bus_id,city,city_code,adapted,agency,line_code,line_url,line_fare,latitude,longitude,bus_speed,is_eletric,bus_type,bus_direction,updated_at
CUR_BI851,Curitiba,4106902,1,,175,,,-25.414478,-49.280533,,False,7,,2023-06-19T08:01:05.662372+00:00
CUR_HA605,Curitiba,4106902,1,,X37,,,-25.55066,-49.329125,,False,4,,2023-06-19T08:11:05.662372+00:00
CUR_KE704,Curitiba,4106902,0,URBS,502,https://moovitapp.com/index/pt-br/transporte_p%C3%BAblico-line-502_CIRCULAR_SUL_HOR%C3%81RIO-Curitiba-942-9628-294482-0,-1.0,-25.466963,-49.254876,,False,5,,2023-06-19T08:01:05.662372+00:00
CUR_DA301,Curitiba,4106902,1,,335,,,-25.458121,-49.24919,,False,3,,2023-06-19T08:01:05.662372+00:00
CUR_HI603,Curitiba,4106902,0,,685,,,-25.57593,-49.330806,,False,4,,2023-06-19T08:06:05.662372+00:00
CUR_JA023,Curitiba,4106902,1,,721,,,-25.499728,-49.34763,,False,1,,2023-06-19T08:11:05.662372+00:00
CUR_HA126,Curitiba,4106902,1,,684,,,-25.586211,-49.32037,,False,1,,2023-06-19T08:09:05.662372+00:00
CUR_HA606,Curitiba,4106902,1,,X37,,,-25.56776,-49.330728,,False,4,,2023-06-19T08:11:05.662372+00:00
CUR_HA004,Curitiba,4106902,1,,684,,,-25.54044,-49.30858,,False,1,,2023-06-19T08:10:05.662372+00:00
CUR_KE703,Curitiba,4106902,0,URBS,503,https://moovitapp.com/index/pt-br/transporte_p%C3%BAblico-line-503_BOQUEIR%C3%83O-Curitiba-942-9628-294244-0,-1.0,-25.481788,-49.247081,,False,5,,2023-06-19T08:10:05.662372+00:00
CUR_BA017,Curitiba,4106902,1,,822,,,-25.43667,-49.323968,,False,1,,2023-06-19T08:09:05.662372+00:00
CUR_KA693,Curitiba,4106902,1,,629,,,-25.467313,-49.256381,,False,4,,2023-06-19T08:10:05.662372+00:00
CUR_HB611,Curitiba,4106902,1,,020,,,-25.482233,-49.246865,,False,4,,2023-06-19T08:09:05.662372+00:00
CUR_BB605,Curitiba,4106902,1,,020,,,-25.435628,-49.307206,,False,4,,2023-06-19T08:10:05.662372+00:00
CUR_JB606,Curitiba,4106902,1,,050,,,-25.477416,-49.3382,,False,4,,2023-06-19T08:11:05.662372+00:00
CUR_HI004,Curitiba,4106902,1,,623,,,-25.54001,-49.308075,,False,1,,2023-06-19T08:10:05.662372+00:00
CUR_GC010,Curitiba,4106902,1,,665,,,-25.533586,-49.29641,,False,1,,2023-06-19T08:11:05.662372+00:00
CUR_EB609,Curitiba,4106902,1,,030,,,-25.500965,-49.23765,,False,4,,2023-06-19T08:09:05.662372+00:00
CUR_JA032,Curitiba,4106902,1,,826,,,-25.441523,-49.346705,,False,1,,2023-06-19T08:00:05.662372+00:00
CUR_DA291,Curitiba,4106902,1,,621,,,-25.491916,-49.293223,,False,1,,2023-06-19T08:08:05.662372+00:00
CUR_HE728,Curitiba,4106902,0,URBS,603,https://moovitapp.com/index/pt-br/transporte_p%C3%BAblico-line-603_PINHEIRINHO_RUI_BARBOSA-Curitiba-942-9628-484781-0,-1.0,-25.513818,-49.295606,,False,5,,2023-06-19T08:10:05.662372+00:00
CUR_HB600,Curitiba,4106902,1,,040,,,-25.441386,-49.345621,,False,4,,2023-06-19T08:11:05.662372+00:00
CUR_GE612,Curitiba,4106902,0,URBS,502,https://moovitapp.com/index/pt-br/transporte_p%C3%BAblico-line-502_CIRCULAR_SUL_HOR%C3%81RIO-Curitiba-942-9628-294482-0,-1.0,-25.535265,-49.2725,,False,4,,2023-06-19T08:11:05.662372+00:00
CUR_GB609,Curitiba,4106902,1,,040,,,-25.513351,-49.330556,,False,4,,2023-06-19T08:10:05.662372+00:00
CUR_BI015,Curitiba,4106902,1,,242,,,-25.352131,-49.253088,,False,1,,2023-06-19T08:10:05.662372+00:00
CUR_GI009,Curitiba,4106902,1,,649,,,-25.535218,-49.272246,,False,1,,2023-06-19T08:11:05.662372+00:00
CUR_BB612,Curitiba,4106902,1,,020,,,-25.467618,-49.25342,,False,4,,2023-06-19T08:10:05.662372+00:00
CUR_MC079,Curitiba,4106902,1,,972,,,-25.419798,-49.294335,,False,1,,2023-06-19T08:05:05.662372+00:00
CUR_HC300,Curitiba,4106902,1,,863,,,-25.4697,-49.28792,,False,10,,2023-06-19T08:07:05.662372+00:00
CUR_JI019,Curitiba,4106902,1,,611,,,-25.449581,-49.363676,,False,1,,2023-06-19T08:11:05.662372+00:00
CUR_HL315,Curitiba,4106902,0,URBS,X35,https://moovitapp.com/index/pt-br/transporte_p%C3%BAblico-line-X35_PINHEIRINHO_PREFEITURA-Curitiba-942-9628-778958-0,-1.0,-25.51424,-49.298963,,False,3,,2023-06-19T08:10:05.662372+00:00
CUR_HI040,Curitiba,4106902,1,,826,,,-25.511648,-49.32622,,False,1,,2023-06-19T08:09:05.662372+00:00
CUR_KA602,Curitiba,4106902,1,,545,,,-25.467625,-49.254681,,False,4,,2023-06-19T08:03:05.662372+00:00
CUR_EA004,Curitiba,4106902,1,,336,,,-25.468618,-49.25581,,False,1,,2023-06-19T08:05:05.662372+00:00
CUR_MI002,Curitiba,4106902,1,,821,,,-25.413981,-49.31046,,False,1,,2023-06-19T08:10:05.662372+00:00
CUR_HA015,Curitiba,4106902,1,,654,,,-25.492431,-49.29232,,False,1,,2023-06-19T08:05:05.662372+00:00
CUR_BB300,Curitiba,4106902,1,,030,,,-25.377295,-49.223976,,False,3,,2023-06-19T08:06:05.662372+00:00
CUR_EA602,Curitiba,4106902,1,,528,,,-25.502783,-49.237001,,False,4,,2023-06-19T08:10:05.662372+00:00
CUR_GE713,Curitiba,4106902,0,URBS,602,https://moovitapp.com/index/pt-br/transporte_p%C3%BAblico-line-602_CIRCULAR_SUL_ANTI_HOR%C3%81RIO-Curitiba-942-9628-294517-0,-1.0,-25.512443,-49.295531,,False,5,,2023-06-19T08:09:05.662372+00:00
CUR_GR126,Curitiba,4106902,1,,040,,,-25.548903,-49.304133,,False,4,,2023-06-19T08:11:05.662372+00:00
CUR_HA124,Curitiba,4106902,1,,652,,,-25.53926,-49.307761,,False,1,,2023-06-19T08:03:05.662372+00:00
CUR_HL316,Curitiba,4106902,0,URBS,607,https://moovitapp.com/index/pt-br/transporte_p%C3%BAblico-line-607_COLOMBO_CIC-Curitiba-942-9628-294348-0,-1.0,-25.5378,-49.30737,,False,3,,2023-06-19T08:07:05.662372+00:00
CUR_CB602,Curitiba,4106902,1,,020,,,-25.494,-49.291665,,False,4,,2023-06-19T08:08:05.662372+00:00
CUR_BA025,Curitiba,4106902,1,,233,,,-25.394931,-49.242668,,False,1,,2023-06-19T08:05:05.662372+00:00
CUR_HA615,Curitiba,4106902,1,,X37,,,-25.535856,-49.314691,,False,4,,2023-06-19T08:09:05.662372+00:00
CUR_HA128,Curitiba,4106902,1,,652,,,-25.531213,-49.324885,,False,1,,2023-06-19T08:10:05.662372+00:00
CUR_BB307,Curitiba,4106902,1,,010,,,-25.415343,-49.28078,,False,10,,2023-06-19T08:10:05.662372+00:00
CUR_CA600,Curitiba,4106902,1,Auto Viação São José,216,https://moovitapp.com/index/pt-br/transporte_p%C3%BAblico-line-216_PIT_PRA%C3%87A_DA_JUVENTUDE_SANTA_F%C3%89_PINDORAMA-Curitiba-942-857412-122004458-0,-1.0,-25.476083,-49.292375,,False,4,,2023-06-19T08:10:05.662372+00:00
CUR_GI603,Curitiba,4106902,1,,545,,,-25.526566,-49.235795,,False,4,,2023-06-19T08:11:05.662372+00:00
CUR_HA194,Curitiba,4106902,1,,654,,,-25.511736,-49.324623,,False,1,,2023-06-19T08:07:05.662372+00:00
CUR_DA013,Curitiba,4106902,1,,338,,,-25.467345,-49.255403,,False,1,,2023-06-19T08:07:05.662372+00:00
CUR_HA603,Curitiba,4106902,1,,646,,,-25.597675,-49.328625,,False,4,,2023-06-19T08:11:05.662372+00:00
CUR_JA034,Curitiba,4106902,1,,714,,,-25.504616,-49.343201,,False,1,,2023-06-19T08:11:05.662372+00:00
CUR_GI026,Curitiba,4106902,1,,639,,,-25.549255,-49.292098,,False,1,,2023-06-19T08:10:05.662372+00:00
CUR_DC092,Curitiba,4106902,1,,468,,,-25.479168,-49.224273,,False,1,,2023-06-19T08:10:05.662372+00:00
CUR_EA021,Curitiba,4106902,1,,521,,,-25.474608,-49.251875,,False,1,,2023-06-19T08:09:05.662372+00:00
CUR_EA199,Curitiba,4106902,1,,532,,,-25.490936,-49.243991,,False,1,,2023-06-19T08:11:05.662372+00:00
CUR_HI851,Curitiba,4106902,1,,265,,,-25.463831,-49.306141,,False,7,,2023-06-19T08:06:05.662372+00:00
CUR_EB605,Curitiba,4106902,1,,050,,,-25.477121,-49.286773,,False,4,,2023-06-19T08:11:05.662372+00:00
CUR_HA699,Curitiba,4106902,1,,X37,,,-25.56098,-49.330335,,False,4,,2023-06-19T08:02:05.662372+00:00
CUR_MA013,Curitiba,4106902,1,,916,,,-25.420268,-49.292833,,False,1,,2023-06-19T08:09:05.662372+00:00
CUR_GE718,Curitiba,4106902,0,URBS,550,https://moovitapp.com/index/pt-br/transporte_p%C3%BAblico-line-550_LIGEIR%C3%83O_PINHEIRINHO_CARLOS_GOMES-Curitiba-942-9628-1254061-0,-1.0,-25.549803,-49.29065,,False,5,,2023-06-19T08:09:05.662372+00:00
CUR_HL310,Curitiba,4106902,0,URBS,607,https://moovitapp.com/index/pt-br/transporte_p%C3%BAblico-line-607_COLOMBO_CIC-Curitiba-942-9628-294348-0,-1.0,-25.511786,-49.325646,,False,3,,2023-06-19T08:10:05.662372+00:00
CUR_EA076,Curitiba,4106902,1,,338,,,-25.471235,-49.25239,,False,1,,2023-06-19T08:10:05.662372+00:00
CUR_HI002,Curitiba,4106902,1,,628,,,-25.492575,-49.294085,,False,1,,2023-06-19T08:09:05.662372+00:00
CUR_HL496,Curitiba,4106902,1,URBS,607,https://moovitapp.com/index/pt-br/transporte_p%C3%BAblico-line-607_COLOMBO_CIC-Curitiba-942-9628-294348-0,-1.0,-25.506328,-49.283601,,False,3,,2023-06-19T08:10:05.662372+00:00
CUR_GI014,Curitiba,4106902,1,,638,,,-25.553343,-49.267095,,False,1,,2023-06-19T08:07:05.662372+00:00
CUR_JB609,Curitiba,4106902,1,,040,,,-25.477025,-49.328136,,False,4,,2023-06-19T08:10:05.662372+00:00
CUR_BB609,Curitiba,4106902,1,,020,,,-25.387391,-49.219858,,False,4,,2023-06-19T08:09:05.662372+00:00
CUR_HA029,Curitiba,4106902,1,,615,,,-25.515776,-49.316281,,False,1,,2023-06-19T08:08:05.662372+00:00
CUR_JI859,Curitiba,4106902,1,,760,,,-25.449026,-49.366385,,False,7,,2023-06-19T08:10:05.662372+00:00
CUR_GB601,Curitiba,4106902,1,,021,,,-25.504988,-49.294098,,False,4,,2023-06-19T08:10:05.662372+00:00
CUR_MB699,Curitiba,4106902,1,,040,,,-25.473256,-49.295575,,False,4,,2023-06-19T08:11:05.662372+00:00
CUR_HA609,Curitiba,4106902,1,,619,,,-25.557588,-49.33169,,False,4,,2023-06-19T08:10:05.662372+00:00
CUR_KI600,Curitiba,4106902,1,,629,,,-25.467225,-49.256208,,False,4,,2023-06-19T08:11:05.662372+00:00
CUR_MB698,Curitiba,4106902,1,,040,,,-25.419761,-49.294218,,False,4,,2023-06-19T08:08:05.662372+00:00
CUR_HA614,Curitiba,4106902,1,,772,,,-25.601148,-49.323948,,False,4,,2023-06-19T08:08:05.662372+00:00
CUR_HI046,Curitiba,4106902,1,,828,,,-25.494356,-49.29194,,False,1,,2023-06-19T08:07:05.662372+00:00
CUR_GI024,Curitiba,4106902,1,,625,,,-25.53794,-49.277976,,False,1,,2023-06-19T08:11:05.662372+00:00
CUR_GE727,Curitiba,4106902,0,URBS,550,https://moovitapp.com/index/pt-br/transporte_p%C3%BAblico-line-550_LIGEIR%C3%83O_PINHEIRINHO_CARLOS_GOMES-Curitiba-942-9628-1254061-0,-1.0,-25.517126,-49.295581,,False,5,,2023-06-19T08:07:05.662372+00:00
CUR_HI036,Curitiba,4106902,1,,658,,,-25.492588,-49.294731,,False,1,,2023-06-19T08:11:05.662372+00:00
CUR_GC003,Curitiba,4106902,1,,542,,,-25.55056,-49.290891,,False,1,,2023-06-19T08:11:05.662372+00:00
CUR_BE715,Curitiba,4106902,0,URBS,203,https://moovitapp.com/index/pt-br/transporte_p%C3%BAblico-line-203_SANTA_C%C3%82NDIDA_CAP%C3%83O_RASO-Curitiba-942-9628-1323737-0,-1.0,-25.37689,-49.223835,,False,5,,2023-06-19T08:11:05.662372+00:00
CUR_XY043,Curitiba,4106902,0,,021,,,-25.4915,-49.29249,,False,3,,2023-06-19T08:06:05.662372+00:00
CUR_HB300,Curitiba,4106902,1,,619,,,-25.535571,-49.316378,,False,3,,2023-06-19T08:10:05.662372+00:00
CUR_HI613,Curitiba,4106902,1,,684,,,-25.582376,-49.339355,,False,4,,2023-06-19T08:10:05.662372+00:00
CUR_GI019,Curitiba,4106902,1,,643,,,-25.568825,-49.283358,,False,1,,2023-06-19T08:09:05.662372+00:00
CUR_GE710,Curitiba,4106902,0,URBS,500,https://moovitapp.com/index/pt-br/transporte_p%C3%BAblico-line-500_LIGEIR%C3%83O_BOQUEIR%C3%83O-Curitiba-942-9628-294422-0,-1.0,-25.549688,-49.290743,,False,5,,2023-06-19T08:11:05.662372+00:00
CUR_HI001,Curitiba,4106902,1,,628,,,-25.552456,-49.335136,,False,1,,2023-06-19T08:10:05.662372+00:00
CUR_GC012,Curitiba,4106902,1,,338,,,-25.486598,-49.265725,,False,1,,2023-06-19T08:01:05.662372+00:00
CUR_GI027,Curitiba,4106902,1,,631,,,-25.55027,-49.292845,,False,1,,2023-06-19T08:11:05.662372+00:00
CUR_HI299,Curitiba,4106902,1,,653,,,-25.498768,-49.352343,,False,1,,2023-06-19T08:09:05.662372+00:00
CUR_JC306,Curitiba,4106902,1,,778,,,-25.449281,-49.365881,,False,3,,2023-06-19T08:11:05.662372+00:00
CUR_HL498,Curitiba,4106902,1,URBS,607,https://moovitapp.com/index/pt-br/transporte_p%C3%BAblico-line-607_COLOMBO_CIC-Curitiba-942-9628-294348-0,-1.0,-25.514666,-49.328943,,False,3,,2023-06-19T08:10:05.662372+00:00
CUR_EB604,Curitiba,4106902,1,,020,,,-25.46845,-49.256031,,False,4,,2023-06-19T08:10:05.662372+00:00
CUR_HA310,Curitiba,4106902,1,,772,,,-25.621471,-49.366143,,False,3,,2023-06-19T08:09:05.662372+00:00
CUR_HA191,Curitiba,4106902,1,,612,,,-25.517723,-49.335233,,False,1,,2023-06-19T08:11:05.662372+00:00
CUR_BB613,Curitiba,4106902,1,,020,,,-25.436881,-49.219003,,False,4,,2023-06-19T08:10:05.662372+00:00
CUR_JL315,Curitiba,4106902,0,URBS,702,https://moovitapp.com/index/pt-br/transporte_p%C3%BAblico-line-702_CAIU%C3%81_CACHOEIRA-Curitiba-942-9628-133282980-0,-1.0,-25.409085,-49.36487,,False,3,,2023-06-19T08:09:05.662372+00:00
CUR_JA031,Curitiba,4106902,1,,712,,,-25.449258,-49.365851,,False,1,2,2023-06-19T08:11:05.662372+00:00
CUR_HL307,Curitiba,4106902,0,URBS,700,https://moovitapp.com/index/pt-br/transporte_p%C3%BAblico-line-700_PINHEIRINHO_CABRAL-Curitiba-942-9628-757429-0,-1.0,-25.531706,-49.321723,,False,3,,2023-06-19T08:10:05.662372+00:00
CUR_GI030,Curitiba,4106902,1,,541,,,-25.540558,-49.290716,,False,1,,2023-06-19T08:10:05.662372+00:00
CUR_JI003,Curitiba,4106902,1,,711,,,-25.4635,-49.357171,,False,1,,2023-06-19T08:10:05.662372+00:00
CUR_BA028,Curitiba,4106902,1,,232,,,-25.374801,-49.223285,,False,1,,2023-06-19T08:11:05.662372+00:00
CUR_HI850,Curitiba,4106902,1,,600,,,-25.529306,-49.300803,,False,7,,2023-06-19T08:11:05.662372+00:00
CUR_JC316,Curitiba,4106902,1,,701,,,-25.483826,-49.350196,,False,3,,2023-06-19T08:09:05.662372+00:00
CUR_JI001,Curitiba,4106902,1,,777,,,-25.461533,-49.33751,,False,1,,2023-06-19T08:11:05.662372+00:00
CUR_BB615,Curitiba,4106902,1,,021,,,-25.38177,-49.231131,,False,4,,2023-06-19T08:11:05.662372+00:00
CUR_HI045,Curitiba,4106902,1,,612,,,-25.4762,-49.292461,,False,1,,2023-06-19T08:07:05.662372+00:00
CUR_GC006,Curitiba,4106902,1,,513,,,-25.534013,-49.26637,,False,1,,2023-06-19T08:11:05.662372+00:00
CUR_GD342,Curitiba,4106902,0,URBS,203,https://moovitapp.com/index/pt-br/transporte_p%C3%BAblico-line-203_SANTA_C%C3%82NDIDA_CAP%C3%83O_RASO-Curitiba-942-9628-1323737-0,-1.0,-25.491686,-49.293518,,False,5,,2023-06-19T08:09:05.662372+00:00
CUR_JB607,Curitiba,4106902,1,,040,,,-25.479466,-49.341265,,False,4,,2023-06-19T08:10:05.662372+00:00
CUR_EA027,Curitiba,4106902,1,,X06,,,-25.546183,-49.262936,,False,1,1,2023-06-19T08:11:05.662372+00:00
CUR_DA293,Curitiba,4106902,1,,621,,,-25.467115,-49.254323,,False,1,,2023-06-19T08:10:05.662372+00:00
CUR_GB603,Curitiba,4106902,1,,040,,,-25.445573,-49.354308,,False,4,,2023-06-19T08:09:05.662372+00:00
CUR_HA130,Curitiba,4106902,1,,826,,,-25.489045,-49.345478,,False,1,,2023-06-19T08:11:05.662372+00:00
CUR_GI039,Curitiba,4106902,1,,633,,,-25.534578,-49.268715,,False,1,,2023-06-19T08:07:05.662372+00:00
CUR_HE729,Curitiba,4106902,0,URBS,603,https://moovitapp.com/index/pt-br/transporte_p%C3%BAblico-line-603_PINHEIRINHO_RUI_BARBOSA-Curitiba-942-9628-484781-0,-1.0,-25.514116,-49.295601,,False,5,,2023-06-19T08:09:05.662372+00:00
CUR_MC300,Curitiba,4106902,1,,901,,,-25.419638,-49.294006,,False,3,,2023-06-19T08:09:05.662372+00:00
CUR_GR123,Curitiba,4106902,1,,040,,,-25.48397,-49.34765,,False,4,,2023-06-19T08:11:05.662372+00:00
CUR_HA005,Curitiba,4106902,1,,655,,,-25.556116,-49.33271,,False,1,,2023-06-19T08:11:05.662372+00:00
CUR_HB695,Curitiba,4106902,1,,060,,,-25.463578,-49.357463,,False,4,,2023-06-19T08:11:05.662372+00:00
CUR_GR034,Curitiba,4106902,0,URBS,602,https://moovitapp.com/index/pt-br/transporte_p%C3%BAblico-line-602_CIRCULAR_SUL_ANTI_HOR%C3%81RIO-Curitiba-942-9628-294517-0,-1.0,-25.53498,-49.270921,,False,4,,2023-06-19T08:10:05.662372+00:00
CUR_HC002,Curitiba,4106902,1,,646,,,-25.585896,-49.319403,,False,1,,2023-06-19T08:08:05.662372+00:00
CUR_HI009,Curitiba,4106902,1,,680,,,-25.575845,-49.330743,,False,1,,2023-06-19T08:10:05.662372+00:00
CUR_CB604,Curitiba,4106902,1,,021,,,-25.433481,-49.304081,,False,4,,2023-06-19T08:11:05.662372+00:00
CUR_KI601,Curitiba,4106902,1,,629,,,-25.537933,-49.241856,,False,4,,2023-06-19T08:11:05.662372+00:00
CUR_EA025,Curitiba,4106902,1,,335,,,-25.516706,-49.230638,,False,1,,2023-06-19T08:06:05.662372+00:00
CUR_MA012,Curitiba,4106902,1,,917,,,-25.395575,-49.33519,,False,1,,2023-06-19T08:09:05.662372+00:00
CUR_BB620,Curitiba,4106902,1,,020,,,-25.403043,-49.205583,,False,4,,2023-06-19T08:09:05.662372+00:00
CUR_GB602,Curitiba,4106902,1,,021,,,-25.504776,-49.282525,,False,4,,2023-06-19T08:11:05.662372+00:00
CUR_HA193,Curitiba,4106902,1,,826,,,-25.516806,-49.326073,,False,1,,2023-06-19T08:10:05.662372+00:00
CUR_GC015,Curitiba,4106902,1,,642,,,-25.547986,-49.289666,,False,1,,2023-06-19T08:10:05.662372+00:00
CUR_GE613,Curitiba,4106902,0,URBS,503,https://moovitapp.com/index/pt-br/transporte_p%C3%BAblico-line-503_BOQUEIR%C3%83O-Curitiba-942-9628-294244-0,-1.0,-25.521591,-49.228281,,False,4,,2023-06-19T08:10:05.662372+00:00
CUR_EA002,Curitiba,4106902,1,Auto Viação São José,531,https://moovitapp.com/index/pt-br/transporte_p%C3%BAblico-line-531_BAIRRO_A_BAIRRO_1-Curitiba-942-857412-1570571-0,-1.0,-25.468486,-49.255601,,False,1,,2023-06-19T08:08:05.662372+00:00
CUR_HE711,Curitiba,4106902,0,URBS,203,https://moovitapp.com/index/pt-br/transporte_p%C3%BAblico-line-203_SANTA_C%C3%82NDIDA_CAP%C3%83O_RASO-Curitiba-942-9628-1323737-0,-1.0,-25.513643,-49.301805,,False,5,,2023-06-19T08:11:05.662372+00:00
CUR_JI600,Curitiba,4106902,1,,545,,,-25.48302,-49.348755,,False,4,,2023-06-19T08:11:05.662372+00:00
CUR_GI004,Curitiba,4106902,1,,553,,,-25.517235,-49.29558,,False,1,1,2023-06-19T08:11:05.662372+00:00
CUR_JA037,Curitiba,4106902,1,,860,,,-25.463981,-49.347203,,False,1,,2023-06-19T08:10:05.662372+00:00
CUR_JA699,Curitiba,4106902,1,,703,,,-25.4838,-49.349973,,False,4,,2023-06-19T08:10:05.662372+00:00
CUR_BI025,Curitiba,4106902,1,,916,,,-25.369641,-49.322871,,False,1,,2023-06-19T08:11:05.662372+00:00
CUR_BI030,Curitiba,4106902,1,,812,,,-25.40894,-49.360731,,False,1,,2023-06-19T08:06:05.662372+00:00
CUR_HE717,Curitiba,4106902,0,URBS,603,https://moovitapp.com/index/pt-br/transporte_p%C3%BAblico-line-603_PINHEIRINHO_RUI_BARBOSA-Curitiba-942-9628-484781-0,-1.0,-25.512981,-49.294306,,False,5,,2023-06-19T08:11:05.662372+00:00
CUR_DE711,Curitiba,4106902,0,URBS,303,https://moovitapp.com/index/pt-br/transporte_p%C3%BAblico-line-303_CENTEN%C3%81RIO_CAMPO_COMPRIDO-Curitiba-942-9628-531689-0,-1.0,-25.46948,-49.253138,,False,5,,2023-06-19T08:10:05.662372+00:00
CUR_KB605,Curitiba,4106902,1,,030,,,-25.451495,-49.214971,,False,4,,2023-06-19T08:11:05.662372+00:00
CUR_GE610,Curitiba,4106902,0,URBS,502,https://moovitapp.com/index/pt-br/transporte_p%C3%BAblico-line-502_CIRCULAR_SUL_HOR%C3%81RIO-Curitiba-942-9628-294482-0,-1.0,-25.534795,-49.270296,,False,4,,2023-06-19T08:07:05.662372+00:00
CUR_DN602,Curitiba,4106902,1,,463,,,-25.467225,-49.252771,,False,7,,2023-06-19T08:11:05.662372+00:00
CUR_DN606,Curitiba,4106902,0,,308,,,-25.46856,-49.254475,,False,7,,2023-06-19T08:11:05.662372+00:00
CUR_HE723,Curitiba,4106902,0,URBS,603,https://moovitapp.com/index/pt-br/transporte_p%C3%BAblico-line-603_PINHEIRINHO_RUI_BARBOSA-Curitiba-942-9628-484781-0,-1.0,-25.437018,-49.273263,,False,5,,2023-06-19T08:09:05.662372+00:00
CUR_KI002,Curitiba,4106902,1,,472,,,-25.474153,-49.232573,,False,1,,2023-06-19T08:10:05.662372+00:00
CUR_KE701,Curitiba,4106902,0,URBS,502,https://moovitapp.com/index/pt-br/transporte_p%C3%BAblico-line-502_CIRCULAR_SUL_HOR%C3%81RIO-Curitiba-942-9628-294482-0,-1.0,-25.510175,-49.233258,,False,5,,2023-06-19T08:10:05.662372+00:00
CUR_EI014,Curitiba,4106902,1,,533,,,-25.468431,-49.256045,,False,1,,2023-06-19T08:11:05.662372+00:00
CUR_GI023,Curitiba,4106902,1,,624,,,-25.526133,-49.267781,,False,1,,2023-06-19T08:11:05.662372+00:00
CUR_KB606,Curitiba,4106902,1,,030,,,-25.479998,-49.248161,,False,4,,2023-06-19T08:10:05.662372+00:00
CUR_EI007,Curitiba,4106902,1,,522,,,-25.491301,-49.242646,,False,1,,2023-06-19T08:10:05.662372+00:00
CUR_HI006,Curitiba,4106902,1,,627,,,-25.540406,-49.3084,,False,1,,2023-06-19T08:11:05.662372+00:00
CUR_KB607,Curitiba,4106902,1,,021,,,-25.48155,-49.246935,,False,4,,2023-06-19T08:08:05.662372+00:00
CUR_HE724,Curitiba,4106902,0,URBS,603,https://moovitapp.com/index/pt-br/transporte_p%C3%BAblico-line-603_PINHEIRINHO_RUI_BARBOSA-Curitiba-942-9628-484781-0,-1.0,-25.512843,-49.295681,,False,5,,2023-06-19T08:08:05.662372+00:00
CUR_HI033,Curitiba,4106902,1,,680,,,-25.576031,-49.331,,False,1,,2023-06-19T08:08:05.662372+00:00
CUR_HI048,Curitiba,4106902,1,,622,,,-25.509858,-49.334138,,False,1,,2023-06-19T08:11:05.662372+00:00
CUR_GI018,Curitiba,4106902,1,,625,,,-25.518028,-49.292276,,False,1,,2023-06-19T08:06:05.662372+00:00
CUR_EI002,Curitiba,4106902,1,,523,,,-25.505603,-49.22132,,False,1,1,2023-06-19T08:11:05.662372+00:00
CUR_DA292,Curitiba,4106902,1,,513,,,-25.471208,-49.252303,,False,1,,2023-06-19T08:11:05.662372+00:00
CUR_HB606,Curitiba,4106902,1,,021,,,-25.434163,-49.308835,,False,4,,2023-06-19T08:03:05.662372+00:00
CUR_HI028,Curitiba,4106902,1,,617,,,-25.576015,-49.331021,,False,1,,2023-06-19T08:08:05.662372+00:00
CUR_BE729,Curitiba,4106902,0,URBS,203,https://moovitapp.com/index/pt-br/transporte_p%C3%BAblico-line-203_SANTA_C%C3%82NDIDA_CAP%C3%83O_RASO-Curitiba-942-9628-1323737-0,-1.0,-25.392561,-49.239633,,False,5,,2023-06-19T08:09:05.662372+00:00
CUR_GI855,Curitiba,4106902,1,,661,,,-25.527196,-49.291061,,False,7,,2023-06-19T08:10:05.662372+00:00
CUR_GB612,Curitiba,4106902,1,,030,,,-25.491458,-49.292098,,False,4,,2023-06-19T08:07:05.662372+00:00
CUR_DE702,Curitiba,4106902,0,URBS,303,https://moovitapp.com/index/pt-br/transporte_p%C3%BAblico-line-303_CENTEN%C3%81RIO_CAMPO_COMPRIDO-Curitiba-942-9628-531689-0,-1.0,-25.446828,-49.234711,,False,5,,2023-06-19T08:08:05.662372+00:00
CUR_MI856,Curitiba,4106902,1,,913,,,-25.401248,-49.329918,,False,7,,2023-06-19T08:09:05.662372+00:00
CUR_HE722,Curitiba,4106902,0,URBS,603,https://moovitapp.com/index/pt-br/transporte_p%C3%BAblico-line-603_PINHEIRINHO_RUI_BARBOSA-Curitiba-942-9628-484781-0,-1.0,-25.51216,-49.295616,,False,5,,2023-06-19T08:10:05.662372+00:00
CUR_MI854,Curitiba,4106902,1,,911,,,-25.382846,-49.367193,,False,7,,2023-06-19T08:09:05.662372+00:00
CUR_MA949,Curitiba,4106902,1,,967,,,-25.419825,-49.293995,,False,7,,2023-06-19T08:09:05.662372+00:00
CUR_HI049,Curitiba,4106902,1,,658,,,-25.53419,-49.31656,,False,1,,2023-06-19T08:10:05.662372+00:00
CUR_GE614,Curitiba,4106902,0,URBS,503,https://moovitapp.com/index/pt-br/transporte_p%C3%BAblico-line-503_BOQUEIR%C3%83O-Curitiba-942-9628-294244-0,-1.0,-25.538698,-49.28024,,False,4,,2023-06-19T08:11:05.662372+00:00
CUR_HI021,Curitiba,4106902,1,,646,,,-25.538616,-49.307953,,False,1,,2023-06-19T08:03:05.662372+00:00
CUR_HB607,Curitiba,4106902,1,,060,,,-25.483661,-49.348998,,False,4,,2023-06-19T08:09:05.662372+00:00
CUR_HI020,Curitiba,4106902,1,,617,,,-25.574921,-49.330476,,False,1,,2023-06-19T08:08:05.662372+00:00
CUR_HI854,Curitiba,4106902,1,,673,,,-25.49006,-49.321415,,False,7,,2023-06-19T08:10:05.662372+00:00
CUR_MN608,Curitiba,4106902,1,,915,,,-25.419915,-49.294306,,False,7,,2023-06-19T08:10:05.662372+00:00
CUR_HI015,Curitiba,4106902,1,,681,,,-25.538685,-49.307916,,False,1,,2023-06-19T08:07:05.662372+00:00
CUR_GI858,Curitiba,4106902,1,,616,,,-25.540305,-49.302225,,False,7,,2023-06-19T08:11:05.662372+00:00
CUR_HI043,Curitiba,4106902,1,,630,,,-25.543861,-49.33473,,False,1,,2023-06-19T08:06:05.662372+00:00
CUR_CB603,Curitiba,4106902,1,,020,,,-25.406413,-49.252388,,False,4,,2023-06-19T08:08:05.662372+00:00
CUR_BI011,Curitiba,4106902,1,,236,,,-25.35944,-49.250561,,False,1,,2023-06-19T08:07:05.662372+00:00
CUR_BB611,Curitiba,4106902,1,,030,,,-25.403083,-49.205575,,False,4,,2023-06-19T08:11:05.662372+00:00
CUR_HI022,Curitiba,4106902,1,,773,,,-25.567518,-49.338988,,False,1,,2023-06-19T08:10:05.662372+00:00
CUR_HI860,Curitiba,4106902,1,,674,,,-25.506375,-49.324066,,False,7,,2023-06-19T08:04:05.662372+00:00
CUR_DA296,Curitiba,4106902,1,,332,,,-25.468673,-49.254836,,False,1,,2023-06-19T08:10:05.662372+00:00
CUR_HA016,Curitiba,4106902,1,,630,,,-25.543728,-49.331593,,False,1,,2023-06-19T08:10:05.662372+00:00
CUR_DC293,Curitiba,4106902,1,,338,,,-25.478431,-49.244526,,False,1,,2023-06-19T08:11:05.662372+00:00
CUR_JI020,Curitiba,4106902,1,,828,,,-25.477108,-49.335856,,False,1,,2023-06-19T08:11:05.662372+00:00
CUR_JI860,Curitiba,4106902,1,,761,,,-25.4493,-49.366055,,False,7,,2023-06-19T08:10:05.662372+00:00
CUR_BE727,Curitiba,4106902,0,URBS,203,https://moovitapp.com/index/pt-br/transporte_p%C3%BAblico-line-203_SANTA_C%C3%82NDIDA_CAP%C3%83O_RASO-Curitiba-942-9628-1323737-0,-1.0,-25.489556,-49.294065,,False,5,,2023-06-19T08:08:05.662372+00:00
CUR_BB308,Curitiba,4106902,1,,011,,,-25.414481,-49.281086,,False,10,,2023-06-19T08:10:05.662372+00:00
CUR_BA032,Curitiba,4106902,1,,233,,,-25.377028,-49.22399,,False,1,,2023-06-19T08:10:05.662372+00:00
CUR_EI006,Curitiba,4106902,1,,X07,,,-25.551311,-49.253995,,False,1,,2023-06-19T08:09:05.662372+00:00
CUR_HL329,Curitiba,4106902,1,URBS,607,https://moovitapp.com/index/pt-br/transporte_p%C3%BAblico-line-607_COLOMBO_CIC-Curitiba-942-9628-294348-0,-1.0,-25.388981,-49.201681,,False,3,,2023-06-19T08:11:05.662372+00:00
CUR_JI299,Curitiba,4106902,1,,823,,,-25.44936,-49.366325,,False,1,,2023-06-19T08:11:05.662372+00:00
CUR_EB608,Curitiba,4106902,1,,050,,,-25.4474,-49.23483,,False,4,,2023-06-19T08:10:05.662372+00:00
CUR_HA031,Curitiba,4106902,1,,680,,,-25.574946,-49.33031,,False,1,,2023-06-19T08:06:05.662372+00:00
CUR_EB603,Curitiba,4106902,1,,021,,,-25.406976,-49.252745,,False,4,,2023-06-19T08:04:05.662372+00:00
CUR_BB604,Curitiba,4106902,1,,021,,,-25.427985,-49.21442,,False,4,,2023-06-19T08:09:05.662372+00:00
CUR_HI027,Curitiba,4106902,1,,630,,,-25.53646,-49.314108,,False,1,,2023-06-19T08:11:05.662372+00:00
CUR_HA288,Curitiba,4106902,1,,646,,,-25.534681,-49.317038,,False,1,,2023-06-19T08:09:05.662372+00:00
CUR_BI020,Curitiba,4106902,1,,242,,,-25.394821,-49.24252,,False,1,,2023-06-19T08:03:05.662372+00:00
CUR_MB605,Curitiba,4106902,1,,040,,,-25.400565,-49.33064,,False,4,,2023-06-19T08:10:05.662372+00:00
CUR_GI859,Curitiba,4106902,1,,689,,,-25.450216,-49.290796,,False,7,,2023-06-19T07:59:05.662372+00:00
CUR_BI021,Curitiba,4106902,1,,226,,,-25.37118,-49.245976,,False,1,,2023-06-19T08:06:05.662372+00:00
CUR_BI002,Curitiba,4106902,1,Auto Viação São José,211,https://moovitapp.com/index/pt-br/transporte_p%C3%BAblico-line-211_PIT_PRA%C3%87A_DA_JUVENTUDE_IZAURA_IP%C3%8A-Curitiba-942-857412-73553392-0,-1.0,-25.394693,-49.241863,,False,1,,2023-06-19T08:10:05.662372+00:00
CUR_BA036,Curitiba,4106902,1,,924,,,-25.394991,-49.243055,,False,1,,2023-06-19T08:03:05.662372+00:00
CUR_BI900,Curitiba,4106902,1,Auto Viação São José,209,https://moovitapp.com/index/pt-br/transporte_p%C3%BAblico-line-209_PIT_PRA%C3%87A_DA_JUVENTUDE_BLANCO_POMBO-Curitiba-942-857412-67079270-0,-1.0,-25.388416,-49.235845,,False,7,,2023-06-19T08:09:05.662372+00:00
CUR_BE717,Curitiba,4106902,0,URBS,203,https://moovitapp.com/index/pt-br/transporte_p%C3%BAblico-line-203_SANTA_C%C3%82NDIDA_CAP%C3%83O_RASO-Curitiba-942-9628-1323737-0,-1.0,-25.377065,-49.223406,,False,5,,2023-06-19T08:10:05.662372+00:00
CUR_MC304,Curitiba,4106902,1,,901,,,-25.419593,-49.293888,,False,3,2,2023-06-19T08:12:05.662372+00:00
CUR_EI015,Curitiba,4106902,1,,511,,,-25.51689,-49.230831,,False,1,1,2023-06-19T08:11:05.662372+00:00
CUR_HI023,Curitiba,4106902,1,,619,,,-25.548396,-49.324023,,False,1,1,2023-06-19T08:11:05.662372+00:00
CUR_HA600,Curitiba,4106902,1,,619,,,-25.54007,-49.308486,,False,4,1,2023-06-19T08:11:05.662372+00:00
CUR_BA602,Curitiba,4106902,1,Auto Viação São José,216,https://moovitapp.com/index/pt-br/transporte_p%C3%BAblico-line-216_PIT_PRA%C3%87A_DA_JUVENTUDE_SANTA_F%C3%89_PINDORAMA-Curitiba-942-857412-122004458-0,-1.0,-25.395178,-49.242776,,False,4,1,2023-06-19T08:11:05.662372+00:00
CUR_HA607,Curitiba,4106902,1,Auto Viação São José,216,https://moovitapp.com/index/pt-br/transporte_p%C3%BAblico-line-216_PIT_PRA%C3%87A_DA_JUVENTUDE_SANTA_F%C3%89_PINDORAMA-Curitiba-942-857412-122004458-0,-1.0,-25.538463,-49.307533,,False,4,2,2023-06-19T08:11:05.662372+00:00
CUR_JB611,Curitiba,4106902,1,,040,,,-25.449108,-49.367091,,False,4,1,2023-06-19T08:11:05.662372+00:00
CUR_HB694,Curitiba,4106902,1,,040,,,-25.538055,-49.307465,,False,4,2,2023-06-19T08:11:05.662372+00:00
CUR_HB699,Curitiba,4106902,1,,040,,,-25.539483,-49.308611,,False,4,1,2023-06-19T08:11:05.662372+00:00
CUR_HB602,Curitiba,4106902,1,,040,,,-25.537995,-49.307485,,False,4,2,2023-06-19T08:11:05.662372+00:00
CUR_HB609,Curitiba,4106902,1,,040,,,-25.537943,-49.307306,,False,4,1,2023-06-19T08:11:05.662372+00:00
CUR_BB601,Curitiba,4106902,1,,020,,,-25.444828,-49.305065,,False,4,,2023-06-19T08:11:05.662372+00:00
CUR_HA021,Curitiba,4106902,1,,772,,,-25.539065,-49.3079,,False,1,1,2023-06-19T08:11:05.662372+00:00
CUR_HI606,Curitiba,4106902,1,,772,,,-25.538676,-49.307456,,False,4,1,2023-06-19T08:11:05.662372+00:00
CUR_HA311,Curitiba,4106902,1,,772,,,-25.597363,-49.323656,,False,3,1,2023-06-19T08:11:05.662372+00:00
CUR_HA616,Curitiba,4106902,1,,772,,,-25.538891,-49.307338,,False,4,1,2023-06-19T08:11:05.662372+00:00
CUR_DN601,Curitiba,4106902,1,,463,,,-25.452103,-49.229143,,False,7,1,2023-06-19T08:11:05.662372+00:00
CUR_CI007,Curitiba,4106902,1,,222,,,-25.388323,-49.209548,,False,1,1,2023-06-19T08:12:05.662372+00:00
CUR_DA023,Curitiba,4106902,1,,336,,,-25.467205,-49.255376,,False,1,2,2023-06-19T08:11:05.662372+00:00
CUR_GI015,Curitiba,4106902,1,,541,,,-25.549596,-49.292106,,False,1,2,2023-06-19T08:11:05.662372+00:00
CUR_GI040,Curitiba,4106902,1,,541,,,-25.548758,-49.29229,,False,1,1,2023-06-19T08:09:05.662372+00:00
CUR_GC017,Curitiba,4106902,1,,541,,,-25.548401,-49.29143,,False,1,2,2023-06-19T08:11:05.662372+00:00
CUR_GI033,Curitiba,4106902,1,,541,,,-25.54897,-49.292285,,False,1,2,2023-06-19T08:11:05.662372+00:00
CUR_BB602,Curitiba,4106902,1,,030,,,-25.398825,-49.21312,,False,4,2,2023-06-19T08:11:05.662372+00:00
CUR_KB696,Curitiba,4106902,0,,030,,,-25.467281,-49.254651,,False,4,2,2023-06-19T08:11:05.662372+00:00
CUR_GB610,Curitiba,4106902,1,,030,,,-25.549253,-49.291313,,False,4,2,2023-06-19T08:11:05.662372+00:00
CUR_GB605,Curitiba,4106902,1,,030,,,-25.549411,-49.291201,,False,4,1,2023-06-19T08:11:05.662372+00:00
CUR_GB606,Curitiba,4106902,1,,030,,,-25.549383,-49.291235,,False,4,1,2023-06-19T08:11:05.662372+00:00
CUR_BB608,Curitiba,4106902,1,,030,,,-25.406126,-49.252068,,False,4,1,2023-06-19T08:11:05.662372+00:00
CUR_CB601,Curitiba,4106902,1,,030,,,-25.380933,-49.186276,,False,4,1,2023-06-19T08:11:05.662372+00:00
CUR_EB600,Curitiba,4106902,1,,021,,,-25.386723,-49.282591,,False,4,,2023-06-19T08:11:05.662372+00:00
CUR_KB697,Curitiba,4106902,0,,021,,,-25.492515,-49.291435,,False,4,,2023-06-19T08:11:05.662372+00:00
CUR_BB600,Curitiba,4106902,1,,021,,,-25.431088,-49.203716,,False,4,,2023-06-19T08:11:05.662372+00:00
CUR_GC011,Curitiba,4106902,1,,338,,,-25.548683,-49.291361,,False,1,2,2023-06-19T08:11:05.662372+00:00
CUR_DC086,Curitiba,4106902,1,,338,,,-25.451973,-49.214928,,False,1,1,2023-06-19T08:11:05.662372+00:00
CUR_EA005,Curitiba,4106902,1,,X07,,,-25.468895,-49.255623,,False,1,1,2023-06-19T08:11:05.662372+00:00
CUR_BI019,Curitiba,4106902,1,,231,,,-25.393938,-49.242271,,False,1,2,2023-06-19T08:11:05.662372+00:00
CUR_GI057,Curitiba,4106902,1,,638,,,-25.548133,-49.292115,,False,1,1,2023-06-19T08:11:05.662372+00:00
CUR_JE704,Curitiba,4106902,0,URBS,303,https://moovitapp.com/index/pt-br/transporte_p%C3%BAblico-line-303_CENTEN%C3%81RIO_CAMPO_COMPRIDO-Curitiba-942-9628-531689-0,-1.0,-25.449013,-49.366668,,False,5,2,2023-06-19T08:08:05.662372+00:00
CUR_KE700,Curitiba,4106902,0,URBS,503,https://moovitapp.com/index/pt-br/transporte_p%C3%BAblico-line-503_BOQUEIR%C3%83O-Curitiba-942-9628-294244-0,-1.0,-25.467023,-49.254818,,False,5,1,2023-06-19T08:11:05.662372+00:00
CUR_KE702,Curitiba,4106902,0,URBS,503,https://moovitapp.com/index/pt-br/transporte_p%C3%BAblico-line-503_BOQUEIR%C3%83O-Curitiba-942-9628-294244-0,-1.0,-25.466973,-49.254835,,False,5,1,2023-06-19T08:11:05.662372+00:00
CUR_HI042,Curitiba,4106902,1,,654,,,-25.539448,-49.307683,,False,1,2,2023-06-19T08:11:05.662372+00:00
CUR_HI041,Curitiba,4106902,1,,654,,,-25.497118,-49.317981,,False,1,1,2023-06-19T08:11:05.662372+00:00
CUR_HI861,Curitiba,4106902,1,,809,,,-25.520348,-49.328616,,False,7,1,2023-06-19T08:11:05.662372+00:00
CUR_GI038,Curitiba,4106902,1,,633,,,-25.548835,-49.292245,,False,1,1,2023-06-19T08:11:05.662372+00:00
CUR_GC018,Curitiba,4106902,1,,633,,,-25.5337,-49.296361,,False,1,1,2023-06-19T08:11:05.662372+00:00
CUR_KA600,Curitiba,4106902,1,,545,,,-25.467603,-49.254688,,False,4,1,2023-06-19T08:11:05.662372+00:00
CUR_GI600,Curitiba,4106902,1,,545,,,-25.54872,-49.291466,,False,4,2,2023-06-19T08:11:05.662372+00:00
CUR_GA002,Curitiba,4106902,1,,631,,,-25.548165,-49.29191,,False,1,,2023-06-19T08:11:05.662372+00:00
CUR_HI032,Curitiba,4106902,1,,630,,,-25.557745,-49.331623,,False,1,1,2023-06-19T08:11:05.662372+00:00
CUR_BI029,Curitiba,4106902,1,,827,,,-25.414491,-49.260096,,False,1,1,2023-06-19T08:11:05.662372+00:00
CUR_HI611,Curitiba,4106902,1,,684,,,-25.539141,-49.307466,,False,4,2,2023-06-19T08:11:05.662372+00:00
CUR_HA613,Curitiba,4106902,1,,684,,,-25.53901,-49.307493,,False,4,1,2023-06-19T08:11:05.662372+00:00
CUR_HR407,Curitiba,4106902,1,,684,,,-25.538623,-49.30765,,False,4,1,2023-06-19T08:11:05.662372+00:00
CUR_HR408,Curitiba,4106902,1,,684,,,-25.538901,-49.307563,,False,4,1,2023-06-19T08:11:05.662372+00:00
CUR_HI605,Curitiba,4106902,1,,685,,,-25.602283,-49.322508,,False,4,,2023-06-19T08:09:05.662372+00:00
CUR_BI891,Curitiba,4106902,1,,244,,,-25.434823,-49.3072,,False,7,1,2023-06-19T08:11:05.662372+00:00
CUR_EI016,Curitiba,4106902,1,,532,,,-25.535936,-49.238855,,False,1,1,2023-06-19T08:11:05.662372+00:00
CUR_HI025,Curitiba,4106902,1,,655,,,-25.55422,-49.305885,,False,1,1,2023-06-19T08:11:05.662372+00:00
CUR_BI012,Curitiba,4106902,1,,342,,,-25.402945,-49.200466,,False,1,2,2023-06-19T08:11:05.662372+00:00
CUR_BI018,Curitiba,4106902,1,,232,,,-25.359566,-49.231741,,False,1,1,2023-06-19T08:11:05.662372+00:00
CUR_DA298,Curitiba,4106902,1,,332,,,-25.492576,-49.207708,,False,1,,2023-06-19T08:11:05.662372+00:00
CUR_HI034,Curitiba,4106902,1,,628,,,-25.539138,-49.307781,,False,1,1,2023-06-19T08:11:05.662372+00:00
CUR_HI044,Curitiba,4106902,1,,628,,,-25.538885,-49.307958,,False,1,1,2023-06-19T08:11:05.662372+00:00
CUR_EA075,Curitiba,4106902,1,,323,,,-25.46847,-49.255981,,False,1,,2023-06-19T08:11:05.662372+00:00
CUR_JI023,Curitiba,4106902,1,,721,,,-25.449271,-49.365643,,False,1,1,2023-06-19T08:11:05.662372+00:00
CUR_JA024,Curitiba,4106902,1,,721,,,-25.449208,-49.366283,,False,1,1,2023-06-19T08:12:05.662372+00:00
CUR_GI049,Curitiba,4106902,1,,642,,,-25.504595,-49.288353,,False,1,1,2023-06-19T08:11:05.662372+00:00
CUR_BI024,Curitiba,4106902,1,,341,,,-25.376831,-49.22389,,False,1,2,2023-06-19T08:11:05.662372+00:00
CUR_CI004,Curitiba,4106902,1,,341,,,-25.409855,-49.202425,,False,1,1,2023-06-19T08:11:05.662372+00:00
CUR_DA011,Curitiba,4106902,1,,322,,,-25.469226,-49.208116,,False,1,2,2023-06-19T08:11:05.662372+00:00
CUR_KA689,Curitiba,4106902,1,,629,,,-25.467443,-49.254728,,False,4,1,2023-06-19T08:10:05.662372+00:00
CUR_HA601,Curitiba,4106902,1,,650,,,-25.5395,-49.308526,,False,4,2,2023-06-19T08:11:05.662372+00:00
CUR_HA612,Curitiba,4106902,1,,650,,,-25.538523,-49.30752,,False,4,1,2023-06-19T08:11:05.662372+00:00
CUR_HR413,Curitiba,4106902,1,,646,,,-25.538771,-49.307583,,False,4,1,2023-06-19T08:11:05.662372+00:00
CUR_HA028,Curitiba,4106902,1,,646,,,-25.53968,-49.307763,,False,1,1,2023-06-19T08:11:05.662372+00:00
CUR_JA028,Curitiba,4106902,1,,658,,,-25.469556,-49.354811,,False,1,1,2023-06-19T08:11:05.662372+00:00
CUR_JI007,Curitiba,4106902,1,,658,,,-25.449243,-49.365728,,False,1,1,2023-06-19T08:11:05.662372+00:00
CUR_GI011,Curitiba,4106902,1,,636,,,-25.557173,-49.282223,,False,1,1,2023-06-19T08:11:05.662372+00:00
CUR_GI012,Curitiba,4106902,1,,649,,,-25.523993,-49.2857,,False,1,1,2023-06-19T08:11:05.662372+00:00
CUR_GI048,Curitiba,4106902,1,,640,,,-25.528738,-49.26039,,False,1,1,2023-06-19T08:11:05.662372+00:00
CUR_GA177,Curitiba,4106902,1,,640,,,-25.548186,-49.292153,,False,1,1,2023-06-19T08:11:05.662372+00:00
CUR_EI008,Curitiba,4106902,1,,533,,,-25.553761,-49.251306,,False,1,2,2023-06-19T08:11:05.662372+00:00
CUR_BI876,Curitiba,4106902,1,,275,,,-25.42584,-49.235858,,False,7,1,2023-06-19T08:11:05.662372+00:00
CUR_KE708,Curitiba,4106902,0,URBS,502,https://moovitapp.com/index/pt-br/transporte_p%C3%BAblico-line-502_CIRCULAR_SUL_HOR%C3%81RIO-Curitiba-942-9628-294482-0,-1.0,-25.466945,-49.254875,,False,5,,2023-06-19T08:11:05.662372+00:00
CUR_GE604,Curitiba,4106902,0,URBS,502,https://moovitapp.com/index/pt-br/transporte_p%C3%BAblico-line-502_CIRCULAR_SUL_HOR%C3%81RIO-Curitiba-942-9628-294482-0,-1.0,-25.47657,-49.280413,,False,4,,2023-06-19T08:11:05.662372+00:00
CUR_GI055,Curitiba,4106902,1,,624,,,-25.552468,-49.251911,,False,1,1,2023-06-19T08:11:05.662372+00:00
CUR_GI035,Curitiba,4106902,1,,625,,,-25.548948,-49.292321,,False,1,1,2023-06-19T08:11:05.662372+00:00
CUR_GI028,Curitiba,4106902,1,,534,,,-25.549118,-49.292198,,False,1,1,2023-06-19T08:11:05.662372+00:00
CUR_HA024,Curitiba,4106902,1,,653,,,-25.53907,-49.307823,,False,1,1,2023-06-19T08:11:05.662372+00:00
CUR_HI026,Curitiba,4106902,1,,680,,,-25.539065,-49.307775,,False,1,1,2023-06-19T08:11:05.662372+00:00
CUR_HI018,Curitiba,4106902,1,,680,,,-25.563143,-49.33328,,False,1,1,2023-06-19T08:11:05.662372+00:00
CUR_HI047,Curitiba,4106902,1,,623,,,-25.539196,-49.307761,,False,1,1,2023-06-19T08:11:05.662372+00:00
CUR_JA022,Curitiba,4106902,1,,712,,,-25.446236,-49.345836,,False,1,1,2023-06-19T08:11:05.662372+00:00
CUR_HI014,Curitiba,4106902,1,,712,,,-25.538721,-49.30791,,False,1,2,2023-06-19T08:11:05.662372+00:00
CUR_HA608,Curitiba,4106902,1,,685,,,-25.53913,-49.307455,,False,4,1,2023-06-19T08:11:05.662372+00:00
CUR_HI007,Curitiba,4106902,1,,652,,,-25.538598,-49.307926,,False,1,2,2023-06-19T08:11:05.662372+00:00
CUR_HA190,Curitiba,4106902,1,,652,,,-25.538606,-49.308073,,False,1,1,2023-06-19T08:11:05.662372+00:00
CUR_HI013,Curitiba,4106902,1,,826,,,-25.441575,-49.346763,,False,1,,2023-06-19T08:11:05.662372+00:00
CUR_BI014,Curitiba,4106902,1,,924,,,-25.394991,-49.242453,,False,1,1,2023-06-19T08:10:05.662372+00:00
CUR_BI023,Curitiba,4106902,1,,924,,,-25.385688,-49.282803,,False,1,,2023-06-19T08:11:05.662372+00:00
CUR_BA026,Curitiba,4106902,1,,924,,,-25.395043,-49.243065,,False,1,1,2023-06-19T08:11:05.662372+00:00
CUR_EA022,Curitiba,4106902,1,,335,,,-25.51723,-49.261396,,False,1,2,2023-06-19T08:11:05.662372+00:00
CUR_DR407,Curitiba,4106902,1,,335,,,-25.467661,-49.254635,,False,4,1,2023-06-19T08:11:05.662372+00:00
CUR_DA014,Curitiba,4106902,1,,321,,,-25.46828,-49.255065,,False,1,1,2023-06-19T08:11:05.662372+00:00
CUR_HI858,Curitiba,4106902,1,Auto Viação São José,209,https://moovitapp.com/index/pt-br/transporte_p%C3%BAblico-line-209_PIT_PRA%C3%87A_DA_JUVENTUDE_BLANCO_POMBO-Curitiba-942-857412-67079270-0,-1.0,-25.537245,-49.306753,,False,7,1,2023-06-19T08:11:05.662372+00:00
CUR_HI017,Curitiba,4106902,1,,627,,,-25.539491,-49.307723,,False,1,2,2023-06-19T08:11:05.662372+00:00
CUR_DC851,Curitiba,4106902,1,,489,,,-25.468186,-49.255111,,False,7,1,2023-06-19T08:11:05.662372+00:00
CUR_EA011,Curitiba,4106902,1,Auto Viação São José,531,https://moovitapp.com/index/pt-br/transporte_p%C3%BAblico-line-531_BAIRRO_A_BAIRRO_1-Curitiba-942-857412-1570571-0,-1.0,-25.46821,-49.25617,,False,1,1,2023-06-19T08:11:05.662372+00:00
CUR_DC294,Curitiba,4106902,1,,334,,,-25.467156,-49.19772,,False,1,,2023-06-19T08:11:05.662372+00:00
CUR_EI010,Curitiba,4106902,1,Auto Viação São José,515,https://moovitapp.com/index/pt-br/transporte_p%C3%BAblico-line-515_%E2%9C%88_AEROPORTO_1_SHOPPING_S%C3%83O_JOS%C3%89-Curitiba-942-857412-67925719-0,-1.0,-25.485485,-49.238485,,False,1,2,2023-06-19T08:11:05.662372+00:00
CUR_JI864,Curitiba,4106902,1,,789,,,-25.449041,-49.366881,,False,7,1,2023-06-19T08:11:05.662372+00:00
CUR_JI851,Curitiba,4106902,1,,788,,,-25.448881,-49.364906,,False,7,,2023-06-19T08:11:05.662372+00:00
CUR_BI878,Curitiba,4106902,1,,229,,,-25.42233,-49.269671,,False,7,,2023-06-19T08:11:05.662372+00:00
CUR_KA299,Curitiba,4106902,1,,509,,,-25.466973,-49.25517,,False,1,2,2023-06-19T08:11:05.662372+00:00
CUR_BI895,Curitiba,4106902,1,,889,,,-25.428463,-49.272191,,False,7,2,2023-06-19T08:11:05.662372+00:00
CUR_BI898,Curitiba,4106902,1,,188,,,-25.399263,-49.278355,,False,7,1,2023-06-19T08:11:05.662372+00:00
CUR_BI855,Curitiba,4106902,1,,389,,,-25.409563,-49.323375,,False,7,,2023-06-19T08:11:05.662372+00:00
CUR_DC088,Curitiba,4106902,1,,309,,,-25.46778,-49.255463,,False,1,2,2023-06-19T08:11:05.662372+00:00
CUR_GI017,Curitiba,4106902,1,,553,,,-25.549528,-49.29216,,False,1,2,2023-06-19T08:11:05.662372+00:00
CUR_GI006,Curitiba,4106902,1,,553,,,-25.525113,-49.28164,,False,1,1,2023-06-19T08:11:05.662372+00:00
CUR_GI002,Curitiba,4106902,1,,553,,,-25.550071,-49.292051,,False,1,1,2023-06-19T08:11:05.662372+00:00
CUR_GI037,Curitiba,4106902,1,,643,,,-25.54882,-49.292248,,False,1,1,2023-06-19T08:11:05.662372+00:00
CUR_GI029,Curitiba,4106902,1,,643,,,-25.549141,-49.29217,,False,1,1,2023-06-19T08:11:05.662372+00:00
CUR_GI051,Curitiba,4106902,1,,552,,,-25.505905,-49.283936,,False,1,2,2023-06-19T08:11:05.662372+00:00
CUR_GI044,Curitiba,4106902,1,,552,,,-25.56781,-49.2812,,False,1,1,2023-06-19T08:11:05.662372+00:00
CUR_GI053,Curitiba,4106902,1,,552,,,-25.548376,-49.292398,,False,1,1,2023-06-19T08:11:05.662372+00:00
CUR_HA006,Curitiba,4106902,1,,617,,,-25.539753,-49.307683,,False,1,1,2023-06-19T08:11:05.662372+00:00
CUR_HA617,Curitiba,4106902,1,,617,,,-25.538648,-49.307615,,False,4,1,2023-06-19T08:11:05.662372+00:00
CUR_GI016,Curitiba,4106902,1,,542,,,-25.534475,-49.268221,,False,1,,2023-06-19T08:10:05.662372+00:00
CUR_GC016,Curitiba,4106902,1,,542,,,-25.548501,-49.291431,,False,1,,2023-06-19T08:11:05.662372+00:00
CUR_GI042,Curitiba,4106902,1,,542,,,-25.548698,-49.292298,,False,1,,2023-06-19T08:11:05.662372+00:00
CUR_MI855,Curitiba,4106902,1,,912,,,-25.411456,-49.350093,,False,7,1,2023-06-19T08:11:05.662372+00:00
CUR_EA009,Curitiba,4106902,1,,X03,,,-25.46831,-49.256105,,False,1,1,2023-06-19T08:10:05.662372+00:00
CUR_HI856,Curitiba,4106902,1,,600,,,-25.534061,-49.301051,,False,7,1,2023-06-19T08:11:05.662372+00:00
CUR_GI021,Curitiba,4106902,1,,639,,,-25.549411,-49.29216,,False,1,2,2023-06-19T08:11:05.662372+00:00
CUR_GI007,Curitiba,4106902,1,,547,,,-25.543323,-49.268176,,False,1,1,2023-06-19T08:11:05.662372+00:00
CUR_HB608,Curitiba,4106902,1,,060,,,-25.420213,-49.348398,,False,4,1,2023-06-19T08:11:05.662372+00:00
CUR_GI050,Curitiba,4106902,1,,641,,,-25.54473,-49.258746,,False,1,1,2023-06-19T08:11:05.662372+00:00
CUR_HR409,Curitiba,4106902,1,,X37,,,-25.53865,-49.307503,,False,4,1,2023-06-19T08:11:05.662372+00:00
CUR_HA602,Curitiba,4106902,1,,X37,,,-25.53866,-49.307638,,False,4,1,2023-06-19T08:11:05.662372+00:00
CUR_JI004,Curitiba,4106902,1,,719,,,-25.449153,-49.366085,,False,1,1,2023-06-19T08:11:05.662372+00:00
CUR_BI892,Curitiba,4106902,1,,181,,,-25.430135,-49.271603,,False,7,1,2023-06-19T08:11:05.662372+00:00
CUR_JI005,Curitiba,4106902,1,,718,,,-25.449211,-49.365846,,False,1,,2023-06-19T08:11:05.662372+00:00
CUR_HI853,Curitiba,4106902,1,,644,,,-25.518863,-49.322716,,False,7,,2023-06-19T08:10:05.662372+00:00
