bus_id,city,city_code,adapted,agency,line_code,line_url,line_fare,latitude,longitude,bus_speed,is_eletric,bus_type,bus_direction,updated_at
CUR_BI851,Curitiba,4106902,1,,175,,,-25.415118,-49.280723,,False,7,1,2023-06-15T18:17:41.257957+00:00
CUR_BI859,Curitiba,4106902,1,,175,,,-25.450331,-49.25972,,False,7,2,2023-06-15T18:17:41.257957+00:00
CUR_MR106,Curitiba,4106902,1,,040,,,-25.506105,-49.32883,,False,4,1,2023-06-15T18:17:41.257957+00:00
CUR_GB604,Curitiba,4106902,1,,040,,,-25.400485,-49.330738,,False,4,2,2023-06-15T18:17:41.257957+00:00
CUR_HI606,Curitiba,4106902,1,,040,,,-25.511883,-49.324288,,False,4,2,2023-06-15T18:15:41.257957+00:00
CUR_JI601,Curitiba,4106902,1,,040,,,-25.451168,-49.35082,,False,4,1,2023-06-15T18:17:41.257957+00:00
CUR_JB609,Curitiba,4106902,1,,040,,,-25.478488,-49.325603,,False,4,1,2023-06-15T18:17:41.257957+00:00
CUR_GB610,Curitiba,4106902,1,,040,,,-25.443155,-49.34374,,False,4,2,2023-06-15T18:17:41.257957+00:00
CUR_HB610,Curitiba,4106902,1,,040,,,-25.419346,-49.348291,,False,4,2,2023-06-15T18:16:41.257957+00:00
CUR_JB699,Curitiba,4106902,1,,040,,,-25.426655,-49.35324,,False,4,1,2023-06-15T18:17:41.257957+00:00
CUR_HB604,Curitiba,4106902,1,,040,,,-25.511458,-49.324713,,False,4,1,2023-06-15T18:17:41.257957+00:00
CUR_HB602,Curitiba,4106902,1,,040,,,-25.478361,-49.330085,,False,4,2,2023-06-15T18:17:41.257957+00:00
CUR_BL320,Curitiba,4106902,0,URBS,022,https://moovitapp.com/index/pt-br/transporte_p%C3%BAblico-line-022_INTER_2_HOR%C3%81RIO-Curitiba-942-9628-381388-0,-1.0,-25.415083,-49.281251,,False,3,,2023-06-15T18:17:41.257957+00:00
CUR_BL600,Curitiba,4106902,0,URBS,022,https://moovitapp.com/index/pt-br/transporte_p%C3%BAblico-line-022_INTER_2_HOR%C3%81RIO-Curitiba-942-9628-381388-0,-1.0,-25.415813,-49.281226,,False,4,,2023-06-15T18:17:41.257957+00:00
CUR_BL605,Curitiba,4106902,0,URBS,022,https://moovitapp.com/index/pt-br/transporte_p%C3%BAblico-line-022_INTER_2_HOR%C3%81RIO-Curitiba-942-9628-381388-0,-1.0,-25.492033,-49.258216,,False,4,,2023-06-15T18:17:41.257957+00:00
CUR_BL602,Curitiba,4106902,0,URBS,022,https://moovitapp.com/index/pt-br/transporte_p%C3%BAblico-line-022_INTER_2_HOR%C3%81RIO-Curitiba-942-9628-381388-0,-1.0,-25.413915,-49.246788,,False,4,,2023-06-15T18:17:41.257957+00:00
CUR_CL601,Curitiba,4106902,0,URBS,022,https://moovitapp.com/index/pt-br/transporte_p%C3%BAblico-line-022_INTER_2_HOR%C3%81RIO-Curitiba-942-9628-381388-0,-1.0,-25.416918,-49.290291,,False,4,,2023-06-15T18:17:41.257957+00:00
CUR_BL607,Curitiba,4106902,0,URBS,022,https://moovitapp.com/index/pt-br/transporte_p%C3%BAblico-line-022_INTER_2_HOR%C3%81RIO-Curitiba-942-9628-381388-0,-1.0,-25.41387,-49.260893,,False,4,,2023-06-15T18:17:41.257957+00:00
CUR_CL602,Curitiba,4106902,0,URBS,022,https://moovitapp.com/index/pt-br/transporte_p%C3%BAblico-line-022_INTER_2_HOR%C3%81RIO-Curitiba-942-9628-381388-0,-1.0,-25.49172,-49.293068,,False,4,,2023-06-15T18:15:41.257957+00:00
CUR_BL329,Curitiba,4106902,0,URBS,022,https://moovitapp.com/index/pt-br/transporte_p%C3%BAblico-line-022_INTER_2_HOR%C3%81RIO-Curitiba-942-9628-381388-0,-1.0,-25.398515,-49.212475,,False,3,,2023-06-15T18:14:41.257957+00:00
CUR_BL336,Curitiba,4106902,0,URBS,022,https://moovitapp.com/index/pt-br/transporte_p%C3%BAblico-line-022_INTER_2_HOR%C3%81RIO-Curitiba-942-9628-381388-0,-1.0,-25.45286,-49.230175,,False,3,,2023-06-15T18:17:41.257957+00:00
CUR_BL307,Curitiba,4106902,0,URBS,022,https://moovitapp.com/index/pt-br/transporte_p%C3%BAblico-line-022_INTER_2_HOR%C3%81RIO-Curitiba-942-9628-381388-0,-1.0,-25.398511,-49.212445,,False,3,,2023-06-15T18:17:41.257957+00:00
CUR_CL698,Curitiba,4106902,0,URBS,022,https://moovitapp.com/index/pt-br/transporte_p%C3%BAblico-line-022_INTER_2_HOR%C3%81RIO-Curitiba-942-9628-381388-0,-1.0,-25.441151,-49.219058,,False,4,,2023-06-15T18:16:41.257957+00:00
CUR_HL322,Curitiba,4106902,0,URBS,022,https://moovitapp.com/index/pt-br/transporte_p%C3%BAblico-line-022_INTER_2_HOR%C3%81RIO-Curitiba-942-9628-381388-0,-1.0,-25.461385,-49.29383,,False,3,,2023-06-15T18:17:41.257957+00:00
CUR_DA294,Curitiba,4106902,1,,513,,,-25.516376,-49.237053,,False,1,2,2023-06-15T18:12:41.257957+00:00
CUR_DA300,Curitiba,4106902,1,,513,,,-25.489851,-49.263083,,False,3,1,2023-06-15T18:17:41.257957+00:00
CUR_BC029,Curitiba,4106902,1,,170,,,-25.381705,-49.300833,,False,1,2,2023-06-15T18:17:41.257957+00:00
CUR_BC321,Curitiba,4106902,1,,170,,,-25.42775,-49.270861,,False,3,1,2023-06-15T18:17:41.257957+00:00
CUR_BC300,Curitiba,4106902,1,,170,,,-25.414601,-49.280683,,False,3,1,2023-06-15T18:17:41.257957+00:00
CUR_HR804,Curitiba,4106902,0,URBS,023,https://moovitapp.com/index/pt-br/transporte_p%C3%BAblico-line-023_INTER_2_ANTI_HOR%C3%81RIO-Curitiba-942-9628-398189-0,-1.0,-25.538256,-49.307276,,False,4,,2023-06-15T18:17:41.257957+00:00
CUR_BL608,Curitiba,4106902,0,URBS,023,https://moovitapp.com/index/pt-br/transporte_p%C3%BAblico-line-023_INTER_2_ANTI_HOR%C3%81RIO-Curitiba-942-9628-398189-0,-1.0,-25.43908,-49.222038,,False,4,,2023-06-15T18:17:41.257957+00:00
CUR_BL609,Curitiba,4106902,0,URBS,023,https://moovitapp.com/index/pt-br/transporte_p%C3%BAblico-line-023_INTER_2_ANTI_HOR%C3%81RIO-Curitiba-942-9628-398189-0,-1.0,-25.406556,-49.253086,,False,4,,2023-06-15T18:17:41.257957+00:00
CUR_BL603,Curitiba,4106902,0,URBS,023,https://moovitapp.com/index/pt-br/transporte_p%C3%BAblico-line-023_INTER_2_ANTI_HOR%C3%81RIO-Curitiba-942-9628-398189-0,-1.0,-25.415245,-49.276016,,False,4,,2023-06-15T18:17:41.257957+00:00
CUR_BL338,Curitiba,4106902,0,URBS,023,https://moovitapp.com/index/pt-br/transporte_p%C3%BAblico-line-023_INTER_2_ANTI_HOR%C3%81RIO-Curitiba-942-9628-398189-0,-1.0,-25.421433,-49.291578,,False,3,,2023-06-15T18:17:41.257957+00:00
CUR_CL600,Curitiba,4106902,0,URBS,023,https://moovitapp.com/index/pt-br/transporte_p%C3%BAblico-line-023_INTER_2_ANTI_HOR%C3%81RIO-Curitiba-942-9628-398189-0,-1.0,-25.493726,-49.286826,,False,4,,2023-06-15T18:17:41.257957+00:00
CUR_MR800,Curitiba,4106902,0,URBS,023,https://moovitapp.com/index/pt-br/transporte_p%C3%BAblico-line-023_INTER_2_ANTI_HOR%C3%81RIO-Curitiba-942-9628-398189-0,-1.0,-25.461215,-49.301891,,False,4,,2023-06-15T18:17:41.257957+00:00
CUR_BL317,Curitiba,4106902,0,URBS,023,https://moovitapp.com/index/pt-br/transporte_p%C3%BAblico-line-023_INTER_2_ANTI_HOR%C3%81RIO-Curitiba-942-9628-398189-0,-1.0,-25.427565,-49.241375,,False,3,,2023-06-15T18:17:41.257957+00:00
CUR_HL601,Curitiba,4106902,0,URBS,023,https://moovitapp.com/index/pt-br/transporte_p%C3%BAblico-line-023_INTER_2_ANTI_HOR%C3%81RIO-Curitiba-942-9628-398189-0,-1.0,-25.48728,-49.256951,,False,4,,2023-06-15T18:17:41.257957+00:00
CUR_BL309,Curitiba,4106902,0,URBS,023,https://moovitapp.com/index/pt-br/transporte_p%C3%BAblico-line-023_INTER_2_ANTI_HOR%C3%81RIO-Curitiba-942-9628-398189-0,-1.0,-25.45482,-49.230713,,False,3,,2023-06-15T18:17:41.257957+00:00
CUR_EL602,Curitiba,4106902,0,URBS,023,https://moovitapp.com/index/pt-br/transporte_p%C3%BAblico-line-023_INTER_2_ANTI_HOR%C3%81RIO-Curitiba-942-9628-398189-0,-1.0,-25.466495,-49.300541,,False,4,,2023-06-15T18:17:41.257957+00:00
CUR_DL308,Curitiba,4106902,0,URBS,305,https://moovitapp.com/index/pt-br/transporte_p%C3%BAblico-line-305_CENTEN%C3%81RIO-Curitiba-942-9628-294271-0,-1.0,-25.43985,-49.249613,,False,3,1,2023-06-15T18:17:41.257957+00:00
CUR_DL309,Curitiba,4106902,0,URBS,305,https://moovitapp.com/index/pt-br/transporte_p%C3%BAblico-line-305_CENTEN%C3%81RIO-Curitiba-942-9628-294271-0,-1.0,-25.430046,-49.26065,,False,3,2,2023-06-15T18:13:41.257957+00:00
CUR_DN607,Curitiba,4106902,1,,461,,,-25.469256,-49.22558,,False,7,1,2023-06-15T18:17:41.257957+00:00
CUR_EA008,Curitiba,4106902,1,,657,,,-25.491973,-49.293236,,False,1,1,2023-06-15T18:17:41.257957+00:00
CUR_EA026,Curitiba,4106902,1,,657,,,-25.506915,-49.272903,,False,1,2,2023-06-15T18:17:41.257957+00:00
CUR_BI026,Curitiba,4106902,1,,812,,,-25.428945,-49.324826,,False,1,1,2023-06-15T18:17:41.257957+00:00
CUR_BI030,Curitiba,4106902,1,,812,,,-25.417563,-49.345993,,False,1,2,2023-06-15T18:17:41.257957+00:00
CUR_HA610,Curitiba,4106902,1,,685,,,-25.540335,-49.308031,,False,4,1,2023-06-15T18:17:41.257957+00:00
CUR_HA600,Curitiba,4106902,1,,685,,,-25.548691,-49.325036,,False,4,2,2023-06-15T18:17:41.257957+00:00
CUR_HA619,Curitiba,4106902,1,,685,,,-25.511563,-49.328093,,False,4,1,2023-06-15T18:17:41.257957+00:00
CUR_HA615,Curitiba,4106902,1,,685,,,-25.57798,-49.332865,,False,4,1,2023-06-15T18:17:41.257957+00:00
CUR_MN605,Curitiba,4106902,1,,965,,,-25.423618,-49.291185,,False,7,2,2023-06-15T18:17:41.257957+00:00
CUR_MC851,Curitiba,4106902,1,,965,,,-25.404573,-49.313645,,False,7,1,2023-06-15T18:16:41.257957+00:00
CUR_EI018,Curitiba,4106902,1,,663,,,-25.47508,-49.287951,,False,1,1,2023-06-15T18:17:41.257957+00:00
CUR_EI013,Curitiba,4106902,1,,663,,,-25.472155,-49.286106,,False,1,2,2023-06-15T18:17:41.257957+00:00
CUR_JL322,Curitiba,4106902,1,URBS,702,https://moovitapp.com/index/pt-br/transporte_p%C3%BAblico-line-702_CAIU%C3%81_CACHOEIRA-Curitiba-942-9628-133282980-0,-1.0,-25.364568,-49.261755,,False,3,2,2023-06-15T18:17:41.257957+00:00
CUR_JL320,Curitiba,4106902,1,URBS,702,https://moovitapp.com/index/pt-br/transporte_p%C3%BAblico-line-702_CAIU%C3%81_CACHOEIRA-Curitiba-942-9628-133282980-0,-1.0,-25.423181,-49.269631,,False,3,1,2023-06-15T18:17:41.257957+00:00
CUR_JL300,Curitiba,4106902,0,URBS,702,https://moovitapp.com/index/pt-br/transporte_p%C3%BAblico-line-702_CAIU%C3%81_CACHOEIRA-Curitiba-942-9628-133282980-0,-1.0,-25.373236,-49.263178,,False,3,1,2023-06-15T18:17:41.257957+00:00
CUR_JL313,Curitiba,4106902,0,URBS,702,https://moovitapp.com/index/pt-br/transporte_p%C3%BAblico-line-702_CAIU%C3%81_CACHOEIRA-Curitiba-942-9628-133282980-0,-1.0,-25.456478,-49.30209,,False,3,1,2023-06-15T18:14:41.257957+00:00
CUR_GB606,Curitiba,4106902,1,,030,,,-25.489,-49.226116,,False,4,1,2023-06-15T18:17:41.257957+00:00
CUR_BB611,Curitiba,4106902,1,,030,,,-25.512081,-49.27775,,False,4,1,2023-06-15T18:17:41.257957+00:00
CUR_BB602,Curitiba,4106902,1,,030,,,-25.399856,-49.207091,,False,4,1,2023-06-15T18:17:41.257957+00:00
CUR_EB609,Curitiba,4106902,1,,030,,,-25.436293,-49.210641,,False,4,2,2023-06-15T18:14:41.257957+00:00
CUR_KB602,Curitiba,4106902,1,,030,,,-25.513445,-49.264643,,False,4,2,2023-06-15T18:17:41.257957+00:00
CUR_BB608,Curitiba,4106902,1,,030,,,-25.396005,-49.20892,,False,4,2,2023-06-15T18:17:41.257957+00:00
CUR_CA012,Curitiba,4106902,1,,030,,,-25.45133,-49.215071,,False,1,1,2023-06-15T18:16:41.257957+00:00
CUR_GR125,Curitiba,4106902,1,,030,,,-25.483148,-49.22049,,False,4,2,2023-06-15T18:17:41.257957+00:00
CUR_JI012,Curitiba,4106902,1,,777,,,-25.454228,-49.296063,,False,1,1,2023-06-15T18:17:41.257957+00:00
CUR_JI017,Curitiba,4106902,1,,777,,,-25.449025,-49.287558,,False,1,2,2023-06-15T18:17:41.257957+00:00
CUR_BA014,Curitiba,4106902,1,,816,,,-25.415291,-49.28073,,False,1,1,2023-06-15T18:17:41.257957+00:00
CUR_BI031,Curitiba,4106902,1,,816,,,-25.435973,-49.307431,,False,1,2,2023-06-15T18:17:41.257957+00:00
CUR_BA021,Curitiba,4106902,1,,816,,,-25.406796,-49.323376,,False,1,2,2023-06-15T18:16:41.257957+00:00
CUR_GI025,Curitiba,4106902,1,,534,,,-25.524053,-49.24515,,False,1,2,2023-06-15T18:17:41.257957+00:00
CUR_GI028,Curitiba,4106902,1,,534,,,-25.530531,-49.265756,,False,1,1,2023-06-15T18:17:41.257957+00:00
CUR_BI007,Curitiba,4106902,1,,374,,,-25.416398,-49.237056,,False,1,1,2023-06-15T18:17:41.257957+00:00
CUR_BI005,Curitiba,4106902,1,,374,,,-25.417035,-49.238418,,False,1,2,2023-06-15T18:17:41.257957+00:00
CUR_GD341,Curitiba,4106902,0,URBS,203,https://moovitapp.com/index/pt-br/transporte_p%C3%BAblico-line-203_SANTA_C%C3%82NDIDA_CAP%C3%83O_RASO-Curitiba-942-9628-1323737-0,-1.0,-25.491183,-49.293815,,False,5,1,2023-06-15T18:17:41.257957+00:00
CUR_BE708,Curitiba,4106902,0,URBS,203,https://moovitapp.com/index/pt-br/transporte_p%C3%BAblico-line-203_SANTA_C%C3%82NDIDA_CAP%C3%83O_RASO-Curitiba-942-9628-1323737-0,-1.0,-25.449313,-49.28782,,False,5,1,2023-06-15T18:17:41.257957+00:00
CUR_BE727,Curitiba,4106902,0,URBS,203,https://moovitapp.com/index/pt-br/transporte_p%C3%BAblico-line-203_SANTA_C%C3%82NDIDA_CAP%C3%83O_RASO-Curitiba-942-9628-1323737-0,-1.0,-25.471888,-49.294398,,False,5,1,2023-06-15T18:16:41.257957+00:00
CUR_BE702,Curitiba,4106902,0,URBS,203,https://moovitapp.com/index/pt-br/transporte_p%C3%BAblico-line-203_SANTA_C%C3%82NDIDA_CAP%C3%83O_RASO-Curitiba-942-9628-1323737-0,-1.0,-25.439753,-49.272151,,False,5,1,2023-06-15T18:17:41.257957+00:00
CUR_BE710,Curitiba,4106902,0,URBS,203,https://moovitapp.com/index/pt-br/transporte_p%C3%BAblico-line-203_SANTA_C%C3%82NDIDA_CAP%C3%83O_RASO-Curitiba-942-9628-1323737-0,-1.0,-25.469756,-49.294361,,False,5,2,2023-06-15T18:17:41.257957+00:00
CUR_BD150,Curitiba,4106902,0,URBS,203,https://moovitapp.com/index/pt-br/transporte_p%C3%BAblico-line-203_SANTA_C%C3%82NDIDA_CAP%C3%83O_RASO-Curitiba-942-9628-1323737-0,-1.0,-25.394808,-49.24283,,False,5,1,2023-06-15T18:17:41.257957+00:00
CUR_BE719,Curitiba,4106902,0,URBS,203,https://moovitapp.com/index/pt-br/transporte_p%C3%BAblico-line-203_SANTA_C%C3%82NDIDA_CAP%C3%83O_RASO-Curitiba-942-9628-1323737-0,-1.0,-25.387588,-49.235045,,False,5,1,2023-06-15T18:17:41.257957+00:00
CUR_BE713,Curitiba,4106902,0,URBS,203,https://moovitapp.com/index/pt-br/transporte_p%C3%BAblico-line-203_SANTA_C%C3%82NDIDA_CAP%C3%83O_RASO-Curitiba-942-9628-1323737-0,-1.0,-25.377006,-49.223795,,False,5,1,2023-06-15T18:17:41.257957+00:00
CUR_BE714,Curitiba,4106902,0,URBS,203,https://moovitapp.com/index/pt-br/transporte_p%C3%BAblico-line-203_SANTA_C%C3%82NDIDA_CAP%C3%83O_RASO-Curitiba-942-9628-1323737-0,-1.0,-25.444998,-49.285816,,False,5,2,2023-06-15T18:17:41.257957+00:00
CUR_GE726,Curitiba,4106902,0,URBS,203,https://moovitapp.com/index/pt-br/transporte_p%C3%BAblico-line-203_SANTA_C%C3%82NDIDA_CAP%C3%83O_RASO-Curitiba-942-9628-1323737-0,-1.0,-25.407341,-49.25339,,False,5,2,2023-06-15T18:17:41.257957+00:00
CUR_GE704,Curitiba,4106902,0,URBS,203,https://moovitapp.com/index/pt-br/transporte_p%C3%BAblico-line-203_SANTA_C%C3%82NDIDA_CAP%C3%83O_RASO-Curitiba-942-9628-1323737-0,-1.0,-25.384015,-49.23174,,False,5,2,2023-06-15T18:14:41.257957+00:00
CUR_BE715,Curitiba,4106902,0,URBS,203,https://moovitapp.com/index/pt-br/transporte_p%C3%BAblico-line-203_SANTA_C%C3%82NDIDA_CAP%C3%83O_RASO-Curitiba-942-9628-1323737-0,-1.0,-25.415106,-49.260555,,False,5,1,2023-06-15T18:17:41.257957+00:00
CUR_BE728,Curitiba,4106902,0,URBS,203,https://moovitapp.com/index/pt-br/transporte_p%C3%BAblico-line-203_SANTA_C%C3%82NDIDA_CAP%C3%83O_RASO-Curitiba-942-9628-1323737-0,-1.0,-25.477068,-49.292443,,False,5,2,2023-06-15T18:17:41.257957+00:00
CUR_BD135,Curitiba,4106902,0,URBS,203,https://moovitapp.com/index/pt-br/transporte_p%C3%BAblico-line-203_SANTA_C%C3%82NDIDA_CAP%C3%83O_RASO-Curitiba-942-9628-1323737-0,-1.0,-25.410711,-49.256476,,False,5,1,2023-06-15T18:17:41.257957+00:00
CUR_GE715,Curitiba,4106902,0,URBS,203,https://moovitapp.com/index/pt-br/transporte_p%C3%BAblico-line-203_SANTA_C%C3%82NDIDA_CAP%C3%83O_RASO-Curitiba-942-9628-1323737-0,-1.0,-25.422693,-49.26683,,False,5,2,2023-06-15T18:17:41.257957+00:00
CUR_HE729,Curitiba,4106902,0,URBS,203,https://moovitapp.com/index/pt-br/transporte_p%C3%BAblico-line-203_SANTA_C%C3%82NDIDA_CAP%C3%83O_RASO-Curitiba-942-9628-1323737-0,-1.0,-25.43771,-49.266926,,False,5,2,2023-06-15T18:17:41.257957+00:00
CUR_HB611,Curitiba,4106902,1,,020,,,-25.49167,-49.295708,,False,4,,2023-06-15T18:16:41.257957+00:00
CUR_BB613,Curitiba,4106902,1,,020,,,-25.487956,-49.25673,,False,4,,2023-06-15T18:17:41.257957+00:00
CUR_KB606,Curitiba,4106902,1,,020,,,-25.423101,-49.241731,,False,4,,2023-06-15T18:17:41.257957+00:00
CUR_EB606,Curitiba,4106902,1,,020,,,-25.452655,-49.304298,,False,4,,2023-06-15T18:17:41.257957+00:00
CUR_CB603,Curitiba,4106902,1,,020,,,-25.447385,-49.225638,,False,4,,2023-06-15T18:17:41.257957+00:00
CUR_BB604,Curitiba,4106902,1,,020,,,-25.398866,-49.25205,,False,4,,2023-06-15T18:17:41.257957+00:00
CUR_EB601,Curitiba,4106902,1,,020,,,-25.422241,-49.29203,,False,4,,2023-06-15T18:13:41.257957+00:00
CUR_BA601,Curitiba,4106902,1,,245,,,-25.398848,-49.246581,,False,4,1,2023-06-15T18:17:41.257957+00:00
CUR_HL313,Curitiba,4106902,0,URBS,304,https://moovitapp.com/index/pt-br/transporte_p%C3%BAblico-line-304_PINHAIS_CAMPO_COMPRIDO-Curitiba-942-9628-133282995-0,-1.0,-25.537576,-49.307083,,False,3,2,2023-06-15T18:17:41.257957+00:00
CUR_JL324,Curitiba,4106902,1,URBS,304,https://moovitapp.com/index/pt-br/transporte_p%C3%BAblico-line-304_PINHAIS_CAMPO_COMPRIDO-Curitiba-942-9628-133282995-0,-1.0,-25.449568,-49.3538,,False,3,2,2023-06-15T18:17:41.257957+00:00
CUR_JL310,Curitiba,4106902,0,URBS,304,https://moovitapp.com/index/pt-br/transporte_p%C3%BAblico-line-304_PINHAIS_CAMPO_COMPRIDO-Curitiba-942-9628-133282995-0,-1.0,-25.434945,-49.301578,,False,3,1,2023-06-15T18:16:41.257957+00:00
CUR_DL310,Curitiba,4106902,0,URBS,304,https://moovitapp.com/index/pt-br/transporte_p%C3%BAblico-line-304_PINHAIS_CAMPO_COMPRIDO-Curitiba-942-9628-133282995-0,-1.0,-25.435803,-49.307431,,False,3,2,2023-06-15T18:17:41.257957+00:00
CUR_JI864,Curitiba,4106902,1,,760,,,-25.455931,-49.300423,,False,7,1,2023-06-15T18:17:41.257957+00:00
CUR_JC303,Curitiba,4106902,1,,778,,,-25.471315,-49.331353,,False,3,1,2023-06-15T18:17:41.257957+00:00
CUR_JC300,Curitiba,4106902,1,,778,,,-25.43861,-49.270128,,False,3,2,2023-06-15T18:17:41.257957+00:00
CUR_JB604,Curitiba,4106902,1,,050,,,-25.457735,-49.236853,,False,4,2,2023-06-15T18:17:41.257957+00:00
CUR_JB611,Curitiba,4106902,1,,050,,,-25.45006,-49.259878,,False,4,2,2023-06-15T18:17:41.257957+00:00
CUR_GB608,Curitiba,4106902,1,,050,,,-25.476436,-49.316046,,False,4,1,2023-06-15T18:15:41.257957+00:00
CUR_GB611,Curitiba,4106902,1,,050,,,-25.452776,-49.26434,,False,4,1,2023-06-15T18:17:41.257957+00:00
CUR_JB606,Curitiba,4106902,1,,050,,,-25.47775,-49.310776,,False,4,2,2023-06-15T18:17:41.257957+00:00
CUR_EB608,Curitiba,4106902,1,,050,,,-25.457488,-49.240171,,False,4,1,2023-06-15T18:10:41.257957+00:00
CUR_JB301,Curitiba,4106902,1,,720,,,-25.449488,-49.366553,,False,3,,2023-06-15T18:07:41.257957+00:00
CUR_GI033,Curitiba,4106902,1,,643,,,-25.538431,-49.294825,,False,1,2,2023-06-15T18:16:41.257957+00:00
CUR_GI037,Curitiba,4106902,1,,643,,,-25.558551,-49.296988,,False,1,1,2023-06-15T18:17:41.257957+00:00
CUR_BA002,Curitiba,4106902,1,,243,,,-25.377675,-49.262498,,False,1,2,2023-06-15T18:16:41.257957+00:00
CUR_JC311,Curitiba,4106902,1,,701,,,-25.437156,-49.273173,,False,3,1,2023-06-15T18:17:41.257957+00:00
CUR_JC315,Curitiba,4106902,1,,701,,,-25.45697,-49.302838,,False,3,1,2023-06-15T18:17:41.257957+00:00
CUR_JC304,Curitiba,4106902,1,,701,,,-25.452523,-49.297045,,False,3,2,2023-06-15T18:17:41.257957+00:00
CUR_JI301,Curitiba,4106902,1,,701,,,-25.477121,-49.327693,,False,3,2,2023-06-15T18:17:41.257957+00:00
CUR_BI880,Curitiba,4106902,1,,275,,,-25.404256,-49.258995,,False,7,1,2023-06-15T18:17:41.257957+00:00
CUR_BI876,Curitiba,4106902,1,,275,,,-25.39824,-49.256901,,False,7,2,2023-06-15T18:16:41.257957+00:00
CUR_BI873,Curitiba,4106902,1,,184,,,-25.411963,-49.271701,,False,7,2,2023-06-15T18:17:41.257957+00:00
CUR_BC008,Curitiba,4106902,1,,870,,,-25.430496,-49.342,,False,1,1,2023-06-15T18:17:41.257957+00:00
CUR_BC009,Curitiba,4106902,1,,870,,,-25.429561,-49.353628,,False,1,2,2023-06-15T18:17:41.257957+00:00
CUR_BC020,Curitiba,4106902,1,,870,,,-25.429831,-49.272535,,False,1,1,2023-06-15T18:17:41.257957+00:00
CUR_GE612,Curitiba,4106902,0,URBS,502,https://moovitapp.com/index/pt-br/transporte_p%C3%BAblico-line-502_CIRCULAR_SUL_HOR%C3%81RIO-Curitiba-942-9628-294482-0,-1.0,-25.476281,-49.249858,,False,4,,2023-06-15T18:16:41.257957+00:00
CUR_HE601,Curitiba,4106902,0,URBS,502,https://moovitapp.com/index/pt-br/transporte_p%C3%BAblico-line-502_CIRCULAR_SUL_HOR%C3%81RIO-Curitiba-942-9628-294482-0,-1.0,-25.475775,-49.2772,,False,4,,2023-06-15T18:17:41.257957+00:00
CUR_KE708,Curitiba,4106902,0,URBS,502,https://moovitapp.com/index/pt-br/transporte_p%C3%BAblico-line-502_CIRCULAR_SUL_HOR%C3%81RIO-Curitiba-942-9628-294482-0,-1.0,-25.53577,-49.27504,,False,5,,2023-06-15T18:17:41.257957+00:00
CUR_HE615,Curitiba,4106902,0,URBS,502,https://moovitapp.com/index/pt-br/transporte_p%C3%BAblico-line-502_CIRCULAR_SUL_HOR%C3%81RIO-Curitiba-942-9628-294482-0,-1.0,-25.481833,-49.29266,,False,4,,2023-06-15T18:17:41.257957+00:00
CUR_HE614,Curitiba,4106902,0,URBS,502,https://moovitapp.com/index/pt-br/transporte_p%C3%BAblico-line-502_CIRCULAR_SUL_HOR%C3%81RIO-Curitiba-942-9628-294482-0,-1.0,-25.528895,-49.24605,,False,4,,2023-06-15T18:17:41.257957+00:00
CUR_GE603,Curitiba,4106902,0,URBS,502,https://moovitapp.com/index/pt-br/transporte_p%C3%BAblico-line-502_CIRCULAR_SUL_HOR%C3%81RIO-Curitiba-942-9628-294482-0,-1.0,-25.510808,-49.295816,,False,4,,2023-06-15T18:17:41.257957+00:00
CUR_HE609,Curitiba,4106902,0,URBS,502,https://moovitapp.com/index/pt-br/transporte_p%C3%BAblico-line-502_CIRCULAR_SUL_HOR%C3%81RIO-Curitiba-942-9628-294482-0,-1.0,-25.501206,-49.237616,,False,4,,2023-06-15T18:17:41.257957+00:00
CUR_BI900,Curitiba,4106902,1,,386,,,-25.430963,-49.252026,,False,7,2,2023-06-15T18:17:41.257957+00:00
CUR_BC323,Curitiba,4106902,1,,207,,,-25.43177,-49.277186,,False,3,2,2023-06-15T18:17:41.257957+00:00
CUR_BC309,Curitiba,4106902,1,,207,,,-25.395056,-49.243095,,False,3,1,2023-06-15T18:17:41.257957+00:00
CUR_BC310,Curitiba,4106902,1,,207,,,-25.394703,-49.242711,,False,3,1,2023-06-15T18:17:41.257957+00:00
CUR_BC324,Curitiba,4106902,1,,207,,,-25.407461,-49.271646,,False,3,2,2023-06-15T18:17:41.257957+00:00
CUR_BC001,Curitiba,4106902,1,,207,,,-25.403556,-49.273668,,False,1,1,2023-06-15T18:17:41.257957+00:00
CUR_GI859,Curitiba,4106902,1,,661,,,-25.47123,-49.278641,,False,7,2,2023-06-15T18:17:41.257957+00:00
CUR_HI011,Curitiba,4106902,1,,652,,,-25.519805,-49.328478,,False,1,2,2023-06-15T18:17:41.257957+00:00
CUR_HI010,Curitiba,4106902,1,,652,,,-25.527603,-49.329128,,False,1,1,2023-06-15T18:17:41.257957+00:00
CUR_HA190,Curitiba,4106902,1,,652,,,-25.539208,-49.307855,,False,1,1,2023-06-15T18:17:41.257957+00:00
CUR_HI031,Curitiba,4106902,1,,712,,,-25.53951,-49.308353,,False,1,2,2023-06-15T18:17:41.257957+00:00
CUR_JI003,Curitiba,4106902,1,,712,,,-25.510316,-49.334516,,False,1,1,2023-06-15T18:17:41.257957+00:00
CUR_HI012,Curitiba,4106902,1,,712,,,-25.478388,-49.326263,,False,1,2,2023-06-15T18:17:41.257957+00:00
CUR_HA025,Curitiba,4106902,1,,680,,,-25.539526,-49.307655,,False,1,1,2023-06-15T18:17:41.257957+00:00
CUR_HI026,Curitiba,4106902,1,,680,,,-25.537648,-49.30175,,False,1,2,2023-06-15T18:17:41.257957+00:00
CUR_HI033,Curitiba,4106902,1,,680,,,-25.57567,-49.317388,,False,1,1,2023-06-15T18:17:41.257957+00:00
CUR_HI037,Curitiba,4106902,1,,655,,,-25.564881,-49.315205,,False,1,2,2023-06-15T18:16:41.257957+00:00
CUR_HI025,Curitiba,4106902,1,,655,,,-25.52113,-49.293863,,False,1,1,2023-06-15T18:15:41.257957+00:00
CUR_HD252,Curitiba,4106902,0,URBS,603,https://moovitapp.com/index/pt-br/transporte_p%C3%BAblico-line-603_PINHEIRINHO_RUI_BARBOSA-Curitiba-942-9628-484781-0,-1.0,-25.540091,-49.308255,,False,5,1,2023-06-15T18:17:41.257957+00:00
CUR_HE731,Curitiba,4106902,0,URBS,603,https://moovitapp.com/index/pt-br/transporte_p%C3%BAblico-line-603_PINHEIRINHO_RUI_BARBOSA-Curitiba-942-9628-484781-0,-1.0,-25.476093,-49.292621,,False,5,1,2023-06-15T18:17:41.257957+00:00
CUR_HE724,Curitiba,4106902,0,URBS,603,https://moovitapp.com/index/pt-br/transporte_p%C3%BAblico-line-603_PINHEIRINHO_RUI_BARBOSA-Curitiba-942-9628-484781-0,-1.0,-25.468058,-49.293443,,False,5,2,2023-06-15T18:14:41.257957+00:00
CUR_HE727,Curitiba,4106902,0,URBS,603,https://moovitapp.com/index/pt-br/transporte_p%C3%BAblico-line-603_PINHEIRINHO_RUI_BARBOSA-Curitiba-942-9628-484781-0,-1.0,-25.507251,-49.29585,,False,5,1,2023-06-15T18:17:41.257957+00:00
CUR_HE726,Curitiba,4106902,0,URBS,603,https://moovitapp.com/index/pt-br/transporte_p%C3%BAblico-line-603_PINHEIRINHO_RUI_BARBOSA-Curitiba-942-9628-484781-0,-1.0,-25.494766,-49.29417,,False,5,2,2023-06-15T18:15:41.257957+00:00
CUR_HE728,Curitiba,4106902,0,URBS,603,https://moovitapp.com/index/pt-br/transporte_p%C3%BAblico-line-603_PINHEIRINHO_RUI_BARBOSA-Curitiba-942-9628-484781-0,-1.0,-25.458103,-49.288823,,False,5,2,2023-06-15T18:17:41.257957+00:00
CUR_HE725,Curitiba,4106902,0,URBS,603,https://moovitapp.com/index/pt-br/transporte_p%C3%BAblico-line-603_PINHEIRINHO_RUI_BARBOSA-Curitiba-942-9628-484781-0,-1.0,-25.43618,-49.274221,,False,5,1,2023-06-15T18:17:41.257957+00:00
CUR_HD244,Curitiba,4106902,0,URBS,603,https://moovitapp.com/index/pt-br/transporte_p%C3%BAblico-line-603_PINHEIRINHO_RUI_BARBOSA-Curitiba-942-9628-484781-0,-1.0,-25.541523,-49.30248,,False,5,1,2023-06-15T18:17:41.257957+00:00
CUR_HE723,Curitiba,4106902,0,URBS,603,https://moovitapp.com/index/pt-br/transporte_p%C3%BAblico-line-603_PINHEIRINHO_RUI_BARBOSA-Curitiba-942-9628-484781-0,-1.0,-25.461773,-49.290075,,False,5,1,2023-06-15T18:17:41.257957+00:00
CUR_HE704,Curitiba,4106902,0,URBS,603,https://moovitapp.com/index/pt-br/transporte_p%C3%BAblico-line-603_PINHEIRINHO_RUI_BARBOSA-Curitiba-942-9628-484781-0,-1.0,-25.443458,-49.28174,,False,5,2,2023-06-15T18:17:41.257957+00:00
CUR_HE706,Curitiba,4106902,0,URBS,603,https://moovitapp.com/index/pt-br/transporte_p%C3%BAblico-line-603_PINHEIRINHO_RUI_BARBOSA-Curitiba-942-9628-484781-0,-1.0,-25.513008,-49.295701,,False,5,2,2023-06-15T18:17:41.257957+00:00
CUR_HE718,Curitiba,4106902,0,URBS,603,https://moovitapp.com/index/pt-br/transporte_p%C3%BAblico-line-603_PINHEIRINHO_RUI_BARBOSA-Curitiba-942-9628-484781-0,-1.0,-25.441173,-49.27563,,False,5,1,2023-06-15T18:17:41.257957+00:00
CUR_ML307,Curitiba,4106902,0,URBS,307,https://moovitapp.com/index/pt-br/transporte_p%C3%BAblico-line-307_BAIRRO_ALTO_SANTA_FELICIDADE-Curitiba-942-9628-1323712-0,-1.0,-25.431411,-49.277883,,False,3,2,2023-06-15T18:17:41.257957+00:00
CUR_ML312,Curitiba,4106902,0,URBS,307,https://moovitapp.com/index/pt-br/transporte_p%C3%BAblico-line-307_BAIRRO_ALTO_SANTA_FELICIDADE-Curitiba-942-9628-1323712-0,-1.0,-25.428236,-49.284788,,False,3,1,2023-06-15T18:17:41.257957+00:00
CUR_BL325,Curitiba,4106902,0,URBS,307,https://moovitapp.com/index/pt-br/transporte_p%C3%BAblico-line-307_BAIRRO_ALTO_SANTA_FELICIDADE-Curitiba-942-9628-1323712-0,-1.0,-25.429663,-49.267661,,False,3,1,2023-06-15T18:17:41.257957+00:00
CUR_CL306,Curitiba,4106902,0,URBS,307,https://moovitapp.com/index/pt-br/transporte_p%C3%BAblico-line-307_BAIRRO_ALTO_SANTA_FELICIDADE-Curitiba-942-9628-1323712-0,-1.0,-25.424856,-49.242841,,False,3,2,2023-06-15T18:17:41.257957+00:00
CUR_BL328,Curitiba,4106902,0,URBS,307,https://moovitapp.com/index/pt-br/transporte_p%C3%BAblico-line-307_BAIRRO_ALTO_SANTA_FELICIDADE-Curitiba-942-9628-1323712-0,-1.0,-25.419,-49.293313,,False,3,2,2023-06-15T18:17:41.257957+00:00
CUR_CL303,Curitiba,4106902,0,URBS,307,https://moovitapp.com/index/pt-br/transporte_p%C3%BAblico-line-307_BAIRRO_ALTO_SANTA_FELICIDADE-Curitiba-942-9628-1323712-0,-1.0,-25.429361,-49.22049,,False,3,1,2023-06-15T18:17:41.257957+00:00
CUR_CL302,Curitiba,4106902,0,URBS,307,https://moovitapp.com/index/pt-br/transporte_p%C3%BAblico-line-307_BAIRRO_ALTO_SANTA_FELICIDADE-Curitiba-942-9628-1323712-0,-1.0,-25.423693,-49.2023,,False,3,2,2023-06-15T18:17:41.257957+00:00
CUR_ML309,Curitiba,4106902,0,URBS,307,https://moovitapp.com/index/pt-br/transporte_p%C3%BAblico-line-307_BAIRRO_ALTO_SANTA_FELICIDADE-Curitiba-942-9628-1323712-0,-1.0,-25.407361,-49.323076,,False,3,1,2023-06-15T18:17:41.257957+00:00
CUR_MA011,Curitiba,4106902,1,,924,,,-25.400615,-49.330826,,False,1,2,2023-06-15T18:16:41.257957+00:00
CUR_MI004,Curitiba,4106902,1,,924,,,-25.394588,-49.284998,,False,1,2,2023-06-15T18:17:41.257957+00:00
CUR_BI023,Curitiba,4106902,1,,924,,,-25.3774,-49.224183,,False,1,1,2023-06-15T18:17:41.257957+00:00
CUR_MI003,Curitiba,4106902,1,,924,,,-25.39639,-49.287535,,False,1,1,2023-06-15T18:17:41.257957+00:00
CUR_DR408,Curitiba,4106902,1,,335,,,-25.516803,-49.230686,,False,4,1,2023-06-15T18:17:41.257957+00:00
CUR_EI008,Curitiba,4106902,1,,335,,,-25.470098,-49.20798,,False,1,1,2023-06-15T18:15:41.257957+00:00
CUR_EI001,Curitiba,4106902,1,,561,,,-25.455451,-49.264403,,False,1,2,2023-06-15T18:14:41.257957+00:00
CUR_EI012,Curitiba,4106902,1,,561,,,-25.453711,-49.265301,,False,1,1,2023-06-15T18:17:41.257957+00:00
CUR_KE701,Curitiba,4106902,0,URBS,503,https://moovitapp.com/index/pt-br/transporte_p%C3%BAblico-line-503_BOQUEIR%C3%83O-Curitiba-942-9628-294244-0,-1.0,-25.511208,-49.232806,,False,5,1,2023-06-15T18:17:41.257957+00:00
CUR_KE702,Curitiba,4106902,0,URBS,503,https://moovitapp.com/index/pt-br/transporte_p%C3%BAblico-line-503_BOQUEIR%C3%83O-Curitiba-942-9628-294244-0,-1.0,-25.481933,-49.246976,,False,5,2,2023-06-15T18:17:41.257957+00:00
CUR_GE614,Curitiba,4106902,0,URBS,503,https://moovitapp.com/index/pt-br/transporte_p%C3%BAblico-line-503_BOQUEIR%C3%83O-Curitiba-942-9628-294244-0,-1.0,-25.43369,-49.270096,,False,4,1,2023-06-15T18:17:41.257957+00:00
CUR_KE706,Curitiba,4106902,0,URBS,503,https://moovitapp.com/index/pt-br/transporte_p%C3%BAblico-line-503_BOQUEIR%C3%83O-Curitiba-942-9628-294244-0,-1.0,-25.466955,-49.254246,,False,5,1,2023-06-15T18:17:41.257957+00:00
CUR_KE704,Curitiba,4106902,0,URBS,503,https://moovitapp.com/index/pt-br/transporte_p%C3%BAblico-line-503_BOQUEIR%C3%83O-Curitiba-942-9628-294244-0,-1.0,-25.44941,-49.262986,,False,5,2,2023-06-15T18:17:41.257957+00:00
CUR_JA030,Curitiba,4106902,1,,714,,,-25.483613,-49.349876,,False,1,,2023-06-15T18:16:41.257957+00:00
CUR_EB600,Curitiba,4106902,1,,021,,,-25.44522,-49.22345,,False,4,,2023-06-15T18:17:41.257957+00:00
CUR_BB610,Curitiba,4106902,1,,021,,,-25.487785,-49.256706,,False,4,,2023-06-15T18:17:41.257957+00:00
CUR_CB604,Curitiba,4106902,1,,021,,,-25.39057,-49.283533,,False,4,,2023-06-15T18:17:41.257957+00:00
CUR_BB614,Curitiba,4106902,1,,021,,,-25.436086,-49.307868,,False,4,,2023-06-15T18:17:41.257957+00:00
CUR_GB601,Curitiba,4106902,1,,021,,,-25.486043,-49.29968,,False,4,,2023-06-15T18:17:41.257957+00:00
CUR_EL329,Curitiba,4106902,1,URBS,506,https://moovitapp.com/index/pt-br/transporte_p%C3%BAblico-line-506_BAIRRO_NOVO-Curitiba-942-9628-294299-0,-1.0,-25.46058,-49.267246,,False,3,2,2023-06-15T18:17:41.257957+00:00
CUR_EL318,Curitiba,4106902,1,URBS,506,https://moovitapp.com/index/pt-br/transporte_p%C3%BAblico-line-506_BAIRRO_NOVO-Curitiba-942-9628-294299-0,-1.0,-25.495865,-49.275595,,False,3,1,2023-06-15T18:17:41.257957+00:00
CUR_GL302,Curitiba,4106902,0,URBS,506,https://moovitapp.com/index/pt-br/transporte_p%C3%BAblico-line-506_BAIRRO_NOVO-Curitiba-942-9628-294299-0,-1.0,-25.440011,-49.271943,,False,3,1,2023-06-15T18:17:41.257957+00:00
CUR_EL328,Curitiba,4106902,1,URBS,506,https://moovitapp.com/index/pt-br/transporte_p%C3%BAblico-line-506_BAIRRO_NOVO-Curitiba-942-9628-294299-0,-1.0,-25.534576,-49.268083,,False,3,1,2023-06-15T18:17:41.257957+00:00
CUR_EL327,Curitiba,4106902,1,URBS,506,https://moovitapp.com/index/pt-br/transporte_p%C3%BAblico-line-506_BAIRRO_NOVO-Curitiba-942-9628-294299-0,-1.0,-25.527083,-49.268068,,False,3,2,2023-06-15T18:17:41.257957+00:00
CUR_GL308,Curitiba,4106902,0,URBS,506,https://moovitapp.com/index/pt-br/transporte_p%C3%BAblico-line-506_BAIRRO_NOVO-Curitiba-942-9628-294299-0,-1.0,-25.54499,-49.265831,,False,3,2,2023-06-15T18:17:41.257957+00:00
CUR_BI879,Curitiba,4106902,1,,311,,,-25.439803,-49.222078,,False,7,1,2023-06-15T18:14:41.257957+00:00
CUR_BC314,Curitiba,4106902,1,,372,,,-25.428016,-49.246436,,False,10,2,2023-06-15T18:17:41.257957+00:00
CUR_CC301,Curitiba,4106902,1,,372,,,-25.43038,-49.210391,,False,10,1,2023-06-15T18:17:41.257957+00:00
CUR_BI029,Curitiba,4106902,1,,372,,,-25.422118,-49.199191,,False,1,2,2023-06-15T18:17:41.257957+00:00
CUR_BC015,Curitiba,4106902,1,,372,,,-25.430271,-49.267058,,False,1,1,2023-06-15T18:17:41.257957+00:00
CUR_BC002,Curitiba,4106902,1,,183,,,-25.377096,-49.277055,,False,1,1,2023-06-15T18:17:41.257957+00:00
CUR_BL313,Curitiba,4106902,0,URBS,700,https://moovitapp.com/index/pt-br/transporte_p%C3%BAblico-line-700_PINHEIRINHO_CABRAL-Curitiba-942-9628-757429-0,-1.0,-25.418985,-49.267921,,False,3,1,2023-06-15T18:17:41.257957+00:00
CUR_HL498,Curitiba,4106902,1,URBS,700,https://moovitapp.com/index/pt-br/transporte_p%C3%BAblico-line-700_PINHEIRINHO_CABRAL-Curitiba-942-9628-757429-0,-1.0,-25.504828,-49.297416,,False,3,2,2023-06-15T18:17:41.257957+00:00
CUR_BL310,Curitiba,4106902,0,URBS,700,https://moovitapp.com/index/pt-br/transporte_p%C3%BAblico-line-700_PINHEIRINHO_CABRAL-Curitiba-942-9628-757429-0,-1.0,-25.435265,-49.2627,,False,3,1,2023-06-15T18:16:41.257957+00:00
CUR_HL495,Curitiba,4106902,1,URBS,700,https://moovitapp.com/index/pt-br/transporte_p%C3%BAblico-line-700_PINHEIRINHO_CABRAL-Curitiba-942-9628-757429-0,-1.0,-25.4274,-49.264753,,False,3,2,2023-06-15T18:17:41.257957+00:00
CUR_BL305,Curitiba,4106902,0,URBS,700,https://moovitapp.com/index/pt-br/transporte_p%C3%BAblico-line-700_PINHEIRINHO_CABRAL-Curitiba-942-9628-757429-0,-1.0,-25.410111,-49.25584,,False,3,1,2023-06-15T18:17:41.257957+00:00
CUR_BL314,Curitiba,4106902,0,URBS,700,https://moovitapp.com/index/pt-br/transporte_p%C3%BAblico-line-700_PINHEIRINHO_CABRAL-Curitiba-942-9628-757429-0,-1.0,-25.511701,-49.294348,,False,3,1,2023-06-15T18:07:41.257957+00:00
CUR_GI024,Curitiba,4106902,1,,640,,,-25.552171,-49.295406,,False,1,1,2023-06-15T18:17:41.257957+00:00
CUR_GI048,Curitiba,4106902,1,,640,,,-25.512128,-49.294811,,False,1,1,2023-06-15T18:13:41.257957+00:00
CUR_BC315,Curitiba,4106902,1,,371,,,-25.419618,-49.232201,,False,10,2,2023-06-15T18:15:41.257957+00:00
CUR_BC313,Curitiba,4106902,1,,371,,,-25.427493,-49.262195,,False,10,1,2023-06-15T18:17:41.257957+00:00
CUR_BI865,Curitiba,4106902,1,,272,,,-25.395381,-49.258211,,False,7,1,2023-06-15T18:14:41.257957+00:00
CUR_BI885,Curitiba,4106902,1,,272,,,-25.377463,-49.25357,,False,7,2,2023-06-15T18:17:41.257957+00:00
CUR_BI882,Curitiba,4106902,1,Auto Viação São José,213,https://moovitapp.com/index/pt-br/transporte_p%C3%BAblico-line-213_PIT_PRA%C3%87A_DA_JUVENTUDE_CRISTAL_BLANCO_POMBO_HOR%C3%81RIO-Curitiba-942-857412-119631272-0,-1.0,-25.396448,-49.232478,,False,7,1,2023-06-15T18:17:41.257957+00:00
CUR_HI611,Curitiba,4106902,1,,684,,,-25.555696,-49.306248,,False,4,2,2023-06-15T18:13:41.257957+00:00
CUR_HI613,Curitiba,4106902,1,,684,,,-25.59349,-49.333906,,False,4,1,2023-06-15T18:17:41.257957+00:00
CUR_HI602,Curitiba,4106902,1,,684,,,-25.571763,-49.325588,,False,4,1,2023-06-15T18:16:41.257957+00:00
CUR_HR407,Curitiba,4106902,1,,684,,,-25.538615,-49.307676,,False,4,1,2023-06-15T18:17:41.257957+00:00
CUR_HA614,Curitiba,4106902,1,,684,,,-25.513173,-49.295256,,False,4,1,2023-06-15T18:17:41.257957+00:00
CUR_HI600,Curitiba,4106902,1,,646,,,-25.522663,-49.294775,,False,4,1,2023-06-15T18:17:41.257957+00:00
CUR_HI021,Curitiba,4106902,1,,646,,,-25.565188,-49.31518,,False,1,2,2023-06-15T18:14:41.257957+00:00
CUR_HA029,Curitiba,4106902,1,,646,,,-25.586853,-49.32218,,False,1,1,2023-06-15T18:17:41.257957+00:00
CUR_HI853,Curitiba,4106902,1,,644,,,-25.533236,-49.307905,,False,7,2,2023-06-15T18:17:41.257957+00:00
CUR_HI860,Curitiba,4106902,1,,674,,,-25.48988,-49.32125,,False,7,2,2023-06-15T18:17:41.257957+00:00
CUR_HA130,Curitiba,4106902,1,,826,,,-25.539341,-49.307696,,False,1,1,2023-06-15T18:17:41.257957+00:00
CUR_HI008,Curitiba,4106902,1,,826,,,-25.512365,-49.329906,,False,1,1,2023-06-15T18:17:41.257957+00:00
CUR_HI013,Curitiba,4106902,1,,826,,,-25.441573,-49.346758,,False,1,1,2023-06-15T18:17:41.257957+00:00
CUR_JA301,Curitiba,4106902,1,,826,,,-25.48389,-49.349588,,False,3,2,2023-06-15T18:17:41.257957+00:00
CUR_HB606,Curitiba,4106902,1,,060,,,-25.455351,-49.36051,,False,4,1,2023-06-15T18:17:41.257957+00:00
CUR_HB608,Curitiba,4106902,1,,060,,,-25.483663,-49.347396,,False,4,2,2023-06-15T18:17:41.257957+00:00
CUR_HB607,Curitiba,4106902,1,,060,,,-25.530186,-49.299063,,False,4,1,2023-06-15T18:17:41.257957+00:00
CUR_HE611,Curitiba,4106902,0,URBS,602,https://moovitapp.com/index/pt-br/transporte_p%C3%BAblico-line-602_CIRCULAR_SUL_ANTI_HOR%C3%81RIO-Curitiba-942-9628-294517-0,-1.0,-25.534376,-49.268451,,False,4,,2023-06-15T18:17:41.257957+00:00
CUR_HE604,Curitiba,4106902,0,URBS,602,https://moovitapp.com/index/pt-br/transporte_p%C3%BAblico-line-602_CIRCULAR_SUL_ANTI_HOR%C3%81RIO-Curitiba-942-9628-294517-0,-1.0,-25.492355,-49.293528,,False,4,,2023-06-15T18:17:41.257957+00:00
CUR_HE607,Curitiba,4106902,0,URBS,602,https://moovitapp.com/index/pt-br/transporte_p%C3%BAblico-line-602_CIRCULAR_SUL_ANTI_HOR%C3%81RIO-Curitiba-942-9628-294517-0,-1.0,-25.474398,-49.293333,,False,4,,2023-06-15T18:17:41.257957+00:00
CUR_GE604,Curitiba,4106902,0,URBS,602,https://moovitapp.com/index/pt-br/transporte_p%C3%BAblico-line-602_CIRCULAR_SUL_ANTI_HOR%C3%81RIO-Curitiba-942-9628-294517-0,-1.0,-25.520871,-49.295548,,False,4,,2023-06-15T18:17:41.257957+00:00
CUR_GE601,Curitiba,4106902,0,URBS,602,https://moovitapp.com/index/pt-br/transporte_p%C3%BAblico-line-602_CIRCULAR_SUL_ANTI_HOR%C3%81RIO-Curitiba-942-9628-294517-0,-1.0,-25.48959,-49.243366,,False,4,,2023-06-15T18:17:41.257957+00:00
CUR_HE605,Curitiba,4106902,0,URBS,602,https://moovitapp.com/index/pt-br/transporte_p%C3%BAblico-line-602_CIRCULAR_SUL_ANTI_HOR%C3%81RIO-Curitiba-942-9628-294517-0,-1.0,-25.523853,-49.227835,,False,4,,2023-06-15T18:17:41.257957+00:00
CUR_HE603,Curitiba,4106902,0,URBS,602,https://moovitapp.com/index/pt-br/transporte_p%C3%BAblico-line-602_CIRCULAR_SUL_ANTI_HOR%C3%81RIO-Curitiba-942-9628-294517-0,-1.0,-25.474496,-49.272936,,False,4,,2023-06-15T18:17:41.257957+00:00
CUR_MN608,Curitiba,4106902,1,,915,,,-25.397281,-49.334726,,False,7,2,2023-06-15T18:17:41.257957+00:00
CUR_MI001,Curitiba,4106902,1,,817,,,-25.433806,-49.310798,,False,1,2,2023-06-15T18:17:41.257957+00:00
CUR_BA010,Curitiba,4106902,1,,817,,,-25.402215,-49.327531,,False,1,1,2023-06-15T18:17:41.257957+00:00
CUR_CA600,Curitiba,4106902,1,Auto Viação São José,216,https://moovitapp.com/index/pt-br/transporte_p%C3%BAblico-line-216_PIT_PRA%C3%87A_DA_JUVENTUDE_SANTA_F%C3%89_PINDORAMA-Curitiba-942-857412-122004458-0,-1.0,-25.472916,-49.287011,,False,4,1,2023-06-15T18:17:41.257957+00:00
CUR_HI609,Curitiba,4106902,1,Auto Viação São José,216,https://moovitapp.com/index/pt-br/transporte_p%C3%BAblico-line-216_PIT_PRA%C3%87A_DA_JUVENTUDE_SANTA_F%C3%89_PINDORAMA-Curitiba-942-857412-122004458-0,-1.0,-25.44296,-49.242375,,False,4,2,2023-06-15T18:17:41.257957+00:00
CUR_BA603,Curitiba,4106902,1,Auto Viação São José,216,https://moovitapp.com/index/pt-br/transporte_p%C3%BAblico-line-216_PIT_PRA%C3%87A_DA_JUVENTUDE_SANTA_F%C3%89_PINDORAMA-Curitiba-942-857412-122004458-0,-1.0,-25.406846,-49.252533,,False,4,2,2023-06-15T18:17:41.257957+00:00
CUR_CA697,Curitiba,4106902,1,Auto Viação São José,216,https://moovitapp.com/index/pt-br/transporte_p%C3%BAblico-line-216_PIT_PRA%C3%87A_DA_JUVENTUDE_SANTA_F%C3%89_PINDORAMA-Curitiba-942-857412-122004458-0,-1.0,-25.431515,-49.245786,,False,4,1,2023-06-15T18:17:41.257957+00:00
CUR_CI008,Curitiba,4106902,1,,222,,,-25.393141,-49.241255,,False,1,1,2023-06-15T18:17:41.257957+00:00
CUR_CI001,Curitiba,4106902,1,,222,,,-25.384723,-49.195596,,False,1,2,2023-06-15T18:17:41.257957+00:00
CUR_JI948,Curitiba,4106902,1,,861,,,-25.459721,-49.338063,,False,7,1,2023-06-15T18:17:41.257957+00:00
CUR_BI020,Curitiba,4106902,1,,242,,,-25.394701,-49.242751,,False,1,2,2023-06-15T18:17:41.257957+00:00
CUR_BI024,Curitiba,4106902,1,,242,,,-25.35097,-49.254206,,False,1,1,2023-06-15T18:17:41.257957+00:00
CUR_HI608,Curitiba,4106902,1,,619,,,-25.576543,-49.333201,,False,4,2,2023-06-15T18:17:41.257957+00:00
CUR_HA609,Curitiba,4106902,1,,619,,,-25.539511,-49.308445,,False,4,1,2023-06-15T18:16:41.257957+00:00
CUR_HI023,Curitiba,4106902,1,,619,,,-25.516405,-49.326796,,False,1,1,2023-06-15T18:17:41.257957+00:00
CUR_HI299,Curitiba,4106902,1,,653,,,-25.539156,-49.30787,,False,1,1,2023-06-15T18:16:41.257957+00:00
CUR_HA016,Curitiba,4106902,1,,653,,,-25.50035,-49.349878,,False,1,2,2023-06-15T18:15:41.257957+00:00
CUR_HA017,Curitiba,4106902,1,,653,,,-25.511793,-49.328616,,False,1,1,2023-06-15T18:17:41.257957+00:00
CUR_MA949,Curitiba,4106902,1,,967,,,-25.411165,-49.296383,,False,7,1,2023-06-15T18:17:41.257957+00:00
CUR_GC001,Curitiba,4106902,1,,635,,,-25.53888,-49.298563,,False,1,1,2023-06-15T18:17:41.257957+00:00
CUR_GL311,Curitiba,4106902,0,URBS,508,https://moovitapp.com/index/pt-br/transporte_p%C3%BAblico-line-508_S%C3%8DTIO_CERCADO_ANTI_HOR%C3%81RIO-Curitiba-942-9628-294520-0,-1.0,-25.509275,-49.233643,,False,3,,2023-06-15T18:17:41.257957+00:00
CUR_GL329,Curitiba,4106902,1,URBS,508,https://moovitapp.com/index/pt-br/transporte_p%C3%BAblico-line-508_S%C3%8DTIO_CERCADO_ANTI_HOR%C3%81RIO-Curitiba-942-9628-294520-0,-1.0,-25.448016,-49.25797,,False,3,,2023-06-15T18:17:41.257957+00:00
CUR_GL327,Curitiba,4106902,1,URBS,508,https://moovitapp.com/index/pt-br/transporte_p%C3%BAblico-line-508_S%C3%8DTIO_CERCADO_ANTI_HOR%C3%81RIO-Curitiba-942-9628-294520-0,-1.0,-25.512401,-49.295681,,False,3,,2023-06-15T18:17:41.257957+00:00
CUR_GL316,Curitiba,4106902,0,URBS,508,https://moovitapp.com/index/pt-br/transporte_p%C3%BAblico-line-508_S%C3%8DTIO_CERCADO_ANTI_HOR%C3%81RIO-Curitiba-942-9628-294520-0,-1.0,-25.432291,-49.265598,,False,3,,2023-06-15T18:17:41.257957+00:00
CUR_GL328,Curitiba,4106902,1,URBS,508,https://moovitapp.com/index/pt-br/transporte_p%C3%BAblico-line-508_S%C3%8DTIO_CERCADO_ANTI_HOR%C3%81RIO-Curitiba-942-9628-294520-0,-1.0,-25.534683,-49.268358,,False,3,,2023-06-15T18:17:41.257957+00:00
CUR_HL315,Curitiba,4106902,0,URBS,508,https://moovitapp.com/index/pt-br/transporte_p%C3%BAblico-line-508_S%C3%8DTIO_CERCADO_ANTI_HOR%C3%81RIO-Curitiba-942-9628-294520-0,-1.0,-25.467928,-49.295453,,False,3,,2023-06-15T18:17:41.257957+00:00
CUR_BA015,Curitiba,4106902,1,,827,,,-25.437353,-49.361586,,False,1,2,2023-06-15T18:17:41.257957+00:00
CUR_JI013,Curitiba,4106902,1,,828,,,-25.492628,-49.308708,,False,1,2,2023-06-15T18:17:41.257957+00:00
CUR_HI009,Curitiba,4106902,1,,828,,,-25.455196,-49.348431,,False,1,2,2023-06-15T18:17:41.257957+00:00
CUR_JI014,Curitiba,4106902,1,,828,,,-25.470341,-49.331453,,False,1,1,2023-06-15T18:17:41.257957+00:00
CUR_JA028,Curitiba,4106902,1,,658,,,-25.499425,-49.342738,,False,1,1,2023-06-15T18:13:41.257957+00:00
CUR_HI019,Curitiba,4106902,1,,658,,,-25.539218,-49.307733,,False,1,1,2023-06-15T18:17:41.257957+00:00
CUR_HA006,Curitiba,4106902,1,,658,,,-25.497811,-49.341861,,False,1,2,2023-06-15T18:17:41.257957+00:00
CUR_JI022,Curitiba,4106902,1,,658,,,-25.48368,-49.348765,,False,1,1,2023-06-15T18:16:41.257957+00:00
CUR_HA005,Curitiba,4106902,1,,658,,,-25.493018,-49.298233,,False,1,2,2023-06-15T18:17:41.257957+00:00
CUR_JI863,Curitiba,4106902,1,,762,,,-25.435808,-49.274401,,False,7,1,2023-06-15T18:17:41.257957+00:00
CUR_JI866,Curitiba,4106902,1,,862,,,-25.441816,-49.286043,,False,7,1,2023-06-15T18:17:41.257957+00:00
CUR_HA311,Curitiba,4106902,1,,863,,,-25.450638,-49.274068,,False,3,2,2023-06-15T18:17:41.257957+00:00
CUR_HA010,Curitiba,4106902,1,,863,,,-25.440046,-49.27187,,False,1,1,2023-06-15T18:17:41.257957+00:00
CUR_CI006,Curitiba,4106902,1,,341,,,-25.399753,-49.201493,,False,1,1,2023-06-15T18:17:41.257957+00:00
CUR_CI003,Curitiba,4106902,1,,341,,,-25.388981,-49.206448,,False,1,2,2023-06-15T18:17:41.257957+00:00
CUR_BI862,Curitiba,4106902,1,,244,,,-25.36828,-49.25021,,False,7,2,2023-06-15T18:10:41.257957+00:00
CUR_HI001,Curitiba,4106902,1,,628,,,-25.543666,-49.344036,,False,1,2,2023-06-15T18:17:41.257957+00:00
CUR_HA015,Curitiba,4106902,1,,628,,,-25.492381,-49.293026,,False,1,1,2023-06-15T18:17:41.257957+00:00
CUR_HC304,Curitiba,4106902,1,,380,,,-25.430108,-49.271468,,False,10,2,2023-06-15T18:17:41.257957+00:00
CUR_CI005,Curitiba,4106902,1,,380,,,-25.427496,-49.237571,,False,1,1,2023-06-15T18:17:41.257957+00:00
CUR_CC302,Curitiba,4106902,1,,380,,,-25.44167,-49.30175,,False,10,1,2023-06-15T18:17:41.257957+00:00
CUR_HI007,Curitiba,4106902,1,,617,,,-25.517313,-49.295573,,False,1,1,2023-06-15T18:17:41.257957+00:00
CUR_HC013,Curitiba,4106902,1,,617,,,-25.539001,-49.308371,,False,1,1,2023-06-15T18:17:41.257957+00:00
CUR_DA292,Curitiba,4106902,1,,474,,,-25.457451,-49.24014,,False,1,2,2023-06-15T18:16:41.257957+00:00
CUR_HA013,Curitiba,4106902,1,,659,,,-25.541633,-49.302756,,False,1,2,2023-06-15T18:17:41.257957+00:00
CUR_HI024,Curitiba,4106902,1,,659,,,-25.604416,-49.326953,,False,1,1,2023-06-15T18:17:41.257957+00:00
CUR_MC307,Curitiba,4106902,1,,901,,,-25.423945,-49.288798,,False,3,1,2023-06-15T18:17:41.257957+00:00
CUR_MC300,Curitiba,4106902,1,,901,,,-25.401155,-49.329863,,False,3,2,2023-06-15T18:17:41.257957+00:00
CUR_MC306,Curitiba,4106902,1,,901,,,-25.422526,-49.283475,,False,3,2,2023-06-15T18:17:41.257957+00:00
CUR_BC301,Curitiba,4106902,1,,182,,,-25.412726,-49.271421,,False,3,2,2023-06-15T18:17:41.257957+00:00
CUR_BI013,Curitiba,4106902,1,,182,,,-25.387445,-49.267556,,False,1,1,2023-06-15T18:17:41.257957+00:00
CUR_MC080,Curitiba,4106902,1,,917,,,-25.399535,-49.334111,,False,1,1,2023-06-15T18:17:41.257957+00:00
CUR_DC854,Curitiba,4106902,1,,387,,,-25.430103,-49.249515,,False,7,1,2023-06-15T18:17:41.257957+00:00
CUR_HI855,Curitiba,4106902,1,,814,,,-25.430601,-49.329605,,False,7,2,2023-06-15T18:15:41.257957+00:00
CUR_BA024,Curitiba,4106902,1,,342,,,-25.388591,-49.205495,,False,1,1,2023-06-15T18:17:41.257957+00:00
CUR_BI012,Curitiba,4106902,1,,342,,,-25.385435,-49.203668,,False,1,2,2023-06-15T18:17:41.257957+00:00
CUR_HL316,Curitiba,4106902,0,URBS,607,https://moovitapp.com/index/pt-br/transporte_p%C3%BAblico-line-607_COLOMBO_CIC-Curitiba-942-9628-294348-0,-1.0,-25.371193,-49.19737,,False,3,1,2023-06-15T18:17:41.257957+00:00
CUR_HL329,Curitiba,4106902,1,URBS,607,https://moovitapp.com/index/pt-br/transporte_p%C3%BAblico-line-607_COLOMBO_CIC-Curitiba-942-9628-294348-0,-1.0,-25.386098,-49.233646,,False,3,2,2023-06-15T18:17:41.257957+00:00
CUR_HL496,Curitiba,4106902,1,URBS,607,https://moovitapp.com/index/pt-br/transporte_p%C3%BAblico-line-607_COLOMBO_CIC-Curitiba-942-9628-294348-0,-1.0,-25.428876,-49.26982,,False,3,2,2023-06-15T18:16:41.257957+00:00
CUR_HL331,Curitiba,4106902,1,URBS,607,https://moovitapp.com/index/pt-br/transporte_p%C3%BAblico-line-607_COLOMBO_CIC-Curitiba-942-9628-294348-0,-1.0,-25.438468,-49.270203,,False,3,1,2023-06-15T18:17:41.257957+00:00
CUR_HL320,Curitiba,4106902,0,URBS,607,https://moovitapp.com/index/pt-br/transporte_p%C3%BAblico-line-607_COLOMBO_CIC-Curitiba-942-9628-294348-0,-1.0,-25.458035,-49.270356,,False,3,2,2023-06-15T18:17:41.257957+00:00
CUR_GI851,Curitiba,4106902,1,,665,,,-25.481005,-49.29074,,False,7,1,2023-06-15T18:17:41.257957+00:00
CUR_GI008,Curitiba,4106902,1,,665,,,-25.470806,-49.284656,,False,1,2,2023-06-15T18:17:41.257957+00:00
CUR_BI874,Curitiba,4106902,1,,224,,,-25.379821,-49.234223,,False,7,,2023-06-15T18:17:41.257957+00:00
CUR_BI901,Curitiba,4106902,1,,361,,,-25.417483,-49.246563,,False,7,1,2023-06-15T18:17:41.257957+00:00
CUR_BA031,Curitiba,4106902,1,,375,,,-25.428443,-49.228673,,False,1,1,2023-06-15T18:14:41.257957+00:00
CUR_BC014,Curitiba,4106902,1,,375,,,-25.415328,-49.281026,,False,1,1,2023-06-15T18:17:41.257957+00:00
CUR_HE719,Curitiba,4106902,0,URBS,550,https://moovitapp.com/index/pt-br/transporte_p%C3%BAblico-line-550_LIGEIR%C3%83O_PINHEIRINHO_CARLOS_GOMES-Curitiba-942-9628-1254061-0,-1.0,-25.459083,-49.258256,,False,5,2,2023-06-15T18:17:41.257957+00:00
CUR_HE702,Curitiba,4106902,0,URBS,550,https://moovitapp.com/index/pt-br/transporte_p%C3%BAblico-line-550_LIGEIR%C3%83O_PINHEIRINHO_CARLOS_GOMES-Curitiba-942-9628-1254061-0,-1.0,-25.539796,-49.308065,,False,5,1,2023-06-15T18:17:41.257957+00:00
CUR_GE727,Curitiba,4106902,0,URBS,550,https://moovitapp.com/index/pt-br/transporte_p%C3%BAblico-line-550_LIGEIR%C3%83O_PINHEIRINHO_CARLOS_GOMES-Curitiba-942-9628-1254061-0,-1.0,-25.469098,-49.253738,,False,5,1,2023-06-15T18:17:41.257957+00:00
CUR_HE720,Curitiba,4106902,0,URBS,550,https://moovitapp.com/index/pt-br/transporte_p%C3%BAblico-line-550_LIGEIR%C3%83O_PINHEIRINHO_CARLOS_GOMES-Curitiba-942-9628-1254061-0,-1.0,-25.44989,-49.262705,,False,5,1,2023-06-15T18:17:41.257957+00:00
CUR_HE711,Curitiba,4106902,0,URBS,550,https://moovitapp.com/index/pt-br/transporte_p%C3%BAblico-line-550_LIGEIR%C3%83O_PINHEIRINHO_CARLOS_GOMES-Curitiba-942-9628-1254061-0,-1.0,-25.48406,-49.265963,,False,5,2,2023-06-15T18:17:41.257957+00:00
CUR_GE733,Curitiba,4106902,0,URBS,550,https://moovitapp.com/index/pt-br/transporte_p%C3%BAblico-line-550_LIGEIR%C3%83O_PINHEIRINHO_CARLOS_GOMES-Curitiba-942-9628-1254061-0,-1.0,-25.43656,-49.269268,,False,5,2,2023-06-15T18:17:41.257957+00:00
CUR_GE730,Curitiba,4106902,0,URBS,550,https://moovitapp.com/index/pt-br/transporte_p%C3%BAblico-line-550_LIGEIR%C3%83O_PINHEIRINHO_CARLOS_GOMES-Curitiba-942-9628-1254061-0,-1.0,-25.512131,-49.294603,,False,5,1,2023-06-15T18:17:41.257957+00:00
CUR_BE722,Curitiba,4106902,0,URBS,350,https://moovitapp.com/index/pt-br/transporte_p%C3%BAblico-line-350_FAGUNDES_VARELA_PINHEIRINHO-Curitiba-942-9628-52482798-0,-1.0,-25.395063,-49.24223,,False,5,1,2023-06-15T18:17:41.257957+00:00
CUR_GE607,Curitiba,4106902,0,URBS,350,https://moovitapp.com/index/pt-br/transporte_p%C3%BAblico-line-350_FAGUNDES_VARELA_PINHEIRINHO-Curitiba-942-9628-52482798-0,-1.0,-25.44176,-49.233708,,False,4,2,2023-06-15T18:16:41.257957+00:00
CUR_HE700,Curitiba,4106902,0,URBS,350,https://moovitapp.com/index/pt-br/transporte_p%C3%BAblico-line-350_FAGUNDES_VARELA_PINHEIRINHO-Curitiba-942-9628-52482798-0,-1.0,-25.468398,-49.253298,,False,5,1,2023-06-15T18:15:41.257957+00:00
CUR_BE707,Curitiba,4106902,0,URBS,350,https://moovitapp.com/index/pt-br/transporte_p%C3%BAblico-line-350_FAGUNDES_VARELA_PINHEIRINHO-Curitiba-942-9628-52482798-0,-1.0,-25.513455,-49.294621,,False,5,2,2023-06-15T18:17:41.257957+00:00
CUR_DA023,Curitiba,4106902,1,,338,,,-25.479323,-49.246685,,False,1,2,2023-06-15T18:17:41.257957+00:00
CUR_DC088,Curitiba,4106902,1,,338,,,-25.472606,-49.200238,,False,1,2,2023-06-15T18:17:41.257957+00:00
CUR_DA013,Curitiba,4106902,1,,338,,,-25.484593,-49.205573,,False,1,1,2023-06-15T18:14:41.257957+00:00
CUR_DC084,Curitiba,4106902,0,,338,,,-25.489323,-49.223101,,False,1,1,2023-06-15T18:17:41.257957+00:00
CUR_DC085,Curitiba,4106902,1,,338,,,-25.500878,-49.211231,,False,1,2,2023-06-15T18:15:41.257957+00:00
CUR_BE723,Curitiba,4106902,0,URBS,200,https://moovitapp.com/index/pt-br/transporte_p%C3%BAblico-line-200_LIGEIR%C3%83O_SANTA_C%C3%82NDIDA_PRA%C3%87A_DO_JAP%C3%83O-Curitiba-942-9628-1323763-0,-1.0,-25.37742,-49.224986,,False,5,1,2023-06-15T18:10:41.257957+00:00
CUR_BE725,Curitiba,4106902,0,URBS,200,https://moovitapp.com/index/pt-br/transporte_p%C3%BAblico-line-200_LIGEIR%C3%83O_SANTA_C%C3%82NDIDA_PRA%C3%87A_DO_JAP%C3%83O-Curitiba-942-9628-1323763-0,-1.0,-25.39487,-49.242783,,False,5,1,2023-06-15T18:17:41.257957+00:00
CUR_BE724,Curitiba,4106902,0,URBS,200,https://moovitapp.com/index/pt-br/transporte_p%C3%BAblico-line-200_LIGEIR%C3%83O_SANTA_C%C3%82NDIDA_PRA%C3%87A_DO_JAP%C3%83O-Curitiba-942-9628-1323763-0,-1.0,-25.42921,-49.26804,,False,5,2,2023-06-15T18:16:41.257957+00:00
CUR_BE721,Curitiba,4106902,0,URBS,200,https://moovitapp.com/index/pt-br/transporte_p%C3%BAblico-line-200_LIGEIR%C3%83O_SANTA_C%C3%82NDIDA_PRA%C3%87A_DO_JAP%C3%83O-Curitiba-942-9628-1323763-0,-1.0,-25.39367,-49.240775,,False,5,1,2023-06-15T18:17:41.257957+00:00
CUR_GE703,Curitiba,4106902,0,URBS,200,https://moovitapp.com/index/pt-br/transporte_p%C3%BAblico-line-200_LIGEIR%C3%83O_SANTA_C%C3%82NDIDA_PRA%C3%87A_DO_JAP%C3%83O-Curitiba-942-9628-1323763-0,-1.0,-25.389105,-49.236398,,False,5,2,2023-06-15T18:17:41.257957+00:00
CUR_BE712,Curitiba,4106902,0,URBS,200,https://moovitapp.com/index/pt-br/transporte_p%C3%BAblico-line-200_LIGEIR%C3%83O_SANTA_C%C3%82NDIDA_PRA%C3%87A_DO_JAP%C3%83O-Curitiba-942-9628-1323763-0,-1.0,-25.444828,-49.285656,,False,5,1,2023-06-15T18:17:41.257957+00:00
CUR_BE704,Curitiba,4106902,0,URBS,200,https://moovitapp.com/index/pt-br/transporte_p%C3%BAblico-line-200_LIGEIR%C3%83O_SANTA_C%C3%82NDIDA_PRA%C3%87A_DO_JAP%C3%83O-Curitiba-942-9628-1323763-0,-1.0,-25.39502,-49.242568,,False,5,1,2023-06-15T18:17:41.257957+00:00
CUR_DA019,Curitiba,4106902,0,,560,,,-25.43524,-49.273541,,False,1,1,2023-06-15T18:17:41.257957+00:00
CUR_BI001,Curitiba,4106902,1,,226,,,-25.395208,-49.242913,,False,1,2,2023-06-15T18:06:41.257957+00:00
CUR_BA030,Curitiba,4106902,1,,226,,,-25.387291,-49.245236,,False,1,1,2023-06-15T18:17:41.257957+00:00
CUR_BI888,Curitiba,4106902,1,,274,,,-25.407326,-49.256681,,False,7,1,2023-06-15T18:17:41.257957+00:00
CUR_BI863,Curitiba,4106902,1,,274,,,-25.393983,-49.258733,,False,7,2,2023-06-15T18:17:41.257957+00:00
CUR_MT013,Curitiba,4106902,0,,979,,,-25.419565,-49.293938,,False,3,,2023-06-15T18:17:41.257957+00:00
CUR_BT009,Curitiba,4106902,0,,979,,,-25.431831,-49.276935,,False,3,,2023-06-15T18:17:41.257957+00:00
CUR_MT010,Curitiba,4106902,0,,979,,,-25.404411,-49.288518,,False,3,,2023-06-15T18:16:41.257957+00:00
CUR_MT011,Curitiba,4106902,0,,979,,,-25.38556,-49.29958,,False,3,,2023-06-15T18:17:41.257957+00:00
CUR_BT010,Curitiba,4106902,0,,979,,,-25.447968,-49.25745,,False,3,,2023-06-15T18:16:41.257957+00:00
CUR_BT007,Curitiba,4106902,0,,979,,,-25.43034,-49.267038,,False,3,,2023-06-15T18:17:41.257957+00:00
CUR_JI857,Curitiba,4106902,1,,761,,,-25.45254,-49.289748,,False,7,2,2023-06-15T18:17:41.257957+00:00
CUR_DC850,Curitiba,4106902,1,,477,,,-25.47703,-49.223231,,False,7,1,2023-06-15T18:17:41.257957+00:00
CUR_GI012,Curitiba,4106902,1,,649,,,-25.5126,-49.294728,,False,1,1,2023-06-15T18:17:41.257957+00:00
CUR_GI016,Curitiba,4106902,1,,649,,,-25.534556,-49.268615,,False,1,2,2023-06-15T18:17:41.257957+00:00
CUR_BL340,Curitiba,4106902,1,URBS,256,https://moovitapp.com/index/pt-br/transporte_p%C3%BAblico-line-256_BARREIRINHA_GUADALUPE-Curitiba-942-9628-398191-0,-1.0,-25.409941,-49.264311,,False,3,2,2023-06-15T18:16:41.257957+00:00
CUR_BL316,Curitiba,4106902,0,URBS,256,https://moovitapp.com/index/pt-br/transporte_p%C3%BAblico-line-256_BARREIRINHA_GUADALUPE-Curitiba-942-9628-398191-0,-1.0,-25.398465,-49.258936,,False,3,1,2023-06-15T18:17:41.257957+00:00
CUR_BL312,Curitiba,4106902,0,URBS,256,https://moovitapp.com/index/pt-br/transporte_p%C3%BAblico-line-256_BARREIRINHA_GUADALUPE-Curitiba-942-9628-398191-0,-1.0,-25.431256,-49.266166,,False,3,1,2023-06-15T18:17:41.257957+00:00
CUR_JI600,Curitiba,4106902,1,,545,,,-25.534445,-49.267883,,False,4,2,2023-06-15T18:17:41.257957+00:00
CUR_GI603,Curitiba,4106902,1,,545,,,-25.530166,-49.299036,,False,4,1,2023-06-15T18:17:41.257957+00:00
CUR_KA602,Curitiba,4106902,1,,545,,,-25.478543,-49.325548,,False,4,1,2023-06-15T18:17:41.257957+00:00
CUR_KA600,Curitiba,4106902,1,,545,,,-25.531153,-49.25793,,False,4,1,2023-06-15T18:17:41.257957+00:00
CUR_KA604,Curitiba,4106902,1,,545,,,-25.515066,-49.328543,,False,4,2,2023-06-15T18:17:41.257957+00:00
CUR_BI898,Curitiba,4106902,1,,169,,,-25.41556,-49.273951,,False,7,1,2023-06-15T18:17:41.257957+00:00
CUR_BI853,Curitiba,4106902,1,,169,,,-25.39795,-49.28676,,False,7,2,2023-06-15T18:17:41.257957+00:00
CUR_HI027,Curitiba,4106902,1,,630,,,-25.540086,-49.340636,,False,1,1,2023-06-15T18:16:41.257957+00:00
CUR_HI043,Curitiba,4106902,1,,630,,,-25.512725,-49.295118,,False,1,1,2023-06-15T18:17:41.257957+00:00
CUR_MI856,Curitiba,4106902,1,,913,,,-25.404266,-49.351516,,False,7,1,2023-06-15T18:17:41.257957+00:00
CUR_DA011,Curitiba,4106902,1,,322,,,-25.452583,-49.21481,,False,1,1,2023-06-15T18:17:41.257957+00:00
CUR_HI002,Curitiba,4106902,1,,772,,,-25.617221,-49.351853,,False,1,1,2023-06-15T18:14:41.257957+00:00
CUR_HI022,Curitiba,4106902,1,,772,,,-25.512081,-49.29499,,False,1,1,2023-06-15T18:17:41.257957+00:00
CUR_HA608,Curitiba,4106902,1,,772,,,-25.538888,-49.308308,,False,4,1,2023-06-15T18:17:41.257957+00:00
CUR_HA616,Curitiba,4106902,1,,772,,,-25.616175,-49.355461,,False,4,2,2023-06-15T18:17:41.257957+00:00
CUR_DC294,Curitiba,4106902,1,,334,,,-25.459536,-49.19673,,False,1,,2023-06-15T18:17:41.257957+00:00
CUR_BA013,Curitiba,4106902,1,,160,,,-25.426456,-49.279468,,False,1,2,2023-06-15T18:17:41.257957+00:00
CUR_BC025,Curitiba,4106902,1,,160,,,-25.44522,-49.268173,,False,1,1,2023-06-15T18:17:41.257957+00:00
CUR_DA291,Curitiba,4106902,1,,621,,,-25.495045,-49.292173,,False,1,1,2023-06-15T18:17:41.257957+00:00
CUR_DA033,Curitiba,4106902,1,,621,,,-25.484708,-49.252568,,False,1,1,2023-06-15T18:17:41.257957+00:00
CUR_DA029,Curitiba,4106902,1,,621,,,-25.480245,-49.26815,,False,1,2,2023-06-15T18:17:41.257957+00:00
CUR_DN603,Curitiba,4106902,1,,516,,,-25.481621,-49.246861,,False,7,1,2023-06-15T18:17:41.257957+00:00
CUR_BI857,Curitiba,4106902,1,,343,,,-25.401761,-49.210666,,False,7,1,2023-06-15T18:17:41.257957+00:00
CUR_DC852,Curitiba,4106902,1,,466,,,-25.43456,-49.260648,,False,7,2,2023-06-15T18:16:41.257957+00:00
CUR_BI002,Curitiba,4106902,1,Auto Viação São José,211,https://moovitapp.com/index/pt-br/transporte_p%C3%BAblico-line-211_PIT_PRA%C3%87A_DA_JUVENTUDE_IZAURA_IP%C3%8A-Curitiba-942-857412-73553392-0,-1.0,-25.403085,-49.242023,,False,1,1,2023-06-15T18:17:41.257957+00:00
CUR_BI004,Curitiba,4106902,1,Auto Viação São José,211,https://moovitapp.com/index/pt-br/transporte_p%C3%BAblico-line-211_PIT_PRA%C3%87A_DA_JUVENTUDE_IZAURA_IP%C3%8A-Curitiba-942-857412-73553392-0,-1.0,-25.410011,-49.224343,,False,1,2,2023-06-15T18:17:41.257957+00:00
CUR_DC853,Curitiba,4106902,1,,331,,,-25.4692,-49.208245,,False,7,,2023-06-15T18:17:41.257957+00:00
CUR_DA020,Curitiba,4106902,0,,323,,,-25.452655,-49.198521,,False,1,,2023-06-15T18:17:41.257957+00:00
CUR_MC079,Curitiba,4106902,1,,972,,,-25.419423,-49.29306,,False,1,2,2023-06-15T18:17:41.257957+00:00
CUR_MC077,Curitiba,4106902,1,,972,,,-25.41356,-49.310813,,False,1,1,2023-06-15T18:17:41.257957+00:00
CUR_EL326,Curitiba,4106902,1,URBS,507,https://moovitapp.com/index/pt-br/transporte_p%C3%BAblico-line-507_S%C3%8DTIO_CERCADO_HOR%C3%81RIO-Curitiba-942-9628-294494-0,-1.0,-25.512211,-49.294491,,False,3,,2023-06-15T18:17:41.257957+00:00
CUR_EL322,Curitiba,4106902,1,URBS,507,https://moovitapp.com/index/pt-br/transporte_p%C3%BAblico-line-507_S%C3%8DTIO_CERCADO_HOR%C3%81RIO-Curitiba-942-9628-294494-0,-1.0,-25.457835,-49.286681,,False,3,,2023-06-15T18:17:41.257957+00:00
CUR_EL319,Curitiba,4106902,1,URBS,507,https://moovitapp.com/index/pt-br/transporte_p%C3%BAblico-line-507_S%C3%8DTIO_CERCADO_HOR%C3%81RIO-Curitiba-942-9628-294494-0,-1.0,-25.531316,-49.258628,,False,3,,2023-06-15T18:16:41.257957+00:00
CUR_EL325,Curitiba,4106902,1,URBS,507,https://moovitapp.com/index/pt-br/transporte_p%C3%BAblico-line-507_S%C3%8DTIO_CERCADO_HOR%C3%81RIO-Curitiba-942-9628-294494-0,-1.0,-25.446318,-49.258731,,False,3,,2023-06-15T18:15:41.257957+00:00
CUR_EL333,Curitiba,4106902,1,URBS,507,https://moovitapp.com/index/pt-br/transporte_p%C3%BAblico-line-507_S%C3%8DTIO_CERCADO_HOR%C3%81RIO-Curitiba-942-9628-294494-0,-1.0,-25.43362,-49.263476,,False,3,,2023-06-15T18:17:41.257957+00:00
CUR_EL313,Curitiba,4106902,0,URBS,507,https://moovitapp.com/index/pt-br/transporte_p%C3%BAblico-line-507_S%C3%8DTIO_CERCADO_HOR%C3%81RIO-Curitiba-942-9628-294494-0,-1.0,-25.516471,-49.231036,,False,3,,2023-06-15T18:17:41.257957+00:00
CUR_HI048,Curitiba,4106902,1,,622,,,-25.498191,-49.33066,,False,1,2,2023-06-15T18:17:41.257957+00:00
CUR_EA023,Curitiba,4106902,1,Auto Viação São José,531,https://moovitapp.com/index/pt-br/transporte_p%C3%BAblico-line-531_BAIRRO_A_BAIRRO_1-Curitiba-942-857412-1570571-0,-1.0,-25.545071,-49.244073,,False,1,1,2023-06-15T18:17:41.257957+00:00
CUR_EA024,Curitiba,4106902,1,Auto Viação São José,531,https://moovitapp.com/index/pt-br/transporte_p%C3%BAblico-line-531_BAIRRO_A_BAIRRO_1-Curitiba-942-857412-1570571-0,-1.0,-25.52016,-49.235535,,False,1,2,2023-06-15T18:17:41.257957+00:00
CUR_EA021,Curitiba,4106902,1,,521,,,-25.507636,-49.249536,,False,1,2,2023-06-15T18:17:41.257957+00:00
CUR_EL320,Curitiba,4106902,1,URBS,505,https://moovitapp.com/index/pt-br/transporte_p%C3%BAblico-line-505_BOQUEIR%C3%83O_CENTRO_C%C3%8DVICO-Curitiba-942-9628-531685-0,-1.0,-25.426835,-49.265086,,False,3,1,2023-06-15T18:15:41.257957+00:00
CUR_EL331,Curitiba,4106902,1,URBS,505,https://moovitapp.com/index/pt-br/transporte_p%C3%BAblico-line-505_BOQUEIR%C3%83O_CENTRO_C%C3%8DVICO-Curitiba-942-9628-531685-0,-1.0,-25.433233,-49.2652,,False,3,2,2023-06-15T18:17:41.257957+00:00
CUR_EL321,Curitiba,4106902,1,URBS,505,https://moovitapp.com/index/pt-br/transporte_p%C3%BAblico-line-505_BOQUEIR%C3%83O_CENTRO_C%C3%8DVICO-Curitiba-942-9628-531685-0,-1.0,-25.44782,-49.257966,,False,3,1,2023-06-15T18:17:41.257957+00:00
CUR_EL330,Curitiba,4106902,1,URBS,505,https://moovitapp.com/index/pt-br/transporte_p%C3%BAblico-line-505_BOQUEIR%C3%83O_CENTRO_C%C3%8DVICO-Curitiba-942-9628-531685-0,-1.0,-25.50162,-49.237593,,False,3,1,2023-06-15T18:17:41.257957+00:00
CUR_EL324,Curitiba,4106902,1,URBS,505,https://moovitapp.com/index/pt-br/transporte_p%C3%BAblico-line-505_BOQUEIR%C3%83O_CENTRO_C%C3%8DVICO-Curitiba-942-9628-531685-0,-1.0,-25.412865,-49.265706,,False,3,1,2023-06-15T18:05:41.257957+00:00
CUR_BL302,Curitiba,4106902,0,URBS,505,https://moovitapp.com/index/pt-br/transporte_p%C3%BAblico-line-505_BOQUEIR%C3%83O_CENTRO_C%C3%8DVICO-Curitiba-942-9628-531685-0,-1.0,-25.414986,-49.28085,,False,3,1,2023-06-15T18:17:41.257957+00:00
CUR_BL311,Curitiba,4106902,0,URBS,505,https://moovitapp.com/index/pt-br/transporte_p%C3%BAblico-line-505_BOQUEIR%C3%83O_CENTRO_C%C3%8DVICO-Curitiba-942-9628-531685-0,-1.0,-25.477693,-49.249173,,False,3,2,2023-06-15T18:17:41.257957+00:00
CUR_EI020,Curitiba,4106902,1,,475,,,-25.504008,-49.217903,,False,1,2,2023-06-15T18:17:41.257957+00:00
CUR_EI017,Curitiba,4106902,1,,475,,,-25.434811,-49.262901,,False,1,2,2023-06-15T18:17:41.257957+00:00
CUR_BI892,Curitiba,4106902,1,,181,,,-25.416421,-49.269571,,False,7,1,2023-06-15T18:17:41.257957+00:00
CUR_JI603,Curitiba,4106902,1,,703,,,-25.477901,-49.328121,,False,4,2,2023-06-15T18:16:41.257957+00:00
CUR_JC310,Curitiba,4106902,1,,703,,,-25.451956,-49.295416,,False,3,2,2023-06-15T18:17:41.257957+00:00
CUR_JI604,Curitiba,4106902,1,,703,,,-25.460036,-49.302748,,False,4,1,2023-06-15T18:17:41.257957+00:00
CUR_JC305,Curitiba,4106902,1,,703,,,-25.482855,-49.34627,,False,3,1,2023-06-15T18:17:41.257957+00:00
CUR_JC308,Curitiba,4106902,1,,703,,,-25.434758,-49.272193,,False,3,1,2023-06-15T18:17:41.257957+00:00
CUR_BI022,Curitiba,4106902,1,,225,,,-25.383618,-49.249956,,False,1,2,2023-06-15T18:17:41.257957+00:00
CUR_BI871,Curitiba,4106902,1,,280,,,-25.370491,-49.23767,,False,7,2,2023-06-15T18:17:41.257957+00:00
CUR_BI878,Curitiba,4106902,1,,280,,,-25.430138,-49.2716,,False,7,1,2023-06-15T18:17:41.257957+00:00
CUR_GI039,Curitiba,4106902,1,,633,,,-25.526591,-49.27665,,False,1,1,2023-06-15T18:14:41.257957+00:00
CUR_GI038,Curitiba,4106902,1,,633,,,-25.522405,-49.283788,,False,1,2,2023-06-15T18:17:41.257957+00:00
CUR_BI889,Curitiba,4106902,1,,266,,,-25.394723,-49.242795,,False,7,1,2023-06-15T18:17:41.257957+00:00
CUR_BI893,Curitiba,4106902,1,,266,,,-25.429023,-49.270231,,False,7,1,2023-06-15T18:09:41.257957+00:00
CUR_BA016,Curitiba,4106902,1,,815,,,-25.414835,-49.280933,,False,1,,2023-06-15T18:17:41.257957+00:00
CUR_GI046,Curitiba,4106902,1,,637,,,-25.512346,-49.295141,,False,1,1,2023-06-15T18:17:41.257957+00:00
CUR_GE728,Curitiba,4106902,0,URBS,500,https://moovitapp.com/index/pt-br/transporte_p%C3%BAblico-line-500_LIGEIR%C3%83O_BOQUEIR%C3%83O-Curitiba-942-9628-294422-0,-1.0,-25.438093,-49.268486,,False,5,2,2023-06-15T18:12:41.257957+00:00
CUR_GE725,Curitiba,4106902,0,URBS,500,https://moovitapp.com/index/pt-br/transporte_p%C3%BAblico-line-500_LIGEIR%C3%83O_BOQUEIR%C3%83O-Curitiba-942-9628-294422-0,-1.0,-25.448938,-49.263215,,False,5,1,2023-06-15T18:17:41.257957+00:00
CUR_GE702,Curitiba,4106902,0,URBS,500,https://moovitapp.com/index/pt-br/transporte_p%C3%BAblico-line-500_LIGEIR%C3%83O_BOQUEIR%C3%83O-Curitiba-942-9628-294422-0,-1.0,-25.47736,-49.249351,,False,5,2,2023-06-15T18:17:41.257957+00:00
CUR_GE717,Curitiba,4106902,0,URBS,500,https://moovitapp.com/index/pt-br/transporte_p%C3%BAblico-line-500_LIGEIR%C3%83O_BOQUEIR%C3%83O-Curitiba-942-9628-294422-0,-1.0,-25.493636,-49.241381,,False,5,1,2023-06-15T18:17:41.257957+00:00
CUR_DE711,Curitiba,4106902,0,URBS,303,https://moovitapp.com/index/pt-br/transporte_p%C3%BAblico-line-303_CENTEN%C3%81RIO_CAMPO_COMPRIDO-Curitiba-942-9628-531689-0,-1.0,-25.435856,-49.306843,,False,5,2,2023-06-15T18:17:41.257957+00:00
CUR_JE702,Curitiba,4106902,0,URBS,303,https://moovitapp.com/index/pt-br/transporte_p%C3%BAblico-line-303_CENTEN%C3%81RIO_CAMPO_COMPRIDO-Curitiba-942-9628-531689-0,-1.0,-25.465436,-49.209736,,False,5,2,2023-06-15T18:15:41.257957+00:00
CUR_JE705,Curitiba,4106902,0,URBS,303,https://moovitapp.com/index/pt-br/transporte_p%C3%BAblico-line-303_CENTEN%C3%81RIO_CAMPO_COMPRIDO-Curitiba-942-9628-531689-0,-1.0,-25.438486,-49.332705,,False,5,2,2023-06-15T18:16:41.257957+00:00
CUR_JE706,Curitiba,4106902,0,URBS,303,https://moovitapp.com/index/pt-br/transporte_p%C3%BAblico-line-303_CENTEN%C3%81RIO_CAMPO_COMPRIDO-Curitiba-942-9628-531689-0,-1.0,-25.441685,-49.346926,,False,5,1,2023-06-15T18:17:41.257957+00:00
CUR_JE710,Curitiba,4106902,0,URBS,303,https://moovitapp.com/index/pt-br/transporte_p%C3%BAblico-line-303_CENTEN%C3%81RIO_CAMPO_COMPRIDO-Curitiba-942-9628-531689-0,-1.0,-25.431651,-49.278268,,False,5,1,2023-06-15T18:17:41.257957+00:00
CUR_JE709,Curitiba,4106902,0,URBS,303,https://moovitapp.com/index/pt-br/transporte_p%C3%BAblico-line-303_CENTEN%C3%81RIO_CAMPO_COMPRIDO-Curitiba-942-9628-531689-0,-1.0,-25.435741,-49.260601,,False,5,2,2023-06-15T18:17:41.257957+00:00
CUR_JE707,Curitiba,4106902,0,URBS,303,https://moovitapp.com/index/pt-br/transporte_p%C3%BAblico-line-303_CENTEN%C3%81RIO_CAMPO_COMPRIDO-Curitiba-942-9628-531689-0,-1.0,-25.441828,-49.231501,,False,5,1,2023-06-15T18:17:41.257957+00:00
CUR_DE722,Curitiba,4106902,0,URBS,303,https://moovitapp.com/index/pt-br/transporte_p%C3%BAblico-line-303_CENTEN%C3%81RIO_CAMPO_COMPRIDO-Curitiba-942-9628-531689-0,-1.0,-25.42938,-49.284398,,False,5,2,2023-06-15T18:15:41.257957+00:00
CUR_DE705,Curitiba,4106902,0,URBS,303,https://moovitapp.com/index/pt-br/transporte_p%C3%BAblico-line-303_CENTEN%C3%81RIO_CAMPO_COMPRIDO-Curitiba-942-9628-531689-0,-1.0,-25.457475,-49.212946,,False,5,2,2023-06-15T18:17:41.257957+00:00
CUR_DE719,Curitiba,4106902,0,URBS,303,https://moovitapp.com/index/pt-br/transporte_p%C3%BAblico-line-303_CENTEN%C3%81RIO_CAMPO_COMPRIDO-Curitiba-942-9628-531689-0,-1.0,-25.436821,-49.308966,,False,5,1,2023-06-15T18:17:41.257957+00:00
CUR_DE700,Curitiba,4106902,0,URBS,303,https://moovitapp.com/index/pt-br/transporte_p%C3%BAblico-line-303_CENTEN%C3%81RIO_CAMPO_COMPRIDO-Curitiba-942-9628-531689-0,-1.0,-25.42889,-49.28891,,False,5,1,2023-06-15T18:15:41.257957+00:00
CUR_DE708,Curitiba,4106902,0,URBS,303,https://moovitapp.com/index/pt-br/transporte_p%C3%BAblico-line-303_CENTEN%C3%81RIO_CAMPO_COMPRIDO-Curitiba-942-9628-531689-0,-1.0,-25.43571,-49.260135,,False,5,1,2023-06-15T18:17:41.257957+00:00
CUR_DE715,Curitiba,4106902,0,URBS,303,https://moovitapp.com/index/pt-br/transporte_p%C3%BAblico-line-303_CENTEN%C3%81RIO_CAMPO_COMPRIDO-Curitiba-942-9628-531689-0,-1.0,-25.45459,-49.213976,,False,5,1,2023-06-15T18:17:41.257957+00:00
CUR_DE695,Curitiba,4106902,0,URBS,303,https://moovitapp.com/index/pt-br/transporte_p%C3%BAblico-line-303_CENTEN%C3%81RIO_CAMPO_COMPRIDO-Curitiba-942-9628-531689-0,-1.0,-25.436778,-49.267826,,False,4,1,2023-06-15T18:17:41.257957+00:00
CUR_JE849,Curitiba,4106902,0,URBS,303,https://moovitapp.com/index/pt-br/transporte_p%C3%BAblico-line-303_CENTEN%C3%81RIO_CAMPO_COMPRIDO-Curitiba-942-9628-531689-0,-1.0,-25.433978,-49.277065,,False,5,2,2023-06-15T18:16:41.257957+00:00
CUR_DE721,Curitiba,4106902,0,URBS,303,https://moovitapp.com/index/pt-br/transporte_p%C3%BAblico-line-303_CENTEN%C3%81RIO_CAMPO_COMPRIDO-Curitiba-942-9628-531689-0,-1.0,-25.439743,-49.222356,,False,5,2,2023-06-15T18:17:41.257957+00:00
CUR_DN604,Curitiba,4106902,1,,465,,,-25.458098,-49.239528,,False,7,2,2023-06-15T18:17:41.257957+00:00
CUR_EI016,Curitiba,4106902,1,,532,,,-25.517291,-49.230665,,False,1,1,2023-06-15T18:17:41.257957+00:00
CUR_EI014,Curitiba,4106902,1,,533,,,-25.532788,-49.253946,,False,1,,2023-06-15T18:17:41.257957+00:00
CUR_EI002,Curitiba,4106902,1,,523,,,-25.50154,-49.236486,,False,1,2,2023-06-15T18:17:41.257957+00:00
CUR_EI009,Curitiba,4106902,1,Auto Viação São José,515,https://moovitapp.com/index/pt-br/transporte_p%C3%BAblico-line-515_%E2%9C%88_AEROPORTO_1_SHOPPING_S%C3%83O_JOS%C3%89-Curitiba-942-857412-67925719-0,-1.0,-25.51721,-49.23043,,False,1,1,2023-06-15T18:17:41.257957+00:00
CUR_EI010,Curitiba,4106902,1,Auto Viação São José,515,https://moovitapp.com/index/pt-br/transporte_p%C3%BAblico-line-515_%E2%9C%88_AEROPORTO_1_SHOPPING_S%C3%83O_JOS%C3%89-Curitiba-942-857412-67925719-0,-1.0,-25.482525,-49.245726,,False,1,1,2023-06-15T18:17:41.257957+00:00
CUR_EI003,Curitiba,4106902,1,Auto Viação São José,515,https://moovitapp.com/index/pt-br/transporte_p%C3%BAblico-line-515_%E2%9C%88_AEROPORTO_1_SHOPPING_S%C3%83O_JOS%C3%89-Curitiba-942-857412-67925719-0,-1.0,-25.494961,-49.23385,,False,1,2,2023-06-15T18:17:41.257957+00:00
CUR_EI004,Curitiba,4106902,1,,471,,,-25.452965,-49.252636,,False,1,1,2023-06-15T18:17:41.257957+00:00
CUR_GI015,Curitiba,4106902,1,,541,,,-25.54357,-49.24857,,False,1,2,2023-06-15T18:17:41.257957+00:00
CUR_GI023,Curitiba,4106902,1,,541,,,-25.535558,-49.2702,,False,1,1,2023-06-15T18:17:41.257957+00:00
CUR_KI600,Curitiba,4106902,1,,629,,,-25.525851,-49.253646,,False,4,1,2023-06-15T18:17:41.257957+00:00
CUR_KA605,Curitiba,4106902,1,,629,,,-25.519925,-49.255313,,False,4,2,2023-06-15T18:17:41.257957+00:00
CUR_KI601,Curitiba,4106902,1,,629,,,-25.49191,-49.293385,,False,4,1,2023-06-15T18:17:41.257957+00:00
CUR_JI006,Curitiba,4106902,1,,611,,,-25.47658,-49.292006,,False,1,2,2023-06-15T18:17:41.257957+00:00
CUR_JI011,Curitiba,4106902,1,,611,,,-25.47726,-49.324465,,False,1,2,2023-06-15T18:15:41.257957+00:00
CUR_JI007,Curitiba,4106902,1,,823,,,-25.45473,-49.357966,,False,1,2,2023-06-15T18:14:41.257957+00:00
CUR_GI050,Curitiba,4106902,1,,641,,,-25.512816,-49.294733,,False,1,1,2023-06-15T18:17:41.257957+00:00
CUR_BI867,Curitiba,4106902,1,,237,,,-25.376975,-49.225276,,False,7,,2023-06-15T18:17:41.257957+00:00
CUR_BC012,Curitiba,4106902,1,,166,,,-25.391683,-49.300945,,False,1,1,2023-06-15T18:17:41.257957+00:00
CUR_BC017,Curitiba,4106902,1,,166,,,-25.421128,-49.274843,,False,1,2,2023-06-15T18:17:41.257957+00:00
CUR_GI056,Curitiba,4106902,1,,683,,,-25.551475,-49.274273,,False,1,2,2023-06-15T18:15:41.257957+00:00
CUR_BC007,Curitiba,4106902,1,,168,,,-25.399761,-49.296026,,False,1,2,2023-06-15T18:17:41.257957+00:00
CUR_BC006,Curitiba,4106902,1,,168,,,-25.390703,-49.297313,,False,1,1,2023-06-15T18:13:41.257957+00:00
CUR_BC307,Curitiba,4106902,1,,205,,,-25.421563,-49.26786,,False,3,2,2023-06-15T18:16:41.257957+00:00
CUR_BC305,Curitiba,4106902,1,,205,,,-25.423115,-49.269903,,False,3,1,2023-06-15T18:17:41.257957+00:00
CUR_BC311,Curitiba,4106902,1,,205,,,-25.389883,-49.26063,,False,3,1,2023-06-15T18:17:41.257957+00:00
CUR_BC306,Curitiba,4106902,1,,205,,,-25.389995,-49.260523,,False,3,2,2023-06-15T18:17:41.257957+00:00
CUR_HI004,Curitiba,4106902,1,,623,,,-25.492178,-49.293326,,False,1,1,2023-06-15T18:17:41.257957+00:00
CUR_HI047,Curitiba,4106902,1,,623,,,-25.517903,-49.31009,,False,1,2,2023-06-15T18:17:41.257957+00:00
CUR_HA027,Curitiba,4106902,1,,623,,,-25.538955,-49.307808,,False,1,1,2023-06-15T18:17:41.257957+00:00
CUR_HI015,Curitiba,4106902,1,,681,,,-25.518071,-49.295646,,False,1,2,2023-06-15T18:17:41.257957+00:00
CUR_HA023,Curitiba,4106902,1,,681,,,-25.566076,-49.329658,,False,1,1,2023-06-15T18:17:41.257957+00:00
CUR_MI854,Curitiba,4106902,1,,911,,,-25.381283,-49.363265,,False,7,2,2023-06-15T18:17:41.257957+00:00
CUR_DN602,Curitiba,4106902,1,,463,,,-25.44092,-49.257186,,False,7,1,2023-06-15T18:17:41.257957+00:00
CUR_DN608,Curitiba,4106902,1,,463,,,-25.464103,-49.21733,,False,7,2,2023-06-15T18:17:41.257957+00:00
CUR_DA296,Curitiba,4106902,1,,332,,,-25.469085,-49.207555,,False,1,,2023-06-15T18:17:41.257957+00:00
CUR_DC298,Curitiba,4106902,1,,332,,,-25.477065,-49.195716,,False,1,,2023-06-15T18:17:41.257957+00:00
CUR_EI006,Curitiba,4106902,1,,X07,,,-25.552461,-49.251945,,False,1,2,2023-06-15T18:17:41.257957+00:00
CUR_EA005,Curitiba,4106902,1,,X07,,,-25.53598,-49.273228,,False,1,1,2023-06-15T18:14:41.257957+00:00
CUR_EI007,Curitiba,4106902,1,,522,,,-25.50484,-49.240996,,False,1,1,2023-06-15T18:17:41.257957+00:00
CUR_EA074,Curitiba,4106902,1,,512,,,-25.517673,-49.266696,,False,1,1,2023-06-15T18:17:41.257957+00:00
CUR_DC092,Curitiba,4106902,1,,468,,,-25.437373,-49.270708,,False,1,2,2023-06-15T18:12:41.257957+00:00
CUR_DA022,Curitiba,4106902,0,,468,,,-25.491166,-49.213483,,False,1,1,2023-06-15T18:17:41.257957+00:00
CUR_JI005,Curitiba,4106902,1,,718,,,-25.486923,-49.344276,,False,1,,2023-06-15T18:17:41.257957+00:00
CUR_JI015,Curitiba,4106902,1,,719,,,-25.483763,-49.350088,,False,1,1,2023-06-15T18:16:41.257957+00:00
CUR_JI004,Curitiba,4106902,1,,719,,,-25.483755,-49.34985,,False,1,2,2023-06-15T18:16:41.257957+00:00
CUR_BI018,Curitiba,4106902,1,,232,,,-25.36382,-49.228111,,False,1,2,2023-06-15T18:16:41.257957+00:00
CUR_BI017,Curitiba,4106902,1,,232,,,-25.375005,-49.223628,,False,1,1,2023-06-15T18:17:41.257957+00:00
CUR_KI002,Curitiba,4106902,1,,472,,,-25.473368,-49.234028,,False,1,1,2023-06-15T18:17:41.257957+00:00
CUR_BI011,Curitiba,4106902,1,,236,,,-25.376993,-49.224045,,False,1,1,2023-06-15T18:16:41.257957+00:00
CUR_GI007,Curitiba,4106902,1,,547,,,-25.538573,-49.258508,,False,1,1,2023-06-15T18:17:41.257957+00:00
CUR_GI057,Curitiba,4106902,1,,638,,,-25.513315,-49.294848,,False,1,1,2023-06-15T18:17:41.257957+00:00
CUR_GI009,Curitiba,4106902,1,,638,,,-25.553045,-49.268273,,False,1,2,2023-06-15T18:17:41.257957+00:00
CUR_JI018,Curitiba,4106902,1,,860,,,-25.43851,-49.273173,,False,1,2,2023-06-15T18:17:41.257957+00:00
CUR_JA035,Curitiba,4106902,1,,860,,,-25.449376,-49.326446,,False,1,1,2023-06-15T18:17:41.257957+00:00
CUR_JI008,Curitiba,4106902,1,,860,,,-25.446121,-49.336541,,False,1,2,2023-06-15T18:17:41.257957+00:00
CUR_GI051,Curitiba,4106902,1,,542,,,-25.549638,-49.259848,,False,1,,2023-06-15T18:17:41.257957+00:00
CUR_GI035,Curitiba,4106902,1,,542,,,-25.534918,-49.26898,,False,1,,2023-06-15T18:17:41.257957+00:00
CUR_JI860,Curitiba,4106902,1,,779,,,-25.459166,-49.30229,,False,7,1,2023-06-15T18:17:41.257957+00:00
CUR_BA025,Curitiba,4106902,1,,233,,,-25.394635,-49.242726,,False,1,,2023-06-15T18:17:41.257957+00:00
CUR_BA032,Curitiba,4106902,1,,233,,,-25.373378,-49.21872,,False,1,,2023-06-15T18:17:41.257957+00:00
CUR_BI856,Curitiba,4106902,1,Auto Viação São José,212,https://moovitapp.com/index/pt-br/transporte_p%C3%BAblico-line-212_PIT_PRA%C3%87A_DA_JUVENTUDE_SANTA_F%C3%89_CRISTAL-Curitiba-942-857412-73656311-0,-1.0,-25.395995,-49.215926,,False,7,2,2023-06-15T18:17:41.257957+00:00
CUR_GI018,Curitiba,4106902,1,,625,,,-25.49993,-49.284975,,False,1,2,2023-06-15T18:17:41.257957+00:00
CUR_GI040,Curitiba,4106902,1,,625,,,-25.528666,-49.260641,,False,1,1,2023-06-15T18:15:41.257957+00:00
CUR_GI044,Curitiba,4106902,1,,625,,,-25.492623,-49.291311,,False,1,1,2023-06-15T18:17:41.257957+00:00
CUR_GC015,Curitiba,4106902,1,,625,,,-25.527166,-49.266016,,False,1,2,2023-06-15T18:17:41.257957+00:00
CUR_BC932,Curitiba,4106902,1,,365,,,-25.424655,-49.257513,,False,7,1,2023-06-15T18:17:41.257957+00:00
CUR_BC850,Curitiba,4106902,1,,365,,,-25.439676,-49.281011,,False,7,2,2023-06-15T18:17:41.257957+00:00
CUR_BI010,Curitiba,4106902,1,,231,,,-25.395168,-49.242473,,False,1,1,2023-06-15T18:17:41.257957+00:00
CUR_BC280,Curitiba,4106902,1,,231,,,-25.366878,-49.220383,,False,1,1,2023-06-15T18:12:41.257957+00:00
CUR_BC031,Curitiba,4106902,1,,373,,,-25.427505,-49.237428,,False,1,1,2023-06-15T18:17:41.257957+00:00
CUR_GI047,Curitiba,4106902,1,,528,,,-25.551906,-49.252855,,False,1,2,2023-06-15T18:17:41.257957+00:00
CUR_EA012,Curitiba,4106902,1,,528,,,-25.559911,-49.283595,,False,1,1,2023-06-15T18:16:41.257957+00:00
CUR_BB305,Curitiba,4106902,1,,011,,,-25.438631,-49.291433,,False,10,,2023-06-15T18:17:41.257957+00:00
CUR_BB307,Curitiba,4106902,1,,011,,,-25.43468,-49.258881,,False,10,,2023-06-15T18:17:41.257957+00:00
CUR_BC021,Curitiba,4106902,1,,876,,,-25.421633,-49.323661,,False,1,1,2023-06-15T18:17:41.257957+00:00
CUR_BC019,Curitiba,4106902,1,,876,,,-25.431825,-49.280303,,False,1,1,2023-06-15T18:17:41.257957+00:00
CUR_BC022,Curitiba,4106902,1,,876,,,-25.412831,-49.350113,,False,1,2,2023-06-15T18:17:41.257957+00:00
CUR_BI899,Curitiba,4106902,1,,366,,,-25.431835,-49.231996,,False,7,2,2023-06-15T18:17:41.257957+00:00
CUR_GI853,Curitiba,4106902,1,,666,,,-25.435816,-49.274561,,False,7,1,2023-06-15T18:17:41.257957+00:00
CUR_HI856,Curitiba,4106902,1,,600,,,-25.52736,-49.291218,,False,7,1,2023-06-15T18:17:41.257957+00:00
CUR_HI041,Curitiba,4106902,1,,654,,,-25.497941,-49.30943,,False,1,2,2023-06-15T18:16:41.257957+00:00
CUR_HI042,Curitiba,4106902,1,,654,,,-25.50162,-49.315978,,False,1,1,2023-06-15T18:15:41.257957+00:00
CUR_HI006,Curitiba,4106902,1,,627,,,-25.511873,-49.324491,,False,1,2,2023-06-15T18:17:41.257957+00:00
CUR_HI017,Curitiba,4106902,1,,627,,,-25.511941,-49.328925,,False,1,1,2023-06-15T18:17:41.257957+00:00
CUR_HI854,Curitiba,4106902,1,,673,,,-25.492741,-49.312531,,False,7,2,2023-06-15T18:17:41.257957+00:00
CUR_HA605,Curitiba,4106902,1,,X37,,,-25.538896,-49.307553,,False,4,1,2023-06-15T18:17:41.257957+00:00
CUR_HI859,Curitiba,4106902,1,,865,,,-25.429865,-49.272463,,False,7,1,2023-06-15T18:17:41.257957+00:00
CUR_HL117,Curitiba,4106902,0,URBS,X35,https://moovitapp.com/index/pt-br/transporte_p%C3%BAblico-line-X35_PINHEIRINHO_PREFEITURA-Curitiba-942-9628-778958-0,-1.0,-25.53759,-49.306875,,False,3,1,2023-06-15T18:17:41.257957+00:00
CUR_HL118,Curitiba,4106902,0,URBS,X35,https://moovitapp.com/index/pt-br/transporte_p%C3%BAblico-line-X35_PINHEIRINHO_PREFEITURA-Curitiba-942-9628-778958-0,-1.0,-25.539956,-49.308348,,False,3,1,2023-06-15T18:17:41.257957+00:00
CUR_HL115,Curitiba,4106902,0,URBS,X35,https://moovitapp.com/index/pt-br/transporte_p%C3%BAblico-line-X35_PINHEIRINHO_PREFEITURA-Curitiba-942-9628-778958-0,-1.0,-25.539105,-49.308106,,False,3,1,2023-06-15T18:17:41.257957+00:00
CUR_HC300,Curitiba,4106902,1,,801,,,-25.441331,-49.298108,,False,10,1,2023-06-15T18:17:41.257957+00:00
CUR_HA196,Curitiba,4106902,1,,801,,,-25.441165,-49.284138,,False,1,2,2023-06-15T18:17:41.257957+00:00
CUR_HL317,Curitiba,4106902,0,URBS,024,https://moovitapp.com/index/pt-br/transporte_p%C3%BAblico-line-024_CAP%C3%83O_RASO_CAMPINA_DO_SIQUEIRA-Curitiba-942-9628-1323693-0,-1.0,-25.538696,-49.306986,,False,3,2,2023-06-15T18:17:41.257957+00:00
CUR_HL312,Curitiba,4106902,0,URBS,024,https://moovitapp.com/index/pt-br/transporte_p%C3%BAblico-line-024_CAP%C3%83O_RASO_CAMPINA_DO_SIQUEIRA-Curitiba-942-9628-1323693-0,-1.0,-25.45676,-49.30335,,False,3,2,2023-06-15T18:16:41.257957+00:00
CUR_MN603,Curitiba,4106902,1,,464,,,-25.429598,-49.265133,,False,7,2,2023-06-15T18:17:41.257957+00:00
CUR_MI855,Curitiba,4106902,1,,912,,,-25.396006,-49.34617,,False,7,2,2023-06-15T18:17:41.257957+00:00
CUR_MI851,Curitiba,4106902,1,Auto Viação São José,150,https://moovitapp.com/index/pt-br/transporte_p%C3%BAblico-line-150_T_AFONSO_PENA_PIT_BORDA_DO_CAMPO-Curitiba-942-857412-53904521-0,-1.0,-25.429953,-49.266816,,False,7,2,2023-06-15T18:17:41.257957+00:00
CUR_DC090,Curitiba,4106902,1,,462,,,-25.434818,-49.272545,,False,1,1,2023-06-15T18:17:41.257957+00:00
CUR_DC983,Curitiba,4106902,1,,462,,,-25.46809,-49.22145,,False,1,1,2023-06-15T18:17:41.257957+00:00
CUR_EI011,Curitiba,4106902,1,,X03,,,-25.525358,-49.237453,,False,1,1,2023-06-15T18:17:41.257957+00:00
CUR_EI015,Curitiba,4106902,1,,511,,,-25.482243,-49.246603,,False,1,1,2023-06-15T18:17:41.257957+00:00
CUR_EI019,Curitiba,4106902,1,,511,,,-25.510828,-49.261025,,False,1,2,2023-06-15T18:17:41.257957+00:00
CUR_JI019,Curitiba,4106902,1,,711,,,-25.470696,-49.351963,,False,1,1,2023-06-15T18:17:41.257957+00:00
CUR_BA017,Curitiba,4106902,1,,822,,,-25.435366,-49.3539,,False,1,1,2023-06-15T18:17:41.257957+00:00
CUR_BA011,Curitiba,4106902,1,,822,,,-25.439271,-49.355138,,False,1,2,2023-06-15T18:17:41.257957+00:00
CUR_HI030,Curitiba,4106902,1,,773,,,-25.538308,-49.334058,,False,1,2,2023-06-15T18:17:41.257957+00:00
CUR_HI046,Curitiba,4106902,1,,615,,,-25.482858,-49.306011,,False,1,1,2023-06-15T18:16:41.257957+00:00
CUR_HI850,Curitiba,4106902,1,,265,,,-25.40987,-49.261338,,False,7,2,2023-06-15T18:17:41.257957+00:00
CUR_HB697,Curitiba,4106902,1,,027,,,-25.539546,-49.308591,,False,4,1,2023-06-15T18:17:41.257957+00:00
CUR_HI018,Curitiba,4106902,1,,650,,,-25.561521,-49.334096,,False,1,2,2023-06-15T18:17:41.257957+00:00
CUR_HA612,Curitiba,4106902,1,,650,,,-25.532366,-49.300481,,False,4,2,2023-06-15T18:17:41.257957+00:00
CUR_HI610,Curitiba,4106902,1,,650,,,-25.561835,-49.339238,,False,4,1,2023-06-15T18:17:41.257957+00:00
CUR_HI016,Curitiba,4106902,1,,650,,,-25.537991,-49.301665,,False,1,1,2023-06-15T18:17:41.257957+00:00
CUR_GI002,Curitiba,4106902,1,,553,,,-25.562506,-49.254726,,False,1,2,2023-06-15T18:14:41.257957+00:00
CUR_GI013,Curitiba,4106902,1,,553,,,-25.55244,-49.252026,,False,1,2,2023-06-15T18:17:41.257957+00:00
CUR_GI041,Curitiba,4106902,1,,642,,,-25.548061,-49.288471,,False,1,2,2023-06-15T18:17:41.257957+00:00
CUR_GI011,Curitiba,4106902,1,,636,,,-25.543991,-49.280526,,False,1,1,2023-06-15T18:17:41.257957+00:00
CUR_GI857,Curitiba,4106902,1,,616,,,-25.479595,-49.280068,,False,7,2,2023-06-15T18:16:41.257957+00:00
CUR_GI852,Curitiba,4106902,1,,616,,,-25.466538,-49.269598,,False,7,2,2023-06-15T18:17:41.257957+00:00
CUR_GA002,Curitiba,4106902,1,,631,,,-25.521541,-49.290146,,False,1,,2023-06-15T18:16:41.257957+00:00
CUR_GI855,Curitiba,4106902,1,,662,,,-25.435761,-49.274195,,False,7,1,2023-06-15T18:17:41.257957+00:00
CUR_GI036,Curitiba,4106902,1,,552,,,-25.534861,-49.268881,,False,1,1,2023-06-15T18:17:41.257957+00:00
CUR_GI042,Curitiba,4106902,1,,552,,,-25.55694,-49.254508,,False,1,2,2023-06-15T18:17:41.257957+00:00
CUR_JI023,Curitiba,4106902,1,,721,,,-25.493891,-49.349811,,False,1,1,2023-06-15T18:17:41.257957+00:00
CUR_DA290,Curitiba,4106902,1,,321,,,-25.460128,-49.20066,,False,1,2,2023-06-15T18:15:41.257957+00:00
CUR_JI865,Curitiba,4106902,1,,713,,,-25.486683,-49.32564,,False,7,2,2023-06-15T18:17:41.257957+00:00
CUR_DC292,Curitiba,4106902,1,,336,,,-25.496225,-49.202223,,False,1,2,2023-06-15T18:16:41.257957+00:00
CUR_GI043,Curitiba,4106902,1,,624,,,-25.51724,-49.273298,,False,1,2,2023-06-15T18:17:41.257957+00:00
CUR_HA193,Curitiba,4106902,1,,612,,,-25.5115,-49.324576,,False,1,2,2023-06-15T18:17:41.257957+00:00
CUR_BC032,Curitiba,4106902,1,,171,,,-25.413755,-49.279338,,False,1,2,2023-06-15T18:13:41.257957+00:00
CUR_BI897,Curitiba,4106902,1,,176,,,-25.386076,-49.27851,,False,7,2,2023-06-15T18:17:41.257957+00:00
CUR_BI028,Curitiba,4106902,1,,916,,,-25.391048,-49.335096,,False,1,2,2023-06-15T18:17:41.257957+00:00
CUR_BI866,Curitiba,4106902,1,Auto Viação São José,214,https://moovitapp.com/index/pt-br/transporte_p%C3%BAblico-line-214_PIT_PRA%C3%87A_DA_JUVENTUDE_CRISTAL_BLANCO_POMBO_ANTI_HOR%C3%81RIO-Curitiba-942-857412-119631273-0,-1.0,-25.392328,-49.22609,,False,7,1,2023-06-15T18:17:41.257957+00:00
CUR_GI010,Curitiba,4106902,1,,639,,,-25.548293,-49.293301,,False,1,1,2023-06-15T18:17:41.257957+00:00
CUR_GI045,Curitiba,4106902,1,,639,,,-25.541453,-49.294466,,False,1,2,2023-06-15T18:17:41.257957+00:00
CUR_BA019,Curitiba,4106902,1,,829,,,-25.449948,-49.357031,,False,1,,2023-06-15T18:12:41.257957+00:00
CUR_HI851,Curitiba,4106902,1,,670,,,-25.448971,-49.287565,,False,7,2,2023-06-15T18:17:41.257957+00:00
CUR_BI886,Curitiba,4106902,1,,385,,,-25.433406,-49.26348,,False,7,1,2023-06-15T18:17:41.257957+00:00
CUR_HE612,Curitiba,4106902,0,URBS,X11,https://moovitapp.com/index/pt-br/transporte_p%C3%BAblico-line-X11_S%C3%8DTIO_CERCADO_CAP%C3%83O_RASO-Curitiba-942-9628-531688-0,-1.0,-25.539788,-49.307813,,False,4,1,2023-06-15T18:17:41.257957+00:00
CUR_BC927,Curitiba,4106902,1,,260,,,-25.402215,-49.269326,,False,7,2,2023-06-15T18:11:41.257957+00:00
CUR_DL305,Curitiba,4106902,0,URBS,469,https://moovitapp.com/index/pt-br/transporte_p%C3%BAblico-line-469_CENTRO_POLIT%C3%89CNICO-Curitiba-942-9628-294421-0,-1.0,-25.432366,-49.256441,,False,3,1,2023-06-15T18:14:41.257957+00:00
CUR_BL304,Curitiba,4106902,0,URBS,518,https://moovitapp.com/index/pt-br/transporte_p%C3%BAblico-line-518_PUC_RODOFERROVI%C3%81RIA-Curitiba-942-9628-743528-0,-1.0,-25.453978,-49.252218,,False,3,2,2023-06-15T18:17:41.257957+00:00
CUR_BI896,Curitiba,4106902,1,,875,,,-25.42289,-49.313993,,False,7,1,2023-06-15T18:14:41.257957+00:00
CUR_BI895,Curitiba,4106902,1,,164,,,-25.415056,-49.276561,,False,7,2,2023-06-15T18:14:41.257957+00:00
CUR_BB309,Curitiba,4106902,1,,010,,,-25.43374,-49.260575,,False,10,,2023-06-15T18:16:41.257957+00:00
CUR_JL308,Curitiba,4106902,0,URBS,X36,https://moovitapp.com/index/pt-br/transporte_p%C3%BAblico-line-X36_REFOR%C3%87O_GUADALUPE_FAZENDINHA-Curitiba-942-9628-11745709-0,-1.0,-25.448853,-49.366521,,False,3,,2023-06-15T18:16:41.257957+00:00
CUR_EA027,Curitiba,4106902,1,,X06,,,-25.534645,-49.269581,,False,1,1,2023-06-15T18:17:41.257957+00:00
CUR_JI853,Curitiba,4106902,1,,825,,,-25.441385,-49.346815,,False,7,1,2023-06-15T18:17:41.257957+00:00
CUR_JA023,Curitiba,4106902,1,,732,,,-25.461201,-49.358031,,False,1,2,2023-06-15T18:17:41.257957+00:00
