bus_id,city,city_code,adapted,agency,line_code,line_url,line_fare,latitude,longitude,bus_speed,is_eletric,bus_type,bus_direction,updated_at
CUR_BC014,Curitiba,4106902,1,,870,,,-25.430738,-49.2762,,False,1,1,2023-06-19T20:11:11.621192+00:00
CUR_BC020,Curitiba,4106902,1,,870,,,-25.41904,-49.349013,,False,1,1,2023-06-19T20:09:11.621192+00:00
CUR_DE703,Curitiba,4106902,0,URBS,302,https://moovitapp.com/index/pt-br/transporte_p%C3%BAblico-line-302_CENTEN%C3%81RIO_RUI_BARBOSA-Curitiba-942-9628-294501-0,-1.0,-25.432563,-49.271221,,False,5,,2023-06-19T20:11:11.621192+00:00
CUR_CL304,Curitiba,4106902,0,URBS,307,https://moovitapp.com/index/pt-br/transporte_p%C3%BAblico-line-307_BAIRRO_ALTO_SANTA_FELICIDADE-Curitiba-942-9628-1323712-0,-1.0,-25.411748,-49.20672,,False,3,,2023-06-19T20:10:11.621192+00:00
CUR_MC080,Curitiba,4106902,1,,972,,,-25.419055,-49.294701,,False,1,,2023-06-19T20:02:11.621192+00:00
CUR_EL305,Curitiba,4106902,0,URBS,507,https://moovitapp.com/index/pt-br/transporte_p%C3%BAblico-line-507_S%C3%8DTIO_CERCADO_HOR%C3%81RIO-Curitiba-942-9628-294494-0,-1.0,-25.457713,-49.258831,,False,3,,2023-06-19T20:08:11.621192+00:00
CUR_EL603,Curitiba,4106902,0,URBS,023,https://moovitapp.com/index/pt-br/transporte_p%C3%BAblico-line-023_INTER_2_ANTI_HOR%C3%81RIO-Curitiba-942-9628-398189-0,-1.0,-25.41188,-49.247068,,False,4,,2023-06-19T20:09:11.621192+00:00
CUR_DL317,Curitiba,4106902,0,URBS,022,https://moovitapp.com/index/pt-br/transporte_p%C3%BAblico-line-022_INTER_2_HOR%C3%81RIO-Curitiba-942-9628-381388-0,-1.0,-25.4071,-49.252636,,False,3,,2023-06-19T20:08:11.621192+00:00
CUR_GI001,Curitiba,4106902,1,,625,,,-25.532461,-49.297308,,False,1,,2023-06-19T20:10:11.621192+00:00
CUR_GL319,Curitiba,4106902,0,URBS,506,https://moovitapp.com/index/pt-br/transporte_p%C3%BAblico-line-506_BAIRRO_NOVO-Curitiba-942-9628-294299-0,-1.0,-25.466481,-49.264215,,False,3,,2023-06-19T20:10:11.621192+00:00
CUR_GE707,Curitiba,4106902,0,URBS,X08,https://moovitapp.com/index/pt-br/transporte_p%C3%BAblico-line-X08_REFOR%C3%87O_PINHEIRINHO-Curitiba-942-9628-78902615-0,-1.0,-25.446031,-49.283926,,False,5,,2023-06-19T20:10:11.621192+00:00
CUR_GA602,Curitiba,4106902,1,,545,,,-25.477206,-49.327406,,False,4,,2023-06-19T20:09:11.621192+00:00
CUR_KE707,Curitiba,4106902,0,URBS,502,https://moovitapp.com/index/pt-br/transporte_p%C3%BAblico-line-502_CIRCULAR_SUL_HOR%C3%81RIO-Curitiba-942-9628-294482-0,-1.0,-25.466835,-49.254383,,False,5,,2023-06-19T20:06:11.621192+00:00
CUR_HL117,Curitiba,4106902,0,URBS,700,https://moovitapp.com/index/pt-br/transporte_p%C3%BAblico-line-700_PINHEIRINHO_CABRAL-Curitiba-942-9628-757429-0,-1.0,-25.513493,-49.29592,,False,3,,2023-06-19T20:10:11.621192+00:00
CUR_HI612,Curitiba,4106902,1,,684,,,-25.512186,-49.295296,,False,4,,2023-06-19T20:08:11.621192+00:00
CUR_HE720,Curitiba,4106902,0,URBS,550,https://moovitapp.com/index/pt-br/transporte_p%C3%BAblico-line-550_LIGEIR%C3%83O_PINHEIRINHO_CARLOS_GOMES-Curitiba-942-9628-1254061-0,-1.0,-25.444343,-49.265378,,False,5,,2023-06-19T20:07:11.621192+00:00
CUR_JL315,Curitiba,4106902,0,URBS,702,https://moovitapp.com/index/pt-br/transporte_p%C3%BAblico-line-702_CAIU%C3%81_CACHOEIRA-Curitiba-942-9628-133282980-0,-1.0,-25.430253,-49.289355,,False,3,,2023-06-19T20:11:11.621192+00:00
CUR_JC310,Curitiba,4106902,1,,703,,,-25.448991,-49.365335,,False,3,,2023-06-19T20:08:11.621192+00:00
CUR_DR800,Curitiba,4106902,0,URBS,022,https://moovitapp.com/index/pt-br/transporte_p%C3%BAblico-line-022_INTER_2_HOR%C3%81RIO-Curitiba-942-9628-381388-0,-1.0,-25.46793,-49.254775,,False,4,,2023-06-19T20:04:11.621192+00:00
CUR_HI604,Curitiba,4106902,1,Auto Viação São José,216,https://moovitapp.com/index/pt-br/transporte_p%C3%BAblico-line-216_PIT_PRA%C3%87A_DA_JUVENTUDE_SANTA_F%C3%89_PINDORAMA-Curitiba-942-857412-122004458-0,-1.0,-25.483818,-49.291861,,False,4,,2023-06-19T20:09:11.621192+00:00
CUR_HE710,Curitiba,4106902,0,URBS,X08,https://moovitapp.com/index/pt-br/transporte_p%C3%BAblico-line-X08_REFOR%C3%87O_PINHEIRINHO-Curitiba-942-9628-78902615-0,-1.0,-25.443486,-49.281805,,False,5,,2023-06-19T20:11:11.621192+00:00
CUR_BC021,Curitiba,4106902,1,,815,,,-25.422328,-49.318388,,False,1,,2023-06-19T20:06:11.621192+00:00
CUR_BA025,Curitiba,4106902,1,,233,,,-25.381883,-49.229735,,False,1,,2023-06-19T20:07:11.621192+00:00
CUR_BC030,Curitiba,4106902,1,,183,,,-25.406366,-49.25532,,False,1,,2023-06-19T20:09:11.621192+00:00
CUR_BC279,Curitiba,4106902,1,,341,,,-25.412158,-49.205295,,False,1,,2023-06-19T20:08:11.621192+00:00
CUR_EI004,Curitiba,4106902,1,,471,,,-25.468491,-49.25546,,False,1,,2023-06-19T20:11:11.621192+00:00
CUR_BA014,Curitiba,4106902,1,,816,,,-25.435895,-49.307256,,False,1,,2023-06-19T20:09:11.621192+00:00
CUR_GE614,Curitiba,4106902,0,URBS,503,https://moovitapp.com/index/pt-br/transporte_p%C3%BAblico-line-503_BOQUEIR%C3%83O-Curitiba-942-9628-294244-0,-1.0,-25.549625,-49.291695,,False,4,,2023-06-19T20:02:11.621192+00:00
CUR_DE702,Curitiba,4106902,0,URBS,303,https://moovitapp.com/index/pt-br/transporte_p%C3%BAblico-line-303_CENTEN%C3%81RIO_CAMPO_COMPRIDO-Curitiba-942-9628-531689-0,-1.0,-25.468945,-49.254936,,False,5,,2023-06-19T20:01:11.621192+00:00
CUR_DE722,Curitiba,4106902,0,URBS,303,https://moovitapp.com/index/pt-br/transporte_p%C3%BAblico-line-303_CENTEN%C3%81RIO_CAMPO_COMPRIDO-Curitiba-942-9628-531689-0,-1.0,-25.468026,-49.25511,,False,5,,2023-06-19T20:06:11.621192+00:00
CUR_JI861,Curitiba,4106902,1,,862,,,-25.448933,-49.365501,,False,7,,2023-06-19T20:03:11.621192+00:00
CUR_HE713,Curitiba,4106902,0,URBS,603,https://moovitapp.com/index/pt-br/transporte_p%C3%BAblico-line-603_PINHEIRINHO_RUI_BARBOSA-Curitiba-942-9628-484781-0,-1.0,-25.539656,-49.308063,,False,5,,2023-06-19T20:05:11.621192+00:00
CUR_ML312,Curitiba,4106902,0,URBS,307,https://moovitapp.com/index/pt-br/transporte_p%C3%BAblico-line-307_BAIRRO_ALTO_SANTA_FELICIDADE-Curitiba-942-9628-1323712-0,-1.0,-25.418765,-49.294331,,False,3,,2023-06-19T20:01:11.621192+00:00
CUR_BC316,Curitiba,4106902,1,,372,,,-25.415171,-49.280785,,False,10,,2023-06-19T20:02:11.621192+00:00
CUR_DA293,Curitiba,4106902,1,,621,,,-25.469083,-49.254756,,False,1,,2023-06-19T20:08:11.621192+00:00
CUR_DE704,Curitiba,4106902,0,URBS,303,https://moovitapp.com/index/pt-br/transporte_p%C3%BAblico-line-303_CENTEN%C3%81RIO_CAMPO_COMPRIDO-Curitiba-942-9628-531689-0,-1.0,-25.468085,-49.255041,,False,5,,2023-06-19T20:04:11.621192+00:00
CUR_BA039,Curitiba,4106902,1,,232,,,-25.377261,-49.224583,,False,1,,2023-06-19T20:10:11.621192+00:00
CUR_GA601,Curitiba,4106902,1,,528,,,-25.513031,-49.294703,,False,4,,2023-06-19T20:10:11.621192+00:00
CUR_DA292,Curitiba,4106902,1,,513,,,-25.467946,-49.255348,,False,1,,2023-06-19T20:03:11.621192+00:00
CUR_HA126,Curitiba,4106902,1,,828,,,-25.504688,-49.29749,,False,1,,2023-06-19T20:10:11.621192+00:00
CUR_BB307,Curitiba,4106902,1,,010,,,-25.416466,-49.26882,,False,10,,2023-06-19T20:08:11.621192+00:00
CUR_HI854,Curitiba,4106902,1,,673,,,-25.443123,-49.270363,,False,7,2,2023-06-19T20:10:11.621192+00:00
CUR_HI862,Curitiba,4106902,1,,673,,,-25.537185,-49.306815,,False,7,1,2023-06-19T20:10:11.621192+00:00
CUR_HI858,Curitiba,4106902,1,,673,,,-25.489015,-49.302903,,False,7,2,2023-06-19T20:10:11.621192+00:00
CUR_BI030,Curitiba,4106902,1,,812,,,-25.420151,-49.337075,,False,1,2,2023-06-19T20:11:11.621192+00:00
CUR_BI026,Curitiba,4106902,1,,812,,,-25.421926,-49.328436,,False,1,1,2023-06-19T20:11:11.621192+00:00
CUR_BA022,Curitiba,4106902,1,,812,,,-25.434893,-49.310835,,False,1,1,2023-06-19T20:09:11.621192+00:00
CUR_BA018,Curitiba,4106902,1,,812,,,-25.411155,-49.361421,,False,1,2,2023-06-19T20:11:11.621192+00:00
CUR_HE716,Curitiba,4106902,0,URBS,350,https://moovitapp.com/index/pt-br/transporte_p%C3%BAblico-line-350_FAGUNDES_VARELA_PINHEIRINHO-Curitiba-942-9628-52482798-0,-1.0,-25.505071,-49.282945,,False,5,2,2023-06-19T20:10:11.621192+00:00
CUR_BE718,Curitiba,4106902,0,URBS,350,https://moovitapp.com/index/pt-br/transporte_p%C3%BAblico-line-350_FAGUNDES_VARELA_PINHEIRINHO-Curitiba-942-9628-52482798-0,-1.0,-25.449195,-49.235963,,False,5,2,2023-06-19T20:10:11.621192+00:00
CUR_GE607,Curitiba,4106902,0,URBS,350,https://moovitapp.com/index/pt-br/transporte_p%C3%BAblico-line-350_FAGUNDES_VARELA_PINHEIRINHO-Curitiba-942-9628-52482798-0,-1.0,-25.470715,-49.255153,,False,4,1,2023-06-19T20:11:11.621192+00:00
CUR_BE729,Curitiba,4106902,0,URBS,350,https://moovitapp.com/index/pt-br/transporte_p%C3%BAblico-line-350_FAGUNDES_VARELA_PINHEIRINHO-Curitiba-942-9628-52482798-0,-1.0,-25.497418,-49.276905,,False,5,2,2023-06-19T20:11:11.621192+00:00
CUR_MC307,Curitiba,4106902,1,,901,,,-25.419945,-49.292913,,False,3,1,2023-06-19T20:11:11.621192+00:00
CUR_MC306,Curitiba,4106902,1,,901,,,-25.416241,-49.2951,,False,3,2,2023-06-19T20:11:11.621192+00:00
CUR_MC304,Curitiba,4106902,1,,901,,,-25.401171,-49.329885,,False,3,1,2023-06-19T20:11:11.621192+00:00
CUR_MC300,Curitiba,4106902,1,,901,,,-25.427873,-49.271016,,False,3,2,2023-06-19T20:10:11.621192+00:00
CUR_BC025,Curitiba,4106902,1,,160,,,-25.454513,-49.275398,,False,1,2,2023-06-19T20:11:11.621192+00:00
CUR_BC009,Curitiba,4106902,1,,160,,,-25.408858,-49.291785,,False,1,1,2023-06-19T20:10:11.621192+00:00
CUR_JC314,Curitiba,4106902,1,,778,,,-25.450398,-49.285966,,False,3,1,2023-06-19T20:11:11.621192+00:00
CUR_JC300,Curitiba,4106902,1,,778,,,-25.466806,-49.327385,,False,3,1,2023-06-19T20:11:11.621192+00:00
CUR_JC305,Curitiba,4106902,1,,778,,,-25.456733,-49.324923,,False,3,2,2023-06-19T20:11:11.621192+00:00
CUR_JI301,Curitiba,4106902,1,,778,,,-25.442611,-49.270561,,False,3,2,2023-06-19T20:11:11.621192+00:00
CUR_EI015,Curitiba,4106902,1,,511,,,-25.510386,-49.261853,,False,1,1,2023-06-19T20:11:11.621192+00:00
CUR_EA007,Curitiba,4106902,1,,511,,,-25.48243,-49.246346,,False,1,2,2023-06-19T20:11:11.621192+00:00
CUR_HA609,Curitiba,4106902,1,,619,,,-25.511696,-49.328651,,False,4,1,2023-06-19T20:11:11.621192+00:00
CUR_HI023,Curitiba,4106902,1,,619,,,-25.54009,-49.308326,,False,1,2,2023-06-19T20:10:11.621192+00:00
CUR_HI018,Curitiba,4106902,1,,619,,,-25.558333,-49.331638,,False,1,2,2023-06-19T20:10:11.621192+00:00
CUR_HB300,Curitiba,4106902,1,,619,,,-25.538478,-49.307063,,False,3,1,2023-06-19T20:10:11.621192+00:00
CUR_MI001,Curitiba,4106902,1,,817,,,-25.408655,-49.340593,,False,1,2,2023-06-19T20:11:11.621192+00:00
CUR_BA013,Curitiba,4106902,1,,817,,,-25.426903,-49.32601,,False,1,2,2023-06-19T20:10:11.621192+00:00
CUR_BA012,Curitiba,4106902,1,,817,,,-25.417733,-49.344178,,False,1,1,2023-06-19T20:07:11.621192+00:00
CUR_BA601,Curitiba,4106902,1,Auto Viação São José,216,https://moovitapp.com/index/pt-br/transporte_p%C3%BAblico-line-216_PIT_PRA%C3%87A_DA_JUVENTUDE_SANTA_F%C3%89_PINDORAMA-Curitiba-942-857412-122004458-0,-1.0,-25.431055,-49.249346,,False,4,1,2023-06-19T20:10:11.621192+00:00
CUR_CA600,Curitiba,4106902,1,Auto Viação São José,216,https://moovitapp.com/index/pt-br/transporte_p%C3%BAblico-line-216_PIT_PRA%C3%87A_DA_JUVENTUDE_SANTA_F%C3%89_PINDORAMA-Curitiba-942-857412-122004458-0,-1.0,-25.452465,-49.264078,,False,4,2,2023-06-19T20:11:11.621192+00:00
CUR_CB600,Curitiba,4106902,1,Auto Viação São José,216,https://moovitapp.com/index/pt-br/transporte_p%C3%BAblico-line-216_PIT_PRA%C3%87A_DA_JUVENTUDE_SANTA_F%C3%89_PINDORAMA-Curitiba-942-857412-122004458-0,-1.0,-25.444696,-49.244483,,False,4,2,2023-06-19T20:11:11.621192+00:00
CUR_CA697,Curitiba,4106902,1,Auto Viação São José,216,https://moovitapp.com/index/pt-br/transporte_p%C3%BAblico-line-216_PIT_PRA%C3%87A_DA_JUVENTUDE_SANTA_F%C3%89_PINDORAMA-Curitiba-942-857412-122004458-0,-1.0,-25.476026,-49.29241,,False,4,2,2023-06-19T20:11:11.621192+00:00
CUR_CA698,Curitiba,4106902,0,Auto Viação São José,216,https://moovitapp.com/index/pt-br/transporte_p%C3%BAblico-line-216_PIT_PRA%C3%87A_DA_JUVENTUDE_SANTA_F%C3%89_PINDORAMA-Curitiba-942-857412-122004458-0,-1.0,-25.465761,-49.279021,,False,4,1,2023-06-19T20:11:11.621192+00:00
CUR_DA699,Curitiba,4106902,1,Auto Viação São José,216,https://moovitapp.com/index/pt-br/transporte_p%C3%BAblico-line-216_PIT_PRA%C3%87A_DA_JUVENTUDE_SANTA_F%C3%89_PINDORAMA-Curitiba-942-857412-122004458-0,-1.0,-25.468925,-49.25504,,False,4,1,2023-06-19T20:11:11.621192+00:00
CUR_HA607,Curitiba,4106902,1,Auto Viação São José,216,https://moovitapp.com/index/pt-br/transporte_p%C3%BAblico-line-216_PIT_PRA%C3%87A_DA_JUVENTUDE_SANTA_F%C3%89_PINDORAMA-Curitiba-942-857412-122004458-0,-1.0,-25.538096,-49.307435,,False,4,1,2023-06-19T20:10:11.621192+00:00
CUR_HI609,Curitiba,4106902,1,Auto Viação São José,216,https://moovitapp.com/index/pt-br/transporte_p%C3%BAblico-line-216_PIT_PRA%C3%87A_DA_JUVENTUDE_SANTA_F%C3%89_PINDORAMA-Curitiba-942-857412-122004458-0,-1.0,-25.43734,-49.240288,,False,4,2,2023-06-19T20:10:11.621192+00:00
CUR_HI602,Curitiba,4106902,1,,684,,,-25.512765,-49.294661,,False,4,1,2023-06-19T20:08:11.621192+00:00
CUR_DA698,Curitiba,4106902,1,Auto Viação São José,216,https://moovitapp.com/index/pt-br/transporte_p%C3%BAblico-line-216_PIT_PRA%C3%87A_DA_JUVENTUDE_SANTA_F%C3%89_PINDORAMA-Curitiba-942-857412-122004458-0,-1.0,-25.457841,-49.270286,,False,4,1,2023-06-19T20:11:11.621192+00:00
CUR_DA300,Curitiba,4106902,1,Auto Viação São José,216,https://moovitapp.com/index/pt-br/transporte_p%C3%BAblico-line-216_PIT_PRA%C3%87A_DA_JUVENTUDE_SANTA_F%C3%89_PINDORAMA-Curitiba-942-857412-122004458-0,-1.0,-25.436361,-49.238578,,False,3,1,2023-06-19T20:11:11.621192+00:00
CUR_HR408,Curitiba,4106902,1,Auto Viação São José,216,https://moovitapp.com/index/pt-br/transporte_p%C3%BAblico-line-216_PIT_PRA%C3%87A_DA_JUVENTUDE_SANTA_F%C3%89_PINDORAMA-Curitiba-942-857412-122004458-0,-1.0,-25.417205,-49.250278,,False,4,1,2023-06-19T20:11:11.621192+00:00
CUR_BA603,Curitiba,4106902,1,Auto Viação São José,216,https://moovitapp.com/index/pt-br/transporte_p%C3%BAblico-line-216_PIT_PRA%C3%87A_DA_JUVENTUDE_SANTA_F%C3%89_PINDORAMA-Curitiba-942-857412-122004458-0,-1.0,-25.47561,-49.289768,,False,4,2,2023-06-19T20:10:11.621192+00:00
CUR_BI600,Curitiba,4106902,1,Auto Viação São José,216,https://moovitapp.com/index/pt-br/transporte_p%C3%BAblico-line-216_PIT_PRA%C3%87A_DA_JUVENTUDE_SANTA_F%C3%89_PINDORAMA-Curitiba-942-857412-122004458-0,-1.0,-25.46879,-49.282193,,False,4,2,2023-06-19T20:09:11.621192+00:00
CUR_GB603,Curitiba,4106902,1,,040,,,-25.512895,-49.33127,,False,4,1,2023-06-19T20:11:11.621192+00:00
CUR_HB605,Curitiba,4106902,1,,040,,,-25.446856,-49.348646,,False,4,1,2023-06-19T20:10:11.621192+00:00
CUR_JB607,Curitiba,4106902,1,,040,,,-25.451921,-49.350545,,False,4,2,2023-06-19T20:11:11.621192+00:00
CUR_HB600,Curitiba,4106902,1,,040,,,-25.477191,-49.327461,,False,4,1,2023-06-19T20:10:11.621192+00:00
CUR_GB609,Curitiba,4106902,1,,040,,,-25.512655,-49.330495,,False,4,2,2023-06-19T20:11:11.621192+00:00
CUR_HB602,Curitiba,4106902,1,,040,,,-25.408803,-49.34208,,False,4,1,2023-06-19T20:10:11.621192+00:00
CUR_MB499,Curitiba,4106902,0,,040,,,-25.419798,-49.294331,,False,3,2,2023-06-19T20:11:11.621192+00:00
CUR_GR126,Curitiba,4106902,1,,040,,,-25.548973,-49.291426,,False,4,1,2023-06-19T20:11:11.621192+00:00
CUR_MB699,Curitiba,4106902,1,,040,,,-25.4656,-49.345011,,False,4,1,2023-06-19T20:11:11.621192+00:00
CUR_MB698,Curitiba,4106902,1,,040,,,-25.419503,-49.294156,,False,4,2,2023-06-19T20:11:11.621192+00:00
CUR_MB605,Curitiba,4106902,1,,040,,,-25.4092,-49.342901,,False,4,2,2023-06-19T20:11:11.621192+00:00
CUR_MR106,Curitiba,4106902,1,,040,,,-25.41866,-49.348553,,False,4,1,2023-06-19T20:09:11.621192+00:00
CUR_JB608,Curitiba,4106902,1,,040,,,-25.477425,-49.326681,,False,4,2,2023-06-19T20:11:11.621192+00:00
CUR_JB609,Curitiba,4106902,1,,040,,,-25.419431,-49.348275,,False,4,2,2023-06-19T20:11:11.621192+00:00
CUR_HB302,Curitiba,4106902,1,,040,,,-25.538345,-49.307001,,False,3,1,2023-06-19T20:10:11.621192+00:00
CUR_HB697,Curitiba,4106902,1,,040,,,-25.53824,-49.30726,,False,4,2,2023-06-19T20:10:11.621192+00:00
CUR_HB699,Curitiba,4106902,1,,040,,,-25.513755,-49.306431,,False,4,1,2023-06-19T20:09:11.621192+00:00
CUR_HB698,Curitiba,4106902,1,,040,,,-25.513633,-49.295456,,False,4,1,2023-06-19T20:10:11.621192+00:00
CUR_HB694,Curitiba,4106902,1,,040,,,-25.433668,-49.351616,,False,4,1,2023-06-19T20:10:11.621192+00:00
CUR_GB604,Curitiba,4106902,1,,040,,,-25.441708,-49.346028,,False,4,2,2023-06-19T20:10:11.621192+00:00
CUR_HR117,Curitiba,4106902,1,,040,,,-25.511968,-49.30056,,False,4,2,2023-06-19T20:10:11.621192+00:00
CUR_HB603,Curitiba,4106902,1,,040,,,-25.477645,-49.328301,,False,4,2,2023-06-19T20:10:11.621192+00:00
CUR_MB601,Curitiba,4106902,1,,040,,,-25.493,-49.323748,,False,4,1,2023-06-19T20:11:11.621192+00:00
CUR_JB699,Curitiba,4106902,1,,040,,,-25.408061,-49.33995,,False,4,1,2023-06-19T20:11:11.621192+00:00
CUR_GB610,Curitiba,4106902,1,,040,,,-25.469963,-49.343496,,False,4,2,2023-06-19T20:11:11.621192+00:00
CUR_GI859,Curitiba,4106902,1,,661,,,-25.437833,-49.271215,,False,7,2,2023-06-19T20:11:11.621192+00:00
CUR_GI855,Curitiba,4106902,1,,661,,,-25.458098,-49.268433,,False,7,1,2023-06-19T20:10:11.621192+00:00
CUR_EB604,Curitiba,4106902,1,,020,,,-25.491618,-49.295743,,False,4,,2023-06-19T20:11:11.621192+00:00
CUR_HB611,Curitiba,4106902,1,,020,,,-25.469268,-49.235495,,False,4,,2023-06-19T20:11:11.621192+00:00
CUR_EB607,Curitiba,4106902,1,,020,,,-25.483746,-49.248973,,False,4,,2023-06-19T20:11:11.621192+00:00
CUR_BB605,Curitiba,4106902,1,,020,,,-25.44396,-49.304785,,False,4,,2023-06-19T20:09:11.621192+00:00
CUR_CB602,Curitiba,4106902,1,,020,,,-25.401571,-49.287065,,False,4,,2023-06-19T20:11:11.621192+00:00
CUR_BB613,Curitiba,4106902,1,,020,,,-25.429535,-49.220296,,False,4,,2023-06-19T20:11:11.621192+00:00
CUR_KB608,Curitiba,4106902,1,,020,,,-25.42264,-49.292731,,False,4,,2023-06-19T20:11:11.621192+00:00
CUR_CB603,Curitiba,4106902,1,,020,,,-25.399425,-49.253491,,False,4,,2023-06-19T20:11:11.621192+00:00
CUR_BB620,Curitiba,4106902,1,,020,,,-25.467878,-49.299971,,False,4,,2023-06-19T20:09:11.621192+00:00
CUR_BB609,Curitiba,4106902,1,,020,,,-25.484973,-49.252005,,False,4,,2023-06-19T20:11:11.621192+00:00
CUR_BB606,Curitiba,4106902,1,,020,,,-25.494761,-49.27881,,False,4,,2023-06-19T20:09:11.621192+00:00
CUR_BA602,Curitiba,4106902,1,,020,,,-25.437793,-49.219443,,False,4,,2023-06-19T20:11:11.621192+00:00
CUR_BB498,Curitiba,4106902,1,,020,,,-25.417786,-49.243511,,False,3,,2023-06-19T20:09:11.621192+00:00
CUR_HE601,Curitiba,4106902,0,URBS,602,https://moovitapp.com/index/pt-br/transporte_p%C3%BAblico-line-602_CIRCULAR_SUL_ANTI_HOR%C3%81RIO-Curitiba-942-9628-294517-0,-1.0,-25.481946,-49.246863,,False,4,,2023-06-19T20:10:11.621192+00:00
CUR_HE606,Curitiba,4106902,0,URBS,602,https://moovitapp.com/index/pt-br/transporte_p%C3%BAblico-line-602_CIRCULAR_SUL_ANTI_HOR%C3%81RIO-Curitiba-942-9628-294517-0,-1.0,-25.529018,-49.246071,,False,4,,2023-06-19T20:11:11.621192+00:00
CUR_HE607,Curitiba,4106902,0,URBS,602,https://moovitapp.com/index/pt-br/transporte_p%C3%BAblico-line-602_CIRCULAR_SUL_ANTI_HOR%C3%81RIO-Curitiba-942-9628-294517-0,-1.0,-25.535785,-49.274373,,False,4,,2023-06-19T20:10:11.621192+00:00
CUR_HE608,Curitiba,4106902,0,URBS,602,https://moovitapp.com/index/pt-br/transporte_p%C3%BAblico-line-602_CIRCULAR_SUL_ANTI_HOR%C3%81RIO-Curitiba-942-9628-294517-0,-1.0,-25.48212,-49.292901,,False,4,,2023-06-19T20:10:11.621192+00:00
CUR_HE611,Curitiba,4106902,0,URBS,602,https://moovitapp.com/index/pt-br/transporte_p%C3%BAblico-line-602_CIRCULAR_SUL_ANTI_HOR%C3%81RIO-Curitiba-942-9628-294517-0,-1.0,-25.51113,-49.232821,,False,4,,2023-06-19T20:10:11.621192+00:00
CUR_GR032,Curitiba,4106902,0,URBS,602,https://moovitapp.com/index/pt-br/transporte_p%C3%BAblico-line-602_CIRCULAR_SUL_ANTI_HOR%C3%81RIO-Curitiba-942-9628-294517-0,-1.0,-25.550446,-49.291771,,False,4,,2023-06-19T20:11:11.621192+00:00
CUR_GE611,Curitiba,4106902,0,URBS,602,https://moovitapp.com/index/pt-br/transporte_p%C3%BAblico-line-602_CIRCULAR_SUL_ANTI_HOR%C3%81RIO-Curitiba-942-9628-294517-0,-1.0,-25.477215,-49.288736,,False,4,,2023-06-19T20:11:11.621192+00:00
CUR_GR034,Curitiba,4106902,0,URBS,602,https://moovitapp.com/index/pt-br/transporte_p%C3%BAblico-line-602_CIRCULAR_SUL_ANTI_HOR%C3%81RIO-Curitiba-942-9628-294517-0,-1.0,-25.475095,-49.27551,,False,4,,2023-06-19T20:11:11.621192+00:00
CUR_GE601,Curitiba,4106902,0,URBS,602,https://moovitapp.com/index/pt-br/transporte_p%C3%BAblico-line-602_CIRCULAR_SUL_ANTI_HOR%C3%81RIO-Curitiba-942-9628-294517-0,-1.0,-25.530628,-49.252845,,False,4,,2023-06-19T20:11:11.621192+00:00
CUR_HE612,Curitiba,4106902,0,URBS,602,https://moovitapp.com/index/pt-br/transporte_p%C3%BAblico-line-602_CIRCULAR_SUL_ANTI_HOR%C3%81RIO-Curitiba-942-9628-294517-0,-1.0,-25.538308,-49.307193,,False,4,,2023-06-19T20:10:11.621192+00:00
CUR_GE713,Curitiba,4106902,0,URBS,602,https://moovitapp.com/index/pt-br/transporte_p%C3%BAblico-line-602_CIRCULAR_SUL_ANTI_HOR%C3%81RIO-Curitiba-942-9628-294517-0,-1.0,-25.495433,-49.29563,,False,5,,2023-06-19T20:11:11.621192+00:00
CUR_GD343,Curitiba,4106902,0,URBS,602,https://moovitapp.com/index/pt-br/transporte_p%C3%BAblico-line-602_CIRCULAR_SUL_ANTI_HOR%C3%81RIO-Curitiba-942-9628-294517-0,-1.0,-25.519891,-49.22858,,False,5,,2023-06-19T20:11:11.621192+00:00
CUR_GE718,Curitiba,4106902,0,URBS,602,https://moovitapp.com/index/pt-br/transporte_p%C3%BAblico-line-602_CIRCULAR_SUL_ANTI_HOR%C3%81RIO-Curitiba-942-9628-294517-0,-1.0,-25.480043,-49.248055,,False,5,,2023-06-19T20:11:11.621192+00:00
CUR_GR036,Curitiba,4106902,0,URBS,602,https://moovitapp.com/index/pt-br/transporte_p%C3%BAblico-line-602_CIRCULAR_SUL_ANTI_HOR%C3%81RIO-Curitiba-942-9628-294517-0,-1.0,-25.534016,-49.266738,,False,4,,2023-06-19T20:11:11.621192+00:00
CUR_GE613,Curitiba,4106902,0,URBS,602,https://moovitapp.com/index/pt-br/transporte_p%C3%BAblico-line-602_CIRCULAR_SUL_ANTI_HOR%C3%81RIO-Curitiba-942-9628-294517-0,-1.0,-25.474923,-49.293321,,False,4,,2023-06-19T20:11:11.621192+00:00
CUR_GE602,Curitiba,4106902,0,URBS,X12,https://moovitapp.com/index/pt-br/transporte_p%C3%BAblico-line-X12_ESPECIAL_BOQUEIR%C3%83O-Curitiba-942-9628-504177-0,-1.0,-25.534936,-49.270936,,False,4,1,2023-06-19T20:11:11.621192+00:00
CUR_DC855,Curitiba,4106902,1,,387,,,-25.439888,-49.237668,,False,7,2,2023-06-19T20:11:11.621192+00:00
CUR_HA311,Curitiba,4106902,1,,772,,,-25.55197,-49.305401,,False,3,2,2023-06-19T20:11:11.621192+00:00
CUR_HI606,Curitiba,4106902,1,,772,,,-25.624331,-49.369785,,False,4,1,2023-06-19T20:08:11.621192+00:00
CUR_HA614,Curitiba,4106902,1,,772,,,-25.540033,-49.308586,,False,4,1,2023-06-19T20:10:11.621192+00:00
CUR_HI607,Curitiba,4106902,0,,772,,,-25.615706,-49.343908,,False,4,2,2023-06-19T20:09:11.621192+00:00
CUR_HA617,Curitiba,4106902,1,,772,,,-25.616856,-49.345453,,False,4,2,2023-06-19T20:11:11.621192+00:00
CUR_HI608,Curitiba,4106902,1,,X37,,,-25.520705,-49.319903,,False,4,1,2023-06-19T20:10:11.621192+00:00
CUR_BI856,Curitiba,4106902,1,Auto Viação São José,212,https://moovitapp.com/index/pt-br/transporte_p%C3%BAblico-line-212_PIT_PRA%C3%87A_DA_JUVENTUDE_SANTA_F%C3%89_CRISTAL-Curitiba-942-857412-73656311-0,-1.0,-25.403856,-49.245843,,False,7,2,2023-06-19T20:09:11.621192+00:00
CUR_BI868,Curitiba,4106902,1,Auto Viação São José,212,https://moovitapp.com/index/pt-br/transporte_p%C3%BAblico-line-212_PIT_PRA%C3%87A_DA_JUVENTUDE_SANTA_F%C3%89_CRISTAL-Curitiba-942-857412-73656311-0,-1.0,-25.394578,-49.242698,,False,7,1,2023-06-19T20:09:11.621192+00:00
CUR_BI887,Curitiba,4106902,1,Auto Viação São José,212,https://moovitapp.com/index/pt-br/transporte_p%C3%BAblico-line-212_PIT_PRA%C3%87A_DA_JUVENTUDE_SANTA_F%C3%89_CRISTAL-Curitiba-942-857412-73656311-0,-1.0,-25.39856,-49.23773,,False,7,1,2023-06-19T20:11:11.621192+00:00
CUR_DN601,Curitiba,4106902,1,,463,,,-25.440743,-49.260188,,False,7,1,2023-06-19T20:11:11.621192+00:00
CUR_DN602,Curitiba,4106902,1,,463,,,-25.442751,-49.257618,,False,7,2,2023-06-19T20:11:11.621192+00:00
CUR_DN608,Curitiba,4106902,1,,463,,,-25.442696,-49.257398,,False,7,2,2023-06-19T20:11:11.621192+00:00
CUR_CI007,Curitiba,4106902,1,,222,,,-25.38699,-49.218186,,False,1,1,2023-06-19T20:11:11.621192+00:00
CUR_CI005,Curitiba,4106902,1,,222,,,-25.39366,-49.241256,,False,1,2,2023-06-19T20:11:11.621192+00:00
CUR_CI008,Curitiba,4106902,1,,222,,,-25.381183,-49.18581,,False,1,2,2023-06-19T20:11:11.621192+00:00
CUR_CA012,Curitiba,4106902,1,,222,,,-25.387995,-49.212283,,False,1,1,2023-06-19T20:11:11.621192+00:00
CUR_EA074,Curitiba,4106902,1,,512,,,-25.493705,-49.260126,,False,1,1,2023-06-19T20:11:11.621192+00:00
CUR_EI017,Curitiba,4106902,1,,512,,,-25.500276,-49.262915,,False,1,2,2023-06-19T20:11:11.621192+00:00
CUR_BA030,Curitiba,4106902,1,,226,,,-25.381305,-49.246606,,False,1,2,2023-06-19T20:09:11.621192+00:00
CUR_BA001,Curitiba,4106902,1,,226,,,-25.380998,-49.247046,,False,1,1,2023-06-19T20:10:11.621192+00:00
CUR_BA024,Curitiba,4106902,1,,226,,,-25.38725,-49.24529,,False,1,2,2023-06-19T20:09:11.621192+00:00
CUR_CL600,Curitiba,4106902,0,URBS,023,https://moovitapp.com/index/pt-br/transporte_p%C3%BAblico-line-023_INTER_2_ANTI_HOR%C3%81RIO-Curitiba-942-9628-398189-0,-1.0,-25.474046,-49.295766,,False,4,,2023-06-19T20:11:11.621192+00:00
CUR_BL323,Curitiba,4106902,0,URBS,023,https://moovitapp.com/index/pt-br/transporte_p%C3%BAblico-line-023_INTER_2_ANTI_HOR%C3%81RIO-Curitiba-942-9628-398189-0,-1.0,-25.413993,-49.288473,,False,3,,2023-06-19T20:09:11.621192+00:00
CUR_BL324,Curitiba,4106902,0,URBS,023,https://moovitapp.com/index/pt-br/transporte_p%C3%BAblico-line-023_INTER_2_ANTI_HOR%C3%81RIO-Curitiba-942-9628-398189-0,-1.0,-25.416088,-49.262936,,False,3,,2023-06-19T20:09:11.621192+00:00
CUR_CL699,Curitiba,4106902,0,URBS,023,https://moovitapp.com/index/pt-br/transporte_p%C3%BAblico-line-023_INTER_2_ANTI_HOR%C3%81RIO-Curitiba-942-9628-398189-0,-1.0,-25.380745,-49.186023,,False,4,,2023-06-19T20:11:11.621192+00:00
CUR_ER802,Curitiba,4106902,0,URBS,023,https://moovitapp.com/index/pt-br/transporte_p%C3%BAblico-line-023_INTER_2_ANTI_HOR%C3%81RIO-Curitiba-942-9628-398189-0,-1.0,-25.468271,-49.255788,,False,4,,2023-06-19T20:11:11.621192+00:00
CUR_BL312,Curitiba,4106902,0,URBS,023,https://moovitapp.com/index/pt-br/transporte_p%C3%BAblico-line-023_INTER_2_ANTI_HOR%C3%81RIO-Curitiba-942-9628-398189-0,-1.0,-25.438986,-49.220026,,False,3,,2023-06-19T20:10:11.621192+00:00
CUR_EL602,Curitiba,4106902,0,URBS,023,https://moovitapp.com/index/pt-br/transporte_p%C3%BAblico-line-023_INTER_2_ANTI_HOR%C3%81RIO-Curitiba-942-9628-398189-0,-1.0,-25.432501,-49.297926,,False,4,,2023-06-19T20:11:11.621192+00:00
CUR_DR801,Curitiba,4106902,0,URBS,023,https://moovitapp.com/index/pt-br/transporte_p%C3%BAblico-line-023_INTER_2_ANTI_HOR%C3%81RIO-Curitiba-942-9628-398189-0,-1.0,-25.408461,-49.250066,,False,4,,2023-06-19T20:05:11.621192+00:00
CUR_HL602,Curitiba,4106902,0,URBS,023,https://moovitapp.com/index/pt-br/transporte_p%C3%BAblico-line-023_INTER_2_ANTI_HOR%C3%81RIO-Curitiba-942-9628-398189-0,-1.0,-25.495576,-49.276416,,False,4,,2023-06-19T20:11:11.621192+00:00
CUR_GL600,Curitiba,4106902,0,URBS,023,https://moovitapp.com/index/pt-br/transporte_p%C3%BAblico-line-023_INTER_2_ANTI_HOR%C3%81RIO-Curitiba-942-9628-398189-0,-1.0,-25.4611,-49.295495,,False,4,,2023-06-19T20:11:11.621192+00:00
CUR_DR804,Curitiba,4106902,0,URBS,023,https://moovitapp.com/index/pt-br/transporte_p%C3%BAblico-line-023_INTER_2_ANTI_HOR%C3%81RIO-Curitiba-942-9628-398189-0,-1.0,-25.478613,-49.244921,,False,4,,2023-06-19T20:11:11.621192+00:00
CUR_HL600,Curitiba,4106902,0,URBS,023,https://moovitapp.com/index/pt-br/transporte_p%C3%BAblico-line-023_INTER_2_ANTI_HOR%C3%81RIO-Curitiba-942-9628-398189-0,-1.0,-25.496243,-49.270286,,False,4,,2023-06-19T20:10:11.621192+00:00
CUR_BL608,Curitiba,4106902,0,URBS,023,https://moovitapp.com/index/pt-br/transporte_p%C3%BAblico-line-023_INTER_2_ANTI_HOR%C3%81RIO-Curitiba-942-9628-398189-0,-1.0,-25.452208,-49.229925,,False,4,,2023-06-19T20:11:11.621192+00:00
CUR_JL600,Curitiba,4106902,0,URBS,023,https://moovitapp.com/index/pt-br/transporte_p%C3%BAblico-line-023_INTER_2_ANTI_HOR%C3%81RIO-Curitiba-942-9628-398189-0,-1.0,-25.476395,-49.292823,,False,4,,2023-06-19T20:11:11.621192+00:00
CUR_MR800,Curitiba,4106902,0,URBS,023,https://moovitapp.com/index/pt-br/transporte_p%C3%BAblico-line-023_INTER_2_ANTI_HOR%C3%81RIO-Curitiba-942-9628-398189-0,-1.0,-25.435668,-49.307275,,False,4,,2023-06-19T20:11:11.621192+00:00
CUR_HL698,Curitiba,4106902,0,URBS,023,https://moovitapp.com/index/pt-br/transporte_p%C3%BAblico-line-023_INTER_2_ANTI_HOR%C3%81RIO-Curitiba-942-9628-398189-0,-1.0,-25.538141,-49.30737,,False,4,,2023-06-19T20:10:11.621192+00:00
CUR_JL601,Curitiba,4106902,0,URBS,023,https://moovitapp.com/index/pt-br/transporte_p%C3%BAblico-line-023_INTER_2_ANTI_HOR%C3%81RIO-Curitiba-942-9628-398189-0,-1.0,-25.43968,-49.22213,,False,4,,2023-06-19T20:11:11.621192+00:00
CUR_JL313,Curitiba,4106902,0,URBS,022,https://moovitapp.com/index/pt-br/transporte_p%C3%BAblico-line-022_INTER_2_HOR%C3%81RIO-Curitiba-942-9628-381388-0,-1.0,-25.430841,-49.322921,,False,3,,2023-06-19T20:10:11.621192+00:00
CUR_BL611,Curitiba,4106902,0,URBS,023,https://moovitapp.com/index/pt-br/transporte_p%C3%BAblico-line-023_INTER_2_ANTI_HOR%C3%81RIO-Curitiba-942-9628-398189-0,-1.0,-25.483243,-49.247585,,False,4,,2023-06-19T20:10:11.621192+00:00
CUR_ML305,Curitiba,4106902,0,URBS,023,https://moovitapp.com/index/pt-br/transporte_p%C3%BAblico-line-023_INTER_2_ANTI_HOR%C3%81RIO-Curitiba-942-9628-398189-0,-1.0,-25.434283,-49.212623,,False,3,,2023-06-19T20:04:11.621192+00:00
CUR_BL305,Curitiba,4106902,0,URBS,023,https://moovitapp.com/index/pt-br/transporte_p%C3%BAblico-line-023_INTER_2_ANTI_HOR%C3%81RIO-Curitiba-942-9628-398189-0,-1.0,-25.430825,-49.210643,,False,3,,2023-06-19T20:10:11.621192+00:00
CUR_HL601,Curitiba,4106902,0,URBS,023,https://moovitapp.com/index/pt-br/transporte_p%C3%BAblico-line-023_INTER_2_ANTI_HOR%C3%81RIO-Curitiba-942-9628-398189-0,-1.0,-25.49248,-49.293725,,False,4,,2023-06-19T20:10:11.621192+00:00
CUR_BL326,Curitiba,4106902,0,URBS,023,https://moovitapp.com/index/pt-br/transporte_p%C3%BAblico-line-023_INTER_2_ANTI_HOR%C3%81RIO-Curitiba-942-9628-398189-0,-1.0,-25.468165,-49.293573,,False,3,,2023-06-19T20:11:11.621192+00:00
CUR_JL603,Curitiba,4106902,0,URBS,023,https://moovitapp.com/index/pt-br/transporte_p%C3%BAblico-line-023_INTER_2_ANTI_HOR%C3%81RIO-Curitiba-942-9628-398189-0,-1.0,-25.415378,-49.275818,,False,4,,2023-06-19T20:11:11.621192+00:00
CUR_EL319,Curitiba,4106902,1,URBS,023,https://moovitapp.com/index/pt-br/transporte_p%C3%BAblico-line-023_INTER_2_ANTI_HOR%C3%81RIO-Curitiba-942-9628-398189-0,-1.0,-25.465521,-49.300933,,False,3,,2023-06-19T20:11:11.621192+00:00
CUR_CL302,Curitiba,4106902,0,URBS,023,https://moovitapp.com/index/pt-br/transporte_p%C3%BAblico-line-023_INTER_2_ANTI_HOR%C3%81RIO-Curitiba-942-9628-398189-0,-1.0,-25.471406,-49.237323,,False,3,,2023-06-19T20:11:11.621192+00:00
CUR_BL333,Curitiba,4106902,0,URBS,023,https://moovitapp.com/index/pt-br/transporte_p%C3%BAblico-line-023_INTER_2_ANTI_HOR%C3%81RIO-Curitiba-942-9628-398189-0,-1.0,-25.41144,-49.25832,,False,3,,2023-06-19T20:10:11.621192+00:00
CUR_BL338,Curitiba,4106902,0,URBS,023,https://moovitapp.com/index/pt-br/transporte_p%C3%BAblico-line-023_INTER_2_ANTI_HOR%C3%81RIO-Curitiba-942-9628-398189-0,-1.0,-25.456725,-49.30342,,False,3,,2023-06-19T20:11:11.621192+00:00
CUR_BL304,Curitiba,4106902,0,URBS,023,https://moovitapp.com/index/pt-br/transporte_p%C3%BAblico-line-023_INTER_2_ANTI_HOR%C3%81RIO-Curitiba-942-9628-398189-0,-1.0,-25.431006,-49.295733,,False,3,1,2023-06-19T20:10:11.621192+00:00
CUR_DL313,Curitiba,4106902,0,URBS,304,https://moovitapp.com/index/pt-br/transporte_p%C3%BAblico-line-304_PINHAIS_CAMPO_COMPRIDO-Curitiba-942-9628-133282995-0,-1.0,-25.466661,-49.255035,,False,3,1,2023-06-19T20:11:11.621192+00:00
CUR_BI859,Curitiba,4106902,1,,365,,,-25.441438,-49.285075,,False,7,2,2023-06-19T20:09:11.621192+00:00
CUR_BC932,Curitiba,4106902,1,,365,,,-25.416141,-49.224008,,False,7,1,2023-06-19T20:09:11.621192+00:00
CUR_EA004,Curitiba,4106902,1,,336,,,-25.485806,-49.19725,,False,1,1,2023-06-19T20:11:11.621192+00:00
CUR_EA202,Curitiba,4106902,1,,336,,,-25.469111,-49.25543,,False,1,1,2023-06-19T20:11:11.621192+00:00
CUR_DA023,Curitiba,4106902,1,,332,,,-25.466773,-49.194808,,False,1,,2023-06-19T20:08:11.621192+00:00
CUR_DC298,Curitiba,4106902,1,,336,,,-25.469886,-49.207258,,False,1,2,2023-06-19T20:11:11.621192+00:00
CUR_EA006,Curitiba,4106902,1,,336,,,-25.486458,-49.199408,,False,1,1,2023-06-19T20:10:11.621192+00:00
CUR_GI015,Curitiba,4106902,1,,541,,,-25.541463,-49.26528,,False,1,2,2023-06-19T20:11:11.621192+00:00
CUR_GI030,Curitiba,4106902,1,,541,,,-25.54466,-49.254185,,False,1,1,2023-06-19T20:11:11.621192+00:00
CUR_GI040,Curitiba,4106902,1,,541,,,-25.543591,-49.248628,,False,1,1,2023-06-19T20:11:11.621192+00:00
CUR_GI020,Curitiba,4106902,1,,541,,,-25.54939,-49.292168,,False,1,2,2023-06-19T20:11:11.621192+00:00
CUR_GC017,Curitiba,4106902,1,,541,,,-25.548401,-49.291398,,False,1,1,2023-06-19T20:10:11.621192+00:00
CUR_GI016,Curitiba,4106902,1,,541,,,-25.540893,-49.266441,,False,1,1,2023-06-19T20:11:11.621192+00:00
CUR_GI034,Curitiba,4106902,1,,541,,,-25.540126,-49.253441,,False,1,2,2023-06-19T20:11:11.621192+00:00
CUR_GA181,Curitiba,4106902,1,,541,,,-25.535256,-49.270053,,False,1,2,2023-06-19T20:11:11.621192+00:00
CUR_CB601,Curitiba,4106902,1,,030,,,-25.46833,-49.221206,,False,4,2,2023-06-19T20:11:11.621192+00:00
CUR_KB606,Curitiba,4106902,1,,030,,,-25.418116,-49.203646,,False,4,1,2023-06-19T20:11:11.621192+00:00
CUR_EB609,Curitiba,4106902,1,,030,,,-25.501501,-49.237503,,False,4,1,2023-06-19T20:11:11.621192+00:00
CUR_GB612,Curitiba,4106902,1,,030,,,-25.452503,-49.214655,,False,4,1,2023-06-19T20:11:11.621192+00:00
CUR_EA600,Curitiba,4106902,1,,030,,,-25.467346,-49.255831,,False,4,2,2023-06-19T20:11:11.621192+00:00
CUR_KB605,Curitiba,4106902,1,,030,,,-25.396736,-49.208606,,False,4,2,2023-06-19T20:11:11.621192+00:00
CUR_BB608,Curitiba,4106902,1,,030,,,-25.495886,-49.295946,,False,4,1,2023-06-19T20:09:11.621192+00:00
CUR_GB605,Curitiba,4106902,1,,030,,,-25.504013,-49.286886,,False,4,1,2023-06-19T20:11:11.621192+00:00
CUR_GB606,Curitiba,4106902,1,,030,,,-25.431416,-49.208011,,False,4,2,2023-06-19T20:11:11.621192+00:00
CUR_BB611,Curitiba,4106902,1,,030,,,-25.40019,-49.206941,,False,4,2,2023-06-19T20:11:11.621192+00:00
CUR_BB602,Curitiba,4106902,1,,030,,,-25.511065,-49.275741,,False,4,2,2023-06-19T20:10:11.621192+00:00
CUR_BB610,Curitiba,4106902,1,,030,,,-25.484911,-49.22059,,False,4,1,2023-06-19T20:09:11.621192+00:00
CUR_KB604,Curitiba,4106902,1,,030,,,-25.498876,-49.237316,,False,4,1,2023-06-19T20:11:11.621192+00:00
CUR_EB602,Curitiba,4106902,1,,030,,,-25.377233,-49.223788,,False,4,1,2023-06-19T20:11:11.621192+00:00
CUR_GR123,Curitiba,4106902,1,,030,,,-25.511498,-49.257696,,False,4,1,2023-06-19T20:11:11.621192+00:00
CUR_BB614,Curitiba,4106902,1,,030,,,-25.431025,-49.20768,,False,4,1,2023-06-19T20:10:11.621192+00:00
CUR_BB601,Curitiba,4106902,1,,030,,,-25.464516,-49.215373,,False,4,2,2023-06-19T20:10:11.621192+00:00
CUR_BI015,Curitiba,4106902,1,,242,,,-25.352991,-49.255836,,False,1,1,2023-06-19T20:09:11.621192+00:00
CUR_BI020,Curitiba,4106902,1,,242,,,-25.352768,-49.255275,,False,1,2,2023-06-19T20:09:11.621192+00:00
CUR_CB604,Curitiba,4106902,1,,021,,,-25.441276,-49.221305,,False,4,,2023-06-19T20:11:11.621192+00:00
CUR_GB602,Curitiba,4106902,1,,021,,,-25.389511,-49.262721,,False,4,,2023-06-19T20:11:11.621192+00:00
CUR_BB604,Curitiba,4106902,1,,021,,,-25.445703,-49.304843,,False,4,,2023-06-19T20:09:11.621192+00:00
CUR_EB603,Curitiba,4106902,1,,021,,,-25.490955,-49.255576,,False,4,,2023-06-19T20:09:11.621192+00:00
CUR_EB600,Curitiba,4106902,1,,021,,,-25.479183,-49.298491,,False,4,,2023-06-19T20:11:11.621192+00:00
CUR_KB607,Curitiba,4106902,1,,021,,,-25.431751,-49.211171,,False,4,,2023-06-19T20:11:11.621192+00:00
CUR_GB600,Curitiba,4106902,1,,021,,,-25.549638,-49.291136,,False,4,,2023-06-19T20:10:11.621192+00:00
CUR_GB601,Curitiba,4106902,1,,021,,,-25.414491,-49.28974,,False,4,,2023-06-19T20:11:11.621192+00:00
CUR_BB600,Curitiba,4106902,1,,021,,,-25.40799,-49.252265,,False,4,,2023-06-19T20:10:11.621192+00:00
CUR_BB615,Curitiba,4106902,1,,021,,,-25.396911,-49.213708,,False,4,,2023-06-19T20:09:11.621192+00:00
CUR_BB300,Curitiba,4106902,1,,021,,,-25.452368,-49.229841,,False,3,,2023-06-19T20:10:11.621192+00:00
CUR_KB696,Curitiba,4106902,0,,021,,,-25.458465,-49.302775,,False,4,,2023-06-19T20:11:11.621192+00:00
CUR_XY043,Curitiba,4106902,0,,021,,,-25.428645,-49.226525,,False,3,,2023-06-19T20:10:11.621192+00:00
CUR_GR125,Curitiba,4106902,1,,021,,,-25.39776,-49.250933,,False,4,,2023-06-19T20:11:11.621192+00:00
CUR_BB612,Curitiba,4106902,1,,021,,,-25.490968,-49.255703,,False,4,,2023-06-19T20:10:11.621192+00:00
CUR_GI858,Curitiba,4106902,1,,616,,,-25.478838,-49.274208,,False,7,1,2023-06-19T20:11:11.621192+00:00
CUR_GI857,Curitiba,4106902,1,,616,,,-25.467986,-49.267536,,False,7,1,2023-06-19T20:11:11.621192+00:00
CUR_DA013,Curitiba,4106902,1,,338,,,-25.479226,-49.199703,,False,1,2,2023-06-19T20:11:11.621192+00:00
CUR_EA076,Curitiba,4106902,1,,338,,,-25.49284,-49.20706,,False,1,1,2023-06-19T20:11:11.621192+00:00
CUR_DA020,Curitiba,4106902,0,,338,,,-25.492723,-49.220608,,False,1,1,2023-06-19T20:11:11.621192+00:00
CUR_GC011,Curitiba,4106902,1,,338,,,-25.473093,-49.234585,,False,1,1,2023-06-19T20:11:11.621192+00:00
CUR_DC293,Curitiba,4106902,1,,338,,,-25.481716,-49.246808,,False,1,1,2023-06-19T20:11:11.621192+00:00
CUR_EA003,Curitiba,4106902,1,,338,,,-25.502186,-49.209898,,False,1,2,2023-06-19T20:11:11.621192+00:00
CUR_DC086,Curitiba,4106902,1,,338,,,-25.467958,-49.214216,,False,1,2,2023-06-19T20:08:11.621192+00:00
CUR_GC012,Curitiba,4106902,1,,338,,,-25.468908,-49.208353,,False,1,2,2023-06-19T20:11:11.621192+00:00
CUR_DA022,Curitiba,4106902,0,,338,,,-25.470803,-49.236998,,False,1,2,2023-06-19T20:11:11.621192+00:00
CUR_DC090,Curitiba,4106902,1,,474,,,-25.479453,-49.24695,,False,1,1,2023-06-19T20:11:11.621192+00:00
CUR_EI006,Curitiba,4106902,1,,X07,,,-25.541143,-49.27176,,False,1,2,2023-06-19T20:11:11.621192+00:00
CUR_EA005,Curitiba,4106902,1,,X07,,,-25.540353,-49.271153,,False,1,1,2023-06-19T20:11:11.621192+00:00
CUR_DC854,Curitiba,4106902,1,,477,,,-25.472211,-49.22766,,False,7,1,2023-06-19T20:11:11.621192+00:00
CUR_DC850,Curitiba,4106902,1,,477,,,-25.467743,-49.254291,,False,7,2,2023-06-19T20:11:11.621192+00:00
CUR_DN605,Curitiba,4106902,0,,477,,,-25.442078,-49.268551,,False,7,1,2023-06-19T20:11:11.621192+00:00
CUR_JI017,Curitiba,4106902,1,,777,,,-25.452128,-49.290411,,False,1,1,2023-06-19T20:10:11.621192+00:00
CUR_JI012,Curitiba,4106902,1,,777,,,-25.451545,-49.294348,,False,1,2,2023-06-19T20:11:11.621192+00:00
CUR_JI001,Curitiba,4106902,1,,777,,,-25.461528,-49.331725,,False,1,1,2023-06-19T20:11:11.621192+00:00
CUR_JI010,Curitiba,4106902,1,,777,,,-25.4352,-49.273291,,False,1,2,2023-06-19T20:11:11.621192+00:00
CUR_GE736,Curitiba,4106902,0,URBS,203,https://moovitapp.com/index/pt-br/transporte_p%C3%BAblico-line-203_SANTA_C%C3%82NDIDA_CAP%C3%83O_RASO-Curitiba-942-9628-1323737-0,-1.0,-25.376896,-49.223623,,False,5,2,2023-06-19T20:11:11.621192+00:00
CUR_BE703,Curitiba,4106902,0,URBS,203,https://moovitapp.com/index/pt-br/transporte_p%C3%BAblico-line-203_SANTA_C%C3%82NDIDA_CAP%C3%83O_RASO-Curitiba-942-9628-1323737-0,-1.0,-25.491706,-49.293538,,False,5,2,2023-06-19T20:11:11.621192+00:00
CUR_BE716,Curitiba,4106902,0,URBS,203,https://moovitapp.com/index/pt-br/transporte_p%C3%BAblico-line-203_SANTA_C%C3%82NDIDA_CAP%C3%83O_RASO-Curitiba-942-9628-1323737-0,-1.0,-25.448241,-49.28773,,False,5,1,2023-06-19T20:10:11.621192+00:00
CUR_HE711,Curitiba,4106902,0,URBS,203,https://moovitapp.com/index/pt-br/transporte_p%C3%BAblico-line-203_SANTA_C%C3%82NDIDA_CAP%C3%83O_RASO-Curitiba-942-9628-1323737-0,-1.0,-25.426483,-49.26863,,False,5,2,2023-06-19T20:11:11.621192+00:00
CUR_BE719,Curitiba,4106902,0,URBS,203,https://moovitapp.com/index/pt-br/transporte_p%C3%BAblico-line-203_SANTA_C%C3%82NDIDA_CAP%C3%83O_RASO-Curitiba-942-9628-1323737-0,-1.0,-25.412003,-49.257625,,False,5,1,2023-06-19T20:11:11.621192+00:00
CUR_BE710,Curitiba,4106902,0,URBS,203,https://moovitapp.com/index/pt-br/transporte_p%C3%BAblico-line-203_SANTA_C%C3%82NDIDA_CAP%C3%83O_RASO-Curitiba-942-9628-1323737-0,-1.0,-25.476196,-49.29255,,False,5,1,2023-06-19T20:10:11.621192+00:00
CUR_GD341,Curitiba,4106902,0,URBS,203,https://moovitapp.com/index/pt-br/transporte_p%C3%BAblico-line-203_SANTA_C%C3%82NDIDA_CAP%C3%83O_RASO-Curitiba-942-9628-1323737-0,-1.0,-25.448435,-49.287878,,False,5,2,2023-06-19T20:11:11.621192+00:00
CUR_GE704,Curitiba,4106902,0,URBS,203,https://moovitapp.com/index/pt-br/transporte_p%C3%BAblico-line-203_SANTA_C%C3%82NDIDA_CAP%C3%83O_RASO-Curitiba-942-9628-1323737-0,-1.0,-25.409205,-49.255033,,False,5,1,2023-06-19T20:11:11.621192+00:00
CUR_BE717,Curitiba,4106902,0,URBS,203,https://moovitapp.com/index/pt-br/transporte_p%C3%BAblico-line-203_SANTA_C%C3%82NDIDA_CAP%C3%83O_RASO-Curitiba-942-9628-1323737-0,-1.0,-25.425781,-49.268635,,False,5,1,2023-06-19T20:09:11.621192+00:00
CUR_BD135,Curitiba,4106902,0,URBS,203,https://moovitapp.com/index/pt-br/transporte_p%C3%BAblico-line-203_SANTA_C%C3%82NDIDA_CAP%C3%83O_RASO-Curitiba-942-9628-1323737-0,-1.0,-25.44995,-49.288093,,False,5,2,2023-06-19T20:10:11.621192+00:00
CUR_BE715,Curitiba,4106902,0,URBS,203,https://moovitapp.com/index/pt-br/transporte_p%C3%BAblico-line-203_SANTA_C%C3%82NDIDA_CAP%C3%83O_RASO-Curitiba-942-9628-1323737-0,-1.0,-25.442881,-49.28034,,False,5,1,2023-06-19T20:10:11.621192+00:00
CUR_GE726,Curitiba,4106902,0,URBS,203,https://moovitapp.com/index/pt-br/transporte_p%C3%BAblico-line-203_SANTA_C%C3%82NDIDA_CAP%C3%83O_RASO-Curitiba-942-9628-1323737-0,-1.0,-25.387343,-49.234813,,False,5,2,2023-06-19T20:11:11.621192+00:00
CUR_BE727,Curitiba,4106902,0,URBS,203,https://moovitapp.com/index/pt-br/transporte_p%C3%BAblico-line-203_SANTA_C%C3%82NDIDA_CAP%C3%83O_RASO-Curitiba-942-9628-1323737-0,-1.0,-25.437923,-49.267458,,False,5,2,2023-06-19T20:10:11.621192+00:00
CUR_BD150,Curitiba,4106902,0,URBS,200,https://moovitapp.com/index/pt-br/transporte_p%C3%BAblico-line-200_LIGEIR%C3%83O_SANTA_C%C3%82NDIDA_PRA%C3%87A_DO_JAP%C3%83O-Curitiba-942-9628-1323763-0,-1.0,-25.439803,-49.272538,,False,5,2,2023-06-19T20:11:11.621192+00:00
CUR_BD144,Curitiba,4106902,0,URBS,203,https://moovitapp.com/index/pt-br/transporte_p%C3%BAblico-line-203_SANTA_C%C3%82NDIDA_CAP%C3%83O_RASO-Curitiba-942-9628-1323737-0,-1.0,-25.39488,-49.242735,,False,5,2,2023-06-19T20:09:11.621192+00:00
CUR_BE722,Curitiba,4106902,0,URBS,203,https://moovitapp.com/index/pt-br/transporte_p%C3%BAblico-line-203_SANTA_C%C3%82NDIDA_CAP%C3%83O_RASO-Curitiba-942-9628-1323737-0,-1.0,-25.441053,-49.275623,,False,5,2,2023-06-19T20:10:11.621192+00:00
CUR_GE705,Curitiba,4106902,0,URBS,203,https://moovitapp.com/index/pt-br/transporte_p%C3%BAblico-line-203_SANTA_C%C3%82NDIDA_CAP%C3%83O_RASO-Curitiba-942-9628-1323737-0,-1.0,-25.413276,-49.258925,,False,5,2,2023-06-19T20:11:11.621192+00:00
CUR_BE713,Curitiba,4106902,0,URBS,203,https://moovitapp.com/index/pt-br/transporte_p%C3%BAblico-line-203_SANTA_C%C3%82NDIDA_CAP%C3%83O_RASO-Curitiba-942-9628-1323737-0,-1.0,-25.436425,-49.264933,,False,5,1,2023-06-19T20:10:11.621192+00:00
CUR_GE706,Curitiba,4106902,0,URBS,203,https://moovitapp.com/index/pt-br/transporte_p%C3%BAblico-line-203_SANTA_C%C3%82NDIDA_CAP%C3%83O_RASO-Curitiba-942-9628-1323737-0,-1.0,-25.402443,-49.248768,,False,5,1,2023-06-19T20:11:11.621192+00:00
CUR_BE725,Curitiba,4106902,0,URBS,203,https://moovitapp.com/index/pt-br/transporte_p%C3%BAblico-line-203_SANTA_C%C3%82NDIDA_CAP%C3%83O_RASO-Curitiba-942-9628-1323737-0,-1.0,-25.481848,-49.292773,,False,5,2,2023-06-19T20:11:11.621192+00:00
CUR_BE724,Curitiba,4106902,0,URBS,203,https://moovitapp.com/index/pt-br/transporte_p%C3%BAblico-line-203_SANTA_C%C3%82NDIDA_CAP%C3%83O_RASO-Curitiba-942-9628-1323737-0,-1.0,-25.475586,-49.292926,,False,5,1,2023-06-19T20:10:11.621192+00:00
CUR_BE708,Curitiba,4106902,0,URBS,203,https://moovitapp.com/index/pt-br/transporte_p%C3%BAblico-line-203_SANTA_C%C3%82NDIDA_CAP%C3%83O_RASO-Curitiba-942-9628-1323737-0,-1.0,-25.453555,-49.287945,,False,5,2,2023-06-19T20:09:11.621192+00:00
CUR_BI019,Curitiba,4106902,1,,231,,,-25.37658,-49.224981,,False,1,2,2023-06-19T20:09:11.621192+00:00
CUR_BI013,Curitiba,4106902,1,,231,,,-25.376806,-49.225135,,False,1,2,2023-06-19T20:08:11.621192+00:00
CUR_JI866,Curitiba,4106902,1,,862,,,-25.449166,-49.299548,,False,7,2,2023-06-19T20:11:11.621192+00:00
CUR_BI865,Curitiba,4106902,1,,862,,,-25.393788,-49.242173,,False,7,2,2023-06-19T20:09:11.621192+00:00
CUR_BI864,Curitiba,4106902,1,,862,,,-25.432441,-49.27133,,False,7,1,2023-06-19T20:11:11.621192+00:00
CUR_BC015,Curitiba,4106902,1,,876,,,-25.414165,-49.334735,,False,1,2,2023-06-19T20:10:11.621192+00:00
CUR_BA019,Curitiba,4106902,1,,876,,,-25.415138,-49.280708,,False,1,2,2023-06-19T20:09:11.621192+00:00
CUR_BC012,Curitiba,4106902,1,,876,,,-25.416905,-49.34347,,False,1,2,2023-06-19T20:11:11.621192+00:00
CUR_BC005,Curitiba,4106902,1,,876,,,-25.432008,-49.280345,,False,1,1,2023-06-19T20:02:11.621192+00:00
CUR_JI003,Curitiba,4106902,1,,711,,,-25.470686,-49.352158,,False,1,2,2023-06-19T20:11:11.621192+00:00
CUR_JA027,Curitiba,4106902,1,,711,,,-25.477271,-49.326911,,False,1,1,2023-06-19T20:11:11.621192+00:00
CUR_BC017,Curitiba,4106902,1,,166,,,-25.409931,-49.281815,,False,1,2,2023-06-19T20:10:11.621192+00:00
CUR_BC004,Curitiba,4106902,1,,166,,,-25.39704,-49.287983,,False,1,2,2023-06-19T20:10:11.621192+00:00
CUR_GI005,Curitiba,4106902,1,,638,,,-25.518526,-49.295623,,False,1,2,2023-06-19T20:11:11.621192+00:00
CUR_GI057,Curitiba,4106902,1,,638,,,-25.552771,-49.268723,,False,1,1,2023-06-19T20:11:11.621192+00:00
CUR_GI014,Curitiba,4106902,1,,542,,,-25.534753,-49.270153,,False,1,2,2023-06-19T20:06:11.621192+00:00
CUR_GC001,Curitiba,4106902,1,,638,,,-25.532108,-49.297056,,False,1,1,2023-06-19T20:11:11.621192+00:00
CUR_HE726,Curitiba,4106902,0,URBS,603,https://moovitapp.com/index/pt-br/transporte_p%C3%BAblico-line-603_PINHEIRINHO_RUI_BARBOSA-Curitiba-942-9628-484781-0,-1.0,-25.497188,-49.295335,,False,5,1,2023-06-19T20:10:11.621192+00:00
CUR_HE728,Curitiba,4106902,0,URBS,603,https://moovitapp.com/index/pt-br/transporte_p%C3%BAblico-line-603_PINHEIRINHO_RUI_BARBOSA-Curitiba-942-9628-484781-0,-1.0,-25.503188,-49.295878,,False,5,1,2023-06-19T20:10:11.621192+00:00
CUR_HE727,Curitiba,4106902,0,URBS,603,https://moovitapp.com/index/pt-br/transporte_p%C3%BAblico-line-603_PINHEIRINHO_RUI_BARBOSA-Curitiba-942-9628-484781-0,-1.0,-25.440908,-49.27506,,False,5,1,2023-06-19T20:10:11.621192+00:00
CUR_HE723,Curitiba,4106902,0,URBS,603,https://moovitapp.com/index/pt-br/transporte_p%C3%BAblico-line-603_PINHEIRINHO_RUI_BARBOSA-Curitiba-942-9628-484781-0,-1.0,-25.448855,-49.287881,,False,5,2,2023-06-19T20:10:11.621192+00:00
CUR_HE725,Curitiba,4106902,0,URBS,603,https://moovitapp.com/index/pt-br/transporte_p%C3%BAblico-line-603_PINHEIRINHO_RUI_BARBOSA-Curitiba-942-9628-484781-0,-1.0,-25.485386,-49.29404,,False,5,2,2023-06-19T20:10:11.621192+00:00
CUR_HE714,Curitiba,4106902,0,URBS,550,https://moovitapp.com/index/pt-br/transporte_p%C3%BAblico-line-550_LIGEIR%C3%83O_PINHEIRINHO_CARLOS_GOMES-Curitiba-942-9628-1254061-0,-1.0,-25.452021,-49.261646,,False,5,1,2023-06-19T20:09:11.621192+00:00
CUR_HE731,Curitiba,4106902,0,URBS,603,https://moovitapp.com/index/pt-br/transporte_p%C3%BAblico-line-603_PINHEIRINHO_RUI_BARBOSA-Curitiba-942-9628-484781-0,-1.0,-25.441085,-49.275681,,False,5,2,2023-06-19T20:10:11.621192+00:00
CUR_GE703,Curitiba,4106902,0,URBS,603,https://moovitapp.com/index/pt-br/transporte_p%C3%BAblico-line-603_PINHEIRINHO_RUI_BARBOSA-Curitiba-942-9628-484781-0,-1.0,-25.450871,-49.288101,,False,5,2,2023-06-19T20:11:11.621192+00:00
CUR_GE731,Curitiba,4106902,0,URBS,X08,https://moovitapp.com/index/pt-br/transporte_p%C3%BAblico-line-X08_REFOR%C3%87O_PINHEIRINHO-Curitiba-942-9628-78902615-0,-1.0,-25.444013,-49.283481,,False,5,1,2023-06-19T20:11:11.621192+00:00
CUR_HE724,Curitiba,4106902,0,URBS,603,https://moovitapp.com/index/pt-br/transporte_p%C3%BAblico-line-603_PINHEIRINHO_RUI_BARBOSA-Curitiba-942-9628-484781-0,-1.0,-25.512335,-49.29521,,False,5,1,2023-06-19T20:10:11.621192+00:00
CUR_HE730,Curitiba,4106902,0,URBS,603,https://moovitapp.com/index/pt-br/transporte_p%C3%BAblico-line-603_PINHEIRINHO_RUI_BARBOSA-Curitiba-942-9628-484781-0,-1.0,-25.539678,-49.308091,,False,5,2,2023-06-19T20:10:11.621192+00:00
CUR_HD246,Curitiba,4106902,0,URBS,603,https://moovitapp.com/index/pt-br/transporte_p%C3%BAblico-line-603_PINHEIRINHO_RUI_BARBOSA-Curitiba-942-9628-484781-0,-1.0,-25.50949,-49.295841,,False,5,2,2023-06-19T20:10:11.621192+00:00
CUR_HE729,Curitiba,4106902,0,URBS,603,https://moovitapp.com/index/pt-br/transporte_p%C3%BAblico-line-603_PINHEIRINHO_RUI_BARBOSA-Curitiba-942-9628-484781-0,-1.0,-25.476543,-49.292646,,False,5,2,2023-06-19T20:10:11.621192+00:00
CUR_HE717,Curitiba,4106902,0,URBS,603,https://moovitapp.com/index/pt-br/transporte_p%C3%BAblico-line-603_PINHEIRINHO_RUI_BARBOSA-Curitiba-942-9628-484781-0,-1.0,-25.46906,-49.29398,,False,5,1,2023-06-19T20:10:11.621192+00:00
CUR_HE704,Curitiba,4106902,0,URBS,603,https://moovitapp.com/index/pt-br/transporte_p%C3%BAblico-line-603_PINHEIRINHO_RUI_BARBOSA-Curitiba-942-9628-484781-0,-1.0,-25.458248,-49.288826,,False,5,2,2023-06-19T20:10:11.621192+00:00
CUR_HE701,Curitiba,4106902,0,URBS,603,https://moovitapp.com/index/pt-br/transporte_p%C3%BAblico-line-603_PINHEIRINHO_RUI_BARBOSA-Curitiba-942-9628-484781-0,-1.0,-25.463385,-49.29076,,False,5,1,2023-06-19T20:10:11.621192+00:00
CUR_HE718,Curitiba,4106902,0,URBS,550,https://moovitapp.com/index/pt-br/transporte_p%C3%BAblico-line-550_LIGEIR%C3%83O_PINHEIRINHO_CARLOS_GOMES-Curitiba-942-9628-1254061-0,-1.0,-25.447356,-49.28763,,False,5,1,2023-06-19T20:05:11.621192+00:00
CUR_BA027,Curitiba,4106902,1,,243,,,-25.352685,-49.26412,,False,1,1,2023-06-19T20:10:11.621192+00:00
CUR_BI021,Curitiba,4106902,1,,243,,,-25.374878,-49.263055,,False,1,1,2023-06-19T20:10:11.621192+00:00
CUR_BC306,Curitiba,4106902,1,,182,,,-25.421505,-49.268286,,False,3,2,2023-06-19T20:11:11.621192+00:00
CUR_BC305,Curitiba,4106902,1,,182,,,-25.371555,-49.262675,,False,3,2,2023-06-19T20:11:11.621192+00:00
CUR_BC302,Curitiba,4106902,1,,182,,,-25.400955,-49.274981,,False,3,1,2023-06-19T20:11:11.621192+00:00
CUR_GB608,Curitiba,4106902,1,,050,,,-25.475436,-49.302925,,False,4,2,2023-06-19T20:11:11.621192+00:00
CUR_JB610,Curitiba,4106902,1,,050,,,-25.452906,-49.230218,,False,4,2,2023-06-19T20:11:11.621192+00:00
CUR_JB604,Curitiba,4106902,1,,050,,,-25.452416,-49.224696,,False,4,1,2023-06-19T20:11:11.621192+00:00
CUR_JB606,Curitiba,4106902,1,,050,,,-25.450121,-49.253386,,False,4,2,2023-06-19T20:11:11.621192+00:00
CUR_GR124,Curitiba,4106902,1,,050,,,-25.477705,-49.311673,,False,4,1,2023-06-19T20:11:11.621192+00:00
CUR_EB606,Curitiba,4106902,1,,050,,,-25.452618,-49.26445,,False,4,2,2023-06-19T20:11:11.621192+00:00
CUR_EB605,Curitiba,4106902,1,,050,,,-25.476291,-49.287391,,False,4,2,2023-06-19T20:11:11.621192+00:00
CUR_EB608,Curitiba,4106902,1,,050,,,-25.45445,-49.266281,,False,4,1,2023-06-19T20:11:11.621192+00:00
CUR_EB601,Curitiba,4106902,1,,050,,,-25.452788,-49.218523,,False,4,2,2023-06-19T20:11:11.621192+00:00
CUR_KB600,Curitiba,4106902,1,,050,,,-25.458936,-49.249635,,False,4,1,2023-06-19T20:11:11.621192+00:00
CUR_HB609,Curitiba,4106902,1,,050,,,-25.477845,-49.310841,,False,4,1,2023-06-19T20:11:11.621192+00:00
CUR_JB611,Curitiba,4106902,1,,050,,,-25.476471,-49.292345,,False,4,1,2023-06-19T20:11:11.621192+00:00
CUR_JE700,Curitiba,4106902,0,URBS,303,https://moovitapp.com/index/pt-br/transporte_p%C3%BAblico-line-303_CENTEN%C3%81RIO_CAMPO_COMPRIDO-Curitiba-942-9628-531689-0,-1.0,-25.441855,-49.232171,,False,5,2,2023-06-19T20:11:11.621192+00:00
CUR_JE706,Curitiba,4106902,0,URBS,303,https://moovitapp.com/index/pt-br/transporte_p%C3%BAblico-line-303_CENTEN%C3%81RIO_CAMPO_COMPRIDO-Curitiba-942-9628-531689-0,-1.0,-25.435735,-49.274455,,False,5,1,2023-06-19T20:11:11.621192+00:00
CUR_DE719,Curitiba,4106902,0,URBS,303,https://moovitapp.com/index/pt-br/transporte_p%C3%BAblico-line-303_CENTEN%C3%81RIO_CAMPO_COMPRIDO-Curitiba-942-9628-531689-0,-1.0,-25.468623,-49.208706,,False,5,1,2023-06-19T20:11:11.621192+00:00
CUR_DE717,Curitiba,4106902,0,URBS,303,https://moovitapp.com/index/pt-br/transporte_p%C3%BAblico-line-303_CENTEN%C3%81RIO_CAMPO_COMPRIDO-Curitiba-942-9628-531689-0,-1.0,-25.435668,-49.257235,,False,5,2,2023-06-19T20:11:11.621192+00:00
CUR_DE715,Curitiba,4106902,0,URBS,303,https://moovitapp.com/index/pt-br/transporte_p%C3%BAblico-line-303_CENTEN%C3%81RIO_CAMPO_COMPRIDO-Curitiba-942-9628-531689-0,-1.0,-25.435708,-49.306176,,False,5,2,2023-06-19T20:11:11.621192+00:00
CUR_DE716,Curitiba,4106902,0,URBS,303,https://moovitapp.com/index/pt-br/transporte_p%C3%BAblico-line-303_CENTEN%C3%81RIO_CAMPO_COMPRIDO-Curitiba-942-9628-531689-0,-1.0,-25.451806,-49.214853,,False,5,1,2023-06-19T20:11:11.621192+00:00
CUR_JE707,Curitiba,4106902,0,URBS,303,https://moovitapp.com/index/pt-br/transporte_p%C3%BAblico-line-303_CENTEN%C3%81RIO_CAMPO_COMPRIDO-Curitiba-942-9628-531689-0,-1.0,-25.440811,-49.220628,,False,5,1,2023-06-19T20:11:11.621192+00:00
CUR_JE704,Curitiba,4106902,0,URBS,303,https://moovitapp.com/index/pt-br/transporte_p%C3%BAblico-line-303_CENTEN%C3%81RIO_CAMPO_COMPRIDO-Curitiba-942-9628-531689-0,-1.0,-25.437625,-49.266723,,False,5,2,2023-06-19T20:11:11.621192+00:00
CUR_DE711,Curitiba,4106902,0,URBS,303,https://moovitapp.com/index/pt-br/transporte_p%C3%BAblico-line-303_CENTEN%C3%81RIO_CAMPO_COMPRIDO-Curitiba-942-9628-531689-0,-1.0,-25.431605,-49.295805,,False,5,1,2023-06-19T20:11:11.621192+00:00
CUR_JE708,Curitiba,4106902,0,URBS,303,https://moovitapp.com/index/pt-br/transporte_p%C3%BAblico-line-303_CENTEN%C3%81RIO_CAMPO_COMPRIDO-Curitiba-942-9628-531689-0,-1.0,-25.448756,-49.36537,,False,5,1,2023-06-19T20:08:11.621192+00:00
CUR_JE705,Curitiba,4106902,0,URBS,303,https://moovitapp.com/index/pt-br/transporte_p%C3%BAblico-line-303_CENTEN%C3%81RIO_CAMPO_COMPRIDO-Curitiba-942-9628-531689-0,-1.0,-25.430445,-49.29277,,False,5,1,2023-06-19T20:11:11.621192+00:00
CUR_DE705,Curitiba,4106902,0,URBS,303,https://moovitapp.com/index/pt-br/transporte_p%C3%BAblico-line-303_CENTEN%C3%81RIO_CAMPO_COMPRIDO-Curitiba-942-9628-531689-0,-1.0,-25.43762,-49.26665,,False,5,1,2023-06-19T20:11:11.621192+00:00
CUR_DE710,Curitiba,4106902,0,URBS,303,https://moovitapp.com/index/pt-br/transporte_p%C3%BAblico-line-303_CENTEN%C3%81RIO_CAMPO_COMPRIDO-Curitiba-942-9628-531689-0,-1.0,-25.43067,-49.280413,,False,5,1,2023-06-19T20:11:11.621192+00:00
CUR_DE700,Curitiba,4106902,0,URBS,303,https://moovitapp.com/index/pt-br/transporte_p%C3%BAblico-line-303_CENTEN%C3%81RIO_CAMPO_COMPRIDO-Curitiba-942-9628-531689-0,-1.0,-25.4329,-49.27772,,False,5,2,2023-06-19T20:11:11.621192+00:00
CUR_DE708,Curitiba,4106902,0,URBS,303,https://moovitapp.com/index/pt-br/transporte_p%C3%BAblico-line-303_CENTEN%C3%81RIO_CAMPO_COMPRIDO-Curitiba-942-9628-531689-0,-1.0,-25.429795,-49.282711,,False,5,2,2023-06-19T20:11:11.621192+00:00
CUR_JE701,Curitiba,4106902,0,URBS,303,https://moovitapp.com/index/pt-br/transporte_p%C3%BAblico-line-303_CENTEN%C3%81RIO_CAMPO_COMPRIDO-Curitiba-942-9628-531689-0,-1.0,-25.441706,-49.346883,,False,5,2,2023-06-19T20:11:11.621192+00:00
CUR_DE709,Curitiba,4106902,0,URBS,303,https://moovitapp.com/index/pt-br/transporte_p%C3%BAblico-line-303_CENTEN%C3%81RIO_CAMPO_COMPRIDO-Curitiba-942-9628-531689-0,-1.0,-25.440873,-49.341988,,False,5,2,2023-06-19T20:11:11.621192+00:00
CUR_DE714,Curitiba,4106902,0,URBS,303,https://moovitapp.com/index/pt-br/transporte_p%C3%BAblico-line-303_CENTEN%C3%81RIO_CAMPO_COMPRIDO-Curitiba-942-9628-531689-0,-1.0,-25.469115,-49.255146,,False,5,2,2023-06-19T20:11:11.621192+00:00
CUR_DE718,Curitiba,4106902,0,URBS,303,https://moovitapp.com/index/pt-br/transporte_p%C3%BAblico-line-303_CENTEN%C3%81RIO_CAMPO_COMPRIDO-Curitiba-942-9628-531689-0,-1.0,-25.434566,-49.272045,,False,5,1,2023-06-19T20:11:11.621192+00:00
CUR_JE849,Curitiba,4106902,0,URBS,303,https://moovitapp.com/index/pt-br/transporte_p%C3%BAblico-line-303_CENTEN%C3%81RIO_CAMPO_COMPRIDO-Curitiba-942-9628-531689-0,-1.0,-25.437956,-49.313378,,False,5,2,2023-06-19T20:11:11.621192+00:00
CUR_JE710,Curitiba,4106902,0,URBS,303,https://moovitapp.com/index/pt-br/transporte_p%C3%BAblico-line-303_CENTEN%C3%81RIO_CAMPO_COMPRIDO-Curitiba-942-9628-531689-0,-1.0,-25.436478,-49.274053,,False,5,2,2023-06-19T20:11:11.621192+00:00
CUR_DE721,Curitiba,4106902,0,URBS,303,https://moovitapp.com/index/pt-br/transporte_p%C3%BAblico-line-303_CENTEN%C3%81RIO_CAMPO_COMPRIDO-Curitiba-942-9628-531689-0,-1.0,-25.43958,-49.23746,,False,5,1,2023-06-19T20:06:11.621192+00:00
CUR_JE709,Curitiba,4106902,0,URBS,303,https://moovitapp.com/index/pt-br/transporte_p%C3%BAblico-line-303_CENTEN%C3%81RIO_CAMPO_COMPRIDO-Curitiba-942-9628-531689-0,-1.0,-25.441596,-49.346345,,False,5,2,2023-06-19T20:11:11.621192+00:00
CUR_XY042,Curitiba,4106902,0,URBS,303,https://moovitapp.com/index/pt-br/transporte_p%C3%BAblico-line-303_CENTEN%C3%81RIO_CAMPO_COMPRIDO-Curitiba-942-9628-531689-0,-1.0,-25.437955,-49.314061,,False,4,2,2023-06-19T20:10:11.621192+00:00
CUR_DE707,Curitiba,4106902,0,URBS,303,https://moovitapp.com/index/pt-br/transporte_p%C3%BAblico-line-303_CENTEN%C3%81RIO_CAMPO_COMPRIDO-Curitiba-942-9628-531689-0,-1.0,-25.441896,-49.23403,,False,5,2,2023-06-19T20:11:11.621192+00:00
CUR_DE706,Curitiba,4106902,0,URBS,303,https://moovitapp.com/index/pt-br/transporte_p%C3%BAblico-line-303_CENTEN%C3%81RIO_CAMPO_COMPRIDO-Curitiba-942-9628-531689-0,-1.0,-25.452718,-49.214656,,False,5,1,2023-06-19T20:11:11.621192+00:00
CUR_DE713,Curitiba,4106902,0,URBS,303,https://moovitapp.com/index/pt-br/transporte_p%C3%BAblico-line-303_CENTEN%C3%81RIO_CAMPO_COMPRIDO-Curitiba-942-9628-531689-0,-1.0,-25.440663,-49.236703,,False,5,1,2023-06-19T20:11:11.621192+00:00
CUR_DE698,Curitiba,4106902,0,URBS,303,https://moovitapp.com/index/pt-br/transporte_p%C3%BAblico-line-303_CENTEN%C3%81RIO_CAMPO_COMPRIDO-Curitiba-942-9628-531689-0,-1.0,-25.436463,-49.32856,,False,4,2,2023-06-19T20:11:11.621192+00:00
CUR_JE848,Curitiba,4106902,0,URBS,303,https://moovitapp.com/index/pt-br/transporte_p%C3%BAblico-line-303_CENTEN%C3%81RIO_CAMPO_COMPRIDO-Curitiba-942-9628-531689-0,-1.0,-25.43875,-49.316163,,False,5,1,2023-06-19T20:11:11.621192+00:00
CUR_DE694,Curitiba,4106902,0,URBS,302,https://moovitapp.com/index/pt-br/transporte_p%C3%BAblico-line-302_CENTEN%C3%81RIO_RUI_BARBOSA-Curitiba-942-9628-294501-0,-1.0,-25.460885,-49.211655,,False,4,2,2023-06-19T20:10:11.621192+00:00
CUR_KE705,Curitiba,4106902,0,URBS,503,https://moovitapp.com/index/pt-br/transporte_p%C3%BAblico-line-503_BOQUEIR%C3%83O-Curitiba-942-9628-294244-0,-1.0,-25.46393,-49.255921,,False,5,2,2023-06-19T20:11:11.621192+00:00
CUR_KE700,Curitiba,4106902,0,URBS,503,https://moovitapp.com/index/pt-br/transporte_p%C3%BAblico-line-503_BOQUEIR%C3%83O-Curitiba-942-9628-294244-0,-1.0,-25.433688,-49.2702,,False,5,2,2023-06-19T20:11:11.621192+00:00
CUR_KE703,Curitiba,4106902,0,URBS,503,https://moovitapp.com/index/pt-br/transporte_p%C3%BAblico-line-503_BOQUEIR%C3%83O-Curitiba-942-9628-294244-0,-1.0,-25.501961,-49.237385,,False,5,1,2023-06-19T20:11:11.621192+00:00
CUR_KE702,Curitiba,4106902,0,URBS,503,https://moovitapp.com/index/pt-br/transporte_p%C3%BAblico-line-503_BOQUEIR%C3%83O-Curitiba-942-9628-294244-0,-1.0,-25.451101,-49.262098,,False,5,2,2023-06-19T20:11:11.621192+00:00
CUR_KE845,Curitiba,4106902,0,URBS,503,https://moovitapp.com/index/pt-br/transporte_p%C3%BAblico-line-503_BOQUEIR%C3%83O-Curitiba-942-9628-294244-0,-1.0,-25.466981,-49.254881,,False,5,1,2023-06-19T20:08:11.621192+00:00
CUR_GE609,Curitiba,4106902,0,URBS,502,https://moovitapp.com/index/pt-br/transporte_p%C3%BAblico-line-502_CIRCULAR_SUL_HOR%C3%81RIO-Curitiba-942-9628-294482-0,-1.0,-25.535265,-49.272163,,False,4,2,2023-06-19T20:08:11.621192+00:00
CUR_GR035,Curitiba,4106902,0,URBS,503,https://moovitapp.com/index/pt-br/transporte_p%C3%BAblico-line-503_BOQUEIR%C3%83O-Curitiba-942-9628-294244-0,-1.0,-25.510356,-49.233226,,False,4,1,2023-06-19T20:11:11.621192+00:00
CUR_GE604,Curitiba,4106902,0,URBS,503,https://moovitapp.com/index/pt-br/transporte_p%C3%BAblico-line-503_BOQUEIR%C3%83O-Curitiba-942-9628-294244-0,-1.0,-25.474923,-49.250503,,False,4,1,2023-06-19T20:11:11.621192+00:00
CUR_GE608,Curitiba,4106902,0,URBS,503,https://moovitapp.com/index/pt-br/transporte_p%C3%BAblico-line-503_BOQUEIR%C3%83O-Curitiba-942-9628-294244-0,-1.0,-25.443156,-49.265971,,False,4,2,2023-06-19T20:11:11.621192+00:00
CUR_KE704,Curitiba,4106902,0,URBS,503,https://moovitapp.com/index/pt-br/transporte_p%C3%BAblico-line-503_BOQUEIR%C3%83O-Curitiba-942-9628-294244-0,-1.0,-25.500308,-49.238151,,False,5,1,2023-06-19T20:11:11.621192+00:00
CUR_BA017,Curitiba,4106902,1,,822,,,-25.43961,-49.358203,,False,1,1,2023-06-19T20:09:11.621192+00:00
CUR_BA011,Curitiba,4106902,1,,822,,,-25.437861,-49.363206,,False,1,2,2023-06-19T20:11:11.621192+00:00
CUR_HI041,Curitiba,4106902,1,,654,,,-25.499871,-49.316803,,False,1,1,2023-06-19T20:11:11.621192+00:00
CUR_HI042,Curitiba,4106902,1,,654,,,-25.49165,-49.293951,,False,1,2,2023-06-19T20:10:11.621192+00:00
CUR_HA194,Curitiba,4106902,1,,654,,,-25.51178,-49.324593,,False,1,2,2023-06-19T20:11:11.621192+00:00
CUR_HA015,Curitiba,4106902,1,,654,,,-25.491981,-49.293353,,False,1,1,2023-06-19T20:10:11.621192+00:00
CUR_BI869,Curitiba,4106902,1,,260,,,-25.42045,-49.268678,,False,7,2,2023-06-19T20:09:11.621192+00:00
CUR_GI854,Curitiba,4106902,1,,662,,,-25.471608,-49.276928,,False,7,1,2023-06-19T20:11:11.621192+00:00
CUR_GI852,Curitiba,4106902,1,,662,,,-25.451483,-49.26739,,False,7,2,2023-06-19T20:11:11.621192+00:00
CUR_BI885,Curitiba,4106902,1,,272,,,-25.412146,-49.25904,,False,7,1,2023-06-19T20:11:11.621192+00:00
CUR_BI875,Curitiba,4106902,1,,272,,,-25.37007,-49.248193,,False,7,2,2023-06-19T20:10:11.621192+00:00
CUR_BI884,Curitiba,4106902,1,,272,,,-25.416993,-49.266116,,False,7,2,2023-06-19T20:10:11.621192+00:00
CUR_BI011,Curitiba,4106902,1,,236,,,-25.355313,-49.24819,,False,1,2,2023-06-19T20:10:11.621192+00:00
CUR_BI012,Curitiba,4106902,1,,342,,,-25.377241,-49.223886,,False,1,1,2023-06-19T20:09:11.621192+00:00
CUR_GI047,Curitiba,4106902,1,,528,,,-25.566025,-49.27788,,False,1,2,2023-06-19T20:11:11.621192+00:00
CUR_EA012,Curitiba,4106902,1,,528,,,-25.562998,-49.26992,,False,1,1,2023-06-19T20:11:11.621192+00:00
CUR_EA601,Curitiba,4106902,1,,528,,,-25.531116,-49.24408,,False,4,1,2023-06-19T20:11:11.621192+00:00
CUR_EA602,Curitiba,4106902,1,,528,,,-25.467366,-49.255888,,False,4,1,2023-06-19T20:11:11.621192+00:00
CUR_EA698,Curitiba,4106902,1,,528,,,-25.500941,-49.239121,,False,4,1,2023-06-19T20:11:11.621192+00:00
CUR_EA699,Curitiba,4106902,1,,528,,,-25.46739,-49.255941,,False,4,2,2023-06-19T20:11:11.621192+00:00
CUR_GA600,Curitiba,4106902,1,,528,,,-25.548956,-49.291423,,False,4,1,2023-06-19T20:11:11.621192+00:00
CUR_GI601,Curitiba,4106902,1,,528,,,-25.527963,-49.292036,,False,4,2,2023-06-19T20:11:11.621192+00:00
CUR_HI008,Curitiba,4106902,1,,828,,,-25.44622,-49.345831,,False,1,1,2023-06-19T20:11:11.621192+00:00
CUR_JI020,Curitiba,4106902,1,,828,,,-25.486635,-49.31952,,False,1,2,2023-06-19T20:11:11.621192+00:00
CUR_HI046,Curitiba,4106902,1,,690,,,-25.513618,-49.300463,,False,1,2,2023-06-19T20:09:11.621192+00:00
CUR_HA192,Curitiba,4106902,1,,828,,,-25.539186,-49.307876,,False,1,1,2023-06-19T20:10:11.621192+00:00
CUR_HA011,Curitiba,4106902,1,,828,,,-25.455636,-49.348141,,False,1,2,2023-06-19T20:11:11.621192+00:00
CUR_HA017,Curitiba,4106902,1,,828,,,-25.460958,-49.327983,,False,1,1,2023-06-19T20:11:11.621192+00:00
CUR_HC001,Curitiba,4106902,1,,828,,,-25.491695,-49.296608,,False,1,2,2023-06-19T20:10:11.621192+00:00
CUR_BI882,Curitiba,4106902,1,Auto Viação São José,213,https://moovitapp.com/index/pt-br/transporte_p%C3%BAblico-line-213_PIT_PRA%C3%87A_DA_JUVENTUDE_CRISTAL_BLANCO_POMBO_HOR%C3%81RIO-Curitiba-942-857412-119631272-0,-1.0,-25.392163,-49.214728,,False,7,2,2023-06-19T20:10:11.621192+00:00
CUR_BI879,Curitiba,4106902,1,Auto Viação São José,213,https://moovitapp.com/index/pt-br/transporte_p%C3%BAblico-line-213_PIT_PRA%C3%87A_DA_JUVENTUDE_CRISTAL_BLANCO_POMBO_HOR%C3%81RIO-Curitiba-942-857412-119631272-0,-1.0,-25.395236,-49.242393,,False,7,1,2023-06-19T20:06:11.621192+00:00
CUR_BI862,Curitiba,4106902,1,,385,,,-25.406031,-49.252695,,False,7,1,2023-06-19T20:09:11.621192+00:00
CUR_GI039,Curitiba,4106902,1,,633,,,-25.528331,-49.273163,,False,1,2,2023-06-19T20:11:11.621192+00:00
CUR_GC018,Curitiba,4106902,1,,633,,,-25.528241,-49.272995,,False,1,1,2023-06-19T20:11:11.621192+00:00
CUR_GI038,Curitiba,4106902,1,,633,,,-25.512283,-49.294776,,False,1,2,2023-06-19T20:11:11.621192+00:00
CUR_KA602,Curitiba,4106902,1,,545,,,-25.534766,-49.317148,,False,4,2,2023-06-19T20:11:11.621192+00:00
CUR_KA600,Curitiba,4106902,1,,545,,,-25.531296,-49.258528,,False,4,2,2023-06-19T20:11:11.621192+00:00
CUR_KA601,Curitiba,4106902,1,,545,,,-25.510793,-49.333621,,False,4,1,2023-06-19T20:11:11.621192+00:00
CUR_GI600,Curitiba,4106902,1,,545,,,-25.47725,-49.32718,,False,4,1,2023-06-19T20:11:11.621192+00:00
CUR_KA692,Curitiba,4106902,1,,545,,,-25.467336,-49.254633,,False,4,2,2023-06-19T20:11:11.621192+00:00
CUR_JI600,Curitiba,4106902,1,,545,,,-25.53431,-49.268115,,False,4,1,2023-06-19T20:11:11.621192+00:00
CUR_GI603,Curitiba,4106902,1,,545,,,-25.548565,-49.291605,,False,4,2,2023-06-19T20:10:11.621192+00:00
CUR_JI602,Curitiba,4106902,1,,545,,,-25.535451,-49.295556,,False,4,1,2023-06-19T20:11:11.621192+00:00
CUR_KA604,Curitiba,4106902,1,,545,,,-25.51674,-49.230993,,False,4,2,2023-06-19T20:11:11.621192+00:00
CUR_BL605,Curitiba,4106902,0,URBS,022,https://moovitapp.com/index/pt-br/transporte_p%C3%BAblico-line-022_INTER_2_HOR%C3%81RIO-Curitiba-942-9628-381388-0,-1.0,-25.439638,-49.222595,,False,4,,2023-06-19T20:09:11.621192+00:00
CUR_CL601,Curitiba,4106902,0,URBS,022,https://moovitapp.com/index/pt-br/transporte_p%C3%BAblico-line-022_INTER_2_HOR%C3%81RIO-Curitiba-942-9628-381388-0,-1.0,-25.456993,-49.302853,,False,4,,2023-06-19T20:11:11.621192+00:00
CUR_BL311,Curitiba,4106902,0,URBS,022,https://moovitapp.com/index/pt-br/transporte_p%C3%BAblico-line-022_INTER_2_HOR%C3%81RIO-Curitiba-942-9628-381388-0,-1.0,-25.430195,-49.213821,,False,3,,2023-06-19T20:09:11.621192+00:00
CUR_CL602,Curitiba,4106902,0,URBS,022,https://moovitapp.com/index/pt-br/transporte_p%C3%BAblico-line-022_INTER_2_HOR%C3%81RIO-Curitiba-942-9628-381388-0,-1.0,-25.494733,-49.2906,,False,4,,2023-06-19T20:11:11.621192+00:00
CUR_CL698,Curitiba,4106902,0,URBS,022,https://moovitapp.com/index/pt-br/transporte_p%C3%BAblico-line-022_INTER_2_HOR%C3%81RIO-Curitiba-942-9628-381388-0,-1.0,-25.42799,-49.240985,,False,4,,2023-06-19T20:11:11.621192+00:00
CUR_HL494,Curitiba,4106902,1,URBS,022,https://moovitapp.com/index/pt-br/transporte_p%C3%BAblico-line-022_INTER_2_HOR%C3%81RIO-Curitiba-942-9628-381388-0,-1.0,-25.494445,-49.289518,,False,3,,2023-06-19T20:10:11.621192+00:00
CUR_EL601,Curitiba,4106902,0,URBS,022,https://moovitapp.com/index/pt-br/transporte_p%C3%BAblico-line-022_INTER_2_HOR%C3%81RIO-Curitiba-942-9628-381388-0,-1.0,-25.46681,-49.254545,,False,4,,2023-06-19T20:11:11.621192+00:00
CUR_DR805,Curitiba,4106902,0,URBS,022,https://moovitapp.com/index/pt-br/transporte_p%C3%BAblico-line-022_INTER_2_HOR%C3%81RIO-Curitiba-942-9628-381388-0,-1.0,-25.468171,-49.254738,,False,4,,2023-06-19T20:11:11.621192+00:00
CUR_EL075,Curitiba,4106902,0,URBS,505,https://moovitapp.com/index/pt-br/transporte_p%C3%BAblico-line-505_BOQUEIR%C3%83O_CENTRO_C%C3%8DVICO-Curitiba-942-9628-531685-0,-1.0,-25.41268,-49.264803,,False,3,,2023-06-19T20:10:11.621192+00:00
CUR_DL309,Curitiba,4106902,0,URBS,022,https://moovitapp.com/index/pt-br/transporte_p%C3%BAblico-line-022_INTER_2_HOR%C3%81RIO-Curitiba-942-9628-381388-0,-1.0,-25.467203,-49.255351,,False,3,,2023-06-19T20:11:11.621192+00:00
CUR_HL699,Curitiba,4106902,0,URBS,022,https://moovitapp.com/index/pt-br/transporte_p%C3%BAblico-line-022_INTER_2_HOR%C3%81RIO-Curitiba-942-9628-381388-0,-1.0,-25.431583,-49.292958,,False,4,,2023-06-19T20:11:11.621192+00:00
CUR_EL600,Curitiba,4106902,0,URBS,022,https://moovitapp.com/index/pt-br/transporte_p%C3%BAblico-line-022_INTER_2_HOR%C3%81RIO-Curitiba-942-9628-381388-0,-1.0,-25.46832,-49.25584,,False,4,,2023-06-19T20:10:11.621192+00:00
CUR_DL311,Curitiba,4106902,0,URBS,022,https://moovitapp.com/index/pt-br/transporte_p%C3%BAblico-line-022_INTER_2_HOR%C3%81RIO-Curitiba-942-9628-381388-0,-1.0,-25.467648,-49.25489,,False,3,,2023-06-19T20:11:11.621192+00:00
CUR_DL301,Curitiba,4106902,0,URBS,022,https://moovitapp.com/index/pt-br/transporte_p%C3%BAblico-line-022_INTER_2_HOR%C3%81RIO-Curitiba-942-9628-381388-0,-1.0,-25.495088,-49.29134,,False,3,,2023-06-19T20:11:11.621192+00:00
CUR_GL601,Curitiba,4106902,0,URBS,022,https://moovitapp.com/index/pt-br/transporte_p%C3%BAblico-line-022_INTER_2_HOR%C3%81RIO-Curitiba-942-9628-381388-0,-1.0,-25.517963,-49.292056,,False,4,,2023-06-19T20:11:11.621192+00:00
CUR_BL600,Curitiba,4106902,0,URBS,022,https://moovitapp.com/index/pt-br/transporte_p%C3%BAblico-line-022_INTER_2_HOR%C3%81RIO-Curitiba-942-9628-381388-0,-1.0,-25.416893,-49.277296,,False,4,,2023-06-19T20:09:11.621192+00:00
CUR_BL607,Curitiba,4106902,0,URBS,022,https://moovitapp.com/index/pt-br/transporte_p%C3%BAblico-line-022_INTER_2_HOR%C3%81RIO-Curitiba-942-9628-381388-0,-1.0,-25.414311,-49.289268,,False,4,,2023-06-19T20:09:11.621192+00:00
CUR_BL601,Curitiba,4106902,0,URBS,022,https://moovitapp.com/index/pt-br/transporte_p%C3%BAblico-line-022_INTER_2_HOR%C3%81RIO-Curitiba-942-9628-381388-0,-1.0,-25.473581,-49.290285,,False,4,,2023-06-19T20:09:11.621192+00:00
CUR_BL602,Curitiba,4106902,0,URBS,022,https://moovitapp.com/index/pt-br/transporte_p%C3%BAblico-line-022_INTER_2_HOR%C3%81RIO-Curitiba-942-9628-381388-0,-1.0,-25.4215,-49.291661,,False,4,,2023-06-19T20:09:11.621192+00:00
CUR_BL300,Curitiba,4106902,0,URBS,022,https://moovitapp.com/index/pt-br/transporte_p%C3%BAblico-line-022_INTER_2_HOR%C3%81RIO-Curitiba-942-9628-381388-0,-1.0,-25.474245,-49.290026,,False,3,,2023-06-19T20:10:11.621192+00:00
CUR_BL610,Curitiba,4106902,0,URBS,022,https://moovitapp.com/index/pt-br/transporte_p%C3%BAblico-line-022_INTER_2_HOR%C3%81RIO-Curitiba-942-9628-381388-0,-1.0,-25.422316,-49.291581,,False,4,,2023-06-19T20:10:11.621192+00:00
CUR_ML309,Curitiba,4106902,0,URBS,022,https://moovitapp.com/index/pt-br/transporte_p%C3%BAblico-line-022_INTER_2_HOR%C3%81RIO-Curitiba-942-9628-381388-0,-1.0,-25.477476,-49.242245,,False,3,,2023-06-19T20:11:11.621192+00:00
CUR_DR803,Curitiba,4106902,0,URBS,022,https://moovitapp.com/index/pt-br/transporte_p%C3%BAblico-line-022_INTER_2_HOR%C3%81RIO-Curitiba-942-9628-381388-0,-1.0,-25.429938,-49.215981,,False,4,,2023-06-19T20:11:11.621192+00:00
CUR_HR804,Curitiba,4106902,0,URBS,022,https://moovitapp.com/index/pt-br/transporte_p%C3%BAblico-line-022_INTER_2_HOR%C3%81RIO-Curitiba-942-9628-381388-0,-1.0,-25.41856,-49.270021,,False,4,,2023-06-19T20:11:11.621192+00:00
CUR_ER801,Curitiba,4106902,0,URBS,022,https://moovitapp.com/index/pt-br/transporte_p%C3%BAblico-line-022_INTER_2_HOR%C3%81RIO-Curitiba-942-9628-381388-0,-1.0,-25.439786,-49.222451,,False,4,,2023-06-19T20:11:11.621192+00:00
CUR_HL314,Curitiba,4106902,0,URBS,022,https://moovitapp.com/index/pt-br/transporte_p%C3%BAblico-line-022_INTER_2_HOR%C3%81RIO-Curitiba-942-9628-381388-0,-1.0,-25.481698,-49.247338,,False,3,,2023-06-19T20:10:11.621192+00:00
CUR_BL318,Curitiba,4106902,0,URBS,022,https://moovitapp.com/index/pt-br/transporte_p%C3%BAblico-line-022_INTER_2_HOR%C3%81RIO-Curitiba-942-9628-381388-0,-1.0,-25.427973,-49.233913,,False,3,,2023-06-19T20:11:11.621192+00:00
CUR_BL322,Curitiba,4106902,0,URBS,505,https://moovitapp.com/index/pt-br/transporte_p%C3%BAblico-line-505_BOQUEIR%C3%83O_CENTRO_C%C3%8DVICO-Curitiba-942-9628-531685-0,-1.0,-25.41521,-49.281281,,False,3,2,2023-06-19T20:09:11.621192+00:00
CUR_JA037,Curitiba,4106902,1,,860,,,-25.441038,-49.283836,,False,1,1,2023-06-19T20:11:11.621192+00:00
CUR_JI018,Curitiba,4106902,1,,860,,,-25.43818,-49.272833,,False,1,2,2023-06-19T20:11:11.621192+00:00
CUR_JC011,Curitiba,4106902,1,,860,,,-25.449463,-49.36676,,False,1,1,2023-06-19T20:11:11.621192+00:00
CUR_JA036,Curitiba,4106902,1,,860,,,-25.464348,-49.34006,,False,1,2,2023-06-19T20:11:11.621192+00:00
CUR_JA021,Curitiba,4106902,1,,860,,,-25.44531,-49.337826,,False,1,1,2023-06-19T20:11:11.621192+00:00
CUR_JI009,Curitiba,4106902,1,,860,,,-25.449393,-49.318031,,False,1,2,2023-06-19T20:11:11.621192+00:00
CUR_BC301,Curitiba,4106902,1,,205,,,-25.387266,-49.26103,,False,3,1,2023-06-19T20:09:11.621192+00:00
CUR_BC307,Curitiba,4106902,1,,205,,,-25.428431,-49.270805,,False,3,2,2023-06-19T20:09:11.621192+00:00
CUR_BC280,Curitiba,4106902,1,,205,,,-25.41738,-49.2614,,False,1,2,2023-06-19T20:09:11.621192+00:00
CUR_BI300,Curitiba,4106902,1,,205,,,-25.428923,-49.27024,,False,3,1,2023-06-19T20:10:11.621192+00:00
CUR_BC323,Curitiba,4106902,1,,207,,,-25.395101,-49.243121,,False,3,2,2023-06-19T20:09:11.621192+00:00
CUR_GI027,Curitiba,4106902,1,,631,,,-25.521925,-49.290356,,False,1,,2023-06-19T20:11:11.621192+00:00
CUR_BI857,Curitiba,4106902,1,,311,,,-25.43815,-49.219613,,False,7,1,2023-06-19T20:09:11.621192+00:00
CUR_EI002,Curitiba,4106902,1,,523,,,-25.506781,-49.21863,,False,1,2,2023-06-19T20:11:11.621192+00:00
CUR_HI027,Curitiba,4106902,1,,630,,,-25.538265,-49.31007,,False,1,1,2023-06-19T20:09:11.621192+00:00
CUR_HI032,Curitiba,4106902,1,,630,,,-25.513241,-49.295766,,False,1,1,2023-06-19T20:10:11.621192+00:00
CUR_HI043,Curitiba,4106902,1,,630,,,-25.526316,-49.296233,,False,1,1,2023-06-19T20:10:11.621192+00:00
CUR_HA196,Curitiba,4106902,1,,630,,,-25.527205,-49.292743,,False,1,1,2023-06-19T20:11:11.621192+00:00
CUR_BB308,Curitiba,4106902,1,,011,,,-25.43678,-49.29246,,False,10,,2023-06-19T20:10:11.621192+00:00
CUR_BB305,Curitiba,4106902,1,,011,,,-25.450551,-49.252971,,False,10,,2023-06-19T20:11:11.621192+00:00
CUR_BB309,Curitiba,4106902,1,,011,,,-25.416343,-49.269071,,False,10,,2023-06-19T20:09:11.621192+00:00
CUR_CC302,Curitiba,4106902,1,,380,,,-25.442935,-49.300895,,False,10,2,2023-06-19T20:11:11.621192+00:00
CUR_CC301,Curitiba,4106902,1,,380,,,-25.38222,-49.186046,,False,10,2,2023-06-19T20:11:11.621192+00:00
CUR_HC304,Curitiba,4106902,1,,380,,,-25.433158,-49.211928,,False,10,1,2023-06-19T20:11:11.621192+00:00
CUR_CI006,Curitiba,4106902,1,,380,,,-25.426368,-49.257896,,False,1,1,2023-06-19T20:11:11.621192+00:00
CUR_CC297,Curitiba,4106902,1,,380,,,-25.43324,-49.27674,,False,1,2,2023-06-19T20:11:11.621192+00:00
CUR_BI005,Curitiba,4106902,1,,374,,,-25.417101,-49.258696,,False,1,1,2023-06-19T20:11:11.621192+00:00
CUR_BI001,Curitiba,4106902,1,,374,,,-25.410178,-49.220565,,False,1,2,2023-06-19T20:10:11.621192+00:00
CUR_BI003,Curitiba,4106902,1,,374,,,-25.428478,-49.266968,,False,1,2,2023-06-19T20:09:11.621192+00:00
CUR_BI029,Curitiba,4106902,1,,827,,,-25.440131,-49.355941,,False,1,2,2023-06-19T20:10:11.621192+00:00
CUR_GC010,Curitiba,4106902,1,,513,,,-25.513918,-49.239738,,False,1,2,2023-06-19T20:11:11.621192+00:00
CUR_GC007,Curitiba,4106902,1,,513,,,-25.484933,-49.25189,,False,1,1,2023-06-19T20:10:11.621192+00:00
CUR_DA290,Curitiba,4106902,1,,513,,,-25.498146,-49.258125,,False,1,1,2023-06-19T20:11:11.621192+00:00
CUR_BL317,Curitiba,4106902,0,URBS,505,https://moovitapp.com/index/pt-br/transporte_p%C3%BAblico-line-505_BOQUEIR%C3%83O_CENTRO_C%C3%8DVICO-Curitiba-942-9628-531685-0,-1.0,-25.46786,-49.252878,,False,3,1,2023-06-19T20:11:11.621192+00:00
CUR_EL320,Curitiba,4106902,1,URBS,505,https://moovitapp.com/index/pt-br/transporte_p%C3%BAblico-line-505_BOQUEIR%C3%83O_CENTRO_C%C3%8DVICO-Curitiba-942-9628-531685-0,-1.0,-25.414185,-49.26762,,False,3,2,2023-06-19T20:11:11.621192+00:00
CUR_EL321,Curitiba,4106902,1,URBS,505,https://moovitapp.com/index/pt-br/transporte_p%C3%BAblico-line-505_BOQUEIR%C3%83O_CENTRO_C%C3%8DVICO-Curitiba-942-9628-531685-0,-1.0,-25.422305,-49.26846,,False,3,2,2023-06-19T20:11:11.621192+00:00
CUR_EL331,Curitiba,4106902,1,URBS,505,https://moovitapp.com/index/pt-br/transporte_p%C3%BAblico-line-505_BOQUEIR%C3%83O_CENTRO_C%C3%8DVICO-Curitiba-942-9628-531685-0,-1.0,-25.490955,-49.24276,,False,3,2,2023-06-19T20:11:11.621192+00:00
CUR_EL306,Curitiba,4106902,0,URBS,505,https://moovitapp.com/index/pt-br/transporte_p%C3%BAblico-line-505_BOQUEIR%C3%83O_CENTRO_C%C3%8DVICO-Curitiba-942-9628-531685-0,-1.0,-25.433768,-49.264958,,False,3,2,2023-06-19T20:10:11.621192+00:00
CUR_BL310,Curitiba,4106902,0,URBS,256,https://moovitapp.com/index/pt-br/transporte_p%C3%BAblico-line-256_BARREIRINHA_GUADALUPE-Curitiba-942-9628-398191-0,-1.0,-25.414146,-49.265995,,False,3,2,2023-06-19T20:10:11.621192+00:00
CUR_EL317,Curitiba,4106902,0,URBS,505,https://moovitapp.com/index/pt-br/transporte_p%C3%BAblico-line-505_BOQUEIR%C3%83O_CENTRO_C%C3%8DVICO-Curitiba-942-9628-531685-0,-1.0,-25.443686,-49.259375,,False,3,1,2023-06-19T20:11:11.621192+00:00
CUR_EL322,Curitiba,4106902,1,URBS,505,https://moovitapp.com/index/pt-br/transporte_p%C3%BAblico-line-505_BOQUEIR%C3%83O_CENTRO_C%C3%8DVICO-Curitiba-942-9628-531685-0,-1.0,-25.467478,-49.256025,,False,3,2,2023-06-19T20:11:11.621192+00:00
CUR_BL302,Curitiba,4106902,0,URBS,505,https://moovitapp.com/index/pt-br/transporte_p%C3%BAblico-line-505_BOQUEIR%C3%83O_CENTRO_C%C3%8DVICO-Curitiba-942-9628-531685-0,-1.0,-25.416623,-49.266663,,False,3,1,2023-06-19T20:10:11.621192+00:00
CUR_EL325,Curitiba,4106902,1,URBS,505,https://moovitapp.com/index/pt-br/transporte_p%C3%BAblico-line-505_BOQUEIR%C3%83O_CENTRO_C%C3%8DVICO-Curitiba-942-9628-531685-0,-1.0,-25.458666,-49.258336,,False,3,1,2023-06-19T20:11:11.621192+00:00
CUR_BL337,Curitiba,4106902,0,URBS,505,https://moovitapp.com/index/pt-br/transporte_p%C3%BAblico-line-505_BOQUEIR%C3%83O_CENTRO_C%C3%8DVICO-Curitiba-942-9628-531685-0,-1.0,-25.499161,-49.238716,,False,3,1,2023-06-19T20:08:11.621192+00:00
CUR_BL320,Curitiba,4106902,0,URBS,505,https://moovitapp.com/index/pt-br/transporte_p%C3%BAblico-line-505_BOQUEIR%C3%83O_CENTRO_C%C3%8DVICO-Curitiba-942-9628-531685-0,-1.0,-25.498546,-49.238971,,False,3,1,2023-06-19T20:09:11.621192+00:00
CUR_EL330,Curitiba,4106902,1,URBS,505,https://moovitapp.com/index/pt-br/transporte_p%C3%BAblico-line-505_BOQUEIR%C3%83O_CENTRO_C%C3%8DVICO-Curitiba-942-9628-531685-0,-1.0,-25.464146,-49.255848,,False,3,2,2023-06-19T20:11:11.621192+00:00
CUR_EL318,Curitiba,4106902,1,URBS,505,https://moovitapp.com/index/pt-br/transporte_p%C3%BAblico-line-505_BOQUEIR%C3%83O_CENTRO_C%C3%8DVICO-Curitiba-942-9628-531685-0,-1.0,-25.410558,-49.26615,,False,3,2,2023-06-19T20:11:11.621192+00:00
CUR_BL334,Curitiba,4106902,0,URBS,505,https://moovitapp.com/index/pt-br/transporte_p%C3%BAblico-line-505_BOQUEIR%C3%83O_CENTRO_C%C3%8DVICO-Curitiba-942-9628-531685-0,-1.0,-25.455345,-49.260141,,False,3,2,2023-06-19T20:10:11.621192+00:00
CUR_BL307,Curitiba,4106902,0,URBS,505,https://moovitapp.com/index/pt-br/transporte_p%C3%BAblico-line-505_BOQUEIR%C3%83O_CENTRO_C%C3%8DVICO-Curitiba-942-9628-531685-0,-1.0,-25.433151,-49.265196,,False,3,2,2023-06-19T20:10:11.621192+00:00
CUR_HC300,Curitiba,4106902,1,,863,,,-25.444258,-49.271018,,False,10,2,2023-06-19T20:10:11.621192+00:00
CUR_HC011,Curitiba,4106902,1,,863,,,-25.450045,-49.276755,,False,1,1,2023-06-19T20:10:11.621192+00:00
CUR_BA002,Curitiba,4106902,1,,375,,,-25.428288,-49.231456,,False,1,2,2023-06-19T20:08:11.621192+00:00
CUR_BC018,Curitiba,4106902,1,,829,,,-25.43641,-49.317361,,False,1,2,2023-06-19T20:11:11.621192+00:00
CUR_BC029,Curitiba,4106902,1,,170,,,-25.428735,-49.268863,,False,1,2,2023-06-19T20:09:11.621192+00:00
CUR_EA021,Curitiba,4106902,1,,521,,,-25.500921,-49.237903,,False,1,2,2023-06-19T20:11:11.621192+00:00
CUR_MI853,Curitiba,4106902,1,,967,,,-25.424058,-49.289153,,False,7,2,2023-06-19T20:04:11.621192+00:00
CUR_MA949,Curitiba,4106902,1,,967,,,-25.398005,-49.29899,,False,7,1,2023-06-19T20:11:11.621192+00:00
CUR_HI613,Curitiba,4106902,1,,684,,,-25.525743,-49.296816,,False,4,1,2023-06-19T20:10:11.621192+00:00
CUR_HA619,Curitiba,4106902,1,,684,,,-25.576468,-49.331401,,False,4,1,2023-06-19T20:10:11.621192+00:00
CUR_HA613,Curitiba,4106902,1,,684,,,-25.577855,-49.332795,,False,4,1,2023-06-19T20:11:11.621192+00:00
CUR_HA604,Curitiba,4106902,1,,684,,,-25.538906,-49.307563,,False,4,1,2023-06-19T20:10:11.621192+00:00
CUR_HA618,Curitiba,4106902,1,,684,,,-25.57147,-49.325411,,False,4,2,2023-06-19T20:11:11.621192+00:00
CUR_HI611,Curitiba,4106902,1,,684,,,-25.577696,-49.33267,,False,4,1,2023-06-19T20:10:11.621192+00:00
CUR_HA600,Curitiba,4106902,1,,684,,,-25.53517,-49.301326,,False,4,2,2023-06-19T20:11:11.621192+00:00
CUR_HA615,Curitiba,4106902,1,,684,,,-25.593853,-49.335595,,False,4,1,2023-06-19T20:10:11.621192+00:00
CUR_HA610,Curitiba,4106902,1,,684,,,-25.587651,-49.324905,,False,4,2,2023-06-19T20:10:11.621192+00:00
CUR_HA602,Curitiba,4106902,1,,684,,,-25.580306,-49.313983,,False,4,2,2023-06-19T20:10:11.621192+00:00
CUR_BI891,Curitiba,4106902,1,,244,,,-25.374101,-49.254686,,False,7,1,2023-06-19T20:09:11.621192+00:00
CUR_CL303,Curitiba,4106902,0,URBS,307,https://moovitapp.com/index/pt-br/transporte_p%C3%BAblico-line-307_BAIRRO_ALTO_SANTA_FELICIDADE-Curitiba-942-9628-1323712-0,-1.0,-25.429628,-49.20441,,False,3,1,2023-06-19T20:11:11.621192+00:00
CUR_ML308,Curitiba,4106902,0,URBS,307,https://moovitapp.com/index/pt-br/transporte_p%C3%BAblico-line-307_BAIRRO_ALTO_SANTA_FELICIDADE-Curitiba-942-9628-1323712-0,-1.0,-25.420425,-49.292585,,False,3,1,2023-06-19T20:11:11.621192+00:00
CUR_CL039,Curitiba,4106902,0,URBS,307,https://moovitapp.com/index/pt-br/transporte_p%C3%BAblico-line-307_BAIRRO_ALTO_SANTA_FELICIDADE-Curitiba-942-9628-1323712-0,-1.0,-25.428698,-49.227406,,False,3,2,2023-06-19T20:11:11.621192+00:00
CUR_CL306,Curitiba,4106902,0,URBS,307,https://moovitapp.com/index/pt-br/transporte_p%C3%BAblico-line-307_BAIRRO_ALTO_SANTA_FELICIDADE-Curitiba-942-9628-1323712-0,-1.0,-25.429636,-49.270933,,False,3,2,2023-06-19T20:11:11.621192+00:00
CUR_ML307,Curitiba,4106902,0,URBS,307,https://moovitapp.com/index/pt-br/transporte_p%C3%BAblico-line-307_BAIRRO_ALTO_SANTA_FELICIDADE-Curitiba-942-9628-1323712-0,-1.0,-25.422555,-49.291161,,False,3,1,2023-06-19T20:11:11.621192+00:00
CUR_BL328,Curitiba,4106902,0,URBS,307,https://moovitapp.com/index/pt-br/transporte_p%C3%BAblico-line-307_BAIRRO_ALTO_SANTA_FELICIDADE-Curitiba-942-9628-1323712-0,-1.0,-25.401265,-49.329696,,False,3,2,2023-06-19T20:09:11.621192+00:00
CUR_ML313,Curitiba,4106902,0,URBS,307,https://moovitapp.com/index/pt-br/transporte_p%C3%BAblico-line-307_BAIRRO_ALTO_SANTA_FELICIDADE-Curitiba-942-9628-1323712-0,-1.0,-25.428033,-49.204433,,False,3,1,2023-06-19T20:11:11.621192+00:00
CUR_ML302,Curitiba,4106902,0,URBS,902,https://moovitapp.com/index/pt-br/transporte_p%C3%BAblico-line-902_SANTA_FELICIDADE_PRA%C3%87A_TIRADENTES-Curitiba-942-9628-5597930-0,-1.0,-25.41428,-49.309863,,False,3,1,2023-06-19T20:11:11.621192+00:00
CUR_BL325,Curitiba,4106902,0,URBS,307,https://moovitapp.com/index/pt-br/transporte_p%C3%BAblico-line-307_BAIRRO_ALTO_SANTA_FELICIDADE-Curitiba-942-9628-1323712-0,-1.0,-25.42887,-49.22512,,False,3,1,2023-06-19T20:09:11.621192+00:00
CUR_ML314,Curitiba,4106902,0,URBS,307,https://moovitapp.com/index/pt-br/transporte_p%C3%BAblico-line-307_BAIRRO_ALTO_SANTA_FELICIDADE-Curitiba-942-9628-1323712-0,-1.0,-25.42392,-49.28887,,False,3,2,2023-06-19T20:11:11.621192+00:00
CUR_EI016,Curitiba,4106902,1,,532,,,-25.517236,-49.23059,,False,1,2,2023-06-19T20:11:11.621192+00:00
CUR_EA023,Curitiba,4106902,1,,532,,,-25.468588,-49.255846,,False,1,2,2023-06-19T20:11:11.621192+00:00
CUR_EA016,Curitiba,4106902,1,,532,,,-25.531833,-49.241961,,False,1,2,2023-06-19T20:11:11.621192+00:00
CUR_EI012,Curitiba,4106902,1,,532,,,-25.53884,-49.244556,,False,1,1,2023-06-19T20:11:11.621192+00:00
CUR_EI005,Curitiba,4106902,1,,532,,,-25.533361,-49.238713,,False,1,1,2023-06-19T20:11:11.621192+00:00
CUR_HI025,Curitiba,4106902,1,,655,,,-25.556843,-49.306035,,False,1,1,2023-06-19T20:10:11.621192+00:00
CUR_HA005,Curitiba,4106902,1,,655,,,-25.512018,-49.294795,,False,1,2,2023-06-19T20:10:11.621192+00:00
CUR_BA034,Curitiba,4106902,1,,342,,,-25.386986,-49.217168,,False,1,2,2023-06-19T20:09:11.621192+00:00
CUR_BI010,Curitiba,4106902,1,,342,,,-25.387773,-49.220405,,False,1,2,2023-06-19T20:09:11.621192+00:00
CUR_BA029,Curitiba,4106902,1,,342,,,-25.387076,-49.216445,,False,1,1,2023-06-19T20:09:11.621192+00:00
CUR_BI018,Curitiba,4106902,1,,232,,,-25.363461,-49.2291,,False,1,1,2023-06-19T20:09:11.621192+00:00
CUR_BI017,Curitiba,4106902,1,,232,,,-25.358338,-49.232965,,False,1,1,2023-06-19T20:11:11.621192+00:00
CUR_BI006,Curitiba,4106902,1,,232,,,-25.394743,-49.242791,,False,1,1,2023-06-19T20:09:11.621192+00:00
CUR_BA036,Curitiba,4106902,1,,924,,,-25.395186,-49.242451,,False,1,2,2023-06-19T20:08:11.621192+00:00
CUR_DA296,Curitiba,4106902,1,,332,,,-25.466966,-49.197296,,False,1,,2023-06-19T20:09:11.621192+00:00
CUR_EA077,Curitiba,4106902,1,,332,,,-25.469838,-49.206868,,False,1,,2023-06-19T20:11:11.621192+00:00
CUR_DA298,Curitiba,4106902,1,,335,,,-25.489291,-49.21429,,False,1,2,2023-06-19T20:11:11.621192+00:00
CUR_HI001,Curitiba,4106902,1,,628,,,-25.50518,-49.319938,,False,1,1,2023-06-19T20:10:11.621192+00:00
CUR_HI034,Curitiba,4106902,1,,628,,,-25.533818,-49.317485,,False,1,2,2023-06-19T20:10:11.621192+00:00
CUR_HI002,Curitiba,4106902,1,,628,,,-25.498141,-49.308981,,False,1,2,2023-06-19T20:12:11.621192+00:00
CUR_HI044,Curitiba,4106902,1,,628,,,-25.539693,-49.308191,,False,1,2,2023-06-19T20:10:11.621192+00:00
CUR_HI011,Curitiba,4106902,1,,628,,,-25.543681,-49.343681,,False,1,1,2023-06-19T20:10:11.621192+00:00
CUR_JL320,Curitiba,4106902,1,URBS,702,https://moovitapp.com/index/pt-br/transporte_p%C3%BAblico-line-702_CAIU%C3%81_CACHOEIRA-Curitiba-942-9628-133282980-0,-1.0,-25.478015,-49.327723,,False,3,2,2023-06-19T20:11:11.621192+00:00
CUR_JL303,Curitiba,4106902,0,URBS,702,https://moovitapp.com/index/pt-br/transporte_p%C3%BAblico-line-702_CAIU%C3%81_CACHOEIRA-Curitiba-942-9628-133282980-0,-1.0,-25.434858,-49.264423,,False,3,2,2023-06-19T20:11:11.621192+00:00
CUR_JL322,Curitiba,4106902,1,URBS,702,https://moovitapp.com/index/pt-br/transporte_p%C3%BAblico-line-702_CAIU%C3%81_CACHOEIRA-Curitiba-942-9628-133282980-0,-1.0,-25.45188,-49.289893,,False,3,1,2023-06-19T20:11:11.621192+00:00
CUR_JL311,Curitiba,4106902,0,URBS,702,https://moovitapp.com/index/pt-br/transporte_p%C3%BAblico-line-702_CAIU%C3%81_CACHOEIRA-Curitiba-942-9628-133282980-0,-1.0,-25.435361,-49.270101,,False,3,2,2023-06-19T20:11:11.621192+00:00
CUR_JL319,Curitiba,4106902,0,URBS,702,https://moovitapp.com/index/pt-br/transporte_p%C3%BAblico-line-702_CAIU%C3%81_CACHOEIRA-Curitiba-942-9628-133282980-0,-1.0,-25.362705,-49.263171,,False,3,1,2023-06-19T20:11:11.621192+00:00
CUR_JL302,Curitiba,4106902,0,URBS,702,https://moovitapp.com/index/pt-br/transporte_p%C3%BAblico-line-702_CAIU%C3%81_CACHOEIRA-Curitiba-942-9628-133282980-0,-1.0,-25.47742,-49.33378,,False,3,1,2023-06-19T20:09:11.621192+00:00
CUR_HI859,Curitiba,4106902,1,,865,,,-25.432901,-49.284175,,False,7,1,2023-06-19T20:11:11.621192+00:00
CUR_JL321,Curitiba,4106902,1,URBS,304,https://moovitapp.com/index/pt-br/transporte_p%C3%BAblico-line-304_PINHAIS_CAMPO_COMPRIDO-Curitiba-942-9628-133282995-0,-1.0,-25.438406,-49.330425,,False,3,1,2023-06-19T20:11:11.621192+00:00
CUR_DL300,Curitiba,4106902,0,URBS,304,https://moovitapp.com/index/pt-br/transporte_p%C3%BAblico-line-304_PINHAIS_CAMPO_COMPRIDO-Curitiba-942-9628-133282995-0,-1.0,-25.43623,-49.30821,,False,3,2,2023-06-19T20:11:11.621192+00:00
CUR_DL307,Curitiba,4106902,0,URBS,304,https://moovitapp.com/index/pt-br/transporte_p%C3%BAblico-line-304_PINHAIS_CAMPO_COMPRIDO-Curitiba-942-9628-133282995-0,-1.0,-25.440118,-49.183056,,False,3,2,2023-06-19T20:11:11.621192+00:00
CUR_DL304,Curitiba,4106902,0,URBS,304,https://moovitapp.com/index/pt-br/transporte_p%C3%BAblico-line-304_PINHAIS_CAMPO_COMPRIDO-Curitiba-942-9628-133282995-0,-1.0,-25.467531,-49.254998,,False,3,2,2023-06-19T20:11:11.621192+00:00
CUR_HL330,Curitiba,4106902,1,URBS,304,https://moovitapp.com/index/pt-br/transporte_p%C3%BAblico-line-304_PINHAIS_CAMPO_COMPRIDO-Curitiba-942-9628-133282995-0,-1.0,-25.537575,-49.307096,,False,3,2,2023-06-19T20:10:11.621192+00:00
CUR_DL310,Curitiba,4106902,0,URBS,304,https://moovitapp.com/index/pt-br/transporte_p%C3%BAblico-line-304_PINHAIS_CAMPO_COMPRIDO-Curitiba-942-9628-133282995-0,-1.0,-25.428953,-49.284483,,False,3,2,2023-06-19T20:11:11.621192+00:00
CUR_JL307,Curitiba,4106902,0,URBS,304,https://moovitapp.com/index/pt-br/transporte_p%C3%BAblico-line-304_PINHAIS_CAMPO_COMPRIDO-Curitiba-942-9628-133282995-0,-1.0,-25.43668,-49.318563,,False,3,2,2023-06-19T20:11:11.621192+00:00
CUR_HL324,Curitiba,4106902,0,URBS,304,https://moovitapp.com/index/pt-br/transporte_p%C3%BAblico-line-304_PINHAIS_CAMPO_COMPRIDO-Curitiba-942-9628-133282995-0,-1.0,-25.537518,-49.306758,,False,3,1,2023-06-19T20:10:11.621192+00:00
CUR_HL313,Curitiba,4106902,0,URBS,X35,https://moovitapp.com/index/pt-br/transporte_p%C3%BAblico-line-X35_PINHEIRINHO_PREFEITURA-Curitiba-942-9628-778958-0,-1.0,-25.432488,-49.262961,,False,3,2,2023-06-19T20:10:11.621192+00:00
CUR_DL316,Curitiba,4106902,0,URBS,304,https://moovitapp.com/index/pt-br/transporte_p%C3%BAblico-line-304_PINHAIS_CAMPO_COMPRIDO-Curitiba-942-9628-133282995-0,-1.0,-25.432381,-49.262605,,False,3,1,2023-06-19T20:10:11.621192+00:00
CUR_JL323,Curitiba,4106902,1,URBS,304,https://moovitapp.com/index/pt-br/transporte_p%C3%BAblico-line-304_PINHAIS_CAMPO_COMPRIDO-Curitiba-942-9628-133282995-0,-1.0,-25.437365,-49.307976,,False,3,1,2023-06-19T20:11:11.621192+00:00
CUR_HL301,Curitiba,4106902,0,URBS,304,https://moovitapp.com/index/pt-br/transporte_p%C3%BAblico-line-304_PINHAIS_CAMPO_COMPRIDO-Curitiba-942-9628-133282995-0,-1.0,-25.449183,-49.353478,,False,3,1,2023-06-19T20:09:11.621192+00:00
CUR_DL303,Curitiba,4106902,0,URBS,304,https://moovitapp.com/index/pt-br/transporte_p%C3%BAblico-line-304_PINHAIS_CAMPO_COMPRIDO-Curitiba-942-9628-133282995-0,-1.0,-25.467728,-49.254806,,False,3,2,2023-06-19T20:11:11.621192+00:00
CUR_HL306,Curitiba,4106902,0,URBS,304,https://moovitapp.com/index/pt-br/transporte_p%C3%BAblico-line-304_PINHAIS_CAMPO_COMPRIDO-Curitiba-942-9628-133282995-0,-1.0,-25.441393,-49.346225,,False,3,1,2023-06-19T20:10:11.621192+00:00
CUR_JL310,Curitiba,4106902,0,URBS,304,https://moovitapp.com/index/pt-br/transporte_p%C3%BAblico-line-304_PINHAIS_CAMPO_COMPRIDO-Curitiba-942-9628-133282995-0,-1.0,-25.428293,-49.272161,,False,3,2,2023-06-19T20:11:11.621192+00:00
CUR_HL493,Curitiba,4106902,1,URBS,607,https://moovitapp.com/index/pt-br/transporte_p%C3%BAblico-line-607_COLOMBO_CIC-Curitiba-942-9628-294348-0,-1.0,-25.440061,-49.267546,,False,3,1,2023-06-19T20:10:11.621192+00:00
CUR_DC852,Curitiba,4106902,1,,466,,,-25.450038,-49.23168,,False,7,2,2023-06-19T20:11:11.621192+00:00
CUR_BC023,Curitiba,4106902,1,,373,,,-25.427418,-49.23979,,False,1,1,2023-06-19T20:09:11.621192+00:00
CUR_GE727,Curitiba,4106902,0,URBS,550,https://moovitapp.com/index/pt-br/transporte_p%C3%BAblico-line-550_LIGEIR%C3%83O_PINHEIRINHO_CARLOS_GOMES-Curitiba-942-9628-1254061-0,-1.0,-25.496956,-49.276551,,False,5,1,2023-06-19T20:11:11.621192+00:00
CUR_GE711,Curitiba,4106902,0,URBS,550,https://moovitapp.com/index/pt-br/transporte_p%C3%BAblico-line-550_LIGEIR%C3%83O_PINHEIRINHO_CARLOS_GOMES-Curitiba-942-9628-1254061-0,-1.0,-25.463155,-49.256305,,False,5,2,2023-06-19T20:09:11.621192+00:00
CUR_GE724,Curitiba,4106902,0,URBS,550,https://moovitapp.com/index/pt-br/transporte_p%C3%BAblico-line-550_LIGEIR%C3%83O_PINHEIRINHO_CARLOS_GOMES-Curitiba-942-9628-1254061-0,-1.0,-25.465343,-49.255178,,False,5,1,2023-06-19T20:11:11.621192+00:00
CUR_HE708,Curitiba,4106902,0,URBS,550,https://moovitapp.com/index/pt-br/transporte_p%C3%BAblico-line-550_LIGEIR%C3%83O_PINHEIRINHO_CARLOS_GOMES-Curitiba-942-9628-1254061-0,-1.0,-25.463188,-49.256325,,False,5,2,2023-06-19T20:10:11.621192+00:00
CUR_HE712,Curitiba,4106902,0,URBS,550,https://moovitapp.com/index/pt-br/transporte_p%C3%BAblico-line-550_LIGEIR%C3%83O_PINHEIRINHO_CARLOS_GOMES-Curitiba-942-9628-1254061-0,-1.0,-25.485413,-49.267015,,False,5,1,2023-06-19T20:10:11.621192+00:00
CUR_HE719,Curitiba,4106902,0,URBS,550,https://moovitapp.com/index/pt-br/transporte_p%C3%BAblico-line-550_LIGEIR%C3%83O_PINHEIRINHO_CARLOS_GOMES-Curitiba-942-9628-1254061-0,-1.0,-25.439138,-49.267976,,False,5,2,2023-06-19T20:10:11.621192+00:00
CUR_GE721,Curitiba,4106902,0,URBS,550,https://moovitapp.com/index/pt-br/transporte_p%C3%BAblico-line-550_LIGEIR%C3%83O_PINHEIRINHO_CARLOS_GOMES-Curitiba-942-9628-1254061-0,-1.0,-25.447933,-49.263436,,False,5,2,2023-06-19T20:11:11.621192+00:00
CUR_GE702,Curitiba,4106902,0,URBS,550,https://moovitapp.com/index/pt-br/transporte_p%C3%BAblico-line-550_LIGEIR%C3%83O_PINHEIRINHO_CARLOS_GOMES-Curitiba-942-9628-1254061-0,-1.0,-25.51208,-49.290745,,False,5,1,2023-06-19T20:11:11.621192+00:00
CUR_HE700,Curitiba,4106902,0,URBS,550,https://moovitapp.com/index/pt-br/transporte_p%C3%BAblico-line-550_LIGEIR%C3%83O_PINHEIRINHO_CARLOS_GOMES-Curitiba-942-9628-1254061-0,-1.0,-25.449411,-49.262973,,False,5,2,2023-06-19T20:11:11.621192+00:00
CUR_HD242,Curitiba,4106902,0,URBS,550,https://moovitapp.com/index/pt-br/transporte_p%C3%BAblico-line-550_LIGEIR%C3%83O_PINHEIRINHO_CARLOS_GOMES-Curitiba-942-9628-1254061-0,-1.0,-25.477605,-49.26069,,False,5,2,2023-06-19T20:10:11.621192+00:00
CUR_GE715,Curitiba,4106902,0,URBS,550,https://moovitapp.com/index/pt-br/transporte_p%C3%BAblico-line-550_LIGEIR%C3%83O_PINHEIRINHO_CARLOS_GOMES-Curitiba-942-9628-1254061-0,-1.0,-25.454721,-49.260415,,False,5,2,2023-06-19T20:11:11.621192+00:00
CUR_GE709,Curitiba,4106902,0,URBS,500,https://moovitapp.com/index/pt-br/transporte_p%C3%BAblico-line-500_LIGEIR%C3%83O_BOQUEIR%C3%83O-Curitiba-942-9628-294422-0,-1.0,-25.44649,-49.264368,,False,5,1,2023-06-19T20:10:11.621192+00:00
CUR_DC983,Curitiba,4106902,1,,323,,,-25.449378,-49.200115,,False,1,,2023-06-19T20:10:11.621192+00:00
CUR_EA075,Curitiba,4106902,1,,323,,,-25.448313,-49.235146,,False,1,,2023-06-19T20:11:11.621192+00:00
CUR_EA001,Curitiba,4106902,1,,323,,,-25.468738,-49.25573,,False,1,,2023-06-19T20:10:11.621192+00:00
CUR_JI023,Curitiba,4106902,1,,721,,,-25.499301,-49.347761,,False,1,1,2023-06-19T20:11:11.621192+00:00
CUR_JA032,Curitiba,4106902,1,,721,,,-25.490131,-49.346545,,False,1,2,2023-06-19T20:11:11.621192+00:00
CUR_GL308,Curitiba,4106902,0,URBS,506,https://moovitapp.com/index/pt-br/transporte_p%C3%BAblico-line-506_BAIRRO_NOVO-Curitiba-942-9628-294299-0,-1.0,-25.540916,-49.271195,,False,3,1,2023-06-19T20:11:11.621192+00:00
CUR_GL302,Curitiba,4106902,0,URBS,506,https://moovitapp.com/index/pt-br/transporte_p%C3%BAblico-line-506_BAIRRO_NOVO-Curitiba-942-9628-294299-0,-1.0,-25.440053,-49.271815,,False,3,1,2023-06-19T20:11:11.621192+00:00
CUR_EL315,Curitiba,4106902,0,URBS,506,https://moovitapp.com/index/pt-br/transporte_p%C3%BAblico-line-506_BAIRRO_NOVO-Curitiba-942-9628-294299-0,-1.0,-25.49698,-49.276493,,False,3,1,2023-06-19T20:11:11.621192+00:00
CUR_EL328,Curitiba,4106902,1,URBS,506,https://moovitapp.com/index/pt-br/transporte_p%C3%BAblico-line-506_BAIRRO_NOVO-Curitiba-942-9628-294299-0,-1.0,-25.528406,-49.26875,,False,3,1,2023-06-19T20:11:11.621192+00:00
CUR_EL327,Curitiba,4106902,1,URBS,506,https://moovitapp.com/index/pt-br/transporte_p%C3%BAblico-line-506_BAIRRO_NOVO-Curitiba-942-9628-294299-0,-1.0,-25.51395,-49.278205,,False,3,2,2023-06-19T20:11:11.621192+00:00
CUR_EL302,Curitiba,4106902,0,URBS,506,https://moovitapp.com/index/pt-br/transporte_p%C3%BAblico-line-506_BAIRRO_NOVO-Curitiba-942-9628-294299-0,-1.0,-25.491296,-49.271738,,False,3,2,2023-06-19T20:11:11.621192+00:00
CUR_EL329,Curitiba,4106902,1,URBS,506,https://moovitapp.com/index/pt-br/transporte_p%C3%BAblico-line-506_BAIRRO_NOVO-Curitiba-942-9628-294299-0,-1.0,-25.452413,-49.264151,,False,3,2,2023-06-19T20:11:11.621192+00:00
CUR_GL323,Curitiba,4106902,0,URBS,546,https://moovitapp.com/index/pt-br/transporte_p%C3%BAblico-line-546_S%C3%8DTIO_CERCADO_BOQUEIR%C3%83O-Curitiba-942-9628-531687-0,-1.0,-25.540581,-49.29065,,False,3,2,2023-06-19T20:10:11.621192+00:00
CUR_GL325,Curitiba,4106902,0,URBS,506,https://moovitapp.com/index/pt-br/transporte_p%C3%BAblico-line-506_BAIRRO_NOVO-Curitiba-942-9628-294299-0,-1.0,-25.543386,-49.268033,,False,3,1,2023-06-19T20:11:11.621192+00:00
CUR_GL317,Curitiba,4106902,0,URBS,506,https://moovitapp.com/index/pt-br/transporte_p%C3%BAblico-line-506_BAIRRO_NOVO-Curitiba-942-9628-294299-0,-1.0,-25.439891,-49.271923,,False,3,2,2023-06-19T20:11:11.621192+00:00
CUR_GL322,Curitiba,4106902,0,URBS,506,https://moovitapp.com/index/pt-br/transporte_p%C3%BAblico-line-506_BAIRRO_NOVO-Curitiba-942-9628-294299-0,-1.0,-25.476091,-49.259551,,False,3,2,2023-06-19T20:10:11.621192+00:00
CUR_EL307,Curitiba,4106902,0,URBS,506,https://moovitapp.com/index/pt-br/transporte_p%C3%BAblico-line-506_BAIRRO_NOVO-Curitiba-942-9628-294299-0,-1.0,-25.444441,-49.269736,,False,3,1,2023-06-19T20:11:11.621192+00:00
CUR_EL333,Curitiba,4106902,1,URBS,506,https://moovitapp.com/index/pt-br/transporte_p%C3%BAblico-line-506_BAIRRO_NOVO-Curitiba-942-9628-294299-0,-1.0,-25.553203,-49.250946,,False,3,1,2023-06-19T20:11:11.621192+00:00
CUR_GL315,Curitiba,4106902,0,URBS,506,https://moovitapp.com/index/pt-br/transporte_p%C3%BAblico-line-506_BAIRRO_NOVO-Curitiba-942-9628-294299-0,-1.0,-25.534603,-49.26855,,False,3,2,2023-06-19T20:11:11.621192+00:00
CUR_EL304,Curitiba,4106902,0,URBS,506,https://moovitapp.com/index/pt-br/transporte_p%C3%BAblico-line-506_BAIRRO_NOVO-Curitiba-942-9628-294299-0,-1.0,-25.507471,-49.284683,,False,3,2,2023-06-19T20:02:11.621192+00:00
CUR_BC001,Curitiba,4106902,1,,183,,,-25.395588,-49.271178,,False,1,2,2023-06-19T20:11:11.621192+00:00
CUR_BC002,Curitiba,4106902,1,,183,,,-25.394138,-49.24228,,False,1,1,2023-06-19T20:09:11.621192+00:00
CUR_HI860,Curitiba,4106902,1,,674,,,-25.438688,-49.27254,,False,7,2,2023-06-19T20:10:11.621192+00:00
CUR_HC851,Curitiba,4106902,1,,674,,,-25.537161,-49.306866,,False,7,1,2023-06-19T20:10:11.621192+00:00
CUR_HN616,Curitiba,4106902,1,,674,,,-25.501311,-49.322106,,False,7,2,2023-06-19T20:11:11.621192+00:00
CUR_BB303,Curitiba,4106902,1,,010,,,-25.442076,-49.252226,,False,10,,2023-06-19T20:09:11.621192+00:00
CUR_BB302,Curitiba,4106902,1,,010,,,-25.433758,-49.291456,,False,10,,2023-06-19T20:10:11.621192+00:00
CUR_GC015,Curitiba,4106902,1,,642,,,-25.548001,-49.289355,,False,1,2,2023-06-19T20:11:11.621192+00:00
CUR_GI049,Curitiba,4106902,1,,642,,,-25.549728,-49.283901,,False,1,1,2023-06-19T20:11:11.621192+00:00
CUR_EI013,Curitiba,4106902,1,,663,,,-25.484186,-49.28908,,False,1,1,2023-06-19T20:11:11.621192+00:00
CUR_EI018,Curitiba,4106902,1,,663,,,-25.44761,-49.269318,,False,1,2,2023-06-19T20:11:11.621192+00:00
CUR_EI001,Curitiba,4106902,1,,561,,,-25.435105,-49.273186,,False,1,2,2023-06-19T20:11:11.621192+00:00
CUR_EA020,Curitiba,4106902,1,,561,,,-25.488543,-49.275193,,False,1,1,2023-06-19T20:11:11.621192+00:00
CUR_BI022,Curitiba,4106902,1,,225,,,-25.390406,-49.245401,,False,1,1,2023-06-19T20:08:11.621192+00:00
CUR_BA035,Curitiba,4106902,1,,225,,,-25.393566,-49.241311,,False,1,2,2023-06-19T20:11:11.621192+00:00
CUR_CI004,Curitiba,4106902,1,,341,,,-25.377478,-49.22406,,False,1,2,2023-06-19T20:11:11.621192+00:00
CUR_CI003,Curitiba,4106902,1,,341,,,-25.412821,-49.202963,,False,1,1,2023-06-19T20:11:11.621192+00:00
CUR_DA019,Curitiba,4106902,0,,322,,,-25.468218,-49.255115,,False,1,2,2023-06-19T20:09:11.621192+00:00
CUR_DA011,Curitiba,4106902,1,,322,,,-25.463125,-49.2033,,False,1,2,2023-06-19T20:11:11.621192+00:00
CUR_DC851,Curitiba,4106902,1,,461,,,-25.433441,-49.265261,,False,7,2,2023-06-19T20:11:11.621192+00:00
CUR_DA850,Curitiba,4106902,1,,461,,,-25.468345,-49.25539,,False,7,1,2023-06-19T20:11:11.621192+00:00
CUR_KI600,Curitiba,4106902,1,,629,,,-25.495245,-49.291673,,False,4,1,2023-06-19T20:11:11.621192+00:00
CUR_KA605,Curitiba,4106902,1,,629,,,-25.51248,-49.259066,,False,4,1,2023-06-19T20:11:11.621192+00:00
CUR_KA689,Curitiba,4106902,1,,629,,,-25.496128,-49.283556,,False,4,2,2023-06-19T20:11:11.621192+00:00
CUR_KA693,Curitiba,4106902,1,,629,,,-25.536123,-49.242205,,False,4,1,2023-06-19T20:11:11.621192+00:00
CUR_KI601,Curitiba,4106902,1,,629,,,-25.514606,-49.257748,,False,4,2,2023-06-19T20:11:11.621192+00:00
CUR_GI008,Curitiba,4106902,1,,665,,,-25.508436,-49.283278,,False,1,2,2023-06-19T20:11:11.621192+00:00
CUR_GI850,Curitiba,4106902,1,,665,,,-25.45017,-49.267016,,False,7,1,2023-06-19T20:11:11.621192+00:00
CUR_BC006,Curitiba,4106902,1,,168,,,-25.414431,-49.289711,,False,1,2,2023-06-19T20:11:11.621192+00:00
CUR_BC007,Curitiba,4106902,1,,168,,,-25.368233,-49.326165,,False,1,1,2023-06-19T20:07:11.621192+00:00
CUR_BI009,Curitiba,4106902,1,Auto Viação São José,211,https://moovitapp.com/index/pt-br/transporte_p%C3%BAblico-line-211_PIT_PRA%C3%87A_DA_JUVENTUDE_IZAURA_IP%C3%8A-Curitiba-942-857412-73553392-0,-1.0,-25.40662,-49.252561,,False,1,1,2023-06-19T20:09:11.621192+00:00
CUR_BI004,Curitiba,4106902,1,Auto Viação São José,211,https://moovitapp.com/index/pt-br/transporte_p%C3%BAblico-line-211_PIT_PRA%C3%87A_DA_JUVENTUDE_IZAURA_IP%C3%8A-Curitiba-942-857412-73553392-0,-1.0,-25.40611,-49.218255,,False,1,1,2023-06-19T20:09:11.621192+00:00
CUR_BI002,Curitiba,4106902,1,Auto Viação São José,211,https://moovitapp.com/index/pt-br/transporte_p%C3%BAblico-line-211_PIT_PRA%C3%87A_DA_JUVENTUDE_IZAURA_IP%C3%8A-Curitiba-942-857412-73553392-0,-1.0,-25.408718,-49.251306,,False,1,2,2023-06-19T20:09:11.621192+00:00
CUR_BI007,Curitiba,4106902,1,Auto Viação São José,211,https://moovitapp.com/index/pt-br/transporte_p%C3%BAblico-line-211_PIT_PRA%C3%87A_DA_JUVENTUDE_IZAURA_IP%C3%8A-Curitiba-942-857412-73553392-0,-1.0,-25.394886,-49.242275,,False,1,2,2023-06-19T20:05:11.621192+00:00
CUR_MI005,Curitiba,4106902,1,,821,,,-25.4369,-49.333823,,False,1,2,2023-06-19T20:11:11.621192+00:00
CUR_MI002,Curitiba,4106902,1,,821,,,-25.407293,-49.33772,,False,1,1,2023-06-19T20:11:11.621192+00:00
CUR_DN604,Curitiba,4106902,1,,465,,,-25.44611,-49.248388,,False,7,2,2023-06-19T20:10:11.621192+00:00
CUR_DA295,Curitiba,4106902,1,,474,,,-25.435983,-49.268225,,False,1,1,2023-06-19T20:11:11.621192+00:00
CUR_HI016,Curitiba,4106902,1,,650,,,-25.515368,-49.295695,,False,1,1,2023-06-19T20:09:11.621192+00:00
CUR_HA010,Curitiba,4106902,1,,650,,,-25.573531,-49.332233,,False,1,1,2023-06-19T20:10:11.621192+00:00
CUR_HA601,Curitiba,4106902,1,,650,,,-25.575556,-49.330751,,False,4,2,2023-06-19T20:10:11.621192+00:00
CUR_HA612,Curitiba,4106902,1,,650,,,-25.531215,-49.299633,,False,4,1,2023-06-19T20:10:11.621192+00:00
CUR_HA603,Curitiba,4106902,1,,650,,,-25.54569,-49.303506,,False,4,1,2023-06-19T20:10:11.621192+00:00
CUR_HA605,Curitiba,4106902,1,,650,,,-25.547135,-49.318498,,False,4,2,2023-06-19T20:10:11.621192+00:00
CUR_HI021,Curitiba,4106902,1,,646,,,-25.593215,-49.32818,,False,1,1,2023-06-19T20:10:11.621192+00:00
CUR_HC002,Curitiba,4106902,1,,646,,,-25.53954,-49.308595,,False,1,1,2023-06-19T20:10:11.621192+00:00
CUR_HR413,Curitiba,4106902,1,,646,,,-25.587068,-49.32301,,False,4,2,2023-06-19T20:10:11.621192+00:00
CUR_HA028,Curitiba,4106902,1,,646,,,-25.51236,-49.294945,,False,1,1,2023-06-19T20:09:11.621192+00:00
CUR_HA190,Curitiba,4106902,1,,646,,,-25.598971,-49.330271,,False,1,2,2023-06-19T20:08:11.621192+00:00
CUR_HA606,Curitiba,4106902,1,,646,,,-25.518621,-49.322248,,False,4,2,2023-06-19T20:10:11.621192+00:00
CUR_HI036,Curitiba,4106902,1,,658,,,-25.512586,-49.294686,,False,1,2,2023-06-19T20:10:11.621192+00:00
CUR_JI022,Curitiba,4106902,1,,658,,,-25.497868,-49.342353,,False,1,1,2023-06-19T20:11:11.621192+00:00
CUR_HI005,Curitiba,4106902,1,,658,,,-25.490848,-49.345953,,False,1,1,2023-06-19T20:11:11.621192+00:00
CUR_JA028,Curitiba,4106902,1,,658,,,-25.492578,-49.295155,,False,1,2,2023-06-19T20:11:11.621192+00:00
CUR_JI007,Curitiba,4106902,1,,658,,,-25.449175,-49.36631,,False,1,1,2023-06-19T20:11:11.621192+00:00
CUR_HI049,Curitiba,4106902,1,,658,,,-25.49555,-49.321606,,False,1,2,2023-06-19T20:10:11.621192+00:00
CUR_HI037,Curitiba,4106902,1,,652,,,-25.51191,-49.329033,,False,1,1,2023-06-19T20:11:11.621192+00:00
CUR_HA195,Curitiba,4106902,1,,658,,,-25.539711,-49.307716,,False,1,1,2023-06-19T20:10:11.621192+00:00
CUR_HI861,Curitiba,4106902,1,,600,,,-25.513878,-49.310145,,False,7,1,2023-06-19T20:11:11.621192+00:00
CUR_HA021,Curitiba,4106902,1,,658,,,-25.49387,-49.333476,,False,1,1,2023-06-19T20:10:11.621192+00:00
CUR_JA024,Curitiba,4106902,1,,658,,,-25.483653,-49.350115,,False,1,2,2023-06-19T20:09:11.621192+00:00
CUR_JI021,Curitiba,4106902,1,,658,,,-25.499743,-49.34769,,False,1,2,2023-06-19T20:11:11.621192+00:00
CUR_JI016,Curitiba,4106902,1,,658,,,-25.494488,-49.327545,,False,1,1,2023-06-19T20:11:11.621192+00:00
CUR_HA199,Curitiba,4106902,1,,658,,,-25.494461,-49.327523,,False,1,2,2023-06-19T20:10:11.621192+00:00
CUR_GI011,Curitiba,4106902,1,,636,,,-25.5192,-49.295506,,False,1,1,2023-06-19T20:11:11.621192+00:00
CUR_GI022,Curitiba,4106902,1,,683,,,-25.544375,-49.28328,,False,1,1,2023-06-19T20:11:11.621192+00:00
CUR_GI009,Curitiba,4106902,1,,649,,,-25.52686,-49.284495,,False,1,2,2023-06-19T20:11:11.621192+00:00
CUR_GI012,Curitiba,4106902,1,,649,,,-25.525245,-49.287808,,False,1,1,2023-06-19T20:11:11.621192+00:00
CUR_GC005,Curitiba,4106902,1,,649,,,-25.517193,-49.293291,,False,1,2,2023-06-19T20:11:11.621192+00:00
CUR_GI010,Curitiba,4106902,1,,640,,,-25.534905,-49.289278,,False,1,1,2023-06-19T20:11:11.621192+00:00
CUR_GI048,Curitiba,4106902,1,,640,,,-25.516651,-49.295583,,False,1,2,2023-06-19T20:11:11.621192+00:00
CUR_GA178,Curitiba,4106902,1,,640,,,-25.545718,-49.293808,,False,1,1,2023-06-19T20:11:11.621192+00:00
CUR_EI007,Curitiba,4106902,1,,522,,,-25.525451,-49.259381,,False,1,2,2023-06-19T20:11:11.621192+00:00
CUR_EA073,Curitiba,4106902,1,,522,,,-25.469148,-49.255376,,False,1,2,2023-06-19T20:11:11.621192+00:00
CUR_EA206,Curitiba,4106902,1,,522,,,-25.521645,-49.261536,,False,1,1,2023-06-19T20:11:11.621192+00:00
CUR_EA205,Curitiba,4106902,1,,471,,,-25.467326,-49.255361,,False,1,2,2023-06-19T20:11:11.621192+00:00
CUR_EA213,Curitiba,4106902,1,,471,,,-25.458693,-49.249563,,False,1,2,2023-06-19T20:11:11.621192+00:00
CUR_EA017,Curitiba,4106902,1,,471,,,-25.436281,-49.262151,,False,1,1,2023-06-19T20:11:11.621192+00:00
CUR_EI014,Curitiba,4106902,1,,533,,,-25.52273,-49.241955,,False,1,,2023-06-19T20:11:11.621192+00:00
CUR_EA026,Curitiba,4106902,1,Auto Viação São José,515,https://moovitapp.com/index/pt-br/transporte_p%C3%BAblico-line-515_%E2%9C%88_AEROPORTO_1_SHOPPING_S%C3%83O_JOS%C3%89-Curitiba-942-857412-67925719-0,-1.0,-25.486973,-49.237836,,False,1,1,2023-06-19T20:11:11.621192+00:00
CUR_EA008,Curitiba,4106902,1,,657,,,-25.508266,-49.268503,,False,1,1,2023-06-19T20:11:11.621192+00:00
CUR_EA010,Curitiba,4106902,1,,657,,,-25.492568,-49.292483,,False,1,2,2023-06-19T20:11:11.621192+00:00
CUR_KI002,Curitiba,4106902,1,,472,,,-25.437246,-49.270805,,False,1,2,2023-06-19T20:11:11.621192+00:00
CUR_KC002,Curitiba,4106902,1,,472,,,-25.466956,-49.255063,,False,1,1,2023-06-19T20:11:11.621192+00:00
CUR_KI001,Curitiba,4106902,1,,472,,,-25.496925,-49.21629,,False,1,1,2023-06-19T20:11:11.621192+00:00
CUR_BI880,Curitiba,4106902,1,,275,,,-25.40822,-49.260891,,False,7,2,2023-06-19T20:09:11.621192+00:00
CUR_BI876,Curitiba,4106902,1,,275,,,-25.382253,-49.251653,,False,7,1,2023-06-19T20:09:11.621192+00:00
CUR_BI863,Curitiba,4106902,1,,275,,,-25.394551,-49.242555,,False,7,2,2023-06-19T20:09:11.621192+00:00
CUR_BI883,Curitiba,4106902,1,,275,,,-25.4264,-49.268656,,False,7,2,2023-06-19T20:10:11.621192+00:00
CUR_BI861,Curitiba,4106902,1,,266,,,-25.399601,-49.261435,,False,7,1,2023-06-19T20:09:11.621192+00:00
CUR_KE708,Curitiba,4106902,0,URBS,502,https://moovitapp.com/index/pt-br/transporte_p%C3%BAblico-line-502_CIRCULAR_SUL_HOR%C3%81RIO-Curitiba-942-9628-294482-0,-1.0,-25.476053,-49.29265,,False,5,,2023-06-19T20:11:11.621192+00:00
CUR_HE609,Curitiba,4106902,0,URBS,502,https://moovitapp.com/index/pt-br/transporte_p%C3%BAblico-line-502_CIRCULAR_SUL_HOR%C3%81RIO-Curitiba-942-9628-294482-0,-1.0,-25.499241,-49.296006,,False,4,,2023-06-19T20:10:11.621192+00:00
CUR_HE615,Curitiba,4106902,0,URBS,502,https://moovitapp.com/index/pt-br/transporte_p%C3%BAblico-line-502_CIRCULAR_SUL_HOR%C3%81RIO-Curitiba-942-9628-294482-0,-1.0,-25.52492,-49.228576,,False,4,,2023-06-19T20:11:11.621192+00:00
CUR_GE612,Curitiba,4106902,0,URBS,502,https://moovitapp.com/index/pt-br/transporte_p%C3%BAblico-line-502_CIRCULAR_SUL_HOR%C3%81RIO-Curitiba-942-9628-294482-0,-1.0,-25.53105,-49.255116,,False,4,,2023-06-19T20:11:11.621192+00:00
CUR_GE603,Curitiba,4106902,0,URBS,502,https://moovitapp.com/index/pt-br/transporte_p%C3%BAblico-line-502_CIRCULAR_SUL_HOR%C3%81RIO-Curitiba-942-9628-294482-0,-1.0,-25.469131,-49.253825,,False,4,,2023-06-19T20:11:11.621192+00:00
CUR_KE847,Curitiba,4106902,0,URBS,502,https://moovitapp.com/index/pt-br/transporte_p%C3%BAblico-line-502_CIRCULAR_SUL_HOR%C3%81RIO-Curitiba-942-9628-294482-0,-1.0,-25.467168,-49.254818,,False,5,,2023-06-19T20:11:11.621192+00:00
CUR_KE701,Curitiba,4106902,0,URBS,502,https://moovitapp.com/index/pt-br/transporte_p%C3%BAblico-line-502_CIRCULAR_SUL_HOR%C3%81RIO-Curitiba-942-9628-294482-0,-1.0,-25.46779,-49.255886,,False,5,,2023-06-19T20:11:11.621192+00:00
CUR_HE603,Curitiba,4106902,0,URBS,502,https://moovitapp.com/index/pt-br/transporte_p%C3%BAblico-line-502_CIRCULAR_SUL_HOR%C3%81RIO-Curitiba-942-9628-294482-0,-1.0,-25.492795,-49.293645,,False,4,,2023-06-19T20:10:11.621192+00:00
CUR_GE605,Curitiba,4106902,0,URBS,502,https://moovitapp.com/index/pt-br/transporte_p%C3%BAblico-line-502_CIRCULAR_SUL_HOR%C3%81RIO-Curitiba-942-9628-294482-0,-1.0,-25.53764,-49.276958,,False,4,,2023-06-19T20:11:11.621192+00:00
CUR_GE610,Curitiba,4106902,0,URBS,502,https://moovitapp.com/index/pt-br/transporte_p%C3%BAblico-line-502_CIRCULAR_SUL_HOR%C3%81RIO-Curitiba-942-9628-294482-0,-1.0,-25.534021,-49.28335,,False,4,,2023-06-19T20:11:11.621192+00:00
CUR_HE613,Curitiba,4106902,0,URBS,502,https://moovitapp.com/index/pt-br/transporte_p%C3%BAblico-line-502_CIRCULAR_SUL_HOR%C3%81RIO-Curitiba-942-9628-294482-0,-1.0,-25.53399,-49.266713,,False,4,,2023-06-19T20:10:11.621192+00:00
CUR_GI055,Curitiba,4106902,1,,624,,,-25.496701,-49.293655,,False,1,2,2023-06-19T20:11:11.621192+00:00
CUR_GC006,Curitiba,4106902,1,,624,,,-25.515128,-49.276416,,False,1,1,2023-06-19T20:11:11.621192+00:00
CUR_GI045,Curitiba,4106902,1,,625,,,-25.52778,-49.26279,,False,1,1,2023-06-19T20:11:11.621192+00:00
CUR_GI018,Curitiba,4106902,1,,625,,,-25.518491,-49.276906,,False,1,1,2023-06-19T20:11:11.621192+00:00
CUR_GI043,Curitiba,4106902,1,,625,,,-25.491533,-49.28788,,False,1,2,2023-06-19T20:11:11.621192+00:00
CUR_GI041,Curitiba,4106902,1,,625,,,-25.495295,-49.291685,,False,1,2,2023-06-19T20:11:11.621192+00:00
CUR_GI024,Curitiba,4106902,1,,625,,,-25.550203,-49.290965,,False,1,1,2023-06-19T20:11:11.621192+00:00
CUR_GI035,Curitiba,4106902,1,,625,,,-25.548936,-49.292261,,False,1,2,2023-06-19T20:10:11.621192+00:00
CUR_GI013,Curitiba,4106902,1,,625,,,-25.509796,-49.281236,,False,1,2,2023-06-19T20:11:11.621192+00:00
CUR_GI025,Curitiba,4106902,1,,534,,,-25.516953,-49.230598,,False,1,2,2023-06-19T20:12:11.621192+00:00
CUR_GI028,Curitiba,4106902,1,,534,,,-25.530181,-49.264771,,False,1,1,2023-06-19T20:11:11.621192+00:00
CUR_GA179,Curitiba,4106902,1,,534,,,-25.531326,-49.255478,,False,1,1,2023-06-19T20:11:11.621192+00:00
CUR_GI023,Curitiba,4106902,1,,683,,,-25.551425,-49.275853,,False,1,1,2023-06-19T20:11:11.621192+00:00
CUR_JI859,Curitiba,4106902,1,,760,,,-25.454606,-49.30271,,False,7,2,2023-06-19T20:11:11.621192+00:00
CUR_HA024,Curitiba,4106902,1,,653,,,-25.506555,-49.355756,,False,1,2,2023-06-19T20:09:11.621192+00:00
CUR_HA023,Curitiba,4106902,1,,653,,,-25.511581,-49.324356,,False,1,2,2023-06-19T20:10:11.621192+00:00
CUR_HI299,Curitiba,4106902,1,,653,,,-25.500498,-49.353105,,False,1,1,2023-06-19T20:09:11.621192+00:00
CUR_HI009,Curitiba,4106902,1,,680,,,-25.559343,-49.307198,,False,1,2,2023-06-19T20:09:11.621192+00:00
CUR_HA031,Curitiba,4106902,1,,680,,,-25.52258,-49.29489,,False,1,2,2023-06-19T20:09:11.621192+00:00
CUR_HI026,Curitiba,4106902,1,,680,,,-25.57608,-49.331025,,False,1,1,2023-06-19T20:10:11.621192+00:00
CUR_HC004,Curitiba,4106902,1,,680,,,-25.575526,-49.316666,,False,1,1,2023-06-19T20:08:11.621192+00:00
CUR_HI031,Curitiba,4106902,1,,680,,,-25.583225,-49.32201,,False,1,2,2023-06-19T20:10:11.621192+00:00
CUR_HI014,Curitiba,4106902,1,,680,,,-25.582676,-49.317726,,False,1,1,2023-06-19T20:10:11.621192+00:00
CUR_HA030,Curitiba,4106902,1,,659,,,-25.608766,-49.334285,,False,1,1,2023-06-19T20:08:11.621192+00:00
CUR_HA020,Curitiba,4106902,1,,659,,,-25.580555,-49.317093,,False,1,2,2023-06-19T20:10:11.621192+00:00
CUR_HI024,Curitiba,4106902,1,,659,,,-25.512825,-49.294986,,False,1,1,2023-06-19T20:10:11.621192+00:00
CUR_BI873,Curitiba,4106902,1,,184,,,-25.418385,-49.268726,,False,7,1,2023-06-19T20:11:11.621192+00:00
CUR_BI893,Curitiba,4106902,1,,184,,,-25.381258,-49.268533,,False,7,2,2023-06-19T20:11:11.621192+00:00
CUR_BC322,Curitiba,4106902,1,,170,,,-25.407885,-49.283026,,False,3,1,2023-06-19T20:10:11.621192+00:00
CUR_BC321,Curitiba,4106902,1,,170,,,-25.394321,-49.284761,,False,3,2,2023-06-19T20:09:11.621192+00:00
CUR_BC300,Curitiba,4106902,1,,170,,,-25.425785,-49.27329,,False,3,1,2023-06-19T20:09:11.621192+00:00
CUR_BC022,Curitiba,4106902,1,,170,,,-25.426471,-49.27352,,False,1,2,2023-06-19T20:09:11.621192+00:00
CUR_DC093,Curitiba,4106902,1,,621,,,-25.474331,-49.263436,,False,1,1,2023-06-19T20:11:11.621192+00:00
CUR_DA291,Curitiba,4106902,1,,621,,,-25.484618,-49.271735,,False,1,1,2023-06-19T20:11:11.621192+00:00
CUR_EA013,Curitiba,4106902,1,,621,,,-25.492168,-49.293213,,False,1,2,2023-06-19T20:11:11.621192+00:00
CUR_DA301,Curitiba,4106902,1,,621,,,-25.492043,-49.293215,,False,3,2,2023-06-19T20:11:11.621192+00:00
CUR_BA032,Curitiba,4106902,1,,233,,,-25.376891,-49.22529,,False,1,,2023-06-19T20:11:11.621192+00:00
CUR_BA020,Curitiba,4106902,1,,233,,,-25.399268,-49.212766,,False,1,,2023-06-19T20:09:11.621192+00:00
CUR_BI024,Curitiba,4106902,1,,233,,,-25.364465,-49.210271,,False,1,,2023-06-19T20:10:11.621192+00:00
CUR_BI878,Curitiba,4106902,1,,280,,,-25.398738,-49.251881,,False,7,1,2023-06-19T20:11:11.621192+00:00
CUR_BI866,Curitiba,4106902,1,,280,,,-25.430131,-49.271661,,False,7,2,2023-06-19T20:09:11.621192+00:00
CUR_BI855,Curitiba,4106902,1,,169,,,-25.41324,-49.271281,,False,7,2,2023-06-19T20:10:11.621192+00:00
CUR_BI897,Curitiba,4106902,1,,169,,,-25.398216,-49.280958,,False,7,1,2023-06-19T20:10:11.621192+00:00
CUR_DC292,Curitiba,4106902,1,,462,,,-25.445681,-49.231835,,False,1,2,2023-06-19T20:11:11.621192+00:00
CUR_DA297,Curitiba,4106902,1,,462,,,-25.464046,-49.222826,,False,1,1,2023-06-19T20:11:11.621192+00:00
CUR_EA210,Curitiba,4106902,1,,462,,,-25.435725,-49.270941,,False,1,1,2023-06-19T20:11:11.621192+00:00
CUR_CC196,Curitiba,4106902,1,,372,,,-25.431958,-49.26789,,False,1,2,2023-06-19T20:11:11.621192+00:00
CUR_CI001,Curitiba,4106902,1,,372,,,-25.38191,-49.185815,,False,1,2,2023-06-19T20:11:11.621192+00:00
CUR_BI027,Curitiba,4106902,1,,372,,,-25.416468,-49.201838,,False,1,1,2023-06-19T20:10:11.621192+00:00
CUR_BI028,Curitiba,4106902,1,,372,,,-25.429591,-49.217406,,False,1,1,2023-06-19T20:11:11.621192+00:00
CUR_BC031,Curitiba,4106902,1,,372,,,-25.426245,-49.259008,,False,1,1,2023-06-19T20:09:11.621192+00:00
CUR_CA001,Curitiba,4106902,1,,372,,,-25.428731,-49.227693,,False,1,2,2023-06-19T20:11:11.621192+00:00
CUR_JI006,Curitiba,4106902,1,,611,,,-25.477328,-49.326093,,False,1,1,2023-06-19T20:11:11.621192+00:00
CUR_JI011,Curitiba,4106902,1,,611,,,-25.475733,-49.292306,,False,1,2,2023-06-19T20:11:11.621192+00:00
CUR_JI019,Curitiba,4106902,1,,611,,,-25.468843,-49.305548,,False,1,2,2023-06-19T20:11:11.621192+00:00
CUR_BI900,Curitiba,4106902,1,,386,,,-25.429705,-49.253556,,False,7,1,2023-06-19T20:09:11.621192+00:00
CUR_BI894,Curitiba,4106902,1,,386,,,-25.434915,-49.217848,,False,7,2,2023-06-19T20:10:11.621192+00:00
CUR_DN017,Curitiba,4106902,0,,560,,,-25.464776,-49.265086,,False,6,1,2023-06-19T20:11:11.621192+00:00
CUR_HI004,Curitiba,4106902,1,,623,,,-25.506083,-49.300978,,False,1,2,2023-06-19T20:10:11.621192+00:00
CUR_HI047,Curitiba,4106902,1,,623,,,-25.505151,-49.304528,,False,1,1,2023-06-19T20:10:11.621192+00:00
CUR_HA027,Curitiba,4106902,1,,623,,,-25.504438,-49.304658,,False,1,2,2023-06-19T20:11:11.621192+00:00
CUR_HA026,Curitiba,4106902,1,,623,,,-25.539195,-49.307915,,False,1,1,2023-06-19T20:10:11.621192+00:00
CUR_HA132,Curitiba,4106902,1,,623,,,-25.502858,-49.304626,,False,1,1,2023-06-19T20:10:11.621192+00:00
CUR_DC092,Curitiba,4106902,1,,468,,,-25.495135,-49.211436,,False,1,1,2023-06-19T20:11:11.621192+00:00
CUR_DA033,Curitiba,4106902,1,,468,,,-25.436641,-49.260361,,False,1,1,2023-06-19T20:11:11.621192+00:00
CUR_EA211,Curitiba,4106902,1,,468,,,-25.442115,-49.252073,,False,1,2,2023-06-19T20:11:11.621192+00:00
CUR_JI008,Curitiba,4106902,1,,712,,,-25.510706,-49.333973,,False,1,2,2023-06-19T20:11:11.621192+00:00
CUR_HA014,Curitiba,4106902,1,,712,,,-25.512211,-49.332186,,False,1,1,2023-06-19T20:10:11.621192+00:00
CUR_JA031,Curitiba,4106902,1,,712,,,-25.494471,-49.335056,,False,1,2,2023-06-19T20:11:11.621192+00:00
CUR_JI013,Curitiba,4106902,1,,712,,,-25.512713,-49.331518,,False,1,2,2023-06-19T20:11:11.621192+00:00
CUR_HI039,Curitiba,4106902,1,,712,,,-25.477368,-49.32693,,False,1,1,2023-06-19T20:10:11.621192+00:00
CUR_EA015,Curitiba,4106902,1,,475,,,-25.441453,-49.268803,,False,1,2,2023-06-19T20:10:11.621192+00:00
CUR_EI020,Curitiba,4106902,1,,475,,,-25.468383,-49.248036,,False,1,1,2023-06-19T20:11:11.621192+00:00
CUR_EA203,Curitiba,4106902,1,,475,,,-25.468121,-49.255746,,False,1,2,2023-06-19T20:10:11.621192+00:00
CUR_EA212,Curitiba,4106902,1,,475,,,-25.499515,-49.219415,,False,1,1,2023-06-19T20:11:11.621192+00:00
CUR_HA608,Curitiba,4106902,1,,685,,,-25.514351,-49.329481,,False,4,2,2023-06-19T20:10:11.621192+00:00
CUR_HI610,Curitiba,4106902,1,,685,,,-25.590746,-49.33956,,False,4,1,2023-06-19T20:10:11.621192+00:00
CUR_HI605,Curitiba,4106902,1,,685,,,-25.511665,-49.32596,,False,4,1,2023-06-19T20:10:11.621192+00:00
CUR_HA616,Curitiba,4106902,1,,685,,,-25.580825,-49.335998,,False,4,2,2023-06-19T20:11:11.621192+00:00
CUR_HI010,Curitiba,4106902,1,,652,,,-25.535008,-49.331575,,False,1,2,2023-06-19T20:10:11.621192+00:00
CUR_HI007,Curitiba,4106902,1,,652,,,-25.531706,-49.328998,,False,1,1,2023-06-19T20:11:11.621192+00:00
CUR_HA128,Curitiba,4106902,1,,652,,,-25.539273,-49.307858,,False,1,2,2023-06-19T20:10:11.621192+00:00
CUR_HI020,Curitiba,4106902,1,,617,,,-25.539275,-49.30787,,False,1,2,2023-06-19T20:10:11.621192+00:00
CUR_HI013,Curitiba,4106902,1,,826,,,-25.500183,-49.341628,,False,1,2,2023-06-19T20:11:11.621192+00:00
CUR_HA193,Curitiba,4106902,1,,826,,,-25.442778,-49.352335,,False,1,1,2023-06-19T20:11:11.621192+00:00
CUR_HA130,Curitiba,4106902,1,,826,,,-25.462821,-49.357455,,False,1,2,2023-06-19T20:11:11.621192+00:00
CUR_JA301,Curitiba,4106902,1,,826,,,-25.511811,-49.324425,,False,3,1,2023-06-19T20:11:11.621192+00:00
CUR_HI040,Curitiba,4106902,1,,614,,,-25.513905,-49.311538,,False,1,2,2023-06-19T20:11:11.621192+00:00
CUR_HA007,Curitiba,4106902,1,,826,,,-25.511728,-49.32481,,False,1,2,2023-06-19T20:11:11.621192+00:00
CUR_JA033,Curitiba,4106902,1,,826,,,-25.483745,-49.34742,,False,1,1,2023-06-19T20:11:11.621192+00:00
CUR_HI015,Curitiba,4106902,1,,826,,,-25.45025,-49.354071,,False,1,2,2023-06-19T20:10:11.621192+00:00
CUR_MI004,Curitiba,4106902,1,,924,,,-25.371156,-49.23226,,False,1,2,2023-06-19T20:11:11.621192+00:00
CUR_MI003,Curitiba,4106902,1,,924,,,-25.386873,-49.303075,,False,1,1,2023-06-19T20:11:11.621192+00:00
CUR_MA011,Curitiba,4106902,1,,924,,,-25.377581,-49.316676,,False,1,2,2023-06-19T20:11:11.621192+00:00
CUR_BA026,Curitiba,4106902,1,,924,,,-25.369115,-49.270491,,False,1,1,2023-06-19T20:09:11.621192+00:00
CUR_BI023,Curitiba,4106902,1,,924,,,-25.394478,-49.242225,,False,1,2,2023-06-19T20:09:11.621192+00:00
CUR_BI014,Curitiba,4106902,1,,924,,,-25.39588,-49.313598,,False,1,1,2023-06-19T20:11:11.621192+00:00
CUR_BI016,Curitiba,4106902,1,,924,,,-25.391328,-49.297001,,False,1,1,2023-06-19T20:09:11.621192+00:00
CUR_BA028,Curitiba,4106902,1,,924,,,-25.394971,-49.285343,,False,1,2,2023-06-19T20:10:11.621192+00:00
CUR_EA025,Curitiba,4106902,1,,335,,,-25.508791,-49.222916,,False,1,1,2023-06-19T20:11:11.621192+00:00
CUR_EA022,Curitiba,4106902,1,,335,,,-25.469361,-49.207463,,False,1,1,2023-06-19T20:11:11.621192+00:00
CUR_DR407,Curitiba,4106902,1,,335,,,-25.516681,-49.230843,,False,4,2,2023-06-19T20:11:11.621192+00:00
CUR_BC927,Curitiba,4106902,1,Auto Viação São José,214,https://moovitapp.com/index/pt-br/transporte_p%C3%BAblico-line-214_PIT_PRA%C3%87A_DA_JUVENTUDE_CRISTAL_BLANCO_POMBO_ANTI_HOR%C3%81RIO-Curitiba-942-857412-119631273-0,-1.0,-25.395158,-49.242616,,False,7,2,2023-06-19T20:09:11.621192+00:00
CUR_BI890,Curitiba,4106902,1,Auto Viação São José,214,https://moovitapp.com/index/pt-br/transporte_p%C3%BAblico-line-214_PIT_PRA%C3%87A_DA_JUVENTUDE_CRISTAL_BLANCO_POMBO_ANTI_HOR%C3%81RIO-Curitiba-942-857412-119631273-0,-1.0,-25.376873,-49.22143,,False,7,1,2023-06-19T20:10:11.621192+00:00
CUR_BI871,Curitiba,4106902,1,Auto Viação São José,214,https://moovitapp.com/index/pt-br/transporte_p%C3%BAblico-line-214_PIT_PRA%C3%87A_DA_JUVENTUDE_CRISTAL_BLANCO_POMBO_ANTI_HOR%C3%81RIO-Curitiba-942-857412-119631273-0,-1.0,-25.406433,-49.252025,,False,7,2,2023-06-19T20:10:11.621192+00:00
CUR_DA014,Curitiba,4106902,1,,321,,,-25.446775,-49.205643,,False,1,2,2023-06-19T20:11:11.621192+00:00
CUR_DA029,Curitiba,4106902,1,,321,,,-25.462693,-49.199653,,False,1,1,2023-06-19T20:11:11.621192+00:00
CUR_BI851,Curitiba,4106902,1,,175,,,-25.399733,-49.278473,,False,7,1,2023-06-19T20:09:11.621192+00:00
CUR_BI898,Curitiba,4106902,1,,175,,,-25.414836,-49.280971,,False,7,2,2023-06-19T20:09:11.621192+00:00
CUR_MC077,Curitiba,4106902,1,,972,,,-25.421046,-49.29229,,False,1,2,2023-06-19T20:11:11.621192+00:00
CUR_MC079,Curitiba,4106902,1,,972,,,-25.393395,-49.325941,,False,1,1,2023-06-19T20:11:11.621192+00:00
CUR_MC302,Curitiba,4106902,1,,972,,,-25.418976,-49.294623,,False,3,2,2023-06-19T20:08:11.621192+00:00
CUR_JI856,Curitiba,4106902,1,,762,,,-25.470318,-49.311801,,False,7,1,2023-06-19T20:11:11.621192+00:00
CUR_JI865,Curitiba,4106902,1,,762,,,-25.437135,-49.27459,,False,7,2,2023-06-19T20:11:11.621192+00:00
CUR_EA011,Curitiba,4106902,1,Auto Viação São José,531,https://moovitapp.com/index/pt-br/transporte_p%C3%BAblico-line-531_BAIRRO_A_BAIRRO_1-Curitiba-942-857412-1570571-0,-1.0,-25.517813,-49.230886,,False,1,2,2023-06-19T20:11:11.621192+00:00
CUR_EA024,Curitiba,4106902,1,Auto Viação São José,531,https://moovitapp.com/index/pt-br/transporte_p%C3%BAblico-line-531_BAIRRO_A_BAIRRO_1-Curitiba-942-857412-1570571-0,-1.0,-25.535793,-49.245156,,False,1,1,2023-06-19T20:11:11.621192+00:00
CUR_EA002,Curitiba,4106902,1,Auto Viação São José,531,https://moovitapp.com/index/pt-br/transporte_p%C3%BAblico-line-531_BAIRRO_A_BAIRRO_1-Curitiba-942-857412-1570571-0,-1.0,-25.535218,-49.242986,,False,1,1,2023-06-19T20:12:11.621192+00:00
CUR_EA183,Curitiba,4106902,1,Auto Viação São José,531,https://moovitapp.com/index/pt-br/transporte_p%C3%BAblico-line-531_BAIRRO_A_BAIRRO_1-Curitiba-942-857412-1570571-0,-1.0,-25.468768,-49.255693,,False,1,1,2023-06-19T20:11:11.621192+00:00
CUR_EI008,Curitiba,4106902,1,Auto Viação São José,531,https://moovitapp.com/index/pt-br/transporte_p%C3%BAblico-line-531_BAIRRO_A_BAIRRO_1-Curitiba-942-857412-1570571-0,-1.0,-25.514946,-49.232306,,False,1,2,2023-06-19T20:11:11.621192+00:00
CUR_BI889,Curitiba,4106902,1,,366,,,-25.436535,-49.285163,,False,7,2,2023-06-19T20:10:11.621192+00:00
CUR_BI872,Curitiba,4106902,1,,366,,,-25.422956,-49.24617,,False,7,1,2023-06-19T20:11:11.621192+00:00
CUR_DC294,Curitiba,4106902,1,,334,,,-25.46796,-49.199895,,False,1,,2023-06-19T20:11:11.621192+00:00
CUR_HI857,Curitiba,4106902,1,,670,,,-25.447628,-49.278715,,False,7,1,2023-06-19T20:10:11.621192+00:00
CUR_JI857,Curitiba,4106902,1,,761,,,-25.471893,-49.313723,,False,7,1,2023-06-19T20:11:11.621192+00:00
CUR_JI860,Curitiba,4106902,1,,761,,,-25.4494,-49.367045,,False,7,1,2023-06-19T20:11:11.621192+00:00
CUR_EI009,Curitiba,4106902,1,Auto Viação São José,515,https://moovitapp.com/index/pt-br/transporte_p%C3%BAblico-line-515_%E2%9C%88_AEROPORTO_1_SHOPPING_S%C3%83O_JOS%C3%89-Curitiba-942-857412-67925719-0,-1.0,-25.514135,-49.220541,,False,1,2,2023-06-19T20:11:11.621192+00:00
CUR_EI003,Curitiba,4106902,1,Auto Viação São José,515,https://moovitapp.com/index/pt-br/transporte_p%C3%BAblico-line-515_%E2%9C%88_AEROPORTO_1_SHOPPING_S%C3%83O_JOS%C3%89-Curitiba-942-857412-67925719-0,-1.0,-25.481895,-49.24673,,False,1,1,2023-06-19T20:11:11.621192+00:00
CUR_EI019,Curitiba,4106902,1,Auto Viação São José,515,https://moovitapp.com/index/pt-br/transporte_p%C3%BAblico-line-515_%E2%9C%88_AEROPORTO_1_SHOPPING_S%C3%83O_JOS%C3%89-Curitiba-942-857412-67925719-0,-1.0,-25.496781,-49.232133,,False,1,2,2023-06-19T20:11:11.621192+00:00
CUR_EI010,Curitiba,4106902,1,Auto Viação São José,515,https://moovitapp.com/index/pt-br/transporte_p%C3%BAblico-line-515_%E2%9C%88_AEROPORTO_1_SHOPPING_S%C3%83O_JOS%C3%89-Curitiba-942-857412-67925719-0,-1.0,-25.50687,-49.223831,,False,1,1,2023-06-19T20:11:11.621192+00:00
CUR_EA019,Curitiba,4106902,1,Auto Viação São José,515,https://moovitapp.com/index/pt-br/transporte_p%C3%BAblico-line-515_%E2%9C%88_AEROPORTO_1_SHOPPING_S%C3%83O_JOS%C3%89-Curitiba-942-857412-67925719-0,-1.0,-25.467983,-49.255615,,False,1,2,2023-06-19T20:11:11.621192+00:00
CUR_EA198,Curitiba,4106902,1,Auto Viação São José,515,https://moovitapp.com/index/pt-br/transporte_p%C3%BAblico-line-515_%E2%9C%88_AEROPORTO_1_SHOPPING_S%C3%83O_JOS%C3%89-Curitiba-942-857412-67925719-0,-1.0,-25.508588,-49.222945,,False,1,2,2023-06-19T20:11:11.621192+00:00
CUR_BC315,Curitiba,4106902,1,,371,,,-25.427928,-49.248045,,False,10,2,2023-06-19T20:09:11.621192+00:00
CUR_BC313,Curitiba,4106902,1,,371,,,-25.416653,-49.223556,,False,10,1,2023-06-19T20:10:11.621192+00:00
CUR_BC314,Curitiba,4106902,1,,371,,,-25.415278,-49.281293,,False,10,1,2023-06-19T20:09:11.621192+00:00
CUR_JI948,Curitiba,4106902,1,,861,,,-25.436663,-49.274506,,False,7,2,2023-06-19T20:10:11.621192+00:00
CUR_JI852,Curitiba,4106902,1,,861,,,-25.449018,-49.367061,,False,7,1,2023-06-19T20:11:11.621192+00:00
CUR_JI864,Curitiba,4106902,1,,861,,,-25.462716,-49.348646,,False,7,1,2023-06-19T20:08:11.621192+00:00
CUR_GI017,Curitiba,4106902,1,,553,,,-25.556976,-49.246688,,False,1,1,2023-06-19T20:11:11.621192+00:00
CUR_GI006,Curitiba,4106902,1,,553,,,-25.53763,-49.27242,,False,1,2,2023-06-19T20:11:11.621192+00:00
CUR_GI002,Curitiba,4106902,1,,553,,,-25.547476,-49.260626,,False,1,1,2023-06-19T20:11:11.621192+00:00
CUR_GC004,Curitiba,4106902,1,,553,,,-25.559178,-49.258905,,False,1,1,2023-06-19T20:11:11.621192+00:00
CUR_GI037,Curitiba,4106902,1,,643,,,-25.513705,-49.295673,,False,1,2,2023-06-19T20:11:11.621192+00:00
CUR_GI019,Curitiba,4106902,1,,643,,,-25.549403,-49.292206,,False,1,1,2023-06-19T20:11:11.621192+00:00
CUR_GA180,Curitiba,4106902,1,,643,,,-25.576186,-49.276078,,False,1,1,2023-06-19T20:11:11.621192+00:00
CUR_GI029,Curitiba,4106902,1,,643,,,-25.558495,-49.291751,,False,1,1,2023-06-19T20:10:11.621192+00:00
CUR_EA027,Curitiba,4106902,1,,X06,,,-25.550491,-49.248026,,False,1,1,2023-06-19T20:11:11.621192+00:00
CUR_GI044,Curitiba,4106902,1,,552,,,-25.547686,-49.260613,,False,1,1,2023-06-19T20:11:11.621192+00:00
CUR_GI053,Curitiba,4106902,1,,552,,,-25.534208,-49.267613,,False,1,2,2023-06-19T20:11:11.621192+00:00
CUR_GI051,Curitiba,4106902,1,,552,,,-25.548643,-49.2923,,False,1,2,2023-06-19T20:11:11.621192+00:00
CUR_GC003,Curitiba,4106902,1,,552,,,-25.557481,-49.260885,,False,1,1,2023-06-19T20:11:11.621192+00:00
CUR_HI028,Curitiba,4106902,1,,617,,,-25.576366,-49.331296,,False,1,1,2023-06-19T20:10:11.621192+00:00
CUR_HA006,Curitiba,4106902,1,,617,,,-25.523123,-49.29587,,False,1,2,2023-06-19T20:11:11.621192+00:00
CUR_HA016,Curitiba,4106902,1,,617,,,-25.553498,-49.305231,,False,1,1,2023-06-19T20:10:11.621192+00:00
CUR_HA004,Curitiba,4106902,1,,617,,,-25.57365,-49.32794,,False,1,2,2023-06-19T20:10:11.621192+00:00
CUR_GI042,Curitiba,4106902,1,,542,,,-25.547691,-49.270843,,False,1,,2023-06-19T20:10:11.621192+00:00
CUR_GI032,Curitiba,4106902,1,,542,,,-25.543805,-49.26738,,False,1,,2023-06-19T20:11:11.621192+00:00
CUR_GC016,Curitiba,4106902,1,,542,,,-25.534405,-49.268936,,False,1,,2023-06-19T20:11:11.621192+00:00
CUR_GI033,Curitiba,4106902,1,,542,,,-25.53526,-49.270193,,False,1,,2023-06-19T20:11:11.621192+00:00
CUR_MI855,Curitiba,4106902,1,,912,,,-25.401216,-49.32999,,False,7,2,2023-06-19T20:11:11.621192+00:00
CUR_EA009,Curitiba,4106902,1,,X03,,,-25.522346,-49.230036,,False,1,1,2023-06-19T20:11:11.621192+00:00
CUR_HI856,Curitiba,4106902,1,,600,,,-25.51356,-49.29541,,False,7,2,2023-06-19T20:11:11.621192+00:00
CUR_HI850,Curitiba,4106902,1,,600,,,-25.537211,-49.306711,,False,7,1,2023-06-19T20:10:11.621192+00:00
CUR_GI026,Curitiba,4106902,1,,639,,,-25.55282,-49.28651,,False,1,2,2023-06-19T20:11:11.621192+00:00
CUR_GI036,Curitiba,4106902,1,,639,,,-25.520165,-49.295588,,False,1,1,2023-06-19T20:11:11.621192+00:00
CUR_GI021,Curitiba,4106902,1,,639,,,-25.517453,-49.29258,,False,1,1,2023-06-19T20:11:11.621192+00:00
CUR_GI007,Curitiba,4106902,1,,547,,,-25.53794,-49.261516,,False,1,1,2023-06-19T20:11:11.621192+00:00
CUR_HB607,Curitiba,4106902,1,,060,,,-25.522385,-49.292393,,False,4,1,2023-06-19T20:10:11.621192+00:00
CUR_HB608,Curitiba,4106902,1,,060,,,-25.499553,-49.341706,,False,4,2,2023-06-19T20:10:11.621192+00:00
CUR_HB601,Curitiba,4106902,1,,060,,,-25.441571,-49.3467,,False,4,1,2023-06-19T20:10:11.621192+00:00
CUR_HB693,Curitiba,4106902,1,,060,,,-25.487475,-49.345826,,False,4,1,2023-06-19T20:10:11.621192+00:00
CUR_HB606,Curitiba,4106902,1,,060,,,-25.534916,-49.302726,,False,4,2,2023-06-19T20:10:11.621192+00:00
CUR_GI050,Curitiba,4106902,1,,641,,,-25.559871,-49.285438,,False,1,2,2023-06-19T20:11:11.621192+00:00
CUR_MI854,Curitiba,4106902,1,,911,,,-25.401233,-49.33002,,False,7,2,2023-06-19T20:10:11.621192+00:00
CUR_HI045,Curitiba,4106902,1,,612,,,-25.494915,-49.325051,,False,1,2,2023-06-19T20:10:11.621192+00:00
CUR_HA191,Curitiba,4106902,1,,612,,,-25.478165,-49.310893,,False,1,2,2023-06-19T20:10:11.621192+00:00
CUR_HA198,Curitiba,4106902,1,,612,,,-25.479533,-49.304835,,False,1,1,2023-06-19T20:10:11.621192+00:00
CUR_HR409,Curitiba,4106902,1,,X37,,,-25.551293,-49.330361,,False,4,2,2023-06-19T20:11:11.621192+00:00
CUR_HI603,Curitiba,4106902,0,,X37,,,-25.512256,-49.294681,,False,4,2,2023-06-19T20:10:11.621192+00:00
CUR_HA611,Curitiba,4106902,1,,X37,,,-25.539311,-49.302018,,False,4,2,2023-06-19T20:10:11.621192+00:00
CUR_HR407,Curitiba,4106902,1,,X37,,,-25.562926,-49.331023,,False,4,1,2023-06-19T20:11:11.621192+00:00
CUR_HI600,Curitiba,4106902,1,,X37,,,-25.534006,-49.301083,,False,4,1,2023-06-19T20:11:11.621192+00:00
CUR_HL320,Curitiba,4106902,0,URBS,607,https://moovitapp.com/index/pt-br/transporte_p%C3%BAblico-line-607_COLOMBO_CIC-Curitiba-942-9628-294348-0,-1.0,-25.486591,-49.296868,,False,3,1,2023-06-19T20:11:11.621192+00:00
CUR_HL325,Curitiba,4106902,0,URBS,607,https://moovitapp.com/index/pt-br/transporte_p%C3%BAblico-line-607_COLOMBO_CIC-Curitiba-942-9628-294348-0,-1.0,-25.431153,-49.277295,,False,3,2,2023-06-19T20:11:11.621192+00:00
CUR_HL331,Curitiba,4106902,1,URBS,607,https://moovitapp.com/index/pt-br/transporte_p%C3%BAblico-line-607_COLOMBO_CIC-Curitiba-942-9628-294348-0,-1.0,-25.385106,-49.214625,,False,3,2,2023-06-19T20:10:11.621192+00:00
CUR_HL496,Curitiba,4106902,1,URBS,607,https://moovitapp.com/index/pt-br/transporte_p%C3%BAblico-line-607_COLOMBO_CIC-Curitiba-942-9628-294348-0,-1.0,-25.5112,-49.32343,,False,3,1,2023-06-19T20:11:11.621192+00:00
CUR_HL329,Curitiba,4106902,1,URBS,607,https://moovitapp.com/index/pt-br/transporte_p%C3%BAblico-line-607_COLOMBO_CIC-Curitiba-942-9628-294348-0,-1.0,-25.489291,-49.291778,,False,3,2,2023-06-19T20:11:11.621192+00:00
CUR_HL312,Curitiba,4106902,0,URBS,607,https://moovitapp.com/index/pt-br/transporte_p%C3%BAblico-line-607_COLOMBO_CIC-Curitiba-942-9628-294348-0,-1.0,-25.433516,-49.27723,,False,3,2,2023-06-19T20:10:11.621192+00:00
CUR_HL318,Curitiba,4106902,0,URBS,607,https://moovitapp.com/index/pt-br/transporte_p%C3%BAblico-line-607_COLOMBO_CIC-Curitiba-942-9628-294348-0,-1.0,-25.50568,-49.321223,,False,3,2,2023-06-19T20:11:11.621192+00:00
CUR_HL497,Curitiba,4106902,1,URBS,607,https://moovitapp.com/index/pt-br/transporte_p%C3%BAblico-line-607_COLOMBO_CIC-Curitiba-942-9628-294348-0,-1.0,-25.371698,-49.207355,,False,3,1,2023-06-19T20:11:11.621192+00:00
CUR_HL316,Curitiba,4106902,0,URBS,607,https://moovitapp.com/index/pt-br/transporte_p%C3%BAblico-line-607_COLOMBO_CIC-Curitiba-942-9628-294348-0,-1.0,-25.436506,-49.271085,,False,3,1,2023-06-19T20:10:11.621192+00:00
CUR_HL310,Curitiba,4106902,0,URBS,607,https://moovitapp.com/index/pt-br/transporte_p%C3%BAblico-line-607_COLOMBO_CIC-Curitiba-942-9628-294348-0,-1.0,-25.537503,-49.306821,,False,3,1,2023-06-19T20:10:11.621192+00:00
CUR_HL115,Curitiba,4106902,0,URBS,607,https://moovitapp.com/index/pt-br/transporte_p%C3%BAblico-line-607_COLOMBO_CIC-Curitiba-942-9628-294348-0,-1.0,-25.457423,-49.269666,,False,3,2,2023-06-19T20:10:11.621192+00:00
CUR_JI015,Curitiba,4106902,1,,719,,,-25.483766,-49.350103,,False,1,1,2023-06-19T20:11:11.621192+00:00
CUR_JI004,Curitiba,4106902,1,,719,,,-25.477073,-49.337331,,False,1,2,2023-06-19T20:11:11.621192+00:00
CUR_HI022,Curitiba,4106902,1,,773,,,-25.526115,-49.333851,,False,1,1,2023-06-19T20:11:11.621192+00:00
CUR_HA699,Curitiba,4106902,1,,773,,,-25.542806,-49.33749,,False,4,2,2023-06-19T20:10:11.621192+00:00
CUR_BI892,Curitiba,4106902,1,,181,,,-25.367173,-49.291955,,False,7,2,2023-06-19T20:11:11.621192+00:00
CUR_JI005,Curitiba,4106902,1,,718,,,-25.482953,-49.34567,,False,1,,2023-06-19T20:11:11.621192+00:00
CUR_HA029,Curitiba,4106902,1,,615,,,-25.48911,-49.307388,,False,1,1,2023-06-19T20:10:11.621192+00:00
CUR_HI048,Curitiba,4106902,1,,622,,,-25.494426,-49.298923,,False,1,1,2023-06-19T20:11:11.621192+00:00
CUR_HI851,Curitiba,4106902,1,,265,,,-25.434956,-49.272943,,False,7,2,2023-06-19T20:10:11.621192+00:00
CUR_BI025,Curitiba,4106902,1,,916,,,-25.3725,-49.330151,,False,1,2,2023-06-19T20:10:11.621192+00:00
CUR_MA013,Curitiba,4106902,1,,916,,,-25.419771,-49.29428,,False,1,2,2023-06-19T20:11:11.621192+00:00
CUR_HA019,Curitiba,4106902,1,,627,,,-25.501643,-49.306625,,False,1,1,2023-06-19T20:11:11.621192+00:00
CUR_HI006,Curitiba,4106902,1,,627,,,-25.533228,-49.320751,,False,1,1,2023-06-19T20:10:11.621192+00:00
CUR_HA008,Curitiba,4106902,1,,627,,,-25.539431,-49.307808,,False,1,1,2023-06-19T20:08:11.621192+00:00
CUR_HA312,Curitiba,4106902,1,,627,,,-25.507003,-49.322038,,False,3,2,2023-06-19T20:11:11.621192+00:00
CUR_JC316,Curitiba,4106902,1,,701,,,-25.455275,-49.303921,,False,3,2,2023-06-19T20:11:11.621192+00:00
CUR_JC304,Curitiba,4106902,1,,701,,,-25.45972,-49.301838,,False,3,1,2023-06-19T20:11:11.621192+00:00
CUR_JC313,Curitiba,4106902,1,,701,,,-25.441318,-49.272475,,False,3,2,2023-06-19T20:10:11.621192+00:00
CUR_JC311,Curitiba,4106902,1,,701,,,-25.46182,-49.305628,,False,3,2,2023-06-19T20:11:11.621192+00:00
CUR_JC600,Curitiba,4106902,1,,701,,,-25.477316,-49.326406,,False,4,1,2023-06-19T20:11:11.621192+00:00
CUR_JC301,Curitiba,4106902,1,,701,,,-25.450453,-49.286085,,False,3,1,2023-06-19T20:11:11.621192+00:00
CUR_JA300,Curitiba,4106902,1,,701,,,-25.444516,-49.27553,,False,3,2,2023-06-19T20:11:11.621192+00:00
CUR_JC308,Curitiba,4106902,1,,703,,,-25.44349,-49.272891,,False,3,2,2023-06-19T20:11:11.621192+00:00
CUR_JA699,Curitiba,4106902,1,,703,,,-25.446228,-49.275168,,False,4,1,2023-06-19T20:11:11.621192+00:00
CUR_JC317,Curitiba,4106902,1,,703,,,-25.474105,-49.318246,,False,3,1,2023-06-19T20:10:11.621192+00:00
CUR_JI601,Curitiba,4106902,1,,703,,,-25.478761,-49.340215,,False,4,1,2023-06-19T20:12:11.621192+00:00
CUR_JI604,Curitiba,4106902,1,,703,,,-25.463248,-49.305995,,False,4,1,2023-06-19T20:11:11.621192+00:00
CUR_JC309,Curitiba,4106902,1,,703,,,-25.463613,-49.30722,,False,3,2,2023-06-19T20:11:11.621192+00:00
CUR_JC315,Curitiba,4106902,1,,703,,,-25.477585,-49.33883,,False,3,2,2023-06-19T20:11:11.621192+00:00
CUR_JI603,Curitiba,4106902,1,,703,,,-25.482713,-49.34593,,False,4,1,2023-06-19T20:11:11.621192+00:00
CUR_JC306,Curitiba,4106902,1,,703,,,-25.453788,-49.30056,,False,3,2,2023-06-19T20:11:11.621192+00:00
CUR_JC303,Curitiba,4106902,1,,703,,,-25.43496,-49.272606,,False,3,2,2023-06-19T20:11:11.621192+00:00
CUR_DN607,Curitiba,4106902,1,,516,,,-25.47594,-49.240045,,False,7,1,2023-06-19T20:11:11.621192+00:00
CUR_MI856,Curitiba,4106902,1,,913,,,-25.405311,-49.351686,,False,7,1,2023-06-19T20:11:11.621192+00:00
CUR_HL495,Curitiba,4106902,1,URBS,700,https://moovitapp.com/index/pt-br/transporte_p%C3%BAblico-line-700_PINHEIRINHO_CABRAL-Curitiba-942-9628-757429-0,-1.0,-25.44848,-49.285896,,False,3,2,2023-06-19T20:11:11.621192+00:00
CUR_BL306,Curitiba,4106902,0,URBS,700,https://moovitapp.com/index/pt-br/transporte_p%C3%BAblico-line-700_PINHEIRINHO_CABRAL-Curitiba-942-9628-757429-0,-1.0,-25.490056,-49.2956,,False,3,2,2023-06-19T20:10:11.621192+00:00
CUR_BL319,Curitiba,4106902,0,URBS,700,https://moovitapp.com/index/pt-br/transporte_p%C3%BAblico-line-700_PINHEIRINHO_CABRAL-Curitiba-942-9628-757429-0,-1.0,-25.436123,-49.262155,,False,3,1,2023-06-19T20:09:11.621192+00:00
CUR_BL313,Curitiba,4106902,0,URBS,700,https://moovitapp.com/index/pt-br/transporte_p%C3%BAblico-line-700_PINHEIRINHO_CABRAL-Curitiba-942-9628-757429-0,-1.0,-25.42653,-49.265515,,False,3,2,2023-06-19T20:10:11.621192+00:00
CUR_HL328,Curitiba,4106902,0,URBS,700,https://moovitapp.com/index/pt-br/transporte_p%C3%BAblico-line-700_PINHEIRINHO_CABRAL-Curitiba-942-9628-757429-0,-1.0,-25.512951,-49.294386,,False,3,1,2023-06-19T20:10:11.621192+00:00
CUR_HL302,Curitiba,4106902,0,URBS,700,https://moovitapp.com/index/pt-br/transporte_p%C3%BAblico-line-700_PINHEIRINHO_CABRAL-Curitiba-942-9628-757429-0,-1.0,-25.418911,-49.269003,,False,3,2,2023-06-19T20:10:11.621192+00:00
CUR_BL314,Curitiba,4106902,0,URBS,700,https://moovitapp.com/index/pt-br/transporte_p%C3%BAblico-line-700_PINHEIRINHO_CABRAL-Curitiba-942-9628-757429-0,-1.0,-25.476843,-49.292386,,False,3,1,2023-06-19T20:09:11.621192+00:00
CUR_BL332,Curitiba,4106902,0,URBS,700,https://moovitapp.com/index/pt-br/transporte_p%C3%BAblico-line-700_PINHEIRINHO_CABRAL-Curitiba-942-9628-757429-0,-1.0,-25.458701,-49.290413,,False,3,2,2023-06-19T20:10:11.621192+00:00
CUR_HL309,Curitiba,4106902,0,URBS,X35,https://moovitapp.com/index/pt-br/transporte_p%C3%BAblico-line-X35_PINHEIRINHO_PREFEITURA-Curitiba-942-9628-778958-0,-1.0,-25.518908,-49.292938,,False,3,1,2023-06-19T20:10:11.621192+00:00
CUR_JA034,Curitiba,4106902,1,,714,,,-25.490025,-49.356998,,False,1,,2023-06-19T20:10:11.621192+00:00
CUR_HI853,Curitiba,4106902,1,,644,,,-25.511603,-49.324223,,False,7,2,2023-06-19T20:11:11.621192+00:00
CUR_MA003,Curitiba,4106902,1,,917,,,-25.419133,-49.294186,,False,1,1,2023-06-19T20:11:11.621192+00:00
CUR_MA012,Curitiba,4106902,1,,917,,,-25.390241,-49.335191,,False,1,2,2023-06-19T20:11:11.621192+00:00
CUR_MC303,Curitiba,4106902,1,,917,,,-25.373591,-49.32888,,False,3,1,2023-06-19T20:11:11.621192+00:00
CUR_MN608,Curitiba,4106902,1,,915,,,-25.395726,-49.329763,,False,7,2,2023-06-19T20:11:11.621192+00:00
CUR_HL321,Curitiba,4106902,0,URBS,X35,https://moovitapp.com/index/pt-br/transporte_p%C3%BAblico-line-X35_PINHEIRINHO_PREFEITURA-Curitiba-942-9628-778958-0,-1.0,-25.537495,-49.306835,,False,3,2,2023-06-19T20:10:11.621192+00:00
CUR_HL303,Curitiba,4106902,0,URBS,X35,https://moovitapp.com/index/pt-br/transporte_p%C3%BAblico-line-X35_PINHEIRINHO_PREFEITURA-Curitiba-942-9628-778958-0,-1.0,-25.462423,-49.291276,,False,3,2,2023-06-19T20:11:11.621192+00:00
CUR_HL118,Curitiba,4106902,0,URBS,X35,https://moovitapp.com/index/pt-br/transporte_p%C3%BAblico-line-X35_PINHEIRINHO_PREFEITURA-Curitiba-942-9628-778958-0,-1.0,-25.539286,-49.308708,,False,3,2,2023-06-19T20:10:11.621192+00:00
CUR_HL319,Curitiba,4106902,0,URBS,X35,https://moovitapp.com/index/pt-br/transporte_p%C3%BAblico-line-X35_PINHEIRINHO_PREFEITURA-Curitiba-942-9628-778958-0,-1.0,-25.463103,-49.291416,,False,3,2,2023-06-19T20:11:11.621192+00:00
CUR_HL315,Curitiba,4106902,0,URBS,X35,https://moovitapp.com/index/pt-br/transporte_p%C3%BAblico-line-X35_PINHEIRINHO_PREFEITURA-Curitiba-942-9628-778958-0,-1.0,-25.537448,-49.307106,,False,3,1,2023-06-19T20:08:11.621192+00:00
CUR_HL326,Curitiba,4106902,0,URBS,X35,https://moovitapp.com/index/pt-br/transporte_p%C3%BAblico-line-X35_PINHEIRINHO_PREFEITURA-Curitiba-942-9628-778958-0,-1.0,-25.53976,-49.308045,,False,3,1,2023-06-19T20:07:11.621192+00:00
CUR_HL498,Curitiba,4106902,1,URBS,X35,https://moovitapp.com/index/pt-br/transporte_p%C3%BAblico-line-X35_PINHEIRINHO_PREFEITURA-Curitiba-942-9628-778958-0,-1.0,-25.505958,-49.293978,,False,3,1,2023-06-19T20:10:11.621192+00:00
CUR_HL308,Curitiba,4106902,0,URBS,X35,https://moovitapp.com/index/pt-br/transporte_p%C3%BAblico-line-X35_PINHEIRINHO_PREFEITURA-Curitiba-942-9628-778958-0,-1.0,-25.505051,-49.294171,,False,3,1,2023-06-19T20:10:11.621192+00:00
CUR_HL305,Curitiba,4106902,0,URBS,X35,https://moovitapp.com/index/pt-br/transporte_p%C3%BAblico-line-X35_PINHEIRINHO_PREFEITURA-Curitiba-942-9628-778958-0,-1.0,-25.440061,-49.263981,,False,3,2,2023-06-19T20:10:11.621192+00:00
CUR_HL499,Curitiba,4106902,0,URBS,X35,https://moovitapp.com/index/pt-br/transporte_p%C3%BAblico-line-X35_PINHEIRINHO_PREFEITURA-Curitiba-942-9628-778958-0,-1.0,-25.419958,-49.268733,,False,3,2,2023-06-19T20:10:11.621192+00:00
CUR_HA025,Curitiba,4106902,1,,681,,,-25.56686,-49.330175,,False,1,1,2023-06-19T20:11:11.621192+00:00
CUR_HI019,Curitiba,4106902,1,,681,,,-25.514818,-49.295691,,False,1,2,2023-06-19T20:10:11.621192+00:00
CUR_HA197,Curitiba,4106902,1,,681,,,-25.54012,-49.308453,,False,1,1,2023-06-19T20:10:11.621192+00:00
CUR_HC013,Curitiba,4106902,1,,681,,,-25.523388,-49.293068,,False,1,1,2023-06-19T20:11:11.621192+00:00
CUR_JA022,Curitiba,4106902,1,,823,,,-25.464826,-49.353135,,False,1,2,2023-06-19T20:11:11.621192+00:00
CUR_JA035,Curitiba,4106902,1,,823,,,-25.449201,-49.365716,,False,1,2,2023-06-19T20:11:11.621192+00:00
CUR_JI299,Curitiba,4106902,1,,823,,,-25.451096,-49.356641,,False,1,1,2023-06-19T20:11:11.621192+00:00
CUR_GE728,Curitiba,4106902,0,URBS,500,https://moovitapp.com/index/pt-br/transporte_p%C3%BAblico-line-500_LIGEIR%C3%83O_BOQUEIR%C3%83O-Curitiba-942-9628-294422-0,-1.0,-25.44095,-49.267135,,False,5,2,2023-06-19T20:11:11.621192+00:00
CUR_GE716,Curitiba,4106902,0,URBS,500,https://moovitapp.com/index/pt-br/transporte_p%C3%BAblico-line-500_LIGEIR%C3%83O_BOQUEIR%C3%83O-Curitiba-942-9628-294422-0,-1.0,-25.466571,-49.254441,,False,5,1,2023-06-19T20:11:11.621192+00:00
CUR_GE701,Curitiba,4106902,0,URBS,500,https://moovitapp.com/index/pt-br/transporte_p%C3%BAblico-line-500_LIGEIR%C3%83O_BOQUEIR%C3%83O-Curitiba-942-9628-294422-0,-1.0,-25.516561,-49.230788,,False,5,1,2023-06-19T20:11:11.621192+00:00
CUR_GE720,Curitiba,4106902,0,URBS,500,https://moovitapp.com/index/pt-br/transporte_p%C3%BAblico-line-500_LIGEIR%C3%83O_BOQUEIR%C3%83O-Curitiba-942-9628-294422-0,-1.0,-25.513991,-49.231516,,False,5,1,2023-06-19T20:11:11.621192+00:00
CUR_GD349,Curitiba,4106902,0,URBS,500,https://moovitapp.com/index/pt-br/transporte_p%C3%BAblico-line-500_LIGEIR%C3%83O_BOQUEIR%C3%83O-Curitiba-942-9628-294422-0,-1.0,-25.497441,-49.23957,,False,5,1,2023-06-19T20:11:11.621192+00:00
CUR_GE723,Curitiba,4106902,0,URBS,500,https://moovitapp.com/index/pt-br/transporte_p%C3%BAblico-line-500_LIGEIR%C3%83O_BOQUEIR%C3%83O-Curitiba-942-9628-294422-0,-1.0,-25.507526,-49.23456,,False,5,1,2023-06-19T20:11:11.621192+00:00
CUR_GE719,Curitiba,4106902,0,URBS,500,https://moovitapp.com/index/pt-br/transporte_p%C3%BAblico-line-500_LIGEIR%C3%83O_BOQUEIR%C3%83O-Curitiba-942-9628-294422-0,-1.0,-25.433605,-49.26982,,False,5,2,2023-06-19T20:11:11.621192+00:00
CUR_GE710,Curitiba,4106902,0,URBS,500,https://moovitapp.com/index/pt-br/transporte_p%C3%BAblico-line-500_LIGEIR%C3%83O_BOQUEIR%C3%83O-Curitiba-942-9628-294422-0,-1.0,-25.499573,-49.238456,,False,5,1,2023-06-19T20:11:11.621192+00:00
CUR_GD348,Curitiba,4106902,0,URBS,500,https://moovitapp.com/index/pt-br/transporte_p%C3%BAblico-line-500_LIGEIR%C3%83O_BOQUEIR%C3%83O-Curitiba-942-9628-294422-0,-1.0,-25.55027,-49.291428,,False,5,1,2023-06-19T20:11:11.621192+00:00
CUR_GD342,Curitiba,4106902,0,URBS,500,https://moovitapp.com/index/pt-br/transporte_p%C3%BAblico-line-500_LIGEIR%C3%83O_BOQUEIR%C3%83O-Curitiba-942-9628-294422-0,-1.0,-25.463163,-49.256258,,False,5,2,2023-06-19T20:11:11.621192+00:00
CUR_GE717,Curitiba,4106902,0,URBS,500,https://moovitapp.com/index/pt-br/transporte_p%C3%BAblico-line-500_LIGEIR%C3%83O_BOQUEIR%C3%83O-Curitiba-942-9628-294422-0,-1.0,-25.449353,-49.26299,,False,5,2,2023-06-19T20:11:11.621192+00:00
CUR_GE733,Curitiba,4106902,0,URBS,500,https://moovitapp.com/index/pt-br/transporte_p%C3%BAblico-line-500_LIGEIR%C3%83O_BOQUEIR%C3%83O-Curitiba-942-9628-294422-0,-1.0,-25.43382,-49.270353,,False,5,2,2023-06-19T20:11:11.621192+00:00
CUR_BI867,Curitiba,4106902,1,,237,,,-25.373875,-49.21423,,False,7,,2023-06-19T20:09:11.621192+00:00
CUR_BL340,Curitiba,4106902,1,URBS,256,https://moovitapp.com/index/pt-br/transporte_p%C3%BAblico-line-256_BARREIRINHA_GUADALUPE-Curitiba-942-9628-398191-0,-1.0,-25.384506,-49.261445,,False,3,2,2023-06-19T20:11:11.621192+00:00
CUR_BL336,Curitiba,4106902,0,URBS,256,https://moovitapp.com/index/pt-br/transporte_p%C3%BAblico-line-256_BARREIRINHA_GUADALUPE-Curitiba-942-9628-398191-0,-1.0,-25.422875,-49.268718,,False,3,1,2023-06-19T20:11:11.621192+00:00
CUR_BL329,Curitiba,4106902,0,URBS,256,https://moovitapp.com/index/pt-br/transporte_p%C3%BAblico-line-256_BARREIRINHA_GUADALUPE-Curitiba-942-9628-398191-0,-1.0,-25.43041,-49.264578,,False,3,1,2023-06-19T20:11:11.621192+00:00
CUR_BL331,Curitiba,4106902,0,URBS,256,https://moovitapp.com/index/pt-br/transporte_p%C3%BAblico-line-256_BARREIRINHA_GUADALUPE-Curitiba-942-9628-398191-0,-1.0,-25.390303,-49.258705,,False,3,1,2023-06-19T20:11:11.621192+00:00
CUR_BA015,Curitiba,4106902,1,,171,,,-25.398338,-49.288091,,False,1,2,2023-06-19T20:10:11.621192+00:00
CUR_HC852,Curitiba,4106902,1,,671,,,-25.443231,-49.272188,,False,7,2,2023-06-19T20:10:11.621192+00:00
CUR_EL326,Curitiba,4106902,1,URBS,507,https://moovitapp.com/index/pt-br/transporte_p%C3%BAblico-line-507_S%C3%8DTIO_CERCADO_HOR%C3%81RIO-Curitiba-942-9628-294494-0,-1.0,-25.487818,-49.292148,,False,3,,2023-06-19T20:11:11.621192+00:00
CUR_EL303,Curitiba,4106902,0,URBS,507,https://moovitapp.com/index/pt-br/transporte_p%C3%BAblico-line-507_S%C3%8DTIO_CERCADO_HOR%C3%81RIO-Curitiba-942-9628-294494-0,-1.0,-25.535591,-49.284743,,False,3,,2023-06-19T20:11:11.621192+00:00
CUR_EL312,Curitiba,4106902,0,URBS,507,https://moovitapp.com/index/pt-br/transporte_p%C3%BAblico-line-507_S%C3%8DTIO_CERCADO_HOR%C3%81RIO-Curitiba-942-9628-294494-0,-1.0,-25.432558,-49.265503,,False,3,,2023-06-19T20:11:11.621192+00:00
CUR_EL309,Curitiba,4106902,0,URBS,507,https://moovitapp.com/index/pt-br/transporte_p%C3%BAblico-line-507_S%C3%8DTIO_CERCADO_HOR%C3%81RIO-Curitiba-942-9628-294494-0,-1.0,-25.443738,-49.268835,,False,3,,2023-06-19T20:11:11.621192+00:00
CUR_EL300,Curitiba,4106902,0,URBS,507,https://moovitapp.com/index/pt-br/transporte_p%C3%BAblico-line-507_S%C3%8DTIO_CERCADO_HOR%C3%81RIO-Curitiba-942-9628-294494-0,-1.0,-25.467481,-49.256103,,False,3,,2023-06-19T20:11:11.621192+00:00
CUR_EL323,Curitiba,4106902,1,URBS,507,https://moovitapp.com/index/pt-br/transporte_p%C3%BAblico-line-507_S%C3%8DTIO_CERCADO_HOR%C3%81RIO-Curitiba-942-9628-294494-0,-1.0,-25.48766,-49.292188,,False,3,,2023-06-19T20:11:11.621192+00:00
CUR_EL308,Curitiba,4106902,0,URBS,507,https://moovitapp.com/index/pt-br/transporte_p%C3%BAblico-line-507_S%C3%8DTIO_CERCADO_HOR%C3%81RIO-Curitiba-942-9628-294494-0,-1.0,-25.523393,-49.243528,,False,3,,2023-06-19T20:11:11.621192+00:00
CUR_EL310,Curitiba,4106902,0,URBS,507,https://moovitapp.com/index/pt-br/transporte_p%C3%BAblico-line-507_S%C3%8DTIO_CERCADO_HOR%C3%81RIO-Curitiba-942-9628-294494-0,-1.0,-25.480856,-49.247718,,False,3,,2023-06-19T20:11:11.621192+00:00
CUR_GL305,Curitiba,4106902,0,URBS,507,https://moovitapp.com/index/pt-br/transporte_p%C3%BAblico-line-507_S%C3%8DTIO_CERCADO_HOR%C3%81RIO-Curitiba-942-9628-294494-0,-1.0,-25.43511,-49.262778,,False,3,,2023-06-19T20:11:11.621192+00:00
CUR_GL326,Curitiba,4106902,0,URBS,507,https://moovitapp.com/index/pt-br/transporte_p%C3%BAblico-line-507_S%C3%8DTIO_CERCADO_HOR%C3%81RIO-Curitiba-942-9628-294494-0,-1.0,-25.533808,-49.266401,,False,3,,2023-06-19T20:11:11.621192+00:00
CUR_GL310,Curitiba,4106902,0,URBS,507,https://moovitapp.com/index/pt-br/transporte_p%C3%BAblico-line-507_S%C3%8DTIO_CERCADO_HOR%C3%81RIO-Curitiba-942-9628-294494-0,-1.0,-25.516446,-49.231061,,False,3,,2023-06-19T20:11:11.621192+00:00
CUR_EL332,Curitiba,4106902,1,URBS,507,https://moovitapp.com/index/pt-br/transporte_p%C3%BAblico-line-507_S%C3%8DTIO_CERCADO_HOR%C3%81RIO-Curitiba-942-9628-294494-0,-1.0,-25.458003,-49.258836,,False,3,,2023-06-19T20:11:11.621192+00:00
CUR_JI850,Curitiba,4106902,1,,825,,,-25.467466,-49.370423,,False,7,1,2023-06-19T20:10:11.621192+00:00
CUR_GL312,Curitiba,4106902,0,URBS,508,https://moovitapp.com/index/pt-br/transporte_p%C3%BAblico-line-508_S%C3%8DTIO_CERCADO_ANTI_HOR%C3%81RIO-Curitiba-942-9628-294520-0,-1.0,-25.4452,-49.258876,,False,3,,2023-06-19T20:11:11.621192+00:00
CUR_GL328,Curitiba,4106902,1,URBS,508,https://moovitapp.com/index/pt-br/transporte_p%C3%BAblico-line-508_S%C3%8DTIO_CERCADO_ANTI_HOR%C3%81RIO-Curitiba-942-9628-294520-0,-1.0,-25.536246,-49.275306,,False,3,,2023-06-19T20:11:11.621192+00:00
CUR_GL330,Curitiba,4106902,1,URBS,508,https://moovitapp.com/index/pt-br/transporte_p%C3%BAblico-line-508_S%C3%8DTIO_CERCADO_ANTI_HOR%C3%81RIO-Curitiba-942-9628-294520-0,-1.0,-25.501583,-49.237655,,False,3,,2023-06-19T20:11:11.621192+00:00
CUR_GL306,Curitiba,4106902,0,URBS,508,https://moovitapp.com/index/pt-br/transporte_p%C3%BAblico-line-508_S%C3%8DTIO_CERCADO_ANTI_HOR%C3%81RIO-Curitiba-942-9628-294520-0,-1.0,-25.448591,-49.286173,,False,3,,2023-06-19T20:11:11.621192+00:00
CUR_GL327,Curitiba,4106902,1,URBS,508,https://moovitapp.com/index/pt-br/transporte_p%C3%BAblico-line-508_S%C3%8DTIO_CERCADO_ANTI_HOR%C3%81RIO-Curitiba-942-9628-294520-0,-1.0,-25.512248,-49.295726,,False,3,,2023-06-19T20:11:11.621192+00:00
CUR_GL320,Curitiba,4106902,0,URBS,508,https://moovitapp.com/index/pt-br/transporte_p%C3%BAblico-line-508_S%C3%8DTIO_CERCADO_ANTI_HOR%C3%81RIO-Curitiba-942-9628-294520-0,-1.0,-25.549011,-49.290738,,False,3,,2023-06-19T20:11:11.621192+00:00
CUR_GL321,Curitiba,4106902,0,URBS,508,https://moovitapp.com/index/pt-br/transporte_p%C3%BAblico-line-508_S%C3%8DTIO_CERCADO_ANTI_HOR%C3%81RIO-Curitiba-942-9628-294520-0,-1.0,-25.52242,-49.297046,,False,3,,2023-06-19T20:11:11.621192+00:00
CUR_GL307,Curitiba,4106902,0,URBS,508,https://moovitapp.com/index/pt-br/transporte_p%C3%BAblico-line-508_S%C3%8DTIO_CERCADO_ANTI_HOR%C3%81RIO-Curitiba-942-9628-294520-0,-1.0,-25.432306,-49.26561,,False,3,,2023-06-19T20:11:11.621192+00:00
CUR_GL313,Curitiba,4106902,0,URBS,508,https://moovitapp.com/index/pt-br/transporte_p%C3%BAblico-line-508_S%C3%8DTIO_CERCADO_ANTI_HOR%C3%81RIO-Curitiba-942-9628-294520-0,-1.0,-25.467803,-49.253133,,False,3,,2023-06-19T20:11:11.621192+00:00
CUR_HL322,Curitiba,4106902,0,URBS,508,https://moovitapp.com/index/pt-br/transporte_p%C3%BAblico-line-508_S%C3%8DTIO_CERCADO_ANTI_HOR%C3%81RIO-Curitiba-942-9628-294520-0,-1.0,-25.462751,-49.291311,,False,3,,2023-06-19T20:09:11.621192+00:00
CUR_GL329,Curitiba,4106902,1,URBS,508,https://moovitapp.com/index/pt-br/transporte_p%C3%BAblico-line-508_S%C3%8DTIO_CERCADO_ANTI_HOR%C3%81RIO-Curitiba-942-9628-294520-0,-1.0,-25.492373,-49.293696,,False,3,,2023-06-19T20:11:11.621192+00:00
CUR_GL081,Curitiba,4106902,0,URBS,508,https://moovitapp.com/index/pt-br/transporte_p%C3%BAblico-line-508_S%C3%8DTIO_CERCADO_ANTI_HOR%C3%81RIO-Curitiba-942-9628-294520-0,-1.0,-25.49898,-49.238633,,False,3,,2023-06-19T20:11:11.621192+00:00
CUR_EL324,Curitiba,4106902,1,URBS,508,https://moovitapp.com/index/pt-br/transporte_p%C3%BAblico-line-508_S%C3%8DTIO_CERCADO_ANTI_HOR%C3%81RIO-Curitiba-942-9628-294520-0,-1.0,-25.448313,-49.285501,,False,3,,2023-06-19T20:11:11.621192+00:00
CUR_JI858,Curitiba,4106902,1,,713,,,-25.49116,-49.328325,,False,7,2,2023-06-19T20:11:11.621192+00:00
CUR_BC028,Curitiba,4106902,1,,245,,,-25.377536,-49.262293,,False,1,2,2023-06-19T20:10:11.621192+00:00
CUR_BA033,Curitiba,4106902,1,,245,,,-25.401313,-49.258621,,False,1,2,2023-06-19T20:11:11.621192+00:00
CUR_HC006,Curitiba,4106902,1,,690,,,-25.538533,-49.308215,,False,1,1,2023-06-19T20:10:11.621192+00:00
CUR_GI054,Curitiba,4106902,1,,635,,,-25.519015,-49.295518,,False,1,2,2023-06-19T20:11:11.621192+00:00
CUR_BI870,Curitiba,4106902,1,,343,,,-25.405038,-49.209848,,False,7,1,2023-06-19T20:09:11.621192+00:00
CUR_BC324,Curitiba,4106902,1,,207,,,-25.42608,-49.273303,,False,3,2,2023-06-19T20:11:11.621192+00:00
CUR_BC027,Curitiba,4106902,1,,207,,,-25.40628,-49.252441,,False,1,2,2023-06-19T20:10:11.621192+00:00
CUR_BA031,Curitiba,4106902,1,,207,,,-25.402675,-49.27048,,False,1,2,2023-06-19T20:09:11.621192+00:00
CUR_BC310,Curitiba,4106902,1,,207,,,-25.402013,-49.26137,,False,3,2,2023-06-19T20:11:11.621192+00:00
CUR_BC309,Curitiba,4106902,1,,207,,,-25.422275,-49.269726,,False,3,1,2023-06-19T20:09:11.621192+00:00
CUR_BC311,Curitiba,4106902,1,,207,,,-25.412246,-49.279168,,False,3,2,2023-06-19T20:10:11.621192+00:00
CUR_BC308,Curitiba,4106902,1,,207,,,-25.406266,-49.252408,,False,3,1,2023-06-19T20:08:11.621192+00:00
CUR_MN611,Curitiba,4106902,1,,965,,,-25.419108,-49.293311,,False,7,2,2023-06-19T20:11:11.621192+00:00
CUR_MN605,Curitiba,4106902,1,,965,,,-25.422581,-49.291025,,False,7,1,2023-06-19T20:11:11.621192+00:00
CUR_MN603,Curitiba,4106902,1,,965,,,-25.419965,-49.294216,,False,7,1,2023-06-19T20:11:11.621192+00:00
CUR_MN609,Curitiba,4106902,1,,965,,,-25.400865,-49.330235,,False,7,2,2023-06-19T20:11:11.621192+00:00
CUR_BI850,Curitiba,4106902,1,,176,,,-25.378378,-49.28074,,False,7,2,2023-06-19T20:11:11.621192+00:00
CUR_GL304,Curitiba,4106902,0,URBS,546,https://moovitapp.com/index/pt-br/transporte_p%C3%BAblico-line-546_S%C3%8DTIO_CERCADO_BOQUEIR%C3%83O-Curitiba-942-9628-531687-0,-1.0,-25.550311,-49.290446,,False,3,2,2023-06-19T20:10:11.621192+00:00
CUR_GL300,Curitiba,4106902,0,URBS,546,https://moovitapp.com/index/pt-br/transporte_p%C3%BAblico-line-546_S%C3%8DTIO_CERCADO_BOQUEIR%C3%83O-Curitiba-942-9628-531687-0,-1.0,-25.527095,-49.2381,,False,3,2,2023-06-19T20:11:11.621192+00:00
CUR_BI031,Curitiba,4106902,1,,816,,,-25.400783,-49.330358,,False,1,2,2023-06-19T20:08:11.621192+00:00
CUR_BA037,Curitiba,4106902,1,,816,,,-25.414815,-49.32146,,False,1,1,2023-06-19T20:11:11.621192+00:00
CUR_BA010,Curitiba,4106902,1,,816,,,-25.423958,-49.321283,,False,1,1,2023-06-19T20:07:11.621192+00:00
CUR_ML301,Curitiba,4106902,0,URBS,902,https://moovitapp.com/index/pt-br/transporte_p%C3%BAblico-line-902_SANTA_FELICIDADE_PRA%C3%87A_TIRADENTES-Curitiba-942-9628-5597930-0,-1.0,-25.42838,-49.272505,,False,3,2,2023-06-19T20:10:11.621192+00:00
CUR_ML300,Curitiba,4106902,0,URBS,902,https://moovitapp.com/index/pt-br/transporte_p%C3%BAblico-line-902_SANTA_FELICIDADE_PRA%C3%87A_TIRADENTES-Curitiba-942-9628-5597930-0,-1.0,-25.428256,-49.283376,,False,3,2,2023-06-19T20:11:11.621192+00:00
CUR_ML306,Curitiba,4106902,0,URBS,902,https://moovitapp.com/index/pt-br/transporte_p%C3%BAblico-line-902_SANTA_FELICIDADE_PRA%C3%87A_TIRADENTES-Curitiba-942-9628-5597930-0,-1.0,-25.415588,-49.298548,,False,3,1,2023-06-19T20:11:11.621192+00:00
CUR_BE721,Curitiba,4106902,0,URBS,200,https://moovitapp.com/index/pt-br/transporte_p%C3%BAblico-line-200_LIGEIR%C3%83O_SANTA_C%C3%82NDIDA_PRA%C3%87A_DO_JAP%C3%83O-Curitiba-942-9628-1323763-0,-1.0,-25.407276,-49.253291,,False,5,2,2023-06-19T20:10:11.621192+00:00
CUR_GE722,Curitiba,4106902,0,URBS,200,https://moovitapp.com/index/pt-br/transporte_p%C3%BAblico-line-200_LIGEIR%C3%83O_SANTA_C%C3%82NDIDA_PRA%C3%87A_DO_JAP%C3%83O-Curitiba-942-9628-1323763-0,-1.0,-25.441803,-49.277605,,False,5,1,2023-06-19T20:11:11.621192+00:00
CUR_BE707,Curitiba,4106902,0,URBS,200,https://moovitapp.com/index/pt-br/transporte_p%C3%BAblico-line-200_LIGEIR%C3%83O_SANTA_C%C3%82NDIDA_PRA%C3%87A_DO_JAP%C3%83O-Curitiba-942-9628-1323763-0,-1.0,-25.413431,-49.259,,False,5,1,2023-06-19T20:11:11.621192+00:00
CUR_BE712,Curitiba,4106902,0,URBS,200,https://moovitapp.com/index/pt-br/transporte_p%C3%BAblico-line-200_LIGEIR%C3%83O_SANTA_C%C3%82NDIDA_PRA%C3%87A_DO_JAP%C3%83O-Curitiba-942-9628-1323763-0,-1.0,-25.380413,-49.228478,,False,5,2,2023-06-19T20:11:11.621192+00:00
CUR_HE706,Curitiba,4106902,0,URBS,200,https://moovitapp.com/index/pt-br/transporte_p%C3%BAblico-line-200_LIGEIR%C3%83O_SANTA_C%C3%82NDIDA_PRA%C3%87A_DO_JAP%C3%83O-Curitiba-942-9628-1323763-0,-1.0,-25.381038,-49.228953,,False,5,2,2023-06-19T20:10:11.621192+00:00
CUR_BE714,Curitiba,4106902,0,URBS,200,https://moovitapp.com/index/pt-br/transporte_p%C3%BAblico-line-200_LIGEIR%C3%83O_SANTA_C%C3%82NDIDA_PRA%C3%87A_DO_JAP%C3%83O-Curitiba-942-9628-1323763-0,-1.0,-25.39702,-49.213846,,False,5,2,2023-06-19T20:09:11.621192+00:00
CUR_BE706,Curitiba,4106902,0,URBS,200,https://moovitapp.com/index/pt-br/transporte_p%C3%BAblico-line-200_LIGEIR%C3%83O_SANTA_C%C3%82NDIDA_PRA%C3%87A_DO_JAP%C3%83O-Curitiba-942-9628-1323763-0,-1.0,-25.399613,-49.24612,,False,5,1,2023-06-19T20:11:11.621192+00:00
CUR_BE702,Curitiba,4106902,0,URBS,200,https://moovitapp.com/index/pt-br/transporte_p%C3%BAblico-line-200_LIGEIR%C3%83O_SANTA_C%C3%82NDIDA_PRA%C3%87A_DO_JAP%C3%83O-Curitiba-942-9628-1323763-0,-1.0,-25.394596,-49.242371,,False,5,1,2023-06-19T20:09:11.621192+00:00
CUR_BE704,Curitiba,4106902,0,URBS,200,https://moovitapp.com/index/pt-br/transporte_p%C3%BAblico-line-200_LIGEIR%C3%83O_SANTA_C%C3%82NDIDA_PRA%C3%87A_DO_JAP%C3%83O-Curitiba-942-9628-1323763-0,-1.0,-25.403876,-49.250201,,False,5,2,2023-06-19T20:11:11.621192+00:00
CUR_BE701,Curitiba,4106902,0,URBS,200,https://moovitapp.com/index/pt-br/transporte_p%C3%BAblico-line-200_LIGEIR%C3%83O_SANTA_C%C3%82NDIDA_PRA%C3%87A_DO_JAP%C3%83O-Curitiba-942-9628-1323763-0,-1.0,-25.394881,-49.242103,,False,5,2,2023-06-19T20:09:11.621192+00:00
CUR_BE723,Curitiba,4106902,0,URBS,200,https://moovitapp.com/index/pt-br/transporte_p%C3%BAblico-line-200_LIGEIR%C3%83O_SANTA_C%C3%82NDIDA_PRA%C3%87A_DO_JAP%C3%83O-Curitiba-942-9628-1323763-0,-1.0,-25.39359,-49.240576,,False,5,1,2023-06-19T20:08:11.621192+00:00
CUR_HE702,Curitiba,4106902,0,URBS,200,https://moovitapp.com/index/pt-br/transporte_p%C3%BAblico-line-200_LIGEIR%C3%83O_SANTA_C%C3%82NDIDA_PRA%C3%87A_DO_JAP%C3%83O-Curitiba-942-9628-1323763-0,-1.0,-25.444793,-49.285178,,False,5,1,2023-06-19T20:10:11.621192+00:00
CUR_HD250,Curitiba,4106902,0,URBS,200,https://moovitapp.com/index/pt-br/transporte_p%C3%BAblico-line-200_LIGEIR%C3%83O_SANTA_C%C3%82NDIDA_PRA%C3%87A_DO_JAP%C3%83O-Curitiba-942-9628-1323763-0,-1.0,-25.428613,-49.268245,,False,5,1,2023-06-19T20:10:11.621192+00:00
CUR_BD140,Curitiba,4106902,0,URBS,200,https://moovitapp.com/index/pt-br/transporte_p%C3%BAblico-line-200_LIGEIR%C3%83O_SANTA_C%C3%82NDIDA_PRA%C3%87A_DO_JAP%C3%83O-Curitiba-942-9628-1323763-0,-1.0,-25.435541,-49.265391,,False,5,1,2023-06-19T20:11:11.621192+00:00
CUR_BD139,Curitiba,4106902,0,URBS,200,https://moovitapp.com/index/pt-br/transporte_p%C3%BAblico-line-200_LIGEIR%C3%83O_SANTA_C%C3%82NDIDA_PRA%C3%87A_DO_JAP%C3%83O-Curitiba-942-9628-1323763-0,-1.0,-25.423365,-49.267758,,False,5,1,2023-06-19T20:11:11.621192+00:00
CUR_HE722,Curitiba,4106902,0,URBS,200,https://moovitapp.com/index/pt-br/transporte_p%C3%BAblico-line-200_LIGEIR%C3%83O_SANTA_C%C3%82NDIDA_PRA%C3%87A_DO_JAP%C3%83O-Curitiba-942-9628-1323763-0,-1.0,-25.429886,-49.267573,,False,5,2,2023-06-19T20:09:11.621192+00:00
CUR_GE732,Curitiba,4106902,0,URBS,200,https://moovitapp.com/index/pt-br/transporte_p%C3%BAblico-line-200_LIGEIR%C3%83O_SANTA_C%C3%82NDIDA_PRA%C3%87A_DO_JAP%C3%83O-Curitiba-942-9628-1323763-0,-1.0,-25.442086,-49.278211,,False,5,2,2023-06-19T20:11:11.621192+00:00
CUR_GI046,Curitiba,4106902,1,,637,,,-25.53071,-49.28715,,False,1,1,2023-06-19T20:11:11.621192+00:00
CUR_GA003,Curitiba,4106902,1,,637,,,-25.549956,-49.290935,,False,1,1,2023-06-19T20:10:11.621192+00:00
CUR_GA177,Curitiba,4106902,1,,637,,,-25.543061,-49.276655,,False,1,2,2023-06-19T20:11:11.621192+00:00
CUR_BI901,Curitiba,4106902,1,,361,,,-25.410541,-49.236001,,False,7,1,2023-06-19T20:11:11.621192+00:00
CUR_HI855,Curitiba,4106902,1,,814,,,-25.443238,-49.328598,,False,7,1,2023-06-19T20:08:11.621192+00:00
CUR_JA299,Curitiba,4106902,1,,814,,,-25.449251,-49.366153,,False,1,2,2023-06-19T20:09:11.621192+00:00
CUR_HC853,Curitiba,4106902,1,,814,,,-25.537133,-49.306826,,False,7,2,2023-06-19T20:05:11.621192+00:00
CUR_HN403,Curitiba,4106902,1,,814,,,-25.43035,-49.333836,,False,7,2,2023-06-19T20:11:11.621192+00:00
CUR_BI874,Curitiba,4106902,1,,274,,,-25.406813,-49.25679,,False,7,1,2023-06-19T20:09:11.621192+00:00
CUR_BI888,Curitiba,4106902,1,,274,,,-25.393171,-49.26011,,False,7,2,2023-06-19T20:09:11.621192+00:00
CUR_DN603,Curitiba,4106902,1,,464,,,-25.46912,-49.254906,,False,7,2,2023-06-19T20:11:11.621192+00:00
CUR_HI003,Curitiba,4106902,1,,801,,,-25.440233,-49.281981,,False,1,2,2023-06-19T20:11:11.621192+00:00
CUR_HC008,Curitiba,4106902,1,,801,,,-25.439461,-49.300451,,False,1,1,2023-06-19T20:10:11.621192+00:00
CUR_HC502,Curitiba,4106902,1,,801,,,-25.53835,-49.307778,,False,2,2,2023-06-19T20:10:11.621192+00:00
CUR_HC500,Curitiba,4106902,1,,801,,,-25.43509,-49.275328,,False,2,1,2023-06-19T20:10:11.621192+00:00
CUR_JC318,Curitiba,4106902,1,,801,,,-25.437101,-49.303486,,False,10,1,2023-06-19T20:11:11.621192+00:00
CUR_BI886,Curitiba,4106902,1,,224,,,-25.393325,-49.240833,,False,7,,2023-06-19T20:10:11.621192+00:00
CUR_JA023,Curitiba,4106902,1,,732,,,-25.451398,-49.358601,,False,1,1,2023-06-19T20:11:11.621192+00:00
CUR_JB302,Curitiba,4106902,1,,720,,,-25.46066,-49.344975,,False,10,2,2023-06-19T20:11:11.621192+00:00
CUR_JB301,Curitiba,4106902,1,,720,,,-25.448836,-49.351225,,False,3,1,2023-06-19T20:11:11.621192+00:00
CUR_JI863,Curitiba,4106902,1,,779,,,-25.459728,-49.301901,,False,7,2,2023-06-19T20:11:11.621192+00:00
CUR_HL307,Curitiba,4106902,0,URBS,X32,https://moovitapp.com/index/pt-br/transporte_p%C3%BAblico-line-X32_CIC_CAP%C3%83O_RASO-Curitiba-942-9628-557282-0,-1.0,-25.491488,-49.29336,,False,3,2,2023-06-19T20:10:11.621192+00:00
CUR_MI852,Curitiba,4106902,1,Auto Viação São José,150,https://moovitapp.com/index/pt-br/transporte_p%C3%BAblico-line-150_T_AFONSO_PENA_PIT_BORDA_DO_CAMPO-Curitiba-942-857412-53904521-0,-1.0,-25.429866,-49.273621,,False,7,2,2023-06-19T20:11:11.621192+00:00
CUR_GA001,Curitiba,4106902,1,,614,,,-25.471761,-49.285753,,False,1,2,2023-06-19T20:11:11.621192+00:00
CUR_GI301,Curitiba,4106902,1,,614,,,-25.548401,-49.291685,,False,3,2,2023-06-19T20:11:11.621192+00:00
CUR_GA002,Curitiba,4106902,1,,614,,,-25.494325,-49.335003,,False,1,1,2023-06-19T20:11:11.621192+00:00
CUR_HI035,Curitiba,4106902,1,,614,,,-25.484056,-49.265958,,False,1,2,2023-06-19T20:09:11.621192+00:00
CUR_BI881,Curitiba,4106902,1,,385,,,-25.435718,-49.253086,,False,7,2,2023-06-19T20:10:11.621192+00:00
CUR_GI853,Curitiba,4106902,1,,666,,,-25.471858,-49.277331,,False,7,1,2023-06-19T20:11:11.621192+00:00
CUR_HB695,Curitiba,4106902,1,,027,,,-25.43525,-49.306805,,False,4,1,2023-06-19T20:11:11.621192+00:00
CUR_KB699,Curitiba,4106902,0,,027,,,-25.457446,-49.303146,,False,4,2,2023-06-19T20:11:11.621192+00:00
CUR_KB697,Curitiba,4106902,0,,027,,,-25.441026,-49.308573,,False,4,2,2023-06-19T20:11:11.621192+00:00
CUR_DC853,Curitiba,4106902,1,,331,,,-25.469163,-49.208263,,False,7,,2023-06-19T20:11:11.621192+00:00
CUR_BI896,Curitiba,4106902,1,,875,,,-25.42489,-49.299548,,False,7,1,2023-06-19T20:09:11.621192+00:00
CUR_GL080,Curitiba,4106902,0,URBS,520,https://moovitapp.com/index/pt-br/transporte_p%C3%BAblico-line-520_OSTERNACK_S%C3%8DTIO_CERCADO_LD-Curitiba-942-9628-82134294-0,-1.0,-25.54996,-49.29166,,False,3,1,2023-06-19T20:11:11.621192+00:00
CUR_BC011,Curitiba,4106902,1,,829,,,-25.442226,-49.352931,,False,1,,2023-06-19T20:10:11.621192+00:00
CUR_BC010,Curitiba,4106902,1,,829,,,-25.414905,-49.280993,,False,1,,2023-06-19T20:09:11.621192+00:00
CUR_BA021,Curitiba,4106902,1,,829,,,-25.441538,-49.369023,,False,1,1,2023-06-19T20:09:11.621192+00:00
CUR_BA016,Curitiba,4106902,1,,829,,,-25.450476,-49.354406,,False,1,,2023-06-19T20:10:11.621192+00:00
CUR_JL308,Curitiba,4106902,0,URBS,X36,https://moovitapp.com/index/pt-br/transporte_p%C3%BAblico-line-X36_REFOR%C3%87O_GUADALUPE_FAZENDINHA-Curitiba-942-9628-11745709-0,-1.0,-25.431971,-49.26531,,False,3,2,2023-06-19T20:11:11.621192+00:00
CUR_JL312,Curitiba,4106902,0,URBS,X36,https://moovitapp.com/index/pt-br/transporte_p%C3%BAblico-line-X36_REFOR%C3%87O_GUADALUPE_FAZENDINHA-Curitiba-942-9628-11745709-0,-1.0,-25.47773,-49.32597,,False,3,1,2023-06-19T20:11:11.621192+00:00
CUR_JL301,Curitiba,4106902,0,URBS,X36,https://moovitapp.com/index/pt-br/transporte_p%C3%BAblico-line-X36_REFOR%C3%87O_GUADALUPE_FAZENDINHA-Curitiba-942-9628-11745709-0,-1.0,-25.456816,-49.302821,,False,3,1,2023-06-19T20:10:11.621192+00:00
CUR_JL316,Curitiba,4106902,0,URBS,X36,https://moovitapp.com/index/pt-br/transporte_p%C3%BAblico-line-X36_REFOR%C3%87O_GUADALUPE_FAZENDINHA-Curitiba-942-9628-11745709-0,-1.0,-25.448613,-49.366023,,False,3,1,2023-06-19T20:08:11.621192+00:00
CUR_JL309,Curitiba,4106902,0,URBS,X36,https://moovitapp.com/index/pt-br/transporte_p%C3%BAblico-line-X36_REFOR%C3%87O_GUADALUPE_FAZENDINHA-Curitiba-942-9628-11745709-0,-1.0,-25.451181,-49.293278,,False,3,2,2023-06-19T20:11:11.621192+00:00
CUR_DE695,Curitiba,4106902,0,URBS,302,https://moovitapp.com/index/pt-br/transporte_p%C3%BAblico-line-302_CENTEN%C3%81RIO_RUI_BARBOSA-Curitiba-942-9628-294501-0,-1.0,-25.435695,-49.249378,,False,4,2,2023-06-19T20:11:11.621192+00:00
CUR_DE701,Curitiba,4106902,0,URBS,302,https://moovitapp.com/index/pt-br/transporte_p%C3%BAblico-line-302_CENTEN%C3%81RIO_RUI_BARBOSA-Curitiba-942-9628-294501-0,-1.0,-25.468013,-49.255066,,False,5,1,2023-06-19T20:11:11.621192+00:00
CUR_DE696,Curitiba,4106902,0,URBS,302,https://moovitapp.com/index/pt-br/transporte_p%C3%BAblico-line-302_CENTEN%C3%81RIO_RUI_BARBOSA-Curitiba-942-9628-294501-0,-1.0,-25.467996,-49.255816,,False,4,1,2023-06-19T20:11:11.621192+00:00
CUR_DE699,Curitiba,4106902,0,URBS,302,https://moovitapp.com/index/pt-br/transporte_p%C3%BAblico-line-302_CENTEN%C3%81RIO_RUI_BARBOSA-Curitiba-942-9628-294501-0,-1.0,-25.451465,-49.215141,,False,4,1,2023-06-19T20:11:11.621192+00:00
CUR_JA029,Curitiba,4106902,1,,831,,,-25.492656,-49.293353,,False,1,2,2023-06-19T20:11:11.621192+00:00
CUR_JA020,Curitiba,4106902,1,,831,,,-25.477058,-49.328128,,False,1,2,2023-06-19T20:11:11.621192+00:00
CUR_BC850,Curitiba,4106902,1,,164,,,-25.416496,-49.279331,,False,7,1,2023-06-19T20:09:11.621192+00:00
CUR_DL308,Curitiba,4106902,0,URBS,305,https://moovitapp.com/index/pt-br/transporte_p%C3%BAblico-line-305_CENTEN%C3%81RIO-Curitiba-942-9628-294271-0,-1.0,-25.44365,-49.234976,,False,3,1,2023-06-19T20:11:11.621192+00:00
CUR_DL312,Curitiba,4106902,0,URBS,305,https://moovitapp.com/index/pt-br/transporte_p%C3%BAblico-line-305_CENTEN%C3%81RIO-Curitiba-942-9628-294271-0,-1.0,-25.467568,-49.254975,,False,3,1,2023-06-19T20:11:11.621192+00:00
CUR_DL306,Curitiba,4106902,0,URBS,305,https://moovitapp.com/index/pt-br/transporte_p%C3%BAblico-line-305_CENTEN%C3%81RIO-Curitiba-942-9628-294271-0,-1.0,-25.428108,-49.258926,,False,3,2,2023-06-19T20:11:11.621192+00:00
CUR_DL305,Curitiba,4106902,0,URBS,305,https://moovitapp.com/index/pt-br/transporte_p%C3%BAblico-line-305_CENTEN%C3%81RIO-Curitiba-942-9628-294271-0,-1.0,-25.465523,-49.216841,,False,3,2,2023-06-19T20:10:11.621192+00:00
CUR_JL318,Curitiba,4106902,0,URBS,024,https://moovitapp.com/index/pt-br/transporte_p%C3%BAblico-line-024_CAP%C3%83O_RASO_CAMPINA_DO_SIQUEIRA-Curitiba-942-9628-1323693-0,-1.0,-25.461256,-49.29459,,False,3,1,2023-06-19T20:11:11.621192+00:00
CUR_HL311,Curitiba,4106902,0,URBS,024,https://moovitapp.com/index/pt-br/transporte_p%C3%BAblico-line-024_CAP%C3%83O_RASO_CAMPINA_DO_SIQUEIRA-Curitiba-942-9628-1323693-0,-1.0,-25.476691,-49.292743,,False,3,2,2023-06-19T20:10:11.621192+00:00
CUR_HL317,Curitiba,4106902,0,URBS,024,https://moovitapp.com/index/pt-br/transporte_p%C3%BAblico-line-024_CAP%C3%83O_RASO_CAMPINA_DO_SIQUEIRA-Curitiba-942-9628-1323693-0,-1.0,-25.436255,-49.307446,,False,3,2,2023-06-19T20:10:11.621192+00:00
CUR_GL311,Curitiba,4106902,0,URBS,024,https://moovitapp.com/index/pt-br/transporte_p%C3%BAblico-line-024_CAP%C3%83O_RASO_CAMPINA_DO_SIQUEIRA-Curitiba-942-9628-1323693-0,-1.0,-25.459263,-49.3025,,False,3,2,2023-06-19T20:11:11.621192+00:00
CUR_JL305,Curitiba,4106902,0,URBS,024,https://moovitapp.com/index/pt-br/transporte_p%C3%BAblico-line-024_CAP%C3%83O_RASO_CAMPINA_DO_SIQUEIRA-Curitiba-942-9628-1323693-0,-1.0,-25.435706,-49.307525,,False,3,2,2023-06-19T20:11:11.621192+00:00
CUR_HR045,Curitiba,4106902,0,URBS,X11,https://moovitapp.com/index/pt-br/transporte_p%C3%BAblico-line-X11_S%C3%8DTIO_CERCADO_CAP%C3%83O_RASO-Curitiba-942-9628-531688-0,-1.0,-25.538405,-49.307116,,False,4,1,2023-06-19T20:10:11.621192+00:00
CUR_HE605,Curitiba,4106902,0,URBS,X11,https://moovitapp.com/index/pt-br/transporte_p%C3%BAblico-line-X11_S%C3%8DTIO_CERCADO_CAP%C3%83O_RASO-Curitiba-942-9628-531688-0,-1.0,-25.53835,-49.307178,,False,4,1,2023-06-19T20:10:11.621192+00:00
CUR_DL040,Curitiba,4106902,0,URBS,469,https://moovitapp.com/index/pt-br/transporte_p%C3%BAblico-line-469_CENTRO_POLIT%C3%89CNICO-Curitiba-942-9628-294421-0,-1.0,-25.468238,-49.254718,,False,3,1,2023-06-19T20:11:11.621192+00:00
CUR_DL315,Curitiba,4106902,0,URBS,469,https://moovitapp.com/index/pt-br/transporte_p%C3%BAblico-line-469_CENTRO_POLIT%C3%89CNICO-Curitiba-942-9628-294421-0,-1.0,-25.444011,-49.243608,,False,3,1,2023-06-19T20:11:11.621192+00:00
CUR_BL316,Curitiba,4106902,0,URBS,518,https://moovitapp.com/index/pt-br/transporte_p%C3%BAblico-line-518_PUC_RODOFERROVI%C3%81RIA-Curitiba-942-9628-743528-0,-1.0,-25.435345,-49.260968,,False,3,2,2023-06-19T20:11:11.621192+00:00
CUR_HE604,Curitiba,4106902,0,URBS,X20,https://moovitapp.com/index/pt-br/transporte_p%C3%BAblico-line-X20_PORT%C3%83O_S%C3%8DTIO_CERCADO-Curitiba-942-9628-531683-0,-1.0,-25.474286,-49.293031,,False,4,1,2023-06-19T20:10:11.621192+00:00
CUR_HE600,Curitiba,4106902,0,URBS,X20,https://moovitapp.com/index/pt-br/transporte_p%C3%BAblico-line-X20_PORT%C3%83O_S%C3%8DTIO_CERCADO-Curitiba-942-9628-531683-0,-1.0,-25.536658,-49.278181,,False,4,2,2023-06-19T20:10:11.621192+00:00
CUR_HE602,Curitiba,4106902,0,URBS,X20,https://moovitapp.com/index/pt-br/transporte_p%C3%BAblico-line-X20_PORT%C3%83O_S%C3%8DTIO_CERCADO-Curitiba-942-9628-531683-0,-1.0,-25.534896,-49.27065,,False,4,1,2023-06-19T20:11:11.621192+00:00
CUR_HE610,Curitiba,4106902,0,URBS,X20,https://moovitapp.com/index/pt-br/transporte_p%C3%BAblico-line-X20_PORT%C3%83O_S%C3%8DTIO_CERCADO-Curitiba-942-9628-531683-0,-1.0,-25.514961,-49.295621,,False,4,1,2023-06-19T20:11:11.621192+00:00
CUR_GE729,Curitiba,4106902,0,URBS,X08,https://moovitapp.com/index/pt-br/transporte_p%C3%BAblico-line-X08_REFOR%C3%87O_PINHEIRINHO-Curitiba-942-9628-78902615-0,-1.0,-25.50103,-49.296048,,False,5,2,2023-06-19T20:11:11.621192+00:00
CUR_HD244,Curitiba,4106902,0,URBS,X08,https://moovitapp.com/index/pt-br/transporte_p%C3%BAblico-line-X08_REFOR%C3%87O_PINHEIRINHO-Curitiba-942-9628-78902615-0,-1.0,-25.502553,-49.294665,,False,5,2,2023-06-19T20:10:11.621192+00:00
CUR_GE730,Curitiba,4106902,0,URBS,X08,https://moovitapp.com/index/pt-br/transporte_p%C3%BAblico-line-X08_REFOR%C3%87O_PINHEIRINHO-Curitiba-942-9628-78902615-0,-1.0,-25.487006,-49.294403,,False,5,1,2023-06-19T20:11:11.621192+00:00
CUR_HE709,Curitiba,4106902,0,URBS,X08,https://moovitapp.com/index/pt-br/transporte_p%C3%BAblico-line-X08_REFOR%C3%87O_PINHEIRINHO-Curitiba-942-9628-78902615-0,-1.0,-25.49152,-49.293803,,False,5,1,2023-06-19T20:10:11.621192+00:00
CUR_HE721,Curitiba,4106902,0,URBS,X08,https://moovitapp.com/index/pt-br/transporte_p%C3%BAblico-line-X08_REFOR%C3%87O_PINHEIRINHO-Curitiba-942-9628-78902615-0,-1.0,-25.457356,-49.28858,,False,5,1,2023-06-19T20:10:11.621192+00:00
CUR_GD346,Curitiba,4106902,0,URBS,X08,https://moovitapp.com/index/pt-br/transporte_p%C3%BAblico-line-X08_REFOR%C3%87O_PINHEIRINHO-Curitiba-942-9628-78902615-0,-1.0,-25.449036,-49.287881,,False,5,1,2023-06-19T20:11:11.621192+00:00
CUR_HD252,Curitiba,4106902,0,URBS,X08,https://moovitapp.com/index/pt-br/transporte_p%C3%BAblico-line-X08_REFOR%C3%87O_PINHEIRINHO-Curitiba-942-9628-78902615-0,-1.0,-25.457033,-49.288578,,False,5,1,2023-06-19T20:10:11.621192+00:00
CUR_HA288,Curitiba,4106902,1,,620,,,-25.497711,-49.31805,,False,1,1,2023-06-19T20:10:11.621192+00:00
