bus_id,city,city_code,adapted,agency,line_code,line_url,line_fare,latitude,longitude,bus_speed,is_eletric,bus_type,bus_direction,updated_at
CUR_HA603,Curitiba,4106902,1,,685,,,-25.584941,-49.337825,,False,4,1,2023-06-14T17:46:51.580738+00:00
CUR_HI605,Curitiba,4106902,1,,685,,,-25.530845,-49.323791,,False,4,1,2023-06-14T17:45:51.580738+00:00
CUR_HI610,Curitiba,4106902,1,,685,,,-25.531345,-49.322505,,False,4,1,2023-06-14T17:46:51.580738+00:00
CUR_DN400,Curitiba,4106902,1,,516,,,-25.481096,-49.247115,,False,7,1,2023-06-14T17:43:51.580738+00:00
CUR_BI882,Curitiba,4106902,1,Auto Viação São José,213,https://moovitapp.com/index/pt-br/transporte_p%C3%BAblico-line-213_PIT_PRA%C3%87A_DA_JUVENTUDE_CRISTAL_BLANCO_POMBO_HOR%C3%81RIO-Curitiba-942-857412-119631272-0,-1.0,-25.40677,-49.24819,,False,7,1,2023-06-14T17:46:51.580738+00:00
CUR_BI865,Curitiba,4106902,1,,272,,,-25.400465,-49.25821,,False,7,2,2023-06-14T17:46:51.580738+00:00
CUR_BI893,Curitiba,4106902,1,,272,,,-25.413973,-49.26068,,False,7,1,2023-06-14T17:46:51.580738+00:00
CUR_JI001,Curitiba,4106902,1,,712,,,-25.510315,-49.334495,,False,1,2,2023-06-14T17:46:51.580738+00:00
CUR_HI012,Curitiba,4106902,1,,712,,,-25.493981,-49.335356,,False,1,1,2023-06-14T17:46:51.580738+00:00
CUR_MC079,Curitiba,4106902,1,,972,,,-25.419031,-49.293323,,False,1,1,2023-06-14T17:44:51.580738+00:00
CUR_MC306,Curitiba,4106902,1,,972,,,-25.406013,-49.313505,,False,3,2,2023-06-14T17:46:51.580738+00:00
CUR_GI046,Curitiba,4106902,1,,637,,,-25.541553,-49.272713,,False,1,2,2023-06-14T17:46:51.580738+00:00
CUR_BB614,Curitiba,4106902,1,,021,,,-25.389008,-49.264025,,False,4,,2023-06-14T17:46:51.580738+00:00
CUR_EB605,Curitiba,4106902,1,,021,,,-25.495955,-49.280685,,False,4,,2023-06-14T17:43:51.580738+00:00
CUR_EB603,Curitiba,4106902,1,,021,,,-25.457716,-49.232018,,False,4,,2023-06-14T17:46:51.580738+00:00
CUR_GR126,Curitiba,4106902,1,,021,,,-25.424491,-49.295616,,False,4,,2023-06-14T17:46:51.580738+00:00
CUR_CB604,Curitiba,4106902,1,,021,,,-25.427245,-49.241668,,False,4,,2023-06-14T17:46:51.580738+00:00
CUR_BB600,Curitiba,4106902,1,,021,,,-25.47206,-49.297918,,False,4,,2023-06-14T17:46:51.580738+00:00
CUR_JI020,Curitiba,4106902,1,,828,,,-25.462503,-49.328968,,False,1,1,2023-06-14T17:46:51.580738+00:00
CUR_JA031,Curitiba,4106902,1,,828,,,-25.4488,-49.344481,,False,1,2,2023-06-14T17:46:51.580738+00:00
CUR_HA196,Curitiba,4106902,1,,828,,,-25.482911,-49.322678,,False,1,2,2023-06-14T17:46:51.580738+00:00
CUR_GC005,Curitiba,4106902,1,,542,,,-25.551355,-49.26692,,False,1,,2023-06-14T17:46:51.580738+00:00
CUR_GI032,Curitiba,4106902,1,,542,,,-25.534995,-49.27115,,False,1,,2023-06-14T17:46:51.580738+00:00
CUR_MN609,Curitiba,4106902,1,,967,,,-25.426381,-49.279455,,False,7,2,2023-06-14T17:46:51.580738+00:00
CUR_MI853,Curitiba,4106902,1,,967,,,-25.404841,-49.302998,,False,7,1,2023-06-14T17:46:51.580738+00:00
CUR_HI023,Curitiba,4106902,1,,619,,,-25.559168,-49.33453,,False,1,2,2023-06-14T17:46:51.580738+00:00
CUR_HI608,Curitiba,4106902,1,,619,,,-25.51168,-49.324995,,False,4,2,2023-06-14T17:46:51.580738+00:00
CUR_HI850,Curitiba,4106902,1,,265,,,-25.438591,-49.268211,,False,7,1,2023-06-14T17:45:51.580738+00:00
CUR_HI026,Curitiba,4106902,1,,680,,,-25.575765,-49.317836,,False,1,1,2023-06-14T17:44:51.580738+00:00
CUR_HI018,Curitiba,4106902,1,,680,,,-25.55824,-49.306883,,False,1,2,2023-06-14T17:43:51.580738+00:00
CUR_EB608,Curitiba,4106902,1,,050,,,-25.475648,-49.29337,,False,4,1,2023-06-14T17:46:51.580738+00:00
CUR_JB606,Curitiba,4106902,1,,050,,,-25.454953,-49.234056,,False,4,2,2023-06-14T17:46:51.580738+00:00
CUR_GB611,Curitiba,4106902,1,,050,,,-25.477891,-49.295425,,False,4,2,2023-06-14T17:46:51.580738+00:00
CUR_JB611,Curitiba,4106902,1,,050,,,-25.455158,-49.217586,,False,4,1,2023-06-14T17:46:51.580738+00:00
CUR_GB608,Curitiba,4106902,1,,050,,,-25.476426,-49.292285,,False,4,2,2023-06-14T17:46:51.580738+00:00
CUR_JB604,Curitiba,4106902,1,,050,,,-25.459543,-49.249553,,False,4,1,2023-06-14T17:46:51.580738+00:00
CUR_HA600,Curitiba,4106902,1,,650,,,-25.560913,-49.330101,,False,4,1,2023-06-14T17:46:51.580738+00:00
CUR_HA609,Curitiba,4106902,1,,650,,,-25.512618,-49.295215,,False,4,1,2023-06-14T17:46:51.580738+00:00
CUR_HI005,Curitiba,4106902,1,,650,,,-25.574731,-49.331941,,False,1,2,2023-06-14T17:46:51.580738+00:00
CUR_HI033,Curitiba,4106902,1,,650,,,-25.519458,-49.29444,,False,1,1,2023-06-14T17:46:51.580738+00:00
CUR_BL311,Curitiba,4106902,0,URBS,700,https://moovitapp.com/index/pt-br/transporte_p%C3%BAblico-line-700_PINHEIRINHO_CABRAL-Curitiba-942-9628-757429-0,-1.0,-25.501948,-49.297468,,False,3,2,2023-06-14T17:46:51.580738+00:00
CUR_BL306,Curitiba,4106902,0,URBS,700,https://moovitapp.com/index/pt-br/transporte_p%C3%BAblico-line-700_PINHEIRINHO_CABRAL-Curitiba-942-9628-757429-0,-1.0,-25.41394,-49.259571,,False,3,1,2023-06-14T17:46:51.580738+00:00
CUR_BL313,Curitiba,4106902,0,URBS,700,https://moovitapp.com/index/pt-br/transporte_p%C3%BAblico-line-700_PINHEIRINHO_CABRAL-Curitiba-942-9628-757429-0,-1.0,-25.476373,-49.292156,,False,3,1,2023-06-14T17:46:51.580738+00:00
CUR_HL498,Curitiba,4106902,1,URBS,700,https://moovitapp.com/index/pt-br/transporte_p%C3%BAblico-line-700_PINHEIRINHO_CABRAL-Curitiba-942-9628-757429-0,-1.0,-25.417671,-49.268085,,False,3,2,2023-06-14T17:46:51.580738+00:00
CUR_HL495,Curitiba,4106902,1,URBS,700,https://moovitapp.com/index/pt-br/transporte_p%C3%BAblico-line-700_PINHEIRINHO_CABRAL-Curitiba-942-9628-757429-0,-1.0,-25.443601,-49.268488,,False,3,1,2023-06-14T17:46:51.580738+00:00
CUR_BL314,Curitiba,4106902,0,URBS,700,https://moovitapp.com/index/pt-br/transporte_p%C3%BAblico-line-700_PINHEIRINHO_CABRAL-Curitiba-942-9628-757429-0,-1.0,-25.438,-49.262831,,False,3,2,2023-06-14T17:40:51.580738+00:00
CUR_HI043,Curitiba,4106902,1,,630,,,-25.54389,-49.332541,,False,1,2,2023-06-14T17:46:51.580738+00:00
CUR_HI027,Curitiba,4106902,1,,630,,,-25.512705,-49.29512,,False,1,1,2023-06-14T17:46:51.580738+00:00
CUR_JL322,Curitiba,4106902,1,URBS,702,https://moovitapp.com/index/pt-br/transporte_p%C3%BAblico-line-702_CAIU%C3%81_CACHOEIRA-Curitiba-942-9628-133282980-0,-1.0,-25.42733,-49.268493,,False,3,1,2023-06-14T17:46:51.580738+00:00
CUR_JL300,Curitiba,4106902,0,URBS,702,https://moovitapp.com/index/pt-br/transporte_p%C3%BAblico-line-702_CAIU%C3%81_CACHOEIRA-Curitiba-942-9628-133282980-0,-1.0,-25.443545,-49.2683,,False,3,1,2023-06-14T17:46:51.580738+00:00
CUR_JL302,Curitiba,4106902,0,URBS,702,https://moovitapp.com/index/pt-br/transporte_p%C3%BAblico-line-702_CAIU%C3%81_CACHOEIRA-Curitiba-942-9628-133282980-0,-1.0,-25.46284,-49.305118,,False,3,1,2023-06-14T17:46:51.580738+00:00
CUR_JL303,Curitiba,4106902,0,URBS,702,https://moovitapp.com/index/pt-br/transporte_p%C3%BAblico-line-702_CAIU%C3%81_CACHOEIRA-Curitiba-942-9628-133282980-0,-1.0,-25.477711,-49.339153,,False,3,2,2023-06-14T17:46:51.580738+00:00
CUR_DA011,Curitiba,4106902,1,,322,,,-25.461706,-49.204268,,False,1,1,2023-06-14T17:46:51.580738+00:00
CUR_MA003,Curitiba,4106902,1,,917,,,-25.400728,-49.330471,,False,1,1,2023-06-14T17:46:51.580738+00:00
CUR_JI604,Curitiba,4106902,1,,703,,,-25.466876,-49.316396,,False,4,2,2023-06-14T17:46:51.580738+00:00
CUR_JC305,Curitiba,4106902,1,,703,,,-25.454403,-49.301861,,False,3,2,2023-06-14T17:46:51.580738+00:00
CUR_JI603,Curitiba,4106902,1,,703,,,-25.43745,-49.272948,,False,4,1,2023-06-14T17:46:51.580738+00:00
CUR_JC314,Curitiba,4106902,1,,703,,,-25.45382,-49.294958,,False,3,1,2023-06-14T17:46:51.580738+00:00
CUR_JC308,Curitiba,4106902,1,,703,,,-25.478435,-49.32629,,False,3,1,2023-06-14T17:46:51.580738+00:00
CUR_BE714,Curitiba,4106902,0,URBS,203,https://moovitapp.com/index/pt-br/transporte_p%C3%BAblico-line-203_SANTA_C%C3%82NDIDA_CAP%C3%83O_RASO-Curitiba-942-9628-1323737-0,-1.0,-25.393911,-49.240963,,False,5,2,2023-06-14T17:46:51.580738+00:00
CUR_BE716,Curitiba,4106902,0,URBS,203,https://moovitapp.com/index/pt-br/transporte_p%C3%BAblico-line-203_SANTA_C%C3%82NDIDA_CAP%C3%83O_RASO-Curitiba-942-9628-1323737-0,-1.0,-25.43849,-49.268891,,False,5,1,2023-06-14T17:46:51.580738+00:00
CUR_BE715,Curitiba,4106902,0,URBS,203,https://moovitapp.com/index/pt-br/transporte_p%C3%BAblico-line-203_SANTA_C%C3%82NDIDA_CAP%C3%83O_RASO-Curitiba-942-9628-1323737-0,-1.0,-25.481861,-49.29267,,False,5,1,2023-06-14T17:46:51.580738+00:00
CUR_GE736,Curitiba,4106902,0,URBS,203,https://moovitapp.com/index/pt-br/transporte_p%C3%BAblico-line-203_SANTA_C%C3%82NDIDA_CAP%C3%83O_RASO-Curitiba-942-9628-1323737-0,-1.0,-25.393496,-49.240495,,False,5,1,2023-06-14T17:46:51.580738+00:00
CUR_GE726,Curitiba,4106902,0,URBS,203,https://moovitapp.com/index/pt-br/transporte_p%C3%BAblico-line-203_SANTA_C%C3%82NDIDA_CAP%C3%83O_RASO-Curitiba-942-9628-1323737-0,-1.0,-25.406718,-49.252963,,False,5,1,2023-06-14T17:46:51.580738+00:00
CUR_BE702,Curitiba,4106902,0,URBS,203,https://moovitapp.com/index/pt-br/transporte_p%C3%BAblico-line-203_SANTA_C%C3%82NDIDA_CAP%C3%83O_RASO-Curitiba-942-9628-1323737-0,-1.0,-25.468338,-49.293851,,False,5,2,2023-06-14T17:46:51.580738+00:00
CUR_GE704,Curitiba,4106902,0,URBS,203,https://moovitapp.com/index/pt-br/transporte_p%C3%BAblico-line-203_SANTA_C%C3%82NDIDA_CAP%C3%83O_RASO-Curitiba-942-9628-1323737-0,-1.0,-25.419173,-49.264395,,False,5,1,2023-06-14T17:46:51.580738+00:00
CUR_BE727,Curitiba,4106902,0,URBS,203,https://moovitapp.com/index/pt-br/transporte_p%C3%BAblico-line-203_SANTA_C%C3%82NDIDA_CAP%C3%83O_RASO-Curitiba-942-9628-1323737-0,-1.0,-25.442201,-49.278571,,False,5,2,2023-06-14T17:46:51.580738+00:00
CUR_BE719,Curitiba,4106902,0,URBS,203,https://moovitapp.com/index/pt-br/transporte_p%C3%BAblico-line-203_SANTA_C%C3%82NDIDA_CAP%C3%83O_RASO-Curitiba-942-9628-1323737-0,-1.0,-25.46492,-49.291351,,False,5,2,2023-06-14T17:46:51.580738+00:00
CUR_BE706,Curitiba,4106902,0,URBS,203,https://moovitapp.com/index/pt-br/transporte_p%C3%BAblico-line-203_SANTA_C%C3%82NDIDA_CAP%C3%83O_RASO-Curitiba-942-9628-1323737-0,-1.0,-25.433256,-49.266455,,False,5,2,2023-06-14T17:46:51.580738+00:00
CUR_BE707,Curitiba,4106902,0,URBS,203,https://moovitapp.com/index/pt-br/transporte_p%C3%BAblico-line-203_SANTA_C%C3%82NDIDA_CAP%C3%83O_RASO-Curitiba-942-9628-1323737-0,-1.0,-25.462615,-49.290311,,False,5,1,2023-06-14T17:46:51.580738+00:00
CUR_GD341,Curitiba,4106902,0,URBS,203,https://moovitapp.com/index/pt-br/transporte_p%C3%BAblico-line-203_SANTA_C%C3%82NDIDA_CAP%C3%83O_RASO-Curitiba-942-9628-1323737-0,-1.0,-25.439536,-49.271625,,False,5,2,2023-06-14T17:46:51.580738+00:00
CUR_HE714,Curitiba,4106902,0,URBS,203,https://moovitapp.com/index/pt-br/transporte_p%C3%BAblico-line-203_SANTA_C%C3%82NDIDA_CAP%C3%83O_RASO-Curitiba-942-9628-1323737-0,-1.0,-25.377306,-49.223463,,False,5,1,2023-06-14T17:46:51.580738+00:00
CUR_BE728,Curitiba,4106902,0,URBS,203,https://moovitapp.com/index/pt-br/transporte_p%C3%BAblico-line-203_SANTA_C%C3%82NDIDA_CAP%C3%83O_RASO-Curitiba-942-9628-1323737-0,-1.0,-25.410223,-49.256026,,False,5,2,2023-06-14T17:46:51.580738+00:00
CUR_BE712,Curitiba,4106902,0,URBS,203,https://moovitapp.com/index/pt-br/transporte_p%C3%BAblico-line-203_SANTA_C%C3%82NDIDA_CAP%C3%83O_RASO-Curitiba-942-9628-1323737-0,-1.0,-25.447266,-49.287705,,False,5,1,2023-06-14T17:46:51.580738+00:00
CUR_GI859,Curitiba,4106902,1,,662,,,-25.476141,-49.279866,,False,7,2,2023-06-14T17:46:51.580738+00:00
CUR_DL301,Curitiba,4106902,0,URBS,305,https://moovitapp.com/index/pt-br/transporte_p%C3%BAblico-line-305_CENTEN%C3%81RIO-Curitiba-942-9628-294271-0,-1.0,-25.428163,-49.258456,,False,3,2,2023-06-14T17:46:51.580738+00:00
CUR_DL307,Curitiba,4106902,0,URBS,305,https://moovitapp.com/index/pt-br/transporte_p%C3%BAblico-line-305_CENTEN%C3%81RIO-Curitiba-942-9628-294271-0,-1.0,-25.465478,-49.215985,,False,3,1,2023-06-14T17:46:51.580738+00:00
CUR_MA011,Curitiba,4106902,1,,924,,,-25.389821,-49.283836,,False,1,2,2023-06-14T17:46:51.580738+00:00
CUR_MI004,Curitiba,4106902,1,,924,,,-25.377281,-49.224198,,False,1,1,2023-06-14T17:46:51.580738+00:00
CUR_MI003,Curitiba,4106902,1,,924,,,-25.398701,-49.324521,,False,1,2,2023-06-14T17:46:51.580738+00:00
CUR_BI010,Curitiba,4106902,1,,924,,,-25.37574,-49.310538,,False,1,1,2023-06-14T17:38:51.580738+00:00
CUR_EI018,Curitiba,4106902,1,,663,,,-25.474961,-49.289126,,False,1,2,2023-06-14T17:46:51.580738+00:00
CUR_EA025,Curitiba,4106902,1,,663,,,-25.467666,-49.280886,,False,1,1,2023-06-14T17:46:51.580738+00:00
CUR_BI030,Curitiba,4106902,1,,812,,,-25.418348,-49.340378,,False,1,1,2023-06-14T17:46:51.580738+00:00
CUR_BI026,Curitiba,4106902,1,,812,,,-25.420538,-49.336051,,False,1,2,2023-06-14T17:46:51.580738+00:00
CUR_HI048,Curitiba,4106902,1,,622,,,-25.495248,-49.324811,,False,1,1,2023-06-14T17:46:51.580738+00:00
CUR_KE708,Curitiba,4106902,0,URBS,502,https://moovitapp.com/index/pt-br/transporte_p%C3%BAblico-line-502_CIRCULAR_SUL_HOR%C3%81RIO-Curitiba-942-9628-294482-0,-1.0,-25.483758,-49.246211,,False,5,,2023-06-14T17:46:51.580738+00:00
CUR_GE612,Curitiba,4106902,0,URBS,502,https://moovitapp.com/index/pt-br/transporte_p%C3%BAblico-line-502_CIRCULAR_SUL_HOR%C3%81RIO-Curitiba-942-9628-294482-0,-1.0,-25.523416,-49.294006,,False,4,,2023-06-14T17:45:51.580738+00:00
CUR_GE610,Curitiba,4106902,0,URBS,502,https://moovitapp.com/index/pt-br/transporte_p%C3%BAblico-line-502_CIRCULAR_SUL_HOR%C3%81RIO-Curitiba-942-9628-294482-0,-1.0,-25.512908,-49.232008,,False,4,,2023-06-14T17:46:51.580738+00:00
CUR_HE615,Curitiba,4106902,0,URBS,502,https://moovitapp.com/index/pt-br/transporte_p%C3%BAblico-line-502_CIRCULAR_SUL_HOR%C3%81RIO-Curitiba-942-9628-294482-0,-1.0,-25.52968,-49.249068,,False,4,,2023-06-14T17:46:51.580738+00:00
CUR_HE613,Curitiba,4106902,0,URBS,502,https://moovitapp.com/index/pt-br/transporte_p%C3%BAblico-line-502_CIRCULAR_SUL_HOR%C3%81RIO-Curitiba-942-9628-294482-0,-1.0,-25.531976,-49.286088,,False,4,,2023-06-14T17:46:51.580738+00:00
CUR_HE605,Curitiba,4106902,0,URBS,502,https://moovitapp.com/index/pt-br/transporte_p%C3%BAblico-line-502_CIRCULAR_SUL_HOR%C3%81RIO-Curitiba-942-9628-294482-0,-1.0,-25.476988,-49.282076,,False,4,,2023-06-14T17:43:51.580738+00:00
CUR_HE601,Curitiba,4106902,0,URBS,502,https://moovitapp.com/index/pt-br/transporte_p%C3%BAblico-line-502_CIRCULAR_SUL_HOR%C3%81RIO-Curitiba-942-9628-294482-0,-1.0,-25.526221,-49.292426,,False,4,,2023-06-14T17:46:51.580738+00:00
CUR_DA020,Curitiba,4106902,0,,336,,,-25.475815,-49.197115,,False,1,1,2023-06-14T17:46:51.580738+00:00
CUR_BI873,Curitiba,4106902,1,,184,,,-25.411613,-49.271723,,False,7,1,2023-06-14T17:46:51.580738+00:00
CUR_HL309,Curitiba,4106902,0,URBS,607,https://moovitapp.com/index/pt-br/transporte_p%C3%BAblico-line-607_COLOMBO_CIC-Curitiba-942-9628-294348-0,-1.0,-25.441313,-49.271243,,False,3,2,2023-06-14T17:46:51.580738+00:00
CUR_HL496,Curitiba,4106902,1,URBS,607,https://moovitapp.com/index/pt-br/transporte_p%C3%BAblico-line-607_COLOMBO_CIC-Curitiba-942-9628-294348-0,-1.0,-25.492633,-49.29349,,False,3,2,2023-06-14T17:46:51.580738+00:00
CUR_HL310,Curitiba,4106902,0,URBS,607,https://moovitapp.com/index/pt-br/transporte_p%C3%BAblico-line-607_COLOMBO_CIC-Curitiba-942-9628-294348-0,-1.0,-25.492393,-49.293736,,False,3,1,2023-06-14T17:46:51.580738+00:00
CUR_HL331,Curitiba,4106902,1,URBS,607,https://moovitapp.com/index/pt-br/transporte_p%C3%BAblico-line-607_COLOMBO_CIC-Curitiba-942-9628-294348-0,-1.0,-25.391815,-49.225283,,False,3,1,2023-06-14T17:46:51.580738+00:00
CUR_HL320,Curitiba,4106902,0,URBS,607,https://moovitapp.com/index/pt-br/transporte_p%C3%BAblico-line-607_COLOMBO_CIC-Curitiba-942-9628-294348-0,-1.0,-25.423341,-49.268675,,False,3,2,2023-06-14T17:46:51.580738+00:00
CUR_HA190,Curitiba,4106902,1,,652,,,-25.527998,-49.336483,,False,1,1,2023-06-14T17:46:51.580738+00:00
CUR_HI010,Curitiba,4106902,1,,652,,,-25.511725,-49.324831,,False,1,1,2023-06-14T17:46:51.580738+00:00
CUR_GC016,Curitiba,4106902,1,,683,,,-25.555031,-49.276518,,False,1,1,2023-06-14T17:46:51.580738+00:00
CUR_GI854,Curitiba,4106902,1,,661,,,-25.443421,-49.270198,,False,7,1,2023-06-14T17:46:51.580738+00:00
CUR_CI007,Curitiba,4106902,1,,222,,,-25.394016,-49.228778,,False,1,1,2023-06-14T17:44:51.580738+00:00
CUR_CI006,Curitiba,4106902,1,,222,,,-25.388225,-49.210803,,False,1,2,2023-06-14T17:41:51.580738+00:00
CUR_MI856,Curitiba,4106902,1,,915,,,-25.389115,-49.341441,,False,7,2,2023-06-14T17:46:51.580738+00:00
CUR_BI025,Curitiba,4106902,1,,916,,,-25.386283,-49.335095,,False,1,2,2023-06-14T17:46:51.580738+00:00
CUR_EI007,Curitiba,4106902,1,,522,,,-25.510811,-49.255966,,False,1,2,2023-06-14T17:46:51.580738+00:00
CUR_HI017,Curitiba,4106902,1,,627,,,-25.537135,-49.318566,,False,1,2,2023-06-14T17:46:51.580738+00:00
CUR_HI006,Curitiba,4106902,1,,627,,,-25.503813,-49.312705,,False,1,1,2023-06-14T17:46:51.580738+00:00
CUR_BI887,Curitiba,4106902,1,,224,,,-25.388655,-49.239011,,False,7,,2023-06-14T17:46:51.580738+00:00
CUR_BA031,Curitiba,4106902,1,,207,,,-25.428096,-49.271416,,False,1,2,2023-06-14T17:43:51.580738+00:00
CUR_BC324,Curitiba,4106902,1,,207,,,-25.425383,-49.274001,,False,3,1,2023-06-14T17:46:51.580738+00:00
CUR_BC323,Curitiba,4106902,1,,207,,,-25.406273,-49.252448,,False,3,2,2023-06-14T17:46:51.580738+00:00
CUR_GI007,Curitiba,4106902,1,,547,,,-25.53498,-49.269241,,False,1,1,2023-06-14T17:46:51.580738+00:00
CUR_DC092,Curitiba,4106902,1,,468,,,-25.479266,-49.223926,,False,1,1,2023-06-14T17:46:51.580738+00:00
CUR_DC292,Curitiba,4106902,1,,468,,,-25.438723,-49.258603,,False,1,2,2023-06-14T17:46:51.580738+00:00
CUR_MI855,Curitiba,4106902,1,,912,,,-25.395066,-49.347581,,False,7,2,2023-06-14T17:46:51.580738+00:00
CUR_MI851,Curitiba,4106902,1,Auto Viação São José,150,https://moovitapp.com/index/pt-br/transporte_p%C3%BAblico-line-150_T_AFONSO_PENA_PIT_BORDA_DO_CAMPO-Curitiba-942-857412-53904521-0,-1.0,-25.419083,-49.282398,,False,7,2,2023-06-14T17:46:51.580738+00:00
CUR_HI020,Curitiba,4106902,1,,617,,,-25.52352,-49.29373,,False,1,1,2023-06-14T17:46:51.580738+00:00
CUR_HI028,Curitiba,4106902,1,,617,,,-25.576198,-49.331106,,False,1,2,2023-06-14T17:46:51.580738+00:00
CUR_HB608,Curitiba,4106902,1,,060,,,-25.522853,-49.292666,,False,4,1,2023-06-14T17:46:51.580738+00:00
CUR_HB695,Curitiba,4106902,1,,060,,,-25.538033,-49.307485,,False,4,1,2023-06-14T17:46:51.580738+00:00
CUR_HB607,Curitiba,4106902,1,,060,,,-25.469996,-49.353923,,False,4,1,2023-06-14T17:46:51.580738+00:00
CUR_HB601,Curitiba,4106902,1,,060,,,-25.484021,-49.350261,,False,4,2,2023-06-14T17:45:51.580738+00:00
CUR_HB300,Curitiba,4106902,1,,060,,,-25.456731,-49.255243,,False,3,2,2023-06-14T17:46:51.580738+00:00
CUR_EA027,Curitiba,4106902,1,,X06,,,-25.54555,-49.241746,,False,1,2,2023-06-14T17:46:51.580738+00:00
CUR_HI047,Curitiba,4106902,1,,623,,,-25.50793,-49.3045,,False,1,1,2023-06-14T17:46:51.580738+00:00
CUR_HI004,Curitiba,4106902,1,,623,,,-25.493968,-49.295456,,False,1,2,2023-06-14T17:44:51.580738+00:00
CUR_JI006,Curitiba,4106902,1,,611,,,-25.46815,-49.307166,,False,1,2,2023-06-14T17:46:51.580738+00:00
CUR_JI003,Curitiba,4106902,1,,611,,,-25.469866,-49.303291,,False,1,1,2023-06-14T17:46:51.580738+00:00
CUR_JC317,Curitiba,4106902,1,,701,,,-25.447528,-49.283386,,False,3,2,2023-06-14T17:46:51.580738+00:00
CUR_JC313,Curitiba,4106902,1,,701,,,-25.446341,-49.275285,,False,3,1,2023-06-14T17:46:51.580738+00:00
CUR_JC304,Curitiba,4106902,1,,701,,,-25.45378,-49.294666,,False,3,1,2023-06-14T17:46:51.580738+00:00
CUR_JC311,Curitiba,4106902,1,,701,,,-25.45999,-49.30254,,False,3,2,2023-06-14T17:46:51.580738+00:00
CUR_GI057,Curitiba,4106902,1,,638,,,-25.554045,-49.276351,,False,1,2,2023-06-14T17:45:51.580738+00:00
CUR_GI009,Curitiba,4106902,1,,638,,,-25.522821,-49.294648,,False,1,1,2023-06-14T17:46:51.580738+00:00
CUR_GI054,Curitiba,4106902,1,,624,,,-25.506406,-49.283796,,False,1,1,2023-06-14T17:46:51.580738+00:00
CUR_GI048,Curitiba,4106902,1,,640,,,-25.542068,-49.29452,,False,1,2,2023-06-14T17:46:51.580738+00:00
CUR_GI024,Curitiba,4106902,1,,640,,,-25.523456,-49.29379,,False,1,1,2023-06-14T17:46:51.580738+00:00
CUR_MC304,Curitiba,4106902,1,,901,,,-25.415795,-49.29696,,False,3,2,2023-06-14T17:46:51.580738+00:00
CUR_MC302,Curitiba,4106902,1,,901,,,-25.427,-49.270948,,False,3,1,2023-06-14T17:45:51.580738+00:00
CUR_MC307,Curitiba,4106902,1,,901,,,-25.407173,-49.325178,,False,3,1,2023-06-14T17:46:51.580738+00:00
CUR_HI042,Curitiba,4106902,1,,654,,,-25.49206,-49.293345,,False,1,1,2023-06-14T17:46:51.580738+00:00
CUR_HI041,Curitiba,4106902,1,,654,,,-25.511791,-49.324585,,False,1,2,2023-06-14T17:46:51.580738+00:00
CUR_GI008,Curitiba,4106902,1,,665,,,-25.456038,-49.268015,,False,1,1,2023-06-14T17:44:51.580738+00:00
CUR_GI857,Curitiba,4106902,1,,665,,,-25.490723,-49.28855,,False,7,2,2023-06-14T17:46:51.580738+00:00
CUR_GC017,Curitiba,4106902,1,,631,,,-25.512538,-49.294971,,False,1,,2023-06-14T17:46:51.580738+00:00
CUR_HA013,Curitiba,4106902,1,,659,,,-25.58188,-49.31763,,False,1,1,2023-06-14T17:45:51.580738+00:00
CUR_HI024,Curitiba,4106902,1,,659,,,-25.583276,-49.31777,,False,1,2,2023-06-14T17:46:51.580738+00:00
CUR_DA022,Curitiba,4106902,0,,334,,,-25.464445,-49.196305,,False,1,,2023-06-14T17:46:51.580738+00:00
CUR_HI022,Curitiba,4106902,1,,772,,,-25.614241,-49.360845,,False,1,1,2023-06-14T17:42:51.580738+00:00
CUR_HI002,Curitiba,4106902,1,,772,,,-25.615328,-49.34335,,False,1,2,2023-06-14T17:44:51.580738+00:00
CUR_HA604,Curitiba,4106902,1,,772,,,-25.51223,-49.294976,,False,4,1,2023-06-14T17:46:51.580738+00:00
CUR_GI044,Curitiba,4106902,1,,552,,,-25.540306,-49.271145,,False,1,2,2023-06-14T17:46:51.580738+00:00
CUR_GC015,Curitiba,4106902,1,,552,,,-25.556845,-49.261776,,False,1,1,2023-06-14T17:44:51.580738+00:00
CUR_DN603,Curitiba,4106902,1,,463,,,-25.440046,-49.249441,,False,7,1,2023-06-14T17:46:51.580738+00:00
CUR_DN602,Curitiba,4106902,1,,463,,,-25.43984,-49.250016,,False,7,2,2023-06-14T17:46:51.580738+00:00
CUR_GB610,Curitiba,4106902,1,,040,,,-25.501173,-49.327135,,False,4,2,2023-06-14T17:46:51.580738+00:00
CUR_GB602,Curitiba,4106902,1,,040,,,-25.44171,-49.346023,,False,4,2,2023-06-14T17:46:51.580738+00:00
CUR_JB609,Curitiba,4106902,1,,040,,,-25.418926,-49.348415,,False,4,1,2023-06-14T17:46:51.580738+00:00
CUR_JB607,Curitiba,4106902,1,,040,,,-25.401116,-49.330355,,False,4,1,2023-06-14T17:46:51.580738+00:00
CUR_JB610,Curitiba,4106902,1,,040,,,-25.41665,-49.349783,,False,4,2,2023-06-14T17:46:51.580738+00:00
CUR_MR106,Curitiba,4106902,1,,040,,,-25.48427,-49.321663,,False,4,1,2023-06-14T17:46:51.580738+00:00
CUR_HB610,Curitiba,4106902,1,,040,,,-25.478381,-49.32992,,False,4,2,2023-06-14T17:46:51.580738+00:00
CUR_HB604,Curitiba,4106902,1,,040,,,-25.460238,-49.345166,,False,4,1,2023-06-14T17:46:51.580738+00:00
CUR_HB600,Curitiba,4106902,1,,040,,,-25.513731,-49.303893,,False,4,1,2023-06-14T17:46:51.580738+00:00
CUR_HB602,Curitiba,4106902,1,,040,,,-25.511718,-49.323813,,False,4,1,2023-06-14T17:46:51.580738+00:00
CUR_DC983,Curitiba,4106902,1,,462,,,-25.43504,-49.268676,,False,1,2,2023-06-14T17:46:51.580738+00:00
CUR_DC090,Curitiba,4106902,1,,462,,,-25.481045,-49.211635,,False,1,1,2023-06-14T17:44:51.580738+00:00
CUR_EI001,Curitiba,4106902,1,,561,,,-25.45386,-49.265238,,False,1,1,2023-06-14T17:46:51.580738+00:00
CUR_EI012,Curitiba,4106902,1,,561,,,-25.467815,-49.261966,,False,1,2,2023-06-14T17:46:51.580738+00:00
CUR_DA292,Curitiba,4106902,1,,513,,,-25.482825,-49.246691,,False,1,1,2023-06-14T17:46:51.580738+00:00
CUR_DA294,Curitiba,4106902,1,,513,,,-25.51571,-49.2354,,False,1,2,2023-06-14T17:42:51.580738+00:00
CUR_BC029,Curitiba,4106902,1,,160,,,-25.461725,-49.279026,,False,1,1,2023-06-14T17:46:51.580738+00:00
CUR_BC025,Curitiba,4106902,1,,160,,,-25.399661,-49.290573,,False,1,2,2023-06-14T17:46:51.580738+00:00
CUR_HI857,Curitiba,4106902,1,,670,,,-25.472956,-49.310143,,False,7,1,2023-06-14T17:43:51.580738+00:00
CUR_JI005,Curitiba,4106902,1,,718,,,-25.478418,-49.326901,,False,1,,2023-06-14T17:46:51.580738+00:00
CUR_BA027,Curitiba,4106902,1,,373,,,-25.425755,-49.208006,,False,1,2,2023-06-14T17:46:51.580738+00:00
CUR_EL331,Curitiba,4106902,1,URBS,505,https://moovitapp.com/index/pt-br/transporte_p%C3%BAblico-line-505_BOQUEIR%C3%83O_CENTRO_C%C3%8DVICO-Curitiba-942-9628-531685-0,-1.0,-25.435916,-49.262326,,False,3,1,2023-06-14T17:45:51.580738+00:00
CUR_EL320,Curitiba,4106902,1,URBS,505,https://moovitapp.com/index/pt-br/transporte_p%C3%BAblico-line-505_BOQUEIR%C3%83O_CENTRO_C%C3%8DVICO-Curitiba-942-9628-531685-0,-1.0,-25.516416,-49.230788,,False,3,1,2023-06-14T17:46:51.580738+00:00
CUR_EL321,Curitiba,4106902,1,URBS,505,https://moovitapp.com/index/pt-br/transporte_p%C3%BAblico-line-505_BOQUEIR%C3%83O_CENTRO_C%C3%8DVICO-Curitiba-942-9628-531685-0,-1.0,-25.472418,-49.251795,,False,3,2,2023-06-14T17:45:51.580738+00:00
CUR_BL305,Curitiba,4106902,0,URBS,505,https://moovitapp.com/index/pt-br/transporte_p%C3%BAblico-line-505_BOQUEIR%C3%83O_CENTRO_C%C3%8DVICO-Curitiba-942-9628-531685-0,-1.0,-25.41075,-49.26615,,False,3,1,2023-06-14T17:42:51.580738+00:00
CUR_EL330,Curitiba,4106902,1,URBS,505,https://moovitapp.com/index/pt-br/transporte_p%C3%BAblico-line-505_BOQUEIR%C3%83O_CENTRO_C%C3%8DVICO-Curitiba-942-9628-531685-0,-1.0,-25.427266,-49.264831,,False,3,2,2023-06-14T17:46:51.580738+00:00
CUR_EL303,Curitiba,4106902,0,URBS,505,https://moovitapp.com/index/pt-br/transporte_p%C3%BAblico-line-505_BOQUEIR%C3%83O_CENTRO_C%C3%8DVICO-Curitiba-942-9628-531685-0,-1.0,-25.450338,-49.256695,,False,3,1,2023-06-14T17:46:51.580738+00:00
CUR_EA022,Curitiba,4106902,1,,512,,,-25.490933,-49.255483,,False,1,1,2023-06-14T17:46:51.580738+00:00
CUR_BL605,Curitiba,4106902,0,URBS,022,https://moovitapp.com/index/pt-br/transporte_p%C3%BAblico-line-022_INTER_2_HOR%C3%81RIO-Curitiba-942-9628-381388-0,-1.0,-25.425993,-49.24242,,False,4,,2023-06-14T17:46:51.580738+00:00
CUR_CL698,Curitiba,4106902,0,URBS,022,https://moovitapp.com/index/pt-br/transporte_p%C3%BAblico-line-022_INTER_2_HOR%C3%81RIO-Curitiba-942-9628-381388-0,-1.0,-25.414285,-49.265958,,False,4,,2023-06-14T17:46:51.580738+00:00
CUR_BL607,Curitiba,4106902,0,URBS,022,https://moovitapp.com/index/pt-br/transporte_p%C3%BAblico-line-022_INTER_2_HOR%C3%81RIO-Curitiba-942-9628-381388-0,-1.0,-25.46027,-49.300143,,False,4,,2023-06-14T17:46:51.580738+00:00
CUR_BL317,Curitiba,4106902,0,URBS,022,https://moovitapp.com/index/pt-br/transporte_p%C3%BAblico-line-022_INTER_2_HOR%C3%81RIO-Curitiba-942-9628-381388-0,-1.0,-25.435868,-49.30629,,False,3,,2023-06-14T17:46:51.580738+00:00
CUR_CL601,Curitiba,4106902,0,URBS,022,https://moovitapp.com/index/pt-br/transporte_p%C3%BAblico-line-022_INTER_2_HOR%C3%81RIO-Curitiba-942-9628-381388-0,-1.0,-25.476323,-49.292183,,False,4,,2023-06-14T17:46:51.580738+00:00
CUR_CL602,Curitiba,4106902,0,URBS,022,https://moovitapp.com/index/pt-br/transporte_p%C3%BAblico-line-022_INTER_2_HOR%C3%81RIO-Curitiba-942-9628-381388-0,-1.0,-25.458001,-49.232325,,False,4,,2023-06-14T17:46:51.580738+00:00
CUR_BL602,Curitiba,4106902,0,URBS,022,https://moovitapp.com/index/pt-br/transporte_p%C3%BAblico-line-022_INTER_2_HOR%C3%81RIO-Curitiba-942-9628-381388-0,-1.0,-25.40832,-49.254245,,False,4,,2023-06-14T17:46:51.580738+00:00
CUR_HL494,Curitiba,4106902,1,URBS,022,https://moovitapp.com/index/pt-br/transporte_p%C3%BAblico-line-022_INTER_2_HOR%C3%81RIO-Curitiba-942-9628-381388-0,-1.0,-25.479813,-49.24774,,False,3,,2023-06-14T17:46:51.580738+00:00
CUR_HL600,Curitiba,4106902,0,URBS,022,https://moovitapp.com/index/pt-br/transporte_p%C3%BAblico-line-022_INTER_2_HOR%C3%81RIO-Curitiba-942-9628-381388-0,-1.0,-25.428336,-49.272058,,False,4,,2023-06-14T17:46:51.580738+00:00
CUR_KI601,Curitiba,4106902,1,,629,,,-25.537973,-49.241771,,False,4,1,2023-06-14T17:46:51.580738+00:00
CUR_KI600,Curitiba,4106902,1,,629,,,-25.505315,-49.264505,,False,4,2,2023-06-14T17:46:51.580738+00:00
CUR_KA605,Curitiba,4106902,1,,629,,,-25.496678,-49.27694,,False,4,1,2023-06-14T17:46:51.580738+00:00
CUR_MC851,Curitiba,4106902,1,,965,,,-25.427466,-49.274408,,False,7,2,2023-06-14T17:46:51.580738+00:00
CUR_MN605,Curitiba,4106902,1,,965,,,-25.404908,-49.313636,,False,7,1,2023-06-14T17:46:51.580738+00:00
CUR_EA021,Curitiba,4106902,1,,521,,,-25.52123,-49.250741,,False,1,2,2023-06-14T17:46:51.580738+00:00
CUR_EA020,Curitiba,4106902,1,,657,,,-25.49721,-49.277476,,False,1,2,2023-06-14T17:46:51.580738+00:00
CUR_EA026,Curitiba,4106902,1,,657,,,-25.508276,-49.268488,,False,1,1,2023-06-14T17:46:51.580738+00:00
CUR_BI871,Curitiba,4106902,1,,280,,,-25.430146,-49.271668,,False,7,2,2023-06-14T17:46:51.580738+00:00
CUR_BI878,Curitiba,4106902,1,,280,,,-25.370495,-49.237631,,False,7,1,2023-06-14T17:46:51.580738+00:00
CUR_HI854,Curitiba,4106902,1,,673,,,-25.438775,-49.272433,,False,7,1,2023-06-14T17:46:51.580738+00:00
CUR_GI041,Curitiba,4106902,1,,633,,,-25.527235,-49.274368,,False,1,1,2023-06-14T17:46:51.580738+00:00
CUR_GI042,Curitiba,4106902,1,,633,,,-25.524306,-49.286098,,False,1,2,2023-06-14T17:46:51.580738+00:00
CUR_EI020,Curitiba,4106902,1,,475,,,-25.436215,-49.267361,,False,1,1,2023-06-14T17:46:51.580738+00:00
CUR_EA015,Curitiba,4106902,1,,475,,,-25.476203,-49.242045,,False,1,2,2023-06-14T17:46:51.580738+00:00
CUR_JI864,Curitiba,4106902,1,,760,,,-25.44137,-49.272391,,False,7,2,2023-06-14T17:46:51.580738+00:00
CUR_HI025,Curitiba,4106902,1,,655,,,-25.563851,-49.315513,,False,1,2,2023-06-14T17:46:51.580738+00:00
CUR_HI037,Curitiba,4106902,1,,655,,,-25.52232,-49.292366,,False,1,1,2023-06-14T17:46:51.580738+00:00
CUR_DE700,Curitiba,4106902,0,URBS,303,https://moovitapp.com/index/pt-br/transporte_p%C3%BAblico-line-303_CENTEN%C3%81RIO_CAMPO_COMPRIDO-Curitiba-942-9628-531689-0,-1.0,-25.431538,-49.278473,,False,5,2,2023-06-14T17:46:51.580738+00:00
CUR_DE722,Curitiba,4106902,0,URBS,303,https://moovitapp.com/index/pt-br/transporte_p%C3%BAblico-line-303_CENTEN%C3%81RIO_CAMPO_COMPRIDO-Curitiba-942-9628-531689-0,-1.0,-25.438325,-49.32017,,False,5,1,2023-06-14T17:46:51.580738+00:00
CUR_JE701,Curitiba,4106902,0,URBS,303,https://moovitapp.com/index/pt-br/transporte_p%C3%BAblico-line-303_CENTEN%C3%81RIO_CAMPO_COMPRIDO-Curitiba-942-9628-531689-0,-1.0,-25.436018,-49.274873,,False,5,2,2023-06-14T17:46:51.580738+00:00
CUR_DE719,Curitiba,4106902,0,URBS,303,https://moovitapp.com/index/pt-br/transporte_p%C3%BAblico-line-303_CENTEN%C3%81RIO_CAMPO_COMPRIDO-Curitiba-942-9628-531689-0,-1.0,-25.434816,-49.303756,,False,5,2,2023-06-14T17:46:51.580738+00:00
CUR_DE715,Curitiba,4106902,0,URBS,303,https://moovitapp.com/index/pt-br/transporte_p%C3%BAblico-line-303_CENTEN%C3%81RIO_CAMPO_COMPRIDO-Curitiba-942-9628-531689-0,-1.0,-25.435701,-49.259866,,False,5,1,2023-06-14T17:46:51.580738+00:00
CUR_DE718,Curitiba,4106902,0,URBS,303,https://moovitapp.com/index/pt-br/transporte_p%C3%BAblico-line-303_CENTEN%C3%81RIO_CAMPO_COMPRIDO-Curitiba-942-9628-531689-0,-1.0,-25.46905,-49.20832,,False,5,2,2023-06-14T17:46:51.580738+00:00
CUR_JE709,Curitiba,4106902,0,URBS,303,https://moovitapp.com/index/pt-br/transporte_p%C3%BAblico-line-303_CENTEN%C3%81RIO_CAMPO_COMPRIDO-Curitiba-942-9628-531689-0,-1.0,-25.441543,-49.346181,,False,5,2,2023-06-14T17:46:51.580738+00:00
CUR_DE706,Curitiba,4106902,0,URBS,303,https://moovitapp.com/index/pt-br/transporte_p%C3%BAblico-line-303_CENTEN%C3%81RIO_CAMPO_COMPRIDO-Curitiba-942-9628-531689-0,-1.0,-25.441776,-49.230871,,False,5,1,2023-06-14T17:46:51.580738+00:00
CUR_JE708,Curitiba,4106902,0,URBS,303,https://moovitapp.com/index/pt-br/transporte_p%C3%BAblico-line-303_CENTEN%C3%81RIO_CAMPO_COMPRIDO-Curitiba-942-9628-531689-0,-1.0,-25.44159,-49.346338,,False,5,1,2023-06-14T17:46:51.580738+00:00
CUR_DE708,Curitiba,4106902,0,URBS,303,https://moovitapp.com/index/pt-br/transporte_p%C3%BAblico-line-303_CENTEN%C3%81RIO_CAMPO_COMPRIDO-Curitiba-942-9628-531689-0,-1.0,-25.451471,-49.215113,,False,5,2,2023-06-14T17:46:51.580738+00:00
CUR_DE707,Curitiba,4106902,0,URBS,303,https://moovitapp.com/index/pt-br/transporte_p%C3%BAblico-line-303_CENTEN%C3%81RIO_CAMPO_COMPRIDO-Curitiba-942-9628-531689-0,-1.0,-25.435736,-49.257311,,False,5,2,2023-06-14T17:46:51.580738+00:00
CUR_JE705,Curitiba,4106902,0,URBS,303,https://moovitapp.com/index/pt-br/transporte_p%C3%BAblico-line-303_CENTEN%C3%81RIO_CAMPO_COMPRIDO-Curitiba-942-9628-531689-0,-1.0,-25.433706,-49.277205,,False,5,1,2023-06-14T17:45:51.580738+00:00
CUR_JE706,Curitiba,4106902,0,URBS,303,https://moovitapp.com/index/pt-br/transporte_p%C3%BAblico-line-303_CENTEN%C3%81RIO_CAMPO_COMPRIDO-Curitiba-942-9628-531689-0,-1.0,-25.435771,-49.274558,,False,5,1,2023-06-14T17:46:51.580738+00:00
CUR_DE702,Curitiba,4106902,0,URBS,303,https://moovitapp.com/index/pt-br/transporte_p%C3%BAblico-line-303_CENTEN%C3%81RIO_CAMPO_COMPRIDO-Curitiba-942-9628-531689-0,-1.0,-25.429818,-49.290898,,False,5,1,2023-06-14T17:46:51.580738+00:00
CUR_JE707,Curitiba,4106902,0,URBS,303,https://moovitapp.com/index/pt-br/transporte_p%C3%BAblico-line-303_CENTEN%C3%81RIO_CAMPO_COMPRIDO-Curitiba-942-9628-531689-0,-1.0,-25.45681,-49.213153,,False,5,1,2023-06-14T17:46:51.580738+00:00
CUR_JE704,Curitiba,4106902,0,URBS,303,https://moovitapp.com/index/pt-br/transporte_p%C3%BAblico-line-303_CENTEN%C3%81RIO_CAMPO_COMPRIDO-Curitiba-942-9628-531689-0,-1.0,-25.440748,-49.228635,,False,5,2,2023-06-14T17:46:51.580738+00:00
CUR_JA028,Curitiba,4106902,1,,658,,,-25.49235,-49.347176,,False,1,2,2023-06-14T17:46:51.580738+00:00
CUR_HI007,Curitiba,4106902,1,,658,,,-25.49797,-49.347056,,False,1,1,2023-06-14T17:46:51.580738+00:00
CUR_HI016,Curitiba,4106902,1,,658,,,-25.492581,-49.295743,,False,1,1,2023-06-14T17:46:51.580738+00:00
CUR_JI010,Curitiba,4106902,1,,777,,,-25.493883,-49.33359,,False,1,2,2023-06-14T17:45:51.580738+00:00
CUR_EI016,Curitiba,4106902,1,,532,,,-25.517336,-49.230645,,False,1,1,2023-06-14T17:46:51.580738+00:00
CUR_BI851,Curitiba,4106902,1,,175,,,-25.415056,-49.276488,,False,7,2,2023-06-14T17:46:51.580738+00:00
CUR_BI013,Curitiba,4106902,1,,342,,,-25.388413,-49.206028,,False,1,2,2023-06-14T17:46:51.580738+00:00
CUR_BI012,Curitiba,4106902,1,,342,,,-25.388236,-49.210225,,False,1,1,2023-06-14T17:46:51.580738+00:00
CUR_BC301,Curitiba,4106902,1,,205,,,-25.400513,-49.258116,,False,3,2,2023-06-14T17:46:51.580738+00:00
CUR_BC013,Curitiba,4106902,1,,205,,,-25.428888,-49.269668,,False,1,2,2023-06-14T17:46:51.580738+00:00
CUR_BC308,Curitiba,4106902,1,,205,,,-25.418221,-49.268701,,False,3,1,2023-06-14T17:46:51.580738+00:00
CUR_BA026,Curitiba,4106902,1,,205,,,-25.379223,-49.262403,,False,1,1,2023-06-14T17:46:51.580738+00:00
CUR_EL319,Curitiba,4106902,1,URBS,507,https://moovitapp.com/index/pt-br/transporte_p%C3%BAblico-line-507_S%C3%8DTIO_CERCADO_HOR%C3%81RIO-Curitiba-942-9628-294494-0,-1.0,-25.448621,-49.258075,,False,3,,2023-06-14T17:46:51.580738+00:00
CUR_EL315,Curitiba,4106902,0,URBS,507,https://moovitapp.com/index/pt-br/transporte_p%C3%BAblico-line-507_S%C3%8DTIO_CERCADO_HOR%C3%81RIO-Curitiba-942-9628-294494-0,-1.0,-25.43354,-49.263518,,False,3,,2023-06-14T17:46:51.580738+00:00
CUR_EL325,Curitiba,4106902,1,URBS,507,https://moovitapp.com/index/pt-br/transporte_p%C3%BAblico-line-507_S%C3%8DTIO_CERCADO_HOR%C3%81RIO-Curitiba-942-9628-294494-0,-1.0,-25.46166,-49.288521,,False,3,,2023-06-14T17:46:51.580738+00:00
CUR_EL333,Curitiba,4106902,1,URBS,507,https://moovitapp.com/index/pt-br/transporte_p%C3%BAblico-line-507_S%C3%8DTIO_CERCADO_HOR%C3%81RIO-Curitiba-942-9628-294494-0,-1.0,-25.513066,-49.294421,,False,3,,2023-06-14T17:46:51.580738+00:00
CUR_EL322,Curitiba,4106902,1,URBS,507,https://moovitapp.com/index/pt-br/transporte_p%C3%BAblico-line-507_S%C3%8DTIO_CERCADO_HOR%C3%81RIO-Curitiba-942-9628-294494-0,-1.0,-25.534155,-49.267061,,False,3,,2023-06-14T17:46:51.580738+00:00
CUR_EL326,Curitiba,4106902,1,URBS,507,https://moovitapp.com/index/pt-br/transporte_p%C3%BAblico-line-507_S%C3%8DTIO_CERCADO_HOR%C3%81RIO-Curitiba-942-9628-294494-0,-1.0,-25.5165,-49.231028,,False,3,,2023-06-14T17:46:51.580738+00:00
CUR_BC006,Curitiba,4106902,1,,168,,,-25.377823,-49.316275,,False,1,2,2023-06-14T17:46:51.580738+00:00
CUR_BC007,Curitiba,4106902,1,,168,,,-25.42414,-49.281996,,False,1,1,2023-06-14T17:46:51.580738+00:00
CUR_GE613,Curitiba,4106902,0,URBS,602,https://moovitapp.com/index/pt-br/transporte_p%C3%BAblico-line-602_CIRCULAR_SUL_ANTI_HOR%C3%81RIO-Curitiba-942-9628-294517-0,-1.0,-25.526471,-49.292483,,False,4,,2023-06-14T17:44:51.580738+00:00
CUR_GE609,Curitiba,4106902,0,URBS,602,https://moovitapp.com/index/pt-br/transporte_p%C3%BAblico-line-602_CIRCULAR_SUL_ANTI_HOR%C3%81RIO-Curitiba-942-9628-294517-0,-1.0,-25.471716,-49.261591,,False,4,,2023-06-14T17:46:51.580738+00:00
CUR_HE606,Curitiba,4106902,0,URBS,602,https://moovitapp.com/index/pt-br/transporte_p%C3%BAblico-line-602_CIRCULAR_SUL_ANTI_HOR%C3%81RIO-Curitiba-942-9628-294517-0,-1.0,-25.482588,-49.246565,,False,4,,2023-06-14T17:45:51.580738+00:00
CUR_HE607,Curitiba,4106902,0,URBS,602,https://moovitapp.com/index/pt-br/transporte_p%C3%BAblico-line-602_CIRCULAR_SUL_ANTI_HOR%C3%81RIO-Curitiba-942-9628-294517-0,-1.0,-25.519875,-49.22852,,False,4,,2023-06-14T17:46:51.580738+00:00
CUR_HE603,Curitiba,4106902,0,URBS,602,https://moovitapp.com/index/pt-br/transporte_p%C3%BAblico-line-602_CIRCULAR_SUL_ANTI_HOR%C3%81RIO-Curitiba-942-9628-294517-0,-1.0,-25.509053,-49.295845,,False,4,,2023-06-14T17:46:51.580738+00:00
CUR_HE608,Curitiba,4106902,0,URBS,602,https://moovitapp.com/index/pt-br/transporte_p%C3%BAblico-line-602_CIRCULAR_SUL_ANTI_HOR%C3%81RIO-Curitiba-942-9628-294517-0,-1.0,-25.53162,-49.256928,,False,4,,2023-06-14T17:46:51.580738+00:00
CUR_HE611,Curitiba,4106902,0,URBS,602,https://moovitapp.com/index/pt-br/transporte_p%C3%BAblico-line-602_CIRCULAR_SUL_ANTI_HOR%C3%81RIO-Curitiba-942-9628-294517-0,-1.0,-25.47714,-49.292341,,False,4,,2023-06-14T17:46:51.580738+00:00
CUR_GI020,Curitiba,4106902,1,,636,,,-25.522746,-49.294703,,False,1,1,2023-06-14T17:46:51.580738+00:00
CUR_GI037,Curitiba,4106902,1,,643,,,-25.536698,-49.295208,,False,1,2,2023-06-14T17:46:51.580738+00:00
CUR_GI033,Curitiba,4106902,1,,643,,,-25.555663,-49.29312,,False,1,1,2023-06-14T17:46:51.580738+00:00
CUR_GI028,Curitiba,4106902,1,,534,,,-25.523846,-49.244395,,False,1,1,2023-06-14T17:46:51.580738+00:00
CUR_GI025,Curitiba,4106902,1,,534,,,-25.530503,-49.25915,,False,1,2,2023-06-14T17:46:51.580738+00:00
CUR_GI855,Curitiba,4106902,1,,616,,,-25.4739,-49.258831,,False,7,1,2023-06-14T17:46:51.580738+00:00
CUR_GI853,Curitiba,4106902,1,,616,,,-25.484503,-49.266438,,False,7,1,2023-06-14T17:46:51.580738+00:00
CUR_EI004,Curitiba,4106902,1,,471,,,-25.46632,-49.242265,,False,1,2,2023-06-14T17:46:51.580738+00:00
CUR_DA290,Curitiba,4106902,1,,338,,,-25.492301,-49.204751,,False,1,1,2023-06-14T17:46:51.580738+00:00
CUR_DA013,Curitiba,4106902,1,,338,,,-25.481761,-49.24679,,False,1,2,2023-06-14T17:46:51.580738+00:00
CUR_DC084,Curitiba,4106902,0,,338,,,-25.492581,-49.2052,,False,1,2,2023-06-14T17:42:51.580738+00:00
CUR_DA029,Curitiba,4106902,1,,338,,,-25.469555,-49.20555,,False,1,2,2023-06-14T17:44:51.580738+00:00
CUR_DA023,Curitiba,4106902,1,,338,,,-25.488196,-49.223318,,False,1,1,2023-06-14T17:46:51.580738+00:00
CUR_MI854,Curitiba,4106902,1,,911,,,-25.389915,-49.354213,,False,7,1,2023-06-14T17:46:51.580738+00:00
CUR_KA604,Curitiba,4106902,1,,545,,,-25.530403,-49.255925,,False,4,2,2023-06-14T17:46:51.580738+00:00
CUR_GI603,Curitiba,4106902,1,,545,,,-25.477306,-49.327155,,False,4,2,2023-06-14T17:46:51.580738+00:00
CUR_KA602,Curitiba,4106902,1,,545,,,-25.540908,-49.3089,,False,4,2,2023-06-14T17:46:51.580738+00:00
CUR_JI600,Curitiba,4106902,1,,545,,,-25.534356,-49.268093,,False,4,1,2023-06-14T17:46:51.580738+00:00
CUR_KA600,Curitiba,4106902,1,,545,,,-25.52916,-49.3278,,False,4,1,2023-06-14T17:46:51.580738+00:00
CUR_JA037,Curitiba,4106902,1,,823,,,-25.441426,-49.345936,,False,1,2,2023-06-14T17:46:51.580738+00:00
CUR_EI010,Curitiba,4106902,1,Auto Viação São José,515,https://moovitapp.com/index/pt-br/transporte_p%C3%BAblico-line-515_%E2%9C%88_AEROPORTO_1_SHOPPING_S%C3%83O_JOS%C3%89-Curitiba-942-857412-67925719-0,-1.0,-25.51358,-49.220503,,False,1,1,2023-06-14T17:46:51.580738+00:00
CUR_EI009,Curitiba,4106902,1,Auto Viação São José,515,https://moovitapp.com/index/pt-br/transporte_p%C3%BAblico-line-515_%E2%9C%88_AEROPORTO_1_SHOPPING_S%C3%83O_JOS%C3%89-Curitiba-942-857412-67925719-0,-1.0,-25.497911,-49.228161,,False,1,2,2023-06-14T17:46:51.580738+00:00
CUR_EI003,Curitiba,4106902,1,Auto Viação São José,515,https://moovitapp.com/index/pt-br/transporte_p%C3%BAblico-line-515_%E2%9C%88_AEROPORTO_1_SHOPPING_S%C3%83O_JOS%C3%89-Curitiba-942-857412-67925719-0,-1.0,-25.481138,-49.242315,,False,1,1,2023-06-14T17:46:51.580738+00:00
CUR_JI861,Curitiba,4106902,1,,862,,,-25.435803,-49.271193,,False,7,1,2023-06-14T17:46:51.580738+00:00
CUR_EI002,Curitiba,4106902,1,,523,,,-25.50189,-49.2373,,False,1,1,2023-06-14T17:46:51.580738+00:00
CUR_GI047,Curitiba,4106902,1,,528,,,-25.513015,-49.294728,,False,1,2,2023-06-14T17:46:51.580738+00:00
CUR_EI005,Curitiba,4106902,1,,528,,,-25.517565,-49.230501,,False,1,2,2023-06-14T17:43:51.580738+00:00
CUR_BI863,Curitiba,4106902,1,,274,,,-25.411313,-49.258231,,False,7,1,2023-06-14T17:46:51.580738+00:00
CUR_BI868,Curitiba,4106902,1,,274,,,-25.390315,-49.260521,,False,7,2,2023-06-14T17:46:51.580738+00:00
CUR_BA022,Curitiba,4106902,1,,817,,,-25.425736,-49.339001,,False,1,2,2023-06-14T17:46:51.580738+00:00
CUR_MI001,Curitiba,4106902,1,,817,,,-25.407755,-49.338096,,False,1,1,2023-06-14T17:46:51.580738+00:00
CUR_EL329,Curitiba,4106902,1,URBS,506,https://moovitapp.com/index/pt-br/transporte_p%C3%BAblico-line-506_BAIRRO_NOVO-Curitiba-942-9628-294299-0,-1.0,-25.528501,-49.268713,,False,3,1,2023-06-14T17:44:51.580738+00:00
CUR_EL318,Curitiba,4106902,1,URBS,506,https://moovitapp.com/index/pt-br/transporte_p%C3%BAblico-line-506_BAIRRO_NOVO-Curitiba-942-9628-294299-0,-1.0,-25.551755,-49.253188,,False,3,2,2023-06-14T17:46:51.580738+00:00
CUR_EL327,Curitiba,4106902,1,URBS,506,https://moovitapp.com/index/pt-br/transporte_p%C3%BAblico-line-506_BAIRRO_NOVO-Curitiba-942-9628-294299-0,-1.0,-25.436236,-49.271171,,False,3,1,2023-06-14T17:46:51.580738+00:00
CUR_GL308,Curitiba,4106902,0,URBS,506,https://moovitapp.com/index/pt-br/transporte_p%C3%BAblico-line-506_BAIRRO_NOVO-Curitiba-942-9628-294299-0,-1.0,-25.438701,-49.27006,,False,3,2,2023-06-14T17:46:51.580738+00:00
CUR_EL301,Curitiba,4106902,0,URBS,506,https://moovitapp.com/index/pt-br/transporte_p%C3%BAblico-line-506_BAIRRO_NOVO-Curitiba-942-9628-294299-0,-1.0,-25.529186,-49.268476,,False,3,2,2023-06-14T17:46:51.580738+00:00
CUR_BC315,Curitiba,4106902,1,,371,,,-25.427278,-49.239825,,False,10,1,2023-06-14T17:46:51.580738+00:00
CUR_BC313,Curitiba,4106902,1,,371,,,-25.415371,-49.22418,,False,10,2,2023-06-14T17:46:51.580738+00:00
CUR_JI017,Curitiba,4106902,1,,777,,,-25.460955,-49.337243,,False,1,1,2023-06-14T17:46:51.580738+00:00
CUR_JI012,Curitiba,4106902,1,,777,,,-25.452781,-49.29767,,False,1,2,2023-06-14T17:46:51.580738+00:00
CUR_BC019,Curitiba,4106902,1,,876,,,-25.418895,-49.347823,,False,1,1,2023-06-14T17:44:51.580738+00:00
CUR_BA013,Curitiba,4106902,1,,876,,,-25.417475,-49.324823,,False,1,2,2023-06-14T17:46:51.580738+00:00
CUR_BA019,Curitiba,4106902,1,,876,,,-25.430115,-49.272395,,False,1,1,2023-06-14T17:46:51.580738+00:00
CUR_HC300,Curitiba,4106902,1,,801,,,-25.443671,-49.290468,,False,10,1,2023-06-14T17:46:51.580738+00:00
CUR_HI003,Curitiba,4106902,1,,801,,,-25.437256,-49.274711,,False,1,2,2023-06-14T17:46:51.580738+00:00
CUR_KE701,Curitiba,4106902,0,URBS,503,https://moovitapp.com/index/pt-br/transporte_p%C3%BAblico-line-503_BOQUEIR%C3%83O-Curitiba-942-9628-294244-0,-1.0,-25.441065,-49.267031,,False,5,2,2023-06-14T17:46:51.580738+00:00
CUR_KE702,Curitiba,4106902,0,URBS,503,https://moovitapp.com/index/pt-br/transporte_p%C3%BAblico-line-503_BOQUEIR%C3%83O-Curitiba-942-9628-294244-0,-1.0,-25.441408,-49.266871,,False,5,1,2023-06-14T17:46:51.580738+00:00
CUR_KE704,Curitiba,4106902,0,URBS,503,https://moovitapp.com/index/pt-br/transporte_p%C3%BAblico-line-503_BOQUEIR%C3%83O-Curitiba-942-9628-294244-0,-1.0,-25.48564,-49.245193,,False,5,1,2023-06-14T17:46:51.580738+00:00
CUR_GE614,Curitiba,4106902,0,URBS,503,https://moovitapp.com/index/pt-br/transporte_p%C3%BAblico-line-503_BOQUEIR%C3%83O-Curitiba-942-9628-294244-0,-1.0,-25.515918,-49.230506,,False,4,2,2023-06-14T17:46:51.580738+00:00
CUR_KE705,Curitiba,4106902,0,URBS,503,https://moovitapp.com/index/pt-br/transporte_p%C3%BAblico-line-503_BOQUEIR%C3%83O-Curitiba-942-9628-294244-0,-1.0,-25.474046,-49.25093,,False,5,2,2023-06-14T17:46:51.580738+00:00
CUR_GI050,Curitiba,4106902,1,,641,,,-25.567253,-49.286618,,False,1,1,2023-06-14T17:46:51.580738+00:00
CUR_HI856,Curitiba,4106902,1,,600,,,-25.517648,-49.295636,,False,7,2,2023-06-14T17:46:51.580738+00:00
CUR_CI008,Curitiba,4106902,1,,341,,,-25.391796,-49.208193,,False,1,2,2023-06-14T17:46:51.580738+00:00
CUR_CI003,Curitiba,4106902,1,,341,,,-25.391061,-49.20053,,False,1,1,2023-06-14T17:46:51.580738+00:00
CUR_DC854,Curitiba,4106902,1,,466,,,-25.432223,-49.262746,,False,7,1,2023-06-14T17:46:51.580738+00:00
CUR_JA034,Curitiba,4106902,1,,714,,,-25.492396,-49.347101,,False,1,,2023-06-14T17:45:51.580738+00:00
CUR_BB610,Curitiba,4106902,1,,030,,,-25.413931,-49.205538,,False,4,1,2023-06-14T17:46:51.580738+00:00
CUR_GB606,Curitiba,4106902,1,,030,,,-25.497965,-49.295905,,False,4,1,2023-06-14T17:46:51.580738+00:00
CUR_BB613,Curitiba,4106902,1,,030,,,-25.463368,-49.214451,,False,4,1,2023-06-14T17:46:51.580738+00:00
CUR_CB601,Curitiba,4106902,1,,030,,,-25.502013,-49.236763,,False,4,1,2023-06-14T17:46:51.580738+00:00
CUR_GB612,Curitiba,4106902,1,,030,,,-25.421625,-49.202046,,False,4,2,2023-06-14T17:38:51.580738+00:00
CUR_KB606,Curitiba,4106902,1,,030,,,-25.466861,-49.221171,,False,4,2,2023-06-14T17:44:51.580738+00:00
CUR_EB609,Curitiba,4106902,1,,030,,,-25.38232,-49.218755,,False,4,2,2023-06-14T17:46:51.580738+00:00
CUR_BB611,Curitiba,4106902,1,,030,,,-25.507635,-49.248051,,False,4,2,2023-06-14T17:45:51.580738+00:00
CUR_BI018,Curitiba,4106902,1,,232,,,-25.351381,-49.231115,,False,1,2,2023-06-14T17:46:51.580738+00:00
CUR_BI017,Curitiba,4106902,1,,232,,,-25.377325,-49.224521,,False,1,1,2023-06-14T17:46:51.580738+00:00
CUR_JI865,Curitiba,4106902,1,,713,,,-25.47733,-49.327663,,False,7,2,2023-06-14T17:46:51.580738+00:00
CUR_EI011,Curitiba,4106902,1,,X03,,,-25.534906,-49.236453,,False,1,1,2023-06-14T17:46:51.580738+00:00
CUR_BA032,Curitiba,4106902,1,,233,,,-25.376913,-49.223746,,False,1,,2023-06-14T17:44:51.580738+00:00
CUR_BA017,Curitiba,4106902,1,,822,,,-25.441436,-49.346451,,False,1,1,2023-06-14T17:46:51.580738+00:00
CUR_BA011,Curitiba,4106902,1,,822,,,-25.437841,-49.363088,,False,1,2,2023-06-14T17:46:51.580738+00:00
CUR_DL310,Curitiba,4106902,0,URBS,304,https://moovitapp.com/index/pt-br/transporte_p%C3%BAblico-line-304_PINHAIS_CAMPO_COMPRIDO-Curitiba-942-9628-133282995-0,-1.0,-25.44109,-49.181928,,False,3,1,2023-06-14T17:46:51.580738+00:00
CUR_JL321,Curitiba,4106902,1,URBS,304,https://moovitapp.com/index/pt-br/transporte_p%C3%BAblico-line-304_PINHAIS_CAMPO_COMPRIDO-Curitiba-942-9628-133282995-0,-1.0,-25.428421,-49.291605,,False,3,2,2023-06-14T17:46:51.580738+00:00
CUR_JL307,Curitiba,4106902,0,URBS,304,https://moovitapp.com/index/pt-br/transporte_p%C3%BAblico-line-304_PINHAIS_CAMPO_COMPRIDO-Curitiba-942-9628-133282995-0,-1.0,-25.444065,-49.195883,,False,3,2,2023-06-14T17:46:51.580738+00:00
CUR_BC314,Curitiba,4106902,1,,372,,,-25.428318,-49.230215,,False,10,1,2023-06-14T17:46:51.580738+00:00
CUR_CC301,Curitiba,4106902,1,,372,,,-25.428053,-49.25653,,False,10,2,2023-06-14T17:46:51.580738+00:00
CUR_BC320,Curitiba,4106902,1,,372,,,-25.416526,-49.201775,,False,10,2,2023-06-14T17:46:51.580738+00:00
CUR_BI028,Curitiba,4106902,1,,372,,,-25.430003,-49.266838,,False,1,1,2023-06-14T17:46:51.580738+00:00
CUR_BL340,Curitiba,4106902,1,URBS,256,https://moovitapp.com/index/pt-br/transporte_p%C3%BAblico-line-256_BARREIRINHA_GUADALUPE-Curitiba-942-9628-398191-0,-1.0,-25.400006,-49.25942,,False,3,1,2023-06-14T17:45:51.580738+00:00
CUR_BL310,Curitiba,4106902,0,URBS,256,https://moovitapp.com/index/pt-br/transporte_p%C3%BAblico-line-256_BARREIRINHA_GUADALUPE-Curitiba-942-9628-398191-0,-1.0,-25.419745,-49.268948,,False,3,2,2023-06-14T17:46:51.580738+00:00
CUR_BL338,Curitiba,4106902,0,URBS,256,https://moovitapp.com/index/pt-br/transporte_p%C3%BAblico-line-256_BARREIRINHA_GUADALUPE-Curitiba-942-9628-398191-0,-1.0,-25.431046,-49.264476,,False,3,2,2023-06-14T17:46:51.580738+00:00
CUR_BL324,Curitiba,4106902,0,URBS,023,https://moovitapp.com/index/pt-br/transporte_p%C3%BAblico-line-023_INTER_2_ANTI_HOR%C3%81RIO-Curitiba-942-9628-398189-0,-1.0,-25.418813,-49.240353,,False,3,,2023-06-14T17:46:51.580738+00:00
CUR_BL309,Curitiba,4106902,0,URBS,023,https://moovitapp.com/index/pt-br/transporte_p%C3%BAblico-line-023_INTER_2_ANTI_HOR%C3%81RIO-Curitiba-942-9628-398189-0,-1.0,-25.481475,-49.246821,,False,3,,2023-06-14T17:46:51.580738+00:00
CUR_BL608,Curitiba,4106902,0,URBS,023,https://moovitapp.com/index/pt-br/transporte_p%C3%BAblico-line-023_INTER_2_ANTI_HOR%C3%81RIO-Curitiba-942-9628-398189-0,-1.0,-25.493215,-49.286963,,False,4,,2023-06-14T17:46:51.580738+00:00
CUR_BL609,Curitiba,4106902,0,URBS,023,https://moovitapp.com/index/pt-br/transporte_p%C3%BAblico-line-023_INTER_2_ANTI_HOR%C3%81RIO-Curitiba-942-9628-398189-0,-1.0,-25.452288,-49.22866,,False,4,,2023-06-14T17:46:51.580738+00:00
CUR_BL611,Curitiba,4106902,0,URBS,023,https://moovitapp.com/index/pt-br/transporte_p%C3%BAblico-line-023_INTER_2_ANTI_HOR%C3%81RIO-Curitiba-942-9628-398189-0,-1.0,-25.480715,-49.29253,,False,4,,2023-06-14T17:46:51.580738+00:00
CUR_MR800,Curitiba,4106902,0,URBS,023,https://moovitapp.com/index/pt-br/transporte_p%C3%BAblico-line-023_INTER_2_ANTI_HOR%C3%81RIO-Curitiba-942-9628-398189-0,-1.0,-25.41449,-49.27967,,False,4,,2023-06-14T17:46:51.580738+00:00
CUR_CL600,Curitiba,4106902,0,URBS,023,https://moovitapp.com/index/pt-br/transporte_p%C3%BAblico-line-023_INTER_2_ANTI_HOR%C3%81RIO-Curitiba-942-9628-398189-0,-1.0,-25.422508,-49.291651,,False,4,,2023-06-14T17:46:51.580738+00:00
CUR_BL312,Curitiba,4106902,0,URBS,023,https://moovitapp.com/index/pt-br/transporte_p%C3%BAblico-line-023_INTER_2_ANTI_HOR%C3%81RIO-Curitiba-942-9628-398189-0,-1.0,-25.435918,-49.21445,,False,3,,2023-06-14T17:46:51.580738+00:00
CUR_HL602,Curitiba,4106902,0,URBS,023,https://moovitapp.com/index/pt-br/transporte_p%C3%BAblico-line-023_INTER_2_ANTI_HOR%C3%81RIO-Curitiba-942-9628-398189-0,-1.0,-25.455026,-49.304025,,False,4,,2023-06-14T17:46:51.580738+00:00
CUR_BI897,Curitiba,4106902,1,,176,,,-25.393993,-49.272833,,False,7,1,2023-06-14T17:46:51.580738+00:00
CUR_BI869,Curitiba,4106902,1,,260,,,-25.403646,-49.26901,,False,7,1,2023-06-14T17:46:51.580738+00:00
CUR_ML302,Curitiba,4106902,0,URBS,307,https://moovitapp.com/index/pt-br/transporte_p%C3%BAblico-line-307_BAIRRO_ALTO_SANTA_FELICIDADE-Curitiba-942-9628-1323712-0,-1.0,-25.419673,-49.292981,,False,3,1,2023-06-14T17:46:51.580738+00:00
CUR_CL303,Curitiba,4106902,0,URBS,307,https://moovitapp.com/index/pt-br/transporte_p%C3%BAblico-line-307_BAIRRO_ALTO_SANTA_FELICIDADE-Curitiba-942-9628-1323712-0,-1.0,-25.425608,-49.259875,,False,3,2,2023-06-14T17:46:51.580738+00:00
CUR_BL328,Curitiba,4106902,0,URBS,307,https://moovitapp.com/index/pt-br/transporte_p%C3%BAblico-line-307_BAIRRO_ALTO_SANTA_FELICIDADE-Curitiba-942-9628-1323712-0,-1.0,-25.428361,-49.272363,,False,3,1,2023-06-14T17:46:51.580738+00:00
CUR_CL302,Curitiba,4106902,0,URBS,307,https://moovitapp.com/index/pt-br/transporte_p%C3%BAblico-line-307_BAIRRO_ALTO_SANTA_FELICIDADE-Curitiba-942-9628-1323712-0,-1.0,-25.426465,-49.287193,,False,3,2,2023-06-14T17:46:51.580738+00:00
CUR_BL336,Curitiba,4106902,0,URBS,307,https://moovitapp.com/index/pt-br/transporte_p%C3%BAblico-line-307_BAIRRO_ALTO_SANTA_FELICIDADE-Curitiba-942-9628-1323712-0,-1.0,-25.430478,-49.211053,,False,3,2,2023-06-14T17:46:51.580738+00:00
CUR_ML307,Curitiba,4106902,0,URBS,307,https://moovitapp.com/index/pt-br/transporte_p%C3%BAblico-line-307_BAIRRO_ALTO_SANTA_FELICIDADE-Curitiba-942-9628-1323712-0,-1.0,-25.423688,-49.24191,,False,3,1,2023-06-14T17:46:51.580738+00:00
CUR_ML312,Curitiba,4106902,0,URBS,307,https://moovitapp.com/index/pt-br/transporte_p%C3%BAblico-line-307_BAIRRO_ALTO_SANTA_FELICIDADE-Curitiba-942-9628-1323712-0,-1.0,-25.426681,-49.202253,,False,3,1,2023-06-14T17:46:51.580738+00:00
CUR_CL038,Curitiba,4106902,0,URBS,307,https://moovitapp.com/index/pt-br/transporte_p%C3%BAblico-line-307_BAIRRO_ALTO_SANTA_FELICIDADE-Curitiba-942-9628-1323712-0,-1.0,-25.414863,-49.306838,,False,3,2,2023-06-14T17:46:51.580738+00:00
CUR_JA029,Curitiba,4106902,1,,860,,,-25.447713,-49.34964,,False,1,2,2023-06-14T17:46:51.580738+00:00
CUR_JI018,Curitiba,4106902,1,,860,,,-25.445855,-49.346883,,False,1,1,2023-06-14T17:46:51.580738+00:00
CUR_JA032,Curitiba,4106902,1,,860,,,-25.464558,-49.344333,,False,1,1,2023-06-14T17:37:51.580738+00:00
CUR_BI875,Curitiba,4106902,1,,366,,,-25.423975,-49.25359,,False,7,2,2023-06-14T17:46:51.580738+00:00
CUR_BI864,Curitiba,4106902,1,,366,,,-25.432681,-49.272846,,False,7,1,2023-06-14T17:46:51.580738+00:00
CUR_BI031,Curitiba,4106902,1,,816,,,-25.413433,-49.322386,,False,1,1,2023-06-14T17:46:51.580738+00:00
CUR_BC004,Curitiba,4106902,1,,816,,,-25.435671,-49.313666,,False,1,2,2023-06-14T17:46:51.580738+00:00
CUR_BI004,Curitiba,4106902,1,Auto Viação São José,211,https://moovitapp.com/index/pt-br/transporte_p%C3%BAblico-line-211_PIT_PRA%C3%87A_DA_JUVENTUDE_IZAURA_IP%C3%8A-Curitiba-942-857412-73553392-0,-1.0,-25.409311,-49.219993,,False,1,1,2023-06-14T17:46:51.580738+00:00
CUR_BI009,Curitiba,4106902,1,Auto Viação São José,211,https://moovitapp.com/index/pt-br/transporte_p%C3%BAblico-line-211_PIT_PRA%C3%87A_DA_JUVENTUDE_IZAURA_IP%C3%8A-Curitiba-942-857412-73553392-0,-1.0,-25.406481,-49.247875,,False,1,2,2023-06-14T17:46:51.580738+00:00
CUR_BI011,Curitiba,4106902,1,,236,,,-25.373895,-49.224915,,False,1,2,2023-06-14T17:46:51.580738+00:00
CUR_KI002,Curitiba,4106902,1,,472,,,-25.459118,-49.250696,,False,1,2,2023-06-14T17:46:51.580738+00:00
CUR_HI860,Curitiba,4106902,1,,674,,,-25.443776,-49.273511,,False,7,2,2023-06-14T17:46:51.580738+00:00
CUR_EI015,Curitiba,4106902,1,,511,,,-25.495375,-49.248806,,False,1,2,2023-06-14T17:46:51.580738+00:00
CUR_EI019,Curitiba,4106902,1,,511,,,-25.500951,-49.252698,,False,1,1,2023-06-14T17:46:51.580738+00:00
CUR_DA293,Curitiba,4106902,1,,323,,,-25.451786,-49.215006,,False,1,,2023-06-14T17:44:51.580738+00:00
CUR_EA023,Curitiba,4106902,1,Auto Viação São José,531,https://moovitapp.com/index/pt-br/transporte_p%C3%BAblico-line-531_BAIRRO_A_BAIRRO_1-Curitiba-942-857412-1570571-0,-1.0,-25.529821,-49.247333,,False,1,1,2023-06-14T17:46:51.580738+00:00
CUR_EA024,Curitiba,4106902,1,Auto Viação São José,531,https://moovitapp.com/index/pt-br/transporte_p%C3%BAblico-line-531_BAIRRO_A_BAIRRO_1-Curitiba-942-857412-1570571-0,-1.0,-25.53058,-49.245868,,False,1,2,2023-06-14T17:46:51.580738+00:00
CUR_HE731,Curitiba,4106902,0,URBS,603,https://moovitapp.com/index/pt-br/transporte_p%C3%BAblico-line-603_PINHEIRINHO_RUI_BARBOSA-Curitiba-942-9628-484781-0,-1.0,-25.46443,-49.29117,,False,5,1,2023-06-14T17:45:51.580738+00:00
CUR_HE717,Curitiba,4106902,0,URBS,603,https://moovitapp.com/index/pt-br/transporte_p%C3%BAblico-line-603_PINHEIRINHO_RUI_BARBOSA-Curitiba-942-9628-484781-0,-1.0,-25.50072,-49.296005,,False,5,2,2023-06-14T17:46:51.580738+00:00
CUR_HE702,Curitiba,4106902,0,URBS,603,https://moovitapp.com/index/pt-br/transporte_p%C3%BAblico-line-603_PINHEIRINHO_RUI_BARBOSA-Curitiba-942-9628-484781-0,-1.0,-25.476056,-49.292595,,False,5,1,2023-06-14T17:44:51.580738+00:00
CUR_HE724,Curitiba,4106902,0,URBS,603,https://moovitapp.com/index/pt-br/transporte_p%C3%BAblico-line-603_PINHEIRINHO_RUI_BARBOSA-Curitiba-942-9628-484781-0,-1.0,-25.442806,-49.279953,,False,5,1,2023-06-14T17:46:51.580738+00:00
CUR_HE703,Curitiba,4106902,0,URBS,603,https://moovitapp.com/index/pt-br/transporte_p%C3%BAblico-line-603_PINHEIRINHO_RUI_BARBOSA-Curitiba-942-9628-484781-0,-1.0,-25.443576,-49.282355,,False,5,2,2023-06-14T17:46:51.580738+00:00
CUR_HE727,Curitiba,4106902,0,URBS,603,https://moovitapp.com/index/pt-br/transporte_p%C3%BAblico-line-603_PINHEIRINHO_RUI_BARBOSA-Curitiba-942-9628-484781-0,-1.0,-25.45282,-49.287871,,False,5,2,2023-06-14T17:46:51.580738+00:00
CUR_HE704,Curitiba,4106902,0,URBS,603,https://moovitapp.com/index/pt-br/transporte_p%C3%BAblico-line-603_PINHEIRINHO_RUI_BARBOSA-Curitiba-942-9628-484781-0,-1.0,-25.512755,-49.295656,,False,5,2,2023-06-14T17:46:51.580738+00:00
CUR_HE725,Curitiba,4106902,0,URBS,603,https://moovitapp.com/index/pt-br/transporte_p%C3%BAblico-line-603_PINHEIRINHO_RUI_BARBOSA-Curitiba-942-9628-484781-0,-1.0,-25.511946,-49.295685,,False,5,1,2023-06-14T17:46:51.580738+00:00
CUR_HE728,Curitiba,4106902,0,URBS,603,https://moovitapp.com/index/pt-br/transporte_p%C3%BAblico-line-603_PINHEIRINHO_RUI_BARBOSA-Curitiba-942-9628-484781-0,-1.0,-25.477581,-49.292181,,False,5,2,2023-06-14T17:46:51.580738+00:00
CUR_HE726,Curitiba,4106902,0,URBS,603,https://moovitapp.com/index/pt-br/transporte_p%C3%BAblico-line-603_PINHEIRINHO_RUI_BARBOSA-Curitiba-942-9628-484781-0,-1.0,-25.436221,-49.274011,,False,5,1,2023-06-14T17:46:51.580738+00:00
CUR_HA019,Curitiba,4106902,1,,646,,,-25.550355,-49.305,,False,1,2,2023-06-14T17:44:51.580738+00:00
CUR_HI600,Curitiba,4106902,1,,646,,,-25.599018,-49.330175,,False,4,2,2023-06-14T17:46:51.580738+00:00
CUR_HA024,Curitiba,4106902,1,,646,,,-25.523038,-49.292798,,False,1,1,2023-06-14T17:46:51.580738+00:00
CUR_GI012,Curitiba,4106902,1,,649,,,-25.53323,-49.273796,,False,1,2,2023-06-14T17:46:51.580738+00:00
CUR_GC004,Curitiba,4106902,1,,649,,,-25.518785,-49.295475,,False,1,1,2023-06-14T17:44:51.580738+00:00
CUR_GE727,Curitiba,4106902,0,URBS,550,https://moovitapp.com/index/pt-br/transporte_p%C3%BAblico-line-550_LIGEIR%C3%83O_PINHEIRINHO_CARLOS_GOMES-Curitiba-942-9628-1254061-0,-1.0,-25.456963,-49.25928,,False,5,2,2023-06-14T17:46:51.580738+00:00
CUR_GE705,Curitiba,4106902,0,URBS,550,https://moovitapp.com/index/pt-br/transporte_p%C3%BAblico-line-550_LIGEIR%C3%83O_PINHEIRINHO_CARLOS_GOMES-Curitiba-942-9628-1254061-0,-1.0,-25.435553,-49.268298,,False,5,1,2023-06-14T17:46:51.580738+00:00
CUR_GE716,Curitiba,4106902,0,URBS,550,https://moovitapp.com/index/pt-br/transporte_p%C3%BAblico-line-550_LIGEIR%C3%83O_PINHEIRINHO_CARLOS_GOMES-Curitiba-942-9628-1254061-0,-1.0,-25.512126,-49.294633,,False,5,1,2023-06-14T17:46:51.580738+00:00
CUR_HE719,Curitiba,4106902,0,URBS,550,https://moovitapp.com/index/pt-br/transporte_p%C3%BAblico-line-550_LIGEIR%C3%83O_PINHEIRINHO_CARLOS_GOMES-Curitiba-942-9628-1254061-0,-1.0,-25.484938,-49.266576,,False,5,1,2023-06-14T17:46:51.580738+00:00
CUR_HE720,Curitiba,4106902,0,URBS,550,https://moovitapp.com/index/pt-br/transporte_p%C3%BAblico-line-550_LIGEIR%C3%83O_PINHEIRINHO_CARLOS_GOMES-Curitiba-942-9628-1254061-0,-1.0,-25.482025,-49.264173,,False,5,2,2023-06-14T17:46:51.580738+00:00
CUR_HE711,Curitiba,4106902,0,URBS,550,https://moovitapp.com/index/pt-br/transporte_p%C3%BAblico-line-550_LIGEIR%C3%83O_PINHEIRINHO_CARLOS_GOMES-Curitiba-942-9628-1254061-0,-1.0,-25.47106,-49.255446,,False,5,1,2023-06-14T17:46:51.580738+00:00
CUR_DA296,Curitiba,4106902,1,,332,,,-25.47013,-49.208266,,False,1,,2023-06-14T17:46:51.580738+00:00
CUR_DA297,Curitiba,4106902,1,,332,,,-25.466638,-49.19564,,False,1,,2023-06-14T17:46:51.580738+00:00
CUR_GI010,Curitiba,4106902,1,,541,,,-25.543618,-49.248621,,False,1,2,2023-06-14T17:46:51.580738+00:00
CUR_GC001,Curitiba,4106902,1,,541,,,-25.534281,-49.268005,,False,1,1,2023-06-14T17:46:51.580738+00:00
CUR_BI020,Curitiba,4106902,1,,231,,,-25.374715,-49.221815,,False,1,1,2023-06-14T17:46:51.580738+00:00
CUR_BB605,Curitiba,4106902,1,,020,,,-25.436193,-49.305778,,False,4,,2023-06-14T17:45:51.580738+00:00
CUR_BB603,Curitiba,4106902,1,,020,,,-25.429298,-49.222103,,False,4,,2023-06-14T17:46:51.580738+00:00
CUR_CB603,Curitiba,4106902,1,,020,,,-25.407058,-49.252868,,False,4,,2023-06-14T17:46:51.580738+00:00
CUR_EB604,Curitiba,4106902,1,,020,,,-25.477756,-49.29682,,False,4,,2023-06-14T17:46:51.580738+00:00
CUR_EB606,Curitiba,4106902,1,,020,,,-25.493495,-49.262071,,False,4,,2023-06-14T17:46:51.580738+00:00
CUR_KB604,Curitiba,4106902,1,,020,,,-25.389265,-49.28345,,False,4,,2023-06-14T17:46:51.580738+00:00
CUR_HB611,Curitiba,4106902,1,,020,,,-25.467838,-49.235091,,False,4,,2023-06-14T17:46:51.580738+00:00
CUR_HA198,Curitiba,4106902,1,,612,,,-25.485986,-49.318476,,False,1,1,2023-06-14T17:46:51.580738+00:00
CUR_BI857,Curitiba,4106902,1,,244,,,-25.372565,-49.253331,,False,7,2,2023-06-14T17:33:51.580738+00:00
CUR_JI013,Curitiba,4106902,1,,721,,,-25.483878,-49.350358,,False,1,1,2023-06-14T17:44:51.580738+00:00
CUR_DA033,Curitiba,4106902,1,,621,,,-25.492111,-49.293201,,False,1,2,2023-06-14T17:46:51.580738+00:00
CUR_DA291,Curitiba,4106902,1,,621,,,-25.474635,-49.25755,,False,1,1,2023-06-14T17:44:51.580738+00:00
CUR_DC088,Curitiba,4106902,1,,621,,,-25.483836,-49.254328,,False,1,2,2023-06-14T17:46:51.580738+00:00
CUR_HA311,Curitiba,4106902,1,,863,,,-25.448205,-49.27179,,False,3,1,2023-06-14T17:46:51.580738+00:00
CUR_HI001,Curitiba,4106902,1,,863,,,-25.445771,-49.270216,,False,1,2,2023-06-14T17:46:51.580738+00:00
CUR_HI013,Curitiba,4106902,1,,826,,,-25.492138,-49.343701,,False,1,1,2023-06-14T17:46:51.580738+00:00
CUR_HI008,Curitiba,4106902,1,,826,,,-25.483695,-49.350306,,False,1,2,2023-06-14T17:46:51.580738+00:00
CUR_HA130,Curitiba,4106902,1,,826,,,-25.539228,-49.307755,,False,1,2,2023-06-14T17:46:51.580738+00:00
CUR_HA020,Curitiba,4106902,1,,826,,,-25.539198,-49.307746,,False,1,2,2023-06-14T17:46:51.580738+00:00
CUR_HI021,Curitiba,4106902,1,,826,,,-25.539295,-49.307101,,False,1,1,2023-06-14T17:46:51.580738+00:00
CUR_HI032,Curitiba,4106902,1,,826,,,-25.539275,-49.307723,,False,1,2,2023-06-14T17:46:51.580738+00:00
CUR_JC301,Curitiba,4106902,1,,826,,,-25.443765,-49.353323,,False,3,1,2023-06-14T17:46:51.580738+00:00
CUR_JI863,Curitiba,4106902,1,,762,,,-25.464618,-49.299716,,False,7,2,2023-06-14T17:46:51.580738+00:00
CUR_HA025,Curitiba,4106902,1,,773,,,-25.552686,-49.333016,,False,1,1,2023-06-14T17:43:51.580738+00:00
CUR_CI001,Curitiba,4106902,1,,380,,,-25.430083,-49.271381,,False,1,2,2023-06-14T17:46:51.580738+00:00
CUR_CC302,Curitiba,4106902,1,,380,,,-25.428336,-49.229351,,False,10,1,2023-06-14T17:46:51.580738+00:00
CUR_HC301,Curitiba,4106902,1,,380,,,-25.435993,-49.287503,,False,10,1,2023-06-14T17:46:51.580738+00:00
CUR_GC003,Curitiba,4106902,1,,635,,,-25.525603,-49.291883,,False,1,1,2023-06-14T17:46:51.580738+00:00
CUR_GL327,Curitiba,4106902,1,URBS,508,https://moovitapp.com/index/pt-br/transporte_p%C3%BAblico-line-508_S%C3%8DTIO_CERCADO_ANTI_HOR%C3%81RIO-Curitiba-942-9628-294520-0,-1.0,-25.432381,-49.265523,,False,3,,2023-06-14T17:46:51.580738+00:00
CUR_GL314,Curitiba,4106902,0,URBS,508,https://moovitapp.com/index/pt-br/transporte_p%C3%BAblico-line-508_S%C3%8DTIO_CERCADO_ANTI_HOR%C3%81RIO-Curitiba-942-9628-294520-0,-1.0,-25.510746,-49.232978,,False,3,,2023-06-14T17:46:51.580738+00:00
CUR_GL329,Curitiba,4106902,1,URBS,508,https://moovitapp.com/index/pt-br/transporte_p%C3%BAblico-line-508_S%C3%8DTIO_CERCADO_ANTI_HOR%C3%81RIO-Curitiba-942-9628-294520-0,-1.0,-25.534681,-49.268426,,False,3,,2023-06-14T17:46:51.580738+00:00
CUR_GL309,Curitiba,4106902,0,URBS,508,https://moovitapp.com/index/pt-br/transporte_p%C3%BAblico-line-508_S%C3%8DTIO_CERCADO_ANTI_HOR%C3%81RIO-Curitiba-942-9628-294520-0,-1.0,-25.51123,-49.297258,,False,3,,2023-06-14T17:46:51.580738+00:00
CUR_GL328,Curitiba,4106902,1,URBS,508,https://moovitapp.com/index/pt-br/transporte_p%C3%BAblico-line-508_S%C3%8DTIO_CERCADO_ANTI_HOR%C3%81RIO-Curitiba-942-9628-294520-0,-1.0,-25.465446,-49.292546,,False,3,,2023-06-14T17:46:51.580738+00:00
CUR_HL317,Curitiba,4106902,0,URBS,508,https://moovitapp.com/index/pt-br/transporte_p%C3%BAblico-line-508_S%C3%8DTIO_CERCADO_ANTI_HOR%C3%81RIO-Curitiba-942-9628-294520-0,-1.0,-25.448565,-49.257811,,False,3,,2023-06-14T17:46:51.580738+00:00
CUR_BC017,Curitiba,4106902,1,,166,,,-25.392418,-49.303303,,False,1,1,2023-06-14T17:46:51.580738+00:00
CUR_BA015,Curitiba,4106902,1,,166,,,-25.428381,-49.272485,,False,1,1,2023-06-14T17:45:51.580738+00:00
CUR_BC009,Curitiba,4106902,1,,870,,,-25.418946,-49.354308,,False,1,1,2023-06-14T17:46:51.580738+00:00
CUR_BC008,Curitiba,4106902,1,,870,,,-25.433936,-49.310671,,False,1,2,2023-06-14T17:46:51.580738+00:00
CUR_BC014,Curitiba,4106902,1,,870,,,-25.429323,-49.286828,,False,1,1,2023-06-14T17:46:51.580738+00:00
CUR_DN601,Curitiba,4106902,1,,387,,,-25.443245,-49.225846,,False,7,2,2023-06-14T17:45:51.580738+00:00
CUR_BA030,Curitiba,4106902,1,,226,,,-25.393601,-49.240821,,False,1,2,2023-06-14T17:46:51.580738+00:00
CUR_GI023,Curitiba,4106902,1,,639,,,-25.532106,-49.297136,,False,1,1,2023-06-14T17:46:51.580738+00:00
CUR_GI022,Curitiba,4106902,1,,639,,,-25.552666,-49.288418,,False,1,2,2023-06-14T17:46:51.580738+00:00
CUR_HA023,Curitiba,4106902,1,,681,,,-25.564926,-49.328158,,False,1,1,2023-06-14T17:46:51.580738+00:00
CUR_HI019,Curitiba,4106902,1,,681,,,-25.525581,-49.297366,,False,1,2,2023-06-14T17:46:51.580738+00:00
CUR_BA036,Curitiba,4106902,1,,183,,,-25.403645,-49.271323,,False,1,2,2023-06-14T17:46:51.580738+00:00
CUR_BI860,Curitiba,4106902,1,,237,,,-25.38017,-49.20768,,False,7,,2023-06-14T17:46:51.580738+00:00
CUR_GE607,Curitiba,4106902,0,URBS,350,https://moovitapp.com/index/pt-br/transporte_p%C3%BAblico-line-350_FAGUNDES_VARELA_PINHEIRINHO-Curitiba-942-9628-52482798-0,-1.0,-25.497653,-49.276945,,False,4,1,2023-06-14T17:46:51.580738+00:00
CUR_BE718,Curitiba,4106902,0,URBS,350,https://moovitapp.com/index/pt-br/transporte_p%C3%BAblico-line-350_FAGUNDES_VARELA_PINHEIRINHO-Curitiba-942-9628-52482798-0,-1.0,-25.43224,-49.230323,,False,5,1,2023-06-14T17:46:51.580738+00:00
CUR_HE700,Curitiba,4106902,0,URBS,350,https://moovitapp.com/index/pt-br/transporte_p%C3%BAblico-line-350_FAGUNDES_VARELA_PINHEIRINHO-Curitiba-942-9628-52482798-0,-1.0,-25.47497,-49.258733,,False,5,2,2023-06-14T17:46:51.580738+00:00
CUR_BB308,Curitiba,4106902,1,,011,,,-25.437446,-49.292113,,False,10,,2023-06-14T17:45:51.580738+00:00
CUR_BB498,Curitiba,4106902,1,,011,,,-25.433616,-49.256093,,False,3,,2023-06-14T17:46:51.580738+00:00
CUR_BI876,Curitiba,4106902,1,,275,,,-25.40418,-49.259526,,False,7,1,2023-06-14T17:46:51.580738+00:00
CUR_BI892,Curitiba,4106902,1,,275,,,-25.38758,-49.259836,,False,7,2,2023-06-14T17:46:51.580738+00:00
CUR_BI874,Curitiba,4106902,1,,266,,,-25.38569,-49.248753,,False,7,2,2023-06-14T17:46:51.580738+00:00
CUR_BC321,Curitiba,4106902,1,,170,,,-25.381661,-49.300785,,False,3,2,2023-06-14T17:46:51.580738+00:00
CUR_BC300,Curitiba,4106902,1,,170,,,-25.426853,-49.271571,,False,3,1,2023-06-14T17:46:51.580738+00:00
CUR_BI889,Curitiba,4106902,1,,385,,,-25.431345,-49.27541,,False,7,1,2023-06-14T17:45:51.580738+00:00
CUR_GI021,Curitiba,4106902,1,,625,,,-25.524141,-49.26938,,False,1,1,2023-06-14T17:46:51.580738+00:00
CUR_GI040,Curitiba,4106902,1,,625,,,-25.494693,-49.286893,,False,1,2,2023-06-14T17:46:51.580738+00:00
CUR_GI036,Curitiba,4106902,1,,625,,,-25.533325,-49.266715,,False,1,2,2023-06-14T17:46:51.580738+00:00
CUR_GC006,Curitiba,4106902,1,,625,,,-25.491945,-49.29323,,False,1,1,2023-06-14T17:46:51.580738+00:00
CUR_BA024,Curitiba,4106902,1,,375,,,-25.416388,-49.216695,,False,1,2,2023-06-14T17:46:51.580738+00:00
CUR_BI007,Curitiba,4106902,1,,374,,,-25.417311,-49.24922,,False,1,2,2023-06-14T17:46:51.580738+00:00
CUR_BI005,Curitiba,4106902,1,,374,,,-25.428548,-49.266886,,False,1,1,2023-06-14T17:45:51.580738+00:00
CUR_HA615,Curitiba,4106902,1,,684,,,-25.524121,-49.295788,,False,4,1,2023-06-14T17:46:51.580738+00:00
CUR_HI602,Curitiba,4106902,1,,684,,,-25.552951,-49.305568,,False,4,2,2023-06-14T17:46:51.580738+00:00
CUR_HA612,Curitiba,4106902,1,,684,,,-25.514948,-49.29572,,False,4,2,2023-06-14T17:46:51.580738+00:00
CUR_HA616,Curitiba,4106902,1,,684,,,-25.580925,-49.336081,,False,4,1,2023-06-14T17:46:51.580738+00:00
CUR_DR408,Curitiba,4106902,1,,335,,,-25.469773,-49.208328,,False,4,2,2023-06-14T17:46:51.580738+00:00
CUR_EI008,Curitiba,4106902,1,,335,,,-25.517153,-49.23055,,False,1,1,2023-06-14T17:46:51.580738+00:00
CUR_BB307,Curitiba,4106902,1,,010,,,-25.428373,-49.2553,,False,10,,2023-06-14T17:46:51.580738+00:00
CUR_BB303,Curitiba,4106902,1,,010,,,-25.440408,-49.286916,,False,10,,2023-06-14T17:46:51.580738+00:00
CUR_JI860,Curitiba,4106902,1,,779,,,-25.458075,-49.321671,,False,7,2,2023-06-14T17:46:51.580738+00:00
CUR_JC315,Curitiba,4106902,1,,778,,,-25.45333,-49.29912,,False,3,2,2023-06-14T17:46:51.580738+00:00
CUR_JC309,Curitiba,4106902,1,,778,,,-25.466825,-49.33022,,False,3,1,2023-06-14T17:46:51.580738+00:00
CUR_BI024,Curitiba,4106902,1,,242,,,-25.35133,-49.250961,,False,1,1,2023-06-14T17:43:51.580738+00:00
CUR_HI855,Curitiba,4106902,1,,814,,,-25.443221,-49.32855,,False,7,2,2023-06-14T17:46:51.580738+00:00
CUR_DC850,Curitiba,4106902,1,,477,,,-25.444716,-49.267331,,False,7,1,2023-06-14T17:46:51.580738+00:00
CUR_MI002,Curitiba,4106902,1,,821,,,-25.40586,-49.335505,,False,1,2,2023-06-14T17:38:51.580738+00:00
CUR_CA600,Curitiba,4106902,1,Auto Viação São José,216,https://moovitapp.com/index/pt-br/transporte_p%C3%BAblico-line-216_PIT_PRA%C3%87A_DA_JUVENTUDE_SANTA_F%C3%89_PINDORAMA-Curitiba-942-857412-122004458-0,-1.0,-25.426588,-49.248885,,False,4,1,2023-06-14T17:46:51.580738+00:00
CUR_BA603,Curitiba,4106902,1,Auto Viação São José,216,https://moovitapp.com/index/pt-br/transporte_p%C3%BAblico-line-216_PIT_PRA%C3%87A_DA_JUVENTUDE_SANTA_F%C3%89_PINDORAMA-Curitiba-942-857412-122004458-0,-1.0,-25.457458,-49.269555,,False,4,2,2023-06-14T17:46:51.580738+00:00
CUR_CA010,Curitiba,4106902,1,Auto Viação São José,216,https://moovitapp.com/index/pt-br/transporte_p%C3%BAblico-line-216_PIT_PRA%C3%87A_DA_JUVENTUDE_SANTA_F%C3%89_PINDORAMA-Curitiba-942-857412-122004458-0,-1.0,-25.455356,-49.267246,,False,1,2,2023-06-14T17:46:51.580738+00:00
CUR_HI609,Curitiba,4106902,1,Auto Viação São José,216,https://moovitapp.com/index/pt-br/transporte_p%C3%BAblico-line-216_PIT_PRA%C3%87A_DA_JUVENTUDE_SANTA_F%C3%89_PINDORAMA-Curitiba-942-857412-122004458-0,-1.0,-25.452385,-49.266988,,False,4,1,2023-06-14T17:44:51.580738+00:00
CUR_HA021,Curitiba,4106902,1,,628,,,-25.549203,-49.326135,,False,1,1,2023-06-14T17:45:51.580738+00:00
CUR_HA194,Curitiba,4106902,1,,628,,,-25.491688,-49.293126,,False,1,1,2023-06-14T17:46:51.580738+00:00
CUR_BC306,Curitiba,4106902,1,,182,,,-25.376995,-49.27476,,False,3,1,2023-06-14T17:45:51.580738+00:00
CUR_BC311,Curitiba,4106902,1,,182,,,-25.41213,-49.271618,,False,3,2,2023-06-14T17:42:51.580738+00:00
CUR_BI870,Curitiba,4106902,1,Auto Viação São José,212,https://moovitapp.com/index/pt-br/transporte_p%C3%BAblico-line-212_PIT_PRA%C3%87A_DA_JUVENTUDE_SANTA_F%C3%89_CRISTAL-Curitiba-942-857412-73656311-0,-1.0,-25.401343,-49.21783,,False,7,1,2023-06-14T17:46:51.580738+00:00
CUR_BA016,Curitiba,4106902,1,,827,,,-25.43772,-49.361596,,False,1,1,2023-06-14T17:46:51.580738+00:00
CUR_JI019,Curitiba,4106902,1,,711,,,-25.472051,-49.347013,,False,1,2,2023-06-14T17:46:51.580738+00:00
CUR_GI052,Curitiba,4106902,1,,553,,,-25.534708,-49.269856,,False,1,1,2023-06-14T17:46:51.580738+00:00
CUR_GC010,Curitiba,4106902,1,,553,,,-25.558005,-49.25118,,False,1,1,2023-06-14T17:46:51.580738+00:00
CUR_GI045,Curitiba,4106902,1,,553,,,-25.551423,-49.248958,,False,1,2,2023-06-14T17:45:51.580738+00:00
CUR_HA017,Curitiba,4106902,1,,653,,,-25.499503,-49.34426,,False,1,2,2023-06-14T17:46:51.580738+00:00
CUR_HA016,Curitiba,4106902,1,,653,,,-25.495713,-49.33524,,False,1,1,2023-06-14T17:46:51.580738+00:00
CUR_BI885,Curitiba,4106902,1,Auto Viação São José,214,https://moovitapp.com/index/pt-br/transporte_p%C3%BAblico-line-214_PIT_PRA%C3%87A_DA_JUVENTUDE_CRISTAL_BLANCO_POMBO_ANTI_HOR%C3%81RIO-Curitiba-942-857412-119631273-0,-1.0,-25.38313,-49.224956,,False,7,2,2023-06-14T17:46:51.580738+00:00
CUR_BI900,Curitiba,4106902,1,,386,,,-25.436605,-49.220891,,False,7,1,2023-06-14T17:46:51.580738+00:00
CUR_JI949,Curitiba,4106902,1,,861,,,-25.438331,-49.27287,,False,7,2,2023-06-14T17:46:51.580738+00:00
CUR_BA002,Curitiba,4106902,1,,243,,,-25.377691,-49.26247,,False,1,2,2023-06-14T17:46:51.580738+00:00
CUR_DC851,Curitiba,4106902,1,,461,,,-25.435075,-49.269176,,False,7,2,2023-06-14T17:46:51.580738+00:00
CUR_DC853,Curitiba,4106902,1,,465,,,-25.46789,-49.254546,,False,7,,2023-06-14T17:39:51.580738+00:00
CUR_JI855,Curitiba,4106902,1,,761,,,-25.449016,-49.366985,,False,7,,2023-06-14T17:37:51.580738+00:00
CUR_HL314,Curitiba,4106902,0,URBS,024,https://moovitapp.com/index/pt-br/transporte_p%C3%BAblico-line-024_CAP%C3%83O_RASO_CAMPINA_DO_SIQUEIRA-Curitiba-942-9628-1323693-0,-1.0,-25.430918,-49.317361,,False,3,,2023-06-14T17:42:51.580738+00:00
CUR_MT006,Curitiba,4106902,1,,979,,,-25.407161,-49.282908,,False,3,,2023-06-14T17:44:51.580738+00:00
CUR_DA014,Curitiba,4106902,1,,321,,,-25.469186,-49.207968,,False,1,2,2023-06-14T17:46:51.580738+00:00
CUR_BC015,Curitiba,4106902,1,,171,,,-25.389101,-49.283335,,False,1,1,2023-06-14T17:46:51.580738+00:00
CUR_HI046,Curitiba,4106902,1,,615,,,-25.475581,-49.29323,,False,1,1,2023-06-14T17:46:51.580738+00:00
CUR_MI850,Curitiba,4106902,1,,913,,,-25.405305,-49.351658,,False,7,1,2023-06-14T17:45:51.580738+00:00
CUR_BI879,Curitiba,4106902,1,,311,,,-25.439781,-49.22216,,False,7,1,2023-06-14T17:46:51.580738+00:00
CUR_BC932,Curitiba,4106902,1,,365,,,-25.434806,-49.275036,,False,7,2,2023-06-14T17:46:51.580738+00:00
CUR_BI901,Curitiba,4106902,1,,365,,,-25.417283,-49.2248,,False,7,2,2023-06-14T17:46:51.580738+00:00
CUR_BI898,Curitiba,4106902,1,,169,,,-25.397885,-49.286821,,False,7,2,2023-06-14T17:46:51.580738+00:00
CUR_BI853,Curitiba,4106902,1,,169,,,-25.409396,-49.27595,,False,7,1,2023-06-14T17:46:51.580738+00:00
CUR_BE724,Curitiba,4106902,0,URBS,200,https://moovitapp.com/index/pt-br/transporte_p%C3%BAblico-line-200_LIGEIR%C3%83O_SANTA_C%C3%82NDIDA_PRA%C3%87A_DO_JAP%C3%83O-Curitiba-942-9628-1323763-0,-1.0,-25.404476,-49.25069,,False,5,2,2023-06-14T17:46:51.580738+00:00
CUR_GE706,Curitiba,4106902,0,URBS,200,https://moovitapp.com/index/pt-br/transporte_p%C3%BAblico-line-200_LIGEIR%C3%83O_SANTA_C%C3%82NDIDA_PRA%C3%87A_DO_JAP%C3%83O-Curitiba-942-9628-1323763-0,-1.0,-25.441648,-49.277151,,False,5,1,2023-06-14T17:46:51.580738+00:00
CUR_BE710,Curitiba,4106902,0,URBS,200,https://moovitapp.com/index/pt-br/transporte_p%C3%BAblico-line-200_LIGEIR%C3%83O_SANTA_C%C3%82NDIDA_PRA%C3%87A_DO_JAP%C3%83O-Curitiba-942-9628-1323763-0,-1.0,-25.377453,-49.22467,,False,5,1,2023-06-14T17:46:51.580738+00:00
CUR_BE721,Curitiba,4106902,0,URBS,200,https://moovitapp.com/index/pt-br/transporte_p%C3%BAblico-line-200_LIGEIR%C3%83O_SANTA_C%C3%82NDIDA_PRA%C3%87A_DO_JAP%C3%83O-Curitiba-942-9628-1323763-0,-1.0,-25.437431,-49.266153,,False,5,2,2023-06-14T17:46:51.580738+00:00
CUR_BE723,Curitiba,4106902,0,URBS,200,https://moovitapp.com/index/pt-br/transporte_p%C3%BAblico-line-200_LIGEIR%C3%83O_SANTA_C%C3%82NDIDA_PRA%C3%87A_DO_JAP%C3%83O-Curitiba-942-9628-1323763-0,-1.0,-25.398425,-49.245145,,False,5,1,2023-06-14T17:41:51.580738+00:00
CUR_JA035,Curitiba,4106902,1,,719,,,-25.474551,-49.359163,,False,1,1,2023-06-14T17:44:51.580738+00:00
CUR_JI015,Curitiba,4106902,1,,719,,,-25.477063,-49.33727,,False,1,2,2023-06-14T17:46:51.580738+00:00
CUR_JI853,Curitiba,4106902,1,,825,,,-25.464286,-49.369038,,False,7,2,2023-06-14T17:39:51.580738+00:00
CUR_EI014,Curitiba,4106902,1,,533,,,-25.5198,-49.231255,,False,1,,2023-06-14T17:46:51.580738+00:00
CUR_BI022,Curitiba,4106902,1,,225,,,-25.376896,-49.255563,,False,1,2,2023-06-14T17:44:51.580738+00:00
CUR_BI855,Curitiba,4106902,1,,389,,,-25.429605,-49.249991,,False,7,,2023-06-14T17:46:51.580738+00:00
CUR_HI859,Curitiba,4106902,1,,865,,,-25.43852,-49.307048,,False,7,2,2023-06-14T17:46:51.580738+00:00
CUR_EI006,Curitiba,4106902,1,,X07,,,-25.549298,-49.257673,,False,1,2,2023-06-14T17:45:51.580738+00:00
CUR_EA005,Curitiba,4106902,1,,X07,,,-25.534301,-49.267956,,False,1,1,2023-06-14T17:46:51.580738+00:00
CUR_GI043,Curitiba,4106902,1,,642,,,-25.533408,-49.2966,,False,1,1,2023-06-14T17:46:51.580738+00:00
CUR_BI866,Curitiba,4106902,1,,181,,,-25.372693,-49.283085,,False,7,2,2023-06-14T17:44:51.580738+00:00
CUR_JI866,Curitiba,4106902,1,,761,,,-25.463248,-49.297205,,False,7,1,2023-06-14T17:46:51.580738+00:00
CUR_GE710,Curitiba,4106902,0,URBS,500,https://moovitapp.com/index/pt-br/transporte_p%C3%BAblico-line-500_LIGEIR%C3%83O_BOQUEIR%C3%83O-Curitiba-942-9628-294422-0,-1.0,-25.464636,-49.255483,,False,5,1,2023-06-14T17:46:51.580738+00:00
CUR_GE725,Curitiba,4106902,0,URBS,500,https://moovitapp.com/index/pt-br/transporte_p%C3%BAblico-line-500_LIGEIR%C3%83O_BOQUEIR%C3%83O-Curitiba-942-9628-294422-0,-1.0,-25.468358,-49.25365,,False,5,2,2023-06-14T17:45:51.580738+00:00
CUR_GE728,Curitiba,4106902,0,URBS,500,https://moovitapp.com/index/pt-br/transporte_p%C3%BAblico-line-500_LIGEIR%C3%83O_BOQUEIR%C3%83O-Curitiba-942-9628-294422-0,-1.0,-25.51278,-49.232005,,False,5,2,2023-06-14T17:46:51.580738+00:00
CUR_GE723,Curitiba,4106902,0,URBS,500,https://moovitapp.com/index/pt-br/transporte_p%C3%BAblico-line-500_LIGEIR%C3%83O_BOQUEIR%C3%83O-Curitiba-942-9628-294422-0,-1.0,-25.438111,-49.268513,,False,5,2,2023-06-14T17:46:51.580738+00:00
CUR_BI890,Curitiba,4106902,1,,343,,,-25.404383,-49.210078,,False,7,2,2023-06-14T17:46:51.580738+00:00
CUR_BI895,Curitiba,4106902,1,,361,,,-25.395263,-49.215456,,False,7,2,2023-06-14T17:46:51.580738+00:00
CUR_DC852,Curitiba,4106902,1,,465,,,-25.458143,-49.237418,,False,7,2,2023-06-14T17:46:51.580738+00:00
CUR_BI896,Curitiba,4106902,1,,875,,,-25.430328,-49.27248,,False,7,2,2023-06-14T17:46:51.580738+00:00
CUR_DN600,Curitiba,4106902,1,,331,,,-25.477626,-49.202628,,False,7,,2023-06-14T17:46:51.580738+00:00
CUR_MN603,Curitiba,4106902,1,,464,,,-25.435955,-49.270993,,False,7,1,2023-06-14T17:46:51.580738+00:00
CUR_GI852,Curitiba,4106902,1,,666,,,-25.494655,-49.284491,,False,7,1,2023-06-14T17:46:51.580738+00:00
CUR_DN604,Curitiba,4106902,1,,560,,,-25.444173,-49.273535,,False,7,2,2023-06-14T17:46:51.580738+00:00
CUR_BA018,Curitiba,4106902,1,,829,,,-25.450455,-49.354403,,False,1,,2023-06-14T17:46:51.580738+00:00
CUR_BI852,Curitiba,4106902,1,,164,,,-25.414781,-49.284475,,False,7,1,2023-06-14T17:46:51.580738+00:00
CUR_BL339,Curitiba,4106902,0,URBS,518,https://moovitapp.com/index/pt-br/transporte_p%C3%BAblico-line-518_PUC_RODOFERROVI%C3%81RIA-Curitiba-942-9628-743528-0,-1.0,-25.456286,-49.250918,,False,3,2,2023-06-14T17:46:51.580738+00:00
CUR_DL306,Curitiba,4106902,0,URBS,469,https://moovitapp.com/index/pt-br/transporte_p%C3%BAblico-line-469_CENTRO_POLIT%C3%89CNICO-Curitiba-942-9628-294421-0,-1.0,-25.419748,-49.268876,,False,3,1,2023-06-14T17:46:51.580738+00:00
CUR_BT007,Curitiba,4106902,0,,979,,,-25.448028,-49.257891,,False,3,,2023-06-14T17:46:51.580738+00:00
CUR_BT009,Curitiba,4106902,0,,979,,,-25.428043,-49.271031,,False,3,,2023-06-14T17:46:51.580738+00:00
CUR_BT010,Curitiba,4106902,0,,979,,,-25.402308,-49.331311,,False,3,,2023-06-14T17:46:51.580738+00:00
CUR_MT013,Curitiba,4106902,0,,979,,,-25.383553,-49.291223,,False,3,,2023-06-14T17:46:51.580738+00:00
CUR_MT008,Curitiba,4106902,1,,979,,,-25.419151,-49.294728,,False,3,,2023-06-14T17:46:51.580738+00:00
CUR_MT010,Curitiba,4106902,0,,979,,,-25.428643,-49.26329,,False,3,,2023-06-14T17:46:51.580738+00:00
CUR_HI853,Curitiba,4106902,1,,644,,,-25.515173,-49.320318,,False,7,1,2023-06-14T17:46:51.580738+00:00
