bus_id,city,city_code,adapted,agency,line_code,line_url,line_fare,latitude,longitude,bus_speed,is_eletric,bus_type,bus_direction,updated_at
CUR_BC020,Curitiba,4106902,1,,870,,,-25.41897,-49.351056,,False,1,2,2023-06-19T10:44:14.679916+00:00
CUR_BC008,Curitiba,4106902,1,,870,,,-25.429721,-49.272608,,False,1,1,2023-06-19T10:39:14.679916+00:00
CUR_BC014,Curitiba,4106902,1,,870,,,-25.430525,-49.317813,,False,1,2,2023-06-19T10:45:14.679916+00:00
CUR_DE703,Curitiba,4106902,0,URBS,302,https://moovitapp.com/index/pt-br/transporte_p%C3%BAblico-line-302_CENTEN%C3%81RIO_RUI_BARBOSA-Curitiba-942-9628-294501-0,-1.0,-25.458926,-49.258336,,False,5,,2023-06-19T10:44:14.679916+00:00
CUR_DL317,Curitiba,4106902,0,URBS,023,https://moovitapp.com/index/pt-br/transporte_p%C3%BAblico-line-023_INTER_2_ANTI_HOR%C3%81RIO-Curitiba-942-9628-398189-0,-1.0,-25.433316,-49.212036,,False,3,,2023-06-19T10:43:14.679916+00:00
CUR_MB601,Curitiba,4106902,1,,040,,,-25.419761,-49.29397,,False,4,,2023-06-19T10:37:14.679916+00:00
CUR_DN600,Curitiba,4106902,1,,461,,,-25.468293,-49.256091,,False,7,,2023-06-19T10:41:14.679916+00:00
CUR_MC080,Curitiba,4106902,1,,972,,,-25.41914,-49.29477,,False,1,,2023-06-19T10:35:14.679916+00:00
CUR_HI854,Curitiba,4106902,1,,673,,,-25.487563,-49.2922,,False,7,2,2023-06-19T10:43:14.679916+00:00
CUR_HI862,Curitiba,4106902,1,,673,,,-25.443681,-49.273448,,False,7,1,2023-06-19T10:44:14.679916+00:00
CUR_BI030,Curitiba,4106902,1,,812,,,-25.429863,-49.32278,,False,1,1,2023-06-19T10:39:14.679916+00:00
CUR_BI026,Curitiba,4106902,1,,812,,,-25.417181,-49.342885,,False,1,2,2023-06-19T10:41:14.679916+00:00
CUR_BC022,Curitiba,4106902,1,,812,,,-25.43412,-49.309145,,False,1,2,2023-06-19T10:44:14.679916+00:00
CUR_BA022,Curitiba,4106902,1,,812,,,-25.411538,-49.361326,,False,1,1,2023-06-19T10:44:14.679916+00:00
CUR_GE607,Curitiba,4106902,0,URBS,350,https://moovitapp.com/index/pt-br/transporte_p%C3%BAblico-line-350_FAGUNDES_VARELA_PINHEIRINHO-Curitiba-942-9628-52482798-0,-1.0,-25.506661,-49.28419,,False,4,1,2023-06-19T10:43:14.679916+00:00
CUR_BE718,Curitiba,4106902,0,URBS,350,https://moovitapp.com/index/pt-br/transporte_p%C3%BAblico-line-350_FAGUNDES_VARELA_PINHEIRINHO-Curitiba-942-9628-52482798-0,-1.0,-25.459573,-49.250045,,False,5,2,2023-06-19T10:40:14.679916+00:00
CUR_HE716,Curitiba,4106902,0,URBS,350,https://moovitapp.com/index/pt-br/transporte_p%C3%BAblico-line-350_FAGUNDES_VARELA_PINHEIRINHO-Curitiba-942-9628-52482798-0,-1.0,-25.494255,-49.27419,,False,5,1,2023-06-19T10:43:14.679916+00:00
CUR_BE708,Curitiba,4106902,0,URBS,350,https://moovitapp.com/index/pt-br/transporte_p%C3%BAblico-line-350_FAGUNDES_VARELA_PINHEIRINHO-Curitiba-942-9628-52482798-0,-1.0,-25.410158,-49.220405,,False,5,1,2023-06-19T10:41:14.679916+00:00
CUR_MC304,Curitiba,4106902,1,,901,,,-25.419593,-49.293888,,False,3,2,2023-06-19T10:43:14.679916+00:00
CUR_MC300,Curitiba,4106902,1,,901,,,-25.419423,-49.294373,,False,3,1,2023-06-19T10:43:14.679916+00:00
CUR_MC306,Curitiba,4106902,1,,901,,,-25.419231,-49.294488,,False,3,1,2023-06-19T10:42:14.679916+00:00
CUR_MC307,Curitiba,4106902,1,,901,,,-25.404991,-49.327135,,False,3,1,2023-06-19T10:44:14.679916+00:00
CUR_BC009,Curitiba,4106902,1,,160,,,-25.431621,-49.271578,,False,1,1,2023-06-19T10:42:14.679916+00:00
CUR_BC025,Curitiba,4106902,1,,160,,,-25.433541,-49.272196,,False,1,2,2023-06-19T10:43:14.679916+00:00
CUR_JC306,Curitiba,4106902,1,,778,,,-25.449378,-49.366636,,False,3,2,2023-06-19T10:42:14.679916+00:00
CUR_JC314,Curitiba,4106902,1,,778,,,-25.449381,-49.36684,,False,3,2,2023-06-19T10:44:14.679916+00:00
CUR_JC300,Curitiba,4106902,1,,778,,,-25.449395,-49.366723,,False,3,1,2023-06-19T10:42:14.679916+00:00
CUR_JI300,Curitiba,4106902,0,,778,,,-25.478095,-49.329076,,False,3,1,2023-06-19T10:43:14.679916+00:00
CUR_EI015,Curitiba,4106902,1,,511,,,-25.51689,-49.230831,,False,1,1,2023-06-19T10:43:14.679916+00:00
CUR_EA007,Curitiba,4106902,1,,511,,,-25.484981,-49.252045,,False,1,2,2023-06-19T10:44:14.679916+00:00
CUR_HI023,Curitiba,4106902,1,,619,,,-25.511873,-49.324153,,False,1,1,2023-06-19T10:44:14.679916+00:00
CUR_HA600,Curitiba,4106902,1,,619,,,-25.57644,-49.33172,,False,4,2,2023-06-19T10:42:14.679916+00:00
CUR_HA609,Curitiba,4106902,1,,619,,,-25.551858,-49.333358,,False,4,2,2023-06-19T10:39:14.679916+00:00
CUR_HB300,Curitiba,4106902,1,,619,,,-25.531165,-49.323025,,False,3,1,2023-06-19T10:41:14.679916+00:00
CUR_BA021,Curitiba,4106902,1,,817,,,-25.418973,-49.343638,,False,1,1,2023-06-19T10:42:14.679916+00:00
CUR_MI001,Curitiba,4106902,1,,817,,,-25.409345,-49.321685,,False,1,1,2023-06-19T10:42:14.679916+00:00
CUR_BA013,Curitiba,4106902,1,,817,,,-25.411201,-49.333051,,False,1,2,2023-06-19T10:43:14.679916+00:00
CUR_BA602,Curitiba,4106902,1,Auto Viação São José,216,https://moovitapp.com/index/pt-br/transporte_p%C3%BAblico-line-216_PIT_PRA%C3%87A_DA_JUVENTUDE_SANTA_F%C3%89_PINDORAMA-Curitiba-942-857412-122004458-0,-1.0,-25.426341,-49.248875,,False,4,2,2023-06-19T10:44:14.679916+00:00
CUR_HA607,Curitiba,4106902,1,Auto Viação São José,216,https://moovitapp.com/index/pt-br/transporte_p%C3%BAblico-line-216_PIT_PRA%C3%87A_DA_JUVENTUDE_SANTA_F%C3%89_PINDORAMA-Curitiba-942-857412-122004458-0,-1.0,-25.463753,-49.276605,,False,4,1,2023-06-19T10:34:14.679916+00:00
CUR_CA600,Curitiba,4106902,1,Auto Viação São José,216,https://moovitapp.com/index/pt-br/transporte_p%C3%BAblico-line-216_PIT_PRA%C3%87A_DA_JUVENTUDE_SANTA_F%C3%89_PINDORAMA-Curitiba-942-857412-122004458-0,-1.0,-25.380605,-49.185911,,False,4,1,2023-06-19T10:43:14.679916+00:00
CUR_BI301,Curitiba,4106902,1,Auto Viação São José,216,https://moovitapp.com/index/pt-br/transporte_p%C3%BAblico-line-216_PIT_PRA%C3%87A_DA_JUVENTUDE_SANTA_F%C3%89_PINDORAMA-Curitiba-942-857412-122004458-0,-1.0,-25.42998,-49.249195,,False,3,1,2023-06-19T10:43:14.679916+00:00
CUR_CB600,Curitiba,4106902,1,Auto Viação São José,216,https://moovitapp.com/index/pt-br/transporte_p%C3%BAblico-line-216_PIT_PRA%C3%87A_DA_JUVENTUDE_SANTA_F%C3%89_PINDORAMA-Curitiba-942-857412-122004458-0,-1.0,-25.452478,-49.266965,,False,4,1,2023-06-19T10:43:14.679916+00:00
CUR_HI602,Curitiba,4106902,1,Auto Viação São José,216,https://moovitapp.com/index/pt-br/transporte_p%C3%BAblico-line-216_PIT_PRA%C3%87A_DA_JUVENTUDE_SANTA_F%C3%89_PINDORAMA-Curitiba-942-857412-122004458-0,-1.0,-25.462378,-49.275098,,False,4,1,2023-06-19T10:43:14.679916+00:00
CUR_HI609,Curitiba,4106902,1,Auto Viação São José,216,https://moovitapp.com/index/pt-br/transporte_p%C3%BAblico-line-216_PIT_PRA%C3%87A_DA_JUVENTUDE_SANTA_F%C3%89_PINDORAMA-Curitiba-942-857412-122004458-0,-1.0,-25.440253,-49.239513,,False,4,1,2023-06-19T10:43:14.679916+00:00
CUR_BA601,Curitiba,4106902,1,Auto Viação São José,216,https://moovitapp.com/index/pt-br/transporte_p%C3%BAblico-line-216_PIT_PRA%C3%87A_DA_JUVENTUDE_SANTA_F%C3%89_PINDORAMA-Curitiba-942-857412-122004458-0,-1.0,-25.408656,-49.25142,,False,4,2,2023-06-19T10:43:14.679916+00:00
CUR_DA699,Curitiba,4106902,1,Auto Viação São José,216,https://moovitapp.com/index/pt-br/transporte_p%C3%BAblico-line-216_PIT_PRA%C3%87A_DA_JUVENTUDE_SANTA_F%C3%89_PINDORAMA-Curitiba-942-857412-122004458-0,-1.0,-25.429625,-49.249153,,False,4,1,2023-06-19T10:43:14.679916+00:00
CUR_CA697,Curitiba,4106902,1,Auto Viação São José,216,https://moovitapp.com/index/pt-br/transporte_p%C3%BAblico-line-216_PIT_PRA%C3%87A_DA_JUVENTUDE_SANTA_F%C3%89_PINDORAMA-Curitiba-942-857412-122004458-0,-1.0,-25.38058,-49.185845,,False,4,1,2023-06-19T10:42:14.679916+00:00
CUR_DA698,Curitiba,4106902,1,Auto Viação São José,216,https://moovitapp.com/index/pt-br/transporte_p%C3%BAblico-line-216_PIT_PRA%C3%87A_DA_JUVENTUDE_SANTA_F%C3%89_PINDORAMA-Curitiba-942-857412-122004458-0,-1.0,-25.467801,-49.254576,,False,4,2,2023-06-19T10:44:14.679916+00:00
CUR_CA698,Curitiba,4106902,0,Auto Viação São José,216,https://moovitapp.com/index/pt-br/transporte_p%C3%BAblico-line-216_PIT_PRA%C3%87A_DA_JUVENTUDE_SANTA_F%C3%89_PINDORAMA-Curitiba-942-857412-122004458-0,-1.0,-25.38054,-49.185866,,False,4,1,2023-06-19T10:43:14.679916+00:00
CUR_JB611,Curitiba,4106902,1,,040,,,-25.449108,-49.367091,,False,4,1,2023-06-19T10:43:14.679916+00:00
CUR_GB603,Curitiba,4106902,1,,040,,,-25.549468,-49.291178,,False,4,1,2023-06-19T10:41:14.679916+00:00
CUR_HB694,Curitiba,4106902,1,,040,,,-25.513175,-49.295115,,False,4,1,2023-06-19T10:40:14.679916+00:00
CUR_HB699,Curitiba,4106902,1,,040,,,-25.460795,-49.345293,,False,4,1,2023-06-19T10:41:14.679916+00:00
CUR_HB602,Curitiba,4106902,1,,040,,,-25.478255,-49.330583,,False,4,2,2023-06-19T10:43:14.679916+00:00
CUR_GB609,Curitiba,4106902,1,,040,,,-25.484578,-49.321375,,False,4,1,2023-06-19T10:44:14.679916+00:00
CUR_MB605,Curitiba,4106902,1,,040,,,-25.400125,-49.332188,,False,4,2,2023-06-19T10:45:14.679916+00:00
CUR_JB609,Curitiba,4106902,1,,040,,,-25.449285,-49.36591,,False,4,2,2023-06-19T10:43:14.679916+00:00
CUR_MB699,Curitiba,4106902,1,,040,,,-25.511486,-49.327008,,False,4,1,2023-06-19T10:44:14.679916+00:00
CUR_GR123,Curitiba,4106902,1,,040,,,-25.549138,-49.29136,,False,4,2,2023-06-19T10:41:14.679916+00:00
CUR_HB609,Curitiba,4106902,1,,040,,,-25.515115,-49.321391,,False,4,1,2023-06-19T10:44:14.679916+00:00
CUR_HB600,Curitiba,4106902,1,,040,,,-25.401125,-49.334523,,False,4,2,2023-06-19T10:44:14.679916+00:00
CUR_JB607,Curitiba,4106902,1,,040,,,-25.513755,-49.317391,,False,4,2,2023-06-19T10:44:14.679916+00:00
CUR_MB698,Curitiba,4106902,1,,040,,,-25.428806,-49.353573,,False,4,2,2023-06-19T10:44:14.679916+00:00
CUR_GR126,Curitiba,4106902,1,,040,,,-25.433145,-49.351953,,False,4,1,2023-06-19T10:44:14.679916+00:00
CUR_HB698,Curitiba,4106902,1,,040,,,-25.456635,-49.347533,,False,4,1,2023-06-19T10:44:14.679916+00:00
CUR_MR106,Curitiba,4106902,1,,040,,,-25.419355,-49.294101,,False,4,2,2023-06-19T10:44:14.679916+00:00
CUR_JB608,Curitiba,4106902,1,,040,,,-25.51384,-49.309811,,False,4,1,2023-06-19T10:44:14.679916+00:00
CUR_HB605,Curitiba,4106902,1,,040,,,-25.4119,-49.350305,,False,4,2,2023-06-19T10:43:14.679916+00:00
CUR_HB302,Curitiba,4106902,1,,040,,,-25.47758,-49.333061,,False,3,1,2023-06-19T10:43:14.679916+00:00
CUR_HB697,Curitiba,4106902,1,,040,,,-25.442403,-49.343971,,False,4,2,2023-06-19T10:44:14.679916+00:00
CUR_MB499,Curitiba,4106902,0,,040,,,-25.500251,-49.32685,,False,3,2,2023-06-19T10:44:14.679916+00:00
CUR_GI855,Curitiba,4106902,1,,661,,,-25.475691,-49.268605,,False,7,1,2023-06-19T10:44:14.679916+00:00
CUR_GI859,Curitiba,4106902,1,,661,,,-25.435283,-49.271661,,False,7,1,2023-06-19T10:44:14.679916+00:00
CUR_BB601,Curitiba,4106902,1,,020,,,-25.399593,-49.28803,,False,4,,2023-06-19T10:44:14.679916+00:00
CUR_BB605,Curitiba,4106902,1,,020,,,-25.423968,-49.29485,,False,4,,2023-06-19T10:44:14.679916+00:00
CUR_CB602,Curitiba,4106902,1,,020,,,-25.380908,-49.186183,,False,4,,2023-06-19T10:44:14.679916+00:00
CUR_BB613,Curitiba,4106902,1,,020,,,-25.450675,-49.228226,,False,4,,2023-06-19T10:45:14.679916+00:00
CUR_HB611,Curitiba,4106902,1,,020,,,-25.490143,-49.255623,,False,4,,2023-06-19T10:42:14.679916+00:00
CUR_BB612,Curitiba,4106902,1,,020,,,-25.494973,-49.277998,,False,4,,2023-06-19T10:39:14.679916+00:00
CUR_BB609,Curitiba,4106902,1,,020,,,-25.404586,-49.2508,,False,4,,2023-06-19T10:43:14.679916+00:00
CUR_CB603,Curitiba,4106902,1,,020,,,-25.5015,-49.237431,,False,4,,2023-06-19T10:43:14.679916+00:00
CUR_EB604,Curitiba,4106902,1,,020,,,-25.468538,-49.254628,,False,4,,2023-06-19T10:43:14.679916+00:00
CUR_BB620,Curitiba,4106902,1,,020,,,-25.472501,-49.23793,,False,4,,2023-06-19T10:41:14.679916+00:00
CUR_BB606,Curitiba,4106902,1,,020,,,-25.430043,-49.21548,,False,4,,2023-06-19T10:43:14.679916+00:00
CUR_EB607,Curitiba,4106902,1,,020,,,-25.48637,-49.299613,,False,4,,2023-06-19T10:44:14.679916+00:00
CUR_KB608,Curitiba,4106902,1,,020,,,-25.513026,-49.262926,,False,4,,2023-06-19T10:42:14.679916+00:00
CUR_GR034,Curitiba,4106902,0,URBS,602,https://moovitapp.com/index/pt-br/transporte_p%C3%BAblico-line-602_CIRCULAR_SUL_ANTI_HOR%C3%81RIO-Curitiba-942-9628-294517-0,-1.0,-25.519518,-49.29556,,False,4,,2023-06-19T10:44:14.679916+00:00
CUR_GE713,Curitiba,4106902,0,URBS,602,https://moovitapp.com/index/pt-br/transporte_p%C3%BAblico-line-602_CIRCULAR_SUL_ANTI_HOR%C3%81RIO-Curitiba-942-9628-294517-0,-1.0,-25.494346,-49.294013,,False,5,,2023-06-19T10:43:14.679916+00:00
CUR_GE601,Curitiba,4106902,0,URBS,602,https://moovitapp.com/index/pt-br/transporte_p%C3%BAblico-line-602_CIRCULAR_SUL_ANTI_HOR%C3%81RIO-Curitiba-942-9628-294517-0,-1.0,-25.473805,-49.27006,,False,4,,2023-06-19T10:44:14.679916+00:00
CUR_HE606,Curitiba,4106902,0,URBS,602,https://moovitapp.com/index/pt-br/transporte_p%C3%BAblico-line-602_CIRCULAR_SUL_ANTI_HOR%C3%81RIO-Curitiba-942-9628-294517-0,-1.0,-25.493393,-49.241431,,False,4,,2023-06-19T10:44:14.679916+00:00
CUR_HE612,Curitiba,4106902,0,URBS,602,https://moovitapp.com/index/pt-br/transporte_p%C3%BAblico-line-602_CIRCULAR_SUL_ANTI_HOR%C3%81RIO-Curitiba-942-9628-294517-0,-1.0,-25.481188,-49.247318,,False,4,,2023-06-19T10:43:14.679916+00:00
CUR_GR032,Curitiba,4106902,0,URBS,602,https://moovitapp.com/index/pt-br/transporte_p%C3%BAblico-line-602_CIRCULAR_SUL_ANTI_HOR%C3%81RIO-Curitiba-942-9628-294517-0,-1.0,-25.52768,-49.240523,,False,4,,2023-06-19T10:42:14.679916+00:00
CUR_HE607,Curitiba,4106902,0,URBS,602,https://moovitapp.com/index/pt-br/transporte_p%C3%BAblico-line-602_CIRCULAR_SUL_ANTI_HOR%C3%81RIO-Curitiba-942-9628-294517-0,-1.0,-25.514288,-49.231263,,False,4,,2023-06-19T10:44:14.679916+00:00
CUR_GE611,Curitiba,4106902,0,URBS,602,https://moovitapp.com/index/pt-br/transporte_p%C3%BAblico-line-602_CIRCULAR_SUL_ANTI_HOR%C3%81RIO-Curitiba-942-9628-294517-0,-1.0,-25.535108,-49.281975,,False,4,,2023-06-19T10:43:14.679916+00:00
CUR_HE608,Curitiba,4106902,0,URBS,602,https://moovitapp.com/index/pt-br/transporte_p%C3%BAblico-line-602_CIRCULAR_SUL_ANTI_HOR%C3%81RIO-Curitiba-942-9628-294517-0,-1.0,-25.53232,-49.259966,,False,4,,2023-06-19T10:44:14.679916+00:00
CUR_HE601,Curitiba,4106902,0,URBS,602,https://moovitapp.com/index/pt-br/transporte_p%C3%BAblico-line-602_CIRCULAR_SUL_ANTI_HOR%C3%81RIO-Curitiba-942-9628-294517-0,-1.0,-25.495695,-49.295028,,False,4,,2023-06-19T10:41:14.679916+00:00
CUR_HE611,Curitiba,4106902,0,URBS,602,https://moovitapp.com/index/pt-br/transporte_p%C3%BAblico-line-602_CIRCULAR_SUL_ANTI_HOR%C3%81RIO-Curitiba-942-9628-294517-0,-1.0,-25.477941,-49.286675,,False,4,,2023-06-19T10:43:14.679916+00:00
CUR_DC855,Curitiba,4106902,1,,387,,,-25.432686,-49.263483,,False,7,2,2023-06-19T10:43:14.679916+00:00
CUR_HI606,Curitiba,4106902,1,,772,,,-25.620148,-49.367733,,False,4,2,2023-06-19T10:38:14.679916+00:00
CUR_HA311,Curitiba,4106902,1,,772,,,-25.513865,-49.295721,,False,3,1,2023-06-19T10:39:14.679916+00:00
CUR_HA614,Curitiba,4106902,1,,772,,,-25.59327,-49.32133,,False,4,2,2023-06-19T10:42:14.679916+00:00
CUR_HI607,Curitiba,4106902,0,,772,,,-25.614615,-49.362998,,False,4,2,2023-06-19T10:41:14.679916+00:00
CUR_HA616,Curitiba,4106902,1,,772,,,-25.520796,-49.295413,,False,4,1,2023-06-19T10:43:14.679916+00:00
CUR_HA310,Curitiba,4106902,1,,772,,,-25.541036,-49.302376,,False,3,1,2023-06-19T10:44:14.679916+00:00
CUR_BI856,Curitiba,4106902,1,Auto Viação São José,212,https://moovitapp.com/index/pt-br/transporte_p%C3%BAblico-line-212_PIT_PRA%C3%87A_DA_JUVENTUDE_SANTA_F%C3%89_CRISTAL-Curitiba-942-857412-73656311-0,-1.0,-25.401595,-49.242388,,False,7,2,2023-06-19T10:43:14.679916+00:00
CUR_BI868,Curitiba,4106902,1,Auto Viação São José,212,https://moovitapp.com/index/pt-br/transporte_p%C3%BAblico-line-212_PIT_PRA%C3%87A_DA_JUVENTUDE_SANTA_F%C3%89_CRISTAL-Curitiba-942-857412-73656311-0,-1.0,-25.3956,-49.231093,,False,7,1,2023-06-19T10:44:14.679916+00:00
CUR_DN601,Curitiba,4106902,1,,463,,,-25.43904,-49.25025,,False,7,1,2023-06-19T10:44:14.679916+00:00
CUR_DN602,Curitiba,4106902,1,,463,,,-25.47338,-49.209638,,False,7,1,2023-06-19T10:44:14.679916+00:00
CUR_DN608,Curitiba,4106902,1,,463,,,-25.434393,-49.269146,,False,7,2,2023-06-19T10:43:14.679916+00:00
CUR_CI007,Curitiba,4106902,1,,222,,,-25.388323,-49.209548,,False,1,2,2023-06-19T10:43:14.679916+00:00
CUR_CI008,Curitiba,4106902,1,,222,,,-25.381821,-49.186073,,False,1,1,2023-06-19T10:44:14.679916+00:00
CUR_CI005,Curitiba,4106902,1,,222,,,-25.385436,-49.205616,,False,1,1,2023-06-19T10:44:14.679916+00:00
CUR_EA074,Curitiba,4106902,1,,512,,,-25.509031,-49.268115,,False,1,2,2023-06-19T10:44:14.679916+00:00
CUR_EI012,Curitiba,4106902,1,,512,,,-25.467166,-49.255576,,False,1,1,2023-06-19T10:43:14.679916+00:00
CUR_EI017,Curitiba,4106902,1,,512,,,-25.503505,-49.26505,,False,1,1,2023-06-19T10:44:14.679916+00:00
CUR_BI021,Curitiba,4106902,1,,226,,,-25.388723,-49.243871,,False,1,2,2023-06-19T10:44:14.679916+00:00
CUR_BA030,Curitiba,4106902,1,,226,,,-25.371985,-49.246173,,False,1,1,2023-06-19T10:43:14.679916+00:00
CUR_BI016,Curitiba,4106902,1,,226,,,-25.372121,-49.243341,,False,1,2,2023-06-19T10:40:14.679916+00:00
CUR_BL312,Curitiba,4106902,0,URBS,023,https://moovitapp.com/index/pt-br/transporte_p%C3%BAblico-line-023_INTER_2_ANTI_HOR%C3%81RIO-Curitiba-942-9628-398189-0,-1.0,-25.43967,-49.222065,,False,3,,2023-06-19T10:40:14.679916+00:00
CUR_BL324,Curitiba,4106902,0,URBS,023,https://moovitapp.com/index/pt-br/transporte_p%C3%BAblico-line-023_INTER_2_ANTI_HOR%C3%81RIO-Curitiba-942-9628-398189-0,-1.0,-25.414473,-49.27967,,False,3,,2023-06-19T10:41:14.679916+00:00
CUR_BL608,Curitiba,4106902,0,URBS,023,https://moovitapp.com/index/pt-br/transporte_p%C3%BAblico-line-023_INTER_2_ANTI_HOR%C3%81RIO-Curitiba-942-9628-398189-0,-1.0,-25.44386,-49.22271,,False,4,,2023-06-19T10:41:14.679916+00:00
CUR_EL602,Curitiba,4106902,0,URBS,023,https://moovitapp.com/index/pt-br/transporte_p%C3%BAblico-line-023_INTER_2_ANTI_HOR%C3%81RIO-Curitiba-942-9628-398189-0,-1.0,-25.417381,-49.269136,,False,4,,2023-06-19T10:44:14.679916+00:00
CUR_MR800,Curitiba,4106902,0,URBS,023,https://moovitapp.com/index/pt-br/transporte_p%C3%BAblico-line-023_INTER_2_ANTI_HOR%C3%81RIO-Curitiba-942-9628-398189-0,-1.0,-25.418886,-49.294375,,False,4,,2023-06-19T10:43:14.679916+00:00
CUR_ER802,Curitiba,4106902,0,URBS,023,https://moovitapp.com/index/pt-br/transporte_p%C3%BAblico-line-023_INTER_2_ANTI_HOR%C3%81RIO-Curitiba-942-9628-398189-0,-1.0,-25.468476,-49.255161,,False,4,,2023-06-19T10:44:14.679916+00:00
CUR_HL698,Curitiba,4106902,0,URBS,023,https://moovitapp.com/index/pt-br/transporte_p%C3%BAblico-line-023_INTER_2_ANTI_HOR%C3%81RIO-Curitiba-942-9628-398189-0,-1.0,-25.45644,-49.231531,,False,4,,2023-06-19T10:43:14.679916+00:00
CUR_DR800,Curitiba,4106902,0,URBS,023,https://moovitapp.com/index/pt-br/transporte_p%C3%BAblico-line-023_INTER_2_ANTI_HOR%C3%81RIO-Curitiba-942-9628-398189-0,-1.0,-25.468195,-49.254701,,False,4,,2023-06-19T10:43:14.679916+00:00
CUR_HL600,Curitiba,4106902,0,URBS,023,https://moovitapp.com/index/pt-br/transporte_p%C3%BAblico-line-023_INTER_2_ANTI_HOR%C3%81RIO-Curitiba-942-9628-398189-0,-1.0,-25.478388,-49.2921,,False,4,,2023-06-19T10:43:14.679916+00:00
CUR_BL611,Curitiba,4106902,0,URBS,023,https://moovitapp.com/index/pt-br/transporte_p%C3%BAblico-line-023_INTER_2_ANTI_HOR%C3%81RIO-Curitiba-942-9628-398189-0,-1.0,-25.476013,-49.239968,,False,4,,2023-06-19T10:43:14.679916+00:00
CUR_BL332,Curitiba,4106902,0,URBS,023,https://moovitapp.com/index/pt-br/transporte_p%C3%BAblico-line-023_INTER_2_ANTI_HOR%C3%81RIO-Curitiba-942-9628-398189-0,-1.0,-25.428815,-49.225658,,False,3,,2023-06-19T10:44:14.679916+00:00
CUR_HL602,Curitiba,4106902,0,URBS,023,https://moovitapp.com/index/pt-br/transporte_p%C3%BAblico-line-023_INTER_2_ANTI_HOR%C3%81RIO-Curitiba-942-9628-398189-0,-1.0,-25.496536,-49.27094,,False,4,,2023-06-19T10:42:14.679916+00:00
CUR_CL699,Curitiba,4106902,0,URBS,023,https://moovitapp.com/index/pt-br/transporte_p%C3%BAblico-line-023_INTER_2_ANTI_HOR%C3%81RIO-Curitiba-942-9628-398189-0,-1.0,-25.456556,-49.303456,,False,4,,2023-06-19T10:43:14.679916+00:00
CUR_JL602,Curitiba,4106902,0,URBS,023,https://moovitapp.com/index/pt-br/transporte_p%C3%BAblico-line-023_INTER_2_ANTI_HOR%C3%81RIO-Curitiba-942-9628-398189-0,-1.0,-25.448695,-49.366686,,False,4,,2023-06-19T10:41:14.679916+00:00
CUR_CL600,Curitiba,4106902,0,URBS,023,https://moovitapp.com/index/pt-br/transporte_p%C3%BAblico-line-023_INTER_2_ANTI_HOR%C3%81RIO-Curitiba-942-9628-398189-0,-1.0,-25.495856,-49.280986,,False,4,,2023-06-19T10:44:14.679916+00:00
CUR_JL601,Curitiba,4106902,0,URBS,023,https://moovitapp.com/index/pt-br/transporte_p%C3%BAblico-line-023_INTER_2_ANTI_HOR%C3%81RIO-Curitiba-942-9628-398189-0,-1.0,-25.449143,-49.367168,,False,4,,2023-06-19T10:43:14.679916+00:00
CUR_DR804,Curitiba,4106902,0,URBS,023,https://moovitapp.com/index/pt-br/transporte_p%C3%BAblico-line-023_INTER_2_ANTI_HOR%C3%81RIO-Curitiba-942-9628-398189-0,-1.0,-25.46815,-49.254696,,False,4,,2023-06-19T10:43:14.679916+00:00
CUR_GL600,Curitiba,4106902,0,URBS,023,https://moovitapp.com/index/pt-br/transporte_p%C3%BAblico-line-023_INTER_2_ANTI_HOR%C3%81RIO-Curitiba-942-9628-398189-0,-1.0,-25.548545,-49.291623,,False,4,,2023-06-19T10:41:14.679916+00:00
CUR_DR801,Curitiba,4106902,0,URBS,023,https://moovitapp.com/index/pt-br/transporte_p%C3%BAblico-line-023_INTER_2_ANTI_HOR%C3%81RIO-Curitiba-942-9628-398189-0,-1.0,-25.468171,-49.254745,,False,4,,2023-06-19T10:43:14.679916+00:00
CUR_JL600,Curitiba,4106902,0,URBS,023,https://moovitapp.com/index/pt-br/transporte_p%C3%BAblico-line-023_INTER_2_ANTI_HOR%C3%81RIO-Curitiba-942-9628-398189-0,-1.0,-25.472291,-49.237746,,False,4,,2023-06-19T10:43:14.679916+00:00
CUR_ML306,Curitiba,4106902,0,URBS,023,https://moovitapp.com/index/pt-br/transporte_p%C3%BAblico-line-023_INTER_2_ANTI_HOR%C3%81RIO-Curitiba-942-9628-398189-0,-1.0,-25.418933,-49.294441,,False,3,,2023-06-19T10:43:14.679916+00:00
CUR_BL323,Curitiba,4106902,0,URBS,023,https://moovitapp.com/index/pt-br/transporte_p%C3%BAblico-line-023_INTER_2_ANTI_HOR%C3%81RIO-Curitiba-942-9628-398189-0,-1.0,-25.435835,-49.30768,,False,3,,2023-06-19T10:43:14.679916+00:00
CUR_JL313,Curitiba,4106902,0,URBS,023,https://moovitapp.com/index/pt-br/transporte_p%C3%BAblico-line-023_INTER_2_ANTI_HOR%C3%81RIO-Curitiba-942-9628-398189-0,-1.0,-25.436571,-49.308835,,False,3,,2023-06-19T10:44:14.679916+00:00
CUR_BC932,Curitiba,4106902,1,,365,,,-25.430363,-49.267213,,False,7,1,2023-06-19T10:42:14.679916+00:00
CUR_BI859,Curitiba,4106902,1,,365,,,-25.4329,-49.270543,,False,7,2,2023-06-19T10:41:14.679916+00:00
CUR_DA023,Curitiba,4106902,1,,336,,,-25.466975,-49.196875,,False,1,2,2023-06-19T10:44:14.679916+00:00
CUR_EA004,Curitiba,4106902,1,,336,,,-25.46867,-49.255798,,False,1,1,2023-06-19T10:43:14.679916+00:00
CUR_EA202,Curitiba,4106902,1,,336,,,-25.468496,-49.255851,,False,1,2,2023-06-19T10:43:14.679916+00:00
CUR_GI015,Curitiba,4106902,1,,541,,,-25.545721,-49.251531,,False,1,2,2023-06-19T10:44:14.679916+00:00
CUR_GI040,Curitiba,4106902,1,,541,,,-25.54286,-49.262636,,False,1,1,2023-06-19T10:44:14.679916+00:00
CUR_GC017,Curitiba,4106902,1,,541,,,-25.543626,-49.248621,,False,1,2,2023-06-19T10:43:14.679916+00:00
CUR_GI033,Curitiba,4106902,1,,541,,,-25.541061,-49.26607,,False,1,2,2023-06-19T10:43:14.679916+00:00
CUR_GI030,Curitiba,4106902,1,,541,,,-25.549115,-49.292238,,False,1,1,2023-06-19T10:41:14.679916+00:00
CUR_GI020,Curitiba,4106902,1,,541,,,-25.541271,-49.255171,,False,1,1,2023-06-19T10:43:14.679916+00:00
CUR_BB602,Curitiba,4106902,1,,030,,,-25.454353,-49.21443,,False,4,1,2023-06-19T10:43:14.679916+00:00
CUR_KB696,Curitiba,4106902,0,,030,,,-25.386993,-49.211491,,False,4,1,2023-06-19T10:44:14.679916+00:00
CUR_GB610,Curitiba,4106902,1,,030,,,-25.40921,-49.202681,,False,4,2,2023-06-19T10:43:14.679916+00:00
CUR_GB605,Curitiba,4106902,1,,030,,,-25.549411,-49.291201,,False,4,2,2023-06-19T10:41:14.679916+00:00
CUR_GB606,Curitiba,4106902,1,,030,,,-25.492998,-49.29129,,False,4,2,2023-06-19T10:43:14.679916+00:00
CUR_KB605,Curitiba,4106902,1,,030,,,-25.452436,-49.22978,,False,4,2,2023-06-19T10:40:14.679916+00:00
CUR_BB608,Curitiba,4106902,1,,030,,,-25.412843,-49.205268,,False,4,1,2023-06-19T10:44:14.679916+00:00
CUR_BB300,Curitiba,4106902,1,,030,,,-25.485181,-49.222893,,False,3,1,2023-06-19T10:44:14.679916+00:00
CUR_CB601,Curitiba,4106902,1,,030,,,-25.499338,-49.233108,,False,4,1,2023-06-19T10:44:14.679916+00:00
CUR_GB612,Curitiba,4106902,1,,030,,,-25.430751,-49.207556,,False,4,2,2023-06-19T10:42:14.679916+00:00
CUR_EB609,Curitiba,4106902,1,,030,,,-25.386853,-49.211643,,False,4,2,2023-06-19T10:44:14.679916+00:00
CUR_KB606,Curitiba,4106902,1,,030,,,-25.480116,-49.214946,,False,4,2,2023-06-19T10:44:14.679916+00:00
CUR_BB611,Curitiba,4106902,1,,030,,,-25.507706,-49.248266,,False,4,2,2023-06-19T10:42:14.679916+00:00
CUR_EA600,Curitiba,4106902,1,,030,,,-25.50091,-49.237703,,False,4,2,2023-06-19T10:44:14.679916+00:00
CUR_BB498,Curitiba,4106902,1,,030,,,-25.51535,-49.272861,,False,3,2,2023-06-19T10:42:14.679916+00:00
CUR_BB610,Curitiba,4106902,1,,030,,,-25.43853,-49.205871,,False,4,1,2023-06-19T10:44:14.679916+00:00
CUR_BI015,Curitiba,4106902,1,,242,,,-25.37764,-49.262481,,False,1,2,2023-06-19T10:44:14.679916+00:00
CUR_BI020,Curitiba,4106902,1,,242,,,-25.35159,-49.251418,,False,1,1,2023-06-19T10:43:14.679916+00:00
CUR_EB600,Curitiba,4106902,1,,021,,,-25.386723,-49.282591,,False,4,,2023-06-19T10:44:14.679916+00:00
CUR_EB603,Curitiba,4106902,1,,021,,,-25.476353,-49.292326,,False,4,,2023-06-19T10:43:14.679916+00:00
CUR_KB607,Curitiba,4106902,1,,021,,,-25.481666,-49.249085,,False,4,,2023-06-19T10:44:14.679916+00:00
CUR_XY043,Curitiba,4106902,0,,021,,,-25.492063,-49.293315,,False,3,,2023-06-19T10:43:14.679916+00:00
CUR_KB697,Curitiba,4106902,0,,021,,,-25.467315,-49.254626,,False,4,,2023-06-19T10:43:14.679916+00:00
CUR_BB600,Curitiba,4106902,1,,021,,,-25.444498,-49.305311,,False,4,,2023-06-19T10:43:14.679916+00:00
CUR_HB606,Curitiba,4106902,1,,021,,,-25.430976,-49.299788,,False,4,,2023-06-19T10:44:14.679916+00:00
CUR_GB601,Curitiba,4106902,1,,021,,,-25.472698,-49.297065,,False,4,,2023-06-19T10:44:14.679916+00:00
CUR_CB604,Curitiba,4106902,1,,021,,,-25.40262,-49.288245,,False,4,,2023-06-19T10:44:14.679916+00:00
CUR_BB604,Curitiba,4106902,1,,021,,,-25.461998,-49.233878,,False,4,,2023-06-19T10:43:14.679916+00:00
CUR_GB602,Curitiba,4106902,1,,021,,,-25.496623,-49.271861,,False,4,,2023-06-19T10:43:14.679916+00:00
CUR_BB615,Curitiba,4106902,1,,021,,,-25.387386,-49.270241,,False,4,,2023-06-19T10:44:14.679916+00:00
CUR_BB614,Curitiba,4106902,1,,021,,,-25.417758,-49.242971,,False,4,,2023-06-19T10:44:14.679916+00:00
CUR_GB600,Curitiba,4106902,1,,021,,,-25.439963,-49.221806,,False,4,,2023-06-19T10:43:14.679916+00:00
CUR_GI858,Curitiba,4106902,1,,616,,,-25.452686,-49.265778,,False,7,1,2023-06-19T10:41:14.679916+00:00
CUR_GI857,Curitiba,4106902,1,,616,,,-25.476068,-49.292393,,False,7,1,2023-06-19T10:44:14.679916+00:00
CUR_GC011,Curitiba,4106902,1,,338,,,-25.486346,-49.20592,,False,1,2,2023-06-19T10:43:14.679916+00:00
CUR_DC293,Curitiba,4106902,1,,338,,,-25.484511,-49.198571,,False,1,1,2023-06-19T10:42:14.679916+00:00
CUR_DC086,Curitiba,4106902,1,,338,,,-25.451973,-49.214928,,False,1,1,2023-06-19T10:43:14.679916+00:00
CUR_GC012,Curitiba,4106902,1,,338,,,-25.480755,-49.246311,,False,1,2,2023-06-19T10:44:14.679916+00:00
CUR_EA076,Curitiba,4106902,1,,338,,,-25.494795,-49.218628,,False,1,1,2023-06-19T10:44:14.679916+00:00
CUR_DA013,Curitiba,4106902,1,,338,,,-25.502146,-49.209918,,False,1,2,2023-06-19T10:45:14.679916+00:00
CUR_EA003,Curitiba,4106902,1,,338,,,-25.468911,-49.255601,,False,1,2,2023-06-19T10:43:14.679916+00:00
CUR_DA020,Curitiba,4106902,0,,338,,,-25.485063,-49.203506,,False,1,1,2023-06-19T10:43:14.679916+00:00
CUR_DA022,Curitiba,4106902,0,,338,,,-25.467433,-49.256098,,False,1,2,2023-06-19T10:43:14.679916+00:00
CUR_DC084,Curitiba,4106902,0,,338,,,-25.468465,-49.199633,,False,1,2,2023-06-19T10:43:14.679916+00:00
CUR_EA005,Curitiba,4106902,1,,X07,,,-25.545076,-49.265418,,False,1,2,2023-06-19T10:44:14.679916+00:00
CUR_EI006,Curitiba,4106902,1,,X07,,,-25.536301,-49.272988,,False,1,1,2023-06-19T10:44:14.679916+00:00
CUR_DC850,Curitiba,4106902,1,,477,,,-25.435503,-49.271683,,False,7,2,2023-06-19T10:44:14.679916+00:00
CUR_DC854,Curitiba,4106902,1,,477,,,-25.481716,-49.201598,,False,7,1,2023-06-19T10:44:14.679916+00:00
CUR_JI001,Curitiba,4106902,1,,777,,,-25.449261,-49.365818,,False,1,1,2023-06-19T10:44:14.679916+00:00
CUR_JI010,Curitiba,4106902,1,,777,,,-25.461081,-49.326615,,False,1,2,2023-06-19T10:43:14.679916+00:00
CUR_JI017,Curitiba,4106902,1,,777,,,-25.46975,-49.317051,,False,1,2,2023-06-19T10:43:14.679916+00:00
CUR_JI012,Curitiba,4106902,1,,777,,,-25.461085,-49.326428,,False,1,1,2023-06-19T10:44:14.679916+00:00
CUR_GD342,Curitiba,4106902,0,URBS,203,https://moovitapp.com/index/pt-br/transporte_p%C3%BAblico-line-203_SANTA_C%C3%82NDIDA_CAP%C3%83O_RASO-Curitiba-942-9628-1323737-0,-1.0,-25.42992,-49.267573,,False,5,1,2023-06-19T10:43:14.679916+00:00
CUR_BE727,Curitiba,4106902,0,URBS,203,https://moovitapp.com/index/pt-br/transporte_p%C3%BAblico-line-203_SANTA_C%C3%82NDIDA_CAP%C3%83O_RASO-Curitiba-942-9628-1323737-0,-1.0,-25.44483,-49.285298,,False,5,2,2023-06-19T10:44:14.679916+00:00
CUR_BE717,Curitiba,4106902,0,URBS,203,https://moovitapp.com/index/pt-br/transporte_p%C3%BAblico-line-203_SANTA_C%C3%82NDIDA_CAP%C3%83O_RASO-Curitiba-942-9628-1323737-0,-1.0,-25.441568,-49.276898,,False,5,2,2023-06-19T10:38:14.679916+00:00
CUR_BE729,Curitiba,4106902,0,URBS,203,https://moovitapp.com/index/pt-br/transporte_p%C3%BAblico-line-203_SANTA_C%C3%82NDIDA_CAP%C3%83O_RASO-Curitiba-942-9628-1323737-0,-1.0,-25.430076,-49.267538,,False,5,2,2023-06-19T10:41:14.679916+00:00
CUR_BE715,Curitiba,4106902,0,URBS,203,https://moovitapp.com/index/pt-br/transporte_p%C3%BAblico-line-203_SANTA_C%C3%82NDIDA_CAP%C3%83O_RASO-Curitiba-942-9628-1323737-0,-1.0,-25.396906,-49.243693,,False,5,1,2023-06-19T10:39:14.679916+00:00
CUR_HE711,Curitiba,4106902,0,URBS,203,https://moovitapp.com/index/pt-br/transporte_p%C3%BAblico-line-203_SANTA_C%C3%82NDIDA_CAP%C3%83O_RASO-Curitiba-942-9628-1323737-0,-1.0,-25.460703,-49.289526,,False,5,2,2023-06-19T10:44:14.679916+00:00
CUR_GE736,Curitiba,4106902,0,URBS,203,https://moovitapp.com/index/pt-br/transporte_p%C3%BAblico-line-203_SANTA_C%C3%82NDIDA_CAP%C3%83O_RASO-Curitiba-942-9628-1323737-0,-1.0,-25.487608,-49.294278,,False,5,2,2023-06-19T10:44:14.679916+00:00
CUR_BE716,Curitiba,4106902,0,URBS,203,https://moovitapp.com/index/pt-br/transporte_p%C3%BAblico-line-203_SANTA_C%C3%82NDIDA_CAP%C3%83O_RASO-Curitiba-942-9628-1323737-0,-1.0,-25.380895,-49.22891,,False,5,1,2023-06-19T10:43:14.679916+00:00
CUR_GE726,Curitiba,4106902,0,URBS,203,https://moovitapp.com/index/pt-br/transporte_p%C3%BAblico-line-203_SANTA_C%C3%82NDIDA_CAP%C3%83O_RASO-Curitiba-942-9628-1323737-0,-1.0,-25.477233,-49.29238,,False,5,2,2023-06-19T10:41:14.679916+00:00
CUR_BE725,Curitiba,4106902,0,URBS,203,https://moovitapp.com/index/pt-br/transporte_p%C3%BAblico-line-203_SANTA_C%C3%82NDIDA_CAP%C3%83O_RASO-Curitiba-942-9628-1323737-0,-1.0,-25.388971,-49.236338,,False,5,1,2023-06-19T10:42:14.679916+00:00
CUR_BE710,Curitiba,4106902,0,URBS,203,https://moovitapp.com/index/pt-br/transporte_p%C3%BAblico-line-203_SANTA_C%C3%82NDIDA_CAP%C3%83O_RASO-Curitiba-942-9628-1323737-0,-1.0,-25.388783,-49.236018,,False,5,1,2023-06-19T10:44:14.679916+00:00
CUR_BE719,Curitiba,4106902,0,URBS,203,https://moovitapp.com/index/pt-br/transporte_p%C3%BAblico-line-203_SANTA_C%C3%82NDIDA_CAP%C3%83O_RASO-Curitiba-942-9628-1323737-0,-1.0,-25.43474,-49.265763,,False,5,2,2023-06-19T10:43:14.679916+00:00
CUR_GE704,Curitiba,4106902,0,URBS,203,https://moovitapp.com/index/pt-br/transporte_p%C3%BAblico-line-203_SANTA_C%C3%82NDIDA_CAP%C3%83O_RASO-Curitiba-942-9628-1323737-0,-1.0,-25.456815,-49.288568,,False,5,2,2023-06-19T10:43:14.679916+00:00
CUR_BD144,Curitiba,4106902,0,URBS,203,https://moovitapp.com/index/pt-br/transporte_p%C3%BAblico-line-203_SANTA_C%C3%82NDIDA_CAP%C3%83O_RASO-Curitiba-942-9628-1323737-0,-1.0,-25.4653,-49.291546,,False,5,2,2023-06-19T10:43:14.679916+00:00
CUR_BD135,Curitiba,4106902,0,URBS,203,https://moovitapp.com/index/pt-br/transporte_p%C3%BAblico-line-203_SANTA_C%C3%82NDIDA_CAP%C3%83O_RASO-Curitiba-942-9628-1323737-0,-1.0,-25.435511,-49.265368,,False,5,1,2023-06-19T10:43:14.679916+00:00
CUR_BE703,Curitiba,4106902,0,URBS,203,https://moovitapp.com/index/pt-br/transporte_p%C3%BAblico-line-203_SANTA_C%C3%82NDIDA_CAP%C3%83O_RASO-Curitiba-942-9628-1323737-0,-1.0,-25.405513,-49.251661,,False,5,1,2023-06-19T10:43:14.679916+00:00
CUR_BE722,Curitiba,4106902,0,URBS,203,https://moovitapp.com/index/pt-br/transporte_p%C3%BAblico-line-203_SANTA_C%C3%82NDIDA_CAP%C3%83O_RASO-Curitiba-942-9628-1323737-0,-1.0,-25.44112,-49.275708,,False,5,2,2023-06-19T10:44:14.679916+00:00
CUR_BD150,Curitiba,4106902,0,URBS,203,https://moovitapp.com/index/pt-br/transporte_p%C3%BAblico-line-203_SANTA_C%C3%82NDIDA_CAP%C3%83O_RASO-Curitiba-942-9628-1323737-0,-1.0,-25.491706,-49.29346,,False,5,2,2023-06-19T10:44:14.679916+00:00
CUR_GD343,Curitiba,4106902,0,URBS,203,https://moovitapp.com/index/pt-br/transporte_p%C3%BAblico-line-203_SANTA_C%C3%82NDIDA_CAP%C3%83O_RASO-Curitiba-942-9628-1323737-0,-1.0,-25.378215,-49.22648,,False,5,1,2023-06-19T10:43:14.679916+00:00
CUR_GD341,Curitiba,4106902,0,URBS,203,https://moovitapp.com/index/pt-br/transporte_p%C3%BAblico-line-203_SANTA_C%C3%82NDIDA_CAP%C3%83O_RASO-Curitiba-942-9628-1323737-0,-1.0,-25.415136,-49.26055,,False,5,1,2023-06-19T10:43:14.679916+00:00
CUR_BI019,Curitiba,4106902,1,,231,,,-25.376805,-49.224685,,False,1,2,2023-06-19T10:43:14.679916+00:00
CUR_BA001,Curitiba,4106902,1,,231,,,-25.363841,-49.212781,,False,1,2,2023-06-19T10:38:14.679916+00:00
CUR_JI861,Curitiba,4106902,1,,862,,,-25.44486,-49.294006,,False,7,2,2023-06-19T10:44:14.679916+00:00
CUR_BI865,Curitiba,4106902,1,,862,,,-25.449296,-49.299623,,False,7,2,2023-06-19T10:44:14.679916+00:00
CUR_BA019,Curitiba,4106902,1,,876,,,-25.42153,-49.321838,,False,1,1,2023-06-19T10:44:14.679916+00:00
CUR_BC015,Curitiba,4106902,1,,876,,,-25.430135,-49.272423,,False,1,1,2023-06-19T10:42:14.679916+00:00
CUR_BC005,Curitiba,4106902,1,,876,,,-25.422398,-49.320016,,False,1,2,2023-06-19T10:43:14.679916+00:00
CUR_JI003,Curitiba,4106902,1,,711,,,-25.470273,-49.351065,,False,1,1,2023-06-19T10:44:14.679916+00:00
CUR_JA027,Curitiba,4106902,1,,711,,,-25.44918,-49.365985,,False,1,2,2023-06-19T10:43:14.679916+00:00
CUR_BC017,Curitiba,4106902,1,,166,,,-25.42516,-49.27395,,False,1,1,2023-06-19T10:42:14.679916+00:00
CUR_BC004,Curitiba,4106902,1,,166,,,-25.389245,-49.302735,,False,1,1,2023-06-19T10:42:14.679916+00:00
CUR_GI057,Curitiba,4106902,1,,638,,,-25.550926,-49.276791,,False,1,1,2023-06-19T10:43:14.679916+00:00
CUR_GI014,Curitiba,4106902,1,,638,,,-25.542358,-49.294515,,False,1,2,2023-06-19T10:43:14.679916+00:00
CUR_GI005,Curitiba,4106902,1,,638,,,-25.522583,-49.294833,,False,1,1,2023-06-19T10:44:14.679916+00:00
CUR_HE722,Curitiba,4106902,0,URBS,603,https://moovitapp.com/index/pt-br/transporte_p%C3%BAblico-line-603_PINHEIRINHO_RUI_BARBOSA-Curitiba-942-9628-484781-0,-1.0,-25.472706,-49.294393,,False,5,2,2023-06-19T10:44:14.679916+00:00
CUR_HE723,Curitiba,4106902,0,URBS,603,https://moovitapp.com/index/pt-br/transporte_p%C3%BAblico-line-603_PINHEIRINHO_RUI_BARBOSA-Curitiba-942-9628-484781-0,-1.0,-25.436788,-49.27345,,False,5,1,2023-06-19T10:44:14.679916+00:00
CUR_HE724,Curitiba,4106902,0,URBS,603,https://moovitapp.com/index/pt-br/transporte_p%C3%BAblico-line-603_PINHEIRINHO_RUI_BARBOSA-Curitiba-942-9628-484781-0,-1.0,-25.511681,-49.29566,,False,5,2,2023-06-19T10:43:14.679916+00:00
CUR_HE728,Curitiba,4106902,0,URBS,603,https://moovitapp.com/index/pt-br/transporte_p%C3%BAblico-line-603_PINHEIRINHO_RUI_BARBOSA-Curitiba-942-9628-484781-0,-1.0,-25.509836,-49.295836,,False,5,2,2023-06-19T10:44:14.679916+00:00
CUR_HE729,Curitiba,4106902,0,URBS,603,https://moovitapp.com/index/pt-br/transporte_p%C3%BAblico-line-603_PINHEIRINHO_RUI_BARBOSA-Curitiba-942-9628-484781-0,-1.0,-25.481956,-49.292846,,False,5,1,2023-06-19T10:43:14.679916+00:00
CUR_HE717,Curitiba,4106902,0,URBS,603,https://moovitapp.com/index/pt-br/transporte_p%C3%BAblico-line-603_PINHEIRINHO_RUI_BARBOSA-Curitiba-942-9628-484781-0,-1.0,-25.469808,-49.294218,,False,5,2,2023-06-19T10:41:14.679916+00:00
CUR_HE725,Curitiba,4106902,0,URBS,603,https://moovitapp.com/index/pt-br/transporte_p%C3%BAblico-line-603_PINHEIRINHO_RUI_BARBOSA-Curitiba-942-9628-484781-0,-1.0,-25.453336,-49.28787,,False,5,1,2023-06-19T10:43:14.679916+00:00
CUR_GE703,Curitiba,4106902,0,URBS,603,https://moovitapp.com/index/pt-br/transporte_p%C3%BAblico-line-603_PINHEIRINHO_RUI_BARBOSA-Curitiba-942-9628-484781-0,-1.0,-25.54981,-49.291583,,False,5,2,2023-06-19T10:41:14.679916+00:00
CUR_HE713,Curitiba,4106902,0,URBS,603,https://moovitapp.com/index/pt-br/transporte_p%C3%BAblico-line-603_PINHEIRINHO_RUI_BARBOSA-Curitiba-942-9628-484781-0,-1.0,-25.444748,-49.285343,,False,5,1,2023-06-19T10:43:14.679916+00:00
CUR_HE714,Curitiba,4106902,0,URBS,603,https://moovitapp.com/index/pt-br/transporte_p%C3%BAblico-line-603_PINHEIRINHO_RUI_BARBOSA-Curitiba-942-9628-484781-0,-1.0,-25.441088,-49.275626,,False,5,1,2023-06-19T10:43:14.679916+00:00
CUR_GE732,Curitiba,4106902,0,URBS,603,https://moovitapp.com/index/pt-br/transporte_p%C3%BAblico-line-603_PINHEIRINHO_RUI_BARBOSA-Curitiba-942-9628-484781-0,-1.0,-25.43665,-49.273353,,False,5,1,2023-06-19T10:43:14.679916+00:00
CUR_HE731,Curitiba,4106902,0,URBS,603,https://moovitapp.com/index/pt-br/transporte_p%C3%BAblico-line-603_PINHEIRINHO_RUI_BARBOSA-Curitiba-942-9628-484781-0,-1.0,-25.442833,-49.28018,,False,5,1,2023-06-19T10:43:14.679916+00:00
CUR_HE727,Curitiba,4106902,0,URBS,603,https://moovitapp.com/index/pt-br/transporte_p%C3%BAblico-line-603_PINHEIRINHO_RUI_BARBOSA-Curitiba-942-9628-484781-0,-1.0,-25.447913,-49.287751,,False,5,2,2023-06-19T10:45:14.679916+00:00
CUR_HD246,Curitiba,4106902,0,URBS,603,https://moovitapp.com/index/pt-br/transporte_p%C3%BAblico-line-603_PINHEIRINHO_RUI_BARBOSA-Curitiba-942-9628-484781-0,-1.0,-25.455338,-49.288261,,False,5,2,2023-06-19T10:44:14.679916+00:00
CUR_HD242,Curitiba,4106902,0,URBS,603,https://moovitapp.com/index/pt-br/transporte_p%C3%BAblico-line-603_PINHEIRINHO_RUI_BARBOSA-Curitiba-942-9628-484781-0,-1.0,-25.46687,-49.292511,,False,5,2,2023-06-19T10:43:14.679916+00:00
CUR_HE721,Curitiba,4106902,0,URBS,603,https://moovitapp.com/index/pt-br/transporte_p%C3%BAblico-line-603_PINHEIRINHO_RUI_BARBOSA-Curitiba-942-9628-484781-0,-1.0,-25.440535,-49.274301,,False,5,1,2023-06-19T10:43:14.679916+00:00
CUR_HE726,Curitiba,4106902,0,URBS,603,https://moovitapp.com/index/pt-br/transporte_p%C3%BAblico-line-603_PINHEIRINHO_RUI_BARBOSA-Curitiba-942-9628-484781-0,-1.0,-25.481423,-49.29258,,False,5,2,2023-06-19T10:43:14.679916+00:00
CUR_HD244,Curitiba,4106902,0,URBS,603,https://moovitapp.com/index/pt-br/transporte_p%C3%BAblico-line-603_PINHEIRINHO_RUI_BARBOSA-Curitiba-942-9628-484781-0,-1.0,-25.51216,-49.295653,,False,5,2,2023-06-19T10:44:14.679916+00:00
CUR_GE733,Curitiba,4106902,0,URBS,603,https://moovitapp.com/index/pt-br/transporte_p%C3%BAblico-line-603_PINHEIRINHO_RUI_BARBOSA-Curitiba-942-9628-484781-0,-1.0,-25.511638,-49.295786,,False,5,2,2023-06-19T10:43:14.679916+00:00
CUR_HE730,Curitiba,4106902,0,URBS,603,https://moovitapp.com/index/pt-br/transporte_p%C3%BAblico-line-603_PINHEIRINHO_RUI_BARBOSA-Curitiba-942-9628-484781-0,-1.0,-25.491616,-49.293738,,False,5,1,2023-06-19T10:44:14.679916+00:00
CUR_GE731,Curitiba,4106902,0,URBS,603,https://moovitapp.com/index/pt-br/transporte_p%C3%BAblico-line-603_PINHEIRINHO_RUI_BARBOSA-Curitiba-942-9628-484781-0,-1.0,-25.482951,-49.293191,,False,5,2,2023-06-19T10:44:14.679916+00:00
CUR_HD250,Curitiba,4106902,0,URBS,603,https://moovitapp.com/index/pt-br/transporte_p%C3%BAblico-line-603_PINHEIRINHO_RUI_BARBOSA-Curitiba-942-9628-484781-0,-1.0,-25.449071,-49.287983,,False,5,1,2023-06-19T10:44:14.679916+00:00
CUR_GD344,Curitiba,4106902,0,URBS,603,https://moovitapp.com/index/pt-br/transporte_p%C3%BAblico-line-603_PINHEIRINHO_RUI_BARBOSA-Curitiba-942-9628-484781-0,-1.0,-25.548641,-49.291876,,False,5,1,2023-06-19T10:41:14.679916+00:00
CUR_BA027,Curitiba,4106902,1,,243,,,-25.352715,-49.264143,,False,1,2,2023-06-19T10:43:14.679916+00:00
CUR_BI013,Curitiba,4106902,1,,243,,,-25.366965,-49.259891,,False,1,1,2023-06-19T10:44:14.679916+00:00
CUR_BC028,Curitiba,4106902,1,,182,,,-25.370835,-49.268985,,False,1,2,2023-06-19T10:43:14.679916+00:00
CUR_BC305,Curitiba,4106902,1,,182,,,-25.388256,-49.26747,,False,3,1,2023-06-19T10:43:14.679916+00:00
CUR_BC306,Curitiba,4106902,1,,182,,,-25.415711,-49.273898,,False,3,1,2023-06-19T10:44:14.679916+00:00
CUR_EB608,Curitiba,4106902,1,,050,,,-25.47726,-49.309128,,False,4,2,2023-06-19T10:44:14.679916+00:00
CUR_EB605,Curitiba,4106902,1,,050,,,-25.47574,-49.295713,,False,4,1,2023-06-19T10:44:14.679916+00:00
CUR_JB606,Curitiba,4106902,1,,050,,,-25.449103,-49.366956,,False,4,1,2023-06-19T10:44:14.679916+00:00
CUR_GR124,Curitiba,4106902,1,,050,,,-25.45209,-49.23001,,False,4,2,2023-06-19T10:44:14.679916+00:00
CUR_JB610,Curitiba,4106902,1,,050,,,-25.449346,-49.365726,,False,4,2,2023-06-19T10:43:14.679916+00:00
CUR_EB606,Curitiba,4106902,1,,050,,,-25.468495,-49.254606,,False,4,2,2023-06-19T10:43:14.679916+00:00
CUR_GB608,Curitiba,4106902,1,,050,,,-25.458473,-49.248363,,False,4,1,2023-06-19T10:44:14.679916+00:00
CUR_EB601,Curitiba,4106902,1,,050,,,-25.438156,-49.219625,,False,4,2,2023-06-19T10:43:14.679916+00:00
CUR_JB604,Curitiba,4106902,1,,050,,,-25.449118,-49.367166,,False,4,2,2023-06-19T10:43:14.679916+00:00
CUR_KB600,Curitiba,4106902,1,,050,,,-25.455066,-49.241553,,False,4,2,2023-06-19T10:44:14.679916+00:00
CUR_KB604,Curitiba,4106902,1,,050,,,-25.451988,-49.223371,,False,4,1,2023-06-19T10:44:14.679916+00:00
CUR_HB603,Curitiba,4106902,1,,050,,,-25.454865,-49.266756,,False,4,1,2023-06-19T10:38:14.679916+00:00
CUR_DE702,Curitiba,4106902,0,URBS,303,https://moovitapp.com/index/pt-br/transporte_p%C3%BAblico-line-303_CENTEN%C3%81RIO_CAMPO_COMPRIDO-Curitiba-942-9628-531689-0,-1.0,-25.433221,-49.299791,,False,5,1,2023-06-19T10:43:14.679916+00:00
CUR_JE704,Curitiba,4106902,0,URBS,303,https://moovitapp.com/index/pt-br/transporte_p%C3%BAblico-line-303_CENTEN%C3%81RIO_CAMPO_COMPRIDO-Curitiba-942-9628-531689-0,-1.0,-25.449013,-49.366668,,False,5,1,2023-06-19T10:44:14.679916+00:00
CUR_DE711,Curitiba,4106902,0,URBS,303,https://moovitapp.com/index/pt-br/transporte_p%C3%BAblico-line-303_CENTEN%C3%81RIO_CAMPO_COMPRIDO-Curitiba-942-9628-531689-0,-1.0,-25.440781,-49.22059,,False,5,1,2023-06-19T10:44:14.679916+00:00
CUR_DE710,Curitiba,4106902,0,URBS,303,https://moovitapp.com/index/pt-br/transporte_p%C3%BAblico-line-303_CENTEN%C3%81RIO_CAMPO_COMPRIDO-Curitiba-942-9628-531689-0,-1.0,-25.43324,-49.300001,,False,5,1,2023-06-19T10:44:14.679916+00:00
CUR_JE700,Curitiba,4106902,0,URBS,303,https://moovitapp.com/index/pt-br/transporte_p%C3%BAblico-line-303_CENTEN%C3%81RIO_CAMPO_COMPRIDO-Curitiba-942-9628-531689-0,-1.0,-25.435736,-49.306698,,False,5,2,2023-06-19T10:44:14.679916+00:00
CUR_XY042,Curitiba,4106902,0,URBS,303,https://moovitapp.com/index/pt-br/transporte_p%C3%BAblico-line-303_CENTEN%C3%81RIO_CAMPO_COMPRIDO-Curitiba-942-9628-531689-0,-1.0,-25.43959,-49.222491,,False,4,2,2023-06-19T10:44:14.679916+00:00
CUR_DE705,Curitiba,4106902,0,URBS,303,https://moovitapp.com/index/pt-br/transporte_p%C3%BAblico-line-303_CENTEN%C3%81RIO_CAMPO_COMPRIDO-Curitiba-942-9628-531689-0,-1.0,-25.43562,-49.252988,,False,5,2,2023-06-19T10:44:14.679916+00:00
CUR_DE715,Curitiba,4106902,0,URBS,303,https://moovitapp.com/index/pt-br/transporte_p%C3%BAblico-line-303_CENTEN%C3%81RIO_CAMPO_COMPRIDO-Curitiba-942-9628-531689-0,-1.0,-25.467758,-49.255285,,False,5,1,2023-06-19T10:44:14.679916+00:00
CUR_DE700,Curitiba,4106902,0,URBS,303,https://moovitapp.com/index/pt-br/transporte_p%C3%BAblico-line-303_CENTEN%C3%81RIO_CAMPO_COMPRIDO-Curitiba-942-9628-531689-0,-1.0,-25.468988,-49.254565,,False,5,2,2023-06-19T10:43:14.679916+00:00
CUR_DE722,Curitiba,4106902,0,URBS,303,https://moovitapp.com/index/pt-br/transporte_p%C3%BAblico-line-303_CENTEN%C3%81RIO_CAMPO_COMPRIDO-Curitiba-942-9628-531689-0,-1.0,-25.441868,-49.23235,,False,5,2,2023-06-19T10:44:14.679916+00:00
CUR_DE708,Curitiba,4106902,0,URBS,303,https://moovitapp.com/index/pt-br/transporte_p%C3%BAblico-line-303_CENTEN%C3%81RIO_CAMPO_COMPRIDO-Curitiba-942-9628-531689-0,-1.0,-25.468136,-49.255005,,False,5,1,2023-06-19T10:43:14.679916+00:00
CUR_DE704,Curitiba,4106902,0,URBS,303,https://moovitapp.com/index/pt-br/transporte_p%C3%BAblico-line-303_CENTEN%C3%81RIO_CAMPO_COMPRIDO-Curitiba-942-9628-531689-0,-1.0,-25.441645,-49.346956,,False,5,2,2023-06-19T10:44:14.679916+00:00
CUR_DE718,Curitiba,4106902,0,URBS,303,https://moovitapp.com/index/pt-br/transporte_p%C3%BAblico-line-303_CENTEN%C3%81RIO_CAMPO_COMPRIDO-Curitiba-942-9628-531689-0,-1.0,-25.430121,-49.291691,,False,5,2,2023-06-19T10:42:14.679916+00:00
CUR_DE719,Curitiba,4106902,0,URBS,303,https://moovitapp.com/index/pt-br/transporte_p%C3%BAblico-line-303_CENTEN%C3%81RIO_CAMPO_COMPRIDO-Curitiba-942-9628-531689-0,-1.0,-25.467865,-49.255213,,False,5,2,2023-06-19T10:43:14.679916+00:00
CUR_JE709,Curitiba,4106902,0,URBS,303,https://moovitapp.com/index/pt-br/transporte_p%C3%BAblico-line-303_CENTEN%C3%81RIO_CAMPO_COMPRIDO-Curitiba-942-9628-531689-0,-1.0,-25.449178,-49.365143,,False,5,1,2023-06-19T10:44:14.679916+00:00
CUR_JE701,Curitiba,4106902,0,URBS,303,https://moovitapp.com/index/pt-br/transporte_p%C3%BAblico-line-303_CENTEN%C3%81RIO_CAMPO_COMPRIDO-Curitiba-942-9628-531689-0,-1.0,-25.435498,-49.274918,,False,5,1,2023-06-19T10:45:14.679916+00:00
CUR_DE709,Curitiba,4106902,0,URBS,303,https://moovitapp.com/index/pt-br/transporte_p%C3%BAblico-line-303_CENTEN%C3%81RIO_CAMPO_COMPRIDO-Curitiba-942-9628-531689-0,-1.0,-25.467725,-49.255315,,False,5,2,2023-06-19T10:44:14.679916+00:00
CUR_DE716,Curitiba,4106902,0,URBS,303,https://moovitapp.com/index/pt-br/transporte_p%C3%BAblico-line-303_CENTEN%C3%81RIO_CAMPO_COMPRIDO-Curitiba-942-9628-531689-0,-1.0,-25.468008,-49.255076,,False,5,2,2023-06-19T10:43:14.679916+00:00
CUR_JE703,Curitiba,4106902,0,URBS,303,https://moovitapp.com/index/pt-br/transporte_p%C3%BAblico-line-303_CENTEN%C3%81RIO_CAMPO_COMPRIDO-Curitiba-942-9628-531689-0,-1.0,-25.448948,-49.366661,,False,5,1,2023-06-19T10:43:14.679916+00:00
CUR_DE721,Curitiba,4106902,0,URBS,303,https://moovitapp.com/index/pt-br/transporte_p%C3%BAblico-line-303_CENTEN%C3%81RIO_CAMPO_COMPRIDO-Curitiba-942-9628-531689-0,-1.0,-25.467758,-49.255205,,False,5,2,2023-06-19T10:40:14.679916+00:00
CUR_DE717,Curitiba,4106902,0,URBS,303,https://moovitapp.com/index/pt-br/transporte_p%C3%BAblico-line-303_CENTEN%C3%81RIO_CAMPO_COMPRIDO-Curitiba-942-9628-531689-0,-1.0,-25.440988,-49.342295,,False,5,2,2023-06-19T10:44:14.679916+00:00
CUR_JE710,Curitiba,4106902,0,URBS,303,https://moovitapp.com/index/pt-br/transporte_p%C3%BAblico-line-303_CENTEN%C3%81RIO_CAMPO_COMPRIDO-Curitiba-942-9628-531689-0,-1.0,-25.44898,-49.366573,,False,5,1,2023-06-19T10:43:14.679916+00:00
CUR_DE714,Curitiba,4106902,0,URBS,303,https://moovitapp.com/index/pt-br/transporte_p%C3%BAblico-line-303_CENTEN%C3%81RIO_CAMPO_COMPRIDO-Curitiba-942-9628-531689-0,-1.0,-25.437505,-49.322561,,False,5,2,2023-06-19T10:44:14.679916+00:00
CUR_JE705,Curitiba,4106902,0,URBS,303,https://moovitapp.com/index/pt-br/transporte_p%C3%BAblico-line-303_CENTEN%C3%81RIO_CAMPO_COMPRIDO-Curitiba-942-9628-531689-0,-1.0,-25.448981,-49.366663,,False,5,1,2023-06-19T10:44:14.679916+00:00
CUR_JE706,Curitiba,4106902,0,URBS,303,https://moovitapp.com/index/pt-br/transporte_p%C3%BAblico-line-303_CENTEN%C3%81RIO_CAMPO_COMPRIDO-Curitiba-942-9628-531689-0,-1.0,-25.465526,-49.209708,,False,5,2,2023-06-19T10:44:14.679916+00:00
CUR_JE708,Curitiba,4106902,0,URBS,303,https://moovitapp.com/index/pt-br/transporte_p%C3%BAblico-line-303_CENTEN%C3%81RIO_CAMPO_COMPRIDO-Curitiba-942-9628-531689-0,-1.0,-25.448928,-49.366645,,False,5,2,2023-06-19T10:43:14.679916+00:00
CUR_DE699,Curitiba,4106902,0,URBS,303,https://moovitapp.com/index/pt-br/transporte_p%C3%BAblico-line-303_CENTEN%C3%81RIO_CAMPO_COMPRIDO-Curitiba-942-9628-531689-0,-1.0,-25.436586,-49.33,,False,4,1,2023-06-19T10:44:14.679916+00:00
CUR_JE707,Curitiba,4106902,0,URBS,303,https://moovitapp.com/index/pt-br/transporte_p%C3%BAblico-line-303_CENTEN%C3%81RIO_CAMPO_COMPRIDO-Curitiba-942-9628-531689-0,-1.0,-25.435911,-49.262348,,False,5,2,2023-06-19T10:44:14.679916+00:00
CUR_KE700,Curitiba,4106902,0,URBS,503,https://moovitapp.com/index/pt-br/transporte_p%C3%BAblico-line-503_BOQUEIR%C3%83O-Curitiba-942-9628-294244-0,-1.0,-25.467023,-49.254818,,False,5,1,2023-06-19T10:43:14.679916+00:00
CUR_KE702,Curitiba,4106902,0,URBS,503,https://moovitapp.com/index/pt-br/transporte_p%C3%BAblico-line-503_BOQUEIR%C3%83O-Curitiba-942-9628-294244-0,-1.0,-25.466973,-49.254835,,False,5,1,2023-06-19T10:41:14.679916+00:00
CUR_GE613,Curitiba,4106902,0,URBS,503,https://moovitapp.com/index/pt-br/transporte_p%C3%BAblico-line-503_BOQUEIR%C3%83O-Curitiba-942-9628-294244-0,-1.0,-25.485763,-49.245196,,False,4,1,2023-06-19T10:44:14.679916+00:00
CUR_KE703,Curitiba,4106902,0,URBS,503,https://moovitapp.com/index/pt-br/transporte_p%C3%BAblico-line-503_BOQUEIR%C3%83O-Curitiba-942-9628-294244-0,-1.0,-25.466971,-49.254875,,False,5,1,2023-06-19T10:44:14.679916+00:00
CUR_GE614,Curitiba,4106902,0,URBS,503,https://moovitapp.com/index/pt-br/transporte_p%C3%BAblico-line-503_BOQUEIR%C3%83O-Curitiba-942-9628-294244-0,-1.0,-25.51284,-49.231506,,False,4,2,2023-06-19T10:43:14.679916+00:00
CUR_KE845,Curitiba,4106902,0,URBS,503,https://moovitapp.com/index/pt-br/transporte_p%C3%BAblico-line-503_BOQUEIR%C3%83O-Curitiba-942-9628-294244-0,-1.0,-25.481133,-49.247456,,False,5,2,2023-06-19T10:44:14.679916+00:00
CUR_KE705,Curitiba,4106902,0,URBS,503,https://moovitapp.com/index/pt-br/transporte_p%C3%BAblico-line-503_BOQUEIR%C3%83O-Curitiba-942-9628-294244-0,-1.0,-25.467088,-49.254818,,False,5,2,2023-06-19T10:43:14.679916+00:00
CUR_GE609,Curitiba,4106902,0,URBS,503,https://moovitapp.com/index/pt-br/transporte_p%C3%BAblico-line-503_BOQUEIR%C3%83O-Curitiba-942-9628-294244-0,-1.0,-25.434948,-49.270058,,False,4,1,2023-06-19T10:43:14.679916+00:00
CUR_BA017,Curitiba,4106902,1,,822,,,-25.441136,-49.369865,,False,1,1,2023-06-19T10:43:14.679916+00:00
CUR_BA011,Curitiba,4106902,1,,822,,,-25.441965,-49.353151,,False,1,2,2023-06-19T10:42:14.679916+00:00
CUR_HI042,Curitiba,4106902,1,,654,,,-25.500326,-49.324371,,False,1,1,2023-06-19T10:43:14.679916+00:00
CUR_HI041,Curitiba,4106902,1,,654,,,-25.492515,-49.299096,,False,1,2,2023-06-19T10:43:14.679916+00:00
CUR_HA194,Curitiba,4106902,1,,654,,,-25.492643,-49.30611,,False,1,2,2023-06-19T10:43:14.679916+00:00
CUR_HA015,Curitiba,4106902,1,,654,,,-25.50024,-49.324433,,False,1,1,2023-06-19T10:44:14.679916+00:00
CUR_BI869,Curitiba,4106902,1,,260,,,-25.430015,-49.27144,,False,7,1,2023-06-19T10:38:14.679916+00:00
CUR_GI854,Curitiba,4106902,1,,662,,,-25.529588,-49.289913,,False,7,2,2023-06-19T10:41:14.679916+00:00
CUR_GI852,Curitiba,4106902,1,,662,,,-25.437126,-49.273221,,False,7,1,2023-06-19T10:43:14.679916+00:00
CUR_BI871,Curitiba,4106902,1,,272,,,-25.389513,-49.260675,,False,7,2,2023-06-19T10:40:14.679916+00:00
CUR_BI875,Curitiba,4106902,1,,272,,,-25.429073,-49.269848,,False,7,1,2023-06-19T10:43:14.679916+00:00
CUR_BI885,Curitiba,4106902,1,,272,,,-25.368888,-49.25016,,False,7,1,2023-06-19T10:43:14.679916+00:00
CUR_BI011,Curitiba,4106902,1,,236,,,-25.366376,-49.227265,,False,1,2,2023-06-19T10:39:14.679916+00:00
CUR_BI003,Curitiba,4106902,1,,236,,,-25.35196,-49.246213,,False,1,1,2023-06-19T10:40:14.679916+00:00
CUR_EA602,Curitiba,4106902,1,,528,,,-25.467581,-49.256183,,False,4,1,2023-06-19T10:43:14.679916+00:00
CUR_GI601,Curitiba,4106902,1,,528,,,-25.56204,-49.267411,,False,4,2,2023-06-19T10:44:14.679916+00:00
CUR_EA012,Curitiba,4106902,1,,528,,,-25.55013,-49.256048,,False,1,1,2023-06-19T10:44:14.679916+00:00
CUR_GI047,Curitiba,4106902,1,,528,,,-25.538155,-49.294811,,False,1,2,2023-06-19T10:43:14.679916+00:00
CUR_EA601,Curitiba,4106902,1,,528,,,-25.5177,-49.230388,,False,4,2,2023-06-19T10:44:14.679916+00:00
CUR_EA699,Curitiba,4106902,1,,528,,,-25.467631,-49.25616,,False,4,1,2023-06-19T10:43:14.679916+00:00
CUR_EA698,Curitiba,4106902,1,,528,,,-25.467653,-49.256118,,False,4,2,2023-06-19T10:43:14.679916+00:00
CUR_GA600,Curitiba,4106902,1,,528,,,-25.532191,-49.297253,,False,4,1,2023-06-19T10:44:14.679916+00:00
CUR_HI046,Curitiba,4106902,1,,828,,,-25.441405,-49.346968,,False,1,2,2023-06-19T10:43:14.679916+00:00
CUR_JI020,Curitiba,4106902,1,,828,,,-25.449103,-49.365728,,False,1,2,2023-06-19T10:43:14.679916+00:00
CUR_HA192,Curitiba,4106902,1,,828,,,-25.476925,-49.327883,,False,1,1,2023-06-19T10:44:14.679916+00:00
CUR_HA312,Curitiba,4106902,1,,828,,,-25.478736,-49.325303,,False,3,1,2023-06-19T10:43:14.679916+00:00
CUR_HI008,Curitiba,4106902,1,,828,,,-25.460806,-49.336731,,False,1,2,2023-06-19T10:43:14.679916+00:00
CUR_BI879,Curitiba,4106902,1,Auto Viação São José,213,https://moovitapp.com/index/pt-br/transporte_p%C3%BAblico-line-213_PIT_PRA%C3%87A_DA_JUVENTUDE_CRISTAL_BLANCO_POMBO_HOR%C3%81RIO-Curitiba-942-857412-119631272-0,-1.0,-25.404383,-49.244498,,False,7,2,2023-06-19T10:44:14.679916+00:00
CUR_BI882,Curitiba,4106902,1,Auto Viação São José,213,https://moovitapp.com/index/pt-br/transporte_p%C3%BAblico-line-213_PIT_PRA%C3%87A_DA_JUVENTUDE_CRISTAL_BLANCO_POMBO_HOR%C3%81RIO-Curitiba-942-857412-119631272-0,-1.0,-25.38983,-49.22211,,False,7,1,2023-06-19T10:43:14.679916+00:00
CUR_GI038,Curitiba,4106902,1,,633,,,-25.532965,-49.274563,,False,1,1,2023-06-19T10:43:14.679916+00:00
CUR_GC018,Curitiba,4106902,1,,633,,,-25.52421,-49.26937,,False,1,2,2023-06-19T10:43:14.679916+00:00
CUR_GI039,Curitiba,4106902,1,,633,,,-25.515101,-49.294013,,False,1,1,2023-06-19T10:43:14.679916+00:00
CUR_KA600,Curitiba,4106902,1,,545,,,-25.467603,-49.254688,,False,4,1,2023-06-19T10:43:14.679916+00:00
CUR_GI600,Curitiba,4106902,1,,545,,,-25.542163,-49.304041,,False,4,2,2023-06-19T10:43:14.679916+00:00
CUR_GI603,Curitiba,4106902,1,,545,,,-25.536505,-49.273921,,False,4,2,2023-06-19T10:41:14.679916+00:00
CUR_KA602,Curitiba,4106902,1,,545,,,-25.467625,-49.254651,,False,4,2,2023-06-19T10:43:14.679916+00:00
CUR_JI600,Curitiba,4106902,1,,545,,,-25.523795,-49.33264,,False,4,1,2023-06-19T10:45:14.679916+00:00
CUR_JI602,Curitiba,4106902,1,,545,,,-25.449043,-49.36718,,False,4,1,2023-06-19T10:43:14.679916+00:00
CUR_KA692,Curitiba,4106902,1,,545,,,-25.46726,-49.254655,,False,4,1,2023-06-19T10:43:14.679916+00:00
CUR_KA601,Curitiba,4106902,1,,545,,,-25.512171,-49.332035,,False,4,2,2023-06-19T10:44:14.679916+00:00
CUR_BL605,Curitiba,4106902,0,URBS,022,https://moovitapp.com/index/pt-br/transporte_p%C3%BAblico-line-022_INTER_2_HOR%C3%81RIO-Curitiba-942-9628-381388-0,-1.0,-25.478801,-49.292136,,False,4,,2023-06-19T10:43:14.679916+00:00
CUR_BL337,Curitiba,4106902,0,URBS,022,https://moovitapp.com/index/pt-br/transporte_p%C3%BAblico-line-022_INTER_2_HOR%C3%81RIO-Curitiba-942-9628-381388-0,-1.0,-25.414725,-49.28729,,False,3,,2023-06-19T10:43:14.679916+00:00
CUR_ML312,Curitiba,4106902,0,URBS,022,https://moovitapp.com/index/pt-br/transporte_p%C3%BAblico-line-022_INTER_2_HOR%C3%81RIO-Curitiba-942-9628-381388-0,-1.0,-25.46188,-49.290956,,False,3,,2023-06-19T10:44:14.679916+00:00
CUR_EL601,Curitiba,4106902,0,URBS,022,https://moovitapp.com/index/pt-br/transporte_p%C3%BAblico-line-022_INTER_2_HOR%C3%81RIO-Curitiba-942-9628-381388-0,-1.0,-25.46823,-49.2558,,False,4,,2023-06-19T10:44:14.679916+00:00
CUR_JL305,Curitiba,4106902,0,URBS,022,https://moovitapp.com/index/pt-br/transporte_p%C3%BAblico-line-022_INTER_2_HOR%C3%81RIO-Curitiba-942-9628-381388-0,-1.0,-25.448656,-49.366175,,False,3,,2023-06-19T10:43:14.679916+00:00
CUR_BL320,Curitiba,4106902,0,URBS,022,https://moovitapp.com/index/pt-br/transporte_p%C3%BAblico-line-022_INTER_2_HOR%C3%81RIO-Curitiba-942-9628-381388-0,-1.0,-25.408251,-49.254201,,False,3,,2023-06-19T10:44:14.679916+00:00
CUR_BL300,Curitiba,4106902,0,URBS,022,https://moovitapp.com/index/pt-br/transporte_p%C3%BAblico-line-022_INTER_2_HOR%C3%81RIO-Curitiba-942-9628-381388-0,-1.0,-25.428006,-49.233575,,False,3,,2023-06-19T10:44:14.679916+00:00
CUR_DL301,Curitiba,4106902,0,URBS,022,https://moovitapp.com/index/pt-br/transporte_p%C3%BAblico-line-022_INTER_2_HOR%C3%81RIO-Curitiba-942-9628-381388-0,-1.0,-25.41889,-49.240523,,False,3,,2023-06-19T10:43:14.679916+00:00
CUR_CL698,Curitiba,4106902,0,URBS,022,https://moovitapp.com/index/pt-br/transporte_p%C3%BAblico-line-022_INTER_2_HOR%C3%81RIO-Curitiba-942-9628-381388-0,-1.0,-25.380743,-49.18602,,False,4,,2023-06-19T10:43:14.679916+00:00
CUR_BL607,Curitiba,4106902,0,URBS,022,https://moovitapp.com/index/pt-br/transporte_p%C3%BAblico-line-022_INTER_2_HOR%C3%81RIO-Curitiba-942-9628-381388-0,-1.0,-25.41767,-49.244695,,False,4,,2023-06-19T10:43:14.679916+00:00
CUR_BL610,Curitiba,4106902,0,URBS,022,https://moovitapp.com/index/pt-br/transporte_p%C3%BAblico-line-022_INTER_2_HOR%C3%81RIO-Curitiba-942-9628-381388-0,-1.0,-25.414166,-49.26593,,False,4,,2023-06-19T10:43:14.679916+00:00
CUR_DR805,Curitiba,4106902,0,URBS,022,https://moovitapp.com/index/pt-br/transporte_p%C3%BAblico-line-022_INTER_2_HOR%C3%81RIO-Curitiba-942-9628-381388-0,-1.0,-25.467825,-49.25452,,False,4,,2023-06-19T10:42:14.679916+00:00
CUR_BL334,Curitiba,4106902,0,URBS,022,https://moovitapp.com/index/pt-br/transporte_p%C3%BAblico-line-022_INTER_2_HOR%C3%81RIO-Curitiba-942-9628-381388-0,-1.0,-25.418308,-49.270731,,False,3,,2023-06-19T10:43:14.679916+00:00
CUR_JL310,Curitiba,4106902,0,URBS,022,https://moovitapp.com/index/pt-br/transporte_p%C3%BAblico-line-022_INTER_2_HOR%C3%81RIO-Curitiba-942-9628-381388-0,-1.0,-25.496141,-49.27028,,False,3,,2023-06-19T10:44:14.679916+00:00
CUR_BL600,Curitiba,4106902,0,URBS,022,https://moovitapp.com/index/pt-br/transporte_p%C3%BAblico-line-022_INTER_2_HOR%C3%81RIO-Curitiba-942-9628-381388-0,-1.0,-25.42846,-49.229045,,False,4,,2023-06-19T10:43:14.679916+00:00
CUR_DL316,Curitiba,4106902,0,URBS,022,https://moovitapp.com/index/pt-br/transporte_p%C3%BAblico-line-022_INTER_2_HOR%C3%81RIO-Curitiba-942-9628-381388-0,-1.0,-25.494975,-49.286906,,False,3,,2023-06-19T10:44:14.679916+00:00
CUR_JL603,Curitiba,4106902,0,URBS,022,https://moovitapp.com/index/pt-br/transporte_p%C3%BAblico-line-022_INTER_2_HOR%C3%81RIO-Curitiba-942-9628-381388-0,-1.0,-25.492106,-49.258673,,False,4,,2023-06-19T10:44:14.679916+00:00
CUR_BL326,Curitiba,4106902,0,URBS,022,https://moovitapp.com/index/pt-br/transporte_p%C3%BAblico-line-022_INTER_2_HOR%C3%81RIO-Curitiba-942-9628-381388-0,-1.0,-25.460111,-49.301071,,False,3,,2023-06-19T10:43:14.679916+00:00
CUR_GL601,Curitiba,4106902,0,URBS,022,https://moovitapp.com/index/pt-br/transporte_p%C3%BAblico-line-022_INTER_2_HOR%C3%81RIO-Curitiba-942-9628-381388-0,-1.0,-25.444188,-49.22293,,False,4,,2023-06-19T10:44:14.679916+00:00
CUR_HL494,Curitiba,4106902,1,URBS,022,https://moovitapp.com/index/pt-br/transporte_p%C3%BAblico-line-022_INTER_2_HOR%C3%81RIO-Curitiba-942-9628-381388-0,-1.0,-25.42587,-49.293371,,False,3,,2023-06-19T10:45:14.679916+00:00
CUR_HL601,Curitiba,4106902,0,URBS,022,https://moovitapp.com/index/pt-br/transporte_p%C3%BAblico-line-022_INTER_2_HOR%C3%81RIO-Curitiba-942-9628-381388-0,-1.0,-25.47588,-49.292355,,False,4,,2023-06-19T10:42:14.679916+00:00
CUR_CR804,Curitiba,4106902,0,URBS,022,https://moovitapp.com/index/pt-br/transporte_p%C3%BAblico-line-022_INTER_2_HOR%C3%81RIO-Curitiba-942-9628-381388-0,-1.0,-25.41962,-49.290978,,False,4,,2023-06-19T10:45:14.679916+00:00
CUR_CL601,Curitiba,4106902,0,URBS,022,https://moovitapp.com/index/pt-br/transporte_p%C3%BAblico-line-022_INTER_2_HOR%C3%81RIO-Curitiba-942-9628-381388-0,-1.0,-25.381626,-49.185521,,False,4,,2023-06-19T10:43:14.679916+00:00
CUR_EL075,Curitiba,4106902,0,URBS,022,https://moovitapp.com/index/pt-br/transporte_p%C3%BAblico-line-022_INTER_2_HOR%C3%81RIO-Curitiba-942-9628-381388-0,-1.0,-25.479575,-49.292215,,False,3,,2023-06-19T10:44:14.679916+00:00
CUR_EL600,Curitiba,4106902,0,URBS,022,https://moovitapp.com/index/pt-br/transporte_p%C3%BAblico-line-022_INTER_2_HOR%C3%81RIO-Curitiba-942-9628-381388-0,-1.0,-25.479216,-49.24655,,False,4,,2023-06-19T10:44:14.679916+00:00
CUR_BL601,Curitiba,4106902,0,URBS,022,https://moovitapp.com/index/pt-br/transporte_p%C3%BAblico-line-022_INTER_2_HOR%C3%81RIO-Curitiba-942-9628-381388-0,-1.0,-25.417005,-49.276811,,False,4,,2023-06-19T10:43:14.679916+00:00
CUR_BL602,Curitiba,4106902,0,URBS,022,https://moovitapp.com/index/pt-br/transporte_p%C3%BAblico-line-022_INTER_2_HOR%C3%81RIO-Curitiba-942-9628-381388-0,-1.0,-25.413931,-49.259401,,False,4,,2023-06-19T10:43:14.679916+00:00
CUR_CL602,Curitiba,4106902,0,URBS,022,https://moovitapp.com/index/pt-br/transporte_p%C3%BAblico-line-022_INTER_2_HOR%C3%81RIO-Curitiba-942-9628-381388-0,-1.0,-25.381631,-49.18557,,False,4,,2023-06-19T10:43:14.679916+00:00
CUR_DL311,Curitiba,4106902,0,URBS,022,https://moovitapp.com/index/pt-br/transporte_p%C3%BAblico-line-022_INTER_2_HOR%C3%81RIO-Curitiba-942-9628-381388-0,-1.0,-25.44561,-49.304601,,False,3,,2023-06-19T10:44:14.679916+00:00
CUR_BL311,Curitiba,4106902,0,URBS,022,https://moovitapp.com/index/pt-br/transporte_p%C3%BAblico-line-022_INTER_2_HOR%C3%81RIO-Curitiba-942-9628-381388-0,-1.0,-25.496533,-49.2717,,False,3,,2023-06-19T10:41:14.679916+00:00
CUR_JA037,Curitiba,4106902,1,,860,,,-25.449268,-49.365913,,False,1,2,2023-06-19T10:43:14.679916+00:00
CUR_JA036,Curitiba,4106902,1,,860,,,-25.442113,-49.28687,,False,1,1,2023-06-19T10:44:14.679916+00:00
CUR_JI018,Curitiba,4106902,1,,860,,,-25.444163,-49.340893,,False,1,1,2023-06-19T10:44:14.679916+00:00
CUR_JA033,Curitiba,4106902,1,,860,,,-25.464135,-49.343245,,False,1,2,2023-06-19T10:44:14.679916+00:00
CUR_JC011,Curitiba,4106902,1,,860,,,-25.449568,-49.366965,,False,1,1,2023-06-19T10:43:14.679916+00:00
CUR_BC301,Curitiba,4106902,1,,205,,,-25.390135,-49.26053,,False,3,1,2023-06-19T10:43:14.679916+00:00
CUR_BC302,Curitiba,4106902,1,,205,,,-25.411631,-49.258558,,False,3,2,2023-06-19T10:43:14.679916+00:00
CUR_BC308,Curitiba,4106902,1,,205,,,-25.377556,-49.262345,,False,3,2,2023-06-19T10:42:14.679916+00:00
CUR_BC280,Curitiba,4106902,1,,205,,,-25.420626,-49.26931,,False,1,2,2023-06-19T10:43:14.679916+00:00
CUR_BC307,Curitiba,4106902,1,,205,,,-25.386843,-49.261218,,False,3,2,2023-06-19T10:39:14.679916+00:00
CUR_GA002,Curitiba,4106902,1,,631,,,-25.521876,-49.291295,,False,1,,2023-06-19T10:44:14.679916+00:00
CUR_GI027,Curitiba,4106902,1,,631,,,-25.51253,-49.294968,,False,1,,2023-06-19T10:41:14.679916+00:00
CUR_BI857,Curitiba,4106902,1,,311,,,-25.439536,-49.220375,,False,7,2,2023-06-19T10:43:14.679916+00:00
CUR_EI002,Curitiba,4106902,1,,523,,,-25.505603,-49.22132,,False,1,2,2023-06-19T10:43:14.679916+00:00
CUR_HI043,Curitiba,4106902,1,,630,,,-25.513501,-49.295021,,False,1,1,2023-06-19T10:43:14.679916+00:00
CUR_HI032,Curitiba,4106902,1,,630,,,-25.53569,-49.314878,,False,1,1,2023-06-19T10:43:14.679916+00:00
CUR_HA016,Curitiba,4106902,1,,630,,,-25.54513,-49.303361,,False,1,2,2023-06-19T10:43:14.679916+00:00
CUR_HI027,Curitiba,4106902,1,,630,,,-25.546568,-49.341051,,False,1,1,2023-06-19T10:41:14.679916+00:00
CUR_BB308,Curitiba,4106902,1,,011,,,-25.409793,-49.26436,,False,10,,2023-06-19T10:43:14.679916+00:00
CUR_BB305,Curitiba,4106902,1,,011,,,-25.430951,-49.29574,,False,10,,2023-06-19T10:42:14.679916+00:00
CUR_BB309,Curitiba,4106902,1,,011,,,-25.450521,-49.252985,,False,10,,2023-06-19T10:39:14.679916+00:00
CUR_HC304,Curitiba,4106902,1,,380,,,-25.434276,-49.212646,,False,10,2,2023-06-19T10:42:14.679916+00:00
CUR_CC301,Curitiba,4106902,1,,380,,,-25.38184,-49.185775,,False,10,1,2023-06-19T10:44:14.679916+00:00
CUR_CI006,Curitiba,4106902,1,,380,,,-25.429623,-49.21741,,False,1,1,2023-06-19T10:43:14.679916+00:00
CUR_CC302,Curitiba,4106902,1,,380,,,-25.381971,-49.185775,,False,10,2,2023-06-19T10:43:14.679916+00:00
CUR_BI008,Curitiba,4106902,1,,374,,,-25.4176,-49.245835,,False,1,1,2023-06-19T10:43:14.679916+00:00
CUR_BI001,Curitiba,4106902,1,,374,,,-25.42697,-49.260913,,False,1,1,2023-06-19T10:43:14.679916+00:00
CUR_BI005,Curitiba,4106902,1,,374,,,-25.409678,-49.219073,,False,1,2,2023-06-19T10:44:14.679916+00:00
CUR_BI029,Curitiba,4106902,1,,827,,,-25.448986,-49.363815,,False,1,2,2023-06-19T10:45:14.679916+00:00
CUR_GC006,Curitiba,4106902,1,,513,,,-25.501763,-49.256325,,False,1,2,2023-06-19T10:44:14.679916+00:00
CUR_DA292,Curitiba,4106902,1,,513,,,-25.491471,-49.277558,,False,1,1,2023-06-19T10:43:14.679916+00:00
CUR_DC085,Curitiba,4106902,1,,513,,,-25.467936,-49.25459,,False,1,2,2023-06-19T10:42:14.679916+00:00
CUR_BL338,Curitiba,4106902,0,URBS,505,https://moovitapp.com/index/pt-br/transporte_p%C3%BAblico-line-505_BOQUEIR%C3%83O_CENTRO_C%C3%8DVICO-Curitiba-942-9628-531685-0,-1.0,-25.411511,-49.26587,,False,3,1,2023-06-19T10:43:14.679916+00:00
CUR_EL331,Curitiba,4106902,1,URBS,505,https://moovitapp.com/index/pt-br/transporte_p%C3%BAblico-line-505_BOQUEIR%C3%83O_CENTRO_C%C3%8DVICO-Curitiba-942-9628-531685-0,-1.0,-25.417335,-49.26849,,False,3,2,2023-06-19T10:44:14.679916+00:00
CUR_EL318,Curitiba,4106902,1,URBS,505,https://moovitapp.com/index/pt-br/transporte_p%C3%BAblico-line-505_BOQUEIR%C3%83O_CENTRO_C%C3%8DVICO-Curitiba-942-9628-531685-0,-1.0,-25.468348,-49.254708,,False,3,1,2023-06-19T10:43:14.679916+00:00
CUR_EL320,Curitiba,4106902,1,URBS,505,https://moovitapp.com/index/pt-br/transporte_p%C3%BAblico-line-505_BOQUEIR%C3%83O_CENTRO_C%C3%8DVICO-Curitiba-942-9628-531685-0,-1.0,-25.449785,-49.257428,,False,3,1,2023-06-19T10:44:14.679916+00:00
CUR_BL302,Curitiba,4106902,0,URBS,505,https://moovitapp.com/index/pt-br/transporte_p%C3%BAblico-line-505_BOQUEIR%C3%83O_CENTRO_C%C3%8DVICO-Curitiba-942-9628-531685-0,-1.0,-25.492153,-49.242071,,False,3,2,2023-06-19T10:44:14.679916+00:00
CUR_EL333,Curitiba,4106902,1,URBS,505,https://moovitapp.com/index/pt-br/transporte_p%C3%BAblico-line-505_BOQUEIR%C3%83O_CENTRO_C%C3%8DVICO-Curitiba-942-9628-531685-0,-1.0,-25.467461,-49.256038,,False,3,1,2023-06-19T10:44:14.679916+00:00
CUR_BL310,Curitiba,4106902,0,URBS,505,https://moovitapp.com/index/pt-br/transporte_p%C3%BAblico-line-505_BOQUEIR%C3%83O_CENTRO_C%C3%8DVICO-Curitiba-942-9628-531685-0,-1.0,-25.472611,-49.25168,,False,3,2,2023-06-19T10:44:14.679916+00:00
CUR_EL321,Curitiba,4106902,1,URBS,505,https://moovitapp.com/index/pt-br/transporte_p%C3%BAblico-line-505_BOQUEIR%C3%83O_CENTRO_C%C3%8DVICO-Curitiba-942-9628-531685-0,-1.0,-25.468365,-49.254605,,False,3,1,2023-06-19T10:44:14.679916+00:00
CUR_BL322,Curitiba,4106902,0,URBS,505,https://moovitapp.com/index/pt-br/transporte_p%C3%BAblico-line-505_BOQUEIR%C3%83O_CENTRO_C%C3%8DVICO-Curitiba-942-9628-531685-0,-1.0,-25.490036,-49.24318,,False,3,2,2023-06-19T10:43:14.679916+00:00
CUR_EL317,Curitiba,4106902,0,URBS,505,https://moovitapp.com/index/pt-br/transporte_p%C3%BAblico-line-505_BOQUEIR%C3%83O_CENTRO_C%C3%8DVICO-Curitiba-942-9628-531685-0,-1.0,-25.467688,-49.256553,,False,3,2,2023-06-19T10:43:14.679916+00:00
CUR_BL315,Curitiba,4106902,0,URBS,505,https://moovitapp.com/index/pt-br/transporte_p%C3%BAblico-line-505_BOQUEIR%C3%83O_CENTRO_C%C3%8DVICO-Curitiba-942-9628-531685-0,-1.0,-25.447976,-49.257501,,False,3,1,2023-06-19T10:42:14.679916+00:00
CUR_BL333,Curitiba,4106902,0,URBS,505,https://moovitapp.com/index/pt-br/transporte_p%C3%BAblico-line-505_BOQUEIR%C3%83O_CENTRO_C%C3%8DVICO-Curitiba-942-9628-531685-0,-1.0,-25.454423,-49.259366,,False,3,1,2023-06-19T10:43:14.679916+00:00
CUR_EL322,Curitiba,4106902,1,URBS,505,https://moovitapp.com/index/pt-br/transporte_p%C3%BAblico-line-505_BOQUEIR%C3%83O_CENTRO_C%C3%8DVICO-Curitiba-942-9628-531685-0,-1.0,-25.427881,-49.264218,,False,3,2,2023-06-19T10:44:14.679916+00:00
CUR_EL306,Curitiba,4106902,0,URBS,505,https://moovitapp.com/index/pt-br/transporte_p%C3%BAblico-line-505_BOQUEIR%C3%83O_CENTRO_C%C3%8DVICO-Curitiba-942-9628-531685-0,-1.0,-25.409068,-49.265953,,False,3,1,2023-06-19T10:44:14.679916+00:00
CUR_EL324,Curitiba,4106902,1,URBS,505,https://moovitapp.com/index/pt-br/transporte_p%C3%BAblico-line-505_BOQUEIR%C3%83O_CENTRO_C%C3%8DVICO-Curitiba-942-9628-531685-0,-1.0,-25.467536,-49.256105,,False,3,1,2023-06-19T10:43:14.679916+00:00
CUR_HC300,Curitiba,4106902,1,,863,,,-25.447933,-49.271776,,False,10,1,2023-06-19T10:43:14.679916+00:00
CUR_HC011,Curitiba,4106902,1,,863,,,-25.443825,-49.269973,,False,1,2,2023-06-19T10:44:14.679916+00:00
CUR_BC018,Curitiba,4106902,1,,375,,,-25.41288,-49.205343,,False,1,1,2023-06-19T10:42:14.679916+00:00
CUR_BA002,Curitiba,4106902,1,,375,,,-25.426775,-49.252856,,False,1,1,2023-06-19T10:43:14.679916+00:00
CUR_EA021,Curitiba,4106902,1,,521,,,-25.510486,-49.24816,,False,1,2,2023-06-19T10:44:14.679916+00:00
CUR_MA949,Curitiba,4106902,1,,967,,,-25.429578,-49.277861,,False,7,2,2023-06-19T10:44:14.679916+00:00
CUR_MI853,Curitiba,4106902,1,,967,,,-25.42936,-49.271201,,False,7,1,2023-06-19T10:43:14.679916+00:00
CUR_HI611,Curitiba,4106902,1,,684,,,-25.53508,-49.301346,,False,4,1,2023-06-19T10:44:14.679916+00:00
CUR_HR407,Curitiba,4106902,1,,684,,,-25.568576,-49.320165,,False,4,2,2023-06-19T10:40:14.679916+00:00
CUR_HR408,Curitiba,4106902,1,,684,,,-25.588428,-49.341123,,False,4,2,2023-06-19T10:40:14.679916+00:00
CUR_HI613,Curitiba,4106902,1,,684,,,-25.558335,-49.306906,,False,4,1,2023-06-19T10:34:14.679916+00:00
CUR_HA604,Curitiba,4106902,1,,684,,,-25.513466,-49.294346,,False,4,1,2023-06-19T10:43:14.679916+00:00
CUR_HB301,Curitiba,4106902,1,,684,,,-25.527105,-49.298043,,False,3,1,2023-06-19T10:31:14.679916+00:00
CUR_HA132,Curitiba,4106902,1,,684,,,-25.514248,-49.295696,,False,1,1,2023-06-19T10:43:14.679916+00:00
CUR_HA619,Curitiba,4106902,1,,684,,,-25.544895,-49.303333,,False,4,1,2023-06-19T10:43:14.679916+00:00
CUR_HA618,Curitiba,4106902,1,,684,,,-25.579593,-49.334695,,False,4,2,2023-06-19T10:43:14.679916+00:00
CUR_HA613,Curitiba,4106902,1,,684,,,-25.54903,-49.304145,,False,4,1,2023-06-19T10:39:14.679916+00:00
CUR_BI891,Curitiba,4106902,1,,244,,,-25.373658,-49.257706,,False,7,2,2023-06-19T10:44:14.679916+00:00
CUR_ML302,Curitiba,4106902,0,URBS,307,https://moovitapp.com/index/pt-br/transporte_p%C3%BAblico-line-307_BAIRRO_ALTO_SANTA_FELICIDADE-Curitiba-942-9628-1323712-0,-1.0,-25.419131,-49.294675,,False,3,2,2023-06-19T10:43:14.679916+00:00
CUR_ML313,Curitiba,4106902,0,URBS,307,https://moovitapp.com/index/pt-br/transporte_p%C3%BAblico-line-307_BAIRRO_ALTO_SANTA_FELICIDADE-Curitiba-942-9628-1323712-0,-1.0,-25.419398,-49.294563,,False,3,2,2023-06-19T10:44:14.679916+00:00
CUR_CL303,Curitiba,4106902,0,URBS,307,https://moovitapp.com/index/pt-br/transporte_p%C3%BAblico-line-307_BAIRRO_ALTO_SANTA_FELICIDADE-Curitiba-942-9628-1323712-0,-1.0,-25.426828,-49.202496,,False,3,1,2023-06-19T10:43:14.679916+00:00
CUR_BL325,Curitiba,4106902,0,URBS,307,https://moovitapp.com/index/pt-br/transporte_p%C3%BAblico-line-307_BAIRRO_ALTO_SANTA_FELICIDADE-Curitiba-942-9628-1323712-0,-1.0,-25.428851,-49.225221,,False,3,2,2023-06-19T10:42:14.679916+00:00
CUR_CL039,Curitiba,4106902,0,URBS,307,https://moovitapp.com/index/pt-br/transporte_p%C3%BAblico-line-307_BAIRRO_ALTO_SANTA_FELICIDADE-Curitiba-942-9628-1323712-0,-1.0,-25.41236,-49.206028,,False,3,2,2023-06-19T10:44:14.679916+00:00
CUR_ML308,Curitiba,4106902,0,URBS,307,https://moovitapp.com/index/pt-br/transporte_p%C3%BAblico-line-307_BAIRRO_ALTO_SANTA_FELICIDADE-Curitiba-942-9628-1323712-0,-1.0,-25.429055,-49.284385,,False,3,1,2023-06-19T10:44:14.679916+00:00
CUR_CL302,Curitiba,4106902,0,URBS,307,https://moovitapp.com/index/pt-br/transporte_p%C3%BAblico-line-307_BAIRRO_ALTO_SANTA_FELICIDADE-Curitiba-942-9628-1323712-0,-1.0,-25.428855,-49.22567,,False,3,2,2023-06-19T10:44:14.679916+00:00
CUR_CL306,Curitiba,4106902,0,URBS,307,https://moovitapp.com/index/pt-br/transporte_p%C3%BAblico-line-307_BAIRRO_ALTO_SANTA_FELICIDADE-Curitiba-942-9628-1323712-0,-1.0,-25.429828,-49.271366,,False,3,2,2023-06-19T10:43:14.679916+00:00
CUR_ML307,Curitiba,4106902,0,URBS,307,https://moovitapp.com/index/pt-br/transporte_p%C3%BAblico-line-307_BAIRRO_ALTO_SANTA_FELICIDADE-Curitiba-942-9628-1323712-0,-1.0,-25.401176,-49.329626,,False,3,1,2023-06-19T10:44:14.679916+00:00
CUR_EI016,Curitiba,4106902,1,,532,,,-25.529693,-49.241095,,False,1,1,2023-06-19T10:44:14.679916+00:00
CUR_EA199,Curitiba,4106902,1,,532,,,-25.536066,-49.24187,,False,1,1,2023-06-19T10:45:14.679916+00:00
CUR_EA023,Curitiba,4106902,1,,532,,,-25.469018,-49.255516,,False,1,1,2023-06-19T10:39:14.679916+00:00
CUR_EA016,Curitiba,4106902,1,,532,,,-25.468846,-49.25566,,False,1,2,2023-06-19T10:44:14.679916+00:00
CUR_HI025,Curitiba,4106902,1,,655,,,-25.526568,-49.298001,,False,1,1,2023-06-19T10:44:14.679916+00:00
CUR_HA005,Curitiba,4106902,1,,655,,,-25.564891,-49.327848,,False,1,2,2023-06-19T10:44:14.679916+00:00
CUR_BI012,Curitiba,4106902,1,,342,,,-25.384995,-49.205165,,False,1,1,2023-06-19T10:44:14.679916+00:00
CUR_BI010,Curitiba,4106902,1,,342,,,-25.410146,-49.20415,,False,1,2,2023-06-19T10:43:14.679916+00:00
CUR_BA034,Curitiba,4106902,1,,342,,,-25.389088,-49.223103,,False,1,1,2023-06-19T10:44:14.679916+00:00
CUR_BI018,Curitiba,4106902,1,,232,,,-25.374278,-49.223511,,False,1,2,2023-06-19T10:43:14.679916+00:00
CUR_BA028,Curitiba,4106902,1,,232,,,-25.371645,-49.22823,,False,1,2,2023-06-19T10:40:14.679916+00:00
CUR_BI017,Curitiba,4106902,1,,232,,,-25.351571,-49.235363,,False,1,1,2023-06-19T10:41:14.679916+00:00
CUR_BA024,Curitiba,4106902,1,,232,,,-25.356665,-49.23522,,False,1,1,2023-06-19T10:39:14.679916+00:00
CUR_BI006,Curitiba,4106902,1,,232,,,-25.35924,-49.231983,,False,1,1,2023-06-19T10:43:14.679916+00:00
CUR_DA298,Curitiba,4106902,1,,332,,,-25.492576,-49.207708,,False,1,,2023-06-19T10:44:14.679916+00:00
CUR_DA296,Curitiba,4106902,1,,332,,,-25.478073,-49.214288,,False,1,,2023-06-19T10:41:14.679916+00:00
CUR_EA077,Curitiba,4106902,1,,332,,,-25.468875,-49.208206,,False,1,,2023-06-19T10:42:14.679916+00:00
CUR_HI034,Curitiba,4106902,1,,628,,,-25.551488,-49.338461,,False,1,2,2023-06-19T10:43:14.679916+00:00
CUR_HI044,Curitiba,4106902,1,,628,,,-25.50787,-49.322318,,False,1,1,2023-06-19T10:43:14.679916+00:00
CUR_HI002,Curitiba,4106902,1,,628,,,-25.512355,-49.329696,,False,1,2,2023-06-19T10:44:14.679916+00:00
CUR_HI001,Curitiba,4106902,1,,628,,,-25.49162,-49.293163,,False,1,1,2023-06-19T10:41:14.679916+00:00
CUR_JL315,Curitiba,4106902,0,URBS,702,https://moovitapp.com/index/pt-br/transporte_p%C3%BAblico-line-702_CAIU%C3%81_CACHOEIRA-Curitiba-942-9628-133282980-0,-1.0,-25.448656,-49.365793,,False,3,1,2023-06-19T10:43:14.679916+00:00
CUR_JL319,Curitiba,4106902,0,URBS,702,https://moovitapp.com/index/pt-br/transporte_p%C3%BAblico-line-702_CAIU%C3%81_CACHOEIRA-Curitiba-942-9628-133282980-0,-1.0,-25.44865,-49.36608,,False,3,2,2023-06-19T10:44:14.679916+00:00
CUR_JL322,Curitiba,4106902,1,URBS,702,https://moovitapp.com/index/pt-br/transporte_p%C3%BAblico-line-702_CAIU%C3%81_CACHOEIRA-Curitiba-942-9628-133282980-0,-1.0,-25.431923,-49.265795,,False,3,2,2023-06-19T10:44:14.679916+00:00
CUR_JL302,Curitiba,4106902,0,URBS,702,https://moovitapp.com/index/pt-br/transporte_p%C3%BAblico-line-702_CAIU%C3%81_CACHOEIRA-Curitiba-942-9628-133282980-0,-1.0,-25.448745,-49.365855,,False,3,2,2023-06-19T10:43:14.679916+00:00
CUR_JL311,Curitiba,4106902,0,URBS,702,https://moovitapp.com/index/pt-br/transporte_p%C3%BAblico-line-702_CAIU%C3%81_CACHOEIRA-Curitiba-942-9628-133282980-0,-1.0,-25.448663,-49.366035,,False,3,2,2023-06-19T10:43:14.679916+00:00
CUR_JL320,Curitiba,4106902,1,URBS,702,https://moovitapp.com/index/pt-br/transporte_p%C3%BAblico-line-702_CAIU%C3%81_CACHOEIRA-Curitiba-942-9628-133282980-0,-1.0,-25.38479,-49.261313,,False,3,1,2023-06-19T10:43:14.679916+00:00
CUR_JL303,Curitiba,4106902,0,URBS,702,https://moovitapp.com/index/pt-br/transporte_p%C3%BAblico-line-702_CAIU%C3%81_CACHOEIRA-Curitiba-942-9628-133282980-0,-1.0,-25.394128,-49.258423,,False,3,1,2023-06-19T10:44:14.679916+00:00
CUR_HI859,Curitiba,4106902,1,,865,,,-25.445165,-49.310491,,False,7,1,2023-06-19T10:38:14.679916+00:00
CUR_DL310,Curitiba,4106902,0,URBS,304,https://moovitapp.com/index/pt-br/transporte_p%C3%BAblico-line-304_PINHAIS_CAMPO_COMPRIDO-Curitiba-942-9628-133282995-0,-1.0,-25.46786,-49.254671,,False,3,2,2023-06-19T10:43:14.679916+00:00
CUR_HL324,Curitiba,4106902,0,URBS,304,https://moovitapp.com/index/pt-br/transporte_p%C3%BAblico-line-304_PINHAIS_CAMPO_COMPRIDO-Curitiba-942-9628-133282995-0,-1.0,-25.431641,-49.29298,,False,3,2,2023-06-19T10:43:14.679916+00:00
CUR_HL330,Curitiba,4106902,1,URBS,304,https://moovitapp.com/index/pt-br/transporte_p%C3%BAblico-line-304_PINHAIS_CAMPO_COMPRIDO-Curitiba-942-9628-133282995-0,-1.0,-25.442015,-49.338946,,False,3,2,2023-06-19T10:42:14.679916+00:00
CUR_DL313,Curitiba,4106902,0,URBS,304,https://moovitapp.com/index/pt-br/transporte_p%C3%BAblico-line-304_PINHAIS_CAMPO_COMPRIDO-Curitiba-942-9628-133282995-0,-1.0,-25.467471,-49.255,,False,3,2,2023-06-19T10:43:14.679916+00:00
CUR_DL307,Curitiba,4106902,0,URBS,304,https://moovitapp.com/index/pt-br/transporte_p%C3%BAblico-line-304_PINHAIS_CAMPO_COMPRIDO-Curitiba-942-9628-133282995-0,-1.0,-25.467888,-49.254705,,False,3,1,2023-06-19T10:43:14.679916+00:00
CUR_DL304,Curitiba,4106902,0,URBS,304,https://moovitapp.com/index/pt-br/transporte_p%C3%BAblico-line-304_PINHAIS_CAMPO_COMPRIDO-Curitiba-942-9628-133282995-0,-1.0,-25.413833,-49.266501,,False,3,1,2023-06-19T10:43:14.679916+00:00
CUR_DL300,Curitiba,4106902,0,URBS,304,https://moovitapp.com/index/pt-br/transporte_p%C3%BAblico-line-304_PINHAIS_CAMPO_COMPRIDO-Curitiba-942-9628-133282995-0,-1.0,-25.44187,-49.233186,,False,3,2,2023-06-19T10:44:14.679916+00:00
CUR_HL313,Curitiba,4106902,0,URBS,304,https://moovitapp.com/index/pt-br/transporte_p%C3%BAblico-line-304_PINHAIS_CAMPO_COMPRIDO-Curitiba-942-9628-133282995-0,-1.0,-25.428458,-49.271093,,False,3,2,2023-06-19T10:41:14.679916+00:00
CUR_JL321,Curitiba,4106902,1,URBS,304,https://moovitapp.com/index/pt-br/transporte_p%C3%BAblico-line-304_PINHAIS_CAMPO_COMPRIDO-Curitiba-942-9628-133282995-0,-1.0,-25.436926,-49.321411,,False,3,2,2023-06-19T10:44:14.679916+00:00
CUR_JL307,Curitiba,4106902,0,URBS,304,https://moovitapp.com/index/pt-br/transporte_p%C3%BAblico-line-304_PINHAIS_CAMPO_COMPRIDO-Curitiba-942-9628-133282995-0,-1.0,-25.393865,-49.258458,,False,3,2,2023-06-19T10:43:14.679916+00:00
CUR_DL303,Curitiba,4106902,0,URBS,304,https://moovitapp.com/index/pt-br/transporte_p%C3%BAblico-line-304_PINHAIS_CAMPO_COMPRIDO-Curitiba-942-9628-133282995-0,-1.0,-25.432921,-49.302606,,False,3,2,2023-06-19T10:44:14.679916+00:00
CUR_DC852,Curitiba,4106902,1,,466,,,-25.427771,-49.264648,,False,7,1,2023-06-19T10:44:14.679916+00:00
CUR_BC023,Curitiba,4106902,1,,373,,,-25.428116,-49.245231,,False,1,1,2023-06-19T10:43:14.679916+00:00
CUR_GE727,Curitiba,4106902,0,URBS,550,https://moovitapp.com/index/pt-br/transporte_p%C3%BAblico-line-550_LIGEIR%C3%83O_PINHEIRINHO_CARLOS_GOMES-Curitiba-942-9628-1254061-0,-1.0,-25.43778,-49.268618,,False,5,1,2023-06-19T10:43:14.679916+00:00
CUR_GE718,Curitiba,4106902,0,URBS,550,https://moovitapp.com/index/pt-br/transporte_p%C3%BAblico-line-550_LIGEIR%C3%83O_PINHEIRINHO_CARLOS_GOMES-Curitiba-942-9628-1254061-0,-1.0,-25.464081,-49.255766,,False,5,1,2023-06-19T10:44:14.679916+00:00
CUR_HE719,Curitiba,4106902,0,URBS,550,https://moovitapp.com/index/pt-br/transporte_p%C3%BAblico-line-550_LIGEIR%C3%83O_PINHEIRINHO_CARLOS_GOMES-Curitiba-942-9628-1254061-0,-1.0,-25.505033,-49.28293,,False,5,2,2023-06-19T10:43:14.679916+00:00
CUR_HE708,Curitiba,4106902,0,URBS,550,https://moovitapp.com/index/pt-br/transporte_p%C3%BAblico-line-550_LIGEIR%C3%83O_PINHEIRINHO_CARLOS_GOMES-Curitiba-942-9628-1254061-0,-1.0,-25.484233,-49.266116,,False,5,2,2023-06-19T10:43:14.679916+00:00
CUR_HE700,Curitiba,4106902,0,URBS,550,https://moovitapp.com/index/pt-br/transporte_p%C3%BAblico-line-550_LIGEIR%C3%83O_PINHEIRINHO_CARLOS_GOMES-Curitiba-942-9628-1254061-0,-1.0,-25.474766,-49.258591,,False,5,1,2023-06-19T10:41:14.679916+00:00
CUR_GE730,Curitiba,4106902,0,URBS,550,https://moovitapp.com/index/pt-br/transporte_p%C3%BAblico-line-550_LIGEIR%C3%83O_PINHEIRINHO_CARLOS_GOMES-Curitiba-942-9628-1254061-0,-1.0,-25.478993,-49.261823,,False,5,2,2023-06-19T10:44:14.679916+00:00
CUR_HE712,Curitiba,4106902,0,URBS,550,https://moovitapp.com/index/pt-br/transporte_p%C3%BAblico-line-550_LIGEIR%C3%83O_PINHEIRINHO_CARLOS_GOMES-Curitiba-942-9628-1254061-0,-1.0,-25.46985,-49.254516,,False,5,1,2023-06-19T10:44:14.679916+00:00
CUR_GE721,Curitiba,4106902,0,URBS,550,https://moovitapp.com/index/pt-br/transporte_p%C3%BAblico-line-550_LIGEIR%C3%83O_PINHEIRINHO_CARLOS_GOMES-Curitiba-942-9628-1254061-0,-1.0,-25.434236,-49.269103,,False,5,1,2023-06-19T10:43:14.679916+00:00
CUR_GE711,Curitiba,4106902,0,URBS,550,https://moovitapp.com/index/pt-br/transporte_p%C3%BAblico-line-550_LIGEIR%C3%83O_PINHEIRINHO_CARLOS_GOMES-Curitiba-942-9628-1254061-0,-1.0,-25.438721,-49.268108,,False,5,1,2023-06-19T10:43:14.679916+00:00
CUR_HE718,Curitiba,4106902,0,URBS,550,https://moovitapp.com/index/pt-br/transporte_p%C3%BAblico-line-550_LIGEIR%C3%83O_PINHEIRINHO_CARLOS_GOMES-Curitiba-942-9628-1254061-0,-1.0,-25.437075,-49.269006,,False,5,1,2023-06-19T10:43:14.679916+00:00
CUR_HE701,Curitiba,4106902,0,URBS,550,https://moovitapp.com/index/pt-br/transporte_p%C3%BAblico-line-550_LIGEIR%C3%83O_PINHEIRINHO_CARLOS_GOMES-Curitiba-942-9628-1254061-0,-1.0,-25.490175,-49.270831,,False,5,2,2023-06-19T10:40:14.679916+00:00
CUR_GE702,Curitiba,4106902,0,URBS,550,https://moovitapp.com/index/pt-br/transporte_p%C3%BAblico-line-550_LIGEIR%C3%83O_PINHEIRINHO_CARLOS_GOMES-Curitiba-942-9628-1254061-0,-1.0,-25.488373,-49.26939,,False,5,1,2023-06-19T10:44:14.679916+00:00
CUR_HE702,Curitiba,4106902,0,URBS,550,https://moovitapp.com/index/pt-br/transporte_p%C3%BAblico-line-550_LIGEIR%C3%83O_PINHEIRINHO_CARLOS_GOMES-Curitiba-942-9628-1254061-0,-1.0,-25.511453,-49.292445,,False,5,2,2023-06-19T10:44:14.679916+00:00
CUR_GE724,Curitiba,4106902,0,URBS,550,https://moovitapp.com/index/pt-br/transporte_p%C3%BAblico-line-550_LIGEIR%C3%83O_PINHEIRINHO_CARLOS_GOMES-Curitiba-942-9628-1254061-0,-1.0,-25.506786,-49.284506,,False,5,2,2023-06-19T10:42:14.679916+00:00
CUR_EA075,Curitiba,4106902,1,,323,,,-25.46847,-49.255981,,False,1,,2023-06-19T10:44:14.679916+00:00
CUR_DC983,Curitiba,4106902,1,,323,,,-25.451803,-49.214956,,False,1,,2023-06-19T10:44:14.679916+00:00
CUR_EA001,Curitiba,4106902,1,,323,,,-25.46909,-49.255451,,False,1,,2023-06-19T10:44:14.679916+00:00
CUR_JI023,Curitiba,4106902,1,,721,,,-25.449271,-49.365643,,False,1,2,2023-06-19T10:43:14.679916+00:00
CUR_JA024,Curitiba,4106902,1,,721,,,-25.490108,-49.349795,,False,1,1,2023-06-19T10:44:14.679916+00:00
CUR_JA023,Curitiba,4106902,1,,721,,,-25.449255,-49.36592,,False,1,1,2023-06-19T10:43:14.679916+00:00
CUR_EL302,Curitiba,4106902,0,URBS,506,https://moovitapp.com/index/pt-br/transporte_p%C3%BAblico-line-506_BAIRRO_NOVO-Curitiba-942-9628-294299-0,-1.0,-25.533853,-49.266378,,False,3,1,2023-06-19T10:44:14.679916+00:00
CUR_GL322,Curitiba,4106902,0,URBS,506,https://moovitapp.com/index/pt-br/transporte_p%C3%BAblico-line-506_BAIRRO_NOVO-Curitiba-942-9628-294299-0,-1.0,-25.507228,-49.281485,,False,3,1,2023-06-19T10:42:14.679916+00:00
CUR_EL316,Curitiba,4106902,0,URBS,506,https://moovitapp.com/index/pt-br/transporte_p%C3%BAblico-line-506_BAIRRO_NOVO-Curitiba-942-9628-294299-0,-1.0,-25.467628,-49.25639,,False,3,1,2023-06-19T10:43:14.679916+00:00
CUR_EL330,Curitiba,4106902,1,URBS,506,https://moovitapp.com/index/pt-br/transporte_p%C3%BAblico-line-506_BAIRRO_NOVO-Curitiba-942-9628-294299-0,-1.0,-25.54794,-49.260271,,False,3,2,2023-06-19T10:44:14.679916+00:00
CUR_GL302,Curitiba,4106902,0,URBS,506,https://moovitapp.com/index/pt-br/transporte_p%C3%BAblico-line-506_BAIRRO_NOVO-Curitiba-942-9628-294299-0,-1.0,-25.548423,-49.290951,,False,3,2,2023-06-19T10:41:14.679916+00:00
CUR_EL315,Curitiba,4106902,0,URBS,506,https://moovitapp.com/index/pt-br/transporte_p%C3%BAblico-line-506_BAIRRO_NOVO-Curitiba-942-9628-294299-0,-1.0,-25.524946,-49.2688,,False,3,2,2023-06-19T10:44:14.679916+00:00
CUR_EL329,Curitiba,4106902,1,URBS,506,https://moovitapp.com/index/pt-br/transporte_p%C3%BAblico-line-506_BAIRRO_NOVO-Curitiba-942-9628-294299-0,-1.0,-25.517703,-49.272543,,False,3,1,2023-06-19T10:43:14.679916+00:00
CUR_GL081,Curitiba,4106902,0,URBS,506,https://moovitapp.com/index/pt-br/transporte_p%C3%BAblico-line-506_BAIRRO_NOVO-Curitiba-942-9628-294299-0,-1.0,-25.536165,-49.272876,,False,3,2,2023-06-19T10:43:14.679916+00:00
CUR_EL328,Curitiba,4106902,1,URBS,506,https://moovitapp.com/index/pt-br/transporte_p%C3%BAblico-line-506_BAIRRO_NOVO-Curitiba-942-9628-294299-0,-1.0,-25.466905,-49.264211,,False,3,2,2023-06-19T10:44:14.679916+00:00
CUR_GL323,Curitiba,4106902,0,URBS,506,https://moovitapp.com/index/pt-br/transporte_p%C3%BAblico-line-506_BAIRRO_NOVO-Curitiba-942-9628-294299-0,-1.0,-25.474373,-49.258238,,False,3,2,2023-06-19T10:43:14.679916+00:00
CUR_GL317,Curitiba,4106902,0,URBS,506,https://moovitapp.com/index/pt-br/transporte_p%C3%BAblico-line-506_BAIRRO_NOVO-Curitiba-942-9628-294299-0,-1.0,-25.443561,-49.267875,,False,3,2,2023-06-19T10:43:14.679916+00:00
CUR_GL325,Curitiba,4106902,0,URBS,506,https://moovitapp.com/index/pt-br/transporte_p%C3%BAblico-line-506_BAIRRO_NOVO-Curitiba-942-9628-294299-0,-1.0,-25.438531,-49.272468,,False,3,1,2023-06-19T10:43:14.679916+00:00
CUR_EL327,Curitiba,4106902,1,URBS,506,https://moovitapp.com/index/pt-br/transporte_p%C3%BAblico-line-506_BAIRRO_NOVO-Curitiba-942-9628-294299-0,-1.0,-25.48394,-49.265826,,False,3,1,2023-06-19T10:44:14.679916+00:00
CUR_EL304,Curitiba,4106902,0,URBS,506,https://moovitapp.com/index/pt-br/transporte_p%C3%BAblico-line-506_BAIRRO_NOVO-Curitiba-942-9628-294299-0,-1.0,-25.467543,-49.256561,,False,3,2,2023-06-19T10:36:14.679916+00:00
CUR_GL308,Curitiba,4106902,0,URBS,506,https://moovitapp.com/index/pt-br/transporte_p%C3%BAblico-line-506_BAIRRO_NOVO-Curitiba-942-9628-294299-0,-1.0,-25.460928,-49.266963,,False,3,1,2023-06-19T10:43:14.679916+00:00
CUR_EL307,Curitiba,4106902,0,URBS,506,https://moovitapp.com/index/pt-br/transporte_p%C3%BAblico-line-506_BAIRRO_NOVO-Curitiba-942-9628-294299-0,-1.0,-25.467531,-49.256425,,False,3,1,2023-06-19T10:39:14.679916+00:00
CUR_BC001,Curitiba,4106902,1,,183,,,-25.3674,-49.273338,,False,1,1,2023-06-19T10:42:14.679916+00:00
CUR_BC002,Curitiba,4106902,1,,183,,,-25.416723,-49.274101,,False,1,1,2023-06-19T10:44:14.679916+00:00
CUR_HI860,Curitiba,4106902,1,,674,,,-25.486138,-49.318805,,False,7,2,2023-06-19T10:43:14.679916+00:00
CUR_HC851,Curitiba,4106902,1,,674,,,-25.463491,-49.2893,,False,7,1,2023-06-19T10:41:14.679916+00:00
CUR_BB307,Curitiba,4106902,1,,010,,,-25.419608,-49.281215,,False,10,,2023-06-19T10:43:14.679916+00:00
CUR_BB302,Curitiba,4106902,1,,010,,,-25.433298,-49.259896,,False,10,,2023-06-19T10:42:14.679916+00:00
CUR_BB303,Curitiba,4106902,1,,010,,,-25.448805,-49.260923,,False,10,,2023-06-19T10:44:14.679916+00:00
CUR_GI049,Curitiba,4106902,1,,642,,,-25.53311,-49.296811,,False,1,1,2023-06-19T10:41:14.679916+00:00
CUR_GC015,Curitiba,4106902,1,,642,,,-25.561146,-49.268403,,False,1,2,2023-06-19T10:43:14.679916+00:00
CUR_EI018,Curitiba,4106902,1,,663,,,-25.49244,-49.290438,,False,1,2,2023-06-19T10:44:14.679916+00:00
CUR_EI013,Curitiba,4106902,1,,663,,,-25.4959,-49.259091,,False,1,1,2023-06-19T10:43:14.679916+00:00
CUR_EI001,Curitiba,4106902,1,,561,,,-25.45918,-49.26364,,False,1,1,2023-06-19T10:44:14.679916+00:00
CUR_EA020,Curitiba,4106902,1,,561,,,-25.524011,-49.233968,,False,1,2,2023-06-19T10:41:14.679916+00:00
CUR_BI022,Curitiba,4106902,1,,225,,,-25.37978,-49.254998,,False,1,2,2023-06-19T10:43:14.679916+00:00
CUR_BA035,Curitiba,4106902,1,,225,,,-25.38968,-49.244835,,False,1,1,2023-06-19T10:43:14.679916+00:00
CUR_BI024,Curitiba,4106902,1,,341,,,-25.401593,-49.197185,,False,1,2,2023-06-19T10:41:14.679916+00:00
CUR_CI004,Curitiba,4106902,1,,341,,,-25.38358,-49.217455,,False,1,1,2023-06-19T10:44:14.679916+00:00
CUR_CI003,Curitiba,4106902,1,,341,,,-25.43632,-49.284666,,False,1,2,2023-06-19T10:43:14.679916+00:00
CUR_DA011,Curitiba,4106902,1,,322,,,-25.469226,-49.208116,,False,1,2,2023-06-19T10:44:14.679916+00:00
CUR_DA019,Curitiba,4106902,0,,322,,,-25.466795,-49.204321,,False,1,1,2023-06-19T10:44:14.679916+00:00
CUR_DC851,Curitiba,4106902,1,,461,,,-25.443881,-49.237628,,False,7,1,2023-06-19T10:44:14.679916+00:00
CUR_DA850,Curitiba,4106902,1,,461,,,-25.467995,-49.254343,,False,7,2,2023-06-19T10:43:14.679916+00:00
CUR_KA689,Curitiba,4106902,1,,629,,,-25.504616,-49.264693,,False,4,1,2023-06-19T10:44:14.679916+00:00
CUR_KI601,Curitiba,4106902,1,,629,,,-25.52151,-49.255185,,False,4,2,2023-06-19T10:44:14.679916+00:00
CUR_KA693,Curitiba,4106902,1,,629,,,-25.46723,-49.254635,,False,4,2,2023-06-19T10:44:14.679916+00:00
CUR_KI600,Curitiba,4106902,1,,629,,,-25.495818,-49.275178,,False,4,1,2023-06-19T10:44:14.679916+00:00
CUR_KA605,Curitiba,4106902,1,,629,,,-25.535585,-49.23698,,False,4,1,2023-06-19T10:44:14.679916+00:00
CUR_GC010,Curitiba,4106902,1,,665,,,-25.435243,-49.273505,,False,1,1,2023-06-19T10:43:14.679916+00:00
CUR_GI008,Curitiba,4106902,1,,665,,,-25.486211,-49.29241,,False,1,1,2023-06-19T10:44:14.679916+00:00
CUR_GI850,Curitiba,4106902,1,,665,,,-25.505481,-49.287703,,False,7,2,2023-06-19T10:44:14.679916+00:00
CUR_BC006,Curitiba,4106902,1,,168,,,-25.428068,-49.280088,,False,1,1,2023-06-19T10:42:14.679916+00:00
CUR_BC007,Curitiba,4106902,1,,168,,,-25.368885,-49.324745,,False,1,2,2023-06-19T10:36:14.679916+00:00
CUR_BI002,Curitiba,4106902,1,Auto Viação São José,211,https://moovitapp.com/index/pt-br/transporte_p%C3%BAblico-line-211_PIT_PRA%C3%87A_DA_JUVENTUDE_IZAURA_IP%C3%8A-Curitiba-942-857412-73553392-0,-1.0,-25.41174,-49.23236,,False,1,1,2023-06-19T10:43:14.679916+00:00
CUR_BI007,Curitiba,4106902,1,Auto Viação São José,211,https://moovitapp.com/index/pt-br/transporte_p%C3%BAblico-line-211_PIT_PRA%C3%87A_DA_JUVENTUDE_IZAURA_IP%C3%8A-Curitiba-942-857412-73553392-0,-1.0,-25.411511,-49.229015,,False,1,2,2023-06-19T10:43:14.679916+00:00
CUR_BI004,Curitiba,4106902,1,Auto Viação São José,211,https://moovitapp.com/index/pt-br/transporte_p%C3%BAblico-line-211_PIT_PRA%C3%87A_DA_JUVENTUDE_IZAURA_IP%C3%8A-Curitiba-942-857412-73553392-0,-1.0,-25.404536,-49.21734,,False,1,1,2023-06-19T10:42:14.679916+00:00
CUR_BI009,Curitiba,4106902,1,Auto Viação São José,211,https://moovitapp.com/index/pt-br/transporte_p%C3%BAblico-line-211_PIT_PRA%C3%87A_DA_JUVENTUDE_IZAURA_IP%C3%8A-Curitiba-942-857412-73553392-0,-1.0,-25.406515,-49.247916,,False,1,2,2023-06-19T10:44:14.679916+00:00
CUR_MI002,Curitiba,4106902,1,,821,,,-25.403993,-49.335481,,False,1,1,2023-06-19T10:44:14.679916+00:00
CUR_MI005,Curitiba,4106902,1,,821,,,-25.419266,-49.294423,,False,1,2,2023-06-19T10:43:14.679916+00:00
CUR_DN604,Curitiba,4106902,1,,465,,,-25.435866,-49.26121,,False,7,2,2023-06-19T10:44:14.679916+00:00
CUR_DC090,Curitiba,4106902,1,,474,,,-25.467825,-49.255466,,False,1,1,2023-06-19T10:42:14.679916+00:00
CUR_HA601,Curitiba,4106902,1,,650,,,-25.52352,-49.293151,,False,4,1,2023-06-19T10:39:14.679916+00:00
CUR_HA612,Curitiba,4106902,1,,650,,,-25.564425,-49.33037,,False,4,2,2023-06-19T10:43:14.679916+00:00
CUR_HI016,Curitiba,4106902,1,,650,,,-25.548775,-49.304071,,False,1,1,2023-06-19T10:39:14.679916+00:00
CUR_HA010,Curitiba,4106902,1,,614,,,-25.552278,-49.332108,,False,1,1,2023-06-19T10:39:14.679916+00:00
CUR_HR413,Curitiba,4106902,1,,646,,,-25.54897,-49.304163,,False,4,1,2023-06-19T10:40:14.679916+00:00
CUR_HA028,Curitiba,4106902,1,,646,,,-25.585813,-49.319131,,False,1,2,2023-06-19T10:43:14.679916+00:00
CUR_HC002,Curitiba,4106902,1,,646,,,-25.523153,-49.292908,,False,1,1,2023-06-19T10:43:14.679916+00:00
CUR_HA603,Curitiba,4106902,1,,646,,,-25.544843,-49.303548,,False,4,1,2023-06-19T10:37:14.679916+00:00
CUR_HI021,Curitiba,4106902,1,,646,,,-25.512701,-49.294931,,False,1,1,2023-06-19T10:42:14.679916+00:00
CUR_JA028,Curitiba,4106902,1,,658,,,-25.449128,-49.36574,,False,1,2,2023-06-19T10:43:14.679916+00:00
CUR_JI007,Curitiba,4106902,1,,658,,,-25.449243,-49.365728,,False,1,2,2023-06-19T10:43:14.679916+00:00
CUR_HI036,Curitiba,4106902,1,,658,,,-25.499611,-49.347886,,False,1,2,2023-06-19T10:43:14.679916+00:00
CUR_HI049,Curitiba,4106902,1,,658,,,-25.490215,-49.351621,,False,1,2,2023-06-19T10:43:14.679916+00:00
CUR_HI037,Curitiba,4106902,1,,658,,,-25.494131,-49.3039,,False,1,1,2023-06-19T10:39:14.679916+00:00
CUR_HI005,Curitiba,4106902,1,,658,,,-25.495063,-49.325426,,False,1,1,2023-06-19T10:43:14.679916+00:00
CUR_JI022,Curitiba,4106902,1,,658,,,-25.449211,-49.36568,,False,1,1,2023-06-19T10:43:14.679916+00:00
CUR_HA195,Curitiba,4106902,1,,658,,,-25.49435,-49.33583,,False,1,1,2023-06-19T10:43:14.679916+00:00
CUR_HI861,Curitiba,4106902,1,,658,,,-25.497581,-49.296845,,False,7,1,2023-06-19T10:38:14.679916+00:00
CUR_GI011,Curitiba,4106902,1,,636,,,-25.51334,-49.29735,,False,1,1,2023-06-19T10:44:14.679916+00:00
CUR_GI034,Curitiba,4106902,1,,636,,,-25.544801,-49.285928,,False,1,2,2023-06-19T10:44:14.679916+00:00
CUR_GI012,Curitiba,4106902,1,,649,,,-25.526701,-49.290425,,False,1,1,2023-06-19T10:43:14.679916+00:00
CUR_GI009,Curitiba,4106902,1,,649,,,-25.534541,-49.268545,,False,1,2,2023-06-19T10:41:14.679916+00:00
CUR_GC005,Curitiba,4106902,1,,649,,,-25.52199,-49.29706,,False,1,2,2023-06-19T10:43:14.679916+00:00
CUR_GI048,Curitiba,4106902,1,,640,,,-25.541543,-49.29447,,False,1,1,2023-06-19T10:44:14.679916+00:00
CUR_GA177,Curitiba,4106902,1,,640,,,-25.536315,-49.294946,,False,1,2,2023-06-19T10:42:14.679916+00:00
CUR_GI010,Curitiba,4106902,1,,640,,,-25.513323,-49.29437,,False,1,1,2023-06-19T10:44:14.679916+00:00
CUR_EI007,Curitiba,4106902,1,,522,,,-25.524883,-49.25688,,False,1,1,2023-06-19T10:45:14.679916+00:00
CUR_EA073,Curitiba,4106902,1,,522,,,-25.468718,-49.255746,,False,1,2,2023-06-19T10:43:14.679916+00:00
CUR_EA205,Curitiba,4106902,1,,471,,,-25.450226,-49.254226,,False,1,2,2023-06-19T10:44:14.679916+00:00
CUR_EI004,Curitiba,4106902,1,,471,,,-25.453973,-49.252146,,False,1,1,2023-06-19T10:44:14.679916+00:00
CUR_EI008,Curitiba,4106902,1,,533,,,-25.529788,-49.247305,,False,1,,2023-06-19T10:44:14.679916+00:00
CUR_EI014,Curitiba,4106902,1,,533,,,-25.520336,-49.235818,,False,1,,2023-06-19T10:44:14.679916+00:00
CUR_EA008,Curitiba,4106902,1,,657,,,-25.469108,-49.255413,,False,1,1,2023-06-19T10:44:14.679916+00:00
CUR_EA026,Curitiba,4106902,1,,657,,,-25.496571,-49.272658,,False,1,2,2023-06-19T10:43:14.679916+00:00
CUR_KI002,Curitiba,4106902,1,,472,,,-25.496943,-49.216373,,False,1,2,2023-06-19T10:45:14.679916+00:00
CUR_KC002,Curitiba,4106902,1,,472,,,-25.451523,-49.252888,,False,1,1,2023-06-19T10:44:14.679916+00:00
CUR_BI876,Curitiba,4106902,1,,275,,,-25.417775,-49.26861,,False,7,1,2023-06-19T10:43:14.679916+00:00
CUR_BI880,Curitiba,4106902,1,,275,,,-25.402361,-49.258646,,False,7,1,2023-06-19T10:43:14.679916+00:00
CUR_BI863,Curitiba,4106902,1,,275,,,-25.379923,-49.249473,,False,7,2,2023-06-19T10:44:14.679916+00:00
CUR_BI861,Curitiba,4106902,1,,266,,,-25.387245,-49.2502,,False,7,2,2023-06-19T10:41:14.679916+00:00
CUR_BI887,Curitiba,4106902,1,,266,,,-25.42898,-49.270211,,False,7,1,2023-06-19T10:42:14.679916+00:00
CUR_KE708,Curitiba,4106902,0,URBS,502,https://moovitapp.com/index/pt-br/transporte_p%C3%BAblico-line-502_CIRCULAR_SUL_HOR%C3%81RIO-Curitiba-942-9628-294482-0,-1.0,-25.530983,-49.287373,,False,5,,2023-06-19T10:44:14.679916+00:00
CUR_KE701,Curitiba,4106902,0,URBS,502,https://moovitapp.com/index/pt-br/transporte_p%C3%BAblico-line-502_CIRCULAR_SUL_HOR%C3%81RIO-Curitiba-942-9628-294482-0,-1.0,-25.50739,-49.234618,,False,5,,2023-06-19T10:44:14.679916+00:00
CUR_GE604,Curitiba,4106902,0,URBS,502,https://moovitapp.com/index/pt-br/transporte_p%C3%BAblico-line-502_CIRCULAR_SUL_HOR%C3%81RIO-Curitiba-942-9628-294482-0,-1.0,-25.525288,-49.231191,,False,4,,2023-06-19T10:43:14.679916+00:00
CUR_GE610,Curitiba,4106902,0,URBS,502,https://moovitapp.com/index/pt-br/transporte_p%C3%BAblico-line-502_CIRCULAR_SUL_HOR%C3%81RIO-Curitiba-942-9628-294482-0,-1.0,-25.534276,-49.267466,,False,4,,2023-06-19T10:41:14.679916+00:00
CUR_KE704,Curitiba,4106902,0,URBS,502,https://moovitapp.com/index/pt-br/transporte_p%C3%BAblico-line-502_CIRCULAR_SUL_HOR%C3%81RIO-Curitiba-942-9628-294482-0,-1.0,-25.473248,-49.251355,,False,5,,2023-06-19T10:44:14.679916+00:00
CUR_GE612,Curitiba,4106902,0,URBS,502,https://moovitapp.com/index/pt-br/transporte_p%C3%BAblico-line-502_CIRCULAR_SUL_HOR%C3%81RIO-Curitiba-942-9628-294482-0,-1.0,-25.48188,-49.24703,,False,4,,2023-06-19T10:43:14.679916+00:00
CUR_HE615,Curitiba,4106902,0,URBS,502,https://moovitapp.com/index/pt-br/transporte_p%C3%BAblico-line-502_CIRCULAR_SUL_HOR%C3%81RIO-Curitiba-942-9628-294482-0,-1.0,-25.476576,-49.292356,,False,4,,2023-06-19T10:43:14.679916+00:00
CUR_KE847,Curitiba,4106902,0,URBS,502,https://moovitapp.com/index/pt-br/transporte_p%C3%BAblico-line-502_CIRCULAR_SUL_HOR%C3%81RIO-Curitiba-942-9628-294482-0,-1.0,-25.479771,-49.29226,,False,5,,2023-06-19T10:44:14.679916+00:00
CUR_HE613,Curitiba,4106902,0,URBS,502,https://moovitapp.com/index/pt-br/transporte_p%C3%BAblico-line-502_CIRCULAR_SUL_HOR%C3%81RIO-Curitiba-942-9628-294482-0,-1.0,-25.473791,-49.268923,,False,4,,2023-06-19T10:44:14.679916+00:00
CUR_GE605,Curitiba,4106902,0,URBS,502,https://moovitapp.com/index/pt-br/transporte_p%C3%BAblico-line-502_CIRCULAR_SUL_HOR%C3%81RIO-Curitiba-942-9628-294482-0,-1.0,-25.475695,-49.291618,,False,4,,2023-06-19T10:43:14.679916+00:00
CUR_GE603,Curitiba,4106902,0,URBS,502,https://moovitapp.com/index/pt-br/transporte_p%C3%BAblico-line-502_CIRCULAR_SUL_HOR%C3%81RIO-Curitiba-942-9628-294482-0,-1.0,-25.501618,-49.296013,,False,4,,2023-06-19T10:44:14.679916+00:00
CUR_HE609,Curitiba,4106902,0,URBS,502,https://moovitapp.com/index/pt-br/transporte_p%C3%BAblico-line-502_CIRCULAR_SUL_HOR%C3%81RIO-Curitiba-942-9628-294482-0,-1.0,-25.534283,-49.267526,,False,4,,2023-06-19T10:42:14.679916+00:00
CUR_HE603,Curitiba,4106902,0,URBS,502,https://moovitapp.com/index/pt-br/transporte_p%C3%BAblico-line-502_CIRCULAR_SUL_HOR%C3%81RIO-Curitiba-942-9628-294482-0,-1.0,-25.507396,-49.234655,,False,4,,2023-06-19T10:43:14.679916+00:00
CUR_GI055,Curitiba,4106902,1,,624,,,-25.518433,-49.271328,,False,1,2,2023-06-19T10:43:14.679916+00:00
CUR_GI023,Curitiba,4106902,1,,624,,,-25.52482,-49.292486,,False,1,1,2023-06-19T10:41:14.679916+00:00
CUR_GI035,Curitiba,4106902,1,,625,,,-25.499351,-49.285598,,False,1,2,2023-06-19T10:43:14.679916+00:00
CUR_GI018,Curitiba,4106902,1,,625,,,-25.510185,-49.280641,,False,1,2,2023-06-19T10:43:14.679916+00:00
CUR_GI024,Curitiba,4106902,1,,625,,,-25.508198,-49.280048,,False,1,1,2023-06-19T10:43:14.679916+00:00
CUR_GI043,Curitiba,4106902,1,,625,,,-25.548606,-49.292293,,False,1,1,2023-06-19T10:40:14.679916+00:00
CUR_GI041,Curitiba,4106902,1,,625,,,-25.534491,-49.268395,,False,1,2,2023-06-19T10:42:14.679916+00:00
CUR_GI045,Curitiba,4106902,1,,625,,,-25.50592,-49.283928,,False,1,1,2023-06-19T10:43:14.679916+00:00
CUR_GI028,Curitiba,4106902,1,,534,,,-25.523003,-49.242431,,False,1,1,2023-06-19T10:44:14.679916+00:00
CUR_GI025,Curitiba,4106902,1,,534,,,-25.522821,-49.242075,,False,1,2,2023-06-19T10:45:14.679916+00:00
CUR_GA179,Curitiba,4106902,1,,534,,,-25.534345,-49.267601,,False,1,2,2023-06-19T10:43:14.679916+00:00
CUR_GI022,Curitiba,4106902,1,,683,,,-25.546621,-49.271556,,False,1,2,2023-06-19T10:44:14.679916+00:00
CUR_JI859,Curitiba,4106902,1,,760,,,-25.432768,-49.312246,,False,7,1,2023-06-19T10:43:14.679916+00:00
CUR_JI866,Curitiba,4106902,1,,760,,,-25.436266,-49.274045,,False,7,1,2023-06-19T10:44:14.679916+00:00
CUR_HA024,Curitiba,4106902,1,,653,,,-25.499481,-49.344733,,False,1,1,2023-06-19T10:44:14.679916+00:00
CUR_HI299,Curitiba,4106902,1,,653,,,-25.499625,-49.346808,,False,1,2,2023-06-19T10:41:14.679916+00:00
CUR_HA023,Curitiba,4106902,1,,653,,,-25.511411,-49.333151,,False,1,2,2023-06-19T10:42:14.679916+00:00
CUR_HI033,Curitiba,4106902,1,,680,,,-25.577785,-49.332753,,False,1,2,2023-06-19T10:44:14.679916+00:00
CUR_HI018,Curitiba,4106902,1,,680,,,-25.574746,-49.321741,,False,1,2,2023-06-19T10:38:14.679916+00:00
CUR_HI009,Curitiba,4106902,1,,680,,,-25.575455,-49.321431,,False,1,1,2023-06-19T10:43:14.679916+00:00
CUR_HA031,Curitiba,4106902,1,,680,,,-25.515288,-49.297265,,False,1,1,2023-06-19T10:36:14.679916+00:00
CUR_HI011,Curitiba,4106902,1,,680,,,-25.520171,-49.295588,,False,1,1,2023-06-19T10:41:14.679916+00:00
CUR_HA017,Curitiba,4106902,1,,680,,,-25.544943,-49.303363,,False,1,2,2023-06-19T10:41:14.679916+00:00
CUR_HI026,Curitiba,4106902,1,,680,,,-25.522681,-49.292605,,False,1,1,2023-06-19T10:43:14.679916+00:00
CUR_HI024,Curitiba,4106902,1,,659,,,-25.5179,-49.295503,,False,1,1,2023-06-19T10:40:14.679916+00:00
CUR_HA030,Curitiba,4106902,1,,659,,,-25.603175,-49.325855,,False,1,2,2023-06-19T10:43:14.679916+00:00
CUR_BI884,Curitiba,4106902,1,,184,,,-25.395123,-49.273043,,False,7,2,2023-06-19T10:44:14.679916+00:00
CUR_BI873,Curitiba,4106902,1,,184,,,-25.409351,-49.271521,,False,7,1,2023-06-19T10:44:14.679916+00:00
CUR_BC322,Curitiba,4106902,1,,170,,,-25.38166,-49.30082,,False,3,2,2023-06-19T10:43:14.679916+00:00
CUR_BC321,Curitiba,4106902,1,,170,,,-25.426975,-49.271011,,False,3,1,2023-06-19T10:42:14.679916+00:00
CUR_BC300,Curitiba,4106902,1,,170,,,-25.404676,-49.282413,,False,3,1,2023-06-19T10:41:14.679916+00:00
CUR_BC029,Curitiba,4106902,1,,170,,,-25.396801,-49.28788,,False,1,2,2023-06-19T10:40:14.679916+00:00
CUR_DA293,Curitiba,4106902,1,,621,,,-25.468103,-49.25518,,False,1,2,2023-06-19T10:44:14.679916+00:00
CUR_DA291,Curitiba,4106902,1,,621,,,-25.467791,-49.255508,,False,1,1,2023-06-19T10:43:14.679916+00:00
CUR_DC093,Curitiba,4106902,1,,621,,,-25.467893,-49.255408,,False,1,2,2023-06-19T10:43:14.679916+00:00
CUR_EA013,Curitiba,4106902,1,,621,,,-25.468645,-49.255806,,False,1,1,2023-06-19T10:43:14.679916+00:00
CUR_BA032,Curitiba,4106902,1,,233,,,-25.367196,-49.209903,,False,1,,2023-06-19T10:44:14.679916+00:00
CUR_BA033,Curitiba,4106902,1,,233,,,-25.37516,-49.22051,,False,1,,2023-06-19T10:44:14.679916+00:00
CUR_BA020,Curitiba,4106902,1,,233,,,-25.376828,-49.224186,,False,1,,2023-06-19T10:44:14.679916+00:00
CUR_BI866,Curitiba,4106902,1,,280,,,-25.395091,-49.249835,,False,7,2,2023-06-19T10:42:14.679916+00:00
CUR_BI878,Curitiba,4106902,1,,280,,,-25.412778,-49.25498,,False,7,1,2023-06-19T10:43:14.679916+00:00
CUR_BI897,Curitiba,4106902,1,,169,,,-25.391291,-49.294585,,False,7,2,2023-06-19T10:35:14.679916+00:00
CUR_BI855,Curitiba,4106902,1,,169,,,-25.428153,-49.272065,,False,7,1,2023-06-19T10:40:14.679916+00:00
CUR_DC292,Curitiba,4106902,1,,462,,,-25.442133,-49.256063,,False,1,1,2023-06-19T10:43:14.679916+00:00
CUR_DA297,Curitiba,4106902,1,,462,,,-25.5135,-49.22978,,False,1,1,2023-06-19T10:43:14.679916+00:00
CUR_EA210,Curitiba,4106902,1,,462,,,-25.468771,-49.255696,,False,1,2,2023-06-19T10:43:14.679916+00:00
CUR_BI028,Curitiba,4106902,1,,372,,,-25.413098,-49.205493,,False,1,2,2023-06-19T10:37:14.679916+00:00
CUR_CI001,Curitiba,4106902,1,,372,,,-25.381986,-49.185783,,False,1,2,2023-06-19T10:44:14.679916+00:00
CUR_BC316,Curitiba,4106902,1,,372,,,-25.427433,-49.24461,,False,10,2,2023-06-19T10:43:14.679916+00:00
CUR_CC196,Curitiba,4106902,1,,372,,,-25.381758,-49.186093,,False,1,1,2023-06-19T10:44:14.679916+00:00
CUR_BI027,Curitiba,4106902,1,,372,,,-25.4278,-49.204405,,False,1,1,2023-06-19T10:40:14.679916+00:00
CUR_JI019,Curitiba,4106902,1,,611,,,-25.471063,-49.300518,,False,1,1,2023-06-19T10:44:14.679916+00:00
CUR_JI006,Curitiba,4106902,1,,611,,,-25.470583,-49.30139,,False,1,2,2023-06-19T10:44:14.679916+00:00
CUR_JI011,Curitiba,4106902,1,,611,,,-25.47724,-49.326238,,False,1,2,2023-06-19T10:45:14.679916+00:00
CUR_BI864,Curitiba,4106902,1,,386,,,-25.435396,-49.215458,,False,7,2,2023-06-19T10:43:14.679916+00:00
CUR_BI900,Curitiba,4106902,1,,386,,,-25.431378,-49.266406,,False,7,1,2023-06-19T10:44:14.679916+00:00
CUR_DN017,Curitiba,4106902,0,,560,,,-25.468018,-49.254318,,False,6,2,2023-06-19T10:43:14.679916+00:00
CUR_HI047,Curitiba,4106902,1,,623,,,-25.492605,-49.29329,,False,1,1,2023-06-19T10:42:14.679916+00:00
CUR_HI004,Curitiba,4106902,1,,623,,,-25.518265,-49.304275,,False,1,1,2023-06-19T10:42:14.679916+00:00
CUR_HA027,Curitiba,4106902,1,,623,,,-25.518208,-49.304348,,False,1,1,2023-06-19T10:43:14.679916+00:00
CUR_HA026,Curitiba,4106902,1,,623,,,-25.497478,-49.302286,,False,1,2,2023-06-19T10:44:14.679916+00:00
CUR_DC092,Curitiba,4106902,1,,468,,,-25.449836,-49.245686,,False,1,2,2023-06-19T10:44:14.679916+00:00
CUR_EA211,Curitiba,4106902,1,,468,,,-25.441883,-49.252353,,False,1,1,2023-06-19T10:43:14.679916+00:00
CUR_DA033,Curitiba,4106902,1,,468,,,-25.476476,-49.24039,,False,1,1,2023-06-19T10:44:14.679916+00:00
CUR_JA022,Curitiba,4106902,1,,712,,,-25.446236,-49.345836,,False,1,2,2023-06-19T10:43:14.679916+00:00
CUR_JA031,Curitiba,4106902,1,,712,,,-25.449258,-49.365851,,False,1,2,2023-06-19T10:43:14.679916+00:00
CUR_HI014,Curitiba,4106902,1,,712,,,-25.511281,-49.333275,,False,1,2,2023-06-19T10:45:14.679916+00:00
CUR_HA014,Curitiba,4106902,1,,712,,,-25.511651,-49.325003,,False,1,2,2023-06-19T10:43:14.679916+00:00
CUR_JI008,Curitiba,4106902,1,,712,,,-25.486035,-49.335253,,False,1,1,2023-06-19T10:44:14.679916+00:00
CUR_EA203,Curitiba,4106902,1,,475,,,-25.46824,-49.256141,,False,1,1,2023-06-19T10:43:14.679916+00:00
CUR_EA015,Curitiba,4106902,1,,475,,,-25.468285,-49.256073,,False,1,1,2023-06-19T10:43:14.679916+00:00
CUR_EI020,Curitiba,4106902,1,,475,,,-25.462835,-49.250443,,False,1,2,2023-06-19T10:43:14.679916+00:00
CUR_HA608,Curitiba,4106902,1,,685,,,-25.577091,-49.33203,,False,4,2,2023-06-19T10:44:14.679916+00:00
CUR_HI605,Curitiba,4106902,1,,685,,,-25.524883,-49.330473,,False,4,1,2023-06-19T10:44:14.679916+00:00
CUR_HI603,Curitiba,4106902,0,,685,,,-25.517766,-49.324678,,False,4,1,2023-06-19T10:43:14.679916+00:00
CUR_HI610,Curitiba,4106902,1,,685,,,-25.535013,-49.317045,,False,4,1,2023-06-19T10:44:14.679916+00:00
CUR_HA610,Curitiba,4106902,1,,685,,,-25.59454,-49.340685,,False,4,2,2023-06-19T10:43:14.679916+00:00
CUR_HI007,Curitiba,4106902,1,,652,,,-25.532063,-49.334718,,False,1,2,2023-06-19T10:43:14.679916+00:00
CUR_HA190,Curitiba,4106902,1,,652,,,-25.531806,-49.329103,,False,1,1,2023-06-19T10:42:14.679916+00:00
CUR_HA128,Curitiba,4106902,1,,652,,,-25.52762,-49.334255,,False,1,1,2023-06-19T10:41:14.679916+00:00
CUR_HI010,Curitiba,4106902,1,,652,,,-25.511675,-49.324835,,False,1,2,2023-06-19T10:42:14.679916+00:00
CUR_HA196,Curitiba,4106902,1,,652,,,-25.516543,-49.326625,,False,1,1,2023-06-19T10:42:14.679916+00:00
CUR_HI040,Curitiba,4106902,1,,826,,,-25.483643,-49.350301,,False,1,1,2023-06-19T10:42:14.679916+00:00
CUR_HI013,Curitiba,4106902,1,,826,,,-25.508433,-49.339516,,False,1,2,2023-06-19T10:44:14.679916+00:00
CUR_HA193,Curitiba,4106902,1,,826,,,-25.441701,-49.34939,,False,1,1,2023-06-19T10:41:14.679916+00:00
CUR_HA130,Curitiba,4106902,1,,826,,,-25.512693,-49.330335,,False,1,2,2023-06-19T10:43:14.679916+00:00
CUR_JA301,Curitiba,4106902,1,,826,,,-25.44928,-49.366013,,False,3,1,2023-06-19T10:44:14.679916+00:00
CUR_HI039,Curitiba,4106902,1,,826,,,-25.451358,-49.360751,,False,1,1,2023-06-19T10:41:14.679916+00:00
CUR_JA032,Curitiba,4106902,1,,826,,,-25.449241,-49.366005,,False,1,1,2023-06-19T10:34:14.679916+00:00
CUR_HA020,Curitiba,4106902,1,,826,,,-25.499845,-49.341593,,False,1,2,2023-06-19T10:43:14.679916+00:00
CUR_BI014,Curitiba,4106902,1,,924,,,-25.369338,-49.268566,,False,1,1,2023-06-19T10:40:14.679916+00:00
CUR_BI023,Curitiba,4106902,1,,924,,,-25.385415,-49.321238,,False,1,2,2023-06-19T10:44:14.679916+00:00
CUR_BA026,Curitiba,4106902,1,,924,,,-25.378773,-49.27877,,False,1,2,2023-06-19T10:43:14.679916+00:00
CUR_BA036,Curitiba,4106902,1,,924,,,-25.384438,-49.30356,,False,1,2,2023-06-19T10:41:14.679916+00:00
CUR_MA011,Curitiba,4106902,1,,924,,,-25.419265,-49.294471,,False,1,1,2023-06-19T10:43:14.679916+00:00
CUR_MI004,Curitiba,4106902,1,,924,,,-25.426588,-49.275456,,False,1,2,2023-06-19T10:43:14.679916+00:00
CUR_MI003,Curitiba,4106902,1,,924,,,-25.419085,-49.29467,,False,1,2,2023-06-19T10:43:14.679916+00:00
CUR_EA022,Curitiba,4106902,1,,335,,,-25.51723,-49.261396,,False,1,2,2023-06-19T10:43:14.679916+00:00
CUR_EA025,Curitiba,4106902,1,,335,,,-25.502676,-49.224885,,False,1,2,2023-06-19T10:44:14.679916+00:00
CUR_DR407,Curitiba,4106902,1,,335,,,-25.467661,-49.254635,,False,4,1,2023-06-19T10:43:14.679916+00:00
CUR_DA301,Curitiba,4106902,1,,335,,,-25.468043,-49.254701,,False,3,1,2023-06-19T10:44:14.679916+00:00
CUR_BI860,Curitiba,4106902,1,Auto Viação São José,214,https://moovitapp.com/index/pt-br/transporte_p%C3%BAblico-line-214_PIT_PRA%C3%87A_DA_JUVENTUDE_CRISTAL_BLANCO_POMBO_ANTI_HOR%C3%81RIO-Curitiba-942-857412-119631273-0,-1.0,-25.387728,-49.225206,,False,7,2,2023-06-19T10:43:14.679916+00:00
CUR_BC927,Curitiba,4106902,1,Auto Viação São José,214,https://moovitapp.com/index/pt-br/transporte_p%C3%BAblico-line-214_PIT_PRA%C3%87A_DA_JUVENTUDE_CRISTAL_BLANCO_POMBO_ANTI_HOR%C3%81RIO-Curitiba-942-857412-119631273-0,-1.0,-25.397623,-49.236303,,False,7,1,2023-06-19T10:44:14.679916+00:00
CUR_DA014,Curitiba,4106902,1,,321,,,-25.46828,-49.255065,,False,1,1,2023-06-19T10:43:14.679916+00:00
CUR_DA290,Curitiba,4106902,1,,321,,,-25.475875,-49.201698,,False,1,2,2023-06-19T10:43:14.679916+00:00
CUR_BI851,Curitiba,4106902,1,,175,,,-25.4357,-49.27151,,False,7,2,2023-06-19T10:43:14.679916+00:00
CUR_BI898,Curitiba,4106902,1,,175,,,-25.418925,-49.276373,,False,7,1,2023-06-19T10:44:14.679916+00:00
CUR_MC079,Curitiba,4106902,1,,972,,,-25.419453,-49.294393,,False,1,1,2023-06-19T10:44:14.679916+00:00
CUR_MC302,Curitiba,4106902,1,,972,,,-25.419121,-49.29469,,False,3,1,2023-06-19T10:43:14.679916+00:00
CUR_JI856,Curitiba,4106902,1,,762,,,-25.449831,-49.289615,,False,7,2,2023-06-19T10:44:14.679916+00:00
CUR_JI865,Curitiba,4106902,1,,762,,,-25.460598,-49.298446,,False,7,1,2023-06-19T10:44:14.679916+00:00
CUR_EA011,Curitiba,4106902,1,Auto Viação São José,531,https://moovitapp.com/index/pt-br/transporte_p%C3%BAblico-line-531_BAIRRO_A_BAIRRO_1-Curitiba-942-857412-1570571-0,-1.0,-25.46821,-49.25617,,False,1,2,2023-06-19T10:43:14.679916+00:00
CUR_EA002,Curitiba,4106902,1,Auto Viação São José,531,https://moovitapp.com/index/pt-br/transporte_p%C3%BAblico-line-531_BAIRRO_A_BAIRRO_1-Curitiba-942-857412-1570571-0,-1.0,-25.469033,-49.255465,,False,1,1,2023-06-19T10:43:14.679916+00:00
CUR_EA024,Curitiba,4106902,1,Auto Viação São José,531,https://moovitapp.com/index/pt-br/transporte_p%C3%BAblico-line-531_BAIRRO_A_BAIRRO_1-Curitiba-942-857412-1570571-0,-1.0,-25.531328,-49.244138,,False,1,1,2023-06-19T10:44:14.679916+00:00
CUR_EA183,Curitiba,4106902,1,Auto Viação São José,531,https://moovitapp.com/index/pt-br/transporte_p%C3%BAblico-line-531_BAIRRO_A_BAIRRO_1-Curitiba-942-857412-1570571-0,-1.0,-25.468426,-49.256028,,False,1,2,2023-06-19T10:43:14.679916+00:00
CUR_BI872,Curitiba,4106902,1,,366,,,-25.435845,-49.283435,,False,7,1,2023-06-19T10:43:14.679916+00:00
CUR_BI889,Curitiba,4106902,1,,366,,,-25.429256,-49.23662,,False,7,2,2023-06-19T10:40:14.679916+00:00
CUR_DC294,Curitiba,4106902,1,,334,,,-25.467156,-49.19772,,False,1,,2023-06-19T10:43:14.679916+00:00
CUR_HI858,Curitiba,4106902,1,,670,,,-25.4456,-49.278266,,False,7,1,2023-06-19T10:43:14.679916+00:00
CUR_HI857,Curitiba,4106902,1,,670,,,-25.463551,-49.295476,,False,7,2,2023-06-19T10:43:14.679916+00:00
CUR_JI860,Curitiba,4106902,1,,761,,,-25.463313,-49.296715,,False,7,1,2023-06-19T10:44:14.679916+00:00
CUR_JI857,Curitiba,4106902,1,,761,,,-25.470758,-49.318523,,False,7,2,2023-06-19T10:44:14.679916+00:00
CUR_EI010,Curitiba,4106902,1,Auto Viação São José,515,https://moovitapp.com/index/pt-br/transporte_p%C3%BAblico-line-515_%E2%9C%88_AEROPORTO_1_SHOPPING_S%C3%83O_JOS%C3%89-Curitiba-942-857412-67925719-0,-1.0,-25.475413,-49.228546,,False,1,1,2023-06-19T10:44:14.679916+00:00
CUR_EA206,Curitiba,4106902,1,Auto Viação São José,515,https://moovitapp.com/index/pt-br/transporte_p%C3%BAblico-line-515_%E2%9C%88_AEROPORTO_1_SHOPPING_S%C3%83O_JOS%C3%89-Curitiba-942-857412-67925719-0,-1.0,-25.468338,-49.25606,,False,1,2,2023-06-19T10:44:14.679916+00:00
CUR_EI009,Curitiba,4106902,1,Auto Viação São José,515,https://moovitapp.com/index/pt-br/transporte_p%C3%BAblico-line-515_%E2%9C%88_AEROPORTO_1_SHOPPING_S%C3%83O_JOS%C3%89-Curitiba-942-857412-67925719-0,-1.0,-25.515343,-49.245788,,False,1,1,2023-06-19T10:43:14.679916+00:00
CUR_EA019,Curitiba,4106902,1,Auto Viação São José,515,https://moovitapp.com/index/pt-br/transporte_p%C3%BAblico-line-515_%E2%9C%88_AEROPORTO_1_SHOPPING_S%C3%83O_JOS%C3%89-Curitiba-942-857412-67925719-0,-1.0,-25.468711,-49.255756,,False,1,1,2023-06-19T10:44:14.679916+00:00
CUR_EI019,Curitiba,4106902,1,Auto Viação São José,515,https://moovitapp.com/index/pt-br/transporte_p%C3%BAblico-line-515_%E2%9C%88_AEROPORTO_1_SHOPPING_S%C3%83O_JOS%C3%89-Curitiba-942-857412-67925719-0,-1.0,-25.481615,-49.246801,,False,1,2,2023-06-19T10:44:14.679916+00:00
CUR_EI003,Curitiba,4106902,1,Auto Viação São José,515,https://moovitapp.com/index/pt-br/transporte_p%C3%BAblico-line-515_%E2%9C%88_AEROPORTO_1_SHOPPING_S%C3%83O_JOS%C3%89-Curitiba-942-857412-67925719-0,-1.0,-25.469556,-49.255015,,False,1,2,2023-06-19T10:43:14.679916+00:00
CUR_BC314,Curitiba,4106902,1,,371,,,-25.427513,-49.243971,,False,10,2,2023-06-19T10:43:14.679916+00:00
CUR_BC315,Curitiba,4106902,1,,371,,,-25.41395,-49.210773,,False,10,2,2023-06-19T10:43:14.679916+00:00
CUR_BC313,Curitiba,4106902,1,,371,,,-25.426913,-49.238113,,False,10,1,2023-06-19T10:40:14.679916+00:00
CUR_JI948,Curitiba,4106902,1,,861,,,-25.446766,-49.28142,,False,7,2,2023-06-19T10:43:14.679916+00:00
CUR_JI852,Curitiba,4106902,1,,861,,,-25.449371,-49.367078,,False,7,1,2023-06-19T10:43:14.679916+00:00
CUR_GI017,Curitiba,4106902,1,,553,,,-25.546173,-49.263373,,False,1,2,2023-06-19T10:42:14.679916+00:00
CUR_GI006,Curitiba,4106902,1,,553,,,-25.541445,-49.270635,,False,1,1,2023-06-19T10:41:14.679916+00:00
CUR_GI002,Curitiba,4106902,1,,553,,,-25.557571,-49.24801,,False,1,1,2023-06-19T10:43:14.679916+00:00
CUR_GI004,Curitiba,4106902,1,,553,,,-25.558731,-49.25923,,False,1,2,2023-06-19T10:43:14.679916+00:00
CUR_GI037,Curitiba,4106902,1,,643,,,-25.51288,-49.294831,,False,1,1,2023-06-19T10:41:14.679916+00:00
CUR_GI029,Curitiba,4106902,1,,643,,,-25.56149,-49.291245,,False,1,1,2023-06-19T10:41:14.679916+00:00
CUR_GI019,Curitiba,4106902,1,,643,,,-25.596821,-49.27737,,False,1,2,2023-06-19T10:44:14.679916+00:00
CUR_EA027,Curitiba,4106902,1,,X06,,,-25.551183,-49.248736,,False,1,2,2023-06-19T10:43:14.679916+00:00
CUR_GI051,Curitiba,4106902,1,,552,,,-25.53533,-49.270236,,False,1,1,2023-06-19T10:43:14.679916+00:00
CUR_GI044,Curitiba,4106902,1,,552,,,-25.553086,-49.250471,,False,1,1,2023-06-19T10:44:14.679916+00:00
CUR_GI053,Curitiba,4106902,1,,552,,,-25.553135,-49.250758,,False,1,2,2023-06-19T10:43:14.679916+00:00
CUR_HA006,Curitiba,4106902,1,,617,,,-25.53958,-49.302276,,False,1,1,2023-06-19T10:44:14.679916+00:00
CUR_HI028,Curitiba,4106902,1,,617,,,-25.5488,-49.30411,,False,1,1,2023-06-19T10:41:14.679916+00:00
CUR_HI020,Curitiba,4106902,1,,617,,,-25.57265,-49.326773,,False,1,2,2023-06-19T10:39:14.679916+00:00
CUR_HA617,Curitiba,4106902,1,,617,,,-25.522975,-49.29278,,False,4,1,2023-06-19T10:39:14.679916+00:00
CUR_GI016,Curitiba,4106902,1,,542,,,-25.534241,-49.268063,,False,1,,2023-06-19T10:44:14.679916+00:00
CUR_GC016,Curitiba,4106902,1,,542,,,-25.535713,-49.271288,,False,1,,2023-06-19T10:44:14.679916+00:00
CUR_GI042,Curitiba,4106902,1,,542,,,-25.550008,-49.26016,,False,1,,2023-06-19T10:44:14.679916+00:00
CUR_GC003,Curitiba,4106902,1,,542,,,-25.544958,-49.265115,,False,1,,2023-06-19T10:44:14.679916+00:00
CUR_GI032,Curitiba,4106902,1,,542,,,-25.535493,-49.270746,,False,1,,2023-06-19T10:43:14.679916+00:00
CUR_MI855,Curitiba,4106902,1,,912,,,-25.411456,-49.350093,,False,7,2,2023-06-19T10:43:14.679916+00:00
CUR_EA009,Curitiba,4106902,1,,X03,,,-25.46831,-49.256105,,False,1,1,2023-06-19T10:43:14.679916+00:00
CUR_HI856,Curitiba,4106902,1,,600,,,-25.554273,-49.329838,,False,7,2,2023-06-19T10:41:14.679916+00:00
CUR_HI850,Curitiba,4106902,1,,600,,,-25.519138,-49.307158,,False,7,1,2023-06-19T10:41:14.679916+00:00
CUR_GI021,Curitiba,4106902,1,,639,,,-25.541795,-49.294468,,False,1,2,2023-06-19T10:43:14.679916+00:00
CUR_GI026,Curitiba,4106902,1,,639,,,-25.549263,-49.292225,,False,1,1,2023-06-19T10:41:14.679916+00:00
CUR_GI036,Curitiba,4106902,1,,639,,,-25.515058,-49.294821,,False,1,2,2023-06-19T10:44:14.679916+00:00
CUR_GI007,Curitiba,4106902,1,,547,,,-25.543323,-49.268176,,False,1,1,2023-06-19T10:41:14.679916+00:00
CUR_GA178,Curitiba,4106902,1,,547,,,-25.541111,-49.263881,,False,1,1,2023-06-19T10:44:14.679916+00:00
CUR_HB608,Curitiba,4106902,1,,060,,,-25.523425,-49.293061,,False,4,1,2023-06-19T10:43:14.679916+00:00
CUR_HB695,Curitiba,4106902,1,,060,,,-25.520333,-49.334053,,False,4,1,2023-06-19T10:45:14.679916+00:00
CUR_HB607,Curitiba,4106902,1,,060,,,-25.443718,-49.353396,,False,4,2,2023-06-19T10:38:14.679916+00:00
CUR_HR117,Curitiba,4106902,1,,060,,,-25.534078,-49.3168,,False,4,1,2023-06-19T10:44:14.679916+00:00
CUR_HB601,Curitiba,4106902,1,,060,,,-25.4694,-49.354195,,False,4,2,2023-06-19T10:44:14.679916+00:00
CUR_GI050,Curitiba,4106902,1,,641,,,-25.515135,-49.294241,,False,1,1,2023-06-19T10:44:14.679916+00:00
CUR_MI854,Curitiba,4106902,1,,911,,,-25.383053,-49.36568,,False,7,2,2023-06-19T10:43:14.679916+00:00
CUR_HI045,Curitiba,4106902,1,,612,,,-25.494021,-49.324301,,False,1,2,2023-06-19T10:43:14.679916+00:00
CUR_HA191,Curitiba,4106902,1,,612,,,-25.509765,-49.325965,,False,1,1,2023-06-19T10:43:14.679916+00:00
CUR_HA198,Curitiba,4106902,1,,612,,,-25.47792,-49.298206,,False,1,1,2023-06-19T10:43:14.679916+00:00
CUR_HR409,Curitiba,4106902,1,,X37,,,-25.51317,-49.295266,,False,4,1,2023-06-19T10:43:14.679916+00:00
CUR_HA602,Curitiba,4106902,1,,X37,,,-25.513123,-49.295083,,False,4,1,2023-06-19T10:39:14.679916+00:00
CUR_HA606,Curitiba,4106902,1,,X37,,,-25.530763,-49.299513,,False,4,1,2023-06-19T10:43:14.679916+00:00
CUR_HA615,Curitiba,4106902,1,,X37,,,-25.552966,-49.332896,,False,4,2,2023-06-19T10:42:14.679916+00:00
CUR_HA605,Curitiba,4106902,1,,X37,,,-25.563783,-49.328936,,False,4,1,2023-06-19T10:40:14.679916+00:00
CUR_HI608,Curitiba,4106902,1,,X37,,,-25.561696,-49.335071,,False,4,1,2023-06-19T10:44:14.679916+00:00
CUR_HA699,Curitiba,4106902,1,,X37,,,-25.564515,-49.328765,,False,4,2,2023-06-19T10:44:14.679916+00:00
CUR_HL498,Curitiba,4106902,1,URBS,607,https://moovitapp.com/index/pt-br/transporte_p%C3%BAblico-line-607_COLOMBO_CIC-Curitiba-942-9628-294348-0,-1.0,-25.498941,-49.309866,,False,3,1,2023-06-19T10:42:14.679916+00:00
CUR_HL310,Curitiba,4106902,0,URBS,607,https://moovitapp.com/index/pt-br/transporte_p%C3%BAblico-line-607_COLOMBO_CIC-Curitiba-942-9628-294348-0,-1.0,-25.511773,-49.32477,,False,3,1,2023-06-19T10:41:14.679916+00:00
CUR_HL329,Curitiba,4106902,1,URBS,607,https://moovitapp.com/index/pt-br/transporte_p%C3%BAblico-line-607_COLOMBO_CIC-Curitiba-942-9628-294348-0,-1.0,-25.372628,-49.211561,,False,3,2,2023-06-19T10:44:14.679916+00:00
CUR_HL316,Curitiba,4106902,0,URBS,607,https://moovitapp.com/index/pt-br/transporte_p%C3%BAblico-line-607_COLOMBO_CIC-Curitiba-942-9628-294348-0,-1.0,-25.479066,-49.29565,,False,3,1,2023-06-19T10:43:14.679916+00:00
CUR_HL496,Curitiba,4106902,1,URBS,607,https://moovitapp.com/index/pt-br/transporte_p%C3%BAblico-line-607_COLOMBO_CIC-Curitiba-942-9628-294348-0,-1.0,-25.413571,-49.257216,,False,3,2,2023-06-19T10:43:14.679916+00:00
CUR_HL331,Curitiba,4106902,1,URBS,607,https://moovitapp.com/index/pt-br/transporte_p%C3%BAblico-line-607_COLOMBO_CIC-Curitiba-942-9628-294348-0,-1.0,-25.453515,-49.266375,,False,3,1,2023-06-19T10:43:14.679916+00:00
CUR_HL493,Curitiba,4106902,1,URBS,607,https://moovitapp.com/index/pt-br/transporte_p%C3%BAblico-line-607_COLOMBO_CIC-Curitiba-942-9628-294348-0,-1.0,-25.434746,-49.271885,,False,3,1,2023-06-19T10:44:14.679916+00:00
CUR_HL320,Curitiba,4106902,0,URBS,607,https://moovitapp.com/index/pt-br/transporte_p%C3%BAblico-line-607_COLOMBO_CIC-Curitiba-942-9628-294348-0,-1.0,-25.450436,-49.266905,,False,3,2,2023-06-19T10:44:14.679916+00:00
CUR_HL312,Curitiba,4106902,0,URBS,607,https://moovitapp.com/index/pt-br/transporte_p%C3%BAblico-line-607_COLOMBO_CIC-Curitiba-942-9628-294348-0,-1.0,-25.420226,-49.269221,,False,3,1,2023-06-19T10:43:14.679916+00:00
CUR_HL497,Curitiba,4106902,1,URBS,607,https://moovitapp.com/index/pt-br/transporte_p%C3%BAblico-line-607_COLOMBO_CIC-Curitiba-942-9628-294348-0,-1.0,-25.396353,-49.243206,,False,3,2,2023-06-19T10:44:14.679916+00:00
CUR_HL318,Curitiba,4106902,0,URBS,607,https://moovitapp.com/index/pt-br/transporte_p%C3%BAblico-line-607_COLOMBO_CIC-Curitiba-942-9628-294348-0,-1.0,-25.37528,-49.220118,,False,3,2,2023-06-19T10:43:14.679916+00:00
CUR_HL325,Curitiba,4106902,0,URBS,607,https://moovitapp.com/index/pt-br/transporte_p%C3%BAblico-line-607_COLOMBO_CIC-Curitiba-942-9628-294348-0,-1.0,-25.372685,-49.204276,,False,3,2,2023-06-19T10:44:14.679916+00:00
CUR_JI004,Curitiba,4106902,1,,719,,,-25.449153,-49.366085,,False,1,1,2023-06-19T10:43:14.679916+00:00
CUR_JI015,Curitiba,4106902,1,,719,,,-25.449183,-49.366121,,False,1,2,2023-06-19T10:42:14.679916+00:00
CUR_HI022,Curitiba,4106902,1,,773,,,-25.53404,-49.330856,,False,1,1,2023-06-19T10:42:14.679916+00:00
CUR_HA611,Curitiba,4106902,1,,773,,,-25.515196,-49.336381,,False,4,1,2023-06-19T10:43:14.679916+00:00
CUR_BI892,Curitiba,4106902,1,,181,,,-25.388231,-49.267536,,False,7,1,2023-06-19T10:42:14.679916+00:00
CUR_JI005,Curitiba,4106902,1,,718,,,-25.478038,-49.33958,,False,1,,2023-06-19T10:44:14.679916+00:00
CUR_HA029,Curitiba,4106902,1,,615,,,-25.476226,-49.29233,,False,1,1,2023-06-19T10:41:14.679916+00:00
CUR_HC004,Curitiba,4106902,1,,615,,,-25.476221,-49.29123,,False,1,1,2023-06-19T10:30:14.679916+00:00
CUR_HI048,Curitiba,4106902,1,,622,,,-25.4938,-49.333303,,False,1,2,2023-06-19T10:41:14.679916+00:00
CUR_HI851,Curitiba,4106902,1,,265,,,-25.41151,-49.265875,,False,7,1,2023-06-19T10:44:14.679916+00:00
CUR_BI025,Curitiba,4106902,1,,916,,,-25.399698,-49.333733,,False,1,2,2023-06-19T10:43:14.679916+00:00
CUR_MA013,Curitiba,4106902,1,,916,,,-25.419325,-49.294328,,False,1,1,2023-06-19T10:43:14.679916+00:00
CUR_HI006,Curitiba,4106902,1,,627,,,-25.511776,-49.324478,,False,1,1,2023-06-19T10:40:14.679916+00:00
CUR_HA019,Curitiba,4106902,1,,627,,,-25.53505,-49.31724,,False,1,2,2023-06-19T10:42:14.679916+00:00
CUR_HA008,Curitiba,4106902,1,,627,,,-25.501585,-49.306431,,False,1,1,2023-06-19T10:41:14.679916+00:00
CUR_JC316,Curitiba,4106902,1,,701,,,-25.44934,-49.36656,,False,3,1,2023-06-19T10:43:14.679916+00:00
CUR_JC305,Curitiba,4106902,1,,701,,,-25.444861,-49.27645,,False,3,1,2023-06-19T10:44:14.679916+00:00
CUR_JC600,Curitiba,4106902,1,,701,,,-25.44915,-49.365598,,False,4,2,2023-06-19T10:44:14.679916+00:00
CUR_JC301,Curitiba,4106902,1,,701,,,-25.44071,-49.271486,,False,3,2,2023-06-19T10:43:14.679916+00:00
CUR_JC313,Curitiba,4106902,1,,701,,,-25.449743,-49.28439,,False,3,1,2023-06-19T10:44:14.679916+00:00
CUR_JC304,Curitiba,4106902,1,,701,,,-25.477471,-49.324665,,False,3,1,2023-06-19T10:43:14.679916+00:00
CUR_JC311,Curitiba,4106902,1,,701,,,-25.449433,-49.366646,,False,3,2,2023-06-19T10:44:14.679916+00:00
CUR_JA699,Curitiba,4106902,1,,703,,,-25.44922,-49.367125,,False,4,1,2023-06-19T10:43:14.679916+00:00
CUR_JC317,Curitiba,4106902,1,,703,,,-25.477761,-49.332221,,False,3,2,2023-06-19T10:44:14.679916+00:00
CUR_JI603,Curitiba,4106902,1,,703,,,-25.449286,-49.367106,,False,4,2,2023-06-19T10:43:14.679916+00:00
CUR_JC310,Curitiba,4106902,1,,703,,,-25.449478,-49.36656,,False,3,1,2023-06-19T10:43:14.679916+00:00
CUR_JI301,Curitiba,4106902,1,,703,,,-25.449996,-49.284998,,False,3,1,2023-06-19T10:44:14.679916+00:00
CUR_JC309,Curitiba,4106902,1,,703,,,-25.449378,-49.36681,,False,3,1,2023-06-19T10:44:14.679916+00:00
CUR_JC315,Curitiba,4106902,1,,703,,,-25.541845,-49.303506,,False,3,2,2023-06-19T10:43:14.679916+00:00
CUR_JI601,Curitiba,4106902,1,,703,,,-25.449118,-49.367121,,False,4,2,2023-06-19T10:43:14.679916+00:00
CUR_JI604,Curitiba,4106902,1,,703,,,-25.449058,-49.367151,,False,4,1,2023-06-19T10:44:14.679916+00:00
CUR_JC308,Curitiba,4106902,1,,703,,,-25.449395,-49.366743,,False,3,1,2023-06-19T10:44:14.679916+00:00
CUR_DN607,Curitiba,4106902,1,,516,,,-25.485026,-49.223373,,False,7,1,2023-06-19T10:44:14.679916+00:00
CUR_MI856,Curitiba,4106902,1,,913,,,-25.401461,-49.357945,,False,7,1,2023-06-19T10:44:14.679916+00:00
CUR_HL307,Curitiba,4106902,0,URBS,700,https://moovitapp.com/index/pt-br/transporte_p%C3%BAblico-line-700_PINHEIRINHO_CABRAL-Curitiba-942-9628-757429-0,-1.0,-25.433013,-49.263601,,False,3,1,2023-06-19T10:42:14.679916+00:00
CUR_BL319,Curitiba,4106902,0,URBS,700,https://moovitapp.com/index/pt-br/transporte_p%C3%BAblico-line-700_PINHEIRINHO_CABRAL-Curitiba-942-9628-757429-0,-1.0,-25.420968,-49.269463,,False,3,1,2023-06-19T10:44:14.679916+00:00
CUR_BL306,Curitiba,4106902,0,URBS,700,https://moovitapp.com/index/pt-br/transporte_p%C3%BAblico-line-700_PINHEIRINHO_CABRAL-Curitiba-942-9628-757429-0,-1.0,-25.476015,-49.292266,,False,3,2,2023-06-19T10:43:14.679916+00:00
CUR_BL313,Curitiba,4106902,0,URBS,700,https://moovitapp.com/index/pt-br/transporte_p%C3%BAblico-line-700_PINHEIRINHO_CABRAL-Curitiba-942-9628-757429-0,-1.0,-25.442026,-49.269021,,False,3,2,2023-06-19T10:36:14.679916+00:00
CUR_HL328,Curitiba,4106902,0,URBS,700,https://moovitapp.com/index/pt-br/transporte_p%C3%BAblico-line-700_PINHEIRINHO_CABRAL-Curitiba-942-9628-757429-0,-1.0,-25.449765,-49.284581,,False,3,2,2023-06-19T10:42:14.679916+00:00
CUR_HL302,Curitiba,4106902,0,URBS,700,https://moovitapp.com/index/pt-br/transporte_p%C3%BAblico-line-700_PINHEIRINHO_CABRAL-Curitiba-942-9628-757429-0,-1.0,-25.5066,-49.293816,,False,3,2,2023-06-19T10:43:14.679916+00:00
CUR_BL304,Curitiba,4106902,0,URBS,700,https://moovitapp.com/index/pt-br/transporte_p%C3%BAblico-line-700_PINHEIRINHO_CABRAL-Curitiba-942-9628-757429-0,-1.0,-25.43453,-49.262753,,False,3,1,2023-06-19T10:41:14.679916+00:00
CUR_HL495,Curitiba,4106902,1,URBS,700,https://moovitapp.com/index/pt-br/transporte_p%C3%BAblico-line-700_PINHEIRINHO_CABRAL-Curitiba-942-9628-757429-0,-1.0,-25.477573,-49.292263,,False,3,2,2023-06-19T10:40:14.679916+00:00
CUR_JA034,Curitiba,4106902,1,,714,,,-25.49054,-49.348526,,False,1,,2023-06-19T10:44:14.679916+00:00
CUR_HI853,Curitiba,4106902,1,,644,,,-25.514456,-49.29406,,False,7,1,2023-06-19T10:41:14.679916+00:00
CUR_MA012,Curitiba,4106902,1,,917,,,-25.391911,-49.335116,,False,1,1,2023-06-19T10:44:14.679916+00:00
CUR_MA003,Curitiba,4106902,1,,917,,,-25.39066,-49.332011,,False,1,2,2023-06-19T10:44:14.679916+00:00
CUR_MN608,Curitiba,4106902,1,,915,,,-25.422771,-49.28582,,False,7,1,2023-06-19T10:43:14.679916+00:00
CUR_HL315,Curitiba,4106902,0,URBS,X35,https://moovitapp.com/index/pt-br/transporte_p%C3%BAblico-line-X35_PINHEIRINHO_PREFEITURA-Curitiba-942-9628-778958-0,-1.0,-25.417835,-49.268366,,False,3,1,2023-06-19T10:42:14.679916+00:00
CUR_HL309,Curitiba,4106902,0,URBS,X35,https://moovitapp.com/index/pt-br/transporte_p%C3%BAblico-line-X35_PINHEIRINHO_PREFEITURA-Curitiba-942-9628-778958-0,-1.0,-25.44348,-49.268191,,False,3,1,2023-06-19T10:42:14.679916+00:00
CUR_HL118,Curitiba,4106902,0,URBS,X35,https://moovitapp.com/index/pt-br/transporte_p%C3%BAblico-line-X35_PINHEIRINHO_PREFEITURA-Curitiba-942-9628-778958-0,-1.0,-25.475241,-49.292205,,False,3,2,2023-06-19T10:42:14.679916+00:00
CUR_HL319,Curitiba,4106902,0,URBS,X35,https://moovitapp.com/index/pt-br/transporte_p%C3%BAblico-line-X35_PINHEIRINHO_PREFEITURA-Curitiba-942-9628-778958-0,-1.0,-25.487971,-49.29204,,False,3,2,2023-06-19T10:44:14.679916+00:00
CUR_HL326,Curitiba,4106902,0,URBS,X35,https://moovitapp.com/index/pt-br/transporte_p%C3%BAblico-line-X35_PINHEIRINHO_PREFEITURA-Curitiba-942-9628-778958-0,-1.0,-25.537618,-49.306828,,False,3,1,2023-06-19T10:43:14.679916+00:00
CUR_HL321,Curitiba,4106902,0,URBS,X35,https://moovitapp.com/index/pt-br/transporte_p%C3%BAblico-line-X35_PINHEIRINHO_PREFEITURA-Curitiba-942-9628-778958-0,-1.0,-25.477088,-49.29249,,False,3,2,2023-06-19T10:44:14.679916+00:00
CUR_HL301,Curitiba,4106902,0,URBS,X35,https://moovitapp.com/index/pt-br/transporte_p%C3%BAblico-line-X35_PINHEIRINHO_PREFEITURA-Curitiba-942-9628-778958-0,-1.0,-25.441765,-49.26836,,False,3,1,2023-06-19T10:41:14.679916+00:00
CUR_HL303,Curitiba,4106902,0,URBS,X35,https://moovitapp.com/index/pt-br/transporte_p%C3%BAblico-line-X35_PINHEIRINHO_PREFEITURA-Curitiba-942-9628-778958-0,-1.0,-25.428113,-49.264461,,False,3,1,2023-06-19T10:43:14.679916+00:00
CUR_HA025,Curitiba,4106902,1,,681,,,-25.574523,-49.328983,,False,1,1,2023-06-19T10:44:14.679916+00:00
CUR_HI019,Curitiba,4106902,1,,681,,,-25.512266,-49.294818,,False,1,1,2023-06-19T10:41:14.679916+00:00
CUR_JI299,Curitiba,4106902,1,,823,,,-25.449141,-49.365771,,False,1,2,2023-06-19T10:43:14.679916+00:00
CUR_JA035,Curitiba,4106902,1,,823,,,-25.449133,-49.365958,,False,1,1,2023-06-19T10:43:14.679916+00:00
CUR_GE710,Curitiba,4106902,0,URBS,500,https://moovitapp.com/index/pt-br/transporte_p%C3%BAblico-line-500_LIGEIR%C3%83O_BOQUEIR%C3%83O-Curitiba-942-9628-294422-0,-1.0,-25.457966,-49.258746,,False,5,1,2023-06-19T10:43:14.679916+00:00
CUR_GE701,Curitiba,4106902,0,URBS,500,https://moovitapp.com/index/pt-br/transporte_p%C3%BAblico-line-500_LIGEIR%C3%83O_BOQUEIR%C3%83O-Curitiba-942-9628-294422-0,-1.0,-25.49134,-49.242476,,False,5,1,2023-06-19T10:42:14.679916+00:00
CUR_GE709,Curitiba,4106902,0,URBS,500,https://moovitapp.com/index/pt-br/transporte_p%C3%BAblico-line-500_LIGEIR%C3%83O_BOQUEIR%C3%83O-Curitiba-942-9628-294422-0,-1.0,-25.473521,-49.251223,,False,5,1,2023-06-19T10:44:14.679916+00:00
CUR_GE716,Curitiba,4106902,0,URBS,500,https://moovitapp.com/index/pt-br/transporte_p%C3%BAblico-line-500_LIGEIR%C3%83O_BOQUEIR%C3%83O-Curitiba-942-9628-294422-0,-1.0,-25.439248,-49.26776,,False,5,2,2023-06-19T10:42:14.679916+00:00
CUR_GE720,Curitiba,4106902,0,URBS,500,https://moovitapp.com/index/pt-br/transporte_p%C3%BAblico-line-500_LIGEIR%C3%83O_BOQUEIR%C3%83O-Curitiba-942-9628-294422-0,-1.0,-25.433706,-49.270116,,False,5,1,2023-06-19T10:43:14.679916+00:00
CUR_GE706,Curitiba,4106902,0,URBS,500,https://moovitapp.com/index/pt-br/transporte_p%C3%BAblico-line-500_LIGEIR%C3%83O_BOQUEIR%C3%83O-Curitiba-942-9628-294422-0,-1.0,-25.548781,-49.291751,,False,5,2,2023-06-19T10:40:14.679916+00:00
CUR_GE719,Curitiba,4106902,0,URBS,500,https://moovitapp.com/index/pt-br/transporte_p%C3%BAblico-line-500_LIGEIR%C3%83O_BOQUEIR%C3%83O-Curitiba-942-9628-294422-0,-1.0,-25.47219,-49.251793,,False,5,1,2023-06-19T10:44:14.679916+00:00
CUR_GE715,Curitiba,4106902,0,URBS,500,https://moovitapp.com/index/pt-br/transporte_p%C3%BAblico-line-500_LIGEIR%C3%83O_BOQUEIR%C3%83O-Curitiba-942-9628-294422-0,-1.0,-25.508863,-49.233878,,False,5,2,2023-06-19T10:43:14.679916+00:00
CUR_GE728,Curitiba,4106902,0,URBS,500,https://moovitapp.com/index/pt-br/transporte_p%C3%BAblico-line-500_LIGEIR%C3%83O_BOQUEIR%C3%83O-Curitiba-942-9628-294422-0,-1.0,-25.42387,-49.26824,,False,5,2,2023-06-19T10:41:14.679916+00:00
CUR_GD348,Curitiba,4106902,0,URBS,500,https://moovitapp.com/index/pt-br/transporte_p%C3%BAblico-line-500_LIGEIR%C3%83O_BOQUEIR%C3%83O-Curitiba-942-9628-294422-0,-1.0,-25.464406,-49.255663,,False,5,2,2023-06-19T10:44:14.679916+00:00
CUR_GD349,Curitiba,4106902,0,URBS,500,https://moovitapp.com/index/pt-br/transporte_p%C3%BAblico-line-500_LIGEIR%C3%83O_BOQUEIR%C3%83O-Curitiba-942-9628-294422-0,-1.0,-25.434006,-49.270541,,False,5,1,2023-06-19T10:44:14.679916+00:00
CUR_GE723,Curitiba,4106902,0,URBS,500,https://moovitapp.com/index/pt-br/transporte_p%C3%BAblico-line-500_LIGEIR%C3%83O_BOQUEIR%C3%83O-Curitiba-942-9628-294422-0,-1.0,-25.437398,-49.267528,,False,5,1,2023-06-19T10:44:14.679916+00:00
CUR_BI867,Curitiba,4106902,1,,237,,,-25.37833,-49.216763,,False,7,,2023-06-19T10:43:14.679916+00:00
CUR_BL340,Curitiba,4106902,1,URBS,256,https://moovitapp.com/index/pt-br/transporte_p%C3%BAblico-line-256_BARREIRINHA_GUADALUPE-Curitiba-942-9628-398191-0,-1.0,-25.413293,-49.265823,,False,3,2,2023-06-19T10:43:14.679916+00:00
CUR_BL336,Curitiba,4106902,0,URBS,256,https://moovitapp.com/index/pt-br/transporte_p%C3%BAblico-line-256_BARREIRINHA_GUADALUPE-Curitiba-942-9628-398191-0,-1.0,-25.427028,-49.264283,,False,3,1,2023-06-19T10:43:14.679916+00:00
CUR_BL329,Curitiba,4106902,0,URBS,256,https://moovitapp.com/index/pt-br/transporte_p%C3%BAblico-line-256_BARREIRINHA_GUADALUPE-Curitiba-942-9628-398191-0,-1.0,-25.38393,-49.261688,,False,3,1,2023-06-19T10:44:14.679916+00:00
CUR_BL331,Curitiba,4106902,0,URBS,256,https://moovitapp.com/index/pt-br/transporte_p%C3%BAblico-line-256_BARREIRINHA_GUADALUPE-Curitiba-942-9628-398191-0,-1.0,-25.399616,-49.261768,,False,3,1,2023-06-19T10:44:14.679916+00:00
CUR_BL318,Curitiba,4106902,0,URBS,256,https://moovitapp.com/index/pt-br/transporte_p%C3%BAblico-line-256_BARREIRINHA_GUADALUPE-Curitiba-942-9628-398191-0,-1.0,-25.418596,-49.268895,,False,3,2,2023-06-19T10:41:14.679916+00:00
CUR_BA015,Curitiba,4106902,1,,171,,,-25.41394,-49.27933,,False,1,2,2023-06-19T10:43:14.679916+00:00
CUR_HC852,Curitiba,4106902,1,,671,,,-25.479473,-49.311275,,False,7,2,2023-06-19T10:42:14.679916+00:00
CUR_EL300,Curitiba,4106902,0,URBS,507,https://moovitapp.com/index/pt-br/transporte_p%C3%BAblico-line-507_S%C3%8DTIO_CERCADO_HOR%C3%81RIO-Curitiba-942-9628-294494-0,-1.0,-25.467555,-49.256271,,False,3,,2023-06-19T10:43:14.679916+00:00
CUR_GL326,Curitiba,4106902,0,URBS,507,https://moovitapp.com/index/pt-br/transporte_p%C3%BAblico-line-507_S%C3%8DTIO_CERCADO_HOR%C3%81RIO-Curitiba-942-9628-294494-0,-1.0,-25.527261,-49.290401,,False,3,,2023-06-19T10:42:14.679916+00:00
CUR_EL308,Curitiba,4106902,0,URBS,507,https://moovitapp.com/index/pt-br/transporte_p%C3%BAblico-line-507_S%C3%8DTIO_CERCADO_HOR%C3%81RIO-Curitiba-942-9628-294494-0,-1.0,-25.467496,-49.256271,,False,3,,2023-06-19T10:43:14.679916+00:00
CUR_GL310,Curitiba,4106902,0,URBS,507,https://moovitapp.com/index/pt-br/transporte_p%C3%BAblico-line-507_S%C3%8DTIO_CERCADO_HOR%C3%81RIO-Curitiba-942-9628-294494-0,-1.0,-25.548661,-49.290818,,False,3,,2023-06-19T10:41:14.679916+00:00
CUR_EL303,Curitiba,4106902,0,URBS,507,https://moovitapp.com/index/pt-br/transporte_p%C3%BAblico-line-507_S%C3%8DTIO_CERCADO_HOR%C3%81RIO-Curitiba-942-9628-294494-0,-1.0,-25.467598,-49.256211,,False,3,,2023-06-19T10:43:14.679916+00:00
CUR_GL305,Curitiba,4106902,0,URBS,507,https://moovitapp.com/index/pt-br/transporte_p%C3%BAblico-line-507_S%C3%8DTIO_CERCADO_HOR%C3%81RIO-Curitiba-942-9628-294494-0,-1.0,-25.501165,-49.237553,,False,3,,2023-06-19T10:43:14.679916+00:00
CUR_EL312,Curitiba,4106902,0,URBS,507,https://moovitapp.com/index/pt-br/transporte_p%C3%BAblico-line-507_S%C3%8DTIO_CERCADO_HOR%C3%81RIO-Curitiba-942-9628-294494-0,-1.0,-25.465461,-49.255206,,False,3,,2023-06-19T10:44:14.679916+00:00
CUR_EL305,Curitiba,4106902,0,URBS,507,https://moovitapp.com/index/pt-br/transporte_p%C3%BAblico-line-507_S%C3%8DTIO_CERCADO_HOR%C3%81RIO-Curitiba-942-9628-294494-0,-1.0,-25.434661,-49.264495,,False,3,,2023-06-19T10:43:14.679916+00:00
CUR_EL310,Curitiba,4106902,0,URBS,507,https://moovitapp.com/index/pt-br/transporte_p%C3%BAblico-line-507_S%C3%8DTIO_CERCADO_HOR%C3%81RIO-Curitiba-942-9628-294494-0,-1.0,-25.467556,-49.256436,,False,3,,2023-06-19T10:43:14.679916+00:00
CUR_EL309,Curitiba,4106902,0,URBS,507,https://moovitapp.com/index/pt-br/transporte_p%C3%BAblico-line-507_S%C3%8DTIO_CERCADO_HOR%C3%81RIO-Curitiba-942-9628-294494-0,-1.0,-25.443243,-49.2676,,False,3,,2023-06-19T10:44:14.679916+00:00
CUR_EL323,Curitiba,4106902,1,URBS,507,https://moovitapp.com/index/pt-br/transporte_p%C3%BAblico-line-507_S%C3%8DTIO_CERCADO_HOR%C3%81RIO-Curitiba-942-9628-294494-0,-1.0,-25.467401,-49.255961,,False,3,,2023-06-19T10:41:14.679916+00:00
CUR_EL326,Curitiba,4106902,1,URBS,507,https://moovitapp.com/index/pt-br/transporte_p%C3%BAblico-line-507_S%C3%8DTIO_CERCADO_HOR%C3%81RIO-Curitiba-942-9628-294494-0,-1.0,-25.439898,-49.222238,,False,3,,2023-06-19T10:43:14.679916+00:00
CUR_GL320,Curitiba,4106902,0,URBS,508,https://moovitapp.com/index/pt-br/transporte_p%C3%BAblico-line-508_S%C3%8DTIO_CERCADO_ANTI_HOR%C3%81RIO-Curitiba-942-9628-294520-0,-1.0,-25.549025,-49.290698,,False,3,,2023-06-19T10:41:14.679916+00:00
CUR_GL327,Curitiba,4106902,1,URBS,508,https://moovitapp.com/index/pt-br/transporte_p%C3%BAblico-line-508_S%C3%8DTIO_CERCADO_ANTI_HOR%C3%81RIO-Curitiba-942-9628-294520-0,-1.0,-25.479288,-49.247021,,False,3,,2023-06-19T10:43:14.679916+00:00
CUR_HL322,Curitiba,4106902,0,URBS,508,https://moovitapp.com/index/pt-br/transporte_p%C3%BAblico-line-508_S%C3%8DTIO_CERCADO_ANTI_HOR%C3%81RIO-Curitiba-942-9628-294520-0,-1.0,-25.52274,-49.24179,,False,3,,2023-06-19T10:43:14.679916+00:00
CUR_GL313,Curitiba,4106902,0,URBS,508,https://moovitapp.com/index/pt-br/transporte_p%C3%BAblico-line-508_S%C3%8DTIO_CERCADO_ANTI_HOR%C3%81RIO-Curitiba-942-9628-294520-0,-1.0,-25.548816,-49.2908,,False,3,,2023-06-19T10:41:14.679916+00:00
CUR_EL332,Curitiba,4106902,1,URBS,508,https://moovitapp.com/index/pt-br/transporte_p%C3%BAblico-line-508_S%C3%8DTIO_CERCADO_ANTI_HOR%C3%81RIO-Curitiba-942-9628-294520-0,-1.0,-25.474158,-49.25818,,False,3,,2023-06-19T10:44:14.679916+00:00
CUR_GL307,Curitiba,4106902,0,URBS,508,https://moovitapp.com/index/pt-br/transporte_p%C3%BAblico-line-508_S%C3%8DTIO_CERCADO_ANTI_HOR%C3%81RIO-Curitiba-942-9628-294520-0,-1.0,-25.511728,-49.295791,,False,3,,2023-06-19T10:43:14.679916+00:00
CUR_GL306,Curitiba,4106902,0,URBS,508,https://moovitapp.com/index/pt-br/transporte_p%C3%BAblico-line-508_S%C3%8DTIO_CERCADO_ANTI_HOR%C3%81RIO-Curitiba-942-9628-294520-0,-1.0,-25.535898,-49.284248,,False,3,,2023-06-19T10:44:14.679916+00:00
CUR_GL312,Curitiba,4106902,0,URBS,508,https://moovitapp.com/index/pt-br/transporte_p%C3%BAblico-line-508_S%C3%8DTIO_CERCADO_ANTI_HOR%C3%81RIO-Curitiba-942-9628-294520-0,-1.0,-25.548761,-49.290848,,False,3,,2023-06-19T10:41:14.679916+00:00
CUR_GL321,Curitiba,4106902,0,URBS,508,https://moovitapp.com/index/pt-br/transporte_p%C3%BAblico-line-508_S%C3%8DTIO_CERCADO_ANTI_HOR%C3%81RIO-Curitiba-942-9628-294520-0,-1.0,-25.450871,-49.290375,,False,3,,2023-06-19T10:43:14.679916+00:00
CUR_GL330,Curitiba,4106902,1,URBS,508,https://moovitapp.com/index/pt-br/transporte_p%C3%BAblico-line-508_S%C3%8DTIO_CERCADO_ANTI_HOR%C3%81RIO-Curitiba-942-9628-294520-0,-1.0,-25.54451,-49.265836,,False,3,,2023-06-19T10:41:14.679916+00:00
CUR_GL319,Curitiba,4106902,0,URBS,508,https://moovitapp.com/index/pt-br/transporte_p%C3%BAblico-line-508_S%C3%8DTIO_CERCADO_ANTI_HOR%C3%81RIO-Curitiba-942-9628-294520-0,-1.0,-25.440793,-49.260108,,False,3,,2023-06-19T10:43:14.679916+00:00
CUR_GL328,Curitiba,4106902,1,URBS,508,https://moovitapp.com/index/pt-br/transporte_p%C3%BAblico-line-508_S%C3%8DTIO_CERCADO_ANTI_HOR%C3%81RIO-Curitiba-942-9628-294520-0,-1.0,-25.46773,-49.253296,,False,3,,2023-06-19T10:43:14.679916+00:00
CUR_JI858,Curitiba,4106902,1,,713,,,-25.489028,-49.327071,,False,7,1,2023-06-19T10:44:14.679916+00:00
CUR_BA603,Curitiba,4106902,1,,245,,,-25.395111,-49.25744,,False,4,1,2023-06-19T10:43:14.679916+00:00
CUR_BA604,Curitiba,4106902,1,,245,,,-25.40351,-49.25103,,False,4,2,2023-06-19T10:44:14.679916+00:00
CUR_BI600,Curitiba,4106902,1,,245,,,-25.354223,-49.263055,,False,4,1,2023-06-19T10:41:14.679916+00:00
CUR_HC001,Curitiba,4106902,1,,690,,,-25.513168,-49.294938,,False,1,1,2023-06-19T10:38:14.679916+00:00
CUR_HC006,Curitiba,4106902,1,,690,,,-25.555876,-49.30578,,False,1,2,2023-06-19T10:43:14.679916+00:00
CUR_GI054,Curitiba,4106902,1,,635,,,-25.538166,-49.296793,,False,1,2,2023-06-19T10:43:14.679916+00:00
CUR_GA180,Curitiba,4106902,1,,635,,,-25.514075,-49.294255,,False,1,1,2023-06-19T10:44:14.679916+00:00
CUR_BI870,Curitiba,4106902,1,,343,,,-25.413056,-49.205668,,False,7,1,2023-06-19T10:42:14.679916+00:00
CUR_BC311,Curitiba,4106902,1,,207,,,-25.432991,-49.276441,,False,3,1,2023-06-19T10:42:14.679916+00:00
CUR_BC309,Curitiba,4106902,1,,207,,,-25.402941,-49.270886,,False,3,1,2023-06-19T10:43:14.679916+00:00
CUR_BC027,Curitiba,4106902,1,,207,,,-25.423833,-49.272961,,False,1,1,2023-06-19T10:38:14.679916+00:00
CUR_BC324,Curitiba,4106902,1,,207,,,-25.415115,-49.27382,,False,3,2,2023-06-19T10:44:14.679916+00:00
CUR_BA031,Curitiba,4106902,1,,207,,,-25.40514,-49.25293,,False,1,2,2023-06-19T10:44:14.679916+00:00
CUR_BC323,Curitiba,4106902,1,,207,,,-25.402258,-49.257028,,False,3,1,2023-06-19T10:44:14.679916+00:00
CUR_BC310,Curitiba,4106902,1,,207,,,-25.42378,-49.272985,,False,3,1,2023-06-19T10:44:14.679916+00:00
CUR_MN611,Curitiba,4106902,1,,965,,,-25.413606,-49.294363,,False,7,1,2023-06-19T10:44:14.679916+00:00
CUR_MN603,Curitiba,4106902,1,,965,,,-25.393205,-49.328701,,False,7,2,2023-06-19T10:44:14.679916+00:00
CUR_MN605,Curitiba,4106902,1,,965,,,-25.398208,-49.318903,,False,7,2,2023-06-19T10:44:14.679916+00:00
CUR_BI850,Curitiba,4106902,1,,176,,,-25.428401,-49.272851,,False,7,1,2023-06-19T10:43:14.679916+00:00
CUR_GL301,Curitiba,4106902,0,URBS,546,https://moovitapp.com/index/pt-br/transporte_p%C3%BAblico-line-546_S%C3%8DTIO_CERCADO_BOQUEIR%C3%83O-Curitiba-942-9628-531687-0,-1.0,-25.529391,-49.254205,,False,3,2,2023-06-19T10:43:14.679916+00:00
CUR_GL304,Curitiba,4106902,0,URBS,546,https://moovitapp.com/index/pt-br/transporte_p%C3%BAblico-line-546_S%C3%8DTIO_CERCADO_BOQUEIR%C3%83O-Curitiba-942-9628-531687-0,-1.0,-25.522685,-49.241788,,False,3,1,2023-06-19T10:44:14.679916+00:00
CUR_GL300,Curitiba,4106902,0,URBS,546,https://moovitapp.com/index/pt-br/transporte_p%C3%BAblico-line-546_S%C3%8DTIO_CERCADO_BOQUEIR%C3%83O-Curitiba-942-9628-531687-0,-1.0,-25.533211,-49.264161,,False,3,1,2023-06-19T10:43:14.679916+00:00
CUR_BA010,Curitiba,4106902,1,,816,,,-25.435935,-49.307403,,False,1,2,2023-06-19T10:37:14.679916+00:00
CUR_BA014,Curitiba,4106902,1,,816,,,-25.411011,-49.322836,,False,1,2,2023-06-19T10:44:14.679916+00:00
CUR_BA037,Curitiba,4106902,1,,816,,,-25.434595,-49.310408,,False,1,1,2023-06-19T10:43:14.679916+00:00
CUR_BI031,Curitiba,4106902,1,,816,,,-25.413398,-49.322378,,False,1,2,2023-06-19T10:41:14.679916+00:00
CUR_ML303,Curitiba,4106902,0,URBS,902,https://moovitapp.com/index/pt-br/transporte_p%C3%BAblico-line-902_SANTA_FELICIDADE_PRA%C3%87A_TIRADENTES-Curitiba-942-9628-5597930-0,-1.0,-25.419083,-49.294578,,False,3,1,2023-06-19T10:42:14.679916+00:00
CUR_ML314,Curitiba,4106902,0,URBS,902,https://moovitapp.com/index/pt-br/transporte_p%C3%BAblico-line-902_SANTA_FELICIDADE_PRA%C3%87A_TIRADENTES-Curitiba-942-9628-5597930-0,-1.0,-25.419076,-49.294531,,False,3,2,2023-06-19T10:43:14.679916+00:00
CUR_ML305,Curitiba,4106902,0,URBS,902,https://moovitapp.com/index/pt-br/transporte_p%C3%BAblico-line-902_SANTA_FELICIDADE_PRA%C3%87A_TIRADENTES-Curitiba-942-9628-5597930-0,-1.0,-25.419368,-49.294528,,False,3,1,2023-06-19T10:37:14.679916+00:00
CUR_ML301,Curitiba,4106902,0,URBS,902,https://moovitapp.com/index/pt-br/transporte_p%C3%BAblico-line-902_SANTA_FELICIDADE_PRA%C3%87A_TIRADENTES-Curitiba-942-9628-5597930-0,-1.0,-25.419053,-49.294583,,False,3,2,2023-06-19T10:43:14.679916+00:00
CUR_HE704,Curitiba,4106902,0,URBS,200,https://moovitapp.com/index/pt-br/transporte_p%C3%BAblico-line-200_LIGEIR%C3%83O_SANTA_C%C3%82NDIDA_PRA%C3%87A_DO_JAP%C3%83O-Curitiba-942-9628-1323763-0,-1.0,-25.43424,-49.265936,,False,5,1,2023-06-19T10:42:14.679916+00:00
CUR_BE724,Curitiba,4106902,0,URBS,200,https://moovitapp.com/index/pt-br/transporte_p%C3%BAblico-line-200_LIGEIR%C3%83O_SANTA_C%C3%82NDIDA_PRA%C3%87A_DO_JAP%C3%83O-Curitiba-942-9628-1323763-0,-1.0,-25.424031,-49.268538,,False,5,1,2023-06-19T10:42:14.679916+00:00
CUR_GE729,Curitiba,4106902,0,URBS,200,https://moovitapp.com/index/pt-br/transporte_p%C3%BAblico-line-200_LIGEIR%C3%83O_SANTA_C%C3%82NDIDA_PRA%C3%87A_DO_JAP%C3%83O-Curitiba-942-9628-1323763-0,-1.0,-25.385746,-49.23336,,False,5,1,2023-06-19T10:43:14.679916+00:00
CUR_GE722,Curitiba,4106902,0,URBS,200,https://moovitapp.com/index/pt-br/transporte_p%C3%BAblico-line-200_LIGEIR%C3%83O_SANTA_C%C3%82NDIDA_PRA%C3%87A_DO_JAP%C3%83O-Curitiba-942-9628-1323763-0,-1.0,-25.377383,-49.224625,,False,5,2,2023-06-19T10:42:14.679916+00:00
CUR_BE707,Curitiba,4106902,0,URBS,200,https://moovitapp.com/index/pt-br/transporte_p%C3%BAblico-line-200_LIGEIR%C3%83O_SANTA_C%C3%82NDIDA_PRA%C3%87A_DO_JAP%C3%83O-Curitiba-942-9628-1323763-0,-1.0,-25.4409,-49.275051,,False,5,1,2023-06-19T10:43:14.679916+00:00
CUR_HE710,Curitiba,4106902,0,URBS,200,https://moovitapp.com/index/pt-br/transporte_p%C3%BAblico-line-200_LIGEIR%C3%83O_SANTA_C%C3%82NDIDA_PRA%C3%87A_DO_JAP%C3%83O-Curitiba-942-9628-1323763-0,-1.0,-25.393505,-49.240513,,False,5,1,2023-06-19T10:44:14.679916+00:00
CUR_HE706,Curitiba,4106902,0,URBS,200,https://moovitapp.com/index/pt-br/transporte_p%C3%BAblico-line-200_LIGEIR%C3%83O_SANTA_C%C3%82NDIDA_PRA%C3%87A_DO_JAP%C3%83O-Curitiba-942-9628-1323763-0,-1.0,-25.424535,-49.268843,,False,5,2,2023-06-19T10:43:14.679916+00:00
CUR_BE702,Curitiba,4106902,0,URBS,200,https://moovitapp.com/index/pt-br/transporte_p%C3%BAblico-line-200_LIGEIR%C3%83O_SANTA_C%C3%82NDIDA_PRA%C3%87A_DO_JAP%C3%83O-Curitiba-942-9628-1323763-0,-1.0,-25.437488,-49.26637,,False,5,2,2023-06-19T10:43:14.679916+00:00
CUR_BE721,Curitiba,4106902,0,URBS,200,https://moovitapp.com/index/pt-br/transporte_p%C3%BAblico-line-200_LIGEIR%C3%83O_SANTA_C%C3%82NDIDA_PRA%C3%87A_DO_JAP%C3%83O-Curitiba-942-9628-1323763-0,-1.0,-25.410628,-49.256348,,False,5,2,2023-06-19T10:43:14.679916+00:00
CUR_BE712,Curitiba,4106902,0,URBS,200,https://moovitapp.com/index/pt-br/transporte_p%C3%BAblico-line-200_LIGEIR%C3%83O_SANTA_C%C3%82NDIDA_PRA%C3%87A_DO_JAP%C3%83O-Curitiba-942-9628-1323763-0,-1.0,-25.441683,-49.277251,,False,5,1,2023-06-19T10:41:14.679916+00:00
CUR_BE701,Curitiba,4106902,0,URBS,200,https://moovitapp.com/index/pt-br/transporte_p%C3%BAblico-line-200_LIGEIR%C3%83O_SANTA_C%C3%82NDIDA_PRA%C3%87A_DO_JAP%C3%83O-Curitiba-942-9628-1323763-0,-1.0,-25.384896,-49.232468,,False,5,2,2023-06-19T10:44:14.679916+00:00
CUR_BE704,Curitiba,4106902,0,URBS,200,https://moovitapp.com/index/pt-br/transporte_p%C3%BAblico-line-200_LIGEIR%C3%83O_SANTA_C%C3%82NDIDA_PRA%C3%87A_DO_JAP%C3%83O-Curitiba-942-9628-1323763-0,-1.0,-25.399021,-49.245715,,False,5,2,2023-06-19T10:43:14.679916+00:00
CUR_HE705,Curitiba,4106902,0,URBS,200,https://moovitapp.com/index/pt-br/transporte_p%C3%BAblico-line-200_LIGEIR%C3%83O_SANTA_C%C3%82NDIDA_PRA%C3%87A_DO_JAP%C3%83O-Curitiba-942-9628-1323763-0,-1.0,-25.492965,-49.273108,,False,5,2,2023-06-19T10:42:14.679916+00:00
CUR_BE714,Curitiba,4106902,0,URBS,200,https://moovitapp.com/index/pt-br/transporte_p%C3%BAblico-line-200_LIGEIR%C3%83O_SANTA_C%C3%82NDIDA_PRA%C3%87A_DO_JAP%C3%83O-Curitiba-942-9628-1323763-0,-1.0,-25.390156,-49.237428,,False,5,1,2023-06-19T10:42:14.679916+00:00
CUR_BE706,Curitiba,4106902,0,URBS,200,https://moovitapp.com/index/pt-br/transporte_p%C3%BAblico-line-200_LIGEIR%C3%83O_SANTA_C%C3%82NDIDA_PRA%C3%87A_DO_JAP%C3%83O-Curitiba-942-9628-1323763-0,-1.0,-25.446343,-49.287471,,False,5,1,2023-06-19T10:44:14.679916+00:00
CUR_BE726,Curitiba,4106902,0,URBS,200,https://moovitapp.com/index/pt-br/transporte_p%C3%BAblico-line-200_LIGEIR%C3%83O_SANTA_C%C3%82NDIDA_PRA%C3%87A_DO_JAP%C3%83O-Curitiba-942-9628-1323763-0,-1.0,-25.441891,-49.277843,,False,5,1,2023-06-19T10:36:14.679916+00:00
CUR_BE700,Curitiba,4106902,0,URBS,200,https://moovitapp.com/index/pt-br/transporte_p%C3%BAblico-line-200_LIGEIR%C3%83O_SANTA_C%C3%82NDIDA_PRA%C3%87A_DO_JAP%C3%83O-Curitiba-942-9628-1323763-0,-1.0,-25.430751,-49.267536,,False,5,1,2023-06-19T10:41:14.679916+00:00
CUR_GL314,Curitiba,4106902,0,URBS,610,https://moovitapp.com/index/pt-br/transporte_p%C3%BAblico-line-610_S%C3%8DTIO_CERCADO_CAP%C3%83O_RASO-Curitiba-942-9628-491981-0,-1.0,-25.5146,-49.294055,,False,3,1,2023-06-19T10:44:14.679916+00:00
CUR_GL311,Curitiba,4106902,0,URBS,610,https://moovitapp.com/index/pt-br/transporte_p%C3%BAblico-line-610_S%C3%8DTIO_CERCADO_CAP%C3%83O_RASO-Curitiba-942-9628-491981-0,-1.0,-25.54872,-49.290791,,False,3,2,2023-06-19T10:41:14.679916+00:00
CUR_GL315,Curitiba,4106902,0,URBS,610,https://moovitapp.com/index/pt-br/transporte_p%C3%BAblico-line-610_S%C3%8DTIO_CERCADO_CAP%C3%83O_RASO-Curitiba-942-9628-491981-0,-1.0,-25.496173,-49.296051,,False,3,2,2023-06-19T10:43:14.679916+00:00
CUR_GA003,Curitiba,4106902,1,,637,,,-25.527445,-49.290098,,False,1,1,2023-06-19T10:43:14.679916+00:00
CUR_GI046,Curitiba,4106902,1,,637,,,-25.54211,-49.279038,,False,1,2,2023-06-19T10:45:14.679916+00:00
CUR_BI901,Curitiba,4106902,1,,361,,,-25.417741,-49.244101,,False,7,1,2023-06-19T10:41:14.679916+00:00
CUR_HI855,Curitiba,4106902,1,,814,,,-25.430606,-49.323013,,False,7,2,2023-06-19T10:44:14.679916+00:00
CUR_HC853,Curitiba,4106902,1,,814,,,-25.437763,-49.335276,,False,7,1,2023-06-19T10:44:14.679916+00:00
CUR_JA299,Curitiba,4106902,1,,814,,,-25.449158,-49.365956,,False,1,1,2023-06-19T10:43:14.679916+00:00
CUR_BI874,Curitiba,4106902,1,,274,,,-25.376826,-49.262431,,False,7,1,2023-06-19T10:43:14.679916+00:00
CUR_BI888,Curitiba,4106902,1,,274,,,-25.405666,-49.257241,,False,7,2,2023-06-19T10:41:14.679916+00:00
CUR_MN610,Curitiba,4106902,1,,464,,,-25.414983,-49.287046,,False,7,1,2023-06-19T10:43:14.679916+00:00
CUR_DN603,Curitiba,4106902,1,,464,,,-25.467193,-49.255411,,False,7,2,2023-06-19T10:43:14.679916+00:00
CUR_HI003,Curitiba,4106902,1,,801,,,-25.439521,-49.28036,,False,1,1,2023-06-19T10:43:14.679916+00:00
CUR_HC008,Curitiba,4106902,1,,801,,,-25.438303,-49.306711,,False,1,2,2023-06-19T10:43:14.679916+00:00
CUR_HC502,Curitiba,4106902,1,,801,,,-25.432256,-49.271746,,False,2,1,2023-06-19T10:41:14.679916+00:00
CUR_JC318,Curitiba,4106902,1,,801,,,-25.447703,-49.296398,,False,10,2,2023-06-19T10:44:14.679916+00:00
CUR_HC500,Curitiba,4106902,1,,801,,,-25.441398,-49.2849,,False,2,2,2023-06-19T10:44:14.679916+00:00
CUR_BI886,Curitiba,4106902,1,,224,,,-25.37552,-49.237215,,False,7,,2023-06-19T10:43:14.679916+00:00
CUR_JI009,Curitiba,4106902,1,,732,,,-25.449286,-49.365306,,False,1,2,2023-06-19T10:43:14.679916+00:00
CUR_JB301,Curitiba,4106902,1,,720,,,-25.45385,-49.348888,,False,3,2,2023-06-19T10:45:14.679916+00:00
CUR_JB302,Curitiba,4106902,1,,720,,,-25.449385,-49.366588,,False,10,1,2023-06-19T10:43:14.679916+00:00
CUR_JI863,Curitiba,4106902,1,,779,,,-25.480081,-49.346453,,False,7,2,2023-06-19T10:43:14.679916+00:00
CUR_HL306,Curitiba,4106902,0,URBS,X32,https://moovitapp.com/index/pt-br/transporte_p%C3%BAblico-line-X32_CIC_CAP%C3%83O_RASO-Curitiba-942-9628-557282-0,-1.0,-25.499063,-49.310138,,False,3,2,2023-06-19T10:43:14.679916+00:00
CUR_MI852,Curitiba,4106902,1,Auto Viação São José,150,https://moovitapp.com/index/pt-br/transporte_p%C3%BAblico-line-150_T_AFONSO_PENA_PIT_BORDA_DO_CAMPO-Curitiba-942-857412-53904521-0,-1.0,-25.401488,-49.329491,,False,7,1,2023-06-19T10:44:14.679916+00:00
CUR_HA011,Curitiba,4106902,1,,614,,,-25.453808,-49.265585,,False,1,1,2023-06-19T10:43:14.679916+00:00
CUR_GA001,Curitiba,4106902,1,,614,,,-25.476111,-49.305215,,False,1,1,2023-06-19T10:44:14.679916+00:00
CUR_GI301,Curitiba,4106902,1,,614,,,-25.461488,-49.27426,,False,3,2,2023-06-19T10:43:14.679916+00:00
CUR_BI881,Curitiba,4106902,1,,385,,,-25.433956,-49.261665,,False,7,2,2023-06-19T10:42:14.679916+00:00
CUR_BI862,Curitiba,4106902,1,,385,,,-25.433235,-49.23525,,False,7,1,2023-06-19T10:41:14.679916+00:00
CUR_GI853,Curitiba,4106902,1,,666,,,-25.535791,-49.295413,,False,7,1,2023-06-19T10:41:14.679916+00:00
CUR_HB693,Curitiba,4106902,1,,027,,,-25.491671,-49.29627,,False,4,2,2023-06-19T10:39:14.679916+00:00
CUR_KB699,Curitiba,4106902,0,,027,,,-25.467313,-49.25463,,False,4,1,2023-06-19T10:44:14.679916+00:00
CUR_DC853,Curitiba,4106902,1,,331,,,-25.469235,-49.208353,,False,7,,2023-06-19T10:43:14.679916+00:00
CUR_BI896,Curitiba,4106902,1,,875,,,-25.42322,-49.30719,,False,7,2,2023-06-19T10:43:14.679916+00:00
CUR_GL080,Curitiba,4106902,0,URBS,520,https://moovitapp.com/index/pt-br/transporte_p%C3%BAblico-line-520_OSTERNACK_S%C3%8DTIO_CERCADO_LD-Curitiba-942-9628-82134294-0,-1.0,-25.484161,-49.266036,,False,3,1,2023-06-19T10:44:14.679916+00:00
CUR_GL329,Curitiba,4106902,1,URBS,520,https://moovitapp.com/index/pt-br/transporte_p%C3%BAblico-line-520_OSTERNACK_S%C3%8DTIO_CERCADO_LD-Curitiba-942-9628-82134294-0,-1.0,-25.51273,-49.279866,,False,3,1,2023-06-19T10:43:14.679916+00:00
CUR_BC011,Curitiba,4106902,1,,829,,,-25.436283,-49.362276,,False,1,2,2023-06-19T10:40:14.679916+00:00
CUR_BC010,Curitiba,4106902,1,,829,,,-25.441431,-49.346101,,False,1,,2023-06-19T10:40:14.679916+00:00
CUR_BA018,Curitiba,4106902,1,,829,,,-25.450495,-49.354608,,False,1,,2023-06-19T10:43:14.679916+00:00
CUR_BC012,Curitiba,4106902,1,,829,,,-25.444291,-49.358011,,False,1,,2023-06-19T10:43:14.679916+00:00
CUR_JL301,Curitiba,4106902,0,URBS,X36,https://moovitapp.com/index/pt-br/transporte_p%C3%BAblico-line-X36_REFOR%C3%87O_GUADALUPE_FAZENDINHA-Curitiba-942-9628-11745709-0,-1.0,-25.448695,-49.366293,,False,3,2,2023-06-19T10:44:14.679916+00:00
CUR_JL308,Curitiba,4106902,0,URBS,X36,https://moovitapp.com/index/pt-br/transporte_p%C3%BAblico-line-X36_REFOR%C3%87O_GUADALUPE_FAZENDINHA-Curitiba-942-9628-11745709-0,-1.0,-25.448591,-49.366233,,False,3,1,2023-06-19T10:44:14.679916+00:00
CUR_JL316,Curitiba,4106902,0,URBS,X36,https://moovitapp.com/index/pt-br/transporte_p%C3%BAblico-line-X36_REFOR%C3%87O_GUADALUPE_FAZENDINHA-Curitiba-942-9628-11745709-0,-1.0,-25.460048,-49.302758,,False,3,1,2023-06-19T10:44:14.679916+00:00
CUR_JL312,Curitiba,4106902,0,URBS,X36,https://moovitapp.com/index/pt-br/transporte_p%C3%BAblico-line-X36_REFOR%C3%87O_GUADALUPE_FAZENDINHA-Curitiba-942-9628-11745709-0,-1.0,-25.448623,-49.36605,,False,3,2,2023-06-19T10:44:14.679916+00:00
CUR_DE701,Curitiba,4106902,0,URBS,302,https://moovitapp.com/index/pt-br/transporte_p%C3%BAblico-line-302_CENTEN%C3%81RIO_RUI_BARBOSA-Curitiba-942-9628-294501-0,-1.0,-25.440866,-49.236556,,False,5,1,2023-06-19T10:44:14.679916+00:00
CUR_DE695,Curitiba,4106902,0,URBS,302,https://moovitapp.com/index/pt-br/transporte_p%C3%BAblico-line-302_CENTEN%C3%81RIO_RUI_BARBOSA-Curitiba-942-9628-294501-0,-1.0,-25.441803,-49.231938,,False,4,1,2023-06-19T10:44:14.679916+00:00
CUR_DE696,Curitiba,4106902,0,URBS,302,https://moovitapp.com/index/pt-br/transporte_p%C3%BAblico-line-302_CENTEN%C3%81RIO_RUI_BARBOSA-Curitiba-942-9628-294501-0,-1.0,-25.468115,-49.254288,,False,4,2,2023-06-19T10:44:14.679916+00:00
CUR_DE698,Curitiba,4106902,0,URBS,302,https://moovitapp.com/index/pt-br/transporte_p%C3%BAblico-line-302_CENTEN%C3%81RIO_RUI_BARBOSA-Curitiba-942-9628-294501-0,-1.0,-25.435795,-49.261701,,False,4,2,2023-06-19T10:44:14.679916+00:00
CUR_JA029,Curitiba,4106902,1,,831,,,-25.435085,-49.273061,,False,1,2,2023-06-19T10:43:14.679916+00:00
CUR_JA020,Curitiba,4106902,1,,831,,,-25.492621,-49.304358,,False,1,1,2023-06-19T10:44:14.679916+00:00
CUR_BC850,Curitiba,4106902,1,,164,,,-25.429248,-49.273763,,False,7,2,2023-06-19T10:43:14.679916+00:00
CUR_DL308,Curitiba,4106902,0,URBS,305,https://moovitapp.com/index/pt-br/transporte_p%C3%BAblico-line-305_CENTEN%C3%81RIO-Curitiba-942-9628-294271-0,-1.0,-25.443921,-49.237555,,False,3,1,2023-06-19T10:44:14.679916+00:00
CUR_DL305,Curitiba,4106902,0,URBS,305,https://moovitapp.com/index/pt-br/transporte_p%C3%BAblico-line-305_CENTEN%C3%81RIO-Curitiba-942-9628-294271-0,-1.0,-25.467816,-49.25478,,False,3,1,2023-06-19T10:36:14.679916+00:00
CUR_JL318,Curitiba,4106902,0,URBS,024,https://moovitapp.com/index/pt-br/transporte_p%C3%BAblico-line-024_CAP%C3%83O_RASO_CAMPINA_DO_SIQUEIRA-Curitiba-942-9628-1323693-0,-1.0,-25.448738,-49.365965,,False,3,2,2023-06-19T10:44:14.679916+00:00
CUR_HL317,Curitiba,4106902,0,URBS,024,https://moovitapp.com/index/pt-br/transporte_p%C3%BAblico-line-024_CAP%C3%83O_RASO_CAMPINA_DO_SIQUEIRA-Curitiba-942-9628-1323693-0,-1.0,-25.460721,-49.297488,,False,3,2,2023-06-19T10:43:14.679916+00:00
CUR_HL311,Curitiba,4106902,0,URBS,024,https://moovitapp.com/index/pt-br/transporte_p%C3%BAblico-line-024_CAP%C3%83O_RASO_CAMPINA_DO_SIQUEIRA-Curitiba-942-9628-1323693-0,-1.0,-25.434,-49.303405,,False,3,1,2023-06-19T10:45:14.679916+00:00
CUR_HN403,Curitiba,4106902,1,,668,,,-25.514133,-49.336586,,False,7,1,2023-06-19T10:43:14.679916+00:00
CUR_HE605,Curitiba,4106902,0,URBS,X11,https://moovitapp.com/index/pt-br/transporte_p%C3%BAblico-line-X11_S%C3%8DTIO_CERCADO_CAP%C3%83O_RASO-Curitiba-942-9628-531688-0,-1.0,-25.485695,-49.294068,,False,4,2,2023-06-19T10:42:14.679916+00:00
CUR_HR045,Curitiba,4106902,0,URBS,X11,https://moovitapp.com/index/pt-br/transporte_p%C3%BAblico-line-X11_S%C3%8DTIO_CERCADO_CAP%C3%83O_RASO-Curitiba-942-9628-531688-0,-1.0,-25.4363,-49.273458,,False,4,1,2023-06-19T10:43:14.679916+00:00
CUR_HE600,Curitiba,4106902,0,URBS,X11,https://moovitapp.com/index/pt-br/transporte_p%C3%BAblico-line-X11_S%C3%8DTIO_CERCADO_CAP%C3%83O_RASO-Curitiba-942-9628-531688-0,-1.0,-25.454036,-49.287956,,False,4,1,2023-06-19T10:43:14.679916+00:00
CUR_DL315,Curitiba,4106902,0,URBS,469,https://moovitapp.com/index/pt-br/transporte_p%C3%BAblico-line-469_CENTRO_POLIT%C3%89CNICO-Curitiba-942-9628-294421-0,-1.0,-25.444183,-49.24087,,False,3,1,2023-06-19T10:43:14.679916+00:00
CUR_DL040,Curitiba,4106902,0,URBS,469,https://moovitapp.com/index/pt-br/transporte_p%C3%BAblico-line-469_CENTRO_POLIT%C3%89CNICO-Curitiba-942-9628-294421-0,-1.0,-25.430056,-49.262775,,False,3,1,2023-06-19T10:44:14.679916+00:00
CUR_BL316,Curitiba,4106902,0,URBS,518,https://moovitapp.com/index/pt-br/transporte_p%C3%BAblico-line-518_PUC_RODOFERROVI%C3%81RIA-Curitiba-942-9628-743528-0,-1.0,-25.448628,-49.258086,,False,3,1,2023-06-19T10:42:14.679916+00:00
CUR_GE602,Curitiba,4106902,0,URBS,X12,https://moovitapp.com/index/pt-br/transporte_p%C3%BAblico-line-X12_ESPECIAL_BOQUEIR%C3%83O-Curitiba-942-9628-504177-0,-1.0,-25.533953,-49.266726,,False,4,2,2023-06-19T10:42:14.679916+00:00
CUR_BA012,Curitiba,4106902,1,,815,,,-25.435923,-49.307451,,False,1,,2023-06-19T10:44:14.679916+00:00
CUR_BA016,Curitiba,4106902,1,,815,,,-25.423138,-49.320405,,False,1,,2023-06-19T10:42:14.679916+00:00
