bus_id,city,city_code,adapted,agency,line_code,line_url,line_fare,latitude,longitude,bus_speed,is_eletric,bus_type,bus_direction,updated_at
CUR_BI859,Curitiba,4106902,1,,175,,,-25.423621,-49.273968,,False,7,1,2023-06-15T22:02:36.217693+00:00
CUR_BI851,Curitiba,4106902,1,,175,,,-25.415125,-49.28042,,False,7,1,2023-06-15T22:03:36.217693+00:00
CUR_MR106,Curitiba,4106902,1,,040,,,-25.472271,-49.340776,,False,4,2,2023-06-15T22:05:36.217693+00:00
CUR_GB604,Curitiba,4106902,1,,040,,,-25.477111,-49.32776,,False,4,1,2023-06-15T22:01:36.217693+00:00
CUR_HI606,Curitiba,4106902,1,,040,,,-25.441586,-49.346623,,False,4,2,2023-06-15T22:04:36.217693+00:00
CUR_JB609,Curitiba,4106902,1,,040,,,-25.513166,-49.323411,,False,4,2,2023-06-15T22:04:36.217693+00:00
CUR_GB610,Curitiba,4106902,1,,040,,,-25.412946,-49.350723,,False,4,1,2023-06-15T22:02:36.217693+00:00
CUR_HB610,Curitiba,4106902,1,,040,,,-25.44388,-49.343628,,False,4,2,2023-06-15T22:03:36.217693+00:00
CUR_JB699,Curitiba,4106902,1,,040,,,-25.486623,-49.319608,,False,4,1,2023-06-15T22:02:36.217693+00:00
CUR_HB604,Curitiba,4106902,1,,040,,,-25.497671,-49.325941,,False,4,1,2023-06-15T22:03:36.217693+00:00
CUR_HB601,Curitiba,4106902,1,,040,,,-25.538165,-49.307358,,False,4,,2023-06-15T22:04:36.217693+00:00
CUR_HB602,Curitiba,4106902,1,,040,,,-25.431116,-49.353021,,False,4,2,2023-06-15T22:01:36.217693+00:00
CUR_JB610,Curitiba,4106902,1,,040,,,-25.518383,-49.321518,,False,4,1,2023-06-15T22:04:36.217693+00:00
CUR_HB600,Curitiba,4106902,1,,040,,,-25.445153,-49.345553,,False,4,2,2023-06-15T22:03:36.217693+00:00
CUR_HB694,Curitiba,4106902,1,,040,,,-25.432351,-49.352385,,False,4,2,2023-06-15T22:02:36.217693+00:00
CUR_GA698,Curitiba,4106902,1,,040,,,-25.548755,-49.291501,,False,4,1,2023-06-15T21:59:36.217693+00:00
CUR_MB699,Curitiba,4106902,1,,040,,,-25.50502,-49.328371,,False,4,2,2023-06-15T22:03:36.217693+00:00
CUR_HB609,Curitiba,4106902,1,,040,,,-25.450251,-49.351316,,False,4,1,2023-06-15T22:02:36.217693+00:00
CUR_HB698,Curitiba,4106902,1,,040,,,-25.48487,-49.321143,,False,4,1,2023-06-15T22:03:36.217693+00:00
CUR_GR124,Curitiba,4106902,1,,040,,,-25.51145,-49.324876,,False,4,1,2023-06-15T22:00:36.217693+00:00
CUR_JB607,Curitiba,4106902,1,,040,,,-25.483353,-49.322368,,False,4,2,2023-06-15T22:03:36.217693+00:00
CUR_MB605,Curitiba,4106902,1,,040,,,-25.400278,-49.334436,,False,4,2,2023-06-15T22:04:36.217693+00:00
CUR_MB698,Curitiba,4106902,1,,040,,,-25.461475,-49.345501,,False,4,2,2023-06-15T22:01:36.217693+00:00
CUR_BL600,Curitiba,4106902,0,URBS,022,https://moovitapp.com/index/pt-br/transporte_p%C3%BAblico-line-022_INTER_2_HOR%C3%81RIO-Curitiba-942-9628-381388-0,-1.0,-25.463353,-49.289343,,False,4,,2023-06-15T22:05:36.217693+00:00
CUR_BL605,Curitiba,4106902,0,URBS,022,https://moovitapp.com/index/pt-br/transporte_p%C3%BAblico-line-022_INTER_2_HOR%C3%81RIO-Curitiba-942-9628-381388-0,-1.0,-25.410565,-49.248351,,False,4,,2023-06-15T22:01:36.217693+00:00
CUR_BL602,Curitiba,4106902,0,URBS,022,https://moovitapp.com/index/pt-br/transporte_p%C3%BAblico-line-022_INTER_2_HOR%C3%81RIO-Curitiba-942-9628-381388-0,-1.0,-25.436265,-49.307401,,False,4,,2023-06-15T22:03:36.217693+00:00
CUR_CL601,Curitiba,4106902,0,URBS,022,https://moovitapp.com/index/pt-br/transporte_p%C3%BAblico-line-022_INTER_2_HOR%C3%81RIO-Curitiba-942-9628-381388-0,-1.0,-25.476435,-49.240328,,False,4,,2023-06-15T22:04:36.217693+00:00
CUR_BL607,Curitiba,4106902,0,URBS,022,https://moovitapp.com/index/pt-br/transporte_p%C3%BAblico-line-022_INTER_2_HOR%C3%81RIO-Curitiba-942-9628-381388-0,-1.0,-25.461468,-49.2934,,False,4,,2023-06-15T22:02:36.217693+00:00
CUR_CL602,Curitiba,4106902,0,URBS,022,https://moovitapp.com/index/pt-br/transporte_p%C3%BAblico-line-022_INTER_2_HOR%C3%81RIO-Curitiba-942-9628-381388-0,-1.0,-25.429721,-49.218176,,False,4,,2023-06-15T22:05:36.217693+00:00
CUR_BL336,Curitiba,4106902,0,URBS,022,https://moovitapp.com/index/pt-br/transporte_p%C3%BAblico-line-022_INTER_2_HOR%C3%81RIO-Curitiba-942-9628-381388-0,-1.0,-25.406751,-49.252246,,False,3,,2023-06-15T22:01:36.217693+00:00
CUR_HL322,Curitiba,4106902,0,URBS,022,https://moovitapp.com/index/pt-br/transporte_p%C3%BAblico-line-022_INTER_2_HOR%C3%81RIO-Curitiba-942-9628-381388-0,-1.0,-25.442133,-49.221815,,False,3,,2023-06-15T22:00:36.217693+00:00
CUR_CR804,Curitiba,4106902,0,URBS,022,https://moovitapp.com/index/pt-br/transporte_p%C3%BAblico-line-022_INTER_2_HOR%C3%81RIO-Curitiba-942-9628-381388-0,-1.0,-25.415738,-49.282946,,False,4,,2023-06-15T22:05:36.217693+00:00
CUR_ML306,Curitiba,4106902,0,URBS,022,https://moovitapp.com/index/pt-br/transporte_p%C3%BAblico-line-022_INTER_2_HOR%C3%81RIO-Curitiba-942-9628-381388-0,-1.0,-25.429745,-49.217961,,False,3,,2023-06-15T22:04:36.217693+00:00
CUR_DR803,Curitiba,4106902,0,URBS,022,https://moovitapp.com/index/pt-br/transporte_p%C3%BAblico-line-022_INTER_2_HOR%C3%81RIO-Curitiba-942-9628-381388-0,-1.0,-25.416668,-49.279133,,False,4,,2023-06-15T22:05:36.217693+00:00
CUR_HL698,Curitiba,4106902,0,URBS,022,https://moovitapp.com/index/pt-br/transporte_p%C3%BAblico-line-022_INTER_2_HOR%C3%81RIO-Curitiba-942-9628-381388-0,-1.0,-25.442451,-49.305373,,False,4,,2023-06-15T22:04:36.217693+00:00
CUR_EL600,Curitiba,4106902,0,URBS,022,https://moovitapp.com/index/pt-br/transporte_p%C3%BAblico-line-022_INTER_2_HOR%C3%81RIO-Curitiba-942-9628-381388-0,-1.0,-25.41216,-49.257773,,False,4,,2023-06-15T22:05:36.217693+00:00
CUR_HL323,Curitiba,4106902,0,URBS,022,https://moovitapp.com/index/pt-br/transporte_p%C3%BAblico-line-022_INTER_2_HOR%C3%81RIO-Curitiba-942-9628-381388-0,-1.0,-25.429941,-49.21589,,False,3,,2023-06-15T22:03:36.217693+00:00
CUR_DL040,Curitiba,4106902,0,URBS,022,https://moovitapp.com/index/pt-br/transporte_p%C3%BAblico-line-022_INTER_2_HOR%C3%81RIO-Curitiba-942-9628-381388-0,-1.0,-25.459083,-49.30239,,False,3,,2023-06-15T22:04:36.217693+00:00
CUR_HR804,Curitiba,4106902,0,URBS,022,https://moovitapp.com/index/pt-br/transporte_p%C3%BAblico-line-022_INTER_2_HOR%C3%81RIO-Curitiba-942-9628-381388-0,-1.0,-25.475938,-49.292355,,False,4,,2023-06-15T22:03:36.217693+00:00
CUR_BL334,Curitiba,4106902,0,URBS,022,https://moovitapp.com/index/pt-br/transporte_p%C3%BAblico-line-022_INTER_2_HOR%C3%81RIO-Curitiba-942-9628-381388-0,-1.0,-25.448093,-49.226203,,False,3,,2023-06-15T22:02:36.217693+00:00
CUR_DL301,Curitiba,4106902,0,URBS,022,https://moovitapp.com/index/pt-br/transporte_p%C3%BAblico-line-022_INTER_2_HOR%C3%81RIO-Curitiba-942-9628-381388-0,-1.0,-25.435106,-49.217985,,False,3,,2023-06-15T22:05:36.217693+00:00
CUR_BL300,Curitiba,4106902,0,URBS,022,https://moovitapp.com/index/pt-br/transporte_p%C3%BAblico-line-022_INTER_2_HOR%C3%81RIO-Curitiba-942-9628-381388-0,-1.0,-25.457611,-49.302616,,False,3,,2023-06-15T22:04:36.217693+00:00
CUR_BL306,Curitiba,4106902,0,URBS,022,https://moovitapp.com/index/pt-br/transporte_p%C3%BAblico-line-022_INTER_2_HOR%C3%81RIO-Curitiba-942-9628-381388-0,-1.0,-25.416633,-49.279225,,False,3,,2023-06-15T22:03:36.217693+00:00
CUR_GL601,Curitiba,4106902,0,URBS,022,https://moovitapp.com/index/pt-br/transporte_p%C3%BAblico-line-022_INTER_2_HOR%C3%81RIO-Curitiba-942-9628-381388-0,-1.0,-25.417501,-49.247353,,False,4,,2023-06-15T22:01:36.217693+00:00
CUR_ER802,Curitiba,4106902,0,URBS,022,https://moovitapp.com/index/pt-br/transporte_p%C3%BAblico-line-022_INTER_2_HOR%C3%81RIO-Curitiba-942-9628-381388-0,-1.0,-25.413931,-49.245048,,False,4,,2023-06-15T22:04:36.217693+00:00
CUR_DR801,Curitiba,4106902,0,URBS,022,https://moovitapp.com/index/pt-br/transporte_p%C3%BAblico-line-022_INTER_2_HOR%C3%81RIO-Curitiba-942-9628-381388-0,-1.0,-25.46774,-49.254563,,False,4,,2023-06-15T22:05:36.217693+00:00
CUR_JL321,Curitiba,4106902,1,URBS,304,https://moovitapp.com/index/pt-br/transporte_p%C3%BAblico-line-304_PINHAIS_CAMPO_COMPRIDO-Curitiba-942-9628-133282995-0,-1.0,-25.484881,-49.251656,,False,3,,2023-06-15T22:03:36.217693+00:00
CUR_BL339,Curitiba,4106902,0,URBS,022,https://moovitapp.com/index/pt-br/transporte_p%C3%BAblico-line-022_INTER_2_HOR%C3%81RIO-Curitiba-942-9628-381388-0,-1.0,-25.482798,-49.246766,,False,3,,2023-06-15T22:03:36.217693+00:00
CUR_BL611,Curitiba,4106902,0,URBS,022,https://moovitapp.com/index/pt-br/transporte_p%C3%BAblico-line-022_INTER_2_HOR%C3%81RIO-Curitiba-942-9628-381388-0,-1.0,-25.481695,-49.247288,,False,4,,2023-06-15T22:04:36.217693+00:00
CUR_CL699,Curitiba,4106902,0,URBS,022,https://moovitapp.com/index/pt-br/transporte_p%C3%BAblico-line-022_INTER_2_HOR%C3%81RIO-Curitiba-942-9628-381388-0,-1.0,-25.469855,-49.236181,,False,4,,2023-06-15T22:00:36.217693+00:00
CUR_DA294,Curitiba,4106902,1,,513,,,-25.48137,-49.248325,,False,1,1,2023-06-15T22:05:36.217693+00:00
CUR_DA300,Curitiba,4106902,1,,513,,,-25.516513,-49.237501,,False,3,2,2023-06-15T22:05:36.217693+00:00
CUR_GC007,Curitiba,4106902,1,,513,,,-25.487385,-49.263048,,False,1,2,2023-06-15T22:04:36.217693+00:00
CUR_GC008,Curitiba,4106902,1,,513,,,-25.486326,-49.260548,,False,1,1,2023-06-15T21:59:36.217693+00:00
CUR_BC029,Curitiba,4106902,1,,170,,,-25.382371,-49.300648,,False,1,2,2023-06-15T22:05:36.217693+00:00
CUR_BC321,Curitiba,4106902,1,,170,,,-25.389363,-49.283595,,False,3,2,2023-06-15T22:04:36.217693+00:00
CUR_BC300,Curitiba,4106902,1,,170,,,-25.428361,-49.272416,,False,3,2,2023-06-15T21:58:36.217693+00:00
CUR_BC004,Curitiba,4106902,1,,170,,,-25.426336,-49.273828,,False,1,2,2023-06-15T21:59:36.217693+00:00
CUR_BL608,Curitiba,4106902,0,URBS,023,https://moovitapp.com/index/pt-br/transporte_p%C3%BAblico-line-023_INTER_2_ANTI_HOR%C3%81RIO-Curitiba-942-9628-398189-0,-1.0,-25.49629,-49.284381,,False,4,,2023-06-15T22:01:36.217693+00:00
CUR_BL609,Curitiba,4106902,0,URBS,023,https://moovitapp.com/index/pt-br/transporte_p%C3%BAblico-line-023_INTER_2_ANTI_HOR%C3%81RIO-Curitiba-942-9628-398189-0,-1.0,-25.446186,-49.223918,,False,4,,2023-06-15T22:04:36.217693+00:00
CUR_BL603,Curitiba,4106902,0,URBS,023,https://moovitapp.com/index/pt-br/transporte_p%C3%BAblico-line-023_INTER_2_ANTI_HOR%C3%81RIO-Curitiba-942-9628-398189-0,-1.0,-25.427871,-49.234643,,False,4,,2023-06-15T22:04:36.217693+00:00
CUR_BL338,Curitiba,4106902,0,URBS,023,https://moovitapp.com/index/pt-br/transporte_p%C3%BAblico-line-023_INTER_2_ANTI_HOR%C3%81RIO-Curitiba-942-9628-398189-0,-1.0,-25.426018,-49.242323,,False,3,,2023-06-15T22:04:36.217693+00:00
CUR_CL600,Curitiba,4106902,0,URBS,023,https://moovitapp.com/index/pt-br/transporte_p%C3%BAblico-line-023_INTER_2_ANTI_HOR%C3%81RIO-Curitiba-942-9628-398189-0,-1.0,-25.436296,-49.308221,,False,4,,2023-06-15T22:05:36.217693+00:00
CUR_MR800,Curitiba,4106902,0,URBS,023,https://moovitapp.com/index/pt-br/transporte_p%C3%BAblico-line-023_INTER_2_ANTI_HOR%C3%81RIO-Curitiba-942-9628-398189-0,-1.0,-25.434353,-49.302618,,False,4,,2023-06-15T22:03:36.217693+00:00
CUR_BL317,Curitiba,4106902,0,URBS,023,https://moovitapp.com/index/pt-br/transporte_p%C3%BAblico-line-023_INTER_2_ANTI_HOR%C3%81RIO-Curitiba-942-9628-398189-0,-1.0,-25.467506,-49.234878,,False,3,,2023-06-15T22:03:36.217693+00:00
CUR_HL601,Curitiba,4106902,0,URBS,023,https://moovitapp.com/index/pt-br/transporte_p%C3%BAblico-line-023_INTER_2_ANTI_HOR%C3%81RIO-Curitiba-942-9628-398189-0,-1.0,-25.462328,-49.291236,,False,4,,2023-06-15T22:01:36.217693+00:00
CUR_BL309,Curitiba,4106902,0,URBS,023,https://moovitapp.com/index/pt-br/transporte_p%C3%BAblico-line-023_INTER_2_ANTI_HOR%C3%81RIO-Curitiba-942-9628-398189-0,-1.0,-25.480625,-49.292515,,False,3,,2023-06-15T22:05:36.217693+00:00
CUR_BL324,Curitiba,4106902,0,URBS,023,https://moovitapp.com/index/pt-br/transporte_p%C3%BAblico-line-023_INTER_2_ANTI_HOR%C3%81RIO-Curitiba-942-9628-398189-0,-1.0,-25.455613,-49.23112,,False,3,,2023-06-15T22:04:36.217693+00:00
CUR_EL602,Curitiba,4106902,0,URBS,023,https://moovitapp.com/index/pt-br/transporte_p%C3%BAblico-line-023_INTER_2_ANTI_HOR%C3%81RIO-Curitiba-942-9628-398189-0,-1.0,-25.406925,-49.25343,,False,4,,2023-06-15T22:05:36.217693+00:00
CUR_DR805,Curitiba,4106902,0,URBS,023,https://moovitapp.com/index/pt-br/transporte_p%C3%BAblico-line-023_INTER_2_ANTI_HOR%C3%81RIO-Curitiba-942-9628-398189-0,-1.0,-25.43457,-49.213635,,False,4,,2023-06-15T22:05:36.217693+00:00
CUR_ML300,Curitiba,4106902,0,URBS,023,https://moovitapp.com/index/pt-br/transporte_p%C3%BAblico-line-023_INTER_2_ANTI_HOR%C3%81RIO-Curitiba-942-9628-398189-0,-1.0,-25.452115,-49.229078,,False,3,,2023-06-15T22:03:36.217693+00:00
CUR_JL601,Curitiba,4106902,0,URBS,023,https://moovitapp.com/index/pt-br/transporte_p%C3%BAblico-line-023_INTER_2_ANTI_HOR%C3%81RIO-Curitiba-942-9628-398189-0,-1.0,-25.452205,-49.228905,,False,4,,2023-06-15T22:05:36.217693+00:00
CUR_DR800,Curitiba,4106902,0,URBS,023,https://moovitapp.com/index/pt-br/transporte_p%C3%BAblico-line-023_INTER_2_ANTI_HOR%C3%81RIO-Curitiba-942-9628-398189-0,-1.0,-25.496553,-49.271441,,False,4,,2023-06-15T22:05:36.217693+00:00
CUR_HL600,Curitiba,4106902,0,URBS,023,https://moovitapp.com/index/pt-br/transporte_p%C3%BAblico-line-023_INTER_2_ANTI_HOR%C3%81RIO-Curitiba-942-9628-398189-0,-1.0,-25.491536,-49.293778,,False,4,,2023-06-15T22:03:36.217693+00:00
CUR_JL603,Curitiba,4106902,0,URBS,023,https://moovitapp.com/index/pt-br/transporte_p%C3%BAblico-line-023_INTER_2_ANTI_HOR%C3%81RIO-Curitiba-942-9628-398189-0,-1.0,-25.434026,-49.213266,,False,4,,2023-06-15T22:02:36.217693+00:00
CUR_BL337,Curitiba,4106902,0,URBS,023,https://moovitapp.com/index/pt-br/transporte_p%C3%BAblico-line-023_INTER_2_ANTI_HOR%C3%81RIO-Curitiba-942-9628-398189-0,-1.0,-25.430626,-49.295868,,False,3,,2023-06-15T22:00:36.217693+00:00
CUR_HL602,Curitiba,4106902,0,URBS,023,https://moovitapp.com/index/pt-br/transporte_p%C3%BAblico-line-023_INTER_2_ANTI_HOR%C3%81RIO-Curitiba-942-9628-398189-0,-1.0,-25.476523,-49.292851,,False,4,,2023-06-15T22:03:36.217693+00:00
CUR_EL303,Curitiba,4106902,0,URBS,023,https://moovitapp.com/index/pt-br/transporte_p%C3%BAblico-line-023_INTER_2_ANTI_HOR%C3%81RIO-Curitiba-942-9628-398189-0,-1.0,-25.435505,-49.306736,,False,3,,2023-06-15T22:04:36.217693+00:00
CUR_JL600,Curitiba,4106902,0,URBS,023,https://moovitapp.com/index/pt-br/transporte_p%C3%BAblico-line-023_INTER_2_ANTI_HOR%C3%81RIO-Curitiba-942-9628-398189-0,-1.0,-25.460013,-49.302008,,False,4,,2023-06-15T22:03:36.217693+00:00
CUR_CL038,Curitiba,4106902,0,URBS,023,https://moovitapp.com/index/pt-br/transporte_p%C3%BAblico-line-023_INTER_2_ANTI_HOR%C3%81RIO-Curitiba-942-9628-398189-0,-1.0,-25.495611,-49.276386,,False,3,,2023-06-15T22:05:36.217693+00:00
CUR_ER801,Curitiba,4106902,0,URBS,023,https://moovitapp.com/index/pt-br/transporte_p%C3%BAblico-line-023_INTER_2_ANTI_HOR%C3%81RIO-Curitiba-942-9628-398189-0,-1.0,-25.456281,-49.23142,,False,4,,2023-06-15T22:03:36.217693+00:00
CUR_GL600,Curitiba,4106902,0,URBS,023,https://moovitapp.com/index/pt-br/transporte_p%C3%BAblico-line-023_INTER_2_ANTI_HOR%C3%81RIO-Curitiba-942-9628-398189-0,-1.0,-25.43231,-49.211431,,False,4,,2023-06-15T21:59:36.217693+00:00
CUR_BL330,Curitiba,4106902,0,URBS,023,https://moovitapp.com/index/pt-br/transporte_p%C3%BAblico-line-023_INTER_2_ANTI_HOR%C3%81RIO-Curitiba-942-9628-398189-0,-1.0,-25.407855,-49.253968,,False,3,,2023-06-15T22:01:36.217693+00:00
CUR_BL332,Curitiba,4106902,0,URBS,023,https://moovitapp.com/index/pt-br/transporte_p%C3%BAblico-line-023_INTER_2_ANTI_HOR%C3%81RIO-Curitiba-942-9628-398189-0,-1.0,-25.430296,-49.211228,,False,3,,2023-06-15T22:04:36.217693+00:00
CUR_DL316,Curitiba,4106902,0,URBS,023,https://moovitapp.com/index/pt-br/transporte_p%C3%BAblico-line-023_INTER_2_ANTI_HOR%C3%81RIO-Curitiba-942-9628-398189-0,-1.0,-25.492396,-49.293693,,False,3,,2023-06-15T22:05:36.217693+00:00
CUR_BL610,Curitiba,4106902,0,URBS,023,https://moovitapp.com/index/pt-br/transporte_p%C3%BAblico-line-023_INTER_2_ANTI_HOR%C3%81RIO-Curitiba-942-9628-398189-0,-1.0,-25.406831,-49.253416,,False,4,,2023-06-15T22:04:36.217693+00:00
CUR_DL308,Curitiba,4106902,0,URBS,305,https://moovitapp.com/index/pt-br/transporte_p%C3%BAblico-line-305_CENTEN%C3%81RIO-Curitiba-942-9628-294271-0,-1.0,-25.430676,-49.262523,,False,3,2,2023-06-15T22:05:36.217693+00:00
CUR_DL300,Curitiba,4106902,0,URBS,304,https://moovitapp.com/index/pt-br/transporte_p%C3%BAblico-line-304_PINHAIS_CAMPO_COMPRIDO-Curitiba-942-9628-133282995-0,-1.0,-25.43563,-49.30944,,False,3,2,2023-06-15T22:05:36.217693+00:00
CUR_DL311,Curitiba,4106902,0,URBS,305,https://moovitapp.com/index/pt-br/transporte_p%C3%BAblico-line-305_CENTEN%C3%81RIO-Curitiba-942-9628-294271-0,-1.0,-25.464228,-49.217995,,False,3,2,2023-06-15T22:04:36.217693+00:00
CUR_DN607,Curitiba,4106902,1,,461,,,-25.452938,-49.229955,,False,7,1,2023-06-15T22:05:36.217693+00:00
CUR_EA008,Curitiba,4106902,1,,657,,,-25.497286,-49.27742,,False,1,2,2023-06-15T22:05:36.217693+00:00
CUR_BI026,Curitiba,4106902,1,,812,,,-25.410203,-49.361021,,False,1,1,2023-06-15T22:04:36.217693+00:00
CUR_BI030,Curitiba,4106902,1,,812,,,-25.433678,-49.31098,,False,1,2,2023-06-15T22:05:36.217693+00:00
CUR_BA037,Curitiba,4106902,1,,812,,,-25.418195,-49.341776,,False,1,1,2023-06-15T22:02:36.217693+00:00
CUR_BA016,Curitiba,4106902,1,,812,,,-25.420453,-49.336208,,False,1,2,2023-06-15T21:56:36.217693+00:00
CUR_HA610,Curitiba,4106902,1,,685,,,-25.536611,-49.31517,,False,4,2,2023-06-15T22:01:36.217693+00:00
CUR_HA600,Curitiba,4106902,1,,685,,,-25.576455,-49.33173,,False,4,2,2023-06-15T22:02:36.217693+00:00
CUR_HA619,Curitiba,4106902,1,,685,,,-25.574966,-49.329501,,False,4,1,2023-06-15T22:05:36.217693+00:00
CUR_HA615,Curitiba,4106902,1,,685,,,-25.532313,-49.320626,,False,4,1,2023-06-15T22:03:36.217693+00:00
CUR_HA603,Curitiba,4106902,1,,685,,,-25.595843,-49.346768,,False,4,2,2023-06-15T22:03:36.217693+00:00
CUR_MN605,Curitiba,4106902,1,,965,,,-25.401088,-49.312143,,False,7,2,2023-06-15T22:04:36.217693+00:00
CUR_MC851,Curitiba,4106902,1,,965,,,-25.398253,-49.315456,,False,7,1,2023-06-15T22:03:36.217693+00:00
CUR_MN610,Curitiba,4106902,1,,965,,,-25.429371,-49.27111,,False,7,2,2023-06-15T22:04:36.217693+00:00
CUR_EI018,Curitiba,4106902,1,,663,,,-25.491286,-49.27785,,False,1,1,2023-06-15T22:05:36.217693+00:00
CUR_EI013,Curitiba,4106902,1,,663,,,-25.441388,-49.272368,,False,1,2,2023-06-15T22:05:36.217693+00:00
CUR_JL322,Curitiba,4106902,1,URBS,702,https://moovitapp.com/index/pt-br/transporte_p%C3%BAblico-line-702_CAIU%C3%81_CACHOEIRA-Curitiba-942-9628-133282980-0,-1.0,-25.445531,-49.278241,,False,3,2,2023-06-15T22:05:36.217693+00:00
CUR_JL320,Curitiba,4106902,1,URBS,702,https://moovitapp.com/index/pt-br/transporte_p%C3%BAblico-line-702_CAIU%C3%81_CACHOEIRA-Curitiba-942-9628-133282980-0,-1.0,-25.366023,-49.260235,,False,3,1,2023-06-15T22:02:36.217693+00:00
CUR_JL300,Curitiba,4106902,0,URBS,702,https://moovitapp.com/index/pt-br/transporte_p%C3%BAblico-line-702_CAIU%C3%81_CACHOEIRA-Curitiba-942-9628-133282980-0,-1.0,-25.391181,-49.258146,,False,3,2,2023-06-15T22:03:36.217693+00:00
CUR_JL313,Curitiba,4106902,0,URBS,702,https://moovitapp.com/index/pt-br/transporte_p%C3%BAblico-line-702_CAIU%C3%81_CACHOEIRA-Curitiba-942-9628-133282980-0,-1.0,-25.420756,-49.268881,,False,3,1,2023-06-15T22:02:36.217693+00:00
CUR_JL319,Curitiba,4106902,0,URBS,702,https://moovitapp.com/index/pt-br/transporte_p%C3%BAblico-line-702_CAIU%C3%81_CACHOEIRA-Curitiba-942-9628-133282980-0,-1.0,-25.478271,-49.329675,,False,3,2,2023-06-15T22:02:36.217693+00:00
CUR_JL311,Curitiba,4106902,0,URBS,702,https://moovitapp.com/index/pt-br/transporte_p%C3%BAblico-line-702_CAIU%C3%81_CACHOEIRA-Curitiba-942-9628-133282980-0,-1.0,-25.428831,-49.265965,,False,3,1,2023-06-15T22:03:36.217693+00:00
CUR_JL315,Curitiba,4106902,0,URBS,702,https://moovitapp.com/index/pt-br/transporte_p%C3%BAblico-line-702_CAIU%C3%81_CACHOEIRA-Curitiba-942-9628-133282980-0,-1.0,-25.423906,-49.26736,,False,3,2,2023-06-15T22:04:36.217693+00:00
CUR_GB606,Curitiba,4106902,1,,030,,,-25.492628,-49.232556,,False,4,1,2023-06-15T22:03:36.217693+00:00
CUR_BB611,Curitiba,4106902,1,,030,,,-25.501993,-49.290938,,False,4,2,2023-06-15T22:04:36.217693+00:00
CUR_BB602,Curitiba,4106902,1,,030,,,-25.395611,-49.208858,,False,4,1,2023-06-15T22:04:36.217693+00:00
CUR_EB609,Curitiba,4106902,1,,030,,,-25.423983,-49.203225,,False,4,2,2023-06-15T22:05:36.217693+00:00
CUR_KB602,Curitiba,4106902,1,,030,,,-25.507841,-49.248646,,False,4,2,2023-06-15T22:05:36.217693+00:00
CUR_CA012,Curitiba,4106902,1,,030,,,-25.469755,-49.219058,,False,1,1,2023-06-15T22:03:36.217693+00:00
CUR_CB602,Curitiba,4106902,1,Auto Viação São José,216,https://moovitapp.com/index/pt-br/transporte_p%C3%BAblico-line-216_PIT_PRA%C3%87A_DA_JUVENTUDE_SANTA_F%C3%89_PINDORAMA-Curitiba-942-857412-122004458-0,-1.0,-25.465211,-49.278448,,False,4,1,2023-06-15T22:05:36.217693+00:00
CUR_GR125,Curitiba,4106902,1,,030,,,-25.467633,-49.221791,,False,4,2,2023-06-15T22:04:36.217693+00:00
CUR_GB612,Curitiba,4106902,1,,021,,,-25.452415,-49.229776,,False,4,,2023-06-15T22:01:36.217693+00:00
CUR_KB600,Curitiba,4106902,1,,030,,,-25.493896,-49.295373,,False,4,1,2023-06-15T22:05:36.217693+00:00
CUR_EB602,Curitiba,4106902,1,,030,,,-25.510648,-49.276423,,False,4,2,2023-06-15T22:05:36.217693+00:00
CUR_KB608,Curitiba,4106902,1,,030,,,-25.433476,-49.209026,,False,4,1,2023-06-15T22:05:36.217693+00:00
CUR_BB606,Curitiba,4106902,1,,030,,,-25.45212,-49.214885,,False,4,2,2023-06-15T21:59:36.217693+00:00
CUR_GB609,Curitiba,4106902,1,,030,,,-25.405198,-49.204561,,False,4,2,2023-06-15T22:00:36.217693+00:00
CUR_GB600,Curitiba,4106902,1,,030,,,-25.377221,-49.223793,,False,4,1,2023-06-15T22:04:36.217693+00:00
CUR_BB620,Curitiba,4106902,1,,030,,,-25.500408,-49.2382,,False,4,2,2023-06-15T22:03:36.217693+00:00
CUR_BB615,Curitiba,4106902,1,,030,,,-25.484248,-49.22009,,False,4,1,2023-06-15T22:03:36.217693+00:00
CUR_BB608,Curitiba,4106902,1,,030,,,-25.392165,-49.210706,,False,4,1,2023-06-15T22:03:36.217693+00:00
CUR_JI012,Curitiba,4106902,1,,777,,,-25.459528,-49.316925,,False,1,1,2023-06-15T22:04:36.217693+00:00
CUR_JI017,Curitiba,4106902,1,,777,,,-25.448995,-49.28748,,False,1,2,2023-06-15T22:03:36.217693+00:00
CUR_JI016,Curitiba,4106902,1,,777,,,-25.450121,-49.285405,,False,1,1,2023-06-15T22:02:36.217693+00:00
CUR_JC313,Curitiba,4106902,1,,777,,,-25.461113,-49.324403,,False,3,2,2023-06-15T22:04:36.217693+00:00
CUR_BI031,Curitiba,4106902,1,,816,,,-25.43629,-49.30829,,False,1,1,2023-06-15T22:03:36.217693+00:00
CUR_BA021,Curitiba,4106902,1,,816,,,-25.401871,-49.328951,,False,1,2,2023-06-15T22:00:36.217693+00:00
CUR_BC014,Curitiba,4106902,1,,816,,,-25.421661,-49.31959,,False,1,2,2023-06-15T21:56:36.217693+00:00
CUR_BA022,Curitiba,4106902,1,,816,,,-25.435871,-49.307146,,False,1,1,2023-06-15T22:02:36.217693+00:00
CUR_GI025,Curitiba,4106902,1,,534,,,-25.528586,-49.260061,,False,1,2,2023-06-15T22:04:36.217693+00:00
CUR_GI028,Curitiba,4106902,1,,534,,,-25.53112,-49.258011,,False,1,2,2023-06-15T22:04:36.217693+00:00
CUR_GA179,Curitiba,4106902,1,,534,,,-25.523013,-49.24254,,False,1,2,2023-06-15T22:05:36.217693+00:00
CUR_BI007,Curitiba,4106902,1,,374,,,-25.427436,-49.262003,,False,1,2,2023-06-15T22:04:36.217693+00:00
CUR_BI005,Curitiba,4106902,1,,374,,,-25.417966,-49.241526,,False,1,1,2023-06-15T22:04:36.217693+00:00
CUR_BI006,Curitiba,4106902,1,,374,,,-25.409886,-49.220918,,False,1,1,2023-06-15T22:04:36.217693+00:00
CUR_GD341,Curitiba,4106902,0,URBS,203,https://moovitapp.com/index/pt-br/transporte_p%C3%BAblico-line-203_SANTA_C%C3%82NDIDA_CAP%C3%83O_RASO-Curitiba-942-9628-1323737-0,-1.0,-25.443476,-49.281786,,False,5,2,2023-06-15T22:04:36.217693+00:00
CUR_BE708,Curitiba,4106902,0,URBS,203,https://moovitapp.com/index/pt-br/transporte_p%C3%BAblico-line-203_SANTA_C%C3%82NDIDA_CAP%C3%83O_RASO-Curitiba-942-9628-1323737-0,-1.0,-25.478483,-49.292068,,False,5,2,2023-06-15T22:05:36.217693+00:00
CUR_BE727,Curitiba,4106902,0,URBS,203,https://moovitapp.com/index/pt-br/transporte_p%C3%BAblico-line-203_SANTA_C%C3%82NDIDA_CAP%C3%83O_RASO-Curitiba-942-9628-1323737-0,-1.0,-25.464731,-49.291328,,False,5,2,2023-06-15T22:03:36.217693+00:00
CUR_BE702,Curitiba,4106902,0,URBS,203,https://moovitapp.com/index/pt-br/transporte_p%C3%BAblico-line-203_SANTA_C%C3%82NDIDA_CAP%C3%83O_RASO-Curitiba-942-9628-1323737-0,-1.0,-25.487945,-49.294283,,False,5,2,2023-06-15T22:04:36.217693+00:00
CUR_BE710,Curitiba,4106902,0,URBS,203,https://moovitapp.com/index/pt-br/transporte_p%C3%BAblico-line-203_SANTA_C%C3%82NDIDA_CAP%C3%83O_RASO-Curitiba-942-9628-1323737-0,-1.0,-25.424258,-49.26856,,False,5,1,2023-06-15T22:04:36.217693+00:00
CUR_BE719,Curitiba,4106902,0,URBS,203,https://moovitapp.com/index/pt-br/transporte_p%C3%BAblico-line-203_SANTA_C%C3%82NDIDA_CAP%C3%83O_RASO-Curitiba-942-9628-1323737-0,-1.0,-25.435278,-49.265488,,False,5,2,2023-06-15T22:04:36.217693+00:00
CUR_BE713,Curitiba,4106902,0,URBS,203,https://moovitapp.com/index/pt-br/transporte_p%C3%BAblico-line-203_SANTA_C%C3%82NDIDA_CAP%C3%83O_RASO-Curitiba-942-9628-1323737-0,-1.0,-25.429746,-49.267446,,False,5,2,2023-06-15T22:04:36.217693+00:00
CUR_BE714,Curitiba,4106902,0,URBS,203,https://moovitapp.com/index/pt-br/transporte_p%C3%BAblico-line-203_SANTA_C%C3%82NDIDA_CAP%C3%83O_RASO-Curitiba-942-9628-1323737-0,-1.0,-25.41286,-49.258481,,False,5,1,2023-06-15T22:03:36.217693+00:00
CUR_GE726,Curitiba,4106902,0,URBS,203,https://moovitapp.com/index/pt-br/transporte_p%C3%BAblico-line-203_SANTA_C%C3%82NDIDA_CAP%C3%83O_RASO-Curitiba-942-9628-1323737-0,-1.0,-25.394156,-49.241118,,False,5,1,2023-06-15T22:04:36.217693+00:00
CUR_GE704,Curitiba,4106902,0,URBS,203,https://moovitapp.com/index/pt-br/transporte_p%C3%BAblico-line-203_SANTA_C%C3%82NDIDA_CAP%C3%83O_RASO-Curitiba-942-9628-1323737-0,-1.0,-25.428973,-49.268185,,False,5,1,2023-06-15T22:02:36.217693+00:00
CUR_BE715,Curitiba,4106902,0,URBS,203,https://moovitapp.com/index/pt-br/transporte_p%C3%BAblico-line-203_SANTA_C%C3%82NDIDA_CAP%C3%83O_RASO-Curitiba-942-9628-1323737-0,-1.0,-25.461861,-49.290003,,False,5,2,2023-06-15T22:04:36.217693+00:00
CUR_HE714,Curitiba,4106902,0,URBS,203,https://moovitapp.com/index/pt-br/transporte_p%C3%BAblico-line-203_SANTA_C%C3%82NDIDA_CAP%C3%83O_RASO-Curitiba-942-9628-1323737-0,-1.0,-25.53967,-49.308008,,False,5,2,2023-06-15T21:56:36.217693+00:00
CUR_BE728,Curitiba,4106902,0,URBS,203,https://moovitapp.com/index/pt-br/transporte_p%C3%BAblico-line-203_SANTA_C%C3%82NDIDA_CAP%C3%83O_RASO-Curitiba-942-9628-1323737-0,-1.0,-25.437581,-49.266678,,False,5,1,2023-06-15T22:03:36.217693+00:00
CUR_BD135,Curitiba,4106902,0,URBS,203,https://moovitapp.com/index/pt-br/transporte_p%C3%BAblico-line-203_SANTA_C%C3%82NDIDA_CAP%C3%83O_RASO-Curitiba-942-9628-1323737-0,-1.0,-25.45265,-49.287775,,False,5,2,2023-06-15T22:01:36.217693+00:00
CUR_GE715,Curitiba,4106902,0,URBS,203,https://moovitapp.com/index/pt-br/transporte_p%C3%BAblico-line-203_SANTA_C%C3%82NDIDA_CAP%C3%83O_RASO-Curitiba-942-9628-1323737-0,-1.0,-25.393981,-49.240945,,False,5,1,2023-06-15T22:04:36.217693+00:00
CUR_GE736,Curitiba,4106902,0,URBS,X08,https://moovitapp.com/index/pt-br/transporte_p%C3%BAblico-line-X08_REFOR%C3%87O_PINHEIRINHO-Curitiba-942-9628-78902615-0,-1.0,-25.49534,-49.295596,,False,5,1,2023-06-15T22:00:36.217693+00:00
CUR_HE729,Curitiba,4106902,0,URBS,203,https://moovitapp.com/index/pt-br/transporte_p%C3%BAblico-line-203_SANTA_C%C3%82NDIDA_CAP%C3%83O_RASO-Curitiba-942-9628-1323737-0,-1.0,-25.399731,-49.24632,,False,5,1,2023-06-15T22:03:36.217693+00:00
CUR_GE708,Curitiba,4106902,0,URBS,203,https://moovitapp.com/index/pt-br/transporte_p%C3%BAblico-line-203_SANTA_C%C3%82NDIDA_CAP%C3%83O_RASO-Curitiba-942-9628-1323737-0,-1.0,-25.381418,-49.229345,,False,5,1,2023-06-15T22:03:36.217693+00:00
CUR_BE718,Curitiba,4106902,0,URBS,203,https://moovitapp.com/index/pt-br/transporte_p%C3%BAblico-line-203_SANTA_C%C3%82NDIDA_CAP%C3%83O_RASO-Curitiba-942-9628-1323737-0,-1.0,-25.461385,-49.289818,,False,5,2,2023-06-15T21:59:36.217693+00:00
CUR_GD342,Curitiba,4106902,0,URBS,203,https://moovitapp.com/index/pt-br/transporte_p%C3%BAblico-line-203_SANTA_C%C3%82NDIDA_CAP%C3%83O_RASO-Curitiba-942-9628-1323737-0,-1.0,-25.418686,-49.263801,,False,5,1,2023-06-15T22:02:36.217693+00:00
CUR_BE716,Curitiba,4106902,0,URBS,203,https://moovitapp.com/index/pt-br/transporte_p%C3%BAblico-line-203_SANTA_C%C3%82NDIDA_CAP%C3%83O_RASO-Curitiba-942-9628-1323737-0,-1.0,-25.487968,-49.294281,,False,5,2,2023-06-15T22:05:36.217693+00:00
CUR_BE725,Curitiba,4106902,0,URBS,203,https://moovitapp.com/index/pt-br/transporte_p%C3%BAblico-line-203_SANTA_C%C3%82NDIDA_CAP%C3%83O_RASO-Curitiba-942-9628-1323737-0,-1.0,-25.438063,-49.268186,,False,5,1,2023-06-15T22:04:36.217693+00:00
CUR_BE722,Curitiba,4106902,0,URBS,203,https://moovitapp.com/index/pt-br/transporte_p%C3%BAblico-line-203_SANTA_C%C3%82NDIDA_CAP%C3%83O_RASO-Curitiba-942-9628-1323737-0,-1.0,-25.442811,-49.280123,,False,5,2,2023-06-15T21:54:36.217693+00:00
CUR_HB611,Curitiba,4106902,1,,020,,,-25.399343,-49.253396,,False,4,,2023-06-15T22:05:36.217693+00:00
CUR_BB613,Curitiba,4106902,1,,020,,,-25.420165,-49.291143,,False,4,,2023-06-15T22:01:36.217693+00:00
CUR_KB606,Curitiba,4106902,1,,020,,,-25.496545,-49.271455,,False,4,,2023-06-15T22:05:36.217693+00:00
CUR_EB606,Curitiba,4106902,1,,020,,,-25.414153,-49.247091,,False,4,,2023-06-15T22:05:36.217693+00:00
CUR_CB603,Curitiba,4106902,1,,020,,,-25.455378,-49.303358,,False,4,,2023-06-15T22:05:36.217693+00:00
CUR_BB604,Curitiba,4106902,1,,020,,,-25.496566,-49.272276,,False,4,,2023-06-15T22:03:36.217693+00:00
CUR_EB601,Curitiba,4106902,1,,020,,,-25.429531,-49.220228,,False,4,,2023-06-15T22:05:36.217693+00:00
CUR_BA601,Curitiba,4106902,1,,020,,,-25.387538,-49.282778,,False,4,,2023-06-15T22:03:36.217693+00:00
CUR_BB603,Curitiba,4106902,1,,020,,,-25.433225,-49.298616,,False,4,,2023-06-15T22:03:36.217693+00:00
CUR_BB609,Curitiba,4106902,1,,020,,,-25.417128,-49.247921,,False,4,,2023-06-15T22:03:36.217693+00:00
CUR_BB605,Curitiba,4106902,1,,020,,,-25.482298,-49.246896,,False,4,,2023-06-15T22:04:36.217693+00:00
CUR_CB600,Curitiba,4106902,1,,020,,,-25.492745,-49.291275,,False,4,,2023-06-15T22:05:36.217693+00:00
CUR_BB601,Curitiba,4106902,1,,020,,,-25.429608,-49.219621,,False,4,,2023-06-15T22:02:36.217693+00:00
CUR_HL313,Curitiba,4106902,0,URBS,304,https://moovitapp.com/index/pt-br/transporte_p%C3%BAblico-line-304_PINHAIS_CAMPO_COMPRIDO-Curitiba-942-9628-133282995-0,-1.0,-25.441848,-49.232005,,False,3,1,2023-06-15T22:04:36.217693+00:00
CUR_JL324,Curitiba,4106902,1,URBS,304,https://moovitapp.com/index/pt-br/transporte_p%C3%BAblico-line-304_PINHAIS_CAMPO_COMPRIDO-Curitiba-942-9628-133282995-0,-1.0,-25.436895,-49.322275,,False,3,2,2023-06-15T22:03:36.217693+00:00
CUR_JL310,Curitiba,4106902,0,URBS,304,https://moovitapp.com/index/pt-br/transporte_p%C3%BAblico-line-304_PINHAIS_CAMPO_COMPRIDO-Curitiba-942-9628-133282995-0,-1.0,-25.436921,-49.3081,,False,3,1,2023-06-15T22:04:36.217693+00:00
CUR_DL310,Curitiba,4106902,0,URBS,304,https://moovitapp.com/index/pt-br/transporte_p%C3%BAblico-line-304_PINHAIS_CAMPO_COMPRIDO-Curitiba-942-9628-133282995-0,-1.0,-25.435628,-49.253725,,False,3,2,2023-06-15T22:05:36.217693+00:00
CUR_HL314,Curitiba,4106902,0,URBS,304,https://moovitapp.com/index/pt-br/transporte_p%C3%BAblico-line-304_PINHAIS_CAMPO_COMPRIDO-Curitiba-942-9628-133282995-0,-1.0,-25.4506,-49.355091,,False,3,2,2023-06-15T21:54:36.217693+00:00
CUR_HL303,Curitiba,4106902,0,URBS,304,https://moovitapp.com/index/pt-br/transporte_p%C3%BAblico-line-304_PINHAIS_CAMPO_COMPRIDO-Curitiba-942-9628-133282995-0,-1.0,-25.434606,-49.306798,,False,3,2,2023-06-15T21:58:36.217693+00:00
CUR_JL316,Curitiba,4106902,0,URBS,304,https://moovitapp.com/index/pt-br/transporte_p%C3%BAblico-line-304_PINHAIS_CAMPO_COMPRIDO-Curitiba-942-9628-133282995-0,-1.0,-25.440198,-49.220875,,False,3,2,2023-06-15T22:02:36.217693+00:00
CUR_JI864,Curitiba,4106902,1,,760,,,-25.441298,-49.27246,,False,7,2,2023-06-15T22:03:36.217693+00:00
CUR_JC303,Curitiba,4106902,1,,778,,,-25.440566,-49.269246,,False,3,2,2023-06-15T22:04:36.217693+00:00
CUR_JC300,Curitiba,4106902,1,,778,,,-25.473443,-49.330903,,False,3,1,2023-06-15T22:04:36.217693+00:00
CUR_JA300,Curitiba,4106902,1,,778,,,-25.462573,-49.328996,,False,3,1,2023-06-15T22:02:36.217693+00:00
CUR_JC316,Curitiba,4106902,1,,778,,,-25.457618,-49.32532,,False,3,2,2023-06-15T22:03:36.217693+00:00
CUR_JB604,Curitiba,4106902,1,,050,,,-25.452245,-49.253273,,False,4,1,2023-06-15T22:05:36.217693+00:00
CUR_JB611,Curitiba,4106902,1,,050,,,-25.458133,-49.251226,,False,4,1,2023-06-15T22:02:36.217693+00:00
CUR_GB608,Curitiba,4106902,1,,050,,,-25.449638,-49.26011,,False,4,2,2023-06-15T22:00:36.217693+00:00
CUR_GB611,Curitiba,4106902,1,,050,,,-25.476631,-49.292206,,False,4,2,2023-06-15T22:01:36.217693+00:00
CUR_JB606,Curitiba,4106902,1,,050,,,-25.451901,-49.214846,,False,4,1,2023-06-15T22:04:36.217693+00:00
CUR_EB608,Curitiba,4106902,1,,050,,,-25.477866,-49.295133,,False,4,2,2023-06-15T22:04:36.217693+00:00
CUR_JB301,Curitiba,4106902,1,,720,,,-25.467485,-49.344165,,False,3,1,2023-06-15T22:01:36.217693+00:00
CUR_EA600,Curitiba,4106902,1,,050,,,-25.458816,-49.249578,,False,4,1,2023-06-15T22:05:36.217693+00:00
CUR_KB604,Curitiba,4106902,1,,050,,,-25.475791,-49.318991,,False,4,1,2023-06-15T22:05:36.217693+00:00
CUR_JB608,Curitiba,4106902,1,,050,,,-25.475448,-49.302936,,False,4,2,2023-06-15T22:05:36.217693+00:00
CUR_HB695,Curitiba,4106902,1,,050,,,-25.47719,-49.29173,,False,4,2,2023-06-15T22:02:36.217693+00:00
CUR_EB604,Curitiba,4106902,1,,050,,,-25.453658,-49.245395,,False,4,2,2023-06-15T22:05:36.217693+00:00
CUR_GI033,Curitiba,4106902,1,,643,,,-25.56731,-49.286681,,False,1,2,2023-06-15T22:05:36.217693+00:00
CUR_GI037,Curitiba,4106902,1,,643,,,-25.5901,-49.275663,,False,1,1,2023-06-15T21:59:36.217693+00:00
CUR_GI019,Curitiba,4106902,1,,643,,,-25.512238,-49.294786,,False,1,1,2023-06-15T22:03:36.217693+00:00
CUR_BA002,Curitiba,4106902,1,,243,,,-25.35975,-49.263331,,False,1,2,2023-06-15T22:04:36.217693+00:00
CUR_BI016,Curitiba,4106902,1,,243,,,-25.370653,-49.26105,,False,1,2,2023-06-15T22:03:36.217693+00:00
CUR_JC311,Curitiba,4106902,1,,701,,,-25.455785,-49.299993,,False,3,1,2023-06-15T22:03:36.217693+00:00
CUR_JC315,Curitiba,4106902,1,,701,,,-25.45347,-49.293848,,False,3,1,2023-06-15T22:04:36.217693+00:00
CUR_JC304,Curitiba,4106902,1,,701,,,-25.444885,-49.276505,,False,3,2,2023-06-15T22:04:36.217693+00:00
CUR_JI301,Curitiba,4106902,1,,701,,,-25.467246,-49.308963,,False,3,2,2023-06-15T22:03:36.217693+00:00
CUR_JC301,Curitiba,4106902,1,,701,,,-25.438268,-49.27223,,False,3,2,2023-06-15T22:03:36.217693+00:00
CUR_JI602,Curitiba,4106902,1,,701,,,-25.444736,-49.2713,,False,4,2,2023-06-15T22:04:36.217693+00:00
CUR_JC302,Curitiba,4106902,1,,701,,,-25.46869,-49.313335,,False,3,2,2023-06-15T22:02:36.217693+00:00
CUR_BI880,Curitiba,4106902,1,,275,,,-25.3937,-49.2583,,False,7,2,2023-06-15T22:04:36.217693+00:00
CUR_BI876,Curitiba,4106902,1,,275,,,-25.402025,-49.25868,,False,7,1,2023-06-15T22:05:36.217693+00:00
CUR_BI890,Curitiba,4106902,1,,275,,,-25.377196,-49.24352,,False,7,2,2023-06-15T22:04:36.217693+00:00
CUR_BI873,Curitiba,4106902,1,,184,,,-25.388386,-49.267486,,False,7,1,2023-06-15T22:00:36.217693+00:00
CUR_BI860,Curitiba,4106902,1,,184,,,-25.413746,-49.270041,,False,7,2,2023-06-15T22:05:36.217693+00:00
CUR_BC008,Curitiba,4106902,1,,870,,,-25.427691,-49.353473,,False,1,2,2023-06-15T22:03:36.217693+00:00
CUR_BC009,Curitiba,4106902,1,,870,,,-25.433288,-49.303946,,False,1,1,2023-06-15T22:02:36.217693+00:00
CUR_BC020,Curitiba,4106902,1,,870,,,-25.43102,-49.32987,,False,1,2,2023-06-15T22:04:36.217693+00:00
CUR_GE612,Curitiba,4106902,0,URBS,502,https://moovitapp.com/index/pt-br/transporte_p%C3%BAblico-line-502_CIRCULAR_SUL_HOR%C3%81RIO-Curitiba-942-9628-294482-0,-1.0,-25.476375,-49.292566,,False,4,,2023-06-15T21:59:36.217693+00:00
CUR_KE708,Curitiba,4106902,0,URBS,502,https://moovitapp.com/index/pt-br/transporte_p%C3%BAblico-line-502_CIRCULAR_SUL_HOR%C3%81RIO-Curitiba-942-9628-294482-0,-1.0,-25.526056,-49.23407,,False,5,,2023-06-15T22:05:36.217693+00:00
CUR_HE615,Curitiba,4106902,0,URBS,502,https://moovitapp.com/index/pt-br/transporte_p%C3%BAblico-line-502_CIRCULAR_SUL_HOR%C3%81RIO-Curitiba-942-9628-294482-0,-1.0,-25.513581,-49.295608,,False,4,,2023-06-15T22:03:36.217693+00:00
CUR_HE614,Curitiba,4106902,0,URBS,502,https://moovitapp.com/index/pt-br/transporte_p%C3%BAblico-line-502_CIRCULAR_SUL_HOR%C3%81RIO-Curitiba-942-9628-294482-0,-1.0,-25.525528,-49.231836,,False,4,,2023-06-15T22:05:36.217693+00:00
CUR_GE603,Curitiba,4106902,0,URBS,502,https://moovitapp.com/index/pt-br/transporte_p%C3%BAblico-line-502_CIRCULAR_SUL_HOR%C3%81RIO-Curitiba-942-9628-294482-0,-1.0,-25.534515,-49.282771,,False,4,,2023-06-15T22:01:36.217693+00:00
CUR_HE609,Curitiba,4106902,0,URBS,502,https://moovitapp.com/index/pt-br/transporte_p%C3%BAblico-line-502_CIRCULAR_SUL_HOR%C3%81RIO-Curitiba-942-9628-294482-0,-1.0,-25.496276,-49.240068,,False,4,,2023-06-15T22:04:36.217693+00:00
CUR_GE610,Curitiba,4106902,0,URBS,502,https://moovitapp.com/index/pt-br/transporte_p%C3%BAblico-line-502_CIRCULAR_SUL_HOR%C3%81RIO-Curitiba-942-9628-294482-0,-1.0,-25.477061,-49.249465,,False,4,,2023-06-15T22:04:36.217693+00:00
CUR_GE613,Curitiba,4106902,0,URBS,502,https://moovitapp.com/index/pt-br/transporte_p%C3%BAblico-line-502_CIRCULAR_SUL_HOR%C3%81RIO-Curitiba-942-9628-294482-0,-1.0,-25.486486,-49.294228,,False,4,,2023-06-15T22:03:36.217693+00:00
CUR_GE609,Curitiba,4106902,0,URBS,502,https://moovitapp.com/index/pt-br/transporte_p%C3%BAblico-line-502_CIRCULAR_SUL_HOR%C3%81RIO-Curitiba-942-9628-294482-0,-1.0,-25.533113,-49.284603,,False,4,,2023-06-15T21:59:36.217693+00:00
CUR_KE707,Curitiba,4106902,0,URBS,502,https://moovitapp.com/index/pt-br/transporte_p%C3%BAblico-line-502_CIRCULAR_SUL_HOR%C3%81RIO-Curitiba-942-9628-294482-0,-1.0,-25.52134,-49.227908,,False,5,,2023-06-15T22:05:36.217693+00:00
CUR_BI900,Curitiba,4106902,1,,386,,,-25.437,-49.211906,,False,7,1,2023-06-15T21:59:36.217693+00:00
CUR_BI855,Curitiba,4106902,1,,386,,,-25.432633,-49.26971,,False,7,2,2023-06-15T22:04:36.217693+00:00
CUR_BC323,Curitiba,4106902,1,,207,,,-25.40252,-49.258828,,False,3,1,2023-06-15T22:05:36.217693+00:00
CUR_BC309,Curitiba,4106902,1,,207,,,-25.402928,-49.27066,,False,3,1,2023-06-15T22:04:36.217693+00:00
CUR_BC310,Curitiba,4106902,1,,207,,,-25.432905,-49.276356,,False,3,2,2023-06-15T22:04:36.217693+00:00
CUR_BC324,Curitiba,4106902,1,,207,,,-25.40216,-49.269715,,False,3,2,2023-06-15T22:01:36.217693+00:00
CUR_BC001,Curitiba,4106902,1,,207,,,-25.42362,-49.273995,,False,1,2,2023-06-15T22:03:36.217693+00:00
CUR_BC308,Curitiba,4106902,1,,207,,,-25.431078,-49.278765,,False,3,2,2023-06-15T22:04:36.217693+00:00
CUR_BC302,Curitiba,4106902,1,,207,,,-25.401708,-49.247863,,False,3,1,2023-06-15T21:59:36.217693+00:00
CUR_GI859,Curitiba,4106902,1,,661,,,-25.437903,-49.27123,,False,7,1,2023-06-15T22:05:36.217693+00:00
CUR_GI854,Curitiba,4106902,1,,661,,,-25.47686,-49.27115,,False,7,2,2023-06-15T22:03:36.217693+00:00
CUR_HI011,Curitiba,4106902,1,,652,,,-25.52049,-49.329256,,False,1,2,2023-06-15T22:05:36.217693+00:00
CUR_HI010,Curitiba,4106902,1,,652,,,-25.511713,-49.32584,,False,1,2,2023-06-15T22:05:36.217693+00:00
CUR_HA190,Curitiba,4106902,1,,652,,,-25.512783,-49.330626,,False,1,2,2023-06-15T22:03:36.217693+00:00
CUR_HA128,Curitiba,4106902,1,,652,,,-25.528608,-49.33607,,False,1,1,2023-06-15T21:58:36.217693+00:00
CUR_HA197,Curitiba,4106902,1,,652,,,-25.527921,-49.336286,,False,1,,2023-06-15T22:03:36.217693+00:00
CUR_JI003,Curitiba,4106902,1,,712,,,-25.49523,-49.337995,,False,1,2,2023-06-15T22:05:36.217693+00:00
CUR_HI012,Curitiba,4106902,1,,712,,,-25.48689,-49.336075,,False,1,1,2023-06-15T22:04:36.217693+00:00
CUR_JA031,Curitiba,4106902,1,,712,,,-25.494395,-49.3358,,False,1,1,2023-06-15T22:03:36.217693+00:00
CUR_JI020,Curitiba,4106902,1,,712,,,-25.495263,-49.337965,,False,1,2,2023-06-15T22:03:36.217693+00:00
CUR_HI049,Curitiba,4106902,1,,712,,,-25.511775,-49.328755,,False,1,2,2023-06-15T22:05:36.217693+00:00
CUR_HI026,Curitiba,4106902,1,,680,,,-25.515181,-49.294568,,False,1,1,2023-06-15T22:03:36.217693+00:00
CUR_HI033,Curitiba,4106902,1,,680,,,-25.576916,-49.331748,,False,1,2,2023-06-15T21:59:36.217693+00:00
CUR_HI036,Curitiba,4106902,1,,680,,,-25.55162,-49.305265,,False,1,1,2023-06-15T21:54:36.217693+00:00
CUR_HI045,Curitiba,4106902,1,,680,,,-25.543193,-49.303125,,False,1,1,2023-06-15T22:04:36.217693+00:00
CUR_HC008,Curitiba,4106902,1,,680,,,-25.576246,-49.331458,,False,1,2,2023-06-15T22:05:36.217693+00:00
CUR_HI028,Curitiba,4106902,1,,680,,,-25.580673,-49.317518,,False,1,2,2023-06-15T22:03:36.217693+00:00
CUR_HI039,Curitiba,4106902,1,,680,,,-25.57588,-49.31666,,False,1,2,2023-06-15T22:02:36.217693+00:00
CUR_HI037,Curitiba,4106902,1,,655,,,-25.520451,-49.295435,,False,1,2,2023-06-15T22:04:36.217693+00:00
CUR_HI025,Curitiba,4106902,1,,655,,,-25.565786,-49.326291,,False,1,1,2023-06-15T22:03:36.217693+00:00
CUR_HE731,Curitiba,4106902,0,URBS,603,https://moovitapp.com/index/pt-br/transporte_p%C3%BAblico-line-603_PINHEIRINHO_RUI_BARBOSA-Curitiba-942-9628-484781-0,-1.0,-25.493763,-49.293848,,False,5,2,2023-06-15T22:03:36.217693+00:00
CUR_HE727,Curitiba,4106902,0,URBS,603,https://moovitapp.com/index/pt-br/transporte_p%C3%BAblico-line-603_PINHEIRINHO_RUI_BARBOSA-Curitiba-942-9628-484781-0,-1.0,-25.462091,-49.290166,,False,5,1,2023-06-15T22:02:36.217693+00:00
CUR_HE726,Curitiba,4106902,0,URBS,603,https://moovitapp.com/index/pt-br/transporte_p%C3%BAblico-line-603_PINHEIRINHO_RUI_BARBOSA-Curitiba-942-9628-484781-0,-1.0,-25.441641,-49.277205,,False,5,1,2023-06-15T22:03:36.217693+00:00
CUR_HE728,Curitiba,4106902,0,URBS,603,https://moovitapp.com/index/pt-br/transporte_p%C3%BAblico-line-603_PINHEIRINHO_RUI_BARBOSA-Curitiba-942-9628-484781-0,-1.0,-25.442766,-49.279958,,False,5,2,2023-06-15T22:04:36.217693+00:00
CUR_HE725,Curitiba,4106902,0,URBS,603,https://moovitapp.com/index/pt-br/transporte_p%C3%BAblico-line-603_PINHEIRINHO_RUI_BARBOSA-Curitiba-942-9628-484781-0,-1.0,-25.47937,-49.292161,,False,5,2,2023-06-15T22:04:36.217693+00:00
CUR_HE723,Curitiba,4106902,0,URBS,603,https://moovitapp.com/index/pt-br/transporte_p%C3%BAblico-line-603_PINHEIRINHO_RUI_BARBOSA-Curitiba-942-9628-484781-0,-1.0,-25.496365,-49.296125,,False,5,2,2023-06-15T22:02:36.217693+00:00
CUR_HE704,Curitiba,4106902,0,URBS,603,https://moovitapp.com/index/pt-br/transporte_p%C3%BAblico-line-603_PINHEIRINHO_RUI_BARBOSA-Curitiba-942-9628-484781-0,-1.0,-25.452765,-49.28782,,False,5,2,2023-06-15T22:04:36.217693+00:00
CUR_HE706,Curitiba,4106902,0,URBS,603,https://moovitapp.com/index/pt-br/transporte_p%C3%BAblico-line-603_PINHEIRINHO_RUI_BARBOSA-Curitiba-942-9628-484781-0,-1.0,-25.46534,-49.291541,,False,5,1,2023-06-15T22:05:36.217693+00:00
CUR_HD246,Curitiba,4106902,0,URBS,603,https://moovitapp.com/index/pt-br/transporte_p%C3%BAblico-line-603_PINHEIRINHO_RUI_BARBOSA-Curitiba-942-9628-484781-0,-1.0,-25.445061,-49.285741,,False,5,2,2023-06-15T22:01:36.217693+00:00
CUR_GE705,Curitiba,4106902,0,URBS,550,https://moovitapp.com/index/pt-br/transporte_p%C3%BAblico-line-550_LIGEIR%C3%83O_PINHEIRINHO_CARLOS_GOMES-Curitiba-942-9628-1254061-0,-1.0,-25.512618,-49.28958,,False,5,2,2023-06-15T22:05:36.217693+00:00
CUR_HE721,Curitiba,4106902,0,URBS,603,https://moovitapp.com/index/pt-br/transporte_p%C3%BAblico-line-603_PINHEIRINHO_RUI_BARBOSA-Curitiba-942-9628-484781-0,-1.0,-25.482013,-49.292783,,False,5,1,2023-06-15T22:03:36.217693+00:00
CUR_HE708,Curitiba,4106902,0,URBS,603,https://moovitapp.com/index/pt-br/transporte_p%C3%BAblico-line-603_PINHEIRINHO_RUI_BARBOSA-Curitiba-942-9628-484781-0,-1.0,-25.539505,-49.30865,,False,5,,2023-06-15T21:58:36.217693+00:00
CUR_ML307,Curitiba,4106902,0,URBS,307,https://moovitapp.com/index/pt-br/transporte_p%C3%BAblico-line-307_BAIRRO_ALTO_SANTA_FELICIDADE-Curitiba-942-9628-1323712-0,-1.0,-25.416283,-49.295086,,False,3,1,2023-06-15T22:03:36.217693+00:00
CUR_ML312,Curitiba,4106902,0,URBS,307,https://moovitapp.com/index/pt-br/transporte_p%C3%BAblico-line-307_BAIRRO_ALTO_SANTA_FELICIDADE-Curitiba-942-9628-1323712-0,-1.0,-25.426063,-49.242255,,False,3,1,2023-06-15T22:04:36.217693+00:00
CUR_BL325,Curitiba,4106902,0,URBS,307,https://moovitapp.com/index/pt-br/transporte_p%C3%BAblico-line-307_BAIRRO_ALTO_SANTA_FELICIDADE-Curitiba-942-9628-1323712-0,-1.0,-25.423638,-49.202366,,False,3,2,2023-06-15T22:03:36.217693+00:00
CUR_CL306,Curitiba,4106902,0,URBS,307,https://moovitapp.com/index/pt-br/transporte_p%C3%BAblico-line-307_BAIRRO_ALTO_SANTA_FELICIDADE-Curitiba-942-9628-1323712-0,-1.0,-25.415166,-49.302491,,False,3,2,2023-06-15T22:05:36.217693+00:00
CUR_ML308,Curitiba,4106902,0,URBS,307,https://moovitapp.com/index/pt-br/transporte_p%C3%BAblico-line-307_BAIRRO_ALTO_SANTA_FELICIDADE-Curitiba-942-9628-1323712-0,-1.0,-25.429491,-49.22044,,False,3,2,2023-06-15T22:04:36.217693+00:00
CUR_BL328,Curitiba,4106902,0,URBS,307,https://moovitapp.com/index/pt-br/transporte_p%C3%BAblico-line-307_BAIRRO_ALTO_SANTA_FELICIDADE-Curitiba-942-9628-1323712-0,-1.0,-25.422336,-49.291555,,False,3,1,2023-06-15T22:02:36.217693+00:00
CUR_CL303,Curitiba,4106902,0,URBS,307,https://moovitapp.com/index/pt-br/transporte_p%C3%BAblico-line-307_BAIRRO_ALTO_SANTA_FELICIDADE-Curitiba-942-9628-1323712-0,-1.0,-25.428591,-49.241145,,False,3,2,2023-06-15T22:05:36.217693+00:00
CUR_CL302,Curitiba,4106902,0,URBS,307,https://moovitapp.com/index/pt-br/transporte_p%C3%BAblico-line-307_BAIRRO_ALTO_SANTA_FELICIDADE-Curitiba-942-9628-1323712-0,-1.0,-25.429221,-49.271685,,False,3,2,2023-06-15T22:05:36.217693+00:00
CUR_ML309,Curitiba,4106902,0,URBS,307,https://moovitapp.com/index/pt-br/transporte_p%C3%BAblico-line-307_BAIRRO_ALTO_SANTA_FELICIDADE-Curitiba-942-9628-1323712-0,-1.0,-25.428373,-49.272298,,False,3,1,2023-06-15T22:03:36.217693+00:00
CUR_CL039,Curitiba,4106902,0,URBS,307,https://moovitapp.com/index/pt-br/transporte_p%C3%BAblico-line-307_BAIRRO_ALTO_SANTA_FELICIDADE-Curitiba-942-9628-1323712-0,-1.0,-25.428506,-49.266995,,False,3,2,2023-06-15T22:04:36.217693+00:00
CUR_MA011,Curitiba,4106902,1,,924,,,-25.370968,-49.274886,,False,1,2,2023-06-15T22:03:36.217693+00:00
CUR_MI004,Curitiba,4106902,1,,924,,,-25.366898,-49.264775,,False,1,1,2023-06-15T22:02:36.217693+00:00
CUR_BI023,Curitiba,4106902,1,,924,,,-25.374123,-49.27414,,False,1,2,2023-06-15T22:04:36.217693+00:00
CUR_MI003,Curitiba,4106902,1,,924,,,-25.402246,-49.326956,,False,1,1,2023-06-15T22:02:36.217693+00:00
CUR_BI014,Curitiba,4106902,1,,924,,,-25.395795,-49.313863,,False,1,2,2023-06-15T22:02:36.217693+00:00
CUR_BI010,Curitiba,4106902,1,,924,,,-25.382001,-49.312233,,False,1,2,2023-06-15T21:58:36.217693+00:00
CUR_BA026,Curitiba,4106902,1,,924,,,-25.373771,-49.22544,,False,1,1,2023-06-15T22:01:36.217693+00:00
CUR_DR408,Curitiba,4106902,1,,335,,,-25.511108,-49.223896,,False,4,1,2023-06-15T22:05:36.217693+00:00
CUR_EI008,Curitiba,4106902,1,,335,,,-25.468813,-49.207878,,False,1,1,2023-06-15T22:05:36.217693+00:00
CUR_DR407,Curitiba,4106902,1,,335,,,-25.469605,-49.206043,,False,4,1,2023-06-15T22:05:36.217693+00:00
CUR_EA025,Curitiba,4106902,1,,335,,,-25.500285,-49.220085,,False,1,1,2023-06-15T22:05:36.217693+00:00
CUR_DA698,Curitiba,4106902,1,,335,,,-25.497766,-49.217796,,False,4,2,2023-06-15T22:05:36.217693+00:00
CUR_EI012,Curitiba,4106902,1,,561,,,-25.483191,-49.27052,,False,1,1,2023-06-15T22:05:36.217693+00:00
CUR_EA010,Curitiba,4106902,1,,561,,,-25.440151,-49.27179,,False,1,2,2023-06-15T22:03:36.217693+00:00
CUR_KE701,Curitiba,4106902,0,URBS,503,https://moovitapp.com/index/pt-br/transporte_p%C3%BAblico-line-503_BOQUEIR%C3%83O-Curitiba-942-9628-294244-0,-1.0,-25.480276,-49.247858,,False,5,1,2023-06-15T22:05:36.217693+00:00
CUR_KE702,Curitiba,4106902,0,URBS,503,https://moovitapp.com/index/pt-br/transporte_p%C3%BAblico-line-503_BOQUEIR%C3%83O-Curitiba-942-9628-294244-0,-1.0,-25.514016,-49.23139,,False,5,1,2023-06-15T22:05:36.217693+00:00
CUR_GE614,Curitiba,4106902,0,URBS,503,https://moovitapp.com/index/pt-br/transporte_p%C3%BAblico-line-503_BOQUEIR%C3%83O-Curitiba-942-9628-294244-0,-1.0,-25.45554,-49.259908,,False,4,2,2023-06-15T22:00:36.217693+00:00
CUR_KE706,Curitiba,4106902,0,URBS,503,https://moovitapp.com/index/pt-br/transporte_p%C3%BAblico-line-503_BOQUEIR%C3%83O-Curitiba-942-9628-294244-0,-1.0,-25.451021,-49.262163,,False,5,1,2023-06-15T22:05:36.217693+00:00
CUR_KE704,Curitiba,4106902,0,URBS,503,https://moovitapp.com/index/pt-br/transporte_p%C3%BAblico-line-503_BOQUEIR%C3%83O-Curitiba-942-9628-294244-0,-1.0,-25.459323,-49.258205,,False,5,2,2023-06-15T22:05:36.217693+00:00
CUR_GE602,Curitiba,4106902,0,URBS,503,https://moovitapp.com/index/pt-br/transporte_p%C3%BAblico-line-503_BOQUEIR%C3%83O-Curitiba-942-9628-294244-0,-1.0,-25.511446,-49.232695,,False,4,2,2023-06-15T22:04:36.217693+00:00
CUR_KE703,Curitiba,4106902,0,URBS,503,https://moovitapp.com/index/pt-br/transporte_p%C3%BAblico-line-503_BOQUEIR%C3%83O-Curitiba-942-9628-294244-0,-1.0,-25.437906,-49.267391,,False,5,2,2023-06-15T22:03:36.217693+00:00
CUR_GE608,Curitiba,4106902,0,URBS,503,https://moovitapp.com/index/pt-br/transporte_p%C3%BAblico-line-503_BOQUEIR%C3%83O-Curitiba-942-9628-294244-0,-1.0,-25.473708,-49.251075,,False,4,1,2023-06-15T22:01:36.217693+00:00
CUR_JA030,Curitiba,4106902,1,,714,,,-25.489938,-49.349886,,False,1,,2023-06-15T22:04:36.217693+00:00
CUR_EB600,Curitiba,4106902,1,,021,,,-25.390246,-49.259756,,False,4,,2023-06-15T22:05:36.217693+00:00
CUR_CB604,Curitiba,4106902,1,,021,,,-25.471525,-49.29965,,False,4,,2023-06-15T22:05:36.217693+00:00
CUR_BB614,Curitiba,4106902,1,,021,,,-25.491375,-49.256558,,False,4,,2023-06-15T22:03:36.217693+00:00
CUR_GB601,Curitiba,4106902,1,,021,,,-25.442178,-49.221751,,False,4,,2023-06-15T22:01:36.217693+00:00
CUR_BA602,Curitiba,4106902,1,,021,,,-25.456476,-49.303526,,False,4,,2023-06-15T22:01:36.217693+00:00
CUR_BB612,Curitiba,4106902,1,,021,,,-25.431433,-49.299618,,False,4,,2023-06-15T22:02:36.217693+00:00
CUR_KB697,Curitiba,4106902,0,,021,,,-25.491218,-49.299636,,False,4,,2023-06-15T22:05:36.217693+00:00
CUR_XY043,Curitiba,4106902,0,,021,,,-25.496231,-49.284206,,False,3,,2023-06-15T22:04:36.217693+00:00
CUR_GR123,Curitiba,4106902,1,,021,,,-25.42988,-49.214995,,False,4,,2023-06-15T22:03:36.217693+00:00
CUR_KB696,Curitiba,4106902,0,,021,,,-25.390276,-49.258693,,False,4,,2023-06-15T22:05:36.217693+00:00
CUR_EB603,Curitiba,4106902,1,,021,,,-25.43436,-49.30622,,False,4,,2023-06-15T22:05:36.217693+00:00
CUR_BB600,Curitiba,4106902,1,,021,,,-25.480953,-49.246218,,False,4,1,2023-06-15T22:04:36.217693+00:00
CUR_BB610,Curitiba,4106902,1,,021,,,-25.419498,-49.239928,,False,4,,2023-06-15T22:02:36.217693+00:00
CUR_EL329,Curitiba,4106902,1,URBS,506,https://moovitapp.com/index/pt-br/transporte_p%C3%BAblico-line-506_BAIRRO_NOVO-Curitiba-942-9628-294299-0,-1.0,-25.455703,-49.267806,,False,3,2,2023-06-15T22:04:36.217693+00:00
CUR_EL318,Curitiba,4106902,1,URBS,506,https://moovitapp.com/index/pt-br/transporte_p%C3%BAblico-line-506_BAIRRO_NOVO-Curitiba-942-9628-294299-0,-1.0,-25.47524,-49.258863,,False,3,1,2023-06-15T22:05:36.217693+00:00
CUR_GL302,Curitiba,4106902,0,URBS,506,https://moovitapp.com/index/pt-br/transporte_p%C3%BAblico-line-506_BAIRRO_NOVO-Curitiba-942-9628-294299-0,-1.0,-25.436123,-49.271786,,False,3,1,2023-06-15T22:05:36.217693+00:00
CUR_EL328,Curitiba,4106902,1,URBS,506,https://moovitapp.com/index/pt-br/transporte_p%C3%BAblico-line-506_BAIRRO_NOVO-Curitiba-942-9628-294299-0,-1.0,-25.518318,-49.271648,,False,3,1,2023-06-15T22:05:36.217693+00:00
CUR_EL327,Curitiba,4106902,1,URBS,506,https://moovitapp.com/index/pt-br/transporte_p%C3%BAblico-line-506_BAIRRO_NOVO-Curitiba-942-9628-294299-0,-1.0,-25.513206,-49.279381,,False,3,2,2023-06-15T22:05:36.217693+00:00
CUR_GL308,Curitiba,4106902,0,URBS,506,https://moovitapp.com/index/pt-br/transporte_p%C3%BAblico-line-506_BAIRRO_NOVO-Curitiba-942-9628-294299-0,-1.0,-25.542445,-49.26963,,False,3,2,2023-06-15T22:05:36.217693+00:00
CUR_GL312,Curitiba,4106902,0,URBS,506,https://moovitapp.com/index/pt-br/transporte_p%C3%BAblico-line-506_BAIRRO_NOVO-Curitiba-942-9628-294299-0,-1.0,-25.522215,-49.271295,,False,3,1,2023-06-15T22:03:36.217693+00:00
CUR_GL080,Curitiba,4106902,0,URBS,506,https://moovitapp.com/index/pt-br/transporte_p%C3%BAblico-line-506_BAIRRO_NOVO-Curitiba-942-9628-294299-0,-1.0,-25.553223,-49.250923,,False,3,2,2023-06-15T22:02:36.217693+00:00
CUR_GL322,Curitiba,4106902,0,URBS,506,https://moovitapp.com/index/pt-br/transporte_p%C3%BAblico-line-506_BAIRRO_NOVO-Curitiba-942-9628-294299-0,-1.0,-25.471295,-49.263248,,False,3,2,2023-06-15T21:59:36.217693+00:00
CUR_EL302,Curitiba,4106902,0,URBS,506,https://moovitapp.com/index/pt-br/transporte_p%C3%BAblico-line-506_BAIRRO_NOVO-Curitiba-942-9628-294299-0,-1.0,-25.476666,-49.259883,,False,3,2,2023-06-15T22:05:36.217693+00:00
CUR_EL316,Curitiba,4106902,0,URBS,506,https://moovitapp.com/index/pt-br/transporte_p%C3%BAblico-line-506_BAIRRO_NOVO-Curitiba-942-9628-294299-0,-1.0,-25.442823,-49.26816,,False,3,2,2023-06-15T22:05:36.217693+00:00
CUR_GL317,Curitiba,4106902,0,URBS,506,https://moovitapp.com/index/pt-br/transporte_p%C3%BAblico-line-506_BAIRRO_NOVO-Curitiba-942-9628-294299-0,-1.0,-25.443283,-49.26797,,False,3,1,2023-06-15T22:04:36.217693+00:00
CUR_EL075,Curitiba,4106902,0,URBS,506,https://moovitapp.com/index/pt-br/transporte_p%C3%BAblico-line-506_BAIRRO_NOVO-Curitiba-942-9628-294299-0,-1.0,-25.472268,-49.26137,,False,3,1,2023-06-15T22:05:36.217693+00:00
CUR_GL330,Curitiba,4106902,1,URBS,506,https://moovitapp.com/index/pt-br/transporte_p%C3%BAblico-line-506_BAIRRO_NOVO-Curitiba-942-9628-294299-0,-1.0,-25.475581,-49.259091,,False,3,1,2023-06-15T22:04:36.217693+00:00
CUR_EL304,Curitiba,4106902,0,URBS,506,https://moovitapp.com/index/pt-br/transporte_p%C3%BAblico-line-506_BAIRRO_NOVO-Curitiba-942-9628-294299-0,-1.0,-25.509303,-49.285008,,False,3,2,2023-06-15T21:58:36.217693+00:00
CUR_BI879,Curitiba,4106902,1,,311,,,-25.438291,-49.20575,,False,7,2,2023-06-15T22:03:36.217693+00:00
CUR_BC314,Curitiba,4106902,1,,372,,,-25.427536,-49.238373,,False,10,1,2023-06-15T22:03:36.217693+00:00
CUR_BI029,Curitiba,4106902,1,,372,,,-25.430908,-49.207411,,False,1,1,2023-06-15T22:01:36.217693+00:00
CUR_BC015,Curitiba,4106902,1,,372,,,-25.432403,-49.269158,,False,1,2,2023-06-15T22:04:36.217693+00:00
CUR_BC002,Curitiba,4106902,1,,183,,,-25.361958,-49.27164,,False,1,2,2023-06-15T22:04:36.217693+00:00
CUR_BC028,Curitiba,4106902,1,,183,,,-25.409145,-49.271523,,False,1,1,2023-06-15T22:04:36.217693+00:00
CUR_BL313,Curitiba,4106902,0,URBS,700,https://moovitapp.com/index/pt-br/transporte_p%C3%BAblico-line-700_PINHEIRINHO_CABRAL-Curitiba-942-9628-757429-0,-1.0,-25.414353,-49.259833,,False,3,1,2023-06-15T22:03:36.217693+00:00
CUR_HL498,Curitiba,4106902,1,URBS,700,https://moovitapp.com/index/pt-br/transporte_p%C3%BAblico-line-700_PINHEIRINHO_CABRAL-Curitiba-942-9628-757429-0,-1.0,-25.482181,-49.295365,,False,3,2,2023-06-15T22:01:36.217693+00:00
CUR_BL310,Curitiba,4106902,0,URBS,700,https://moovitapp.com/index/pt-br/transporte_p%C3%BAblico-line-700_PINHEIRINHO_CABRAL-Curitiba-942-9628-757429-0,-1.0,-25.448335,-49.280698,,False,3,2,2023-06-15T22:00:36.217693+00:00
CUR_HL495,Curitiba,4106902,1,URBS,700,https://moovitapp.com/index/pt-br/transporte_p%C3%BAblico-line-700_PINHEIRINHO_CABRAL-Curitiba-942-9628-757429-0,-1.0,-25.434563,-49.262716,,False,3,1,2023-06-15T22:03:36.217693+00:00
CUR_BL305,Curitiba,4106902,0,URBS,700,https://moovitapp.com/index/pt-br/transporte_p%C3%BAblico-line-700_PINHEIRINHO_CABRAL-Curitiba-942-9628-757429-0,-1.0,-25.462568,-49.291303,,False,3,2,2023-06-15T22:02:36.217693+00:00
CUR_HL494,Curitiba,4106902,1,URBS,700,https://moovitapp.com/index/pt-br/transporte_p%C3%BAblico-line-700_PINHEIRINHO_CABRAL-Curitiba-942-9628-757429-0,-1.0,-25.417615,-49.268251,,False,3,1,2023-06-15T22:04:36.217693+00:00
CUR_BL326,Curitiba,4106902,0,URBS,700,https://moovitapp.com/index/pt-br/transporte_p%C3%BAblico-line-700_PINHEIRINHO_CABRAL-Curitiba-942-9628-757429-0,-1.0,-25.445963,-49.274513,,False,3,2,2023-06-15T22:00:36.217693+00:00
CUR_HL324,Curitiba,4106902,0,URBS,700,https://moovitapp.com/index/pt-br/transporte_p%C3%BAblico-line-700_PINHEIRINHO_CABRAL-Curitiba-942-9628-757429-0,-1.0,-25.476191,-49.292945,,False,3,2,2023-06-15T22:03:36.217693+00:00
CUR_BL315,Curitiba,4106902,0,URBS,700,https://moovitapp.com/index/pt-br/transporte_p%C3%BAblico-line-700_PINHEIRINHO_CABRAL-Curitiba-942-9628-757429-0,-1.0,-25.427148,-49.264225,,False,3,1,2023-06-15T22:01:36.217693+00:00
CUR_HL330,Curitiba,4106902,1,URBS,700,https://moovitapp.com/index/pt-br/transporte_p%C3%BAblico-line-700_PINHEIRINHO_CABRAL-Curitiba-942-9628-757429-0,-1.0,-25.498928,-49.2947,,False,3,2,2023-06-15T22:03:36.217693+00:00
CUR_GI024,Curitiba,4106902,1,,640,,,-25.533895,-49.293426,,False,1,2,2023-06-15T22:03:36.217693+00:00
CUR_GI048,Curitiba,4106902,1,,640,,,-25.513543,-49.295206,,False,1,1,2023-06-15T22:03:36.217693+00:00
CUR_GA178,Curitiba,4106902,1,,640,,,-25.544896,-49.294008,,False,1,1,2023-06-15T22:04:36.217693+00:00
CUR_BC315,Curitiba,4106902,1,,371,,,-25.427693,-49.265386,,False,10,2,2023-06-15T22:01:36.217693+00:00
CUR_BC313,Curitiba,4106902,1,,371,,,-25.41308,-49.205456,,False,10,1,2023-06-15T22:03:36.217693+00:00
CUR_BI865,Curitiba,4106902,1,,272,,,-25.428715,-49.269125,,False,7,2,2023-06-15T22:03:36.217693+00:00
CUR_BI885,Curitiba,4106902,1,,272,,,-25.39735,-49.256641,,False,7,1,2023-06-15T21:57:36.217693+00:00
CUR_BI869,Curitiba,4106902,1,,272,,,-25.372858,-49.246566,,False,7,2,2023-06-15T22:04:36.217693+00:00
CUR_BI882,Curitiba,4106902,1,Auto Viação São José,213,https://moovitapp.com/index/pt-br/transporte_p%C3%BAblico-line-213_PIT_PRA%C3%87A_DA_JUVENTUDE_CRISTAL_BLANCO_POMBO_HOR%C3%81RIO-Curitiba-942-857412-119631272-0,-1.0,-25.40671,-49.252583,,False,7,2,2023-06-15T22:02:36.217693+00:00
CUR_BI868,Curitiba,4106902,1,Auto Viação São José,213,https://moovitapp.com/index/pt-br/transporte_p%C3%BAblico-line-213_PIT_PRA%C3%87A_DA_JUVENTUDE_CRISTAL_BLANCO_POMBO_HOR%C3%81RIO-Curitiba-942-857412-119631272-0,-1.0,-25.392235,-49.215225,,False,7,1,2023-06-15T22:03:36.217693+00:00
CUR_HI611,Curitiba,4106902,1,,684,,,-25.52663,-49.298031,,False,4,1,2023-06-15T22:00:36.217693+00:00
CUR_HI613,Curitiba,4106902,1,,684,,,-25.576115,-49.331053,,False,4,1,2023-06-15T22:03:36.217693+00:00
CUR_HI602,Curitiba,4106902,1,,684,,,-25.587675,-49.33525,,False,4,2,2023-06-15T22:03:36.217693+00:00
CUR_HA614,Curitiba,4106902,1,,684,,,-25.576246,-49.331476,,False,4,2,2023-06-15T21:58:36.217693+00:00
CUR_HR413,Curitiba,4106902,1,,684,,,-25.584913,-49.338931,,False,4,2,2023-06-15T21:56:36.217693+00:00
CUR_HI603,Curitiba,4106902,0,,684,,,-25.585523,-49.318148,,False,4,1,2023-06-15T22:05:36.217693+00:00
CUR_HI604,Curitiba,4106902,1,,684,,,-25.515,-49.297291,,False,4,1,2023-06-15T22:04:36.217693+00:00
CUR_HA601,Curitiba,4106902,1,,684,,,-25.518858,-49.292863,,False,4,2,2023-06-15T22:04:36.217693+00:00
CUR_HA699,Curitiba,4106902,1,,684,,,-25.584228,-49.318081,,False,4,2,2023-06-15T22:04:36.217693+00:00
CUR_HI605,Curitiba,4106902,1,,684,,,-25.587338,-49.33519,,False,4,1,2023-06-15T21:59:36.217693+00:00
CUR_HA613,Curitiba,4106902,1,,684,,,-25.511743,-49.294983,,False,4,1,2023-06-15T22:04:36.217693+00:00
CUR_HI600,Curitiba,4106902,1,,646,,,-25.588563,-49.327453,,False,4,2,2023-06-15T22:04:36.217693+00:00
CUR_HI021,Curitiba,4106902,1,,646,,,-25.521285,-49.293316,,False,1,2,2023-06-15T21:57:36.217693+00:00
CUR_HA029,Curitiba,4106902,1,,646,,,-25.54269,-49.303006,,False,1,1,2023-06-15T21:53:36.217693+00:00
CUR_HR407,Curitiba,4106902,1,,646,,,-25.598451,-49.328391,,False,4,1,2023-06-15T22:02:36.217693+00:00
CUR_HA130,Curitiba,4106902,1,,646,,,-25.525848,-49.297513,,False,1,1,2023-06-15T22:04:36.217693+00:00
CUR_HI853,Curitiba,4106902,1,,644,,,-25.517311,-49.325846,,False,7,1,2023-06-15T22:05:36.217693+00:00
CUR_HI860,Curitiba,4106902,1,,674,,,-25.47108,-49.295211,,False,7,2,2023-06-15T22:04:36.217693+00:00
CUR_HC853,Curitiba,4106902,1,,674,,,-25.475786,-49.296535,,False,7,2,2023-06-15T22:00:36.217693+00:00
CUR_HI008,Curitiba,4106902,1,,826,,,-25.469415,-49.354305,,False,1,1,2023-06-15T22:05:36.217693+00:00
CUR_HI013,Curitiba,4106902,1,,826,,,-25.511671,-49.325785,,False,1,2,2023-06-15T22:05:36.217693+00:00
CUR_JA301,Curitiba,4106902,1,,826,,,-25.464986,-49.356445,,False,3,1,2023-06-15T22:04:36.217693+00:00
CUR_HA028,Curitiba,4106902,1,,826,,,-25.49855,-49.341901,,False,1,2,2023-06-15T22:03:36.217693+00:00
CUR_HC011,Curitiba,4106902,1,,826,,,-25.494921,-49.342785,,False,1,1,2023-06-15T22:03:36.217693+00:00
CUR_JA036,Curitiba,4106902,1,,826,,,-25.444143,-49.353586,,False,1,1,2023-06-15T22:03:36.217693+00:00
CUR_HI014,Curitiba,4106902,1,,826,,,-25.4693,-49.354371,,False,1,1,2023-06-15T21:56:36.217693+00:00
CUR_HB606,Curitiba,4106902,1,,060,,,-25.450463,-49.354491,,False,4,2,2023-06-15T22:03:36.217693+00:00
CUR_HB608,Curitiba,4106902,1,,060,,,-25.483956,-49.350271,,False,4,1,2023-06-15T22:04:36.217693+00:00
CUR_HB607,Curitiba,4106902,1,,060,,,-25.534473,-49.300733,,False,4,1,2023-06-15T22:03:36.217693+00:00
CUR_HB699,Curitiba,4106902,1,,060,,,-25.483638,-49.35016,,False,4,2,2023-06-15T22:02:36.217693+00:00
CUR_HB605,Curitiba,4106902,1,,060,,,-25.516465,-49.297245,,False,4,1,2023-06-15T22:03:36.217693+00:00
CUR_HE611,Curitiba,4106902,0,URBS,602,https://moovitapp.com/index/pt-br/transporte_p%C3%BAblico-line-602_CIRCULAR_SUL_ANTI_HOR%C3%81RIO-Curitiba-942-9628-294517-0,-1.0,-25.478283,-49.29212,,False,4,,2023-06-15T22:04:36.217693+00:00
CUR_HE604,Curitiba,4106902,0,URBS,602,https://moovitapp.com/index/pt-br/transporte_p%C3%BAblico-line-602_CIRCULAR_SUL_ANTI_HOR%C3%81RIO-Curitiba-942-9628-294517-0,-1.0,-25.470728,-49.25246,,False,4,,2023-06-15T22:02:36.217693+00:00
CUR_HE607,Curitiba,4106902,0,URBS,602,https://moovitapp.com/index/pt-br/transporte_p%C3%BAblico-line-602_CIRCULAR_SUL_ANTI_HOR%C3%81RIO-Curitiba-942-9628-294517-0,-1.0,-25.501636,-49.237533,,False,4,,2023-06-15T22:03:36.217693+00:00
CUR_GE604,Curitiba,4106902,0,URBS,602,https://moovitapp.com/index/pt-br/transporte_p%C3%BAblico-line-602_CIRCULAR_SUL_ANTI_HOR%C3%81RIO-Curitiba-942-9628-294517-0,-1.0,-25.476311,-49.28033,,False,4,,2023-06-15T22:03:36.217693+00:00
CUR_GE601,Curitiba,4106902,0,URBS,602,https://moovitapp.com/index/pt-br/transporte_p%C3%BAblico-line-602_CIRCULAR_SUL_ANTI_HOR%C3%81RIO-Curitiba-942-9628-294517-0,-1.0,-25.534543,-49.282838,,False,4,,2023-06-15T22:03:36.217693+00:00
CUR_HE605,Curitiba,4106902,0,URBS,602,https://moovitapp.com/index/pt-br/transporte_p%C3%BAblico-line-602_CIRCULAR_SUL_ANTI_HOR%C3%81RIO-Curitiba-942-9628-294517-0,-1.0,-25.512321,-49.295631,,False,4,,2023-06-15T22:00:36.217693+00:00
CUR_HE603,Curitiba,4106902,0,URBS,602,https://moovitapp.com/index/pt-br/transporte_p%C3%BAblico-line-602_CIRCULAR_SUL_ANTI_HOR%C3%81RIO-Curitiba-942-9628-294517-0,-1.0,-25.52394,-49.227823,,False,4,,2023-06-15T22:03:36.217693+00:00
CUR_GR032,Curitiba,4106902,0,URBS,602,https://moovitapp.com/index/pt-br/transporte_p%C3%BAblico-line-602_CIRCULAR_SUL_ANTI_HOR%C3%81RIO-Curitiba-942-9628-294517-0,-1.0,-25.511348,-49.232593,,False,4,,2023-06-15T22:03:36.217693+00:00
CUR_GE712,Curitiba,4106902,0,URBS,602,https://moovitapp.com/index/pt-br/transporte_p%C3%BAblico-line-602_CIRCULAR_SUL_ANTI_HOR%C3%81RIO-Curitiba-942-9628-294517-0,-1.0,-25.474906,-49.293268,,False,5,,2023-06-15T22:04:36.217693+00:00
CUR_GE611,Curitiba,4106902,0,URBS,602,https://moovitapp.com/index/pt-br/transporte_p%C3%BAblico-line-602_CIRCULAR_SUL_ANTI_HOR%C3%81RIO-Curitiba-942-9628-294517-0,-1.0,-25.494361,-49.294758,,False,4,,2023-06-15T21:59:36.217693+00:00
CUR_GR035,Curitiba,4106902,0,URBS,602,https://moovitapp.com/index/pt-br/transporte_p%C3%BAblico-line-602_CIRCULAR_SUL_ANTI_HOR%C3%81RIO-Curitiba-942-9628-294517-0,-1.0,-25.535141,-49.281908,,False,4,,2023-06-15T22:01:36.217693+00:00
CUR_GR036,Curitiba,4106902,0,URBS,602,https://moovitapp.com/index/pt-br/transporte_p%C3%BAblico-line-602_CIRCULAR_SUL_ANTI_HOR%C3%81RIO-Curitiba-942-9628-294517-0,-1.0,-25.476236,-49.280096,,False,4,,2023-06-15T22:04:36.217693+00:00
CUR_GE600,Curitiba,4106902,0,URBS,602,https://moovitapp.com/index/pt-br/transporte_p%C3%BAblico-line-602_CIRCULAR_SUL_ANTI_HOR%C3%81RIO-Curitiba-942-9628-294517-0,-1.0,-25.491931,-49.293613,,False,4,,2023-06-15T22:02:36.217693+00:00
CUR_GE732,Curitiba,4106902,0,URBS,602,https://moovitapp.com/index/pt-br/transporte_p%C3%BAblico-line-602_CIRCULAR_SUL_ANTI_HOR%C3%81RIO-Curitiba-942-9628-294517-0,-1.0,-25.482186,-49.246795,,False,5,,2023-06-15T22:02:36.217693+00:00
CUR_MN608,Curitiba,4106902,1,,915,,,-25.40067,-49.330623,,False,7,1,2023-06-15T22:03:36.217693+00:00
CUR_MI001,Curitiba,4106902,1,,817,,,-25.420575,-49.344733,,False,1,1,2023-06-15T22:02:36.217693+00:00
CUR_BA010,Curitiba,4106902,1,,817,,,-25.401496,-49.329825,,False,1,1,2023-06-15T22:02:36.217693+00:00
CUR_BA012,Curitiba,4106902,1,,817,,,-25.427256,-49.32812,,False,1,1,2023-06-15T22:02:36.217693+00:00
CUR_CA600,Curitiba,4106902,1,Auto Viação São José,216,https://moovitapp.com/index/pt-br/transporte_p%C3%BAblico-line-216_PIT_PRA%C3%87A_DA_JUVENTUDE_SANTA_F%C3%89_PINDORAMA-Curitiba-942-857412-122004458-0,-1.0,-25.457535,-49.269678,,False,4,2,2023-06-15T22:04:36.217693+00:00
CUR_HI609,Curitiba,4106902,1,Auto Viação São José,216,https://moovitapp.com/index/pt-br/transporte_p%C3%BAblico-line-216_PIT_PRA%C3%87A_DA_JUVENTUDE_SANTA_F%C3%89_PINDORAMA-Curitiba-942-857412-122004458-0,-1.0,-25.436663,-49.245275,,False,4,2,2023-06-15T22:03:36.217693+00:00
CUR_BA603,Curitiba,4106902,1,Auto Viação São José,216,https://moovitapp.com/index/pt-br/transporte_p%C3%BAblico-line-216_PIT_PRA%C3%87A_DA_JUVENTUDE_SANTA_F%C3%89_PINDORAMA-Curitiba-942-857412-122004458-0,-1.0,-25.429248,-49.249191,,False,4,2,2023-06-15T22:04:36.217693+00:00
CUR_CA697,Curitiba,4106902,1,Auto Viação São José,216,https://moovitapp.com/index/pt-br/transporte_p%C3%BAblico-line-216_PIT_PRA%C3%87A_DA_JUVENTUDE_SANTA_F%C3%89_PINDORAMA-Curitiba-942-857412-122004458-0,-1.0,-25.439483,-49.238675,,False,4,1,2023-06-15T22:05:36.217693+00:00
CUR_CA698,Curitiba,4106902,0,Auto Viação São José,216,https://moovitapp.com/index/pt-br/transporte_p%C3%BAblico-line-216_PIT_PRA%C3%87A_DA_JUVENTUDE_SANTA_F%C3%89_PINDORAMA-Curitiba-942-857412-122004458-0,-1.0,-25.45901,-49.271318,,False,4,2,2023-06-15T22:05:36.217693+00:00
CUR_GI600,Curitiba,4106902,1,,545,,,-25.538543,-49.279738,,False,4,2,2023-06-15T22:04:36.217693+00:00
CUR_BA604,Curitiba,4106902,1,Auto Viação São José,216,https://moovitapp.com/index/pt-br/transporte_p%C3%BAblico-line-216_PIT_PRA%C3%87A_DA_JUVENTUDE_SANTA_F%C3%89_PINDORAMA-Curitiba-942-857412-122004458-0,-1.0,-25.446866,-49.24773,,False,4,1,2023-06-15T22:04:36.217693+00:00
CUR_GI602,Curitiba,4106902,1,Auto Viação São José,216,https://moovitapp.com/index/pt-br/transporte_p%C3%BAblico-line-216_PIT_PRA%C3%87A_DA_JUVENTUDE_SANTA_F%C3%89_PINDORAMA-Curitiba-942-857412-122004458-0,-1.0,-25.549931,-49.29083,,False,4,2,2023-06-15T22:04:36.217693+00:00
CUR_BA600,Curitiba,4106902,1,Auto Viação São José,216,https://moovitapp.com/index/pt-br/transporte_p%C3%BAblico-line-216_PIT_PRA%C3%87A_DA_JUVENTUDE_SANTA_F%C3%89_PINDORAMA-Curitiba-942-857412-122004458-0,-1.0,-25.476918,-49.292361,,False,4,1,2023-06-15T22:04:36.217693+00:00
CUR_HA608,Curitiba,4106902,1,Auto Viação São José,216,https://moovitapp.com/index/pt-br/transporte_p%C3%BAblico-line-216_PIT_PRA%C3%87A_DA_JUVENTUDE_SANTA_F%C3%89_PINDORAMA-Curitiba-942-857412-122004458-0,-1.0,-25.41888,-49.248045,,False,4,2,2023-06-15T22:04:36.217693+00:00
CUR_HA606,Curitiba,4106902,1,Auto Viação São José,216,https://moovitapp.com/index/pt-br/transporte_p%C3%BAblico-line-216_PIT_PRA%C3%87A_DA_JUVENTUDE_SANTA_F%C3%89_PINDORAMA-Curitiba-942-857412-122004458-0,-1.0,-25.437885,-49.237475,,False,4,2,2023-06-15T21:59:36.217693+00:00
CUR_CI008,Curitiba,4106902,1,,222,,,-25.393196,-49.241228,,False,1,2,2023-06-15T22:05:36.217693+00:00
CUR_CI001,Curitiba,4106902,1,,222,,,-25.384481,-49.203406,,False,1,1,2023-06-15T22:05:36.217693+00:00
CUR_CI007,Curitiba,4106902,1,,222,,,-25.385541,-49.20358,,False,1,2,2023-06-15T22:05:36.217693+00:00
CUR_JI948,Curitiba,4106902,1,,861,,,-25.460735,-49.345258,,False,7,2,2023-06-15T22:04:36.217693+00:00
CUR_JI949,Curitiba,4106902,1,,861,,,-25.439948,-49.276976,,False,7,2,2023-06-15T22:03:36.217693+00:00
CUR_BI020,Curitiba,4106902,1,,242,,,-25.352501,-49.254365,,False,1,2,2023-06-15T22:05:36.217693+00:00
CUR_BI024,Curitiba,4106902,1,,242,,,-25.377826,-49.262518,,False,1,1,2023-06-15T22:02:36.217693+00:00
CUR_HI608,Curitiba,4106902,1,,619,,,-25.576126,-49.331286,,False,4,2,2023-06-15T22:01:36.217693+00:00
CUR_HI023,Curitiba,4106902,1,,619,,,-25.51327,-49.330833,,False,1,2,2023-06-15T22:04:36.217693+00:00
CUR_HI299,Curitiba,4106902,1,,653,,,-25.51168,-49.332865,,False,1,2,2023-06-15T22:03:36.217693+00:00
CUR_HA016,Curitiba,4106902,1,,653,,,-25.506625,-49.355826,,False,1,1,2023-06-15T21:59:36.217693+00:00
CUR_HA017,Curitiba,4106902,1,,653,,,-25.49777,-49.341226,,False,1,1,2023-06-15T22:03:36.217693+00:00
CUR_MA949,Curitiba,4106902,1,,967,,,-25.409921,-49.303776,,False,7,2,2023-06-15T22:04:36.217693+00:00
CUR_GC001,Curitiba,4106902,1,,635,,,-25.541971,-49.298255,,False,1,2,2023-06-15T22:05:36.217693+00:00
CUR_GL311,Curitiba,4106902,0,URBS,508,https://moovitapp.com/index/pt-br/transporte_p%C3%BAblico-line-508_S%C3%8DTIO_CERCADO_ANTI_HOR%C3%81RIO-Curitiba-942-9628-294520-0,-1.0,-25.480386,-49.24649,,False,3,,2023-06-15T22:05:36.217693+00:00
CUR_GL329,Curitiba,4106902,1,URBS,508,https://moovitapp.com/index/pt-br/transporte_p%C3%BAblico-line-508_S%C3%8DTIO_CERCADO_ANTI_HOR%C3%81RIO-Curitiba-942-9628-294520-0,-1.0,-25.430305,-49.264876,,False,3,,2023-06-15T22:04:36.217693+00:00
CUR_GL327,Curitiba,4106902,1,URBS,508,https://moovitapp.com/index/pt-br/transporte_p%C3%BAblico-line-508_S%C3%8DTIO_CERCADO_ANTI_HOR%C3%81RIO-Curitiba-942-9628-294520-0,-1.0,-25.512301,-49.295753,,False,3,,2023-06-15T22:01:36.217693+00:00
CUR_GL316,Curitiba,4106902,0,URBS,508,https://moovitapp.com/index/pt-br/transporte_p%C3%BAblico-line-508_S%C3%8DTIO_CERCADO_ANTI_HOR%C3%81RIO-Curitiba-942-9628-294520-0,-1.0,-25.443711,-49.273273,,False,3,,2023-06-15T21:59:36.217693+00:00
CUR_GL328,Curitiba,4106902,1,URBS,508,https://moovitapp.com/index/pt-br/transporte_p%C3%BAblico-line-508_S%C3%8DTIO_CERCADO_ANTI_HOR%C3%81RIO-Curitiba-942-9628-294520-0,-1.0,-25.53468,-49.268381,,False,3,,2023-06-15T22:01:36.217693+00:00
CUR_HL315,Curitiba,4106902,0,URBS,508,https://moovitapp.com/index/pt-br/transporte_p%C3%BAblico-line-508_S%C3%8DTIO_CERCADO_ANTI_HOR%C3%81RIO-Curitiba-942-9628-294520-0,-1.0,-25.491228,-49.293851,,False,3,,2023-06-15T22:04:36.217693+00:00
CUR_GL081,Curitiba,4106902,0,URBS,508,https://moovitapp.com/index/pt-br/transporte_p%C3%BAblico-line-508_S%C3%8DTIO_CERCADO_ANTI_HOR%C3%81RIO-Curitiba-942-9628-294520-0,-1.0,-25.49571,-49.295798,,False,3,,2023-06-15T22:03:36.217693+00:00
CUR_GL320,Curitiba,4106902,0,URBS,508,https://moovitapp.com/index/pt-br/transporte_p%C3%BAblico-line-508_S%C3%8DTIO_CERCADO_ANTI_HOR%C3%81RIO-Curitiba-942-9628-294520-0,-1.0,-25.516205,-49.23026,,False,3,,2023-06-15T22:03:36.217693+00:00
CUR_EL308,Curitiba,4106902,0,URBS,508,https://moovitapp.com/index/pt-br/transporte_p%C3%BAblico-line-508_S%C3%8DTIO_CERCADO_ANTI_HOR%C3%81RIO-Curitiba-942-9628-294520-0,-1.0,-25.451968,-49.28996,,False,3,,2023-06-15T22:04:36.217693+00:00
CUR_GL306,Curitiba,4106902,0,URBS,508,https://moovitapp.com/index/pt-br/transporte_p%C3%BAblico-line-508_S%C3%8DTIO_CERCADO_ANTI_HOR%C3%81RIO-Curitiba-942-9628-294520-0,-1.0,-25.433256,-49.265223,,False,3,,2023-06-15T22:03:36.217693+00:00
CUR_GL321,Curitiba,4106902,0,URBS,508,https://moovitapp.com/index/pt-br/transporte_p%C3%BAblico-line-508_S%C3%8DTIO_CERCADO_ANTI_HOR%C3%81RIO-Curitiba-942-9628-294520-0,-1.0,-25.527475,-49.292426,,False,3,,2023-06-15T22:03:36.217693+00:00
CUR_GL313,Curitiba,4106902,0,URBS,508,https://moovitapp.com/index/pt-br/transporte_p%C3%BAblico-line-508_S%C3%8DTIO_CERCADO_ANTI_HOR%C3%81RIO-Curitiba-942-9628-294520-0,-1.0,-25.449253,-49.25762,,False,3,,2023-06-15T22:04:36.217693+00:00
CUR_BA015,Curitiba,4106902,1,,827,,,-25.43913,-49.364413,,False,1,2,2023-06-15T22:03:36.217693+00:00
CUR_JI013,Curitiba,4106902,1,,828,,,-25.477938,-49.331691,,False,1,2,2023-06-15T22:02:36.217693+00:00
CUR_HI009,Curitiba,4106902,1,,828,,,-25.443176,-49.343791,,False,1,2,2023-06-15T22:02:36.217693+00:00
CUR_JI014,Curitiba,4106902,1,,828,,,-25.492363,-49.293143,,False,1,1,2023-06-15T22:03:36.217693+00:00
CUR_HA014,Curitiba,4106902,1,,828,,,-25.444506,-49.344363,,False,1,2,2023-06-15T22:02:36.217693+00:00
CUR_HA310,Curitiba,4106902,1,,828,,,-25.480031,-49.323718,,False,3,2,2023-06-15T22:05:36.217693+00:00
CUR_HA007,Curitiba,4106902,1,,828,,,-25.478925,-49.325175,,False,1,1,2023-06-15T22:05:36.217693+00:00
CUR_JA028,Curitiba,4106902,1,,658,,,-25.499655,-49.347896,,False,1,2,2023-06-15T22:04:36.217693+00:00
CUR_HA006,Curitiba,4106902,1,,658,,,-25.497865,-49.34235,,False,1,2,2023-06-15T22:03:36.217693+00:00
CUR_JI022,Curitiba,4106902,1,,658,,,-25.494276,-49.302196,,False,1,2,2023-06-15T22:05:36.217693+00:00
CUR_HA005,Curitiba,4106902,1,,658,,,-25.496015,-49.351608,,False,1,2,2023-06-15T22:03:36.217693+00:00
CUR_HA025,Curitiba,4106902,1,,658,,,-25.4954,-49.309651,,False,1,2,2023-06-15T22:03:36.217693+00:00
CUR_JA024,Curitiba,4106902,1,,658,,,-25.487478,-49.349503,,False,1,1,2023-06-15T22:04:36.217693+00:00
CUR_JI021,Curitiba,4106902,1,,658,,,-25.494981,-49.352,,False,1,2,2023-06-15T22:03:36.217693+00:00
CUR_JA027,Curitiba,4106902,1,,658,,,-25.494441,-49.336108,,False,1,2,2023-06-15T22:04:36.217693+00:00
CUR_HA124,Curitiba,4106902,1,,658,,,-25.496781,-49.350468,,False,1,1,2023-06-15T22:05:36.217693+00:00
CUR_JI863,Curitiba,4106902,1,,762,,,-25.446641,-49.27602,,False,7,1,2023-06-15T22:03:36.217693+00:00
CUR_JI861,Curitiba,4106902,1,,762,,,-25.460778,-49.298921,,False,7,2,2023-06-15T22:02:36.217693+00:00
CUR_JI866,Curitiba,4106902,1,,862,,,-25.432451,-49.271195,,False,7,1,2023-06-15T22:04:36.217693+00:00
CUR_BI850,Curitiba,4106902,1,,862,,,-25.449515,-49.318971,,False,7,1,2023-06-15T22:02:36.217693+00:00
CUR_HA311,Curitiba,4106902,1,,863,,,-25.433706,-49.270611,,False,3,2,2023-06-15T22:03:36.217693+00:00
CUR_HA010,Curitiba,4106902,1,,863,,,-25.539636,-49.307768,,False,1,,2023-06-15T21:56:36.217693+00:00
CUR_HA312,Curitiba,4106902,1,,614,,,-25.450278,-49.255096,,False,3,1,2023-06-15T22:02:36.217693+00:00
CUR_HA199,Curitiba,4106902,1,,863,,,-25.457868,-49.282715,,False,1,1,2023-06-15T22:04:36.217693+00:00
CUR_CI006,Curitiba,4106902,1,,341,,,-25.401143,-49.1974,,False,1,2,2023-06-15T22:05:36.217693+00:00
CUR_CI003,Curitiba,4106902,1,,341,,,-25.387431,-49.204995,,False,1,2,2023-06-15T22:05:36.217693+00:00
CUR_BI021,Curitiba,4106902,1,,341,,,-25.394071,-49.207015,,False,1,2,2023-06-15T22:03:36.217693+00:00
CUR_BI862,Curitiba,4106902,1,,244,,,-25.37104,-49.25392,,False,7,2,2023-06-15T21:54:36.217693+00:00
CUR_HI001,Curitiba,4106902,1,,628,,,-25.501481,-49.312936,,False,1,1,2023-06-15T22:04:36.217693+00:00
CUR_HA015,Curitiba,4106902,1,,628,,,-25.520685,-49.329198,,False,1,2,2023-06-15T22:04:36.217693+00:00
CUR_HI003,Curitiba,4106902,1,,801,,,-25.500315,-49.311795,,False,1,1,2023-06-15T22:02:36.217693+00:00
CUR_HI019,Curitiba,4106902,1,,628,,,-25.551385,-49.33214,,False,1,1,2023-06-15T22:02:36.217693+00:00
CUR_HC304,Curitiba,4106902,1,,380,,,-25.429883,-49.217143,,False,10,2,2023-06-15T22:04:36.217693+00:00
CUR_CI005,Curitiba,4106902,1,,380,,,-25.434958,-49.27517,,False,1,1,2023-06-15T22:05:36.217693+00:00
CUR_CC302,Curitiba,4106902,1,,380,,,-25.440151,-49.29425,,False,10,2,2023-06-15T22:05:36.217693+00:00
CUR_CC297,Curitiba,4106902,1,,380,,,-25.42749,-49.264533,,False,1,2,2023-06-15T22:05:36.217693+00:00
CUR_HI007,Curitiba,4106902,1,,617,,,-25.56356,-49.309085,,False,1,1,2023-06-15T21:58:36.217693+00:00
CUR_HA132,Curitiba,4106902,1,,617,,,-25.574073,-49.328306,,False,1,1,2023-06-15T22:04:36.217693+00:00
CUR_HI040,Curitiba,4106902,1,,617,,,-25.512545,-49.295321,,False,1,1,2023-06-15T21:59:36.217693+00:00
CUR_DA292,Curitiba,4106902,1,,474,,,-25.438555,-49.27016,,False,1,2,2023-06-15T22:05:36.217693+00:00
CUR_HA011,Curitiba,4106902,1,,659,,,-25.610846,-49.336426,,False,1,2,2023-06-15T22:05:36.217693+00:00
CUR_HI024,Curitiba,4106902,1,,659,,,-25.58183,-49.317666,,False,1,1,2023-06-15T22:03:36.217693+00:00
CUR_HA013,Curitiba,4106902,1,,659,,,-25.512843,-49.29493,,False,1,2,2023-06-15T22:04:36.217693+00:00
CUR_MC307,Curitiba,4106902,1,,901,,,-25.401035,-49.330295,,False,3,2,2023-06-15T22:04:36.217693+00:00
CUR_MC300,Curitiba,4106902,1,,901,,,-25.422481,-49.288941,,False,3,2,2023-06-15T22:04:36.217693+00:00
CUR_MC306,Curitiba,4106902,1,,901,,,-25.402801,-49.327055,,False,3,1,2023-06-15T22:04:36.217693+00:00
CUR_MC303,Curitiba,4106902,1,,901,,,-25.422548,-49.285351,,False,3,1,2023-06-15T22:03:36.217693+00:00
CUR_BC301,Curitiba,4106902,1,,182,,,-25.375656,-49.262733,,False,3,2,2023-06-15T22:04:36.217693+00:00
CUR_BI013,Curitiba,4106902,1,,182,,,-25.389305,-49.267448,,False,1,1,2023-06-15T22:02:36.217693+00:00
CUR_BI300,Curitiba,4106902,1,,182,,,-25.428518,-49.27107,,False,3,2,2023-06-15T22:04:36.217693+00:00
CUR_MC080,Curitiba,4106902,1,,917,,,-25.399978,-49.332768,,False,1,2,2023-06-15T22:02:36.217693+00:00
CUR_MA013,Curitiba,4106902,1,,917,,,-25.381625,-49.334308,,False,1,1,2023-06-15T22:02:36.217693+00:00
CUR_DC854,Curitiba,4106902,1,,387,,,-25.431778,-49.255946,,False,7,1,2023-06-15T22:05:36.217693+00:00
CUR_HI855,Curitiba,4106902,1,,814,,,-25.43192,-49.338938,,False,7,2,2023-06-15T22:03:36.217693+00:00
CUR_HN403,Curitiba,4106902,1,,814,,,-25.443566,-49.32852,,False,7,2,2023-06-15T22:04:36.217693+00:00
CUR_BA024,Curitiba,4106902,1,,342,,,-25.412983,-49.205061,,False,1,2,2023-06-15T22:02:36.217693+00:00
CUR_BI012,Curitiba,4106902,1,,342,,,-25.39514,-49.23955,,False,1,2,2023-06-15T22:03:36.217693+00:00
CUR_BA039,Curitiba,4106902,1,,342,,,-25.392008,-49.208801,,False,1,1,2023-06-15T22:05:36.217693+00:00
CUR_HL318,Curitiba,4106902,0,URBS,607,https://moovitapp.com/index/pt-br/transporte_p%C3%BAblico-line-607_COLOMBO_CIC-Curitiba-942-9628-294348-0,-1.0,-25.537736,-49.306616,,False,3,,2023-06-15T21:55:36.217693+00:00
CUR_HL316,Curitiba,4106902,0,URBS,607,https://moovitapp.com/index/pt-br/transporte_p%C3%BAblico-line-607_COLOMBO_CIC-Curitiba-942-9628-294348-0,-1.0,-25.477925,-49.295568,,False,3,1,2023-06-15T22:04:36.217693+00:00
CUR_HL329,Curitiba,4106902,1,URBS,607,https://moovitapp.com/index/pt-br/transporte_p%C3%BAblico-line-607_COLOMBO_CIC-Curitiba-942-9628-294348-0,-1.0,-25.431876,-49.2725,,False,3,1,2023-06-15T22:03:36.217693+00:00
CUR_HL496,Curitiba,4106902,1,URBS,607,https://moovitapp.com/index/pt-br/transporte_p%C3%BAblico-line-607_COLOMBO_CIC-Curitiba-942-9628-294348-0,-1.0,-25.383371,-49.231135,,False,3,2,2023-06-15T22:05:36.217693+00:00
CUR_HL331,Curitiba,4106902,1,URBS,607,https://moovitapp.com/index/pt-br/transporte_p%C3%BAblico-line-607_COLOMBO_CIC-Curitiba-942-9628-294348-0,-1.0,-25.470023,-49.283578,,False,3,1,2023-06-15T22:04:36.217693+00:00
CUR_HL320,Curitiba,4106902,0,URBS,607,https://moovitapp.com/index/pt-br/transporte_p%C3%BAblico-line-607_COLOMBO_CIC-Curitiba-942-9628-294348-0,-1.0,-25.3717,-49.199626,,False,3,2,2023-06-15T22:02:36.217693+00:00
CUR_HL325,Curitiba,4106902,0,URBS,607,https://moovitapp.com/index/pt-br/transporte_p%C3%BAblico-line-607_COLOMBO_CIC-Curitiba-942-9628-294348-0,-1.0,-25.436478,-49.271066,,False,3,1,2023-06-15T22:01:36.217693+00:00
CUR_HL493,Curitiba,4106902,1,URBS,607,https://moovitapp.com/index/pt-br/transporte_p%C3%BAblico-line-607_COLOMBO_CIC-Curitiba-942-9628-294348-0,-1.0,-25.417615,-49.268145,,False,3,2,2023-06-15T22:04:36.217693+00:00
CUR_HL328,Curitiba,4106902,0,URBS,607,https://moovitapp.com/index/pt-br/transporte_p%C3%BAblico-line-607_COLOMBO_CIC-Curitiba-942-9628-294348-0,-1.0,-25.431725,-49.278158,,False,3,1,2023-06-15T22:04:36.217693+00:00
CUR_HL310,Curitiba,4106902,0,URBS,607,https://moovitapp.com/index/pt-br/transporte_p%C3%BAblico-line-607_COLOMBO_CIC-Curitiba-942-9628-294348-0,-1.0,-25.477883,-49.293891,,False,3,1,2023-06-15T22:03:36.217693+00:00
CUR_HL319,Curitiba,4106902,0,URBS,607,https://moovitapp.com/index/pt-br/transporte_p%C3%BAblico-line-607_COLOMBO_CIC-Curitiba-942-9628-294348-0,-1.0,-25.373585,-49.214218,,False,3,2,2023-06-15T22:04:36.217693+00:00
CUR_GI851,Curitiba,4106902,1,,665,,,-25.4527,-49.266798,,False,7,2,2023-06-15T22:05:36.217693+00:00
CUR_GI008,Curitiba,4106902,1,,665,,,-25.511945,-49.281166,,False,1,2,2023-06-15T22:04:36.217693+00:00
CUR_BI874,Curitiba,4106902,1,,224,,,-25.383525,-49.238828,,False,7,,2023-06-15T22:01:36.217693+00:00
CUR_BI901,Curitiba,4106902,1,,361,,,-25.410715,-49.235231,,False,7,2,2023-06-15T22:04:36.217693+00:00
CUR_BA031,Curitiba,4106902,1,,375,,,-25.425896,-49.259241,,False,1,1,2023-06-15T22:03:36.217693+00:00
CUR_BC018,Curitiba,4106902,1,,375,,,-25.415508,-49.20491,,False,1,1,2023-06-15T22:04:36.217693+00:00
CUR_HE719,Curitiba,4106902,0,URBS,550,https://moovitapp.com/index/pt-br/transporte_p%C3%BAblico-line-550_LIGEIR%C3%83O_PINHEIRINHO_CARLOS_GOMES-Curitiba-942-9628-1254061-0,-1.0,-25.450968,-49.262165,,False,5,2,2023-06-15T22:04:36.217693+00:00
CUR_HE702,Curitiba,4106902,0,URBS,550,https://moovitapp.com/index/pt-br/transporte_p%C3%BAblico-line-550_LIGEIR%C3%83O_PINHEIRINHO_CARLOS_GOMES-Curitiba-942-9628-1254061-0,-1.0,-25.48006,-49.26258,,False,5,1,2023-06-15T22:03:36.217693+00:00
CUR_GE727,Curitiba,4106902,0,URBS,550,https://moovitapp.com/index/pt-br/transporte_p%C3%BAblico-line-550_LIGEIR%C3%83O_PINHEIRINHO_CARLOS_GOMES-Curitiba-942-9628-1254061-0,-1.0,-25.502231,-49.280728,,False,5,2,2023-06-15T22:04:36.217693+00:00
CUR_HE720,Curitiba,4106902,0,URBS,550,https://moovitapp.com/index/pt-br/transporte_p%C3%BAblico-line-550_LIGEIR%C3%83O_PINHEIRINHO_CARLOS_GOMES-Curitiba-942-9628-1254061-0,-1.0,-25.511863,-49.291235,,False,5,2,2023-06-15T22:04:36.217693+00:00
CUR_HE711,Curitiba,4106902,0,URBS,550,https://moovitapp.com/index/pt-br/transporte_p%C3%BAblico-line-550_LIGEIR%C3%83O_PINHEIRINHO_CARLOS_GOMES-Curitiba-942-9628-1254061-0,-1.0,-25.440008,-49.267608,,False,5,2,2023-06-15T22:04:36.217693+00:00
CUR_GE733,Curitiba,4106902,0,URBS,550,https://moovitapp.com/index/pt-br/transporte_p%C3%BAblico-line-550_LIGEIR%C3%83O_PINHEIRINHO_CARLOS_GOMES-Curitiba-942-9628-1254061-0,-1.0,-25.470205,-49.254756,,False,5,1,2023-06-15T22:03:36.217693+00:00
CUR_GE730,Curitiba,4106902,0,URBS,550,https://moovitapp.com/index/pt-br/transporte_p%C3%BAblico-line-550_LIGEIR%C3%83O_PINHEIRINHO_CARLOS_GOMES-Curitiba-942-9628-1254061-0,-1.0,-25.474935,-49.258716,,False,5,2,2023-06-15T22:04:36.217693+00:00
CUR_GE729,Curitiba,4106902,0,URBS,550,https://moovitapp.com/index/pt-br/transporte_p%C3%BAblico-line-550_LIGEIR%C3%83O_PINHEIRINHO_CARLOS_GOMES-Curitiba-942-9628-1254061-0,-1.0,-25.513493,-49.294948,,False,5,2,2023-06-15T22:05:36.217693+00:00
CUR_GE710,Curitiba,4106902,0,URBS,550,https://moovitapp.com/index/pt-br/transporte_p%C3%BAblico-line-550_LIGEIR%C3%83O_PINHEIRINHO_CARLOS_GOMES-Curitiba-942-9628-1254061-0,-1.0,-25.457895,-49.258878,,False,5,2,2023-06-15T22:04:36.217693+00:00
CUR_GD343,Curitiba,4106902,0,URBS,550,https://moovitapp.com/index/pt-br/transporte_p%C3%BAblico-line-550_LIGEIR%C3%83O_PINHEIRINHO_CARLOS_GOMES-Curitiba-942-9628-1254061-0,-1.0,-25.439141,-49.267986,,False,5,2,2023-06-15T22:01:36.217693+00:00
CUR_HE613,Curitiba,4106902,0,URBS,550,https://moovitapp.com/index/pt-br/transporte_p%C3%BAblico-line-550_LIGEIR%C3%83O_PINHEIRINHO_CARLOS_GOMES-Curitiba-942-9628-1254061-0,-1.0,-25.43393,-49.269225,,False,4,2,2023-06-15T22:03:36.217693+00:00
CUR_GE720,Curitiba,4106902,0,URBS,550,https://moovitapp.com/index/pt-br/transporte_p%C3%BAblico-line-550_LIGEIR%C3%83O_PINHEIRINHO_CARLOS_GOMES-Curitiba-942-9628-1254061-0,-1.0,-25.469453,-49.254033,,False,5,1,2023-06-15T22:00:36.217693+00:00
CUR_HE612,Curitiba,4106902,0,URBS,550,https://moovitapp.com/index/pt-br/transporte_p%C3%BAblico-line-550_LIGEIR%C3%83O_PINHEIRINHO_CARLOS_GOMES-Curitiba-942-9628-1254061-0,-1.0,-25.511738,-49.293825,,False,4,2,2023-06-15T22:00:36.217693+00:00
CUR_HE707,Curitiba,4106902,0,URBS,550,https://moovitapp.com/index/pt-br/transporte_p%C3%BAblico-line-550_LIGEIR%C3%83O_PINHEIRINHO_CARLOS_GOMES-Curitiba-942-9628-1254061-0,-1.0,-25.505593,-49.283328,,False,5,2,2023-06-15T21:58:36.217693+00:00
CUR_GE607,Curitiba,4106902,0,URBS,350,https://moovitapp.com/index/pt-br/transporte_p%C3%BAblico-line-350_FAGUNDES_VARELA_PINHEIRINHO-Curitiba-942-9628-52482798-0,-1.0,-25.48474,-49.266518,,False,4,1,2023-06-15T22:03:36.217693+00:00
CUR_HE700,Curitiba,4106902,0,URBS,350,https://moovitapp.com/index/pt-br/transporte_p%C3%BAblico-line-350_FAGUNDES_VARELA_PINHEIRINHO-Curitiba-942-9628-52482798-0,-1.0,-25.50755,-49.285008,,False,5,1,2023-06-15T22:04:36.217693+00:00
CUR_BE707,Curitiba,4106902,0,URBS,350,https://moovitapp.com/index/pt-br/transporte_p%C3%BAblico-line-350_FAGUNDES_VARELA_PINHEIRINHO-Curitiba-942-9628-52482798-0,-1.0,-25.408376,-49.219373,,False,5,2,2023-06-15T22:03:36.217693+00:00
CUR_BE717,Curitiba,4106902,0,URBS,350,https://moovitapp.com/index/pt-br/transporte_p%C3%BAblico-line-350_FAGUNDES_VARELA_PINHEIRINHO-Curitiba-942-9628-52482798-0,-1.0,-25.458985,-49.249893,,False,5,1,2023-06-15T22:04:36.217693+00:00
CUR_DA023,Curitiba,4106902,1,,338,,,-25.469838,-49.207325,,False,1,2,2023-06-15T22:05:36.217693+00:00
CUR_DC088,Curitiba,4106902,1,,338,,,-25.493478,-49.219876,,False,1,1,2023-06-15T22:05:36.217693+00:00
CUR_DA013,Curitiba,4106902,1,,338,,,-25.482535,-49.245725,,False,1,1,2023-06-15T22:05:36.217693+00:00
CUR_DC084,Curitiba,4106902,0,,338,,,-25.490583,-49.222281,,False,1,2,2023-06-15T22:05:36.217693+00:00
CUR_DC085,Curitiba,4106902,1,,338,,,-25.49941,-49.212616,,False,1,1,2023-06-15T22:04:36.217693+00:00
CUR_GC012,Curitiba,4106902,1,,338,,,-25.481736,-49.246818,,False,1,2,2023-06-15T22:05:36.217693+00:00
CUR_EA003,Curitiba,4106902,1,,338,,,-25.479698,-49.225185,,False,1,1,2023-06-15T22:05:36.217693+00:00
CUR_DA301,Curitiba,4106902,1,,468,,,-25.489343,-49.204691,,False,3,1,2023-06-15T22:02:36.217693+00:00
CUR_GC011,Curitiba,4106902,1,,338,,,-25.473346,-49.200288,,False,1,1,2023-06-15T22:04:36.217693+00:00
CUR_EA212,Curitiba,4106902,1,,338,,,-25.468923,-49.208358,,False,1,2,2023-06-15T22:05:36.217693+00:00
CUR_BE724,Curitiba,4106902,0,URBS,200,https://moovitapp.com/index/pt-br/transporte_p%C3%BAblico-line-200_LIGEIR%C3%83O_SANTA_C%C3%82NDIDA_PRA%C3%87A_DO_JAP%C3%83O-Curitiba-942-9628-1323763-0,-1.0,-25.37775,-49.226006,,False,5,1,2023-06-15T22:04:36.217693+00:00
CUR_BE721,Curitiba,4106902,0,URBS,200,https://moovitapp.com/index/pt-br/transporte_p%C3%BAblico-line-200_LIGEIR%C3%83O_SANTA_C%C3%82NDIDA_PRA%C3%87A_DO_JAP%C3%83O-Curitiba-942-9628-1323763-0,-1.0,-25.441666,-49.277198,,False,5,2,2023-06-15T21:58:36.217693+00:00
CUR_GE703,Curitiba,4106902,0,URBS,200,https://moovitapp.com/index/pt-br/transporte_p%C3%BAblico-line-200_LIGEIR%C3%83O_SANTA_C%C3%82NDIDA_PRA%C3%87A_DO_JAP%C3%83O-Curitiba-942-9628-1323763-0,-1.0,-25.407701,-49.25383,,False,5,1,2023-06-15T22:03:36.217693+00:00
CUR_BE712,Curitiba,4106902,0,URBS,200,https://moovitapp.com/index/pt-br/transporte_p%C3%BAblico-line-200_LIGEIR%C3%83O_SANTA_C%C3%82NDIDA_PRA%C3%87A_DO_JAP%C3%83O-Curitiba-942-9628-1323763-0,-1.0,-25.406495,-49.252576,,False,5,1,2023-06-15T22:04:36.217693+00:00
CUR_BE704,Curitiba,4106902,0,URBS,200,https://moovitapp.com/index/pt-br/transporte_p%C3%BAblico-line-200_LIGEIR%C3%83O_SANTA_C%C3%82NDIDA_PRA%C3%87A_DO_JAP%C3%83O-Curitiba-942-9628-1323763-0,-1.0,-25.390831,-49.237831,,False,5,1,2023-06-15T21:59:36.217693+00:00
CUR_HD242,Curitiba,4106902,0,URBS,200,https://moovitapp.com/index/pt-br/transporte_p%C3%BAblico-line-200_LIGEIR%C3%83O_SANTA_C%C3%82NDIDA_PRA%C3%87A_DO_JAP%C3%83O-Curitiba-942-9628-1323763-0,-1.0,-25.45813,-49.2889,,False,5,1,2023-06-15T22:03:36.217693+00:00
CUR_HD244,Curitiba,4106902,0,URBS,200,https://moovitapp.com/index/pt-br/transporte_p%C3%BAblico-line-200_LIGEIR%C3%83O_SANTA_C%C3%82NDIDA_PRA%C3%87A_DO_JAP%C3%83O-Curitiba-942-9628-1323763-0,-1.0,-25.407861,-49.253813,,False,5,2,2023-06-15T22:04:36.217693+00:00
CUR_HE709,Curitiba,4106902,0,URBS,200,https://moovitapp.com/index/pt-br/transporte_p%C3%BAblico-line-200_LIGEIR%C3%83O_SANTA_C%C3%82NDIDA_PRA%C3%87A_DO_JAP%C3%83O-Curitiba-942-9628-1323763-0,-1.0,-25.393355,-49.240391,,False,5,2,2023-06-15T22:03:36.217693+00:00
CUR_BD150,Curitiba,4106902,0,URBS,200,https://moovitapp.com/index/pt-br/transporte_p%C3%BAblico-line-200_LIGEIR%C3%83O_SANTA_C%C3%82NDIDA_PRA%C3%87A_DO_JAP%C3%83O-Curitiba-942-9628-1323763-0,-1.0,-25.394028,-49.240876,,False,5,1,2023-06-15T22:00:36.217693+00:00
CUR_BD139,Curitiba,4106902,0,URBS,200,https://moovitapp.com/index/pt-br/transporte_p%C3%BAblico-line-200_LIGEIR%C3%83O_SANTA_C%C3%82NDIDA_PRA%C3%87A_DO_JAP%C3%83O-Curitiba-942-9628-1323763-0,-1.0,-25.394358,-49.241245,,False,5,1,2023-06-15T22:00:36.217693+00:00
CUR_BE706,Curitiba,4106902,0,URBS,200,https://moovitapp.com/index/pt-br/transporte_p%C3%BAblico-line-200_LIGEIR%C3%83O_SANTA_C%C3%82NDIDA_PRA%C3%87A_DO_JAP%C3%83O-Curitiba-942-9628-1323763-0,-1.0,-25.42204,-49.2664,,False,5,1,2023-06-15T22:04:36.217693+00:00
CUR_HE710,Curitiba,4106902,0,URBS,200,https://moovitapp.com/index/pt-br/transporte_p%C3%BAblico-line-200_LIGEIR%C3%83O_SANTA_C%C3%82NDIDA_PRA%C3%87A_DO_JAP%C3%83O-Curitiba-942-9628-1323763-0,-1.0,-25.449526,-49.287996,,False,5,2,2023-06-15T22:03:36.217693+00:00
CUR_GE721,Curitiba,4106902,0,URBS,200,https://moovitapp.com/index/pt-br/transporte_p%C3%BAblico-line-200_LIGEIR%C3%83O_SANTA_C%C3%82NDIDA_PRA%C3%87A_DO_JAP%C3%83O-Curitiba-942-9628-1323763-0,-1.0,-25.430696,-49.26688,,False,5,1,2023-06-15T22:04:36.217693+00:00
CUR_BE729,Curitiba,4106902,0,URBS,200,https://moovitapp.com/index/pt-br/transporte_p%C3%BAblico-line-200_LIGEIR%C3%83O_SANTA_C%C3%82NDIDA_PRA%C3%87A_DO_JAP%C3%83O-Curitiba-942-9628-1323763-0,-1.0,-25.394656,-49.241506,,False,5,1,2023-06-15T22:04:36.217693+00:00
CUR_BE703,Curitiba,4106902,0,URBS,200,https://moovitapp.com/index/pt-br/transporte_p%C3%BAblico-line-200_LIGEIR%C3%83O_SANTA_C%C3%82NDIDA_PRA%C3%87A_DO_JAP%C3%83O-Curitiba-942-9628-1323763-0,-1.0,-25.440585,-49.274403,,False,5,2,2023-06-15T22:04:36.217693+00:00
CUR_BE701,Curitiba,4106902,0,URBS,200,https://moovitapp.com/index/pt-br/transporte_p%C3%BAblico-line-200_LIGEIR%C3%83O_SANTA_C%C3%82NDIDA_PRA%C3%87A_DO_JAP%C3%83O-Curitiba-942-9628-1323763-0,-1.0,-25.428178,-49.268418,,False,5,2,2023-06-15T22:05:36.217693+00:00
CUR_HE703,Curitiba,4106902,0,URBS,200,https://moovitapp.com/index/pt-br/transporte_p%C3%BAblico-line-200_LIGEIR%C3%83O_SANTA_C%C3%82NDIDA_PRA%C3%87A_DO_JAP%C3%83O-Curitiba-942-9628-1323763-0,-1.0,-25.441468,-49.276811,,False,5,2,2023-06-15T22:03:36.217693+00:00
CUR_DN606,Curitiba,4106902,0,,560,,,-25.465391,-49.264735,,False,7,1,2023-06-15T22:04:36.217693+00:00
CUR_BA030,Curitiba,4106902,1,,226,,,-25.38878,-49.243908,,False,1,2,2023-06-15T22:03:36.217693+00:00
CUR_BA027,Curitiba,4106902,1,,226,,,-25.375218,-49.238925,,False,1,1,2023-06-15T21:59:36.217693+00:00
CUR_BA001,Curitiba,4106902,1,,226,,,-25.37691,-49.2396,,False,1,2,2023-06-15T22:02:36.217693+00:00
CUR_BI888,Curitiba,4106902,1,,274,,,-25.428605,-49.270646,,False,7,2,2023-06-15T21:59:36.217693+00:00
CUR_BI863,Curitiba,4106902,1,,274,,,-25.373658,-49.263315,,False,7,1,2023-06-15T22:05:36.217693+00:00
CUR_MT010,Curitiba,4106902,0,,979,,,-25.413758,-49.311583,,False,3,,2023-06-15T22:04:36.217693+00:00
CUR_MT011,Curitiba,4106902,0,,979,,,-25.42256,-49.291635,,False,3,,2023-06-15T22:04:36.217693+00:00
CUR_BT007,Curitiba,4106902,0,,979,,,-25.397223,-49.287908,,False,3,,2023-06-15T22:04:36.217693+00:00
CUR_MT009,Curitiba,4106902,0,,979,,,-25.431966,-49.274778,,False,3,,2023-06-15T22:02:36.217693+00:00
CUR_JI857,Curitiba,4106902,1,,761,,,-25.461223,-49.294048,,False,7,2,2023-06-15T22:03:36.217693+00:00
CUR_DC850,Curitiba,4106902,1,,477,,,-25.451968,-49.25517,,False,7,2,2023-06-15T22:04:36.217693+00:00
CUR_DN400,Curitiba,4106902,1,,477,,,-25.458421,-49.245791,,False,7,1,2023-06-15T22:05:36.217693+00:00
CUR_GI012,Curitiba,4106902,1,,649,,,-25.526638,-49.290156,,False,1,1,2023-06-15T22:04:36.217693+00:00
CUR_GI016,Curitiba,4106902,1,,649,,,-25.53305,-49.273416,,False,1,2,2023-06-15T22:04:36.217693+00:00
CUR_GI020,Curitiba,4106902,1,,649,,,-25.521283,-49.296998,,False,1,1,2023-06-15T22:05:36.217693+00:00
CUR_BL340,Curitiba,4106902,1,URBS,256,https://moovitapp.com/index/pt-br/transporte_p%C3%BAblico-line-256_BARREIRINHA_GUADALUPE-Curitiba-942-9628-398191-0,-1.0,-25.402095,-49.263015,,False,3,1,2023-06-15T22:03:36.217693+00:00
CUR_BL316,Curitiba,4106902,0,URBS,256,https://moovitapp.com/index/pt-br/transporte_p%C3%BAblico-line-256_BARREIRINHA_GUADALUPE-Curitiba-942-9628-398191-0,-1.0,-25.384333,-49.261668,,False,3,1,2023-06-15T22:01:36.217693+00:00
CUR_BL312,Curitiba,4106902,0,URBS,256,https://moovitapp.com/index/pt-br/transporte_p%C3%BAblico-line-256_BARREIRINHA_GUADALUPE-Curitiba-942-9628-398191-0,-1.0,-25.42328,-49.268255,,False,3,2,2023-06-15T22:05:36.217693+00:00
CUR_BL302,Curitiba,4106902,0,URBS,256,https://moovitapp.com/index/pt-br/transporte_p%C3%BAblico-line-256_BARREIRINHA_GUADALUPE-Curitiba-942-9628-398191-0,-1.0,-25.39,-49.259176,,False,3,1,2023-06-15T22:05:36.217693+00:00
CUR_BL331,Curitiba,4106902,0,URBS,256,https://moovitapp.com/index/pt-br/transporte_p%C3%BAblico-line-256_BARREIRINHA_GUADALUPE-Curitiba-942-9628-398191-0,-1.0,-25.427168,-49.26489,,False,3,2,2023-06-15T22:00:36.217693+00:00
CUR_JI600,Curitiba,4106902,1,,545,,,-25.53941,-49.312311,,False,4,1,2023-06-15T22:03:36.217693+00:00
CUR_GI603,Curitiba,4106902,1,,545,,,-25.526236,-49.330365,,False,4,2,2023-06-15T22:03:36.217693+00:00
CUR_KA602,Curitiba,4106902,1,,545,,,-25.519061,-49.232876,,False,4,2,2023-06-15T22:05:36.217693+00:00
CUR_KA600,Curitiba,4106902,1,,545,,,-25.512011,-49.332175,,False,4,2,2023-06-15T22:05:36.217693+00:00
CUR_KA604,Curitiba,4106902,1,,545,,,-25.533523,-49.264705,,False,4,1,2023-06-15T22:05:36.217693+00:00
CUR_JC317,Curitiba,4106902,1,,545,,,-25.487931,-49.331015,,False,3,1,2023-06-15T22:03:36.217693+00:00
CUR_KA692,Curitiba,4106902,1,,545,,,-25.539548,-49.2833,,False,4,1,2023-06-15T22:05:36.217693+00:00
CUR_BI898,Curitiba,4106902,1,,169,,,-25.387088,-49.291421,,False,7,1,2023-06-15T22:04:36.217693+00:00
CUR_BI853,Curitiba,4106902,1,,169,,,-25.426856,-49.271811,,False,7,2,2023-06-15T22:00:36.217693+00:00
CUR_HI027,Curitiba,4106902,1,,630,,,-25.544183,-49.337305,,False,1,1,2023-06-15T22:00:36.217693+00:00
CUR_HI043,Curitiba,4106902,1,,630,,,-25.515176,-49.295121,,False,1,2,2023-06-15T22:03:36.217693+00:00
CUR_HC013,Curitiba,4106902,1,,630,,,-25.54187,-49.342141,,False,1,1,2023-06-15T22:00:36.217693+00:00
CUR_HI034,Curitiba,4106902,1,,630,,,-25.52191,-49.29556,,False,1,1,2023-06-15T22:01:36.217693+00:00
CUR_DA011,Curitiba,4106902,1,,322,,,-25.46802,-49.208871,,False,1,2,2023-06-15T22:05:36.217693+00:00
CUR_HI002,Curitiba,4106902,1,,772,,,-25.533133,-49.30029,,False,1,2,2023-06-15T22:01:36.217693+00:00
CUR_HI022,Curitiba,4106902,1,,772,,,-25.559998,-49.307501,,False,1,1,2023-06-15T22:03:36.217693+00:00
CUR_HA616,Curitiba,4106902,1,,772,,,-25.621365,-49.365363,,False,4,2,2023-06-15T22:01:36.217693+00:00
CUR_HA618,Curitiba,4106902,1,,772,,,-25.616048,-49.344256,,False,4,2,2023-06-15T22:04:36.217693+00:00
CUR_HI607,Curitiba,4106902,0,,772,,,-25.602441,-49.322208,,False,4,1,2023-06-15T21:53:36.217693+00:00
CUR_HA607,Curitiba,4106902,1,,772,,,-25.512378,-49.294935,,False,4,1,2023-06-15T22:03:36.217693+00:00
CUR_DC294,Curitiba,4106902,1,,334,,,-25.458888,-49.194105,,False,1,,2023-06-15T22:04:36.217693+00:00
CUR_BA013,Curitiba,4106902,1,,160,,,-25.430853,-49.278746,,False,1,2,2023-06-15T22:03:36.217693+00:00
CUR_BC025,Curitiba,4106902,1,,160,,,-25.438273,-49.272703,,False,1,1,2023-06-15T22:05:36.217693+00:00
CUR_DA291,Curitiba,4106902,1,,621,,,-25.481486,-49.255621,,False,1,2,2023-06-15T22:05:36.217693+00:00
CUR_DA033,Curitiba,4106902,1,,621,,,-25.489265,-49.285505,,False,1,2,2023-06-15T22:05:36.217693+00:00
CUR_DA029,Curitiba,4106902,1,,621,,,-25.482511,-49.255076,,False,1,2,2023-06-15T22:05:36.217693+00:00
CUR_EA013,Curitiba,4106902,1,,621,,,-25.487536,-49.283715,,False,1,1,2023-06-15T22:05:36.217693+00:00
CUR_DN603,Curitiba,4106902,1,,516,,,-25.482048,-49.246651,,False,7,1,2023-06-15T22:05:36.217693+00:00
CUR_BI857,Curitiba,4106902,1,,343,,,-25.404931,-49.209873,,False,7,2,2023-06-15T22:05:36.217693+00:00
CUR_DC852,Curitiba,4106902,1,,466,,,-25.449856,-49.231125,,False,7,2,2023-06-15T22:05:36.217693+00:00
CUR_BI002,Curitiba,4106902,1,Auto Viação São José,211,https://moovitapp.com/index/pt-br/transporte_p%C3%BAblico-line-211_PIT_PRA%C3%87A_DA_JUVENTUDE_IZAURA_IP%C3%8A-Curitiba-942-857412-73553392-0,-1.0,-25.405075,-49.24589,,False,1,2,2023-06-15T22:03:36.217693+00:00
CUR_BI004,Curitiba,4106902,1,Auto Viação São José,211,https://moovitapp.com/index/pt-br/transporte_p%C3%BAblico-line-211_PIT_PRA%C3%87A_DA_JUVENTUDE_IZAURA_IP%C3%8A-Curitiba-942-857412-73553392-0,-1.0,-25.403133,-49.241931,,False,1,2,2023-06-15T22:04:36.217693+00:00
CUR_BI001,Curitiba,4106902,1,Auto Viação São José,211,https://moovitapp.com/index/pt-br/transporte_p%C3%BAblico-line-211_PIT_PRA%C3%87A_DA_JUVENTUDE_IZAURA_IP%C3%8A-Curitiba-942-857412-73553392-0,-1.0,-25.406596,-49.21846,,False,1,1,2023-06-15T22:04:36.217693+00:00
CUR_DC853,Curitiba,4106902,1,,331,,,-25.469166,-49.20826,,False,7,,2023-06-15T22:03:36.217693+00:00
CUR_DA020,Curitiba,4106902,0,,323,,,-25.451903,-49.214951,,False,1,,2023-06-15T22:05:36.217693+00:00
CUR_DA293,Curitiba,4106902,1,,321,,,-25.468021,-49.208896,,False,1,1,2023-06-15T22:05:36.217693+00:00
CUR_EA001,Curitiba,4106902,1,,323,,,-25.454105,-49.197585,,False,1,,2023-06-15T22:05:36.217693+00:00
CUR_EA075,Curitiba,4106902,1,,323,,,-25.45213,-49.214861,,False,1,,2023-06-15T22:05:36.217693+00:00
CUR_MC079,Curitiba,4106902,1,,972,,,-25.41468,-49.303995,,False,1,2,2023-06-15T22:05:36.217693+00:00
CUR_MC077,Curitiba,4106902,1,,972,,,-25.413796,-49.310665,,False,1,1,2023-06-15T22:04:36.217693+00:00
CUR_EL326,Curitiba,4106902,1,URBS,507,https://moovitapp.com/index/pt-br/transporte_p%C3%BAblico-line-507_S%C3%8DTIO_CERCADO_HOR%C3%81RIO-Curitiba-942-9628-294494-0,-1.0,-25.451718,-49.284656,,False,3,,2023-06-15T22:05:36.217693+00:00
CUR_EL322,Curitiba,4106902,1,URBS,507,https://moovitapp.com/index/pt-br/transporte_p%C3%BAblico-line-507_S%C3%8DTIO_CERCADO_HOR%C3%81RIO-Curitiba-942-9628-294494-0,-1.0,-25.433038,-49.2637,,False,3,,2023-06-15T22:05:36.217693+00:00
CUR_EL319,Curitiba,4106902,1,URBS,507,https://moovitapp.com/index/pt-br/transporte_p%C3%BAblico-line-507_S%C3%8DTIO_CERCADO_HOR%C3%81RIO-Curitiba-942-9628-294494-0,-1.0,-25.512263,-49.294455,,False,3,,2023-06-15T22:05:36.217693+00:00
CUR_EL325,Curitiba,4106902,1,URBS,507,https://moovitapp.com/index/pt-br/transporte_p%C3%BAblico-line-507_S%C3%8DTIO_CERCADO_HOR%C3%81RIO-Curitiba-942-9628-294494-0,-1.0,-25.51645,-49.231035,,False,3,,2023-06-15T22:05:36.217693+00:00
CUR_EL333,Curitiba,4106902,1,URBS,507,https://moovitapp.com/index/pt-br/transporte_p%C3%BAblico-line-507_S%C3%8DTIO_CERCADO_HOR%C3%81RIO-Curitiba-942-9628-294494-0,-1.0,-25.462261,-49.256753,,False,3,,2023-06-15T22:05:36.217693+00:00
CUR_EL313,Curitiba,4106902,0,URBS,507,https://moovitapp.com/index/pt-br/transporte_p%C3%BAblico-line-507_S%C3%8DTIO_CERCADO_HOR%C3%81RIO-Curitiba-942-9628-294494-0,-1.0,-25.52712,-49.290613,,False,3,,2023-06-15T22:05:36.217693+00:00
CUR_GL310,Curitiba,4106902,0,URBS,507,https://moovitapp.com/index/pt-br/transporte_p%C3%BAblico-line-507_S%C3%8DTIO_CERCADO_HOR%C3%81RIO-Curitiba-942-9628-294494-0,-1.0,-25.53513,-49.269653,,False,3,,2023-06-15T22:04:36.217693+00:00
CUR_GL326,Curitiba,4106902,0,URBS,507,https://moovitapp.com/index/pt-br/transporte_p%C3%BAblico-line-507_S%C3%8DTIO_CERCADO_HOR%C3%81RIO-Curitiba-942-9628-294494-0,-1.0,-25.512305,-49.294428,,False,3,,2023-06-15T22:01:36.217693+00:00
CUR_EL300,Curitiba,4106902,0,URBS,507,https://moovitapp.com/index/pt-br/transporte_p%C3%BAblico-line-507_S%C3%8DTIO_CERCADO_HOR%C3%81RIO-Curitiba-942-9628-294494-0,-1.0,-25.501895,-49.237153,,False,3,,2023-06-15T22:05:36.217693+00:00
CUR_GL305,Curitiba,4106902,0,URBS,507,https://moovitapp.com/index/pt-br/transporte_p%C3%BAblico-line-507_S%C3%8DTIO_CERCADO_HOR%C3%81RIO-Curitiba-942-9628-294494-0,-1.0,-25.464141,-49.255756,,False,3,,2023-06-15T22:05:36.217693+00:00
CUR_EL315,Curitiba,4106902,0,URBS,507,https://moovitapp.com/index/pt-br/transporte_p%C3%BAblico-line-507_S%C3%8DTIO_CERCADO_HOR%C3%81RIO-Curitiba-942-9628-294494-0,-1.0,-25.436661,-49.261671,,False,3,,2023-06-15T22:05:36.217693+00:00
CUR_HI048,Curitiba,4106902,1,,622,,,-25.492183,-49.298236,,False,1,2,2023-06-15T22:00:36.217693+00:00
CUR_EA023,Curitiba,4106902,1,Auto Viação São José,531,https://moovitapp.com/index/pt-br/transporte_p%C3%BAblico-line-531_BAIRRO_A_BAIRRO_1-Curitiba-942-857412-1570571-0,-1.0,-25.529551,-49.247585,,False,1,1,2023-06-15T22:05:36.217693+00:00
CUR_EA024,Curitiba,4106902,1,Auto Viação São José,531,https://moovitapp.com/index/pt-br/transporte_p%C3%BAblico-line-531_BAIRRO_A_BAIRRO_1-Curitiba-942-857412-1570571-0,-1.0,-25.528191,-49.24977,,False,1,2,2023-06-15T22:05:36.217693+00:00
CUR_EA002,Curitiba,4106902,1,Auto Viação São José,531,https://moovitapp.com/index/pt-br/transporte_p%C3%BAblico-line-531_BAIRRO_A_BAIRRO_1-Curitiba-942-857412-1570571-0,-1.0,-25.516918,-49.230688,,False,1,2,2023-06-15T22:05:36.217693+00:00
CUR_EA206,Curitiba,4106902,1,Auto Viação São José,531,https://moovitapp.com/index/pt-br/transporte_p%C3%BAblico-line-531_BAIRRO_A_BAIRRO_1-Curitiba-942-857412-1570571-0,-1.0,-25.538835,-49.247361,,False,1,1,2023-06-15T22:05:36.217693+00:00
CUR_EA021,Curitiba,4106902,1,,521,,,-25.510056,-49.245835,,False,1,1,2023-06-15T22:05:36.217693+00:00
CUR_EL320,Curitiba,4106902,1,URBS,505,https://moovitapp.com/index/pt-br/transporte_p%C3%BAblico-line-505_BOQUEIR%C3%83O_CENTRO_C%C3%8DVICO-Curitiba-942-9628-531685-0,-1.0,-25.447923,-49.258191,,False,3,2,2023-06-15T22:05:36.217693+00:00
CUR_EL331,Curitiba,4106902,1,URBS,505,https://moovitapp.com/index/pt-br/transporte_p%C3%BAblico-line-505_BOQUEIR%C3%83O_CENTRO_C%C3%8DVICO-Curitiba-942-9628-531685-0,-1.0,-25.48181,-49.246616,,False,3,1,2023-06-15T22:05:36.217693+00:00
CUR_EL321,Curitiba,4106902,1,URBS,505,https://moovitapp.com/index/pt-br/transporte_p%C3%BAblico-line-505_BOQUEIR%C3%83O_CENTRO_C%C3%8DVICO-Curitiba-942-9628-531685-0,-1.0,-25.424815,-49.266218,,False,3,2,2023-06-15T22:05:36.217693+00:00
CUR_EL330,Curitiba,4106902,1,URBS,505,https://moovitapp.com/index/pt-br/transporte_p%C3%BAblico-line-505_BOQUEIR%C3%83O_CENTRO_C%C3%8DVICO-Curitiba-942-9628-531685-0,-1.0,-25.420531,-49.268373,,False,3,1,2023-06-15T22:05:36.217693+00:00
CUR_EL324,Curitiba,4106902,1,URBS,505,https://moovitapp.com/index/pt-br/transporte_p%C3%BAblico-line-505_BOQUEIR%C3%83O_CENTRO_C%C3%8DVICO-Curitiba-942-9628-531685-0,-1.0,-25.515673,-49.230645,,False,3,1,2023-06-15T22:05:36.217693+00:00
CUR_BL311,Curitiba,4106902,0,URBS,505,https://moovitapp.com/index/pt-br/transporte_p%C3%BAblico-line-505_BOQUEIR%C3%83O_CENTRO_C%C3%8DVICO-Curitiba-942-9628-531685-0,-1.0,-25.433343,-49.263531,,False,3,2,2023-06-15T22:01:36.217693+00:00
CUR_EL309,Curitiba,4106902,0,URBS,505,https://moovitapp.com/index/pt-br/transporte_p%C3%BAblico-line-505_BOQUEIR%C3%83O_CENTRO_C%C3%8DVICO-Curitiba-942-9628-531685-0,-1.0,-25.426858,-49.264736,,False,3,1,2023-06-15T22:05:36.217693+00:00
CUR_BL320,Curitiba,4106902,0,URBS,505,https://moovitapp.com/index/pt-br/transporte_p%C3%BAblico-line-505_BOQUEIR%C3%83O_CENTRO_C%C3%8DVICO-Curitiba-942-9628-531685-0,-1.0,-25.418435,-49.26881,,False,3,1,2023-06-15T22:04:36.217693+00:00
CUR_BL318,Curitiba,4106902,0,URBS,505,https://moovitapp.com/index/pt-br/transporte_p%C3%BAblico-line-505_BOQUEIR%C3%83O_CENTRO_C%C3%8DVICO-Curitiba-942-9628-531685-0,-1.0,-25.417841,-49.268346,,False,3,2,2023-06-15T22:05:36.217693+00:00
CUR_EL306,Curitiba,4106902,0,URBS,505,https://moovitapp.com/index/pt-br/transporte_p%C3%BAblico-line-505_BOQUEIR%C3%83O_CENTRO_C%C3%8DVICO-Curitiba-942-9628-531685-0,-1.0,-25.48925,-49.243538,,False,3,2,2023-06-15T22:05:36.217693+00:00
CUR_BL322,Curitiba,4106902,0,URBS,505,https://moovitapp.com/index/pt-br/transporte_p%C3%BAblico-line-505_BOQUEIR%C3%83O_CENTRO_C%C3%8DVICO-Curitiba-942-9628-531685-0,-1.0,-25.501871,-49.23726,,False,3,2,2023-06-15T22:03:36.217693+00:00
CUR_EL312,Curitiba,4106902,0,URBS,505,https://moovitapp.com/index/pt-br/transporte_p%C3%BAblico-line-505_BOQUEIR%C3%83O_CENTRO_C%C3%8DVICO-Curitiba-942-9628-531685-0,-1.0,-25.427796,-49.264756,,False,3,2,2023-06-15T22:05:36.217693+00:00
CUR_BL329,Curitiba,4106902,0,URBS,505,https://moovitapp.com/index/pt-br/transporte_p%C3%BAblico-line-505_BOQUEIR%C3%83O_CENTRO_C%C3%8DVICO-Curitiba-942-9628-531685-0,-1.0,-25.499893,-49.238308,,False,3,1,2023-06-15T22:03:36.217693+00:00
CUR_EL310,Curitiba,4106902,0,URBS,505,https://moovitapp.com/index/pt-br/transporte_p%C3%BAblico-line-505_BOQUEIR%C3%83O_CENTRO_C%C3%8DVICO-Curitiba-942-9628-531685-0,-1.0,-25.410776,-49.266173,,False,3,2,2023-06-15T22:05:36.217693+00:00
CUR_EI020,Curitiba,4106902,1,,475,,,-25.445378,-49.259235,,False,1,2,2023-06-15T22:05:36.217693+00:00
CUR_EI017,Curitiba,4106902,1,,475,,,-25.498553,-49.21863,,False,1,1,2023-06-15T22:05:36.217693+00:00
CUR_EI005,Curitiba,4106902,1,,475,,,-25.445658,-49.254363,,False,1,2,2023-06-15T22:05:36.217693+00:00
CUR_BI892,Curitiba,4106902,1,,181,,,-25.413333,-49.2702,,False,7,2,2023-06-15T22:03:36.217693+00:00
CUR_JI603,Curitiba,4106902,1,,703,,,-25.477383,-49.338201,,False,4,2,2023-06-15T22:03:36.217693+00:00
CUR_JC310,Curitiba,4106902,1,,703,,,-25.47773,-49.325231,,False,3,2,2023-06-15T22:03:36.217693+00:00
CUR_JC305,Curitiba,4106902,1,,703,,,-25.47603,-49.31916,,False,3,1,2023-06-15T22:04:36.217693+00:00
CUR_JC308,Curitiba,4106902,1,,703,,,-25.458636,-49.30277,,False,3,2,2023-06-15T22:04:36.217693+00:00
CUR_JC600,Curitiba,4106902,1,,703,,,-25.446948,-49.276845,,False,4,2,2023-06-15T22:04:36.217693+00:00
CUR_JA699,Curitiba,4106902,1,,703,,,-25.467628,-49.316951,,False,4,1,2023-06-15T22:04:36.217693+00:00
CUR_JC309,Curitiba,4106902,1,,703,,,-25.47952,-49.341371,,False,3,2,2023-06-15T22:04:36.217693+00:00
CUR_JI300,Curitiba,4106902,0,,703,,,-25.459235,-49.302553,,False,3,2,2023-06-15T22:05:36.217693+00:00
CUR_JC306,Curitiba,4106902,1,,703,,,-25.441118,-49.272503,,False,3,2,2023-06-15T22:03:36.217693+00:00
CUR_JC314,Curitiba,4106902,1,,703,,,-25.437723,-49.270823,,False,3,1,2023-06-15T22:04:36.217693+00:00
CUR_BI022,Curitiba,4106902,1,,225,,,-25.393598,-49.24128,,False,1,2,2023-06-15T22:04:36.217693+00:00
CUR_BA035,Curitiba,4106902,1,,225,,,-25.375593,-49.256195,,False,1,1,2023-06-15T22:00:36.217693+00:00
CUR_BI871,Curitiba,4106902,1,,280,,,-25.37198,-49.237611,,False,7,2,2023-06-15T22:03:36.217693+00:00
CUR_BI878,Curitiba,4106902,1,,280,,,-25.40462,-49.249551,,False,7,1,2023-06-15T22:02:36.217693+00:00
CUR_GI039,Curitiba,4106902,1,,633,,,-25.52238,-49.283665,,False,1,2,2023-06-15T22:04:36.217693+00:00
CUR_GI038,Curitiba,4106902,1,,633,,,-25.517016,-49.295526,,False,1,1,2023-06-15T22:03:36.217693+00:00
CUR_GC018,Curitiba,4106902,1,,633,,,-25.534066,-49.266565,,False,1,2,2023-06-15T22:02:36.217693+00:00
CUR_BI893,Curitiba,4106902,1,,266,,,-25.39173,-49.260918,,False,7,2,2023-06-15T22:05:36.217693+00:00
CUR_BC010,Curitiba,4106902,1,,815,,,-25.432485,-49.295033,,False,1,,2023-06-15T22:04:36.217693+00:00
CUR_BA014,Curitiba,4106902,1,,815,,,-25.429656,-49.32138,,False,1,,2023-06-15T22:02:36.217693+00:00
CUR_GI046,Curitiba,4106902,1,,637,,,-25.512496,-49.29516,,False,1,1,2023-06-15T22:02:36.217693+00:00
CUR_GA003,Curitiba,4106902,1,,637,,,-25.536573,-49.27384,,False,1,2,2023-06-15T22:03:36.217693+00:00
CUR_GE728,Curitiba,4106902,0,URBS,500,https://moovitapp.com/index/pt-br/transporte_p%C3%BAblico-line-500_LIGEIR%C3%83O_BOQUEIR%C3%83O-Curitiba-942-9628-294422-0,-1.0,-25.494915,-49.24079,,False,5,2,2023-06-15T22:04:36.217693+00:00
CUR_GE725,Curitiba,4106902,0,URBS,500,https://moovitapp.com/index/pt-br/transporte_p%C3%BAblico-line-500_LIGEIR%C3%83O_BOQUEIR%C3%83O-Curitiba-942-9628-294422-0,-1.0,-25.433735,-49.270176,,False,5,1,2023-06-15T21:59:36.217693+00:00
CUR_GE702,Curitiba,4106902,0,URBS,500,https://moovitapp.com/index/pt-br/transporte_p%C3%BAblico-line-500_LIGEIR%C3%83O_BOQUEIR%C3%83O-Curitiba-942-9628-294422-0,-1.0,-25.503166,-49.236753,,False,5,2,2023-06-15T22:02:36.217693+00:00
CUR_GE717,Curitiba,4106902,0,URBS,500,https://moovitapp.com/index/pt-br/transporte_p%C3%BAblico-line-500_LIGEIR%C3%83O_BOQUEIR%C3%83O-Curitiba-942-9628-294422-0,-1.0,-25.472178,-49.25177,,False,5,1,2023-06-15T22:00:36.217693+00:00
CUR_GE719,Curitiba,4106902,0,URBS,500,https://moovitapp.com/index/pt-br/transporte_p%C3%BAblico-line-500_LIGEIR%C3%83O_BOQUEIR%C3%83O-Curitiba-942-9628-294422-0,-1.0,-25.454756,-49.260381,,False,5,2,2023-06-15T22:05:36.217693+00:00
CUR_GD346,Curitiba,4106902,0,URBS,500,https://moovitapp.com/index/pt-br/transporte_p%C3%BAblico-line-500_LIGEIR%C3%83O_BOQUEIR%C3%83O-Curitiba-942-9628-294422-0,-1.0,-25.43823,-49.268146,,False,5,1,2023-06-15T22:04:36.217693+00:00
CUR_GD344,Curitiba,4106902,0,URBS,500,https://moovitapp.com/index/pt-br/transporte_p%C3%BAblico-line-500_LIGEIR%C3%83O_BOQUEIR%C3%83O-Curitiba-942-9628-294422-0,-1.0,-25.465255,-49.255201,,False,5,1,2023-06-15T22:04:36.217693+00:00
CUR_GE718,Curitiba,4106902,0,URBS,500,https://moovitapp.com/index/pt-br/transporte_p%C3%BAblico-line-500_LIGEIR%C3%83O_BOQUEIR%C3%83O-Curitiba-942-9628-294422-0,-1.0,-25.516741,-49.230041,,False,5,2,2023-06-15T21:59:36.217693+00:00
CUR_GD348,Curitiba,4106902,0,URBS,500,https://moovitapp.com/index/pt-br/transporte_p%C3%BAblico-line-500_LIGEIR%C3%83O_BOQUEIR%C3%83O-Curitiba-942-9628-294422-0,-1.0,-25.522693,-49.228541,,False,5,2,2023-06-15T22:02:36.217693+00:00
CUR_GD349,Curitiba,4106902,0,URBS,500,https://moovitapp.com/index/pt-br/transporte_p%C3%BAblico-line-500_LIGEIR%C3%83O_BOQUEIR%C3%83O-Curitiba-942-9628-294422-0,-1.0,-25.509658,-49.23354,,False,5,2,2023-06-15T22:03:36.217693+00:00
CUR_GE723,Curitiba,4106902,0,URBS,500,https://moovitapp.com/index/pt-br/transporte_p%C3%BAblico-line-500_LIGEIR%C3%83O_BOQUEIR%C3%83O-Curitiba-942-9628-294422-0,-1.0,-25.459306,-49.25819,,False,5,2,2023-06-15T22:03:36.217693+00:00
CUR_GE724,Curitiba,4106902,0,URBS,500,https://moovitapp.com/index/pt-br/transporte_p%C3%BAblico-line-500_LIGEIR%C3%83O_BOQUEIR%C3%83O-Curitiba-942-9628-294422-0,-1.0,-25.434623,-49.270193,,False,5,1,2023-06-15T22:03:36.217693+00:00
CUR_DE711,Curitiba,4106902,0,URBS,303,https://moovitapp.com/index/pt-br/transporte_p%C3%BAblico-line-303_CENTEN%C3%81RIO_CAMPO_COMPRIDO-Curitiba-942-9628-531689-0,-1.0,-25.435381,-49.273755,,False,5,1,2023-06-15T22:05:36.217693+00:00
CUR_JE702,Curitiba,4106902,0,URBS,303,https://moovitapp.com/index/pt-br/transporte_p%C3%BAblico-line-303_CENTEN%C3%81RIO_CAMPO_COMPRIDO-Curitiba-942-9628-531689-0,-1.0,-25.429433,-49.284291,,False,5,2,2023-06-15T22:03:36.217693+00:00
CUR_JE705,Curitiba,4106902,0,URBS,303,https://moovitapp.com/index/pt-br/transporte_p%C3%BAblico-line-303_CENTEN%C3%81RIO_CAMPO_COMPRIDO-Curitiba-942-9628-531689-0,-1.0,-25.43583,-49.274506,,False,5,1,2023-06-15T22:02:36.217693+00:00
CUR_JE706,Curitiba,4106902,0,URBS,303,https://moovitapp.com/index/pt-br/transporte_p%C3%BAblico-line-303_CENTEN%C3%81RIO_CAMPO_COMPRIDO-Curitiba-942-9628-531689-0,-1.0,-25.440846,-49.220586,,False,5,1,2023-06-15T22:03:36.217693+00:00
CUR_JE709,Curitiba,4106902,0,URBS,303,https://moovitapp.com/index/pt-br/transporte_p%C3%BAblico-line-303_CENTEN%C3%81RIO_CAMPO_COMPRIDO-Curitiba-942-9628-531689-0,-1.0,-25.441516,-49.347596,,False,5,1,2023-06-15T22:03:36.217693+00:00
CUR_JE707,Curitiba,4106902,0,URBS,303,https://moovitapp.com/index/pt-br/transporte_p%C3%BAblico-line-303_CENTEN%C3%81RIO_CAMPO_COMPRIDO-Curitiba-942-9628-531689-0,-1.0,-25.435721,-49.260048,,False,5,2,2023-06-15T22:03:36.217693+00:00
CUR_DE705,Curitiba,4106902,0,URBS,303,https://moovitapp.com/index/pt-br/transporte_p%C3%BAblico-line-303_CENTEN%C3%81RIO_CAMPO_COMPRIDO-Curitiba-942-9628-531689-0,-1.0,-25.438881,-49.319733,,False,5,2,2023-06-15T22:05:36.217693+00:00
CUR_DE703,Curitiba,4106902,0,URBS,303,https://moovitapp.com/index/pt-br/transporte_p%C3%BAblico-line-303_CENTEN%C3%81RIO_CAMPO_COMPRIDO-Curitiba-942-9628-531689-0,-1.0,-25.429291,-49.29011,,False,5,1,2023-06-15T22:04:36.217693+00:00
CUR_DE700,Curitiba,4106902,0,URBS,303,https://moovitapp.com/index/pt-br/transporte_p%C3%BAblico-line-303_CENTEN%C3%81RIO_CAMPO_COMPRIDO-Curitiba-942-9628-531689-0,-1.0,-25.468098,-49.208848,,False,5,1,2023-06-15T22:05:36.217693+00:00
CUR_DE708,Curitiba,4106902,0,URBS,303,https://moovitapp.com/index/pt-br/transporte_p%C3%BAblico-line-303_CENTEN%C3%81RIO_CAMPO_COMPRIDO-Curitiba-942-9628-531689-0,-1.0,-25.437106,-49.243503,,False,5,2,2023-06-15T22:05:36.217693+00:00
CUR_DE715,Curitiba,4106902,0,URBS,303,https://moovitapp.com/index/pt-br/transporte_p%C3%BAblico-line-303_CENTEN%C3%81RIO_CAMPO_COMPRIDO-Curitiba-942-9628-531689-0,-1.0,-25.429058,-49.286675,,False,5,2,2023-06-15T22:05:36.217693+00:00
CUR_DE695,Curitiba,4106902,0,URBS,303,https://moovitapp.com/index/pt-br/transporte_p%C3%BAblico-line-303_CENTEN%C3%81RIO_CAMPO_COMPRIDO-Curitiba-942-9628-531689-0,-1.0,-25.44012,-49.22797,,False,4,2,2023-06-15T22:05:36.217693+00:00
CUR_JE849,Curitiba,4106902,0,URBS,303,https://moovitapp.com/index/pt-br/transporte_p%C3%BAblico-line-303_CENTEN%C3%81RIO_CAMPO_COMPRIDO-Curitiba-942-9628-531689-0,-1.0,-25.436465,-49.329808,,False,5,1,2023-06-15T22:03:36.217693+00:00
CUR_DE701,Curitiba,4106902,0,URBS,303,https://moovitapp.com/index/pt-br/transporte_p%C3%BAblico-line-303_CENTEN%C3%81RIO_CAMPO_COMPRIDO-Curitiba-942-9628-531689-0,-1.0,-25.430338,-49.29246,,False,5,2,2023-06-15T22:05:36.217693+00:00
CUR_DE704,Curitiba,4106902,0,URBS,303,https://moovitapp.com/index/pt-br/transporte_p%C3%BAblico-line-303_CENTEN%C3%81RIO_CAMPO_COMPRIDO-Curitiba-942-9628-531689-0,-1.0,-25.441793,-49.346613,,False,5,2,2023-06-15T22:05:36.217693+00:00
CUR_XY042,Curitiba,4106902,0,URBS,303,https://moovitapp.com/index/pt-br/transporte_p%C3%BAblico-line-303_CENTEN%C3%81RIO_CAMPO_COMPRIDO-Curitiba-942-9628-531689-0,-1.0,-25.43715,-49.321655,,False,4,1,2023-06-15T22:04:36.217693+00:00
CUR_DE717,Curitiba,4106902,0,URBS,303,https://moovitapp.com/index/pt-br/transporte_p%C3%BAblico-line-303_CENTEN%C3%81RIO_CAMPO_COMPRIDO-Curitiba-942-9628-531689-0,-1.0,-25.435661,-49.250868,,False,5,1,2023-06-15T22:04:36.217693+00:00
CUR_JE703,Curitiba,4106902,0,URBS,303,https://moovitapp.com/index/pt-br/transporte_p%C3%BAblico-line-303_CENTEN%C3%81RIO_CAMPO_COMPRIDO-Curitiba-942-9628-531689-0,-1.0,-25.439268,-49.318106,,False,5,1,2023-06-15T22:04:36.217693+00:00
CUR_JE848,Curitiba,4106902,0,URBS,303,https://moovitapp.com/index/pt-br/transporte_p%C3%BAblico-line-303_CENTEN%C3%81RIO_CAMPO_COMPRIDO-Curitiba-942-9628-531689-0,-1.0,-25.433755,-49.270085,,False,5,1,2023-06-15T22:03:36.217693+00:00
CUR_DE710,Curitiba,4106902,0,URBS,303,https://moovitapp.com/index/pt-br/transporte_p%C3%BAblico-line-303_CENTEN%C3%81RIO_CAMPO_COMPRIDO-Curitiba-942-9628-531689-0,-1.0,-25.440418,-49.220921,,False,5,2,2023-06-15T22:05:36.217693+00:00
CUR_DE707,Curitiba,4106902,0,URBS,303,https://moovitapp.com/index/pt-br/transporte_p%C3%BAblico-line-303_CENTEN%C3%81RIO_CAMPO_COMPRIDO-Curitiba-942-9628-531689-0,-1.0,-25.437558,-49.324518,,False,5,1,2023-06-15T22:05:36.217693+00:00
CUR_DE696,Curitiba,4106902,0,URBS,303,https://moovitapp.com/index/pt-br/transporte_p%C3%BAblico-line-303_CENTEN%C3%81RIO_CAMPO_COMPRIDO-Curitiba-942-9628-531689-0,-1.0,-25.436016,-49.262438,,False,4,2,2023-06-15T22:05:36.217693+00:00
CUR_DE721,Curitiba,4106902,0,URBS,303,https://moovitapp.com/index/pt-br/transporte_p%C3%BAblico-line-303_CENTEN%C3%81RIO_CAMPO_COMPRIDO-Curitiba-942-9628-531689-0,-1.0,-25.433645,-49.30032,,False,5,1,2023-06-15T21:58:36.217693+00:00
CUR_JE704,Curitiba,4106902,0,URBS,303,https://moovitapp.com/index/pt-br/transporte_p%C3%BAblico-line-303_CENTEN%C3%81RIO_CAMPO_COMPRIDO-Curitiba-942-9628-531689-0,-1.0,-25.451436,-49.215095,,False,5,2,2023-06-15T22:03:36.217693+00:00
CUR_DN604,Curitiba,4106902,1,,465,,,-25.44985,-49.245671,,False,7,2,2023-06-15T22:05:36.217693+00:00
CUR_EI016,Curitiba,4106902,1,,532,,,-25.535495,-49.236946,,False,1,1,2023-06-15T22:05:36.217693+00:00
CUR_EA011,Curitiba,4106902,1,,532,,,-25.519948,-49.231108,,False,1,2,2023-06-15T22:05:36.217693+00:00
CUR_EA016,Curitiba,4106902,1,,532,,,-25.518526,-49.231468,,False,1,2,2023-06-15T22:05:36.217693+00:00
CUR_EA199,Curitiba,4106902,1,,532,,,-25.536436,-49.242093,,False,1,1,2023-06-15T22:05:36.217693+00:00
CUR_EI014,Curitiba,4106902,1,,533,,,-25.520546,-49.236396,,False,1,,2023-06-15T22:05:36.217693+00:00
CUR_EI002,Curitiba,4106902,1,,523,,,-25.504413,-49.229255,,False,1,2,2023-06-15T22:04:36.217693+00:00
CUR_EI009,Curitiba,4106902,1,Auto Viação São José,515,https://moovitapp.com/index/pt-br/transporte_p%C3%BAblico-line-515_%E2%9C%88_AEROPORTO_1_SHOPPING_S%C3%83O_JOS%C3%89-Curitiba-942-857412-67925719-0,-1.0,-25.496201,-49.230693,,False,1,2,2023-06-15T22:05:36.217693+00:00
CUR_EI010,Curitiba,4106902,1,Auto Viação São José,515,https://moovitapp.com/index/pt-br/transporte_p%C3%BAblico-line-515_%E2%9C%88_AEROPORTO_1_SHOPPING_S%C3%83O_JOS%C3%89-Curitiba-942-857412-67925719-0,-1.0,-25.517118,-49.230491,,False,1,2,2023-06-15T22:05:36.217693+00:00
CUR_EI003,Curitiba,4106902,1,Auto Viação São José,515,https://moovitapp.com/index/pt-br/transporte_p%C3%BAblico-line-515_%E2%9C%88_AEROPORTO_1_SHOPPING_S%C3%83O_JOS%C3%89-Curitiba-942-857412-67925719-0,-1.0,-25.489323,-49.236643,,False,1,1,2023-06-15T22:05:36.217693+00:00
CUR_EA007,Curitiba,4106902,1,Auto Viação São José,515,https://moovitapp.com/index/pt-br/transporte_p%C3%BAblico-line-515_%E2%9C%88_AEROPORTO_1_SHOPPING_S%C3%83O_JOS%C3%89-Curitiba-942-857412-67925719-0,-1.0,-25.510173,-49.22219,,False,1,1,2023-06-15T22:05:36.217693+00:00
CUR_EA213,Curitiba,4106902,1,Auto Viação São José,515,https://moovitapp.com/index/pt-br/transporte_p%C3%BAblico-line-515_%E2%9C%88_AEROPORTO_1_SHOPPING_S%C3%83O_JOS%C3%89-Curitiba-942-857412-67925719-0,-1.0,-25.496968,-49.23255,,False,1,2,2023-06-15T22:05:36.217693+00:00
CUR_EA009,Curitiba,4106902,1,Auto Viação São José,515,https://moovitapp.com/index/pt-br/transporte_p%C3%BAblico-line-515_%E2%9C%88_AEROPORTO_1_SHOPPING_S%C3%83O_JOS%C3%89-Curitiba-942-857412-67925719-0,-1.0,-25.50825,-49.223091,,False,1,2,2023-06-15T22:05:36.217693+00:00
CUR_EI004,Curitiba,4106902,1,,471,,,-25.479273,-49.231628,,False,1,1,2023-06-15T22:05:36.217693+00:00
CUR_EA205,Curitiba,4106902,1,,471,,,-25.451928,-49.253926,,False,1,2,2023-06-15T22:05:36.217693+00:00
CUR_GI015,Curitiba,4106902,1,,541,,,-25.534126,-49.267246,,False,1,1,2023-06-15T22:02:36.217693+00:00
CUR_GI023,Curitiba,4106902,1,,541,,,-25.543618,-49.248581,,False,1,1,2023-06-15T22:02:36.217693+00:00
CUR_GI053,Curitiba,4106902,1,,541,,,-25.542043,-49.264273,,False,1,1,2023-06-15T22:04:36.217693+00:00
CUR_GI049,Curitiba,4106902,1,,541,,,-25.541783,-49.264783,,False,1,1,2023-06-15T22:04:36.217693+00:00
CUR_GI052,Curitiba,4106902,1,,639,,,-25.540633,-49.266891,,False,1,1,2023-06-15T22:04:36.217693+00:00
CUR_GI029,Curitiba,4106902,1,,541,,,-25.54136,-49.255301,,False,1,2,2023-06-15T22:04:36.217693+00:00
CUR_KI600,Curitiba,4106902,1,,629,,,-25.500376,-49.266791,,False,4,2,2023-06-15T22:05:36.217693+00:00
CUR_KA605,Curitiba,4106902,1,,629,,,-25.49227,-49.289915,,False,4,2,2023-06-15T22:05:36.217693+00:00
CUR_KI601,Curitiba,4106902,1,,629,,,-25.540346,-49.241696,,False,4,1,2023-06-15T22:05:36.217693+00:00
CUR_KA693,Curitiba,4106902,1,,629,,,-25.497028,-49.276288,,False,4,1,2023-06-15T22:04:36.217693+00:00
CUR_KA601,Curitiba,4106902,1,,629,,,-25.517755,-49.255585,,False,4,2,2023-06-15T22:05:36.217693+00:00
CUR_JI006,Curitiba,4106902,1,,611,,,-25.476145,-49.2911,,False,1,1,2023-06-15T22:03:36.217693+00:00
CUR_JI011,Curitiba,4106902,1,,611,,,-25.469586,-49.318108,,False,1,2,2023-06-15T22:03:36.217693+00:00
CUR_JA037,Curitiba,4106902,1,,611,,,-25.478395,-49.326293,,False,1,1,2023-06-15T22:03:36.217693+00:00
CUR_JI007,Curitiba,4106902,1,,823,,,-25.458973,-49.352681,,False,1,2,2023-06-15T22:02:36.217693+00:00
CUR_JI299,Curitiba,4106902,1,,823,,,-25.451466,-49.358098,,False,1,1,2023-06-15T22:03:36.217693+00:00
CUR_GI050,Curitiba,4106902,1,,641,,,-25.517333,-49.295583,,False,1,1,2023-06-15T22:04:36.217693+00:00
CUR_BI867,Curitiba,4106902,1,,237,,,-25.374926,-49.220983,,False,7,,2023-06-15T22:04:36.217693+00:00
CUR_BC012,Curitiba,4106902,1,,166,,,-25.415771,-49.279188,,False,1,1,2023-06-15T22:03:36.217693+00:00
CUR_BC017,Curitiba,4106902,1,,166,,,-25.41286,-49.279718,,False,1,1,2023-06-15T21:59:36.217693+00:00
CUR_GI056,Curitiba,4106902,1,,683,,,-25.55029,-49.269173,,False,1,1,2023-06-15T22:04:36.217693+00:00
CUR_BC007,Curitiba,4106902,1,,168,,,-25.42293,-49.28171,,False,1,1,2023-06-15T22:04:36.217693+00:00
CUR_BC307,Curitiba,4106902,1,,205,,,-25.424788,-49.268796,,False,3,2,2023-06-15T22:03:36.217693+00:00
CUR_BC305,Curitiba,4106902,1,,205,,,-25.381425,-49.26133,,False,3,2,2023-06-15T22:00:36.217693+00:00
CUR_BC311,Curitiba,4106902,1,,205,,,-25.393311,-49.259885,,False,3,1,2023-06-15T22:03:36.217693+00:00
CUR_BC306,Curitiba,4106902,1,,205,,,-25.412091,-49.25467,,False,3,1,2023-06-15T22:01:36.217693+00:00
CUR_BI301,Curitiba,4106902,1,,205,,,-25.403421,-49.260028,,False,3,2,2023-06-15T22:03:36.217693+00:00
CUR_BA034,Curitiba,4106902,1,,205,,,-25.394253,-49.242156,,False,1,,2023-06-15T21:59:36.217693+00:00
CUR_BC027,Curitiba,4106902,1,,205,,,-25.377358,-49.262371,,False,1,2,2023-06-15T22:04:36.217693+00:00
CUR_HI004,Curitiba,4106902,1,,623,,,-25.494396,-49.295455,,False,1,2,2023-06-15T22:04:36.217693+00:00
CUR_HI047,Curitiba,4106902,1,,623,,,-25.517405,-49.311901,,False,1,1,2023-06-15T22:03:36.217693+00:00
CUR_HA026,Curitiba,4106902,1,,623,,,-25.511901,-49.30449,,False,1,1,2023-06-15T22:04:36.217693+00:00
CUR_HA027,Curitiba,4106902,1,,623,,,-25.521138,-49.303653,,False,1,2,2023-06-15T22:01:36.217693+00:00
CUR_HI015,Curitiba,4106902,1,,681,,,-25.543631,-49.30323,,False,1,1,2023-06-15T22:01:36.217693+00:00
CUR_HA031,Curitiba,4106902,1,,681,,,-25.573231,-49.332323,,False,1,1,2023-06-15T22:00:36.217693+00:00
CUR_HA023,Curitiba,4106902,1,,681,,,-25.523625,-49.293171,,False,1,2,2023-06-15T22:04:36.217693+00:00
CUR_MI854,Curitiba,4106902,1,,911,,,-25.39879,-49.33985,,False,7,2,2023-06-15T22:03:36.217693+00:00
CUR_DN602,Curitiba,4106902,1,,463,,,-25.432736,-49.270253,,False,7,2,2023-06-15T22:05:36.217693+00:00
CUR_DN608,Curitiba,4106902,1,,463,,,-25.481858,-49.194628,,False,7,2,2023-06-15T22:05:36.217693+00:00
CUR_DA850,Curitiba,4106902,1,,463,,,-25.47848,-49.197155,,False,7,1,2023-06-15T22:05:36.217693+00:00
CUR_DA296,Curitiba,4106902,1,,332,,,-25.46715,-49.197851,,False,1,,2023-06-15T22:05:36.217693+00:00
CUR_DC298,Curitiba,4106902,1,,332,,,-25.479696,-49.193901,,False,1,,2023-06-15T22:05:36.217693+00:00
CUR_EA077,Curitiba,4106902,1,,332,,,-25.479836,-49.194098,,False,1,,2023-06-15T22:05:36.217693+00:00
CUR_EI006,Curitiba,4106902,1,,X07,,,-25.555268,-49.255541,,False,1,1,2023-06-15T22:05:36.217693+00:00
CUR_EA005,Curitiba,4106902,1,,X07,,,-25.53429,-49.267916,,False,1,1,2023-06-15T22:00:36.217693+00:00
CUR_EI007,Curitiba,4106902,1,,522,,,-25.525788,-49.260571,,False,1,1,2023-06-15T22:05:36.217693+00:00
CUR_EA073,Curitiba,4106902,1,,522,,,-25.509466,-49.252483,,False,1,2,2023-06-15T22:04:36.217693+00:00
CUR_EA074,Curitiba,4106902,1,,512,,,-25.496181,-49.262936,,False,1,2,2023-06-15T22:05:36.217693+00:00
CUR_EA020,Curitiba,4106902,1,,512,,,-25.500796,-49.266478,,False,1,1,2023-06-15T22:05:36.217693+00:00
CUR_DC092,Curitiba,4106902,1,,468,,,-25.433898,-49.270321,,False,1,1,2023-06-15T22:05:36.217693+00:00
CUR_DA022,Curitiba,4106902,0,,468,,,-25.446211,-49.248335,,False,1,2,2023-06-15T22:05:36.217693+00:00
CUR_EA211,Curitiba,4106902,1,,468,,,-25.492558,-49.211543,,False,1,1,2023-06-15T22:05:36.217693+00:00
CUR_JI005,Curitiba,4106902,1,,718,,,-25.477501,-49.328233,,False,1,,2023-06-15T22:04:36.217693+00:00
CUR_JI015,Curitiba,4106902,1,,719,,,-25.477396,-49.337996,,False,1,1,2023-06-15T22:04:36.217693+00:00
CUR_JI004,Curitiba,4106902,1,,719,,,-25.47715,-49.337541,,False,1,2,2023-06-15T22:02:36.217693+00:00
CUR_BI018,Curitiba,4106902,1,,232,,,-25.364831,-49.22766,,False,1,2,2023-06-15T22:02:36.217693+00:00
CUR_BA028,Curitiba,4106902,1,,232,,,-25.37547,-49.224005,,False,1,1,2023-06-15T22:04:36.217693+00:00
CUR_BA033,Curitiba,4106902,1,,232,,,-25.356851,-49.235091,,False,1,2,2023-06-15T22:02:36.217693+00:00
CUR_KI002,Curitiba,4106902,1,,472,,,-25.500876,-49.209255,,False,1,1,2023-06-15T22:05:36.217693+00:00
CUR_KI001,Curitiba,4106902,1,,472,,,-25.442561,-49.268295,,False,1,2,2023-06-15T22:05:36.217693+00:00
CUR_BI011,Curitiba,4106902,1,,236,,,-25.37025,-49.227768,,False,1,2,2023-06-15T22:04:36.217693+00:00
CUR_BI019,Curitiba,4106902,1,,236,,,-25.352131,-49.246461,,False,1,1,2023-06-15T21:54:36.217693+00:00
CUR_GI007,Curitiba,4106902,1,,547,,,-25.53972,-49.262836,,False,1,1,2023-06-15T22:02:36.217693+00:00
CUR_GI057,Curitiba,4106902,1,,638,,,-25.527323,-49.292451,,False,1,2,2023-06-15T22:04:36.217693+00:00
CUR_GI009,Curitiba,4106902,1,,638,,,-25.51954,-49.295513,,False,1,1,2023-06-15T22:01:36.217693+00:00
CUR_GC004,Curitiba,4106902,1,,638,,,-25.551043,-49.276868,,False,1,2,2023-06-15T21:59:36.217693+00:00
CUR_JI018,Curitiba,4106902,1,,860,,,-25.449878,-49.318726,,False,1,2,2023-06-15T22:04:36.217693+00:00
CUR_JA035,Curitiba,4106902,1,,860,,,-25.448238,-49.29426,,False,1,2,2023-06-15T22:04:36.217693+00:00
CUR_JA034,Curitiba,4106902,1,,860,,,-25.440453,-49.282388,,False,1,1,2023-06-15T22:03:36.217693+00:00
CUR_JI298,Curitiba,4106902,1,,860,,,-25.464855,-49.342245,,False,1,2,2023-06-15T22:04:36.217693+00:00
CUR_GI051,Curitiba,4106902,1,,542,,,-25.550471,-49.26094,,False,1,,2023-06-15T22:04:36.217693+00:00
CUR_GI035,Curitiba,4106902,1,,542,,,-25.534341,-49.267603,,False,1,,2023-06-15T22:04:36.217693+00:00
CUR_GA001,Curitiba,4106902,1,,542,,,-25.535971,-49.272216,,False,1,,2023-06-15T22:04:36.217693+00:00
CUR_GC016,Curitiba,4106902,1,,542,,,-25.548618,-49.258996,,False,1,,2023-06-15T22:04:36.217693+00:00
CUR_GI026,Curitiba,4106902,1,,542,,,-25.546308,-49.269556,,False,1,,2023-06-15T22:03:36.217693+00:00
CUR_JI860,Curitiba,4106902,1,,779,,,-25.458373,-49.307578,,False,7,1,2023-06-15T22:04:36.217693+00:00
CUR_BA025,Curitiba,4106902,1,,233,,,-25.376785,-49.22388,,False,1,,2023-06-15T22:00:36.217693+00:00
CUR_BA032,Curitiba,4106902,1,,233,,,-25.375135,-49.21933,,False,1,,2023-06-15T22:04:36.217693+00:00
CUR_BI015,Curitiba,4106902,1,,233,,,-25.375493,-49.21882,,False,1,,2023-06-15T22:03:36.217693+00:00
CUR_BI889,Curitiba,4106902,1,Auto Viação São José,212,https://moovitapp.com/index/pt-br/transporte_p%C3%BAblico-line-212_PIT_PRA%C3%87A_DA_JUVENTUDE_SANTA_F%C3%89_CRISTAL-Curitiba-942-857412-73656311-0,-1.0,-25.395698,-49.231213,,False,7,2,2023-06-15T22:04:36.217693+00:00
CUR_BI856,Curitiba,4106902,1,Auto Viação São José,212,https://moovitapp.com/index/pt-br/transporte_p%C3%BAblico-line-212_PIT_PRA%C3%87A_DA_JUVENTUDE_SANTA_F%C3%89_CRISTAL-Curitiba-942-857412-73656311-0,-1.0,-25.397961,-49.235688,,False,7,1,2023-06-15T22:03:36.217693+00:00
CUR_GI040,Curitiba,4106902,1,,625,,,-25.506503,-49.282718,,False,1,1,2023-06-15T22:03:36.217693+00:00
CUR_GI044,Curitiba,4106902,1,,625,,,-25.492048,-49.29246,,False,1,1,2023-06-15T22:04:36.217693+00:00
CUR_GC015,Curitiba,4106902,1,,625,,,-25.534516,-49.268366,,False,1,2,2023-06-15T22:02:36.217693+00:00
CUR_GI055,Curitiba,4106902,1,,625,,,-25.506375,-49.284261,,False,1,1,2023-06-15T22:04:36.217693+00:00
CUR_GI031,Curitiba,4106902,1,,625,,,-25.504808,-49.2886,,False,1,1,2023-06-15T22:03:36.217693+00:00
CUR_GI017,Curitiba,4106902,1,,625,,,-25.504228,-49.2881,,False,1,2,2023-06-15T22:04:36.217693+00:00
CUR_BC932,Curitiba,4106902,1,,365,,,-25.419611,-49.230846,,False,7,1,2023-06-15T22:04:36.217693+00:00
CUR_BC850,Curitiba,4106902,1,,365,,,-25.449303,-49.306148,,False,7,2,2023-06-15T22:04:36.217693+00:00
CUR_BC280,Curitiba,4106902,1,,231,,,-25.364123,-49.220231,,False,1,1,2023-06-15T21:59:36.217693+00:00
CUR_BA036,Curitiba,4106902,1,,231,,,-25.364001,-49.209136,,False,1,2,2023-06-15T22:04:36.217693+00:00
CUR_BC031,Curitiba,4106902,1,,373,,,-25.432261,-49.268783,,False,1,2,2023-06-15T22:03:36.217693+00:00
CUR_GI047,Curitiba,4106902,1,,528,,,-25.563753,-49.2718,,False,1,2,2023-06-15T22:05:36.217693+00:00
CUR_EA012,Curitiba,4106902,1,,528,,,-25.552533,-49.251775,,False,1,2,2023-06-15T22:05:36.217693+00:00
CUR_EA601,Curitiba,4106902,1,,528,,,-25.523106,-49.231853,,False,4,1,2023-06-15T22:04:36.217693+00:00
CUR_GI601,Curitiba,4106902,1,,528,,,-25.531948,-49.296981,,False,4,2,2023-06-15T22:04:36.217693+00:00
CUR_GA601,Curitiba,4106902,1,,528,,,-25.53026,-49.29479,,False,4,1,2023-06-15T22:05:36.217693+00:00
CUR_EA698,Curitiba,4106902,1,,528,,,-25.562636,-49.268745,,False,4,2,2023-06-15T22:05:36.217693+00:00
CUR_BB305,Curitiba,4106902,1,,011,,,-25.411153,-49.272338,,False,10,,2023-06-15T22:03:36.217693+00:00
CUR_BB307,Curitiba,4106902,1,,011,,,-25.450865,-49.262453,,False,10,,2023-06-15T22:04:36.217693+00:00
CUR_BB308,Curitiba,4106902,1,,011,,,-25.437525,-49.292036,,False,10,,2023-06-15T22:03:36.217693+00:00
CUR_BC021,Curitiba,4106902,1,,876,,,-25.421595,-49.323731,,False,1,1,2023-06-15T22:02:36.217693+00:00
CUR_BC019,Curitiba,4106902,1,,876,,,-25.422371,-49.31883,,False,1,2,2023-06-15T22:03:36.217693+00:00
CUR_BC022,Curitiba,4106902,1,,876,,,-25.423581,-49.303101,,False,1,1,2023-06-15T22:03:36.217693+00:00
CUR_BC005,Curitiba,4106902,1,,876,,,-25.430545,-49.275606,,False,1,1,2023-06-15T22:05:36.217693+00:00
CUR_BI899,Curitiba,4106902,1,,366,,,-25.425588,-49.242355,,False,7,2,2023-06-15T22:05:36.217693+00:00
CUR_GI853,Curitiba,4106902,1,,666,,,-25.478338,-49.285445,,False,7,2,2023-06-15T22:04:36.217693+00:00
CUR_HI856,Curitiba,4106902,1,,600,,,-25.52716,-49.292716,,False,7,2,2023-06-15T21:59:36.217693+00:00
CUR_HN616,Curitiba,4106902,1,,600,,,-25.523898,-49.301151,,False,7,1,2023-06-15T21:55:36.217693+00:00
CUR_HI041,Curitiba,4106902,1,,654,,,-25.492506,-49.29448,,False,1,2,2023-06-15T22:03:36.217693+00:00
CUR_HI042,Curitiba,4106902,1,,654,,,-25.51087,-49.326585,,False,1,1,2023-06-15T22:04:36.217693+00:00
CUR_HA194,Curitiba,4106902,1,,654,,,-25.497121,-49.317566,,False,1,1,2023-06-15T22:03:36.217693+00:00
CUR_HC005,Curitiba,4106902,1,,654,,,-25.497333,-49.313285,,False,1,2,2023-06-15T22:04:36.217693+00:00
CUR_HI006,Curitiba,4106902,1,,627,,,-25.51165,-49.324068,,False,1,2,2023-06-15T22:03:36.217693+00:00
CUR_HI017,Curitiba,4106902,1,,627,,,-25.495951,-49.295973,,False,1,1,2023-06-15T22:04:36.217693+00:00
CUR_HC006,Curitiba,4106902,1,,627,,,-25.534571,-49.332858,,False,1,2,2023-06-15T22:03:36.217693+00:00
CUR_HI854,Curitiba,4106902,1,,673,,,-25.479825,-49.29567,,False,7,1,2023-06-15T22:05:36.217693+00:00
CUR_HI861,Curitiba,4106902,1,,673,,,-25.44632,-49.2753,,False,7,2,2023-06-15T22:05:36.217693+00:00
CUR_HA605,Curitiba,4106902,1,,X37,,,-25.55041,-49.32855,,False,4,2,2023-06-15T22:02:36.217693+00:00
CUR_HA604,Curitiba,4106902,1,,X37,,,-25.54193,-49.31141,,False,4,1,2023-06-15T22:04:36.217693+00:00
CUR_HA617,Curitiba,4106902,1,,X37,,,-25.564391,-49.339238,,False,4,2,2023-06-15T22:02:36.217693+00:00
CUR_HR409,Curitiba,4106902,1,,X37,,,-25.512131,-49.294661,,False,4,1,2023-06-15T22:01:36.217693+00:00
CUR_HA602,Curitiba,4106902,1,,X37,,,-25.518341,-49.321438,,False,4,1,2023-06-15T22:01:36.217693+00:00
CUR_HI859,Curitiba,4106902,1,,865,,,-25.445763,-49.310465,,False,7,1,2023-06-15T22:05:36.217693+00:00
CUR_HL117,Curitiba,4106902,0,URBS,X35,https://moovitapp.com/index/pt-br/transporte_p%C3%BAblico-line-X35_PINHEIRINHO_PREFEITURA-Curitiba-942-9628-778958-0,-1.0,-25.471555,-49.295178,,False,3,2,2023-06-15T22:04:36.217693+00:00
CUR_HL305,Curitiba,4106902,0,URBS,X35,https://moovitapp.com/index/pt-br/transporte_p%C3%BAblico-line-X35_PINHEIRINHO_PREFEITURA-Curitiba-942-9628-778958-0,-1.0,-25.482121,-49.294466,,False,3,2,2023-06-15T21:53:36.217693+00:00
CUR_HL307,Curitiba,4106902,0,URBS,X35,https://moovitapp.com/index/pt-br/transporte_p%C3%BAblico-line-X35_PINHEIRINHO_PREFEITURA-Curitiba-942-9628-778958-0,-1.0,-25.463181,-49.291476,,False,3,1,2023-06-15T22:04:36.217693+00:00
CUR_HL321,Curitiba,4106902,0,URBS,X35,https://moovitapp.com/index/pt-br/transporte_p%C3%BAblico-line-X35_PINHEIRINHO_PREFEITURA-Curitiba-942-9628-778958-0,-1.0,-25.448285,-49.285451,,False,3,1,2023-06-15T22:05:36.217693+00:00
CUR_HC300,Curitiba,4106902,1,,801,,,-25.43238,-49.271245,,False,10,1,2023-06-15T22:03:36.217693+00:00
CUR_HA196,Curitiba,4106902,1,,801,,,-25.441061,-49.298313,,False,1,2,2023-06-15T22:01:36.217693+00:00
CUR_JC318,Curitiba,4106902,1,,801,,,-25.433525,-49.273585,,False,10,1,2023-06-15T22:02:36.217693+00:00
CUR_HL312,Curitiba,4106902,0,URBS,024,https://moovitapp.com/index/pt-br/transporte_p%C3%BAblico-line-024_CAP%C3%83O_RASO_CAMPINA_DO_SIQUEIRA-Curitiba-942-9628-1323693-0,-1.0,-25.477501,-49.292243,,False,3,2,2023-06-15T21:52:36.217693+00:00
CUR_JL305,Curitiba,4106902,0,URBS,024,https://moovitapp.com/index/pt-br/transporte_p%C3%BAblico-line-024_CAP%C3%83O_RASO_CAMPINA_DO_SIQUEIRA-Curitiba-942-9628-1323693-0,-1.0,-25.49258,-49.300273,,False,3,2,2023-06-15T22:02:36.217693+00:00
CUR_MN603,Curitiba,4106902,1,,464,,,-25.433978,-49.265593,,False,7,1,2023-06-15T22:03:36.217693+00:00
CUR_MI855,Curitiba,4106902,1,,912,,,-25.398586,-49.342248,,False,7,1,2023-06-15T22:02:36.217693+00:00
CUR_MI851,Curitiba,4106902,1,Auto Viação São José,150,https://moovitapp.com/index/pt-br/transporte_p%C3%BAblico-line-150_T_AFONSO_PENA_PIT_BORDA_DO_CAMPO-Curitiba-942-857412-53904521-0,-1.0,-25.430053,-49.271401,,False,7,2,2023-06-15T22:04:36.217693+00:00
CUR_DC090,Curitiba,4106902,1,,462,,,-25.440096,-49.249438,,False,1,1,2023-06-15T22:05:36.217693+00:00
CUR_DC983,Curitiba,4106902,1,,462,,,-25.44145,-49.24895,,False,1,1,2023-06-15T22:05:36.217693+00:00
CUR_EA210,Curitiba,4106902,1,,462,,,-25.462513,-49.223258,,False,1,1,2023-06-15T22:05:36.217693+00:00
CUR_EI011,Curitiba,4106902,1,,X03,,,-25.538026,-49.241783,,False,1,1,2023-06-15T22:05:36.217693+00:00
CUR_EI015,Curitiba,4106902,1,,511,,,-25.490571,-49.251151,,False,1,2,2023-06-15T22:05:36.217693+00:00
CUR_EI019,Curitiba,4106902,1,,511,,,-25.505803,-49.264263,,False,1,1,2023-06-15T22:05:36.217693+00:00
CUR_JI019,Curitiba,4106902,1,,711,,,-25.472376,-49.347583,,False,1,2,2023-06-15T22:03:36.217693+00:00
CUR_JA022,Curitiba,4106902,1,,711,,,-25.477428,-49.333586,,False,1,1,2023-06-15T22:04:36.217693+00:00
CUR_BA017,Curitiba,4106902,1,,822,,,-25.436301,-49.361976,,False,1,2,2023-06-15T22:04:36.217693+00:00
CUR_BA011,Curitiba,4106902,1,,822,,,-25.441705,-49.346508,,False,1,1,2023-06-15T22:00:36.217693+00:00
CUR_BC023,Curitiba,4106902,1,,245,,,-25.40001,-49.257908,,False,1,2,2023-06-15T22:03:36.217693+00:00
CUR_BC013,Curitiba,4106902,1,,245,,,-25.384056,-49.261648,,False,1,2,2023-06-15T21:59:36.217693+00:00
CUR_HI030,Curitiba,4106902,1,,773,,,-25.559466,-49.3314,,False,1,1,2023-06-15T22:05:36.217693+00:00
CUR_HA609,Curitiba,4106902,1,,773,,,-25.564355,-49.339036,,False,4,2,2023-06-15T22:04:36.217693+00:00
CUR_HI046,Curitiba,4106902,1,,615,,,-25.475741,-49.292226,,False,1,1,2023-06-15T22:05:36.217693+00:00
CUR_HA198,Curitiba,4106902,1,,615,,,-25.488916,-49.305221,,False,1,1,2023-06-15T22:03:36.217693+00:00
CUR_HI850,Curitiba,4106902,1,,265,,,-25.452211,-49.310003,,False,7,2,2023-06-15T22:05:36.217693+00:00
CUR_KB699,Curitiba,4106902,0,,027,,,-25.4365,-49.308581,,False,4,2,2023-06-15T22:05:36.217693+00:00
CUR_KB605,Curitiba,4106902,1,,027,,,-25.467578,-49.254638,,False,4,1,2023-06-15T22:03:36.217693+00:00
CUR_HI018,Curitiba,4106902,1,,650,,,-25.518371,-49.295606,,False,1,1,2023-06-15T22:00:36.217693+00:00
CUR_HA612,Curitiba,4106902,1,,650,,,-25.515276,-49.293821,,False,4,2,2023-06-15T22:04:36.217693+00:00
CUR_HI610,Curitiba,4106902,1,,650,,,-25.56035,-49.33665,,False,4,1,2023-06-15T22:02:36.217693+00:00
CUR_HI016,Curitiba,4106902,1,,650,,,-25.53908,-49.30715,,False,1,2,2023-06-15T22:01:36.217693+00:00
CUR_HR408,Curitiba,4106902,1,,650,,,-25.548015,-49.320811,,False,4,1,2023-06-15T21:59:36.217693+00:00
CUR_HA611,Curitiba,4106902,1,,650,,,-25.550473,-49.327218,,False,4,2,2023-06-15T22:05:36.217693+00:00
CUR_HI031,Curitiba,4106902,1,,650,,,-25.567273,-49.332711,,False,1,2,2023-06-15T22:04:36.217693+00:00
CUR_GI002,Curitiba,4106902,1,,553,,,-25.56262,-49.251318,,False,1,2,2023-06-15T22:04:36.217693+00:00
CUR_GI013,Curitiba,4106902,1,,553,,,-25.551386,-49.25384,,False,1,2,2023-06-15T22:03:36.217693+00:00
CUR_GC010,Curitiba,4106902,1,,553,,,-25.559155,-49.252075,,False,1,1,2023-06-15T22:00:36.217693+00:00
CUR_GI041,Curitiba,4106902,1,,642,,,-25.548016,-49.289923,,False,1,2,2023-06-15T22:05:36.217693+00:00
CUR_GC006,Curitiba,4106902,1,,642,,,-25.528051,-49.292086,,False,1,1,2023-06-15T22:03:36.217693+00:00
CUR_GI011,Curitiba,4106902,1,,636,,,-25.536258,-49.283336,,False,1,2,2023-06-15T22:05:36.217693+00:00
CUR_GC017,Curitiba,4106902,1,,636,,,-25.525655,-49.291908,,False,1,1,2023-06-15T22:04:36.217693+00:00
CUR_GI857,Curitiba,4106902,1,,616,,,-25.474856,-49.258786,,False,7,2,2023-06-15T22:04:36.217693+00:00
CUR_GI852,Curitiba,4106902,1,,616,,,-25.478316,-49.272166,,False,7,2,2023-06-15T22:05:36.217693+00:00
CUR_GA002,Curitiba,4106902,1,,631,,,-25.511808,-49.295081,,False,1,,2023-06-15T22:04:36.217693+00:00
CUR_GI027,Curitiba,4106902,1,,631,,,-25.511918,-49.286806,,False,1,,2023-06-15T22:03:36.217693+00:00
CUR_GI855,Curitiba,4106902,1,,662,,,-25.476693,-49.280585,,False,7,2,2023-06-15T22:04:36.217693+00:00
CUR_GI850,Curitiba,4106902,1,,662,,,-25.43519,-49.273496,,False,7,1,2023-06-15T22:04:36.217693+00:00
CUR_GI036,Curitiba,4106902,1,,552,,,-25.536595,-49.272965,,False,1,1,2023-06-15T22:05:36.217693+00:00
CUR_GI042,Curitiba,4106902,1,,552,,,-25.556971,-49.254458,,False,1,1,2023-06-15T22:02:36.217693+00:00
CUR_GC014,Curitiba,4106902,1,,552,,,-25.536013,-49.272151,,False,1,2,2023-06-15T21:59:36.217693+00:00
CUR_JI023,Curitiba,4106902,1,,721,,,-25.496883,-49.345471,,False,1,1,2023-06-15T22:04:36.217693+00:00
CUR_JI009,Curitiba,4106902,1,,721,,,-25.494436,-49.345048,,False,1,1,2023-06-15T22:03:36.217693+00:00
CUR_DA290,Curitiba,4106902,1,,321,,,-25.451333,-49.210188,,False,1,1,2023-06-15T22:05:36.217693+00:00
CUR_JI865,Curitiba,4106902,1,,713,,,-25.488686,-49.326808,,False,7,2,2023-06-15T22:03:36.217693+00:00
CUR_DC292,Curitiba,4106902,1,,336,,,-25.496225,-49.202226,,False,1,1,2023-06-15T22:05:36.217693+00:00
CUR_EA006,Curitiba,4106902,1,,336,,,-25.487428,-49.199886,,False,1,2,2023-06-15T22:05:36.217693+00:00
CUR_EA004,Curitiba,4106902,1,,336,,,-25.46995,-49.207245,,False,1,2,2023-06-15T22:05:36.217693+00:00
CUR_GI043,Curitiba,4106902,1,,624,,,-25.508936,-49.282525,,False,1,2,2023-06-15T22:03:36.217693+00:00
CUR_GI022,Curitiba,4106902,1,,624,,,-25.503548,-49.291206,,False,1,2,2023-06-15T22:05:36.217693+00:00
CUR_HA193,Curitiba,4106902,1,,612,,,-25.495651,-49.323333,,False,1,1,2023-06-15T22:04:36.217693+00:00
CUR_HA191,Curitiba,4106902,1,,612,,,-25.4779,-49.293588,,False,1,2,2023-06-15T22:04:36.217693+00:00
CUR_HC001,Curitiba,4106902,1,,612,,,-25.497668,-49.321423,,False,1,1,2023-06-15T22:03:36.217693+00:00
CUR_BC032,Curitiba,4106902,1,,171,,,-25.380415,-49.29212,,False,1,1,2023-06-15T22:04:36.217693+00:00
CUR_BI897,Curitiba,4106902,1,,176,,,-25.384765,-49.279713,,False,7,1,2023-06-15T22:03:36.217693+00:00
CUR_BI028,Curitiba,4106902,1,,916,,,-25.37252,-49.330108,,False,1,2,2023-06-15T22:02:36.217693+00:00
CUR_MA003,Curitiba,4106902,1,,916,,,-25.39361,-49.33561,,False,1,1,2023-06-15T22:02:36.217693+00:00
CUR_BI866,Curitiba,4106902,1,Auto Viação São José,214,https://moovitapp.com/index/pt-br/transporte_p%C3%BAblico-line-214_PIT_PRA%C3%87A_DA_JUVENTUDE_CRISTAL_BLANCO_POMBO_ANTI_HOR%C3%81RIO-Curitiba-942-857412-119631273-0,-1.0,-25.378616,-49.219915,,False,7,2,2023-06-15T22:03:36.217693+00:00
CUR_BI875,Curitiba,4106902,1,Auto Viação São José,214,https://moovitapp.com/index/pt-br/transporte_p%C3%BAblico-line-214_PIT_PRA%C3%87A_DA_JUVENTUDE_CRISTAL_BLANCO_POMBO_ANTI_HOR%C3%81RIO-Curitiba-942-857412-119631273-0,-1.0,-25.403493,-49.245165,,False,7,1,2023-06-15T22:03:36.217693+00:00
CUR_GI010,Curitiba,4106902,1,,639,,,-25.552465,-49.288545,,False,1,1,2023-06-15T22:03:36.217693+00:00
CUR_GI045,Curitiba,4106902,1,,639,,,-25.556873,-49.282628,,False,1,1,2023-06-15T22:03:36.217693+00:00
CUR_GI021,Curitiba,4106902,1,,639,,,-25.518826,-49.295625,,False,1,2,2023-06-15T22:04:36.217693+00:00
CUR_BA019,Curitiba,4106902,1,,829,,,-25.441458,-49.34609,,False,1,,2023-06-15T22:01:36.217693+00:00
CUR_BA018,Curitiba,4106902,1,,829,,,-25.449673,-49.353813,,False,1,,2023-06-15T22:04:36.217693+00:00
CUR_BI025,Curitiba,4106902,1,,829,,,-25.447671,-49.360941,,False,1,,2023-06-15T22:04:36.217693+00:00
CUR_BI027,Curitiba,4106902,1,,829,,,-25.446031,-49.356081,,False,1,,2023-06-15T22:04:36.217693+00:00
CUR_HI851,Curitiba,4106902,1,,670,,,-25.462475,-49.294326,,False,7,1,2023-06-15T22:04:36.217693+00:00
CUR_BI886,Curitiba,4106902,1,,385,,,-25.433426,-49.265198,,False,7,1,2023-06-15T22:03:36.217693+00:00
CUR_BC927,Curitiba,4106902,1,,260,,,-25.374598,-49.263005,,False,7,2,2023-06-15T22:04:36.217693+00:00
CUR_DL305,Curitiba,4106902,0,URBS,469,https://moovitapp.com/index/pt-br/transporte_p%C3%BAblico-line-469_CENTRO_POLIT%C3%89CNICO-Curitiba-942-9628-294421-0,-1.0,-25.426981,-49.264121,,False,3,1,2023-06-15T22:03:36.217693+00:00
CUR_DL041,Curitiba,4106902,0,URBS,469,https://moovitapp.com/index/pt-br/transporte_p%C3%BAblico-line-469_CENTRO_POLIT%C3%89CNICO-Curitiba-942-9628-294421-0,-1.0,-25.451033,-49.226173,,False,3,1,2023-06-15T22:05:36.217693+00:00
CUR_BL304,Curitiba,4106902,0,URBS,518,https://moovitapp.com/index/pt-br/transporte_p%C3%BAblico-line-518_PUC_RODOFERROVI%C3%81RIA-Curitiba-942-9628-743528-0,-1.0,-25.448245,-49.257913,,False,3,2,2023-06-15T22:03:36.217693+00:00
CUR_BI896,Curitiba,4106902,1,,875,,,-25.426465,-49.321061,,False,7,1,2023-06-15T22:03:36.217693+00:00
CUR_BI895,Curitiba,4106902,1,,164,,,-25.431111,-49.272893,,False,7,1,2023-06-15T22:02:36.217693+00:00
CUR_BB309,Curitiba,4106902,1,,010,,,-25.41051,-49.276561,,False,10,,2023-06-15T21:59:36.217693+00:00
CUR_BB302,Curitiba,4106902,1,,010,,,-25.441355,-49.253631,,False,10,,2023-06-15T22:05:36.217693+00:00
CUR_ML314,Curitiba,4106902,0,URBS,902,https://moovitapp.com/index/pt-br/transporte_p%C3%BAblico-line-902_SANTA_FELICIDADE_PRA%C3%87A_TIRADENTES-Curitiba-942-9628-5597930-0,-1.0,-25.419513,-49.294145,,False,3,,2023-06-15T22:02:36.217693+00:00
CUR_DE694,Curitiba,4106902,0,URBS,302,https://moovitapp.com/index/pt-br/transporte_p%C3%BAblico-line-302_CENTEN%C3%81RIO_RUI_BARBOSA-Curitiba-942-9628-294501-0,-1.0,-25.470488,-49.209598,,False,4,,2023-06-15T21:53:36.217693+00:00
CUR_EA027,Curitiba,4106902,1,,X06,,,-25.54533,-49.241166,,False,1,2,2023-06-15T21:56:36.217693+00:00
CUR_JI853,Curitiba,4106902,1,,825,,,-25.458891,-49.374386,,False,7,2,2023-06-15T22:00:36.217693+00:00
CUR_MI005,Curitiba,4106902,1,,821,,,-25.400341,-49.331471,,False,1,2,2023-06-15T22:03:36.217693+00:00
CUR_MI002,Curitiba,4106902,1,,821,,,-25.429493,-49.358033,,False,1,1,2023-06-15T22:02:36.217693+00:00
CUR_JB302,Curitiba,4106902,1,,720,,,-25.466795,-49.344415,,False,10,2,2023-06-15T21:59:36.217693+00:00
CUR_JA023,Curitiba,4106902,1,,732,,,-25.451475,-49.358181,,False,1,1,2023-06-15T22:04:36.217693+00:00
CUR_JL308,Curitiba,4106902,0,URBS,X36,https://moovitapp.com/index/pt-br/transporte_p%C3%BAblico-line-X36_REFOR%C3%87O_GUADALUPE_FAZENDINHA-Curitiba-942-9628-11745709-0,-1.0,-25.477195,-49.324243,,False,3,2,2023-06-15T22:05:36.217693+00:00
CUR_JL301,Curitiba,4106902,0,URBS,X36,https://moovitapp.com/index/pt-br/transporte_p%C3%BAblico-line-X36_REFOR%C3%87O_GUADALUPE_FAZENDINHA-Curitiba-942-9628-11745709-0,-1.0,-25.445945,-49.279166,,False,3,2,2023-06-15T22:03:36.217693+00:00
CUR_JL312,Curitiba,4106902,0,URBS,X36,https://moovitapp.com/index/pt-br/transporte_p%C3%BAblico-line-X36_REFOR%C3%87O_GUADALUPE_FAZENDINHA-Curitiba-942-9628-11745709-0,-1.0,-25.43291,-49.265293,,False,3,1,2023-06-15T22:03:36.217693+00:00
CUR_JL302,Curitiba,4106902,0,URBS,X36,https://moovitapp.com/index/pt-br/transporte_p%C3%BAblico-line-X36_REFOR%C3%87O_GUADALUPE_FAZENDINHA-Curitiba-942-9628-11745709-0,-1.0,-25.477243,-49.327823,,False,3,2,2023-06-15T22:02:36.217693+00:00
CUR_HI862,Curitiba,4106902,1,,671,,,-25.480988,-49.311231,,False,7,2,2023-06-15T22:04:36.217693+00:00
CUR_JA029,Curitiba,4106902,1,,831,,,-25.491461,-49.314465,,False,1,1,2023-06-15T22:04:36.217693+00:00
CUR_JA020,Curitiba,4106902,1,,831,,,-25.492646,-49.305978,,False,1,1,2023-06-15T22:02:36.217693+00:00
CUR_HE602,Curitiba,4106902,0,URBS,X20,https://moovitapp.com/index/pt-br/transporte_p%C3%BAblico-line-X20_PORT%C3%83O_S%C3%8DTIO_CERCADO-Curitiba-942-9628-531683-0,-1.0,-25.49519,-49.295578,,False,4,1,2023-06-15T22:03:36.217693+00:00
CUR_HE600,Curitiba,4106902,0,URBS,X20,https://moovitapp.com/index/pt-br/transporte_p%C3%BAblico-line-X20_PORT%C3%83O_S%C3%8DTIO_CERCADO-Curitiba-942-9628-531683-0,-1.0,-25.476933,-49.289628,,False,4,1,2023-06-15T22:02:36.217693+00:00
CUR_HE608,Curitiba,4106902,0,URBS,X20,https://moovitapp.com/index/pt-br/transporte_p%C3%BAblico-line-X20_PORT%C3%83O_S%C3%8DTIO_CERCADO-Curitiba-942-9628-531683-0,-1.0,-25.530945,-49.287638,,False,4,2,2023-06-15T22:01:36.217693+00:00
CUR_HE610,Curitiba,4106902,0,URBS,X20,https://moovitapp.com/index/pt-br/transporte_p%C3%BAblico-line-X20_PORT%C3%83O_S%C3%8DTIO_CERCADO-Curitiba-942-9628-531683-0,-1.0,-25.500581,-49.29604,,False,4,2,2023-06-15T22:04:36.217693+00:00
CUR_ML301,Curitiba,4106902,0,URBS,902,https://moovitapp.com/index/pt-br/transporte_p%C3%BAblico-line-902_SANTA_FELICIDADE_PRA%C3%87A_TIRADENTES-Curitiba-942-9628-5597930-0,-1.0,-25.428473,-49.284831,,False,3,1,2023-06-15T22:03:36.217693+00:00
CUR_ML313,Curitiba,4106902,0,URBS,902,https://moovitapp.com/index/pt-br/transporte_p%C3%BAblico-line-902_SANTA_FELICIDADE_PRA%C3%87A_TIRADENTES-Curitiba-942-9628-5597930-0,-1.0,-25.408445,-49.32275,,False,3,1,2023-06-15T22:03:36.217693+00:00
CUR_ML303,Curitiba,4106902,0,URBS,902,https://moovitapp.com/index/pt-br/transporte_p%C3%BAblico-line-902_SANTA_FELICIDADE_PRA%C3%87A_TIRADENTES-Curitiba-942-9628-5597930-0,-1.0,-25.413706,-49.31176,,False,3,2,2023-06-15T22:04:36.217693+00:00
CUR_ML305,Curitiba,4106902,0,URBS,902,https://moovitapp.com/index/pt-br/transporte_p%C3%BAblico-line-902_SANTA_FELICIDADE_PRA%C3%87A_TIRADENTES-Curitiba-942-9628-5597930-0,-1.0,-25.420311,-49.292703,,False,3,2,2023-06-15T21:59:36.217693+00:00
CUR_GE722,Curitiba,4106902,0,URBS,X08,https://moovitapp.com/index/pt-br/transporte_p%C3%BAblico-line-X08_REFOR%C3%87O_PINHEIRINHO-Curitiba-942-9628-78902615-0,-1.0,-25.494021,-49.29395,,False,5,1,2023-06-15T22:03:36.217693+00:00
CUR_HE717,Curitiba,4106902,0,URBS,X08,https://moovitapp.com/index/pt-br/transporte_p%C3%BAblico-line-X08_REFOR%C3%87O_PINHEIRINHO-Curitiba-942-9628-78902615-0,-1.0,-25.486565,-49.294321,,False,5,1,2023-06-15T22:03:36.217693+00:00
CUR_GE713,Curitiba,4106902,0,URBS,X08,https://moovitapp.com/index/pt-br/transporte_p%C3%BAblico-line-X08_REFOR%C3%87O_PINHEIRINHO-Curitiba-942-9628-78902615-0,-1.0,-25.4691,-49.293958,,False,5,1,2023-06-15T22:02:36.217693+00:00
CUR_GE731,Curitiba,4106902,0,URBS,X08,https://moovitapp.com/index/pt-br/transporte_p%C3%BAblico-line-X08_REFOR%C3%87O_PINHEIRINHO-Curitiba-942-9628-78902615-0,-1.0,-25.508705,-49.295858,,False,5,1,2023-06-15T21:59:36.217693+00:00
CUR_HE722,Curitiba,4106902,0,URBS,X08,https://moovitapp.com/index/pt-br/transporte_p%C3%BAblico-line-X08_REFOR%C3%87O_PINHEIRINHO-Curitiba-942-9628-78902615-0,-1.0,-25.495375,-49.295648,,False,5,2,2023-06-15T21:51:36.217693+00:00
CUR_GD350,Curitiba,4106902,0,URBS,X08,https://moovitapp.com/index/pt-br/transporte_p%C3%BAblico-line-X08_REFOR%C3%87O_PINHEIRINHO-Curitiba-942-9628-78902615-0,-1.0,-25.512031,-49.29566,,False,5,1,2023-06-15T21:55:36.217693+00:00
CUR_DE698,Curitiba,4106902,0,URBS,302,https://moovitapp.com/index/pt-br/transporte_p%C3%BAblico-line-302_CENTEN%C3%81RIO_RUI_BARBOSA-Curitiba-942-9628-294501-0,-1.0,-25.432228,-49.278036,,False,4,2,2023-06-15T22:05:36.217693+00:00
CUR_DE699,Curitiba,4106902,0,URBS,302,https://moovitapp.com/index/pt-br/transporte_p%C3%BAblico-line-302_CENTEN%C3%81RIO_RUI_BARBOSA-Curitiba-942-9628-294501-0,-1.0,-25.43569,-49.260088,,False,4,1,2023-06-15T22:05:36.217693+00:00
CUR_DE713,Curitiba,4106902,0,URBS,302,https://moovitapp.com/index/pt-br/transporte_p%C3%BAblico-line-302_CENTEN%C3%81RIO_RUI_BARBOSA-Curitiba-942-9628-294501-0,-1.0,-25.461821,-49.2113,,False,5,2,2023-06-15T22:05:36.217693+00:00
CUR_DE702,Curitiba,4106902,0,URBS,302,https://moovitapp.com/index/pt-br/transporte_p%C3%BAblico-line-302_CENTEN%C3%81RIO_RUI_BARBOSA-Curitiba-942-9628-294501-0,-1.0,-25.43578,-49.256533,,False,5,2,2023-06-15T22:05:36.217693+00:00
CUR_GI300,Curitiba,4106902,1,,614,,,-25.477911,-49.294258,,False,3,2,2023-06-15T21:59:36.217693+00:00
CUR_GA181,Curitiba,4106902,1,,614,,,-25.467005,-49.280153,,False,1,1,2023-06-15T22:03:36.217693+00:00
CUR_HI044,Curitiba,4106902,1,,614,,,-25.457945,-49.270411,,False,1,1,2023-06-15T22:05:36.217693+00:00
CUR_HL306,Curitiba,4106902,0,URBS,X32,https://moovitapp.com/index/pt-br/transporte_p%C3%BAblico-line-X32_CIC_CAP%C3%83O_RASO-Curitiba-942-9628-557282-0,-1.0,-25.498073,-49.307496,,False,3,2,2023-06-15T22:02:36.217693+00:00
CUR_GL300,Curitiba,4106902,0,URBS,546,https://moovitapp.com/index/pt-br/transporte_p%C3%BAblico-line-546_S%C3%8DTIO_CERCADO_BOQUEIR%C3%83O-Curitiba-942-9628-531687-0,-1.0,-25.518758,-49.232178,,False,3,1,2023-06-15T22:03:36.217693+00:00
CUR_GL304,Curitiba,4106902,0,URBS,546,https://moovitapp.com/index/pt-br/transporte_p%C3%BAblico-line-546_S%C3%8DTIO_CERCADO_BOQUEIR%C3%83O-Curitiba-942-9628-531687-0,-1.0,-25.522098,-49.22872,,False,3,2,2023-06-15T22:03:36.217693+00:00
CUR_GL325,Curitiba,4106902,0,URBS,546,https://moovitapp.com/index/pt-br/transporte_p%C3%BAblico-line-546_S%C3%8DTIO_CERCADO_BOQUEIR%C3%83O-Curitiba-942-9628-531687-0,-1.0,-25.534716,-49.269568,,False,3,1,2023-06-15T22:01:36.217693+00:00
CUR_HA030,Curitiba,4106902,1,,620,,,-25.495743,-49.302418,,False,1,1,2023-06-15T21:54:36.217693+00:00
CUR_HA024,Curitiba,4106902,1,,690,,,-25.513053,-49.294963,,False,1,1,2023-06-15T22:04:36.217693+00:00
CUR_HI035,Curitiba,4106902,1,,690,,,-25.611501,-49.337746,,False,1,1,2023-06-15T22:00:36.217693+00:00
