bus_id,city,city_code,adapted,agency,line_code,line_url,line_fare,latitude,longitude,bus_speed,is_eletric,bus_type,bus_direction,updated_at
CUR_BI859,Curitiba,4106902,1,,175,,,-25.440951,-49.267163,,False,7,2,2023-06-16T00:51:27.643840+00:00
CUR_BI851,Curitiba,4106902,1,,175,,,-25.415003,-49.28054,,False,7,1,2023-06-16T00:46:27.643840+00:00
CUR_JI601,Curitiba,4106902,1,,703,,,-25.446788,-49.276381,,False,4,2,2023-06-16T00:52:27.643840+00:00
CUR_JB609,Curitiba,4106902,1,,040,,,-25.514993,-49.322176,,False,4,2,2023-06-16T00:52:27.643840+00:00
CUR_GB610,Curitiba,4106902,1,,040,,,-25.416648,-49.34993,,False,4,1,2023-06-16T00:52:27.643840+00:00
CUR_JB699,Curitiba,4106902,1,,040,,,-25.483738,-49.322358,,False,4,1,2023-06-16T00:52:27.643840+00:00
CUR_HB602,Curitiba,4106902,1,,040,,,-25.407653,-49.338556,,False,4,1,2023-06-16T00:51:27.643840+00:00
CUR_JB610,Curitiba,4106902,1,,040,,,-25.514013,-49.32301,,False,4,2,2023-06-16T00:52:27.643840+00:00
CUR_HB600,Curitiba,4106902,1,,040,,,-25.441613,-49.34739,,False,4,2,2023-06-16T00:52:27.643840+00:00
CUR_HB609,Curitiba,4106902,1,,040,,,-25.446486,-49.348116,,False,4,1,2023-06-16T00:52:27.643840+00:00
CUR_JB607,Curitiba,4106902,1,,040,,,-25.47754,-49.328255,,False,4,2,2023-06-16T00:52:27.643840+00:00
CUR_BL605,Curitiba,4106902,0,URBS,022,https://moovitapp.com/index/pt-br/transporte_p%C3%BAblico-line-022_INTER_2_HOR%C3%81RIO-Curitiba-942-9628-381388-0,-1.0,-25.476001,-49.292323,,False,4,,2023-06-16T00:48:27.643840+00:00
CUR_HR804,Curitiba,4106902,0,URBS,022,https://moovitapp.com/index/pt-br/transporte_p%C3%BAblico-line-022_INTER_2_HOR%C3%81RIO-Curitiba-942-9628-381388-0,-1.0,-25.419885,-49.291121,,False,4,,2023-06-16T00:52:27.643840+00:00
CUR_BL334,Curitiba,4106902,0,URBS,022,https://moovitapp.com/index/pt-br/transporte_p%C3%BAblico-line-022_INTER_2_HOR%C3%81RIO-Curitiba-942-9628-381388-0,-1.0,-25.435816,-49.306295,,False,3,,2023-06-16T00:52:27.643840+00:00
CUR_BL300,Curitiba,4106902,0,URBS,022,https://moovitapp.com/index/pt-br/transporte_p%C3%BAblico-line-022_INTER_2_HOR%C3%81RIO-Curitiba-942-9628-381388-0,-1.0,-25.450923,-49.229071,,False,3,,2023-06-16T00:46:27.643840+00:00
CUR_BL306,Curitiba,4106902,0,URBS,022,https://moovitapp.com/index/pt-br/transporte_p%C3%BAblico-line-022_INTER_2_HOR%C3%81RIO-Curitiba-942-9628-381388-0,-1.0,-25.485431,-49.253256,,False,3,,2023-06-16T00:49:27.643840+00:00
CUR_BL339,Curitiba,4106902,0,URBS,022,https://moovitapp.com/index/pt-br/transporte_p%C3%BAblico-line-022_INTER_2_HOR%C3%81RIO-Curitiba-942-9628-381388-0,-1.0,-25.415685,-49.266298,,False,3,,2023-06-16T00:51:27.643840+00:00
CUR_BL307,Curitiba,4106902,0,URBS,022,https://moovitapp.com/index/pt-br/transporte_p%C3%BAblico-line-022_INTER_2_HOR%C3%81RIO-Curitiba-942-9628-381388-0,-1.0,-25.398098,-49.21344,,False,3,,2023-06-16T00:46:27.643840+00:00
CUR_DA300,Curitiba,4106902,1,,513,,,-25.482365,-49.246845,,False,3,1,2023-06-16T00:52:27.643840+00:00
CUR_BC321,Curitiba,4106902,1,,170,,,-25.417005,-49.276883,,False,3,1,2023-06-16T00:50:27.643840+00:00
CUR_BL338,Curitiba,4106902,0,URBS,023,https://moovitapp.com/index/pt-br/transporte_p%C3%BAblico-line-023_INTER_2_ANTI_HOR%C3%81RIO-Curitiba-942-9628-398189-0,-1.0,-25.49628,-49.270296,,False,3,,2023-06-16T00:49:27.643840+00:00
CUR_HL601,Curitiba,4106902,0,URBS,023,https://moovitapp.com/index/pt-br/transporte_p%C3%BAblico-line-023_INTER_2_ANTI_HOR%C3%81RIO-Curitiba-942-9628-398189-0,-1.0,-25.45802,-49.232263,,False,4,,2023-06-16T00:50:27.643840+00:00
CUR_BL324,Curitiba,4106902,0,URBS,023,https://moovitapp.com/index/pt-br/transporte_p%C3%BAblico-line-023_INTER_2_ANTI_HOR%C3%81RIO-Curitiba-942-9628-398189-0,-1.0,-25.457843,-49.302981,,False,3,,2023-06-16T00:49:27.643840+00:00
CUR_EL303,Curitiba,4106902,0,URBS,023,https://moovitapp.com/index/pt-br/transporte_p%C3%BAblico-line-023_INTER_2_ANTI_HOR%C3%81RIO-Curitiba-942-9628-398189-0,-1.0,-25.480596,-49.2466,,False,3,,2023-06-16T00:52:27.643840+00:00
CUR_CL038,Curitiba,4106902,0,URBS,023,https://moovitapp.com/index/pt-br/transporte_p%C3%BAblico-line-023_INTER_2_ANTI_HOR%C3%81RIO-Curitiba-942-9628-398189-0,-1.0,-25.409963,-49.248663,,False,3,,2023-06-16T00:52:27.643840+00:00
CUR_BL330,Curitiba,4106902,0,URBS,023,https://moovitapp.com/index/pt-br/transporte_p%C3%BAblico-line-023_INTER_2_ANTI_HOR%C3%81RIO-Curitiba-942-9628-398189-0,-1.0,-25.48015,-49.246625,,False,3,,2023-06-16T00:51:27.643840+00:00
CUR_BL332,Curitiba,4106902,0,URBS,023,https://moovitapp.com/index/pt-br/transporte_p%C3%BAblico-line-023_INTER_2_ANTI_HOR%C3%81RIO-Curitiba-942-9628-398189-0,-1.0,-25.483173,-49.293275,,False,3,,2023-06-16T00:51:27.643840+00:00
CUR_DL316,Curitiba,4106902,0,URBS,023,https://moovitapp.com/index/pt-br/transporte_p%C3%BAblico-line-023_INTER_2_ANTI_HOR%C3%81RIO-Curitiba-942-9628-398189-0,-1.0,-25.429858,-49.21558,,False,3,,2023-06-16T00:52:27.643840+00:00
CUR_DL308,Curitiba,4106902,0,URBS,305,https://moovitapp.com/index/pt-br/transporte_p%C3%BAblico-line-305_CENTEN%C3%81RIO-Curitiba-942-9628-294271-0,-1.0,-25.439883,-49.249495,,False,3,1,2023-06-16T00:52:27.643840+00:00
CUR_DL311,Curitiba,4106902,0,URBS,305,https://moovitapp.com/index/pt-br/transporte_p%C3%BAblico-line-305_CENTEN%C3%81RIO-Curitiba-942-9628-294271-0,-1.0,-25.443673,-49.235018,,False,3,2,2023-06-16T00:52:27.643840+00:00
CUR_DN607,Curitiba,4106902,1,,461,,,-25.444216,-49.243136,,False,7,1,2023-06-16T00:52:27.643840+00:00
CUR_EA008,Curitiba,4106902,1,,657,,,-25.500093,-49.272911,,False,1,2,2023-06-16T00:52:27.643840+00:00
CUR_BI026,Curitiba,4106902,1,,812,,,-25.430555,-49.32306,,False,1,1,2023-06-16T00:50:27.643840+00:00
CUR_BI030,Curitiba,4106902,1,,812,,,-25.41731,-49.35443,,False,1,2,2023-06-16T00:51:27.643840+00:00
CUR_HA610,Curitiba,4106902,1,,685,,,-25.511551,-49.324198,,False,4,1,2023-06-16T00:50:27.643840+00:00
CUR_HA619,Curitiba,4106902,1,,685,,,-25.53625,-49.315603,,False,4,2,2023-06-16T00:52:27.643840+00:00
CUR_MN610,Curitiba,4106902,1,,965,,,-25.42963,-49.270878,,False,7,1,2023-06-16T00:52:27.643840+00:00
CUR_EI018,Curitiba,4106902,1,,663,,,-25.472238,-49.286001,,False,1,2,2023-06-16T00:52:27.643840+00:00
CUR_EI013,Curitiba,4106902,1,,663,,,-25.471965,-49.286018,,False,1,1,2023-06-16T00:52:27.643840+00:00
CUR_JL320,Curitiba,4106902,1,URBS,702,https://moovitapp.com/index/pt-br/transporte_p%C3%BAblico-line-702_CAIU%C3%81_CACHOEIRA-Curitiba-942-9628-133282980-0,-1.0,-25.344613,-49.26672,,False,3,2,2023-06-16T00:51:27.643840+00:00
CUR_JL313,Curitiba,4106902,0,URBS,702,https://moovitapp.com/index/pt-br/transporte_p%C3%BAblico-line-702_CAIU%C3%81_CACHOEIRA-Curitiba-942-9628-133282980-0,-1.0,-25.425196,-49.268733,,False,3,1,2023-06-16T00:51:27.643840+00:00
CUR_JL319,Curitiba,4106902,0,URBS,702,https://moovitapp.com/index/pt-br/transporte_p%C3%BAblico-line-702_CAIU%C3%81_CACHOEIRA-Curitiba-942-9628-133282980-0,-1.0,-25.466956,-49.316616,,False,3,1,2023-06-16T00:51:27.643840+00:00
CUR_GB606,Curitiba,4106902,1,,030,,,-25.510836,-49.256153,,False,4,1,2023-06-16T00:52:27.643840+00:00
CUR_BB611,Curitiba,4106902,1,,030,,,-25.502306,-49.2385,,False,4,2,2023-06-16T00:52:27.643840+00:00
CUR_KB608,Curitiba,4106902,1,,030,,,-25.510648,-49.255523,,False,4,1,2023-06-16T00:52:27.643840+00:00
CUR_BB606,Curitiba,4106902,1,,030,,,-25.387238,-49.211506,,False,4,2,2023-06-16T00:48:27.643840+00:00
CUR_BB620,Curitiba,4106902,1,,030,,,-25.452293,-49.213488,,False,4,2,2023-06-16T00:50:27.643840+00:00
CUR_BB608,Curitiba,4106902,1,,030,,,-25.412835,-49.205115,,False,4,1,2023-06-16T00:51:27.643840+00:00
CUR_JI016,Curitiba,4106902,1,,777,,,-25.450451,-49.291335,,False,1,1,2023-06-16T00:52:27.643840+00:00
CUR_JC313,Curitiba,4106902,1,,777,,,-25.45427,-49.296113,,False,3,2,2023-06-16T00:52:27.643840+00:00
CUR_BI031,Curitiba,4106902,1,,816,,,-25.430596,-49.316995,,False,1,2,2023-06-16T00:52:27.643840+00:00
CUR_BA021,Curitiba,4106902,1,,816,,,-25.412523,-49.322705,,False,1,1,2023-06-16T00:52:27.643840+00:00
CUR_GI025,Curitiba,4106902,1,,534,,,-25.516938,-49.230931,,False,1,1,2023-06-16T00:51:27.643840+00:00
CUR_GI028,Curitiba,4106902,1,,534,,,-25.52928,-49.262103,,False,1,2,2023-06-16T00:52:27.643840+00:00
CUR_BI007,Curitiba,4106902,1,,374,,,-25.413816,-49.230815,,False,1,1,2023-06-16T00:51:27.643840+00:00
CUR_BI006,Curitiba,4106902,1,,374,,,-25.414241,-49.231693,,False,1,2,2023-06-16T00:51:27.643840+00:00
CUR_BE702,Curitiba,4106902,0,URBS,203,https://moovitapp.com/index/pt-br/transporte_p%C3%BAblico-line-203_SANTA_C%C3%82NDIDA_CAP%C3%83O_RASO-Curitiba-942-9628-1323737-0,-1.0,-25.41189,-49.257561,,False,5,1,2023-06-16T00:51:27.643840+00:00
CUR_BE710,Curitiba,4106902,0,URBS,203,https://moovitapp.com/index/pt-br/transporte_p%C3%BAblico-line-203_SANTA_C%C3%82NDIDA_CAP%C3%83O_RASO-Curitiba-942-9628-1323737-0,-1.0,-25.476035,-49.292598,,False,5,1,2023-06-16T00:51:27.643840+00:00
CUR_BE719,Curitiba,4106902,0,URBS,203,https://moovitapp.com/index/pt-br/transporte_p%C3%BAblico-line-203_SANTA_C%C3%82NDIDA_CAP%C3%83O_RASO-Curitiba-942-9628-1323737-0,-1.0,-25.399755,-49.246301,,False,5,2,2023-06-16T00:50:27.643840+00:00
CUR_GE726,Curitiba,4106902,0,URBS,203,https://moovitapp.com/index/pt-br/transporte_p%C3%BAblico-line-203_SANTA_C%C3%82NDIDA_CAP%C3%83O_RASO-Curitiba-942-9628-1323737-0,-1.0,-25.440146,-49.273103,,False,5,2,2023-06-16T00:51:27.643840+00:00
CUR_GE704,Curitiba,4106902,0,URBS,203,https://moovitapp.com/index/pt-br/transporte_p%C3%BAblico-line-203_SANTA_C%C3%82NDIDA_CAP%C3%83O_RASO-Curitiba-942-9628-1323737-0,-1.0,-25.377408,-49.22406,,False,5,2,2023-06-16T00:52:27.643840+00:00
CUR_HE714,Curitiba,4106902,0,URBS,203,https://moovitapp.com/index/pt-br/transporte_p%C3%BAblico-line-203_SANTA_C%C3%82NDIDA_CAP%C3%83O_RASO-Curitiba-942-9628-1323737-0,-1.0,-25.53988,-49.308593,,False,5,2,2023-06-16T00:51:27.643840+00:00
CUR_GE715,Curitiba,4106902,0,URBS,203,https://moovitapp.com/index/pt-br/transporte_p%C3%BAblico-line-203_SANTA_C%C3%82NDIDA_CAP%C3%83O_RASO-Curitiba-942-9628-1323737-0,-1.0,-25.420031,-49.265065,,False,5,2,2023-06-16T00:52:27.643840+00:00
CUR_HE729,Curitiba,4106902,0,URBS,203,https://moovitapp.com/index/pt-br/transporte_p%C3%BAblico-line-203_SANTA_C%C3%82NDIDA_CAP%C3%83O_RASO-Curitiba-942-9628-1323737-0,-1.0,-25.439536,-49.271665,,False,5,2,2023-06-16T00:52:27.643840+00:00
CUR_BE718,Curitiba,4106902,0,URBS,203,https://moovitapp.com/index/pt-br/transporte_p%C3%BAblico-line-203_SANTA_C%C3%82NDIDA_CAP%C3%83O_RASO-Curitiba-942-9628-1323737-0,-1.0,-25.377016,-49.224318,,False,5,1,2023-06-16T00:48:27.643840+00:00
CUR_BE716,Curitiba,4106902,0,URBS,203,https://moovitapp.com/index/pt-br/transporte_p%C3%BAblico-line-203_SANTA_C%C3%82NDIDA_CAP%C3%83O_RASO-Curitiba-942-9628-1323737-0,-1.0,-25.412611,-49.25824,,False,5,1,2023-06-16T00:51:27.643840+00:00
CUR_BE725,Curitiba,4106902,0,URBS,203,https://moovitapp.com/index/pt-br/transporte_p%C3%BAblico-line-203_SANTA_C%C3%82NDIDA_CAP%C3%83O_RASO-Curitiba-942-9628-1323737-0,-1.0,-25.451283,-49.287951,,False,5,1,2023-06-16T00:50:27.643840+00:00
CUR_BE722,Curitiba,4106902,0,URBS,203,https://moovitapp.com/index/pt-br/transporte_p%C3%BAblico-line-203_SANTA_C%C3%82NDIDA_CAP%C3%83O_RASO-Curitiba-942-9628-1323737-0,-1.0,-25.436438,-49.264865,,False,5,1,2023-06-16T00:52:27.643840+00:00
CUR_HB611,Curitiba,4106902,1,,020,,,-25.481448,-49.247256,,False,4,,2023-06-16T00:52:27.643840+00:00
CUR_BB613,Curitiba,4106902,1,,020,,,-25.428721,-49.227006,,False,4,,2023-06-16T00:51:27.643840+00:00
CUR_BB605,Curitiba,4106902,1,,020,,,-25.436485,-49.308221,,False,4,,2023-06-16T00:49:27.643840+00:00
CUR_CB600,Curitiba,4106902,1,,020,,,-25.435766,-49.30661,,False,4,,2023-06-16T00:51:27.643840+00:00
CUR_BB601,Curitiba,4106902,1,,020,,,-25.492278,-49.293101,,False,4,,2023-06-16T00:49:27.643840+00:00
CUR_JL324,Curitiba,4106902,1,URBS,304,https://moovitapp.com/index/pt-br/transporte_p%C3%BAblico-line-304_PINHAIS_CAMPO_COMPRIDO-Curitiba-942-9628-133282995-0,-1.0,-25.435625,-49.250988,,False,3,2,2023-06-16T00:51:27.643840+00:00
CUR_JL310,Curitiba,4106902,0,URBS,304,https://moovitapp.com/index/pt-br/transporte_p%C3%BAblico-line-304_PINHAIS_CAMPO_COMPRIDO-Curitiba-942-9628-133282995-0,-1.0,-25.440308,-49.182123,,False,3,2,2023-06-16T00:52:27.643840+00:00
CUR_DL310,Curitiba,4106902,0,URBS,304,https://moovitapp.com/index/pt-br/transporte_p%C3%BAblico-line-304_PINHAIS_CAMPO_COMPRIDO-Curitiba-942-9628-133282995-0,-1.0,-25.428075,-49.283433,,False,3,1,2023-06-16T00:52:27.643840+00:00
CUR_JI864,Curitiba,4106902,1,,760,,,-25.465226,-49.319906,,False,7,1,2023-06-16T00:52:27.643840+00:00
CUR_JA300,Curitiba,4106902,1,,778,,,-25.435128,-49.273105,,False,3,2,2023-06-16T00:52:27.643840+00:00
CUR_JC316,Curitiba,4106902,1,,778,,,-25.477346,-49.326676,,False,3,1,2023-06-16T00:52:27.643840+00:00
CUR_JB604,Curitiba,4106902,1,,050,,,-25.452118,-49.230025,,False,4,2,2023-06-16T00:52:27.643840+00:00
CUR_JB611,Curitiba,4106902,1,,050,,,-25.44903,-49.260495,,False,4,2,2023-06-16T00:52:27.643840+00:00
CUR_GB611,Curitiba,4106902,1,,050,,,-25.463881,-49.276728,,False,4,1,2023-06-16T00:52:27.643840+00:00
CUR_EB608,Curitiba,4106902,1,,050,,,-25.455988,-49.234405,,False,4,2,2023-06-16T00:51:27.643840+00:00
CUR_HB695,Curitiba,4106902,1,,050,,,-25.477605,-49.312315,,False,4,1,2023-06-16T00:52:27.643840+00:00
CUR_EB604,Curitiba,4106902,1,,050,,,-25.476026,-49.296935,,False,4,1,2023-06-16T00:51:27.643840+00:00
CUR_GI033,Curitiba,4106902,1,,643,,,-25.601761,-49.276105,,False,1,1,2023-06-16T00:52:27.643840+00:00
CUR_GI037,Curitiba,4106902,1,,643,,,-25.512938,-49.294728,,False,1,2,2023-06-16T00:52:27.643840+00:00
CUR_BI016,Curitiba,4106902,1,,243,,,-25.3616,-49.263091,,False,1,1,2023-06-16T00:51:27.643840+00:00
CUR_JC315,Curitiba,4106902,1,,701,,,-25.459236,-49.302536,,False,3,1,2023-06-16T00:51:27.643840+00:00
CUR_JC304,Curitiba,4106902,1,,701,,,-25.468675,-49.313018,,False,3,2,2023-06-16T00:52:27.643840+00:00
CUR_JI301,Curitiba,4106902,1,,701,,,-25.434801,-49.27234,,False,3,2,2023-06-16T00:52:27.643840+00:00
CUR_BI880,Curitiba,4106902,1,,275,,,-25.407065,-49.260571,,False,7,2,2023-06-16T00:50:27.643840+00:00
CUR_BI890,Curitiba,4106902,1,,275,,,-25.378316,-49.235996,,False,7,1,2023-06-16T00:48:27.643840+00:00
CUR_BI873,Curitiba,4106902,1,,184,,,-25.427295,-49.270815,,False,7,1,2023-06-16T00:52:27.643840+00:00
CUR_BC009,Curitiba,4106902,1,,870,,,-25.431703,-49.276603,,False,1,1,2023-06-16T00:51:27.643840+00:00
CUR_BC020,Curitiba,4106902,1,,870,,,-25.432298,-49.282835,,False,1,1,2023-06-16T00:46:27.643840+00:00
CUR_KE708,Curitiba,4106902,0,URBS,502,https://moovitapp.com/index/pt-br/transporte_p%C3%BAblico-line-502_CIRCULAR_SUL_HOR%C3%81RIO-Curitiba-942-9628-294482-0,-1.0,-25.52748,-49.240176,,False,5,,2023-06-16T00:52:27.643840+00:00
CUR_HE615,Curitiba,4106902,0,URBS,502,https://moovitapp.com/index/pt-br/transporte_p%C3%BAblico-line-502_CIRCULAR_SUL_HOR%C3%81RIO-Curitiba-942-9628-294482-0,-1.0,-25.515453,-49.295615,,False,4,,2023-06-16T00:51:27.643840+00:00
CUR_HE614,Curitiba,4106902,0,URBS,502,https://moovitapp.com/index/pt-br/transporte_p%C3%BAblico-line-502_CIRCULAR_SUL_HOR%C3%81RIO-Curitiba-942-9628-294482-0,-1.0,-25.505455,-49.235606,,False,4,,2023-06-16T00:51:27.643840+00:00
CUR_GE603,Curitiba,4106902,0,URBS,502,https://moovitapp.com/index/pt-br/transporte_p%C3%BAblico-line-502_CIRCULAR_SUL_HOR%C3%81RIO-Curitiba-942-9628-294482-0,-1.0,-25.536126,-49.276375,,False,4,,2023-06-16T00:52:27.643840+00:00
CUR_HE609,Curitiba,4106902,0,URBS,502,https://moovitapp.com/index/pt-br/transporte_p%C3%BAblico-line-502_CIRCULAR_SUL_HOR%C3%81RIO-Curitiba-942-9628-294482-0,-1.0,-25.479548,-49.248226,,False,4,,2023-06-16T00:52:27.643840+00:00
CUR_GE610,Curitiba,4106902,0,URBS,502,https://moovitapp.com/index/pt-br/transporte_p%C3%BAblico-line-502_CIRCULAR_SUL_HOR%C3%81RIO-Curitiba-942-9628-294482-0,-1.0,-25.477175,-49.282601,,False,4,,2023-06-16T00:51:27.643840+00:00
CUR_GE613,Curitiba,4106902,0,URBS,502,https://moovitapp.com/index/pt-br/transporte_p%C3%BAblico-line-502_CIRCULAR_SUL_HOR%C3%81RIO-Curitiba-942-9628-294482-0,-1.0,-25.484145,-49.293571,,False,4,,2023-06-16T00:52:27.643840+00:00
CUR_BI855,Curitiba,4106902,1,,386,,,-25.42971,-49.265605,,False,7,1,2023-06-16T00:51:27.643840+00:00
CUR_BC310,Curitiba,4106902,1,,207,,,-25.431615,-49.27721,,False,3,1,2023-06-16T00:51:27.643840+00:00
CUR_BC308,Curitiba,4106902,1,,207,,,-25.406266,-49.252391,,False,3,2,2023-06-16T00:48:27.643840+00:00
CUR_GI859,Curitiba,4106902,1,,661,,,-25.473003,-49.265345,,False,7,1,2023-06-16T00:52:27.643840+00:00
CUR_HI011,Curitiba,4106902,1,,652,,,-25.5119,-49.328788,,False,1,1,2023-06-16T00:51:27.643840+00:00
CUR_HI010,Curitiba,4106902,1,,652,,,-25.528661,-49.338713,,False,1,1,2023-06-16T00:52:27.643840+00:00
CUR_JI020,Curitiba,4106902,1,,712,,,-25.511488,-49.32446,,False,1,2,2023-06-16T00:52:27.643840+00:00
CUR_HI049,Curitiba,4106902,1,,712,,,-25.481433,-49.329321,,False,1,1,2023-06-16T00:52:27.643840+00:00
CUR_HI045,Curitiba,4106902,1,,680,,,-25.576356,-49.331175,,False,1,2,2023-06-16T00:51:27.643840+00:00
CUR_HI039,Curitiba,4106902,1,,680,,,-25.576096,-49.31661,,False,1,1,2023-06-16T00:51:27.643840+00:00
CUR_HI037,Curitiba,4106902,1,,655,,,-25.55847,-49.339053,,False,1,1,2023-06-16T00:51:27.643840+00:00
CUR_HI025,Curitiba,4106902,1,,655,,,-25.51205,-49.29476,,False,1,2,2023-06-16T00:52:27.643840+00:00
CUR_HE728,Curitiba,4106902,0,URBS,603,https://moovitapp.com/index/pt-br/transporte_p%C3%BAblico-line-603_PINHEIRINHO_RUI_BARBOSA-Curitiba-942-9628-484781-0,-1.0,-25.458313,-49.288783,,False,5,2,2023-06-16T00:52:27.643840+00:00
CUR_HE723,Curitiba,4106902,0,URBS,603,https://moovitapp.com/index/pt-br/transporte_p%C3%BAblico-line-603_PINHEIRINHO_RUI_BARBOSA-Curitiba-942-9628-484781-0,-1.0,-25.508766,-49.295831,,False,5,1,2023-06-16T00:52:27.643840+00:00
CUR_HE704,Curitiba,4106902,0,URBS,603,https://moovitapp.com/index/pt-br/transporte_p%C3%BAblico-line-603_PINHEIRINHO_RUI_BARBOSA-Curitiba-942-9628-484781-0,-1.0,-25.494486,-49.293875,,False,5,1,2023-06-16T00:52:27.643840+00:00
CUR_HD246,Curitiba,4106902,0,URBS,603,https://moovitapp.com/index/pt-br/transporte_p%C3%BAblico-line-603_PINHEIRINHO_RUI_BARBOSA-Curitiba-942-9628-484781-0,-1.0,-25.436281,-49.27436,,False,5,2,2023-06-16T00:51:27.643840+00:00
CUR_HE721,Curitiba,4106902,0,URBS,603,https://moovitapp.com/index/pt-br/transporte_p%C3%BAblico-line-603_PINHEIRINHO_RUI_BARBOSA-Curitiba-942-9628-484781-0,-1.0,-25.464915,-49.29137,,False,5,1,2023-06-16T00:52:27.643840+00:00
CUR_HD252,Curitiba,4106902,0,URBS,603,https://moovitapp.com/index/pt-br/transporte_p%C3%BAblico-line-603_PINHEIRINHO_RUI_BARBOSA-Curitiba-942-9628-484781-0,-1.0,-25.538898,-49.307011,,False,5,1,2023-06-16T00:52:27.643840+00:00
CUR_BL325,Curitiba,4106902,0,URBS,307,https://moovitapp.com/index/pt-br/transporte_p%C3%BAblico-line-307_BAIRRO_ALTO_SANTA_FELICIDADE-Curitiba-942-9628-1323712-0,-1.0,-25.42908,-49.270246,,False,3,2,2023-06-16T00:52:27.643840+00:00
CUR_ML308,Curitiba,4106902,0,URBS,307,https://moovitapp.com/index/pt-br/transporte_p%C3%BAblico-line-307_BAIRRO_ALTO_SANTA_FELICIDADE-Curitiba-942-9628-1323712-0,-1.0,-25.415168,-49.30235,,False,3,2,2023-06-16T00:52:27.643840+00:00
CUR_BL328,Curitiba,4106902,0,URBS,307,https://moovitapp.com/index/pt-br/transporte_p%C3%BAblico-line-307_BAIRRO_ALTO_SANTA_FELICIDADE-Curitiba-942-9628-1323712-0,-1.0,-25.413011,-49.205933,,False,3,2,2023-06-16T00:51:27.643840+00:00
CUR_CL302,Curitiba,4106902,0,URBS,307,https://moovitapp.com/index/pt-br/transporte_p%C3%BAblico-line-307_BAIRRO_ALTO_SANTA_FELICIDADE-Curitiba-942-9628-1323712-0,-1.0,-25.413081,-49.205848,,False,3,1,2023-06-16T00:52:27.643840+00:00
CUR_ML309,Curitiba,4106902,0,URBS,307,https://moovitapp.com/index/pt-br/transporte_p%C3%BAblico-line-307_BAIRRO_ALTO_SANTA_FELICIDADE-Curitiba-942-9628-1323712-0,-1.0,-25.428435,-49.28481,,False,3,2,2023-06-16T00:52:27.643840+00:00
CUR_CL039,Curitiba,4106902,0,URBS,307,https://moovitapp.com/index/pt-br/transporte_p%C3%BAblico-line-307_BAIRRO_ALTO_SANTA_FELICIDADE-Curitiba-942-9628-1323712-0,-1.0,-25.430391,-49.210836,,False,3,1,2023-06-16T00:51:27.643840+00:00
CUR_MA011,Curitiba,4106902,1,,924,,,-25.383721,-49.31725,,False,1,1,2023-06-16T00:52:27.643840+00:00
CUR_MI004,Curitiba,4106902,1,,924,,,-25.365573,-49.260505,,False,1,1,2023-06-16T00:52:27.643840+00:00
CUR_BI010,Curitiba,4106902,1,,924,,,-25.374483,-49.274271,,False,1,2,2023-06-16T00:50:27.643840+00:00
CUR_DR408,Curitiba,4106902,1,,335,,,-25.497543,-49.217656,,False,4,2,2023-06-16T00:52:27.643840+00:00
CUR_EI008,Curitiba,4106902,1,,335,,,-25.49276,-49.21531,,False,1,1,2023-06-16T00:52:27.643840+00:00
CUR_EI012,Curitiba,4106902,1,,561,,,-25.435376,-49.27377,,False,1,2,2023-06-16T00:52:27.643840+00:00
CUR_EI001,Curitiba,4106902,1,,475,,,-25.500375,-49.220075,,False,1,1,2023-06-16T00:51:27.643840+00:00
CUR_EA010,Curitiba,4106902,1,,561,,,-25.48743,-49.27721,,False,1,1,2023-06-16T00:51:27.643840+00:00
CUR_KE702,Curitiba,4106902,0,URBS,503,https://moovitapp.com/index/pt-br/transporte_p%C3%BAblico-line-503_BOQUEIR%C3%83O-Curitiba-942-9628-294244-0,-1.0,-25.48948,-49.243315,,False,5,2,2023-06-16T00:51:27.643840+00:00
CUR_KE704,Curitiba,4106902,0,URBS,503,https://moovitapp.com/index/pt-br/transporte_p%C3%BAblico-line-503_BOQUEIR%C3%83O-Curitiba-942-9628-294244-0,-1.0,-25.492738,-49.241811,,False,5,1,2023-06-16T00:52:27.643840+00:00
CUR_KE703,Curitiba,4106902,0,URBS,503,https://moovitapp.com/index/pt-br/transporte_p%C3%BAblico-line-503_BOQUEIR%C3%83O-Curitiba-942-9628-294244-0,-1.0,-25.455561,-49.259996,,False,5,1,2023-06-16T00:51:27.643840+00:00
CUR_GE608,Curitiba,4106902,0,URBS,503,https://moovitapp.com/index/pt-br/transporte_p%C3%BAblico-line-503_BOQUEIR%C3%83O-Curitiba-942-9628-294244-0,-1.0,-25.43845,-49.268273,,False,4,2,2023-06-16T00:52:27.643840+00:00
CUR_JA030,Curitiba,4106902,1,,714,,,-25.490021,-49.356926,,False,1,,2023-06-16T00:50:27.643840+00:00
CUR_EB600,Curitiba,4106902,1,,021,,,-25.409445,-49.291726,,False,4,,2023-06-16T00:52:27.643840+00:00
CUR_CB604,Curitiba,4106902,1,,021,,,-25.467773,-49.234933,,False,4,,2023-06-16T00:51:27.643840+00:00
CUR_BB614,Curitiba,4106902,1,,021,,,-25.430236,-49.211298,,False,4,,2023-06-16T00:47:27.643840+00:00
CUR_GR123,Curitiba,4106902,1,,021,,,-25.40188,-49.252955,,False,4,,2023-06-16T00:52:27.643840+00:00
CUR_GB612,Curitiba,4106902,1,,021,,,-25.429931,-49.214458,,False,4,,2023-06-16T00:51:27.643840+00:00
CUR_EB603,Curitiba,4106902,1,,021,,,-25.46041,-49.302183,,False,4,,2023-06-16T00:52:27.643840+00:00
CUR_EL329,Curitiba,4106902,1,URBS,506,https://moovitapp.com/index/pt-br/transporte_p%C3%BAblico-line-506_BAIRRO_NOVO-Curitiba-942-9628-294299-0,-1.0,-25.534595,-49.268083,,False,3,1,2023-06-16T00:51:27.643840+00:00
CUR_GL302,Curitiba,4106902,0,URBS,506,https://moovitapp.com/index/pt-br/transporte_p%C3%BAblico-line-506_BAIRRO_NOVO-Curitiba-942-9628-294299-0,-1.0,-25.534593,-49.268548,,False,3,1,2023-06-16T00:52:27.643840+00:00
CUR_EL328,Curitiba,4106902,1,URBS,506,https://moovitapp.com/index/pt-br/transporte_p%C3%BAblico-line-506_BAIRRO_NOVO-Curitiba-942-9628-294299-0,-1.0,-25.50894,-49.28257,,False,3,2,2023-06-16T00:52:27.643840+00:00
CUR_EL327,Curitiba,4106902,1,URBS,506,https://moovitapp.com/index/pt-br/transporte_p%C3%BAblico-line-506_BAIRRO_NOVO-Curitiba-942-9628-294299-0,-1.0,-25.488146,-49.269133,,False,3,2,2023-06-16T00:52:27.643840+00:00
CUR_GL308,Curitiba,4106902,0,URBS,506,https://moovitapp.com/index/pt-br/transporte_p%C3%BAblico-line-506_BAIRRO_NOVO-Curitiba-942-9628-294299-0,-1.0,-25.436185,-49.271165,,False,3,2,2023-06-16T00:52:27.643840+00:00
CUR_BI879,Curitiba,4106902,1,,311,,,-25.437163,-49.205088,,False,7,2,2023-06-16T00:52:27.643840+00:00
CUR_BC314,Curitiba,4106902,1,,372,,,-25.426818,-49.252325,,False,10,1,2023-06-16T00:50:27.643840+00:00
CUR_BI029,Curitiba,4106902,1,,372,,,-25.42252,-49.199321,,False,1,2,2023-06-16T00:50:27.643840+00:00
CUR_BC002,Curitiba,4106902,1,,183,,,-25.395751,-49.271171,,False,1,2,2023-06-16T00:51:27.643840+00:00
CUR_HL498,Curitiba,4106902,1,URBS,700,https://moovitapp.com/index/pt-br/transporte_p%C3%BAblico-line-700_PINHEIRINHO_CABRAL-Curitiba-942-9628-757429-0,-1.0,-25.447203,-49.282678,,False,3,2,2023-06-16T00:52:27.643840+00:00
CUR_HL495,Curitiba,4106902,1,URBS,700,https://moovitapp.com/index/pt-br/transporte_p%C3%BAblico-line-700_PINHEIRINHO_CABRAL-Curitiba-942-9628-757429-0,-1.0,-25.4834,-49.291598,,False,3,1,2023-06-16T00:52:27.643840+00:00
CUR_BL305,Curitiba,4106902,0,URBS,700,https://moovitapp.com/index/pt-br/transporte_p%C3%BAblico-line-700_PINHEIRINHO_CABRAL-Curitiba-942-9628-757429-0,-1.0,-25.420198,-49.269298,,False,3,1,2023-06-16T00:51:27.643840+00:00
CUR_BL326,Curitiba,4106902,0,URBS,700,https://moovitapp.com/index/pt-br/transporte_p%C3%BAblico-line-700_PINHEIRINHO_CABRAL-Curitiba-942-9628-757429-0,-1.0,-25.450321,-49.285283,,False,3,1,2023-06-16T00:51:27.643840+00:00
CUR_HL330,Curitiba,4106902,1,URBS,700,https://moovitapp.com/index/pt-br/transporte_p%C3%BAblico-line-700_PINHEIRINHO_CABRAL-Curitiba-942-9628-757429-0,-1.0,-25.513096,-49.294461,,False,3,2,2023-06-16T00:51:27.643840+00:00
CUR_GI024,Curitiba,4106902,1,,640,,,-25.512668,-49.294725,,False,1,1,2023-06-16T00:52:27.643840+00:00
CUR_GI048,Curitiba,4106902,1,,640,,,-25.560375,-49.291578,,False,1,1,2023-06-16T00:52:27.643840+00:00
CUR_BC315,Curitiba,4106902,1,,371,,,-25.42842,-49.266778,,False,10,1,2023-06-16T00:50:27.643840+00:00
CUR_BC313,Curitiba,4106902,1,,371,,,-25.415446,-49.214505,,False,10,2,2023-06-16T00:51:27.643840+00:00
CUR_BI885,Curitiba,4106902,1,,272,,,-25.414483,-49.261225,,False,7,1,2023-06-16T00:50:27.643840+00:00
CUR_BI882,Curitiba,4106902,1,Auto Viação São José,213,https://moovitapp.com/index/pt-br/transporte_p%C3%BAblico-line-213_PIT_PRA%C3%87A_DA_JUVENTUDE_CRISTAL_BLANCO_POMBO_HOR%C3%81RIO-Curitiba-942-857412-119631272-0,-1.0,-25.406785,-49.252696,,False,7,1,2023-06-16T00:49:27.643840+00:00
CUR_HI613,Curitiba,4106902,1,,684,,,-25.593048,-49.339668,,False,4,1,2023-06-16T00:52:27.643840+00:00
CUR_HI602,Curitiba,4106902,1,,684,,,-25.555311,-49.30555,,False,4,2,2023-06-16T00:52:27.643840+00:00
CUR_HA613,Curitiba,4106902,1,,684,,,-25.549943,-49.30491,,False,4,1,2023-06-16T00:52:27.643840+00:00
CUR_HI021,Curitiba,4106902,1,,646,,,-25.532113,-49.299915,,False,1,2,2023-06-16T00:50:27.643840+00:00
CUR_HA029,Curitiba,4106902,1,,646,,,-25.588925,-49.327996,,False,1,1,2023-06-16T00:52:27.643840+00:00
CUR_HI853,Curitiba,4106902,1,,644,,,-25.511666,-49.323873,,False,7,2,2023-06-16T00:52:27.643840+00:00
CUR_HC853,Curitiba,4106902,1,,674,,,-25.464786,-49.289986,,False,7,2,2023-06-16T00:51:27.643840+00:00
CUR_JA301,Curitiba,4106902,1,,826,,,-25.483525,-49.350193,,False,3,2,2023-06-16T00:52:27.643840+00:00
CUR_HI014,Curitiba,4106902,1,,826,,,-25.483975,-49.350321,,False,1,1,2023-06-16T00:52:27.643840+00:00
CUR_HB608,Curitiba,4106902,1,,060,,,-25.474735,-49.35137,,False,4,1,2023-06-16T00:52:27.643840+00:00
CUR_HB699,Curitiba,4106902,1,,060,,,-25.532056,-49.300323,,False,4,2,2023-06-16T00:52:27.643840+00:00
CUR_HE604,Curitiba,4106902,0,URBS,602,https://moovitapp.com/index/pt-br/transporte_p%C3%BAblico-line-602_CIRCULAR_SUL_ANTI_HOR%C3%81RIO-Curitiba-942-9628-294517-0,-1.0,-25.526795,-49.237106,,False,4,,2023-06-16T00:52:27.643840+00:00
CUR_HE607,Curitiba,4106902,0,URBS,602,https://moovitapp.com/index/pt-br/transporte_p%C3%BAblico-line-602_CIRCULAR_SUL_ANTI_HOR%C3%81RIO-Curitiba-942-9628-294517-0,-1.0,-25.53444,-49.268441,,False,4,,2023-06-16T00:52:27.643840+00:00
CUR_GE604,Curitiba,4106902,0,URBS,602,https://moovitapp.com/index/pt-br/transporte_p%C3%BAblico-line-602_CIRCULAR_SUL_ANTI_HOR%C3%81RIO-Curitiba-942-9628-294517-0,-1.0,-25.49883,-49.238866,,False,4,,2023-06-16T00:52:27.643840+00:00
CUR_GE601,Curitiba,4106902,0,URBS,602,https://moovitapp.com/index/pt-br/transporte_p%C3%BAblico-line-602_CIRCULAR_SUL_ANTI_HOR%C3%81RIO-Curitiba-942-9628-294517-0,-1.0,-25.492683,-49.293653,,False,4,,2023-06-16T00:51:27.643840+00:00
CUR_HE605,Curitiba,4106902,0,URBS,602,https://moovitapp.com/index/pt-br/transporte_p%C3%BAblico-line-602_CIRCULAR_SUL_ANTI_HOR%C3%81RIO-Curitiba-942-9628-294517-0,-1.0,-25.475958,-49.291191,,False,4,,2023-06-16T00:52:27.643840+00:00
CUR_HE603,Curitiba,4106902,0,URBS,602,https://moovitapp.com/index/pt-br/transporte_p%C3%BAblico-line-602_CIRCULAR_SUL_ANTI_HOR%C3%81RIO-Curitiba-942-9628-294517-0,-1.0,-25.52082,-49.29552,,False,4,,2023-06-16T00:52:27.643840+00:00
CUR_HE611,Curitiba,4106902,0,URBS,602,https://moovitapp.com/index/pt-br/transporte_p%C3%BAblico-line-602_CIRCULAR_SUL_ANTI_HOR%C3%81RIO-Curitiba-942-9628-294517-0,-1.0,-25.469575,-49.252925,,False,4,,2023-06-16T00:51:27.643840+00:00
CUR_MN608,Curitiba,4106902,1,,915,,,-25.389628,-49.341116,,False,7,2,2023-06-16T00:52:27.643840+00:00
CUR_MI001,Curitiba,4106902,1,,817,,,-25.436,-49.307603,,False,1,2,2023-06-16T00:52:27.643840+00:00
CUR_BA010,Curitiba,4106902,1,,817,,,-25.430815,-49.324475,,False,1,1,2023-06-16T00:51:27.643840+00:00
CUR_BA604,Curitiba,4106902,1,Auto Viação São José,216,https://moovitapp.com/index/pt-br/transporte_p%C3%BAblico-line-216_PIT_PRA%C3%87A_DA_JUVENTUDE_SANTA_F%C3%89_PINDORAMA-Curitiba-942-857412-122004458-0,-1.0,-25.409296,-49.253753,,False,4,2,2023-06-16T00:51:27.643840+00:00
CUR_BA600,Curitiba,4106902,1,Auto Viação São José,216,https://moovitapp.com/index/pt-br/transporte_p%C3%BAblico-line-216_PIT_PRA%C3%87A_DA_JUVENTUDE_SANTA_F%C3%89_PINDORAMA-Curitiba-942-857412-122004458-0,-1.0,-25.448113,-49.25348,,False,4,2,2023-06-16T00:50:27.643840+00:00
CUR_HA608,Curitiba,4106902,1,Auto Viação São José,216,https://moovitapp.com/index/pt-br/transporte_p%C3%BAblico-line-216_PIT_PRA%C3%87A_DA_JUVENTUDE_SANTA_F%C3%89_PINDORAMA-Curitiba-942-857412-122004458-0,-1.0,-25.417245,-49.249643,,False,4,1,2023-06-16T00:51:27.643840+00:00
CUR_HA606,Curitiba,4106902,1,Auto Viação São José,216,https://moovitapp.com/index/pt-br/transporte_p%C3%BAblico-line-216_PIT_PRA%C3%87A_DA_JUVENTUDE_SANTA_F%C3%89_PINDORAMA-Curitiba-942-857412-122004458-0,-1.0,-25.472488,-49.286488,,False,4,1,2023-06-16T00:52:27.643840+00:00
CUR_CI008,Curitiba,4106902,1,,222,,,-25.396838,-49.238215,,False,1,2,2023-06-16T00:51:27.643840+00:00
CUR_CI001,Curitiba,4106902,1,,222,,,-25.383806,-49.195873,,False,1,1,2023-06-16T00:51:27.643840+00:00
CUR_JI948,Curitiba,4106902,1,,861,,,-25.441265,-49.284231,,False,7,2,2023-06-16T00:52:27.643840+00:00
CUR_BI024,Curitiba,4106902,1,,242,,,-25.35687,-49.263586,,False,1,2,2023-06-16T00:51:27.643840+00:00
CUR_HI608,Curitiba,4106902,1,,619,,,-25.512235,-49.329486,,False,4,2,2023-06-16T00:52:27.643840+00:00
CUR_HI023,Curitiba,4106902,1,,619,,,-25.552168,-49.333346,,False,1,1,2023-06-16T00:52:27.643840+00:00
CUR_HI299,Curitiba,4106902,1,,653,,,-25.511766,-49.325683,,False,1,2,2023-06-16T00:52:27.643840+00:00
CUR_GC001,Curitiba,4106902,1,,635,,,-25.52043,-49.295446,,False,1,2,2023-06-16T00:52:27.643840+00:00
CUR_HL315,Curitiba,4106902,0,URBS,508,https://moovitapp.com/index/pt-br/transporte_p%C3%BAblico-line-508_S%C3%8DTIO_CERCADO_ANTI_HOR%C3%81RIO-Curitiba-942-9628-294520-0,-1.0,-25.516181,-49.2303,,False,3,,2023-06-16T00:50:27.643840+00:00
CUR_GL320,Curitiba,4106902,0,URBS,508,https://moovitapp.com/index/pt-br/transporte_p%C3%BAblico-line-508_S%C3%8DTIO_CERCADO_ANTI_HOR%C3%81RIO-Curitiba-942-9628-294520-0,-1.0,-25.445586,-49.278265,,False,3,,2023-06-16T00:52:27.643840+00:00
CUR_GL306,Curitiba,4106902,0,URBS,508,https://moovitapp.com/index/pt-br/transporte_p%C3%BAblico-line-508_S%C3%8DTIO_CERCADO_ANTI_HOR%C3%81RIO-Curitiba-942-9628-294520-0,-1.0,-25.479478,-49.246938,,False,3,,2023-06-16T00:52:27.643840+00:00
CUR_GL321,Curitiba,4106902,0,URBS,508,https://moovitapp.com/index/pt-br/transporte_p%C3%BAblico-line-508_S%C3%8DTIO_CERCADO_ANTI_HOR%C3%81RIO-Curitiba-942-9628-294520-0,-1.0,-25.44788,-49.257925,,False,3,,2023-06-16T00:52:27.643840+00:00
CUR_GL313,Curitiba,4106902,0,URBS,508,https://moovitapp.com/index/pt-br/transporte_p%C3%BAblico-line-508_S%C3%8DTIO_CERCADO_ANTI_HOR%C3%81RIO-Curitiba-942-9628-294520-0,-1.0,-25.497858,-49.296921,,False,3,,2023-06-16T00:52:27.643840+00:00
CUR_BA015,Curitiba,4106902,1,,827,,,-25.442218,-49.353,,False,1,2,2023-06-16T00:50:27.643840+00:00
CUR_JI013,Curitiba,4106902,1,,828,,,-25.477456,-49.331836,,False,1,2,2023-06-16T00:52:27.643840+00:00
CUR_HI009,Curitiba,4106902,1,,828,,,-25.462035,-49.333811,,False,1,1,2023-06-16T00:52:27.643840+00:00
CUR_HA006,Curitiba,4106902,1,,658,,,-25.48976,-49.34882,,False,1,1,2023-06-16T00:52:27.643840+00:00
CUR_JI022,Curitiba,4106902,1,,658,,,-25.494228,-49.309255,,False,1,2,2023-06-16T00:52:27.643840+00:00
CUR_HA005,Curitiba,4106902,1,,658,,,-25.49479,-49.337845,,False,1,1,2023-06-16T00:52:27.643840+00:00
CUR_JI861,Curitiba,4106902,1,,762,,,-25.444653,-49.271165,,False,7,2,2023-06-16T00:52:27.643840+00:00
CUR_JI866,Curitiba,4106902,1,,862,,,-25.443273,-49.289561,,False,7,2,2023-06-16T00:52:27.643840+00:00
CUR_HA311,Curitiba,4106902,1,,863,,,-25.469706,-49.287861,,False,3,2,2023-06-16T00:52:27.643840+00:00
CUR_HA199,Curitiba,4106902,1,,863,,,-25.430355,-49.273268,,False,1,2,2023-06-16T00:52:27.643840+00:00
CUR_CI006,Curitiba,4106902,1,,341,,,-25.377291,-49.224028,,False,1,2,2023-06-16T00:52:27.643840+00:00
CUR_BI862,Curitiba,4106902,1,,244,,,-25.366488,-49.250313,,False,7,2,2023-06-16T00:51:27.643840+00:00
CUR_HI003,Curitiba,4106902,1,,628,,,-25.511765,-49.325188,,False,1,2,2023-06-16T00:52:27.643840+00:00
CUR_HI019,Curitiba,4106902,1,,628,,,-25.513561,-49.33052,,False,1,1,2023-06-16T00:52:27.643840+00:00
CUR_HC304,Curitiba,4106902,1,,380,,,-25.428028,-49.234145,,False,10,1,2023-06-16T00:51:27.643840+00:00
CUR_CC302,Curitiba,4106902,1,,380,,,-25.440863,-49.299533,,False,10,2,2023-06-16T00:52:27.643840+00:00
CUR_HI007,Curitiba,4106902,1,,617,,,-25.539018,-49.301906,,False,1,2,2023-06-16T00:51:27.643840+00:00
CUR_HI020,Curitiba,4106902,1,,617,,,-25.57486,-49.338706,,False,1,1,2023-06-16T00:52:27.643840+00:00
CUR_DA292,Curitiba,4106902,1,,474,,,-25.487043,-49.203836,,False,1,2,2023-06-16T00:52:27.643840+00:00
CUR_HA013,Curitiba,4106902,1,,659,,,-25.556495,-49.305935,,False,1,2,2023-06-16T00:52:27.643840+00:00
CUR_HI024,Curitiba,4106902,1,,659,,,-25.598703,-49.324125,,False,1,1,2023-06-16T00:52:27.643840+00:00
CUR_MC300,Curitiba,4106902,1,,901,,,-25.41605,-49.296286,,False,3,2,2023-06-16T00:52:27.643840+00:00
CUR_MC306,Curitiba,4106902,1,,901,,,-25.413836,-49.311065,,False,3,1,2023-06-16T00:52:27.643840+00:00
CUR_BI300,Curitiba,4106902,1,,182,,,-25.377396,-49.262498,,False,3,2,2023-06-16T00:47:27.643840+00:00
CUR_MC080,Curitiba,4106902,1,,917,,,-25.400466,-49.331333,,False,1,1,2023-06-16T00:51:27.643840+00:00
CUR_DC854,Curitiba,4106902,1,,387,,,-25.43803,-49.237476,,False,7,1,2023-06-16T00:51:27.643840+00:00
CUR_HN403,Curitiba,4106902,1,,814,,,-25.430876,-49.335795,,False,7,1,2023-06-16T00:51:27.643840+00:00
CUR_BA024,Curitiba,4106902,1,,342,,,-25.388043,-49.211773,,False,1,2,2023-06-16T00:50:27.643840+00:00
CUR_BI012,Curitiba,4106902,1,,342,,,-25.398245,-49.201333,,False,1,1,2023-06-16T00:48:27.643840+00:00
CUR_HL316,Curitiba,4106902,0,URBS,607,https://moovitapp.com/index/pt-br/transporte_p%C3%BAblico-line-607_COLOMBO_CIC-Curitiba-942-9628-294348-0,-1.0,-25.504443,-49.317716,,False,3,2,2023-06-16T00:52:27.643840+00:00
CUR_HL329,Curitiba,4106902,1,URBS,607,https://moovitapp.com/index/pt-br/transporte_p%C3%BAblico-line-607_COLOMBO_CIC-Curitiba-942-9628-294348-0,-1.0,-25.450631,-49.264543,,False,3,1,2023-06-16T00:51:27.643840+00:00
CUR_HL496,Curitiba,4106902,1,URBS,607,https://moovitapp.com/index/pt-br/transporte_p%C3%BAblico-line-607_COLOMBO_CIC-Curitiba-942-9628-294348-0,-1.0,-25.473385,-49.2875,,False,3,1,2023-06-16T00:52:27.643840+00:00
CUR_HL320,Curitiba,4106902,0,URBS,607,https://moovitapp.com/index/pt-br/transporte_p%C3%BAblico-line-607_COLOMBO_CIC-Curitiba-942-9628-294348-0,-1.0,-25.387163,-49.218973,,False,3,1,2023-06-16T00:52:27.643840+00:00
CUR_HL328,Curitiba,4106902,0,URBS,607,https://moovitapp.com/index/pt-br/transporte_p%C3%BAblico-line-607_COLOMBO_CIC-Curitiba-942-9628-294348-0,-1.0,-25.439496,-49.27212,,False,3,2,2023-06-16T00:51:27.643840+00:00
CUR_GI851,Curitiba,4106902,1,,665,,,-25.460421,-49.272885,,False,7,2,2023-06-16T00:51:27.643840+00:00
CUR_GI008,Curitiba,4106902,1,,665,,,-25.50803,-49.283855,,False,1,1,2023-06-16T00:52:27.643840+00:00
CUR_BI874,Curitiba,4106902,1,,224,,,-25.391661,-49.241675,,False,7,,2023-06-16T00:46:27.643840+00:00
CUR_BI901,Curitiba,4106902,1,,361,,,-25.407766,-49.221271,,False,7,1,2023-06-16T00:46:27.643840+00:00
CUR_BA031,Curitiba,4106902,1,,375,,,-25.418283,-49.218498,,False,1,1,2023-06-16T00:51:27.643840+00:00
CUR_HE719,Curitiba,4106902,0,URBS,550,https://moovitapp.com/index/pt-br/transporte_p%C3%BAblico-line-550_LIGEIR%C3%83O_PINHEIRINHO_CARLOS_GOMES-Curitiba-942-9628-1254061-0,-1.0,-25.477805,-49.260803,,False,5,1,2023-06-16T00:51:27.643840+00:00
CUR_HE720,Curitiba,4106902,0,URBS,550,https://moovitapp.com/index/pt-br/transporte_p%C3%BAblico-line-550_LIGEIR%C3%83O_PINHEIRINHO_CARLOS_GOMES-Curitiba-942-9628-1254061-0,-1.0,-25.439283,-49.26792,,False,5,2,2023-06-16T00:52:27.643840+00:00
CUR_GE733,Curitiba,4106902,0,URBS,550,https://moovitapp.com/index/pt-br/transporte_p%C3%BAblico-line-550_LIGEIR%C3%83O_PINHEIRINHO_CARLOS_GOMES-Curitiba-942-9628-1254061-0,-1.0,-25.444026,-49.265606,,False,5,2,2023-06-16T00:52:27.643840+00:00
CUR_GE730,Curitiba,4106902,0,URBS,550,https://moovitapp.com/index/pt-br/transporte_p%C3%BAblico-line-550_LIGEIR%C3%83O_PINHEIRINHO_CARLOS_GOMES-Curitiba-942-9628-1254061-0,-1.0,-25.498835,-49.27789,,False,5,2,2023-06-16T00:52:27.643840+00:00
CUR_HE700,Curitiba,4106902,0,URBS,350,https://moovitapp.com/index/pt-br/transporte_p%C3%BAblico-line-350_FAGUNDES_VARELA_PINHEIRINHO-Curitiba-942-9628-52482798-0,-1.0,-25.463103,-49.251251,,False,5,2,2023-06-16T00:52:27.643840+00:00
CUR_BE707,Curitiba,4106902,0,URBS,350,https://moovitapp.com/index/pt-br/transporte_p%C3%BAblico-line-350_FAGUNDES_VARELA_PINHEIRINHO-Curitiba-942-9628-52482798-0,-1.0,-25.474981,-49.258571,,False,5,1,2023-06-16T00:50:27.643840+00:00
CUR_DA023,Curitiba,4106902,1,,338,,,-25.468925,-49.208351,,False,1,2,2023-06-16T00:52:27.643840+00:00
CUR_DC088,Curitiba,4106902,1,,338,,,-25.481723,-49.246803,,False,1,1,2023-06-16T00:52:27.643840+00:00
CUR_DC084,Curitiba,4106902,0,,338,,,-25.495378,-49.208765,,False,1,1,2023-06-16T00:52:27.643840+00:00
CUR_DC085,Curitiba,4106902,1,,338,,,-25.500231,-49.209663,,False,1,2,2023-06-16T00:52:27.643840+00:00
CUR_DN606,Curitiba,4106902,0,,560,,,-25.435145,-49.273556,,False,7,2,2023-06-16T00:51:27.643840+00:00
CUR_BA030,Curitiba,4106902,1,,226,,,-25.3869,-49.245588,,False,1,1,2023-06-16T00:51:27.643840+00:00
CUR_BI863,Curitiba,4106902,1,,274,,,-25.42871,-49.269063,,False,7,2,2023-06-16T00:46:27.643840+00:00
CUR_JI857,Curitiba,4106902,1,,761,,,-25.449928,-49.284811,,False,7,2,2023-06-16T00:52:27.643840+00:00
CUR_DC850,Curitiba,4106902,1,,477,,,-25.461695,-49.238881,,False,7,1,2023-06-16T00:52:27.643840+00:00
CUR_GI016,Curitiba,4106902,1,,649,,,-25.512701,-49.294671,,False,1,2,2023-06-16T00:52:27.643840+00:00
CUR_GI020,Curitiba,4106902,1,,649,,,-25.53459,-49.268613,,False,1,2,2023-06-16T00:52:27.643840+00:00
CUR_BL316,Curitiba,4106902,0,URBS,256,https://moovitapp.com/index/pt-br/transporte_p%C3%BAblico-line-256_BARREIRINHA_GUADALUPE-Curitiba-942-9628-398191-0,-1.0,-25.423695,-49.26758,,False,3,2,2023-06-16T00:51:27.643840+00:00
CUR_BL331,Curitiba,4106902,0,URBS,256,https://moovitapp.com/index/pt-br/transporte_p%C3%BAblico-line-256_BARREIRINHA_GUADALUPE-Curitiba-942-9628-398191-0,-1.0,-25.391598,-49.258146,,False,3,1,2023-06-16T00:49:27.643840+00:00
CUR_JI600,Curitiba,4106902,1,,545,,,-25.5427,-49.309258,,False,4,1,2023-06-16T00:52:27.643840+00:00
CUR_GI603,Curitiba,4106902,1,,545,,,-25.495645,-49.335221,,False,4,1,2023-06-16T00:52:27.643840+00:00
CUR_KA604,Curitiba,4106902,1,,545,,,-25.52952,-49.254403,,False,4,2,2023-06-16T00:52:27.643840+00:00
CUR_BI898,Curitiba,4106902,1,,169,,,-25.387715,-49.294218,,False,7,1,2023-06-16T00:45:27.643840+00:00
CUR_HI034,Curitiba,4106902,1,,630,,,-25.517803,-49.29556,,False,1,2,2023-06-16T00:52:27.643840+00:00
CUR_DA011,Curitiba,4106902,1,,322,,,-25.451115,-49.215125,,False,1,2,2023-06-16T00:49:27.643840+00:00
CUR_HI002,Curitiba,4106902,1,,772,,,-25.61959,-49.369835,,False,1,1,2023-06-16T00:45:27.643840+00:00
CUR_HI607,Curitiba,4106902,0,,772,,,-25.513071,-49.294986,,False,4,2,2023-06-16T00:51:27.643840+00:00
CUR_DC294,Curitiba,4106902,1,,334,,,-25.469248,-49.208363,,False,1,,2023-06-16T00:50:27.643840+00:00
CUR_BA013,Curitiba,4106902,1,,160,,,-25.418656,-49.290053,,False,1,1,2023-06-16T00:48:27.643840+00:00
CUR_BC025,Curitiba,4106902,1,,160,,,-25.435301,-49.271665,,False,1,2,2023-06-16T00:52:27.643840+00:00
CUR_DA033,Curitiba,4106902,1,,621,,,-25.491141,-49.288046,,False,1,2,2023-06-16T00:51:27.643840+00:00
CUR_DA029,Curitiba,4106902,1,,621,,,-25.475131,-49.261825,,False,1,1,2023-06-16T00:52:27.643840+00:00
CUR_DN603,Curitiba,4106902,1,,516,,,-25.477735,-49.242763,,False,7,1,2023-06-16T00:51:27.643840+00:00
CUR_BI857,Curitiba,4106902,1,,343,,,-25.402611,-49.208881,,False,7,2,2023-06-16T00:51:27.643840+00:00
CUR_DC852,Curitiba,4106902,1,,466,,,-25.425186,-49.269565,,False,7,2,2023-06-16T00:52:27.643840+00:00
CUR_BI004,Curitiba,4106902,1,Auto Viação São José,211,https://moovitapp.com/index/pt-br/transporte_p%C3%BAblico-line-211_PIT_PRA%C3%87A_DA_JUVENTUDE_IZAURA_IP%C3%8A-Curitiba-942-857412-73553392-0,-1.0,-25.413048,-49.23147,,False,1,1,2023-06-16T00:51:27.643840+00:00
CUR_DC853,Curitiba,4106902,1,,331,,,-25.472783,-49.200206,,False,7,,2023-06-16T00:51:27.643840+00:00
CUR_DA020,Curitiba,4106902,0,,323,,,-25.452073,-49.214886,,False,1,,2023-06-16T00:52:27.643840+00:00
CUR_DA293,Curitiba,4106902,1,,321,,,-25.467981,-49.20886,,False,1,2,2023-06-16T00:52:27.643840+00:00
CUR_MC079,Curitiba,4106902,1,,972,,,-25.408451,-49.312638,,False,1,1,2023-06-16T00:51:27.643840+00:00
CUR_MC077,Curitiba,4106902,1,,972,,,-25.417881,-49.294046,,False,1,2,2023-06-16T00:52:27.643840+00:00
CUR_EL322,Curitiba,4106902,1,URBS,507,https://moovitapp.com/index/pt-br/transporte_p%C3%BAblico-line-507_S%C3%8DTIO_CERCADO_HOR%C3%81RIO-Curitiba-942-9628-294494-0,-1.0,-25.522828,-49.294566,,False,3,,2023-06-16T00:52:27.643840+00:00
CUR_EL313,Curitiba,4106902,0,URBS,507,https://moovitapp.com/index/pt-br/transporte_p%C3%BAblico-line-507_S%C3%8DTIO_CERCADO_HOR%C3%81RIO-Curitiba-942-9628-294494-0,-1.0,-25.457475,-49.259026,,False,3,,2023-06-16T00:52:27.643840+00:00
CUR_EL300,Curitiba,4106902,0,URBS,507,https://moovitapp.com/index/pt-br/transporte_p%C3%BAblico-line-507_S%C3%8DTIO_CERCADO_HOR%C3%81RIO-Curitiba-942-9628-294494-0,-1.0,-25.44454,-49.27078,,False,3,,2023-06-16T00:52:27.643840+00:00
CUR_HI048,Curitiba,4106902,1,,622,,,-25.495498,-49.324045,,False,1,2,2023-06-16T00:52:27.643840+00:00
CUR_EA023,Curitiba,4106902,1,Auto Viação São José,531,https://moovitapp.com/index/pt-br/transporte_p%C3%BAblico-line-531_BAIRRO_A_BAIRRO_1-Curitiba-942-857412-1570571-0,-1.0,-25.527075,-49.251585,,False,1,1,2023-06-16T00:52:27.643840+00:00
CUR_EA024,Curitiba,4106902,1,Auto Viação São José,531,https://moovitapp.com/index/pt-br/transporte_p%C3%BAblico-line-531_BAIRRO_A_BAIRRO_1-Curitiba-942-857412-1570571-0,-1.0,-25.53096,-49.24441,,False,1,2,2023-06-16T00:52:27.643840+00:00
CUR_EA021,Curitiba,4106902,1,,521,,,-25.500955,-49.237871,,False,1,1,2023-06-16T00:51:27.643840+00:00
CUR_EL309,Curitiba,4106902,0,URBS,505,https://moovitapp.com/index/pt-br/transporte_p%C3%BAblico-line-505_BOQUEIR%C3%83O_CENTRO_C%C3%8DVICO-Curitiba-942-9628-531685-0,-1.0,-25.465733,-49.254011,,False,3,1,2023-06-16T00:52:27.643840+00:00
CUR_EL306,Curitiba,4106902,0,URBS,505,https://moovitapp.com/index/pt-br/transporte_p%C3%BAblico-line-505_BOQUEIR%C3%83O_CENTRO_C%C3%8DVICO-Curitiba-942-9628-531685-0,-1.0,-25.47877,-49.247335,,False,3,1,2023-06-16T00:51:27.643840+00:00
CUR_EL312,Curitiba,4106902,0,URBS,505,https://moovitapp.com/index/pt-br/transporte_p%C3%BAblico-line-505_BOQUEIR%C3%83O_CENTRO_C%C3%8DVICO-Curitiba-942-9628-531685-0,-1.0,-25.473445,-49.251231,,False,3,2,2023-06-16T00:50:27.643840+00:00
CUR_EI020,Curitiba,4106902,1,,475,,,-25.436708,-49.268745,,False,1,2,2023-06-16T00:52:27.643840+00:00
CUR_BI892,Curitiba,4106902,1,,181,,,-25.429265,-49.272871,,False,7,1,2023-06-16T00:51:27.643840+00:00
CUR_JA699,Curitiba,4106902,1,,703,,,-25.47371,-49.318258,,False,4,1,2023-06-16T00:52:27.643840+00:00
CUR_JC309,Curitiba,4106902,1,,703,,,-25.477863,-49.325516,,False,3,1,2023-06-16T00:52:27.643840+00:00
CUR_JI300,Curitiba,4106902,0,,703,,,-25.446321,-49.280306,,False,3,2,2023-06-16T00:52:27.643840+00:00
CUR_BI022,Curitiba,4106902,1,,225,,,-25.390743,-49.245038,,False,1,2,2023-06-16T00:50:27.643840+00:00
CUR_GI039,Curitiba,4106902,1,,633,,,-25.512213,-49.29482,,False,1,1,2023-06-16T00:49:27.643840+00:00
CUR_GC018,Curitiba,4106902,1,,633,,,-25.517016,-49.295688,,False,1,2,2023-06-16T00:51:27.643840+00:00
CUR_BI893,Curitiba,4106902,1,,266,,,-25.39994,-49.259466,,False,7,2,2023-06-16T00:46:27.643840+00:00
CUR_GI046,Curitiba,4106902,1,,637,,,-25.52353,-49.293803,,False,1,2,2023-06-16T00:52:27.643840+00:00
CUR_JE702,Curitiba,4106902,0,URBS,303,https://moovitapp.com/index/pt-br/transporte_p%C3%BAblico-line-303_CENTEN%C3%81RIO_CAMPO_COMPRIDO-Curitiba-942-9628-531689-0,-1.0,-25.43745,-49.241481,,False,5,1,2023-06-16T00:51:27.643840+00:00
CUR_JE707,Curitiba,4106902,0,URBS,303,https://moovitapp.com/index/pt-br/transporte_p%C3%BAblico-line-303_CENTEN%C3%81RIO_CAMPO_COMPRIDO-Curitiba-942-9628-531689-0,-1.0,-25.468656,-49.207801,,False,5,1,2023-06-16T00:52:27.643840+00:00
CUR_DE705,Curitiba,4106902,0,URBS,303,https://moovitapp.com/index/pt-br/transporte_p%C3%BAblico-line-303_CENTEN%C3%81RIO_CAMPO_COMPRIDO-Curitiba-942-9628-531689-0,-1.0,-25.437986,-49.267631,,False,5,2,2023-06-16T00:52:27.643840+00:00
CUR_DE703,Curitiba,4106902,0,URBS,303,https://moovitapp.com/index/pt-br/transporte_p%C3%BAblico-line-303_CENTEN%C3%81RIO_CAMPO_COMPRIDO-Curitiba-942-9628-531689-0,-1.0,-25.44004,-49.337166,,False,5,2,2023-06-16T00:51:27.643840+00:00
CUR_DE700,Curitiba,4106902,0,URBS,303,https://moovitapp.com/index/pt-br/transporte_p%C3%BAblico-line-303_CENTEN%C3%81RIO_CAMPO_COMPRIDO-Curitiba-942-9628-531689-0,-1.0,-25.435625,-49.274586,,False,5,1,2023-06-16T00:52:27.643840+00:00
CUR_DE708,Curitiba,4106902,0,URBS,303,https://moovitapp.com/index/pt-br/transporte_p%C3%BAblico-line-303_CENTEN%C3%81RIO_CAMPO_COMPRIDO-Curitiba-942-9628-531689-0,-1.0,-25.434883,-49.272745,,False,5,1,2023-06-16T00:49:27.643840+00:00
CUR_XY042,Curitiba,4106902,0,URBS,303,https://moovitapp.com/index/pt-br/transporte_p%C3%BAblico-line-303_CENTEN%C3%81RIO_CAMPO_COMPRIDO-Curitiba-942-9628-531689-0,-1.0,-25.43179,-49.278276,,False,4,2,2023-06-16T00:47:27.643840+00:00
CUR_DE717,Curitiba,4106902,0,URBS,303,https://moovitapp.com/index/pt-br/transporte_p%C3%BAblico-line-303_CENTEN%C3%81RIO_CAMPO_COMPRIDO-Curitiba-942-9628-531689-0,-1.0,-25.431776,-49.29488,,False,5,2,2023-06-16T00:51:27.643840+00:00
CUR_DE707,Curitiba,4106902,0,URBS,303,https://moovitapp.com/index/pt-br/transporte_p%C3%BAblico-line-303_CENTEN%C3%81RIO_CAMPO_COMPRIDO-Curitiba-942-9628-531689-0,-1.0,-25.437568,-49.324213,,False,5,2,2023-06-16T00:52:27.643840+00:00
CUR_JE704,Curitiba,4106902,0,URBS,303,https://moovitapp.com/index/pt-br/transporte_p%C3%BAblico-line-303_CENTEN%C3%81RIO_CAMPO_COMPRIDO-Curitiba-942-9628-531689-0,-1.0,-25.441765,-49.230918,,False,5,1,2023-06-16T00:52:27.643840+00:00
CUR_DE712,Curitiba,4106902,0,URBS,303,https://moovitapp.com/index/pt-br/transporte_p%C3%BAblico-line-303_CENTEN%C3%81RIO_CAMPO_COMPRIDO-Curitiba-942-9628-531689-0,-1.0,-25.429881,-49.291195,,False,5,2,2023-06-16T00:52:27.643840+00:00
CUR_DN604,Curitiba,4106902,1,,465,,,-25.453811,-49.242798,,False,7,1,2023-06-16T00:51:27.643840+00:00
CUR_EI016,Curitiba,4106902,1,,532,,,-25.526935,-49.239666,,False,1,2,2023-06-16T00:52:27.643840+00:00
CUR_EI014,Curitiba,4106902,1,,533,,,-25.517161,-49.230783,,False,1,,2023-06-16T00:51:27.643840+00:00
CUR_EI002,Curitiba,4106902,1,,523,,,-25.498988,-49.231896,,False,1,2,2023-06-16T00:52:27.643840+00:00
CUR_EI010,Curitiba,4106902,1,Auto Viação São José,515,https://moovitapp.com/index/pt-br/transporte_p%C3%BAblico-line-515_%E2%9C%88_AEROPORTO_1_SHOPPING_S%C3%83O_JOS%C3%89-Curitiba-942-857412-67925719-0,-1.0,-25.481903,-49.246748,,False,1,2,2023-06-16T00:52:27.643840+00:00
CUR_EA213,Curitiba,4106902,1,Auto Viação São José,515,https://moovitapp.com/index/pt-br/transporte_p%C3%BAblico-line-515_%E2%9C%88_AEROPORTO_1_SHOPPING_S%C3%83O_JOS%C3%89-Curitiba-942-857412-67925719-0,-1.0,-25.517096,-49.230563,,False,1,1,2023-06-16T00:52:27.643840+00:00
CUR_EI004,Curitiba,4106902,1,,471,,,-25.457765,-49.25,,False,1,2,2023-06-16T00:51:27.643840+00:00
CUR_GI015,Curitiba,4106902,1,,541,,,-25.53627,-49.269825,,False,1,1,2023-06-16T00:52:27.643840+00:00
CUR_GI023,Curitiba,4106902,1,,541,,,-25.544898,-49.253763,,False,1,2,2023-06-16T00:52:27.643840+00:00
CUR_KA605,Curitiba,4106902,1,,629,,,-25.497376,-49.277348,,False,4,2,2023-06-16T00:51:27.643840+00:00
CUR_KA601,Curitiba,4106902,1,,629,,,-25.531208,-49.243903,,False,4,1,2023-06-16T00:52:27.643840+00:00
CUR_JI006,Curitiba,4106902,1,,611,,,-25.470558,-49.30164,,False,1,1,2023-06-16T00:52:27.643840+00:00
CUR_JI011,Curitiba,4106902,1,,611,,,-25.478335,-49.32615,,False,1,2,2023-06-16T00:52:27.643840+00:00
CUR_JI007,Curitiba,4106902,1,,823,,,-25.456643,-49.3514,,False,1,1,2023-06-16T00:52:27.643840+00:00
CUR_GI050,Curitiba,4106902,1,,641,,,-25.524023,-49.293111,,False,1,2,2023-06-16T00:51:27.643840+00:00
CUR_BI867,Curitiba,4106902,1,,237,,,-25.37504,-49.220685,,False,7,,2023-06-16T00:51:27.643840+00:00
CUR_BC017,Curitiba,4106902,1,,166,,,-25.394423,-49.301676,,False,1,2,2023-06-16T00:48:27.643840+00:00
CUR_GI056,Curitiba,4106902,1,,683,,,-25.534326,-49.268236,,False,1,2,2023-06-16T00:52:27.643840+00:00
CUR_BC007,Curitiba,4106902,1,,168,,,-25.38539,-49.303833,,False,1,2,2023-06-16T00:46:27.643840+00:00
CUR_BC305,Curitiba,4106902,1,,205,,,-25.428343,-49.270923,,False,3,1,2023-06-16T00:48:27.643840+00:00
CUR_BC311,Curitiba,4106902,1,,205,,,-25.399631,-49.259206,,False,3,2,2023-06-16T00:52:27.643840+00:00
CUR_BC306,Curitiba,4106902,1,,205,,,-25.395246,-49.257406,,False,3,2,2023-06-16T00:50:27.643840+00:00
CUR_HI004,Curitiba,4106902,1,,623,,,-25.503,-49.304598,,False,1,2,2023-06-16T00:52:27.643840+00:00
CUR_HI047,Curitiba,4106902,1,,623,,,-25.500118,-49.30467,,False,1,1,2023-06-16T00:52:27.643840+00:00
CUR_HA023,Curitiba,4106902,1,,681,,,-25.56397,-49.327885,,False,1,1,2023-06-16T00:51:27.643840+00:00
CUR_MI854,Curitiba,4106902,1,,911,,,-25.393601,-49.349936,,False,7,2,2023-06-16T00:51:27.643840+00:00
CUR_DN608,Curitiba,4106902,1,,463,,,-25.478256,-49.192895,,False,7,1,2023-06-16T00:52:27.643840+00:00
CUR_DA850,Curitiba,4106902,1,,463,,,-25.431998,-49.2686,,False,7,1,2023-06-16T00:52:27.643840+00:00
CUR_DC298,Curitiba,4106902,1,,332,,,-25.466458,-49.195255,,False,1,,2023-06-16T00:51:27.643840+00:00
CUR_EI006,Curitiba,4106902,1,,X07,,,-25.54708,-49.261351,,False,1,2,2023-06-16T00:52:27.643840+00:00
CUR_EA005,Curitiba,4106902,1,,X07,,,-25.541071,-49.271488,,False,1,1,2023-06-16T00:52:27.643840+00:00
CUR_EI007,Curitiba,4106902,1,,522,,,-25.519788,-49.269091,,False,1,2,2023-06-16T00:52:27.643840+00:00
CUR_EA074,Curitiba,4106902,1,,512,,,-25.518123,-49.265501,,False,1,2,2023-06-16T00:52:27.643840+00:00
CUR_DC092,Curitiba,4106902,1,,468,,,-25.441136,-49.254043,,False,1,2,2023-06-16T00:52:27.643840+00:00
CUR_DA022,Curitiba,4106902,0,,468,,,-25.483741,-49.223583,,False,1,1,2023-06-16T00:52:27.643840+00:00
CUR_JI005,Curitiba,4106902,1,,718,,,-25.481561,-49.339828,,False,1,,2023-06-16T00:52:27.643840+00:00
CUR_JI004,Curitiba,4106902,1,,719,,,-25.483846,-49.350291,,False,1,1,2023-06-16T00:51:27.643840+00:00
CUR_BI018,Curitiba,4106902,1,,232,,,-25.359173,-49.232063,,False,1,2,2023-06-16T00:52:27.643840+00:00
CUR_KI002,Curitiba,4106902,1,,472,,,-25.467128,-49.2412,,False,1,2,2023-06-16T00:52:27.643840+00:00
CUR_BI019,Curitiba,4106902,1,,236,,,-25.351841,-49.246321,,False,1,2,2023-06-16T00:47:27.643840+00:00
CUR_GI007,Curitiba,4106902,1,,547,,,-25.534598,-49.268886,,False,1,1,2023-06-16T00:52:27.643840+00:00
CUR_GI057,Curitiba,4106902,1,,638,,,-25.553491,-49.267455,,False,1,1,2023-06-16T00:52:27.643840+00:00
CUR_GC004,Curitiba,4106902,1,,638,,,-25.513383,-49.294743,,False,1,2,2023-06-16T00:52:27.643840+00:00
CUR_JA034,Curitiba,4106902,1,,860,,,-25.441455,-49.284893,,False,1,2,2023-06-16T00:51:27.643840+00:00
CUR_JI298,Curitiba,4106902,1,,860,,,-25.450025,-49.3515,,False,1,1,2023-06-16T00:52:27.643840+00:00
CUR_GI035,Curitiba,4106902,1,,542,,,-25.534483,-49.26823,,False,1,,2023-06-16T00:51:27.643840+00:00
CUR_GI004,Curitiba,4106902,1,,542,,,-25.55018,-49.26573,,False,1,,2023-06-16T00:52:27.643840+00:00
CUR_JI860,Curitiba,4106902,1,,779,,,-25.45979,-49.319535,,False,7,1,2023-06-16T00:52:27.643840+00:00
CUR_BA032,Curitiba,4106902,1,,233,,,-25.37698,-49.225096,,False,1,,2023-06-16T00:50:27.643840+00:00
CUR_BI889,Curitiba,4106902,1,Auto Viação São José,212,https://moovitapp.com/index/pt-br/transporte_p%C3%BAblico-line-212_PIT_PRA%C3%87A_DA_JUVENTUDE_SANTA_F%C3%89_CRISTAL-Curitiba-942-857412-73656311-0,-1.0,-25.398538,-49.218563,,False,7,2,2023-06-16T00:51:27.643840+00:00
CUR_GI040,Curitiba,4106902,1,,625,,,-25.492251,-49.289961,,False,1,2,2023-06-16T00:52:27.643840+00:00
CUR_GI044,Curitiba,4106902,1,,625,,,-25.527191,-49.26422,,False,1,1,2023-06-16T00:52:27.643840+00:00
CUR_GC015,Curitiba,4106902,1,,625,,,-25.51972,-49.275063,,False,1,2,2023-06-16T00:52:27.643840+00:00
CUR_BC932,Curitiba,4106902,1,,365,,,-25.429666,-49.26296,,False,7,1,2023-06-16T00:51:27.643840+00:00
CUR_BC850,Curitiba,4106902,1,,365,,,-25.429915,-49.266793,,False,7,2,2023-06-16T00:47:27.643840+00:00
CUR_BC280,Curitiba,4106902,1,,231,,,-25.36636,-49.222521,,False,1,1,2023-06-16T00:50:27.643840+00:00
CUR_BC031,Curitiba,4106902,1,,373,,,-25.427705,-49.249378,,False,1,2,2023-06-16T00:50:27.643840+00:00
CUR_GI047,Curitiba,4106902,1,,528,,,-25.52937,-49.241016,,False,1,1,2023-06-16T00:52:27.643840+00:00
CUR_EA012,Curitiba,4106902,1,,528,,,-25.532051,-49.297098,,False,1,2,2023-06-16T00:52:27.643840+00:00
CUR_BB305,Curitiba,4106902,1,,011,,,-25.414395,-49.258355,,False,10,,2023-06-16T00:52:27.643840+00:00
CUR_BB307,Curitiba,4106902,1,,011,,,-25.442786,-49.28838,,False,10,,2023-06-16T00:51:27.643840+00:00
CUR_BC021,Curitiba,4106902,1,,876,,,-25.432675,-49.289838,,False,1,1,2023-06-16T00:51:27.643840+00:00
CUR_BC005,Curitiba,4106902,1,,876,,,-25.414666,-49.328958,,False,1,1,2023-06-16T00:50:27.643840+00:00
CUR_BI899,Curitiba,4106902,1,,366,,,-25.432335,-49.272066,,False,7,1,2023-06-16T00:51:27.643840+00:00
CUR_GI853,Curitiba,4106902,1,,666,,,-25.457931,-49.27008,,False,7,2,2023-06-16T00:51:27.643840+00:00
CUR_HN616,Curitiba,4106902,1,,600,,,-25.520836,-49.298845,,False,7,1,2023-06-16T00:52:27.643840+00:00
CUR_HI041,Curitiba,4106902,1,,654,,,-25.496946,-49.308835,,False,1,1,2023-06-16T00:52:27.643840+00:00
CUR_HI042,Curitiba,4106902,1,,654,,,-25.497393,-49.31315,,False,1,2,2023-06-16T00:51:27.643840+00:00
CUR_HI006,Curitiba,4106902,1,,627,,,-25.536403,-49.332363,,False,1,1,2023-06-16T00:52:27.643840+00:00
CUR_HI017,Curitiba,4106902,1,,627,,,-25.498178,-49.306481,,False,1,2,2023-06-16T00:52:27.643840+00:00
CUR_HI861,Curitiba,4106902,1,,673,,,-25.464488,-49.291806,,False,7,1,2023-06-16T00:51:27.643840+00:00
CUR_HI859,Curitiba,4106902,1,,865,,,-25.430273,-49.272423,,False,7,1,2023-06-16T00:52:27.643840+00:00
CUR_HL118,Curitiba,4106902,0,URBS,X35,https://moovitapp.com/index/pt-br/transporte_p%C3%BAblico-line-X35_PINHEIRINHO_PREFEITURA-Curitiba-942-9628-778958-0,-1.0,-25.537696,-49.306736,,False,3,1,2023-06-16T00:52:27.643840+00:00
CUR_HL115,Curitiba,4106902,0,URBS,X35,https://moovitapp.com/index/pt-br/transporte_p%C3%BAblico-line-X35_PINHEIRINHO_PREFEITURA-Curitiba-942-9628-778958-0,-1.0,-25.53767,-49.306873,,False,3,1,2023-06-16T00:52:27.643840+00:00
CUR_HC300,Curitiba,4106902,1,,801,,,-25.444161,-49.296211,,False,10,2,2023-06-16T00:52:27.643840+00:00
CUR_HL317,Curitiba,4106902,0,URBS,024,https://moovitapp.com/index/pt-br/transporte_p%C3%BAblico-line-024_CAP%C3%83O_RASO_CAMPINA_DO_SIQUEIRA-Curitiba-942-9628-1323693-0,-1.0,-25.539895,-49.30834,,False,3,2,2023-06-16T00:52:27.643840+00:00
CUR_MN603,Curitiba,4106902,1,,464,,,-25.431555,-49.277333,,False,7,1,2023-06-16T00:52:27.643840+00:00
CUR_MI855,Curitiba,4106902,1,,912,,,-25.395315,-49.34725,,False,7,1,2023-06-16T00:52:27.643840+00:00
CUR_MI851,Curitiba,4106902,1,Auto Viação São José,150,https://moovitapp.com/index/pt-br/transporte_p%C3%BAblico-line-150_T_AFONSO_PENA_PIT_BORDA_DO_CAMPO-Curitiba-942-857412-53904521-0,-1.0,-25.428198,-49.265798,,False,7,2,2023-06-16T00:52:27.643840+00:00
CUR_DC090,Curitiba,4106902,1,,462,,,-25.44195,-49.259735,,False,1,2,2023-06-16T00:52:27.643840+00:00
CUR_DC983,Curitiba,4106902,1,,462,,,-25.444243,-49.239343,,False,1,2,2023-06-16T00:51:27.643840+00:00
CUR_EI011,Curitiba,4106902,1,,X03,,,-25.518468,-49.231228,,False,1,1,2023-06-16T00:52:27.643840+00:00
CUR_EI015,Curitiba,4106902,1,,511,,,-25.49939,-49.24541,,False,1,2,2023-06-16T00:52:27.643840+00:00
CUR_JA022,Curitiba,4106902,1,,711,,,-25.476253,-49.34879,,False,1,1,2023-06-16T00:52:27.643840+00:00
CUR_BA017,Curitiba,4106902,1,,822,,,-25.44088,-49.345873,,False,1,1,2023-06-16T00:51:27.643840+00:00
CUR_HI030,Curitiba,4106902,1,,773,,,-25.56865,-49.332295,,False,1,2,2023-06-16T00:52:27.643840+00:00
CUR_HI046,Curitiba,4106902,1,,615,,,-25.476216,-49.291158,,False,1,1,2023-06-16T00:52:27.643840+00:00
CUR_HI850,Curitiba,4106902,1,,265,,,-25.450035,-49.299078,,False,7,1,2023-06-16T00:52:27.643840+00:00
CUR_HB697,Curitiba,4106902,1,,027,,,-25.538015,-49.307471,,False,4,1,2023-06-16T00:52:27.643840+00:00
CUR_HA612,Curitiba,4106902,1,,650,,,-25.512355,-49.295256,,False,4,2,2023-06-16T00:51:27.643840+00:00
CUR_HI610,Curitiba,4106902,1,,650,,,-25.55976,-49.338738,,False,4,1,2023-06-16T00:52:27.643840+00:00
CUR_HI031,Curitiba,4106902,1,,650,,,-25.565435,-49.333728,,False,1,1,2023-06-16T00:51:27.643840+00:00
CUR_GI013,Curitiba,4106902,1,,553,,,-25.555761,-49.245355,,False,1,2,2023-06-16T00:52:27.643840+00:00
CUR_GC010,Curitiba,4106902,1,,553,,,-25.552176,-49.249678,,False,1,1,2023-06-16T00:52:27.643840+00:00
CUR_GI041,Curitiba,4106902,1,,642,,,-25.532211,-49.297283,,False,1,2,2023-06-16T00:51:27.643840+00:00
CUR_GI011,Curitiba,4106902,1,,636,,,-25.544026,-49.293771,,False,1,1,2023-06-16T00:52:27.643840+00:00
CUR_GI857,Curitiba,4106902,1,,616,,,-25.485361,-49.266791,,False,7,2,2023-06-16T00:51:27.643840+00:00
CUR_GI852,Curitiba,4106902,1,,616,,,-25.470131,-49.262796,,False,7,2,2023-06-16T00:52:27.643840+00:00
CUR_GA002,Curitiba,4106902,1,,631,,,-25.512465,-49.295026,,False,1,,2023-06-16T00:51:27.643840+00:00
CUR_GI850,Curitiba,4106902,1,,662,,,-25.483316,-49.277458,,False,7,1,2023-06-16T00:51:27.643840+00:00
CUR_GI036,Curitiba,4106902,1,,552,,,-25.55322,-49.25064,,False,1,2,2023-06-16T00:52:27.643840+00:00
CUR_GI042,Curitiba,4106902,1,,552,,,-25.538346,-49.272093,,False,1,1,2023-06-16T00:52:27.643840+00:00
CUR_JI023,Curitiba,4106902,1,,721,,,-25.49232,-49.347268,,False,1,2,2023-06-16T00:52:27.643840+00:00
CUR_JI865,Curitiba,4106902,1,,713,,,-25.491193,-49.328313,,False,7,1,2023-06-16T00:51:27.643840+00:00
CUR_DC292,Curitiba,4106902,1,,336,,,-25.485203,-49.198613,,False,1,1,2023-06-16T00:52:27.643840+00:00
CUR_GI043,Curitiba,4106902,1,,624,,,-25.506728,-49.284463,,False,1,1,2023-06-16T00:52:27.643840+00:00
CUR_HA193,Curitiba,4106902,1,,612,,,-25.495503,-49.324111,,False,1,1,2023-06-16T00:51:27.643840+00:00
CUR_BC032,Curitiba,4106902,1,,171,,,-25.378761,-49.292568,,False,1,2,2023-06-16T00:48:27.643840+00:00
CUR_BI897,Curitiba,4106902,1,,176,,,-25.402523,-49.275226,,False,7,1,2023-06-16T00:48:27.643840+00:00
CUR_BI028,Curitiba,4106902,1,,916,,,-25.39443,-49.335565,,False,1,1,2023-06-16T00:50:27.643840+00:00
CUR_BI875,Curitiba,4106902,1,Auto Viação São José,214,https://moovitapp.com/index/pt-br/transporte_p%C3%BAblico-line-214_PIT_PRA%C3%87A_DA_JUVENTUDE_CRISTAL_BLANCO_POMBO_ANTI_HOR%C3%81RIO-Curitiba-942-857412-119631273-0,-1.0,-25.387868,-49.225475,,False,7,1,2023-06-16T00:51:27.643840+00:00
CUR_GI045,Curitiba,4106902,1,,639,,,-25.557141,-49.282236,,False,1,1,2023-06-16T00:51:27.643840+00:00
CUR_BA019,Curitiba,4106902,1,,829,,,-25.448788,-49.355756,,False,1,,2023-06-16T00:51:27.643840+00:00
CUR_HI851,Curitiba,4106902,1,,670,,,-25.439545,-49.272053,,False,7,1,2023-06-16T00:52:27.643840+00:00
CUR_BI886,Curitiba,4106902,1,,385,,,-25.433203,-49.235253,,False,7,2,2023-06-16T00:50:27.643840+00:00
CUR_BI883,Curitiba,4106902,1,,385,,,-25.393983,-49.242203,,False,7,1,2023-06-16T00:46:27.643840+00:00
CUR_BC927,Curitiba,4106902,1,,260,,,-25.40176,-49.268591,,False,7,2,2023-06-16T00:48:27.643840+00:00
CUR_DL041,Curitiba,4106902,0,URBS,469,https://moovitapp.com/index/pt-br/transporte_p%C3%BAblico-line-469_CENTRO_POLIT%C3%89CNICO-Curitiba-942-9628-294421-0,-1.0,-25.45248,-49.230028,,False,3,1,2023-06-16T00:52:27.643840+00:00
CUR_BL304,Curitiba,4106902,0,URBS,518,https://moovitapp.com/index/pt-br/transporte_p%C3%BAblico-line-518_PUC_RODOFERROVI%C3%81RIA-Curitiba-942-9628-743528-0,-1.0,-25.456223,-49.250881,,False,3,2,2023-06-16T00:50:27.643840+00:00
CUR_BI896,Curitiba,4106902,1,,875,,,-25.422566,-49.304013,,False,7,1,2023-06-16T00:47:27.643840+00:00
CUR_BI895,Curitiba,4106902,1,,164,,,-25.414708,-49.284531,,False,7,2,2023-06-16T00:50:27.643840+00:00
CUR_BB309,Curitiba,4106902,1,,010,,,-25.443485,-49.284828,,False,10,,2023-06-16T00:51:27.643840+00:00
CUR_BB302,Curitiba,4106902,1,,010,,,-25.414331,-49.260205,,False,10,,2023-06-16T00:51:27.643840+00:00
CUR_HA030,Curitiba,4106902,1,,620,,,-25.495743,-49.30239,,False,1,,2023-06-16T00:47:27.643840+00:00
CUR_HL499,Curitiba,4106902,0,URBS,X02,https://moovitapp.com/index/pt-br/transporte_p%C3%BAblico-line-X02_REFOR%C3%87O_TUBO_BARIGUI-Curitiba-942-9628-64827686-0,-1.0,-25.441688,-49.347946,,False,3,,2023-06-16T00:51:27.643840+00:00
CUR_EA027,Curitiba,4106902,1,,X06,,,-25.534328,-49.267996,,False,1,2,2023-06-16T00:52:27.643840+00:00
CUR_JI853,Curitiba,4106902,1,,825,,,-25.441376,-49.346785,,False,7,2,2023-06-16T00:52:27.643840+00:00
CUR_MI005,Curitiba,4106902,1,,821,,,-25.408921,-49.342268,,False,1,2,2023-06-16T00:52:27.643840+00:00
