bus_id,city,city_code,adapted,agency,line_code,line_url,line_fare,latitude,longitude,bus_speed,is_eletric,bus_type,bus_direction,updated_at
CUR_EA017,Curitiba,4106902,1,,528,,,-25.558406,-49.257005,,False,1,1,2023-06-12T12:48:40.338873+00:00
CUR_GI047,Curitiba,4106902,1,,528,,,-25.565333,-49.28238,,False,1,2,2023-06-12T12:48:40.338873+00:00
CUR_MN605,Curitiba,4106902,1,,965,,,-25.419266,-49.294558,,False,7,,2023-06-12T12:46:40.338873+00:00
CUR_DA298,Curitiba,4106902,1,,474,,,-25.468156,-49.255145,,False,1,,2023-06-12T12:40:40.338873+00:00
CUR_KA600,Curitiba,4106902,1,,545,,,-25.468835,-49.255011,,False,4,,2023-06-12T12:37:40.338873+00:00
CUR_EI008,Curitiba,4106902,1,,335,,,-25.467141,-49.255608,,False,1,,2023-06-12T12:47:40.338873+00:00
CUR_HI037,Curitiba,4106902,1,,655,,,-25.53994,-49.308443,,False,1,,2023-06-12T12:45:40.338873+00:00
CUR_DN020,Curitiba,4106902,0,,461,,,-25.47917,-49.246435,,False,6,,2023-06-12T12:43:40.338873+00:00
CUR_BC301,Curitiba,4106902,1,,205,,,-25.395141,-49.242136,,False,3,,2023-06-12T12:44:40.338873+00:00
CUR_MR106,Curitiba,4106902,1,,040,,,-25.46098,-49.305845,,False,4,,2023-06-12T12:46:40.338873+00:00
CUR_BB498,Curitiba,4106902,1,,030,,,-25.50114,-49.237771,,False,3,,2023-06-12T12:46:40.338873+00:00
CUR_GE713,Curitiba,4106902,0,URBS,602,https://moovitapp.com/index/pt-br/transporte_p%C3%BAblico-line-602_CIRCULAR_SUL_ANTI_HOR%C3%81RIO-Curitiba-942-9628-294517-0,-1.0,-25.534945,-49.269121,,False,5,,2023-06-12T12:33:40.338873+00:00
CUR_EL306,Curitiba,4106902,0,URBS,505,https://moovitapp.com/index/pt-br/transporte_p%C3%BAblico-line-505_BOQUEIR%C3%83O_CENTRO_C%C3%8DVICO-Curitiba-942-9628-531685-0,-1.0,-25.410721,-49.266188,,False,3,,2023-06-12T12:33:40.338873+00:00
CUR_BC030,Curitiba,4106902,1,,182,,,-25.427411,-49.270908,,False,1,,2023-06-12T12:34:40.338873+00:00
CUR_HI611,Curitiba,4106902,1,,684,,,-25.572576,-49.326571,,False,4,1,2023-06-12T12:47:40.338873+00:00
CUR_HI613,Curitiba,4106902,1,,684,,,-25.52572,-49.29677,,False,4,1,2023-06-12T12:48:40.338873+00:00
CUR_HA606,Curitiba,4106902,1,,684,,,-25.57854,-49.33357,,False,4,1,2023-06-12T12:47:40.338873+00:00
CUR_HA604,Curitiba,4106902,1,,684,,,-25.54893,-49.304661,,False,4,2,2023-06-12T12:48:40.338873+00:00
CUR_HI603,Curitiba,4106902,0,,684,,,-25.538906,-49.307531,,False,4,1,2023-06-12T12:47:40.338873+00:00
CUR_BI857,Curitiba,4106902,1,Auto Viação São José,212,https://moovitapp.com/index/pt-br/transporte_p%C3%BAblico-line-212_PIT_PRA%C3%87A_DA_JUVENTUDE_SANTA_F%C3%89_CRISTAL-Curitiba-942-857412-73656311-0,-1.0,-25.407738,-49.252585,,False,7,2,2023-06-12T12:48:40.338873+00:00
CUR_BI851,Curitiba,4106902,1,,175,,,-25.411028,-49.275136,,False,7,1,2023-06-12T12:48:40.338873+00:00
CUR_JI017,Curitiba,4106902,1,,777,,,-25.439981,-49.271856,,False,1,1,2023-06-12T12:48:40.338873+00:00
CUR_JI012,Curitiba,4106902,1,,777,,,-25.4623,-49.337636,,False,1,1,2023-06-12T12:48:40.338873+00:00
CUR_HI854,Curitiba,4106902,1,,673,,,-25.48911,-49.306926,,False,7,2,2023-06-12T12:48:40.338873+00:00
CUR_BB614,Curitiba,4106902,1,,021,,,-25.396145,-49.28704,,False,4,,2023-06-12T12:48:40.338873+00:00
CUR_EB600,Curitiba,4106902,1,,021,,,-25.482963,-49.252165,,False,4,,2023-06-12T12:48:40.338873+00:00
CUR_EB603,Curitiba,4106902,1,,021,,,-25.44448,-49.222995,,False,4,,2023-06-12T12:48:40.338873+00:00
CUR_XY043,Curitiba,4106902,0,,021,,,-25.425998,-49.299513,,False,3,,2023-06-12T12:47:40.338873+00:00
CUR_GB601,Curitiba,4106902,1,,021,,,-25.436075,-49.307776,,False,4,,2023-06-12T12:48:40.338873+00:00
CUR_CB604,Curitiba,4106902,1,,021,,,-25.417151,-49.247885,,False,4,,2023-06-12T12:48:40.338873+00:00
CUR_BB609,Curitiba,4106902,1,,021,,,-25.485705,-49.299676,,False,4,,2023-06-12T12:46:40.338873+00:00
CUR_BI897,Curitiba,4106902,1,,365,,,-25.449371,-49.304486,,False,7,2,2023-06-12T12:48:40.338873+00:00
CUR_BI877,Curitiba,4106902,1,,365,,,-25.417196,-49.224518,,False,7,2,2023-06-12T12:48:40.338873+00:00
CUR_JC303,Curitiba,4106902,1,,778,,,-25.477325,-49.326678,,False,3,2,2023-06-12T12:48:40.338873+00:00
CUR_JC309,Curitiba,4106902,1,,778,,,-25.438801,-49.272388,,False,3,1,2023-06-12T12:47:40.338873+00:00
CUR_GI603,Curitiba,4106902,1,,545,,,-25.539338,-49.2824,,False,4,2,2023-06-12T12:48:40.338873+00:00
CUR_KA604,Curitiba,4106902,1,,545,,,-25.538293,-49.27728,,False,4,1,2023-06-12T12:48:40.338873+00:00
CUR_KA602,Curitiba,4106902,1,,545,,,-25.516621,-49.230896,,False,4,1,2023-06-12T12:48:40.338873+00:00
CUR_JI600,Curitiba,4106902,1,,545,,,-25.504623,-49.334723,,False,4,1,2023-06-12T12:48:40.338873+00:00
CUR_JA699,Curitiba,4106902,1,,545,,,-25.477391,-49.32704,,False,4,2,2023-06-12T12:45:40.338873+00:00
CUR_KA603,Curitiba,4106902,1,,545,,,-25.516481,-49.326676,,False,4,2,2023-06-12T12:48:40.338873+00:00
CUR_HA311,Curitiba,4106902,1,,863,,,-25.459721,-49.28489,,False,3,2,2023-06-12T12:48:40.338873+00:00
CUR_HI002,Curitiba,4106902,1,,863,,,-25.437376,-49.273118,,False,1,1,2023-06-12T12:48:40.338873+00:00
CUR_GI038,Curitiba,4106902,1,,633,,,-25.534588,-49.268683,,False,1,1,2023-06-12T12:48:40.338873+00:00
CUR_GI039,Curitiba,4106902,1,,633,,,-25.514078,-49.295703,,False,1,2,2023-06-12T12:47:40.338873+00:00
CUR_KE708,Curitiba,4106902,0,URBS,502,https://moovitapp.com/index/pt-br/transporte_p%C3%BAblico-line-502_CIRCULAR_SUL_HOR%C3%81RIO-Curitiba-942-9628-294482-0,-1.0,-25.47709,-49.249436,,False,5,,2023-06-12T12:48:40.338873+00:00
CUR_HE615,Curitiba,4106902,0,URBS,502,https://moovitapp.com/index/pt-br/transporte_p%C3%BAblico-line-502_CIRCULAR_SUL_HOR%C3%81RIO-Curitiba-942-9628-294482-0,-1.0,-25.532201,-49.259928,,False,4,,2023-06-12T12:48:40.338873+00:00
CUR_GE612,Curitiba,4106902,0,URBS,502,https://moovitapp.com/index/pt-br/transporte_p%C3%BAblico-line-502_CIRCULAR_SUL_HOR%C3%81RIO-Curitiba-942-9628-294482-0,-1.0,-25.497273,-49.295438,,False,4,,2023-06-12T12:47:40.338873+00:00
CUR_HE604,Curitiba,4106902,0,URBS,502,https://moovitapp.com/index/pt-br/transporte_p%C3%BAblico-line-502_CIRCULAR_SUL_HOR%C3%81RIO-Curitiba-942-9628-294482-0,-1.0,-25.527856,-49.291583,,False,4,,2023-06-12T12:48:40.338873+00:00
CUR_GE603,Curitiba,4106902,0,URBS,502,https://moovitapp.com/index/pt-br/transporte_p%C3%BAblico-line-502_CIRCULAR_SUL_HOR%C3%81RIO-Curitiba-942-9628-294482-0,-1.0,-25.521223,-49.22791,,False,4,,2023-06-12T12:48:40.338873+00:00
CUR_HE614,Curitiba,4106902,0,URBS,502,https://moovitapp.com/index/pt-br/transporte_p%C3%BAblico-line-502_CIRCULAR_SUL_HOR%C3%81RIO-Curitiba-942-9628-294482-0,-1.0,-25.469165,-49.253785,,False,4,,2023-06-12T12:48:40.338873+00:00
CUR_HE610,Curitiba,4106902,0,URBS,502,https://moovitapp.com/index/pt-br/transporte_p%C3%BAblico-line-502_CIRCULAR_SUL_HOR%C3%81RIO-Curitiba-942-9628-294482-0,-1.0,-25.47527,-49.292478,,False,4,,2023-06-12T12:48:40.338873+00:00
CUR_GI854,Curitiba,4106902,1,,662,,,-25.48034,-49.28012,,False,7,1,2023-06-12T12:48:40.338873+00:00
CUR_EA073,Curitiba,4106902,1,,512,,,-25.482766,-49.246583,,False,1,2,2023-06-12T12:48:40.338873+00:00
CUR_XY042,Curitiba,4106902,0,URBS,023,https://moovitapp.com/index/pt-br/transporte_p%C3%BAblico-line-023_INTER_2_ANTI_HOR%C3%81RIO-Curitiba-942-9628-398189-0,-1.0,-25.414675,-49.26789,,False,4,,2023-06-12T12:48:40.338873+00:00
CUR_BL324,Curitiba,4106902,0,URBS,023,https://moovitapp.com/index/pt-br/transporte_p%C3%BAblico-line-023_INTER_2_ANTI_HOR%C3%81RIO-Curitiba-942-9628-398189-0,-1.0,-25.455193,-49.303971,,False,3,,2023-06-12T12:47:40.338873+00:00
CUR_BL318,Curitiba,4106902,0,URBS,023,https://moovitapp.com/index/pt-br/transporte_p%C3%BAblico-line-023_INTER_2_ANTI_HOR%C3%81RIO-Curitiba-942-9628-398189-0,-1.0,-25.411725,-49.247173,,False,3,,2023-06-12T12:47:40.338873+00:00
CUR_BL608,Curitiba,4106902,0,URBS,023,https://moovitapp.com/index/pt-br/transporte_p%C3%BAblico-line-023_INTER_2_ANTI_HOR%C3%81RIO-Curitiba-942-9628-398189-0,-1.0,-25.42749,-49.237613,,False,4,,2023-06-12T12:48:40.338873+00:00
CUR_BL333,Curitiba,4106902,0,URBS,023,https://moovitapp.com/index/pt-br/transporte_p%C3%BAblico-line-023_INTER_2_ANTI_HOR%C3%81RIO-Curitiba-942-9628-398189-0,-1.0,-25.455578,-49.303808,,False,3,,2023-06-12T12:48:40.338873+00:00
CUR_MR800,Curitiba,4106902,0,URBS,023,https://moovitapp.com/index/pt-br/transporte_p%C3%BAblico-line-023_INTER_2_ANTI_HOR%C3%81RIO-Curitiba-942-9628-398189-0,-1.0,-25.475691,-49.293413,,False,4,,2023-06-12T12:48:40.338873+00:00
CUR_CL600,Curitiba,4106902,0,URBS,023,https://moovitapp.com/index/pt-br/transporte_p%C3%BAblico-line-023_INTER_2_ANTI_HOR%C3%81RIO-Curitiba-942-9628-398189-0,-1.0,-25.496633,-49.27225,,False,4,,2023-06-12T12:48:40.338873+00:00
CUR_HL600,Curitiba,4106902,0,URBS,023,https://moovitapp.com/index/pt-br/transporte_p%C3%BAblico-line-023_INTER_2_ANTI_HOR%C3%81RIO-Curitiba-942-9628-398189-0,-1.0,-25.493863,-49.262951,,False,4,,2023-06-12T12:47:40.338873+00:00
CUR_BL603,Curitiba,4106902,0,URBS,023,https://moovitapp.com/index/pt-br/transporte_p%C3%BAblico-line-023_INTER_2_ANTI_HOR%C3%81RIO-Curitiba-942-9628-398189-0,-1.0,-25.43593,-49.307848,,False,4,,2023-06-12T12:46:40.338873+00:00
CUR_HB610,Curitiba,4106902,1,,040,,,-25.404146,-49.335401,,False,4,2,2023-06-12T12:48:40.338873+00:00
CUR_GB610,Curitiba,4106902,1,,040,,,-25.431493,-49.352838,,False,4,2,2023-06-12T12:48:40.338873+00:00
CUR_JB609,Curitiba,4106902,1,,040,,,-25.505051,-49.328605,,False,4,1,2023-06-12T12:48:40.338873+00:00
CUR_GB609,Curitiba,4106902,1,,040,,,-25.40888,-49.342165,,False,4,1,2023-06-12T12:48:40.338873+00:00
CUR_HB602,Curitiba,4106902,1,,040,,,-25.461438,-49.345501,,False,4,2,2023-06-12T12:48:40.338873+00:00
CUR_JB610,Curitiba,4106902,1,,040,,,-25.475351,-49.337315,,False,4,1,2023-06-12T12:47:40.338873+00:00
CUR_HB605,Curitiba,4106902,1,,040,,,-25.478438,-49.325518,,False,4,2,2023-06-12T12:48:40.338873+00:00
CUR_JB699,Curitiba,4106902,1,,040,,,-25.441571,-49.3472,,False,4,1,2023-06-12T12:48:40.338873+00:00
CUR_MB499,Curitiba,4106902,0,,040,,,-25.515058,-49.320735,,False,3,2,2023-06-12T12:48:40.338873+00:00
CUR_HB609,Curitiba,4106902,1,,040,,,-25.515066,-49.314658,,False,4,1,2023-06-12T12:48:40.338873+00:00
CUR_HI855,Curitiba,4106902,1,,670,,,-25.478708,-49.320386,,False,7,1,2023-06-12T12:48:40.338873+00:00
CUR_BI018,Curitiba,4106902,1,,232,,,-25.377328,-49.224558,,False,1,1,2023-06-12T12:47:40.338873+00:00
CUR_BI020,Curitiba,4106902,1,,232,,,-25.351568,-49.23539,,False,1,1,2023-06-12T12:48:40.338873+00:00
CUR_BB610,Curitiba,4106902,1,,030,,,-25.491808,-49.293268,,False,4,2,2023-06-12T12:48:40.338873+00:00
CUR_GB606,Curitiba,4106902,1,,030,,,-25.413216,-49.205675,,False,4,2,2023-06-12T12:48:40.338873+00:00
CUR_BB613,Curitiba,4106902,1,,030,,,-25.398651,-49.212635,,False,4,2,2023-06-12T12:48:40.338873+00:00
CUR_CB600,Curitiba,4106902,1,,030,,,-25.451963,-49.21494,,False,4,2,2023-06-12T12:48:40.338873+00:00
CUR_GB612,Curitiba,4106902,1,,030,,,-25.470206,-49.218413,,False,4,1,2023-06-12T12:48:40.338873+00:00
CUR_KB606,Curitiba,4106902,1,,030,,,-25.430961,-49.207676,,False,4,1,2023-06-12T12:48:40.338873+00:00
CUR_EB609,Curitiba,4106902,1,,030,,,-25.50473,-49.240763,,False,4,1,2023-06-12T12:48:40.338873+00:00
CUR_BB611,Curitiba,4106902,1,,030,,,-25.377638,-49.220408,,False,4,1,2023-06-12T12:46:40.338873+00:00
CUR_JI861,Curitiba,4106902,1,,862,,,-25.448803,-49.30719,,False,7,2,2023-06-12T12:48:40.338873+00:00
CUR_DN602,Curitiba,4106902,1,,463,,,-25.442026,-49.260791,,False,7,2,2023-06-12T12:48:40.338873+00:00
CUR_DA291,Curitiba,4106902,1,,463,,,-25.484813,-49.196223,,False,1,1,2023-06-12T12:47:40.338873+00:00
CUR_HI042,Curitiba,4106902,1,,654,,,-25.501053,-49.325153,,False,1,2,2023-06-12T12:48:40.338873+00:00
CUR_HI041,Curitiba,4106902,1,,654,,,-25.497283,-49.313696,,False,1,1,2023-06-12T12:47:40.338873+00:00
CUR_BI872,Curitiba,4106902,1,,272,,,-25.398965,-49.259048,,False,7,1,2023-06-12T12:48:40.338873+00:00
CUR_BI885,Curitiba,4106902,1,,272,,,-25.402641,-49.258615,,False,7,2,2023-06-12T12:48:40.338873+00:00
CUR_BI030,Curitiba,4106902,1,,812,,,-25.418978,-49.34825,,False,1,2,2023-06-12T12:48:40.338873+00:00
CUR_BI029,Curitiba,4106902,1,,812,,,-25.428075,-49.325061,,False,1,1,2023-06-12T12:48:40.338873+00:00
CUR_BI017,Curitiba,4106902,1,,231,,,-25.363565,-49.214906,,False,1,1,2023-06-12T12:47:40.338873+00:00
CUR_EA023,Curitiba,4106902,1,Auto Viação São José,531,https://moovitapp.com/index/pt-br/transporte_p%C3%BAblico-line-531_BAIRRO_A_BAIRRO_1-Curitiba-942-857412-1570571-0,-1.0,-25.521921,-49.239883,,False,1,2,2023-06-12T12:48:40.338873+00:00
CUR_EA024,Curitiba,4106902,1,Auto Viação São José,531,https://moovitapp.com/index/pt-br/transporte_p%C3%BAblico-line-531_BAIRRO_A_BAIRRO_1-Curitiba-942-857412-1570571-0,-1.0,-25.542346,-49.24595,,False,1,1,2023-06-12T12:48:40.338873+00:00
CUR_BE716,Curitiba,4106902,0,URBS,203,https://moovitapp.com/index/pt-br/transporte_p%C3%BAblico-line-203_SANTA_C%C3%82NDIDA_CAP%C3%83O_RASO-Curitiba-942-9628-1323737-0,-1.0,-25.443661,-49.28222,,False,5,2,2023-06-12T12:48:40.338873+00:00
CUR_BE715,Curitiba,4106902,0,URBS,203,https://moovitapp.com/index/pt-br/transporte_p%C3%BAblico-line-203_SANTA_C%C3%82NDIDA_CAP%C3%83O_RASO-Curitiba-942-9628-1323737-0,-1.0,-25.4002,-49.246808,,False,5,2,2023-06-12T12:47:40.338873+00:00
CUR_HE714,Curitiba,4106902,0,URBS,203,https://moovitapp.com/index/pt-br/transporte_p%C3%BAblico-line-203_SANTA_C%C3%82NDIDA_CAP%C3%83O_RASO-Curitiba-942-9628-1323737-0,-1.0,-25.481883,-49.292633,,False,5,1,2023-06-12T12:48:40.338873+00:00
CUR_GE736,Curitiba,4106902,0,URBS,203,https://moovitapp.com/index/pt-br/transporte_p%C3%BAblico-line-203_SANTA_C%C3%82NDIDA_CAP%C3%83O_RASO-Curitiba-942-9628-1323737-0,-1.0,-25.491753,-49.293528,,False,5,2,2023-06-12T12:47:40.338873+00:00
CUR_GE726,Curitiba,4106902,0,URBS,203,https://moovitapp.com/index/pt-br/transporte_p%C3%BAblico-line-203_SANTA_C%C3%82NDIDA_CAP%C3%83O_RASO-Curitiba-942-9628-1323737-0,-1.0,-25.486696,-49.294353,,False,5,2,2023-06-12T12:48:40.338873+00:00
CUR_BE712,Curitiba,4106902,0,URBS,203,https://moovitapp.com/index/pt-br/transporte_p%C3%BAblico-line-203_SANTA_C%C3%82NDIDA_CAP%C3%83O_RASO-Curitiba-942-9628-1323737-0,-1.0,-25.377056,-49.223898,,False,5,2,2023-06-12T12:48:40.338873+00:00
CUR_BD139,Curitiba,4106902,0,URBS,203,https://moovitapp.com/index/pt-br/transporte_p%C3%BAblico-line-203_SANTA_C%C3%82NDIDA_CAP%C3%83O_RASO-Curitiba-942-9628-1323737-0,-1.0,-25.377138,-49.223978,,False,5,1,2023-06-12T12:46:40.338873+00:00
CUR_GE704,Curitiba,4106902,0,URBS,203,https://moovitapp.com/index/pt-br/transporte_p%C3%BAblico-line-203_SANTA_C%C3%82NDIDA_CAP%C3%83O_RASO-Curitiba-942-9628-1323737-0,-1.0,-25.457075,-49.288525,,False,5,2,2023-06-12T12:48:40.338873+00:00
CUR_BE719,Curitiba,4106902,0,URBS,203,https://moovitapp.com/index/pt-br/transporte_p%C3%BAblico-line-203_SANTA_C%C3%82NDIDA_CAP%C3%83O_RASO-Curitiba-942-9628-1323737-0,-1.0,-25.436666,-49.264878,,False,5,2,2023-06-12T12:48:40.338873+00:00
CUR_BD135,Curitiba,4106902,0,URBS,203,https://moovitapp.com/index/pt-br/transporte_p%C3%BAblico-line-203_SANTA_C%C3%82NDIDA_CAP%C3%83O_RASO-Curitiba-942-9628-1323737-0,-1.0,-25.381415,-49.22934,,False,5,1,2023-06-12T12:48:40.338873+00:00
CUR_BE702,Curitiba,4106902,0,URBS,203,https://moovitapp.com/index/pt-br/transporte_p%C3%BAblico-line-203_SANTA_C%C3%82NDIDA_CAP%C3%83O_RASO-Curitiba-942-9628-1323737-0,-1.0,-25.403498,-49.249661,,False,5,1,2023-06-12T12:48:40.338873+00:00
CUR_BE706,Curitiba,4106902,0,URBS,203,https://moovitapp.com/index/pt-br/transporte_p%C3%BAblico-line-203_SANTA_C%C3%82NDIDA_CAP%C3%83O_RASO-Curitiba-942-9628-1323737-0,-1.0,-25.432046,-49.267001,,False,5,1,2023-06-12T12:48:40.338873+00:00
CUR_BE717,Curitiba,4106902,0,URBS,203,https://moovitapp.com/index/pt-br/transporte_p%C3%BAblico-line-203_SANTA_C%C3%82NDIDA_CAP%C3%83O_RASO-Curitiba-942-9628-1323737-0,-1.0,-25.416145,-49.261756,,False,5,2,2023-06-12T12:48:40.338873+00:00
CUR_GD341,Curitiba,4106902,0,URBS,203,https://moovitapp.com/index/pt-br/transporte_p%C3%BAblico-line-203_SANTA_C%C3%82NDIDA_CAP%C3%83O_RASO-Curitiba-942-9628-1323737-0,-1.0,-25.414618,-49.26,,False,5,1,2023-06-12T12:48:40.338873+00:00
CUR_BE722,Curitiba,4106902,0,URBS,203,https://moovitapp.com/index/pt-br/transporte_p%C3%BAblico-line-203_SANTA_C%C3%82NDIDA_CAP%C3%83O_RASO-Curitiba-942-9628-1323737-0,-1.0,-25.445793,-49.286728,,False,5,1,2023-06-12T12:47:40.338873+00:00
CUR_BI899,Curitiba,4106902,1,,366,,,-25.425561,-49.259943,,False,7,2,2023-06-12T12:48:40.338873+00:00
CUR_BC927,Curitiba,4106902,1,,366,,,-25.435265,-49.277798,,False,7,2,2023-06-12T12:48:40.338873+00:00
CUR_MC079,Curitiba,4106902,1,,972,,,-25.397233,-49.317676,,False,1,2,2023-06-12T12:48:40.338873+00:00
CUR_MC078,Curitiba,4106902,1,,972,,,-25.416563,-49.294973,,False,1,1,2023-06-12T12:48:40.338873+00:00
CUR_MC304,Curitiba,4106902,1,,901,,,-25.400696,-49.330443,,False,3,2,2023-06-12T12:48:40.338873+00:00
CUR_MC306,Curitiba,4106902,1,,901,,,-25.428163,-49.271836,,False,3,1,2023-06-12T12:47:40.338873+00:00
CUR_MC302,Curitiba,4106902,1,,901,,,-25.415391,-49.301848,,False,3,1,2023-06-12T12:48:40.338873+00:00
CUR_BB605,Curitiba,4106902,1,,020,,,-25.455636,-49.303323,,False,4,,2023-06-12T12:47:40.338873+00:00
CUR_BB615,Curitiba,4106902,1,,020,,,-25.421053,-49.240096,,False,4,,2023-06-12T12:48:40.338873+00:00
CUR_HB611,Curitiba,4106902,1,,020,,,-25.445888,-49.223821,,False,4,,2023-06-12T12:48:40.338873+00:00
CUR_EB604,Curitiba,4106902,1,,020,,,-25.492305,-49.293093,,False,4,,2023-06-12T12:48:40.338873+00:00
CUR_CB603,Curitiba,4106902,1,,020,,,-25.391211,-49.25671,,False,4,,2023-06-12T12:48:40.338873+00:00
CUR_EB606,Curitiba,4106902,1,,020,,,-25.483935,-49.249331,,False,4,,2023-06-12T12:48:40.338873+00:00
CUR_KB602,Curitiba,4106902,1,,020,,,-25.418678,-49.290803,,False,4,,2023-06-12T12:48:40.338873+00:00
CUR_BA027,Curitiba,4106902,1,,205,,,-25.387441,-49.26088,,False,1,2,2023-06-12T12:48:40.338873+00:00
CUR_BC311,Curitiba,4106902,1,,205,,,-25.401271,-49.258575,,False,3,2,2023-06-12T12:48:40.338873+00:00
CUR_BA034,Curitiba,4106902,1,,205,,,-25.428795,-49.26941,,False,1,2,2023-06-12T12:48:40.338873+00:00
CUR_BI301,Curitiba,4106902,1,,205,,,-25.407496,-49.256601,,False,3,1,2023-06-12T12:47:40.338873+00:00
CUR_HI025,Curitiba,4106902,1,,655,,,-25.55964,-49.331838,,False,1,1,2023-06-12T12:48:40.338873+00:00
CUR_HA024,Curitiba,4106902,1,,655,,,-25.55916,-49.330671,,False,1,2,2023-06-12T12:48:40.338873+00:00
CUR_KE701,Curitiba,4106902,0,URBS,503,https://moovitapp.com/index/pt-br/transporte_p%C3%BAblico-line-503_BOQUEIR%C3%83O-Curitiba-942-9628-294244-0,-1.0,-25.472233,-49.251746,,False,5,1,2023-06-12T12:48:40.338873+00:00
CUR_KE706,Curitiba,4106902,0,URBS,503,https://moovitapp.com/index/pt-br/transporte_p%C3%BAblico-line-503_BOQUEIR%C3%83O-Curitiba-942-9628-294244-0,-1.0,-25.513706,-49.231558,,False,5,1,2023-06-12T12:48:40.338873+00:00
CUR_KE704,Curitiba,4106902,0,URBS,503,https://moovitapp.com/index/pt-br/transporte_p%C3%BAblico-line-503_BOQUEIR%C3%83O-Curitiba-942-9628-294244-0,-1.0,-25.479763,-49.24815,,False,5,2,2023-06-12T12:48:40.338873+00:00
CUR_GE614,Curitiba,4106902,0,URBS,503,https://moovitapp.com/index/pt-br/transporte_p%C3%BAblico-line-503_BOQUEIR%C3%83O-Curitiba-942-9628-294244-0,-1.0,-25.446086,-49.264616,,False,4,2,2023-06-12T12:48:40.338873+00:00
CUR_KE705,Curitiba,4106902,0,URBS,503,https://moovitapp.com/index/pt-br/transporte_p%C3%BAblico-line-503_BOQUEIR%C3%83O-Curitiba-942-9628-294244-0,-1.0,-25.435043,-49.268646,,False,5,1,2023-06-12T12:48:40.338873+00:00
CUR_EA022,Curitiba,4106902,1,,511,,,-25.501468,-49.254545,,False,1,1,2023-06-12T12:48:40.338873+00:00
CUR_EI019,Curitiba,4106902,1,,511,,,-25.483848,-49.249106,,False,1,2,2023-06-12T12:48:40.338873+00:00
CUR_BB307,Curitiba,4106902,1,,011,,,-25.42934,-49.293883,,False,10,,2023-06-12T12:48:40.338873+00:00
CUR_BB305,Curitiba,4106902,1,,011,,,-25.446495,-49.253905,,False,10,,2023-06-12T12:47:40.338873+00:00
CUR_HI022,Curitiba,4106902,1,,772,,,-25.619585,-49.370148,,False,1,2,2023-06-12T12:48:40.338873+00:00
CUR_HA006,Curitiba,4106902,1,,772,,,-25.518386,-49.295635,,False,1,2,2023-06-12T12:48:40.338873+00:00
CUR_HA614,Curitiba,4106902,1,,772,,,-25.586985,-49.317983,,False,4,1,2023-06-12T12:47:40.338873+00:00
CUR_GI855,Curitiba,4106902,1,,616,,,-25.480785,-49.279738,,False,7,1,2023-06-12T12:48:40.338873+00:00
CUR_GI851,Curitiba,4106902,1,,616,,,-25.473295,-49.281266,,False,7,1,2023-06-12T12:47:40.338873+00:00
CUR_BI875,Curitiba,4106902,1,,260,,,-25.432701,-49.271241,,False,7,2,2023-06-12T12:48:40.338873+00:00
CUR_BA029,Curitiba,4106902,1,,226,,,-25.369881,-49.2437,,False,1,2,2023-06-12T12:41:40.338873+00:00
CUR_GI057,Curitiba,4106902,1,,638,,,-25.553498,-49.267396,,False,1,2,2023-06-12T12:48:40.338873+00:00
CUR_GI014,Curitiba,4106902,1,,638,,,-25.514791,-49.293985,,False,1,1,2023-06-12T12:48:40.338873+00:00
CUR_GR035,Curitiba,4106902,0,URBS,602,https://moovitapp.com/index/pt-br/transporte_p%C3%BAblico-line-602_CIRCULAR_SUL_ANTI_HOR%C3%81RIO-Curitiba-942-9628-294517-0,-1.0,-25.481948,-49.2469,,False,4,,2023-06-12T12:48:40.338873+00:00
CUR_GE605,Curitiba,4106902,0,URBS,602,https://moovitapp.com/index/pt-br/transporte_p%C3%BAblico-line-602_CIRCULAR_SUL_ANTI_HOR%C3%81RIO-Curitiba-942-9628-294517-0,-1.0,-25.536555,-49.27748,,False,4,,2023-06-12T12:48:40.338873+00:00
CUR_HE606,Curitiba,4106902,0,URBS,602,https://moovitapp.com/index/pt-br/transporte_p%C3%BAblico-line-602_CIRCULAR_SUL_ANTI_HOR%C3%81RIO-Curitiba-942-9628-294517-0,-1.0,-25.508715,-49.295868,,False,4,,2023-06-12T12:46:40.338873+00:00
CUR_HE607,Curitiba,4106902,0,URBS,602,https://moovitapp.com/index/pt-br/transporte_p%C3%BAblico-line-602_CIRCULAR_SUL_ANTI_HOR%C3%81RIO-Curitiba-942-9628-294517-0,-1.0,-25.482016,-49.292816,,False,4,,2023-06-12T12:48:40.338873+00:00
CUR_HE603,Curitiba,4106902,0,URBS,602,https://moovitapp.com/index/pt-br/transporte_p%C3%BAblico-line-602_CIRCULAR_SUL_ANTI_HOR%C3%81RIO-Curitiba-942-9628-294517-0,-1.0,-25.517941,-49.2295,,False,4,,2023-06-12T12:48:40.338873+00:00
CUR_HE608,Curitiba,4106902,0,URBS,602,https://moovitapp.com/index/pt-br/transporte_p%C3%BAblico-line-602_CIRCULAR_SUL_ANTI_HOR%C3%81RIO-Curitiba-942-9628-294517-0,-1.0,-25.473873,-49.270188,,False,4,,2023-06-12T12:48:40.338873+00:00
CUR_HE611,Curitiba,4106902,0,URBS,602,https://moovitapp.com/index/pt-br/transporte_p%C3%BAblico-line-602_CIRCULAR_SUL_ANTI_HOR%C3%81RIO-Curitiba-942-9628-294517-0,-1.0,-25.531331,-49.255753,,False,4,,2023-06-12T12:48:40.338873+00:00
CUR_DA022,Curitiba,4106902,0,,336,,,-25.469135,-49.20781,,False,1,1,2023-06-12T12:48:40.338873+00:00
CUR_DE716,Curitiba,4106902,0,URBS,303,https://moovitapp.com/index/pt-br/transporte_p%C3%BAblico-line-303_CENTEN%C3%81RIO_CAMPO_COMPRIDO-Curitiba-942-9628-531689-0,-1.0,-25.442525,-49.216671,,False,5,1,2023-06-12T12:48:40.338873+00:00
CUR_JE701,Curitiba,4106902,0,URBS,303,https://moovitapp.com/index/pt-br/transporte_p%C3%BAblico-line-303_CENTEN%C3%81RIO_CAMPO_COMPRIDO-Curitiba-942-9628-531689-0,-1.0,-25.435675,-49.306741,,False,5,1,2023-06-12T12:48:40.338873+00:00
CUR_DE711,Curitiba,4106902,0,URBS,303,https://moovitapp.com/index/pt-br/transporte_p%C3%BAblico-line-303_CENTEN%C3%81RIO_CAMPO_COMPRIDO-Curitiba-942-9628-531689-0,-1.0,-25.467046,-49.209191,,False,5,1,2023-06-12T12:48:40.338873+00:00
CUR_DE700,Curitiba,4106902,0,URBS,303,https://moovitapp.com/index/pt-br/transporte_p%C3%BAblico-line-303_CENTEN%C3%81RIO_CAMPO_COMPRIDO-Curitiba-942-9628-531689-0,-1.0,-25.42902,-49.289235,,False,5,1,2023-06-12T12:48:40.338873+00:00
CUR_JE700,Curitiba,4106902,0,URBS,303,https://moovitapp.com/index/pt-br/transporte_p%C3%BAblico-line-303_CENTEN%C3%81RIO_CAMPO_COMPRIDO-Curitiba-942-9628-531689-0,-1.0,-25.441111,-49.342503,,False,5,2,2023-06-12T12:48:40.338873+00:00
CUR_DE712,Curitiba,4106902,0,URBS,303,https://moovitapp.com/index/pt-br/transporte_p%C3%BAblico-line-303_CENTEN%C3%81RIO_CAMPO_COMPRIDO-Curitiba-942-9628-531689-0,-1.0,-25.435721,-49.274481,,False,5,1,2023-06-12T12:48:40.338873+00:00
CUR_DE719,Curitiba,4106902,0,URBS,303,https://moovitapp.com/index/pt-br/transporte_p%C3%BAblico-line-303_CENTEN%C3%81RIO_CAMPO_COMPRIDO-Curitiba-942-9628-531689-0,-1.0,-25.437615,-49.239431,,False,5,2,2023-06-12T12:48:40.338873+00:00
CUR_DE703,Curitiba,4106902,0,URBS,303,https://moovitapp.com/index/pt-br/transporte_p%C3%BAblico-line-303_CENTEN%C3%81RIO_CAMPO_COMPRIDO-Curitiba-942-9628-531689-0,-1.0,-25.437923,-49.313796,,False,5,2,2023-06-12T12:47:40.338873+00:00
CUR_JE848,Curitiba,4106902,0,URBS,303,https://moovitapp.com/index/pt-br/transporte_p%C3%BAblico-line-303_CENTEN%C3%81RIO_CAMPO_COMPRIDO-Curitiba-942-9628-531689-0,-1.0,-25.436846,-49.264638,,False,5,1,2023-06-12T12:47:40.338873+00:00
CUR_DE718,Curitiba,4106902,0,URBS,303,https://moovitapp.com/index/pt-br/transporte_p%C3%BAblico-line-303_CENTEN%C3%81RIO_CAMPO_COMPRIDO-Curitiba-942-9628-531689-0,-1.0,-25.433128,-49.299825,,False,5,2,2023-06-12T12:48:40.338873+00:00
CUR_JE849,Curitiba,4106902,0,URBS,303,https://moovitapp.com/index/pt-br/transporte_p%C3%BAblico-line-303_CENTEN%C3%81RIO_CAMPO_COMPRIDO-Curitiba-942-9628-531689-0,-1.0,-25.43682,-49.245201,,False,5,1,2023-06-12T12:48:40.338873+00:00
CUR_DE714,Curitiba,4106902,0,URBS,303,https://moovitapp.com/index/pt-br/transporte_p%C3%BAblico-line-303_CENTEN%C3%81RIO_CAMPO_COMPRIDO-Curitiba-942-9628-531689-0,-1.0,-25.438326,-49.332326,,False,5,1,2023-06-12T12:48:40.338873+00:00
CUR_DE702,Curitiba,4106902,0,URBS,303,https://moovitapp.com/index/pt-br/transporte_p%C3%BAblico-line-303_CENTEN%C3%81RIO_CAMPO_COMPRIDO-Curitiba-942-9628-531689-0,-1.0,-25.437391,-49.26619,,False,5,2,2023-06-12T12:48:40.338873+00:00
CUR_JE705,Curitiba,4106902,0,URBS,303,https://moovitapp.com/index/pt-br/transporte_p%C3%BAblico-line-303_CENTEN%C3%81RIO_CAMPO_COMPRIDO-Curitiba-942-9628-531689-0,-1.0,-25.459108,-49.212311,,False,5,2,2023-06-12T12:48:40.338873+00:00
CUR_JE706,Curitiba,4106902,0,URBS,303,https://moovitapp.com/index/pt-br/transporte_p%C3%BAblico-line-303_CENTEN%C3%81RIO_CAMPO_COMPRIDO-Curitiba-942-9628-531689-0,-1.0,-25.438811,-49.226101,,False,5,2,2023-06-12T12:48:40.338873+00:00
CUR_JE707,Curitiba,4106902,0,URBS,303,https://moovitapp.com/index/pt-br/transporte_p%C3%BAblico-line-303_CENTEN%C3%81RIO_CAMPO_COMPRIDO-Curitiba-942-9628-531689-0,-1.0,-25.435938,-49.274796,,False,5,2,2023-06-12T12:46:40.338873+00:00
CUR_JI855,Curitiba,4106902,1,,761,,,-25.441755,-49.268706,,False,7,2,2023-06-12T12:48:40.338873+00:00
CUR_BC302,Curitiba,4106902,1,,182,,,-25.402491,-49.275353,,False,3,1,2023-06-12T12:48:40.338873+00:00
CUR_BC306,Curitiba,4106902,1,,182,,,-25.374328,-49.274128,,False,3,2,2023-06-12T12:48:40.338873+00:00
CUR_GI859,Curitiba,4106902,1,,661,,,-25.437488,-49.270663,,False,7,2,2023-06-12T12:48:40.338873+00:00
CUR_BC004,Curitiba,4106902,1,,166,,,-25.391426,-49.297385,,False,1,1,2023-06-12T12:48:40.338873+00:00
CUR_BC017,Curitiba,4106902,1,,876,,,-25.41728,-49.344153,,False,1,1,2023-06-12T12:48:40.338873+00:00
CUR_BC021,Curitiba,4106902,1,,876,,,-25.414495,-49.330735,,False,1,2,2023-06-12T12:48:40.338873+00:00
CUR_BC022,Curitiba,4106902,1,,876,,,-25.431233,-49.277375,,False,1,1,2023-06-12T12:48:40.338873+00:00
CUR_BA002,Curitiba,4106902,1,,243,,,-25.358223,-49.274696,,False,1,2,2023-06-12T12:48:40.338873+00:00
CUR_EL316,Curitiba,4106902,0,URBS,506,https://moovitapp.com/index/pt-br/transporte_p%C3%BAblico-line-506_BAIRRO_NOVO-Curitiba-942-9628-294299-0,-1.0,-25.475011,-49.258901,,False,3,1,2023-06-12T12:48:40.338873+00:00
CUR_GL304,Curitiba,4106902,0,URBS,506,https://moovitapp.com/index/pt-br/transporte_p%C3%BAblico-line-506_BAIRRO_NOVO-Curitiba-942-9628-294299-0,-1.0,-25.533928,-49.266375,,False,3,1,2023-06-12T12:48:40.338873+00:00
CUR_EL318,Curitiba,4106902,1,URBS,506,https://moovitapp.com/index/pt-br/transporte_p%C3%BAblico-line-506_BAIRRO_NOVO-Curitiba-942-9628-294299-0,-1.0,-25.535925,-49.272035,,False,3,2,2023-06-12T12:48:40.338873+00:00
CUR_EL313,Curitiba,4106902,0,URBS,506,https://moovitapp.com/index/pt-br/transporte_p%C3%BAblico-line-506_BAIRRO_NOVO-Curitiba-942-9628-294299-0,-1.0,-25.53056,-49.267883,,False,3,2,2023-06-12T12:48:40.338873+00:00
CUR_EL327,Curitiba,4106902,1,URBS,506,https://moovitapp.com/index/pt-br/transporte_p%C3%BAblico-line-506_BAIRRO_NOVO-Curitiba-942-9628-294299-0,-1.0,-25.46091,-49.267018,,False,3,1,2023-06-12T12:48:40.338873+00:00
CUR_JL321,Curitiba,4106902,1,URBS,304,https://moovitapp.com/index/pt-br/transporte_p%C3%BAblico-line-304_PINHAIS_CAMPO_COMPRIDO-Curitiba-942-9628-133282995-0,-1.0,-25.43891,-49.33125,,False,3,1,2023-06-12T12:47:40.338873+00:00
CUR_JL324,Curitiba,4106902,1,URBS,304,https://moovitapp.com/index/pt-br/transporte_p%C3%BAblico-line-304_PINHAIS_CAMPO_COMPRIDO-Curitiba-942-9628-133282995-0,-1.0,-25.436558,-49.317801,,False,3,2,2023-06-12T12:48:40.338873+00:00
CUR_DL301,Curitiba,4106902,0,URBS,304,https://moovitapp.com/index/pt-br/transporte_p%C3%BAblico-line-304_PINHAIS_CAMPO_COMPRIDO-Curitiba-942-9628-133282995-0,-1.0,-25.428075,-49.271105,,False,3,2,2023-06-12T12:48:40.338873+00:00
CUR_GI015,Curitiba,4106902,1,,541,,,-25.545106,-49.250848,,False,1,1,2023-06-12T12:48:40.338873+00:00
CUR_GI030,Curitiba,4106902,1,,541,,,-25.534215,-49.267851,,False,1,1,2023-06-12T12:48:40.338873+00:00
CUR_BL605,Curitiba,4106902,0,URBS,022,https://moovitapp.com/index/pt-br/transporte_p%C3%BAblico-line-022_INTER_2_HOR%C3%81RIO-Curitiba-942-9628-381388-0,-1.0,-25.461498,-49.293308,,False,4,,2023-06-12T12:48:40.338873+00:00
CUR_BL602,Curitiba,4106902,0,URBS,022,https://moovitapp.com/index/pt-br/transporte_p%C3%BAblico-line-022_INTER_2_HOR%C3%81RIO-Curitiba-942-9628-381388-0,-1.0,-25.494593,-49.290023,,False,4,,2023-06-12T12:48:40.338873+00:00
CUR_CL698,Curitiba,4106902,0,URBS,022,https://moovitapp.com/index/pt-br/transporte_p%C3%BAblico-line-022_INTER_2_HOR%C3%81RIO-Curitiba-942-9628-381388-0,-1.0,-25.453975,-49.230553,,False,4,,2023-06-12T12:48:40.338873+00:00
CUR_BL607,Curitiba,4106902,0,URBS,022,https://moovitapp.com/index/pt-br/transporte_p%C3%BAblico-line-022_INTER_2_HOR%C3%81RIO-Curitiba-942-9628-381388-0,-1.0,-25.428945,-49.225153,,False,4,,2023-06-12T12:48:40.338873+00:00
CUR_BL600,Curitiba,4106902,0,URBS,022,https://moovitapp.com/index/pt-br/transporte_p%C3%BAblico-line-022_INTER_2_HOR%C3%81RIO-Curitiba-942-9628-381388-0,-1.0,-25.451925,-49.229936,,False,4,,2023-06-12T12:48:40.338873+00:00
CUR_HL494,Curitiba,4106902,1,URBS,022,https://moovitapp.com/index/pt-br/transporte_p%C3%BAblico-line-022_INTER_2_HOR%C3%81RIO-Curitiba-942-9628-381388-0,-1.0,-25.41502,-49.286095,,False,3,,2023-06-12T12:48:40.338873+00:00
CUR_CR804,Curitiba,4106902,0,URBS,022,https://moovitapp.com/index/pt-br/transporte_p%C3%BAblico-line-022_INTER_2_HOR%C3%81RIO-Curitiba-942-9628-381388-0,-1.0,-25.40849,-49.250055,,False,4,,2023-06-12T12:47:40.338873+00:00
CUR_BL309,Curitiba,4106902,0,URBS,022,https://moovitapp.com/index/pt-br/transporte_p%C3%BAblico-line-022_INTER_2_HOR%C3%81RIO-Curitiba-942-9628-381388-0,-1.0,-25.430455,-49.211111,,False,3,,2023-06-12T12:48:40.338873+00:00
CUR_BL601,Curitiba,4106902,0,URBS,022,https://moovitapp.com/index/pt-br/transporte_p%C3%BAblico-line-022_INTER_2_HOR%C3%81RIO-Curitiba-942-9628-381388-0,-1.0,-25.412646,-49.265073,,False,4,,2023-06-12T12:48:40.338873+00:00
CUR_CL602,Curitiba,4106902,0,URBS,022,https://moovitapp.com/index/pt-br/transporte_p%C3%BAblico-line-022_INTER_2_HOR%C3%81RIO-Curitiba-942-9628-381388-0,-1.0,-25.436373,-49.307666,,False,4,,2023-06-12T12:48:40.338873+00:00
CUR_DA290,Curitiba,4106902,1,,513,,,-25.486941,-49.262126,,False,1,1,2023-06-12T12:48:40.338873+00:00
CUR_DA293,Curitiba,4106902,1,,513,,,-25.513398,-49.24067,,False,1,2,2023-06-12T12:48:40.338873+00:00
CUR_BC020,Curitiba,4106902,1,,870,,,-25.426408,-49.286513,,False,1,2,2023-06-12T12:48:40.338873+00:00
CUR_BC008,Curitiba,4106902,1,,870,,,-25.438366,-49.310871,,False,1,1,2023-06-12T12:48:40.338873+00:00
CUR_BC014,Curitiba,4106902,1,,870,,,-25.416775,-49.358783,,False,1,1,2023-06-12T12:48:40.338873+00:00
CUR_DA019,Curitiba,4106902,0,,323,,,-25.451665,-49.211328,,False,1,,2023-06-12T12:48:40.338873+00:00
CUR_DA014,Curitiba,4106902,1,,321,,,-25.457025,-49.201816,,False,1,2,2023-06-12T12:48:40.338873+00:00
CUR_DA301,Curitiba,4106902,1,,477,,,-25.45834,-49.231903,,False,3,2,2023-06-12T12:48:40.338873+00:00
CUR_BA019,Curitiba,4106902,1,,827,,,-25.442866,-49.363798,,False,1,2,2023-06-12T12:48:40.338873+00:00
CUR_BC280,Curitiba,4106902,1,,183,,,-25.427758,-49.270943,,False,1,1,2023-06-12T12:48:40.338873+00:00
CUR_JI010,Curitiba,4106902,1,,828,,,-25.46014,-49.34078,,False,1,1,2023-06-12T12:48:40.338873+00:00
CUR_HI008,Curitiba,4106902,1,,828,,,-25.492026,-49.293195,,False,1,1,2023-06-12T12:48:40.338873+00:00
CUR_JI014,Curitiba,4106902,1,,828,,,-25.462215,-49.32766,,False,1,2,2023-06-12T12:48:40.338873+00:00
CUR_HI023,Curitiba,4106902,1,,619,,,-25.526785,-49.32868,,False,1,1,2023-06-12T12:48:40.338873+00:00
CUR_HI608,Curitiba,4106902,1,,619,,,-25.563986,-49.339236,,False,4,1,2023-06-12T12:48:40.338873+00:00
CUR_BI879,Curitiba,4106902,1,,311,,,-25.438701,-49.221843,,False,7,2,2023-06-12T12:48:40.338873+00:00
CUR_CA600,Curitiba,4106902,1,Auto Viação São José,216,https://moovitapp.com/index/pt-br/transporte_p%C3%BAblico-line-216_PIT_PRA%C3%87A_DA_JUVENTUDE_SANTA_F%C3%89_PINDORAMA-Curitiba-942-857412-122004458-0,-1.0,-25.44701,-49.248185,,False,4,2,2023-06-12T12:48:40.338873+00:00
CUR_BA603,Curitiba,4106902,1,Auto Viação São José,216,https://moovitapp.com/index/pt-br/transporte_p%C3%BAblico-line-216_PIT_PRA%C3%87A_DA_JUVENTUDE_SANTA_F%C3%89_PINDORAMA-Curitiba-942-857412-122004458-0,-1.0,-25.44087,-49.240303,,False,4,1,2023-06-12T12:48:40.338873+00:00
CUR_HA607,Curitiba,4106902,1,Auto Viação São José,216,https://moovitapp.com/index/pt-br/transporte_p%C3%BAblico-line-216_PIT_PRA%C3%87A_DA_JUVENTUDE_SANTA_F%C3%89_PINDORAMA-Curitiba-942-857412-122004458-0,-1.0,-25.41299,-49.252825,,False,4,2,2023-06-12T12:48:40.338873+00:00
CUR_GI601,Curitiba,4106902,1,Auto Viação São José,216,https://moovitapp.com/index/pt-br/transporte_p%C3%BAblico-line-216_PIT_PRA%C3%87A_DA_JUVENTUDE_SANTA_F%C3%89_PINDORAMA-Curitiba-942-857412-122004458-0,-1.0,-25.548631,-49.291555,,False,4,1,2023-06-12T12:47:40.338873+00:00
CUR_CA698,Curitiba,4106902,0,Auto Viação São José,216,https://moovitapp.com/index/pt-br/transporte_p%C3%BAblico-line-216_PIT_PRA%C3%87A_DA_JUVENTUDE_SANTA_F%C3%89_PINDORAMA-Curitiba-942-857412-122004458-0,-1.0,-25.473231,-49.287283,,False,4,1,2023-06-12T12:48:40.338873+00:00
CUR_CI007,Curitiba,4106902,1,,222,,,-25.397586,-49.236176,,False,1,1,2023-06-12T12:48:40.338873+00:00
CUR_CI001,Curitiba,4106902,1,,222,,,-25.383288,-49.200548,,False,1,2,2023-06-12T12:48:40.338873+00:00
CUR_BI024,Curitiba,4106902,1,,242,,,-25.358635,-49.263353,,False,1,1,2023-06-12T12:48:40.338873+00:00
CUR_ML302,Curitiba,4106902,0,URBS,307,https://moovitapp.com/index/pt-br/transporte_p%C3%BAblico-line-307_BAIRRO_ALTO_SANTA_FELICIDADE-Curitiba-942-9628-1323712-0,-1.0,-25.42812,-49.286476,,False,3,2,2023-06-12T12:48:40.338873+00:00
CUR_CL302,Curitiba,4106902,0,URBS,307,https://moovitapp.com/index/pt-br/transporte_p%C3%BAblico-line-307_BAIRRO_ALTO_SANTA_FELICIDADE-Curitiba-942-9628-1323712-0,-1.0,-25.427411,-49.203945,,False,3,1,2023-06-12T12:48:40.338873+00:00
CUR_BL328,Curitiba,4106902,0,URBS,307,https://moovitapp.com/index/pt-br/transporte_p%C3%BAblico-line-307_BAIRRO_ALTO_SANTA_FELICIDADE-Curitiba-942-9628-1323712-0,-1.0,-25.414465,-49.30874,,False,3,2,2023-06-12T12:48:40.338873+00:00
CUR_BL325,Curitiba,4106902,0,URBS,307,https://moovitapp.com/index/pt-br/transporte_p%C3%BAblico-line-307_BAIRRO_ALTO_SANTA_FELICIDADE-Curitiba-942-9628-1323712-0,-1.0,-25.423586,-49.241916,,False,3,1,2023-06-12T12:44:40.338873+00:00
CUR_CL038,Curitiba,4106902,0,URBS,307,https://moovitapp.com/index/pt-br/transporte_p%C3%BAblico-line-307_BAIRRO_ALTO_SANTA_FELICIDADE-Curitiba-942-9628-1323712-0,-1.0,-25.423666,-49.202318,,False,3,2,2023-06-12T12:46:40.338873+00:00
CUR_ML307,Curitiba,4106902,0,URBS,307,https://moovitapp.com/index/pt-br/transporte_p%C3%BAblico-line-307_BAIRRO_ALTO_SANTA_FELICIDADE-Curitiba-942-9628-1323712-0,-1.0,-25.40462,-49.32474,,False,3,1,2023-06-12T12:48:40.338873+00:00
CUR_CL039,Curitiba,4106902,0,URBS,307,https://moovitapp.com/index/pt-br/transporte_p%C3%BAblico-line-307_BAIRRO_ALTO_SANTA_FELICIDADE-Curitiba-942-9628-1323712-0,-1.0,-25.423966,-49.253366,,False,3,2,2023-06-12T12:48:40.338873+00:00
CUR_ML313,Curitiba,4106902,0,URBS,307,https://moovitapp.com/index/pt-br/transporte_p%C3%BAblico-line-307_BAIRRO_ALTO_SANTA_FELICIDADE-Curitiba-942-9628-1323712-0,-1.0,-25.430563,-49.280613,,False,3,1,2023-06-12T12:48:40.338873+00:00
CUR_EI002,Curitiba,4106902,1,,523,,,-25.497283,-49.233406,,False,1,1,2023-06-12T12:48:40.338873+00:00
CUR_MI001,Curitiba,4106902,1,,817,,,-25.40255,-49.326573,,False,1,1,2023-06-12T12:48:40.338873+00:00
CUR_BA015,Curitiba,4106902,1,,817,,,-25.428011,-49.325118,,False,1,2,2023-06-12T12:48:40.338873+00:00
CUR_EA021,Curitiba,4106902,1,,521,,,-25.520878,-49.248035,,False,1,1,2023-06-12T12:48:40.338873+00:00
CUR_EI006,Curitiba,4106902,1,,X07,,,-25.540966,-49.271268,,False,1,2,2023-06-12T12:47:40.338873+00:00
CUR_EA005,Curitiba,4106902,1,,X07,,,-25.554861,-49.255608,,False,1,2,2023-06-12T12:38:40.338873+00:00
CUR_DC085,Curitiba,4106902,1,,338,,,-25.485498,-49.205686,,False,1,2,2023-06-12T12:48:40.338873+00:00
CUR_DA013,Curitiba,4106902,1,,338,,,-25.49856,-49.21098,,False,1,1,2023-06-12T12:48:40.338873+00:00
CUR_DC084,Curitiba,4106902,0,,338,,,-25.481735,-49.246813,,False,1,2,2023-06-12T12:48:40.338873+00:00
CUR_DC088,Curitiba,4106902,1,,338,,,-25.468916,-49.208353,,False,1,1,2023-06-12T12:48:40.338873+00:00
CUR_DA295,Curitiba,4106902,1,,338,,,-25.497026,-49.216206,,False,1,2,2023-06-12T12:48:40.338873+00:00
CUR_EI016,Curitiba,4106902,1,,532,,,-25.538368,-49.241765,,False,1,1,2023-06-12T12:47:40.338873+00:00
CUR_HC301,Curitiba,4106902,1,,380,,,-25.43261,-49.272701,,False,10,1,2023-06-12T12:46:40.338873+00:00
CUR_CI004,Curitiba,4106902,1,,380,,,-25.43854,-49.29022,,False,1,2,2023-06-12T12:47:40.338873+00:00
CUR_CC302,Curitiba,4106902,1,,380,,,-25.431795,-49.21219,,False,10,2,2023-06-12T12:48:40.338873+00:00
CUR_BI859,Curitiba,4106902,1,,875,,,-25.43084,-49.273395,,False,7,2,2023-06-12T12:48:40.338873+00:00
CUR_EB605,Curitiba,4106902,1,,050,,,-25.458033,-49.251313,,False,4,2,2023-06-12T12:48:40.338873+00:00
CUR_JB606,Curitiba,4106902,1,,050,,,-25.470421,-49.284013,,False,4,1,2023-06-12T12:45:40.338873+00:00
CUR_GR126,Curitiba,4106902,1,,050,,,-25.454476,-49.214723,,False,4,1,2023-06-12T12:48:40.338873+00:00
CUR_JB611,Curitiba,4106902,1,,050,,,-25.477878,-49.31112,,False,4,2,2023-06-12T12:48:40.338873+00:00
CUR_GB608,Curitiba,4106902,1,,050,,,-25.450586,-49.254048,,False,4,1,2023-06-12T12:48:40.338873+00:00
CUR_JB604,Curitiba,4106902,1,,050,,,-25.467438,-49.28088,,False,4,2,2023-06-12T12:48:40.338873+00:00
CUR_HA014,Curitiba,4106902,1,,628,,,-25.494435,-49.298758,,False,1,1,2023-06-12T12:48:40.338873+00:00
CUR_HA194,Curitiba,4106902,1,,628,,,-25.54926,-49.34203,,False,1,2,2023-06-12T12:48:40.338873+00:00
CUR_JI002,Curitiba,4106902,1,,860,,,-25.44936,-49.317605,,False,1,1,2023-06-12T12:47:40.338873+00:00
CUR_JA030,Curitiba,4106902,1,,860,,,-25.448761,-49.351105,,False,1,2,2023-06-12T12:48:40.338873+00:00
CUR_JI018,Curitiba,4106902,1,,860,,,-25.445611,-49.291236,,False,1,2,2023-06-12T12:48:40.338873+00:00
CUR_JA300,Curitiba,4106902,1,,826,,,-25.480375,-49.348873,,False,3,2,2023-06-12T12:48:40.338873+00:00
CUR_HI005,Curitiba,4106902,1,,826,,,-25.511785,-49.332635,,False,1,1,2023-06-12T12:48:40.338873+00:00
CUR_HI013,Curitiba,4106902,1,,826,,,-25.46302,-49.357268,,False,1,1,2023-06-12T12:48:40.338873+00:00
CUR_GC008,Curitiba,4106902,1,,631,,,-25.517476,-49.281728,,False,1,,2023-06-12T12:48:40.338873+00:00
CUR_GE609,Curitiba,4106902,0,URBS,350,https://moovitapp.com/index/pt-br/transporte_p%C3%BAblico-line-350_FAGUNDES_VARELA_PINHEIRINHO-Curitiba-942-9628-52482798-0,-1.0,-25.500175,-49.279001,,False,4,1,2023-06-12T12:48:40.338873+00:00
CUR_HE702,Curitiba,4106902,0,URBS,350,https://moovitapp.com/index/pt-br/transporte_p%C3%BAblico-line-350_FAGUNDES_VARELA_PINHEIRINHO-Curitiba-942-9628-52482798-0,-1.0,-25.47273,-49.25685,,False,5,2,2023-06-12T12:48:40.338873+00:00
CUR_BE707,Curitiba,4106902,0,URBS,350,https://moovitapp.com/index/pt-br/transporte_p%C3%BAblico-line-350_FAGUNDES_VARELA_PINHEIRINHO-Curitiba-942-9628-52482798-0,-1.0,-25.420343,-49.224873,,False,5,1,2023-06-12T12:48:40.338873+00:00
CUR_EL331,Curitiba,4106902,1,URBS,505,https://moovitapp.com/index/pt-br/transporte_p%C3%BAblico-line-505_BOQUEIR%C3%83O_CENTRO_C%C3%8DVICO-Curitiba-942-9628-531685-0,-1.0,-25.468978,-49.253408,,False,3,2,2023-06-12T12:48:40.338873+00:00
CUR_EL320,Curitiba,4106902,1,URBS,505,https://moovitapp.com/index/pt-br/transporte_p%C3%BAblico-line-505_BOQUEIR%C3%83O_CENTRO_C%C3%8DVICO-Curitiba-942-9628-531685-0,-1.0,-25.41731,-49.268591,,False,3,2,2023-06-12T12:48:40.338873+00:00
CUR_BL308,Curitiba,4106902,0,URBS,505,https://moovitapp.com/index/pt-br/transporte_p%C3%BAblico-line-505_BOQUEIR%C3%83O_CENTRO_C%C3%8DVICO-Curitiba-942-9628-531685-0,-1.0,-25.502986,-49.236843,,False,3,2,2023-06-12T12:48:40.338873+00:00
CUR_EL321,Curitiba,4106902,1,URBS,505,https://moovitapp.com/index/pt-br/transporte_p%C3%BAblico-line-505_BOQUEIR%C3%83O_CENTRO_C%C3%8DVICO-Curitiba-942-9628-531685-0,-1.0,-25.424355,-49.266755,,False,3,1,2023-06-12T12:48:40.338873+00:00
CUR_EL310,Curitiba,4106902,0,URBS,505,https://moovitapp.com/index/pt-br/transporte_p%C3%BAblico-line-505_BOQUEIR%C3%83O_CENTRO_C%C3%8DVICO-Curitiba-942-9628-531685-0,-1.0,-25.44252,-49.259705,,False,3,1,2023-06-12T12:48:40.338873+00:00
CUR_EL324,Curitiba,4106902,1,URBS,505,https://moovitapp.com/index/pt-br/transporte_p%C3%BAblico-line-505_BOQUEIR%C3%83O_CENTRO_C%C3%8DVICO-Curitiba-942-9628-531685-0,-1.0,-25.438076,-49.262848,,False,3,2,2023-06-12T12:48:40.338873+00:00
CUR_HI860,Curitiba,4106902,1,,674,,,-25.436785,-49.274126,,False,7,2,2023-06-12T12:48:40.338873+00:00
CUR_DC092,Curitiba,4106902,1,,468,,,-25.495833,-49.208638,,False,1,1,2023-06-12T12:48:40.338873+00:00
CUR_DC292,Curitiba,4106902,1,,468,,,-25.435768,-49.266241,,False,1,1,2023-06-12T12:48:40.338873+00:00
CUR_BC015,Curitiba,4106902,1,,160,,,-25.414986,-49.289865,,False,1,1,2023-06-12T12:47:40.338873+00:00
CUR_BC025,Curitiba,4106902,1,,160,,,-25.437171,-49.273198,,False,1,2,2023-06-12T12:48:40.338873+00:00
CUR_HI859,Curitiba,4106902,1,,865,,,-25.442551,-49.320903,,False,7,2,2023-06-12T12:48:40.338873+00:00
CUR_JL305,Curitiba,4106902,0,URBS,702,https://moovitapp.com/index/pt-br/transporte_p%C3%BAblico-line-702_CAIU%C3%81_CACHOEIRA-Curitiba-942-9628-133282980-0,-1.0,-25.477675,-49.328295,,False,3,2,2023-06-12T12:48:40.338873+00:00
CUR_JL322,Curitiba,4106902,1,URBS,702,https://moovitapp.com/index/pt-br/transporte_p%C3%BAblico-line-702_CAIU%C3%81_CACHOEIRA-Curitiba-942-9628-133282980-0,-1.0,-25.366698,-49.259978,,False,3,1,2023-06-12T12:48:40.338873+00:00
CUR_JL300,Curitiba,4106902,0,URBS,702,https://moovitapp.com/index/pt-br/transporte_p%C3%BAblico-line-702_CAIU%C3%81_CACHOEIRA-Curitiba-942-9628-133282980-0,-1.0,-25.415516,-49.2663,,False,3,1,2023-06-12T12:48:40.338873+00:00
CUR_JL320,Curitiba,4106902,1,URBS,702,https://moovitapp.com/index/pt-br/transporte_p%C3%BAblico-line-702_CAIU%C3%81_CACHOEIRA-Curitiba-942-9628-133282980-0,-1.0,-25.441913,-49.26412,,False,3,1,2023-06-12T12:48:40.338873+00:00
CUR_JL313,Curitiba,4106902,0,URBS,702,https://moovitapp.com/index/pt-br/transporte_p%C3%BAblico-line-702_CAIU%C3%81_CACHOEIRA-Curitiba-942-9628-133282980-0,-1.0,-25.483928,-49.349868,,False,3,1,2023-06-12T12:48:40.338873+00:00
CUR_BI900,Curitiba,4106902,1,,386,,,-25.429316,-49.258441,,False,7,1,2023-06-12T12:48:40.338873+00:00
CUR_BI864,Curitiba,4106902,1,,244,,,-25.373155,-49.251468,,False,7,2,2023-06-12T12:47:40.338873+00:00
CUR_HE724,Curitiba,4106902,0,URBS,603,https://moovitapp.com/index/pt-br/transporte_p%C3%BAblico-line-603_PINHEIRINHO_RUI_BARBOSA-Curitiba-942-9628-484781-0,-1.0,-25.446033,-49.286786,,False,5,2,2023-06-12T12:48:40.338873+00:00
CUR_HE723,Curitiba,4106902,0,URBS,603,https://moovitapp.com/index/pt-br/transporte_p%C3%BAblico-line-603_PINHEIRINHO_RUI_BARBOSA-Curitiba-942-9628-484781-0,-1.0,-25.484325,-49.293685,,False,5,1,2023-06-12T12:48:40.338873+00:00
CUR_HE713,Curitiba,4106902,0,URBS,603,https://moovitapp.com/index/pt-br/transporte_p%C3%BAblico-line-603_PINHEIRINHO_RUI_BARBOSA-Curitiba-942-9628-484781-0,-1.0,-25.440103,-49.273143,,False,5,2,2023-06-12T12:48:40.338873+00:00
CUR_HE721,Curitiba,4106902,0,URBS,603,https://moovitapp.com/index/pt-br/transporte_p%C3%BAblico-line-603_PINHEIRINHO_RUI_BARBOSA-Curitiba-942-9628-484781-0,-1.0,-25.485906,-49.294135,,False,5,2,2023-06-12T12:48:40.338873+00:00
CUR_HE717,Curitiba,4106902,0,URBS,603,https://moovitapp.com/index/pt-br/transporte_p%C3%BAblico-line-603_PINHEIRINHO_RUI_BARBOSA-Curitiba-942-9628-484781-0,-1.0,-25.43912,-49.272233,,False,5,1,2023-06-12T12:48:40.338873+00:00
CUR_HE725,Curitiba,4106902,0,URBS,603,https://moovitapp.com/index/pt-br/transporte_p%C3%BAblico-line-603_PINHEIRINHO_RUI_BARBOSA-Curitiba-942-9628-484781-0,-1.0,-25.446181,-49.287001,,False,5,1,2023-06-12T12:48:40.338873+00:00
CUR_HE709,Curitiba,4106902,0,URBS,603,https://moovitapp.com/index/pt-br/transporte_p%C3%BAblico-line-603_PINHEIRINHO_RUI_BARBOSA-Curitiba-942-9628-484781-0,-1.0,-25.50682,-49.295851,,False,5,1,2023-06-12T12:48:40.338873+00:00
CUR_HE727,Curitiba,4106902,0,URBS,603,https://moovitapp.com/index/pt-br/transporte_p%C3%BAblico-line-603_PINHEIRINHO_RUI_BARBOSA-Curitiba-942-9628-484781-0,-1.0,-25.511816,-49.295455,,False,5,2,2023-06-12T12:47:40.338873+00:00
CUR_HE726,Curitiba,4106902,0,URBS,603,https://moovitapp.com/index/pt-br/transporte_p%C3%BAblico-line-603_PINHEIRINHO_RUI_BARBOSA-Curitiba-942-9628-484781-0,-1.0,-25.468105,-49.293548,,False,5,2,2023-06-12T12:48:40.338873+00:00
CUR_HE707,Curitiba,4106902,0,URBS,603,https://moovitapp.com/index/pt-br/transporte_p%C3%BAblico-line-603_PINHEIRINHO_RUI_BARBOSA-Curitiba-942-9628-484781-0,-1.0,-25.47367,-49.294001,,False,5,1,2023-06-12T12:48:40.338873+00:00
CUR_HD242,Curitiba,4106902,0,URBS,603,https://moovitapp.com/index/pt-br/transporte_p%C3%BAblico-line-603_PINHEIRINHO_RUI_BARBOSA-Curitiba-942-9628-484781-0,-1.0,-25.539761,-49.308096,,False,5,1,2023-06-12T12:48:40.338873+00:00
CUR_BI006,Curitiba,4106902,1,,374,,,-25.427766,-49.262951,,False,1,1,2023-06-12T12:48:40.338873+00:00
CUR_BI007,Curitiba,4106902,1,,374,,,-25.411021,-49.20573,,False,1,1,2023-06-12T12:48:40.338873+00:00
CUR_BI005,Curitiba,4106902,1,,374,,,-25.426095,-49.262836,,False,1,2,2023-06-12T12:48:40.338873+00:00
CUR_JI016,Curitiba,4106902,1,,721,,,-25.502408,-49.343031,,False,1,2,2023-06-12T12:47:40.338873+00:00
CUR_MN609,Curitiba,4106902,1,,967,,,-25.400566,-49.304086,,False,7,2,2023-06-12T12:46:40.338873+00:00
CUR_MI853,Curitiba,4106902,1,,967,,,-25.430186,-49.272053,,False,7,2,2023-06-12T12:48:40.338873+00:00
CUR_DA294,Curitiba,4106902,1,,332,,,-25.46886,-49.208181,,False,1,,2023-06-12T12:48:40.338873+00:00
CUR_DA296,Curitiba,4106902,1,,332,,,-25.469218,-49.204353,,False,1,,2023-06-12T12:48:40.338873+00:00
CUR_BI856,Curitiba,4106902,1,Auto Viação São José,213,https://moovitapp.com/index/pt-br/transporte_p%C3%BAblico-line-213_PIT_PRA%C3%87A_DA_JUVENTUDE_CRISTAL_BLANCO_POMBO_HOR%C3%81RIO-Curitiba-942-857412-119631272-0,-1.0,-25.392316,-49.216298,,False,7,1,2023-06-12T12:48:40.338873+00:00
CUR_BB303,Curitiba,4106902,1,,010,,,-25.44976,-49.254136,,False,10,,2023-06-12T12:46:40.338873+00:00
CUR_BB309,Curitiba,4106902,1,,010,,,-25.41185,-49.270045,,False,10,,2023-06-12T12:48:40.338873+00:00
CUR_GI049,Curitiba,4106902,1,,642,,,-25.594481,-49.265416,,False,1,2,2023-06-12T12:37:40.338873+00:00
CUR_JI023,Curitiba,4106902,1,,711,,,-25.475645,-49.34567,,False,1,1,2023-06-12T12:48:40.338873+00:00
CUR_BI022,Curitiba,4106902,1,,225,,,-25.379791,-49.255023,,False,1,2,2023-06-12T12:48:40.338873+00:00
CUR_HI026,Curitiba,4106902,1,,680,,,-25.580361,-49.33023,,False,1,2,2023-06-12T12:46:40.338873+00:00
CUR_HA005,Curitiba,4106902,1,,680,,,-25.521348,-49.294095,,False,1,1,2023-06-12T12:48:40.338873+00:00
CUR_HA017,Curitiba,4106902,1,,680,,,-25.539243,-49.307863,,False,1,1,2023-06-12T12:48:40.338873+00:00
CUR_EA011,Curitiba,4106902,1,,663,,,-25.439718,-49.27315,,False,1,2,2023-06-12T12:48:40.338873+00:00
CUR_EI013,Curitiba,4106902,1,,663,,,-25.48352,-49.28901,,False,1,1,2023-06-12T12:48:40.338873+00:00
CUR_KA689,Curitiba,4106902,1,,629,,,-25.505653,-49.264318,,False,4,1,2023-06-12T12:48:40.338873+00:00
CUR_KI600,Curitiba,4106902,1,,629,,,-25.535243,-49.23668,,False,4,2,2023-06-12T12:48:40.338873+00:00
CUR_EA020,Curitiba,4106902,1,,561,,,-25.452413,-49.265943,,False,1,1,2023-06-12T12:48:40.338873+00:00
CUR_EI012,Curitiba,4106902,1,,561,,,-25.464965,-49.258603,,False,1,2,2023-06-12T12:48:40.338873+00:00
CUR_HI043,Curitiba,4106902,1,,630,,,-25.521938,-49.29557,,False,1,2,2023-06-12T12:48:40.338873+00:00
CUR_HI027,Curitiba,4106902,1,,630,,,-25.543871,-49.32939,,False,1,1,2023-06-12T12:48:40.338873+00:00
CUR_HA016,Curitiba,4106902,1,,630,,,-25.538985,-49.307925,,False,1,1,2023-06-12T12:48:40.338873+00:00
CUR_GI008,Curitiba,4106902,1,,665,,,-25.454056,-49.266206,,False,1,2,2023-06-12T12:48:40.338873+00:00
CUR_GI858,Curitiba,4106902,1,,665,,,-25.50043,-49.284386,,False,7,1,2023-06-12T12:48:40.338873+00:00
CUR_DA020,Curitiba,4106902,0,,462,,,-25.467101,-49.221553,,False,1,2,2023-06-12T12:48:40.338873+00:00
CUR_DC090,Curitiba,4106902,1,,462,,,-25.479063,-49.214971,,False,1,2,2023-06-12T12:47:40.338873+00:00
CUR_DN604,Curitiba,4106902,1,,465,,,-25.44008,-49.260346,,False,7,1,2023-06-12T12:47:40.338873+00:00
CUR_JA028,Curitiba,4106902,1,,658,,,-25.495736,-49.322571,,False,1,1,2023-06-12T12:48:40.338873+00:00
CUR_HA019,Curitiba,4106902,1,,658,,,-25.496758,-49.345608,,False,1,2,2023-06-12T12:48:40.338873+00:00
CUR_HA008,Curitiba,4106902,1,,658,,,-25.492525,-49.298271,,False,1,2,2023-06-12T12:48:40.338873+00:00
CUR_JI022,Curitiba,4106902,1,,658,,,-25.483671,-49.350026,,False,1,1,2023-06-12T12:48:40.338873+00:00
CUR_HI039,Curitiba,4106902,1,,658,,,-25.540176,-49.308323,,False,1,1,2023-06-12T12:48:40.338873+00:00
CUR_JI006,Curitiba,4106902,1,,611,,,-25.475421,-49.292853,,False,1,1,2023-06-12T12:48:40.338873+00:00
CUR_JI013,Curitiba,4106902,1,,611,,,-25.476263,-49.321038,,False,1,2,2023-06-12T12:48:40.338873+00:00
CUR_EA025,Curitiba,4106902,1,,522,,,-25.525711,-49.260326,,False,1,2,2023-06-12T12:48:40.338873+00:00
CUR_EI004,Curitiba,4106902,1,,471,,,-25.45399,-49.252718,,False,1,2,2023-06-12T12:48:40.338873+00:00
CUR_EI014,Curitiba,4106902,1,,533,,,-25.531878,-49.2514,,False,1,,2023-06-12T12:48:40.338873+00:00
CUR_EI017,Curitiba,4106902,1,,475,,,-25.448963,-49.258025,,False,1,2,2023-06-12T12:48:40.338873+00:00
CUR_EI020,Curitiba,4106902,1,,475,,,-25.458821,-49.249945,,False,1,1,2023-06-12T12:47:40.338873+00:00
CUR_HA609,Curitiba,4106902,1,,650,,,-25.56427,-49.335148,,False,4,1,2023-06-12T12:48:40.338873+00:00
CUR_HI601,Curitiba,4106902,1,,650,,,-25.523533,-49.293201,,False,4,1,2023-06-12T12:48:40.338873+00:00
CUR_HI016,Curitiba,4106902,1,,650,,,-25.560036,-49.330778,,False,1,2,2023-06-12T12:48:40.338873+00:00
CUR_HI004,Curitiba,4106902,1,,650,,,-25.564288,-49.337495,,False,1,1,2023-06-12T12:48:40.338873+00:00
CUR_GI020,Curitiba,4106902,1,,636,,,-25.515111,-49.295328,,False,1,1,2023-06-12T12:48:40.338873+00:00
CUR_GI012,Curitiba,4106902,1,,649,,,-25.512406,-49.294796,,False,1,2,2023-06-12T12:48:40.338873+00:00
CUR_GI009,Curitiba,4106902,1,,649,,,-25.53411,-49.267363,,False,1,1,2023-06-12T12:48:40.338873+00:00
CUR_GI055,Curitiba,4106902,1,,624,,,-25.517466,-49.272831,,False,1,1,2023-06-12T12:48:40.338873+00:00
CUR_GI021,Curitiba,4106902,1,,683,,,-25.557745,-49.282001,,False,1,1,2023-06-12T12:48:40.338873+00:00
CUR_GI048,Curitiba,4106902,1,,640,,,-25.53452,-49.290958,,False,1,1,2023-06-12T12:48:40.338873+00:00
CUR_GI024,Curitiba,4106902,1,,640,,,-25.53412,-49.294428,,False,1,2,2023-06-12T12:48:40.338873+00:00
CUR_GI018,Curitiba,4106902,1,,625,,,-25.503933,-49.286538,,False,1,2,2023-06-12T12:48:40.338873+00:00
CUR_GI040,Curitiba,4106902,1,,625,,,-25.53428,-49.268045,,False,1,1,2023-06-12T12:48:40.338873+00:00
CUR_GI036,Curitiba,4106902,1,,625,,,-25.509191,-49.278636,,False,1,1,2023-06-12T12:48:40.338873+00:00
CUR_JI864,Curitiba,4106902,1,,760,,,-25.439885,-49.273145,,False,7,2,2023-06-12T12:48:40.338873+00:00
CUR_HI021,Curitiba,4106902,1,,646,,,-25.562448,-49.315263,,False,1,1,2023-06-12T12:48:40.338873+00:00
CUR_HI600,Curitiba,4106902,1,,646,,,-25.588641,-49.327946,,False,4,2,2023-06-12T12:48:40.338873+00:00
CUR_HA020,Curitiba,4106902,1,,646,,,-25.51353,-49.295091,,False,1,2,2023-06-12T12:48:40.338873+00:00
CUR_HA028,Curitiba,4106902,1,,646,,,-25.539476,-49.307126,,False,1,1,2023-06-12T12:47:40.338873+00:00
CUR_HA197,Curitiba,4106902,1,,653,,,-25.512266,-49.332061,,False,1,1,2023-06-12T12:48:40.338873+00:00
CUR_HI299,Curitiba,4106902,1,,653,,,-25.539163,-49.307871,,False,1,1,2023-06-12T12:48:40.338873+00:00
CUR_HI036,Curitiba,4106902,1,,653,,,-25.499593,-49.3466,,False,1,2,2023-06-12T12:47:40.338873+00:00
CUR_HI024,Curitiba,4106902,1,,659,,,-25.616541,-49.345051,,False,1,2,2023-06-12T12:46:40.338873+00:00
CUR_HA013,Curitiba,4106902,1,,659,,,-25.51352,-49.295426,,False,1,2,2023-06-12T12:48:40.338873+00:00
CUR_BI853,Curitiba,4106902,1,,169,,,-25.427008,-49.27349,,False,7,2,2023-06-12T12:48:40.338873+00:00
CUR_BC925,Curitiba,4106902,1,,169,,,-25.389165,-49.294726,,False,7,1,2023-06-12T12:48:40.338873+00:00
CUR_DA011,Curitiba,4106902,1,,322,,,-25.451096,-49.215143,,False,1,2,2023-06-12T12:48:40.338873+00:00
CUR_DA033,Curitiba,4106902,1,,621,,,-25.492181,-49.293183,,False,1,2,2023-06-12T12:48:40.338873+00:00
CUR_DC293,Curitiba,4106902,1,,621,,,-25.481541,-49.24873,,False,1,2,2023-06-12T12:48:40.338873+00:00
CUR_DA023,Curitiba,4106902,1,,621,,,-25.475175,-49.26171,,False,1,1,2023-06-12T12:48:40.338873+00:00
CUR_CI008,Curitiba,4106902,1,,341,,,-25.403291,-49.196375,,False,1,2,2023-06-12T12:48:40.338873+00:00
CUR_CI005,Curitiba,4106902,1,,341,,,-25.393491,-49.205525,,False,1,1,2023-06-12T12:48:40.338873+00:00
CUR_BC321,Curitiba,4106902,1,,170,,,-25.426915,-49.271166,,False,3,1,2023-06-12T12:47:40.338873+00:00
CUR_BC300,Curitiba,4106902,1,,170,,,-25.381673,-49.300835,,False,3,2,2023-06-12T12:48:40.338873+00:00
CUR_BA032,Curitiba,4106902,1,,233,,,-25.368055,-49.208801,,False,1,,2023-06-12T12:48:40.338873+00:00
CUR_BI873,Curitiba,4106902,1,,184,,,-25.422471,-49.269686,,False,7,1,2023-06-12T12:48:40.338873+00:00
CUR_BI871,Curitiba,4106902,1,,280,,,-25.387063,-49.242358,,False,7,1,2023-06-12T12:48:40.338873+00:00
CUR_BI862,Curitiba,4106902,1,,280,,,-25.429771,-49.272511,,False,7,1,2023-06-12T12:48:40.338873+00:00
CUR_BI874,Curitiba,4106902,1,,275,,,-25.377316,-49.240336,,False,7,1,2023-06-12T12:48:40.338873+00:00
CUR_BI866,Curitiba,4106902,1,,275,,,-25.428621,-49.270635,,False,7,1,2023-06-12T12:48:40.338873+00:00
CUR_BI003,Curitiba,4106902,1,Auto Viação São José,211,https://moovitapp.com/index/pt-br/transporte_p%C3%BAblico-line-211_PIT_PRA%C3%87A_DA_JUVENTUDE_IZAURA_IP%C3%8A-Curitiba-942-857412-73553392-0,-1.0,-25.40281,-49.213325,,False,1,2,2023-06-12T12:48:40.338873+00:00
CUR_BI004,Curitiba,4106902,1,Auto Viação São José,211,https://moovitapp.com/index/pt-br/transporte_p%C3%BAblico-line-211_PIT_PRA%C3%87A_DA_JUVENTUDE_IZAURA_IP%C3%8A-Curitiba-942-857412-73553392-0,-1.0,-25.407578,-49.250776,,False,1,2,2023-06-12T12:48:40.338873+00:00
CUR_KI001,Curitiba,4106902,1,,472,,,-25.435528,-49.265623,,False,1,1,2023-06-12T12:48:40.338873+00:00
CUR_HI047,Curitiba,4106902,1,,623,,,-25.491651,-49.297568,,False,1,1,2023-06-12T12:48:40.338873+00:00
CUR_HI018,Curitiba,4106902,1,,623,,,-25.516296,-49.311196,,False,1,2,2023-06-12T12:48:40.338873+00:00
CUR_DA029,Curitiba,4106902,1,,474,,,-25.46452,-49.25552,,False,1,2,2023-06-12T12:48:40.338873+00:00
CUR_HI012,Curitiba,4106902,1,,712,,,-25.511735,-49.332748,,False,1,1,2023-06-12T12:47:40.338873+00:00
CUR_JI008,Curitiba,4106902,1,,712,,,-25.478543,-49.326618,,False,1,2,2023-06-12T12:48:40.338873+00:00
CUR_BC007,Curitiba,4106902,1,,168,,,-25.426466,-49.279461,,False,1,2,2023-06-12T12:47:40.338873+00:00
CUR_BC006,Curitiba,4106902,1,,168,,,-25.377271,-49.317065,,False,1,1,2023-06-12T12:48:40.338873+00:00
CUR_HA619,Curitiba,4106902,1,,685,,,-25.530511,-49.324423,,False,4,1,2023-06-12T12:48:40.338873+00:00
CUR_HI605,Curitiba,4106902,1,,685,,,-25.59242,-49.33995,,False,4,1,2023-06-12T12:47:40.338873+00:00
CUR_HI610,Curitiba,4106902,1,,685,,,-25.54688,-49.320243,,False,4,2,2023-06-12T12:48:40.338873+00:00
CUR_BI884,Curitiba,4106902,1,Auto Viação São José,214,https://moovitapp.com/index/pt-br/transporte_p%C3%BAblico-line-214_PIT_PRA%C3%87A_DA_JUVENTUDE_CRISTAL_BLANCO_POMBO_ANTI_HOR%C3%81RIO-Curitiba-942-857412-119631273-0,-1.0,-25.384668,-49.227121,,False,7,2,2023-06-12T12:48:40.338873+00:00
CUR_DA699,Curitiba,4106902,1,,335,,,-25.492,-49.215065,,False,4,2,2023-06-12T12:48:40.338873+00:00
CUR_EI007,Curitiba,4106902,1,,335,,,-25.467158,-49.255566,,False,1,1,2023-06-12T12:48:40.338873+00:00
CUR_EI010,Curitiba,4106902,1,Auto Viação São José,515,https://moovitapp.com/index/pt-br/transporte_p%C3%BAblico-line-515_%E2%9C%88_AEROPORTO_1_SHOPPING_S%C3%83O_JOS%C3%89-Curitiba-942-857412-67925719-0,-1.0,-25.516721,-49.230706,,False,1,1,2023-06-12T12:48:40.338873+00:00
CUR_MC080,Curitiba,4106902,1,,821,,,-25.41975,-49.363143,,False,1,2,2023-06-12T12:48:40.338873+00:00
CUR_EA008,Curitiba,4106902,1,,657,,,-25.500253,-49.27294,,False,1,1,2023-06-12T12:48:40.338873+00:00
CUR_EA203,Curitiba,4106902,1,,657,,,-25.496103,-49.279838,,False,1,2,2023-06-12T12:47:40.338873+00:00
CUR_JI948,Curitiba,4106902,1,,861,,,-25.446881,-49.294903,,False,7,1,2023-06-12T12:48:40.338873+00:00
CUR_BA017,Curitiba,4106902,1,,822,,,-25.437848,-49.363141,,False,1,2,2023-06-12T12:48:40.338873+00:00
CUR_BA011,Curitiba,4106902,1,,822,,,-25.44169,-49.346461,,False,1,1,2023-06-12T12:48:40.338873+00:00
CUR_MA011,Curitiba,4106902,1,,924,,,-25.393693,-49.291856,,False,1,1,2023-06-12T12:48:40.338873+00:00
CUR_MI004,Curitiba,4106902,1,,924,,,-25.400626,-49.330973,,False,1,2,2023-06-12T12:47:40.338873+00:00
CUR_MI003,Curitiba,4106902,1,,924,,,-25.377325,-49.224206,,False,1,1,2023-06-12T12:48:40.338873+00:00
CUR_BI023,Curitiba,4106902,1,,924,,,-25.39354,-49.284053,,False,1,2,2023-06-12T12:47:40.338873+00:00
CUR_BC009,Curitiba,4106902,1,,372,,,-25.42472,-49.203111,,False,1,2,2023-06-12T12:47:40.338873+00:00
CUR_BC316,Curitiba,4106902,1,,372,,,-25.419631,-49.200406,,False,10,1,2023-06-12T12:48:40.338873+00:00
CUR_CC301,Curitiba,4106902,1,,372,,,-25.42647,-49.256465,,False,10,1,2023-06-12T12:48:40.338873+00:00
CUR_BC320,Curitiba,4106902,1,,372,,,-25.429535,-49.262355,,False,10,2,2023-06-12T12:48:40.338873+00:00
CUR_DC853,Curitiba,4106902,1,,387,,,-25.434303,-49.262228,,False,7,1,2023-06-12T12:48:40.338873+00:00
CUR_BI013,Curitiba,4106902,1,,342,,,-25.393335,-49.240983,,False,1,2,2023-06-12T12:48:40.338873+00:00
CUR_BI012,Curitiba,4106902,1,,342,,,-25.413178,-49.205533,,False,1,1,2023-06-12T12:48:40.338873+00:00
CUR_GC007,Curitiba,4106902,1,,534,,,-25.518271,-49.230943,,False,1,2,2023-06-12T12:48:40.338873+00:00
CUR_GI025,Curitiba,4106902,1,,534,,,-25.534396,-49.268,,False,1,2,2023-06-12T12:47:40.338873+00:00
CUR_EI009,Curitiba,4106902,1,Auto Viação São José,515,https://moovitapp.com/index/pt-br/transporte_p%C3%BAblico-line-515_%E2%9C%88_AEROPORTO_1_SHOPPING_S%C3%83O_JOS%C3%89-Curitiba-942-857412-67925719-0,-1.0,-25.482488,-49.245685,,False,1,1,2023-06-12T12:48:40.338873+00:00
CUR_EA010,Curitiba,4106902,1,Auto Viação São José,515,https://moovitapp.com/index/pt-br/transporte_p%C3%BAblico-line-515_%E2%9C%88_AEROPORTO_1_SHOPPING_S%C3%83O_JOS%C3%89-Curitiba-942-857412-67925719-0,-1.0,-25.499605,-49.227308,,False,1,2,2023-06-12T12:48:40.338873+00:00
CUR_EI003,Curitiba,4106902,1,Auto Viação São José,515,https://moovitapp.com/index/pt-br/transporte_p%C3%BAblico-line-515_%E2%9C%88_AEROPORTO_1_SHOPPING_S%C3%83O_JOS%C3%89-Curitiba-942-857412-67925719-0,-1.0,-25.517088,-49.230533,,False,1,1,2023-06-12T12:48:40.338873+00:00
CUR_DC294,Curitiba,4106902,1,,334,,,-25.468606,-49.208718,,False,1,,2023-06-12T12:47:40.338873+00:00
CUR_JI856,Curitiba,4106902,1,,762,,,-25.435461,-49.273883,,False,7,1,2023-06-12T12:48:40.338873+00:00
CUR_HA010,Curitiba,4106902,1,,652,,,-25.529748,-49.338298,,False,1,2,2023-06-12T12:47:40.338873+00:00
CUR_HA190,Curitiba,4106902,1,,652,,,-25.520701,-49.329228,,False,1,1,2023-06-12T12:47:40.338873+00:00
CUR_BC013,Curitiba,4106902,1,,375,,,-25.427935,-49.233791,,False,1,1,2023-06-12T12:48:40.338873+00:00
CUR_BA037,Curitiba,4106902,1,,236,,,-25.364628,-49.227731,,False,1,1,2023-06-12T12:48:40.338873+00:00
CUR_BC313,Curitiba,4106902,1,,371,,,-25.424071,-49.231451,,False,10,2,2023-06-12T12:47:40.338873+00:00
CUR_BC317,Curitiba,4106902,1,,371,,,-25.427151,-49.248588,,False,10,1,2023-06-12T12:48:40.338873+00:00
CUR_GE727,Curitiba,4106902,0,URBS,550,https://moovitapp.com/index/pt-br/transporte_p%C3%BAblico-line-550_LIGEIR%C3%83O_PINHEIRINHO_CARLOS_GOMES-Curitiba-942-9628-1254061-0,-1.0,-25.439501,-49.267788,,False,5,2,2023-06-12T12:48:40.338873+00:00
CUR_HE719,Curitiba,4106902,0,URBS,550,https://moovitapp.com/index/pt-br/transporte_p%C3%BAblico-line-550_LIGEIR%C3%83O_PINHEIRINHO_CARLOS_GOMES-Curitiba-942-9628-1254061-0,-1.0,-25.480066,-49.262576,,False,5,1,2023-06-12T12:48:40.338873+00:00
CUR_HE711,Curitiba,4106902,0,URBS,550,https://moovitapp.com/index/pt-br/transporte_p%C3%BAblico-line-550_LIGEIR%C3%83O_PINHEIRINHO_CARLOS_GOMES-Curitiba-942-9628-1254061-0,-1.0,-25.455856,-49.259781,,False,5,1,2023-06-12T12:48:40.338873+00:00
CUR_HE703,Curitiba,4106902,0,URBS,550,https://moovitapp.com/index/pt-br/transporte_p%C3%BAblico-line-550_LIGEIR%C3%83O_PINHEIRINHO_CARLOS_GOMES-Curitiba-942-9628-1254061-0,-1.0,-25.499553,-49.27855,,False,5,2,2023-06-12T12:48:40.338873+00:00
CUR_GE719,Curitiba,4106902,0,URBS,550,https://moovitapp.com/index/pt-br/transporte_p%C3%BAblico-line-550_LIGEIR%C3%83O_PINHEIRINHO_CARLOS_GOMES-Curitiba-942-9628-1254061-0,-1.0,-25.43393,-49.2693,,False,5,2,2023-06-12T12:48:40.338873+00:00
CUR_GE724,Curitiba,4106902,0,URBS,550,https://moovitapp.com/index/pt-br/transporte_p%C3%BAblico-line-550_LIGEIR%C3%83O_PINHEIRINHO_CARLOS_GOMES-Curitiba-942-9628-1254061-0,-1.0,-25.511901,-49.288425,,False,5,1,2023-06-12T12:48:40.338873+00:00
CUR_BA021,Curitiba,4106902,1,,816,,,-25.412715,-49.32266,,False,1,2,2023-06-12T12:48:40.338873+00:00
CUR_BI031,Curitiba,4106902,1,,816,,,-25.433496,-49.311248,,False,1,1,2023-06-12T12:48:40.338873+00:00
CUR_GI001,Curitiba,4106902,1,,553,,,-25.559116,-49.258385,,False,1,1,2023-06-12T12:48:40.338873+00:00
CUR_GI006,Curitiba,4106902,1,,553,,,-25.549233,-49.257733,,False,1,2,2023-06-12T12:48:40.338873+00:00
CUR_GI005,Curitiba,4106902,1,,553,,,-25.546291,-49.262811,,False,1,1,2023-06-12T12:48:40.338873+00:00
CUR_HI028,Curitiba,4106902,1,,617,,,-25.567503,-49.318245,,False,1,1,2023-06-12T12:48:40.338873+00:00
CUR_HI020,Curitiba,4106902,1,,617,,,-25.52108,-49.293776,,False,1,1,2023-06-12T12:48:40.338873+00:00
CUR_GI037,Curitiba,4106902,1,,643,,,-25.583273,-49.273561,,False,1,1,2023-06-12T12:45:40.338873+00:00
CUR_GI033,Curitiba,4106902,1,,643,,,-25.576496,-49.275955,,False,1,2,2023-06-12T12:48:40.338873+00:00
CUR_EA027,Curitiba,4106902,1,,X06,,,-25.55134,-49.24889,,False,1,2,2023-06-12T12:47:40.338873+00:00
CUR_GI042,Curitiba,4106902,1,,552,,,-25.555243,-49.252763,,False,1,1,2023-06-12T12:48:40.338873+00:00
CUR_GI053,Curitiba,4106902,1,,552,,,-25.543946,-49.267483,,False,1,2,2023-06-12T12:48:40.338873+00:00
CUR_GI045,Curitiba,4106902,1,,542,,,-25.547248,-49.271113,,False,1,,2023-06-12T12:48:40.338873+00:00
CUR_GI034,Curitiba,4106902,1,,542,,,-25.536771,-49.272786,,False,1,,2023-06-12T12:48:40.338873+00:00
CUR_GI026,Curitiba,4106902,1,,547,,,-25.53416,-49.267495,,False,1,1,2023-06-12T12:48:40.338873+00:00
CUR_HI604,Curitiba,4106902,1,,X37,,,-25.538915,-49.307575,,False,4,1,2023-06-12T12:48:40.338873+00:00
CUR_EI011,Curitiba,4106902,1,,X03,,,-25.517263,-49.230411,,False,1,1,2023-06-12T12:48:40.338873+00:00
CUR_HB608,Curitiba,4106902,1,,060,,,-25.52804,-49.29883,,False,4,2,2023-06-12T12:48:40.338873+00:00
CUR_HB604,Curitiba,4106902,1,,060,,,-25.513101,-49.33743,,False,4,1,2023-06-12T12:48:40.338873+00:00
CUR_HB606,Curitiba,4106902,1,,060,,,-25.441543,-49.34661,,False,4,2,2023-06-12T12:47:40.338873+00:00
CUR_HI856,Curitiba,4106902,1,,600,,,-25.522496,-49.30012,,False,7,2,2023-06-12T12:48:40.338873+00:00
CUR_GI300,Curitiba,4106902,1,,639,,,-25.514561,-49.294091,,False,3,2,2023-06-12T12:48:40.338873+00:00
CUR_GI007,Curitiba,4106902,1,,639,,,-25.550275,-49.289908,,False,1,2,2023-06-12T12:48:40.338873+00:00
CUR_GI022,Curitiba,4106902,1,,639,,,-25.513461,-49.294951,,False,1,1,2023-06-12T12:48:40.338873+00:00
CUR_MI855,Curitiba,4106902,1,,912,,,-25.391945,-49.348738,,False,7,1,2023-06-12T12:48:40.338873+00:00
CUR_MI852,Curitiba,4106902,1,,911,,,-25.400573,-49.330898,,False,7,2,2023-06-12T12:48:40.338873+00:00
CUR_GI050,Curitiba,4106902,1,,641,,,-25.596223,-49.298128,,False,1,1,2023-06-12T12:44:40.338873+00:00
CUR_JI004,Curitiba,4106902,1,,719,,,-25.484738,-49.351971,,False,1,1,2023-06-12T12:48:40.338873+00:00
CUR_JI015,Curitiba,4106902,1,,719,,,-25.477255,-49.327073,,False,1,2,2023-06-12T12:48:40.338873+00:00
CUR_HA025,Curitiba,4106902,1,,773,,,-25.539663,-49.335403,,False,1,2,2023-06-12T12:48:40.338873+00:00
CUR_HA611,Curitiba,4106902,1,,773,,,-25.539096,-49.307473,,False,4,1,2023-06-12T12:47:40.338873+00:00
CUR_JI005,Curitiba,4106902,1,,718,,,-25.4778,-49.32595,,False,1,,2023-06-12T12:48:40.338873+00:00
CUR_HA198,Curitiba,4106902,1,,612,,,-25.477886,-49.29409,,False,1,2,2023-06-12T12:48:40.338873+00:00
CUR_HA021,Curitiba,4106902,1,,622,,,-25.494655,-49.31004,,False,1,2,2023-06-12T12:48:40.338873+00:00
CUR_BI025,Curitiba,4106902,1,,916,,,-25.39923,-49.334118,,False,1,1,2023-06-12T12:48:40.338873+00:00
CUR_HI006,Curitiba,4106902,1,,627,,,-25.536858,-49.318345,,False,1,1,2023-06-12T12:48:40.338873+00:00
CUR_HI017,Curitiba,4106902,1,,627,,,-25.491748,-49.293143,,False,1,1,2023-06-12T12:48:40.338873+00:00
CUR_HI046,Curitiba,4106902,1,,615,,,-25.478015,-49.30266,,False,1,1,2023-06-12T12:48:40.338873+00:00
CUR_BI860,Curitiba,4106902,1,,181,,,-25.42853,-49.271083,,False,7,2,2023-06-12T12:47:40.338873+00:00
CUR_HL320,Curitiba,4106902,0,URBS,607,https://moovitapp.com/index/pt-br/transporte_p%C3%BAblico-line-607_COLOMBO_CIC-Curitiba-942-9628-294348-0,-1.0,-25.43366,-49.277211,,False,3,2,2023-06-12T12:47:40.338873+00:00
CUR_HL322,Curitiba,4106902,0,URBS,607,https://moovitapp.com/index/pt-br/transporte_p%C3%BAblico-line-607_COLOMBO_CIC-Curitiba-942-9628-294348-0,-1.0,-25.48094,-49.29084,,False,3,2,2023-06-12T12:48:40.338873+00:00
CUR_HL331,Curitiba,4106902,1,URBS,607,https://moovitapp.com/index/pt-br/transporte_p%C3%BAblico-line-607_COLOMBO_CIC-Curitiba-942-9628-294348-0,-1.0,-25.40684,-49.251381,,False,3,1,2023-06-12T12:48:40.338873+00:00
CUR_HL325,Curitiba,4106902,0,URBS,607,https://moovitapp.com/index/pt-br/transporte_p%C3%BAblico-line-607_COLOMBO_CIC-Curitiba-942-9628-294348-0,-1.0,-25.494385,-49.294171,,False,3,1,2023-06-12T12:46:40.338873+00:00
CUR_HL497,Curitiba,4106902,1,URBS,607,https://moovitapp.com/index/pt-br/transporte_p%C3%BAblico-line-607_COLOMBO_CIC-Curitiba-942-9628-294348-0,-1.0,-25.413275,-49.255256,,False,3,2,2023-06-12T12:48:40.338873+00:00
CUR_HI850,Curitiba,4106902,1,,265,,,-25.442198,-49.282531,,False,7,2,2023-06-12T12:48:40.338873+00:00
CUR_JI003,Curitiba,4106902,1,,714,,,-25.490043,-49.358328,,False,1,,2023-06-12T12:45:40.338873+00:00
CUR_HI853,Curitiba,4106902,1,,644,,,-25.532378,-49.297505,,False,7,1,2023-06-12T12:46:40.338873+00:00
CUR_JC601,Curitiba,4106902,1,,703,,,-25.440161,-49.271773,,False,4,1,2023-06-12T12:48:40.338873+00:00
CUR_JC305,Curitiba,4106902,1,,703,,,-25.464943,-49.311288,,False,3,1,2023-06-12T12:48:40.338873+00:00
CUR_JI603,Curitiba,4106902,1,,703,,,-25.483811,-49.349906,,False,4,2,2023-06-12T12:48:40.338873+00:00
CUR_JC316,Curitiba,4106902,1,,703,,,-25.460898,-49.305706,,False,3,2,2023-06-12T12:48:40.338873+00:00
CUR_JC315,Curitiba,4106902,1,,703,,,-25.441431,-49.27235,,False,3,2,2023-06-12T12:48:40.338873+00:00
CUR_HA023,Curitiba,4106902,1,,681,,,-25.518236,-49.295616,,False,1,2,2023-06-12T12:48:40.338873+00:00
CUR_HI019,Curitiba,4106902,1,,681,,,-25.535288,-49.301056,,False,1,1,2023-06-12T12:48:40.338873+00:00
CUR_JC302,Curitiba,4106902,1,,701,,,-25.454381,-49.296431,,False,3,1,2023-06-12T12:48:40.338873+00:00
CUR_JC313,Curitiba,4106902,1,,701,,,-25.47748,-49.326063,,False,3,1,2023-06-12T12:48:40.338873+00:00
CUR_JC304,Curitiba,4106902,1,,701,,,-25.467508,-49.309225,,False,3,2,2023-06-12T12:47:40.338873+00:00
CUR_JC311,Curitiba,4106902,1,,701,,,-25.44858,-49.281211,,False,3,1,2023-06-12T12:48:40.338873+00:00
CUR_DN400,Curitiba,4106902,1,,516,,,-25.477466,-49.241928,,False,7,1,2023-06-12T12:48:40.338873+00:00
CUR_MI850,Curitiba,4106902,1,,913,,,-25.403326,-49.33596,,False,7,2,2023-06-12T12:48:40.338873+00:00
CUR_HL498,Curitiba,4106902,1,URBS,700,https://moovitapp.com/index/pt-br/transporte_p%C3%BAblico-line-700_PINHEIRINHO_CABRAL-Curitiba-942-9628-757429-0,-1.0,-25.424515,-49.266483,,False,3,1,2023-06-12T12:48:40.338873+00:00
CUR_BL313,Curitiba,4106902,0,URBS,700,https://moovitapp.com/index/pt-br/transporte_p%C3%BAblico-line-700_PINHEIRINHO_CABRAL-Curitiba-942-9628-757429-0,-1.0,-25.465403,-49.2925,,False,3,2,2023-06-12T12:48:40.338873+00:00
CUR_BL311,Curitiba,4106902,0,URBS,700,https://moovitapp.com/index/pt-br/transporte_p%C3%BAblico-line-700_PINHEIRINHO_CABRAL-Curitiba-942-9628-757429-0,-1.0,-25.449761,-49.284541,,False,3,1,2023-06-12T12:48:40.338873+00:00
CUR_HL328,Curitiba,4106902,0,URBS,700,https://moovitapp.com/index/pt-br/transporte_p%C3%BAblico-line-700_PINHEIRINHO_CABRAL-Curitiba-942-9628-757429-0,-1.0,-25.494665,-49.292133,,False,3,1,2023-06-12T12:48:40.338873+00:00
CUR_BL330,Curitiba,4106902,0,URBS,700,https://moovitapp.com/index/pt-br/transporte_p%C3%BAblico-line-700_PINHEIRINHO_CABRAL-Curitiba-942-9628-757429-0,-1.0,-25.428483,-49.264355,,False,3,2,2023-06-12T12:48:40.338873+00:00
CUR_MC307,Curitiba,4106902,1,,917,,,-25.39941,-49.334116,,False,3,1,2023-06-12T12:48:40.338873+00:00
CUR_HL309,Curitiba,4106902,0,URBS,X35,https://moovitapp.com/index/pt-br/transporte_p%C3%BAblico-line-X35_PINHEIRINHO_PREFEITURA-Curitiba-942-9628-778958-0,-1.0,-25.537743,-49.306773,,False,3,1,2023-06-12T12:48:40.338873+00:00
CUR_MN608,Curitiba,4106902,1,,915,,,-25.40074,-49.330556,,False,7,1,2023-06-12T12:48:40.338873+00:00
CUR_BL316,Curitiba,4106902,0,URBS,256,https://moovitapp.com/index/pt-br/transporte_p%C3%BAblico-line-256_BARREIRINHA_GUADALUPE-Curitiba-942-9628-398191-0,-1.0,-25.426825,-49.264776,,False,3,2,2023-06-12T12:47:40.338873+00:00
CUR_BL340,Curitiba,4106902,1,URBS,256,https://moovitapp.com/index/pt-br/transporte_p%C3%BAblico-line-256_BARREIRINHA_GUADALUPE-Curitiba-942-9628-398191-0,-1.0,-25.422486,-49.269696,,False,3,1,2023-06-12T12:48:40.338873+00:00
CUR_GE710,Curitiba,4106902,0,URBS,500,https://moovitapp.com/index/pt-br/transporte_p%C3%BAblico-line-500_LIGEIR%C3%83O_BOQUEIR%C3%83O-Curitiba-942-9628-294422-0,-1.0,-25.435745,-49.269635,,False,5,2,2023-06-12T12:48:40.338873+00:00
CUR_GE725,Curitiba,4106902,0,URBS,500,https://moovitapp.com/index/pt-br/transporte_p%C3%BAblico-line-500_LIGEIR%C3%83O_BOQUEIR%C3%83O-Curitiba-942-9628-294422-0,-1.0,-25.516361,-49.230785,,False,5,1,2023-06-12T12:47:40.338873+00:00
CUR_GE728,Curitiba,4106902,0,URBS,500,https://moovitapp.com/index/pt-br/transporte_p%C3%BAblico-line-500_LIGEIR%C3%83O_BOQUEIR%C3%83O-Curitiba-942-9628-294422-0,-1.0,-25.453371,-49.261008,,False,5,1,2023-06-12T12:48:40.338873+00:00
CUR_GE723,Curitiba,4106902,0,URBS,500,https://moovitapp.com/index/pt-br/transporte_p%C3%BAblico-line-500_LIGEIR%C3%83O_BOQUEIR%C3%83O-Curitiba-942-9628-294422-0,-1.0,-25.459196,-49.258211,,False,5,2,2023-06-12T12:48:40.338873+00:00
CUR_MC851,Curitiba,4106902,1,,965,,,-25.41148,-49.295546,,False,7,2,2023-06-12T12:48:40.338873+00:00
CUR_MN611,Curitiba,4106902,1,,965,,,-25.412803,-49.294048,,False,7,1,2023-06-12T12:48:40.338873+00:00
CUR_BA010,Curitiba,4106902,1,,171,,,-25.425918,-49.273236,,False,1,2,2023-06-12T12:46:40.338873+00:00
CUR_JI007,Curitiba,4106902,1,,823,,,-25.457485,-49.348581,,False,1,2,2023-06-12T12:47:40.338873+00:00
CUR_GL327,Curitiba,4106902,1,URBS,508,https://moovitapp.com/index/pt-br/transporte_p%C3%BAblico-line-508_S%C3%8DTIO_CERCADO_ANTI_HOR%C3%81RIO-Curitiba-942-9628-294520-0,-1.0,-25.432346,-49.265603,,False,3,,2023-06-12T12:48:40.338873+00:00
CUR_HL330,Curitiba,4106902,1,URBS,508,https://moovitapp.com/index/pt-br/transporte_p%C3%BAblico-line-508_S%C3%8DTIO_CERCADO_ANTI_HOR%C3%81RIO-Curitiba-942-9628-294520-0,-1.0,-25.476226,-49.248516,,False,3,,2023-06-12T12:48:40.338873+00:00
CUR_GL316,Curitiba,4106902,0,URBS,508,https://moovitapp.com/index/pt-br/transporte_p%C3%BAblico-line-508_S%C3%8DTIO_CERCADO_ANTI_HOR%C3%81RIO-Curitiba-942-9628-294520-0,-1.0,-25.54954,-49.28976,,False,3,,2023-06-12T12:47:40.338873+00:00
CUR_GL329,Curitiba,4106902,1,URBS,508,https://moovitapp.com/index/pt-br/transporte_p%C3%BAblico-line-508_S%C3%8DTIO_CERCADO_ANTI_HOR%C3%81RIO-Curitiba-942-9628-294520-0,-1.0,-25.537978,-49.278416,,False,3,,2023-06-12T12:48:40.338873+00:00
CUR_GL330,Curitiba,4106902,1,URBS,508,https://moovitapp.com/index/pt-br/transporte_p%C3%BAblico-line-508_S%C3%8DTIO_CERCADO_ANTI_HOR%C3%81RIO-Curitiba-942-9628-294520-0,-1.0,-25.495698,-49.295831,,False,3,,2023-06-12T12:48:40.338873+00:00
CUR_GL328,Curitiba,4106902,1,URBS,508,https://moovitapp.com/index/pt-br/transporte_p%C3%BAblico-line-508_S%C3%8DTIO_CERCADO_ANTI_HOR%C3%81RIO-Curitiba-942-9628-294520-0,-1.0,-25.442035,-49.268938,,False,3,,2023-06-12T12:47:40.338873+00:00
CUR_GL317,Curitiba,4106902,0,URBS,508,https://moovitapp.com/index/pt-br/transporte_p%C3%BAblico-line-508_S%C3%8DTIO_CERCADO_ANTI_HOR%C3%81RIO-Curitiba-942-9628-294520-0,-1.0,-25.52162,-49.23895,,False,3,,2023-06-12T12:48:40.338873+00:00
CUR_JI852,Curitiba,4106902,1,,713,,,-25.491188,-49.32841,,False,7,1,2023-06-12T12:48:40.338873+00:00
CUR_BI883,Curitiba,4106902,1,,343,,,-25.413053,-49.205658,,False,7,2,2023-06-12T12:48:40.338873+00:00
CUR_EL319,Curitiba,4106902,1,URBS,507,https://moovitapp.com/index/pt-br/transporte_p%C3%BAblico-line-507_S%C3%8DTIO_CERCADO_HOR%C3%81RIO-Curitiba-942-9628-294494-0,-1.0,-25.44064,-49.260605,,False,3,,2023-06-12T12:48:40.338873+00:00
CUR_EL332,Curitiba,4106902,1,URBS,507,https://moovitapp.com/index/pt-br/transporte_p%C3%BAblico-line-507_S%C3%8DTIO_CERCADO_HOR%C3%81RIO-Curitiba-942-9628-294494-0,-1.0,-25.489545,-49.291665,,False,3,,2023-06-12T12:46:40.338873+00:00
CUR_EL325,Curitiba,4106902,1,URBS,507,https://moovitapp.com/index/pt-br/transporte_p%C3%BAblico-line-507_S%C3%8DTIO_CERCADO_HOR%C3%81RIO-Curitiba-942-9628-294494-0,-1.0,-25.520326,-49.294808,,False,3,,2023-06-12T12:47:40.338873+00:00
CUR_EL315,Curitiba,4106902,0,URBS,507,https://moovitapp.com/index/pt-br/transporte_p%C3%BAblico-line-507_S%C3%8DTIO_CERCADO_HOR%C3%81RIO-Curitiba-942-9628-294494-0,-1.0,-25.533611,-49.265343,,False,3,,2023-06-12T12:48:40.338873+00:00
CUR_EL322,Curitiba,4106902,1,URBS,507,https://moovitapp.com/index/pt-br/transporte_p%C3%BAblico-line-507_S%C3%8DTIO_CERCADO_HOR%C3%81RIO-Curitiba-942-9628-294494-0,-1.0,-25.43485,-49.262996,,False,3,,2023-06-12T12:48:40.338873+00:00
CUR_EL326,Curitiba,4106902,1,URBS,507,https://moovitapp.com/index/pt-br/transporte_p%C3%BAblico-line-507_S%C3%8DTIO_CERCADO_HOR%C3%81RIO-Curitiba-942-9628-294494-0,-1.0,-25.435643,-49.262505,,False,3,,2023-06-12T12:48:40.338873+00:00
CUR_BI894,Curitiba,4106902,1,,361,,,-25.412886,-49.228338,,False,7,2,2023-06-12T12:48:40.338873+00:00
CUR_GI054,Curitiba,4106902,1,,635,,,-25.543015,-49.299156,,False,1,1,2023-06-12T12:48:40.338873+00:00
CUR_BI870,Curitiba,4106902,1,,237,,,-25.3823,-49.208433,,False,7,,2023-06-12T12:48:40.338873+00:00
CUR_BI011,Curitiba,4106902,1,,207,,,-25.423476,-49.275093,,False,1,2,2023-06-12T12:48:40.338873+00:00
CUR_BC001,Curitiba,4106902,1,,207,,,-25.402076,-49.255891,,False,1,2,2023-06-12T12:47:40.338873+00:00
CUR_BC027,Curitiba,4106902,1,,207,,,-25.418426,-49.274588,,False,1,1,2023-06-12T12:46:40.338873+00:00
CUR_BI868,Curitiba,4106902,1,,274,,,-25.404943,-49.25765,,False,7,1,2023-06-12T12:48:40.338873+00:00
CUR_BI887,Curitiba,4106902,1,,274,,,-25.397338,-49.256706,,False,7,2,2023-06-12T12:47:40.338873+00:00
CUR_BI901,Curitiba,4106902,1,,176,,,-25.385118,-49.279645,,False,7,1,2023-06-12T12:48:40.338873+00:00
CUR_JI857,Curitiba,4106902,1,,825,,,-25.446856,-49.354435,,False,7,2,2023-06-12T12:48:40.338873+00:00
CUR_GE722,Curitiba,4106902,0,URBS,200,https://moovitapp.com/index/pt-br/transporte_p%C3%BAblico-line-200_LIGEIR%C3%83O_SANTA_C%C3%82NDIDA_PRA%C3%87A_DO_JAP%C3%83O-Curitiba-942-9628-1323763-0,-1.0,-25.406483,-49.252608,,False,5,2,2023-06-12T12:47:40.338873+00:00
CUR_BE724,Curitiba,4106902,0,URBS,200,https://moovitapp.com/index/pt-br/transporte_p%C3%BAblico-line-200_LIGEIR%C3%83O_SANTA_C%C3%82NDIDA_PRA%C3%87A_DO_JAP%C3%83O-Curitiba-942-9628-1323763-0,-1.0,-25.411103,-49.256868,,False,5,1,2023-06-12T12:48:40.338873+00:00
CUR_BE703,Curitiba,4106902,0,URBS,200,https://moovitapp.com/index/pt-br/transporte_p%C3%BAblico-line-200_LIGEIR%C3%83O_SANTA_C%C3%82NDIDA_PRA%C3%87A_DO_JAP%C3%83O-Curitiba-942-9628-1323763-0,-1.0,-25.438448,-49.268355,,False,5,1,2023-06-12T12:48:40.338873+00:00
CUR_BE721,Curitiba,4106902,0,URBS,200,https://moovitapp.com/index/pt-br/transporte_p%C3%BAblico-line-200_LIGEIR%C3%83O_SANTA_C%C3%82NDIDA_PRA%C3%87A_DO_JAP%C3%83O-Curitiba-942-9628-1323763-0,-1.0,-25.377358,-49.2246,,False,5,1,2023-06-12T12:48:40.338873+00:00
CUR_BE725,Curitiba,4106902,0,URBS,200,https://moovitapp.com/index/pt-br/transporte_p%C3%BAblico-line-200_LIGEIR%C3%83O_SANTA_C%C3%82NDIDA_PRA%C3%87A_DO_JAP%C3%83O-Curitiba-942-9628-1323763-0,-1.0,-25.394941,-49.24266,,False,5,1,2023-06-12T12:48:40.338873+00:00
CUR_BE723,Curitiba,4106902,0,URBS,200,https://moovitapp.com/index/pt-br/transporte_p%C3%BAblico-line-200_LIGEIR%C3%83O_SANTA_C%C3%82NDIDA_PRA%C3%87A_DO_JAP%C3%83O-Curitiba-942-9628-1323763-0,-1.0,-25.441076,-49.275633,,False,5,2,2023-06-12T12:44:40.338873+00:00
CUR_HI001,Curitiba,4106902,1,,801,,,-25.440673,-49.283125,,False,1,1,2023-06-12T12:48:40.338873+00:00
CUR_HC300,Curitiba,4106902,1,,801,,,-25.438248,-49.277523,,False,10,2,2023-06-12T12:48:40.338873+00:00
CUR_JC318,Curitiba,4106902,1,,801,,,-25.432323,-49.272115,,False,10,2,2023-06-12T12:48:40.338873+00:00
CUR_HC004,Curitiba,4106902,1,,801,,,-25.441085,-49.298381,,False,1,2,2023-06-12T12:48:40.338873+00:00
CUR_GI046,Curitiba,4106902,1,,637,,,-25.534896,-49.269463,,False,1,1,2023-06-12T12:47:40.338873+00:00
CUR_DN600,Curitiba,4106902,1,,331,,,-25.476863,-49.204936,,False,7,,2023-06-12T12:48:40.338873+00:00
CUR_HI858,Curitiba,4106902,1,,814,,,-25.430545,-49.3305,,False,7,2,2023-06-12T12:48:40.338873+00:00
CUR_BI863,Curitiba,4106902,1,,224,,,-25.375328,-49.235098,,False,7,,2023-06-12T12:48:40.338873+00:00
CUR_JI860,Curitiba,4106902,1,,779,,,-25.462456,-49.314741,,False,7,2,2023-06-12T12:48:40.338873+00:00
CUR_DC093,Curitiba,4106902,1,,461,,,-25.439236,-49.262256,,False,1,2,2023-06-12T12:48:40.338873+00:00
CUR_DN609,Curitiba,4106902,1,,466,,,-25.428063,-49.264565,,False,7,1,2023-06-12T12:48:40.338873+00:00
CUR_DL311,Curitiba,4106902,0,URBS,305,https://moovitapp.com/index/pt-br/transporte_p%C3%BAblico-line-305_CENTEN%C3%81RIO-Curitiba-942-9628-294271-0,-1.0,-25.470101,-49.20804,,False,3,1,2023-06-12T12:47:40.338873+00:00
CUR_DL310,Curitiba,4106902,0,URBS,305,https://moovitapp.com/index/pt-br/transporte_p%C3%BAblico-line-305_CENTEN%C3%81RIO-Curitiba-942-9628-294271-0,-1.0,-25.429316,-49.258483,,False,3,1,2023-06-12T12:48:40.338873+00:00
CUR_MI851,Curitiba,4106902,1,Auto Viação São José,150,https://moovitapp.com/index/pt-br/transporte_p%C3%BAblico-line-150_T_AFONSO_PENA_PIT_BORDA_DO_CAMPO-Curitiba-942-857412-53904521-0,-1.0,-25.429896,-49.266955,,False,7,2,2023-06-12T12:48:40.338873+00:00
CUR_MN603,Curitiba,4106902,1,,464,,,-25.429793,-49.266193,,False,7,2,2023-06-12T12:47:40.338873+00:00
CUR_GI852,Curitiba,4106902,1,,666,,,-25.456798,-49.26891,,False,7,1,2023-06-12T12:47:40.338873+00:00
CUR_BI893,Curitiba,4106902,1,,266,,,-25.423911,-49.268721,,False,7,2,2023-06-12T12:48:40.338873+00:00
CUR_BA030,Curitiba,4106902,1,,373,,,-25.432451,-49.272,,False,1,1,2023-06-12T12:47:40.338873+00:00
CUR_DN021,Curitiba,4106902,0,,560,,,-25.44536,-49.272918,,False,6,2,2023-06-12T12:47:40.338873+00:00
CUR_BI852,Curitiba,4106902,1,,164,,,-25.432813,-49.270868,,False,7,1,2023-06-12T12:48:40.338873+00:00
CUR_BC941,Curitiba,4106902,1,,385,,,-25.436235,-49.262851,,False,7,2,2023-06-12T12:48:40.338873+00:00
CUR_BC032,Curitiba,4106902,1,,829,,,-25.450015,-49.353786,,False,1,,2023-06-12T12:46:40.338873+00:00
CUR_DL317,Curitiba,4106902,0,URBS,469,https://moovitapp.com/index/pt-br/transporte_p%C3%BAblico-line-469_CENTRO_POLIT%C3%89CNICO-Curitiba-942-9628-294421-0,-1.0,-25.44987,-49.229918,,False,3,1,2023-06-12T12:48:40.338873+00:00
CUR_HE613,Curitiba,4106902,0,URBS,X11,https://moovitapp.com/index/pt-br/transporte_p%C3%BAblico-line-X11_S%C3%8DTIO_CERCADO_CAP%C3%83O_RASO-Curitiba-942-9628-531688-0,-1.0,-25.538388,-49.307108,,False,4,1,2023-06-12T12:48:40.338873+00:00
CUR_BL339,Curitiba,4106902,0,URBS,518,https://moovitapp.com/index/pt-br/transporte_p%C3%BAblico-line-518_PUC_RODOFERROVI%C3%81RIA-Curitiba-942-9628-743528-0,-1.0,-25.437755,-49.261026,,False,3,2,2023-06-12T12:47:40.338873+00:00
