bus_id,city,city_code,adapted,agency,line_code,line_url,line_fare,latitude,longitude,bus_speed,is_eletric,bus_type,bus_direction,updated_at
CUR_BI896,Curitiba,4106902,1,,168,,,-25.429553,-49.27273,,False,7,2,2023-06-18T21:45:16.638239+00:00
CUR_DN602,Curitiba,4106902,1,,466,,,-25.425323,-49.269571,,False,7,2,2023-06-18T21:44:16.638239+00:00
CUR_HL493,Curitiba,4106902,1,URBS,304,https://moovitapp.com/index/pt-br/transporte_p%C3%BAblico-line-304_PINHAIS_CAMPO_COMPRIDO-Curitiba-942-9628-133282995-0,-1.0,-25.443238,-49.204185,,False,3,2,2023-06-18T21:45:16.638239+00:00
CUR_JL321,Curitiba,4106902,1,URBS,304,https://moovitapp.com/index/pt-br/transporte_p%C3%BAblico-line-304_PINHAIS_CAMPO_COMPRIDO-Curitiba-942-9628-133282995-0,-1.0,-25.428496,-49.284783,,False,3,1,2023-06-18T21:45:16.638239+00:00
CUR_HI023,Curitiba,4106902,1,,619,,,-25.511636,-49.328171,,False,1,2,2023-06-18T21:45:16.638239+00:00
CUR_JI008,Curitiba,4106902,1,,658,,,-25.499663,-49.34682,,False,1,1,2023-06-18T21:44:16.638239+00:00
CUR_HI046,Curitiba,4106902,1,,685,,,-25.577346,-49.332143,,False,1,1,2023-06-18T21:44:16.638239+00:00
CUR_HI015,Curitiba,4106902,1,,685,,,-25.544516,-49.316143,,False,1,2,2023-06-18T21:45:16.638239+00:00
CUR_BE717,Curitiba,4106902,0,URBS,203,https://moovitapp.com/index/pt-br/transporte_p%C3%BAblico-line-203_SANTA_C%C3%82NDIDA_CAP%C3%83O_RASO-Curitiba-942-9628-1323737-0,-1.0,-25.377,-49.223741,,False,5,2,2023-06-18T21:44:16.638239+00:00
CUR_BE708,Curitiba,4106902,0,URBS,203,https://moovitapp.com/index/pt-br/transporte_p%C3%BAblico-line-203_SANTA_C%C3%82NDIDA_CAP%C3%83O_RASO-Curitiba-942-9628-1323737-0,-1.0,-25.491881,-49.293755,,False,5,1,2023-06-18T21:45:16.638239+00:00
CUR_BE721,Curitiba,4106902,0,URBS,203,https://moovitapp.com/index/pt-br/transporte_p%C3%BAblico-line-203_SANTA_C%C3%82NDIDA_CAP%C3%83O_RASO-Curitiba-942-9628-1323737-0,-1.0,-25.425745,-49.26863,,False,5,1,2023-06-18T21:44:16.638239+00:00
CUR_BE714,Curitiba,4106902,0,URBS,203,https://moovitapp.com/index/pt-br/transporte_p%C3%BAblico-line-203_SANTA_C%C3%82NDIDA_CAP%C3%83O_RASO-Curitiba-942-9628-1323737-0,-1.0,-25.438808,-49.269743,,False,5,2,2023-06-18T21:44:16.638239+00:00
CUR_HE719,Curitiba,4106902,0,URBS,203,https://moovitapp.com/index/pt-br/transporte_p%C3%BAblico-line-203_SANTA_C%C3%82NDIDA_CAP%C3%83O_RASO-Curitiba-942-9628-1323737-0,-1.0,-25.448061,-49.287885,,False,5,1,2023-06-18T21:44:16.638239+00:00
CUR_BE729,Curitiba,4106902,0,URBS,203,https://moovitapp.com/index/pt-br/transporte_p%C3%BAblico-line-203_SANTA_C%C3%82NDIDA_CAP%C3%83O_RASO-Curitiba-942-9628-1323737-0,-1.0,-25.422423,-49.266596,,False,5,2,2023-06-18T21:44:16.638239+00:00
CUR_HE717,Curitiba,4106902,0,URBS,203,https://moovitapp.com/index/pt-br/transporte_p%C3%BAblico-line-203_SANTA_C%C3%82NDIDA_CAP%C3%83O_RASO-Curitiba-942-9628-1323737-0,-1.0,-25.468731,-49.293766,,False,5,1,2023-06-18T21:45:16.638239+00:00
CUR_BE710,Curitiba,4106902,0,URBS,203,https://moovitapp.com/index/pt-br/transporte_p%C3%BAblico-line-203_SANTA_C%C3%82NDIDA_CAP%C3%83O_RASO-Curitiba-942-9628-1323737-0,-1.0,-25.39375,-49.24069,,False,5,2,2023-06-18T21:44:16.638239+00:00
CUR_GE728,Curitiba,4106902,0,URBS,203,https://moovitapp.com/index/pt-br/transporte_p%C3%BAblico-line-203_SANTA_C%C3%82NDIDA_CAP%C3%83O_RASO-Curitiba-942-9628-1323737-0,-1.0,-25.457231,-49.288568,,False,5,1,2023-06-18T21:45:16.638239+00:00
CUR_BE716,Curitiba,4106902,0,URBS,203,https://moovitapp.com/index/pt-br/transporte_p%C3%BAblico-line-203_SANTA_C%C3%82NDIDA_CAP%C3%83O_RASO-Curitiba-942-9628-1323737-0,-1.0,-25.405756,-49.251761,,False,5,2,2023-06-18T21:44:16.638239+00:00
CUR_HI604,Curitiba,4106902,1,,684,,,-25.560033,-49.307436,,False,4,1,2023-06-18T21:44:16.638239+00:00
CUR_HI043,Curitiba,4106902,1,,684,,,-25.57066,-49.324995,,False,1,2,2023-06-18T21:45:16.638239+00:00
CUR_HI605,Curitiba,4106902,1,,684,,,-25.579595,-49.334531,,False,4,1,2023-06-18T21:45:16.638239+00:00
CUR_EB600,Curitiba,4106902,1,,021,,,-25.448128,-49.224315,,False,4,,2023-06-18T21:45:16.638239+00:00
CUR_BB305,Curitiba,4106902,1,,021,,,-25.496576,-49.270701,,False,10,,2023-06-18T21:45:16.638239+00:00
CUR_KB606,Curitiba,4106902,1,,021,,,-25.407423,-49.292296,,False,4,,2023-06-18T21:44:16.638239+00:00
CUR_KB605,Curitiba,4106902,1,,021,,,-25.455733,-49.303725,,False,4,,2023-06-18T21:45:16.638239+00:00
CUR_XY043,Curitiba,4106902,0,,021,,,-25.43622,-49.307891,,False,3,,2023-06-18T21:44:16.638239+00:00
CUR_EI009,Curitiba,4106902,1,,521,,,-25.502233,-49.245513,,False,1,1,2023-06-18T21:44:16.638239+00:00
CUR_DL304,Curitiba,4106902,0,URBS,023,https://moovitapp.com/index/pt-br/transporte_p%C3%BAblico-line-023_INTER_2_ANTI_HOR%C3%81RIO-Curitiba-942-9628-398189-0,-1.0,-25.490968,-49.255315,,False,3,,2023-06-18T21:44:16.638239+00:00
CUR_DL317,Curitiba,4106902,0,URBS,023,https://moovitapp.com/index/pt-br/transporte_p%C3%BAblico-line-023_INTER_2_ANTI_HOR%C3%81RIO-Curitiba-942-9628-398189-0,-1.0,-25.427638,-49.24124,,False,3,,2023-06-18T21:44:16.638239+00:00
CUR_GL322,Curitiba,4106902,0,URBS,023,https://moovitapp.com/index/pt-br/transporte_p%C3%BAblico-line-023_INTER_2_ANTI_HOR%C3%81RIO-Curitiba-942-9628-398189-0,-1.0,-25.439665,-49.222065,,False,3,,2023-06-18T21:45:16.638239+00:00
CUR_BL313,Curitiba,4106902,0,URBS,023,https://moovitapp.com/index/pt-br/transporte_p%C3%BAblico-line-023_INTER_2_ANTI_HOR%C3%81RIO-Curitiba-942-9628-398189-0,-1.0,-25.4805,-49.29249,,False,3,,2023-06-18T21:44:16.638239+00:00
CUR_BL324,Curitiba,4106902,0,URBS,023,https://moovitapp.com/index/pt-br/transporte_p%C3%BAblico-line-023_INTER_2_ANTI_HOR%C3%81RIO-Curitiba-942-9628-398189-0,-1.0,-25.417333,-49.26847,,False,3,,2023-06-18T21:45:16.638239+00:00
CUR_BL336,Curitiba,4106902,0,URBS,023,https://moovitapp.com/index/pt-br/transporte_p%C3%BAblico-line-023_INTER_2_ANTI_HOR%C3%81RIO-Curitiba-942-9628-398189-0,-1.0,-25.43741,-49.310441,,False,3,,2023-06-18T21:44:16.638239+00:00
CUR_GE611,Curitiba,4106902,0,URBS,502,https://moovitapp.com/index/pt-br/transporte_p%C3%BAblico-line-502_CIRCULAR_SUL_HOR%C3%81RIO-Curitiba-942-9628-294482-0,-1.0,-25.477128,-49.289151,,False,4,,2023-06-18T21:45:16.638239+00:00
CUR_GE614,Curitiba,4106902,0,URBS,502,https://moovitapp.com/index/pt-br/transporte_p%C3%BAblico-line-502_CIRCULAR_SUL_HOR%C3%81RIO-Curitiba-942-9628-294482-0,-1.0,-25.524618,-49.292646,,False,4,,2023-06-18T21:44:16.638239+00:00
CUR_GE604,Curitiba,4106902,0,URBS,502,https://moovitapp.com/index/pt-br/transporte_p%C3%BAblico-line-502_CIRCULAR_SUL_HOR%C3%81RIO-Curitiba-942-9628-294482-0,-1.0,-25.516586,-49.230138,,False,4,,2023-06-18T21:44:16.638239+00:00
CUR_BI901,Curitiba,4106902,1,,827,,,-25.439935,-49.368426,,False,7,2,2023-06-18T21:45:16.638239+00:00
CUR_JI300,Curitiba,4106902,0,,706,,,-25.47725,-49.324143,,False,3,2,2023-06-18T21:44:16.638239+00:00
CUR_JC305,Curitiba,4106902,1,,706,,,-25.484043,-49.349818,,False,3,1,2023-06-18T21:44:16.638239+00:00
CUR_JC301,Curitiba,4106902,1,,706,,,-25.4629,-49.305225,,False,3,1,2023-06-18T21:45:16.638239+00:00
CUR_JC313,Curitiba,4106902,1,,706,,,-25.434805,-49.272178,,False,3,2,2023-06-18T21:45:16.638239+00:00
CUR_BI011,Curitiba,4106902,1,,924,,,-25.377331,-49.224158,,False,1,2,2023-06-18T21:45:16.638239+00:00
CUR_BA030,Curitiba,4106902,1,,924,,,-25.400636,-49.330808,,False,1,1,2023-06-18T21:45:16.638239+00:00
CUR_JI866,Curitiba,4106902,1,,777,,,-25.4417,-49.268691,,False,7,2,2023-06-18T21:44:16.638239+00:00
CUR_HI016,Curitiba,4106902,1,,655,,,-25.541043,-49.302365,,False,1,2,2023-06-18T21:44:16.638239+00:00
CUR_HI025,Curitiba,4106902,1,,655,,,-25.557443,-49.319138,,False,1,1,2023-06-18T21:44:16.638239+00:00
CUR_EB601,Curitiba,4106902,1,,020,,,-25.404315,-49.290016,,False,4,,2023-06-18T21:45:16.638239+00:00
CUR_BB608,Curitiba,4106902,1,,020,,,-25.460703,-49.301516,,False,4,,2023-06-18T21:44:16.638239+00:00
CUR_BB611,Curitiba,4106902,1,,020,,,-25.44037,-49.221055,,False,4,,2023-06-18T21:44:16.638239+00:00
CUR_GB600,Curitiba,4106902,1,,020,,,-25.407833,-49.252528,,False,4,,2023-06-18T21:44:16.638239+00:00
CUR_BC311,Curitiba,4106902,1,,205,,,-25.418308,-49.26222,,False,3,1,2023-06-18T21:44:16.638239+00:00
CUR_BC309,Curitiba,4106902,1,,205,,,-25.389078,-49.260686,,False,3,2,2023-06-18T21:44:16.638239+00:00
CUR_JI011,Curitiba,4106902,1,,860,,,-25.436815,-49.274423,,False,1,2,2023-06-18T21:44:16.638239+00:00
CUR_GI005,Curitiba,4106902,1,,545,,,-25.4788,-49.325316,,False,1,1,2023-06-18T21:44:16.638239+00:00
CUR_KI002,Curitiba,4106902,1,,545,,,-25.539568,-49.283471,,False,1,2,2023-06-18T21:45:16.638239+00:00
CUR_JC315,Curitiba,4106902,1,,545,,,-25.534398,-49.268161,,False,3,2,2023-06-18T21:44:16.638239+00:00
CUR_DA297,Curitiba,4106902,1,,335,,,-25.512306,-49.22679,,False,1,1,2023-06-18T21:44:16.638239+00:00
CUR_DA029,Curitiba,4106902,1,,335,,,-25.470268,-49.208535,,False,1,2,2023-06-18T21:44:16.638239+00:00
CUR_GI055,Curitiba,4106902,1,,548,,,-25.55989,-49.257511,,False,1,1,2023-06-18T21:44:16.638239+00:00
CUR_GI014,Curitiba,4106902,1,,548,,,-25.540968,-49.270885,,False,1,2,2023-06-18T21:45:16.638239+00:00
CUR_DC853,Curitiba,4106902,1,,334,,,-25.468173,-49.208823,,False,7,,2023-06-18T21:44:16.638239+00:00
CUR_HI855,Curitiba,4106902,1,,630,,,-25.540411,-49.30905,,False,7,1,2023-06-18T21:44:16.638239+00:00
CUR_BI024,Curitiba,4106902,1,,233,,,-25.367588,-49.209521,,False,1,,2023-06-18T21:44:16.638239+00:00
CUR_HI859,Curitiba,4106902,1,,865,,,-25.43019,-49.272455,,False,7,2,2023-06-18T21:44:16.638239+00:00
CUR_GI020,Curitiba,4106902,1,,640,,,-25.560508,-49.293998,,False,1,1,2023-06-18T21:44:16.638239+00:00
CUR_DN604,Curitiba,4106902,1,,465,,,-25.457583,-49.237166,,False,7,1,2023-06-18T21:44:16.638239+00:00
CUR_BI856,Curitiba,4106902,1,Auto Viação São José,213,https://moovitapp.com/index/pt-br/transporte_p%C3%BAblico-line-213_PIT_PRA%C3%87A_DA_JUVENTUDE_CRISTAL_BLANCO_POMBO_HOR%C3%81RIO-Curitiba-942-857412-119631272-0,-1.0,-25.39841,-49.23745,,False,7,2,2023-06-18T21:44:16.638239+00:00
CUR_HC851,Curitiba,4106902,1,,863,,,-25.434763,-49.270041,,False,7,2,2023-06-18T21:45:16.638239+00:00
CUR_HI022,Curitiba,4106902,1,,772,,,-25.62674,-49.366241,,False,1,1,2023-06-18T21:44:16.638239+00:00
CUR_HI039,Curitiba,4106902,1,,772,,,-25.513338,-49.294895,,False,1,2,2023-06-18T21:44:16.638239+00:00
CUR_BI875,Curitiba,4106902,1,,243,,,-25.35086,-49.265615,,False,7,1,2023-06-18T21:44:16.638239+00:00
CUR_GI855,Curitiba,4106902,1,,665,,,-25.470568,-49.284055,,False,7,2,2023-06-18T21:44:16.638239+00:00
CUR_GI857,Curitiba,4106902,1,,665,,,-25.488966,-49.293351,,False,7,1,2023-06-18T21:45:16.638239+00:00
CUR_BI889,Curitiba,4106902,1,,386,,,-25.437396,-49.219298,,False,7,1,2023-06-18T21:43:16.638239+00:00
CUR_BI022,Curitiba,4106902,1,,225,,,-25.386481,-49.246263,,False,1,2,2023-06-18T21:44:16.638239+00:00
CUR_GI046,Curitiba,4106902,1,,643,,,-25.543306,-49.29438,,False,1,2,2023-06-18T21:44:16.638239+00:00
CUR_GI008,Curitiba,4106902,1,,643,,,-25.556593,-49.292568,,False,1,1,2023-06-18T21:45:16.638239+00:00
CUR_EI006,Curitiba,4106902,1,,X07,,,-25.536613,-49.272903,,False,1,2,2023-06-18T21:44:16.638239+00:00
CUR_EA026,Curitiba,4106902,1,,657,,,-25.504583,-49.27546,,False,1,2,2023-06-18T21:45:16.638239+00:00
CUR_GI044,Curitiba,4106902,1,,683,,,-25.567388,-49.281053,,False,1,1,2023-06-18T21:44:16.638239+00:00
CUR_GI023,Curitiba,4106902,1,,636,,,-25.543996,-49.293076,,False,1,2,2023-06-18T21:45:16.638239+00:00
CUR_JI856,Curitiba,4106902,1,,861,,,-25.462786,-49.348623,,False,7,1,2023-06-18T21:45:16.638239+00:00
CUR_JL307,Curitiba,4106902,0,URBS,702,https://moovitapp.com/index/pt-br/transporte_p%C3%BAblico-line-702_CAIU%C3%81_CACHOEIRA-Curitiba-942-9628-133282980-0,-1.0,-25.423191,-49.269696,,False,3,1,2023-06-18T21:44:16.638239+00:00
CUR_JL320,Curitiba,4106902,1,URBS,702,https://moovitapp.com/index/pt-br/transporte_p%C3%BAblico-line-702_CAIU%C3%81_CACHOEIRA-Curitiba-942-9628-133282980-0,-1.0,-25.477103,-49.336191,,False,3,1,2023-06-18T21:44:16.638239+00:00
CUR_HI018,Curitiba,4106902,1,,650,,,-25.514515,-49.294083,,False,1,1,2023-06-18T21:44:16.638239+00:00
CUR_HI607,Curitiba,4106902,0,,650,,,-25.551823,-49.330696,,False,4,1,2023-06-18T21:44:16.638239+00:00
CUR_HI032,Curitiba,4106902,1,,650,,,-25.563101,-49.333358,,False,1,2,2023-06-18T21:44:16.638239+00:00
CUR_HN403,Curitiba,4106902,1,,627,,,-25.504398,-49.315423,,False,7,2,2023-06-18T21:45:16.638239+00:00
CUR_DA011,Curitiba,4106902,1,,322,,,-25.466305,-49.202268,,False,1,2,2023-06-18T21:44:16.638239+00:00
CUR_DA290,Curitiba,4106902,1,,338,,,-25.500976,-49.208461,,False,1,1,2023-06-18T21:44:16.638239+00:00
CUR_DA033,Curitiba,4106902,1,,338,,,-25.500455,-49.2118,,False,1,2,2023-06-18T21:44:16.638239+00:00
CUR_BI870,Curitiba,4106902,1,Auto Viação São José,214,https://moovitapp.com/index/pt-br/transporte_p%C3%BAblico-line-214_PIT_PRA%C3%87A_DA_JUVENTUDE_CRISTAL_BLANCO_POMBO_ANTI_HOR%C3%81RIO-Curitiba-942-857412-119631273-0,-1.0,-25.406996,-49.252766,,False,7,1,2023-06-18T21:44:16.638239+00:00
CUR_DA292,Curitiba,4106902,1,,621,,,-25.474998,-49.260545,,False,1,1,2023-06-18T21:44:16.638239+00:00
CUR_EI018,Curitiba,4106902,1,,621,,,-25.488885,-49.275115,,False,1,2,2023-06-18T21:44:16.638239+00:00
CUR_BI850,Curitiba,4106902,1,,875,,,-25.432123,-49.288138,,False,7,2,2023-06-18T21:45:16.638239+00:00
CUR_GL325,Curitiba,4106902,0,URBS,022,https://moovitapp.com/index/pt-br/transporte_p%C3%BAblico-line-022_INTER_2_HOR%C3%81RIO-Curitiba-942-9628-381388-0,-1.0,-25.455903,-49.231383,,False,3,,2023-06-18T21:44:16.638239+00:00
CUR_DL301,Curitiba,4106902,0,URBS,022,https://moovitapp.com/index/pt-br/transporte_p%C3%BAblico-line-022_INTER_2_HOR%C3%81RIO-Curitiba-942-9628-381388-0,-1.0,-25.489221,-49.29404,,False,3,,2023-06-18T21:43:16.638239+00:00
CUR_EL326,Curitiba,4106902,1,URBS,022,https://moovitapp.com/index/pt-br/transporte_p%C3%BAblico-line-022_INTER_2_HOR%C3%81RIO-Curitiba-942-9628-381388-0,-1.0,-25.436263,-49.307336,,False,3,,2023-06-18T21:45:16.638239+00:00
CUR_BL319,Curitiba,4106902,0,URBS,022,https://moovitapp.com/index/pt-br/transporte_p%C3%BAblico-line-022_INTER_2_HOR%C3%81RIO-Curitiba-942-9628-381388-0,-1.0,-25.415955,-49.281805,,False,3,,2023-06-18T21:45:16.638239+00:00
CUR_BL329,Curitiba,4106902,0,URBS,022,https://moovitapp.com/index/pt-br/transporte_p%C3%BAblico-line-022_INTER_2_HOR%C3%81RIO-Curitiba-942-9628-381388-0,-1.0,-25.49025,-49.255575,,False,3,,2023-06-18T21:44:16.638239+00:00
CUR_KB604,Curitiba,4106902,1,,050,,,-25.450185,-49.25325,,False,4,2,2023-06-18T21:44:16.638239+00:00
CUR_JB301,Curitiba,4106902,1,,050,,,-25.478403,-49.326106,,False,3,1,2023-06-18T21:44:16.638239+00:00
CUR_EB603,Curitiba,4106902,1,,050,,,-25.455851,-49.23115,,False,4,2,2023-06-18T21:44:16.638239+00:00
CUR_DA294,Curitiba,4106902,1,,462,,,-25.442483,-49.260626,,False,1,2,2023-06-18T21:44:16.638239+00:00
CUR_DA296,Curitiba,4106902,1,,462,,,-25.451405,-49.227273,,False,1,2,2023-06-18T21:45:16.638239+00:00
CUR_MN608,Curitiba,4106902,1,,972,,,-25.422956,-49.281701,,False,7,2,2023-06-18T21:44:16.638239+00:00
CUR_MN603,Curitiba,4106902,1,,972,,,-25.400816,-49.33069,,False,7,1,2023-06-18T21:44:16.638239+00:00
CUR_KB608,Curitiba,4106902,1,,030,,,-25.424546,-49.203216,,False,4,2,2023-06-18T21:44:16.638239+00:00
CUR_BB600,Curitiba,4106902,1,,030,,,-25.513518,-49.264528,,False,4,1,2023-06-18T21:45:16.638239+00:00
CUR_KB607,Curitiba,4106902,1,,030,,,-25.384335,-49.216035,,False,4,2,2023-06-18T21:44:16.638239+00:00
CUR_CB600,Curitiba,4106902,1,,030,,,-25.454135,-49.214121,,False,4,1,2023-06-18T21:44:16.638239+00:00
CUR_CB603,Curitiba,4106902,1,,030,,,-25.498483,-49.236025,,False,4,2,2023-06-18T21:45:16.638239+00:00
CUR_HI862,Curitiba,4106902,1,,628,,,-25.509873,-49.322945,,False,7,1,2023-06-18T21:44:16.638239+00:00
CUR_HI853,Curitiba,4106902,1,,628,,,-25.524645,-49.330581,,False,7,2,2023-06-18T21:45:16.638239+00:00
CUR_HE610,Curitiba,4106902,0,URBS,602,https://moovitapp.com/index/pt-br/transporte_p%C3%BAblico-line-602_CIRCULAR_SUL_ANTI_HOR%C3%81RIO-Curitiba-942-9628-294517-0,-1.0,-25.475366,-49.293078,,False,4,,2023-06-18T21:44:16.638239+00:00
CUR_HE615,Curitiba,4106902,0,URBS,602,https://moovitapp.com/index/pt-br/transporte_p%C3%BAblico-line-602_CIRCULAR_SUL_ANTI_HOR%C3%81RIO-Curitiba-942-9628-294517-0,-1.0,-25.516438,-49.230183,,False,4,,2023-06-18T21:44:16.638239+00:00
CUR_HE612,Curitiba,4106902,0,URBS,602,https://moovitapp.com/index/pt-br/transporte_p%C3%BAblico-line-602_CIRCULAR_SUL_ANTI_HOR%C3%81RIO-Curitiba-942-9628-294517-0,-1.0,-25.527201,-49.29258,,False,4,,2023-06-18T21:45:16.638239+00:00
CUR_HI854,Curitiba,4106902,1,,673,,,-25.489103,-49.304351,,False,7,2,2023-06-18T21:44:16.638239+00:00
CUR_BI859,Curitiba,4106902,1,,160,,,-25.449303,-49.27287,,False,7,2,2023-06-18T21:44:16.638239+00:00
CUR_BC932,Curitiba,4106902,1,,160,,,-25.403541,-49.289311,,False,7,1,2023-06-18T21:43:16.638239+00:00
CUR_GI054,Curitiba,4106902,1,,631,,,-25.512571,-49.295148,,False,1,,2023-06-18T21:45:16.638239+00:00
CUR_GI048,Curitiba,4106902,1,,534,,,-25.530835,-49.256913,,False,1,1,2023-06-18T21:45:16.638239+00:00
CUR_BI866,Curitiba,4106902,1,Auto Viação São José,212,https://moovitapp.com/index/pt-br/transporte_p%C3%BAblico-line-212_PIT_PRA%C3%87A_DA_JUVENTUDE_SANTA_F%C3%89_CRISTAL-Curitiba-942-857412-73656311-0,-1.0,-25.39776,-49.234265,,False,7,1,2023-06-18T21:44:16.638239+00:00
CUR_HL328,Curitiba,4106902,0,URBS,210,https://moovitapp.com/index/pt-br/transporte_p%C3%BAblico-line-210_CIC_CABRAL-Curitiba-942-9628-363542-0,-1.0,-25.420475,-49.269276,,False,3,2,2023-06-18T21:44:16.638239+00:00
CUR_HL331,Curitiba,4106902,1,URBS,210,https://moovitapp.com/index/pt-br/transporte_p%C3%BAblico-line-210_CIC_CABRAL-Curitiba-942-9628-363542-0,-1.0,-25.406916,-49.253401,,False,3,2,2023-06-18T21:44:16.638239+00:00
CUR_HL497,Curitiba,4106902,1,URBS,210,https://moovitapp.com/index/pt-br/transporte_p%C3%BAblico-line-210_CIC_CABRAL-Curitiba-942-9628-363542-0,-1.0,-25.511788,-49.324791,,False,3,1,2023-06-18T21:45:16.638239+00:00
CUR_BI879,Curitiba,4106902,1,,183,,,-25.356808,-49.272285,,False,7,1,2023-06-18T21:45:16.638239+00:00
CUR_BI871,Curitiba,4106902,1,,266,,,-25.390486,-49.260513,,False,7,1,2023-06-18T21:45:16.638239+00:00
CUR_EI008,Curitiba,4106902,1,,528,,,-25.559253,-49.28171,,False,1,2,2023-06-18T21:44:16.638239+00:00
CUR_GI011,Curitiba,4106902,1,,528,,,-25.550863,-49.254901,,False,1,1,2023-06-18T21:45:16.638239+00:00
CUR_GI047,Curitiba,4106902,1,,528,,,-25.526606,-49.239195,,False,1,1,2023-06-18T21:45:16.638239+00:00
CUR_EA020,Curitiba,4106902,1,,528,,,-25.513076,-49.294736,,False,1,2,2023-06-18T21:44:16.638239+00:00
CUR_BI860,Curitiba,4106902,1,,366,,,-25.436985,-49.28975,,False,7,2,2023-06-18T21:45:16.638239+00:00
CUR_JI017,Curitiba,4106902,1,,611,,,-25.475683,-49.293278,,False,1,1,2023-06-18T21:45:16.638239+00:00
CUR_JI012,Curitiba,4106902,1,,611,,,-25.477346,-49.327651,,False,1,2,2023-06-18T21:45:16.638239+00:00
CUR_HB608,Curitiba,4106902,1,,040,,,-25.452616,-49.349591,,False,4,2,2023-06-18T21:45:16.638239+00:00
CUR_GB612,Curitiba,4106902,1,,040,,,-25.515221,-49.320585,,False,4,2,2023-06-18T21:45:16.638239+00:00
CUR_HB606,Curitiba,4106902,1,,040,,,-25.462781,-49.345643,,False,4,1,2023-06-18T21:45:16.638239+00:00
CUR_HB605,Curitiba,4106902,1,,040,,,-25.492868,-49.323401,,False,4,2,2023-06-18T21:44:16.638239+00:00
CUR_HB607,Curitiba,4106902,1,,040,,,-25.404366,-49.335488,,False,4,1,2023-06-18T21:44:16.638239+00:00
CUR_CI007,Curitiba,4106902,1,,222,,,-25.393188,-49.241253,,False,1,1,2023-06-18T21:44:16.638239+00:00
CUR_DC855,Curitiba,4106902,1,,387,,,-25.451476,-49.221498,,False,7,1,2023-06-18T21:44:16.638239+00:00
CUR_MI852,Curitiba,4106902,1,,948,,,-25.397505,-49.350988,,False,7,1,2023-06-18T21:44:16.638239+00:00
CUR_MA949,Curitiba,4106902,1,,958,,,-25.397146,-49.344281,,False,7,2,2023-06-18T21:44:16.638239+00:00
CUR_HI857,Curitiba,4106902,1,,652,,,-25.531063,-49.339448,,False,7,1,2023-06-18T21:44:16.638239+00:00
CUR_HI861,Curitiba,4106902,1,,652,,,-25.511853,-49.325495,,False,7,2,2023-06-18T21:44:16.638239+00:00
CUR_BI869,Curitiba,4106902,1,,231,,,-25.375265,-49.22384,,False,7,1,2023-06-18T21:44:16.638239+00:00
CUR_HE724,Curitiba,4106902,0,URBS,603,https://moovitapp.com/index/pt-br/transporte_p%C3%BAblico-line-603_PINHEIRINHO_RUI_BARBOSA-Curitiba-942-9628-484781-0,-1.0,-25.47851,-49.292108,,False,5,1,2023-06-18T21:45:16.638239+00:00
CUR_HE722,Curitiba,4106902,0,URBS,603,https://moovitapp.com/index/pt-br/transporte_p%C3%BAblico-line-603_PINHEIRINHO_RUI_BARBOSA-Curitiba-942-9628-484781-0,-1.0,-25.442165,-49.278401,,False,5,2,2023-06-18T21:44:16.638239+00:00
CUR_HE731,Curitiba,4106902,0,URBS,603,https://moovitapp.com/index/pt-br/transporte_p%C3%BAblico-line-603_PINHEIRINHO_RUI_BARBOSA-Curitiba-942-9628-484781-0,-1.0,-25.453956,-49.287788,,False,5,2,2023-06-18T21:44:16.638239+00:00
CUR_HE723,Curitiba,4106902,0,URBS,603,https://moovitapp.com/index/pt-br/transporte_p%C3%BAblico-line-603_PINHEIRINHO_RUI_BARBOSA-Curitiba-942-9628-484781-0,-1.0,-25.507316,-49.295825,,False,5,1,2023-06-18T21:44:16.638239+00:00
CUR_BI880,Curitiba,4106902,1,,244,,,-25.377656,-49.262316,,False,7,2,2023-06-18T21:44:16.638239+00:00
CUR_GI007,Curitiba,4106902,1,,524,,,-25.543798,-49.267836,,False,1,2,2023-06-18T21:44:16.638239+00:00
CUR_GI045,Curitiba,4106902,1,,638,,,-25.553166,-49.27347,,False,1,1,2023-06-18T21:44:16.638239+00:00
CUR_BI886,Curitiba,4106902,1,,275,,,-25.379828,-49.249275,,False,7,1,2023-06-18T21:45:16.638239+00:00
CUR_BI897,Curitiba,4106902,1,,822,,,-25.43835,-49.347466,,False,7,1,2023-06-18T21:45:16.638239+00:00
CUR_GI850,Curitiba,4106902,1,,616,,,-25.474253,-49.283665,,False,7,2,2023-06-18T21:44:16.638239+00:00
CUR_GI852,Curitiba,4106902,1,,661,,,-25.474373,-49.277325,,False,7,1,2023-06-18T21:44:16.638239+00:00
CUR_HE716,Curitiba,4106902,0,URBS,550,https://moovitapp.com/index/pt-br/transporte_p%C3%BAblico-line-550_LIGEIR%C3%83O_PINHEIRINHO_CARLOS_GOMES-Curitiba-942-9628-1254061-0,-1.0,-25.51272,-49.294566,,False,5,1,2023-06-18T21:44:16.638239+00:00
CUR_HE720,Curitiba,4106902,0,URBS,550,https://moovitapp.com/index/pt-br/transporte_p%C3%BAblico-line-550_LIGEIR%C3%83O_PINHEIRINHO_CARLOS_GOMES-Curitiba-942-9628-1254061-0,-1.0,-25.452876,-49.26133,,False,5,1,2023-06-18T21:44:16.638239+00:00
CUR_GE724,Curitiba,4106902,0,URBS,550,https://moovitapp.com/index/pt-br/transporte_p%C3%BAblico-line-550_LIGEIR%C3%83O_PINHEIRINHO_CARLOS_GOMES-Curitiba-942-9628-1254061-0,-1.0,-25.453343,-49.260953,,False,5,2,2023-06-18T21:44:16.638239+00:00
CUR_BI873,Curitiba,4106902,1,,224,,,-25.381603,-49.235801,,False,7,,2023-06-18T21:45:16.638239+00:00
CUR_BI878,Curitiba,4106902,1,,260,,,-25.432741,-49.271026,,False,7,2,2023-06-18T21:44:16.638239+00:00
CUR_BE718,Curitiba,4106902,0,URBS,350,https://moovitapp.com/index/pt-br/transporte_p%C3%BAblico-line-350_FAGUNDES_VARELA_PINHEIRINHO-Curitiba-942-9628-52482798-0,-1.0,-25.51185,-49.291271,,False,5,1,2023-06-18T21:44:16.638239+00:00
CUR_HE608,Curitiba,4106902,0,URBS,350,https://moovitapp.com/index/pt-br/transporte_p%C3%BAblico-line-350_FAGUNDES_VARELA_PINHEIRINHO-Curitiba-942-9628-52482798-0,-1.0,-25.484815,-49.266476,,False,4,2,2023-06-18T21:44:16.638239+00:00
CUR_GI034,Curitiba,4106902,1,,663,,,-25.481318,-49.286915,,False,1,1,2023-06-18T21:44:16.638239+00:00
CUR_EI004,Curitiba,4106902,1,,471,,,-25.469575,-49.239896,,False,1,1,2023-06-18T21:44:16.638239+00:00
CUR_EI017,Curitiba,4106902,1,,475,,,-25.444681,-49.25483,,False,1,2,2023-06-18T21:45:16.638239+00:00
CUR_EA006,Curitiba,4106902,1,,475,,,-25.477185,-49.241253,,False,1,1,2023-06-18T21:44:16.638239+00:00
CUR_EI003,Curitiba,4106902,1,Auto Viação São José,515,https://moovitapp.com/index/pt-br/transporte_p%C3%BAblico-line-515_%E2%9C%88_AEROPORTO_1_SHOPPING_S%C3%83O_JOS%C3%89-Curitiba-942-857412-67925719-0,-1.0,-25.50823,-49.223175,,False,1,2,2023-06-18T21:44:16.638239+00:00
CUR_EI010,Curitiba,4106902,1,,472,,,-25.440218,-49.260293,,False,1,2,2023-06-18T21:45:16.638239+00:00
CUR_EI013,Curitiba,4106902,1,,513,,,-25.497361,-49.258431,,False,1,1,2023-06-18T21:44:16.638239+00:00
CUR_JI850,Curitiba,4106902,1,,721,,,-25.508923,-49.352208,,False,7,2,2023-06-18T21:43:16.638239+00:00
CUR_DE705,Curitiba,4106902,0,URBS,303,https://moovitapp.com/index/pt-br/transporte_p%C3%BAblico-line-303_CENTEN%C3%81RIO_CAMPO_COMPRIDO-Curitiba-942-9628-531689-0,-1.0,-25.439435,-49.272168,,False,5,2,2023-06-18T21:45:16.638239+00:00
CUR_DE711,Curitiba,4106902,0,URBS,303,https://moovitapp.com/index/pt-br/transporte_p%C3%BAblico-line-303_CENTEN%C3%81RIO_CAMPO_COMPRIDO-Curitiba-942-9628-531689-0,-1.0,-25.437265,-49.320923,,False,5,2,2023-06-18T21:45:16.638239+00:00
CUR_DE704,Curitiba,4106902,0,URBS,303,https://moovitapp.com/index/pt-br/transporte_p%C3%BAblico-line-303_CENTEN%C3%81RIO_CAMPO_COMPRIDO-Curitiba-942-9628-531689-0,-1.0,-25.444878,-49.216085,,False,5,1,2023-06-18T21:44:16.638239+00:00
CUR_JE706,Curitiba,4106902,0,URBS,303,https://moovitapp.com/index/pt-br/transporte_p%C3%BAblico-line-303_CENTEN%C3%81RIO_CAMPO_COMPRIDO-Curitiba-942-9628-531689-0,-1.0,-25.438996,-49.316228,,False,5,2,2023-06-18T21:44:16.638239+00:00
CUR_DE702,Curitiba,4106902,0,URBS,303,https://moovitapp.com/index/pt-br/transporte_p%C3%BAblico-line-303_CENTEN%C3%81RIO_CAMPO_COMPRIDO-Curitiba-942-9628-531689-0,-1.0,-25.435853,-49.274676,,False,5,1,2023-06-18T21:45:16.638239+00:00
CUR_DE718,Curitiba,4106902,0,URBS,303,https://moovitapp.com/index/pt-br/transporte_p%C3%BAblico-line-303_CENTEN%C3%81RIO_CAMPO_COMPRIDO-Curitiba-942-9628-531689-0,-1.0,-25.446948,-49.216966,,False,5,1,2023-06-18T21:44:16.638239+00:00
CUR_XY042,Curitiba,4106902,0,URBS,303,https://moovitapp.com/index/pt-br/transporte_p%C3%BAblico-line-303_CENTEN%C3%81RIO_CAMPO_COMPRIDO-Curitiba-942-9628-531689-0,-1.0,-25.441566,-49.34654,,False,4,2,2023-06-18T21:44:16.638239+00:00
CUR_JI863,Curitiba,4106902,1,,710,,,-25.477353,-49.326733,,False,7,1,2023-06-18T21:44:16.638239+00:00
CUR_GE601,Curitiba,4106902,0,URBS,503,https://moovitapp.com/index/pt-br/transporte_p%C3%BAblico-line-503_BOQUEIR%C3%83O-Curitiba-942-9628-294244-0,-1.0,-25.450001,-49.262631,,False,4,1,2023-06-18T21:44:16.638239+00:00
CUR_KE701,Curitiba,4106902,0,URBS,503,https://moovitapp.com/index/pt-br/transporte_p%C3%BAblico-line-503_BOQUEIR%C3%83O-Curitiba-942-9628-294244-0,-1.0,-25.51576,-49.230573,,False,5,2,2023-06-18T21:45:16.638239+00:00
CUR_GE610,Curitiba,4106902,0,URBS,503,https://moovitapp.com/index/pt-br/transporte_p%C3%BAblico-line-503_BOQUEIR%C3%83O-Curitiba-942-9628-294244-0,-1.0,-25.454378,-49.260531,,False,4,2,2023-06-18T21:44:16.638239+00:00
CUR_MI855,Curitiba,4106902,1,,821,,,-25.400781,-49.330646,,False,7,1,2023-06-18T21:44:16.638239+00:00
CUR_ML307,Curitiba,4106902,0,URBS,307,https://moovitapp.com/index/pt-br/transporte_p%C3%BAblico-line-307_BAIRRO_ALTO_SANTA_FELICIDADE-Curitiba-942-9628-1323712-0,-1.0,-25.413353,-49.205761,,False,3,1,2023-06-18T21:45:16.638239+00:00
CUR_CL302,Curitiba,4106902,0,URBS,307,https://moovitapp.com/index/pt-br/transporte_p%C3%BAblico-line-307_BAIRRO_ALTO_SANTA_FELICIDADE-Curitiba-942-9628-1323712-0,-1.0,-25.401348,-49.32964,,False,3,2,2023-06-18T21:44:16.638239+00:00
CUR_BL328,Curitiba,4106902,0,URBS,307,https://moovitapp.com/index/pt-br/transporte_p%C3%BAblico-line-307_BAIRRO_ALTO_SANTA_FELICIDADE-Curitiba-942-9628-1323712-0,-1.0,-25.428456,-49.272395,,False,3,1,2023-06-18T21:45:16.638239+00:00
CUR_ML312,Curitiba,4106902,0,URBS,307,https://moovitapp.com/index/pt-br/transporte_p%C3%BAblico-line-307_BAIRRO_ALTO_SANTA_FELICIDADE-Curitiba-942-9628-1323712-0,-1.0,-25.424906,-49.258056,,False,3,2,2023-06-18T21:44:16.638239+00:00
CUR_CI004,Curitiba,4106902,1,,341,,,-25.413068,-49.205246,,False,1,1,2023-06-18T21:44:16.638239+00:00
CUR_MI854,Curitiba,4106902,1,,928,,,-25.401215,-49.329578,,False,7,1,2023-06-18T21:45:16.638239+00:00
CUR_MI001,Curitiba,4106902,1,,901,,,-25.401165,-49.329871,,False,1,1,2023-06-18T21:45:16.638239+00:00
CUR_MI004,Curitiba,4106902,1,,901,,,-25.428516,-49.272888,,False,1,2,2023-06-18T21:45:16.638239+00:00
CUR_HI045,Curitiba,4106902,1,,612,,,-25.500835,-49.322473,,False,1,1,2023-06-18T21:45:16.638239+00:00
CUR_HI041,Curitiba,4106902,1,,654,,,-25.491735,-49.294108,,False,1,1,2023-06-18T21:45:16.638239+00:00
CUR_BI852,Curitiba,4106902,1,,175,,,-25.423526,-49.275375,,False,7,1,2023-06-18T21:44:16.638239+00:00
CUR_BI890,Curitiba,4106902,1,,311,,,-25.438875,-49.216001,,False,7,1,2023-06-18T21:44:16.638239+00:00
CUR_BI012,Curitiba,4106902,1,,342,,,-25.413246,-49.20558,,False,1,1,2023-06-18T21:44:16.638239+00:00
CUR_BI013,Curitiba,4106902,1,,342,,,-25.394165,-49.228796,,False,1,2,2023-06-18T21:45:16.638239+00:00
CUR_BC020,Curitiba,4106902,1,,870,,,-25.429221,-49.293551,,False,1,1,2023-06-18T21:45:16.638239+00:00
CUR_BI025,Curitiba,4106902,1,,870,,,-25.430806,-49.352013,,False,1,2,2023-06-18T21:45:16.638239+00:00
CUR_BI892,Curitiba,4106902,1,,280,,,-25.37913,-49.233113,,False,7,1,2023-06-18T21:44:16.638239+00:00
CUR_HI851,Curitiba,4106902,1,,615,,,-25.476335,-49.292303,,False,7,1,2023-06-18T21:44:16.638239+00:00
CUR_GI051,Curitiba,4106902,1,,624,,,-25.520521,-49.26994,,False,1,2,2023-06-18T21:45:16.638239+00:00
CUR_HI602,Curitiba,4106902,1,Auto Viação São José,216,https://moovitapp.com/index/pt-br/transporte_p%C3%BAblico-line-216_PIT_PRA%C3%87A_DA_JUVENTUDE_SANTA_F%C3%89_PINDORAMA-Curitiba-942-857412-122004458-0,-1.0,-25.415758,-49.252303,,False,4,1,2023-06-18T21:45:16.638239+00:00
CUR_DA699,Curitiba,4106902,1,Auto Viação São José,216,https://moovitapp.com/index/pt-br/transporte_p%C3%BAblico-line-216_PIT_PRA%C3%87A_DA_JUVENTUDE_SANTA_F%C3%89_PINDORAMA-Curitiba-942-857412-122004458-0,-1.0,-25.443923,-49.24286,,False,4,2,2023-06-18T21:45:16.638239+00:00
CUR_HI609,Curitiba,4106902,1,Auto Viação São José,216,https://moovitapp.com/index/pt-br/transporte_p%C3%BAblico-line-216_PIT_PRA%C3%87A_DA_JUVENTUDE_SANTA_F%C3%89_PINDORAMA-Curitiba-942-857412-122004458-0,-1.0,-25.47623,-49.290388,,False,4,2,2023-06-18T21:44:16.638239+00:00
CUR_BI003,Curitiba,4106902,1,Auto Viação São José,211,https://moovitapp.com/index/pt-br/transporte_p%C3%BAblico-line-211_PIT_PRA%C3%87A_DA_JUVENTUDE_IZAURA_IP%C3%8A-Curitiba-942-857412-73553392-0,-1.0,-25.402701,-49.212803,,False,1,2,2023-06-18T21:45:16.638239+00:00
CUR_BA027,Curitiba,4106902,1,,182,,,-25.377468,-49.262483,,False,1,1,2023-06-18T21:45:16.638239+00:00
CUR_EI007,Curitiba,4106902,1,,522,,,-25.507176,-49.246895,,False,1,1,2023-06-18T21:44:16.638239+00:00
CUR_EI019,Curitiba,4106902,1,,511,,,-25.500318,-49.24606,,False,1,1,2023-06-18T21:45:16.638239+00:00
CUR_EI014,Curitiba,4106902,1,,533,,,-25.516811,-49.230593,,False,1,,2023-06-18T21:44:16.638239+00:00
CUR_EI002,Curitiba,4106902,1,,523,,,-25.503885,-49.22759,,False,1,2,2023-06-18T21:44:16.638239+00:00
CUR_BI899,Curitiba,4106902,1,,365,,,-25.419671,-49.232595,,False,7,2,2023-06-18T21:45:16.638239+00:00
CUR_BI884,Curitiba,4106902,1,,365,,,-25.445313,-49.294791,,False,7,1,2023-06-18T21:45:16.638239+00:00
CUR_BI010,Curitiba,4106902,1,,232,,,-25.355138,-49.234076,,False,1,2,2023-06-18T21:44:16.638239+00:00
CUR_JA029,Curitiba,4106902,1,,778,,,-25.457391,-49.325321,,False,1,1,2023-06-18T21:44:16.638239+00:00
CUR_JI857,Curitiba,4106902,1,,762,,,-25.442806,-49.270516,,False,7,2,2023-06-18T21:45:16.638239+00:00
CUR_JI858,Curitiba,4106902,1,,862,,,-25.447396,-49.310096,,False,7,1,2023-06-18T21:45:16.638239+00:00
CUR_JI948,Curitiba,4106902,1,,761,,,-25.46765,-49.298411,,False,7,1,2023-06-18T21:45:16.638239+00:00
CUR_GI010,Curitiba,4106902,1,,633,,,-25.526776,-49.290328,,False,1,2,2023-06-18T21:44:16.638239+00:00
CUR_GI006,Curitiba,4106902,1,,649,,,-25.524913,-49.281591,,False,1,1,2023-06-18T21:45:16.638239+00:00
CUR_GI004,Curitiba,4106902,1,,637,,,-25.525136,-49.2922,,False,1,2,2023-06-18T21:45:16.638239+00:00
CUR_GI858,Curitiba,4106902,1,,662,,,-25.453081,-49.265636,,False,7,2,2023-06-18T21:45:16.638239+00:00
CUR_GL329,Curitiba,4106902,1,URBS,506,https://moovitapp.com/index/pt-br/transporte_p%C3%BAblico-line-506_BAIRRO_NOVO-Curitiba-942-9628-294299-0,-1.0,-25.54856,-49.258603,,False,3,1,2023-06-18T21:44:16.638239+00:00
CUR_GL330,Curitiba,4106902,1,URBS,506,https://moovitapp.com/index/pt-br/transporte_p%C3%BAblico-line-506_BAIRRO_NOVO-Curitiba-942-9628-294299-0,-1.0,-25.436333,-49.271133,,False,3,2,2023-06-18T21:43:16.638239+00:00
CUR_EL329,Curitiba,4106902,1,URBS,506,https://moovitapp.com/index/pt-br/transporte_p%C3%BAblico-line-506_BAIRRO_NOVO-Curitiba-942-9628-294299-0,-1.0,-25.4765,-49.25969,,False,3,2,2023-06-18T21:44:16.638239+00:00
CUR_EL332,Curitiba,4106902,1,URBS,506,https://moovitapp.com/index/pt-br/transporte_p%C3%BAblico-line-506_BAIRRO_NOVO-Curitiba-942-9628-294299-0,-1.0,-25.515258,-49.276316,,False,3,1,2023-06-18T21:44:16.638239+00:00
CUR_HI013,Curitiba,4106902,1,,826,,,-25.486325,-49.346331,,False,1,1,2023-06-18T21:44:16.638239+00:00
CUR_HI008,Curitiba,4106902,1,,828,,,-25.444193,-49.34368,,False,1,1,2023-06-18T21:44:16.638239+00:00
CUR_JA022,Curitiba,4106902,1,,828,,,-25.48501,-49.321018,,False,1,2,2023-06-18T21:45:16.638239+00:00
CUR_JI861,Curitiba,4106902,1,,760,,,-25.453608,-49.299831,,False,7,1,2023-06-18T21:45:16.638239+00:00
CUR_BC009,Curitiba,4106902,1,,812,,,-25.435703,-49.30703,,False,1,2,2023-06-18T21:45:16.638239+00:00
CUR_DC294,Curitiba,4106902,1,,332,,,-25.468231,-49.191795,,False,1,,2023-06-18T21:45:16.638239+00:00
CUR_BI865,Curitiba,4106902,1,,876,,,-25.414846,-49.35104,,False,7,1,2023-06-18T21:44:16.638239+00:00
CUR_BI864,Curitiba,4106902,1,,876,,,-25.432545,-49.278485,,False,7,1,2023-06-18T21:44:16.638239+00:00
CUR_BC018,Curitiba,4106902,1,,166,,,-25.423485,-49.275576,,False,1,2,2023-06-18T21:45:16.638239+00:00
CUR_BC006,Curitiba,4106902,1,,170,,,-25.381751,-49.300738,,False,1,1,2023-06-18T21:44:16.638239+00:00
CUR_BI029,Curitiba,4106902,1,,010,,,-25.435385,-49.261331,,False,1,,2023-06-18T21:44:16.638239+00:00
CUR_BI030,Curitiba,4106902,1,,011,,,-25.432053,-49.295081,,False,1,,2023-06-18T21:44:16.638239+00:00
CUR_HI028,Curitiba,4106902,1,,680,,,-25.579756,-49.317216,,False,1,1,2023-06-18T21:45:16.638239+00:00
CUR_BI874,Curitiba,4106902,1,,236,,,-25.352083,-49.246273,,False,7,1,2023-06-18T21:44:16.638239+00:00
CUR_BI872,Curitiba,4106902,1,,242,,,-25.366553,-49.260056,,False,7,1,2023-06-18T21:44:16.638239+00:00
CUR_DN400,Curitiba,4106902,1,,321,,,-25.450398,-49.204193,,False,7,2,2023-06-18T21:44:16.638239+00:00
CUR_BC001,Curitiba,4106902,1,,375,,,-25.427701,-49.237678,,False,1,1,2023-06-18T21:44:16.638239+00:00
CUR_CI006,Curitiba,4106902,1,,380,,,-25.444735,-49.303943,,False,1,2,2023-06-18T21:44:16.638239+00:00
CUR_CI003,Curitiba,4106902,1,,380,,,-25.431851,-49.212158,,False,1,1,2023-06-18T21:44:16.638239+00:00
CUR_BI002,Curitiba,4106902,1,,374,,,-25.417226,-49.256925,,False,1,1,2023-06-18T21:44:16.638239+00:00
CUR_BI876,Curitiba,4106902,1,,371,,,-25.419091,-49.229496,,False,7,1,2023-06-18T21:44:16.638239+00:00
CUR_BI888,Curitiba,4106902,1,,371,,,-25.421703,-49.225741,,False,7,2,2023-06-18T21:45:16.638239+00:00
CUR_DC850,Curitiba,4106902,1,,477,,,-25.466515,-49.231841,,False,7,2,2023-06-18T21:44:16.638239+00:00
CUR_DN607,Curitiba,4106902,1,,468,,,-25.492606,-49.207683,,False,7,1,2023-06-18T21:44:16.638239+00:00
CUR_DA298,Curitiba,4106902,1,,468,,,-25.43818,-49.263006,,False,1,2,2023-06-18T21:45:16.638239+00:00
CUR_DN608,Curitiba,4106902,1,,463,,,-25.443255,-49.245203,,False,7,1,2023-06-18T21:44:16.638239+00:00
CUR_BC307,Curitiba,4106902,1,,207,,,-25.421098,-49.274611,,False,3,2,2023-06-18T21:45:16.638239+00:00
CUR_BI017,Curitiba,4106902,1,,226,,,-25.369801,-49.243338,,False,1,2,2023-06-18T21:42:16.638239+00:00
CUR_DC854,Curitiba,4106902,1,,474,,,-25.449941,-49.245298,,False,7,2,2023-06-18T21:45:16.638239+00:00
CUR_BC024,Curitiba,4106902,1,,372,,,-25.428538,-49.229596,,False,1,1,2023-06-18T21:44:16.638239+00:00
CUR_EL327,Curitiba,4106902,1,URBS,505,https://moovitapp.com/index/pt-br/transporte_p%C3%BAblico-line-505_BOQUEIR%C3%83O_CENTRO_C%C3%8DVICO-Curitiba-942-9628-531685-0,-1.0,-25.466941,-49.254096,,False,3,1,2023-06-18T21:45:16.638239+00:00
CUR_BL306,Curitiba,4106902,0,URBS,505,https://moovitapp.com/index/pt-br/transporte_p%C3%BAblico-line-505_BOQUEIR%C3%83O_CENTRO_C%C3%8DVICO-Curitiba-942-9628-531685-0,-1.0,-25.463198,-49.256231,,False,3,1,2023-06-18T21:44:16.638239+00:00
CUR_BL312,Curitiba,4106902,0,URBS,505,https://moovitapp.com/index/pt-br/transporte_p%C3%BAblico-line-505_BOQUEIR%C3%83O_CENTRO_C%C3%8DVICO-Curitiba-942-9628-531685-0,-1.0,-25.410758,-49.266135,,False,3,2,2023-06-18T21:44:16.638239+00:00
CUR_EI001,Curitiba,4106902,1,,561,,,-25.481276,-49.268923,,False,1,1,2023-06-18T21:45:16.638239+00:00
CUR_HI006,Curitiba,4106902,1,,623,,,-25.506736,-49.300963,,False,1,1,2023-06-18T21:45:16.638239+00:00
CUR_HC852,Curitiba,4106902,1,,670,,,-25.449846,-49.284431,,False,7,2,2023-06-18T21:45:16.638239+00:00
CUR_EA022,Curitiba,4106902,1,,512,,,-25.507785,-49.267181,,False,1,1,2023-06-18T21:45:16.638239+00:00
CUR_EI016,Curitiba,4106902,1,,532,,,-25.5183,-49.230738,,False,1,1,2023-06-18T21:44:16.638239+00:00
CUR_JI862,Curitiba,4106902,1,,711,,,-25.477321,-49.3269,,False,7,2,2023-06-18T21:45:16.638239+00:00
CUR_HI036,Curitiba,4106902,1,,646,,,-25.58861,-49.327381,,False,1,1,2023-06-18T21:44:16.638239+00:00
CUR_HI021,Curitiba,4106902,1,,646,,,-25.534831,-49.301303,,False,1,2,2023-06-18T21:44:16.638239+00:00
CUR_GI050,Curitiba,4106902,1,,541,,,-25.534153,-49.267301,,False,1,1,2023-06-18T21:44:16.638239+00:00
CUR_MI856,Curitiba,4106902,1,,817,,,-25.412243,-49.331176,,False,7,1,2023-06-18T21:44:16.638239+00:00
CUR_BI855,Curitiba,4106902,1,,817,,,-25.43531,-49.313996,,False,7,2,2023-06-18T21:45:16.638239+00:00
CUR_DC293,Curitiba,4106902,1,,336,,,-25.469605,-49.197018,,False,1,1,2023-06-18T21:45:16.638239+00:00
CUR_HI020,Curitiba,4106902,1,,659,,,-25.635121,-49.353828,,False,1,1,2023-06-18T21:44:16.638239+00:00
CUR_HI024,Curitiba,4106902,1,,659,,,-25.515185,-49.294061,,False,1,2,2023-06-18T21:44:16.638239+00:00
CUR_JI860,Curitiba,4106902,1,,820,,,-25.464286,-49.368965,,False,7,2,2023-06-18T21:45:16.638239+00:00
CUR_MI853,Curitiba,4106902,1,,967,,,-25.429346,-49.271148,,False,7,2,2023-06-18T21:45:16.638239+00:00
CUR_BI893,Curitiba,4106902,1,,272,,,-25.421181,-49.269418,,False,7,2,2023-06-18T21:45:16.638239+00:00
CUR_MT012,Curitiba,4106902,0,,979,,,-25.419315,-49.294395,,False,3,,2023-06-18T21:32:16.638239+00:00
CUR_MI851,Curitiba,4106902,1,Auto Viação São José,150,https://moovitapp.com/index/pt-br/transporte_p%C3%BAblico-line-150_T_AFONSO_PENA_PIT_BORDA_DO_CAMPO-Curitiba-942-857412-53904521-0,-1.0,-25.419701,-49.294436,,False,7,,2023-06-18T21:40:16.638239+00:00
CUR_MT008,Curitiba,4106902,1,,979,,,-25.419736,-49.294083,,False,3,,2023-06-18T21:34:16.638239+00:00
CUR_KA605,Curitiba,4106902,1,,629,,,-25.49259,-49.291805,,False,4,2,2023-06-18T21:44:16.638239+00:00
CUR_KA603,Curitiba,4106902,1,,629,,,-25.533301,-49.238801,,False,4,1,2023-06-18T21:44:16.638239+00:00
CUR_HI033,Curitiba,4106902,1,,653,,,-25.495768,-49.340931,,False,1,1,2023-06-18T21:44:16.638239+00:00
CUR_GI049,Curitiba,4106902,1,,625,,,-25.518368,-49.277051,,False,1,1,2023-06-18T21:45:16.638239+00:00
CUR_HI860,Curitiba,4106902,1,,674,,,-25.478135,-49.31172,,False,7,2,2023-06-18T21:43:16.638239+00:00
CUR_GI018,Curitiba,4106902,1,,642,,,-25.55922,-49.26955,,False,1,1,2023-06-18T21:45:16.638239+00:00
CUR_EI015,Curitiba,4106902,1,Auto Viação São José,531,https://moovitapp.com/index/pt-br/transporte_p%C3%BAblico-line-531_BAIRRO_A_BAIRRO_1-Curitiba-942-857412-1570571-0,-1.0,-25.530915,-49.244716,,False,1,2,2023-06-18T21:45:16.638239+00:00
CUR_BI882,Curitiba,4106902,1,,184,,,-25.374776,-49.274001,,False,7,1,2023-06-18T21:45:16.638239+00:00
CUR_HI856,Curitiba,4106902,1,,600,,,-25.554668,-49.306843,,False,7,1,2023-06-18T21:44:16.638239+00:00
CUR_EA021,Curitiba,4106902,1,,X03,,,-25.519583,-49.231298,,False,1,1,2023-06-18T21:44:16.638239+00:00
CUR_DC086,Curitiba,4106902,1,,323,,,-25.452143,-49.214888,,False,1,,2023-06-18T21:43:16.638239+00:00
CUR_HI850,Curitiba,4106902,1,,265,,,-25.428806,-49.273426,,False,7,2,2023-06-18T21:45:16.638239+00:00
CUR_HI019,Curitiba,4106902,1,,712,,,-25.511585,-49.324418,,False,1,1,2023-06-18T21:45:16.638239+00:00
CUR_EA027,Curitiba,4106902,1,,X06,,,-25.534376,-49.267996,,False,1,2,2023-06-18T21:45:16.638239+00:00
CUR_BI894,Curitiba,4106902,1,,181,,,-25.408003,-49.271828,,False,7,1,2023-06-18T21:45:16.638239+00:00
CUR_BI863,Curitiba,4106902,1,,274,,,-25.397911,-49.256783,,False,7,1,2023-06-18T21:45:16.638239+00:00
CUR_MN611,Curitiba,4106902,1,,965,,,-25.424543,-49.290435,,False,7,1,2023-06-18T21:45:16.638239+00:00
CUR_BI862,Curitiba,4106902,1,,176,,,-25.376281,-49.282253,,False,7,1,2023-06-18T21:44:16.638239+00:00
CUR_BI885,Curitiba,4106902,1,,361,,,-25.420595,-49.260658,,False,7,2,2023-06-18T21:45:16.638239+00:00
CUR_MN610,Curitiba,4106902,1,Auto Viação São José,150,https://moovitapp.com/index/pt-br/transporte_p%C3%BAblico-line-150_T_AFONSO_PENA_PIT_BORDA_DO_CAMPO-Curitiba-942-857412-53904521-0,-1.0,-25.40848,-49.299855,,False,7,2,2023-06-18T21:44:16.638239+00:00
CUR_DN601,Curitiba,4106902,1,,461,,,-25.444126,-49.239351,,False,7,2,2023-06-18T21:44:16.638239+00:00
CUR_BI898,Curitiba,4106902,1,,169,,,-25.41653,-49.274143,,False,7,2,2023-06-18T21:45:16.638239+00:00
CUR_DC852,Curitiba,4106902,1,,464,,,-25.431488,-49.27173,,False,7,1,2023-06-18T21:45:16.638239+00:00
CUR_BI895,Curitiba,4106902,1,,171,,,-25.41269,-49.27979,,False,7,1,2023-06-18T21:45:16.638239+00:00
CUR_BI868,Curitiba,4106902,1,,385,,,-25.435828,-49.257058,,False,7,1,2023-06-18T21:44:16.638239+00:00
CUR_GI854,Curitiba,4106902,1,,635,,,-25.518668,-49.295563,,False,7,1,2023-06-18T21:45:16.638239+00:00
CUR_DN606,Curitiba,4106902,0,,560,,,-25.435253,-49.27355,,False,7,2,2023-06-18T21:44:16.638239+00:00
CUR_JI859,Curitiba,4106902,1,,814,,,-25.437851,-49.335248,,False,7,2,2023-06-18T21:45:16.638239+00:00
CUR_BC031,Curitiba,4106902,1,,373,,,-25.416146,-49.204571,,False,1,2,2023-06-18T21:41:16.638239+00:00
CUR_BI891,Curitiba,4106902,1,,816,,,-25.434906,-49.314443,,False,7,1,2023-06-18T21:44:16.638239+00:00
CUR_GC018,Curitiba,4106902,1,,641,,,-25.539043,-49.29466,,False,1,2,2023-06-18T21:44:16.638239+00:00
CUR_BI881,Curitiba,4106902,1,,237,,,-25.375445,-49.212133,,False,7,,2023-06-18T21:44:16.638239+00:00
CUR_GI853,Curitiba,4106902,1,,794,,,-25.57545,-49.276646,,False,7,1,2023-06-18T21:44:16.638239+00:00
CUR_BI857,Curitiba,4106902,1,,177,,,-25.406948,-49.2526,,False,7,1,2023-06-18T21:43:16.638239+00:00
CUR_BT008,Curitiba,4106902,0,,979,,,-25.429448,-49.269313,,False,3,,2023-06-18T21:44:16.638239+00:00
CUR_MT013,Curitiba,4106902,0,,979,,,-25.423346,-49.307693,,False,3,,2023-06-18T21:44:16.638239+00:00
CUR_MT010,Curitiba,4106902,0,,979,,,-25.422403,-49.292391,,False,3,,2023-06-18T21:42:16.638239+00:00
CUR_MT009,Curitiba,4106902,0,,979,,,-25.387258,-49.30458,,False,3,,2023-06-18T21:45:16.638239+00:00
CUR_MT011,Curitiba,4106902,0,,979,,,-25.380645,-49.279763,,False,3,,2023-06-18T21:45:16.638239+00:00
CUR_BT006,Curitiba,4106902,0,,979,,,-25.39722,-49.287855,,False,3,,2023-06-18T21:44:16.638239+00:00
CUR_BT007,Curitiba,4106902,0,,979,,,-25.410246,-49.271368,,False,3,,2023-06-18T21:43:16.638239+00:00
