bus_id,city,city_code,adapted,agency,line_code,line_url,line_fare,latitude,longitude,bus_speed,is_eletric,bus_type,bus_direction,updated_at
CUR_DN400,Curitiba,4106902,1,,516,,,-25.48203,-49.246651,,False,7,1,2023-06-14T09:48:58.647362+00:00
CUR_BI859,Curitiba,4106902,1,Auto Viação São José,213,https://moovitapp.com/index/pt-br/transporte_p%C3%BAblico-line-213_PIT_PRA%C3%87A_DA_JUVENTUDE_CRISTAL_BLANCO_POMBO_HOR%C3%81RIO-Curitiba-942-857412-119631272-0,-1.0,-25.401831,-49.242813,,False,7,1,2023-06-14T09:48:58.647362+00:00
CUR_BI882,Curitiba,4106902,1,Auto Viação São José,213,https://moovitapp.com/index/pt-br/transporte_p%C3%BAblico-line-213_PIT_PRA%C3%87A_DA_JUVENTUDE_CRISTAL_BLANCO_POMBO_HOR%C3%81RIO-Curitiba-942-857412-119631272-0,-1.0,-25.392611,-49.21863,,False,7,2,2023-06-14T09:47:58.647362+00:00
CUR_BI872,Curitiba,4106902,1,,272,,,-25.36985,-49.251546,,False,7,1,2023-06-14T09:44:58.647362+00:00
CUR_BI865,Curitiba,4106902,1,,272,,,-25.395231,-49.25743,,False,7,2,2023-06-14T09:48:58.647362+00:00
CUR_BI893,Curitiba,4106902,1,,272,,,-25.374333,-49.252181,,False,7,1,2023-06-14T09:47:58.647362+00:00
CUR_JI014,Curitiba,4106902,1,,712,,,-25.47725,-49.327776,,False,1,1,2023-06-14T09:48:58.647362+00:00
CUR_JI021,Curitiba,4106902,1,,712,,,-25.503026,-49.337941,,False,1,2,2023-06-14T09:48:58.647362+00:00
CUR_JI001,Curitiba,4106902,1,,712,,,-25.511213,-49.325586,,False,1,2,2023-06-14T09:48:58.647362+00:00
CUR_MC079,Curitiba,4106902,1,,972,,,-25.400598,-49.330515,,False,1,1,2023-06-14T09:48:58.647362+00:00
CUR_MC080,Curitiba,4106902,1,,972,,,-25.415741,-49.297363,,False,1,2,2023-06-14T09:48:58.647362+00:00
CUR_GA003,Curitiba,4106902,1,,637,,,-25.542973,-49.276283,,False,1,1,2023-06-14T09:48:58.647362+00:00
CUR_GI046,Curitiba,4106902,1,,637,,,-25.531668,-49.287416,,False,1,2,2023-06-14T09:48:58.647362+00:00
CUR_BB614,Curitiba,4106902,1,,021,,,-25.436683,-49.21878,,False,4,,2023-06-14T09:44:58.647362+00:00
CUR_EB605,Curitiba,4106902,1,,021,,,-25.477976,-49.298153,,False,4,,2023-06-14T09:48:58.647362+00:00
CUR_EB603,Curitiba,4106902,1,,021,,,-25.496203,-49.278,,False,4,,2023-06-14T09:48:58.647362+00:00
CUR_KB602,Curitiba,4106902,1,,021,,,-25.406853,-49.25264,,False,4,,2023-06-14T09:48:58.647362+00:00
CUR_KB600,Curitiba,4106902,1,,021,,,-25.393603,-49.284158,,False,4,,2023-06-14T09:48:58.647362+00:00
CUR_GR126,Curitiba,4106902,1,,021,,,-25.389021,-49.263971,,False,4,,2023-06-14T09:48:58.647362+00:00
CUR_CB604,Curitiba,4106902,1,,021,,,-25.472138,-49.237626,,False,4,,2023-06-14T09:48:58.647362+00:00
CUR_BB600,Curitiba,4106902,1,,021,,,-25.469626,-49.300253,,False,4,,2023-06-14T09:47:58.647362+00:00
CUR_BB606,Curitiba,4106902,1,,021,,,-25.481743,-49.249201,,False,4,,2023-06-14T09:48:58.647362+00:00
CUR_GB601,Curitiba,4106902,1,,021,,,-25.418091,-49.240793,,False,4,,2023-06-14T09:48:58.647362+00:00
CUR_BB615,Curitiba,4106902,1,,021,,,-25.450248,-49.225901,,False,4,,2023-06-14T09:48:58.647362+00:00
CUR_JI020,Curitiba,4106902,1,,828,,,-25.441621,-49.344971,,False,1,1,2023-06-14T09:48:58.647362+00:00
CUR_JA031,Curitiba,4106902,1,,828,,,-25.477361,-49.32695,,False,1,2,2023-06-14T09:48:58.647362+00:00
CUR_GI014,Curitiba,4106902,1,,542,,,-25.534406,-49.268221,,False,1,,2023-06-14T09:47:58.647362+00:00
CUR_GI056,Curitiba,4106902,1,,542,,,-25.547311,-49.260873,,False,1,,2023-06-14T09:48:58.647362+00:00
CUR_GC005,Curitiba,4106902,1,,542,,,-25.546881,-49.270535,,False,1,,2023-06-14T09:48:58.647362+00:00
CUR_GI055,Curitiba,4106902,1,,542,,,-25.551308,-49.266925,,False,1,,2023-06-14T09:48:58.647362+00:00
CUR_GI032,Curitiba,4106902,1,,542,,,-25.535031,-49.269411,,False,1,,2023-06-14T09:48:58.647362+00:00
CUR_MN609,Curitiba,4106902,1,,967,,,-25.405986,-49.302813,,False,7,2,2023-06-14T09:48:58.647362+00:00
CUR_MI853,Curitiba,4106902,1,,967,,,-25.42293,-49.281516,,False,7,1,2023-06-14T09:48:58.647362+00:00
CUR_EB608,Curitiba,4106902,1,,050,,,-25.476905,-49.314815,,False,4,1,2023-06-14T09:48:58.647362+00:00
CUR_JB606,Curitiba,4106902,1,,050,,,-25.454308,-49.231593,,False,4,2,2023-06-14T09:48:58.647362+00:00
CUR_EB600,Curitiba,4106902,1,,050,,,-25.451205,-49.215065,,False,4,2,2023-06-14T09:48:58.647362+00:00
CUR_GB611,Curitiba,4106902,1,,050,,,-25.476908,-49.296913,,False,4,1,2023-06-14T09:48:58.647362+00:00
CUR_JB611,Curitiba,4106902,1,,050,,,-25.453838,-49.230203,,False,4,2,2023-06-14T09:48:58.647362+00:00
CUR_EA600,Curitiba,4106902,1,,050,,,-25.456758,-49.25193,,False,4,2,2023-06-14T09:48:58.647362+00:00
CUR_GB608,Curitiba,4106902,1,,050,,,-25.449213,-49.261898,,False,4,2,2023-06-14T09:48:58.647362+00:00
CUR_EB601,Curitiba,4106902,1,,050,,,-25.476393,-49.292361,,False,4,1,2023-06-14T09:48:58.647362+00:00
CUR_JB604,Curitiba,4106902,1,,050,,,-25.455578,-49.267516,,False,4,1,2023-06-14T09:48:58.647362+00:00
CUR_KB693,Curitiba,4106902,0,,050,,,-25.476491,-49.315733,,False,4,1,2023-06-14T09:48:58.647362+00:00
CUR_KB699,Curitiba,4106902,0,,050,,,-25.475915,-49.287555,,False,4,2,2023-06-14T09:48:58.647362+00:00
CUR_BL311,Curitiba,4106902,0,URBS,700,https://moovitapp.com/index/pt-br/transporte_p%C3%BAblico-line-700_PINHEIRINHO_CABRAL-Curitiba-942-9628-757429-0,-1.0,-25.511135,-49.294245,,False,3,2,2023-06-14T09:48:58.647362+00:00
CUR_BL306,Curitiba,4106902,0,URBS,700,https://moovitapp.com/index/pt-br/transporte_p%C3%BAblico-line-700_PINHEIRINHO_CABRAL-Curitiba-942-9628-757429-0,-1.0,-25.41976,-49.26917,,False,3,2,2023-06-14T09:47:58.647362+00:00
CUR_BL313,Curitiba,4106902,0,URBS,700,https://moovitapp.com/index/pt-br/transporte_p%C3%BAblico-line-700_PINHEIRINHO_CABRAL-Curitiba-942-9628-757429-0,-1.0,-25.443515,-49.268181,,False,3,1,2023-06-14T09:46:58.647362+00:00
CUR_BL325,Curitiba,4106902,0,URBS,700,https://moovitapp.com/index/pt-br/transporte_p%C3%BAblico-line-700_PINHEIRINHO_CABRAL-Curitiba-942-9628-757429-0,-1.0,-25.476433,-49.292125,,False,3,1,2023-06-14T09:46:58.647362+00:00
CUR_JL313,Curitiba,4106902,0,URBS,702,https://moovitapp.com/index/pt-br/transporte_p%C3%BAblico-line-702_CAIU%C3%81_CACHOEIRA-Curitiba-942-9628-133282980-0,-1.0,-25.44179,-49.26853,,False,3,2,2023-06-14T09:48:58.647362+00:00
CUR_JL319,Curitiba,4106902,0,URBS,702,https://moovitapp.com/index/pt-br/transporte_p%C3%BAblico-line-702_CAIU%C3%81_CACHOEIRA-Curitiba-942-9628-133282980-0,-1.0,-25.414596,-49.266086,,False,3,1,2023-06-14T09:48:58.647362+00:00
CUR_JL322,Curitiba,4106902,1,URBS,702,https://moovitapp.com/index/pt-br/transporte_p%C3%BAblico-line-702_CAIU%C3%81_CACHOEIRA-Curitiba-942-9628-133282980-0,-1.0,-25.433373,-49.263505,,False,3,1,2023-06-14T09:48:58.647362+00:00
CUR_JL300,Curitiba,4106902,0,URBS,702,https://moovitapp.com/index/pt-br/transporte_p%C3%BAblico-line-702_CAIU%C3%81_CACHOEIRA-Curitiba-942-9628-133282980-0,-1.0,-25.45899,-49.302393,,False,3,1,2023-06-14T09:48:58.647362+00:00
CUR_JL311,Curitiba,4106902,0,URBS,702,https://moovitapp.com/index/pt-br/transporte_p%C3%BAblico-line-702_CAIU%C3%81_CACHOEIRA-Curitiba-942-9628-133282980-0,-1.0,-25.48169,-49.33724,,False,3,1,2023-06-14T09:48:58.647362+00:00
CUR_JL302,Curitiba,4106902,0,URBS,702,https://moovitapp.com/index/pt-br/transporte_p%C3%BAblico-line-702_CAIU%C3%81_CACHOEIRA-Curitiba-942-9628-133282980-0,-1.0,-25.4817,-49.35085,,False,3,1,2023-06-14T09:48:58.647362+00:00
CUR_JL303,Curitiba,4106902,0,URBS,702,https://moovitapp.com/index/pt-br/transporte_p%C3%BAblico-line-702_CAIU%C3%81_CACHOEIRA-Curitiba-942-9628-133282980-0,-1.0,-25.483628,-49.348755,,False,3,1,2023-06-14T09:46:58.647362+00:00
CUR_DA011,Curitiba,4106902,1,,322,,,-25.4582,-49.20759,,False,1,1,2023-06-14T09:48:58.647362+00:00
CUR_DA019,Curitiba,4106902,0,,322,,,-25.46172,-49.204438,,False,1,2,2023-06-14T09:48:58.647362+00:00
CUR_MA003,Curitiba,4106902,1,,917,,,-25.400668,-49.33094,,False,1,1,2023-06-14T09:46:58.647362+00:00
CUR_MC303,Curitiba,4106902,1,,917,,,-25.384255,-49.33486,,False,3,1,2023-06-14T09:48:58.647362+00:00
CUR_JI604,Curitiba,4106902,1,,703,,,-25.477006,-49.336405,,False,4,1,2023-06-14T09:48:58.647362+00:00
CUR_JC305,Curitiba,4106902,1,,703,,,-25.477953,-49.325666,,False,3,1,2023-06-14T09:48:58.647362+00:00
CUR_JI603,Curitiba,4106902,1,,703,,,-25.452688,-49.297598,,False,4,2,2023-06-14T09:48:58.647362+00:00
CUR_JC314,Curitiba,4106902,1,,703,,,-25.434791,-49.272185,,False,3,2,2023-06-14T09:48:58.647362+00:00
CUR_JI301,Curitiba,4106902,1,,703,,,-25.445881,-49.274258,,False,3,2,2023-06-14T09:48:58.647362+00:00
CUR_JI300,Curitiba,4106902,0,,703,,,-25.464358,-49.309556,,False,3,2,2023-06-14T09:48:58.647362+00:00
CUR_JC303,Curitiba,4106902,1,,703,,,-25.482133,-49.351343,,False,3,1,2023-06-14T09:48:58.647362+00:00
CUR_JI601,Curitiba,4106902,1,,703,,,-25.449191,-49.365568,,False,4,1,2023-06-14T09:48:58.647362+00:00
CUR_BE714,Curitiba,4106902,0,URBS,203,https://moovitapp.com/index/pt-br/transporte_p%C3%BAblico-line-203_SANTA_C%C3%82NDIDA_CAP%C3%83O_RASO-Curitiba-942-9628-1323737-0,-1.0,-25.428105,-49.268376,,False,5,2,2023-06-14T09:45:58.647362+00:00
CUR_GD342,Curitiba,4106902,0,URBS,203,https://moovitapp.com/index/pt-br/transporte_p%C3%BAblico-line-203_SANTA_C%C3%82NDIDA_CAP%C3%83O_RASO-Curitiba-942-9628-1323737-0,-1.0,-25.413295,-49.25893,,False,5,2,2023-06-14T09:48:58.647362+00:00
CUR_BE716,Curitiba,4106902,0,URBS,203,https://moovitapp.com/index/pt-br/transporte_p%C3%BAblico-line-203_SANTA_C%C3%82NDIDA_CAP%C3%83O_RASO-Curitiba-942-9628-1323737-0,-1.0,-25.412008,-49.257666,,False,5,1,2023-06-14T09:48:58.647362+00:00
CUR_BD140,Curitiba,4106902,0,URBS,203,https://moovitapp.com/index/pt-br/transporte_p%C3%BAblico-line-203_SANTA_C%C3%82NDIDA_CAP%C3%83O_RASO-Curitiba-942-9628-1323737-0,-1.0,-25.430653,-49.267406,,False,5,1,2023-06-14T09:47:58.647362+00:00
CUR_BE715,Curitiba,4106902,0,URBS,203,https://moovitapp.com/index/pt-br/transporte_p%C3%BAblico-line-203_SANTA_C%C3%82NDIDA_CAP%C3%83O_RASO-Curitiba-942-9628-1323737-0,-1.0,-25.452878,-49.287696,,False,5,1,2023-06-14T09:47:58.647362+00:00
CUR_GE736,Curitiba,4106902,0,URBS,203,https://moovitapp.com/index/pt-br/transporte_p%C3%BAblico-line-203_SANTA_C%C3%82NDIDA_CAP%C3%83O_RASO-Curitiba-942-9628-1323737-0,-1.0,-25.39864,-49.245218,,False,5,2,2023-06-14T09:48:58.647362+00:00
CUR_GE726,Curitiba,4106902,0,URBS,203,https://moovitapp.com/index/pt-br/transporte_p%C3%BAblico-line-203_SANTA_C%C3%82NDIDA_CAP%C3%83O_RASO-Curitiba-942-9628-1323737-0,-1.0,-25.377678,-49.225995,,False,5,1,2023-06-14T09:48:58.647362+00:00
CUR_BE702,Curitiba,4106902,0,URBS,203,https://moovitapp.com/index/pt-br/transporte_p%C3%BAblico-line-203_SANTA_C%C3%82NDIDA_CAP%C3%83O_RASO-Curitiba-942-9628-1323737-0,-1.0,-25.483096,-49.293186,,False,5,1,2023-06-14T09:46:58.647362+00:00
CUR_BD135,Curitiba,4106902,0,URBS,203,https://moovitapp.com/index/pt-br/transporte_p%C3%BAblico-line-203_SANTA_C%C3%82NDIDA_CAP%C3%83O_RASO-Curitiba-942-9628-1323737-0,-1.0,-25.391706,-49.238828,,False,5,1,2023-06-14T09:46:58.647362+00:00
CUR_BD150,Curitiba,4106902,0,URBS,203,https://moovitapp.com/index/pt-br/transporte_p%C3%BAblico-line-203_SANTA_C%C3%82NDIDA_CAP%C3%83O_RASO-Curitiba-942-9628-1323737-0,-1.0,-25.466606,-49.292236,,False,5,1,2023-06-14T09:47:58.647362+00:00
CUR_GE704,Curitiba,4106902,0,URBS,203,https://moovitapp.com/index/pt-br/transporte_p%C3%BAblico-line-203_SANTA_C%C3%82NDIDA_CAP%C3%83O_RASO-Curitiba-942-9628-1323737-0,-1.0,-25.440593,-49.274643,,False,5,1,2023-06-14T09:48:58.647362+00:00
CUR_BE727,Curitiba,4106902,0,URBS,203,https://moovitapp.com/index/pt-br/transporte_p%C3%BAblico-line-203_SANTA_C%C3%82NDIDA_CAP%C3%83O_RASO-Curitiba-942-9628-1323737-0,-1.0,-25.475076,-49.2932,,False,5,2,2023-06-14T09:47:58.647362+00:00
CUR_BE719,Curitiba,4106902,0,URBS,203,https://moovitapp.com/index/pt-br/transporte_p%C3%BAblico-line-203_SANTA_C%C3%82NDIDA_CAP%C3%83O_RASO-Curitiba-942-9628-1323737-0,-1.0,-25.4883,-49.294206,,False,5,2,2023-06-14T09:48:58.647362+00:00
CUR_BE717,Curitiba,4106902,0,URBS,203,https://moovitapp.com/index/pt-br/transporte_p%C3%BAblico-line-203_SANTA_C%C3%82NDIDA_CAP%C3%83O_RASO-Curitiba-942-9628-1323737-0,-1.0,-25.418786,-49.263951,,False,5,1,2023-06-14T09:47:58.647362+00:00
CUR_BE706,Curitiba,4106902,0,URBS,203,https://moovitapp.com/index/pt-br/transporte_p%C3%BAblico-line-203_SANTA_C%C3%82NDIDA_CAP%C3%83O_RASO-Curitiba-942-9628-1323737-0,-1.0,-25.441635,-49.277223,,False,5,2,2023-06-14T09:46:58.647362+00:00
CUR_BD139,Curitiba,4106902,0,URBS,203,https://moovitapp.com/index/pt-br/transporte_p%C3%BAblico-line-203_SANTA_C%C3%82NDIDA_CAP%C3%83O_RASO-Curitiba-942-9628-1323737-0,-1.0,-25.396981,-49.243801,,False,5,2,2023-06-14T09:45:58.647362+00:00
CUR_BE722,Curitiba,4106902,0,URBS,203,https://moovitapp.com/index/pt-br/transporte_p%C3%BAblico-line-203_SANTA_C%C3%82NDIDA_CAP%C3%83O_RASO-Curitiba-942-9628-1323737-0,-1.0,-25.439543,-49.271673,,False,5,2,2023-06-14T09:47:58.647362+00:00
CUR_BE707,Curitiba,4106902,0,URBS,203,https://moovitapp.com/index/pt-br/transporte_p%C3%BAblico-line-203_SANTA_C%C3%82NDIDA_CAP%C3%83O_RASO-Curitiba-942-9628-1323737-0,-1.0,-25.439526,-49.271555,,False,5,1,2023-06-14T09:47:58.647362+00:00
CUR_GI859,Curitiba,4106902,1,,662,,,-25.443386,-49.271351,,False,7,1,2023-06-14T09:48:58.647362+00:00
CUR_GI858,Curitiba,4106902,1,,662,,,-25.474596,-49.273758,,False,7,2,2023-06-14T09:48:58.647362+00:00
CUR_DL301,Curitiba,4106902,0,URBS,305,https://moovitapp.com/index/pt-br/transporte_p%C3%BAblico-line-305_CENTEN%C3%81RIO-Curitiba-942-9628-294271-0,-1.0,-25.444068,-49.24193,,False,3,1,2023-06-14T09:48:58.647362+00:00
CUR_BI014,Curitiba,4106902,1,,924,,,-25.402286,-49.32698,,False,1,2,2023-06-14T09:48:58.647362+00:00
CUR_BI023,Curitiba,4106902,1,,924,,,-25.383645,-49.281616,,False,1,1,2023-06-14T09:47:58.647362+00:00
CUR_BI016,Curitiba,4106902,1,,924,,,-25.37576,-49.27604,,False,1,2,2023-06-14T09:47:58.647362+00:00
CUR_BI019,Curitiba,4106902,1,,924,,,-25.3889,-49.298683,,False,1,1,2023-06-14T09:44:58.647362+00:00
CUR_MA011,Curitiba,4106902,1,,924,,,-25.368373,-49.267231,,False,1,2,2023-06-14T09:48:58.647362+00:00
CUR_MI004,Curitiba,4106902,1,,924,,,-25.369666,-49.26909,,False,1,2,2023-06-14T09:48:58.647362+00:00
CUR_MI003,Curitiba,4106902,1,,924,,,-25.377925,-49.316096,,False,1,1,2023-06-14T09:48:58.647362+00:00
CUR_EI018,Curitiba,4106902,1,,663,,,-25.482526,-49.288218,,False,1,1,2023-06-14T09:48:58.647362+00:00
CUR_EA025,Curitiba,4106902,1,,663,,,-25.456906,-49.268993,,False,1,2,2023-06-14T09:48:58.647362+00:00
CUR_BI030,Curitiba,4106902,1,,812,,,-25.42163,-49.333106,,False,1,2,2023-06-14T09:47:58.647362+00:00
CUR_BI026,Curitiba,4106902,1,,812,,,-25.418673,-49.341605,,False,1,1,2023-06-14T09:47:58.647362+00:00
CUR_BC022,Curitiba,4106902,1,,812,,,-25.434593,-49.310423,,False,1,1,2023-06-14T09:47:58.647362+00:00
CUR_KE708,Curitiba,4106902,0,URBS,502,https://moovitapp.com/index/pt-br/transporte_p%C3%BAblico-line-502_CIRCULAR_SUL_HOR%C3%81RIO-Curitiba-942-9628-294482-0,-1.0,-25.535318,-49.27312,,False,5,,2023-06-14T09:48:58.647362+00:00
CUR_GE601,Curitiba,4106902,0,URBS,502,https://moovitapp.com/index/pt-br/transporte_p%C3%BAblico-line-502_CIRCULAR_SUL_HOR%C3%81RIO-Curitiba-942-9628-294482-0,-1.0,-25.526166,-49.234845,,False,4,,2023-06-14T09:48:58.647362+00:00
CUR_KE707,Curitiba,4106902,0,URBS,502,https://moovitapp.com/index/pt-br/transporte_p%C3%BAblico-line-502_CIRCULAR_SUL_HOR%C3%81RIO-Curitiba-942-9628-294482-0,-1.0,-25.501578,-49.237511,,False,5,,2023-06-14T09:48:58.647362+00:00
CUR_KE706,Curitiba,4106902,0,URBS,502,https://moovitapp.com/index/pt-br/transporte_p%C3%BAblico-line-502_CIRCULAR_SUL_HOR%C3%81RIO-Curitiba-942-9628-294482-0,-1.0,-25.475373,-49.250278,,False,5,,2023-06-14T09:48:58.647362+00:00
CUR_GE612,Curitiba,4106902,0,URBS,502,https://moovitapp.com/index/pt-br/transporte_p%C3%BAblico-line-502_CIRCULAR_SUL_HOR%C3%81RIO-Curitiba-942-9628-294482-0,-1.0,-25.53256,-49.261911,,False,4,,2023-06-14T09:48:58.647362+00:00
CUR_KE847,Curitiba,4106902,0,URBS,502,https://moovitapp.com/index/pt-br/transporte_p%C3%BAblico-line-502_CIRCULAR_SUL_HOR%C3%81RIO-Curitiba-942-9628-294482-0,-1.0,-25.499231,-49.295976,,False,5,,2023-06-14T09:48:58.647362+00:00
CUR_GE605,Curitiba,4106902,0,URBS,502,https://moovitapp.com/index/pt-br/transporte_p%C3%BAblico-line-502_CIRCULAR_SUL_HOR%C3%81RIO-Curitiba-942-9628-294482-0,-1.0,-25.499446,-49.238523,,False,4,,2023-06-14T09:48:58.647362+00:00
CUR_GE603,Curitiba,4106902,0,URBS,502,https://moovitapp.com/index/pt-br/transporte_p%C3%BAblico-line-502_CIRCULAR_SUL_HOR%C3%81RIO-Curitiba-942-9628-294482-0,-1.0,-25.492781,-49.293626,,False,4,,2023-06-14T09:48:58.647362+00:00
CUR_GE610,Curitiba,4106902,0,URBS,502,https://moovitapp.com/index/pt-br/transporte_p%C3%BAblico-line-502_CIRCULAR_SUL_HOR%C3%81RIO-Curitiba-942-9628-294482-0,-1.0,-25.513733,-49.295678,,False,4,,2023-06-14T09:48:58.647362+00:00
CUR_DA020,Curitiba,4106902,0,,336,,,-25.477178,-49.197956,,False,1,1,2023-06-14T09:48:58.647362+00:00
CUR_EA004,Curitiba,4106902,1,,336,,,-25.475951,-49.197238,,False,1,2,2023-06-14T09:48:58.647362+00:00
CUR_EA006,Curitiba,4106902,1,,336,,,-25.496186,-49.202231,,False,1,2,2023-06-14T09:48:58.647362+00:00
CUR_BI867,Curitiba,4106902,1,,184,,,-25.398535,-49.273601,,False,7,1,2023-06-14T09:48:58.647362+00:00
CUR_BI873,Curitiba,4106902,1,,184,,,-25.35684,-49.28102,,False,7,2,2023-06-14T09:47:58.647362+00:00
CUR_GC016,Curitiba,4106902,1,,683,,,-25.563626,-49.28286,,False,1,1,2023-06-14T09:48:58.647362+00:00
CUR_GI851,Curitiba,4106902,1,,661,,,-25.472308,-49.276631,,False,7,1,2023-06-14T09:48:58.647362+00:00
CUR_GI856,Curitiba,4106902,1,,661,,,-25.44811,-49.269028,,False,7,2,2023-06-14T09:48:58.647362+00:00
CUR_CI007,Curitiba,4106902,1,,222,,,-25.384643,-49.195558,,False,1,2,2023-06-14T09:48:58.647362+00:00
CUR_CI005,Curitiba,4106902,1,,222,,,-25.39902,-49.236535,,False,1,1,2023-06-14T09:48:58.647362+00:00
CUR_CI006,Curitiba,4106902,1,,222,,,-25.387796,-49.221541,,False,1,2,2023-06-14T09:48:58.647362+00:00
CUR_MI856,Curitiba,4106902,1,,915,,,-25.400613,-49.330528,,False,7,2,2023-06-14T09:48:58.647362+00:00
CUR_BI025,Curitiba,4106902,1,,916,,,-25.37526,-49.333826,,False,1,2,2023-06-14T09:48:58.647362+00:00
CUR_MA013,Curitiba,4106902,1,,916,,,-25.392453,-49.33483,,False,1,1,2023-06-14T09:48:58.647362+00:00
CUR_EI007,Curitiba,4106902,1,,522,,,-25.51107,-49.256641,,False,1,2,2023-06-14T09:48:58.647362+00:00
CUR_EA073,Curitiba,4106902,1,,522,,,-25.519625,-49.268916,,False,1,1,2023-06-14T09:48:58.647362+00:00
CUR_BI887,Curitiba,4106902,1,,224,,,-25.39292,-49.242163,,False,7,,2023-06-14T09:46:58.647362+00:00
CUR_BC302,Curitiba,4106902,1,,207,,,-25.405326,-49.275845,,False,3,1,2023-06-14T09:47:58.647362+00:00
CUR_BC309,Curitiba,4106902,1,,207,,,-25.428293,-49.272411,,False,3,2,2023-06-14T09:48:58.647362+00:00
CUR_BA031,Curitiba,4106902,1,,207,,,-25.411615,-49.27152,,False,1,2,2023-06-14T09:44:58.647362+00:00
CUR_BC324,Curitiba,4106902,1,,207,,,-25.426413,-49.273756,,False,3,1,2023-06-14T09:47:58.647362+00:00
CUR_GI007,Curitiba,4106902,1,,547,,,-25.5368,-49.256006,,False,1,1,2023-06-14T09:48:58.647362+00:00
CUR_GA178,Curitiba,4106902,1,,547,,,-25.53437,-49.268483,,False,1,1,2023-06-14T09:48:58.647362+00:00
CUR_DC092,Curitiba,4106902,1,,468,,,-25.492491,-49.207745,,False,1,1,2023-06-14T09:47:58.647362+00:00
CUR_EA211,Curitiba,4106902,1,,468,,,-25.435285,-49.271738,,False,1,2,2023-06-14T09:48:58.647362+00:00
CUR_DC292,Curitiba,4106902,1,,468,,,-25.48478,-49.212878,,False,1,1,2023-06-14T09:46:58.647362+00:00
CUR_MI855,Curitiba,4106902,1,,912,,,-25.401493,-49.33196,,False,7,1,2023-06-14T09:48:58.647362+00:00
CUR_MI851,Curitiba,4106902,1,Auto Viação São José,150,https://moovitapp.com/index/pt-br/transporte_p%C3%BAblico-line-150_T_AFONSO_PENA_PIT_BORDA_DO_CAMPO-Curitiba-942-857412-53904521-0,-1.0,-25.430888,-49.268718,,False,7,1,2023-06-14T09:48:58.647362+00:00
CUR_EA027,Curitiba,4106902,1,,X06,,,-25.534326,-49.268231,,False,1,2,2023-06-14T09:48:58.647362+00:00
CUR_JI011,Curitiba,4106902,1,,611,,,-25.476205,-49.290841,,False,1,2,2023-06-14T09:48:58.647362+00:00
CUR_JI006,Curitiba,4106902,1,,611,,,-25.47726,-49.327656,,False,1,1,2023-06-14T09:48:58.647362+00:00
CUR_JI003,Curitiba,4106902,1,,611,,,-25.469315,-49.315453,,False,1,2,2023-06-14T09:48:58.647362+00:00
CUR_JC317,Curitiba,4106902,1,,701,,,-25.449438,-49.283551,,False,3,2,2023-06-14T09:48:58.647362+00:00
CUR_JC302,Curitiba,4106902,1,,701,,,-25.477103,-49.327623,,False,3,1,2023-06-14T09:48:58.647362+00:00
CUR_JC600,Curitiba,4106902,1,,701,,,-25.449708,-49.289438,,False,4,1,2023-06-14T09:48:58.647362+00:00
CUR_JC301,Curitiba,4106902,1,,701,,,-25.438118,-49.272725,,False,3,2,2023-06-14T09:48:58.647362+00:00
CUR_JC313,Curitiba,4106902,1,,701,,,-25.469253,-49.315238,,False,3,1,2023-06-14T09:48:58.647362+00:00
CUR_JC304,Curitiba,4106902,1,,701,,,-25.478358,-49.339701,,False,3,1,2023-06-14T09:48:58.647362+00:00
CUR_GI057,Curitiba,4106902,1,,638,,,-25.548268,-49.287143,,False,1,1,2023-06-14T09:48:58.647362+00:00
CUR_GI004,Curitiba,4106902,1,,638,,,-25.515985,-49.295578,,False,1,2,2023-06-14T09:48:58.647362+00:00
CUR_GI009,Curitiba,4106902,1,,638,,,-25.512593,-49.294788,,False,1,1,2023-06-14T09:48:58.647362+00:00
CUR_GI054,Curitiba,4106902,1,,624,,,-25.516273,-49.27459,,False,1,2,2023-06-14T09:48:58.647362+00:00
CUR_GI026,Curitiba,4106902,1,,624,,,-25.496035,-49.2907,,False,1,1,2023-06-14T09:48:58.647362+00:00
CUR_GI048,Curitiba,4106902,1,,640,,,-25.522361,-49.297031,,False,1,1,2023-06-14T09:48:58.647362+00:00
CUR_GA177,Curitiba,4106902,1,,640,,,-25.530416,-49.286796,,False,1,2,2023-06-14T09:48:58.647362+00:00
CUR_GI024,Curitiba,4106902,1,,640,,,-25.560055,-49.294651,,False,1,1,2023-06-14T09:47:58.647362+00:00
CUR_MC304,Curitiba,4106902,1,,901,,,-25.415616,-49.300585,,False,3,2,2023-06-14T09:48:58.647362+00:00
CUR_MC301,Curitiba,4106902,1,,901,,,-25.40117,-49.329856,,False,3,1,2023-06-14T09:48:58.647362+00:00
CUR_MC302,Curitiba,4106902,1,,901,,,-25.41074,-49.32042,,False,3,1,2023-06-14T09:48:58.647362+00:00
CUR_MC307,Curitiba,4106902,1,,901,,,-25.428855,-49.27544,,False,3,2,2023-06-14T09:48:58.647362+00:00
CUR_GI850,Curitiba,4106902,1,,665,,,-25.472626,-49.286638,,False,7,2,2023-06-14T09:48:58.647362+00:00
CUR_GI008,Curitiba,4106902,1,,665,,,-25.45735,-49.269428,,False,1,2,2023-06-14T09:48:58.647362+00:00
CUR_GI857,Curitiba,4106902,1,,665,,,-25.518618,-49.272115,,False,7,1,2023-06-14T09:48:58.647362+00:00
CUR_GI027,Curitiba,4106902,1,,631,,,-25.512458,-49.294961,,False,1,,2023-06-14T09:48:58.647362+00:00
CUR_GC017,Curitiba,4106902,1,,631,,,-25.519443,-49.287561,,False,1,,2023-06-14T09:48:58.647362+00:00
CUR_DA022,Curitiba,4106902,0,,334,,,-25.459106,-49.193995,,False,1,,2023-06-14T09:48:58.647362+00:00
CUR_GI039,Curitiba,4106902,1,,552,,,-25.534541,-49.269575,,False,1,1,2023-06-14T09:48:58.647362+00:00
CUR_GI044,Curitiba,4106902,1,,552,,,-25.554958,-49.252491,,False,1,2,2023-06-14T09:48:58.647362+00:00
CUR_GC015,Curitiba,4106902,1,,552,,,-25.553495,-49.258916,,False,1,1,2023-06-14T09:48:58.647362+00:00
CUR_DN603,Curitiba,4106902,1,,463,,,-25.454581,-49.22468,,False,7,2,2023-06-14T09:48:58.647362+00:00
CUR_DN602,Curitiba,4106902,1,,463,,,-25.470696,-49.211926,,False,7,1,2023-06-14T09:48:58.647362+00:00
CUR_DN608,Curitiba,4106902,1,,463,,,-25.435853,-49.264011,,False,7,2,2023-06-14T09:48:58.647362+00:00
CUR_JB699,Curitiba,4106902,1,,040,,,-25.51185,-49.32418,,False,4,2,2023-06-14T09:48:58.647362+00:00
CUR_GB610,Curitiba,4106902,1,,040,,,-25.487141,-49.319363,,False,4,2,2023-06-14T09:47:58.647362+00:00
CUR_MB605,Curitiba,4106902,1,,040,,,-25.513576,-49.299763,,False,4,2,2023-06-14T09:48:58.647362+00:00
CUR_GB602,Curitiba,4106902,1,,040,,,-25.441626,-49.346028,,False,4,2,2023-06-14T09:48:58.647362+00:00
CUR_MB601,Curitiba,4106902,1,,040,,,-25.432035,-49.352553,,False,4,1,2023-06-14T09:48:58.647362+00:00
CUR_GR125,Curitiba,4106902,1,,040,,,-25.464213,-49.345383,,False,4,1,2023-06-14T09:48:58.647362+00:00
CUR_JB609,Curitiba,4106902,1,,040,,,-25.441573,-49.347248,,False,4,1,2023-06-14T09:48:58.647362+00:00
CUR_JB607,Curitiba,4106902,1,,040,,,-25.410801,-49.347846,,False,4,1,2023-06-14T09:48:58.647362+00:00
CUR_MB698,Curitiba,4106902,1,,040,,,-25.513008,-49.331078,,False,4,2,2023-06-14T09:48:58.647362+00:00
CUR_GR123,Curitiba,4106902,1,,040,,,-25.503591,-49.327978,,False,4,2,2023-06-14T09:48:58.647362+00:00
CUR_JB610,Curitiba,4106902,1,,040,,,-25.400461,-49.330756,,False,4,1,2023-06-14T09:48:58.647362+00:00
CUR_MB699,Curitiba,4106902,1,,040,,,-25.433593,-49.351668,,False,4,1,2023-06-14T09:48:58.647362+00:00
CUR_MR106,Curitiba,4106902,1,,040,,,-25.41892,-49.294431,,False,4,1,2023-06-14T09:48:58.647362+00:00
CUR_DC983,Curitiba,4106902,1,,462,,,-25.444215,-49.23933,,False,1,2,2023-06-14T09:48:58.647362+00:00
CUR_DC090,Curitiba,4106902,1,,462,,,-25.43418,-49.271251,,False,1,2,2023-06-14T09:48:58.647362+00:00
CUR_EA210,Curitiba,4106902,1,,462,,,-25.47823,-49.210548,,False,1,2,2023-06-14T09:48:58.647362+00:00
CUR_EI001,Curitiba,4106902,1,,561,,,-25.48788,-49.277368,,False,1,1,2023-06-14T09:48:58.647362+00:00
CUR_EI012,Curitiba,4106902,1,,561,,,-25.435353,-49.273788,,False,1,2,2023-06-14T09:48:58.647362+00:00
CUR_GC006,Curitiba,4106902,1,,513,,,-25.517075,-49.230755,,False,1,2,2023-06-14T09:48:58.647362+00:00
CUR_DA292,Curitiba,4106902,1,,513,,,-25.497781,-49.258203,,False,1,1,2023-06-14T09:47:58.647362+00:00
CUR_GC014,Curitiba,4106902,1,,513,,,-25.482361,-49.246853,,False,1,1,2023-06-14T09:48:58.647362+00:00
CUR_DA294,Curitiba,4106902,1,,513,,,-25.504545,-49.255931,,False,1,2,2023-06-14T09:48:58.647362+00:00
CUR_BC029,Curitiba,4106902,1,,160,,,-25.419985,-49.283901,,False,1,1,2023-06-14T09:48:58.647362+00:00
CUR_BC025,Curitiba,4106902,1,,160,,,-25.44937,-49.272768,,False,1,2,2023-06-14T09:47:58.647362+00:00
CUR_JI005,Curitiba,4106902,1,,718,,,-25.478,-49.339463,,False,1,,2023-06-14T09:48:58.647362+00:00
CUR_BA027,Curitiba,4106902,1,,373,,,-25.42704,-49.261046,,False,1,1,2023-06-14T09:44:58.647362+00:00
CUR_EL331,Curitiba,4106902,1,URBS,505,https://moovitapp.com/index/pt-br/transporte_p%C3%BAblico-line-505_BOQUEIR%C3%83O_CENTRO_C%C3%8DVICO-Curitiba-942-9628-531685-0,-1.0,-25.427295,-49.264825,,False,3,2,2023-06-14T09:48:58.647362+00:00
CUR_BL329,Curitiba,4106902,0,URBS,505,https://moovitapp.com/index/pt-br/transporte_p%C3%BAblico-line-505_BOQUEIR%C3%83O_CENTRO_C%C3%8DVICO-Curitiba-942-9628-531685-0,-1.0,-25.46401,-49.255823,,False,3,2,2023-06-14T09:45:58.647362+00:00
CUR_EL323,Curitiba,4106902,1,URBS,505,https://moovitapp.com/index/pt-br/transporte_p%C3%BAblico-line-505_BOQUEIR%C3%83O_CENTRO_C%C3%8DVICO-Curitiba-942-9628-531685-0,-1.0,-25.409813,-49.264381,,False,3,2,2023-06-14T09:48:58.647362+00:00
CUR_BL302,Curitiba,4106902,0,URBS,505,https://moovitapp.com/index/pt-br/transporte_p%C3%BAblico-line-505_BOQUEIR%C3%83O_CENTRO_C%C3%8DVICO-Curitiba-942-9628-531685-0,-1.0,-25.417488,-49.268321,,False,3,1,2023-06-14T09:46:58.647362+00:00
CUR_EL320,Curitiba,4106902,1,URBS,505,https://moovitapp.com/index/pt-br/transporte_p%C3%BAblico-line-505_BOQUEIR%C3%83O_CENTRO_C%C3%8DVICO-Curitiba-942-9628-531685-0,-1.0,-25.42498,-49.266028,,False,3,2,2023-06-14T09:48:58.647362+00:00
CUR_EL312,Curitiba,4106902,0,URBS,505,https://moovitapp.com/index/pt-br/transporte_p%C3%BAblico-line-505_BOQUEIR%C3%83O_CENTRO_C%C3%8DVICO-Curitiba-942-9628-531685-0,-1.0,-25.435336,-49.262641,,False,3,2,2023-06-14T09:48:58.647362+00:00
CUR_BL307,Curitiba,4106902,0,URBS,505,https://moovitapp.com/index/pt-br/transporte_p%C3%BAblico-line-505_BOQUEIR%C3%83O_CENTRO_C%C3%8DVICO-Curitiba-942-9628-531685-0,-1.0,-25.501588,-49.237633,,False,3,1,2023-06-14T09:45:58.647362+00:00
CUR_EL321,Curitiba,4106902,1,URBS,505,https://moovitapp.com/index/pt-br/transporte_p%C3%BAblico-line-505_BOQUEIR%C3%83O_CENTRO_C%C3%8DVICO-Curitiba-942-9628-531685-0,-1.0,-25.45048,-49.25707,,False,3,1,2023-06-14T09:46:58.647362+00:00
CUR_BL322,Curitiba,4106902,0,URBS,505,https://moovitapp.com/index/pt-br/transporte_p%C3%BAblico-line-505_BOQUEIR%C3%83O_CENTRO_C%C3%8DVICO-Curitiba-942-9628-531685-0,-1.0,-25.442168,-49.259758,,False,3,1,2023-06-14T09:47:58.647362+00:00
CUR_BL305,Curitiba,4106902,0,URBS,505,https://moovitapp.com/index/pt-br/transporte_p%C3%BAblico-line-505_BOQUEIR%C3%83O_CENTRO_C%C3%8DVICO-Curitiba-942-9628-531685-0,-1.0,-25.453471,-49.258596,,False,3,1,2023-06-14T09:47:58.647362+00:00
CUR_EL330,Curitiba,4106902,1,URBS,505,https://moovitapp.com/index/pt-br/transporte_p%C3%BAblico-line-505_BOQUEIR%C3%83O_CENTRO_C%C3%8DVICO-Curitiba-942-9628-531685-0,-1.0,-25.49948,-49.238461,,False,3,1,2023-06-14T09:48:58.647362+00:00
CUR_BL315,Curitiba,4106902,0,URBS,505,https://moovitapp.com/index/pt-br/transporte_p%C3%BAblico-line-505_BOQUEIR%C3%83O_CENTRO_C%C3%8DVICO-Curitiba-942-9628-531685-0,-1.0,-25.468126,-49.253688,,False,3,1,2023-06-14T09:48:58.647362+00:00
CUR_EL309,Curitiba,4106902,0,URBS,505,https://moovitapp.com/index/pt-br/transporte_p%C3%BAblico-line-505_BOQUEIR%C3%83O_CENTRO_C%C3%8DVICO-Curitiba-942-9628-531685-0,-1.0,-25.504586,-49.236036,,False,3,1,2023-06-14T09:48:58.647362+00:00
CUR_EA022,Curitiba,4106902,1,,512,,,-25.49129,-49.256503,,False,1,2,2023-06-14T09:48:58.647362+00:00
CUR_EA009,Curitiba,4106902,1,,512,,,-25.508065,-49.268163,,False,1,1,2023-06-14T09:48:58.647362+00:00
CUR_EA010,Curitiba,4106902,1,,512,,,-25.468663,-49.255845,,False,1,1,2023-06-14T09:48:58.647362+00:00
CUR_DL317,Curitiba,4106902,0,URBS,022,https://moovitapp.com/index/pt-br/transporte_p%C3%BAblico-line-022_INTER_2_HOR%C3%81RIO-Curitiba-942-9628-381388-0,-1.0,-25.444015,-49.222795,,False,3,,2023-06-14T09:47:58.647362+00:00
CUR_EL601,Curitiba,4106902,0,URBS,022,https://moovitapp.com/index/pt-br/transporte_p%C3%BAblico-line-022_INTER_2_HOR%C3%81RIO-Curitiba-942-9628-381388-0,-1.0,-25.41198,-49.247018,,False,4,,2023-06-14T09:48:58.647362+00:00
CUR_BL605,Curitiba,4106902,0,URBS,022,https://moovitapp.com/index/pt-br/transporte_p%C3%BAblico-line-022_INTER_2_HOR%C3%81RIO-Curitiba-942-9628-381388-0,-1.0,-25.421328,-49.240178,,False,4,,2023-06-14T09:48:58.647362+00:00
CUR_BL337,Curitiba,4106902,0,URBS,022,https://moovitapp.com/index/pt-br/transporte_p%C3%BAblico-line-022_INTER_2_HOR%C3%81RIO-Curitiba-942-9628-381388-0,-1.0,-25.428638,-49.227501,,False,3,,2023-06-14T09:44:58.647362+00:00
CUR_BL333,Curitiba,4106902,0,URBS,022,https://moovitapp.com/index/pt-br/transporte_p%C3%BAblico-line-022_INTER_2_HOR%C3%81RIO-Curitiba-942-9628-381388-0,-1.0,-25.455648,-49.231301,,False,3,,2023-06-14T09:47:58.647362+00:00
CUR_JL324,Curitiba,4106902,1,URBS,022,https://moovitapp.com/index/pt-br/transporte_p%C3%BAblico-line-022_INTER_2_HOR%C3%81RIO-Curitiba-942-9628-381388-0,-1.0,-25.492023,-49.29303,,False,3,,2023-06-14T09:48:58.647362+00:00
CUR_CL698,Curitiba,4106902,0,URBS,022,https://moovitapp.com/index/pt-br/transporte_p%C3%BAblico-line-022_INTER_2_HOR%C3%81RIO-Curitiba-942-9628-381388-0,-1.0,-25.475908,-49.292335,,False,4,,2023-06-14T09:48:58.647362+00:00
CUR_BL600,Curitiba,4106902,0,URBS,022,https://moovitapp.com/index/pt-br/transporte_p%C3%BAblico-line-022_INTER_2_HOR%C3%81RIO-Curitiba-942-9628-381388-0,-1.0,-25.496476,-49.27112,,False,4,,2023-06-14T09:48:58.647362+00:00
CUR_BL607,Curitiba,4106902,0,URBS,022,https://moovitapp.com/index/pt-br/transporte_p%C3%BAblico-line-022_INTER_2_HOR%C3%81RIO-Curitiba-942-9628-381388-0,-1.0,-25.490718,-49.293818,,False,4,,2023-06-14T09:45:58.647362+00:00
CUR_DR805,Curitiba,4106902,0,URBS,022,https://moovitapp.com/index/pt-br/transporte_p%C3%BAblico-line-022_INTER_2_HOR%C3%81RIO-Curitiba-942-9628-381388-0,-1.0,-25.456988,-49.302818,,False,4,,2023-06-14T09:48:58.647362+00:00
CUR_BL334,Curitiba,4106902,0,URBS,022,https://moovitapp.com/index/pt-br/transporte_p%C3%BAblico-line-022_INTER_2_HOR%C3%81RIO-Curitiba-942-9628-381388-0,-1.0,-25.490455,-49.25544,,False,3,,2023-06-14T09:47:58.647362+00:00
CUR_JL310,Curitiba,4106902,0,URBS,022,https://moovitapp.com/index/pt-br/transporte_p%C3%BAblico-line-022_INTER_2_HOR%C3%81RIO-Curitiba-942-9628-381388-0,-1.0,-25.417455,-49.274741,,False,3,,2023-06-14T09:48:58.647362+00:00
CUR_EL314,Curitiba,4106902,0,URBS,022,https://moovitapp.com/index/pt-br/transporte_p%C3%BAblico-line-022_INTER_2_HOR%C3%81RIO-Curitiba-942-9628-381388-0,-1.0,-25.423191,-49.290545,,False,3,,2023-06-14T09:48:58.647362+00:00
CUR_JL603,Curitiba,4106902,0,URBS,022,https://moovitapp.com/index/pt-br/transporte_p%C3%BAblico-line-022_INTER_2_HOR%C3%81RIO-Curitiba-942-9628-381388-0,-1.0,-25.46484,-49.29002,,False,4,,2023-06-14T09:48:58.647362+00:00
CUR_GL601,Curitiba,4106902,0,URBS,022,https://moovitapp.com/index/pt-br/transporte_p%C3%BAblico-line-022_INTER_2_HOR%C3%81RIO-Curitiba-942-9628-381388-0,-1.0,-25.495046,-49.286916,,False,4,,2023-06-14T09:48:58.647362+00:00
CUR_BL603,Curitiba,4106902,0,URBS,022,https://moovitapp.com/index/pt-br/transporte_p%C3%BAblico-line-022_INTER_2_HOR%C3%81RIO-Curitiba-942-9628-381388-0,-1.0,-25.496568,-49.272146,,False,4,,2023-06-14T09:46:58.647362+00:00
CUR_BL317,Curitiba,4106902,0,URBS,022,https://moovitapp.com/index/pt-br/transporte_p%C3%BAblico-line-022_INTER_2_HOR%C3%81RIO-Curitiba-942-9628-381388-0,-1.0,-25.482931,-49.246893,,False,3,,2023-06-14T09:44:58.647362+00:00
CUR_BL308,Curitiba,4106902,0,URBS,022,https://moovitapp.com/index/pt-br/transporte_p%C3%BAblico-line-022_INTER_2_HOR%C3%81RIO-Curitiba-942-9628-381388-0,-1.0,-25.481813,-49.247126,,False,3,,2023-06-14T09:44:58.647362+00:00
CUR_DL309,Curitiba,4106902,0,URBS,022,https://moovitapp.com/index/pt-br/transporte_p%C3%BAblico-line-022_INTER_2_HOR%C3%81RIO-Curitiba-942-9628-381388-0,-1.0,-25.427491,-49.240088,,False,3,,2023-06-14T09:48:58.647362+00:00
CUR_CR804,Curitiba,4106902,0,URBS,022,https://moovitapp.com/index/pt-br/transporte_p%C3%BAblico-line-022_INTER_2_HOR%C3%81RIO-Curitiba-942-9628-381388-0,-1.0,-25.479315,-49.246771,,False,4,,2023-06-14T09:48:58.647362+00:00
CUR_ML305,Curitiba,4106902,0,URBS,022,https://moovitapp.com/index/pt-br/transporte_p%C3%BAblico-line-022_INTER_2_HOR%C3%81RIO-Curitiba-942-9628-381388-0,-1.0,-25.491516,-49.292225,,False,3,,2023-06-14T09:39:58.647362+00:00
CUR_CL601,Curitiba,4106902,0,URBS,022,https://moovitapp.com/index/pt-br/transporte_p%C3%BAblico-line-022_INTER_2_HOR%C3%81RIO-Curitiba-942-9628-381388-0,-1.0,-25.469396,-49.235585,,False,4,,2023-06-14T09:48:58.647362+00:00
CUR_EL600,Curitiba,4106902,0,URBS,022,https://moovitapp.com/index/pt-br/transporte_p%C3%BAblico-line-022_INTER_2_HOR%C3%81RIO-Curitiba-942-9628-381388-0,-1.0,-25.475893,-49.292338,,False,4,,2023-06-14T09:48:58.647362+00:00
CUR_BL331,Curitiba,4106902,0,URBS,022,https://moovitapp.com/index/pt-br/transporte_p%C3%BAblico-line-022_INTER_2_HOR%C3%81RIO-Curitiba-942-9628-381388-0,-1.0,-25.431431,-49.21105,,False,3,,2023-06-14T09:47:58.647362+00:00
CUR_DL311,Curitiba,4106902,0,URBS,022,https://moovitapp.com/index/pt-br/transporte_p%C3%BAblico-line-022_INTER_2_HOR%C3%81RIO-Curitiba-942-9628-381388-0,-1.0,-25.411461,-49.254298,,False,3,,2023-06-14T09:48:58.647362+00:00
CUR_CL602,Curitiba,4106902,0,URBS,022,https://moovitapp.com/index/pt-br/transporte_p%C3%BAblico-line-022_INTER_2_HOR%C3%81RIO-Curitiba-942-9628-381388-0,-1.0,-25.407366,-49.2529,,False,4,,2023-06-14T09:48:58.647362+00:00
CUR_BL602,Curitiba,4106902,0,URBS,022,https://moovitapp.com/index/pt-br/transporte_p%C3%BAblico-line-022_INTER_2_HOR%C3%81RIO-Curitiba-942-9628-381388-0,-1.0,-25.412671,-49.258188,,False,4,,2023-06-14T09:48:58.647362+00:00
CUR_KA693,Curitiba,4106902,1,,629,,,-25.505563,-49.264338,,False,4,2,2023-06-14T09:48:58.647362+00:00
CUR_KI601,Curitiba,4106902,1,,629,,,-25.540951,-49.24178,,False,4,1,2023-06-14T09:48:58.647362+00:00
CUR_KA691,Curitiba,4106902,1,,629,,,-25.506381,-49.264203,,False,4,2,2023-06-14T09:47:58.647362+00:00
CUR_KI600,Curitiba,4106902,1,,629,,,-25.491886,-49.293366,,False,4,2,2023-06-14T09:48:58.647362+00:00
CUR_KA605,Curitiba,4106902,1,,629,,,-25.53404,-49.237411,,False,4,1,2023-06-14T09:48:58.647362+00:00
CUR_MC851,Curitiba,4106902,1,,965,,,-25.422388,-49.288826,,False,7,1,2023-06-14T09:45:58.647362+00:00
CUR_MI852,Curitiba,4106902,1,,965,,,-25.422536,-49.283623,,False,7,1,2023-06-14T09:48:58.647362+00:00
CUR_MN605,Curitiba,4106902,1,,965,,,-25.400758,-49.330216,,False,7,2,2023-06-14T09:48:58.647362+00:00
CUR_EA021,Curitiba,4106902,1,,521,,,-25.503015,-49.247688,,False,1,1,2023-06-14T09:48:58.647362+00:00
CUR_EA020,Curitiba,4106902,1,,657,,,-25.503238,-49.27645,,False,1,2,2023-06-14T09:48:58.647362+00:00
CUR_EA026,Curitiba,4106902,1,,657,,,-25.496015,-49.282893,,False,1,1,2023-06-14T09:48:58.647362+00:00
CUR_BI871,Curitiba,4106902,1,,280,,,-25.417918,-49.264461,,False,7,1,2023-06-14T09:48:58.647362+00:00
CUR_BI878,Curitiba,4106902,1,,280,,,-25.398883,-49.251956,,False,7,2,2023-06-14T09:48:58.647362+00:00
CUR_GI041,Curitiba,4106902,1,,633,,,-25.52774,-49.272211,,False,1,1,2023-06-14T09:48:58.647362+00:00
CUR_GC008,Curitiba,4106902,1,,633,,,-25.512311,-49.294735,,False,1,2,2023-06-14T09:48:58.647362+00:00
CUR_GI042,Curitiba,4106902,1,,633,,,-25.52666,-49.270353,,False,1,2,2023-06-14T09:48:58.647362+00:00
CUR_EA012,Curitiba,4106902,1,,475,,,-25.435158,-49.271805,,False,1,2,2023-06-14T09:48:58.647362+00:00
CUR_EI017,Curitiba,4106902,1,,475,,,-25.435166,-49.27177,,False,1,1,2023-06-14T09:46:58.647362+00:00
CUR_EI020,Curitiba,4106902,1,,475,,,-25.504596,-49.217238,,False,1,1,2023-06-14T09:48:58.647362+00:00
CUR_JI864,Curitiba,4106902,1,,760,,,-25.462761,-49.315758,,False,7,1,2023-06-14T09:48:58.647362+00:00
CUR_JI866,Curitiba,4106902,1,,760,,,-25.46483,-49.317748,,False,7,1,2023-06-14T09:48:58.647362+00:00
CUR_DE705,Curitiba,4106902,0,URBS,303,https://moovitapp.com/index/pt-br/transporte_p%C3%BAblico-line-303_CENTEN%C3%81RIO_CAMPO_COMPRIDO-Curitiba-942-9628-531689-0,-1.0,-25.468915,-49.254808,,False,5,1,2023-06-14T09:48:58.647362+00:00
CUR_DE700,Curitiba,4106902,0,URBS,303,https://moovitapp.com/index/pt-br/transporte_p%C3%BAblico-line-303_CENTEN%C3%81RIO_CAMPO_COMPRIDO-Curitiba-942-9628-531689-0,-1.0,-25.437025,-49.243901,,False,5,2,2023-06-14T09:48:58.647362+00:00
CUR_JE700,Curitiba,4106902,0,URBS,303,https://moovitapp.com/index/pt-br/transporte_p%C3%BAblico-line-303_CENTEN%C3%81RIO_CAMPO_COMPRIDO-Curitiba-942-9628-531689-0,-1.0,-25.468793,-49.208648,,False,5,1,2023-06-14T09:48:58.647362+00:00
CUR_DE710,Curitiba,4106902,0,URBS,303,https://moovitapp.com/index/pt-br/transporte_p%C3%BAblico-line-303_CENTEN%C3%81RIO_CAMPO_COMPRIDO-Curitiba-942-9628-531689-0,-1.0,-25.436533,-49.263805,,False,5,2,2023-06-14T09:48:58.647362+00:00
CUR_DE722,Curitiba,4106902,0,URBS,303,https://moovitapp.com/index/pt-br/transporte_p%C3%BAblico-line-303_CENTEN%C3%81RIO_CAMPO_COMPRIDO-Curitiba-942-9628-531689-0,-1.0,-25.44107,-49.342346,,False,5,2,2023-06-14T09:48:58.647362+00:00
CUR_XY042,Curitiba,4106902,0,URBS,303,https://moovitapp.com/index/pt-br/transporte_p%C3%BAblico-line-303_CENTEN%C3%81RIO_CAMPO_COMPRIDO-Curitiba-942-9628-531689-0,-1.0,-25.440771,-49.341165,,False,4,2,2023-06-14T09:44:58.647362+00:00
CUR_JE701,Curitiba,4106902,0,URBS,303,https://moovitapp.com/index/pt-br/transporte_p%C3%BAblico-line-303_CENTEN%C3%81RIO_CAMPO_COMPRIDO-Curitiba-942-9628-531689-0,-1.0,-25.45081,-49.215361,,False,5,1,2023-06-14T09:48:58.647362+00:00
CUR_DE719,Curitiba,4106902,0,URBS,303,https://moovitapp.com/index/pt-br/transporte_p%C3%BAblico-line-303_CENTEN%C3%81RIO_CAMPO_COMPRIDO-Curitiba-942-9628-531689-0,-1.0,-25.436345,-49.274568,,False,5,2,2023-06-14T09:48:58.647362+00:00
CUR_DE715,Curitiba,4106902,0,URBS,303,https://moovitapp.com/index/pt-br/transporte_p%C3%BAblico-line-303_CENTEN%C3%81RIO_CAMPO_COMPRIDO-Curitiba-942-9628-531689-0,-1.0,-25.431206,-49.278913,,False,5,1,2023-06-14T09:48:58.647362+00:00
CUR_DE712,Curitiba,4106902,0,URBS,303,https://moovitapp.com/index/pt-br/transporte_p%C3%BAblico-line-303_CENTEN%C3%81RIO_CAMPO_COMPRIDO-Curitiba-942-9628-531689-0,-1.0,-25.434095,-49.302123,,False,5,2,2023-06-14T09:48:58.647362+00:00
CUR_DE711,Curitiba,4106902,0,URBS,303,https://moovitapp.com/index/pt-br/transporte_p%C3%BAblico-line-303_CENTEN%C3%81RIO_CAMPO_COMPRIDO-Curitiba-942-9628-531689-0,-1.0,-25.435625,-49.26093,,False,5,1,2023-06-14T09:48:58.647362+00:00
CUR_DE701,Curitiba,4106902,0,URBS,303,https://moovitapp.com/index/pt-br/transporte_p%C3%BAblico-line-303_CENTEN%C3%81RIO_CAMPO_COMPRIDO-Curitiba-942-9628-531689-0,-1.0,-25.435566,-49.252681,,False,5,1,2023-06-14T09:48:58.647362+00:00
CUR_DE718,Curitiba,4106902,0,URBS,303,https://moovitapp.com/index/pt-br/transporte_p%C3%BAblico-line-303_CENTEN%C3%81RIO_CAMPO_COMPRIDO-Curitiba-942-9628-531689-0,-1.0,-25.437985,-49.238753,,False,5,1,2023-06-14T09:48:58.647362+00:00
CUR_JE709,Curitiba,4106902,0,URBS,303,https://moovitapp.com/index/pt-br/transporte_p%C3%BAblico-line-303_CENTEN%C3%81RIO_CAMPO_COMPRIDO-Curitiba-942-9628-531689-0,-1.0,-25.440313,-49.221048,,False,5,2,2023-06-14T09:48:58.647362+00:00
CUR_DE706,Curitiba,4106902,0,URBS,303,https://moovitapp.com/index/pt-br/transporte_p%C3%BAblico-line-303_CENTEN%C3%81RIO_CAMPO_COMPRIDO-Curitiba-942-9628-531689-0,-1.0,-25.433466,-49.269445,,False,5,1,2023-06-14T09:48:58.647362+00:00
CUR_DE717,Curitiba,4106902,0,URBS,303,https://moovitapp.com/index/pt-br/transporte_p%C3%BAblico-line-303_CENTEN%C3%81RIO_CAMPO_COMPRIDO-Curitiba-942-9628-531689-0,-1.0,-25.444536,-49.21588,,False,5,1,2023-06-14T09:48:58.647362+00:00
CUR_DE703,Curitiba,4106902,0,URBS,303,https://moovitapp.com/index/pt-br/transporte_p%C3%BAblico-line-303_CENTEN%C3%81RIO_CAMPO_COMPRIDO-Curitiba-942-9628-531689-0,-1.0,-25.43921,-49.316801,,False,5,2,2023-06-14T09:48:58.647362+00:00
CUR_JE702,Curitiba,4106902,0,URBS,303,https://moovitapp.com/index/pt-br/transporte_p%C3%BAblico-line-303_CENTEN%C3%81RIO_CAMPO_COMPRIDO-Curitiba-942-9628-531689-0,-1.0,-25.440941,-49.236461,,False,5,2,2023-06-14T09:48:58.647362+00:00
CUR_JE708,Curitiba,4106902,0,URBS,303,https://moovitapp.com/index/pt-br/transporte_p%C3%BAblico-line-303_CENTEN%C3%81RIO_CAMPO_COMPRIDO-Curitiba-942-9628-531689-0,-1.0,-25.435583,-49.249728,,False,5,2,2023-06-14T09:48:58.647362+00:00
CUR_DE708,Curitiba,4106902,0,URBS,303,https://moovitapp.com/index/pt-br/transporte_p%C3%BAblico-line-303_CENTEN%C3%81RIO_CAMPO_COMPRIDO-Curitiba-942-9628-531689-0,-1.0,-25.439871,-49.221763,,False,5,1,2023-06-14T09:48:58.647362+00:00
CUR_DE714,Curitiba,4106902,0,URBS,303,https://moovitapp.com/index/pt-br/transporte_p%C3%BAblico-line-303_CENTEN%C3%81RIO_CAMPO_COMPRIDO-Curitiba-942-9628-531689-0,-1.0,-25.470041,-49.207541,,False,5,1,2023-06-14T09:48:58.647362+00:00
CUR_JE710,Curitiba,4106902,0,URBS,303,https://moovitapp.com/index/pt-br/transporte_p%C3%BAblico-line-303_CENTEN%C3%81RIO_CAMPO_COMPRIDO-Curitiba-942-9628-531689-0,-1.0,-25.441651,-49.346881,,False,5,2,2023-06-14T09:48:58.647362+00:00
CUR_DE707,Curitiba,4106902,0,URBS,303,https://moovitapp.com/index/pt-br/transporte_p%C3%BAblico-line-303_CENTEN%C3%81RIO_CAMPO_COMPRIDO-Curitiba-942-9628-531689-0,-1.0,-25.470185,-49.212603,,False,5,1,2023-06-14T09:48:58.647362+00:00
CUR_JE705,Curitiba,4106902,0,URBS,303,https://moovitapp.com/index/pt-br/transporte_p%C3%BAblico-line-303_CENTEN%C3%81RIO_CAMPO_COMPRIDO-Curitiba-942-9628-531689-0,-1.0,-25.449198,-49.36381,,False,5,2,2023-06-14T09:48:58.647362+00:00
CUR_JE706,Curitiba,4106902,0,URBS,303,https://moovitapp.com/index/pt-br/transporte_p%C3%BAblico-line-303_CENTEN%C3%81RIO_CAMPO_COMPRIDO-Curitiba-942-9628-531689-0,-1.0,-25.451488,-49.361933,,False,5,2,2023-06-14T09:48:58.647362+00:00
CUR_JE704,Curitiba,4106902,0,URBS,303,https://moovitapp.com/index/pt-br/transporte_p%C3%BAblico-line-303_CENTEN%C3%81RIO_CAMPO_COMPRIDO-Curitiba-942-9628-531689-0,-1.0,-25.441638,-49.346873,,False,5,2,2023-06-14T09:47:58.647362+00:00
CUR_JA028,Curitiba,4106902,1,,658,,,-25.491318,-49.34594,,False,1,1,2023-06-14T09:48:58.647362+00:00
CUR_JI004,Curitiba,4106902,1,,658,,,-25.483648,-49.350021,,False,1,1,2023-06-14T09:48:58.647362+00:00
CUR_JA030,Curitiba,4106902,1,,658,,,-25.492735,-49.298233,,False,1,2,2023-06-14T09:48:58.647362+00:00
CUR_EI016,Curitiba,4106902,1,,532,,,-25.539673,-49.241718,,False,1,1,2023-06-14T09:48:58.647362+00:00
CUR_EA200,Curitiba,4106902,1,,532,,,-25.518188,-49.230766,,False,1,1,2023-06-14T09:48:58.647362+00:00
CUR_EA011,Curitiba,4106902,1,,532,,,-25.538488,-49.241756,,False,1,2,2023-06-14T09:48:58.647362+00:00
CUR_EA016,Curitiba,4106902,1,,532,,,-25.525403,-49.23745,,False,1,1,2023-06-14T09:48:58.647362+00:00
CUR_BI851,Curitiba,4106902,1,,175,,,-25.45087,-49.252883,,False,7,1,2023-06-14T09:48:58.647362+00:00
CUR_BI877,Curitiba,4106902,1,,175,,,-25.40278,-49.282645,,False,7,2,2023-06-14T09:48:58.647362+00:00
CUR_BA039,Curitiba,4106902,1,,342,,,-25.412925,-49.204986,,False,1,2,2023-06-14T09:47:58.647362+00:00
CUR_BI013,Curitiba,4106902,1,,342,,,-25.404545,-49.199668,,False,1,1,2023-06-14T09:44:58.647362+00:00
CUR_BI012,Curitiba,4106902,1,,342,,,-25.387851,-49.212968,,False,1,2,2023-06-14T09:45:58.647362+00:00
CUR_BC301,Curitiba,4106902,1,,205,,,-25.411221,-49.254591,,False,3,2,2023-06-14T09:48:58.647362+00:00
CUR_BC013,Curitiba,4106902,1,,205,,,-25.378286,-49.262531,,False,1,1,2023-06-14T09:44:58.647362+00:00
CUR_BC027,Curitiba,4106902,1,,205,,,-25.428885,-49.269733,,False,1,1,2023-06-14T09:44:58.647362+00:00
CUR_BI301,Curitiba,4106902,1,,205,,,-25.377331,-49.262358,,False,3,2,2023-06-14T09:47:58.647362+00:00
CUR_BC308,Curitiba,4106902,1,,205,,,-25.381326,-49.25286,,False,3,1,2023-06-14T09:43:58.647362+00:00
CUR_EL300,Curitiba,4106902,0,URBS,507,https://moovitapp.com/index/pt-br/transporte_p%C3%BAblico-line-507_S%C3%8DTIO_CERCADO_HOR%C3%81RIO-Curitiba-942-9628-294494-0,-1.0,-25.459265,-49.25813,,False,3,,2023-06-14T09:48:58.647362+00:00
CUR_EL319,Curitiba,4106902,1,URBS,507,https://moovitapp.com/index/pt-br/transporte_p%C3%BAblico-line-507_S%C3%8DTIO_CERCADO_HOR%C3%81RIO-Curitiba-942-9628-294494-0,-1.0,-25.466305,-49.29036,,False,3,,2023-06-14T09:48:58.647362+00:00
CUR_GL326,Curitiba,4106902,0,URBS,507,https://moovitapp.com/index/pt-br/transporte_p%C3%BAblico-line-507_S%C3%8DTIO_CERCADO_HOR%C3%81RIO-Curitiba-942-9628-294494-0,-1.0,-25.499361,-49.29478,,False,3,,2023-06-14T09:48:58.647362+00:00
CUR_EL315,Curitiba,4106902,0,URBS,507,https://moovitapp.com/index/pt-br/transporte_p%C3%BAblico-line-507_S%C3%8DTIO_CERCADO_HOR%C3%81RIO-Curitiba-942-9628-294494-0,-1.0,-25.515141,-49.293805,,False,3,,2023-06-14T09:48:58.647362+00:00
CUR_GL310,Curitiba,4106902,0,URBS,507,https://moovitapp.com/index/pt-br/transporte_p%C3%BAblico-line-507_S%C3%8DTIO_CERCADO_HOR%C3%81RIO-Curitiba-942-9628-294494-0,-1.0,-25.535648,-49.284541,,False,3,,2023-06-14T09:48:58.647362+00:00
CUR_EL325,Curitiba,4106902,1,URBS,507,https://moovitapp.com/index/pt-br/transporte_p%C3%BAblico-line-507_S%C3%8DTIO_CERCADO_HOR%C3%81RIO-Curitiba-942-9628-294494-0,-1.0,-25.533418,-49.264748,,False,3,,2023-06-14T09:48:58.647362+00:00
CUR_GL305,Curitiba,4106902,0,URBS,507,https://moovitapp.com/index/pt-br/transporte_p%C3%BAblico-line-507_S%C3%8DTIO_CERCADO_HOR%C3%81RIO-Curitiba-942-9628-294494-0,-1.0,-25.52083,-49.237091,,False,3,,2023-06-14T09:48:58.647362+00:00
CUR_EL333,Curitiba,4106902,1,URBS,507,https://moovitapp.com/index/pt-br/transporte_p%C3%BAblico-line-507_S%C3%8DTIO_CERCADO_HOR%C3%81RIO-Curitiba-942-9628-294494-0,-1.0,-25.513531,-49.231806,,False,3,,2023-06-14T09:48:58.647362+00:00
CUR_EL305,Curitiba,4106902,0,URBS,507,https://moovitapp.com/index/pt-br/transporte_p%C3%BAblico-line-507_S%C3%8DTIO_CERCADO_HOR%C3%81RIO-Curitiba-942-9628-294494-0,-1.0,-25.513073,-49.231971,,False,3,,2023-06-14T09:48:58.647362+00:00
CUR_EL322,Curitiba,4106902,1,URBS,507,https://moovitapp.com/index/pt-br/transporte_p%C3%BAblico-line-507_S%C3%8DTIO_CERCADO_HOR%C3%81RIO-Curitiba-942-9628-294494-0,-1.0,-25.522558,-49.241505,,False,3,,2023-06-14T09:48:58.647362+00:00
CUR_BC006,Curitiba,4106902,1,,168,,,-25.393296,-49.295665,,False,1,2,2023-06-14T09:45:58.647362+00:00
CUR_BC007,Curitiba,4106902,1,,168,,,-25.402396,-49.292931,,False,1,1,2023-06-14T09:48:58.647362+00:00
CUR_GE713,Curitiba,4106902,0,URBS,602,https://moovitapp.com/index/pt-br/transporte_p%C3%BAblico-line-602_CIRCULAR_SUL_ANTI_HOR%C3%81RIO-Curitiba-942-9628-294517-0,-1.0,-25.494021,-49.293953,,False,5,,2023-06-14T09:48:58.647362+00:00
CUR_GE613,Curitiba,4106902,0,URBS,602,https://moovitapp.com/index/pt-br/transporte_p%C3%BAblico-line-602_CIRCULAR_SUL_ANTI_HOR%C3%81RIO-Curitiba-942-9628-294517-0,-1.0,-25.521223,-49.295535,,False,4,,2023-06-14T09:48:58.647362+00:00
CUR_GE609,Curitiba,4106902,0,URBS,602,https://moovitapp.com/index/pt-br/transporte_p%C3%BAblico-line-602_CIRCULAR_SUL_ANTI_HOR%C3%81RIO-Curitiba-942-9628-294517-0,-1.0,-25.473913,-49.270673,,False,4,,2023-06-14T09:48:58.647362+00:00
CUR_GR036,Curitiba,4106902,0,URBS,602,https://moovitapp.com/index/pt-br/transporte_p%C3%BAblico-line-602_CIRCULAR_SUL_ANTI_HOR%C3%81RIO-Curitiba-942-9628-294517-0,-1.0,-25.526893,-49.237141,,False,4,,2023-06-14T09:48:58.647362+00:00
CUR_GE611,Curitiba,4106902,0,URBS,602,https://moovitapp.com/index/pt-br/transporte_p%C3%BAblico-line-602_CIRCULAR_SUL_ANTI_HOR%C3%81RIO-Curitiba-942-9628-294517-0,-1.0,-25.534486,-49.26911,,False,4,,2023-06-14T09:48:58.647362+00:00
CUR_GI020,Curitiba,4106902,1,,636,,,-25.544766,-49.292516,,False,1,1,2023-06-14T09:48:58.647362+00:00
CUR_GI016,Curitiba,4106902,1,,636,,,-25.517198,-49.295556,,False,1,2,2023-06-14T09:48:58.647362+00:00
CUR_GI037,Curitiba,4106902,1,,643,,,-25.512815,-49.29471,,False,1,2,2023-06-14T09:47:58.647362+00:00
CUR_GI033,Curitiba,4106902,1,,643,,,-25.55361,-49.293216,,False,1,1,2023-06-14T09:48:58.647362+00:00
CUR_GI019,Curitiba,4106902,1,,643,,,-25.587683,-49.27493,,False,1,1,2023-06-14T09:48:58.647362+00:00
CUR_GI028,Curitiba,4106902,1,,534,,,-25.529753,-49.263573,,False,1,2,2023-06-14T09:48:58.647362+00:00
CUR_GI025,Curitiba,4106902,1,,534,,,-25.517536,-49.230306,,False,1,1,2023-06-14T09:48:58.647362+00:00
CUR_GA179,Curitiba,4106902,1,,534,,,-25.518736,-49.23196,,False,1,1,2023-06-14T09:48:58.647362+00:00
CUR_GI855,Curitiba,4106902,1,,616,,,-25.48252,-49.279215,,False,7,1,2023-06-14T09:48:58.647362+00:00
CUR_GI853,Curitiba,4106902,1,,616,,,-25.464291,-49.274143,,False,7,1,2023-06-14T09:48:58.647362+00:00
CUR_EA017,Curitiba,4106902,1,,471,,,-25.48875,-49.225991,,False,1,1,2023-06-14T09:48:58.647362+00:00
CUR_EI004,Curitiba,4106902,1,,471,,,-25.472921,-49.23508,,False,1,1,2023-06-14T09:48:58.647362+00:00
CUR_GC011,Curitiba,4106902,1,,338,,,-25.491928,-49.207545,,False,1,2,2023-06-14T09:48:58.647362+00:00
CUR_GC012,Curitiba,4106902,1,,338,,,-25.4817,-49.2468,,False,1,1,2023-06-14T09:48:58.647362+00:00
CUR_DA290,Curitiba,4106902,1,,338,,,-25.499756,-49.212371,,False,1,1,2023-06-14T09:47:58.647362+00:00
CUR_DC298,Curitiba,4106902,1,,338,,,-25.468881,-49.208308,,False,1,2,2023-06-14T09:48:58.647362+00:00
CUR_DA013,Curitiba,4106902,1,,338,,,-25.484011,-49.223418,,False,1,1,2023-06-14T09:48:58.647362+00:00
CUR_EA076,Curitiba,4106902,1,,338,,,-25.49285,-49.207395,,False,1,2,2023-06-14T09:48:58.647362+00:00
CUR_DC084,Curitiba,4106902,0,,338,,,-25.479925,-49.199805,,False,1,2,2023-06-14T09:48:58.647362+00:00
CUR_DA301,Curitiba,4106902,1,,338,,,-25.47969,-49.248176,,False,3,1,2023-06-14T09:48:58.647362+00:00
CUR_DA029,Curitiba,4106902,1,,338,,,-25.488641,-49.204493,,False,1,2,2023-06-14T09:47:58.647362+00:00
CUR_EA003,Curitiba,4106902,1,,338,,,-25.480181,-49.24924,,False,1,1,2023-06-14T09:48:58.647362+00:00
CUR_MI854,Curitiba,4106902,1,,911,,,-25.393543,-49.349925,,False,7,1,2023-06-14T09:48:58.647362+00:00
CUR_KA604,Curitiba,4106902,1,,545,,,-25.539226,-49.281948,,False,4,2,2023-06-14T09:48:58.647362+00:00
CUR_GI603,Curitiba,4106902,1,,545,,,-25.537213,-49.314543,,False,4,1,2023-06-14T09:48:58.647362+00:00
CUR_KA602,Curitiba,4106902,1,,545,,,-25.484825,-49.327931,,False,4,1,2023-06-14T09:48:58.647362+00:00
CUR_JI600,Curitiba,4106902,1,,545,,,-25.518481,-49.231563,,False,4,2,2023-06-14T09:48:58.647362+00:00
CUR_JI602,Curitiba,4106902,1,,545,,,-25.53273,-49.261633,,False,4,2,2023-06-14T09:48:58.647362+00:00
CUR_KA692,Curitiba,4106902,1,,545,,,-25.521966,-49.331273,,False,4,2,2023-06-14T09:48:58.647362+00:00
CUR_KA600,Curitiba,4106902,1,,545,,,-25.52555,-49.250463,,False,4,1,2023-06-14T09:48:58.647362+00:00
CUR_JI299,Curitiba,4106902,1,,823,,,-25.450298,-49.354085,,False,1,1,2023-06-14T09:48:58.647362+00:00
CUR_JA037,Curitiba,4106902,1,,823,,,-25.46431,-49.352838,,False,1,2,2023-06-14T09:48:58.647362+00:00
CUR_EI010,Curitiba,4106902,1,Auto Viação São José,515,https://moovitapp.com/index/pt-br/transporte_p%C3%BAblico-line-515_%E2%9C%88_AEROPORTO_1_SHOPPING_S%C3%83O_JOS%C3%89-Curitiba-942-857412-67925719-0,-1.0,-25.516513,-49.230805,,False,1,2,2023-06-14T09:48:58.647362+00:00
CUR_EA074,Curitiba,4106902,1,Auto Viação São José,515,https://moovitapp.com/index/pt-br/transporte_p%C3%BAblico-line-515_%E2%9C%88_AEROPORTO_1_SHOPPING_S%C3%83O_JOS%C3%89-Curitiba-942-857412-67925719-0,-1.0,-25.481883,-49.24671,,False,1,1,2023-06-14T09:48:58.647362+00:00
CUR_EI009,Curitiba,4106902,1,Auto Viação São José,515,https://moovitapp.com/index/pt-br/transporte_p%C3%BAblico-line-515_%E2%9C%88_AEROPORTO_1_SHOPPING_S%C3%83O_JOS%C3%89-Curitiba-942-857412-67925719-0,-1.0,-25.516198,-49.225803,,False,1,1,2023-06-14T09:48:58.647362+00:00
CUR_EA019,Curitiba,4106902,1,Auto Viação São José,515,https://moovitapp.com/index/pt-br/transporte_p%C3%BAblico-line-515_%E2%9C%88_AEROPORTO_1_SHOPPING_S%C3%83O_JOS%C3%89-Curitiba-942-857412-67925719-0,-1.0,-25.501191,-49.226525,,False,1,1,2023-06-14T09:48:58.647362+00:00
CUR_EA007,Curitiba,4106902,1,Auto Viação São José,515,https://moovitapp.com/index/pt-br/transporte_p%C3%BAblico-line-515_%E2%9C%88_AEROPORTO_1_SHOPPING_S%C3%83O_JOS%C3%89-Curitiba-942-857412-67925719-0,-1.0,-25.51601,-49.22537,,False,1,2,2023-06-14T09:48:58.647362+00:00
CUR_EI003,Curitiba,4106902,1,Auto Viação São José,515,https://moovitapp.com/index/pt-br/transporte_p%C3%BAblico-line-515_%E2%9C%88_AEROPORTO_1_SHOPPING_S%C3%83O_JOS%C3%89-Curitiba-942-857412-67925719-0,-1.0,-25.495756,-49.2295,,False,1,2,2023-06-14T09:48:58.647362+00:00
CUR_JI861,Curitiba,4106902,1,,862,,,-25.432648,-49.271148,,False,7,2,2023-06-14T09:48:58.647362+00:00
CUR_BI881,Curitiba,4106902,1,,862,,,-25.44004,-49.281506,,False,7,1,2023-06-14T09:48:58.647362+00:00
CUR_EI002,Curitiba,4106902,1,,523,,,-25.508546,-49.21774,,False,1,2,2023-06-14T09:48:58.647362+00:00
CUR_EA602,Curitiba,4106902,1,,528,,,-25.521873,-49.297035,,False,4,2,2023-06-14T09:48:58.647362+00:00
CUR_GI047,Curitiba,4106902,1,,528,,,-25.525348,-49.237465,,False,1,1,2023-06-14T09:48:58.647362+00:00
CUR_EI005,Curitiba,4106902,1,,528,,,-25.531343,-49.296173,,False,1,2,2023-06-14T09:48:58.647362+00:00
CUR_EA601,Curitiba,4106902,1,,528,,,-25.55844,-49.257578,,False,4,1,2023-06-14T09:48:58.647362+00:00
CUR_EA699,Curitiba,4106902,1,,528,,,-25.55766,-49.255271,,False,4,2,2023-06-14T09:48:58.647362+00:00
CUR_EA698,Curitiba,4106902,1,,528,,,-25.544941,-49.264518,,False,4,1,2023-06-14T09:48:58.647362+00:00
CUR_GA602,Curitiba,4106902,1,,528,,,-25.55308,-49.287301,,False,4,2,2023-06-14T09:48:58.647362+00:00
CUR_BI863,Curitiba,4106902,1,,274,,,-25.428893,-49.269736,,False,7,2,2023-06-14T09:44:58.647362+00:00
CUR_BI868,Curitiba,4106902,1,,274,,,-25.366445,-49.266751,,False,7,1,2023-06-14T09:44:58.647362+00:00
CUR_BA022,Curitiba,4106902,1,,817,,,-25.427211,-49.329243,,False,1,1,2023-06-14T09:46:58.647362+00:00
CUR_BA021,Curitiba,4106902,1,,817,,,-25.41082,-49.333306,,False,1,1,2023-06-14T09:47:58.647362+00:00
CUR_MI001,Curitiba,4106902,1,,817,,,-25.430896,-49.31686,,False,1,2,2023-06-14T09:48:58.647362+00:00
CUR_EL329,Curitiba,4106902,1,URBS,506,https://moovitapp.com/index/pt-br/transporte_p%C3%BAblico-line-506_BAIRRO_NOVO-Curitiba-942-9628-294299-0,-1.0,-25.492491,-49.272706,,False,3,2,2023-06-14T09:48:58.647362+00:00
CUR_EL302,Curitiba,4106902,0,URBS,506,https://moovitapp.com/index/pt-br/transporte_p%C3%BAblico-line-506_BAIRRO_NOVO-Curitiba-942-9628-294299-0,-1.0,-25.466566,-49.264185,,False,3,2,2023-06-14T09:48:58.647362+00:00
CUR_GL322,Curitiba,4106902,0,URBS,506,https://moovitapp.com/index/pt-br/transporte_p%C3%BAblico-line-506_BAIRRO_NOVO-Curitiba-942-9628-294299-0,-1.0,-25.436203,-49.27115,,False,3,2,2023-06-14T09:48:58.647362+00:00
CUR_EL332,Curitiba,4106902,1,URBS,506,https://moovitapp.com/index/pt-br/transporte_p%C3%BAblico-line-506_BAIRRO_NOVO-Curitiba-942-9628-294299-0,-1.0,-25.498425,-49.277578,,False,3,2,2023-06-14T09:48:58.647362+00:00
CUR_EL317,Curitiba,4106902,0,URBS,506,https://moovitapp.com/index/pt-br/transporte_p%C3%BAblico-line-506_BAIRRO_NOVO-Curitiba-942-9628-294299-0,-1.0,-25.526885,-49.267735,,False,3,1,2023-06-14T09:48:58.647362+00:00
CUR_EL307,Curitiba,4106902,0,URBS,506,https://moovitapp.com/index/pt-br/transporte_p%C3%BAblico-line-506_BAIRRO_NOVO-Curitiba-942-9628-294299-0,-1.0,-25.436235,-49.271143,,False,3,2,2023-06-14T09:40:58.647362+00:00
CUR_GL302,Curitiba,4106902,0,URBS,506,https://moovitapp.com/index/pt-br/transporte_p%C3%BAblico-line-506_BAIRRO_NOVO-Curitiba-942-9628-294299-0,-1.0,-25.512733,-49.279873,,False,3,1,2023-06-14T09:48:58.647362+00:00
CUR_EL318,Curitiba,4106902,1,URBS,506,https://moovitapp.com/index/pt-br/transporte_p%C3%BAblico-line-506_BAIRRO_NOVO-Curitiba-942-9628-294299-0,-1.0,-25.548013,-49.259526,,False,3,1,2023-06-14T09:48:58.647362+00:00
CUR_GL316,Curitiba,4106902,0,URBS,506,https://moovitapp.com/index/pt-br/transporte_p%C3%BAblico-line-506_BAIRRO_NOVO-Curitiba-942-9628-294299-0,-1.0,-25.536725,-49.272785,,False,3,1,2023-06-14T09:47:58.647362+00:00
CUR_GL323,Curitiba,4106902,0,URBS,506,https://moovitapp.com/index/pt-br/transporte_p%C3%BAblico-line-506_BAIRRO_NOVO-Curitiba-942-9628-294299-0,-1.0,-25.54994,-49.29068,,False,3,1,2023-06-14T09:47:58.647362+00:00
CUR_GL317,Curitiba,4106902,0,URBS,506,https://moovitapp.com/index/pt-br/transporte_p%C3%BAblico-line-506_BAIRRO_NOVO-Curitiba-942-9628-294299-0,-1.0,-25.555668,-49.253198,,False,3,1,2023-06-14T09:48:58.647362+00:00
CUR_EL304,Curitiba,4106902,0,URBS,506,https://moovitapp.com/index/pt-br/transporte_p%C3%BAblico-line-506_BAIRRO_NOVO-Curitiba-942-9628-294299-0,-1.0,-25.51576,-49.291168,,False,3,1,2023-06-14T09:47:58.647362+00:00
CUR_BC011,Curitiba,4106902,1,,371,,,-25.427135,-49.248606,,False,1,1,2023-06-14T09:46:58.647362+00:00
CUR_BC315,Curitiba,4106902,1,,371,,,-25.428398,-49.266671,,False,10,2,2023-06-14T09:44:58.647362+00:00
CUR_BC313,Curitiba,4106902,1,,371,,,-25.427706,-49.241346,,False,10,2,2023-06-14T09:47:58.647362+00:00
CUR_JI008,Curitiba,4106902,1,,777,,,-25.459438,-49.311428,,False,1,1,2023-06-14T09:48:58.647362+00:00
CUR_JA021,Curitiba,4106902,1,,777,,,-25.456085,-49.30723,,False,1,1,2023-06-14T09:48:58.647362+00:00
CUR_JI017,Curitiba,4106902,1,,777,,,-25.435166,-49.273218,,False,1,2,2023-06-14T09:48:58.647362+00:00
CUR_JI012,Curitiba,4106902,1,,777,,,-25.461573,-49.337475,,False,1,1,2023-06-14T09:48:58.647362+00:00
CUR_BC021,Curitiba,4106902,1,,876,,,-25.40837,-49.360325,,False,1,1,2023-06-14T09:46:58.647362+00:00
CUR_BC019,Curitiba,4106902,1,,876,,,-25.414483,-49.330745,,False,1,2,2023-06-14T09:46:58.647362+00:00
CUR_BA013,Curitiba,4106902,1,,876,,,-25.41575,-49.342326,,False,1,1,2023-06-14T09:44:58.647362+00:00
CUR_BA019,Curitiba,4106902,1,,876,,,-25.408946,-49.356398,,False,1,1,2023-06-14T09:44:58.647362+00:00
CUR_KE701,Curitiba,4106902,0,URBS,503,https://moovitapp.com/index/pt-br/transporte_p%C3%BAblico-line-503_BOQUEIR%C3%83O-Curitiba-942-9628-294244-0,-1.0,-25.4648,-49.25543,,False,5,2,2023-06-14T09:48:58.647362+00:00
CUR_KE702,Curitiba,4106902,0,URBS,503,https://moovitapp.com/index/pt-br/transporte_p%C3%BAblico-line-503_BOQUEIR%C3%83O-Curitiba-942-9628-294244-0,-1.0,-25.48947,-49.243381,,False,5,2,2023-06-14T09:48:58.647362+00:00
CUR_KE704,Curitiba,4106902,0,URBS,503,https://moovitapp.com/index/pt-br/transporte_p%C3%BAblico-line-503_BOQUEIR%C3%83O-Curitiba-942-9628-294244-0,-1.0,-25.506408,-49.235126,,False,5,1,2023-06-14T09:48:58.647362+00:00
CUR_GE608,Curitiba,4106902,0,URBS,503,https://moovitapp.com/index/pt-br/transporte_p%C3%BAblico-line-503_BOQUEIR%C3%83O-Curitiba-942-9628-294244-0,-1.0,-25.517698,-49.229903,,False,4,1,2023-06-14T09:48:58.647362+00:00
CUR_GE614,Curitiba,4106902,0,URBS,503,https://moovitapp.com/index/pt-br/transporte_p%C3%BAblico-line-503_BOQUEIR%C3%83O-Curitiba-942-9628-294244-0,-1.0,-25.487055,-49.244543,,False,4,1,2023-06-14T09:48:58.647362+00:00
CUR_KE703,Curitiba,4106902,0,URBS,503,https://moovitapp.com/index/pt-br/transporte_p%C3%BAblico-line-503_BOQUEIR%C3%83O-Curitiba-942-9628-294244-0,-1.0,-25.453353,-49.261068,,False,5,2,2023-06-14T09:48:58.647362+00:00
CUR_KE705,Curitiba,4106902,0,URBS,503,https://moovitapp.com/index/pt-br/transporte_p%C3%BAblico-line-503_BOQUEIR%C3%83O-Curitiba-942-9628-294244-0,-1.0,-25.436643,-49.269196,,False,5,2,2023-06-14T09:48:58.647362+00:00
CUR_GE604,Curitiba,4106902,0,URBS,503,https://moovitapp.com/index/pt-br/transporte_p%C3%BAblico-line-503_BOQUEIR%C3%83O-Curitiba-942-9628-294244-0,-1.0,-25.443276,-49.2659,,False,4,2,2023-06-14T09:48:58.647362+00:00
CUR_GI050,Curitiba,4106902,1,,641,,,-25.550705,-49.291148,,False,1,2,2023-06-14T09:48:58.647362+00:00
CUR_BA037,Curitiba,4106902,1,,341,,,-25.393903,-49.206691,,False,1,1,2023-06-14T09:48:58.647362+00:00
CUR_CI008,Curitiba,4106902,1,,341,,,-25.396468,-49.208603,,False,1,2,2023-06-14T09:48:58.647362+00:00
CUR_CI003,Curitiba,4106902,1,,341,,,-25.402373,-49.196801,,False,1,2,2023-06-14T09:48:58.647362+00:00
CUR_DC085,Curitiba,4106902,1,,466,,,-25.450256,-49.23115,,False,1,2,2023-06-14T09:48:58.647362+00:00
CUR_JA034,Curitiba,4106902,1,,714,,,-25.48655,-49.355066,,False,1,,2023-06-14T09:48:58.647362+00:00
CUR_KB608,Curitiba,4106902,1,,030,,,-25.503351,-49.237481,,False,4,1,2023-06-14T09:48:58.647362+00:00
CUR_BB610,Curitiba,4106902,1,,030,,,-25.501521,-49.237421,,False,4,1,2023-06-14T09:46:58.647362+00:00
CUR_GB600,Curitiba,4106902,1,,030,,,-25.427193,-49.203433,,False,4,1,2023-06-14T09:48:58.647362+00:00
CUR_GR124,Curitiba,4106902,1,,030,,,-25.474618,-49.218101,,False,4,1,2023-06-14T09:48:58.647362+00:00
CUR_GB606,Curitiba,4106902,1,,030,,,-25.447561,-49.20534,,False,4,2,2023-06-14T09:48:58.647362+00:00
CUR_KB696,Curitiba,4106902,0,,030,,,-25.416103,-49.204595,,False,4,2,2023-06-14T09:47:58.647362+00:00
CUR_BB613,Curitiba,4106902,1,,030,,,-25.497871,-49.294246,,False,4,2,2023-06-14T09:47:58.647362+00:00
CUR_CB601,Curitiba,4106902,1,,030,,,-25.47656,-49.217615,,False,4,2,2023-06-14T09:48:58.647362+00:00
CUR_GB612,Curitiba,4106902,1,,030,,,-25.451253,-49.215325,,False,4,1,2023-06-14T09:48:58.647362+00:00
CUR_BB608,Curitiba,4106902,1,,030,,,-25.497175,-49.233083,,False,4,2,2023-06-14T09:48:58.647362+00:00
CUR_BB301,Curitiba,4106902,1,,030,,,-25.506203,-49.282986,,False,3,2,2023-06-14T09:47:58.647362+00:00
CUR_KB606,Curitiba,4106902,1,,030,,,-25.410611,-49.205341,,False,4,2,2023-06-14T09:48:58.647362+00:00
CUR_EB609,Curitiba,4106902,1,,030,,,-25.494016,-49.234273,,False,4,1,2023-06-14T09:48:58.647362+00:00
CUR_BB611,Curitiba,4106902,1,,030,,,-25.436505,-49.210498,,False,4,2,2023-06-14T09:47:58.647362+00:00
CUR_BB300,Curitiba,4106902,1,,030,,,-25.51358,-49.26513,,False,3,1,2023-06-14T09:46:58.647362+00:00
CUR_EB602,Curitiba,4106902,1,,030,,,-25.383903,-49.216908,,False,4,2,2023-06-14T09:48:58.647362+00:00
CUR_BI018,Curitiba,4106902,1,,232,,,-25.351595,-49.235515,,False,1,2,2023-06-14T09:47:58.647362+00:00
CUR_BA033,Curitiba,4106902,1,,232,,,-25.351266,-49.231463,,False,1,1,2023-06-14T09:45:58.647362+00:00
CUR_BI017,Curitiba,4106902,1,,232,,,-25.377238,-49.2245,,False,1,1,2023-06-14T09:47:58.647362+00:00
CUR_BC001,Curitiba,4106902,1,,232,,,-25.363971,-49.228058,,False,1,2,2023-06-14T09:47:58.647362+00:00
CUR_BC031,Curitiba,4106902,1,,232,,,-25.36498,-49.227643,,False,1,1,2023-06-14T09:46:58.647362+00:00
CUR_JI865,Curitiba,4106902,1,,713,,,-25.48136,-49.324528,,False,7,2,2023-06-14T09:48:58.647362+00:00
CUR_EI011,Curitiba,4106902,1,,X03,,,-25.517161,-49.23045,,False,1,1,2023-06-14T09:48:58.647362+00:00
CUR_BA032,Curitiba,4106902,1,,233,,,-25.364428,-49.210208,,False,1,,2023-06-14T09:47:58.647362+00:00
CUR_BA025,Curitiba,4106902,1,,233,,,-25.376813,-49.22387,,False,1,,2023-06-14T09:44:58.647362+00:00
CUR_BA034,Curitiba,4106902,1,,233,,,-25.375556,-49.2193,,False,1,,2023-06-14T09:48:58.647362+00:00
CUR_BA017,Curitiba,4106902,1,,822,,,-25.438316,-49.358151,,False,1,2,2023-06-14T09:47:58.647362+00:00
CUR_BA011,Curitiba,4106902,1,,822,,,-25.440771,-49.345545,,False,1,1,2023-06-14T09:45:58.647362+00:00
CUR_DL310,Curitiba,4106902,0,URBS,304,https://moovitapp.com/index/pt-br/transporte_p%C3%BAblico-line-304_PINHAIS_CAMPO_COMPRIDO-Curitiba-942-9628-133282995-0,-1.0,-25.436536,-49.318033,,False,3,1,2023-06-14T09:48:58.647362+00:00
CUR_DL041,Curitiba,4106902,0,URBS,304,https://moovitapp.com/index/pt-br/transporte_p%C3%BAblico-line-304_PINHAIS_CAMPO_COMPRIDO-Curitiba-942-9628-133282995-0,-1.0,-25.433166,-49.303385,,False,3,1,2023-06-14T09:48:58.647362+00:00
CUR_DL307,Curitiba,4106902,0,URBS,304,https://moovitapp.com/index/pt-br/transporte_p%C3%BAblico-line-304_PINHAIS_CAMPO_COMPRIDO-Curitiba-942-9628-133282995-0,-1.0,-25.42801,-49.271198,,False,3,2,2023-06-14T09:48:58.647362+00:00
CUR_DL303,Curitiba,4106902,0,URBS,304,https://moovitapp.com/index/pt-br/transporte_p%C3%BAblico-line-304_PINHAIS_CAMPO_COMPRIDO-Curitiba-942-9628-133282995-0,-1.0,-25.440135,-49.31961,,False,3,1,2023-06-14T09:48:58.647362+00:00
CUR_DL300,Curitiba,4106902,0,URBS,304,https://moovitapp.com/index/pt-br/transporte_p%C3%BAblico-line-304_PINHAIS_CAMPO_COMPRIDO-Curitiba-942-9628-133282995-0,-1.0,-25.437021,-49.243706,,False,3,2,2023-06-14T09:48:58.647362+00:00
CUR_DL315,Curitiba,4106902,0,URBS,304,https://moovitapp.com/index/pt-br/transporte_p%C3%BAblico-line-304_PINHAIS_CAMPO_COMPRIDO-Curitiba-942-9628-133282995-0,-1.0,-25.44595,-49.190061,,False,3,1,2023-06-14T09:47:58.647362+00:00
CUR_JL321,Curitiba,4106902,1,URBS,304,https://moovitapp.com/index/pt-br/transporte_p%C3%BAblico-line-304_PINHAIS_CAMPO_COMPRIDO-Curitiba-942-9628-133282995-0,-1.0,-25.438705,-49.238171,,False,3,1,2023-06-14T09:47:58.647362+00:00
CUR_JL307,Curitiba,4106902,0,URBS,304,https://moovitapp.com/index/pt-br/transporte_p%C3%BAblico-line-304_PINHAIS_CAMPO_COMPRIDO-Curitiba-942-9628-133282995-0,-1.0,-25.451241,-49.357101,,False,3,1,2023-06-14T09:48:58.647362+00:00
CUR_BC314,Curitiba,4106902,1,,372,,,-25.428558,-49.227125,,False,10,1,2023-06-14T09:46:58.647362+00:00
CUR_CA001,Curitiba,4106902,1,,372,,,-25.430678,-49.264863,,False,1,2,2023-06-14T09:48:58.647362+00:00
CUR_CC301,Curitiba,4106902,1,,372,,,-25.426541,-49.25494,,False,10,2,2023-06-14T09:48:58.647362+00:00
CUR_BI028,Curitiba,4106902,1,,372,,,-25.428051,-49.263681,,False,1,1,2023-06-14T09:46:58.647362+00:00
CUR_BC320,Curitiba,4106902,1,,372,,,-25.426938,-49.202901,,False,10,1,2023-06-14T09:48:58.647362+00:00
CUR_BL316,Curitiba,4106902,0,URBS,256,https://moovitapp.com/index/pt-br/transporte_p%C3%BAblico-line-256_BARREIRINHA_GUADALUPE-Curitiba-942-9628-398191-0,-1.0,-25.432386,-49.263866,,False,3,1,2023-06-14T09:45:58.647362+00:00
CUR_BL340,Curitiba,4106902,1,URBS,256,https://moovitapp.com/index/pt-br/transporte_p%C3%BAblico-line-256_BARREIRINHA_GUADALUPE-Curitiba-942-9628-398191-0,-1.0,-25.420416,-49.268855,,False,3,1,2023-06-14T09:44:58.647362+00:00
CUR_BL310,Curitiba,4106902,0,URBS,256,https://moovitapp.com/index/pt-br/transporte_p%C3%BAblico-line-256_BARREIRINHA_GUADALUPE-Curitiba-942-9628-398191-0,-1.0,-25.379881,-49.261793,,False,3,2,2023-06-14T09:46:58.647362+00:00
CUR_BL332,Curitiba,4106902,0,URBS,256,https://moovitapp.com/index/pt-br/transporte_p%C3%BAblico-line-256_BARREIRINHA_GUADALUPE-Curitiba-942-9628-398191-0,-1.0,-25.42198,-49.26953,,False,3,1,2023-06-14T09:47:58.647362+00:00
CUR_BL324,Curitiba,4106902,0,URBS,023,https://moovitapp.com/index/pt-br/transporte_p%C3%BAblico-line-023_INTER_2_ANTI_HOR%C3%81RIO-Curitiba-942-9628-398189-0,-1.0,-25.476515,-49.29285,,False,3,,2023-06-14T09:45:58.647362+00:00
CUR_BL309,Curitiba,4106902,0,URBS,023,https://moovitapp.com/index/pt-br/transporte_p%C3%BAblico-line-023_INTER_2_ANTI_HOR%C3%81RIO-Curitiba-942-9628-398189-0,-1.0,-25.44516,-49.304823,,False,3,,2023-06-14T09:44:58.647362+00:00
CUR_BL608,Curitiba,4106902,0,URBS,023,https://moovitapp.com/index/pt-br/transporte_p%C3%BAblico-line-023_INTER_2_ANTI_HOR%C3%81RIO-Curitiba-942-9628-398189-0,-1.0,-25.436541,-49.308716,,False,4,,2023-06-14T09:47:58.647362+00:00
CUR_EL602,Curitiba,4106902,0,URBS,023,https://moovitapp.com/index/pt-br/transporte_p%C3%BAblico-line-023_INTER_2_ANTI_HOR%C3%81RIO-Curitiba-942-9628-398189-0,-1.0,-25.462851,-49.301245,,False,4,,2023-06-14T09:48:58.647362+00:00
CUR_BL609,Curitiba,4106902,0,URBS,023,https://moovitapp.com/index/pt-br/transporte_p%C3%BAblico-line-023_INTER_2_ANTI_HOR%C3%81RIO-Curitiba-942-9628-398189-0,-1.0,-25.48885,-49.294138,,False,4,,2023-06-14T09:46:58.647362+00:00
CUR_EL603,Curitiba,4106902,0,URBS,023,https://moovitapp.com/index/pt-br/transporte_p%C3%BAblico-line-023_INTER_2_ANTI_HOR%C3%81RIO-Curitiba-942-9628-398189-0,-1.0,-25.425538,-49.293155,,False,4,,2023-06-14T09:48:58.647362+00:00
CUR_BL611,Curitiba,4106902,0,URBS,023,https://moovitapp.com/index/pt-br/transporte_p%C3%BAblico-line-023_INTER_2_ANTI_HOR%C3%81RIO-Curitiba-942-9628-398189-0,-1.0,-25.413698,-49.28742,,False,4,,2023-06-14T09:48:58.647362+00:00
CUR_MR800,Curitiba,4106902,0,URBS,023,https://moovitapp.com/index/pt-br/transporte_p%C3%BAblico-line-023_INTER_2_ANTI_HOR%C3%81RIO-Curitiba-942-9628-398189-0,-1.0,-25.481763,-49.246613,,False,4,,2023-06-14T09:48:58.647362+00:00
CUR_CL600,Curitiba,4106902,0,URBS,023,https://moovitapp.com/index/pt-br/transporte_p%C3%BAblico-line-023_INTER_2_ANTI_HOR%C3%81RIO-Curitiba-942-9628-398189-0,-1.0,-25.440036,-49.221283,,False,4,,2023-06-14T09:48:58.647362+00:00
CUR_JL601,Curitiba,4106902,0,URBS,023,https://moovitapp.com/index/pt-br/transporte_p%C3%BAblico-line-023_INTER_2_ANTI_HOR%C3%81RIO-Curitiba-942-9628-398189-0,-1.0,-25.450551,-49.304645,,False,4,,2023-06-14T09:48:58.647362+00:00
CUR_BL330,Curitiba,4106902,0,URBS,023,https://moovitapp.com/index/pt-br/transporte_p%C3%BAblico-line-023_INTER_2_ANTI_HOR%C3%81RIO-Curitiba-942-9628-398189-0,-1.0,-25.476483,-49.292853,,False,3,,2023-06-14T09:47:58.647362+00:00
CUR_GL600,Curitiba,4106902,0,URBS,023,https://moovitapp.com/index/pt-br/transporte_p%C3%BAblico-line-023_INTER_2_ANTI_HOR%C3%81RIO-Curitiba-942-9628-398189-0,-1.0,-25.41504,-49.27669,,False,4,,2023-06-14T09:48:58.647362+00:00
CUR_JL602,Curitiba,4106902,0,URBS,023,https://moovitapp.com/index/pt-br/transporte_p%C3%BAblico-line-023_INTER_2_ANTI_HOR%C3%81RIO-Curitiba-942-9628-398189-0,-1.0,-25.49172,-49.293761,,False,4,,2023-06-14T09:48:58.647362+00:00
CUR_CL699,Curitiba,4106902,0,URBS,023,https://moovitapp.com/index/pt-br/transporte_p%C3%BAblico-line-023_INTER_2_ANTI_HOR%C3%81RIO-Curitiba-942-9628-398189-0,-1.0,-25.487676,-49.25672,,False,4,,2023-06-14T09:48:58.647362+00:00
CUR_DR803,Curitiba,4106902,0,URBS,023,https://moovitapp.com/index/pt-br/transporte_p%C3%BAblico-line-023_INTER_2_ANTI_HOR%C3%81RIO-Curitiba-942-9628-398189-0,-1.0,-25.430328,-49.21108,,False,4,,2023-06-14T09:48:58.647362+00:00
CUR_BL312,Curitiba,4106902,0,URBS,023,https://moovitapp.com/index/pt-br/transporte_p%C3%BAblico-line-023_INTER_2_ANTI_HOR%C3%81RIO-Curitiba-942-9628-398189-0,-1.0,-25.473963,-49.295766,,False,3,,2023-06-14T09:44:58.647362+00:00
CUR_DR801,Curitiba,4106902,0,URBS,023,https://moovitapp.com/index/pt-br/transporte_p%C3%BAblico-line-023_INTER_2_ANTI_HOR%C3%81RIO-Curitiba-942-9628-398189-0,-1.0,-25.412438,-49.246541,,False,4,,2023-06-14T09:48:58.647362+00:00
CUR_ML309,Curitiba,4106902,0,URBS,023,https://moovitapp.com/index/pt-br/transporte_p%C3%BAblico-line-023_INTER_2_ANTI_HOR%C3%81RIO-Curitiba-942-9628-398189-0,-1.0,-25.446566,-49.30475,,False,3,,2023-06-14T09:48:58.647362+00:00
CUR_DR804,Curitiba,4106902,0,URBS,023,https://moovitapp.com/index/pt-br/transporte_p%C3%BAblico-line-023_INTER_2_ANTI_HOR%C3%81RIO-Curitiba-942-9628-398189-0,-1.0,-25.415288,-49.289978,,False,4,,2023-06-14T09:48:58.647362+00:00
CUR_JL600,Curitiba,4106902,0,URBS,023,https://moovitapp.com/index/pt-br/transporte_p%C3%BAblico-line-023_INTER_2_ANTI_HOR%C3%81RIO-Curitiba-942-9628-398189-0,-1.0,-25.413135,-49.258605,,False,4,,2023-06-14T09:48:58.647362+00:00
CUR_BI897,Curitiba,4106902,1,,176,,,-25.426166,-49.2733,,False,7,1,2023-06-14T09:47:58.647362+00:00
CUR_BI869,Curitiba,4106902,1,,260,,,-25.394483,-49.263986,,False,7,2,2023-06-14T09:45:58.647362+00:00
CUR_ML302,Curitiba,4106902,0,URBS,307,https://moovitapp.com/index/pt-br/transporte_p%C3%BAblico-line-307_BAIRRO_ALTO_SANTA_FELICIDADE-Curitiba-942-9628-1323712-0,-1.0,-25.430665,-49.207943,,False,3,2,2023-06-14T09:44:58.647362+00:00
CUR_ML313,Curitiba,4106902,0,URBS,307,https://moovitapp.com/index/pt-br/transporte_p%C3%BAblico-line-307_BAIRRO_ALTO_SANTA_FELICIDADE-Curitiba-942-9628-1323712-0,-1.0,-25.421173,-49.202226,,False,3,1,2023-06-14T09:48:58.647362+00:00
CUR_CL303,Curitiba,4106902,0,URBS,307,https://moovitapp.com/index/pt-br/transporte_p%C3%BAblico-line-307_BAIRRO_ALTO_SANTA_FELICIDADE-Curitiba-942-9628-1323712-0,-1.0,-25.424456,-49.286558,,False,3,2,2023-06-14T09:47:58.647362+00:00
CUR_BL328,Curitiba,4106902,0,URBS,307,https://moovitapp.com/index/pt-br/transporte_p%C3%BAblico-line-307_BAIRRO_ALTO_SANTA_FELICIDADE-Curitiba-942-9628-1323712-0,-1.0,-25.423641,-49.20229,,False,3,2,2023-06-14T09:46:58.647362+00:00
CUR_CL302,Curitiba,4106902,0,URBS,307,https://moovitapp.com/index/pt-br/transporte_p%C3%BAblico-line-307_BAIRRO_ALTO_SANTA_FELICIDADE-Curitiba-942-9628-1323712-0,-1.0,-25.426136,-49.269991,,False,3,1,2023-06-14T09:48:58.647362+00:00
CUR_BL336,Curitiba,4106902,0,URBS,307,https://moovitapp.com/index/pt-br/transporte_p%C3%BAblico-line-307_BAIRRO_ALTO_SANTA_FELICIDADE-Curitiba-942-9628-1323712-0,-1.0,-25.429233,-49.271723,,False,3,2,2023-06-14T09:47:58.647362+00:00
CUR_ML307,Curitiba,4106902,0,URBS,307,https://moovitapp.com/index/pt-br/transporte_p%C3%BAblico-line-307_BAIRRO_ALTO_SANTA_FELICIDADE-Curitiba-942-9628-1323712-0,-1.0,-25.414806,-49.306451,,False,3,2,2023-06-14T09:48:58.647362+00:00
CUR_CL039,Curitiba,4106902,0,URBS,307,https://moovitapp.com/index/pt-br/transporte_p%C3%BAblico-line-307_BAIRRO_ALTO_SANTA_FELICIDADE-Curitiba-942-9628-1323712-0,-1.0,-25.430306,-49.211351,,False,3,1,2023-06-14T09:48:58.647362+00:00
CUR_CL306,Curitiba,4106902,0,URBS,307,https://moovitapp.com/index/pt-br/transporte_p%C3%BAblico-line-307_BAIRRO_ALTO_SANTA_FELICIDADE-Curitiba-942-9628-1323712-0,-1.0,-25.413415,-49.205813,,False,3,1,2023-06-14T09:48:58.647362+00:00
CUR_JA029,Curitiba,4106902,1,,860,,,-25.446065,-49.33663,,False,1,1,2023-06-14T09:48:58.647362+00:00
CUR_JI018,Curitiba,4106902,1,,860,,,-25.445266,-49.338788,,False,1,1,2023-06-14T09:48:58.647362+00:00
CUR_JI298,Curitiba,4106902,1,,860,,,-25.464713,-49.345245,,False,1,1,2023-06-14T09:48:58.647362+00:00
CUR_JA032,Curitiba,4106902,1,,860,,,-25.445358,-49.292786,,False,1,1,2023-06-14T09:42:58.647362+00:00
CUR_BI875,Curitiba,4106902,1,,366,,,-25.427213,-49.263698,,False,7,2,2023-06-14T09:47:58.647362+00:00
CUR_BI864,Curitiba,4106902,1,,366,,,-25.430313,-49.267155,,False,7,1,2023-06-14T09:47:58.647362+00:00
CUR_BA010,Curitiba,4106902,1,,816,,,-25.434241,-49.309821,,False,1,2,2023-06-14T09:47:58.647362+00:00
CUR_BA014,Curitiba,4106902,1,,816,,,-25.404488,-49.324826,,False,1,1,2023-06-14T09:48:58.647362+00:00
CUR_BI002,Curitiba,4106902,1,Auto Viação São José,211,https://moovitapp.com/index/pt-br/transporte_p%C3%BAblico-line-211_PIT_PRA%C3%87A_DA_JUVENTUDE_IZAURA_IP%C3%8A-Curitiba-942-857412-73553392-0,-1.0,-25.405298,-49.246738,,False,1,2,2023-06-14T09:47:58.647362+00:00
CUR_BI001,Curitiba,4106902,1,Auto Viação São José,211,https://moovitapp.com/index/pt-br/transporte_p%C3%BAblico-line-211_PIT_PRA%C3%87A_DA_JUVENTUDE_IZAURA_IP%C3%8A-Curitiba-942-857412-73553392-0,-1.0,-25.409781,-49.220336,,False,1,1,2023-06-14T09:48:58.647362+00:00
CUR_BI004,Curitiba,4106902,1,Auto Viação São José,211,https://moovitapp.com/index/pt-br/transporte_p%C3%BAblico-line-211_PIT_PRA%C3%87A_DA_JUVENTUDE_IZAURA_IP%C3%8A-Curitiba-942-857412-73553392-0,-1.0,-25.403786,-49.216998,,False,1,,2023-06-14T09:46:58.647362+00:00
CUR_BI011,Curitiba,4106902,1,,236,,,-25.374248,-49.223486,,False,1,2,2023-06-14T09:44:58.647362+00:00
CUR_BA028,Curitiba,4106902,1,,236,,,-25.374528,-49.223208,,False,1,1,2023-06-14T09:46:58.647362+00:00
CUR_KI002,Curitiba,4106902,1,,472,,,-25.474013,-49.23311,,False,1,1,2023-06-14T09:48:58.647362+00:00
CUR_KI001,Curitiba,4106902,1,,472,,,-25.447335,-49.256128,,False,1,2,2023-06-14T09:48:58.647362+00:00
CUR_HC851,Curitiba,4106902,1,,674,,,-25.475705,-49.2976,,False,7,,2023-06-14T09:47:58.647362+00:00
CUR_EI015,Curitiba,4106902,1,,511,,,-25.503396,-49.259343,,False,1,2,2023-06-14T09:48:58.647362+00:00
CUR_EI019,Curitiba,4106902,1,,511,,,-25.49269,-49.25011,,False,1,1,2023-06-14T09:48:58.647362+00:00
CUR_EA075,Curitiba,4106902,1,,323,,,-25.451295,-49.199666,,False,1,,2023-06-14T09:48:58.647362+00:00
CUR_DA293,Curitiba,4106902,1,,323,,,-25.452873,-49.198051,,False,1,,2023-06-14T09:48:58.647362+00:00
CUR_EA001,Curitiba,4106902,1,,323,,,-25.451681,-49.21502,,False,1,,2023-06-14T09:48:58.647362+00:00
CUR_EA023,Curitiba,4106902,1,Auto Viação São José,531,https://moovitapp.com/index/pt-br/transporte_p%C3%BAblico-line-531_BAIRRO_A_BAIRRO_1-Curitiba-942-857412-1570571-0,-1.0,-25.536508,-49.247995,,False,1,1,2023-06-14T09:48:58.647362+00:00
CUR_EA002,Curitiba,4106902,1,Auto Viação São José,531,https://moovitapp.com/index/pt-br/transporte_p%C3%BAblico-line-531_BAIRRO_A_BAIRRO_1-Curitiba-942-857412-1570571-0,-1.0,-25.51881,-49.232188,,False,1,1,2023-06-14T09:48:58.647362+00:00
CUR_EA024,Curitiba,4106902,1,Auto Viação São José,531,https://moovitapp.com/index/pt-br/transporte_p%C3%BAblico-line-531_BAIRRO_A_BAIRRO_1-Curitiba-942-857412-1570571-0,-1.0,-25.531298,-49.24414,,False,1,2,2023-06-14T09:48:58.647362+00:00
CUR_EA018,Curitiba,4106902,1,Auto Viação São José,531,https://moovitapp.com/index/pt-br/transporte_p%C3%BAblico-line-531_BAIRRO_A_BAIRRO_1-Curitiba-942-857412-1570571-0,-1.0,-25.54237,-49.241981,,False,1,1,2023-06-14T09:48:58.647362+00:00
CUR_GE703,Curitiba,4106902,0,URBS,603,https://moovitapp.com/index/pt-br/transporte_p%C3%BAblico-line-603_PINHEIRINHO_RUI_BARBOSA-Curitiba-942-9628-484781-0,-1.0,-25.450853,-49.288046,,False,5,2,2023-06-14T09:48:58.647362+00:00
CUR_GE732,Curitiba,4106902,0,URBS,603,https://moovitapp.com/index/pt-br/transporte_p%C3%BAblico-line-603_PINHEIRINHO_RUI_BARBOSA-Curitiba-942-9628-484781-0,-1.0,-25.444793,-49.285333,,False,5,2,2023-06-14T09:48:58.647362+00:00
CUR_GE708,Curitiba,4106902,0,URBS,603,https://moovitapp.com/index/pt-br/transporte_p%C3%BAblico-line-603_PINHEIRINHO_RUI_BARBOSA-Curitiba-942-9628-484781-0,-1.0,-25.512153,-49.295576,,False,5,1,2023-06-14T09:48:58.647362+00:00
CUR_GE733,Curitiba,4106902,0,URBS,603,https://moovitapp.com/index/pt-br/transporte_p%C3%BAblico-line-603_PINHEIRINHO_RUI_BARBOSA-Curitiba-942-9628-484781-0,-1.0,-25.515735,-49.295598,,False,5,1,2023-06-14T09:48:58.647362+00:00
CUR_GI012,Curitiba,4106902,1,,649,,,-25.528341,-49.283953,,False,1,1,2023-06-14T09:48:58.647362+00:00
CUR_GI051,Curitiba,4106902,1,,649,,,-25.534118,-49.277918,,False,1,2,2023-06-14T09:48:58.647362+00:00
CUR_GC004,Curitiba,4106902,1,,649,,,-25.512483,-49.294768,,False,1,2,2023-06-14T09:48:58.647362+00:00
CUR_GE727,Curitiba,4106902,0,URBS,550,https://moovitapp.com/index/pt-br/transporte_p%C3%BAblico-line-550_LIGEIR%C3%83O_PINHEIRINHO_CARLOS_GOMES-Curitiba-942-9628-1254061-0,-1.0,-25.479856,-49.262468,,False,5,2,2023-06-14T09:48:58.647362+00:00
CUR_GE734,Curitiba,4106902,0,URBS,550,https://moovitapp.com/index/pt-br/transporte_p%C3%BAblico-line-550_LIGEIR%C3%83O_PINHEIRINHO_CARLOS_GOMES-Curitiba-942-9628-1254061-0,-1.0,-25.450568,-49.262368,,False,5,1,2023-06-14T09:48:58.647362+00:00
CUR_GE730,Curitiba,4106902,0,URBS,550,https://moovitapp.com/index/pt-br/transporte_p%C3%BAblico-line-550_LIGEIR%C3%83O_PINHEIRINHO_CARLOS_GOMES-Curitiba-942-9628-1254061-0,-1.0,-25.456115,-49.259605,,False,5,2,2023-06-14T09:48:58.647362+00:00
CUR_GE721,Curitiba,4106902,0,URBS,550,https://moovitapp.com/index/pt-br/transporte_p%C3%BAblico-line-550_LIGEIR%C3%83O_PINHEIRINHO_CARLOS_GOMES-Curitiba-942-9628-1254061-0,-1.0,-25.496788,-49.276285,,False,5,2,2023-06-14T09:48:58.647362+00:00
CUR_GE705,Curitiba,4106902,0,URBS,550,https://moovitapp.com/index/pt-br/transporte_p%C3%BAblico-line-550_LIGEIR%C3%83O_PINHEIRINHO_CARLOS_GOMES-Curitiba-942-9628-1254061-0,-1.0,-25.51143,-49.292461,,False,5,1,2023-06-14T09:48:58.647362+00:00
CUR_GE702,Curitiba,4106902,0,URBS,550,https://moovitapp.com/index/pt-br/transporte_p%C3%BAblico-line-550_LIGEIR%C3%83O_PINHEIRINHO_CARLOS_GOMES-Curitiba-942-9628-1254061-0,-1.0,-25.513935,-49.295658,,False,5,1,2023-06-14T09:48:58.647362+00:00
CUR_DA297,Curitiba,4106902,1,,332,,,-25.46644,-49.195126,,False,1,,2023-06-14T09:48:58.647362+00:00
CUR_DA296,Curitiba,4106902,1,,332,,,-25.468878,-49.208183,,False,1,,2023-06-14T09:48:58.647362+00:00
CUR_EA077,Curitiba,4106902,1,,332,,,-25.47248,-49.194573,,False,1,,2023-06-14T09:48:58.647362+00:00
CUR_GI010,Curitiba,4106902,1,,541,,,-25.541283,-49.255176,,False,1,1,2023-06-14T09:48:58.647362+00:00
CUR_GI049,Curitiba,4106902,1,,541,,,-25.542555,-49.263295,,False,1,1,2023-06-14T09:48:58.647362+00:00
CUR_GI031,Curitiba,4106902,1,,541,,,-25.544631,-49.259431,,False,1,1,2023-06-14T09:48:58.647362+00:00
CUR_GI029,Curitiba,4106902,1,,541,,,-25.543596,-49.248568,,False,1,2,2023-06-14T09:48:58.647362+00:00
CUR_GC001,Curitiba,4106902,1,,541,,,-25.544615,-49.25419,,False,1,2,2023-06-14T09:48:58.647362+00:00
CUR_GI034,Curitiba,4106902,1,,541,,,-25.534091,-49.267298,,False,1,1,2023-06-14T09:48:58.647362+00:00
CUR_BI020,Curitiba,4106902,1,,231,,,-25.364103,-49.220225,,False,1,1,2023-06-14T09:46:58.647362+00:00
CUR_BC279,Curitiba,4106902,1,,231,,,-25.36417,-49.205998,,False,1,1,2023-06-14T09:47:58.647362+00:00
CUR_BB604,Curitiba,4106902,1,,020,,,-25.49432,-49.28912,,False,4,,2023-06-14T09:48:58.647362+00:00
CUR_BB605,Curitiba,4106902,1,,020,,,-25.491393,-49.256995,,False,4,,2023-06-14T09:47:58.647362+00:00
CUR_CB697,Curitiba,4106902,1,,020,,,-25.420265,-49.239826,,False,4,,2023-06-14T09:48:58.647362+00:00
CUR_BB609,Curitiba,4106902,1,,020,,,-25.496423,-49.273655,,False,4,,2023-06-14T09:44:58.647362+00:00
CUR_BB603,Curitiba,4106902,1,,020,,,-25.385405,-49.28051,,False,4,,2023-06-14T09:48:58.647362+00:00
CUR_BB602,Curitiba,4106902,1,,020,,,-25.426643,-49.242218,,False,4,,2023-06-14T09:48:58.647362+00:00
CUR_BB620,Curitiba,4106902,1,,020,,,-25.395443,-49.250976,,False,4,,2023-06-14T09:48:58.647362+00:00
CUR_CB603,Curitiba,4106902,1,,020,,,-25.48672,-49.299585,,False,4,,2023-06-14T09:48:58.647362+00:00
CUR_EB604,Curitiba,4106902,1,,020,,,-25.434055,-49.213456,,False,4,,2023-06-14T09:48:58.647362+00:00
CUR_BB612,Curitiba,4106902,1,,020,,,-25.414931,-49.289805,,False,4,,2023-06-14T09:48:58.647362+00:00
CUR_EB606,Curitiba,4106902,1,,020,,,-25.407046,-49.25171,,False,4,,2023-06-14T09:48:58.647362+00:00
CUR_KB604,Curitiba,4106902,1,,020,,,-25.486436,-49.255721,,False,4,,2023-06-14T09:48:58.647362+00:00
CUR_BI857,Curitiba,4106902,1,,244,,,-25.372428,-49.251923,,False,7,1,2023-06-14T09:44:58.647362+00:00
CUR_JI013,Curitiba,4106902,1,,721,,,-25.483705,-49.35021,,False,1,1,2023-06-14T09:48:58.647362+00:00
CUR_JI016,Curitiba,4106902,1,,721,,,-25.50396,-49.355115,,False,1,2,2023-06-14T09:48:58.647362+00:00
CUR_JI023,Curitiba,4106902,1,,721,,,-25.501553,-49.344863,,False,1,1,2023-06-14T09:48:58.647362+00:00
CUR_DA033,Curitiba,4106902,1,,621,,,-25.474156,-49.258303,,False,1,2,2023-06-14T09:48:58.647362+00:00
CUR_DA291,Curitiba,4106902,1,,621,,,-25.483575,-49.270851,,False,1,1,2023-06-14T09:48:58.647362+00:00
CUR_EA013,Curitiba,4106902,1,,621,,,-25.481608,-49.24714,,False,1,1,2023-06-14T09:48:58.647362+00:00
CUR_DC088,Curitiba,4106902,1,,621,,,-25.491163,-49.288075,,False,1,2,2023-06-14T09:48:58.647362+00:00
CUR_JA022,Curitiba,4106902,1,,826,,,-25.451436,-49.36165,,False,1,2,2023-06-14T09:47:58.647362+00:00
CUR_JC306,Curitiba,4106902,1,,826,,,-25.473948,-49.351681,,False,3,2,2023-06-14T09:48:58.647362+00:00
CUR_JI863,Curitiba,4106902,1,,762,,,-25.470883,-49.316241,,False,7,2,2023-06-14T09:48:58.647362+00:00
CUR_JI851,Curitiba,4106902,1,,762,,,-25.477726,-49.332526,,False,7,1,2023-06-14T09:48:58.647362+00:00
CUR_CC196,Curitiba,4106902,1,,380,,,-25.437738,-49.288331,,False,1,2,2023-06-14T09:48:58.647362+00:00
CUR_CI001,Curitiba,4106902,1,,380,,,-25.434995,-49.275373,,False,1,2,2023-06-14T09:48:58.647362+00:00
CUR_CC302,Curitiba,4106902,1,,380,,,-25.430418,-49.210248,,False,10,1,2023-06-14T09:48:58.647362+00:00
CUR_GC003,Curitiba,4106902,1,,635,,,-25.53553,-49.285075,,False,1,2,2023-06-14T09:48:58.647362+00:00
CUR_GA180,Curitiba,4106902,1,,635,,,-25.540381,-49.289528,,False,1,1,2023-06-14T09:48:58.647362+00:00
CUR_GL301,Curitiba,4106902,0,URBS,508,https://moovitapp.com/index/pt-br/transporte_p%C3%BAblico-line-508_S%C3%8DTIO_CERCADO_ANTI_HOR%C3%81RIO-Curitiba-942-9628-294520-0,-1.0,-25.43109,-49.266195,,False,3,,2023-06-14T09:48:58.647362+00:00
CUR_GL327,Curitiba,4106902,1,URBS,508,https://moovitapp.com/index/pt-br/transporte_p%C3%BAblico-line-508_S%C3%8DTIO_CERCADO_ANTI_HOR%C3%81RIO-Curitiba-942-9628-294520-0,-1.0,-25.435921,-49.262378,,False,3,,2023-06-14T09:48:58.647362+00:00
CUR_GL313,Curitiba,4106902,0,URBS,508,https://moovitapp.com/index/pt-br/transporte_p%C3%BAblico-line-508_S%C3%8DTIO_CERCADO_ANTI_HOR%C3%81RIO-Curitiba-942-9628-294520-0,-1.0,-25.450543,-49.255335,,False,3,,2023-06-14T09:48:58.647362+00:00
CUR_EL308,Curitiba,4106902,0,URBS,508,https://moovitapp.com/index/pt-br/transporte_p%C3%BAblico-line-508_S%C3%8DTIO_CERCADO_ANTI_HOR%C3%81RIO-Curitiba-942-9628-294520-0,-1.0,-25.516105,-49.230251,,False,3,,2023-06-14T09:48:58.647362+00:00
CUR_GL314,Curitiba,4106902,0,URBS,508,https://moovitapp.com/index/pt-br/transporte_p%C3%BAblico-line-508_S%C3%8DTIO_CERCADO_ANTI_HOR%C3%81RIO-Curitiba-942-9628-294520-0,-1.0,-25.528373,-49.253255,,False,3,,2023-06-14T09:48:58.647362+00:00
CUR_GL330,Curitiba,4106902,1,URBS,508,https://moovitapp.com/index/pt-br/transporte_p%C3%BAblico-line-508_S%C3%8DTIO_CERCADO_ANTI_HOR%C3%81RIO-Curitiba-942-9628-294520-0,-1.0,-25.537646,-49.277018,,False,3,,2023-06-14T09:48:58.647362+00:00
CUR_GL329,Curitiba,4106902,1,URBS,508,https://moovitapp.com/index/pt-br/transporte_p%C3%BAblico-line-508_S%C3%8DTIO_CERCADO_ANTI_HOR%C3%81RIO-Curitiba-942-9628-294520-0,-1.0,-25.514996,-49.297245,,False,3,,2023-06-14T09:48:58.647362+00:00
CUR_GL321,Curitiba,4106902,0,URBS,508,https://moovitapp.com/index/pt-br/transporte_p%C3%BAblico-line-508_S%C3%8DTIO_CERCADO_ANTI_HOR%C3%81RIO-Curitiba-942-9628-294520-0,-1.0,-25.517166,-49.293316,,False,3,,2023-06-14T09:47:58.647362+00:00
CUR_GL309,Curitiba,4106902,0,URBS,508,https://moovitapp.com/index/pt-br/transporte_p%C3%BAblico-line-508_S%C3%8DTIO_CERCADO_ANTI_HOR%C3%81RIO-Curitiba-942-9628-294520-0,-1.0,-25.5508,-49.291831,,False,3,,2023-06-14T09:48:58.647362+00:00
CUR_GL319,Curitiba,4106902,0,URBS,508,https://moovitapp.com/index/pt-br/transporte_p%C3%BAblico-line-508_S%C3%8DTIO_CERCADO_ANTI_HOR%C3%81RIO-Curitiba-942-9628-294520-0,-1.0,-25.513381,-49.294413,,False,3,,2023-06-14T09:48:58.647362+00:00
CUR_DC294,Curitiba,4106902,1,,474,,,-25.4393,-49.257995,,False,1,2,2023-06-14T09:48:58.647362+00:00
CUR_BC017,Curitiba,4106902,1,,166,,,-25.426923,-49.270985,,False,1,1,2023-06-14T09:48:58.647362+00:00
CUR_BA015,Curitiba,4106902,1,,166,,,-25.394675,-49.303456,,False,1,2,2023-06-14T09:45:58.647362+00:00
CUR_BC009,Curitiba,4106902,1,,870,,,-25.429923,-49.353605,,False,1,1,2023-06-14T09:47:58.647362+00:00
CUR_BC008,Curitiba,4106902,1,,870,,,-25.430536,-49.329658,,False,1,2,2023-06-14T09:45:58.647362+00:00
CUR_BC014,Curitiba,4106902,1,,870,,,-25.429543,-49.272615,,False,1,1,2023-06-14T09:48:58.647362+00:00
CUR_DN601,Curitiba,4106902,1,,387,,,-25.43102,-49.251391,,False,7,1,2023-06-14T09:48:58.647362+00:00
CUR_BA001,Curitiba,4106902,1,,226,,,-25.378003,-49.2415,,False,1,1,2023-06-14T09:45:58.647362+00:00
CUR_BA030,Curitiba,4106902,1,,226,,,-25.393138,-49.24185,,False,1,1,2023-06-14T09:48:58.647362+00:00
CUR_BI003,Curitiba,4106902,1,,226,,,-25.37284,-49.24197,,False,1,2,2023-06-14T09:48:58.647362+00:00
CUR_GI018,Curitiba,4106902,1,,639,,,-25.55058,-49.290743,,False,1,2,2023-06-14T09:48:58.647362+00:00
CUR_GI023,Curitiba,4106902,1,,639,,,-25.517096,-49.29553,,False,1,1,2023-06-14T09:48:58.647362+00:00
CUR_GI022,Curitiba,4106902,1,,639,,,-25.561825,-49.283298,,False,1,2,2023-06-14T09:48:58.647362+00:00
CUR_BC023,Curitiba,4106902,1,,183,,,-25.422506,-49.268483,,False,1,2,2023-06-14T09:46:58.647362+00:00
CUR_BA036,Curitiba,4106902,1,,183,,,-25.37164,-49.27473,,False,1,1,2023-06-14T09:47:58.647362+00:00
CUR_BI860,Curitiba,4106902,1,,237,,,-25.376821,-49.224013,,False,7,,2023-06-14T09:44:58.647362+00:00
CUR_GE607,Curitiba,4106902,0,URBS,350,https://moovitapp.com/index/pt-br/transporte_p%C3%BAblico-line-350_FAGUNDES_VARELA_PINHEIRINHO-Curitiba-942-9628-52482798-0,-1.0,-25.47911,-49.261915,,False,4,1,2023-06-14T09:48:58.647362+00:00
CUR_BE718,Curitiba,4106902,0,URBS,350,https://moovitapp.com/index/pt-br/transporte_p%C3%BAblico-line-350_FAGUNDES_VARELA_PINHEIRINHO-Curitiba-942-9628-52482798-0,-1.0,-25.420308,-49.224855,,False,5,1,2023-06-14T09:48:58.647362+00:00
CUR_BE728,Curitiba,4106902,0,URBS,350,https://moovitapp.com/index/pt-br/transporte_p%C3%BAblico-line-350_FAGUNDES_VARELA_PINHEIRINHO-Curitiba-942-9628-52482798-0,-1.0,-25.452463,-49.240993,,False,5,2,2023-06-14T09:47:58.647362+00:00
CUR_BB308,Curitiba,4106902,1,,011,,,-25.435165,-49.260225,,False,10,,2023-06-14T09:44:58.647362+00:00
CUR_BB498,Curitiba,4106902,1,,011,,,-25.450576,-49.25293,,False,3,,2023-06-14T09:47:58.647362+00:00
CUR_BI876,Curitiba,4106902,1,,275,,,-25.405485,-49.25997,,False,7,2,2023-06-14T09:48:58.647362+00:00
CUR_BI892,Curitiba,4106902,1,,275,,,-25.376536,-49.238948,,False,7,2,2023-06-14T09:46:58.647362+00:00
CUR_BI886,Curitiba,4106902,1,,275,,,-25.3934,-49.25822,,False,7,1,2023-06-14T09:47:58.647362+00:00
CUR_BI874,Curitiba,4106902,1,,266,,,-25.385631,-49.24877,,False,7,1,2023-06-14T09:45:58.647362+00:00
CUR_BI856,Curitiba,4106902,1,,266,,,-25.428925,-49.270201,,False,7,1,2023-06-14T09:45:58.647362+00:00
CUR_BC321,Curitiba,4106902,1,,170,,,-25.383261,-49.29298,,False,3,1,2023-06-14T09:47:58.647362+00:00
CUR_BC300,Curitiba,4106902,1,,170,,,-25.42364,-49.273838,,False,3,2,2023-06-14T09:46:58.647362+00:00
CUR_BC012,Curitiba,4106902,1,,170,,,-25.422983,-49.274321,,False,1,2,2023-06-14T09:44:58.647362+00:00
CUR_BC020,Curitiba,4106902,1,,170,,,-25.395396,-49.285498,,False,1,1,2023-06-14T09:44:58.647362+00:00
CUR_BI889,Curitiba,4106902,1,,385,,,-25.431611,-49.264231,,False,7,1,2023-06-14T09:47:58.647362+00:00
CUR_GC018,Curitiba,4106902,1,,625,,,-25.49522,-49.29127,,False,1,2,2023-06-14T09:48:58.647362+00:00
CUR_GI021,Curitiba,4106902,1,,625,,,-25.49225,-49.289983,,False,1,2,2023-06-14T09:47:58.647362+00:00
CUR_GI015,Curitiba,4106902,1,,625,,,-25.526601,-49.26721,,False,1,1,2023-06-14T09:48:58.647362+00:00
CUR_GI040,Curitiba,4106902,1,,625,,,-25.506851,-49.282003,,False,1,1,2023-06-14T09:48:58.647362+00:00
CUR_GI038,Curitiba,4106902,1,,625,,,-25.515623,-49.275486,,False,1,1,2023-06-14T09:48:58.647362+00:00
CUR_GI036,Curitiba,4106902,1,,625,,,-25.511368,-49.275298,,False,1,2,2023-06-14T09:48:58.647362+00:00
CUR_BC032,Curitiba,4106902,1,,375,,,-25.420368,-49.210168,,False,1,2,2023-06-14T09:48:58.647362+00:00
CUR_BA024,Curitiba,4106902,1,,375,,,-25.425498,-49.259743,,False,1,1,2023-06-14T09:47:58.647362+00:00
CUR_BI006,Curitiba,4106902,1,,374,,,-25.426085,-49.262833,,False,1,2,2023-06-14T09:44:58.647362+00:00
CUR_BI007,Curitiba,4106902,1,,374,,,-25.416896,-49.254365,,False,1,2,2023-06-14T09:47:58.647362+00:00
CUR_BI005,Curitiba,4106902,1,,374,,,-25.417168,-49.25007,,False,1,1,2023-06-14T09:48:58.647362+00:00
CUR_DR408,Curitiba,4106902,1,,335,,,-25.494753,-49.215876,,False,4,1,2023-06-14T09:48:58.647362+00:00
CUR_EI008,Curitiba,4106902,1,,335,,,-25.497643,-49.217788,,False,1,2,2023-06-14T09:48:58.647362+00:00
CUR_EA008,Curitiba,4106902,1,,335,,,-25.470243,-49.20889,,False,1,2,2023-06-14T09:48:58.647362+00:00
CUR_DA300,Curitiba,4106902,1,,335,,,-25.516716,-49.230841,,False,3,2,2023-06-14T09:47:58.647362+00:00
CUR_BB302,Curitiba,4106902,1,,010,,,-25.417175,-49.258666,,False,10,,2023-06-14T09:48:58.647362+00:00
CUR_BB307,Curitiba,4106902,1,,010,,,-25.429351,-49.289738,,False,10,,2023-06-14T09:46:58.647362+00:00
CUR_BB303,Curitiba,4106902,1,,010,,,-25.447306,-49.257255,,False,10,,2023-06-14T09:47:58.647362+00:00
CUR_JI860,Curitiba,4106902,1,,779,,,-25.456995,-49.303306,,False,7,2,2023-06-14T09:48:58.647362+00:00
CUR_JC316,Curitiba,4106902,1,,778,,,-25.461208,-49.33034,,False,3,1,2023-06-14T09:48:58.647362+00:00
CUR_JC315,Curitiba,4106902,1,,778,,,-25.442016,-49.268958,,False,3,2,2023-06-14T09:48:58.647362+00:00
CUR_JC310,Curitiba,4106902,1,,778,,,-25.456588,-49.324556,,False,3,2,2023-06-14T09:48:58.647362+00:00
CUR_BI024,Curitiba,4106902,1,,242,,,-25.354026,-49.259956,,False,1,2,2023-06-14T09:47:58.647362+00:00
CUR_BI021,Curitiba,4106902,1,,242,,,-25.36139,-49.263151,,False,1,1,2023-06-14T09:47:58.647362+00:00
CUR_DC854,Curitiba,4106902,1,,477,,,-25.458161,-49.24966,,False,7,1,2023-06-14T09:48:58.647362+00:00
CUR_DC850,Curitiba,4106902,1,,477,,,-25.483096,-49.219518,,False,7,2,2023-06-14T09:48:58.647362+00:00
CUR_MI002,Curitiba,4106902,1,,821,,,-25.400618,-49.330726,,False,1,1,2023-06-14T09:48:58.647362+00:00
CUR_MC300,Curitiba,4106902,1,,821,,,-25.441648,-49.34657,,False,3,2,2023-06-14T09:48:58.647362+00:00
CUR_CA600,Curitiba,4106902,1,Auto Viação São José,216,https://moovitapp.com/index/pt-br/transporte_p%C3%BAblico-line-216_PIT_PRA%C3%87A_DA_JUVENTUDE_SANTA_F%C3%89_PINDORAMA-Curitiba-942-857412-122004458-0,-1.0,-25.473913,-49.287891,,False,4,2,2023-06-14T09:48:58.647362+00:00
CUR_BA600,Curitiba,4106902,1,Auto Viação São José,216,https://moovitapp.com/index/pt-br/transporte_p%C3%BAblico-line-216_PIT_PRA%C3%87A_DA_JUVENTUDE_SANTA_F%C3%89_PINDORAMA-Curitiba-942-857412-122004458-0,-1.0,-25.434845,-49.239191,,False,4,1,2023-06-14T09:44:58.647362+00:00
CUR_BA602,Curitiba,4106902,1,Auto Viação São José,216,https://moovitapp.com/index/pt-br/transporte_p%C3%BAblico-line-216_PIT_PRA%C3%87A_DA_JUVENTUDE_SANTA_F%C3%89_PINDORAMA-Curitiba-942-857412-122004458-0,-1.0,-25.44445,-49.249125,,False,4,1,2023-06-14T09:47:58.647362+00:00
CUR_CA698,Curitiba,4106902,0,Auto Viação São José,216,https://moovitapp.com/index/pt-br/transporte_p%C3%BAblico-line-216_PIT_PRA%C3%87A_DA_JUVENTUDE_SANTA_F%C3%89_PINDORAMA-Curitiba-942-857412-122004458-0,-1.0,-25.457861,-49.270325,,False,4,2,2023-06-14T09:48:58.647362+00:00
CUR_BA603,Curitiba,4106902,1,Auto Viação São José,216,https://moovitapp.com/index/pt-br/transporte_p%C3%BAblico-line-216_PIT_PRA%C3%87A_DA_JUVENTUDE_SANTA_F%C3%89_PINDORAMA-Curitiba-942-857412-122004458-0,-1.0,-25.466316,-49.279703,,False,4,1,2023-06-14T09:48:58.647362+00:00
CUR_CA697,Curitiba,4106902,1,Auto Viação São José,216,https://moovitapp.com/index/pt-br/transporte_p%C3%BAblico-line-216_PIT_PRA%C3%87A_DA_JUVENTUDE_SANTA_F%C3%89_PINDORAMA-Curitiba-942-857412-122004458-0,-1.0,-25.384116,-49.20199,,False,4,1,2023-06-14T09:47:58.647362+00:00
CUR_BC306,Curitiba,4106902,1,,182,,,-25.377418,-49.262513,,False,3,2,2023-06-14T09:47:58.647362+00:00
CUR_BC028,Curitiba,4106902,1,,182,,,-25.392403,-49.269281,,False,1,1,2023-06-14T09:48:58.647362+00:00
CUR_BC311,Curitiba,4106902,1,,182,,,-25.404988,-49.271076,,False,3,2,2023-06-14T09:47:58.647362+00:00
CUR_BI870,Curitiba,4106902,1,Auto Viação São José,212,https://moovitapp.com/index/pt-br/transporte_p%C3%BAblico-line-212_PIT_PRA%C3%87A_DA_JUVENTUDE_SANTA_F%C3%89_CRISTAL-Curitiba-942-857412-73656311-0,-1.0,-25.398661,-49.219033,,False,7,2,2023-06-14T09:47:58.647362+00:00
CUR_BI888,Curitiba,4106902,1,Auto Viação São José,212,https://moovitapp.com/index/pt-br/transporte_p%C3%BAblico-line-212_PIT_PRA%C3%87A_DA_JUVENTUDE_SANTA_F%C3%89_CRISTAL-Curitiba-942-857412-73656311-0,-1.0,-25.40717,-49.253026,,False,7,1,2023-06-14T09:47:58.647362+00:00
CUR_BC005,Curitiba,4106902,1,,827,,,-25.437765,-49.363588,,False,1,1,2023-06-14T09:47:58.647362+00:00
CUR_JI019,Curitiba,4106902,1,,711,,,-25.47637,-49.347016,,False,1,2,2023-06-14T09:48:58.647362+00:00
CUR_JA027,Curitiba,4106902,1,,711,,,-25.476658,-49.347443,,False,1,1,2023-06-14T09:48:58.647362+00:00
CUR_GI052,Curitiba,4106902,1,,553,,,-25.55772,-49.247818,,False,1,2,2023-06-14T09:48:58.647362+00:00
CUR_GC010,Curitiba,4106902,1,,553,,,-25.55912,-49.260305,,False,1,1,2023-06-14T09:48:58.647362+00:00
CUR_GI045,Curitiba,4106902,1,,553,,,-25.54673,-49.262403,,False,1,1,2023-06-14T09:48:58.647362+00:00
CUR_GI013,Curitiba,4106902,1,,553,,,-25.534316,-49.268308,,False,1,1,2023-06-14T09:48:58.647362+00:00
CUR_BI899,Curitiba,4106902,1,Auto Viação São José,214,https://moovitapp.com/index/pt-br/transporte_p%C3%BAblico-line-214_PIT_PRA%C3%87A_DA_JUVENTUDE_CRISTAL_BLANCO_POMBO_ANTI_HOR%C3%81RIO-Curitiba-942-857412-119631273-0,-1.0,-25.392941,-49.22713,,False,7,2,2023-06-14T09:47:58.647362+00:00
CUR_BI885,Curitiba,4106902,1,Auto Viação São José,214,https://moovitapp.com/index/pt-br/transporte_p%C3%BAblico-line-214_PIT_PRA%C3%87A_DA_JUVENTUDE_CRISTAL_BLANCO_POMBO_ANTI_HOR%C3%81RIO-Curitiba-942-857412-119631273-0,-1.0,-25.384881,-49.227355,,False,7,1,2023-06-14T09:48:58.647362+00:00
CUR_BC850,Curitiba,4106902,1,,386,,,-25.439146,-49.234808,,False,7,1,2023-06-14T09:48:58.647362+00:00
CUR_BI900,Curitiba,4106902,1,,386,,,-25.429628,-49.253845,,False,7,2,2023-06-14T09:44:58.647362+00:00
CUR_JI949,Curitiba,4106902,1,,861,,,-25.437365,-49.275218,,False,7,1,2023-06-14T09:48:58.647362+00:00
CUR_JI857,Curitiba,4106902,1,,861,,,-25.464013,-49.347425,,False,7,1,2023-06-14T09:48:58.647362+00:00
CUR_BA002,Curitiba,4106902,1,,243,,,-25.363905,-49.262265,,False,1,2,2023-06-14T09:48:58.647362+00:00
CUR_BC280,Curitiba,4106902,1,,243,,,-25.361198,-49.263158,,False,1,2,2023-06-14T09:44:58.647362+00:00
CUR_DC855,Curitiba,4106902,1,,461,,,-25.471303,-49.220585,,False,7,2,2023-06-14T09:48:58.647362+00:00
CUR_DC851,Curitiba,4106902,1,,461,,,-25.474111,-49.218373,,False,7,1,2023-06-14T09:48:58.647362+00:00
CUR_BI027,Curitiba,4106902,1,,815,,,-25.415466,-49.28123,,False,1,,2023-06-14T09:43:58.647362+00:00
CUR_DE694,Curitiba,4106902,0,URBS,302,https://moovitapp.com/index/pt-br/transporte_p%C3%BAblico-line-302_CENTEN%C3%81RIO_RUI_BARBOSA-Curitiba-942-9628-294501-0,-1.0,-25.469278,-49.207451,,False,4,,2023-06-14T09:46:58.647362+00:00
CUR_JL304,Curitiba,4106902,0,URBS,024,https://moovitapp.com/index/pt-br/transporte_p%C3%BAblico-line-024_CAP%C3%83O_RASO_CAMPINA_DO_SIQUEIRA-Curitiba-942-9628-1323693-0,-1.0,-25.492133,-49.292963,,False,3,,2023-06-14T09:47:58.647362+00:00
CUR_BA012,Curitiba,4106902,1,,815,,,-25.414673,-49.280925,,False,1,,2023-06-14T09:43:58.647362+00:00
CUR_GE728,Curitiba,4106902,0,URBS,500,https://moovitapp.com/index/pt-br/transporte_p%C3%BAblico-line-500_LIGEIR%C3%83O_BOQUEIR%C3%83O-Curitiba-942-9628-294422-0,-1.0,-25.522676,-49.228481,,False,5,,2023-06-14T09:47:58.647362+00:00
CUR_GD349,Curitiba,4106902,0,URBS,500,https://moovitapp.com/index/pt-br/transporte_p%C3%BAblico-line-500_LIGEIR%C3%83O_BOQUEIR%C3%83O-Curitiba-942-9628-294422-0,-1.0,-25.54099,-49.293661,,False,5,,2023-06-14T09:46:58.647362+00:00
CUR_GD348,Curitiba,4106902,0,URBS,500,https://moovitapp.com/index/pt-br/transporte_p%C3%BAblico-line-500_LIGEIR%C3%83O_BOQUEIR%C3%83O-Curitiba-942-9628-294422-0,-1.0,-25.537756,-49.27732,,False,5,,2023-06-14T09:46:58.647362+00:00
CUR_DE698,Curitiba,4106902,0,URBS,302,https://moovitapp.com/index/pt-br/transporte_p%C3%BAblico-line-302_CENTEN%C3%81RIO_RUI_BARBOSA-Curitiba-942-9628-294501-0,-1.0,-25.469285,-49.213331,,False,4,,2023-06-14T09:46:58.647362+00:00
CUR_BA020,Curitiba,4106902,1,,829,,,-25.441666,-49.348961,,False,1,,2023-06-14T09:43:58.647362+00:00
CUR_GI017,Curitiba,4106902,1,,614,,,-25.478643,-49.32658,,False,1,,2023-06-14T09:45:58.647362+00:00
CUR_BI029,Curitiba,4106902,1,,829,,,-25.414778,-49.280988,,False,1,,2023-06-14T09:44:58.647362+00:00
CUR_DA014,Curitiba,4106902,1,,321,,,-25.45218,-49.214846,,False,1,1,2023-06-14T09:48:58.647362+00:00
CUR_DC086,Curitiba,4106902,1,,321,,,-25.469133,-49.208008,,False,1,2,2023-06-14T09:48:58.647362+00:00
CUR_BC015,Curitiba,4106902,1,,171,,,-25.415445,-49.279258,,False,1,1,2023-06-14T09:48:58.647362+00:00
CUR_MI850,Curitiba,4106902,1,,913,,,-25.39874,-49.348048,,False,7,2,2023-06-14T09:48:58.647362+00:00
CUR_BI879,Curitiba,4106902,1,,311,,,-25.439266,-49.22018,,False,7,1,2023-06-14T09:46:58.647362+00:00
CUR_BC932,Curitiba,4106902,1,,365,,,-25.438856,-49.279203,,False,7,1,2023-06-14T09:47:58.647362+00:00
CUR_BI901,Curitiba,4106902,1,,365,,,-25.423066,-49.244885,,False,7,2,2023-06-14T09:48:58.647362+00:00
CUR_BI898,Curitiba,4106902,1,,169,,,-25.427663,-49.270926,,False,7,2,2023-06-14T09:44:58.647362+00:00
CUR_BI853,Curitiba,4106902,1,,169,,,-25.427263,-49.270935,,False,7,1,2023-06-14T09:46:58.647362+00:00
CUR_GE715,Curitiba,4106902,0,URBS,200,https://moovitapp.com/index/pt-br/transporte_p%C3%BAblico-line-200_LIGEIR%C3%83O_SANTA_C%C3%82NDIDA_PRA%C3%87A_DO_JAP%C3%83O-Curitiba-942-9628-1323763-0,-1.0,-25.401563,-49.247931,,False,5,1,2023-06-14T09:48:58.647362+00:00
CUR_BE713,Curitiba,4106902,0,URBS,200,https://moovitapp.com/index/pt-br/transporte_p%C3%BAblico-line-200_LIGEIR%C3%83O_SANTA_C%C3%82NDIDA_PRA%C3%87A_DO_JAP%C3%83O-Curitiba-942-9628-1323763-0,-1.0,-25.42385,-49.268268,,False,5,2,2023-06-14T09:48:58.647362+00:00
CUR_BE724,Curitiba,4106902,0,URBS,200,https://moovitapp.com/index/pt-br/transporte_p%C3%BAblico-line-200_LIGEIR%C3%83O_SANTA_C%C3%82NDIDA_PRA%C3%87A_DO_JAP%C3%83O-Curitiba-942-9628-1323763-0,-1.0,-25.436265,-49.26497,,False,5,2,2023-06-14T09:47:58.647362+00:00
CUR_GE706,Curitiba,4106902,0,URBS,200,https://moovitapp.com/index/pt-br/transporte_p%C3%BAblico-line-200_LIGEIR%C3%83O_SANTA_C%C3%82NDIDA_PRA%C3%87A_DO_JAP%C3%83O-Curitiba-942-9628-1323763-0,-1.0,-25.41553,-49.261006,,False,5,1,2023-06-14T09:48:58.647362+00:00
CUR_BE710,Curitiba,4106902,0,URBS,200,https://moovitapp.com/index/pt-br/transporte_p%C3%BAblico-line-200_LIGEIR%C3%83O_SANTA_C%C3%82NDIDA_PRA%C3%87A_DO_JAP%C3%83O-Curitiba-942-9628-1323763-0,-1.0,-25.409385,-49.255173,,False,5,2,2023-06-14T09:48:58.647362+00:00
CUR_BE704,Curitiba,4106902,0,URBS,200,https://moovitapp.com/index/pt-br/transporte_p%C3%BAblico-line-200_LIGEIR%C3%83O_SANTA_C%C3%82NDIDA_PRA%C3%87A_DO_JAP%C3%83O-Curitiba-942-9628-1323763-0,-1.0,-25.446148,-49.287516,,False,5,1,2023-06-14T09:44:58.647362+00:00
CUR_BE721,Curitiba,4106902,0,URBS,200,https://moovitapp.com/index/pt-br/transporte_p%C3%BAblico-line-200_LIGEIR%C3%83O_SANTA_C%C3%82NDIDA_PRA%C3%87A_DO_JAP%C3%83O-Curitiba-942-9628-1323763-0,-1.0,-25.437725,-49.26699,,False,5,1,2023-06-14T09:48:58.647362+00:00
CUR_BE701,Curitiba,4106902,0,URBS,200,https://moovitapp.com/index/pt-br/transporte_p%C3%BAblico-line-200_LIGEIR%C3%83O_SANTA_C%C3%82NDIDA_PRA%C3%87A_DO_JAP%C3%83O-Curitiba-942-9628-1323763-0,-1.0,-25.42396,-49.268498,,False,5,1,2023-06-14T09:46:58.647362+00:00
CUR_BE700,Curitiba,4106902,0,URBS,200,https://moovitapp.com/index/pt-br/transporte_p%C3%BAblico-line-200_LIGEIR%C3%83O_SANTA_C%C3%82NDIDA_PRA%C3%87A_DO_JAP%C3%83O-Curitiba-942-9628-1323763-0,-1.0,-25.441636,-49.277238,,False,5,1,2023-06-14T09:47:58.647362+00:00
CUR_BD144,Curitiba,4106902,0,URBS,200,https://moovitapp.com/index/pt-br/transporte_p%C3%BAblico-line-200_LIGEIR%C3%83O_SANTA_C%C3%82NDIDA_PRA%C3%87A_DO_JAP%C3%83O-Curitiba-942-9628-1323763-0,-1.0,-25.394635,-49.241636,,False,5,1,2023-06-14T09:48:58.647362+00:00
CUR_JA035,Curitiba,4106902,1,,719,,,-25.481808,-49.352088,,False,1,1,2023-06-14T09:48:58.647362+00:00
CUR_JI015,Curitiba,4106902,1,,719,,,-25.477495,-49.328173,,False,1,2,2023-06-14T09:48:58.647362+00:00
CUR_JI853,Curitiba,4106902,1,,825,,,-25.463548,-49.368118,,False,7,1,2023-06-14T09:46:58.647362+00:00
CUR_EI013,Curitiba,4106902,1,,533,,,-25.536253,-49.232315,,False,1,1,2023-06-14T09:48:58.647362+00:00
CUR_EI014,Curitiba,4106902,1,,533,,,-25.534225,-49.251333,,False,1,,2023-06-14T09:48:58.647362+00:00
CUR_BI022,Curitiba,4106902,1,,225,,,-25.384561,-49.248728,,False,1,2,2023-06-14T09:48:58.647362+00:00
CUR_BA035,Curitiba,4106902,1,,225,,,-25.378863,-49.256146,,False,1,1,2023-06-14T09:46:58.647362+00:00
CUR_EA005,Curitiba,4106902,1,,X07,,,-25.534273,-49.26801,,False,1,1,2023-06-14T09:48:58.647362+00:00
CUR_EI006,Curitiba,4106902,1,,X07,,,-25.552403,-49.254328,,False,1,2,2023-06-14T09:48:58.647362+00:00
CUR_GI043,Curitiba,4106902,1,,642,,,-25.54795,-49.293278,,False,1,2,2023-06-14T09:48:58.647362+00:00
CUR_GI053,Curitiba,4106902,1,,642,,,-25.562216,-49.267636,,False,1,2,2023-06-14T09:48:58.647362+00:00
CUR_BI866,Curitiba,4106902,1,,181,,,-25.393123,-49.269646,,False,7,2,2023-06-14T09:44:58.647362+00:00
CUR_JI855,Curitiba,4106902,1,,761,,,-25.434983,-49.272851,,False,7,2,2023-06-14T09:48:58.647362+00:00
CUR_JI856,Curitiba,4106902,1,,761,,,-25.468228,-49.325193,,False,7,1,2023-06-14T09:48:58.647362+00:00
CUR_GE709,Curitiba,4106902,0,URBS,500,https://moovitapp.com/index/pt-br/transporte_p%C3%BAblico-line-500_LIGEIR%C3%83O_BOQUEIR%C3%83O-Curitiba-942-9628-294422-0,-1.0,-25.492496,-49.241938,,False,5,1,2023-06-14T09:48:58.647362+00:00
CUR_GE710,Curitiba,4106902,0,URBS,500,https://moovitapp.com/index/pt-br/transporte_p%C3%BAblico-line-500_LIGEIR%C3%83O_BOQUEIR%C3%83O-Curitiba-942-9628-294422-0,-1.0,-25.454305,-49.26061,,False,5,1,2023-06-14T09:48:58.647362+00:00
CUR_GE724,Curitiba,4106902,0,URBS,500,https://moovitapp.com/index/pt-br/transporte_p%C3%BAblico-line-500_LIGEIR%C3%83O_BOQUEIR%C3%83O-Curitiba-942-9628-294422-0,-1.0,-25.438193,-49.268266,,False,5,2,2023-06-14T09:48:58.647362+00:00
CUR_GE701,Curitiba,4106902,0,URBS,500,https://moovitapp.com/index/pt-br/transporte_p%C3%BAblico-line-500_LIGEIR%C3%83O_BOQUEIR%C3%83O-Curitiba-942-9628-294422-0,-1.0,-25.47088,-49.252505,,False,5,2,2023-06-14T09:48:58.647362+00:00
CUR_GE725,Curitiba,4106902,0,URBS,500,https://moovitapp.com/index/pt-br/transporte_p%C3%BAblico-line-500_LIGEIR%C3%83O_BOQUEIR%C3%83O-Curitiba-942-9628-294422-0,-1.0,-25.500411,-49.238116,,False,5,2,2023-06-14T09:48:58.647362+00:00
CUR_GE722,Curitiba,4106902,0,URBS,500,https://moovitapp.com/index/pt-br/transporte_p%C3%BAblico-line-500_LIGEIR%C3%83O_BOQUEIR%C3%83O-Curitiba-942-9628-294422-0,-1.0,-25.44094,-49.267055,,False,5,1,2023-06-14T09:48:58.647362+00:00
CUR_GE719,Curitiba,4106902,0,URBS,500,https://moovitapp.com/index/pt-br/transporte_p%C3%BAblico-line-500_LIGEIR%C3%83O_BOQUEIR%C3%83O-Curitiba-942-9628-294422-0,-1.0,-25.531995,-49.258685,,False,5,1,2023-06-14T09:48:58.647362+00:00
CUR_GE729,Curitiba,4106902,0,URBS,500,https://moovitapp.com/index/pt-br/transporte_p%C3%BAblico-line-500_LIGEIR%C3%83O_BOQUEIR%C3%83O-Curitiba-942-9628-294422-0,-1.0,-25.550805,-49.292223,,False,5,1,2023-06-14T09:48:58.647362+00:00
CUR_ML300,Curitiba,4106902,0,URBS,902,https://moovitapp.com/index/pt-br/transporte_p%C3%BAblico-line-902_SANTA_FELICIDADE_PRA%C3%87A_TIRADENTES-Curitiba-942-9628-5597930-0,-1.0,-25.401453,-49.329368,,False,3,2,2023-06-14T09:48:58.647362+00:00
CUR_ML306,Curitiba,4106902,0,URBS,902,https://moovitapp.com/index/pt-br/transporte_p%C3%BAblico-line-902_SANTA_FELICIDADE_PRA%C3%87A_TIRADENTES-Curitiba-942-9628-5597930-0,-1.0,-25.41548,-49.300828,,False,3,1,2023-06-14T09:48:58.647362+00:00
CUR_ML308,Curitiba,4106902,0,URBS,902,https://moovitapp.com/index/pt-br/transporte_p%C3%BAblico-line-902_SANTA_FELICIDADE_PRA%C3%87A_TIRADENTES-Curitiba-942-9628-5597930-0,-1.0,-25.429545,-49.27153,,False,3,1,2023-06-14T09:48:58.647362+00:00
CUR_ML314,Curitiba,4106902,0,URBS,902,https://moovitapp.com/index/pt-br/transporte_p%C3%BAblico-line-902_SANTA_FELICIDADE_PRA%C3%87A_TIRADENTES-Curitiba-942-9628-5597930-0,-1.0,-25.41584,-49.29651,,False,3,2,2023-06-14T09:48:58.647362+00:00
CUR_BI890,Curitiba,4106902,1,,343,,,-25.404806,-49.209896,,False,7,2,2023-06-14T09:47:58.647362+00:00
CUR_BA601,Curitiba,4106902,1,,245,,,-25.402011,-49.25864,,False,4,1,2023-06-14T09:47:58.647362+00:00
CUR_BA604,Curitiba,4106902,1,,245,,,-25.376031,-49.262668,,False,4,1,2023-06-14T09:46:58.647362+00:00
CUR_BI300,Curitiba,4106902,1,,245,,,-25.35408,-49.263048,,False,3,2,2023-06-14T09:48:58.647362+00:00
CUR_GL320,Curitiba,4106902,0,URBS,546,https://moovitapp.com/index/pt-br/transporte_p%C3%BAblico-line-546_S%C3%8DTIO_CERCADO_BOQUEIR%C3%83O-Curitiba-942-9628-531687-0,-1.0,-25.516551,-49.231355,,False,3,2,2023-06-14T09:48:58.647362+00:00
CUR_GL300,Curitiba,4106902,0,URBS,546,https://moovitapp.com/index/pt-br/transporte_p%C3%BAblico-line-546_S%C3%8DTIO_CERCADO_BOQUEIR%C3%83O-Curitiba-942-9628-531687-0,-1.0,-25.521741,-49.239291,,False,3,2,2023-06-14T09:48:58.647362+00:00
CUR_GL304,Curitiba,4106902,0,URBS,546,https://moovitapp.com/index/pt-br/transporte_p%C3%BAblico-line-546_S%C3%8DTIO_CERCADO_BOQUEIR%C3%83O-Curitiba-942-9628-531687-0,-1.0,-25.534666,-49.268418,,False,3,1,2023-06-14T09:48:58.647362+00:00
CUR_BI895,Curitiba,4106902,1,,361,,,-25.427,-49.260913,,False,7,2,2023-06-14T09:44:58.647362+00:00
CUR_DC853,Curitiba,4106902,1,,465,,,-25.440566,-49.256221,,False,7,2,2023-06-14T09:48:58.647362+00:00
CUR_GL306,Curitiba,4106902,0,URBS,610,https://moovitapp.com/index/pt-br/transporte_p%C3%BAblico-line-610_S%C3%8DTIO_CERCADO_CAP%C3%83O_RASO-Curitiba-942-9628-491981-0,-1.0,-25.509658,-49.294026,,False,3,1,2023-06-14T09:48:58.647362+00:00
CUR_GL311,Curitiba,4106902,0,URBS,610,https://moovitapp.com/index/pt-br/transporte_p%C3%BAblico-line-610_S%C3%8DTIO_CERCADO_CAP%C3%83O_RASO-Curitiba-942-9628-491981-0,-1.0,-25.534031,-49.26711,,False,3,1,2023-06-14T09:47:58.647362+00:00
CUR_GL318,Curitiba,4106902,0,URBS,610,https://moovitapp.com/index/pt-br/transporte_p%C3%BAblico-line-610_S%C3%8DTIO_CERCADO_CAP%C3%83O_RASO-Curitiba-942-9628-491981-0,-1.0,-25.539545,-49.283481,,False,3,1,2023-06-14T09:46:58.647362+00:00
CUR_BI896,Curitiba,4106902,1,,875,,,-25.427266,-49.320725,,False,7,2,2023-06-14T09:46:58.647362+00:00
CUR_DN600,Curitiba,4106902,1,,331,,,-25.4744,-49.208415,,False,7,,2023-06-14T09:48:58.647362+00:00
CUR_JB301,Curitiba,4106902,1,,720,,,-25.443873,-49.343625,,False,3,1,2023-06-14T09:48:58.647362+00:00
CUR_JB302,Curitiba,4106902,1,,720,,,-25.476053,-49.336646,,False,10,1,2023-06-14T09:48:58.647362+00:00
CUR_JI009,Curitiba,4106902,1,,732,,,-25.483911,-49.34979,,False,1,2,2023-06-14T09:48:58.647362+00:00
CUR_DC852,Curitiba,4106902,1,,464,,,-25.430535,-49.280553,,False,7,1,2023-06-14T09:48:58.647362+00:00
CUR_MN603,Curitiba,4106902,1,,464,,,-25.432968,-49.266523,,False,7,2,2023-06-14T09:48:58.647362+00:00
CUR_GL315,Curitiba,4106902,0,URBS,520,https://moovitapp.com/index/pt-br/transporte_p%C3%BAblico-line-520_OSTERNACK_S%C3%8DTIO_CERCADO_LD-Curitiba-942-9628-82134294-0,-1.0,-25.544391,-49.266163,,False,3,2,2023-06-14T09:48:58.647362+00:00
CUR_GL312,Curitiba,4106902,0,URBS,520,https://moovitapp.com/index/pt-br/transporte_p%C3%BAblico-line-520_OSTERNACK_S%C3%8DTIO_CERCADO_LD-Curitiba-942-9628-82134294-0,-1.0,-25.549085,-49.258063,,False,3,1,2023-06-14T09:48:58.647362+00:00
CUR_JA020,Curitiba,4106902,1,,831,,,-25.49259,-49.301338,,False,1,2,2023-06-14T09:48:58.647362+00:00
CUR_JI002,Curitiba,4106902,1,,831,,,-25.485556,-49.320433,,False,1,1,2023-06-14T09:48:58.647362+00:00
CUR_GA001,Curitiba,4106902,1,,614,,,-25.477308,-49.327293,,False,1,1,2023-06-14T09:48:58.647362+00:00
CUR_JL320,Curitiba,4106902,1,URBS,X36,https://moovitapp.com/index/pt-br/transporte_p%C3%BAblico-line-X36_REFOR%C3%87O_GUADALUPE_FAZENDINHA-Curitiba-942-9628-11745709-0,-1.0,-25.476708,-49.328148,,False,3,1,2023-06-14T09:48:58.647362+00:00
CUR_JL306,Curitiba,4106902,0,URBS,X36,https://moovitapp.com/index/pt-br/transporte_p%C3%BAblico-line-X36_REFOR%C3%87O_GUADALUPE_FAZENDINHA-Curitiba-942-9628-11745709-0,-1.0,-25.452908,-49.298038,,False,3,2,2023-06-14T09:47:58.647362+00:00
CUR_JL308,Curitiba,4106902,0,URBS,X36,https://moovitapp.com/index/pt-br/transporte_p%C3%BAblico-line-X36_REFOR%C3%87O_GUADALUPE_FAZENDINHA-Curitiba-942-9628-11745709-0,-1.0,-25.474893,-49.318151,,False,3,1,2023-06-14T09:48:58.647362+00:00
CUR_JL312,Curitiba,4106902,0,URBS,X36,https://moovitapp.com/index/pt-br/transporte_p%C3%BAblico-line-X36_REFOR%C3%87O_GUADALUPE_FAZENDINHA-Curitiba-942-9628-11745709-0,-1.0,-25.481921,-49.343078,,False,3,1,2023-06-14T09:48:58.647362+00:00
CUR_GI852,Curitiba,4106902,1,,666,,,-25.46431,-49.274053,,False,7,2,2023-06-14T09:48:58.647362+00:00
CUR_DN604,Curitiba,4106902,1,,560,,,-25.435195,-49.273501,,False,7,2,2023-06-14T09:48:58.647362+00:00
CUR_BA018,Curitiba,4106902,1,,829,,,-25.441393,-49.346121,,False,1,,2023-06-14T09:48:58.647362+00:00
CUR_DE704,Curitiba,4106902,0,URBS,302,https://moovitapp.com/index/pt-br/transporte_p%C3%BAblico-line-302_CENTEN%C3%81RIO_RUI_BARBOSA-Curitiba-942-9628-294501-0,-1.0,-25.459186,-49.21224,,False,5,1,2023-06-14T09:48:58.647362+00:00
CUR_DE695,Curitiba,4106902,0,URBS,302,https://moovitapp.com/index/pt-br/transporte_p%C3%BAblico-line-302_CENTEN%C3%81RIO_RUI_BARBOSA-Curitiba-942-9628-294501-0,-1.0,-25.46902,-49.208368,,False,4,1,2023-06-14T09:48:58.647362+00:00
CUR_BI852,Curitiba,4106902,1,,164,,,-25.414368,-49.279811,,False,7,2,2023-06-14T09:47:58.647362+00:00
CUR_KB697,Curitiba,4106902,0,,027,,,-25.492345,-49.29309,,False,4,1,2023-06-14T09:48:58.647362+00:00
CUR_GE600,Curitiba,4106902,0,URBS,X12,https://moovitapp.com/index/pt-br/transporte_p%C3%BAblico-line-X12_ESPECIAL_BOQUEIR%C3%83O-Curitiba-942-9628-504177-0,-1.0,-25.535236,-49.27226,,False,4,2,2023-06-14T09:48:58.647362+00:00
CUR_GR032,Curitiba,4106902,0,URBS,X12,https://moovitapp.com/index/pt-br/transporte_p%C3%BAblico-line-X12_ESPECIAL_BOQUEIR%C3%83O-Curitiba-942-9628-504177-0,-1.0,-25.550373,-49.291736,,False,4,1,2023-06-14T09:48:58.647362+00:00
CUR_BL339,Curitiba,4106902,0,URBS,518,https://moovitapp.com/index/pt-br/transporte_p%C3%BAblico-line-518_PUC_RODOFERROVI%C3%81RIA-Curitiba-942-9628-743528-0,-1.0,-25.450408,-49.257306,,False,3,1,2023-06-14T09:47:58.647362+00:00
CUR_DL308,Curitiba,4106902,0,URBS,469,https://moovitapp.com/index/pt-br/transporte_p%C3%BAblico-line-469_CENTRO_POLIT%C3%89CNICO-Curitiba-942-9628-294421-0,-1.0,-25.416078,-49.26821,,False,3,1,2023-06-14T09:48:58.647362+00:00
CUR_DL306,Curitiba,4106902,0,URBS,469,https://moovitapp.com/index/pt-br/transporte_p%C3%BAblico-line-469_CENTRO_POLIT%C3%89CNICO-Curitiba-942-9628-294421-0,-1.0,-25.438671,-49.268066,,False,3,1,2023-06-14T09:48:58.647362+00:00
