bus_id,city,city_code,adapted,agency,line_code,line_url,line_fare,latitude,longitude,bus_speed,is_eletric,bus_type,bus_direction,updated_at
CUR_BI896,Curitiba,4106902,1,,168,,,-25.417951,-49.290593,,False,7,2,2023-06-18T22:05:21.687694+00:00
CUR_DN602,Curitiba,4106902,1,,466,,,-25.43704,-49.260576,,False,7,1,2023-06-18T22:05:21.687694+00:00
CUR_HL493,Curitiba,4106902,1,URBS,304,https://moovitapp.com/index/pt-br/transporte_p%C3%BAblico-line-304_PINHAIS_CAMPO_COMPRIDO-Curitiba-942-9628-133282995-0,-1.0,-25.436986,-49.244486,,False,3,2,2023-06-18T22:05:21.687694+00:00
CUR_JL321,Curitiba,4106902,1,URBS,304,https://moovitapp.com/index/pt-br/transporte_p%C3%BAblico-line-304_PINHAIS_CAMPO_COMPRIDO-Curitiba-942-9628-133282995-0,-1.0,-25.437565,-49.240096,,False,3,2,2023-06-18T22:05:21.687694+00:00
CUR_HI023,Curitiba,4106902,1,,619,,,-25.556265,-49.332676,,False,1,1,2023-06-18T22:05:21.687694+00:00
CUR_JI008,Curitiba,4106902,1,,658,,,-25.4875,-49.349065,,False,1,1,2023-06-18T22:05:21.687694+00:00
CUR_HI046,Curitiba,4106902,1,,685,,,-25.525275,-49.330035,,False,1,2,2023-06-18T22:04:21.687694+00:00
CUR_HI015,Curitiba,4106902,1,,685,,,-25.587031,-49.33852,,False,1,1,2023-06-18T22:04:21.687694+00:00
CUR_BE717,Curitiba,4106902,0,URBS,203,https://moovitapp.com/index/pt-br/transporte_p%C3%BAblico-line-203_SANTA_C%C3%82NDIDA_CAP%C3%83O_RASO-Curitiba-942-9628-1323737-0,-1.0,-25.410408,-49.25621,,False,5,2,2023-06-18T22:04:21.687694+00:00
CUR_BE708,Curitiba,4106902,0,URBS,203,https://moovitapp.com/index/pt-br/transporte_p%C3%BAblico-line-203_SANTA_C%C3%82NDIDA_CAP%C3%83O_RASO-Curitiba-942-9628-1323737-0,-1.0,-25.451308,-49.287891,,False,5,1,2023-06-18T22:05:21.687694+00:00
CUR_BE721,Curitiba,4106902,0,URBS,203,https://moovitapp.com/index/pt-br/transporte_p%C3%BAblico-line-203_SANTA_C%C3%82NDIDA_CAP%C3%83O_RASO-Curitiba-942-9628-1323737-0,-1.0,-25.3878,-49.235168,,False,5,2,2023-06-18T22:05:21.687694+00:00
CUR_BE714,Curitiba,4106902,0,URBS,203,https://moovitapp.com/index/pt-br/transporte_p%C3%BAblico-line-203_SANTA_C%C3%82NDIDA_CAP%C3%83O_RASO-Curitiba-942-9628-1323737-0,-1.0,-25.471101,-49.294385,,False,5,1,2023-06-18T22:05:21.687694+00:00
CUR_HE719,Curitiba,4106902,0,URBS,203,https://moovitapp.com/index/pt-br/transporte_p%C3%BAblico-line-203_SANTA_C%C3%82NDIDA_CAP%C3%83O_RASO-Curitiba-942-9628-1323737-0,-1.0,-25.41887,-49.26396,,False,5,2,2023-06-18T22:04:21.687694+00:00
CUR_BE729,Curitiba,4106902,0,URBS,203,https://moovitapp.com/index/pt-br/transporte_p%C3%BAblico-line-203_SANTA_C%C3%82NDIDA_CAP%C3%83O_RASO-Curitiba-942-9628-1323737-0,-1.0,-25.444343,-49.284021,,False,5,1,2023-06-18T22:05:21.687694+00:00
CUR_HE717,Curitiba,4106902,0,URBS,203,https://moovitapp.com/index/pt-br/transporte_p%C3%BAblico-line-203_SANTA_C%C3%82NDIDA_CAP%C3%83O_RASO-Curitiba-942-9628-1323737-0,-1.0,-25.437053,-49.26501,,False,5,1,2023-06-18T22:05:21.687694+00:00
CUR_BE710,Curitiba,4106902,0,URBS,203,https://moovitapp.com/index/pt-br/transporte_p%C3%BAblico-line-203_SANTA_C%C3%82NDIDA_CAP%C3%83O_RASO-Curitiba-942-9628-1323737-0,-1.0,-25.43791,-49.266863,,False,5,2,2023-06-18T22:05:21.687694+00:00
CUR_GE728,Curitiba,4106902,0,URBS,203,https://moovitapp.com/index/pt-br/transporte_p%C3%BAblico-line-203_SANTA_C%C3%82NDIDA_CAP%C3%83O_RASO-Curitiba-942-9628-1323737-0,-1.0,-25.485265,-49.29391,,False,5,1,2023-06-18T22:04:21.687694+00:00
CUR_BE716,Curitiba,4106902,0,URBS,203,https://moovitapp.com/index/pt-br/transporte_p%C3%BAblico-line-203_SANTA_C%C3%82NDIDA_CAP%C3%83O_RASO-Curitiba-942-9628-1323737-0,-1.0,-25.382836,-49.230586,,False,5,2,2023-06-18T22:05:21.687694+00:00
CUR_HI604,Curitiba,4106902,1,,684,,,-25.579093,-49.334131,,False,4,1,2023-06-18T22:04:21.687694+00:00
CUR_HI043,Curitiba,4106902,1,,684,,,-25.511793,-49.294918,,False,1,2,2023-06-18T22:05:21.687694+00:00
CUR_HI605,Curitiba,4106902,1,,684,,,-25.585931,-49.334771,,False,4,1,2023-06-18T22:04:21.687694+00:00
CUR_EB600,Curitiba,4106902,1,,021,,,-25.388023,-49.267206,,False,4,,2023-06-18T22:05:21.687694+00:00
CUR_BB305,Curitiba,4106902,1,,021,,,-25.470838,-49.236938,,False,10,,2023-06-18T22:05:21.687694+00:00
CUR_KB606,Curitiba,4106902,1,,021,,,-25.436288,-49.30826,,False,4,,2023-06-18T22:05:21.687694+00:00
CUR_KB605,Curitiba,4106902,1,,021,,,-25.49257,-49.291481,,False,4,,2023-06-18T22:04:21.687694+00:00
CUR_XY043,Curitiba,4106902,0,,021,,,-25.477693,-49.296945,,False,3,,2023-06-18T22:04:21.687694+00:00
CUR_EI009,Curitiba,4106902,1,,521,,,-25.515045,-49.244583,,False,1,2,2023-06-18T22:05:21.687694+00:00
CUR_DL304,Curitiba,4106902,0,URBS,023,https://moovitapp.com/index/pt-br/transporte_p%C3%BAblico-line-023_INTER_2_ANTI_HOR%C3%81RIO-Curitiba-942-9628-398189-0,-1.0,-25.441345,-49.221245,,False,3,,2023-06-18T22:05:21.687694+00:00
CUR_DL317,Curitiba,4106902,0,URBS,023,https://moovitapp.com/index/pt-br/transporte_p%C3%BAblico-line-023_INTER_2_ANTI_HOR%C3%81RIO-Curitiba-942-9628-398189-0,-1.0,-25.414838,-49.278256,,False,3,,2023-06-18T22:05:21.687694+00:00
CUR_GL322,Curitiba,4106902,0,URBS,023,https://moovitapp.com/index/pt-br/transporte_p%C3%BAblico-line-023_INTER_2_ANTI_HOR%C3%81RIO-Curitiba-942-9628-398189-0,-1.0,-25.439693,-49.222078,,False,3,,2023-06-18T22:05:21.687694+00:00
CUR_BL313,Curitiba,4106902,0,URBS,023,https://moovitapp.com/index/pt-br/transporte_p%C3%BAblico-line-023_INTER_2_ANTI_HOR%C3%81RIO-Curitiba-942-9628-398189-0,-1.0,-25.490928,-49.2554,,False,3,,2023-06-18T22:04:21.687694+00:00
CUR_BL324,Curitiba,4106902,0,URBS,023,https://moovitapp.com/index/pt-br/transporte_p%C3%BAblico-line-023_INTER_2_ANTI_HOR%C3%81RIO-Curitiba-942-9628-398189-0,-1.0,-25.496253,-49.270291,,False,3,,2023-06-18T22:05:21.687694+00:00
CUR_BL336,Curitiba,4106902,0,URBS,023,https://moovitapp.com/index/pt-br/transporte_p%C3%BAblico-line-023_INTER_2_ANTI_HOR%C3%81RIO-Curitiba-942-9628-398189-0,-1.0,-25.492093,-49.293743,,False,3,,2023-06-18T22:05:21.687694+00:00
CUR_GE611,Curitiba,4106902,0,URBS,502,https://moovitapp.com/index/pt-br/transporte_p%C3%BAblico-line-502_CIRCULAR_SUL_HOR%C3%81RIO-Curitiba-942-9628-294482-0,-1.0,-25.481251,-49.247416,,False,4,,2023-06-18T22:04:21.687694+00:00
CUR_GE614,Curitiba,4106902,0,URBS,502,https://moovitapp.com/index/pt-br/transporte_p%C3%BAblico-line-502_CIRCULAR_SUL_HOR%C3%81RIO-Curitiba-942-9628-294482-0,-1.0,-25.475141,-49.292221,,False,4,,2023-06-18T22:05:21.687694+00:00
CUR_GE604,Curitiba,4106902,0,URBS,502,https://moovitapp.com/index/pt-br/transporte_p%C3%BAblico-line-502_CIRCULAR_SUL_HOR%C3%81RIO-Curitiba-942-9628-294482-0,-1.0,-25.534361,-49.267495,,False,4,,2023-06-18T22:04:21.687694+00:00
CUR_BI901,Curitiba,4106902,1,,827,,,-25.44167,-49.368726,,False,7,1,2023-06-18T22:04:21.687694+00:00
CUR_JI300,Curitiba,4106902,0,,706,,,-25.439835,-49.271763,,False,3,2,2023-06-18T22:04:21.687694+00:00
CUR_JC305,Curitiba,4106902,1,,706,,,-25.467556,-49.309005,,False,3,2,2023-06-18T22:05:21.687694+00:00
CUR_JC301,Curitiba,4106902,1,,706,,,-25.483843,-49.349951,,False,3,1,2023-06-18T22:05:21.687694+00:00
CUR_JC313,Curitiba,4106902,1,,706,,,-25.459351,-49.302473,,False,3,1,2023-06-18T22:05:21.687694+00:00
CUR_BI011,Curitiba,4106902,1,,924,,,-25.38132,-49.306095,,False,1,2,2023-06-18T22:01:21.687694+00:00
CUR_BA030,Curitiba,4106902,1,,924,,,-25.380571,-49.313648,,False,1,1,2023-06-18T22:05:21.687694+00:00
CUR_JI866,Curitiba,4106902,1,,777,,,-25.461125,-49.326631,,False,7,1,2023-06-18T22:04:21.687694+00:00
CUR_HI016,Curitiba,4106902,1,,655,,,-25.545573,-49.303695,,False,1,1,2023-06-18T22:05:21.687694+00:00
CUR_HI025,Curitiba,4106902,1,,655,,,-25.560158,-49.324805,,False,1,2,2023-06-18T22:05:21.687694+00:00
CUR_EB601,Curitiba,4106902,1,,020,,,-25.39727,-49.251115,,False,4,,2023-06-18T22:04:21.687694+00:00
CUR_BB608,Curitiba,4106902,1,,020,,,-25.426645,-49.300391,,False,4,,2023-06-18T22:05:21.687694+00:00
CUR_BB611,Curitiba,4106902,1,,020,,,-25.48229,-49.246866,,False,4,,2023-06-18T22:04:21.687694+00:00
CUR_GB600,Curitiba,4106902,1,,020,,,-25.435298,-49.218083,,False,4,,2023-06-18T22:05:21.687694+00:00
CUR_BC311,Curitiba,4106902,1,,205,,,-25.385975,-49.261586,,False,3,2,2023-06-18T22:04:21.687694+00:00
CUR_BC309,Curitiba,4106902,1,,205,,,-25.428981,-49.270258,,False,3,1,2023-06-18T22:04:21.687694+00:00
CUR_JI011,Curitiba,4106902,1,,860,,,-25.449456,-49.300493,,False,1,1,2023-06-18T22:04:21.687694+00:00
CUR_GI005,Curitiba,4106902,1,,545,,,-25.534231,-49.318556,,False,1,1,2023-06-18T22:04:21.687694+00:00
CUR_KI002,Curitiba,4106902,1,,545,,,-25.519118,-49.323835,,False,1,1,2023-06-18T22:05:21.687694+00:00
CUR_JC315,Curitiba,4106902,1,,545,,,-25.516728,-49.230898,,False,3,2,2023-06-18T22:04:21.687694+00:00
CUR_DA297,Curitiba,4106902,1,,335,,,-25.468818,-49.207865,,False,1,1,2023-06-18T22:04:21.687694+00:00
CUR_DA029,Curitiba,4106902,1,,335,,,-25.51679,-49.230668,,False,1,2,2023-06-18T22:04:21.687694+00:00
CUR_GI055,Curitiba,4106902,1,,548,,,-25.561553,-49.251938,,False,1,2,2023-06-18T22:05:21.687694+00:00
CUR_GI014,Curitiba,4106902,1,,548,,,-25.55175,-49.253168,,False,1,1,2023-06-18T22:05:21.687694+00:00
CUR_DC853,Curitiba,4106902,1,,334,,,-25.469143,-49.207613,,False,7,,2023-06-18T22:05:21.687694+00:00
CUR_HI855,Curitiba,4106902,1,,630,,,-25.543843,-49.326201,,False,7,2,2023-06-18T22:05:21.687694+00:00
CUR_BI024,Curitiba,4106902,1,,233,,,-25.369263,-49.209055,,False,1,,2023-06-18T22:05:21.687694+00:00
CUR_HI859,Curitiba,4106902,1,,865,,,-25.449741,-49.318948,,False,7,1,2023-06-18T22:05:21.687694+00:00
CUR_GI020,Curitiba,4106902,1,,640,,,-25.550846,-49.299206,,False,1,2,2023-06-18T22:04:21.687694+00:00
CUR_DN604,Curitiba,4106902,1,,465,,,-25.443941,-49.249733,,False,7,2,2023-06-18T22:04:21.687694+00:00
CUR_BI856,Curitiba,4106902,1,Auto Viação São José,213,https://moovitapp.com/index/pt-br/transporte_p%C3%BAblico-line-213_PIT_PRA%C3%87A_DA_JUVENTUDE_CRISTAL_BLANCO_POMBO_HOR%C3%81RIO-Curitiba-942-857412-119631272-0,-1.0,-25.393208,-49.227323,,False,7,1,2023-06-18T22:05:21.687694+00:00
CUR_HC851,Curitiba,4106902,1,,863,,,-25.439308,-49.27335,,False,7,1,2023-06-18T22:04:21.687694+00:00
CUR_HI022,Curitiba,4106902,1,,772,,,-25.601526,-49.324775,,False,1,1,2023-06-18T22:04:21.687694+00:00
CUR_HI039,Curitiba,4106902,1,,772,,,-25.608021,-49.332831,,False,1,1,2023-06-18T22:05:21.687694+00:00
CUR_BI875,Curitiba,4106902,1,,243,,,-25.363298,-49.262715,,False,7,1,2023-06-18T22:04:21.687694+00:00
CUR_GI855,Curitiba,4106902,1,,665,,,-25.435563,-49.273951,,False,7,2,2023-06-18T22:05:21.687694+00:00
CUR_GI857,Curitiba,4106902,1,,665,,,-25.518731,-49.272115,,False,7,1,2023-06-18T22:04:21.687694+00:00
CUR_BI889,Curitiba,4106902,1,,386,,,-25.435553,-49.229418,,False,7,2,2023-06-18T22:04:21.687694+00:00
CUR_BI022,Curitiba,4106902,1,,225,,,-25.377211,-49.26255,,False,1,1,2023-06-18T22:05:21.687694+00:00
CUR_GI046,Curitiba,4106902,1,,643,,,-25.512935,-49.29471,,False,1,2,2023-06-18T22:05:21.687694+00:00
CUR_GI008,Curitiba,4106902,1,,643,,,-25.593716,-49.277123,,False,1,1,2023-06-18T22:05:21.687694+00:00
CUR_EI006,Curitiba,4106902,1,,X07,,,-25.544638,-49.26629,,False,1,1,2023-06-18T22:04:21.687694+00:00
CUR_EA026,Curitiba,4106902,1,,657,,,-25.495191,-49.291396,,False,1,1,2023-06-18T22:05:21.687694+00:00
CUR_GI044,Curitiba,4106902,1,,683,,,-25.535503,-49.270608,,False,1,2,2023-06-18T22:05:21.687694+00:00
CUR_GI023,Curitiba,4106902,1,,636,,,-25.512026,-49.295286,,False,1,1,2023-06-18T22:05:21.687694+00:00
CUR_JI856,Curitiba,4106902,1,,861,,,-25.444883,-49.291791,,False,7,2,2023-06-18T22:05:21.687694+00:00
CUR_JL307,Curitiba,4106902,0,URBS,702,https://moovitapp.com/index/pt-br/transporte_p%C3%BAblico-line-702_CAIU%C3%81_CACHOEIRA-Curitiba-942-9628-133282980-0,-1.0,-25.383183,-49.26169,,False,3,2,2023-06-18T22:04:21.687694+00:00
CUR_JL320,Curitiba,4106902,1,URBS,702,https://moovitapp.com/index/pt-br/transporte_p%C3%BAblico-line-702_CAIU%C3%81_CACHOEIRA-Curitiba-942-9628-133282980-0,-1.0,-25.396208,-49.256761,,False,3,1,2023-06-18T22:05:21.687694+00:00
CUR_HI018,Curitiba,4106902,1,,650,,,-25.538716,-49.30186,,False,1,2,2023-06-18T22:05:21.687694+00:00
CUR_HI607,Curitiba,4106902,0,,650,,,-25.575916,-49.331056,,False,4,1,2023-06-18T22:05:21.687694+00:00
CUR_HI032,Curitiba,4106902,1,,650,,,-25.551773,-49.330598,,False,1,1,2023-06-18T22:05:21.687694+00:00
CUR_HN403,Curitiba,4106902,1,,627,,,-25.499391,-49.304685,,False,7,2,2023-06-18T22:05:21.687694+00:00
CUR_DA011,Curitiba,4106902,1,,322,,,-25.460648,-49.20652,,False,1,1,2023-06-18T22:05:21.687694+00:00
CUR_DA290,Curitiba,4106902,1,,338,,,-25.481775,-49.246791,,False,1,1,2023-06-18T22:04:21.687694+00:00
CUR_DA033,Curitiba,4106902,1,,338,,,-25.468961,-49.208301,,False,1,2,2023-06-18T22:04:21.687694+00:00
CUR_BI870,Curitiba,4106902,1,Auto Viação São José,214,https://moovitapp.com/index/pt-br/transporte_p%C3%BAblico-line-214_PIT_PRA%C3%87A_DA_JUVENTUDE_CRISTAL_BLANCO_POMBO_ANTI_HOR%C3%81RIO-Curitiba-942-857412-119631273-0,-1.0,-25.387195,-49.225423,,False,7,2,2023-06-18T22:05:21.687694+00:00
CUR_DA292,Curitiba,4106902,1,,621,,,-25.481918,-49.253916,,False,1,2,2023-06-18T22:05:21.687694+00:00
CUR_EI018,Curitiba,4106902,1,,621,,,-25.49244,-49.290438,,False,1,2,2023-06-18T22:00:21.687694+00:00
CUR_BI850,Curitiba,4106902,1,,875,,,-25.432298,-49.27776,,False,7,2,2023-06-18T22:04:21.687694+00:00
CUR_GL325,Curitiba,4106902,0,URBS,022,https://moovitapp.com/index/pt-br/transporte_p%C3%BAblico-line-022_INTER_2_HOR%C3%81RIO-Curitiba-942-9628-381388-0,-1.0,-25.440486,-49.220855,,False,3,,2023-06-18T22:04:21.687694+00:00
CUR_DL301,Curitiba,4106902,0,URBS,022,https://moovitapp.com/index/pt-br/transporte_p%C3%BAblico-line-022_INTER_2_HOR%C3%81RIO-Curitiba-942-9628-381388-0,-1.0,-25.436265,-49.30741,,False,3,,2023-06-18T22:05:21.687694+00:00
CUR_EL326,Curitiba,4106902,1,URBS,022,https://moovitapp.com/index/pt-br/transporte_p%C3%BAblico-line-022_INTER_2_HOR%C3%81RIO-Curitiba-942-9628-381388-0,-1.0,-25.414796,-49.287198,,False,3,,2023-06-18T22:02:21.687694+00:00
CUR_BL319,Curitiba,4106902,0,URBS,022,https://moovitapp.com/index/pt-br/transporte_p%C3%BAblico-line-022_INTER_2_HOR%C3%81RIO-Curitiba-942-9628-381388-0,-1.0,-25.422461,-49.241076,,False,3,,2023-06-18T22:05:21.687694+00:00
CUR_BL329,Curitiba,4106902,0,URBS,022,https://moovitapp.com/index/pt-br/transporte_p%C3%BAblico-line-022_INTER_2_HOR%C3%81RIO-Curitiba-942-9628-381388-0,-1.0,-25.474431,-49.290406,,False,3,,2023-06-18T22:05:21.687694+00:00
CUR_KB604,Curitiba,4106902,1,,050,,,-25.477926,-49.293045,,False,4,1,2023-06-18T22:04:21.687694+00:00
CUR_JB301,Curitiba,4106902,1,,050,,,-25.460746,-49.273193,,False,3,1,2023-06-18T22:04:21.687694+00:00
CUR_EB603,Curitiba,4106902,1,,050,,,-25.45531,-49.217471,,False,4,2,2023-06-18T22:05:21.687694+00:00
CUR_DA294,Curitiba,4106902,1,,462,,,-25.480261,-49.209498,,False,1,1,2023-06-18T22:05:21.687694+00:00
CUR_DA296,Curitiba,4106902,1,,462,,,-25.43489,-49.272451,,False,1,1,2023-06-18T22:05:21.687694+00:00
CUR_MN608,Curitiba,4106902,1,,972,,,-25.39895,-49.334186,,False,7,1,2023-06-18T22:04:21.687694+00:00
CUR_MN603,Curitiba,4106902,1,,972,,,-25.423916,-49.290826,,False,7,2,2023-06-18T22:05:21.687694+00:00
CUR_KB608,Curitiba,4106902,1,,030,,,-25.463096,-49.214626,,False,4,2,2023-06-18T22:05:21.687694+00:00
CUR_BB600,Curitiba,4106902,1,,030,,,-25.499021,-49.232098,,False,4,1,2023-06-18T22:04:21.687694+00:00
CUR_KB607,Curitiba,4106902,1,,030,,,-25.394893,-49.209461,,False,4,2,2023-06-18T22:04:21.687694+00:00
CUR_CB600,Curitiba,4106902,1,,030,,,-25.420575,-49.202431,,False,4,2,2023-06-18T22:04:21.687694+00:00
CUR_CB603,Curitiba,4106902,1,,030,,,-25.50617,-49.283131,,False,4,1,2023-06-18T22:05:21.687694+00:00
CUR_HI862,Curitiba,4106902,1,,628,,,-25.552768,-49.33731,,False,7,1,2023-06-18T22:05:21.687694+00:00
CUR_HI853,Curitiba,4106902,1,,628,,,-25.52261,-49.332503,,False,7,2,2023-06-18T22:05:21.687694+00:00
CUR_HE610,Curitiba,4106902,0,URBS,602,https://moovitapp.com/index/pt-br/transporte_p%C3%BAblico-line-602_CIRCULAR_SUL_ANTI_HOR%C3%81RIO-Curitiba-942-9628-294517-0,-1.0,-25.520151,-49.295481,,False,4,,2023-06-18T22:04:21.687694+00:00
CUR_HE615,Curitiba,4106902,0,URBS,602,https://moovitapp.com/index/pt-br/transporte_p%C3%BAblico-line-602_CIRCULAR_SUL_ANTI_HOR%C3%81RIO-Curitiba-942-9628-294517-0,-1.0,-25.472573,-49.264601,,False,4,,2023-06-18T22:04:21.687694+00:00
CUR_HE612,Curitiba,4106902,0,URBS,602,https://moovitapp.com/index/pt-br/transporte_p%C3%BAblico-line-602_CIRCULAR_SUL_ANTI_HOR%C3%81RIO-Curitiba-942-9628-294517-0,-1.0,-25.525331,-49.230711,,False,4,,2023-06-18T22:05:21.687694+00:00
CUR_HI854,Curitiba,4106902,1,,673,,,-25.43775,-49.272938,,False,7,2,2023-06-18T22:05:21.687694+00:00
CUR_BI859,Curitiba,4106902,1,,160,,,-25.422143,-49.284763,,False,7,1,2023-06-18T22:05:21.687694+00:00
CUR_BC932,Curitiba,4106902,1,,160,,,-25.442098,-49.268615,,False,7,2,2023-06-18T22:05:21.687694+00:00
CUR_GI054,Curitiba,4106902,1,,631,,,-25.51254,-49.294903,,False,1,,2023-06-18T22:04:21.687694+00:00
CUR_GI048,Curitiba,4106902,1,,534,,,-25.52988,-49.254616,,False,1,2,2023-06-18T22:05:21.687694+00:00
CUR_BI866,Curitiba,4106902,1,Auto Viação São José,212,https://moovitapp.com/index/pt-br/transporte_p%C3%BAblico-line-212_PIT_PRA%C3%87A_DA_JUVENTUDE_SANTA_F%C3%89_CRISTAL-Curitiba-942-857412-73656311-0,-1.0,-25.395151,-49.22471,,False,7,2,2023-06-18T22:04:21.687694+00:00
CUR_HL328,Curitiba,4106902,0,URBS,210,https://moovitapp.com/index/pt-br/transporte_p%C3%BAblico-line-210_CIC_CABRAL-Curitiba-942-9628-363542-0,-1.0,-25.40762,-49.25479,,False,3,2,2023-06-18T22:04:21.687694+00:00
CUR_HL331,Curitiba,4106902,1,URBS,210,https://moovitapp.com/index/pt-br/transporte_p%C3%BAblico-line-210_CIC_CABRAL-Curitiba-942-9628-363542-0,-1.0,-25.455081,-49.267076,,False,3,1,2023-06-18T22:05:21.687694+00:00
CUR_HL497,Curitiba,4106902,1,URBS,210,https://moovitapp.com/index/pt-br/transporte_p%C3%BAblico-line-210_CIC_CABRAL-Curitiba-942-9628-363542-0,-1.0,-25.471881,-49.28565,,False,3,1,2023-06-18T22:05:21.687694+00:00
CUR_BI879,Curitiba,4106902,1,,183,,,-25.375205,-49.274393,,False,7,1,2023-06-18T22:04:21.687694+00:00
CUR_BI871,Curitiba,4106902,1,,266,,,-25.390305,-49.260265,,False,7,2,2023-06-18T22:04:21.687694+00:00
CUR_EI008,Curitiba,4106902,1,,528,,,-25.534618,-49.246526,,False,1,1,2023-06-18T22:04:21.687694+00:00
CUR_GI011,Curitiba,4106902,1,,528,,,-25.541698,-49.294428,,False,1,2,2023-06-18T22:05:21.687694+00:00
CUR_GI047,Curitiba,4106902,1,,528,,,-25.535316,-49.25371,,False,1,1,2023-06-18T22:05:21.687694+00:00
CUR_EA020,Curitiba,4106902,1,,528,,,-25.550951,-49.292716,,False,1,2,2023-06-18T22:05:21.687694+00:00
CUR_BI860,Curitiba,4106902,1,,366,,,-25.425728,-49.260178,,False,7,1,2023-06-18T22:05:21.687694+00:00
CUR_JI017,Curitiba,4106902,1,,611,,,-25.476505,-49.319903,,False,1,2,2023-06-18T22:05:21.687694+00:00
CUR_JI012,Curitiba,4106902,1,,611,,,-25.476566,-49.292303,,False,1,1,2023-06-18T22:04:21.687694+00:00
CUR_HB608,Curitiba,4106902,1,,040,,,-25.42896,-49.353573,,False,4,1,2023-06-18T22:04:21.687694+00:00
CUR_GB612,Curitiba,4106902,1,,040,,,-25.512221,-49.309825,,False,4,2,2023-06-18T22:04:21.687694+00:00
CUR_HB606,Curitiba,4106902,1,,040,,,-25.495558,-49.325356,,False,4,1,2023-06-18T22:04:21.687694+00:00
CUR_HB605,Curitiba,4106902,1,,040,,,-25.408203,-49.340051,,False,4,2,2023-06-18T22:05:21.687694+00:00
CUR_HB607,Curitiba,4106902,1,,040,,,-25.44188,-49.344735,,False,4,1,2023-06-18T22:04:21.687694+00:00
CUR_CI007,Curitiba,4106902,1,,222,,,-25.383878,-49.196036,,False,1,2,2023-06-18T22:05:21.687694+00:00
CUR_DC855,Curitiba,4106902,1,,387,,,-25.44179,-49.232891,,False,7,2,2023-06-18T22:04:21.687694+00:00
CUR_MI852,Curitiba,4106902,1,,948,,,-25.399765,-49.346683,,False,7,2,2023-06-18T22:04:21.687694+00:00
CUR_MA949,Curitiba,4106902,1,,958,,,-25.400781,-49.331135,,False,7,1,2023-06-18T22:04:21.687694+00:00
CUR_HI857,Curitiba,4106902,1,,652,,,-25.533765,-49.330351,,False,7,2,2023-06-18T22:05:21.687694+00:00
CUR_HI861,Curitiba,4106902,1,,652,,,-25.5347,-49.331295,,False,7,1,2023-06-18T22:05:21.687694+00:00
CUR_BI869,Curitiba,4106902,1,,231,,,-25.375105,-49.22062,,False,7,2,2023-06-18T22:05:21.687694+00:00
CUR_HE724,Curitiba,4106902,0,URBS,603,https://moovitapp.com/index/pt-br/transporte_p%C3%BAblico-line-603_PINHEIRINHO_RUI_BARBOSA-Curitiba-942-9628-484781-0,-1.0,-25.507201,-49.295803,,False,5,1,2023-06-18T22:04:21.687694+00:00
CUR_HE722,Curitiba,4106902,0,URBS,603,https://moovitapp.com/index/pt-br/transporte_p%C3%BAblico-line-603_PINHEIRINHO_RUI_BARBOSA-Curitiba-942-9628-484781-0,-1.0,-25.475228,-49.293215,,False,5,1,2023-06-18T22:04:21.687694+00:00
CUR_HE731,Curitiba,4106902,0,URBS,603,https://moovitapp.com/index/pt-br/transporte_p%C3%BAblico-line-603_PINHEIRINHO_RUI_BARBOSA-Curitiba-942-9628-484781-0,-1.0,-25.439935,-49.272398,,False,5,2,2023-06-18T22:04:21.687694+00:00
CUR_HE723,Curitiba,4106902,0,URBS,603,https://moovitapp.com/index/pt-br/transporte_p%C3%BAblico-line-603_PINHEIRINHO_RUI_BARBOSA-Curitiba-942-9628-484781-0,-1.0,-25.458885,-49.288796,,False,5,2,2023-06-18T22:05:21.687694+00:00
CUR_BI880,Curitiba,4106902,1,,244,,,-25.36073,-49.245098,,False,7,2,2023-06-18T22:05:21.687694+00:00
CUR_GI007,Curitiba,4106902,1,,524,,,-25.53482,-49.262466,,False,1,1,2023-06-18T22:05:21.687694+00:00
CUR_GI045,Curitiba,4106902,1,,638,,,-25.538583,-49.29467,,False,1,2,2023-06-18T22:05:21.687694+00:00
CUR_BI886,Curitiba,4106902,1,,275,,,-25.382895,-49.256815,,False,7,2,2023-06-18T22:04:21.687694+00:00
CUR_BI897,Curitiba,4106902,1,,822,,,-25.437883,-49.36314,,False,7,2,2023-06-18T22:05:21.687694+00:00
CUR_GI850,Curitiba,4106902,1,,616,,,-25.47858,-49.277211,,False,7,1,2023-06-18T22:05:21.687694+00:00
CUR_GI852,Curitiba,4106902,1,,661,,,-25.474248,-49.272023,,False,7,2,2023-06-18T22:05:21.687694+00:00
CUR_HE716,Curitiba,4106902,0,URBS,550,https://moovitapp.com/index/pt-br/transporte_p%C3%BAblico-line-550_LIGEIR%C3%83O_PINHEIRINHO_CARLOS_GOMES-Curitiba-942-9628-1254061-0,-1.0,-25.462865,-49.256343,,False,5,2,2023-06-18T22:05:21.687694+00:00
CUR_HE720,Curitiba,4106902,0,URBS,550,https://moovitapp.com/index/pt-br/transporte_p%C3%BAblico-line-550_LIGEIR%C3%83O_PINHEIRINHO_CARLOS_GOMES-Curitiba-942-9628-1254061-0,-1.0,-25.433906,-49.269276,,False,5,1,2023-06-18T22:03:21.687694+00:00
CUR_GE724,Curitiba,4106902,0,URBS,550,https://moovitapp.com/index/pt-br/transporte_p%C3%BAblico-line-550_LIGEIR%C3%83O_PINHEIRINHO_CARLOS_GOMES-Curitiba-942-9628-1254061-0,-1.0,-25.456158,-49.259668,,False,5,1,2023-06-18T22:05:21.687694+00:00
CUR_BI873,Curitiba,4106902,1,,224,,,-25.380556,-49.237321,,False,7,,2023-06-18T22:05:21.687694+00:00
CUR_BI878,Curitiba,4106902,1,,260,,,-25.395055,-49.264588,,False,7,1,2023-06-18T22:05:21.687694+00:00
CUR_BE718,Curitiba,4106902,0,URBS,350,https://moovitapp.com/index/pt-br/transporte_p%C3%BAblico-line-350_FAGUNDES_VARELA_PINHEIRINHO-Curitiba-942-9628-52482798-0,-1.0,-25.51145,-49.292123,,False,5,1,2023-06-18T22:04:21.687694+00:00
CUR_HE608,Curitiba,4106902,0,URBS,350,https://moovitapp.com/index/pt-br/transporte_p%C3%BAblico-line-350_FAGUNDES_VARELA_PINHEIRINHO-Curitiba-942-9628-52482798-0,-1.0,-25.508851,-49.286063,,False,4,2,2023-06-18T22:04:21.687694+00:00
CUR_GI034,Curitiba,4106902,1,,663,,,-25.47483,-49.28902,,False,1,2,2023-06-18T22:04:21.687694+00:00
CUR_EI004,Curitiba,4106902,1,,471,,,-25.472461,-49.236843,,False,1,2,2023-06-18T22:05:21.687694+00:00
CUR_EI017,Curitiba,4106902,1,,475,,,-25.44186,-49.26869,,False,1,2,2023-06-18T22:05:21.687694+00:00
CUR_EA006,Curitiba,4106902,1,,475,,,-25.503653,-49.217431,,False,1,1,2023-06-18T22:03:21.687694+00:00
CUR_EI005,Curitiba,4106902,1,Auto Viação São José,515,https://moovitapp.com/index/pt-br/transporte_p%C3%BAblico-line-515_%E2%9C%88_AEROPORTO_1_SHOPPING_S%C3%83O_JOS%C3%89-Curitiba-942-857412-67925719-0,-1.0,-25.467193,-49.25558,,False,1,1,2023-06-18T22:05:21.687694+00:00
CUR_EI010,Curitiba,4106902,1,,472,,,-25.445883,-49.258923,,False,1,1,2023-06-18T22:05:21.687694+00:00
CUR_EI013,Curitiba,4106902,1,,513,,,-25.487525,-49.263386,,False,1,2,2023-06-18T22:04:21.687694+00:00
CUR_JI850,Curitiba,4106902,1,,721,,,-25.483856,-49.350213,,False,7,1,2023-06-18T22:05:21.687694+00:00
CUR_DE705,Curitiba,4106902,0,URBS,303,https://moovitapp.com/index/pt-br/transporte_p%C3%BAblico-line-303_CENTEN%C3%81RIO_CAMPO_COMPRIDO-Curitiba-942-9628-531689-0,-1.0,-25.442833,-49.216306,,False,5,1,2023-06-18T22:05:21.687694+00:00
CUR_DE711,Curitiba,4106902,0,URBS,303,https://moovitapp.com/index/pt-br/transporte_p%C3%BAblico-line-303_CENTEN%C3%81RIO_CAMPO_COMPRIDO-Curitiba-942-9628-531689-0,-1.0,-25.438008,-49.313916,,False,5,2,2023-06-18T22:05:21.687694+00:00
CUR_DE704,Curitiba,4106902,0,URBS,303,https://moovitapp.com/index/pt-br/transporte_p%C3%BAblico-line-303_CENTEN%C3%81RIO_CAMPO_COMPRIDO-Curitiba-942-9628-531689-0,-1.0,-25.437681,-49.267426,,False,5,1,2023-06-18T22:04:21.687694+00:00
CUR_JE706,Curitiba,4106902,0,URBS,303,https://moovitapp.com/index/pt-br/transporte_p%C3%BAblico-line-303_CENTEN%C3%81RIO_CAMPO_COMPRIDO-Curitiba-942-9628-531689-0,-1.0,-25.436078,-49.274763,,False,5,2,2023-06-18T22:05:21.687694+00:00
CUR_DE702,Curitiba,4106902,0,URBS,303,https://moovitapp.com/index/pt-br/transporte_p%C3%BAblico-line-303_CENTEN%C3%81RIO_CAMPO_COMPRIDO-Curitiba-942-9628-531689-0,-1.0,-25.437958,-49.320153,,False,5,2,2023-06-18T22:04:21.687694+00:00
CUR_DE718,Curitiba,4106902,0,URBS,303,https://moovitapp.com/index/pt-br/transporte_p%C3%BAblico-line-303_CENTEN%C3%81RIO_CAMPO_COMPRIDO-Curitiba-942-9628-531689-0,-1.0,-25.447386,-49.216691,,False,5,1,2023-06-18T22:05:21.687694+00:00
CUR_XY042,Curitiba,4106902,0,URBS,303,https://moovitapp.com/index/pt-br/transporte_p%C3%BAblico-line-303_CENTEN%C3%81RIO_CAMPO_COMPRIDO-Curitiba-942-9628-531689-0,-1.0,-25.433138,-49.30012,,False,4,2,2023-06-18T22:04:21.687694+00:00
CUR_JI863,Curitiba,4106902,1,,710,,,-25.477395,-49.327058,,False,7,,2023-06-18T22:05:21.687694+00:00
CUR_GE601,Curitiba,4106902,0,URBS,503,https://moovitapp.com/index/pt-br/transporte_p%C3%BAblico-line-503_BOQUEIR%C3%83O-Curitiba-942-9628-294244-0,-1.0,-25.472111,-49.251883,,False,4,2,2023-06-18T22:05:21.687694+00:00
CUR_KE701,Curitiba,4106902,0,URBS,503,https://moovitapp.com/index/pt-br/transporte_p%C3%BAblico-line-503_BOQUEIR%C3%83O-Curitiba-942-9628-294244-0,-1.0,-25.495763,-49.240346,,False,5,1,2023-06-18T22:04:21.687694+00:00
CUR_GE610,Curitiba,4106902,0,URBS,503,https://moovitapp.com/index/pt-br/transporte_p%C3%BAblico-line-503_BOQUEIR%C3%83O-Curitiba-942-9628-294244-0,-1.0,-25.513863,-49.23151,,False,4,2,2023-06-18T22:04:21.687694+00:00
CUR_MI855,Curitiba,4106902,1,,821,,,-25.422938,-49.361551,,False,7,2,2023-06-18T22:05:21.687694+00:00
CUR_ML307,Curitiba,4106902,0,URBS,307,https://moovitapp.com/index/pt-br/transporte_p%C3%BAblico-line-307_BAIRRO_ALTO_SANTA_FELICIDADE-Curitiba-942-9628-1323712-0,-1.0,-25.422856,-49.248345,,False,3,1,2023-06-18T22:05:21.687694+00:00
CUR_CL302,Curitiba,4106902,0,URBS,307,https://moovitapp.com/index/pt-br/transporte_p%C3%BAblico-line-307_BAIRRO_ALTO_SANTA_FELICIDADE-Curitiba-942-9628-1323712-0,-1.0,-25.431145,-49.277025,,False,3,2,2023-06-18T22:04:21.687694+00:00
CUR_BL328,Curitiba,4106902,0,URBS,307,https://moovitapp.com/index/pt-br/transporte_p%C3%BAblico-line-307_BAIRRO_ALTO_SANTA_FELICIDADE-Curitiba-942-9628-1323712-0,-1.0,-25.430955,-49.276703,,False,3,2,2023-06-18T22:05:21.687694+00:00
CUR_ML312,Curitiba,4106902,0,URBS,307,https://moovitapp.com/index/pt-br/transporte_p%C3%BAblico-line-307_BAIRRO_ALTO_SANTA_FELICIDADE-Curitiba-942-9628-1323712-0,-1.0,-25.417185,-49.204051,,False,3,1,2023-06-18T22:04:21.687694+00:00
CUR_CI004,Curitiba,4106902,1,,341,,,-25.385836,-49.212875,,False,1,2,2023-06-18T22:05:21.687694+00:00
CUR_MI854,Curitiba,4106902,1,,928,,,-25.376205,-49.327255,,False,7,2,2023-06-18T22:01:21.687694+00:00
CUR_MI001,Curitiba,4106902,1,,901,,,-25.424245,-49.290801,,False,1,2,2023-06-18T22:05:21.687694+00:00
CUR_MI004,Curitiba,4106902,1,,901,,,-25.401201,-49.32989,,False,1,1,2023-06-18T22:05:21.687694+00:00
CUR_HI045,Curitiba,4106902,1,,612,,,-25.495686,-49.322113,,False,1,2,2023-06-18T22:05:21.687694+00:00
CUR_HI041,Curitiba,4106902,1,,654,,,-25.511818,-49.324573,,False,1,2,2023-06-18T22:05:21.687694+00:00
CUR_BI852,Curitiba,4106902,1,,175,,,-25.42414,-49.274171,,False,7,2,2023-06-18T22:05:21.687694+00:00
CUR_BI890,Curitiba,4106902,1,,311,,,-25.440058,-49.220643,,False,7,1,2023-06-18T22:05:21.687694+00:00
CUR_BI012,Curitiba,4106902,1,,342,,,-25.38832,-49.209725,,False,1,2,2023-06-18T22:05:21.687694+00:00
CUR_BI013,Curitiba,4106902,1,,342,,,-25.394623,-49.229698,,False,1,1,2023-06-18T22:05:21.687694+00:00
CUR_BC020,Curitiba,4106902,1,,870,,,-25.429745,-49.288001,,False,1,1,2023-06-18T22:04:21.687694+00:00
CUR_BI025,Curitiba,4106902,1,,870,,,-25.431275,-49.279318,,False,1,2,2023-06-18T22:05:21.687694+00:00
CUR_BI892,Curitiba,4106902,1,,280,,,-25.380576,-49.237358,,False,7,1,2023-06-18T22:04:21.687694+00:00
CUR_HI851,Curitiba,4106902,1,,615,,,-25.479448,-49.29903,,False,7,1,2023-06-18T22:04:21.687694+00:00
CUR_GI051,Curitiba,4106902,1,,624,,,-25.492421,-49.293141,,False,1,1,2023-06-18T22:05:21.687694+00:00
CUR_HI602,Curitiba,4106902,1,Auto Viação São José,216,https://moovitapp.com/index/pt-br/transporte_p%C3%BAblico-line-216_PIT_PRA%C3%87A_DA_JUVENTUDE_SANTA_F%C3%89_PINDORAMA-Curitiba-942-857412-122004458-0,-1.0,-25.416931,-49.25369,,False,4,1,2023-06-18T22:04:21.687694+00:00
CUR_DA699,Curitiba,4106902,1,Auto Viação São José,216,https://moovitapp.com/index/pt-br/transporte_p%C3%BAblico-line-216_PIT_PRA%C3%87A_DA_JUVENTUDE_SANTA_F%C3%89_PINDORAMA-Curitiba-942-857412-122004458-0,-1.0,-25.476101,-49.292408,,False,4,2,2023-06-18T22:05:21.687694+00:00
CUR_HI609,Curitiba,4106902,1,Auto Viação São José,216,https://moovitapp.com/index/pt-br/transporte_p%C3%BAblico-line-216_PIT_PRA%C3%87A_DA_JUVENTUDE_SANTA_F%C3%89_PINDORAMA-Curitiba-942-857412-122004458-0,-1.0,-25.436913,-49.244345,,False,4,1,2023-06-18T22:03:21.687694+00:00
CUR_BI003,Curitiba,4106902,1,Auto Viação São José,211,https://moovitapp.com/index/pt-br/transporte_p%C3%BAblico-line-211_PIT_PRA%C3%87A_DA_JUVENTUDE_IZAURA_IP%C3%8A-Curitiba-942-857412-73553392-0,-1.0,-25.406616,-49.252501,,False,1,1,2023-06-18T22:05:21.687694+00:00
CUR_BA027,Curitiba,4106902,1,,182,,,-25.39188,-49.267688,,False,1,2,2023-06-18T22:04:21.687694+00:00
CUR_EI007,Curitiba,4106902,1,,522,,,-25.521386,-49.26803,,False,1,2,2023-06-18T22:05:21.687694+00:00
CUR_EI019,Curitiba,4106902,1,,511,,,-25.504881,-49.263026,,False,1,2,2023-06-18T22:05:21.687694+00:00
CUR_EI014,Curitiba,4106902,1,,533,,,-25.52281,-49.229703,,False,1,,2023-06-18T22:05:21.687694+00:00
CUR_EI002,Curitiba,4106902,1,,523,,,-25.502033,-49.237211,,False,1,2,2023-06-18T22:05:21.687694+00:00
CUR_BI899,Curitiba,4106902,1,,365,,,-25.42262,-49.251056,,False,7,2,2023-06-18T22:05:21.687694+00:00
CUR_BI884,Curitiba,4106902,1,,365,,,-25.433006,-49.27069,,False,7,1,2023-06-18T22:04:21.687694+00:00
CUR_BI010,Curitiba,4106902,1,,232,,,-25.377345,-49.224656,,False,1,1,2023-06-18T22:04:21.687694+00:00
CUR_JA029,Curitiba,4106902,1,,778,,,-25.474003,-49.331068,,False,1,1,2023-06-18T22:05:21.687694+00:00
CUR_JI857,Curitiba,4106902,1,,762,,,-25.43492,-49.271868,,False,7,2,2023-06-18T22:05:21.687694+00:00
CUR_JI858,Curitiba,4106902,1,,862,,,-25.449026,-49.308136,,False,7,2,2023-06-18T22:05:21.687694+00:00
CUR_JI948,Curitiba,4106902,1,,761,,,-25.47284,-49.310451,,False,7,2,2023-06-18T22:04:21.687694+00:00
CUR_GI010,Curitiba,4106902,1,,633,,,-25.522208,-49.282975,,False,1,1,2023-06-18T22:05:21.687694+00:00
CUR_GI006,Curitiba,4106902,1,,649,,,-25.531856,-49.26937,,False,1,2,2023-06-18T22:05:21.687694+00:00
CUR_GI004,Curitiba,4106902,1,,637,,,-25.5194,-49.295623,,False,1,1,2023-06-18T22:05:21.687694+00:00
CUR_GI858,Curitiba,4106902,1,,662,,,-25.445653,-49.270253,,False,7,1,2023-06-18T22:04:21.687694+00:00
CUR_GL329,Curitiba,4106902,1,URBS,506,https://moovitapp.com/index/pt-br/transporte_p%C3%BAblico-line-506_BAIRRO_NOVO-Curitiba-942-9628-294299-0,-1.0,-25.50797,-49.281218,,False,3,2,2023-06-18T22:05:21.687694+00:00
CUR_GL330,Curitiba,4106902,1,URBS,506,https://moovitapp.com/index/pt-br/transporte_p%C3%BAblico-line-506_BAIRRO_NOVO-Curitiba-942-9628-294299-0,-1.0,-25.500766,-49.279491,,False,3,2,2023-06-18T22:02:21.687694+00:00
CUR_EL329,Curitiba,4106902,1,URBS,506,https://moovitapp.com/index/pt-br/transporte_p%C3%BAblico-line-506_BAIRRO_NOVO-Curitiba-942-9628-294299-0,-1.0,-25.436376,-49.271211,,False,3,2,2023-06-18T22:05:21.687694+00:00
CUR_EL332,Curitiba,4106902,1,URBS,506,https://moovitapp.com/index/pt-br/transporte_p%C3%BAblico-line-506_BAIRRO_NOVO-Curitiba-942-9628-294299-0,-1.0,-25.49587,-49.275565,,False,3,1,2023-06-18T22:05:21.687694+00:00
CUR_HI013,Curitiba,4106902,1,,826,,,-25.51028,-49.338663,,False,1,1,2023-06-18T22:05:21.687694+00:00
CUR_HI008,Curitiba,4106902,1,,828,,,-25.461176,-49.326398,,False,1,2,2023-06-18T22:05:21.687694+00:00
CUR_JA022,Curitiba,4106902,1,,828,,,-25.441703,-49.346928,,False,1,2,2023-06-18T22:05:21.687694+00:00
CUR_JI861,Curitiba,4106902,1,,760,,,-25.457126,-49.303286,,False,7,2,2023-06-18T22:05:21.687694+00:00
CUR_BC009,Curitiba,4106902,1,,812,,,-25.426076,-49.325068,,False,1,1,2023-06-18T22:05:21.687694+00:00
CUR_DC294,Curitiba,4106902,1,,332,,,-25.479063,-49.195825,,False,1,,2023-06-18T22:04:21.687694+00:00
CUR_BI865,Curitiba,4106902,1,,876,,,-25.431878,-49.28479,,False,7,2,2023-06-18T22:04:21.687694+00:00
CUR_BI864,Curitiba,4106902,1,,876,,,-25.41431,-49.334386,,False,7,1,2023-06-18T22:05:21.687694+00:00
CUR_BC018,Curitiba,4106902,1,,166,,,-25.391711,-49.301013,,False,1,1,2023-06-18T22:05:21.687694+00:00
CUR_BC006,Curitiba,4106902,1,,170,,,-25.416221,-49.27909,,False,1,2,2023-06-18T22:05:21.687694+00:00
CUR_BI029,Curitiba,4106902,1,,010,,,-25.448051,-49.258718,,False,1,,2023-06-18T22:02:21.687694+00:00
CUR_BI030,Curitiba,4106902,1,,011,,,-25.450546,-49.252931,,False,1,,2023-06-18T22:04:21.687694+00:00
CUR_HI028,Curitiba,4106902,1,,680,,,-25.523896,-49.29564,,False,1,2,2023-06-18T22:04:21.687694+00:00
CUR_BI874,Curitiba,4106902,1,,236,,,-25.363456,-49.228073,,False,7,2,2023-06-18T22:05:21.687694+00:00
CUR_BI872,Curitiba,4106902,1,,242,,,-25.35424,-49.263123,,False,7,1,2023-06-18T22:05:21.687694+00:00
CUR_DN400,Curitiba,4106902,1,,321,,,-25.45611,-49.202113,,False,7,1,2023-06-18T22:04:21.687694+00:00
CUR_BC001,Curitiba,4106902,1,,375,,,-25.41292,-49.205286,,False,1,1,2023-06-18T22:05:21.687694+00:00
CUR_CI006,Curitiba,4106902,1,,380,,,-25.430218,-49.271326,,False,1,1,2023-06-18T22:04:21.687694+00:00
CUR_CI003,Curitiba,4106902,1,,380,,,-25.432768,-49.272708,,False,1,2,2023-06-18T22:05:21.687694+00:00
CUR_BI002,Curitiba,4106902,1,,374,,,-25.409756,-49.207635,,False,1,1,2023-06-18T22:04:21.687694+00:00
CUR_BI876,Curitiba,4106902,1,,371,,,-25.417638,-49.223933,,False,7,2,2023-06-18T22:05:21.687694+00:00
CUR_BI888,Curitiba,4106902,1,,371,,,-25.428191,-49.244713,,False,7,1,2023-06-18T22:05:21.687694+00:00
CUR_DC850,Curitiba,4106902,1,,477,,,-25.463551,-49.233965,,False,7,2,2023-06-18T22:05:21.687694+00:00
CUR_DN607,Curitiba,4106902,1,,468,,,-25.436508,-49.26032,,False,7,2,2023-06-18T22:04:21.687694+00:00
CUR_DA298,Curitiba,4106902,1,,468,,,-25.483101,-49.219226,,False,1,1,2023-06-18T22:04:21.687694+00:00
CUR_DN608,Curitiba,4106902,1,,463,,,-25.47611,-49.194046,,False,7,1,2023-06-18T22:04:21.687694+00:00
CUR_BC307,Curitiba,4106902,1,,207,,,-25.425896,-49.273233,,False,3,1,2023-06-18T22:05:21.687694+00:00
CUR_BI017,Curitiba,4106902,1,,226,,,-25.393316,-49.240921,,False,1,1,2023-06-18T22:05:21.687694+00:00
CUR_DC854,Curitiba,4106902,1,,474,,,-25.439781,-49.267406,,False,7,2,2023-06-18T22:05:21.687694+00:00
CUR_BC024,Curitiba,4106902,1,,372,,,-25.413046,-49.205356,,False,1,1,2023-06-18T22:05:21.687694+00:00
CUR_EL327,Curitiba,4106902,1,URBS,505,https://moovitapp.com/index/pt-br/transporte_p%C3%BAblico-line-505_BOQUEIR%C3%83O_CENTRO_C%C3%8DVICO-Curitiba-942-9628-531685-0,-1.0,-25.42692,-49.264803,,False,3,2,2023-06-18T22:04:21.687694+00:00
CUR_BL306,Curitiba,4106902,0,URBS,505,https://moovitapp.com/index/pt-br/transporte_p%C3%BAblico-line-505_BOQUEIR%C3%83O_CENTRO_C%C3%8DVICO-Curitiba-942-9628-531685-0,-1.0,-25.501645,-49.237678,,False,3,1,2023-06-18T22:04:21.687694+00:00
CUR_BL312,Curitiba,4106902,0,URBS,505,https://moovitapp.com/index/pt-br/transporte_p%C3%BAblico-line-505_BOQUEIR%C3%83O_CENTRO_C%C3%8DVICO-Curitiba-942-9628-531685-0,-1.0,-25.43841,-49.262636,,False,3,1,2023-06-18T22:05:21.687694+00:00
CUR_EI001,Curitiba,4106902,1,,561,,,-25.466101,-49.257998,,False,1,2,2023-06-18T22:05:21.687694+00:00
CUR_HI006,Curitiba,4106902,1,,623,,,-25.503363,-49.304588,,False,1,2,2023-06-18T22:05:21.687694+00:00
CUR_HC852,Curitiba,4106902,1,,670,,,-25.446001,-49.279235,,False,7,1,2023-06-18T22:05:21.687694+00:00
CUR_EA022,Curitiba,4106902,1,,512,,,-25.502365,-49.265343,,False,1,2,2023-06-18T22:04:21.687694+00:00
CUR_EI016,Curitiba,4106902,1,,532,,,-25.5389,-49.244571,,False,1,2,2023-06-18T22:05:21.687694+00:00
CUR_JI862,Curitiba,4106902,1,,711,,,-25.470705,-49.351973,,False,7,1,2023-06-18T22:04:21.687694+00:00
CUR_HI036,Curitiba,4106902,1,,646,,,-25.539898,-49.302066,,False,1,2,2023-06-18T22:04:21.687694+00:00
CUR_HI021,Curitiba,4106902,1,,646,,,-25.590746,-49.32604,,False,1,1,2023-06-18T22:04:21.687694+00:00
CUR_GI050,Curitiba,4106902,1,,541,,,-25.541316,-49.255206,,False,1,1,2023-06-18T22:04:21.687694+00:00
CUR_MI856,Curitiba,4106902,1,,817,,,-25.409591,-49.340538,,False,7,1,2023-06-18T22:04:21.687694+00:00
CUR_BI855,Curitiba,4106902,1,,817,,,-25.401403,-49.329358,,False,7,2,2023-06-18T22:05:21.687694+00:00
CUR_DC293,Curitiba,4106902,1,,336,,,-25.490818,-49.200588,,False,1,2,2023-06-18T22:03:21.687694+00:00
CUR_HI020,Curitiba,4106902,1,,659,,,-25.588736,-49.318676,,False,1,1,2023-06-18T22:04:21.687694+00:00
CUR_HI024,Curitiba,4106902,1,,659,,,-25.580763,-49.317491,,False,1,2,2023-06-18T22:04:21.687694+00:00
CUR_JI860,Curitiba,4106902,1,,820,,,-25.462826,-49.367123,,False,7,1,2023-06-18T22:05:21.687694+00:00
CUR_MI853,Curitiba,4106902,1,,967,,,-25.411293,-49.300393,,False,7,1,2023-06-18T22:05:21.687694+00:00
CUR_BI893,Curitiba,4106902,1,,272,,,-25.40065,-49.258241,,False,7,2,2023-06-18T22:05:21.687694+00:00
CUR_MI851,Curitiba,4106902,1,Auto Viação São José,150,https://moovitapp.com/index/pt-br/transporte_p%C3%BAblico-line-150_T_AFONSO_PENA_PIT_BORDA_DO_CAMPO-Curitiba-942-857412-53904521-0,-1.0,-25.419698,-49.29444,,False,7,,2023-06-18T22:01:21.687694+00:00
CUR_MT010,Curitiba,4106902,0,,979,,,-25.433795,-49.2793,,False,3,,2023-06-18T22:03:21.687694+00:00
CUR_KA605,Curitiba,4106902,1,,629,,,-25.518218,-49.255465,,False,4,1,2023-06-18T22:04:21.687694+00:00
CUR_KA603,Curitiba,4106902,1,,629,,,-25.496866,-49.276183,,False,4,2,2023-06-18T22:05:21.687694+00:00
CUR_HI033,Curitiba,4106902,1,,653,,,-25.506708,-49.355818,,False,1,2,2023-06-18T22:05:21.687694+00:00
CUR_GI049,Curitiba,4106902,1,,625,,,-25.524893,-49.26879,,False,1,2,2023-06-18T22:04:21.687694+00:00
CUR_HI860,Curitiba,4106902,1,,674,,,-25.500416,-49.324938,,False,7,2,2023-06-18T22:03:21.687694+00:00
CUR_GI018,Curitiba,4106902,1,,642,,,-25.513146,-49.294821,,False,1,2,2023-06-18T22:04:21.687694+00:00
CUR_EI015,Curitiba,4106902,1,Auto Viação São José,531,https://moovitapp.com/index/pt-br/transporte_p%C3%BAblico-line-531_BAIRRO_A_BAIRRO_1-Curitiba-942-857412-1570571-0,-1.0,-25.524431,-49.245975,,False,1,1,2023-06-18T22:05:21.687694+00:00
CUR_BI882,Curitiba,4106902,1,,184,,,-25.381381,-49.268418,,False,7,2,2023-06-18T22:04:21.687694+00:00
CUR_HI856,Curitiba,4106902,1,,600,,,-25.511935,-49.295978,,False,7,2,2023-06-18T22:04:21.687694+00:00
CUR_EA021,Curitiba,4106902,1,,X03,,,-25.538428,-49.241798,,False,1,1,2023-06-18T22:05:21.687694+00:00
CUR_DC086,Curitiba,4106902,1,,323,,,-25.448633,-49.201391,,False,1,,2023-06-18T22:05:21.687694+00:00
CUR_HI850,Curitiba,4106902,1,,265,,,-25.450503,-49.29995,,False,7,2,2023-06-18T22:05:21.687694+00:00
CUR_HI019,Curitiba,4106902,1,,712,,,-25.47743,-49.326906,,False,1,2,2023-06-18T22:05:21.687694+00:00
CUR_EA027,Curitiba,4106902,1,,X06,,,-25.548051,-49.26005,,False,1,2,2023-06-18T22:04:21.687694+00:00
CUR_BI894,Curitiba,4106902,1,,181,,,-25.368153,-49.284918,,False,7,1,2023-06-18T22:05:21.687694+00:00
CUR_BI863,Curitiba,4106902,1,,274,,,-25.36502,-49.267916,,False,7,1,2023-06-18T22:05:21.687694+00:00
CUR_MN611,Curitiba,4106902,1,,965,,,-25.422716,-49.290038,,False,7,2,2023-06-18T22:04:21.687694+00:00
CUR_BI862,Curitiba,4106902,1,,176,,,-25.40245,-49.275233,,False,7,2,2023-06-18T22:05:21.687694+00:00
CUR_BI885,Curitiba,4106902,1,,361,,,-25.417071,-49.252666,,False,7,1,2023-06-18T22:05:21.687694+00:00
CUR_MN610,Curitiba,4106902,1,Auto Viação São José,150,https://moovitapp.com/index/pt-br/transporte_p%C3%BAblico-line-150_T_AFONSO_PENA_PIT_BORDA_DO_CAMPO-Curitiba-942-857412-53904521-0,-1.0,-25.410406,-49.296515,,False,7,1,2023-06-18T22:04:21.687694+00:00
CUR_DN601,Curitiba,4106902,1,,461,,,-25.438361,-49.262696,,False,7,1,2023-06-18T22:05:21.687694+00:00
CUR_BI898,Curitiba,4106902,1,,169,,,-25.413181,-49.271251,,False,7,1,2023-06-18T22:05:21.687694+00:00
CUR_DC852,Curitiba,4106902,1,,464,,,-25.418805,-49.299741,,False,7,1,2023-06-18T22:04:21.687694+00:00
CUR_BI895,Curitiba,4106902,1,,171,,,-25.378983,-49.292536,,False,7,2,2023-06-18T22:04:21.687694+00:00
CUR_BI868,Curitiba,4106902,1,,385,,,-25.433945,-49.261383,,False,7,2,2023-06-18T22:04:21.687694+00:00
CUR_GI854,Curitiba,4106902,1,,635,,,-25.543598,-49.29999,,False,7,2,2023-06-18T22:04:21.687694+00:00
CUR_DN606,Curitiba,4106902,0,,560,,,-25.43517,-49.273541,,False,7,1,2023-06-18T22:05:21.687694+00:00
CUR_JI859,Curitiba,4106902,1,,814,,,-25.433335,-49.311528,,False,7,1,2023-06-18T22:05:21.687694+00:00
CUR_BC031,Curitiba,4106902,1,,373,,,-25.432886,-49.270416,,False,1,2,2023-06-18T22:05:21.687694+00:00
CUR_BI891,Curitiba,4106902,1,,816,,,-25.422275,-49.31918,,False,7,2,2023-06-18T22:05:21.687694+00:00
CUR_GC018,Curitiba,4106902,1,,641,,,-25.56999,-49.290155,,False,1,1,2023-06-18T22:04:21.687694+00:00
CUR_BI881,Curitiba,4106902,1,,237,,,-25.381435,-49.21295,,False,7,,2023-06-18T22:04:21.687694+00:00
CUR_GI853,Curitiba,4106902,1,,794,,,-25.565908,-49.288323,,False,7,2,2023-06-18T22:05:21.687694+00:00
CUR_BI857,Curitiba,4106902,1,,177,,,-25.38217,-49.279693,,False,7,1,2023-06-18T22:04:21.687694+00:00
CUR_BT008,Curitiba,4106902,0,,979,,,-25.409025,-49.26707,,False,3,,2023-06-18T22:04:21.687694+00:00
CUR_MT009,Curitiba,4106902,0,,979,,,-25.404498,-49.327858,,False,3,,2023-06-18T22:05:21.687694+00:00
CUR_MT011,Curitiba,4106902,0,,979,,,-25.405511,-49.302813,,False,3,,2023-06-18T22:04:21.687694+00:00
CUR_BT006,Curitiba,4106902,0,,979,,,-25.405015,-49.32702,,False,3,,2023-06-18T22:04:21.687694+00:00
CUR_BT007,Curitiba,4106902,0,,979,,,-25.397136,-49.287823,,False,3,,2023-06-18T22:04:21.687694+00:00
