bus_id,city,city_code,adapted,agency,line_code,line_url,line_fare,latitude,longitude,bus_speed,is_eletric,bus_type,bus_direction,updated_at
CUR_BI896,Curitiba,4106902,1,,168,,,-25.414661,-49.280981,,False,7,2,2023-06-18T12:08:23.004703+00:00
CUR_BI851,Curitiba,4106902,1,,168,,,-25.424443,-49.272903,,False,7,2,2023-06-18T12:07:23.004703+00:00
CUR_DN602,Curitiba,4106902,1,,466,,,-25.446901,-49.216956,,False,7,1,2023-06-18T12:08:23.004703+00:00
CUR_HL493,Curitiba,4106902,1,URBS,304,https://moovitapp.com/index/pt-br/transporte_p%C3%BAblico-line-304_PINHAIS_CAMPO_COMPRIDO-Curitiba-942-9628-133282995-0,-1.0,-25.537541,-49.306785,,False,3,2,2023-06-18T12:08:23.004703+00:00
CUR_JL321,Curitiba,4106902,1,URBS,304,https://moovitapp.com/index/pt-br/transporte_p%C3%BAblico-line-304_PINHAIS_CAMPO_COMPRIDO-Curitiba-942-9628-133282995-0,-1.0,-25.448635,-49.366061,,False,3,2,2023-06-18T12:05:23.004703+00:00
CUR_HI023,Curitiba,4106902,1,,619,,,-25.540153,-49.307556,,False,1,1,2023-06-18T12:08:23.004703+00:00
CUR_HI049,Curitiba,4106902,1,,658,,,-25.483705,-49.349985,,False,1,2,2023-06-18T12:08:23.004703+00:00
CUR_JI008,Curitiba,4106902,1,,658,,,-25.449205,-49.365668,,False,1,1,2023-06-18T12:08:23.004703+00:00
CUR_HI046,Curitiba,4106902,1,,685,,,-25.476238,-49.291173,,False,1,1,2023-06-18T12:08:23.004703+00:00
CUR_HI015,Curitiba,4106902,1,,685,,,-25.539058,-49.307128,,False,1,2,2023-06-18T12:07:23.004703+00:00
CUR_BE717,Curitiba,4106902,0,URBS,203,https://moovitapp.com/index/pt-br/transporte_p%C3%BAblico-line-203_SANTA_C%C3%82NDIDA_CAP%C3%83O_RASO-Curitiba-942-9628-1323737-0,-1.0,-25.431463,-49.267401,,False,5,2,2023-06-18T12:08:23.004703+00:00
CUR_BE708,Curitiba,4106902,0,URBS,203,https://moovitapp.com/index/pt-br/transporte_p%C3%BAblico-line-203_SANTA_C%C3%82NDIDA_CAP%C3%83O_RASO-Curitiba-942-9628-1323737-0,-1.0,-25.394531,-49.242508,,False,5,1,2023-06-18T12:08:23.004703+00:00
CUR_BE721,Curitiba,4106902,0,URBS,203,https://moovitapp.com/index/pt-br/transporte_p%C3%BAblico-line-203_SANTA_C%C3%82NDIDA_CAP%C3%83O_RASO-Curitiba-942-9628-1323737-0,-1.0,-25.394485,-49.242073,,False,5,2,2023-06-18T12:08:23.004703+00:00
CUR_BE714,Curitiba,4106902,0,URBS,203,https://moovitapp.com/index/pt-br/transporte_p%C3%BAblico-line-203_SANTA_C%C3%82NDIDA_CAP%C3%83O_RASO-Curitiba-942-9628-1323737-0,-1.0,-25.394678,-49.24263,,False,5,1,2023-06-18T12:08:23.004703+00:00
CUR_HE719,Curitiba,4106902,0,URBS,203,https://moovitapp.com/index/pt-br/transporte_p%C3%BAblico-line-203_SANTA_C%C3%82NDIDA_CAP%C3%83O_RASO-Curitiba-942-9628-1323737-0,-1.0,-25.538971,-49.30826,,False,5,2,2023-06-18T12:08:23.004703+00:00
CUR_BE729,Curitiba,4106902,0,URBS,203,https://moovitapp.com/index/pt-br/transporte_p%C3%BAblico-line-203_SANTA_C%C3%82NDIDA_CAP%C3%83O_RASO-Curitiba-942-9628-1323737-0,-1.0,-25.394591,-49.242701,,False,5,1,2023-06-18T12:07:23.004703+00:00
CUR_HE717,Curitiba,4106902,0,URBS,203,https://moovitapp.com/index/pt-br/transporte_p%C3%BAblico-line-203_SANTA_C%C3%82NDIDA_CAP%C3%83O_RASO-Curitiba-942-9628-1323737-0,-1.0,-25.540041,-49.307518,,False,5,1,2023-06-18T12:05:23.004703+00:00
CUR_BE710,Curitiba,4106902,0,URBS,203,https://moovitapp.com/index/pt-br/transporte_p%C3%BAblico-line-203_SANTA_C%C3%82NDIDA_CAP%C3%83O_RASO-Curitiba-942-9628-1323737-0,-1.0,-25.384971,-49.232463,,False,5,1,2023-06-18T12:08:23.004703+00:00
CUR_GE728,Curitiba,4106902,0,URBS,203,https://moovitapp.com/index/pt-br/transporte_p%C3%BAblico-line-203_SANTA_C%C3%82NDIDA_CAP%C3%83O_RASO-Curitiba-942-9628-1323737-0,-1.0,-25.549643,-49.291421,,False,5,1,2023-06-18T12:08:23.004703+00:00
CUR_BE716,Curitiba,4106902,0,URBS,203,https://moovitapp.com/index/pt-br/transporte_p%C3%BAblico-line-203_SANTA_C%C3%82NDIDA_CAP%C3%83O_RASO-Curitiba-942-9628-1323737-0,-1.0,-25.41022,-49.256006,,False,5,2,2023-06-18T12:07:23.004703+00:00
CUR_HI043,Curitiba,4106902,1,,684,,,-25.540126,-49.308428,,False,1,2,2023-06-18T12:08:23.004703+00:00
CUR_HI605,Curitiba,4106902,1,,684,,,-25.540138,-49.308481,,False,4,1,2023-06-18T12:07:23.004703+00:00
CUR_HI604,Curitiba,4106902,1,,684,,,-25.538851,-49.30736,,False,4,1,2023-06-18T12:08:23.004703+00:00
CUR_EB600,Curitiba,4106902,1,,021,,,-25.492486,-49.29331,,False,4,,2023-06-18T12:08:23.004703+00:00
CUR_BB305,Curitiba,4106902,1,,021,,,-25.415316,-49.280825,,False,10,,2023-06-18T12:08:23.004703+00:00
CUR_KB606,Curitiba,4106902,1,,021,,,-25.510728,-49.255806,,False,4,,2023-06-18T12:07:23.004703+00:00
CUR_KB605,Curitiba,4106902,1,,021,,,-25.467218,-49.254645,,False,4,,2023-06-18T12:05:23.004703+00:00
CUR_BB601,Curitiba,4106902,1,,021,,,-25.464918,-49.21489,,False,4,,2023-06-18T12:08:23.004703+00:00
CUR_XY043,Curitiba,4106902,0,,021,,,-25.540471,-49.30838,,False,3,,2023-06-18T12:07:23.004703+00:00
CUR_EI009,Curitiba,4106902,1,,521,,,-25.467091,-49.255485,,False,1,2,2023-06-18T12:08:23.004703+00:00
CUR_DL304,Curitiba,4106902,0,URBS,023,https://moovitapp.com/index/pt-br/transporte_p%C3%BAblico-line-023_INTER_2_ANTI_HOR%C3%81RIO-Curitiba-942-9628-398189-0,-1.0,-25.428298,-49.272091,,False,3,,2023-06-18T12:08:23.004703+00:00
CUR_DL317,Curitiba,4106902,0,URBS,023,https://moovitapp.com/index/pt-br/transporte_p%C3%BAblico-line-023_INTER_2_ANTI_HOR%C3%81RIO-Curitiba-942-9628-398189-0,-1.0,-25.467531,-49.254946,,False,3,,2023-06-18T12:07:23.004703+00:00
CUR_GL322,Curitiba,4106902,0,URBS,023,https://moovitapp.com/index/pt-br/transporte_p%C3%BAblico-line-023_INTER_2_ANTI_HOR%C3%81RIO-Curitiba-942-9628-398189-0,-1.0,-25.549098,-49.29068,,False,3,,2023-06-18T12:08:23.004703+00:00
CUR_BL313,Curitiba,4106902,0,URBS,023,https://moovitapp.com/index/pt-br/transporte_p%C3%BAblico-line-023_INTER_2_ANTI_HOR%C3%81RIO-Curitiba-942-9628-398189-0,-1.0,-25.467261,-49.234813,,False,3,,2023-06-18T12:08:23.004703+00:00
CUR_BL324,Curitiba,4106902,0,URBS,023,https://moovitapp.com/index/pt-br/transporte_p%C3%BAblico-line-023_INTER_2_ANTI_HOR%C3%81RIO-Curitiba-942-9628-398189-0,-1.0,-25.42053,-49.239585,,False,3,,2023-06-18T12:07:23.004703+00:00
CUR_BL336,Curitiba,4106902,0,URBS,023,https://moovitapp.com/index/pt-br/transporte_p%C3%BAblico-line-023_INTER_2_ANTI_HOR%C3%81RIO-Curitiba-942-9628-398189-0,-1.0,-25.415175,-49.280998,,False,3,,2023-06-18T12:08:23.004703+00:00
CUR_GE611,Curitiba,4106902,0,URBS,502,https://moovitapp.com/index/pt-br/transporte_p%C3%BAblico-line-502_CIRCULAR_SUL_HOR%C3%81RIO-Curitiba-942-9628-294482-0,-1.0,-25.476516,-49.29259,,False,4,,2023-06-18T12:08:23.004703+00:00
CUR_GE614,Curitiba,4106902,0,URBS,502,https://moovitapp.com/index/pt-br/transporte_p%C3%BAblico-line-502_CIRCULAR_SUL_HOR%C3%81RIO-Curitiba-942-9628-294482-0,-1.0,-25.550278,-49.291716,,False,4,,2023-06-18T12:08:23.004703+00:00
CUR_GE604,Curitiba,4106902,0,URBS,502,https://moovitapp.com/index/pt-br/transporte_p%C3%BAblico-line-502_CIRCULAR_SUL_HOR%C3%81RIO-Curitiba-942-9628-294482-0,-1.0,-25.5166,-49.230158,,False,4,,2023-06-18T12:08:23.004703+00:00
CUR_BI901,Curitiba,4106902,1,,827,,,-25.441678,-49.346306,,False,7,2,2023-06-18T12:05:23.004703+00:00
CUR_JI300,Curitiba,4106902,0,,706,,,-25.483661,-49.348688,,False,3,2,2023-06-18T12:08:23.004703+00:00
CUR_JC305,Curitiba,4106902,1,,706,,,-25.449361,-49.366701,,False,3,2,2023-06-18T12:08:23.004703+00:00
CUR_JC301,Curitiba,4106902,1,,706,,,-25.449373,-49.366826,,False,3,1,2023-06-18T12:07:23.004703+00:00
CUR_JC313,Curitiba,4106902,1,,706,,,-25.449313,-49.366671,,False,3,1,2023-06-18T12:08:23.004703+00:00
CUR_BI011,Curitiba,4106902,1,,924,,,-25.395048,-49.243045,,False,1,2,2023-06-18T12:08:23.004703+00:00
CUR_BA030,Curitiba,4106902,1,,924,,,-25.371571,-49.246386,,False,1,1,2023-06-18T12:07:23.004703+00:00
CUR_JI866,Curitiba,4106902,1,,777,,,-25.432815,-49.271058,,False,7,1,2023-06-18T12:08:23.004703+00:00
CUR_HI016,Curitiba,4106902,1,,655,,,-25.549751,-49.325355,,False,1,1,2023-06-18T12:08:23.004703+00:00
CUR_HI025,Curitiba,4106902,1,,655,,,-25.565506,-49.311271,,False,1,2,2023-06-18T12:08:23.004703+00:00
CUR_EB601,Curitiba,4106902,1,,020,,,-25.48152,-49.246891,,False,4,,2023-06-18T12:08:23.004703+00:00
CUR_BB308,Curitiba,4106902,1,,020,,,-25.450545,-49.252938,,False,10,,2023-06-18T12:08:23.004703+00:00
CUR_BB608,Curitiba,4106902,1,,020,,,-25.50987,-49.25354,,False,4,,2023-06-18T12:08:23.004703+00:00
CUR_BB611,Curitiba,4106902,1,,020,,,-25.413215,-49.205631,,False,4,,2023-06-18T12:07:23.004703+00:00
CUR_GB600,Curitiba,4106902,1,,020,,,-25.549583,-49.29114,,False,4,,2023-06-18T12:08:23.004703+00:00
CUR_BC311,Curitiba,4106902,1,,205,,,-25.428448,-49.270805,,False,3,1,2023-06-18T12:08:23.004703+00:00
CUR_BC309,Curitiba,4106902,1,,205,,,-25.395131,-49.2428,,False,3,2,2023-06-18T12:08:23.004703+00:00
CUR_JI011,Curitiba,4106902,1,,860,,,-25.449068,-49.365738,,False,1,2,2023-06-18T12:08:23.004703+00:00
CUR_GI005,Curitiba,4106902,1,,545,,,-25.517425,-49.295551,,False,1,2,2023-06-18T12:08:23.004703+00:00
CUR_KI002,Curitiba,4106902,1,,545,,,-25.449208,-49.254175,,False,1,2,2023-06-18T12:08:23.004703+00:00
CUR_JC315,Curitiba,4106902,1,,545,,,-25.476855,-49.323503,,False,3,1,2023-06-18T12:08:23.004703+00:00
CUR_DA295,Curitiba,4106902,1,,335,,,-25.46837,-49.255381,,False,1,1,2023-06-18T12:08:23.004703+00:00
CUR_DA297,Curitiba,4106902,1,,335,,,-25.467651,-49.255398,,False,1,2,2023-06-18T12:08:23.004703+00:00
CUR_GI055,Curitiba,4106902,1,,548,,,-25.513498,-49.294501,,False,1,2,2023-06-18T12:08:23.004703+00:00
CUR_GI014,Curitiba,4106902,1,,548,,,-25.549586,-49.29205,,False,1,1,2023-06-18T12:08:23.004703+00:00
CUR_DC853,Curitiba,4106902,1,,334,,,-25.469251,-49.208386,,False,7,,2023-06-18T12:05:23.004703+00:00
CUR_HI855,Curitiba,4106902,1,,630,,,-25.436725,-49.274433,,False,7,2,2023-06-18T12:08:23.004703+00:00
CUR_BI024,Curitiba,4106902,1,,233,,,-25.367525,-49.25975,,False,1,,2023-06-18T12:08:23.004703+00:00
CUR_HI859,Curitiba,4106902,1,,865,,,-25.450438,-49.31446,,False,7,1,2023-06-18T12:08:23.004703+00:00
CUR_GI020,Curitiba,4106902,1,,640,,,-25.549416,-49.292171,,False,1,1,2023-06-18T12:06:23.004703+00:00
CUR_DN604,Curitiba,4106902,1,,465,,,-25.434803,-49.26437,,False,7,2,2023-06-18T12:07:23.004703+00:00
CUR_BI856,Curitiba,4106902,1,Auto Viação São José,213,https://moovitapp.com/index/pt-br/transporte_p%C3%BAblico-line-213_PIT_PRA%C3%87A_DA_JUVENTUDE_CRISTAL_BLANCO_POMBO_HOR%C3%81RIO-Curitiba-942-857412-119631272-0,-1.0,-25.394143,-49.242336,,False,7,1,2023-06-18T12:07:23.004703+00:00
CUR_HC851,Curitiba,4106902,1,,863,,,-25.491993,-49.322786,,False,7,2,2023-06-18T12:08:23.004703+00:00
CUR_HI022,Curitiba,4106902,1,,772,,,-25.539475,-49.308503,,False,1,1,2023-06-18T12:08:23.004703+00:00
CUR_HI039,Curitiba,4106902,1,,772,,,-25.539028,-49.307936,,False,1,2,2023-06-18T12:08:23.004703+00:00
CUR_BI875,Curitiba,4106902,1,,243,,,-25.391983,-49.247013,,False,7,1,2023-06-18T12:08:23.004703+00:00
CUR_GI855,Curitiba,4106902,1,,665,,,-25.435631,-49.274058,,False,7,1,2023-06-18T12:08:23.004703+00:00
CUR_GI857,Curitiba,4106902,1,,665,,,-25.456453,-49.268666,,False,7,2,2023-06-18T12:08:23.004703+00:00
CUR_BI889,Curitiba,4106902,1,,386,,,-25.39422,-49.242256,,False,7,1,2023-06-18T12:08:23.004703+00:00
CUR_BI022,Curitiba,4106902,1,,225,,,-25.384736,-49.248518,,False,1,1,2023-06-18T12:07:23.004703+00:00
CUR_GI046,Curitiba,4106902,1,,643,,,-25.514195,-49.277841,,False,1,2,2023-06-18T12:07:23.004703+00:00
CUR_GI008,Curitiba,4106902,1,,643,,,-25.525236,-49.287765,,False,1,1,2023-06-18T12:07:23.004703+00:00
CUR_EI006,Curitiba,4106902,1,,X07,,,-25.534296,-49.267975,,False,1,2,2023-06-18T12:08:23.004703+00:00
CUR_EA026,Curitiba,4106902,1,,657,,,-25.468581,-49.255838,,False,1,1,2023-06-18T12:08:23.004703+00:00
CUR_GI044,Curitiba,4106902,1,,683,,,-25.553735,-49.276776,,False,1,2,2023-06-18T12:08:23.004703+00:00
CUR_GI023,Curitiba,4106902,1,,636,,,-25.549313,-49.29217,,False,1,1,2023-06-18T12:08:23.004703+00:00
CUR_JI856,Curitiba,4106902,1,,861,,,-25.449368,-49.366966,,False,7,2,2023-06-18T12:08:23.004703+00:00
CUR_JL307,Curitiba,4106902,0,URBS,702,https://moovitapp.com/index/pt-br/transporte_p%C3%BAblico-line-702_CAIU%C3%81_CACHOEIRA-Curitiba-942-9628-133282980-0,-1.0,-25.448738,-49.366038,,False,3,1,2023-06-18T12:08:23.004703+00:00
CUR_JL320,Curitiba,4106902,1,URBS,702,https://moovitapp.com/index/pt-br/transporte_p%C3%BAblico-line-702_CAIU%C3%81_CACHOEIRA-Curitiba-942-9628-133282980-0,-1.0,-25.41259,-49.265811,,False,3,1,2023-06-18T12:08:23.004703+00:00
CUR_HI018,Curitiba,4106902,1,,650,,,-25.540326,-49.30851,,False,1,1,2023-06-18T12:07:23.004703+00:00
CUR_HI607,Curitiba,4106902,0,,650,,,-25.624398,-49.369966,,False,4,2,2023-06-18T12:08:23.004703+00:00
CUR_HN403,Curitiba,4106902,1,,627,,,-25.537216,-49.30673,,False,7,1,2023-06-18T12:08:23.004703+00:00
CUR_DA011,Curitiba,4106902,1,,322,,,-25.461581,-49.203935,,False,1,1,2023-06-18T12:08:23.004703+00:00
CUR_DA290,Curitiba,4106902,1,,338,,,-25.467676,-49.2559,,False,1,2,2023-06-18T12:08:23.004703+00:00
CUR_DA033,Curitiba,4106902,1,,338,,,-25.491283,-49.288185,,False,1,1,2023-06-18T12:08:23.004703+00:00
CUR_BI870,Curitiba,4106902,1,Auto Viação São José,214,https://moovitapp.com/index/pt-br/transporte_p%C3%BAblico-line-214_PIT_PRA%C3%87A_DA_JUVENTUDE_CRISTAL_BLANCO_POMBO_ANTI_HOR%C3%81RIO-Curitiba-942-857412-119631273-0,-1.0,-25.394353,-49.242318,,False,7,2,2023-06-18T12:08:23.004703+00:00
CUR_DA292,Curitiba,4106902,1,,621,,,-25.467685,-49.256075,,False,1,2,2023-06-18T12:08:23.004703+00:00
CUR_EI018,Curitiba,4106902,1,,621,,,-25.467145,-49.255525,,False,1,1,2023-06-18T12:08:23.004703+00:00
CUR_BI850,Curitiba,4106902,1,,875,,,-25.41446,-49.280498,,False,7,1,2023-06-18T12:08:23.004703+00:00
CUR_GL325,Curitiba,4106902,0,URBS,022,https://moovitapp.com/index/pt-br/transporte_p%C3%BAblico-line-022_INTER_2_HOR%C3%81RIO-Curitiba-942-9628-381388-0,-1.0,-25.549173,-49.290633,,False,3,,2023-06-18T12:07:23.004703+00:00
CUR_DL301,Curitiba,4106902,0,URBS,022,https://moovitapp.com/index/pt-br/transporte_p%C3%BAblico-line-022_INTER_2_HOR%C3%81RIO-Curitiba-942-9628-381388-0,-1.0,-25.43939,-49.250095,,False,3,,2023-06-18T12:08:23.004703+00:00
CUR_EL326,Curitiba,4106902,1,URBS,022,https://moovitapp.com/index/pt-br/transporte_p%C3%BAblico-line-022_INTER_2_HOR%C3%81RIO-Curitiba-942-9628-381388-0,-1.0,-25.467565,-49.255666,,False,3,,2023-06-18T12:07:23.004703+00:00
CUR_BL319,Curitiba,4106902,0,URBS,022,https://moovitapp.com/index/pt-br/transporte_p%C3%BAblico-line-022_INTER_2_HOR%C3%81RIO-Curitiba-942-9628-381388-0,-1.0,-25.401585,-49.259573,,False,3,,2023-06-18T12:08:23.004703+00:00
CUR_BL305,Curitiba,4106902,0,URBS,022,https://moovitapp.com/index/pt-br/transporte_p%C3%BAblico-line-022_INTER_2_HOR%C3%81RIO-Curitiba-942-9628-381388-0,-1.0,-25.401548,-49.329401,,False,3,,2023-06-18T12:08:23.004703+00:00
CUR_KB604,Curitiba,4106902,1,,050,,,-25.467356,-49.254788,,False,4,1,2023-06-18T12:08:23.004703+00:00
CUR_JB301,Curitiba,4106902,1,,050,,,-25.449363,-49.366773,,False,3,2,2023-06-18T12:08:23.004703+00:00
CUR_EB603,Curitiba,4106902,1,,050,,,-25.468551,-49.25463,,False,4,1,2023-06-18T12:08:23.004703+00:00
CUR_DA294,Curitiba,4106902,1,,462,,,-25.516526,-49.23745,,False,1,2,2023-06-18T12:07:23.004703+00:00
CUR_DA296,Curitiba,4106902,1,,462,,,-25.467786,-49.255466,,False,1,2,2023-06-18T12:08:23.004703+00:00
CUR_MN608,Curitiba,4106902,1,,972,,,-25.410135,-49.320871,,False,7,2,2023-06-18T12:08:23.004703+00:00
CUR_MN603,Curitiba,4106902,1,,972,,,-25.419681,-49.294326,,False,7,1,2023-06-18T12:08:23.004703+00:00
CUR_KB608,Curitiba,4106902,1,,030,,,-25.467405,-49.254755,,False,4,2,2023-06-18T12:08:23.004703+00:00
CUR_BB600,Curitiba,4106902,1,,030,,,-25.399008,-49.212913,,False,4,2,2023-06-18T12:08:23.004703+00:00
CUR_KB607,Curitiba,4106902,1,,030,,,-25.467621,-49.254683,,False,4,1,2023-06-18T12:08:23.004703+00:00
CUR_CB600,Curitiba,4106902,1,,030,,,-25.406481,-49.252501,,False,4,1,2023-06-18T12:08:23.004703+00:00
CUR_CB603,Curitiba,4106902,1,,030,,,-25.380953,-49.186238,,False,4,2,2023-06-18T12:08:23.004703+00:00
CUR_HI862,Curitiba,4106902,1,,628,,,-25.537205,-49.306661,,False,7,1,2023-06-18T12:08:23.004703+00:00
CUR_HI853,Curitiba,4106902,1,,628,,,-25.5382,-49.307416,,False,7,2,2023-06-18T12:08:23.004703+00:00
CUR_HE610,Curitiba,4106902,0,URBS,602,https://moovitapp.com/index/pt-br/transporte_p%C3%BAblico-line-602_CIRCULAR_SUL_ANTI_HOR%C3%81RIO-Curitiba-942-9628-294517-0,-1.0,-25.538318,-49.307173,,False,4,,2023-06-18T12:08:23.004703+00:00
CUR_HE615,Curitiba,4106902,0,URBS,602,https://moovitapp.com/index/pt-br/transporte_p%C3%BAblico-line-602_CIRCULAR_SUL_ANTI_HOR%C3%81RIO-Curitiba-942-9628-294517-0,-1.0,-25.538435,-49.307126,,False,4,,2023-06-18T12:08:23.004703+00:00
CUR_HE612,Curitiba,4106902,0,URBS,602,https://moovitapp.com/index/pt-br/transporte_p%C3%BAblico-line-602_CIRCULAR_SUL_ANTI_HOR%C3%81RIO-Curitiba-942-9628-294517-0,-1.0,-25.538325,-49.307201,,False,4,,2023-06-18T12:08:23.004703+00:00
CUR_HI854,Curitiba,4106902,1,,673,,,-25.53716,-49.306801,,False,7,1,2023-06-18T12:07:23.004703+00:00
CUR_BI859,Curitiba,4106902,1,,160,,,-25.415095,-49.280453,,False,7,1,2023-06-18T12:06:23.004703+00:00
CUR_BC932,Curitiba,4106902,1,,160,,,-25.414526,-49.280475,,False,7,2,2023-06-18T12:08:23.004703+00:00
CUR_GI054,Curitiba,4106902,1,,631,,,-25.548303,-49.292376,,False,1,,2023-06-18T12:08:23.004703+00:00
CUR_GI048,Curitiba,4106902,1,,534,,,-25.549808,-49.290646,,False,1,2,2023-06-18T12:08:23.004703+00:00
CUR_BI866,Curitiba,4106902,1,Auto Viação São José,212,https://moovitapp.com/index/pt-br/transporte_p%C3%BAblico-line-212_PIT_PRA%C3%87A_DA_JUVENTUDE_SANTA_F%C3%89_CRISTAL-Curitiba-942-857412-73656311-0,-1.0,-25.394176,-49.242051,,False,7,2,2023-06-18T12:07:23.004703+00:00
CUR_HL328,Curitiba,4106902,0,URBS,210,https://moovitapp.com/index/pt-br/transporte_p%C3%BAblico-line-210_CIC_CABRAL-Curitiba-942-9628-363542-0,-1.0,-25.406571,-49.252096,,False,3,1,2023-06-18T12:08:23.004703+00:00
CUR_HL331,Curitiba,4106902,1,URBS,210,https://moovitapp.com/index/pt-br/transporte_p%C3%BAblico-line-210_CIC_CABRAL-Curitiba-942-9628-363542-0,-1.0,-25.537478,-49.306848,,False,3,2,2023-06-18T12:08:23.004703+00:00
CUR_HL497,Curitiba,4106902,1,URBS,210,https://moovitapp.com/index/pt-br/transporte_p%C3%BAblico-line-210_CIC_CABRAL-Curitiba-942-9628-363542-0,-1.0,-25.537533,-49.306726,,False,3,1,2023-06-18T12:07:23.004703+00:00
CUR_BI879,Curitiba,4106902,1,,183,,,-25.437306,-49.20851,,False,7,2,2023-06-18T12:08:23.004703+00:00
CUR_BI871,Curitiba,4106902,1,,266,,,-25.407381,-49.252955,,False,7,2,2023-06-18T12:07:23.004703+00:00
CUR_EI008,Curitiba,4106902,1,,528,,,-25.47981,-49.210835,,False,1,1,2023-06-18T12:08:23.004703+00:00
CUR_GI011,Curitiba,4106902,1,,528,,,-25.549678,-49.292083,,False,1,2,2023-06-18T12:08:23.004703+00:00
CUR_GI047,Curitiba,4106902,1,,528,,,-25.557098,-49.282236,,False,1,1,2023-06-18T12:08:23.004703+00:00
CUR_EA020,Curitiba,4106902,1,,528,,,-25.46842,-49.25564,,False,1,2,2023-06-18T12:08:23.004703+00:00
CUR_BI860,Curitiba,4106902,1,,366,,,-25.380018,-49.2345,,False,7,2,2023-06-18T12:08:23.004703+00:00
CUR_JI017,Curitiba,4106902,1,,611,,,-25.449076,-49.365661,,False,1,2,2023-06-18T12:08:23.004703+00:00
CUR_JI012,Curitiba,4106902,1,,611,,,-25.449286,-49.366198,,False,1,1,2023-06-18T12:08:23.004703+00:00
CUR_HB605,Curitiba,4106902,1,,040,,,-25.537945,-49.307478,,False,4,2,2023-06-18T12:08:23.004703+00:00
CUR_HB608,Curitiba,4106902,1,,040,,,-25.52215,-49.297096,,False,4,2,2023-06-18T12:08:23.004703+00:00
CUR_HB604,Curitiba,4106902,1,,040,,,-25.477195,-49.327426,,False,4,1,2023-06-18T12:08:23.004703+00:00
CUR_GB612,Curitiba,4106902,1,,040,,,-25.549156,-49.291306,,False,4,2,2023-06-18T12:08:23.004703+00:00
CUR_HB606,Curitiba,4106902,1,,040,,,-25.539885,-49.308608,,False,4,1,2023-06-18T12:08:23.004703+00:00
CUR_CI007,Curitiba,4106902,1,,222,,,-25.384698,-49.19559,,False,1,2,2023-06-18T12:08:23.004703+00:00
CUR_DC855,Curitiba,4106902,1,,387,,,-25.467823,-49.254236,,False,7,1,2023-06-18T12:08:23.004703+00:00
CUR_MI852,Curitiba,4106902,1,,948,,,-25.40126,-49.32996,,False,7,2,2023-06-18T12:07:23.004703+00:00
CUR_MA949,Curitiba,4106902,1,,958,,,-25.419638,-49.294418,,False,7,2,2023-06-18T12:08:23.004703+00:00
CUR_HI857,Curitiba,4106902,1,,652,,,-25.44792,-49.284475,,False,7,2,2023-06-18T12:07:23.004703+00:00
CUR_HI861,Curitiba,4106902,1,,652,,,-25.540211,-49.307776,,False,7,1,2023-06-18T12:07:23.004703+00:00
CUR_BI869,Curitiba,4106902,1,,231,,,-25.381501,-49.261336,,False,7,1,2023-06-18T12:08:23.004703+00:00
CUR_HE724,Curitiba,4106902,0,URBS,603,https://moovitapp.com/index/pt-br/transporte_p%C3%BAblico-line-603_PINHEIRINHO_RUI_BARBOSA-Curitiba-942-9628-484781-0,-1.0,-25.481803,-49.29265,,False,5,1,2023-06-18T12:07:23.004703+00:00
CUR_HE722,Curitiba,4106902,0,URBS,603,https://moovitapp.com/index/pt-br/transporte_p%C3%BAblico-line-603_PINHEIRINHO_RUI_BARBOSA-Curitiba-942-9628-484781-0,-1.0,-25.539415,-49.308145,,False,5,2,2023-06-18T12:08:23.004703+00:00
CUR_HE731,Curitiba,4106902,0,URBS,603,https://moovitapp.com/index/pt-br/transporte_p%C3%BAblico-line-603_PINHEIRINHO_RUI_BARBOSA-Curitiba-942-9628-484781-0,-1.0,-25.539496,-49.308111,,False,5,2,2023-06-18T12:08:23.004703+00:00
CUR_HE723,Curitiba,4106902,0,URBS,603,https://moovitapp.com/index/pt-br/transporte_p%C3%BAblico-line-603_PINHEIRINHO_RUI_BARBOSA-Curitiba-942-9628-484781-0,-1.0,-25.540393,-49.308315,,False,5,1,2023-06-18T12:08:23.004703+00:00
CUR_BI880,Curitiba,4106902,1,,244,,,-25.42222,-49.268378,,False,7,2,2023-06-18T12:08:23.004703+00:00
CUR_GI007,Curitiba,4106902,1,,524,,,-25.533638,-49.259081,,False,1,1,2023-06-18T12:08:23.004703+00:00
CUR_GI045,Curitiba,4106902,1,,638,,,-25.54274,-49.298883,,False,1,2,2023-06-18T12:07:23.004703+00:00
CUR_BI886,Curitiba,4106902,1,,275,,,-25.365551,-49.25027,,False,7,2,2023-06-18T12:08:23.004703+00:00
CUR_BI897,Curitiba,4106902,1,,822,,,-25.427838,-49.263285,,False,7,2,2023-06-18T12:07:23.004703+00:00
CUR_GI850,Curitiba,4106902,1,,616,,,-25.46155,-49.274145,,False,7,1,2023-06-18T12:07:23.004703+00:00
CUR_GI852,Curitiba,4106902,1,,661,,,-25.46763,-49.266123,,False,7,2,2023-06-18T12:08:23.004703+00:00
CUR_HE716,Curitiba,4106902,0,URBS,550,https://moovitapp.com/index/pt-br/transporte_p%C3%BAblico-line-550_LIGEIR%C3%83O_PINHEIRINHO_CARLOS_GOMES-Curitiba-942-9628-1254061-0,-1.0,-25.53901,-49.308253,,False,5,2,2023-06-18T12:08:23.004703+00:00
CUR_HE720,Curitiba,4106902,0,URBS,550,https://moovitapp.com/index/pt-br/transporte_p%C3%BAblico-line-550_LIGEIR%C3%83O_PINHEIRINHO_CARLOS_GOMES-Curitiba-942-9628-1254061-0,-1.0,-25.539746,-49.30805,,False,5,1,2023-06-18T12:07:23.004703+00:00
CUR_GE724,Curitiba,4106902,0,URBS,550,https://moovitapp.com/index/pt-br/transporte_p%C3%BAblico-line-550_LIGEIR%C3%83O_PINHEIRINHO_CARLOS_GOMES-Curitiba-942-9628-1254061-0,-1.0,-25.549786,-49.291601,,False,5,1,2023-06-18T12:08:23.004703+00:00
CUR_BI873,Curitiba,4106902,1,,224,,,-25.421628,-49.269715,,False,7,,2023-06-18T12:08:23.004703+00:00
CUR_BI878,Curitiba,4106902,1,,260,,,-25.394523,-49.242591,,False,7,1,2023-06-18T12:08:23.004703+00:00
CUR_BE718,Curitiba,4106902,0,URBS,350,https://moovitapp.com/index/pt-br/transporte_p%C3%BAblico-line-350_FAGUNDES_VARELA_PINHEIRINHO-Curitiba-942-9628-52482798-0,-1.0,-25.409153,-49.22223,,False,5,2,2023-06-18T12:08:23.004703+00:00
CUR_HE608,Curitiba,4106902,0,URBS,350,https://moovitapp.com/index/pt-br/transporte_p%C3%BAblico-line-350_FAGUNDES_VARELA_PINHEIRINHO-Curitiba-942-9628-52482798-0,-1.0,-25.508738,-49.295871,,False,4,1,2023-06-18T12:07:23.004703+00:00
CUR_GI034,Curitiba,4106902,1,,663,,,-25.548961,-49.292271,,False,1,2,2023-06-18T12:08:23.004703+00:00
CUR_EI004,Curitiba,4106902,1,,471,,,-25.463633,-49.245573,,False,1,2,2023-06-18T12:08:23.004703+00:00
CUR_EI017,Curitiba,4106902,1,,475,,,-25.442941,-49.26639,,False,1,1,2023-06-18T12:08:23.004703+00:00
CUR_EA006,Curitiba,4106902,1,,475,,,-25.468953,-49.255553,,False,1,2,2023-06-18T12:07:23.004703+00:00
CUR_EI003,Curitiba,4106902,1,Auto Viação São José,515,https://moovitapp.com/index/pt-br/transporte_p%C3%BAblico-line-515_%E2%9C%88_AEROPORTO_1_SHOPPING_S%C3%83O_JOS%C3%89-Curitiba-942-857412-67925719-0,-1.0,-25.467101,-49.255513,,False,1,1,2023-06-18T12:08:23.004703+00:00
CUR_EI010,Curitiba,4106902,1,,472,,,-25.480843,-49.247653,,False,1,2,2023-06-18T12:07:23.004703+00:00
CUR_EI013,Curitiba,4106902,1,,513,,,-25.482388,-49.26984,,False,1,2,2023-06-18T12:08:23.004703+00:00
CUR_JI850,Curitiba,4106902,1,,721,,,-25.44273,-49.347726,,False,7,1,2023-06-18T12:08:23.004703+00:00
CUR_DE710,Curitiba,4106902,0,URBS,303,https://moovitapp.com/index/pt-br/transporte_p%C3%BAblico-line-303_CENTEN%C3%81RIO_CAMPO_COMPRIDO-Curitiba-942-9628-531689-0,-1.0,-25.428876,-49.288888,,False,5,1,2023-06-18T12:08:23.004703+00:00
CUR_DE705,Curitiba,4106902,0,URBS,303,https://moovitapp.com/index/pt-br/transporte_p%C3%BAblico-line-303_CENTEN%C3%81RIO_CAMPO_COMPRIDO-Curitiba-942-9628-531689-0,-1.0,-25.46907,-49.208411,,False,5,1,2023-06-18T12:07:23.004703+00:00
CUR_DE711,Curitiba,4106902,0,URBS,303,https://moovitapp.com/index/pt-br/transporte_p%C3%BAblico-line-303_CENTEN%C3%81RIO_CAMPO_COMPRIDO-Curitiba-942-9628-531689-0,-1.0,-25.46792,-49.25514,,False,5,2,2023-06-18T12:08:23.004703+00:00
CUR_XY042,Curitiba,4106902,0,URBS,303,https://moovitapp.com/index/pt-br/transporte_p%C3%BAblico-line-303_CENTEN%C3%81RIO_CAMPO_COMPRIDO-Curitiba-942-9628-531689-0,-1.0,-25.394371,-49.242076,,False,4,2,2023-06-18T12:07:23.004703+00:00
CUR_DE704,Curitiba,4106902,0,URBS,303,https://moovitapp.com/index/pt-br/transporte_p%C3%BAblico-line-303_CENTEN%C3%81RIO_CAMPO_COMPRIDO-Curitiba-942-9628-531689-0,-1.0,-25.467946,-49.255138,,False,5,1,2023-06-18T12:08:23.004703+00:00
CUR_JE706,Curitiba,4106902,0,URBS,303,https://moovitapp.com/index/pt-br/transporte_p%C3%BAblico-line-303_CENTEN%C3%81RIO_CAMPO_COMPRIDO-Curitiba-942-9628-531689-0,-1.0,-25.469058,-49.20838,,False,5,2,2023-06-18T12:02:23.004703+00:00
CUR_DE702,Curitiba,4106902,0,URBS,303,https://moovitapp.com/index/pt-br/transporte_p%C3%BAblico-line-303_CENTEN%C3%81RIO_CAMPO_COMPRIDO-Curitiba-942-9628-531689-0,-1.0,-25.445116,-49.21626,,False,5,2,2023-06-18T12:08:23.004703+00:00
CUR_JI863,Curitiba,4106902,1,,710,,,-25.435763,-49.274776,,False,7,,2023-06-18T12:08:23.004703+00:00
CUR_GE601,Curitiba,4106902,0,URBS,503,https://moovitapp.com/index/pt-br/transporte_p%C3%BAblico-line-503_BOQUEIR%C3%83O-Curitiba-942-9628-294244-0,-1.0,-25.550395,-49.291733,,False,4,2,2023-06-18T12:08:23.004703+00:00
CUR_KE701,Curitiba,4106902,0,URBS,503,https://moovitapp.com/index/pt-br/transporte_p%C3%BAblico-line-503_BOQUEIR%C3%83O-Curitiba-942-9628-294244-0,-1.0,-25.467085,-49.254801,,False,5,1,2023-06-18T12:07:23.004703+00:00
CUR_GE610,Curitiba,4106902,0,URBS,503,https://moovitapp.com/index/pt-br/transporte_p%C3%BAblico-line-503_BOQUEIR%C3%83O-Curitiba-942-9628-294244-0,-1.0,-25.468833,-49.253591,,False,4,2,2023-06-18T12:07:23.004703+00:00
CUR_MI855,Curitiba,4106902,1,,821,,,-25.391458,-49.349705,,False,7,2,2023-06-18T12:08:23.004703+00:00
CUR_ML307,Curitiba,4106902,0,URBS,307,https://moovitapp.com/index/pt-br/transporte_p%C3%BAblico-line-307_BAIRRO_ALTO_SANTA_FELICIDADE-Curitiba-942-9628-1323712-0,-1.0,-25.42839,-49.272456,,False,3,1,2023-06-18T12:08:23.004703+00:00
CUR_CL302,Curitiba,4106902,0,URBS,307,https://moovitapp.com/index/pt-br/transporte_p%C3%BAblico-line-307_BAIRRO_ALTO_SANTA_FELICIDADE-Curitiba-942-9628-1323712-0,-1.0,-25.496111,-49.2796,,False,3,2,2023-06-18T12:08:23.004703+00:00
CUR_BL328,Curitiba,4106902,0,URBS,307,https://moovitapp.com/index/pt-br/transporte_p%C3%BAblico-line-307_BAIRRO_ALTO_SANTA_FELICIDADE-Curitiba-942-9628-1323712-0,-1.0,-25.490975,-49.255723,,False,3,2,2023-06-18T12:08:23.004703+00:00
CUR_ML312,Curitiba,4106902,0,URBS,307,https://moovitapp.com/index/pt-br/transporte_p%C3%BAblico-line-307_BAIRRO_ALTO_SANTA_FELICIDADE-Curitiba-942-9628-1323712-0,-1.0,-25.41963,-49.294476,,False,3,1,2023-06-18T12:08:23.004703+00:00
CUR_CI004,Curitiba,4106902,1,,341,,,-25.401606,-49.206248,,False,1,2,2023-06-18T12:07:23.004703+00:00
CUR_MI854,Curitiba,4106902,1,,928,,,-25.3921,-49.351636,,False,7,1,2023-06-18T12:08:23.004703+00:00
CUR_MI001,Curitiba,4106902,1,,901,,,-25.414115,-49.339531,,False,1,2,2023-06-18T12:08:23.004703+00:00
CUR_MI004,Curitiba,4106902,1,,901,,,-25.391653,-49.282971,,False,1,1,2023-06-18T12:08:23.004703+00:00
CUR_HI045,Curitiba,4106902,1,,612,,,-25.5397,-49.307715,,False,1,1,2023-06-18T12:08:23.004703+00:00
CUR_HI041,Curitiba,4106902,1,,654,,,-25.492606,-49.308858,,False,1,2,2023-06-18T12:07:23.004703+00:00
CUR_BI852,Curitiba,4106902,1,,175,,,-25.41511,-49.280501,,False,7,2,2023-06-18T12:08:23.004703+00:00
CUR_BI890,Curitiba,4106902,1,,311,,,-25.420486,-49.268773,,False,7,1,2023-06-18T12:07:23.004703+00:00
CUR_BI012,Curitiba,4106902,1,,342,,,-25.393353,-49.240955,,False,1,2,2023-06-18T12:07:23.004703+00:00
CUR_BI013,Curitiba,4106902,1,,342,,,-25.358145,-49.263393,,False,1,1,2023-06-18T12:08:23.004703+00:00
CUR_BC020,Curitiba,4106902,1,,870,,,-25.435168,-49.301863,,False,1,1,2023-06-18T12:06:23.004703+00:00
CUR_BI025,Curitiba,4106902,1,,870,,,-25.402025,-49.328335,,False,1,2,2023-06-18T12:08:23.004703+00:00
CUR_BI892,Curitiba,4106902,1,,280,,,-25.395181,-49.24231,,False,7,2,2023-06-18T12:07:23.004703+00:00
CUR_HI851,Curitiba,4106902,1,,615,,,-25.537186,-49.306786,,False,7,1,2023-06-18T12:08:23.004703+00:00
CUR_GI051,Curitiba,4106902,1,,624,,,-25.507196,-49.284513,,False,1,1,2023-06-18T12:08:23.004703+00:00
CUR_HI602,Curitiba,4106902,1,Auto Viação São José,216,https://moovitapp.com/index/pt-br/transporte_p%C3%BAblico-line-216_PIT_PRA%C3%87A_DA_JUVENTUDE_SANTA_F%C3%89_PINDORAMA-Curitiba-942-857412-122004458-0,-1.0,-25.590803,-49.341716,,False,4,1,2023-06-18T12:08:23.004703+00:00
CUR_DA699,Curitiba,4106902,1,Auto Viação São José,216,https://moovitapp.com/index/pt-br/transporte_p%C3%BAblico-line-216_PIT_PRA%C3%87A_DA_JUVENTUDE_SANTA_F%C3%89_PINDORAMA-Curitiba-942-857412-122004458-0,-1.0,-25.467695,-49.25461,,False,4,1,2023-06-18T12:08:23.004703+00:00
CUR_HI609,Curitiba,4106902,1,Auto Viação São José,216,https://moovitapp.com/index/pt-br/transporte_p%C3%BAblico-line-216_PIT_PRA%C3%87A_DA_JUVENTUDE_SANTA_F%C3%89_PINDORAMA-Curitiba-942-857412-122004458-0,-1.0,-25.447061,-49.248526,,False,4,2,2023-06-18T12:07:23.004703+00:00
CUR_BI003,Curitiba,4106902,1,Auto Viação São José,211,https://moovitapp.com/index/pt-br/transporte_p%C3%BAblico-line-211_PIT_PRA%C3%87A_DA_JUVENTUDE_IZAURA_IP%C3%8A-Curitiba-942-857412-73553392-0,-1.0,-25.39511,-49.242543,,False,1,1,2023-06-18T12:06:23.004703+00:00
CUR_BA027,Curitiba,4106902,1,,182,,,-25.395135,-49.242771,,False,1,1,2023-06-18T12:07:23.004703+00:00
CUR_EI007,Curitiba,4106902,1,,522,,,-25.508653,-49.250626,,False,1,1,2023-06-18T12:08:23.004703+00:00
CUR_EI019,Curitiba,4106902,1,,511,,,-25.467143,-49.255553,,False,1,1,2023-06-18T12:07:23.004703+00:00
CUR_EI014,Curitiba,4106902,1,,533,,,-25.529446,-49.247798,,False,1,,2023-06-18T12:07:23.004703+00:00
CUR_EI002,Curitiba,4106902,1,,523,,,-25.49902,-49.231836,,False,1,2,2023-06-18T12:07:23.004703+00:00
CUR_BI899,Curitiba,4106902,1,,365,,,-25.431955,-49.231685,,False,7,1,2023-06-18T12:07:23.004703+00:00
CUR_BI884,Curitiba,4106902,1,,365,,,-25.39394,-49.242183,,False,7,2,2023-06-18T12:08:23.004703+00:00
CUR_BI010,Curitiba,4106902,1,,232,,,-25.400615,-49.330811,,False,1,2,2023-06-18T12:08:23.004703+00:00
CUR_JI010,Curitiba,4106902,1,,778,,,-25.449145,-49.3662,,False,1,2,2023-06-18T12:08:23.004703+00:00
CUR_JI857,Curitiba,4106902,1,,762,,,-25.461296,-49.358001,,False,7,1,2023-06-18T12:07:23.004703+00:00
CUR_JI858,Curitiba,4106902,1,,862,,,-25.44853,-49.297508,,False,7,2,2023-06-18T12:08:23.004703+00:00
CUR_JI948,Curitiba,4106902,1,,761,,,-25.44901,-49.366971,,False,7,2,2023-06-18T12:08:23.004703+00:00
CUR_GI010,Curitiba,4106902,1,,633,,,-25.549755,-49.292093,,False,1,2,2023-06-18T12:08:23.004703+00:00
CUR_GI006,Curitiba,4106902,1,,649,,,-25.534095,-49.267238,,False,1,2,2023-06-18T12:08:23.004703+00:00
CUR_GI004,Curitiba,4106902,1,,637,,,-25.549921,-49.292043,,False,1,2,2023-06-18T12:08:23.004703+00:00
CUR_GI858,Curitiba,4106902,1,,662,,,-25.55008,-49.292,,False,7,1,2023-06-18T12:08:23.004703+00:00
CUR_GL329,Curitiba,4106902,1,URBS,506,https://moovitapp.com/index/pt-br/transporte_p%C3%BAblico-line-506_BAIRRO_NOVO-Curitiba-942-9628-294299-0,-1.0,-25.549323,-49.290588,,False,3,1,2023-06-18T12:07:23.004703+00:00
CUR_EL332,Curitiba,4106902,1,URBS,506,https://moovitapp.com/index/pt-br/transporte_p%C3%BAblico-line-506_BAIRRO_NOVO-Curitiba-942-9628-294299-0,-1.0,-25.46009,-49.257763,,False,3,2,2023-06-18T12:08:23.004703+00:00
CUR_GL330,Curitiba,4106902,1,URBS,506,https://moovitapp.com/index/pt-br/transporte_p%C3%BAblico-line-506_BAIRRO_NOVO-Curitiba-942-9628-294299-0,-1.0,-25.54935,-49.290551,,False,3,2,2023-06-18T12:08:23.004703+00:00
CUR_EL329,Curitiba,4106902,1,URBS,506,https://moovitapp.com/index/pt-br/transporte_p%C3%BAblico-line-506_BAIRRO_NOVO-Curitiba-942-9628-294299-0,-1.0,-25.506353,-49.284008,,False,3,1,2023-06-18T12:06:23.004703+00:00
CUR_HI013,Curitiba,4106902,1,,826,,,-25.538555,-49.308088,,False,1,2,2023-06-18T12:08:23.004703+00:00
CUR_HI008,Curitiba,4106902,1,,828,,,-25.441365,-49.345543,,False,1,1,2023-06-18T12:08:23.004703+00:00
CUR_JI021,Curitiba,4106902,1,,828,,,-25.44924,-49.365996,,False,1,2,2023-06-18T12:08:23.004703+00:00
CUR_JI861,Curitiba,4106902,1,,760,,,-25.45149,-49.288953,,False,7,1,2023-06-18T12:08:23.004703+00:00
CUR_BC009,Curitiba,4106902,1,,812,,,-25.415048,-49.280561,,False,1,2,2023-06-18T12:08:23.004703+00:00
CUR_DC294,Curitiba,4106902,1,,332,,,-25.476506,-49.22595,,False,1,,2023-06-18T12:08:23.004703+00:00
CUR_BI865,Curitiba,4106902,1,,876,,,-25.394425,-49.242381,,False,7,2,2023-06-18T12:08:23.004703+00:00
CUR_BI864,Curitiba,4106902,1,,876,,,-25.415128,-49.280498,,False,7,1,2023-06-18T12:08:23.004703+00:00
CUR_BC018,Curitiba,4106902,1,,166,,,-25.414735,-49.280921,,False,1,1,2023-06-18T12:08:23.004703+00:00
CUR_BC006,Curitiba,4106902,1,,170,,,-25.414378,-49.281006,,False,1,2,2023-06-18T12:08:23.004703+00:00
CUR_BI029,Curitiba,4106902,1,,010,,,-25.413146,-49.203845,,False,1,,2023-06-18T12:08:23.004703+00:00
CUR_BI030,Curitiba,4106902,1,,011,,,-25.424403,-49.324921,,False,1,,2023-06-18T12:08:23.004703+00:00
CUR_HI028,Curitiba,4106902,1,,680,,,-25.568796,-49.320666,,False,1,2,2023-06-18T12:08:23.004703+00:00
CUR_BI874,Curitiba,4106902,1,,236,,,-25.394531,-49.242785,,False,7,1,2023-06-18T12:08:23.004703+00:00
CUR_BI872,Curitiba,4106902,1,,242,,,-25.393955,-49.242063,,False,7,1,2023-06-18T12:08:23.004703+00:00
CUR_DN603,Curitiba,4106902,1,,321,,,-25.46913,-49.254913,,False,7,2,2023-06-18T12:07:23.004703+00:00
CUR_BC001,Curitiba,4106902,1,,375,,,-25.42834,-49.266571,,False,1,1,2023-06-18T12:07:23.004703+00:00
CUR_CI006,Curitiba,4106902,1,,380,,,-25.38188,-49.185805,,False,1,2,2023-06-18T12:08:23.004703+00:00
CUR_CI003,Curitiba,4106902,1,,380,,,-25.381923,-49.185788,,False,1,1,2023-06-18T12:08:23.004703+00:00
CUR_BI002,Curitiba,4106902,1,,374,,,-25.41358,-49.229913,,False,1,1,2023-06-18T12:03:23.004703+00:00
CUR_BI876,Curitiba,4106902,1,,371,,,-25.428403,-49.258405,,False,7,2,2023-06-18T12:08:23.004703+00:00
CUR_BI888,Curitiba,4106902,1,,371,,,-25.394053,-49.242253,,False,7,1,2023-06-18T12:08:23.004703+00:00
CUR_DC850,Curitiba,4106902,1,,477,,,-25.469178,-49.255438,,False,7,1,2023-06-18T12:07:23.004703+00:00
CUR_DA301,Curitiba,4106902,1,,468,,,-25.49717,-49.216075,,False,3,2,2023-06-18T12:08:23.004703+00:00
CUR_DN607,Curitiba,4106902,1,,468,,,-25.469471,-49.255136,,False,7,1,2023-06-18T12:08:23.004703+00:00
CUR_DN608,Curitiba,4106902,1,,463,,,-25.467873,-49.254448,,False,7,2,2023-06-18T12:08:23.004703+00:00
CUR_BC307,Curitiba,4106902,1,,207,,,-25.41285,-49.255051,,False,3,2,2023-06-18T12:07:23.004703+00:00
CUR_BI017,Curitiba,4106902,1,,226,,,-25.37222,-49.24604,,False,1,2,2023-06-18T12:03:23.004703+00:00
CUR_DC854,Curitiba,4106902,1,,474,,,-25.434936,-49.27276,,False,7,1,2023-06-18T12:08:23.004703+00:00
CUR_BC024,Curitiba,4106902,1,,372,,,-25.428258,-49.272181,,False,1,2,2023-06-18T12:08:23.004703+00:00
CUR_EL327,Curitiba,4106902,1,URBS,505,https://moovitapp.com/index/pt-br/transporte_p%C3%BAblico-line-505_BOQUEIR%C3%83O_CENTRO_C%C3%8DVICO-Curitiba-942-9628-531685-0,-1.0,-25.520181,-49.235596,,False,3,1,2023-06-18T12:08:23.004703+00:00
CUR_BL306,Curitiba,4106902,0,URBS,505,https://moovitapp.com/index/pt-br/transporte_p%C3%BAblico-line-505_BOQUEIR%C3%83O_CENTRO_C%C3%8DVICO-Curitiba-942-9628-531685-0,-1.0,-25.467153,-49.290061,,False,3,1,2023-06-18T12:08:23.004703+00:00
CUR_BL312,Curitiba,4106902,0,URBS,505,https://moovitapp.com/index/pt-br/transporte_p%C3%BAblico-line-505_BOQUEIR%C3%83O_CENTRO_C%C3%8DVICO-Curitiba-942-9628-531685-0,-1.0,-25.425393,-49.242433,,False,3,2,2023-06-18T12:08:23.004703+00:00
CUR_EI001,Curitiba,4106902,1,,561,,,-25.435403,-49.273718,,False,1,2,2023-06-18T12:08:23.004703+00:00
CUR_HI006,Curitiba,4106902,1,,623,,,-25.542091,-49.309953,,False,1,1,2023-06-18T12:07:23.004703+00:00
CUR_HC852,Curitiba,4106902,1,,670,,,-25.537243,-49.306573,,False,7,1,2023-06-18T12:08:23.004703+00:00
CUR_EA022,Curitiba,4106902,1,,512,,,-25.539748,-49.242021,,False,1,1,2023-06-18T12:08:23.004703+00:00
CUR_EI016,Curitiba,4106902,1,,532,,,-25.558425,-49.257055,,False,1,1,2023-06-18T12:08:23.004703+00:00
CUR_JI862,Curitiba,4106902,1,,711,,,-25.477378,-49.327058,,False,7,1,2023-06-18T12:08:23.004703+00:00
CUR_HI021,Curitiba,4106902,1,,646,,,-25.592721,-49.329606,,False,1,2,2023-06-18T12:08:23.004703+00:00
CUR_HI031,Curitiba,4106902,1,,646,,,-25.538623,-49.308058,,False,1,1,2023-06-18T12:07:23.004703+00:00
CUR_GI050,Curitiba,4106902,1,,541,,,-25.56948,-49.288425,,False,1,1,2023-06-18T12:07:23.004703+00:00
CUR_MI856,Curitiba,4106902,1,,817,,,-25.419303,-49.294471,,False,7,1,2023-06-18T12:08:23.004703+00:00
CUR_BI855,Curitiba,4106902,1,,817,,,-25.414466,-49.280633,,False,7,2,2023-06-18T12:08:23.004703+00:00
CUR_DC293,Curitiba,4106902,1,,336,,,-25.46884,-49.208173,,False,1,2,2023-06-18T12:07:23.004703+00:00
CUR_HI020,Curitiba,4106902,1,,659,,,-25.520251,-49.295568,,False,1,1,2023-06-18T12:08:23.004703+00:00
CUR_HI024,Curitiba,4106902,1,,659,,,-25.539323,-49.307841,,False,1,2,2023-06-18T12:08:23.004703+00:00
CUR_JI860,Curitiba,4106902,1,,820,,,-25.45906,-49.302331,,False,7,1,2023-06-18T12:08:23.004703+00:00
CUR_MI853,Curitiba,4106902,1,,967,,,-25.426793,-49.27576,,False,7,1,2023-06-18T12:08:23.004703+00:00
CUR_BI893,Curitiba,4106902,1,,272,,,-25.394163,-49.242128,,False,7,2,2023-06-18T12:07:23.004703+00:00
CUR_BT005,Curitiba,4106902,0,,979,,,-25.414518,-49.280598,,False,3,,2023-06-18T12:05:23.004703+00:00
CUR_BT009,Curitiba,4106902,0,,979,,,-25.434683,-49.276458,,False,3,,2023-06-18T12:01:23.004703+00:00
CUR_KA605,Curitiba,4106902,1,,629,,,-25.49416,-49.28667,,False,4,2,2023-06-18T12:07:23.004703+00:00
CUR_KA603,Curitiba,4106902,1,,629,,,-25.477295,-49.326735,,False,4,1,2023-06-18T12:08:23.004703+00:00
CUR_HI033,Curitiba,4106902,1,,653,,,-25.539765,-49.307701,,False,1,2,2023-06-18T12:08:23.004703+00:00
CUR_GI049,Curitiba,4106902,1,,625,,,-25.548466,-49.290188,,False,1,2,2023-06-18T12:08:23.004703+00:00
CUR_HI860,Curitiba,4106902,1,,674,,,-25.444745,-49.271331,,False,7,2,2023-06-18T12:07:23.004703+00:00
CUR_GI018,Curitiba,4106902,1,,642,,,-25.549866,-49.291225,,False,1,1,2023-06-18T12:07:23.004703+00:00
CUR_EI015,Curitiba,4106902,1,Auto Viação São José,531,https://moovitapp.com/index/pt-br/transporte_p%C3%BAblico-line-531_BAIRRO_A_BAIRRO_1-Curitiba-942-857412-1570571-0,-1.0,-25.481068,-49.247163,,False,1,1,2023-06-18T12:04:23.004703+00:00
CUR_BI882,Curitiba,4106902,1,,184,,,-25.39219,-49.21336,,False,7,2,2023-06-18T12:07:23.004703+00:00
CUR_HI856,Curitiba,4106902,1,,600,,,-25.439033,-49.319516,,False,7,1,2023-06-18T12:08:23.004703+00:00
CUR_EA021,Curitiba,4106902,1,,X03,,,-25.509518,-49.246075,,False,1,1,2023-06-18T12:08:23.004703+00:00
CUR_DC086,Curitiba,4106902,1,,323,,,-25.467848,-49.255455,,False,1,,2023-06-18T12:08:23.004703+00:00
CUR_HI850,Curitiba,4106902,1,,265,,,-25.464595,-49.30101,,False,7,2,2023-06-18T12:08:23.004703+00:00
CUR_HI019,Curitiba,4106902,1,,712,,,-25.539613,-49.307778,,False,1,2,2023-06-18T12:08:23.004703+00:00
CUR_EA027,Curitiba,4106902,1,,X06,,,-25.534748,-49.270111,,False,1,1,2023-06-18T12:08:23.004703+00:00
CUR_BI894,Curitiba,4106902,1,,181,,,-25.4151,-49.280506,,False,7,1,2023-06-18T12:08:23.004703+00:00
CUR_BI863,Curitiba,4106902,1,,274,,,-25.369846,-49.260203,,False,7,1,2023-06-18T12:08:23.004703+00:00
CUR_MN611,Curitiba,4106902,1,,965,,,-25.419773,-49.29403,,False,7,2,2023-06-18T12:08:23.004703+00:00
CUR_BI862,Curitiba,4106902,1,,176,,,-25.394556,-49.242038,,False,7,2,2023-06-18T12:08:23.004703+00:00
CUR_BI885,Curitiba,4106902,1,,361,,,-25.419086,-49.268778,,False,7,1,2023-06-18T12:06:23.004703+00:00
CUR_MI851,Curitiba,4106902,1,Auto Viação São José,150,https://moovitapp.com/index/pt-br/transporte_p%C3%BAblico-line-150_T_AFONSO_PENA_PIT_BORDA_DO_CAMPO-Curitiba-942-857412-53904521-0,-1.0,-25.430643,-49.272141,,False,7,1,2023-06-18T12:07:23.004703+00:00
CUR_DN601,Curitiba,4106902,1,,461,,,-25.436183,-49.263773,,False,7,1,2023-06-18T12:08:23.004703+00:00
CUR_BI898,Curitiba,4106902,1,,169,,,-25.412835,-49.271366,,False,7,1,2023-06-18T12:08:23.004703+00:00
CUR_DC852,Curitiba,4106902,1,,464,,,-25.467778,-49.25428,,False,7,2,2023-06-18T12:08:23.004703+00:00
CUR_BI895,Curitiba,4106902,1,,171,,,-25.414533,-49.28051,,False,7,1,2023-06-18T12:06:23.004703+00:00
CUR_BI868,Curitiba,4106902,1,,385,,,-25.3942,-49.242295,,False,7,1,2023-06-18T12:07:23.004703+00:00
CUR_GI854,Curitiba,4106902,1,,635,,,-25.550231,-49.292,,False,7,1,2023-06-18T12:08:23.004703+00:00
CUR_DN606,Curitiba,4106902,0,,560,,,-25.435085,-49.273058,,False,7,1,2023-06-18T12:08:23.004703+00:00
CUR_JI859,Curitiba,4106902,1,,814,,,-25.47962,-49.349133,,False,7,2,2023-06-18T12:08:23.004703+00:00
CUR_BC031,Curitiba,4106902,1,,373,,,-25.40507,-49.204613,,False,1,2,2023-06-18T12:08:23.004703+00:00
CUR_BI891,Curitiba,4106902,1,,816,,,-25.394531,-49.242515,,False,7,2,2023-06-18T12:08:23.004703+00:00
CUR_GC018,Curitiba,4106902,1,,641,,,-25.548368,-49.291456,,False,1,1,2023-06-18T12:08:23.004703+00:00
CUR_BI881,Curitiba,4106902,1,,237,,,-25.394561,-49.241966,,False,7,,2023-06-18T12:08:23.004703+00:00
CUR_GI853,Curitiba,4106902,1,,794,,,-25.549455,-49.289746,,False,7,2,2023-06-18T12:08:23.004703+00:00
CUR_BI857,Curitiba,4106902,1,,177,,,-25.396323,-49.232226,,False,7,1,2023-06-18T12:08:23.004703+00:00
CUR_BT008,Curitiba,4106902,0,,979,,,-25.414576,-49.281408,,False,3,,2023-06-18T12:08:23.004703+00:00
CUR_BT010,Curitiba,4106902,0,,979,,,-25.41442,-49.280911,,False,3,,2023-06-18T12:08:23.004703+00:00
