bus_id,city,city_code,adapted,agency,line_code,line_url,line_fare,latitude,longitude,bus_speed,is_eletric,bus_type,bus_direction,updated_at
CUR_BI851,Curitiba,4106902,1,,175,,,-25.410103,-49.281683,,False,7,1,2023-06-17T01:29:19.395132+00:00
CUR_BL600,Curitiba,4106902,0,URBS,022,https://moovitapp.com/index/pt-br/transporte_p%C3%BAblico-line-022_INTER_2_HOR%C3%81RIO-Curitiba-942-9628-381388-0,-1.0,-25.43628,-49.307463,,False,4,,2023-06-17T01:28:19.395132+00:00
CUR_BL318,Curitiba,4106902,0,URBS,022,https://moovitapp.com/index/pt-br/transporte_p%C3%BAblico-line-022_INTER_2_HOR%C3%81RIO-Curitiba-942-9628-381388-0,-1.0,-25.486943,-49.25688,,False,3,,2023-06-17T01:30:19.395132+00:00
CUR_BL328,Curitiba,4106902,0,URBS,022,https://moovitapp.com/index/pt-br/transporte_p%C3%BAblico-line-022_INTER_2_HOR%C3%81RIO-Curitiba-942-9628-381388-0,-1.0,-25.47506,-49.292168,,False,3,,2023-06-17T01:30:19.395132+00:00
CUR_HL699,Curitiba,4106902,0,URBS,022,https://moovitapp.com/index/pt-br/transporte_p%C3%BAblico-line-022_INTER_2_HOR%C3%81RIO-Curitiba-942-9628-381388-0,-1.0,-25.446641,-49.224975,,False,4,,2023-06-17T01:29:19.395132+00:00
CUR_BL332,Curitiba,4106902,0,URBS,022,https://moovitapp.com/index/pt-br/transporte_p%C3%BAblico-line-022_INTER_2_HOR%C3%81RIO-Curitiba-942-9628-381388-0,-1.0,-25.494986,-49.286765,,False,3,,2023-06-17T01:30:19.395132+00:00
CUR_MC079,Curitiba,4106902,1,,972,,,-25.422931,-49.281988,,False,1,2,2023-06-17T01:30:19.395132+00:00
CUR_MC302,Curitiba,4106902,1,,972,,,-25.392575,-49.335165,,False,3,1,2023-06-17T01:30:19.395132+00:00
CUR_GI055,Curitiba,4106902,1,,637,,,-25.536035,-49.27238,,False,1,1,2023-06-17T01:29:19.395132+00:00
CUR_HA190,Curitiba,4106902,1,,652,,,-25.51143,-49.327646,,False,1,2,2023-06-17T01:29:19.395132+00:00
CUR_HI010,Curitiba,4106902,1,,652,,,-25.528695,-49.338721,,False,1,1,2023-06-17T01:29:19.395132+00:00
CUR_JI013,Curitiba,4106902,1,,823,,,-25.461838,-49.352918,,False,1,1,2023-06-17T01:30:19.395132+00:00
CUR_JC315,Curitiba,4106902,1,,701,,,-25.43779,-49.270943,,False,3,2,2023-06-17T01:30:19.395132+00:00
CUR_JC313,Curitiba,4106902,1,,701,,,-25.461108,-49.305795,,False,3,2,2023-06-17T01:30:19.395132+00:00
CUR_JC304,Curitiba,4106902,1,,701,,,-25.477463,-49.324823,,False,3,1,2023-06-17T01:30:19.395132+00:00
CUR_HE723,Curitiba,4106902,0,URBS,603,https://moovitapp.com/index/pt-br/transporte_p%C3%BAblico-line-603_PINHEIRINHO_RUI_BARBOSA-Curitiba-942-9628-484781-0,-1.0,-25.439798,-49.272063,,False,5,2,2023-06-17T01:30:19.395132+00:00
CUR_HE728,Curitiba,4106902,0,URBS,603,https://moovitapp.com/index/pt-br/transporte_p%C3%BAblico-line-603_PINHEIRINHO_RUI_BARBOSA-Curitiba-942-9628-484781-0,-1.0,-25.487956,-49.294261,,False,5,1,2023-06-17T01:29:19.395132+00:00
CUR_HE717,Curitiba,4106902,0,URBS,603,https://moovitapp.com/index/pt-br/transporte_p%C3%BAblico-line-603_PINHEIRINHO_RUI_BARBOSA-Curitiba-942-9628-484781-0,-1.0,-25.447181,-49.287681,,False,5,2,2023-06-17T01:30:19.395132+00:00
CUR_HD242,Curitiba,4106902,0,URBS,603,https://moovitapp.com/index/pt-br/transporte_p%C3%BAblico-line-603_PINHEIRINHO_RUI_BARBOSA-Curitiba-942-9628-484781-0,-1.0,-25.51223,-49.295655,,False,5,1,2023-06-17T01:30:19.395132+00:00
CUR_HE721,Curitiba,4106902,0,URBS,603,https://moovitapp.com/index/pt-br/transporte_p%C3%BAblico-line-603_PINHEIRINHO_RUI_BARBOSA-Curitiba-942-9628-484781-0,-1.0,-25.472741,-49.294405,,False,5,2,2023-06-17T01:30:19.395132+00:00
CUR_MA013,Curitiba,4106902,1,,924,,,-25.377381,-49.224136,,False,1,2,2023-06-17T01:30:19.395132+00:00
CUR_MI004,Curitiba,4106902,1,,924,,,-25.37729,-49.317013,,False,1,1,2023-06-17T01:30:19.395132+00:00
CUR_BI010,Curitiba,4106902,1,,924,,,-25.380521,-49.313825,,False,1,1,2023-06-17T01:30:19.395132+00:00
CUR_DR408,Curitiba,4106902,1,,335,,,-25.469035,-49.255121,,False,4,2,2023-06-17T01:29:19.395132+00:00
CUR_EI008,Curitiba,4106902,1,,335,,,-25.517766,-49.230858,,False,1,2,2023-06-17T01:29:19.395132+00:00
CUR_DR407,Curitiba,4106902,1,,335,,,-25.470088,-49.208055,,False,4,1,2023-06-17T01:29:19.395132+00:00
CUR_EI013,Curitiba,4106902,1,,663,,,-25.475836,-49.287605,,False,1,2,2023-06-17T01:29:19.395132+00:00
CUR_EA025,Curitiba,4106902,1,,663,,,-25.477515,-49.286621,,False,1,1,2023-06-17T01:29:19.395132+00:00
CUR_BI882,Curitiba,4106902,1,Auto Viação São José,213,https://moovitapp.com/index/pt-br/transporte_p%C3%BAblico-line-213_PIT_PRA%C3%87A_DA_JUVENTUDE_CRISTAL_BLANCO_POMBO_HOR%C3%81RIO-Curitiba-942-857412-119631272-0,-1.0,-25.40674,-49.25266,,False,7,1,2023-06-17T01:28:19.395132+00:00
CUR_DA011,Curitiba,4106902,1,,322,,,-25.451021,-49.215156,,False,1,2,2023-06-17T01:29:19.395132+00:00
CUR_EB608,Curitiba,4106902,1,,050,,,-25.47731,-49.327413,,False,4,2,2023-06-17T01:27:19.395132+00:00
CUR_GR125,Curitiba,4106902,1,,050,,,-25.44984,-49.243548,,False,4,2,2023-06-17T01:30:19.395132+00:00
CUR_JB699,Curitiba,4106902,1,,050,,,-25.456808,-49.248468,,False,4,1,2023-06-17T01:30:19.395132+00:00
CUR_JB604,Curitiba,4106902,1,,050,,,-25.448441,-49.365048,,False,4,2,2023-06-17T01:27:19.395132+00:00
CUR_HB602,Curitiba,4106902,1,,050,,,-25.45111,-49.215115,,False,4,2,2023-06-17T01:30:19.395132+00:00
CUR_EA602,Curitiba,4106902,1,,050,,,-25.45512,-49.252548,,False,4,1,2023-06-17T01:29:19.395132+00:00
CUR_JI858,Curitiba,4106902,1,,861,,,-25.457153,-49.335235,,False,7,2,2023-06-17T01:30:19.395132+00:00
CUR_BL305,Curitiba,4106902,0,URBS,307,https://moovitapp.com/index/pt-br/transporte_p%C3%BAblico-line-307_BAIRRO_ALTO_SANTA_FELICIDADE-Curitiba-942-9628-1323712-0,-1.0,-25.415476,-49.30027,,False,3,1,2023-06-17T01:29:19.395132+00:00
CUR_CL039,Curitiba,4106902,0,URBS,307,https://moovitapp.com/index/pt-br/transporte_p%C3%BAblico-line-307_BAIRRO_ALTO_SANTA_FELICIDADE-Curitiba-942-9628-1323712-0,-1.0,-25.426141,-49.2858,,False,3,2,2023-06-17T01:29:19.395132+00:00
CUR_ML307,Curitiba,4106902,0,URBS,307,https://moovitapp.com/index/pt-br/transporte_p%C3%BAblico-line-307_BAIRRO_ALTO_SANTA_FELICIDADE-Curitiba-942-9628-1323712-0,-1.0,-25.418646,-49.203455,,False,3,1,2023-06-17T01:29:19.395132+00:00
CUR_BL312,Curitiba,4106902,0,URBS,307,https://moovitapp.com/index/pt-br/transporte_p%C3%BAblico-line-307_BAIRRO_ALTO_SANTA_FELICIDADE-Curitiba-942-9628-1323712-0,-1.0,-25.428665,-49.228068,,False,3,1,2023-06-17T01:30:19.395132+00:00
CUR_CL038,Curitiba,4106902,0,URBS,307,https://moovitapp.com/index/pt-br/transporte_p%C3%BAblico-line-307_BAIRRO_ALTO_SANTA_FELICIDADE-Curitiba-942-9628-1323712-0,-1.0,-25.408771,-49.32264,,False,3,2,2023-06-17T01:29:19.395132+00:00
CUR_ML305,Curitiba,4106902,0,URBS,307,https://moovitapp.com/index/pt-br/transporte_p%C3%BAblico-line-307_BAIRRO_ALTO_SANTA_FELICIDADE-Curitiba-942-9628-1323712-0,-1.0,-25.429283,-49.271745,,False,3,2,2023-06-17T01:29:19.395132+00:00
CUR_HE714,Curitiba,4106902,0,URBS,203,https://moovitapp.com/index/pt-br/transporte_p%C3%BAblico-line-203_SANTA_C%C3%82NDIDA_CAP%C3%83O_RASO-Curitiba-942-9628-1323737-0,-1.0,-25.469535,-49.294133,,False,5,1,2023-06-17T01:29:19.395132+00:00
CUR_GE736,Curitiba,4106902,0,URBS,203,https://moovitapp.com/index/pt-br/transporte_p%C3%BAblico-line-203_SANTA_C%C3%82NDIDA_CAP%C3%83O_RASO-Curitiba-942-9628-1323737-0,-1.0,-25.491711,-49.29353,,False,5,1,2023-06-17T01:30:19.395132+00:00
CUR_BE707,Curitiba,4106902,0,URBS,203,https://moovitapp.com/index/pt-br/transporte_p%C3%BAblico-line-203_SANTA_C%C3%82NDIDA_CAP%C3%83O_RASO-Curitiba-942-9628-1323737-0,-1.0,-25.382781,-49.230666,,False,5,2,2023-06-17T01:29:19.395132+00:00
CUR_GE726,Curitiba,4106902,0,URBS,203,https://moovitapp.com/index/pt-br/transporte_p%C3%BAblico-line-203_SANTA_C%C3%82NDIDA_CAP%C3%83O_RASO-Curitiba-942-9628-1323737-0,-1.0,-25.475181,-49.293218,,False,5,1,2023-06-17T01:29:19.395132+00:00
CUR_BE717,Curitiba,4106902,0,URBS,203,https://moovitapp.com/index/pt-br/transporte_p%C3%BAblico-line-203_SANTA_C%C3%82NDIDA_CAP%C3%83O_RASO-Curitiba-942-9628-1323737-0,-1.0,-25.432688,-49.26677,,False,5,2,2023-06-17T01:30:19.395132+00:00
CUR_GE733,Curitiba,4106902,0,URBS,203,https://moovitapp.com/index/pt-br/transporte_p%C3%BAblico-line-203_SANTA_C%C3%82NDIDA_CAP%C3%83O_RASO-Curitiba-942-9628-1323737-0,-1.0,-25.444756,-49.28534,,False,5,2,2023-06-17T01:29:19.395132+00:00
CUR_BE712,Curitiba,4106902,0,URBS,203,https://moovitapp.com/index/pt-br/transporte_p%C3%BAblico-line-203_SANTA_C%C3%82NDIDA_CAP%C3%83O_RASO-Curitiba-942-9628-1323737-0,-1.0,-25.433351,-49.266433,,False,5,1,2023-06-17T01:30:19.395132+00:00
CUR_BE716,Curitiba,4106902,0,URBS,203,https://moovitapp.com/index/pt-br/transporte_p%C3%BAblico-line-203_SANTA_C%C3%82NDIDA_CAP%C3%83O_RASO-Curitiba-942-9628-1323737-0,-1.0,-25.404348,-49.250595,,False,5,2,2023-06-17T01:29:19.395132+00:00
CUR_BE710,Curitiba,4106902,0,URBS,203,https://moovitapp.com/index/pt-br/transporte_p%C3%BAblico-line-203_SANTA_C%C3%82NDIDA_CAP%C3%83O_RASO-Curitiba-942-9628-1323737-0,-1.0,-25.38431,-49.231183,,False,5,2,2023-06-17T01:29:19.395132+00:00
CUR_BE726,Curitiba,4106902,0,URBS,203,https://moovitapp.com/index/pt-br/transporte_p%C3%BAblico-line-203_SANTA_C%C3%82NDIDA_CAP%C3%83O_RASO-Curitiba-942-9628-1323737-0,-1.0,-25.406703,-49.25279,,False,5,2,2023-06-17T01:30:19.395132+00:00
CUR_BE722,Curitiba,4106902,0,URBS,203,https://moovitapp.com/index/pt-br/transporte_p%C3%BAblico-line-203_SANTA_C%C3%82NDIDA_CAP%C3%83O_RASO-Curitiba-942-9628-1323737-0,-1.0,-25.447088,-49.287618,,False,5,1,2023-06-17T01:25:19.395132+00:00
CUR_BL306,Curitiba,4106902,0,URBS,700,https://moovitapp.com/index/pt-br/transporte_p%C3%BAblico-line-700_PINHEIRINHO_CABRAL-Curitiba-942-9628-757429-0,-1.0,-25.44486,-49.276463,,False,3,2,2023-06-17T01:30:19.395132+00:00
CUR_HL495,Curitiba,4106902,1,URBS,700,https://moovitapp.com/index/pt-br/transporte_p%C3%BAblico-line-700_PINHEIRINHO_CABRAL-Curitiba-942-9628-757429-0,-1.0,-25.41415,-49.260875,,False,3,2,2023-06-17T01:30:19.395132+00:00
CUR_HL313,Curitiba,4106902,0,URBS,700,https://moovitapp.com/index/pt-br/transporte_p%C3%BAblico-line-700_PINHEIRINHO_CABRAL-Curitiba-942-9628-757429-0,-1.0,-25.466001,-49.290463,,False,3,1,2023-06-17T01:29:19.395132+00:00
CUR_BL338,Curitiba,4106902,0,URBS,700,https://moovitapp.com/index/pt-br/transporte_p%C3%BAblico-line-700_PINHEIRINHO_CABRAL-Curitiba-942-9628-757429-0,-1.0,-25.440183,-49.260366,,False,3,2,2023-06-17T01:30:19.395132+00:00
CUR_HL312,Curitiba,4106902,0,URBS,700,https://moovitapp.com/index/pt-br/transporte_p%C3%BAblico-line-700_PINHEIRINHO_CABRAL-Curitiba-942-9628-757429-0,-1.0,-25.503125,-49.297458,,False,3,1,2023-06-17T01:30:19.395132+00:00
CUR_BA015,Curitiba,4106902,1,,827,,,-25.442221,-49.367248,,False,1,2,2023-06-17T01:29:19.395132+00:00
CUR_HL307,Curitiba,4106902,0,URBS,508,https://moovitapp.com/index/pt-br/transporte_p%C3%BAblico-line-508_S%C3%8DTIO_CERCADO_ANTI_HOR%C3%81RIO-Curitiba-942-9628-294520-0,-1.0,-25.449733,-49.289451,,False,3,,2023-06-17T01:30:19.395132+00:00
CUR_GL320,Curitiba,4106902,0,URBS,508,https://moovitapp.com/index/pt-br/transporte_p%C3%BAblico-line-508_S%C3%8DTIO_CERCADO_ANTI_HOR%C3%81RIO-Curitiba-942-9628-294520-0,-1.0,-25.466035,-49.254155,,False,3,,2023-06-17T01:30:19.395132+00:00
CUR_GL307,Curitiba,4106902,0,URBS,508,https://moovitapp.com/index/pt-br/transporte_p%C3%BAblico-line-508_S%C3%8DTIO_CERCADO_ANTI_HOR%C3%81RIO-Curitiba-942-9628-294520-0,-1.0,-25.432995,-49.263713,,False,3,,2023-06-17T01:30:19.395132+00:00
CUR_GL315,Curitiba,4106902,0,URBS,508,https://moovitapp.com/index/pt-br/transporte_p%C3%BAblico-line-508_S%C3%8DTIO_CERCADO_ANTI_HOR%C3%81RIO-Curitiba-942-9628-294520-0,-1.0,-25.51233,-49.295731,,False,3,,2023-06-17T01:30:19.395132+00:00
CUR_GL321,Curitiba,4106902,0,URBS,508,https://moovitapp.com/index/pt-br/transporte_p%C3%BAblico-line-508_S%C3%8DTIO_CERCADO_ANTI_HOR%C3%81RIO-Curitiba-942-9628-294520-0,-1.0,-25.490891,-49.242716,,False,3,,2023-06-17T01:29:19.395132+00:00
CUR_HA025,Curitiba,4106902,1,,659,,,-25.540098,-49.30206,,False,1,2,2023-06-17T01:30:19.395132+00:00
CUR_HA013,Curitiba,4106902,1,,659,,,-25.611691,-49.338283,,False,1,1,2023-06-17T01:30:19.395132+00:00
CUR_BA019,Curitiba,4106902,1,,817,,,-25.434953,-49.30947,,False,1,2,2023-06-17T01:30:19.395132+00:00
CUR_MI001,Curitiba,4106902,1,,817,,,-25.4007,-49.330631,,False,1,1,2023-06-17T01:30:19.395132+00:00
CUR_MA012,Curitiba,4106902,1,,917,,,-25.401178,-49.329811,,False,1,1,2023-06-17T01:30:19.395132+00:00
CUR_BI020,Curitiba,4106902,1,,226,,,-25.371118,-49.245891,,False,1,2,2023-06-17T01:29:19.395132+00:00
CUR_HL496,Curitiba,4106902,1,URBS,607,https://moovitapp.com/index/pt-br/transporte_p%C3%BAblico-line-607_COLOMBO_CIC-Curitiba-942-9628-294348-0,-1.0,-25.506793,-49.321981,,False,3,2,2023-06-17T01:30:19.395132+00:00
CUR_HL325,Curitiba,4106902,0,URBS,607,https://moovitapp.com/index/pt-br/transporte_p%C3%BAblico-line-607_COLOMBO_CIC-Curitiba-942-9628-294348-0,-1.0,-25.433706,-49.27234,,False,3,1,2023-06-17T01:29:19.395132+00:00
CUR_HL318,Curitiba,4106902,0,URBS,607,https://moovitapp.com/index/pt-br/transporte_p%C3%BAblico-line-607_COLOMBO_CIC-Curitiba-942-9628-294348-0,-1.0,-25.395235,-49.230538,,False,3,2,2023-06-17T01:29:19.395132+00:00
CUR_HL329,Curitiba,4106902,1,URBS,607,https://moovitapp.com/index/pt-br/transporte_p%C3%BAblico-line-607_COLOMBO_CIC-Curitiba-942-9628-294348-0,-1.0,-25.492335,-49.29295,,False,3,2,2023-06-17T01:29:19.395132+00:00
CUR_HL328,Curitiba,4106902,0,URBS,607,https://moovitapp.com/index/pt-br/transporte_p%C3%BAblico-line-607_COLOMBO_CIC-Curitiba-942-9628-294348-0,-1.0,-25.37718,-49.195723,,False,3,1,2023-06-17T01:30:19.395132+00:00
CUR_JI601,Curitiba,4106902,1,,703,,,-25.483271,-49.347746,,False,4,2,2023-06-17T01:29:19.395132+00:00
CUR_JC317,Curitiba,4106902,1,,703,,,-25.434773,-49.272153,,False,3,2,2023-06-17T01:30:19.395132+00:00
CUR_JI300,Curitiba,4106902,0,,703,,,-25.462491,-49.305321,,False,3,2,2023-06-17T01:29:19.395132+00:00
CUR_JC300,Curitiba,4106902,1,,703,,,-25.48397,-49.350336,,False,3,1,2023-06-17T01:29:19.395132+00:00
CUR_BB608,Curitiba,4106902,1,,030,,,-25.376758,-49.22311,,False,4,2,2023-06-17T01:30:19.395132+00:00
CUR_BB611,Curitiba,4106902,1,,030,,,-25.50655,-49.245403,,False,4,1,2023-06-17T01:29:19.395132+00:00
CUR_BB601,Curitiba,4106902,1,,030,,,-25.423373,-49.201555,,False,4,2,2023-06-17T01:30:19.395132+00:00
CUR_BB615,Curitiba,4106902,1,,030,,,-25.473363,-49.21692,,False,4,2,2023-06-17T01:30:19.395132+00:00
CUR_KB606,Curitiba,4106902,1,,030,,,-25.451531,-49.215005,,False,4,1,2023-06-17T01:30:19.395132+00:00
CUR_GB609,Curitiba,4106902,1,,030,,,-25.501553,-49.237435,,False,4,1,2023-06-17T01:30:19.395132+00:00
CUR_GI857,Curitiba,4106902,1,,662,,,-25.446911,-49.269678,,False,7,2,2023-06-17T01:30:19.395132+00:00
CUR_HA604,Curitiba,4106902,1,,650,,,-25.512426,-49.295295,,False,4,2,2023-06-17T01:30:19.395132+00:00
CUR_HI016,Curitiba,4106902,1,,650,,,-25.55569,-49.332971,,False,1,1,2023-06-17T01:30:19.395132+00:00
CUR_HA609,Curitiba,4106902,1,,650,,,-25.564326,-49.33919,,False,4,1,2023-06-17T01:29:19.395132+00:00
CUR_GI051,Curitiba,4106902,1,,542,,,-25.549621,-49.259811,,False,1,,2023-06-17T01:30:19.395132+00:00
CUR_GI032,Curitiba,4106902,1,,542,,,-25.53619,-49.273003,,False,1,,2023-06-17T01:30:19.395132+00:00
CUR_HA008,Curitiba,4106902,1,,773,,,-25.547395,-49.335581,,False,1,1,2023-06-17T01:27:19.395132+00:00
CUR_BI030,Curitiba,4106902,1,,812,,,-25.417256,-49.342685,,False,1,2,2023-06-17T01:30:19.395132+00:00
CUR_BA013,Curitiba,4106902,1,,829,,,-25.441586,-49.346583,,False,1,,2023-06-17T01:30:19.395132+00:00
CUR_BA021,Curitiba,4106902,1,,812,,,-25.421753,-49.332026,,False,1,1,2023-06-17T01:30:19.395132+00:00
CUR_HI048,Curitiba,4106902,1,,622,,,-25.494288,-49.316426,,False,1,2,2023-06-17T01:29:19.395132+00:00
CUR_KE708,Curitiba,4106902,0,URBS,502,https://moovitapp.com/index/pt-br/transporte_p%C3%BAblico-line-502_CIRCULAR_SUL_HOR%C3%81RIO-Curitiba-942-9628-294482-0,-1.0,-25.47796,-49.29205,,False,5,,2023-06-17T01:30:19.395132+00:00
CUR_KE706,Curitiba,4106902,0,URBS,502,https://moovitapp.com/index/pt-br/transporte_p%C3%BAblico-line-502_CIRCULAR_SUL_HOR%C3%81RIO-Curitiba-942-9628-294482-0,-1.0,-25.469021,-49.254881,,False,5,,2023-06-17T01:30:19.395132+00:00
CUR_HE605,Curitiba,4106902,0,URBS,502,https://moovitapp.com/index/pt-br/transporte_p%C3%BAblico-line-502_CIRCULAR_SUL_HOR%C3%81RIO-Curitiba-942-9628-294482-0,-1.0,-25.498655,-49.238956,,False,4,,2023-06-17T01:30:19.395132+00:00
CUR_GE603,Curitiba,4106902,0,URBS,502,https://moovitapp.com/index/pt-br/transporte_p%C3%BAblico-line-502_CIRCULAR_SUL_HOR%C3%81RIO-Curitiba-942-9628-294482-0,-1.0,-25.468766,-49.253283,,False,4,,2023-06-17T01:30:19.395132+00:00
CUR_HE614,Curitiba,4106902,0,URBS,502,https://moovitapp.com/index/pt-br/transporte_p%C3%BAblico-line-502_CIRCULAR_SUL_HOR%C3%81RIO-Curitiba-942-9628-294482-0,-1.0,-25.484173,-49.29361,,False,4,,2023-06-17T01:30:19.395132+00:00
CUR_HE603,Curitiba,4106902,0,URBS,502,https://moovitapp.com/index/pt-br/transporte_p%C3%BAblico-line-502_CIRCULAR_SUL_HOR%C3%81RIO-Curitiba-942-9628-294482-0,-1.0,-25.513906,-49.295633,,False,4,,2023-06-17T01:30:19.395132+00:00
CUR_GE610,Curitiba,4106902,0,URBS,502,https://moovitapp.com/index/pt-br/transporte_p%C3%BAblico-line-502_CIRCULAR_SUL_HOR%C3%81RIO-Curitiba-942-9628-294482-0,-1.0,-25.533406,-49.264825,,False,4,,2023-06-17T01:30:19.395132+00:00
CUR_GE602,Curitiba,4106902,0,URBS,502,https://moovitapp.com/index/pt-br/transporte_p%C3%BAblico-line-502_CIRCULAR_SUL_HOR%C3%81RIO-Curitiba-942-9628-294482-0,-1.0,-25.526553,-49.236236,,False,4,,2023-06-17T01:30:19.395132+00:00
CUR_EI014,Curitiba,4106902,1,,533,,,-25.5225,-49.229936,,False,1,,2023-06-17T01:30:19.395132+00:00
CUR_KE702,Curitiba,4106902,0,URBS,503,https://moovitapp.com/index/pt-br/transporte_p%C3%BAblico-line-503_BOQUEIR%C3%83O-Curitiba-942-9628-294244-0,-1.0,-25.471223,-49.252251,,False,5,1,2023-06-17T01:29:19.395132+00:00
CUR_KE704,Curitiba,4106902,0,URBS,503,https://moovitapp.com/index/pt-br/transporte_p%C3%BAblico-line-503_BOQUEIR%C3%83O-Curitiba-942-9628-294244-0,-1.0,-25.433913,-49.270026,,False,5,2,2023-06-17T01:29:19.395132+00:00
CUR_KE703,Curitiba,4106902,0,URBS,503,https://moovitapp.com/index/pt-br/transporte_p%C3%BAblico-line-503_BOQUEIR%C3%83O-Curitiba-942-9628-294244-0,-1.0,-25.465216,-49.255253,,False,5,2,2023-06-17T01:30:19.395132+00:00
CUR_GR035,Curitiba,4106902,0,URBS,503,https://moovitapp.com/index/pt-br/transporte_p%C3%BAblico-line-503_BOQUEIR%C3%83O-Curitiba-942-9628-294244-0,-1.0,-25.517228,-49.229666,,False,4,1,2023-06-17T01:30:19.395132+00:00
CUR_BI873,Curitiba,4106902,1,,184,,,-25.420661,-49.270956,,False,7,1,2023-06-17T01:30:19.395132+00:00
CUR_GI056,Curitiba,4106902,1,,683,,,-25.554421,-49.276345,,False,1,2,2023-06-17T01:29:19.395132+00:00
CUR_EL310,Curitiba,4106902,0,URBS,506,https://moovitapp.com/index/pt-br/transporte_p%C3%BAblico-line-506_BAIRRO_NOVO-Curitiba-942-9628-294299-0,-1.0,-25.437356,-49.270675,,False,3,2,2023-06-17T01:29:19.395132+00:00
CUR_GL302,Curitiba,4106902,0,URBS,506,https://moovitapp.com/index/pt-br/transporte_p%C3%BAblico-line-506_BAIRRO_NOVO-Curitiba-942-9628-294299-0,-1.0,-25.497161,-49.276585,,False,3,2,2023-06-17T01:30:19.395132+00:00
CUR_EL328,Curitiba,4106902,1,URBS,506,https://moovitapp.com/index/pt-br/transporte_p%C3%BAblico-line-506_BAIRRO_NOVO-Curitiba-942-9628-294299-0,-1.0,-25.534926,-49.269031,,False,3,1,2023-06-17T01:29:19.395132+00:00
CUR_EL312,Curitiba,4106902,0,URBS,506,https://moovitapp.com/index/pt-br/transporte_p%C3%BAblico-line-506_BAIRRO_NOVO-Curitiba-942-9628-294299-0,-1.0,-25.512295,-49.28069,,False,3,2,2023-06-17T01:30:19.395132+00:00
CUR_GL308,Curitiba,4106902,0,URBS,506,https://moovitapp.com/index/pt-br/transporte_p%C3%BAblico-line-506_BAIRRO_NOVO-Curitiba-942-9628-294299-0,-1.0,-25.539008,-49.271788,,False,3,2,2023-06-17T01:29:19.395132+00:00
CUR_GI855,Curitiba,4106902,1,,661,,,-25.435563,-49.274068,,False,7,2,2023-06-17T01:29:19.395132+00:00
CUR_EI007,Curitiba,4106902,1,,522,,,-25.519825,-49.268973,,False,1,1,2023-06-17T01:30:19.395132+00:00
CUR_EA073,Curitiba,4106902,1,,522,,,-25.469155,-49.25538,,False,1,1,2023-06-17T01:24:19.395132+00:00
CUR_EA074,Curitiba,4106902,1,,512,,,-25.51751,-49.261346,,False,1,1,2023-06-17T01:29:19.395132+00:00
CUR_JA034,Curitiba,4106902,1,,714,,,-25.486123,-49.35152,,False,1,,2023-06-17T01:29:19.395132+00:00
CUR_DC092,Curitiba,4106902,1,,468,,,-25.493121,-49.211635,,False,1,1,2023-06-17T01:29:19.395132+00:00
CUR_DC292,Curitiba,4106902,1,,468,,,-25.436436,-49.26036,,False,1,2,2023-06-17T01:29:19.395132+00:00
CUR_EA027,Curitiba,4106902,1,,X06,,,-25.54606,-49.24273,,False,1,1,2023-06-17T01:30:19.395132+00:00
CUR_EL333,Curitiba,4106902,1,URBS,505,https://moovitapp.com/index/pt-br/transporte_p%C3%BAblico-line-505_BOQUEIR%C3%83O_CENTRO_C%C3%8DVICO-Curitiba-942-9628-531685-0,-1.0,-25.432536,-49.265553,,False,3,2,2023-06-17T01:29:19.395132+00:00
CUR_EL306,Curitiba,4106902,0,URBS,505,https://moovitapp.com/index/pt-br/transporte_p%C3%BAblico-line-505_BOQUEIR%C3%83O_CENTRO_C%C3%8DVICO-Curitiba-942-9628-531685-0,-1.0,-25.423241,-49.268293,,False,3,2,2023-06-17T01:29:19.395132+00:00
CUR_EL329,Curitiba,4106902,1,URBS,505,https://moovitapp.com/index/pt-br/transporte_p%C3%BAblico-line-505_BOQUEIR%C3%83O_CENTRO_C%C3%8DVICO-Curitiba-942-9628-531685-0,-1.0,-25.434718,-49.262935,,False,3,1,2023-06-17T01:29:19.395132+00:00
CUR_GI007,Curitiba,4106902,1,,547,,,-25.534123,-49.267438,,False,1,1,2023-06-17T01:29:19.395132+00:00
CUR_GI057,Curitiba,4106902,1,,638,,,-25.528345,-49.292568,,False,1,2,2023-06-17T01:30:19.395132+00:00
CUR_GI043,Curitiba,4106902,1,,638,,,-25.553776,-49.276798,,False,1,1,2023-06-17T01:29:19.395132+00:00
CUR_JI006,Curitiba,4106902,1,,611,,,-25.472478,-49.297053,,False,1,1,2023-06-17T01:30:19.395132+00:00
CUR_JI014,Curitiba,4106902,1,,611,,,-25.4773,-49.327661,,False,1,2,2023-06-17T01:30:19.395132+00:00
CUR_DL304,Curitiba,4106902,0,URBS,304,https://moovitapp.com/index/pt-br/transporte_p%C3%BAblico-line-304_PINHAIS_CAMPO_COMPRIDO-Curitiba-942-9628-133282995-0,-1.0,-25.431185,-49.295628,,False,3,2,2023-06-17T01:29:19.395132+00:00
CUR_JL318,Curitiba,4106902,0,URBS,304,https://moovitapp.com/index/pt-br/transporte_p%C3%BAblico-line-304_PINHAIS_CAMPO_COMPRIDO-Curitiba-942-9628-133282995-0,-1.0,-25.436798,-49.318943,,False,3,1,2023-06-17T01:29:19.395132+00:00
CUR_JL304,Curitiba,4106902,0,URBS,304,https://moovitapp.com/index/pt-br/transporte_p%C3%BAblico-line-304_PINHAIS_CAMPO_COMPRIDO-Curitiba-942-9628-133282995-0,-1.0,-25.42948,-49.284045,,False,3,2,2023-06-17T01:29:19.395132+00:00
CUR_GI016,Curitiba,4106902,1,,649,,,-25.523258,-49.284295,,False,1,2,2023-06-17T01:30:19.395132+00:00
CUR_GA178,Curitiba,4106902,1,,649,,,-25.527796,-49.284315,,False,1,1,2023-06-17T01:30:19.395132+00:00
CUR_JL320,Curitiba,4106902,1,URBS,702,https://moovitapp.com/index/pt-br/transporte_p%C3%BAblico-line-702_CAIU%C3%81_CACHOEIRA-Curitiba-942-9628-133282980-0,-1.0,-25.428143,-49.264475,,False,3,2,2023-06-17T01:30:19.395132+00:00
CUR_JL303,Curitiba,4106902,0,URBS,702,https://moovitapp.com/index/pt-br/transporte_p%C3%BAblico-line-702_CAIU%C3%81_CACHOEIRA-Curitiba-942-9628-133282980-0,-1.0,-25.375301,-49.26294,,False,3,2,2023-06-17T01:29:19.395132+00:00
CUR_JL319,Curitiba,4106902,0,URBS,702,https://moovitapp.com/index/pt-br/transporte_p%C3%BAblico-line-702_CAIU%C3%81_CACHOEIRA-Curitiba-942-9628-133282980-0,-1.0,-25.445123,-49.272276,,False,3,1,2023-06-17T01:30:19.395132+00:00
CUR_GI048,Curitiba,4106902,1,,640,,,-25.534973,-49.294266,,False,1,1,2023-06-17T01:30:19.395132+00:00
CUR_GI024,Curitiba,4106902,1,,640,,,-25.530655,-49.288556,,False,1,2,2023-06-17T01:30:19.395132+00:00
CUR_BI898,Curitiba,4106902,1,,169,,,-25.428131,-49.272093,,False,7,2,2023-06-17T01:29:19.395132+00:00
CUR_BC031,Curitiba,4106902,1,,373,,,-25.412921,-49.205381,,False,1,1,2023-06-17T01:30:19.395132+00:00
CUR_HI020,Curitiba,4106902,1,,617,,,-25.512766,-49.29523,,False,1,2,2023-06-17T01:29:19.395132+00:00
CUR_HI028,Curitiba,4106902,1,,617,,,-25.576493,-49.331486,,False,1,1,2023-06-17T01:29:19.395132+00:00
CUR_HI047,Curitiba,4106902,1,,623,,,-25.497665,-49.304653,,False,1,1,2023-06-17T01:30:19.395132+00:00
CUR_HI004,Curitiba,4106902,1,,623,,,-25.505078,-49.301461,,False,1,2,2023-06-17T01:30:19.395132+00:00
CUR_HI017,Curitiba,4106902,1,,627,,,-25.512043,-49.332693,,False,1,1,2023-06-17T01:30:19.395132+00:00
CUR_HI006,Curitiba,4106902,1,,627,,,-25.491806,-49.293131,,False,1,2,2023-06-17T01:30:19.395132+00:00
CUR_MN608,Curitiba,4106902,1,,915,,,-25.389388,-49.341078,,False,7,1,2023-06-17T01:27:19.395132+00:00
CUR_CI007,Curitiba,4106902,1,,222,,,-25.384736,-49.195575,,False,1,1,2023-06-17T01:29:19.395132+00:00
CUR_CI008,Curitiba,4106902,1,,222,,,-25.394041,-49.240686,,False,1,2,2023-06-17T01:30:19.395132+00:00
CUR_DC088,Curitiba,4106902,1,,462,,,-25.43912,-49.250253,,False,1,1,2023-06-17T01:29:19.395132+00:00
CUR_DC090,Curitiba,4106902,1,,462,,,-25.475561,-49.218481,,False,1,1,2023-06-17T01:30:19.395132+00:00
CUR_KA603,Curitiba,4106902,1,,545,,,-25.483365,-49.32653,,False,4,1,2023-06-17T01:30:19.395132+00:00
CUR_JI600,Curitiba,4106902,1,,545,,,-25.532505,-49.26209,,False,4,2,2023-06-17T01:29:19.395132+00:00
CUR_GA697,Curitiba,4106902,1,,545,,,-25.53993,-49.286075,,False,4,1,2023-06-17T01:29:19.395132+00:00
CUR_GI008,Curitiba,4106902,1,,665,,,-25.436215,-49.274145,,False,1,2,2023-06-17T01:29:19.395132+00:00
CUR_GI850,Curitiba,4106902,1,,665,,,-25.507016,-49.28537,,False,7,1,2023-06-17T01:30:19.395132+00:00
CUR_BI885,Curitiba,4106902,1,,272,,,-25.417208,-49.265598,,False,7,2,2023-06-17T01:29:19.395132+00:00
CUR_HI042,Curitiba,4106902,1,,654,,,-25.50158,-49.316066,,False,1,2,2023-06-17T01:30:19.395132+00:00
CUR_HI041,Curitiba,4106902,1,,654,,,-25.496423,-49.309188,,False,1,1,2023-06-17T01:30:19.395132+00:00
CUR_HI850,Curitiba,4106902,1,,265,,,-25.406066,-49.257118,,False,7,2,2023-06-17T01:30:19.395132+00:00
CUR_GI044,Curitiba,4106902,1,,552,,,-25.555645,-49.253203,,False,1,2,2023-06-17T01:29:19.395132+00:00
CUR_GI013,Curitiba,4106902,1,,552,,,-25.539196,-49.271698,,False,1,1,2023-06-17T01:30:19.395132+00:00
CUR_DA291,Curitiba,4106902,1,,334,,,-25.461026,-49.193153,,False,1,,2023-06-17T01:30:19.395132+00:00
CUR_GI046,Curitiba,4106902,1,,624,,,-25.499316,-49.29242,,False,1,2,2023-06-17T01:29:19.395132+00:00
CUR_DN601,Curitiba,4106902,1,,463,,,-25.441538,-49.25433,,False,7,1,2023-06-17T01:29:19.395132+00:00
CUR_DN607,Curitiba,4106902,1,,463,,,-25.450936,-49.227673,,False,7,2,2023-06-17T01:29:19.395132+00:00
CUR_BC024,Curitiba,4106902,1,,171,,,-25.409261,-49.282433,,False,1,2,2023-06-17T01:29:19.395132+00:00
CUR_GB610,Curitiba,4106902,1,,040,,,-25.494923,-49.325121,,False,4,1,2023-06-17T01:29:19.395132+00:00
CUR_JB609,Curitiba,4106902,1,,040,,,-25.441661,-49.34605,,False,4,2,2023-06-17T01:29:19.395132+00:00
CUR_HB601,Curitiba,4106902,1,,040,,,-25.454153,-49.348928,,False,4,1,2023-06-17T01:30:19.395132+00:00
CUR_JB607,Curitiba,4106902,1,,040,,,-25.477368,-49.333778,,False,4,2,2023-06-17T01:30:19.395132+00:00
CUR_JB608,Curitiba,4106902,1,,040,,,-25.513893,-49.317693,,False,4,2,2023-06-17T01:30:19.395132+00:00
CUR_HB694,Curitiba,4106902,1,,040,,,-25.423776,-49.351343,,False,4,1,2023-06-17T01:30:19.395132+00:00
CUR_HB604,Curitiba,4106902,1,,040,,,-25.514453,-49.313338,,False,4,2,2023-06-17T01:30:19.395132+00:00
CUR_JB611,Curitiba,4106902,1,,040,,,-25.410883,-49.347745,,False,4,1,2023-06-17T01:29:19.395132+00:00
CUR_BI026,Curitiba,4106902,1,,916,,,-25.391593,-49.333675,,False,1,2,2023-06-17T01:30:19.395132+00:00
CUR_BI028,Curitiba,4106902,1,,160,,,-25.440995,-49.269063,,False,1,2,2023-06-17T01:30:19.395132+00:00
CUR_BC025,Curitiba,4106902,1,,160,,,-25.419108,-49.288101,,False,1,1,2023-06-17T01:29:19.395132+00:00
CUR_HA023,Curitiba,4106902,1,,681,,,-25.512278,-49.294781,,False,1,2,2023-06-17T01:30:19.395132+00:00
CUR_HI857,Curitiba,4106902,1,,670,,,-25.469425,-49.300343,,False,7,2,2023-06-17T01:29:19.395132+00:00
CUR_DA294,Curitiba,4106902,1,,513,,,-25.513411,-49.240703,,False,1,1,2023-06-17T01:29:19.395132+00:00
CUR_EI001,Curitiba,4106902,1,,561,,,-25.449818,-49.264928,,False,1,2,2023-06-17T01:29:19.395132+00:00
CUR_EI012,Curitiba,4106902,1,,561,,,-25.479,-49.267108,,False,1,1,2023-06-17T01:27:19.395132+00:00
CUR_DC298,Curitiba,4106902,1,,321,,,-25.460683,-49.200408,,False,1,2,2023-06-17T01:29:19.395132+00:00
CUR_KA689,Curitiba,4106902,1,,629,,,-25.524411,-49.254363,,False,4,2,2023-06-17T01:30:19.395132+00:00
CUR_KA605,Curitiba,4106902,1,,629,,,-25.50182,-49.265785,,False,4,1,2023-06-17T01:28:19.395132+00:00
CUR_DE700,Curitiba,4106902,0,URBS,303,https://moovitapp.com/index/pt-br/transporte_p%C3%BAblico-line-303_CENTEN%C3%81RIO_CAMPO_COMPRIDO-Curitiba-942-9628-531689-0,-1.0,-25.440713,-49.220673,,False,5,1,2023-06-17T01:30:19.395132+00:00
CUR_DE715,Curitiba,4106902,0,URBS,303,https://moovitapp.com/index/pt-br/transporte_p%C3%BAblico-line-303_CENTEN%C3%81RIO_CAMPO_COMPRIDO-Curitiba-942-9628-531689-0,-1.0,-25.435643,-49.26056,,False,5,2,2023-06-17T01:28:19.395132+00:00
CUR_JE704,Curitiba,4106902,0,URBS,303,https://moovitapp.com/index/pt-br/transporte_p%C3%BAblico-line-303_CENTEN%C3%81RIO_CAMPO_COMPRIDO-Curitiba-942-9628-531689-0,-1.0,-25.432051,-49.27819,,False,5,1,2023-06-17T01:30:19.395132+00:00
CUR_DE705,Curitiba,4106902,0,URBS,303,https://moovitapp.com/index/pt-br/transporte_p%C3%BAblico-line-303_CENTEN%C3%81RIO_CAMPO_COMPRIDO-Curitiba-942-9628-531689-0,-1.0,-25.469043,-49.20839,,False,5,1,2023-06-17T01:30:19.395132+00:00
CUR_DE717,Curitiba,4106902,0,URBS,303,https://moovitapp.com/index/pt-br/transporte_p%C3%BAblico-line-303_CENTEN%C3%81RIO_CAMPO_COMPRIDO-Curitiba-942-9628-531689-0,-1.0,-25.43608,-49.307545,,False,5,2,2023-06-17T01:30:19.395132+00:00
CUR_DE703,Curitiba,4106902,0,URBS,303,https://moovitapp.com/index/pt-br/transporte_p%C3%BAblico-line-303_CENTEN%C3%81RIO_CAMPO_COMPRIDO-Curitiba-942-9628-531689-0,-1.0,-25.435821,-49.307201,,False,5,2,2023-06-17T01:29:19.395132+00:00
CUR_JE707,Curitiba,4106902,0,URBS,303,https://moovitapp.com/index/pt-br/transporte_p%C3%BAblico-line-303_CENTEN%C3%81RIO_CAMPO_COMPRIDO-Curitiba-942-9628-531689-0,-1.0,-25.435743,-49.248805,,False,5,1,2023-06-17T01:30:19.395132+00:00
CUR_JE849,Curitiba,4106902,0,URBS,303,https://moovitapp.com/index/pt-br/transporte_p%C3%BAblico-line-303_CENTEN%C3%81RIO_CAMPO_COMPRIDO-Curitiba-942-9628-531689-0,-1.0,-25.441675,-49.346953,,False,5,2,2023-06-17T01:29:19.395132+00:00
CUR_XY042,Curitiba,4106902,0,URBS,303,https://moovitapp.com/index/pt-br/transporte_p%C3%BAblico-line-303_CENTEN%C3%81RIO_CAMPO_COMPRIDO-Curitiba-942-9628-531689-0,-1.0,-25.441891,-49.232196,,False,4,2,2023-06-17T01:30:19.395132+00:00
CUR_DE716,Curitiba,4106902,0,URBS,303,https://moovitapp.com/index/pt-br/transporte_p%C3%BAblico-line-303_CENTEN%C3%81RIO_CAMPO_COMPRIDO-Curitiba-942-9628-531689-0,-1.0,-25.430506,-49.281011,,False,5,2,2023-06-17T01:30:19.395132+00:00
CUR_DE702,Curitiba,4106902,0,URBS,303,https://moovitapp.com/index/pt-br/transporte_p%C3%BAblico-line-303_CENTEN%C3%81RIO_CAMPO_COMPRIDO-Curitiba-942-9628-531689-0,-1.0,-25.44183,-49.230566,,False,5,1,2023-06-17T01:29:19.395132+00:00
CUR_EA008,Curitiba,4106902,1,,657,,,-25.508036,-49.268531,,False,1,2,2023-06-17T01:27:19.395132+00:00
CUR_EA021,Curitiba,4106902,1,,521,,,-25.500278,-49.240885,,False,1,1,2023-06-17T01:30:19.395132+00:00
CUR_EI017,Curitiba,4106902,1,,475,,,-25.442941,-49.26639,,False,1,2,2023-06-17T01:28:19.395132+00:00
CUR_EI020,Curitiba,4106902,1,,475,,,-25.503151,-49.216445,,False,1,1,2023-06-17T01:30:19.395132+00:00
CUR_JI853,Curitiba,4106902,1,,825,,,-25.453298,-49.368226,,False,7,2,2023-06-17T01:28:19.395132+00:00
CUR_GI028,Curitiba,4106902,1,,534,,,-25.530571,-49.25629,,False,1,2,2023-06-17T01:30:19.395132+00:00
CUR_GI025,Curitiba,4106902,1,,534,,,-25.52186,-49.239746,,False,1,1,2023-06-17T01:30:19.395132+00:00
CUR_BC020,Curitiba,4106902,1,,870,,,-25.430326,-49.318376,,False,1,2,2023-06-17T01:29:19.395132+00:00
CUR_BC014,Curitiba,4106902,1,,870,,,-25.43076,-49.337981,,False,1,1,2023-06-17T01:29:19.395132+00:00
CUR_GI039,Curitiba,4106902,1,,633,,,-25.52067,-49.273726,,False,1,1,2023-06-17T01:30:19.395132+00:00
CUR_GC015,Curitiba,4106902,1,,633,,,-25.522271,-49.271235,,False,1,2,2023-06-17T01:30:19.395132+00:00
CUR_BI002,Curitiba,4106902,1,,374,,,-25.428466,-49.266736,,False,1,2,2023-06-17T01:30:19.395132+00:00
CUR_BI006,Curitiba,4106902,1,,374,,,-25.4131,-49.20547,,False,1,1,2023-06-17T01:29:19.395132+00:00
CUR_BB606,Curitiba,4106902,1,,020,,,-25.45152,-49.229898,,False,4,,2023-06-17T01:30:19.395132+00:00
CUR_HB611,Curitiba,4106902,1,,020,,,-25.494673,-49.279058,,False,4,,2023-06-17T01:30:19.395132+00:00
CUR_CB600,Curitiba,4106902,1,,020,,,-25.411716,-49.247295,,False,4,,2023-06-17T01:30:19.395132+00:00
CUR_BB614,Curitiba,4106902,1,,020,,,-25.394893,-49.28516,,False,4,,2023-06-17T01:30:19.395132+00:00
CUR_BB605,Curitiba,4106902,1,,020,,,-25.467503,-49.299513,,False,4,,2023-06-17T01:29:19.395132+00:00
CUR_HI613,Curitiba,4106902,1,,684,,,-25.546058,-49.303866,,False,4,1,2023-06-17T01:30:19.395132+00:00
CUR_HA613,Curitiba,4106902,1,,684,,,-25.52108,-49.293933,,False,4,2,2023-06-17T01:30:19.395132+00:00
CUR_HI602,Curitiba,4106902,1,,684,,,-25.592378,-49.342125,,False,4,1,2023-06-17T01:29:19.395132+00:00
CUR_EB600,Curitiba,4106902,1,,021,,,-25.493898,-49.286731,,False,4,,2023-06-17T01:29:19.395132+00:00
CUR_EB601,Curitiba,4106902,1,,021,,,-25.47806,-49.243468,,False,4,,2023-06-17T01:30:19.395132+00:00
CUR_CB604,Curitiba,4106902,1,,021,,,-25.435261,-49.218076,,False,4,,2023-06-17T01:30:19.395132+00:00
CUR_GB602,Curitiba,4106902,1,,021,,,-25.412638,-49.291381,,False,4,,2023-06-17T01:30:19.395132+00:00
CUR_GB601,Curitiba,4106902,1,,021,,,-25.43614,-49.308141,,False,4,,2023-06-17T01:23:19.395132+00:00
CUR_BB300,Curitiba,4106902,1,,021,,,-25.407068,-49.252658,,False,3,,2023-06-17T01:30:19.395132+00:00
CUR_DN604,Curitiba,4106902,1,,465,,,-25.43347,-49.265283,,False,7,1,2023-06-17T01:30:19.395132+00:00
CUR_DC851,Curitiba,4106902,1,,477,,,-25.481953,-49.219638,,False,7,2,2023-06-17T01:29:19.395132+00:00
CUR_EA022,Curitiba,4106902,1,,532,,,-25.538541,-49.241756,,False,1,2,2023-06-17T01:30:19.395132+00:00
CUR_EI002,Curitiba,4106902,1,,523,,,-25.497763,-49.234573,,False,1,1,2023-06-17T01:29:19.395132+00:00
CUR_EI004,Curitiba,4106902,1,,471,,,-25.482831,-49.230921,,False,1,1,2023-06-17T01:30:19.395132+00:00
CUR_EL332,Curitiba,4106902,1,URBS,507,https://moovitapp.com/index/pt-br/transporte_p%C3%BAblico-line-507_S%C3%8DTIO_CERCADO_HOR%C3%81RIO-Curitiba-942-9628-294494-0,-1.0,-25.526263,-49.291538,,False,3,,2023-06-17T01:29:19.395132+00:00
CUR_EL322,Curitiba,4106902,1,URBS,507,https://moovitapp.com/index/pt-br/transporte_p%C3%BAblico-line-507_S%C3%8DTIO_CERCADO_HOR%C3%81RIO-Curitiba-942-9628-294494-0,-1.0,-25.457776,-49.259001,,False,3,,2023-06-17T01:30:19.395132+00:00
CUR_EL327,Curitiba,4106902,1,URBS,507,https://moovitapp.com/index/pt-br/transporte_p%C3%BAblico-line-507_S%C3%8DTIO_CERCADO_HOR%C3%81RIO-Curitiba-942-9628-294494-0,-1.0,-25.44804,-49.279856,,False,3,,2023-06-17T01:29:19.395132+00:00
CUR_EL300,Curitiba,4106902,0,URBS,507,https://moovitapp.com/index/pt-br/transporte_p%C3%BAblico-line-507_S%C3%8DTIO_CERCADO_HOR%C3%81RIO-Curitiba-942-9628-294494-0,-1.0,-25.52095,-49.237353,,False,3,,2023-06-17T01:29:19.395132+00:00
CUR_JI864,Curitiba,4106902,1,,760,,,-25.450558,-49.291828,,False,7,1,2023-06-17T01:29:19.395132+00:00
CUR_GI015,Curitiba,4106902,1,,541,,,-25.54276,-49.263043,,False,1,2,2023-06-17T01:30:19.395132+00:00
CUR_GI006,Curitiba,4106902,1,,541,,,-25.535613,-49.270156,,False,1,1,2023-06-17T01:30:19.395132+00:00
CUR_HA193,Curitiba,4106902,1,,658,,,-25.495591,-49.323521,,False,1,2,2023-06-17T01:30:19.395132+00:00
CUR_HI049,Curitiba,4106902,1,,658,,,-25.49466,-49.326841,,False,1,2,2023-06-17T01:30:19.395132+00:00
CUR_JI022,Curitiba,4106902,1,,658,,,-25.483633,-49.348518,,False,1,1,2023-06-17T01:30:19.395132+00:00
CUR_GI050,Curitiba,4106902,1,,641,,,-25.560996,-49.291266,,False,1,1,2023-06-17T01:30:19.395132+00:00
CUR_GI019,Curitiba,4106902,1,,643,,,-25.592073,-49.276353,,False,1,1,2023-06-17T01:29:19.395132+00:00
CUR_GI033,Curitiba,4106902,1,,643,,,-25.513571,-49.295408,,False,1,2,2023-06-17T01:30:19.395132+00:00
CUR_BI867,Curitiba,4106902,1,,237,,,-25.376045,-49.224498,,False,7,,2023-06-17T01:30:19.395132+00:00
CUR_BI880,Curitiba,4106902,1,,275,,,-25.3797,-49.244425,,False,7,1,2023-06-17T01:29:19.395132+00:00
CUR_BI893,Curitiba,4106902,1,,275,,,-25.397921,-49.256838,,False,7,2,2023-06-17T01:29:19.395132+00:00
CUR_BC007,Curitiba,4106902,1,,168,,,-25.371685,-49.320726,,False,1,1,2023-06-17T01:30:19.395132+00:00
CUR_HI025,Curitiba,4106902,1,,655,,,-25.562538,-49.315263,,False,1,2,2023-06-17T01:30:19.395132+00:00
CUR_HA029,Curitiba,4106902,1,,655,,,-25.534595,-49.301286,,False,1,1,2023-06-17T01:30:19.395132+00:00
CUR_HC304,Curitiba,4106902,1,,380,,,-25.44177,-49.301705,,False,10,2,2023-06-17T01:29:19.395132+00:00
CUR_CC302,Curitiba,4106902,1,,380,,,-25.43179,-49.212176,,False,10,1,2023-06-17T01:30:19.395132+00:00
CUR_MI854,Curitiba,4106902,1,,911,,,-25.39541,-49.347195,,False,7,2,2023-06-17T01:30:19.395132+00:00
CUR_DA029,Curitiba,4106902,1,,338,,,-25.477868,-49.243035,,False,1,1,2023-06-17T01:30:19.395132+00:00
CUR_DA301,Curitiba,4106902,1,,338,,,-25.4692,-49.204215,,False,3,2,2023-06-17T01:29:19.395132+00:00
CUR_DC983,Curitiba,4106902,1,,338,,,-25.485188,-49.20323,,False,1,2,2023-06-17T01:30:19.395132+00:00
CUR_DC084,Curitiba,4106902,0,,338,,,-25.479743,-49.225238,,False,1,1,2023-06-17T01:29:19.395132+00:00
CUR_EI010,Curitiba,4106902,1,Auto Viação São José,515,https://moovitapp.com/index/pt-br/transporte_p%C3%BAblico-line-515_%E2%9C%88_AEROPORTO_1_SHOPPING_S%C3%83O_JOS%C3%89-Curitiba-942-857412-67925719-0,-1.0,-25.517898,-49.229951,,False,1,2,2023-06-17T01:29:19.395132+00:00
CUR_EI005,Curitiba,4106902,1,,528,,,-25.482071,-49.246596,,False,1,1,2023-06-17T01:28:19.395132+00:00
CUR_EA005,Curitiba,4106902,1,,X07,,,-25.545216,-49.265178,,False,1,1,2023-06-17T01:29:19.395132+00:00
CUR_EI006,Curitiba,4106902,1,,X07,,,-25.53931,-49.271636,,False,1,2,2023-06-17T01:30:19.395132+00:00
CUR_JI004,Curitiba,4106902,1,,719,,,-25.483196,-49.347323,,False,1,1,2023-06-17T01:30:19.395132+00:00
CUR_JI009,Curitiba,4106902,1,,718,,,-25.477901,-49.328106,,False,1,,2023-06-17T01:29:19.395132+00:00
CUR_JA035,Curitiba,4106902,1,,712,,,-25.512231,-49.329423,,False,1,2,2023-06-17T01:29:19.395132+00:00
CUR_BI018,Curitiba,4106902,1,,232,,,-25.36342,-49.228305,,False,1,2,2023-06-17T01:29:19.395132+00:00
CUR_BI024,Curitiba,4106902,1,,242,,,-25.357566,-49.26373,,False,1,1,2023-06-17T01:29:19.395132+00:00
CUR_JI860,Curitiba,4106902,1,,779,,,-25.457503,-49.322015,,False,7,1,2023-06-17T01:30:19.395132+00:00
CUR_BI879,Curitiba,4106902,1,,311,,,-25.43879,-49.215911,,False,7,2,2023-06-17T01:30:19.395132+00:00
CUR_BI029,Curitiba,4106902,1,,372,,,-25.427801,-49.248638,,False,1,1,2023-06-17T01:30:19.395132+00:00
CUR_BC316,Curitiba,4106902,1,,372,,,-25.423835,-49.20293,,False,10,2,2023-06-17T01:29:19.395132+00:00
CUR_BC002,Curitiba,4106902,1,,183,,,-25.367911,-49.275355,,False,1,1,2023-06-17T01:29:19.395132+00:00
CUR_JA022,Curitiba,4106902,1,,711,,,-25.471198,-49.346381,,False,1,1,2023-06-17T01:30:19.395132+00:00
CUR_BI863,Curitiba,4106902,1,,274,,,-25.375895,-49.262685,,False,7,1,2023-06-17T01:29:19.395132+00:00
CUR_JA030,Curitiba,4106902,1,,860,,,-25.45799,-49.347078,,False,1,1,2023-06-17T01:30:19.395132+00:00
CUR_JI298,Curitiba,4106902,1,,860,,,-25.440503,-49.278136,,False,1,2,2023-06-17T01:30:19.395132+00:00
CUR_JC309,Curitiba,4106902,1,,778,,,-25.473991,-49.33109,,False,3,1,2023-06-17T01:28:19.395132+00:00
CUR_JC303,Curitiba,4106902,1,,778,,,-25.444695,-49.276011,,False,3,2,2023-06-17T01:30:19.395132+00:00
CUR_BC315,Curitiba,4106902,1,,371,,,-25.428115,-49.2448,,False,10,1,2023-06-17T01:30:19.395132+00:00
CUR_BC313,Curitiba,4106902,1,,371,,,-25.414091,-49.222335,,False,10,2,2023-06-17T01:30:19.395132+00:00
CUR_GI047,Curitiba,4106902,1,,528,,,-25.518156,-49.295515,,False,1,2,2023-06-17T01:30:19.395132+00:00
CUR_EI016,Curitiba,4106902,1,,528,,,-25.517486,-49.230541,,False,1,1,2023-06-17T01:30:19.395132+00:00
CUR_BC021,Curitiba,4106902,1,,876,,,-25.432353,-49.280108,,False,1,2,2023-06-17T01:27:19.395132+00:00
CUR_BC017,Curitiba,4106902,1,,876,,,-25.407656,-49.36609,,False,1,1,2023-06-17T01:30:19.395132+00:00
CUR_BI899,Curitiba,4106902,1,,366,,,-25.432966,-49.276435,,False,7,1,2023-06-17T01:30:19.395132+00:00
CUR_BI017,Curitiba,4106902,1,,342,,,-25.387866,-49.222076,,False,1,1,2023-06-17T01:29:19.395132+00:00
CUR_BI012,Curitiba,4106902,1,,342,,,-25.387148,-49.218748,,False,1,2,2023-06-17T01:30:19.395132+00:00
CUR_BI025,Curitiba,4106902,1,,816,,,-25.435886,-49.307463,,False,1,2,2023-06-17T01:30:19.395132+00:00
CUR_BI031,Curitiba,4106902,1,,816,,,-25.400806,-49.33036,,False,1,1,2023-06-17T01:29:19.395132+00:00
CUR_BA601,Curitiba,4106902,1,Auto Viação São José,216,https://moovitapp.com/index/pt-br/transporte_p%C3%BAblico-line-216_PIT_PRA%C3%87A_DA_JUVENTUDE_SANTA_F%C3%89_PINDORAMA-Curitiba-942-857412-122004458-0,-1.0,-25.416896,-49.253936,,False,4,1,2023-06-17T01:30:19.395132+00:00
CUR_HA608,Curitiba,4106902,1,Auto Viação São José,216,https://moovitapp.com/index/pt-br/transporte_p%C3%BAblico-line-216_PIT_PRA%C3%87A_DA_JUVENTUDE_SANTA_F%C3%89_PINDORAMA-Curitiba-942-857412-122004458-0,-1.0,-25.456686,-49.268976,,False,4,2,2023-06-17T01:29:19.395132+00:00
CUR_BA602,Curitiba,4106902,1,Auto Viação São José,216,https://moovitapp.com/index/pt-br/transporte_p%C3%BAblico-line-216_PIT_PRA%C3%87A_DA_JUVENTUDE_SANTA_F%C3%89_PINDORAMA-Curitiba-942-857412-122004458-0,-1.0,-25.428778,-49.249041,,False,4,1,2023-06-17T01:30:19.395132+00:00
CUR_HA605,Curitiba,4106902,1,Auto Viação São José,216,https://moovitapp.com/index/pt-br/transporte_p%C3%BAblico-line-216_PIT_PRA%C3%87A_DA_JUVENTUDE_SANTA_F%C3%89_PINDORAMA-Curitiba-942-857412-122004458-0,-1.0,-25.454371,-49.266173,,False,4,2,2023-06-17T01:30:19.395132+00:00
CUR_HI023,Curitiba,4106902,1,,619,,,-25.511623,-49.32422,,False,1,2,2023-06-17T01:30:19.395132+00:00
CUR_HI608,Curitiba,4106902,1,,619,,,-25.56186,-49.339253,,False,4,1,2023-06-17T01:30:19.395132+00:00
CUR_HA619,Curitiba,4106902,1,,685,,,-25.511585,-49.324196,,False,4,1,2023-06-17T01:28:19.395132+00:00
CUR_HR409,Curitiba,4106902,1,,685,,,-25.532325,-49.320631,,False,4,2,2023-06-17T01:30:19.395132+00:00
CUR_JI020,Curitiba,4106902,1,,828,,,-25.458773,-49.345986,,False,1,1,2023-06-17T01:30:19.395132+00:00
CUR_HI008,Curitiba,4106902,1,,828,,,-25.479476,-49.324826,,False,1,2,2023-06-17T01:30:19.395132+00:00
CUR_HI859,Curitiba,4106902,1,,865,,,-25.4318,-49.284716,,False,7,2,2023-06-17T01:30:19.395132+00:00
CUR_GE611,Curitiba,4106902,0,URBS,602,https://moovitapp.com/index/pt-br/transporte_p%C3%BAblico-line-602_CIRCULAR_SUL_ANTI_HOR%C3%81RIO-Curitiba-942-9628-294517-0,-1.0,-25.521555,-49.228178,,False,4,,2023-06-17T01:30:19.395132+00:00
CUR_GE604,Curitiba,4106902,0,URBS,602,https://moovitapp.com/index/pt-br/transporte_p%C3%BAblico-line-602_CIRCULAR_SUL_ANTI_HOR%C3%81RIO-Curitiba-942-9628-294517-0,-1.0,-25.504046,-49.296041,,False,4,,2023-06-17T01:30:19.395132+00:00
CUR_HE606,Curitiba,4106902,0,URBS,602,https://moovitapp.com/index/pt-br/transporte_p%C3%BAblico-line-602_CIRCULAR_SUL_ANTI_HOR%C3%81RIO-Curitiba-942-9628-294517-0,-1.0,-25.522658,-49.29489,,False,4,,2023-06-17T01:28:19.395132+00:00
CUR_HE607,Curitiba,4106902,0,URBS,602,https://moovitapp.com/index/pt-br/transporte_p%C3%BAblico-line-602_CIRCULAR_SUL_ANTI_HOR%C3%81RIO-Curitiba-942-9628-294517-0,-1.0,-25.472688,-49.265658,,False,4,,2023-06-17T01:29:19.395132+00:00
CUR_HE608,Curitiba,4106902,0,URBS,602,https://moovitapp.com/index/pt-br/transporte_p%C3%BAblico-line-602_CIRCULAR_SUL_ANTI_HOR%C3%81RIO-Curitiba-942-9628-294517-0,-1.0,-25.48959,-49.243361,,False,4,,2023-06-17T01:29:19.395132+00:00
CUR_HE604,Curitiba,4106902,0,URBS,602,https://moovitapp.com/index/pt-br/transporte_p%C3%BAblico-line-602_CIRCULAR_SUL_ANTI_HOR%C3%81RIO-Curitiba-942-9628-294517-0,-1.0,-25.532163,-49.259118,,False,4,,2023-06-17T01:29:19.395132+00:00
CUR_HE611,Curitiba,4106902,0,URBS,602,https://moovitapp.com/index/pt-br/transporte_p%C3%BAblico-line-602_CIRCULAR_SUL_ANTI_HOR%C3%81RIO-Curitiba-942-9628-294517-0,-1.0,-25.530915,-49.287615,,False,4,,2023-06-17T01:29:19.395132+00:00
CUR_HC300,Curitiba,4106902,1,,801,,,-25.443565,-49.290336,,False,10,2,2023-06-17T01:30:19.395132+00:00
CUR_MI851,Curitiba,4106902,1,Auto Viação São José,150,https://moovitapp.com/index/pt-br/transporte_p%C3%BAblico-line-150_T_AFONSO_PENA_PIT_BORDA_DO_CAMPO-Curitiba-942-857412-53904521-0,-1.0,-25.420055,-49.27792,,False,7,2,2023-06-17T01:30:19.395132+00:00
CUR_DA033,Curitiba,4106902,1,,621,,,-25.475593,-49.257076,,False,1,2,2023-06-17T01:29:19.395132+00:00
CUR_DA298,Curitiba,4106902,1,,621,,,-25.478513,-49.255578,,False,1,1,2023-06-17T01:29:19.395132+00:00
CUR_EI011,Curitiba,4106902,1,,X03,,,-25.51814,-49.230491,,False,1,1,2023-06-17T01:29:19.395132+00:00
CUR_EI015,Curitiba,4106902,1,,511,,,-25.496511,-49.24679,,False,1,2,2023-06-17T01:29:19.395132+00:00
CUR_EA023,Curitiba,4106902,1,Auto Viação São José,531,https://moovitapp.com/index/pt-br/transporte_p%C3%BAblico-line-531_BAIRRO_A_BAIRRO_1-Curitiba-942-857412-1570571-0,-1.0,-25.521733,-49.23934,,False,1,1,2023-06-17T01:30:19.395132+00:00
CUR_EA024,Curitiba,4106902,1,Auto Viação São José,531,https://moovitapp.com/index/pt-br/transporte_p%C3%BAblico-line-531_BAIRRO_A_BAIRRO_1-Curitiba-942-857412-1570571-0,-1.0,-25.543918,-49.246245,,False,1,2,2023-06-17T01:30:19.395132+00:00
CUR_BA025,Curitiba,4106902,1,,233,,,-25.373833,-49.214838,,False,1,,2023-06-17T01:30:19.395132+00:00
CUR_BA010,Curitiba,4106902,1,,822,,,-25.436251,-49.362233,,False,1,2,2023-06-17T01:29:19.395132+00:00
CUR_BL319,Curitiba,4106902,0,URBS,256,https://moovitapp.com/index/pt-br/transporte_p%C3%BAblico-line-256_BARREIRINHA_GUADALUPE-Curitiba-942-9628-398191-0,-1.0,-25.417295,-49.268525,,False,3,2,2023-06-17T01:29:19.395132+00:00
CUR_BI004,Curitiba,4106902,1,Auto Viação São José,211,https://moovitapp.com/index/pt-br/transporte_p%C3%BAblico-line-211_PIT_PRA%C3%87A_DA_JUVENTUDE_IZAURA_IP%C3%8A-Curitiba-942-857412-73553392-0,-1.0,-25.407791,-49.252441,,False,1,1,2023-06-17T01:30:19.395132+00:00
CUR_HI046,Curitiba,4106902,1,,615,,,-25.476195,-49.29115,,False,1,1,2023-06-17T01:30:19.395132+00:00
CUR_HA030,Curitiba,4106902,1,,646,,,-25.588255,-49.326616,,False,1,2,2023-06-17T01:30:19.395132+00:00
CUR_HI021,Curitiba,4106902,1,,646,,,-25.5984,-49.32951,,False,1,1,2023-06-17T01:29:19.395132+00:00
CUR_HE719,Curitiba,4106902,0,URBS,550,https://moovitapp.com/index/pt-br/transporte_p%C3%BAblico-line-550_LIGEIR%C3%83O_PINHEIRINHO_CARLOS_GOMES-Curitiba-942-9628-1254061-0,-1.0,-25.437066,-49.268985,,False,5,2,2023-06-17T01:29:19.395132+00:00
CUR_HE702,Curitiba,4106902,0,URBS,550,https://moovitapp.com/index/pt-br/transporte_p%C3%BAblico-line-550_LIGEIR%C3%83O_PINHEIRINHO_CARLOS_GOMES-Curitiba-942-9628-1254061-0,-1.0,-25.512486,-49.288896,,False,5,1,2023-06-17T01:29:19.395132+00:00
CUR_GE706,Curitiba,4106902,0,URBS,550,https://moovitapp.com/index/pt-br/transporte_p%C3%BAblico-line-550_LIGEIR%C3%83O_PINHEIRINHO_CARLOS_GOMES-Curitiba-942-9628-1254061-0,-1.0,-25.469983,-49.25464,,False,5,1,2023-06-17T01:29:19.395132+00:00
CUR_GE708,Curitiba,4106902,0,URBS,550,https://moovitapp.com/index/pt-br/transporte_p%C3%BAblico-line-550_LIGEIR%C3%83O_PINHEIRINHO_CARLOS_GOMES-Curitiba-942-9628-1254061-0,-1.0,-25.460281,-49.257636,,False,5,2,2023-06-17T01:29:19.395132+00:00
CUR_HI299,Curitiba,4106902,1,,653,,,-25.499641,-49.346718,,False,1,2,2023-06-17T01:30:19.395132+00:00
CUR_GI021,Curitiba,4106902,1,,636,,,-25.544966,-49.29072,,False,1,1,2023-06-17T01:30:19.395132+00:00
CUR_GI009,Curitiba,4106902,1,,616,,,-25.474813,-49.258701,,False,1,1,2023-06-17T01:28:19.395132+00:00
CUR_GI852,Curitiba,4106902,1,,616,,,-25.485143,-49.267013,,False,7,1,2023-06-17T01:29:19.395132+00:00
CUR_GI029,Curitiba,4106902,1,,631,,,-25.512515,-49.29496,,False,1,,2023-06-17T01:29:19.395132+00:00
CUR_GI045,Curitiba,4106902,1,,635,,,-25.537543,-49.279581,,False,1,2,2023-06-17T01:30:19.395132+00:00
CUR_GI002,Curitiba,4106902,1,,553,,,-25.535161,-49.271971,,False,1,1,2023-06-17T01:27:19.395132+00:00
CUR_GA180,Curitiba,4106902,1,,553,,,-25.535175,-49.271888,,False,1,2,2023-06-17T01:29:19.395132+00:00
CUR_JI016,Curitiba,4106902,1,,721,,,-25.490553,-49.34861,,False,1,2,2023-06-17T01:30:19.395132+00:00
CUR_JA301,Curitiba,4106902,1,,826,,,-25.502446,-49.341126,,False,3,1,2023-06-17T01:29:19.395132+00:00
CUR_HI044,Curitiba,4106902,1,,826,,,-25.467568,-49.355245,,False,1,2,2023-06-17T01:30:19.395132+00:00
CUR_JI862,Curitiba,4106902,1,,713,,,-25.47849,-49.326701,,False,7,2,2023-06-17T01:29:19.395132+00:00
CUR_DA023,Curitiba,4106902,1,,336,,,-25.487235,-49.19708,,False,1,1,2023-06-17T01:29:19.395132+00:00
CUR_JI866,Curitiba,4106902,1,,862,,,-25.458741,-49.323525,,False,7,1,2023-06-17T01:29:19.395132+00:00
CUR_HA198,Curitiba,4106902,1,,612,,,-25.484831,-49.31793,,False,1,1,2023-06-17T01:30:19.395132+00:00
CUR_CI004,Curitiba,4106902,1,,341,,,-25.378055,-49.220198,,False,1,2,2023-06-17T01:29:19.395132+00:00
CUR_BI886,Curitiba,4106902,1,,244,,,-25.370383,-49.25267,,False,7,2,2023-06-17T01:28:19.395132+00:00
CUR_BI901,Curitiba,4106902,1,,176,,,-25.428135,-49.272005,,False,7,2,2023-06-17T01:29:19.395132+00:00
CUR_DA293,Curitiba,4106902,1,,474,,,-25.492536,-49.207748,,False,1,1,2023-06-17T01:30:19.395132+00:00
CUR_BC013,Curitiba,4106902,1,,205,,,-25.42868,-49.26847,,False,1,1,2023-06-17T01:29:19.395132+00:00
CUR_BC311,Curitiba,4106902,1,,205,,,-25.385556,-49.261615,,False,3,1,2023-06-17T01:30:19.395132+00:00
CUR_BC301,Curitiba,4106902,1,,205,,,-25.394088,-49.258671,,False,3,2,2023-06-17T01:30:19.395132+00:00
CUR_BC321,Curitiba,4106902,1,,170,,,-25.4171,-49.276761,,False,3,1,2023-06-17T01:30:19.395132+00:00
CUR_BI019,Curitiba,4106902,1,,231,,,-25.363111,-49.206673,,False,1,1,2023-06-17T01:30:19.395132+00:00
CUR_DN606,Curitiba,4106902,0,,387,,,-25.435035,-49.273098,,False,7,2,2023-06-17T01:29:19.395132+00:00
CUR_BC011,Curitiba,4106902,1,,166,,,-25.412788,-49.279748,,False,1,2,2023-06-17T01:29:19.395132+00:00
CUR_BE718,Curitiba,4106902,0,URBS,350,https://moovitapp.com/index/pt-br/transporte_p%C3%BAblico-line-350_FAGUNDES_VARELA_PINHEIRINHO-Curitiba-942-9628-52482798-0,-1.0,-25.409955,-49.220191,,False,5,2,2023-06-17T01:29:19.395132+00:00
CUR_HE718,Curitiba,4106902,0,URBS,350,https://moovitapp.com/index/pt-br/transporte_p%C3%BAblico-line-350_FAGUNDES_VARELA_PINHEIRINHO-Curitiba-942-9628-52482798-0,-1.0,-25.512688,-49.294958,,False,5,1,2023-06-17T01:30:19.395132+00:00
CUR_BL324,Curitiba,4106902,0,URBS,023,https://moovitapp.com/index/pt-br/transporte_p%C3%BAblico-line-023_INTER_2_ANTI_HOR%C3%81RIO-Curitiba-942-9628-398189-0,-1.0,-25.455991,-49.231305,,False,3,,2023-06-17T01:29:19.395132+00:00
CUR_BL330,Curitiba,4106902,0,URBS,023,https://moovitapp.com/index/pt-br/transporte_p%C3%BAblico-line-023_INTER_2_ANTI_HOR%C3%81RIO-Curitiba-942-9628-398189-0,-1.0,-25.435638,-49.215078,,False,3,,2023-06-17T01:29:19.395132+00:00
CUR_HL698,Curitiba,4106902,0,URBS,023,https://moovitapp.com/index/pt-br/transporte_p%C3%BAblico-line-023_INTER_2_ANTI_HOR%C3%81RIO-Curitiba-942-9628-398189-0,-1.0,-25.473238,-49.295513,,False,4,,2023-06-17T01:29:19.395132+00:00
CUR_EL303,Curitiba,4106902,0,URBS,023,https://moovitapp.com/index/pt-br/transporte_p%C3%BAblico-line-023_INTER_2_ANTI_HOR%C3%81RIO-Curitiba-942-9628-398189-0,-1.0,-25.407635,-49.256415,,False,3,,2023-06-17T01:30:19.395132+00:00
CUR_CL302,Curitiba,4106902,0,URBS,023,https://moovitapp.com/index/pt-br/transporte_p%C3%BAblico-line-023_INTER_2_ANTI_HOR%C3%81RIO-Curitiba-942-9628-398189-0,-1.0,-25.47566,-49.293395,,False,3,,2023-06-17T01:29:19.395132+00:00
CUR_BL333,Curitiba,4106902,0,URBS,023,https://moovitapp.com/index/pt-br/transporte_p%C3%BAblico-line-023_INTER_2_ANTI_HOR%C3%81RIO-Curitiba-942-9628-398189-0,-1.0,-25.490596,-49.255316,,False,3,,2023-06-17T01:30:19.395132+00:00
CUR_BL317,Curitiba,4106902,0,URBS,023,https://moovitapp.com/index/pt-br/transporte_p%C3%BAblico-line-023_INTER_2_ANTI_HOR%C3%81RIO-Curitiba-942-9628-398189-0,-1.0,-25.423318,-49.24165,,False,3,,2023-06-17T01:29:19.395132+00:00
CUR_DL300,Curitiba,4106902,0,URBS,023,https://moovitapp.com/index/pt-br/transporte_p%C3%BAblico-line-023_INTER_2_ANTI_HOR%C3%81RIO-Curitiba-942-9628-398189-0,-1.0,-25.436013,-49.307853,,False,3,,2023-06-17T01:30:19.395132+00:00
CUR_BL313,Curitiba,4106902,0,URBS,023,https://moovitapp.com/index/pt-br/transporte_p%C3%BAblico-line-023_INTER_2_ANTI_HOR%C3%81RIO-Curitiba-942-9628-398189-0,-1.0,-25.460735,-49.233408,,False,3,,2023-06-17T01:29:19.395132+00:00
CUR_BI860,Curitiba,4106902,1,,224,,,-25.38976,-49.239903,,False,7,,2023-06-17T01:30:19.395132+00:00
CUR_DA850,Curitiba,4106902,1,,466,,,-25.446178,-49.248026,,False,7,2,2023-06-17T01:30:19.395132+00:00
CUR_BB308,Curitiba,4106902,1,,011,,,-25.409291,-49.264876,,False,10,,2023-06-17T01:29:19.395132+00:00
CUR_BB305,Curitiba,4106902,1,,011,,,-25.411541,-49.271445,,False,10,,2023-06-17T01:29:19.395132+00:00
CUR_GI041,Curitiba,4106902,1,,625,,,-25.522238,-49.271318,,False,1,2,2023-06-17T01:29:19.395132+00:00
CUR_GI036,Curitiba,4106902,1,,625,,,-25.494653,-49.292136,,False,1,2,2023-06-17T01:30:19.395132+00:00
CUR_GI022,Curitiba,4106902,1,,625,,,-25.530511,-49.265643,,False,1,1,2023-06-17T01:30:19.395132+00:00
CUR_BC001,Curitiba,4106902,1,,375,,,-25.428248,-49.266543,,False,1,2,2023-06-17T01:30:19.395132+00:00
CUR_BC932,Curitiba,4106902,1,,365,,,-25.416098,-49.224103,,False,7,2,2023-06-17T01:30:19.395132+00:00
CUR_BI881,Curitiba,4106902,1,,385,,,-25.430445,-49.264828,,False,7,2,2023-06-17T01:28:19.395132+00:00
CUR_GI026,Curitiba,4106902,1,,639,,,-25.559388,-49.281723,,False,1,2,2023-06-17T01:30:19.395132+00:00
CUR_DC293,Curitiba,4106902,1,,332,,,-25.468856,-49.208161,,False,1,,2023-06-17T01:29:19.395132+00:00
CUR_DA020,Curitiba,4106902,0,,323,,,-25.45879,-49.196881,,False,1,,2023-06-17T01:29:19.395132+00:00
CUR_BB303,Curitiba,4106902,1,,010,,,-25.423548,-49.287871,,False,10,,2023-06-17T01:30:19.395132+00:00
CUR_BB302,Curitiba,4106902,1,,010,,,-25.447276,-49.254716,,False,10,,2023-06-17T01:30:19.395132+00:00
CUR_HN616,Curitiba,4106902,1,,814,,,-25.432486,-49.338993,,False,7,1,2023-06-17T01:30:19.395132+00:00
CUR_JI001,Curitiba,4106902,1,,777,,,-25.43629,-49.273845,,False,1,2,2023-06-17T01:30:19.395132+00:00
CUR_JA027,Curitiba,4106902,1,,777,,,-25.460831,-49.33433,,False,1,1,2023-06-17T01:30:19.395132+00:00
CUR_HA312,Curitiba,4106902,1,,712,,,-25.487083,-49.33609,,False,3,1,2023-06-17T01:29:19.395132+00:00
CUR_JI859,Curitiba,4106902,1,,762,,,-25.473683,-49.318283,,False,7,1,2023-06-17T01:30:19.395132+00:00
CUR_HC851,Curitiba,4106902,1,,674,,,-25.500528,-49.325,,False,7,1,2023-06-17T01:30:19.395132+00:00
CUR_HA021,Curitiba,4106902,1,,628,,,-25.527953,-49.3277,,False,1,1,2023-06-17T01:30:19.395132+00:00
CUR_HI002,Curitiba,4106902,1,,628,,,-25.511673,-49.32407,,False,1,2,2023-06-17T01:30:19.395132+00:00
CUR_BC324,Curitiba,4106902,1,,182,,,-25.403273,-49.275303,,False,3,2,2023-06-17T01:30:19.395132+00:00
CUR_BI871,Curitiba,4106902,1,Auto Viação São José,214,https://moovitapp.com/index/pt-br/transporte_p%C3%BAblico-line-214_PIT_PRA%C3%87A_DA_JUVENTUDE_CRISTAL_BLANCO_POMBO_ANTI_HOR%C3%81RIO-Curitiba-942-857412-119631273-0,-1.0,-25.380698,-49.21967,,False,7,2,2023-06-17T01:30:19.395132+00:00
CUR_HI855,Curitiba,4106902,1,,673,,,-25.439253,-49.27225,,False,7,2,2023-06-17T01:30:19.395132+00:00
CUR_MI005,Curitiba,4106902,1,,821,,,-25.40861,-49.358893,,False,1,1,2023-06-17T01:30:19.395132+00:00
CUR_HA010,Curitiba,4106902,1,,680,,,-25.515245,-49.295691,,False,1,2,2023-06-17T01:29:19.395132+00:00
CUR_HA004,Curitiba,4106902,1,,680,,,-25.563355,-49.315523,,False,1,1,2023-06-17T01:30:19.395132+00:00
CUR_BI857,Curitiba,4106902,1,Auto Viação São José,212,https://moovitapp.com/index/pt-br/transporte_p%C3%BAblico-line-212_PIT_PRA%C3%87A_DA_JUVENTUDE_SANTA_F%C3%89_CRISTAL-Curitiba-942-857412-73656311-0,-1.0,-25.407991,-49.250325,,False,7,2,2023-06-17T01:29:19.395132+00:00
CUR_HB608,Curitiba,4106902,1,,060,,,-25.512103,-49.295003,,False,4,2,2023-06-17T01:30:19.395132+00:00
CUR_HR117,Curitiba,4106902,1,,060,,,-25.450011,-49.353773,,False,4,1,2023-06-17T01:29:19.395132+00:00
CUR_DL301,Curitiba,4106902,0,URBS,305,https://moovitapp.com/index/pt-br/transporte_p%C3%BAblico-line-305_CENTEN%C3%81RIO-Curitiba-942-9628-294271-0,-1.0,-25.444228,-49.241888,,False,3,1,2023-06-17T01:29:19.395132+00:00
CUR_DL314,Curitiba,4106902,0,URBS,305,https://moovitapp.com/index/pt-br/transporte_p%C3%BAblico-line-305_CENTEN%C3%81RIO-Curitiba-942-9628-294271-0,-1.0,-25.46685,-49.21492,,False,3,2,2023-06-17T01:29:19.395132+00:00
CUR_BC850,Curitiba,4106902,1,,386,,,-25.430578,-49.257108,,False,7,2,2023-06-17T01:29:19.395132+00:00
CUR_HA197,Curitiba,4106902,1,,630,,,-25.535201,-49.31727,,False,1,2,2023-06-17T01:29:19.395132+00:00
CUR_BI013,Curitiba,4106902,1,,243,,,-25.353993,-49.263086,,False,1,2,2023-06-17T01:29:19.395132+00:00
CUR_BI014,Curitiba,4106902,1,,236,,,-25.358353,-49.241195,,False,1,2,2023-06-17T01:29:19.395132+00:00
CUR_HA311,Curitiba,4106902,1,,863,,,-25.450795,-49.274553,,False,3,1,2023-06-17T01:29:19.395132+00:00
CUR_HA028,Curitiba,4106902,1,,863,,,-25.439188,-49.272185,,False,1,2,2023-06-17T01:30:19.395132+00:00
CUR_BC323,Curitiba,4106902,1,,207,,,-25.423743,-49.274278,,False,3,2,2023-06-17T01:29:19.395132+00:00
CUR_BI301,Curitiba,4106902,1,,207,,,-25.410946,-49.277748,,False,3,1,2023-06-17T01:29:19.395132+00:00
CUR_DN600,Curitiba,4106902,1,,331,,,-25.467868,-49.255895,,False,7,,2023-06-17T01:23:19.395132+00:00
CUR_MI850,Curitiba,4106902,1,,913,,,-25.419311,-49.294415,,False,7,,2023-06-17T01:24:19.395132+00:00
CUR_MC306,Curitiba,4106902,1,,901,,,-25.401141,-49.329866,,False,3,1,2023-06-17T01:30:19.395132+00:00
CUR_MC080,Curitiba,4106902,1,,901,,,-25.42849,-49.273031,,False,1,2,2023-06-17T01:30:19.395132+00:00
CUR_BI869,Curitiba,4106902,1,,260,,,-25.374665,-49.262573,,False,7,1,2023-06-17T01:30:19.395132+00:00
CUR_MI855,Curitiba,4106902,1,,912,,,-25.391126,-49.352438,,False,7,2,2023-06-17T01:29:19.395132+00:00
CUR_BI890,Curitiba,4106902,1,,266,,,-25.422196,-49.26963,,False,7,2,2023-06-17T01:30:19.395132+00:00
CUR_DN603,Curitiba,4106902,1,,461,,,-25.43369,-49.270041,,False,7,2,2023-06-17T01:30:19.395132+00:00
CUR_BI022,Curitiba,4106902,1,,225,,,-25.378495,-49.25895,,False,1,1,2023-06-17T01:30:19.395132+00:00
CUR_MI853,Curitiba,4106902,1,,967,,,-25.39921,-49.298961,,False,7,1,2023-06-17T01:30:19.395132+00:00
CUR_MN610,Curitiba,4106902,1,,913,,,-25.400656,-49.330645,,False,7,1,2023-06-17T01:29:19.395132+00:00
CUR_HI861,Curitiba,4106902,1,,600,,,-25.523791,-49.29337,,False,7,2,2023-06-17T01:29:19.395132+00:00
CUR_GI049,Curitiba,4106902,1,,642,,,-25.526763,-49.291101,,False,1,2,2023-06-17T01:29:19.395132+00:00
CUR_BI892,Curitiba,4106902,1,,181,,,-25.391531,-49.267416,,False,7,1,2023-06-17T01:30:19.395132+00:00
CUR_HI853,Curitiba,4106902,1,,644,,,-25.512356,-49.294956,,False,7,1,2023-06-17T01:29:19.395132+00:00
CUR_DN400,Curitiba,4106902,1,,516,,,-25.474698,-49.239293,,False,7,1,2023-06-17T01:30:19.395132+00:00
CUR_JI857,Curitiba,4106902,1,,761,,,-25.471166,-49.323601,,False,7,1,2023-06-17T01:30:19.395132+00:00
CUR_MI852,Curitiba,4106902,1,,965,,,-25.407668,-49.309868,,False,7,2,2023-06-17T01:30:19.395132+00:00
CUR_BI853,Curitiba,4106902,1,,361,,,-25.414605,-49.232935,,False,7,2,2023-06-17T01:30:19.395132+00:00
CUR_DC850,Curitiba,4106902,1,,331,,,-25.470168,-49.204038,,False,7,,2023-06-17T01:28:19.395132+00:00
CUR_BI896,Curitiba,4106902,1,,875,,,-25.426343,-49.32107,,False,7,1,2023-06-17T01:27:19.395132+00:00
CUR_MN603,Curitiba,4106902,1,,464,,,-25.435133,-49.262721,,False,7,2,2023-06-17T01:30:19.395132+00:00
CUR_GI853,Curitiba,4106902,1,,666,,,-25.494281,-49.281176,,False,7,1,2023-06-17T01:30:19.395132+00:00
CUR_DN020,Curitiba,4106902,0,,560,,,-25.452568,-49.265861,,False,6,1,2023-06-17T01:30:19.395132+00:00
CUR_BA014,Curitiba,4106902,1,,829,,,-25.447603,-49.361005,,False,1,,2023-06-17T01:30:19.395132+00:00
CUR_BA037,Curitiba,4106902,1,,829,,,-25.443996,-49.353503,,False,1,,2023-06-17T01:29:19.395132+00:00
CUR_BI895,Curitiba,4106902,1,,164,,,-25.4313,-49.272805,,False,7,2,2023-06-17T01:30:19.395132+00:00
CUR_BL336,Curitiba,4106902,0,URBS,518,https://moovitapp.com/index/pt-br/transporte_p%C3%BAblico-line-518_PUC_RODOFERROVI%C3%81RIA-Curitiba-942-9628-743528-0,-1.0,-25.438308,-49.262673,,False,3,1,2023-06-17T01:29:19.395132+00:00
CUR_BA016,Curitiba,4106902,1,,815,,,-25.423618,-49.320986,,False,1,2,2023-06-17T01:30:19.395132+00:00
CUR_DL302,Curitiba,4106902,0,URBS,469,https://moovitapp.com/index/pt-br/transporte_p%C3%BAblico-line-469_CENTRO_POLIT%C3%89CNICO-Curitiba-942-9628-294421-0,-1.0,-25.427768,-49.264831,,False,3,1,2023-06-17T01:29:19.395132+00:00
CUR_DL317,Curitiba,4106902,0,URBS,469,https://moovitapp.com/index/pt-br/transporte_p%C3%BAblico-line-469_CENTRO_POLIT%C3%89CNICO-Curitiba-942-9628-294421-0,-1.0,-25.439988,-49.24948,,False,3,1,2023-06-17T01:29:19.395132+00:00
CUR_HL499,Curitiba,4106902,0,URBS,X02,https://moovitapp.com/index/pt-br/transporte_p%C3%BAblico-line-X02_REFOR%C3%87O_TUBO_BARIGUI-Curitiba-942-9628-64827686-0,-1.0,-25.437973,-49.314841,,False,3,2,2023-06-17T01:29:19.395132+00:00
