bus_id,city,city_code,adapted,agency,line_code,line_url,line_fare,latitude,longitude,bus_speed,is_eletric,bus_type,bus_direction,updated_at
CUR_BI851,Curitiba,4106902,1,,175,,,-25.446128,-49.266691,,False,7,1,2023-06-16T20:30:39.522568+00:00
CUR_BL600,Curitiba,4106902,0,URBS,022,https://moovitapp.com/index/pt-br/transporte_p%C3%BAblico-line-022_INTER_2_HOR%C3%81RIO-Curitiba-942-9628-381388-0,-1.0,-25.440395,-49.220966,,False,4,,2023-06-16T20:27:39.522568+00:00
CUR_BL602,Curitiba,4106902,0,URBS,022,https://moovitapp.com/index/pt-br/transporte_p%C3%BAblico-line-022_INTER_2_HOR%C3%81RIO-Curitiba-942-9628-381388-0,-1.0,-25.456306,-49.231613,,False,4,,2023-06-16T20:27:39.522568+00:00
CUR_BL610,Curitiba,4106902,0,URBS,022,https://moovitapp.com/index/pt-br/transporte_p%C3%BAblico-line-022_INTER_2_HOR%C3%81RIO-Curitiba-942-9628-381388-0,-1.0,-25.407913,-49.250596,,False,4,,2023-06-16T20:27:39.522568+00:00
CUR_BL322,Curitiba,4106902,0,URBS,022,https://moovitapp.com/index/pt-br/transporte_p%C3%BAblico-line-022_INTER_2_HOR%C3%81RIO-Curitiba-942-9628-381388-0,-1.0,-25.418,-49.271991,,False,3,,2023-06-16T20:27:39.522568+00:00
CUR_CL698,Curitiba,4106902,0,URBS,022,https://moovitapp.com/index/pt-br/transporte_p%C3%BAblico-line-022_INTER_2_HOR%C3%81RIO-Curitiba-942-9628-381388-0,-1.0,-25.459631,-49.233115,,False,4,,2023-06-16T20:30:39.522568+00:00
CUR_CL601,Curitiba,4106902,0,URBS,022,https://moovitapp.com/index/pt-br/transporte_p%C3%BAblico-line-022_INTER_2_HOR%C3%81RIO-Curitiba-942-9628-381388-0,-1.0,-25.429928,-49.293593,,False,4,,2023-06-16T20:30:39.522568+00:00
CUR_HL494,Curitiba,4106902,1,URBS,022,https://moovitapp.com/index/pt-br/transporte_p%C3%BAblico-line-022_INTER_2_HOR%C3%81RIO-Curitiba-942-9628-381388-0,-1.0,-25.455663,-49.303321,,False,3,,2023-06-16T20:29:39.522568+00:00
CUR_BL608,Curitiba,4106902,0,URBS,022,https://moovitapp.com/index/pt-br/transporte_p%C3%BAblico-line-022_INTER_2_HOR%C3%81RIO-Curitiba-942-9628-381388-0,-1.0,-25.422708,-49.290505,,False,4,,2023-06-16T20:29:39.522568+00:00
CUR_CL602,Curitiba,4106902,0,URBS,022,https://moovitapp.com/index/pt-br/transporte_p%C3%BAblico-line-022_INTER_2_HOR%C3%81RIO-Curitiba-942-9628-381388-0,-1.0,-25.492428,-49.292985,,False,4,,2023-06-16T20:30:39.522568+00:00
CUR_ML300,Curitiba,4106902,0,URBS,022,https://moovitapp.com/index/pt-br/transporte_p%C3%BAblico-line-022_INTER_2_HOR%C3%81RIO-Curitiba-942-9628-381388-0,-1.0,-25.496266,-49.270395,,False,3,,2023-06-16T20:30:39.522568+00:00
CUR_DR805,Curitiba,4106902,0,URBS,022,https://moovitapp.com/index/pt-br/transporte_p%C3%BAblico-line-022_INTER_2_HOR%C3%81RIO-Curitiba-942-9628-381388-0,-1.0,-25.440378,-49.22097,,False,4,,2023-06-16T20:30:39.522568+00:00
CUR_HL601,Curitiba,4106902,0,URBS,022,https://moovitapp.com/index/pt-br/transporte_p%C3%BAblico-line-022_INTER_2_HOR%C3%81RIO-Curitiba-942-9628-381388-0,-1.0,-25.406711,-49.251676,,False,4,,2023-06-16T20:28:39.522568+00:00
CUR_BL318,Curitiba,4106902,0,URBS,022,https://moovitapp.com/index/pt-br/transporte_p%C3%BAblico-line-022_INTER_2_HOR%C3%81RIO-Curitiba-942-9628-381388-0,-1.0,-25.406453,-49.251833,,False,3,,2023-06-16T20:31:39.522568+00:00
CUR_ER802,Curitiba,4106902,0,URBS,022,https://moovitapp.com/index/pt-br/transporte_p%C3%BAblico-line-022_INTER_2_HOR%C3%81RIO-Curitiba-942-9628-381388-0,-1.0,-25.487818,-49.256853,,False,4,,2023-06-16T20:30:39.522568+00:00
CUR_BL328,Curitiba,4106902,0,URBS,022,https://moovitapp.com/index/pt-br/transporte_p%C3%BAblico-line-022_INTER_2_HOR%C3%81RIO-Curitiba-942-9628-381388-0,-1.0,-25.44542,-49.304656,,False,3,,2023-06-16T20:29:39.522568+00:00
CUR_HR804,Curitiba,4106902,0,URBS,022,https://moovitapp.com/index/pt-br/transporte_p%C3%BAblico-line-022_INTER_2_HOR%C3%81RIO-Curitiba-942-9628-381388-0,-1.0,-25.474421,-49.293395,,False,4,,2023-06-16T20:30:39.522568+00:00
CUR_HL699,Curitiba,4106902,0,URBS,022,https://moovitapp.com/index/pt-br/transporte_p%C3%BAblico-line-022_INTER_2_HOR%C3%81RIO-Curitiba-942-9628-381388-0,-1.0,-25.418715,-49.269328,,False,4,,2023-06-16T20:28:39.522568+00:00
CUR_DL316,Curitiba,4106902,0,URBS,022,https://moovitapp.com/index/pt-br/transporte_p%C3%BAblico-line-022_INTER_2_HOR%C3%81RIO-Curitiba-942-9628-381388-0,-1.0,-25.46989,-49.290613,,False,3,,2023-06-16T20:27:39.522568+00:00
CUR_BL605,Curitiba,4106902,0,URBS,022,https://moovitapp.com/index/pt-br/transporte_p%C3%BAblico-line-022_INTER_2_HOR%C3%81RIO-Curitiba-942-9628-381388-0,-1.0,-25.412543,-49.258133,,False,4,,2023-06-16T20:30:39.522568+00:00
CUR_GL601,Curitiba,4106902,0,URBS,022,https://moovitapp.com/index/pt-br/transporte_p%C3%BAblico-line-022_INTER_2_HOR%C3%81RIO-Curitiba-942-9628-381388-0,-1.0,-25.481716,-49.247341,,False,4,,2023-06-16T20:30:39.522568+00:00
CUR_ER801,Curitiba,4106902,0,URBS,022,https://moovitapp.com/index/pt-br/transporte_p%C3%BAblico-line-022_INTER_2_HOR%C3%81RIO-Curitiba-942-9628-381388-0,-1.0,-25.495483,-49.26792,,False,4,,2023-06-16T20:29:39.522568+00:00
CUR_JL310,Curitiba,4106902,0,URBS,022,https://moovitapp.com/index/pt-br/transporte_p%C3%BAblico-line-022_INTER_2_HOR%C3%81RIO-Curitiba-942-9628-381388-0,-1.0,-25.436298,-49.30741,,False,3,,2023-06-16T20:30:39.522568+00:00
CUR_MC079,Curitiba,4106902,1,,972,,,-25.422725,-49.28583,,False,1,1,2023-06-16T20:30:39.522568+00:00
CUR_MC077,Curitiba,4106902,1,,972,,,-25.399571,-49.334106,,False,1,1,2023-06-16T20:30:39.522568+00:00
CUR_GI055,Curitiba,4106902,1,,637,,,-25.54107,-49.272418,,False,1,2,2023-06-16T20:30:39.522568+00:00
CUR_GA003,Curitiba,4106902,1,,637,,,-25.534403,-49.26781,,False,1,1,2023-06-16T20:30:39.522568+00:00
CUR_HA190,Curitiba,4106902,1,,652,,,-25.513448,-49.330565,,False,1,2,2023-06-16T20:30:39.522568+00:00
CUR_HI010,Curitiba,4106902,1,,652,,,-25.528186,-49.328633,,False,1,1,2023-06-16T20:31:39.522568+00:00
CUR_HA128,Curitiba,4106902,1,,652,,,-25.527675,-49.334273,,False,1,2,2023-06-16T20:29:39.522568+00:00
CUR_JI013,Curitiba,4106902,1,,823,,,-25.45099,-49.356091,,False,1,1,2023-06-16T20:30:39.522568+00:00
CUR_JI299,Curitiba,4106902,1,,823,,,-25.455993,-49.357555,,False,1,2,2023-06-16T20:31:39.522568+00:00
CUR_JC313,Curitiba,4106902,1,,701,,,-25.450075,-49.290361,,False,3,2,2023-06-16T20:30:39.522568+00:00
CUR_JC304,Curitiba,4106902,1,,701,,,-25.441593,-49.272308,,False,3,2,2023-06-16T20:31:39.522568+00:00
CUR_JC301,Curitiba,4106902,1,,701,,,-25.448926,-49.287301,,False,3,2,2023-06-16T20:30:39.522568+00:00
CUR_JI604,Curitiba,4106902,1,,701,,,-25.446503,-49.275791,,False,4,1,2023-06-16T20:30:39.522568+00:00
CUR_JC306,Curitiba,4106902,1,,701,,,-25.451276,-49.288268,,False,3,1,2023-06-16T20:30:39.522568+00:00
CUR_JA300,Curitiba,4106902,1,,701,,,-25.473903,-49.318301,,False,3,2,2023-06-16T20:31:39.522568+00:00
CUR_HE724,Curitiba,4106902,0,URBS,603,https://moovitapp.com/index/pt-br/transporte_p%C3%BAblico-line-603_PINHEIRINHO_RUI_BARBOSA-Curitiba-942-9628-484781-0,-1.0,-25.445696,-49.286711,,False,5,1,2023-06-16T20:29:39.522568+00:00
CUR_HE723,Curitiba,4106902,0,URBS,603,https://moovitapp.com/index/pt-br/transporte_p%C3%BAblico-line-603_PINHEIRINHO_RUI_BARBOSA-Curitiba-942-9628-484781-0,-1.0,-25.49323,-49.293788,,False,5,2,2023-06-16T20:31:39.522568+00:00
CUR_HE728,Curitiba,4106902,0,URBS,603,https://moovitapp.com/index/pt-br/transporte_p%C3%BAblico-line-603_PINHEIRINHO_RUI_BARBOSA-Curitiba-942-9628-484781-0,-1.0,-25.452578,-49.287718,,False,5,1,2023-06-16T20:31:39.522568+00:00
CUR_HE717,Curitiba,4106902,0,URBS,603,https://moovitapp.com/index/pt-br/transporte_p%C3%BAblico-line-603_PINHEIRINHO_RUI_BARBOSA-Curitiba-942-9628-484781-0,-1.0,-25.480068,-49.29236,,False,5,1,2023-06-16T20:31:39.522568+00:00
CUR_HE725,Curitiba,4106902,0,URBS,603,https://moovitapp.com/index/pt-br/transporte_p%C3%BAblico-line-603_PINHEIRINHO_RUI_BARBOSA-Curitiba-942-9628-484781-0,-1.0,-25.499231,-49.295951,,False,5,1,2023-06-16T20:28:39.522568+00:00
CUR_HE731,Curitiba,4106902,0,URBS,603,https://moovitapp.com/index/pt-br/transporte_p%C3%BAblico-line-603_PINHEIRINHO_RUI_BARBOSA-Curitiba-942-9628-484781-0,-1.0,-25.487981,-49.294306,,False,5,2,2023-06-16T20:30:39.522568+00:00
CUR_HE701,Curitiba,4106902,0,URBS,603,https://moovitapp.com/index/pt-br/transporte_p%C3%BAblico-line-603_PINHEIRINHO_RUI_BARBOSA-Curitiba-942-9628-484781-0,-1.0,-25.497865,-49.296883,,False,5,2,2023-06-16T20:29:39.522568+00:00
CUR_HE727,Curitiba,4106902,0,URBS,603,https://moovitapp.com/index/pt-br/transporte_p%C3%BAblico-line-603_PINHEIRINHO_RUI_BARBOSA-Curitiba-942-9628-484781-0,-1.0,-25.448848,-49.28785,,False,5,2,2023-06-16T20:28:39.522568+00:00
CUR_HE726,Curitiba,4106902,0,URBS,603,https://moovitapp.com/index/pt-br/transporte_p%C3%BAblico-line-603_PINHEIRINHO_RUI_BARBOSA-Curitiba-942-9628-484781-0,-1.0,-25.436231,-49.274011,,False,5,1,2023-06-16T20:30:39.522568+00:00
CUR_HE711,Curitiba,4106902,0,URBS,603,https://moovitapp.com/index/pt-br/transporte_p%C3%BAblico-line-603_PINHEIRINHO_RUI_BARBOSA-Curitiba-942-9628-484781-0,-1.0,-25.444808,-49.285438,,False,5,2,2023-06-16T20:29:39.522568+00:00
CUR_HD242,Curitiba,4106902,0,URBS,603,https://moovitapp.com/index/pt-br/transporte_p%C3%BAblico-line-603_PINHEIRINHO_RUI_BARBOSA-Curitiba-942-9628-484781-0,-1.0,-25.43993,-49.272541,,False,5,1,2023-06-16T20:30:39.522568+00:00
CUR_HE712,Curitiba,4106902,0,URBS,603,https://moovitapp.com/index/pt-br/transporte_p%C3%BAblico-line-603_PINHEIRINHO_RUI_BARBOSA-Curitiba-942-9628-484781-0,-1.0,-25.475706,-49.292893,,False,5,1,2023-06-16T20:31:39.522568+00:00
CUR_GE730,Curitiba,4106902,0,URBS,603,https://moovitapp.com/index/pt-br/transporte_p%C3%BAblico-line-603_PINHEIRINHO_RUI_BARBOSA-Curitiba-942-9628-484781-0,-1.0,-25.501471,-49.296078,,False,5,2,2023-06-16T20:30:39.522568+00:00
CUR_HE721,Curitiba,4106902,0,URBS,603,https://moovitapp.com/index/pt-br/transporte_p%C3%BAblico-line-603_PINHEIRINHO_RUI_BARBOSA-Curitiba-942-9628-484781-0,-1.0,-25.466273,-49.292,,False,5,2,2023-06-16T20:30:39.522568+00:00
CUR_BI023,Curitiba,4106902,1,,924,,,-25.37724,-49.22413,,False,1,2,2023-06-16T20:28:39.522568+00:00
CUR_MA013,Curitiba,4106902,1,,924,,,-25.396401,-49.313858,,False,1,1,2023-06-16T20:30:39.522568+00:00
CUR_MI004,Curitiba,4106902,1,,924,,,-25.382446,-49.281383,,False,1,2,2023-06-16T20:30:39.522568+00:00
CUR_MI003,Curitiba,4106902,1,,924,,,-25.38593,-49.282335,,False,1,1,2023-06-16T20:30:39.522568+00:00
CUR_BA036,Curitiba,4106902,1,,924,,,-25.393153,-49.295861,,False,1,1,2023-06-16T20:30:39.522568+00:00
CUR_BI010,Curitiba,4106902,1,,924,,,-25.365666,-49.259866,,False,1,1,2023-06-16T20:30:39.522568+00:00
CUR_BA026,Curitiba,4106902,1,,924,,,-25.382588,-49.312316,,False,1,2,2023-06-16T20:29:39.522568+00:00
CUR_DR408,Curitiba,4106902,1,,335,,,-25.469073,-49.255083,,False,4,2,2023-06-16T20:30:39.522568+00:00
CUR_EI008,Curitiba,4106902,1,,335,,,-25.517675,-49.229275,,False,1,2,2023-06-16T20:31:39.522568+00:00
CUR_DR407,Curitiba,4106902,1,,335,,,-25.491473,-49.214928,,False,4,2,2023-06-16T20:30:39.522568+00:00
CUR_DA698,Curitiba,4106902,1,,335,,,-25.47974,-49.210861,,False,4,1,2023-06-16T20:30:39.522568+00:00
CUR_EI018,Curitiba,4106902,1,,335,,,-25.512068,-49.226328,,False,1,2,2023-06-16T20:28:39.522568+00:00
CUR_EI013,Curitiba,4106902,1,,663,,,-25.443965,-49.26994,,False,1,2,2023-06-16T20:30:39.522568+00:00
CUR_EA025,Curitiba,4106902,1,,663,,,-25.485311,-49.288491,,False,1,2,2023-06-16T20:29:39.522568+00:00
CUR_BI882,Curitiba,4106902,1,Auto Viação São José,213,https://moovitapp.com/index/pt-br/transporte_p%C3%BAblico-line-213_PIT_PRA%C3%87A_DA_JUVENTUDE_CRISTAL_BLANCO_POMBO_HOR%C3%81RIO-Curitiba-942-857412-119631272-0,-1.0,-25.407836,-49.250093,,False,7,1,2023-06-16T20:30:39.522568+00:00
CUR_BI883,Curitiba,4106902,1,Auto Viação São José,213,https://moovitapp.com/index/pt-br/transporte_p%C3%BAblico-line-213_PIT_PRA%C3%87A_DA_JUVENTUDE_CRISTAL_BLANCO_POMBO_HOR%C3%81RIO-Curitiba-942-857412-119631272-0,-1.0,-25.392165,-49.213411,,False,7,2,2023-06-16T20:31:39.522568+00:00
CUR_DA011,Curitiba,4106902,1,,322,,,-25.457355,-49.207991,,False,1,1,2023-06-16T20:28:39.522568+00:00
CUR_EB608,Curitiba,4106902,1,,050,,,-25.454961,-49.247251,,False,4,1,2023-06-16T20:30:39.522568+00:00
CUR_JB606,Curitiba,4106902,1,,050,,,-25.452316,-49.264048,,False,4,2,2023-06-16T20:30:39.522568+00:00
CUR_GR125,Curitiba,4106902,1,,050,,,-25.458718,-49.271021,,False,4,1,2023-06-16T20:29:39.522568+00:00
CUR_JB699,Curitiba,4106902,1,,050,,,-25.450266,-49.255238,,False,4,2,2023-06-16T20:29:39.522568+00:00
CUR_GB608,Curitiba,4106902,1,,050,,,-25.478426,-49.327085,,False,4,1,2023-06-16T20:28:39.522568+00:00
CUR_JB604,Curitiba,4106902,1,,050,,,-25.452941,-49.24313,,False,4,2,2023-06-16T20:30:39.522568+00:00
CUR_EB607,Curitiba,4106902,1,,050,,,-25.452586,-49.242178,,False,4,2,2023-06-16T20:30:39.522568+00:00
CUR_EB605,Curitiba,4106902,1,,050,,,-25.463585,-49.276663,,False,4,2,2023-06-16T20:30:39.522568+00:00
CUR_HB602,Curitiba,4106902,1,,050,,,-25.457633,-49.269755,,False,4,1,2023-06-16T20:30:39.522568+00:00
CUR_KB600,Curitiba,4106902,1,,050,,,-25.451271,-49.215073,,False,4,2,2023-06-16T20:30:39.522568+00:00
CUR_JB610,Curitiba,4106902,1,,050,,,-25.454776,-49.247006,,False,4,1,2023-06-16T20:31:39.522568+00:00
CUR_EB609,Curitiba,4106902,1,,030,,,-25.477258,-49.326255,,False,4,2,2023-06-16T20:30:39.522568+00:00
CUR_JI858,Curitiba,4106902,1,,861,,,-25.449346,-49.30486,,False,7,2,2023-06-16T20:30:39.522568+00:00
CUR_JI852,Curitiba,4106902,1,,861,,,-25.447258,-49.295631,,False,7,1,2023-06-16T20:30:39.522568+00:00
CUR_ML302,Curitiba,4106902,0,URBS,307,https://moovitapp.com/index/pt-br/transporte_p%C3%BAblico-line-307_BAIRRO_ALTO_SANTA_FELICIDADE-Curitiba-942-9628-1323712-0,-1.0,-25.426238,-49.261535,,False,3,2,2023-06-16T20:30:39.522568+00:00
CUR_BL305,Curitiba,4106902,0,URBS,307,https://moovitapp.com/index/pt-br/transporte_p%C3%BAblico-line-307_BAIRRO_ALTO_SANTA_FELICIDADE-Curitiba-942-9628-1323712-0,-1.0,-25.429223,-49.27037,,False,3,2,2023-06-16T20:29:39.522568+00:00
CUR_CL303,Curitiba,4106902,0,URBS,307,https://moovitapp.com/index/pt-br/transporte_p%C3%BAblico-line-307_BAIRRO_ALTO_SANTA_FELICIDADE-Curitiba-942-9628-1323712-0,-1.0,-25.422486,-49.250896,,False,3,1,2023-06-16T20:30:39.522568+00:00
CUR_CL039,Curitiba,4106902,0,URBS,307,https://moovitapp.com/index/pt-br/transporte_p%C3%BAblico-line-307_BAIRRO_ALTO_SANTA_FELICIDADE-Curitiba-942-9628-1323712-0,-1.0,-25.422168,-49.201698,,False,3,2,2023-06-16T20:30:39.522568+00:00
CUR_ML307,Curitiba,4106902,0,URBS,307,https://moovitapp.com/index/pt-br/transporte_p%C3%BAblico-line-307_BAIRRO_ALTO_SANTA_FELICIDADE-Curitiba-942-9628-1323712-0,-1.0,-25.417058,-49.29463,,False,3,2,2023-06-16T20:30:39.522568+00:00
CUR_BL312,Curitiba,4106902,0,URBS,307,https://moovitapp.com/index/pt-br/transporte_p%C3%BAblico-line-307_BAIRRO_ALTO_SANTA_FELICIDADE-Curitiba-942-9628-1323712-0,-1.0,-25.42248,-49.28882,,False,3,1,2023-06-16T20:29:39.522568+00:00
CUR_CL306,Curitiba,4106902,0,URBS,307,https://moovitapp.com/index/pt-br/transporte_p%C3%BAblico-line-307_BAIRRO_ALTO_SANTA_FELICIDADE-Curitiba-942-9628-1323712-0,-1.0,-25.430765,-49.20871,,False,3,2,2023-06-16T20:30:39.522568+00:00
CUR_ML312,Curitiba,4106902,0,URBS,307,https://moovitapp.com/index/pt-br/transporte_p%C3%BAblico-line-307_BAIRRO_ALTO_SANTA_FELICIDADE-Curitiba-942-9628-1323712-0,-1.0,-25.415506,-49.301016,,False,3,1,2023-06-16T20:30:39.522568+00:00
CUR_ML313,Curitiba,4106902,0,URBS,307,https://moovitapp.com/index/pt-br/transporte_p%C3%BAblico-line-307_BAIRRO_ALTO_SANTA_FELICIDADE-Curitiba-942-9628-1323712-0,-1.0,-25.426326,-49.263661,,False,3,1,2023-06-16T20:30:39.522568+00:00
CUR_CL038,Curitiba,4106902,0,URBS,307,https://moovitapp.com/index/pt-br/transporte_p%C3%BAblico-line-307_BAIRRO_ALTO_SANTA_FELICIDADE-Curitiba-942-9628-1323712-0,-1.0,-25.427535,-49.241481,,False,3,1,2023-06-16T20:31:39.522568+00:00
CUR_BE728,Curitiba,4106902,0,URBS,203,https://moovitapp.com/index/pt-br/transporte_p%C3%BAblico-line-203_SANTA_C%C3%82NDIDA_CAP%C3%83O_RASO-Curitiba-942-9628-1323737-0,-1.0,-25.38926,-49.236586,,False,5,2,2023-06-16T20:29:39.522568+00:00
CUR_BE727,Curitiba,4106902,0,URBS,203,https://moovitapp.com/index/pt-br/transporte_p%C3%BAblico-line-203_SANTA_C%C3%82NDIDA_CAP%C3%83O_RASO-Curitiba-942-9628-1323737-0,-1.0,-25.464356,-49.291156,,False,5,2,2023-06-16T20:31:39.522568+00:00
CUR_HE714,Curitiba,4106902,0,URBS,203,https://moovitapp.com/index/pt-br/transporte_p%C3%BAblico-line-203_SANTA_C%C3%82NDIDA_CAP%C3%83O_RASO-Curitiba-942-9628-1323737-0,-1.0,-25.448483,-49.287873,,False,5,2,2023-06-16T20:30:39.522568+00:00
CUR_BE715,Curitiba,4106902,0,URBS,203,https://moovitapp.com/index/pt-br/transporte_p%C3%BAblico-line-203_SANTA_C%C3%82NDIDA_CAP%C3%83O_RASO-Curitiba-942-9628-1323737-0,-1.0,-25.43316,-49.266483,,False,5,1,2023-06-16T20:28:39.522568+00:00
CUR_GE736,Curitiba,4106902,0,URBS,203,https://moovitapp.com/index/pt-br/transporte_p%C3%BAblico-line-203_SANTA_C%C3%82NDIDA_CAP%C3%83O_RASO-Curitiba-942-9628-1323737-0,-1.0,-25.438316,-49.26843,,False,5,2,2023-06-16T20:30:39.522568+00:00
CUR_BE707,Curitiba,4106902,0,URBS,203,https://moovitapp.com/index/pt-br/transporte_p%C3%BAblico-line-203_SANTA_C%C3%82NDIDA_CAP%C3%83O_RASO-Curitiba-942-9628-1323737-0,-1.0,-25.4377,-49.266791,,False,5,1,2023-06-16T20:28:39.522568+00:00
CUR_BE708,Curitiba,4106902,0,URBS,203,https://moovitapp.com/index/pt-br/transporte_p%C3%BAblico-line-203_SANTA_C%C3%82NDIDA_CAP%C3%83O_RASO-Curitiba-942-9628-1323737-0,-1.0,-25.438898,-49.269833,,False,5,1,2023-06-16T20:30:39.522568+00:00
CUR_GE726,Curitiba,4106902,0,URBS,203,https://moovitapp.com/index/pt-br/transporte_p%C3%BAblico-line-203_SANTA_C%C3%82NDIDA_CAP%C3%83O_RASO-Curitiba-942-9628-1323737-0,-1.0,-25.428328,-49.268431,,False,5,2,2023-06-16T20:30:39.522568+00:00
CUR_BE714,Curitiba,4106902,0,URBS,203,https://moovitapp.com/index/pt-br/transporte_p%C3%BAblico-line-203_SANTA_C%C3%82NDIDA_CAP%C3%83O_RASO-Curitiba-942-9628-1323737-0,-1.0,-25.4494,-49.287905,,False,5,1,2023-06-16T20:28:39.522568+00:00
CUR_BE717,Curitiba,4106902,0,URBS,203,https://moovitapp.com/index/pt-br/transporte_p%C3%BAblico-line-203_SANTA_C%C3%82NDIDA_CAP%C3%83O_RASO-Curitiba-942-9628-1323737-0,-1.0,-25.377006,-49.223486,,False,5,1,2023-06-16T20:30:39.522568+00:00
CUR_BE703,Curitiba,4106902,0,URBS,203,https://moovitapp.com/index/pt-br/transporte_p%C3%BAblico-line-203_SANTA_C%C3%82NDIDA_CAP%C3%83O_RASO-Curitiba-942-9628-1323737-0,-1.0,-25.483035,-49.293206,,False,5,2,2023-06-16T20:27:39.522568+00:00
CUR_BD135,Curitiba,4106902,0,URBS,203,https://moovitapp.com/index/pt-br/transporte_p%C3%BAblico-line-203_SANTA_C%C3%82NDIDA_CAP%C3%83O_RASO-Curitiba-942-9628-1323737-0,-1.0,-25.406718,-49.252841,,False,5,1,2023-06-16T20:29:39.522568+00:00
CUR_GD341,Curitiba,4106902,0,URBS,203,https://moovitapp.com/index/pt-br/transporte_p%C3%BAblico-line-203_SANTA_C%C3%82NDIDA_CAP%C3%83O_RASO-Curitiba-942-9628-1323737-0,-1.0,-25.479081,-49.292155,,False,5,1,2023-06-16T20:30:39.522568+00:00
CUR_BE722,Curitiba,4106902,0,URBS,203,https://moovitapp.com/index/pt-br/transporte_p%C3%BAblico-line-203_SANTA_C%C3%82NDIDA_CAP%C3%83O_RASO-Curitiba-942-9628-1323737-0,-1.0,-25.475911,-49.292856,,False,5,2,2023-06-16T20:30:39.522568+00:00
CUR_GE733,Curitiba,4106902,0,URBS,203,https://moovitapp.com/index/pt-br/transporte_p%C3%BAblico-line-203_SANTA_C%C3%82NDIDA_CAP%C3%83O_RASO-Curitiba-942-9628-1323737-0,-1.0,-25.40647,-49.252756,,False,5,2,2023-06-16T20:30:39.522568+00:00
CUR_GE703,Curitiba,4106902,0,URBS,550,https://moovitapp.com/index/pt-br/transporte_p%C3%BAblico-line-550_LIGEIR%C3%83O_PINHEIRINHO_CARLOS_GOMES-Curitiba-942-9628-1254061-0,-1.0,-25.487845,-49.26894,,False,5,2,2023-06-16T20:30:39.522568+00:00
CUR_GD342,Curitiba,4106902,0,URBS,203,https://moovitapp.com/index/pt-br/transporte_p%C3%BAblico-line-203_SANTA_C%C3%82NDIDA_CAP%C3%83O_RASO-Curitiba-942-9628-1323737-0,-1.0,-25.439776,-49.272193,,False,5,2,2023-06-16T20:30:39.522568+00:00
CUR_BE712,Curitiba,4106902,0,URBS,203,https://moovitapp.com/index/pt-br/transporte_p%C3%BAblico-line-203_SANTA_C%C3%82NDIDA_CAP%C3%83O_RASO-Curitiba-942-9628-1323737-0,-1.0,-25.49169,-49.2935,,False,5,2,2023-06-16T20:29:39.522568+00:00
CUR_BE716,Curitiba,4106902,0,URBS,203,https://moovitapp.com/index/pt-br/transporte_p%C3%BAblico-line-203_SANTA_C%C3%82NDIDA_CAP%C3%83O_RASO-Curitiba-942-9628-1323737-0,-1.0,-25.404436,-49.250615,,False,5,1,2023-06-16T20:29:39.522568+00:00
CUR_BE710,Curitiba,4106902,0,URBS,203,https://moovitapp.com/index/pt-br/transporte_p%C3%BAblico-line-203_SANTA_C%C3%82NDIDA_CAP%C3%83O_RASO-Curitiba-942-9628-1323737-0,-1.0,-25.434155,-49.265788,,False,5,1,2023-06-16T20:30:39.522568+00:00
CUR_GD344,Curitiba,4106902,0,URBS,203,https://moovitapp.com/index/pt-br/transporte_p%C3%BAblico-line-203_SANTA_C%C3%82NDIDA_CAP%C3%83O_RASO-Curitiba-942-9628-1323737-0,-1.0,-25.389556,-49.236956,,False,5,2,2023-06-16T20:30:39.522568+00:00
CUR_BE726,Curitiba,4106902,0,URBS,203,https://moovitapp.com/index/pt-br/transporte_p%C3%BAblico-line-203_SANTA_C%C3%82NDIDA_CAP%C3%83O_RASO-Curitiba-942-9628-1323737-0,-1.0,-25.463656,-49.290836,,False,5,1,2023-06-16T20:28:39.522568+00:00
CUR_HL498,Curitiba,4106902,1,URBS,700,https://moovitapp.com/index/pt-br/transporte_p%C3%BAblico-line-700_PINHEIRINHO_CABRAL-Curitiba-942-9628-757429-0,-1.0,-25.480031,-49.291635,,False,3,1,2023-06-16T20:30:39.522568+00:00
CUR_BL306,Curitiba,4106902,0,URBS,700,https://moovitapp.com/index/pt-br/transporte_p%C3%BAblico-line-700_PINHEIRINHO_CABRAL-Curitiba-942-9628-757429-0,-1.0,-25.482225,-49.295251,,False,3,2,2023-06-16T20:29:39.522568+00:00
CUR_BL310,Curitiba,4106902,0,URBS,700,https://moovitapp.com/index/pt-br/transporte_p%C3%BAblico-line-700_PINHEIRINHO_CABRAL-Curitiba-942-9628-757429-0,-1.0,-25.439733,-49.262951,,False,3,2,2023-06-16T20:30:39.522568+00:00
CUR_HL495,Curitiba,4106902,1,URBS,700,https://moovitapp.com/index/pt-br/transporte_p%C3%BAblico-line-700_PINHEIRINHO_CABRAL-Curitiba-942-9628-757429-0,-1.0,-25.454185,-49.289595,,False,3,2,2023-06-16T20:29:39.522568+00:00
CUR_BL309,Curitiba,4106902,0,URBS,700,https://moovitapp.com/index/pt-br/transporte_p%C3%BAblico-line-700_PINHEIRINHO_CABRAL-Curitiba-942-9628-757429-0,-1.0,-25.407905,-49.253985,,False,3,1,2023-06-16T20:30:39.522568+00:00
CUR_BL314,Curitiba,4106902,0,URBS,700,https://moovitapp.com/index/pt-br/transporte_p%C3%BAblico-line-700_PINHEIRINHO_CABRAL-Curitiba-942-9628-757429-0,-1.0,-25.443391,-49.267835,,False,3,1,2023-06-16T20:23:39.522568+00:00
CUR_HL493,Curitiba,4106902,1,URBS,700,https://moovitapp.com/index/pt-br/transporte_p%C3%BAblico-line-700_PINHEIRINHO_CABRAL-Curitiba-942-9628-757429-0,-1.0,-25.451853,-49.290081,,False,3,2,2023-06-16T20:29:39.522568+00:00
CUR_BL316,Curitiba,4106902,0,URBS,700,https://moovitapp.com/index/pt-br/transporte_p%C3%BAblico-line-700_PINHEIRINHO_CABRAL-Curitiba-942-9628-757429-0,-1.0,-25.430278,-49.263591,,False,3,2,2023-06-16T20:30:39.522568+00:00
CUR_BL331,Curitiba,4106902,0,URBS,700,https://moovitapp.com/index/pt-br/transporte_p%C3%BAblico-line-700_PINHEIRINHO_CABRAL-Curitiba-942-9628-757429-0,-1.0,-25.476101,-49.293008,,False,3,2,2023-06-16T20:29:39.522568+00:00
CUR_HL324,Curitiba,4106902,0,URBS,700,https://moovitapp.com/index/pt-br/transporte_p%C3%BAblico-line-700_PINHEIRINHO_CABRAL-Curitiba-942-9628-757429-0,-1.0,-25.451648,-49.284665,,False,3,1,2023-06-16T20:30:39.522568+00:00
CUR_BL338,Curitiba,4106902,0,URBS,700,https://moovitapp.com/index/pt-br/transporte_p%C3%BAblico-line-700_PINHEIRINHO_CABRAL-Curitiba-942-9628-757429-0,-1.0,-25.421778,-49.269531,,False,3,2,2023-06-16T20:29:39.522568+00:00
CUR_BA015,Curitiba,4106902,1,,827,,,-25.435316,-49.370555,,False,1,1,2023-06-16T20:31:39.522568+00:00
CUR_GL326,Curitiba,4106902,0,URBS,508,https://moovitapp.com/index/pt-br/transporte_p%C3%BAblico-line-508_S%C3%8DTIO_CERCADO_ANTI_HOR%C3%81RIO-Curitiba-942-9628-294520-0,-1.0,-25.521073,-49.237605,,False,3,,2023-06-16T20:30:39.522568+00:00
CUR_HL307,Curitiba,4106902,0,URBS,508,https://moovitapp.com/index/pt-br/transporte_p%C3%BAblico-line-508_S%C3%8DTIO_CERCADO_ANTI_HOR%C3%81RIO-Curitiba-942-9628-294520-0,-1.0,-25.494118,-49.295415,,False,3,,2023-06-16T20:22:39.522568+00:00
CUR_GL316,Curitiba,4106902,0,URBS,508,https://moovitapp.com/index/pt-br/transporte_p%C3%BAblico-line-508_S%C3%8DTIO_CERCADO_ANTI_HOR%C3%81RIO-Curitiba-942-9628-294520-0,-1.0,-25.475543,-49.295716,,False,3,,2023-06-16T20:31:39.522568+00:00
CUR_GL329,Curitiba,4106902,1,URBS,508,https://moovitapp.com/index/pt-br/transporte_p%C3%BAblico-line-508_S%C3%8DTIO_CERCADO_ANTI_HOR%C3%81RIO-Curitiba-942-9628-294520-0,-1.0,-25.448136,-49.284925,,False,3,,2023-06-16T20:30:39.522568+00:00
CUR_GL330,Curitiba,4106902,1,URBS,508,https://moovitapp.com/index/pt-br/transporte_p%C3%BAblico-line-508_S%C3%8DTIO_CERCADO_ANTI_HOR%C3%81RIO-Curitiba-942-9628-294520-0,-1.0,-25.435,-49.262768,,False,3,,2023-06-16T20:30:39.522568+00:00
CUR_GL328,Curitiba,4106902,1,URBS,508,https://moovitapp.com/index/pt-br/transporte_p%C3%BAblico-line-508_S%C3%8DTIO_CERCADO_ANTI_HOR%C3%81RIO-Curitiba-942-9628-294520-0,-1.0,-25.449475,-49.257546,,False,3,,2023-06-16T20:31:39.522568+00:00
CUR_GL319,Curitiba,4106902,0,URBS,508,https://moovitapp.com/index/pt-br/transporte_p%C3%BAblico-line-508_S%C3%8DTIO_CERCADO_ANTI_HOR%C3%81RIO-Curitiba-942-9628-294520-0,-1.0,-25.533675,-49.286683,,False,3,,2023-06-16T20:30:39.522568+00:00
CUR_GL320,Curitiba,4106902,0,URBS,508,https://moovitapp.com/index/pt-br/transporte_p%C3%BAblico-line-508_S%C3%8DTIO_CERCADO_ANTI_HOR%C3%81RIO-Curitiba-942-9628-294520-0,-1.0,-25.457355,-49.254868,,False,3,,2023-06-16T20:30:39.522568+00:00
CUR_EL308,Curitiba,4106902,0,URBS,508,https://moovitapp.com/index/pt-br/transporte_p%C3%BAblico-line-508_S%C3%8DTIO_CERCADO_ANTI_HOR%C3%81RIO-Curitiba-942-9628-294520-0,-1.0,-25.473191,-49.295551,,False,3,,2023-06-16T20:30:39.522568+00:00
CUR_GL307,Curitiba,4106902,0,URBS,508,https://moovitapp.com/index/pt-br/transporte_p%C3%BAblico-line-508_S%C3%8DTIO_CERCADO_ANTI_HOR%C3%81RIO-Curitiba-942-9628-294520-0,-1.0,-25.448316,-49.28547,,False,3,,2023-06-16T20:30:39.522568+00:00
CUR_GL315,Curitiba,4106902,0,URBS,508,https://moovitapp.com/index/pt-br/transporte_p%C3%BAblico-line-508_S%C3%8DTIO_CERCADO_ANTI_HOR%C3%81RIO-Curitiba-942-9628-294520-0,-1.0,-25.501211,-49.2378,,False,3,,2023-06-16T20:30:39.522568+00:00
CUR_GL321,Curitiba,4106902,0,URBS,508,https://moovitapp.com/index/pt-br/transporte_p%C3%BAblico-line-508_S%C3%8DTIO_CERCADO_ANTI_HOR%C3%81RIO-Curitiba-942-9628-294520-0,-1.0,-25.43546,-49.26417,,False,3,,2023-06-16T20:29:39.522568+00:00
CUR_HA025,Curitiba,4106902,1,,659,,,-25.545521,-49.303713,,False,1,2,2023-06-16T20:29:39.522568+00:00
CUR_HA013,Curitiba,4106902,1,,659,,,-25.556835,-49.306025,,False,1,1,2023-06-16T20:29:39.522568+00:00
CUR_HA020,Curitiba,4106902,1,,659,,,-25.616001,-49.3443,,False,1,2,2023-06-16T20:27:39.522568+00:00
CUR_BA019,Curitiba,4106902,1,,817,,,-25.409838,-49.340496,,False,1,2,2023-06-16T20:28:39.522568+00:00
CUR_MI001,Curitiba,4106902,1,,817,,,-25.408845,-49.322686,,False,1,1,2023-06-16T20:30:39.522568+00:00
CUR_BA012,Curitiba,4106902,1,,817,,,-25.426991,-49.325895,,False,1,1,2023-06-16T20:27:39.522568+00:00
CUR_MA012,Curitiba,4106902,1,,917,,,-25.381515,-49.334345,,False,1,1,2023-06-16T20:30:39.522568+00:00
CUR_MC307,Curitiba,4106902,1,,917,,,-25.393115,-49.335328,,False,3,2,2023-06-16T20:30:39.522568+00:00
CUR_BI020,Curitiba,4106902,1,,226,,,-25.393271,-49.240941,,False,1,1,2023-06-16T20:29:39.522568+00:00
CUR_BA030,Curitiba,4106902,1,,226,,,-25.373263,-49.244405,,False,1,1,2023-06-16T20:31:39.522568+00:00
CUR_BA001,Curitiba,4106902,1,,226,,,-25.39372,-49.240995,,False,1,2,2023-06-16T20:28:39.522568+00:00
CUR_HL496,Curitiba,4106902,1,URBS,607,https://moovitapp.com/index/pt-br/transporte_p%C3%BAblico-line-607_COLOMBO_CIC-Curitiba-942-9628-294348-0,-1.0,-25.492578,-49.295435,,False,3,2,2023-06-16T20:29:39.522568+00:00
CUR_HL331,Curitiba,4106902,1,URBS,607,https://moovitapp.com/index/pt-br/transporte_p%C3%BAblico-line-607_COLOMBO_CIC-Curitiba-942-9628-294348-0,-1.0,-25.393455,-49.229915,,False,3,1,2023-06-16T20:28:39.522568+00:00
CUR_HL325,Curitiba,4106902,0,URBS,607,https://moovitapp.com/index/pt-br/transporte_p%C3%BAblico-line-607_COLOMBO_CIC-Curitiba-942-9628-294348-0,-1.0,-25.497666,-49.304936,,False,3,1,2023-06-16T20:29:39.522568+00:00
CUR_HL318,Curitiba,4106902,0,URBS,607,https://moovitapp.com/index/pt-br/transporte_p%C3%BAblico-line-607_COLOMBO_CIC-Curitiba-942-9628-294348-0,-1.0,-25.418903,-49.267366,,False,3,2,2023-06-16T20:28:39.522568+00:00
CUR_HL329,Curitiba,4106902,1,URBS,607,https://moovitapp.com/index/pt-br/transporte_p%C3%BAblico-line-607_COLOMBO_CIC-Curitiba-942-9628-294348-0,-1.0,-25.440253,-49.271795,,False,3,2,2023-06-16T20:28:39.522568+00:00
CUR_HL301,Curitiba,4106902,0,URBS,607,https://moovitapp.com/index/pt-br/transporte_p%C3%BAblico-line-607_COLOMBO_CIC-Curitiba-942-9628-294348-0,-1.0,-25.440526,-49.271683,,False,3,2,2023-06-16T20:27:39.522568+00:00
CUR_HL302,Curitiba,4106902,0,URBS,607,https://moovitapp.com/index/pt-br/transporte_p%C3%BAblico-line-607_COLOMBO_CIC-Curitiba-942-9628-294348-0,-1.0,-25.49445,-49.298158,,False,3,2,2023-06-16T20:27:39.522568+00:00
CUR_HL310,Curitiba,4106902,0,URBS,607,https://moovitapp.com/index/pt-br/transporte_p%C3%BAblico-line-607_COLOMBO_CIC-Curitiba-942-9628-294348-0,-1.0,-25.419201,-49.264041,,False,3,2,2023-06-16T20:28:39.522568+00:00
CUR_HL328,Curitiba,4106902,0,URBS,607,https://moovitapp.com/index/pt-br/transporte_p%C3%BAblico-line-607_COLOMBO_CIC-Curitiba-942-9628-294348-0,-1.0,-25.406281,-49.252841,,False,3,1,2023-06-16T20:30:39.522568+00:00
CUR_HL321,Curitiba,4106902,0,URBS,607,https://moovitapp.com/index/pt-br/transporte_p%C3%BAblico-line-607_COLOMBO_CIC-Curitiba-942-9628-294348-0,-1.0,-25.482231,-49.295633,,False,3,1,2023-06-16T20:30:39.522568+00:00
CUR_JC305,Curitiba,4106902,1,,703,,,-25.45347,-49.293913,,False,3,1,2023-06-16T20:30:39.522568+00:00
CUR_JI603,Curitiba,4106902,1,,703,,,-25.464375,-49.309561,,False,4,1,2023-06-16T20:30:39.522568+00:00
CUR_JC310,Curitiba,4106902,1,,703,,,-25.483543,-49.348306,,False,3,1,2023-06-16T20:30:39.522568+00:00
CUR_JC308,Curitiba,4106902,1,,703,,,-25.475691,-49.318823,,False,3,2,2023-06-16T20:30:39.522568+00:00
CUR_JC600,Curitiba,4106902,1,,703,,,-25.453065,-49.293046,,False,4,1,2023-06-16T20:30:39.522568+00:00
CUR_JI601,Curitiba,4106902,1,,703,,,-25.459995,-49.302425,,False,4,1,2023-06-16T20:30:39.522568+00:00
CUR_JC317,Curitiba,4106902,1,,703,,,-25.477103,-49.32394,,False,3,1,2023-06-16T20:31:39.522568+00:00
CUR_JI300,Curitiba,4106902,0,,703,,,-25.478053,-49.331425,,False,3,2,2023-06-16T20:30:39.522568+00:00
CUR_JI301,Curitiba,4106902,1,,703,,,-25.46252,-49.305406,,False,3,2,2023-06-16T20:31:39.522568+00:00
CUR_JC300,Curitiba,4106902,1,,703,,,-25.439565,-49.27328,,False,3,2,2023-06-16T20:30:39.522568+00:00
CUR_BB602,Curitiba,4106902,1,,030,,,-25.494511,-49.295376,,False,4,1,2023-06-16T20:27:39.522568+00:00
CUR_GB606,Curitiba,4106902,1,,030,,,-25.450743,-49.208398,,False,4,2,2023-06-16T20:30:39.522568+00:00
CUR_BB608,Curitiba,4106902,1,,030,,,-25.513201,-49.263408,,False,4,1,2023-06-16T20:28:39.522568+00:00
CUR_CB601,Curitiba,4106902,1,,030,,,-25.498948,-49.237446,,False,4,2,2023-06-16T20:30:39.522568+00:00
CUR_GB604,Curitiba,4106902,1,,030,,,-25.412693,-49.204965,,False,4,1,2023-06-16T20:31:39.522568+00:00
CUR_KB608,Curitiba,4106902,1,,030,,,-25.379883,-49.21944,,False,4,1,2023-06-16T20:31:39.522568+00:00
CUR_BB611,Curitiba,4106902,1,,030,,,-25.431046,-49.20485,,False,4,2,2023-06-16T20:29:39.522568+00:00
CUR_EA600,Curitiba,4106902,1,,030,,,-25.474823,-49.218243,,False,4,1,2023-06-16T20:28:39.522568+00:00
CUR_KB605,Curitiba,4106902,1,,030,,,-25.444048,-49.20797,,False,4,2,2023-06-16T20:30:39.522568+00:00
CUR_EB604,Curitiba,4106902,1,,030,,,-25.386278,-49.212395,,False,4,2,2023-06-16T20:30:39.522568+00:00
CUR_GR124,Curitiba,4106902,1,,030,,,-25.512773,-49.261781,,False,4,1,2023-06-16T20:30:39.522568+00:00
CUR_GB603,Curitiba,4106902,1,,030,,,-25.49302,-49.233448,,False,4,1,2023-06-16T20:30:39.522568+00:00
CUR_BB601,Curitiba,4106902,1,,030,,,-25.444555,-49.206398,,False,4,1,2023-06-16T20:28:39.522568+00:00
CUR_BB615,Curitiba,4106902,1,,030,,,-25.396135,-49.208815,,False,4,1,2023-06-16T20:28:39.522568+00:00
CUR_KB606,Curitiba,4106902,1,,030,,,-25.512026,-49.25912,,False,4,1,2023-06-16T20:30:39.522568+00:00
CUR_BB604,Curitiba,4106902,1,,030,,,-25.488423,-49.225403,,False,4,2,2023-06-16T20:30:39.522568+00:00
CUR_GI859,Curitiba,4106902,1,,662,,,-25.43539,-49.27163,,False,7,2,2023-06-16T20:30:39.522568+00:00
CUR_GI857,Curitiba,4106902,1,,662,,,-25.48051,-49.280938,,False,7,1,2023-06-16T20:30:39.522568+00:00
CUR_HA609,Curitiba,4106902,1,,650,,,-25.554843,-49.306076,,False,4,1,2023-06-16T20:31:39.522568+00:00
CUR_HA604,Curitiba,4106902,1,,650,,,-25.551593,-49.305326,,False,4,2,2023-06-16T20:30:39.522568+00:00
CUR_HI016,Curitiba,4106902,1,,650,,,-25.576395,-49.331393,,False,1,1,2023-06-16T20:28:39.522568+00:00
CUR_HI007,Curitiba,4106902,1,,650,,,-25.525898,-49.296895,,False,1,1,2023-06-16T20:30:39.522568+00:00
CUR_HA610,Curitiba,4106902,1,,650,,,-25.521693,-49.295595,,False,4,2,2023-06-16T20:30:39.522568+00:00
CUR_HA611,Curitiba,4106902,1,,650,,,-25.573535,-49.332396,,False,4,1,2023-06-16T20:28:39.522568+00:00
CUR_GI051,Curitiba,4106902,1,,542,,,-25.536261,-49.272966,,False,1,,2023-06-16T20:30:39.522568+00:00
CUR_GI032,Curitiba,4106902,1,,542,,,-25.544216,-49.266635,,False,1,,2023-06-16T20:31:39.522568+00:00
CUR_GI020,Curitiba,4106902,1,,542,,,-25.534496,-49.268221,,False,1,,2023-06-16T20:31:39.522568+00:00
CUR_GC003,Curitiba,4106902,1,,542,,,-25.541926,-49.271195,,False,1,,2023-06-16T20:30:39.522568+00:00
CUR_GI042,Curitiba,4106902,1,,542,,,-25.540593,-49.271081,,False,1,,2023-06-16T20:30:39.522568+00:00
CUR_HA008,Curitiba,4106902,1,,773,,,-25.51666,-49.336905,,False,1,1,2023-06-16T20:24:39.522568+00:00
CUR_HR413,Curitiba,4106902,1,,773,,,-25.564773,-49.339265,,False,4,2,2023-06-16T20:29:39.522568+00:00
CUR_BI030,Curitiba,4106902,1,,812,,,-25.412943,-49.358145,,False,1,2,2023-06-16T20:30:39.522568+00:00
CUR_BA017,Curitiba,4106902,1,,812,,,-25.43049,-49.317498,,False,1,2,2023-06-16T20:28:39.522568+00:00
CUR_BA018,Curitiba,4106902,1,,812,,,-25.421591,-49.334433,,False,1,1,2023-06-16T20:30:39.522568+00:00
CUR_HI048,Curitiba,4106902,1,,622,,,-25.495326,-49.324548,,False,1,2,2023-06-16T20:29:39.522568+00:00
CUR_KE708,Curitiba,4106902,0,URBS,502,https://moovitapp.com/index/pt-br/transporte_p%C3%BAblico-line-502_CIRCULAR_SUL_HOR%C3%81RIO-Curitiba-942-9628-294482-0,-1.0,-25.474498,-49.250763,,False,5,,2023-06-16T20:30:39.522568+00:00
CUR_KE706,Curitiba,4106902,0,URBS,502,https://moovitapp.com/index/pt-br/transporte_p%C3%BAblico-line-502_CIRCULAR_SUL_HOR%C3%81RIO-Curitiba-942-9628-294482-0,-1.0,-25.468998,-49.254888,,False,5,,2023-06-16T20:30:39.522568+00:00
CUR_HE605,Curitiba,4106902,0,URBS,502,https://moovitapp.com/index/pt-br/transporte_p%C3%BAblico-line-502_CIRCULAR_SUL_HOR%C3%81RIO-Curitiba-942-9628-294482-0,-1.0,-25.530431,-49.2525,,False,4,,2023-06-16T20:28:39.522568+00:00
CUR_GE612,Curitiba,4106902,0,URBS,502,https://moovitapp.com/index/pt-br/transporte_p%C3%BAblico-line-502_CIRCULAR_SUL_HOR%C3%81RIO-Curitiba-942-9628-294482-0,-1.0,-25.498315,-49.295868,,False,4,,2023-06-16T20:30:39.522568+00:00
CUR_HE609,Curitiba,4106902,0,URBS,502,https://moovitapp.com/index/pt-br/transporte_p%C3%BAblico-line-502_CIRCULAR_SUL_HOR%C3%81RIO-Curitiba-942-9628-294482-0,-1.0,-25.500603,-49.296016,,False,4,,2023-06-16T20:30:39.522568+00:00
CUR_GE603,Curitiba,4106902,0,URBS,502,https://moovitapp.com/index/pt-br/transporte_p%C3%BAblico-line-502_CIRCULAR_SUL_HOR%C3%81RIO-Curitiba-942-9628-294482-0,-1.0,-25.525336,-49.231193,,False,4,,2023-06-16T20:30:39.522568+00:00
CUR_HE614,Curitiba,4106902,0,URBS,502,https://moovitapp.com/index/pt-br/transporte_p%C3%BAblico-line-502_CIRCULAR_SUL_HOR%C3%81RIO-Curitiba-942-9628-294482-0,-1.0,-25.477705,-49.287755,,False,4,,2023-06-16T20:27:39.522568+00:00
CUR_HE603,Curitiba,4106902,0,URBS,502,https://moovitapp.com/index/pt-br/transporte_p%C3%BAblico-line-502_CIRCULAR_SUL_HOR%C3%81RIO-Curitiba-942-9628-294482-0,-1.0,-25.475245,-49.292333,,False,4,,2023-06-16T20:27:39.522568+00:00
CUR_GE610,Curitiba,4106902,0,URBS,502,https://moovitapp.com/index/pt-br/transporte_p%C3%BAblico-line-502_CIRCULAR_SUL_HOR%C3%81RIO-Curitiba-942-9628-294482-0,-1.0,-25.477253,-49.292276,,False,4,,2023-06-16T20:30:39.522568+00:00
CUR_GE602,Curitiba,4106902,0,URBS,502,https://moovitapp.com/index/pt-br/transporte_p%C3%BAblico-line-502_CIRCULAR_SUL_HOR%C3%81RIO-Curitiba-942-9628-294482-0,-1.0,-25.53129,-49.28701,,False,4,,2023-06-16T20:30:39.522568+00:00
CUR_GE605,Curitiba,4106902,0,URBS,502,https://moovitapp.com/index/pt-br/transporte_p%C3%BAblico-line-502_CIRCULAR_SUL_HOR%C3%81RIO-Curitiba-942-9628-294482-0,-1.0,-25.534463,-49.268868,,False,4,,2023-06-16T20:30:39.522568+00:00
CUR_KE701,Curitiba,4106902,0,URBS,502,https://moovitapp.com/index/pt-br/transporte_p%C3%BAblico-line-502_CIRCULAR_SUL_HOR%C3%81RIO-Curitiba-942-9628-294482-0,-1.0,-25.507456,-49.234653,,False,5,,2023-06-16T20:31:39.522568+00:00
CUR_EI014,Curitiba,4106902,1,,533,,,-25.522133,-49.240141,,False,1,,2023-06-16T20:30:39.522568+00:00
CUR_KE700,Curitiba,4106902,0,URBS,503,https://moovitapp.com/index/pt-br/transporte_p%C3%BAblico-line-503_BOQUEIR%C3%83O-Curitiba-942-9628-294244-0,-1.0,-25.472675,-49.251635,,False,5,2,2023-06-16T20:30:39.522568+00:00
CUR_KE702,Curitiba,4106902,0,URBS,503,https://moovitapp.com/index/pt-br/transporte_p%C3%BAblico-line-503_BOQUEIR%C3%83O-Curitiba-942-9628-294244-0,-1.0,-25.451276,-49.262171,,False,5,2,2023-06-16T20:30:39.522568+00:00
CUR_KE704,Curitiba,4106902,0,URBS,503,https://moovitapp.com/index/pt-br/transporte_p%C3%BAblico-line-503_BOQUEIR%C3%83O-Curitiba-942-9628-294244-0,-1.0,-25.450158,-49.262553,,False,5,2,2023-06-16T20:30:39.522568+00:00
CUR_GE614,Curitiba,4106902,0,URBS,503,https://moovitapp.com/index/pt-br/transporte_p%C3%BAblico-line-503_BOQUEIR%C3%83O-Curitiba-942-9628-294244-0,-1.0,-25.441491,-49.266811,,False,4,1,2023-06-16T20:30:39.522568+00:00
CUR_KE707,Curitiba,4106902,0,URBS,503,https://moovitapp.com/index/pt-br/transporte_p%C3%BAblico-line-503_BOQUEIR%C3%83O-Curitiba-942-9628-294244-0,-1.0,-25.496098,-49.240115,,False,5,1,2023-06-16T20:31:39.522568+00:00
CUR_GR032,Curitiba,4106902,0,URBS,503,https://moovitapp.com/index/pt-br/transporte_p%C3%BAblico-line-503_BOQUEIR%C3%83O-Curitiba-942-9628-294244-0,-1.0,-25.43795,-49.268676,,False,4,2,2023-06-16T20:30:39.522568+00:00
CUR_KE703,Curitiba,4106902,0,URBS,503,https://moovitapp.com/index/pt-br/transporte_p%C3%BAblico-line-503_BOQUEIR%C3%83O-Curitiba-942-9628-294244-0,-1.0,-25.466193,-49.254693,,False,5,1,2023-06-16T20:31:39.522568+00:00
CUR_GR035,Curitiba,4106902,0,URBS,503,https://moovitapp.com/index/pt-br/transporte_p%C3%BAblico-line-503_BOQUEIR%C3%83O-Curitiba-942-9628-294244-0,-1.0,-25.490053,-49.243215,,False,4,2,2023-06-16T20:30:39.522568+00:00
CUR_BI873,Curitiba,4106902,1,,184,,,-25.428716,-49.270471,,False,7,1,2023-06-16T20:31:39.522568+00:00
CUR_BI889,Curitiba,4106902,1,,184,,,-25.37636,-49.273845,,False,7,2,2023-06-16T20:28:39.522568+00:00
CUR_GI056,Curitiba,4106902,1,,683,,,-25.55059,-49.26963,,False,1,1,2023-06-16T20:30:39.522568+00:00
CUR_EL310,Curitiba,4106902,0,URBS,506,https://moovitapp.com/index/pt-br/transporte_p%C3%BAblico-line-506_BAIRRO_NOVO-Curitiba-942-9628-294299-0,-1.0,-25.512886,-49.279848,,False,3,2,2023-06-16T20:30:39.522568+00:00
CUR_GL302,Curitiba,4106902,0,URBS,506,https://moovitapp.com/index/pt-br/transporte_p%C3%BAblico-line-506_BAIRRO_NOVO-Curitiba-942-9628-294299-0,-1.0,-25.455523,-49.26759,,False,3,2,2023-06-16T20:30:39.522568+00:00
CUR_EL318,Curitiba,4106902,1,URBS,506,https://moovitapp.com/index/pt-br/transporte_p%C3%BAblico-line-506_BAIRRO_NOVO-Curitiba-942-9628-294299-0,-1.0,-25.450866,-49.264435,,False,3,2,2023-06-16T20:30:39.522568+00:00
CUR_EL328,Curitiba,4106902,1,URBS,506,https://moovitapp.com/index/pt-br/transporte_p%C3%BAblico-line-506_BAIRRO_NOVO-Curitiba-942-9628-294299-0,-1.0,-25.451283,-49.266501,,False,3,1,2023-06-16T20:30:39.522568+00:00
CUR_EL312,Curitiba,4106902,0,URBS,506,https://moovitapp.com/index/pt-br/transporte_p%C3%BAblico-line-506_BAIRRO_NOVO-Curitiba-942-9628-294299-0,-1.0,-25.540173,-49.271258,,False,3,2,2023-06-16T20:30:39.522568+00:00
CUR_GL308,Curitiba,4106902,0,URBS,506,https://moovitapp.com/index/pt-br/transporte_p%C3%BAblico-line-506_BAIRRO_NOVO-Curitiba-942-9628-294299-0,-1.0,-25.534618,-49.26812,,False,3,1,2023-06-16T20:30:39.522568+00:00
CUR_GL327,Curitiba,4106902,1,URBS,506,https://moovitapp.com/index/pt-br/transporte_p%C3%BAblico-line-506_BAIRRO_NOVO-Curitiba-942-9628-294299-0,-1.0,-25.484206,-49.26605,,False,3,1,2023-06-16T20:28:39.522568+00:00
CUR_EL317,Curitiba,4106902,0,URBS,506,https://moovitapp.com/index/pt-br/transporte_p%C3%BAblico-line-506_BAIRRO_NOVO-Curitiba-942-9628-294299-0,-1.0,-25.506206,-49.28313,,False,3,2,2023-06-16T20:30:39.522568+00:00
CUR_GL323,Curitiba,4106902,0,URBS,506,https://moovitapp.com/index/pt-br/transporte_p%C3%BAblico-line-506_BAIRRO_NOVO-Curitiba-942-9628-294299-0,-1.0,-25.546921,-49.261631,,False,3,1,2023-06-16T20:30:39.522568+00:00
CUR_GL322,Curitiba,4106902,0,URBS,506,https://moovitapp.com/index/pt-br/transporte_p%C3%BAblico-line-506_BAIRRO_NOVO-Curitiba-942-9628-294299-0,-1.0,-25.526608,-49.267523,,False,3,2,2023-06-16T20:29:39.522568+00:00
CUR_EL302,Curitiba,4106902,0,URBS,506,https://moovitapp.com/index/pt-br/transporte_p%C3%BAblico-line-506_BAIRRO_NOVO-Curitiba-942-9628-294299-0,-1.0,-25.523933,-49.26963,,False,3,2,2023-06-16T20:29:39.522568+00:00
CUR_GL317,Curitiba,4106902,0,URBS,506,https://moovitapp.com/index/pt-br/transporte_p%C3%BAblico-line-506_BAIRRO_NOVO-Curitiba-942-9628-294299-0,-1.0,-25.499045,-49.278123,,False,3,2,2023-06-16T20:30:39.522568+00:00
CUR_EL304,Curitiba,4106902,0,URBS,506,https://moovitapp.com/index/pt-br/transporte_p%C3%BAblico-line-506_BAIRRO_NOVO-Curitiba-942-9628-294299-0,-1.0,-25.551721,-49.253268,,False,3,1,2023-06-16T20:29:39.522568+00:00
CUR_EL307,Curitiba,4106902,0,URBS,506,https://moovitapp.com/index/pt-br/transporte_p%C3%BAblico-line-506_BAIRRO_NOVO-Curitiba-942-9628-294299-0,-1.0,-25.446431,-49.268776,,False,3,2,2023-06-16T20:25:39.522568+00:00
CUR_GI855,Curitiba,4106902,1,,661,,,-25.474786,-49.267225,,False,7,2,2023-06-16T20:30:39.522568+00:00
CUR_GI854,Curitiba,4106902,1,,661,,,-25.439638,-49.273248,,False,7,2,2023-06-16T20:30:39.522568+00:00
CUR_EI007,Curitiba,4106902,1,,522,,,-25.519788,-49.269085,,False,1,1,2023-06-16T20:30:39.522568+00:00
CUR_EA074,Curitiba,4106902,1,,512,,,-25.493045,-49.260515,,False,1,2,2023-06-16T20:30:39.522568+00:00
CUR_EA198,Curitiba,4106902,1,,512,,,-25.505756,-49.265231,,False,1,1,2023-06-16T20:30:39.522568+00:00
CUR_JA034,Curitiba,4106902,1,,714,,,-25.495356,-49.345138,,False,1,,2023-06-16T20:29:39.522568+00:00
CUR_DC092,Curitiba,4106902,1,,468,,,-25.441858,-49.252421,,False,1,1,2023-06-16T20:30:39.522568+00:00
CUR_DC292,Curitiba,4106902,1,,468,,,-25.438591,-49.27007,,False,1,2,2023-06-16T20:30:39.522568+00:00
CUR_EA211,Curitiba,4106902,1,,468,,,-25.483053,-49.21905,,False,1,2,2023-06-16T20:30:39.522568+00:00
CUR_EA027,Curitiba,4106902,1,,X06,,,-25.534325,-49.268005,,False,1,1,2023-06-16T20:28:39.522568+00:00
CUR_EL331,Curitiba,4106902,1,URBS,505,https://moovitapp.com/index/pt-br/transporte_p%C3%BAblico-line-505_BOQUEIR%C3%83O_CENTRO_C%C3%8DVICO-Curitiba-942-9628-531685-0,-1.0,-25.480025,-49.246698,,False,3,1,2023-06-16T20:30:39.522568+00:00
CUR_BL304,Curitiba,4106902,0,URBS,505,https://moovitapp.com/index/pt-br/transporte_p%C3%BAblico-line-505_BOQUEIR%C3%83O_CENTRO_C%C3%8DVICO-Curitiba-942-9628-531685-0,-1.0,-25.429928,-49.263296,,False,3,1,2023-06-16T20:30:39.522568+00:00
CUR_EL320,Curitiba,4106902,1,URBS,505,https://moovitapp.com/index/pt-br/transporte_p%C3%BAblico-line-505_BOQUEIR%C3%83O_CENTRO_C%C3%8DVICO-Curitiba-942-9628-531685-0,-1.0,-25.453953,-49.258935,,False,3,2,2023-06-16T20:30:39.522568+00:00
CUR_EL321,Curitiba,4106902,1,URBS,505,https://moovitapp.com/index/pt-br/transporte_p%C3%BAblico-line-505_BOQUEIR%C3%83O_CENTRO_C%C3%8DVICO-Curitiba-942-9628-531685-0,-1.0,-25.434048,-49.26485,,False,3,2,2023-06-16T20:31:39.522568+00:00
CUR_EL330,Curitiba,4106902,1,URBS,505,https://moovitapp.com/index/pt-br/transporte_p%C3%BAblico-line-505_BOQUEIR%C3%83O_CENTRO_C%C3%8DVICO-Curitiba-942-9628-531685-0,-1.0,-25.45678,-49.259461,,False,3,1,2023-06-16T20:28:39.522568+00:00
CUR_EL324,Curitiba,4106902,1,URBS,505,https://moovitapp.com/index/pt-br/transporte_p%C3%BAblico-line-505_BOQUEIR%C3%83O_CENTRO_C%C3%8DVICO-Curitiba-942-9628-531685-0,-1.0,-25.514858,-49.23104,,False,3,1,2023-06-16T20:30:39.522568+00:00
CUR_EL333,Curitiba,4106902,1,URBS,505,https://moovitapp.com/index/pt-br/transporte_p%C3%BAblico-line-505_BOQUEIR%C3%83O_CENTRO_C%C3%8DVICO-Curitiba-942-9628-531685-0,-1.0,-25.426936,-49.264723,,False,3,1,2023-06-16T20:30:39.522568+00:00
CUR_BL302,Curitiba,4106902,0,URBS,505,https://moovitapp.com/index/pt-br/transporte_p%C3%BAblico-line-505_BOQUEIR%C3%83O_CENTRO_C%C3%8DVICO-Curitiba-942-9628-531685-0,-1.0,-25.421693,-49.269493,,False,3,2,2023-06-16T20:30:39.522568+00:00
CUR_EL306,Curitiba,4106902,0,URBS,505,https://moovitapp.com/index/pt-br/transporte_p%C3%BAblico-line-505_BOQUEIR%C3%83O_CENTRO_C%C3%8DVICO-Curitiba-942-9628-531685-0,-1.0,-25.501625,-49.23765,,False,3,1,2023-06-16T20:30:39.522568+00:00
CUR_BL337,Curitiba,4106902,0,URBS,505,https://moovitapp.com/index/pt-br/transporte_p%C3%BAblico-line-505_BOQUEIR%C3%83O_CENTRO_C%C3%8DVICO-Curitiba-942-9628-531685-0,-1.0,-25.434628,-49.263001,,False,3,1,2023-06-16T20:31:39.522568+00:00
CUR_EL329,Curitiba,4106902,1,URBS,505,https://moovitapp.com/index/pt-br/transporte_p%C3%BAblico-line-505_BOQUEIR%C3%83O_CENTRO_C%C3%8DVICO-Curitiba-942-9628-531685-0,-1.0,-25.448201,-49.258095,,False,3,2,2023-06-16T20:30:39.522568+00:00
CUR_BL320,Curitiba,4106902,0,URBS,505,https://moovitapp.com/index/pt-br/transporte_p%C3%BAblico-line-505_BOQUEIR%C3%83O_CENTRO_C%C3%8DVICO-Curitiba-942-9628-531685-0,-1.0,-25.515641,-49.230696,,False,3,2,2023-06-16T20:29:39.522568+00:00
CUR_EL309,Curitiba,4106902,0,URBS,505,https://moovitapp.com/index/pt-br/transporte_p%C3%BAblico-line-505_BOQUEIR%C3%83O_CENTRO_C%C3%8DVICO-Curitiba-942-9628-531685-0,-1.0,-25.416953,-49.268416,,False,3,2,2023-06-16T20:30:39.522568+00:00
CUR_BL329,Curitiba,4106902,0,URBS,505,https://moovitapp.com/index/pt-br/transporte_p%C3%BAblico-line-505_BOQUEIR%C3%83O_CENTRO_C%C3%8DVICO-Curitiba-942-9628-531685-0,-1.0,-25.502455,-49.237071,,False,3,2,2023-06-16T20:29:39.522568+00:00
CUR_GI007,Curitiba,4106902,1,,547,,,-25.538856,-49.259203,,False,1,1,2023-06-16T20:30:39.522568+00:00
CUR_GI057,Curitiba,4106902,1,,638,,,-25.540426,-49.294475,,False,1,1,2023-06-16T20:30:39.522568+00:00
CUR_GI014,Curitiba,4106902,1,,638,,,-25.55005,-49.271263,,False,1,1,2023-06-16T20:30:39.522568+00:00
CUR_GI043,Curitiba,4106902,1,,638,,,-25.518308,-49.29567,,False,1,2,2023-06-16T20:30:39.522568+00:00
CUR_JI006,Curitiba,4106902,1,,611,,,-25.47658,-49.292356,,False,1,2,2023-06-16T20:30:39.522568+00:00
CUR_JI014,Curitiba,4106902,1,,611,,,-25.468745,-49.313493,,False,1,2,2023-06-16T20:30:39.522568+00:00
CUR_JI010,Curitiba,4106902,1,,611,,,-25.47411,-49.318248,,False,1,1,2023-06-16T20:30:39.522568+00:00
CUR_DL310,Curitiba,4106902,0,URBS,304,https://moovitapp.com/index/pt-br/transporte_p%C3%BAblico-line-304_PINHAIS_CAMPO_COMPRIDO-Curitiba-942-9628-133282995-0,-1.0,-25.439161,-49.331845,,False,3,1,2023-06-16T20:30:39.522568+00:00
CUR_JL321,Curitiba,4106902,1,URBS,304,https://moovitapp.com/index/pt-br/transporte_p%C3%BAblico-line-304_PINHAIS_CAMPO_COMPRIDO-Curitiba-942-9628-133282995-0,-1.0,-25.428345,-49.26663,,False,3,1,2023-06-16T20:30:39.522568+00:00
CUR_JL324,Curitiba,4106902,1,URBS,304,https://moovitapp.com/index/pt-br/transporte_p%C3%BAblico-line-304_PINHAIS_CAMPO_COMPRIDO-Curitiba-942-9628-133282995-0,-1.0,-25.432705,-49.295445,,False,3,1,2023-06-16T20:31:39.522568+00:00
CUR_DL303,Curitiba,4106902,0,URBS,304,https://moovitapp.com/index/pt-br/transporte_p%C3%BAblico-line-304_PINHAIS_CAMPO_COMPRIDO-Curitiba-942-9628-133282995-0,-1.0,-25.434535,-49.25092,,False,3,1,2023-06-16T20:30:39.522568+00:00
CUR_JL323,Curitiba,4106902,1,URBS,304,https://moovitapp.com/index/pt-br/transporte_p%C3%BAblico-line-304_PINHAIS_CAMPO_COMPRIDO-Curitiba-942-9628-133282995-0,-1.0,-25.428548,-49.267243,,False,3,1,2023-06-16T20:30:39.522568+00:00
CUR_DL307,Curitiba,4106902,0,URBS,304,https://moovitapp.com/index/pt-br/transporte_p%C3%BAblico-line-304_PINHAIS_CAMPO_COMPRIDO-Curitiba-942-9628-133282995-0,-1.0,-25.428478,-49.2711,,False,3,2,2023-06-16T20:31:39.522568+00:00
CUR_HL314,Curitiba,4106902,0,URBS,304,https://moovitapp.com/index/pt-br/transporte_p%C3%BAblico-line-304_PINHAIS_CAMPO_COMPRIDO-Curitiba-942-9628-133282995-0,-1.0,-25.428821,-49.285808,,False,3,1,2023-06-16T20:28:39.522568+00:00
CUR_HL319,Curitiba,4106902,0,URBS,304,https://moovitapp.com/index/pt-br/transporte_p%C3%BAblico-line-304_PINHAIS_CAMPO_COMPRIDO-Curitiba-942-9628-133282995-0,-1.0,-25.42861,-49.285261,,False,3,1,2023-06-16T20:30:39.522568+00:00
CUR_DL315,Curitiba,4106902,0,URBS,304,https://moovitapp.com/index/pt-br/transporte_p%C3%BAblico-line-304_PINHAIS_CAMPO_COMPRIDO-Curitiba-942-9628-133282995-0,-1.0,-25.441878,-49.346773,,False,3,1,2023-06-16T20:29:39.522568+00:00
CUR_JL316,Curitiba,4106902,0,URBS,304,https://moovitapp.com/index/pt-br/transporte_p%C3%BAblico-line-304_PINHAIS_CAMPO_COMPRIDO-Curitiba-942-9628-133282995-0,-1.0,-25.449995,-49.35374,,False,3,2,2023-06-16T20:30:39.522568+00:00
CUR_HL316,Curitiba,4106902,0,URBS,304,https://moovitapp.com/index/pt-br/transporte_p%C3%BAblico-line-304_PINHAIS_CAMPO_COMPRIDO-Curitiba-942-9628-133282995-0,-1.0,-25.436606,-49.318016,,False,3,2,2023-06-16T20:30:39.522568+00:00
CUR_GI012,Curitiba,4106902,1,,649,,,-25.51266,-49.294651,,False,1,2,2023-06-16T20:29:39.522568+00:00
CUR_GI016,Curitiba,4106902,1,,649,,,-25.531191,-49.280815,,False,1,1,2023-06-16T20:30:39.522568+00:00
CUR_GA178,Curitiba,4106902,1,,649,,,-25.533123,-49.278956,,False,1,2,2023-06-16T20:30:39.522568+00:00
CUR_JL322,Curitiba,4106902,1,URBS,702,https://moovitapp.com/index/pt-br/transporte_p%C3%BAblico-line-702_CAIU%C3%81_CACHOEIRA-Curitiba-942-9628-133282980-0,-1.0,-25.42526,-49.268808,,False,3,1,2023-06-16T20:31:39.522568+00:00
CUR_JL300,Curitiba,4106902,0,URBS,702,https://moovitapp.com/index/pt-br/transporte_p%C3%BAblico-line-702_CAIU%C3%81_CACHOEIRA-Curitiba-942-9628-133282980-0,-1.0,-25.453495,-49.294186,,False,3,1,2023-06-16T20:30:39.522568+00:00
CUR_JL320,Curitiba,4106902,1,URBS,702,https://moovitapp.com/index/pt-br/transporte_p%C3%BAblico-line-702_CAIU%C3%81_CACHOEIRA-Curitiba-942-9628-133282980-0,-1.0,-25.477425,-49.338086,,False,3,1,2023-06-16T20:30:39.522568+00:00
CUR_JL303,Curitiba,4106902,0,URBS,702,https://moovitapp.com/index/pt-br/transporte_p%C3%BAblico-line-702_CAIU%C3%81_CACHOEIRA-Curitiba-942-9628-133282980-0,-1.0,-25.45773,-49.303033,,False,3,2,2023-06-16T20:30:39.522568+00:00
CUR_JL319,Curitiba,4106902,0,URBS,702,https://moovitapp.com/index/pt-br/transporte_p%C3%BAblico-line-702_CAIU%C3%81_CACHOEIRA-Curitiba-942-9628-133282980-0,-1.0,-25.375093,-49.263008,,False,3,2,2023-06-16T20:31:39.522568+00:00
CUR_JL311,Curitiba,4106902,0,URBS,702,https://moovitapp.com/index/pt-br/transporte_p%C3%BAblico-line-702_CAIU%C3%81_CACHOEIRA-Curitiba-942-9628-133282980-0,-1.0,-25.444305,-49.274756,,False,3,2,2023-06-16T20:30:39.522568+00:00
CUR_GI048,Curitiba,4106902,1,,640,,,-25.55553,-49.293788,,False,1,1,2023-06-16T20:30:39.522568+00:00
CUR_GI024,Curitiba,4106902,1,,640,,,-25.545865,-49.293806,,False,1,1,2023-06-16T20:30:39.522568+00:00
CUR_GC001,Curitiba,4106902,1,,640,,,-25.512758,-49.2948,,False,1,2,2023-06-16T20:30:39.522568+00:00
CUR_BI898,Curitiba,4106902,1,,169,,,-25.427598,-49.270981,,False,7,1,2023-06-16T20:30:39.522568+00:00
CUR_BI855,Curitiba,4106902,1,,169,,,-25.391726,-49.294441,,False,7,2,2023-06-16T20:27:39.522568+00:00
CUR_BC031,Curitiba,4106902,1,,373,,,-25.429481,-49.213838,,False,1,1,2023-06-16T20:31:39.522568+00:00
CUR_HI020,Curitiba,4106902,1,,617,,,-25.576455,-49.331438,,False,1,2,2023-06-16T20:30:39.522568+00:00
CUR_HI028,Curitiba,4106902,1,,617,,,-25.546593,-49.303681,,False,1,1,2023-06-16T20:26:39.522568+00:00
CUR_HI003,Curitiba,4106902,1,,617,,,-25.529511,-49.299396,,False,1,2,2023-06-16T20:30:39.522568+00:00
CUR_HA006,Curitiba,4106902,1,,617,,,-25.57363,-49.332623,,False,1,1,2023-06-16T20:28:39.522568+00:00
CUR_HI047,Curitiba,4106902,1,,623,,,-25.508536,-49.304538,,False,1,2,2023-06-16T20:29:39.522568+00:00
CUR_HI004,Curitiba,4106902,1,,623,,,-25.492186,-49.293323,,False,1,1,2023-06-16T20:28:39.522568+00:00
CUR_HA026,Curitiba,4106902,1,,623,,,-25.502556,-49.304636,,False,1,2,2023-06-16T20:30:39.522568+00:00
CUR_HA126,Curitiba,4106902,1,,623,,,-25.507741,-49.300991,,False,1,1,2023-06-16T20:30:39.522568+00:00
CUR_HI017,Curitiba,4106902,1,,627,,,-25.496671,-49.296625,,False,1,2,2023-06-16T20:31:39.522568+00:00
CUR_HI006,Curitiba,4106902,1,,627,,,-25.512346,-49.332931,,False,1,1,2023-06-16T20:30:39.522568+00:00
CUR_HC008,Curitiba,4106902,1,,627,,,-25.531616,-49.324235,,False,1,2,2023-06-16T20:29:39.522568+00:00
CUR_MN608,Curitiba,4106902,1,,915,,,-25.38857,-49.343068,,False,7,1,2023-06-16T20:30:39.522568+00:00
CUR_CI007,Curitiba,4106902,1,,222,,,-25.395298,-49.230635,,False,1,2,2023-06-16T20:30:39.522568+00:00
CUR_CI008,Curitiba,4106902,1,,222,,,-25.388051,-49.212163,,False,1,2,2023-06-16T20:30:39.522568+00:00
CUR_CI004,Curitiba,4106902,1,,222,,,-25.38742,-49.219935,,False,1,1,2023-06-16T20:30:39.522568+00:00
CUR_DC088,Curitiba,4106902,1,,462,,,-25.434806,-49.272518,,False,1,1,2023-06-16T20:30:39.522568+00:00
CUR_DC090,Curitiba,4106902,1,,462,,,-25.447865,-49.224943,,False,1,1,2023-06-16T20:30:39.522568+00:00
CUR_EA210,Curitiba,4106902,1,,462,,,-25.443831,-49.244283,,False,1,1,2023-06-16T20:30:39.522568+00:00
CUR_KA603,Curitiba,4106902,1,,545,,,-25.533178,-49.296785,,False,4,2,2023-06-16T20:30:39.522568+00:00
CUR_KA602,Curitiba,4106902,1,,545,,,-25.477216,-49.327436,,False,4,2,2023-06-16T20:30:39.522568+00:00
CUR_JI600,Curitiba,4106902,1,,545,,,-25.524523,-49.246395,,False,4,2,2023-06-16T20:30:39.522568+00:00
CUR_KA601,Curitiba,4106902,1,,545,,,-25.53954,-49.283325,,False,4,1,2023-06-16T20:30:39.522568+00:00
CUR_GA697,Curitiba,4106902,1,,545,,,-25.544005,-49.306356,,False,4,1,2023-06-16T20:31:39.522568+00:00
CUR_GI603,Curitiba,4106902,1,,528,,,-25.5305,-49.295255,,False,4,2,2023-06-16T20:30:39.522568+00:00
CUR_JA699,Curitiba,4106902,1,,545,,,-25.534893,-49.269173,,False,4,1,2023-06-16T20:30:39.522568+00:00
CUR_KA692,Curitiba,4106902,1,,545,,,-25.533038,-49.263571,,False,4,2,2023-06-16T20:30:39.522568+00:00
CUR_GA602,Curitiba,4106902,1,,545,,,-25.494078,-49.334566,,False,4,1,2023-06-16T20:30:39.522568+00:00
CUR_GI008,Curitiba,4106902,1,,665,,,-25.506335,-49.282855,,False,1,1,2023-06-16T20:30:39.522568+00:00
CUR_GI850,Curitiba,4106902,1,,665,,,-25.465748,-49.278986,,False,7,2,2023-06-16T20:31:39.522568+00:00
CUR_BI891,Curitiba,4106902,1,,272,,,-25.368808,-49.250031,,False,7,2,2023-06-16T20:24:39.522568+00:00
CUR_BI885,Curitiba,4106902,1,,272,,,-25.42555,-49.268761,,False,7,2,2023-06-16T20:28:39.522568+00:00
CUR_HI042,Curitiba,4106902,1,,654,,,-25.5002,-49.324805,,False,1,1,2023-06-16T20:31:39.522568+00:00
CUR_HI041,Curitiba,4106902,1,,654,,,-25.492578,-49.301556,,False,1,2,2023-06-16T20:29:39.522568+00:00
CUR_HA132,Curitiba,4106902,1,,654,,,-25.496966,-49.315848,,False,1,1,2023-06-16T20:29:39.522568+00:00
CUR_HA015,Curitiba,4106902,1,,654,,,-25.49831,-49.318081,,False,1,2,2023-06-16T20:29:39.522568+00:00
CUR_HI850,Curitiba,4106902,1,,265,,,-25.445703,-49.28325,,False,7,1,2023-06-16T20:29:39.522568+00:00
CUR_GI044,Curitiba,4106902,1,,552,,,-25.555153,-49.252655,,False,1,1,2023-06-16T20:30:39.522568+00:00
CUR_GI013,Curitiba,4106902,1,,552,,,-25.557096,-49.254656,,False,1,1,2023-06-16T20:30:39.522568+00:00
CUR_GA179,Curitiba,4106902,1,,552,,,-25.53522,-49.271993,,False,1,2,2023-06-16T20:30:39.522568+00:00
CUR_DA291,Curitiba,4106902,1,,334,,,-25.46925,-49.20835,,False,1,,2023-06-16T20:30:39.522568+00:00
CUR_GI046,Curitiba,4106902,1,,624,,,-25.518373,-49.271535,,False,1,1,2023-06-16T20:30:39.522568+00:00
CUR_GI054,Curitiba,4106902,1,,624,,,-25.49445,-49.286825,,False,1,1,2023-06-16T20:30:39.522568+00:00
CUR_DN601,Curitiba,4106902,1,,463,,,-25.435823,-49.263955,,False,7,2,2023-06-16T20:30:39.522568+00:00
CUR_DN607,Curitiba,4106902,1,,463,,,-25.459523,-49.221045,,False,7,2,2023-06-16T20:30:39.522568+00:00
CUR_BC024,Curitiba,4106902,1,,171,,,-25.399056,-49.2877,,False,1,1,2023-06-16T20:30:39.522568+00:00
CUR_HB610,Curitiba,4106902,1,,040,,,-25.487806,-49.319781,,False,4,2,2023-06-16T20:28:39.522568+00:00
CUR_HB600,Curitiba,4106902,1,,040,,,-25.442138,-49.344473,,False,4,1,2023-06-16T20:30:39.522568+00:00
CUR_GB610,Curitiba,4106902,1,,040,,,-25.513823,-49.307686,,False,4,1,2023-06-16T20:30:39.522568+00:00
CUR_GB611,Curitiba,4106902,1,,040,,,-25.478115,-49.331196,,False,4,2,2023-06-16T20:30:39.522568+00:00
CUR_JB609,Curitiba,4106902,1,,040,,,-25.400611,-49.330641,,False,4,1,2023-06-16T20:30:39.522568+00:00
CUR_HB601,Curitiba,4106902,1,,040,,,-25.518905,-49.323156,,False,4,1,2023-06-16T20:30:39.522568+00:00
CUR_JB607,Curitiba,4106902,1,,040,,,-25.438836,-49.346966,,False,4,2,2023-06-16T20:30:39.522568+00:00
CUR_HB605,Curitiba,4106902,1,,040,,,-25.49438,-49.324761,,False,4,1,2023-06-16T20:30:39.522568+00:00
CUR_JB608,Curitiba,4106902,1,,040,,,-25.44801,-49.350061,,False,4,2,2023-06-16T20:30:39.522568+00:00
CUR_MR106,Curitiba,4106902,1,,040,,,-25.458875,-49.34598,,False,4,1,2023-06-16T20:30:39.522568+00:00
CUR_HB694,Curitiba,4106902,1,,040,,,-25.47722,-49.334956,,False,4,1,2023-06-16T20:29:39.522568+00:00
CUR_HB699,Curitiba,4106902,1,,040,,,-25.50206,-49.32751,,False,4,2,2023-06-16T20:31:39.522568+00:00
CUR_GR126,Curitiba,4106902,1,,040,,,-25.410458,-49.345896,,False,4,2,2023-06-16T20:30:39.522568+00:00
CUR_HB604,Curitiba,4106902,1,,040,,,-25.477605,-49.328276,,False,4,2,2023-06-16T20:29:39.522568+00:00
CUR_MB605,Curitiba,4106902,1,,040,,,-25.43006,-49.353588,,False,4,1,2023-06-16T20:31:39.522568+00:00
CUR_MB699,Curitiba,4106902,1,,040,,,-25.512276,-49.332166,,False,4,1,2023-06-16T20:30:39.522568+00:00
CUR_HB697,Curitiba,4106902,1,,040,,,-25.471915,-49.34139,,False,4,2,2023-06-16T20:28:39.522568+00:00
CUR_MB601,Curitiba,4106902,1,,040,,,-25.51143,-49.325103,,False,4,1,2023-06-16T20:30:39.522568+00:00
CUR_GB605,Curitiba,4106902,1,,040,,,-25.432493,-49.352308,,False,4,2,2023-06-16T20:31:39.522568+00:00
CUR_JB611,Curitiba,4106902,1,,040,,,-25.444348,-49.344091,,False,4,1,2023-06-16T20:30:39.522568+00:00
CUR_BI026,Curitiba,4106902,1,,916,,,-25.400883,-49.330285,,False,1,1,2023-06-16T20:28:39.522568+00:00
CUR_MA003,Curitiba,4106902,1,,916,,,-25.396858,-49.334868,,False,1,2,2023-06-16T20:30:39.522568+00:00
CUR_BI028,Curitiba,4106902,1,,160,,,-25.430665,-49.275878,,False,1,1,2023-06-16T20:28:39.522568+00:00
CUR_BC025,Curitiba,4106902,1,,160,,,-25.431466,-49.271746,,False,1,2,2023-06-16T20:31:39.522568+00:00
CUR_HI015,Curitiba,4106902,1,,681,,,-25.563156,-49.31285,,False,1,1,2023-06-16T20:27:39.522568+00:00
CUR_HA023,Curitiba,4106902,1,,681,,,-25.575595,-49.330308,,False,1,2,2023-06-16T20:27:39.522568+00:00
CUR_HC500,Curitiba,4106902,1,,681,,,-25.550378,-49.304991,,False,2,2,2023-06-16T20:31:39.522568+00:00
CUR_HI857,Curitiba,4106902,1,,670,,,-25.447923,-49.28456,,False,7,2,2023-06-16T20:29:39.522568+00:00
CUR_DA292,Curitiba,4106902,1,,513,,,-25.515343,-49.24553,,False,1,2,2023-06-16T20:30:39.522568+00:00
CUR_DA294,Curitiba,4106902,1,,513,,,-25.489296,-49.263111,,False,1,1,2023-06-16T20:30:39.522568+00:00
CUR_GC014,Curitiba,4106902,1,,513,,,-25.487566,-49.263486,,False,1,1,2023-06-16T20:30:39.522568+00:00
CUR_GC010,Curitiba,4106902,1,,513,,,-25.515548,-49.245886,,False,1,1,2023-06-16T20:30:39.522568+00:00
CUR_EI001,Curitiba,4106902,1,,561,,,-25.473433,-49.26274,,False,1,2,2023-06-16T20:30:39.522568+00:00
CUR_EI012,Curitiba,4106902,1,,561,,,-25.435783,-49.271488,,False,1,1,2023-06-16T20:30:39.522568+00:00
CUR_DA019,Curitiba,4106902,0,,321,,,-25.460878,-49.200335,,False,1,1,2023-06-16T20:30:39.522568+00:00
CUR_KI601,Curitiba,4106902,1,,629,,,-25.539536,-49.241695,,False,4,1,2023-06-16T20:30:39.522568+00:00
CUR_KA600,Curitiba,4106902,1,,629,,,-25.497185,-49.277596,,False,4,2,2023-06-16T20:30:39.522568+00:00
CUR_KA689,Curitiba,4106902,1,,629,,,-25.495228,-49.29163,,False,4,1,2023-06-16T20:30:39.522568+00:00
CUR_KA605,Curitiba,4106902,1,,629,,,-25.515683,-49.256946,,False,4,2,2023-06-16T20:30:39.522568+00:00
CUR_KA693,Curitiba,4106902,1,,629,,,-25.519121,-49.255215,,False,4,1,2023-06-16T20:30:39.522568+00:00
CUR_DE711,Curitiba,4106902,0,URBS,303,https://moovitapp.com/index/pt-br/transporte_p%C3%BAblico-line-303_CENTEN%C3%81RIO_CAMPO_COMPRIDO-Curitiba-942-9628-531689-0,-1.0,-25.43613,-49.307661,,False,5,2,2023-06-16T20:30:39.522568+00:00
CUR_DE700,Curitiba,4106902,0,URBS,303,https://moovitapp.com/index/pt-br/transporte_p%C3%BAblico-line-303_CENTEN%C3%81RIO_CAMPO_COMPRIDO-Curitiba-942-9628-531689-0,-1.0,-25.437136,-49.243523,,False,5,2,2023-06-16T20:30:39.522568+00:00
CUR_DE715,Curitiba,4106902,0,URBS,303,https://moovitapp.com/index/pt-br/transporte_p%C3%BAblico-line-303_CENTEN%C3%81RIO_CAMPO_COMPRIDO-Curitiba-942-9628-531689-0,-1.0,-25.43668,-49.308646,,False,5,2,2023-06-16T20:30:39.522568+00:00
CUR_JE704,Curitiba,4106902,0,URBS,303,https://moovitapp.com/index/pt-br/transporte_p%C3%BAblico-line-303_CENTEN%C3%81RIO_CAMPO_COMPRIDO-Curitiba-942-9628-531689-0,-1.0,-25.440003,-49.221693,,False,5,2,2023-06-16T20:30:39.522568+00:00
CUR_DE705,Curitiba,4106902,0,URBS,303,https://moovitapp.com/index/pt-br/transporte_p%C3%BAblico-line-303_CENTEN%C3%81RIO_CAMPO_COMPRIDO-Curitiba-942-9628-531689-0,-1.0,-25.43824,-49.238505,,False,5,2,2023-06-16T20:30:39.522568+00:00
CUR_DE717,Curitiba,4106902,0,URBS,303,https://moovitapp.com/index/pt-br/transporte_p%C3%BAblico-line-303_CENTEN%C3%81RIO_CAMPO_COMPRIDO-Curitiba-942-9628-531689-0,-1.0,-25.431253,-49.278965,,False,5,1,2023-06-16T20:30:39.522568+00:00
CUR_DE704,Curitiba,4106902,0,URBS,303,https://moovitapp.com/index/pt-br/transporte_p%C3%BAblico-line-303_CENTEN%C3%81RIO_CAMPO_COMPRIDO-Curitiba-942-9628-531689-0,-1.0,-25.429675,-49.290688,,False,5,1,2023-06-16T20:30:39.522568+00:00
CUR_DE718,Curitiba,4106902,0,URBS,303,https://moovitapp.com/index/pt-br/transporte_p%C3%BAblico-line-303_CENTEN%C3%81RIO_CAMPO_COMPRIDO-Curitiba-942-9628-531689-0,-1.0,-25.43565,-49.257706,,False,5,1,2023-06-16T20:30:39.522568+00:00
CUR_DE703,Curitiba,4106902,0,URBS,303,https://moovitapp.com/index/pt-br/transporte_p%C3%BAblico-line-303_CENTEN%C3%81RIO_CAMPO_COMPRIDO-Curitiba-942-9628-531689-0,-1.0,-25.435751,-49.260983,,False,5,1,2023-06-16T20:29:39.522568+00:00
CUR_JE709,Curitiba,4106902,0,URBS,303,https://moovitapp.com/index/pt-br/transporte_p%C3%BAblico-line-303_CENTEN%C3%81RIO_CAMPO_COMPRIDO-Curitiba-942-9628-531689-0,-1.0,-25.436006,-49.274813,,False,5,2,2023-06-16T20:30:39.522568+00:00
CUR_JE703,Curitiba,4106902,0,URBS,303,https://moovitapp.com/index/pt-br/transporte_p%C3%BAblico-line-303_CENTEN%C3%81RIO_CAMPO_COMPRIDO-Curitiba-942-9628-531689-0,-1.0,-25.429671,-49.283271,,False,5,2,2023-06-16T20:30:39.522568+00:00
CUR_DE707,Curitiba,4106902,0,URBS,303,https://moovitapp.com/index/pt-br/transporte_p%C3%BAblico-line-303_CENTEN%C3%81RIO_CAMPO_COMPRIDO-Curitiba-942-9628-531689-0,-1.0,-25.456553,-49.213263,,False,5,1,2023-06-16T20:31:39.522568+00:00
CUR_JE705,Curitiba,4106902,0,URBS,303,https://moovitapp.com/index/pt-br/transporte_p%C3%BAblico-line-303_CENTEN%C3%81RIO_CAMPO_COMPRIDO-Curitiba-942-9628-531689-0,-1.0,-25.441603,-49.346321,,False,5,2,2023-06-16T20:30:39.522568+00:00
CUR_JE706,Curitiba,4106902,0,URBS,303,https://moovitapp.com/index/pt-br/transporte_p%C3%BAblico-line-303_CENTEN%C3%81RIO_CAMPO_COMPRIDO-Curitiba-942-9628-531689-0,-1.0,-25.437636,-49.323493,,False,5,1,2023-06-16T20:30:39.522568+00:00
CUR_JE707,Curitiba,4106902,0,URBS,303,https://moovitapp.com/index/pt-br/transporte_p%C3%BAblico-line-303_CENTEN%C3%81RIO_CAMPO_COMPRIDO-Curitiba-942-9628-531689-0,-1.0,-25.447133,-49.216878,,False,5,2,2023-06-16T20:30:39.522568+00:00
CUR_JE849,Curitiba,4106902,0,URBS,303,https://moovitapp.com/index/pt-br/transporte_p%C3%BAblico-line-303_CENTEN%C3%81RIO_CAMPO_COMPRIDO-Curitiba-942-9628-531689-0,-1.0,-25.431391,-49.27876,,False,5,1,2023-06-16T20:30:39.522568+00:00
CUR_JE702,Curitiba,4106902,0,URBS,303,https://moovitapp.com/index/pt-br/transporte_p%C3%BAblico-line-303_CENTEN%C3%81RIO_CAMPO_COMPRIDO-Curitiba-942-9628-531689-0,-1.0,-25.43711,-49.326148,,False,5,1,2023-06-16T20:30:39.522568+00:00
CUR_DE719,Curitiba,4106902,0,URBS,303,https://moovitapp.com/index/pt-br/transporte_p%C3%BAblico-line-303_CENTEN%C3%81RIO_CAMPO_COMPRIDO-Curitiba-942-9628-531689-0,-1.0,-25.46823,-49.208816,,False,5,1,2023-06-16T20:30:39.522568+00:00
CUR_DE710,Curitiba,4106902,0,URBS,303,https://moovitapp.com/index/pt-br/transporte_p%C3%BAblico-line-303_CENTEN%C3%81RIO_CAMPO_COMPRIDO-Curitiba-942-9628-531689-0,-1.0,-25.429653,-49.290793,,False,5,1,2023-06-16T20:31:39.522568+00:00
CUR_XY042,Curitiba,4106902,0,URBS,303,https://moovitapp.com/index/pt-br/transporte_p%C3%BAblico-line-303_CENTEN%C3%81RIO_CAMPO_COMPRIDO-Curitiba-942-9628-531689-0,-1.0,-25.4289,-49.28765,,False,4,2,2023-06-16T20:28:39.522568+00:00
CUR_DE716,Curitiba,4106902,0,URBS,303,https://moovitapp.com/index/pt-br/transporte_p%C3%BAblico-line-303_CENTEN%C3%81RIO_CAMPO_COMPRIDO-Curitiba-942-9628-531689-0,-1.0,-25.436436,-49.328958,,False,5,1,2023-06-16T20:28:39.522568+00:00
CUR_DE722,Curitiba,4106902,0,URBS,303,https://moovitapp.com/index/pt-br/transporte_p%C3%BAblico-line-303_CENTEN%C3%81RIO_CAMPO_COMPRIDO-Curitiba-942-9628-531689-0,-1.0,-25.435703,-49.257455,,False,5,2,2023-06-16T20:29:39.522568+00:00
CUR_JE700,Curitiba,4106902,0,URBS,303,https://moovitapp.com/index/pt-br/transporte_p%C3%BAblico-line-303_CENTEN%C3%81RIO_CAMPO_COMPRIDO-Curitiba-942-9628-531689-0,-1.0,-25.432818,-49.277765,,False,5,2,2023-06-16T20:31:39.522568+00:00
CUR_DE702,Curitiba,4106902,0,URBS,303,https://moovitapp.com/index/pt-br/transporte_p%C3%BAblico-line-303_CENTEN%C3%81RIO_CAMPO_COMPRIDO-Curitiba-942-9628-531689-0,-1.0,-25.433856,-49.276858,,False,5,2,2023-06-16T20:30:39.522568+00:00
CUR_DE696,Curitiba,4106902,0,URBS,303,https://moovitapp.com/index/pt-br/transporte_p%C3%BAblico-line-303_CENTEN%C3%81RIO_CAMPO_COMPRIDO-Curitiba-942-9628-531689-0,-1.0,-25.439966,-49.336806,,False,4,1,2023-06-16T20:31:39.522568+00:00
CUR_DE694,Curitiba,4106902,0,URBS,303,https://moovitapp.com/index/pt-br/transporte_p%C3%BAblico-line-303_CENTEN%C3%81RIO_CAMPO_COMPRIDO-Curitiba-942-9628-531689-0,-1.0,-25.441005,-49.220463,,False,4,1,2023-06-16T20:30:39.522568+00:00
CUR_JE701,Curitiba,4106902,0,URBS,303,https://moovitapp.com/index/pt-br/transporte_p%C3%BAblico-line-303_CENTEN%C3%81RIO_CAMPO_COMPRIDO-Curitiba-942-9628-531689-0,-1.0,-25.46564,-49.20969,,False,5,2,2023-06-16T20:30:39.522568+00:00
CUR_DE721,Curitiba,4106902,0,URBS,303,https://moovitapp.com/index/pt-br/transporte_p%C3%BAblico-line-303_CENTEN%C3%81RIO_CAMPO_COMPRIDO-Curitiba-942-9628-531689-0,-1.0,-25.435563,-49.250773,,False,5,1,2023-06-16T20:26:39.522568+00:00
CUR_EA008,Curitiba,4106902,1,,657,,,-25.49163,-49.288586,,False,1,2,2023-06-16T20:30:39.522568+00:00
CUR_EA026,Curitiba,4106902,1,,657,,,-25.497221,-49.272356,,False,1,1,2023-06-16T20:31:39.522568+00:00
CUR_EA021,Curitiba,4106902,1,,521,,,-25.521365,-49.249383,,False,1,1,2023-06-16T20:30:39.522568+00:00
CUR_EI017,Curitiba,4106902,1,,475,,,-25.476563,-49.241778,,False,1,2,2023-06-16T20:30:39.522568+00:00
CUR_EI020,Curitiba,4106902,1,,475,,,-25.43636,-49.267738,,False,1,2,2023-06-16T20:30:39.522568+00:00
CUR_EA012,Curitiba,4106902,1,,475,,,-25.458511,-49.248665,,False,1,1,2023-06-16T20:30:39.522568+00:00
CUR_JI853,Curitiba,4106902,1,,825,,,-25.452398,-49.365943,,False,7,1,2023-06-16T20:29:39.522568+00:00
CUR_GI028,Curitiba,4106902,1,,534,,,-25.52326,-49.243125,,False,1,2,2023-06-16T20:30:39.522568+00:00
CUR_GI025,Curitiba,4106902,1,,534,,,-25.533041,-49.27174,,False,1,1,2023-06-16T20:29:39.522568+00:00
CUR_BC020,Curitiba,4106902,1,,870,,,-25.430366,-49.34668,,False,1,1,2023-06-16T20:29:39.522568+00:00
CUR_BC008,Curitiba,4106902,1,,870,,,-25.42743,-49.353465,,False,1,2,2023-06-16T20:27:39.522568+00:00
CUR_BC014,Curitiba,4106902,1,,870,,,-25.426756,-49.285465,,False,1,2,2023-06-16T20:29:39.522568+00:00
CUR_GI038,Curitiba,4106902,1,,633,,,-25.527651,-49.27203,,False,1,2,2023-06-16T20:30:39.522568+00:00
CUR_GI039,Curitiba,4106902,1,,633,,,-25.527213,-49.271275,,False,1,1,2023-06-16T20:30:39.522568+00:00
CUR_GC015,Curitiba,4106902,1,,633,,,-25.512373,-49.294775,,False,1,2,2023-06-16T20:30:39.522568+00:00
CUR_BI002,Curitiba,4106902,1,,374,,,-25.411143,-49.224178,,False,1,2,2023-06-16T20:31:39.522568+00:00
CUR_BI005,Curitiba,4106902,1,,374,,,-25.428616,-49.267856,,False,1,1,2023-06-16T20:29:39.522568+00:00
CUR_BI006,Curitiba,4106902,1,,374,,,-25.41728,-49.249931,,False,1,2,2023-06-16T20:28:39.522568+00:00
CUR_BB612,Curitiba,4106902,1,,020,,,-25.393345,-49.283731,,False,4,,2023-06-16T20:31:39.522568+00:00
CUR_BB606,Curitiba,4106902,1,,020,,,-25.451453,-49.229855,,False,4,,2023-06-16T20:30:39.522568+00:00
CUR_HB611,Curitiba,4106902,1,,020,,,-25.490776,-49.255376,,False,4,,2023-06-16T20:28:39.522568+00:00
CUR_CB603,Curitiba,4106902,1,,020,,,-25.418003,-49.241785,,False,4,,2023-06-16T20:30:39.522568+00:00
CUR_EB603,Curitiba,4106902,1,,020,,,-25.452533,-49.304311,,False,4,,2023-06-16T20:30:39.522568+00:00
CUR_EB606,Curitiba,4106902,1,,020,,,-25.492498,-49.293115,,False,4,,2023-06-16T20:30:39.522568+00:00
CUR_KB604,Curitiba,4106902,1,,020,,,-25.385875,-49.278806,,False,4,,2023-06-16T20:30:39.522568+00:00
CUR_BI600,Curitiba,4106902,1,,020,,,-25.476521,-49.240456,,False,4,,2023-06-16T20:31:39.522568+00:00
CUR_BB600,Curitiba,4106902,1,,020,,,-25.435486,-49.214196,,False,4,,2023-06-16T20:27:39.522568+00:00
CUR_BB609,Curitiba,4106902,1,,020,,,-25.49521,-49.291536,,False,4,,2023-06-16T20:30:39.522568+00:00
CUR_CB600,Curitiba,4106902,1,,020,,,-25.390285,-49.260795,,False,4,,2023-06-16T20:30:39.522568+00:00
CUR_BB614,Curitiba,4106902,1,,020,,,-25.434088,-49.299175,,False,4,,2023-06-16T20:28:39.522568+00:00
CUR_BB605,Curitiba,4106902,1,,020,,,-25.454405,-49.303731,,False,4,,2023-06-16T20:30:39.522568+00:00
CUR_HI611,Curitiba,4106902,1,,684,,,-25.515123,-49.294008,,False,4,1,2023-06-16T20:30:39.522568+00:00
CUR_HI613,Curitiba,4106902,1,,684,,,-25.545656,-49.303736,,False,4,2,2023-06-16T20:29:39.522568+00:00
CUR_HA615,Curitiba,4106902,1,,684,,,-25.58241,-49.337158,,False,4,1,2023-06-16T20:28:39.522568+00:00
CUR_HI602,Curitiba,4106902,1,,684,,,-25.589655,-49.331375,,False,4,1,2023-06-16T20:29:39.522568+00:00
CUR_HA601,Curitiba,4106902,1,,684,,,-25.571796,-49.325696,,False,4,2,2023-06-16T20:30:39.522568+00:00
CUR_HA613,Curitiba,4106902,1,,684,,,-25.567638,-49.318323,,False,4,1,2023-06-16T20:26:39.522568+00:00
CUR_HI603,Curitiba,4106902,0,,684,,,-25.526895,-49.297751,,False,4,1,2023-06-16T20:30:39.522568+00:00
CUR_HR408,Curitiba,4106902,1,,684,,,-25.575188,-49.316688,,False,4,1,2023-06-16T20:27:39.522568+00:00
CUR_HA600,Curitiba,4106902,1,,684,,,-25.600658,-49.324823,,False,4,1,2023-06-16T20:30:39.522568+00:00
CUR_HA699,Curitiba,4106902,1,,684,,,-25.589058,-49.331478,,False,4,2,2023-06-16T20:31:39.522568+00:00
CUR_HB609,Curitiba,4106902,1,,684,,,-25.525421,-49.29711,,False,4,2,2023-06-16T20:31:39.522568+00:00
CUR_EB600,Curitiba,4106902,1,,021,,,-25.495985,-49.280751,,False,4,,2023-06-16T20:30:39.522568+00:00
CUR_BB603,Curitiba,4106902,1,,021,,,-25.457725,-49.23209,,False,4,,2023-06-16T20:27:39.522568+00:00
CUR_EB601,Curitiba,4106902,1,,021,,,-25.462476,-49.234125,,False,4,,2023-06-16T20:30:39.522568+00:00
CUR_BB613,Curitiba,4106902,1,,021,,,-25.45882,-49.302663,,False,4,,2023-06-16T20:28:39.522568+00:00
CUR_CB604,Curitiba,4106902,1,,021,,,-25.427511,-49.237361,,False,4,,2023-06-16T20:30:39.522568+00:00
CUR_GB600,Curitiba,4106902,1,,021,,,-25.425986,-49.299415,,False,4,,2023-06-16T20:30:39.522568+00:00
CUR_BB498,Curitiba,4106902,1,,021,,,-25.439151,-49.220636,,False,3,,2023-06-16T20:27:39.522568+00:00
CUR_KB696,Curitiba,4106902,0,,021,,,-25.491563,-49.293598,,False,4,,2023-06-16T20:30:39.522568+00:00
CUR_XY043,Curitiba,4106902,0,,021,,,-25.41767,-49.244728,,False,3,,2023-06-16T20:27:39.522568+00:00
CUR_GB602,Curitiba,4106902,1,,021,,,-25.422833,-49.293243,,False,4,,2023-06-16T20:29:39.522568+00:00
CUR_GB601,Curitiba,4106902,1,,021,,,-25.441308,-49.308358,,False,4,,2023-06-16T20:30:39.522568+00:00
CUR_KB607,Curitiba,4106902,1,,021,,,-25.417458,-49.246911,,False,4,,2023-06-16T20:30:39.522568+00:00
CUR_BB610,Curitiba,4106902,1,,021,,,-25.480878,-49.246251,,False,4,,2023-06-16T20:25:39.522568+00:00
CUR_DN604,Curitiba,4106902,1,,465,,,-25.451391,-49.241435,,False,7,1,2023-06-16T20:30:39.522568+00:00
CUR_DC851,Curitiba,4106902,1,,477,,,-25.4566,-49.251188,,False,7,2,2023-06-16T20:28:39.522568+00:00
CUR_DC854,Curitiba,4106902,1,,477,,,-25.47647,-49.221745,,False,7,1,2023-06-16T20:31:39.522568+00:00
CUR_EA022,Curitiba,4106902,1,,532,,,-25.518595,-49.231621,,False,1,1,2023-06-16T20:30:39.522568+00:00
CUR_EA011,Curitiba,4106902,1,,532,,,-25.519743,-49.231273,,False,1,2,2023-06-16T20:29:39.522568+00:00
CUR_EA016,Curitiba,4106902,1,,532,,,-25.533331,-49.238816,,False,1,1,2023-06-16T20:30:39.522568+00:00
CUR_EA199,Curitiba,4106902,1,,532,,,-25.52235,-49.230058,,False,1,2,2023-06-16T20:29:39.522568+00:00
CUR_EI002,Curitiba,4106902,1,,523,,,-25.504325,-49.229113,,False,1,2,2023-06-16T20:30:39.522568+00:00
CUR_EI004,Curitiba,4106902,1,,471,,,-25.493353,-49.223035,,False,1,1,2023-06-16T20:30:39.522568+00:00
CUR_EA203,Curitiba,4106902,1,,471,,,-25.43563,-49.271568,,False,1,2,2023-06-16T20:30:39.522568+00:00
CUR_EL319,Curitiba,4106902,1,URBS,507,https://moovitapp.com/index/pt-br/transporte_p%C3%BAblico-line-507_S%C3%8DTIO_CERCADO_HOR%C3%81RIO-Curitiba-942-9628-294494-0,-1.0,-25.448498,-49.281073,,False,3,,2023-06-16T20:30:39.522568+00:00
CUR_EL332,Curitiba,4106902,1,URBS,507,https://moovitapp.com/index/pt-br/transporte_p%C3%BAblico-line-507_S%C3%8DTIO_CERCADO_HOR%C3%81RIO-Curitiba-942-9628-294494-0,-1.0,-25.531283,-49.287706,,False,3,,2023-06-16T20:30:39.522568+00:00
CUR_EL325,Curitiba,4106902,1,URBS,507,https://moovitapp.com/index/pt-br/transporte_p%C3%BAblico-line-507_S%C3%8DTIO_CERCADO_HOR%C3%81RIO-Curitiba-942-9628-294494-0,-1.0,-25.53445,-49.2694,,False,3,,2023-06-16T20:30:39.522568+00:00
CUR_EL316,Curitiba,4106902,0,URBS,507,https://moovitapp.com/index/pt-br/transporte_p%C3%BAblico-line-507_S%C3%8DTIO_CERCADO_HOR%C3%81RIO-Curitiba-942-9628-294494-0,-1.0,-25.497428,-49.239545,,False,3,,2023-06-16T20:30:39.522568+00:00
CUR_EL322,Curitiba,4106902,1,URBS,507,https://moovitapp.com/index/pt-br/transporte_p%C3%BAblico-line-507_S%C3%8DTIO_CERCADO_HOR%C3%81RIO-Curitiba-942-9628-294494-0,-1.0,-25.457261,-49.259101,,False,3,,2023-06-16T20:31:39.522568+00:00
CUR_EL326,Curitiba,4106902,1,URBS,507,https://moovitapp.com/index/pt-br/transporte_p%C3%BAblico-line-507_S%C3%8DTIO_CERCADO_HOR%C3%81RIO-Curitiba-942-9628-294494-0,-1.0,-25.43814,-49.260921,,False,3,,2023-06-16T20:30:39.522568+00:00
CUR_GL310,Curitiba,4106902,0,URBS,507,https://moovitapp.com/index/pt-br/transporte_p%C3%BAblico-line-507_S%C3%8DTIO_CERCADO_HOR%C3%81RIO-Curitiba-942-9628-294494-0,-1.0,-25.534348,-49.268925,,False,3,,2023-06-16T20:30:39.522568+00:00
CUR_EL327,Curitiba,4106902,1,URBS,507,https://moovitapp.com/index/pt-br/transporte_p%C3%BAblico-line-507_S%C3%8DTIO_CERCADO_HOR%C3%81RIO-Curitiba-942-9628-294494-0,-1.0,-25.447748,-49.279123,,False,3,,2023-06-16T20:30:39.522568+00:00
CUR_GL314,Curitiba,4106902,0,URBS,507,https://moovitapp.com/index/pt-br/transporte_p%C3%BAblico-line-507_S%C3%8DTIO_CERCADO_HOR%C3%81RIO-Curitiba-942-9628-294494-0,-1.0,-25.4814,-49.290788,,False,3,,2023-06-16T20:31:39.522568+00:00
CUR_EL300,Curitiba,4106902,0,URBS,507,https://moovitapp.com/index/pt-br/transporte_p%C3%BAblico-line-507_S%C3%8DTIO_CERCADO_HOR%C3%81RIO-Curitiba-942-9628-294494-0,-1.0,-25.517653,-49.230976,,False,3,,2023-06-16T20:30:39.522568+00:00
CUR_GL305,Curitiba,4106902,0,URBS,507,https://moovitapp.com/index/pt-br/transporte_p%C3%BAblico-line-507_S%C3%8DTIO_CERCADO_HOR%C3%81RIO-Curitiba-942-9628-294494-0,-1.0,-25.461841,-49.256928,,False,3,,2023-06-16T20:30:39.522568+00:00
CUR_EL075,Curitiba,4106902,0,URBS,507,https://moovitapp.com/index/pt-br/transporte_p%C3%BAblico-line-507_S%C3%8DTIO_CERCADO_HOR%C3%81RIO-Curitiba-942-9628-294494-0,-1.0,-25.441303,-49.261248,,False,3,,2023-06-16T20:30:39.522568+00:00
CUR_JI864,Curitiba,4106902,1,,760,,,-25.46218,-49.313725,,False,7,1,2023-06-16T20:28:39.522568+00:00
CUR_GI015,Curitiba,4106902,1,,541,,,-25.54364,-49.248638,,False,1,1,2023-06-16T20:30:39.522568+00:00
CUR_GI006,Curitiba,4106902,1,,541,,,-25.534116,-49.267306,,False,1,2,2023-06-16T20:30:39.522568+00:00
CUR_GI035,Curitiba,4106902,1,,541,,,-25.53583,-49.27004,,False,1,2,2023-06-16T20:30:39.522568+00:00
CUR_GI037,Curitiba,4106902,1,,541,,,-25.543635,-49.24863,,False,1,1,2023-06-16T20:30:39.522568+00:00
CUR_GI011,Curitiba,4106902,1,,541,,,-25.533941,-49.266901,,False,1,1,2023-06-16T20:31:39.522568+00:00
CUR_GC007,Curitiba,4106902,1,,541,,,-25.544986,-49.256043,,False,1,2,2023-06-16T20:30:39.522568+00:00
CUR_JA037,Curitiba,4106902,1,,658,,,-25.495566,-49.323636,,False,1,2,2023-06-16T20:30:39.522568+00:00
CUR_HA193,Curitiba,4106902,1,,658,,,-25.493655,-49.352518,,False,1,1,2023-06-16T20:27:39.522568+00:00
CUR_HI049,Curitiba,4106902,1,,658,,,-25.486281,-49.347343,,False,1,2,2023-06-16T20:29:39.522568+00:00
CUR_JI022,Curitiba,4106902,1,,658,,,-25.494263,-49.302845,,False,1,2,2023-06-16T20:30:39.522568+00:00
CUR_JA035,Curitiba,4106902,1,,718,,,-25.49388,-49.333643,,False,1,2,2023-06-16T20:29:39.522568+00:00
CUR_HC006,Curitiba,4106902,1,,658,,,-25.49155,-49.293238,,False,1,1,2023-06-16T20:30:39.522568+00:00
CUR_HC013,Curitiba,4106902,1,,658,,,-25.495096,-49.319821,,False,1,1,2023-06-16T20:29:39.522568+00:00
CUR_JA024,Curitiba,4106902,1,,658,,,-25.496681,-49.348331,,False,1,1,2023-06-16T20:30:39.522568+00:00
CUR_JA299,Curitiba,4106902,1,,658,,,-25.489848,-49.349125,,False,1,1,2023-06-16T20:30:39.522568+00:00
CUR_HA027,Curitiba,4106902,1,,658,,,-25.496875,-49.345465,,False,1,2,2023-06-16T20:30:39.522568+00:00
CUR_GI050,Curitiba,4106902,1,,641,,,-25.574751,-49.295111,,False,1,1,2023-06-16T20:30:39.522568+00:00
CUR_GI019,Curitiba,4106902,1,,643,,,-25.593676,-49.277208,,False,1,2,2023-06-16T20:30:39.522568+00:00
CUR_GI033,Curitiba,4106902,1,,643,,,-25.521526,-49.297053,,False,1,2,2023-06-16T20:30:39.522568+00:00
CUR_GC004,Curitiba,4106902,1,,643,,,-25.574398,-49.27737,,False,1,1,2023-06-16T20:30:39.522568+00:00
CUR_BI867,Curitiba,4106902,1,,237,,,-25.38148,-49.207828,,False,7,,2023-06-16T20:31:39.522568+00:00
CUR_BI874,Curitiba,4106902,1,,275,,,-25.42897,-49.269656,,False,7,1,2023-06-16T20:31:39.522568+00:00
CUR_BI880,Curitiba,4106902,1,,275,,,-25.384406,-49.25355,,False,7,2,2023-06-16T20:27:39.522568+00:00
CUR_BI893,Curitiba,4106902,1,,275,,,-25.406081,-49.257213,,False,7,2,2023-06-16T20:29:39.522568+00:00
CUR_BC006,Curitiba,4106902,1,,168,,,-25.37733,-49.316943,,False,1,2,2023-06-16T20:29:39.522568+00:00
CUR_BC007,Curitiba,4106902,1,,168,,,-25.407281,-49.292266,,False,1,1,2023-06-16T20:28:39.522568+00:00
CUR_HI025,Curitiba,4106902,1,,655,,,-25.511793,-49.29482,,False,1,1,2023-06-16T20:30:39.522568+00:00
CUR_HA029,Curitiba,4106902,1,,655,,,-25.560435,-49.336578,,False,1,1,2023-06-16T20:30:39.522568+00:00
CUR_HI022,Curitiba,4106902,1,,772,,,-25.615093,-49.343123,,False,1,2,2023-06-16T20:28:39.522568+00:00
CUR_HI001,Curitiba,4106902,1,,772,,,-25.525953,-49.296938,,False,1,1,2023-06-16T20:29:39.522568+00:00
CUR_HA616,Curitiba,4106902,1,,772,,,-25.621766,-49.366176,,False,4,1,2023-06-16T20:28:39.522568+00:00
CUR_HA614,Curitiba,4106902,1,,772,,,-25.588036,-49.318388,,False,4,1,2023-06-16T20:28:39.522568+00:00
CUR_HI607,Curitiba,4106902,0,,772,,,-25.619595,-49.369786,,False,4,2,2023-06-16T20:26:39.522568+00:00
CUR_HA602,Curitiba,4106902,1,,772,,,-25.54456,-49.303495,,False,4,2,2023-06-16T20:30:39.522568+00:00
CUR_HC304,Curitiba,4106902,1,,380,,,-25.429865,-49.214926,,False,10,1,2023-06-16T20:28:39.522568+00:00
CUR_CI006,Curitiba,4106902,1,,380,,,-25.434083,-49.279258,,False,1,1,2023-06-16T20:30:39.522568+00:00
CUR_CC302,Curitiba,4106902,1,,380,,,-25.434608,-49.280526,,False,10,2,2023-06-16T20:30:39.522568+00:00
CUR_CI003,Curitiba,4106902,1,,380,,,-25.427403,-49.253835,,False,1,2,2023-06-16T20:30:39.522568+00:00
CUR_MI854,Curitiba,4106902,1,,911,,,-25.38107,-49.366775,,False,7,1,2023-06-16T20:30:39.522568+00:00
CUR_DA013,Curitiba,4106902,1,,338,,,-25.479156,-49.24628,,False,1,2,2023-06-16T20:30:39.522568+00:00
CUR_DA029,Curitiba,4106902,1,,338,,,-25.46835,-49.200751,,False,1,1,2023-06-16T20:31:39.522568+00:00
CUR_DA301,Curitiba,4106902,1,,338,,,-25.479665,-49.246826,,False,3,1,2023-06-16T20:29:39.522568+00:00
CUR_DC983,Curitiba,4106902,1,,338,,,-25.484945,-49.205661,,False,1,2,2023-06-16T20:30:39.522568+00:00
CUR_DC084,Curitiba,4106902,0,,338,,,-25.500201,-49.212021,,False,1,1,2023-06-16T20:30:39.522568+00:00
CUR_GC006,Curitiba,4106902,1,,338,,,-25.498728,-49.213538,,False,1,2,2023-06-16T20:30:39.522568+00:00
CUR_DA290,Curitiba,4106902,1,,338,,,-25.48466,-49.223443,,False,1,1,2023-06-16T20:30:39.522568+00:00
CUR_EA076,Curitiba,4106902,1,,338,,,-25.469891,-49.207355,,False,1,2,2023-06-16T20:30:39.522568+00:00
CUR_EA003,Curitiba,4106902,1,,338,,,-25.481776,-49.246806,,False,1,1,2023-06-16T20:30:39.522568+00:00
CUR_GC011,Curitiba,4106902,1,,338,,,-25.468285,-49.20048,,False,1,1,2023-06-16T20:30:39.522568+00:00
CUR_EI010,Curitiba,4106902,1,Auto Viação São José,515,https://moovitapp.com/index/pt-br/transporte_p%C3%BAblico-line-515_%E2%9C%88_AEROPORTO_1_SHOPPING_S%C3%83O_JOS%C3%89-Curitiba-942-857412-67925719-0,-1.0,-25.499945,-49.227188,,False,1,2,2023-06-16T20:30:39.522568+00:00
CUR_EI009,Curitiba,4106902,1,Auto Viação São José,515,https://moovitapp.com/index/pt-br/transporte_p%C3%BAblico-line-515_%E2%9C%88_AEROPORTO_1_SHOPPING_S%C3%83O_JOS%C3%89-Curitiba-942-857412-67925719-0,-1.0,-25.479033,-49.246096,,False,1,1,2023-06-16T20:30:39.522568+00:00
CUR_EI003,Curitiba,4106902,1,Auto Viação São José,515,https://moovitapp.com/index/pt-br/transporte_p%C3%BAblico-line-515_%E2%9C%88_AEROPORTO_1_SHOPPING_S%C3%83O_JOS%C3%89-Curitiba-942-857412-67925719-0,-1.0,-25.510736,-49.22195,,False,1,1,2023-06-16T20:30:39.522568+00:00
CUR_EA007,Curitiba,4106902,1,Auto Viação São José,515,https://moovitapp.com/index/pt-br/transporte_p%C3%BAblico-line-515_%E2%9C%88_AEROPORTO_1_SHOPPING_S%C3%83O_JOS%C3%89-Curitiba-942-857412-67925719-0,-1.0,-25.506315,-49.22406,,False,1,2,2023-06-16T20:31:39.522568+00:00
CUR_EI005,Curitiba,4106902,1,,528,,,-25.503903,-49.225318,,False,1,1,2023-06-16T20:31:39.522568+00:00
CUR_EA009,Curitiba,4106902,1,Auto Viação São José,515,https://moovitapp.com/index/pt-br/transporte_p%C3%BAblico-line-515_%E2%9C%88_AEROPORTO_1_SHOPPING_S%C3%83O_JOS%C3%89-Curitiba-942-857412-67925719-0,-1.0,-25.483606,-49.239433,,False,1,2,2023-06-16T20:30:39.522568+00:00
CUR_EA005,Curitiba,4106902,1,,X07,,,-25.552426,-49.25434,,False,1,2,2023-06-16T20:30:39.522568+00:00
CUR_EI006,Curitiba,4106902,1,,X07,,,-25.538093,-49.27219,,False,1,1,2023-06-16T20:30:39.522568+00:00
CUR_JI004,Curitiba,4106902,1,,719,,,-25.48251,-49.352798,,False,1,1,2023-06-16T20:30:39.522568+00:00
CUR_JI015,Curitiba,4106902,1,,719,,,-25.477906,-49.32845,,False,1,2,2023-06-16T20:30:39.522568+00:00
CUR_JI009,Curitiba,4106902,1,,718,,,-25.480601,-49.33213,,False,1,,2023-06-16T20:30:39.522568+00:00
CUR_BI018,Curitiba,4106902,1,,232,,,-25.355491,-49.234248,,False,1,1,2023-06-16T20:29:39.522568+00:00
CUR_BI021,Curitiba,4106902,1,,232,,,-25.37215,-49.228378,,False,1,2,2023-06-16T20:27:39.522568+00:00
CUR_BA028,Curitiba,4106902,1,,232,,,-25.374065,-49.224191,,False,1,2,2023-06-16T20:27:39.522568+00:00
CUR_KI002,Curitiba,4106902,1,,472,,,-25.490718,-49.222333,,False,1,2,2023-06-16T20:31:39.522568+00:00
CUR_KC002,Curitiba,4106902,1,,472,,,-25.450173,-49.253551,,False,1,1,2023-06-16T20:30:39.522568+00:00
CUR_BI024,Curitiba,4106902,1,,242,,,-25.35125,-49.25071,,False,1,2,2023-06-16T20:30:39.522568+00:00
CUR_BI015,Curitiba,4106902,1,,242,,,-25.367158,-49.259908,,False,1,1,2023-06-16T20:31:39.522568+00:00
CUR_JI860,Curitiba,4106902,1,,779,,,-25.460996,-49.325241,,False,7,1,2023-06-16T20:30:39.522568+00:00
CUR_BI879,Curitiba,4106902,1,,311,,,-25.436271,-49.204771,,False,7,2,2023-06-16T20:30:39.522568+00:00
CUR_BI029,Curitiba,4106902,1,,372,,,-25.427066,-49.261046,,False,1,1,2023-06-16T20:30:39.522568+00:00
CUR_BC316,Curitiba,4106902,1,,372,,,-25.428106,-49.233526,,False,10,2,2023-06-16T20:30:39.522568+00:00
CUR_CC301,Curitiba,4106902,1,,372,,,-25.430178,-49.214256,,False,10,2,2023-06-16T20:30:39.522568+00:00
CUR_CC297,Curitiba,4106902,1,,372,,,-25.413401,-49.204461,,False,1,1,2023-06-16T20:30:39.522568+00:00
CUR_BC002,Curitiba,4106902,1,,183,,,-25.366148,-49.274658,,False,1,2,2023-06-16T20:31:39.522568+00:00
CUR_JA028,Curitiba,4106902,1,,711,,,-25.475503,-49.339786,,False,1,1,2023-06-16T20:30:39.522568+00:00
CUR_JA022,Curitiba,4106902,1,,711,,,-25.477128,-49.335865,,False,1,2,2023-06-16T20:31:39.522568+00:00
CUR_BI863,Curitiba,4106902,1,,274,,,-25.405681,-49.25923,,False,7,2,2023-06-16T20:30:39.522568+00:00
CUR_BI868,Curitiba,4106902,1,,274,,,-25.366941,-49.264956,,False,7,1,2023-06-16T20:28:39.522568+00:00
CUR_JI003,Curitiba,4106902,1,,860,,,-25.439441,-49.275558,,False,1,2,2023-06-16T20:30:39.522568+00:00
CUR_JA036,Curitiba,4106902,1,,860,,,-25.445568,-49.346303,,False,1,1,2023-06-16T20:30:39.522568+00:00
CUR_JI018,Curitiba,4106902,1,,860,,,-25.450675,-49.319646,,False,1,2,2023-06-16T20:30:39.522568+00:00
CUR_JA030,Curitiba,4106902,1,,860,,,-25.441581,-49.28533,,False,1,1,2023-06-16T20:30:39.522568+00:00
CUR_JI298,Curitiba,4106902,1,,860,,,-25.464455,-49.34263,,False,1,1,2023-06-16T20:30:39.522568+00:00
CUR_JC316,Curitiba,4106902,1,,778,,,-25.446251,-49.275113,,False,3,1,2023-06-16T20:30:39.522568+00:00
CUR_JC314,Curitiba,4106902,1,,778,,,-25.47733,-49.32645,,False,3,2,2023-06-16T20:30:39.522568+00:00
CUR_JC309,Curitiba,4106902,1,,778,,,-25.457945,-49.306236,,False,3,1,2023-06-16T20:30:39.522568+00:00
CUR_JC303,Curitiba,4106902,1,,778,,,-25.457215,-49.32538,,False,3,2,2023-06-16T20:30:39.522568+00:00
CUR_BC315,Curitiba,4106902,1,,371,,,-25.419743,-49.231995,,False,10,2,2023-06-16T20:28:39.522568+00:00
CUR_BC313,Curitiba,4106902,1,,371,,,-25.42842,-49.26668,,False,10,1,2023-06-16T20:30:39.522568+00:00
CUR_GI047,Curitiba,4106902,1,,528,,,-25.546486,-49.262396,,False,1,2,2023-06-16T20:30:39.522568+00:00
CUR_EI016,Curitiba,4106902,1,,528,,,-25.534958,-49.295713,,False,1,1,2023-06-16T20:30:39.522568+00:00
CUR_EA601,Curitiba,4106902,1,,528,,,-25.557781,-49.255506,,False,4,1,2023-06-16T20:30:39.522568+00:00
CUR_GI601,Curitiba,4106902,1,,528,,,-25.55743,-49.254961,,False,4,2,2023-06-16T20:31:39.522568+00:00
CUR_EA699,Curitiba,4106902,1,,528,,,-25.53141,-49.241976,,False,4,1,2023-06-16T20:30:39.522568+00:00
CUR_BC005,Curitiba,4106902,1,,876,,,-25.414565,-49.33046,,False,1,1,2023-06-16T20:30:39.522568+00:00
CUR_BC021,Curitiba,4106902,1,,876,,,-25.417916,-49.346535,,False,1,1,2023-06-16T20:30:39.522568+00:00
CUR_BC004,Curitiba,4106902,1,,876,,,-25.432313,-49.288343,,False,1,2,2023-06-16T20:30:39.522568+00:00
CUR_BC017,Curitiba,4106902,1,,876,,,-25.43286,-49.28297,,False,1,1,2023-06-16T20:30:39.522568+00:00
CUR_BI888,Curitiba,4106902,1,,366,,,-25.425363,-49.242458,,False,7,1,2023-06-16T20:30:39.522568+00:00
CUR_BI899,Curitiba,4106902,1,,366,,,-25.42874,-49.26903,,False,7,2,2023-06-16T20:29:39.522568+00:00
CUR_BI017,Curitiba,4106902,1,,342,,,-25.393126,-49.241318,,False,1,1,2023-06-16T20:29:39.522568+00:00
CUR_BI012,Curitiba,4106902,1,,342,,,-25.411145,-49.206635,,False,1,2,2023-06-16T20:30:39.522568+00:00
CUR_BI025,Curitiba,4106902,1,,816,,,-25.401345,-49.329346,,False,1,1,2023-06-16T20:29:39.522568+00:00
CUR_BI031,Curitiba,4106902,1,,816,,,-25.4336,-49.3111,,False,1,2,2023-06-16T20:30:39.522568+00:00
CUR_BC019,Curitiba,4106902,1,,816,,,-25.433878,-49.31479,,False,1,2,2023-06-16T20:28:39.522568+00:00
CUR_BC018,Curitiba,4106902,1,,816,,,-25.40394,-49.325211,,False,1,1,2023-06-16T20:29:39.522568+00:00
CUR_CA600,Curitiba,4106902,1,Auto Viação São José,216,https://moovitapp.com/index/pt-br/transporte_p%C3%BAblico-line-216_PIT_PRA%C3%87A_DA_JUVENTUDE_SANTA_F%C3%89_PINDORAMA-Curitiba-942-857412-122004458-0,-1.0,-25.437943,-49.238701,,False,4,2,2023-06-16T20:30:39.522568+00:00
CUR_BA603,Curitiba,4106902,1,Auto Viação São José,216,https://moovitapp.com/index/pt-br/transporte_p%C3%BAblico-line-216_PIT_PRA%C3%87A_DA_JUVENTUDE_SANTA_F%C3%89_PINDORAMA-Curitiba-942-857412-122004458-0,-1.0,-25.447481,-49.257578,,False,4,1,2023-06-16T20:29:39.522568+00:00
CUR_HI609,Curitiba,4106902,1,Auto Viação São José,216,https://moovitapp.com/index/pt-br/transporte_p%C3%BAblico-line-216_PIT_PRA%C3%87A_DA_JUVENTUDE_SANTA_F%C3%89_PINDORAMA-Curitiba-942-857412-122004458-0,-1.0,-25.422423,-49.248465,,False,4,1,2023-06-16T20:29:39.522568+00:00
CUR_CA698,Curitiba,4106902,0,Auto Viação São José,216,https://moovitapp.com/index/pt-br/transporte_p%C3%BAblico-line-216_PIT_PRA%C3%87A_DA_JUVENTUDE_SANTA_F%C3%89_PINDORAMA-Curitiba-942-857412-122004458-0,-1.0,-25.475725,-49.29156,,False,4,2,2023-06-16T20:28:39.522568+00:00
CUR_CA697,Curitiba,4106902,1,Auto Viação São José,216,https://moovitapp.com/index/pt-br/transporte_p%C3%BAblico-line-216_PIT_PRA%C3%87A_DA_JUVENTUDE_SANTA_F%C3%89_PINDORAMA-Curitiba-942-857412-122004458-0,-1.0,-25.415973,-49.25383,,False,4,1,2023-06-16T20:30:39.522568+00:00
CUR_GA600,Curitiba,4106902,1,Auto Viação São José,216,https://moovitapp.com/index/pt-br/transporte_p%C3%BAblico-line-216_PIT_PRA%C3%87A_DA_JUVENTUDE_SANTA_F%C3%89_PINDORAMA-Curitiba-942-857412-122004458-0,-1.0,-25.473296,-49.28741,,False,4,2,2023-06-16T20:30:39.522568+00:00
CUR_GA601,Curitiba,4106902,1,Auto Viação São José,216,https://moovitapp.com/index/pt-br/transporte_p%C3%BAblico-line-216_PIT_PRA%C3%87A_DA_JUVENTUDE_SANTA_F%C3%89_PINDORAMA-Curitiba-942-857412-122004458-0,-1.0,-25.450581,-49.265303,,False,4,1,2023-06-16T20:30:39.522568+00:00
CUR_BA601,Curitiba,4106902,1,Auto Viação São José,216,https://moovitapp.com/index/pt-br/transporte_p%C3%BAblico-line-216_PIT_PRA%C3%87A_DA_JUVENTUDE_SANTA_F%C3%89_PINDORAMA-Curitiba-942-857412-122004458-0,-1.0,-25.423105,-49.248526,,False,4,2,2023-06-16T20:29:39.522568+00:00
CUR_HA608,Curitiba,4106902,1,Auto Viação São José,216,https://moovitapp.com/index/pt-br/transporte_p%C3%BAblico-line-216_PIT_PRA%C3%87A_DA_JUVENTUDE_SANTA_F%C3%89_PINDORAMA-Curitiba-942-857412-122004458-0,-1.0,-25.4395,-49.238698,,False,4,1,2023-06-16T20:29:39.522568+00:00
CUR_BA602,Curitiba,4106902,1,Auto Viação São José,216,https://moovitapp.com/index/pt-br/transporte_p%C3%BAblico-line-216_PIT_PRA%C3%87A_DA_JUVENTUDE_SANTA_F%C3%89_PINDORAMA-Curitiba-942-857412-122004458-0,-1.0,-25.44541,-49.245201,,False,4,2,2023-06-16T20:26:39.522568+00:00
CUR_CB602,Curitiba,4106902,1,Auto Viação São José,216,https://moovitapp.com/index/pt-br/transporte_p%C3%BAblico-line-216_PIT_PRA%C3%87A_DA_JUVENTUDE_SANTA_F%C3%89_PINDORAMA-Curitiba-942-857412-122004458-0,-1.0,-25.440243,-49.23946,,False,4,2,2023-06-16T20:31:39.522568+00:00
CUR_HA605,Curitiba,4106902,1,Auto Viação São José,216,https://moovitapp.com/index/pt-br/transporte_p%C3%BAblico-line-216_PIT_PRA%C3%87A_DA_JUVENTUDE_SANTA_F%C3%89_PINDORAMA-Curitiba-942-857412-122004458-0,-1.0,-25.476243,-49.29234,,False,4,2,2023-06-16T20:28:39.522568+00:00
CUR_HI023,Curitiba,4106902,1,,619,,,-25.543576,-49.315105,,False,1,1,2023-06-16T20:30:39.522568+00:00
CUR_HI608,Curitiba,4106902,1,,619,,,-25.551646,-49.332911,,False,4,2,2023-06-16T20:31:39.522568+00:00
CUR_HA619,Curitiba,4106902,1,,685,,,-25.589778,-49.339278,,False,4,2,2023-06-16T20:31:39.522568+00:00
CUR_HI605,Curitiba,4106902,1,,685,,,-25.512418,-49.329991,,False,4,2,2023-06-16T20:28:39.522568+00:00
CUR_HI610,Curitiba,4106902,1,,685,,,-25.568045,-49.33084,,False,4,1,2023-06-16T20:29:39.522568+00:00
CUR_HI606,Curitiba,4106902,1,,685,,,-25.594585,-49.340655,,False,4,1,2023-06-16T20:30:39.522568+00:00
CUR_JI020,Curitiba,4106902,1,,828,,,-25.460953,-49.32754,,False,1,2,2023-06-16T20:30:39.522568+00:00
CUR_JI021,Curitiba,4106902,1,,828,,,-25.492526,-49.293176,,False,1,2,2023-06-16T20:30:39.522568+00:00
CUR_HI008,Curitiba,4106902,1,,828,,,-25.460136,-49.340611,,False,1,1,2023-06-16T20:30:39.522568+00:00
CUR_HA014,Curitiba,4106902,1,,828,,,-25.441995,-49.34462,,False,1,2,2023-06-16T20:29:39.522568+00:00
CUR_HI024,Curitiba,4106902,1,,828,,,-25.480775,-49.3229,,False,1,1,2023-06-16T20:30:39.522568+00:00
CUR_HC502,Curitiba,4106902,1,,828,,,-25.478236,-49.330718,,False,2,2,2023-06-16T20:28:39.522568+00:00
CUR_HI859,Curitiba,4106902,1,,865,,,-25.43273,-49.279073,,False,7,2,2023-06-16T20:30:39.522568+00:00
CUR_GE611,Curitiba,4106902,0,URBS,602,https://moovitapp.com/index/pt-br/transporte_p%C3%BAblico-line-602_CIRCULAR_SUL_ANTI_HOR%C3%81RIO-Curitiba-942-9628-294517-0,-1.0,-25.528178,-49.29138,,False,4,,2023-06-16T20:31:39.522568+00:00
CUR_GE604,Curitiba,4106902,0,URBS,602,https://moovitapp.com/index/pt-br/transporte_p%C3%BAblico-line-602_CIRCULAR_SUL_ANTI_HOR%C3%81RIO-Curitiba-942-9628-294517-0,-1.0,-25.485185,-49.2455,,False,4,,2023-06-16T20:30:39.522568+00:00
CUR_HE606,Curitiba,4106902,0,URBS,602,https://moovitapp.com/index/pt-br/transporte_p%C3%BAblico-line-602_CIRCULAR_SUL_ANTI_HOR%C3%81RIO-Curitiba-942-9628-294517-0,-1.0,-25.489553,-49.243338,,False,4,,2023-06-16T20:31:39.522568+00:00
CUR_HE607,Curitiba,4106902,0,URBS,602,https://moovitapp.com/index/pt-br/transporte_p%C3%BAblico-line-602_CIRCULAR_SUL_ANTI_HOR%C3%81RIO-Curitiba-942-9628-294517-0,-1.0,-25.517998,-49.229478,,False,4,,2023-06-16T20:31:39.522568+00:00
CUR_HE608,Curitiba,4106902,0,URBS,602,https://moovitapp.com/index/pt-br/transporte_p%C3%BAblico-line-602_CIRCULAR_SUL_ANTI_HOR%C3%81RIO-Curitiba-942-9628-294517-0,-1.0,-25.532575,-49.261198,,False,4,,2023-06-16T20:30:39.522568+00:00
CUR_HE604,Curitiba,4106902,0,URBS,602,https://moovitapp.com/index/pt-br/transporte_p%C3%BAblico-line-602_CIRCULAR_SUL_ANTI_HOR%C3%81RIO-Curitiba-942-9628-294517-0,-1.0,-25.495953,-49.295928,,False,4,,2023-06-16T20:31:39.522568+00:00
CUR_HE611,Curitiba,4106902,0,URBS,602,https://moovitapp.com/index/pt-br/transporte_p%C3%BAblico-line-602_CIRCULAR_SUL_ANTI_HOR%C3%81RIO-Curitiba-942-9628-294517-0,-1.0,-25.475326,-49.292185,,False,4,,2023-06-16T20:30:39.522568+00:00
CUR_GE707,Curitiba,4106902,0,URBS,602,https://moovitapp.com/index/pt-br/transporte_p%C3%BAblico-line-602_CIRCULAR_SUL_ANTI_HOR%C3%81RIO-Curitiba-942-9628-294517-0,-1.0,-25.534451,-49.268438,,False,5,,2023-06-16T20:29:39.522568+00:00
CUR_GE716,Curitiba,4106902,0,URBS,602,https://moovitapp.com/index/pt-br/transporte_p%C3%BAblico-line-602_CIRCULAR_SUL_ANTI_HOR%C3%81RIO-Curitiba-942-9628-294517-0,-1.0,-25.476451,-49.281055,,False,5,,2023-06-16T20:31:39.522568+00:00
CUR_GR036,Curitiba,4106902,0,URBS,602,https://moovitapp.com/index/pt-br/transporte_p%C3%BAblico-line-602_CIRCULAR_SUL_ANTI_HOR%C3%81RIO-Curitiba-942-9628-294517-0,-1.0,-25.487941,-49.2943,,False,4,,2023-06-16T20:28:39.522568+00:00
CUR_GD343,Curitiba,4106902,0,URBS,602,https://moovitapp.com/index/pt-br/transporte_p%C3%BAblico-line-602_CIRCULAR_SUL_ANTI_HOR%C3%81RIO-Curitiba-942-9628-294517-0,-1.0,-25.514108,-49.295645,,False,5,,2023-06-16T20:30:39.522568+00:00
CUR_GE720,Curitiba,4106902,0,URBS,602,https://moovitapp.com/index/pt-br/transporte_p%C3%BAblico-line-602_CIRCULAR_SUL_ANTI_HOR%C3%81RIO-Curitiba-942-9628-294517-0,-1.0,-25.482311,-49.2929,,False,5,,2023-06-16T20:31:39.522568+00:00
CUR_GE600,Curitiba,4106902,0,URBS,602,https://moovitapp.com/index/pt-br/transporte_p%C3%BAblico-line-602_CIRCULAR_SUL_ANTI_HOR%C3%81RIO-Curitiba-942-9628-294517-0,-1.0,-25.504021,-49.236283,,False,4,,2023-06-16T20:30:39.522568+00:00
CUR_GE608,Curitiba,4106902,0,URBS,602,https://moovitapp.com/index/pt-br/transporte_p%C3%BAblico-line-602_CIRCULAR_SUL_ANTI_HOR%C3%81RIO-Curitiba-942-9628-294517-0,-1.0,-25.527713,-49.240536,,False,4,,2023-06-16T20:30:39.522568+00:00
CUR_HI031,Curitiba,4106902,1,,801,,,-25.433326,-49.27341,,False,1,2,2023-06-16T20:30:39.522568+00:00
CUR_HC300,Curitiba,4106902,1,,801,,,-25.441448,-49.298156,,False,10,2,2023-06-16T20:30:39.522568+00:00
CUR_HA310,Curitiba,4106902,1,,801,,,-25.443746,-49.29661,,False,3,1,2023-06-16T20:30:39.522568+00:00
CUR_JC318,Curitiba,4106902,1,,801,,,-25.446503,-49.294176,,False,10,2,2023-06-16T20:30:39.522568+00:00
CUR_HL320,Curitiba,4106902,0,URBS,024,https://moovitapp.com/index/pt-br/transporte_p%C3%BAblico-line-024_CAP%C3%83O_RASO_CAMPINA_DO_SIQUEIRA-Curitiba-942-9628-1323693-0,-1.0,-25.464303,-49.291316,,False,3,2,2023-06-16T20:29:39.522568+00:00
CUR_JL305,Curitiba,4106902,0,URBS,024,https://moovitapp.com/index/pt-br/transporte_p%C3%BAblico-line-024_CAP%C3%83O_RASO_CAMPINA_DO_SIQUEIRA-Curitiba-942-9628-1323693-0,-1.0,-25.458255,-49.302868,,False,3,2,2023-06-16T20:29:39.522568+00:00
CUR_HL311,Curitiba,4106902,0,URBS,024,https://moovitapp.com/index/pt-br/transporte_p%C3%BAblico-line-024_CAP%C3%83O_RASO_CAMPINA_DO_SIQUEIRA-Curitiba-942-9628-1323693-0,-1.0,-25.460451,-49.299448,,False,3,1,2023-06-16T20:30:39.522568+00:00
CUR_GL306,Curitiba,4106902,0,URBS,024,https://moovitapp.com/index/pt-br/transporte_p%C3%BAblico-line-024_CAP%C3%83O_RASO_CAMPINA_DO_SIQUEIRA-Curitiba-942-9628-1323693-0,-1.0,-25.487855,-49.294305,,False,3,1,2023-06-16T20:30:39.522568+00:00
CUR_JL314,Curitiba,4106902,0,URBS,024,https://moovitapp.com/index/pt-br/transporte_p%C3%BAblico-line-024_CAP%C3%83O_RASO_CAMPINA_DO_SIQUEIRA-Curitiba-942-9628-1323693-0,-1.0,-25.492345,-49.292961,,False,3,2,2023-06-16T20:31:39.522568+00:00
CUR_MI851,Curitiba,4106902,1,Auto Viação São José,150,https://moovitapp.com/index/pt-br/transporte_p%C3%BAblico-line-150_T_AFONSO_PENA_PIT_BORDA_DO_CAMPO-Curitiba-942-857412-53904521-0,-1.0,-25.422288,-49.284695,,False,7,2,2023-06-16T20:30:39.522568+00:00
CUR_DA033,Curitiba,4106902,1,,621,,,-25.47616,-49.256776,,False,1,1,2023-06-16T20:30:39.522568+00:00
CUR_DA298,Curitiba,4106902,1,,621,,,-25.480261,-49.26817,,False,1,2,2023-06-16T20:31:39.522568+00:00
CUR_EA013,Curitiba,4106902,1,,621,,,-25.47541,-49.25887,,False,1,2,2023-06-16T20:30:39.522568+00:00
CUR_EI011,Curitiba,4106902,1,,X03,,,-25.526888,-49.237661,,False,1,1,2023-06-16T20:30:39.522568+00:00
CUR_EI015,Curitiba,4106902,1,,511,,,-25.481181,-49.247863,,False,1,2,2023-06-16T20:30:39.522568+00:00
CUR_EI019,Curitiba,4106902,1,,511,,,-25.502475,-49.252033,,False,1,1,2023-06-16T20:31:39.522568+00:00
CUR_EA023,Curitiba,4106902,1,Auto Viação São José,531,https://moovitapp.com/index/pt-br/transporte_p%C3%BAblico-line-531_BAIRRO_A_BAIRRO_1-Curitiba-942-857412-1570571-0,-1.0,-25.529448,-49.24772,,False,1,1,2023-06-16T20:30:39.522568+00:00
CUR_EA024,Curitiba,4106902,1,Auto Viação São José,531,https://moovitapp.com/index/pt-br/transporte_p%C3%BAblico-line-531_BAIRRO_A_BAIRRO_1-Curitiba-942-857412-1570571-0,-1.0,-25.522631,-49.241615,,False,1,2,2023-06-16T20:30:39.522568+00:00
CUR_EA002,Curitiba,4106902,1,Auto Viação São José,531,https://moovitapp.com/index/pt-br/transporte_p%C3%BAblico-line-531_BAIRRO_A_BAIRRO_1-Curitiba-942-857412-1570571-0,-1.0,-25.52121,-49.237835,,False,1,2,2023-06-16T20:30:39.522568+00:00
CUR_EA213,Curitiba,4106902,1,Auto Viação São José,531,https://moovitapp.com/index/pt-br/transporte_p%C3%BAblico-line-531_BAIRRO_A_BAIRRO_1-Curitiba-942-857412-1570571-0,-1.0,-25.531323,-49.244181,,False,1,1,2023-06-16T20:30:39.522568+00:00
CUR_BA025,Curitiba,4106902,1,,233,,,-25.374531,-49.216198,,False,1,,2023-06-16T20:30:39.522568+00:00
CUR_BA032,Curitiba,4106902,1,,233,,,-25.376805,-49.223541,,False,1,,2023-06-16T20:29:39.522568+00:00
CUR_BA024,Curitiba,4106902,1,,233,,,-25.368663,-49.20892,,False,1,,2023-06-16T20:28:39.522568+00:00
CUR_BA010,Curitiba,4106902,1,,822,,,-25.437715,-49.355083,,False,1,1,2023-06-16T20:31:39.522568+00:00
CUR_BA011,Curitiba,4106902,1,,822,,,-25.435533,-49.349891,,False,1,2,2023-06-16T20:27:39.522568+00:00
CUR_BL340,Curitiba,4106902,1,URBS,256,https://moovitapp.com/index/pt-br/transporte_p%C3%BAblico-line-256_BARREIRINHA_GUADALUPE-Curitiba-942-9628-398191-0,-1.0,-25.419706,-49.26911,,False,3,1,2023-06-16T20:30:39.522568+00:00
CUR_BL300,Curitiba,4106902,0,URBS,256,https://moovitapp.com/index/pt-br/transporte_p%C3%BAblico-line-256_BARREIRINHA_GUADALUPE-Curitiba-942-9628-398191-0,-1.0,-25.413188,-49.265718,,False,3,2,2023-06-16T20:28:39.522568+00:00
CUR_BL334,Curitiba,4106902,0,URBS,256,https://moovitapp.com/index/pt-br/transporte_p%C3%BAblico-line-256_BARREIRINHA_GUADALUPE-Curitiba-942-9628-398191-0,-1.0,-25.42593,-49.26567,,False,3,1,2023-06-16T20:31:39.522568+00:00
CUR_BL319,Curitiba,4106902,0,URBS,256,https://moovitapp.com/index/pt-br/transporte_p%C3%BAblico-line-256_BARREIRINHA_GUADALUPE-Curitiba-942-9628-398191-0,-1.0,-25.380598,-49.261436,,False,3,2,2023-06-16T20:30:39.522568+00:00
CUR_BI004,Curitiba,4106902,1,Auto Viação São José,211,https://moovitapp.com/index/pt-br/transporte_p%C3%BAblico-line-211_PIT_PRA%C3%87A_DA_JUVENTUDE_IZAURA_IP%C3%8A-Curitiba-942-857412-73553392-0,-1.0,-25.40648,-49.251758,,False,1,1,2023-06-16T20:29:39.522568+00:00
CUR_BI003,Curitiba,4106902,1,Auto Viação São José,211,https://moovitapp.com/index/pt-br/transporte_p%C3%BAblico-line-211_PIT_PRA%C3%87A_DA_JUVENTUDE_IZAURA_IP%C3%8A-Curitiba-942-857412-73553392-0,-1.0,-25.409981,-49.220111,,False,1,2,2023-06-16T20:29:39.522568+00:00
CUR_BI001,Curitiba,4106902,1,Auto Viação São José,211,https://moovitapp.com/index/pt-br/transporte_p%C3%BAblico-line-211_PIT_PRA%C3%87A_DA_JUVENTUDE_IZAURA_IP%C3%8A-Curitiba-942-857412-73553392-0,-1.0,-25.409873,-49.224986,,False,1,1,2023-06-16T20:30:39.522568+00:00
CUR_HI046,Curitiba,4106902,1,,615,,,-25.484056,-49.305238,,False,1,1,2023-06-16T20:29:39.522568+00:00
CUR_HI600,Curitiba,4106902,1,,646,,,-25.593483,-49.327426,,False,4,1,2023-06-16T20:31:39.522568+00:00
CUR_HA030,Curitiba,4106902,1,,646,,,-25.527053,-49.298255,,False,1,2,2023-06-16T20:28:39.522568+00:00
CUR_HI021,Curitiba,4106902,1,,646,,,-25.533618,-49.300508,,False,1,1,2023-06-16T20:29:39.522568+00:00
CUR_HI032,Curitiba,4106902,1,,646,,,-25.586866,-49.322185,,False,1,1,2023-06-16T20:28:39.522568+00:00
CUR_HA607,Curitiba,4106902,1,,646,,,-25.556751,-49.30647,,False,4,2,2023-06-16T20:28:39.522568+00:00
CUR_HB698,Curitiba,4106902,1,,027,,,-25.457118,-49.30327,,False,4,2,2023-06-16T20:31:39.522568+00:00
CUR_KB697,Curitiba,4106902,0,,027,,,-25.491633,-49.295908,,False,4,1,2023-06-16T20:29:39.522568+00:00
CUR_KB699,Curitiba,4106902,0,,027,,,-25.484183,-49.298353,,False,4,2,2023-06-16T20:30:39.522568+00:00
CUR_GE727,Curitiba,4106902,0,URBS,550,https://moovitapp.com/index/pt-br/transporte_p%C3%BAblico-line-550_LIGEIR%C3%83O_PINHEIRINHO_CARLOS_GOMES-Curitiba-942-9628-1254061-0,-1.0,-25.438425,-49.26834,,False,5,1,2023-06-16T20:30:39.522568+00:00
CUR_HE719,Curitiba,4106902,0,URBS,550,https://moovitapp.com/index/pt-br/transporte_p%C3%BAblico-line-550_LIGEIR%C3%83O_PINHEIRINHO_CARLOS_GOMES-Curitiba-942-9628-1254061-0,-1.0,-25.506731,-49.284395,,False,5,2,2023-06-16T20:29:39.522568+00:00
CUR_HE716,Curitiba,4106902,0,URBS,550,https://moovitapp.com/index/pt-br/transporte_p%C3%BAblico-line-550_LIGEIR%C3%83O_PINHEIRINHO_CARLOS_GOMES-Curitiba-942-9628-1254061-0,-1.0,-25.51271,-49.294655,,False,5,2,2023-06-16T20:29:39.522568+00:00
CUR_HE702,Curitiba,4106902,0,URBS,550,https://moovitapp.com/index/pt-br/transporte_p%C3%BAblico-line-550_LIGEIR%C3%83O_PINHEIRINHO_CARLOS_GOMES-Curitiba-942-9628-1254061-0,-1.0,-25.436696,-49.26917,,False,5,1,2023-06-16T20:29:39.522568+00:00
CUR_GE706,Curitiba,4106902,0,URBS,550,https://moovitapp.com/index/pt-br/transporte_p%C3%BAblico-line-550_LIGEIR%C3%83O_PINHEIRINHO_CARLOS_GOMES-Curitiba-942-9628-1254061-0,-1.0,-25.463353,-49.256131,,False,5,1,2023-06-16T20:30:39.522568+00:00
CUR_GE708,Curitiba,4106902,0,URBS,550,https://moovitapp.com/index/pt-br/transporte_p%C3%BAblico-line-550_LIGEIR%C3%83O_PINHEIRINHO_CARLOS_GOMES-Curitiba-942-9628-1254061-0,-1.0,-25.44478,-49.265246,,False,5,2,2023-06-16T20:30:39.522568+00:00
CUR_GE701,Curitiba,4106902,0,URBS,550,https://moovitapp.com/index/pt-br/transporte_p%C3%BAblico-line-550_LIGEIR%C3%83O_PINHEIRINHO_CARLOS_GOMES-Curitiba-942-9628-1254061-0,-1.0,-25.458758,-49.258348,,False,5,1,2023-06-16T20:30:39.522568+00:00
CUR_HE722,Curitiba,4106902,0,URBS,550,https://moovitapp.com/index/pt-br/transporte_p%C3%BAblico-line-550_LIGEIR%C3%83O_PINHEIRINHO_CARLOS_GOMES-Curitiba-942-9628-1254061-0,-1.0,-25.457918,-49.25882,,False,5,1,2023-06-16T20:29:39.522568+00:00
CUR_GE731,Curitiba,4106902,0,URBS,550,https://moovitapp.com/index/pt-br/transporte_p%C3%BAblico-line-550_LIGEIR%C3%83O_PINHEIRINHO_CARLOS_GOMES-Curitiba-942-9628-1254061-0,-1.0,-25.512123,-49.294651,,False,5,1,2023-06-16T20:30:39.522568+00:00
CUR_GE725,Curitiba,4106902,0,URBS,550,https://moovitapp.com/index/pt-br/transporte_p%C3%BAblico-line-550_LIGEIR%C3%83O_PINHEIRINHO_CARLOS_GOMES-Curitiba-942-9628-1254061-0,-1.0,-25.512538,-49.29467,,False,5,1,2023-06-16T20:30:39.522568+00:00
CUR_HE700,Curitiba,4106902,0,URBS,550,https://moovitapp.com/index/pt-br/transporte_p%C3%BAblico-line-550_LIGEIR%C3%83O_PINHEIRINHO_CARLOS_GOMES-Curitiba-942-9628-1254061-0,-1.0,-25.51239,-49.28893,,False,5,2,2023-06-16T20:30:39.522568+00:00
CUR_HE613,Curitiba,4106902,0,URBS,550,https://moovitapp.com/index/pt-br/transporte_p%C3%BAblico-line-550_LIGEIR%C3%83O_PINHEIRINHO_CARLOS_GOMES-Curitiba-942-9628-1254061-0,-1.0,-25.454755,-49.26044,,False,4,2,2023-06-16T20:29:39.522568+00:00
CUR_HE730,Curitiba,4106902,0,URBS,550,https://moovitapp.com/index/pt-br/transporte_p%C3%BAblico-line-550_LIGEIR%C3%83O_PINHEIRINHO_CARLOS_GOMES-Curitiba-942-9628-1254061-0,-1.0,-25.444048,-49.26561,,False,5,2,2023-06-16T20:30:39.522568+00:00
CUR_HA017,Curitiba,4106902,1,,653,,,-25.499021,-49.342791,,False,1,1,2023-06-16T20:28:39.522568+00:00
CUR_HA199,Curitiba,4106902,1,,653,,,-25.50666,-49.355863,,False,1,2,2023-06-16T20:28:39.522568+00:00
CUR_HI299,Curitiba,4106902,1,,653,,,-25.506216,-49.334641,,False,1,2,2023-06-16T20:30:39.522568+00:00
CUR_GI021,Curitiba,4106902,1,,636,,,-25.5452,-49.28891,,False,1,2,2023-06-16T20:31:39.522568+00:00
CUR_GC016,Curitiba,4106902,1,,636,,,-25.527403,-49.290231,,False,1,1,2023-06-16T20:30:39.522568+00:00
CUR_GI009,Curitiba,4106902,1,,616,,,-25.475461,-49.28784,,False,1,2,2023-06-16T20:30:39.522568+00:00
CUR_GI851,Curitiba,4106902,1,,616,,,-25.485298,-49.285658,,False,7,2,2023-06-16T20:30:39.522568+00:00
CUR_GI029,Curitiba,4106902,1,,631,,,-25.520238,-49.295663,,False,1,,2023-06-16T20:30:39.522568+00:00
CUR_GI045,Curitiba,4106902,1,,635,,,-25.541031,-49.29416,,False,1,1,2023-06-16T20:30:39.522568+00:00
CUR_GI002,Curitiba,4106902,1,,553,,,-25.562088,-49.25274,,False,1,2,2023-06-16T20:30:39.522568+00:00
CUR_GI005,Curitiba,4106902,1,,553,,,-25.552945,-49.250358,,False,1,2,2023-06-16T20:30:39.522568+00:00
CUR_GA181,Curitiba,4106902,1,,553,,,-25.561308,-49.251755,,False,1,1,2023-06-16T20:30:39.522568+00:00
CUR_GA180,Curitiba,4106902,1,,553,,,-25.543158,-49.268471,,False,1,1,2023-06-16T20:30:39.522568+00:00
CUR_JI016,Curitiba,4106902,1,,721,,,-25.492443,-49.346773,,False,1,1,2023-06-16T20:30:39.522568+00:00
CUR_JA023,Curitiba,4106902,1,,721,,,-25.50102,-49.348323,,False,1,1,2023-06-16T20:30:39.522568+00:00
CUR_JA301,Curitiba,4106902,1,,826,,,-25.496458,-49.342348,,False,3,1,2023-06-16T20:31:39.522568+00:00
CUR_HI013,Curitiba,4106902,1,,826,,,-25.514136,-49.336948,,False,1,2,2023-06-16T20:28:39.522568+00:00
CUR_HA024,Curitiba,4106902,1,,826,,,-25.443781,-49.353343,,False,1,1,2023-06-16T20:29:39.522568+00:00
CUR_HA005,Curitiba,4106902,1,,826,,,-25.50653,-49.34011,,False,1,1,2023-06-16T20:30:39.522568+00:00
CUR_HC011,Curitiba,4106902,1,,826,,,-25.492753,-49.34358,,False,1,2,2023-06-16T20:30:39.522568+00:00
CUR_HI044,Curitiba,4106902,1,,826,,,-25.483115,-49.347753,,False,1,2,2023-06-16T20:29:39.522568+00:00
CUR_JI862,Curitiba,4106902,1,,713,,,-25.487348,-49.326075,,False,7,2,2023-06-16T20:30:39.522568+00:00
CUR_DA023,Curitiba,4106902,1,,336,,,-25.49621,-49.202243,,False,1,2,2023-06-16T20:29:39.522568+00:00
CUR_EA006,Curitiba,4106902,1,,336,,,-25.470035,-49.208338,,False,1,2,2023-06-16T20:30:39.522568+00:00
CUR_EA004,Curitiba,4106902,1,,336,,,-25.474391,-49.19785,,False,1,1,2023-06-16T20:29:39.522568+00:00
CUR_JI866,Curitiba,4106902,1,,862,,,-25.449241,-49.3067,,False,7,1,2023-06-16T20:29:39.522568+00:00
CUR_BI850,Curitiba,4106902,1,,862,,,-25.449258,-49.299805,,False,7,2,2023-06-16T20:30:39.522568+00:00
CUR_HA198,Curitiba,4106902,1,,612,,,-25.479583,-49.307328,,False,1,1,2023-06-16T20:31:39.522568+00:00
CUR_HA191,Curitiba,4106902,1,,612,,,-25.498118,-49.321638,,False,1,2,2023-06-16T20:28:39.522568+00:00
CUR_HA011,Curitiba,4106902,1,,612,,,-25.477863,-49.294671,,False,1,2,2023-06-16T20:31:39.522568+00:00
CUR_CI005,Curitiba,4106902,1,,341,,,-25.388496,-49.20744,,False,1,2,2023-06-16T20:29:39.522568+00:00
CUR_CI001,Curitiba,4106902,1,,341,,,-25.41335,-49.204248,,False,1,1,2023-06-16T20:30:39.522568+00:00
CUR_BA002,Curitiba,4106902,1,,243,,,-25.399076,-49.19982,,False,1,1,2023-06-16T20:30:39.522568+00:00
CUR_BI886,Curitiba,4106902,1,,244,,,-25.373465,-49.252686,,False,7,1,2023-06-16T20:28:39.522568+00:00
CUR_BI901,Curitiba,4106902,1,,176,,,-25.418478,-49.268808,,False,7,1,2023-06-16T20:29:39.522568+00:00
CUR_DA293,Curitiba,4106902,1,,474,,,-25.435006,-49.268685,,False,1,1,2023-06-16T20:30:39.522568+00:00
CUR_BC013,Curitiba,4106902,1,,205,,,-25.424083,-49.270041,,False,1,1,2023-06-16T20:30:39.522568+00:00
CUR_BC311,Curitiba,4106902,1,,205,,,-25.425885,-49.26872,,False,3,2,2023-06-16T20:29:39.522568+00:00
CUR_BC301,Curitiba,4106902,1,,205,,,-25.38482,-49.261638,,False,3,1,2023-06-16T20:27:39.522568+00:00
CUR_BC307,Curitiba,4106902,1,,205,,,-25.377686,-49.262365,,False,3,2,2023-06-16T20:29:39.522568+00:00
CUR_BC309,Curitiba,4106902,1,,205,,,-25.413545,-49.256033,,False,3,2,2023-06-16T20:30:39.522568+00:00
CUR_BC300,Curitiba,4106902,1,,170,,,-25.388478,-49.283091,,False,3,1,2023-06-16T20:28:39.522568+00:00
CUR_BC321,Curitiba,4106902,1,,170,,,-25.426906,-49.271145,,False,3,2,2023-06-16T20:30:39.522568+00:00
CUR_BC022,Curitiba,4106902,1,,170,,,-25.386576,-49.282506,,False,1,2,2023-06-16T20:30:39.522568+00:00
CUR_BC322,Curitiba,4106902,1,,170,,,-25.381248,-49.296061,,False,3,2,2023-06-16T20:30:39.522568+00:00
CUR_BI019,Curitiba,4106902,1,,231,,,-25.377213,-49.223578,,False,1,2,2023-06-16T20:30:39.522568+00:00
CUR_BA027,Curitiba,4106902,1,,231,,,-25.363861,-49.210393,,False,1,2,2023-06-16T20:30:39.522568+00:00
CUR_DN606,Curitiba,4106902,0,,387,,,-25.444158,-49.223335,,False,7,1,2023-06-16T20:30:39.522568+00:00
CUR_BC011,Curitiba,4106902,1,,166,,,-25.398226,-49.288138,,False,1,2,2023-06-16T20:28:39.522568+00:00
CUR_BC012,Curitiba,4106902,1,,166,,,-25.414761,-49.279298,,False,1,1,2023-06-16T20:26:39.522568+00:00
CUR_HL315,Curitiba,4106902,0,URBS,X35,https://moovitapp.com/index/pt-br/transporte_p%C3%BAblico-line-X35_PINHEIRINHO_PREFEITURA-Curitiba-942-9628-778958-0,-1.0,-25.4468,-49.276698,,False,3,1,2023-06-16T20:28:39.522568+00:00
CUR_HL305,Curitiba,4106902,0,URBS,X35,https://moovitapp.com/index/pt-br/transporte_p%C3%BAblico-line-X35_PINHEIRINHO_PREFEITURA-Curitiba-942-9628-778958-0,-1.0,-25.479715,-49.292276,,False,3,1,2023-06-16T20:30:39.522568+00:00
CUR_HL115,Curitiba,4106902,0,URBS,X35,https://moovitapp.com/index/pt-br/transporte_p%C3%BAblico-line-X35_PINHEIRINHO_PREFEITURA-Curitiba-942-9628-778958-0,-1.0,-25.480671,-49.292553,,False,3,2,2023-06-16T20:28:39.522568+00:00
CUR_HL322,Curitiba,4106902,0,URBS,X35,https://moovitapp.com/index/pt-br/transporte_p%C3%BAblico-line-X35_PINHEIRINHO_PREFEITURA-Curitiba-942-9628-778958-0,-1.0,-25.476335,-49.292925,,False,3,2,2023-06-16T20:30:39.522568+00:00
CUR_HL117,Curitiba,4106902,0,URBS,X35,https://moovitapp.com/index/pt-br/transporte_p%C3%BAblico-line-X35_PINHEIRINHO_PREFEITURA-Curitiba-942-9628-778958-0,-1.0,-25.469641,-49.295593,,False,3,2,2023-06-16T20:30:39.522568+00:00
CUR_HL317,Curitiba,4106902,0,URBS,X35,https://moovitapp.com/index/pt-br/transporte_p%C3%BAblico-line-X35_PINHEIRINHO_PREFEITURA-Curitiba-942-9628-778958-0,-1.0,-25.448166,-49.285035,,False,3,2,2023-06-16T20:30:39.522568+00:00
CUR_HL497,Curitiba,4106902,1,URBS,X35,https://moovitapp.com/index/pt-br/transporte_p%C3%BAblico-line-X35_PINHEIRINHO_PREFEITURA-Curitiba-942-9628-778958-0,-1.0,-25.414791,-49.266081,,False,3,2,2023-06-16T20:28:39.522568+00:00
CUR_GE607,Curitiba,4106902,0,URBS,350,https://moovitapp.com/index/pt-br/transporte_p%C3%BAblico-line-350_FAGUNDES_VARELA_PINHEIRINHO-Curitiba-942-9628-52482798-0,-1.0,-25.468846,-49.253681,,False,4,2,2023-06-16T20:30:39.522568+00:00
CUR_BE718,Curitiba,4106902,0,URBS,350,https://moovitapp.com/index/pt-br/transporte_p%C3%BAblico-line-350_FAGUNDES_VARELA_PINHEIRINHO-Curitiba-942-9628-52482798-0,-1.0,-25.51175,-49.294121,,False,5,2,2023-06-16T20:30:39.522568+00:00
CUR_BE724,Curitiba,4106902,0,URBS,350,https://moovitapp.com/index/pt-br/transporte_p%C3%BAblico-line-350_FAGUNDES_VARELA_PINHEIRINHO-Curitiba-942-9628-52482798-0,-1.0,-25.474283,-49.258065,,False,5,1,2023-06-16T20:31:39.522568+00:00
CUR_HE718,Curitiba,4106902,0,URBS,350,https://moovitapp.com/index/pt-br/transporte_p%C3%BAblico-line-350_FAGUNDES_VARELA_PINHEIRINHO-Curitiba-942-9628-52482798-0,-1.0,-25.410003,-49.220208,,False,5,1,2023-06-16T20:29:39.522568+00:00
CUR_BL324,Curitiba,4106902,0,URBS,023,https://moovitapp.com/index/pt-br/transporte_p%C3%BAblico-line-023_INTER_2_ANTI_HOR%C3%81RIO-Curitiba-942-9628-398189-0,-1.0,-25.431613,-49.295533,,False,3,,2023-06-16T20:27:39.522568+00:00
CUR_BL311,Curitiba,4106902,0,URBS,023,https://moovitapp.com/index/pt-br/transporte_p%C3%BAblico-line-023_INTER_2_ANTI_HOR%C3%81RIO-Curitiba-942-9628-398189-0,-1.0,-25.40868,-49.249908,,False,3,,2023-06-16T20:30:39.522568+00:00
CUR_BL330,Curitiba,4106902,0,URBS,023,https://moovitapp.com/index/pt-br/transporte_p%C3%BAblico-line-023_INTER_2_ANTI_HOR%C3%81RIO-Curitiba-942-9628-398189-0,-1.0,-25.460526,-49.299078,,False,3,,2023-06-16T20:30:39.522568+00:00
CUR_BL611,Curitiba,4106902,0,URBS,023,https://moovitapp.com/index/pt-br/transporte_p%C3%BAblico-line-023_INTER_2_ANTI_HOR%C3%81RIO-Curitiba-942-9628-398189-0,-1.0,-25.45422,-49.230425,,False,4,,2023-06-16T20:29:39.522568+00:00
CUR_BL609,Curitiba,4106902,0,URBS,023,https://moovitapp.com/index/pt-br/transporte_p%C3%BAblico-line-023_INTER_2_ANTI_HOR%C3%81RIO-Curitiba-942-9628-398189-0,-1.0,-25.417118,-49.271038,,False,4,,2023-06-16T20:29:39.522568+00:00
CUR_MR800,Curitiba,4106902,0,URBS,023,https://moovitapp.com/index/pt-br/transporte_p%C3%BAblico-line-023_INTER_2_ANTI_HOR%C3%81RIO-Curitiba-942-9628-398189-0,-1.0,-25.491993,-49.289046,,False,4,,2023-06-16T20:31:39.522568+00:00
CUR_HL698,Curitiba,4106902,0,URBS,023,https://moovitapp.com/index/pt-br/transporte_p%C3%BAblico-line-023_INTER_2_ANTI_HOR%C3%81RIO-Curitiba-942-9628-398189-0,-1.0,-25.465033,-49.234543,,False,4,,2023-06-16T20:30:39.522568+00:00
CUR_CL600,Curitiba,4106902,0,URBS,023,https://moovitapp.com/index/pt-br/transporte_p%C3%BAblico-line-023_INTER_2_ANTI_HOR%C3%81RIO-Curitiba-942-9628-398189-0,-1.0,-25.496558,-49.286013,,False,4,,2023-06-16T20:31:39.522568+00:00
CUR_BL603,Curitiba,4106902,0,URBS,023,https://moovitapp.com/index/pt-br/transporte_p%C3%BAblico-line-023_INTER_2_ANTI_HOR%C3%81RIO-Curitiba-942-9628-398189-0,-1.0,-25.442856,-49.222148,,False,4,,2023-06-16T20:27:39.522568+00:00
CUR_EL602,Curitiba,4106902,0,URBS,023,https://moovitapp.com/index/pt-br/transporte_p%C3%BAblico-line-023_INTER_2_ANTI_HOR%C3%81RIO-Curitiba-942-9628-398189-0,-1.0,-25.459225,-49.302498,,False,4,,2023-06-16T20:30:39.522568+00:00
CUR_DR803,Curitiba,4106902,0,URBS,023,https://moovitapp.com/index/pt-br/transporte_p%C3%BAblico-line-023_INTER_2_ANTI_HOR%C3%81RIO-Curitiba-942-9628-398189-0,-1.0,-25.422521,-49.291631,,False,4,,2023-06-16T20:30:39.522568+00:00
CUR_ML309,Curitiba,4106902,0,URBS,023,https://moovitapp.com/index/pt-br/transporte_p%C3%BAblico-line-023_INTER_2_ANTI_HOR%C3%81RIO-Curitiba-942-9628-398189-0,-1.0,-25.414615,-49.2792,,False,3,,2023-06-16T20:30:39.522568+00:00
CUR_DR804,Curitiba,4106902,0,URBS,023,https://moovitapp.com/index/pt-br/transporte_p%C3%BAblico-line-023_INTER_2_ANTI_HOR%C3%81RIO-Curitiba-942-9628-398189-0,-1.0,-25.439665,-49.222158,,False,4,,2023-06-16T20:29:39.522568+00:00
CUR_JL601,Curitiba,4106902,0,URBS,023,https://moovitapp.com/index/pt-br/transporte_p%C3%BAblico-line-023_INTER_2_ANTI_HOR%C3%81RIO-Curitiba-942-9628-398189-0,-1.0,-25.417421,-49.247398,,False,4,,2023-06-16T20:30:39.522568+00:00
CUR_BL313,Curitiba,4106902,0,URBS,023,https://moovitapp.com/index/pt-br/transporte_p%C3%BAblico-line-023_INTER_2_ANTI_HOR%C3%81RIO-Curitiba-942-9628-398189-0,-1.0,-25.40877,-49.249738,,False,3,,2023-06-16T20:29:39.522568+00:00
CUR_HL600,Curitiba,4106902,0,URBS,023,https://moovitapp.com/index/pt-br/transporte_p%C3%BAblico-line-023_INTER_2_ANTI_HOR%C3%81RIO-Curitiba-942-9628-398189-0,-1.0,-25.439671,-49.222146,,False,4,,2023-06-16T20:28:39.522568+00:00
CUR_BL315,Curitiba,4106902,0,URBS,023,https://moovitapp.com/index/pt-br/transporte_p%C3%BAblico-line-023_INTER_2_ANTI_HOR%C3%81RIO-Curitiba-942-9628-398189-0,-1.0,-25.485951,-49.294155,,False,3,,2023-06-16T20:26:39.522568+00:00
CUR_JL603,Curitiba,4106902,0,URBS,023,https://moovitapp.com/index/pt-br/transporte_p%C3%BAblico-line-023_INTER_2_ANTI_HOR%C3%81RIO-Curitiba-942-9628-398189-0,-1.0,-25.453476,-49.304506,,False,4,,2023-06-16T20:30:39.522568+00:00
CUR_HL602,Curitiba,4106902,0,URBS,023,https://moovitapp.com/index/pt-br/transporte_p%C3%BAblico-line-023_INTER_2_ANTI_HOR%C3%81RIO-Curitiba-942-9628-398189-0,-1.0,-25.452253,-49.229861,,False,4,,2023-06-16T20:29:39.522568+00:00
CUR_EL303,Curitiba,4106902,0,URBS,023,https://moovitapp.com/index/pt-br/transporte_p%C3%BAblico-line-023_INTER_2_ANTI_HOR%C3%81RIO-Curitiba-942-9628-398189-0,-1.0,-25.493888,-49.286708,,False,3,,2023-06-16T20:30:39.522568+00:00
CUR_JL600,Curitiba,4106902,0,URBS,023,https://moovitapp.com/index/pt-br/transporte_p%C3%BAblico-line-023_INTER_2_ANTI_HOR%C3%81RIO-Curitiba-942-9628-398189-0,-1.0,-25.479388,-49.246885,,False,4,,2023-06-16T20:31:39.522568+00:00
CUR_CL302,Curitiba,4106902,0,URBS,023,https://moovitapp.com/index/pt-br/transporte_p%C3%BAblico-line-023_INTER_2_ANTI_HOR%C3%81RIO-Curitiba-942-9628-398189-0,-1.0,-25.430603,-49.210565,,False,3,,2023-06-16T20:30:39.522568+00:00
CUR_EL603,Curitiba,4106902,0,URBS,023,https://moovitapp.com/index/pt-br/transporte_p%C3%BAblico-line-023_INTER_2_ANTI_HOR%C3%81RIO-Curitiba-942-9628-398189-0,-1.0,-25.41713,-49.268451,,False,4,,2023-06-16T20:30:39.522568+00:00
CUR_GL600,Curitiba,4106902,0,URBS,023,https://moovitapp.com/index/pt-br/transporte_p%C3%BAblico-line-023_INTER_2_ANTI_HOR%C3%81RIO-Curitiba-942-9628-398189-0,-1.0,-25.437795,-49.311486,,False,4,,2023-06-16T20:30:39.522568+00:00
CUR_BL333,Curitiba,4106902,0,URBS,023,https://moovitapp.com/index/pt-br/transporte_p%C3%BAblico-line-023_INTER_2_ANTI_HOR%C3%81RIO-Curitiba-942-9628-398189-0,-1.0,-25.423306,-49.291608,,False,3,,2023-06-16T20:29:39.522568+00:00
CUR_BL317,Curitiba,4106902,0,URBS,023,https://moovitapp.com/index/pt-br/transporte_p%C3%BAblico-line-023_INTER_2_ANTI_HOR%C3%81RIO-Curitiba-942-9628-398189-0,-1.0,-25.476946,-49.292463,,False,3,,2023-06-16T20:28:39.522568+00:00
CUR_BL325,Curitiba,4106902,0,URBS,023,https://moovitapp.com/index/pt-br/transporte_p%C3%BAblico-line-023_INTER_2_ANTI_HOR%C3%81RIO-Curitiba-942-9628-398189-0,-1.0,-25.466118,-49.300675,,False,3,,2023-06-16T20:30:39.522568+00:00
CUR_DL300,Curitiba,4106902,0,URBS,023,https://moovitapp.com/index/pt-br/transporte_p%C3%BAblico-line-023_INTER_2_ANTI_HOR%C3%81RIO-Curitiba-942-9628-398189-0,-1.0,-25.439988,-49.222968,,False,3,,2023-06-16T20:30:39.522568+00:00
CUR_BI860,Curitiba,4106902,1,,224,,,-25.382863,-49.23579,,False,7,,2023-06-16T20:31:39.522568+00:00
CUR_DA850,Curitiba,4106902,1,,466,,,-25.434063,-49.260821,,False,7,2,2023-06-16T20:28:39.522568+00:00
CUR_BB308,Curitiba,4106902,1,,011,,,-25.453733,-49.277498,,False,10,,2023-06-16T20:31:39.522568+00:00
CUR_BB305,Curitiba,4106902,1,,011,,,-25.41745,-49.252568,,False,10,,2023-06-16T20:28:39.522568+00:00
CUR_BB309,Curitiba,4106902,1,,011,,,-25.436871,-49.292405,,False,10,,2023-06-16T20:29:39.522568+00:00
CUR_GI018,Curitiba,4106902,1,,625,,,-25.505341,-49.287866,,False,1,2,2023-06-16T20:30:39.522568+00:00
CUR_GI041,Curitiba,4106902,1,,625,,,-25.531058,-49.267126,,False,1,2,2023-06-16T20:31:39.522568+00:00
CUR_GI036,Curitiba,4106902,1,,625,,,-25.519003,-49.276158,,False,1,1,2023-06-16T20:30:39.522568+00:00
CUR_GI022,Curitiba,4106902,1,,625,,,-25.515398,-49.275308,,False,1,2,2023-06-16T20:30:39.522568+00:00
CUR_GI300,Curitiba,4106902,1,,625,,,-25.531241,-49.267598,,False,3,1,2023-06-16T20:30:39.522568+00:00
CUR_BC001,Curitiba,4106902,1,,375,,,-25.417985,-49.203968,,False,1,1,2023-06-16T20:29:39.522568+00:00
CUR_BC029,Curitiba,4106902,1,,375,,,-25.427515,-49.238481,,False,1,2,2023-06-16T20:28:39.522568+00:00
CUR_BC932,Curitiba,4106902,1,,365,,,-25.422355,-49.255201,,False,7,2,2023-06-16T20:30:39.522568+00:00
CUR_BI881,Curitiba,4106902,1,,385,,,-25.435266,-49.243003,,False,7,1,2023-06-16T20:29:39.522568+00:00
CUR_GI026,Curitiba,4106902,1,,639,,,-25.522776,-49.294651,,False,1,1,2023-06-16T20:30:39.522568+00:00
CUR_GI017,Curitiba,4106902,1,,639,,,-25.552508,-49.288506,,False,1,2,2023-06-16T20:30:39.522568+00:00
CUR_GC005,Curitiba,4106902,1,,639,,,-25.535866,-49.295441,,False,1,1,2023-06-16T20:30:39.522568+00:00
CUR_DC293,Curitiba,4106902,1,,332,,,-25.466723,-49.194843,,False,1,,2023-06-16T20:29:39.522568+00:00
CUR_DA296,Curitiba,4106902,1,,332,,,-25.470095,-49.208065,,False,1,,2023-06-16T20:29:39.522568+00:00
CUR_EA077,Curitiba,4106902,1,,332,,,-25.4672,-49.194738,,False,1,,2023-06-16T20:27:39.522568+00:00
CUR_DA020,Curitiba,4106902,0,,323,,,-25.449778,-49.20004,,False,1,,2023-06-16T20:30:39.522568+00:00
CUR_EA001,Curitiba,4106902,1,,323,,,-25.450821,-49.208588,,False,1,,2023-06-16T20:30:39.522568+00:00
CUR_BB307,Curitiba,4106902,1,,010,,,-25.450136,-49.281815,,False,10,,2023-06-16T20:29:39.522568+00:00
CUR_BB303,Curitiba,4106902,1,,010,,,-25.411721,-49.270463,,False,10,,2023-06-16T20:30:39.522568+00:00
CUR_BB302,Curitiba,4106902,1,,010,,,-25.43322,-49.259658,,False,10,,2023-06-16T20:29:39.522568+00:00
CUR_HI858,Curitiba,4106902,1,,814,,,-25.430943,-49.32737,,False,7,1,2023-06-16T20:27:39.522568+00:00
CUR_HN616,Curitiba,4106902,1,,814,,,-25.437501,-49.335538,,False,7,1,2023-06-16T20:30:39.522568+00:00
CUR_JI017,Curitiba,4106902,1,,777,,,-25.444478,-49.275483,,False,1,2,2023-06-16T20:31:39.522568+00:00
CUR_JA029,Curitiba,4106902,1,,777,,,-25.4353,-49.273375,,False,1,1,2023-06-16T20:29:39.522568+00:00
CUR_JI001,Curitiba,4106902,1,,777,,,-25.450705,-49.286815,,False,1,1,2023-06-16T20:30:39.522568+00:00
CUR_JA027,Curitiba,4106902,1,,777,,,-25.459471,-49.318651,,False,1,2,2023-06-16T20:30:39.522568+00:00
CUR_HI012,Curitiba,4106902,1,,712,,,-25.49557,-49.337968,,False,1,2,2023-06-16T20:29:39.522568+00:00
CUR_JI011,Curitiba,4106902,1,,712,,,-25.494768,-49.337798,,False,1,1,2023-06-16T20:30:39.522568+00:00
CUR_JA031,Curitiba,4106902,1,,712,,,-25.494568,-49.336668,,False,1,1,2023-06-16T20:30:39.522568+00:00
CUR_JA033,Curitiba,4106902,1,,712,,,-25.485451,-49.334528,,False,1,1,2023-06-16T20:30:39.522568+00:00
CUR_HA312,Curitiba,4106902,1,,712,,,-25.51159,-49.324386,,False,3,1,2023-06-16T20:29:39.522568+00:00
CUR_JI863,Curitiba,4106902,1,,762,,,-25.465033,-49.299776,,False,7,1,2023-06-16T20:30:39.522568+00:00
CUR_JI859,Curitiba,4106902,1,,762,,,-25.459566,-49.296376,,False,7,2,2023-06-16T20:30:39.522568+00:00
CUR_HC851,Curitiba,4106902,1,,674,,,-25.47585,-49.29919,,False,7,1,2023-06-16T20:30:39.522568+00:00
CUR_HI034,Curitiba,4106902,1,,628,,,-25.547716,-49.335443,,False,1,1,2023-06-16T20:29:39.522568+00:00
CUR_HA194,Curitiba,4106902,1,,628,,,-25.494253,-49.298226,,False,1,2,2023-06-16T20:28:39.522568+00:00
CUR_HA021,Curitiba,4106902,1,,628,,,-25.519708,-49.326401,,False,1,1,2023-06-16T20:28:39.522568+00:00
CUR_HI002,Curitiba,4106902,1,,628,,,-25.511555,-49.323558,,False,1,2,2023-06-16T20:27:39.522568+00:00
CUR_BC305,Curitiba,4106902,1,,182,,,-25.375278,-49.274505,,False,3,1,2023-06-16T20:31:39.522568+00:00
CUR_BC306,Curitiba,4106902,1,,182,,,-25.384533,-49.267815,,False,3,2,2023-06-16T20:30:39.522568+00:00
CUR_BC324,Curitiba,4106902,1,,182,,,-25.429858,-49.272511,,False,3,1,2023-06-16T20:29:39.522568+00:00
CUR_BI884,Curitiba,4106902,1,Auto Viação São José,214,https://moovitapp.com/index/pt-br/transporte_p%C3%BAblico-line-214_PIT_PRA%C3%87A_DA_JUVENTUDE_CRISTAL_BLANCO_POMBO_ANTI_HOR%C3%81RIO-Curitiba-942-857412-119631273-0,-1.0,-25.40147,-49.242238,,False,7,2,2023-06-16T20:30:39.522568+00:00
CUR_BI871,Curitiba,4106902,1,Auto Viação São José,214,https://moovitapp.com/index/pt-br/transporte_p%C3%BAblico-line-214_PIT_PRA%C3%87A_DA_JUVENTUDE_CRISTAL_BLANCO_POMBO_ANTI_HOR%C3%81RIO-Curitiba-942-857412-119631273-0,-1.0,-25.390246,-49.224243,,False,7,1,2023-06-16T20:30:39.522568+00:00
CUR_HI854,Curitiba,4106902,1,,673,,,-25.463063,-49.291456,,False,7,2,2023-06-16T20:30:39.522568+00:00
CUR_HI855,Curitiba,4106902,1,,673,,,-25.448905,-49.28216,,False,7,1,2023-06-16T20:31:39.522568+00:00
CUR_MI002,Curitiba,4106902,1,,821,,,-25.429443,-49.360768,,False,1,1,2023-06-16T20:31:39.522568+00:00
CUR_MI005,Curitiba,4106902,1,,821,,,-25.426921,-49.35852,,False,1,2,2023-06-16T20:30:39.522568+00:00
CUR_HI026,Curitiba,4106902,1,,680,,,-25.547606,-49.30383,,False,1,1,2023-06-16T20:29:39.522568+00:00
CUR_HI033,Curitiba,4106902,1,,680,,,-25.578105,-49.33304,,False,1,2,2023-06-16T20:30:39.522568+00:00
CUR_HI040,Curitiba,4106902,1,,680,,,-25.583375,-49.32522,,False,1,1,2023-06-16T20:28:39.522568+00:00
CUR_HA031,Curitiba,4106902,1,,680,,,-25.53197,-49.300308,,False,1,2,2023-06-16T20:28:39.522568+00:00
CUR_HA004,Curitiba,4106902,1,,680,,,-25.57752,-49.33245,,False,1,2,2023-06-16T20:29:39.522568+00:00
CUR_HA010,Curitiba,4106902,1,,680,,,-25.54531,-49.303428,,False,1,1,2023-06-16T20:28:39.522568+00:00
CUR_HI014,Curitiba,4106902,1,,680,,,-25.581933,-49.317701,,False,1,2,2023-06-16T20:30:39.522568+00:00
CUR_BI866,Curitiba,4106902,1,Auto Viação São José,212,https://moovitapp.com/index/pt-br/transporte_p%C3%BAblico-line-212_PIT_PRA%C3%87A_DA_JUVENTUDE_SANTA_F%C3%89_CRISTAL-Curitiba-942-857412-73656311-0,-1.0,-25.39369,-49.226605,,False,7,1,2023-06-16T20:29:39.522568+00:00
CUR_BI857,Curitiba,4106902,1,Auto Viação São José,212,https://moovitapp.com/index/pt-br/transporte_p%C3%BAblico-line-212_PIT_PRA%C3%87A_DA_JUVENTUDE_SANTA_F%C3%89_CRISTAL-Curitiba-942-857412-73656311-0,-1.0,-25.401198,-49.239636,,False,7,2,2023-06-16T20:31:39.522568+00:00
CUR_HB608,Curitiba,4106902,1,,060,,,-25.461435,-49.357951,,False,4,2,2023-06-16T20:29:39.522568+00:00
CUR_HB607,Curitiba,4106902,1,,060,,,-25.528288,-49.298938,,False,4,2,2023-06-16T20:30:39.522568+00:00
CUR_HB606,Curitiba,4106902,1,,060,,,-25.483456,-49.348246,,False,4,1,2023-06-16T20:29:39.522568+00:00
CUR_HR117,Curitiba,4106902,1,,060,,,-25.495985,-49.342528,,False,4,1,2023-06-16T20:27:39.522568+00:00
CUR_HB695,Curitiba,4106902,1,,060,,,-25.50107,-49.34138,,False,4,2,2023-06-16T20:28:39.522568+00:00
CUR_DL301,Curitiba,4106902,0,URBS,305,https://moovitapp.com/index/pt-br/transporte_p%C3%BAblico-line-305_CENTEN%C3%81RIO-Curitiba-942-9628-294271-0,-1.0,-25.444188,-49.238948,,False,3,2,2023-06-16T20:31:39.522568+00:00
CUR_DL308,Curitiba,4106902,0,URBS,305,https://moovitapp.com/index/pt-br/transporte_p%C3%BAblico-line-305_CENTEN%C3%81RIO-Curitiba-942-9628-294271-0,-1.0,-25.436425,-49.253101,,False,3,1,2023-06-16T20:29:39.522568+00:00
CUR_BI900,Curitiba,4106902,1,,386,,,-25.433186,-49.237938,,False,7,2,2023-06-16T20:30:39.522568+00:00
CUR_BC850,Curitiba,4106902,1,,386,,,-25.434198,-49.23688,,False,7,1,2023-06-16T20:30:39.522568+00:00
CUR_HI043,Curitiba,4106902,1,,630,,,-25.543861,-49.332298,,False,1,2,2023-06-16T20:30:39.522568+00:00
CUR_HI027,Curitiba,4106902,1,,630,,,-25.5461,-49.302428,,False,1,1,2023-06-16T20:29:39.522568+00:00
CUR_HI039,Curitiba,4106902,1,,630,,,-25.51882,-49.295631,,False,1,1,2023-06-16T20:29:39.522568+00:00
CUR_HA197,Curitiba,4106902,1,,630,,,-25.541968,-49.321701,,False,1,1,2023-06-16T20:30:39.522568+00:00
CUR_BA034,Curitiba,4106902,1,,243,,,-25.36427,-49.261988,,False,1,1,2023-06-16T20:27:39.522568+00:00
CUR_BI013,Curitiba,4106902,1,,243,,,-25.353783,-49.263195,,False,1,2,2023-06-16T20:31:39.522568+00:00
CUR_BI011,Curitiba,4106902,1,,236,,,-25.37725,-49.224185,,False,1,1,2023-06-16T20:29:39.522568+00:00
CUR_BI014,Curitiba,4106902,1,,236,,,-25.36055,-49.2506,,False,1,2,2023-06-16T20:29:39.522568+00:00
CUR_HA311,Curitiba,4106902,1,,863,,,-25.469981,-49.288176,,False,3,2,2023-06-16T20:29:39.522568+00:00
CUR_HA028,Curitiba,4106902,1,,863,,,-25.428531,-49.272928,,False,1,1,2023-06-16T20:29:39.522568+00:00
CUR_BI300,Curitiba,4106902,1,,207,,,-25.423238,-49.274291,,False,3,1,2023-06-16T20:29:39.522568+00:00
CUR_BC302,Curitiba,4106902,1,,207,,,-25.408493,-49.271718,,False,3,2,2023-06-16T20:27:39.522568+00:00
CUR_BC323,Curitiba,4106902,1,,207,,,-25.429831,-49.2725,,False,3,2,2023-06-16T20:30:39.522568+00:00
CUR_BC308,Curitiba,4106902,1,,207,,,-25.433046,-49.276421,,False,3,1,2023-06-16T20:29:39.522568+00:00
CUR_BI301,Curitiba,4106902,1,,207,,,-25.40178,-49.262493,,False,3,1,2023-06-16T20:30:39.522568+00:00
CUR_BC028,Curitiba,4106902,1,,207,,,-25.403591,-49.25432,,False,1,2,2023-06-16T20:31:39.522568+00:00
CUR_BC280,Curitiba,4106902,1,,207,,,-25.425881,-49.273288,,False,1,2,2023-06-16T20:29:39.522568+00:00
CUR_DN600,Curitiba,4106902,1,,331,,,-25.467821,-49.255813,,False,7,,2023-06-16T20:28:39.522568+00:00
CUR_MI850,Curitiba,4106902,1,,913,,,-25.419383,-49.29403,,False,7,,2023-06-16T20:30:39.522568+00:00
CUR_GL312,Curitiba,4106902,0,URBS,546,https://moovitapp.com/index/pt-br/transporte_p%C3%BAblico-line-546_S%C3%8DTIO_CERCADO_BOQUEIR%C3%83O-Curitiba-942-9628-531687-0,-1.0,-25.524095,-49.227751,,False,3,,2023-06-16T20:29:39.522568+00:00
CUR_GD348,Curitiba,4106902,0,URBS,500,https://moovitapp.com/index/pt-br/transporte_p%C3%BAblico-line-500_LIGEIR%C3%83O_BOQUEIR%C3%83O-Curitiba-942-9628-294422-0,-1.0,-25.468688,-49.253548,,False,5,,2023-06-16T20:27:39.522568+00:00
CUR_HI011,Curitiba,4106902,1,,690,,,-25.515878,-49.316348,,False,1,,2023-06-16T20:30:39.522568+00:00
CUR_BE725,Curitiba,4106902,0,URBS,200,https://moovitapp.com/index/pt-br/transporte_p%C3%BAblico-line-200_LIGEIR%C3%83O_SANTA_C%C3%82NDIDA_PRA%C3%87A_DO_JAP%C3%83O-Curitiba-942-9628-1323763-0,-1.0,-25.446056,-49.286835,,False,5,,2023-06-16T20:31:39.522568+00:00
CUR_BD140,Curitiba,4106902,0,URBS,200,https://moovitapp.com/index/pt-br/transporte_p%C3%BAblico-line-200_LIGEIR%C3%83O_SANTA_C%C3%82NDIDA_PRA%C3%87A_DO_JAP%C3%83O-Curitiba-942-9628-1323763-0,-1.0,-25.438778,-49.269686,,False,5,,2023-06-16T20:31:39.522568+00:00
CUR_GE729,Curitiba,4106902,0,URBS,500,https://moovitapp.com/index/pt-br/transporte_p%C3%BAblico-line-500_LIGEIR%C3%83O_BOQUEIR%C3%83O-Curitiba-942-9628-294422-0,-1.0,-25.455868,-49.259805,,False,5,,2023-06-16T20:30:39.522568+00:00
CUR_MC304,Curitiba,4106902,1,,901,,,-25.419366,-49.29322,,False,3,1,2023-06-16T20:30:39.522568+00:00
CUR_MC306,Curitiba,4106902,1,,901,,,-25.411675,-49.319615,,False,3,1,2023-06-16T20:30:39.522568+00:00
CUR_MC080,Curitiba,4106902,1,,901,,,-25.419268,-49.293135,,False,1,2,2023-06-16T20:31:39.522568+00:00
CUR_MC300,Curitiba,4106902,1,,901,,,-25.4028,-49.327043,,False,3,2,2023-06-16T20:29:39.522568+00:00
CUR_BI869,Curitiba,4106902,1,,260,,,-25.392913,-49.260841,,False,7,2,2023-06-16T20:30:39.522568+00:00
CUR_MI855,Curitiba,4106902,1,,912,,,-25.392915,-49.35233,,False,7,1,2023-06-16T20:30:39.522568+00:00
CUR_BI890,Curitiba,4106902,1,,266,,,-25.420463,-49.268853,,False,7,2,2023-06-16T20:30:39.522568+00:00
CUR_DN603,Curitiba,4106902,1,,461,,,-25.456196,-49.231566,,False,7,2,2023-06-16T20:30:39.522568+00:00
CUR_BI022,Curitiba,4106902,1,,225,,,-25.38877,-49.243893,,False,1,2,2023-06-16T20:30:39.522568+00:00
CUR_BA035,Curitiba,4106902,1,,225,,,-25.379726,-49.255031,,False,1,2,2023-06-16T20:27:39.522568+00:00
CUR_BI878,Curitiba,4106902,1,,280,,,-25.429735,-49.272516,,False,7,1,2023-06-16T20:31:39.522568+00:00
CUR_MN609,Curitiba,4106902,1,,967,,,-25.418976,-49.29333,,False,7,1,2023-06-16T20:30:39.522568+00:00
CUR_MI853,Curitiba,4106902,1,,967,,,-25.40706,-49.303448,,False,7,2,2023-06-16T20:31:39.522568+00:00
CUR_MN610,Curitiba,4106902,1,,913,,,-25.39919,-49.347513,,False,7,1,2023-06-16T20:29:39.522568+00:00
CUR_HI851,Curitiba,4106902,1,,600,,,-25.534195,-49.301131,,False,7,1,2023-06-16T20:28:39.522568+00:00
CUR_HI861,Curitiba,4106902,1,,600,,,-25.52405,-49.300788,,False,7,1,2023-06-16T20:28:39.522568+00:00
CUR_GI049,Curitiba,4106902,1,,642,,,-25.522383,-49.295038,,False,1,2,2023-06-16T20:30:39.522568+00:00
CUR_GC008,Curitiba,4106902,1,,642,,,-25.592685,-49.266471,,False,1,2,2023-06-16T20:26:39.522568+00:00
CUR_HA612,Curitiba,4106902,1,,X37,,,-25.539835,-49.311056,,False,4,1,2023-06-16T20:29:39.522568+00:00
CUR_HA617,Curitiba,4106902,1,,X37,,,-25.512606,-49.295265,,False,4,2,2023-06-16T20:29:39.522568+00:00
CUR_HI604,Curitiba,4106902,1,,X37,,,-25.530266,-49.29928,,False,4,2,2023-06-16T20:27:39.522568+00:00
CUR_HR407,Curitiba,4106902,1,,X37,,,-25.545931,-49.302086,,False,4,2,2023-06-16T20:30:39.522568+00:00
CUR_HA618,Curitiba,4106902,1,,X37,,,-25.551666,-49.332943,,False,4,1,2023-06-16T20:28:39.522568+00:00
CUR_BI892,Curitiba,4106902,1,,181,,,-25.406798,-49.276085,,False,7,1,2023-06-16T20:29:39.522568+00:00
CUR_HI853,Curitiba,4106902,1,,644,,,-25.534855,-49.301665,,False,7,1,2023-06-16T20:29:39.522568+00:00
CUR_DN400,Curitiba,4106902,1,,516,,,-25.485845,-49.228403,,False,7,1,2023-06-16T20:30:39.522568+00:00
CUR_BI016,Curitiba,4106902,1,,245,,,-25.356755,-49.263578,,False,1,2,2023-06-16T20:30:39.522568+00:00
CUR_BA031,Curitiba,4106902,1,,245,,,-25.399503,-49.259135,,False,1,1,2023-06-16T20:30:39.522568+00:00
CUR_GE710,Curitiba,4106902,0,URBS,500,https://moovitapp.com/index/pt-br/transporte_p%C3%BAblico-line-500_LIGEIR%C3%83O_BOQUEIR%C3%83O-Curitiba-942-9628-294422-0,-1.0,-25.489733,-49.243308,,False,5,1,2023-06-16T20:31:39.522568+00:00
CUR_GE721,Curitiba,4106902,0,URBS,500,https://moovitapp.com/index/pt-br/transporte_p%C3%BAblico-line-500_LIGEIR%C3%83O_BOQUEIR%C3%83O-Curitiba-942-9628-294422-0,-1.0,-25.456898,-49.25932,,False,5,2,2023-06-16T20:30:39.522568+00:00
CUR_GE728,Curitiba,4106902,0,URBS,500,https://moovitapp.com/index/pt-br/transporte_p%C3%BAblico-line-500_LIGEIR%C3%83O_BOQUEIR%C3%83O-Curitiba-942-9628-294422-0,-1.0,-25.513838,-49.231526,,False,5,1,2023-06-16T20:30:39.522568+00:00
CUR_GE723,Curitiba,4106902,0,URBS,500,https://moovitapp.com/index/pt-br/transporte_p%C3%BAblico-line-500_LIGEIR%C3%83O_BOQUEIR%C3%83O-Curitiba-942-9628-294422-0,-1.0,-25.439136,-49.267946,,False,5,2,2023-06-16T20:30:39.522568+00:00
CUR_GE713,Curitiba,4106902,0,URBS,500,https://moovitapp.com/index/pt-br/transporte_p%C3%BAblico-line-500_LIGEIR%C3%83O_BOQUEIR%C3%83O-Curitiba-942-9628-294422-0,-1.0,-25.50636,-49.235221,,False,5,2,2023-06-16T20:29:39.522568+00:00
CUR_GD346,Curitiba,4106902,0,URBS,500,https://moovitapp.com/index/pt-br/transporte_p%C3%BAblico-line-500_LIGEIR%C3%83O_BOQUEIR%C3%83O-Curitiba-942-9628-294422-0,-1.0,-25.45005,-49.26266,,False,5,2,2023-06-16T20:30:39.522568+00:00
CUR_GE705,Curitiba,4106902,0,URBS,500,https://moovitapp.com/index/pt-br/transporte_p%C3%BAblico-line-500_LIGEIR%C3%83O_BOQUEIR%C3%83O-Curitiba-942-9628-294422-0,-1.0,-25.457655,-49.258903,,False,5,1,2023-06-16T20:30:39.522568+00:00
CUR_GE715,Curitiba,4106902,0,URBS,500,https://moovitapp.com/index/pt-br/transporte_p%C3%BAblico-line-500_LIGEIR%C3%83O_BOQUEIR%C3%83O-Curitiba-942-9628-294422-0,-1.0,-25.45957,-49.258003,,False,5,1,2023-06-16T20:30:39.522568+00:00
CUR_GE704,Curitiba,4106902,0,URBS,500,https://moovitapp.com/index/pt-br/transporte_p%C3%BAblico-line-500_LIGEIR%C3%83O_BOQUEIR%C3%83O-Curitiba-942-9628-294422-0,-1.0,-25.515035,-49.230928,,False,5,1,2023-06-16T20:30:39.522568+00:00
CUR_GE709,Curitiba,4106902,0,URBS,500,https://moovitapp.com/index/pt-br/transporte_p%C3%BAblico-line-500_LIGEIR%C3%83O_BOQUEIR%C3%83O-Curitiba-942-9628-294422-0,-1.0,-25.516213,-49.23076,,False,5,2,2023-06-16T20:31:39.522568+00:00
CUR_JI857,Curitiba,4106902,1,,761,,,-25.435086,-49.27285,,False,7,2,2023-06-16T20:30:39.522568+00:00
CUR_HC004,Curitiba,4106902,1,,690,,,-25.558626,-49.30695,,False,1,2,2023-06-16T20:29:39.522568+00:00
CUR_MN611,Curitiba,4106902,1,,965,,,-25.429308,-49.271218,,False,7,2,2023-06-16T20:31:39.522568+00:00
CUR_MN605,Curitiba,4106902,1,,965,,,-25.39854,-49.31476,,False,7,1,2023-06-16T20:30:39.522568+00:00
CUR_MI852,Curitiba,4106902,1,,965,,,-25.411488,-49.295648,,False,7,2,2023-06-16T20:30:39.522568+00:00
CUR_HN615,Curitiba,4106902,1,,671,,,-25.467621,-49.295385,,False,7,2,2023-06-16T20:30:39.522568+00:00
CUR_GL301,Curitiba,4106902,0,URBS,546,https://moovitapp.com/index/pt-br/transporte_p%C3%BAblico-line-546_S%C3%8DTIO_CERCADO_BOQUEIR%C3%83O-Curitiba-942-9628-531687-0,-1.0,-25.522356,-49.24087,,False,3,1,2023-06-16T20:30:39.522568+00:00
CUR_GL304,Curitiba,4106902,0,URBS,546,https://moovitapp.com/index/pt-br/transporte_p%C3%BAblico-line-546_S%C3%8DTIO_CERCADO_BOQUEIR%C3%83O-Curitiba-942-9628-531687-0,-1.0,-25.516583,-49.230781,,False,3,1,2023-06-16T20:30:39.522568+00:00
CUR_HA130,Curitiba,4106902,1,,620,,,-25.497118,-49.31297,,False,1,1,2023-06-16T20:30:39.522568+00:00
CUR_BI853,Curitiba,4106902,1,,361,,,-25.414035,-49.240996,,False,7,2,2023-06-16T20:29:39.522568+00:00
CUR_ML303,Curitiba,4106902,0,URBS,902,https://moovitapp.com/index/pt-br/transporte_p%C3%BAblico-line-902_SANTA_FELICIDADE_PRA%C3%87A_TIRADENTES-Curitiba-942-9628-5597930-0,-1.0,-25.415808,-49.296895,,False,3,2,2023-06-16T20:29:39.522568+00:00
CUR_ML301,Curitiba,4106902,0,URBS,902,https://moovitapp.com/index/pt-br/transporte_p%C3%BAblico-line-902_SANTA_FELICIDADE_PRA%C3%87A_TIRADENTES-Curitiba-942-9628-5597930-0,-1.0,-25.428623,-49.271168,,False,3,2,2023-06-16T20:30:39.522568+00:00
CUR_ML314,Curitiba,4106902,0,URBS,902,https://moovitapp.com/index/pt-br/transporte_p%C3%BAblico-line-902_SANTA_FELICIDADE_PRA%C3%87A_TIRADENTES-Curitiba-942-9628-5597930-0,-1.0,-25.42018,-49.2928,,False,3,1,2023-06-16T20:30:39.522568+00:00
CUR_ML306,Curitiba,4106902,0,URBS,902,https://moovitapp.com/index/pt-br/transporte_p%C3%BAblico-line-902_SANTA_FELICIDADE_PRA%C3%87A_TIRADENTES-Curitiba-942-9628-5597930-0,-1.0,-25.415723,-49.297731,,False,3,1,2023-06-16T20:30:39.522568+00:00
CUR_BE702,Curitiba,4106902,0,URBS,200,https://moovitapp.com/index/pt-br/transporte_p%C3%BAblico-line-200_LIGEIR%C3%83O_SANTA_C%C3%82NDIDA_PRA%C3%87A_DO_JAP%C3%83O-Curitiba-942-9628-1323763-0,-1.0,-25.444755,-49.285361,,False,5,1,2023-06-16T20:30:39.522568+00:00
CUR_GE722,Curitiba,4106902,0,URBS,200,https://moovitapp.com/index/pt-br/transporte_p%C3%BAblico-line-200_LIGEIR%C3%83O_SANTA_C%C3%82NDIDA_PRA%C3%87A_DO_JAP%C3%83O-Curitiba-942-9628-1323763-0,-1.0,-25.423906,-49.268273,,False,5,2,2023-06-16T20:30:39.522568+00:00
CUR_BE713,Curitiba,4106902,0,URBS,200,https://moovitapp.com/index/pt-br/transporte_p%C3%BAblico-line-200_LIGEIR%C3%83O_SANTA_C%C3%82NDIDA_PRA%C3%87A_DO_JAP%C3%83O-Curitiba-942-9628-1323763-0,-1.0,-25.434348,-49.265891,,False,5,1,2023-06-16T20:31:39.522568+00:00
CUR_BE721,Curitiba,4106902,0,URBS,200,https://moovitapp.com/index/pt-br/transporte_p%C3%BAblico-line-200_LIGEIR%C3%83O_SANTA_C%C3%82NDIDA_PRA%C3%87A_DO_JAP%C3%83O-Curitiba-942-9628-1323763-0,-1.0,-25.390325,-49.237656,,False,5,1,2023-06-16T20:30:39.522568+00:00
CUR_BE723,Curitiba,4106902,0,URBS,200,https://moovitapp.com/index/pt-br/transporte_p%C3%BAblico-line-200_LIGEIR%C3%83O_SANTA_C%C3%82NDIDA_PRA%C3%87A_DO_JAP%C3%83O-Curitiba-942-9628-1323763-0,-1.0,-25.446303,-49.287578,,False,5,2,2023-06-16T20:28:39.522568+00:00
CUR_HE704,Curitiba,4106902,0,URBS,200,https://moovitapp.com/index/pt-br/transporte_p%C3%BAblico-line-200_LIGEIR%C3%83O_SANTA_C%C3%82NDIDA_PRA%C3%87A_DO_JAP%C3%83O-Curitiba-942-9628-1323763-0,-1.0,-25.424005,-49.268541,,False,5,1,2023-06-16T20:31:39.522568+00:00
CUR_BE719,Curitiba,4106902,0,URBS,200,https://moovitapp.com/index/pt-br/transporte_p%C3%BAblico-line-200_LIGEIR%C3%83O_SANTA_C%C3%82NDIDA_PRA%C3%87A_DO_JAP%C3%83O-Curitiba-942-9628-1323763-0,-1.0,-25.376981,-49.223941,,False,5,2,2023-06-16T20:30:39.522568+00:00
CUR_HE710,Curitiba,4106902,0,URBS,200,https://moovitapp.com/index/pt-br/transporte_p%C3%BAblico-line-200_LIGEIR%C3%83O_SANTA_C%C3%82NDIDA_PRA%C3%87A_DO_JAP%C3%83O-Curitiba-942-9628-1323763-0,-1.0,-25.412971,-49.25855,,False,5,2,2023-06-16T20:27:39.522568+00:00
CUR_BE729,Curitiba,4106902,0,URBS,200,https://moovitapp.com/index/pt-br/transporte_p%C3%BAblico-line-200_LIGEIR%C3%83O_SANTA_C%C3%82NDIDA_PRA%C3%87A_DO_JAP%C3%83O-Curitiba-942-9628-1323763-0,-1.0,-25.437423,-49.26605,,False,5,2,2023-06-16T20:29:39.522568+00:00
CUR_HD244,Curitiba,4106902,0,URBS,200,https://moovitapp.com/index/pt-br/transporte_p%C3%BAblico-line-200_LIGEIR%C3%83O_SANTA_C%C3%82NDIDA_PRA%C3%87A_DO_JAP%C3%83O-Curitiba-942-9628-1323763-0,-1.0,-25.40918,-49.25503,,False,5,2,2023-06-16T20:30:39.522568+00:00
CUR_BD139,Curitiba,4106902,0,URBS,200,https://moovitapp.com/index/pt-br/transporte_p%C3%BAblico-line-200_LIGEIR%C3%83O_SANTA_C%C3%82NDIDA_PRA%C3%87A_DO_JAP%C3%83O-Curitiba-942-9628-1323763-0,-1.0,-25.439565,-49.271585,,False,5,1,2023-06-16T20:30:39.522568+00:00
CUR_BE706,Curitiba,4106902,0,URBS,200,https://moovitapp.com/index/pt-br/transporte_p%C3%BAblico-line-200_LIGEIR%C3%83O_SANTA_C%C3%82NDIDA_PRA%C3%87A_DO_JAP%C3%83O-Curitiba-942-9628-1323763-0,-1.0,-25.438356,-49.268483,,False,5,1,2023-06-16T20:29:39.522568+00:00
CUR_HE706,Curitiba,4106902,0,URBS,200,https://moovitapp.com/index/pt-br/transporte_p%C3%BAblico-line-200_LIGEIR%C3%83O_SANTA_C%C3%82NDIDA_PRA%C3%87A_DO_JAP%C3%83O-Curitiba-942-9628-1323763-0,-1.0,-25.406791,-49.253063,,False,5,1,2023-06-16T20:30:39.522568+00:00
CUR_GE732,Curitiba,4106902,0,URBS,200,https://moovitapp.com/index/pt-br/transporte_p%C3%BAblico-line-200_LIGEIR%C3%83O_SANTA_C%C3%82NDIDA_PRA%C3%87A_DO_JAP%C3%83O-Curitiba-942-9628-1323763-0,-1.0,-25.393481,-49.240558,,False,5,2,2023-06-16T20:30:39.522568+00:00
CUR_BD150,Curitiba,4106902,0,URBS,200,https://moovitapp.com/index/pt-br/transporte_p%C3%BAblico-line-200_LIGEIR%C3%83O_SANTA_C%C3%82NDIDA_PRA%C3%87A_DO_JAP%C3%83O-Curitiba-942-9628-1323763-0,-1.0,-25.428888,-49.268035,,False,5,2,2023-06-16T20:30:39.522568+00:00
CUR_JI007,Curitiba,4106902,1,,831,,,-25.47734,-49.327415,,False,1,2,2023-06-16T20:29:39.522568+00:00
CUR_JA020,Curitiba,4106902,1,,831,,,-25.48539,-49.320723,,False,1,1,2023-06-16T20:30:39.522568+00:00
CUR_DC850,Curitiba,4106902,1,,331,,,-25.470036,-49.207828,,False,7,,2023-06-16T20:30:39.522568+00:00
CUR_HL499,Curitiba,4106902,0,URBS,X32,https://moovitapp.com/index/pt-br/transporte_p%C3%BAblico-line-X32_CIC_CAP%C3%83O_RASO-Curitiba-942-9628-557282-0,-1.0,-25.506868,-49.322036,,False,3,1,2023-06-16T20:28:39.522568+00:00
CUR_JB301,Curitiba,4106902,1,,720,,,-25.475285,-49.33747,,False,3,1,2023-06-16T20:30:39.522568+00:00
CUR_JB302,Curitiba,4106902,1,,720,,,-25.44177,-49.347731,,False,10,1,2023-06-16T20:30:39.522568+00:00
CUR_BI896,Curitiba,4106902,1,,875,,,-25.43379,-49.292533,,False,7,1,2023-06-16T20:29:39.522568+00:00
CUR_JI005,Curitiba,4106902,1,,732,,,-25.483701,-49.348998,,False,1,2,2023-06-16T20:30:39.522568+00:00
CUR_MN603,Curitiba,4106902,1,,464,,,-25.431155,-49.27933,,False,7,1,2023-06-16T20:30:39.522568+00:00
CUR_GI053,Curitiba,4106902,1,,614,,,-25.475911,-49.31898,,False,1,1,2023-06-16T20:30:39.522568+00:00
CUR_GA002,Curitiba,4106902,1,,614,,,-25.476071,-49.290261,,False,1,1,2023-06-16T20:30:39.522568+00:00
CUR_HI037,Curitiba,4106902,1,,614,,,-25.467105,-49.280508,,False,1,2,2023-06-16T20:30:39.522568+00:00
CUR_HI035,Curitiba,4106902,1,,614,,,-25.449268,-49.262,,False,1,2,2023-06-16T20:31:39.522568+00:00
CUR_GI853,Curitiba,4106902,1,,666,,,-25.435851,-49.274488,,False,7,2,2023-06-16T20:30:39.522568+00:00
CUR_DN020,Curitiba,4106902,0,,560,,,-25.435228,-49.273538,,False,6,1,2023-06-16T20:30:39.522568+00:00
CUR_BA014,Curitiba,4106902,1,,829,,,-25.449853,-49.357003,,False,1,,2023-06-16T20:28:39.522568+00:00
CUR_BA016,Curitiba,4106902,1,,829,,,-25.438305,-49.358148,,False,1,1,2023-06-16T20:30:39.522568+00:00
CUR_BA022,Curitiba,4106902,1,,829,,,-25.448106,-49.355898,,False,1,,2023-06-16T20:31:39.522568+00:00
CUR_BI027,Curitiba,4106902,1,,829,,,-25.443593,-49.354941,,False,1,,2023-06-16T20:28:39.522568+00:00
CUR_DE695,Curitiba,4106902,0,URBS,302,https://moovitapp.com/index/pt-br/transporte_p%C3%BAblico-line-302_CENTEN%C3%81RIO_RUI_BARBOSA-Curitiba-942-9628-294501-0,-1.0,-25.4339,-49.270696,,False,4,1,2023-06-16T20:31:39.522568+00:00
CUR_DE698,Curitiba,4106902,0,URBS,302,https://moovitapp.com/index/pt-br/transporte_p%C3%BAblico-line-302_CENTEN%C3%81RIO_RUI_BARBOSA-Curitiba-942-9628-294501-0,-1.0,-25.467848,-49.208963,,False,4,1,2023-06-16T20:30:39.522568+00:00
CUR_DE713,Curitiba,4106902,0,URBS,302,https://moovitapp.com/index/pt-br/transporte_p%C3%BAblico-line-302_CENTEN%C3%81RIO_RUI_BARBOSA-Curitiba-942-9628-294501-0,-1.0,-25.438905,-49.272506,,False,5,2,2023-06-16T20:30:39.522568+00:00
CUR_DE712,Curitiba,4106902,0,URBS,302,https://moovitapp.com/index/pt-br/transporte_p%C3%BAblico-line-302_CENTEN%C3%81RIO_RUI_BARBOSA-Curitiba-942-9628-294501-0,-1.0,-25.435701,-49.257161,,False,5,2,2023-06-16T20:30:39.522568+00:00
CUR_DE708,Curitiba,4106902,0,URBS,302,https://moovitapp.com/index/pt-br/transporte_p%C3%BAblico-line-302_CENTEN%C3%81RIO_RUI_BARBOSA-Curitiba-942-9628-294501-0,-1.0,-25.432365,-49.27791,,False,5,2,2023-06-16T20:31:39.522568+00:00
CUR_JL307,Curitiba,4106902,0,URBS,X36,https://moovitapp.com/index/pt-br/transporte_p%C3%BAblico-line-X36_REFOR%C3%87O_GUADALUPE_FAZENDINHA-Curitiba-942-9628-11745709-0,-1.0,-25.44811,-49.2849,,False,3,2,2023-06-16T20:28:39.522568+00:00
CUR_JL301,Curitiba,4106902,0,URBS,X36,https://moovitapp.com/index/pt-br/transporte_p%C3%BAblico-line-X36_REFOR%C3%87O_GUADALUPE_FAZENDINHA-Curitiba-942-9628-11745709-0,-1.0,-25.443013,-49.271486,,False,3,2,2023-06-16T20:30:39.522568+00:00
CUR_JL312,Curitiba,4106902,0,URBS,X36,https://moovitapp.com/index/pt-br/transporte_p%C3%BAblico-line-X36_REFOR%C3%87O_GUADALUPE_FAZENDINHA-Curitiba-942-9628-11745709-0,-1.0,-25.442343,-49.265135,,False,3,1,2023-06-16T20:31:39.522568+00:00
CUR_JL302,Curitiba,4106902,0,URBS,X36,https://moovitapp.com/index/pt-br/transporte_p%C3%BAblico-line-X36_REFOR%C3%87O_GUADALUPE_FAZENDINHA-Curitiba-942-9628-11745709-0,-1.0,-25.463198,-49.30565,,False,3,1,2023-06-16T20:30:39.522568+00:00
CUR_BI895,Curitiba,4106902,1,,164,,,-25.425378,-49.274011,,False,7,1,2023-06-16T20:27:39.522568+00:00
CUR_BL336,Curitiba,4106902,0,URBS,518,https://moovitapp.com/index/pt-br/transporte_p%C3%BAblico-line-518_PUC_RODOFERROVI%C3%81RIA-Curitiba-942-9628-743528-0,-1.0,-25.450631,-49.253011,,False,3,2,2023-06-16T20:31:39.522568+00:00
CUR_BA037,Curitiba,4106902,1,,815,,,-25.435993,-49.307385,,False,1,2,2023-06-16T20:28:39.522568+00:00
CUR_DL305,Curitiba,4106902,0,URBS,469,https://moovitapp.com/index/pt-br/transporte_p%C3%BAblico-line-469_CENTRO_POLIT%C3%89CNICO-Curitiba-942-9628-294421-0,-1.0,-25.44833,-49.22975,,False,3,1,2023-06-16T20:24:39.522568+00:00
CUR_DL302,Curitiba,4106902,0,URBS,469,https://moovitapp.com/index/pt-br/transporte_p%C3%BAblico-line-469_CENTRO_POLIT%C3%89CNICO-Curitiba-942-9628-294421-0,-1.0,-25.443488,-49.244746,,False,3,1,2023-06-16T20:31:39.522568+00:00
CUR_BT007,Curitiba,4106902,0,,979,,,-25.431996,-49.273696,,False,3,,2023-06-16T20:29:39.522568+00:00
CUR_BT010,Curitiba,4106902,0,,979,,,-25.422951,-49.29331,,False,3,,2023-06-16T20:26:39.522568+00:00
CUR_MT011,Curitiba,4106902,0,,979,,,-25.423563,-49.268636,,False,3,,2023-06-16T20:30:39.522568+00:00
CUR_BT009,Curitiba,4106902,0,,979,,,-25.383268,-49.292818,,False,3,,2023-06-16T20:27:39.522568+00:00
CUR_MT009,Curitiba,4106902,0,,979,,,-25.428243,-49.264238,,False,3,,2023-06-16T20:30:39.522568+00:00
CUR_MT013,Curitiba,4106902,0,,979,,,-25.447343,-49.257286,,False,3,,2023-06-16T20:30:39.522568+00:00
CUR_HE612,Curitiba,4106902,0,URBS,X20,https://moovitapp.com/index/pt-br/transporte_p%C3%BAblico-line-X20_PORT%C3%83O_S%C3%8DTIO_CERCADO-Curitiba-942-9628-531683-0,-1.0,-25.535211,-49.271966,,False,4,1,2023-06-16T20:30:39.522568+00:00
CUR_HE600,Curitiba,4106902,0,URBS,X20,https://moovitapp.com/index/pt-br/transporte_p%C3%BAblico-line-X20_PORT%C3%83O_S%C3%8DTIO_CERCADO-Curitiba-942-9628-531683-0,-1.0,-25.496048,-49.296015,,False,4,1,2023-06-16T20:29:39.522568+00:00
CUR_HE610,Curitiba,4106902,0,URBS,X20,https://moovitapp.com/index/pt-br/transporte_p%C3%BAblico-line-X20_PORT%C3%83O_S%C3%8DTIO_CERCADO-Curitiba-942-9628-531683-0,-1.0,-25.52777,-49.291613,,False,4,2,2023-06-16T20:28:39.522568+00:00
CUR_HE601,Curitiba,4106902,0,URBS,X20,https://moovitapp.com/index/pt-br/transporte_p%C3%BAblico-line-X20_PORT%C3%83O_S%C3%8DTIO_CERCADO-Curitiba-942-9628-531683-0,-1.0,-25.524755,-49.292578,,False,4,2,2023-06-16T20:31:39.522568+00:00
CUR_GD349,Curitiba,4106902,0,URBS,X08,https://moovitapp.com/index/pt-br/transporte_p%C3%BAblico-line-X08_REFOR%C3%87O_PINHEIRINHO-Curitiba-942-9628-78902615-0,-1.0,-25.449265,-49.28578,,False,5,1,2023-06-16T20:30:39.522568+00:00
CUR_HE709,Curitiba,4106902,0,URBS,X08,https://moovitapp.com/index/pt-br/transporte_p%C3%BAblico-line-X08_REFOR%C3%87O_PINHEIRINHO-Curitiba-942-9628-78902615-0,-1.0,-25.444231,-49.283768,,False,5,2,2023-06-16T20:29:39.522568+00:00
CUR_GE718,Curitiba,4106902,0,URBS,X08,https://moovitapp.com/index/pt-br/transporte_p%C3%BAblico-line-X08_REFOR%C3%87O_PINHEIRINHO-Curitiba-942-9628-78902615-0,-1.0,-25.5033,-49.294558,,False,5,2,2023-06-16T20:28:39.522568+00:00
CUR_HE720,Curitiba,4106902,0,URBS,X08,https://moovitapp.com/index/pt-br/transporte_p%C3%BAblico-line-X08_REFOR%C3%87O_PINHEIRINHO-Curitiba-942-9628-78902615-0,-1.0,-25.465048,-49.290098,,False,5,2,2023-06-16T20:29:39.522568+00:00
CUR_HD250,Curitiba,4106902,0,URBS,X08,https://moovitapp.com/index/pt-br/transporte_p%C3%BAblico-line-X08_REFOR%C3%87O_PINHEIRINHO-Curitiba-942-9628-78902615-0,-1.0,-25.502883,-49.294555,,False,5,2,2023-06-16T20:29:39.522568+00:00
CUR_GE702,Curitiba,4106902,0,URBS,X08,https://moovitapp.com/index/pt-br/transporte_p%C3%BAblico-line-X08_REFOR%C3%87O_PINHEIRINHO-Curitiba-942-9628-78902615-0,-1.0,-25.509931,-49.29585,,False,5,1,2023-06-16T20:30:39.522568+00:00
CUR_HE708,Curitiba,4106902,0,URBS,X08,https://moovitapp.com/index/pt-br/transporte_p%C3%BAblico-line-X08_REFOR%C3%87O_PINHEIRINHO-Curitiba-942-9628-78902615-0,-1.0,-25.495591,-49.295765,,False,5,1,2023-06-16T20:31:39.522568+00:00
CUR_GE613,Curitiba,4106902,0,URBS,X08,https://moovitapp.com/index/pt-br/transporte_p%C3%BAblico-line-X08_REFOR%C3%87O_PINHEIRINHO-Curitiba-942-9628-78902615-0,-1.0,-25.485885,-49.29416,,False,4,1,2023-06-16T20:30:39.522568+00:00
CUR_HE713,Curitiba,4106902,0,URBS,X08,https://moovitapp.com/index/pt-br/transporte_p%C3%BAblico-line-X08_REFOR%C3%87O_PINHEIRINHO-Curitiba-942-9628-78902615-0,-1.0,-25.476538,-49.29261,,False,5,1,2023-06-16T20:28:39.522568+00:00
CUR_GR034,Curitiba,4106902,0,URBS,X08,https://moovitapp.com/index/pt-br/transporte_p%C3%BAblico-line-X08_REFOR%C3%87O_PINHEIRINHO-Curitiba-942-9628-78902615-0,-1.0,-25.458673,-49.28906,,False,4,1,2023-06-16T20:30:39.522568+00:00
