bus_id,city,city_code,adapted,agency,line_code,line_url,line_fare,latitude,longitude,bus_speed,is_eletric,bus_type,bus_direction,updated_at
CUR_EA017,Curitiba,4106902,1,,528,,,-25.56088,-49.264616,,False,1,1,2023-06-13T01:41:56.796808+00:00
CUR_GI047,Curitiba,4106902,1,,528,,,-25.565981,-49.277841,,False,1,2,2023-06-13T01:41:56.796808+00:00
CUR_DA298,Curitiba,4106902,1,,474,,,-25.46794,-49.255993,,False,1,,2023-06-13T01:32:56.796808+00:00
CUR_DN020,Curitiba,4106902,0,,461,,,-25.468935,-49.255015,,False,6,,2023-06-13T01:39:56.796808+00:00
CUR_DE716,Curitiba,4106902,0,URBS,303,https://moovitapp.com/index/pt-br/transporte_p%C3%BAblico-line-303_CENTEN%C3%81RIO_CAMPO_COMPRIDO-Curitiba-942-9628-531689-0,-1.0,-25.469023,-49.254878,,False,5,,2023-06-13T01:38:56.796808+00:00
CUR_DA029,Curitiba,4106902,1,,474,,,-25.468256,-49.255058,,False,1,,2023-06-13T01:39:56.796808+00:00
CUR_GR126,Curitiba,4106902,1,,050,,,-25.548966,-49.291431,,False,4,,2023-06-13T01:39:56.796808+00:00
CUR_DC093,Curitiba,4106902,1,,461,,,-25.467791,-49.25546,,False,1,,2023-06-13T01:32:56.796808+00:00
CUR_CL038,Curitiba,4106902,0,URBS,307,https://moovitapp.com/index/pt-br/transporte_p%C3%BAblico-line-307_BAIRRO_ALTO_SANTA_FELICIDADE-Curitiba-942-9628-1323712-0,-1.0,-25.381035,-49.186045,,False,3,,2023-06-13T01:34:56.796808+00:00
CUR_GE605,Curitiba,4106902,0,URBS,602,https://moovitapp.com/index/pt-br/transporte_p%C3%BAblico-line-602_CIRCULAR_SUL_ANTI_HOR%C3%81RIO-Curitiba-942-9628-294517-0,-1.0,-25.55032,-49.291695,,False,4,,2023-06-13T01:33:56.796808+00:00
CUR_JI005,Curitiba,4106902,1,,718,,,-25.44918,-49.36564,,False,1,,2023-06-13T01:33:56.796808+00:00
CUR_DA699,Curitiba,4106902,1,,335,,,-25.467785,-49.254568,,False,4,,2023-06-13T01:35:56.796808+00:00
CUR_JA301,Curitiba,4106902,1,,701,,,-25.449206,-49.365693,,False,3,,2023-06-13T01:36:56.796808+00:00
CUR_KA600,Curitiba,4106902,1,,629,,,-25.468791,-49.255131,,False,4,,2023-06-13T01:39:56.796808+00:00
CUR_DL307,Curitiba,4106902,0,URBS,305,https://moovitapp.com/index/pt-br/transporte_p%C3%BAblico-line-305_CENTEN%C3%81RIO-Curitiba-942-9628-294271-0,-1.0,-25.467806,-49.254805,,False,3,,2023-06-13T01:40:56.796808+00:00
CUR_GE613,Curitiba,4106902,0,URBS,602,https://moovitapp.com/index/pt-br/transporte_p%C3%BAblico-line-602_CIRCULAR_SUL_ANTI_HOR%C3%81RIO-Curitiba-942-9628-294517-0,-1.0,-25.477703,-49.287485,,False,4,,2023-06-13T01:39:56.796808+00:00
CUR_EI008,Curitiba,4106902,1,,335,,,-25.46713,-49.255646,,False,1,,2023-06-13T01:40:56.796808+00:00
CUR_DA293,Curitiba,4106902,1,,513,,,-25.467803,-49.255453,,False,1,,2023-06-13T01:31:56.796808+00:00
CUR_DC853,Curitiba,4106902,1,,387,,,-25.467876,-49.254353,,False,7,,2023-06-13T01:33:56.796808+00:00
CUR_HI037,Curitiba,4106902,1,,655,,,-25.539238,-49.307783,,False,1,,2023-06-13T01:34:56.796808+00:00
CUR_HA010,Curitiba,4106902,1,,652,,,-25.539543,-49.30767,,False,1,,2023-06-13T01:36:56.796808+00:00
CUR_HE610,Curitiba,4106902,0,URBS,502,https://moovitapp.com/index/pt-br/transporte_p%C3%BAblico-line-502_CIRCULAR_SUL_HOR%C3%81RIO-Curitiba-942-9628-294482-0,-1.0,-25.53825,-49.307263,,False,4,,2023-06-13T01:36:56.796808+00:00
CUR_GE606,Curitiba,4106902,0,URBS,502,https://moovitapp.com/index/pt-br/transporte_p%C3%BAblico-line-502_CIRCULAR_SUL_HOR%C3%81RIO-Curitiba-942-9628-294482-0,-1.0,-25.497675,-49.239381,,False,4,,2023-06-13T01:36:56.796808+00:00
CUR_BI012,Curitiba,4106902,1,,342,,,-25.395161,-49.242581,,False,1,,2023-06-13T01:38:56.796808+00:00
CUR_BC317,Curitiba,4106902,1,,371,,,-25.398666,-49.212778,,False,10,,2023-06-13T01:32:56.796808+00:00
CUR_BE719,Curitiba,4106902,0,URBS,203,https://moovitapp.com/index/pt-br/transporte_p%C3%BAblico-line-203_SANTA_C%C3%82NDIDA_CAP%C3%83O_RASO-Curitiba-942-9628-1323737-0,-1.0,-25.394565,-49.24232,,False,5,,2023-06-13T01:34:56.796808+00:00
CUR_DE712,Curitiba,4106902,0,URBS,303,https://moovitapp.com/index/pt-br/transporte_p%C3%BAblico-line-303_CENTEN%C3%81RIO_CAMPO_COMPRIDO-Curitiba-942-9628-531689-0,-1.0,-25.46778,-49.255223,,False,5,,2023-06-13T01:35:56.796808+00:00
CUR_DE702,Curitiba,4106902,0,URBS,303,https://moovitapp.com/index/pt-br/transporte_p%C3%BAblico-line-303_CENTEN%C3%81RIO_CAMPO_COMPRIDO-Curitiba-942-9628-531689-0,-1.0,-25.467775,-49.255173,,False,5,,2023-06-13T01:35:56.796808+00:00
CUR_HL499,Curitiba,4106902,0,URBS,X02,https://moovitapp.com/index/pt-br/transporte_p%C3%BAblico-line-X02_REFOR%C3%87O_TUBO_BARIGUI-Curitiba-942-9628-64827686-0,-1.0,-25.450095,-49.353543,,False,3,,2023-06-13T01:27:56.796808+00:00
CUR_HI613,Curitiba,4106902,1,,684,,,-25.540108,-49.308671,,False,4,,2023-06-13T01:41:56.796808+00:00
CUR_HA604,Curitiba,4106902,1,,684,,,-25.52271,-49.294956,,False,4,2,2023-06-13T01:41:56.796808+00:00
CUR_HA611,Curitiba,4106902,1,,684,,,-25.592021,-49.342078,,False,4,1,2023-06-13T01:37:56.796808+00:00
CUR_HA608,Curitiba,4106902,1,,684,,,-25.55814,-49.30683,,False,4,2,2023-06-13T01:41:56.796808+00:00
CUR_BI867,Curitiba,4106902,1,Auto Viação São José,212,https://moovitapp.com/index/pt-br/transporte_p%C3%BAblico-line-212_PIT_PRA%C3%87A_DA_JUVENTUDE_SANTA_F%C3%89_CRISTAL-Curitiba-942-857412-73656311-0,-1.0,-25.401115,-49.218481,,False,7,1,2023-06-13T01:41:56.796808+00:00
CUR_BI851,Curitiba,4106902,1,,175,,,-25.43359,-49.272316,,False,7,1,2023-06-13T01:41:56.796808+00:00
CUR_JI001,Curitiba,4106902,1,,777,,,-25.45515,-49.304071,,False,1,2,2023-06-13T01:40:56.796808+00:00
CUR_JA036,Curitiba,4106902,1,,777,,,-25.450121,-49.28541,,False,1,1,2023-06-13T01:41:56.796808+00:00
CUR_HN615,Curitiba,4106902,1,,673,,,-25.46306,-49.291436,,False,7,2,2023-06-13T01:41:56.796808+00:00
CUR_BB614,Curitiba,4106902,1,,021,,,-25.4108,-49.292085,,False,4,,2023-06-13T01:41:56.796808+00:00
CUR_EB600,Curitiba,4106902,1,,021,,,-25.447941,-49.224316,,False,4,,2023-06-13T01:41:56.796808+00:00
CUR_EB603,Curitiba,4106902,1,,021,,,-25.417316,-49.247776,,False,4,,2023-06-13T01:41:56.796808+00:00
CUR_CB604,Curitiba,4106902,1,,021,,,-25.406021,-49.252106,,False,4,,2023-06-13T01:40:56.796808+00:00
CUR_GR125,Curitiba,4106902,1,,021,,,-25.496156,-49.279465,,False,4,,2023-06-13T01:41:56.796808+00:00
CUR_GB602,Curitiba,4106902,1,,021,,,-25.466055,-49.300776,,False,4,,2023-06-13T01:41:56.796808+00:00
CUR_BI897,Curitiba,4106902,1,,365,,,-25.428161,-49.26399,,False,7,2,2023-06-13T01:41:56.796808+00:00
CUR_BI877,Curitiba,4106902,1,,365,,,-25.43725,-49.274751,,False,7,1,2023-06-13T01:41:56.796808+00:00
CUR_JC310,Curitiba,4106902,1,,778,,,-25.477321,-49.326651,,False,3,1,2023-06-13T01:41:56.796808+00:00
CUR_JC314,Curitiba,4106902,1,,778,,,-25.43511,-49.273083,,False,3,2,2023-06-13T01:41:56.796808+00:00
CUR_GI603,Curitiba,4106902,1,,545,,,-25.533286,-49.264468,,False,4,2,2023-06-13T01:41:56.796808+00:00
CUR_KA604,Curitiba,4106902,1,,545,,,-25.521298,-49.330398,,False,4,1,2023-06-13T01:41:56.796808+00:00
CUR_JI600,Curitiba,4106902,1,,545,,,-25.531258,-49.324808,,False,4,2,2023-06-13T01:41:56.796808+00:00
CUR_HA311,Curitiba,4106902,1,,863,,,-25.445688,-49.269101,,False,3,1,2023-06-13T01:41:56.796808+00:00
CUR_HI002,Curitiba,4106902,1,,863,,,-25.445943,-49.270188,,False,1,2,2023-06-13T01:41:56.796808+00:00
CUR_GI039,Curitiba,4106902,1,,633,,,-25.533415,-49.274388,,False,1,1,2023-06-13T01:41:56.796808+00:00
CUR_GC018,Curitiba,4106902,1,,633,,,-25.527245,-49.291078,,False,1,2,2023-06-13T01:41:56.796808+00:00
CUR_KE708,Curitiba,4106902,0,URBS,502,https://moovitapp.com/index/pt-br/transporte_p%C3%BAblico-line-502_CIRCULAR_SUL_HOR%C3%81RIO-Curitiba-942-9628-294482-0,-1.0,-25.502853,-49.236891,,False,5,,2023-06-13T01:41:56.796808+00:00
CUR_HE615,Curitiba,4106902,0,URBS,502,https://moovitapp.com/index/pt-br/transporte_p%C3%BAblico-line-502_CIRCULAR_SUL_HOR%C3%81RIO-Curitiba-942-9628-294482-0,-1.0,-25.52695,-49.237925,,False,4,,2023-06-13T01:41:56.796808+00:00
CUR_GE603,Curitiba,4106902,0,URBS,502,https://moovitapp.com/index/pt-br/transporte_p%C3%BAblico-line-502_CIRCULAR_SUL_HOR%C3%81RIO-Curitiba-942-9628-294482-0,-1.0,-25.528276,-49.243516,,False,4,,2023-06-13T01:41:56.796808+00:00
CUR_HE614,Curitiba,4106902,0,URBS,502,https://moovitapp.com/index/pt-br/transporte_p%C3%BAblico-line-502_CIRCULAR_SUL_HOR%C3%81RIO-Curitiba-942-9628-294482-0,-1.0,-25.47347,-49.251243,,False,4,,2023-06-13T01:40:56.796808+00:00
CUR_GR034,Curitiba,4106902,0,URBS,502,https://moovitapp.com/index/pt-br/transporte_p%C3%BAblico-line-502_CIRCULAR_SUL_HOR%C3%81RIO-Curitiba-942-9628-294482-0,-1.0,-25.51298,-49.295568,,False,4,,2023-06-13T01:41:56.796808+00:00
CUR_HE602,Curitiba,4106902,0,URBS,502,https://moovitapp.com/index/pt-br/transporte_p%C3%BAblico-line-502_CIRCULAR_SUL_HOR%C3%81RIO-Curitiba-942-9628-294482-0,-1.0,-25.47652,-49.280283,,False,4,,2023-06-13T01:41:56.796808+00:00
CUR_GR036,Curitiba,4106902,0,URBS,502,https://moovitapp.com/index/pt-br/transporte_p%C3%BAblico-line-502_CIRCULAR_SUL_HOR%C3%81RIO-Curitiba-942-9628-294482-0,-1.0,-25.491676,-49.293526,,False,4,,2023-06-13T01:40:56.796808+00:00
CUR_GI856,Curitiba,4106902,1,,662,,,-25.483288,-49.277475,,False,7,1,2023-06-13T01:41:56.796808+00:00
CUR_EA073,Curitiba,4106902,1,,512,,,-25.482065,-49.24667,,False,1,2,2023-06-13T01:41:56.796808+00:00
CUR_BL324,Curitiba,4106902,0,URBS,023,https://moovitapp.com/index/pt-br/transporte_p%C3%BAblico-line-023_INTER_2_ANTI_HOR%C3%81RIO-Curitiba-942-9628-398189-0,-1.0,-25.417346,-49.247795,,False,3,,2023-06-13T01:41:56.796808+00:00
CUR_BL333,Curitiba,4106902,0,URBS,023,https://moovitapp.com/index/pt-br/transporte_p%C3%BAblico-line-023_INTER_2_ANTI_HOR%C3%81RIO-Curitiba-942-9628-398189-0,-1.0,-25.407061,-49.255558,,False,3,,2023-06-13T01:41:56.796808+00:00
CUR_BL300,Curitiba,4106902,0,URBS,023,https://moovitapp.com/index/pt-br/transporte_p%C3%BAblico-line-023_INTER_2_ANTI_HOR%C3%81RIO-Curitiba-942-9628-398189-0,-1.0,-25.455706,-49.23114,,False,3,,2023-06-13T01:41:56.796808+00:00
CUR_EL333,Curitiba,4106902,1,URBS,023,https://moovitapp.com/index/pt-br/transporte_p%C3%BAblico-line-023_INTER_2_ANTI_HOR%C3%81RIO-Curitiba-942-9628-398189-0,-1.0,-25.436081,-49.308191,,False,3,,2023-06-13T01:41:56.796808+00:00
CUR_CL306,Curitiba,4106902,0,URBS,023,https://moovitapp.com/index/pt-br/transporte_p%C3%BAblico-line-023_INTER_2_ANTI_HOR%C3%81RIO-Curitiba-942-9628-398189-0,-1.0,-25.486953,-49.256873,,False,3,,2023-06-13T01:41:56.796808+00:00
CUR_DL314,Curitiba,4106902,0,URBS,023,https://moovitapp.com/index/pt-br/transporte_p%C3%BAblico-line-023_INTER_2_ANTI_HOR%C3%81RIO-Curitiba-942-9628-398189-0,-1.0,-25.491351,-49.28826,,False,3,,2023-06-13T01:41:56.796808+00:00
CUR_BL336,Curitiba,4106902,0,URBS,023,https://moovitapp.com/index/pt-br/transporte_p%C3%BAblico-line-023_INTER_2_ANTI_HOR%C3%81RIO-Curitiba-942-9628-398189-0,-1.0,-25.434188,-49.21345,,False,3,,2023-06-13T01:41:56.796808+00:00
CUR_BL314,Curitiba,4106902,0,URBS,023,https://moovitapp.com/index/pt-br/transporte_p%C3%BAblico-line-023_INTER_2_ANTI_HOR%C3%81RIO-Curitiba-942-9628-398189-0,-1.0,-25.438163,-49.219608,,False,3,,2023-06-13T01:38:56.796808+00:00
CUR_GB610,Curitiba,4106902,1,,040,,,-25.513596,-49.295113,,False,4,2,2023-06-13T01:41:56.796808+00:00
CUR_JB609,Curitiba,4106902,1,,040,,,-25.400586,-49.33066,,False,4,1,2023-06-13T01:41:56.796808+00:00
CUR_HB602,Curitiba,4106902,1,,040,,,-25.505465,-49.328786,,False,4,1,2023-06-13T01:41:56.796808+00:00
CUR_JB610,Curitiba,4106902,1,,040,,,-25.428108,-49.353568,,False,4,2,2023-06-13T01:41:56.796808+00:00
CUR_JB699,Curitiba,4106902,1,,040,,,-25.457871,-49.3471,,False,4,2,2023-06-13T01:41:56.796808+00:00
CUR_HB694,Curitiba,4106902,1,,040,,,-25.47454,-49.338918,,False,4,1,2023-06-13T01:41:56.796808+00:00
CUR_HB603,Curitiba,4106902,1,,040,,,-25.497023,-49.325705,,False,4,2,2023-06-13T01:41:56.796808+00:00
CUR_JC600,Curitiba,4106902,1,,040,,,-25.430016,-49.353541,,False,4,1,2023-06-13T01:41:56.796808+00:00
CUR_JB608,Curitiba,4106902,1,,040,,,-25.448956,-49.3653,,False,4,2,2023-06-13T01:40:56.796808+00:00
CUR_HI855,Curitiba,4106902,1,,670,,,-25.467183,-49.29805,,False,7,2,2023-06-13T01:41:56.796808+00:00
CUR_BI018,Curitiba,4106902,1,,232,,,-25.363858,-49.232973,,False,1,1,2023-06-13T01:37:56.796808+00:00
CUR_BB610,Curitiba,4106902,1,,030,,,-25.431093,-49.203941,,False,4,2,2023-06-13T01:41:56.796808+00:00
CUR_GB606,Curitiba,4106902,1,,030,,,-25.46701,-49.22156,,False,4,1,2023-06-13T01:41:56.796808+00:00
CUR_BB613,Curitiba,4106902,1,,030,,,-25.509868,-49.253736,,False,4,2,2023-06-13T01:41:56.796808+00:00
CUR_BB611,Curitiba,4106902,1,,030,,,-25.512078,-49.259211,,False,4,1,2023-06-13T01:41:56.796808+00:00
CUR_KB608,Curitiba,4106902,1,,030,,,-25.412825,-49.205066,,False,4,1,2023-06-13T01:41:56.796808+00:00
CUR_BB612,Curitiba,4106902,1,,030,,,-25.455198,-49.217241,,False,4,2,2023-06-13T01:41:56.796808+00:00
CUR_JI861,Curitiba,4106902,1,,862,,,-25.432343,-49.27215,,False,7,2,2023-06-13T01:41:56.796808+00:00
CUR_DA291,Curitiba,4106902,1,,463,,,-25.479221,-49.200275,,False,1,1,2023-06-13T01:41:56.796808+00:00
CUR_DN609,Curitiba,4106902,1,,466,,,-25.454035,-49.225315,,False,7,2,2023-06-13T01:40:56.796808+00:00
CUR_HI042,Curitiba,4106902,1,,654,,,-25.497966,-49.309251,,False,1,2,2023-06-13T01:40:56.796808+00:00
CUR_HI041,Curitiba,4106902,1,,654,,,-25.497026,-49.316908,,False,1,1,2023-06-13T01:41:56.796808+00:00
CUR_BI885,Curitiba,4106902,1,,272,,,-25.368751,-49.249978,,False,7,1,2023-06-13T01:40:56.796808+00:00
CUR_BI029,Curitiba,4106902,1,,812,,,-25.418786,-49.354603,,False,1,1,2023-06-13T01:40:56.796808+00:00
CUR_BI030,Curitiba,4106902,1,,812,,,-25.42886,-49.324805,,False,1,2,2023-06-13T01:41:56.796808+00:00
CUR_BI017,Curitiba,4106902,1,,231,,,-25.364095,-49.220205,,False,1,1,2023-06-13T01:41:56.796808+00:00
CUR_EA024,Curitiba,4106902,1,Auto Viação São José,531,https://moovitapp.com/index/pt-br/transporte_p%C3%BAblico-line-531_BAIRRO_A_BAIRRO_1-Curitiba-942-857412-1570571-0,-1.0,-25.523581,-49.244083,,False,1,2,2023-06-13T01:41:56.796808+00:00
CUR_HE714,Curitiba,4106902,0,URBS,203,https://moovitapp.com/index/pt-br/transporte_p%C3%BAblico-line-203_SANTA_C%C3%82NDIDA_CAP%C3%83O_RASO-Curitiba-942-9628-1323737-0,-1.0,-25.42742,-49.268546,,False,5,1,2023-06-13T01:41:56.796808+00:00
CUR_GE736,Curitiba,4106902,0,URBS,203,https://moovitapp.com/index/pt-br/transporte_p%C3%BAblico-line-203_SANTA_C%C3%82NDIDA_CAP%C3%83O_RASO-Curitiba-942-9628-1323737-0,-1.0,-25.441965,-49.277826,,False,5,1,2023-06-13T01:41:56.796808+00:00
CUR_GE726,Curitiba,4106902,0,URBS,203,https://moovitapp.com/index/pt-br/transporte_p%C3%BAblico-line-203_SANTA_C%C3%82NDIDA_CAP%C3%83O_RASO-Curitiba-942-9628-1323737-0,-1.0,-25.462558,-49.290366,,False,5,1,2023-06-13T01:41:56.796808+00:00
CUR_BE712,Curitiba,4106902,0,URBS,203,https://moovitapp.com/index/pt-br/transporte_p%C3%BAblico-line-203_SANTA_C%C3%82NDIDA_CAP%C3%83O_RASO-Curitiba-942-9628-1323737-0,-1.0,-25.444896,-49.285663,,False,5,2,2023-06-13T01:41:56.796808+00:00
CUR_GE704,Curitiba,4106902,0,URBS,203,https://moovitapp.com/index/pt-br/transporte_p%C3%BAblico-line-203_SANTA_C%C3%82NDIDA_CAP%C3%83O_RASO-Curitiba-942-9628-1323737-0,-1.0,-25.491703,-49.293516,,False,5,1,2023-06-13T01:41:56.796808+00:00
CUR_BE725,Curitiba,4106902,0,URBS,203,https://moovitapp.com/index/pt-br/transporte_p%C3%BAblico-line-203_SANTA_C%C3%82NDIDA_CAP%C3%83O_RASO-Curitiba-942-9628-1323737-0,-1.0,-25.425336,-49.268643,,False,5,2,2023-06-13T01:38:56.796808+00:00
CUR_BE710,Curitiba,4106902,0,URBS,203,https://moovitapp.com/index/pt-br/transporte_p%C3%BAblico-line-203_SANTA_C%C3%82NDIDA_CAP%C3%83O_RASO-Curitiba-942-9628-1323737-0,-1.0,-25.41031,-49.256133,,False,5,2,2023-06-13T01:41:56.796808+00:00
CUR_BE713,Curitiba,4106902,0,URBS,203,https://moovitapp.com/index/pt-br/transporte_p%C3%BAblico-line-203_SANTA_C%C3%82NDIDA_CAP%C3%83O_RASO-Curitiba-942-9628-1323737-0,-1.0,-25.387098,-49.234566,,False,5,2,2023-06-13T01:41:56.796808+00:00
CUR_BE729,Curitiba,4106902,0,URBS,203,https://moovitapp.com/index/pt-br/transporte_p%C3%BAblico-line-203_SANTA_C%C3%82NDIDA_CAP%C3%83O_RASO-Curitiba-942-9628-1323737-0,-1.0,-25.475231,-49.293173,,False,5,1,2023-06-13T01:41:56.796808+00:00
CUR_BE728,Curitiba,4106902,0,URBS,203,https://moovitapp.com/index/pt-br/transporte_p%C3%BAblico-line-203_SANTA_C%C3%82NDIDA_CAP%C3%83O_RASO-Curitiba-942-9628-1323737-0,-1.0,-25.379135,-49.227335,,False,5,2,2023-06-13T01:41:56.796808+00:00
CUR_BE722,Curitiba,4106902,0,URBS,203,https://moovitapp.com/index/pt-br/transporte_p%C3%BAblico-line-203_SANTA_C%C3%82NDIDA_CAP%C3%83O_RASO-Curitiba-942-9628-1323737-0,-1.0,-25.402486,-49.248776,,False,5,1,2023-06-13T01:41:56.796808+00:00
CUR_BI899,Curitiba,4106902,1,,366,,,-25.431961,-49.231635,,False,7,1,2023-06-13T01:41:56.796808+00:00
CUR_MC079,Curitiba,4106902,1,,972,,,-25.422623,-49.289916,,False,1,2,2023-06-13T01:41:56.796808+00:00
CUR_MC078,Curitiba,4106902,1,,972,,,-25.40201,-49.311706,,False,1,1,2023-06-13T01:41:56.796808+00:00
CUR_MC302,Curitiba,4106902,1,,901,,,-25.401175,-49.329868,,False,3,1,2023-06-13T01:40:56.796808+00:00
CUR_BB615,Curitiba,4106902,1,,020,,,-25.495103,-49.266775,,False,4,,2023-06-13T01:41:56.796808+00:00
CUR_HB611,Curitiba,4106902,1,,020,,,-25.47136,-49.299726,,False,4,,2023-06-13T01:41:56.796808+00:00
CUR_CB601,Curitiba,4106902,1,,020,,,-25.446853,-49.224606,,False,4,,2023-06-13T01:41:56.796808+00:00
CUR_BB603,Curitiba,4106902,1,,020,,,-25.406456,-49.252381,,False,4,,2023-06-13T01:41:56.796808+00:00
CUR_BB606,Curitiba,4106902,1,,020,,,-25.408655,-49.291848,,False,4,,2023-06-13T01:41:56.796808+00:00
CUR_BA027,Curitiba,4106902,1,,205,,,-25.377975,-49.262605,,False,1,1,2023-06-13T01:40:56.796808+00:00
CUR_BC311,Curitiba,4106902,1,,205,,,-25.408603,-49.253421,,False,3,2,2023-06-13T01:41:56.796808+00:00
CUR_HI025,Curitiba,4106902,1,,655,,,-25.512971,-49.294738,,False,1,2,2023-06-13T01:41:56.796808+00:00
CUR_HA024,Curitiba,4106902,1,,655,,,-25.56864,-49.319556,,False,1,1,2023-06-13T01:41:56.796808+00:00
CUR_KE706,Curitiba,4106902,0,URBS,503,https://moovitapp.com/index/pt-br/transporte_p%C3%BAblico-line-503_BOQUEIR%C3%83O-Curitiba-942-9628-294244-0,-1.0,-25.516678,-49.230686,,False,5,1,2023-06-13T01:41:56.796808+00:00
CUR_KE704,Curitiba,4106902,0,URBS,503,https://moovitapp.com/index/pt-br/transporte_p%C3%BAblico-line-503_BOQUEIR%C3%83O-Curitiba-942-9628-294244-0,-1.0,-25.473481,-49.25121,,False,5,2,2023-06-13T01:41:56.796808+00:00
CUR_KE703,Curitiba,4106902,0,URBS,503,https://moovitapp.com/index/pt-br/transporte_p%C3%BAblico-line-503_BOQUEIR%C3%83O-Curitiba-942-9628-294244-0,-1.0,-25.436668,-49.269213,,False,5,2,2023-06-13T01:41:56.796808+00:00
CUR_GE604,Curitiba,4106902,0,URBS,503,https://moovitapp.com/index/pt-br/transporte_p%C3%BAblico-line-503_BOQUEIR%C3%83O-Curitiba-942-9628-294244-0,-1.0,-25.458103,-49.258683,,False,4,1,2023-06-13T01:40:56.796808+00:00
CUR_EA022,Curitiba,4106902,1,,511,,,-25.51062,-49.259633,,False,1,1,2023-06-13T01:41:56.796808+00:00
CUR_BB305,Curitiba,4106902,1,,011,,,-25.454125,-49.270625,,False,10,,2023-06-13T01:41:56.796808+00:00
CUR_BB307,Curitiba,4106902,1,,011,,,-25.409588,-49.264395,,False,10,,2023-06-13T01:41:56.796808+00:00
CUR_HA006,Curitiba,4106902,1,,772,,,-25.601605,-49.324938,,False,1,2,2023-06-13T01:41:56.796808+00:00
CUR_HI609,Curitiba,4106902,1,,772,,,-25.58727,-49.318101,,False,4,1,2023-06-13T01:41:56.796808+00:00
CUR_GI855,Curitiba,4106902,1,,616,,,-25.476181,-49.292473,,False,7,2,2023-06-13T01:41:56.796808+00:00
CUR_GI851,Curitiba,4106902,1,,616,,,-25.466115,-49.268618,,False,7,2,2023-06-13T01:41:56.796808+00:00
CUR_BI875,Curitiba,4106902,1,,260,,,-25.430453,-49.273193,,False,7,2,2023-06-13T01:41:56.796808+00:00
CUR_BA029,Curitiba,4106902,1,,226,,,-25.388101,-49.244066,,False,1,2,2023-06-13T01:41:56.796808+00:00
CUR_GI057,Curitiba,4106902,1,,638,,,-25.553271,-49.267168,,False,1,1,2023-06-13T01:41:56.796808+00:00
CUR_GA001,Curitiba,4106902,1,,638,,,-25.513361,-49.294773,,False,1,2,2023-06-13T01:41:56.796808+00:00
CUR_GR035,Curitiba,4106902,0,URBS,602,https://moovitapp.com/index/pt-br/transporte_p%C3%BAblico-line-602_CIRCULAR_SUL_ANTI_HOR%C3%81RIO-Curitiba-942-9628-294517-0,-1.0,-25.51911,-49.255241,,False,4,,2023-06-13T01:41:56.796808+00:00
CUR_HE606,Curitiba,4106902,0,URBS,602,https://moovitapp.com/index/pt-br/transporte_p%C3%BAblico-line-602_CIRCULAR_SUL_ANTI_HOR%C3%81RIO-Curitiba-942-9628-294517-0,-1.0,-25.514251,-49.295671,,False,4,,2023-06-13T01:41:56.796808+00:00
CUR_HE607,Curitiba,4106902,0,URBS,602,https://moovitapp.com/index/pt-br/transporte_p%C3%BAblico-line-602_CIRCULAR_SUL_ANTI_HOR%C3%81RIO-Curitiba-942-9628-294517-0,-1.0,-25.503188,-49.296075,,False,4,,2023-06-13T01:41:56.796808+00:00
CUR_HE603,Curitiba,4106902,0,URBS,602,https://moovitapp.com/index/pt-br/transporte_p%C3%BAblico-line-602_CIRCULAR_SUL_ANTI_HOR%C3%81RIO-Curitiba-942-9628-294517-0,-1.0,-25.483098,-49.246535,,False,4,,2023-06-13T01:41:56.796808+00:00
CUR_HE608,Curitiba,4106902,0,URBS,602,https://moovitapp.com/index/pt-br/transporte_p%C3%BAblico-line-602_CIRCULAR_SUL_ANTI_HOR%C3%81RIO-Curitiba-942-9628-294517-0,-1.0,-25.476496,-49.292638,,False,4,,2023-06-13T01:41:56.796808+00:00
CUR_HE611,Curitiba,4106902,0,URBS,602,https://moovitapp.com/index/pt-br/transporte_p%C3%BAblico-line-602_CIRCULAR_SUL_ANTI_HOR%C3%81RIO-Curitiba-942-9628-294517-0,-1.0,-25.521586,-49.228266,,False,4,,2023-06-13T01:41:56.796808+00:00
CUR_GE608,Curitiba,4106902,0,URBS,602,https://moovitapp.com/index/pt-br/transporte_p%C3%BAblico-line-602_CIRCULAR_SUL_ANTI_HOR%C3%81RIO-Curitiba-942-9628-294517-0,-1.0,-25.521568,-49.228185,,False,4,,2023-06-13T01:41:56.796808+00:00
CUR_DA022,Curitiba,4106902,0,,336,,,-25.474706,-49.19703,,False,1,2,2023-06-13T01:41:56.796808+00:00
CUR_JE701,Curitiba,4106902,0,URBS,303,https://moovitapp.com/index/pt-br/transporte_p%C3%BAblico-line-303_CENTEN%C3%81RIO_CAMPO_COMPRIDO-Curitiba-942-9628-531689-0,-1.0,-25.435433,-49.30543,,False,5,1,2023-06-13T01:41:56.796808+00:00
CUR_DE700,Curitiba,4106902,0,URBS,303,https://moovitapp.com/index/pt-br/transporte_p%C3%BAblico-line-303_CENTEN%C3%81RIO_CAMPO_COMPRIDO-Curitiba-942-9628-531689-0,-1.0,-25.433653,-49.277185,,False,5,1,2023-06-13T01:41:56.796808+00:00
CUR_DE703,Curitiba,4106902,0,URBS,303,https://moovitapp.com/index/pt-br/transporte_p%C3%BAblico-line-303_CENTEN%C3%81RIO_CAMPO_COMPRIDO-Curitiba-942-9628-531689-0,-1.0,-25.435656,-49.260555,,False,5,2,2023-06-13T01:41:56.796808+00:00
CUR_JE707,Curitiba,4106902,0,URBS,303,https://moovitapp.com/index/pt-br/transporte_p%C3%BAblico-line-303_CENTEN%C3%81RIO_CAMPO_COMPRIDO-Curitiba-942-9628-531689-0,-1.0,-25.428845,-49.287743,,False,5,2,2023-06-13T01:41:56.796808+00:00
CUR_DE722,Curitiba,4106902,0,URBS,303,https://moovitapp.com/index/pt-br/transporte_p%C3%BAblico-line-303_CENTEN%C3%81RIO_CAMPO_COMPRIDO-Curitiba-942-9628-531689-0,-1.0,-25.428775,-49.287745,,False,5,2,2023-06-13T01:41:56.796808+00:00
CUR_DE706,Curitiba,4106902,0,URBS,303,https://moovitapp.com/index/pt-br/transporte_p%C3%BAblico-line-303_CENTEN%C3%81RIO_CAMPO_COMPRIDO-Curitiba-942-9628-531689-0,-1.0,-25.468955,-49.20806,,False,5,1,2023-06-13T01:41:56.796808+00:00
CUR_DE717,Curitiba,4106902,0,URBS,303,https://moovitapp.com/index/pt-br/transporte_p%C3%BAblico-line-303_CENTEN%C3%81RIO_CAMPO_COMPRIDO-Curitiba-942-9628-531689-0,-1.0,-25.440888,-49.228823,,False,5,2,2023-06-13T01:41:56.796808+00:00
CUR_JE700,Curitiba,4106902,0,URBS,303,https://moovitapp.com/index/pt-br/transporte_p%C3%BAblico-line-303_CENTEN%C3%81RIO_CAMPO_COMPRIDO-Curitiba-942-9628-531689-0,-1.0,-25.441536,-49.346363,,False,5,2,2023-06-13T01:41:56.796808+00:00
CUR_DE704,Curitiba,4106902,0,URBS,303,https://moovitapp.com/index/pt-br/transporte_p%C3%BAblico-line-303_CENTEN%C3%81RIO_CAMPO_COMPRIDO-Curitiba-942-9628-531689-0,-1.0,-25.448808,-49.216205,,False,5,1,2023-06-13T01:41:56.796808+00:00
CUR_DE718,Curitiba,4106902,0,URBS,303,https://moovitapp.com/index/pt-br/transporte_p%C3%BAblico-line-303_CENTEN%C3%81RIO_CAMPO_COMPRIDO-Curitiba-942-9628-531689-0,-1.0,-25.435645,-49.256676,,False,5,1,2023-06-13T01:41:56.796808+00:00
CUR_JI855,Curitiba,4106902,1,,761,,,-25.449476,-49.283641,,False,7,2,2023-06-13T01:41:56.796808+00:00
CUR_BC308,Curitiba,4106902,1,,182,,,-25.419853,-49.271031,,False,3,2,2023-06-13T01:39:56.796808+00:00
CUR_GI859,Curitiba,4106902,1,,661,,,-25.473001,-49.265366,,False,7,1,2023-06-13T01:41:56.796808+00:00
CUR_BC021,Curitiba,4106902,1,,876,,,-25.40896,-49.360773,,False,1,1,2023-06-13T01:41:56.796808+00:00
CUR_BC012,Curitiba,4106902,1,,876,,,-25.432225,-49.281375,,False,1,2,2023-06-13T01:41:56.796808+00:00
CUR_BI010,Curitiba,4106902,1,,243,,,-25.377645,-49.262488,,False,1,1,2023-06-13T01:41:56.796808+00:00
CUR_EL316,Curitiba,4106902,0,URBS,506,https://moovitapp.com/index/pt-br/transporte_p%C3%BAblico-line-506_BAIRRO_NOVO-Curitiba-942-9628-294299-0,-1.0,-25.517298,-49.273116,,False,3,2,2023-06-13T01:41:56.796808+00:00
CUR_GL304,Curitiba,4106902,0,URBS,506,https://moovitapp.com/index/pt-br/transporte_p%C3%BAblico-line-506_BAIRRO_NOVO-Curitiba-942-9628-294299-0,-1.0,-25.451765,-49.264038,,False,3,2,2023-06-13T01:41:56.796808+00:00
CUR_EL313,Curitiba,4106902,0,URBS,506,https://moovitapp.com/index/pt-br/transporte_p%C3%BAblico-line-506_BAIRRO_NOVO-Curitiba-942-9628-294299-0,-1.0,-25.458976,-49.267988,,False,3,1,2023-06-13T01:41:56.796808+00:00
CUR_EL327,Curitiba,4106902,1,URBS,506,https://moovitapp.com/index/pt-br/transporte_p%C3%BAblico-line-506_BAIRRO_NOVO-Curitiba-942-9628-294299-0,-1.0,-25.544876,-49.265986,,False,3,1,2023-06-13T01:41:56.796808+00:00
CUR_JL321,Curitiba,4106902,1,URBS,304,https://moovitapp.com/index/pt-br/transporte_p%C3%BAblico-line-304_PINHAIS_CAMPO_COMPRIDO-Curitiba-942-9628-133282995-0,-1.0,-25.434756,-49.300853,,False,3,1,2023-06-13T01:41:56.796808+00:00
CUR_JL324,Curitiba,4106902,1,URBS,304,https://moovitapp.com/index/pt-br/transporte_p%C3%BAblico-line-304_PINHAIS_CAMPO_COMPRIDO-Curitiba-942-9628-133282995-0,-1.0,-25.449611,-49.35381,,False,3,1,2023-06-13T01:41:56.796808+00:00
CUR_DL301,Curitiba,4106902,0,URBS,304,https://moovitapp.com/index/pt-br/transporte_p%C3%BAblico-line-304_PINHAIS_CAMPO_COMPRIDO-Curitiba-942-9628-133282995-0,-1.0,-25.441376,-49.347208,,False,3,2,2023-06-13T01:41:56.796808+00:00
CUR_GI015,Curitiba,4106902,1,,541,,,-25.541015,-49.266196,,False,1,1,2023-06-13T01:41:56.796808+00:00
CUR_GI030,Curitiba,4106902,1,,541,,,-25.534791,-49.26955,,False,1,2,2023-06-13T01:41:56.796808+00:00
CUR_BL605,Curitiba,4106902,0,URBS,022,https://moovitapp.com/index/pt-br/transporte_p%C3%BAblico-line-022_INTER_2_HOR%C3%81RIO-Curitiba-942-9628-381388-0,-1.0,-25.414276,-49.260335,,False,4,,2023-06-13T01:41:56.796808+00:00
CUR_BL329,Curitiba,4106902,0,URBS,022,https://moovitapp.com/index/pt-br/transporte_p%C3%BAblico-line-022_INTER_2_HOR%C3%81RIO-Curitiba-942-9628-381388-0,-1.0,-25.450788,-49.228633,,False,3,,2023-06-13T01:41:56.796808+00:00
CUR_HL699,Curitiba,4106902,0,URBS,022,https://moovitapp.com/index/pt-br/transporte_p%C3%BAblico-line-022_INTER_2_HOR%C3%81RIO-Curitiba-942-9628-381388-0,-1.0,-25.495013,-49.287338,,False,4,,2023-06-13T01:41:56.796808+00:00
CUR_BL331,Curitiba,4106902,0,URBS,022,https://moovitapp.com/index/pt-br/transporte_p%C3%BAblico-line-022_INTER_2_HOR%C3%81RIO-Curitiba-942-9628-381388-0,-1.0,-25.436011,-49.304215,,False,3,,2023-06-13T01:41:56.796808+00:00
CUR_BL321,Curitiba,4106902,0,URBS,022,https://moovitapp.com/index/pt-br/transporte_p%C3%BAblico-line-022_INTER_2_HOR%C3%81RIO-Curitiba-942-9628-381388-0,-1.0,-25.453691,-49.230438,,False,3,,2023-06-13T01:41:56.796808+00:00
CUR_DA297,Curitiba,4106902,1,,513,,,-25.502478,-49.256968,,False,1,1,2023-06-13T01:41:56.796808+00:00
CUR_BC020,Curitiba,4106902,1,,870,,,-25.427776,-49.29,,False,1,2,2023-06-13T01:41:56.796808+00:00
CUR_BC014,Curitiba,4106902,1,,870,,,-25.431316,-49.292015,,False,1,1,2023-06-13T01:41:56.796808+00:00
CUR_DA019,Curitiba,4106902,0,,323,,,-25.45241,-49.198678,,False,1,,2023-06-13T01:41:56.796808+00:00
CUR_DA292,Curitiba,4106902,1,,321,,,-25.46503,-49.198956,,False,1,1,2023-06-13T01:41:56.796808+00:00
CUR_DA301,Curitiba,4106902,1,,477,,,-25.459036,-49.248496,,False,3,2,2023-06-13T01:39:56.796808+00:00
CUR_BA019,Curitiba,4106902,1,,827,,,-25.448883,-49.36287,,False,1,1,2023-06-13T01:41:56.796808+00:00
CUR_BC280,Curitiba,4106902,1,,183,,,-25.40731,-49.276178,,False,1,1,2023-06-13T01:41:56.796808+00:00
CUR_JI010,Curitiba,4106902,1,,828,,,-25.461545,-49.33417,,False,1,1,2023-06-13T01:41:56.796808+00:00
CUR_HI008,Curitiba,4106902,1,,828,,,-25.477711,-49.32592,,False,1,2,2023-06-13T01:41:56.796808+00:00
CUR_HI023,Curitiba,4106902,1,,619,,,-25.557291,-49.332151,,False,1,2,2023-06-13T01:41:56.796808+00:00
CUR_HI608,Curitiba,4106902,1,,619,,,-25.511573,-49.324395,,False,4,2,2023-06-13T01:41:56.796808+00:00
CUR_BI879,Curitiba,4106902,1,,311,,,-25.435461,-49.206283,,False,7,1,2023-06-13T01:41:56.796808+00:00
CUR_HA603,Curitiba,4106902,1,Auto Viação São José,216,https://moovitapp.com/index/pt-br/transporte_p%C3%BAblico-line-216_PIT_PRA%C3%87A_DA_JUVENTUDE_SANTA_F%C3%89_PINDORAMA-Curitiba-942-857412-122004458-0,-1.0,-25.450708,-49.262081,,False,4,2,2023-06-13T01:41:56.796808+00:00
CUR_BA600,Curitiba,4106902,1,Auto Viação São José,216,https://moovitapp.com/index/pt-br/transporte_p%C3%BAblico-line-216_PIT_PRA%C3%87A_DA_JUVENTUDE_SANTA_F%C3%89_PINDORAMA-Curitiba-942-857412-122004458-0,-1.0,-25.429386,-49.249183,,False,4,1,2023-06-13T01:41:56.796808+00:00
CUR_BA604,Curitiba,4106902,1,Auto Viação São José,216,https://moovitapp.com/index/pt-br/transporte_p%C3%BAblico-line-216_PIT_PRA%C3%87A_DA_JUVENTUDE_SANTA_F%C3%89_PINDORAMA-Curitiba-942-857412-122004458-0,-1.0,-25.473233,-49.287376,,False,4,2,2023-06-13T01:41:56.796808+00:00
CUR_HR408,Curitiba,4106902,1,Auto Viação São José,216,https://moovitapp.com/index/pt-br/transporte_p%C3%BAblico-line-216_PIT_PRA%C3%87A_DA_JUVENTUDE_SANTA_F%C3%89_PINDORAMA-Curitiba-942-857412-122004458-0,-1.0,-25.417006,-49.252293,,False,4,1,2023-06-13T01:41:56.796808+00:00
CUR_CI007,Curitiba,4106902,1,,222,,,-25.393643,-49.228283,,False,1,1,2023-06-13T01:41:56.796808+00:00
CUR_CI001,Curitiba,4106902,1,,222,,,-25.382976,-49.198891,,False,1,1,2023-06-13T01:41:56.796808+00:00
CUR_BI024,Curitiba,4106902,1,,242,,,-25.350448,-49.253518,,False,1,1,2023-06-13T01:41:56.796808+00:00
CUR_BL328,Curitiba,4106902,0,URBS,307,https://moovitapp.com/index/pt-br/transporte_p%C3%BAblico-line-307_BAIRRO_ALTO_SANTA_FELICIDADE-Curitiba-942-9628-1323712-0,-1.0,-25.406593,-49.32346,,False,3,2,2023-06-13T01:41:56.796808+00:00
CUR_BL325,Curitiba,4106902,0,URBS,307,https://moovitapp.com/index/pt-br/transporte_p%C3%BAblico-line-307_BAIRRO_ALTO_SANTA_FELICIDADE-Curitiba-942-9628-1323712-0,-1.0,-25.430303,-49.211285,,False,3,1,2023-06-13T01:41:56.796808+00:00
CUR_ML307,Curitiba,4106902,0,URBS,307,https://moovitapp.com/index/pt-br/transporte_p%C3%BAblico-line-307_BAIRRO_ALTO_SANTA_FELICIDADE-Curitiba-942-9628-1323712-0,-1.0,-25.4284,-49.27247,,False,3,1,2023-06-13T01:41:56.796808+00:00
CUR_CL301,Curitiba,4106902,0,URBS,307,https://moovitapp.com/index/pt-br/transporte_p%C3%BAblico-line-307_BAIRRO_ALTO_SANTA_FELICIDADE-Curitiba-942-9628-1323712-0,-1.0,-25.424145,-49.290826,,False,3,2,2023-06-13T01:41:56.796808+00:00
CUR_ML312,Curitiba,4106902,0,URBS,307,https://moovitapp.com/index/pt-br/transporte_p%C3%BAblico-line-307_BAIRRO_ALTO_SANTA_FELICIDADE-Curitiba-942-9628-1323712-0,-1.0,-25.418388,-49.203461,,False,3,1,2023-06-13T01:41:56.796808+00:00
CUR_CL303,Curitiba,4106902,0,URBS,307,https://moovitapp.com/index/pt-br/transporte_p%C3%BAblico-line-307_BAIRRO_ALTO_SANTA_FELICIDADE-Curitiba-942-9628-1323712-0,-1.0,-25.429485,-49.273025,,False,3,2,2023-06-13T01:32:56.796808+00:00
CUR_EI002,Curitiba,4106902,1,,523,,,-25.502055,-49.22327,,False,1,2,2023-06-13T01:41:56.796808+00:00
CUR_MI001,Curitiba,4106902,1,,817,,,-25.42733,-49.338106,,False,1,1,2023-06-13T01:40:56.796808+00:00
CUR_BA015,Curitiba,4106902,1,,817,,,-25.401921,-49.328811,,False,1,1,2023-06-13T01:41:56.796808+00:00
CUR_EA021,Curitiba,4106902,1,,521,,,-25.50954,-49.246055,,False,1,2,2023-06-13T01:41:56.796808+00:00
CUR_EI006,Curitiba,4106902,1,,X07,,,-25.555201,-49.255571,,False,1,1,2023-06-13T01:41:56.796808+00:00
CUR_EA005,Curitiba,4106902,1,,X07,,,-25.534288,-49.268033,,False,1,2,2023-06-13T01:41:56.796808+00:00
CUR_DC085,Curitiba,4106902,1,,338,,,-25.474848,-49.229725,,False,1,1,2023-06-13T01:41:56.796808+00:00
CUR_DC084,Curitiba,4106902,0,,338,,,-25.481243,-49.204393,,False,1,2,2023-06-13T01:41:56.796808+00:00
CUR_DC088,Curitiba,4106902,1,,338,,,-25.471343,-49.237398,,False,1,1,2023-06-13T01:41:56.796808+00:00
CUR_DA295,Curitiba,4106902,1,,338,,,-25.4697,-49.206368,,False,1,2,2023-06-13T01:41:56.796808+00:00
CUR_EI016,Curitiba,4106902,1,,532,,,-25.531978,-49.241668,,False,1,1,2023-06-13T01:40:56.796808+00:00
CUR_HC301,Curitiba,4106902,1,,380,,,-25.428248,-49.26641,,False,10,2,2023-06-13T01:41:56.796808+00:00
CUR_CC302,Curitiba,4106902,1,,380,,,-25.433041,-49.273176,,False,10,1,2023-06-13T01:41:56.796808+00:00
CUR_BI859,Curitiba,4106902,1,,875,,,-25.42998,-49.272366,,False,7,2,2023-06-13T01:41:56.796808+00:00
CUR_EB605,Curitiba,4106902,1,,050,,,-25.477895,-49.296588,,False,4,2,2023-06-13T01:41:56.796808+00:00
CUR_JB611,Curitiba,4106902,1,,050,,,-25.45054,-49.26168,,False,4,1,2023-06-13T01:40:56.796808+00:00
CUR_JB604,Curitiba,4106902,1,,050,,,-25.47609,-49.291006,,False,4,1,2023-06-13T01:41:56.796808+00:00
CUR_GR124,Curitiba,4106902,1,,050,,,-25.476353,-49.292286,,False,4,2,2023-06-13T01:41:56.796808+00:00
CUR_HB607,Curitiba,4106902,1,,050,,,-25.459196,-49.250453,,False,4,2,2023-06-13T01:41:56.796808+00:00
CUR_EA600,Curitiba,4106902,1,,050,,,-25.451271,-49.215071,,False,4,2,2023-06-13T01:41:56.796808+00:00
CUR_HA016,Curitiba,4106902,1,,628,,,-25.498918,-49.309936,,False,1,2,2023-06-13T01:41:56.796808+00:00
CUR_HA011,Curitiba,4106902,1,,628,,,-25.514675,-49.328941,,False,1,1,2023-06-13T01:41:56.796808+00:00
CUR_JA022,Curitiba,4106902,1,,860,,,-25.437166,-49.274645,,False,1,2,2023-06-13T01:41:56.796808+00:00
CUR_JI298,Curitiba,4106902,1,,860,,,-25.459773,-49.345343,,False,1,1,2023-06-13T01:41:56.796808+00:00
CUR_JA300,Curitiba,4106902,1,,826,,,-25.483541,-49.3502,,False,3,1,2023-06-13T01:41:56.796808+00:00
CUR_HI011,Curitiba,4106902,1,,826,,,-25.475426,-49.351075,,False,1,2,2023-06-13T01:41:56.796808+00:00
CUR_GC008,Curitiba,4106902,1,,631,,,-25.518463,-49.294291,,False,1,,2023-06-13T01:41:56.796808+00:00
CUR_HE702,Curitiba,4106902,0,URBS,350,https://moovitapp.com/index/pt-br/transporte_p%C3%BAblico-line-350_FAGUNDES_VARELA_PINHEIRINHO-Curitiba-942-9628-52482798-0,-1.0,-25.453288,-49.243631,,False,5,2,2023-06-13T01:41:56.796808+00:00
CUR_BE707,Curitiba,4106902,0,URBS,350,https://moovitapp.com/index/pt-br/transporte_p%C3%BAblico-line-350_FAGUNDES_VARELA_PINHEIRINHO-Curitiba-942-9628-52482798-0,-1.0,-25.497626,-49.277085,,False,5,2,2023-06-13T01:41:56.796808+00:00
CUR_EL309,Curitiba,4106902,0,URBS,505,https://moovitapp.com/index/pt-br/transporte_p%C3%BAblico-line-505_BOQUEIR%C3%83O_CENTRO_C%C3%8DVICO-Curitiba-942-9628-531685-0,-1.0,-25.495508,-49.24059,,False,3,1,2023-06-13T01:40:56.796808+00:00
CUR_EL322,Curitiba,4106902,1,URBS,507,https://moovitapp.com/index/pt-br/transporte_p%C3%BAblico-line-507_S%C3%8DTIO_CERCADO_HOR%C3%81RIO-Curitiba-942-9628-294494-0,-1.0,-25.44904,-49.257991,,False,3,2,2023-06-13T01:40:56.796808+00:00
CUR_EL312,Curitiba,4106902,0,URBS,505,https://moovitapp.com/index/pt-br/transporte_p%C3%BAblico-line-505_BOQUEIR%C3%83O_CENTRO_C%C3%8DVICO-Curitiba-942-9628-531685-0,-1.0,-25.43477,-49.262861,,False,3,1,2023-06-13T01:41:56.796808+00:00
CUR_HC851,Curitiba,4106902,1,,674,,,-25.449958,-49.284838,,False,7,2,2023-06-13T01:41:56.796808+00:00
CUR_DC092,Curitiba,4106902,1,,468,,,-25.482645,-49.213733,,False,1,1,2023-06-13T01:41:56.796808+00:00
CUR_DC292,Curitiba,4106902,1,,468,,,-25.482743,-49.216818,,False,1,2,2023-06-13T01:41:56.796808+00:00
CUR_BC015,Curitiba,4106902,1,,160,,,-25.455195,-49.271243,,False,1,2,2023-06-13T01:40:56.796808+00:00
CUR_BC025,Curitiba,4106902,1,,160,,,-25.420363,-49.282831,,False,1,1,2023-06-13T01:41:56.796808+00:00
CUR_HI859,Curitiba,4106902,1,,865,,,-25.449936,-49.31353,,False,7,1,2023-06-13T01:41:56.796808+00:00
CUR_JL320,Curitiba,4106902,1,URBS,702,https://moovitapp.com/index/pt-br/transporte_p%C3%BAblico-line-702_CAIU%C3%81_CACHOEIRA-Curitiba-942-9628-133282980-0,-1.0,-25.444328,-49.275116,,False,3,2,2023-06-13T01:41:56.796808+00:00
CUR_JL313,Curitiba,4106902,0,URBS,702,https://moovitapp.com/index/pt-br/transporte_p%C3%BAblico-line-702_CAIU%C3%81_CACHOEIRA-Curitiba-942-9628-133282980-0,-1.0,-25.432948,-49.26528,,False,3,2,2023-06-13T01:41:56.796808+00:00
CUR_JL319,Curitiba,4106902,0,URBS,702,https://moovitapp.com/index/pt-br/transporte_p%C3%BAblico-line-702_CAIU%C3%81_CACHOEIRA-Curitiba-942-9628-133282980-0,-1.0,-25.410496,-49.264143,,False,3,1,2023-06-13T01:41:56.796808+00:00
CUR_BI895,Curitiba,4106902,1,,386,,,-25.431161,-49.239768,,False,7,1,2023-06-13T01:41:56.796808+00:00
CUR_BI864,Curitiba,4106902,1,,244,,,-25.370463,-49.253908,,False,7,2,2023-06-13T01:39:56.796808+00:00
CUR_HE723,Curitiba,4106902,0,URBS,603,https://moovitapp.com/index/pt-br/transporte_p%C3%BAblico-line-603_PINHEIRINHO_RUI_BARBOSA-Curitiba-942-9628-484781-0,-1.0,-25.471336,-49.29441,,False,5,2,2023-06-13T01:41:56.796808+00:00
CUR_HE713,Curitiba,4106902,0,URBS,603,https://moovitapp.com/index/pt-br/transporte_p%C3%BAblico-line-603_PINHEIRINHO_RUI_BARBOSA-Curitiba-942-9628-484781-0,-1.0,-25.452185,-49.287808,,False,5,1,2023-06-13T01:41:56.796808+00:00
CUR_HE717,Curitiba,4106902,0,URBS,603,https://moovitapp.com/index/pt-br/transporte_p%C3%BAblico-line-603_PINHEIRINHO_RUI_BARBOSA-Curitiba-942-9628-484781-0,-1.0,-25.498326,-49.295796,,False,5,1,2023-06-13T01:40:56.796808+00:00
CUR_HD252,Curitiba,4106902,0,URBS,603,https://moovitapp.com/index/pt-br/transporte_p%C3%BAblico-line-603_PINHEIRINHO_RUI_BARBOSA-Curitiba-942-9628-484781-0,-1.0,-25.44762,-49.287593,,False,5,1,2023-06-13T01:41:56.796808+00:00
CUR_HE712,Curitiba,4106902,0,URBS,603,https://moovitapp.com/index/pt-br/transporte_p%C3%BAblico-line-603_PINHEIRINHO_RUI_BARBOSA-Curitiba-942-9628-484781-0,-1.0,-25.440795,-49.27485,,False,5,2,2023-06-13T01:41:56.796808+00:00
CUR_BI007,Curitiba,4106902,1,,374,,,-25.41028,-49.207345,,False,1,1,2023-06-13T01:41:56.796808+00:00
CUR_BI006,Curitiba,4106902,1,,374,,,-25.415956,-49.257051,,False,1,2,2023-06-13T01:40:56.796808+00:00
CUR_JI016,Curitiba,4106902,1,,721,,,-25.505713,-49.349841,,False,1,1,2023-06-13T01:41:56.796808+00:00
CUR_MI853,Curitiba,4106902,1,,967,,,-25.424116,-49.279668,,False,7,2,2023-06-13T01:41:56.796808+00:00
CUR_DA294,Curitiba,4106902,1,,332,,,-25.468871,-49.208191,,False,1,,2023-06-13T01:41:56.796808+00:00
CUR_BI856,Curitiba,4106902,1,Auto Viação São José,213,https://moovitapp.com/index/pt-br/transporte_p%C3%BAblico-line-213_PIT_PRA%C3%87A_DA_JUVENTUDE_CRISTAL_BLANCO_POMBO_HOR%C3%81RIO-Curitiba-942-857412-119631272-0,-1.0,-25.406726,-49.252643,,False,7,2,2023-06-13T01:41:56.796808+00:00
CUR_BB302,Curitiba,4106902,1,,010,,,-25.435658,-49.26134,,False,10,,2023-06-13T01:41:56.796808+00:00
CUR_BB303,Curitiba,4106902,1,,010,,,-25.430785,-49.290886,,False,10,,2023-06-13T01:41:56.796808+00:00
CUR_GI049,Curitiba,4106902,1,,642,,,-25.54606,-49.293778,,False,1,2,2023-06-13T01:41:56.796808+00:00
CUR_JA027,Curitiba,4106902,1,,711,,,-25.476636,-49.347463,,False,1,2,2023-06-13T01:41:56.796808+00:00
CUR_BI022,Curitiba,4106902,1,,225,,,-25.390433,-49.245411,,False,1,1,2023-06-13T01:41:56.796808+00:00
CUR_HI040,Curitiba,4106902,1,,680,,,-25.578038,-49.33307,,False,1,1,2023-06-13T01:41:56.796808+00:00
CUR_HI045,Curitiba,4106902,1,,680,,,-25.51519,-49.29568,,False,1,2,2023-06-13T01:41:56.796808+00:00
CUR_EA011,Curitiba,4106902,1,,663,,,-25.489085,-49.28107,,False,1,1,2023-06-13T01:41:56.796808+00:00
CUR_EI013,Curitiba,4106902,1,,663,,,-25.475503,-49.2878,,False,1,2,2023-06-13T01:41:56.796808+00:00
CUR_KI601,Curitiba,4106902,1,,629,,,-25.5425,-49.241795,,False,4,1,2023-06-13T01:40:56.796808+00:00
CUR_EA020,Curitiba,4106902,1,,561,,,-25.487425,-49.277241,,False,1,1,2023-06-13T01:41:56.796808+00:00
CUR_HA192,Curitiba,4106902,1,,630,,,-25.519863,-49.295585,,False,1,2,2023-06-13T01:41:56.796808+00:00
CUR_GI008,Curitiba,4106902,1,,665,,,-25.468956,-49.282655,,False,1,2,2023-06-13T01:41:56.796808+00:00
CUR_GI858,Curitiba,4106902,1,,665,,,-25.499681,-49.285198,,False,7,1,2023-06-13T01:41:56.796808+00:00
CUR_DA020,Curitiba,4106902,0,,462,,,-25.439886,-49.250145,,False,1,1,2023-06-13T01:41:56.796808+00:00
CUR_DC090,Curitiba,4106902,1,,462,,,-25.446916,-49.230848,,False,1,1,2023-06-13T01:41:56.796808+00:00
CUR_DN604,Curitiba,4106902,1,,465,,,-25.4408,-49.256846,,False,7,1,2023-06-13T01:41:56.796808+00:00
CUR_HA019,Curitiba,4106902,1,,658,,,-25.494841,-49.352125,,False,1,1,2023-06-13T01:41:56.796808+00:00
CUR_HA008,Curitiba,4106902,1,,658,,,-25.494801,-49.319105,,False,1,2,2023-06-13T01:41:56.796808+00:00
CUR_JI022,Curitiba,4106902,1,,658,,,-25.494906,-49.326,,False,1,1,2023-06-13T01:41:56.796808+00:00
CUR_JI006,Curitiba,4106902,1,,611,,,-25.469098,-49.305013,,False,1,2,2023-06-13T01:41:56.796808+00:00
CUR_JI013,Curitiba,4106902,1,,611,,,-25.470663,-49.301326,,False,1,1,2023-06-13T01:41:56.796808+00:00
CUR_EA025,Curitiba,4106902,1,,522,,,-25.50076,-49.23797,,False,1,2,2023-06-13T01:41:56.796808+00:00
CUR_EI004,Curitiba,4106902,1,,471,,,-25.458326,-49.249128,,False,1,1,2023-06-13T01:41:56.796808+00:00
CUR_EI014,Curitiba,4106902,1,,533,,,-25.522971,-49.242423,,False,1,,2023-06-13T01:41:56.796808+00:00
CUR_EI017,Curitiba,4106902,1,,475,,,-25.495338,-49.22485,,False,1,1,2023-06-13T01:41:56.796808+00:00
CUR_EI020,Curitiba,4106902,1,,475,,,-25.441001,-49.260071,,False,1,1,2023-06-13T01:41:56.796808+00:00
CUR_HA609,Curitiba,4106902,1,,650,,,-25.511771,-49.294391,,False,4,2,2023-06-13T01:41:56.796808+00:00
CUR_HI601,Curitiba,4106902,1,,650,,,-25.575841,-49.331151,,False,4,2,2023-06-13T01:41:56.796808+00:00
CUR_HI016,Curitiba,4106902,1,,650,,,-25.563903,-49.339238,,False,1,1,2023-06-13T01:41:56.796808+00:00
CUR_GI020,Curitiba,4106902,1,,636,,,-25.51204,-49.29519,,False,1,2,2023-06-13T01:41:56.796808+00:00
CUR_GI009,Curitiba,4106902,1,,649,,,-25.524388,-49.286296,,False,1,2,2023-06-13T01:41:56.796808+00:00
CUR_GA002,Curitiba,4106902,1,,649,,,-25.529388,-49.282831,,False,1,1,2023-06-13T01:41:56.796808+00:00
CUR_GI055,Curitiba,4106902,1,,624,,,-25.500016,-49.291535,,False,1,2,2023-06-13T01:41:56.796808+00:00
CUR_GI021,Curitiba,4106902,1,,683,,,-25.546843,-49.27145,,False,1,2,2023-06-13T01:41:56.796808+00:00
CUR_GI048,Curitiba,4106902,1,,640,,,-25.532485,-49.287108,,False,1,1,2023-06-13T01:40:56.796808+00:00
CUR_GI024,Curitiba,4106902,1,,640,,,-25.532785,-49.286976,,False,1,1,2023-06-13T01:41:56.796808+00:00
CUR_GI040,Curitiba,4106902,1,,625,,,-25.493991,-49.286678,,False,1,2,2023-06-13T01:41:56.796808+00:00
CUR_GI036,Curitiba,4106902,1,,625,,,-25.534486,-49.268371,,False,1,1,2023-06-13T01:41:56.796808+00:00
CUR_GI031,Curitiba,4106902,1,,625,,,-25.506273,-49.2832,,False,1,1,2023-06-13T01:41:56.796808+00:00
CUR_JI864,Curitiba,4106902,1,,760,,,-25.460368,-49.307615,,False,7,1,2023-06-13T01:41:56.796808+00:00
CUR_HA020,Curitiba,4106902,1,,646,,,-25.598373,-49.329988,,False,1,2,2023-06-13T01:41:56.796808+00:00
CUR_HI021,Curitiba,4106902,1,,646,,,-25.5243,-49.295936,,False,1,1,2023-06-13T01:41:56.796808+00:00
CUR_HI299,Curitiba,4106902,1,,653,,,-25.511701,-49.325,,False,1,2,2023-06-13T01:41:56.796808+00:00
CUR_HA013,Curitiba,4106902,1,,659,,,-25.59071,-49.319933,,False,1,1,2023-06-13T01:41:56.796808+00:00
CUR_HI024,Curitiba,4106902,1,,659,,,-25.557313,-49.306665,,False,1,2,2023-06-13T01:41:56.796808+00:00
CUR_BI853,Curitiba,4106902,1,,169,,,-25.391666,-49.294383,,False,7,1,2023-06-13T01:41:56.796808+00:00
CUR_DA011,Curitiba,4106902,1,,322,,,-25.451105,-49.215146,,False,1,1,2023-06-13T01:41:56.796808+00:00
CUR_DA033,Curitiba,4106902,1,,621,,,-25.490773,-49.276678,,False,1,2,2023-06-13T01:41:56.796808+00:00
CUR_DA023,Curitiba,4106902,1,,621,,,-25.494573,-49.286881,,False,1,1,2023-06-13T01:40:56.796808+00:00
CUR_CI008,Curitiba,4106902,1,,341,,,-25.383308,-49.218113,,False,1,2,2023-06-13T01:41:56.796808+00:00
CUR_BC300,Curitiba,4106902,1,,170,,,-25.383003,-49.28785,,False,3,1,2023-06-13T01:41:56.796808+00:00
CUR_BA032,Curitiba,4106902,1,,233,,,-25.368096,-49.208798,,False,1,,2023-06-13T01:41:56.796808+00:00
CUR_BI873,Curitiba,4106902,1,,184,,,-25.357315,-49.281243,,False,7,1,2023-06-13T01:41:56.796808+00:00
CUR_BI871,Curitiba,4106902,1,,280,,,-25.382411,-49.238946,,False,7,1,2023-06-13T01:41:56.796808+00:00
CUR_BI866,Curitiba,4106902,1,,275,,,-25.396893,-49.258546,,False,7,1,2023-06-13T01:41:56.796808+00:00
CUR_BI869,Curitiba,4106902,1,,275,,,-25.376426,-49.24402,,False,7,2,2023-06-13T01:41:56.796808+00:00
CUR_BI004,Curitiba,4106902,1,Auto Viação São José,211,https://moovitapp.com/index/pt-br/transporte_p%C3%BAblico-line-211_PIT_PRA%C3%87A_DA_JUVENTUDE_IZAURA_IP%C3%8A-Curitiba-942-857412-73553392-0,-1.0,-25.412855,-49.231568,,False,1,1,2023-06-13T01:41:56.796808+00:00
CUR_KI001,Curitiba,4106902,1,,472,,,-25.490456,-49.222288,,False,1,1,2023-06-13T01:41:56.796808+00:00
CUR_HI047,Curitiba,4106902,1,,623,,,-25.497756,-49.301286,,False,1,2,2023-06-13T01:41:56.796808+00:00
CUR_HI018,Curitiba,4106902,1,,623,,,-25.505136,-49.303183,,False,1,1,2023-06-13T01:40:56.796808+00:00
CUR_DC086,Curitiba,4106902,1,,474,,,-25.440806,-49.255851,,False,1,2,2023-06-13T01:41:56.796808+00:00
CUR_JI020,Curitiba,4106902,1,,712,,,-25.480301,-49.3279,,False,1,1,2023-06-13T01:41:56.796808+00:00
CUR_HI010,Curitiba,4106902,1,,712,,,-25.51149,-49.327991,,False,1,2,2023-06-13T01:41:56.796808+00:00
CUR_BC007,Curitiba,4106902,1,,168,,,-25.38475,-49.303931,,False,1,1,2023-06-13T01:41:56.796808+00:00
CUR_HA619,Curitiba,4106902,1,,685,,,-25.51965,-49.334185,,False,4,1,2023-06-13T01:41:56.796808+00:00
CUR_HR409,Curitiba,4106902,1,,685,,,-25.575516,-49.330438,,False,4,1,2023-06-13T01:41:56.796808+00:00
CUR_BI886,Curitiba,4106902,1,Auto Viação São José,214,https://moovitapp.com/index/pt-br/transporte_p%C3%BAblico-line-214_PIT_PRA%C3%87A_DA_JUVENTUDE_CRISTAL_BLANCO_POMBO_ANTI_HOR%C3%81RIO-Curitiba-942-857412-119631273-0,-1.0,-25.3927,-49.226638,,False,7,1,2023-06-13T01:41:56.796808+00:00
CUR_EI010,Curitiba,4106902,1,Auto Viação São José,515,https://moovitapp.com/index/pt-br/transporte_p%C3%BAblico-line-515_%E2%9C%88_AEROPORTO_1_SHOPPING_S%C3%83O_JOS%C3%89-Curitiba-942-857412-67925719-0,-1.0,-25.47398,-49.209613,,False,1,1,2023-06-13T01:32:56.796808+00:00
CUR_DC298,Curitiba,4106902,1,,335,,,-25.516641,-49.23083,,False,1,2,2023-06-13T01:41:56.796808+00:00
CUR_MI005,Curitiba,4106902,1,,821,,,-25.41133,-49.350773,,False,1,1,2023-06-13T01:40:56.796808+00:00
CUR_EA008,Curitiba,4106902,1,,657,,,-25.50806,-49.268511,,False,1,1,2023-06-13T01:41:56.796808+00:00
CUR_JI948,Curitiba,4106902,1,,861,,,-25.43859,-49.273396,,False,7,2,2023-06-13T01:41:56.796808+00:00
CUR_BA017,Curitiba,4106902,1,,822,,,-25.436301,-49.363106,,False,1,1,2023-06-13T01:41:56.796808+00:00
CUR_MA011,Curitiba,4106902,1,,924,,,-25.388381,-49.283085,,False,1,2,2023-06-13T01:41:56.796808+00:00
CUR_MI004,Curitiba,4106902,1,,924,,,-25.377223,-49.224148,,False,1,1,2023-06-13T01:41:56.796808+00:00
CUR_BI016,Curitiba,4106902,1,,924,,,-25.399221,-49.322976,,False,1,2,2023-06-13T01:41:56.796808+00:00
CUR_BC009,Curitiba,4106902,1,,372,,,-25.42004,-49.200168,,False,1,1,2023-06-13T01:41:56.796808+00:00
CUR_BC316,Curitiba,4106902,1,,372,,,-25.428011,-49.25642,,False,10,2,2023-06-13T01:41:56.796808+00:00
CUR_DC855,Curitiba,4106902,1,,387,,,-25.448843,-49.221901,,False,7,2,2023-06-13T01:41:56.796808+00:00
CUR_BI013,Curitiba,4106902,1,,342,,,-25.39572,-49.231425,,False,1,2,2023-06-13T01:41:56.796808+00:00
CUR_BI015,Curitiba,4106902,1,,342,,,-25.405626,-49.200531,,False,1,1,2023-06-13T01:41:56.796808+00:00
CUR_GC007,Curitiba,4106902,1,,534,,,-25.530535,-49.256296,,False,1,1,2023-06-13T01:41:56.796808+00:00
CUR_GI025,Curitiba,4106902,1,,534,,,-25.518963,-49.232575,,False,1,2,2023-06-13T01:41:56.796808+00:00
CUR_EA010,Curitiba,4106902,1,Auto Viação São José,515,https://moovitapp.com/index/pt-br/transporte_p%C3%BAblico-line-515_%E2%9C%88_AEROPORTO_1_SHOPPING_S%C3%83O_JOS%C3%89-Curitiba-942-857412-67925719-0,-1.0,-25.517905,-49.230798,,False,1,2,2023-06-13T01:41:56.796808+00:00
CUR_EI001,Curitiba,4106902,1,Auto Viação São José,515,https://moovitapp.com/index/pt-br/transporte_p%C3%BAblico-line-515_%E2%9C%88_AEROPORTO_1_SHOPPING_S%C3%83O_JOS%C3%89-Curitiba-942-857412-67925719-0,-1.0,-25.482623,-49.24623,,False,1,1,2023-06-13T01:41:56.796808+00:00
CUR_DC294,Curitiba,4106902,1,,334,,,-25.469268,-49.208343,,False,1,,2023-06-13T01:37:56.796808+00:00
CUR_JI856,Curitiba,4106902,1,,762,,,-25.440245,-49.269418,,False,7,2,2023-06-13T01:41:56.796808+00:00
CUR_HA190,Curitiba,4106902,1,,652,,,-25.525901,-49.330751,,False,1,2,2023-06-13T01:41:56.796808+00:00
CUR_HI003,Curitiba,4106902,1,,652,,,-25.528383,-49.33777,,False,1,1,2023-06-13T01:41:56.796808+00:00
CUR_BC013,Curitiba,4106902,1,,375,,,-25.417158,-49.218381,,False,1,1,2023-06-13T01:41:56.796808+00:00
CUR_BI019,Curitiba,4106902,1,,236,,,-25.351798,-49.246315,,False,1,2,2023-06-13T01:38:56.796808+00:00
CUR_BC313,Curitiba,4106902,1,,371,,,-25.426843,-49.262991,,False,10,2,2023-06-13T01:41:56.796808+00:00
CUR_BC315,Curitiba,4106902,1,,371,,,-25.41285,-49.205266,,False,10,1,2023-06-13T01:41:56.796808+00:00
CUR_HE719,Curitiba,4106902,0,URBS,550,https://moovitapp.com/index/pt-br/transporte_p%C3%BAblico-line-550_LIGEIR%C3%83O_PINHEIRINHO_CARLOS_GOMES-Curitiba-942-9628-1254061-0,-1.0,-25.49922,-49.278315,,False,5,1,2023-06-13T01:41:56.796808+00:00
CUR_HE703,Curitiba,4106902,0,URBS,550,https://moovitapp.com/index/pt-br/transporte_p%C3%BAblico-line-550_LIGEIR%C3%83O_PINHEIRINHO_CARLOS_GOMES-Curitiba-942-9628-1254061-0,-1.0,-25.434191,-49.269075,,False,5,2,2023-06-13T01:41:56.796808+00:00
CUR_GE719,Curitiba,4106902,0,URBS,550,https://moovitapp.com/index/pt-br/transporte_p%C3%BAblico-line-550_LIGEIR%C3%83O_PINHEIRINHO_CARLOS_GOMES-Curitiba-942-9628-1254061-0,-1.0,-25.483363,-49.265301,,False,5,1,2023-06-13T01:41:56.796808+00:00
CUR_GE724,Curitiba,4106902,0,URBS,550,https://moovitapp.com/index/pt-br/transporte_p%C3%BAblico-line-550_LIGEIR%C3%83O_PINHEIRINHO_CARLOS_GOMES-Curitiba-942-9628-1254061-0,-1.0,-25.462798,-49.25651,,False,5,2,2023-06-13T01:41:56.796808+00:00
CUR_BA021,Curitiba,4106902,1,,816,,,-25.40077,-49.330388,,False,1,2,2023-06-13T01:40:56.796808+00:00
CUR_BI031,Curitiba,4106902,1,,816,,,-25.43447,-49.309931,,False,1,1,2023-06-13T01:41:56.796808+00:00
CUR_GI006,Curitiba,4106902,1,,553,,,-25.534181,-49.267656,,False,1,2,2023-06-13T01:41:56.796808+00:00
CUR_GA003,Curitiba,4106902,1,,553,,,-25.560435,-49.250511,,False,1,1,2023-06-13T01:41:56.796808+00:00
CUR_HI020,Curitiba,4106902,1,,617,,,-25.575633,-49.330515,,False,1,1,2023-06-13T01:41:56.796808+00:00
CUR_HI028,Curitiba,4106902,1,,617,,,-25.518346,-49.295673,,False,1,2,2023-06-13T01:40:56.796808+00:00
CUR_GI037,Curitiba,4106902,1,,643,,,-25.512956,-49.294818,,False,1,2,2023-06-13T01:41:56.796808+00:00
CUR_GI033,Curitiba,4106902,1,,643,,,-25.600091,-49.277285,,False,1,1,2023-06-13T01:41:56.796808+00:00
CUR_EA027,Curitiba,4106902,1,,X06,,,-25.534435,-49.26893,,False,1,1,2023-06-13T01:40:56.796808+00:00
CUR_GI042,Curitiba,4106902,1,,552,,,-25.54346,-49.268403,,False,1,2,2023-06-13T01:41:56.796808+00:00
CUR_GI053,Curitiba,4106902,1,,552,,,-25.558615,-49.258148,,False,1,1,2023-06-13T01:41:56.796808+00:00
CUR_GI045,Curitiba,4106902,1,,542,,,-25.549598,-49.25981,,False,1,,2023-06-13T01:41:56.796808+00:00
CUR_GI034,Curitiba,4106902,1,,542,,,-25.534448,-49.268248,,False,1,,2023-06-13T01:41:56.796808+00:00
CUR_GI026,Curitiba,4106902,1,,547,,,-25.5347,-49.257453,,False,1,1,2023-06-13T01:41:56.796808+00:00
CUR_EI011,Curitiba,4106902,1,,X03,,,-25.535711,-49.237193,,False,1,1,2023-06-13T01:41:56.796808+00:00
CUR_HB608,Curitiba,4106902,1,,060,,,-25.484038,-49.349968,,False,4,2,2023-06-13T01:41:56.796808+00:00
CUR_HR117,Curitiba,4106902,1,,060,,,-25.480665,-49.348756,,False,4,1,2023-06-13T01:41:56.796808+00:00
CUR_HI851,Curitiba,4106902,1,,600,,,-25.522298,-49.30451,,False,7,2,2023-06-13T01:41:56.796808+00:00
CUR_GI007,Curitiba,4106902,1,,639,,,-25.515306,-49.295501,,False,1,2,2023-06-13T01:41:56.796808+00:00
CUR_MI855,Curitiba,4106902,1,,912,,,-25.39557,-49.346845,,False,7,2,2023-06-13T01:41:56.796808+00:00
CUR_MI852,Curitiba,4106902,1,,911,,,-25.392613,-49.351051,,False,7,1,2023-06-13T01:41:56.796808+00:00
CUR_GI050,Curitiba,4106902,1,,641,,,-25.553038,-49.287283,,False,1,1,2023-06-13T01:41:56.796808+00:00
CUR_JI004,Curitiba,4106902,1,,719,,,-25.483761,-49.35011,,False,1,1,2023-06-13T01:41:56.796808+00:00
CUR_HA025,Curitiba,4106902,1,,773,,,-25.561961,-49.339255,,False,1,1,2023-06-13T01:41:56.796808+00:00
CUR_JI009,Curitiba,4106902,1,,718,,,-25.47699,-49.327813,,False,1,,2023-06-13T01:41:56.796808+00:00
CUR_HA198,Curitiba,4106902,1,,612,,,-25.49117,-49.322213,,False,1,1,2023-06-13T01:41:56.796808+00:00
CUR_HA021,Curitiba,4106902,1,,622,,,-25.494166,-49.33489,,False,1,1,2023-06-13T01:41:56.796808+00:00
CUR_BI025,Curitiba,4106902,1,,916,,,-25.376681,-49.334806,,False,1,1,2023-06-13T01:41:56.796808+00:00
CUR_HI006,Curitiba,4106902,1,,627,,,-25.517695,-49.330616,,False,1,2,2023-06-13T01:41:56.796808+00:00
CUR_HI017,Curitiba,4106902,1,,627,,,-25.512278,-49.332056,,False,1,1,2023-06-13T01:41:56.796808+00:00
CUR_HI046,Curitiba,4106902,1,,615,,,-25.47816,-49.296888,,False,1,1,2023-06-13T01:41:56.796808+00:00
CUR_BI860,Curitiba,4106902,1,,181,,,-25.390861,-49.267425,,False,7,1,2023-06-13T01:40:56.796808+00:00
CUR_HL320,Curitiba,4106902,0,URBS,607,https://moovitapp.com/index/pt-br/transporte_p%C3%BAblico-line-607_COLOMBO_CIC-Curitiba-942-9628-294348-0,-1.0,-25.429445,-49.27226,,False,3,2,2023-06-13T01:41:56.796808+00:00
CUR_HL322,Curitiba,4106902,0,URBS,607,https://moovitapp.com/index/pt-br/transporte_p%C3%BAblico-line-607_COLOMBO_CIC-Curitiba-942-9628-294348-0,-1.0,-25.482806,-49.291233,,False,3,2,2023-06-13T01:41:56.796808+00:00
CUR_HL325,Curitiba,4106902,0,URBS,607,https://moovitapp.com/index/pt-br/transporte_p%C3%BAblico-line-607_COLOMBO_CIC-Curitiba-942-9628-294348-0,-1.0,-25.445871,-49.26674,,False,3,1,2023-06-13T01:41:56.796808+00:00
CUR_HL497,Curitiba,4106902,1,URBS,607,https://moovitapp.com/index/pt-br/transporte_p%C3%BAblico-line-607_COLOMBO_CIC-Curitiba-942-9628-294348-0,-1.0,-25.393643,-49.228141,,False,3,2,2023-06-13T01:41:56.796808+00:00
CUR_HL315,Curitiba,4106902,0,URBS,607,https://moovitapp.com/index/pt-br/transporte_p%C3%BAblico-line-607_COLOMBO_CIC-Curitiba-942-9628-294348-0,-1.0,-25.386936,-49.21739,,False,3,1,2023-06-13T01:41:56.796808+00:00
CUR_HI850,Curitiba,4106902,1,,265,,,-25.430305,-49.273278,,False,7,2,2023-06-13T01:41:56.796808+00:00
CUR_JI003,Curitiba,4106902,1,,714,,,-25.484976,-49.352528,,False,1,,2023-06-13T01:41:56.796808+00:00
CUR_HI853,Curitiba,4106902,1,,644,,,-25.52277,-49.2946,,False,7,2,2023-06-13T01:41:56.796808+00:00
CUR_JC601,Curitiba,4106902,1,,703,,,-25.454828,-49.29762,,False,4,1,2023-06-13T01:41:56.796808+00:00
CUR_JI601,Curitiba,4106902,1,,703,,,-25.483641,-49.348703,,False,4,1,2023-06-13T01:41:56.796808+00:00
CUR_JC308,Curitiba,4106902,1,,703,,,-25.480396,-49.342746,,False,3,2,2023-06-13T01:41:56.796808+00:00
CUR_JC306,Curitiba,4106902,1,,703,,,-25.43576,-49.271493,,False,3,2,2023-06-13T01:41:56.796808+00:00
CUR_HI019,Curitiba,4106902,1,,681,,,-25.575696,-49.330565,,False,1,1,2023-06-13T01:41:56.796808+00:00
CUR_JC301,Curitiba,4106902,1,,701,,,-25.444488,-49.270693,,False,3,2,2023-06-13T01:41:56.796808+00:00
CUR_JA699,Curitiba,4106902,1,,701,,,-25.477186,-49.327255,,False,4,1,2023-06-13T01:40:56.796808+00:00
CUR_JC316,Curitiba,4106902,1,,701,,,-25.448983,-49.28757,,False,3,2,2023-06-13T01:41:56.796808+00:00
CUR_DN400,Curitiba,4106902,1,,516,,,-25.463771,-49.246066,,False,7,1,2023-06-13T01:41:56.796808+00:00
CUR_MI850,Curitiba,4106902,1,,913,,,-25.402468,-49.351408,,False,7,2,2023-06-13T01:41:56.796808+00:00
CUR_HL498,Curitiba,4106902,1,URBS,700,https://moovitapp.com/index/pt-br/transporte_p%C3%BAblico-line-700_PINHEIRINHO_CABRAL-Curitiba-942-9628-757429-0,-1.0,-25.426761,-49.265286,,False,3,1,2023-06-13T01:41:56.796808+00:00
CUR_HL328,Curitiba,4106902,0,URBS,700,https://moovitapp.com/index/pt-br/transporte_p%C3%BAblico-line-700_PINHEIRINHO_CABRAL-Curitiba-942-9628-757429-0,-1.0,-25.45162,-49.290123,,False,3,2,2023-06-13T01:41:56.796808+00:00
CUR_BL326,Curitiba,4106902,0,URBS,700,https://moovitapp.com/index/pt-br/transporte_p%C3%BAblico-line-700_PINHEIRINHO_CABRAL-Curitiba-942-9628-757429-0,-1.0,-25.445291,-49.277586,,False,3,2,2023-06-13T01:41:56.796808+00:00
CUR_HL496,Curitiba,4106902,1,URBS,700,https://moovitapp.com/index/pt-br/transporte_p%C3%BAblico-line-700_PINHEIRINHO_CABRAL-Curitiba-942-9628-757429-0,-1.0,-25.419038,-49.266776,,False,3,1,2023-06-13T01:41:56.796808+00:00
CUR_BL311,Curitiba,4106902,0,URBS,700,https://moovitapp.com/index/pt-br/transporte_p%C3%BAblico-line-700_PINHEIRINHO_CABRAL-Curitiba-942-9628-757429-0,-1.0,-25.512856,-49.29442,,False,3,1,2023-06-13T01:41:56.796808+00:00
CUR_MC307,Curitiba,4106902,1,,917,,,-25.389416,-49.329835,,False,3,2,2023-06-13T01:41:56.796808+00:00
CUR_MN608,Curitiba,4106902,1,,915,,,-25.400633,-49.330591,,False,7,2,2023-06-13T01:41:56.796808+00:00
CUR_BL316,Curitiba,4106902,0,URBS,256,https://moovitapp.com/index/pt-br/transporte_p%C3%BAblico-line-256_BARREIRINHA_GUADALUPE-Curitiba-942-9628-398191-0,-1.0,-25.426778,-49.26528,,False,3,2,2023-06-13T01:41:56.796808+00:00
CUR_BL322,Curitiba,4106902,0,URBS,256,https://moovitapp.com/index/pt-br/transporte_p%C3%BAblico-line-256_BARREIRINHA_GUADALUPE-Curitiba-942-9628-398191-0,-1.0,-25.37843,-49.262551,,False,3,1,2023-06-13T01:41:56.796808+00:00
CUR_MI856,Curitiba,4106902,1,,965,,,-25.429393,-49.271143,,False,7,1,2023-06-13T01:41:56.796808+00:00
CUR_BA010,Curitiba,4106902,1,,171,,,-25.414586,-49.279223,,False,1,2,2023-06-13T01:41:56.796808+00:00
CUR_JI007,Curitiba,4106902,1,,823,,,-25.447541,-49.354095,,False,1,1,2023-06-13T01:41:56.796808+00:00
CUR_GL320,Curitiba,4106902,0,URBS,508,https://moovitapp.com/index/pt-br/transporte_p%C3%BAblico-line-508_S%C3%8DTIO_CERCADO_ANTI_HOR%C3%81RIO-Curitiba-942-9628-294520-0,-1.0,-25.430563,-49.266585,,False,3,,2023-06-13T01:41:56.796808+00:00
CUR_GL319,Curitiba,4106902,0,URBS,508,https://moovitapp.com/index/pt-br/transporte_p%C3%BAblico-line-508_S%C3%8DTIO_CERCADO_ANTI_HOR%C3%81RIO-Curitiba-942-9628-294520-0,-1.0,-25.527168,-49.252176,,False,3,,2023-06-13T01:41:56.796808+00:00
CUR_GL313,Curitiba,4106902,0,URBS,508,https://moovitapp.com/index/pt-br/transporte_p%C3%BAblico-line-508_S%C3%8DTIO_CERCADO_ANTI_HOR%C3%81RIO-Curitiba-942-9628-294520-0,-1.0,-25.432348,-49.265558,,False,3,,2023-06-13T01:41:56.796808+00:00
CUR_GL314,Curitiba,4106902,0,URBS,508,https://moovitapp.com/index/pt-br/transporte_p%C3%BAblico-line-508_S%C3%8DTIO_CERCADO_ANTI_HOR%C3%81RIO-Curitiba-942-9628-294520-0,-1.0,-25.471681,-49.295191,,False,3,,2023-06-13T01:41:56.796808+00:00
CUR_HL330,Curitiba,4106902,1,URBS,508,https://moovitapp.com/index/pt-br/transporte_p%C3%BAblico-line-508_S%C3%8DTIO_CERCADO_ANTI_HOR%C3%81RIO-Curitiba-942-9628-294520-0,-1.0,-25.51848,-49.297158,,False,3,,2023-06-13T01:41:56.796808+00:00
CUR_JI852,Curitiba,4106902,1,,713,,,-25.477351,-49.327065,,False,7,1,2023-06-13T01:41:56.796808+00:00
CUR_EL332,Curitiba,4106902,1,URBS,507,https://moovitapp.com/index/pt-br/transporte_p%C3%BAblico-line-507_S%C3%8DTIO_CERCADO_HOR%C3%81RIO-Curitiba-942-9628-294494-0,-1.0,-25.442828,-49.266488,,False,3,,2023-06-13T01:41:56.796808+00:00
CUR_EL301,Curitiba,4106902,0,URBS,507,https://moovitapp.com/index/pt-br/transporte_p%C3%BAblico-line-507_S%C3%8DTIO_CERCADO_HOR%C3%81RIO-Curitiba-942-9628-294494-0,-1.0,-25.52489,-49.249048,,False,3,,2023-06-13T01:41:56.796808+00:00
CUR_EL323,Curitiba,4106902,1,URBS,507,https://moovitapp.com/index/pt-br/transporte_p%C3%BAblico-line-507_S%C3%8DTIO_CERCADO_HOR%C3%81RIO-Curitiba-942-9628-294494-0,-1.0,-25.45716,-49.259253,,False,3,,2023-06-13T01:41:56.796808+00:00
CUR_BI894,Curitiba,4106902,1,,361,,,-25.426248,-49.262796,,False,7,2,2023-06-13T01:41:56.796808+00:00
CUR_GI054,Curitiba,4106902,1,,635,,,-25.542926,-49.298788,,False,1,1,2023-06-13T01:41:56.796808+00:00
CUR_BI870,Curitiba,4106902,1,,237,,,-25.375486,-49.21886,,False,7,,2023-06-13T01:41:56.796808+00:00
CUR_BC001,Curitiba,4106902,1,,207,,,-25.410415,-49.275673,,False,1,2,2023-06-13T01:41:56.796808+00:00
CUR_BI300,Curitiba,4106902,1,,207,,,-25.423598,-49.274195,,False,3,1,2023-06-13T01:41:56.796808+00:00
CUR_BI887,Curitiba,4106902,1,,274,,,-25.397433,-49.25863,,False,7,2,2023-06-13T01:39:56.796808+00:00
CUR_BI901,Curitiba,4106902,1,,176,,,-25.377328,-49.28131,,False,7,1,2023-06-13T01:41:56.796808+00:00
CUR_JI857,Curitiba,4106902,1,,825,,,-25.453185,-49.367918,,False,7,2,2023-06-13T01:39:56.796808+00:00
CUR_HC300,Curitiba,4106902,1,,801,,,-25.438543,-49.27807,,False,10,1,2023-06-13T01:41:56.796808+00:00
CUR_GI046,Curitiba,4106902,1,,637,,,-25.512373,-49.295171,,False,1,2,2023-06-13T01:41:56.796808+00:00
CUR_DN600,Curitiba,4106902,1,,331,,,-25.471465,-49.201513,,False,7,,2023-06-13T01:41:56.796808+00:00
CUR_HI857,Curitiba,4106902,1,,814,,,-25.43072,-49.337705,,False,7,1,2023-06-13T01:40:56.796808+00:00
CUR_BI863,Curitiba,4106902,1,,224,,,-25.390553,-49.240618,,False,7,,2023-06-13T01:41:56.796808+00:00
CUR_JI860,Curitiba,4106902,1,,779,,,-25.457665,-49.323808,,False,7,1,2023-06-13T01:41:56.796808+00:00
CUR_DN601,Curitiba,4106902,1,,461,,,-25.474455,-49.218165,,False,7,2,2023-06-13T01:41:56.796808+00:00
CUR_DN603,Curitiba,4106902,1,,466,,,-25.432086,-49.262866,,False,7,2,2023-06-13T01:41:56.796808+00:00
CUR_DL310,Curitiba,4106902,0,URBS,305,https://moovitapp.com/index/pt-br/transporte_p%C3%BAblico-line-305_CENTEN%C3%81RIO-Curitiba-942-9628-294271-0,-1.0,-25.444041,-49.241736,,False,3,2,2023-06-13T01:41:56.796808+00:00
CUR_DL312,Curitiba,4106902,0,URBS,305,https://moovitapp.com/index/pt-br/transporte_p%C3%BAblico-line-305_CENTEN%C3%81RIO-Curitiba-942-9628-294271-0,-1.0,-25.442706,-49.246503,,False,3,2,2023-06-13T01:39:56.796808+00:00
CUR_MI851,Curitiba,4106902,1,Auto Viação São José,150,https://moovitapp.com/index/pt-br/transporte_p%C3%BAblico-line-150_T_AFONSO_PENA_PIT_BORDA_DO_CAMPO-Curitiba-942-857412-53904521-0,-1.0,-25.422326,-49.284531,,False,7,1,2023-06-13T01:36:56.796808+00:00
CUR_MN603,Curitiba,4106902,1,,464,,,-25.419256,-49.298145,,False,7,1,2023-06-13T01:41:56.796808+00:00
CUR_GI852,Curitiba,4106902,1,,666,,,-25.435831,-49.274465,,False,7,2,2023-06-13T01:41:56.796808+00:00
CUR_BI893,Curitiba,4106902,1,,266,,,-25.400165,-49.258416,,False,7,2,2023-06-13T01:40:56.796808+00:00
CUR_BA030,Curitiba,4106902,1,,373,,,-25.427888,-49.234178,,False,1,1,2023-06-13T01:41:56.796808+00:00
CUR_DN021,Curitiba,4106902,0,,560,,,-25.435158,-49.273536,,False,6,2,2023-06-13T01:41:56.796808+00:00
CUR_BI852,Curitiba,4106902,1,,164,,,-25.413521,-49.284085,,False,7,1,2023-06-13T01:41:56.796808+00:00
CUR_BC941,Curitiba,4106902,1,,385,,,-25.433245,-49.235251,,False,7,1,2023-06-13T01:41:56.796808+00:00
CUR_BC032,Curitiba,4106902,1,,829,,,-25.445993,-49.361738,,False,1,,2023-06-13T01:41:56.796808+00:00
CUR_BA013,Curitiba,4106902,1,,829,,,-25.442696,-49.35268,,False,1,,2023-06-13T01:41:56.796808+00:00
CUR_BA016,Curitiba,4106902,1,,829,,,-25.44816,-49.35583,,False,1,,2023-06-13T01:41:56.796808+00:00
CUR_DL304,Curitiba,4106902,0,URBS,469,https://moovitapp.com/index/pt-br/transporte_p%C3%BAblico-line-469_CENTRO_POLIT%C3%89CNICO-Curitiba-942-9628-294421-0,-1.0,-25.450395,-49.228078,,False,3,1,2023-06-13T01:41:56.796808+00:00
CUR_DL316,Curitiba,4106902,0,URBS,469,https://moovitapp.com/index/pt-br/transporte_p%C3%BAblico-line-469_CENTRO_POLIT%C3%89CNICO-Curitiba-942-9628-294421-0,-1.0,-25.419905,-49.269225,,False,3,1,2023-06-13T01:41:56.796808+00:00
CUR_BL339,Curitiba,4106902,0,URBS,518,https://moovitapp.com/index/pt-br/transporte_p%C3%BAblico-line-518_PUC_RODOFERROVI%C3%81RIA-Curitiba-942-9628-743528-0,-1.0,-25.453526,-49.2525,,False,3,2,2023-06-13T01:41:56.796808+00:00
CUR_BA014,Curitiba,4106902,1,,815,,,-25.430088,-49.319285,,False,1,2,2023-06-13T01:41:56.796808+00:00
