bus_id,city,city_code,adapted,agency,line_code,line_url,line_fare,latitude,longitude,bus_speed,is_eletric,bus_type,bus_direction,updated_at
CUR_BC014,Curitiba,4106902,1,,870,,,-25.4289,-49.353581,,False,1,2,2023-06-19T19:36:47.375351+00:00
CUR_BC020,Curitiba,4106902,1,,870,,,-25.429736,-49.272576,,False,1,2,2023-06-19T19:36:47.375351+00:00
CUR_CA001,Curitiba,4106902,1,,372,,,-25.43301,-49.27049,,False,1,,2023-06-19T19:36:47.375351+00:00
CUR_CA012,Curitiba,4106902,1,,222,,,-25.393145,-49.241235,,False,1,,2023-06-19T19:35:47.375351+00:00
CUR_EL319,Curitiba,4106902,1,URBS,023,https://moovitapp.com/index/pt-br/transporte_p%C3%BAblico-line-023_INTER_2_ANTI_HOR%C3%81RIO-Curitiba-942-9628-398189-0,-1.0,-25.437335,-49.30798,,False,3,,2023-06-19T19:37:47.375351+00:00
CUR_ER801,Curitiba,4106902,0,URBS,022,https://moovitapp.com/index/pt-br/transporte_p%C3%BAblico-line-022_INTER_2_HOR%C3%81RIO-Curitiba-942-9628-381388-0,-1.0,-25.468591,-49.255948,,False,4,,2023-06-19T19:36:47.375351+00:00
CUR_KA604,Curitiba,4106902,1,,545,,,-25.514865,-49.232346,,False,4,,2023-06-19T19:37:47.375351+00:00
CUR_EI005,Curitiba,4106902,1,,532,,,-25.499736,-49.239711,,False,1,,2023-06-19T19:37:47.375351+00:00
CUR_MC080,Curitiba,4106902,1,,972,,,-25.419083,-49.294688,,False,1,,2023-06-19T19:32:47.375351+00:00
CUR_EA198,Curitiba,4106902,1,Auto Viação São José,515,https://moovitapp.com/index/pt-br/transporte_p%C3%BAblico-line-515_%E2%9C%88_AEROPORTO_1_SHOPPING_S%C3%83O_JOS%C3%89-Curitiba-942-857412-67925719-0,-1.0,-25.481896,-49.246735,,False,1,,2023-06-19T19:34:47.375351+00:00
CUR_JI009,Curitiba,4106902,1,,860,,,-25.436281,-49.274598,,False,1,,2023-06-19T19:36:47.375351+00:00
CUR_EL318,Curitiba,4106902,1,URBS,505,https://moovitapp.com/index/pt-br/transporte_p%C3%BAblico-line-505_BOQUEIR%C3%83O_CENTRO_C%C3%8DVICO-Curitiba-942-9628-531685-0,-1.0,-25.442033,-49.259851,,False,3,,2023-06-19T19:36:47.375351+00:00
CUR_JE848,Curitiba,4106902,0,URBS,303,https://moovitapp.com/index/pt-br/transporte_p%C3%BAblico-line-303_CENTEN%C3%81RIO_CAMPO_COMPRIDO-Curitiba-942-9628-531689-0,-1.0,-25.435503,-49.274226,,False,5,,2023-06-19T19:35:47.375351+00:00
CUR_GE717,Curitiba,4106902,0,URBS,500,https://moovitapp.com/index/pt-br/transporte_p%C3%BAblico-line-500_LIGEIR%C3%83O_BOQUEIR%C3%83O-Curitiba-942-9628-294422-0,-1.0,-25.470701,-49.255226,,False,5,,2023-06-19T19:36:47.375351+00:00
CUR_DE707,Curitiba,4106902,0,URBS,303,https://moovitapp.com/index/pt-br/transporte_p%C3%BAblico-line-303_CENTEN%C3%81RIO_CAMPO_COMPRIDO-Curitiba-942-9628-531689-0,-1.0,-25.430468,-49.28115,,False,5,,2023-06-19T19:37:47.375351+00:00
CUR_DR803,Curitiba,4106902,0,URBS,022,https://moovitapp.com/index/pt-br/transporte_p%C3%BAblico-line-022_INTER_2_HOR%C3%81RIO-Curitiba-942-9628-381388-0,-1.0,-25.408343,-49.250956,,False,4,,2023-06-19T19:37:47.375351+00:00
CUR_DL317,Curitiba,4106902,0,URBS,022,https://moovitapp.com/index/pt-br/transporte_p%C3%BAblico-line-022_INTER_2_HOR%C3%81RIO-Curitiba-942-9628-381388-0,-1.0,-25.45135,-49.237506,,False,3,,2023-06-19T19:35:47.375351+00:00
CUR_GD346,Curitiba,4106902,0,URBS,X08,https://moovitapp.com/index/pt-br/transporte_p%C3%BAblico-line-X08_REFOR%C3%87O_PINHEIRINHO-Curitiba-942-9628-78902615-0,-1.0,-25.49037,-49.291595,,False,5,,2023-06-19T19:36:47.375351+00:00
CUR_DE694,Curitiba,4106902,0,URBS,303,https://moovitapp.com/index/pt-br/transporte_p%C3%BAblico-line-303_CENTEN%C3%81RIO_CAMPO_COMPRIDO-Curitiba-942-9628-531689-0,-1.0,-25.432266,-49.27124,,False,4,,2023-06-19T19:35:47.375351+00:00
CUR_GC007,Curitiba,4106902,1,,513,,,-25.506401,-49.283573,,False,1,,2023-06-19T19:36:47.375351+00:00
CUR_KB699,Curitiba,4106902,0,,027,,,-25.435696,-49.306633,,False,4,,2023-06-19T19:37:47.375351+00:00
CUR_JI021,Curitiba,4106902,1,,658,,,-25.49195,-49.293111,,False,1,,2023-06-19T19:37:47.375351+00:00
CUR_GE732,Curitiba,4106902,0,URBS,200,https://moovitapp.com/index/pt-br/transporte_p%C3%BAblico-line-200_LIGEIR%C3%83O_SANTA_C%C3%82NDIDA_PRA%C3%87A_DO_JAP%C3%83O-Curitiba-942-9628-1323763-0,-1.0,-25.444206,-49.283748,,False,5,,2023-06-19T19:37:47.375351+00:00
CUR_DN605,Curitiba,4106902,0,,477,,,-25.453588,-49.260868,,False,7,,2023-06-19T19:34:47.375351+00:00
CUR_GR036,Curitiba,4106902,0,URBS,602,https://moovitapp.com/index/pt-br/transporte_p%C3%BAblico-line-602_CIRCULAR_SUL_ANTI_HOR%C3%81RIO-Curitiba-942-9628-294517-0,-1.0,-25.534968,-49.270945,,False,4,,2023-06-19T19:35:47.375351+00:00
CUR_HR804,Curitiba,4106902,0,URBS,022,https://moovitapp.com/index/pt-br/transporte_p%C3%BAblico-line-022_INTER_2_HOR%C3%81RIO-Curitiba-942-9628-381388-0,-1.0,-25.436471,-49.308065,,False,4,,2023-06-19T19:37:47.375351+00:00
CUR_MC303,Curitiba,4106902,1,,917,,,-25.400663,-49.330563,,False,3,,2023-06-19T19:35:47.375351+00:00
CUR_HD252,Curitiba,4106902,0,URBS,X08,https://moovitapp.com/index/pt-br/transporte_p%C3%BAblico-line-X08_REFOR%C3%87O_PINHEIRINHO-Curitiba-942-9628-78902615-0,-1.0,-25.513631,-49.29489,,False,5,,2023-06-19T19:35:47.375351+00:00
CUR_HE602,Curitiba,4106902,0,URBS,X20,https://moovitapp.com/index/pt-br/transporte_p%C3%BAblico-line-X20_PORT%C3%83O_S%C3%8DTIO_CERCADO-Curitiba-942-9628-531683-0,-1.0,-25.476095,-49.291038,,False,4,,2023-06-19T19:36:47.375351+00:00
CUR_HA004,Curitiba,4106902,1,,617,,,-25.51789,-49.292188,,False,1,,2023-06-19T19:35:47.375351+00:00
CUR_JC303,Curitiba,4106902,1,,703,,,-25.450616,-49.31946,,False,3,,2023-06-19T19:36:47.375351+00:00
CUR_JI301,Curitiba,4106902,1,,778,,,-25.431903,-49.278305,,False,3,,2023-06-19T19:36:47.375351+00:00
CUR_HA199,Curitiba,4106902,1,,658,,,-25.513855,-49.310985,,False,1,,2023-06-19T19:35:47.375351+00:00
CUR_HE709,Curitiba,4106902,0,URBS,X08,https://moovitapp.com/index/pt-br/transporte_p%C3%BAblico-line-X08_REFOR%C3%87O_PINHEIRINHO-Curitiba-942-9628-78902615-0,-1.0,-25.443943,-49.283043,,False,5,,2023-06-19T19:31:47.375351+00:00
CUR_JA300,Curitiba,4106902,1,,701,,,-25.429368,-49.285336,,False,3,,2023-06-19T19:35:47.375351+00:00
CUR_HL305,Curitiba,4106902,0,URBS,X35,https://moovitapp.com/index/pt-br/transporte_p%C3%BAblico-line-X35_PINHEIRINHO_PREFEITURA-Curitiba-942-9628-778958-0,-1.0,-25.420138,-49.269035,,False,3,,2023-06-19T19:37:47.375351+00:00
CUR_EL324,Curitiba,4106902,1,URBS,508,https://moovitapp.com/index/pt-br/transporte_p%C3%BAblico-line-508_S%C3%8DTIO_CERCADO_ANTI_HOR%C3%81RIO-Curitiba-942-9628-294520-0,-1.0,-25.44901,-49.257648,,False,3,,2023-06-19T19:36:47.375351+00:00
CUR_JC318,Curitiba,4106902,1,,801,,,-25.43248,-49.272481,,False,10,,2023-06-19T19:33:47.375351+00:00
CUR_GE713,Curitiba,4106902,0,URBS,602,https://moovitapp.com/index/pt-br/transporte_p%C3%BAblico-line-602_CIRCULAR_SUL_ANTI_HOR%C3%81RIO-Curitiba-942-9628-294517-0,-1.0,-25.476946,-49.29001,,False,5,,2023-06-19T19:35:47.375351+00:00
CUR_GI022,Curitiba,4106902,1,,683,,,-25.534311,-49.300811,,False,1,,2023-06-19T19:37:47.375351+00:00
CUR_JE703,Curitiba,4106902,0,URBS,303,https://moovitapp.com/index/pt-br/transporte_p%C3%BAblico-line-303_CENTEN%C3%81RIO_CAMPO_COMPRIDO-Curitiba-942-9628-531689-0,-1.0,-25.448513,-49.365611,,False,5,,2023-06-19T19:26:47.375351+00:00
CUR_JC310,Curitiba,4106902,1,,703,,,-25.449056,-49.365325,,False,3,,2023-06-19T19:31:47.375351+00:00
CUR_HE610,Curitiba,4106902,0,URBS,X20,https://moovitapp.com/index/pt-br/transporte_p%C3%BAblico-line-X20_PORT%C3%83O_S%C3%8DTIO_CERCADO-Curitiba-942-9628-531683-0,-1.0,-25.477515,-49.28797,,False,4,,2023-06-19T19:32:47.375351+00:00
CUR_BI893,Curitiba,4106902,1,,184,,,-25.429993,-49.271381,,False,7,,2023-06-19T19:36:47.375351+00:00
CUR_BI894,Curitiba,4106902,1,,386,,,-25.433131,-49.271231,,False,7,,2023-06-19T19:36:47.375351+00:00
CUR_BC012,Curitiba,4106902,1,,876,,,-25.426015,-49.299718,,False,1,,2023-06-19T19:36:47.375351+00:00
CUR_BA012,Curitiba,4106902,1,,817,,,-25.417253,-49.34383,,False,1,,2023-06-19T19:34:47.375351+00:00
CUR_EI004,Curitiba,4106902,1,,471,,,-25.468705,-49.255583,,False,1,,2023-06-19T19:30:47.375351+00:00
CUR_BA010,Curitiba,4106902,1,,816,,,-25.431473,-49.299215,,False,1,,2023-06-19T19:35:47.375351+00:00
CUR_GE614,Curitiba,4106902,0,URBS,503,https://moovitapp.com/index/pt-br/transporte_p%C3%BAblico-line-503_BOQUEIR%C3%83O-Curitiba-942-9628-294244-0,-1.0,-25.549663,-49.291691,,False,4,,2023-06-19T19:32:47.375351+00:00
CUR_JA032,Curitiba,4106902,1,,721,,,-25.49781,-49.345535,,False,1,,2023-06-19T19:34:47.375351+00:00
CUR_DE702,Curitiba,4106902,0,URBS,303,https://moovitapp.com/index/pt-br/transporte_p%C3%BAblico-line-303_CENTEN%C3%81RIO_CAMPO_COMPRIDO-Curitiba-942-9628-531689-0,-1.0,-25.468925,-49.254971,,False,5,,2023-06-19T19:26:47.375351+00:00
CUR_DE722,Curitiba,4106902,0,URBS,303,https://moovitapp.com/index/pt-br/transporte_p%C3%BAblico-line-303_CENTEN%C3%81RIO_CAMPO_COMPRIDO-Curitiba-942-9628-531689-0,-1.0,-25.468056,-49.255076,,False,5,,2023-06-19T19:34:47.375351+00:00
CUR_JI861,Curitiba,4106902,1,,862,,,-25.448918,-49.365498,,False,7,,2023-06-19T19:34:47.375351+00:00
CUR_ML300,Curitiba,4106902,0,URBS,902,https://moovitapp.com/index/pt-br/transporte_p%C3%BAblico-line-902_SANTA_FELICIDADE_PRA%C3%87A_TIRADENTES-Curitiba-942-9628-5597930-0,-1.0,-25.415468,-49.300461,,False,3,1,2023-06-19T19:37:47.375351+00:00
CUR_HE713,Curitiba,4106902,0,URBS,603,https://moovitapp.com/index/pt-br/transporte_p%C3%BAblico-line-603_PINHEIRINHO_RUI_BARBOSA-Curitiba-942-9628-484781-0,-1.0,-25.491575,-49.293841,,False,5,,2023-06-19T19:35:47.375351+00:00
CUR_ML312,Curitiba,4106902,0,URBS,307,https://moovitapp.com/index/pt-br/transporte_p%C3%BAblico-line-307_BAIRRO_ALTO_SANTA_FELICIDADE-Curitiba-942-9628-1323712-0,-1.0,-25.418786,-49.294326,,False,3,,2023-06-19T19:35:47.375351+00:00
CUR_BI883,Curitiba,4106902,1,,275,,,-25.394401,-49.242105,,False,7,,2023-06-19T19:36:47.375351+00:00
CUR_BC316,Curitiba,4106902,1,,372,,,-25.415115,-49.280825,,False,10,,2023-06-19T19:27:47.375351+00:00
CUR_DA293,Curitiba,4106902,1,,621,,,-25.469085,-49.254768,,False,1,,2023-06-19T19:28:47.375351+00:00
CUR_DE704,Curitiba,4106902,0,URBS,303,https://moovitapp.com/index/pt-br/transporte_p%C3%BAblico-line-303_CENTEN%C3%81RIO_CAMPO_COMPRIDO-Curitiba-942-9628-531689-0,-1.0,-25.468075,-49.255035,,False,5,,2023-06-19T19:33:47.375351+00:00
CUR_HL314,Curitiba,4106902,0,URBS,022,https://moovitapp.com/index/pt-br/transporte_p%C3%BAblico-line-022_INTER_2_HOR%C3%81RIO-Curitiba-942-9628-381388-0,-1.0,-25.482755,-49.251846,,False,3,,2023-06-19T19:35:47.375351+00:00
CUR_JI300,Curitiba,4106902,0,,778,,,-25.449015,-49.364436,,False,3,,2023-06-19T19:36:47.375351+00:00
CUR_HI854,Curitiba,4106902,1,,673,,,-25.492781,-49.31285,,False,7,1,2023-06-19T19:36:47.375351+00:00
CUR_HI862,Curitiba,4106902,1,,673,,,-25.53721,-49.306811,,False,7,1,2023-06-19T19:35:47.375351+00:00
CUR_HI858,Curitiba,4106902,1,,673,,,-25.436728,-49.274046,,False,7,2,2023-06-19T19:36:47.375351+00:00
CUR_BI030,Curitiba,4106902,1,,812,,,-25.409368,-49.360823,,False,1,1,2023-06-19T19:36:47.375351+00:00
CUR_BI026,Curitiba,4106902,1,,812,,,-25.435971,-49.307165,,False,1,2,2023-06-19T19:36:47.375351+00:00
CUR_BA022,Curitiba,4106902,1,,812,,,-25.422393,-49.30305,,False,1,2,2023-06-19T19:36:47.375351+00:00
CUR_BA018,Curitiba,4106902,1,,829,,,-25.425878,-49.298715,,False,1,,2023-06-19T19:35:47.375351+00:00
CUR_HE716,Curitiba,4106902,0,URBS,350,https://moovitapp.com/index/pt-br/transporte_p%C3%BAblico-line-350_FAGUNDES_VARELA_PINHEIRINHO-Curitiba-942-9628-52482798-0,-1.0,-25.409958,-49.22017,,False,5,2,2023-06-19T19:36:47.375351+00:00
CUR_BE718,Curitiba,4106902,0,URBS,350,https://moovitapp.com/index/pt-br/transporte_p%C3%BAblico-line-350_FAGUNDES_VARELA_PINHEIRINHO-Curitiba-942-9628-52482798-0,-1.0,-25.509326,-49.286471,,False,5,1,2023-06-19T19:36:47.375351+00:00
CUR_GE607,Curitiba,4106902,0,URBS,350,https://moovitapp.com/index/pt-br/transporte_p%C3%BAblico-line-350_FAGUNDES_VARELA_PINHEIRINHO-Curitiba-942-9628-52482798-0,-1.0,-25.495793,-49.275551,,False,4,2,2023-06-19T19:37:47.375351+00:00
CUR_BE729,Curitiba,4106902,0,URBS,350,https://moovitapp.com/index/pt-br/transporte_p%C3%BAblico-line-350_FAGUNDES_VARELA_PINHEIRINHO-Curitiba-942-9628-52482798-0,-1.0,-25.481595,-49.263818,,False,5,1,2023-06-19T19:36:47.375351+00:00
CUR_MC307,Curitiba,4106902,1,,901,,,-25.415421,-49.299713,,False,3,2,2023-06-19T19:37:47.375351+00:00
CUR_MC306,Curitiba,4106902,1,,901,,,-25.413061,-49.317661,,False,3,1,2023-06-19T19:37:47.375351+00:00
CUR_MC304,Curitiba,4106902,1,,901,,,-25.428461,-49.273073,,False,3,2,2023-06-19T19:37:47.375351+00:00
CUR_MC300,Curitiba,4106902,1,,901,,,-25.419788,-49.294378,,False,3,2,2023-06-19T19:37:47.375351+00:00
CUR_BC025,Curitiba,4106902,1,,160,,,-25.43054,-49.27552,,False,1,1,2023-06-19T19:37:47.375351+00:00
CUR_BC009,Curitiba,4106902,1,,160,,,-25.435038,-49.27298,,False,1,2,2023-06-19T19:35:47.375351+00:00
CUR_JC314,Curitiba,4106902,1,,778,,,-25.477946,-49.328358,,False,3,1,2023-06-19T19:37:47.375351+00:00
CUR_JC306,Curitiba,4106902,1,,703,,,-25.43535,-49.273686,,False,3,2,2023-06-19T19:34:47.375351+00:00
CUR_JC300,Curitiba,4106902,1,,778,,,-25.453186,-49.298923,,False,3,2,2023-06-19T19:37:47.375351+00:00
CUR_JC305,Curitiba,4106902,1,,778,,,-25.44464,-49.27105,,False,3,2,2023-06-19T19:37:47.375351+00:00
CUR_EI015,Curitiba,4106902,1,,511,,,-25.50131,-49.248725,,False,1,1,2023-06-19T19:37:47.375351+00:00
CUR_EA007,Curitiba,4106902,1,,511,,,-25.485166,-49.25241,,False,1,2,2023-06-19T19:37:47.375351+00:00
CUR_HA609,Curitiba,4106902,1,,619,,,-25.57592,-49.331495,,False,4,1,2023-06-19T19:36:47.375351+00:00
CUR_HI023,Curitiba,4106902,1,,619,,,-25.540131,-49.308396,,False,1,2,2023-06-19T19:36:47.375351+00:00
CUR_HI018,Curitiba,4106902,1,,619,,,-25.515153,-49.328365,,False,1,1,2023-06-19T19:36:47.375351+00:00
CUR_HB300,Curitiba,4106902,1,,619,,,-25.538493,-49.307061,,False,3,1,2023-06-19T19:36:47.375351+00:00
CUR_MI001,Curitiba,4106902,1,,817,,,-25.430635,-49.32329,,False,1,1,2023-06-19T19:37:47.375351+00:00
CUR_BA013,Curitiba,4106902,1,,817,,,-25.401558,-49.329443,,False,1,1,2023-06-19T19:35:47.375351+00:00
CUR_BA021,Curitiba,4106902,1,,829,,,-25.441763,-49.34649,,False,1,2,2023-06-19T19:34:47.375351+00:00
CUR_BA601,Curitiba,4106902,1,Auto Viação São José,216,https://moovitapp.com/index/pt-br/transporte_p%C3%BAblico-line-216_PIT_PRA%C3%87A_DA_JUVENTUDE_SANTA_F%C3%89_PINDORAMA-Curitiba-942-857412-122004458-0,-1.0,-25.447546,-49.25051,,False,4,2,2023-06-19T19:36:47.375351+00:00
CUR_CA600,Curitiba,4106902,1,Auto Viação São José,216,https://moovitapp.com/index/pt-br/transporte_p%C3%BAblico-line-216_PIT_PRA%C3%87A_DA_JUVENTUDE_SANTA_F%C3%89_PINDORAMA-Curitiba-942-857412-122004458-0,-1.0,-25.443471,-49.24271,,False,4,1,2023-06-19T19:36:47.375351+00:00
CUR_CB600,Curitiba,4106902,1,Auto Viação São José,216,https://moovitapp.com/index/pt-br/transporte_p%C3%BAblico-line-216_PIT_PRA%C3%87A_DA_JUVENTUDE_SANTA_F%C3%89_PINDORAMA-Curitiba-942-857412-122004458-0,-1.0,-25.46854,-49.282161,,False,4,1,2023-06-19T19:37:47.375351+00:00
CUR_CA697,Curitiba,4106902,1,Auto Viação São José,216,https://moovitapp.com/index/pt-br/transporte_p%C3%BAblico-line-216_PIT_PRA%C3%87A_DA_JUVENTUDE_SANTA_F%C3%89_PINDORAMA-Curitiba-942-857412-122004458-0,-1.0,-25.406875,-49.207826,,False,4,2,2023-06-19T19:37:47.375351+00:00
CUR_CA698,Curitiba,4106902,0,Auto Viação São José,216,https://moovitapp.com/index/pt-br/transporte_p%C3%BAblico-line-216_PIT_PRA%C3%87A_DA_JUVENTUDE_SANTA_F%C3%89_PINDORAMA-Curitiba-942-857412-122004458-0,-1.0,-25.406795,-49.2525,,False,4,1,2023-06-19T19:37:47.375351+00:00
CUR_DA699,Curitiba,4106902,1,Auto Viação São José,216,https://moovitapp.com/index/pt-br/transporte_p%C3%BAblico-line-216_PIT_PRA%C3%87A_DA_JUVENTUDE_SANTA_F%C3%89_PINDORAMA-Curitiba-942-857412-122004458-0,-1.0,-25.468918,-49.25503,,False,4,1,2023-06-19T19:36:47.375351+00:00
CUR_HA607,Curitiba,4106902,1,Auto Viação São José,216,https://moovitapp.com/index/pt-br/transporte_p%C3%BAblico-line-216_PIT_PRA%C3%87A_DA_JUVENTUDE_SANTA_F%C3%89_PINDORAMA-Curitiba-942-857412-122004458-0,-1.0,-25.539246,-49.30853,,False,4,1,2023-06-19T19:36:47.375351+00:00
CUR_HI609,Curitiba,4106902,1,Auto Viação São José,216,https://moovitapp.com/index/pt-br/transporte_p%C3%BAblico-line-216_PIT_PRA%C3%87A_DA_JUVENTUDE_SANTA_F%C3%89_PINDORAMA-Curitiba-942-857412-122004458-0,-1.0,-25.46933,-49.28298,,False,4,2,2023-06-19T19:36:47.375351+00:00
CUR_HI602,Curitiba,4106902,1,Auto Viação São José,216,https://moovitapp.com/index/pt-br/transporte_p%C3%BAblico-line-216_PIT_PRA%C3%87A_DA_JUVENTUDE_SANTA_F%C3%89_PINDORAMA-Curitiba-942-857412-122004458-0,-1.0,-25.539996,-49.308616,,False,4,1,2023-06-19T19:34:47.375351+00:00
CUR_DA698,Curitiba,4106902,1,Auto Viação São José,216,https://moovitapp.com/index/pt-br/transporte_p%C3%BAblico-line-216_PIT_PRA%C3%87A_DA_JUVENTUDE_SANTA_F%C3%89_PINDORAMA-Curitiba-942-857412-122004458-0,-1.0,-25.411095,-49.254563,,False,4,2,2023-06-19T19:37:47.375351+00:00
CUR_DA300,Curitiba,4106902,1,Auto Viação São José,216,https://moovitapp.com/index/pt-br/transporte_p%C3%BAblico-line-216_PIT_PRA%C3%87A_DA_JUVENTUDE_SANTA_F%C3%89_PINDORAMA-Curitiba-942-857412-122004458-0,-1.0,-25.417926,-49.248001,,False,3,2,2023-06-19T19:37:47.375351+00:00
CUR_HR408,Curitiba,4106902,1,Auto Viação São José,216,https://moovitapp.com/index/pt-br/transporte_p%C3%BAblico-line-216_PIT_PRA%C3%87A_DA_JUVENTUDE_SANTA_F%C3%89_PINDORAMA-Curitiba-942-857412-122004458-0,-1.0,-25.458008,-49.270246,,False,4,2,2023-06-19T19:36:47.375351+00:00
CUR_BA603,Curitiba,4106902,1,Auto Viação São José,216,https://moovitapp.com/index/pt-br/transporte_p%C3%BAblico-line-216_PIT_PRA%C3%87A_DA_JUVENTUDE_SANTA_F%C3%89_PINDORAMA-Curitiba-942-857412-122004458-0,-1.0,-25.417405,-49.248693,,False,4,1,2023-06-19T19:36:47.375351+00:00
CUR_BI600,Curitiba,4106902,1,Auto Viação São José,216,https://moovitapp.com/index/pt-br/transporte_p%C3%BAblico-line-216_PIT_PRA%C3%87A_DA_JUVENTUDE_SANTA_F%C3%89_PINDORAMA-Curitiba-942-857412-122004458-0,-1.0,-25.406796,-49.252588,,False,4,1,2023-06-19T19:36:47.375351+00:00
CUR_GB603,Curitiba,4106902,1,,040,,,-25.459226,-49.345571,,False,4,1,2023-06-19T19:37:47.375351+00:00
CUR_HB605,Curitiba,4106902,1,,040,,,-25.400678,-49.330833,,False,4,1,2023-06-19T19:36:47.375351+00:00
CUR_JB607,Curitiba,4106902,1,,040,,,-25.505065,-49.328446,,False,4,2,2023-06-19T19:37:47.375351+00:00
CUR_JB611,Curitiba,4106902,1,,050,,,-25.477096,-49.328126,,False,4,1,2023-06-19T19:33:47.375351+00:00
CUR_HB600,Curitiba,4106902,1,,040,,,-25.43005,-49.353588,,False,4,1,2023-06-19T19:36:47.375351+00:00
CUR_GB609,Curitiba,4106902,1,,040,,,-25.50141,-49.327418,,False,4,1,2023-06-19T19:37:47.375351+00:00
CUR_HB602,Curitiba,4106902,1,,040,,,-25.441566,-49.346291,,False,4,2,2023-06-19T19:36:47.375351+00:00
CUR_MB499,Curitiba,4106902,0,,040,,,-25.419806,-49.294318,,False,3,2,2023-06-19T19:37:47.375351+00:00
CUR_GR126,Curitiba,4106902,1,,040,,,-25.549003,-49.291408,,False,4,1,2023-06-19T19:37:47.375351+00:00
CUR_MB699,Curitiba,4106902,1,,040,,,-25.416038,-49.350343,,False,4,1,2023-06-19T19:37:47.375351+00:00
CUR_MB698,Curitiba,4106902,1,,040,,,-25.419501,-49.29416,,False,4,2,2023-06-19T19:37:47.375351+00:00
CUR_MB605,Curitiba,4106902,1,,040,,,-25.460821,-49.345225,,False,4,2,2023-06-19T19:37:47.375351+00:00
CUR_MR106,Curitiba,4106902,1,,040,,,-25.41207,-49.350308,,False,4,2,2023-06-19T19:37:47.375351+00:00
CUR_JB608,Curitiba,4106902,1,,040,,,-25.513255,-49.295101,,False,4,2,2023-06-19T19:37:47.375351+00:00
CUR_JB609,Curitiba,4106902,1,,040,,,-25.47763,-49.332536,,False,4,2,2023-06-19T19:37:47.375351+00:00
CUR_HB302,Curitiba,4106902,1,,040,,,-25.538376,-49.306995,,False,3,1,2023-06-19T19:36:47.375351+00:00
CUR_HB697,Curitiba,4106902,1,,040,,,-25.540168,-49.308573,,False,4,2,2023-06-19T19:36:47.375351+00:00
CUR_HB699,Curitiba,4106902,1,,040,,,-25.483376,-49.322415,,False,4,1,2023-06-19T19:36:47.375351+00:00
CUR_HB698,Curitiba,4106902,1,,040,,,-25.475075,-49.337713,,False,4,1,2023-06-19T19:36:47.375351+00:00
CUR_HB694,Curitiba,4106902,1,,040,,,-25.399856,-49.333558,,False,4,2,2023-06-19T19:36:47.375351+00:00
CUR_GB604,Curitiba,4106902,1,,040,,,-25.47743,-49.326615,,False,4,2,2023-06-19T19:37:47.375351+00:00
CUR_HR117,Curitiba,4106902,1,,040,,,-25.502756,-49.32786,,False,4,1,2023-06-19T19:36:47.375351+00:00
CUR_HB603,Curitiba,4106902,1,,040,,,-25.517291,-49.319413,,False,4,1,2023-06-19T19:36:47.375351+00:00
CUR_MB601,Curitiba,4106902,1,,040,,,-25.44161,-49.34729,,False,4,1,2023-06-19T19:37:47.375351+00:00
CUR_JB699,Curitiba,4106902,1,,040,,,-25.435648,-49.349565,,False,4,2,2023-06-19T19:37:47.375351+00:00
CUR_GB610,Curitiba,4106902,1,,040,,,-25.512186,-49.309856,,False,4,2,2023-06-19T19:36:47.375351+00:00
CUR_GI859,Curitiba,4106902,1,,661,,,-25.474201,-49.267406,,False,7,1,2023-06-19T19:37:47.375351+00:00
CUR_GI855,Curitiba,4106902,1,,661,,,-25.550188,-49.291976,,False,7,1,2023-06-19T19:37:47.375351+00:00
CUR_EB604,Curitiba,4106902,1,,020,,,-25.461803,-49.233981,,False,4,,2023-06-19T19:37:47.375351+00:00
CUR_HB611,Curitiba,4106902,1,,020,,,-25.401575,-49.253091,,False,4,,2023-06-19T19:37:47.375351+00:00
CUR_EB607,Curitiba,4106902,1,,020,,,-25.428506,-49.230186,,False,4,,2023-06-19T19:35:47.375351+00:00
CUR_BB605,Curitiba,4106902,1,,020,,,-25.494486,-49.283096,,False,4,,2023-06-19T19:36:47.375351+00:00
CUR_CB602,Curitiba,4106902,1,,020,,,-25.434665,-49.306966,,False,4,,2023-06-19T19:37:47.375351+00:00
CUR_BB613,Curitiba,4106902,1,,020,,,-25.390723,-49.283256,,False,4,,2023-06-19T19:36:47.375351+00:00
CUR_KB608,Curitiba,4106902,1,,020,,,-25.479443,-49.297068,,False,4,,2023-06-19T19:37:47.375351+00:00
CUR_CB603,Curitiba,4106902,1,,020,,,-25.435796,-49.303598,,False,4,,2023-06-19T19:37:47.375351+00:00
CUR_BB620,Curitiba,4106902,1,,020,,,-25.496941,-49.27622,,False,4,,2023-06-19T19:36:47.375351+00:00
CUR_BB609,Curitiba,4106902,1,,020,,,-25.429818,-49.217626,,False,4,,2023-06-19T19:37:47.375351+00:00
CUR_BB606,Curitiba,4106902,1,,020,,,-25.470161,-49.258478,,False,4,,2023-06-19T19:36:47.375351+00:00
CUR_BA602,Curitiba,4106902,1,,020,,,-25.401556,-49.253146,,False,4,,2023-06-19T19:36:47.375351+00:00
CUR_BB498,Curitiba,4106902,1,,020,,,-25.424278,-49.295258,,False,3,,2023-06-19T19:36:47.375351+00:00
CUR_HE601,Curitiba,4106902,0,URBS,602,https://moovitapp.com/index/pt-br/transporte_p%C3%BAblico-line-602_CIRCULAR_SUL_ANTI_HOR%C3%81RIO-Curitiba-942-9628-294517-0,-1.0,-25.534395,-49.268468,,False,4,,2023-06-19T19:36:47.375351+00:00
CUR_HE606,Curitiba,4106902,0,URBS,602,https://moovitapp.com/index/pt-br/transporte_p%C3%BAblico-line-602_CIRCULAR_SUL_ANTI_HOR%C3%81RIO-Curitiba-942-9628-294517-0,-1.0,-25.476883,-49.290403,,False,4,,2023-06-19T19:36:47.375351+00:00
CUR_HE607,Curitiba,4106902,0,URBS,602,https://moovitapp.com/index/pt-br/transporte_p%C3%BAblico-line-602_CIRCULAR_SUL_ANTI_HOR%C3%81RIO-Curitiba-942-9628-294517-0,-1.0,-25.470866,-49.252431,,False,4,,2023-06-19T19:36:47.375351+00:00
CUR_HE608,Curitiba,4106902,0,URBS,602,https://moovitapp.com/index/pt-br/transporte_p%C3%BAblico-line-602_CIRCULAR_SUL_ANTI_HOR%C3%81RIO-Curitiba-942-9628-294517-0,-1.0,-25.49584,-49.24026,,False,4,,2023-06-19T19:36:47.375351+00:00
CUR_HE611,Curitiba,4106902,0,URBS,602,https://moovitapp.com/index/pt-br/transporte_p%C3%BAblico-line-602_CIRCULAR_SUL_ANTI_HOR%C3%81RIO-Curitiba-942-9628-294517-0,-1.0,-25.51286,-49.295486,,False,4,,2023-06-19T19:36:47.375351+00:00
CUR_GR032,Curitiba,4106902,0,URBS,602,https://moovitapp.com/index/pt-br/transporte_p%C3%BAblico-line-602_CIRCULAR_SUL_ANTI_HOR%C3%81RIO-Curitiba-942-9628-294517-0,-1.0,-25.550475,-49.291796,,False,4,,2023-06-19T19:37:47.375351+00:00
CUR_GE611,Curitiba,4106902,0,URBS,602,https://moovitapp.com/index/pt-br/transporte_p%C3%BAblico-line-602_CIRCULAR_SUL_ANTI_HOR%C3%81RIO-Curitiba-942-9628-294517-0,-1.0,-25.549625,-49.304211,,False,4,,2023-06-19T19:37:47.375351+00:00
CUR_GR034,Curitiba,4106902,0,URBS,602,https://moovitapp.com/index/pt-br/transporte_p%C3%BAblico-line-602_CIRCULAR_SUL_ANTI_HOR%C3%81RIO-Curitiba-942-9628-294517-0,-1.0,-25.525418,-49.230893,,False,4,,2023-06-19T19:37:47.375351+00:00
CUR_GE601,Curitiba,4106902,0,URBS,602,https://moovitapp.com/index/pt-br/transporte_p%C3%BAblico-line-602_CIRCULAR_SUL_ANTI_HOR%C3%81RIO-Curitiba-942-9628-294517-0,-1.0,-25.492105,-49.293603,,False,4,,2023-06-19T19:37:47.375351+00:00
CUR_HE612,Curitiba,4106902,0,URBS,602,https://moovitapp.com/index/pt-br/transporte_p%C3%BAblico-line-602_CIRCULAR_SUL_ANTI_HOR%C3%81RIO-Curitiba-942-9628-294517-0,-1.0,-25.538336,-49.307191,,False,4,,2023-06-19T19:36:47.375351+00:00
CUR_GD343,Curitiba,4106902,0,URBS,203,https://moovitapp.com/index/pt-br/transporte_p%C3%BAblico-line-203_SANTA_C%C3%82NDIDA_CAP%C3%83O_RASO-Curitiba-942-9628-1323737-0,-1.0,-25.548503,-49.291896,,False,5,2,2023-06-19T19:37:47.375351+00:00
CUR_GE718,Curitiba,4106902,0,URBS,550,https://moovitapp.com/index/pt-br/transporte_p%C3%BAblico-line-550_LIGEIR%C3%83O_PINHEIRINHO_CARLOS_GOMES-Curitiba-942-9628-1254061-0,-1.0,-25.548898,-49.291738,,False,5,2,2023-06-19T19:37:47.375351+00:00
CUR_DC855,Curitiba,4106902,1,,387,,,-25.436303,-49.267651,,False,7,1,2023-06-19T19:37:47.375351+00:00
CUR_HA311,Curitiba,4106902,1,,772,,,-25.595653,-49.32296,,False,3,1,2023-06-19T19:36:47.375351+00:00
CUR_HA310,Curitiba,4106902,1,,772,,,-25.621423,-49.36654,,False,3,2,2023-06-19T19:36:47.375351+00:00
CUR_HI606,Curitiba,4106902,1,,772,,,-25.598968,-49.31717,,False,4,2,2023-06-19T19:36:47.375351+00:00
CUR_HA614,Curitiba,4106902,1,,772,,,-25.54008,-49.308571,,False,4,1,2023-06-19T19:36:47.375351+00:00
CUR_HI607,Curitiba,4106902,0,,772,,,-25.51347,-49.295018,,False,4,2,2023-06-19T19:37:47.375351+00:00
CUR_HA616,Curitiba,4106902,1,,685,,,-25.511451,-49.324675,,False,4,1,2023-06-19T19:36:47.375351+00:00
CUR_HA617,Curitiba,4106902,1,,617,,,-25.520446,-49.320388,,False,4,1,2023-06-19T19:36:47.375351+00:00
CUR_BI856,Curitiba,4106902,1,Auto Viação São José,212,https://moovitapp.com/index/pt-br/transporte_p%C3%BAblico-line-212_PIT_PRA%C3%87A_DA_JUVENTUDE_SANTA_F%C3%89_CRISTAL-Curitiba-942-857412-73656311-0,-1.0,-25.403816,-49.243651,,False,7,2,2023-06-19T19:36:47.375351+00:00
CUR_BI868,Curitiba,4106902,1,Auto Viação São José,212,https://moovitapp.com/index/pt-br/transporte_p%C3%BAblico-line-212_PIT_PRA%C3%87A_DA_JUVENTUDE_SANTA_F%C3%89_CRISTAL-Curitiba-942-857412-73656311-0,-1.0,-25.394596,-49.242685,,False,7,1,2023-06-19T19:36:47.375351+00:00
CUR_BI887,Curitiba,4106902,1,,266,,,-25.394451,-49.242398,,False,7,1,2023-06-19T19:35:47.375351+00:00
CUR_DN601,Curitiba,4106902,1,,463,,,-25.459513,-49.220988,,False,7,1,2023-06-19T19:37:47.375351+00:00
CUR_DN602,Curitiba,4106902,1,,463,,,-25.479683,-49.193993,,False,7,1,2023-06-19T19:37:47.375351+00:00
CUR_DN608,Curitiba,4106902,1,,463,,,-25.467476,-49.255005,,False,7,1,2023-06-19T19:37:47.375351+00:00
CUR_CI007,Curitiba,4106902,1,,222,,,-25.393091,-49.24131,,False,1,2,2023-06-19T19:37:47.375351+00:00
CUR_CI005,Curitiba,4106902,1,,222,,,-25.383251,-49.200298,,False,1,1,2023-06-19T19:37:47.375351+00:00
CUR_CI008,Curitiba,4106902,1,,222,,,-25.381211,-49.185785,,False,1,2,2023-06-19T19:37:47.375351+00:00
CUR_EA074,Curitiba,4106902,1,,512,,,-25.485528,-49.253298,,False,1,2,2023-06-19T19:37:47.375351+00:00
CUR_EI017,Curitiba,4106902,1,,512,,,-25.517548,-49.266721,,False,1,1,2023-06-19T19:37:47.375351+00:00
CUR_BA030,Curitiba,4106902,1,,226,,,-25.377146,-49.240033,,False,1,1,2023-06-19T19:37:47.375351+00:00
CUR_BI021,Curitiba,4106902,1,,226,,,-25.39517,-49.243155,,False,1,1,2023-06-19T19:29:47.375351+00:00
CUR_BA001,Curitiba,4106902,1,,231,,,-25.394696,-49.242725,,False,1,1,2023-06-19T19:36:47.375351+00:00
CUR_BA024,Curitiba,4106902,1,,226,,,-25.388783,-49.243885,,False,1,2,2023-06-19T19:36:47.375351+00:00
CUR_CL600,Curitiba,4106902,0,URBS,023,https://moovitapp.com/index/pt-br/transporte_p%C3%BAblico-line-023_INTER_2_ANTI_HOR%C3%81RIO-Curitiba-942-9628-398189-0,-1.0,-25.414031,-49.28193,,False,4,,2023-06-19T19:37:47.375351+00:00
CUR_BL323,Curitiba,4106902,0,URBS,023,https://moovitapp.com/index/pt-br/transporte_p%C3%BAblico-line-023_INTER_2_ANTI_HOR%C3%81RIO-Curitiba-942-9628-398189-0,-1.0,-25.410508,-49.248266,,False,3,,2023-06-19T19:37:47.375351+00:00
CUR_BL324,Curitiba,4106902,0,URBS,023,https://moovitapp.com/index/pt-br/transporte_p%C3%BAblico-line-023_INTER_2_ANTI_HOR%C3%81RIO-Curitiba-942-9628-398189-0,-1.0,-25.438675,-49.221735,,False,3,,2023-06-19T19:36:47.375351+00:00
CUR_CL699,Curitiba,4106902,0,URBS,023,https://moovitapp.com/index/pt-br/transporte_p%C3%BAblico-line-023_INTER_2_ANTI_HOR%C3%81RIO-Curitiba-942-9628-398189-0,-1.0,-25.38075,-49.186025,,False,4,,2023-06-19T19:37:47.375351+00:00
CUR_ER802,Curitiba,4106902,0,URBS,023,https://moovitapp.com/index/pt-br/transporte_p%C3%BAblico-line-023_INTER_2_ANTI_HOR%C3%81RIO-Curitiba-942-9628-398189-0,-1.0,-25.468281,-49.255775,,False,4,,2023-06-19T19:37:47.375351+00:00
CUR_BL312,Curitiba,4106902,0,URBS,023,https://moovitapp.com/index/pt-br/transporte_p%C3%BAblico-line-023_INTER_2_ANTI_HOR%C3%81RIO-Curitiba-942-9628-398189-0,-1.0,-25.496305,-49.2846,,False,3,,2023-06-19T19:35:47.375351+00:00
CUR_ML306,Curitiba,4106902,0,URBS,902,https://moovitapp.com/index/pt-br/transporte_p%C3%BAblico-line-902_SANTA_FELICIDADE_PRA%C3%87A_TIRADENTES-Curitiba-942-9628-5597930-0,-1.0,-25.423898,-49.286848,,False,3,,2023-06-19T19:36:47.375351+00:00
CUR_EL602,Curitiba,4106902,0,URBS,023,https://moovitapp.com/index/pt-br/transporte_p%C3%BAblico-line-023_INTER_2_ANTI_HOR%C3%81RIO-Curitiba-942-9628-398189-0,-1.0,-25.417061,-49.24151,,False,4,,2023-06-19T19:37:47.375351+00:00
CUR_DR801,Curitiba,4106902,0,URBS,023,https://moovitapp.com/index/pt-br/transporte_p%C3%BAblico-line-023_INTER_2_ANTI_HOR%C3%81RIO-Curitiba-942-9628-398189-0,-1.0,-25.434271,-49.212588,,False,4,,2023-06-19T19:37:47.375351+00:00
CUR_HL602,Curitiba,4106902,0,URBS,023,https://moovitapp.com/index/pt-br/transporte_p%C3%BAblico-line-023_INTER_2_ANTI_HOR%C3%81RIO-Curitiba-942-9628-398189-0,-1.0,-25.433778,-49.301445,,False,4,,2023-06-19T19:36:47.375351+00:00
CUR_GL600,Curitiba,4106902,0,URBS,023,https://moovitapp.com/index/pt-br/transporte_p%C3%BAblico-line-023_INTER_2_ANTI_HOR%C3%81RIO-Curitiba-942-9628-398189-0,-1.0,-25.548545,-49.291576,,False,4,,2023-06-19T19:37:47.375351+00:00
CUR_DR804,Curitiba,4106902,0,URBS,023,https://moovitapp.com/index/pt-br/transporte_p%C3%BAblico-line-023_INTER_2_ANTI_HOR%C3%81RIO-Curitiba-942-9628-398189-0,-1.0,-25.492656,-49.293373,,False,4,,2023-06-19T19:37:47.375351+00:00
CUR_HL600,Curitiba,4106902,0,URBS,023,https://moovitapp.com/index/pt-br/transporte_p%C3%BAblico-line-023_INTER_2_ANTI_HOR%C3%81RIO-Curitiba-942-9628-398189-0,-1.0,-25.453163,-49.304673,,False,4,,2023-06-19T19:36:47.375351+00:00
CUR_BL608,Curitiba,4106902,0,URBS,023,https://moovitapp.com/index/pt-br/transporte_p%C3%BAblico-line-023_INTER_2_ANTI_HOR%C3%81RIO-Curitiba-942-9628-398189-0,-1.0,-25.466126,-49.300685,,False,4,,2023-06-19T19:35:47.375351+00:00
CUR_JL600,Curitiba,4106902,0,URBS,023,https://moovitapp.com/index/pt-br/transporte_p%C3%BAblico-line-023_INTER_2_ANTI_HOR%C3%81RIO-Curitiba-942-9628-398189-0,-1.0,-25.43074,-49.331655,,False,4,,2023-06-19T19:37:47.375351+00:00
CUR_MR800,Curitiba,4106902,0,URBS,023,https://moovitapp.com/index/pt-br/transporte_p%C3%BAblico-line-023_INTER_2_ANTI_HOR%C3%81RIO-Curitiba-942-9628-398189-0,-1.0,-25.409385,-49.249216,,False,4,,2023-06-19T19:37:47.375351+00:00
CUR_HL698,Curitiba,4106902,0,URBS,023,https://moovitapp.com/index/pt-br/transporte_p%C3%BAblico-line-023_INTER_2_ANTI_HOR%C3%81RIO-Curitiba-942-9628-398189-0,-1.0,-25.538135,-49.307373,,False,4,,2023-06-19T19:37:47.375351+00:00
CUR_JL601,Curitiba,4106902,0,URBS,023,https://moovitapp.com/index/pt-br/transporte_p%C3%BAblico-line-023_INTER_2_ANTI_HOR%C3%81RIO-Curitiba-942-9628-398189-0,-1.0,-25.496255,-49.28459,,False,4,,2023-06-19T19:36:47.375351+00:00
CUR_JL313,Curitiba,4106902,0,URBS,023,https://moovitapp.com/index/pt-br/transporte_p%C3%BAblico-line-023_INTER_2_ANTI_HOR%C3%81RIO-Curitiba-942-9628-398189-0,-1.0,-25.448618,-49.366061,,False,3,,2023-06-19T19:36:47.375351+00:00
CUR_BL611,Curitiba,4106902,0,URBS,023,https://moovitapp.com/index/pt-br/transporte_p%C3%BAblico-line-023_INTER_2_ANTI_HOR%C3%81RIO-Curitiba-942-9628-398189-0,-1.0,-25.437328,-49.310611,,False,4,,2023-06-19T19:36:47.375351+00:00
CUR_BL332,Curitiba,4106902,0,URBS,023,https://moovitapp.com/index/pt-br/transporte_p%C3%BAblico-line-023_INTER_2_ANTI_HOR%C3%81RIO-Curitiba-942-9628-398189-0,-1.0,-25.415478,-49.281055,,False,3,,2023-06-19T19:36:47.375351+00:00
CUR_ML305,Curitiba,4106902,0,URBS,023,https://moovitapp.com/index/pt-br/transporte_p%C3%BAblico-line-023_INTER_2_ANTI_HOR%C3%81RIO-Curitiba-942-9628-398189-0,-1.0,-25.491493,-49.293835,,False,3,,2023-06-19T19:29:47.375351+00:00
CUR_BL305,Curitiba,4106902,0,URBS,023,https://moovitapp.com/index/pt-br/transporte_p%C3%BAblico-line-023_INTER_2_ANTI_HOR%C3%81RIO-Curitiba-942-9628-398189-0,-1.0,-25.492551,-49.291608,,False,3,,2023-06-19T19:36:47.375351+00:00
CUR_HL601,Curitiba,4106902,0,URBS,023,https://moovitapp.com/index/pt-br/transporte_p%C3%BAblico-line-023_INTER_2_ANTI_HOR%C3%81RIO-Curitiba-942-9628-398189-0,-1.0,-25.435931,-49.30784,,False,4,,2023-06-19T19:36:47.375351+00:00
CUR_BL326,Curitiba,4106902,0,URBS,023,https://moovitapp.com/index/pt-br/transporte_p%C3%BAblico-line-023_INTER_2_ANTI_HOR%C3%81RIO-Curitiba-942-9628-398189-0,-1.0,-25.41377,-49.287601,,False,3,,2023-06-19T19:36:47.375351+00:00
CUR_JL603,Curitiba,4106902,0,URBS,022,https://moovitapp.com/index/pt-br/transporte_p%C3%BAblico-line-022_INTER_2_HOR%C3%81RIO-Curitiba-942-9628-381388-0,-1.0,-25.434006,-49.299076,,False,4,,2023-06-19T19:37:47.375351+00:00
CUR_CL302,Curitiba,4106902,0,URBS,307,https://moovitapp.com/index/pt-br/transporte_p%C3%BAblico-line-307_BAIRRO_ALTO_SANTA_FELICIDADE-Curitiba-942-9628-1323712-0,-1.0,-25.445406,-49.223571,,False,3,2,2023-06-19T19:33:47.375351+00:00
CUR_BI859,Curitiba,4106902,1,,365,,,-25.4224,-49.25282,,False,7,2,2023-06-19T19:36:47.375351+00:00
CUR_BC932,Curitiba,4106902,1,,365,,,-25.449413,-49.305835,,False,7,1,2023-06-19T19:36:47.375351+00:00
CUR_EA004,Curitiba,4106902,1,,336,,,-25.455886,-49.223875,,False,1,2,2023-06-19T19:37:47.375351+00:00
CUR_EA202,Curitiba,4106902,1,,336,,,-25.469105,-49.255438,,False,1,1,2023-06-19T19:37:47.375351+00:00
CUR_DA023,Curitiba,4106902,1,,332,,,-25.467848,-49.194738,,False,1,,2023-06-19T19:36:47.375351+00:00
CUR_DC298,Curitiba,4106902,1,,336,,,-25.469665,-49.197068,,False,1,2,2023-06-19T19:37:47.375351+00:00
CUR_EA006,Curitiba,4106902,1,,336,,,-25.47132,-49.210913,,False,1,2,2023-06-19T19:37:47.375351+00:00
CUR_GI015,Curitiba,4106902,1,,541,,,-25.541013,-49.266053,,False,1,2,2023-06-19T19:37:47.375351+00:00
CUR_GI030,Curitiba,4106902,1,,541,,,-25.545938,-49.257336,,False,1,1,2023-06-19T19:37:47.375351+00:00
CUR_GI040,Curitiba,4106902,1,,541,,,-25.541538,-49.272626,,False,1,2,2023-06-19T19:37:47.375351+00:00
CUR_GI020,Curitiba,4106902,1,,541,,,-25.550306,-49.290868,,False,1,2,2023-06-19T19:37:47.375351+00:00
CUR_GC017,Curitiba,4106902,1,,541,,,-25.548415,-49.291435,,False,1,1,2023-06-19T19:36:47.375351+00:00
CUR_GI033,Curitiba,4106902,1,,541,,,-25.549045,-49.292238,,False,1,1,2023-06-19T19:37:47.375351+00:00
CUR_GI016,Curitiba,4106902,1,,541,,,-25.536176,-49.26996,,False,1,1,2023-06-19T19:37:47.375351+00:00
CUR_GI034,Curitiba,4106902,1,,636,,,-25.539766,-49.252493,,False,1,1,2023-06-19T19:37:47.375351+00:00
CUR_GA181,Curitiba,4106902,1,,541,,,-25.534381,-49.26849,,False,1,2,2023-06-19T19:37:47.375351+00:00
CUR_CB601,Curitiba,4106902,1,,030,,,-25.427583,-49.204526,,False,4,2,2023-06-19T19:37:47.375351+00:00
CUR_KB606,Curitiba,4106902,1,,030,,,-25.45476,-49.215646,,False,4,1,2023-06-19T19:37:47.375351+00:00
CUR_EB609,Curitiba,4106902,1,,030,,,-25.492551,-49.295106,,False,4,1,2023-06-19T19:37:47.375351+00:00
CUR_GB612,Curitiba,4106902,1,,030,,,-25.501683,-49.237575,,False,4,1,2023-06-19T19:37:47.375351+00:00
CUR_EA600,Curitiba,4106902,1,,030,,,-25.467343,-49.25582,,False,4,2,2023-06-19T19:37:47.375351+00:00
CUR_KB605,Curitiba,4106902,1,,030,,,-25.39686,-49.208465,,False,4,1,2023-06-19T19:37:47.375351+00:00
CUR_BB608,Curitiba,4106902,1,,030,,,-25.503218,-49.238028,,False,4,2,2023-06-19T19:36:47.375351+00:00
CUR_GB605,Curitiba,4106902,1,,030,,,-25.486195,-49.223418,,False,4,2,2023-06-19T19:37:47.375351+00:00
CUR_GB606,Curitiba,4106902,1,,030,,,-25.377368,-49.22381,,False,4,2,2023-06-19T19:37:47.375351+00:00
CUR_BB611,Curitiba,4106902,1,,030,,,-25.426026,-49.202545,,False,4,1,2023-06-19T19:36:47.375351+00:00
CUR_BB602,Curitiba,4106902,1,,030,,,-25.466095,-49.218953,,False,4,2,2023-06-19T19:36:47.375351+00:00
CUR_BB610,Curitiba,4106902,1,,030,,,-25.511593,-49.258003,,False,4,1,2023-06-19T19:36:47.375351+00:00
CUR_KB604,Curitiba,4106902,1,,030,,,-25.451931,-49.214966,,False,4,1,2023-06-19T19:37:47.375351+00:00
CUR_EB602,Curitiba,4106902,1,,030,,,-25.452136,-49.212845,,False,4,1,2023-06-19T19:36:47.375351+00:00
CUR_GR123,Curitiba,4106902,1,,030,,,-25.491766,-49.293268,,False,4,2,2023-06-19T19:35:47.375351+00:00
CUR_BB614,Curitiba,4106902,1,,030,,,-25.495963,-49.241551,,False,4,1,2023-06-19T19:36:47.375351+00:00
CUR_BB601,Curitiba,4106902,1,,030,,,-25.391938,-49.210828,,False,4,2,2023-06-19T19:36:47.375351+00:00
CUR_BI015,Curitiba,4106902,1,,242,,,-25.36535,-49.260871,,False,1,1,2023-06-19T19:36:47.375351+00:00
CUR_BI020,Curitiba,4106902,1,,242,,,-25.395583,-49.24277,,False,1,1,2023-06-19T19:37:47.375351+00:00
CUR_CB604,Curitiba,4106902,1,,021,,,-25.495223,-49.266613,,False,4,,2023-06-19T19:35:47.375351+00:00
CUR_GB602,Curitiba,4106902,1,,021,,,-25.428078,-49.232308,,False,4,,2023-06-19T19:36:47.375351+00:00
CUR_BB604,Curitiba,4106902,1,,021,,,-25.390256,-49.258831,,False,4,,2023-06-19T19:36:47.375351+00:00
CUR_EB603,Curitiba,4106902,1,,021,,,-25.469068,-49.299855,,False,4,,2023-06-19T19:37:47.375351+00:00
CUR_EB600,Curitiba,4106902,1,,021,,,-25.431813,-49.300108,,False,4,,2023-06-19T19:37:47.375351+00:00
CUR_KB697,Curitiba,4106902,0,,027,,,-25.475871,-49.290243,,False,4,,2023-06-19T19:34:47.375351+00:00
CUR_KB607,Curitiba,4106902,1,,021,,,-25.481536,-49.246906,,False,4,,2023-06-19T19:37:47.375351+00:00
CUR_GB600,Curitiba,4106902,1,,021,,,-25.549638,-49.291145,,False,4,,2023-06-19T19:37:47.375351+00:00
CUR_GB601,Curitiba,4106902,1,,021,,,-25.407258,-49.253008,,False,4,,2023-06-19T19:37:47.375351+00:00
CUR_BB600,Curitiba,4106902,1,,021,,,-25.45237,-49.229808,,False,4,,2023-06-19T19:36:47.375351+00:00
CUR_HB606,Curitiba,4106902,1,,021,,,-25.539195,-49.307351,,False,4,,2023-06-19T19:36:47.375351+00:00
CUR_BB615,Curitiba,4106902,1,,021,,,-25.398186,-49.213093,,False,4,,2023-06-19T19:36:47.375351+00:00
CUR_BB300,Curitiba,4106902,1,,021,,,-25.490503,-49.299636,,False,3,,2023-06-19T19:36:47.375351+00:00
CUR_KB696,Curitiba,4106902,0,,021,,,-25.404125,-49.289958,,False,4,,2023-06-19T19:37:47.375351+00:00
CUR_XY043,Curitiba,4106902,0,,021,,,-25.452648,-49.229881,,False,3,,2023-06-19T19:36:47.375351+00:00
CUR_GR125,Curitiba,4106902,1,,021,,,-25.439735,-49.222316,,False,4,,2023-06-19T19:37:47.375351+00:00
CUR_BB612,Curitiba,4106902,1,,021,,,-25.467046,-49.29982,,False,4,,2023-06-19T19:37:47.375351+00:00
CUR_GI858,Curitiba,4106902,1,,616,,,-25.47543,-49.289733,,False,7,2,2023-06-19T19:36:47.375351+00:00
CUR_GI857,Curitiba,4106902,1,,616,,,-25.479983,-49.291955,,False,7,2,2023-06-19T19:37:47.375351+00:00
CUR_DA013,Curitiba,4106902,1,,338,,,-25.500946,-49.209218,,False,1,1,2023-06-19T19:37:47.375351+00:00
CUR_EA076,Curitiba,4106902,1,,338,,,-25.481303,-49.248101,,False,1,1,2023-06-19T19:37:47.375351+00:00
CUR_DA020,Curitiba,4106902,0,,338,,,-25.477738,-49.226306,,False,1,2,2023-06-19T19:37:47.375351+00:00
CUR_GC011,Curitiba,4106902,1,,338,,,-25.489493,-49.270235,,False,1,2,2023-06-19T19:37:47.375351+00:00
CUR_DC293,Curitiba,4106902,1,,338,,,-25.479798,-49.203556,,False,1,2,2023-06-19T19:37:47.375351+00:00
CUR_EA003,Curitiba,4106902,1,,338,,,-25.458515,-49.249321,,False,1,2,2023-06-19T19:37:47.375351+00:00
CUR_DC086,Curitiba,4106902,1,,338,,,-25.467786,-49.254416,,False,1,2,2023-06-19T19:37:47.375351+00:00
CUR_GC012,Curitiba,4106902,1,,338,,,-25.47973,-49.22519,,False,1,1,2023-06-19T19:37:47.375351+00:00
CUR_DC084,Curitiba,4106902,0,,338,,,-25.481731,-49.246833,,False,1,1,2023-06-19T19:37:47.375351+00:00
CUR_DA022,Curitiba,4106902,0,,338,,,-25.469895,-49.207196,,False,1,2,2023-06-19T19:37:47.375351+00:00
CUR_DC090,Curitiba,4106902,1,,474,,,-25.486936,-49.203893,,False,1,2,2023-06-19T19:37:47.375351+00:00
CUR_EI006,Curitiba,4106902,1,,X07,,,-25.550311,-49.25578,,False,1,1,2023-06-19T19:37:47.375351+00:00
CUR_EA005,Curitiba,4106902,1,,X07,,,-25.538016,-49.272221,,False,1,1,2023-06-19T19:37:47.375351+00:00
CUR_DC854,Curitiba,4106902,1,,477,,,-25.464411,-49.23691,,False,7,1,2023-06-19T19:37:47.375351+00:00
CUR_DC850,Curitiba,4106902,1,,477,,,-25.467768,-49.254295,,False,7,2,2023-06-19T19:37:47.375351+00:00
CUR_JI017,Curitiba,4106902,1,,777,,,-25.45709,-49.31062,,False,1,2,2023-06-19T19:37:47.375351+00:00
CUR_JI012,Curitiba,4106902,1,,777,,,-25.452035,-49.290361,,False,1,1,2023-06-19T19:37:47.375351+00:00
CUR_JI001,Curitiba,4106902,1,,777,,,-25.444398,-49.275223,,False,1,2,2023-06-19T19:37:47.375351+00:00
CUR_JI010,Curitiba,4106902,1,,777,,,-25.45051,-49.28626,,False,1,1,2023-06-19T19:37:47.375351+00:00
CUR_GE736,Curitiba,4106902,0,URBS,203,https://moovitapp.com/index/pt-br/transporte_p%C3%BAblico-line-203_SANTA_C%C3%82NDIDA_CAP%C3%83O_RASO-Curitiba-942-9628-1323737-0,-1.0,-25.436993,-49.264903,,False,5,1,2023-06-19T19:37:47.375351+00:00
CUR_BE703,Curitiba,4106902,0,URBS,203,https://moovitapp.com/index/pt-br/transporte_p%C3%BAblico-line-203_SANTA_C%C3%82NDIDA_CAP%C3%83O_RASO-Curitiba-942-9628-1323737-0,-1.0,-25.416418,-49.261738,,False,5,2,2023-06-19T19:36:47.375351+00:00
CUR_BE716,Curitiba,4106902,0,URBS,203,https://moovitapp.com/index/pt-br/transporte_p%C3%BAblico-line-203_SANTA_C%C3%82NDIDA_CAP%C3%83O_RASO-Curitiba-942-9628-1323737-0,-1.0,-25.444898,-49.285611,,False,5,2,2023-06-19T19:36:47.375351+00:00
CUR_HE711,Curitiba,4106902,0,URBS,203,https://moovitapp.com/index/pt-br/transporte_p%C3%BAblico-line-203_SANTA_C%C3%82NDIDA_CAP%C3%83O_RASO-Curitiba-942-9628-1323737-0,-1.0,-25.395255,-49.242091,,False,5,1,2023-06-19T19:36:47.375351+00:00
CUR_BE719,Curitiba,4106902,0,URBS,203,https://moovitapp.com/index/pt-br/transporte_p%C3%BAblico-line-203_SANTA_C%C3%82NDIDA_CAP%C3%83O_RASO-Curitiba-942-9628-1323737-0,-1.0,-25.487948,-49.294276,,False,5,1,2023-06-19T19:36:47.375351+00:00
CUR_BE710,Curitiba,4106902,0,URBS,203,https://moovitapp.com/index/pt-br/transporte_p%C3%BAblico-line-203_SANTA_C%C3%82NDIDA_CAP%C3%83O_RASO-Curitiba-942-9628-1323737-0,-1.0,-25.436135,-49.265001,,False,5,2,2023-06-19T19:36:47.375351+00:00
CUR_GD341,Curitiba,4106902,0,URBS,203,https://moovitapp.com/index/pt-br/transporte_p%C3%BAblico-line-203_SANTA_C%C3%82NDIDA_CAP%C3%83O_RASO-Curitiba-942-9628-1323737-0,-1.0,-25.396671,-49.243441,,False,5,2,2023-06-19T19:37:47.375351+00:00
CUR_GE704,Curitiba,4106902,0,URBS,203,https://moovitapp.com/index/pt-br/transporte_p%C3%BAblico-line-203_SANTA_C%C3%82NDIDA_CAP%C3%83O_RASO-Curitiba-942-9628-1323737-0,-1.0,-25.463541,-49.290808,,False,5,1,2023-06-19T19:37:47.375351+00:00
CUR_BE717,Curitiba,4106902,0,URBS,203,https://moovitapp.com/index/pt-br/transporte_p%C3%BAblico-line-203_SANTA_C%C3%82NDIDA_CAP%C3%83O_RASO-Curitiba-942-9628-1323737-0,-1.0,-25.483103,-49.293185,,False,5,1,2023-06-19T19:36:47.375351+00:00
CUR_BD135,Curitiba,4106902,0,URBS,203,https://moovitapp.com/index/pt-br/transporte_p%C3%BAblico-line-203_SANTA_C%C3%82NDIDA_CAP%C3%83O_RASO-Curitiba-942-9628-1323737-0,-1.0,-25.393771,-49.24083,,False,5,2,2023-06-19T19:37:47.375351+00:00
CUR_BE715,Curitiba,4106902,0,URBS,203,https://moovitapp.com/index/pt-br/transporte_p%C3%BAblico-line-203_SANTA_C%C3%82NDIDA_CAP%C3%83O_RASO-Curitiba-942-9628-1323737-0,-1.0,-25.451673,-49.288031,,False,5,2,2023-06-19T19:36:47.375351+00:00
CUR_GD342,Curitiba,4106902,0,URBS,500,https://moovitapp.com/index/pt-br/transporte_p%C3%BAblico-line-500_LIGEIR%C3%83O_BOQUEIR%C3%83O-Curitiba-942-9628-294422-0,-1.0,-25.448136,-49.263515,,False,5,1,2023-06-19T19:33:47.375351+00:00
CUR_GE726,Curitiba,4106902,0,URBS,203,https://moovitapp.com/index/pt-br/transporte_p%C3%BAblico-line-203_SANTA_C%C3%82NDIDA_CAP%C3%83O_RASO-Curitiba-942-9628-1323737-0,-1.0,-25.441168,-49.275711,,False,5,1,2023-06-19T19:37:47.375351+00:00
CUR_BE727,Curitiba,4106902,0,URBS,203,https://moovitapp.com/index/pt-br/transporte_p%C3%BAblico-line-203_SANTA_C%C3%82NDIDA_CAP%C3%83O_RASO-Curitiba-942-9628-1323737-0,-1.0,-25.404888,-49.250985,,False,5,1,2023-06-19T19:36:47.375351+00:00
CUR_BD150,Curitiba,4106902,0,URBS,203,https://moovitapp.com/index/pt-br/transporte_p%C3%BAblico-line-203_SANTA_C%C3%82NDIDA_CAP%C3%83O_RASO-Curitiba-942-9628-1323737-0,-1.0,-25.394961,-49.242663,,False,5,2,2023-06-19T19:36:47.375351+00:00
CUR_BD144,Curitiba,4106902,0,URBS,203,https://moovitapp.com/index/pt-br/transporte_p%C3%BAblico-line-203_SANTA_C%C3%82NDIDA_CAP%C3%83O_RASO-Curitiba-942-9628-1323737-0,-1.0,-25.394875,-49.242731,,False,5,2,2023-06-19T19:35:47.375351+00:00
CUR_BE722,Curitiba,4106902,0,URBS,203,https://moovitapp.com/index/pt-br/transporte_p%C3%BAblico-line-203_SANTA_C%C3%82NDIDA_CAP%C3%83O_RASO-Curitiba-942-9628-1323737-0,-1.0,-25.376863,-49.22366,,False,5,1,2023-06-19T19:36:47.375351+00:00
CUR_GE705,Curitiba,4106902,0,URBS,203,https://moovitapp.com/index/pt-br/transporte_p%C3%BAblico-line-203_SANTA_C%C3%82NDIDA_CAP%C3%83O_RASO-Curitiba-942-9628-1323737-0,-1.0,-25.43081,-49.267566,,False,5,1,2023-06-19T19:37:47.375351+00:00
CUR_BE713,Curitiba,4106902,0,URBS,203,https://moovitapp.com/index/pt-br/transporte_p%C3%BAblico-line-203_SANTA_C%C3%82NDIDA_CAP%C3%83O_RASO-Curitiba-942-9628-1323737-0,-1.0,-25.46831,-49.29369,,False,5,2,2023-06-19T19:36:47.375351+00:00
CUR_GE706,Curitiba,4106902,0,URBS,203,https://moovitapp.com/index/pt-br/transporte_p%C3%BAblico-line-203_SANTA_C%C3%82NDIDA_CAP%C3%83O_RASO-Curitiba-942-9628-1323737-0,-1.0,-25.453651,-49.287946,,False,5,1,2023-06-19T19:37:47.375351+00:00
CUR_BE725,Curitiba,4106902,0,URBS,203,https://moovitapp.com/index/pt-br/transporte_p%C3%BAblico-line-203_SANTA_C%C3%82NDIDA_CAP%C3%83O_RASO-Curitiba-942-9628-1323737-0,-1.0,-25.406495,-49.252793,,False,5,2,2023-06-19T19:36:47.375351+00:00
CUR_BE724,Curitiba,4106902,0,URBS,203,https://moovitapp.com/index/pt-br/transporte_p%C3%BAblico-line-203_SANTA_C%C3%82NDIDA_CAP%C3%83O_RASO-Curitiba-942-9628-1323737-0,-1.0,-25.439005,-49.270293,,False,5,2,2023-06-19T19:36:47.375351+00:00
CUR_BE708,Curitiba,4106902,0,URBS,203,https://moovitapp.com/index/pt-br/transporte_p%C3%BAblico-line-203_SANTA_C%C3%82NDIDA_CAP%C3%83O_RASO-Curitiba-942-9628-1323737-0,-1.0,-25.378625,-49.226781,,False,5,2,2023-06-19T19:36:47.375351+00:00
CUR_BI019,Curitiba,4106902,1,,231,,,-25.375156,-49.219415,,False,1,1,2023-06-19T19:35:47.375351+00:00
CUR_BI013,Curitiba,4106902,1,,231,,,-25.374176,-49.210191,,False,1,2,2023-06-19T19:36:47.375351+00:00
CUR_JI866,Curitiba,4106902,1,,862,,,-25.442755,-49.288403,,False,7,1,2023-06-19T19:36:47.375351+00:00
CUR_BI865,Curitiba,4106902,1,,862,,,-25.394038,-49.242085,,False,7,2,2023-06-19T19:36:47.375351+00:00
CUR_BI864,Curitiba,4106902,1,,862,,,-25.449186,-49.306495,,False,7,2,2023-06-19T19:36:47.375351+00:00
CUR_BC015,Curitiba,4106902,1,,876,,,-25.433591,-49.292048,,False,1,1,2023-06-19T19:36:47.375351+00:00
CUR_BC005,Curitiba,4106902,1,,876,,,-25.422403,-49.32037,,False,1,1,2023-06-19T19:36:47.375351+00:00
CUR_BA019,Curitiba,4106902,1,,876,,,-25.415313,-49.28081,,False,1,2,2023-06-19T19:34:47.375351+00:00
CUR_JI003,Curitiba,4106902,1,,711,,,-25.473118,-49.349031,,False,1,2,2023-06-19T19:37:47.375351+00:00
CUR_JA027,Curitiba,4106902,1,,711,,,-25.477423,-49.333371,,False,1,1,2023-06-19T19:37:47.375351+00:00
CUR_BC017,Curitiba,4106902,1,,166,,,-25.394266,-49.303631,,False,1,2,2023-06-19T19:36:47.375351+00:00
CUR_BC004,Curitiba,4106902,1,,166,,,-25.427308,-49.273625,,False,1,2,2023-06-19T19:36:47.375351+00:00
CUR_GI005,Curitiba,4106902,1,,638,,,-25.526728,-49.291218,,False,1,1,2023-06-19T19:37:47.375351+00:00
CUR_GI057,Curitiba,4106902,1,,638,,,-25.513326,-49.294736,,False,1,2,2023-06-19T19:37:47.375351+00:00
CUR_GI014,Curitiba,4106902,1,,638,,,-25.549636,-49.292145,,False,1,2,2023-06-19T19:37:47.375351+00:00
CUR_GC001,Curitiba,4106902,1,,638,,,-25.549563,-49.284341,,False,1,2,2023-06-19T19:37:47.375351+00:00
CUR_HE726,Curitiba,4106902,0,URBS,603,https://moovitapp.com/index/pt-br/transporte_p%C3%BAblico-line-603_PINHEIRINHO_RUI_BARBOSA-Curitiba-942-9628-484781-0,-1.0,-25.460023,-49.289285,,False,5,2,2023-06-19T19:37:47.375351+00:00
CUR_HE728,Curitiba,4106902,0,URBS,603,https://moovitapp.com/index/pt-br/transporte_p%C3%BAblico-line-603_PINHEIRINHO_RUI_BARBOSA-Curitiba-942-9628-484781-0,-1.0,-25.441686,-49.277258,,False,5,2,2023-06-19T19:36:47.375351+00:00
CUR_HE727,Curitiba,4106902,0,URBS,603,https://moovitapp.com/index/pt-br/transporte_p%C3%BAblico-line-603_PINHEIRINHO_RUI_BARBOSA-Curitiba-942-9628-484781-0,-1.0,-25.496155,-49.295753,,False,5,2,2023-06-19T19:36:47.375351+00:00
CUR_HE723,Curitiba,4106902,0,URBS,603,https://moovitapp.com/index/pt-br/transporte_p%C3%BAblico-line-603_PINHEIRINHO_RUI_BARBOSA-Curitiba-942-9628-484781-0,-1.0,-25.492161,-49.293468,,False,5,1,2023-06-19T19:36:47.375351+00:00
CUR_HE725,Curitiba,4106902,0,URBS,603,https://moovitapp.com/index/pt-br/transporte_p%C3%BAblico-line-603_PINHEIRINHO_RUI_BARBOSA-Curitiba-942-9628-484781-0,-1.0,-25.4448,-49.285378,,False,5,1,2023-06-19T19:36:47.375351+00:00
CUR_HE714,Curitiba,4106902,0,URBS,603,https://moovitapp.com/index/pt-br/transporte_p%C3%BAblico-line-603_PINHEIRINHO_RUI_BARBOSA-Curitiba-942-9628-484781-0,-1.0,-25.539121,-49.308245,,False,5,1,2023-06-19T19:36:47.375351+00:00
CUR_HE731,Curitiba,4106902,0,URBS,603,https://moovitapp.com/index/pt-br/transporte_p%C3%BAblico-line-603_PINHEIRINHO_RUI_BARBOSA-Curitiba-942-9628-484781-0,-1.0,-25.510098,-49.295711,,False,5,1,2023-06-19T19:36:47.375351+00:00
CUR_GE733,Curitiba,4106902,0,URBS,500,https://moovitapp.com/index/pt-br/transporte_p%C3%BAblico-line-500_LIGEIR%C3%83O_BOQUEIR%C3%83O-Curitiba-942-9628-294422-0,-1.0,-25.501565,-49.28014,,False,5,1,2023-06-19T19:36:47.375351+00:00
CUR_GE703,Curitiba,4106902,0,URBS,603,https://moovitapp.com/index/pt-br/transporte_p%C3%BAblico-line-603_PINHEIRINHO_RUI_BARBOSA-Curitiba-942-9628-484781-0,-1.0,-25.445333,-49.264901,,False,5,2,2023-06-19T19:37:47.375351+00:00
CUR_GE731,Curitiba,4106902,0,URBS,603,https://moovitapp.com/index/pt-br/transporte_p%C3%BAblico-line-603_PINHEIRINHO_RUI_BARBOSA-Curitiba-942-9628-484781-0,-1.0,-25.517785,-49.292078,,False,5,2,2023-06-19T19:37:47.375351+00:00
CUR_GD344,Curitiba,4106902,0,URBS,603,https://moovitapp.com/index/pt-br/transporte_p%C3%BAblico-line-603_PINHEIRINHO_RUI_BARBOSA-Curitiba-942-9628-484781-0,-1.0,-25.550076,-49.290683,,False,5,1,2023-06-19T19:37:47.375351+00:00
CUR_HE724,Curitiba,4106902,0,URBS,603,https://moovitapp.com/index/pt-br/transporte_p%C3%BAblico-line-603_PINHEIRINHO_RUI_BARBOSA-Curitiba-942-9628-484781-0,-1.0,-25.446905,-49.28763,,False,5,2,2023-06-19T19:36:47.375351+00:00
CUR_HE730,Curitiba,4106902,0,URBS,603,https://moovitapp.com/index/pt-br/transporte_p%C3%BAblico-line-603_PINHEIRINHO_RUI_BARBOSA-Curitiba-942-9628-484781-0,-1.0,-25.539726,-49.308056,,False,5,2,2023-06-19T19:36:47.375351+00:00
CUR_HD246,Curitiba,4106902,0,URBS,603,https://moovitapp.com/index/pt-br/transporte_p%C3%BAblico-line-603_PINHEIRINHO_RUI_BARBOSA-Curitiba-942-9628-484781-0,-1.0,-25.436081,-49.274285,,False,5,2,2023-06-19T19:36:47.375351+00:00
CUR_HE729,Curitiba,4106902,0,URBS,603,https://moovitapp.com/index/pt-br/transporte_p%C3%BAblico-line-603_PINHEIRINHO_RUI_BARBOSA-Curitiba-942-9628-484781-0,-1.0,-25.439408,-49.272213,,False,5,2,2023-06-19T19:37:47.375351+00:00
CUR_HE717,Curitiba,4106902,0,URBS,603,https://moovitapp.com/index/pt-br/transporte_p%C3%BAblico-line-603_PINHEIRINHO_RUI_BARBOSA-Curitiba-942-9628-484781-0,-1.0,-25.500803,-49.296066,,False,5,2,2023-06-19T19:37:47.375351+00:00
CUR_HD242,Curitiba,4106902,0,URBS,550,https://moovitapp.com/index/pt-br/transporte_p%C3%BAblico-line-550_LIGEIR%C3%83O_PINHEIRINHO_CARLOS_GOMES-Curitiba-942-9628-1254061-0,-1.0,-25.43951,-49.26778,,False,5,1,2023-06-19T19:36:47.375351+00:00
CUR_HE722,Curitiba,4106902,0,URBS,200,https://moovitapp.com/index/pt-br/transporte_p%C3%BAblico-line-200_LIGEIR%C3%83O_SANTA_C%C3%82NDIDA_PRA%C3%87A_DO_JAP%C3%83O-Curitiba-942-9628-1323763-0,-1.0,-25.443273,-49.281483,,False,5,2,2023-06-19T19:35:47.375351+00:00
CUR_HE721,Curitiba,4106902,0,URBS,X08,https://moovitapp.com/index/pt-br/transporte_p%C3%BAblico-line-X08_REFOR%C3%87O_PINHEIRINHO-Curitiba-942-9628-78902615-0,-1.0,-25.443251,-49.281393,,False,5,1,2023-06-19T19:33:47.375351+00:00
CUR_HE704,Curitiba,4106902,0,URBS,603,https://moovitapp.com/index/pt-br/transporte_p%C3%BAblico-line-603_PINHEIRINHO_RUI_BARBOSA-Curitiba-942-9628-484781-0,-1.0,-25.47818,-49.292045,,False,5,1,2023-06-19T19:36:47.375351+00:00
CUR_HE701,Curitiba,4106902,0,URBS,603,https://moovitapp.com/index/pt-br/transporte_p%C3%BAblico-line-603_PINHEIRINHO_RUI_BARBOSA-Curitiba-942-9628-484781-0,-1.0,-25.473618,-49.294173,,False,5,2,2023-06-19T19:36:47.375351+00:00
CUR_BA027,Curitiba,4106902,1,,243,,,-25.35203,-49.271246,,False,1,2,2023-06-19T19:36:47.375351+00:00
CUR_BC306,Curitiba,4106902,1,,182,,,-25.387151,-49.26743,,False,3,1,2023-06-19T19:37:47.375351+00:00
CUR_BC305,Curitiba,4106902,1,,182,,,-25.427625,-49.270926,,False,3,2,2023-06-19T19:36:47.375351+00:00
CUR_BC302,Curitiba,4106902,1,,182,,,-25.37707,-49.277,,False,3,2,2023-06-19T19:37:47.375351+00:00
CUR_GB608,Curitiba,4106902,1,,050,,,-25.458416,-49.249798,,False,4,2,2023-06-19T19:37:47.375351+00:00
CUR_JB610,Curitiba,4106902,1,,050,,,-25.459045,-49.248455,,False,4,1,2023-06-19T19:37:47.375351+00:00
CUR_JB604,Curitiba,4106902,1,,050,,,-25.476431,-49.292363,,False,4,1,2023-06-19T19:37:47.375351+00:00
CUR_JB606,Curitiba,4106902,1,,050,,,-25.451296,-49.215063,,False,4,2,2023-06-19T19:37:47.375351+00:00
CUR_GR124,Curitiba,4106902,1,,050,,,-25.461455,-49.274215,,False,4,2,2023-06-19T19:37:47.375351+00:00
CUR_EB606,Curitiba,4106902,1,,050,,,-25.454705,-49.215491,,False,4,1,2023-06-19T19:37:47.375351+00:00
CUR_EB605,Curitiba,4106902,1,,050,,,-25.467301,-49.255751,,False,4,1,2023-06-19T19:37:47.375351+00:00
CUR_EB608,Curitiba,4106902,1,,050,,,-25.477623,-49.325033,,False,4,1,2023-06-19T19:37:47.375351+00:00
CUR_EB601,Curitiba,4106902,1,,050,,,-25.454971,-49.266835,,False,4,1,2023-06-19T19:37:47.375351+00:00
CUR_KB600,Curitiba,4106902,1,,050,,,-25.477491,-49.285421,,False,4,2,2023-06-19T19:37:47.375351+00:00
CUR_HB609,Curitiba,4106902,1,,050,,,-25.489218,-49.291795,,False,4,2,2023-06-19T19:36:47.375351+00:00
CUR_JE700,Curitiba,4106902,0,URBS,303,https://moovitapp.com/index/pt-br/transporte_p%C3%BAblico-line-303_CENTEN%C3%81RIO_CAMPO_COMPRIDO-Curitiba-942-9628-531689-0,-1.0,-25.431496,-49.295763,,False,5,2,2023-06-19T19:37:47.375351+00:00
CUR_JE706,Curitiba,4106902,0,URBS,303,https://moovitapp.com/index/pt-br/transporte_p%C3%BAblico-line-303_CENTEN%C3%81RIO_CAMPO_COMPRIDO-Curitiba-942-9628-531689-0,-1.0,-25.460293,-49.211801,,False,5,1,2023-06-19T19:37:47.375351+00:00
CUR_DE719,Curitiba,4106902,0,URBS,303,https://moovitapp.com/index/pt-br/transporte_p%C3%BAblico-line-303_CENTEN%C3%81RIO_CAMPO_COMPRIDO-Curitiba-942-9628-531689-0,-1.0,-25.438085,-49.267996,,False,5,2,2023-06-19T19:37:47.375351+00:00
CUR_DE717,Curitiba,4106902,0,URBS,303,https://moovitapp.com/index/pt-br/transporte_p%C3%BAblico-line-303_CENTEN%C3%81RIO_CAMPO_COMPRIDO-Curitiba-942-9628-531689-0,-1.0,-25.437265,-49.32194,,False,5,2,2023-06-19T19:37:47.375351+00:00
CUR_DE715,Curitiba,4106902,0,URBS,303,https://moovitapp.com/index/pt-br/transporte_p%C3%BAblico-line-303_CENTEN%C3%81RIO_CAMPO_COMPRIDO-Curitiba-942-9628-531689-0,-1.0,-25.431583,-49.295776,,False,5,1,2023-06-19T19:36:47.375351+00:00
CUR_DE716,Curitiba,4106902,0,URBS,303,https://moovitapp.com/index/pt-br/transporte_p%C3%BAblico-line-303_CENTEN%C3%81RIO_CAMPO_COMPRIDO-Curitiba-942-9628-531689-0,-1.0,-25.435985,-49.274801,,False,5,2,2023-06-19T19:37:47.375351+00:00
CUR_JE707,Curitiba,4106902,0,URBS,303,https://moovitapp.com/index/pt-br/transporte_p%C3%BAblico-line-303_CENTEN%C3%81RIO_CAMPO_COMPRIDO-Curitiba-942-9628-531689-0,-1.0,-25.437105,-49.243525,,False,5,2,2023-06-19T19:37:47.375351+00:00
CUR_JE704,Curitiba,4106902,0,URBS,303,https://moovitapp.com/index/pt-br/transporte_p%C3%BAblico-line-303_CENTEN%C3%81RIO_CAMPO_COMPRIDO-Curitiba-942-9628-531689-0,-1.0,-25.441001,-49.342366,,False,5,2,2023-06-19T19:36:47.375351+00:00
CUR_DE711,Curitiba,4106902,0,URBS,303,https://moovitapp.com/index/pt-br/transporte_p%C3%BAblico-line-303_CENTEN%C3%81RIO_CAMPO_COMPRIDO-Curitiba-942-9628-531689-0,-1.0,-25.437013,-49.24391,,False,5,1,2023-06-19T19:37:47.375351+00:00
CUR_JE708,Curitiba,4106902,0,URBS,303,https://moovitapp.com/index/pt-br/transporte_p%C3%BAblico-line-303_CENTEN%C3%81RIO_CAMPO_COMPRIDO-Curitiba-942-9628-531689-0,-1.0,-25.448756,-49.365343,,False,5,1,2023-06-19T19:37:47.375351+00:00
CUR_JE705,Curitiba,4106902,0,URBS,303,https://moovitapp.com/index/pt-br/transporte_p%C3%BAblico-line-303_CENTEN%C3%81RIO_CAMPO_COMPRIDO-Curitiba-942-9628-531689-0,-1.0,-25.43889,-49.22653,,False,5,1,2023-06-19T19:37:47.375351+00:00
CUR_DE705,Curitiba,4106902,0,URBS,303,https://moovitapp.com/index/pt-br/transporte_p%C3%BAblico-line-303_CENTEN%C3%81RIO_CAMPO_COMPRIDO-Curitiba-942-9628-531689-0,-1.0,-25.468968,-49.208103,,False,5,1,2023-06-19T19:37:47.375351+00:00
CUR_DE710,Curitiba,4106902,0,URBS,303,https://moovitapp.com/index/pt-br/transporte_p%C3%BAblico-line-303_CENTEN%C3%81RIO_CAMPO_COMPRIDO-Curitiba-942-9628-531689-0,-1.0,-25.448805,-49.216168,,False,5,1,2023-06-19T19:37:47.375351+00:00
CUR_DE700,Curitiba,4106902,0,URBS,303,https://moovitapp.com/index/pt-br/transporte_p%C3%BAblico-line-303_CENTEN%C3%81RIO_CAMPO_COMPRIDO-Curitiba-942-9628-531689-0,-1.0,-25.441016,-49.34268,,False,5,2,2023-06-19T19:37:47.375351+00:00
CUR_DE708,Curitiba,4106902,0,URBS,303,https://moovitapp.com/index/pt-br/transporte_p%C3%BAblico-line-303_CENTEN%C3%81RIO_CAMPO_COMPRIDO-Curitiba-942-9628-531689-0,-1.0,-25.43598,-49.30748,,False,5,1,2023-06-19T19:37:47.375351+00:00
CUR_JE701,Curitiba,4106902,0,URBS,303,https://moovitapp.com/index/pt-br/transporte_p%C3%BAblico-line-303_CENTEN%C3%81RIO_CAMPO_COMPRIDO-Curitiba-942-9628-531689-0,-1.0,-25.43571,-49.274515,,False,5,1,2023-06-19T19:37:47.375351+00:00
CUR_DE709,Curitiba,4106902,0,URBS,303,https://moovitapp.com/index/pt-br/transporte_p%C3%BAblico-line-303_CENTEN%C3%81RIO_CAMPO_COMPRIDO-Curitiba-942-9628-531689-0,-1.0,-25.436746,-49.26453,,False,5,1,2023-06-19T19:37:47.375351+00:00
CUR_DE714,Curitiba,4106902,0,URBS,303,https://moovitapp.com/index/pt-br/transporte_p%C3%BAblico-line-303_CENTEN%C3%81RIO_CAMPO_COMPRIDO-Curitiba-942-9628-531689-0,-1.0,-25.468898,-49.254675,,False,5,2,2023-06-19T19:37:47.375351+00:00
CUR_DE718,Curitiba,4106902,0,URBS,303,https://moovitapp.com/index/pt-br/transporte_p%C3%BAblico-line-303_CENTEN%C3%81RIO_CAMPO_COMPRIDO-Curitiba-942-9628-531689-0,-1.0,-25.469046,-49.208411,,False,5,1,2023-06-19T19:36:47.375351+00:00
CUR_JE849,Curitiba,4106902,0,URBS,303,https://moovitapp.com/index/pt-br/transporte_p%C3%BAblico-line-303_CENTEN%C3%81RIO_CAMPO_COMPRIDO-Curitiba-942-9628-531689-0,-1.0,-25.429446,-49.290275,,False,5,1,2023-06-19T19:37:47.375351+00:00
CUR_JE710,Curitiba,4106902,0,URBS,303,https://moovitapp.com/index/pt-br/transporte_p%C3%BAblico-line-303_CENTEN%C3%81RIO_CAMPO_COMPRIDO-Curitiba-942-9628-531689-0,-1.0,-25.441751,-49.347093,,False,5,2,2023-06-19T19:37:47.375351+00:00
CUR_DE721,Curitiba,4106902,0,URBS,303,https://moovitapp.com/index/pt-br/transporte_p%C3%BAblico-line-303_CENTEN%C3%81RIO_CAMPO_COMPRIDO-Curitiba-942-9628-531689-0,-1.0,-25.437518,-49.240283,,False,5,2,2023-06-19T19:30:47.375351+00:00
CUR_JE709,Curitiba,4106902,0,URBS,303,https://moovitapp.com/index/pt-br/transporte_p%C3%BAblico-line-303_CENTEN%C3%81RIO_CAMPO_COMPRIDO-Curitiba-942-9628-531689-0,-1.0,-25.435355,-49.273868,,False,5,1,2023-06-19T19:37:47.375351+00:00
CUR_XY042,Curitiba,4106902,0,URBS,303,https://moovitapp.com/index/pt-br/transporte_p%C3%BAblico-line-303_CENTEN%C3%81RIO_CAMPO_COMPRIDO-Curitiba-942-9628-531689-0,-1.0,-25.433583,-49.27723,,False,4,1,2023-06-19T19:36:47.375351+00:00
CUR_DE706,Curitiba,4106902,0,URBS,303,https://moovitapp.com/index/pt-br/transporte_p%C3%BAblico-line-303_CENTEN%C3%81RIO_CAMPO_COMPRIDO-Curitiba-942-9628-531689-0,-1.0,-25.435683,-49.257386,,False,5,2,2023-06-19T19:36:47.375351+00:00
CUR_DE713,Curitiba,4106902,0,URBS,303,https://moovitapp.com/index/pt-br/transporte_p%C3%BAblico-line-303_CENTEN%C3%81RIO_CAMPO_COMPRIDO-Curitiba-942-9628-531689-0,-1.0,-25.438886,-49.224108,,False,5,2,2023-06-19T19:37:47.375351+00:00
CUR_DE698,Curitiba,4106902,0,URBS,303,https://moovitapp.com/index/pt-br/transporte_p%C3%BAblico-line-303_CENTEN%C3%81RIO_CAMPO_COMPRIDO-Curitiba-942-9628-531689-0,-1.0,-25.431231,-49.278931,,False,4,1,2023-06-19T19:37:47.375351+00:00
CUR_KE705,Curitiba,4106902,0,URBS,503,https://moovitapp.com/index/pt-br/transporte_p%C3%BAblico-line-503_BOQUEIR%C3%83O-Curitiba-942-9628-294244-0,-1.0,-25.470146,-49.252761,,False,5,1,2023-06-19T19:37:47.375351+00:00
CUR_KE700,Curitiba,4106902,0,URBS,503,https://moovitapp.com/index/pt-br/transporte_p%C3%BAblico-line-503_BOQUEIR%C3%83O-Curitiba-942-9628-294244-0,-1.0,-25.511365,-49.232713,,False,5,1,2023-06-19T19:37:47.375351+00:00
CUR_KE703,Curitiba,4106902,0,URBS,503,https://moovitapp.com/index/pt-br/transporte_p%C3%BAblico-line-503_BOQUEIR%C3%83O-Curitiba-942-9628-294244-0,-1.0,-25.445316,-49.264926,,False,5,2,2023-06-19T19:37:47.375351+00:00
CUR_KE702,Curitiba,4106902,0,URBS,503,https://moovitapp.com/index/pt-br/transporte_p%C3%BAblico-line-503_BOQUEIR%C3%83O-Curitiba-942-9628-294244-0,-1.0,-25.470931,-49.252456,,False,5,2,2023-06-19T19:37:47.375351+00:00
CUR_KE845,Curitiba,4106902,0,URBS,503,https://moovitapp.com/index/pt-br/transporte_p%C3%BAblico-line-503_BOQUEIR%C3%83O-Curitiba-942-9628-294244-0,-1.0,-25.46701,-49.254885,,False,5,1,2023-06-19T19:37:47.375351+00:00
CUR_GE613,Curitiba,4106902,0,URBS,503,https://moovitapp.com/index/pt-br/transporte_p%C3%BAblico-line-503_BOQUEIR%C3%83O-Curitiba-942-9628-294244-0,-1.0,-25.541753,-49.302571,,False,4,1,2023-06-19T19:37:47.375351+00:00
CUR_GE609,Curitiba,4106902,0,URBS,503,https://moovitapp.com/index/pt-br/transporte_p%C3%BAblico-line-503_BOQUEIR%C3%83O-Curitiba-942-9628-294244-0,-1.0,-25.550095,-49.291731,,False,4,2,2023-06-19T19:37:47.375351+00:00
CUR_GR035,Curitiba,4106902,0,URBS,503,https://moovitapp.com/index/pt-br/transporte_p%C3%BAblico-line-503_BOQUEIR%C3%83O-Curitiba-942-9628-294244-0,-1.0,-25.433843,-49.270431,,False,4,2,2023-06-19T19:37:47.375351+00:00
CUR_GE604,Curitiba,4106902,0,URBS,503,https://moovitapp.com/index/pt-br/transporte_p%C3%BAblico-line-503_BOQUEIR%C3%83O-Curitiba-942-9628-294244-0,-1.0,-25.46319,-49.25632,,False,4,2,2023-06-19T19:37:47.375351+00:00
CUR_GE608,Curitiba,4106902,0,URBS,X12,https://moovitapp.com/index/pt-br/transporte_p%C3%BAblico-line-X12_ESPECIAL_BOQUEIR%C3%83O-Curitiba-942-9628-504177-0,-1.0,-25.476523,-49.259763,,False,4,1,2023-06-19T19:36:47.375351+00:00
CUR_KE704,Curitiba,4106902,0,URBS,502,https://moovitapp.com/index/pt-br/transporte_p%C3%BAblico-line-502_CIRCULAR_SUL_HOR%C3%81RIO-Curitiba-942-9628-294482-0,-1.0,-25.441511,-49.266828,,False,5,,2023-06-19T19:37:47.375351+00:00
CUR_BA017,Curitiba,4106902,1,,822,,,-25.440058,-49.346086,,False,1,1,2023-06-19T19:37:47.375351+00:00
CUR_BA011,Curitiba,4106902,1,,822,,,-25.441718,-49.346491,,False,1,2,2023-06-19T19:36:47.375351+00:00
CUR_HI041,Curitiba,4106902,1,,654,,,-25.4963,-49.312798,,False,1,1,2023-06-19T19:36:47.375351+00:00
CUR_HI042,Curitiba,4106902,1,,654,,,-25.511883,-49.323968,,False,1,2,2023-06-19T19:34:47.375351+00:00
CUR_HA194,Curitiba,4106902,1,,654,,,-25.511403,-49.325056,,False,1,1,2023-06-19T19:37:47.375351+00:00
CUR_HA015,Curitiba,4106902,1,,654,,,-25.497136,-49.314435,,False,1,2,2023-06-19T19:37:47.375351+00:00
CUR_BI869,Curitiba,4106902,1,,260,,,-25.374568,-49.260778,,False,7,1,2023-06-19T19:36:47.375351+00:00
CUR_GI854,Curitiba,4106902,1,,662,,,-25.444225,-49.271008,,False,7,2,2023-06-19T19:37:47.375351+00:00
CUR_GI852,Curitiba,4106902,1,,662,,,-25.475953,-49.259345,,False,7,2,2023-06-19T19:37:47.375351+00:00
CUR_BI885,Curitiba,4106902,1,,272,,,-25.371993,-49.246203,,False,7,2,2023-06-19T19:36:47.375351+00:00
CUR_BI875,Curitiba,4106902,1,,272,,,-25.417733,-49.26527,,False,7,1,2023-06-19T19:36:47.375351+00:00
CUR_BI884,Curitiba,4106902,1,,184,,,-25.394578,-49.242608,,False,7,1,2023-06-19T19:36:47.375351+00:00
CUR_BI011,Curitiba,4106902,1,,236,,,-25.354701,-49.24696,,False,1,1,2023-06-19T19:36:47.375351+00:00
CUR_BI003,Curitiba,4106902,1,,374,,,-25.394401,-49.240266,,False,1,2,2023-06-19T19:36:47.375351+00:00
CUR_GI047,Curitiba,4106902,1,,528,,,-25.517086,-49.29561,,False,1,2,2023-06-19T19:37:47.375351+00:00
CUR_EA012,Curitiba,4106902,1,,528,,,-25.517521,-49.230531,,False,1,1,2023-06-19T19:36:47.375351+00:00
CUR_EA601,Curitiba,4106902,1,,528,,,-25.476626,-49.251003,,False,4,1,2023-06-19T19:36:47.375351+00:00
CUR_EA602,Curitiba,4106902,1,,528,,,-25.467376,-49.255888,,False,4,1,2023-06-19T19:37:47.375351+00:00
CUR_EA698,Curitiba,4106902,1,,528,,,-25.467385,-49.255913,,False,4,1,2023-06-19T19:37:47.375351+00:00
CUR_EA699,Curitiba,4106902,1,,528,,,-25.467398,-49.255938,,False,4,2,2023-06-19T19:37:47.375351+00:00
CUR_GA600,Curitiba,4106902,1,,528,,,-25.548971,-49.291431,,False,4,1,2023-06-19T19:36:47.375351+00:00
CUR_GI601,Curitiba,4106902,1,,528,,,-25.518195,-49.292395,,False,4,2,2023-06-19T19:36:47.375351+00:00
CUR_HI008,Curitiba,4106902,1,,828,,,-25.484686,-49.32124,,False,1,2,2023-06-19T19:36:47.375351+00:00
CUR_JI020,Curitiba,4106902,1,,828,,,-25.46126,-49.325483,,False,1,1,2023-06-19T19:37:47.375351+00:00
CUR_HI046,Curitiba,4106902,1,,828,,,-25.53883,-49.307868,,False,1,2,2023-06-19T19:35:47.375351+00:00
CUR_HA192,Curitiba,4106902,1,,828,,,-25.539213,-49.307875,,False,1,1,2023-06-19T19:36:47.375351+00:00
CUR_HA011,Curitiba,4106902,1,,828,,,-25.492616,-49.30708,,False,1,2,2023-06-19T19:37:47.375351+00:00
CUR_HA126,Curitiba,4106902,1,,828,,,-25.460735,-49.342116,,False,1,1,2023-06-19T19:36:47.375351+00:00
CUR_HA017,Curitiba,4106902,1,,828,,,-25.457255,-49.347356,,False,1,2,2023-06-19T19:37:47.375351+00:00
CUR_BI882,Curitiba,4106902,1,Auto Viação São José,213,https://moovitapp.com/index/pt-br/transporte_p%C3%BAblico-line-213_PIT_PRA%C3%87A_DA_JUVENTUDE_CRISTAL_BLANCO_POMBO_HOR%C3%81RIO-Curitiba-942-857412-119631272-0,-1.0,-25.390791,-49.22073,,False,7,1,2023-06-19T19:36:47.375351+00:00
CUR_BI879,Curitiba,4106902,1,Auto Viação São José,213,https://moovitapp.com/index/pt-br/transporte_p%C3%BAblico-line-213_PIT_PRA%C3%87A_DA_JUVENTUDE_CRISTAL_BLANCO_POMBO_HOR%C3%81RIO-Curitiba-942-857412-119631272-0,-1.0,-25.395258,-49.242378,,False,7,1,2023-06-19T19:36:47.375351+00:00
CUR_GI039,Curitiba,4106902,1,,633,,,-25.520343,-49.29545,,False,1,1,2023-06-19T19:37:47.375351+00:00
CUR_GC018,Curitiba,4106902,1,,633,,,-25.526248,-49.289496,,False,1,2,2023-06-19T19:37:47.375351+00:00
CUR_GI038,Curitiba,4106902,1,,633,,,-25.531615,-49.275496,,False,1,1,2023-06-19T19:37:47.375351+00:00
CUR_KA602,Curitiba,4106902,1,,545,,,-25.524095,-49.245411,,False,4,2,2023-06-19T19:37:47.375351+00:00
CUR_KA600,Curitiba,4106902,1,,545,,,-25.53435,-49.268168,,False,4,1,2023-06-19T19:37:47.375351+00:00
CUR_KA601,Curitiba,4106902,1,,545,,,-25.478225,-49.325645,,False,4,2,2023-06-19T19:37:47.375351+00:00
CUR_GI600,Curitiba,4106902,1,,545,,,-25.539115,-49.302121,,False,4,2,2023-06-19T19:37:47.375351+00:00
CUR_KA692,Curitiba,4106902,1,,545,,,-25.468801,-49.255105,,False,4,2,2023-06-19T19:37:47.375351+00:00
CUR_JI600,Curitiba,4106902,1,,545,,,-25.528825,-49.328165,,False,4,1,2023-06-19T19:37:47.375351+00:00
CUR_GI603,Curitiba,4106902,1,,545,,,-25.548568,-49.291613,,False,4,2,2023-06-19T19:37:47.375351+00:00
CUR_JI602,Curitiba,4106902,1,,545,,,-25.479418,-49.324885,,False,4,1,2023-06-19T19:37:47.375351+00:00
CUR_BL605,Curitiba,4106902,0,URBS,022,https://moovitapp.com/index/pt-br/transporte_p%C3%BAblico-line-022_INTER_2_HOR%C3%81RIO-Curitiba-942-9628-381388-0,-1.0,-25.406813,-49.252326,,False,4,,2023-06-19T19:36:47.375351+00:00
CUR_CL601,Curitiba,4106902,0,URBS,022,https://moovitapp.com/index/pt-br/transporte_p%C3%BAblico-line-022_INTER_2_HOR%C3%81RIO-Curitiba-942-9628-381388-0,-1.0,-25.493996,-49.263446,,False,4,,2023-06-19T19:37:47.375351+00:00
CUR_BL311,Curitiba,4106902,0,URBS,022,https://moovitapp.com/index/pt-br/transporte_p%C3%BAblico-line-022_INTER_2_HOR%C3%81RIO-Curitiba-942-9628-381388-0,-1.0,-25.418295,-49.268566,,False,3,,2023-06-19T19:36:47.375351+00:00
CUR_CL602,Curitiba,4106902,0,URBS,022,https://moovitapp.com/index/pt-br/transporte_p%C3%BAblico-line-022_INTER_2_HOR%C3%81RIO-Curitiba-942-9628-381388-0,-1.0,-25.439788,-49.222465,,False,4,,2023-06-19T19:36:47.375351+00:00
CUR_CL698,Curitiba,4106902,0,URBS,022,https://moovitapp.com/index/pt-br/transporte_p%C3%BAblico-line-022_INTER_2_HOR%C3%81RIO-Curitiba-942-9628-381388-0,-1.0,-25.431601,-49.29288,,False,4,,2023-06-19T19:35:47.375351+00:00
CUR_HL494,Curitiba,4106902,1,URBS,022,https://moovitapp.com/index/pt-br/transporte_p%C3%BAblico-line-022_INTER_2_HOR%C3%81RIO-Curitiba-942-9628-381388-0,-1.0,-25.44544,-49.223568,,False,3,,2023-06-19T19:36:47.375351+00:00
CUR_EL601,Curitiba,4106902,0,URBS,022,https://moovitapp.com/index/pt-br/transporte_p%C3%BAblico-line-022_INTER_2_HOR%C3%81RIO-Curitiba-942-9628-381388-0,-1.0,-25.468376,-49.255896,,False,4,,2023-06-19T19:37:47.375351+00:00
CUR_DR805,Curitiba,4106902,0,URBS,022,https://moovitapp.com/index/pt-br/transporte_p%C3%BAblico-line-022_INTER_2_HOR%C3%81RIO-Curitiba-942-9628-381388-0,-1.0,-25.468186,-49.254736,,False,4,,2023-06-19T19:37:47.375351+00:00
CUR_DL306,Curitiba,4106902,0,URBS,305,https://moovitapp.com/index/pt-br/transporte_p%C3%BAblico-line-305_CENTEN%C3%81RIO-Curitiba-942-9628-294271-0,-1.0,-25.468825,-49.255823,,False,3,,2023-06-19T19:35:47.375351+00:00
CUR_EL075,Curitiba,4106902,0,URBS,022,https://moovitapp.com/index/pt-br/transporte_p%C3%BAblico-line-022_INTER_2_HOR%C3%81RIO-Curitiba-942-9628-381388-0,-1.0,-25.467511,-49.256206,,False,3,,2023-06-19T19:36:47.375351+00:00
CUR_DL309,Curitiba,4106902,0,URBS,022,https://moovitapp.com/index/pt-br/transporte_p%C3%BAblico-line-022_INTER_2_HOR%C3%81RIO-Curitiba-942-9628-381388-0,-1.0,-25.467788,-49.255876,,False,3,,2023-06-19T19:37:47.375351+00:00
CUR_HL699,Curitiba,4106902,0,URBS,022,https://moovitapp.com/index/pt-br/transporte_p%C3%BAblico-line-022_INTER_2_HOR%C3%81RIO-Curitiba-942-9628-381388-0,-1.0,-25.499231,-49.3421,,False,4,,2023-06-19T19:36:47.375351+00:00
CUR_EL600,Curitiba,4106902,0,URBS,022,https://moovitapp.com/index/pt-br/transporte_p%C3%BAblico-line-022_INTER_2_HOR%C3%81RIO-Curitiba-942-9628-381388-0,-1.0,-25.468306,-49.255833,,False,4,,2023-06-19T19:37:47.375351+00:00
CUR_DL311,Curitiba,4106902,0,URBS,022,https://moovitapp.com/index/pt-br/transporte_p%C3%BAblico-line-022_INTER_2_HOR%C3%81RIO-Curitiba-942-9628-381388-0,-1.0,-25.467645,-49.254861,,False,3,,2023-06-19T19:37:47.375351+00:00
CUR_DL301,Curitiba,4106902,0,URBS,022,https://moovitapp.com/index/pt-br/transporte_p%C3%BAblico-line-022_INTER_2_HOR%C3%81RIO-Curitiba-942-9628-381388-0,-1.0,-25.46764,-49.254936,,False,3,,2023-06-19T19:37:47.375351+00:00
CUR_GL601,Curitiba,4106902,0,URBS,022,https://moovitapp.com/index/pt-br/transporte_p%C3%BAblico-line-022_INTER_2_HOR%C3%81RIO-Curitiba-942-9628-381388-0,-1.0,-25.548531,-49.29161,,False,4,,2023-06-19T19:37:47.375351+00:00
CUR_BL600,Curitiba,4106902,0,URBS,022,https://moovitapp.com/index/pt-br/transporte_p%C3%BAblico-line-022_INTER_2_HOR%C3%81RIO-Curitiba-942-9628-381388-0,-1.0,-25.442861,-49.305123,,False,4,,2023-06-19T19:36:47.375351+00:00
CUR_JL305,Curitiba,4106902,0,URBS,022,https://moovitapp.com/index/pt-br/transporte_p%C3%BAblico-line-022_INTER_2_HOR%C3%81RIO-Curitiba-942-9628-381388-0,-1.0,-25.448611,-49.366068,,False,3,,2023-06-19T19:36:47.375351+00:00
CUR_JL310,Curitiba,4106902,0,URBS,304,https://moovitapp.com/index/pt-br/transporte_p%C3%BAblico-line-304_PINHAIS_CAMPO_COMPRIDO-Curitiba-942-9628-133282995-0,-1.0,-25.431341,-49.27912,,False,3,,2023-06-19T19:31:47.375351+00:00
CUR_BL607,Curitiba,4106902,0,URBS,022,https://moovitapp.com/index/pt-br/transporte_p%C3%BAblico-line-022_INTER_2_HOR%C3%81RIO-Curitiba-942-9628-381388-0,-1.0,-25.490935,-49.29386,,False,4,,2023-06-19T19:36:47.375351+00:00
CUR_BL601,Curitiba,4106902,0,URBS,022,https://moovitapp.com/index/pt-br/transporte_p%C3%BAblico-line-022_INTER_2_HOR%C3%81RIO-Curitiba-942-9628-381388-0,-1.0,-25.477708,-49.242918,,False,4,,2023-06-19T19:36:47.375351+00:00
CUR_BL602,Curitiba,4106902,0,URBS,022,https://moovitapp.com/index/pt-br/transporte_p%C3%BAblico-line-022_INTER_2_HOR%C3%81RIO-Curitiba-942-9628-381388-0,-1.0,-25.415283,-49.280745,,False,4,,2023-06-19T19:36:47.375351+00:00
CUR_BL300,Curitiba,4106902,0,URBS,022,https://moovitapp.com/index/pt-br/transporte_p%C3%BAblico-line-022_INTER_2_HOR%C3%81RIO-Curitiba-942-9628-381388-0,-1.0,-25.413968,-49.281718,,False,3,,2023-06-19T19:35:47.375351+00:00
CUR_BL334,Curitiba,4106902,0,URBS,022,https://moovitapp.com/index/pt-br/transporte_p%C3%BAblico-line-022_INTER_2_HOR%C3%81RIO-Curitiba-942-9628-381388-0,-1.0,-25.416981,-49.277148,,False,3,,2023-06-19T19:36:47.375351+00:00
CUR_BL610,Curitiba,4106902,0,URBS,022,https://moovitapp.com/index/pt-br/transporte_p%C3%BAblico-line-022_INTER_2_HOR%C3%81RIO-Curitiba-942-9628-381388-0,-1.0,-25.414658,-49.281201,,False,4,,2023-06-19T19:34:47.375351+00:00
CUR_ML309,Curitiba,4106902,0,URBS,022,https://moovitapp.com/index/pt-br/transporte_p%C3%BAblico-line-022_INTER_2_HOR%C3%81RIO-Curitiba-942-9628-381388-0,-1.0,-25.428501,-49.22855,,False,3,,2023-06-19T19:37:47.375351+00:00
CUR_JA037,Curitiba,4106902,1,,860,,,-25.464088,-49.340066,,False,1,1,2023-06-19T19:37:47.375351+00:00
CUR_JI018,Curitiba,4106902,1,,860,,,-25.444363,-49.29136,,False,1,1,2023-06-19T19:37:47.375351+00:00
CUR_JC011,Curitiba,4106902,1,,860,,,-25.449483,-49.366751,,False,1,1,2023-06-19T19:37:47.375351+00:00
CUR_JA036,Curitiba,4106902,1,,860,,,-25.44463,-49.288796,,False,1,2,2023-06-19T19:37:47.375351+00:00
CUR_JA021,Curitiba,4106902,1,,860,,,-25.448801,-49.334691,,False,1,2,2023-06-19T19:37:47.375351+00:00
CUR_BC301,Curitiba,4106902,1,,205,,,-25.414801,-49.258978,,False,3,2,2023-06-19T19:36:47.375351+00:00
CUR_BC307,Curitiba,4106902,1,,205,,,-25.390213,-49.260546,,False,3,1,2023-06-19T19:36:47.375351+00:00
CUR_BC280,Curitiba,4106902,1,,205,,,-25.389383,-49.26068,,False,1,1,2023-06-19T19:36:47.375351+00:00
CUR_BI300,Curitiba,4106902,1,,205,,,-25.413966,-49.258221,,False,3,2,2023-06-19T19:36:47.375351+00:00
CUR_GI027,Curitiba,4106902,1,,631,,,-25.50999,-49.288453,,False,1,,2023-06-19T19:37:47.375351+00:00
CUR_GA002,Curitiba,4106902,1,,631,,,-25.548155,-49.291923,,False,1,,2023-06-19T19:36:47.375351+00:00
CUR_BI857,Curitiba,4106902,1,,311,,,-25.437591,-49.218703,,False,7,1,2023-06-19T19:36:47.375351+00:00
CUR_EI002,Curitiba,4106902,1,,523,,,-25.504335,-49.228945,,False,1,2,2023-06-19T19:37:47.375351+00:00
CUR_HI027,Curitiba,4106902,1,,630,,,-25.544401,-49.30425,,False,1,1,2023-06-19T19:36:47.375351+00:00
CUR_HI032,Curitiba,4106902,1,,630,,,-25.540368,-49.308226,,False,1,1,2023-06-19T19:37:47.375351+00:00
CUR_HI043,Curitiba,4106902,1,,630,,,-25.546615,-49.341041,,False,1,1,2023-06-19T19:37:47.375351+00:00
CUR_HA196,Curitiba,4106902,1,,630,,,-25.53611,-49.301415,,False,1,2,2023-06-19T19:37:47.375351+00:00
CUR_BB308,Curitiba,4106902,1,,011,,,-25.443526,-49.255351,,False,10,,2023-06-19T19:36:47.375351+00:00
CUR_BB305,Curitiba,4106902,1,,011,,,-25.42247,-49.283645,,False,10,,2023-06-19T19:36:47.375351+00:00
CUR_BB309,Curitiba,4106902,1,,011,,,-25.41487,-49.280951,,False,10,,2023-06-19T19:36:47.375351+00:00
CUR_CC302,Curitiba,4106902,1,,380,,,-25.42806,-49.23257,,False,10,1,2023-06-19T19:36:47.375351+00:00
CUR_CC301,Curitiba,4106902,1,,380,,,-25.382223,-49.186053,,False,10,2,2023-06-19T19:37:47.375351+00:00
CUR_HC304,Curitiba,4106902,1,,380,,,-25.440031,-49.293971,,False,10,2,2023-06-19T19:36:47.375351+00:00
CUR_CI006,Curitiba,4106902,1,,380,,,-25.427313,-49.254733,,False,1,2,2023-06-19T19:37:47.375351+00:00
CUR_CC297,Curitiba,4106902,1,,380,,,-25.433621,-49.279453,,False,1,1,2023-06-19T19:37:47.375351+00:00
CUR_BI005,Curitiba,4106902,1,,374,,,-25.40883,-49.212865,,False,1,2,2023-06-19T19:37:47.375351+00:00
CUR_BI001,Curitiba,4106902,1,,374,,,-25.41687,-49.253696,,False,1,1,2023-06-19T19:35:47.375351+00:00
CUR_BI029,Curitiba,4106902,1,,827,,,-25.433543,-49.371863,,False,1,2,2023-06-19T19:37:47.375351+00:00
CUR_DA292,Curitiba,4106902,1,,513,,,-25.502738,-49.256805,,False,1,2,2023-06-19T19:37:47.375351+00:00
CUR_DC085,Curitiba,4106902,1,,513,,,-25.468183,-49.255171,,False,1,1,2023-06-19T19:37:47.375351+00:00
CUR_GC006,Curitiba,4106902,1,,624,,,-25.497726,-49.294028,,False,1,2,2023-06-19T19:36:47.375351+00:00
CUR_GI013,Curitiba,4106902,1,,625,,,-25.49832,-49.29454,,False,1,2,2023-06-19T19:36:47.375351+00:00
CUR_GC010,Curitiba,4106902,1,,665,,,-25.53861,-49.271928,,False,1,2,2023-06-19T19:37:47.375351+00:00
CUR_BL317,Curitiba,4106902,0,URBS,505,https://moovitapp.com/index/pt-br/transporte_p%C3%BAblico-line-505_BOQUEIR%C3%83O_CENTRO_C%C3%8DVICO-Curitiba-942-9628-531685-0,-1.0,-25.448738,-49.258048,,False,3,2,2023-06-19T19:36:47.375351+00:00
CUR_EL320,Curitiba,4106902,1,URBS,505,https://moovitapp.com/index/pt-br/transporte_p%C3%BAblico-line-505_BOQUEIR%C3%83O_CENTRO_C%C3%8DVICO-Curitiba-942-9628-531685-0,-1.0,-25.469438,-49.251835,,False,3,1,2023-06-19T19:37:47.375351+00:00
CUR_EL321,Curitiba,4106902,1,URBS,505,https://moovitapp.com/index/pt-br/transporte_p%C3%BAblico-line-505_BOQUEIR%C3%83O_CENTRO_C%C3%8DVICO-Curitiba-942-9628-531685-0,-1.0,-25.515508,-49.230688,,False,3,1,2023-06-19T19:37:47.375351+00:00
CUR_EL331,Curitiba,4106902,1,URBS,505,https://moovitapp.com/index/pt-br/transporte_p%C3%BAblico-line-505_BOQUEIR%C3%83O_CENTRO_C%C3%8DVICO-Curitiba-942-9628-531685-0,-1.0,-25.411036,-49.266031,,False,3,2,2023-06-19T19:37:47.375351+00:00
CUR_EL306,Curitiba,4106902,0,URBS,505,https://moovitapp.com/index/pt-br/transporte_p%C3%BAblico-line-505_BOQUEIR%C3%83O_CENTRO_C%C3%8DVICO-Curitiba-942-9628-531685-0,-1.0,-25.426878,-49.265138,,False,3,1,2023-06-19T19:37:47.375351+00:00
CUR_BL310,Curitiba,4106902,0,URBS,505,https://moovitapp.com/index/pt-br/transporte_p%C3%BAblico-line-505_BOQUEIR%C3%83O_CENTRO_C%C3%8DVICO-Curitiba-942-9628-531685-0,-1.0,-25.414968,-49.280896,,False,3,2,2023-06-19T19:36:47.375351+00:00
CUR_EL317,Curitiba,4106902,0,URBS,505,https://moovitapp.com/index/pt-br/transporte_p%C3%BAblico-line-505_BOQUEIR%C3%83O_CENTRO_C%C3%8DVICO-Curitiba-942-9628-531685-0,-1.0,-25.487895,-49.244206,,False,3,2,2023-06-19T19:37:47.375351+00:00
CUR_EL322,Curitiba,4106902,1,URBS,505,https://moovitapp.com/index/pt-br/transporte_p%C3%BAblico-line-505_BOQUEIR%C3%83O_CENTRO_C%C3%8DVICO-Curitiba-942-9628-531685-0,-1.0,-25.467378,-49.255525,,False,3,2,2023-06-19T19:37:47.375351+00:00
CUR_BL338,Curitiba,4106902,0,URBS,505,https://moovitapp.com/index/pt-br/transporte_p%C3%BAblico-line-505_BOQUEIR%C3%83O_CENTRO_C%C3%8DVICO-Curitiba-942-9628-531685-0,-1.0,-25.414651,-49.280768,,False,3,1,2023-06-19T19:36:47.375351+00:00
CUR_BL302,Curitiba,4106902,0,URBS,505,https://moovitapp.com/index/pt-br/transporte_p%C3%BAblico-line-505_BOQUEIR%C3%83O_CENTRO_C%C3%8DVICO-Curitiba-942-9628-531685-0,-1.0,-25.502088,-49.237313,,False,3,1,2023-06-19T19:37:47.375351+00:00
CUR_BL333,Curitiba,4106902,0,URBS,505,https://moovitapp.com/index/pt-br/transporte_p%C3%BAblico-line-505_BOQUEIR%C3%83O_CENTRO_C%C3%8DVICO-Curitiba-942-9628-531685-0,-1.0,-25.4153,-49.280746,,False,3,2,2023-06-19T19:36:47.375351+00:00
CUR_BL322,Curitiba,4106902,0,URBS,505,https://moovitapp.com/index/pt-br/transporte_p%C3%BAblico-line-505_BOQUEIR%C3%83O_CENTRO_C%C3%8DVICO-Curitiba-942-9628-531685-0,-1.0,-25.415281,-49.28105,,False,3,2,2023-06-19T19:36:47.375351+00:00
CUR_EL325,Curitiba,4106902,1,URBS,505,https://moovitapp.com/index/pt-br/transporte_p%C3%BAblico-line-505_BOQUEIR%C3%83O_CENTRO_C%C3%8DVICO-Curitiba-942-9628-531685-0,-1.0,-25.456763,-49.259428,,False,3,2,2023-06-19T19:37:47.375351+00:00
CUR_BL337,Curitiba,4106902,0,URBS,505,https://moovitapp.com/index/pt-br/transporte_p%C3%BAblico-line-505_BOQUEIR%C3%83O_CENTRO_C%C3%8DVICO-Curitiba-942-9628-531685-0,-1.0,-25.447401,-49.258463,,False,3,2,2023-06-19T19:36:47.375351+00:00
CUR_BL320,Curitiba,4106902,0,URBS,505,https://moovitapp.com/index/pt-br/transporte_p%C3%BAblico-line-505_BOQUEIR%C3%83O_CENTRO_C%C3%8DVICO-Curitiba-942-9628-531685-0,-1.0,-25.4204,-49.269288,,False,3,2,2023-06-19T19:36:47.375351+00:00
CUR_EL330,Curitiba,4106902,1,URBS,505,https://moovitapp.com/index/pt-br/transporte_p%C3%BAblico-line-505_BOQUEIR%C3%83O_CENTRO_C%C3%8DVICO-Curitiba-942-9628-531685-0,-1.0,-25.409241,-49.26514,,False,3,2,2023-06-19T19:37:47.375351+00:00
CUR_HC300,Curitiba,4106902,1,,863,,,-25.469688,-49.28789,,False,10,1,2023-06-19T19:36:47.375351+00:00
CUR_HC011,Curitiba,4106902,1,,863,,,-25.428206,-49.271688,,False,1,2,2023-06-19T19:36:47.375351+00:00
CUR_BA002,Curitiba,4106902,1,,375,,,-25.42551,-49.259821,,False,1,2,2023-06-19T19:37:47.375351+00:00
CUR_BC018,Curitiba,4106902,1,,375,,,-25.415688,-49.28115,,False,1,2,2023-06-19T19:36:47.375351+00:00
CUR_EA021,Curitiba,4106902,1,,521,,,-25.503561,-49.248975,,False,1,2,2023-06-19T19:37:47.375351+00:00
CUR_MI853,Curitiba,4106902,1,,967,,,-25.399195,-49.298938,,False,7,2,2023-06-19T19:37:47.375351+00:00
CUR_MA949,Curitiba,4106902,1,,967,,,-25.428308,-49.272483,,False,7,1,2023-06-19T19:37:47.375351+00:00
CUR_HI613,Curitiba,4106902,1,,684,,,-25.592663,-49.332373,,False,4,1,2023-06-19T19:37:47.375351+00:00
CUR_HA132,Curitiba,4106902,1,,623,,,-25.492146,-49.293323,,False,1,1,2023-06-19T19:35:47.375351+00:00
CUR_HA619,Curitiba,4106902,1,,684,,,-25.512846,-49.295213,,False,4,1,2023-06-19T19:37:47.375351+00:00
CUR_HA613,Curitiba,4106902,1,,684,,,-25.514391,-49.295685,,False,4,2,2023-06-19T19:37:47.375351+00:00
CUR_HA604,Curitiba,4106902,1,,684,,,-25.540193,-49.308296,,False,4,1,2023-06-19T19:36:47.375351+00:00
CUR_HA618,Curitiba,4106902,1,,684,,,-25.522058,-49.29456,,False,4,1,2023-06-19T19:37:47.375351+00:00
CUR_HI611,Curitiba,4106902,1,,684,,,-25.561071,-49.308038,,False,4,2,2023-06-19T19:36:47.375351+00:00
CUR_HR407,Curitiba,4106902,1,,X37,,,-25.53669,-49.313908,,False,4,1,2023-06-19T19:30:47.375351+00:00
CUR_HA600,Curitiba,4106902,1,,684,,,-25.586,-49.334851,,False,4,1,2023-06-19T19:37:47.375351+00:00
CUR_HA615,Curitiba,4106902,1,,684,,,-25.512966,-49.295281,,False,4,2,2023-06-19T19:36:47.375351+00:00
CUR_HA610,Curitiba,4106902,1,,685,,,-25.512421,-49.294706,,False,4,2,2023-06-19T19:36:47.375351+00:00
CUR_HA602,Curitiba,4106902,1,,X37,,,-25.512163,-49.294701,,False,4,1,2023-06-19T19:36:47.375351+00:00
CUR_BI891,Curitiba,4106902,1,,244,,,-25.373095,-49.251303,,False,7,2,2023-06-19T19:29:47.375351+00:00
CUR_CL303,Curitiba,4106902,0,URBS,307,https://moovitapp.com/index/pt-br/transporte_p%C3%BAblico-line-307_BAIRRO_ALTO_SANTA_FELICIDADE-Curitiba-942-9628-1323712-0,-1.0,-25.42916,-49.271605,,False,3,2,2023-06-19T19:37:47.375351+00:00
CUR_ML308,Curitiba,4106902,0,URBS,307,https://moovitapp.com/index/pt-br/transporte_p%C3%BAblico-line-307_BAIRRO_ALTO_SANTA_FELICIDADE-Curitiba-942-9628-1323712-0,-1.0,-25.430826,-49.20389,,False,3,1,2023-06-19T19:37:47.375351+00:00
CUR_CL039,Curitiba,4106902,0,URBS,307,https://moovitapp.com/index/pt-br/transporte_p%C3%BAblico-line-307_BAIRRO_ALTO_SANTA_FELICIDADE-Curitiba-942-9628-1323712-0,-1.0,-25.430516,-49.281056,,False,3,2,2023-06-19T19:34:47.375351+00:00
CUR_CL306,Curitiba,4106902,0,URBS,307,https://moovitapp.com/index/pt-br/transporte_p%C3%BAblico-line-307_BAIRRO_ALTO_SANTA_FELICIDADE-Curitiba-942-9628-1323712-0,-1.0,-25.401286,-49.32972,,False,3,2,2023-06-19T19:37:47.375351+00:00
CUR_ML307,Curitiba,4106902,0,URBS,307,https://moovitapp.com/index/pt-br/transporte_p%C3%BAblico-line-307_BAIRRO_ALTO_SANTA_FELICIDADE-Curitiba-942-9628-1323712-0,-1.0,-25.416143,-49.204561,,False,3,1,2023-06-19T19:37:47.375351+00:00
CUR_BL328,Curitiba,4106902,0,URBS,307,https://moovitapp.com/index/pt-br/transporte_p%C3%BAblico-line-307_BAIRRO_ALTO_SANTA_FELICIDADE-Curitiba-942-9628-1323712-0,-1.0,-25.422371,-49.252848,,False,3,1,2023-06-19T19:36:47.375351+00:00
CUR_ML313,Curitiba,4106902,0,URBS,307,https://moovitapp.com/index/pt-br/transporte_p%C3%BAblico-line-307_BAIRRO_ALTO_SANTA_FELICIDADE-Curitiba-942-9628-1323712-0,-1.0,-25.428485,-49.204306,,False,3,2,2023-06-19T19:37:47.375351+00:00
CUR_ML302,Curitiba,4106902,0,URBS,902,https://moovitapp.com/index/pt-br/transporte_p%C3%BAblico-line-902_SANTA_FELICIDADE_PRA%C3%87A_TIRADENTES-Curitiba-942-9628-5597930-0,-1.0,-25.428178,-49.271858,,False,3,,2023-06-19T19:34:47.375351+00:00
CUR_BL325,Curitiba,4106902,0,URBS,307,https://moovitapp.com/index/pt-br/transporte_p%C3%BAblico-line-307_BAIRRO_ALTO_SANTA_FELICIDADE-Curitiba-942-9628-1323712-0,-1.0,-25.42765,-49.204381,,False,3,2,2023-06-19T19:37:47.375351+00:00
CUR_ML314,Curitiba,4106902,0,URBS,307,https://moovitapp.com/index/pt-br/transporte_p%C3%BAblico-line-307_BAIRRO_ALTO_SANTA_FELICIDADE-Curitiba-942-9628-1323712-0,-1.0,-25.428273,-49.284795,,False,3,1,2023-06-19T19:37:47.375351+00:00
CUR_EI016,Curitiba,4106902,1,,532,,,-25.521053,-49.23062,,False,1,2,2023-06-19T19:37:47.375351+00:00
CUR_EA023,Curitiba,4106902,1,,532,,,-25.468605,-49.255845,,False,1,2,2023-06-19T19:37:47.375351+00:00
CUR_EA016,Curitiba,4106902,1,,532,,,-25.515485,-49.230828,,False,1,2,2023-06-19T19:37:47.375351+00:00
CUR_EI012,Curitiba,4106902,1,,532,,,-25.518805,-49.23169,,False,1,1,2023-06-19T19:37:47.375351+00:00
CUR_HI025,Curitiba,4106902,1,,655,,,-25.512061,-49.294813,,False,1,2,2023-06-19T19:36:47.375351+00:00
CUR_HA005,Curitiba,4106902,1,,655,,,-25.55675,-49.33859,,False,1,1,2023-06-19T19:36:47.375351+00:00
CUR_BA034,Curitiba,4106902,1,,342,,,-25.388155,-49.210871,,False,1,1,2023-06-19T19:36:47.375351+00:00
CUR_BI010,Curitiba,4106902,1,,342,,,-25.388801,-49.201633,,False,1,1,2023-06-19T19:36:47.375351+00:00
CUR_BI012,Curitiba,4106902,1,,342,,,-25.394721,-49.24277,,False,1,1,2023-06-19T19:36:47.375351+00:00
CUR_BA029,Curitiba,4106902,1,,342,,,-25.393991,-49.203381,,False,1,2,2023-06-19T19:35:47.375351+00:00
CUR_BI018,Curitiba,4106902,1,,232,,,-25.377431,-49.224693,,False,1,2,2023-06-19T19:36:47.375351+00:00
CUR_BI017,Curitiba,4106902,1,,232,,,-25.364898,-49.227705,,False,1,1,2023-06-19T19:37:47.375351+00:00
CUR_BI006,Curitiba,4106902,1,,232,,,-25.394838,-49.242685,,False,1,1,2023-06-19T19:35:47.375351+00:00
CUR_BA028,Curitiba,4106902,1,,924,,,-25.376963,-49.224668,,False,1,1,2023-06-19T19:33:47.375351+00:00
CUR_DA296,Curitiba,4106902,1,,332,,,-25.468876,-49.208161,,False,1,,2023-06-19T19:37:47.375351+00:00
CUR_EA077,Curitiba,4106902,1,,332,,,-25.457515,-49.22256,,False,1,,2023-06-19T19:37:47.375351+00:00
CUR_DA298,Curitiba,4106902,1,,335,,,-25.497401,-49.217511,,False,1,1,2023-06-19T19:37:47.375351+00:00
CUR_HI001,Curitiba,4106902,1,,628,,,-25.539028,-49.313131,,False,1,2,2023-06-19T19:36:47.375351+00:00
CUR_HI034,Curitiba,4106902,1,,628,,,-25.505623,-49.32103,,False,1,1,2023-06-19T19:37:47.375351+00:00
CUR_HI002,Curitiba,4106902,1,,628,,,-25.538966,-49.31308,,False,1,1,2023-06-19T19:36:47.375351+00:00
CUR_HI044,Curitiba,4106902,1,,628,,,-25.539728,-49.308221,,False,1,2,2023-06-19T19:36:47.375351+00:00
CUR_HI011,Curitiba,4106902,1,,628,,,-25.497606,-49.304608,,False,1,2,2023-06-19T19:36:47.375351+00:00
CUR_JL320,Curitiba,4106902,1,URBS,702,https://moovitapp.com/index/pt-br/transporte_p%C3%BAblico-line-702_CAIU%C3%81_CACHOEIRA-Curitiba-942-9628-133282980-0,-1.0,-25.445871,-49.278956,,False,3,2,2023-06-19T19:36:47.375351+00:00
CUR_JL303,Curitiba,4106902,0,URBS,702,https://moovitapp.com/index/pt-br/transporte_p%C3%BAblico-line-702_CAIU%C3%81_CACHOEIRA-Curitiba-942-9628-133282980-0,-1.0,-25.39119,-49.258168,,False,3,2,2023-06-19T19:36:47.375351+00:00
CUR_JL322,Curitiba,4106902,1,URBS,702,https://moovitapp.com/index/pt-br/transporte_p%C3%BAblico-line-702_CAIU%C3%81_CACHOEIRA-Curitiba-942-9628-133282980-0,-1.0,-25.481881,-49.342851,,False,3,1,2023-06-19T19:37:47.375351+00:00
CUR_JL311,Curitiba,4106902,0,URBS,702,https://moovitapp.com/index/pt-br/transporte_p%C3%BAblico-line-702_CAIU%C3%81_CACHOEIRA-Curitiba-942-9628-133282980-0,-1.0,-25.448636,-49.366128,,False,3,2,2023-06-19T19:37:47.375351+00:00
CUR_JL319,Curitiba,4106902,0,URBS,702,https://moovitapp.com/index/pt-br/transporte_p%C3%BAblico-line-702_CAIU%C3%81_CACHOEIRA-Curitiba-942-9628-133282980-0,-1.0,-25.427313,-49.268581,,False,3,1,2023-06-19T19:37:47.375351+00:00
CUR_JL302,Curitiba,4106902,0,URBS,702,https://moovitapp.com/index/pt-br/transporte_p%C3%BAblico-line-702_CAIU%C3%81_CACHOEIRA-Curitiba-942-9628-133282980-0,-1.0,-25.467153,-49.317045,,False,3,2,2023-06-19T19:37:47.375351+00:00
CUR_HI859,Curitiba,4106902,1,,865,,,-25.431421,-49.283095,,False,7,2,2023-06-19T19:36:47.375351+00:00
CUR_JL321,Curitiba,4106902,1,URBS,304,https://moovitapp.com/index/pt-br/transporte_p%C3%BAblico-line-304_PINHAIS_CAMPO_COMPRIDO-Curitiba-942-9628-133282995-0,-1.0,-25.42978,-49.282531,,False,3,2,2023-06-19T19:37:47.375351+00:00
CUR_DL300,Curitiba,4106902,0,URBS,304,https://moovitapp.com/index/pt-br/transporte_p%C3%BAblico-line-304_PINHAIS_CAMPO_COMPRIDO-Curitiba-942-9628-133282995-0,-1.0,-25.466803,-49.254193,,False,3,2,2023-06-19T19:37:47.375351+00:00
CUR_DL313,Curitiba,4106902,0,URBS,304,https://moovitapp.com/index/pt-br/transporte_p%C3%BAblico-line-304_PINHAIS_CAMPO_COMPRIDO-Curitiba-942-9628-133282995-0,-1.0,-25.467841,-49.254751,,False,3,1,2023-06-19T19:37:47.375351+00:00
CUR_DL307,Curitiba,4106902,0,URBS,304,https://moovitapp.com/index/pt-br/transporte_p%C3%BAblico-line-304_PINHAIS_CAMPO_COMPRIDO-Curitiba-942-9628-133282995-0,-1.0,-25.429331,-49.27198,,False,3,1,2023-06-19T19:37:47.375351+00:00
CUR_DL304,Curitiba,4106902,0,URBS,304,https://moovitapp.com/index/pt-br/transporte_p%C3%BAblico-line-304_PINHAIS_CAMPO_COMPRIDO-Curitiba-942-9628-133282995-0,-1.0,-25.467541,-49.255003,,False,3,2,2023-06-19T19:37:47.375351+00:00
CUR_HL330,Curitiba,4106902,1,URBS,304,https://moovitapp.com/index/pt-br/transporte_p%C3%BAblico-line-304_PINHAIS_CAMPO_COMPRIDO-Curitiba-942-9628-133282995-0,-1.0,-25.537583,-49.307086,,False,3,2,2023-06-19T19:36:47.375351+00:00
CUR_DL310,Curitiba,4106902,0,URBS,304,https://moovitapp.com/index/pt-br/transporte_p%C3%BAblico-line-304_PINHAIS_CAMPO_COMPRIDO-Curitiba-942-9628-133282995-0,-1.0,-25.44077,-49.181726,,False,3,2,2023-06-19T19:37:47.375351+00:00
CUR_JL307,Curitiba,4106902,0,URBS,304,https://moovitapp.com/index/pt-br/transporte_p%C3%BAblico-line-304_PINHAIS_CAMPO_COMPRIDO-Curitiba-942-9628-133282995-0,-1.0,-25.435598,-49.256818,,False,3,2,2023-06-19T19:37:47.375351+00:00
CUR_HL324,Curitiba,4106902,0,URBS,304,https://moovitapp.com/index/pt-br/transporte_p%C3%BAblico-line-304_PINHAIS_CAMPO_COMPRIDO-Curitiba-942-9628-133282995-0,-1.0,-25.53753,-49.306748,,False,3,1,2023-06-19T19:36:47.375351+00:00
CUR_HL313,Curitiba,4106902,0,URBS,304,https://moovitapp.com/index/pt-br/transporte_p%C3%BAblico-line-304_PINHAIS_CAMPO_COMPRIDO-Curitiba-942-9628-133282995-0,-1.0,-25.538893,-49.308293,,False,3,2,2023-06-19T19:36:47.375351+00:00
CUR_DL316,Curitiba,4106902,0,URBS,304,https://moovitapp.com/index/pt-br/transporte_p%C3%BAblico-line-304_PINHAIS_CAMPO_COMPRIDO-Curitiba-942-9628-133282995-0,-1.0,-25.441808,-49.347085,,False,3,1,2023-06-19T19:37:47.375351+00:00
CUR_JL323,Curitiba,4106902,1,URBS,304,https://moovitapp.com/index/pt-br/transporte_p%C3%BAblico-line-304_PINHAIS_CAMPO_COMPRIDO-Curitiba-942-9628-133282995-0,-1.0,-25.429703,-49.294678,,False,3,2,2023-06-19T19:37:47.375351+00:00
CUR_HL301,Curitiba,4106902,0,URBS,304,https://moovitapp.com/index/pt-br/transporte_p%C3%BAblico-line-304_PINHAIS_CAMPO_COMPRIDO-Curitiba-942-9628-133282995-0,-1.0,-25.428228,-49.271811,,False,3,2,2023-06-19T19:36:47.375351+00:00
CUR_DL303,Curitiba,4106902,0,URBS,304,https://moovitapp.com/index/pt-br/transporte_p%C3%BAblico-line-304_PINHAIS_CAMPO_COMPRIDO-Curitiba-942-9628-133282995-0,-1.0,-25.467776,-49.254815,,False,3,2,2023-06-19T19:37:47.375351+00:00
CUR_HL306,Curitiba,4106902,0,URBS,X32,https://moovitapp.com/index/pt-br/transporte_p%C3%BAblico-line-X32_CIC_CAP%C3%83O_RASO-Curitiba-942-9628-557282-0,-1.0,-25.429215,-49.271188,,False,3,1,2023-06-19T19:36:47.375351+00:00
CUR_DC852,Curitiba,4106902,1,,466,,,-25.425216,-49.269583,,False,7,1,2023-06-19T19:37:47.375351+00:00
CUR_BC023,Curitiba,4106902,1,,373,,,-25.42804,-49.232441,,False,1,1,2023-06-19T19:35:47.375351+00:00
CUR_GE727,Curitiba,4106902,0,URBS,550,https://moovitapp.com/index/pt-br/transporte_p%C3%BAblico-line-550_LIGEIR%C3%83O_PINHEIRINHO_CARLOS_GOMES-Curitiba-942-9628-1254061-0,-1.0,-25.458613,-49.258516,,False,5,1,2023-06-19T19:36:47.375351+00:00
CUR_GE711,Curitiba,4106902,0,URBS,550,https://moovitapp.com/index/pt-br/transporte_p%C3%BAblico-line-550_LIGEIR%C3%83O_PINHEIRINHO_CARLOS_GOMES-Curitiba-942-9628-1254061-0,-1.0,-25.470673,-49.255141,,False,5,1,2023-06-19T19:37:47.375351+00:00
CUR_GE724,Curitiba,4106902,0,URBS,550,https://moovitapp.com/index/pt-br/transporte_p%C3%BAblico-line-550_LIGEIR%C3%83O_PINHEIRINHO_CARLOS_GOMES-Curitiba-942-9628-1254061-0,-1.0,-25.46322,-49.25636,,False,5,2,2023-06-19T19:36:47.375351+00:00
CUR_HE708,Curitiba,4106902,0,URBS,550,https://moovitapp.com/index/pt-br/transporte_p%C3%BAblico-line-550_LIGEIR%C3%83O_PINHEIRINHO_CARLOS_GOMES-Curitiba-942-9628-1254061-0,-1.0,-25.437573,-49.267321,,False,5,2,2023-06-19T19:33:47.375351+00:00
CUR_HE712,Curitiba,4106902,0,URBS,550,https://moovitapp.com/index/pt-br/transporte_p%C3%BAblico-line-550_LIGEIR%C3%83O_PINHEIRINHO_CARLOS_GOMES-Curitiba-942-9628-1254061-0,-1.0,-25.441836,-49.26671,,False,5,2,2023-06-19T19:37:47.375351+00:00
CUR_HE719,Curitiba,4106902,0,URBS,550,https://moovitapp.com/index/pt-br/transporte_p%C3%BAblico-line-550_LIGEIR%C3%83O_PINHEIRINHO_CARLOS_GOMES-Curitiba-942-9628-1254061-0,-1.0,-25.474963,-49.258695,,False,5,2,2023-06-19T19:36:47.375351+00:00
CUR_GE721,Curitiba,4106902,0,URBS,550,https://moovitapp.com/index/pt-br/transporte_p%C3%BAblico-line-550_LIGEIR%C3%83O_PINHEIRINHO_CARLOS_GOMES-Curitiba-942-9628-1254061-0,-1.0,-25.549976,-49.290555,,False,5,2,2023-06-19T19:37:47.375351+00:00
CUR_GE730,Curitiba,4106902,0,URBS,X08,https://moovitapp.com/index/pt-br/transporte_p%C3%BAblico-line-X08_REFOR%C3%87O_PINHEIRINHO-Curitiba-942-9628-78902615-0,-1.0,-25.444038,-49.283475,,False,5,2,2023-06-19T19:32:47.375351+00:00
CUR_GE702,Curitiba,4106902,0,URBS,550,https://moovitapp.com/index/pt-br/transporte_p%C3%BAblico-line-550_LIGEIR%C3%83O_PINHEIRINHO_CARLOS_GOMES-Curitiba-942-9628-1254061-0,-1.0,-25.43398,-49.269218,,False,5,2,2023-06-19T19:37:47.375351+00:00
CUR_HE700,Curitiba,4106902,0,URBS,550,https://moovitapp.com/index/pt-br/transporte_p%C3%BAblico-line-550_LIGEIR%C3%83O_PINHEIRINHO_CARLOS_GOMES-Curitiba-942-9628-1254061-0,-1.0,-25.537781,-49.310723,,False,5,2,2023-06-19T19:36:47.375351+00:00
CUR_HE718,Curitiba,4106902,0,URBS,550,https://moovitapp.com/index/pt-br/transporte_p%C3%BAblico-line-550_LIGEIR%C3%83O_PINHEIRINHO_CARLOS_GOMES-Curitiba-942-9628-1254061-0,-1.0,-25.511853,-49.294388,,False,5,1,2023-06-19T19:36:47.375351+00:00
CUR_GE715,Curitiba,4106902,0,URBS,500,https://moovitapp.com/index/pt-br/transporte_p%C3%BAblico-line-500_LIGEIR%C3%83O_BOQUEIR%C3%83O-Curitiba-942-9628-294422-0,-1.0,-25.465563,-49.25508,,False,5,1,2023-06-19T19:37:47.375351+00:00
CUR_GE709,Curitiba,4106902,0,URBS,500,https://moovitapp.com/index/pt-br/transporte_p%C3%BAblico-line-500_LIGEIR%C3%83O_BOQUEIR%C3%83O-Curitiba-942-9628-294422-0,-1.0,-25.467175,-49.254048,,False,5,1,2023-06-19T19:37:47.375351+00:00
CUR_DC983,Curitiba,4106902,1,,323,,,-25.451893,-49.21189,,False,1,,2023-06-19T19:36:47.375351+00:00
CUR_EA075,Curitiba,4106902,1,,323,,,-25.468886,-49.255631,,False,1,,2023-06-19T19:37:47.375351+00:00
CUR_EA001,Curitiba,4106902,1,,323,,,-25.46875,-49.255728,,False,1,,2023-06-19T19:37:47.375351+00:00
CUR_JI023,Curitiba,4106902,1,,721,,,-25.50793,-49.354748,,False,1,1,2023-06-19T19:37:47.375351+00:00
CUR_GL308,Curitiba,4106902,0,URBS,506,https://moovitapp.com/index/pt-br/transporte_p%C3%BAblico-line-506_BAIRRO_NOVO-Curitiba-942-9628-294299-0,-1.0,-25.456833,-49.26754,,False,3,2,2023-06-19T19:36:47.375351+00:00
CUR_GL302,Curitiba,4106902,0,URBS,506,https://moovitapp.com/index/pt-br/transporte_p%C3%BAblico-line-506_BAIRRO_NOVO-Curitiba-942-9628-294299-0,-1.0,-25.534621,-49.2681,,False,3,1,2023-06-19T19:37:47.375351+00:00
CUR_EL315,Curitiba,4106902,0,URBS,506,https://moovitapp.com/index/pt-br/transporte_p%C3%BAblico-line-506_BAIRRO_NOVO-Curitiba-942-9628-294299-0,-1.0,-25.553178,-49.250918,,False,3,1,2023-06-19T19:37:47.375351+00:00
CUR_EL328,Curitiba,4106902,1,URBS,506,https://moovitapp.com/index/pt-br/transporte_p%C3%BAblico-line-506_BAIRRO_NOVO-Curitiba-942-9628-294299-0,-1.0,-25.531118,-49.26768,,False,3,2,2023-06-19T19:37:47.375351+00:00
CUR_EL327,Curitiba,4106902,1,URBS,506,https://moovitapp.com/index/pt-br/transporte_p%C3%BAblico-line-506_BAIRRO_NOVO-Curitiba-942-9628-294299-0,-1.0,-25.435688,-49.27426,,False,3,2,2023-06-19T19:37:47.375351+00:00
CUR_EL302,Curitiba,4106902,0,URBS,506,https://moovitapp.com/index/pt-br/transporte_p%C3%BAblico-line-506_BAIRRO_NOVO-Curitiba-942-9628-294299-0,-1.0,-25.465085,-49.264878,,False,3,1,2023-06-19T19:37:47.375351+00:00
CUR_EL329,Curitiba,4106902,1,URBS,506,https://moovitapp.com/index/pt-br/transporte_p%C3%BAblico-line-506_BAIRRO_NOVO-Curitiba-942-9628-294299-0,-1.0,-25.489756,-49.270451,,False,3,1,2023-06-19T19:37:47.375351+00:00
CUR_GL323,Curitiba,4106902,0,URBS,506,https://moovitapp.com/index/pt-br/transporte_p%C3%BAblico-line-506_BAIRRO_NOVO-Curitiba-942-9628-294299-0,-1.0,-25.549133,-49.290651,,False,3,2,2023-06-19T19:37:47.375351+00:00
CUR_GL325,Curitiba,4106902,0,URBS,506,https://moovitapp.com/index/pt-br/transporte_p%C3%BAblico-line-506_BAIRRO_NOVO-Curitiba-942-9628-294299-0,-1.0,-25.534611,-49.268561,,False,3,2,2023-06-19T19:37:47.375351+00:00
CUR_GL317,Curitiba,4106902,0,URBS,506,https://moovitapp.com/index/pt-br/transporte_p%C3%BAblico-line-506_BAIRRO_NOVO-Curitiba-942-9628-294299-0,-1.0,-25.45605,-49.264275,,False,3,2,2023-06-19T19:37:47.375351+00:00
CUR_GL081,Curitiba,4106902,0,URBS,508,https://moovitapp.com/index/pt-br/transporte_p%C3%BAblico-line-508_S%C3%8DTIO_CERCADO_ANTI_HOR%C3%81RIO-Curitiba-942-9628-294520-0,-1.0,-25.512223,-49.295733,,False,3,1,2023-06-19T19:34:47.375351+00:00
CUR_GL322,Curitiba,4106902,0,URBS,506,https://moovitapp.com/index/pt-br/transporte_p%C3%BAblico-line-506_BAIRRO_NOVO-Curitiba-942-9628-294299-0,-1.0,-25.456548,-49.268653,,False,3,1,2023-06-19T19:36:47.375351+00:00
CUR_EL307,Curitiba,4106902,0,URBS,506,https://moovitapp.com/index/pt-br/transporte_p%C3%BAblico-line-506_BAIRRO_NOVO-Curitiba-942-9628-294299-0,-1.0,-25.467643,-49.256546,,False,3,1,2023-06-19T19:37:47.375351+00:00
CUR_EL333,Curitiba,4106902,1,URBS,506,https://moovitapp.com/index/pt-br/transporte_p%C3%BAblico-line-506_BAIRRO_NOVO-Curitiba-942-9628-294299-0,-1.0,-25.483675,-49.265591,,False,3,2,2023-06-19T19:37:47.375351+00:00
CUR_GL315,Curitiba,4106902,0,URBS,506,https://moovitapp.com/index/pt-br/transporte_p%C3%BAblico-line-506_BAIRRO_NOVO-Curitiba-942-9628-294299-0,-1.0,-25.44436,-49.267488,,False,3,2,2023-06-19T19:36:47.375351+00:00
CUR_EL304,Curitiba,4106902,0,URBS,506,https://moovitapp.com/index/pt-br/transporte_p%C3%BAblico-line-506_BAIRRO_NOVO-Curitiba-942-9628-294299-0,-1.0,-25.451276,-49.266485,,False,3,2,2023-06-19T19:30:47.375351+00:00
CUR_BC001,Curitiba,4106902,1,,183,,,-25.406651,-49.27604,,False,1,1,2023-06-19T19:36:47.375351+00:00
CUR_BC002,Curitiba,4106902,1,,183,,,-25.39417,-49.242271,,False,1,1,2023-06-19T19:36:47.375351+00:00
CUR_HI860,Curitiba,4106902,1,,674,,,-25.506648,-49.324275,,False,7,2,2023-06-19T19:36:47.375351+00:00
CUR_HC851,Curitiba,4106902,1,,674,,,-25.53718,-49.306866,,False,7,1,2023-06-19T19:36:47.375351+00:00
CUR_HN616,Curitiba,4106902,1,,674,,,-25.439366,-49.273411,,False,7,2,2023-06-19T19:36:47.375351+00:00
CUR_BB303,Curitiba,4106902,1,,010,,,-25.416515,-49.280443,,False,10,,2023-06-19T19:37:47.375351+00:00
CUR_BB302,Curitiba,4106902,1,,010,,,-25.432763,-49.258571,,False,10,,2023-06-19T19:36:47.375351+00:00
CUR_GC015,Curitiba,4106902,1,,642,,,-25.550565,-49.292761,,False,1,2,2023-06-19T19:37:47.375351+00:00
CUR_GI049,Curitiba,4106902,1,,642,,,-25.55777,-49.271101,,False,1,2,2023-06-19T19:37:47.375351+00:00
CUR_EI013,Curitiba,4106902,1,,663,,,-25.462216,-49.275081,,False,1,2,2023-06-19T19:37:47.375351+00:00
CUR_EI018,Curitiba,4106902,1,,663,,,-25.478868,-49.281886,,False,1,1,2023-06-19T19:34:47.375351+00:00
CUR_EI001,Curitiba,4106902,1,,561,,,-25.487886,-49.277351,,False,1,1,2023-06-19T19:37:47.375351+00:00
CUR_EA020,Curitiba,4106902,1,,561,,,-25.435448,-49.273856,,False,1,2,2023-06-19T19:37:47.375351+00:00
CUR_BI022,Curitiba,4106902,1,,225,,,-25.390273,-49.24532,,False,1,1,2023-06-19T19:36:47.375351+00:00
CUR_BA035,Curitiba,4106902,1,,225,,,-25.394645,-49.24269,,False,1,2,2023-06-19T19:34:47.375351+00:00
CUR_CI004,Curitiba,4106902,1,,341,,,-25.392708,-49.203558,,False,1,1,2023-06-19T19:37:47.375351+00:00
CUR_CI003,Curitiba,4106902,1,,341,,,-25.385076,-49.204051,,False,1,2,2023-06-19T19:37:47.375351+00:00
CUR_BI024,Curitiba,4106902,1,,233,,,-25.3953,-49.242633,,False,1,2,2023-06-19T19:35:47.375351+00:00
CUR_DA019,Curitiba,4106902,0,,322,,,-25.467208,-49.255338,,False,1,2,2023-06-19T19:37:47.375351+00:00
CUR_DA011,Curitiba,4106902,1,,322,,,-25.453906,-49.213016,,False,1,2,2023-06-19T19:37:47.375351+00:00
CUR_DC851,Curitiba,4106902,1,,461,,,-25.463533,-49.226513,,False,7,1,2023-06-19T19:35:47.375351+00:00
CUR_DA850,Curitiba,4106902,1,,461,,,-25.467385,-49.255311,,False,7,1,2023-06-19T19:37:47.375351+00:00
CUR_KI600,Curitiba,4106902,1,,629,,,-25.53862,-49.241751,,False,4,1,2023-06-19T19:37:47.375351+00:00
CUR_KA605,Curitiba,4106902,1,,629,,,-25.515998,-49.25672,,False,4,2,2023-06-19T19:37:47.375351+00:00
CUR_KA689,Curitiba,4106902,1,,629,,,-25.469456,-49.254646,,False,4,1,2023-06-19T19:37:47.375351+00:00
CUR_KA693,Curitiba,4106902,1,,629,,,-25.49234,-49.290211,,False,4,2,2023-06-19T19:37:47.375351+00:00
CUR_KI601,Curitiba,4106902,1,,629,,,-25.495916,-49.277821,,False,4,1,2023-06-19T19:37:47.375351+00:00
CUR_GI008,Curitiba,4106902,1,,665,,,-25.438951,-49.272953,,False,1,2,2023-06-19T19:36:47.375351+00:00
CUR_GI850,Curitiba,4106902,1,,665,,,-25.51864,-49.272168,,False,7,1,2023-06-19T19:37:47.375351+00:00
CUR_BC006,Curitiba,4106902,1,,168,,,-25.379923,-49.314845,,False,1,1,2023-06-19T19:36:47.375351+00:00
CUR_BC007,Curitiba,4106902,1,,168,,,-25.422336,-49.284593,,False,1,2,2023-06-19T19:35:47.375351+00:00
CUR_BI009,Curitiba,4106902,1,Auto Viação São José,211,https://moovitapp.com/index/pt-br/transporte_p%C3%BAblico-line-211_PIT_PRA%C3%87A_DA_JUVENTUDE_IZAURA_IP%C3%8A-Curitiba-942-857412-73553392-0,-1.0,-25.411886,-49.232258,,False,1,2,2023-06-19T19:36:47.375351+00:00
CUR_BI004,Curitiba,4106902,1,Auto Viação São José,211,https://moovitapp.com/index/pt-br/transporte_p%C3%BAblico-line-211_PIT_PRA%C3%87A_DA_JUVENTUDE_IZAURA_IP%C3%8A-Curitiba-942-857412-73553392-0,-1.0,-25.407673,-49.252711,,False,1,1,2023-06-19T19:37:47.375351+00:00
CUR_BI002,Curitiba,4106902,1,Auto Viação São José,211,https://moovitapp.com/index/pt-br/transporte_p%C3%BAblico-line-211_PIT_PRA%C3%87A_DA_JUVENTUDE_IZAURA_IP%C3%8A-Curitiba-942-857412-73553392-0,-1.0,-25.40268,-49.21285,,False,1,1,2023-06-19T19:36:47.375351+00:00
CUR_BI007,Curitiba,4106902,1,Auto Viação São José,211,https://moovitapp.com/index/pt-br/transporte_p%C3%BAblico-line-211_PIT_PRA%C3%87A_DA_JUVENTUDE_IZAURA_IP%C3%8A-Curitiba-942-857412-73553392-0,-1.0,-25.394883,-49.242293,,False,1,2,2023-06-19T19:33:47.375351+00:00
CUR_MI005,Curitiba,4106902,1,,821,,,-25.41916,-49.294803,,False,1,2,2023-06-19T19:37:47.375351+00:00
CUR_MI002,Curitiba,4106902,1,,821,,,-25.421703,-49.361036,,False,1,2,2023-06-19T19:37:47.375351+00:00
CUR_DN604,Curitiba,4106902,1,,465,,,-25.44973,-49.245458,,False,7,1,2023-06-19T19:37:47.375351+00:00
CUR_DA295,Curitiba,4106902,1,,474,,,-25.482758,-49.22168,,False,1,2,2023-06-19T19:37:47.375351+00:00
CUR_HI016,Curitiba,4106902,1,,650,,,-25.534131,-49.300678,,False,1,1,2023-06-19T19:37:47.375351+00:00
CUR_HA010,Curitiba,4106902,1,,650,,,-25.551906,-49.305403,,False,1,2,2023-06-19T19:36:47.375351+00:00
CUR_HA601,Curitiba,4106902,1,,650,,,-25.547031,-49.304106,,False,4,2,2023-06-19T19:36:47.375351+00:00
CUR_HA612,Curitiba,4106902,1,,650,,,-25.576398,-49.331318,,False,4,1,2023-06-19T19:36:47.375351+00:00
CUR_HA603,Curitiba,4106902,1,,650,,,-25.576363,-49.331298,,False,4,2,2023-06-19T19:35:47.375351+00:00
CUR_HA605,Curitiba,4106902,1,,X37,,,-25.512398,-49.299035,,False,4,2,2023-06-19T19:37:47.375351+00:00
CUR_HA022,Curitiba,4106902,1,,650,,,-25.494176,-49.315643,,False,1,1,2023-06-19T19:28:47.375351+00:00
CUR_HI021,Curitiba,4106902,1,,646,,,-25.558865,-49.307018,,False,1,2,2023-06-19T19:36:47.375351+00:00
CUR_HC002,Curitiba,4106902,1,,646,,,-25.539465,-49.308655,,False,1,1,2023-06-19T19:36:47.375351+00:00
CUR_HR413,Curitiba,4106902,1,,646,,,-25.52566,-49.29677,,False,4,1,2023-06-19T19:36:47.375351+00:00
CUR_HA028,Curitiba,4106902,1,,646,,,-25.599051,-49.330288,,False,1,1,2023-06-19T19:36:47.375351+00:00
CUR_HA190,Curitiba,4106902,1,,646,,,-25.512693,-49.294906,,False,1,2,2023-06-19T19:36:47.375351+00:00
CUR_JI022,Curitiba,4106902,1,,658,,,-25.492383,-49.349313,,False,1,2,2023-06-19T19:37:47.375351+00:00
CUR_HI005,Curitiba,4106902,1,,658,,,-25.49764,-49.339008,,False,1,2,2023-06-19T19:37:47.375351+00:00
CUR_JA028,Curitiba,4106902,1,,658,,,-25.491808,-49.348773,,False,1,1,2023-06-19T19:37:47.375351+00:00
CUR_JI007,Curitiba,4106902,1,,658,,,-25.449171,-49.366308,,False,1,1,2023-06-19T19:37:47.375351+00:00
CUR_HI049,Curitiba,4106902,1,,658,,,-25.49367,-49.331541,,False,1,1,2023-06-19T19:36:47.375351+00:00
CUR_HI037,Curitiba,4106902,1,,658,,,-25.538466,-49.308106,,False,1,1,2023-06-19T19:37:47.375351+00:00
CUR_HI036,Curitiba,4106902,1,,658,,,-25.539601,-49.308153,,False,1,2,2023-06-19T19:36:47.375351+00:00
CUR_HA195,Curitiba,4106902,1,,658,,,-25.53974,-49.307711,,False,1,1,2023-06-19T19:36:47.375351+00:00
CUR_HI861,Curitiba,4106902,1,,658,,,-25.537181,-49.306891,,False,7,1,2023-06-19T19:36:47.375351+00:00
CUR_HA021,Curitiba,4106902,1,,658,,,-25.49796,-49.346405,,False,1,2,2023-06-19T19:36:47.375351+00:00
CUR_JA024,Curitiba,4106902,1,,658,,,-25.491891,-49.293128,,False,1,2,2023-06-19T19:37:47.375351+00:00
CUR_JI016,Curitiba,4106902,1,,658,,,-25.48367,-49.350025,,False,1,1,2023-06-19T19:37:47.375351+00:00
CUR_GI011,Curitiba,4106902,1,,636,,,-25.54501,-49.290776,,False,1,2,2023-06-19T19:37:47.375351+00:00
CUR_GI009,Curitiba,4106902,1,,649,,,-25.527763,-49.284288,,False,1,1,2023-06-19T19:37:47.375351+00:00
CUR_GI012,Curitiba,4106902,1,,649,,,-25.526753,-49.293393,,False,1,2,2023-06-19T19:36:47.375351+00:00
CUR_GC005,Curitiba,4106902,1,,649,,,-25.548913,-49.29122,,False,1,2,2023-06-19T19:37:47.375351+00:00
CUR_GI010,Curitiba,4106902,1,,640,,,-25.532885,-49.28696,,False,1,1,2023-06-19T19:37:47.375351+00:00
CUR_GA177,Curitiba,4106902,1,,637,,,-25.533226,-49.300373,,False,1,1,2023-06-19T19:35:47.375351+00:00
CUR_GI048,Curitiba,4106902,1,,640,,,-25.534093,-49.294416,,False,1,1,2023-06-19T19:36:47.375351+00:00
CUR_GA178,Curitiba,4106902,1,,640,,,-25.513551,-49.295426,,False,1,2,2023-06-19T19:37:47.375351+00:00
CUR_EI007,Curitiba,4106902,1,,522,,,-25.522178,-49.263778,,False,1,1,2023-06-19T19:37:47.375351+00:00
CUR_EA073,Curitiba,4106902,1,,522,,,-25.469165,-49.255363,,False,1,2,2023-06-19T19:37:47.375351+00:00
CUR_EA206,Curitiba,4106902,1,,522,,,-25.503161,-49.237008,,False,1,2,2023-06-19T19:37:47.375351+00:00
CUR_EA205,Curitiba,4106902,1,,471,,,-25.467403,-49.255191,,False,1,2,2023-06-19T19:37:47.375351+00:00
CUR_EA213,Curitiba,4106902,1,,471,,,-25.458233,-49.24963,,False,1,1,2023-06-19T19:36:47.375351+00:00
CUR_EA017,Curitiba,4106902,1,,471,,,-25.46644,-49.241998,,False,1,2,2023-06-19T19:37:47.375351+00:00
CUR_EI014,Curitiba,4106902,1,,533,,,-25.521393,-49.238283,,False,1,,2023-06-19T19:37:47.375351+00:00
CUR_EA026,Curitiba,4106902,1,Auto Viação São José,515,https://moovitapp.com/index/pt-br/transporte_p%C3%BAblico-line-515_%E2%9C%88_AEROPORTO_1_SHOPPING_S%C3%83O_JOS%C3%89-Curitiba-942-857412-67925719-0,-1.0,-25.517153,-49.230485,,False,1,2,2023-06-19T19:37:47.375351+00:00
CUR_EA008,Curitiba,4106902,1,,657,,,-25.496836,-49.272285,,False,1,1,2023-06-19T19:37:47.375351+00:00
CUR_EA010,Curitiba,4106902,1,,657,,,-25.49604,-49.280291,,False,1,2,2023-06-19T19:37:47.375351+00:00
CUR_KI002,Curitiba,4106902,1,,472,,,-25.484013,-49.223413,,False,1,1,2023-06-19T19:37:47.375351+00:00
CUR_KC002,Curitiba,4106902,1,,472,,,-25.466978,-49.255063,,False,1,1,2023-06-19T19:37:47.375351+00:00
CUR_KI001,Curitiba,4106902,1,,472,,,-25.441283,-49.262018,,False,1,2,2023-06-19T19:37:47.375351+00:00
CUR_BI880,Curitiba,4106902,1,,275,,,-25.39007,-49.259313,,False,7,1,2023-06-19T19:36:47.375351+00:00
CUR_BI876,Curitiba,4106902,1,,275,,,-25.378746,-49.248346,,False,7,2,2023-06-19T19:37:47.375351+00:00
CUR_BI863,Curitiba,4106902,1,,275,,,-25.394175,-49.241973,,False,7,2,2023-06-19T19:36:47.375351+00:00
CUR_BI861,Curitiba,4106902,1,,266,,,-25.405576,-49.264053,,False,7,2,2023-06-19T19:36:47.375351+00:00
CUR_KE708,Curitiba,4106902,0,URBS,502,https://moovitapp.com/index/pt-br/transporte_p%C3%BAblico-line-502_CIRCULAR_SUL_HOR%C3%81RIO-Curitiba-942-9628-294482-0,-1.0,-25.530311,-49.25206,,False,5,,2023-06-19T19:37:47.375351+00:00
CUR_HE609,Curitiba,4106902,0,URBS,502,https://moovitapp.com/index/pt-br/transporte_p%C3%BAblico-line-502_CIRCULAR_SUL_HOR%C3%81RIO-Curitiba-942-9628-294482-0,-1.0,-25.516686,-49.230168,,False,4,,2023-06-19T19:36:47.375351+00:00
CUR_HE615,Curitiba,4106902,0,URBS,502,https://moovitapp.com/index/pt-br/transporte_p%C3%BAblico-line-502_CIRCULAR_SUL_HOR%C3%81RIO-Curitiba-942-9628-294482-0,-1.0,-25.476078,-49.292681,,False,4,,2023-06-19T19:36:47.375351+00:00
CUR_GE612,Curitiba,4106902,0,URBS,502,https://moovitapp.com/index/pt-br/transporte_p%C3%BAblico-line-502_CIRCULAR_SUL_HOR%C3%81RIO-Curitiba-942-9628-294482-0,-1.0,-25.470466,-49.254983,,False,4,,2023-06-19T19:37:47.375351+00:00
CUR_GE603,Curitiba,4106902,0,URBS,502,https://moovitapp.com/index/pt-br/transporte_p%C3%BAblico-line-502_CIRCULAR_SUL_HOR%C3%81RIO-Curitiba-942-9628-294482-0,-1.0,-25.523416,-49.294035,,False,4,,2023-06-19T19:37:47.375351+00:00
CUR_KE847,Curitiba,4106902,0,URBS,502,https://moovitapp.com/index/pt-br/transporte_p%C3%BAblico-line-502_CIRCULAR_SUL_HOR%C3%81RIO-Curitiba-942-9628-294482-0,-1.0,-25.467186,-49.254816,,False,5,,2023-06-19T19:37:47.375351+00:00
CUR_KE701,Curitiba,4106902,0,URBS,502,https://moovitapp.com/index/pt-br/transporte_p%C3%BAblico-line-502_CIRCULAR_SUL_HOR%C3%81RIO-Curitiba-942-9628-294482-0,-1.0,-25.467636,-49.255841,,False,5,,2023-06-19T19:37:47.375351+00:00
CUR_HE603,Curitiba,4106902,0,URBS,502,https://moovitapp.com/index/pt-br/transporte_p%C3%BAblico-line-502_CIRCULAR_SUL_HOR%C3%81RIO-Curitiba-942-9628-294482-0,-1.0,-25.49085,-49.242781,,False,4,,2023-06-19T19:36:47.375351+00:00
CUR_GE605,Curitiba,4106902,0,URBS,502,https://moovitapp.com/index/pt-br/transporte_p%C3%BAblico-line-502_CIRCULAR_SUL_HOR%C3%81RIO-Curitiba-942-9628-294482-0,-1.0,-25.549553,-49.29168,,False,4,,2023-06-19T19:37:47.375351+00:00
CUR_GE610,Curitiba,4106902,0,URBS,502,https://moovitapp.com/index/pt-br/transporte_p%C3%BAblico-line-502_CIRCULAR_SUL_HOR%C3%81RIO-Curitiba-942-9628-294482-0,-1.0,-25.536825,-49.282498,,False,4,,2023-06-19T19:37:47.375351+00:00
CUR_HE613,Curitiba,4106902,0,URBS,502,https://moovitapp.com/index/pt-br/transporte_p%C3%BAblico-line-502_CIRCULAR_SUL_HOR%C3%81RIO-Curitiba-942-9628-294482-0,-1.0,-25.477008,-49.290076,,False,4,,2023-06-19T19:36:47.375351+00:00
CUR_GI055,Curitiba,4106902,1,,624,,,-25.494296,-49.288256,,False,1,2,2023-06-19T19:37:47.375351+00:00
CUR_GI045,Curitiba,4106902,1,,625,,,-25.49273,-49.291285,,False,1,2,2023-06-19T19:37:47.375351+00:00
CUR_GI018,Curitiba,4106902,1,,625,,,-25.503003,-49.285533,,False,1,2,2023-06-19T19:37:47.375351+00:00
CUR_GI043,Curitiba,4106902,1,,625,,,-25.52115,-49.272926,,False,1,1,2023-06-19T19:37:47.375351+00:00
CUR_GI041,Curitiba,4106902,1,,625,,,-25.533593,-49.266561,,False,1,1,2023-06-19T19:36:47.375351+00:00
CUR_GI024,Curitiba,4106902,1,,625,,,-25.550145,-49.290946,,False,1,1,2023-06-19T19:37:47.375351+00:00
CUR_GI035,Curitiba,4106902,1,,625,,,-25.548881,-49.290905,,False,1,2,2023-06-19T19:37:47.375351+00:00
CUR_GI025,Curitiba,4106902,1,,534,,,-25.518973,-49.232598,,False,1,2,2023-06-19T19:37:47.375351+00:00
CUR_GI028,Curitiba,4106902,1,,534,,,-25.53442,-49.267985,,False,1,1,2023-06-19T19:37:47.375351+00:00
CUR_GA179,Curitiba,4106902,1,,534,,,-25.548151,-49.29208,,False,1,1,2023-06-19T19:35:47.375351+00:00
CUR_GI023,Curitiba,4106902,1,,683,,,-25.558201,-49.284005,,False,1,1,2023-06-19T19:37:47.375351+00:00
CUR_JI859,Curitiba,4106902,1,,760,,,-25.448316,-49.280548,,False,7,1,2023-06-19T19:37:47.375351+00:00
CUR_HA024,Curitiba,4106902,1,,653,,,-25.504233,-49.334765,,False,1,1,2023-06-19T19:36:47.375351+00:00
CUR_HA023,Curitiba,4106902,1,,653,,,-25.499601,-49.346743,,False,1,1,2023-06-19T19:36:47.375351+00:00
CUR_HI299,Curitiba,4106902,1,,653,,,-25.511573,-49.324376,,False,1,2,2023-06-19T19:37:47.375351+00:00
CUR_HI009,Curitiba,4106902,1,,680,,,-25.521378,-49.318733,,False,1,2,2023-06-19T19:36:47.375351+00:00
CUR_HA031,Curitiba,4106902,1,,680,,,-25.584655,-49.318453,,False,1,1,2023-06-19T19:37:47.375351+00:00
CUR_HI026,Curitiba,4106902,1,,680,,,-25.523555,-49.29612,,False,1,2,2023-06-19T19:34:47.375351+00:00
CUR_HC004,Curitiba,4106902,1,,615,,,-25.57025,-49.331908,,False,1,1,2023-06-19T19:36:47.375351+00:00
CUR_HI031,Curitiba,4106902,1,,680,,,-25.519923,-49.295576,,False,1,2,2023-06-19T19:37:47.375351+00:00
CUR_HI014,Curitiba,4106902,1,,712,,,-25.542491,-49.309621,,False,1,2,2023-06-19T19:36:47.375351+00:00
CUR_HA030,Curitiba,4106902,1,,659,,,-25.513031,-49.294893,,False,1,2,2023-06-19T19:36:47.375351+00:00
CUR_HA020,Curitiba,4106902,1,,826,,,-25.535913,-49.314621,,False,1,2,2023-06-19T19:36:47.375351+00:00
CUR_BI873,Curitiba,4106902,1,,184,,,-25.391106,-49.267321,,False,7,2,2023-06-19T19:36:47.375351+00:00
CUR_BC322,Curitiba,4106902,1,,170,,,-25.42817,-49.272418,,False,3,2,2023-06-19T19:36:47.375351+00:00
CUR_BC321,Curitiba,4106902,1,,170,,,-25.407643,-49.282998,,False,3,1,2023-06-19T19:36:47.375351+00:00
CUR_BC300,Curitiba,4106902,1,,170,,,-25.415068,-49.2812,,False,3,1,2023-06-19T19:36:47.375351+00:00
CUR_BC029,Curitiba,4106902,1,,170,,,-25.41548,-49.281275,,False,1,2,2023-06-19T19:34:47.375351+00:00
CUR_BC022,Curitiba,4106902,1,,170,,,-25.394998,-49.285255,,False,1,2,2023-06-19T19:35:47.375351+00:00
CUR_DC093,Curitiba,4106902,1,,621,,,-25.492543,-49.29107,,False,1,2,2023-06-19T19:37:47.375351+00:00
CUR_DA291,Curitiba,4106902,1,,621,,,-25.481281,-49.247333,,False,1,2,2023-06-19T19:37:47.375351+00:00
CUR_EA013,Curitiba,4106902,1,,621,,,-25.482545,-49.246753,,False,1,1,2023-06-19T19:37:47.375351+00:00
CUR_DA301,Curitiba,4106902,1,,621,,,-25.484986,-49.25194,,False,3,1,2023-06-19T19:37:47.375351+00:00
CUR_BA032,Curitiba,4106902,1,,233,,,-25.37547,-49.219966,,False,1,,2023-06-19T19:36:47.375351+00:00
CUR_BA020,Curitiba,4106902,1,,233,,,-25.399291,-49.212751,,False,1,,2023-06-19T19:35:47.375351+00:00
CUR_BA033,Curitiba,4106902,1,,245,,,-25.406578,-49.25237,,False,1,,2023-06-19T19:36:47.375351+00:00
CUR_BI878,Curitiba,4106902,1,,280,,,-25.428645,-49.268841,,False,7,2,2023-06-19T19:36:47.375351+00:00
CUR_BI866,Curitiba,4106902,1,,280,,,-25.373625,-49.235378,,False,7,1,2023-06-19T19:36:47.375351+00:00
CUR_BI855,Curitiba,4106902,1,,169,,,-25.391733,-49.294345,,False,7,1,2023-06-19T19:36:47.375351+00:00
CUR_BI897,Curitiba,4106902,1,,169,,,-25.428135,-49.272125,,False,7,1,2023-06-19T19:36:47.375351+00:00
CUR_DC292,Curitiba,4106902,1,,462,,,-25.44441,-49.233013,,False,1,1,2023-06-19T19:37:47.375351+00:00
CUR_DA297,Curitiba,4106902,1,,462,,,-25.435636,-49.265836,,False,1,2,2023-06-19T19:37:47.375351+00:00
CUR_EA210,Curitiba,4106902,1,,462,,,-25.467615,-49.253951,,False,1,2,2023-06-19T19:37:47.375351+00:00
CUR_CC196,Curitiba,4106902,1,,372,,,-25.428508,-49.204426,,False,1,1,2023-06-19T19:36:47.375351+00:00
CUR_CI001,Curitiba,4106902,1,,372,,,-25.381946,-49.18582,,False,1,2,2023-06-19T19:37:47.375351+00:00
CUR_BI027,Curitiba,4106902,1,,372,,,-25.427951,-49.257421,,False,1,2,2023-06-19T19:36:47.375351+00:00
CUR_BI028,Curitiba,4106902,1,,372,,,-25.427995,-49.256743,,False,1,2,2023-06-19T19:36:47.375351+00:00
CUR_BC031,Curitiba,4106902,1,,372,,,-25.431205,-49.203801,,False,1,1,2023-06-19T19:36:47.375351+00:00
CUR_JI006,Curitiba,4106902,1,,611,,,-25.471725,-49.298985,,False,1,2,2023-06-19T19:37:47.375351+00:00
CUR_JI011,Curitiba,4106902,1,,611,,,-25.472603,-49.297006,,False,1,2,2023-06-19T19:37:47.375351+00:00
CUR_JI019,Curitiba,4106902,1,,611,,,-25.477401,-49.32708,,False,1,1,2023-06-19T19:37:47.375351+00:00
CUR_BI900,Curitiba,4106902,1,,386,,,-25.440778,-49.234528,,False,7,2,2023-06-19T19:36:47.375351+00:00
CUR_DN017,Curitiba,4106902,0,,560,,,-25.435205,-49.273543,,False,6,1,2023-06-19T19:37:47.375351+00:00
CUR_HI004,Curitiba,4106902,1,,623,,,-25.502146,-49.304603,,False,1,1,2023-06-19T19:37:47.375351+00:00
CUR_HI047,Curitiba,4106902,1,,623,,,-25.504266,-49.304608,,False,1,2,2023-06-19T19:36:47.375351+00:00
CUR_HA027,Curitiba,4106902,1,,623,,,-25.499178,-49.310221,,False,1,1,2023-06-19T19:37:47.375351+00:00
CUR_HA026,Curitiba,4106902,1,,623,,,-25.539543,-49.308536,,False,1,1,2023-06-19T19:36:47.375351+00:00
CUR_DC092,Curitiba,4106902,1,,468,,,-25.43819,-49.263198,,False,1,2,2023-06-19T19:37:47.375351+00:00
CUR_DA033,Curitiba,4106902,1,,468,,,-25.494868,-49.209558,,False,1,1,2023-06-19T19:36:47.375351+00:00
CUR_EA211,Curitiba,4106902,1,,468,,,-25.46728,-49.254073,,False,1,1,2023-06-19T19:37:47.375351+00:00
CUR_JI008,Curitiba,4106902,1,,712,,,-25.478233,-49.325995,,False,1,1,2023-06-19T19:37:47.375351+00:00
CUR_HA014,Curitiba,4106902,1,,712,,,-25.5117,-49.328323,,False,1,2,2023-06-19T19:36:47.375351+00:00
CUR_JA031,Curitiba,4106902,1,,712,,,-25.48346,-49.332008,,False,1,1,2023-06-19T19:37:47.375351+00:00
CUR_JI013,Curitiba,4106902,1,,712,,,-25.476751,-49.328136,,False,1,1,2023-06-19T19:37:47.375351+00:00
CUR_HI039,Curitiba,4106902,1,,826,,,-25.539458,-49.307685,,False,1,1,2023-06-19T19:36:47.375351+00:00
CUR_EA015,Curitiba,4106902,1,,475,,,-25.457245,-49.250288,,False,1,1,2023-06-19T19:37:47.375351+00:00
CUR_EI020,Curitiba,4106902,1,,475,,,-25.470096,-49.246786,,False,1,2,2023-06-19T19:37:47.375351+00:00
CUR_EA203,Curitiba,4106902,1,,475,,,-25.468075,-49.255775,,False,1,2,2023-06-19T19:37:47.375351+00:00
CUR_EA212,Curitiba,4106902,1,,475,,,-25.43835,-49.270228,,False,1,2,2023-06-19T19:37:47.375351+00:00
CUR_HA608,Curitiba,4106902,1,,685,,,-25.542141,-49.313431,,False,4,1,2023-06-19T19:36:47.375351+00:00
CUR_HI610,Curitiba,4106902,1,,685,,,-25.520198,-49.334178,,False,4,2,2023-06-19T19:37:47.375351+00:00
CUR_HI605,Curitiba,4106902,1,,685,,,-25.594328,-49.341855,,False,4,1,2023-06-19T19:37:47.375351+00:00
CUR_HI010,Curitiba,4106902,1,,652,,,-25.533276,-49.334223,,False,1,1,2023-06-19T19:37:47.375351+00:00
CUR_HI007,Curitiba,4106902,1,,652,,,-25.511446,-49.324761,,False,1,1,2023-06-19T19:36:47.375351+00:00
CUR_HA128,Curitiba,4106902,1,,652,,,-25.5399,-49.307915,,False,1,2,2023-06-19T19:36:47.375351+00:00
CUR_HI013,Curitiba,4106902,1,,826,,,-25.451448,-49.36129,,False,1,1,2023-06-19T19:36:47.375351+00:00
CUR_HA193,Curitiba,4106902,1,,826,,,-25.511826,-49.324426,,False,1,1,2023-06-19T19:36:47.375351+00:00
CUR_HA130,Curitiba,4106902,1,,826,,,-25.483543,-49.35018,,False,1,1,2023-06-19T19:37:47.375351+00:00
CUR_JA301,Curitiba,4106902,1,,826,,,-25.462955,-49.357401,,False,3,2,2023-06-19T19:37:47.375351+00:00
CUR_HI040,Curitiba,4106902,1,,826,,,-25.53878,-49.307885,,False,1,2,2023-06-19T19:36:47.375351+00:00
CUR_HA007,Curitiba,4106902,1,,826,,,-25.441603,-49.346781,,False,1,2,2023-06-19T19:36:47.375351+00:00
CUR_JA033,Curitiba,4106902,1,,826,,,-25.490955,-49.344308,,False,1,2,2023-06-19T19:37:47.375351+00:00
CUR_HI015,Curitiba,4106902,1,,826,,,-25.513908,-49.335848,,False,1,1,2023-06-19T19:36:47.375351+00:00
CUR_MI004,Curitiba,4106902,1,,924,,,-25.378665,-49.278683,,False,1,1,2023-06-19T19:37:47.375351+00:00
CUR_MI003,Curitiba,4106902,1,,924,,,-25.395221,-49.31698,,False,1,2,2023-06-19T19:37:47.375351+00:00
CUR_MA011,Curitiba,4106902,1,,924,,,-25.367068,-49.238461,,False,1,2,2023-06-19T19:37:47.375351+00:00
CUR_BA026,Curitiba,4106902,1,,924,,,-25.391761,-49.318888,,False,1,1,2023-06-19T19:36:47.375351+00:00
CUR_BI023,Curitiba,4106902,1,,924,,,-25.39444,-49.242436,,False,1,2,2023-06-19T19:36:47.375351+00:00
CUR_BI014,Curitiba,4106902,1,,924,,,-25.388081,-49.300505,,False,1,2,2023-06-19T19:36:47.375351+00:00
CUR_BA036,Curitiba,4106902,1,,924,,,-25.395196,-49.242451,,False,1,2,2023-06-19T19:36:47.375351+00:00
CUR_BI016,Curitiba,4106902,1,,924,,,-25.400578,-49.330885,,False,1,1,2023-06-19T19:36:47.375351+00:00
CUR_EA025,Curitiba,4106902,1,,335,,,-25.492643,-49.215275,,False,1,2,2023-06-19T19:37:47.375351+00:00
CUR_EA022,Curitiba,4106902,1,,335,,,-25.517701,-49.23023,,False,1,2,2023-06-19T19:37:47.375351+00:00
CUR_DR407,Curitiba,4106902,1,,335,,,-25.474761,-49.209431,,False,4,1,2023-06-19T19:37:47.375351+00:00
CUR_BC927,Curitiba,4106902,1,Auto Viação São José,214,https://moovitapp.com/index/pt-br/transporte_p%C3%BAblico-line-214_PIT_PRA%C3%87A_DA_JUVENTUDE_CRISTAL_BLANCO_POMBO_ANTI_HOR%C3%81RIO-Curitiba-942-857412-119631273-0,-1.0,-25.39517,-49.242613,,False,7,2,2023-06-19T19:36:47.375351+00:00
CUR_BI890,Curitiba,4106902,1,Auto Viação São José,214,https://moovitapp.com/index/pt-br/transporte_p%C3%BAblico-line-214_PIT_PRA%C3%87A_DA_JUVENTUDE_CRISTAL_BLANCO_POMBO_ANTI_HOR%C3%81RIO-Curitiba-942-857412-119631273-0,-1.0,-25.381125,-49.222278,,False,7,2,2023-06-19T19:34:47.375351+00:00
CUR_BI871,Curitiba,4106902,1,Auto Viação São José,214,https://moovitapp.com/index/pt-br/transporte_p%C3%BAblico-line-214_PIT_PRA%C3%87A_DA_JUVENTUDE_CRISTAL_BLANCO_POMBO_ANTI_HOR%C3%81RIO-Curitiba-942-857412-119631273-0,-1.0,-25.40305,-49.242511,,False,7,1,2023-06-19T19:36:47.375351+00:00
CUR_DA014,Curitiba,4106902,1,,321,,,-25.45905,-49.20105,,False,1,1,2023-06-19T19:37:47.375351+00:00
CUR_DA290,Curitiba,4106902,1,,321,,,-25.4682,-49.25517,,False,1,1,2023-06-19T19:37:47.375351+00:00
CUR_DA029,Curitiba,4106902,1,,321,,,-25.445816,-49.219646,,False,1,2,2023-06-19T19:37:47.375351+00:00
CUR_BI851,Curitiba,4106902,1,,175,,,-25.450405,-49.257583,,False,7,2,2023-06-19T19:36:47.375351+00:00
CUR_BI898,Curitiba,4106902,1,,175,,,-25.414846,-49.28097,,False,7,2,2023-06-19T19:36:47.375351+00:00
CUR_MC077,Curitiba,4106902,1,,972,,,-25.414501,-49.305575,,False,1,1,2023-06-19T19:37:47.375351+00:00
CUR_MC079,Curitiba,4106902,1,,972,,,-25.419301,-49.29313,,False,1,2,2023-06-19T19:37:47.375351+00:00
CUR_MC302,Curitiba,4106902,1,,972,,,-25.418951,-49.2946,,False,3,2,2023-06-19T19:36:47.375351+00:00
CUR_JI856,Curitiba,4106902,1,,762,,,-25.438395,-49.272625,,False,7,2,2023-06-19T19:37:47.375351+00:00
CUR_JI865,Curitiba,4106902,1,,762,,,-25.44966,-49.327813,,False,7,1,2023-06-19T19:35:47.375351+00:00
CUR_EA011,Curitiba,4106902,1,Auto Viação São José,531,https://moovitapp.com/index/pt-br/transporte_p%C3%BAblico-line-531_BAIRRO_A_BAIRRO_1-Curitiba-942-857412-1570571-0,-1.0,-25.530591,-49.245763,,False,1,2,2023-06-19T19:37:47.375351+00:00
CUR_EA024,Curitiba,4106902,1,Auto Viação São José,531,https://moovitapp.com/index/pt-br/transporte_p%C3%BAblico-line-531_BAIRRO_A_BAIRRO_1-Curitiba-942-857412-1570571-0,-1.0,-25.527558,-49.250351,,False,1,2,2023-06-19T19:37:47.375351+00:00
CUR_EA002,Curitiba,4106902,1,Auto Viação São José,531,https://moovitapp.com/index/pt-br/transporte_p%C3%BAblico-line-531_BAIRRO_A_BAIRRO_1-Curitiba-942-857412-1570571-0,-1.0,-25.498686,-49.24026,,False,1,2,2023-06-19T19:37:47.375351+00:00
CUR_EA183,Curitiba,4106902,1,Auto Viação São José,531,https://moovitapp.com/index/pt-br/transporte_p%C3%BAblico-line-531_BAIRRO_A_BAIRRO_1-Curitiba-942-857412-1570571-0,-1.0,-25.468768,-49.255688,,False,1,1,2023-06-19T19:37:47.375351+00:00
CUR_BI889,Curitiba,4106902,1,,366,,,-25.431958,-49.231655,,False,7,1,2023-06-19T19:36:47.375351+00:00
CUR_BI872,Curitiba,4106902,1,,366,,,-25.432481,-49.276673,,False,7,2,2023-06-19T19:37:47.375351+00:00
CUR_DC294,Curitiba,4106902,1,,334,,,-25.469283,-49.208356,,False,1,,2023-06-19T19:37:47.375351+00:00
CUR_HI857,Curitiba,4106902,1,,670,,,-25.454725,-49.292703,,False,7,2,2023-06-19T19:36:47.375351+00:00
CUR_JI857,Curitiba,4106902,1,,761,,,-25.442531,-49.270298,,False,7,2,2023-06-19T19:37:47.375351+00:00
CUR_JI860,Curitiba,4106902,1,,761,,,-25.44942,-49.367033,,False,7,1,2023-06-19T19:36:47.375351+00:00
CUR_EI009,Curitiba,4106902,1,Auto Viação São José,515,https://moovitapp.com/index/pt-br/transporte_p%C3%BAblico-line-515_%E2%9C%88_AEROPORTO_1_SHOPPING_S%C3%83O_JOS%C3%89-Curitiba-942-857412-67925719-0,-1.0,-25.481555,-49.246866,,False,1,1,2023-06-19T19:37:47.375351+00:00
CUR_EI003,Curitiba,4106902,1,Auto Viação São José,515,https://moovitapp.com/index/pt-br/transporte_p%C3%BAblico-line-515_%E2%9C%88_AEROPORTO_1_SHOPPING_S%C3%83O_JOS%C3%89-Curitiba-942-857412-67925719-0,-1.0,-25.51165,-49.221496,,False,1,1,2023-06-19T19:37:47.375351+00:00
CUR_EI019,Curitiba,4106902,1,Auto Viação São José,515,https://moovitapp.com/index/pt-br/transporte_p%C3%BAblico-line-515_%E2%9C%88_AEROPORTO_1_SHOPPING_S%C3%83O_JOS%C3%89-Curitiba-942-857412-67925719-0,-1.0,-25.467485,-49.255626,,False,1,1,2023-06-19T19:37:47.375351+00:00
CUR_EI010,Curitiba,4106902,1,Auto Viação São José,515,https://moovitapp.com/index/pt-br/transporte_p%C3%BAblico-line-515_%E2%9C%88_AEROPORTO_1_SHOPPING_S%C3%83O_JOS%C3%89-Curitiba-942-857412-67925719-0,-1.0,-25.504633,-49.224883,,False,1,2,2023-06-19T19:37:47.375351+00:00
CUR_EA019,Curitiba,4106902,1,Auto Viação São José,515,https://moovitapp.com/index/pt-br/transporte_p%C3%BAblico-line-515_%E2%9C%88_AEROPORTO_1_SHOPPING_S%C3%83O_JOS%C3%89-Curitiba-942-857412-67925719-0,-1.0,-25.467363,-49.25506,,False,1,2,2023-06-19T19:37:47.375351+00:00
CUR_BC315,Curitiba,4106902,1,,371,,,-25.415008,-49.213321,,False,10,1,2023-06-19T19:36:47.375351+00:00
CUR_BC313,Curitiba,4106902,1,,371,,,-25.428301,-49.26667,,False,10,2,2023-06-19T19:36:47.375351+00:00
CUR_BC314,Curitiba,4106902,1,,371,,,-25.415281,-49.281285,,False,10,1,2023-06-19T19:35:47.375351+00:00
CUR_JI948,Curitiba,4106902,1,,861,,,-25.460125,-49.340576,,False,7,1,2023-06-19T19:37:47.375351+00:00
CUR_JI852,Curitiba,4106902,1,,861,,,-25.449023,-49.367053,,False,7,1,2023-06-19T19:34:47.375351+00:00
CUR_JI864,Curitiba,4106902,1,,861,,,-25.440693,-49.282131,,False,7,2,2023-06-19T19:37:47.375351+00:00
CUR_GI017,Curitiba,4106902,1,,553,,,-25.545563,-49.264076,,False,1,1,2023-06-19T19:37:47.375351+00:00
CUR_GI006,Curitiba,4106902,1,,553,,,-25.559428,-49.260245,,False,1,1,2023-06-19T19:37:47.375351+00:00
CUR_GI002,Curitiba,4106902,1,,553,,,-25.547416,-49.261143,,False,1,2,2023-06-19T19:37:47.375351+00:00
CUR_GC004,Curitiba,4106902,1,,553,,,-25.534203,-49.267768,,False,1,2,2023-06-19T19:37:47.375351+00:00
CUR_GI037,Curitiba,4106902,1,,643,,,-25.559298,-49.295795,,False,1,1,2023-06-19T19:37:47.375351+00:00
CUR_GI019,Curitiba,4106902,1,,643,,,-25.54945,-49.29222,,False,1,1,2023-06-19T19:36:47.375351+00:00
CUR_GA180,Curitiba,4106902,1,,635,,,-25.533811,-49.296316,,False,1,2,2023-06-19T19:36:47.375351+00:00
CUR_GI029,Curitiba,4106902,1,,643,,,-25.549141,-49.29217,,False,1,2,2023-06-19T19:36:47.375351+00:00
CUR_EA027,Curitiba,4106902,1,,X06,,,-25.534291,-49.26801,,False,1,2,2023-06-19T19:37:47.375351+00:00
CUR_GI044,Curitiba,4106902,1,,552,,,-25.557551,-49.254938,,False,1,1,2023-06-19T19:37:47.375351+00:00
CUR_GI053,Curitiba,4106902,1,,552,,,-25.540468,-49.271138,,False,1,2,2023-06-19T19:37:47.375351+00:00
CUR_GI051,Curitiba,4106902,1,,552,,,-25.548406,-49.292386,,False,1,2,2023-06-19T19:37:47.375351+00:00
CUR_GC003,Curitiba,4106902,1,,542,,,-25.534741,-49.270106,,False,1,,2023-06-19T19:37:47.375351+00:00
CUR_HI028,Curitiba,4106902,1,,617,,,-25.515523,-49.295595,,False,1,2,2023-06-19T19:36:47.375351+00:00
CUR_HA006,Curitiba,4106902,1,,617,,,-25.576025,-49.335401,,False,1,1,2023-06-19T19:36:47.375351+00:00
CUR_HI020,Curitiba,4106902,1,,617,,,-25.53927,-49.307875,,False,1,2,2023-06-19T19:36:47.375351+00:00
CUR_HA016,Curitiba,4106902,1,,617,,,-25.556956,-49.306558,,False,1,2,2023-06-19T19:35:47.375351+00:00
CUR_GI042,Curitiba,4106902,1,,542,,,-25.535786,-49.271785,,False,1,,2023-06-19T19:37:47.375351+00:00
CUR_GI032,Curitiba,4106902,1,,542,,,-25.551458,-49.263513,,False,1,,2023-06-19T19:36:47.375351+00:00
CUR_GC016,Curitiba,4106902,1,,542,,,-25.548495,-49.291425,,False,1,,2023-06-19T19:37:47.375351+00:00
CUR_MI855,Curitiba,4106902,1,,912,,,-25.400593,-49.331156,,False,7,2,2023-06-19T19:37:47.375351+00:00
CUR_EA009,Curitiba,4106902,1,,X03,,,-25.518021,-49.230813,,False,1,1,2023-06-19T19:36:47.375351+00:00
CUR_HI856,Curitiba,4106902,1,,600,,,-25.526451,-49.295508,,False,7,1,2023-06-19T19:34:47.375351+00:00
CUR_HI850,Curitiba,4106902,1,,600,,,-25.537193,-49.306708,,False,7,1,2023-06-19T19:35:47.375351+00:00
CUR_GI026,Curitiba,4106902,1,,639,,,-25.514798,-49.295693,,False,1,1,2023-06-19T19:36:47.375351+00:00
CUR_GI036,Curitiba,4106902,1,,639,,,-25.568026,-49.28266,,False,1,2,2023-06-19T19:37:47.375351+00:00
CUR_GI007,Curitiba,4106902,1,,547,,,-25.534173,-49.267488,,False,1,1,2023-06-19T19:37:47.375351+00:00
CUR_HB607,Curitiba,4106902,1,,060,,,-25.451386,-49.360848,,False,4,1,2023-06-19T19:36:47.375351+00:00
CUR_HB608,Curitiba,4106902,1,,060,,,-25.51213,-49.294981,,False,4,1,2023-06-19T19:36:47.375351+00:00
CUR_HB601,Curitiba,4106902,1,,060,,,-25.51515,-49.336421,,False,4,2,2023-06-19T19:36:47.375351+00:00
CUR_HB693,Curitiba,4106902,1,,027,,,-25.451733,-49.358516,,False,4,2,2023-06-19T19:34:47.375351+00:00
CUR_GI050,Curitiba,4106902,1,,641,,,-25.518588,-49.29554,,False,1,1,2023-06-19T19:37:47.375351+00:00
CUR_MI854,Curitiba,4106902,1,,911,,,-25.398593,-49.341431,,False,7,2,2023-06-19T19:37:47.375351+00:00
CUR_HI045,Curitiba,4106902,1,,612,,,-25.47562,-49.29334,,False,1,1,2023-06-19T19:36:47.375351+00:00
CUR_HA191,Curitiba,4106902,1,,612,,,-25.500996,-49.322086,,False,1,1,2023-06-19T19:37:47.375351+00:00
CUR_HA198,Curitiba,4106902,1,,612,,,-25.477966,-49.299763,,False,1,2,2023-06-19T19:36:47.375351+00:00
CUR_HR409,Curitiba,4106902,1,,X37,,,-25.512613,-49.294701,,False,4,1,2023-06-19T19:36:47.375351+00:00
CUR_HA699,Curitiba,4106902,1,,773,,,-25.524973,-49.316571,,False,4,2,2023-06-19T19:33:47.375351+00:00
CUR_HA606,Curitiba,4106902,1,,X37,,,-25.53892,-49.307565,,False,4,1,2023-06-19T19:36:47.375351+00:00
CUR_HI603,Curitiba,4106902,0,,X37,,,-25.561245,-49.330206,,False,4,1,2023-06-19T19:36:47.375351+00:00
CUR_HI608,Curitiba,4106902,1,,X37,,,-25.538715,-49.308346,,False,4,1,2023-06-19T19:36:47.375351+00:00
CUR_HA611,Curitiba,4106902,1,,X37,,,-25.525376,-49.297211,,False,4,1,2023-06-19T19:37:47.375351+00:00
CUR_HL320,Curitiba,4106902,0,URBS,607,https://moovitapp.com/index/pt-br/transporte_p%C3%BAblico-line-607_COLOMBO_CIC-Curitiba-942-9628-294348-0,-1.0,-25.416048,-49.262595,,False,3,1,2023-06-19T19:37:47.375351+00:00
CUR_HL325,Curitiba,4106902,0,URBS,607,https://moovitapp.com/index/pt-br/transporte_p%C3%BAblico-line-607_COLOMBO_CIC-Curitiba-942-9628-294348-0,-1.0,-25.511761,-49.323743,,False,3,1,2023-06-19T19:37:47.375351+00:00
CUR_HL331,Curitiba,4106902,1,URBS,607,https://moovitapp.com/index/pt-br/transporte_p%C3%BAblico-line-607_COLOMBO_CIC-Curitiba-942-9628-294348-0,-1.0,-25.43347,-49.277108,,False,3,2,2023-06-19T19:36:47.375351+00:00
CUR_HL496,Curitiba,4106902,1,URBS,607,https://moovitapp.com/index/pt-br/transporte_p%C3%BAblico-line-607_COLOMBO_CIC-Curitiba-942-9628-294348-0,-1.0,-25.432511,-49.272295,,False,3,1,2023-06-19T19:37:47.375351+00:00
CUR_HL329,Curitiba,4106902,1,URBS,607,https://moovitapp.com/index/pt-br/transporte_p%C3%BAblico-line-607_COLOMBO_CIC-Curitiba-942-9628-294348-0,-1.0,-25.478705,-49.29569,,False,3,1,2023-06-19T19:34:47.375351+00:00
CUR_HL312,Curitiba,4106902,0,URBS,607,https://moovitapp.com/index/pt-br/transporte_p%C3%BAblico-line-607_COLOMBO_CIC-Curitiba-942-9628-294348-0,-1.0,-25.505153,-49.319848,,False,3,2,2023-06-19T19:36:47.375351+00:00
CUR_HL318,Curitiba,4106902,0,URBS,607,https://moovitapp.com/index/pt-br/transporte_p%C3%BAblico-line-607_COLOMBO_CIC-Curitiba-942-9628-294348-0,-1.0,-25.436545,-49.27104,,False,3,1,2023-06-19T19:36:47.375351+00:00
CUR_HL497,Curitiba,4106902,1,URBS,607,https://moovitapp.com/index/pt-br/transporte_p%C3%BAblico-line-607_COLOMBO_CIC-Curitiba-942-9628-294348-0,-1.0,-25.414143,-49.259628,,False,3,2,2023-06-19T19:36:47.375351+00:00
CUR_HL493,Curitiba,4106902,1,URBS,607,https://moovitapp.com/index/pt-br/transporte_p%C3%BAblico-line-607_COLOMBO_CIC-Curitiba-942-9628-294348-0,-1.0,-25.53964,-49.308075,,False,3,1,2023-06-19T19:36:47.375351+00:00
CUR_HL316,Curitiba,4106902,0,URBS,607,https://moovitapp.com/index/pt-br/transporte_p%C3%BAblico-line-607_COLOMBO_CIC-Curitiba-942-9628-294348-0,-1.0,-25.473911,-49.290135,,False,3,1,2023-06-19T19:35:47.375351+00:00
CUR_HL310,Curitiba,4106902,0,URBS,607,https://moovitapp.com/index/pt-br/transporte_p%C3%BAblico-line-607_COLOMBO_CIC-Curitiba-942-9628-294348-0,-1.0,-25.537525,-49.3068,,False,3,1,2023-06-19T19:36:47.375351+00:00
CUR_HL115,Curitiba,4106902,0,URBS,607,https://moovitapp.com/index/pt-br/transporte_p%C3%BAblico-line-607_COLOMBO_CIC-Curitiba-942-9628-294348-0,-1.0,-25.4918,-49.293783,,False,3,1,2023-06-19T19:37:47.375351+00:00
CUR_JI015,Curitiba,4106902,1,,719,,,-25.47716,-49.334955,,False,1,2,2023-06-19T19:37:47.375351+00:00
CUR_JI004,Curitiba,4106902,1,,719,,,-25.481723,-49.352233,,False,1,1,2023-06-19T19:37:47.375351+00:00
CUR_HI022,Curitiba,4106902,1,,773,,,-25.535375,-49.331878,,False,1,2,2023-06-19T19:36:47.375351+00:00
CUR_BI892,Curitiba,4106902,1,,181,,,-25.430098,-49.272406,,False,7,2,2023-06-19T19:36:47.375351+00:00
CUR_JI005,Curitiba,4106902,1,,718,,,-25.480473,-49.331888,,False,1,,2023-06-19T19:37:47.375351+00:00
CUR_HA029,Curitiba,4106902,1,,615,,,-25.482316,-49.304836,,False,1,1,2023-06-19T19:37:47.375351+00:00
CUR_HI048,Curitiba,4106902,1,,622,,,-25.492125,-49.293105,,False,1,2,2023-06-19T19:36:47.375351+00:00
CUR_HI851,Curitiba,4106902,1,,265,,,-25.409768,-49.264366,,False,7,2,2023-06-19T19:36:47.375351+00:00
CUR_BI025,Curitiba,4106902,1,,916,,,-25.373396,-49.329131,,False,1,2,2023-06-19T19:37:47.375351+00:00
CUR_MA013,Curitiba,4106902,1,,916,,,-25.419151,-49.29474,,False,1,2,2023-06-19T19:29:47.375351+00:00
CUR_HA019,Curitiba,4106902,1,,627,,,-25.529818,-49.335815,,False,1,1,2023-06-19T19:36:47.375351+00:00
CUR_HI006,Curitiba,4106902,1,,627,,,-25.491788,-49.293131,,False,1,2,2023-06-19T19:36:47.375351+00:00
CUR_HA008,Curitiba,4106902,1,,627,,,-25.539453,-49.307798,,False,1,1,2023-06-19T19:36:47.375351+00:00
CUR_HA312,Curitiba,4106902,1,,627,,,-25.513758,-49.335143,,False,3,1,2023-06-19T19:36:47.375351+00:00
CUR_JC316,Curitiba,4106902,1,,701,,,-25.451366,-49.288493,,False,3,1,2023-06-19T19:37:47.375351+00:00
CUR_JC304,Curitiba,4106902,1,,701,,,-25.453706,-49.300233,,False,3,2,2023-06-19T19:37:47.375351+00:00
CUR_JC313,Curitiba,4106902,1,,701,,,-25.47731,-49.326153,,False,3,1,2023-06-19T19:37:47.375351+00:00
CUR_JC311,Curitiba,4106902,1,,701,,,-25.443325,-49.270191,,False,3,1,2023-06-19T19:37:47.375351+00:00
CUR_JC600,Curitiba,4106902,1,,701,,,-25.44125,-49.272361,,False,4,2,2023-06-19T19:37:47.375351+00:00
CUR_JC301,Curitiba,4106902,1,,701,,,-25.468483,-49.312553,,False,3,2,2023-06-19T19:37:47.375351+00:00
CUR_JC308,Curitiba,4106902,1,,703,,,-25.465996,-49.313875,,False,3,1,2023-06-19T19:36:47.375351+00:00
CUR_JA699,Curitiba,4106902,1,,703,,,-25.483863,-49.35007,,False,4,1,2023-06-19T19:37:47.375351+00:00
CUR_JC317,Curitiba,4106902,1,,703,,,-25.474893,-49.318261,,False,3,2,2023-06-19T19:37:47.375351+00:00
CUR_JI601,Curitiba,4106902,1,,703,,,-25.44802,-49.284806,,False,4,2,2023-06-19T19:37:47.375351+00:00
CUR_JI604,Curitiba,4106902,1,,703,,,-25.478286,-49.33064,,False,4,2,2023-06-19T19:37:47.375351+00:00
CUR_JC309,Curitiba,4106902,1,,703,,,-25.436875,-49.273286,,False,3,1,2023-06-19T19:37:47.375351+00:00
CUR_JC315,Curitiba,4106902,1,,703,,,-25.438731,-49.273341,,False,3,2,2023-06-19T19:37:47.375351+00:00
CUR_JI603,Curitiba,4106902,1,,703,,,-25.45486,-49.303256,,False,4,2,2023-06-19T19:37:47.375351+00:00
CUR_DN607,Curitiba,4106902,1,,516,,,-25.482065,-49.227248,,False,7,1,2023-06-19T19:35:47.375351+00:00
CUR_MI856,Curitiba,4106902,1,,913,,,-25.400466,-49.353985,,False,7,1,2023-06-19T19:36:47.375351+00:00
CUR_HL495,Curitiba,4106902,1,URBS,700,https://moovitapp.com/index/pt-br/transporte_p%C3%BAblico-line-700_PINHEIRINHO_CABRAL-Curitiba-942-9628-757429-0,-1.0,-25.42501,-49.266038,,False,3,1,2023-06-19T19:36:47.375351+00:00
CUR_BL306,Curitiba,4106902,0,URBS,700,https://moovitapp.com/index/pt-br/transporte_p%C3%BAblico-line-700_PINHEIRINHO_CABRAL-Curitiba-942-9628-757429-0,-1.0,-25.40784,-49.253996,,False,3,2,2023-06-19T19:36:47.375351+00:00
CUR_BL319,Curitiba,4106902,0,URBS,700,https://moovitapp.com/index/pt-br/transporte_p%C3%BAblico-line-700_PINHEIRINHO_CABRAL-Curitiba-942-9628-757429-0,-1.0,-25.511928,-49.294936,,False,3,1,2023-06-19T19:36:47.375351+00:00
CUR_BL313,Curitiba,4106902,0,URBS,700,https://moovitapp.com/index/pt-br/transporte_p%C3%BAblico-line-700_PINHEIRINHO_CABRAL-Curitiba-942-9628-757429-0,-1.0,-25.439463,-49.26052,,False,3,1,2023-06-19T19:36:47.375351+00:00
CUR_HL328,Curitiba,4106902,0,URBS,700,https://moovitapp.com/index/pt-br/transporte_p%C3%BAblico-line-700_PINHEIRINHO_CABRAL-Curitiba-942-9628-757429-0,-1.0,-25.439963,-49.263685,,False,3,2,2023-06-19T19:36:47.375351+00:00
CUR_HL302,Curitiba,4106902,0,URBS,700,https://moovitapp.com/index/pt-br/transporte_p%C3%BAblico-line-700_PINHEIRINHO_CABRAL-Curitiba-942-9628-757429-0,-1.0,-25.440353,-49.260221,,False,3,1,2023-06-19T19:36:47.375351+00:00
CUR_HL307,Curitiba,4106902,0,URBS,X32,https://moovitapp.com/index/pt-br/transporte_p%C3%BAblico-line-X32_CIC_CAP%C3%83O_RASO-Curitiba-942-9628-557282-0,-1.0,-25.491701,-49.2974,,False,3,1,2023-06-19T19:31:47.375351+00:00
CUR_BL304,Curitiba,4106902,0,URBS,700,https://moovitapp.com/index/pt-br/transporte_p%C3%BAblico-line-700_PINHEIRINHO_CABRAL-Curitiba-942-9628-757429-0,-1.0,-25.415486,-49.281086,,False,3,2,2023-06-19T19:36:47.375351+00:00
CUR_BL314,Curitiba,4106902,0,URBS,700,https://moovitapp.com/index/pt-br/transporte_p%C3%BAblico-line-700_PINHEIRINHO_CABRAL-Curitiba-942-9628-757429-0,-1.0,-25.470076,-49.295443,,False,3,2,2023-06-19T19:35:47.375351+00:00
CUR_JA034,Curitiba,4106902,1,,714,,,-25.501535,-49.345355,,False,1,,2023-06-19T19:37:47.375351+00:00
CUR_HI853,Curitiba,4106902,1,,644,,,-25.518845,-49.32402,,False,7,1,2023-06-19T19:36:47.375351+00:00
CUR_MA003,Curitiba,4106902,1,,917,,,-25.419226,-49.294278,,False,1,1,2023-06-19T19:37:47.375351+00:00
CUR_MA012,Curitiba,4106902,1,,917,,,-25.39365,-49.335621,,False,1,2,2023-06-19T19:37:47.375351+00:00
CUR_MN608,Curitiba,4106902,1,,915,,,-25.400601,-49.330536,,False,7,2,2023-06-19T19:37:47.375351+00:00
CUR_HL321,Curitiba,4106902,0,URBS,X35,https://moovitapp.com/index/pt-br/transporte_p%C3%BAblico-line-X35_PINHEIRINHO_PREFEITURA-Curitiba-942-9628-778958-0,-1.0,-25.53945,-49.308283,,False,3,2,2023-06-19T19:36:47.375351+00:00
CUR_HL303,Curitiba,4106902,0,URBS,X35,https://moovitapp.com/index/pt-br/transporte_p%C3%BAblico-line-X35_PINHEIRINHO_PREFEITURA-Curitiba-942-9628-778958-0,-1.0,-25.449358,-49.257513,,False,3,1,2023-06-19T19:37:47.375351+00:00
CUR_HL309,Curitiba,4106902,0,URBS,X35,https://moovitapp.com/index/pt-br/transporte_p%C3%BAblico-line-X35_PINHEIRINHO_PREFEITURA-Curitiba-942-9628-778958-0,-1.0,-25.537411,-49.307083,,False,3,1,2023-06-19T19:36:47.375351+00:00
CUR_HL118,Curitiba,4106902,0,URBS,X35,https://moovitapp.com/index/pt-br/transporte_p%C3%BAblico-line-X35_PINHEIRINHO_PREFEITURA-Curitiba-942-9628-778958-0,-1.0,-25.539313,-49.308386,,False,3,2,2023-06-19T19:36:47.375351+00:00
CUR_HL319,Curitiba,4106902,0,URBS,X35,https://moovitapp.com/index/pt-br/transporte_p%C3%BAblico-line-X35_PINHEIRINHO_PREFEITURA-Curitiba-942-9628-778958-0,-1.0,-25.42951,-49.26308,,False,3,2,2023-06-19T19:36:47.375351+00:00
CUR_HL315,Curitiba,4106902,0,URBS,X35,https://moovitapp.com/index/pt-br/transporte_p%C3%BAblico-line-X35_PINHEIRINHO_PREFEITURA-Curitiba-942-9628-778958-0,-1.0,-25.537456,-49.307105,,False,3,1,2023-06-19T19:36:47.375351+00:00
CUR_HL326,Curitiba,4106902,0,URBS,X35,https://moovitapp.com/index/pt-br/transporte_p%C3%BAblico-line-X35_PINHEIRINHO_PREFEITURA-Curitiba-942-9628-778958-0,-1.0,-25.539795,-49.308023,,False,3,1,2023-06-19T19:37:47.375351+00:00
CUR_HL498,Curitiba,4106902,1,URBS,X35,https://moovitapp.com/index/pt-br/transporte_p%C3%BAblico-line-X35_PINHEIRINHO_PREFEITURA-Curitiba-942-9628-778958-0,-1.0,-25.448565,-49.286205,,False,3,2,2023-06-19T19:36:47.375351+00:00
CUR_HL308,Curitiba,4106902,0,URBS,X35,https://moovitapp.com/index/pt-br/transporte_p%C3%BAblico-line-X35_PINHEIRINHO_PREFEITURA-Curitiba-942-9628-778958-0,-1.0,-25.426418,-49.265495,,False,3,2,2023-06-19T19:37:47.375351+00:00
CUR_HA025,Curitiba,4106902,1,,681,,,-25.512283,-49.294763,,False,1,2,2023-06-19T19:37:47.375351+00:00
CUR_HI019,Curitiba,4106902,1,,681,,,-25.565796,-49.329518,,False,1,1,2023-06-19T19:36:47.375351+00:00
CUR_HA197,Curitiba,4106902,1,,681,,,-25.540156,-49.308463,,False,1,1,2023-06-19T19:36:47.375351+00:00
CUR_HC013,Curitiba,4106902,1,,681,,,-25.574541,-49.332586,,False,1,2,2023-06-19T19:37:47.375351+00:00
CUR_JA022,Curitiba,4106902,1,,823,,,-25.453646,-49.358005,,False,1,2,2023-06-19T19:37:47.375351+00:00
CUR_JA035,Curitiba,4106902,1,,823,,,-25.449271,-49.365761,,False,1,2,2023-06-19T19:37:47.375351+00:00
CUR_JI299,Curitiba,4106902,1,,823,,,-25.453823,-49.353103,,False,1,1,2023-06-19T19:37:47.375351+00:00
CUR_GE728,Curitiba,4106902,0,URBS,500,https://moovitapp.com/index/pt-br/transporte_p%C3%BAblico-line-500_LIGEIR%C3%83O_BOQUEIR%C3%83O-Curitiba-942-9628-294422-0,-1.0,-25.502693,-49.236961,,False,5,1,2023-06-19T19:37:47.375351+00:00
CUR_GE716,Curitiba,4106902,0,URBS,500,https://moovitapp.com/index/pt-br/transporte_p%C3%BAblico-line-500_LIGEIR%C3%83O_BOQUEIR%C3%83O-Curitiba-942-9628-294422-0,-1.0,-25.444705,-49.265238,,False,5,2,2023-06-19T19:37:47.375351+00:00
CUR_GE701,Curitiba,4106902,0,URBS,500,https://moovitapp.com/index/pt-br/transporte_p%C3%BAblico-line-500_LIGEIR%C3%83O_BOQUEIR%C3%83O-Curitiba-942-9628-294422-0,-1.0,-25.503218,-49.236725,,False,5,1,2023-06-19T19:37:47.375351+00:00
CUR_GE720,Curitiba,4106902,0,URBS,500,https://moovitapp.com/index/pt-br/transporte_p%C3%BAblico-line-500_LIGEIR%C3%83O_BOQUEIR%C3%83O-Curitiba-942-9628-294422-0,-1.0,-25.445601,-49.264791,,False,5,2,2023-06-19T19:37:47.375351+00:00
CUR_GD349,Curitiba,4106902,0,URBS,500,https://moovitapp.com/index/pt-br/transporte_p%C3%BAblico-line-500_LIGEIR%C3%83O_BOQUEIR%C3%83O-Curitiba-942-9628-294422-0,-1.0,-25.444271,-49.265353,,False,5,2,2023-06-19T19:37:47.375351+00:00
CUR_GE723,Curitiba,4106902,0,URBS,500,https://moovitapp.com/index/pt-br/transporte_p%C3%BAblico-line-500_LIGEIR%C3%83O_BOQUEIR%C3%83O-Curitiba-942-9628-294422-0,-1.0,-25.438483,-49.268298,,False,5,2,2023-06-19T19:37:47.375351+00:00
CUR_GE719,Curitiba,4106902,0,URBS,500,https://moovitapp.com/index/pt-br/transporte_p%C3%BAblico-line-500_LIGEIR%C3%83O_BOQUEIR%C3%83O-Curitiba-942-9628-294422-0,-1.0,-25.516191,-49.23068,,False,5,1,2023-06-19T19:37:47.375351+00:00
CUR_GE710,Curitiba,4106902,0,URBS,500,https://moovitapp.com/index/pt-br/transporte_p%C3%BAblico-line-500_LIGEIR%C3%83O_BOQUEIR%C3%83O-Curitiba-942-9628-294422-0,-1.0,-25.438155,-49.268548,,False,5,2,2023-06-19T19:37:47.375351+00:00
CUR_GD348,Curitiba,4106902,0,URBS,500,https://moovitapp.com/index/pt-br/transporte_p%C3%BAblico-line-500_LIGEIR%C3%83O_BOQUEIR%C3%83O-Curitiba-942-9628-294422-0,-1.0,-25.549413,-49.2904,,False,5,1,2023-06-19T19:37:47.375351+00:00
CUR_BI867,Curitiba,4106902,1,,237,,,-25.374698,-49.221521,,False,7,,2023-06-19T19:36:47.375351+00:00
CUR_BL340,Curitiba,4106902,1,URBS,256,https://moovitapp.com/index/pt-br/transporte_p%C3%BAblico-line-256_BARREIRINHA_GUADALUPE-Curitiba-942-9628-398191-0,-1.0,-25.422498,-49.269695,,False,3,1,2023-06-19T19:36:47.375351+00:00
CUR_BL336,Curitiba,4106902,0,URBS,256,https://moovitapp.com/index/pt-br/transporte_p%C3%BAblico-line-256_BARREIRINHA_GUADALUPE-Curitiba-942-9628-398191-0,-1.0,-25.4204,-49.268651,,False,3,2,2023-06-19T19:36:47.375351+00:00
CUR_BL329,Curitiba,4106902,0,URBS,256,https://moovitapp.com/index/pt-br/transporte_p%C3%BAblico-line-256_BARREIRINHA_GUADALUPE-Curitiba-942-9628-398191-0,-1.0,-25.412546,-49.263628,,False,3,2,2023-06-19T19:36:47.375351+00:00
CUR_BL331,Curitiba,4106902,0,URBS,256,https://moovitapp.com/index/pt-br/transporte_p%C3%BAblico-line-256_BARREIRINHA_GUADALUPE-Curitiba-942-9628-398191-0,-1.0,-25.43126,-49.263126,,False,3,2,2023-06-19T19:37:47.375351+00:00
CUR_BL318,Curitiba,4106902,0,URBS,256,https://moovitapp.com/index/pt-br/transporte_p%C3%BAblico-line-256_BARREIRINHA_GUADALUPE-Curitiba-942-9628-398191-0,-1.0,-25.414775,-49.28085,,False,3,1,2023-06-19T19:36:47.375351+00:00
CUR_BA015,Curitiba,4106902,1,,171,,,-25.380511,-49.29176,,False,1,1,2023-06-19T19:36:47.375351+00:00
CUR_HC852,Curitiba,4106902,1,,671,,,-25.478638,-49.311291,,False,7,1,2023-06-19T19:36:47.375351+00:00
CUR_EL326,Curitiba,4106902,1,URBS,507,https://moovitapp.com/index/pt-br/transporte_p%C3%BAblico-line-507_S%C3%8DTIO_CERCADO_HOR%C3%81RIO-Curitiba-942-9628-294494-0,-1.0,-25.520836,-49.237148,,False,3,,2023-06-19T19:37:47.375351+00:00
CUR_EL303,Curitiba,4106902,0,URBS,507,https://moovitapp.com/index/pt-br/transporte_p%C3%BAblico-line-507_S%C3%8DTIO_CERCADO_HOR%C3%81RIO-Curitiba-942-9628-294494-0,-1.0,-25.472656,-49.251661,,False,3,,2023-06-19T19:37:47.375351+00:00
CUR_EL312,Curitiba,4106902,0,URBS,507,https://moovitapp.com/index/pt-br/transporte_p%C3%BAblico-line-507_S%C3%8DTIO_CERCADO_HOR%C3%81RIO-Curitiba-942-9628-294494-0,-1.0,-25.492338,-49.293003,,False,3,,2023-06-19T19:37:47.375351+00:00
CUR_EL309,Curitiba,4106902,0,URBS,507,https://moovitapp.com/index/pt-br/transporte_p%C3%BAblico-line-507_S%C3%8DTIO_CERCADO_HOR%C3%81RIO-Curitiba-942-9628-294494-0,-1.0,-25.535076,-49.286043,,False,3,,2023-06-19T19:37:47.375351+00:00
CUR_EL300,Curitiba,4106902,0,URBS,507,https://moovitapp.com/index/pt-br/transporte_p%C3%BAblico-line-507_S%C3%8DTIO_CERCADO_HOR%C3%81RIO-Curitiba-942-9628-294494-0,-1.0,-25.467466,-49.256105,,False,3,,2023-06-19T19:37:47.375351+00:00
CUR_EL323,Curitiba,4106902,1,URBS,507,https://moovitapp.com/index/pt-br/transporte_p%C3%BAblico-line-507_S%C3%8DTIO_CERCADO_HOR%C3%81RIO-Curitiba-942-9628-294494-0,-1.0,-25.515243,-49.230876,,False,3,,2023-06-19T19:37:47.375351+00:00
CUR_EL308,Curitiba,4106902,0,URBS,507,https://moovitapp.com/index/pt-br/transporte_p%C3%BAblico-line-507_S%C3%8DTIO_CERCADO_HOR%C3%81RIO-Curitiba-942-9628-294494-0,-1.0,-25.440675,-49.261435,,False,3,,2023-06-19T19:36:47.375351+00:00
CUR_EL310,Curitiba,4106902,0,URBS,507,https://moovitapp.com/index/pt-br/transporte_p%C3%BAblico-line-507_S%C3%8DTIO_CERCADO_HOR%C3%81RIO-Curitiba-942-9628-294494-0,-1.0,-25.44616,-49.27518,,False,3,,2023-06-19T19:37:47.375351+00:00
CUR_GL305,Curitiba,4106902,0,URBS,507,https://moovitapp.com/index/pt-br/transporte_p%C3%BAblico-line-507_S%C3%8DTIO_CERCADO_HOR%C3%81RIO-Curitiba-942-9628-294494-0,-1.0,-25.543645,-49.29434,,False,3,,2023-06-19T19:37:47.375351+00:00
CUR_GL326,Curitiba,4106902,0,URBS,507,https://moovitapp.com/index/pt-br/transporte_p%C3%BAblico-line-507_S%C3%8DTIO_CERCADO_HOR%C3%81RIO-Curitiba-942-9628-294494-0,-1.0,-25.529538,-49.248203,,False,3,,2023-06-19T19:37:47.375351+00:00
CUR_GL310,Curitiba,4106902,0,URBS,507,https://moovitapp.com/index/pt-br/transporte_p%C3%BAblico-line-507_S%C3%8DTIO_CERCADO_HOR%C3%81RIO-Curitiba-942-9628-294494-0,-1.0,-25.432555,-49.265443,,False,3,,2023-06-19T19:37:47.375351+00:00
CUR_EL332,Curitiba,4106902,1,URBS,508,https://moovitapp.com/index/pt-br/transporte_p%C3%BAblico-line-508_S%C3%8DTIO_CERCADO_ANTI_HOR%C3%81RIO-Curitiba-942-9628-294520-0,-1.0,-25.468925,-49.254583,,False,3,,2023-06-19T19:37:47.375351+00:00
CUR_JI850,Curitiba,4106902,1,,825,,,-25.44453,-49.353886,,False,7,2,2023-06-19T19:37:47.375351+00:00
CUR_GL312,Curitiba,4106902,0,URBS,508,https://moovitapp.com/index/pt-br/transporte_p%C3%BAblico-line-508_S%C3%8DTIO_CERCADO_ANTI_HOR%C3%81RIO-Curitiba-942-9628-294520-0,-1.0,-25.53325,-49.263788,,False,3,,2023-06-19T19:37:47.375351+00:00
CUR_GL328,Curitiba,4106902,1,URBS,508,https://moovitapp.com/index/pt-br/transporte_p%C3%BAblico-line-508_S%C3%8DTIO_CERCADO_ANTI_HOR%C3%81RIO-Curitiba-942-9628-294520-0,-1.0,-25.472446,-49.295296,,False,3,,2023-06-19T19:36:47.375351+00:00
CUR_GL330,Curitiba,4106902,1,URBS,508,https://moovitapp.com/index/pt-br/transporte_p%C3%BAblico-line-508_S%C3%8DTIO_CERCADO_ANTI_HOR%C3%81RIO-Curitiba-942-9628-294520-0,-1.0,-25.512345,-49.295791,,False,3,,2023-06-19T19:37:47.375351+00:00
CUR_GL306,Curitiba,4106902,0,URBS,508,https://moovitapp.com/index/pt-br/transporte_p%C3%BAblico-line-508_S%C3%8DTIO_CERCADO_ANTI_HOR%C3%81RIO-Curitiba-942-9628-294520-0,-1.0,-25.463423,-49.253983,,False,3,,2023-06-19T19:37:47.375351+00:00
CUR_GL327,Curitiba,4106902,1,URBS,508,https://moovitapp.com/index/pt-br/transporte_p%C3%BAblico-line-508_S%C3%8DTIO_CERCADO_ANTI_HOR%C3%81RIO-Curitiba-942-9628-294520-0,-1.0,-25.439596,-49.262801,,False,3,,2023-06-19T19:37:47.375351+00:00
CUR_GL320,Curitiba,4106902,0,URBS,508,https://moovitapp.com/index/pt-br/transporte_p%C3%BAblico-line-508_S%C3%8DTIO_CERCADO_ANTI_HOR%C3%81RIO-Curitiba-942-9628-294520-0,-1.0,-25.549033,-49.290695,,False,3,,2023-06-19T19:37:47.375351+00:00
CUR_GL321,Curitiba,4106902,0,URBS,508,https://moovitapp.com/index/pt-br/transporte_p%C3%BAblico-line-508_S%C3%8DTIO_CERCADO_ANTI_HOR%C3%81RIO-Curitiba-942-9628-294520-0,-1.0,-25.516983,-49.293718,,False,3,,2023-06-19T19:36:47.375351+00:00
CUR_GL307,Curitiba,4106902,0,URBS,508,https://moovitapp.com/index/pt-br/transporte_p%C3%BAblico-line-508_S%C3%8DTIO_CERCADO_ANTI_HOR%C3%81RIO-Curitiba-942-9628-294520-0,-1.0,-25.543995,-49.303146,,False,3,,2023-06-19T19:37:47.375351+00:00
CUR_GL313,Curitiba,4106902,0,URBS,508,https://moovitapp.com/index/pt-br/transporte_p%C3%BAblico-line-508_S%C3%8DTIO_CERCADO_ANTI_HOR%C3%81RIO-Curitiba-942-9628-294520-0,-1.0,-25.548773,-49.290863,,False,3,,2023-06-19T19:37:47.375351+00:00
CUR_HL322,Curitiba,4106902,0,URBS,508,https://moovitapp.com/index/pt-br/transporte_p%C3%BAblico-line-508_S%C3%8DTIO_CERCADO_ANTI_HOR%C3%81RIO-Curitiba-942-9628-294520-0,-1.0,-25.44046,-49.26025,,False,3,,2023-06-19T19:36:47.375351+00:00
CUR_GL329,Curitiba,4106902,1,URBS,508,https://moovitapp.com/index/pt-br/transporte_p%C3%BAblico-line-508_S%C3%8DTIO_CERCADO_ANTI_HOR%C3%81RIO-Curitiba-942-9628-294520-0,-1.0,-25.432338,-49.265573,,False,3,,2023-06-19T19:37:47.375351+00:00
CUR_JI858,Curitiba,4106902,1,,713,,,-25.477378,-49.327036,,False,7,1,2023-06-19T19:37:47.375351+00:00
CUR_BC028,Curitiba,4106902,1,,245,,,-25.363583,-49.262513,,False,1,1,2023-06-19T19:36:47.375351+00:00
CUR_HC006,Curitiba,4106902,1,,690,,,-25.538331,-49.307641,,False,1,1,2023-06-19T19:36:47.375351+00:00
CUR_HC001,Curitiba,4106902,1,,690,,,-25.540138,-49.30797,,False,1,1,2023-06-19T19:36:47.375351+00:00
CUR_GI054,Curitiba,4106902,1,,635,,,-25.535926,-49.284336,,False,1,2,2023-06-19T19:37:47.375351+00:00
CUR_BI870,Curitiba,4106902,1,,343,,,-25.403616,-49.210468,,False,7,1,2023-06-19T19:36:47.375351+00:00
CUR_BC324,Curitiba,4106902,1,,207,,,-25.406433,-49.252606,,False,3,1,2023-06-19T19:36:47.375351+00:00
CUR_BC027,Curitiba,4106902,1,,207,,,-25.42644,-49.27367,,False,1,2,2023-06-19T19:35:47.375351+00:00
CUR_BA031,Curitiba,4106902,1,,207,,,-25.409528,-49.271443,,False,1,2,2023-06-19T19:36:47.375351+00:00
CUR_BC310,Curitiba,4106902,1,,207,,,-25.399145,-49.245845,,False,3,1,2023-06-19T19:36:47.375351+00:00
CUR_BC323,Curitiba,4106902,1,,207,,,-25.395123,-49.243098,,False,3,2,2023-06-19T19:36:47.375351+00:00
CUR_BC309,Curitiba,4106902,1,,207,,,-25.395535,-49.242788,,False,3,1,2023-06-19T19:36:47.375351+00:00
CUR_BC311,Curitiba,4106902,1,,207,,,-25.417743,-49.267703,,False,3,1,2023-06-19T19:36:47.375351+00:00
CUR_BC308,Curitiba,4106902,1,,207,,,-25.430273,-49.274555,,False,3,2,2023-06-19T19:36:47.375351+00:00
CUR_MN611,Curitiba,4106902,1,,965,,,-25.398146,-49.315868,,False,7,1,2023-06-19T19:37:47.375351+00:00
CUR_MN605,Curitiba,4106902,1,,965,,,-25.411586,-49.294906,,False,7,2,2023-06-19T19:37:47.375351+00:00
CUR_MN603,Curitiba,4106902,1,,965,,,-25.419965,-49.294216,,False,7,1,2023-06-19T19:36:47.375351+00:00
CUR_MN609,Curitiba,4106902,1,,965,,,-25.42797,-49.271075,,False,7,1,2023-06-19T19:37:47.375351+00:00
CUR_BI850,Curitiba,4106902,1,,176,,,-25.399448,-49.273996,,False,7,1,2023-06-19T19:36:47.375351+00:00
CUR_GL304,Curitiba,4106902,0,URBS,546,https://moovitapp.com/index/pt-br/transporte_p%C3%BAblico-line-546_S%C3%8DTIO_CERCADO_BOQUEIR%C3%83O-Curitiba-942-9628-531687-0,-1.0,-25.548513,-49.290955,,False,3,2,2023-06-19T19:37:47.375351+00:00
CUR_GL300,Curitiba,4106902,0,URBS,546,https://moovitapp.com/index/pt-br/transporte_p%C3%BAblico-line-546_S%C3%8DTIO_CERCADO_BOQUEIR%C3%83O-Curitiba-942-9628-531687-0,-1.0,-25.548373,-49.291001,,False,3,2,2023-06-19T19:35:47.375351+00:00
CUR_BI031,Curitiba,4106902,1,,816,,,-25.430408,-49.322581,,False,1,2,2023-06-19T19:36:47.375351+00:00
CUR_BA037,Curitiba,4106902,1,,816,,,-25.421851,-49.319518,,False,1,1,2023-06-19T19:36:47.375351+00:00
CUR_ML301,Curitiba,4106902,0,URBS,902,https://moovitapp.com/index/pt-br/transporte_p%C3%BAblico-line-902_SANTA_FELICIDADE_PRA%C3%87A_TIRADENTES-Curitiba-942-9628-5597930-0,-1.0,-25.419566,-49.294256,,False,3,2,2023-06-19T19:37:47.375351+00:00
CUR_BE721,Curitiba,4106902,0,URBS,200,https://moovitapp.com/index/pt-br/transporte_p%C3%BAblico-line-200_LIGEIR%C3%83O_SANTA_C%C3%82NDIDA_PRA%C3%87A_DO_JAP%C3%83O-Curitiba-942-9628-1323763-0,-1.0,-25.4047,-49.250936,,False,5,1,2023-06-19T19:36:47.375351+00:00
CUR_GE722,Curitiba,4106902,0,URBS,200,https://moovitapp.com/index/pt-br/transporte_p%C3%BAblico-line-200_LIGEIR%C3%83O_SANTA_C%C3%82NDIDA_PRA%C3%87A_DO_JAP%C3%83O-Curitiba-942-9628-1323763-0,-1.0,-25.377356,-49.22457,,False,5,1,2023-06-19T19:37:47.375351+00:00
CUR_BE707,Curitiba,4106902,0,URBS,200,https://moovitapp.com/index/pt-br/transporte_p%C3%BAblico-line-200_LIGEIR%C3%83O_SANTA_C%C3%82NDIDA_PRA%C3%87A_DO_JAP%C3%83O-Curitiba-942-9628-1323763-0,-1.0,-25.446271,-49.28727,,False,5,2,2023-06-19T19:36:47.375351+00:00
CUR_BE712,Curitiba,4106902,0,URBS,200,https://moovitapp.com/index/pt-br/transporte_p%C3%BAblico-line-200_LIGEIR%C3%83O_SANTA_C%C3%82NDIDA_PRA%C3%87A_DO_JAP%C3%83O-Curitiba-942-9628-1323763-0,-1.0,-25.437266,-49.265691,,False,5,1,2023-06-19T19:35:47.375351+00:00
CUR_HE706,Curitiba,4106902,0,URBS,200,https://moovitapp.com/index/pt-br/transporte_p%C3%BAblico-line-200_LIGEIR%C3%83O_SANTA_C%C3%82NDIDA_PRA%C3%87A_DO_JAP%C3%83O-Curitiba-942-9628-1323763-0,-1.0,-25.42244,-49.266663,,False,5,1,2023-06-19T19:36:47.375351+00:00
CUR_BE714,Curitiba,4106902,0,URBS,200,https://moovitapp.com/index/pt-br/transporte_p%C3%BAblico-line-200_LIGEIR%C3%83O_SANTA_C%C3%82NDIDA_PRA%C3%87A_DO_JAP%C3%83O-Curitiba-942-9628-1323763-0,-1.0,-25.398751,-49.212028,,False,5,2,2023-06-19T19:36:47.375351+00:00
CUR_BE706,Curitiba,4106902,0,URBS,200,https://moovitapp.com/index/pt-br/transporte_p%C3%BAblico-line-200_LIGEIR%C3%83O_SANTA_C%C3%82NDIDA_PRA%C3%87A_DO_JAP%C3%83O-Curitiba-942-9628-1323763-0,-1.0,-25.43946,-49.27149,,False,5,2,2023-06-19T19:36:47.375351+00:00
CUR_BE702,Curitiba,4106902,0,URBS,200,https://moovitapp.com/index/pt-br/transporte_p%C3%BAblico-line-200_LIGEIR%C3%83O_SANTA_C%C3%82NDIDA_PRA%C3%87A_DO_JAP%C3%83O-Curitiba-942-9628-1323763-0,-1.0,-25.394503,-49.242378,,False,5,1,2023-06-19T19:35:47.375351+00:00
CUR_BE704,Curitiba,4106902,0,URBS,200,https://moovitapp.com/index/pt-br/transporte_p%C3%BAblico-line-200_LIGEIR%C3%83O_SANTA_C%C3%82NDIDA_PRA%C3%87A_DO_JAP%C3%83O-Curitiba-942-9628-1323763-0,-1.0,-25.395005,-49.242573,,False,5,2,2023-06-19T19:36:47.375351+00:00
CUR_BE701,Curitiba,4106902,0,URBS,200,https://moovitapp.com/index/pt-br/transporte_p%C3%BAblico-line-200_LIGEIR%C3%83O_SANTA_C%C3%82NDIDA_PRA%C3%87A_DO_JAP%C3%83O-Curitiba-942-9628-1323763-0,-1.0,-25.395068,-49.242221,,False,5,2,2023-06-19T19:36:47.375351+00:00
CUR_BE723,Curitiba,4106902,0,URBS,200,https://moovitapp.com/index/pt-br/transporte_p%C3%BAblico-line-200_LIGEIR%C3%83O_SANTA_C%C3%82NDIDA_PRA%C3%87A_DO_JAP%C3%83O-Curitiba-942-9628-1323763-0,-1.0,-25.444661,-49.28506,,False,5,2,2023-06-19T19:27:47.375351+00:00
CUR_HE702,Curitiba,4106902,0,URBS,200,https://moovitapp.com/index/pt-br/transporte_p%C3%BAblico-line-200_LIGEIR%C3%83O_SANTA_C%C3%82NDIDA_PRA%C3%87A_DO_JAP%C3%83O-Curitiba-942-9628-1323763-0,-1.0,-25.391801,-49.238915,,False,5,2,2023-06-19T19:36:47.375351+00:00
CUR_HD250,Curitiba,4106902,0,URBS,200,https://moovitapp.com/index/pt-br/transporte_p%C3%BAblico-line-200_LIGEIR%C3%83O_SANTA_C%C3%82NDIDA_PRA%C3%87A_DO_JAP%C3%83O-Curitiba-942-9628-1323763-0,-1.0,-25.403418,-49.249635,,False,5,2,2023-06-19T19:36:47.375351+00:00
CUR_BD140,Curitiba,4106902,0,URBS,200,https://moovitapp.com/index/pt-br/transporte_p%C3%BAblico-line-200_LIGEIR%C3%83O_SANTA_C%C3%82NDIDA_PRA%C3%87A_DO_JAP%C3%83O-Curitiba-942-9628-1323763-0,-1.0,-25.432728,-49.266738,,False,5,2,2023-06-19T19:35:47.375351+00:00
CUR_BD139,Curitiba,4106902,0,URBS,200,https://moovitapp.com/index/pt-br/transporte_p%C3%BAblico-line-200_LIGEIR%C3%83O_SANTA_C%C3%82NDIDA_PRA%C3%87A_DO_JAP%C3%83O-Curitiba-942-9628-1323763-0,-1.0,-25.423715,-49.268146,,False,5,2,2023-06-19T19:36:47.375351+00:00
CUR_GI046,Curitiba,4106902,1,,637,,,-25.53493,-49.286156,,False,1,2,2023-06-19T19:37:47.375351+00:00
CUR_GA003,Curitiba,4106902,1,,637,,,-25.549928,-49.291368,,False,1,1,2023-06-19T19:37:47.375351+00:00
CUR_BI901,Curitiba,4106902,1,,361,,,-25.42771,-49.262946,,False,7,1,2023-06-19T19:35:47.375351+00:00
CUR_HI855,Curitiba,4106902,1,,814,,,-25.430911,-49.333171,,False,7,2,2023-06-19T19:36:47.375351+00:00
CUR_JA299,Curitiba,4106902,1,,814,,,-25.449285,-49.36613,,False,1,2,2023-06-19T19:37:47.375351+00:00
CUR_HC853,Curitiba,4106902,1,,814,,,-25.537145,-49.306816,,False,7,2,2023-06-19T19:36:47.375351+00:00
CUR_HN403,Curitiba,4106902,1,,814,,,-25.442146,-49.335185,,False,7,2,2023-06-19T19:36:47.375351+00:00
CUR_BI874,Curitiba,4106902,1,,274,,,-25.387226,-49.26098,,False,7,2,2023-06-19T19:34:47.375351+00:00
CUR_BI888,Curitiba,4106902,1,,274,,,-25.428933,-49.270231,,False,7,1,2023-06-19T19:36:47.375351+00:00
CUR_DN603,Curitiba,4106902,1,,464,,,-25.4691,-49.254893,,False,7,2,2023-06-19T19:37:47.375351+00:00
CUR_HI003,Curitiba,4106902,1,,801,,,-25.44553,-49.295225,,False,1,1,2023-06-19T19:36:47.375351+00:00
CUR_HC008,Curitiba,4106902,1,,801,,,-25.441451,-49.298111,,False,1,2,2023-06-19T19:36:47.375351+00:00
CUR_HC502,Curitiba,4106902,1,,801,,,-25.538393,-49.307765,,False,2,2,2023-06-19T19:36:47.375351+00:00
CUR_HC500,Curitiba,4106902,1,,801,,,-25.437691,-49.301735,,False,2,1,2023-06-19T19:36:47.375351+00:00
CUR_BI886,Curitiba,4106902,1,,224,,,-25.381138,-49.23787,,False,7,,2023-06-19T19:36:47.375351+00:00
CUR_JA023,Curitiba,4106902,1,,732,,,-25.465821,-49.35619,,False,1,1,2023-06-19T19:37:47.375351+00:00
CUR_JB302,Curitiba,4106902,1,,720,,,-25.44623,-49.347803,,False,10,1,2023-06-19T19:37:47.375351+00:00
CUR_JB301,Curitiba,4106902,1,,720,,,-25.47723,-49.32711,,False,3,2,2023-06-19T19:37:47.375351+00:00
CUR_JI863,Curitiba,4106902,1,,779,,,-25.458525,-49.308113,,False,7,1,2023-06-19T19:37:47.375351+00:00
CUR_MI852,Curitiba,4106902,1,Auto Viação São José,150,https://moovitapp.com/index/pt-br/transporte_p%C3%BAblico-line-150_T_AFONSO_PENA_PIT_BORDA_DO_CAMPO-Curitiba-942-857412-53904521-0,-1.0,-25.422038,-49.287108,,False,7,2,2023-06-19T19:37:47.375351+00:00
CUR_GA001,Curitiba,4106902,1,,614,,,-25.45969,-49.250093,,False,1,1,2023-06-19T19:37:47.375351+00:00
CUR_GI301,Curitiba,4106902,1,,614,,,-25.548425,-49.2917,,False,3,2,2023-06-19T19:36:47.375351+00:00
CUR_BI881,Curitiba,4106902,1,,385,,,-25.435818,-49.256815,,False,7,2,2023-06-19T19:35:47.375351+00:00
CUR_BI862,Curitiba,4106902,1,,385,,,-25.39432,-49.242288,,False,7,1,2023-06-19T19:36:47.375351+00:00
CUR_GI853,Curitiba,4106902,1,,666,,,-25.475673,-49.287628,,False,7,2,2023-06-19T19:37:47.375351+00:00
CUR_HB695,Curitiba,4106902,1,,027,,,-25.453223,-49.304626,,False,4,2,2023-06-19T19:36:47.375351+00:00
CUR_DC853,Curitiba,4106902,1,,331,,,-25.47277,-49.200236,,False,7,,2023-06-19T19:36:47.375351+00:00
CUR_BI896,Curitiba,4106902,1,,875,,,-25.433643,-49.292135,,False,7,2,2023-06-19T19:35:47.375351+00:00
CUR_GL080,Curitiba,4106902,0,URBS,520,https://moovitapp.com/index/pt-br/transporte_p%C3%BAblico-line-520_OSTERNACK_S%C3%8DTIO_CERCADO_LD-Curitiba-942-9628-82134294-0,-1.0,-25.550003,-49.291628,,False,3,1,2023-06-19T19:37:47.375351+00:00
CUR_BC011,Curitiba,4106902,1,,829,,,-25.444321,-49.3591,,False,1,,2023-06-19T19:36:47.375351+00:00
CUR_BC010,Curitiba,4106902,1,,829,,,-25.414916,-49.280983,,False,1,,2023-06-19T19:35:47.375351+00:00
CUR_JL308,Curitiba,4106902,0,URBS,X36,https://moovitapp.com/index/pt-br/transporte_p%C3%BAblico-line-X36_REFOR%C3%87O_GUADALUPE_FAZENDINHA-Curitiba-942-9628-11745709-0,-1.0,-25.477605,-49.326011,,False,3,1,2023-06-19T19:37:47.375351+00:00
CUR_JL312,Curitiba,4106902,0,URBS,X36,https://moovitapp.com/index/pt-br/transporte_p%C3%BAblico-line-X36_REFOR%C3%87O_GUADALUPE_FAZENDINHA-Curitiba-942-9628-11745709-0,-1.0,-25.432833,-49.265453,,False,3,2,2023-06-19T19:37:47.375351+00:00
CUR_JL301,Curitiba,4106902,0,URBS,X36,https://moovitapp.com/index/pt-br/transporte_p%C3%BAblico-line-X36_REFOR%C3%87O_GUADALUPE_FAZENDINHA-Curitiba-942-9628-11745709-0,-1.0,-25.448898,-49.287,,False,3,2,2023-06-19T19:36:47.375351+00:00
CUR_JL316,Curitiba,4106902,0,URBS,X36,https://moovitapp.com/index/pt-br/transporte_p%C3%BAblico-line-X36_REFOR%C3%87O_GUADALUPE_FAZENDINHA-Curitiba-942-9628-11745709-0,-1.0,-25.448641,-49.366015,,False,3,1,2023-06-19T19:29:47.375351+00:00
CUR_JL309,Curitiba,4106902,0,URBS,X36,https://moovitapp.com/index/pt-br/transporte_p%C3%BAblico-line-X36_REFOR%C3%87O_GUADALUPE_FAZENDINHA-Curitiba-942-9628-11745709-0,-1.0,-25.434785,-49.27601,,False,3,2,2023-06-19T19:37:47.375351+00:00
CUR_DE695,Curitiba,4106902,0,URBS,302,https://moovitapp.com/index/pt-br/transporte_p%C3%BAblico-line-302_CENTEN%C3%81RIO_RUI_BARBOSA-Curitiba-942-9628-294501-0,-1.0,-25.440031,-49.267576,,False,4,1,2023-06-19T19:37:47.375351+00:00
CUR_DE701,Curitiba,4106902,0,URBS,302,https://moovitapp.com/index/pt-br/transporte_p%C3%BAblico-line-302_CENTEN%C3%81RIO_RUI_BARBOSA-Curitiba-942-9628-294501-0,-1.0,-25.468053,-49.255066,,False,5,1,2023-06-19T19:37:47.375351+00:00
CUR_DE696,Curitiba,4106902,0,URBS,302,https://moovitapp.com/index/pt-br/transporte_p%C3%BAblico-line-302_CENTEN%C3%81RIO_RUI_BARBOSA-Curitiba-942-9628-294501-0,-1.0,-25.467951,-49.256031,,False,4,1,2023-06-19T19:37:47.375351+00:00
CUR_DE699,Curitiba,4106902,0,URBS,302,https://moovitapp.com/index/pt-br/transporte_p%C3%BAblico-line-302_CENTEN%C3%81RIO_RUI_BARBOSA-Curitiba-942-9628-294501-0,-1.0,-25.431118,-49.278703,,False,4,2,2023-06-19T19:37:47.375351+00:00
CUR_JA029,Curitiba,4106902,1,,831,,,-25.492616,-49.304736,,False,1,2,2023-06-19T19:37:47.375351+00:00
CUR_JA020,Curitiba,4106902,1,,831,,,-25.449296,-49.36624,,False,1,2,2023-06-19T19:37:47.375351+00:00
CUR_BC850,Curitiba,4106902,1,,164,,,-25.414801,-49.284528,,False,7,1,2023-06-19T19:36:47.375351+00:00
CUR_DL308,Curitiba,4106902,0,URBS,305,https://moovitapp.com/index/pt-br/transporte_p%C3%BAblico-line-305_CENTEN%C3%81RIO-Curitiba-942-9628-294271-0,-1.0,-25.444065,-49.24352,,False,3,2,2023-06-19T19:37:47.375351+00:00
CUR_DL312,Curitiba,4106902,0,URBS,305,https://moovitapp.com/index/pt-br/transporte_p%C3%BAblico-line-305_CENTEN%C3%81RIO-Curitiba-942-9628-294271-0,-1.0,-25.46753,-49.254963,,False,3,1,2023-06-19T19:36:47.375351+00:00
CUR_DL305,Curitiba,4106902,0,URBS,305,https://moovitapp.com/index/pt-br/transporte_p%C3%BAblico-line-305_CENTEN%C3%81RIO-Curitiba-942-9628-294271-0,-1.0,-25.465523,-49.216841,,False,3,1,2023-06-19T19:35:47.375351+00:00
CUR_JL318,Curitiba,4106902,0,URBS,024,https://moovitapp.com/index/pt-br/transporte_p%C3%BAblico-line-024_CAP%C3%83O_RASO_CAMPINA_DO_SIQUEIRA-Curitiba-942-9628-1323693-0,-1.0,-25.460048,-49.30174,,False,3,2,2023-06-19T19:37:47.375351+00:00
CUR_HL311,Curitiba,4106902,0,URBS,024,https://moovitapp.com/index/pt-br/transporte_p%C3%BAblico-line-024_CAP%C3%83O_RASO_CAMPINA_DO_SIQUEIRA-Curitiba-942-9628-1323693-0,-1.0,-25.444876,-49.304713,,False,3,1,2023-06-19T19:36:47.375351+00:00
CUR_HL317,Curitiba,4106902,0,URBS,024,https://moovitapp.com/index/pt-br/transporte_p%C3%BAblico-line-024_CAP%C3%83O_RASO_CAMPINA_DO_SIQUEIRA-Curitiba-942-9628-1323693-0,-1.0,-25.492393,-49.293708,,False,3,1,2023-06-19T19:37:47.375351+00:00
CUR_GL311,Curitiba,4106902,0,URBS,024,https://moovitapp.com/index/pt-br/transporte_p%C3%BAblico-line-024_CAP%C3%83O_RASO_CAMPINA_DO_SIQUEIRA-Curitiba-942-9628-1323693-0,-1.0,-25.472225,-49.290935,,False,3,1,2023-06-19T19:36:47.375351+00:00
CUR_HR045,Curitiba,4106902,0,URBS,X11,https://moovitapp.com/index/pt-br/transporte_p%C3%BAblico-line-X11_S%C3%8DTIO_CERCADO_CAP%C3%83O_RASO-Curitiba-942-9628-531688-0,-1.0,-25.53843,-49.307111,,False,4,1,2023-06-19T19:36:47.375351+00:00
CUR_HE605,Curitiba,4106902,0,URBS,X11,https://moovitapp.com/index/pt-br/transporte_p%C3%BAblico-line-X11_S%C3%8DTIO_CERCADO_CAP%C3%83O_RASO-Curitiba-942-9628-531688-0,-1.0,-25.538373,-49.307173,,False,4,1,2023-06-19T19:36:47.375351+00:00
CUR_DL040,Curitiba,4106902,0,URBS,469,https://moovitapp.com/index/pt-br/transporte_p%C3%BAblico-line-469_CENTRO_POLIT%C3%89CNICO-Curitiba-942-9628-294421-0,-1.0,-25.468261,-49.254716,,False,3,1,2023-06-19T19:37:47.375351+00:00
CUR_DL315,Curitiba,4106902,0,URBS,469,https://moovitapp.com/index/pt-br/transporte_p%C3%BAblico-line-469_CENTRO_POLIT%C3%89CNICO-Curitiba-942-9628-294421-0,-1.0,-25.430463,-49.26264,,False,3,1,2023-06-19T19:37:47.375351+00:00
CUR_BL316,Curitiba,4106902,0,URBS,518,https://moovitapp.com/index/pt-br/transporte_p%C3%BAblico-line-518_PUC_RODOFERROVI%C3%81RIA-Curitiba-942-9628-743528-0,-1.0,-25.443523,-49.259436,,False,3,2,2023-06-19T19:36:47.375351+00:00
CUR_GE602,Curitiba,4106902,0,URBS,X12,https://moovitapp.com/index/pt-br/transporte_p%C3%BAblico-line-X12_ESPECIAL_BOQUEIR%C3%83O-Curitiba-942-9628-504177-0,-1.0,-25.55014,-49.291708,,False,4,1,2023-06-19T19:37:47.375351+00:00
CUR_BA016,Curitiba,4106902,1,,815,,,-25.421741,-49.283236,,False,1,,2023-06-19T19:36:47.375351+00:00
CUR_HE604,Curitiba,4106902,0,URBS,X20,https://moovitapp.com/index/pt-br/transporte_p%C3%BAblico-line-X20_PORT%C3%83O_S%C3%8DTIO_CERCADO-Curitiba-942-9628-531683-0,-1.0,-25.534876,-49.270515,,False,4,1,2023-06-19T19:37:47.375351+00:00
CUR_HE600,Curitiba,4106902,0,URBS,X20,https://moovitapp.com/index/pt-br/transporte_p%C3%BAblico-line-X20_PORT%C3%83O_S%C3%8DTIO_CERCADO-Curitiba-942-9628-531683-0,-1.0,-25.482281,-49.292895,,False,4,1,2023-06-19T19:36:47.375351+00:00
CUR_GE729,Curitiba,4106902,0,URBS,X08,https://moovitapp.com/index/pt-br/transporte_p%C3%BAblico-line-X08_REFOR%C3%87O_PINHEIRINHO-Curitiba-942-9628-78902615-0,-1.0,-25.444861,-49.285503,,False,5,1,2023-06-19T19:37:47.375351+00:00
CUR_HD244,Curitiba,4106902,0,URBS,X08,https://moovitapp.com/index/pt-br/transporte_p%C3%BAblico-line-X08_REFOR%C3%87O_PINHEIRINHO-Curitiba-942-9628-78902615-0,-1.0,-25.443735,-49.2807,,False,5,1,2023-06-19T19:36:47.375351+00:00
