bus_id,city,city_code,adapted,agency,line_code,line_url,line_fare,latitude,longitude,bus_speed,is_eletric,bus_type,bus_direction,updated_at
CUR_BI851,Curitiba,4106902,1,,175,,,-25.427313,-49.274201,,False,7,2,2023-06-16T21:25:49.596343+00:00
CUR_BL600,Curitiba,4106902,0,URBS,022,https://moovitapp.com/index/pt-br/transporte_p%C3%BAblico-line-022_INTER_2_HOR%C3%81RIO-Curitiba-942-9628-381388-0,-1.0,-25.422706,-49.290481,,False,4,,2023-06-16T21:22:49.596343+00:00
CUR_BL602,Curitiba,4106902,0,URBS,022,https://moovitapp.com/index/pt-br/transporte_p%C3%BAblico-line-022_INTER_2_HOR%C3%81RIO-Curitiba-942-9628-381388-0,-1.0,-25.448666,-49.304613,,False,4,,2023-06-16T21:24:49.596343+00:00
CUR_BL610,Curitiba,4106902,0,URBS,022,https://moovitapp.com/index/pt-br/transporte_p%C3%BAblico-line-022_INTER_2_HOR%C3%81RIO-Curitiba-942-9628-381388-0,-1.0,-25.495606,-49.268218,,False,4,,2023-06-16T21:24:49.596343+00:00
CUR_BL322,Curitiba,4106902,0,URBS,022,https://moovitapp.com/index/pt-br/transporte_p%C3%BAblico-line-022_INTER_2_HOR%C3%81RIO-Curitiba-942-9628-381388-0,-1.0,-25.471735,-49.23753,,False,3,,2023-06-16T21:20:49.596343+00:00
CUR_CL698,Curitiba,4106902,0,URBS,022,https://moovitapp.com/index/pt-br/transporte_p%C3%BAblico-line-022_INTER_2_HOR%C3%81RIO-Curitiba-942-9628-381388-0,-1.0,-25.468851,-49.290125,,False,4,,2023-06-16T21:23:49.596343+00:00
CUR_CL601,Curitiba,4106902,0,URBS,022,https://moovitapp.com/index/pt-br/transporte_p%C3%BAblico-line-022_INTER_2_HOR%C3%81RIO-Curitiba-942-9628-381388-0,-1.0,-25.437993,-49.219568,,False,4,,2023-06-16T21:25:49.596343+00:00
CUR_HL494,Curitiba,4106902,1,URBS,022,https://moovitapp.com/index/pt-br/transporte_p%C3%BAblico-line-022_INTER_2_HOR%C3%81RIO-Curitiba-942-9628-381388-0,-1.0,-25.417505,-49.247171,,False,3,,2023-06-16T21:25:49.596343+00:00
CUR_BL608,Curitiba,4106902,0,URBS,022,https://moovitapp.com/index/pt-br/transporte_p%C3%BAblico-line-022_INTER_2_HOR%C3%81RIO-Curitiba-942-9628-381388-0,-1.0,-25.430118,-49.214286,,False,4,,2023-06-16T21:24:49.596343+00:00
CUR_CL602,Curitiba,4106902,0,URBS,022,https://moovitapp.com/index/pt-br/transporte_p%C3%BAblico-line-022_INTER_2_HOR%C3%81RIO-Curitiba-942-9628-381388-0,-1.0,-25.416703,-49.266871,,False,4,,2023-06-16T21:24:49.596343+00:00
CUR_ML300,Curitiba,4106902,0,URBS,022,https://moovitapp.com/index/pt-br/transporte_p%C3%BAblico-line-022_INTER_2_HOR%C3%81RIO-Curitiba-942-9628-381388-0,-1.0,-25.415961,-49.290063,,False,3,,2023-06-16T21:24:49.596343+00:00
CUR_DR805,Curitiba,4106902,0,URBS,022,https://moovitapp.com/index/pt-br/transporte_p%C3%BAblico-line-022_INTER_2_HOR%C3%81RIO-Curitiba-942-9628-381388-0,-1.0,-25.453796,-49.303948,,False,4,,2023-06-16T21:23:49.596343+00:00
CUR_HL601,Curitiba,4106902,0,URBS,022,https://moovitapp.com/index/pt-br/transporte_p%C3%BAblico-line-022_INTER_2_HOR%C3%81RIO-Curitiba-942-9628-381388-0,-1.0,-25.483783,-49.248908,,False,4,,2023-06-16T21:25:49.596343+00:00
CUR_BL318,Curitiba,4106902,0,URBS,022,https://moovitapp.com/index/pt-br/transporte_p%C3%BAblico-line-022_INTER_2_HOR%C3%81RIO-Curitiba-942-9628-381388-0,-1.0,-25.48175,-49.247291,,False,3,,2023-06-16T21:24:49.596343+00:00
CUR_ER802,Curitiba,4106902,0,URBS,022,https://moovitapp.com/index/pt-br/transporte_p%C3%BAblico-line-022_INTER_2_HOR%C3%81RIO-Curitiba-942-9628-381388-0,-1.0,-25.452873,-49.304241,,False,4,,2023-06-16T21:23:49.596343+00:00
CUR_BL328,Curitiba,4106902,0,URBS,022,https://moovitapp.com/index/pt-br/transporte_p%C3%BAblico-line-022_INTER_2_HOR%C3%81RIO-Curitiba-942-9628-381388-0,-1.0,-25.40783,-49.250663,,False,3,,2023-06-16T21:24:49.596343+00:00
CUR_HL699,Curitiba,4106902,0,URBS,022,https://moovitapp.com/index/pt-br/transporte_p%C3%BAblico-line-022_INTER_2_HOR%C3%81RIO-Curitiba-942-9628-381388-0,-1.0,-25.446653,-49.225156,,False,4,,2023-06-16T21:24:49.596343+00:00
CUR_DL316,Curitiba,4106902,0,URBS,022,https://moovitapp.com/index/pt-br/transporte_p%C3%BAblico-line-022_INTER_2_HOR%C3%81RIO-Curitiba-942-9628-381388-0,-1.0,-25.4155,-49.26638,,False,3,,2023-06-16T21:24:49.596343+00:00
CUR_BL605,Curitiba,4106902,0,URBS,022,https://moovitapp.com/index/pt-br/transporte_p%C3%BAblico-line-022_INTER_2_HOR%C3%81RIO-Curitiba-942-9628-381388-0,-1.0,-25.47924,-49.246573,,False,4,,2023-06-16T21:25:49.596343+00:00
CUR_GL601,Curitiba,4106902,0,URBS,022,https://moovitapp.com/index/pt-br/transporte_p%C3%BAblico-line-022_INTER_2_HOR%C3%81RIO-Curitiba-942-9628-381388-0,-1.0,-25.42818,-49.294216,,False,4,,2023-06-16T21:25:49.596343+00:00
CUR_ER801,Curitiba,4106902,0,URBS,022,https://moovitapp.com/index/pt-br/transporte_p%C3%BAblico-line-022_INTER_2_HOR%C3%81RIO-Curitiba-942-9628-381388-0,-1.0,-25.416445,-49.290196,,False,4,,2023-06-16T21:24:49.596343+00:00
CUR_JL310,Curitiba,4106902,0,URBS,022,https://moovitapp.com/index/pt-br/transporte_p%C3%BAblico-line-022_INTER_2_HOR%C3%81RIO-Curitiba-942-9628-381388-0,-1.0,-25.417715,-49.244781,,False,3,,2023-06-16T21:23:49.596343+00:00
CUR_BL332,Curitiba,4106902,0,URBS,022,https://moovitapp.com/index/pt-br/transporte_p%C3%BAblico-line-022_INTER_2_HOR%C3%81RIO-Curitiba-942-9628-381388-0,-1.0,-25.46457,-49.289956,,False,3,,2023-06-16T21:23:49.596343+00:00
CUR_DR801,Curitiba,4106902,0,URBS,022,https://moovitapp.com/index/pt-br/transporte_p%C3%BAblico-line-022_INTER_2_HOR%C3%81RIO-Curitiba-942-9628-381388-0,-1.0,-25.474946,-49.291626,,False,4,,2023-06-16T21:25:49.596343+00:00
CUR_BL607,Curitiba,4106902,0,URBS,022,https://moovitapp.com/index/pt-br/transporte_p%C3%BAblico-line-022_INTER_2_HOR%C3%81RIO-Curitiba-942-9628-381388-0,-1.0,-25.417601,-49.246266,,False,4,,2023-06-16T21:22:49.596343+00:00
CUR_CL699,Curitiba,4106902,0,URBS,022,https://moovitapp.com/index/pt-br/transporte_p%C3%BAblico-line-022_INTER_2_HOR%C3%81RIO-Curitiba-942-9628-381388-0,-1.0,-25.424016,-49.2423,,False,4,,2023-06-16T21:24:49.596343+00:00
CUR_MC079,Curitiba,4106902,1,,972,,,-25.403116,-49.312955,,False,1,1,2023-06-16T21:24:49.596343+00:00
CUR_MC077,Curitiba,4106902,1,,972,,,-25.4205,-49.292561,,False,1,2,2023-06-16T21:24:49.596343+00:00
CUR_GI055,Curitiba,4106902,1,,637,,,-25.516373,-49.295705,,False,1,2,2023-06-16T21:22:49.596343+00:00
CUR_GA003,Curitiba,4106902,1,,637,,,-25.53437,-49.267585,,False,1,2,2023-06-16T21:24:49.596343+00:00
CUR_HA190,Curitiba,4106902,1,,652,,,-25.53015,-49.327783,,False,1,1,2023-06-16T21:23:49.596343+00:00
CUR_HI010,Curitiba,4106902,1,,652,,,-25.51179,-49.328591,,False,1,1,2023-06-16T21:25:49.596343+00:00
CUR_HA128,Curitiba,4106902,1,,652,,,-25.527903,-49.328908,,False,1,2,2023-06-16T21:24:49.596343+00:00
CUR_HA019,Curitiba,4106902,1,,652,,,-25.523636,-49.333983,,False,1,1,2023-06-16T21:24:49.596343+00:00
CUR_JI013,Curitiba,4106902,1,,823,,,-25.455633,-49.352361,,False,1,2,2023-06-16T21:25:49.596343+00:00
CUR_JI299,Curitiba,4106902,1,,823,,,-25.443726,-49.353311,,False,1,1,2023-06-16T21:24:49.596343+00:00
CUR_JC313,Curitiba,4106902,1,,701,,,-25.435241,-49.271758,,False,3,1,2023-06-16T21:24:49.596343+00:00
CUR_JC304,Curitiba,4106902,1,,701,,,-25.476403,-49.321431,,False,3,1,2023-06-16T21:24:49.596343+00:00
CUR_JC301,Curitiba,4106902,1,,701,,,-25.460035,-49.301911,,False,3,1,2023-06-16T21:24:49.596343+00:00
CUR_JI604,Curitiba,4106902,1,,701,,,-25.474348,-49.318305,,False,4,2,2023-06-16T21:25:49.596343+00:00
CUR_JC306,Curitiba,4106902,1,,701,,,-25.465498,-49.309563,,False,3,2,2023-06-16T21:25:49.596343+00:00
CUR_JA300,Curitiba,4106902,1,,701,,,-25.434815,-49.272348,,False,3,2,2023-06-16T21:24:49.596343+00:00
CUR_HE724,Curitiba,4106902,0,URBS,603,https://moovitapp.com/index/pt-br/transporte_p%C3%BAblico-line-603_PINHEIRINHO_RUI_BARBOSA-Curitiba-942-9628-484781-0,-1.0,-25.503403,-49.296098,,False,5,2,2023-06-16T21:23:49.596343+00:00
CUR_HE723,Curitiba,4106902,0,URBS,603,https://moovitapp.com/index/pt-br/transporte_p%C3%BAblico-line-603_PINHEIRINHO_RUI_BARBOSA-Curitiba-942-9628-484781-0,-1.0,-25.439181,-49.272211,,False,5,1,2023-06-16T21:23:49.596343+00:00
CUR_HE728,Curitiba,4106902,0,URBS,603,https://moovitapp.com/index/pt-br/transporte_p%C3%BAblico-line-603_PINHEIRINHO_RUI_BARBOSA-Curitiba-942-9628-484781-0,-1.0,-25.494031,-49.293963,,False,5,2,2023-06-16T21:23:49.596343+00:00
CUR_HE717,Curitiba,4106902,0,URBS,603,https://moovitapp.com/index/pt-br/transporte_p%C3%BAblico-line-603_PINHEIRINHO_RUI_BARBOSA-Curitiba-942-9628-484781-0,-1.0,-25.482073,-49.292775,,False,5,2,2023-06-16T21:23:49.596343+00:00
CUR_HE725,Curitiba,4106902,0,URBS,603,https://moovitapp.com/index/pt-br/transporte_p%C3%BAblico-line-603_PINHEIRINHO_RUI_BARBOSA-Curitiba-942-9628-484781-0,-1.0,-25.464968,-49.291371,,False,5,2,2023-06-16T21:24:49.596343+00:00
CUR_HE731,Curitiba,4106902,0,URBS,603,https://moovitapp.com/index/pt-br/transporte_p%C3%BAblico-line-603_PINHEIRINHO_RUI_BARBOSA-Curitiba-942-9628-484781-0,-1.0,-25.436135,-49.27426,,False,5,1,2023-06-16T21:24:49.596343+00:00
CUR_HE701,Curitiba,4106902,0,URBS,603,https://moovitapp.com/index/pt-br/transporte_p%C3%BAblico-line-603_PINHEIRINHO_RUI_BARBOSA-Curitiba-942-9628-484781-0,-1.0,-25.443643,-49.282433,,False,5,1,2023-06-16T21:24:49.596343+00:00
CUR_HE727,Curitiba,4106902,0,URBS,603,https://moovitapp.com/index/pt-br/transporte_p%C3%BAblico-line-603_PINHEIRINHO_RUI_BARBOSA-Curitiba-942-9628-484781-0,-1.0,-25.463328,-49.290711,,False,5,1,2023-06-16T21:23:49.596343+00:00
CUR_HE726,Curitiba,4106902,0,URBS,603,https://moovitapp.com/index/pt-br/transporte_p%C3%BAblico-line-603_PINHEIRINHO_RUI_BARBOSA-Curitiba-942-9628-484781-0,-1.0,-25.51097,-49.29573,,False,5,2,2023-06-16T21:22:49.596343+00:00
CUR_HE711,Curitiba,4106902,0,URBS,603,https://moovitapp.com/index/pt-br/transporte_p%C3%BAblico-line-603_PINHEIRINHO_RUI_BARBOSA-Curitiba-942-9628-484781-0,-1.0,-25.465265,-49.291475,,False,5,1,2023-06-16T21:24:49.596343+00:00
CUR_HD242,Curitiba,4106902,0,URBS,603,https://moovitapp.com/index/pt-br/transporte_p%C3%BAblico-line-603_PINHEIRINHO_RUI_BARBOSA-Curitiba-942-9628-484781-0,-1.0,-25.512276,-49.295715,,False,5,2,2023-06-16T21:16:49.596343+00:00
CUR_HE712,Curitiba,4106902,0,URBS,603,https://moovitapp.com/index/pt-br/transporte_p%C3%BAblico-line-603_PINHEIRINHO_RUI_BARBOSA-Curitiba-942-9628-484781-0,-1.0,-25.476233,-49.292748,,False,5,2,2023-06-16T21:22:49.596343+00:00
CUR_GE730,Curitiba,4106902,0,URBS,603,https://moovitapp.com/index/pt-br/transporte_p%C3%BAblico-line-603_PINHEIRINHO_RUI_BARBOSA-Curitiba-942-9628-484781-0,-1.0,-25.436785,-49.273421,,False,5,2,2023-06-16T21:24:49.596343+00:00
CUR_HE721,Curitiba,4106902,0,URBS,603,https://moovitapp.com/index/pt-br/transporte_p%C3%BAblico-line-603_PINHEIRINHO_RUI_BARBOSA-Curitiba-942-9628-484781-0,-1.0,-25.44807,-49.287796,,False,5,1,2023-06-16T21:23:49.596343+00:00
CUR_HE705,Curitiba,4106902,0,URBS,603,https://moovitapp.com/index/pt-br/transporte_p%C3%BAblico-line-603_PINHEIRINHO_RUI_BARBOSA-Curitiba-942-9628-484781-0,-1.0,-25.5401,-49.307466,,False,5,,2023-06-16T21:17:49.596343+00:00
CUR_BI023,Curitiba,4106902,1,,924,,,-25.401401,-49.32981,,False,1,2,2023-06-16T21:22:49.596343+00:00
CUR_MA013,Curitiba,4106902,1,,924,,,-25.364693,-49.257513,,False,1,1,2023-06-16T21:23:49.596343+00:00
CUR_MI004,Curitiba,4106902,1,,924,,,-25.382695,-49.312528,,False,1,1,2023-06-16T21:24:49.596343+00:00
CUR_MI003,Curitiba,4106902,1,,924,,,-25.39526,-49.288318,,False,1,2,2023-06-16T21:25:49.596343+00:00
CUR_BA036,Curitiba,4106902,1,,924,,,-25.370541,-49.234548,,False,1,1,2023-06-16T21:17:49.596343+00:00
CUR_BI010,Curitiba,4106902,1,,924,,,-25.381043,-49.280301,,False,1,2,2023-06-16T21:16:49.596343+00:00
CUR_BA026,Curitiba,4106902,1,,924,,,-25.387638,-49.282851,,False,1,1,2023-06-16T21:25:49.596343+00:00
CUR_DR408,Curitiba,4106902,1,,335,,,-25.469116,-49.255081,,False,4,2,2023-06-16T21:21:49.596343+00:00
CUR_EI008,Curitiba,4106902,1,,335,,,-25.498711,-49.218706,,False,1,1,2023-06-16T21:24:49.596343+00:00
CUR_DR407,Curitiba,4106902,1,,335,,,-25.503678,-49.225286,,False,4,2,2023-06-16T21:24:49.596343+00:00
CUR_DA698,Curitiba,4106902,1,,335,,,-25.469906,-49.207323,,False,4,1,2023-06-16T21:23:49.596343+00:00
CUR_EI018,Curitiba,4106902,1,,335,,,-25.503258,-49.225548,,False,1,2,2023-06-16T21:24:49.596343+00:00
CUR_EI013,Curitiba,4106902,1,,663,,,-25.495926,-49.281145,,False,1,1,2023-06-16T21:24:49.596343+00:00
CUR_EA025,Curitiba,4106902,1,,663,,,-25.435781,-49.274316,,False,1,2,2023-06-16T21:24:49.596343+00:00
CUR_BI882,Curitiba,4106902,1,Auto Viação São José,213,https://moovitapp.com/index/pt-br/transporte_p%C3%BAblico-line-213_PIT_PRA%C3%87A_DA_JUVENTUDE_CRISTAL_BLANCO_POMBO_HOR%C3%81RIO-Curitiba-942-857412-119631272-0,-1.0,-25.406718,-49.252636,,False,7,1,2023-06-16T21:24:49.596343+00:00
CUR_BI883,Curitiba,4106902,1,Auto Viação São José,213,https://moovitapp.com/index/pt-br/transporte_p%C3%BAblico-line-213_PIT_PRA%C3%87A_DA_JUVENTUDE_CRISTAL_BLANCO_POMBO_HOR%C3%81RIO-Curitiba-942-857412-119631272-0,-1.0,-25.390971,-49.220606,,False,7,2,2023-06-16T21:24:49.596343+00:00
CUR_DA011,Curitiba,4106902,1,,322,,,-25.468173,-49.208826,,False,1,2,2023-06-16T21:24:49.596343+00:00
CUR_EB608,Curitiba,4106902,1,,050,,,-25.449668,-49.260051,,False,4,2,2023-06-16T21:24:49.596343+00:00
CUR_GR125,Curitiba,4106902,1,,050,,,-25.456061,-49.240838,,False,4,2,2023-06-16T21:24:49.596343+00:00
CUR_JB699,Curitiba,4106902,1,,050,,,-25.47768,-49.311998,,False,4,1,2023-06-16T21:24:49.596343+00:00
CUR_GB608,Curitiba,4106902,1,,050,,,-25.451286,-49.215008,,False,4,1,2023-06-16T21:23:49.596343+00:00
CUR_JB604,Curitiba,4106902,1,,050,,,-25.477918,-49.295203,,False,4,2,2023-06-16T21:23:49.596343+00:00
CUR_EB607,Curitiba,4106902,1,,050,,,-25.477191,-49.32817,,False,4,2,2023-06-16T21:25:49.596343+00:00
CUR_EB605,Curitiba,4106902,1,,050,,,-25.475826,-49.300211,,False,4,1,2023-06-16T21:24:49.596343+00:00
CUR_HB602,Curitiba,4106902,1,,050,,,-25.456901,-49.235465,,False,4,1,2023-06-16T21:22:49.596343+00:00
CUR_KB600,Curitiba,4106902,1,,050,,,-25.47652,-49.290986,,False,4,2,2023-06-16T21:25:49.596343+00:00
CUR_JB610,Curitiba,4106902,1,,050,,,-25.459193,-49.25061,,False,4,2,2023-06-16T21:24:49.596343+00:00
CUR_EB609,Curitiba,4106902,1,,030,,,-25.452023,-49.229661,,False,4,1,2023-06-16T21:23:49.596343+00:00
CUR_JI858,Curitiba,4106902,1,,861,,,-25.43859,-49.278041,,False,7,2,2023-06-16T21:24:49.596343+00:00
CUR_JI852,Curitiba,4106902,1,,861,,,-25.449356,-49.305215,,False,7,1,2023-06-16T21:24:49.596343+00:00
CUR_ML302,Curitiba,4106902,0,URBS,307,https://moovitapp.com/index/pt-br/transporte_p%C3%BAblico-line-307_BAIRRO_ALTO_SANTA_FELICIDADE-Curitiba-942-9628-1323712-0,-1.0,-25.425398,-49.202858,,False,3,1,2023-06-16T21:24:49.596343+00:00
CUR_BL305,Curitiba,4106902,0,URBS,307,https://moovitapp.com/index/pt-br/transporte_p%C3%BAblico-line-307_BAIRRO_ALTO_SANTA_FELICIDADE-Curitiba-942-9628-1323712-0,-1.0,-25.413195,-49.205828,,False,3,2,2023-06-16T21:21:49.596343+00:00
CUR_CL303,Curitiba,4106902,0,URBS,307,https://moovitapp.com/index/pt-br/transporte_p%C3%BAblico-line-307_BAIRRO_ALTO_SANTA_FELICIDADE-Curitiba-942-9628-1323712-0,-1.0,-25.424613,-49.290181,,False,3,2,2023-06-16T21:25:49.596343+00:00
CUR_CL039,Curitiba,4106902,0,URBS,307,https://moovitapp.com/index/pt-br/transporte_p%C3%BAblico-line-307_BAIRRO_ALTO_SANTA_FELICIDADE-Curitiba-942-9628-1323712-0,-1.0,-25.430415,-49.280338,,False,3,1,2023-06-16T21:24:49.596343+00:00
CUR_ML307,Curitiba,4106902,0,URBS,307,https://moovitapp.com/index/pt-br/transporte_p%C3%BAblico-line-307_BAIRRO_ALTO_SANTA_FELICIDADE-Curitiba-942-9628-1323712-0,-1.0,-25.428251,-49.241416,,False,3,2,2023-06-16T21:24:49.596343+00:00
CUR_BL312,Curitiba,4106902,0,URBS,307,https://moovitapp.com/index/pt-br/transporte_p%C3%BAblico-line-307_BAIRRO_ALTO_SANTA_FELICIDADE-Curitiba-942-9628-1323712-0,-1.0,-25.428748,-49.269268,,False,3,2,2023-06-16T21:25:49.596343+00:00
CUR_CL306,Curitiba,4106902,0,URBS,307,https://moovitapp.com/index/pt-br/transporte_p%C3%BAblico-line-307_BAIRRO_ALTO_SANTA_FELICIDADE-Curitiba-942-9628-1323712-0,-1.0,-25.42854,-49.272991,,False,3,1,2023-06-16T21:24:49.596343+00:00
CUR_ML312,Curitiba,4106902,0,URBS,307,https://moovitapp.com/index/pt-br/transporte_p%C3%BAblico-line-307_BAIRRO_ALTO_SANTA_FELICIDADE-Curitiba-942-9628-1323712-0,-1.0,-25.428088,-49.265683,,False,3,2,2023-06-16T21:24:49.596343+00:00
CUR_ML313,Curitiba,4106902,0,URBS,307,https://moovitapp.com/index/pt-br/transporte_p%C3%BAblico-line-307_BAIRRO_ALTO_SANTA_FELICIDADE-Curitiba-942-9628-1323712-0,-1.0,-25.429658,-49.28271,,False,3,2,2023-06-16T21:25:49.596343+00:00
CUR_CL038,Curitiba,4106902,0,URBS,307,https://moovitapp.com/index/pt-br/transporte_p%C3%BAblico-line-307_BAIRRO_ALTO_SANTA_FELICIDADE-Curitiba-942-9628-1323712-0,-1.0,-25.403046,-49.325786,,False,3,2,2023-06-16T21:24:49.596343+00:00
CUR_BE728,Curitiba,4106902,0,URBS,203,https://moovitapp.com/index/pt-br/transporte_p%C3%BAblico-line-203_SANTA_C%C3%82NDIDA_CAP%C3%83O_RASO-Curitiba-942-9628-1323737-0,-1.0,-25.476551,-49.29264,,False,5,2,2023-06-16T21:20:49.596343+00:00
CUR_BE727,Curitiba,4106902,0,URBS,203,https://moovitapp.com/index/pt-br/transporte_p%C3%BAblico-line-203_SANTA_C%C3%82NDIDA_CAP%C3%83O_RASO-Curitiba-942-9628-1323737-0,-1.0,-25.429381,-49.267953,,False,5,1,2023-06-16T21:23:49.596343+00:00
CUR_HE714,Curitiba,4106902,0,URBS,203,https://moovitapp.com/index/pt-br/transporte_p%C3%BAblico-line-203_SANTA_C%C3%82NDIDA_CAP%C3%83O_RASO-Curitiba-942-9628-1323737-0,-1.0,-25.437848,-49.267325,,False,5,1,2023-06-16T21:25:49.596343+00:00
CUR_BE715,Curitiba,4106902,0,URBS,203,https://moovitapp.com/index/pt-br/transporte_p%C3%BAblico-line-203_SANTA_C%C3%82NDIDA_CAP%C3%83O_RASO-Curitiba-942-9628-1323737-0,-1.0,-25.43958,-49.271648,,False,5,2,2023-06-16T21:24:49.596343+00:00
CUR_GE736,Curitiba,4106902,0,URBS,203,https://moovitapp.com/index/pt-br/transporte_p%C3%BAblico-line-203_SANTA_C%C3%82NDIDA_CAP%C3%83O_RASO-Curitiba-942-9628-1323737-0,-1.0,-25.455353,-49.288195,,False,5,1,2023-06-16T21:25:49.596343+00:00
CUR_BE707,Curitiba,4106902,0,URBS,203,https://moovitapp.com/index/pt-br/transporte_p%C3%BAblico-line-203_SANTA_C%C3%82NDIDA_CAP%C3%83O_RASO-Curitiba-942-9628-1323737-0,-1.0,-25.437471,-49.266251,,False,5,2,2023-06-16T21:22:49.596343+00:00
CUR_BE708,Curitiba,4106902,0,URBS,203,https://moovitapp.com/index/pt-br/transporte_p%C3%BAblico-line-203_SANTA_C%C3%82NDIDA_CAP%C3%83O_RASO-Curitiba-942-9628-1323737-0,-1.0,-25.416195,-49.261556,,False,5,2,2023-06-16T21:23:49.596343+00:00
CUR_GE726,Curitiba,4106902,0,URBS,203,https://moovitapp.com/index/pt-br/transporte_p%C3%BAblico-line-203_SANTA_C%C3%82NDIDA_CAP%C3%83O_RASO-Curitiba-942-9628-1323737-0,-1.0,-25.466738,-49.292396,,False,5,1,2023-06-16T21:22:49.596343+00:00
CUR_BE714,Curitiba,4106902,0,URBS,203,https://moovitapp.com/index/pt-br/transporte_p%C3%BAblico-line-203_SANTA_C%C3%82NDIDA_CAP%C3%83O_RASO-Curitiba-942-9628-1323737-0,-1.0,-25.399261,-49.245853,,False,5,1,2023-06-16T21:23:49.596343+00:00
CUR_BE717,Curitiba,4106902,0,URBS,203,https://moovitapp.com/index/pt-br/transporte_p%C3%BAblico-line-203_SANTA_C%C3%82NDIDA_CAP%C3%83O_RASO-Curitiba-942-9628-1323737-0,-1.0,-25.476316,-49.292701,,False,5,2,2023-06-16T21:25:49.596343+00:00
CUR_BE703,Curitiba,4106902,0,URBS,203,https://moovitapp.com/index/pt-br/transporte_p%C3%BAblico-line-203_SANTA_C%C3%82NDIDA_CAP%C3%83O_RASO-Curitiba-942-9628-1323737-0,-1.0,-25.396056,-49.242816,,False,5,1,2023-06-16T21:24:49.596343+00:00
CUR_BD135,Curitiba,4106902,0,URBS,203,https://moovitapp.com/index/pt-br/transporte_p%C3%BAblico-line-203_SANTA_C%C3%82NDIDA_CAP%C3%83O_RASO-Curitiba-942-9628-1323737-0,-1.0,-25.439571,-49.271643,,False,5,2,2023-06-16T21:21:49.596343+00:00
CUR_GD341,Curitiba,4106902,0,URBS,203,https://moovitapp.com/index/pt-br/transporte_p%C3%BAblico-line-203_SANTA_C%C3%82NDIDA_CAP%C3%83O_RASO-Curitiba-942-9628-1323737-0,-1.0,-25.387796,-49.235193,,False,5,1,2023-06-16T21:24:49.596343+00:00
CUR_BE722,Curitiba,4106902,0,URBS,203,https://moovitapp.com/index/pt-br/transporte_p%C3%BAblico-line-203_SANTA_C%C3%82NDIDA_CAP%C3%83O_RASO-Curitiba-942-9628-1323737-0,-1.0,-25.434073,-49.266058,,False,5,1,2023-06-16T21:15:49.596343+00:00
CUR_GE733,Curitiba,4106902,0,URBS,203,https://moovitapp.com/index/pt-br/transporte_p%C3%BAblico-line-203_SANTA_C%C3%82NDIDA_CAP%C3%83O_RASO-Curitiba-942-9628-1323737-0,-1.0,-25.475276,-49.293171,,False,5,2,2023-06-16T21:24:49.596343+00:00
CUR_GE703,Curitiba,4106902,0,URBS,550,https://moovitapp.com/index/pt-br/transporte_p%C3%BAblico-line-550_LIGEIR%C3%83O_PINHEIRINHO_CARLOS_GOMES-Curitiba-942-9628-1254061-0,-1.0,-25.463151,-49.256338,,False,5,2,2023-06-16T21:24:49.596343+00:00
CUR_GD342,Curitiba,4106902,0,URBS,203,https://moovitapp.com/index/pt-br/transporte_p%C3%BAblico-line-203_SANTA_C%C3%82NDIDA_CAP%C3%83O_RASO-Curitiba-942-9628-1323737-0,-1.0,-25.475771,-49.292851,,False,5,1,2023-06-16T21:24:49.596343+00:00
CUR_BE712,Curitiba,4106902,0,URBS,203,https://moovitapp.com/index/pt-br/transporte_p%C3%BAblico-line-203_SANTA_C%C3%82NDIDA_CAP%C3%83O_RASO-Curitiba-942-9628-1323737-0,-1.0,-25.398683,-49.24523,,False,5,1,2023-06-16T21:20:49.596343+00:00
CUR_BE716,Curitiba,4106902,0,URBS,203,https://moovitapp.com/index/pt-br/transporte_p%C3%BAblico-line-203_SANTA_C%C3%82NDIDA_CAP%C3%83O_RASO-Curitiba-942-9628-1323737-0,-1.0,-25.452931,-49.287893,,False,5,2,2023-06-16T21:24:49.596343+00:00
CUR_BE710,Curitiba,4106902,0,URBS,203,https://moovitapp.com/index/pt-br/transporte_p%C3%BAblico-line-203_SANTA_C%C3%82NDIDA_CAP%C3%83O_RASO-Curitiba-942-9628-1323737-0,-1.0,-25.423913,-49.268408,,False,5,2,2023-06-16T21:23:49.596343+00:00
CUR_GD344,Curitiba,4106902,0,URBS,203,https://moovitapp.com/index/pt-br/transporte_p%C3%BAblico-line-203_SANTA_C%C3%82NDIDA_CAP%C3%83O_RASO-Curitiba-942-9628-1323737-0,-1.0,-25.476253,-49.292676,,False,5,2,2023-06-16T21:24:49.596343+00:00
CUR_BE726,Curitiba,4106902,0,URBS,203,https://moovitapp.com/index/pt-br/transporte_p%C3%BAblico-line-203_SANTA_C%C3%82NDIDA_CAP%C3%83O_RASO-Curitiba-942-9628-1323737-0,-1.0,-25.377353,-49.223945,,False,5,1,2023-06-16T21:17:49.596343+00:00
CUR_HL498,Curitiba,4106902,1,URBS,700,https://moovitapp.com/index/pt-br/transporte_p%C3%BAblico-line-700_PINHEIRINHO_CABRAL-Curitiba-942-9628-757429-0,-1.0,-25.407945,-49.25406,,False,3,1,2023-06-16T21:24:49.596343+00:00
CUR_BL306,Curitiba,4106902,0,URBS,700,https://moovitapp.com/index/pt-br/transporte_p%C3%BAblico-line-700_PINHEIRINHO_CABRAL-Curitiba-942-9628-757429-0,-1.0,-25.429513,-49.263045,,False,3,1,2023-06-16T21:24:49.596343+00:00
CUR_BL310,Curitiba,4106902,0,URBS,700,https://moovitapp.com/index/pt-br/transporte_p%C3%BAblico-line-700_PINHEIRINHO_CABRAL-Curitiba-942-9628-757429-0,-1.0,-25.496231,-49.296126,,False,3,2,2023-06-16T21:24:49.596343+00:00
CUR_HL495,Curitiba,4106902,1,URBS,700,https://moovitapp.com/index/pt-br/transporte_p%C3%BAblico-line-700_PINHEIRINHO_CABRAL-Curitiba-942-9628-757429-0,-1.0,-25.449398,-49.283496,,False,3,1,2023-06-16T21:23:49.596343+00:00
CUR_BL309,Curitiba,4106902,0,URBS,700,https://moovitapp.com/index/pt-br/transporte_p%C3%BAblico-line-700_PINHEIRINHO_CABRAL-Curitiba-942-9628-757429-0,-1.0,-25.482233,-49.2951,,False,3,2,2023-06-16T21:24:49.596343+00:00
CUR_HL493,Curitiba,4106902,1,URBS,700,https://moovitapp.com/index/pt-br/transporte_p%C3%BAblico-line-700_PINHEIRINHO_CABRAL-Curitiba-942-9628-757429-0,-1.0,-25.450873,-49.285021,,False,3,1,2023-06-16T21:24:49.596343+00:00
CUR_BL316,Curitiba,4106902,0,URBS,700,https://moovitapp.com/index/pt-br/transporte_p%C3%BAblico-line-700_PINHEIRINHO_CABRAL-Curitiba-942-9628-757429-0,-1.0,-25.495708,-49.295831,,False,3,2,2023-06-16T21:25:49.596343+00:00
CUR_BL331,Curitiba,4106902,0,URBS,700,https://moovitapp.com/index/pt-br/transporte_p%C3%BAblico-line-700_PINHEIRINHO_CABRAL-Curitiba-942-9628-757429-0,-1.0,-25.44359,-49.268273,,False,3,1,2023-06-16T21:24:49.596343+00:00
CUR_HL324,Curitiba,4106902,0,URBS,700,https://moovitapp.com/index/pt-br/transporte_p%C3%BAblico-line-700_PINHEIRINHO_CABRAL-Curitiba-942-9628-757429-0,-1.0,-25.419745,-49.269136,,False,3,1,2023-06-16T21:24:49.596343+00:00
CUR_HL313,Curitiba,4106902,0,URBS,700,https://moovitapp.com/index/pt-br/transporte_p%C3%BAblico-line-700_PINHEIRINHO_CABRAL-Curitiba-942-9628-757429-0,-1.0,-25.451625,-49.29015,,False,3,2,2023-06-16T21:24:49.596343+00:00
CUR_BL338,Curitiba,4106902,0,URBS,700,https://moovitapp.com/index/pt-br/transporte_p%C3%BAblico-line-700_PINHEIRINHO_CABRAL-Curitiba-942-9628-757429-0,-1.0,-25.488541,-49.296371,,False,3,2,2023-06-16T21:22:49.596343+00:00
CUR_BA015,Curitiba,4106902,1,,827,,,-25.446938,-49.364136,,False,1,1,2023-06-16T21:25:49.596343+00:00
CUR_GL326,Curitiba,4106902,0,URBS,508,https://moovitapp.com/index/pt-br/transporte_p%C3%BAblico-line-508_S%C3%8DTIO_CERCADO_ANTI_HOR%C3%81RIO-Curitiba-942-9628-294520-0,-1.0,-25.438336,-49.262716,,False,3,,2023-06-16T21:24:49.596343+00:00
CUR_HL307,Curitiba,4106902,0,URBS,508,https://moovitapp.com/index/pt-br/transporte_p%C3%BAblico-line-508_S%C3%8DTIO_CERCADO_ANTI_HOR%C3%81RIO-Curitiba-942-9628-294520-0,-1.0,-25.431985,-49.264203,,False,3,,2023-06-16T21:22:49.596343+00:00
CUR_GL316,Curitiba,4106902,0,URBS,508,https://moovitapp.com/index/pt-br/transporte_p%C3%BAblico-line-508_S%C3%8DTIO_CERCADO_ANTI_HOR%C3%81RIO-Curitiba-942-9628-294520-0,-1.0,-25.52503,-49.247456,,False,3,,2023-06-16T21:24:49.596343+00:00
CUR_GL329,Curitiba,4106902,1,URBS,508,https://moovitapp.com/index/pt-br/transporte_p%C3%BAblico-line-508_S%C3%8DTIO_CERCADO_ANTI_HOR%C3%81RIO-Curitiba-942-9628-294520-0,-1.0,-25.537333,-49.27598,,False,3,,2023-06-16T21:21:49.596343+00:00
CUR_GL330,Curitiba,4106902,1,URBS,508,https://moovitapp.com/index/pt-br/transporte_p%C3%BAblico-line-508_S%C3%8DTIO_CERCADO_ANTI_HOR%C3%81RIO-Curitiba-942-9628-294520-0,-1.0,-25.512303,-49.295753,,False,3,,2023-06-16T21:24:49.596343+00:00
CUR_GL328,Curitiba,4106902,1,URBS,508,https://moovitapp.com/index/pt-br/transporte_p%C3%BAblico-line-508_S%C3%8DTIO_CERCADO_ANTI_HOR%C3%81RIO-Curitiba-942-9628-294520-0,-1.0,-25.460265,-49.290766,,False,3,,2023-06-16T21:24:49.596343+00:00
CUR_GL319,Curitiba,4106902,0,URBS,508,https://moovitapp.com/index/pt-br/transporte_p%C3%BAblico-line-508_S%C3%8DTIO_CERCADO_ANTI_HOR%C3%81RIO-Curitiba-942-9628-294520-0,-1.0,-25.431136,-49.264506,,False,3,,2023-06-16T21:23:49.596343+00:00
CUR_GL320,Curitiba,4106902,0,URBS,508,https://moovitapp.com/index/pt-br/transporte_p%C3%BAblico-line-508_S%C3%8DTIO_CERCADO_ANTI_HOR%C3%81RIO-Curitiba-942-9628-294520-0,-1.0,-25.480431,-49.295626,,False,3,,2023-06-16T21:24:49.596343+00:00
CUR_EL308,Curitiba,4106902,0,URBS,508,https://moovitapp.com/index/pt-br/transporte_p%C3%BAblico-line-508_S%C3%8DTIO_CERCADO_ANTI_HOR%C3%81RIO-Curitiba-942-9628-294520-0,-1.0,-25.448223,-49.257865,,False,3,,2023-06-16T21:25:49.596343+00:00
CUR_GL307,Curitiba,4106902,0,URBS,508,https://moovitapp.com/index/pt-br/transporte_p%C3%BAblico-line-508_S%C3%8DTIO_CERCADO_ANTI_HOR%C3%81RIO-Curitiba-942-9628-294520-0,-1.0,-25.526908,-49.251668,,False,3,,2023-06-16T21:24:49.596343+00:00
CUR_GL315,Curitiba,4106902,0,URBS,508,https://moovitapp.com/index/pt-br/transporte_p%C3%BAblico-line-508_S%C3%8DTIO_CERCADO_ANTI_HOR%C3%81RIO-Curitiba-942-9628-294520-0,-1.0,-25.461961,-49.291123,,False,3,,2023-06-16T21:25:49.596343+00:00
CUR_GL321,Curitiba,4106902,0,URBS,508,https://moovitapp.com/index/pt-br/transporte_p%C3%BAblico-line-508_S%C3%8DTIO_CERCADO_ANTI_HOR%C3%81RIO-Curitiba-942-9628-294520-0,-1.0,-25.511146,-49.295815,,False,3,,2023-06-16T21:18:49.596343+00:00
CUR_HA025,Curitiba,4106902,1,,659,,,-25.552716,-49.30502,,False,1,1,2023-06-16T21:24:49.596343+00:00
CUR_HA013,Curitiba,4106902,1,,659,,,-25.584963,-49.318238,,False,1,2,2023-06-16T21:20:49.596343+00:00
CUR_HA020,Curitiba,4106902,1,,659,,,-25.523605,-49.29365,,False,1,1,2023-06-16T21:24:49.596343+00:00
CUR_BA019,Curitiba,4106902,1,,817,,,-25.430553,-49.321918,,False,1,1,2023-06-16T21:17:49.596343+00:00
CUR_MI001,Curitiba,4106902,1,,817,,,-25.425646,-49.340368,,False,1,2,2023-06-16T21:23:49.596343+00:00
CUR_BA012,Curitiba,4106902,1,,817,,,-25.411133,-49.322871,,False,1,1,2023-06-16T21:22:49.596343+00:00
CUR_MA012,Curitiba,4106902,1,,917,,,-25.40051,-49.331275,,False,1,2,2023-06-16T21:24:49.596343+00:00
CUR_MC307,Curitiba,4106902,1,,917,,,-25.37684,-49.334788,,False,3,1,2023-06-16T21:25:49.596343+00:00
CUR_BI020,Curitiba,4106902,1,,226,,,-25.385813,-49.24705,,False,1,1,2023-06-16T21:24:49.596343+00:00
CUR_BA030,Curitiba,4106902,1,,226,,,-25.3823,-49.2453,,False,1,2,2023-06-16T21:24:49.596343+00:00
CUR_BA001,Curitiba,4106902,1,,226,,,-25.370225,-49.244606,,False,1,2,2023-06-16T21:23:49.596343+00:00
CUR_HL496,Curitiba,4106902,1,URBS,607,https://moovitapp.com/index/pt-br/transporte_p%C3%BAblico-line-607_COLOMBO_CIC-Curitiba-942-9628-294348-0,-1.0,-25.40707,-49.252423,,False,3,2,2023-06-16T21:24:49.596343+00:00
CUR_HL331,Curitiba,4106902,1,URBS,607,https://moovitapp.com/index/pt-br/transporte_p%C3%BAblico-line-607_COLOMBO_CIC-Curitiba-942-9628-294348-0,-1.0,-25.472678,-49.286615,,False,3,1,2023-06-16T21:20:49.596343+00:00
CUR_HL325,Curitiba,4106902,0,URBS,607,https://moovitapp.com/index/pt-br/transporte_p%C3%BAblico-line-607_COLOMBO_CIC-Curitiba-942-9628-294348-0,-1.0,-25.429621,-49.271455,,False,3,2,2023-06-16T21:24:49.596343+00:00
CUR_HL318,Curitiba,4106902,0,URBS,607,https://moovitapp.com/index/pt-br/transporte_p%C3%BAblico-line-607_COLOMBO_CIC-Curitiba-942-9628-294348-0,-1.0,-25.3754,-49.220125,,False,3,1,2023-06-16T21:22:49.596343+00:00
CUR_HL329,Curitiba,4106902,1,URBS,607,https://moovitapp.com/index/pt-br/transporte_p%C3%BAblico-line-607_COLOMBO_CIC-Curitiba-942-9628-294348-0,-1.0,-25.367086,-49.187491,,False,3,2,2023-06-16T21:25:49.596343+00:00
CUR_HL301,Curitiba,4106902,0,URBS,607,https://moovitapp.com/index/pt-br/transporte_p%C3%BAblico-line-607_COLOMBO_CIC-Curitiba-942-9628-294348-0,-1.0,-25.366773,-49.186815,,False,3,2,2023-06-16T21:21:49.596343+00:00
CUR_HL302,Curitiba,4106902,0,URBS,607,https://moovitapp.com/index/pt-br/transporte_p%C3%BAblico-line-607_COLOMBO_CIC-Curitiba-942-9628-294348-0,-1.0,-25.403833,-49.250015,,False,3,2,2023-06-16T21:20:49.596343+00:00
CUR_HL310,Curitiba,4106902,0,URBS,607,https://moovitapp.com/index/pt-br/transporte_p%C3%BAblico-line-607_COLOMBO_CIC-Curitiba-942-9628-294348-0,-1.0,-25.407071,-49.25555,,False,3,1,2023-06-16T21:22:49.596343+00:00
CUR_HL328,Curitiba,4106902,0,URBS,607,https://moovitapp.com/index/pt-br/transporte_p%C3%BAblico-line-607_COLOMBO_CIC-Curitiba-942-9628-294348-0,-1.0,-25.483875,-49.295643,,False,3,1,2023-06-16T21:21:49.596343+00:00
CUR_HL321,Curitiba,4106902,0,URBS,607,https://moovitapp.com/index/pt-br/transporte_p%C3%BAblico-line-607_COLOMBO_CIC-Curitiba-942-9628-294348-0,-1.0,-25.447096,-49.268508,,False,3,2,2023-06-16T21:25:49.596343+00:00
CUR_JC305,Curitiba,4106902,1,,703,,,-25.456855,-49.303333,,False,3,2,2023-06-16T21:24:49.596343+00:00
CUR_JI603,Curitiba,4106902,1,,703,,,-25.448235,-49.285473,,False,4,2,2023-06-16T21:23:49.596343+00:00
CUR_JC310,Curitiba,4106902,1,,703,,,-25.434796,-49.272176,,False,3,2,2023-06-16T21:22:49.596343+00:00
CUR_JC308,Curitiba,4106902,1,,703,,,-25.450775,-49.286933,,False,3,1,2023-06-16T21:24:49.596343+00:00
CUR_JC600,Curitiba,4106902,1,,703,,,-25.455438,-49.303831,,False,4,2,2023-06-16T21:24:49.596343+00:00
CUR_JI601,Curitiba,4106902,1,,703,,,-25.447356,-49.282948,,False,4,2,2023-06-16T21:24:49.596343+00:00
CUR_JC317,Curitiba,4106902,1,,703,,,-25.440418,-49.272858,,False,3,2,2023-06-16T21:24:49.596343+00:00
CUR_JI300,Curitiba,4106902,0,,703,,,-25.449866,-49.284581,,False,3,1,2023-06-16T21:24:49.596343+00:00
CUR_JI301,Curitiba,4106902,1,,703,,,-25.478416,-49.327113,,False,3,1,2023-06-16T21:24:49.596343+00:00
CUR_JC300,Curitiba,4106902,1,,703,,,-25.483985,-49.349696,,False,3,1,2023-06-16T21:24:49.596343+00:00
CUR_BB602,Curitiba,4106902,1,,030,,,-25.471481,-49.217003,,False,4,1,2023-06-16T21:21:49.596343+00:00
CUR_GB606,Curitiba,4106902,1,,030,,,-25.507123,-49.281673,,False,4,2,2023-06-16T21:24:49.596343+00:00
CUR_BB608,Curitiba,4106902,1,,030,,,-25.435703,-49.210281,,False,4,1,2023-06-16T21:25:49.596343+00:00
CUR_CB601,Curitiba,4106902,1,,030,,,-25.508986,-49.251306,,False,4,1,2023-06-16T21:24:49.596343+00:00
CUR_GB604,Curitiba,4106902,1,,030,,,-25.398596,-49.207706,,False,4,2,2023-06-16T21:24:49.596343+00:00
CUR_KB608,Curitiba,4106902,1,,030,,,-25.441033,-49.2073,,False,4,2,2023-06-16T21:24:49.596343+00:00
CUR_BB611,Curitiba,4106902,1,,030,,,-25.501938,-49.239355,,False,4,2,2023-06-16T21:22:49.596343+00:00
CUR_EA600,Curitiba,4106902,1,,030,,,-25.384983,-49.214633,,False,4,1,2023-06-16T21:25:49.596343+00:00
CUR_KB605,Curitiba,4106902,1,,030,,,-25.51197,-49.258883,,False,4,2,2023-06-16T21:25:49.596343+00:00
CUR_EB604,Curitiba,4106902,1,,030,,,-25.463053,-49.214621,,False,4,2,2023-06-16T21:24:49.596343+00:00
CUR_GR124,Curitiba,4106902,1,,030,,,-25.452963,-49.214596,,False,4,1,2023-06-16T21:25:49.596343+00:00
CUR_GB603,Curitiba,4106902,1,,030,,,-25.40435,-49.204925,,False,4,1,2023-06-16T21:23:49.596343+00:00
CUR_BB601,Curitiba,4106902,1,,030,,,-25.378471,-49.21993,,False,4,1,2023-06-16T21:24:49.596343+00:00
CUR_BB615,Curitiba,4106902,1,,030,,,-25.441756,-49.207638,,False,4,2,2023-06-16T21:22:49.596343+00:00
CUR_KB606,Curitiba,4106902,1,,030,,,-25.483168,-49.220161,,False,4,1,2023-06-16T21:24:49.596343+00:00
CUR_BB604,Curitiba,4106902,1,,030,,,-25.505405,-49.28788,,False,4,2,2023-06-16T21:25:49.596343+00:00
CUR_GI859,Curitiba,4106902,1,,662,,,-25.450468,-49.266833,,False,7,1,2023-06-16T21:22:49.596343+00:00
CUR_GI857,Curitiba,4106902,1,,662,,,-25.478211,-49.28554,,False,7,2,2023-06-16T21:25:49.596343+00:00
CUR_HA609,Curitiba,4106902,1,,650,,,-25.564448,-49.330338,,False,4,2,2023-06-16T21:16:49.596343+00:00
CUR_HA604,Curitiba,4106902,1,,650,,,-25.54899,-49.304108,,False,4,1,2023-06-16T21:24:49.596343+00:00
CUR_HI016,Curitiba,4106902,1,,650,,,-25.511725,-49.29445,,False,1,1,2023-06-16T21:20:49.596343+00:00
CUR_HI007,Curitiba,4106902,1,,650,,,-25.56679,-49.332965,,False,1,2,2023-06-16T21:22:49.596343+00:00
CUR_HA610,Curitiba,4106902,1,,650,,,-25.553301,-49.305165,,False,4,1,2023-06-16T21:24:49.596343+00:00
CUR_HA611,Curitiba,4106902,1,,650,,,-25.538386,-49.301906,,False,4,1,2023-06-16T21:24:49.596343+00:00
CUR_GI051,Curitiba,4106902,1,,542,,,-25.54264,-49.269871,,False,1,,2023-06-16T21:24:49.596343+00:00
CUR_GI032,Curitiba,4106902,1,,542,,,-25.542485,-49.270093,,False,1,,2023-06-16T21:24:49.596343+00:00
CUR_GI020,Curitiba,4106902,1,,542,,,-25.543325,-49.268226,,False,1,,2023-06-16T21:24:49.596343+00:00
CUR_GC003,Curitiba,4106902,1,,542,,,-25.545986,-49.269028,,False,1,,2023-06-16T21:25:49.596343+00:00
CUR_GI042,Curitiba,4106902,1,,542,,,-25.543508,-49.267866,,False,1,,2023-06-16T21:24:49.596343+00:00
CUR_HR413,Curitiba,4106902,1,,773,,,-25.512945,-49.333651,,False,4,1,2023-06-16T21:24:49.596343+00:00
CUR_BI030,Curitiba,4106902,1,,812,,,-25.41305,-49.357593,,False,1,2,2023-06-16T21:24:49.596343+00:00
CUR_BA017,Curitiba,4106902,1,,812,,,-25.423633,-49.325108,,False,1,2,2023-06-16T21:24:49.596343+00:00
CUR_BA018,Curitiba,4106902,1,,812,,,-25.409338,-49.360663,,False,1,2,2023-06-16T21:24:49.596343+00:00
CUR_BA013,Curitiba,4106902,1,,812,,,-25.415035,-49.281008,,False,1,,2023-06-16T21:16:49.596343+00:00
CUR_BA021,Curitiba,4106902,1,,812,,,-25.427491,-49.32535,,False,1,1,2023-06-16T21:16:49.596343+00:00
CUR_HI048,Curitiba,4106902,1,,622,,,-25.495491,-49.3239,,False,1,1,2023-06-16T21:24:49.596343+00:00
CUR_KE708,Curitiba,4106902,0,URBS,502,https://moovitapp.com/index/pt-br/transporte_p%C3%BAblico-line-502_CIRCULAR_SUL_HOR%C3%81RIO-Curitiba-942-9628-294482-0,-1.0,-25.475865,-49.291446,,False,5,,2023-06-16T21:24:49.596343+00:00
CUR_KE706,Curitiba,4106902,0,URBS,502,https://moovitapp.com/index/pt-br/transporte_p%C3%BAblico-line-502_CIRCULAR_SUL_HOR%C3%81RIO-Curitiba-942-9628-294482-0,-1.0,-25.469036,-49.254865,,False,5,,2023-06-16T21:24:49.596343+00:00
CUR_HE605,Curitiba,4106902,0,URBS,502,https://moovitapp.com/index/pt-br/transporte_p%C3%BAblico-line-502_CIRCULAR_SUL_HOR%C3%81RIO-Curitiba-942-9628-294482-0,-1.0,-25.495215,-49.240665,,False,4,,2023-06-16T21:23:49.596343+00:00
CUR_GE612,Curitiba,4106902,0,URBS,502,https://moovitapp.com/index/pt-br/transporte_p%C3%BAblico-line-502_CIRCULAR_SUL_HOR%C3%81RIO-Curitiba-942-9628-294482-0,-1.0,-25.532305,-49.26,,False,4,,2023-06-16T21:24:49.596343+00:00
CUR_HE609,Curitiba,4106902,0,URBS,502,https://moovitapp.com/index/pt-br/transporte_p%C3%BAblico-line-502_CIRCULAR_SUL_HOR%C3%81RIO-Curitiba-942-9628-294482-0,-1.0,-25.528936,-49.246053,,False,4,,2023-06-16T21:24:49.596343+00:00
CUR_GE603,Curitiba,4106902,0,URBS,502,https://moovitapp.com/index/pt-br/transporte_p%C3%BAblico-line-502_CIRCULAR_SUL_HOR%C3%81RIO-Curitiba-942-9628-294482-0,-1.0,-25.470841,-49.25678,,False,4,,2023-06-16T21:24:49.596343+00:00
CUR_HE614,Curitiba,4106902,0,URBS,502,https://moovitapp.com/index/pt-br/transporte_p%C3%BAblico-line-502_CIRCULAR_SUL_HOR%C3%81RIO-Curitiba-942-9628-294482-0,-1.0,-25.49962,-49.296,,False,4,,2023-06-16T21:25:49.596343+00:00
CUR_HE603,Curitiba,4106902,0,URBS,502,https://moovitapp.com/index/pt-br/transporte_p%C3%BAblico-line-502_CIRCULAR_SUL_HOR%C3%81RIO-Curitiba-942-9628-294482-0,-1.0,-25.51297,-49.29553,,False,4,,2023-06-16T21:23:49.596343+00:00
CUR_GE610,Curitiba,4106902,0,URBS,502,https://moovitapp.com/index/pt-br/transporte_p%C3%BAblico-line-502_CIRCULAR_SUL_HOR%C3%81RIO-Curitiba-942-9628-294482-0,-1.0,-25.512945,-49.295551,,False,4,,2023-06-16T21:24:49.596343+00:00
CUR_GE602,Curitiba,4106902,0,URBS,502,https://moovitapp.com/index/pt-br/transporte_p%C3%BAblico-line-502_CIRCULAR_SUL_HOR%C3%81RIO-Curitiba-942-9628-294482-0,-1.0,-25.522431,-49.228626,,False,4,,2023-06-16T21:24:49.596343+00:00
CUR_GE605,Curitiba,4106902,0,URBS,502,https://moovitapp.com/index/pt-br/transporte_p%C3%BAblico-line-502_CIRCULAR_SUL_HOR%C3%81RIO-Curitiba-942-9628-294482-0,-1.0,-25.501236,-49.237618,,False,4,,2023-06-16T21:24:49.596343+00:00
CUR_KE701,Curitiba,4106902,0,URBS,502,https://moovitapp.com/index/pt-br/transporte_p%C3%BAblico-line-502_CIRCULAR_SUL_HOR%C3%81RIO-Curitiba-942-9628-294482-0,-1.0,-25.477535,-49.284023,,False,5,,2023-06-16T21:25:49.596343+00:00
CUR_EI014,Curitiba,4106902,1,,533,,,-25.524953,-49.247333,,False,1,,2023-06-16T21:24:49.596343+00:00
CUR_KE700,Curitiba,4106902,0,URBS,503,https://moovitapp.com/index/pt-br/transporte_p%C3%BAblico-line-503_BOQUEIR%C3%83O-Curitiba-942-9628-294244-0,-1.0,-25.437828,-49.26859,,False,5,2,2023-06-16T21:24:49.596343+00:00
CUR_KE702,Curitiba,4106902,0,URBS,503,https://moovitapp.com/index/pt-br/transporte_p%C3%BAblico-line-503_BOQUEIR%C3%83O-Curitiba-942-9628-294244-0,-1.0,-25.44983,-49.262683,,False,5,1,2023-06-16T21:24:49.596343+00:00
CUR_KE704,Curitiba,4106902,0,URBS,503,https://moovitapp.com/index/pt-br/transporte_p%C3%BAblico-line-503_BOQUEIR%C3%83O-Curitiba-942-9628-294244-0,-1.0,-25.499453,-49.238491,,False,5,1,2023-06-16T21:24:49.596343+00:00
CUR_GE614,Curitiba,4106902,0,URBS,503,https://moovitapp.com/index/pt-br/transporte_p%C3%BAblico-line-503_BOQUEIR%C3%83O-Curitiba-942-9628-294244-0,-1.0,-25.485733,-49.245201,,False,4,1,2023-06-16T21:25:49.596343+00:00
CUR_KE707,Curitiba,4106902,0,URBS,503,https://moovitapp.com/index/pt-br/transporte_p%C3%BAblico-line-503_BOQUEIR%C3%83O-Curitiba-942-9628-294244-0,-1.0,-25.475936,-49.250053,,False,5,2,2023-06-16T21:24:49.596343+00:00
CUR_GR032,Curitiba,4106902,0,URBS,503,https://moovitapp.com/index/pt-br/transporte_p%C3%BAblico-line-503_BOQUEIR%C3%83O-Curitiba-942-9628-294244-0,-1.0,-25.441453,-49.266863,,False,4,1,2023-06-16T21:24:49.596343+00:00
CUR_KE703,Curitiba,4106902,0,URBS,503,https://moovitapp.com/index/pt-br/transporte_p%C3%BAblico-line-503_BOQUEIR%C3%83O-Curitiba-942-9628-294244-0,-1.0,-25.499281,-49.238646,,False,5,1,2023-06-16T21:22:49.596343+00:00
CUR_GR035,Curitiba,4106902,0,URBS,503,https://moovitapp.com/index/pt-br/transporte_p%C3%BAblico-line-503_BOQUEIR%C3%83O-Curitiba-942-9628-294244-0,-1.0,-25.473215,-49.251408,,False,4,2,2023-06-16T21:24:49.596343+00:00
CUR_BI873,Curitiba,4106902,1,,184,,,-25.374846,-49.274096,,False,7,2,2023-06-16T21:24:49.596343+00:00
CUR_BI889,Curitiba,4106902,1,,184,,,-25.41993,-49.271055,,False,7,1,2023-06-16T21:23:49.596343+00:00
CUR_GI056,Curitiba,4106902,1,,683,,,-25.551586,-49.271156,,False,1,1,2023-06-16T21:24:49.596343+00:00
CUR_EL310,Curitiba,4106902,0,URBS,506,https://moovitapp.com/index/pt-br/transporte_p%C3%BAblico-line-506_BAIRRO_NOVO-Curitiba-942-9628-294299-0,-1.0,-25.515833,-49.275293,,False,3,1,2023-06-16T21:24:49.596343+00:00
CUR_GL302,Curitiba,4106902,0,URBS,506,https://moovitapp.com/index/pt-br/transporte_p%C3%BAblico-line-506_BAIRRO_NOVO-Curitiba-942-9628-294299-0,-1.0,-25.542933,-49.268918,,False,3,1,2023-06-16T21:24:49.596343+00:00
CUR_EL318,Curitiba,4106902,1,URBS,506,https://moovitapp.com/index/pt-br/transporte_p%C3%BAblico-line-506_BAIRRO_NOVO-Curitiba-942-9628-294299-0,-1.0,-25.54394,-49.267531,,False,3,2,2023-06-16T21:24:49.596343+00:00
CUR_EL328,Curitiba,4106902,1,URBS,506,https://moovitapp.com/index/pt-br/transporte_p%C3%BAblico-line-506_BAIRRO_NOVO-Curitiba-942-9628-294299-0,-1.0,-25.535048,-49.26928,,False,3,2,2023-06-16T21:24:49.596343+00:00
CUR_EL312,Curitiba,4106902,0,URBS,506,https://moovitapp.com/index/pt-br/transporte_p%C3%BAblico-line-506_BAIRRO_NOVO-Curitiba-942-9628-294299-0,-1.0,-25.474208,-49.25822,,False,3,1,2023-06-16T21:24:49.596343+00:00
CUR_GL308,Curitiba,4106902,0,URBS,506,https://moovitapp.com/index/pt-br/transporte_p%C3%BAblico-line-506_BAIRRO_NOVO-Curitiba-942-9628-294299-0,-1.0,-25.484038,-49.265911,,False,3,2,2023-06-16T21:24:49.596343+00:00
CUR_GL327,Curitiba,4106902,1,URBS,506,https://moovitapp.com/index/pt-br/transporte_p%C3%BAblico-line-506_BAIRRO_NOVO-Curitiba-942-9628-294299-0,-1.0,-25.487005,-49.268266,,False,3,2,2023-06-16T21:24:49.596343+00:00
CUR_EL317,Curitiba,4106902,0,URBS,506,https://moovitapp.com/index/pt-br/transporte_p%C3%BAblico-line-506_BAIRRO_NOVO-Curitiba-942-9628-294299-0,-1.0,-25.475011,-49.259508,,False,3,1,2023-06-16T21:24:49.596343+00:00
CUR_GL323,Curitiba,4106902,0,URBS,506,https://moovitapp.com/index/pt-br/transporte_p%C3%BAblico-line-506_BAIRRO_NOVO-Curitiba-942-9628-294299-0,-1.0,-25.435486,-49.271616,,False,3,2,2023-06-16T21:24:49.596343+00:00
CUR_GL322,Curitiba,4106902,0,URBS,506,https://moovitapp.com/index/pt-br/transporte_p%C3%BAblico-line-506_BAIRRO_NOVO-Curitiba-942-9628-294299-0,-1.0,-25.506726,-49.28232,,False,3,1,2023-06-16T21:24:49.596343+00:00
CUR_EL302,Curitiba,4106902,0,URBS,506,https://moovitapp.com/index/pt-br/transporte_p%C3%BAblico-line-506_BAIRRO_NOVO-Curitiba-942-9628-294299-0,-1.0,-25.507668,-49.281031,,False,3,1,2023-06-16T21:24:49.596343+00:00
CUR_GL317,Curitiba,4106902,0,URBS,506,https://moovitapp.com/index/pt-br/transporte_p%C3%BAblico-line-506_BAIRRO_NOVO-Curitiba-942-9628-294299-0,-1.0,-25.534136,-49.266555,,False,3,1,2023-06-16T21:24:49.596343+00:00
CUR_EL304,Curitiba,4106902,0,URBS,506,https://moovitapp.com/index/pt-br/transporte_p%C3%BAblico-line-506_BAIRRO_NOVO-Curitiba-942-9628-294299-0,-1.0,-25.450586,-49.266796,,False,3,2,2023-06-16T21:22:49.596343+00:00
CUR_GL311,Curitiba,4106902,0,URBS,506,https://moovitapp.com/index/pt-br/transporte_p%C3%BAblico-line-506_BAIRRO_NOVO-Curitiba-942-9628-294299-0,-1.0,-25.545156,-49.265316,,False,3,2,2023-06-16T21:24:49.596343+00:00
CUR_EL307,Curitiba,4106902,0,URBS,506,https://moovitapp.com/index/pt-br/transporte_p%C3%BAblico-line-506_BAIRRO_NOVO-Curitiba-942-9628-294299-0,-1.0,-25.455548,-49.267616,,False,3,1,2023-06-16T21:19:49.596343+00:00
CUR_GI855,Curitiba,4106902,1,,661,,,-25.451245,-49.267485,,False,7,2,2023-06-16T21:23:49.596343+00:00
CUR_GI854,Curitiba,4106902,1,,661,,,-25.443665,-49.270083,,False,7,1,2023-06-16T21:24:49.596343+00:00
CUR_EI007,Curitiba,4106902,1,,522,,,-25.522323,-49.26116,,False,1,1,2023-06-16T21:24:49.596343+00:00
CUR_EA074,Curitiba,4106902,1,,512,,,-25.507561,-49.26674,,False,1,2,2023-06-16T21:23:49.596343+00:00
CUR_EA198,Curitiba,4106902,1,,512,,,-25.484556,-49.252643,,False,1,1,2023-06-16T21:24:49.596343+00:00
CUR_JA034,Curitiba,4106902,1,,714,,,-25.49452,-49.345115,,False,1,,2023-06-16T21:23:49.596343+00:00
CUR_DC092,Curitiba,4106902,1,,468,,,-25.491188,-49.213486,,False,1,2,2023-06-16T21:25:49.596343+00:00
CUR_DC292,Curitiba,4106902,1,,468,,,-25.480323,-49.223113,,False,1,1,2023-06-16T21:25:49.596343+00:00
CUR_EA211,Curitiba,4106902,1,,468,,,-25.440265,-49.268701,,False,1,1,2023-06-16T21:25:49.596343+00:00
CUR_EA027,Curitiba,4106902,1,,X06,,,-25.536848,-49.272735,,False,1,1,2023-06-16T21:24:49.596343+00:00
CUR_EL331,Curitiba,4106902,1,URBS,505,https://moovitapp.com/index/pt-br/transporte_p%C3%BAblico-line-505_BOQUEIR%C3%83O_CENTRO_C%C3%8DVICO-Curitiba-942-9628-531685-0,-1.0,-25.426098,-49.265648,,False,3,2,2023-06-16T21:24:49.596343+00:00
CUR_BL304,Curitiba,4106902,0,URBS,505,https://moovitapp.com/index/pt-br/transporte_p%C3%BAblico-line-505_BOQUEIR%C3%83O_CENTRO_C%C3%8DVICO-Curitiba-942-9628-531685-0,-1.0,-25.457251,-49.25919,,False,3,2,2023-06-16T21:23:49.596343+00:00
CUR_EL320,Curitiba,4106902,1,URBS,505,https://moovitapp.com/index/pt-br/transporte_p%C3%BAblico-line-505_BOQUEIR%C3%83O_CENTRO_C%C3%8DVICO-Curitiba-942-9628-531685-0,-1.0,-25.42373,-49.267496,,False,3,1,2023-06-16T21:25:49.596343+00:00
CUR_EL321,Curitiba,4106902,1,URBS,505,https://moovitapp.com/index/pt-br/transporte_p%C3%BAblico-line-505_BOQUEIR%C3%83O_CENTRO_C%C3%8DVICO-Curitiba-942-9628-531685-0,-1.0,-25.432038,-49.264118,,False,3,1,2023-06-16T21:25:49.596343+00:00
CUR_EL324,Curitiba,4106902,1,URBS,505,https://moovitapp.com/index/pt-br/transporte_p%C3%BAblico-line-505_BOQUEIR%C3%83O_CENTRO_C%C3%8DVICO-Curitiba-942-9628-531685-0,-1.0,-25.422266,-49.26968,,False,3,2,2023-06-16T21:23:49.596343+00:00
CUR_EL333,Curitiba,4106902,1,URBS,505,https://moovitapp.com/index/pt-br/transporte_p%C3%BAblico-line-505_BOQUEIR%C3%83O_CENTRO_C%C3%8DVICO-Curitiba-942-9628-531685-0,-1.0,-25.506831,-49.234881,,False,3,1,2023-06-16T21:24:49.596343+00:00
CUR_BL302,Curitiba,4106902,0,URBS,505,https://moovitapp.com/index/pt-br/transporte_p%C3%BAblico-line-505_BOQUEIR%C3%83O_CENTRO_C%C3%8DVICO-Curitiba-942-9628-531685-0,-1.0,-25.479666,-49.246825,,False,3,2,2023-06-16T21:20:49.596343+00:00
CUR_EL306,Curitiba,4106902,0,URBS,505,https://moovitapp.com/index/pt-br/transporte_p%C3%BAblico-line-505_BOQUEIR%C3%83O_CENTRO_C%C3%8DVICO-Curitiba-942-9628-531685-0,-1.0,-25.421935,-49.269558,,False,3,2,2023-06-16T21:24:49.596343+00:00
CUR_BL337,Curitiba,4106902,0,URBS,505,https://moovitapp.com/index/pt-br/transporte_p%C3%BAblico-line-505_BOQUEIR%C3%83O_CENTRO_C%C3%8DVICO-Curitiba-942-9628-531685-0,-1.0,-25.448235,-49.258083,,False,3,2,2023-06-16T21:21:49.596343+00:00
CUR_EL329,Curitiba,4106902,1,URBS,505,https://moovitapp.com/index/pt-br/transporte_p%C3%BAblico-line-505_BOQUEIR%C3%83O_CENTRO_C%C3%8DVICO-Curitiba-942-9628-531685-0,-1.0,-25.432365,-49.26395,,False,3,2,2023-06-16T21:23:49.596343+00:00
CUR_BL320,Curitiba,4106902,0,URBS,505,https://moovitapp.com/index/pt-br/transporte_p%C3%BAblico-line-505_BOQUEIR%C3%83O_CENTRO_C%C3%8DVICO-Curitiba-942-9628-531685-0,-1.0,-25.411716,-49.265868,,False,3,1,2023-06-16T21:24:49.596343+00:00
CUR_EL309,Curitiba,4106902,0,URBS,505,https://moovitapp.com/index/pt-br/transporte_p%C3%BAblico-line-505_BOQUEIR%C3%83O_CENTRO_C%C3%8DVICO-Curitiba-942-9628-531685-0,-1.0,-25.468893,-49.252045,,False,3,1,2023-06-16T21:24:49.596343+00:00
CUR_BL329,Curitiba,4106902,0,URBS,505,https://moovitapp.com/index/pt-br/transporte_p%C3%BAblico-line-505_BOQUEIR%C3%83O_CENTRO_C%C3%8DVICO-Curitiba-942-9628-531685-0,-1.0,-25.411041,-49.2639,,False,3,1,2023-06-16T21:24:49.596343+00:00
CUR_EL313,Curitiba,4106902,0,URBS,505,https://moovitapp.com/index/pt-br/transporte_p%C3%BAblico-line-505_BOQUEIR%C3%83O_CENTRO_C%C3%8DVICO-Curitiba-942-9628-531685-0,-1.0,-25.481783,-49.246626,,False,3,1,2023-06-16T21:24:49.596343+00:00
CUR_GI007,Curitiba,4106902,1,,547,,,-25.53512,-49.263403,,False,1,1,2023-06-16T21:24:49.596343+00:00
CUR_GI057,Curitiba,4106902,1,,638,,,-25.55145,-49.276051,,False,1,1,2023-06-16T21:25:49.596343+00:00
CUR_GI014,Curitiba,4106902,1,,638,,,-25.524745,-49.294106,,False,1,2,2023-06-16T21:24:49.596343+00:00
CUR_GI043,Curitiba,4106902,1,,638,,,-25.52718,-49.290951,,False,1,1,2023-06-16T21:24:49.596343+00:00
CUR_JI006,Curitiba,4106902,1,,611,,,-25.468846,-49.305566,,False,1,2,2023-06-16T21:24:49.596343+00:00
CUR_JI014,Curitiba,4106902,1,,611,,,-25.476365,-49.321415,,False,1,1,2023-06-16T21:24:49.596343+00:00
CUR_JI010,Curitiba,4106902,1,,611,,,-25.467578,-49.309241,,False,1,1,2023-06-16T21:24:49.596343+00:00
CUR_DL310,Curitiba,4106902,0,URBS,304,https://moovitapp.com/index/pt-br/transporte_p%C3%BAblico-line-304_PINHAIS_CAMPO_COMPRIDO-Curitiba-942-9628-133282995-0,-1.0,-25.446958,-49.258621,,False,3,1,2023-06-16T21:25:49.596343+00:00
CUR_JL321,Curitiba,4106902,1,URBS,304,https://moovitapp.com/index/pt-br/transporte_p%C3%BAblico-line-304_PINHAIS_CAMPO_COMPRIDO-Curitiba-942-9628-133282995-0,-1.0,-25.436351,-49.26767,,False,3,2,2023-06-16T21:23:49.596343+00:00
CUR_JL324,Curitiba,4106902,1,URBS,304,https://moovitapp.com/index/pt-br/transporte_p%C3%BAblico-line-304_PINHAIS_CAMPO_COMPRIDO-Curitiba-942-9628-133282995-0,-1.0,-25.433675,-49.252491,,False,3,1,2023-06-16T21:24:49.596343+00:00
CUR_DL303,Curitiba,4106902,0,URBS,304,https://moovitapp.com/index/pt-br/transporte_p%C3%BAblico-line-304_PINHAIS_CAMPO_COMPRIDO-Curitiba-942-9628-133282995-0,-1.0,-25.430221,-49.295918,,False,3,2,2023-06-16T21:24:49.596343+00:00
CUR_JL323,Curitiba,4106902,1,URBS,304,https://moovitapp.com/index/pt-br/transporte_p%C3%BAblico-line-304_PINHAIS_CAMPO_COMPRIDO-Curitiba-942-9628-133282995-0,-1.0,-25.439956,-49.221485,,False,3,2,2023-06-16T21:24:49.596343+00:00
CUR_DL307,Curitiba,4106902,0,URBS,304,https://moovitapp.com/index/pt-br/transporte_p%C3%BAblico-line-304_PINHAIS_CAMPO_COMPRIDO-Curitiba-942-9628-133282995-0,-1.0,-25.438766,-49.311225,,False,3,1,2023-06-16T21:24:49.596343+00:00
CUR_HL314,Curitiba,4106902,0,URBS,304,https://moovitapp.com/index/pt-br/transporte_p%C3%BAblico-line-304_PINHAIS_CAMPO_COMPRIDO-Curitiba-942-9628-133282995-0,-1.0,-25.436505,-49.264983,,False,3,2,2023-06-16T21:24:49.596343+00:00
CUR_HL319,Curitiba,4106902,0,URBS,304,https://moovitapp.com/index/pt-br/transporte_p%C3%BAblico-line-304_PINHAIS_CAMPO_COMPRIDO-Curitiba-942-9628-133282995-0,-1.0,-25.44157,-49.184108,,False,3,1,2023-06-16T21:25:49.596343+00:00
CUR_DL315,Curitiba,4106902,0,URBS,304,https://moovitapp.com/index/pt-br/transporte_p%C3%BAblico-line-304_PINHAIS_CAMPO_COMPRIDO-Curitiba-942-9628-133282995-0,-1.0,-25.433533,-49.254448,,False,3,1,2023-06-16T21:24:49.596343+00:00
CUR_JL316,Curitiba,4106902,0,URBS,304,https://moovitapp.com/index/pt-br/transporte_p%C3%BAblico-line-304_PINHAIS_CAMPO_COMPRIDO-Curitiba-942-9628-133282995-0,-1.0,-25.435485,-49.260885,,False,3,1,2023-06-16T21:24:49.596343+00:00
CUR_HL316,Curitiba,4106902,0,URBS,304,https://moovitapp.com/index/pt-br/transporte_p%C3%BAblico-line-304_PINHAIS_CAMPO_COMPRIDO-Curitiba-942-9628-133282995-0,-1.0,-25.429035,-49.26985,,False,3,1,2023-06-16T21:23:49.596343+00:00
CUR_GI012,Curitiba,4106902,1,,649,,,-25.528655,-49.283518,,False,1,1,2023-06-16T21:24:49.596343+00:00
CUR_GI016,Curitiba,4106902,1,,649,,,-25.533948,-49.26636,,False,1,1,2023-06-16T21:24:49.596343+00:00
CUR_GA178,Curitiba,4106902,1,,649,,,-25.53138,-49.267901,,False,1,2,2023-06-16T21:24:49.596343+00:00
CUR_JL322,Curitiba,4106902,1,URBS,702,https://moovitapp.com/index/pt-br/transporte_p%C3%BAblico-line-702_CAIU%C3%81_CACHOEIRA-Curitiba-942-9628-133282980-0,-1.0,-25.352231,-49.26463,,False,3,2,2023-06-16T21:22:49.596343+00:00
CUR_JL300,Curitiba,4106902,0,URBS,702,https://moovitapp.com/index/pt-br/transporte_p%C3%BAblico-line-702_CAIU%C3%81_CACHOEIRA-Curitiba-942-9628-133282980-0,-1.0,-25.41537,-49.266073,,False,3,1,2023-06-16T21:22:49.596343+00:00
CUR_JL320,Curitiba,4106902,1,URBS,702,https://moovitapp.com/index/pt-br/transporte_p%C3%BAblico-line-702_CAIU%C3%81_CACHOEIRA-Curitiba-942-9628-133282980-0,-1.0,-25.427761,-49.268463,,False,3,1,2023-06-16T21:24:49.596343+00:00
CUR_JL303,Curitiba,4106902,0,URBS,702,https://moovitapp.com/index/pt-br/transporte_p%C3%BAblico-line-702_CAIU%C3%81_CACHOEIRA-Curitiba-942-9628-133282980-0,-1.0,-25.463423,-49.306485,,False,3,1,2023-06-16T21:24:49.596343+00:00
CUR_JL319,Curitiba,4106902,0,URBS,702,https://moovitapp.com/index/pt-br/transporte_p%C3%BAblico-line-702_CAIU%C3%81_CACHOEIRA-Curitiba-942-9628-133282980-0,-1.0,-25.443761,-49.273455,,False,3,2,2023-06-16T21:24:49.596343+00:00
CUR_JL311,Curitiba,4106902,0,URBS,702,https://moovitapp.com/index/pt-br/transporte_p%C3%BAblico-line-702_CAIU%C3%81_CACHOEIRA-Curitiba-942-9628-133282980-0,-1.0,-25.48342,-49.347721,,False,3,1,2023-06-16T21:24:49.596343+00:00
CUR_JL315,Curitiba,4106902,0,URBS,702,https://moovitapp.com/index/pt-br/transporte_p%C3%BAblico-line-702_CAIU%C3%81_CACHOEIRA-Curitiba-942-9628-133282980-0,-1.0,-25.366643,-49.259985,,False,3,1,2023-06-16T21:24:49.596343+00:00
CUR_GI048,Curitiba,4106902,1,,640,,,-25.547121,-49.293503,,False,1,2,2023-06-16T21:25:49.596343+00:00
CUR_GI024,Curitiba,4106902,1,,640,,,-25.546911,-49.29348,,False,1,1,2023-06-16T21:24:49.596343+00:00
CUR_GC001,Curitiba,4106902,1,,640,,,-25.518101,-49.295646,,False,1,2,2023-06-16T21:25:49.596343+00:00
CUR_BI898,Curitiba,4106902,1,,169,,,-25.425898,-49.273913,,False,7,1,2023-06-16T21:21:49.596343+00:00
CUR_BI855,Curitiba,4106902,1,,169,,,-25.39378,-49.286833,,False,7,2,2023-06-16T21:24:49.596343+00:00
CUR_BC031,Curitiba,4106902,1,,373,,,-25.424456,-49.205821,,False,1,2,2023-06-16T21:24:49.596343+00:00
CUR_HI020,Curitiba,4106902,1,,617,,,-25.517455,-49.295673,,False,1,1,2023-06-16T21:22:49.596343+00:00
CUR_HI028,Curitiba,4106902,1,,617,,,-25.571765,-49.325558,,False,1,1,2023-06-16T21:18:49.596343+00:00
CUR_HI003,Curitiba,4106902,1,,617,,,-25.524086,-49.295751,,False,1,1,2023-06-16T21:25:49.596343+00:00
CUR_HA006,Curitiba,4106902,1,,617,,,-25.561713,-49.313496,,False,1,2,2023-06-16T21:16:49.596343+00:00
CUR_HI047,Curitiba,4106902,1,,623,,,-25.509063,-49.304478,,False,1,2,2023-06-16T21:24:49.596343+00:00
CUR_HI004,Curitiba,4106902,1,,623,,,-25.497923,-49.300831,,False,1,1,2023-06-16T21:24:49.596343+00:00
CUR_HA026,Curitiba,4106902,1,,623,,,-25.518056,-49.310171,,False,1,2,2023-06-16T21:25:49.596343+00:00
CUR_HA126,Curitiba,4106902,1,,623,,,-25.496081,-49.298121,,False,1,1,2023-06-16T21:25:49.596343+00:00
CUR_HI017,Curitiba,4106902,1,,627,,,-25.524165,-49.334141,,False,1,2,2023-06-16T21:25:49.596343+00:00
CUR_HI006,Curitiba,4106902,1,,627,,,-25.522868,-49.33347,,False,1,2,2023-06-16T21:25:49.596343+00:00
CUR_HC008,Curitiba,4106902,1,,627,,,-25.498271,-49.30645,,False,1,1,2023-06-16T21:20:49.596343+00:00
CUR_MN608,Curitiba,4106902,1,,915,,,-25.394443,-49.33563,,False,7,1,2023-06-16T21:24:49.596343+00:00
CUR_CI007,Curitiba,4106902,1,,222,,,-25.397853,-49.237446,,False,1,2,2023-06-16T21:23:49.596343+00:00
CUR_CI008,Curitiba,4106902,1,,222,,,-25.387993,-49.212428,,False,1,2,2023-06-16T21:25:49.596343+00:00
CUR_CI004,Curitiba,4106902,1,,222,,,-25.38284,-49.198255,,False,1,1,2023-06-16T21:24:49.596343+00:00
CUR_DC088,Curitiba,4106902,1,,462,,,-25.479135,-49.208706,,False,1,2,2023-06-16T21:24:49.596343+00:00
CUR_DC090,Curitiba,4106902,1,,462,,,-25.443958,-49.24389,,False,1,2,2023-06-16T21:25:49.596343+00:00
CUR_EA210,Curitiba,4106902,1,,462,,,-25.43559,-49.270538,,False,1,2,2023-06-16T21:25:49.596343+00:00
CUR_KA603,Curitiba,4106902,1,,545,,,-25.511613,-49.332908,,False,4,1,2023-06-16T21:24:49.596343+00:00
CUR_KA602,Curitiba,4106902,1,,545,,,-25.530396,-49.298625,,False,4,1,2023-06-16T21:24:49.596343+00:00
CUR_JI600,Curitiba,4106902,1,,545,,,-25.512105,-49.332153,,False,4,2,2023-06-16T21:24:49.596343+00:00
CUR_KA601,Curitiba,4106902,1,,545,,,-25.536278,-49.272916,,False,4,2,2023-06-16T21:24:49.596343+00:00
CUR_GA697,Curitiba,4106902,1,,545,,,-25.52092,-49.2371,,False,4,2,2023-06-16T21:24:49.596343+00:00
CUR_GI603,Curitiba,4106902,1,,528,,,-25.534958,-49.248013,,False,4,1,2023-06-16T21:25:49.596343+00:00
CUR_JA699,Curitiba,4106902,1,,545,,,-25.540748,-49.291961,,False,4,2,2023-06-16T21:24:49.596343+00:00
CUR_KA692,Curitiba,4106902,1,,545,,,-25.497121,-49.335171,,False,4,1,2023-06-16T21:25:49.596343+00:00
CUR_GA602,Curitiba,4106902,1,,545,,,-25.527103,-49.252088,,False,4,1,2023-06-16T21:25:49.596343+00:00
CUR_GI008,Curitiba,4106902,1,,665,,,-25.47003,-49.2837,,False,1,2,2023-06-16T21:23:49.596343+00:00
CUR_GI850,Curitiba,4106902,1,,665,,,-25.516536,-49.274235,,False,7,1,2023-06-16T21:23:49.596343+00:00
CUR_BI891,Curitiba,4106902,1,,272,,,-25.386035,-49.26151,,False,7,2,2023-06-16T21:25:49.596343+00:00
CUR_BI885,Curitiba,4106902,1,,272,,,-25.416108,-49.262613,,False,7,1,2023-06-16T21:24:49.596343+00:00
CUR_BI856,Curitiba,4106902,1,,272,,,-25.420498,-49.268668,,False,7,1,2023-06-16T21:24:49.596343+00:00
CUR_HI042,Curitiba,4106902,1,,654,,,-25.500078,-49.316903,,False,1,2,2023-06-16T21:24:49.596343+00:00
CUR_HI041,Curitiba,4106902,1,,654,,,-25.494535,-49.310335,,False,1,1,2023-06-16T21:24:49.596343+00:00
CUR_HA132,Curitiba,4106902,1,,654,,,-25.495133,-49.309728,,False,1,1,2023-06-16T21:24:49.596343+00:00
CUR_HA015,Curitiba,4106902,1,,654,,,-25.500723,-49.32506,,False,1,2,2023-06-16T21:24:49.596343+00:00
CUR_HI850,Curitiba,4106902,1,,265,,,-25.399858,-49.255661,,False,7,1,2023-06-16T21:22:49.596343+00:00
CUR_GI044,Curitiba,4106902,1,,552,,,-25.545428,-49.264405,,False,1,1,2023-06-16T21:24:49.596343+00:00
CUR_GI013,Curitiba,4106902,1,,552,,,-25.558136,-49.255821,,False,1,1,2023-06-16T21:24:49.596343+00:00
CUR_GA179,Curitiba,4106902,1,,552,,,-25.543016,-49.26921,,False,1,2,2023-06-16T21:24:49.596343+00:00
CUR_DA291,Curitiba,4106902,1,,334,,,-25.464101,-49.196208,,False,1,,2023-06-16T21:25:49.596343+00:00
CUR_GI046,Curitiba,4106902,1,,624,,,-25.506598,-49.2844,,False,1,2,2023-06-16T21:24:49.596343+00:00
CUR_GI054,Curitiba,4106902,1,,624,,,-25.498008,-49.291761,,False,1,2,2023-06-16T21:24:49.596343+00:00
CUR_DN601,Curitiba,4106902,1,,463,,,-25.438903,-49.251756,,False,7,1,2023-06-16T21:24:49.596343+00:00
CUR_DN607,Curitiba,4106902,1,,463,,,-25.431715,-49.26747,,False,7,2,2023-06-16T21:24:49.596343+00:00
CUR_BC024,Curitiba,4106902,1,,171,,,-25.396045,-49.28649,,False,1,2,2023-06-16T21:21:49.596343+00:00
CUR_HB610,Curitiba,4106902,1,,040,,,-25.409211,-49.34294,,False,4,2,2023-06-16T21:24:49.596343+00:00
CUR_HB600,Curitiba,4106902,1,,040,,,-25.511288,-49.332191,,False,4,1,2023-06-16T21:22:49.596343+00:00
CUR_GB610,Curitiba,4106902,1,,040,,,-25.468793,-49.343585,,False,4,2,2023-06-16T21:21:49.596343+00:00
CUR_GB611,Curitiba,4106902,1,,040,,,-25.401888,-49.334496,,False,4,2,2023-06-16T21:24:49.596343+00:00
CUR_JB609,Curitiba,4106902,1,,040,,,-25.469188,-49.343626,,False,4,1,2023-06-16T21:24:49.596343+00:00
CUR_HB601,Curitiba,4106902,1,,040,,,-25.474576,-49.338728,,False,4,2,2023-06-16T21:23:49.596343+00:00
CUR_JB607,Curitiba,4106902,1,,040,,,-25.467121,-49.344361,,False,4,1,2023-06-16T21:24:49.596343+00:00
CUR_HB605,Curitiba,4106902,1,,040,,,-25.490115,-49.321445,,False,4,2,2023-06-16T21:25:49.596343+00:00
CUR_JB608,Curitiba,4106902,1,,040,,,-25.412393,-49.350473,,False,4,1,2023-06-16T21:23:49.596343+00:00
CUR_MR106,Curitiba,4106902,1,,040,,,-25.514608,-49.318976,,False,4,2,2023-06-16T21:25:49.596343+00:00
CUR_HB694,Curitiba,4106902,1,,040,,,-25.511803,-49.323221,,False,4,1,2023-06-16T21:25:49.596343+00:00
CUR_HB699,Curitiba,4106902,1,,040,,,-25.431458,-49.352871,,False,4,2,2023-06-16T21:23:49.596343+00:00
CUR_GR126,Curitiba,4106902,1,,040,,,-25.460485,-49.345143,,False,4,1,2023-06-16T21:23:49.596343+00:00
CUR_HB604,Curitiba,4106902,1,,040,,,-25.407845,-49.339041,,False,4,2,2023-06-16T21:19:49.596343+00:00
CUR_MB605,Curitiba,4106902,1,,040,,,-25.487668,-49.319841,,False,4,1,2023-06-16T21:24:49.596343+00:00
CUR_MB699,Curitiba,4106902,1,,040,,,-25.512963,-49.331028,,False,4,2,2023-06-16T21:23:49.596343+00:00
CUR_HB697,Curitiba,4106902,1,,040,,,-25.410813,-49.34772,,False,4,2,2023-06-16T21:22:49.596343+00:00
CUR_MB601,Curitiba,4106902,1,,040,,,-25.477441,-49.33373,,False,4,2,2023-06-16T21:24:49.596343+00:00
CUR_GB605,Curitiba,4106902,1,,040,,,-25.423638,-49.351166,,False,4,1,2023-06-16T21:24:49.596343+00:00
CUR_JB611,Curitiba,4106902,1,,040,,,-25.512893,-49.331318,,False,4,1,2023-06-16T21:24:49.596343+00:00
CUR_BI026,Curitiba,4106902,1,,916,,,-25.377248,-49.333721,,False,1,1,2023-06-16T21:25:49.596343+00:00
CUR_MA003,Curitiba,4106902,1,,916,,,-25.40051,-49.331015,,False,1,1,2023-06-16T21:24:49.596343+00:00
CUR_BI028,Curitiba,4106902,1,,160,,,-25.430003,-49.271093,,False,1,2,2023-06-16T21:23:49.596343+00:00
CUR_BC025,Curitiba,4106902,1,,160,,,-25.430886,-49.276485,,False,1,1,2023-06-16T21:24:49.596343+00:00
CUR_HI015,Curitiba,4106902,1,,681,,,-25.569415,-49.332141,,False,1,2,2023-06-16T21:24:49.596343+00:00
CUR_HA023,Curitiba,4106902,1,,681,,,-25.5512,-49.305186,,False,1,1,2023-06-16T21:24:49.596343+00:00
CUR_HC500,Curitiba,4106902,1,,681,,,-25.52148,-49.292686,,False,2,1,2023-06-16T21:23:49.596343+00:00
CUR_HI857,Curitiba,4106902,1,,670,,,-25.464125,-49.292278,,False,7,1,2023-06-16T21:23:49.596343+00:00
CUR_DA292,Curitiba,4106902,1,,513,,,-25.513275,-49.240051,,False,1,2,2023-06-16T21:24:49.596343+00:00
CUR_DA294,Curitiba,4106902,1,,513,,,-25.484173,-49.255071,,False,1,1,2023-06-16T21:24:49.596343+00:00
CUR_GC014,Curitiba,4106902,1,,513,,,-25.504695,-49.255836,,False,1,2,2023-06-16T21:24:49.596343+00:00
CUR_GC010,Curitiba,4106902,1,,513,,,-25.491948,-49.261765,,False,1,1,2023-06-16T21:23:49.596343+00:00
CUR_EI001,Curitiba,4106902,1,,561,,,-25.449998,-49.264908,,False,1,2,2023-06-16T21:24:49.596343+00:00
CUR_EI012,Curitiba,4106902,1,,561,,,-25.453921,-49.265238,,False,1,1,2023-06-16T21:24:49.596343+00:00
CUR_DA019,Curitiba,4106902,0,,321,,,-25.452335,-49.214801,,False,1,2,2023-06-16T21:24:49.596343+00:00
CUR_DC298,Curitiba,4106902,1,,321,,,-25.467548,-49.207206,,False,1,1,2023-06-16T21:24:49.596343+00:00
CUR_KI601,Curitiba,4106902,1,,629,,,-25.497156,-49.276698,,False,4,2,2023-06-16T21:24:49.596343+00:00
CUR_KA600,Curitiba,4106902,1,,629,,,-25.510526,-49.261273,,False,4,1,2023-06-16T21:24:49.596343+00:00
CUR_KA689,Curitiba,4106902,1,,629,,,-25.534158,-49.237235,,False,4,1,2023-06-16T21:25:49.596343+00:00
CUR_KA605,Curitiba,4106902,1,,629,,,-25.492595,-49.291521,,False,4,2,2023-06-16T21:24:49.596343+00:00
CUR_KA693,Curitiba,4106902,1,,629,,,-25.518226,-49.255435,,False,4,2,2023-06-16T21:24:49.596343+00:00
CUR_DE711,Curitiba,4106902,0,URBS,303,https://moovitapp.com/index/pt-br/transporte_p%C3%BAblico-line-303_CENTEN%C3%81RIO_CAMPO_COMPRIDO-Curitiba-942-9628-531689-0,-1.0,-25.446486,-49.217091,,False,5,2,2023-06-16T21:24:49.596343+00:00
CUR_DE700,Curitiba,4106902,0,URBS,303,https://moovitapp.com/index/pt-br/transporte_p%C3%BAblico-line-303_CENTEN%C3%81RIO_CAMPO_COMPRIDO-Curitiba-942-9628-531689-0,-1.0,-25.43576,-49.274545,,False,5,1,2023-06-16T21:24:49.596343+00:00
CUR_DE715,Curitiba,4106902,0,URBS,303,https://moovitapp.com/index/pt-br/transporte_p%C3%BAblico-line-303_CENTEN%C3%81RIO_CAMPO_COMPRIDO-Curitiba-942-9628-531689-0,-1.0,-25.44191,-49.21835,,False,5,1,2023-06-16T21:25:49.596343+00:00
CUR_JE704,Curitiba,4106902,0,URBS,303,https://moovitapp.com/index/pt-br/transporte_p%C3%BAblico-line-303_CENTEN%C3%81RIO_CAMPO_COMPRIDO-Curitiba-942-9628-531689-0,-1.0,-25.441595,-49.347551,,False,5,1,2023-06-16T21:24:49.596343+00:00
CUR_DE705,Curitiba,4106902,0,URBS,303,https://moovitapp.com/index/pt-br/transporte_p%C3%BAblico-line-303_CENTEN%C3%81RIO_CAMPO_COMPRIDO-Curitiba-942-9628-531689-0,-1.0,-25.435758,-49.274485,,False,5,1,2023-06-16T21:24:49.596343+00:00
CUR_DE717,Curitiba,4106902,0,URBS,303,https://moovitapp.com/index/pt-br/transporte_p%C3%BAblico-line-303_CENTEN%C3%81RIO_CAMPO_COMPRIDO-Curitiba-942-9628-531689-0,-1.0,-25.434706,-49.276146,,False,5,2,2023-06-16T21:24:49.596343+00:00
CUR_DE704,Curitiba,4106902,0,URBS,303,https://moovitapp.com/index/pt-br/transporte_p%C3%BAblico-line-303_CENTEN%C3%81RIO_CAMPO_COMPRIDO-Curitiba-942-9628-531689-0,-1.0,-25.435686,-49.255658,,False,5,2,2023-06-16T21:24:49.596343+00:00
CUR_DE718,Curitiba,4106902,0,URBS,303,https://moovitapp.com/index/pt-br/transporte_p%C3%BAblico-line-303_CENTEN%C3%81RIO_CAMPO_COMPRIDO-Curitiba-942-9628-531689-0,-1.0,-25.441031,-49.34238,,False,5,2,2023-06-16T21:24:49.596343+00:00
CUR_DE703,Curitiba,4106902,0,URBS,303,https://moovitapp.com/index/pt-br/transporte_p%C3%BAblico-line-303_CENTEN%C3%81RIO_CAMPO_COMPRIDO-Curitiba-942-9628-531689-0,-1.0,-25.441731,-49.346883,,False,5,2,2023-06-16T21:24:49.596343+00:00
CUR_JE709,Curitiba,4106902,0,URBS,303,https://moovitapp.com/index/pt-br/transporte_p%C3%BAblico-line-303_CENTEN%C3%81RIO_CAMPO_COMPRIDO-Curitiba-942-9628-531689-0,-1.0,-25.441801,-49.232291,,False,5,1,2023-06-16T21:24:49.596343+00:00
CUR_JE703,Curitiba,4106902,0,URBS,303,https://moovitapp.com/index/pt-br/transporte_p%C3%BAblico-line-303_CENTEN%C3%81RIO_CAMPO_COMPRIDO-Curitiba-942-9628-531689-0,-1.0,-25.442096,-49.217911,,False,5,1,2023-06-16T21:24:49.596343+00:00
CUR_DE707,Curitiba,4106902,0,URBS,303,https://moovitapp.com/index/pt-br/transporte_p%C3%BAblico-line-303_CENTEN%C3%81RIO_CAMPO_COMPRIDO-Curitiba-942-9628-531689-0,-1.0,-25.433436,-49.300086,,False,5,1,2023-06-16T21:24:49.596343+00:00
CUR_JE705,Curitiba,4106902,0,URBS,303,https://moovitapp.com/index/pt-br/transporte_p%C3%BAblico-line-303_CENTEN%C3%81RIO_CAMPO_COMPRIDO-Curitiba-942-9628-531689-0,-1.0,-25.453655,-49.214356,,False,5,2,2023-06-16T21:24:49.596343+00:00
CUR_JE706,Curitiba,4106902,0,URBS,303,https://moovitapp.com/index/pt-br/transporte_p%C3%BAblico-line-303_CENTEN%C3%81RIO_CAMPO_COMPRIDO-Curitiba-942-9628-531689-0,-1.0,-25.441893,-49.232696,,False,5,2,2023-06-16T21:24:49.596343+00:00
CUR_JE707,Curitiba,4106902,0,URBS,303,https://moovitapp.com/index/pt-br/transporte_p%C3%BAblico-line-303_CENTEN%C3%81RIO_CAMPO_COMPRIDO-Curitiba-942-9628-531689-0,-1.0,-25.429556,-49.29049,,False,5,1,2023-06-16T21:24:49.596343+00:00
CUR_JE849,Curitiba,4106902,0,URBS,303,https://moovitapp.com/index/pt-br/transporte_p%C3%BAblico-line-303_CENTEN%C3%81RIO_CAMPO_COMPRIDO-Curitiba-942-9628-531689-0,-1.0,-25.43127,-49.296106,,False,5,2,2023-06-16T21:24:49.596343+00:00
CUR_DE719,Curitiba,4106902,0,URBS,303,https://moovitapp.com/index/pt-br/transporte_p%C3%BAblico-line-303_CENTEN%C3%81RIO_CAMPO_COMPRIDO-Curitiba-942-9628-531689-0,-1.0,-25.439316,-49.317908,,False,5,1,2023-06-16T21:24:49.596343+00:00
CUR_DE710,Curitiba,4106902,0,URBS,303,https://moovitapp.com/index/pt-br/transporte_p%C3%BAblico-line-303_CENTEN%C3%81RIO_CAMPO_COMPRIDO-Curitiba-942-9628-531689-0,-1.0,-25.429553,-49.283896,,False,5,2,2023-06-16T21:24:49.596343+00:00
CUR_XY042,Curitiba,4106902,0,URBS,303,https://moovitapp.com/index/pt-br/transporte_p%C3%BAblico-line-303_CENTEN%C3%81RIO_CAMPO_COMPRIDO-Curitiba-942-9628-531689-0,-1.0,-25.439305,-49.237606,,False,4,1,2023-06-16T21:24:49.596343+00:00
CUR_DE716,Curitiba,4106902,0,URBS,303,https://moovitapp.com/index/pt-br/transporte_p%C3%BAblico-line-303_CENTEN%C3%81RIO_CAMPO_COMPRIDO-Curitiba-942-9628-531689-0,-1.0,-25.442281,-49.21752,,False,5,2,2023-06-16T21:24:49.596343+00:00
CUR_DE722,Curitiba,4106902,0,URBS,303,https://moovitapp.com/index/pt-br/transporte_p%C3%BAblico-line-303_CENTEN%C3%81RIO_CAMPO_COMPRIDO-Curitiba-942-9628-531689-0,-1.0,-25.435575,-49.260196,,False,5,1,2023-06-16T21:23:49.596343+00:00
CUR_JE700,Curitiba,4106902,0,URBS,303,https://moovitapp.com/index/pt-br/transporte_p%C3%BAblico-line-303_CENTEN%C3%81RIO_CAMPO_COMPRIDO-Curitiba-942-9628-531689-0,-1.0,-25.451856,-49.214808,,False,5,1,2023-06-16T21:24:49.596343+00:00
CUR_DE702,Curitiba,4106902,0,URBS,303,https://moovitapp.com/index/pt-br/transporte_p%C3%BAblico-line-303_CENTEN%C3%81RIO_CAMPO_COMPRIDO-Curitiba-942-9628-531689-0,-1.0,-25.435661,-49.256298,,False,5,1,2023-06-16T21:24:49.596343+00:00
CUR_DE696,Curitiba,4106902,0,URBS,303,https://moovitapp.com/index/pt-br/transporte_p%C3%BAblico-line-303_CENTEN%C3%81RIO_CAMPO_COMPRIDO-Curitiba-942-9628-531689-0,-1.0,-25.437631,-49.2667,,False,4,2,2023-06-16T21:24:49.596343+00:00
CUR_DE694,Curitiba,4106902,0,URBS,303,https://moovitapp.com/index/pt-br/transporte_p%C3%BAblico-line-303_CENTEN%C3%81RIO_CAMPO_COMPRIDO-Curitiba-942-9628-531689-0,-1.0,-25.436618,-49.32817,,False,4,2,2023-06-16T21:25:49.596343+00:00
CUR_JE701,Curitiba,4106902,0,URBS,303,https://moovitapp.com/index/pt-br/transporte_p%C3%BAblico-line-303_CENTEN%C3%81RIO_CAMPO_COMPRIDO-Curitiba-942-9628-531689-0,-1.0,-25.431268,-49.278853,,False,5,1,2023-06-16T21:24:49.596343+00:00
CUR_DE721,Curitiba,4106902,0,URBS,303,https://moovitapp.com/index/pt-br/transporte_p%C3%BAblico-line-303_CENTEN%C3%81RIO_CAMPO_COMPRIDO-Curitiba-942-9628-531689-0,-1.0,-25.438196,-49.315241,,False,5,2,2023-06-16T21:22:49.596343+00:00
CUR_JE708,Curitiba,4106902,0,URBS,303,https://moovitapp.com/index/pt-br/transporte_p%C3%BAblico-line-303_CENTEN%C3%81RIO_CAMPO_COMPRIDO-Curitiba-942-9628-531689-0,-1.0,-25.45254,-49.214718,,False,5,2,2023-06-16T21:24:49.596343+00:00
CUR_EA008,Curitiba,4106902,1,,657,,,-25.496651,-49.272958,,False,1,1,2023-06-16T21:24:49.596343+00:00
CUR_EA026,Curitiba,4106902,1,,657,,,-25.507898,-49.268941,,False,1,1,2023-06-16T21:24:49.596343+00:00
CUR_EA021,Curitiba,4106902,1,,521,,,-25.501976,-49.239455,,False,1,2,2023-06-16T21:24:49.596343+00:00
CUR_EI017,Curitiba,4106902,1,,475,,,-25.441415,-49.262395,,False,1,2,2023-06-16T21:25:49.596343+00:00
CUR_EI020,Curitiba,4106902,1,,475,,,-25.470863,-49.246148,,False,1,1,2023-06-16T21:24:49.596343+00:00
CUR_EA012,Curitiba,4106902,1,,475,,,-25.4868,-49.231718,,False,1,2,2023-06-16T21:25:49.596343+00:00
CUR_JI853,Curitiba,4106902,1,,825,,,-25.463305,-49.36778,,False,7,1,2023-06-16T21:24:49.596343+00:00
CUR_GI028,Curitiba,4106902,1,,534,,,-25.522901,-49.242215,,False,1,2,2023-06-16T21:23:49.596343+00:00
CUR_GI025,Curitiba,4106902,1,,534,,,-25.52251,-49.241245,,False,1,1,2023-06-16T21:24:49.596343+00:00
CUR_GC012,Curitiba,4106902,1,,534,,,-25.52211,-49.240151,,False,1,2,2023-06-16T21:24:49.596343+00:00
CUR_BC020,Curitiba,4106902,1,,870,,,-25.430878,-49.2835,,False,1,1,2023-06-16T21:21:49.596343+00:00
CUR_BC008,Curitiba,4106902,1,,870,,,-25.432025,-49.277313,,False,1,1,2023-06-16T21:21:49.596343+00:00
CUR_BC014,Curitiba,4106902,1,,870,,,-25.431138,-49.325408,,False,1,1,2023-06-16T21:24:49.596343+00:00
CUR_GI038,Curitiba,4106902,1,,633,,,-25.52768,-49.292166,,False,1,2,2023-06-16T21:24:49.596343+00:00
CUR_GI039,Curitiba,4106902,1,,633,,,-25.532313,-49.275046,,False,1,1,2023-06-16T21:25:49.596343+00:00
CUR_GC015,Curitiba,4106902,1,,633,,,-25.513756,-49.294338,,False,1,1,2023-06-16T21:24:49.596343+00:00
CUR_BI002,Curitiba,4106902,1,,374,,,-25.421496,-49.261245,,False,1,1,2023-06-16T21:24:49.596343+00:00
CUR_BI005,Curitiba,4106902,1,,374,,,-25.409751,-49.219506,,False,1,2,2023-06-16T21:23:49.596343+00:00
CUR_BI006,Curitiba,4106902,1,,374,,,-25.421711,-49.261105,,False,1,1,2023-06-16T21:23:49.596343+00:00
CUR_BB612,Curitiba,4106902,1,,020,,,-25.430286,-49.213718,,False,4,,2023-06-16T21:23:49.596343+00:00
CUR_BB606,Curitiba,4106902,1,,020,,,-25.472491,-49.297043,,False,4,,2023-06-16T21:23:49.596343+00:00
CUR_HB611,Curitiba,4106902,1,,020,,,-25.435833,-49.306776,,False,4,,2023-06-16T21:23:49.596343+00:00
CUR_CB603,Curitiba,4106902,1,,020,,,-25.48512,-49.252205,,False,4,,2023-06-16T21:24:49.596343+00:00
CUR_EB603,Curitiba,4106902,1,,020,,,-25.406491,-49.252395,,False,4,,2023-06-16T21:24:49.596343+00:00
CUR_EB606,Curitiba,4106902,1,,020,,,-25.413078,-49.290926,,False,4,,2023-06-16T21:24:49.596343+00:00
CUR_KB604,Curitiba,4106902,1,,020,,,-25.45579,-49.231406,,False,4,,2023-06-16T21:24:49.596343+00:00
CUR_BI600,Curitiba,4106902,1,,020,,,-25.457736,-49.302558,,False,4,,2023-06-16T21:22:49.596343+00:00
CUR_BB600,Curitiba,4106902,1,,020,,,-25.493423,-49.291343,,False,4,,2023-06-16T21:24:49.596343+00:00
CUR_BB609,Curitiba,4106902,1,,020,,,-25.420188,-49.291206,,False,4,,2023-06-16T21:24:49.596343+00:00
CUR_CB600,Curitiba,4106902,1,,020,,,-25.44035,-49.221118,,False,4,,2023-06-16T21:23:49.596343+00:00
CUR_BB614,Curitiba,4106902,1,,020,,,-25.417546,-49.246923,,False,4,,2023-06-16T21:24:49.596343+00:00
CUR_BB605,Curitiba,4106902,1,,020,,,-25.390351,-49.259998,,False,4,,2023-06-16T21:25:49.596343+00:00
CUR_HI611,Curitiba,4106902,1,,684,,,-25.573376,-49.327523,,False,4,1,2023-06-16T21:21:49.596343+00:00
CUR_HI613,Curitiba,4106902,1,,684,,,-25.54273,-49.302728,,False,4,1,2023-06-16T21:24:49.596343+00:00
CUR_HA615,Curitiba,4106902,1,,684,,,-25.542618,-49.303013,,False,4,2,2023-06-16T21:12:49.596343+00:00
CUR_HI602,Curitiba,4106902,1,,684,,,-25.523268,-49.29596,,False,4,1,2023-06-16T21:24:49.596343+00:00
CUR_HA601,Curitiba,4106902,1,,684,,,-25.522025,-49.29221,,False,4,1,2023-06-16T21:24:49.596343+00:00
CUR_HA613,Curitiba,4106902,1,,684,,,-25.584871,-49.337955,,False,4,2,2023-06-16T21:23:49.596343+00:00
CUR_HI603,Curitiba,4106902,0,,684,,,-25.586143,-49.314188,,False,4,2,2023-06-16T21:23:49.596343+00:00
CUR_HR408,Curitiba,4106902,1,,684,,,-25.588578,-49.341146,,False,4,2,2023-06-16T21:22:49.596343+00:00
CUR_HA600,Curitiba,4106902,1,,684,,,-25.558791,-49.306786,,False,4,2,2023-06-16T21:21:49.596343+00:00
CUR_HA699,Curitiba,4106902,1,,684,,,-25.522065,-49.297086,,False,4,1,2023-06-16T21:24:49.596343+00:00
CUR_HB609,Curitiba,4106902,1,,684,,,-25.54737,-49.303933,,False,4,1,2023-06-16T21:23:49.596343+00:00
CUR_EB600,Curitiba,4106902,1,,021,,,-25.43077,-49.210618,,False,4,,2023-06-16T21:24:49.596343+00:00
CUR_EB601,Curitiba,4106902,1,,021,,,-25.406968,-49.252635,,False,4,,2023-06-16T21:24:49.596343+00:00
CUR_BB613,Curitiba,4106902,1,,021,,,-25.481433,-49.248448,,False,4,,2023-06-16T21:23:49.596343+00:00
CUR_CB604,Curitiba,4106902,1,,021,,,-25.432071,-49.300505,,False,4,,2023-06-16T21:24:49.596343+00:00
CUR_GB600,Curitiba,4106902,1,,021,,,-25.49584,-49.275756,,False,4,,2023-06-16T21:23:49.596343+00:00
CUR_BB498,Curitiba,4106902,1,,021,,,-25.386866,-49.271851,,False,3,,2023-06-16T21:22:49.596343+00:00
CUR_KB696,Curitiba,4106902,0,,021,,,-25.442168,-49.221731,,False,4,,2023-06-16T21:24:49.596343+00:00
CUR_XY043,Curitiba,4106902,0,,021,,,-25.433003,-49.302756,,False,3,,2023-06-16T21:23:49.596343+00:00
CUR_GB602,Curitiba,4106902,1,,021,,,-25.492645,-49.292625,,False,4,,2023-06-16T21:24:49.596343+00:00
CUR_GB601,Curitiba,4106902,1,,021,,,-25.490761,-49.255258,,False,4,,2023-06-16T21:24:49.596343+00:00
CUR_KB607,Curitiba,4106902,1,,021,,,-25.431866,-49.300363,,False,4,,2023-06-16T21:24:49.596343+00:00
CUR_BB610,Curitiba,4106902,1,,021,,,-25.406945,-49.252651,,False,4,,2023-06-16T21:22:49.596343+00:00
CUR_BB620,Curitiba,4106902,1,,021,,,-25.471905,-49.29844,,False,4,1,2023-06-16T21:25:49.596343+00:00
CUR_DN604,Curitiba,4106902,1,,465,,,-25.443683,-49.249901,,False,7,1,2023-06-16T21:24:49.596343+00:00
CUR_DC851,Curitiba,4106902,1,,477,,,-25.464136,-49.237131,,False,7,1,2023-06-16T21:24:49.596343+00:00
CUR_DC854,Curitiba,4106902,1,,477,,,-25.441798,-49.258795,,False,7,2,2023-06-16T21:24:49.596343+00:00
CUR_EA022,Curitiba,4106902,1,,532,,,-25.526955,-49.239638,,False,1,2,2023-06-16T21:24:49.596343+00:00
CUR_EA011,Curitiba,4106902,1,,532,,,-25.536143,-49.242153,,False,1,1,2023-06-16T21:24:49.596343+00:00
CUR_EA016,Curitiba,4106902,1,,532,,,-25.522943,-49.231371,,False,1,2,2023-06-16T21:24:49.596343+00:00
CUR_EA199,Curitiba,4106902,1,,532,,,-25.532023,-49.241415,,False,1,1,2023-06-16T21:24:49.596343+00:00
CUR_EI002,Curitiba,4106902,1,,523,,,-25.501973,-49.223066,,False,1,2,2023-06-16T21:23:49.596343+00:00
CUR_EI004,Curitiba,4106902,1,,471,,,-25.444551,-49.26223,,False,1,2,2023-06-16T21:24:49.596343+00:00
CUR_EA203,Curitiba,4106902,1,,471,,,-25.44938,-49.257513,,False,1,1,2023-06-16T21:24:49.596343+00:00
CUR_EL319,Curitiba,4106902,1,URBS,507,https://moovitapp.com/index/pt-br/transporte_p%C3%BAblico-line-507_S%C3%8DTIO_CERCADO_HOR%C3%81RIO-Curitiba-942-9628-294494-0,-1.0,-25.512613,-49.232085,,False,3,,2023-06-16T21:24:49.596343+00:00
CUR_EL332,Curitiba,4106902,1,URBS,507,https://moovitapp.com/index/pt-br/transporte_p%C3%BAblico-line-507_S%C3%8DTIO_CERCADO_HOR%C3%81RIO-Curitiba-942-9628-294494-0,-1.0,-25.479116,-49.248478,,False,3,,2023-06-16T21:24:49.596343+00:00
CUR_EL325,Curitiba,4106902,1,URBS,507,https://moovitapp.com/index/pt-br/transporte_p%C3%BAblico-line-507_S%C3%8DTIO_CERCADO_HOR%C3%81RIO-Curitiba-942-9628-294494-0,-1.0,-25.443513,-49.268171,,False,3,,2023-06-16T21:24:49.596343+00:00
CUR_EL316,Curitiba,4106902,0,URBS,507,https://moovitapp.com/index/pt-br/transporte_p%C3%BAblico-line-507_S%C3%8DTIO_CERCADO_HOR%C3%81RIO-Curitiba-942-9628-294494-0,-1.0,-25.450548,-49.28517,,False,3,,2023-06-16T21:24:49.596343+00:00
CUR_EL322,Curitiba,4106902,1,URBS,507,https://moovitapp.com/index/pt-br/transporte_p%C3%BAblico-line-507_S%C3%8DTIO_CERCADO_HOR%C3%81RIO-Curitiba-942-9628-294494-0,-1.0,-25.529935,-49.286791,,False,3,,2023-06-16T21:24:49.596343+00:00
CUR_EL326,Curitiba,4106902,1,URBS,507,https://moovitapp.com/index/pt-br/transporte_p%C3%BAblico-line-507_S%C3%8DTIO_CERCADO_HOR%C3%81RIO-Curitiba-942-9628-294494-0,-1.0,-25.524783,-49.247615,,False,3,,2023-06-16T21:23:49.596343+00:00
CUR_GL310,Curitiba,4106902,0,URBS,507,https://moovitapp.com/index/pt-br/transporte_p%C3%BAblico-line-507_S%C3%8DTIO_CERCADO_HOR%C3%81RIO-Curitiba-942-9628-294494-0,-1.0,-25.44093,-49.261428,,False,3,,2023-06-16T21:24:49.596343+00:00
CUR_EL327,Curitiba,4106902,1,URBS,507,https://moovitapp.com/index/pt-br/transporte_p%C3%BAblico-line-507_S%C3%8DTIO_CERCADO_HOR%C3%81RIO-Curitiba-942-9628-294494-0,-1.0,-25.524496,-49.246303,,False,3,,2023-06-16T21:25:49.596343+00:00
CUR_GL314,Curitiba,4106902,0,URBS,507,https://moovitapp.com/index/pt-br/transporte_p%C3%BAblico-line-507_S%C3%8DTIO_CERCADO_HOR%C3%81RIO-Curitiba-942-9628-294494-0,-1.0,-25.464111,-49.255813,,False,3,,2023-06-16T21:24:49.596343+00:00
CUR_EL300,Curitiba,4106902,0,URBS,507,https://moovitapp.com/index/pt-br/transporte_p%C3%BAblico-line-507_S%C3%8DTIO_CERCADO_HOR%C3%81RIO-Curitiba-942-9628-294494-0,-1.0,-25.443511,-49.268176,,False,3,,2023-06-16T21:25:49.596343+00:00
CUR_GL305,Curitiba,4106902,0,URBS,507,https://moovitapp.com/index/pt-br/transporte_p%C3%BAblico-line-507_S%C3%8DTIO_CERCADO_HOR%C3%81RIO-Curitiba-942-9628-294494-0,-1.0,-25.512273,-49.294475,,False,3,,2023-06-16T21:24:49.596343+00:00
CUR_EL075,Curitiba,4106902,0,URBS,507,https://moovitapp.com/index/pt-br/transporte_p%C3%BAblico-line-507_S%C3%8DTIO_CERCADO_HOR%C3%81RIO-Curitiba-942-9628-294494-0,-1.0,-25.528596,-49.288475,,False,3,,2023-06-16T21:25:49.596343+00:00
CUR_JI864,Curitiba,4106902,1,,760,,,-25.455111,-49.303931,,False,7,2,2023-06-16T21:24:49.596343+00:00
CUR_GI015,Curitiba,4106902,1,,541,,,-25.544896,-49.253845,,False,1,1,2023-06-16T21:24:49.596343+00:00
CUR_GI006,Curitiba,4106902,1,,541,,,-25.540383,-49.267346,,False,1,2,2023-06-16T21:25:49.596343+00:00
CUR_GI035,Curitiba,4106902,1,,541,,,-25.534133,-49.267285,,False,1,1,2023-06-16T21:24:49.596343+00:00
CUR_GI037,Curitiba,4106902,1,,541,,,-25.543293,-49.248076,,False,1,2,2023-06-16T21:25:49.596343+00:00
CUR_GI011,Curitiba,4106902,1,,541,,,-25.540955,-49.24905,,False,1,1,2023-06-16T21:24:49.596343+00:00
CUR_GC007,Curitiba,4106902,1,,541,,,-25.536718,-49.269636,,False,1,2,2023-06-16T21:24:49.596343+00:00
CUR_JA037,Curitiba,4106902,1,,658,,,-25.497145,-49.345435,,False,1,1,2023-06-16T21:24:49.596343+00:00
CUR_HA193,Curitiba,4106902,1,,658,,,-25.494221,-49.335073,,False,1,2,2023-06-16T21:23:49.596343+00:00
CUR_HI049,Curitiba,4106902,1,,658,,,-25.49256,-49.29583,,False,1,1,2023-06-16T21:24:49.596343+00:00
CUR_JI022,Curitiba,4106902,1,,658,,,-25.485696,-49.34944,,False,1,1,2023-06-16T21:24:49.596343+00:00
CUR_JA035,Curitiba,4106902,1,,718,,,-25.496603,-49.347981,,False,1,1,2023-06-16T21:24:49.596343+00:00
CUR_HC006,Curitiba,4106902,1,,658,,,-25.484513,-49.34994,,False,1,2,2023-06-16T21:21:49.596343+00:00
CUR_HC013,Curitiba,4106902,1,,658,,,-25.49022,-49.3462,,False,1,2,2023-06-16T21:24:49.596343+00:00
CUR_JA024,Curitiba,4106902,1,,658,,,-25.49377,-49.310205,,False,1,2,2023-06-16T21:24:49.596343+00:00
CUR_JA299,Curitiba,4106902,1,,658,,,-25.493895,-49.29818,,False,1,1,2023-06-16T21:24:49.596343+00:00
CUR_HA027,Curitiba,4106902,1,,658,,,-25.494726,-49.326803,,False,1,1,2023-06-16T21:21:49.596343+00:00
CUR_GI050,Curitiba,4106902,1,,641,,,-25.559885,-49.285576,,False,1,2,2023-06-16T21:24:49.596343+00:00
CUR_GI019,Curitiba,4106902,1,,643,,,-25.521818,-49.296991,,False,1,2,2023-06-16T21:23:49.596343+00:00
CUR_GI033,Curitiba,4106902,1,,643,,,-25.558456,-49.291721,,False,1,1,2023-06-16T21:24:49.596343+00:00
CUR_GC004,Curitiba,4106902,1,,643,,,-25.561635,-49.291258,,False,1,2,2023-06-16T21:25:49.596343+00:00
CUR_BI867,Curitiba,4106902,1,,237,,,-25.37462,-49.222326,,False,7,,2023-06-16T21:24:49.596343+00:00
CUR_BI874,Curitiba,4106902,1,,275,,,-25.379825,-49.249306,,False,7,2,2023-06-16T21:23:49.596343+00:00
CUR_BI880,Curitiba,4106902,1,,275,,,-25.407863,-49.260736,,False,7,2,2023-06-16T21:22:49.596343+00:00
CUR_BI893,Curitiba,4106902,1,,275,,,-25.415861,-49.262436,,False,7,1,2023-06-16T21:25:49.596343+00:00
CUR_BC006,Curitiba,4106902,1,,168,,,-25.428483,-49.272546,,False,1,1,2023-06-16T21:23:49.596343+00:00
CUR_BC007,Curitiba,4106902,1,,168,,,-25.375061,-49.319013,,False,1,2,2023-06-16T21:13:49.596343+00:00
CUR_HI025,Curitiba,4106902,1,,655,,,-25.52571,-49.296758,,False,1,1,2023-06-16T21:24:49.596343+00:00
CUR_HA029,Curitiba,4106902,1,,655,,,-25.543163,-49.30314,,False,1,1,2023-06-16T21:25:49.596343+00:00
CUR_HI022,Curitiba,4106902,1,,772,,,-25.574705,-49.316573,,False,1,1,2023-06-16T21:17:49.596343+00:00
CUR_HI001,Curitiba,4106902,1,,772,,,-25.620376,-49.375856,,False,1,2,2023-06-16T21:24:49.596343+00:00
CUR_HA616,Curitiba,4106902,1,,772,,,-25.531771,-49.300151,,False,4,1,2023-06-16T21:21:49.596343+00:00
CUR_HA614,Curitiba,4106902,1,,772,,,-25.582161,-49.313448,,False,4,2,2023-06-16T21:23:49.596343+00:00
CUR_HI607,Curitiba,4106902,0,,772,,,-25.523441,-49.293958,,False,4,1,2023-06-16T21:25:49.596343+00:00
CUR_HA602,Curitiba,4106902,1,,772,,,-25.616813,-49.364893,,False,4,2,2023-06-16T21:18:49.596343+00:00
CUR_HC304,Curitiba,4106902,1,,380,,,-25.435141,-49.28162,,False,10,2,2023-06-16T21:22:49.596343+00:00
CUR_CI006,Curitiba,4106902,1,,380,,,-25.426043,-49.26113,,False,1,2,2023-06-16T21:24:49.596343+00:00
CUR_CC302,Curitiba,4106902,1,,380,,,-25.431405,-49.211896,,False,10,1,2023-06-16T21:24:49.596343+00:00
CUR_CI003,Curitiba,4106902,1,,380,,,-25.436908,-49.289841,,False,1,1,2023-06-16T21:24:49.596343+00:00
CUR_MI854,Curitiba,4106902,1,,911,,,-25.401043,-49.333863,,False,7,1,2023-06-16T21:25:49.596343+00:00
CUR_DA013,Curitiba,4106902,1,,338,,,-25.468503,-49.199596,,False,1,1,2023-06-16T21:19:49.596343+00:00
CUR_DA029,Curitiba,4106902,1,,338,,,-25.480915,-49.24761,,False,1,1,2023-06-16T21:24:49.596343+00:00
CUR_DA301,Curitiba,4106902,1,,338,,,-25.495768,-49.208845,,False,3,2,2023-06-16T21:24:49.596343+00:00
CUR_DC983,Curitiba,4106902,1,,338,,,-25.495805,-49.208618,,False,1,1,2023-06-16T21:24:49.596343+00:00
CUR_DC084,Curitiba,4106902,0,,338,,,-25.477016,-49.241106,,False,1,2,2023-06-16T21:24:49.596343+00:00
CUR_GC006,Curitiba,4106902,1,,338,,,-25.479948,-49.199685,,False,1,1,2023-06-16T21:24:49.596343+00:00
CUR_DA290,Curitiba,4106902,1,,338,,,-25.499971,-49.209013,,False,1,2,2023-06-16T21:24:49.596343+00:00
CUR_EA076,Curitiba,4106902,1,,338,,,-25.478903,-49.245791,,False,1,1,2023-06-16T21:24:49.596343+00:00
CUR_EA003,Curitiba,4106902,1,,338,,,-25.469036,-49.203428,,False,1,2,2023-06-16T21:24:49.596343+00:00
CUR_GC011,Curitiba,4106902,1,,338,,,-25.47798,-49.243193,,False,1,1,2023-06-16T21:24:49.596343+00:00
CUR_EI010,Curitiba,4106902,1,Auto Viação São José,515,https://moovitapp.com/index/pt-br/transporte_p%C3%BAblico-line-515_%E2%9C%88_AEROPORTO_1_SHOPPING_S%C3%83O_JOS%C3%89-Curitiba-942-857412-67925719-0,-1.0,-25.513616,-49.220473,,False,1,2,2023-06-16T21:24:49.596343+00:00
CUR_EI009,Curitiba,4106902,1,Auto Viação São José,515,https://moovitapp.com/index/pt-br/transporte_p%C3%BAblico-line-515_%E2%9C%88_AEROPORTO_1_SHOPPING_S%C3%83O_JOS%C3%89-Curitiba-942-857412-67925719-0,-1.0,-25.492328,-49.235153,,False,1,1,2023-06-16T21:24:49.596343+00:00
CUR_EI003,Curitiba,4106902,1,Auto Viação São José,515,https://moovitapp.com/index/pt-br/transporte_p%C3%BAblico-line-515_%E2%9C%88_AEROPORTO_1_SHOPPING_S%C3%83O_JOS%C3%89-Curitiba-942-857412-67925719-0,-1.0,-25.510411,-49.222093,,False,1,1,2023-06-16T21:24:49.596343+00:00
CUR_EA007,Curitiba,4106902,1,Auto Viação São José,515,https://moovitapp.com/index/pt-br/transporte_p%C3%BAblico-line-515_%E2%9C%88_AEROPORTO_1_SHOPPING_S%C3%83O_JOS%C3%89-Curitiba-942-857412-67925719-0,-1.0,-25.517108,-49.23044,,False,1,2,2023-06-16T21:24:49.596343+00:00
CUR_EI005,Curitiba,4106902,1,,528,,,-25.506678,-49.223925,,False,1,1,2023-06-16T21:24:49.596343+00:00
CUR_EA009,Curitiba,4106902,1,Auto Viação São José,515,https://moovitapp.com/index/pt-br/transporte_p%C3%BAblico-line-515_%E2%9C%88_AEROPORTO_1_SHOPPING_S%C3%83O_JOS%C3%89-Curitiba-942-857412-67925719-0,-1.0,-25.486246,-49.238101,,False,1,2,2023-06-16T21:24:49.596343+00:00
CUR_EA005,Curitiba,4106902,1,,X07,,,-25.53553,-49.270748,,False,1,2,2023-06-16T21:25:49.596343+00:00
CUR_EI006,Curitiba,4106902,1,,X07,,,-25.552421,-49.252023,,False,1,1,2023-06-16T21:24:49.596343+00:00
CUR_JI004,Curitiba,4106902,1,,719,,,-25.485588,-49.35434,,False,1,2,2023-06-16T21:23:49.596343+00:00
CUR_JI015,Curitiba,4106902,1,,719,,,-25.478471,-49.339898,,False,1,2,2023-06-16T21:25:49.596343+00:00
CUR_JI009,Curitiba,4106902,1,,718,,,-25.480613,-49.332086,,False,1,,2023-06-16T21:24:49.596343+00:00
CUR_BI018,Curitiba,4106902,1,,232,,,-25.367041,-49.227008,,False,1,1,2023-06-16T21:24:49.596343+00:00
CUR_BI021,Curitiba,4106902,1,,232,,,-25.36327,-49.228516,,False,1,2,2023-06-16T21:25:49.596343+00:00
CUR_BA028,Curitiba,4106902,1,,232,,,-25.374465,-49.22331,,False,1,2,2023-06-16T21:25:49.596343+00:00
CUR_BI008,Curitiba,4106902,1,,232,,,-25.363733,-49.232501,,False,1,1,2023-06-16T21:22:49.596343+00:00
CUR_KI002,Curitiba,4106902,1,,472,,,-25.43576,-49.271526,,False,1,2,2023-06-16T21:24:49.596343+00:00
CUR_KC002,Curitiba,4106902,1,,472,,,-25.485225,-49.223368,,False,1,1,2023-06-16T21:24:49.596343+00:00
CUR_BI024,Curitiba,4106902,1,,242,,,-25.376611,-49.262676,,False,1,1,2023-06-16T21:24:49.596343+00:00
CUR_BI015,Curitiba,4106902,1,,242,,,-25.377416,-49.262338,,False,1,1,2023-06-16T21:23:49.596343+00:00
CUR_JI860,Curitiba,4106902,1,,779,,,-25.462943,-49.316266,,False,7,2,2023-06-16T21:24:49.596343+00:00
CUR_BI879,Curitiba,4106902,1,,311,,,-25.436455,-49.210621,,False,7,1,2023-06-16T21:24:49.596343+00:00
CUR_BI029,Curitiba,4106902,1,,372,,,-25.413008,-49.205091,,False,1,2,2023-06-16T21:25:49.596343+00:00
CUR_BC316,Curitiba,4106902,1,,372,,,-25.429466,-49.266493,,False,10,1,2023-06-16T21:25:49.596343+00:00
CUR_CC301,Curitiba,4106902,1,,372,,,-25.430245,-49.26413,,False,10,2,2023-06-16T21:24:49.596343+00:00
CUR_BC320,Curitiba,4106902,1,,372,,,-25.415178,-49.280255,,False,10,,2023-06-16T21:24:49.596343+00:00
CUR_CC297,Curitiba,4106902,1,,372,,,-25.429933,-49.216821,,False,1,2,2023-06-16T21:24:49.596343+00:00
CUR_BC002,Curitiba,4106902,1,,183,,,-25.428611,-49.271106,,False,1,1,2023-06-16T21:24:49.596343+00:00
CUR_BC023,Curitiba,4106902,1,,183,,,-25.366071,-49.272096,,False,1,2,2023-06-16T21:22:49.596343+00:00
CUR_JA028,Curitiba,4106902,1,,711,,,-25.473793,-49.350266,,False,1,2,2023-06-16T21:25:49.596343+00:00
CUR_JA022,Curitiba,4106902,1,,711,,,-25.477238,-49.335135,,False,1,2,2023-06-16T21:24:49.596343+00:00
CUR_BI863,Curitiba,4106902,1,,274,,,-25.417908,-49.265301,,False,7,1,2023-06-16T21:23:49.596343+00:00
CUR_BI868,Curitiba,4106902,1,,274,,,-25.385785,-49.261573,,False,7,2,2023-06-16T21:23:49.596343+00:00
CUR_JI003,Curitiba,4106902,1,,860,,,-25.458125,-49.346863,,False,1,1,2023-06-16T21:24:49.596343+00:00
CUR_JA036,Curitiba,4106902,1,,860,,,-25.443155,-49.28503,,False,1,2,2023-06-16T21:24:49.596343+00:00
CUR_JI018,Curitiba,4106902,1,,860,,,-25.444378,-49.291323,,False,1,1,2023-06-16T21:24:49.596343+00:00
CUR_JA030,Curitiba,4106902,1,,860,,,-25.448756,-49.332645,,False,1,2,2023-06-16T21:24:49.596343+00:00
CUR_JI298,Curitiba,4106902,1,,860,,,-25.439743,-49.276333,,False,1,2,2023-06-16T21:25:49.596343+00:00
CUR_JC316,Curitiba,4106902,1,,778,,,-25.476705,-49.331355,,False,3,2,2023-06-16T21:24:49.596343+00:00
CUR_JC314,Curitiba,4106902,1,,778,,,-25.450658,-49.286631,,False,3,1,2023-06-16T21:24:49.596343+00:00
CUR_JC309,Curitiba,4106902,1,,778,,,-25.458006,-49.313568,,False,3,2,2023-06-16T21:24:49.596343+00:00
CUR_JC303,Curitiba,4106902,1,,778,,,-25.447481,-49.278145,,False,3,1,2023-06-16T21:24:49.596343+00:00
CUR_BC315,Curitiba,4106902,1,,371,,,-25.426685,-49.262838,,False,10,1,2023-06-16T21:21:49.596343+00:00
CUR_BC313,Curitiba,4106902,1,,371,,,-25.41233,-49.205918,,False,10,2,2023-06-16T21:19:49.596343+00:00
CUR_GI047,Curitiba,4106902,1,,528,,,-25.54995,-49.292928,,False,1,1,2023-06-16T21:24:49.596343+00:00
CUR_EI016,Curitiba,4106902,1,,528,,,-25.54402,-49.26141,,False,1,2,2023-06-16T21:25:49.596343+00:00
CUR_EA601,Curitiba,4106902,1,,528,,,-25.526386,-49.293753,,False,4,2,2023-06-16T21:24:49.596343+00:00
CUR_GI601,Curitiba,4106902,1,,528,,,-25.53584,-49.250743,,False,4,1,2023-06-16T21:23:49.596343+00:00
CUR_EA699,Curitiba,4106902,1,,528,,,-25.512941,-49.294775,,False,4,1,2023-06-16T21:22:49.596343+00:00
CUR_BC005,Curitiba,4106902,1,,876,,,-25.43229,-49.29216,,False,1,2,2023-06-16T21:23:49.596343+00:00
CUR_BC021,Curitiba,4106902,1,,876,,,-25.430533,-49.275468,,False,1,1,2023-06-16T21:23:49.596343+00:00
CUR_BC004,Curitiba,4106902,1,,876,,,-25.428413,-49.297163,,False,1,1,2023-06-16T21:25:49.596343+00:00
CUR_BC017,Curitiba,4106902,1,,876,,,-25.407928,-49.363928,,False,1,1,2023-06-16T21:25:49.596343+00:00
CUR_BI888,Curitiba,4106902,1,,366,,,-25.429583,-49.270921,,False,7,2,2023-06-16T21:24:49.596343+00:00
CUR_BI899,Curitiba,4106902,1,,366,,,-25.430468,-49.267456,,False,7,1,2023-06-16T21:25:49.596343+00:00
CUR_BI017,Curitiba,4106902,1,,342,,,-25.412871,-49.20613,,False,1,2,2023-06-16T21:25:49.596343+00:00
CUR_BI012,Curitiba,4106902,1,,342,,,-25.38733,-49.215625,,False,1,1,2023-06-16T21:25:49.596343+00:00
CUR_BA039,Curitiba,4106902,1,,342,,,-25.392895,-49.204086,,False,1,,2023-06-16T21:25:49.596343+00:00
CUR_BA033,Curitiba,4106902,1,,342,,,-25.39097,-49.204256,,False,1,2,2023-06-16T21:24:49.596343+00:00
CUR_BI025,Curitiba,4106902,1,,816,,,-25.419688,-49.31991,,False,1,1,2023-06-16T21:23:49.596343+00:00
CUR_BI031,Curitiba,4106902,1,,816,,,-25.433475,-49.311248,,False,1,2,2023-06-16T21:24:49.596343+00:00
CUR_BC019,Curitiba,4106902,1,,816,,,-25.434898,-49.307178,,False,1,2,2023-06-16T21:25:49.596343+00:00
CUR_BC018,Curitiba,4106902,1,,816,,,-25.401815,-49.329181,,False,1,1,2023-06-16T21:23:49.596343+00:00
CUR_CA600,Curitiba,4106902,1,Auto Viação São José,216,https://moovitapp.com/index/pt-br/transporte_p%C3%BAblico-line-216_PIT_PRA%C3%87A_DA_JUVENTUDE_SANTA_F%C3%89_PINDORAMA-Curitiba-942-857412-122004458-0,-1.0,-25.446231,-49.254488,,False,4,1,2023-06-16T21:24:49.596343+00:00
CUR_BA603,Curitiba,4106902,1,Auto Viação São José,216,https://moovitapp.com/index/pt-br/transporte_p%C3%BAblico-line-216_PIT_PRA%C3%87A_DA_JUVENTUDE_SANTA_F%C3%89_PINDORAMA-Curitiba-942-857412-122004458-0,-1.0,-25.43913,-49.2378,,False,4,2,2023-06-16T21:23:49.596343+00:00
CUR_HI609,Curitiba,4106902,1,Auto Viação São José,216,https://moovitapp.com/index/pt-br/transporte_p%C3%BAblico-line-216_PIT_PRA%C3%87A_DA_JUVENTUDE_SANTA_F%C3%89_PINDORAMA-Curitiba-942-857412-122004458-0,-1.0,-25.464896,-49.277865,,False,4,1,2023-06-16T21:20:49.596343+00:00
CUR_CA698,Curitiba,4106902,0,Auto Viação São José,216,https://moovitapp.com/index/pt-br/transporte_p%C3%BAblico-line-216_PIT_PRA%C3%87A_DA_JUVENTUDE_SANTA_F%C3%89_PINDORAMA-Curitiba-942-857412-122004458-0,-1.0,-25.417158,-49.251191,,False,4,1,2023-06-16T21:24:49.596343+00:00
CUR_CA697,Curitiba,4106902,1,Auto Viação São José,216,https://moovitapp.com/index/pt-br/transporte_p%C3%BAblico-line-216_PIT_PRA%C3%87A_DA_JUVENTUDE_SANTA_F%C3%89_PINDORAMA-Curitiba-942-857412-122004458-0,-1.0,-25.474985,-49.289305,,False,4,1,2023-06-16T21:24:49.596343+00:00
CUR_GA600,Curitiba,4106902,1,Auto Viação São José,216,https://moovitapp.com/index/pt-br/transporte_p%C3%BAblico-line-216_PIT_PRA%C3%87A_DA_JUVENTUDE_SANTA_F%C3%89_PINDORAMA-Curitiba-942-857412-122004458-0,-1.0,-25.411798,-49.25397,,False,4,1,2023-06-16T21:24:49.596343+00:00
CUR_GA601,Curitiba,4106902,1,Auto Viação São José,216,https://moovitapp.com/index/pt-br/transporte_p%C3%BAblico-line-216_PIT_PRA%C3%87A_DA_JUVENTUDE_SANTA_F%C3%89_PINDORAMA-Curitiba-942-857412-122004458-0,-1.0,-25.42432,-49.248646,,False,4,2,2023-06-16T21:25:49.596343+00:00
CUR_BA601,Curitiba,4106902,1,Auto Viação São José,216,https://moovitapp.com/index/pt-br/transporte_p%C3%BAblico-line-216_PIT_PRA%C3%87A_DA_JUVENTUDE_SANTA_F%C3%89_PINDORAMA-Curitiba-942-857412-122004458-0,-1.0,-25.464286,-49.277363,,False,4,1,2023-06-16T21:24:49.596343+00:00
CUR_HA608,Curitiba,4106902,1,Auto Viação São José,216,https://moovitapp.com/index/pt-br/transporte_p%C3%BAblico-line-216_PIT_PRA%C3%87A_DA_JUVENTUDE_SANTA_F%C3%89_PINDORAMA-Curitiba-942-857412-122004458-0,-1.0,-25.450365,-49.261166,,False,4,2,2023-06-16T21:21:49.596343+00:00
CUR_BA602,Curitiba,4106902,1,Auto Viação São José,216,https://moovitapp.com/index/pt-br/transporte_p%C3%BAblico-line-216_PIT_PRA%C3%87A_DA_JUVENTUDE_SANTA_F%C3%89_PINDORAMA-Curitiba-942-857412-122004458-0,-1.0,-25.421791,-49.248411,,False,4,1,2023-06-16T21:25:49.596343+00:00
CUR_CB602,Curitiba,4106902,1,Auto Viação São José,216,https://moovitapp.com/index/pt-br/transporte_p%C3%BAblico-line-216_PIT_PRA%C3%87A_DA_JUVENTUDE_SANTA_F%C3%89_PINDORAMA-Curitiba-942-857412-122004458-0,-1.0,-25.4218,-49.248401,,False,4,1,2023-06-16T21:24:49.596343+00:00
CUR_HA605,Curitiba,4106902,1,Auto Viação São José,216,https://moovitapp.com/index/pt-br/transporte_p%C3%BAblico-line-216_PIT_PRA%C3%87A_DA_JUVENTUDE_SANTA_F%C3%89_PINDORAMA-Curitiba-942-857412-122004458-0,-1.0,-25.418581,-49.247961,,False,4,2,2023-06-16T21:22:49.596343+00:00
CUR_HI023,Curitiba,4106902,1,,619,,,-25.575545,-49.338326,,False,1,2,2023-06-16T21:22:49.596343+00:00
CUR_HI608,Curitiba,4106902,1,,619,,,-25.511611,-49.32419,,False,4,1,2023-06-16T21:24:49.596343+00:00
CUR_HA619,Curitiba,4106902,1,,685,,,-25.517785,-49.3246,,False,4,1,2023-06-16T21:23:49.596343+00:00
CUR_HI605,Curitiba,4106902,1,,685,,,-25.562256,-49.329371,,False,4,1,2023-06-16T21:24:49.596343+00:00
CUR_HI610,Curitiba,4106902,1,,685,,,-25.571291,-49.331985,,False,4,2,2023-06-16T21:25:49.596343+00:00
CUR_HI606,Curitiba,4106902,1,,685,,,-25.52043,-49.333983,,False,4,1,2023-06-16T21:25:49.596343+00:00
CUR_HR409,Curitiba,4106902,1,,685,,,-25.59588,-49.34675,,False,4,2,2023-06-16T21:23:49.596343+00:00
CUR_JI020,Curitiba,4106902,1,,828,,,-25.48292,-49.322778,,False,1,1,2023-06-16T21:24:49.596343+00:00
CUR_JI021,Curitiba,4106902,1,,828,,,-25.454763,-49.348611,,False,1,2,2023-06-16T21:24:49.596343+00:00
CUR_HI008,Curitiba,4106902,1,,828,,,-25.487473,-49.318761,,False,1,1,2023-06-16T21:23:49.596343+00:00
CUR_HA014,Curitiba,4106902,1,,828,,,-25.4895,-49.316671,,False,1,1,2023-06-16T21:24:49.596343+00:00
CUR_HI024,Curitiba,4106902,1,,828,,,-25.46239,-49.328305,,False,1,2,2023-06-16T21:19:49.596343+00:00
CUR_HC502,Curitiba,4106902,1,,828,,,-25.468406,-49.331215,,False,2,1,2023-06-16T21:25:49.596343+00:00
CUR_HI859,Curitiba,4106902,1,,865,,,-25.44905,-49.309138,,False,7,2,2023-06-16T21:25:49.596343+00:00
CUR_GE611,Curitiba,4106902,0,URBS,602,https://moovitapp.com/index/pt-br/transporte_p%C3%BAblico-line-602_CIRCULAR_SUL_ANTI_HOR%C3%81RIO-Curitiba-942-9628-294517-0,-1.0,-25.470878,-49.25239,,False,4,,2023-06-16T21:24:49.596343+00:00
CUR_GE604,Curitiba,4106902,0,URBS,602,https://moovitapp.com/index/pt-br/transporte_p%C3%BAblico-line-602_CIRCULAR_SUL_ANTI_HOR%C3%81RIO-Curitiba-942-9628-294517-0,-1.0,-25.529093,-49.246386,,False,4,,2023-06-16T21:24:49.596343+00:00
CUR_HE606,Curitiba,4106902,0,URBS,602,https://moovitapp.com/index/pt-br/transporte_p%C3%BAblico-line-602_CIRCULAR_SUL_ANTI_HOR%C3%81RIO-Curitiba-942-9628-294517-0,-1.0,-25.5122,-49.29561,,False,4,,2023-06-16T21:18:49.596343+00:00
CUR_HE607,Curitiba,4106902,0,URBS,602,https://moovitapp.com/index/pt-br/transporte_p%C3%BAblico-line-602_CIRCULAR_SUL_ANTI_HOR%C3%81RIO-Curitiba-942-9628-294517-0,-1.0,-25.50085,-49.296076,,False,4,,2023-06-16T21:23:49.596343+00:00
CUR_HE608,Curitiba,4106902,0,URBS,602,https://moovitapp.com/index/pt-br/transporte_p%C3%BAblico-line-602_CIRCULAR_SUL_ANTI_HOR%C3%81RIO-Curitiba-942-9628-294517-0,-1.0,-25.487575,-49.294293,,False,4,,2023-06-16T21:24:49.596343+00:00
CUR_HE604,Curitiba,4106902,0,URBS,602,https://moovitapp.com/index/pt-br/transporte_p%C3%BAblico-line-602_CIRCULAR_SUL_ANTI_HOR%C3%81RIO-Curitiba-942-9628-294517-0,-1.0,-25.485011,-49.245548,,False,4,,2023-06-16T21:19:49.596343+00:00
CUR_HE611,Curitiba,4106902,0,URBS,602,https://moovitapp.com/index/pt-br/transporte_p%C3%BAblico-line-602_CIRCULAR_SUL_ANTI_HOR%C3%81RIO-Curitiba-942-9628-294517-0,-1.0,-25.50634,-49.23513,,False,4,,2023-06-16T21:24:49.596343+00:00
CUR_GE707,Curitiba,4106902,0,URBS,602,https://moovitapp.com/index/pt-br/transporte_p%C3%BAblico-line-602_CIRCULAR_SUL_ANTI_HOR%C3%81RIO-Curitiba-942-9628-294517-0,-1.0,-25.497913,-49.296296,,False,5,,2023-06-16T21:25:49.596343+00:00
CUR_GE716,Curitiba,4106902,0,URBS,602,https://moovitapp.com/index/pt-br/transporte_p%C3%BAblico-line-602_CIRCULAR_SUL_ANTI_HOR%C3%81RIO-Curitiba-942-9628-294517-0,-1.0,-25.525333,-49.230635,,False,5,,2023-06-16T21:24:49.596343+00:00
CUR_GR036,Curitiba,4106902,0,URBS,602,https://moovitapp.com/index/pt-br/transporte_p%C3%BAblico-line-602_CIRCULAR_SUL_ANTI_HOR%C3%81RIO-Curitiba-942-9628-294517-0,-1.0,-25.470788,-49.257771,,False,4,,2023-06-16T21:24:49.596343+00:00
CUR_GD343,Curitiba,4106902,0,URBS,602,https://moovitapp.com/index/pt-br/transporte_p%C3%BAblico-line-602_CIRCULAR_SUL_ANTI_HOR%C3%81RIO-Curitiba-942-9628-294517-0,-1.0,-25.477511,-49.285095,,False,5,,2023-06-16T21:24:49.596343+00:00
CUR_GE720,Curitiba,4106902,0,URBS,602,https://moovitapp.com/index/pt-br/transporte_p%C3%BAblico-line-602_CIRCULAR_SUL_ANTI_HOR%C3%81RIO-Curitiba-942-9628-294517-0,-1.0,-25.506083,-49.235208,,False,5,,2023-06-16T21:24:49.596343+00:00
CUR_GE600,Curitiba,4106902,0,URBS,602,https://moovitapp.com/index/pt-br/transporte_p%C3%BAblico-line-602_CIRCULAR_SUL_ANTI_HOR%C3%81RIO-Curitiba-942-9628-294517-0,-1.0,-25.536723,-49.277885,,False,4,,2023-06-16T21:25:49.596343+00:00
CUR_GE608,Curitiba,4106902,0,URBS,602,https://moovitapp.com/index/pt-br/transporte_p%C3%BAblico-line-602_CIRCULAR_SUL_ANTI_HOR%C3%81RIO-Curitiba-942-9628-294517-0,-1.0,-25.512406,-49.295633,,False,4,,2023-06-16T21:24:49.596343+00:00
CUR_HI031,Curitiba,4106902,1,,801,,,-25.446136,-49.293713,,False,1,2,2023-06-16T21:25:49.596343+00:00
CUR_HC300,Curitiba,4106902,1,,801,,,-25.441021,-49.298341,,False,10,1,2023-06-16T21:24:49.596343+00:00
CUR_HA310,Curitiba,4106902,1,,801,,,-25.43926,-49.279785,,False,3,2,2023-06-16T21:24:49.596343+00:00
CUR_JC318,Curitiba,4106902,1,,801,,,-25.44513,-49.29464,,False,10,1,2023-06-16T21:24:49.596343+00:00
CUR_HL320,Curitiba,4106902,0,URBS,024,https://moovitapp.com/index/pt-br/transporte_p%C3%BAblico-line-024_CAP%C3%83O_RASO_CAMPINA_DO_SIQUEIRA-Curitiba-942-9628-1323693-0,-1.0,-25.436623,-49.308905,,False,3,1,2023-06-16T21:22:49.596343+00:00
CUR_JL305,Curitiba,4106902,0,URBS,024,https://moovitapp.com/index/pt-br/transporte_p%C3%BAblico-line-024_CAP%C3%83O_RASO_CAMPINA_DO_SIQUEIRA-Curitiba-942-9628-1323693-0,-1.0,-25.435651,-49.306058,,False,3,1,2023-06-16T21:24:49.596343+00:00
CUR_HL311,Curitiba,4106902,0,URBS,024,https://moovitapp.com/index/pt-br/transporte_p%C3%BAblico-line-024_CAP%C3%83O_RASO_CAMPINA_DO_SIQUEIRA-Curitiba-942-9628-1323693-0,-1.0,-25.479475,-49.292246,,False,3,2,2023-06-16T21:18:49.596343+00:00
CUR_GL306,Curitiba,4106902,0,URBS,024,https://moovitapp.com/index/pt-br/transporte_p%C3%BAblico-line-024_CAP%C3%83O_RASO_CAMPINA_DO_SIQUEIRA-Curitiba-942-9628-1323693-0,-1.0,-25.461388,-49.294088,,False,3,2,2023-06-16T21:24:49.596343+00:00
CUR_JL314,Curitiba,4106902,0,URBS,024,https://moovitapp.com/index/pt-br/transporte_p%C3%BAblico-line-024_CAP%C3%83O_RASO_CAMPINA_DO_SIQUEIRA-Curitiba-942-9628-1323693-0,-1.0,-25.457858,-49.302946,,False,3,2,2023-06-16T21:25:49.596343+00:00
CUR_MI851,Curitiba,4106902,1,Auto Viação São José,150,https://moovitapp.com/index/pt-br/transporte_p%C3%BAblico-line-150_T_AFONSO_PENA_PIT_BORDA_DO_CAMPO-Curitiba-942-857412-53904521-0,-1.0,-25.430201,-49.271946,,False,7,2,2023-06-16T21:24:49.596343+00:00
CUR_DA033,Curitiba,4106902,1,,621,,,-25.48282,-49.25491,,False,1,2,2023-06-16T21:23:49.596343+00:00
CUR_DA298,Curitiba,4106902,1,,621,,,-25.491165,-49.28799,,False,1,1,2023-06-16T21:24:49.596343+00:00
CUR_EA013,Curitiba,4106902,1,,621,,,-25.475158,-49.261816,,False,1,2,2023-06-16T21:24:49.596343+00:00
CUR_EI011,Curitiba,4106902,1,,X03,,,-25.531726,-49.233846,,False,1,1,2023-06-16T21:23:49.596343+00:00
CUR_EI015,Curitiba,4106902,1,,511,,,-25.507293,-49.264161,,False,1,2,2023-06-16T21:24:49.596343+00:00
CUR_EI019,Curitiba,4106902,1,,511,,,-25.502308,-49.252111,,False,1,1,2023-06-16T21:24:49.596343+00:00
CUR_EA023,Curitiba,4106902,1,Auto Viação São José,531,https://moovitapp.com/index/pt-br/transporte_p%C3%BAblico-line-531_BAIRRO_A_BAIRRO_1-Curitiba-942-857412-1570571-0,-1.0,-25.522998,-49.242338,,False,1,2,2023-06-16T21:24:49.596343+00:00
CUR_EA024,Curitiba,4106902,1,Auto Viação São José,531,https://moovitapp.com/index/pt-br/transporte_p%C3%BAblico-line-531_BAIRRO_A_BAIRRO_1-Curitiba-942-857412-1570571-0,-1.0,-25.52827,-49.249671,,False,1,2,2023-06-16T21:23:49.596343+00:00
CUR_EA002,Curitiba,4106902,1,Auto Viação São José,531,https://moovitapp.com/index/pt-br/transporte_p%C3%BAblico-line-531_BAIRRO_A_BAIRRO_1-Curitiba-942-857412-1570571-0,-1.0,-25.518771,-49.232176,,False,1,2,2023-06-16T21:24:49.596343+00:00
CUR_EA213,Curitiba,4106902,1,Auto Viação São José,531,https://moovitapp.com/index/pt-br/transporte_p%C3%BAblico-line-531_BAIRRO_A_BAIRRO_1-Curitiba-942-857412-1570571-0,-1.0,-25.525701,-49.250436,,False,1,1,2023-06-16T21:25:49.596343+00:00
CUR_BA025,Curitiba,4106902,1,,233,,,-25.36738,-49.216145,,False,1,,2023-06-16T21:17:49.596343+00:00
CUR_BA032,Curitiba,4106902,1,,233,,,-25.37488,-49.216966,,False,1,,2023-06-16T21:24:49.596343+00:00
CUR_BA024,Curitiba,4106902,1,,233,,,-25.366268,-49.215768,,False,1,,2023-06-16T21:25:49.596343+00:00
CUR_BA010,Curitiba,4106902,1,,822,,,-25.438023,-49.358095,,False,1,1,2023-06-16T21:24:49.596343+00:00
CUR_BA011,Curitiba,4106902,1,,822,,,-25.439483,-49.355045,,False,1,2,2023-06-16T21:21:49.596343+00:00
CUR_BL340,Curitiba,4106902,1,URBS,256,https://moovitapp.com/index/pt-br/transporte_p%C3%BAblico-line-256_BARREIRINHA_GUADALUPE-Curitiba-942-9628-398191-0,-1.0,-25.37835,-49.262518,,False,3,2,2023-06-16T21:23:49.596343+00:00
CUR_BL300,Curitiba,4106902,0,URBS,256,https://moovitapp.com/index/pt-br/transporte_p%C3%BAblico-line-256_BARREIRINHA_GUADALUPE-Curitiba-942-9628-398191-0,-1.0,-25.427756,-49.263656,,False,3,1,2023-06-16T21:25:49.596343+00:00
CUR_BL334,Curitiba,4106902,0,URBS,256,https://moovitapp.com/index/pt-br/transporte_p%C3%BAblico-line-256_BARREIRINHA_GUADALUPE-Curitiba-942-9628-398191-0,-1.0,-25.377846,-49.262301,,False,3,2,2023-06-16T21:24:49.596343+00:00
CUR_BL319,Curitiba,4106902,0,URBS,256,https://moovitapp.com/index/pt-br/transporte_p%C3%BAblico-line-256_BARREIRINHA_GUADALUPE-Curitiba-942-9628-398191-0,-1.0,-25.429206,-49.263298,,False,3,2,2023-06-16T21:12:49.596343+00:00
CUR_BI004,Curitiba,4106902,1,Auto Viação São José,211,https://moovitapp.com/index/pt-br/transporte_p%C3%BAblico-line-211_PIT_PRA%C3%87A_DA_JUVENTUDE_IZAURA_IP%C3%8A-Curitiba-942-857412-73553392-0,-1.0,-25.404726,-49.24067,,False,1,1,2023-06-16T21:21:49.596343+00:00
CUR_BI003,Curitiba,4106902,1,Auto Viação São José,211,https://moovitapp.com/index/pt-br/transporte_p%C3%BAblico-line-211_PIT_PRA%C3%87A_DA_JUVENTUDE_IZAURA_IP%C3%8A-Curitiba-942-857412-73553392-0,-1.0,-25.410575,-49.220615,,False,1,2,2023-06-16T21:25:49.596343+00:00
CUR_BI001,Curitiba,4106902,1,Auto Viação São José,211,https://moovitapp.com/index/pt-br/transporte_p%C3%BAblico-line-211_PIT_PRA%C3%87A_DA_JUVENTUDE_IZAURA_IP%C3%8A-Curitiba-942-857412-73553392-0,-1.0,-25.40568,-49.217861,,False,1,2,2023-06-16T21:20:49.596343+00:00
CUR_HI046,Curitiba,4106902,1,,615,,,-25.475756,-49.293598,,False,1,1,2023-06-16T21:24:49.596343+00:00
CUR_HA124,Curitiba,4106902,1,,615,,,-25.489106,-49.306966,,False,1,1,2023-06-16T21:24:49.596343+00:00
CUR_HI600,Curitiba,4106902,1,,646,,,-25.522953,-49.295766,,False,4,1,2023-06-16T21:24:49.596343+00:00
CUR_HA030,Curitiba,4106902,1,,646,,,-25.547093,-49.30368,,False,1,1,2023-06-16T21:24:49.596343+00:00
CUR_HI021,Curitiba,4106902,1,,646,,,-25.599101,-49.3303,,False,1,2,2023-06-16T21:22:49.596343+00:00
CUR_HI032,Curitiba,4106902,1,,646,,,-25.561895,-49.313318,,False,1,2,2023-06-16T21:22:49.596343+00:00
CUR_HA607,Curitiba,4106902,1,,646,,,-25.523468,-49.29382,,False,4,1,2023-06-16T21:25:49.596343+00:00
CUR_HA288,Curitiba,4106902,1,,646,,,-25.578956,-49.31699,,False,1,2,2023-06-16T21:23:49.596343+00:00
CUR_HB698,Curitiba,4106902,1,,027,,,-25.43916,-49.307163,,False,4,1,2023-06-16T21:24:49.596343+00:00
CUR_KB697,Curitiba,4106902,0,,027,,,-25.46896,-49.299663,,False,4,2,2023-06-16T21:24:49.596343+00:00
CUR_KB699,Curitiba,4106902,0,,027,,,-25.467193,-49.299511,,False,4,2,2023-06-16T21:23:49.596343+00:00
CUR_GE727,Curitiba,4106902,0,URBS,550,https://moovitapp.com/index/pt-br/transporte_p%C3%BAblico-line-550_LIGEIR%C3%83O_PINHEIRINHO_CARLOS_GOMES-Curitiba-942-9628-1254061-0,-1.0,-25.4966,-49.276116,,False,5,1,2023-06-16T21:24:49.596343+00:00
CUR_HE719,Curitiba,4106902,0,URBS,550,https://moovitapp.com/index/pt-br/transporte_p%C3%BAblico-line-550_LIGEIR%C3%83O_PINHEIRINHO_CARLOS_GOMES-Curitiba-942-9628-1254061-0,-1.0,-25.473973,-49.257858,,False,5,2,2023-06-16T21:24:49.596343+00:00
CUR_HE716,Curitiba,4106902,0,URBS,550,https://moovitapp.com/index/pt-br/transporte_p%C3%BAblico-line-550_LIGEIR%C3%83O_PINHEIRINHO_CARLOS_GOMES-Curitiba-942-9628-1254061-0,-1.0,-25.501903,-49.280416,,False,5,2,2023-06-16T21:24:49.596343+00:00
CUR_HE702,Curitiba,4106902,0,URBS,550,https://moovitapp.com/index/pt-br/transporte_p%C3%BAblico-line-550_LIGEIR%C3%83O_PINHEIRINHO_CARLOS_GOMES-Curitiba-942-9628-1254061-0,-1.0,-25.45009,-49.262586,,False,5,1,2023-06-16T21:22:49.596343+00:00
CUR_GE706,Curitiba,4106902,0,URBS,550,https://moovitapp.com/index/pt-br/transporte_p%C3%BAblico-line-550_LIGEIR%C3%83O_PINHEIRINHO_CARLOS_GOMES-Curitiba-942-9628-1254061-0,-1.0,-25.496218,-49.275801,,False,5,1,2023-06-16T21:25:49.596343+00:00
CUR_GE708,Curitiba,4106902,0,URBS,550,https://moovitapp.com/index/pt-br/transporte_p%C3%BAblico-line-550_LIGEIR%C3%83O_PINHEIRINHO_CARLOS_GOMES-Curitiba-942-9628-1254061-0,-1.0,-25.448933,-49.26319,,False,5,2,2023-06-16T21:24:49.596343+00:00
CUR_GE701,Curitiba,4106902,0,URBS,550,https://moovitapp.com/index/pt-br/transporte_p%C3%BAblico-line-550_LIGEIR%C3%83O_PINHEIRINHO_CARLOS_GOMES-Curitiba-942-9628-1254061-0,-1.0,-25.44782,-49.263658,,False,5,1,2023-06-16T21:24:49.596343+00:00
CUR_HE722,Curitiba,4106902,0,URBS,550,https://moovitapp.com/index/pt-br/transporte_p%C3%BAblico-line-550_LIGEIR%C3%83O_PINHEIRINHO_CARLOS_GOMES-Curitiba-942-9628-1254061-0,-1.0,-25.476426,-49.259651,,False,5,1,2023-06-16T21:24:49.596343+00:00
CUR_GE731,Curitiba,4106902,0,URBS,550,https://moovitapp.com/index/pt-br/transporte_p%C3%BAblico-line-550_LIGEIR%C3%83O_PINHEIRINHO_CARLOS_GOMES-Curitiba-942-9628-1254061-0,-1.0,-25.508361,-49.285545,,False,5,1,2023-06-16T21:25:49.596343+00:00
CUR_GE725,Curitiba,4106902,0,URBS,550,https://moovitapp.com/index/pt-br/transporte_p%C3%BAblico-line-550_LIGEIR%C3%83O_PINHEIRINHO_CARLOS_GOMES-Curitiba-942-9628-1254061-0,-1.0,-25.512198,-49.294935,,False,5,2,2023-06-16T21:24:49.596343+00:00
CUR_HE700,Curitiba,4106902,0,URBS,550,https://moovitapp.com/index/pt-br/transporte_p%C3%BAblico-line-550_LIGEIR%C3%83O_PINHEIRINHO_CARLOS_GOMES-Curitiba-942-9628-1254061-0,-1.0,-25.47701,-49.260196,,False,5,2,2023-06-16T21:24:49.596343+00:00
CUR_HE613,Curitiba,4106902,0,URBS,550,https://moovitapp.com/index/pt-br/transporte_p%C3%BAblico-line-550_LIGEIR%C3%83O_PINHEIRINHO_CARLOS_GOMES-Curitiba-942-9628-1254061-0,-1.0,-25.438051,-49.268405,,False,4,1,2023-06-16T21:24:49.596343+00:00
CUR_HE730,Curitiba,4106902,0,URBS,550,https://moovitapp.com/index/pt-br/transporte_p%C3%BAblico-line-550_LIGEIR%C3%83O_PINHEIRINHO_CARLOS_GOMES-Curitiba-942-9628-1254061-0,-1.0,-25.435276,-49.268421,,False,5,1,2023-06-16T21:25:49.596343+00:00
CUR_HA017,Curitiba,4106902,1,,653,,,-25.495068,-49.339721,,False,1,2,2023-06-16T21:24:49.596343+00:00
CUR_HA199,Curitiba,4106902,1,,653,,,-25.500665,-49.351825,,False,1,2,2023-06-16T21:22:49.596343+00:00
CUR_HI299,Curitiba,4106902,1,,653,,,-25.511895,-49.332521,,False,1,1,2023-06-16T21:24:49.596343+00:00
CUR_GI021,Curitiba,4106902,1,,636,,,-25.543415,-49.278225,,False,1,2,2023-06-16T21:24:49.596343+00:00
CUR_GC016,Curitiba,4106902,1,,636,,,-25.525321,-49.292141,,False,1,1,2023-06-16T21:23:49.596343+00:00
CUR_GI009,Curitiba,4106902,1,,616,,,-25.478306,-49.271906,,False,1,2,2023-06-16T21:25:49.596343+00:00
CUR_GI851,Curitiba,4106902,1,,616,,,-25.479548,-49.277041,,False,7,1,2023-06-16T21:24:49.596343+00:00
CUR_GI029,Curitiba,4106902,1,,631,,,-25.512123,-49.289045,,False,1,,2023-06-16T21:24:49.596343+00:00
CUR_GI027,Curitiba,4106902,1,,631,,,-25.521561,-49.28635,,False,1,,2023-06-16T21:24:49.596343+00:00
CUR_GI045,Curitiba,4106902,1,,635,,,-25.53966,-49.28405,,False,1,1,2023-06-16T21:25:49.596343+00:00
CUR_GI002,Curitiba,4106902,1,,553,,,-25.551655,-49.248716,,False,1,2,2023-06-16T21:24:49.596343+00:00
CUR_GI005,Curitiba,4106902,1,,553,,,-25.552398,-49.252071,,False,1,2,2023-06-16T21:24:49.596343+00:00
CUR_GA181,Curitiba,4106902,1,,553,,,-25.559071,-49.258358,,False,1,1,2023-06-16T21:24:49.596343+00:00
CUR_GA180,Curitiba,4106902,1,,553,,,-25.548916,-49.257928,,False,1,1,2023-06-16T21:24:49.596343+00:00
CUR_JI016,Curitiba,4106902,1,,721,,,-25.490553,-49.346953,,False,1,1,2023-06-16T21:24:49.596343+00:00
CUR_JA023,Curitiba,4106902,1,,721,,,-25.505748,-49.34983,,False,1,1,2023-06-16T21:24:49.596343+00:00
CUR_JA301,Curitiba,4106902,1,,826,,,-25.474093,-49.351696,,False,3,2,2023-06-16T21:24:49.596343+00:00
CUR_HI013,Curitiba,4106902,1,,826,,,-25.455356,-49.360431,,False,1,1,2023-06-16T21:23:49.596343+00:00
CUR_HA024,Curitiba,4106902,1,,826,,,-25.51286,-49.330751,,False,1,2,2023-06-16T21:24:49.596343+00:00
CUR_HA005,Curitiba,4106902,1,,826,,,-25.477703,-49.350045,,False,1,2,2023-06-16T21:25:49.596343+00:00
CUR_HC011,Curitiba,4106902,1,,826,,,-25.49988,-49.341596,,False,1,1,2023-06-16T21:21:49.596343+00:00
CUR_HI044,Curitiba,4106902,1,,826,,,-25.489041,-49.345098,,False,1,1,2023-06-16T21:25:49.596343+00:00
CUR_JA032,Curitiba,4106902,1,,826,,,-25.481343,-49.348476,,False,1,2,2023-06-16T21:24:49.596343+00:00
CUR_JI862,Curitiba,4106902,1,,713,,,-25.477533,-49.326291,,False,7,2,2023-06-16T21:22:49.596343+00:00
CUR_DA023,Curitiba,4106902,1,,336,,,-25.492725,-49.201035,,False,1,1,2023-06-16T21:24:49.596343+00:00
CUR_EA006,Curitiba,4106902,1,,336,,,-25.486593,-49.199141,,False,1,2,2023-06-16T21:24:49.596343+00:00
CUR_EA004,Curitiba,4106902,1,,336,,,-25.469135,-49.207811,,False,1,2,2023-06-16T21:23:49.596343+00:00
CUR_JI866,Curitiba,4106902,1,,862,,,-25.442691,-49.288396,,False,7,2,2023-06-16T21:24:49.596343+00:00
CUR_BI850,Curitiba,4106902,1,,862,,,-25.43232,-49.271868,,False,7,1,2023-06-16T21:24:49.596343+00:00
CUR_HA198,Curitiba,4106902,1,,612,,,-25.496786,-49.321221,,False,1,2,2023-06-16T21:24:49.596343+00:00
CUR_HA191,Curitiba,4106902,1,,612,,,-25.497108,-49.321266,,False,1,2,2023-06-16T21:24:49.596343+00:00
CUR_HA011,Curitiba,4106902,1,,612,,,-25.479483,-49.303363,,False,1,1,2023-06-16T21:23:49.596343+00:00
CUR_CI005,Curitiba,4106902,1,,341,,,-25.399611,-49.201178,,False,1,1,2023-06-16T21:23:49.596343+00:00
CUR_CI001,Curitiba,4106902,1,,341,,,-25.388495,-49.207303,,False,1,2,2023-06-16T21:24:49.596343+00:00
CUR_BA002,Curitiba,4106902,1,,243,,,-25.386131,-49.20358,,False,1,2,2023-06-16T21:20:49.596343+00:00
CUR_BI886,Curitiba,4106902,1,,244,,,-25.36937,-49.251958,,False,7,1,2023-06-16T21:21:49.596343+00:00
CUR_BI901,Curitiba,4106902,1,,176,,,-25.41709,-49.268418,,False,7,1,2023-06-16T21:22:49.596343+00:00
CUR_DA293,Curitiba,4106902,1,,474,,,-25.498251,-49.20946,,False,1,2,2023-06-16T21:24:49.596343+00:00
CUR_BC013,Curitiba,4106902,1,,205,,,-25.41381,-49.260565,,False,1,2,2023-06-16T21:23:49.596343+00:00
CUR_BC311,Curitiba,4106902,1,,205,,,-25.423108,-49.269886,,False,3,1,2023-06-16T21:24:49.596343+00:00
CUR_BC301,Curitiba,4106902,1,,205,,,-25.377865,-49.262158,,False,3,2,2023-06-16T21:24:49.596343+00:00
CUR_BC307,Curitiba,4106902,1,,205,,,-25.3934,-49.259713,,False,3,2,2023-06-16T21:23:49.596343+00:00
CUR_BC309,Curitiba,4106902,1,,205,,,-25.42899,-49.269831,,False,3,1,2023-06-16T21:19:49.596343+00:00
CUR_BC027,Curitiba,4106902,1,,205,,,-25.419951,-49.269113,,False,1,1,2023-06-16T21:23:49.596343+00:00
CUR_BC300,Curitiba,4106902,1,,170,,,-25.385861,-49.283366,,False,3,2,2023-06-16T21:23:49.596343+00:00
CUR_BC321,Curitiba,4106902,1,,170,,,-25.415086,-49.279318,,False,3,2,2023-06-16T21:23:49.596343+00:00
CUR_BC022,Curitiba,4106902,1,,170,,,-25.40217,-49.283151,,False,1,1,2023-06-16T21:25:49.596343+00:00
CUR_BC322,Curitiba,4106902,1,,170,,,-25.41322,-49.279493,,False,3,1,2023-06-16T21:19:49.596343+00:00
CUR_BI019,Curitiba,4106902,1,,231,,,-25.375093,-49.220713,,False,1,1,2023-06-16T21:23:49.596343+00:00
CUR_BA027,Curitiba,4106902,1,,231,,,-25.363896,-49.210285,,False,1,1,2023-06-16T21:23:49.596343+00:00
CUR_DN606,Curitiba,4106902,0,,387,,,-25.44229,-49.231791,,False,7,2,2023-06-16T21:24:49.596343+00:00
CUR_BC011,Curitiba,4106902,1,,166,,,-25.39338,-49.303416,,False,1,2,2023-06-16T21:21:49.596343+00:00
CUR_BC012,Curitiba,4106902,1,,166,,,-25.421211,-49.274595,,False,1,1,2023-06-16T21:24:49.596343+00:00
CUR_HL315,Curitiba,4106902,0,URBS,X35,https://moovitapp.com/index/pt-br/transporte_p%C3%BAblico-line-X35_PINHEIRINHO_PREFEITURA-Curitiba-942-9628-778958-0,-1.0,-25.448161,-49.284978,,False,3,2,2023-06-16T21:22:49.596343+00:00
CUR_HL305,Curitiba,4106902,0,URBS,X35,https://moovitapp.com/index/pt-br/transporte_p%C3%BAblico-line-X35_PINHEIRINHO_PREFEITURA-Curitiba-942-9628-778958-0,-1.0,-25.427393,-49.26476,,False,3,1,2023-06-16T21:24:49.596343+00:00
CUR_HL115,Curitiba,4106902,0,URBS,X35,https://moovitapp.com/index/pt-br/transporte_p%C3%BAblico-line-X35_PINHEIRINHO_PREFEITURA-Curitiba-942-9628-778958-0,-1.0,-25.419825,-49.268823,,False,3,1,2023-06-16T21:24:49.596343+00:00
CUR_HL322,Curitiba,4106902,0,URBS,X35,https://moovitapp.com/index/pt-br/transporte_p%C3%BAblico-line-X35_PINHEIRINHO_PREFEITURA-Curitiba-942-9628-778958-0,-1.0,-25.441166,-49.262163,,False,3,1,2023-06-16T21:24:49.596343+00:00
CUR_HL117,Curitiba,4106902,0,URBS,X35,https://moovitapp.com/index/pt-br/transporte_p%C3%BAblico-line-X35_PINHEIRINHO_PREFEITURA-Curitiba-942-9628-778958-0,-1.0,-25.44077,-49.260873,,False,3,1,2023-06-16T21:25:49.596343+00:00
CUR_HL308,Curitiba,4106902,0,URBS,X35,https://moovitapp.com/index/pt-br/transporte_p%C3%BAblico-line-X35_PINHEIRINHO_PREFEITURA-Curitiba-942-9628-778958-0,-1.0,-25.476761,-49.292696,,False,3,2,2023-06-16T21:23:49.596343+00:00
CUR_HL497,Curitiba,4106902,1,URBS,X35,https://moovitapp.com/index/pt-br/transporte_p%C3%BAblico-line-X35_PINHEIRINHO_PREFEITURA-Curitiba-942-9628-778958-0,-1.0,-25.471265,-49.295161,,False,3,2,2023-06-16T21:24:49.596343+00:00
CUR_GE607,Curitiba,4106902,0,URBS,350,https://moovitapp.com/index/pt-br/transporte_p%C3%BAblico-line-350_FAGUNDES_VARELA_PINHEIRINHO-Curitiba-942-9628-52482798-0,-1.0,-25.420163,-49.224865,,False,4,2,2023-06-16T21:25:49.596343+00:00
CUR_BE718,Curitiba,4106902,0,URBS,350,https://moovitapp.com/index/pt-br/transporte_p%C3%BAblico-line-350_FAGUNDES_VARELA_PINHEIRINHO-Curitiba-942-9628-52482798-0,-1.0,-25.485761,-49.267326,,False,5,2,2023-06-16T21:23:49.596343+00:00
CUR_BE724,Curitiba,4106902,0,URBS,350,https://moovitapp.com/index/pt-br/transporte_p%C3%BAblico-line-350_FAGUNDES_VARELA_PINHEIRINHO-Curitiba-942-9628-52482798-0,-1.0,-25.512358,-49.294553,,False,5,2,2023-06-16T21:22:49.596343+00:00
CUR_HE718,Curitiba,4106902,0,URBS,350,https://moovitapp.com/index/pt-br/transporte_p%C3%BAblico-line-350_FAGUNDES_VARELA_PINHEIRINHO-Curitiba-942-9628-52482798-0,-1.0,-25.45953,-49.250025,,False,5,1,2023-06-16T21:24:49.596343+00:00
CUR_BL324,Curitiba,4106902,0,URBS,023,https://moovitapp.com/index/pt-br/transporte_p%C3%BAblico-line-023_INTER_2_ANTI_HOR%C3%81RIO-Curitiba-942-9628-398189-0,-1.0,-25.469765,-49.23599,,False,3,,2023-06-16T21:24:49.596343+00:00
CUR_BL311,Curitiba,4106902,0,URBS,023,https://moovitapp.com/index/pt-br/transporte_p%C3%BAblico-line-023_INTER_2_ANTI_HOR%C3%81RIO-Curitiba-942-9628-398189-0,-1.0,-25.461341,-49.294326,,False,3,,2023-06-16T21:24:49.596343+00:00
CUR_BL330,Curitiba,4106902,0,URBS,023,https://moovitapp.com/index/pt-br/transporte_p%C3%BAblico-line-023_INTER_2_ANTI_HOR%C3%81RIO-Curitiba-942-9628-398189-0,-1.0,-25.45236,-49.228511,,False,3,,2023-06-16T21:22:49.596343+00:00
CUR_BL611,Curitiba,4106902,0,URBS,023,https://moovitapp.com/index/pt-br/transporte_p%C3%BAblico-line-023_INTER_2_ANTI_HOR%C3%81RIO-Curitiba-942-9628-398189-0,-1.0,-25.414108,-49.288815,,False,4,,2023-06-16T21:23:49.596343+00:00
CUR_BL609,Curitiba,4106902,0,URBS,023,https://moovitapp.com/index/pt-br/transporte_p%C3%BAblico-line-023_INTER_2_ANTI_HOR%C3%81RIO-Curitiba-942-9628-398189-0,-1.0,-25.491493,-49.293795,,False,4,,2023-06-16T21:23:49.596343+00:00
CUR_MR800,Curitiba,4106902,0,URBS,023,https://moovitapp.com/index/pt-br/transporte_p%C3%BAblico-line-023_INTER_2_ANTI_HOR%C3%81RIO-Curitiba-942-9628-398189-0,-1.0,-25.428228,-49.231258,,False,4,,2023-06-16T21:24:49.596343+00:00
CUR_HL698,Curitiba,4106902,0,URBS,023,https://moovitapp.com/index/pt-br/transporte_p%C3%BAblico-line-023_INTER_2_ANTI_HOR%C3%81RIO-Curitiba-942-9628-398189-0,-1.0,-25.414395,-49.280146,,False,4,,2023-06-16T21:24:49.596343+00:00
CUR_CL600,Curitiba,4106902,0,URBS,023,https://moovitapp.com/index/pt-br/transporte_p%C3%BAblico-line-023_INTER_2_ANTI_HOR%C3%81RIO-Curitiba-942-9628-398189-0,-1.0,-25.434168,-49.212846,,False,4,,2023-06-16T21:24:49.596343+00:00
CUR_BL603,Curitiba,4106902,0,URBS,023,https://moovitapp.com/index/pt-br/transporte_p%C3%BAblico-line-023_INTER_2_ANTI_HOR%C3%81RIO-Curitiba-942-9628-398189-0,-1.0,-25.436653,-49.30887,,False,4,,2023-06-16T21:24:49.596343+00:00
CUR_EL602,Curitiba,4106902,0,URBS,023,https://moovitapp.com/index/pt-br/transporte_p%C3%BAblico-line-023_INTER_2_ANTI_HOR%C3%81RIO-Curitiba-942-9628-398189-0,-1.0,-25.467386,-49.234836,,False,4,,2023-06-16T21:23:49.596343+00:00
CUR_DR803,Curitiba,4106902,0,URBS,023,https://moovitapp.com/index/pt-br/transporte_p%C3%BAblico-line-023_INTER_2_ANTI_HOR%C3%81RIO-Curitiba-942-9628-398189-0,-1.0,-25.494731,-49.286935,,False,4,,2023-06-16T21:24:49.596343+00:00
CUR_ML309,Curitiba,4106902,0,URBS,023,https://moovitapp.com/index/pt-br/transporte_p%C3%BAblico-line-023_INTER_2_ANTI_HOR%C3%81RIO-Curitiba-942-9628-398189-0,-1.0,-25.486333,-49.294265,,False,3,,2023-06-16T21:24:49.596343+00:00
CUR_DR804,Curitiba,4106902,0,URBS,023,https://moovitapp.com/index/pt-br/transporte_p%C3%BAblico-line-023_INTER_2_ANTI_HOR%C3%81RIO-Curitiba-942-9628-398189-0,-1.0,-25.435916,-49.307851,,False,4,,2023-06-16T21:24:49.596343+00:00
CUR_JL601,Curitiba,4106902,0,URBS,023,https://moovitapp.com/index/pt-br/transporte_p%C3%BAblico-line-023_INTER_2_ANTI_HOR%C3%81RIO-Curitiba-942-9628-398189-0,-1.0,-25.469483,-49.294118,,False,4,,2023-06-16T21:25:49.596343+00:00
CUR_BL313,Curitiba,4106902,0,URBS,023,https://moovitapp.com/index/pt-br/transporte_p%C3%BAblico-line-023_INTER_2_ANTI_HOR%C3%81RIO-Curitiba-942-9628-398189-0,-1.0,-25.461273,-49.29467,,False,3,,2023-06-16T21:24:49.596343+00:00
CUR_HL600,Curitiba,4106902,0,URBS,023,https://moovitapp.com/index/pt-br/transporte_p%C3%BAblico-line-023_INTER_2_ANTI_HOR%C3%81RIO-Curitiba-942-9628-398189-0,-1.0,-25.422376,-49.291698,,False,4,,2023-06-16T21:21:49.596343+00:00
CUR_JL603,Curitiba,4106902,0,URBS,023,https://moovitapp.com/index/pt-br/transporte_p%C3%BAblico-line-023_INTER_2_ANTI_HOR%C3%81RIO-Curitiba-942-9628-398189-0,-1.0,-25.480838,-49.247053,,False,4,,2023-06-16T21:24:49.596343+00:00
CUR_HL602,Curitiba,4106902,0,URBS,023,https://moovitapp.com/index/pt-br/transporte_p%C3%BAblico-line-023_INTER_2_ANTI_HOR%C3%81RIO-Curitiba-942-9628-398189-0,-1.0,-25.421071,-49.291463,,False,4,,2023-06-16T21:25:49.596343+00:00
CUR_EL303,Curitiba,4106902,0,URBS,023,https://moovitapp.com/index/pt-br/transporte_p%C3%BAblico-line-023_INTER_2_ANTI_HOR%C3%81RIO-Curitiba-942-9628-398189-0,-1.0,-25.4105,-49.248248,,False,3,,2023-06-16T21:24:49.596343+00:00
CUR_JL600,Curitiba,4106902,0,URBS,023,https://moovitapp.com/index/pt-br/transporte_p%C3%BAblico-line-023_INTER_2_ANTI_HOR%C3%81RIO-Curitiba-942-9628-398189-0,-1.0,-25.40729,-49.256138,,False,4,,2023-06-16T21:24:49.596343+00:00
CUR_CL302,Curitiba,4106902,0,URBS,023,https://moovitapp.com/index/pt-br/transporte_p%C3%BAblico-line-023_INTER_2_ANTI_HOR%C3%81RIO-Curitiba-942-9628-398189-0,-1.0,-25.453618,-49.304465,,False,3,,2023-06-16T21:24:49.596343+00:00
CUR_EL603,Curitiba,4106902,0,URBS,023,https://moovitapp.com/index/pt-br/transporte_p%C3%BAblico-line-023_INTER_2_ANTI_HOR%C3%81RIO-Curitiba-942-9628-398189-0,-1.0,-25.490821,-49.29394,,False,4,,2023-06-16T21:23:49.596343+00:00
CUR_GL600,Curitiba,4106902,0,URBS,023,https://moovitapp.com/index/pt-br/transporte_p%C3%BAblico-line-023_INTER_2_ANTI_HOR%C3%81RIO-Curitiba-942-9628-398189-0,-1.0,-25.48028,-49.245623,,False,4,,2023-06-16T21:24:49.596343+00:00
CUR_BL333,Curitiba,4106902,0,URBS,023,https://moovitapp.com/index/pt-br/transporte_p%C3%BAblico-line-023_INTER_2_ANTI_HOR%C3%81RIO-Curitiba-942-9628-398189-0,-1.0,-25.496548,-49.2711,,False,3,,2023-06-16T21:24:49.596343+00:00
CUR_BL317,Curitiba,4106902,0,URBS,023,https://moovitapp.com/index/pt-br/transporte_p%C3%BAblico-line-023_INTER_2_ANTI_HOR%C3%81RIO-Curitiba-942-9628-398189-0,-1.0,-25.440508,-49.220855,,False,3,,2023-06-16T21:25:49.596343+00:00
CUR_BL325,Curitiba,4106902,0,URBS,023,https://moovitapp.com/index/pt-br/transporte_p%C3%BAblico-line-023_INTER_2_ANTI_HOR%C3%81RIO-Curitiba-942-9628-398189-0,-1.0,-25.443711,-49.222625,,False,3,,2023-06-16T21:24:49.596343+00:00
CUR_DL300,Curitiba,4106902,0,URBS,023,https://moovitapp.com/index/pt-br/transporte_p%C3%BAblico-line-023_INTER_2_ANTI_HOR%C3%81RIO-Curitiba-942-9628-398189-0,-1.0,-25.42738,-49.297353,,False,3,,2023-06-16T21:24:49.596343+00:00
CUR_BL315,Curitiba,4106902,0,URBS,023,https://moovitapp.com/index/pt-br/transporte_p%C3%BAblico-line-023_INTER_2_ANTI_HOR%C3%81RIO-Curitiba-942-9628-398189-0,-1.0,-25.419518,-49.239935,,False,3,,2023-06-16T21:24:49.596343+00:00
CUR_BI860,Curitiba,4106902,1,,224,,,-25.389245,-49.238056,,False,7,,2023-06-16T21:24:49.596343+00:00
CUR_DA850,Curitiba,4106902,1,,466,,,-25.436655,-49.253981,,False,7,2,2023-06-16T21:24:49.596343+00:00
CUR_BB308,Curitiba,4106902,1,,011,,,-25.411588,-49.271395,,False,10,,2023-06-16T21:21:49.596343+00:00
CUR_BB305,Curitiba,4106902,1,,011,,,-25.441288,-49.284315,,False,10,,2023-06-16T21:21:49.596343+00:00
CUR_BB309,Curitiba,4106902,1,,011,,,-25.422595,-49.253115,,False,10,,2023-06-16T21:25:49.596343+00:00
CUR_GI018,Curitiba,4106902,1,,625,,,-25.512455,-49.273693,,False,1,1,2023-06-16T21:24:49.596343+00:00
CUR_GI041,Curitiba,4106902,1,,625,,,-25.496016,-49.286958,,False,1,2,2023-06-16T21:24:49.596343+00:00
CUR_GI036,Curitiba,4106902,1,,625,,,-25.534561,-49.268436,,False,1,2,2023-06-16T21:25:49.596343+00:00
CUR_GI022,Curitiba,4106902,1,,625,,,-25.503818,-49.2864,,False,1,1,2023-06-16T21:23:49.596343+00:00
CUR_GI300,Curitiba,4106902,1,,625,,,-25.492291,-49.291335,,False,3,2,2023-06-16T21:23:49.596343+00:00
CUR_GA001,Curitiba,4106902,1,,625,,,-25.52446,-49.269088,,False,1,1,2023-06-16T21:24:49.596343+00:00
CUR_BC001,Curitiba,4106902,1,,375,,,-25.427743,-49.236581,,False,1,2,2023-06-16T21:25:49.596343+00:00
CUR_BC029,Curitiba,4106902,1,,375,,,-25.42769,-49.262505,,False,1,1,2023-06-16T21:23:49.596343+00:00
CUR_BC932,Curitiba,4106902,1,,365,,,-25.449403,-49.304798,,False,7,2,2023-06-16T21:24:49.596343+00:00
CUR_BI881,Curitiba,4106902,1,,385,,,-25.435386,-49.244793,,False,7,2,2023-06-16T21:24:49.596343+00:00
CUR_GI026,Curitiba,4106902,1,,639,,,-25.531116,-49.295848,,False,1,2,2023-06-16T21:24:49.596343+00:00
CUR_GI017,Curitiba,4106902,1,,639,,,-25.547348,-49.293493,,False,1,1,2023-06-16T21:24:49.596343+00:00
CUR_GC005,Curitiba,4106902,1,,639,,,-25.526068,-49.293791,,False,1,1,2023-06-16T21:24:49.596343+00:00
CUR_DC293,Curitiba,4106902,1,,332,,,-25.466708,-49.194821,,False,1,,2023-06-16T21:24:49.596343+00:00
CUR_DA296,Curitiba,4106902,1,,332,,,-25.466921,-49.196956,,False,1,,2023-06-16T21:24:49.596343+00:00
CUR_EA077,Curitiba,4106902,1,,332,,,-25.467481,-49.194706,,False,1,,2023-06-16T21:23:49.596343+00:00
CUR_DA020,Curitiba,4106902,0,,323,,,-25.450093,-49.199958,,False,1,,2023-06-16T21:24:49.596343+00:00
CUR_EA001,Curitiba,4106902,1,,323,,,-25.452273,-49.198721,,False,1,,2023-06-16T21:24:49.596343+00:00
CUR_EA075,Curitiba,4106902,1,,323,,,-25.452843,-49.198256,,False,1,,2023-06-16T21:24:49.596343+00:00
CUR_BB307,Curitiba,4106902,1,,010,,,-25.416948,-49.2552,,False,10,,2023-06-16T21:24:49.596343+00:00
CUR_BB303,Curitiba,4106902,1,,010,,,-25.449281,-49.282223,,False,10,,2023-06-16T21:24:49.596343+00:00
CUR_BB302,Curitiba,4106902,1,,010,,,-25.413925,-49.279691,,False,10,,2023-06-16T21:25:49.596343+00:00
CUR_HI858,Curitiba,4106902,1,,814,,,-25.430945,-49.325275,,False,7,1,2023-06-16T21:24:49.596343+00:00
CUR_HN616,Curitiba,4106902,1,,814,,,-25.436575,-49.339655,,False,7,2,2023-06-16T21:25:49.596343+00:00
CUR_JI017,Curitiba,4106902,1,,777,,,-25.461851,-49.332045,,False,1,1,2023-06-16T21:24:49.596343+00:00
CUR_JA029,Curitiba,4106902,1,,777,,,-25.447558,-49.2834,,False,1,2,2023-06-16T21:23:49.596343+00:00
CUR_JI001,Curitiba,4106902,1,,777,,,-25.457083,-49.310496,,False,1,2,2023-06-16T21:24:49.596343+00:00
CUR_JA027,Curitiba,4106902,1,,777,,,-25.4465,-49.275761,,False,1,1,2023-06-16T21:24:49.596343+00:00
CUR_HI012,Curitiba,4106902,1,,712,,,-25.499676,-49.337913,,False,1,1,2023-06-16T21:25:49.596343+00:00
CUR_JI011,Curitiba,4106902,1,,712,,,-25.477618,-49.328258,,False,1,1,2023-06-16T21:24:49.596343+00:00
CUR_JA031,Curitiba,4106902,1,,712,,,-25.49418,-49.335328,,False,1,1,2023-06-16T21:24:49.596343+00:00
CUR_JA033,Curitiba,4106902,1,,712,,,-25.478756,-49.326653,,False,1,2,2023-06-16T21:24:49.596343+00:00
CUR_HA312,Curitiba,4106902,1,,712,,,-25.511503,-49.333098,,False,3,1,2023-06-16T21:24:49.596343+00:00
CUR_JI863,Curitiba,4106902,1,,762,,,-25.454115,-49.293621,,False,7,2,2023-06-16T21:24:49.596343+00:00
CUR_JI859,Curitiba,4106902,1,,762,,,-25.447773,-49.279061,,False,7,1,2023-06-16T21:23:49.596343+00:00
CUR_HC851,Curitiba,4106902,1,,674,,,-25.467616,-49.295361,,False,7,2,2023-06-16T21:22:49.596343+00:00
CUR_HI034,Curitiba,4106902,1,,628,,,-25.508825,-49.322613,,False,1,2,2023-06-16T21:24:49.596343+00:00
CUR_HA194,Curitiba,4106902,1,,628,,,-25.53683,-49.314975,,False,1,2,2023-06-16T21:25:49.596343+00:00
CUR_HA021,Curitiba,4106902,1,,628,,,-25.548863,-49.340215,,False,1,2,2023-06-16T21:25:49.596343+00:00
CUR_HI002,Curitiba,4106902,1,,628,,,-25.494438,-49.298606,,False,1,1,2023-06-16T21:24:49.596343+00:00
CUR_BC305,Curitiba,4106902,1,,182,,,-25.424828,-49.268816,,False,3,1,2023-06-16T21:23:49.596343+00:00
CUR_BC306,Curitiba,4106902,1,,182,,,-25.40654,-49.276023,,False,3,1,2023-06-16T21:22:49.596343+00:00
CUR_BC324,Curitiba,4106902,1,,182,,,-25.377168,-49.262535,,False,3,2,2023-06-16T21:24:49.596343+00:00
CUR_BI884,Curitiba,4106902,1,Auto Viação São José,214,https://moovitapp.com/index/pt-br/transporte_p%C3%BAblico-line-214_PIT_PRA%C3%87A_DA_JUVENTUDE_CRISTAL_BLANCO_POMBO_ANTI_HOR%C3%81RIO-Curitiba-942-857412-119631273-0,-1.0,-25.392546,-49.226531,,False,7,1,2023-06-16T21:24:49.596343+00:00
CUR_BI871,Curitiba,4106902,1,Auto Viação São José,214,https://moovitapp.com/index/pt-br/transporte_p%C3%BAblico-line-214_PIT_PRA%C3%87A_DA_JUVENTUDE_CRISTAL_BLANCO_POMBO_ANTI_HOR%C3%81RIO-Curitiba-942-857412-119631273-0,-1.0,-25.400141,-49.23799,,False,7,2,2023-06-16T21:25:49.596343+00:00
CUR_HI854,Curitiba,4106902,1,,673,,,-25.444305,-49.270111,,False,7,1,2023-06-16T21:21:49.596343+00:00
CUR_HI855,Curitiba,4106902,1,,673,,,-25.482523,-49.295636,,False,7,2,2023-06-16T21:24:49.596343+00:00
CUR_MI002,Curitiba,4106902,1,,821,,,-25.408703,-49.358255,,False,1,2,2023-06-16T21:24:49.596343+00:00
CUR_MI005,Curitiba,4106902,1,,821,,,-25.441676,-49.346636,,False,1,1,2023-06-16T21:25:49.596343+00:00
CUR_HI026,Curitiba,4106902,1,,680,,,-25.577946,-49.33279,,False,1,2,2023-06-16T21:25:49.596343+00:00
CUR_HI033,Curitiba,4106902,1,,680,,,-25.51423,-49.29419,,False,1,1,2023-06-16T21:25:49.596343+00:00
CUR_HI040,Curitiba,4106902,1,,680,,,-25.550683,-49.305056,,False,1,2,2023-06-16T21:20:49.596343+00:00
CUR_HA031,Curitiba,4106902,1,,680,,,-25.548435,-49.303956,,False,1,1,2023-06-16T21:22:49.596343+00:00
CUR_HA004,Curitiba,4106902,1,,680,,,-25.52597,-49.297583,,False,1,1,2023-06-16T21:24:49.596343+00:00
CUR_HA010,Curitiba,4106902,1,,680,,,-25.583695,-49.320973,,False,1,2,2023-06-16T21:19:49.596343+00:00
CUR_HI014,Curitiba,4106902,1,,680,,,-25.522121,-49.29226,,False,1,1,2023-06-16T21:23:49.596343+00:00
CUR_BI866,Curitiba,4106902,1,Auto Viação São José,212,https://moovitapp.com/index/pt-br/transporte_p%C3%BAblico-line-212_PIT_PRA%C3%87A_DA_JUVENTUDE_SANTA_F%C3%89_CRISTAL-Curitiba-942-857412-73656311-0,-1.0,-25.407468,-49.249578,,False,7,1,2023-06-16T21:22:49.596343+00:00
CUR_BI857,Curitiba,4106902,1,Auto Viação São José,212,https://moovitapp.com/index/pt-br/transporte_p%C3%BAblico-line-212_PIT_PRA%C3%87A_DA_JUVENTUDE_SANTA_F%C3%89_CRISTAL-Curitiba-942-857412-73656311-0,-1.0,-25.395011,-49.230176,,False,7,2,2023-06-16T21:23:49.596343+00:00
CUR_HB608,Curitiba,4106902,1,,060,,,-25.505766,-49.340401,,False,4,1,2023-06-16T21:24:49.596343+00:00
CUR_HB607,Curitiba,4106902,1,,060,,,-25.441501,-49.345815,,False,4,2,2023-06-16T21:25:49.596343+00:00
CUR_HB606,Curitiba,4106902,1,,060,,,-25.534901,-49.303255,,False,4,1,2023-06-16T21:24:49.596343+00:00
CUR_HR117,Curitiba,4106902,1,,060,,,-25.524573,-49.330651,,False,4,2,2023-06-16T21:22:49.596343+00:00
CUR_HB695,Curitiba,4106902,1,,060,,,-25.476431,-49.350581,,False,4,1,2023-06-16T21:24:49.596343+00:00
CUR_DL301,Curitiba,4106902,0,URBS,305,https://moovitapp.com/index/pt-br/transporte_p%C3%BAblico-line-305_CENTEN%C3%81RIO-Curitiba-942-9628-294271-0,-1.0,-25.428738,-49.260385,,False,3,2,2023-06-16T21:24:49.596343+00:00
CUR_DL308,Curitiba,4106902,0,URBS,305,https://moovitapp.com/index/pt-br/transporte_p%C3%BAblico-line-305_CENTEN%C3%81RIO-Curitiba-942-9628-294271-0,-1.0,-25.437121,-49.252116,,False,3,2,2023-06-16T21:24:49.596343+00:00
CUR_BI900,Curitiba,4106902,1,,386,,,-25.432255,-49.271723,,False,7,1,2023-06-16T21:21:49.596343+00:00
CUR_BC850,Curitiba,4106902,1,,386,,,-25.437318,-49.211318,,False,7,2,2023-06-16T21:25:49.596343+00:00
CUR_HI043,Curitiba,4106902,1,,630,,,-25.540478,-49.30902,,False,1,1,2023-06-16T21:25:49.596343+00:00
CUR_HI027,Curitiba,4106902,1,,630,,,-25.538226,-49.31339,,False,1,1,2023-06-16T21:23:49.596343+00:00
CUR_HI039,Curitiba,4106902,1,,630,,,-25.512771,-49.29514,,False,1,1,2023-06-16T21:22:49.596343+00:00
CUR_HA197,Curitiba,4106902,1,,630,,,-25.539215,-49.33502,,False,1,2,2023-06-16T21:23:49.596343+00:00
CUR_BA034,Curitiba,4106902,1,,243,,,-25.355063,-49.272145,,False,1,1,2023-06-16T21:22:49.596343+00:00
CUR_BI011,Curitiba,4106902,1,,236,,,-25.374485,-49.223176,,False,1,1,2023-06-16T21:22:49.596343+00:00
CUR_BI014,Curitiba,4106902,1,,236,,,-25.358381,-49.232953,,False,1,2,2023-06-16T21:24:49.596343+00:00
CUR_HA311,Curitiba,4106902,1,,863,,,-25.446406,-49.271288,,False,3,2,2023-06-16T21:24:49.596343+00:00
CUR_HA028,Curitiba,4106902,1,,863,,,-25.439933,-49.271896,,False,1,1,2023-06-16T21:24:49.596343+00:00
CUR_BI300,Curitiba,4106902,1,,207,,,-25.405735,-49.271003,,False,3,2,2023-06-16T21:19:49.596343+00:00
CUR_BC302,Curitiba,4106902,1,,207,,,-25.432745,-49.27629,,False,3,1,2023-06-16T21:25:49.596343+00:00
CUR_BC323,Curitiba,4106902,1,,207,,,-25.40524,-49.275826,,False,3,1,2023-06-16T21:24:49.596343+00:00
CUR_BC308,Curitiba,4106902,1,,207,,,-25.40261,-49.258028,,False,3,2,2023-06-16T21:19:49.596343+00:00
CUR_BI301,Curitiba,4106902,1,,207,,,-25.41883,-49.276426,,False,3,2,2023-06-16T21:23:49.596343+00:00
CUR_BC028,Curitiba,4106902,1,,207,,,-25.430116,-49.271526,,False,1,1,2023-06-16T21:19:49.596343+00:00
CUR_BC280,Curitiba,4106902,1,,207,,,-25.402903,-49.270721,,False,1,2,2023-06-16T21:21:49.596343+00:00
CUR_DN600,Curitiba,4106902,1,,331,,,-25.467941,-49.255496,,False,7,,2023-06-16T21:23:49.596343+00:00
CUR_MI850,Curitiba,4106902,1,,913,,,-25.41957,-49.294075,,False,7,,2023-06-16T21:24:49.596343+00:00
CUR_GE705,Curitiba,4106902,0,URBS,500,https://moovitapp.com/index/pt-br/transporte_p%C3%BAblico-line-500_LIGEIR%C3%83O_BOQUEIR%C3%83O-Curitiba-942-9628-294422-0,-1.0,-25.516803,-49.23019,,False,5,,2023-06-16T21:21:49.596343+00:00
CUR_MC304,Curitiba,4106902,1,,901,,,-25.401601,-49.329496,,False,3,1,2023-06-16T21:24:49.596343+00:00
CUR_MC306,Curitiba,4106902,1,,901,,,-25.415446,-49.298496,,False,3,2,2023-06-16T21:24:49.596343+00:00
CUR_MC080,Curitiba,4106902,1,,901,,,-25.426391,-49.275388,,False,1,1,2023-06-16T21:24:49.596343+00:00
CUR_MC300,Curitiba,4106902,1,,901,,,-25.426556,-49.279376,,False,3,2,2023-06-16T21:24:49.596343+00:00
CUR_BI869,Curitiba,4106902,1,,260,,,-25.430411,-49.272155,,False,7,1,2023-06-16T21:25:49.596343+00:00
CUR_MI855,Curitiba,4106902,1,,912,,,-25.392388,-49.347598,,False,7,1,2023-06-16T21:24:49.596343+00:00
CUR_BI890,Curitiba,4106902,1,,266,,,-25.429056,-49.270175,,False,7,1,2023-06-16T21:21:49.596343+00:00
CUR_DN603,Curitiba,4106902,1,,461,,,-25.433578,-49.265773,,False,7,2,2023-06-16T21:24:49.596343+00:00
CUR_BI022,Curitiba,4106902,1,,225,,,-25.384923,-49.248293,,False,1,1,2023-06-16T21:24:49.596343+00:00
CUR_BA035,Curitiba,4106902,1,,225,,,-25.382905,-49.25085,,False,1,2,2023-06-16T21:24:49.596343+00:00
CUR_BI878,Curitiba,4106902,1,,280,,,-25.390036,-49.24509,,False,7,2,2023-06-16T21:23:49.596343+00:00
CUR_MN609,Curitiba,4106902,1,,967,,,-25.404976,-49.303041,,False,7,1,2023-06-16T21:25:49.596343+00:00
CUR_MI853,Curitiba,4106902,1,,967,,,-25.422383,-49.284321,,False,7,2,2023-06-16T21:24:49.596343+00:00
CUR_MN610,Curitiba,4106902,1,,913,,,-25.403868,-49.339238,,False,7,2,2023-06-16T21:24:49.596343+00:00
CUR_HI851,Curitiba,4106902,1,,600,,,-25.51953,-49.298833,,False,7,1,2023-06-16T21:19:49.596343+00:00
CUR_HI861,Curitiba,4106902,1,,600,,,-25.54696,-49.303651,,False,7,1,2023-06-16T21:21:49.596343+00:00
CUR_GI049,Curitiba,4106902,1,,642,,,-25.550758,-49.281786,,False,1,1,2023-06-16T21:23:49.596343+00:00
CUR_GC008,Curitiba,4106902,1,,642,,,-25.523975,-49.295928,,False,1,2,2023-06-16T21:24:49.596343+00:00
CUR_HA612,Curitiba,4106902,1,,X37,,,-25.512576,-49.295203,,False,4,2,2023-06-16T21:22:49.596343+00:00
CUR_HA617,Curitiba,4106902,1,,X37,,,-25.513553,-49.298511,,False,4,2,2023-06-16T21:23:49.596343+00:00
CUR_HI604,Curitiba,4106902,1,,X37,,,-25.54246,-49.30983,,False,4,1,2023-06-16T21:24:49.596343+00:00
CUR_HR407,Curitiba,4106902,1,,X37,,,-25.562033,-49.33929,,False,4,1,2023-06-16T21:23:49.596343+00:00
CUR_HA618,Curitiba,4106902,1,,X37,,,-25.543201,-49.306421,,False,4,2,2023-06-16T21:24:49.596343+00:00
CUR_BI892,Curitiba,4106902,1,,181,,,-25.376985,-49.277051,,False,7,2,2023-06-16T21:24:49.596343+00:00
CUR_HI853,Curitiba,4106902,1,,644,,,-25.526271,-49.296296,,False,7,2,2023-06-16T21:25:49.596343+00:00
CUR_DN400,Curitiba,4106902,1,,516,,,-25.484975,-49.235383,,False,7,1,2023-06-16T21:23:49.596343+00:00
CUR_BI016,Curitiba,4106902,1,,245,,,-25.376606,-49.26265,,False,1,2,2023-06-16T21:23:49.596343+00:00
CUR_BA031,Curitiba,4106902,1,,245,,,-25.396801,-49.256666,,False,1,1,2023-06-16T21:23:49.596343+00:00
CUR_GE710,Curitiba,4106902,0,URBS,500,https://moovitapp.com/index/pt-br/transporte_p%C3%BAblico-line-500_LIGEIR%C3%83O_BOQUEIR%C3%83O-Curitiba-942-9628-294422-0,-1.0,-25.497713,-49.239371,,False,5,1,2023-06-16T21:23:49.596343+00:00
CUR_GE721,Curitiba,4106902,0,URBS,500,https://moovitapp.com/index/pt-br/transporte_p%C3%BAblico-line-500_LIGEIR%C3%83O_BOQUEIR%C3%83O-Curitiba-942-9628-294422-0,-1.0,-25.450776,-49.262281,,False,5,2,2023-06-16T21:24:49.596343+00:00
CUR_GE728,Curitiba,4106902,0,URBS,500,https://moovitapp.com/index/pt-br/transporte_p%C3%BAblico-line-500_LIGEIR%C3%83O_BOQUEIR%C3%83O-Curitiba-942-9628-294422-0,-1.0,-25.497895,-49.239261,,False,5,1,2023-06-16T21:24:49.596343+00:00
CUR_GE723,Curitiba,4106902,0,URBS,500,https://moovitapp.com/index/pt-br/transporte_p%C3%BAblico-line-500_LIGEIR%C3%83O_BOQUEIR%C3%83O-Curitiba-942-9628-294422-0,-1.0,-25.438803,-49.268181,,False,5,2,2023-06-16T21:23:49.596343+00:00
CUR_GE713,Curitiba,4106902,0,URBS,500,https://moovitapp.com/index/pt-br/transporte_p%C3%BAblico-line-500_LIGEIR%C3%83O_BOQUEIR%C3%83O-Curitiba-942-9628-294422-0,-1.0,-25.50652,-49.235125,,False,5,2,2023-06-16T21:24:49.596343+00:00
CUR_GD346,Curitiba,4106902,0,URBS,500,https://moovitapp.com/index/pt-br/transporte_p%C3%BAblico-line-500_LIGEIR%C3%83O_BOQUEIR%C3%83O-Curitiba-942-9628-294422-0,-1.0,-25.441843,-49.26672,,False,5,2,2023-06-16T21:23:49.596343+00:00
CUR_GE715,Curitiba,4106902,0,URBS,500,https://moovitapp.com/index/pt-br/transporte_p%C3%BAblico-line-500_LIGEIR%C3%83O_BOQUEIR%C3%83O-Curitiba-942-9628-294422-0,-1.0,-25.433688,-49.269853,,False,5,1,2023-06-16T21:24:49.596343+00:00
CUR_GE704,Curitiba,4106902,0,URBS,500,https://moovitapp.com/index/pt-br/transporte_p%C3%BAblico-line-500_LIGEIR%C3%83O_BOQUEIR%C3%83O-Curitiba-942-9628-294422-0,-1.0,-25.516233,-49.230626,,False,5,1,2023-06-16T21:24:49.596343+00:00
CUR_GE729,Curitiba,4106902,0,URBS,500,https://moovitapp.com/index/pt-br/transporte_p%C3%BAblico-line-500_LIGEIR%C3%83O_BOQUEIR%C3%83O-Curitiba-942-9628-294422-0,-1.0,-25.486465,-49.244908,,False,5,1,2023-06-16T21:24:49.596343+00:00
CUR_GE709,Curitiba,4106902,0,URBS,500,https://moovitapp.com/index/pt-br/transporte_p%C3%BAblico-line-500_LIGEIR%C3%83O_BOQUEIR%C3%83O-Curitiba-942-9628-294422-0,-1.0,-25.498945,-49.238855,,False,5,1,2023-06-16T21:23:49.596343+00:00
CUR_GD348,Curitiba,4106902,0,URBS,500,https://moovitapp.com/index/pt-br/transporte_p%C3%BAblico-line-500_LIGEIR%C3%83O_BOQUEIR%C3%83O-Curitiba-942-9628-294422-0,-1.0,-25.473978,-49.251003,,False,5,2,2023-06-16T21:24:49.596343+00:00
CUR_GE717,Curitiba,4106902,0,URBS,500,https://moovitapp.com/index/pt-br/transporte_p%C3%BAblico-line-500_LIGEIR%C3%83O_BOQUEIR%C3%83O-Curitiba-942-9628-294422-0,-1.0,-25.45791,-49.258826,,False,5,1,2023-06-16T21:24:49.596343+00:00
CUR_JI857,Curitiba,4106902,1,,761,,,-25.463198,-49.297338,,False,7,1,2023-06-16T21:24:49.596343+00:00
CUR_HC004,Curitiba,4106902,1,,690,,,-25.525943,-49.296941,,False,1,1,2023-06-16T21:24:49.596343+00:00
CUR_HI011,Curitiba,4106902,1,,690,,,-25.613365,-49.340896,,False,1,2,2023-06-16T21:20:49.596343+00:00
CUR_MN611,Curitiba,4106902,1,,965,,,-25.408876,-49.308461,,False,7,2,2023-06-16T21:24:49.596343+00:00
CUR_MN605,Curitiba,4106902,1,,965,,,-25.422413,-49.284405,,False,7,1,2023-06-16T21:24:49.596343+00:00
CUR_MI852,Curitiba,4106902,1,,965,,,-25.401776,-49.32684,,False,7,1,2023-06-16T21:24:49.596343+00:00
CUR_HN615,Curitiba,4106902,1,,671,,,-25.439346,-49.273311,,False,7,1,2023-06-16T21:25:49.596343+00:00
CUR_GL301,Curitiba,4106902,0,URBS,546,https://moovitapp.com/index/pt-br/transporte_p%C3%BAblico-line-546_S%C3%8DTIO_CERCADO_BOQUEIR%C3%83O-Curitiba-942-9628-531687-0,-1.0,-25.5164,-49.230783,,False,3,2,2023-06-16T21:24:49.596343+00:00
CUR_GL304,Curitiba,4106902,0,URBS,546,https://moovitapp.com/index/pt-br/transporte_p%C3%BAblico-line-546_S%C3%8DTIO_CERCADO_BOQUEIR%C3%83O-Curitiba-942-9628-531687-0,-1.0,-25.528861,-49.245323,,False,3,2,2023-06-16T21:25:49.596343+00:00
CUR_GL312,Curitiba,4106902,0,URBS,546,https://moovitapp.com/index/pt-br/transporte_p%C3%BAblico-line-546_S%C3%8DTIO_CERCADO_BOQUEIR%C3%83O-Curitiba-942-9628-531687-0,-1.0,-25.52215,-49.240486,,False,3,1,2023-06-16T21:24:49.596343+00:00
CUR_HA130,Curitiba,4106902,1,,620,,,-25.49265,-49.30601,,False,1,2,2023-06-16T21:21:49.596343+00:00
CUR_BI853,Curitiba,4106902,1,,361,,,-25.417796,-49.258911,,False,7,1,2023-06-16T21:23:49.596343+00:00
CUR_ML303,Curitiba,4106902,0,URBS,902,https://moovitapp.com/index/pt-br/transporte_p%C3%BAblico-line-902_SANTA_FELICIDADE_PRA%C3%87A_TIRADENTES-Curitiba-942-9628-5597930-0,-1.0,-25.423223,-49.287191,,False,3,2,2023-06-16T21:25:49.596343+00:00
CUR_ML301,Curitiba,4106902,0,URBS,902,https://moovitapp.com/index/pt-br/transporte_p%C3%BAblico-line-902_SANTA_FELICIDADE_PRA%C3%87A_TIRADENTES-Curitiba-942-9628-5597930-0,-1.0,-25.428921,-49.274891,,False,3,1,2023-06-16T21:25:49.596343+00:00
CUR_ML314,Curitiba,4106902,0,URBS,902,https://moovitapp.com/index/pt-br/transporte_p%C3%BAblico-line-902_SANTA_FELICIDADE_PRA%C3%87A_TIRADENTES-Curitiba-942-9628-5597930-0,-1.0,-25.408798,-49.322658,,False,3,1,2023-06-16T21:24:49.596343+00:00
CUR_ML306,Curitiba,4106902,0,URBS,902,https://moovitapp.com/index/pt-br/transporte_p%C3%BAblico-line-902_SANTA_FELICIDADE_PRA%C3%87A_TIRADENTES-Curitiba-942-9628-5597930-0,-1.0,-25.414358,-49.309541,,False,3,1,2023-06-16T21:23:49.596343+00:00
CUR_BE702,Curitiba,4106902,0,URBS,200,https://moovitapp.com/index/pt-br/transporte_p%C3%BAblico-line-200_LIGEIR%C3%83O_SANTA_C%C3%82NDIDA_PRA%C3%87A_DO_JAP%C3%83O-Curitiba-942-9628-1323763-0,-1.0,-25.416471,-49.261723,,False,5,2,2023-06-16T21:25:49.596343+00:00
CUR_GE722,Curitiba,4106902,0,URBS,200,https://moovitapp.com/index/pt-br/transporte_p%C3%BAblico-line-200_LIGEIR%C3%83O_SANTA_C%C3%82NDIDA_PRA%C3%87A_DO_JAP%C3%83O-Curitiba-942-9628-1323763-0,-1.0,-25.444956,-49.285693,,False,5,2,2023-06-16T21:24:49.596343+00:00
CUR_BE713,Curitiba,4106902,0,URBS,200,https://moovitapp.com/index/pt-br/transporte_p%C3%BAblico-line-200_LIGEIR%C3%83O_SANTA_C%C3%82NDIDA_PRA%C3%87A_DO_JAP%C3%83O-Curitiba-942-9628-1323763-0,-1.0,-25.39038,-49.237648,,False,5,2,2023-06-16T21:23:49.596343+00:00
CUR_BE721,Curitiba,4106902,0,URBS,200,https://moovitapp.com/index/pt-br/transporte_p%C3%BAblico-line-200_LIGEIR%C3%83O_SANTA_C%C3%82NDIDA_PRA%C3%87A_DO_JAP%C3%83O-Curitiba-942-9628-1323763-0,-1.0,-25.406531,-49.252596,,False,5,2,2023-06-16T21:22:49.596343+00:00
CUR_HE704,Curitiba,4106902,0,URBS,200,https://moovitapp.com/index/pt-br/transporte_p%C3%BAblico-line-200_LIGEIR%C3%83O_SANTA_C%C3%82NDIDA_PRA%C3%87A_DO_JAP%C3%83O-Curitiba-942-9628-1323763-0,-1.0,-25.376963,-49.224206,,False,5,2,2023-06-16T21:24:49.596343+00:00
CUR_BE719,Curitiba,4106902,0,URBS,200,https://moovitapp.com/index/pt-br/transporte_p%C3%BAblico-line-200_LIGEIR%C3%83O_SANTA_C%C3%82NDIDA_PRA%C3%87A_DO_JAP%C3%83O-Curitiba-942-9628-1323763-0,-1.0,-25.433546,-49.266261,,False,5,1,2023-06-16T21:23:49.596343+00:00
CUR_HE710,Curitiba,4106902,0,URBS,200,https://moovitapp.com/index/pt-br/transporte_p%C3%BAblico-line-200_LIGEIR%C3%83O_SANTA_C%C3%82NDIDA_PRA%C3%87A_DO_JAP%C3%83O-Curitiba-942-9628-1323763-0,-1.0,-25.439053,-49.270295,,False,5,1,2023-06-16T21:23:49.596343+00:00
CUR_BE729,Curitiba,4106902,0,URBS,200,https://moovitapp.com/index/pt-br/transporte_p%C3%BAblico-line-200_LIGEIR%C3%83O_SANTA_C%C3%82NDIDA_PRA%C3%87A_DO_JAP%C3%83O-Curitiba-942-9628-1323763-0,-1.0,-25.437701,-49.26692,,False,5,1,2023-06-16T21:24:49.596343+00:00
CUR_HD244,Curitiba,4106902,0,URBS,200,https://moovitapp.com/index/pt-br/transporte_p%C3%BAblico-line-200_LIGEIR%C3%83O_SANTA_C%C3%82NDIDA_PRA%C3%87A_DO_JAP%C3%83O-Curitiba-942-9628-1323763-0,-1.0,-25.44376,-49.28275,,False,5,1,2023-06-16T21:25:49.596343+00:00
CUR_BD139,Curitiba,4106902,0,URBS,200,https://moovitapp.com/index/pt-br/transporte_p%C3%BAblico-line-200_LIGEIR%C3%83O_SANTA_C%C3%82NDIDA_PRA%C3%87A_DO_JAP%C3%83O-Curitiba-942-9628-1323763-0,-1.0,-25.433323,-49.26644,,False,5,1,2023-06-16T21:24:49.596343+00:00
CUR_BE706,Curitiba,4106902,0,URBS,200,https://moovitapp.com/index/pt-br/transporte_p%C3%BAblico-line-200_LIGEIR%C3%83O_SANTA_C%C3%82NDIDA_PRA%C3%87A_DO_JAP%C3%83O-Curitiba-942-9628-1323763-0,-1.0,-25.411056,-49.256821,,False,5,2,2023-06-16T21:24:49.596343+00:00
CUR_HE706,Curitiba,4106902,0,URBS,200,https://moovitapp.com/index/pt-br/transporte_p%C3%BAblico-line-200_LIGEIR%C3%83O_SANTA_C%C3%82NDIDA_PRA%C3%87A_DO_JAP%C3%83O-Curitiba-942-9628-1323763-0,-1.0,-25.383365,-49.231033,,False,5,2,2023-06-16T21:24:49.596343+00:00
CUR_GE732,Curitiba,4106902,0,URBS,200,https://moovitapp.com/index/pt-br/transporte_p%C3%BAblico-line-200_LIGEIR%C3%83O_SANTA_C%C3%82NDIDA_PRA%C3%87A_DO_JAP%C3%83O-Curitiba-942-9628-1323763-0,-1.0,-25.435713,-49.265231,,False,5,2,2023-06-16T21:24:49.596343+00:00
CUR_BD150,Curitiba,4106902,0,URBS,200,https://moovitapp.com/index/pt-br/transporte_p%C3%BAblico-line-200_LIGEIR%C3%83O_SANTA_C%C3%82NDIDA_PRA%C3%87A_DO_JAP%C3%83O-Curitiba-942-9628-1323763-0,-1.0,-25.445373,-49.286513,,False,5,1,2023-06-16T21:25:49.596343+00:00
CUR_BE725,Curitiba,4106902,0,URBS,200,https://moovitapp.com/index/pt-br/transporte_p%C3%BAblico-line-200_LIGEIR%C3%83O_SANTA_C%C3%82NDIDA_PRA%C3%87A_DO_JAP%C3%83O-Curitiba-942-9628-1323763-0,-1.0,-25.423136,-49.267393,,False,5,1,2023-06-16T21:24:49.596343+00:00
CUR_BD140,Curitiba,4106902,0,URBS,200,https://moovitapp.com/index/pt-br/transporte_p%C3%BAblico-line-200_LIGEIR%C3%83O_SANTA_C%C3%82NDIDA_PRA%C3%87A_DO_JAP%C3%83O-Curitiba-942-9628-1323763-0,-1.0,-25.382768,-49.230523,,False,5,2,2023-06-16T21:23:49.596343+00:00
CUR_BE704,Curitiba,4106902,0,URBS,200,https://moovitapp.com/index/pt-br/transporte_p%C3%BAblico-line-200_LIGEIR%C3%83O_SANTA_C%C3%82NDIDA_PRA%C3%87A_DO_JAP%C3%83O-Curitiba-942-9628-1323763-0,-1.0,-25.423865,-49.26827,,False,5,,2023-06-16T21:24:49.596343+00:00
CUR_HE707,Curitiba,4106902,0,URBS,200,https://moovitapp.com/index/pt-br/transporte_p%C3%BAblico-line-200_LIGEIR%C3%83O_SANTA_C%C3%82NDIDA_PRA%C3%87A_DO_JAP%C3%83O-Curitiba-942-9628-1323763-0,-1.0,-25.40648,-49.252613,,False,5,,2023-06-16T21:20:49.596343+00:00
CUR_JI007,Curitiba,4106902,1,,831,,,-25.485885,-49.320188,,False,1,1,2023-06-16T21:24:49.596343+00:00
CUR_JA020,Curitiba,4106902,1,,831,,,-25.49272,-49.31209,,False,1,2,2023-06-16T21:24:49.596343+00:00
CUR_DC850,Curitiba,4106902,1,,331,,,-25.469155,-49.208258,,False,7,,2023-06-16T21:24:49.596343+00:00
CUR_HL499,Curitiba,4106902,0,URBS,X32,https://moovitapp.com/index/pt-br/transporte_p%C3%BAblico-line-X32_CIC_CAP%C3%83O_RASO-Curitiba-942-9628-557282-0,-1.0,-25.49768,-49.299196,,False,3,2,2023-06-16T21:25:49.596343+00:00
CUR_JB301,Curitiba,4106902,1,,720,,,-25.477193,-49.33556,,False,3,1,2023-06-16T21:24:49.596343+00:00
CUR_JB302,Curitiba,4106902,1,,720,,,-25.441636,-49.347215,,False,10,2,2023-06-16T21:25:49.596343+00:00
CUR_BI896,Curitiba,4106902,1,,875,,,-25.42162,-49.303598,,False,7,2,2023-06-16T21:18:49.596343+00:00
CUR_JI005,Curitiba,4106902,1,,732,,,-25.446403,-49.354368,,False,1,2,2023-06-16T21:24:49.596343+00:00
CUR_MN603,Curitiba,4106902,1,,464,,,-25.437865,-49.26085,,False,7,2,2023-06-16T21:23:49.596343+00:00
CUR_GI053,Curitiba,4106902,1,,614,,,-25.454016,-49.26617,,False,1,2,2023-06-16T21:24:49.596343+00:00
CUR_GA002,Curitiba,4106902,1,,614,,,-25.476386,-49.292291,,False,1,2,2023-06-16T21:24:49.596343+00:00
CUR_HI037,Curitiba,4106902,1,,614,,,-25.475816,-49.298173,,False,1,1,2023-06-16T21:24:49.596343+00:00
CUR_HI035,Curitiba,4106902,1,,614,,,-25.47733,-49.327438,,False,1,2,2023-06-16T21:21:49.596343+00:00
CUR_GI853,Curitiba,4106902,1,,666,,,-25.468688,-49.27204,,False,7,1,2023-06-16T21:24:49.596343+00:00
CUR_DN020,Curitiba,4106902,0,,560,,,-25.441676,-49.271025,,False,6,1,2023-06-16T21:24:49.596343+00:00
CUR_BA014,Curitiba,4106902,1,,829,,,-25.445701,-49.356068,,False,1,,2023-06-16T21:24:49.596343+00:00
CUR_BA016,Curitiba,4106902,1,,829,,,-25.441478,-49.3461,,False,1,,2023-06-16T21:19:49.596343+00:00
CUR_BA022,Curitiba,4106902,1,,829,,,-25.441928,-49.350638,,False,1,,2023-06-16T21:23:49.596343+00:00
CUR_BI027,Curitiba,4106902,1,,829,,,-25.449758,-49.358763,,False,1,,2023-06-16T21:25:49.596343+00:00
CUR_DE695,Curitiba,4106902,0,URBS,302,https://moovitapp.com/index/pt-br/transporte_p%C3%BAblico-line-302_CENTEN%C3%81RIO_RUI_BARBOSA-Curitiba-942-9628-294501-0,-1.0,-25.447143,-49.216818,,False,4,2,2023-06-16T21:24:49.596343+00:00
CUR_DE698,Curitiba,4106902,0,URBS,302,https://moovitapp.com/index/pt-br/transporte_p%C3%BAblico-line-302_CENTEN%C3%81RIO_RUI_BARBOSA-Curitiba-942-9628-294501-0,-1.0,-25.4403,-49.221186,,False,4,2,2023-06-16T21:25:49.596343+00:00
CUR_DE713,Curitiba,4106902,0,URBS,302,https://moovitapp.com/index/pt-br/transporte_p%C3%BAblico-line-302_CENTEN%C3%81RIO_RUI_BARBOSA-Curitiba-942-9628-294501-0,-1.0,-25.431058,-49.27826,,False,5,1,2023-06-16T21:24:49.596343+00:00
CUR_DE712,Curitiba,4106902,0,URBS,302,https://moovitapp.com/index/pt-br/transporte_p%C3%BAblico-line-302_CENTEN%C3%81RIO_RUI_BARBOSA-Curitiba-942-9628-294501-0,-1.0,-25.435666,-49.257135,,False,5,2,2023-06-16T21:24:49.596343+00:00
CUR_DE708,Curitiba,4106902,0,URBS,302,https://moovitapp.com/index/pt-br/transporte_p%C3%BAblico-line-302_CENTEN%C3%81RIO_RUI_BARBOSA-Curitiba-942-9628-294501-0,-1.0,-25.436265,-49.247143,,False,5,1,2023-06-16T21:24:49.596343+00:00
CUR_JL307,Curitiba,4106902,0,URBS,X36,https://moovitapp.com/index/pt-br/transporte_p%C3%BAblico-line-X36_REFOR%C3%87O_GUADALUPE_FAZENDINHA-Curitiba-942-9628-11745709-0,-1.0,-25.44069,-49.26058,,False,3,1,2023-06-16T21:24:49.596343+00:00
CUR_JL301,Curitiba,4106902,0,URBS,X36,https://moovitapp.com/index/pt-br/transporte_p%C3%BAblico-line-X36_REFOR%C3%87O_GUADALUPE_FAZENDINHA-Curitiba-942-9628-11745709-0,-1.0,-25.456078,-49.300901,,False,3,1,2023-06-16T21:23:49.596343+00:00
CUR_JL312,Curitiba,4106902,0,URBS,X36,https://moovitapp.com/index/pt-br/transporte_p%C3%BAblico-line-X36_REFOR%C3%87O_GUADALUPE_FAZENDINHA-Curitiba-942-9628-11745709-0,-1.0,-25.47754,-49.324843,,False,3,1,2023-06-16T21:24:49.596343+00:00
CUR_JL302,Curitiba,4106902,0,URBS,X36,https://moovitapp.com/index/pt-br/transporte_p%C3%BAblico-line-X36_REFOR%C3%87O_GUADALUPE_FAZENDINHA-Curitiba-942-9628-11745709-0,-1.0,-25.446021,-49.2792,,False,3,2,2023-06-16T21:24:49.596343+00:00
CUR_BI895,Curitiba,4106902,1,,164,,,-25.428363,-49.27226,,False,7,1,2023-06-16T21:23:49.596343+00:00
CUR_HN403,Curitiba,4106902,1,,668,,,-25.511711,-49.325903,,False,7,1,2023-06-16T21:23:49.596343+00:00
CUR_BL336,Curitiba,4106902,0,URBS,518,https://moovitapp.com/index/pt-br/transporte_p%C3%BAblico-line-518_PUC_RODOFERROVI%C3%81RIA-Curitiba-942-9628-743528-0,-1.0,-25.450826,-49.25404,,False,3,2,2023-06-16T21:24:49.596343+00:00
CUR_BA037,Curitiba,4106902,1,,815,,,-25.436345,-49.308365,,False,1,2,2023-06-16T21:24:49.596343+00:00
CUR_BC015,Curitiba,4106902,1,,815,,,-25.430578,-49.317751,,False,1,,2023-06-16T21:23:49.596343+00:00
CUR_DL305,Curitiba,4106902,0,URBS,469,https://moovitapp.com/index/pt-br/transporte_p%C3%BAblico-line-469_CENTRO_POLIT%C3%89CNICO-Curitiba-942-9628-294421-0,-1.0,-25.440258,-49.249468,,False,3,1,2023-06-16T21:18:49.596343+00:00
CUR_DL302,Curitiba,4106902,0,URBS,469,https://moovitapp.com/index/pt-br/transporte_p%C3%BAblico-line-469_CENTRO_POLIT%C3%89CNICO-Curitiba-942-9628-294421-0,-1.0,-25.417896,-49.26875,,False,3,1,2023-06-16T21:24:49.596343+00:00
CUR_BT007,Curitiba,4106902,0,,979,,,-25.438256,-49.23838,,False,3,,2023-06-16T21:24:49.596343+00:00
CUR_MT011,Curitiba,4106902,0,,979,,,-25.38422,-49.281735,,False,3,,2023-06-16T21:24:49.596343+00:00
CUR_BT009,Curitiba,4106902,0,,979,,,-25.424095,-49.279673,,False,3,,2023-06-16T21:19:49.596343+00:00
CUR_MT009,Curitiba,4106902,0,,979,,,-25.383811,-49.294518,,False,3,,2023-06-16T21:24:49.596343+00:00
CUR_MT013,Curitiba,4106902,0,,979,,,-25.41541,-49.2701,,False,3,,2023-06-16T21:24:49.596343+00:00
CUR_HE612,Curitiba,4106902,0,URBS,X20,https://moovitapp.com/index/pt-br/transporte_p%C3%BAblico-line-X20_PORT%C3%83O_S%C3%8DTIO_CERCADO-Curitiba-942-9628-531683-0,-1.0,-25.5122,-49.295246,,False,4,1,2023-06-16T21:16:49.596343+00:00
CUR_HE600,Curitiba,4106902,0,URBS,X20,https://moovitapp.com/index/pt-br/transporte_p%C3%BAblico-line-X20_PORT%C3%83O_S%C3%8DTIO_CERCADO-Curitiba-942-9628-531683-0,-1.0,-25.497893,-49.296771,,False,4,2,2023-06-16T21:24:49.596343+00:00
CUR_HE610,Curitiba,4106902,0,URBS,X20,https://moovitapp.com/index/pt-br/transporte_p%C3%BAblico-line-X20_PORT%C3%83O_S%C3%8DTIO_CERCADO-Curitiba-942-9628-531683-0,-1.0,-25.491695,-49.293508,,False,4,2,2023-06-16T21:25:49.596343+00:00
CUR_HE601,Curitiba,4106902,0,URBS,X20,https://moovitapp.com/index/pt-br/transporte_p%C3%BAblico-line-X20_PORT%C3%83O_S%C3%8DTIO_CERCADO-Curitiba-942-9628-531683-0,-1.0,-25.535541,-49.273191,,False,4,1,2023-06-16T21:23:49.596343+00:00
CUR_GD349,Curitiba,4106902,0,URBS,X08,https://moovitapp.com/index/pt-br/transporte_p%C3%BAblico-line-X08_REFOR%C3%87O_PINHEIRINHO-Curitiba-942-9628-78902615-0,-1.0,-25.457155,-49.286231,,False,5,2,2023-06-16T21:23:49.596343+00:00
CUR_HE709,Curitiba,4106902,0,URBS,X08,https://moovitapp.com/index/pt-br/transporte_p%C3%BAblico-line-X08_REFOR%C3%87O_PINHEIRINHO-Curitiba-942-9628-78902615-0,-1.0,-25.476806,-49.28895,,False,5,1,2023-06-16T21:25:49.596343+00:00
CUR_GE718,Curitiba,4106902,0,URBS,X08,https://moovitapp.com/index/pt-br/transporte_p%C3%BAblico-line-X08_REFOR%C3%87O_PINHEIRINHO-Curitiba-942-9628-78902615-0,-1.0,-25.49162,-49.291336,,False,5,2,2023-06-16T21:24:49.596343+00:00
CUR_HE720,Curitiba,4106902,0,URBS,X08,https://moovitapp.com/index/pt-br/transporte_p%C3%BAblico-line-X08_REFOR%C3%87O_PINHEIRINHO-Curitiba-942-9628-78902615-0,-1.0,-25.511941,-49.296763,,False,5,1,2023-06-16T21:24:49.596343+00:00
CUR_HD250,Curitiba,4106902,0,URBS,X08,https://moovitapp.com/index/pt-br/transporte_p%C3%BAblico-line-X08_REFOR%C3%87O_PINHEIRINHO-Curitiba-942-9628-78902615-0,-1.0,-25.483113,-49.293226,,False,5,1,2023-06-16T21:20:49.596343+00:00
CUR_GE702,Curitiba,4106902,0,URBS,X08,https://moovitapp.com/index/pt-br/transporte_p%C3%BAblico-line-X08_REFOR%C3%87O_PINHEIRINHO-Curitiba-942-9628-78902615-0,-1.0,-25.489865,-49.294025,,False,5,1,2023-06-16T21:24:49.596343+00:00
CUR_HE708,Curitiba,4106902,0,URBS,X08,https://moovitapp.com/index/pt-br/transporte_p%C3%BAblico-line-X08_REFOR%C3%87O_PINHEIRINHO-Curitiba-942-9628-78902615-0,-1.0,-25.475266,-49.293103,,False,5,2,2023-06-16T21:24:49.596343+00:00
CUR_GE613,Curitiba,4106902,0,URBS,X08,https://moovitapp.com/index/pt-br/transporte_p%C3%BAblico-line-X08_REFOR%C3%87O_PINHEIRINHO-Curitiba-942-9628-78902615-0,-1.0,-25.443278,-49.281015,,False,4,1,2023-06-16T21:24:49.596343+00:00
CUR_HE713,Curitiba,4106902,0,URBS,X08,https://moovitapp.com/index/pt-br/transporte_p%C3%BAblico-line-X08_REFOR%C3%87O_PINHEIRINHO-Curitiba-942-9628-78902615-0,-1.0,-25.449448,-49.28802,,False,5,2,2023-06-16T21:24:49.596343+00:00
CUR_GR034,Curitiba,4106902,0,URBS,X08,https://moovitapp.com/index/pt-br/transporte_p%C3%BAblico-line-X08_REFOR%C3%87O_PINHEIRINHO-Curitiba-942-9628-78902615-0,-1.0,-25.446026,-49.284161,,False,4,2,2023-06-16T21:24:49.596343+00:00
