bus_id,city,city_code,adapted,agency,line_code,line_url,line_fare,latitude,longitude,bus_speed,is_eletric,bus_type,bus_direction,updated_at
CUR_DL310,Curitiba,4106902,0,URBS,304,https://moovitapp.com/index/pt-br/transporte_p%C3%BAblico-line-304_PINHAIS_CAMPO_COMPRIDO-Curitiba-942-9628-133282995-0,-1.0,-25.467708,-49.254781,,False,3,2,2023-06-15T12:24:45.802152+00:00
CUR_JL321,Curitiba,4106902,1,URBS,304,https://moovitapp.com/index/pt-br/transporte_p%C3%BAblico-line-304_PINHAIS_CAMPO_COMPRIDO-Curitiba-942-9628-133282995-0,-1.0,-25.448698,-49.366203,,False,3,2,2023-06-15T12:23:45.802152+00:00
CUR_JL324,Curitiba,4106902,1,URBS,304,https://moovitapp.com/index/pt-br/transporte_p%C3%BAblico-line-304_PINHAIS_CAMPO_COMPRIDO-Curitiba-942-9628-133282995-0,-1.0,-25.448716,-49.365895,,False,3,2,2023-06-15T12:24:45.802152+00:00
CUR_DA019,Curitiba,4106902,0,,560,,,-25.467741,-49.255508,,False,1,1,2023-06-15T12:24:45.802152+00:00
CUR_HB608,Curitiba,4106902,1,,060,,,-25.542341,-49.309703,,False,4,2,2023-06-15T12:20:45.802152+00:00
CUR_HB607,Curitiba,4106902,1,,060,,,-25.451406,-49.361588,,False,4,1,2023-06-15T12:23:45.802152+00:00
CUR_HB600,Curitiba,4106902,1,,060,,,-25.513635,-49.295661,,False,4,1,2023-06-15T12:12:45.802152+00:00
CUR_HB606,Curitiba,4106902,1,,060,,,-25.483833,-49.349398,,False,4,2,2023-06-15T12:23:45.802152+00:00
CUR_GI012,Curitiba,4106902,1,,649,,,-25.549685,-49.29213,,False,1,1,2023-06-15T12:24:45.802152+00:00
CUR_GI016,Curitiba,4106902,1,,649,,,-25.54954,-49.292181,,False,1,2,2023-06-15T12:24:45.802152+00:00
CUR_BL317,Curitiba,4106902,0,URBS,023,https://moovitapp.com/index/pt-br/transporte_p%C3%BAblico-line-023_INTER_2_ANTI_HOR%C3%81RIO-Curitiba-942-9628-398189-0,-1.0,-25.485611,-49.2534,,False,3,,2023-06-15T12:16:45.802152+00:00
CUR_BL324,Curitiba,4106902,0,URBS,023,https://moovitapp.com/index/pt-br/transporte_p%C3%BAblico-line-023_INTER_2_ANTI_HOR%C3%81RIO-Curitiba-942-9628-398189-0,-1.0,-25.41547,-49.26798,,False,3,,2023-06-15T12:21:45.802152+00:00
CUR_BL608,Curitiba,4106902,0,URBS,023,https://moovitapp.com/index/pt-br/transporte_p%C3%BAblico-line-023_INTER_2_ANTI_HOR%C3%81RIO-Curitiba-942-9628-398189-0,-1.0,-25.496188,-49.270228,,False,4,,2023-06-15T12:20:45.802152+00:00
CUR_BL609,Curitiba,4106902,0,URBS,023,https://moovitapp.com/index/pt-br/transporte_p%C3%BAblico-line-023_INTER_2_ANTI_HOR%C3%81RIO-Curitiba-942-9628-398189-0,-1.0,-25.4295,-49.21913,,False,4,,2023-06-15T12:23:45.802152+00:00
CUR_MR800,Curitiba,4106902,0,URBS,023,https://moovitapp.com/index/pt-br/transporte_p%C3%BAblico-line-023_INTER_2_ANTI_HOR%C3%81RIO-Curitiba-942-9628-398189-0,-1.0,-25.41878,-49.294303,,False,4,,2023-06-15T12:24:45.802152+00:00
CUR_HL601,Curitiba,4106902,0,URBS,023,https://moovitapp.com/index/pt-br/transporte_p%C3%BAblico-line-023_INTER_2_ANTI_HOR%C3%81RIO-Curitiba-942-9628-398189-0,-1.0,-25.453358,-49.304583,,False,4,,2023-06-15T12:20:45.802152+00:00
CUR_CL600,Curitiba,4106902,0,URBS,023,https://moovitapp.com/index/pt-br/transporte_p%C3%BAblico-line-023_INTER_2_ANTI_HOR%C3%81RIO-Curitiba-942-9628-398189-0,-1.0,-25.381673,-49.185601,,False,4,,2023-06-15T12:23:45.802152+00:00
CUR_BL603,Curitiba,4106902,0,URBS,023,https://moovitapp.com/index/pt-br/transporte_p%C3%BAblico-line-023_INTER_2_ANTI_HOR%C3%81RIO-Curitiba-942-9628-398189-0,-1.0,-25.40653,-49.253101,,False,4,,2023-06-15T12:21:45.802152+00:00
CUR_GL600,Curitiba,4106902,0,URBS,023,https://moovitapp.com/index/pt-br/transporte_p%C3%BAblico-line-023_INTER_2_ANTI_HOR%C3%81RIO-Curitiba-942-9628-398189-0,-1.0,-25.548548,-49.291608,,False,4,,2023-06-15T12:24:45.802152+00:00
CUR_BL309,Curitiba,4106902,0,URBS,023,https://moovitapp.com/index/pt-br/transporte_p%C3%BAblico-line-023_INTER_2_ANTI_HOR%C3%81RIO-Curitiba-942-9628-398189-0,-1.0,-25.491453,-49.288336,,False,3,,2023-06-15T12:23:45.802152+00:00
CUR_DR803,Curitiba,4106902,0,URBS,023,https://moovitapp.com/index/pt-br/transporte_p%C3%BAblico-line-023_INTER_2_ANTI_HOR%C3%81RIO-Curitiba-942-9628-398189-0,-1.0,-25.46816,-49.254755,,False,4,,2023-06-15T12:24:45.802152+00:00
CUR_BL323,Curitiba,4106902,0,URBS,023,https://moovitapp.com/index/pt-br/transporte_p%C3%BAblico-line-023_INTER_2_ANTI_HOR%C3%81RIO-Curitiba-942-9628-398189-0,-1.0,-25.414803,-49.280878,,False,3,,2023-06-15T12:16:45.802152+00:00
CUR_EI008,Curitiba,4106902,1,,335,,,-25.467398,-49.255993,,False,1,2,2023-06-15T12:23:45.802152+00:00
CUR_DR408,Curitiba,4106902,1,,335,,,-25.467781,-49.254536,,False,4,1,2023-06-15T12:23:45.802152+00:00
CUR_BA026,Curitiba,4106902,1,,924,,,-25.39875,-49.324798,,False,1,2,2023-06-15T12:23:45.802152+00:00
CUR_MA011,Curitiba,4106902,1,,924,,,-25.400578,-49.330905,,False,1,2,2023-06-15T12:21:45.802152+00:00
CUR_MI004,Curitiba,4106902,1,,924,,,-25.419665,-49.294225,,False,1,2,2023-06-15T12:23:45.802152+00:00
CUR_MI003,Curitiba,4106902,1,,924,,,-25.419155,-49.294735,,False,1,1,2023-06-15T12:24:45.802152+00:00
CUR_BI023,Curitiba,4106902,1,,924,,,-25.37647,-49.224836,,False,1,1,2023-06-15T12:20:45.802152+00:00
CUR_BI014,Curitiba,4106902,1,,924,,,-25.394895,-49.242695,,False,1,2,2023-06-15T12:16:45.802152+00:00
CUR_BI021,Curitiba,4106902,1,,924,,,-25.395195,-49.242898,,False,1,1,2023-06-15T12:16:45.802152+00:00
CUR_GI046,Curitiba,4106902,1,,637,,,-25.548566,-49.292341,,False,1,2,2023-06-15T12:23:45.802152+00:00
CUR_MC080,Curitiba,4106902,1,,917,,,-25.419455,-49.294415,,False,1,1,2023-06-15T12:23:45.802152+00:00
CUR_EB608,Curitiba,4106902,1,,050,,,-25.468615,-49.254563,,False,4,2,2023-06-15T12:23:45.802152+00:00
CUR_GB611,Curitiba,4106902,1,,050,,,-25.549171,-49.291338,,False,4,1,2023-06-15T12:23:45.802152+00:00
CUR_JB611,Curitiba,4106902,1,,050,,,-25.448755,-49.366665,,False,4,2,2023-06-15T12:24:45.802152+00:00
CUR_GB608,Curitiba,4106902,1,,050,,,-25.549278,-49.291265,,False,4,1,2023-06-15T12:23:45.802152+00:00
CUR_JB604,Curitiba,4106902,1,,050,,,-25.448628,-49.366345,,False,4,2,2023-06-15T12:23:45.802152+00:00
CUR_KB600,Curitiba,4106902,1,,050,,,-25.467423,-49.254775,,False,4,1,2023-06-15T12:24:45.802152+00:00
CUR_EB604,Curitiba,4106902,1,,050,,,-25.468473,-49.25513,,False,4,1,2023-06-15T12:23:45.802152+00:00
CUR_JC315,Curitiba,4106902,1,,701,,,-25.449351,-49.366698,,False,3,2,2023-06-15T12:24:45.802152+00:00
CUR_JI301,Curitiba,4106902,1,,701,,,-25.449115,-49.365831,,False,3,2,2023-06-15T12:23:45.802152+00:00
CUR_JC304,Curitiba,4106902,1,,701,,,-25.449361,-49.366928,,False,3,1,2023-06-15T12:24:45.802152+00:00
CUR_JC311,Curitiba,4106902,1,,701,,,-25.449351,-49.366718,,False,3,1,2023-06-15T12:24:45.802152+00:00
CUR_DC085,Curitiba,4106902,1,,338,,,-25.468051,-49.255298,,False,1,1,2023-06-15T12:23:45.802152+00:00
CUR_DA013,Curitiba,4106902,1,,338,,,-25.467778,-49.255445,,False,1,2,2023-06-15T12:24:45.802152+00:00
CUR_DC088,Curitiba,4106902,1,,338,,,-25.441408,-49.236175,,False,1,1,2023-06-15T12:24:45.802152+00:00
CUR_DC084,Curitiba,4106902,0,,338,,,-25.468063,-49.255228,,False,1,2,2023-06-15T12:24:45.802152+00:00
CUR_DA023,Curitiba,4106902,1,,338,,,-25.467991,-49.25524,,False,1,2,2023-06-15T12:24:45.802152+00:00
CUR_MI856,Curitiba,4106902,1,,913,,,-25.419828,-49.293971,,False,7,1,2023-06-15T12:23:45.802152+00:00
CUR_BI024,Curitiba,4106902,1,,242,,,-25.37776,-49.262488,,False,1,1,2023-06-15T12:20:45.802152+00:00
CUR_BI020,Curitiba,4106902,1,,242,,,-25.395001,-49.242666,,False,1,2,2023-06-15T12:16:45.802152+00:00
CUR_DA011,Curitiba,4106902,1,,322,,,-25.468086,-49.255193,,False,1,1,2023-06-15T12:24:45.802152+00:00
CUR_JI604,Curitiba,4106902,1,,703,,,-25.449243,-49.365656,,False,4,1,2023-06-15T12:23:45.802152+00:00
CUR_JC305,Curitiba,4106902,1,,703,,,-25.449361,-49.366745,,False,3,2,2023-06-15T12:24:45.802152+00:00
CUR_JI603,Curitiba,4106902,1,,703,,,-25.449271,-49.365593,,False,4,2,2023-06-15T12:23:45.802152+00:00
CUR_JC310,Curitiba,4106902,1,,703,,,-25.436331,-49.273778,,False,3,1,2023-06-15T12:24:45.802152+00:00
CUR_JC308,Curitiba,4106902,1,,703,,,-25.449453,-49.367173,,False,3,1,2023-06-15T12:23:45.802152+00:00
CUR_GI051,Curitiba,4106902,1,,542,,,-25.548401,-49.292366,,False,1,,2023-06-15T12:24:45.802152+00:00
CUR_GI035,Curitiba,4106902,1,,542,,,-25.548918,-49.292283,,False,1,,2023-06-15T12:23:45.802152+00:00
CUR_DA296,Curitiba,4106902,1,,332,,,-25.467761,-49.255488,,False,1,,2023-06-15T12:24:45.802152+00:00
CUR_DA293,Curitiba,4106902,1,,323,,,-25.467935,-49.255353,,False,1,,2023-06-15T12:23:45.802152+00:00
CUR_BA030,Curitiba,4106902,1,,226,,,-25.393345,-49.240783,,False,1,1,2023-06-15T12:22:45.802152+00:00
CUR_HI024,Curitiba,4106902,1,,659,,,-25.603386,-49.325991,,False,1,1,2023-06-15T12:22:45.802152+00:00
CUR_HA013,Curitiba,4106902,1,,659,,,-25.550935,-49.304645,,False,1,1,2023-06-15T12:20:45.802152+00:00
CUR_HA612,Curitiba,4106902,1,,650,,,-25.550238,-49.326745,,False,4,1,2023-06-15T12:22:45.802152+00:00
CUR_HI610,Curitiba,4106902,1,,650,,,-25.555381,-49.304363,,False,4,1,2023-06-15T12:23:45.802152+00:00
CUR_HI016,Curitiba,4106902,1,,650,,,-25.519945,-49.295595,,False,1,1,2023-06-15T12:23:45.802152+00:00
CUR_HI018,Curitiba,4106902,1,,650,,,-25.568955,-49.33227,,False,1,2,2023-06-15T12:22:45.802152+00:00
CUR_HI025,Curitiba,4106902,1,,655,,,-25.565775,-49.326176,,False,1,1,2023-06-15T12:22:45.802152+00:00
CUR_HI037,Curitiba,4106902,1,,655,,,-25.566266,-49.32412,,False,1,1,2023-06-15T12:21:45.802152+00:00
CUR_HI023,Curitiba,4106902,1,,619,,,-25.567283,-49.339173,,False,1,2,2023-06-15T12:23:45.802152+00:00
CUR_HI608,Curitiba,4106902,1,,619,,,-25.54851,-49.324511,,False,4,1,2023-06-15T12:22:45.802152+00:00
CUR_HA619,Curitiba,4106902,1,,685,,,-25.595895,-49.346828,,False,4,1,2023-06-15T12:13:45.802152+00:00
CUR_HA615,Curitiba,4106902,1,,685,,,-25.543986,-49.31558,,False,4,2,2023-06-15T12:18:45.802152+00:00
CUR_HA600,Curitiba,4106902,1,,685,,,-25.51989,-49.327286,,False,4,1,2023-06-15T12:23:45.802152+00:00
CUR_HI030,Curitiba,4106902,1,,773,,,-25.51149,-49.326823,,False,1,1,2023-06-15T12:22:45.802152+00:00
CUR_HL315,Curitiba,4106902,0,URBS,508,https://moovitapp.com/index/pt-br/transporte_p%C3%BAblico-line-508_S%C3%8DTIO_CERCADO_ANTI_HOR%C3%81RIO-Curitiba-942-9628-294520-0,-1.0,-25.528183,-49.253108,,False,3,,2023-06-15T12:23:45.802152+00:00
CUR_GL327,Curitiba,4106902,1,URBS,508,https://moovitapp.com/index/pt-br/transporte_p%C3%BAblico-line-508_S%C3%8DTIO_CERCADO_ANTI_HOR%C3%81RIO-Curitiba-942-9628-294520-0,-1.0,-25.549266,-49.29066,,False,3,,2023-06-15T12:23:45.802152+00:00
CUR_GL316,Curitiba,4106902,0,URBS,508,https://moovitapp.com/index/pt-br/transporte_p%C3%BAblico-line-508_S%C3%8DTIO_CERCADO_ANTI_HOR%C3%81RIO-Curitiba-942-9628-294520-0,-1.0,-25.548821,-49.290775,,False,3,,2023-06-15T12:24:45.802152+00:00
CUR_GL329,Curitiba,4106902,1,URBS,508,https://moovitapp.com/index/pt-br/transporte_p%C3%BAblico-line-508_S%C3%8DTIO_CERCADO_ANTI_HOR%C3%81RIO-Curitiba-942-9628-294520-0,-1.0,-25.549351,-49.290618,,False,3,,2023-06-15T12:24:45.802152+00:00
CUR_GL311,Curitiba,4106902,0,URBS,508,https://moovitapp.com/index/pt-br/transporte_p%C3%BAblico-line-508_S%C3%8DTIO_CERCADO_ANTI_HOR%C3%81RIO-Curitiba-942-9628-294520-0,-1.0,-25.54874,-49.290825,,False,3,,2023-06-15T12:23:45.802152+00:00
CUR_GL328,Curitiba,4106902,1,URBS,508,https://moovitapp.com/index/pt-br/transporte_p%C3%BAblico-line-508_S%C3%8DTIO_CERCADO_ANTI_HOR%C3%81RIO-Curitiba-942-9628-294520-0,-1.0,-25.549303,-49.290546,,False,3,,2023-06-15T12:24:45.802152+00:00
CUR_HI011,Curitiba,4106902,1,,652,,,-25.515171,-49.328333,,False,1,2,2023-06-15T12:23:45.802152+00:00
CUR_HI010,Curitiba,4106902,1,,652,,,-25.531896,-49.334796,,False,1,1,2023-06-15T12:23:45.802152+00:00
CUR_BL310,Curitiba,4106902,0,URBS,700,https://moovitapp.com/index/pt-br/transporte_p%C3%BAblico-line-700_PINHEIRINHO_CABRAL-Curitiba-942-9628-757429-0,-1.0,-25.406215,-49.251981,,False,3,1,2023-06-15T12:23:45.802152+00:00
CUR_HL498,Curitiba,4106902,1,URBS,700,https://moovitapp.com/index/pt-br/transporte_p%C3%BAblico-line-700_PINHEIRINHO_CABRAL-Curitiba-942-9628-757429-0,-1.0,-25.449643,-49.284141,,False,3,1,2023-06-15T12:22:45.802152+00:00
CUR_BL305,Curitiba,4106902,0,URBS,700,https://moovitapp.com/index/pt-br/transporte_p%C3%BAblico-line-700_PINHEIRINHO_CABRAL-Curitiba-942-9628-757429-0,-1.0,-25.505065,-49.297431,,False,3,1,2023-06-15T12:20:45.802152+00:00
CUR_BL313,Curitiba,4106902,0,URBS,700,https://moovitapp.com/index/pt-br/transporte_p%C3%BAblico-line-700_PINHEIRINHO_CABRAL-Curitiba-942-9628-757429-0,-1.0,-25.42328,-49.26827,,False,3,2,2023-06-15T12:23:45.802152+00:00
CUR_HL495,Curitiba,4106902,1,URBS,700,https://moovitapp.com/index/pt-br/transporte_p%C3%BAblico-line-700_PINHEIRINHO_CABRAL-Curitiba-942-9628-757429-0,-1.0,-25.47623,-49.292948,,False,3,1,2023-06-15T12:23:45.802152+00:00
CUR_BL306,Curitiba,4106902,0,URBS,700,https://moovitapp.com/index/pt-br/transporte_p%C3%BAblico-line-700_PINHEIRINHO_CABRAL-Curitiba-942-9628-757429-0,-1.0,-25.415223,-49.28112,,False,3,1,2023-06-15T12:16:45.802152+00:00
CUR_BE714,Curitiba,4106902,0,URBS,203,https://moovitapp.com/index/pt-br/transporte_p%C3%BAblico-line-203_SANTA_C%C3%82NDIDA_CAP%C3%83O_RASO-Curitiba-942-9628-1323737-0,-1.0,-25.476508,-49.292623,,False,5,2,2023-06-15T12:22:45.802152+00:00
CUR_BE713,Curitiba,4106902,0,URBS,203,https://moovitapp.com/index/pt-br/transporte_p%C3%BAblico-line-203_SANTA_C%C3%82NDIDA_CAP%C3%83O_RASO-Curitiba-942-9628-1323737-0,-1.0,-25.403646,-49.249971,,False,5,1,2023-06-15T12:23:45.802152+00:00
CUR_HE714,Curitiba,4106902,0,URBS,203,https://moovitapp.com/index/pt-br/transporte_p%C3%BAblico-line-203_SANTA_C%C3%82NDIDA_CAP%C3%83O_RASO-Curitiba-942-9628-1323737-0,-1.0,-25.458263,-49.288881,,False,5,2,2023-06-15T12:23:45.802152+00:00
CUR_BE715,Curitiba,4106902,0,URBS,203,https://moovitapp.com/index/pt-br/transporte_p%C3%BAblico-line-203_SANTA_C%C3%82NDIDA_CAP%C3%83O_RASO-Curitiba-942-9628-1323737-0,-1.0,-25.393475,-49.24049,,False,5,1,2023-06-15T12:22:45.802152+00:00
CUR_BD140,Curitiba,4106902,0,URBS,203,https://moovitapp.com/index/pt-br/transporte_p%C3%BAblico-line-203_SANTA_C%C3%82NDIDA_CAP%C3%83O_RASO-Curitiba-942-9628-1323737-0,-1.0,-25.3777,-49.226,,False,5,1,2023-06-15T12:21:45.802152+00:00
CUR_GE736,Curitiba,4106902,0,URBS,203,https://moovitapp.com/index/pt-br/transporte_p%C3%BAblico-line-203_SANTA_C%C3%82NDIDA_CAP%C3%83O_RASO-Curitiba-942-9628-1323737-0,-1.0,-25.549581,-49.291663,,False,5,2,2023-06-15T12:23:45.802152+00:00
CUR_BE702,Curitiba,4106902,0,URBS,203,https://moovitapp.com/index/pt-br/transporte_p%C3%BAblico-line-203_SANTA_C%C3%82NDIDA_CAP%C3%83O_RASO-Curitiba-942-9628-1323737-0,-1.0,-25.41892,-49.264043,,False,5,2,2023-06-15T12:23:45.802152+00:00
CUR_BE708,Curitiba,4106902,0,URBS,203,https://moovitapp.com/index/pt-br/transporte_p%C3%BAblico-line-203_SANTA_C%C3%82NDIDA_CAP%C3%83O_RASO-Curitiba-942-9628-1323737-0,-1.0,-25.441096,-49.275346,,False,5,1,2023-06-15T12:22:45.802152+00:00
CUR_GE726,Curitiba,4106902,0,URBS,203,https://moovitapp.com/index/pt-br/transporte_p%C3%BAblico-line-203_SANTA_C%C3%82NDIDA_CAP%C3%83O_RASO-Curitiba-942-9628-1323737-0,-1.0,-25.548668,-49.291836,,False,5,2,2023-06-15T12:23:45.802152+00:00
CUR_GE704,Curitiba,4106902,0,URBS,203,https://moovitapp.com/index/pt-br/transporte_p%C3%BAblico-line-203_SANTA_C%C3%82NDIDA_CAP%C3%83O_RASO-Curitiba-942-9628-1323737-0,-1.0,-25.549481,-49.291696,,False,5,2,2023-06-15T12:23:45.802152+00:00
CUR_BE727,Curitiba,4106902,0,URBS,203,https://moovitapp.com/index/pt-br/transporte_p%C3%BAblico-line-203_SANTA_C%C3%82NDIDA_CAP%C3%83O_RASO-Curitiba-942-9628-1323737-0,-1.0,-25.442445,-49.279078,,False,5,1,2023-06-15T12:22:45.802152+00:00
CUR_BE719,Curitiba,4106902,0,URBS,203,https://moovitapp.com/index/pt-br/transporte_p%C3%BAblico-line-203_SANTA_C%C3%82NDIDA_CAP%C3%83O_RASO-Curitiba-942-9628-1323737-0,-1.0,-25.380886,-49.228953,,False,5,1,2023-06-15T12:20:45.802152+00:00
CUR_BE718,Curitiba,4106902,0,URBS,203,https://moovitapp.com/index/pt-br/transporte_p%C3%BAblico-line-203_SANTA_C%C3%82NDIDA_CAP%C3%83O_RASO-Curitiba-942-9628-1323737-0,-1.0,-25.433603,-49.266341,,False,5,1,2023-06-15T12:20:45.802152+00:00
CUR_BE728,Curitiba,4106902,0,URBS,203,https://moovitapp.com/index/pt-br/transporte_p%C3%BAblico-line-203_SANTA_C%C3%82NDIDA_CAP%C3%83O_RASO-Curitiba-942-9628-1323737-0,-1.0,-25.472716,-49.294396,,False,5,2,2023-06-15T12:23:45.802152+00:00
CUR_BD135,Curitiba,4106902,0,URBS,203,https://moovitapp.com/index/pt-br/transporte_p%C3%BAblico-line-203_SANTA_C%C3%82NDIDA_CAP%C3%83O_RASO-Curitiba-942-9628-1323737-0,-1.0,-25.379721,-49.227791,,False,5,1,2023-06-15T12:22:45.802152+00:00
CUR_BE710,Curitiba,4106902,0,URBS,203,https://moovitapp.com/index/pt-br/transporte_p%C3%BAblico-line-203_SANTA_C%C3%82NDIDA_CAP%C3%83O_RASO-Curitiba-942-9628-1323737-0,-1.0,-25.487516,-49.29422,,False,5,1,2023-06-15T12:24:45.802152+00:00
CUR_GD341,Curitiba,4106902,0,URBS,203,https://moovitapp.com/index/pt-br/transporte_p%C3%BAblico-line-203_SANTA_C%C3%82NDIDA_CAP%C3%83O_RASO-Curitiba-942-9628-1323737-0,-1.0,-25.548638,-49.2918,,False,5,1,2023-06-15T12:24:45.802152+00:00
CUR_BE703,Curitiba,4106902,0,URBS,203,https://moovitapp.com/index/pt-br/transporte_p%C3%BAblico-line-203_SANTA_C%C3%82NDIDA_CAP%C3%83O_RASO-Curitiba-942-9628-1323737-0,-1.0,-25.394581,-49.242693,,False,5,1,2023-06-15T12:16:45.802152+00:00
CUR_BD150,Curitiba,4106902,0,URBS,203,https://moovitapp.com/index/pt-br/transporte_p%C3%BAblico-line-203_SANTA_C%C3%82NDIDA_CAP%C3%83O_RASO-Curitiba-942-9628-1323737-0,-1.0,-25.394956,-49.24241,,False,5,1,2023-06-15T12:16:45.802152+00:00
CUR_HI026,Curitiba,4106902,1,,680,,,-25.543588,-49.303248,,False,1,1,2023-06-15T12:19:45.802152+00:00
CUR_HI033,Curitiba,4106902,1,,680,,,-25.557821,-49.306263,,False,1,1,2023-06-15T12:23:45.802152+00:00
CUR_GI855,Curitiba,4106902,1,,662,,,-25.550185,-49.291965,,False,7,2,2023-06-15T12:24:45.802152+00:00
CUR_BI856,Curitiba,4106902,1,Auto Viação São José,212,https://moovitapp.com/index/pt-br/transporte_p%C3%BAblico-line-212_PIT_PRA%C3%87A_DA_JUVENTUDE_SANTA_F%C3%89_CRISTAL-Curitiba-942-857412-73656311-0,-1.0,-25.394505,-49.22939,,False,7,2,2023-06-15T12:23:45.802152+00:00
CUR_BI881,Curitiba,4106902,1,Auto Viação São José,212,https://moovitapp.com/index/pt-br/transporte_p%C3%BAblico-line-212_PIT_PRA%C3%87A_DA_JUVENTUDE_SANTA_F%C3%89_CRISTAL-Curitiba-942-857412-73656311-0,-1.0,-25.393873,-49.242225,,False,7,2,2023-06-15T12:16:45.802152+00:00
CUR_GI011,Curitiba,4106902,1,,636,,,-25.549716,-49.292105,,False,1,2,2023-06-15T12:24:45.802152+00:00
CUR_BI860,Curitiba,4106902,1,,184,,,-25.394228,-49.242195,,False,7,2,2023-06-15T12:16:45.802152+00:00
CUR_BI873,Curitiba,4106902,1,,184,,,-25.385986,-49.2677,,False,7,1,2023-06-15T12:23:45.802152+00:00
CUR_CI001,Curitiba,4106902,1,,222,,,-25.38192,-49.185816,,False,1,2,2023-06-15T12:23:45.802152+00:00
CUR_CI008,Curitiba,4106902,1,,222,,,-25.381866,-49.185796,,False,1,1,2023-06-15T12:24:45.802152+00:00
CUR_BI028,Curitiba,4106902,1,,916,,,-25.400395,-49.331395,,False,1,2,2023-06-15T12:23:45.802152+00:00
CUR_GI007,Curitiba,4106902,1,,547,,,-25.549853,-49.292118,,False,1,1,2023-06-15T12:23:45.802152+00:00
CUR_DC092,Curitiba,4106902,1,,468,,,-25.485083,-49.222173,,False,1,2,2023-06-15T12:23:45.802152+00:00
CUR_EA211,Curitiba,4106902,1,,468,,,-25.433791,-49.270176,,False,1,1,2023-06-15T12:23:45.802152+00:00
CUR_DA301,Curitiba,4106902,1,,468,,,-25.467486,-49.255956,,False,3,1,2023-06-15T12:23:45.802152+00:00
CUR_MN608,Curitiba,4106902,1,,915,,,-25.419838,-49.294,,False,7,2,2023-06-15T12:24:45.802152+00:00
CUR_EA027,Curitiba,4106902,1,,X06,,,-25.468471,-49.255756,,False,1,1,2023-06-15T12:23:45.802152+00:00
CUR_EI001,Curitiba,4106902,1,,561,,,-25.467295,-49.255856,,False,1,2,2023-06-15T12:23:45.802152+00:00
CUR_EI012,Curitiba,4106902,1,,561,,,-25.467198,-49.255623,,False,1,1,2023-06-15T12:24:45.802152+00:00
CUR_JL315,Curitiba,4106902,0,URBS,702,https://moovitapp.com/index/pt-br/transporte_p%C3%BAblico-line-702_CAIU%C3%81_CACHOEIRA-Curitiba-942-9628-133282980-0,-1.0,-25.462245,-49.302403,,False,3,2,2023-06-15T12:24:45.802152+00:00
CUR_JL319,Curitiba,4106902,0,URBS,702,https://moovitapp.com/index/pt-br/transporte_p%C3%BAblico-line-702_CAIU%C3%81_CACHOEIRA-Curitiba-942-9628-133282980-0,-1.0,-25.44878,-49.366111,,False,3,1,2023-06-15T12:23:45.802152+00:00
CUR_JL322,Curitiba,4106902,1,URBS,702,https://moovitapp.com/index/pt-br/transporte_p%C3%BAblico-line-702_CAIU%C3%81_CACHOEIRA-Curitiba-942-9628-133282980-0,-1.0,-25.448753,-49.36594,,False,3,1,2023-06-15T12:23:45.802152+00:00
CUR_JL300,Curitiba,4106902,0,URBS,702,https://moovitapp.com/index/pt-br/transporte_p%C3%BAblico-line-702_CAIU%C3%81_CACHOEIRA-Curitiba-942-9628-133282980-0,-1.0,-25.448683,-49.366073,,False,3,1,2023-06-15T12:24:45.802152+00:00
CUR_JL320,Curitiba,4106902,1,URBS,702,https://moovitapp.com/index/pt-br/transporte_p%C3%BAblico-line-702_CAIU%C3%81_CACHOEIRA-Curitiba-942-9628-133282980-0,-1.0,-25.4486,-49.366163,,False,3,1,2023-06-15T12:23:45.802152+00:00
CUR_JL313,Curitiba,4106902,0,URBS,702,https://moovitapp.com/index/pt-br/transporte_p%C3%BAblico-line-702_CAIU%C3%81_CACHOEIRA-Curitiba-942-9628-133282980-0,-1.0,-25.448756,-49.366013,,False,3,2,2023-06-15T12:23:45.802152+00:00
CUR_BI898,Curitiba,4106902,1,,169,,,-25.389048,-49.289293,,False,7,2,2023-06-15T12:23:45.802152+00:00
CUR_BI853,Curitiba,4106902,1,,169,,,-25.425033,-49.272448,,False,7,1,2023-06-15T12:22:45.802152+00:00
CUR_GI057,Curitiba,4106902,1,,638,,,-25.548188,-49.292175,,False,1,2,2023-06-15T12:23:45.802152+00:00
CUR_GI009,Curitiba,4106902,1,,638,,,-25.549793,-49.292083,,False,1,1,2023-06-15T12:24:45.802152+00:00
CUR_DC983,Curitiba,4106902,1,,462,,,-25.467808,-49.255445,,False,1,1,2023-06-15T12:23:45.802152+00:00
CUR_DC090,Curitiba,4106902,1,,462,,,-25.46826,-49.255396,,False,1,2,2023-06-15T12:23:45.802152+00:00
CUR_ML307,Curitiba,4106902,0,URBS,307,https://moovitapp.com/index/pt-br/transporte_p%C3%BAblico-line-307_BAIRRO_ALTO_SANTA_FELICIDADE-Curitiba-942-9628-1323712-0,-1.0,-25.419385,-49.294366,,False,3,1,2023-06-15T12:23:45.802152+00:00
CUR_BL328,Curitiba,4106902,0,URBS,307,https://moovitapp.com/index/pt-br/transporte_p%C3%BAblico-line-307_BAIRRO_ALTO_SANTA_FELICIDADE-Curitiba-942-9628-1323712-0,-1.0,-25.426401,-49.269411,,False,3,1,2023-06-15T12:23:45.802152+00:00
CUR_CL303,Curitiba,4106902,0,URBS,307,https://moovitapp.com/index/pt-br/transporte_p%C3%BAblico-line-307_BAIRRO_ALTO_SANTA_FELICIDADE-Curitiba-942-9628-1323712-0,-1.0,-25.381165,-49.186206,,False,3,2,2023-06-15T12:24:45.802152+00:00
CUR_BL325,Curitiba,4106902,0,URBS,307,https://moovitapp.com/index/pt-br/transporte_p%C3%BAblico-line-307_BAIRRO_ALTO_SANTA_FELICIDADE-Curitiba-942-9628-1323712-0,-1.0,-25.413241,-49.20579,,False,3,1,2023-06-15T12:20:45.802152+00:00
CUR_CL302,Curitiba,4106902,0,URBS,307,https://moovitapp.com/index/pt-br/transporte_p%C3%BAblico-line-307_BAIRRO_ALTO_SANTA_FELICIDADE-Curitiba-942-9628-1323712-0,-1.0,-25.382155,-49.186151,,False,3,2,2023-06-15T12:23:45.802152+00:00
CUR_ML308,Curitiba,4106902,0,URBS,307,https://moovitapp.com/index/pt-br/transporte_p%C3%BAblico-line-307_BAIRRO_ALTO_SANTA_FELICIDADE-Curitiba-942-9628-1323712-0,-1.0,-25.419115,-49.294728,,False,3,1,2023-06-15T12:23:45.802152+00:00
CUR_CL039,Curitiba,4106902,0,URBS,307,https://moovitapp.com/index/pt-br/transporte_p%C3%BAblico-line-307_BAIRRO_ALTO_SANTA_FELICIDADE-Curitiba-942-9628-1323712-0,-1.0,-25.381196,-49.18611,,False,3,1,2023-06-15T12:24:45.802152+00:00
CUR_CL306,Curitiba,4106902,0,URBS,307,https://moovitapp.com/index/pt-br/transporte_p%C3%BAblico-line-307_BAIRRO_ALTO_SANTA_FELICIDADE-Curitiba-942-9628-1323712-0,-1.0,-25.381085,-49.186183,,False,3,2,2023-06-15T12:24:45.802152+00:00
CUR_ML312,Curitiba,4106902,0,URBS,307,https://moovitapp.com/index/pt-br/transporte_p%C3%BAblico-line-307_BAIRRO_ALTO_SANTA_FELICIDADE-Curitiba-942-9628-1323712-0,-1.0,-25.419051,-49.294658,,False,3,1,2023-06-15T12:24:45.802152+00:00
CUR_GI048,Curitiba,4106902,1,,640,,,-25.548481,-49.292333,,False,1,2,2023-06-15T12:24:45.802152+00:00
CUR_GI024,Curitiba,4106902,1,,640,,,-25.54927,-49.292175,,False,1,1,2023-06-15T12:24:45.802152+00:00
CUR_GI008,Curitiba,4106902,1,,665,,,-25.549795,-49.292075,,False,1,1,2023-06-15T12:24:45.802152+00:00
CUR_GI851,Curitiba,4106902,1,,665,,,-25.532395,-49.297408,,False,7,2,2023-06-15T12:24:45.802152+00:00
CUR_EA074,Curitiba,4106902,1,,512,,,-25.468443,-49.255661,,False,1,1,2023-06-15T12:24:45.802152+00:00
CUR_GI041,Curitiba,4106902,1,,642,,,-25.548668,-49.292288,,False,1,2,2023-06-15T12:23:45.802152+00:00
CUR_DC294,Curitiba,4106902,1,,334,,,-25.467981,-49.255303,,False,1,,2023-06-15T12:24:45.802152+00:00
CUR_GI036,Curitiba,4106902,1,,552,,,-25.54888,-49.292303,,False,1,2,2023-06-15T12:23:45.802152+00:00
CUR_GI042,Curitiba,4106902,1,,552,,,-25.548685,-49.292346,,False,1,1,2023-06-15T12:23:45.802152+00:00
CUR_DN608,Curitiba,4106902,1,,463,,,-25.467971,-49.254405,,False,7,2,2023-06-15T12:24:45.802152+00:00
CUR_DN602,Curitiba,4106902,1,,463,,,-25.467951,-49.254456,,False,7,1,2023-06-15T12:24:45.802152+00:00
CUR_BI867,Curitiba,4106902,1,,237,,,-25.38189,-49.211726,,False,7,,2023-06-15T12:19:45.802152+00:00
CUR_BC305,Curitiba,4106902,1,,205,,,-25.39653,-49.25672,,False,3,2,2023-06-15T12:22:45.802152+00:00
CUR_BC307,Curitiba,4106902,1,,205,,,-25.377953,-49.262401,,False,3,2,2023-06-15T12:19:45.802152+00:00
CUR_BA034,Curitiba,4106902,1,,205,,,-25.417816,-49.265495,,False,1,1,2023-06-15T12:22:45.802152+00:00
CUR_BC311,Curitiba,4106902,1,,205,,,-25.428598,-49.270571,,False,3,1,2023-06-15T12:22:45.802152+00:00
CUR_BC027,Curitiba,4106902,1,,205,,,-25.394261,-49.242245,,False,1,1,2023-06-15T12:16:45.802152+00:00
CUR_BI300,Curitiba,4106902,1,,205,,,-25.395108,-49.242543,,False,3,2,2023-06-15T12:16:45.802152+00:00
CUR_BC032,Curitiba,4106902,1,,171,,,-25.394876,-49.28524,,False,1,1,2023-06-15T12:22:45.802152+00:00
CUR_BI876,Curitiba,4106902,1,,275,,,-25.415491,-49.263636,,False,7,2,2023-06-15T12:23:45.802152+00:00
CUR_BI880,Curitiba,4106902,1,,275,,,-25.380625,-49.250118,,False,7,1,2023-06-15T12:22:45.802152+00:00
CUR_BI890,Curitiba,4106902,1,,275,,,-25.42858,-49.270725,,False,7,1,2023-06-15T12:22:45.802152+00:00
CUR_BI864,Curitiba,4106902,1,,272,,,-25.395116,-49.243156,,False,7,2,2023-06-15T12:16:45.802152+00:00
CUR_BI865,Curitiba,4106902,1,,272,,,-25.371116,-49.24712,,False,7,2,2023-06-15T12:23:45.802152+00:00
CUR_BI885,Curitiba,4106902,1,,272,,,-25.417685,-49.267823,,False,7,1,2023-06-15T12:22:45.802152+00:00
CUR_GI859,Curitiba,4106902,1,,661,,,-25.550066,-49.292006,,False,7,1,2023-06-15T12:24:45.802152+00:00
CUR_HI048,Curitiba,4106902,1,,622,,,-25.494238,-49.315251,,False,1,2,2023-06-15T12:23:45.802152+00:00
CUR_HI020,Curitiba,4106902,1,,617,,,-25.534488,-49.300825,,False,1,1,2023-06-15T12:23:45.802152+00:00
CUR_HI007,Curitiba,4106902,1,,617,,,-25.562106,-49.313155,,False,1,2,2023-06-15T12:18:45.802152+00:00
CUR_HI006,Curitiba,4106902,1,,627,,,-25.51342,-49.330635,,False,1,2,2023-06-15T12:22:45.802152+00:00
CUR_HI017,Curitiba,4106902,1,,627,,,-25.51158,-49.324148,,False,1,1,2023-06-15T12:23:45.802152+00:00
CUR_HI047,Curitiba,4106902,1,,623,,,-25.516346,-49.30437,,False,1,1,2023-06-15T12:20:45.802152+00:00
CUR_HI004,Curitiba,4106902,1,,623,,,-25.495553,-49.298163,,False,1,2,2023-06-15T12:21:45.802152+00:00
CUR_HI850,Curitiba,4106902,1,,265,,,-25.42594,-49.270573,,False,7,1,2023-06-15T12:23:45.802152+00:00
CUR_KE708,Curitiba,4106902,0,URBS,502,https://moovitapp.com/index/pt-br/transporte_p%C3%BAblico-line-502_CIRCULAR_SUL_HOR%C3%81RIO-Curitiba-942-9628-294482-0,-1.0,-25.467193,-49.255416,,False,5,,2023-06-15T12:24:45.802152+00:00
CUR_HE615,Curitiba,4106902,0,URBS,502,https://moovitapp.com/index/pt-br/transporte_p%C3%BAblico-line-502_CIRCULAR_SUL_HOR%C3%81RIO-Curitiba-942-9628-294482-0,-1.0,-25.490818,-49.242768,,False,4,,2023-06-15T12:23:45.802152+00:00
CUR_GE612,Curitiba,4106902,0,URBS,502,https://moovitapp.com/index/pt-br/transporte_p%C3%BAblico-line-502_CIRCULAR_SUL_HOR%C3%81RIO-Curitiba-942-9628-294482-0,-1.0,-25.550396,-49.291766,,False,4,,2023-06-15T12:23:45.802152+00:00
CUR_HE601,Curitiba,4106902,0,URBS,502,https://moovitapp.com/index/pt-br/transporte_p%C3%BAblico-line-502_CIRCULAR_SUL_HOR%C3%81RIO-Curitiba-942-9628-294482-0,-1.0,-25.5162,-49.230408,,False,4,,2023-06-15T12:22:45.802152+00:00
CUR_GE603,Curitiba,4106902,0,URBS,502,https://moovitapp.com/index/pt-br/transporte_p%C3%BAblico-line-502_CIRCULAR_SUL_HOR%C3%81RIO-Curitiba-942-9628-294482-0,-1.0,-25.550091,-49.291745,,False,4,,2023-06-15T12:23:45.802152+00:00
CUR_HE614,Curitiba,4106902,0,URBS,502,https://moovitapp.com/index/pt-br/transporte_p%C3%BAblico-line-502_CIRCULAR_SUL_HOR%C3%81RIO-Curitiba-942-9628-294482-0,-1.0,-25.49441,-49.293841,,False,4,,2023-06-15T12:23:45.802152+00:00
CUR_HE609,Curitiba,4106902,0,URBS,502,https://moovitapp.com/index/pt-br/transporte_p%C3%BAblico-line-502_CIRCULAR_SUL_HOR%C3%81RIO-Curitiba-942-9628-294482-0,-1.0,-25.528001,-49.291348,,False,4,,2023-06-15T12:23:45.802152+00:00
CUR_JA301,Curitiba,4106902,1,,826,,,-25.449281,-49.366211,,False,3,1,2023-06-15T12:23:45.802152+00:00
CUR_HI008,Curitiba,4106902,1,,826,,,-25.483565,-49.350046,,False,1,2,2023-06-15T12:21:45.802152+00:00
CUR_HI013,Curitiba,4106902,1,,826,,,-25.5119,-49.332398,,False,1,2,2023-06-15T12:22:45.802152+00:00
CUR_BI866,Curitiba,4106902,1,Auto Viação São José,214,https://moovitapp.com/index/pt-br/transporte_p%C3%BAblico-line-214_PIT_PRA%C3%87A_DA_JUVENTUDE_CRISTAL_BLANCO_POMBO_ANTI_HOR%C3%81RIO-Curitiba-942-857412-119631273-0,-1.0,-25.39626,-49.232103,,False,7,1,2023-06-15T12:22:45.802152+00:00
CUR_BI875,Curitiba,4106902,1,Auto Viação São José,214,https://moovitapp.com/index/pt-br/transporte_p%C3%BAblico-line-214_PIT_PRA%C3%87A_DA_JUVENTUDE_CRISTAL_BLANCO_POMBO_ANTI_HOR%C3%81RIO-Curitiba-942-857412-119631273-0,-1.0,-25.394485,-49.242501,,False,7,1,2023-06-15T12:16:45.802152+00:00
CUR_GI043,Curitiba,4106902,1,,624,,,-25.548658,-49.292336,,False,1,2,2023-06-15T12:23:45.802152+00:00
CUR_BC001,Curitiba,4106902,1,,207,,,-25.407031,-49.276148,,False,1,1,2023-06-15T12:22:45.802152+00:00
CUR_BC324,Curitiba,4106902,1,,207,,,-25.40515,-49.271043,,False,3,2,2023-06-15T12:22:45.802152+00:00
CUR_BC323,Curitiba,4106902,1,,207,,,-25.428665,-49.271176,,False,3,1,2023-06-15T12:22:45.802152+00:00
CUR_BC308,Curitiba,4106902,1,,207,,,-25.394458,-49.242055,,False,3,1,2023-06-15T12:16:45.802152+00:00
CUR_HB610,Curitiba,4106902,1,,040,,,-25.441663,-49.346056,,False,4,1,2023-06-15T12:22:45.802152+00:00
CUR_GB610,Curitiba,4106902,1,,040,,,-25.549298,-49.290893,,False,4,2,2023-06-15T12:22:45.802152+00:00
CUR_GB604,Curitiba,4106902,1,,040,,,-25.549451,-49.291208,,False,4,2,2023-06-15T12:23:45.802152+00:00
CUR_JB609,Curitiba,4106902,1,,040,,,-25.44849,-49.366203,,False,4,1,2023-06-15T12:24:45.802152+00:00
CUR_JB610,Curitiba,4106902,1,,040,,,-25.449101,-49.367201,,False,4,1,2023-06-15T12:23:45.802152+00:00
CUR_HB602,Curitiba,4106902,1,,040,,,-25.496981,-49.325703,,False,4,1,2023-06-15T12:23:45.802152+00:00
CUR_JB699,Curitiba,4106902,1,,040,,,-25.449256,-49.365835,,False,4,1,2023-06-15T12:24:45.802152+00:00
CUR_MR106,Curitiba,4106902,1,,040,,,-25.418975,-49.294503,,False,4,1,2023-06-15T12:23:45.802152+00:00
CUR_HB604,Curitiba,4106902,1,,040,,,-25.491155,-49.322423,,False,4,1,2023-06-15T12:23:45.802152+00:00
CUR_HI606,Curitiba,4106902,1,,040,,,-25.511795,-49.295241,,False,4,1,2023-06-15T12:23:45.802152+00:00
CUR_BL605,Curitiba,4106902,0,URBS,022,https://moovitapp.com/index/pt-br/transporte_p%C3%BAblico-line-022_INTER_2_HOR%C3%81RIO-Curitiba-942-9628-381388-0,-1.0,-25.483336,-49.247928,,False,4,,2023-06-15T12:18:45.802152+00:00
CUR_BL607,Curitiba,4106902,0,URBS,022,https://moovitapp.com/index/pt-br/transporte_p%C3%BAblico-line-022_INTER_2_HOR%C3%81RIO-Curitiba-942-9628-381388-0,-1.0,-25.416975,-49.276891,,False,4,,2023-06-15T12:23:45.802152+00:00
CUR_BL336,Curitiba,4106902,0,URBS,022,https://moovitapp.com/index/pt-br/transporte_p%C3%BAblico-line-022_INTER_2_HOR%C3%81RIO-Curitiba-942-9628-381388-0,-1.0,-25.477486,-49.242301,,False,3,,2023-06-15T12:23:45.802152+00:00
CUR_BL602,Curitiba,4106902,0,URBS,022,https://moovitapp.com/index/pt-br/transporte_p%C3%BAblico-line-022_INTER_2_HOR%C3%81RIO-Curitiba-942-9628-381388-0,-1.0,-25.418015,-49.272045,,False,4,,2023-06-15T12:22:45.802152+00:00
CUR_CL698,Curitiba,4106902,0,URBS,022,https://moovitapp.com/index/pt-br/transporte_p%C3%BAblico-line-022_INTER_2_HOR%C3%81RIO-Curitiba-942-9628-381388-0,-1.0,-25.380716,-49.18602,,False,4,,2023-06-15T12:24:45.802152+00:00
CUR_JL603,Curitiba,4106902,0,URBS,022,https://moovitapp.com/index/pt-br/transporte_p%C3%BAblico-line-022_INTER_2_HOR%C3%81RIO-Curitiba-942-9628-381388-0,-1.0,-25.449263,-49.367098,,False,4,,2023-06-15T12:23:45.802152+00:00
CUR_CL601,Curitiba,4106902,0,URBS,022,https://moovitapp.com/index/pt-br/transporte_p%C3%BAblico-line-022_INTER_2_HOR%C3%81RIO-Curitiba-942-9628-381388-0,-1.0,-25.381611,-49.18555,,False,4,,2023-06-15T12:24:45.802152+00:00
CUR_HL322,Curitiba,4106902,0,URBS,022,https://moovitapp.com/index/pt-br/transporte_p%C3%BAblico-line-022_INTER_2_HOR%C3%81RIO-Curitiba-942-9628-381388-0,-1.0,-25.461278,-49.294213,,False,3,,2023-06-15T12:23:45.802152+00:00
CUR_BL611,Curitiba,4106902,0,URBS,022,https://moovitapp.com/index/pt-br/transporte_p%C3%BAblico-line-022_INTER_2_HOR%C3%81RIO-Curitiba-942-9628-381388-0,-1.0,-25.436263,-49.305565,,False,4,,2023-06-15T12:18:45.802152+00:00
CUR_CL602,Curitiba,4106902,0,URBS,022,https://moovitapp.com/index/pt-br/transporte_p%C3%BAblico-line-022_INTER_2_HOR%C3%81RIO-Curitiba-942-9628-381388-0,-1.0,-25.477386,-49.292205,,False,4,,2023-06-15T12:24:45.802152+00:00
CUR_BL318,Curitiba,4106902,0,URBS,022,https://moovitapp.com/index/pt-br/transporte_p%C3%BAblico-line-022_INTER_2_HOR%C3%81RIO-Curitiba-942-9628-381388-0,-1.0,-25.415296,-49.280875,,False,3,,2023-06-15T12:16:45.802152+00:00
CUR_BL334,Curitiba,4106902,0,URBS,022,https://moovitapp.com/index/pt-br/transporte_p%C3%BAblico-line-022_INTER_2_HOR%C3%81RIO-Curitiba-942-9628-381388-0,-1.0,-25.415265,-49.281265,,False,3,,2023-06-15T12:16:45.802152+00:00
CUR_BL329,Curitiba,4106902,0,URBS,022,https://moovitapp.com/index/pt-br/transporte_p%C3%BAblico-line-022_INTER_2_HOR%C3%81RIO-Curitiba-942-9628-381388-0,-1.0,-25.415225,-49.281236,,False,3,,2023-06-15T12:16:45.802152+00:00
CUR_BL600,Curitiba,4106902,0,URBS,022,https://moovitapp.com/index/pt-br/transporte_p%C3%BAblico-line-022_INTER_2_HOR%C3%81RIO-Curitiba-942-9628-381388-0,-1.0,-25.414768,-49.280848,,False,4,,2023-06-15T12:16:45.802152+00:00
CUR_HI022,Curitiba,4106902,1,,772,,,-25.553428,-49.305716,,False,1,1,2023-06-15T12:22:45.802152+00:00
CUR_HI002,Curitiba,4106902,1,,772,,,-25.542758,-49.302816,,False,1,1,2023-06-15T12:23:45.802152+00:00
CUR_HA616,Curitiba,4106902,1,,772,,,-25.62438,-49.369973,,False,4,2,2023-06-15T12:19:45.802152+00:00
CUR_BI030,Curitiba,4106902,1,,812,,,-25.435698,-49.31358,,False,1,1,2023-06-15T12:23:45.802152+00:00
CUR_BI026,Curitiba,4106902,1,,812,,,-25.413316,-49.355275,,False,1,2,2023-06-15T12:21:45.802152+00:00
CUR_BC026,Curitiba,4106902,1,,812,,,-25.414335,-49.281016,,False,1,1,2023-06-15T12:16:45.802152+00:00
CUR_BC004,Curitiba,4106902,1,,812,,,-25.415468,-49.281178,,False,1,1,2023-06-15T12:16:45.802152+00:00
CUR_MC079,Curitiba,4106902,1,,972,,,-25.419418,-49.294106,,False,1,1,2023-06-15T12:23:45.802152+00:00
CUR_MC077,Curitiba,4106902,1,,972,,,-25.419168,-49.294718,,False,1,2,2023-06-15T12:23:45.802152+00:00
CUR_EA021,Curitiba,4106902,1,,521,,,-25.468381,-49.255821,,False,1,1,2023-06-15T12:23:45.802152+00:00
CUR_EI018,Curitiba,4106902,1,,663,,,-25.467373,-49.25597,,False,1,1,2023-06-15T12:23:45.802152+00:00
CUR_EI013,Curitiba,4106902,1,,663,,,-25.467138,-49.255478,,False,1,2,2023-06-15T12:23:45.802152+00:00
CUR_EI017,Curitiba,4106902,1,,475,,,-25.467268,-49.255773,,False,1,1,2023-06-15T12:23:45.802152+00:00
CUR_EI020,Curitiba,4106902,1,,475,,,-25.46728,-49.2558,,False,1,1,2023-06-15T12:24:45.802152+00:00
CUR_BI022,Curitiba,4106902,1,,225,,,-25.392178,-49.243146,,False,1,2,2023-06-15T12:20:45.802152+00:00
CUR_BA035,Curitiba,4106902,1,,225,,,-25.374623,-49.26084,,False,1,2,2023-06-15T12:16:45.802152+00:00
CUR_BB307,Curitiba,4106902,1,,011,,,-25.416371,-49.269066,,False,10,,2023-06-15T12:19:45.802152+00:00
CUR_BB305,Curitiba,4106902,1,,011,,,-25.442195,-49.28727,,False,10,,2023-06-15T12:23:45.802152+00:00
CUR_BB308,Curitiba,4106902,1,,011,,,-25.433571,-49.256066,,False,10,,2023-06-15T12:23:45.802152+00:00
CUR_BI871,Curitiba,4106902,1,,280,,,-25.388381,-49.243556,,False,7,2,2023-06-15T12:23:45.802152+00:00
CUR_BI878,Curitiba,4106902,1,,280,,,-25.406316,-49.255298,,False,7,1,2023-06-15T12:23:45.802152+00:00
CUR_BI006,Curitiba,4106902,1,,374,,,-25.395011,-49.243041,,False,1,1,2023-06-15T12:16:45.802152+00:00
CUR_BI007,Curitiba,4106902,1,,374,,,-25.417588,-49.24584,,False,1,2,2023-06-15T12:23:45.802152+00:00
CUR_BI005,Curitiba,4106902,1,,374,,,-25.419458,-49.259731,,False,1,1,2023-06-15T12:20:45.802152+00:00
CUR_BC020,Curitiba,4106902,1,,870,,,-25.431483,-49.315478,,False,1,1,2023-06-15T12:19:45.802152+00:00
CUR_BC008,Curitiba,4106902,1,,870,,,-25.416898,-49.358766,,False,1,2,2023-06-15T12:20:45.802152+00:00
CUR_BC009,Curitiba,4106902,1,,870,,,-25.426258,-49.28575,,False,1,2,2023-06-15T12:23:45.802152+00:00
CUR_GI028,Curitiba,4106902,1,,534,,,-25.549243,-49.292036,,False,1,2,2023-06-15T12:21:45.802152+00:00
CUR_GI025,Curitiba,4106902,1,,534,,,-25.549251,-49.292155,,False,1,1,2023-06-15T12:24:45.802152+00:00
CUR_DN400,Curitiba,4106902,1,,477,,,-25.467988,-49.254438,,False,7,2,2023-06-15T12:24:45.802152+00:00
CUR_DC850,Curitiba,4106902,1,,477,,,-25.482083,-49.219688,,False,7,1,2023-06-15T12:23:45.802152+00:00
CUR_EI016,Curitiba,4106902,1,,532,,,-25.467481,-49.25607,,False,1,1,2023-06-15T12:24:45.802152+00:00
CUR_JI864,Curitiba,4106902,1,,760,,,-25.448716,-49.366678,,False,7,1,2023-06-15T12:23:45.802152+00:00
CUR_JI853,Curitiba,4106902,1,,825,,,-25.448721,-49.366726,,False,7,1,2023-06-15T12:23:45.802152+00:00
CUR_DE722,Curitiba,4106902,0,URBS,303,https://moovitapp.com/index/pt-br/transporte_p%C3%BAblico-line-303_CENTEN%C3%81RIO_CAMPO_COMPRIDO-Curitiba-942-9628-531689-0,-1.0,-25.469195,-49.254536,,False,5,2,2023-06-15T12:24:45.802152+00:00
CUR_DE705,Curitiba,4106902,0,URBS,303,https://moovitapp.com/index/pt-br/transporte_p%C3%BAblico-line-303_CENTEN%C3%81RIO_CAMPO_COMPRIDO-Curitiba-942-9628-531689-0,-1.0,-25.467776,-49.255288,,False,5,1,2023-06-15T12:24:45.802152+00:00
CUR_DE711,Curitiba,4106902,0,URBS,303,https://moovitapp.com/index/pt-br/transporte_p%C3%BAblico-line-303_CENTEN%C3%81RIO_CAMPO_COMPRIDO-Curitiba-942-9628-531689-0,-1.0,-25.468061,-49.255015,,False,5,2,2023-06-15T12:23:45.802152+00:00
CUR_JE707,Curitiba,4106902,0,URBS,303,https://moovitapp.com/index/pt-br/transporte_p%C3%BAblico-line-303_CENTEN%C3%81RIO_CAMPO_COMPRIDO-Curitiba-942-9628-531689-0,-1.0,-25.448995,-49.366501,,False,5,1,2023-06-15T12:24:45.802152+00:00
CUR_XY042,Curitiba,4106902,0,URBS,303,https://moovitapp.com/index/pt-br/transporte_p%C3%BAblico-line-303_CENTEN%C3%81RIO_CAMPO_COMPRIDO-Curitiba-942-9628-531689-0,-1.0,-25.441865,-49.23235,,False,4,2,2023-06-15T12:21:45.802152+00:00
CUR_DE703,Curitiba,4106902,0,URBS,303,https://moovitapp.com/index/pt-br/transporte_p%C3%BAblico-line-303_CENTEN%C3%81RIO_CAMPO_COMPRIDO-Curitiba-942-9628-531689-0,-1.0,-25.46806,-49.255051,,False,5,1,2023-06-15T12:24:45.802152+00:00
CUR_JE702,Curitiba,4106902,0,URBS,303,https://moovitapp.com/index/pt-br/transporte_p%C3%BAblico-line-303_CENTEN%C3%81RIO_CAMPO_COMPRIDO-Curitiba-942-9628-531689-0,-1.0,-25.449041,-49.366733,,False,5,1,2023-06-15T12:23:45.802152+00:00
CUR_DE719,Curitiba,4106902,0,URBS,303,https://moovitapp.com/index/pt-br/transporte_p%C3%BAblico-line-303_CENTEN%C3%81RIO_CAMPO_COMPRIDO-Curitiba-942-9628-531689-0,-1.0,-25.468266,-49.255231,,False,5,2,2023-06-15T12:24:45.802152+00:00
CUR_DE700,Curitiba,4106902,0,URBS,303,https://moovitapp.com/index/pt-br/transporte_p%C3%BAblico-line-303_CENTEN%C3%81RIO_CAMPO_COMPRIDO-Curitiba-942-9628-531689-0,-1.0,-25.468973,-49.254673,,False,5,2,2023-06-15T12:24:45.802152+00:00
CUR_JE709,Curitiba,4106902,0,URBS,303,https://moovitapp.com/index/pt-br/transporte_p%C3%BAblico-line-303_CENTEN%C3%81RIO_CAMPO_COMPRIDO-Curitiba-942-9628-531689-0,-1.0,-25.449016,-49.366638,,False,5,1,2023-06-15T12:24:45.802152+00:00
CUR_JE708,Curitiba,4106902,0,URBS,303,https://moovitapp.com/index/pt-br/transporte_p%C3%BAblico-line-303_CENTEN%C3%81RIO_CAMPO_COMPRIDO-Curitiba-942-9628-531689-0,-1.0,-25.46899,-49.208065,,False,5,2,2023-06-15T12:21:45.802152+00:00
CUR_DE708,Curitiba,4106902,0,URBS,303,https://moovitapp.com/index/pt-br/transporte_p%C3%BAblico-line-303_CENTEN%C3%81RIO_CAMPO_COMPRIDO-Curitiba-942-9628-531689-0,-1.0,-25.468026,-49.255046,,False,5,1,2023-06-15T12:24:45.802152+00:00
CUR_DE715,Curitiba,4106902,0,URBS,303,https://moovitapp.com/index/pt-br/transporte_p%C3%BAblico-line-303_CENTEN%C3%81RIO_CAMPO_COMPRIDO-Curitiba-942-9628-531689-0,-1.0,-25.46775,-49.255303,,False,5,1,2023-06-15T12:24:45.802152+00:00
CUR_JE705,Curitiba,4106902,0,URBS,303,https://moovitapp.com/index/pt-br/transporte_p%C3%BAblico-line-303_CENTEN%C3%81RIO_CAMPO_COMPRIDO-Curitiba-942-9628-531689-0,-1.0,-25.448883,-49.365443,,False,5,2,2023-06-15T12:24:45.802152+00:00
CUR_JE706,Curitiba,4106902,0,URBS,303,https://moovitapp.com/index/pt-br/transporte_p%C3%BAblico-line-303_CENTEN%C3%81RIO_CAMPO_COMPRIDO-Curitiba-942-9628-531689-0,-1.0,-25.44901,-49.36653,,False,5,2,2023-06-15T12:24:45.802152+00:00
CUR_DE706,Curitiba,4106902,0,URBS,303,https://moovitapp.com/index/pt-br/transporte_p%C3%BAblico-line-303_CENTEN%C3%81RIO_CAMPO_COMPRIDO-Curitiba-942-9628-531689-0,-1.0,-25.467961,-49.255115,,False,5,1,2023-06-15T12:23:45.802152+00:00
CUR_JE710,Curitiba,4106902,0,URBS,303,https://moovitapp.com/index/pt-br/transporte_p%C3%BAblico-line-303_CENTEN%C3%81RIO_CAMPO_COMPRIDO-Curitiba-942-9628-531689-0,-1.0,-25.449021,-49.366608,,False,5,2,2023-06-15T12:23:45.802152+00:00
CUR_EI010,Curitiba,4106902,1,Auto Viação São José,515,https://moovitapp.com/index/pt-br/transporte_p%C3%BAblico-line-515_%E2%9C%88_AEROPORTO_1_SHOPPING_S%C3%83O_JOS%C3%89-Curitiba-942-857412-67925719-0,-1.0,-25.467421,-49.256036,,False,1,1,2023-06-15T12:24:45.802152+00:00
CUR_EI009,Curitiba,4106902,1,Auto Viação São José,515,https://moovitapp.com/index/pt-br/transporte_p%C3%BAblico-line-515_%E2%9C%88_AEROPORTO_1_SHOPPING_S%C3%83O_JOS%C3%89-Curitiba-942-857412-67925719-0,-1.0,-25.467113,-49.255531,,False,1,2,2023-06-15T12:24:45.802152+00:00
CUR_EI003,Curitiba,4106902,1,Auto Viação São José,515,https://moovitapp.com/index/pt-br/transporte_p%C3%BAblico-line-515_%E2%9C%88_AEROPORTO_1_SHOPPING_S%C3%83O_JOS%C3%89-Curitiba-942-857412-67925719-0,-1.0,-25.467115,-49.255505,,False,1,2,2023-06-15T12:23:45.802152+00:00
CUR_KI601,Curitiba,4106902,1,,629,,,-25.467383,-49.254811,,False,4,2,2023-06-15T12:24:45.802152+00:00
CUR_KI600,Curitiba,4106902,1,,629,,,-25.467468,-49.254763,,False,4,2,2023-06-15T12:23:45.802152+00:00
CUR_KA605,Curitiba,4106902,1,,629,,,-25.496225,-49.27425,,False,4,1,2023-06-15T12:24:45.802152+00:00
CUR_BB614,Curitiba,4106902,1,,021,,,-25.408793,-49.24972,,False,4,,2023-06-15T12:23:45.802152+00:00
CUR_EB600,Curitiba,4106902,1,,021,,,-25.46859,-49.254566,,False,4,,2023-06-15T12:23:45.802152+00:00
CUR_XY043,Curitiba,4106902,0,,021,,,-25.390255,-49.260085,,False,3,,2023-06-15T12:22:45.802152+00:00
CUR_GB601,Curitiba,4106902,1,,021,,,-25.549573,-49.291113,,False,4,,2023-06-15T12:24:45.802152+00:00
CUR_BB610,Curitiba,4106902,1,,021,,,-25.436076,-49.307866,,False,4,,2023-06-15T12:18:45.802152+00:00
CUR_CB604,Curitiba,4106902,1,,021,,,-25.380953,-49.186183,,False,4,,2023-06-15T12:23:45.802152+00:00
CUR_BB615,Curitiba,4106902,1,,021,,,-25.398788,-49.21307,,False,4,,2023-06-15T12:16:45.802152+00:00
CUR_BI859,Curitiba,4106902,1,,175,,,-25.419991,-49.275623,,False,7,2,2023-06-15T12:23:45.802152+00:00
CUR_BI851,Curitiba,4106902,1,,175,,,-25.414495,-49.280523,,False,7,1,2023-06-15T12:19:45.802152+00:00
CUR_BI855,Curitiba,4106902,1,,175,,,-25.415116,-49.280516,,False,7,1,2023-06-15T12:16:45.802152+00:00
CUR_BA024,Curitiba,4106902,1,,342,,,-25.389061,-49.20412,,False,1,1,2023-06-15T12:23:45.802152+00:00
CUR_BI012,Curitiba,4106902,1,,342,,,-25.3882,-49.210578,,False,1,2,2023-06-15T12:22:45.802152+00:00
CUR_BA039,Curitiba,4106902,1,,342,,,-25.394821,-49.242491,,False,1,1,2023-06-15T12:16:45.802152+00:00
CUR_BC006,Curitiba,4106902,1,,168,,,-25.377305,-49.316931,,False,1,2,2023-06-15T12:23:45.802152+00:00
CUR_BC007,Curitiba,4106902,1,,168,,,-25.419065,-49.288546,,False,1,1,2023-06-15T12:23:45.802152+00:00
CUR_GI037,Curitiba,4106902,1,,643,,,-25.548858,-49.292248,,False,1,2,2023-06-15T12:21:45.802152+00:00
CUR_GI033,Curitiba,4106902,1,,643,,,-25.548946,-49.292195,,False,1,1,2023-06-15T12:24:45.802152+00:00
CUR_BB602,Curitiba,4106902,1,,030,,,-25.452621,-49.214691,,False,4,1,2023-06-15T12:22:45.802152+00:00
CUR_GB606,Curitiba,4106902,1,,030,,,-25.549221,-49.29075,,False,4,1,2023-06-15T12:24:45.802152+00:00
CUR_BB608,Curitiba,4106902,1,,030,,,-25.501095,-49.237825,,False,4,2,2023-06-15T12:19:45.802152+00:00
CUR_GB612,Curitiba,4106902,1,,030,,,-25.549151,-49.291311,,False,4,1,2023-06-15T12:24:45.802152+00:00
CUR_CB602,Curitiba,4106902,1,,030,,,-25.420623,-49.202515,,False,4,2,2023-06-15T12:23:45.802152+00:00
CUR_EB609,Curitiba,4106902,1,,030,,,-25.468533,-49.254638,,False,4,2,2023-06-15T12:22:45.802152+00:00
CUR_KB602,Curitiba,4106902,1,,030,,,-25.467211,-49.25466,,False,4,1,2023-06-15T12:23:45.802152+00:00
CUR_BB611,Curitiba,4106902,1,,030,,,-25.424165,-49.20339,,False,4,1,2023-06-15T12:22:45.802152+00:00
CUR_BB301,Curitiba,4106902,1,,030,,,-25.399125,-49.212748,,False,3,1,2023-06-15T12:16:45.802152+00:00
CUR_BB300,Curitiba,4106902,1,,030,,,-25.399063,-49.212661,,False,3,1,2023-06-15T12:16:45.802152+00:00
CUR_BB612,Curitiba,4106902,1,,030,,,-25.398785,-49.213223,,False,4,1,2023-06-15T12:16:45.802152+00:00
CUR_GI018,Curitiba,4106902,1,,625,,,-25.549493,-49.292153,,False,1,1,2023-06-15T12:24:45.802152+00:00
CUR_GI040,Curitiba,4106902,1,,625,,,-25.54872,-49.292305,,False,1,2,2023-06-15T12:24:45.802152+00:00
CUR_GI044,Curitiba,4106902,1,,625,,,-25.534576,-49.268985,,False,1,2,2023-06-15T12:24:45.802152+00:00
CUR_BB604,Curitiba,4106902,1,,020,,,-25.49242,-49.293093,,False,4,,2023-06-15T12:21:45.802152+00:00
CUR_HB611,Curitiba,4106902,1,,020,,,-25.406455,-49.252428,,False,4,,2023-06-15T12:21:45.802152+00:00
CUR_BB613,Curitiba,4106902,1,,020,,,-25.390846,-49.283185,,False,4,,2023-06-15T12:21:45.802152+00:00
CUR_BB620,Curitiba,4106902,1,,020,,,-25.391198,-49.256735,,False,4,,2023-06-15T12:23:45.802152+00:00
CUR_CB603,Curitiba,4106902,1,,020,,,-25.380878,-49.186215,,False,4,,2023-06-15T12:24:45.802152+00:00
CUR_EB601,Curitiba,4106902,1,,020,,,-25.46847,-49.254688,,False,4,,2023-06-15T12:24:45.802152+00:00
CUR_EB606,Curitiba,4106902,1,,020,,,-25.468506,-49.254666,,False,4,,2023-06-15T12:24:45.802152+00:00
CUR_KB606,Curitiba,4106902,1,,020,,,-25.467496,-49.254741,,False,4,,2023-06-15T12:24:45.802152+00:00
CUR_BB603,Curitiba,4106902,1,,020,,,-25.398723,-49.212811,,False,4,,2023-06-15T12:16:45.802152+00:00
CUR_BB609,Curitiba,4106902,1,,020,,,-25.398623,-49.21323,,False,4,,2023-06-15T12:16:45.802152+00:00
CUR_BB605,Curitiba,4106902,1,,020,,,-25.399138,-49.212553,,False,4,,2023-06-15T12:16:45.802152+00:00
CUR_DA294,Curitiba,4106902,1,,513,,,-25.467808,-49.255815,,False,1,2,2023-06-15T12:22:45.802152+00:00
CUR_DA300,Curitiba,4106902,1,,513,,,-25.468165,-49.255136,,False,3,1,2023-06-15T12:24:45.802152+00:00
CUR_DC851,Curitiba,4106902,1,,461,,,-25.467965,-49.254436,,False,7,1,2023-06-15T12:23:45.802152+00:00
CUR_MI854,Curitiba,4106902,1,,911,,,-25.419633,-49.294358,,False,7,1,2023-06-15T12:24:45.802152+00:00
CUR_JI023,Curitiba,4106902,1,,721,,,-25.449266,-49.365966,,False,1,1,2023-06-15T12:24:45.802152+00:00
CUR_EA005,Curitiba,4106902,1,,X07,,,-25.468346,-49.255775,,False,1,1,2023-06-15T12:23:45.802152+00:00
CUR_EI006,Curitiba,4106902,1,,X07,,,-25.467326,-49.255923,,False,1,1,2023-06-15T12:24:45.802152+00:00
CUR_EI007,Curitiba,4106902,1,,522,,,-25.467306,-49.255911,,False,1,1,2023-06-15T12:23:45.802152+00:00
CUR_EI014,Curitiba,4106902,1,,533,,,-25.467293,-49.255888,,False,1,,2023-06-15T12:23:45.802152+00:00
CUR_EI002,Curitiba,4106902,1,,523,,,-25.467365,-49.255948,,False,1,2,2023-06-15T12:24:45.802152+00:00
CUR_HI009,Curitiba,4106902,1,,828,,,-25.461155,-49.326185,,False,1,1,2023-06-15T12:22:45.802152+00:00
CUR_JI013,Curitiba,4106902,1,,828,,,-25.449288,-49.366048,,False,1,2,2023-06-15T12:24:45.802152+00:00
CUR_JI014,Curitiba,4106902,1,,828,,,-25.449305,-49.366155,,False,1,2,2023-06-15T12:23:45.802152+00:00
CUR_KA604,Curitiba,4106902,1,,545,,,-25.467598,-49.254631,,False,4,1,2023-06-15T12:24:45.802152+00:00
CUR_GI603,Curitiba,4106902,1,,545,,,-25.54932,-49.290805,,False,4,1,2023-06-15T12:23:45.802152+00:00
CUR_JI600,Curitiba,4106902,1,,545,,,-25.44922,-49.365101,,False,4,2,2023-06-15T12:24:45.802152+00:00
CUR_KA602,Curitiba,4106902,1,,545,,,-25.46743,-49.2548,,False,4,1,2023-06-15T12:24:45.802152+00:00
CUR_JI602,Curitiba,4106902,1,,545,,,-25.449311,-49.367141,,False,4,2,2023-06-15T12:24:45.802152+00:00
CUR_KA600,Curitiba,4106902,1,,545,,,-25.467313,-49.254846,,False,4,2,2023-06-15T12:23:45.802152+00:00
CUR_JI006,Curitiba,4106902,1,,611,,,-25.449128,-49.365765,,False,1,2,2023-06-15T12:24:45.802152+00:00
CUR_JI011,Curitiba,4106902,1,,611,,,-25.448576,-49.36573,,False,1,1,2023-06-15T12:24:45.802152+00:00
CUR_JI866,Curitiba,4106902,1,,862,,,-25.44875,-49.366833,,False,7,1,2023-06-15T12:23:45.802152+00:00
CUR_BI850,Curitiba,4106902,1,,862,,,-25.414608,-49.280715,,False,7,2,2023-06-15T12:16:45.802152+00:00
CUR_JI017,Curitiba,4106902,1,,777,,,-25.449246,-49.366065,,False,1,1,2023-06-15T12:24:45.802152+00:00
CUR_JI012,Curitiba,4106902,1,,777,,,-25.449258,-49.365963,,False,1,2,2023-06-15T12:24:45.802152+00:00
CUR_BI888,Curitiba,4106902,1,,274,,,-25.375536,-49.262808,,False,7,2,2023-06-15T12:19:45.802152+00:00
CUR_BI863,Curitiba,4106902,1,,274,,,-25.422235,-49.269676,,False,7,1,2023-06-15T12:22:45.802152+00:00
CUR_BA010,Curitiba,4106902,1,,817,,,-25.425275,-49.34624,,False,1,1,2023-06-15T12:23:45.802152+00:00
CUR_MI001,Curitiba,4106902,1,,817,,,-25.4194,-49.294368,,False,1,2,2023-06-15T12:24:45.802152+00:00
CUR_BA018,Curitiba,4106902,1,,817,,,-25.414386,-49.281055,,False,1,1,2023-06-15T12:16:45.802152+00:00
CUR_BC315,Curitiba,4106902,1,,371,,,-25.417455,-49.218691,,False,10,2,2023-06-15T12:22:45.802152+00:00
CUR_BC313,Curitiba,4106902,1,,371,,,-25.42838,-49.266628,,False,10,1,2023-06-15T12:22:45.802152+00:00
CUR_BC320,Curitiba,4106902,1,,371,,,-25.415225,-49.281283,,False,10,1,2023-06-15T12:15:45.802152+00:00
CUR_GE607,Curitiba,4106902,0,URBS,350,https://moovitapp.com/index/pt-br/transporte_p%C3%BAblico-line-350_FAGUNDES_VARELA_PINHEIRINHO-Curitiba-942-9628-52482798-0,-1.0,-25.550296,-49.291671,,False,4,2,2023-06-15T12:24:45.802152+00:00
CUR_HE700,Curitiba,4106902,0,URBS,350,https://moovitapp.com/index/pt-br/transporte_p%C3%BAblico-line-350_FAGUNDES_VARELA_PINHEIRINHO-Curitiba-942-9628-52482798-0,-1.0,-25.409946,-49.220186,,False,5,1,2023-06-15T12:23:45.802152+00:00
CUR_BE707,Curitiba,4106902,0,URBS,350,https://moovitapp.com/index/pt-br/transporte_p%C3%BAblico-line-350_FAGUNDES_VARELA_PINHEIRINHO-Curitiba-942-9628-52482798-0,-1.0,-25.512211,-49.288733,,False,5,2,2023-06-15T12:23:45.802152+00:00
CUR_BI874,Curitiba,4106902,1,,224,,,-25.381885,-49.235493,,False,7,,2023-06-15T12:23:45.802152+00:00
CUR_BI882,Curitiba,4106902,1,Auto Viação São José,213,https://moovitapp.com/index/pt-br/transporte_p%C3%BAblico-line-213_PIT_PRA%C3%87A_DA_JUVENTUDE_CRISTAL_BLANCO_POMBO_HOR%C3%81RIO-Curitiba-942-857412-119631272-0,-1.0,-25.406731,-49.25265,,False,7,1,2023-06-15T12:19:45.802152+00:00
CUR_BI870,Curitiba,4106902,1,Auto Viação São José,213,https://moovitapp.com/index/pt-br/transporte_p%C3%BAblico-line-213_PIT_PRA%C3%87A_DA_JUVENTUDE_CRISTAL_BLANCO_POMBO_HOR%C3%81RIO-Curitiba-942-857412-119631272-0,-1.0,-25.394526,-49.242085,,False,7,1,2023-06-15T12:16:45.802152+00:00
CUR_BA604,Curitiba,4106902,1,Auto Viação São José,216,https://moovitapp.com/index/pt-br/transporte_p%C3%BAblico-line-216_PIT_PRA%C3%87A_DA_JUVENTUDE_SANTA_F%C3%89_PINDORAMA-Curitiba-942-857412-122004458-0,-1.0,-25.394345,-49.242163,,False,4,2,2023-06-15T12:16:45.802152+00:00
CUR_CA600,Curitiba,4106902,1,Auto Viação São José,216,https://moovitapp.com/index/pt-br/transporte_p%C3%BAblico-line-216_PIT_PRA%C3%87A_DA_JUVENTUDE_SANTA_F%C3%89_PINDORAMA-Curitiba-942-857412-122004458-0,-1.0,-25.380585,-49.1859,,False,4,1,2023-06-15T12:24:45.802152+00:00
CUR_HI603,Curitiba,4106902,0,Auto Viação São José,216,https://moovitapp.com/index/pt-br/transporte_p%C3%BAblico-line-216_PIT_PRA%C3%87A_DA_JUVENTUDE_SANTA_F%C3%89_PINDORAMA-Curitiba-942-857412-122004458-0,-1.0,-25.476281,-49.292328,,False,4,2,2023-06-15T12:18:45.802152+00:00
CUR_BA603,Curitiba,4106902,1,Auto Viação São José,216,https://moovitapp.com/index/pt-br/transporte_p%C3%BAblico-line-216_PIT_PRA%C3%87A_DA_JUVENTUDE_SANTA_F%C3%89_PINDORAMA-Curitiba-942-857412-122004458-0,-1.0,-25.417748,-49.247953,,False,4,2,2023-06-15T12:20:45.802152+00:00
CUR_HI609,Curitiba,4106902,1,Auto Viação São José,216,https://moovitapp.com/index/pt-br/transporte_p%C3%BAblico-line-216_PIT_PRA%C3%87A_DA_JUVENTUDE_SANTA_F%C3%89_PINDORAMA-Curitiba-942-857412-122004458-0,-1.0,-25.447196,-49.249083,,False,4,2,2023-06-15T12:22:45.802152+00:00
CUR_GA601,Curitiba,4106902,1,Auto Viação São José,216,https://moovitapp.com/index/pt-br/transporte_p%C3%BAblico-line-216_PIT_PRA%C3%87A_DA_JUVENTUDE_SANTA_F%C3%89_PINDORAMA-Curitiba-942-857412-122004458-0,-1.0,-25.548883,-49.291436,,False,4,2,2023-06-15T12:23:45.802152+00:00
CUR_CA603,Curitiba,4106902,1,Auto Viação São José,216,https://moovitapp.com/index/pt-br/transporte_p%C3%BAblico-line-216_PIT_PRA%C3%87A_DA_JUVENTUDE_SANTA_F%C3%89_PINDORAMA-Curitiba-942-857412-122004458-0,-1.0,-25.380671,-49.18606,,False,4,1,2023-06-15T12:24:45.802152+00:00
CUR_BA600,Curitiba,4106902,1,Auto Viação São José,216,https://moovitapp.com/index/pt-br/transporte_p%C3%BAblico-line-216_PIT_PRA%C3%87A_DA_JUVENTUDE_SANTA_F%C3%89_PINDORAMA-Curitiba-942-857412-122004458-0,-1.0,-25.395158,-49.242858,,False,4,1,2023-06-15T12:16:45.802152+00:00
CUR_GI050,Curitiba,4106902,1,,641,,,-25.54843,-49.29238,,False,1,2,2023-06-15T12:22:45.802152+00:00
CUR_CI006,Curitiba,4106902,1,,341,,,-25.381718,-49.186065,,False,1,1,2023-06-15T12:24:45.802152+00:00
CUR_CI003,Curitiba,4106902,1,,341,,,-25.381916,-49.185801,,False,1,2,2023-06-15T12:24:45.802152+00:00
CUR_BA037,Curitiba,4106902,1,,341,,,-25.395271,-49.242856,,False,1,1,2023-06-15T12:16:45.802152+00:00
CUR_HC304,Curitiba,4106902,1,,380,,,-25.42983,-49.214946,,False,10,2,2023-06-15T12:21:45.802152+00:00
CUR_CI005,Curitiba,4106902,1,,380,,,-25.381755,-49.186076,,False,1,1,2023-06-15T12:23:45.802152+00:00
CUR_CC302,Curitiba,4106902,1,,380,,,-25.38179,-49.18577,,False,10,2,2023-06-15T12:23:45.802152+00:00
CUR_DC854,Curitiba,4106902,1,,387,,,-25.467798,-49.254288,,False,7,1,2023-06-15T12:23:45.802152+00:00
CUR_EI011,Curitiba,4106902,1,,X03,,,-25.467461,-49.256115,,False,1,1,2023-06-15T12:23:45.802152+00:00
CUR_JI005,Curitiba,4106902,1,,718,,,-25.449088,-49.366096,,False,1,,2023-06-15T12:24:45.802152+00:00
CUR_JA030,Curitiba,4106902,1,,714,,,-25.494395,-49.34551,,False,1,,2023-06-15T12:24:45.802152+00:00
CUR_EL329,Curitiba,4106902,1,URBS,506,https://moovitapp.com/index/pt-br/transporte_p%C3%BAblico-line-506_BAIRRO_NOVO-Curitiba-942-9628-294299-0,-1.0,-25.467468,-49.255735,,False,3,1,2023-06-15T12:23:45.802152+00:00
CUR_GL302,Curitiba,4106902,0,URBS,506,https://moovitapp.com/index/pt-br/transporte_p%C3%BAblico-line-506_BAIRRO_NOVO-Curitiba-942-9628-294299-0,-1.0,-25.54836,-49.29097,,False,3,2,2023-06-15T12:24:45.802152+00:00
CUR_EL318,Curitiba,4106902,1,URBS,506,https://moovitapp.com/index/pt-br/transporte_p%C3%BAblico-line-506_BAIRRO_NOVO-Curitiba-942-9628-294299-0,-1.0,-25.468311,-49.25472,,False,3,2,2023-06-15T12:24:45.802152+00:00
CUR_EL328,Curitiba,4106902,1,URBS,506,https://moovitapp.com/index/pt-br/transporte_p%C3%BAblico-line-506_BAIRRO_NOVO-Curitiba-942-9628-294299-0,-1.0,-25.467485,-49.255651,,False,3,2,2023-06-15T12:23:45.802152+00:00
CUR_GL309,Curitiba,4106902,0,URBS,506,https://moovitapp.com/index/pt-br/transporte_p%C3%BAblico-line-506_BAIRRO_NOVO-Curitiba-942-9628-294299-0,-1.0,-25.436373,-49.273986,,False,3,1,2023-06-15T12:24:45.802152+00:00
CUR_EL327,Curitiba,4106902,1,URBS,506,https://moovitapp.com/index/pt-br/transporte_p%C3%BAblico-line-506_BAIRRO_NOVO-Curitiba-942-9628-294299-0,-1.0,-25.467533,-49.255683,,False,3,1,2023-06-15T12:24:45.802152+00:00
CUR_GL308,Curitiba,4106902,0,URBS,506,https://moovitapp.com/index/pt-br/transporte_p%C3%BAblico-line-506_BAIRRO_NOVO-Curitiba-942-9628-294299-0,-1.0,-25.451221,-49.266531,,False,3,1,2023-06-15T12:22:45.802152+00:00
CUR_JI860,Curitiba,4106902,1,,779,,,-25.451246,-49.363215,,False,7,1,2023-06-15T12:23:45.802152+00:00
CUR_KI002,Curitiba,4106902,1,,472,,,-25.46698,-49.255148,,False,1,1,2023-06-15T12:24:45.802152+00:00
CUR_KI001,Curitiba,4106902,1,,472,,,-25.466973,-49.255111,,False,1,1,2023-06-15T12:23:45.802152+00:00
CUR_BI018,Curitiba,4106902,1,,232,,,-25.35913,-49.232125,,False,1,2,2023-06-15T12:19:45.802152+00:00
CUR_BI017,Curitiba,4106902,1,,232,,,-25.377373,-49.22579,,False,1,1,2023-06-15T12:21:45.802152+00:00
CUR_BA033,Curitiba,4106902,1,,232,,,-25.395171,-49.24261,,False,1,2,2023-06-15T12:16:45.802152+00:00
CUR_BA028,Curitiba,4106902,1,,232,,,-25.395236,-49.242878,,False,1,1,2023-06-15T12:16:45.802152+00:00
CUR_BI008,Curitiba,4106902,1,,232,,,-25.395241,-49.242636,,False,1,1,2023-06-15T12:16:45.802152+00:00
CUR_JA035,Curitiba,4106902,1,,860,,,-25.449153,-49.3661,,False,1,2,2023-06-15T12:23:45.802152+00:00
CUR_JI018,Curitiba,4106902,1,,860,,,-25.449236,-49.365813,,False,1,1,2023-06-15T12:24:45.802152+00:00
CUR_JA032,Curitiba,4106902,1,,860,,,-25.449218,-49.365703,,False,1,2,2023-06-15T12:23:45.802152+00:00
CUR_JC303,Curitiba,4106902,1,,778,,,-25.449226,-49.36541,,False,3,2,2023-06-15T12:24:45.802152+00:00
CUR_JC300,Curitiba,4106902,1,,778,,,-25.449348,-49.366626,,False,3,1,2023-06-15T12:23:45.802152+00:00
CUR_BI879,Curitiba,4106902,1,,311,,,-25.43848,-49.205948,,False,7,2,2023-06-15T12:21:45.802152+00:00
CUR_BC314,Curitiba,4106902,1,,372,,,-25.431563,-49.2701,,False,10,1,2023-06-15T12:22:45.802152+00:00
CUR_CC301,Curitiba,4106902,1,,372,,,-25.382008,-49.1858,,False,10,2,2023-06-15T12:23:45.802152+00:00
CUR_BI029,Curitiba,4106902,1,,372,,,-25.427713,-49.236471,,False,1,2,2023-06-15T12:23:45.802152+00:00
CUR_BC015,Curitiba,4106902,1,,372,,,-25.427938,-49.233733,,False,1,1,2023-06-15T12:22:45.802152+00:00
CUR_BC927,Curitiba,4106902,1,,260,,,-25.397006,-49.264626,,False,7,1,2023-06-15T12:21:45.802152+00:00
CUR_GE601,Curitiba,4106902,0,URBS,602,https://moovitapp.com/index/pt-br/transporte_p%C3%BAblico-line-602_CIRCULAR_SUL_ANTI_HOR%C3%81RIO-Curitiba-942-9628-294517-0,-1.0,-25.54943,-49.291675,,False,4,,2023-06-15T12:24:45.802152+00:00
CUR_GE604,Curitiba,4106902,0,URBS,602,https://moovitapp.com/index/pt-br/transporte_p%C3%BAblico-line-602_CIRCULAR_SUL_ANTI_HOR%C3%81RIO-Curitiba-942-9628-294517-0,-1.0,-25.550351,-49.291763,,False,4,,2023-06-15T12:23:45.802152+00:00
CUR_HE604,Curitiba,4106902,0,URBS,602,https://moovitapp.com/index/pt-br/transporte_p%C3%BAblico-line-602_CIRCULAR_SUL_ANTI_HOR%C3%81RIO-Curitiba-942-9628-294517-0,-1.0,-25.474866,-49.274358,,False,4,,2023-06-15T12:22:45.802152+00:00
CUR_HE607,Curitiba,4106902,0,URBS,602,https://moovitapp.com/index/pt-br/transporte_p%C3%BAblico-line-602_CIRCULAR_SUL_ANTI_HOR%C3%81RIO-Curitiba-942-9628-294517-0,-1.0,-25.481893,-49.246873,,False,4,,2023-06-15T12:22:45.802152+00:00
CUR_HE605,Curitiba,4106902,0,URBS,602,https://moovitapp.com/index/pt-br/transporte_p%C3%BAblico-line-602_CIRCULAR_SUL_ANTI_HOR%C3%81RIO-Curitiba-942-9628-294517-0,-1.0,-25.535655,-49.273923,,False,4,,2023-06-15T12:21:45.802152+00:00
CUR_HE603,Curitiba,4106902,0,URBS,602,https://moovitapp.com/index/pt-br/transporte_p%C3%BAblico-line-602_CIRCULAR_SUL_ANTI_HOR%C3%81RIO-Curitiba-942-9628-294517-0,-1.0,-25.513691,-49.231573,,False,4,,2023-06-15T12:23:45.802152+00:00
CUR_HE611,Curitiba,4106902,0,URBS,602,https://moovitapp.com/index/pt-br/transporte_p%C3%BAblico-line-602_CIRCULAR_SUL_ANTI_HOR%C3%81RIO-Curitiba-942-9628-294517-0,-1.0,-25.508646,-49.295856,,False,4,,2023-06-15T12:22:45.802152+00:00
CUR_GE708,Curitiba,4106902,0,URBS,602,https://moovitapp.com/index/pt-br/transporte_p%C3%BAblico-line-602_CIRCULAR_SUL_ANTI_HOR%C3%81RIO-Curitiba-942-9628-294517-0,-1.0,-25.549448,-49.2915,,False,5,,2023-06-15T12:23:45.802152+00:00
CUR_EA012,Curitiba,4106902,1,,528,,,-25.520103,-49.231083,,False,1,1,2023-06-15T12:24:45.802152+00:00
CUR_GI047,Curitiba,4106902,1,,528,,,-25.548993,-49.29093,,False,1,2,2023-06-15T12:24:45.802152+00:00
CUR_EA698,Curitiba,4106902,1,,528,,,-25.467628,-49.256138,,False,4,1,2023-06-15T12:23:45.802152+00:00
CUR_MA949,Curitiba,4106902,1,,967,,,-25.419746,-49.294053,,False,7,1,2023-06-15T12:24:45.802152+00:00
CUR_MN611,Curitiba,4106902,1,,967,,,-25.41902,-49.29462,,False,7,2,2023-06-15T12:22:45.802152+00:00
CUR_DA033,Curitiba,4106902,1,,621,,,-25.46781,-49.255403,,False,1,1,2023-06-15T12:23:45.802152+00:00
CUR_DA029,Curitiba,4106902,1,,621,,,-25.46804,-49.25524,,False,1,2,2023-06-15T12:24:45.802152+00:00
CUR_DA291,Curitiba,4106902,1,,621,,,-25.468093,-49.255156,,False,1,1,2023-06-15T12:23:45.802152+00:00
CUR_MI855,Curitiba,4106902,1,,912,,,-25.419536,-49.294293,,False,7,2,2023-06-15T12:23:45.802152+00:00
CUR_MI851,Curitiba,4106902,1,Auto Viação São José,150,https://moovitapp.com/index/pt-br/transporte_p%C3%BAblico-line-150_T_AFONSO_PENA_PIT_BORDA_DO_CAMPO-Curitiba-942-857412-53904521-0,-1.0,-25.419643,-49.29447,,False,7,1,2023-06-15T12:24:45.802152+00:00
CUR_EI015,Curitiba,4106902,1,,511,,,-25.4674,-49.25602,,False,1,2,2023-06-15T12:24:45.802152+00:00
CUR_EI019,Curitiba,4106902,1,,511,,,-25.467155,-49.255578,,False,1,1,2023-06-15T12:24:45.802152+00:00
CUR_EA023,Curitiba,4106902,1,Auto Viação São José,531,https://moovitapp.com/index/pt-br/transporte_p%C3%BAblico-line-531_BAIRRO_A_BAIRRO_1-Curitiba-942-857412-1570571-0,-1.0,-25.468441,-49.255661,,False,1,1,2023-06-15T12:24:45.802152+00:00
CUR_EA024,Curitiba,4106902,1,Auto Viação São José,531,https://moovitapp.com/index/pt-br/transporte_p%C3%BAblico-line-531_BAIRRO_A_BAIRRO_1-Curitiba-942-857412-1570571-0,-1.0,-25.469018,-49.255483,,False,1,2,2023-06-15T12:23:45.802152+00:00
CUR_EL331,Curitiba,4106902,1,URBS,505,https://moovitapp.com/index/pt-br/transporte_p%C3%BAblico-line-505_BOQUEIR%C3%83O_CENTRO_C%C3%8DVICO-Curitiba-942-9628-531685-0,-1.0,-25.467633,-49.25559,,False,3,2,2023-06-15T12:23:45.802152+00:00
CUR_EL320,Curitiba,4106902,1,URBS,505,https://moovitapp.com/index/pt-br/transporte_p%C3%BAblico-line-505_BOQUEIR%C3%83O_CENTRO_C%C3%8DVICO-Curitiba-942-9628-531685-0,-1.0,-25.468335,-49.254685,,False,3,1,2023-06-15T12:20:45.802152+00:00
CUR_BL330,Curitiba,4106902,0,URBS,505,https://moovitapp.com/index/pt-br/transporte_p%C3%BAblico-line-505_BOQUEIR%C3%83O_CENTRO_C%C3%8DVICO-Curitiba-942-9628-531685-0,-1.0,-25.412678,-49.264978,,False,3,1,2023-06-15T12:18:45.802152+00:00
CUR_BL311,Curitiba,4106902,0,URBS,505,https://moovitapp.com/index/pt-br/transporte_p%C3%BAblico-line-505_BOQUEIR%C3%83O_CENTRO_C%C3%8DVICO-Curitiba-942-9628-531685-0,-1.0,-25.435558,-49.264018,,False,3,1,2023-06-15T12:22:45.802152+00:00
CUR_EL321,Curitiba,4106902,1,URBS,505,https://moovitapp.com/index/pt-br/transporte_p%C3%BAblico-line-505_BOQUEIR%C3%83O_CENTRO_C%C3%8DVICO-Curitiba-942-9628-531685-0,-1.0,-25.46834,-49.254643,,False,3,1,2023-06-15T12:23:45.802152+00:00
CUR_EL330,Curitiba,4106902,1,URBS,505,https://moovitapp.com/index/pt-br/transporte_p%C3%BAblico-line-505_BOQUEIR%C3%83O_CENTRO_C%C3%8DVICO-Curitiba-942-9628-531685-0,-1.0,-25.467605,-49.255626,,False,3,2,2023-06-15T12:24:45.802152+00:00
CUR_EL324,Curitiba,4106902,1,URBS,505,https://moovitapp.com/index/pt-br/transporte_p%C3%BAblico-line-505_BOQUEIR%C3%83O_CENTRO_C%C3%8DVICO-Curitiba-942-9628-531685-0,-1.0,-25.412175,-49.263635,,False,3,1,2023-06-15T12:22:45.802152+00:00
CUR_EL075,Curitiba,4106902,0,URBS,505,https://moovitapp.com/index/pt-br/transporte_p%C3%BAblico-line-505_BOQUEIR%C3%83O_CENTRO_C%C3%8DVICO-Curitiba-942-9628-531685-0,-1.0,-25.4677,-49.256476,,False,3,1,2023-06-15T12:23:45.802152+00:00
CUR_BL302,Curitiba,4106902,0,URBS,505,https://moovitapp.com/index/pt-br/transporte_p%C3%BAblico-line-505_BOQUEIR%C3%83O_CENTRO_C%C3%8DVICO-Curitiba-942-9628-531685-0,-1.0,-25.415323,-49.281355,,False,3,1,2023-06-15T12:16:45.802152+00:00
CUR_BL337,Curitiba,4106902,0,URBS,505,https://moovitapp.com/index/pt-br/transporte_p%C3%BAblico-line-505_BOQUEIR%C3%83O_CENTRO_C%C3%8DVICO-Curitiba-942-9628-531685-0,-1.0,-25.415791,-49.281135,,False,3,1,2023-06-15T12:16:45.802152+00:00
CUR_BL331,Curitiba,4106902,0,URBS,505,https://moovitapp.com/index/pt-br/transporte_p%C3%BAblico-line-505_BOQUEIR%C3%83O_CENTRO_C%C3%8DVICO-Curitiba-942-9628-531685-0,-1.0,-25.415476,-49.28132,,False,3,1,2023-06-15T12:16:45.802152+00:00
CUR_BA032,Curitiba,4106902,1,,233,,,-25.365515,-49.210625,,False,1,,2023-06-15T12:23:45.802152+00:00
CUR_BA025,Curitiba,4106902,1,,233,,,-25.395135,-49.242588,,False,1,,2023-06-15T12:16:45.802152+00:00
CUR_BA017,Curitiba,4106902,1,,822,,,-25.4417,-49.346371,,False,1,1,2023-06-15T12:23:45.802152+00:00
CUR_BA011,Curitiba,4106902,1,,822,,,-25.437855,-49.363193,,False,1,1,2023-06-15T12:20:45.802152+00:00
CUR_GI015,Curitiba,4106902,1,,541,,,-25.549561,-49.292113,,False,1,1,2023-06-15T12:24:45.802152+00:00
CUR_GI023,Curitiba,4106902,1,,541,,,-25.549361,-49.292185,,False,1,2,2023-06-15T12:23:45.802152+00:00
CUR_GI002,Curitiba,4106902,1,,553,,,-25.550016,-49.292046,,False,1,2,2023-06-15T12:23:45.802152+00:00
CUR_GI013,Curitiba,4106902,1,,553,,,-25.549586,-49.292135,,False,1,1,2023-06-15T12:24:45.802152+00:00
CUR_GI005,Curitiba,4106902,1,,553,,,-25.549918,-49.292068,,False,1,2,2023-06-15T12:24:45.802152+00:00
CUR_GA002,Curitiba,4106902,1,,631,,,-25.548141,-49.2919,,False,1,,2023-06-15T12:24:45.802152+00:00
CUR_GC001,Curitiba,4106902,1,,635,,,-25.548941,-49.290926,,False,1,1,2023-06-15T12:23:45.802152+00:00
CUR_DC292,Curitiba,4106902,1,,336,,,-25.467703,-49.255505,,False,1,2,2023-06-15T12:22:45.802152+00:00
CUR_JI004,Curitiba,4106902,1,,719,,,-25.449245,-49.365766,,False,1,2,2023-06-15T12:24:45.802152+00:00
CUR_JI015,Curitiba,4106902,1,,719,,,-25.449278,-49.365913,,False,1,2,2023-06-15T12:22:45.802152+00:00
CUR_JI865,Curitiba,4106902,1,,713,,,-25.448733,-49.366828,,False,7,1,2023-06-15T12:23:45.802152+00:00
CUR_JI948,Curitiba,4106902,1,,861,,,-25.448996,-49.367068,,False,7,2,2023-06-15T12:23:45.802152+00:00
CUR_JI949,Curitiba,4106902,1,,861,,,-25.448688,-49.36662,,False,7,1,2023-06-15T12:23:45.802152+00:00
CUR_BC280,Curitiba,4106902,1,,231,,,-25.372388,-49.207505,,False,1,2,2023-06-15T12:24:45.802152+00:00
CUR_BI010,Curitiba,4106902,1,,231,,,-25.39513,-49.243123,,False,1,1,2023-06-15T12:16:45.802152+00:00
CUR_BC019,Curitiba,4106902,1,,876,,,-25.417646,-49.324696,,False,1,2,2023-06-15T12:23:45.802152+00:00
CUR_BC021,Curitiba,4106902,1,,876,,,-25.430148,-49.272398,,False,1,1,2023-06-15T12:20:45.802152+00:00
CUR_BC022,Curitiba,4106902,1,,876,,,-25.41468,-49.3399,,False,1,1,2023-06-15T12:22:45.802152+00:00
CUR_BI025,Curitiba,4106902,1,,876,,,-25.415295,-49.281191,,False,1,1,2023-06-15T12:16:45.802152+00:00
CUR_BI862,Curitiba,4106902,1,,244,,,-25.394573,-49.24262,,False,7,1,2023-06-15T12:16:45.802152+00:00
CUR_GI038,Curitiba,4106902,1,,633,,,-25.548813,-49.292318,,False,1,2,2023-06-15T12:24:45.802152+00:00
CUR_GI039,Curitiba,4106902,1,,633,,,-25.549383,-49.290768,,False,1,1,2023-06-15T12:24:45.802152+00:00
CUR_GI857,Curitiba,4106902,1,,616,,,-25.549375,-49.290685,,False,7,2,2023-06-15T12:23:45.802152+00:00
CUR_GI852,Curitiba,4106902,1,,616,,,-25.54832,-49.291058,,False,7,2,2023-06-15T12:24:45.802152+00:00
CUR_BC029,Curitiba,4106902,1,,170,,,-25.382861,-49.293578,,False,1,1,2023-06-15T12:22:45.802152+00:00
CUR_BC321,Curitiba,4106902,1,,170,,,-25.424076,-49.272925,,False,3,1,2023-06-15T12:22:45.802152+00:00
CUR_BA022,Curitiba,4106902,1,,170,,,-25.415166,-49.280578,,False,1,2,2023-06-15T12:16:45.802152+00:00
CUR_BC300,Curitiba,4106902,1,,170,,,-25.414426,-49.281153,,False,3,1,2023-06-15T12:16:45.802152+00:00
CUR_BA013,Curitiba,4106902,1,,160,,,-25.419173,-49.287616,,False,1,1,2023-06-15T12:23:45.802152+00:00
CUR_BC025,Curitiba,4106902,1,,160,,,-25.45316,-49.277841,,False,1,2,2023-06-15T12:23:45.802152+00:00
CUR_GI021,Curitiba,4106902,1,,639,,,-25.549383,-49.292163,,False,1,2,2023-06-15T12:24:45.802152+00:00
CUR_GI010,Curitiba,4106902,1,,639,,,-25.549756,-49.292086,,False,1,2,2023-06-15T12:24:45.802152+00:00
CUR_GI045,Curitiba,4106902,1,,639,,,-25.54206,-49.29453,,False,1,1,2023-06-15T12:24:45.802152+00:00
CUR_BI897,Curitiba,4106902,1,,176,,,-25.42259,-49.270773,,False,7,1,2023-06-15T12:22:45.802152+00:00
CUR_BC002,Curitiba,4106902,1,,183,,,-25.35569,-49.274888,,False,1,1,2023-06-15T12:23:45.802152+00:00
CUR_BI893,Curitiba,4106902,1,,266,,,-25.38976,-49.252548,,False,7,2,2023-06-15T12:22:45.802152+00:00
CUR_BI889,Curitiba,4106902,1,,266,,,-25.401701,-49.201033,,False,7,1,2023-06-15T12:16:45.802152+00:00
CUR_BA031,Curitiba,4106902,1,,375,,,-25.41754,-49.20388,,False,1,2,2023-06-15T12:22:45.802152+00:00
CUR_BC014,Curitiba,4106902,1,,375,,,-25.415071,-49.280976,,False,1,1,2023-06-15T12:16:45.802152+00:00
CUR_DL308,Curitiba,4106902,0,URBS,305,https://moovitapp.com/index/pt-br/transporte_p%C3%BAblico-line-305_CENTEN%C3%81RIO-Curitiba-942-9628-294271-0,-1.0,-25.467763,-49.254825,,False,3,1,2023-06-15T12:24:45.802152+00:00
CUR_DL309,Curitiba,4106902,0,URBS,305,https://moovitapp.com/index/pt-br/transporte_p%C3%BAblico-line-305_CENTEN%C3%81RIO-Curitiba-942-9628-294271-0,-1.0,-25.467743,-49.254835,,False,3,2,2023-06-15T12:23:45.802152+00:00
CUR_BC932,Curitiba,4106902,1,,365,,,-25.430405,-49.267188,,False,7,2,2023-06-15T12:21:45.802152+00:00
CUR_BC850,Curitiba,4106902,1,,365,,,-25.43568,-49.270915,,False,7,2,2023-06-15T12:22:45.802152+00:00
CUR_BI031,Curitiba,4106902,1,,816,,,-25.410246,-49.323183,,False,1,1,2023-06-15T12:22:45.802152+00:00
CUR_BA021,Curitiba,4106902,1,,816,,,-25.435965,-49.307486,,False,1,2,2023-06-15T12:18:45.802152+00:00
CUR_BC010,Curitiba,4106902,1,,816,,,-25.415613,-49.2811,,False,1,2,2023-06-15T12:16:45.802152+00:00
CUR_BA014,Curitiba,4106902,1,,816,,,-25.415611,-49.281155,,False,1,1,2023-06-15T12:16:45.802152+00:00
CUR_BI872,Curitiba,4106902,1,,366,,,-25.429675,-49.237585,,False,7,1,2023-06-15T12:23:45.802152+00:00
CUR_BI899,Curitiba,4106902,1,,366,,,-25.436528,-49.288895,,False,7,2,2023-06-15T12:23:45.802152+00:00
CUR_HE724,Curitiba,4106902,0,URBS,603,https://moovitapp.com/index/pt-br/transporte_p%C3%BAblico-line-603_PINHEIRINHO_RUI_BARBOSA-Curitiba-942-9628-484781-0,-1.0,-25.451005,-49.2881,,False,5,1,2023-06-15T12:23:45.802152+00:00
CUR_HE723,Curitiba,4106902,0,URBS,603,https://moovitapp.com/index/pt-br/transporte_p%C3%BAblico-line-603_PINHEIRINHO_RUI_BARBOSA-Curitiba-942-9628-484781-0,-1.0,-25.481005,-49.292515,,False,5,2,2023-06-15T12:22:45.802152+00:00
CUR_HE728,Curitiba,4106902,0,URBS,603,https://moovitapp.com/index/pt-br/transporte_p%C3%BAblico-line-603_PINHEIRINHO_RUI_BARBOSA-Curitiba-942-9628-484781-0,-1.0,-25.472696,-49.294381,,False,5,1,2023-06-15T12:18:45.802152+00:00
CUR_HE706,Curitiba,4106902,0,URBS,603,https://moovitapp.com/index/pt-br/transporte_p%C3%BAblico-line-603_PINHEIRINHO_RUI_BARBOSA-Curitiba-942-9628-484781-0,-1.0,-25.441726,-49.277243,,False,5,1,2023-06-15T12:22:45.802152+00:00
CUR_HE704,Curitiba,4106902,0,URBS,603,https://moovitapp.com/index/pt-br/transporte_p%C3%BAblico-line-603_PINHEIRINHO_RUI_BARBOSA-Curitiba-942-9628-484781-0,-1.0,-25.492785,-49.293606,,False,5,1,2023-06-15T12:18:45.802152+00:00
CUR_HE725,Curitiba,4106902,0,URBS,603,https://moovitapp.com/index/pt-br/transporte_p%C3%BAblico-line-603_PINHEIRINHO_RUI_BARBOSA-Curitiba-942-9628-484781-0,-1.0,-25.49924,-49.295948,,False,5,2,2023-06-15T12:23:45.802152+00:00
CUR_HE731,Curitiba,4106902,0,URBS,603,https://moovitapp.com/index/pt-br/transporte_p%C3%BAblico-line-603_PINHEIRINHO_RUI_BARBOSA-Curitiba-942-9628-484781-0,-1.0,-25.466436,-49.292243,,False,5,2,2023-06-15T12:21:45.802152+00:00
CUR_HE708,Curitiba,4106902,0,URBS,603,https://moovitapp.com/index/pt-br/transporte_p%C3%BAblico-line-603_PINHEIRINHO_RUI_BARBOSA-Curitiba-942-9628-484781-0,-1.0,-25.501111,-49.296055,,False,5,2,2023-06-15T12:23:45.802152+00:00
CUR_HE727,Curitiba,4106902,0,URBS,603,https://moovitapp.com/index/pt-br/transporte_p%C3%BAblico-line-603_PINHEIRINHO_RUI_BARBOSA-Curitiba-942-9628-484781-0,-1.0,-25.450765,-49.287986,,False,5,1,2023-06-15T12:22:45.802152+00:00
CUR_HE726,Curitiba,4106902,0,URBS,603,https://moovitapp.com/index/pt-br/transporte_p%C3%BAblico-line-603_PINHEIRINHO_RUI_BARBOSA-Curitiba-942-9628-484781-0,-1.0,-25.436241,-49.274028,,False,5,1,2023-06-15T12:23:45.802152+00:00
CUR_HI600,Curitiba,4106902,1,,646,,,-25.513376,-49.295055,,False,4,1,2023-06-15T12:22:45.802152+00:00
CUR_HA029,Curitiba,4106902,1,,646,,,-25.559925,-49.307223,,False,1,1,2023-06-15T12:23:45.802152+00:00
CUR_HI021,Curitiba,4106902,1,,646,,,-25.589745,-49.327613,,False,1,2,2023-06-15T12:22:45.802152+00:00
CUR_HI611,Curitiba,4106902,1,,684,,,-25.576095,-49.331056,,False,4,1,2023-06-15T12:21:45.802152+00:00
CUR_HI613,Curitiba,4106902,1,,684,,,-25.579136,-49.33417,,False,4,2,2023-06-15T12:22:45.802152+00:00
CUR_HA614,Curitiba,4106902,1,,684,,,-25.519936,-49.295636,,False,4,1,2023-06-15T12:22:45.802152+00:00
CUR_HI602,Curitiba,4106902,1,,684,,,-25.527621,-49.297975,,False,4,1,2023-06-15T12:23:45.802152+00:00
CUR_HA193,Curitiba,4106902,1,,612,,,-25.500191,-49.322296,,False,1,2,2023-06-15T12:23:45.802152+00:00
CUR_GE727,Curitiba,4106902,0,URBS,550,https://moovitapp.com/index/pt-br/transporte_p%C3%BAblico-line-550_LIGEIR%C3%83O_PINHEIRINHO_CARLOS_GOMES-Curitiba-942-9628-1254061-0,-1.0,-25.548895,-49.291683,,False,5,1,2023-06-15T12:23:45.802152+00:00
CUR_HE719,Curitiba,4106902,0,URBS,550,https://moovitapp.com/index/pt-br/transporte_p%C3%BAblico-line-550_LIGEIR%C3%83O_PINHEIRINHO_CARLOS_GOMES-Curitiba-942-9628-1254061-0,-1.0,-25.475368,-49.258993,,False,5,1,2023-06-15T12:23:45.802152+00:00
CUR_HE711,Curitiba,4106902,0,URBS,550,https://moovitapp.com/index/pt-br/transporte_p%C3%BAblico-line-550_LIGEIR%C3%83O_PINHEIRINHO_CARLOS_GOMES-Curitiba-942-9628-1254061-0,-1.0,-25.49894,-49.27804,,False,5,2,2023-06-15T12:21:45.802152+00:00
CUR_HE720,Curitiba,4106902,0,URBS,550,https://moovitapp.com/index/pt-br/transporte_p%C3%BAblico-line-550_LIGEIR%C3%83O_PINHEIRINHO_CARLOS_GOMES-Curitiba-942-9628-1254061-0,-1.0,-25.434238,-49.269053,,False,5,1,2023-06-15T12:22:45.802152+00:00
CUR_GE733,Curitiba,4106902,0,URBS,550,https://moovitapp.com/index/pt-br/transporte_p%C3%BAblico-line-550_LIGEIR%C3%83O_PINHEIRINHO_CARLOS_GOMES-Curitiba-942-9628-1254061-0,-1.0,-25.549585,-49.291403,,False,5,2,2023-06-15T12:24:45.802152+00:00
CUR_GE730,Curitiba,4106902,0,URBS,550,https://moovitapp.com/index/pt-br/transporte_p%C3%BAblico-line-550_LIGEIR%C3%83O_PINHEIRINHO_CARLOS_GOMES-Curitiba-942-9628-1254061-0,-1.0,-25.549591,-49.291418,,False,5,1,2023-06-15T12:23:45.802152+00:00
CUR_HI046,Curitiba,4106902,1,,615,,,-25.479426,-49.299195,,False,1,1,2023-06-15T12:21:45.802152+00:00
CUR_HA311,Curitiba,4106902,1,,863,,,-25.428938,-49.271211,,False,3,1,2023-06-15T12:18:45.802152+00:00
CUR_HA312,Curitiba,4106902,1,,863,,,-25.469725,-49.288875,,False,3,2,2023-06-15T12:23:45.802152+00:00
CUR_HI859,Curitiba,4106902,1,,865,,,-25.431768,-49.276591,,False,7,1,2023-06-15T12:23:45.802152+00:00
CUR_JA028,Curitiba,4106902,1,,658,,,-25.449241,-49.365841,,False,1,1,2023-06-15T12:24:45.802152+00:00
CUR_HA006,Curitiba,4106902,1,,658,,,-25.492073,-49.293103,,False,1,1,2023-06-15T12:17:45.802152+00:00
CUR_HA005,Curitiba,4106902,1,,658,,,-25.499516,-49.344688,,False,1,1,2023-06-15T12:23:45.802152+00:00
CUR_JI022,Curitiba,4106902,1,,658,,,-25.449085,-49.365781,,False,1,2,2023-06-15T12:21:45.802152+00:00
CUR_HI041,Curitiba,4106902,1,,654,,,-25.498465,-49.317981,,False,1,1,2023-06-15T12:23:45.802152+00:00
CUR_HI042,Curitiba,4106902,1,,654,,,-25.492595,-49.29827,,False,1,2,2023-06-15T12:24:45.802152+00:00
CUR_HI003,Curitiba,4106902,1,,801,,,-25.441738,-49.286038,,False,1,1,2023-06-15T12:22:45.802152+00:00
CUR_HC300,Curitiba,4106902,1,,801,,,-25.43754,-49.307865,,False,10,2,2023-06-15T12:23:45.802152+00:00
CUR_HC301,Curitiba,4106902,1,,801,,,-25.435243,-49.270058,,False,10,2,2023-06-15T12:22:45.802152+00:00
CUR_HC006,Curitiba,4106902,1,,801,,,-25.4401,-49.281688,,False,1,2,2023-06-15T12:23:45.802152+00:00
CUR_HL329,Curitiba,4106902,1,URBS,607,https://moovitapp.com/index/pt-br/transporte_p%C3%BAblico-line-607_COLOMBO_CIC-Curitiba-942-9628-294348-0,-1.0,-25.492535,-49.295615,,False,3,1,2023-06-15T12:21:45.802152+00:00
CUR_HL496,Curitiba,4106902,1,URBS,607,https://moovitapp.com/index/pt-br/transporte_p%C3%BAblico-line-607_COLOMBO_CIC-Curitiba-942-9628-294348-0,-1.0,-25.497363,-49.30359,,False,3,2,2023-06-15T12:22:45.802152+00:00
CUR_HL331,Curitiba,4106902,1,URBS,607,https://moovitapp.com/index/pt-br/transporte_p%C3%BAblico-line-607_COLOMBO_CIC-Curitiba-942-9628-294348-0,-1.0,-25.39301,-49.227153,,False,3,2,2023-06-15T12:22:45.802152+00:00
CUR_HL318,Curitiba,4106902,0,URBS,607,https://moovitapp.com/index/pt-br/transporte_p%C3%BAblico-line-607_COLOMBO_CIC-Curitiba-942-9628-294348-0,-1.0,-25.453376,-49.265281,,False,3,2,2023-06-15T12:22:45.802152+00:00
CUR_HL316,Curitiba,4106902,0,URBS,607,https://moovitapp.com/index/pt-br/transporte_p%C3%BAblico-line-607_COLOMBO_CIC-Curitiba-942-9628-294348-0,-1.0,-25.45116,-49.26653,,False,3,2,2023-06-15T12:22:45.802152+00:00
CUR_HI015,Curitiba,4106902,1,,681,,,-25.515118,-49.294093,,False,1,1,2023-06-15T12:23:45.802152+00:00
CUR_HA023,Curitiba,4106902,1,,681,,,-25.57188,-49.332071,,False,1,2,2023-06-15T12:23:45.802152+00:00
CUR_DN604,Curitiba,4106902,1,,465,,,-25.468031,-49.254426,,False,7,2,2023-06-15T12:24:45.802152+00:00
CUR_BB303,Curitiba,4106902,1,,010,,,-25.419678,-49.254326,,False,10,,2023-06-15T12:23:45.802152+00:00
CUR_BA015,Curitiba,4106902,1,,827,,,-25.451431,-49.362518,,False,1,1,2023-06-15T12:23:45.802152+00:00
CUR_JI863,Curitiba,4106902,1,,762,,,-25.43563,-49.306121,,False,7,1,2023-06-15T12:24:45.802152+00:00
CUR_DC852,Curitiba,4106902,1,,466,,,-25.467915,-49.254355,,False,7,2,2023-06-15T12:23:45.802152+00:00
CUR_EL319,Curitiba,4106902,1,URBS,507,https://moovitapp.com/index/pt-br/transporte_p%C3%BAblico-line-507_S%C3%8DTIO_CERCADO_HOR%C3%81RIO-Curitiba-942-9628-294494-0,-1.0,-25.468391,-49.254648,,False,3,,2023-06-15T12:23:45.802152+00:00
CUR_EL332,Curitiba,4106902,1,URBS,507,https://moovitapp.com/index/pt-br/transporte_p%C3%BAblico-line-507_S%C3%8DTIO_CERCADO_HOR%C3%81RIO-Curitiba-942-9628-294494-0,-1.0,-25.467441,-49.255738,,False,3,,2023-06-15T12:22:45.802152+00:00
CUR_EL325,Curitiba,4106902,1,URBS,507,https://moovitapp.com/index/pt-br/transporte_p%C3%BAblico-line-507_S%C3%8DTIO_CERCADO_HOR%C3%81RIO-Curitiba-942-9628-294494-0,-1.0,-25.467445,-49.25577,,False,3,,2023-06-15T12:24:45.802152+00:00
CUR_EL333,Curitiba,4106902,1,URBS,507,https://moovitapp.com/index/pt-br/transporte_p%C3%BAblico-line-507_S%C3%8DTIO_CERCADO_HOR%C3%81RIO-Curitiba-942-9628-294494-0,-1.0,-25.467556,-49.255656,,False,3,,2023-06-15T12:23:45.802152+00:00
CUR_EL322,Curitiba,4106902,1,URBS,507,https://moovitapp.com/index/pt-br/transporte_p%C3%BAblico-line-507_S%C3%8DTIO_CERCADO_HOR%C3%81RIO-Curitiba-942-9628-294494-0,-1.0,-25.468351,-49.254683,,False,3,,2023-06-15T12:24:45.802152+00:00
CUR_EL326,Curitiba,4106902,1,URBS,507,https://moovitapp.com/index/pt-br/transporte_p%C3%BAblico-line-507_S%C3%8DTIO_CERCADO_HOR%C3%81RIO-Curitiba-942-9628-294494-0,-1.0,-25.467548,-49.255651,,False,3,,2023-06-15T12:24:45.802152+00:00
CUR_MI002,Curitiba,4106902,1,,821,,,-25.41942,-49.294406,,False,1,1,2023-06-15T12:23:45.802152+00:00
CUR_EI004,Curitiba,4106902,1,,471,,,-25.467153,-49.255566,,False,1,1,2023-06-15T12:24:45.802152+00:00
CUR_HI855,Curitiba,4106902,1,,814,,,-25.441828,-49.335641,,False,7,1,2023-06-15T12:23:45.802152+00:00
CUR_HI860,Curitiba,4106902,1,,674,,,-25.477176,-49.30837,,False,7,2,2023-06-15T12:23:45.802152+00:00
CUR_HA015,Curitiba,4106902,1,,628,,,-25.524658,-49.330626,,False,1,2,2023-06-15T12:24:45.802152+00:00
CUR_HI001,Curitiba,4106902,1,,628,,,-25.50711,-49.322071,,False,1,2,2023-06-15T12:21:45.802152+00:00
CUR_BC028,Curitiba,4106902,1,,182,,,-25.410338,-49.275493,,False,1,1,2023-06-15T12:22:45.802152+00:00
CUR_BC301,Curitiba,4106902,1,,182,,,-25.377268,-49.26239,,False,3,2,2023-06-15T12:23:45.802152+00:00
CUR_BI013,Curitiba,4106902,1,,182,,,-25.428946,-49.270203,,False,1,2,2023-06-15T12:23:45.802152+00:00
CUR_JI019,Curitiba,4106902,1,,711,,,-25.449265,-49.365916,,False,1,2,2023-06-15T12:24:45.802152+00:00
CUR_HI854,Curitiba,4106902,1,,673,,,-25.436791,-49.274185,,False,7,1,2023-06-15T12:20:45.802152+00:00
CUR_HI012,Curitiba,4106902,1,,712,,,-25.487986,-49.335806,,False,1,1,2023-06-15T12:22:45.802152+00:00
CUR_JI003,Curitiba,4106902,1,,712,,,-25.449155,-49.366008,,False,1,1,2023-06-15T12:23:45.802152+00:00
CUR_HA016,Curitiba,4106902,1,,653,,,-25.498713,-49.352436,,False,1,1,2023-06-15T12:20:45.802152+00:00
CUR_HA017,Curitiba,4106902,1,,653,,,-25.506385,-49.334606,,False,1,2,2023-06-15T12:22:45.802152+00:00
CUR_KE701,Curitiba,4106902,0,URBS,503,https://moovitapp.com/index/pt-br/transporte_p%C3%BAblico-line-503_BOQUEIR%C3%83O-Curitiba-942-9628-294244-0,-1.0,-25.467038,-49.254788,,False,5,2,2023-06-15T12:23:45.802152+00:00
CUR_KE702,Curitiba,4106902,0,URBS,503,https://moovitapp.com/index/pt-br/transporte_p%C3%BAblico-line-503_BOQUEIR%C3%83O-Curitiba-942-9628-294244-0,-1.0,-25.467015,-49.254851,,False,5,2,2023-06-15T12:24:45.802152+00:00
CUR_KE704,Curitiba,4106902,0,URBS,503,https://moovitapp.com/index/pt-br/transporte_p%C3%BAblico-line-503_BOQUEIR%C3%83O-Curitiba-942-9628-294244-0,-1.0,-25.46692,-49.254888,,False,5,1,2023-06-15T12:23:45.802152+00:00
CUR_GE614,Curitiba,4106902,0,URBS,503,https://moovitapp.com/index/pt-br/transporte_p%C3%BAblico-line-503_BOQUEIR%C3%83O-Curitiba-942-9628-294244-0,-1.0,-25.550055,-49.291741,,False,4,1,2023-06-15T12:24:45.802152+00:00
CUR_KE706,Curitiba,4106902,0,URBS,503,https://moovitapp.com/index/pt-br/transporte_p%C3%BAblico-line-503_BOQUEIR%C3%83O-Curitiba-942-9628-294244-0,-1.0,-25.46708,-49.254828,,False,5,1,2023-06-15T12:23:45.802152+00:00
CUR_HI043,Curitiba,4106902,1,,630,,,-25.53689,-49.318386,,False,1,2,2023-06-15T12:23:45.802152+00:00
CUR_HI027,Curitiba,4106902,1,,630,,,-25.541411,-49.308765,,False,1,1,2023-06-15T12:24:45.802152+00:00
CUR_BI852,Curitiba,4106902,1,,386,,,-25.431603,-49.270116,,False,7,1,2023-06-15T12:22:45.802152+00:00
CUR_BI900,Curitiba,4106902,1,,386,,,-25.433958,-49.21036,,False,7,2,2023-06-15T12:18:45.802152+00:00
CUR_BL316,Curitiba,4106902,0,URBS,256,https://moovitapp.com/index/pt-br/transporte_p%C3%BAblico-line-256_BARREIRINHA_GUADALUPE-Curitiba-942-9628-398191-0,-1.0,-25.40895,-49.266331,,False,3,1,2023-06-15T12:20:45.802152+00:00
CUR_BL340,Curitiba,4106902,1,URBS,256,https://moovitapp.com/index/pt-br/transporte_p%C3%BAblico-line-256_BARREIRINHA_GUADALUPE-Curitiba-942-9628-398191-0,-1.0,-25.399946,-49.259523,,False,3,2,2023-06-15T12:17:45.802152+00:00
CUR_BL312,Curitiba,4106902,0,URBS,256,https://moovitapp.com/index/pt-br/transporte_p%C3%BAblico-line-256_BARREIRINHA_GUADALUPE-Curitiba-942-9628-398191-0,-1.0,-25.415775,-49.281135,,False,3,2,2023-06-15T12:16:45.802152+00:00
CUR_BL338,Curitiba,4106902,0,URBS,256,https://moovitapp.com/index/pt-br/transporte_p%C3%BAblico-line-256_BARREIRINHA_GUADALUPE-Curitiba-942-9628-398191-0,-1.0,-25.415473,-49.281098,,False,3,1,2023-06-15T12:16:45.802152+00:00
CUR_BA002,Curitiba,4106902,1,,243,,,-25.362998,-49.263033,,False,1,2,2023-06-15T12:22:45.802152+00:00
CUR_BA027,Curitiba,4106902,1,,243,,,-25.395023,-49.243051,,False,1,2,2023-06-15T12:16:45.802152+00:00
CUR_BI011,Curitiba,4106902,1,,236,,,-25.36425,-49.2279,,False,1,2,2023-06-15T12:20:45.802152+00:00
CUR_BI016,Curitiba,4106902,1,,236,,,-25.395161,-49.242298,,False,1,1,2023-06-15T12:16:45.802152+00:00
CUR_JI007,Curitiba,4106902,1,,823,,,-25.448775,-49.366238,,False,1,2,2023-06-15T12:23:45.802152+00:00
CUR_DA290,Curitiba,4106902,1,,321,,,-25.467951,-49.255358,,False,1,1,2023-06-15T12:24:45.802152+00:00
CUR_GE706,Curitiba,4106902,0,URBS,500,https://moovitapp.com/index/pt-br/transporte_p%C3%BAblico-line-500_LIGEIR%C3%83O_BOQUEIR%C3%83O-Curitiba-942-9628-294422-0,-1.0,-25.45096,-49.262243,,False,5,,2023-06-15T12:23:45.802152+00:00
CUR_DN601,Curitiba,4106902,1,,331,,,-25.468018,-49.255426,,False,7,,2023-06-15T12:21:45.802152+00:00
CUR_GE707,Curitiba,4106902,0,URBS,500,https://moovitapp.com/index/pt-br/transporte_p%C3%BAblico-line-500_LIGEIR%C3%83O_BOQUEIR%C3%83O-Curitiba-942-9628-294422-0,-1.0,-25.538216,-49.27851,,False,5,,2023-06-15T12:22:45.802152+00:00
CUR_JI852,Curitiba,4106902,1,,761,,,-25.438348,-49.272721,,False,7,,2023-06-15T12:17:45.802152+00:00
CUR_GE715,Curitiba,4106902,0,URBS,200,https://moovitapp.com/index/pt-br/transporte_p%C3%BAblico-line-200_LIGEIR%C3%83O_SANTA_C%C3%82NDIDA_PRA%C3%87A_DO_JAP%C3%83O-Curitiba-942-9628-1323763-0,-1.0,-25.444836,-49.285391,,False,5,,2023-06-15T12:16:45.802152+00:00
CUR_BT007,Curitiba,4106902,0,,979,,,-25.430771,-49.262536,,False,3,,2023-06-15T12:22:45.802152+00:00
CUR_BT010,Curitiba,4106902,0,,979,,,-25.439888,-49.250076,,False,3,,2023-06-15T12:22:45.802152+00:00
CUR_MC307,Curitiba,4106902,1,,901,,,-25.41966,-49.293958,,False,3,1,2023-06-15T12:24:45.802152+00:00
CUR_MC300,Curitiba,4106902,1,,901,,,-25.407031,-49.325355,,False,3,1,2023-06-15T12:24:45.802152+00:00
CUR_MB499,Curitiba,4106902,0,,901,,,-25.419398,-49.294236,,False,3,2,2023-06-15T12:24:45.802152+00:00
CUR_HI851,Curitiba,4106902,1,,670,,,-25.467806,-49.298561,,False,7,1,2023-06-15T12:23:45.802152+00:00
CUR_GI056,Curitiba,4106902,1,,683,,,-25.548143,-49.292198,,False,1,2,2023-06-15T12:24:45.802152+00:00
CUR_BI004,Curitiba,4106902,1,Auto Viação São José,211,https://moovitapp.com/index/pt-br/transporte_p%C3%BAblico-line-211_PIT_PRA%C3%87A_DA_JUVENTUDE_IZAURA_IP%C3%8A-Curitiba-942-857412-73553392-0,-1.0,-25.409631,-49.220305,,False,1,2,2023-06-15T12:24:45.802152+00:00
CUR_BI002,Curitiba,4106902,1,Auto Viação São José,211,https://moovitapp.com/index/pt-br/transporte_p%C3%BAblico-line-211_PIT_PRA%C3%87A_DA_JUVENTUDE_IZAURA_IP%C3%8A-Curitiba-942-857412-73553392-0,-1.0,-25.406581,-49.252563,,False,1,1,2023-06-15T12:20:45.802152+00:00
CUR_BI009,Curitiba,4106902,1,Auto Viação São José,211,https://moovitapp.com/index/pt-br/transporte_p%C3%BAblico-line-211_PIT_PRA%C3%87A_DA_JUVENTUDE_IZAURA_IP%C3%8A-Curitiba-942-857412-73553392-0,-1.0,-25.395178,-49.242905,,False,1,2,2023-06-15T12:16:45.802152+00:00
CUR_BI003,Curitiba,4106902,1,Auto Viação São José,211,https://moovitapp.com/index/pt-br/transporte_p%C3%BAblico-line-211_PIT_PRA%C3%87A_DA_JUVENTUDE_IZAURA_IP%C3%8A-Curitiba-942-857412-73553392-0,-1.0,-25.395216,-49.242621,,False,1,1,2023-06-15T12:16:45.802152+00:00
CUR_BC017,Curitiba,4106902,1,,166,,,-25.397876,-49.288188,,False,1,1,2023-06-15T12:20:45.802152+00:00
CUR_BC012,Curitiba,4106902,1,,166,,,-25.39693,-49.287856,,False,1,2,2023-06-15T12:21:45.802152+00:00
CUR_DA292,Curitiba,4106902,1,,474,,,-25.467875,-49.255378,,False,1,2,2023-06-15T12:24:45.802152+00:00
CUR_HA699,Curitiba,4106902,1,,X37,,,-25.511745,-49.294796,,False,4,1,2023-06-15T12:17:45.802152+00:00
CUR_HI856,Curitiba,4106902,1,,600,,,-25.517068,-49.295591,,False,7,1,2023-06-15T12:22:45.802152+00:00
CUR_BI892,Curitiba,4106902,1,,181,,,-25.404121,-49.275556,,False,7,1,2023-06-15T12:23:45.802152+00:00
CUR_HI853,Curitiba,4106902,1,,644,,,-25.534873,-49.302123,,False,7,2,2023-06-15T12:19:45.802152+00:00
CUR_HL330,Curitiba,4106902,1,URBS,X35,https://moovitapp.com/index/pt-br/transporte_p%C3%BAblico-line-X35_PINHEIRINHO_PREFEITURA-Curitiba-942-9628-778958-0,-1.0,-25.426933,-49.2646,,False,3,1,2023-06-15T12:14:45.802152+00:00
CUR_JI855,Curitiba,4106902,1,,761,,,-25.448995,-49.366866,,False,7,1,2023-06-15T12:24:45.802152+00:00
CUR_GE702,Curitiba,4106902,0,URBS,500,https://moovitapp.com/index/pt-br/transporte_p%C3%BAblico-line-500_LIGEIR%C3%83O_BOQUEIR%C3%83O-Curitiba-942-9628-294422-0,-1.0,-25.549316,-49.291555,,False,5,2,2023-06-15T12:24:45.802152+00:00
CUR_GE725,Curitiba,4106902,0,URBS,500,https://moovitapp.com/index/pt-br/transporte_p%C3%BAblico-line-500_LIGEIR%C3%83O_BOQUEIR%C3%83O-Curitiba-942-9628-294422-0,-1.0,-25.550055,-49.29144,,False,5,2,2023-06-15T12:23:45.802152+00:00
CUR_GE728,Curitiba,4106902,0,URBS,500,https://moovitapp.com/index/pt-br/transporte_p%C3%BAblico-line-500_LIGEIR%C3%83O_BOQUEIR%C3%83O-Curitiba-942-9628-294422-0,-1.0,-25.54916,-49.291616,,False,5,2,2023-06-15T12:24:45.802152+00:00
CUR_GE717,Curitiba,4106902,0,URBS,500,https://moovitapp.com/index/pt-br/transporte_p%C3%BAblico-line-500_LIGEIR%C3%83O_BOQUEIR%C3%83O-Curitiba-942-9628-294422-0,-1.0,-25.549318,-49.291551,,False,5,1,2023-06-15T12:24:45.802152+00:00
CUR_HN616,Curitiba,4106902,1,,671,,,-25.439458,-49.272126,,False,7,1,2023-06-15T12:22:45.802152+00:00
CUR_EA008,Curitiba,4106902,1,,657,,,-25.468396,-49.255645,,False,1,1,2023-06-15T12:20:45.802152+00:00
CUR_EA026,Curitiba,4106902,1,,657,,,-25.468215,-49.256148,,False,1,1,2023-06-15T12:23:45.802152+00:00
CUR_DN603,Curitiba,4106902,1,,516,,,-25.467838,-49.254426,,False,7,1,2023-06-15T12:24:45.802152+00:00
CUR_BI857,Curitiba,4106902,1,,343,,,-25.412155,-49.205498,,False,7,1,2023-06-15T12:23:45.802152+00:00
CUR_HC011,Curitiba,4106902,1,,690,,,-25.514876,-49.29391,,False,1,1,2023-06-15T12:17:45.802152+00:00
CUR_MC851,Curitiba,4106902,1,,965,,,-25.41931,-49.294438,,False,7,1,2023-06-15T12:23:45.802152+00:00
CUR_MN605,Curitiba,4106902,1,,965,,,-25.419281,-49.294408,,False,7,2,2023-06-15T12:23:45.802152+00:00
CUR_BA602,Curitiba,4106902,1,,245,,,-25.395168,-49.242758,,False,4,1,2023-06-15T12:16:45.802152+00:00
CUR_BI600,Curitiba,4106902,1,,245,,,-25.395323,-49.24266,,False,4,1,2023-06-15T12:16:45.802152+00:00
CUR_BA601,Curitiba,4106902,1,,245,,,-25.395255,-49.242856,,False,4,1,2023-06-15T12:16:45.802152+00:00
CUR_GE703,Curitiba,4106902,0,URBS,200,https://moovitapp.com/index/pt-br/transporte_p%C3%BAblico-line-200_LIGEIR%C3%83O_SANTA_C%C3%82NDIDA_PRA%C3%87A_DO_JAP%C3%83O-Curitiba-942-9628-1323763-0,-1.0,-25.549606,-49.291641,,False,5,1,2023-06-15T12:24:45.802152+00:00
CUR_HE710,Curitiba,4106902,0,URBS,200,https://moovitapp.com/index/pt-br/transporte_p%C3%BAblico-line-200_LIGEIR%C3%83O_SANTA_C%C3%82NDIDA_PRA%C3%87A_DO_JAP%C3%83O-Curitiba-942-9628-1323763-0,-1.0,-25.437223,-49.265715,,False,5,1,2023-06-15T12:22:45.802152+00:00
CUR_BE712,Curitiba,4106902,0,URBS,200,https://moovitapp.com/index/pt-br/transporte_p%C3%BAblico-line-200_LIGEIR%C3%83O_SANTA_C%C3%82NDIDA_PRA%C3%87A_DO_JAP%C3%83O-Curitiba-942-9628-1323763-0,-1.0,-25.377545,-49.225888,,False,5,1,2023-06-15T12:21:45.802152+00:00
CUR_BE721,Curitiba,4106902,0,URBS,200,https://moovitapp.com/index/pt-br/transporte_p%C3%BAblico-line-200_LIGEIR%C3%83O_SANTA_C%C3%82NDIDA_PRA%C3%87A_DO_JAP%C3%83O-Curitiba-942-9628-1323763-0,-1.0,-25.430661,-49.26758,,False,5,2,2023-06-15T12:22:45.802152+00:00
CUR_BE724,Curitiba,4106902,0,URBS,200,https://moovitapp.com/index/pt-br/transporte_p%C3%BAblico-line-200_LIGEIR%C3%83O_SANTA_C%C3%82NDIDA_PRA%C3%87A_DO_JAP%C3%83O-Curitiba-942-9628-1323763-0,-1.0,-25.42306,-49.26736,,False,5,1,2023-06-15T12:23:45.802152+00:00
CUR_BE706,Curitiba,4106902,0,URBS,200,https://moovitapp.com/index/pt-br/transporte_p%C3%BAblico-line-200_LIGEIR%C3%83O_SANTA_C%C3%82NDIDA_PRA%C3%87A_DO_JAP%C3%83O-Curitiba-942-9628-1323763-0,-1.0,-25.394775,-49.242925,,False,5,2,2023-06-15T12:16:45.802152+00:00
CUR_BE701,Curitiba,4106902,0,URBS,200,https://moovitapp.com/index/pt-br/transporte_p%C3%BAblico-line-200_LIGEIR%C3%83O_SANTA_C%C3%82NDIDA_PRA%C3%87A_DO_JAP%C3%83O-Curitiba-942-9628-1323763-0,-1.0,-25.395411,-49.242825,,False,5,1,2023-06-15T12:16:45.802152+00:00
CUR_BE716,Curitiba,4106902,0,URBS,200,https://moovitapp.com/index/pt-br/transporte_p%C3%BAblico-line-200_LIGEIR%C3%83O_SANTA_C%C3%82NDIDA_PRA%C3%87A_DO_JAP%C3%83O-Curitiba-942-9628-1323763-0,-1.0,-25.394643,-49.242585,,False,5,1,2023-06-15T12:15:45.802152+00:00
CUR_BE704,Curitiba,4106902,0,URBS,200,https://moovitapp.com/index/pt-br/transporte_p%C3%BAblico-line-200_LIGEIR%C3%83O_SANTA_C%C3%82NDIDA_PRA%C3%87A_DO_JAP%C3%83O-Curitiba-942-9628-1323763-0,-1.0,-25.394946,-49.242393,,False,5,1,2023-06-15T12:16:45.802152+00:00
CUR_BI901,Curitiba,4106902,1,,361,,,-25.42773,-49.262841,,False,7,1,2023-06-15T12:22:45.802152+00:00
CUR_DC855,Curitiba,4106902,1,,464,,,-25.467823,-49.254393,,False,7,2,2023-06-15T12:23:45.802152+00:00
CUR_MN603,Curitiba,4106902,1,,464,,,-25.419643,-49.294478,,False,7,1,2023-06-15T12:24:45.802152+00:00
CUR_BC031,Curitiba,4106902,1,,373,,,-25.429915,-49.214473,,False,1,1,2023-06-15T12:22:45.802152+00:00
CUR_GI853,Curitiba,4106902,1,,666,,,-25.550261,-49.292015,,False,7,1,2023-06-15T12:24:45.802152+00:00
CUR_BI896,Curitiba,4106902,1,,875,,,-25.422961,-49.305361,,False,7,2,2023-06-15T12:23:45.802152+00:00
CUR_DC853,Curitiba,4106902,1,,331,,,-25.467721,-49.214211,,False,7,,2023-06-15T12:24:45.802152+00:00
CUR_BI886,Curitiba,4106902,1,,385,,,-25.434355,-49.262711,,False,7,1,2023-06-15T12:22:45.802152+00:00
CUR_BI883,Curitiba,4106902,1,,385,,,-25.393878,-49.242308,,False,7,1,2023-06-15T12:16:45.802152+00:00
CUR_BA019,Curitiba,4106902,1,,829,,,-25.441431,-49.346955,,False,1,,2023-06-15T12:23:45.802152+00:00
CUR_BC011,Curitiba,4106902,1,,829,,,-25.44028,-49.318166,,False,1,,2023-06-15T12:16:45.802152+00:00
CUR_BC018,Curitiba,4106902,1,,829,,,-25.415595,-49.281103,,False,1,,2023-06-15T12:16:45.802152+00:00
CUR_BI895,Curitiba,4106902,1,,164,,,-25.420653,-49.275188,,False,7,2,2023-06-15T12:18:45.802152+00:00
CUR_HL311,Curitiba,4106902,0,URBS,024,https://moovitapp.com/index/pt-br/transporte_p%C3%BAblico-line-024_CAP%C3%83O_RASO_CAMPINA_DO_SIQUEIRA-Curitiba-942-9628-1323693-0,-1.0,-25.451506,-49.304625,,False,3,2,2023-06-15T12:23:45.802152+00:00
CUR_BL304,Curitiba,4106902,0,URBS,518,https://moovitapp.com/index/pt-br/transporte_p%C3%BAblico-line-518_PUC_RODOFERROVI%C3%81RIA-Curitiba-942-9628-743528-0,-1.0,-25.415368,-49.281185,,False,3,1,2023-06-15T12:16:45.802152+00:00
CUR_DL305,Curitiba,4106902,0,URBS,469,https://moovitapp.com/index/pt-br/transporte_p%C3%BAblico-line-469_CENTRO_POLIT%C3%89CNICO-Curitiba-942-9628-294421-0,-1.0,-25.467793,-49.254693,,False,3,1,2023-06-15T12:19:45.802152+00:00
CUR_BA016,Curitiba,4106902,1,,815,,,-25.414396,-49.280971,,False,1,,2023-06-15T12:16:45.802152+00:00
CUR_BA012,Curitiba,4106902,1,,815,,,-25.415696,-49.281126,,False,1,1,2023-06-15T12:16:45.802152+00:00
