bus_id,city,city_code,adapted,agency,line_code,line_url,line_fare,latitude,longitude,bus_speed,is_eletric,bus_type,bus_direction,updated_at
CUR_HA603,Curitiba,4106902,1,,685,,,-25.564713,-49.328458,,False,4,2,2023-06-14T22:41:37.833954+00:00
CUR_HI605,Curitiba,4106902,1,,685,,,-25.595843,-49.346773,,False,4,1,2023-06-14T22:36:37.833954+00:00
CUR_HI610,Curitiba,4106902,1,,685,,,-25.520398,-49.329393,,False,4,1,2023-06-14T22:42:37.833954+00:00
CUR_DN400,Curitiba,4106902,1,,516,,,-25.472536,-49.244848,,False,7,1,2023-06-14T22:41:37.833954+00:00
CUR_BI882,Curitiba,4106902,1,Auto Viação São José,213,https://moovitapp.com/index/pt-br/transporte_p%C3%BAblico-line-213_PIT_PRA%C3%87A_DA_JUVENTUDE_CRISTAL_BLANCO_POMBO_HOR%C3%81RIO-Curitiba-942-857412-119631272-0,-1.0,-25.405923,-49.247558,,False,7,1,2023-06-14T22:41:37.833954+00:00
CUR_BI881,Curitiba,4106902,1,Auto Viação São José,213,https://moovitapp.com/index/pt-br/transporte_p%C3%BAblico-line-213_PIT_PRA%C3%87A_DA_JUVENTUDE_CRISTAL_BLANCO_POMBO_HOR%C3%81RIO-Curitiba-942-857412-119631272-0,-1.0,-25.390543,-49.223333,,False,7,2,2023-06-14T22:41:37.833954+00:00
CUR_BI865,Curitiba,4106902,1,,272,,,-25.375011,-49.250281,,False,7,1,2023-06-14T22:39:37.833954+00:00
CUR_BI893,Curitiba,4106902,1,,272,,,-25.40765,-49.256585,,False,7,2,2023-06-14T22:42:37.833954+00:00
CUR_BI880,Curitiba,4106902,1,,272,,,-25.407776,-49.264165,,False,7,2,2023-06-14T22:40:37.833954+00:00
CUR_HI012,Curitiba,4106902,1,,712,,,-25.515103,-49.321106,,False,1,2,2023-06-14T22:36:37.833954+00:00
CUR_JI004,Curitiba,4106902,1,,712,,,-25.451765,-49.36195,,False,1,2,2023-06-14T22:34:37.833954+00:00
CUR_JI007,Curitiba,4106902,1,,712,,,-25.482688,-49.331011,,False,1,2,2023-06-14T22:41:37.833954+00:00
CUR_HI031,Curitiba,4106902,1,,712,,,-25.500048,-49.337931,,False,1,1,2023-06-14T22:40:37.833954+00:00
CUR_MC079,Curitiba,4106902,1,,972,,,-25.392633,-49.334085,,False,1,1,2023-06-14T22:36:37.833954+00:00
CUR_MC306,Curitiba,4106902,1,,972,,,-25.414,-49.310461,,False,3,2,2023-06-14T22:40:37.833954+00:00
CUR_GI046,Curitiba,4106902,1,,637,,,-25.542983,-49.27653,,False,1,2,2023-06-14T22:40:37.833954+00:00
CUR_GI005,Curitiba,4106902,1,,637,,,-25.530623,-49.288561,,False,1,1,2023-06-14T22:40:37.833954+00:00
CUR_BB614,Curitiba,4106902,1,,021,,,-25.434633,-49.217666,,False,4,,2023-06-14T22:39:37.833954+00:00
CUR_EB605,Curitiba,4106902,1,,021,,,-25.479316,-49.298451,,False,4,,2023-06-14T22:41:37.833954+00:00
CUR_EB603,Curitiba,4106902,1,,021,,,-25.496168,-49.279575,,False,4,,2023-06-14T22:42:37.833954+00:00
CUR_GR126,Curitiba,4106902,1,,021,,,-25.426563,-49.241955,,False,4,,2023-06-14T22:28:37.833954+00:00
CUR_CB604,Curitiba,4106902,1,,021,,,-25.47279,-49.238015,,False,4,,2023-06-14T22:42:37.833954+00:00
CUR_BB600,Curitiba,4106902,1,,021,,,-25.403903,-49.289746,,False,4,,2023-06-14T22:40:37.833954+00:00
CUR_BA602,Curitiba,4106902,1,,021,,,-25.494873,-49.265496,,False,4,,2023-06-14T22:40:37.833954+00:00
CUR_BB615,Curitiba,4106902,1,,021,,,-25.492625,-49.292721,,False,4,,2023-06-14T22:40:37.833954+00:00
CUR_XY043,Curitiba,4106902,0,,021,,,-25.443935,-49.222703,,False,3,,2023-06-14T22:40:37.833954+00:00
CUR_GR124,Curitiba,4106902,1,,021,,,-25.39588,-49.250301,,False,4,,2023-06-14T22:40:37.833954+00:00
CUR_GB601,Curitiba,4106902,1,,021,,,-25.404706,-49.290485,,False,4,,2023-06-14T22:41:37.833954+00:00
CUR_KB697,Curitiba,4106902,0,,021,,,-25.446471,-49.224078,,False,4,,2023-06-14T22:41:37.833954+00:00
CUR_BB604,Curitiba,4106902,1,,021,,,-25.429556,-49.217428,,False,4,1,2023-06-14T22:38:37.833954+00:00
CUR_JI020,Curitiba,4106902,1,,828,,,-25.462028,-49.333891,,False,1,1,2023-06-14T22:40:37.833954+00:00
CUR_JA031,Curitiba,4106902,1,,828,,,-25.4603,-49.341353,,False,1,2,2023-06-14T22:40:37.833954+00:00
CUR_HA196,Curitiba,4106902,1,,828,,,-25.492591,-49.298308,,False,1,2,2023-06-14T22:36:37.833954+00:00
CUR_HA014,Curitiba,4106902,1,,828,,,-25.485106,-49.320885,,False,1,2,2023-06-14T22:41:37.833954+00:00
CUR_HC011,Curitiba,4106902,1,,828,,,-25.441535,-49.347066,,False,1,2,2023-06-14T22:34:37.833954+00:00
CUR_GC005,Curitiba,4106902,1,,542,,,-25.549591,-49.25979,,False,1,,2023-06-14T22:36:37.833954+00:00
CUR_GI032,Curitiba,4106902,1,,542,,,-25.540695,-49.271,,False,1,,2023-06-14T22:41:37.833954+00:00
CUR_GI029,Curitiba,4106902,1,,542,,,-25.536175,-49.272751,,False,1,,2023-06-14T22:32:37.833954+00:00
CUR_GI015,Curitiba,4106902,1,,542,,,-25.538721,-49.280656,,False,1,,2023-06-14T22:41:37.833954+00:00
CUR_GC018,Curitiba,4106902,1,,542,,,-25.54639,-49.262566,,False,1,,2023-06-14T22:42:37.833954+00:00
CUR_MI853,Curitiba,4106902,1,,967,,,-25.398768,-49.299515,,False,7,2,2023-06-14T22:42:37.833954+00:00
CUR_HI608,Curitiba,4106902,1,,619,,,-25.51446,-49.329176,,False,4,2,2023-06-14T22:41:37.833954+00:00
CUR_HI850,Curitiba,4106902,1,,265,,,-25.41686,-49.268236,,False,7,2,2023-06-14T22:41:37.833954+00:00
CUR_HI040,Curitiba,4106902,1,,680,,,-25.521935,-49.295575,,False,1,2,2023-06-14T22:40:37.833954+00:00
CUR_HI032,Curitiba,4106902,1,,680,,,-25.547833,-49.304376,,False,1,1,2023-06-14T22:36:37.833954+00:00
CUR_HI044,Curitiba,4106902,1,,680,,,-25.581525,-49.317596,,False,1,2,2023-06-14T22:41:37.833954+00:00
CUR_HI026,Curitiba,4106902,1,,680,,,-25.576006,-49.3313,,False,1,1,2023-06-14T22:42:37.833954+00:00
CUR_EB608,Curitiba,4106902,1,,050,,,-25.458321,-49.249686,,False,4,1,2023-06-14T22:41:37.833954+00:00
CUR_JB606,Curitiba,4106902,1,,050,,,-25.476575,-49.292203,,False,4,2,2023-06-14T22:35:37.833954+00:00
CUR_GB611,Curitiba,4106902,1,,050,,,-25.468656,-49.281991,,False,4,1,2023-06-14T22:42:37.833954+00:00
CUR_JB611,Curitiba,4106902,1,,050,,,-25.450653,-49.25299,,False,4,2,2023-06-14T22:41:37.833954+00:00
CUR_GB608,Curitiba,4106902,1,,050,,,-25.477596,-49.328296,,False,4,2,2023-06-14T22:39:37.833954+00:00
CUR_JB604,Curitiba,4106902,1,,050,,,-25.455758,-49.231376,,False,4,1,2023-06-14T22:42:37.833954+00:00
CUR_KB600,Curitiba,4106902,1,,050,,,-25.458275,-49.237748,,False,4,1,2023-06-14T22:41:37.833954+00:00
CUR_HB697,Curitiba,4106902,1,,050,,,-25.477281,-49.326068,,False,4,2,2023-06-14T22:39:37.833954+00:00
CUR_EB600,Curitiba,4106902,1,,050,,,-25.477865,-49.295346,,False,4,2,2023-06-14T22:41:37.833954+00:00
CUR_HA600,Curitiba,4106902,1,,650,,,-25.564485,-49.335901,,False,4,1,2023-06-14T22:41:37.833954+00:00
CUR_HA609,Curitiba,4106902,1,,650,,,-25.548998,-49.313605,,False,4,2,2023-06-14T22:41:37.833954+00:00
CUR_HI005,Curitiba,4106902,1,,650,,,-25.521781,-49.29557,,False,1,2,2023-06-14T22:40:37.833954+00:00
CUR_HI033,Curitiba,4106902,1,,650,,,-25.57634,-49.331216,,False,1,1,2023-06-14T22:33:37.833954+00:00
CUR_HR408,Curitiba,4106902,1,,650,,,-25.553933,-49.332656,,False,4,2,2023-06-14T22:39:37.833954+00:00
CUR_HI611,Curitiba,4106902,1,,650,,,-25.512115,-49.295266,,False,4,2,2023-06-14T22:40:37.833954+00:00
CUR_BL311,Curitiba,4106902,0,URBS,700,https://moovitapp.com/index/pt-br/transporte_p%C3%BAblico-line-700_PINHEIRINHO_CABRAL-Curitiba-942-9628-757429-0,-1.0,-25.415086,-49.26053,,False,3,2,2023-06-14T22:28:37.833954+00:00
CUR_BL306,Curitiba,4106902,0,URBS,700,https://moovitapp.com/index/pt-br/transporte_p%C3%BAblico-line-700_PINHEIRINHO_CABRAL-Curitiba-942-9628-757429-0,-1.0,-25.449566,-49.28395,,False,3,2,2023-06-14T22:41:37.833954+00:00
CUR_BL313,Curitiba,4106902,0,URBS,700,https://moovitapp.com/index/pt-br/transporte_p%C3%BAblico-line-700_PINHEIRINHO_CABRAL-Curitiba-942-9628-757429-0,-1.0,-25.448183,-49.285036,,False,3,1,2023-06-14T22:41:37.833954+00:00
CUR_HL498,Curitiba,4106902,1,URBS,700,https://moovitapp.com/index/pt-br/transporte_p%C3%BAblico-line-700_PINHEIRINHO_CABRAL-Curitiba-942-9628-757429-0,-1.0,-25.479935,-49.291791,,False,3,2,2023-06-14T22:38:37.833954+00:00
CUR_HL495,Curitiba,4106902,1,URBS,700,https://moovitapp.com/index/pt-br/transporte_p%C3%BAblico-line-700_PINHEIRINHO_CABRAL-Curitiba-942-9628-757429-0,-1.0,-25.481261,-49.29264,,False,3,1,2023-06-14T22:42:37.833954+00:00
CUR_HL329,Curitiba,4106902,1,URBS,700,https://moovitapp.com/index/pt-br/transporte_p%C3%BAblico-line-700_PINHEIRINHO_CABRAL-Curitiba-942-9628-757429-0,-1.0,-25.476205,-49.292925,,False,3,1,2023-06-14T22:41:37.833954+00:00
CUR_HL325,Curitiba,4106902,0,URBS,700,https://moovitapp.com/index/pt-br/transporte_p%C3%BAblico-line-700_PINHEIRINHO_CABRAL-Curitiba-942-9628-757429-0,-1.0,-25.420866,-49.268226,,False,3,2,2023-06-14T22:41:37.833954+00:00
CUR_HI027,Curitiba,4106902,1,,630,,,-25.514026,-49.294255,,False,1,2,2023-06-14T22:40:37.833954+00:00
CUR_HA020,Curitiba,4106902,1,,630,,,-25.543628,-49.323026,,False,1,1,2023-06-14T22:39:37.833954+00:00
CUR_HI045,Curitiba,4106902,1,,630,,,-25.534036,-49.300686,,False,1,1,2023-06-14T22:41:37.833954+00:00
CUR_JL322,Curitiba,4106902,1,URBS,702,https://moovitapp.com/index/pt-br/transporte_p%C3%BAblico-line-702_CAIU%C3%81_CACHOEIRA-Curitiba-942-9628-133282980-0,-1.0,-25.483588,-49.348706,,False,3,2,2023-06-14T22:39:37.833954+00:00
CUR_JL300,Curitiba,4106902,0,URBS,702,https://moovitapp.com/index/pt-br/transporte_p%C3%BAblico-line-702_CAIU%C3%81_CACHOEIRA-Curitiba-942-9628-133282980-0,-1.0,-25.448311,-49.28548,,False,3,2,2023-06-14T22:41:37.833954+00:00
CUR_JL302,Curitiba,4106902,0,URBS,702,https://moovitapp.com/index/pt-br/transporte_p%C3%BAblico-line-702_CAIU%C3%81_CACHOEIRA-Curitiba-942-9628-133282980-0,-1.0,-25.427828,-49.26465,,False,3,2,2023-06-14T22:40:37.833954+00:00
CUR_JL303,Curitiba,4106902,0,URBS,702,https://moovitapp.com/index/pt-br/transporte_p%C3%BAblico-line-702_CAIU%C3%81_CACHOEIRA-Curitiba-942-9628-133282980-0,-1.0,-25.339475,-49.271,,False,3,1,2023-06-14T22:40:37.833954+00:00
CUR_JL319,Curitiba,4106902,0,URBS,702,https://moovitapp.com/index/pt-br/transporte_p%C3%BAblico-line-702_CAIU%C3%81_CACHOEIRA-Curitiba-942-9628-133282980-0,-1.0,-25.44353,-49.268261,,False,3,1,2023-06-14T22:40:37.833954+00:00
CUR_JL311,Curitiba,4106902,0,URBS,702,https://moovitapp.com/index/pt-br/transporte_p%C3%BAblico-line-702_CAIU%C3%81_CACHOEIRA-Curitiba-942-9628-133282980-0,-1.0,-25.350851,-49.265095,,False,3,1,2023-06-14T22:41:37.833954+00:00
CUR_JL313,Curitiba,4106902,0,URBS,702,https://moovitapp.com/index/pt-br/transporte_p%C3%BAblico-line-702_CAIU%C3%81_CACHOEIRA-Curitiba-942-9628-133282980-0,-1.0,-25.477053,-49.323991,,False,3,2,2023-06-14T22:41:37.833954+00:00
CUR_DA011,Curitiba,4106902,1,,322,,,-25.468188,-49.208815,,False,1,2,2023-06-14T22:41:37.833954+00:00
CUR_MA003,Curitiba,4106902,1,,917,,,-25.371818,-49.330098,,False,1,2,2023-06-14T22:40:37.833954+00:00
CUR_JI604,Curitiba,4106902,1,,703,,,-25.479013,-49.340668,,False,4,2,2023-06-14T22:41:37.833954+00:00
CUR_JC305,Curitiba,4106902,1,,703,,,-25.460886,-49.305691,,False,3,2,2023-06-14T22:40:37.833954+00:00
CUR_JC308,Curitiba,4106902,1,,703,,,-25.48157,-49.35264,,False,3,2,2023-06-14T22:31:37.833954+00:00
CUR_JC600,Curitiba,4106902,1,,703,,,-25.471976,-49.318491,,False,4,2,2023-06-14T22:41:37.833954+00:00
CUR_JI601,Curitiba,4106902,1,,703,,,-25.445951,-49.279196,,False,4,2,2023-06-14T22:41:37.833954+00:00
CUR_JC303,Curitiba,4106902,1,,703,,,-25.446258,-49.275186,,False,3,1,2023-06-14T22:41:37.833954+00:00
CUR_JI300,Curitiba,4106902,0,,703,,,-25.477648,-49.332925,,False,3,1,2023-06-14T22:40:37.833954+00:00
CUR_JI301,Curitiba,4106902,1,,703,,,-25.483796,-49.350006,,False,3,2,2023-06-14T22:40:37.833954+00:00
CUR_BE714,Curitiba,4106902,0,URBS,203,https://moovitapp.com/index/pt-br/transporte_p%C3%BAblico-line-203_SANTA_C%C3%82NDIDA_CAP%C3%83O_RASO-Curitiba-942-9628-1323737-0,-1.0,-25.478596,-49.29212,,False,5,1,2023-06-14T22:41:37.833954+00:00
CUR_BE716,Curitiba,4106902,0,URBS,203,https://moovitapp.com/index/pt-br/transporte_p%C3%BAblico-line-203_SANTA_C%C3%82NDIDA_CAP%C3%83O_RASO-Curitiba-942-9628-1323737-0,-1.0,-25.384475,-49.23214,,False,5,1,2023-06-14T22:29:37.833954+00:00
CUR_BE715,Curitiba,4106902,0,URBS,203,https://moovitapp.com/index/pt-br/transporte_p%C3%BAblico-line-203_SANTA_C%C3%82NDIDA_CAP%C3%83O_RASO-Curitiba-942-9628-1323737-0,-1.0,-25.398645,-49.245265,,False,5,2,2023-06-14T22:39:37.833954+00:00
CUR_GE736,Curitiba,4106902,0,URBS,203,https://moovitapp.com/index/pt-br/transporte_p%C3%BAblico-line-203_SANTA_C%C3%82NDIDA_CAP%C3%83O_RASO-Curitiba-942-9628-1323737-0,-1.0,-25.437466,-49.266291,,False,5,2,2023-06-14T22:41:37.833954+00:00
CUR_GE726,Curitiba,4106902,0,URBS,203,https://moovitapp.com/index/pt-br/transporte_p%C3%BAblico-line-203_SANTA_C%C3%82NDIDA_CAP%C3%83O_RASO-Curitiba-942-9628-1323737-0,-1.0,-25.43731,-49.265775,,False,5,2,2023-06-14T22:42:37.833954+00:00
CUR_BE702,Curitiba,4106902,0,URBS,203,https://moovitapp.com/index/pt-br/transporte_p%C3%BAblico-line-203_SANTA_C%C3%82NDIDA_CAP%C3%83O_RASO-Curitiba-942-9628-1323737-0,-1.0,-25.448258,-49.287725,,False,5,2,2023-06-14T22:42:37.833954+00:00
CUR_GE704,Curitiba,4106902,0,URBS,203,https://moovitapp.com/index/pt-br/transporte_p%C3%BAblico-line-203_SANTA_C%C3%82NDIDA_CAP%C3%83O_RASO-Curitiba-942-9628-1323737-0,-1.0,-25.383268,-49.231093,,False,5,1,2023-06-14T22:35:37.833954+00:00
CUR_BE727,Curitiba,4106902,0,URBS,203,https://moovitapp.com/index/pt-br/transporte_p%C3%BAblico-line-203_SANTA_C%C3%82NDIDA_CAP%C3%83O_RASO-Curitiba-942-9628-1323737-0,-1.0,-25.450705,-49.287935,,False,5,2,2023-06-14T22:41:37.833954+00:00
CUR_BE706,Curitiba,4106902,0,URBS,203,https://moovitapp.com/index/pt-br/transporte_p%C3%BAblico-line-203_SANTA_C%C3%82NDIDA_CAP%C3%83O_RASO-Curitiba-942-9628-1323737-0,-1.0,-25.486416,-49.294256,,False,5,2,2023-06-14T22:38:37.833954+00:00
CUR_BE707,Curitiba,4106902,0,URBS,203,https://moovitapp.com/index/pt-br/transporte_p%C3%BAblico-line-203_SANTA_C%C3%82NDIDA_CAP%C3%83O_RASO-Curitiba-942-9628-1323737-0,-1.0,-25.395556,-49.242325,,False,5,1,2023-06-14T22:38:37.833954+00:00
CUR_GD341,Curitiba,4106902,0,URBS,203,https://moovitapp.com/index/pt-br/transporte_p%C3%BAblico-line-203_SANTA_C%C3%82NDIDA_CAP%C3%83O_RASO-Curitiba-942-9628-1323737-0,-1.0,-25.485141,-49.294005,,False,5,2,2023-06-14T22:28:37.833954+00:00
CUR_HE714,Curitiba,4106902,0,URBS,203,https://moovitapp.com/index/pt-br/transporte_p%C3%BAblico-line-203_SANTA_C%C3%82NDIDA_CAP%C3%83O_RASO-Curitiba-942-9628-1323737-0,-1.0,-25.454506,-49.288005,,False,5,2,2023-06-14T22:36:37.833954+00:00
CUR_BE728,Curitiba,4106902,0,URBS,203,https://moovitapp.com/index/pt-br/transporte_p%C3%BAblico-line-203_SANTA_C%C3%82NDIDA_CAP%C3%83O_RASO-Curitiba-942-9628-1323737-0,-1.0,-25.488481,-49.294186,,False,5,1,2023-06-14T22:41:37.833954+00:00
CUR_BE712,Curitiba,4106902,0,URBS,203,https://moovitapp.com/index/pt-br/transporte_p%C3%BAblico-line-203_SANTA_C%C3%82NDIDA_CAP%C3%83O_RASO-Curitiba-942-9628-1323737-0,-1.0,-25.377625,-49.225935,,False,5,1,2023-06-14T22:41:37.833954+00:00
CUR_GD342,Curitiba,4106902,0,URBS,203,https://moovitapp.com/index/pt-br/transporte_p%C3%BAblico-line-203_SANTA_C%C3%82NDIDA_CAP%C3%83O_RASO-Curitiba-942-9628-1323737-0,-1.0,-25.43778,-49.267123,,False,5,2,2023-06-14T22:40:37.833954+00:00
CUR_BE717,Curitiba,4106902,0,URBS,203,https://moovitapp.com/index/pt-br/transporte_p%C3%BAblico-line-203_SANTA_C%C3%82NDIDA_CAP%C3%83O_RASO-Curitiba-942-9628-1323737-0,-1.0,-25.384133,-49.231768,,False,5,2,2023-06-14T22:41:37.833954+00:00
CUR_GD349,Curitiba,4106902,0,URBS,203,https://moovitapp.com/index/pt-br/transporte_p%C3%BAblico-line-203_SANTA_C%C3%82NDIDA_CAP%C3%83O_RASO-Curitiba-942-9628-1323737-0,-1.0,-25.385278,-49.232958,,False,5,1,2023-06-14T22:38:37.833954+00:00
CUR_BE725,Curitiba,4106902,0,URBS,203,https://moovitapp.com/index/pt-br/transporte_p%C3%BAblico-line-203_SANTA_C%C3%82NDIDA_CAP%C3%83O_RASO-Curitiba-942-9628-1323737-0,-1.0,-25.468506,-49.293766,,False,5,2,2023-06-14T22:37:37.833954+00:00
CUR_BE713,Curitiba,4106902,0,URBS,203,https://moovitapp.com/index/pt-br/transporte_p%C3%BAblico-line-203_SANTA_C%C3%82NDIDA_CAP%C3%83O_RASO-Curitiba-942-9628-1323737-0,-1.0,-25.483093,-49.29318,,False,5,2,2023-06-14T22:40:37.833954+00:00
CUR_BE722,Curitiba,4106902,0,URBS,203,https://moovitapp.com/index/pt-br/transporte_p%C3%BAblico-line-203_SANTA_C%C3%82NDIDA_CAP%C3%83O_RASO-Curitiba-942-9628-1323737-0,-1.0,-25.45987,-49.289151,,False,5,2,2023-06-14T22:38:37.833954+00:00
CUR_GI859,Curitiba,4106902,1,,662,,,-25.441798,-49.272156,,False,7,1,2023-06-14T22:35:37.833954+00:00
CUR_GI850,Curitiba,4106902,1,,662,,,-25.48017,-49.281476,,False,7,2,2023-06-14T22:41:37.833954+00:00
CUR_DL301,Curitiba,4106902,0,URBS,305,https://moovitapp.com/index/pt-br/transporte_p%C3%BAblico-line-305_CENTEN%C3%81RIO-Curitiba-942-9628-294271-0,-1.0,-25.468748,-49.207823,,False,3,1,2023-06-14T22:41:37.833954+00:00
CUR_DL307,Curitiba,4106902,0,URBS,305,https://moovitapp.com/index/pt-br/transporte_p%C3%BAblico-line-305_CENTEN%C3%81RIO-Curitiba-942-9628-294271-0,-1.0,-25.45689,-49.223003,,False,3,2,2023-06-14T22:39:37.833954+00:00
CUR_DL305,Curitiba,4106902,0,URBS,305,https://moovitapp.com/index/pt-br/transporte_p%C3%BAblico-line-305_CENTEN%C3%81RIO-Curitiba-942-9628-294271-0,-1.0,-25.442438,-49.247488,,False,3,1,2023-06-14T22:28:37.833954+00:00
CUR_MA011,Curitiba,4106902,1,,924,,,-25.388115,-49.321188,,False,1,1,2023-06-14T22:41:37.833954+00:00
CUR_MI004,Curitiba,4106902,1,,924,,,-25.386446,-49.303738,,False,1,2,2023-06-14T22:41:37.833954+00:00
CUR_MI003,Curitiba,4106902,1,,924,,,-25.36576,-49.260206,,False,1,1,2023-06-14T22:37:37.833954+00:00
CUR_BI023,Curitiba,4106902,1,,231,,,-25.374461,-49.20813,,False,1,2,2023-06-14T22:40:37.833954+00:00
CUR_BI014,Curitiba,4106902,1,,924,,,-25.387053,-49.302576,,False,1,2,2023-06-14T22:41:37.833954+00:00
CUR_BI016,Curitiba,4106902,1,,924,,,-25.362511,-49.253045,,False,1,2,2023-06-14T22:38:37.833954+00:00
CUR_BC028,Curitiba,4106902,1,,924,,,-25.37995,-49.306298,,False,1,1,2023-06-14T22:37:37.833954+00:00
CUR_BI010,Curitiba,4106902,1,,924,,,-25.374446,-49.22319,,False,1,1,2023-06-14T22:41:37.833954+00:00
CUR_EI018,Curitiba,4106902,1,,663,,,-25.439841,-49.273135,,False,1,2,2023-06-14T22:41:37.833954+00:00
CUR_EA025,Curitiba,4106902,1,,663,,,-25.485245,-49.287611,,False,1,1,2023-06-14T22:41:37.833954+00:00
CUR_BI030,Curitiba,4106902,1,,812,,,-25.417853,-49.338065,,False,1,1,2023-06-14T22:40:37.833954+00:00
CUR_BI026,Curitiba,4106902,1,,812,,,-25.42181,-49.330413,,False,1,2,2023-06-14T22:40:37.833954+00:00
CUR_BI027,Curitiba,4106902,1,,812,,,-25.417131,-49.344796,,False,1,2,2023-06-14T22:41:37.833954+00:00
CUR_HI048,Curitiba,4106902,1,,622,,,-25.494245,-49.311341,,False,1,1,2023-06-14T22:38:37.833954+00:00
CUR_KE708,Curitiba,4106902,0,URBS,502,https://moovitapp.com/index/pt-br/transporte_p%C3%BAblico-line-502_CIRCULAR_SUL_HOR%C3%81RIO-Curitiba-942-9628-294482-0,-1.0,-25.48319,-49.293235,,False,5,,2023-06-14T22:41:37.833954+00:00
CUR_GE612,Curitiba,4106902,0,URBS,502,https://moovitapp.com/index/pt-br/transporte_p%C3%BAblico-line-502_CIRCULAR_SUL_HOR%C3%81RIO-Curitiba-942-9628-294482-0,-1.0,-25.534296,-49.26748,,False,4,,2023-06-14T22:38:37.833954+00:00
CUR_GE610,Curitiba,4106902,0,URBS,502,https://moovitapp.com/index/pt-br/transporte_p%C3%BAblico-line-502_CIRCULAR_SUL_HOR%C3%81RIO-Curitiba-942-9628-294482-0,-1.0,-25.48213,-49.24689,,False,4,,2023-06-14T22:42:37.833954+00:00
CUR_HE615,Curitiba,4106902,0,URBS,502,https://moovitapp.com/index/pt-br/transporte_p%C3%BAblico-line-502_CIRCULAR_SUL_HOR%C3%81RIO-Curitiba-942-9628-294482-0,-1.0,-25.508895,-49.233906,,False,4,,2023-06-14T22:41:37.833954+00:00
CUR_HE605,Curitiba,4106902,0,URBS,502,https://moovitapp.com/index/pt-br/transporte_p%C3%BAblico-line-502_CIRCULAR_SUL_HOR%C3%81RIO-Curitiba-942-9628-294482-0,-1.0,-25.527376,-49.292123,,False,4,,2023-06-14T22:40:37.833954+00:00
CUR_HE601,Curitiba,4106902,0,URBS,502,https://moovitapp.com/index/pt-br/transporte_p%C3%BAblico-line-502_CIRCULAR_SUL_HOR%C3%81RIO-Curitiba-942-9628-294482-0,-1.0,-25.521091,-49.227985,,False,4,,2023-06-14T22:38:37.833954+00:00
CUR_GE605,Curitiba,4106902,0,URBS,502,https://moovitapp.com/index/pt-br/transporte_p%C3%BAblico-line-502_CIRCULAR_SUL_HOR%C3%81RIO-Curitiba-942-9628-294482-0,-1.0,-25.53335,-49.264648,,False,4,,2023-06-14T22:39:37.833954+00:00
CUR_GE601,Curitiba,4106902,0,URBS,502,https://moovitapp.com/index/pt-br/transporte_p%C3%BAblico-line-502_CIRCULAR_SUL_HOR%C3%81RIO-Curitiba-942-9628-294482-0,-1.0,-25.521035,-49.228031,,False,4,,2023-06-14T22:40:37.833954+00:00
CUR_DA020,Curitiba,4106902,0,,336,,,-25.484465,-49.198585,,False,1,1,2023-06-14T22:41:37.833954+00:00
CUR_EA006,Curitiba,4106902,1,,336,,,-25.491541,-49.200758,,False,1,2,2023-06-14T22:41:37.833954+00:00
CUR_BI873,Curitiba,4106902,1,,184,,,-25.395131,-49.273058,,False,7,2,2023-06-14T22:40:37.833954+00:00
CUR_BI872,Curitiba,4106902,1,,184,,,-25.38072,-49.272681,,False,7,2,2023-06-14T22:40:37.833954+00:00
CUR_HL309,Curitiba,4106902,0,URBS,607,https://moovitapp.com/index/pt-br/transporte_p%C3%BAblico-line-607_COLOMBO_CIC-Curitiba-942-9628-294348-0,-1.0,-25.497718,-49.305296,,False,3,1,2023-06-14T22:41:37.833954+00:00
CUR_HL310,Curitiba,4106902,0,URBS,607,https://moovitapp.com/index/pt-br/transporte_p%C3%BAblico-line-607_COLOMBO_CIC-Curitiba-942-9628-294348-0,-1.0,-25.43654,-49.271068,,False,3,2,2023-06-14T22:41:37.833954+00:00
CUR_HL331,Curitiba,4106902,1,URBS,607,https://moovitapp.com/index/pt-br/transporte_p%C3%BAblico-line-607_COLOMBO_CIC-Curitiba-942-9628-294348-0,-1.0,-25.4021,-49.241085,,False,3,2,2023-06-14T22:39:37.833954+00:00
CUR_HL320,Curitiba,4106902,0,URBS,607,https://moovitapp.com/index/pt-br/transporte_p%C3%BAblico-line-607_COLOMBO_CIC-Curitiba-942-9628-294348-0,-1.0,-25.47139,-49.285163,,False,3,1,2023-06-14T22:42:37.833954+00:00
CUR_HL301,Curitiba,4106902,0,URBS,607,https://moovitapp.com/index/pt-br/transporte_p%C3%BAblico-line-607_COLOMBO_CIC-Curitiba-942-9628-294348-0,-1.0,-25.498628,-49.309423,,False,3,1,2023-06-14T22:30:37.833954+00:00
CUR_HL322,Curitiba,4106902,0,URBS,607,https://moovitapp.com/index/pt-br/transporte_p%C3%BAblico-line-607_COLOMBO_CIC-Curitiba-942-9628-294348-0,-1.0,-25.491178,-49.293856,,False,3,1,2023-06-14T22:41:37.833954+00:00
CUR_HL328,Curitiba,4106902,0,URBS,607,https://moovitapp.com/index/pt-br/transporte_p%C3%BAblico-line-607_COLOMBO_CIC-Curitiba-942-9628-294348-0,-1.0,-25.37234,-49.20257,,False,3,2,2023-06-14T22:40:37.833954+00:00
CUR_HL497,Curitiba,4106902,1,URBS,607,https://moovitapp.com/index/pt-br/transporte_p%C3%BAblico-line-607_COLOMBO_CIC-Curitiba-942-9628-294348-0,-1.0,-25.372178,-49.19386,,False,3,2,2023-06-14T22:34:37.833954+00:00
CUR_HL496,Curitiba,4106902,1,URBS,607,https://moovitapp.com/index/pt-br/transporte_p%C3%BAblico-line-607_COLOMBO_CIC-Curitiba-942-9628-294348-0,-1.0,-25.472528,-49.286601,,False,3,1,2023-06-14T22:41:37.833954+00:00
CUR_HA190,Curitiba,4106902,1,,652,,,-25.511493,-49.324541,,False,1,1,2023-06-14T22:40:37.833954+00:00
CUR_HI010,Curitiba,4106902,1,,652,,,-25.529406,-49.327421,,False,1,1,2023-06-14T22:41:37.833954+00:00
CUR_GC016,Curitiba,4106902,1,,683,,,-25.567456,-49.281396,,False,1,2,2023-06-14T22:36:37.833954+00:00
CUR_GI854,Curitiba,4106902,1,,661,,,-25.472646,-49.264101,,False,7,2,2023-06-14T22:39:37.833954+00:00
CUR_GI856,Curitiba,4106902,1,,661,,,-25.550155,-49.292015,,False,7,,2023-06-14T22:36:37.833954+00:00
CUR_CI007,Curitiba,4106902,1,,222,,,-25.384698,-49.204388,,False,1,2,2023-06-14T22:42:37.833954+00:00
CUR_CI006,Curitiba,4106902,1,,222,,,-25.387218,-49.215703,,False,1,1,2023-06-14T22:42:37.833954+00:00
CUR_CA010,Curitiba,4106902,1,Auto Viação São José,216,https://moovitapp.com/index/pt-br/transporte_p%C3%BAblico-line-216_PIT_PRA%C3%87A_DA_JUVENTUDE_SANTA_F%C3%89_PINDORAMA-Curitiba-942-857412-122004458-0,-1.0,-25.390385,-49.223188,,False,1,2,2023-06-14T22:40:37.833954+00:00
CUR_MI856,Curitiba,4106902,1,,915,,,-25.400575,-49.330646,,False,7,1,2023-06-14T22:39:37.833954+00:00
CUR_BI025,Curitiba,4106902,1,,916,,,-25.372426,-49.330143,,False,1,1,2023-06-14T22:38:37.833954+00:00
CUR_MC300,Curitiba,4106902,1,,916,,,-25.400961,-49.33016,,False,3,1,2023-06-14T22:40:37.833954+00:00
CUR_EI007,Curitiba,4106902,1,,522,,,-25.524058,-49.254631,,False,1,2,2023-06-14T22:41:37.833954+00:00
CUR_EA073,Curitiba,4106902,1,,522,,,-25.507365,-49.247361,,False,1,1,2023-06-14T22:41:37.833954+00:00
CUR_HI017,Curitiba,4106902,1,,627,,,-25.536551,-49.332051,,False,1,1,2023-06-14T22:39:37.833954+00:00
CUR_HI006,Curitiba,4106902,1,,627,,,-25.505575,-49.321053,,False,1,1,2023-06-14T22:39:37.833954+00:00
CUR_HA011,Curitiba,4106902,1,,627,,,-25.50243,-49.309333,,False,1,2,2023-06-14T22:41:37.833954+00:00
CUR_BI887,Curitiba,4106902,1,,224,,,-25.387276,-49.236198,,False,7,,2023-06-14T22:36:37.833954+00:00
CUR_BA031,Curitiba,4106902,1,,207,,,-25.402058,-49.248178,,False,1,1,2023-06-14T22:29:37.833954+00:00
CUR_BC323,Curitiba,4106902,1,,207,,,-25.432433,-49.276676,,False,3,2,2023-06-14T22:40:37.833954+00:00
CUR_BI300,Curitiba,4106902,1,,207,,,-25.406275,-49.25235,,False,3,2,2023-06-14T22:41:37.833954+00:00
CUR_BC307,Curitiba,4106902,1,,207,,,-25.406401,-49.252551,,False,3,2,2023-06-14T22:41:37.833954+00:00
CUR_GI007,Curitiba,4106902,1,,547,,,-25.537246,-49.256535,,False,1,1,2023-06-14T22:41:37.833954+00:00
CUR_DC092,Curitiba,4106902,1,,468,,,-25.49271,-49.211588,,False,1,2,2023-06-14T22:41:37.833954+00:00
CUR_DC292,Curitiba,4106902,1,,468,,,-25.485526,-49.213053,,False,1,1,2023-06-14T22:42:37.833954+00:00
CUR_EA211,Curitiba,4106902,1,,468,,,-25.441941,-49.252236,,False,1,1,2023-06-14T22:41:37.833954+00:00
CUR_MI855,Curitiba,4106902,1,,912,,,-25.401136,-49.330093,,False,7,1,2023-06-14T22:39:37.833954+00:00
CUR_MI851,Curitiba,4106902,1,Auto Viação São José,150,https://moovitapp.com/index/pt-br/transporte_p%C3%BAblico-line-150_T_AFONSO_PENA_PIT_BORDA_DO_CAMPO-Curitiba-942-857412-53904521-0,-1.0,-25.411145,-49.296315,,False,7,2,2023-06-14T22:40:37.833954+00:00
CUR_HI020,Curitiba,4106902,1,,617,,,-25.576223,-49.331213,,False,1,1,2023-06-14T22:40:37.833954+00:00
CUR_HI028,Curitiba,4106902,1,,617,,,-25.518861,-49.2955,,False,1,2,2023-06-14T22:40:37.833954+00:00
CUR_HA028,Curitiba,4106902,1,,617,,,-25.572616,-49.337521,,False,1,1,2023-06-14T22:39:37.833954+00:00
CUR_HB608,Curitiba,4106902,1,,060,,,-25.466913,-49.355635,,False,4,2,2023-06-14T22:41:37.833954+00:00
CUR_HB607,Curitiba,4106902,1,,060,,,-25.483878,-49.347333,,False,4,1,2023-06-14T22:40:37.833954+00:00
CUR_HB601,Curitiba,4106902,1,,060,,,-25.534778,-49.317103,,False,4,2,2023-06-14T22:40:37.833954+00:00
CUR_HB698,Curitiba,4106902,1,,060,,,-25.511955,-49.294983,,False,4,2,2023-06-14T22:42:37.833954+00:00
CUR_HB699,Curitiba,4106902,1,,060,,,-25.48376,-49.350426,,False,4,1,2023-06-14T22:42:37.833954+00:00
CUR_EA027,Curitiba,4106902,1,,X06,,,-25.5416,-49.271708,,False,1,2,2023-06-14T22:41:37.833954+00:00
CUR_HI047,Curitiba,4106902,1,,623,,,-25.518063,-49.304316,,False,1,2,2023-06-14T22:37:37.833954+00:00
CUR_HI004,Curitiba,4106902,1,,623,,,-25.492026,-49.293326,,False,1,1,2023-06-14T22:38:37.833954+00:00
CUR_HA027,Curitiba,4106902,1,,623,,,-25.520435,-49.3051,,False,1,1,2023-06-14T22:32:37.833954+00:00
CUR_JI006,Curitiba,4106902,1,,611,,,-25.469798,-49.317123,,False,1,2,2023-06-14T22:41:37.833954+00:00
CUR_JI003,Curitiba,4106902,1,,611,,,-25.47543,-49.292073,,False,1,1,2023-06-14T22:34:37.833954+00:00
CUR_JI014,Curitiba,4106902,1,,611,,,-25.477276,-49.327628,,False,1,2,2023-06-14T22:40:37.833954+00:00
CUR_JC317,Curitiba,4106902,1,,701,,,-25.435145,-49.273156,,False,3,1,2023-06-14T22:39:37.833954+00:00
CUR_JC313,Curitiba,4106902,1,,701,,,-25.434865,-49.272343,,False,3,1,2023-06-14T22:38:37.833954+00:00
CUR_JC304,Curitiba,4106902,1,,701,,,-25.46022,-49.303476,,False,3,2,2023-06-14T22:42:37.833954+00:00
CUR_JC311,Curitiba,4106902,1,,701,,,-25.474333,-49.318301,,False,3,2,2023-06-14T22:40:37.833954+00:00
CUR_JC306,Curitiba,4106902,1,,826,,,-25.469648,-49.354465,,False,3,1,2023-06-14T22:41:37.833954+00:00
CUR_JA699,Curitiba,4106902,1,,701,,,-25.46742,-49.308896,,False,4,2,2023-06-14T22:35:37.833954+00:00
CUR_GI057,Curitiba,4106902,1,,638,,,-25.533541,-49.296391,,False,1,1,2023-06-14T22:41:37.833954+00:00
CUR_GI009,Curitiba,4106902,1,,638,,,-25.55341,-49.267605,,False,1,2,2023-06-14T22:41:37.833954+00:00
CUR_GA178,Curitiba,4106902,1,,638,,,-25.513641,-49.295673,,False,1,1,2023-06-14T22:35:37.833954+00:00
CUR_GI006,Curitiba,4106902,1,,624,,,-25.50532,-49.287825,,False,1,1,2023-06-14T22:42:37.833954+00:00
CUR_GI039,Curitiba,4106902,1,,624,,,-25.504271,-49.290626,,False,1,1,2023-06-14T22:41:37.833954+00:00
CUR_GI048,Curitiba,4106902,1,,640,,,-25.553573,-49.293161,,False,1,2,2023-06-14T22:36:37.833954+00:00
CUR_GI024,Curitiba,4106902,1,,640,,,-25.512685,-49.29474,,False,1,1,2023-06-14T22:39:37.833954+00:00
CUR_GA180,Curitiba,4106902,1,,640,,,-25.549671,-49.294248,,False,1,2,2023-06-14T22:41:37.833954+00:00
CUR_MC302,Curitiba,4106902,1,,901,,,-25.423578,-49.291123,,False,3,1,2023-06-14T22:41:37.833954+00:00
CUR_MC307,Curitiba,4106902,1,,901,,,-25.422601,-49.289943,,False,3,2,2023-06-14T22:39:37.833954+00:00
CUR_MC078,Curitiba,4106902,1,,901,,,-25.401813,-49.329135,,False,1,2,2023-06-14T22:38:37.833954+00:00
CUR_HI042,Curitiba,4106902,1,,654,,,-25.50126,-49.319951,,False,1,2,2023-06-14T22:41:37.833954+00:00
CUR_HI041,Curitiba,4106902,1,,654,,,-25.492673,-49.309966,,False,1,1,2023-06-14T22:40:37.833954+00:00
CUR_HC013,Curitiba,4106902,1,,654,,,-25.511323,-49.325066,,False,1,1,2023-06-14T22:34:37.833954+00:00
CUR_GI008,Curitiba,4106902,1,,665,,,-25.437435,-49.270631,,False,1,1,2023-06-14T22:41:37.833954+00:00
CUR_GI857,Curitiba,4106902,1,,665,,,-25.508935,-49.282451,,False,7,2,2023-06-14T22:40:37.833954+00:00
CUR_GC017,Curitiba,4106902,1,,631,,,-25.52189,-49.290183,,False,1,,2023-06-14T22:41:37.833954+00:00
CUR_GI027,Curitiba,4106902,1,,631,,,-25.513545,-49.29509,,False,1,,2023-06-14T22:40:37.833954+00:00
CUR_HA013,Curitiba,4106902,1,,659,,,-25.614656,-49.342566,,False,1,1,2023-06-14T22:39:37.833954+00:00
CUR_HI024,Curitiba,4106902,1,,659,,,-25.589211,-49.318951,,False,1,2,2023-06-14T22:40:37.833954+00:00
CUR_HC004,Curitiba,4106902,1,,659,,,-25.523681,-49.29322,,False,1,2,2023-06-14T22:39:37.833954+00:00
CUR_DA022,Curitiba,4106902,0,,334,,,-25.468071,-49.199903,,False,1,,2023-06-14T22:42:37.833954+00:00
CUR_HI022,Curitiba,4106902,1,,772,,,-25.61979,-49.370566,,False,1,2,2023-06-14T22:34:37.833954+00:00
CUR_HA618,Curitiba,4106902,1,,772,,,-25.514698,-49.294035,,False,4,1,2023-06-14T22:37:37.833954+00:00
CUR_HI607,Curitiba,4106902,0,,772,,,-25.621225,-49.364896,,False,4,2,2023-06-14T22:31:37.833954+00:00
CUR_HA699,Curitiba,4106902,1,,772,,,-25.608943,-49.33495,,False,4,1,2023-06-14T22:32:37.833954+00:00
CUR_GI044,Curitiba,4106902,1,,552,,,-25.534183,-49.267638,,False,1,1,2023-06-14T22:39:37.833954+00:00
CUR_GC015,Curitiba,4106902,1,,552,,,-25.557896,-49.260163,,False,1,2,2023-06-14T22:41:37.833954+00:00
CUR_GI049,Curitiba,4106902,1,,552,,,-25.549753,-49.256721,,False,1,1,2023-06-14T22:42:37.833954+00:00
CUR_DN603,Curitiba,4106902,1,,463,,,-25.43289,-49.270213,,False,7,1,2023-06-14T22:40:37.833954+00:00
CUR_DN602,Curitiba,4106902,1,,463,,,-25.484553,-49.194983,,False,7,1,2023-06-14T22:41:37.833954+00:00
CUR_DN608,Curitiba,4106902,1,,463,,,-25.444146,-49.239336,,False,7,2,2023-06-14T22:41:37.833954+00:00
CUR_GB610,Curitiba,4106902,1,,040,,,-25.477228,-49.326941,,False,4,1,2023-06-14T22:40:37.833954+00:00
CUR_GB602,Curitiba,4106902,1,,040,,,-25.420281,-49.348403,,False,4,1,2023-06-14T22:40:37.833954+00:00
CUR_JB609,Curitiba,4106902,1,,040,,,-25.44357,-49.343576,,False,4,2,2023-06-14T22:42:37.833954+00:00
CUR_JB607,Curitiba,4106902,1,,040,,,-25.477441,-49.326406,,False,4,2,2023-06-14T22:41:37.833954+00:00
CUR_JB610,Curitiba,4106902,1,,040,,,-25.513356,-49.334251,,False,4,1,2023-06-14T22:42:37.833954+00:00
CUR_MR106,Curitiba,4106902,1,,040,,,-25.401883,-49.32891,,False,4,2,2023-06-14T22:40:37.833954+00:00
CUR_HB610,Curitiba,4106902,1,,040,,,-25.511461,-49.32474,,False,4,1,2023-06-14T22:38:37.833954+00:00
CUR_HB604,Curitiba,4106902,1,,040,,,-25.444093,-49.343576,,False,4,2,2023-06-14T22:34:37.833954+00:00
CUR_HB600,Curitiba,4106902,1,,040,,,-25.538133,-49.307366,,False,4,,2023-06-14T22:34:37.833954+00:00
CUR_HB602,Curitiba,4106902,1,,040,,,-25.424371,-49.352171,,False,4,2,2023-06-14T22:40:37.833954+00:00
CUR_HB694,Curitiba,4106902,1,,040,,,-25.41566,-49.35056,,False,4,2,2023-06-14T22:38:37.833954+00:00
CUR_HR117,Curitiba,4106902,1,,040,,,-25.488428,-49.320391,,False,4,1,2023-06-14T22:36:37.833954+00:00
CUR_GR123,Curitiba,4106902,1,,040,,,-25.481475,-49.322891,,False,4,2,2023-06-14T22:28:37.833954+00:00
CUR_HB693,Curitiba,4106902,1,,040,,,-25.51849,-49.324523,,False,4,1,2023-06-14T22:41:37.833954+00:00
CUR_MB699,Curitiba,4106902,1,,040,,,-25.408193,-49.340056,,False,4,2,2023-06-14T22:34:37.833954+00:00
CUR_MB601,Curitiba,4106902,1,,040,,,-25.444133,-49.34374,,False,4,1,2023-06-14T22:41:37.833954+00:00
CUR_GB600,Curitiba,4106902,1,,040,,,-25.519561,-49.293393,,False,4,1,2023-06-14T22:28:37.833954+00:00
CUR_JB699,Curitiba,4106902,1,,040,,,-25.434746,-49.350876,,False,4,2,2023-06-14T22:41:37.833954+00:00
CUR_HB609,Curitiba,4106902,1,,040,,,-25.44981,-49.351628,,False,4,2,2023-06-14T22:41:37.833954+00:00
CUR_DC983,Curitiba,4106902,1,,462,,,-25.45254,-49.227916,,False,1,2,2023-06-14T22:41:37.833954+00:00
CUR_DC090,Curitiba,4106902,1,,462,,,-25.460283,-49.223863,,False,1,2,2023-06-14T22:41:37.833954+00:00
CUR_EI001,Curitiba,4106902,1,,561,,,-25.475128,-49.264018,,False,1,1,2023-06-14T22:41:37.833954+00:00
CUR_EI012,Curitiba,4106902,1,,561,,,-25.460101,-49.2632,,False,1,2,2023-06-14T22:42:37.833954+00:00
CUR_DA292,Curitiba,4106902,1,,513,,,-25.516776,-49.249191,,False,1,2,2023-06-14T22:41:37.833954+00:00
CUR_DA294,Curitiba,4106902,1,,513,,,-25.501653,-49.256393,,False,1,1,2023-06-14T22:42:37.833954+00:00
CUR_GC014,Curitiba,4106902,1,,513,,,-25.484985,-49.251978,,False,1,2,2023-06-14T22:41:37.833954+00:00
CUR_GC008,Curitiba,4106902,1,,513,,,-25.517028,-49.230738,,False,1,1,2023-06-14T22:41:37.833954+00:00
CUR_BC029,Curitiba,4106902,1,,160,,,-25.439778,-49.271981,,False,1,1,2023-06-14T22:41:37.833954+00:00
CUR_BC025,Curitiba,4106902,1,,160,,,-25.410131,-49.291888,,False,1,1,2023-06-14T22:40:37.833954+00:00
CUR_HI857,Curitiba,4106902,1,,670,,,-25.44014,-49.271753,,False,7,2,2023-06-14T22:41:37.833954+00:00
CUR_JI005,Curitiba,4106902,1,,718,,,-25.480211,-49.330728,,False,1,,2023-06-14T22:40:37.833954+00:00
CUR_BA027,Curitiba,4106902,1,,373,,,-25.418338,-49.205035,,False,1,1,2023-06-14T22:40:37.833954+00:00
CUR_BL305,Curitiba,4106902,0,URBS,505,https://moovitapp.com/index/pt-br/transporte_p%C3%BAblico-line-505_BOQUEIR%C3%83O_CENTRO_C%C3%8DVICO-Curitiba-942-9628-531685-0,-1.0,-25.440656,-49.261593,,False,3,1,2023-06-14T22:41:37.833954+00:00
CUR_EL330,Curitiba,4106902,1,URBS,505,https://moovitapp.com/index/pt-br/transporte_p%C3%BAblico-line-505_BOQUEIR%C3%83O_CENTRO_C%C3%8DVICO-Curitiba-942-9628-531685-0,-1.0,-25.50914,-49.233865,,False,3,2,2023-06-14T22:41:37.833954+00:00
CUR_EL303,Curitiba,4106902,0,URBS,505,https://moovitapp.com/index/pt-br/transporte_p%C3%BAblico-line-505_BOQUEIR%C3%83O_CENTRO_C%C3%8DVICO-Curitiba-942-9628-531685-0,-1.0,-25.409115,-49.265985,,False,3,1,2023-06-14T22:41:37.833954+00:00
CUR_BL302,Curitiba,4106902,0,URBS,505,https://moovitapp.com/index/pt-br/transporte_p%C3%BAblico-line-505_BOQUEIR%C3%83O_CENTRO_C%C3%8DVICO-Curitiba-942-9628-531685-0,-1.0,-25.509238,-49.233693,,False,3,1,2023-06-14T22:38:37.833954+00:00
CUR_BL337,Curitiba,4106902,0,URBS,505,https://moovitapp.com/index/pt-br/transporte_p%C3%BAblico-line-505_BOQUEIR%C3%83O_CENTRO_C%C3%8DVICO-Curitiba-942-9628-531685-0,-1.0,-25.417095,-49.271018,,False,3,1,2023-06-14T22:29:37.833954+00:00
CUR_EL313,Curitiba,4106902,0,URBS,505,https://moovitapp.com/index/pt-br/transporte_p%C3%BAblico-line-505_BOQUEIR%C3%83O_CENTRO_C%C3%8DVICO-Curitiba-942-9628-531685-0,-1.0,-25.410725,-49.266165,,False,3,1,2023-06-14T22:42:37.833954+00:00
CUR_EL332,Curitiba,4106902,1,URBS,505,https://moovitapp.com/index/pt-br/transporte_p%C3%BAblico-line-505_BOQUEIR%C3%83O_CENTRO_C%C3%8DVICO-Curitiba-942-9628-531685-0,-1.0,-25.480351,-49.247906,,False,3,2,2023-06-14T22:41:37.833954+00:00
CUR_EL312,Curitiba,4106902,0,URBS,505,https://moovitapp.com/index/pt-br/transporte_p%C3%BAblico-line-505_BOQUEIR%C3%83O_CENTRO_C%C3%8DVICO-Curitiba-942-9628-531685-0,-1.0,-25.48073,-49.246818,,False,3,1,2023-06-14T22:41:37.833954+00:00
CUR_EL324,Curitiba,4106902,1,URBS,507,https://moovitapp.com/index/pt-br/transporte_p%C3%BAblico-line-507_S%C3%8DTIO_CERCADO_HOR%C3%81RIO-Curitiba-942-9628-294494-0,-1.0,-25.512208,-49.294481,,False,3,,2023-06-14T22:41:37.833954+00:00
CUR_EA022,Curitiba,4106902,1,,512,,,-25.48546,-49.253155,,False,1,2,2023-06-14T22:41:37.833954+00:00
CUR_BL605,Curitiba,4106902,0,URBS,022,https://moovitapp.com/index/pt-br/transporte_p%C3%BAblico-line-022_INTER_2_HOR%C3%81RIO-Curitiba-942-9628-381388-0,-1.0,-25.439818,-49.222365,,False,4,,2023-06-14T22:31:37.833954+00:00
CUR_BL607,Curitiba,4106902,0,URBS,022,https://moovitapp.com/index/pt-br/transporte_p%C3%BAblico-line-022_INTER_2_HOR%C3%81RIO-Curitiba-942-9628-381388-0,-1.0,-25.414086,-49.259545,,False,4,,2023-06-14T22:42:37.833954+00:00
CUR_BL317,Curitiba,4106902,0,URBS,022,https://moovitapp.com/index/pt-br/transporte_p%C3%BAblico-line-022_INTER_2_HOR%C3%81RIO-Curitiba-942-9628-381388-0,-1.0,-25.4068,-49.2523,,False,3,,2023-06-14T22:34:37.833954+00:00
CUR_CL601,Curitiba,4106902,0,URBS,022,https://moovitapp.com/index/pt-br/transporte_p%C3%BAblico-line-022_INTER_2_HOR%C3%81RIO-Curitiba-942-9628-381388-0,-1.0,-25.45767,-49.302586,,False,4,,2023-06-14T22:41:37.833954+00:00
CUR_CL602,Curitiba,4106902,0,URBS,022,https://moovitapp.com/index/pt-br/transporte_p%C3%BAblico-line-022_INTER_2_HOR%C3%81RIO-Curitiba-942-9628-381388-0,-1.0,-25.494623,-49.283456,,False,4,,2023-06-14T22:42:37.833954+00:00
CUR_BL602,Curitiba,4106902,0,URBS,022,https://moovitapp.com/index/pt-br/transporte_p%C3%BAblico-line-022_INTER_2_HOR%C3%81RIO-Curitiba-942-9628-381388-0,-1.0,-25.439446,-49.222356,,False,4,,2023-06-14T22:38:37.833954+00:00
CUR_HL494,Curitiba,4106902,1,URBS,022,https://moovitapp.com/index/pt-br/transporte_p%C3%BAblico-line-022_INTER_2_HOR%C3%81RIO-Curitiba-942-9628-381388-0,-1.0,-25.491631,-49.294775,,False,3,,2023-06-14T22:34:37.833954+00:00
CUR_HL600,Curitiba,4106902,0,URBS,022,https://moovitapp.com/index/pt-br/transporte_p%C3%BAblico-line-022_INTER_2_HOR%C3%81RIO-Curitiba-942-9628-381388-0,-1.0,-25.416588,-49.279285,,False,4,,2023-06-14T22:41:37.833954+00:00
CUR_ML308,Curitiba,4106902,0,URBS,022,https://moovitapp.com/index/pt-br/transporte_p%C3%BAblico-line-022_INTER_2_HOR%C3%81RIO-Curitiba-942-9628-381388-0,-1.0,-25.485138,-49.252398,,False,3,,2023-06-14T22:41:37.833954+00:00
CUR_DR805,Curitiba,4106902,0,URBS,022,https://moovitapp.com/index/pt-br/transporte_p%C3%BAblico-line-022_INTER_2_HOR%C3%81RIO-Curitiba-942-9628-381388-0,-1.0,-25.43401,-49.213183,,False,4,,2023-06-14T22:41:37.833954+00:00
CUR_BL307,Curitiba,4106902,0,URBS,022,https://moovitapp.com/index/pt-br/transporte_p%C3%BAblico-line-022_INTER_2_HOR%C3%81RIO-Curitiba-942-9628-381388-0,-1.0,-25.484301,-49.293675,,False,3,,2023-06-14T22:40:37.833954+00:00
CUR_BL329,Curitiba,4106902,0,URBS,022,https://moovitapp.com/index/pt-br/transporte_p%C3%BAblico-line-022_INTER_2_HOR%C3%81RIO-Curitiba-942-9628-381388-0,-1.0,-25.406845,-49.251423,,False,3,,2023-06-14T22:41:37.833954+00:00
CUR_BL330,Curitiba,4106902,0,URBS,022,https://moovitapp.com/index/pt-br/transporte_p%C3%BAblico-line-022_INTER_2_HOR%C3%81RIO-Curitiba-942-9628-381388-0,-1.0,-25.435111,-49.218008,,False,3,,2023-06-14T22:41:37.833954+00:00
CUR_EL600,Curitiba,4106902,0,URBS,022,https://moovitapp.com/index/pt-br/transporte_p%C3%BAblico-line-022_INTER_2_HOR%C3%81RIO-Curitiba-942-9628-381388-0,-1.0,-25.43974,-49.22247,,False,4,,2023-06-14T22:41:37.833954+00:00
CUR_GL601,Curitiba,4106902,0,URBS,022,https://moovitapp.com/index/pt-br/transporte_p%C3%BAblico-line-022_INTER_2_HOR%C3%81RIO-Curitiba-942-9628-381388-0,-1.0,-25.458843,-49.232753,,False,4,,2023-06-14T22:41:37.833954+00:00
CUR_DR803,Curitiba,4106902,0,URBS,022,https://moovitapp.com/index/pt-br/transporte_p%C3%BAblico-line-022_INTER_2_HOR%C3%81RIO-Curitiba-942-9628-381388-0,-1.0,-25.428528,-49.229338,,False,4,,2023-06-14T22:41:37.833954+00:00
CUR_JL602,Curitiba,4106902,0,URBS,022,https://moovitapp.com/index/pt-br/transporte_p%C3%BAblico-line-022_INTER_2_HOR%C3%81RIO-Curitiba-942-9628-381388-0,-1.0,-25.448821,-49.304681,,False,4,,2023-06-14T22:41:37.833954+00:00
CUR_ER801,Curitiba,4106902,0,URBS,022,https://moovitapp.com/index/pt-br/transporte_p%C3%BAblico-line-022_INTER_2_HOR%C3%81RIO-Curitiba-942-9628-381388-0,-1.0,-25.480593,-49.247846,,False,4,,2023-06-14T22:41:37.833954+00:00
CUR_BL600,Curitiba,4106902,0,URBS,022,https://moovitapp.com/index/pt-br/transporte_p%C3%BAblico-line-022_INTER_2_HOR%C3%81RIO-Curitiba-942-9628-381388-0,-1.0,-25.474861,-49.291558,,False,4,,2023-06-14T22:40:37.833954+00:00
CUR_BL304,Curitiba,4106902,0,URBS,022,https://moovitapp.com/index/pt-br/transporte_p%C3%BAblico-line-022_INTER_2_HOR%C3%81RIO-Curitiba-942-9628-381388-0,-1.0,-25.453055,-49.304258,,False,3,,2023-06-14T22:41:37.833954+00:00
CUR_CL699,Curitiba,4106902,0,URBS,022,https://moovitapp.com/index/pt-br/transporte_p%C3%BAblico-line-022_INTER_2_HOR%C3%81RIO-Curitiba-942-9628-381388-0,-1.0,-25.442435,-49.305321,,False,4,,2023-06-14T22:42:37.833954+00:00
CUR_DL312,Curitiba,4106902,0,URBS,022,https://moovitapp.com/index/pt-br/transporte_p%C3%BAblico-line-022_INTER_2_HOR%C3%81RIO-Curitiba-942-9628-381388-0,-1.0,-25.496346,-49.270463,,False,3,,2023-06-14T22:36:37.833954+00:00
CUR_KI601,Curitiba,4106902,1,,629,,,-25.496048,-49.275885,,False,4,2,2023-06-14T22:41:37.833954+00:00
CUR_KA605,Curitiba,4106902,1,,629,,,-25.533531,-49.238283,,False,4,1,2023-06-14T22:42:37.833954+00:00
CUR_KA693,Curitiba,4106902,1,,629,,,-25.53021,-49.246711,,False,4,2,2023-06-14T22:41:37.833954+00:00
CUR_KA692,Curitiba,4106902,1,,629,,,-25.491566,-49.293251,,False,4,1,2023-06-14T22:40:37.833954+00:00
CUR_MN605,Curitiba,4106902,1,,965,,,-25.418786,-49.29335,,False,7,1,2023-06-14T22:41:37.833954+00:00
CUR_MI852,Curitiba,4106902,1,,965,,,-25.400786,-49.330348,,False,7,1,2023-06-14T22:38:37.833954+00:00
CUR_EA021,Curitiba,4106902,1,,521,,,-25.506286,-49.250188,,False,1,2,2023-06-14T22:41:37.833954+00:00
CUR_EA020,Curitiba,4106902,1,,657,,,-25.491933,-49.293218,,False,1,2,2023-06-14T22:41:37.833954+00:00
CUR_BI871,Curitiba,4106902,1,,280,,,-25.413566,-49.256685,,False,7,2,2023-06-14T22:41:37.833954+00:00
CUR_HN615,Curitiba,4106902,1,,673,,,-25.489133,-49.310971,,False,7,1,2023-06-14T22:42:37.833954+00:00
CUR_GI041,Curitiba,4106902,1,,633,,,-25.53436,-49.267755,,False,1,2,2023-06-14T22:38:37.833954+00:00
CUR_GI042,Curitiba,4106902,1,,633,,,-25.522438,-49.270966,,False,1,2,2023-06-14T22:41:37.833954+00:00
CUR_GA179,Curitiba,4106902,1,,633,,,-25.522256,-49.280283,,False,1,1,2023-06-14T22:41:37.833954+00:00
CUR_EI020,Curitiba,4106902,1,,475,,,-25.503096,-49.216806,,False,1,2,2023-06-14T22:42:37.833954+00:00
CUR_EA015,Curitiba,4106902,1,,475,,,-25.441253,-49.268853,,False,1,2,2023-06-14T22:41:37.833954+00:00
CUR_EI017,Curitiba,4106902,1,,471,,,-25.450278,-49.257633,,False,1,2,2023-06-14T22:41:37.833954+00:00
CUR_EA012,Curitiba,4106902,1,,475,,,-25.482993,-49.236716,,False,1,2,2023-06-14T22:40:37.833954+00:00
CUR_JI864,Curitiba,4106902,1,,760,,,-25.456708,-49.302321,,False,7,1,2023-06-14T22:40:37.833954+00:00
CUR_HI025,Curitiba,4106902,1,,655,,,-25.54737,-49.304211,,False,1,2,2023-06-14T22:40:37.833954+00:00
CUR_HI037,Curitiba,4106902,1,,655,,,-25.557308,-49.30661,,False,1,2,2023-06-14T22:41:37.833954+00:00
CUR_DE700,Curitiba,4106902,0,URBS,303,https://moovitapp.com/index/pt-br/transporte_p%C3%BAblico-line-303_CENTEN%C3%81RIO_CAMPO_COMPRIDO-Curitiba-942-9628-531689-0,-1.0,-25.438978,-49.223886,,False,5,2,2023-06-14T22:41:37.833954+00:00
CUR_DE722,Curitiba,4106902,0,URBS,303,https://moovitapp.com/index/pt-br/transporte_p%C3%BAblico-line-303_CENTEN%C3%81RIO_CAMPO_COMPRIDO-Curitiba-942-9628-531689-0,-1.0,-25.437948,-49.313885,,False,5,2,2023-06-14T22:41:37.833954+00:00
CUR_JE701,Curitiba,4106902,0,URBS,303,https://moovitapp.com/index/pt-br/transporte_p%C3%BAblico-line-303_CENTEN%C3%81RIO_CAMPO_COMPRIDO-Curitiba-942-9628-531689-0,-1.0,-25.465508,-49.209731,,False,5,2,2023-06-14T22:40:37.833954+00:00
CUR_DE719,Curitiba,4106902,0,URBS,303,https://moovitapp.com/index/pt-br/transporte_p%C3%BAblico-line-303_CENTEN%C3%81RIO_CAMPO_COMPRIDO-Curitiba-942-9628-531689-0,-1.0,-25.439666,-49.272025,,False,5,2,2023-06-14T22:41:37.833954+00:00
CUR_DE708,Curitiba,4106902,0,URBS,303,https://moovitapp.com/index/pt-br/transporte_p%C3%BAblico-line-303_CENTEN%C3%81RIO_CAMPO_COMPRIDO-Curitiba-942-9628-531689-0,-1.0,-25.440678,-49.236736,,False,5,1,2023-06-14T22:41:37.833954+00:00
CUR_DE707,Curitiba,4106902,0,URBS,303,https://moovitapp.com/index/pt-br/transporte_p%C3%BAblico-line-303_CENTEN%C3%81RIO_CAMPO_COMPRIDO-Curitiba-942-9628-531689-0,-1.0,-25.467063,-49.214736,,False,5,2,2023-06-14T22:41:37.833954+00:00
CUR_JE705,Curitiba,4106902,0,URBS,303,https://moovitapp.com/index/pt-br/transporte_p%C3%BAblico-line-303_CENTEN%C3%81RIO_CAMPO_COMPRIDO-Curitiba-942-9628-531689-0,-1.0,-25.45132,-49.361206,,False,5,1,2023-06-14T22:40:37.833954+00:00
CUR_JE706,Curitiba,4106902,0,URBS,303,https://moovitapp.com/index/pt-br/transporte_p%C3%BAblico-line-303_CENTEN%C3%81RIO_CAMPO_COMPRIDO-Curitiba-942-9628-531689-0,-1.0,-25.441525,-49.346248,,False,5,1,2023-06-14T22:40:37.833954+00:00
CUR_JE707,Curitiba,4106902,0,URBS,303,https://moovitapp.com/index/pt-br/transporte_p%C3%BAblico-line-303_CENTEN%C3%81RIO_CAMPO_COMPRIDO-Curitiba-942-9628-531689-0,-1.0,-25.43757,-49.266615,,False,5,1,2023-06-14T22:40:37.833954+00:00
CUR_XY042,Curitiba,4106902,0,URBS,303,https://moovitapp.com/index/pt-br/transporte_p%C3%BAblico-line-303_CENTEN%C3%81RIO_CAMPO_COMPRIDO-Curitiba-942-9628-531689-0,-1.0,-25.428636,-49.287911,,False,4,1,2023-06-14T22:36:37.833954+00:00
CUR_DE711,Curitiba,4106902,0,URBS,303,https://moovitapp.com/index/pt-br/transporte_p%C3%BAblico-line-303_CENTEN%C3%81RIO_CAMPO_COMPRIDO-Curitiba-942-9628-531689-0,-1.0,-25.441575,-49.346355,,False,5,1,2023-06-14T22:41:37.833954+00:00
CUR_DE710,Curitiba,4106902,0,URBS,303,https://moovitapp.com/index/pt-br/transporte_p%C3%BAblico-line-303_CENTEN%C3%81RIO_CAMPO_COMPRIDO-Curitiba-942-9628-531689-0,-1.0,-25.435663,-49.256593,,False,5,2,2023-06-14T22:41:37.833954+00:00
CUR_DE701,Curitiba,4106902,0,URBS,303,https://moovitapp.com/index/pt-br/transporte_p%C3%BAblico-line-303_CENTEN%C3%81RIO_CAMPO_COMPRIDO-Curitiba-942-9628-531689-0,-1.0,-25.436,-49.274818,,False,5,2,2023-06-14T22:41:37.833954+00:00
CUR_JE703,Curitiba,4106902,0,URBS,303,https://moovitapp.com/index/pt-br/transporte_p%C3%BAblico-line-303_CENTEN%C3%81RIO_CAMPO_COMPRIDO-Curitiba-942-9628-531689-0,-1.0,-25.448081,-49.353705,,False,5,1,2023-06-14T22:34:37.833954+00:00
CUR_JE704,Curitiba,4106902,0,URBS,303,https://moovitapp.com/index/pt-br/transporte_p%C3%BAblico-line-303_CENTEN%C3%81RIO_CAMPO_COMPRIDO-Curitiba-942-9628-531689-0,-1.0,-25.451893,-49.214808,,False,5,1,2023-06-14T22:36:37.833954+00:00
CUR_JA028,Curitiba,4106902,1,,658,,,-25.465055,-49.35645,,False,1,2,2023-06-14T22:34:37.833954+00:00
CUR_HI007,Curitiba,4106902,1,,658,,,-25.49447,-49.317595,,False,1,2,2023-06-14T22:41:37.833954+00:00
CUR_HI016,Curitiba,4106902,1,,658,,,-25.494061,-49.33459,,False,1,1,2023-06-14T22:41:37.833954+00:00
CUR_JI010,Curitiba,4106902,1,,658,,,-25.483671,-49.349856,,False,1,2,2023-06-14T22:41:37.833954+00:00
CUR_JA024,Curitiba,4106902,1,,658,,,-25.49426,-49.302138,,False,1,1,2023-06-14T22:42:37.833954+00:00
CUR_HA031,Curitiba,4106902,1,,658,,,-25.493748,-49.352515,,False,1,1,2023-06-14T22:41:37.833954+00:00
CUR_JI002,Curitiba,4106902,1,,658,,,-25.492271,-49.313568,,False,1,1,2023-06-14T22:42:37.833954+00:00
CUR_JI021,Curitiba,4106902,1,,658,,,-25.463286,-49.35718,,False,1,2,2023-06-14T22:34:37.833954+00:00
CUR_EI016,Curitiba,4106902,1,,532,,,-25.534693,-49.236578,,False,1,1,2023-06-14T22:42:37.833954+00:00
CUR_EA011,Curitiba,4106902,1,,532,,,-25.516661,-49.23139,,False,1,2,2023-06-14T22:41:37.833954+00:00
CUR_EA016,Curitiba,4106902,1,,532,,,-25.534096,-49.23742,,False,1,2,2023-06-14T22:41:37.833954+00:00
CUR_EA200,Curitiba,4106902,1,,532,,,-25.522935,-49.231515,,False,1,1,2023-06-14T22:41:37.833954+00:00
CUR_BI851,Curitiba,4106902,1,,175,,,-25.425075,-49.273978,,False,7,1,2023-06-14T22:41:37.833954+00:00
CUR_BI013,Curitiba,4106902,1,,342,,,-25.393256,-49.241548,,False,1,2,2023-06-14T22:41:37.833954+00:00
CUR_BI012,Curitiba,4106902,1,,342,,,-25.400803,-49.201455,,False,1,1,2023-06-14T22:41:37.833954+00:00
CUR_BA039,Curitiba,4106902,1,,342,,,-25.392426,-49.226435,,False,1,2,2023-06-14T22:40:37.833954+00:00
CUR_BC301,Curitiba,4106902,1,,205,,,-25.38201,-49.261478,,False,3,2,2023-06-14T22:39:37.833954+00:00
CUR_BC013,Curitiba,4106902,1,,205,,,-25.42266,-49.26843,,False,1,2,2023-06-14T22:41:37.833954+00:00
CUR_BC308,Curitiba,4106902,1,,205,,,-25.380513,-49.261445,,False,3,1,2023-06-14T22:39:37.833954+00:00
CUR_BC031,Curitiba,4106902,1,,205,,,-25.3777,-49.26233,,False,1,2,2023-06-14T22:39:37.833954+00:00
CUR_BC302,Curitiba,4106902,1,,205,,,-25.404866,-49.257621,,False,3,2,2023-06-14T22:42:37.833954+00:00
CUR_EL315,Curitiba,4106902,0,URBS,507,https://moovitapp.com/index/pt-br/transporte_p%C3%BAblico-line-507_S%C3%8DTIO_CERCADO_HOR%C3%81RIO-Curitiba-942-9628-294494-0,-1.0,-25.436303,-49.261981,,False,3,,2023-06-14T22:41:37.833954+00:00
CUR_EL325,Curitiba,4106902,1,URBS,507,https://moovitapp.com/index/pt-br/transporte_p%C3%BAblico-line-507_S%C3%8DTIO_CERCADO_HOR%C3%81RIO-Curitiba-942-9628-294494-0,-1.0,-25.491648,-49.293026,,False,3,,2023-06-14T22:41:37.833954+00:00
CUR_EL333,Curitiba,4106902,1,URBS,507,https://moovitapp.com/index/pt-br/transporte_p%C3%BAblico-line-507_S%C3%8DTIO_CERCADO_HOR%C3%81RIO-Curitiba-942-9628-294494-0,-1.0,-25.515255,-49.293786,,False,3,,2023-06-14T22:41:37.833954+00:00
CUR_EL322,Curitiba,4106902,1,URBS,507,https://moovitapp.com/index/pt-br/transporte_p%C3%BAblico-line-507_S%C3%8DTIO_CERCADO_HOR%C3%81RIO-Curitiba-942-9628-294494-0,-1.0,-25.530415,-49.256048,,False,3,,2023-06-14T22:42:37.833954+00:00
CUR_EL326,Curitiba,4106902,1,URBS,507,https://moovitapp.com/index/pt-br/transporte_p%C3%BAblico-line-507_S%C3%8DTIO_CERCADO_HOR%C3%81RIO-Curitiba-942-9628-294494-0,-1.0,-25.496606,-49.239928,,False,3,,2023-06-14T22:41:37.833954+00:00
CUR_GL301,Curitiba,4106902,0,URBS,507,https://moovitapp.com/index/pt-br/transporte_p%C3%BAblico-line-507_S%C3%8DTIO_CERCADO_HOR%C3%81RIO-Curitiba-942-9628-294494-0,-1.0,-25.446318,-49.275328,,False,3,,2023-06-14T22:42:37.833954+00:00
CUR_EL328,Curitiba,4106902,1,URBS,507,https://moovitapp.com/index/pt-br/transporte_p%C3%BAblico-line-507_S%C3%8DTIO_CERCADO_HOR%C3%81RIO-Curitiba-942-9628-294494-0,-1.0,-25.456358,-49.259631,,False,3,,2023-06-14T22:41:37.833954+00:00
CUR_GL317,Curitiba,4106902,0,URBS,507,https://moovitapp.com/index/pt-br/transporte_p%C3%BAblico-line-507_S%C3%8DTIO_CERCADO_HOR%C3%81RIO-Curitiba-942-9628-294494-0,-1.0,-25.432601,-49.26547,,False,3,,2023-06-14T22:41:37.833954+00:00
CUR_GL316,Curitiba,4106902,0,URBS,507,https://moovitapp.com/index/pt-br/transporte_p%C3%BAblico-line-507_S%C3%8DTIO_CERCADO_HOR%C3%81RIO-Curitiba-942-9628-294494-0,-1.0,-25.530453,-49.255991,,False,3,,2023-06-14T22:35:37.833954+00:00
CUR_EL305,Curitiba,4106902,0,URBS,507,https://moovitapp.com/index/pt-br/transporte_p%C3%BAblico-line-507_S%C3%8DTIO_CERCADO_HOR%C3%81RIO-Curitiba-942-9628-294494-0,-1.0,-25.516861,-49.231301,,False,3,,2023-06-14T22:42:37.833954+00:00
CUR_BC007,Curitiba,4106902,1,,168,,,-25.370283,-49.32233,,False,1,1,2023-06-14T22:32:37.833954+00:00
CUR_GE613,Curitiba,4106902,0,URBS,602,https://moovitapp.com/index/pt-br/transporte_p%C3%BAblico-line-602_CIRCULAR_SUL_ANTI_HOR%C3%81RIO-Curitiba-942-9628-294517-0,-1.0,-25.471345,-49.260171,,False,4,,2023-06-14T22:40:37.833954+00:00
CUR_GE609,Curitiba,4106902,0,URBS,602,https://moovitapp.com/index/pt-br/transporte_p%C3%BAblico-line-602_CIRCULAR_SUL_ANTI_HOR%C3%81RIO-Curitiba-942-9628-294517-0,-1.0,-25.534486,-49.26899,,False,4,,2023-06-14T22:41:37.833954+00:00
CUR_HE606,Curitiba,4106902,0,URBS,602,https://moovitapp.com/index/pt-br/transporte_p%C3%BAblico-line-602_CIRCULAR_SUL_ANTI_HOR%C3%81RIO-Curitiba-942-9628-294517-0,-1.0,-25.51239,-49.295573,,False,4,,2023-06-14T22:36:37.833954+00:00
CUR_HE607,Curitiba,4106902,0,URBS,602,https://moovitapp.com/index/pt-br/transporte_p%C3%BAblico-line-602_CIRCULAR_SUL_ANTI_HOR%C3%81RIO-Curitiba-942-9628-294517-0,-1.0,-25.482171,-49.292898,,False,4,,2023-06-14T22:40:37.833954+00:00
CUR_HE603,Curitiba,4106902,0,URBS,602,https://moovitapp.com/index/pt-br/transporte_p%C3%BAblico-line-602_CIRCULAR_SUL_ANTI_HOR%C3%81RIO-Curitiba-942-9628-294517-0,-1.0,-25.494686,-49.240866,,False,4,,2023-06-14T22:41:37.833954+00:00
CUR_HE608,Curitiba,4106902,0,URBS,602,https://moovitapp.com/index/pt-br/transporte_p%C3%BAblico-line-602_CIRCULAR_SUL_ANTI_HOR%C3%81RIO-Curitiba-942-9628-294517-0,-1.0,-25.474705,-49.29279,,False,4,,2023-06-14T22:40:37.833954+00:00
CUR_GE721,Curitiba,4106902,0,URBS,602,https://moovitapp.com/index/pt-br/transporte_p%C3%BAblico-line-602_CIRCULAR_SUL_ANTI_HOR%C3%81RIO-Curitiba-942-9628-294517-0,-1.0,-25.475221,-49.293111,,False,5,,2023-06-14T22:36:37.833954+00:00
CUR_GE718,Curitiba,4106902,0,URBS,602,https://moovitapp.com/index/pt-br/transporte_p%C3%BAblico-line-602_CIRCULAR_SUL_ANTI_HOR%C3%81RIO-Curitiba-942-9628-294517-0,-1.0,-25.513668,-49.295615,,False,5,,2023-06-14T22:33:37.833954+00:00
CUR_GE712,Curitiba,4106902,0,URBS,602,https://moovitapp.com/index/pt-br/transporte_p%C3%BAblico-line-602_CIRCULAR_SUL_ANTI_HOR%C3%81RIO-Curitiba-942-9628-294517-0,-1.0,-25.472605,-49.26521,,False,5,,2023-06-14T22:41:37.833954+00:00
CUR_GD343,Curitiba,4106902,0,URBS,602,https://moovitapp.com/index/pt-br/transporte_p%C3%BAblico-line-602_CIRCULAR_SUL_ANTI_HOR%C3%81RIO-Curitiba-942-9628-294517-0,-1.0,-25.534213,-49.267051,,False,5,,2023-06-14T22:28:37.833954+00:00
CUR_GE608,Curitiba,4106902,0,URBS,602,https://moovitapp.com/index/pt-br/transporte_p%C3%BAblico-line-602_CIRCULAR_SUL_ANTI_HOR%C3%81RIO-Curitiba-942-9628-294517-0,-1.0,-25.527701,-49.292015,,False,4,,2023-06-14T22:39:37.833954+00:00
CUR_GE729,Curitiba,4106902,0,URBS,602,https://moovitapp.com/index/pt-br/transporte_p%C3%BAblico-line-602_CIRCULAR_SUL_ANTI_HOR%C3%81RIO-Curitiba-942-9628-294517-0,-1.0,-25.508678,-49.295856,,False,5,,2023-06-14T22:39:37.833954+00:00
CUR_HE611,Curitiba,4106902,0,URBS,602,https://moovitapp.com/index/pt-br/transporte_p%C3%BAblico-line-602_CIRCULAR_SUL_ANTI_HOR%C3%81RIO-Curitiba-942-9628-294517-0,-1.0,-25.527675,-49.240551,,False,4,,2023-06-14T22:39:37.833954+00:00
CUR_GE611,Curitiba,4106902,0,URBS,602,https://moovitapp.com/index/pt-br/transporte_p%C3%BAblico-line-602_CIRCULAR_SUL_ANTI_HOR%C3%81RIO-Curitiba-942-9628-294517-0,-1.0,-25.539816,-49.285575,,False,4,,2023-06-14T22:28:37.833954+00:00
CUR_GI020,Curitiba,4106902,1,,636,,,-25.512118,-49.295191,,False,1,1,2023-06-14T22:37:37.833954+00:00
CUR_GI051,Curitiba,4106902,1,,636,,,-25.548721,-49.290043,,False,1,2,2023-06-14T22:41:37.833954+00:00
CUR_GI037,Curitiba,4106902,1,,643,,,-25.532123,-49.297261,,False,1,1,2023-06-14T22:40:37.833954+00:00
CUR_GI033,Curitiba,4106902,1,,643,,,-25.551116,-49.292621,,False,1,1,2023-06-14T22:41:37.833954+00:00
CUR_GI019,Curitiba,4106902,1,,643,,,-25.558196,-49.291753,,False,1,2,2023-06-14T22:33:37.833954+00:00
CUR_GI028,Curitiba,4106902,1,,534,,,-25.52477,-49.248565,,False,1,1,2023-06-14T22:40:37.833954+00:00
CUR_GI025,Curitiba,4106902,1,,534,,,-25.531308,-49.25843,,False,1,2,2023-06-14T22:39:37.833954+00:00
CUR_GI011,Curitiba,4106902,1,,534,,,-25.520788,-49.237025,,False,1,1,2023-06-14T22:41:37.833954+00:00
CUR_GI855,Curitiba,4106902,1,,616,,,-25.48432,-49.28379,,False,7,1,2023-06-14T22:38:37.833954+00:00
CUR_GI853,Curitiba,4106902,1,,616,,,-25.47224,-49.278471,,False,7,1,2023-06-14T22:40:37.833954+00:00
CUR_EI004,Curitiba,4106902,1,,335,,,-25.468793,-49.20784,,False,1,2,2023-06-14T22:41:37.833954+00:00
CUR_DA290,Curitiba,4106902,1,,338,,,-25.499411,-49.209406,,False,1,2,2023-06-14T22:41:37.833954+00:00
CUR_DA013,Curitiba,4106902,1,,338,,,-25.468676,-49.201911,,False,1,2,2023-06-14T22:41:37.833954+00:00
CUR_DC084,Curitiba,4106902,0,,338,,,-25.48497,-49.203516,,False,1,1,2023-06-14T22:42:37.833954+00:00
CUR_DA301,Curitiba,4106902,1,,321,,,-25.467933,-49.208826,,False,3,1,2023-06-14T22:40:37.833954+00:00
CUR_DA029,Curitiba,4106902,1,,338,,,-25.480755,-49.24633,,False,1,1,2023-06-14T22:41:37.833954+00:00
CUR_DA023,Curitiba,4106902,1,,338,,,-25.48977,-49.204888,,False,1,2,2023-06-14T22:41:37.833954+00:00
CUR_GC012,Curitiba,4106902,1,,338,,,-25.470056,-49.207983,,False,1,1,2023-06-14T22:40:37.833954+00:00
CUR_EA076,Curitiba,4106902,1,,338,,,-25.479698,-49.225243,,False,1,1,2023-06-14T22:41:37.833954+00:00
CUR_GC007,Curitiba,4106902,1,,338,,,-25.481455,-49.246925,,False,1,2,2023-06-14T22:39:37.833954+00:00
CUR_DA300,Curitiba,4106902,1,,338,,,-25.485601,-49.22333,,False,3,2,2023-06-14T22:41:37.833954+00:00
CUR_MI854,Curitiba,4106902,1,,911,,,-25.400591,-49.330925,,False,7,1,2023-06-14T22:41:37.833954+00:00
CUR_KA604,Curitiba,4106902,1,,545,,,-25.535921,-49.272058,,False,4,2,2023-06-14T22:41:37.833954+00:00
CUR_GI603,Curitiba,4106902,1,,545,,,-25.507505,-49.334611,,False,4,2,2023-06-14T22:40:37.833954+00:00
CUR_KA602,Curitiba,4106902,1,,545,,,-25.524083,-49.334148,,False,4,2,2023-06-14T22:41:37.833954+00:00
CUR_JI600,Curitiba,4106902,1,,545,,,-25.524665,-49.246561,,False,4,1,2023-06-14T22:41:37.833954+00:00
CUR_KA600,Curitiba,4106902,1,,545,,,-25.522505,-49.333781,,False,4,1,2023-06-14T22:41:37.833954+00:00
CUR_JC310,Curitiba,4106902,1,,545,,,-25.536258,-49.27294,,False,3,1,2023-06-14T22:36:37.833954+00:00
CUR_KA691,Curitiba,4106902,1,,545,,,-25.52427,-49.245828,,False,4,2,2023-06-14T22:41:37.833954+00:00
CUR_GA601,Curitiba,4106902,1,,545,,,-25.489875,-49.332921,,False,4,2,2023-06-14T22:40:37.833954+00:00
CUR_JI299,Curitiba,4106902,1,,823,,,-25.443888,-49.353441,,False,1,2,2023-06-14T22:41:37.833954+00:00
CUR_JA033,Curitiba,4106902,1,,823,,,-25.464793,-49.353093,,False,1,1,2023-06-14T22:41:37.833954+00:00
CUR_EI010,Curitiba,4106902,1,Auto Viação São José,515,https://moovitapp.com/index/pt-br/transporte_p%C3%BAblico-line-515_%E2%9C%88_AEROPORTO_1_SHOPPING_S%C3%83O_JOS%C3%89-Curitiba-942-857412-67925719-0,-1.0,-25.514245,-49.220871,,False,1,1,2023-06-14T22:41:37.833954+00:00
CUR_EI003,Curitiba,4106902,1,Auto Viação São José,515,https://moovitapp.com/index/pt-br/transporte_p%C3%BAblico-line-515_%E2%9C%88_AEROPORTO_1_SHOPPING_S%C3%83O_JOS%C3%89-Curitiba-942-857412-67925719-0,-1.0,-25.480616,-49.24776,,False,1,2,2023-06-14T22:41:37.833954+00:00
CUR_EA007,Curitiba,4106902,1,Auto Viação São José,515,https://moovitapp.com/index/pt-br/transporte_p%C3%BAblico-line-515_%E2%9C%88_AEROPORTO_1_SHOPPING_S%C3%83O_JOS%C3%89-Curitiba-942-857412-67925719-0,-1.0,-25.496881,-49.23293,,False,1,1,2023-06-14T22:41:37.833954+00:00
CUR_EA019,Curitiba,4106902,1,Auto Viação São José,515,https://moovitapp.com/index/pt-br/transporte_p%C3%BAblico-line-515_%E2%9C%88_AEROPORTO_1_SHOPPING_S%C3%83O_JOS%C3%89-Curitiba-942-857412-67925719-0,-1.0,-25.499613,-49.227281,,False,1,2,2023-06-14T22:41:37.833954+00:00
CUR_JI861,Curitiba,4106902,1,,862,,,-25.449676,-49.313281,,False,7,2,2023-06-14T22:35:37.833954+00:00
CUR_EI002,Curitiba,4106902,1,,523,,,-25.500305,-49.238108,,False,1,1,2023-06-14T22:41:37.833954+00:00
CUR_GI047,Curitiba,4106902,1,,528,,,-25.530106,-49.241311,,False,1,2,2023-06-14T22:41:37.833954+00:00
CUR_EI005,Curitiba,4106902,1,,528,,,-25.51351,-49.295081,,False,1,2,2023-06-14T22:41:37.833954+00:00
CUR_EA601,Curitiba,4106902,1,,528,,,-25.559633,-49.282333,,False,4,1,2023-06-14T22:41:37.833954+00:00
CUR_GI601,Curitiba,4106902,1,,528,,,-25.540318,-49.257436,,False,4,2,2023-06-14T22:40:37.833954+00:00
CUR_EA698,Curitiba,4106902,1,,528,,,-25.547428,-49.261051,,False,4,1,2023-06-14T22:41:37.833954+00:00
CUR_GA602,Curitiba,4106902,1,,528,,,-25.557178,-49.282251,,False,4,2,2023-06-14T22:38:37.833954+00:00
CUR_BI863,Curitiba,4106902,1,,274,,,-25.424565,-49.270163,,False,7,2,2023-06-14T22:39:37.833954+00:00
CUR_BI868,Curitiba,4106902,1,,274,,,-25.365855,-49.267178,,False,7,1,2023-06-14T22:37:37.833954+00:00
CUR_BA022,Curitiba,4106902,1,,817,,,-25.43601,-49.307616,,False,1,2,2023-06-14T22:40:37.833954+00:00
CUR_MI001,Curitiba,4106902,1,,817,,,-25.411938,-49.331926,,False,1,2,2023-06-14T22:40:37.833954+00:00
CUR_BA012,Curitiba,4106902,1,,817,,,-25.400823,-49.330248,,False,1,1,2023-06-14T22:28:37.833954+00:00
CUR_EL329,Curitiba,4106902,1,URBS,506,https://moovitapp.com/index/pt-br/transporte_p%C3%BAblico-line-506_BAIRRO_NOVO-Curitiba-942-9628-294299-0,-1.0,-25.553146,-49.25093,,False,3,2,2023-06-14T22:40:37.833954+00:00
CUR_EL318,Curitiba,4106902,1,URBS,506,https://moovitapp.com/index/pt-br/transporte_p%C3%BAblico-line-506_BAIRRO_NOVO-Curitiba-942-9628-294299-0,-1.0,-25.512886,-49.27983,,False,3,2,2023-06-14T22:42:37.833954+00:00
CUR_EL327,Curitiba,4106902,1,URBS,506,https://moovitapp.com/index/pt-br/transporte_p%C3%BAblico-line-506_BAIRRO_NOVO-Curitiba-942-9628-294299-0,-1.0,-25.53261,-49.266973,,False,3,1,2023-06-14T22:41:37.833954+00:00
CUR_GL308,Curitiba,4106902,0,URBS,506,https://moovitapp.com/index/pt-br/transporte_p%C3%BAblico-line-506_BAIRRO_NOVO-Curitiba-942-9628-294299-0,-1.0,-25.45139,-49.266393,,False,3,1,2023-06-14T22:42:37.833954+00:00
CUR_EL301,Curitiba,4106902,0,URBS,506,https://moovitapp.com/index/pt-br/transporte_p%C3%BAblico-line-506_BAIRRO_NOVO-Curitiba-942-9628-294299-0,-1.0,-25.460676,-49.267203,,False,3,2,2023-06-14T22:41:37.833954+00:00
CUR_GL326,Curitiba,4106902,0,URBS,506,https://moovitapp.com/index/pt-br/transporte_p%C3%BAblico-line-506_BAIRRO_NOVO-Curitiba-942-9628-294299-0,-1.0,-25.451318,-49.266461,,False,3,1,2023-06-14T22:40:37.833954+00:00
CUR_GL300,Curitiba,4106902,0,URBS,506,https://moovitapp.com/index/pt-br/transporte_p%C3%BAblico-line-506_BAIRRO_NOVO-Curitiba-942-9628-294299-0,-1.0,-25.535698,-49.27146,,False,3,2,2023-06-14T22:28:37.833954+00:00
CUR_EL309,Curitiba,4106902,0,URBS,506,https://moovitapp.com/index/pt-br/transporte_p%C3%BAblico-line-506_BAIRRO_NOVO-Curitiba-942-9628-294299-0,-1.0,-25.547216,-49.261518,,False,3,2,2023-06-14T22:41:37.833954+00:00
CUR_GL305,Curitiba,4106902,0,URBS,506,https://moovitapp.com/index/pt-br/transporte_p%C3%BAblico-line-506_BAIRRO_NOVO-Curitiba-942-9628-294299-0,-1.0,-25.534788,-49.268876,,False,3,2,2023-06-14T22:41:37.833954+00:00
CUR_GL312,Curitiba,4106902,0,URBS,506,https://moovitapp.com/index/pt-br/transporte_p%C3%BAblico-line-506_BAIRRO_NOVO-Curitiba-942-9628-294299-0,-1.0,-25.473101,-49.262511,,False,3,2,2023-06-14T22:41:37.833954+00:00
CUR_EL307,Curitiba,4106902,0,URBS,506,https://moovitapp.com/index/pt-br/transporte_p%C3%BAblico-line-506_BAIRRO_NOVO-Curitiba-942-9628-294299-0,-1.0,-25.478265,-49.26116,,False,3,2,2023-06-14T22:39:37.833954+00:00
CUR_BC315,Curitiba,4106902,1,,371,,,-25.414496,-49.220438,,False,10,1,2023-06-14T22:39:37.833954+00:00
CUR_BC313,Curitiba,4106902,1,,371,,,-25.426825,-49.238206,,False,10,2,2023-06-14T22:41:37.833954+00:00
CUR_JI012,Curitiba,4106902,1,,777,,,-25.458301,-49.31466,,False,1,2,2023-06-14T22:41:37.833954+00:00
CUR_JI008,Curitiba,4106902,1,,777,,,-25.46002,-49.320685,,False,1,2,2023-06-14T22:40:37.833954+00:00
CUR_JA027,Curitiba,4106902,1,,777,,,-25.435231,-49.273326,,False,1,1,2023-06-14T22:39:37.833954+00:00
CUR_BC019,Curitiba,4106902,1,,876,,,-25.43281,-49.282875,,False,1,2,2023-06-14T22:41:37.833954+00:00
CUR_BA013,Curitiba,4106902,1,,876,,,-25.417405,-49.325005,,False,1,1,2023-06-14T22:38:37.833954+00:00
CUR_BA019,Curitiba,4106902,1,,876,,,-25.408565,-49.358858,,False,1,1,2023-06-14T22:29:37.833954+00:00
CUR_BC021,Curitiba,4106902,1,,876,,,-25.41713,-49.345145,,False,1,1,2023-06-14T22:38:37.833954+00:00
CUR_HC300,Curitiba,4106902,1,,801,,,-25.442356,-49.287463,,False,10,2,2023-06-14T22:42:37.833954+00:00
CUR_HI003,Curitiba,4106902,1,,801,,,-25.432425,-49.271995,,False,1,1,2023-06-14T22:41:37.833954+00:00
CUR_JC318,Curitiba,4106902,1,,801,,,-25.436036,-49.308115,,False,10,1,2023-06-14T22:33:37.833954+00:00
CUR_KE701,Curitiba,4106902,0,URBS,503,https://moovitapp.com/index/pt-br/transporte_p%C3%BAblico-line-503_BOQUEIR%C3%83O-Curitiba-942-9628-294244-0,-1.0,-25.453481,-49.260931,,False,5,2,2023-06-14T22:41:37.833954+00:00
CUR_KE702,Curitiba,4106902,0,URBS,503,https://moovitapp.com/index/pt-br/transporte_p%C3%BAblico-line-503_BOQUEIR%C3%83O-Curitiba-942-9628-294244-0,-1.0,-25.438183,-49.268413,,False,5,2,2023-06-14T22:41:37.833954+00:00
CUR_KE704,Curitiba,4106902,0,URBS,503,https://moovitapp.com/index/pt-br/transporte_p%C3%BAblico-line-503_BOQUEIR%C3%83O-Curitiba-942-9628-294244-0,-1.0,-25.475245,-49.250291,,False,5,1,2023-06-14T22:41:37.833954+00:00
CUR_KE705,Curitiba,4106902,0,URBS,503,https://moovitapp.com/index/pt-br/transporte_p%C3%BAblico-line-503_BOQUEIR%C3%83O-Curitiba-942-9628-294244-0,-1.0,-25.490136,-49.243111,,False,5,2,2023-06-14T22:41:37.833954+00:00
CUR_GE603,Curitiba,4106902,0,URBS,503,https://moovitapp.com/index/pt-br/transporte_p%C3%BAblico-line-503_BOQUEIR%C3%83O-Curitiba-942-9628-294244-0,-1.0,-25.433748,-49.27006,,False,4,1,2023-06-14T22:41:37.833954+00:00
CUR_KE703,Curitiba,4106902,0,URBS,503,https://moovitapp.com/index/pt-br/transporte_p%C3%BAblico-line-503_BOQUEIR%C3%83O-Curitiba-942-9628-294244-0,-1.0,-25.511973,-49.232353,,False,5,1,2023-06-14T22:41:37.833954+00:00
CUR_GR035,Curitiba,4106902,0,URBS,503,https://moovitapp.com/index/pt-br/transporte_p%C3%BAblico-line-503_BOQUEIR%C3%83O-Curitiba-942-9628-294244-0,-1.0,-25.48679,-49.244735,,False,4,2,2023-06-14T22:41:37.833954+00:00
CUR_GI050,Curitiba,4106902,1,,641,,,-25.567985,-49.286685,,False,1,2,2023-06-14T22:37:37.833954+00:00
CUR_HI851,Curitiba,4106902,1,,600,,,-25.554063,-49.330206,,False,7,1,2023-06-14T22:41:37.833954+00:00
CUR_CI008,Curitiba,4106902,1,,341,,,-25.376966,-49.222778,,False,1,2,2023-06-14T22:41:37.833954+00:00
CUR_CI003,Curitiba,4106902,1,,341,,,-25.400361,-49.203048,,False,1,1,2023-06-14T22:42:37.833954+00:00
CUR_BA037,Curitiba,4106902,1,,341,,,-25.388308,-49.205953,,False,1,2,2023-06-14T22:38:37.833954+00:00
CUR_DC854,Curitiba,4106902,1,,466,,,-25.432255,-49.261703,,False,7,2,2023-06-14T22:41:37.833954+00:00
CUR_JA034,Curitiba,4106902,1,,714,,,-25.490031,-49.355983,,False,1,,2023-06-14T22:38:37.833954+00:00
CUR_BB610,Curitiba,4106902,1,,030,,,-25.454461,-49.214796,,False,4,1,2023-06-14T22:40:37.833954+00:00
CUR_GB606,Curitiba,4106902,1,,030,,,-25.44964,-49.204781,,False,4,1,2023-06-14T22:40:37.833954+00:00
CUR_BB613,Curitiba,4106902,1,,030,,,-25.41558,-49.214865,,False,4,1,2023-06-14T22:41:37.833954+00:00
CUR_CB601,Curitiba,4106902,1,,030,,,-25.387003,-49.211451,,False,4,1,2023-06-14T22:41:37.833954+00:00
CUR_GB612,Curitiba,4106902,1,,030,,,-25.521821,-49.297083,,False,4,2,2023-06-14T22:42:37.833954+00:00
CUR_KB606,Curitiba,4106902,1,,030,,,-25.504991,-49.241541,,False,4,,2023-06-14T22:41:37.833954+00:00
CUR_EB609,Curitiba,4106902,1,,030,,,-25.50135,-49.237701,,False,4,2,2023-06-14T22:41:37.833954+00:00
CUR_BB611,Curitiba,4106902,1,,030,,,-25.47457,-49.218093,,False,4,2,2023-06-14T22:41:37.833954+00:00
CUR_KB602,Curitiba,4106902,1,,030,,,-25.486208,-49.223246,,False,4,1,2023-06-14T22:41:37.833954+00:00
CUR_EB602,Curitiba,4106902,1,,030,,,-25.510676,-49.255571,,False,4,,2023-06-14T22:40:37.833954+00:00
CUR_KB608,Curitiba,4106902,1,,030,,,-25.382195,-49.218808,,False,4,2,2023-06-14T22:41:37.833954+00:00
CUR_BB602,Curitiba,4106902,1,,030,,,-25.513435,-49.264813,,False,4,2,2023-06-14T22:41:37.833954+00:00
CUR_GB604,Curitiba,4106902,1,,030,,,-25.438435,-49.205975,,False,4,1,2023-06-14T22:37:37.833954+00:00
CUR_GB609,Curitiba,4106902,1,,030,,,-25.481923,-49.21403,,False,4,2,2023-06-14T22:39:37.833954+00:00
CUR_BB620,Curitiba,4106902,1,,030,,,-25.500336,-49.291281,,False,4,2,2023-06-14T22:40:37.833954+00:00
CUR_BI018,Curitiba,4106902,1,,232,,,-25.35603,-49.234568,,False,1,1,2023-06-14T22:41:37.833954+00:00
CUR_BI017,Curitiba,4106902,1,,232,,,-25.35073,-49.233765,,False,1,2,2023-06-14T22:33:37.833954+00:00
CUR_BA028,Curitiba,4106902,1,,232,,,-25.372291,-49.228173,,False,1,2,2023-06-14T22:38:37.833954+00:00
CUR_JI865,Curitiba,4106902,1,,713,,,-25.481661,-49.324883,,False,7,2,2023-06-14T22:42:37.833954+00:00
CUR_EI011,Curitiba,4106902,1,,X03,,,-25.527795,-49.236245,,False,1,1,2023-06-14T22:41:37.833954+00:00
CUR_BA032,Curitiba,4106902,1,,233,,,-25.376858,-49.22383,,False,1,,2023-06-14T22:37:37.833954+00:00
CUR_BA025,Curitiba,4106902,1,,233,,,-25.377773,-49.226115,,False,1,,2023-06-14T22:29:37.833954+00:00
CUR_BA017,Curitiba,4106902,1,,822,,,-25.43651,-49.355081,,False,1,1,2023-06-14T22:40:37.833954+00:00
CUR_DL310,Curitiba,4106902,0,URBS,304,https://moovitapp.com/index/pt-br/transporte_p%C3%BAblico-line-304_PINHAIS_CAMPO_COMPRIDO-Curitiba-942-9628-133282995-0,-1.0,-25.428836,-49.28455,,False,3,2,2023-06-14T22:41:37.833954+00:00
CUR_JL321,Curitiba,4106902,1,URBS,304,https://moovitapp.com/index/pt-br/transporte_p%C3%BAblico-line-304_PINHAIS_CAMPO_COMPRIDO-Curitiba-942-9628-133282995-0,-1.0,-25.44498,-49.186416,,False,3,1,2023-06-14T22:42:37.833954+00:00
CUR_JL307,Curitiba,4106902,0,URBS,304,https://moovitapp.com/index/pt-br/transporte_p%C3%BAblico-line-304_PINHAIS_CAMPO_COMPRIDO-Curitiba-942-9628-133282995-0,-1.0,-25.430976,-49.291146,,False,3,1,2023-06-14T22:40:37.833954+00:00
CUR_JL323,Curitiba,4106902,1,URBS,304,https://moovitapp.com/index/pt-br/transporte_p%C3%BAblico-line-304_PINHAIS_CAMPO_COMPRIDO-Curitiba-942-9628-133282995-0,-1.0,-25.44862,-49.366118,,False,3,2,2023-06-14T22:32:37.833954+00:00
CUR_JL324,Curitiba,4106902,1,URBS,304,https://moovitapp.com/index/pt-br/transporte_p%C3%BAblico-line-304_PINHAIS_CAMPO_COMPRIDO-Curitiba-942-9628-133282995-0,-1.0,-25.43925,-49.342461,,False,3,2,2023-06-14T22:34:37.833954+00:00
CUR_HL115,Curitiba,4106902,0,URBS,304,https://moovitapp.com/index/pt-br/transporte_p%C3%BAblico-line-304_PINHAIS_CAMPO_COMPRIDO-Curitiba-942-9628-133282995-0,-1.0,-25.429273,-49.293636,,False,3,1,2023-06-14T22:32:37.833954+00:00
CUR_BC314,Curitiba,4106902,1,,372,,,-25.428663,-49.20442,,False,10,1,2023-06-14T22:41:37.833954+00:00
CUR_BC320,Curitiba,4106902,1,,372,,,-25.413375,-49.204578,,False,10,1,2023-06-14T22:37:37.833954+00:00
CUR_BI028,Curitiba,4106902,1,,372,,,-25.426771,-49.252845,,False,1,2,2023-06-14T22:40:37.833954+00:00
CUR_CI005,Curitiba,4106902,1,,372,,,-25.430606,-49.20982,,False,1,2,2023-06-14T22:42:37.833954+00:00
CUR_BL310,Curitiba,4106902,0,URBS,256,https://moovitapp.com/index/pt-br/transporte_p%C3%BAblico-line-256_BARREIRINHA_GUADALUPE-Curitiba-942-9628-398191-0,-1.0,-25.409011,-49.26436,,False,3,2,2023-06-14T22:33:37.833954+00:00
CUR_BL338,Curitiba,4106902,0,URBS,256,https://moovitapp.com/index/pt-br/transporte_p%C3%BAblico-line-256_BARREIRINHA_GUADALUPE-Curitiba-942-9628-398191-0,-1.0,-25.377636,-49.262703,,False,3,2,2023-06-14T22:38:37.833954+00:00
CUR_BL316,Curitiba,4106902,0,URBS,023,https://moovitapp.com/index/pt-br/transporte_p%C3%BAblico-line-023_INTER_2_ANTI_HOR%C3%81RIO-Curitiba-942-9628-398189-0,-1.0,-25.492546,-49.293678,,False,3,,2023-06-14T22:42:37.833954+00:00
CUR_BL323,Curitiba,4106902,0,URBS,256,https://moovitapp.com/index/pt-br/transporte_p%C3%BAblico-line-256_BARREIRINHA_GUADALUPE-Curitiba-942-9628-398191-0,-1.0,-25.422866,-49.268838,,False,3,2,2023-06-14T22:38:37.833954+00:00
CUR_BL325,Curitiba,4106902,0,URBS,256,https://moovitapp.com/index/pt-br/transporte_p%C3%BAblico-line-256_BARREIRINHA_GUADALUPE-Curitiba-942-9628-398191-0,-1.0,-25.385038,-49.261213,,False,3,2,2023-06-14T22:41:37.833954+00:00
CUR_BL324,Curitiba,4106902,0,URBS,023,https://moovitapp.com/index/pt-br/transporte_p%C3%BAblico-line-023_INTER_2_ANTI_HOR%C3%81RIO-Curitiba-942-9628-398189-0,-1.0,-25.443163,-49.306581,,False,3,,2023-06-14T22:41:37.833954+00:00
CUR_BL309,Curitiba,4106902,0,URBS,023,https://moovitapp.com/index/pt-br/transporte_p%C3%BAblico-line-023_INTER_2_ANTI_HOR%C3%81RIO-Curitiba-942-9628-398189-0,-1.0,-25.405946,-49.252526,,False,3,,2023-06-14T22:40:37.833954+00:00
CUR_BL608,Curitiba,4106902,0,URBS,023,https://moovitapp.com/index/pt-br/transporte_p%C3%BAblico-line-023_INTER_2_ANTI_HOR%C3%81RIO-Curitiba-942-9628-398189-0,-1.0,-25.429938,-49.2147,,False,4,,2023-06-14T22:40:37.833954+00:00
CUR_BL611,Curitiba,4106902,0,URBS,023,https://moovitapp.com/index/pt-br/transporte_p%C3%BAblico-line-023_INTER_2_ANTI_HOR%C3%81RIO-Curitiba-942-9628-398189-0,-1.0,-25.44454,-49.223048,,False,4,,2023-06-14T22:42:37.833954+00:00
CUR_MR800,Curitiba,4106902,0,URBS,023,https://moovitapp.com/index/pt-br/transporte_p%C3%BAblico-line-023_INTER_2_ANTI_HOR%C3%81RIO-Curitiba-942-9628-398189-0,-1.0,-25.491513,-49.293821,,False,4,,2023-06-14T22:34:37.833954+00:00
CUR_HL602,Curitiba,4106902,0,URBS,023,https://moovitapp.com/index/pt-br/transporte_p%C3%BAblico-line-023_INTER_2_ANTI_HOR%C3%81RIO-Curitiba-942-9628-398189-0,-1.0,-25.483008,-49.24709,,False,4,,2023-06-14T22:34:37.833954+00:00
CUR_EL602,Curitiba,4106902,0,URBS,023,https://moovitapp.com/index/pt-br/transporte_p%C3%BAblico-line-023_INTER_2_ANTI_HOR%C3%81RIO-Curitiba-942-9628-398189-0,-1.0,-25.477211,-49.29237,,False,4,,2023-06-14T22:39:37.833954+00:00
CUR_DR801,Curitiba,4106902,0,URBS,023,https://moovitapp.com/index/pt-br/transporte_p%C3%BAblico-line-023_INTER_2_ANTI_HOR%C3%81RIO-Curitiba-942-9628-398189-0,-1.0,-25.425868,-49.293818,,False,4,,2023-06-14T22:41:37.833954+00:00
CUR_ML300,Curitiba,4106902,0,URBS,023,https://moovitapp.com/index/pt-br/transporte_p%C3%BAblico-line-023_INTER_2_ANTI_HOR%C3%81RIO-Curitiba-942-9628-398189-0,-1.0,-25.406693,-49.255561,,False,3,,2023-06-14T22:40:37.833954+00:00
CUR_DR804,Curitiba,4106902,0,URBS,023,https://moovitapp.com/index/pt-br/transporte_p%C3%BAblico-line-023_INTER_2_ANTI_HOR%C3%81RIO-Curitiba-942-9628-398189-0,-1.0,-25.42337,-49.24168,,False,4,,2023-06-14T22:41:37.833954+00:00
CUR_JL601,Curitiba,4106902,0,URBS,023,https://moovitapp.com/index/pt-br/transporte_p%C3%BAblico-line-023_INTER_2_ANTI_HOR%C3%81RIO-Curitiba-942-9628-398189-0,-1.0,-25.417636,-49.24508,,False,4,,2023-06-14T22:34:37.833954+00:00
CUR_BL334,Curitiba,4106902,0,URBS,023,https://moovitapp.com/index/pt-br/transporte_p%C3%BAblico-line-023_INTER_2_ANTI_HOR%C3%81RIO-Curitiba-942-9628-398189-0,-1.0,-25.417703,-49.243576,,False,3,,2023-06-14T22:40:37.833954+00:00
CUR_HL601,Curitiba,4106902,0,URBS,023,https://moovitapp.com/index/pt-br/transporte_p%C3%BAblico-line-023_INTER_2_ANTI_HOR%C3%81RIO-Curitiba-942-9628-398189-0,-1.0,-25.441161,-49.221228,,False,4,,2023-06-14T22:39:37.833954+00:00
CUR_JL603,Curitiba,4106902,0,URBS,023,https://moovitapp.com/index/pt-br/transporte_p%C3%BAblico-line-023_INTER_2_ANTI_HOR%C3%81RIO-Curitiba-942-9628-398189-0,-1.0,-25.434275,-49.302376,,False,4,,2023-06-14T22:34:37.833954+00:00
CUR_HR804,Curitiba,4106902,0,URBS,023,https://moovitapp.com/index/pt-br/transporte_p%C3%BAblico-line-023_INTER_2_ANTI_HOR%C3%81RIO-Curitiba-942-9628-398189-0,-1.0,-25.485805,-49.253978,,False,4,,2023-06-14T22:30:37.833954+00:00
CUR_EL300,Curitiba,4106902,0,URBS,023,https://moovitapp.com/index/pt-br/transporte_p%C3%BAblico-line-023_INTER_2_ANTI_HOR%C3%81RIO-Curitiba-942-9628-398189-0,-1.0,-25.49474,-49.264931,,False,3,,2023-06-14T22:41:37.833954+00:00
CUR_JL600,Curitiba,4106902,0,URBS,023,https://moovitapp.com/index/pt-br/transporte_p%C3%BAblico-line-023_INTER_2_ANTI_HOR%C3%81RIO-Curitiba-942-9628-398189-0,-1.0,-25.494505,-49.264483,,False,4,,2023-06-14T22:36:37.833954+00:00
CUR_CL306,Curitiba,4106902,0,URBS,307,https://moovitapp.com/index/pt-br/transporte_p%C3%BAblico-line-307_BAIRRO_ALTO_SANTA_FELICIDADE-Curitiba-942-9628-1323712-0,-1.0,-25.417373,-49.247905,,False,3,,2023-06-14T22:42:37.833954+00:00
CUR_ER802,Curitiba,4106902,0,URBS,023,https://moovitapp.com/index/pt-br/transporte_p%C3%BAblico-line-023_INTER_2_ANTI_HOR%C3%81RIO-Curitiba-942-9628-398189-0,-1.0,-25.413615,-49.25914,,False,4,,2023-06-14T22:41:37.833954+00:00
CUR_GL600,Curitiba,4106902,0,URBS,023,https://moovitapp.com/index/pt-br/transporte_p%C3%BAblico-line-023_INTER_2_ANTI_HOR%C3%81RIO-Curitiba-942-9628-398189-0,-1.0,-25.442606,-49.307088,,False,4,,2023-06-14T22:39:37.833954+00:00
CUR_BL333,Curitiba,4106902,0,URBS,023,https://moovitapp.com/index/pt-br/transporte_p%C3%BAblico-line-023_INTER_2_ANTI_HOR%C3%81RIO-Curitiba-942-9628-398189-0,-1.0,-25.433565,-49.300608,,False,3,,2023-06-14T22:41:37.833954+00:00
CUR_DL041,Curitiba,4106902,0,URBS,023,https://moovitapp.com/index/pt-br/transporte_p%C3%BAblico-line-023_INTER_2_ANTI_HOR%C3%81RIO-Curitiba-942-9628-398189-0,-1.0,-25.444256,-49.22284,,False,3,,2023-06-14T22:41:37.833954+00:00
CUR_BI897,Curitiba,4106902,1,,176,,,-25.388508,-49.27235,,False,7,2,2023-06-14T22:39:37.833954+00:00
CUR_BI869,Curitiba,4106902,1,,260,,,-25.42788,-49.268633,,False,7,2,2023-06-14T22:40:37.833954+00:00
CUR_ML302,Curitiba,4106902,0,URBS,307,https://moovitapp.com/index/pt-br/transporte_p%C3%BAblico-line-307_BAIRRO_ALTO_SANTA_FELICIDADE-Curitiba-942-9628-1323712-0,-1.0,-25.41678,-49.29471,,False,3,1,2023-06-14T22:41:37.833954+00:00
CUR_BL328,Curitiba,4106902,0,URBS,307,https://moovitapp.com/index/pt-br/transporte_p%C3%BAblico-line-307_BAIRRO_ALTO_SANTA_FELICIDADE-Curitiba-942-9628-1323712-0,-1.0,-25.431333,-49.277813,,False,3,1,2023-06-14T22:39:37.833954+00:00
CUR_CL302,Curitiba,4106902,0,URBS,307,https://moovitapp.com/index/pt-br/transporte_p%C3%BAblico-line-307_BAIRRO_ALTO_SANTA_FELICIDADE-Curitiba-942-9628-1323712-0,-1.0,-25.415073,-49.205046,,False,3,2,2023-06-14T22:40:37.833954+00:00
CUR_BL336,Curitiba,4106902,0,URBS,307,https://moovitapp.com/index/pt-br/transporte_p%C3%BAblico-line-307_BAIRRO_ALTO_SANTA_FELICIDADE-Curitiba-942-9628-1323712-0,-1.0,-25.427671,-49.28505,,False,3,2,2023-06-14T22:36:37.833954+00:00
CUR_ML307,Curitiba,4106902,0,URBS,307,https://moovitapp.com/index/pt-br/transporte_p%C3%BAblico-line-307_BAIRRO_ALTO_SANTA_FELICIDADE-Curitiba-942-9628-1323712-0,-1.0,-25.411583,-49.3197,,False,3,1,2023-06-14T22:39:37.833954+00:00
CUR_ML312,Curitiba,4106902,0,URBS,307,https://moovitapp.com/index/pt-br/transporte_p%C3%BAblico-line-307_BAIRRO_ALTO_SANTA_FELICIDADE-Curitiba-942-9628-1323712-0,-1.0,-25.402466,-49.326685,,False,3,1,2023-06-14T22:38:37.833954+00:00
CUR_CL038,Curitiba,4106902,0,URBS,307,https://moovitapp.com/index/pt-br/transporte_p%C3%BAblico-line-307_BAIRRO_ALTO_SANTA_FELICIDADE-Curitiba-942-9628-1323712-0,-1.0,-25.431058,-49.20555,,False,3,2,2023-06-14T22:42:37.833954+00:00
CUR_ML313,Curitiba,4106902,0,URBS,307,https://moovitapp.com/index/pt-br/transporte_p%C3%BAblico-line-307_BAIRRO_ALTO_SANTA_FELICIDADE-Curitiba-942-9628-1323712-0,-1.0,-25.42636,-49.270501,,False,3,1,2023-06-14T22:41:37.833954+00:00
CUR_CL039,Curitiba,4106902,0,URBS,307,https://moovitapp.com/index/pt-br/transporte_p%C3%BAblico-line-307_BAIRRO_ALTO_SANTA_FELICIDADE-Curitiba-942-9628-1323712-0,-1.0,-25.43064,-49.203976,,False,3,1,2023-06-14T22:42:37.833954+00:00
CUR_JA029,Curitiba,4106902,1,,860,,,-25.46391,-49.356935,,False,1,2,2023-06-14T22:40:37.833954+00:00
CUR_JI018,Curitiba,4106902,1,,860,,,-25.460968,-49.358108,,False,1,2,2023-06-14T22:32:37.833954+00:00
CUR_JI011,Curitiba,4106902,1,,860,,,-25.449446,-49.326723,,False,1,2,2023-06-14T22:38:37.833954+00:00
CUR_JI298,Curitiba,4106902,1,,860,,,-25.438433,-49.277615,,False,1,1,2023-06-14T22:40:37.833954+00:00
CUR_BI864,Curitiba,4106902,1,,366,,,-25.4363,-49.276781,,False,7,1,2023-06-14T22:40:37.833954+00:00
CUR_BI031,Curitiba,4106902,1,,816,,,-25.43579,-49.307011,,False,1,2,2023-06-14T22:39:37.833954+00:00
CUR_BC004,Curitiba,4106902,1,,816,,,-25.400623,-49.330511,,False,1,1,2023-06-14T22:42:37.833954+00:00
CUR_BC012,Curitiba,4106902,1,,816,,,-25.401058,-49.329933,,False,1,1,2023-06-14T22:29:37.833954+00:00
CUR_BI004,Curitiba,4106902,1,Auto Viação São José,211,https://moovitapp.com/index/pt-br/transporte_p%C3%BAblico-line-211_PIT_PRA%C3%87A_DA_JUVENTUDE_IZAURA_IP%C3%8A-Curitiba-942-857412-73553392-0,-1.0,-25.402788,-49.213135,,False,1,2,2023-06-14T22:41:37.833954+00:00
CUR_BI002,Curitiba,4106902,1,Auto Viação São José,211,https://moovitapp.com/index/pt-br/transporte_p%C3%BAblico-line-211_PIT_PRA%C3%87A_DA_JUVENTUDE_IZAURA_IP%C3%8A-Curitiba-942-857412-73553392-0,-1.0,-25.4099,-49.22003,,False,1,1,2023-06-14T22:27:37.833954+00:00
CUR_BI019,Curitiba,4106902,1,,236,,,-25.351826,-49.246288,,False,1,2,2023-06-14T22:41:37.833954+00:00
CUR_KI002,Curitiba,4106902,1,,472,,,-25.44204,-49.26415,,False,1,2,2023-06-14T22:41:37.833954+00:00
CUR_KI001,Curitiba,4106902,1,,472,,,-25.474685,-49.23924,,False,1,2,2023-06-14T22:41:37.833954+00:00
CUR_HI860,Curitiba,4106902,1,,674,,,-25.477933,-49.311168,,False,7,2,2023-06-14T22:36:37.833954+00:00
CUR_HC851,Curitiba,4106902,1,,674,,,-25.444746,-49.276125,,False,7,1,2023-06-14T22:36:37.833954+00:00
CUR_EI015,Curitiba,4106902,1,,511,,,-25.482136,-49.246608,,False,1,2,2023-06-14T22:41:37.833954+00:00
CUR_EI019,Curitiba,4106902,1,,511,,,-25.50944,-49.263088,,False,1,1,2023-06-14T22:41:37.833954+00:00
CUR_DA293,Curitiba,4106902,1,,323,,,-25.451468,-49.210656,,False,1,,2023-06-14T22:42:37.833954+00:00
CUR_EA075,Curitiba,4106902,1,,323,,,-25.45053,-49.199838,,False,1,,2023-06-14T22:41:37.833954+00:00
CUR_EA023,Curitiba,4106902,1,Auto Viação São José,531,https://moovitapp.com/index/pt-br/transporte_p%C3%BAblico-line-531_BAIRRO_A_BAIRRO_1-Curitiba-942-857412-1570571-0,-1.0,-25.536343,-49.247341,,False,1,1,2023-06-14T22:41:37.833954+00:00
CUR_EA024,Curitiba,4106902,1,Auto Viação São José,531,https://moovitapp.com/index/pt-br/transporte_p%C3%BAblico-line-531_BAIRRO_A_BAIRRO_1-Curitiba-942-857412-1570571-0,-1.0,-25.527016,-49.25168,,False,1,2,2023-06-14T22:41:37.833954+00:00
CUR_EA002,Curitiba,4106902,1,Auto Viação São José,531,https://moovitapp.com/index/pt-br/transporte_p%C3%BAblico-line-531_BAIRRO_A_BAIRRO_1-Curitiba-942-857412-1570571-0,-1.0,-25.516861,-49.230905,,False,1,2,2023-06-14T22:41:37.833954+00:00
CUR_EA212,Curitiba,4106902,1,Auto Viação São José,531,https://moovitapp.com/index/pt-br/transporte_p%C3%BAblico-line-531_BAIRRO_A_BAIRRO_1-Curitiba-942-857412-1570571-0,-1.0,-25.54244,-49.244283,,False,1,2,2023-06-14T22:41:37.833954+00:00
CUR_HE731,Curitiba,4106902,0,URBS,603,https://moovitapp.com/index/pt-br/transporte_p%C3%BAblico-line-603_PINHEIRINHO_RUI_BARBOSA-Curitiba-942-9628-484781-0,-1.0,-25.492296,-49.293623,,False,5,1,2023-06-14T22:37:37.833954+00:00
CUR_HE717,Curitiba,4106902,0,URBS,603,https://moovitapp.com/index/pt-br/transporte_p%C3%BAblico-line-603_PINHEIRINHO_RUI_BARBOSA-Curitiba-942-9628-484781-0,-1.0,-25.43619,-49.274358,,False,5,2,2023-06-14T22:39:37.833954+00:00
CUR_HE702,Curitiba,4106902,0,URBS,603,https://moovitapp.com/index/pt-br/transporte_p%C3%BAblico-line-603_PINHEIRINHO_RUI_BARBOSA-Curitiba-942-9628-484781-0,-1.0,-25.473611,-49.294243,,False,5,1,2023-06-14T22:41:37.833954+00:00
CUR_HE703,Curitiba,4106902,0,URBS,603,https://moovitapp.com/index/pt-br/transporte_p%C3%BAblico-line-603_PINHEIRINHO_RUI_BARBOSA-Curitiba-942-9628-484781-0,-1.0,-25.50869,-49.295893,,False,5,2,2023-06-14T22:29:37.833954+00:00
CUR_HE725,Curitiba,4106902,0,URBS,603,https://moovitapp.com/index/pt-br/transporte_p%C3%BAblico-line-603_PINHEIRINHO_RUI_BARBOSA-Curitiba-942-9628-484781-0,-1.0,-25.53977,-49.307976,,False,5,,2023-06-14T22:41:37.833954+00:00
CUR_HE726,Curitiba,4106902,0,URBS,603,https://moovitapp.com/index/pt-br/transporte_p%C3%BAblico-line-603_PINHEIRINHO_RUI_BARBOSA-Curitiba-942-9628-484781-0,-1.0,-25.512318,-49.295203,,False,5,1,2023-06-14T22:37:37.833954+00:00
CUR_HE709,Curitiba,4106902,0,URBS,603,https://moovitapp.com/index/pt-br/transporte_p%C3%BAblico-line-603_PINHEIRINHO_RUI_BARBOSA-Curitiba-942-9628-484781-0,-1.0,-25.512285,-49.295765,,False,5,1,2023-06-14T22:40:37.833954+00:00
CUR_HE722,Curitiba,4106902,0,URBS,603,https://moovitapp.com/index/pt-br/transporte_p%C3%BAblico-line-603_PINHEIRINHO_RUI_BARBOSA-Curitiba-942-9628-484781-0,-1.0,-25.482856,-49.293095,,False,5,2,2023-06-14T22:42:37.833954+00:00
CUR_HE718,Curitiba,4106902,0,URBS,603,https://moovitapp.com/index/pt-br/transporte_p%C3%BAblico-line-603_PINHEIRINHO_RUI_BARBOSA-Curitiba-942-9628-484781-0,-1.0,-25.455135,-49.288211,,False,5,1,2023-06-14T22:41:37.833954+00:00
CUR_HA019,Curitiba,4106902,1,,646,,,-25.58558,-49.318293,,False,1,2,2023-06-14T22:34:37.833954+00:00
CUR_HI600,Curitiba,4106902,1,,646,,,-25.543036,-49.303128,,False,4,2,2023-06-14T22:41:37.833954+00:00
CUR_HA024,Curitiba,4106902,1,,646,,,-25.588933,-49.327981,,False,1,1,2023-06-14T22:39:37.833954+00:00
CUR_HI049,Curitiba,4106902,1,,646,,,-25.59541,-49.331606,,False,1,1,2023-06-14T22:38:37.833954+00:00
CUR_GI012,Curitiba,4106902,1,,649,,,-25.53793,-49.277861,,False,1,2,2023-06-14T22:40:37.833954+00:00
CUR_GC004,Curitiba,4106902,1,,649,,,-25.513538,-49.295376,,False,1,1,2023-06-14T22:41:37.833954+00:00
CUR_GI016,Curitiba,4106902,1,,649,,,-25.533981,-49.276155,,False,1,2,2023-06-14T22:41:37.833954+00:00
CUR_GE727,Curitiba,4106902,0,URBS,550,https://moovitapp.com/index/pt-br/transporte_p%C3%BAblico-line-550_LIGEIR%C3%83O_PINHEIRINHO_CARLOS_GOMES-Curitiba-942-9628-1254061-0,-1.0,-25.43422,-49.269078,,False,5,1,2023-06-14T22:38:37.833954+00:00
CUR_GE716,Curitiba,4106902,0,URBS,550,https://moovitapp.com/index/pt-br/transporte_p%C3%BAblico-line-550_LIGEIR%C3%83O_PINHEIRINHO_CARLOS_GOMES-Curitiba-942-9628-1254061-0,-1.0,-25.479841,-49.262445,,False,5,2,2023-06-14T22:38:37.833954+00:00
CUR_HE719,Curitiba,4106902,0,URBS,550,https://moovitapp.com/index/pt-br/transporte_p%C3%BAblico-line-550_LIGEIR%C3%83O_PINHEIRINHO_CARLOS_GOMES-Curitiba-942-9628-1254061-0,-1.0,-25.511496,-49.292011,,False,5,1,2023-06-14T22:42:37.833954+00:00
CUR_HE720,Curitiba,4106902,0,URBS,550,https://moovitapp.com/index/pt-br/transporte_p%C3%BAblico-line-550_LIGEIR%C3%83O_PINHEIRINHO_CARLOS_GOMES-Curitiba-942-9628-1254061-0,-1.0,-25.438251,-49.268383,,False,5,2,2023-06-14T22:37:37.833954+00:00
CUR_HE711,Curitiba,4106902,0,URBS,550,https://moovitapp.com/index/pt-br/transporte_p%C3%BAblico-line-550_LIGEIR%C3%83O_PINHEIRINHO_CARLOS_GOMES-Curitiba-942-9628-1254061-0,-1.0,-25.473638,-49.257551,,False,5,1,2023-06-14T22:40:37.833954+00:00
CUR_GE703,Curitiba,4106902,0,URBS,550,https://moovitapp.com/index/pt-br/transporte_p%C3%BAblico-line-550_LIGEIR%C3%83O_PINHEIRINHO_CARLOS_GOMES-Curitiba-942-9628-1254061-0,-1.0,-25.434391,-49.270285,,False,5,1,2023-06-14T22:40:37.833954+00:00
CUR_GE734,Curitiba,4106902,0,URBS,550,https://moovitapp.com/index/pt-br/transporte_p%C3%BAblico-line-550_LIGEIR%C3%83O_PINHEIRINHO_CARLOS_GOMES-Curitiba-942-9628-1254061-0,-1.0,-25.518395,-49.297053,,False,5,2,2023-06-14T22:28:37.833954+00:00
CUR_GE733,Curitiba,4106902,0,URBS,550,https://moovitapp.com/index/pt-br/transporte_p%C3%BAblico-line-550_LIGEIR%C3%83O_PINHEIRINHO_CARLOS_GOMES-Curitiba-942-9628-1254061-0,-1.0,-25.512663,-49.289438,,False,5,2,2023-06-14T22:28:37.833954+00:00
CUR_HD250,Curitiba,4106902,0,URBS,550,https://moovitapp.com/index/pt-br/transporte_p%C3%BAblico-line-550_LIGEIR%C3%83O_PINHEIRINHO_CARLOS_GOMES-Curitiba-942-9628-1254061-0,-1.0,-25.512518,-49.294653,,False,5,1,2023-06-14T22:37:37.833954+00:00
CUR_GE720,Curitiba,4106902,0,URBS,550,https://moovitapp.com/index/pt-br/transporte_p%C3%BAblico-line-550_LIGEIR%C3%83O_PINHEIRINHO_CARLOS_GOMES-Curitiba-942-9628-1254061-0,-1.0,-25.512173,-49.288763,,False,5,1,2023-06-14T22:41:37.833954+00:00
CUR_HE604,Curitiba,4106902,0,URBS,550,https://moovitapp.com/index/pt-br/transporte_p%C3%BAblico-line-550_LIGEIR%C3%83O_PINHEIRINHO_CARLOS_GOMES-Curitiba-942-9628-1254061-0,-1.0,-25.469915,-49.254521,,False,4,2,2023-06-14T22:42:37.833954+00:00
CUR_GE713,Curitiba,4106902,0,URBS,550,https://moovitapp.com/index/pt-br/transporte_p%C3%BAblico-line-550_LIGEIR%C3%83O_PINHEIRINHO_CARLOS_GOMES-Curitiba-942-9628-1254061-0,-1.0,-25.468915,-49.253616,,False,5,1,2023-06-14T22:36:37.833954+00:00
CUR_HE707,Curitiba,4106902,0,URBS,550,https://moovitapp.com/index/pt-br/transporte_p%C3%BAblico-line-550_LIGEIR%C3%83O_PINHEIRINHO_CARLOS_GOMES-Curitiba-942-9628-1254061-0,-1.0,-25.469271,-49.254,,False,5,1,2023-06-14T22:40:37.833954+00:00
CUR_DA296,Curitiba,4106902,1,,332,,,-25.476495,-49.19542,,False,1,,2023-06-14T22:41:37.833954+00:00
CUR_DA297,Curitiba,4106902,1,,332,,,-25.477936,-49.196215,,False,1,,2023-06-14T22:41:37.833954+00:00
CUR_EA077,Curitiba,4106902,1,,332,,,-25.478208,-49.196348,,False,1,,2023-06-14T22:41:37.833954+00:00
CUR_GI010,Curitiba,4106902,1,,541,,,-25.542806,-49.262875,,False,1,1,2023-06-14T22:40:37.833954+00:00
CUR_GC001,Curitiba,4106902,1,,541,,,-25.543815,-49.26105,,False,1,2,2023-06-14T22:41:37.833954+00:00
CUR_GA001,Curitiba,4106902,1,,541,,,-25.540578,-49.2492,,False,1,1,2023-06-14T22:42:37.833954+00:00
CUR_GA177,Curitiba,4106902,1,,541,,,-25.534385,-49.267768,,False,1,1,2023-06-14T22:40:37.833954+00:00
CUR_GA002,Curitiba,4106902,1,,541,,,-25.544846,-49.250508,,False,1,1,2023-06-14T22:42:37.833954+00:00
CUR_GI038,Curitiba,4106902,1,,541,,,-25.535496,-49.270208,,False,1,1,2023-06-14T22:41:37.833954+00:00
CUR_BI020,Curitiba,4106902,1,,231,,,-25.376798,-49.223586,,False,1,2,2023-06-14T22:39:37.833954+00:00
CUR_BB605,Curitiba,4106902,1,,020,,,-25.476985,-49.296888,,False,4,,2023-06-14T22:36:37.833954+00:00
CUR_BB603,Curitiba,4106902,1,,020,,,-25.428456,-49.241253,,False,4,,2023-06-14T22:40:37.833954+00:00
CUR_CB603,Curitiba,4106902,1,,020,,,-25.390311,-49.259495,,False,4,,2023-06-14T22:42:37.833954+00:00
CUR_EB604,Curitiba,4106902,1,,020,,,-25.485061,-49.299633,,False,4,,2023-06-14T22:41:37.833954+00:00
CUR_EB606,Curitiba,4106902,1,,020,,,-25.469436,-49.235696,,False,4,,2023-06-14T22:41:37.833954+00:00
CUR_KB604,Curitiba,4106902,1,,020,,,-25.435785,-49.30677,,False,4,,2023-06-14T22:41:37.833954+00:00
CUR_HB611,Curitiba,4106902,1,,020,,,-25.4303,-49.213111,,False,4,,2023-06-14T22:38:37.833954+00:00
CUR_BA601,Curitiba,4106902,1,,020,,,-25.429256,-49.222415,,False,4,,2023-06-14T22:42:37.833954+00:00
CUR_BB612,Curitiba,4106902,1,,020,,,-25.428396,-49.21424,,False,4,,2023-06-14T22:34:37.833954+00:00
CUR_CB602,Curitiba,4106902,1,,020,,,-25.403783,-49.289531,,False,4,,2023-06-14T22:42:37.833954+00:00
CUR_BB606,Curitiba,4106902,1,,020,,,-25.482745,-49.246678,,False,4,,2023-06-14T22:38:37.833954+00:00
CUR_BB608,Curitiba,4106902,1,,020,,,-25.471435,-49.299556,,False,4,,2023-06-14T22:41:37.833954+00:00
CUR_BB609,Curitiba,4106902,1,,020,,,-25.397205,-49.251128,,False,4,,2023-06-14T22:42:37.833954+00:00
CUR_HA198,Curitiba,4106902,1,,612,,,-25.476143,-49.290951,,False,1,2,2023-06-14T22:41:37.833954+00:00
CUR_HC002,Curitiba,4106902,1,,612,,,-25.501606,-49.323301,,False,1,2,2023-06-14T22:40:37.833954+00:00
CUR_HI030,Curitiba,4106902,1,,612,,,-25.511665,-49.323826,,False,1,1,2023-06-14T22:29:37.833954+00:00
CUR_BI857,Curitiba,4106902,1,,244,,,-25.372563,-49.253606,,False,7,2,2023-06-14T22:29:37.833954+00:00
CUR_JI013,Curitiba,4106902,1,,721,,,-25.490678,-49.347923,,False,1,1,2023-06-14T22:40:37.833954+00:00
CUR_JI023,Curitiba,4106902,1,,721,,,-25.508066,-49.3516,,False,1,2,2023-06-14T22:35:37.833954+00:00
CUR_DA033,Curitiba,4106902,1,,621,,,-25.474365,-49.257688,,False,1,1,2023-06-14T22:41:37.833954+00:00
CUR_DA291,Curitiba,4106902,1,,621,,,-25.482015,-49.269566,,False,1,2,2023-06-14T22:41:37.833954+00:00
CUR_HA311,Curitiba,4106902,1,,863,,,-25.468446,-49.287861,,False,3,1,2023-06-14T22:40:37.833954+00:00
CUR_HI001,Curitiba,4106902,1,,863,,,-25.435165,-49.273356,,False,1,2,2023-06-14T22:40:37.833954+00:00
CUR_HI013,Curitiba,4106902,1,,826,,,-25.448655,-49.353595,,False,1,2,2023-06-14T22:41:37.833954+00:00
CUR_HI008,Curitiba,4106902,1,,826,,,-25.511376,-49.324991,,False,1,2,2023-06-14T22:34:37.833954+00:00
CUR_JC301,Curitiba,4106902,1,,826,,,-25.48367,-49.35032,,False,3,2,2023-06-14T22:38:37.833954+00:00
CUR_HI299,Curitiba,4106902,1,,826,,,-25.45387,-49.36112,,False,1,1,2023-06-14T22:41:37.833954+00:00
CUR_JA022,Curitiba,4106902,1,,826,,,-25.509441,-49.339086,,False,1,2,2023-06-14T22:40:37.833954+00:00
CUR_HI015,Curitiba,4106902,1,,826,,,-25.483543,-49.34863,,False,1,2,2023-06-14T22:41:37.833954+00:00
CUR_JI863,Curitiba,4106902,1,,762,,,-25.47789,-49.328415,,False,7,2,2023-06-14T22:35:37.833954+00:00
CUR_JI857,Curitiba,4106902,1,,762,,,-25.43621,-49.27426,,False,7,1,2023-06-14T22:40:37.833954+00:00
CUR_HA025,Curitiba,4106902,1,,773,,,-25.535658,-49.332021,,False,1,2,2023-06-14T22:39:37.833954+00:00
CUR_HA611,Curitiba,4106902,1,,773,,,-25.515713,-49.336373,,False,4,2,2023-06-14T22:41:37.833954+00:00
CUR_CI001,Curitiba,4106902,1,,380,,,-25.427593,-49.264865,,False,1,2,2023-06-14T22:42:37.833954+00:00
CUR_CC302,Curitiba,4106902,1,,380,,,-25.429885,-49.21597,,False,10,1,2023-06-14T22:42:37.833954+00:00
CUR_HC301,Curitiba,4106902,1,,380,,,-25.433363,-49.27961,,False,10,2,2023-06-14T22:41:37.833954+00:00
CUR_CC297,Curitiba,4106902,1,,380,,,-25.427825,-49.23427,,False,1,1,2023-06-14T22:42:37.833954+00:00
CUR_GC003,Curitiba,4106902,1,,635,,,-25.543178,-49.299661,,False,1,2,2023-06-14T22:39:37.833954+00:00
CUR_GL327,Curitiba,4106902,1,URBS,508,https://moovitapp.com/index/pt-br/transporte_p%C3%BAblico-line-508_S%C3%8DTIO_CERCADO_ANTI_HOR%C3%81RIO-Curitiba-942-9628-294520-0,-1.0,-25.517358,-49.229715,,False,3,,2023-06-14T22:38:37.833954+00:00
CUR_GL314,Curitiba,4106902,0,URBS,508,https://moovitapp.com/index/pt-br/transporte_p%C3%BAblico-line-508_S%C3%8DTIO_CERCADO_ANTI_HOR%C3%81RIO-Curitiba-942-9628-294520-0,-1.0,-25.512243,-49.295776,,False,3,,2023-06-14T22:33:37.833954+00:00
CUR_GL329,Curitiba,4106902,1,URBS,508,https://moovitapp.com/index/pt-br/transporte_p%C3%BAblico-line-508_S%C3%8DTIO_CERCADO_ANTI_HOR%C3%81RIO-Curitiba-942-9628-294520-0,-1.0,-25.49238,-49.293685,,False,3,,2023-06-14T22:39:37.833954+00:00
CUR_GL309,Curitiba,4106902,0,URBS,508,https://moovitapp.com/index/pt-br/transporte_p%C3%BAblico-line-508_S%C3%8DTIO_CERCADO_ANTI_HOR%C3%81RIO-Curitiba-942-9628-294520-0,-1.0,-25.444995,-49.27677,,False,3,,2023-06-14T22:38:37.833954+00:00
CUR_HL317,Curitiba,4106902,0,URBS,508,https://moovitapp.com/index/pt-br/transporte_p%C3%BAblico-line-508_S%C3%8DTIO_CERCADO_ANTI_HOR%C3%81RIO-Curitiba-942-9628-294520-0,-1.0,-25.525791,-49.250563,,False,3,,2023-06-14T22:41:37.833954+00:00
CUR_GL319,Curitiba,4106902,0,URBS,508,https://moovitapp.com/index/pt-br/transporte_p%C3%BAblico-line-508_S%C3%8DTIO_CERCADO_ANTI_HOR%C3%81RIO-Curitiba-942-9628-294520-0,-1.0,-25.538678,-49.280451,,False,3,,2023-06-14T22:30:37.833954+00:00
CUR_GL304,Curitiba,4106902,0,URBS,508,https://moovitapp.com/index/pt-br/transporte_p%C3%BAblico-line-508_S%C3%8DTIO_CERCADO_ANTI_HOR%C3%81RIO-Curitiba-942-9628-294520-0,-1.0,-25.432406,-49.265601,,False,3,,2023-06-14T22:40:37.833954+00:00
CUR_GL080,Curitiba,4106902,0,URBS,508,https://moovitapp.com/index/pt-br/transporte_p%C3%BAblico-line-508_S%C3%8DTIO_CERCADO_ANTI_HOR%C3%81RIO-Curitiba-942-9628-294520-0,-1.0,-25.47844,-49.247465,,False,3,,2023-06-14T22:40:37.833954+00:00
CUR_GL081,Curitiba,4106902,0,URBS,508,https://moovitapp.com/index/pt-br/transporte_p%C3%BAblico-line-508_S%C3%8DTIO_CERCADO_ANTI_HOR%C3%81RIO-Curitiba-942-9628-294520-0,-1.0,-25.512235,-49.295726,,False,3,,2023-06-14T22:39:37.833954+00:00
CUR_GL313,Curitiba,4106902,0,URBS,508,https://moovitapp.com/index/pt-br/transporte_p%C3%BAblico-line-508_S%C3%8DTIO_CERCADO_ANTI_HOR%C3%81RIO-Curitiba-942-9628-294520-0,-1.0,-25.472966,-49.295453,,False,3,,2023-06-14T22:38:37.833954+00:00
CUR_GL328,Curitiba,4106902,1,URBS,508,https://moovitapp.com/index/pt-br/transporte_p%C3%BAblico-line-508_S%C3%8DTIO_CERCADO_ANTI_HOR%C3%81RIO-Curitiba-942-9628-294520-0,-1.0,-25.532468,-49.261215,,False,3,,2023-06-14T22:28:37.833954+00:00
CUR_BC017,Curitiba,4106902,1,,166,,,-25.428296,-49.272518,,False,1,1,2023-06-14T22:40:37.833954+00:00
CUR_BA015,Curitiba,4106902,1,,166,,,-25.39421,-49.301545,,False,1,2,2023-06-14T22:41:37.833954+00:00
CUR_BC009,Curitiba,4106902,1,,870,,,-25.43051,-49.331631,,False,1,2,2023-06-14T22:41:37.833954+00:00
CUR_BC008,Curitiba,4106902,1,,870,,,-25.430533,-49.290163,,False,1,2,2023-06-14T22:42:37.833954+00:00
CUR_BC014,Curitiba,4106902,1,,870,,,-25.430876,-49.334446,,False,1,1,2023-06-14T22:41:37.833954+00:00
CUR_DN601,Curitiba,4106902,1,,387,,,-25.439393,-49.238381,,False,7,2,2023-06-14T22:41:37.833954+00:00
CUR_BA030,Curitiba,4106902,1,,226,,,-25.393048,-49.241333,,False,1,2,2023-06-14T22:41:37.833954+00:00
CUR_BA034,Curitiba,4106902,1,,226,,,-25.368513,-49.245056,,False,1,2,2023-06-14T22:35:37.833954+00:00
CUR_BA001,Curitiba,4106902,1,,226,,,-25.376315,-49.238661,,False,1,1,2023-06-14T22:41:37.833954+00:00
CUR_GI023,Curitiba,4106902,1,,639,,,-25.555048,-49.284433,,False,1,1,2023-06-14T22:40:37.833954+00:00
CUR_GI022,Curitiba,4106902,1,,639,,,-25.520328,-49.295586,,False,1,2,2023-06-14T22:41:37.833954+00:00
CUR_GI017,Curitiba,4106902,1,,639,,,-25.543741,-49.294313,,False,1,1,2023-06-14T22:39:37.833954+00:00
CUR_HI019,Curitiba,4106902,1,,681,,,-25.526028,-49.297655,,False,1,2,2023-06-14T22:41:37.833954+00:00
CUR_BA036,Curitiba,4106902,1,,183,,,-25.42868,-49.271138,,False,1,2,2023-06-14T22:41:37.833954+00:00
CUR_BC280,Curitiba,4106902,1,,183,,,-25.36663,-49.272746,,False,1,1,2023-06-14T22:31:37.833954+00:00
CUR_BI860,Curitiba,4106902,1,,237,,,-25.376301,-49.224673,,False,7,,2023-06-14T22:40:37.833954+00:00
CUR_GE607,Curitiba,4106902,0,URBS,350,https://moovitapp.com/index/pt-br/transporte_p%C3%BAblico-line-350_FAGUNDES_VARELA_PINHEIRINHO-Curitiba-942-9628-52482798-0,-1.0,-25.483781,-49.265651,,False,4,2,2023-06-14T22:42:37.833954+00:00
CUR_BE718,Curitiba,4106902,0,URBS,350,https://moovitapp.com/index/pt-br/transporte_p%C3%BAblico-line-350_FAGUNDES_VARELA_PINHEIRINHO-Curitiba-942-9628-52482798-0,-1.0,-25.512338,-49.294701,,False,5,1,2023-06-14T22:40:37.833954+00:00
CUR_HE700,Curitiba,4106902,0,URBS,350,https://moovitapp.com/index/pt-br/transporte_p%C3%BAblico-line-350_FAGUNDES_VARELA_PINHEIRINHO-Curitiba-942-9628-52482798-0,-1.0,-25.410016,-49.220381,,False,5,2,2023-06-14T22:38:37.833954+00:00
CUR_BB308,Curitiba,4106902,1,,011,,,-25.415861,-49.256401,,False,10,,2023-06-14T22:41:37.833954+00:00
CUR_BB498,Curitiba,4106902,1,,011,,,-25.44794,-49.28041,,False,3,,2023-06-14T22:40:37.833954+00:00
CUR_BB305,Curitiba,4106902,1,,011,,,-25.415958,-49.256335,,False,10,,2023-06-14T22:41:37.833954+00:00
CUR_BI876,Curitiba,4106902,1,,275,,,-25.38118,-49.250621,,False,7,2,2023-06-14T22:31:37.833954+00:00
CUR_BI892,Curitiba,4106902,1,,275,,,-25.396493,-49.256725,,False,7,2,2023-06-14T22:39:37.833954+00:00
CUR_BI862,Curitiba,4106902,1,,275,,,-25.393876,-49.258445,,False,7,2,2023-06-14T22:40:37.833954+00:00
CUR_BI874,Curitiba,4106902,1,,266,,,-25.385268,-49.24771,,False,7,2,2023-06-14T22:40:37.833954+00:00
CUR_BC321,Curitiba,4106902,1,,170,,,-25.414951,-49.27688,,False,3,2,2023-06-14T22:41:37.833954+00:00
CUR_BC010,Curitiba,4106902,1,,170,,,-25.383508,-49.291358,,False,1,2,2023-06-14T22:37:37.833954+00:00
CUR_BC020,Curitiba,4106902,1,,170,,,-25.417051,-49.276728,,False,1,1,2023-06-14T22:40:37.833954+00:00
CUR_BI889,Curitiba,4106902,1,,385,,,-25.43514,-49.241586,,False,7,2,2023-06-14T22:40:37.833954+00:00
CUR_GI021,Curitiba,4106902,1,,625,,,-25.500305,-49.284481,,False,1,1,2023-06-14T22:41:37.833954+00:00
CUR_GI040,Curitiba,4106902,1,,625,,,-25.514168,-49.27467,,False,1,2,2023-06-14T22:36:37.833954+00:00
CUR_GI036,Curitiba,4106902,1,,625,,,-25.521153,-49.272918,,False,1,2,2023-06-14T22:41:37.833954+00:00
CUR_GC006,Curitiba,4106902,1,,625,,,-25.50252,-49.285023,,False,1,1,2023-06-14T22:41:37.833954+00:00
CUR_GI300,Curitiba,4106902,1,,625,,,-25.525126,-49.268585,,False,3,2,2023-06-14T22:41:37.833954+00:00
CUR_GA003,Curitiba,4106902,1,,625,,,-25.526458,-49.267631,,False,1,2,2023-06-14T22:28:37.833954+00:00
CUR_BA024,Curitiba,4106902,1,,375,,,-25.415706,-49.204708,,False,1,1,2023-06-14T22:36:37.833954+00:00
CUR_BC022,Curitiba,4106902,1,,375,,,-25.42757,-49.251878,,False,1,2,2023-06-14T22:41:37.833954+00:00
CUR_BI007,Curitiba,4106902,1,,374,,,-25.408411,-49.208231,,False,1,1,2023-06-14T22:41:37.833954+00:00
CUR_BI006,Curitiba,4106902,1,,374,,,-25.41528,-49.234291,,False,1,2,2023-06-14T22:41:37.833954+00:00
CUR_HI602,Curitiba,4106902,1,,684,,,-25.51351,-49.295371,,False,4,2,2023-06-14T22:40:37.833954+00:00
CUR_HA612,Curitiba,4106902,1,,684,,,-25.575558,-49.330428,,False,4,2,2023-06-14T22:29:37.833954+00:00
CUR_HA616,Curitiba,4106902,1,,684,,,-25.568643,-49.31991,,False,4,1,2023-06-14T22:42:37.833954+00:00
CUR_HI604,Curitiba,4106902,1,,684,,,-25.516263,-49.293863,,False,4,2,2023-06-14T22:41:37.833954+00:00
CUR_HA613,Curitiba,4106902,1,,684,,,-25.576931,-49.331851,,False,4,1,2023-06-14T22:33:37.833954+00:00
CUR_HR407,Curitiba,4106902,1,,684,,,-25.591223,-49.3318,,False,4,1,2023-06-14T22:34:37.833954+00:00
CUR_HR409,Curitiba,4106902,1,,684,,,-25.583955,-49.33557,,False,4,1,2023-06-14T22:41:37.833954+00:00
CUR_HA606,Curitiba,4106902,1,,684,,,-25.552866,-49.305328,,False,4,2,2023-06-14T22:39:37.833954+00:00
CUR_HA615,Curitiba,4106902,1,,684,,,-25.593016,-49.339641,,False,4,2,2023-06-14T22:27:37.833954+00:00
CUR_DR408,Curitiba,4106902,1,,335,,,-25.487176,-49.213645,,False,4,1,2023-06-14T22:41:37.833954+00:00
CUR_EI008,Curitiba,4106902,1,,335,,,-25.51028,-49.222146,,False,1,2,2023-06-14T22:41:37.833954+00:00
CUR_DA698,Curitiba,4106902,1,,335,,,-25.516671,-49.23088,,False,4,1,2023-06-14T22:41:37.833954+00:00
CUR_BB303,Curitiba,4106902,1,,010,,,-25.447511,-49.257848,,False,10,,2023-06-14T22:42:37.833954+00:00
CUR_BB302,Curitiba,4106902,1,,010,,,-25.427728,-49.29047,,False,10,,2023-06-14T22:39:37.833954+00:00
CUR_JI860,Curitiba,4106902,1,,779,,,-25.459026,-49.302333,,False,7,2,2023-06-14T22:38:37.833954+00:00
CUR_JC315,Curitiba,4106902,1,,778,,,-25.476435,-49.331228,,False,3,2,2023-06-14T22:34:37.833954+00:00
CUR_JC309,Curitiba,4106902,1,,778,,,-25.435636,-49.274125,,False,3,1,2023-06-14T22:40:37.833954+00:00
CUR_JA300,Curitiba,4106902,1,,778,,,-25.449323,-49.288431,,False,3,2,2023-06-14T22:41:37.833954+00:00
CUR_JC316,Curitiba,4106902,1,,778,,,-25.460268,-49.316678,,False,3,1,2023-06-14T22:41:37.833954+00:00
CUR_BI024,Curitiba,4106902,1,,242,,,-25.373023,-49.262996,,False,1,2,2023-06-14T22:41:37.833954+00:00
CUR_BC027,Curitiba,4106902,1,,242,,,-25.376995,-49.262665,,False,1,2,2023-06-14T22:40:37.833954+00:00
CUR_HN403,Curitiba,4106902,1,,814,,,-25.44378,-49.32894,,False,7,2,2023-06-14T22:41:37.833954+00:00
CUR_DC850,Curitiba,4106902,1,,477,,,-25.456875,-49.242075,,False,7,1,2023-06-14T22:41:37.833954+00:00
CUR_MA012,Curitiba,4106902,1,,821,,,-25.441656,-49.346643,,False,1,1,2023-06-14T22:36:37.833954+00:00
CUR_MI002,Curitiba,4106902,1,,821,,,-25.400475,-49.33129,,False,1,2,2023-06-14T22:37:37.833954+00:00
CUR_CA600,Curitiba,4106902,1,Auto Viação São José,216,https://moovitapp.com/index/pt-br/transporte_p%C3%BAblico-line-216_PIT_PRA%C3%87A_DA_JUVENTUDE_SANTA_F%C3%89_PINDORAMA-Curitiba-942-857412-122004458-0,-1.0,-25.43396,-49.239615,,False,4,1,2023-06-14T22:42:37.833954+00:00
CUR_BA603,Curitiba,4106902,1,Auto Viação São José,216,https://moovitapp.com/index/pt-br/transporte_p%C3%BAblico-line-216_PIT_PRA%C3%87A_DA_JUVENTUDE_SANTA_F%C3%89_PINDORAMA-Curitiba-942-857412-122004458-0,-1.0,-25.466001,-49.279073,,False,4,2,2023-06-14T22:37:37.833954+00:00
CUR_CA603,Curitiba,4106902,1,Auto Viação São José,216,https://moovitapp.com/index/pt-br/transporte_p%C3%BAblico-line-216_PIT_PRA%C3%87A_DA_JUVENTUDE_SANTA_F%C3%89_PINDORAMA-Curitiba-942-857412-122004458-0,-1.0,-25.428473,-49.24909,,False,4,1,2023-06-14T22:40:37.833954+00:00
CUR_HI609,Curitiba,4106902,1,Auto Viação São José,216,https://moovitapp.com/index/pt-br/transporte_p%C3%BAblico-line-216_PIT_PRA%C3%87A_DA_JUVENTUDE_SANTA_F%C3%89_PINDORAMA-Curitiba-942-857412-122004458-0,-1.0,-25.431945,-49.240765,,False,4,2,2023-06-14T22:39:37.833954+00:00
CUR_CA698,Curitiba,4106902,0,Auto Viação São José,216,https://moovitapp.com/index/pt-br/transporte_p%C3%BAblico-line-216_PIT_PRA%C3%87A_DA_JUVENTUDE_SANTA_F%C3%89_PINDORAMA-Curitiba-942-857412-122004458-0,-1.0,-25.437228,-49.242148,,False,4,2,2023-06-14T22:42:37.833954+00:00
CUR_GI600,Curitiba,4106902,1,Auto Viação São José,216,https://moovitapp.com/index/pt-br/transporte_p%C3%BAblico-line-216_PIT_PRA%C3%87A_DA_JUVENTUDE_SANTA_F%C3%89_PINDORAMA-Curitiba-942-857412-122004458-0,-1.0,-25.476773,-49.292405,,False,4,1,2023-06-14T22:28:37.833954+00:00
CUR_GA600,Curitiba,4106902,1,Auto Viação São José,216,https://moovitapp.com/index/pt-br/transporte_p%C3%BAblico-line-216_PIT_PRA%C3%87A_DA_JUVENTUDE_SANTA_F%C3%89_PINDORAMA-Curitiba-942-857412-122004458-0,-1.0,-25.461415,-49.274213,,False,4,1,2023-06-14T22:28:37.833954+00:00
CUR_BA604,Curitiba,4106902,1,Auto Viação São José,216,https://moovitapp.com/index/pt-br/transporte_p%C3%BAblico-line-216_PIT_PRA%C3%87A_DA_JUVENTUDE_SANTA_F%C3%89_PINDORAMA-Curitiba-942-857412-122004458-0,-1.0,-25.435373,-49.238998,,False,4,2,2023-06-14T22:41:37.833954+00:00
CUR_BA600,Curitiba,4106902,1,Auto Viação São José,216,https://moovitapp.com/index/pt-br/transporte_p%C3%BAblico-line-216_PIT_PRA%C3%87A_DA_JUVENTUDE_SANTA_F%C3%89_PINDORAMA-Curitiba-942-857412-122004458-0,-1.0,-25.431828,-49.249351,,False,4,1,2023-06-14T22:41:37.833954+00:00
CUR_HA619,Curitiba,4106902,1,Auto Viação São José,216,https://moovitapp.com/index/pt-br/transporte_p%C3%BAblico-line-216_PIT_PRA%C3%87A_DA_JUVENTUDE_SANTA_F%C3%89_PINDORAMA-Curitiba-942-857412-122004458-0,-1.0,-25.475923,-49.292456,,False,4,2,2023-06-14T22:41:37.833954+00:00
CUR_CB697,Curitiba,4106902,1,Auto Viação São José,216,https://moovitapp.com/index/pt-br/transporte_p%C3%BAblico-line-216_PIT_PRA%C3%87A_DA_JUVENTUDE_SANTA_F%C3%89_PINDORAMA-Curitiba-942-857412-122004458-0,-1.0,-25.437278,-49.240445,,False,4,2,2023-06-14T22:42:37.833954+00:00
CUR_HA608,Curitiba,4106902,1,Auto Viação São José,216,https://moovitapp.com/index/pt-br/transporte_p%C3%BAblico-line-216_PIT_PRA%C3%87A_DA_JUVENTUDE_SANTA_F%C3%89_PINDORAMA-Curitiba-942-857412-122004458-0,-1.0,-25.452445,-49.264031,,False,4,1,2023-06-14T22:37:37.833954+00:00
CUR_HA021,Curitiba,4106902,1,,628,,,-25.496871,-49.302341,,False,1,2,2023-06-14T22:32:37.833954+00:00
CUR_HA194,Curitiba,4106902,1,,628,,,-25.54008,-49.312591,,False,1,1,2023-06-14T22:35:37.833954+00:00
CUR_HI011,Curitiba,4106902,1,,628,,,-25.53548,-49.316513,,False,1,1,2023-06-14T22:41:37.833954+00:00
CUR_HA005,Curitiba,4106902,1,,628,,,-25.511696,-49.323576,,False,1,2,2023-06-14T22:41:37.833954+00:00
CUR_BC306,Curitiba,4106902,1,,182,,,-25.419313,-49.268951,,False,3,2,2023-06-14T22:40:37.833954+00:00
CUR_BC305,Curitiba,4106902,1,,182,,,-25.37714,-49.262378,,False,3,1,2023-06-14T22:40:37.833954+00:00
CUR_BI870,Curitiba,4106902,1,Auto Viação São José,212,https://moovitapp.com/index/pt-br/transporte_p%C3%BAblico-line-212_PIT_PRA%C3%87A_DA_JUVENTUDE_SANTA_F%C3%89_CRISTAL-Curitiba-942-857412-73656311-0,-1.0,-25.39869,-49.21927,,False,7,2,2023-06-14T22:34:37.833954+00:00
CUR_BI856,Curitiba,4106902,1,Auto Viação São José,212,https://moovitapp.com/index/pt-br/transporte_p%C3%BAblico-line-212_PIT_PRA%C3%87A_DA_JUVENTUDE_SANTA_F%C3%89_CRISTAL-Curitiba-942-857412-73656311-0,-1.0,-25.405093,-49.246353,,False,7,1,2023-06-14T22:39:37.833954+00:00
CUR_BC005,Curitiba,4106902,1,,827,,,-25.415025,-49.280566,,False,1,2,2023-06-14T22:31:37.833954+00:00
CUR_BA016,Curitiba,4106902,1,,827,,,-25.440173,-49.357986,,False,1,2,2023-06-14T22:38:37.833954+00:00
CUR_JI019,Curitiba,4106902,1,,711,,,-25.451396,-49.362625,,False,1,1,2023-06-14T22:40:37.833954+00:00
CUR_JI022,Curitiba,4106902,1,,711,,,-25.477221,-49.326185,,False,1,2,2023-06-14T22:39:37.833954+00:00
CUR_GI052,Curitiba,4106902,1,,553,,,-25.538186,-49.272156,,False,1,1,2023-06-14T22:40:37.833954+00:00
CUR_GC010,Curitiba,4106902,1,,553,,,-25.53544,-49.272865,,False,1,1,2023-06-14T22:41:37.833954+00:00
CUR_GI045,Curitiba,4106902,1,,553,,,-25.558938,-49.258471,,False,1,2,2023-06-14T22:34:37.833954+00:00
CUR_GA181,Curitiba,4106902,1,,553,,,-25.559836,-49.251141,,False,1,2,2023-06-14T22:42:37.833954+00:00
CUR_HA017,Curitiba,4106902,1,,653,,,-25.511381,-49.327855,,False,1,2,2023-06-14T22:42:37.833954+00:00
CUR_HA016,Curitiba,4106902,1,,653,,,-25.500353,-49.350226,,False,1,2,2023-06-14T22:39:37.833954+00:00
CUR_HC500,Curitiba,4106902,1,,653,,,-25.500216,-49.349253,,False,2,1,2023-06-14T22:41:37.833954+00:00
CUR_BI867,Curitiba,4106902,1,Auto Viação São José,214,https://moovitapp.com/index/pt-br/transporte_p%C3%BAblico-line-214_PIT_PRA%C3%87A_DA_JUVENTUDE_CRISTAL_BLANCO_POMBO_ANTI_HOR%C3%81RIO-Curitiba-942-857412-119631273-0,-1.0,-25.381031,-49.219676,,False,7,1,2023-06-14T22:41:37.833954+00:00
CUR_BI850,Curitiba,4106902,1,,386,,,-25.436785,-49.218883,,False,7,1,2023-06-14T22:42:37.833954+00:00
CUR_JI949,Curitiba,4106902,1,,861,,,-25.440561,-49.278418,,False,7,1,2023-06-14T22:42:37.833954+00:00
CUR_JI859,Curitiba,4106902,1,,861,,,-25.453295,-49.331761,,False,7,2,2023-06-14T22:34:37.833954+00:00
CUR_BA002,Curitiba,4106902,1,,243,,,-25.358405,-49.274803,,False,1,1,2023-06-14T22:27:37.833954+00:00
CUR_BI021,Curitiba,4106902,1,,243,,,-25.364756,-49.261376,,False,1,2,2023-06-14T22:37:37.833954+00:00
CUR_DC851,Curitiba,4106902,1,,461,,,-25.457823,-49.233203,,False,7,2,2023-06-14T22:40:37.833954+00:00
CUR_JI855,Curitiba,4106902,1,,761,,,-25.44879,-49.365568,,False,7,,2023-06-14T22:35:37.833954+00:00
CUR_DA298,Curitiba,4106902,1,,321,,,-25.468033,-49.255355,,False,1,,2023-06-14T22:38:37.833954+00:00
CUR_DC853,Curitiba,4106902,1,,465,,,-25.467811,-49.254241,,False,7,,2023-06-14T22:37:37.833954+00:00
CUR_KB693,Curitiba,4106902,0,,027,,,-25.483853,-49.271098,,False,4,,2023-06-14T22:39:37.833954+00:00
CUR_DA014,Curitiba,4106902,1,,321,,,-25.452588,-49.214705,,False,1,2,2023-06-14T22:41:37.833954+00:00
CUR_BC015,Curitiba,4106902,1,,171,,,-25.416735,-49.276666,,False,1,1,2023-06-14T22:41:37.833954+00:00
CUR_HI046,Curitiba,4106902,1,,615,,,-25.476311,-49.292335,,False,1,1,2023-06-14T22:38:37.833954+00:00
CUR_MI850,Curitiba,4106902,1,,913,,,-25.399183,-49.365373,,False,7,2,2023-06-14T22:40:37.833954+00:00
CUR_BI879,Curitiba,4106902,1,,311,,,-25.439846,-49.22203,,False,7,2,2023-06-14T22:38:37.833954+00:00
CUR_BC932,Curitiba,4106902,1,,365,,,-25.440826,-49.283588,,False,7,1,2023-06-14T22:39:37.833954+00:00
CUR_BI901,Curitiba,4106902,1,,365,,,-25.424303,-49.24954,,False,7,2,2023-06-14T22:41:37.833954+00:00
CUR_BI898,Curitiba,4106902,1,,169,,,-25.403511,-49.274143,,False,7,2,2023-06-14T22:37:37.833954+00:00
CUR_BE724,Curitiba,4106902,0,URBS,200,https://moovitapp.com/index/pt-br/transporte_p%C3%BAblico-line-200_LIGEIR%C3%83O_SANTA_C%C3%82NDIDA_PRA%C3%87A_DO_JAP%C3%83O-Curitiba-942-9628-1323763-0,-1.0,-25.416501,-49.261836,,False,5,1,2023-06-14T22:40:37.833954+00:00
CUR_GE706,Curitiba,4106902,0,URBS,200,https://moovitapp.com/index/pt-br/transporte_p%C3%BAblico-line-200_LIGEIR%C3%83O_SANTA_C%C3%82NDIDA_PRA%C3%87A_DO_JAP%C3%83O-Curitiba-942-9628-1323763-0,-1.0,-25.462816,-49.291338,,False,5,1,2023-06-14T22:28:37.833954+00:00
CUR_BE721,Curitiba,4106902,0,URBS,200,https://moovitapp.com/index/pt-br/transporte_p%C3%BAblico-line-200_LIGEIR%C3%83O_SANTA_C%C3%82NDIDA_PRA%C3%87A_DO_JAP%C3%83O-Curitiba-942-9628-1323763-0,-1.0,-25.393465,-49.240483,,False,5,1,2023-06-14T22:36:37.833954+00:00
CUR_HD252,Curitiba,4106902,0,URBS,200,https://moovitapp.com/index/pt-br/transporte_p%C3%BAblico-line-200_LIGEIR%C3%83O_SANTA_C%C3%82NDIDA_PRA%C3%87A_DO_JAP%C3%83O-Curitiba-942-9628-1323763-0,-1.0,-25.414793,-49.260263,,False,5,1,2023-06-14T22:41:37.833954+00:00
CUR_HD246,Curitiba,4106902,0,URBS,200,https://moovitapp.com/index/pt-br/transporte_p%C3%BAblico-line-200_LIGEIR%C3%83O_SANTA_C%C3%82NDIDA_PRA%C3%87A_DO_JAP%C3%83O-Curitiba-942-9628-1323763-0,-1.0,-25.454575,-49.287993,,False,5,2,2023-06-14T22:30:37.833954+00:00
CUR_BE703,Curitiba,4106902,0,URBS,200,https://moovitapp.com/index/pt-br/transporte_p%C3%BAblico-line-200_LIGEIR%C3%83O_SANTA_C%C3%82NDIDA_PRA%C3%87A_DO_JAP%C3%83O-Curitiba-942-9628-1323763-0,-1.0,-25.441111,-49.275598,,False,5,2,2023-06-14T22:42:37.833954+00:00
CUR_BD139,Curitiba,4106902,0,URBS,200,https://moovitapp.com/index/pt-br/transporte_p%C3%BAblico-line-200_LIGEIR%C3%83O_SANTA_C%C3%82NDIDA_PRA%C3%87A_DO_JAP%C3%83O-Curitiba-942-9628-1323763-0,-1.0,-25.37885,-49.227013,,False,5,1,2023-06-14T22:29:37.833954+00:00
CUR_BE704,Curitiba,4106902,0,URBS,200,https://moovitapp.com/index/pt-br/transporte_p%C3%BAblico-line-200_LIGEIR%C3%83O_SANTA_C%C3%82NDIDA_PRA%C3%87A_DO_JAP%C3%83O-Curitiba-942-9628-1323763-0,-1.0,-25.39503,-49.24193,,False,5,1,2023-06-14T22:42:37.833954+00:00
CUR_JA035,Curitiba,4106902,1,,719,,,-25.477233,-49.327173,,False,1,1,2023-06-14T22:37:37.833954+00:00
CUR_JI015,Curitiba,4106902,1,,719,,,-25.481935,-49.352133,,False,1,2,2023-06-14T22:35:37.833954+00:00
CUR_JI853,Curitiba,4106902,1,,825,,,-25.441385,-49.346631,,False,7,1,2023-06-14T22:39:37.833954+00:00
CUR_EI014,Curitiba,4106902,1,,533,,,-25.520305,-49.235875,,False,1,,2023-06-14T22:42:37.833954+00:00
CUR_BI022,Curitiba,4106902,1,,225,,,-25.376425,-49.262648,,False,1,2,2023-06-14T22:40:37.833954+00:00
CUR_HI859,Curitiba,4106902,1,,865,,,-25.442548,-49.312558,,False,7,2,2023-06-14T22:35:37.833954+00:00
CUR_EI006,Curitiba,4106902,1,,X07,,,-25.55268,-49.253996,,False,1,2,2023-06-14T22:37:37.833954+00:00
CUR_EA005,Curitiba,4106902,1,,X07,,,-25.536278,-49.27301,,False,1,2,2023-06-14T22:41:37.833954+00:00
CUR_GI043,Curitiba,4106902,1,,642,,,-25.550891,-49.281456,,False,1,2,2023-06-14T22:41:37.833954+00:00
CUR_GC011,Curitiba,4106902,1,,642,,,-25.559508,-49.269423,,False,1,2,2023-06-14T22:41:37.833954+00:00
CUR_BI866,Curitiba,4106902,1,,181,,,-25.373253,-49.281666,,False,7,1,2023-06-14T22:34:37.833954+00:00
CUR_JI866,Curitiba,4106902,1,,761,,,-25.444855,-49.271546,,False,7,1,2023-06-14T22:41:37.833954+00:00
CUR_GE710,Curitiba,4106902,0,URBS,500,https://moovitapp.com/index/pt-br/transporte_p%C3%BAblico-line-500_LIGEIR%C3%83O_BOQUEIR%C3%83O-Curitiba-942-9628-294422-0,-1.0,-25.482896,-49.246581,,False,5,2,2023-06-14T22:40:37.833954+00:00
CUR_GE725,Curitiba,4106902,0,URBS,500,https://moovitapp.com/index/pt-br/transporte_p%C3%BAblico-line-500_LIGEIR%C3%83O_BOQUEIR%C3%83O-Curitiba-942-9628-294422-0,-1.0,-25.478666,-49.248638,,False,5,1,2023-06-14T22:38:37.833954+00:00
CUR_GE723,Curitiba,4106902,0,URBS,500,https://moovitapp.com/index/pt-br/transporte_p%C3%BAblico-line-500_LIGEIR%C3%83O_BOQUEIR%C3%83O-Curitiba-942-9628-294422-0,-1.0,-25.527831,-49.241741,,False,5,2,2023-06-14T22:39:37.833954+00:00
CUR_GD346,Curitiba,4106902,0,URBS,500,https://moovitapp.com/index/pt-br/transporte_p%C3%BAblico-line-500_LIGEIR%C3%83O_BOQUEIR%C3%83O-Curitiba-942-9628-294422-0,-1.0,-25.52975,-49.249721,,False,5,2,2023-06-14T22:28:37.833954+00:00
CUR_GE730,Curitiba,4106902,0,URBS,500,https://moovitapp.com/index/pt-br/transporte_p%C3%BAblico-line-500_LIGEIR%C3%83O_BOQUEIR%C3%83O-Curitiba-942-9628-294422-0,-1.0,-25.501646,-49.237581,,False,5,2,2023-06-14T22:41:37.833954+00:00
CUR_GE707,Curitiba,4106902,0,URBS,500,https://moovitapp.com/index/pt-br/transporte_p%C3%BAblico-line-500_LIGEIR%C3%83O_BOQUEIR%C3%83O-Curitiba-942-9628-294422-0,-1.0,-25.549545,-49.291506,,False,5,2,2023-06-14T22:39:37.833954+00:00
CUR_GE731,Curitiba,4106902,0,URBS,500,https://moovitapp.com/index/pt-br/transporte_p%C3%BAblico-line-500_LIGEIR%C3%83O_BOQUEIR%C3%83O-Curitiba-942-9628-294422-0,-1.0,-25.449926,-49.2627,,False,5,1,2023-06-14T22:40:37.833954+00:00
CUR_GE724,Curitiba,4106902,0,URBS,500,https://moovitapp.com/index/pt-br/transporte_p%C3%BAblico-line-500_LIGEIR%C3%83O_BOQUEIR%C3%83O-Curitiba-942-9628-294422-0,-1.0,-25.434461,-49.268955,,False,5,1,2023-06-14T22:41:37.833954+00:00
CUR_GD348,Curitiba,4106902,0,URBS,500,https://moovitapp.com/index/pt-br/transporte_p%C3%BAblico-line-500_LIGEIR%C3%83O_BOQUEIR%C3%83O-Curitiba-942-9628-294422-0,-1.0,-25.520248,-49.228391,,False,5,2,2023-06-14T22:30:37.833954+00:00
CUR_GE701,Curitiba,4106902,0,URBS,500,https://moovitapp.com/index/pt-br/transporte_p%C3%BAblico-line-500_LIGEIR%C3%83O_BOQUEIR%C3%83O-Curitiba-942-9628-294422-0,-1.0,-25.501561,-49.237408,,False,5,2,2023-06-14T22:41:37.833954+00:00
CUR_ML314,Curitiba,4106902,0,URBS,902,https://moovitapp.com/index/pt-br/transporte_p%C3%BAblico-line-902_SANTA_FELICIDADE_PRA%C3%87A_TIRADENTES-Curitiba-942-9628-5597930-0,-1.0,-25.410723,-49.320635,,False,3,2,2023-06-14T22:34:37.833954+00:00
CUR_ML309,Curitiba,4106902,0,URBS,902,https://moovitapp.com/index/pt-br/transporte_p%C3%BAblico-line-902_SANTA_FELICIDADE_PRA%C3%87A_TIRADENTES-Curitiba-942-9628-5597930-0,-1.0,-25.411823,-49.319335,,False,3,2,2023-06-14T22:39:37.833954+00:00
CUR_ML306,Curitiba,4106902,0,URBS,902,https://moovitapp.com/index/pt-br/transporte_p%C3%BAblico-line-902_SANTA_FELICIDADE_PRA%C3%87A_TIRADENTES-Curitiba-942-9628-5597930-0,-1.0,-25.414643,-49.306261,,False,3,2,2023-06-14T22:41:37.833954+00:00
CUR_BI890,Curitiba,4106902,1,,343,,,-25.4131,-49.205761,,False,7,1,2023-06-14T22:36:37.833954+00:00
CUR_BC001,Curitiba,4106902,1,,245,,,-25.350793,-49.26513,,False,1,1,2023-06-14T22:29:37.833954+00:00
CUR_BC023,Curitiba,4106902,1,,245,,,-25.379438,-49.255396,,False,1,1,2023-06-14T22:35:37.833954+00:00
CUR_GL322,Curitiba,4106902,0,URBS,546,https://moovitapp.com/index/pt-br/transporte_p%C3%BAblico-line-546_S%C3%8DTIO_CERCADO_BOQUEIR%C3%83O-Curitiba-942-9628-531687-0,-1.0,-25.537685,-49.277255,,False,3,1,2023-06-14T22:28:37.833954+00:00
CUR_GL330,Curitiba,4106902,1,URBS,546,https://moovitapp.com/index/pt-br/transporte_p%C3%BAblico-line-546_S%C3%8DTIO_CERCADO_BOQUEIR%C3%83O-Curitiba-942-9628-531687-0,-1.0,-25.548963,-49.289968,,False,3,1,2023-06-14T22:28:37.833954+00:00
CUR_BI895,Curitiba,4106902,1,,361,,,-25.417085,-49.241721,,False,7,1,2023-06-14T22:42:37.833954+00:00
CUR_DC852,Curitiba,4106902,1,,465,,,-25.433481,-49.265335,,False,7,1,2023-06-14T22:41:37.833954+00:00
CUR_BI896,Curitiba,4106902,1,,875,,,-25.42238,-49.31877,,False,7,2,2023-06-14T22:41:37.833954+00:00
CUR_DN600,Curitiba,4106902,1,,331,,,-25.469126,-49.208225,,False,7,,2023-06-14T22:41:37.833954+00:00
CUR_JB302,Curitiba,4106902,1,,720,,,-25.478316,-49.329555,,False,10,1,2023-06-14T22:34:37.833954+00:00
CUR_MN603,Curitiba,4106902,1,,464,,,-25.429276,-49.277336,,False,7,2,2023-06-14T22:41:37.833954+00:00
CUR_GI053,Curitiba,4106902,1,,614,,,-25.451071,-49.252855,,False,1,1,2023-06-14T22:27:37.833954+00:00
CUR_HI014,Curitiba,4106902,1,,614,,,-25.472848,-49.286895,,False,1,1,2023-06-14T22:28:37.833954+00:00
CUR_JL306,Curitiba,4106902,0,URBS,X36,https://moovitapp.com/index/pt-br/transporte_p%C3%BAblico-line-X36_REFOR%C3%87O_GUADALUPE_FAZENDINHA-Curitiba-942-9628-11745709-0,-1.0,-25.483376,-49.34787,,False,3,2,2023-06-14T22:35:37.833954+00:00
CUR_JL312,Curitiba,4106902,0,URBS,X36,https://moovitapp.com/index/pt-br/transporte_p%C3%BAblico-line-X36_REFOR%C3%87O_GUADALUPE_FAZENDINHA-Curitiba-942-9628-11745709-0,-1.0,-25.48017,-49.330616,,False,3,2,2023-06-14T22:39:37.833954+00:00
CUR_GI852,Curitiba,4106902,1,,666,,,-25.445578,-49.269253,,False,7,1,2023-06-14T22:41:37.833954+00:00
CUR_DN604,Curitiba,4106902,1,,560,,,-25.438706,-49.273218,,False,7,2,2023-06-14T22:41:37.833954+00:00
CUR_BA018,Curitiba,4106902,1,,829,,,-25.444965,-49.361711,,False,1,,2023-06-14T22:42:37.833954+00:00
CUR_BI029,Curitiba,4106902,1,,829,,,-25.439548,-49.32069,,False,1,,2023-06-14T22:41:37.833954+00:00
CUR_DE696,Curitiba,4106902,0,URBS,302,https://moovitapp.com/index/pt-br/transporte_p%C3%BAblico-line-302_CENTEN%C3%81RIO_RUI_BARBOSA-Curitiba-942-9628-294501-0,-1.0,-25.469831,-49.208365,,False,4,2,2023-06-14T22:41:37.833954+00:00
CUR_DE699,Curitiba,4106902,0,URBS,302,https://moovitapp.com/index/pt-br/transporte_p%C3%BAblico-line-302_CENTEN%C3%81RIO_RUI_BARBOSA-Curitiba-942-9628-294501-0,-1.0,-25.442103,-49.217888,,False,4,2,2023-06-14T22:41:37.833954+00:00
CUR_BI852,Curitiba,4106902,1,,164,,,-25.416388,-49.279986,,False,7,1,2023-06-14T22:36:37.833954+00:00
CUR_BL339,Curitiba,4106902,0,URBS,518,https://moovitapp.com/index/pt-br/transporte_p%C3%BAblico-line-518_PUC_RODOFERROVI%C3%81RIA-Curitiba-942-9628-743528-0,-1.0,-25.437761,-49.260998,,False,3,2,2023-06-14T22:41:37.833954+00:00
CUR_DL306,Curitiba,4106902,0,URBS,469,https://moovitapp.com/index/pt-br/transporte_p%C3%BAblico-line-469_CENTRO_POLIT%C3%89CNICO-Curitiba-942-9628-294421-0,-1.0,-25.426938,-49.264565,,False,3,1,2023-06-14T22:41:37.833954+00:00
CUR_DL309,Curitiba,4106902,0,URBS,469,https://moovitapp.com/index/pt-br/transporte_p%C3%BAblico-line-469_CENTRO_POLIT%C3%89CNICO-Curitiba-942-9628-294421-0,-1.0,-25.442931,-49.245911,,False,3,1,2023-06-14T22:40:37.833954+00:00
CUR_BT007,Curitiba,4106902,0,,979,,,-25.404975,-49.327028,,False,3,,2023-06-14T22:39:37.833954+00:00
CUR_MT008,Curitiba,4106902,1,,979,,,-25.435173,-49.275641,,False,3,,2023-06-14T22:34:37.833954+00:00
CUR_MT010,Curitiba,4106902,0,,979,,,-25.428483,-49.27289,,False,3,,2023-06-14T22:41:37.833954+00:00
CUR_HL330,Curitiba,4106902,1,URBS,X35,https://moovitapp.com/index/pt-br/transporte_p%C3%BAblico-line-X35_PINHEIRINHO_PREFEITURA-Curitiba-942-9628-778958-0,-1.0,-25.489721,-49.295743,,False,3,2,2023-06-14T22:33:37.833954+00:00
CUR_HR413,Curitiba,4106902,1,,X37,,,-25.542303,-49.30908,,False,4,2,2023-06-14T22:41:37.833954+00:00
CUR_HI603,Curitiba,4106902,0,,X37,,,-25.512143,-49.295275,,False,4,1,2023-06-14T22:39:37.833954+00:00
CUR_HI613,Curitiba,4106902,1,,X37,,,-25.559351,-49.330843,,False,4,2,2023-06-14T22:38:37.833954+00:00
CUR_HA605,Curitiba,4106902,1,,X37,,,-25.561715,-49.33931,,False,4,2,2023-06-14T22:41:37.833954+00:00
CUR_HI853,Curitiba,4106902,1,,644,,,-25.518796,-49.322741,,False,7,2,2023-06-14T22:40:37.833954+00:00
CUR_HI862,Curitiba,4106902,1,,671,,,-25.43857,-49.273008,,False,7,2,2023-06-14T22:39:37.833954+00:00
CUR_HE600,Curitiba,4106902,0,URBS,X20,https://moovitapp.com/index/pt-br/transporte_p%C3%BAblico-line-X20_PORT%C3%83O_S%C3%8DTIO_CERCADO-Curitiba-942-9628-531683-0,-1.0,-25.534256,-49.267231,,False,4,2,2023-06-14T22:39:37.833954+00:00
CUR_GE719,Curitiba,4106902,0,URBS,X08,https://moovitapp.com/index/pt-br/transporte_p%C3%BAblico-line-X08_REFOR%C3%87O_PINHEIRINHO-Curitiba-942-9628-78902615-0,-1.0,-25.513343,-49.295171,,False,5,1,2023-06-14T22:28:37.833954+00:00
