bus_id,city,city_code,adapted,agency,line_code,line_url,line_fare,latitude,longitude,bus_speed,is_eletric,bus_type,bus_direction,updated_at
CUR_BC014,Curitiba,4106902,1,,870,,,-25.42936,-49.285931,,False,1,1,2023-06-19T16:49:23.787591+00:00
CUR_BC020,Curitiba,4106902,1,,870,,,-25.43058,-49.35332,,False,1,1,2023-06-19T16:50:23.787591+00:00
CUR_MC080,Curitiba,4106902,1,,972,,,-25.419586,-49.294261,,False,1,,2023-06-19T16:44:23.787591+00:00
CUR_JE709,Curitiba,4106902,0,URBS,303,https://moovitapp.com/index/pt-br/transporte_p%C3%BAblico-line-303_CENTEN%C3%81RIO_CAMPO_COMPRIDO-Curitiba-942-9628-531689-0,-1.0,-25.448546,-49.365691,,False,5,,2023-06-19T16:43:23.787591+00:00
CUR_GI022,Curitiba,4106902,1,,683,,,-25.549355,-49.292185,,False,1,,2023-06-19T16:47:23.787591+00:00
CUR_JE703,Curitiba,4106902,0,URBS,303,https://moovitapp.com/index/pt-br/transporte_p%C3%BAblico-line-303_CENTEN%C3%81RIO_CAMPO_COMPRIDO-Curitiba-942-9628-531689-0,-1.0,-25.448688,-49.365573,,False,5,,2023-06-19T16:42:23.787591+00:00
CUR_EA026,Curitiba,4106902,1,,657,,,-25.46903,-49.255483,,False,1,,2023-06-19T16:44:23.787591+00:00
CUR_JC310,Curitiba,4106902,1,,703,,,-25.44915,-49.365298,,False,3,,2023-06-19T16:48:23.787591+00:00
CUR_JI603,Curitiba,4106902,1,,703,,,-25.4492,-49.367196,,False,4,,2023-06-19T16:47:23.787591+00:00
CUR_EI004,Curitiba,4106902,1,,471,,,-25.467216,-49.255661,,False,1,,2023-06-19T16:48:23.787591+00:00
CUR_DA298,Curitiba,4106902,1,,332,,,-25.465258,-49.255366,,False,1,,2023-06-19T16:48:23.787591+00:00
CUR_GE614,Curitiba,4106902,0,URBS,503,https://moovitapp.com/index/pt-br/transporte_p%C3%BAblico-line-503_BOQUEIR%C3%83O-Curitiba-942-9628-294244-0,-1.0,-25.518141,-49.229443,,False,4,,2023-06-19T16:46:23.787591+00:00
CUR_HA198,Curitiba,4106902,1,,612,,,-25.477928,-49.293253,,False,1,,2023-06-19T16:36:23.787591+00:00
CUR_ML302,Curitiba,4106902,0,URBS,307,https://moovitapp.com/index/pt-br/transporte_p%C3%BAblico-line-307_BAIRRO_ALTO_SANTA_FELICIDADE-Curitiba-942-9628-1323712-0,-1.0,-25.42383,-49.202936,,False,3,,2023-06-19T16:43:23.787591+00:00
CUR_DC090,Curitiba,4106902,1,,474,,,-25.476476,-49.281185,,False,1,,2023-06-19T16:49:23.787591+00:00
CUR_GC001,Curitiba,4106902,1,,637,,,-25.534266,-49.26718,,False,1,,2023-06-19T16:38:23.787591+00:00
CUR_HI854,Curitiba,4106902,1,,673,,,-25.43982,-49.273173,,False,7,2,2023-06-19T16:49:23.787591+00:00
CUR_HI862,Curitiba,4106902,1,,673,,,-25.53721,-49.306831,,False,7,1,2023-06-19T16:50:23.787591+00:00
CUR_BI030,Curitiba,4106902,1,,812,,,-25.411598,-49.36134,,False,1,1,2023-06-19T16:49:23.787591+00:00
CUR_BI026,Curitiba,4106902,1,,812,,,-25.431451,-49.315045,,False,1,2,2023-06-19T16:49:23.787591+00:00
CUR_BC022,Curitiba,4106902,1,,812,,,-25.414798,-49.280923,,False,1,1,2023-06-19T16:50:23.787591+00:00
CUR_BA022,Curitiba,4106902,1,,812,,,-25.41468,-49.280778,,False,1,2,2023-06-19T16:50:23.787591+00:00
CUR_HE716,Curitiba,4106902,0,URBS,350,https://moovitapp.com/index/pt-br/transporte_p%C3%BAblico-line-350_FAGUNDES_VARELA_PINHEIRINHO-Curitiba-942-9628-52482798-0,-1.0,-25.463246,-49.251453,,False,5,2,2023-06-19T16:49:23.787591+00:00
CUR_BE718,Curitiba,4106902,0,URBS,350,https://moovitapp.com/index/pt-br/transporte_p%C3%BAblico-line-350_FAGUNDES_VARELA_PINHEIRINHO-Curitiba-942-9628-52482798-0,-1.0,-25.444195,-49.233983,,False,5,1,2023-06-19T16:48:23.787591+00:00
CUR_GE607,Curitiba,4106902,0,URBS,350,https://moovitapp.com/index/pt-br/transporte_p%C3%BAblico-line-350_FAGUNDES_VARELA_PINHEIRINHO-Curitiba-942-9628-52482798-0,-1.0,-25.511776,-49.29401,,False,4,1,2023-06-19T16:48:23.787591+00:00
CUR_BE708,Curitiba,4106902,0,URBS,350,https://moovitapp.com/index/pt-br/transporte_p%C3%BAblico-line-350_FAGUNDES_VARELA_PINHEIRINHO-Curitiba-942-9628-52482798-0,-1.0,-25.3944,-49.242036,,False,5,1,2023-06-19T16:49:23.787591+00:00
CUR_MC307,Curitiba,4106902,1,,901,,,-25.404423,-49.328065,,False,3,1,2023-06-19T16:50:23.787591+00:00
CUR_MC306,Curitiba,4106902,1,,901,,,-25.42644,-49.273951,,False,3,1,2023-06-19T16:50:23.787591+00:00
CUR_MC304,Curitiba,4106902,1,,901,,,-25.415971,-49.295885,,False,3,2,2023-06-19T16:50:23.787591+00:00
CUR_MC300,Curitiba,4106902,1,,901,,,-25.419771,-49.294395,,False,3,2,2023-06-19T16:49:23.787591+00:00
CUR_BC025,Curitiba,4106902,1,,160,,,-25.433505,-49.272066,,False,1,1,2023-06-19T16:50:23.787591+00:00
CUR_BC009,Curitiba,4106902,1,,160,,,-25.428228,-49.271073,,False,1,2,2023-06-19T16:50:23.787591+00:00
CUR_JC314,Curitiba,4106902,1,,778,,,-25.476388,-49.33121,,False,3,2,2023-06-19T16:50:23.787591+00:00
CUR_JI300,Curitiba,4106902,0,,778,,,-25.458923,-49.309606,,False,3,1,2023-06-19T16:49:23.787591+00:00
CUR_JC306,Curitiba,4106902,1,,778,,,-25.44944,-49.366583,,False,3,2,2023-06-19T16:47:23.787591+00:00
CUR_JC300,Curitiba,4106902,1,,778,,,-25.449365,-49.366723,,False,3,1,2023-06-19T16:45:23.787591+00:00
CUR_EI015,Curitiba,4106902,1,,511,,,-25.505828,-49.264246,,False,1,1,2023-06-19T16:50:23.787591+00:00
CUR_EA007,Curitiba,4106902,1,,511,,,-25.4832,-49.247516,,False,1,2,2023-06-19T16:50:23.787591+00:00
CUR_HA609,Curitiba,4106902,1,,619,,,-25.519543,-49.328298,,False,4,2,2023-06-19T16:50:23.787591+00:00
CUR_HI023,Curitiba,4106902,1,,619,,,-25.539626,-49.30781,,False,1,2,2023-06-19T16:49:23.787591+00:00
CUR_HI018,Curitiba,4106902,1,,619,,,-25.559825,-49.338713,,False,1,2,2023-06-19T16:50:23.787591+00:00
CUR_HA600,Curitiba,4106902,1,,619,,,-25.539073,-49.307516,,False,4,2,2023-06-19T16:49:23.787591+00:00
CUR_HB300,Curitiba,4106902,1,,619,,,-25.538488,-49.307091,,False,3,1,2023-06-19T16:49:23.787591+00:00
CUR_MI001,Curitiba,4106902,1,,817,,,-25.429603,-49.34106,,False,1,1,2023-06-19T16:50:23.787591+00:00
CUR_BA013,Curitiba,4106902,1,,817,,,-25.427703,-49.346375,,False,1,2,2023-06-19T16:49:23.787591+00:00
CUR_BA021,Curitiba,4106902,1,,817,,,-25.415315,-49.280781,,False,1,2,2023-06-19T16:49:23.787591+00:00
CUR_BA601,Curitiba,4106902,1,Auto Viação São José,216,https://moovitapp.com/index/pt-br/transporte_p%C3%BAblico-line-216_PIT_PRA%C3%87A_DA_JUVENTUDE_SANTA_F%C3%89_PINDORAMA-Curitiba-942-857412-122004458-0,-1.0,-25.411483,-49.254373,,False,4,1,2023-06-19T16:50:23.787591+00:00
CUR_CA600,Curitiba,4106902,1,Auto Viação São José,216,https://moovitapp.com/index/pt-br/transporte_p%C3%BAblico-line-216_PIT_PRA%C3%87A_DA_JUVENTUDE_SANTA_F%C3%89_PINDORAMA-Curitiba-942-857412-122004458-0,-1.0,-25.476231,-49.292356,,False,4,2,2023-06-19T16:50:23.787591+00:00
CUR_CB600,Curitiba,4106902,1,Auto Viação São José,216,https://moovitapp.com/index/pt-br/transporte_p%C3%BAblico-line-216_PIT_PRA%C3%87A_DA_JUVENTUDE_SANTA_F%C3%89_PINDORAMA-Curitiba-942-857412-122004458-0,-1.0,-25.381063,-49.18619,,False,4,1,2023-06-19T16:50:23.787591+00:00
CUR_CA697,Curitiba,4106902,1,Auto Viação São José,216,https://moovitapp.com/index/pt-br/transporte_p%C3%BAblico-line-216_PIT_PRA%C3%87A_DA_JUVENTUDE_SANTA_F%C3%89_PINDORAMA-Curitiba-942-857412-122004458-0,-1.0,-25.380598,-49.185878,,False,4,2,2023-06-19T16:49:23.787591+00:00
CUR_CA698,Curitiba,4106902,0,Auto Viação São José,216,https://moovitapp.com/index/pt-br/transporte_p%C3%BAblico-line-216_PIT_PRA%C3%87A_DA_JUVENTUDE_SANTA_F%C3%89_PINDORAMA-Curitiba-942-857412-122004458-0,-1.0,-25.43134,-49.248778,,False,4,1,2023-06-19T16:49:23.787591+00:00
CUR_DA699,Curitiba,4106902,1,Auto Viação São José,216,https://moovitapp.com/index/pt-br/transporte_p%C3%BAblico-line-216_PIT_PRA%C3%87A_DA_JUVENTUDE_SANTA_F%C3%89_PINDORAMA-Curitiba-942-857412-122004458-0,-1.0,-25.467491,-49.255446,,False,4,1,2023-06-19T16:50:23.787591+00:00
CUR_HA607,Curitiba,4106902,1,Auto Viação São José,216,https://moovitapp.com/index/pt-br/transporte_p%C3%BAblico-line-216_PIT_PRA%C3%87A_DA_JUVENTUDE_SANTA_F%C3%89_PINDORAMA-Curitiba-942-857412-122004458-0,-1.0,-25.539491,-49.308521,,False,4,1,2023-06-19T16:49:23.787591+00:00
CUR_HI609,Curitiba,4106902,1,Auto Viação São José,216,https://moovitapp.com/index/pt-br/transporte_p%C3%BAblico-line-216_PIT_PRA%C3%87A_DA_JUVENTUDE_SANTA_F%C3%89_PINDORAMA-Curitiba-942-857412-122004458-0,-1.0,-25.44811,-49.253465,,False,4,2,2023-06-19T16:48:23.787591+00:00
CUR_HI602,Curitiba,4106902,1,Auto Viação São José,216,https://moovitapp.com/index/pt-br/transporte_p%C3%BAblico-line-216_PIT_PRA%C3%87A_DA_JUVENTUDE_SANTA_F%C3%89_PINDORAMA-Curitiba-942-857412-122004458-0,-1.0,-25.548131,-49.304516,,False,4,1,2023-06-19T16:49:23.787591+00:00
CUR_BA602,Curitiba,4106902,1,Auto Viação São José,216,https://moovitapp.com/index/pt-br/transporte_p%C3%BAblico-line-216_PIT_PRA%C3%87A_DA_JUVENTUDE_SANTA_F%C3%89_PINDORAMA-Curitiba-942-857412-122004458-0,-1.0,-25.395378,-49.24271,,False,4,2,2023-06-19T16:50:23.787591+00:00
CUR_GB603,Curitiba,4106902,1,,040,,,-25.474833,-49.338251,,False,4,1,2023-06-19T16:49:23.787591+00:00
CUR_HB605,Curitiba,4106902,1,,040,,,-25.407288,-49.337671,,False,4,1,2023-06-19T16:50:23.787591+00:00
CUR_JB607,Curitiba,4106902,1,,040,,,-25.48787,-49.319751,,False,4,2,2023-06-19T16:46:23.787591+00:00
CUR_JB611,Curitiba,4106902,1,,040,,,-25.448931,-49.365301,,False,4,1,2023-06-19T16:46:23.787591+00:00
CUR_HB600,Curitiba,4106902,1,,040,,,-25.441586,-49.346968,,False,4,1,2023-06-19T16:50:23.787591+00:00
CUR_GB609,Curitiba,4106902,1,,040,,,-25.516325,-49.323128,,False,4,1,2023-06-19T16:49:23.787591+00:00
CUR_HB602,Curitiba,4106902,1,,040,,,-25.442843,-49.343796,,False,4,2,2023-06-19T16:50:23.787591+00:00
CUR_GR123,Curitiba,4106902,1,,040,,,-25.549106,-49.2914,,False,4,2,2023-06-19T16:49:23.787591+00:00
CUR_MB499,Curitiba,4106902,0,,040,,,-25.419793,-49.294363,,False,3,2,2023-06-19T16:49:23.787591+00:00
CUR_GR126,Curitiba,4106902,1,,040,,,-25.54842,-49.291126,,False,4,1,2023-06-19T16:50:23.787591+00:00
CUR_MB699,Curitiba,4106902,1,,040,,,-25.419756,-49.294536,,False,4,1,2023-06-19T16:49:23.787591+00:00
CUR_MB698,Curitiba,4106902,1,,040,,,-25.4195,-49.29418,,False,4,2,2023-06-19T16:50:23.787591+00:00
CUR_HB609,Curitiba,4106902,1,,040,,,-25.537968,-49.30755,,False,4,1,2023-06-19T16:50:23.787591+00:00
CUR_MB605,Curitiba,4106902,1,,040,,,-25.419865,-49.294041,,False,4,1,2023-06-19T16:49:23.787591+00:00
CUR_MR106,Curitiba,4106902,1,,040,,,-25.407476,-49.337856,,False,4,2,2023-06-19T16:49:23.787591+00:00
CUR_JB608,Curitiba,4106902,1,,040,,,-25.514471,-49.318758,,False,4,2,2023-06-19T16:50:23.787591+00:00
CUR_JB609,Curitiba,4106902,1,,040,,,-25.471041,-49.342665,,False,4,2,2023-06-19T16:49:23.787591+00:00
CUR_HB302,Curitiba,4106902,1,,040,,,-25.538373,-49.307038,,False,3,1,2023-06-19T16:49:23.787591+00:00
CUR_HB697,Curitiba,4106902,1,,040,,,-25.538061,-49.30748,,False,4,2,2023-06-19T16:50:23.787591+00:00
CUR_HB699,Curitiba,4106902,1,,040,,,-25.48442,-49.321543,,False,4,1,2023-06-19T16:50:23.787591+00:00
CUR_HB698,Curitiba,4106902,1,,040,,,-25.538143,-49.307406,,False,4,1,2023-06-19T16:50:23.787591+00:00
CUR_HB694,Curitiba,4106902,1,,040,,,-25.538166,-49.307453,,False,4,1,2023-06-19T16:49:23.787591+00:00
CUR_GI859,Curitiba,4106902,1,,661,,,-25.440123,-49.271941,,False,7,1,2023-06-19T16:49:23.787591+00:00
CUR_GI855,Curitiba,4106902,1,,661,,,-25.550185,-49.292033,,False,7,1,2023-06-19T16:50:23.787591+00:00
CUR_EB604,Curitiba,4106902,1,,020,,,-25.42799,-49.234845,,False,4,,2023-06-19T16:49:23.787591+00:00
CUR_HB611,Curitiba,4106902,1,,020,,,-25.403155,-49.288755,,False,4,,2023-06-19T16:50:23.787591+00:00
CUR_EB607,Curitiba,4106902,1,,020,,,-25.40649,-49.252435,,False,4,,2023-06-19T16:50:23.787591+00:00
CUR_BB605,Curitiba,4106902,1,,020,,,-25.480465,-49.247818,,False,4,,2023-06-19T16:49:23.787591+00:00
CUR_CB602,Curitiba,4106902,1,,020,,,-25.381008,-49.186203,,False,4,,2023-06-19T16:49:23.787591+00:00
CUR_BB613,Curitiba,4106902,1,,020,,,-25.436251,-49.305703,,False,4,,2023-06-19T16:50:23.787591+00:00
CUR_KB608,Curitiba,4106902,1,,020,,,-25.492753,-49.260253,,False,4,,2023-06-19T16:49:23.787591+00:00
CUR_CB603,Curitiba,4106902,1,,020,,,-25.471601,-49.299176,,False,4,,2023-06-19T16:49:23.787591+00:00
CUR_BB620,Curitiba,4106902,1,,020,,,-25.398043,-49.21358,,False,4,,2023-06-19T16:46:23.787591+00:00
CUR_BB612,Curitiba,4106902,1,,020,,,-25.398535,-49.213001,,False,4,,2023-06-19T16:50:23.787591+00:00
CUR_BB609,Curitiba,4106902,1,,020,,,-25.398975,-49.21304,,False,4,,2023-06-19T16:50:23.787591+00:00
CUR_BB601,Curitiba,4106902,1,,020,,,-25.398876,-49.213181,,False,4,,2023-06-19T16:49:23.787591+00:00
CUR_BB606,Curitiba,4106902,1,,020,,,-25.398965,-49.21297,,False,4,,2023-06-19T16:49:23.787591+00:00
CUR_HE601,Curitiba,4106902,0,URBS,602,https://moovitapp.com/index/pt-br/transporte_p%C3%BAblico-line-602_CIRCULAR_SUL_ANTI_HOR%C3%81RIO-Curitiba-942-9628-294517-0,-1.0,-25.534385,-49.268448,,False,4,,2023-06-19T16:50:23.787591+00:00
CUR_HE606,Curitiba,4106902,0,URBS,602,https://moovitapp.com/index/pt-br/transporte_p%C3%BAblico-line-602_CIRCULAR_SUL_ANTI_HOR%C3%81RIO-Curitiba-942-9628-294517-0,-1.0,-25.474398,-49.293393,,False,4,,2023-06-19T16:50:23.787591+00:00
CUR_HE607,Curitiba,4106902,0,URBS,602,https://moovitapp.com/index/pt-br/transporte_p%C3%BAblico-line-602_CIRCULAR_SUL_ANTI_HOR%C3%81RIO-Curitiba-942-9628-294517-0,-1.0,-25.46987,-49.25453,,False,4,,2023-06-19T16:49:23.787591+00:00
CUR_HE608,Curitiba,4106902,0,URBS,602,https://moovitapp.com/index/pt-br/transporte_p%C3%BAblico-line-602_CIRCULAR_SUL_ANTI_HOR%C3%81RIO-Curitiba-942-9628-294517-0,-1.0,-25.501668,-49.237551,,False,4,,2023-06-19T16:50:23.787591+00:00
CUR_HE611,Curitiba,4106902,0,URBS,602,https://moovitapp.com/index/pt-br/transporte_p%C3%BAblico-line-602_CIRCULAR_SUL_ANTI_HOR%C3%81RIO-Curitiba-942-9628-294517-0,-1.0,-25.528148,-49.291388,,False,4,,2023-06-19T16:50:23.787591+00:00
CUR_GR032,Curitiba,4106902,0,URBS,602,https://moovitapp.com/index/pt-br/transporte_p%C3%BAblico-line-602_CIRCULAR_SUL_ANTI_HOR%C3%81RIO-Curitiba-942-9628-294517-0,-1.0,-25.550498,-49.291806,,False,4,,2023-06-19T16:50:23.787591+00:00
CUR_GE611,Curitiba,4106902,0,URBS,602,https://moovitapp.com/index/pt-br/transporte_p%C3%BAblico-line-602_CIRCULAR_SUL_ANTI_HOR%C3%81RIO-Curitiba-942-9628-294517-0,-1.0,-25.550296,-49.291703,,False,4,,2023-06-19T16:50:23.787591+00:00
CUR_GR034,Curitiba,4106902,0,URBS,602,https://moovitapp.com/index/pt-br/transporte_p%C3%BAblico-line-602_CIRCULAR_SUL_ANTI_HOR%C3%81RIO-Curitiba-942-9628-294517-0,-1.0,-25.52566,-49.231986,,False,4,,2023-06-19T16:49:23.787591+00:00
CUR_GE601,Curitiba,4106902,0,URBS,602,https://moovitapp.com/index/pt-br/transporte_p%C3%BAblico-line-602_CIRCULAR_SUL_ANTI_HOR%C3%81RIO-Curitiba-942-9628-294517-0,-1.0,-25.497998,-49.295795,,False,4,,2023-06-19T16:50:23.787591+00:00
CUR_HE612,Curitiba,4106902,0,URBS,602,https://moovitapp.com/index/pt-br/transporte_p%C3%BAblico-line-602_CIRCULAR_SUL_ANTI_HOR%C3%81RIO-Curitiba-942-9628-294517-0,-1.0,-25.539965,-49.3079,,False,4,,2023-06-19T16:49:23.787591+00:00
CUR_DC855,Curitiba,4106902,1,,387,,,-25.462418,-49.217563,,False,7,1,2023-06-19T16:50:23.787591+00:00
CUR_HA311,Curitiba,4106902,1,,772,,,-25.521435,-49.29543,,False,3,1,2023-06-19T16:50:23.787591+00:00
CUR_HA310,Curitiba,4106902,1,,772,,,-25.616153,-49.355738,,False,3,1,2023-06-19T16:50:23.787591+00:00
CUR_HI606,Curitiba,4106902,1,,772,,,-25.538933,-49.307386,,False,4,2,2023-06-19T16:50:23.787591+00:00
CUR_HA614,Curitiba,4106902,1,,772,,,-25.54009,-49.30859,,False,4,1,2023-06-19T16:49:23.787591+00:00
CUR_HI607,Curitiba,4106902,0,,772,,,-25.605203,-49.329176,,False,4,2,2023-06-19T16:50:23.787591+00:00
CUR_HA616,Curitiba,4106902,1,,772,,,-25.5387,-49.307633,,False,4,1,2023-06-19T16:49:23.787591+00:00
CUR_BI856,Curitiba,4106902,1,Auto Viação São José,212,https://moovitapp.com/index/pt-br/transporte_p%C3%BAblico-line-212_PIT_PRA%C3%87A_DA_JUVENTUDE_SANTA_F%C3%89_CRISTAL-Curitiba-942-857412-73656311-0,-1.0,-25.396663,-49.232903,,False,7,1,2023-06-19T16:49:23.787591+00:00
CUR_BI868,Curitiba,4106902,1,Auto Viação São José,212,https://moovitapp.com/index/pt-br/transporte_p%C3%BAblico-line-212_PIT_PRA%C3%87A_DA_JUVENTUDE_SANTA_F%C3%89_CRISTAL-Curitiba-942-857412-73656311-0,-1.0,-25.394278,-49.242126,,False,7,1,2023-06-19T16:50:23.787591+00:00
CUR_DN601,Curitiba,4106902,1,,463,,,-25.440801,-49.256755,,False,7,1,2023-06-19T16:49:23.787591+00:00
CUR_DN602,Curitiba,4106902,1,,463,,,-25.43983,-49.249738,,False,7,2,2023-06-19T16:50:23.787591+00:00
CUR_DN608,Curitiba,4106902,1,,463,,,-25.467738,-49.254283,,False,7,1,2023-06-19T16:49:23.787591+00:00
CUR_CI007,Curitiba,4106902,1,,222,,,-25.383073,-49.199343,,False,1,1,2023-06-19T16:50:23.787591+00:00
CUR_CI005,Curitiba,4106902,1,,222,,,-25.398115,-49.237263,,False,1,2,2023-06-19T16:50:23.787591+00:00
CUR_CI008,Curitiba,4106902,1,,222,,,-25.381251,-49.185788,,False,1,2,2023-06-19T16:49:23.787591+00:00
CUR_EA074,Curitiba,4106902,1,,512,,,-25.516258,-49.267143,,False,1,1,2023-06-19T16:50:23.787591+00:00
CUR_EI017,Curitiba,4106902,1,,512,,,-25.467171,-49.255656,,False,1,1,2023-06-19T16:50:23.787591+00:00
CUR_EI012,Curitiba,4106902,1,,512,,,-25.46846,-49.255286,,False,1,2,2023-06-19T16:49:23.787591+00:00
CUR_BA030,Curitiba,4106902,1,,226,,,-25.373351,-49.244501,,False,1,1,2023-06-19T16:49:23.787591+00:00
CUR_BI021,Curitiba,4106902,1,,226,,,-25.395165,-49.243183,,False,1,1,2023-06-19T16:50:23.787591+00:00
CUR_BI016,Curitiba,4106902,1,,226,,,-25.39473,-49.242788,,False,1,2,2023-06-19T16:49:23.787591+00:00
CUR_CL600,Curitiba,4106902,0,URBS,023,https://moovitapp.com/index/pt-br/transporte_p%C3%BAblico-line-023_INTER_2_ANTI_HOR%C3%81RIO-Curitiba-942-9628-398189-0,-1.0,-25.471646,-49.237435,,False,4,,2023-06-19T16:49:23.787591+00:00
CUR_BL323,Curitiba,4106902,0,URBS,023,https://moovitapp.com/index/pt-br/transporte_p%C3%BAblico-line-023_INTER_2_ANTI_HOR%C3%81RIO-Curitiba-942-9628-398189-0,-1.0,-25.492128,-49.293768,,False,3,,2023-06-19T16:49:23.787591+00:00
CUR_BL324,Curitiba,4106902,0,URBS,023,https://moovitapp.com/index/pt-br/transporte_p%C3%BAblico-line-023_INTER_2_ANTI_HOR%C3%81RIO-Curitiba-942-9628-398189-0,-1.0,-25.465466,-49.300905,,False,3,,2023-06-19T16:49:23.787591+00:00
CUR_CL699,Curitiba,4106902,0,URBS,023,https://moovitapp.com/index/pt-br/transporte_p%C3%BAblico-line-023_INTER_2_ANTI_HOR%C3%81RIO-Curitiba-942-9628-398189-0,-1.0,-25.380758,-49.186028,,False,4,,2023-06-19T16:50:23.787591+00:00
CUR_ER802,Curitiba,4106902,0,URBS,023,https://moovitapp.com/index/pt-br/transporte_p%C3%BAblico-line-023_INTER_2_ANTI_HOR%C3%81RIO-Curitiba-942-9628-398189-0,-1.0,-25.468281,-49.255783,,False,4,,2023-06-19T16:50:23.787591+00:00
CUR_BL312,Curitiba,4106902,0,URBS,023,https://moovitapp.com/index/pt-br/transporte_p%C3%BAblico-line-023_INTER_2_ANTI_HOR%C3%81RIO-Curitiba-942-9628-398189-0,-1.0,-25.414183,-49.26089,,False,3,,2023-06-19T16:49:23.787591+00:00
CUR_ML306,Curitiba,4106902,0,URBS,023,https://moovitapp.com/index/pt-br/transporte_p%C3%BAblico-line-023_INTER_2_ANTI_HOR%C3%81RIO-Curitiba-942-9628-398189-0,-1.0,-25.418803,-49.294356,,False,3,,2023-06-19T16:49:23.787591+00:00
CUR_EL602,Curitiba,4106902,0,URBS,023,https://moovitapp.com/index/pt-br/transporte_p%C3%BAblico-line-023_INTER_2_ANTI_HOR%C3%81RIO-Curitiba-942-9628-398189-0,-1.0,-25.468308,-49.255845,,False,4,,2023-06-19T16:49:23.787591+00:00
CUR_DR801,Curitiba,4106902,0,URBS,023,https://moovitapp.com/index/pt-br/transporte_p%C3%BAblico-line-023_INTER_2_ANTI_HOR%C3%81RIO-Curitiba-942-9628-398189-0,-1.0,-25.46802,-49.254788,,False,4,,2023-06-19T16:50:23.787591+00:00
CUR_HL602,Curitiba,4106902,0,URBS,023,https://moovitapp.com/index/pt-br/transporte_p%C3%BAblico-line-023_INTER_2_ANTI_HOR%C3%81RIO-Curitiba-942-9628-398189-0,-1.0,-25.43966,-49.222178,,False,4,,2023-06-19T16:50:23.787591+00:00
CUR_GL600,Curitiba,4106902,0,URBS,023,https://moovitapp.com/index/pt-br/transporte_p%C3%BAblico-line-023_INTER_2_ANTI_HOR%C3%81RIO-Curitiba-942-9628-398189-0,-1.0,-25.548541,-49.291593,,False,4,,2023-06-19T16:49:23.787591+00:00
CUR_DR804,Curitiba,4106902,0,URBS,023,https://moovitapp.com/index/pt-br/transporte_p%C3%BAblico-line-023_INTER_2_ANTI_HOR%C3%81RIO-Curitiba-942-9628-398189-0,-1.0,-25.468156,-49.254766,,False,4,,2023-06-19T16:50:23.787591+00:00
CUR_HL600,Curitiba,4106902,0,URBS,023,https://moovitapp.com/index/pt-br/transporte_p%C3%BAblico-line-023_INTER_2_ANTI_HOR%C3%81RIO-Curitiba-942-9628-398189-0,-1.0,-25.538231,-49.307313,,False,4,,2023-06-19T16:49:23.787591+00:00
CUR_BL608,Curitiba,4106902,0,URBS,023,https://moovitapp.com/index/pt-br/transporte_p%C3%BAblico-line-023_INTER_2_ANTI_HOR%C3%81RIO-Curitiba-942-9628-398189-0,-1.0,-25.407973,-49.254041,,False,4,,2023-06-19T16:49:23.787591+00:00
CUR_JL600,Curitiba,4106902,0,URBS,023,https://moovitapp.com/index/pt-br/transporte_p%C3%BAblico-line-023_INTER_2_ANTI_HOR%C3%81RIO-Curitiba-942-9628-398189-0,-1.0,-25.449243,-49.367203,,False,4,,2023-06-19T16:49:23.787591+00:00
CUR_MR800,Curitiba,4106902,0,URBS,023,https://moovitapp.com/index/pt-br/transporte_p%C3%BAblico-line-023_INTER_2_ANTI_HOR%C3%81RIO-Curitiba-942-9628-398189-0,-1.0,-25.485461,-49.253015,,False,4,,2023-06-19T16:50:23.787591+00:00
CUR_HL698,Curitiba,4106902,0,URBS,023,https://moovitapp.com/index/pt-br/transporte_p%C3%BAblico-line-023_INTER_2_ANTI_HOR%C3%81RIO-Curitiba-942-9628-398189-0,-1.0,-25.53826,-49.307291,,False,4,,2023-06-19T16:49:23.787591+00:00
CUR_JL601,Curitiba,4106902,0,URBS,023,https://moovitapp.com/index/pt-br/transporte_p%C3%BAblico-line-023_INTER_2_ANTI_HOR%C3%81RIO-Curitiba-942-9628-398189-0,-1.0,-25.449015,-49.367231,,False,4,,2023-06-19T16:50:23.787591+00:00
CUR_JL313,Curitiba,4106902,0,URBS,023,https://moovitapp.com/index/pt-br/transporte_p%C3%BAblico-line-023_INTER_2_ANTI_HOR%C3%81RIO-Curitiba-942-9628-398189-0,-1.0,-25.448665,-49.366028,,False,3,,2023-06-19T16:49:23.787591+00:00
CUR_BL611,Curitiba,4106902,0,URBS,023,https://moovitapp.com/index/pt-br/transporte_p%C3%BAblico-line-023_INTER_2_ANTI_HOR%C3%81RIO-Curitiba-942-9628-398189-0,-1.0,-25.423576,-49.241928,,False,4,,2023-06-19T16:49:23.787591+00:00
CUR_BL332,Curitiba,4106902,0,URBS,023,https://moovitapp.com/index/pt-br/transporte_p%C3%BAblico-line-023_INTER_2_ANTI_HOR%C3%81RIO-Curitiba-942-9628-398189-0,-1.0,-25.41552,-49.281038,,False,3,,2023-06-19T16:49:23.787591+00:00
CUR_BI859,Curitiba,4106902,1,,365,,,-25.44327,-49.289615,,False,7,2,2023-06-19T16:49:23.787591+00:00
CUR_BC932,Curitiba,4106902,1,,365,,,-25.42383,-49.255023,,False,7,1,2023-06-19T16:50:23.787591+00:00
CUR_EA004,Curitiba,4106902,1,,336,,,-25.4688,-49.255705,,False,1,2,2023-06-19T16:49:23.787591+00:00
CUR_EA202,Curitiba,4106902,1,,336,,,-25.469101,-49.255485,,False,1,1,2023-06-19T16:45:23.787591+00:00
CUR_DA023,Curitiba,4106902,1,,332,,,-25.471025,-49.194643,,False,1,,2023-06-19T16:50:23.787591+00:00
CUR_DC298,Curitiba,4106902,1,,336,,,-25.493303,-49.201478,,False,1,2,2023-06-19T16:49:23.787591+00:00
CUR_GI015,Curitiba,4106902,1,,541,,,-25.542928,-49.262751,,False,1,2,2023-06-19T16:49:23.787591+00:00
CUR_GI030,Curitiba,4106902,1,,541,,,-25.542726,-49.263036,,False,1,2,2023-06-19T16:49:23.787591+00:00
CUR_GI040,Curitiba,4106902,1,,541,,,-25.550175,-49.290958,,False,1,2,2023-06-19T16:49:23.787591+00:00
CUR_GI020,Curitiba,4106902,1,,541,,,-25.548393,-49.291586,,False,1,2,2023-06-19T16:50:23.787591+00:00
CUR_GC017,Curitiba,4106902,1,,541,,,-25.548435,-49.291398,,False,1,1,2023-06-19T16:50:23.787591+00:00
CUR_GI033,Curitiba,4106902,1,,541,,,-25.548985,-49.292235,,False,1,1,2023-06-19T16:47:23.787591+00:00
CUR_CB601,Curitiba,4106902,1,,030,,,-25.501085,-49.237798,,False,4,2,2023-06-19T16:49:23.787591+00:00
CUR_KB606,Curitiba,4106902,1,,030,,,-25.384565,-49.21557,,False,4,2,2023-06-19T16:50:23.787591+00:00
CUR_EB609,Curitiba,4106902,1,,030,,,-25.467173,-49.221491,,False,4,1,2023-06-19T16:49:23.787591+00:00
CUR_GB612,Curitiba,4106902,1,,030,,,-25.434981,-49.209918,,False,4,1,2023-06-19T16:50:23.787591+00:00
CUR_EA600,Curitiba,4106902,1,,030,,,-25.467343,-49.255835,,False,4,2,2023-06-19T16:49:23.787591+00:00
CUR_KB605,Curitiba,4106902,1,,030,,,-25.46745,-49.25479,,False,4,,2023-06-19T16:49:23.787591+00:00
CUR_BB608,Curitiba,4106902,1,,030,,,-25.510351,-49.254871,,False,4,1,2023-06-19T16:50:23.787591+00:00
CUR_KB696,Curitiba,4106902,0,,030,,,-25.4674,-49.254581,,False,4,2,2023-06-19T16:50:23.787591+00:00
CUR_GB605,Curitiba,4106902,1,,030,,,-25.549421,-49.291245,,False,4,2,2023-06-19T16:49:23.787591+00:00
CUR_GB606,Curitiba,4106902,1,,030,,,-25.452265,-49.21485,,False,4,2,2023-06-19T16:50:23.787591+00:00
CUR_GB610,Curitiba,4106902,1,,030,,,-25.549513,-49.290136,,False,4,2,2023-06-19T16:50:23.787591+00:00
CUR_BB611,Curitiba,4106902,1,,030,,,-25.4128,-49.20489,,False,4,2,2023-06-19T16:49:23.787591+00:00
CUR_BB602,Curitiba,4106902,1,,030,,,-25.496708,-49.293758,,False,4,1,2023-06-19T16:50:23.787591+00:00
CUR_BB498,Curitiba,4106902,1,,030,,,-25.399226,-49.21267,,False,3,2,2023-06-19T16:49:23.787591+00:00
CUR_BB300,Curitiba,4106902,1,,030,,,-25.399098,-49.212596,,False,3,1,2023-06-19T16:50:23.787591+00:00
CUR_BB610,Curitiba,4106902,1,,030,,,-25.398545,-49.21269,,False,4,1,2023-06-19T16:50:23.787591+00:00
CUR_BI015,Curitiba,4106902,1,,242,,,-25.354105,-49.260385,,False,1,1,2023-06-19T16:50:23.787591+00:00
CUR_BI020,Curitiba,4106902,1,,242,,,-25.395491,-49.2429,,False,1,1,2023-06-19T16:49:23.787591+00:00
CUR_CB604,Curitiba,4106902,1,,021,,,-25.492503,-49.293296,,False,4,,2023-06-19T16:49:23.787591+00:00
CUR_GB602,Curitiba,4106902,1,,021,,,-25.43934,-49.220273,,False,4,,2023-06-19T16:49:23.787591+00:00
CUR_BB604,Curitiba,4106902,1,,021,,,-25.408828,-49.24976,,False,4,,2023-06-19T16:50:23.787591+00:00
CUR_EB603,Curitiba,4106902,1,,021,,,-25.439703,-49.309815,,False,4,,2023-06-19T16:49:23.787591+00:00
CUR_EB600,Curitiba,4106902,1,,021,,,-25.385655,-49.27657,,False,4,,2023-06-19T16:49:23.787591+00:00
CUR_KB697,Curitiba,4106902,0,,021,,,-25.467298,-49.255181,,False,4,,2023-06-19T16:50:23.787591+00:00
CUR_KB607,Curitiba,4106902,1,,021,,,-25.46759,-49.254738,,False,4,,2023-06-19T16:49:23.787591+00:00
CUR_GB600,Curitiba,4106902,1,,021,,,-25.549621,-49.291171,,False,4,,2023-06-19T16:49:23.787591+00:00
CUR_GB601,Curitiba,4106902,1,,021,,,-25.549575,-49.291196,,False,4,,2023-06-19T16:50:23.787591+00:00
CUR_BB600,Curitiba,4106902,1,,021,,,-25.481546,-49.246976,,False,4,,2023-06-19T16:49:23.787591+00:00
CUR_HB606,Curitiba,4106902,1,,021,,,-25.53918,-49.307345,,False,4,,2023-06-19T16:50:23.787591+00:00
CUR_BB615,Curitiba,4106902,1,,021,,,-25.399138,-49.2129,,False,4,,2023-06-19T16:50:23.787591+00:00
CUR_BB614,Curitiba,4106902,1,,021,,,-25.398913,-49.213011,,False,4,,2023-06-19T16:50:23.787591+00:00
CUR_GI858,Curitiba,4106902,1,,616,,,-25.47823,-49.285606,,False,7,2,2023-06-19T16:49:23.787591+00:00
CUR_GI857,Curitiba,4106902,1,,616,,,-25.473575,-49.28199,,False,7,2,2023-06-19T16:49:23.787591+00:00
CUR_DA013,Curitiba,4106902,1,,338,,,-25.49539,-49.21808,,False,1,1,2023-06-19T16:50:23.787591+00:00
CUR_EA076,Curitiba,4106902,1,,338,,,-25.469006,-49.255515,,False,1,1,2023-06-19T16:49:23.787591+00:00
CUR_DA020,Curitiba,4106902,0,,338,,,-25.499306,-49.209486,,False,1,2,2023-06-19T16:49:23.787591+00:00
CUR_GC011,Curitiba,4106902,1,,338,,,-25.548691,-49.291391,,False,1,2,2023-06-19T16:50:23.787591+00:00
CUR_DC293,Curitiba,4106902,1,,338,,,-25.469705,-49.206258,,False,1,2,2023-06-19T16:49:23.787591+00:00
CUR_EA003,Curitiba,4106902,1,,338,,,-25.468398,-49.255711,,False,1,2,2023-06-19T16:49:23.787591+00:00
CUR_DC086,Curitiba,4106902,1,,338,,,-25.468156,-49.255275,,False,1,2,2023-06-19T16:49:23.787591+00:00
CUR_GC012,Curitiba,4106902,1,,338,,,-25.548603,-49.291393,,False,1,1,2023-06-19T16:50:23.787591+00:00
CUR_DC084,Curitiba,4106902,0,,338,,,-25.481791,-49.246828,,False,1,1,2023-06-19T16:50:23.787591+00:00
CUR_DA022,Curitiba,4106902,0,,338,,,-25.471991,-49.200116,,False,1,1,2023-06-19T16:49:23.787591+00:00
CUR_EI006,Curitiba,4106902,1,,X07,,,-25.541051,-49.270843,,False,1,1,2023-06-19T16:49:23.787591+00:00
CUR_EA005,Curitiba,4106902,1,,X07,,,-25.545201,-49.265255,,False,1,2,2023-06-19T16:50:23.787591+00:00
CUR_DC854,Curitiba,4106902,1,,477,,,-25.465395,-49.236226,,False,7,1,2023-06-19T16:49:23.787591+00:00
CUR_DC850,Curitiba,4106902,1,,477,,,-25.467756,-49.254321,,False,7,2,2023-06-19T16:49:23.787591+00:00
CUR_JI017,Curitiba,4106902,1,,777,,,-25.459623,-49.311873,,False,1,1,2023-06-19T16:50:23.787591+00:00
CUR_JI012,Curitiba,4106902,1,,777,,,-25.454938,-49.303488,,False,1,2,2023-06-19T16:49:23.787591+00:00
CUR_JI010,Curitiba,4106902,1,,777,,,-25.449241,-49.365986,,False,1,1,2023-06-19T16:50:23.787591+00:00
CUR_JI001,Curitiba,4106902,1,,777,,,-25.449243,-49.365928,,False,1,1,2023-06-19T16:48:23.787591+00:00
CUR_GE736,Curitiba,4106902,0,URBS,203,https://moovitapp.com/index/pt-br/transporte_p%C3%BAblico-line-203_SANTA_C%C3%82NDIDA_CAP%C3%83O_RASO-Curitiba-942-9628-1323737-0,-1.0,-25.476615,-49.292586,,False,5,2,2023-06-19T16:50:23.787591+00:00
CUR_BE703,Curitiba,4106902,0,URBS,203,https://moovitapp.com/index/pt-br/transporte_p%C3%BAblico-line-203_SANTA_C%C3%82NDIDA_CAP%C3%83O_RASO-Curitiba-942-9628-1323737-0,-1.0,-25.432131,-49.26706,,False,5,1,2023-06-19T16:48:23.787591+00:00
CUR_BE716,Curitiba,4106902,0,URBS,203,https://moovitapp.com/index/pt-br/transporte_p%C3%BAblico-line-203_SANTA_C%C3%82NDIDA_CAP%C3%83O_RASO-Curitiba-942-9628-1323737-0,-1.0,-25.390211,-49.237455,,False,5,1,2023-06-19T16:50:23.787591+00:00
CUR_HE711,Curitiba,4106902,0,URBS,203,https://moovitapp.com/index/pt-br/transporte_p%C3%BAblico-line-203_SANTA_C%C3%82NDIDA_CAP%C3%83O_RASO-Curitiba-942-9628-1323737-0,-1.0,-25.4859,-49.294215,,False,5,1,2023-06-19T16:50:23.787591+00:00
CUR_BE719,Curitiba,4106902,0,URBS,203,https://moovitapp.com/index/pt-br/transporte_p%C3%BAblico-line-203_SANTA_C%C3%82NDIDA_CAP%C3%83O_RASO-Curitiba-942-9628-1323737-0,-1.0,-25.415831,-49.261306,,False,5,2,2023-06-19T16:50:23.787591+00:00
CUR_BE710,Curitiba,4106902,0,URBS,203,https://moovitapp.com/index/pt-br/transporte_p%C3%BAblico-line-203_SANTA_C%C3%82NDIDA_CAP%C3%83O_RASO-Curitiba-942-9628-1323737-0,-1.0,-25.40355,-49.249908,,False,5,1,2023-06-19T16:49:23.787591+00:00
CUR_GD341,Curitiba,4106902,0,URBS,203,https://moovitapp.com/index/pt-br/transporte_p%C3%BAblico-line-203_SANTA_C%C3%82NDIDA_CAP%C3%83O_RASO-Curitiba-942-9628-1323737-0,-1.0,-25.43796,-49.267435,,False,5,1,2023-06-19T16:49:23.787591+00:00
CUR_GE704,Curitiba,4106902,0,URBS,203,https://moovitapp.com/index/pt-br/transporte_p%C3%BAblico-line-203_SANTA_C%C3%82NDIDA_CAP%C3%83O_RASO-Curitiba-942-9628-1323737-0,-1.0,-25.439513,-49.271681,,False,5,2,2023-06-19T16:50:23.787591+00:00
CUR_BE717,Curitiba,4106902,0,URBS,203,https://moovitapp.com/index/pt-br/transporte_p%C3%BAblico-line-203_SANTA_C%C3%82NDIDA_CAP%C3%83O_RASO-Curitiba-942-9628-1323737-0,-1.0,-25.435263,-49.265483,,False,5,2,2023-06-19T16:49:23.787591+00:00
CUR_BD135,Curitiba,4106902,0,URBS,203,https://moovitapp.com/index/pt-br/transporte_p%C3%BAblico-line-203_SANTA_C%C3%82NDIDA_CAP%C3%83O_RASO-Curitiba-942-9628-1323737-0,-1.0,-25.441243,-49.276008,,False,5,1,2023-06-19T16:50:23.787591+00:00
CUR_BE715,Curitiba,4106902,0,URBS,203,https://moovitapp.com/index/pt-br/transporte_p%C3%BAblico-line-203_SANTA_C%C3%82NDIDA_CAP%C3%83O_RASO-Curitiba-942-9628-1323737-0,-1.0,-25.38,-49.228138,,False,5,2,2023-06-19T16:49:23.787591+00:00
CUR_GD343,Curitiba,4106902,0,URBS,203,https://moovitapp.com/index/pt-br/transporte_p%C3%BAblico-line-203_SANTA_C%C3%82NDIDA_CAP%C3%83O_RASO-Curitiba-942-9628-1323737-0,-1.0,-25.548508,-49.291906,,False,5,2,2023-06-19T16:49:23.787591+00:00
CUR_GD342,Curitiba,4106902,0,URBS,203,https://moovitapp.com/index/pt-br/transporte_p%C3%BAblico-line-203_SANTA_C%C3%82NDIDA_CAP%C3%83O_RASO-Curitiba-942-9628-1323737-0,-1.0,-25.548678,-49.291846,,False,5,1,2023-06-19T16:49:23.787591+00:00
CUR_GE726,Curitiba,4106902,0,URBS,203,https://moovitapp.com/index/pt-br/transporte_p%C3%BAblico-line-203_SANTA_C%C3%82NDIDA_CAP%C3%83O_RASO-Curitiba-942-9628-1323737-0,-1.0,-25.454788,-49.288115,,False,5,2,2023-06-19T16:50:23.787591+00:00
CUR_BE727,Curitiba,4106902,0,URBS,203,https://moovitapp.com/index/pt-br/transporte_p%C3%BAblico-line-203_SANTA_C%C3%82NDIDA_CAP%C3%83O_RASO-Curitiba-942-9628-1323737-0,-1.0,-25.477956,-49.292023,,False,5,1,2023-06-19T16:50:23.787591+00:00
CUR_BD150,Curitiba,4106902,0,URBS,203,https://moovitapp.com/index/pt-br/transporte_p%C3%BAblico-line-203_SANTA_C%C3%82NDIDA_CAP%C3%83O_RASO-Curitiba-942-9628-1323737-0,-1.0,-25.394953,-49.242678,,False,5,2,2023-06-19T16:49:23.787591+00:00
CUR_BD144,Curitiba,4106902,0,URBS,203,https://moovitapp.com/index/pt-br/transporte_p%C3%BAblico-line-203_SANTA_C%C3%82NDIDA_CAP%C3%83O_RASO-Curitiba-942-9628-1323737-0,-1.0,-25.394881,-49.24276,,False,5,2,2023-06-19T16:50:23.787591+00:00
CUR_BE729,Curitiba,4106902,0,URBS,203,https://moovitapp.com/index/pt-br/transporte_p%C3%BAblico-line-203_SANTA_C%C3%82NDIDA_CAP%C3%83O_RASO-Curitiba-942-9628-1323737-0,-1.0,-25.394841,-49.242838,,False,5,2,2023-06-19T16:49:23.787591+00:00
CUR_BE722,Curitiba,4106902,0,URBS,203,https://moovitapp.com/index/pt-br/transporte_p%C3%BAblico-line-203_SANTA_C%C3%82NDIDA_CAP%C3%83O_RASO-Curitiba-942-9628-1323737-0,-1.0,-25.461753,-49.289995,,False,5,1,2023-06-19T16:49:23.787591+00:00
CUR_BI019,Curitiba,4106902,1,,231,,,-25.37444,-49.222915,,False,1,1,2023-06-19T16:50:23.787591+00:00
CUR_BA001,Curitiba,4106902,1,,231,,,-25.39468,-49.242738,,False,1,1,2023-06-19T16:50:23.787591+00:00
CUR_JI866,Curitiba,4106902,1,,862,,,-25.437433,-49.277873,,False,7,2,2023-06-19T16:50:23.787591+00:00
CUR_BI865,Curitiba,4106902,1,,862,,,-25.395205,-49.242608,,False,7,2,2023-06-19T16:49:23.787591+00:00
CUR_BC015,Curitiba,4106902,1,,876,,,-25.42266,-49.311146,,False,1,1,2023-06-19T16:48:23.787591+00:00
CUR_BC005,Curitiba,4106902,1,,876,,,-25.409038,-49.360838,,False,1,1,2023-06-19T16:49:23.787591+00:00
CUR_BA019,Curitiba,4106902,1,,876,,,-25.415076,-49.280746,,False,1,2,2023-06-19T16:48:23.787591+00:00
CUR_JI003,Curitiba,4106902,1,,711,,,-25.475145,-49.344621,,False,1,2,2023-06-19T16:50:23.787591+00:00
CUR_JA027,Curitiba,4106902,1,,711,,,-25.449268,-49.366021,,False,1,1,2023-06-19T16:49:23.787591+00:00
CUR_BC017,Curitiba,4106902,1,,166,,,-25.394663,-49.303293,,False,1,1,2023-06-19T16:49:23.787591+00:00
CUR_BC004,Curitiba,4106902,1,,166,,,-25.421498,-49.2746,,False,1,1,2023-06-19T16:49:23.787591+00:00
CUR_GI005,Curitiba,4106902,1,,638,,,-25.524048,-49.293036,,False,1,1,2023-06-19T16:50:23.787591+00:00
CUR_GI057,Curitiba,4106902,1,,638,,,-25.551056,-49.276715,,False,1,2,2023-06-19T16:50:23.787591+00:00
CUR_GI014,Curitiba,4106902,1,,638,,,-25.549553,-49.292088,,False,1,2,2023-06-19T16:49:23.787591+00:00
CUR_HE726,Curitiba,4106902,0,URBS,603,https://moovitapp.com/index/pt-br/transporte_p%C3%BAblico-line-603_PINHEIRINHO_RUI_BARBOSA-Curitiba-942-9628-484781-0,-1.0,-25.464141,-49.291148,,False,5,2,2023-06-19T16:50:23.787591+00:00
CUR_HE728,Curitiba,4106902,0,URBS,603,https://moovitapp.com/index/pt-br/transporte_p%C3%BAblico-line-603_PINHEIRINHO_RUI_BARBOSA-Curitiba-942-9628-484781-0,-1.0,-25.436228,-49.274285,,False,5,2,2023-06-19T16:49:23.787591+00:00
CUR_HE727,Curitiba,4106902,0,URBS,603,https://moovitapp.com/index/pt-br/transporte_p%C3%BAblico-line-603_PINHEIRINHO_RUI_BARBOSA-Curitiba-942-9628-484781-0,-1.0,-25.500901,-49.296061,,False,5,2,2023-06-19T16:49:23.787591+00:00
CUR_HE723,Curitiba,4106902,0,URBS,603,https://moovitapp.com/index/pt-br/transporte_p%C3%BAblico-line-603_PINHEIRINHO_RUI_BARBOSA-Curitiba-942-9628-484781-0,-1.0,-25.491391,-49.293791,,False,5,1,2023-06-19T16:49:23.787591+00:00
CUR_HE725,Curitiba,4106902,0,URBS,603,https://moovitapp.com/index/pt-br/transporte_p%C3%BAblico-line-603_PINHEIRINHO_RUI_BARBOSA-Curitiba-942-9628-484781-0,-1.0,-25.459603,-49.28894,,False,5,1,2023-06-19T16:49:23.787591+00:00
CUR_HE714,Curitiba,4106902,0,URBS,603,https://moovitapp.com/index/pt-br/transporte_p%C3%BAblico-line-603_PINHEIRINHO_RUI_BARBOSA-Curitiba-942-9628-484781-0,-1.0,-25.538868,-49.308316,,False,5,1,2023-06-19T16:49:23.787591+00:00
CUR_HE731,Curitiba,4106902,0,URBS,603,https://moovitapp.com/index/pt-br/transporte_p%C3%BAblico-line-603_PINHEIRINHO_RUI_BARBOSA-Curitiba-942-9628-484781-0,-1.0,-25.493625,-49.293796,,False,5,1,2023-06-19T16:50:23.787591+00:00
CUR_GE733,Curitiba,4106902,0,URBS,603,https://moovitapp.com/index/pt-br/transporte_p%C3%BAblico-line-603_PINHEIRINHO_RUI_BARBOSA-Curitiba-942-9628-484781-0,-1.0,-25.549376,-49.290428,,False,5,1,2023-06-19T16:50:23.787591+00:00
CUR_GE703,Curitiba,4106902,0,URBS,603,https://moovitapp.com/index/pt-br/transporte_p%C3%BAblico-line-603_PINHEIRINHO_RUI_BARBOSA-Curitiba-942-9628-484781-0,-1.0,-25.549356,-49.291561,,False,5,2,2023-06-19T16:50:23.787591+00:00
CUR_GE731,Curitiba,4106902,0,URBS,603,https://moovitapp.com/index/pt-br/transporte_p%C3%BAblico-line-603_PINHEIRINHO_RUI_BARBOSA-Curitiba-942-9628-484781-0,-1.0,-25.549126,-49.291688,,False,5,2,2023-06-19T16:50:23.787591+00:00
CUR_GD344,Curitiba,4106902,0,URBS,603,https://moovitapp.com/index/pt-br/transporte_p%C3%BAblico-line-603_PINHEIRINHO_RUI_BARBOSA-Curitiba-942-9628-484781-0,-1.0,-25.548751,-49.29188,,False,5,1,2023-06-19T16:49:23.787591+00:00
CUR_HE724,Curitiba,4106902,0,URBS,603,https://moovitapp.com/index/pt-br/transporte_p%C3%BAblico-line-603_PINHEIRINHO_RUI_BARBOSA-Curitiba-942-9628-484781-0,-1.0,-25.443803,-49.28232,,False,5,2,2023-06-19T16:49:23.787591+00:00
CUR_HE730,Curitiba,4106902,0,URBS,603,https://moovitapp.com/index/pt-br/transporte_p%C3%BAblico-line-603_PINHEIRINHO_RUI_BARBOSA-Curitiba-942-9628-484781-0,-1.0,-25.540046,-49.30833,,False,5,2,2023-06-19T16:49:23.787591+00:00
CUR_HE713,Curitiba,4106902,0,URBS,603,https://moovitapp.com/index/pt-br/transporte_p%C3%BAblico-line-603_PINHEIRINHO_RUI_BARBOSA-Curitiba-942-9628-484781-0,-1.0,-25.472751,-49.29443,,False,5,1,2023-06-19T16:50:23.787591+00:00
CUR_HD246,Curitiba,4106902,0,URBS,603,https://moovitapp.com/index/pt-br/transporte_p%C3%BAblico-line-603_PINHEIRINHO_RUI_BARBOSA-Curitiba-942-9628-484781-0,-1.0,-25.539773,-49.30808,,False,5,1,2023-06-19T16:49:23.787591+00:00
CUR_HD250,Curitiba,4106902,0,URBS,603,https://moovitapp.com/index/pt-br/transporte_p%C3%BAblico-line-603_PINHEIRINHO_RUI_BARBOSA-Curitiba-942-9628-484781-0,-1.0,-25.539158,-49.308271,,False,5,1,2023-06-19T16:50:23.787591+00:00
CUR_HE729,Curitiba,4106902,0,URBS,603,https://moovitapp.com/index/pt-br/transporte_p%C3%BAblico-line-603_PINHEIRINHO_RUI_BARBOSA-Curitiba-942-9628-484781-0,-1.0,-25.441258,-49.27572,,False,5,1,2023-06-19T16:50:23.787591+00:00
CUR_HE717,Curitiba,4106902,0,URBS,603,https://moovitapp.com/index/pt-br/transporte_p%C3%BAblico-line-603_PINHEIRINHO_RUI_BARBOSA-Curitiba-942-9628-484781-0,-1.0,-25.482328,-49.292911,,False,5,2,2023-06-19T16:49:23.787591+00:00
CUR_HD242,Curitiba,4106902,0,URBS,603,https://moovitapp.com/index/pt-br/transporte_p%C3%BAblico-line-603_PINHEIRINHO_RUI_BARBOSA-Curitiba-942-9628-484781-0,-1.0,-25.539695,-49.30813,,False,5,1,2023-06-19T16:50:23.787591+00:00
CUR_HE722,Curitiba,4106902,0,URBS,603,https://moovitapp.com/index/pt-br/transporte_p%C3%BAblico-line-603_PINHEIRINHO_RUI_BARBOSA-Curitiba-942-9628-484781-0,-1.0,-25.53909,-49.308285,,False,5,2,2023-06-19T16:49:23.787591+00:00
CUR_HD244,Curitiba,4106902,0,URBS,603,https://moovitapp.com/index/pt-br/transporte_p%C3%BAblico-line-603_PINHEIRINHO_RUI_BARBOSA-Curitiba-942-9628-484781-0,-1.0,-25.539461,-49.30819,,False,5,2,2023-06-19T16:49:23.787591+00:00
CUR_HE721,Curitiba,4106902,0,URBS,603,https://moovitapp.com/index/pt-br/transporte_p%C3%BAblico-line-603_PINHEIRINHO_RUI_BARBOSA-Curitiba-942-9628-484781-0,-1.0,-25.539203,-49.30824,,False,5,1,2023-06-19T16:49:23.787591+00:00
CUR_BA027,Curitiba,4106902,1,,243,,,-25.363783,-49.262408,,False,1,1,2023-06-19T16:50:23.787591+00:00
CUR_BI013,Curitiba,4106902,1,,243,,,-25.395195,-49.242393,,False,1,2,2023-06-19T16:50:23.787591+00:00
CUR_BC306,Curitiba,4106902,1,,182,,,-25.385708,-49.267753,,False,3,2,2023-06-19T16:50:23.787591+00:00
CUR_BC305,Curitiba,4106902,1,,182,,,-25.404016,-49.275585,,False,3,1,2023-06-19T16:49:23.787591+00:00
CUR_GB608,Curitiba,4106902,1,,050,,,-25.45363,-49.252748,,False,4,1,2023-06-19T16:49:23.787591+00:00
CUR_JB610,Curitiba,4106902,1,,050,,,-25.477893,-49.32551,,False,4,2,2023-06-19T16:50:23.787591+00:00
CUR_JB604,Curitiba,4106902,1,,050,,,-25.453938,-49.265918,,False,4,2,2023-06-19T16:49:23.787591+00:00
CUR_JB606,Curitiba,4106902,1,,050,,,-25.476426,-49.292378,,False,4,1,2023-06-19T16:50:23.787591+00:00
CUR_GR124,Curitiba,4106902,1,,050,,,-25.452388,-49.224551,,False,4,1,2023-06-19T16:50:23.787591+00:00
CUR_EB606,Curitiba,4106902,1,,050,,,-25.467375,-49.255876,,False,4,1,2023-06-19T16:49:23.787591+00:00
CUR_EB605,Curitiba,4106902,1,,050,,,-25.467291,-49.255761,,False,4,1,2023-06-19T16:49:23.787591+00:00
CUR_EB608,Curitiba,4106902,1,,050,,,-25.452818,-49.24275,,False,4,2,2023-06-19T16:48:23.787591+00:00
CUR_EB601,Curitiba,4106902,1,,050,,,-25.467338,-49.255875,,False,4,2,2023-06-19T16:49:23.787591+00:00
CUR_KB600,Curitiba,4106902,1,,050,,,-25.467615,-49.254683,,False,4,2,2023-06-19T16:48:23.787591+00:00
CUR_KB604,Curitiba,4106902,1,,050,,,-25.467221,-49.254668,,False,4,2,2023-06-19T16:49:23.787591+00:00
CUR_HB603,Curitiba,4106902,1,,050,,,-25.537995,-49.307536,,False,4,1,2023-06-19T16:49:23.787591+00:00
CUR_JE700,Curitiba,4106902,0,URBS,303,https://moovitapp.com/index/pt-br/transporte_p%C3%BAblico-line-303_CENTEN%C3%81RIO_CAMPO_COMPRIDO-Curitiba-942-9628-531689-0,-1.0,-25.435601,-49.305988,,False,5,1,2023-06-19T16:50:23.787591+00:00
CUR_JE706,Curitiba,4106902,0,URBS,303,https://moovitapp.com/index/pt-br/transporte_p%C3%BAblico-line-303_CENTEN%C3%81RIO_CAMPO_COMPRIDO-Curitiba-942-9628-531689-0,-1.0,-25.43814,-49.272893,,False,5,2,2023-06-19T16:50:23.787591+00:00
CUR_DE719,Curitiba,4106902,0,URBS,303,https://moovitapp.com/index/pt-br/transporte_p%C3%BAblico-line-303_CENTEN%C3%81RIO_CAMPO_COMPRIDO-Curitiba-942-9628-531689-0,-1.0,-25.441876,-49.34707,,False,5,2,2023-06-19T16:50:23.787591+00:00
CUR_DE717,Curitiba,4106902,0,URBS,303,https://moovitapp.com/index/pt-br/transporte_p%C3%BAblico-line-303_CENTEN%C3%81RIO_CAMPO_COMPRIDO-Curitiba-942-9628-531689-0,-1.0,-25.433396,-49.296816,,False,5,1,2023-06-19T16:50:23.787591+00:00
CUR_DE715,Curitiba,4106902,0,URBS,303,https://moovitapp.com/index/pt-br/transporte_p%C3%BAblico-line-303_CENTEN%C3%81RIO_CAMPO_COMPRIDO-Curitiba-942-9628-531689-0,-1.0,-25.441826,-49.23209,,False,5,1,2023-06-19T16:50:23.787591+00:00
CUR_DE704,Curitiba,4106902,0,URBS,303,https://moovitapp.com/index/pt-br/transporte_p%C3%BAblico-line-303_CENTEN%C3%81RIO_CAMPO_COMPRIDO-Curitiba-942-9628-531689-0,-1.0,-25.433501,-49.269471,,False,5,1,2023-06-19T16:49:23.787591+00:00
CUR_DE716,Curitiba,4106902,0,URBS,303,https://moovitapp.com/index/pt-br/transporte_p%C3%BAblico-line-303_CENTEN%C3%81RIO_CAMPO_COMPRIDO-Curitiba-942-9628-531689-0,-1.0,-25.439256,-49.317546,,False,5,1,2023-06-19T16:49:23.787591+00:00
CUR_JE707,Curitiba,4106902,0,URBS,303,https://moovitapp.com/index/pt-br/transporte_p%C3%BAblico-line-303_CENTEN%C3%81RIO_CAMPO_COMPRIDO-Curitiba-942-9628-531689-0,-1.0,-25.437238,-49.321095,,False,5,2,2023-06-19T16:50:23.787591+00:00
CUR_JE704,Curitiba,4106902,0,URBS,303,https://moovitapp.com/index/pt-br/transporte_p%C3%BAblico-line-303_CENTEN%C3%81RIO_CAMPO_COMPRIDO-Curitiba-942-9628-531689-0,-1.0,-25.43576,-49.274523,,False,5,1,2023-06-19T16:49:23.787591+00:00
CUR_DE711,Curitiba,4106902,0,URBS,303,https://moovitapp.com/index/pt-br/transporte_p%C3%BAblico-line-303_CENTEN%C3%81RIO_CAMPO_COMPRIDO-Curitiba-942-9628-531689-0,-1.0,-25.440933,-49.236571,,False,5,2,2023-06-19T16:50:23.787591+00:00
CUR_JE708,Curitiba,4106902,0,URBS,303,https://moovitapp.com/index/pt-br/transporte_p%C3%BAblico-line-303_CENTEN%C3%81RIO_CAMPO_COMPRIDO-Curitiba-942-9628-531689-0,-1.0,-25.448816,-49.365276,,False,5,1,2023-06-19T16:44:23.787591+00:00
CUR_DE722,Curitiba,4106902,0,URBS,303,https://moovitapp.com/index/pt-br/transporte_p%C3%BAblico-line-303_CENTEN%C3%81RIO_CAMPO_COMPRIDO-Curitiba-942-9628-531689-0,-1.0,-25.436936,-49.30971,,False,5,2,2023-06-19T16:49:23.787591+00:00
CUR_DE699,Curitiba,4106902,0,URBS,303,https://moovitapp.com/index/pt-br/transporte_p%C3%BAblico-line-303_CENTEN%C3%81RIO_CAMPO_COMPRIDO-Curitiba-942-9628-531689-0,-1.0,-25.468088,-49.254321,,False,4,2,2023-06-19T16:49:23.787591+00:00
CUR_JE705,Curitiba,4106902,0,URBS,303,https://moovitapp.com/index/pt-br/transporte_p%C3%BAblico-line-303_CENTEN%C3%81RIO_CAMPO_COMPRIDO-Curitiba-942-9628-531689-0,-1.0,-25.43572,-49.257403,,False,5,2,2023-06-19T16:50:23.787591+00:00
CUR_DE705,Curitiba,4106902,0,URBS,303,https://moovitapp.com/index/pt-br/transporte_p%C3%BAblico-line-303_CENTEN%C3%81RIO_CAMPO_COMPRIDO-Curitiba-942-9628-531689-0,-1.0,-25.429288,-49.285413,,False,5,2,2023-06-19T16:50:23.787591+00:00
CUR_DE710,Curitiba,4106902,0,URBS,303,https://moovitapp.com/index/pt-br/transporte_p%C3%BAblico-line-303_CENTEN%C3%81RIO_CAMPO_COMPRIDO-Curitiba-942-9628-531689-0,-1.0,-25.467855,-49.25524,,False,5,1,2023-06-19T16:50:23.787591+00:00
CUR_DE700,Curitiba,4106902,0,URBS,303,https://moovitapp.com/index/pt-br/transporte_p%C3%BAblico-line-303_CENTEN%C3%81RIO_CAMPO_COMPRIDO-Curitiba-942-9628-531689-0,-1.0,-25.468063,-49.25509,,False,5,1,2023-06-19T16:49:23.787591+00:00
CUR_DE708,Curitiba,4106902,0,URBS,303,https://moovitapp.com/index/pt-br/transporte_p%C3%BAblico-line-303_CENTEN%C3%81RIO_CAMPO_COMPRIDO-Curitiba-942-9628-531689-0,-1.0,-25.467961,-49.255136,,False,5,1,2023-06-19T16:49:23.787591+00:00
CUR_JE701,Curitiba,4106902,0,URBS,303,https://moovitapp.com/index/pt-br/transporte_p%C3%BAblico-line-303_CENTEN%C3%81RIO_CAMPO_COMPRIDO-Curitiba-942-9628-531689-0,-1.0,-25.469066,-49.208365,,False,5,1,2023-06-19T16:49:23.787591+00:00
CUR_DE709,Curitiba,4106902,0,URBS,303,https://moovitapp.com/index/pt-br/transporte_p%C3%BAblico-line-303_CENTEN%C3%81RIO_CAMPO_COMPRIDO-Curitiba-942-9628-531689-0,-1.0,-25.458331,-49.212633,,False,5,2,2023-06-19T16:50:23.787591+00:00
CUR_DE714,Curitiba,4106902,0,URBS,303,https://moovitapp.com/index/pt-br/transporte_p%C3%BAblico-line-303_CENTEN%C3%81RIO_CAMPO_COMPRIDO-Curitiba-942-9628-531689-0,-1.0,-25.468993,-49.25494,,False,5,2,2023-06-19T16:49:23.787591+00:00
CUR_DE718,Curitiba,4106902,0,URBS,303,https://moovitapp.com/index/pt-br/transporte_p%C3%BAblico-line-303_CENTEN%C3%81RIO_CAMPO_COMPRIDO-Curitiba-942-9628-531689-0,-1.0,-25.467476,-49.25524,,False,5,2,2023-06-19T16:50:23.787591+00:00
CUR_JE849,Curitiba,4106902,0,URBS,303,https://moovitapp.com/index/pt-br/transporte_p%C3%BAblico-line-303_CENTEN%C3%81RIO_CAMPO_COMPRIDO-Curitiba-942-9628-531689-0,-1.0,-25.446756,-49.217038,,False,5,1,2023-06-19T16:49:23.787591+00:00
CUR_JE710,Curitiba,4106902,0,URBS,303,https://moovitapp.com/index/pt-br/transporte_p%C3%BAblico-line-303_CENTEN%C3%81RIO_CAMPO_COMPRIDO-Curitiba-942-9628-531689-0,-1.0,-25.449026,-49.366795,,False,5,1,2023-06-19T16:49:23.787591+00:00
CUR_XY042,Curitiba,4106902,0,URBS,303,https://moovitapp.com/index/pt-br/transporte_p%C3%BAblico-line-303_CENTEN%C3%81RIO_CAMPO_COMPRIDO-Curitiba-942-9628-531689-0,-1.0,-25.394378,-49.242065,,False,4,1,2023-06-19T16:50:23.787591+00:00
CUR_DE721,Curitiba,4106902,0,URBS,303,https://moovitapp.com/index/pt-br/transporte_p%C3%BAblico-line-303_CENTEN%C3%81RIO_CAMPO_COMPRIDO-Curitiba-942-9628-531689-0,-1.0,-25.434045,-49.27136,,False,5,2,2023-06-19T16:44:23.787591+00:00
CUR_KE705,Curitiba,4106902,0,URBS,503,https://moovitapp.com/index/pt-br/transporte_p%C3%BAblico-line-503_BOQUEIR%C3%83O-Curitiba-942-9628-294244-0,-1.0,-25.495106,-49.24073,,False,5,1,2023-06-19T16:50:23.787591+00:00
CUR_KE700,Curitiba,4106902,0,URBS,503,https://moovitapp.com/index/pt-br/transporte_p%C3%BAblico-line-503_BOQUEIR%C3%83O-Curitiba-942-9628-294244-0,-1.0,-25.450566,-49.262411,,False,5,2,2023-06-19T16:50:23.787591+00:00
CUR_KE703,Curitiba,4106902,0,URBS,503,https://moovitapp.com/index/pt-br/transporte_p%C3%BAblico-line-503_BOQUEIR%C3%83O-Curitiba-942-9628-294244-0,-1.0,-25.45086,-49.262225,,False,5,1,2023-06-19T16:49:23.787591+00:00
CUR_KE702,Curitiba,4106902,0,URBS,503,https://moovitapp.com/index/pt-br/transporte_p%C3%BAblico-line-503_BOQUEIR%C3%83O-Curitiba-942-9628-294244-0,-1.0,-25.436845,-49.267721,,False,5,2,2023-06-19T16:50:23.787591+00:00
CUR_KE845,Curitiba,4106902,0,URBS,503,https://moovitapp.com/index/pt-br/transporte_p%C3%BAblico-line-503_BOQUEIR%C3%83O-Curitiba-942-9628-294244-0,-1.0,-25.46698,-49.254916,,False,5,1,2023-06-19T16:49:23.787591+00:00
CUR_GE613,Curitiba,4106902,0,URBS,503,https://moovitapp.com/index/pt-br/transporte_p%C3%BAblico-line-503_BOQUEIR%C3%83O-Curitiba-942-9628-294244-0,-1.0,-25.550523,-49.291791,,False,4,1,2023-06-19T16:49:23.787591+00:00
CUR_GE609,Curitiba,4106902,0,URBS,503,https://moovitapp.com/index/pt-br/transporte_p%C3%BAblico-line-503_BOQUEIR%C3%83O-Curitiba-942-9628-294244-0,-1.0,-25.548658,-49.292188,,False,4,2,2023-06-19T16:50:23.787591+00:00
CUR_GR035,Curitiba,4106902,0,URBS,503,https://moovitapp.com/index/pt-br/transporte_p%C3%BAblico-line-503_BOQUEIR%C3%83O-Curitiba-942-9628-294244-0,-1.0,-25.510821,-49.23293,,False,4,1,2023-06-19T16:49:23.787591+00:00
CUR_BA017,Curitiba,4106902,1,,822,,,-25.43633,-49.361538,,False,1,2,2023-06-19T16:50:23.787591+00:00
CUR_BA011,Curitiba,4106902,1,,822,,,-25.439796,-49.346263,,False,1,1,2023-06-19T16:49:23.787591+00:00
CUR_HI041,Curitiba,4106902,1,,654,,,-25.492545,-49.299871,,False,1,2,2023-06-19T16:49:23.787591+00:00
CUR_HI042,Curitiba,4106902,1,,654,,,-25.507623,-49.327298,,False,1,1,2023-06-19T16:50:23.787591+00:00
CUR_HA194,Curitiba,4106902,1,,654,,,-25.539328,-49.307755,,False,1,1,2023-06-19T16:50:23.787591+00:00
CUR_BI869,Curitiba,4106902,1,,260,,,-25.422403,-49.269733,,False,7,1,2023-06-19T16:49:23.787591+00:00
CUR_GI854,Curitiba,4106902,1,,662,,,-25.471078,-49.275493,,False,7,1,2023-06-19T16:50:23.787591+00:00
CUR_GI852,Curitiba,4106902,1,,662,,,-25.550316,-49.292013,,False,7,2,2023-06-19T16:49:23.787591+00:00
CUR_BI885,Curitiba,4106902,1,,272,,,-25.41479,-49.2615,,False,7,1,2023-06-19T16:50:23.787591+00:00
CUR_BI875,Curitiba,4106902,1,,272,,,-25.38357,-49.25925,,False,7,2,2023-06-19T16:50:23.787591+00:00
CUR_BI871,Curitiba,4106902,1,,272,,,-25.3954,-49.242793,,False,7,1,2023-06-19T16:48:23.787591+00:00
CUR_BI011,Curitiba,4106902,1,,236,,,-25.353623,-49.246563,,False,1,1,2023-06-19T16:49:23.787591+00:00
CUR_BI003,Curitiba,4106902,1,,236,,,-25.39473,-49.242295,,False,1,2,2023-06-19T16:50:23.787591+00:00
CUR_GI047,Curitiba,4106902,1,,528,,,-25.53149,-49.244125,,False,1,2,2023-06-19T16:49:23.787591+00:00
CUR_EA012,Curitiba,4106902,1,,528,,,-25.523483,-49.293826,,False,1,1,2023-06-19T16:50:23.787591+00:00
CUR_EA601,Curitiba,4106902,1,,528,,,-25.467348,-49.255791,,False,4,1,2023-06-19T16:49:23.787591+00:00
CUR_EA602,Curitiba,4106902,1,,528,,,-25.467395,-49.255908,,False,4,1,2023-06-19T16:49:23.787591+00:00
CUR_EA698,Curitiba,4106902,1,,528,,,-25.467385,-49.255938,,False,4,1,2023-06-19T16:49:23.787591+00:00
CUR_EA699,Curitiba,4106902,1,,528,,,-25.467405,-49.255933,,False,4,2,2023-06-19T16:49:23.787591+00:00
CUR_GA600,Curitiba,4106902,1,,528,,,-25.548965,-49.291453,,False,4,1,2023-06-19T16:49:23.787591+00:00
CUR_GI601,Curitiba,4106902,1,,528,,,-25.548698,-49.291141,,False,4,2,2023-06-19T16:49:23.787591+00:00
CUR_HI008,Curitiba,4106902,1,,828,,,-25.460723,-49.342216,,False,1,2,2023-06-19T16:50:23.787591+00:00
CUR_JI020,Curitiba,4106902,1,,828,,,-25.489835,-49.31632,,False,1,2,2023-06-19T16:49:23.787591+00:00
CUR_HI046,Curitiba,4106902,1,,828,,,-25.538765,-49.30805,,False,1,2,2023-06-19T16:48:23.787591+00:00
CUR_HA192,Curitiba,4106902,1,,828,,,-25.539186,-49.307891,,False,1,1,2023-06-19T16:49:23.787591+00:00
CUR_HA312,Curitiba,4106902,1,,828,,,-25.538538,-49.30772,,False,3,2,2023-06-19T16:49:23.787591+00:00
CUR_BI882,Curitiba,4106902,1,Auto Viação São José,213,https://moovitapp.com/index/pt-br/transporte_p%C3%BAblico-line-213_PIT_PRA%C3%87A_DA_JUVENTUDE_CRISTAL_BLANCO_POMBO_HOR%C3%81RIO-Curitiba-942-857412-119631272-0,-1.0,-25.39332,-49.227635,,False,7,2,2023-06-19T16:50:23.787591+00:00
CUR_BI879,Curitiba,4106902,1,Auto Viação São José,213,https://moovitapp.com/index/pt-br/transporte_p%C3%BAblico-line-213_PIT_PRA%C3%87A_DA_JUVENTUDE_CRISTAL_BLANCO_POMBO_HOR%C3%81RIO-Curitiba-942-857412-119631272-0,-1.0,-25.395471,-49.242845,,False,7,1,2023-06-19T16:49:23.787591+00:00
CUR_GI039,Curitiba,4106902,1,,633,,,-25.513548,-49.2954,,False,1,2,2023-06-19T16:50:23.787591+00:00
CUR_GC018,Curitiba,4106902,1,,633,,,-25.548391,-49.291433,,False,1,1,2023-06-19T16:49:23.787591+00:00
CUR_GI038,Curitiba,4106902,1,,633,,,-25.532951,-49.273111,,False,1,1,2023-06-19T16:50:23.787591+00:00
CUR_KA602,Curitiba,4106902,1,,545,,,-25.538735,-49.28027,,False,4,1,2023-06-19T16:50:23.787591+00:00
CUR_KA600,Curitiba,4106902,1,,545,,,-25.497915,-49.335163,,False,4,1,2023-06-19T16:49:23.787591+00:00
CUR_KA601,Curitiba,4106902,1,,545,,,-25.54076,-49.292316,,False,4,2,2023-06-19T16:50:23.787591+00:00
CUR_GI600,Curitiba,4106902,1,,545,,,-25.516766,-49.23095,,False,4,2,2023-06-19T16:49:23.787591+00:00
CUR_KA692,Curitiba,4106902,1,,545,,,-25.468798,-49.255151,,False,4,2,2023-06-19T16:50:23.787591+00:00
CUR_JI600,Curitiba,4106902,1,,545,,,-25.511398,-49.332976,,False,4,2,2023-06-19T16:50:23.787591+00:00
CUR_GI603,Curitiba,4106902,1,,545,,,-25.549345,-49.290158,,False,4,2,2023-06-19T16:49:23.787591+00:00
CUR_BL605,Curitiba,4106902,0,URBS,022,https://moovitapp.com/index/pt-br/transporte_p%C3%BAblico-line-022_INTER_2_HOR%C3%81RIO-Curitiba-942-9628-381388-0,-1.0,-25.46185,-49.289838,,False,4,,2023-06-19T16:50:23.787591+00:00
CUR_CL601,Curitiba,4106902,0,URBS,022,https://moovitapp.com/index/pt-br/transporte_p%C3%BAblico-line-022_INTER_2_HOR%C3%81RIO-Curitiba-942-9628-381388-0,-1.0,-25.407938,-49.250603,,False,4,,2023-06-19T16:49:23.787591+00:00
CUR_BL311,Curitiba,4106902,0,URBS,022,https://moovitapp.com/index/pt-br/transporte_p%C3%BAblico-line-022_INTER_2_HOR%C3%81RIO-Curitiba-942-9628-381388-0,-1.0,-25.494621,-49.292066,,False,3,,2023-06-19T16:49:23.787591+00:00
CUR_CL602,Curitiba,4106902,0,URBS,022,https://moovitapp.com/index/pt-br/transporte_p%C3%BAblico-line-022_INTER_2_HOR%C3%81RIO-Curitiba-942-9628-381388-0,-1.0,-25.440583,-49.306453,,False,4,,2023-06-19T16:49:23.787591+00:00
CUR_CL698,Curitiba,4106902,0,URBS,022,https://moovitapp.com/index/pt-br/transporte_p%C3%BAblico-line-022_INTER_2_HOR%C3%81RIO-Curitiba-942-9628-381388-0,-1.0,-25.49506,-49.2663,,False,4,,2023-06-19T16:49:23.787591+00:00
CUR_HL494,Curitiba,4106902,1,URBS,022,https://moovitapp.com/index/pt-br/transporte_p%C3%BAblico-line-022_INTER_2_HOR%C3%81RIO-Curitiba-942-9628-381388-0,-1.0,-25.417203,-49.275963,,False,3,,2023-06-19T16:50:23.787591+00:00
CUR_EL601,Curitiba,4106902,0,URBS,022,https://moovitapp.com/index/pt-br/transporte_p%C3%BAblico-line-022_INTER_2_HOR%C3%81RIO-Curitiba-942-9628-381388-0,-1.0,-25.468355,-49.255926,,False,4,,2023-06-19T16:49:23.787591+00:00
CUR_DR805,Curitiba,4106902,0,URBS,022,https://moovitapp.com/index/pt-br/transporte_p%C3%BAblico-line-022_INTER_2_HOR%C3%81RIO-Curitiba-942-9628-381388-0,-1.0,-25.468186,-49.25477,,False,4,,2023-06-19T16:50:23.787591+00:00
CUR_DL306,Curitiba,4106902,0,URBS,022,https://moovitapp.com/index/pt-br/transporte_p%C3%BAblico-line-022_INTER_2_HOR%C3%81RIO-Curitiba-942-9628-381388-0,-1.0,-25.46748,-49.255098,,False,3,,2023-06-19T16:49:23.787591+00:00
CUR_EL075,Curitiba,4106902,0,URBS,022,https://moovitapp.com/index/pt-br/transporte_p%C3%BAblico-line-022_INTER_2_HOR%C3%81RIO-Curitiba-942-9628-381388-0,-1.0,-25.467601,-49.256568,,False,3,,2023-06-19T16:49:23.787591+00:00
CUR_DL309,Curitiba,4106902,0,URBS,022,https://moovitapp.com/index/pt-br/transporte_p%C3%BAblico-line-022_INTER_2_HOR%C3%81RIO-Curitiba-942-9628-381388-0,-1.0,-25.467946,-49.255985,,False,3,,2023-06-19T16:50:23.787591+00:00
CUR_HL699,Curitiba,4106902,0,URBS,022,https://moovitapp.com/index/pt-br/transporte_p%C3%BAblico-line-022_INTER_2_HOR%C3%81RIO-Curitiba-942-9628-381388-0,-1.0,-25.538181,-49.307393,,False,4,,2023-06-19T16:49:23.787591+00:00
CUR_EL600,Curitiba,4106902,0,URBS,022,https://moovitapp.com/index/pt-br/transporte_p%C3%BAblico-line-022_INTER_2_HOR%C3%81RIO-Curitiba-942-9628-381388-0,-1.0,-25.468351,-49.255851,,False,4,,2023-06-19T16:49:23.787591+00:00
CUR_DL311,Curitiba,4106902,0,URBS,022,https://moovitapp.com/index/pt-br/transporte_p%C3%BAblico-line-022_INTER_2_HOR%C3%81RIO-Curitiba-942-9628-381388-0,-1.0,-25.46893,-49.254928,,False,3,,2023-06-19T16:49:23.787591+00:00
CUR_DL301,Curitiba,4106902,0,URBS,022,https://moovitapp.com/index/pt-br/transporte_p%C3%BAblico-line-022_INTER_2_HOR%C3%81RIO-Curitiba-942-9628-381388-0,-1.0,-25.467601,-49.254926,,False,3,,2023-06-19T16:48:23.787591+00:00
CUR_GL601,Curitiba,4106902,0,URBS,022,https://moovitapp.com/index/pt-br/transporte_p%C3%BAblico-line-022_INTER_2_HOR%C3%81RIO-Curitiba-942-9628-381388-0,-1.0,-25.548491,-49.291621,,False,4,,2023-06-19T16:49:23.787591+00:00
CUR_JL603,Curitiba,4106902,0,URBS,022,https://moovitapp.com/index/pt-br/transporte_p%C3%BAblico-line-022_INTER_2_HOR%C3%81RIO-Curitiba-942-9628-381388-0,-1.0,-25.449136,-49.367155,,False,4,,2023-06-19T16:49:23.787591+00:00
CUR_BL600,Curitiba,4106902,0,URBS,022,https://moovitapp.com/index/pt-br/transporte_p%C3%BAblico-line-022_INTER_2_HOR%C3%81RIO-Curitiba-942-9628-381388-0,-1.0,-25.439878,-49.222273,,False,4,,2023-06-19T16:50:23.787591+00:00
CUR_JL305,Curitiba,4106902,0,URBS,022,https://moovitapp.com/index/pt-br/transporte_p%C3%BAblico-line-022_INTER_2_HOR%C3%81RIO-Curitiba-942-9628-381388-0,-1.0,-25.44858,-49.366071,,False,3,,2023-06-19T16:43:23.787591+00:00
CUR_HL601,Curitiba,4106902,0,URBS,022,https://moovitapp.com/index/pt-br/transporte_p%C3%BAblico-line-022_INTER_2_HOR%C3%81RIO-Curitiba-942-9628-381388-0,-1.0,-25.538031,-49.307211,,False,4,,2023-06-19T16:50:23.787591+00:00
CUR_JL310,Curitiba,4106902,0,URBS,022,https://moovitapp.com/index/pt-br/transporte_p%C3%BAblico-line-022_INTER_2_HOR%C3%81RIO-Curitiba-942-9628-381388-0,-1.0,-25.448621,-49.366221,,False,3,,2023-06-19T16:50:23.787591+00:00
CUR_BL607,Curitiba,4106902,0,URBS,022,https://moovitapp.com/index/pt-br/transporte_p%C3%BAblico-line-022_INTER_2_HOR%C3%81RIO-Curitiba-942-9628-381388-0,-1.0,-25.412046,-49.247036,,False,4,,2023-06-19T16:49:23.787591+00:00
CUR_BL601,Curitiba,4106902,0,URBS,022,https://moovitapp.com/index/pt-br/transporte_p%C3%BAblico-line-022_INTER_2_HOR%C3%81RIO-Curitiba-942-9628-381388-0,-1.0,-25.418893,-49.26927,,False,4,,2023-06-19T16:49:23.787591+00:00
CUR_BL602,Curitiba,4106902,0,URBS,022,https://moovitapp.com/index/pt-br/transporte_p%C3%BAblico-line-022_INTER_2_HOR%C3%81RIO-Curitiba-942-9628-381388-0,-1.0,-25.415183,-49.280775,,False,4,,2023-06-19T16:50:23.787591+00:00
CUR_BL326,Curitiba,4106902,0,URBS,022,https://moovitapp.com/index/pt-br/transporte_p%C3%BAblico-line-022_INTER_2_HOR%C3%81RIO-Curitiba-942-9628-381388-0,-1.0,-25.41525,-49.28131,,False,3,,2023-06-19T16:49:23.787591+00:00
CUR_BL300,Curitiba,4106902,0,URBS,022,https://moovitapp.com/index/pt-br/transporte_p%C3%BAblico-line-022_INTER_2_HOR%C3%81RIO-Curitiba-942-9628-381388-0,-1.0,-25.414848,-49.280996,,False,3,,2023-06-19T16:49:23.787591+00:00
CUR_BL337,Curitiba,4106902,0,URBS,022,https://moovitapp.com/index/pt-br/transporte_p%C3%BAblico-line-022_INTER_2_HOR%C3%81RIO-Curitiba-942-9628-381388-0,-1.0,-25.4152,-49.281278,,False,3,,2023-06-19T16:49:23.787591+00:00
CUR_BL334,Curitiba,4106902,0,URBS,022,https://moovitapp.com/index/pt-br/transporte_p%C3%BAblico-line-022_INTER_2_HOR%C3%81RIO-Curitiba-942-9628-381388-0,-1.0,-25.41514,-49.280793,,False,3,,2023-06-19T16:50:23.787591+00:00
CUR_BL610,Curitiba,4106902,0,URBS,022,https://moovitapp.com/index/pt-br/transporte_p%C3%BAblico-line-022_INTER_2_HOR%C3%81RIO-Curitiba-942-9628-381388-0,-1.0,-25.414593,-49.281218,,False,4,,2023-06-19T16:48:23.787591+00:00
CUR_BL320,Curitiba,4106902,0,URBS,022,https://moovitapp.com/index/pt-br/transporte_p%C3%BAblico-line-022_INTER_2_HOR%C3%81RIO-Curitiba-942-9628-381388-0,-1.0,-25.415208,-49.281305,,False,3,,2023-06-19T16:49:23.787591+00:00
CUR_JA033,Curitiba,4106902,1,,860,,,-25.449281,-49.366128,,False,1,1,2023-06-19T16:50:23.787591+00:00
CUR_JA037,Curitiba,4106902,1,,860,,,-25.451226,-49.350758,,False,1,1,2023-06-19T16:50:23.787591+00:00
CUR_JI018,Curitiba,4106902,1,,860,,,-25.441283,-49.284203,,False,1,1,2023-06-19T16:49:23.787591+00:00
CUR_JC011,Curitiba,4106902,1,,860,,,-25.44935,-49.366776,,False,1,1,2023-06-19T16:50:23.787591+00:00
CUR_JA036,Curitiba,4106902,1,,860,,,-25.444193,-49.339838,,False,1,2,2023-06-19T16:50:23.787591+00:00
CUR_BC301,Curitiba,4106902,1,,205,,,-25.411653,-49.254616,,False,3,2,2023-06-19T16:50:23.787591+00:00
CUR_BC307,Curitiba,4106902,1,,205,,,-25.377738,-49.262363,,False,3,1,2023-06-19T16:50:23.787591+00:00
CUR_BC280,Curitiba,4106902,1,,205,,,-25.40443,-49.258108,,False,1,1,2023-06-19T16:50:23.787591+00:00
CUR_BC302,Curitiba,4106902,1,,205,,,-25.394863,-49.242891,,False,3,1,2023-06-19T16:49:23.787591+00:00
CUR_GI027,Curitiba,4106902,1,,631,,,-25.512401,-49.295211,,False,1,,2023-06-19T16:49:23.787591+00:00
CUR_GA002,Curitiba,4106902,1,,631,,,-25.548148,-49.291926,,False,1,,2023-06-19T16:50:23.787591+00:00
CUR_BI857,Curitiba,4106902,1,,311,,,-25.439808,-49.222128,,False,7,2,2023-06-19T16:50:23.787591+00:00
CUR_EI002,Curitiba,4106902,1,,523,,,-25.50249,-49.222778,,False,1,1,2023-06-19T16:49:23.787591+00:00
CUR_HI027,Curitiba,4106902,1,,630,,,-25.524166,-49.292946,,False,1,1,2023-06-19T16:49:23.787591+00:00
CUR_HI032,Curitiba,4106902,1,,630,,,-25.539428,-49.30772,,False,1,1,2023-06-19T16:50:23.787591+00:00
CUR_HI043,Curitiba,4106902,1,,630,,,-25.534625,-49.317063,,False,1,1,2023-06-19T16:49:23.787591+00:00
CUR_HA016,Curitiba,4106902,1,,630,,,-25.539021,-49.307825,,False,1,1,2023-06-19T16:50:23.787591+00:00
CUR_BB308,Curitiba,4106902,1,,011,,,-25.454383,-49.275816,,False,10,,2023-06-19T16:49:23.787591+00:00
CUR_BB305,Curitiba,4106902,1,,011,,,-25.416388,-49.269086,,False,10,,2023-06-19T16:49:23.787591+00:00
CUR_BB309,Curitiba,4106902,1,,011,,,-25.415175,-49.280565,,False,10,,2023-06-19T16:49:23.787591+00:00
CUR_CC302,Curitiba,4106902,1,,380,,,-25.433916,-49.282756,,False,10,1,2023-06-19T16:49:23.787591+00:00
CUR_CC301,Curitiba,4106902,1,,380,,,-25.381986,-49.185853,,False,10,2,2023-06-19T16:50:23.787591+00:00
CUR_HC304,Curitiba,4106902,1,,380,,,-25.428278,-49.26642,,False,10,2,2023-06-19T16:49:23.787591+00:00
CUR_CI006,Curitiba,4106902,1,,380,,,-25.428848,-49.224838,,False,1,1,2023-06-19T16:49:23.787591+00:00
CUR_BI005,Curitiba,4106902,1,,374,,,-25.417791,-49.243225,,False,1,1,2023-06-19T16:49:23.787591+00:00
CUR_BI001,Curitiba,4106902,1,,374,,,-25.412056,-49.226441,,False,1,2,2023-06-19T16:50:23.787591+00:00
CUR_BI029,Curitiba,4106902,1,,827,,,-25.443386,-49.36373,,False,1,2,2023-06-19T16:50:23.787591+00:00
CUR_DA292,Curitiba,4106902,1,,513,,,-25.484341,-49.250393,,False,1,1,2023-06-19T16:50:23.787591+00:00
CUR_DC085,Curitiba,4106902,1,,513,,,-25.514631,-49.243693,,False,1,2,2023-06-19T16:50:23.787591+00:00
CUR_GC006,Curitiba,4106902,1,,513,,,-25.54941,-49.290245,,False,1,2,2023-06-19T16:49:23.787591+00:00
CUR_GI013,Curitiba,4106902,1,,513,,,-25.549666,-49.292166,,False,1,2,2023-06-19T16:50:23.787591+00:00
CUR_BL317,Curitiba,4106902,0,URBS,505,https://moovitapp.com/index/pt-br/transporte_p%C3%BAblico-line-505_BOQUEIR%C3%83O_CENTRO_C%C3%8DVICO-Curitiba-942-9628-531685-0,-1.0,-25.48472,-49.24577,,False,3,2,2023-06-19T16:49:23.787591+00:00
CUR_EL320,Curitiba,4106902,1,URBS,505,https://moovitapp.com/index/pt-br/transporte_p%C3%BAblico-line-505_BOQUEIR%C3%83O_CENTRO_C%C3%8DVICO-Curitiba-942-9628-531685-0,-1.0,-25.435065,-49.262806,,False,3,1,2023-06-19T16:50:23.787591+00:00
CUR_EL321,Curitiba,4106902,1,URBS,505,https://moovitapp.com/index/pt-br/transporte_p%C3%BAblico-line-505_BOQUEIR%C3%83O_CENTRO_C%C3%8DVICO-Curitiba-942-9628-531685-0,-1.0,-25.481216,-49.246918,,False,3,1,2023-06-19T16:49:23.787591+00:00
CUR_EL331,Curitiba,4106902,1,URBS,505,https://moovitapp.com/index/pt-br/transporte_p%C3%BAblico-line-505_BOQUEIR%C3%83O_CENTRO_C%C3%8DVICO-Curitiba-942-9628-531685-0,-1.0,-25.42685,-49.265278,,False,3,2,2023-06-19T16:50:23.787591+00:00
CUR_EL306,Curitiba,4106902,0,URBS,505,https://moovitapp.com/index/pt-br/transporte_p%C3%BAblico-line-505_BOQUEIR%C3%83O_CENTRO_C%C3%8DVICO-Curitiba-942-9628-531685-0,-1.0,-25.417766,-49.268385,,False,3,2,2023-06-19T16:50:23.787591+00:00
CUR_BL310,Curitiba,4106902,0,URBS,505,https://moovitapp.com/index/pt-br/transporte_p%C3%BAblico-line-505_BOQUEIR%C3%83O_CENTRO_C%C3%8DVICO-Curitiba-942-9628-531685-0,-1.0,-25.415028,-49.28051,,False,3,2,2023-06-19T16:49:23.787591+00:00
CUR_EL317,Curitiba,4106902,0,URBS,505,https://moovitapp.com/index/pt-br/transporte_p%C3%BAblico-line-505_BOQUEIR%C3%83O_CENTRO_C%C3%8DVICO-Curitiba-942-9628-531685-0,-1.0,-25.516371,-49.23076,,False,3,1,2023-06-19T16:49:23.787591+00:00
CUR_EL322,Curitiba,4106902,1,URBS,505,https://moovitapp.com/index/pt-br/transporte_p%C3%BAblico-line-505_BOQUEIR%C3%83O_CENTRO_C%C3%8DVICO-Curitiba-942-9628-531685-0,-1.0,-25.468313,-49.255368,,False,3,2,2023-06-19T16:50:23.787591+00:00
CUR_EL333,Curitiba,4106902,1,URBS,505,https://moovitapp.com/index/pt-br/transporte_p%C3%BAblico-line-505_BOQUEIR%C3%83O_CENTRO_C%C3%8DVICO-Curitiba-942-9628-531685-0,-1.0,-25.46751,-49.256275,,False,3,1,2023-06-19T16:49:23.787591+00:00
CUR_BL338,Curitiba,4106902,0,URBS,505,https://moovitapp.com/index/pt-br/transporte_p%C3%BAblico-line-505_BOQUEIR%C3%83O_CENTRO_C%C3%8DVICO-Curitiba-942-9628-531685-0,-1.0,-25.414598,-49.280808,,False,3,1,2023-06-19T16:49:23.787591+00:00
CUR_BL302,Curitiba,4106902,0,URBS,505,https://moovitapp.com/index/pt-br/transporte_p%C3%BAblico-line-505_BOQUEIR%C3%83O_CENTRO_C%C3%8DVICO-Curitiba-942-9628-531685-0,-1.0,-25.414688,-49.28082,,False,3,2,2023-06-19T16:49:23.787591+00:00
CUR_BL333,Curitiba,4106902,0,URBS,505,https://moovitapp.com/index/pt-br/transporte_p%C3%BAblico-line-505_BOQUEIR%C3%83O_CENTRO_C%C3%8DVICO-Curitiba-942-9628-531685-0,-1.0,-25.415418,-49.280835,,False,3,2,2023-06-19T16:49:23.787591+00:00
CUR_BL322,Curitiba,4106902,0,URBS,505,https://moovitapp.com/index/pt-br/transporte_p%C3%BAblico-line-505_BOQUEIR%C3%83O_CENTRO_C%C3%8DVICO-Curitiba-942-9628-531685-0,-1.0,-25.41518,-49.281221,,False,3,2,2023-06-19T16:49:23.787591+00:00
CUR_HC300,Curitiba,4106902,1,,863,,,-25.450181,-49.277188,,False,10,1,2023-06-19T16:50:23.787591+00:00
CUR_HC011,Curitiba,4106902,1,,863,,,-25.439866,-49.273078,,False,1,2,2023-06-19T16:50:23.787591+00:00
CUR_BA002,Curitiba,4106902,1,,375,,,-25.419095,-49.206768,,False,1,2,2023-06-19T16:49:23.787591+00:00
CUR_BC018,Curitiba,4106902,1,,375,,,-25.415233,-49.280666,,False,1,2,2023-06-19T16:50:23.787591+00:00
CUR_EA021,Curitiba,4106902,1,,521,,,-25.50193,-49.239956,,False,1,1,2023-06-19T16:49:23.787591+00:00
CUR_MI853,Curitiba,4106902,1,,967,,,-25.40079,-49.303903,,False,7,1,2023-06-19T16:49:23.787591+00:00
CUR_MA949,Curitiba,4106902,1,,967,,,-25.423016,-49.282356,,False,7,2,2023-06-19T16:50:23.787591+00:00
CUR_HI613,Curitiba,4106902,1,,684,,,-25.555805,-49.30628,,False,4,2,2023-06-19T16:49:23.787591+00:00
CUR_HA132,Curitiba,4106902,1,,684,,,-25.539763,-49.307741,,False,1,1,2023-06-19T16:50:23.787591+00:00
CUR_HA619,Curitiba,4106902,1,,684,,,-25.572413,-49.326455,,False,4,1,2023-06-19T16:49:23.787591+00:00
CUR_HA613,Curitiba,4106902,1,,684,,,-25.538661,-49.307686,,False,4,1,2023-06-19T16:49:23.787591+00:00
CUR_HA604,Curitiba,4106902,1,,684,,,-25.53933,-49.30702,,False,4,1,2023-06-19T16:46:23.787591+00:00
CUR_HA618,Curitiba,4106902,1,,684,,,-25.579868,-49.335011,,False,4,1,2023-06-19T16:50:23.787591+00:00
CUR_HI611,Curitiba,4106902,1,,684,,,-25.523473,-49.29317,,False,4,1,2023-06-19T16:48:23.787591+00:00
CUR_HR407,Curitiba,4106902,1,,684,,,-25.538823,-49.307615,,False,4,1,2023-06-19T16:50:23.787591+00:00
CUR_HR408,Curitiba,4106902,1,,684,,,-25.538985,-49.307355,,False,4,2,2023-06-19T16:49:23.787591+00:00
CUR_BI891,Curitiba,4106902,1,,244,,,-25.372873,-49.262861,,False,7,2,2023-06-19T16:50:23.787591+00:00
CUR_CL303,Curitiba,4106902,0,URBS,307,https://moovitapp.com/index/pt-br/transporte_p%C3%BAblico-line-307_BAIRRO_ALTO_SANTA_FELICIDADE-Curitiba-942-9628-1323712-0,-1.0,-25.42234,-49.2538,,False,3,1,2023-06-19T16:49:23.787591+00:00
CUR_ML308,Curitiba,4106902,0,URBS,307,https://moovitapp.com/index/pt-br/transporte_p%C3%BAblico-line-307_BAIRRO_ALTO_SANTA_FELICIDADE-Curitiba-942-9628-1323712-0,-1.0,-25.42639,-49.2873,,False,3,2,2023-06-19T16:49:23.787591+00:00
CUR_CL302,Curitiba,4106902,0,URBS,307,https://moovitapp.com/index/pt-br/transporte_p%C3%BAblico-line-307_BAIRRO_ALTO_SANTA_FELICIDADE-Curitiba-942-9628-1323712-0,-1.0,-25.38119,-49.186206,,False,3,2,2023-06-19T16:49:23.787591+00:00
CUR_CL039,Curitiba,4106902,0,URBS,307,https://moovitapp.com/index/pt-br/transporte_p%C3%BAblico-line-307_BAIRRO_ALTO_SANTA_FELICIDADE-Curitiba-942-9628-1323712-0,-1.0,-25.430768,-49.203905,,False,3,1,2023-06-19T16:50:23.787591+00:00
CUR_CL306,Curitiba,4106902,0,URBS,307,https://moovitapp.com/index/pt-br/transporte_p%C3%BAblico-line-307_BAIRRO_ALTO_SANTA_FELICIDADE-Curitiba-942-9628-1323712-0,-1.0,-25.420248,-49.20258,,False,3,1,2023-06-19T16:49:23.787591+00:00
CUR_ML307,Curitiba,4106902,0,URBS,307,https://moovitapp.com/index/pt-br/transporte_p%C3%BAblico-line-307_BAIRRO_ALTO_SANTA_FELICIDADE-Curitiba-942-9628-1323712-0,-1.0,-25.401271,-49.329718,,False,3,2,2023-06-19T16:50:23.787591+00:00
CUR_BL328,Curitiba,4106902,0,URBS,307,https://moovitapp.com/index/pt-br/transporte_p%C3%BAblico-line-307_BAIRRO_ALTO_SANTA_FELICIDADE-Curitiba-942-9628-1323712-0,-1.0,-25.425535,-49.259961,,False,3,2,2023-06-19T16:48:23.787591+00:00
CUR_ML313,Curitiba,4106902,0,URBS,307,https://moovitapp.com/index/pt-br/transporte_p%C3%BAblico-line-307_BAIRRO_ALTO_SANTA_FELICIDADE-Curitiba-942-9628-1323712-0,-1.0,-25.419403,-49.2944,,False,3,2,2023-06-19T16:49:23.787591+00:00
CUR_ML312,Curitiba,4106902,0,URBS,307,https://moovitapp.com/index/pt-br/transporte_p%C3%BAblico-line-307_BAIRRO_ALTO_SANTA_FELICIDADE-Curitiba-942-9628-1323712-0,-1.0,-25.431151,-49.204723,,False,3,2,2023-06-19T16:48:23.787591+00:00
CUR_BL325,Curitiba,4106902,0,URBS,307,https://moovitapp.com/index/pt-br/transporte_p%C3%BAblico-line-307_BAIRRO_ALTO_SANTA_FELICIDADE-Curitiba-942-9628-1323712-0,-1.0,-25.407975,-49.32289,,False,3,1,2023-06-19T16:49:23.787591+00:00
CUR_EI016,Curitiba,4106902,1,,532,,,-25.517306,-49.230638,,False,1,2,2023-06-19T16:50:23.787591+00:00
CUR_EA023,Curitiba,4106902,1,,532,,,-25.468603,-49.255868,,False,1,2,2023-06-19T16:49:23.787591+00:00
CUR_EA016,Curitiba,4106902,1,,532,,,-25.468946,-49.25558,,False,1,1,2023-06-19T16:49:23.787591+00:00
CUR_HI025,Curitiba,4106902,1,,655,,,-25.562826,-49.315396,,False,1,2,2023-06-19T16:50:23.787591+00:00
CUR_HA005,Curitiba,4106902,1,,655,,,-25.521433,-49.294195,,False,1,1,2023-06-19T16:48:23.787591+00:00
CUR_BA034,Curitiba,4106902,1,,342,,,-25.389008,-49.201718,,False,1,2,2023-06-19T16:50:23.787591+00:00
CUR_BI010,Curitiba,4106902,1,,342,,,-25.389053,-49.204446,,False,1,2,2023-06-19T16:49:23.787591+00:00
CUR_BI012,Curitiba,4106902,1,,342,,,-25.394633,-49.241878,,False,1,1,2023-06-19T16:49:23.787591+00:00
CUR_BI018,Curitiba,4106902,1,,232,,,-25.376565,-49.224938,,False,1,1,2023-06-19T16:50:23.787591+00:00
CUR_BI017,Curitiba,4106902,1,,232,,,-25.353555,-49.232158,,False,1,1,2023-06-19T16:50:23.787591+00:00
CUR_BI006,Curitiba,4106902,1,,232,,,-25.39477,-49.242803,,False,1,1,2023-06-19T16:50:23.787591+00:00
CUR_BA028,Curitiba,4106902,1,,232,,,-25.394303,-49.242456,,False,1,1,2023-06-19T16:49:23.787591+00:00
CUR_DA296,Curitiba,4106902,1,,332,,,-25.470033,-49.207846,,False,1,,2023-06-19T16:49:23.787591+00:00
CUR_EA077,Curitiba,4106902,1,,332,,,-25.468923,-49.255586,,False,1,,2023-06-19T16:49:23.787591+00:00
CUR_HI001,Curitiba,4106902,1,,628,,,-25.520331,-49.329025,,False,1,2,2023-06-19T16:50:23.787591+00:00
CUR_HI034,Curitiba,4106902,1,,628,,,-25.509706,-49.322851,,False,1,1,2023-06-19T16:50:23.787591+00:00
CUR_HI002,Curitiba,4106902,1,,628,,,-25.539096,-49.307818,,False,1,1,2023-06-19T16:50:23.787591+00:00
CUR_HI044,Curitiba,4106902,1,,628,,,-25.538871,-49.308006,,False,1,2,2023-06-19T16:49:23.787591+00:00
CUR_JL320,Curitiba,4106902,1,URBS,702,https://moovitapp.com/index/pt-br/transporte_p%C3%BAblico-line-702_CAIU%C3%81_CACHOEIRA-Curitiba-942-9628-133282980-0,-1.0,-25.416671,-49.268421,,False,3,2,2023-06-19T16:50:23.787591+00:00
CUR_JL303,Curitiba,4106902,0,URBS,702,https://moovitapp.com/index/pt-br/transporte_p%C3%BAblico-line-702_CAIU%C3%81_CACHOEIRA-Curitiba-942-9628-133282980-0,-1.0,-25.384201,-49.261716,,False,3,2,2023-06-19T16:50:23.787591+00:00
CUR_JL322,Curitiba,4106902,1,URBS,702,https://moovitapp.com/index/pt-br/transporte_p%C3%BAblico-line-702_CAIU%C3%81_CACHOEIRA-Curitiba-942-9628-133282980-0,-1.0,-25.477245,-49.327855,,False,3,2,2023-06-19T16:49:23.787591+00:00
CUR_JL311,Curitiba,4106902,0,URBS,702,https://moovitapp.com/index/pt-br/transporte_p%C3%BAblico-line-702_CAIU%C3%81_CACHOEIRA-Curitiba-942-9628-133282980-0,-1.0,-25.448631,-49.36617,,False,3,2,2023-06-19T16:47:23.787591+00:00
CUR_JL319,Curitiba,4106902,0,URBS,702,https://moovitapp.com/index/pt-br/transporte_p%C3%BAblico-line-702_CAIU%C3%81_CACHOEIRA-Curitiba-942-9628-133282980-0,-1.0,-25.448638,-49.36628,,False,3,2,2023-06-19T16:49:23.787591+00:00
CUR_JL302,Curitiba,4106902,0,URBS,702,https://moovitapp.com/index/pt-br/transporte_p%C3%BAblico-line-702_CAIU%C3%81_CACHOEIRA-Curitiba-942-9628-133282980-0,-1.0,-25.46302,-49.305221,,False,3,2,2023-06-19T16:48:23.787591+00:00
CUR_HI859,Curitiba,4106902,1,,865,,,-25.449778,-49.318771,,False,7,2,2023-06-19T16:50:23.787591+00:00
CUR_JL321,Curitiba,4106902,1,URBS,304,https://moovitapp.com/index/pt-br/transporte_p%C3%BAblico-line-304_PINHAIS_CAMPO_COMPRIDO-Curitiba-942-9628-133282995-0,-1.0,-25.428706,-49.269295,,False,3,1,2023-06-19T16:50:23.787591+00:00
CUR_DL300,Curitiba,4106902,0,URBS,304,https://moovitapp.com/index/pt-br/transporte_p%C3%BAblico-line-304_PINHAIS_CAMPO_COMPRIDO-Curitiba-942-9628-133282995-0,-1.0,-25.467805,-49.254808,,False,3,2,2023-06-19T16:49:23.787591+00:00
CUR_DL313,Curitiba,4106902,0,URBS,304,https://moovitapp.com/index/pt-br/transporte_p%C3%BAblico-line-304_PINHAIS_CAMPO_COMPRIDO-Curitiba-942-9628-133282995-0,-1.0,-25.467631,-49.254961,,False,3,1,2023-06-19T16:49:23.787591+00:00
CUR_DL307,Curitiba,4106902,0,URBS,304,https://moovitapp.com/index/pt-br/transporte_p%C3%BAblico-line-304_PINHAIS_CAMPO_COMPRIDO-Curitiba-942-9628-133282995-0,-1.0,-25.467495,-49.255043,,False,3,2,2023-06-19T16:49:23.787591+00:00
CUR_DL304,Curitiba,4106902,0,URBS,304,https://moovitapp.com/index/pt-br/transporte_p%C3%BAblico-line-304_PINHAIS_CAMPO_COMPRIDO-Curitiba-942-9628-133282995-0,-1.0,-25.46756,-49.255023,,False,3,2,2023-06-19T16:50:23.787591+00:00
CUR_HL330,Curitiba,4106902,1,URBS,304,https://moovitapp.com/index/pt-br/transporte_p%C3%BAblico-line-304_PINHAIS_CAMPO_COMPRIDO-Curitiba-942-9628-133282995-0,-1.0,-25.5376,-49.30709,,False,3,2,2023-06-19T16:50:23.787591+00:00
CUR_DL310,Curitiba,4106902,0,URBS,304,https://moovitapp.com/index/pt-br/transporte_p%C3%BAblico-line-304_PINHAIS_CAMPO_COMPRIDO-Curitiba-942-9628-133282995-0,-1.0,-25.449616,-49.353825,,False,3,1,2023-06-19T16:50:23.787591+00:00
CUR_JL307,Curitiba,4106902,0,URBS,304,https://moovitapp.com/index/pt-br/transporte_p%C3%BAblico-line-304_PINHAIS_CAMPO_COMPRIDO-Curitiba-942-9628-133282995-0,-1.0,-25.435553,-49.302743,,False,3,1,2023-06-19T16:49:23.787591+00:00
CUR_HL324,Curitiba,4106902,0,URBS,304,https://moovitapp.com/index/pt-br/transporte_p%C3%BAblico-line-304_PINHAIS_CAMPO_COMPRIDO-Curitiba-942-9628-133282995-0,-1.0,-25.53744,-49.30714,,False,3,1,2023-06-19T16:49:23.787591+00:00
CUR_HL313,Curitiba,4106902,0,URBS,304,https://moovitapp.com/index/pt-br/transporte_p%C3%BAblico-line-304_PINHAIS_CAMPO_COMPRIDO-Curitiba-942-9628-133282995-0,-1.0,-25.537486,-49.306936,,False,3,2,2023-06-19T16:49:23.787591+00:00
CUR_DL303,Curitiba,4106902,0,URBS,304,https://moovitapp.com/index/pt-br/transporte_p%C3%BAblico-line-304_PINHAIS_CAMPO_COMPRIDO-Curitiba-942-9628-133282995-0,-1.0,-25.46777,-49.25485,,False,3,2,2023-06-19T16:49:23.787591+00:00
CUR_DC852,Curitiba,4106902,1,,466,,,-25.45429,-49.242478,,False,7,1,2023-06-19T16:50:23.787591+00:00
CUR_BC023,Curitiba,4106902,1,,373,,,-25.423325,-49.206383,,False,1,2,2023-06-19T16:47:23.787591+00:00
CUR_GE727,Curitiba,4106902,0,URBS,550,https://moovitapp.com/index/pt-br/transporte_p%C3%BAblico-line-550_LIGEIR%C3%83O_PINHEIRINHO_CARLOS_GOMES-Curitiba-942-9628-1254061-0,-1.0,-25.441411,-49.266948,,False,5,2,2023-06-19T16:50:23.787591+00:00
CUR_GE711,Curitiba,4106902,0,URBS,550,https://moovitapp.com/index/pt-br/transporte_p%C3%BAblico-line-550_LIGEIR%C3%83O_PINHEIRINHO_CARLOS_GOMES-Curitiba-942-9628-1254061-0,-1.0,-25.434276,-49.268955,,False,5,2,2023-06-19T16:49:23.787591+00:00
CUR_GE724,Curitiba,4106902,0,URBS,550,https://moovitapp.com/index/pt-br/transporte_p%C3%BAblico-line-550_LIGEIR%C3%83O_PINHEIRINHO_CARLOS_GOMES-Curitiba-942-9628-1254061-0,-1.0,-25.512711,-49.294626,,False,5,1,2023-06-19T16:49:23.787591+00:00
CUR_HE708,Curitiba,4106902,0,URBS,550,https://moovitapp.com/index/pt-br/transporte_p%C3%BAblico-line-550_LIGEIR%C3%83O_PINHEIRINHO_CARLOS_GOMES-Curitiba-942-9628-1254061-0,-1.0,-25.469133,-49.253765,,False,5,1,2023-06-19T16:50:23.787591+00:00
CUR_HE712,Curitiba,4106902,0,URBS,550,https://moovitapp.com/index/pt-br/transporte_p%C3%BAblico-line-550_LIGEIR%C3%83O_PINHEIRINHO_CARLOS_GOMES-Curitiba-942-9628-1254061-0,-1.0,-25.498463,-49.277673,,False,5,2,2023-06-19T16:49:23.787591+00:00
CUR_GE718,Curitiba,4106902,0,URBS,550,https://moovitapp.com/index/pt-br/transporte_p%C3%BAblico-line-550_LIGEIR%C3%83O_PINHEIRINHO_CARLOS_GOMES-Curitiba-942-9628-1254061-0,-1.0,-25.548926,-49.291751,,False,5,2,2023-06-19T16:48:23.787591+00:00
CUR_HE719,Curitiba,4106902,0,URBS,550,https://moovitapp.com/index/pt-br/transporte_p%C3%BAblico-line-550_LIGEIR%C3%83O_PINHEIRINHO_CARLOS_GOMES-Curitiba-942-9628-1254061-0,-1.0,-25.506683,-49.284173,,False,5,1,2023-06-19T16:49:23.787591+00:00
CUR_GE721,Curitiba,4106902,0,URBS,550,https://moovitapp.com/index/pt-br/transporte_p%C3%BAblico-line-550_LIGEIR%C3%83O_PINHEIRINHO_CARLOS_GOMES-Curitiba-942-9628-1254061-0,-1.0,-25.549113,-49.291768,,False,5,2,2023-06-19T16:49:23.787591+00:00
CUR_GE730,Curitiba,4106902,0,URBS,550,https://moovitapp.com/index/pt-br/transporte_p%C3%BAblico-line-550_LIGEIR%C3%83O_PINHEIRINHO_CARLOS_GOMES-Curitiba-942-9628-1254061-0,-1.0,-25.54952,-49.29097,,False,5,2,2023-06-19T16:49:23.787591+00:00
CUR_GE702,Curitiba,4106902,0,URBS,550,https://moovitapp.com/index/pt-br/transporte_p%C3%BAblico-line-550_LIGEIR%C3%83O_PINHEIRINHO_CARLOS_GOMES-Curitiba-942-9628-1254061-0,-1.0,-25.549461,-49.291531,,False,5,1,2023-06-19T16:49:23.787591+00:00
CUR_HE702,Curitiba,4106902,0,URBS,550,https://moovitapp.com/index/pt-br/transporte_p%C3%BAblico-line-550_LIGEIR%C3%83O_PINHEIRINHO_CARLOS_GOMES-Curitiba-942-9628-1254061-0,-1.0,-25.539601,-49.308131,,False,5,2,2023-06-19T16:50:23.787591+00:00
CUR_HE700,Curitiba,4106902,0,URBS,550,https://moovitapp.com/index/pt-br/transporte_p%C3%BAblico-line-550_LIGEIR%C3%83O_PINHEIRINHO_CARLOS_GOMES-Curitiba-942-9628-1254061-0,-1.0,-25.53954,-49.308118,,False,5,2,2023-06-19T16:50:23.787591+00:00
CUR_HE701,Curitiba,4106902,0,URBS,550,https://moovitapp.com/index/pt-br/transporte_p%C3%BAblico-line-550_LIGEIR%C3%83O_PINHEIRINHO_CARLOS_GOMES-Curitiba-942-9628-1254061-0,-1.0,-25.539173,-49.308198,,False,5,2,2023-06-19T16:50:23.787591+00:00
CUR_HE718,Curitiba,4106902,0,URBS,550,https://moovitapp.com/index/pt-br/transporte_p%C3%BAblico-line-550_LIGEIR%C3%83O_PINHEIRINHO_CARLOS_GOMES-Curitiba-942-9628-1254061-0,-1.0,-25.540106,-49.308395,,False,5,1,2023-06-19T16:49:23.787591+00:00
CUR_DC983,Curitiba,4106902,1,,323,,,-25.456526,-49.197206,,False,1,,2023-06-19T16:49:23.787591+00:00
CUR_EA075,Curitiba,4106902,1,,323,,,-25.468891,-49.255641,,False,1,,2023-06-19T16:49:23.787591+00:00
CUR_EA001,Curitiba,4106902,1,,323,,,-25.46875,-49.255741,,False,1,,2023-06-19T16:50:23.787591+00:00
CUR_JI023,Curitiba,4106902,1,,721,,,-25.504953,-49.348493,,False,1,1,2023-06-19T16:49:23.787591+00:00
CUR_JA023,Curitiba,4106902,1,,721,,,-25.4493,-49.366238,,False,1,1,2023-06-19T16:46:23.787591+00:00
CUR_JA024,Curitiba,4106902,1,,721,,,-25.44926,-49.366075,,False,1,2,2023-06-19T16:49:23.787591+00:00
CUR_GL308,Curitiba,4106902,0,URBS,506,https://moovitapp.com/index/pt-br/transporte_p%C3%BAblico-line-506_BAIRRO_NOVO-Curitiba-942-9628-294299-0,-1.0,-25.538431,-49.272013,,False,3,1,2023-06-19T16:49:23.787591+00:00
CUR_GL302,Curitiba,4106902,0,URBS,506,https://moovitapp.com/index/pt-br/transporte_p%C3%BAblico-line-506_BAIRRO_NOVO-Curitiba-942-9628-294299-0,-1.0,-25.43989,-49.271913,,False,3,2,2023-06-19T16:50:23.787591+00:00
CUR_EL315,Curitiba,4106902,0,URBS,506,https://moovitapp.com/index/pt-br/transporte_p%C3%BAblico-line-506_BAIRRO_NOVO-Curitiba-942-9628-294299-0,-1.0,-25.468255,-49.263813,,False,3,1,2023-06-19T16:50:23.787591+00:00
CUR_EL328,Curitiba,4106902,1,URBS,506,https://moovitapp.com/index/pt-br/transporte_p%C3%BAblico-line-506_BAIRRO_NOVO-Curitiba-942-9628-294299-0,-1.0,-25.524805,-49.268833,,False,3,1,2023-06-19T16:49:23.787591+00:00
CUR_EL327,Curitiba,4106902,1,URBS,506,https://moovitapp.com/index/pt-br/transporte_p%C3%BAblico-line-506_BAIRRO_NOVO-Curitiba-942-9628-294299-0,-1.0,-25.534626,-49.26858,,False,3,2,2023-06-19T16:49:23.787591+00:00
CUR_EL302,Curitiba,4106902,0,URBS,506,https://moovitapp.com/index/pt-br/transporte_p%C3%BAblico-line-506_BAIRRO_NOVO-Curitiba-942-9628-294299-0,-1.0,-25.46739,-49.256068,,False,3,1,2023-06-19T16:49:23.787591+00:00
CUR_EL330,Curitiba,4106902,1,URBS,506,https://moovitapp.com/index/pt-br/transporte_p%C3%BAblico-line-506_BAIRRO_NOVO-Curitiba-942-9628-294299-0,-1.0,-25.467503,-49.256011,,False,3,1,2023-06-19T16:49:23.787591+00:00
CUR_EL329,Curitiba,4106902,1,URBS,506,https://moovitapp.com/index/pt-br/transporte_p%C3%BAblico-line-506_BAIRRO_NOVO-Curitiba-942-9628-294299-0,-1.0,-25.460606,-49.26726,,False,3,2,2023-06-19T16:49:23.787591+00:00
CUR_GL323,Curitiba,4106902,0,URBS,506,https://moovitapp.com/index/pt-br/transporte_p%C3%BAblico-line-506_BAIRRO_NOVO-Curitiba-942-9628-294299-0,-1.0,-25.54913,-49.290696,,False,3,2,2023-06-19T16:49:23.787591+00:00
CUR_GL325,Curitiba,4106902,0,URBS,506,https://moovitapp.com/index/pt-br/transporte_p%C3%BAblico-line-506_BAIRRO_NOVO-Curitiba-942-9628-294299-0,-1.0,-25.549195,-49.290683,,False,3,2,2023-06-19T16:49:23.787591+00:00
CUR_GL317,Curitiba,4106902,0,URBS,506,https://moovitapp.com/index/pt-br/transporte_p%C3%BAblico-line-506_BAIRRO_NOVO-Curitiba-942-9628-294299-0,-1.0,-25.548918,-49.290801,,False,3,2,2023-06-19T16:50:23.787591+00:00
CUR_GL081,Curitiba,4106902,0,URBS,506,https://moovitapp.com/index/pt-br/transporte_p%C3%BAblico-line-506_BAIRRO_NOVO-Curitiba-942-9628-294299-0,-1.0,-25.549135,-49.290388,,False,3,1,2023-06-19T16:50:23.787591+00:00
CUR_GL322,Curitiba,4106902,0,URBS,506,https://moovitapp.com/index/pt-br/transporte_p%C3%BAblico-line-506_BAIRRO_NOVO-Curitiba-942-9628-294299-0,-1.0,-25.549081,-49.290718,,False,3,1,2023-06-19T16:49:23.787591+00:00
CUR_EL304,Curitiba,4106902,0,URBS,506,https://moovitapp.com/index/pt-br/transporte_p%C3%BAblico-line-506_BAIRRO_NOVO-Curitiba-942-9628-294299-0,-1.0,-25.46858,-49.25552,,False,3,2,2023-06-19T16:47:23.787591+00:00
CUR_EL307,Curitiba,4106902,0,URBS,506,https://moovitapp.com/index/pt-br/transporte_p%C3%BAblico-line-506_BAIRRO_NOVO-Curitiba-942-9628-294299-0,-1.0,-25.467596,-49.256645,,False,3,1,2023-06-19T16:50:23.787591+00:00
CUR_BC001,Curitiba,4106902,1,,183,,,-25.39183,-49.267916,,False,1,2,2023-06-19T16:49:23.787591+00:00
CUR_BC002,Curitiba,4106902,1,,183,,,-25.394943,-49.24293,,False,1,1,2023-06-19T16:50:23.787591+00:00
CUR_HI860,Curitiba,4106902,1,,674,,,-25.477606,-49.310295,,False,7,2,2023-06-19T16:49:23.787591+00:00
CUR_HC851,Curitiba,4106902,1,,674,,,-25.540256,-49.308538,,False,7,1,2023-06-19T16:49:23.787591+00:00
CUR_BB303,Curitiba,4106902,1,,010,,,-25.439905,-49.257638,,False,10,,2023-06-19T16:49:23.787591+00:00
CUR_BB302,Curitiba,4106902,1,,010,,,-25.4149,-49.279993,,False,10,,2023-06-19T16:50:23.787591+00:00
CUR_GI049,Curitiba,4106902,1,,642,,,-25.519718,-49.295486,,False,1,2,2023-06-19T16:49:23.787591+00:00
CUR_GC015,Curitiba,4106902,1,,642,,,-25.548516,-49.291453,,False,1,2,2023-06-19T16:50:23.787591+00:00
CUR_EI013,Curitiba,4106902,1,,663,,,-25.440163,-49.27178,,False,1,2,2023-06-19T16:50:23.787591+00:00
CUR_EI018,Curitiba,4106902,1,,663,,,-25.492021,-49.277688,,False,1,1,2023-06-19T16:50:23.787591+00:00
CUR_EI001,Curitiba,4106902,1,,561,,,-25.467815,-49.261831,,False,1,1,2023-06-19T16:50:23.787591+00:00
CUR_EA020,Curitiba,4106902,1,,561,,,-25.464645,-49.258806,,False,1,2,2023-06-19T16:50:23.787591+00:00
CUR_BI022,Curitiba,4106902,1,,225,,,-25.374715,-49.259756,,False,1,2,2023-06-19T16:49:23.787591+00:00
CUR_BA035,Curitiba,4106902,1,,225,,,-25.394678,-49.242691,,False,1,2,2023-06-19T16:50:23.787591+00:00
CUR_CI004,Curitiba,4106902,1,,341,,,-25.39899,-49.198318,,False,1,2,2023-06-19T16:50:23.787591+00:00
CUR_CI003,Curitiba,4106902,1,,341,,,-25.37735,-49.220668,,False,1,1,2023-06-19T16:49:23.787591+00:00
CUR_BI024,Curitiba,4106902,1,,341,,,-25.394248,-49.242173,,False,1,2,2023-06-19T16:50:23.787591+00:00
CUR_DA019,Curitiba,4106902,0,,322,,,-25.532426,-49.300238,,False,1,2,2023-06-19T16:50:23.787591+00:00
CUR_DA011,Curitiba,4106902,1,,322,,,-25.460628,-49.20658,,False,1,2,2023-06-19T16:49:23.787591+00:00
CUR_DC851,Curitiba,4106902,1,,461,,,-25.43876,-49.262496,,False,7,2,2023-06-19T16:50:23.787591+00:00
CUR_DA850,Curitiba,4106902,1,,461,,,-25.467528,-49.256146,,False,7,1,2023-06-19T16:49:23.787591+00:00
CUR_KI600,Curitiba,4106902,1,,629,,,-25.533798,-49.238016,,False,4,2,2023-06-19T16:49:23.787591+00:00
CUR_KA605,Curitiba,4106902,1,,629,,,-25.497355,-49.277381,,False,4,2,2023-06-19T16:49:23.787591+00:00
CUR_KA689,Curitiba,4106902,1,,629,,,-25.467276,-49.254631,,False,4,1,2023-06-19T16:49:23.787591+00:00
CUR_KA693,Curitiba,4106902,1,,629,,,-25.467606,-49.254668,,False,4,2,2023-06-19T16:49:23.787591+00:00
CUR_KI601,Curitiba,4106902,1,,629,,,-25.512276,-49.259233,,False,4,1,2023-06-19T16:49:23.787591+00:00
CUR_GI008,Curitiba,4106902,1,,665,,,-25.437863,-49.271171,,False,1,2,2023-06-19T16:50:23.787591+00:00
CUR_GI850,Curitiba,4106902,1,,665,,,-25.515451,-49.275955,,False,7,1,2023-06-19T16:49:23.787591+00:00
CUR_GC010,Curitiba,4106902,1,,665,,,-25.548683,-49.291405,,False,1,2,2023-06-19T16:49:23.787591+00:00
CUR_BC006,Curitiba,4106902,1,,168,,,-25.371413,-49.321306,,False,1,1,2023-06-19T16:49:23.787591+00:00
CUR_BC007,Curitiba,4106902,1,,168,,,-25.429651,-49.277958,,False,1,2,2023-06-19T16:49:23.787591+00:00
CUR_BI009,Curitiba,4106902,1,Auto Viação São José,211,https://moovitapp.com/index/pt-br/transporte_p%C3%BAblico-line-211_PIT_PRA%C3%87A_DA_JUVENTUDE_IZAURA_IP%C3%8A-Curitiba-942-857412-73553392-0,-1.0,-25.410628,-49.226893,,False,1,1,2023-06-19T16:49:23.787591+00:00
CUR_BI004,Curitiba,4106902,1,Auto Viação São José,211,https://moovitapp.com/index/pt-br/transporte_p%C3%BAblico-line-211_PIT_PRA%C3%87A_DA_JUVENTUDE_IZAURA_IP%C3%8A-Curitiba-942-857412-73553392-0,-1.0,-25.410843,-49.235773,,False,1,2,2023-06-19T16:49:23.787591+00:00
CUR_BI002,Curitiba,4106902,1,Auto Viação São José,211,https://moovitapp.com/index/pt-br/transporte_p%C3%BAblico-line-211_PIT_PRA%C3%87A_DA_JUVENTUDE_IZAURA_IP%C3%8A-Curitiba-942-857412-73553392-0,-1.0,-25.395115,-49.243108,,False,1,1,2023-06-19T16:45:23.787591+00:00
CUR_BI007,Curitiba,4106902,1,Auto Viação São José,211,https://moovitapp.com/index/pt-br/transporte_p%C3%BAblico-line-211_PIT_PRA%C3%87A_DA_JUVENTUDE_IZAURA_IP%C3%8A-Curitiba-942-857412-73553392-0,-1.0,-25.394976,-49.24239,,False,1,2,2023-06-19T16:50:23.787591+00:00
CUR_MI005,Curitiba,4106902,1,,821,,,-25.41919,-49.294733,,False,1,2,2023-06-19T16:49:23.787591+00:00
CUR_MI002,Curitiba,4106902,1,,821,,,-25.40254,-49.33467,,False,1,1,2023-06-19T16:49:23.787591+00:00
CUR_DN604,Curitiba,4106902,1,,465,,,-25.456146,-49.238145,,False,7,1,2023-06-19T16:49:23.787591+00:00
CUR_DA295,Curitiba,4106902,1,,474,,,-25.43582,-49.266415,,False,1,2,2023-06-19T16:49:23.787591+00:00
CUR_HI016,Curitiba,4106902,1,,650,,,-25.56429,-49.33587,,False,1,1,2023-06-19T16:50:23.787591+00:00
CUR_HA010,Curitiba,4106902,1,,650,,,-25.526193,-49.297761,,False,1,2,2023-06-19T16:50:23.787591+00:00
CUR_HA601,Curitiba,4106902,1,,650,,,-25.555118,-49.304983,,False,4,1,2023-06-19T16:49:23.787591+00:00
CUR_HA612,Curitiba,4106902,1,,650,,,-25.564353,-49.330583,,False,4,2,2023-06-19T16:50:23.787591+00:00
CUR_HA022,Curitiba,4106902,1,,650,,,-25.53892,-49.307878,,False,1,1,2023-06-19T16:38:23.787591+00:00
CUR_HI021,Curitiba,4106902,1,,646,,,-25.515128,-49.294035,,False,1,2,2023-06-19T16:50:23.787591+00:00
CUR_HA603,Curitiba,4106902,1,,646,,,-25.538938,-49.307568,,False,4,1,2023-06-19T16:50:23.787591+00:00
CUR_HC002,Curitiba,4106902,1,,646,,,-25.538376,-49.30766,,False,1,1,2023-06-19T16:49:23.787591+00:00
CUR_HR413,Curitiba,4106902,1,,646,,,-25.57671,-49.316626,,False,4,1,2023-06-19T16:47:23.787591+00:00
CUR_HA028,Curitiba,4106902,1,,646,,,-25.562958,-49.31542,,False,1,2,2023-06-19T16:50:23.787591+00:00
CUR_JI022,Curitiba,4106902,1,,658,,,-25.490236,-49.351605,,False,1,2,2023-06-19T16:50:23.787591+00:00
CUR_HI005,Curitiba,4106902,1,,658,,,-25.4956,-49.321926,,False,1,2,2023-06-19T16:50:23.787591+00:00
CUR_JA028,Curitiba,4106902,1,,658,,,-25.492508,-49.349406,,False,1,1,2023-06-19T16:50:23.787591+00:00
CUR_JI007,Curitiba,4106902,1,,658,,,-25.449001,-49.365255,,False,1,1,2023-06-19T16:49:23.787591+00:00
CUR_HI049,Curitiba,4106902,1,,658,,,-25.495353,-49.309705,,False,1,1,2023-06-19T16:48:23.787591+00:00
CUR_JA032,Curitiba,4106902,1,,658,,,-25.482351,-49.345213,,False,1,2,2023-06-19T16:44:23.787591+00:00
CUR_HI037,Curitiba,4106902,1,,658,,,-25.53999,-49.308648,,False,1,1,2023-06-19T16:49:23.787591+00:00
CUR_HI036,Curitiba,4106902,1,,658,,,-25.53921,-49.307861,,False,1,2,2023-06-19T16:50:23.787591+00:00
CUR_HA195,Curitiba,4106902,1,,658,,,-25.539158,-49.307781,,False,1,1,2023-06-19T16:49:23.787591+00:00
CUR_HI861,Curitiba,4106902,1,,658,,,-25.537146,-49.306908,,False,7,1,2023-06-19T16:50:23.787591+00:00
CUR_GI034,Curitiba,4106902,1,,636,,,-25.550138,-49.290973,,False,1,1,2023-06-19T16:49:23.787591+00:00
CUR_GI011,Curitiba,4106902,1,,636,,,-25.544735,-49.285735,,False,1,2,2023-06-19T16:50:23.787591+00:00
CUR_GI009,Curitiba,4106902,1,,649,,,-25.523578,-49.283255,,False,1,1,2023-06-19T16:50:23.787591+00:00
CUR_GI012,Curitiba,4106902,1,,649,,,-25.53188,-49.28017,,False,1,2,2023-06-19T16:49:23.787591+00:00
CUR_GC005,Curitiba,4106902,1,,649,,,-25.548815,-49.291271,,False,1,2,2023-06-19T16:50:23.787591+00:00
CUR_GI010,Curitiba,4106902,1,,640,,,-25.543883,-49.294273,,False,1,1,2023-06-19T16:50:23.787591+00:00
CUR_GA177,Curitiba,4106902,1,,640,,,-25.548165,-49.292176,,False,1,1,2023-06-19T16:49:23.787591+00:00
CUR_GI048,Curitiba,4106902,1,,640,,,-25.527765,-49.292145,,False,1,2,2023-06-19T16:49:23.787591+00:00
CUR_EI007,Curitiba,4106902,1,,522,,,-25.518801,-49.2552,,False,1,1,2023-06-19T16:50:23.787591+00:00
CUR_EA073,Curitiba,4106902,1,,522,,,-25.468473,-49.255476,,False,1,2,2023-06-19T16:50:23.787591+00:00
CUR_EA205,Curitiba,4106902,1,,471,,,-25.468695,-49.25549,,False,1,2,2023-06-19T16:50:23.787591+00:00
CUR_EA213,Curitiba,4106902,1,,471,,,-25.490415,-49.224591,,False,1,1,2023-06-19T16:50:23.787591+00:00
CUR_EI014,Curitiba,4106902,1,,533,,,-25.51665,-49.230851,,False,1,,2023-06-19T16:49:23.787591+00:00
CUR_EA008,Curitiba,4106902,1,,657,,,-25.508423,-49.269811,,False,1,1,2023-06-19T16:49:23.787591+00:00
CUR_EA010,Curitiba,4106902,1,,657,,,-25.491898,-49.293251,,False,1,2,2023-06-19T16:50:23.787591+00:00
CUR_KI002,Curitiba,4106902,1,,472,,,-25.468668,-49.239996,,False,1,2,2023-06-19T16:50:23.787591+00:00
CUR_KC002,Curitiba,4106902,1,,472,,,-25.466968,-49.255105,,False,1,1,2023-06-19T16:49:23.787591+00:00
CUR_BI880,Curitiba,4106902,1,,275,,,-25.377495,-49.247196,,False,7,2,2023-06-19T16:50:23.787591+00:00
CUR_BI876,Curitiba,4106902,1,,275,,,-25.41563,-49.262233,,False,7,1,2023-06-19T16:49:23.787591+00:00
CUR_BI863,Curitiba,4106902,1,,275,,,-25.394228,-49.242066,,False,7,2,2023-06-19T16:50:23.787591+00:00
CUR_BI861,Curitiba,4106902,1,,266,,,-25.399961,-49.257848,,False,7,2,2023-06-19T16:49:23.787591+00:00
CUR_BI887,Curitiba,4106902,1,,266,,,-25.39481,-49.242846,,False,7,1,2023-06-19T16:50:23.787591+00:00
CUR_KE708,Curitiba,4106902,0,URBS,502,https://moovitapp.com/index/pt-br/transporte_p%C3%BAblico-line-502_CIRCULAR_SUL_HOR%C3%81RIO-Curitiba-942-9628-294482-0,-1.0,-25.515526,-49.23074,,False,5,,2023-06-19T16:50:23.787591+00:00
CUR_HE609,Curitiba,4106902,0,URBS,502,https://moovitapp.com/index/pt-br/transporte_p%C3%BAblico-line-502_CIRCULAR_SUL_HOR%C3%81RIO-Curitiba-942-9628-294482-0,-1.0,-25.484125,-49.246065,,False,4,,2023-06-19T16:50:23.787591+00:00
CUR_HE615,Curitiba,4106902,0,URBS,502,https://moovitapp.com/index/pt-br/transporte_p%C3%BAblico-line-502_CIRCULAR_SUL_HOR%C3%81RIO-Curitiba-942-9628-294482-0,-1.0,-25.530866,-49.287558,,False,4,,2023-06-19T16:50:23.787591+00:00
CUR_GE612,Curitiba,4106902,0,URBS,502,https://moovitapp.com/index/pt-br/transporte_p%C3%BAblico-line-502_CIRCULAR_SUL_HOR%C3%81RIO-Curitiba-942-9628-294482-0,-1.0,-25.475235,-49.292566,,False,4,,2023-06-19T16:49:23.787591+00:00
CUR_GE603,Curitiba,4106902,0,URBS,502,https://moovitapp.com/index/pt-br/transporte_p%C3%BAblico-line-502_CIRCULAR_SUL_HOR%C3%81RIO-Curitiba-942-9628-294482-0,-1.0,-25.532561,-49.261956,,False,4,,2023-06-19T16:50:23.787591+00:00
CUR_KE847,Curitiba,4106902,0,URBS,502,https://moovitapp.com/index/pt-br/transporte_p%C3%BAblico-line-502_CIRCULAR_SUL_HOR%C3%81RIO-Curitiba-942-9628-294482-0,-1.0,-25.467185,-49.254848,,False,5,,2023-06-19T16:49:23.787591+00:00
CUR_KE701,Curitiba,4106902,0,URBS,502,https://moovitapp.com/index/pt-br/transporte_p%C3%BAblico-line-502_CIRCULAR_SUL_HOR%C3%81RIO-Curitiba-942-9628-294482-0,-1.0,-25.46698,-49.254886,,False,5,,2023-06-19T16:50:23.787591+00:00
CUR_HE603,Curitiba,4106902,0,URBS,502,https://moovitapp.com/index/pt-br/transporte_p%C3%BAblico-line-502_CIRCULAR_SUL_HOR%C3%81RIO-Curitiba-942-9628-294482-0,-1.0,-25.47482,-49.273083,,False,4,,2023-06-19T16:49:23.787591+00:00
CUR_GE604,Curitiba,4106902,0,URBS,502,https://moovitapp.com/index/pt-br/transporte_p%C3%BAblico-line-502_CIRCULAR_SUL_HOR%C3%81RIO-Curitiba-942-9628-294482-0,-1.0,-25.550346,-49.291636,,False,4,,2023-06-19T16:49:23.787591+00:00
CUR_KE704,Curitiba,4106902,0,URBS,502,https://moovitapp.com/index/pt-br/transporte_p%C3%BAblico-line-502_CIRCULAR_SUL_HOR%C3%81RIO-Curitiba-942-9628-294482-0,-1.0,-25.467705,-49.255885,,False,5,,2023-06-19T16:49:23.787591+00:00
CUR_GE605,Curitiba,4106902,0,URBS,502,https://moovitapp.com/index/pt-br/transporte_p%C3%BAblico-line-502_CIRCULAR_SUL_HOR%C3%81RIO-Curitiba-942-9628-294482-0,-1.0,-25.549553,-49.29172,,False,4,,2023-06-19T16:50:23.787591+00:00
CUR_GE610,Curitiba,4106902,0,URBS,502,https://moovitapp.com/index/pt-br/transporte_p%C3%BAblico-line-502_CIRCULAR_SUL_HOR%C3%81RIO-Curitiba-942-9628-294482-0,-1.0,-25.55006,-49.291875,,False,4,,2023-06-19T16:50:23.787591+00:00
CUR_HE613,Curitiba,4106902,0,URBS,502,https://moovitapp.com/index/pt-br/transporte_p%C3%BAblico-line-502_CIRCULAR_SUL_HOR%C3%81RIO-Curitiba-942-9628-294482-0,-1.0,-25.503868,-49.295888,,False,4,,2023-06-19T16:48:23.787591+00:00
CUR_GI055,Curitiba,4106902,1,,624,,,-25.500491,-49.291095,,False,1,2,2023-06-19T16:49:23.787591+00:00
CUR_GI045,Curitiba,4106902,1,,625,,,-25.529193,-49.261738,,False,1,1,2023-06-19T16:50:23.787591+00:00
CUR_GI018,Curitiba,4106902,1,,625,,,-25.518496,-49.276941,,False,1,1,2023-06-19T16:49:23.787591+00:00
CUR_GI043,Curitiba,4106902,1,,625,,,-25.506923,-49.284636,,False,1,2,2023-06-19T16:50:23.787591+00:00
CUR_GI041,Curitiba,4106902,1,,625,,,-25.492866,-49.291316,,False,1,2,2023-06-19T16:50:23.787591+00:00
CUR_GI024,Curitiba,4106902,1,,625,,,-25.549716,-49.291413,,False,1,1,2023-06-19T16:50:23.787591+00:00
CUR_GI035,Curitiba,4106902,1,,625,,,-25.550046,-49.291553,,False,1,2,2023-06-19T16:50:23.787591+00:00
CUR_GI025,Curitiba,4106902,1,,534,,,-25.531303,-49.258871,,False,1,1,2023-06-19T16:50:23.787591+00:00
CUR_GI028,Curitiba,4106902,1,,534,,,-25.524215,-49.245571,,False,1,2,2023-06-19T16:49:23.787591+00:00
CUR_GA179,Curitiba,4106902,1,,534,,,-25.548136,-49.292108,,False,1,1,2023-06-19T16:49:23.787591+00:00
CUR_GI023,Curitiba,4106902,1,,683,,,-25.560601,-49.26869,,False,1,2,2023-06-19T16:50:23.787591+00:00
CUR_JI859,Curitiba,4106902,1,,760,,,-25.436053,-49.271375,,False,7,2,2023-06-19T16:49:23.787591+00:00
CUR_HA024,Curitiba,4106902,1,,653,,,-25.49869,-49.353101,,False,1,1,2023-06-19T16:49:23.787591+00:00
CUR_HA023,Curitiba,4106902,1,,653,,,-25.51158,-49.32436,,False,1,2,2023-06-19T16:49:23.787591+00:00
CUR_HI299,Curitiba,4106902,1,,653,,,-25.539336,-49.307835,,False,1,2,2023-06-19T16:48:23.787591+00:00
CUR_HI033,Curitiba,4106902,1,,680,,,-25.580388,-49.31758,,False,1,2,2023-06-19T16:50:23.787591+00:00
CUR_HI009,Curitiba,4106902,1,,680,,,-25.539211,-49.307776,,False,1,2,2023-06-19T16:50:23.787591+00:00
CUR_HA017,Curitiba,4106902,1,,680,,,-25.539411,-49.307846,,False,1,1,2023-06-19T16:50:23.787591+00:00
CUR_HA031,Curitiba,4106902,1,,680,,,-25.539513,-49.307856,,False,1,1,2023-06-19T16:50:23.787591+00:00
CUR_HI011,Curitiba,4106902,1,,680,,,-25.53947,-49.307803,,False,1,1,2023-06-19T16:49:23.787591+00:00
CUR_HI026,Curitiba,4106902,1,,680,,,-25.547976,-49.30389,,False,1,1,2023-06-19T16:50:23.787591+00:00
CUR_HA030,Curitiba,4106902,1,,659,,,-25.514808,-49.293956,,False,1,2,2023-06-19T16:49:23.787591+00:00
CUR_HI024,Curitiba,4106902,1,,659,,,-25.615691,-49.343918,,False,1,2,2023-06-19T16:40:23.787591+00:00
CUR_BI873,Curitiba,4106902,1,,184,,,-25.387368,-49.267558,,False,7,1,2023-06-19T16:50:23.787591+00:00
CUR_BI884,Curitiba,4106902,1,,184,,,-25.39457,-49.242633,,False,7,1,2023-06-19T16:49:23.787591+00:00
CUR_BC322,Curitiba,4106902,1,,170,,,-25.383341,-49.2922,,False,3,2,2023-06-19T16:48:23.787591+00:00
CUR_BC321,Curitiba,4106902,1,,170,,,-25.422575,-49.274416,,False,3,1,2023-06-19T16:50:23.787591+00:00
CUR_BC300,Curitiba,4106902,1,,170,,,-25.415035,-49.281233,,False,3,1,2023-06-19T16:47:23.787591+00:00
CUR_BC029,Curitiba,4106902,1,,170,,,-25.415471,-49.281316,,False,1,2,2023-06-19T16:50:23.787591+00:00
CUR_DA293,Curitiba,4106902,1,,621,,,-25.492083,-49.293221,,False,1,2,2023-06-19T16:50:23.787591+00:00
CUR_DC093,Curitiba,4106902,1,,621,,,-25.47552,-49.258811,,False,1,2,2023-06-19T16:50:23.787591+00:00
CUR_DA291,Curitiba,4106902,1,,621,,,-25.474205,-49.258233,,False,1,1,2023-06-19T16:50:23.787591+00:00
CUR_EA013,Curitiba,4106902,1,,621,,,-25.469078,-49.255475,,False,1,1,2023-06-19T16:49:23.787591+00:00
CUR_BA032,Curitiba,4106902,1,,233,,,-25.370896,-49.216903,,False,1,,2023-06-19T16:49:23.787591+00:00
CUR_BA020,Curitiba,4106902,1,,233,,,-25.399263,-49.212756,,False,1,,2023-06-19T16:50:23.787591+00:00
CUR_BI878,Curitiba,4106902,1,,280,,,-25.385006,-49.240433,,False,7,1,2023-06-19T16:50:23.787591+00:00
CUR_BI866,Curitiba,4106902,1,,280,,,-25.419056,-49.262985,,False,7,2,2023-06-19T16:49:23.787591+00:00
CUR_BI855,Curitiba,4106902,1,,169,,,-25.402291,-49.276791,,False,7,1,2023-06-19T16:49:23.787591+00:00
CUR_BI897,Curitiba,4106902,1,,169,,,-25.39835,-49.281483,,False,7,2,2023-06-19T16:50:23.787591+00:00
CUR_DC292,Curitiba,4106902,1,,462,,,-25.43578,-49.271015,,False,1,1,2023-06-19T16:49:23.787591+00:00
CUR_DA297,Curitiba,4106902,1,,462,,,-25.439276,-49.250101,,False,1,1,2023-06-19T16:49:23.787591+00:00
CUR_EA210,Curitiba,4106902,1,,462,,,-25.468903,-49.255603,,False,1,2,2023-06-19T16:49:23.787591+00:00
CUR_CC196,Curitiba,4106902,1,,372,,,-25.429095,-49.224143,,False,1,2,2023-06-19T16:50:23.787591+00:00
CUR_CI001,Curitiba,4106902,1,,372,,,-25.38058,-49.18507,,False,1,2,2023-06-19T16:49:23.787591+00:00
CUR_BC316,Curitiba,4106902,1,,372,,,-25.433096,-49.271305,,False,10,2,2023-06-19T16:49:23.787591+00:00
CUR_BI027,Curitiba,4106902,1,,372,,,-25.41436,-49.202811,,False,1,1,2023-06-19T16:49:23.787591+00:00
CUR_BI028,Curitiba,4106902,1,,372,,,-25.42826,-49.23037,,False,1,1,2023-06-19T16:50:23.787591+00:00
CUR_JI006,Curitiba,4106902,1,,611,,,-25.468973,-49.314068,,False,1,1,2023-06-19T16:50:23.787591+00:00
CUR_JI011,Curitiba,4106902,1,,611,,,-25.471251,-49.300006,,False,1,2,2023-06-19T16:50:23.787591+00:00
CUR_JI019,Curitiba,4106902,1,,611,,,-25.449145,-49.366196,,False,1,1,2023-06-19T16:44:23.787591+00:00
CUR_BI900,Curitiba,4106902,1,,386,,,-25.43473,-49.217828,,False,7,1,2023-06-19T16:50:23.787591+00:00
CUR_BI864,Curitiba,4106902,1,,386,,,-25.414581,-49.280578,,False,7,2,2023-06-19T16:49:23.787591+00:00
CUR_DN017,Curitiba,4106902,0,,560,,,-25.440945,-49.2751,,False,6,2,2023-06-19T16:50:23.787591+00:00
CUR_HI004,Curitiba,4106902,1,,623,,,-25.505093,-49.302993,,False,1,1,2023-06-19T16:50:23.787591+00:00
CUR_HI047,Curitiba,4106902,1,,623,,,-25.511795,-49.304498,,False,1,2,2023-06-19T16:49:23.787591+00:00
CUR_HA027,Curitiba,4106902,1,,623,,,-25.539558,-49.307686,,False,1,1,2023-06-19T16:49:23.787591+00:00
CUR_HA026,Curitiba,4106902,1,,623,,,-25.539325,-49.307863,,False,1,1,2023-06-19T16:50:23.787591+00:00
CUR_DC092,Curitiba,4106902,1,,468,,,-25.45835,-49.239156,,False,1,1,2023-06-19T16:50:23.787591+00:00
CUR_DA033,Curitiba,4106902,1,,468,,,-25.46343,-49.235823,,False,1,2,2023-06-19T16:50:23.787591+00:00
CUR_EA211,Curitiba,4106902,1,,468,,,-25.469131,-49.255431,,False,1,1,2023-06-19T16:49:23.787591+00:00
CUR_JI008,Curitiba,4106902,1,,712,,,-25.511491,-49.326985,,False,1,1,2023-06-19T16:49:23.787591+00:00
CUR_HI014,Curitiba,4106902,1,,712,,,-25.539405,-49.307728,,False,1,2,2023-06-19T16:49:23.787591+00:00
CUR_HA014,Curitiba,4106902,1,,712,,,-25.494791,-49.337688,,False,1,2,2023-06-19T16:49:23.787591+00:00
CUR_EA015,Curitiba,4106902,1,,475,,,-25.503688,-49.218101,,False,1,1,2023-06-19T16:49:23.787591+00:00
CUR_EI020,Curitiba,4106902,1,,475,,,-25.441341,-49.262405,,False,1,2,2023-06-19T16:49:23.787591+00:00
CUR_EA203,Curitiba,4106902,1,,475,,,-25.468635,-49.255843,,False,1,2,2023-06-19T16:49:23.787591+00:00
CUR_HA608,Curitiba,4106902,1,,685,,,-25.544458,-49.31608,,False,4,1,2023-06-19T16:50:23.787591+00:00
CUR_HI610,Curitiba,4106902,1,,685,,,-25.527781,-49.327876,,False,4,2,2023-06-19T16:49:23.787591+00:00
CUR_HA610,Curitiba,4106902,1,,685,,,-25.53953,-49.308541,,False,4,2,2023-06-19T16:50:23.787591+00:00
CUR_HI605,Curitiba,4106902,1,,685,,,-25.592386,-49.339923,,False,4,1,2023-06-19T16:50:23.787591+00:00
CUR_HI603,Curitiba,4106902,0,,685,,,-25.539101,-49.307478,,False,4,1,2023-06-19T16:49:23.787591+00:00
CUR_HI010,Curitiba,4106902,1,,652,,,-25.532485,-49.33906,,False,1,1,2023-06-19T16:50:23.787591+00:00
CUR_HI007,Curitiba,4106902,1,,652,,,-25.511708,-49.324818,,False,1,2,2023-06-19T16:49:23.787591+00:00
CUR_HA190,Curitiba,4106902,1,,652,,,-25.539271,-49.307761,,False,1,1,2023-06-19T16:49:23.787591+00:00
CUR_HA128,Curitiba,4106902,1,,652,,,-25.538978,-49.307936,,False,1,2,2023-06-19T16:49:23.787591+00:00
CUR_HA196,Curitiba,4106902,1,,652,,,-25.539723,-49.308235,,False,1,1,2023-06-19T16:50:23.787591+00:00
CUR_HI013,Curitiba,4106902,1,,826,,,-25.483253,-49.347636,,False,1,1,2023-06-19T16:49:23.787591+00:00
CUR_HA193,Curitiba,4106902,1,,826,,,-25.511598,-49.326465,,False,1,1,2023-06-19T16:49:23.787591+00:00
CUR_HA020,Curitiba,4106902,1,,826,,,-25.538968,-49.307878,,False,1,2,2023-06-19T16:49:23.787591+00:00
CUR_HA130,Curitiba,4106902,1,,826,,,-25.539036,-49.307871,,False,1,2,2023-06-19T16:50:23.787591+00:00
CUR_JA301,Curitiba,4106902,1,,826,,,-25.464378,-49.356838,,False,3,2,2023-06-19T16:50:23.787591+00:00
CUR_HI040,Curitiba,4106902,1,,826,,,-25.538818,-49.308023,,False,1,2,2023-06-19T16:49:23.787591+00:00
CUR_HI039,Curitiba,4106902,1,,826,,,-25.539465,-49.307706,,False,1,1,2023-06-19T16:50:23.787591+00:00
CUR_MI004,Curitiba,4106902,1,,924,,,-25.395091,-49.31743,,False,1,2,2023-06-19T16:49:23.787591+00:00
CUR_MI003,Curitiba,4106902,1,,924,,,-25.375893,-49.224323,,False,1,1,2023-06-19T16:49:23.787591+00:00
CUR_MA011,Curitiba,4106902,1,,924,,,-25.376891,-49.316441,,False,1,1,2023-06-19T16:50:23.787591+00:00
CUR_BA026,Curitiba,4106902,1,,924,,,-25.374186,-49.274268,,False,1,2,2023-06-19T16:49:23.787591+00:00
CUR_BI023,Curitiba,4106902,1,,924,,,-25.39446,-49.242453,,False,1,2,2023-06-19T16:50:23.787591+00:00
CUR_BI014,Curitiba,4106902,1,,924,,,-25.395435,-49.242686,,False,1,1,2023-06-19T16:47:23.787591+00:00
CUR_BA036,Curitiba,4106902,1,,924,,,-25.394973,-49.243021,,False,1,2,2023-06-19T16:50:23.787591+00:00
CUR_EA025,Curitiba,4106902,1,,335,,,-25.468456,-49.255731,,False,1,1,2023-06-19T16:49:23.787591+00:00
CUR_DA301,Curitiba,4106902,1,,335,,,-25.468151,-49.255025,,False,3,1,2023-06-19T16:49:23.787591+00:00
CUR_EA022,Curitiba,4106902,1,,335,,,-25.469658,-49.207408,,False,1,1,2023-06-19T16:50:23.787591+00:00
CUR_DR407,Curitiba,4106902,1,,335,,,-25.510595,-49.222591,,False,4,2,2023-06-19T16:49:23.787591+00:00
CUR_BI860,Curitiba,4106902,1,Auto Viação São José,214,https://moovitapp.com/index/pt-br/transporte_p%C3%BAblico-line-214_PIT_PRA%C3%87A_DA_JUVENTUDE_CRISTAL_BLANCO_POMBO_ANTI_HOR%C3%81RIO-Curitiba-942-857412-119631273-0,-1.0,-25.385531,-49.226858,,False,7,1,2023-06-19T16:49:23.787591+00:00
CUR_BC927,Curitiba,4106902,1,Auto Viação São José,214,https://moovitapp.com/index/pt-br/transporte_p%C3%BAblico-line-214_PIT_PRA%C3%87A_DA_JUVENTUDE_CRISTAL_BLANCO_POMBO_ANTI_HOR%C3%81RIO-Curitiba-942-857412-119631273-0,-1.0,-25.395173,-49.242678,,False,7,2,2023-06-19T16:49:23.787591+00:00
CUR_DA014,Curitiba,4106902,1,,321,,,-25.45223,-49.21485,,False,1,1,2023-06-19T16:50:23.787591+00:00
CUR_DA290,Curitiba,4106902,1,,321,,,-25.469148,-49.254923,,False,1,1,2023-06-19T16:49:23.787591+00:00
CUR_BI851,Curitiba,4106902,1,,175,,,-25.409728,-49.281953,,False,7,1,2023-06-19T16:50:23.787591+00:00
CUR_BI898,Curitiba,4106902,1,,175,,,-25.41561,-49.2811,,False,7,2,2023-06-19T16:50:23.787591+00:00
CUR_MC077,Curitiba,4106902,1,,972,,,-25.395018,-49.335463,,False,1,2,2023-06-19T16:49:23.787591+00:00
CUR_MC079,Curitiba,4106902,1,,972,,,-25.418325,-49.29378,,False,1,1,2023-06-19T16:49:23.787591+00:00
CUR_MC302,Curitiba,4106902,1,,972,,,-25.418958,-49.294608,,False,3,2,2023-06-19T16:49:23.787591+00:00
CUR_JI856,Curitiba,4106902,1,,762,,,-25.477388,-49.326281,,False,7,1,2023-06-19T16:50:23.787591+00:00
CUR_JI865,Curitiba,4106902,1,,762,,,-25.448995,-49.366991,,False,7,1,2023-06-19T16:49:23.787591+00:00
CUR_EA011,Curitiba,4106902,1,Auto Viação São José,531,https://moovitapp.com/index/pt-br/transporte_p%C3%BAblico-line-531_BAIRRO_A_BAIRRO_1-Curitiba-942-857412-1570571-0,-1.0,-25.522601,-49.241573,,False,1,2,2023-06-19T16:50:23.787591+00:00
CUR_EA024,Curitiba,4106902,1,Auto Viação São José,531,https://moovitapp.com/index/pt-br/transporte_p%C3%BAblico-line-531_BAIRRO_A_BAIRRO_1-Curitiba-942-857412-1570571-0,-1.0,-25.535401,-49.243566,,False,1,1,2023-06-19T16:50:23.787591+00:00
CUR_EA002,Curitiba,4106902,1,Auto Viação São José,531,https://moovitapp.com/index/pt-br/transporte_p%C3%BAblico-line-531_BAIRRO_A_BAIRRO_1-Curitiba-942-857412-1570571-0,-1.0,-25.46884,-49.255668,,False,1,2,2023-06-19T16:50:23.787591+00:00
CUR_EA183,Curitiba,4106902,1,Auto Viação São José,531,https://moovitapp.com/index/pt-br/transporte_p%C3%BAblico-line-531_BAIRRO_A_BAIRRO_1-Curitiba-942-857412-1570571-0,-1.0,-25.468765,-49.25572,,False,1,1,2023-06-19T16:50:23.787591+00:00
CUR_BI889,Curitiba,4106902,1,,366,,,-25.438428,-49.289916,,False,7,2,2023-06-19T16:50:23.787591+00:00
CUR_BI872,Curitiba,4106902,1,,366,,,-25.424805,-49.243578,,False,7,2,2023-06-19T16:50:23.787591+00:00
CUR_DC294,Curitiba,4106902,1,,334,,,-25.469245,-49.208405,,False,1,,2023-06-19T16:49:23.787591+00:00
CUR_HI857,Curitiba,4106902,1,,670,,,-25.471738,-49.300521,,False,7,1,2023-06-19T16:50:23.787591+00:00
CUR_HI858,Curitiba,4106902,1,,670,,,-25.537243,-49.306713,,False,7,1,2023-06-19T16:50:23.787591+00:00
CUR_JI857,Curitiba,4106902,1,,761,,,-25.463541,-49.295496,,False,7,1,2023-06-19T16:49:23.787591+00:00
CUR_JI860,Curitiba,4106902,1,,761,,,-25.449418,-49.36704,,False,7,1,2023-06-19T16:50:23.787591+00:00
CUR_EI009,Curitiba,4106902,1,Auto Viação São José,515,https://moovitapp.com/index/pt-br/transporte_p%C3%BAblico-line-515_%E2%9C%88_AEROPORTO_1_SHOPPING_S%C3%83O_JOS%C3%89-Curitiba-942-857412-67925719-0,-1.0,-25.513183,-49.220755,,False,1,1,2023-06-19T16:50:23.787591+00:00
CUR_EI003,Curitiba,4106902,1,Auto Viação São José,515,https://moovitapp.com/index/pt-br/transporte_p%C3%BAblico-line-515_%E2%9C%88_AEROPORTO_1_SHOPPING_S%C3%83O_JOS%C3%89-Curitiba-942-857412-67925719-0,-1.0,-25.511781,-49.221378,,False,1,2,2023-06-19T16:49:23.787591+00:00
CUR_EI019,Curitiba,4106902,1,Auto Viação São José,515,https://moovitapp.com/index/pt-br/transporte_p%C3%BAblico-line-515_%E2%9C%88_AEROPORTO_1_SHOPPING_S%C3%83O_JOS%C3%89-Curitiba-942-857412-67925719-0,-1.0,-25.467173,-49.255626,,False,1,1,2023-06-19T16:50:23.787591+00:00
CUR_EI010,Curitiba,4106902,1,Auto Viação São José,515,https://moovitapp.com/index/pt-br/transporte_p%C3%BAblico-line-515_%E2%9C%88_AEROPORTO_1_SHOPPING_S%C3%83O_JOS%C3%89-Curitiba-942-857412-67925719-0,-1.0,-25.481925,-49.24674,,False,1,1,2023-06-19T16:50:23.787591+00:00
CUR_EA206,Curitiba,4106902,1,Auto Viação São José,515,https://moovitapp.com/index/pt-br/transporte_p%C3%BAblico-line-515_%E2%9C%88_AEROPORTO_1_SHOPPING_S%C3%83O_JOS%C3%89-Curitiba-942-857412-67925719-0,-1.0,-25.468468,-49.255796,,False,1,1,2023-06-19T16:50:23.787591+00:00
CUR_EA019,Curitiba,4106902,1,Auto Viação São José,515,https://moovitapp.com/index/pt-br/transporte_p%C3%BAblico-line-515_%E2%9C%88_AEROPORTO_1_SHOPPING_S%C3%83O_JOS%C3%89-Curitiba-942-857412-67925719-0,-1.0,-25.468438,-49.255388,,False,1,2,2023-06-19T16:48:23.787591+00:00
CUR_BC315,Curitiba,4106902,1,,371,,,-25.412765,-49.221715,,False,10,1,2023-06-19T16:50:23.787591+00:00
CUR_BC313,Curitiba,4106902,1,,371,,,-25.419038,-49.229543,,False,10,2,2023-06-19T16:50:23.787591+00:00
CUR_BC314,Curitiba,4106902,1,,371,,,-25.415273,-49.28131,,False,10,1,2023-06-19T16:50:23.787591+00:00
CUR_JI948,Curitiba,4106902,1,,861,,,-25.444366,-49.29212,,False,7,2,2023-06-19T16:50:23.787591+00:00
CUR_JI852,Curitiba,4106902,1,,861,,,-25.449023,-49.367078,,False,7,1,2023-06-19T16:49:23.787591+00:00
CUR_GI017,Curitiba,4106902,1,,553,,,-25.56201,-49.252716,,False,1,1,2023-06-19T16:49:23.787591+00:00
CUR_GI006,Curitiba,4106902,1,,553,,,-25.558986,-49.260418,,False,1,1,2023-06-19T16:49:23.787591+00:00
CUR_GI002,Curitiba,4106902,1,,553,,,-25.54189,-49.271225,,False,1,2,2023-06-19T16:49:23.787591+00:00
CUR_GI004,Curitiba,4106902,1,,553,,,-25.549931,-49.292063,,False,1,1,2023-06-19T16:49:23.787591+00:00
CUR_GI037,Curitiba,4106902,1,,643,,,-25.560775,-49.29335,,False,1,2,2023-06-19T16:49:23.787591+00:00
CUR_GI019,Curitiba,4106902,1,,643,,,-25.549455,-49.292216,,False,1,1,2023-06-19T16:49:23.787591+00:00
CUR_EA027,Curitiba,4106902,1,,X06,,,-25.553148,-49.25041,,False,1,2,2023-06-19T16:48:23.787591+00:00
CUR_GI044,Curitiba,4106902,1,,552,,,-25.556716,-49.261921,,False,1,1,2023-06-19T16:49:23.787591+00:00
CUR_GI053,Curitiba,4106902,1,,552,,,-25.535218,-49.270011,,False,1,2,2023-06-19T16:50:23.787591+00:00
CUR_GI051,Curitiba,4106902,1,,552,,,-25.548156,-49.291478,,False,1,2,2023-06-19T16:49:23.787591+00:00
CUR_HI028,Curitiba,4106902,1,,617,,,-25.576248,-49.331233,,False,1,1,2023-06-19T16:50:23.787591+00:00
CUR_HA006,Curitiba,4106902,1,,617,,,-25.52636,-49.297185,,False,1,1,2023-06-19T16:49:23.787591+00:00
CUR_HI020,Curitiba,4106902,1,,617,,,-25.53909,-49.307025,,False,1,2,2023-06-19T16:49:23.787591+00:00
CUR_HA617,Curitiba,4106902,1,,617,,,-25.539606,-49.308296,,False,4,1,2023-06-19T16:50:23.787591+00:00
CUR_GI042,Curitiba,4106902,1,,542,,,-25.538675,-49.271963,,False,1,,2023-06-19T16:49:23.787591+00:00
CUR_GI032,Curitiba,4106902,1,,542,,,-25.550478,-49.260945,,False,1,,2023-06-19T16:49:23.787591+00:00
CUR_GC016,Curitiba,4106902,1,,542,,,-25.548506,-49.291468,,False,1,,2023-06-19T16:49:23.787591+00:00
CUR_GC003,Curitiba,4106902,1,,542,,,-25.548886,-49.291253,,False,1,,2023-06-19T16:50:23.787591+00:00
CUR_GI016,Curitiba,4106902,1,,542,,,-25.549541,-49.292191,,False,1,,2023-06-19T16:49:23.787591+00:00
CUR_MI855,Curitiba,4106902,1,,912,,,-25.385886,-49.352011,,False,7,1,2023-06-19T16:50:23.787591+00:00
CUR_EA009,Curitiba,4106902,1,,X03,,,-25.535975,-49.240225,,False,1,1,2023-06-19T16:49:23.787591+00:00
CUR_HI856,Curitiba,4106902,1,,600,,,-25.554166,-49.326616,,False,7,1,2023-06-19T16:49:23.787591+00:00
CUR_HI850,Curitiba,4106902,1,,600,,,-25.537221,-49.306701,,False,7,1,2023-06-19T16:49:23.787591+00:00
CUR_GI026,Curitiba,4106902,1,,639,,,-25.514868,-49.29394,,False,1,1,2023-06-19T16:50:23.787591+00:00
CUR_GI036,Curitiba,4106902,1,,639,,,-25.557136,-49.282273,,False,1,2,2023-06-19T16:49:23.787591+00:00
CUR_GI007,Curitiba,4106902,1,,547,,,-25.541853,-49.264513,,False,1,1,2023-06-19T16:49:23.787591+00:00
CUR_HB607,Curitiba,4106902,1,,060,,,-25.528775,-49.312931,,False,4,2,2023-06-19T16:49:23.787591+00:00
CUR_HB608,Curitiba,4106902,1,,060,,,-25.47532,-49.351063,,False,4,2,2023-06-19T16:49:23.787591+00:00
CUR_HB601,Curitiba,4106902,1,,060,,,-25.483643,-49.350201,,False,4,1,2023-06-19T16:50:23.787591+00:00
CUR_HR117,Curitiba,4106902,1,,060,,,-25.538081,-49.307466,,False,4,1,2023-06-19T16:46:23.787591+00:00
CUR_HB695,Curitiba,4106902,1,,060,,,-25.538016,-49.307516,,False,4,1,2023-06-19T16:50:23.787591+00:00
CUR_GI050,Curitiba,4106902,1,,641,,,-25.550871,-49.292526,,False,1,1,2023-06-19T16:49:23.787591+00:00
CUR_MI854,Curitiba,4106902,1,,911,,,-25.401248,-49.333178,,False,7,2,2023-06-19T16:49:23.787591+00:00
CUR_HI045,Curitiba,4106902,1,,612,,,-25.503543,-49.322945,,False,1,1,2023-06-19T16:49:23.787591+00:00
CUR_HA191,Curitiba,4106902,1,,612,,,-25.539068,-49.30786,,False,1,2,2023-06-19T16:49:23.787591+00:00
CUR_HR409,Curitiba,4106902,1,,X37,,,-25.539095,-49.307523,,False,4,1,2023-06-19T16:49:23.787591+00:00
CUR_HA615,Curitiba,4106902,1,,X37,,,-25.539158,-49.307465,,False,4,1,2023-06-19T16:50:23.787591+00:00
CUR_HA007,Curitiba,4106902,1,,X37,,,-25.539046,-49.307936,,False,1,2,2023-06-19T16:50:23.787591+00:00
CUR_HA699,Curitiba,4106902,1,,X37,,,-25.538828,-49.307616,,False,4,2,2023-06-19T16:49:23.787591+00:00
CUR_HA605,Curitiba,4106902,1,,X37,,,-25.538628,-49.30768,,False,4,2,2023-06-19T16:50:23.787591+00:00
CUR_HA602,Curitiba,4106902,1,,X37,,,-25.539221,-49.3084,,False,4,1,2023-06-19T16:49:23.787591+00:00
CUR_HA606,Curitiba,4106902,1,,X37,,,-25.538928,-49.307611,,False,4,1,2023-06-19T16:50:23.787591+00:00
CUR_HI608,Curitiba,4106902,1,,X37,,,-25.539053,-49.307126,,False,4,1,2023-06-19T16:49:23.787591+00:00
CUR_HL320,Curitiba,4106902,0,URBS,607,https://moovitapp.com/index/pt-br/transporte_p%C3%BAblico-line-607_COLOMBO_CIC-Curitiba-942-9628-294348-0,-1.0,-25.373301,-49.192636,,False,3,1,2023-06-19T16:49:23.787591+00:00
CUR_HL325,Curitiba,4106902,0,URBS,607,https://moovitapp.com/index/pt-br/transporte_p%C3%BAblico-line-607_COLOMBO_CIC-Curitiba-942-9628-294348-0,-1.0,-25.484006,-49.295738,,False,3,1,2023-06-19T16:49:23.787591+00:00
CUR_HL331,Curitiba,4106902,1,URBS,607,https://moovitapp.com/index/pt-br/transporte_p%C3%BAblico-line-607_COLOMBO_CIC-Curitiba-942-9628-294348-0,-1.0,-25.457681,-49.26995,,False,3,2,2023-06-19T16:48:23.787591+00:00
CUR_HL496,Curitiba,4106902,1,URBS,607,https://moovitapp.com/index/pt-br/transporte_p%C3%BAblico-line-607_COLOMBO_CIC-Curitiba-942-9628-294348-0,-1.0,-25.416981,-49.263471,,False,3,1,2023-06-19T16:49:23.787591+00:00
CUR_HL329,Curitiba,4106902,1,URBS,607,https://moovitapp.com/index/pt-br/transporte_p%C3%BAblico-line-607_COLOMBO_CIC-Curitiba-942-9628-294348-0,-1.0,-25.436585,-49.271075,,False,3,1,2023-06-19T16:50:23.787591+00:00
CUR_HL312,Curitiba,4106902,0,URBS,607,https://moovitapp.com/index/pt-br/transporte_p%C3%BAblico-line-607_COLOMBO_CIC-Curitiba-942-9628-294348-0,-1.0,-25.537601,-49.307163,,False,3,1,2023-06-19T16:49:23.787591+00:00
CUR_HL318,Curitiba,4106902,0,URBS,607,https://moovitapp.com/index/pt-br/transporte_p%C3%BAblico-line-607_COLOMBO_CIC-Curitiba-942-9628-294348-0,-1.0,-25.537565,-49.306895,,False,3,2,2023-06-19T16:50:23.787591+00:00
CUR_HL497,Curitiba,4106902,1,URBS,607,https://moovitapp.com/index/pt-br/transporte_p%C3%BAblico-line-607_COLOMBO_CIC-Curitiba-942-9628-294348-0,-1.0,-25.537678,-49.30679,,False,3,1,2023-06-19T16:50:23.787591+00:00
CUR_HL493,Curitiba,4106902,1,URBS,607,https://moovitapp.com/index/pt-br/transporte_p%C3%BAblico-line-607_COLOMBO_CIC-Curitiba-942-9628-294348-0,-1.0,-25.537616,-49.307048,,False,3,1,2023-06-19T16:49:23.787591+00:00
CUR_HL316,Curitiba,4106902,0,URBS,607,https://moovitapp.com/index/pt-br/transporte_p%C3%BAblico-line-607_COLOMBO_CIC-Curitiba-942-9628-294348-0,-1.0,-25.537598,-49.307068,,False,3,1,2023-06-19T16:50:23.787591+00:00
CUR_HL310,Curitiba,4106902,0,URBS,607,https://moovitapp.com/index/pt-br/transporte_p%C3%BAblico-line-607_COLOMBO_CIC-Curitiba-942-9628-294348-0,-1.0,-25.539673,-49.308265,,False,3,1,2023-06-19T16:50:23.787591+00:00
CUR_HL498,Curitiba,4106902,1,URBS,607,https://moovitapp.com/index/pt-br/transporte_p%C3%BAblico-line-607_COLOMBO_CIC-Curitiba-942-9628-294348-0,-1.0,-25.537871,-49.306923,,False,3,1,2023-06-19T16:49:23.787591+00:00
CUR_JI015,Curitiba,4106902,1,,719,,,-25.477293,-49.334813,,False,1,1,2023-06-19T16:49:23.787591+00:00
CUR_JI004,Curitiba,4106902,1,,719,,,-25.484201,-49.350476,,False,1,2,2023-06-19T16:49:23.787591+00:00
CUR_HA611,Curitiba,4106902,1,,773,,,-25.53904,-49.307526,,False,4,1,2023-06-19T16:50:23.787591+00:00
CUR_BI892,Curitiba,4106902,1,,181,,,-25.366885,-49.28648,,False,7,1,2023-06-19T16:49:23.787591+00:00
CUR_JI005,Curitiba,4106902,1,,718,,,-25.48116,-49.334278,,False,1,,2023-06-19T16:50:23.787591+00:00
CUR_HA029,Curitiba,4106902,1,,615,,,-25.478048,-49.302026,,False,1,1,2023-06-19T16:50:23.787591+00:00
CUR_HC004,Curitiba,4106902,1,,615,,,-25.53827,-49.307861,,False,1,1,2023-06-19T16:49:23.787591+00:00
CUR_HI048,Curitiba,4106902,1,,622,,,-25.498431,-49.331231,,False,1,2,2023-06-19T16:47:23.787591+00:00
CUR_HI851,Curitiba,4106902,1,,265,,,-25.405095,-49.258698,,False,7,2,2023-06-19T16:49:23.787591+00:00
CUR_BI025,Curitiba,4106902,1,,916,,,-25.373611,-49.328938,,False,1,1,2023-06-19T16:49:23.787591+00:00
CUR_MA013,Curitiba,4106902,1,,916,,,-25.419178,-49.294751,,False,1,2,2023-06-19T16:50:23.787591+00:00
CUR_HA019,Curitiba,4106902,1,,627,,,-25.513846,-49.335458,,False,1,1,2023-06-19T16:49:23.787591+00:00
CUR_HI006,Curitiba,4106902,1,,627,,,-25.50263,-49.313951,,False,1,2,2023-06-19T16:48:23.787591+00:00
CUR_HA008,Curitiba,4106902,1,,627,,,-25.540048,-49.308431,,False,1,1,2023-06-19T16:49:23.787591+00:00
CUR_JC316,Curitiba,4106902,1,,701,,,-25.457558,-49.30313,,False,3,2,2023-06-19T16:50:23.787591+00:00
CUR_JC304,Curitiba,4106902,1,,701,,,-25.446635,-49.276148,,False,3,1,2023-06-19T16:50:23.787591+00:00
CUR_JC313,Curitiba,4106902,1,,701,,,-25.434865,-49.272336,,False,3,2,2023-06-19T16:49:23.787591+00:00
CUR_JC311,Curitiba,4106902,1,,701,,,-25.469686,-49.316665,,False,3,1,2023-06-19T16:49:23.787591+00:00
CUR_JC305,Curitiba,4106902,1,,701,,,-25.449348,-49.366595,,False,3,1,2023-06-19T16:50:23.787591+00:00
CUR_JC600,Curitiba,4106902,1,,701,,,-25.449118,-49.367246,,False,4,1,2023-06-19T16:50:23.787591+00:00
CUR_JC301,Curitiba,4106902,1,,701,,,-25.449356,-49.366625,,False,3,2,2023-06-19T16:48:23.787591+00:00
CUR_JC308,Curitiba,4106902,1,,703,,,-25.44439,-49.270423,,False,3,1,2023-06-19T16:50:23.787591+00:00
CUR_JA699,Curitiba,4106902,1,,703,,,-25.464221,-49.309171,,False,4,1,2023-06-19T16:50:23.787591+00:00
CUR_JC317,Curitiba,4106902,1,,703,,,-25.483813,-49.349968,,False,3,1,2023-06-19T16:50:23.787591+00:00
CUR_JI601,Curitiba,4106902,1,,703,,,-25.465836,-49.313341,,False,4,2,2023-06-19T16:50:23.787591+00:00
CUR_JI604,Curitiba,4106902,1,,703,,,-25.44923,-49.367165,,False,4,2,2023-06-19T16:48:23.787591+00:00
CUR_JC309,Curitiba,4106902,1,,703,,,-25.441418,-49.27251,,False,3,2,2023-06-19T16:50:23.787591+00:00
CUR_JC315,Curitiba,4106902,1,,703,,,-25.449461,-49.3668,,False,3,1,2023-06-19T16:50:23.787591+00:00
CUR_DN607,Curitiba,4106902,1,,516,,,-25.468315,-49.240136,,False,7,1,2023-06-19T16:49:23.787591+00:00
CUR_MI856,Curitiba,4106902,1,,913,,,-25.401865,-49.351478,,False,7,2,2023-06-19T16:50:23.787591+00:00
CUR_HL495,Curitiba,4106902,1,URBS,700,https://moovitapp.com/index/pt-br/transporte_p%C3%BAblico-line-700_PINHEIRINHO_CABRAL-Curitiba-942-9628-757429-0,-1.0,-25.426495,-49.26547,,False,3,2,2023-06-19T16:50:23.787591+00:00
CUR_BL306,Curitiba,4106902,0,URBS,700,https://moovitapp.com/index/pt-br/transporte_p%C3%BAblico-line-700_PINHEIRINHO_CABRAL-Curitiba-942-9628-757429-0,-1.0,-25.473108,-49.295493,,False,3,2,2023-06-19T16:49:23.787591+00:00
CUR_BL319,Curitiba,4106902,0,URBS,700,https://moovitapp.com/index/pt-br/transporte_p%C3%BAblico-line-700_PINHEIRINHO_CABRAL-Curitiba-942-9628-757429-0,-1.0,-25.427393,-49.264026,,False,3,1,2023-06-19T16:50:23.787591+00:00
CUR_BL313,Curitiba,4106902,0,URBS,700,https://moovitapp.com/index/pt-br/transporte_p%C3%BAblico-line-700_PINHEIRINHO_CABRAL-Curitiba-942-9628-757429-0,-1.0,-25.406475,-49.25201,,False,3,2,2023-06-19T16:50:23.787591+00:00
CUR_HL328,Curitiba,4106902,0,URBS,700,https://moovitapp.com/index/pt-br/transporte_p%C3%BAblico-line-700_PINHEIRINHO_CABRAL-Curitiba-942-9628-757429-0,-1.0,-25.486165,-49.292481,,False,3,1,2023-06-19T16:50:23.787591+00:00
CUR_HL302,Curitiba,4106902,0,URBS,700,https://moovitapp.com/index/pt-br/transporte_p%C3%BAblico-line-700_PINHEIRINHO_CABRAL-Curitiba-942-9628-757429-0,-1.0,-25.53747,-49.307058,,False,3,2,2023-06-19T16:49:23.787591+00:00
CUR_HL307,Curitiba,4106902,0,URBS,700,https://moovitapp.com/index/pt-br/transporte_p%C3%BAblico-line-700_PINHEIRINHO_CABRAL-Curitiba-942-9628-757429-0,-1.0,-25.537653,-49.306821,,False,3,1,2023-06-19T16:50:23.787591+00:00
CUR_BL304,Curitiba,4106902,0,URBS,700,https://moovitapp.com/index/pt-br/transporte_p%C3%BAblico-line-700_PINHEIRINHO_CABRAL-Curitiba-942-9628-757429-0,-1.0,-25.414921,-49.280796,,False,3,2,2023-06-19T16:50:23.787591+00:00
CUR_BL314,Curitiba,4106902,0,URBS,700,https://moovitapp.com/index/pt-br/transporte_p%C3%BAblico-line-700_PINHEIRINHO_CABRAL-Curitiba-942-9628-757429-0,-1.0,-25.48868,-49.291811,,False,3,1,2023-06-19T16:45:23.787591+00:00
CUR_JA034,Curitiba,4106902,1,,714,,,-25.50159,-49.345261,,False,1,,2023-06-19T16:50:23.787591+00:00
CUR_HI853,Curitiba,4106902,1,,644,,,-25.51175,-49.32336,,False,7,2,2023-06-19T16:50:23.787591+00:00
CUR_MA003,Curitiba,4106902,1,,917,,,-25.41932,-49.293975,,False,1,1,2023-06-19T16:49:23.787591+00:00
CUR_MA012,Curitiba,4106902,1,,917,,,-25.397511,-49.33465,,False,1,2,2023-06-19T16:50:23.787591+00:00
CUR_MN608,Curitiba,4106902,1,,915,,,-25.397393,-49.32991,,False,7,2,2023-06-19T16:48:23.787591+00:00
CUR_HL321,Curitiba,4106902,0,URBS,X35,https://moovitapp.com/index/pt-br/transporte_p%C3%BAblico-line-X35_PINHEIRINHO_PREFEITURA-Curitiba-942-9628-778958-0,-1.0,-25.537673,-49.306846,,False,3,2,2023-06-19T16:49:23.787591+00:00
CUR_HL303,Curitiba,4106902,0,URBS,X35,https://moovitapp.com/index/pt-br/transporte_p%C3%BAblico-line-X35_PINHEIRINHO_PREFEITURA-Curitiba-942-9628-778958-0,-1.0,-25.537645,-49.306955,,False,3,1,2023-06-19T16:49:23.787591+00:00
CUR_HL309,Curitiba,4106902,0,URBS,X35,https://moovitapp.com/index/pt-br/transporte_p%C3%BAblico-line-X35_PINHEIRINHO_PREFEITURA-Curitiba-942-9628-778958-0,-1.0,-25.537463,-49.307106,,False,3,1,2023-06-19T16:49:23.787591+00:00
CUR_HL118,Curitiba,4106902,0,URBS,X35,https://moovitapp.com/index/pt-br/transporte_p%C3%BAblico-line-X35_PINHEIRINHO_PREFEITURA-Curitiba-942-9628-778958-0,-1.0,-25.539461,-49.308531,,False,3,2,2023-06-19T16:50:23.787591+00:00
CUR_HL319,Curitiba,4106902,0,URBS,X35,https://moovitapp.com/index/pt-br/transporte_p%C3%BAblico-line-X35_PINHEIRINHO_PREFEITURA-Curitiba-942-9628-778958-0,-1.0,-25.537516,-49.30687,,False,3,2,2023-06-19T16:47:23.787591+00:00
CUR_HL301,Curitiba,4106902,0,URBS,X35,https://moovitapp.com/index/pt-br/transporte_p%C3%BAblico-line-X35_PINHEIRINHO_PREFEITURA-Curitiba-942-9628-778958-0,-1.0,-25.537603,-49.307096,,False,3,2,2023-06-19T16:49:23.787591+00:00
CUR_HL315,Curitiba,4106902,0,URBS,X35,https://moovitapp.com/index/pt-br/transporte_p%C3%BAblico-line-X35_PINHEIRINHO_PREFEITURA-Curitiba-942-9628-778958-0,-1.0,-25.537703,-49.306736,,False,3,1,2023-06-19T16:50:23.787591+00:00
CUR_HL326,Curitiba,4106902,0,URBS,X35,https://moovitapp.com/index/pt-br/transporte_p%C3%BAblico-line-X35_PINHEIRINHO_PREFEITURA-Curitiba-942-9628-778958-0,-1.0,-25.539765,-49.308036,,False,3,1,2023-06-19T16:50:23.787591+00:00
CUR_HA025,Curitiba,4106902,1,,681,,,-25.534025,-49.30064,,False,1,1,2023-06-19T16:49:23.787591+00:00
CUR_HI019,Curitiba,4106902,1,,681,,,-25.563156,-49.327326,,False,1,2,2023-06-19T16:49:23.787591+00:00
CUR_HA197,Curitiba,4106902,1,,681,,,-25.540186,-49.308476,,False,1,1,2023-06-19T16:49:23.787591+00:00
CUR_JA022,Curitiba,4106902,1,,823,,,-25.455856,-49.357256,,False,1,1,2023-06-19T16:49:23.787591+00:00
CUR_JA035,Curitiba,4106902,1,,823,,,-25.441463,-49.369551,,False,1,2,2023-06-19T16:50:23.787591+00:00
CUR_JI299,Curitiba,4106902,1,,823,,,-25.449256,-49.366121,,False,1,1,2023-06-19T16:43:23.787591+00:00
CUR_GE728,Curitiba,4106902,0,URBS,500,https://moovitapp.com/index/pt-br/transporte_p%C3%BAblico-line-500_LIGEIR%C3%83O_BOQUEIR%C3%83O-Curitiba-942-9628-294422-0,-1.0,-25.482776,-49.246643,,False,5,2,2023-06-19T16:50:23.787591+00:00
CUR_GE716,Curitiba,4106902,0,URBS,500,https://moovitapp.com/index/pt-br/transporte_p%C3%BAblico-line-500_LIGEIR%C3%83O_BOQUEIR%C3%83O-Curitiba-942-9628-294422-0,-1.0,-25.43803,-49.268575,,False,5,2,2023-06-19T16:49:23.787591+00:00
CUR_GE701,Curitiba,4106902,0,URBS,500,https://moovitapp.com/index/pt-br/transporte_p%C3%BAblico-line-500_LIGEIR%C3%83O_BOQUEIR%C3%83O-Curitiba-942-9628-294422-0,-1.0,-25.511338,-49.232771,,False,5,1,2023-06-19T16:50:23.787591+00:00
CUR_GE720,Curitiba,4106902,0,URBS,500,https://moovitapp.com/index/pt-br/transporte_p%C3%BAblico-line-500_LIGEIR%C3%83O_BOQUEIR%C3%83O-Curitiba-942-9628-294422-0,-1.0,-25.549355,-49.291548,,False,5,2,2023-06-19T16:49:23.787591+00:00
CUR_GD349,Curitiba,4106902,0,URBS,500,https://moovitapp.com/index/pt-br/transporte_p%C3%BAblico-line-500_LIGEIR%C3%83O_BOQUEIR%C3%83O-Curitiba-942-9628-294422-0,-1.0,-25.548673,-49.291855,,False,5,2,2023-06-19T16:50:23.787591+00:00
CUR_GE723,Curitiba,4106902,0,URBS,500,https://moovitapp.com/index/pt-br/transporte_p%C3%BAblico-line-500_LIGEIR%C3%83O_BOQUEIR%C3%83O-Curitiba-942-9628-294422-0,-1.0,-25.453063,-49.261186,,False,5,1,2023-06-19T16:50:23.787591+00:00
CUR_GE719,Curitiba,4106902,0,URBS,500,https://moovitapp.com/index/pt-br/transporte_p%C3%BAblico-line-500_LIGEIR%C3%83O_BOQUEIR%C3%83O-Curitiba-942-9628-294422-0,-1.0,-25.548995,-49.291728,,False,5,1,2023-06-19T16:50:23.787591+00:00
CUR_GE706,Curitiba,4106902,0,URBS,500,https://moovitapp.com/index/pt-br/transporte_p%C3%BAblico-line-500_LIGEIR%C3%83O_BOQUEIR%C3%83O-Curitiba-942-9628-294422-0,-1.0,-25.549643,-49.291461,,False,5,1,2023-06-19T16:50:23.787591+00:00
CUR_GE710,Curitiba,4106902,0,URBS,500,https://moovitapp.com/index/pt-br/transporte_p%C3%BAblico-line-500_LIGEIR%C3%83O_BOQUEIR%C3%83O-Curitiba-942-9628-294422-0,-1.0,-25.54924,-49.291601,,False,5,2,2023-06-19T16:49:23.787591+00:00
CUR_GE715,Curitiba,4106902,0,URBS,500,https://moovitapp.com/index/pt-br/transporte_p%C3%BAblico-line-500_LIGEIR%C3%83O_BOQUEIR%C3%83O-Curitiba-942-9628-294422-0,-1.0,-25.550033,-49.29104,,False,5,1,2023-06-19T16:50:23.787591+00:00
CUR_GD348,Curitiba,4106902,0,URBS,500,https://moovitapp.com/index/pt-br/transporte_p%C3%BAblico-line-500_LIGEIR%C3%83O_BOQUEIR%C3%83O-Curitiba-942-9628-294422-0,-1.0,-25.548616,-49.291891,,False,5,1,2023-06-19T16:50:23.787591+00:00
CUR_GE709,Curitiba,4106902,0,URBS,500,https://moovitapp.com/index/pt-br/transporte_p%C3%BAblico-line-500_LIGEIR%C3%83O_BOQUEIR%C3%83O-Curitiba-942-9628-294422-0,-1.0,-25.548883,-49.291751,,False,5,1,2023-06-19T16:49:23.787591+00:00
CUR_BI867,Curitiba,4106902,1,,237,,,-25.376808,-49.223978,,False,7,,2023-06-19T16:49:23.787591+00:00
CUR_BL340,Curitiba,4106902,1,URBS,256,https://moovitapp.com/index/pt-br/transporte_p%C3%BAblico-line-256_BARREIRINHA_GUADALUPE-Curitiba-942-9628-398191-0,-1.0,-25.385236,-49.261028,,False,3,1,2023-06-19T16:49:23.787591+00:00
CUR_BL336,Curitiba,4106902,0,URBS,256,https://moovitapp.com/index/pt-br/transporte_p%C3%BAblico-line-256_BARREIRINHA_GUADALUPE-Curitiba-942-9628-398191-0,-1.0,-25.42296,-49.268725,,False,3,1,2023-06-19T16:49:23.787591+00:00
CUR_BL329,Curitiba,4106902,0,URBS,256,https://moovitapp.com/index/pt-br/transporte_p%C3%BAblico-line-256_BARREIRINHA_GUADALUPE-Curitiba-942-9628-398191-0,-1.0,-25.423723,-49.267595,,False,3,2,2023-06-19T16:50:23.787591+00:00
CUR_BL331,Curitiba,4106902,0,URBS,256,https://moovitapp.com/index/pt-br/transporte_p%C3%BAblico-line-256_BARREIRINHA_GUADALUPE-Curitiba-942-9628-398191-0,-1.0,-25.415441,-49.281458,,False,3,2,2023-06-19T16:49:23.787591+00:00
CUR_BL318,Curitiba,4106902,0,URBS,256,https://moovitapp.com/index/pt-br/transporte_p%C3%BAblico-line-256_BARREIRINHA_GUADALUPE-Curitiba-942-9628-398191-0,-1.0,-25.414783,-49.280865,,False,3,1,2023-06-19T16:49:23.787591+00:00
CUR_BA015,Curitiba,4106902,1,,171,,,-25.378953,-49.292548,,False,1,1,2023-06-19T16:49:23.787591+00:00
CUR_HC852,Curitiba,4106902,1,,671,,,-25.537173,-49.306936,,False,7,2,2023-06-19T16:50:23.787591+00:00
CUR_EL326,Curitiba,4106902,1,URBS,507,https://moovitapp.com/index/pt-br/transporte_p%C3%BAblico-line-507_S%C3%8DTIO_CERCADO_HOR%C3%81RIO-Curitiba-942-9628-294494-0,-1.0,-25.512178,-49.294483,,False,3,,2023-06-19T16:49:23.787591+00:00
CUR_EL303,Curitiba,4106902,0,URBS,507,https://moovitapp.com/index/pt-br/transporte_p%C3%BAblico-line-507_S%C3%8DTIO_CERCADO_HOR%C3%81RIO-Curitiba-942-9628-294494-0,-1.0,-25.534118,-49.267061,,False,3,,2023-06-19T16:50:23.787591+00:00
CUR_EL312,Curitiba,4106902,0,URBS,507,https://moovitapp.com/index/pt-br/transporte_p%C3%BAblico-line-507_S%C3%8DTIO_CERCADO_HOR%C3%81RIO-Curitiba-942-9628-294494-0,-1.0,-25.43351,-49.263495,,False,3,,2023-06-19T16:49:23.787591+00:00
CUR_EL309,Curitiba,4106902,0,URBS,507,https://moovitapp.com/index/pt-br/transporte_p%C3%BAblico-line-507_S%C3%8DTIO_CERCADO_HOR%C3%81RIO-Curitiba-942-9628-294494-0,-1.0,-25.472386,-49.290876,,False,3,,2023-06-19T16:50:23.787591+00:00
CUR_EL300,Curitiba,4106902,0,URBS,507,https://moovitapp.com/index/pt-br/transporte_p%C3%BAblico-line-507_S%C3%8DTIO_CERCADO_HOR%C3%81RIO-Curitiba-942-9628-294494-0,-1.0,-25.467485,-49.256115,,False,3,,2023-06-19T16:49:23.787591+00:00
CUR_EL323,Curitiba,4106902,1,URBS,507,https://moovitapp.com/index/pt-br/transporte_p%C3%BAblico-line-507_S%C3%8DTIO_CERCADO_HOR%C3%81RIO-Curitiba-942-9628-294494-0,-1.0,-25.467501,-49.256151,,False,3,,2023-06-19T16:49:23.787591+00:00
CUR_EL308,Curitiba,4106902,0,URBS,507,https://moovitapp.com/index/pt-br/transporte_p%C3%BAblico-line-507_S%C3%8DTIO_CERCADO_HOR%C3%81RIO-Curitiba-942-9628-294494-0,-1.0,-25.516535,-49.231046,,False,3,,2023-06-19T16:49:23.787591+00:00
CUR_EL310,Curitiba,4106902,0,URBS,507,https://moovitapp.com/index/pt-br/transporte_p%C3%BAblico-line-507_S%C3%8DTIO_CERCADO_HOR%C3%81RIO-Curitiba-942-9628-294494-0,-1.0,-25.457113,-49.259275,,False,3,,2023-06-19T16:49:23.787591+00:00
CUR_GL305,Curitiba,4106902,0,URBS,507,https://moovitapp.com/index/pt-br/transporte_p%C3%BAblico-line-507_S%C3%8DTIO_CERCADO_HOR%C3%81RIO-Curitiba-942-9628-294494-0,-1.0,-25.548535,-49.29094,,False,3,,2023-06-19T16:50:23.787591+00:00
CUR_GL326,Curitiba,4106902,0,URBS,507,https://moovitapp.com/index/pt-br/transporte_p%C3%BAblico-line-507_S%C3%8DTIO_CERCADO_HOR%C3%81RIO-Curitiba-942-9628-294494-0,-1.0,-25.549211,-49.290651,,False,3,,2023-06-19T16:49:23.787591+00:00
CUR_GL310,Curitiba,4106902,0,URBS,507,https://moovitapp.com/index/pt-br/transporte_p%C3%BAblico-line-507_S%C3%8DTIO_CERCADO_HOR%C3%81RIO-Curitiba-942-9628-294494-0,-1.0,-25.548686,-49.290883,,False,3,,2023-06-19T16:50:23.787591+00:00
CUR_JI850,Curitiba,4106902,1,,825,,,-25.453556,-49.368865,,False,7,2,2023-06-19T16:40:23.787591+00:00
CUR_GL312,Curitiba,4106902,0,URBS,508,https://moovitapp.com/index/pt-br/transporte_p%C3%BAblico-line-508_S%C3%8DTIO_CERCADO_ANTI_HOR%C3%81RIO-Curitiba-942-9628-294520-0,-1.0,-25.44216,-49.2598,,False,3,,2023-06-19T16:49:23.787591+00:00
CUR_GL328,Curitiba,4106902,1,URBS,508,https://moovitapp.com/index/pt-br/transporte_p%C3%BAblico-line-508_S%C3%8DTIO_CERCADO_ANTI_HOR%C3%81RIO-Curitiba-942-9628-294520-0,-1.0,-25.532773,-49.261865,,False,3,,2023-06-19T16:49:23.787591+00:00
CUR_GL330,Curitiba,4106902,1,URBS,508,https://moovitapp.com/index/pt-br/transporte_p%C3%BAblico-line-508_S%C3%8DTIO_CERCADO_ANTI_HOR%C3%81RIO-Curitiba-942-9628-294520-0,-1.0,-25.501586,-49.237668,,False,3,,2023-06-19T16:49:23.787591+00:00
CUR_GL306,Curitiba,4106902,0,URBS,508,https://moovitapp.com/index/pt-br/transporte_p%C3%BAblico-line-508_S%C3%8DTIO_CERCADO_ANTI_HOR%C3%81RIO-Curitiba-942-9628-294520-0,-1.0,-25.445831,-49.278895,,False,3,,2023-06-19T16:49:23.787591+00:00
CUR_GL327,Curitiba,4106902,1,URBS,508,https://moovitapp.com/index/pt-br/transporte_p%C3%BAblico-line-508_S%C3%8DTIO_CERCADO_ANTI_HOR%C3%81RIO-Curitiba-942-9628-294520-0,-1.0,-25.51229,-49.295773,,False,3,,2023-06-19T16:50:23.787591+00:00
CUR_GL320,Curitiba,4106902,0,URBS,508,https://moovitapp.com/index/pt-br/transporte_p%C3%BAblico-line-508_S%C3%8DTIO_CERCADO_ANTI_HOR%C3%81RIO-Curitiba-942-9628-294520-0,-1.0,-25.549025,-49.290738,,False,3,,2023-06-19T16:50:23.787591+00:00
CUR_EL332,Curitiba,4106902,1,URBS,508,https://moovitapp.com/index/pt-br/transporte_p%C3%BAblico-line-508_S%C3%8DTIO_CERCADO_ANTI_HOR%C3%81RIO-Curitiba-942-9628-294520-0,-1.0,-25.46752,-49.256333,,False,3,,2023-06-19T16:49:23.787591+00:00
CUR_GL321,Curitiba,4106902,0,URBS,508,https://moovitapp.com/index/pt-br/transporte_p%C3%BAblico-line-508_S%C3%8DTIO_CERCADO_ANTI_HOR%C3%81RIO-Curitiba-942-9628-294520-0,-1.0,-25.549053,-49.290715,,False,3,,2023-06-19T16:50:23.787591+00:00
CUR_GL307,Curitiba,4106902,0,URBS,508,https://moovitapp.com/index/pt-br/transporte_p%C3%BAblico-line-508_S%C3%8DTIO_CERCADO_ANTI_HOR%C3%81RIO-Curitiba-942-9628-294520-0,-1.0,-25.548595,-49.290908,,False,3,,2023-06-19T16:49:23.787591+00:00
CUR_GL313,Curitiba,4106902,0,URBS,508,https://moovitapp.com/index/pt-br/transporte_p%C3%BAblico-line-508_S%C3%8DTIO_CERCADO_ANTI_HOR%C3%81RIO-Curitiba-942-9628-294520-0,-1.0,-25.548771,-49.290805,,False,3,,2023-06-19T16:49:23.787591+00:00
CUR_HL322,Curitiba,4106902,0,URBS,508,https://moovitapp.com/index/pt-br/transporte_p%C3%BAblico-line-508_S%C3%8DTIO_CERCADO_ANTI_HOR%C3%81RIO-Curitiba-942-9628-294520-0,-1.0,-25.471525,-49.295238,,False,3,,2023-06-19T16:50:23.787591+00:00
CUR_JI858,Curitiba,4106902,1,,713,,,-25.482371,-49.32483,,False,7,1,2023-06-19T16:50:23.787591+00:00
CUR_BA603,Curitiba,4106902,1,,245,,,-25.395198,-49.242378,,False,4,1,2023-06-19T16:49:23.787591+00:00
CUR_BI600,Curitiba,4106902,1,,245,,,-25.395315,-49.242715,,False,4,2,2023-06-19T16:46:23.787591+00:00
CUR_HC006,Curitiba,4106902,1,,690,,,-25.538326,-49.307665,,False,1,1,2023-06-19T16:50:23.787591+00:00
CUR_HC001,Curitiba,4106902,1,,690,,,-25.538326,-49.30783,,False,1,1,2023-06-19T16:50:23.787591+00:00
CUR_GI054,Curitiba,4106902,1,,635,,,-25.541931,-49.298255,,False,1,1,2023-06-19T16:50:23.787591+00:00
CUR_GA180,Curitiba,4106902,1,,635,,,-25.548138,-49.292063,,False,1,2,2023-06-19T16:50:23.787591+00:00
CUR_BI870,Curitiba,4106902,1,,343,,,-25.403413,-49.210648,,False,7,1,2023-06-19T16:49:23.787591+00:00
CUR_BC324,Curitiba,4106902,1,,207,,,-25.428773,-49.275225,,False,3,1,2023-06-19T16:49:23.787591+00:00
CUR_BC027,Curitiba,4106902,1,,207,,,-25.426006,-49.2733,,False,1,2,2023-06-19T16:50:23.787591+00:00
CUR_BA031,Curitiba,4106902,1,,207,,,-25.40222,-49.255593,,False,1,1,2023-06-19T16:50:23.787591+00:00
CUR_BC310,Curitiba,4106902,1,,207,,,-25.394808,-49.242785,,False,3,1,2023-06-19T16:49:23.787591+00:00
CUR_BC323,Curitiba,4106902,1,,207,,,-25.393953,-49.242268,,False,3,2,2023-06-19T16:49:23.787591+00:00
CUR_BC309,Curitiba,4106902,1,,207,,,-25.395563,-49.242776,,False,3,1,2023-06-19T16:49:23.787591+00:00
CUR_BC311,Curitiba,4106902,1,,207,,,-25.395498,-49.24292,,False,3,1,2023-06-19T16:49:23.787591+00:00
CUR_MN611,Curitiba,4106902,1,,965,,,-25.427485,-49.274433,,False,7,1,2023-06-19T16:50:23.787591+00:00
CUR_MN605,Curitiba,4106902,1,,965,,,-25.402163,-49.326956,,False,7,2,2023-06-19T16:50:23.787591+00:00
CUR_MN603,Curitiba,4106902,1,,965,,,-25.419271,-49.294465,,False,7,1,2023-06-19T16:49:23.787591+00:00
CUR_BI850,Curitiba,4106902,1,,176,,,-25.382311,-49.279676,,False,7,2,2023-06-19T16:50:23.787591+00:00
CUR_GL304,Curitiba,4106902,0,URBS,546,https://moovitapp.com/index/pt-br/transporte_p%C3%BAblico-line-546_S%C3%8DTIO_CERCADO_BOQUEIR%C3%83O-Curitiba-942-9628-531687-0,-1.0,-25.548495,-49.290973,,False,3,2,2023-06-19T16:49:23.787591+00:00
CUR_GL300,Curitiba,4106902,0,URBS,546,https://moovitapp.com/index/pt-br/transporte_p%C3%BAblico-line-546_S%C3%8DTIO_CERCADO_BOQUEIR%C3%83O-Curitiba-942-9628-531687-0,-1.0,-25.548341,-49.291028,,False,3,2,2023-06-19T16:49:23.787591+00:00
CUR_BI031,Curitiba,4106902,1,,816,,,-25.43077,-49.324163,,False,1,2,2023-06-19T16:50:23.787591+00:00
CUR_BA037,Curitiba,4106902,1,,816,,,-25.402601,-49.326331,,False,1,1,2023-06-19T16:50:23.787591+00:00
CUR_ML303,Curitiba,4106902,0,URBS,902,https://moovitapp.com/index/pt-br/transporte_p%C3%BAblico-line-902_SANTA_FELICIDADE_PRA%C3%87A_TIRADENTES-Curitiba-942-9628-5597930-0,-1.0,-25.418985,-49.294473,,False,3,1,2023-06-19T16:50:23.787591+00:00
CUR_ML314,Curitiba,4106902,0,URBS,902,https://moovitapp.com/index/pt-br/transporte_p%C3%BAblico-line-902_SANTA_FELICIDADE_PRA%C3%87A_TIRADENTES-Curitiba-942-9628-5597930-0,-1.0,-25.418818,-49.294426,,False,3,1,2023-06-19T16:49:23.787591+00:00
CUR_ML305,Curitiba,4106902,0,URBS,902,https://moovitapp.com/index/pt-br/transporte_p%C3%BAblico-line-902_SANTA_FELICIDADE_PRA%C3%87A_TIRADENTES-Curitiba-942-9628-5597930-0,-1.0,-25.419671,-49.294383,,False,3,2,2023-06-19T16:36:23.787591+00:00
CUR_BE721,Curitiba,4106902,0,URBS,200,https://moovitapp.com/index/pt-br/transporte_p%C3%BAblico-line-200_LIGEIR%C3%83O_SANTA_C%C3%82NDIDA_PRA%C3%87A_DO_JAP%C3%83O-Curitiba-942-9628-1323763-0,-1.0,-25.43126,-49.267385,,False,5,2,2023-06-19T16:50:23.787591+00:00
CUR_GE722,Curitiba,4106902,0,URBS,200,https://moovitapp.com/index/pt-br/transporte_p%C3%BAblico-line-200_LIGEIR%C3%83O_SANTA_C%C3%82NDIDA_PRA%C3%87A_DO_JAP%C3%83O-Curitiba-942-9628-1323763-0,-1.0,-25.438115,-49.267961,,False,5,1,2023-06-19T16:50:23.787591+00:00
CUR_BE707,Curitiba,4106902,0,URBS,200,https://moovitapp.com/index/pt-br/transporte_p%C3%BAblico-line-200_LIGEIR%C3%83O_SANTA_C%C3%82NDIDA_PRA%C3%87A_DO_JAP%C3%83O-Curitiba-942-9628-1323763-0,-1.0,-25.384876,-49.232543,,False,5,1,2023-06-19T16:49:23.787591+00:00
CUR_GE729,Curitiba,4106902,0,URBS,200,https://moovitapp.com/index/pt-br/transporte_p%C3%BAblico-line-200_LIGEIR%C3%83O_SANTA_C%C3%82NDIDA_PRA%C3%87A_DO_JAP%C3%83O-Curitiba-942-9628-1323763-0,-1.0,-25.549485,-49.291565,,False,5,1,2023-06-19T16:49:23.787591+00:00
CUR_BE712,Curitiba,4106902,0,URBS,200,https://moovitapp.com/index/pt-br/transporte_p%C3%BAblico-line-200_LIGEIR%C3%83O_SANTA_C%C3%82NDIDA_PRA%C3%87A_DO_JAP%C3%83O-Curitiba-942-9628-1323763-0,-1.0,-25.400608,-49.247108,,False,5,2,2023-06-19T16:50:23.787591+00:00
CUR_HE706,Curitiba,4106902,0,URBS,200,https://moovitapp.com/index/pt-br/transporte_p%C3%BAblico-line-200_LIGEIR%C3%83O_SANTA_C%C3%82NDIDA_PRA%C3%87A_DO_JAP%C3%83O-Curitiba-942-9628-1323763-0,-1.0,-25.539021,-49.308265,,False,5,1,2023-06-19T16:50:23.787591+00:00
CUR_HE704,Curitiba,4106902,0,URBS,200,https://moovitapp.com/index/pt-br/transporte_p%C3%BAblico-line-200_LIGEIR%C3%83O_SANTA_C%C3%82NDIDA_PRA%C3%87A_DO_JAP%C3%83O-Curitiba-942-9628-1323763-0,-1.0,-25.539395,-49.30816,,False,5,1,2023-06-19T16:49:23.787591+00:00
CUR_BE714,Curitiba,4106902,0,URBS,200,https://moovitapp.com/index/pt-br/transporte_p%C3%BAblico-line-200_LIGEIR%C3%83O_SANTA_C%C3%82NDIDA_PRA%C3%87A_DO_JAP%C3%83O-Curitiba-942-9628-1323763-0,-1.0,-25.398728,-49.212066,,False,5,2,2023-06-19T16:49:23.787591+00:00
CUR_BE724,Curitiba,4106902,0,URBS,200,https://moovitapp.com/index/pt-br/transporte_p%C3%BAblico-line-200_LIGEIR%C3%83O_SANTA_C%C3%82NDIDA_PRA%C3%87A_DO_JAP%C3%83O-Curitiba-942-9628-1323763-0,-1.0,-25.394955,-49.24267,,False,5,1,2023-06-19T16:48:23.787591+00:00
CUR_BE706,Curitiba,4106902,0,URBS,200,https://moovitapp.com/index/pt-br/transporte_p%C3%BAblico-line-200_LIGEIR%C3%83O_SANTA_C%C3%82NDIDA_PRA%C3%87A_DO_JAP%C3%83O-Curitiba-942-9628-1323763-0,-1.0,-25.394963,-49.242673,,False,5,1,2023-06-19T16:49:23.787591+00:00
CUR_BE702,Curitiba,4106902,0,URBS,200,https://moovitapp.com/index/pt-br/transporte_p%C3%BAblico-line-200_LIGEIR%C3%83O_SANTA_C%C3%82NDIDA_PRA%C3%87A_DO_JAP%C3%83O-Curitiba-942-9628-1323763-0,-1.0,-25.394333,-49.242148,,False,5,1,2023-06-19T16:49:23.787591+00:00
CUR_BE704,Curitiba,4106902,0,URBS,200,https://moovitapp.com/index/pt-br/transporte_p%C3%BAblico-line-200_LIGEIR%C3%83O_SANTA_C%C3%82NDIDA_PRA%C3%87A_DO_JAP%C3%83O-Curitiba-942-9628-1323763-0,-1.0,-25.39502,-49.242593,,False,5,2,2023-06-19T16:47:23.787591+00:00
CUR_BE701,Curitiba,4106902,0,URBS,200,https://moovitapp.com/index/pt-br/transporte_p%C3%BAblico-line-200_LIGEIR%C3%83O_SANTA_C%C3%82NDIDA_PRA%C3%87A_DO_JAP%C3%83O-Curitiba-942-9628-1323763-0,-1.0,-25.394438,-49.242291,,False,5,2,2023-06-19T16:49:23.787591+00:00
CUR_BE723,Curitiba,4106902,0,URBS,200,https://moovitapp.com/index/pt-br/transporte_p%C3%BAblico-line-200_LIGEIR%C3%83O_SANTA_C%C3%82NDIDA_PRA%C3%87A_DO_JAP%C3%83O-Curitiba-942-9628-1323763-0,-1.0,-25.416945,-49.262238,,False,5,1,2023-06-19T16:49:23.787591+00:00
CUR_GL311,Curitiba,4106902,0,URBS,610,https://moovitapp.com/index/pt-br/transporte_p%C3%BAblico-line-610_S%C3%8DTIO_CERCADO_CAP%C3%83O_RASO-Curitiba-942-9628-491981-0,-1.0,-25.548741,-49.290845,,False,3,1,2023-06-19T16:50:23.787591+00:00
CUR_GL315,Curitiba,4106902,0,URBS,610,https://moovitapp.com/index/pt-br/transporte_p%C3%BAblico-line-610_S%C3%8DTIO_CERCADO_CAP%C3%83O_RASO-Curitiba-942-9628-491981-0,-1.0,-25.548873,-49.2908,,False,3,2,2023-06-19T16:49:23.787591+00:00
CUR_GI046,Curitiba,4106902,1,,637,,,-25.518348,-49.295638,,False,1,2,2023-06-19T16:50:23.787591+00:00
CUR_GA003,Curitiba,4106902,1,,637,,,-25.548156,-49.291893,,False,1,1,2023-06-19T16:49:23.787591+00:00
CUR_BI901,Curitiba,4106902,1,,361,,,-25.412461,-49.23904,,False,7,1,2023-06-19T16:49:23.787591+00:00
CUR_HI855,Curitiba,4106902,1,,814,,,-25.436126,-49.3077,,False,7,2,2023-06-19T16:50:23.787591+00:00
CUR_JA299,Curitiba,4106902,1,,814,,,-25.449285,-49.366168,,False,1,2,2023-06-19T16:49:23.787591+00:00
CUR_HC853,Curitiba,4106902,1,,814,,,-25.537176,-49.306833,,False,7,2,2023-06-19T16:49:23.787591+00:00
CUR_BI874,Curitiba,4106902,1,,274,,,-25.41313,-49.26002,,False,7,1,2023-06-19T16:49:23.787591+00:00
CUR_BI888,Curitiba,4106902,1,,274,,,-25.373248,-49.263113,,False,7,2,2023-06-19T16:50:23.787591+00:00
CUR_MN610,Curitiba,4106902,1,,464,,,-25.442538,-49.243446,,False,7,2,2023-06-19T16:49:23.787591+00:00
CUR_DN603,Curitiba,4106902,1,,464,,,-25.468343,-49.255475,,False,7,2,2023-06-19T16:50:23.787591+00:00
CUR_HI003,Curitiba,4106902,1,,801,,,-25.432643,-49.272683,,False,1,1,2023-06-19T16:50:23.787591+00:00
CUR_HC008,Curitiba,4106902,1,,801,,,-25.435928,-49.307011,,False,1,2,2023-06-19T16:49:23.787591+00:00
CUR_HC502,Curitiba,4106902,1,,801,,,-25.540011,-49.308535,,False,2,2,2023-06-19T16:49:23.787591+00:00
CUR_BI886,Curitiba,4106902,1,,224,,,-25.378971,-49.23304,,False,7,,2023-06-19T16:49:23.787591+00:00
CUR_JB302,Curitiba,4106902,1,,720,,,-25.449368,-49.366773,,False,10,2,2023-06-19T16:50:23.787591+00:00
CUR_JI863,Curitiba,4106902,1,,779,,,-25.462276,-49.337655,,False,7,1,2023-06-19T16:49:23.787591+00:00
CUR_HL306,Curitiba,4106902,0,URBS,X32,https://moovitapp.com/index/pt-br/transporte_p%C3%BAblico-line-X32_CIC_CAP%C3%83O_RASO-Curitiba-942-9628-557282-0,-1.0,-25.537495,-49.306948,,False,3,1,2023-06-19T16:47:23.787591+00:00
CUR_MI852,Curitiba,4106902,1,Auto Viação São José,150,https://moovitapp.com/index/pt-br/transporte_p%C3%BAblico-line-150_T_AFONSO_PENA_PIT_BORDA_DO_CAMPO-Curitiba-942-857412-53904521-0,-1.0,-25.42213,-49.287385,,False,7,2,2023-06-19T16:49:23.787591+00:00
CUR_GA001,Curitiba,4106902,1,,614,,,-25.54948,-49.290175,,False,1,1,2023-06-19T16:49:23.787591+00:00
CUR_GI301,Curitiba,4106902,1,,614,,,-25.54841,-49.291671,,False,3,2,2023-06-19T16:50:23.787591+00:00
CUR_HA011,Curitiba,4106902,1,,614,,,-25.53945,-49.307816,,False,1,1,2023-06-19T16:49:23.787591+00:00
CUR_BI881,Curitiba,4106902,1,,385,,,-25.432571,-49.250386,,False,7,1,2023-06-19T16:49:23.787591+00:00
CUR_BI862,Curitiba,4106902,1,,385,,,-25.395233,-49.242685,,False,7,1,2023-06-19T16:47:23.787591+00:00
CUR_GI853,Curitiba,4106902,1,,666,,,-25.478818,-49.282268,,False,7,1,2023-06-19T16:49:23.787591+00:00
CUR_HB693,Curitiba,4106902,1,,027,,,-25.539191,-49.308375,,False,4,2,2023-06-19T16:49:23.787591+00:00
CUR_DC853,Curitiba,4106902,1,,331,,,-25.47085,-49.21111,,False,7,,2023-06-19T16:49:23.787591+00:00
CUR_BI896,Curitiba,4106902,1,,875,,,-25.425195,-49.300516,,False,7,1,2023-06-19T16:50:23.787591+00:00
CUR_GL329,Curitiba,4106902,1,URBS,520,https://moovitapp.com/index/pt-br/transporte_p%C3%BAblico-line-520_OSTERNACK_S%C3%8DTIO_CERCADO_LD-Curitiba-942-9628-82134294-0,-1.0,-25.549353,-49.290611,,False,3,1,2023-06-19T16:50:23.787591+00:00
CUR_GL080,Curitiba,4106902,0,URBS,520,https://moovitapp.com/index/pt-br/transporte_p%C3%BAblico-line-520_OSTERNACK_S%C3%8DTIO_CERCADO_LD-Curitiba-942-9628-82134294-0,-1.0,-25.55002,-49.291648,,False,3,1,2023-06-19T16:49:23.787591+00:00
CUR_BC011,Curitiba,4106902,1,,829,,,-25.444285,-49.357533,,False,1,,2023-06-19T16:50:23.787591+00:00
CUR_BC010,Curitiba,4106902,1,,829,,,-25.415046,-49.280853,,False,1,,2023-06-19T16:49:23.787591+00:00
CUR_BA018,Curitiba,4106902,1,,829,,,-25.415586,-49.281121,,False,1,,2023-06-19T16:49:23.787591+00:00
CUR_JL308,Curitiba,4106902,0,URBS,X36,https://moovitapp.com/index/pt-br/transporte_p%C3%BAblico-line-X36_REFOR%C3%87O_GUADALUPE_FAZENDINHA-Curitiba-942-9628-11745709-0,-1.0,-25.448628,-49.366253,,False,3,2,2023-06-19T16:48:23.787591+00:00
CUR_JL312,Curitiba,4106902,0,URBS,X36,https://moovitapp.com/index/pt-br/transporte_p%C3%BAblico-line-X36_REFOR%C3%87O_GUADALUPE_FAZENDINHA-Curitiba-942-9628-11745709-0,-1.0,-25.448861,-49.365541,,False,3,1,2023-06-19T16:49:23.787591+00:00
CUR_JL301,Curitiba,4106902,0,URBS,X36,https://moovitapp.com/index/pt-br/transporte_p%C3%BAblico-line-X36_REFOR%C3%87O_GUADALUPE_FAZENDINHA-Curitiba-942-9628-11745709-0,-1.0,-25.448623,-49.36618,,False,3,2,2023-06-19T16:49:23.787591+00:00
CUR_DE695,Curitiba,4106902,0,URBS,302,https://moovitapp.com/index/pt-br/transporte_p%C3%BAblico-line-302_CENTEN%C3%81RIO_RUI_BARBOSA-Curitiba-942-9628-294501-0,-1.0,-25.468205,-49.254515,,False,4,1,2023-06-19T16:49:23.787591+00:00
CUR_DE701,Curitiba,4106902,0,URBS,302,https://moovitapp.com/index/pt-br/transporte_p%C3%BAblico-line-302_CENTEN%C3%81RIO_RUI_BARBOSA-Curitiba-942-9628-294501-0,-1.0,-25.468036,-49.255095,,False,5,1,2023-06-19T16:49:23.787591+00:00
CUR_DE696,Curitiba,4106902,0,URBS,302,https://moovitapp.com/index/pt-br/transporte_p%C3%BAblico-line-302_CENTEN%C3%81RIO_RUI_BARBOSA-Curitiba-942-9628-294501-0,-1.0,-25.467805,-49.256023,,False,4,1,2023-06-19T16:50:23.787591+00:00
CUR_DE698,Curitiba,4106902,0,URBS,302,https://moovitapp.com/index/pt-br/transporte_p%C3%BAblico-line-302_CENTEN%C3%81RIO_RUI_BARBOSA-Curitiba-942-9628-294501-0,-1.0,-25.468151,-49.254515,,False,4,2,2023-06-19T16:49:23.787591+00:00
CUR_JA029,Curitiba,4106902,1,,831,,,-25.449181,-49.366313,,False,1,1,2023-06-19T16:47:23.787591+00:00
CUR_JA020,Curitiba,4106902,1,,831,,,-25.449296,-49.366271,,False,1,2,2023-06-19T16:49:23.787591+00:00
CUR_BC850,Curitiba,4106902,1,,164,,,-25.432045,-49.272558,,False,7,1,2023-06-19T16:50:23.787591+00:00
CUR_DL308,Curitiba,4106902,0,URBS,305,https://moovitapp.com/index/pt-br/transporte_p%C3%BAblico-line-305_CENTEN%C3%81RIO-Curitiba-942-9628-294271-0,-1.0,-25.429503,-49.25905,,False,3,1,2023-06-19T16:50:23.787591+00:00
CUR_DL312,Curitiba,4106902,0,URBS,305,https://moovitapp.com/index/pt-br/transporte_p%C3%BAblico-line-305_CENTEN%C3%81RIO-Curitiba-942-9628-294271-0,-1.0,-25.46757,-49.254951,,False,3,1,2023-06-19T16:50:23.787591+00:00
CUR_JL318,Curitiba,4106902,0,URBS,024,https://moovitapp.com/index/pt-br/transporte_p%C3%BAblico-line-024_CAP%C3%83O_RASO_CAMPINA_DO_SIQUEIRA-Curitiba-942-9628-1323693-0,-1.0,-25.448623,-49.36604,,False,3,1,2023-06-19T16:49:23.787591+00:00
CUR_HL311,Curitiba,4106902,0,URBS,024,https://moovitapp.com/index/pt-br/transporte_p%C3%BAblico-line-024_CAP%C3%83O_RASO_CAMPINA_DO_SIQUEIRA-Curitiba-942-9628-1323693-0,-1.0,-25.537575,-49.307205,,False,3,1,2023-06-19T16:49:23.787591+00:00
CUR_HL317,Curitiba,4106902,0,URBS,024,https://moovitapp.com/index/pt-br/transporte_p%C3%BAblico-line-024_CAP%C3%83O_RASO_CAMPINA_DO_SIQUEIRA-Curitiba-942-9628-1323693-0,-1.0,-25.537891,-49.306816,,False,3,2,2023-06-19T16:49:23.787591+00:00
CUR_HN403,Curitiba,4106902,1,,668,,,-25.538746,-49.308358,,False,7,2,2023-06-19T16:49:23.787591+00:00
CUR_HR045,Curitiba,4106902,0,URBS,X11,https://moovitapp.com/index/pt-br/transporte_p%C3%BAblico-line-X11_S%C3%8DTIO_CERCADO_CAP%C3%83O_RASO-Curitiba-942-9628-531688-0,-1.0,-25.53952,-49.308733,,False,4,1,2023-06-19T16:50:23.787591+00:00
CUR_HE605,Curitiba,4106902,0,URBS,X11,https://moovitapp.com/index/pt-br/transporte_p%C3%BAblico-line-X11_S%C3%8DTIO_CERCADO_CAP%C3%83O_RASO-Curitiba-942-9628-531688-0,-1.0,-25.5384,-49.307188,,False,4,1,2023-06-19T16:49:23.787591+00:00
CUR_HE600,Curitiba,4106902,0,URBS,X11,https://moovitapp.com/index/pt-br/transporte_p%C3%BAblico-line-X11_S%C3%8DTIO_CERCADO_CAP%C3%83O_RASO-Curitiba-942-9628-531688-0,-1.0,-25.538413,-49.307148,,False,4,1,2023-06-19T16:50:23.787591+00:00
CUR_DL040,Curitiba,4106902,0,URBS,469,https://moovitapp.com/index/pt-br/transporte_p%C3%BAblico-line-469_CENTRO_POLIT%C3%89CNICO-Curitiba-942-9628-294421-0,-1.0,-25.468233,-49.254768,,False,3,1,2023-06-19T16:50:23.787591+00:00
CUR_DL315,Curitiba,4106902,0,URBS,469,https://moovitapp.com/index/pt-br/transporte_p%C3%BAblico-line-469_CENTRO_POLIT%C3%89CNICO-Curitiba-942-9628-294421-0,-1.0,-25.430246,-49.26114,,False,3,1,2023-06-19T16:50:23.787591+00:00
CUR_DL316,Curitiba,4106902,0,URBS,469,https://moovitapp.com/index/pt-br/transporte_p%C3%BAblico-line-469_CENTRO_POLIT%C3%89CNICO-Curitiba-942-9628-294421-0,-1.0,-25.438451,-49.250976,,False,3,1,2023-06-19T16:49:23.787591+00:00
CUR_BL316,Curitiba,4106902,0,URBS,518,https://moovitapp.com/index/pt-br/transporte_p%C3%BAblico-line-518_PUC_RODOFERROVI%C3%81RIA-Curitiba-942-9628-743528-0,-1.0,-25.437163,-49.260981,,False,3,2,2023-06-19T16:49:23.787591+00:00
CUR_GE608,Curitiba,4106902,0,URBS,X12,https://moovitapp.com/index/pt-br/transporte_p%C3%BAblico-line-X12_ESPECIAL_BOQUEIR%C3%83O-Curitiba-942-9628-504177-0,-1.0,-25.550293,-49.29168,,False,4,1,2023-06-19T16:49:23.787591+00:00
CUR_GE602,Curitiba,4106902,0,URBS,X12,https://moovitapp.com/index/pt-br/transporte_p%C3%BAblico-line-X12_ESPECIAL_BOQUEIR%C3%83O-Curitiba-942-9628-504177-0,-1.0,-25.550115,-49.291736,,False,4,1,2023-06-19T16:50:23.787591+00:00
CUR_BA016,Curitiba,4106902,1,,815,,,-25.414711,-49.280835,,False,1,,2023-06-19T16:49:23.787591+00:00
