bus_id,city,city_code,adapted,agency,line_code,line_url,line_fare,latitude,longitude,bus_speed,is_eletric,bus_type,bus_direction,updated_at
CUR_BI896,Curitiba,4106902,1,,168,,,-25.369163,-49.323731,,False,7,1,2023-06-18T17:13:33.075634+00:00
CUR_BI851,Curitiba,4106902,1,,168,,,-25.383931,-49.308176,,False,7,2,2023-06-18T17:13:33.075634+00:00
CUR_DN602,Curitiba,4106902,1,,466,,,-25.453686,-49.233138,,False,7,1,2023-06-18T17:13:33.075634+00:00
CUR_HL493,Curitiba,4106902,1,URBS,304,https://moovitapp.com/index/pt-br/transporte_p%C3%BAblico-line-304_PINHAIS_CAMPO_COMPRIDO-Curitiba-942-9628-133282995-0,-1.0,-25.429596,-49.28349,,False,3,2,2023-06-18T17:14:33.075634+00:00
CUR_JL321,Curitiba,4106902,1,URBS,304,https://moovitapp.com/index/pt-br/transporte_p%C3%BAblico-line-304_PINHAIS_CAMPO_COMPRIDO-Curitiba-942-9628-133282995-0,-1.0,-25.446078,-49.189681,,False,3,2,2023-06-18T17:13:33.075634+00:00
CUR_HI023,Curitiba,4106902,1,,619,,,-25.570885,-49.338335,,False,1,1,2023-06-18T17:13:33.075634+00:00
CUR_HI049,Curitiba,4106902,1,,658,,,-25.49417,-49.305878,,False,1,2,2023-06-18T17:14:33.075634+00:00
CUR_JI008,Curitiba,4106902,1,,658,,,-25.48942,-49.34897,,False,1,1,2023-06-18T17:14:33.075634+00:00
CUR_HI046,Curitiba,4106902,1,,685,,,-25.563623,-49.329051,,False,1,2,2023-06-18T17:14:33.075634+00:00
CUR_HI015,Curitiba,4106902,1,,685,,,-25.579656,-49.334745,,False,1,1,2023-06-18T17:14:33.075634+00:00
CUR_BE717,Curitiba,4106902,0,URBS,203,https://moovitapp.com/index/pt-br/transporte_p%C3%BAblico-line-203_SANTA_C%C3%82NDIDA_CAP%C3%83O_RASO-Curitiba-942-9628-1323737-0,-1.0,-25.434026,-49.266153,,False,5,1,2023-06-18T17:14:33.075634+00:00
CUR_BE708,Curitiba,4106902,0,URBS,203,https://moovitapp.com/index/pt-br/transporte_p%C3%BAblico-line-203_SANTA_C%C3%82NDIDA_CAP%C3%83O_RASO-Curitiba-942-9628-1323737-0,-1.0,-25.437761,-49.267071,,False,5,2,2023-06-18T17:14:33.075634+00:00
CUR_BE721,Curitiba,4106902,0,URBS,203,https://moovitapp.com/index/pt-br/transporte_p%C3%BAblico-line-203_SANTA_C%C3%82NDIDA_CAP%C3%83O_RASO-Curitiba-942-9628-1323737-0,-1.0,-25.481761,-49.292596,,False,5,1,2023-06-18T17:14:33.075634+00:00
CUR_BE714,Curitiba,4106902,0,URBS,203,https://moovitapp.com/index/pt-br/transporte_p%C3%BAblico-line-203_SANTA_C%C3%82NDIDA_CAP%C3%83O_RASO-Curitiba-942-9628-1323737-0,-1.0,-25.385188,-49.232845,,False,5,2,2023-06-18T17:14:33.075634+00:00
CUR_HE719,Curitiba,4106902,0,URBS,203,https://moovitapp.com/index/pt-br/transporte_p%C3%BAblico-line-203_SANTA_C%C3%82NDIDA_CAP%C3%83O_RASO-Curitiba-942-9628-1323737-0,-1.0,-25.476576,-49.292663,,False,5,1,2023-06-18T17:13:33.075634+00:00
CUR_BE729,Curitiba,4106902,0,URBS,203,https://moovitapp.com/index/pt-br/transporte_p%C3%BAblico-line-203_SANTA_C%C3%82NDIDA_CAP%C3%83O_RASO-Curitiba-942-9628-1323737-0,-1.0,-25.392498,-49.239558,,False,5,2,2023-06-18T17:13:33.075634+00:00
CUR_HE717,Curitiba,4106902,0,URBS,203,https://moovitapp.com/index/pt-br/transporte_p%C3%BAblico-line-203_SANTA_C%C3%82NDIDA_CAP%C3%83O_RASO-Curitiba-942-9628-1323737-0,-1.0,-25.449793,-49.288,,False,5,1,2023-06-18T17:14:33.075634+00:00
CUR_BE710,Curitiba,4106902,0,URBS,203,https://moovitapp.com/index/pt-br/transporte_p%C3%BAblico-line-203_SANTA_C%C3%82NDIDA_CAP%C3%83O_RASO-Curitiba-942-9628-1323737-0,-1.0,-25.406571,-49.252926,,False,5,2,2023-06-18T17:14:33.075634+00:00
CUR_GE728,Curitiba,4106902,0,URBS,203,https://moovitapp.com/index/pt-br/transporte_p%C3%BAblico-line-203_SANTA_C%C3%82NDIDA_CAP%C3%83O_RASO-Curitiba-942-9628-1323737-0,-1.0,-25.410278,-49.256068,,False,5,2,2023-06-18T17:14:33.075634+00:00
CUR_BE716,Curitiba,4106902,0,URBS,203,https://moovitapp.com/index/pt-br/transporte_p%C3%BAblico-line-203_SANTA_C%C3%82NDIDA_CAP%C3%83O_RASO-Curitiba-942-9628-1323737-0,-1.0,-25.463668,-49.290866,,False,5,1,2023-06-18T17:14:33.075634+00:00
CUR_HI604,Curitiba,4106902,1,,684,,,-25.588445,-49.334431,,False,4,1,2023-06-18T17:13:33.075634+00:00
CUR_HI043,Curitiba,4106902,1,,684,,,-25.574025,-49.328875,,False,1,1,2023-06-18T17:14:33.075634+00:00
CUR_HI605,Curitiba,4106902,1,,684,,,-25.536266,-49.30144,,False,4,2,2023-06-18T17:12:33.075634+00:00
CUR_EB600,Curitiba,4106902,1,,021,,,-25.4406,-49.22089,,False,4,,2023-06-18T17:14:33.075634+00:00
CUR_BB305,Curitiba,4106902,1,,021,,,-25.490895,-49.255441,,False,10,,2023-06-18T17:14:33.075634+00:00
CUR_KB606,Curitiba,4106902,1,,021,,,-25.421796,-49.291701,,False,4,,2023-06-18T17:14:33.075634+00:00
CUR_KB605,Curitiba,4106902,1,,021,,,-25.465973,-49.300786,,False,4,,2023-06-18T17:14:33.075634+00:00
CUR_EI009,Curitiba,4106902,1,,521,,,-25.52278,-49.251673,,False,1,1,2023-06-18T17:13:33.075634+00:00
CUR_DL304,Curitiba,4106902,0,URBS,023,https://moovitapp.com/index/pt-br/transporte_p%C3%BAblico-line-023_INTER_2_ANTI_HOR%C3%81RIO-Curitiba-942-9628-398189-0,-1.0,-25.410498,-49.248326,,False,3,,2023-06-18T17:14:33.075634+00:00
CUR_DL317,Curitiba,4106902,0,URBS,023,https://moovitapp.com/index/pt-br/transporte_p%C3%BAblico-line-023_INTER_2_ANTI_HOR%C3%81RIO-Curitiba-942-9628-398189-0,-1.0,-25.456921,-49.303338,,False,3,,2023-06-18T17:13:33.075634+00:00
CUR_GL322,Curitiba,4106902,0,URBS,023,https://moovitapp.com/index/pt-br/transporte_p%C3%BAblico-line-023_INTER_2_ANTI_HOR%C3%81RIO-Curitiba-942-9628-398189-0,-1.0,-25.472753,-49.295326,,False,3,,2023-06-18T17:13:33.075634+00:00
CUR_BL313,Curitiba,4106902,0,URBS,023,https://moovitapp.com/index/pt-br/transporte_p%C3%BAblico-line-023_INTER_2_ANTI_HOR%C3%81RIO-Curitiba-942-9628-398189-0,-1.0,-25.439658,-49.222141,,False,3,,2023-06-18T17:14:33.075634+00:00
CUR_BL324,Curitiba,4106902,0,URBS,023,https://moovitapp.com/index/pt-br/transporte_p%C3%BAblico-line-023_INTER_2_ANTI_HOR%C3%81RIO-Curitiba-942-9628-398189-0,-1.0,-25.492548,-49.291463,,False,3,,2023-06-18T17:13:33.075634+00:00
CUR_BL336,Curitiba,4106902,0,URBS,023,https://moovitapp.com/index/pt-br/transporte_p%C3%BAblico-line-023_INTER_2_ANTI_HOR%C3%81RIO-Curitiba-942-9628-398189-0,-1.0,-25.47691,-49.240938,,False,3,,2023-06-18T17:13:33.075634+00:00
CUR_BL610,Curitiba,4106902,0,URBS,023,https://moovitapp.com/index/pt-br/transporte_p%C3%BAblico-line-023_INTER_2_ANTI_HOR%C3%81RIO-Curitiba-942-9628-398189-0,-1.0,-25.41468,-49.281165,,False,4,,2023-06-18T17:13:33.075634+00:00
CUR_GE611,Curitiba,4106902,0,URBS,502,https://moovitapp.com/index/pt-br/transporte_p%C3%BAblico-line-502_CIRCULAR_SUL_HOR%C3%81RIO-Curitiba-942-9628-294482-0,-1.0,-25.517731,-49.295605,,False,4,,2023-06-18T17:13:33.075634+00:00
CUR_GE614,Curitiba,4106902,0,URBS,502,https://moovitapp.com/index/pt-br/transporte_p%C3%BAblico-line-502_CIRCULAR_SUL_HOR%C3%81RIO-Curitiba-942-9628-294482-0,-1.0,-25.525005,-49.228808,,False,4,,2023-06-18T17:13:33.075634+00:00
CUR_GE604,Curitiba,4106902,0,URBS,502,https://moovitapp.com/index/pt-br/transporte_p%C3%BAblico-line-502_CIRCULAR_SUL_HOR%C3%81RIO-Curitiba-942-9628-294482-0,-1.0,-25.514316,-49.295645,,False,4,,2023-06-18T17:12:33.075634+00:00
CUR_BI901,Curitiba,4106902,1,,827,,,-25.436443,-49.361541,,False,7,2,2023-06-18T17:14:33.075634+00:00
CUR_JI300,Curitiba,4106902,0,,706,,,-25.483735,-49.348963,,False,3,1,2023-06-18T17:13:33.075634+00:00
CUR_JC305,Curitiba,4106902,1,,706,,,-25.4348,-49.272146,,False,3,2,2023-06-18T17:14:33.075634+00:00
CUR_JC301,Curitiba,4106902,1,,706,,,-25.458555,-49.302286,,False,3,2,2023-06-18T17:13:33.075634+00:00
CUR_JC313,Curitiba,4106902,1,,706,,,-25.477023,-49.336681,,False,3,1,2023-06-18T17:14:33.075634+00:00
CUR_BI011,Curitiba,4106902,1,,924,,,-25.396003,-49.287761,,False,1,1,2023-06-18T17:13:33.075634+00:00
CUR_BA030,Curitiba,4106902,1,,924,,,-25.39502,-49.285348,,False,1,2,2023-06-18T17:13:33.075634+00:00
CUR_JI866,Curitiba,4106902,1,,777,,,-25.460983,-49.32823,,False,7,1,2023-06-18T17:13:33.075634+00:00
CUR_HI016,Curitiba,4106902,1,,655,,,-25.56857,-49.319183,,False,1,1,2023-06-18T17:13:33.075634+00:00
CUR_HI025,Curitiba,4106902,1,,655,,,-25.548821,-49.304663,,False,1,2,2023-06-18T17:13:33.075634+00:00
CUR_EB601,Curitiba,4106902,1,,020,,,-25.3923,-49.255348,,False,4,,2023-06-18T17:14:33.075634+00:00
CUR_BB608,Curitiba,4106902,1,,020,,,-25.43587,-49.3068,,False,4,,2023-06-18T17:13:33.075634+00:00
CUR_BB611,Curitiba,4106902,1,,020,,,-25.476238,-49.24018,,False,4,,2023-06-18T17:14:33.075634+00:00
CUR_GB600,Curitiba,4106902,1,,020,,,-25.428521,-49.230346,,False,4,,2023-06-18T17:14:33.075634+00:00
CUR_BC311,Curitiba,4106902,1,,205,,,-25.423618,-49.268658,,False,3,1,2023-06-18T17:14:33.075634+00:00
CUR_BC309,Curitiba,4106902,1,,205,,,-25.403703,-49.26013,,False,3,2,2023-06-18T17:13:33.075634+00:00
CUR_JI011,Curitiba,4106902,1,,860,,,-25.450076,-49.299283,,False,1,2,2023-06-18T17:14:33.075634+00:00
CUR_GI005,Curitiba,4106902,1,,545,,,-25.529691,-49.254601,,False,1,2,2023-06-18T17:14:33.075634+00:00
CUR_KI002,Curitiba,4106902,1,,545,,,-25.541111,-49.294013,,False,1,1,2023-06-18T17:13:33.075634+00:00
CUR_JC315,Curitiba,4106902,1,,545,,,-25.478651,-49.325393,,False,3,1,2023-06-18T17:14:33.075634+00:00
CUR_DA295,Curitiba,4106902,1,,335,,,-25.498058,-49.21804,,False,1,1,2023-06-18T17:14:33.075634+00:00
CUR_DA297,Curitiba,4106902,1,,335,,,-25.502856,-49.225255,,False,1,2,2023-06-18T17:13:33.075634+00:00
CUR_GI055,Curitiba,4106902,1,,548,,,-25.536458,-49.272986,,False,1,2,2023-06-18T17:14:33.075634+00:00
CUR_GI014,Curitiba,4106902,1,,548,,,-25.554531,-49.262131,,False,1,1,2023-06-18T17:14:33.075634+00:00
CUR_DC853,Curitiba,4106902,1,,334,,,-25.465971,-49.200651,,False,7,,2023-06-18T17:14:33.075634+00:00
CUR_HI855,Curitiba,4106902,1,,630,,,-25.51273,-49.295173,,False,7,2,2023-06-18T17:13:33.075634+00:00
CUR_BI024,Curitiba,4106902,1,,233,,,-25.364483,-49.21029,,False,1,,2023-06-18T17:13:33.075634+00:00
CUR_HI859,Curitiba,4106902,1,,865,,,-25.443035,-49.320618,,False,7,1,2023-06-18T17:12:33.075634+00:00
CUR_GI020,Curitiba,4106902,1,,640,,,-25.550855,-49.299281,,False,1,1,2023-06-18T17:14:33.075634+00:00
CUR_DN604,Curitiba,4106902,1,,465,,,-25.434805,-49.272401,,False,7,2,2023-06-18T17:14:33.075634+00:00
CUR_BI856,Curitiba,4106902,1,Auto Viação São José,213,https://moovitapp.com/index/pt-br/transporte_p%C3%BAblico-line-213_PIT_PRA%C3%87A_DA_JUVENTUDE_CRISTAL_BLANCO_POMBO_HOR%C3%81RIO-Curitiba-942-857412-119631272-0,-1.0,-25.408241,-49.250578,,False,7,1,2023-06-18T17:14:33.075634+00:00
CUR_HC851,Curitiba,4106902,1,,863,,,-25.463893,-49.286665,,False,7,1,2023-06-18T17:13:33.075634+00:00
CUR_HI022,Curitiba,4106902,1,,772,,,-25.593298,-49.315988,,False,1,2,2023-06-18T17:14:33.075634+00:00
CUR_HI039,Curitiba,4106902,1,,772,,,-25.601523,-49.324821,,False,1,1,2023-06-18T17:13:33.075634+00:00
CUR_BI875,Curitiba,4106902,1,,243,,,-25.366683,-49.260105,,False,7,2,2023-06-18T17:14:33.075634+00:00
CUR_GI855,Curitiba,4106902,1,,665,,,-25.497693,-49.286585,,False,7,1,2023-06-18T17:11:33.075634+00:00
CUR_GI857,Curitiba,4106902,1,,665,,,-25.438258,-49.272711,,False,7,2,2023-06-18T17:13:33.075634+00:00
CUR_BI889,Curitiba,4106902,1,,386,,,-25.430978,-49.263093,,False,7,1,2023-06-18T17:14:33.075634+00:00
CUR_BI022,Curitiba,4106902,1,,225,,,-25.389238,-49.244373,,False,1,2,2023-06-18T17:13:33.075634+00:00
CUR_GI046,Curitiba,4106902,1,,643,,,-25.558876,-49.296571,,False,1,1,2023-06-18T17:13:33.075634+00:00
CUR_GI008,Curitiba,4106902,1,,643,,,-25.536968,-49.295095,,False,1,1,2023-06-18T17:14:33.075634+00:00
CUR_EI006,Curitiba,4106902,1,,X07,,,-25.55268,-49.251558,,False,1,1,2023-06-18T17:14:33.075634+00:00
CUR_EA026,Curitiba,4106902,1,,657,,,-25.496165,-49.275615,,False,1,2,2023-06-18T17:13:33.075634+00:00
CUR_GI044,Curitiba,4106902,1,,683,,,-25.541173,-49.271816,,False,1,1,2023-06-18T17:13:33.075634+00:00
CUR_GI023,Curitiba,4106902,1,,636,,,-25.515148,-49.295026,,False,1,2,2023-06-18T17:14:33.075634+00:00
CUR_JI856,Curitiba,4106902,1,,861,,,-25.46275,-49.348646,,False,7,1,2023-06-18T17:13:33.075634+00:00
CUR_JL307,Curitiba,4106902,0,URBS,702,https://moovitapp.com/index/pt-br/transporte_p%C3%BAblico-line-702_CAIU%C3%81_CACHOEIRA-Curitiba-942-9628-133282980-0,-1.0,-25.385318,-49.260993,,False,3,2,2023-06-18T17:13:33.075634+00:00
CUR_JL320,Curitiba,4106902,1,URBS,702,https://moovitapp.com/index/pt-br/transporte_p%C3%BAblico-line-702_CAIU%C3%81_CACHOEIRA-Curitiba-942-9628-133282980-0,-1.0,-25.459976,-49.30248,,False,3,1,2023-06-18T17:13:33.075634+00:00
CUR_HI018,Curitiba,4106902,1,,650,,,-25.570905,-49.331948,,False,1,1,2023-06-18T17:14:33.075634+00:00
CUR_HI607,Curitiba,4106902,0,,650,,,-25.51792,-49.295636,,False,4,2,2023-06-18T17:14:33.075634+00:00
CUR_HI032,Curitiba,4106902,1,,650,,,-25.56855,-49.332291,,False,1,1,2023-06-18T17:13:33.075634+00:00
CUR_HN403,Curitiba,4106902,1,,627,,,-25.53656,-49.332151,,False,7,1,2023-06-18T17:13:33.075634+00:00
CUR_DA011,Curitiba,4106902,1,,322,,,-25.468658,-49.208725,,False,1,1,2023-06-18T17:13:33.075634+00:00
CUR_DA290,Curitiba,4106902,1,,338,,,-25.472843,-49.238181,,False,1,1,2023-06-18T17:14:33.075634+00:00
CUR_DA033,Curitiba,4106902,1,,338,,,-25.468936,-49.208355,,False,1,2,2023-06-18T17:14:33.075634+00:00
CUR_BI870,Curitiba,4106902,1,Auto Viação São José,214,https://moovitapp.com/index/pt-br/transporte_p%C3%BAblico-line-214_PIT_PRA%C3%87A_DA_JUVENTUDE_CRISTAL_BLANCO_POMBO_ANTI_HOR%C3%81RIO-Curitiba-942-857412-119631273-0,-1.0,-25.407016,-49.252923,,False,7,2,2023-06-18T17:14:33.075634+00:00
CUR_DA292,Curitiba,4106902,1,,621,,,-25.482943,-49.25214,,False,1,1,2023-06-18T17:14:33.075634+00:00
CUR_EI018,Curitiba,4106902,1,,621,,,-25.489265,-49.280868,,False,1,2,2023-06-18T17:13:33.075634+00:00
CUR_BI850,Curitiba,4106902,1,,875,,,-25.42297,-49.32035,,False,7,1,2023-06-18T17:14:33.075634+00:00
CUR_GL325,Curitiba,4106902,0,URBS,022,https://moovitapp.com/index/pt-br/transporte_p%C3%BAblico-line-022_INTER_2_HOR%C3%81RIO-Curitiba-942-9628-381388-0,-1.0,-25.49551,-49.276568,,False,3,,2023-06-18T17:13:33.075634+00:00
CUR_DL301,Curitiba,4106902,0,URBS,022,https://moovitapp.com/index/pt-br/transporte_p%C3%BAblico-line-022_INTER_2_HOR%C3%81RIO-Curitiba-942-9628-381388-0,-1.0,-25.412673,-49.265228,,False,3,,2023-06-18T17:14:33.075634+00:00
CUR_EL326,Curitiba,4106902,1,URBS,022,https://moovitapp.com/index/pt-br/transporte_p%C3%BAblico-line-022_INTER_2_HOR%C3%81RIO-Curitiba-942-9628-381388-0,-1.0,-25.428918,-49.225095,,False,3,,2023-06-18T17:14:33.075634+00:00
CUR_BL305,Curitiba,4106902,0,URBS,022,https://moovitapp.com/index/pt-br/transporte_p%C3%BAblico-line-022_INTER_2_HOR%C3%81RIO-Curitiba-942-9628-381388-0,-1.0,-25.436111,-49.306968,,False,3,,2023-06-18T17:13:33.075634+00:00
CUR_BL319,Curitiba,4106902,0,URBS,022,https://moovitapp.com/index/pt-br/transporte_p%C3%BAblico-line-022_INTER_2_HOR%C3%81RIO-Curitiba-942-9628-381388-0,-1.0,-25.445271,-49.223513,,False,3,,2023-06-18T17:12:33.075634+00:00
CUR_KB604,Curitiba,4106902,1,,050,,,-25.473273,-49.287138,,False,4,1,2023-06-18T17:13:33.075634+00:00
CUR_JB301,Curitiba,4106902,1,,050,,,-25.451285,-49.215086,,False,3,2,2023-06-18T17:14:33.075634+00:00
CUR_EB603,Curitiba,4106902,1,,050,,,-25.47843,-49.32628,,False,4,1,2023-06-18T17:13:33.075634+00:00
CUR_DA294,Curitiba,4106902,1,,462,,,-25.48165,-49.209871,,False,1,1,2023-06-18T17:14:33.075634+00:00
CUR_DA296,Curitiba,4106902,1,,462,,,-25.44168,-49.259081,,False,1,1,2023-06-18T17:14:33.075634+00:00
CUR_MN608,Curitiba,4106902,1,,972,,,-25.400455,-49.313005,,False,7,1,2023-06-18T17:14:33.075634+00:00
CUR_MN603,Curitiba,4106902,1,,972,,,-25.421673,-49.291611,,False,7,2,2023-06-18T17:14:33.075634+00:00
CUR_MC851,Curitiba,4106902,1,,972,,,-25.419333,-49.294431,,False,7,,2023-06-18T17:14:33.075634+00:00
CUR_KB608,Curitiba,4106902,1,,030,,,-25.500398,-49.235531,,False,4,1,2023-06-18T17:14:33.075634+00:00
CUR_BB600,Curitiba,4106902,1,,030,,,-25.400136,-49.206963,,False,4,2,2023-06-18T17:13:33.075634+00:00
CUR_KB607,Curitiba,4106902,1,,030,,,-25.491838,-49.293261,,False,4,1,2023-06-18T17:14:33.075634+00:00
CUR_CB600,Curitiba,4106902,1,,030,,,-25.482083,-49.214035,,False,4,2,2023-06-18T17:13:33.075634+00:00
CUR_CB603,Curitiba,4106902,1,,030,,,-25.431896,-49.208183,,False,4,1,2023-06-18T17:14:33.075634+00:00
CUR_HI862,Curitiba,4106902,1,,628,,,-25.550025,-49.32837,,False,7,1,2023-06-18T17:14:33.075634+00:00
CUR_HI853,Curitiba,4106902,1,,628,,,-25.491676,-49.29817,,False,7,2,2023-06-18T17:14:33.075634+00:00
CUR_HE610,Curitiba,4106902,0,URBS,602,https://moovitapp.com/index/pt-br/transporte_p%C3%BAblico-line-602_CIRCULAR_SUL_ANTI_HOR%C3%81RIO-Curitiba-942-9628-294517-0,-1.0,-25.528451,-49.290985,,False,4,,2023-06-18T17:14:33.075634+00:00
CUR_HE615,Curitiba,4106902,0,URBS,602,https://moovitapp.com/index/pt-br/transporte_p%C3%BAblico-line-602_CIRCULAR_SUL_ANTI_HOR%C3%81RIO-Curitiba-942-9628-294517-0,-1.0,-25.476283,-49.292753,,False,4,,2023-06-18T17:13:33.075634+00:00
CUR_HE612,Curitiba,4106902,0,URBS,602,https://moovitapp.com/index/pt-br/transporte_p%C3%BAblico-line-602_CIRCULAR_SUL_ANTI_HOR%C3%81RIO-Curitiba-942-9628-294517-0,-1.0,-25.510263,-49.233223,,False,4,,2023-06-18T17:13:33.075634+00:00
CUR_HI854,Curitiba,4106902,1,,673,,,-25.490608,-49.311196,,False,7,1,2023-06-18T17:14:33.075634+00:00
CUR_BI859,Curitiba,4106902,1,,160,,,-25.445795,-49.269053,,False,7,2,2023-06-18T17:13:33.075634+00:00
CUR_BC932,Curitiba,4106902,1,,160,,,-25.415166,-49.289986,,False,7,1,2023-06-18T17:14:33.075634+00:00
CUR_GI054,Curitiba,4106902,1,,631,,,-25.524368,-49.293685,,False,1,,2023-06-18T17:13:33.075634+00:00
CUR_GI048,Curitiba,4106902,1,,534,,,-25.534446,-49.268023,,False,1,2,2023-06-18T17:14:33.075634+00:00
CUR_BI866,Curitiba,4106902,1,Auto Viação São José,212,https://moovitapp.com/index/pt-br/transporte_p%C3%BAblico-line-212_PIT_PRA%C3%87A_DA_JUVENTUDE_SANTA_F%C3%89_CRISTAL-Curitiba-942-857412-73656311-0,-1.0,-25.398298,-49.217715,,False,7,2,2023-06-18T17:14:33.075634+00:00
CUR_HL328,Curitiba,4106902,0,URBS,210,https://moovitapp.com/index/pt-br/transporte_p%C3%BAblico-line-210_CIC_CABRAL-Curitiba-942-9628-363542-0,-1.0,-25.437146,-49.270898,,False,3,2,2023-06-18T17:14:33.075634+00:00
CUR_HL331,Curitiba,4106902,1,URBS,210,https://moovitapp.com/index/pt-br/transporte_p%C3%BAblico-line-210_CIC_CABRAL-Curitiba-942-9628-363542-0,-1.0,-25.436551,-49.27112,,False,3,2,2023-06-18T17:13:33.075634+00:00
CUR_HL497,Curitiba,4106902,1,URBS,210,https://moovitapp.com/index/pt-br/transporte_p%C3%BAblico-line-210_CIC_CABRAL-Curitiba-942-9628-363542-0,-1.0,-25.492045,-49.293011,,False,3,1,2023-06-18T17:14:33.075634+00:00
CUR_BI879,Curitiba,4106902,1,,183,,,-25.365568,-49.27381,,False,7,1,2023-06-18T17:14:33.075634+00:00
CUR_BI871,Curitiba,4106902,1,,266,,,-25.42902,-49.27022,,False,7,2,2023-06-18T17:14:33.075634+00:00
CUR_EI008,Curitiba,4106902,1,,528,,,-25.519646,-49.23132,,False,1,1,2023-06-18T17:14:33.075634+00:00
CUR_GI011,Curitiba,4106902,1,,528,,,-25.516358,-49.295711,,False,1,2,2023-06-18T17:13:33.075634+00:00
CUR_GI047,Curitiba,4106902,1,,528,,,-25.566385,-49.278995,,False,1,1,2023-06-18T17:13:33.075634+00:00
CUR_EA020,Curitiba,4106902,1,,528,,,-25.542878,-49.260541,,False,1,2,2023-06-18T17:14:33.075634+00:00
CUR_BI860,Curitiba,4106902,1,,366,,,-25.433693,-49.273683,,False,7,2,2023-06-18T17:14:33.075634+00:00
CUR_JI017,Curitiba,4106902,1,,611,,,-25.473306,-49.295566,,False,1,1,2023-06-18T17:14:33.075634+00:00
CUR_JI012,Curitiba,4106902,1,,611,,,-25.469801,-49.303418,,False,1,2,2023-06-18T17:13:33.075634+00:00
CUR_HB608,Curitiba,4106902,1,,040,,,-25.400466,-49.331436,,False,4,1,2023-06-18T17:14:33.075634+00:00
CUR_HB604,Curitiba,4106902,1,,040,,,-25.452013,-49.350575,,False,4,1,2023-06-18T17:14:33.075634+00:00
CUR_GB612,Curitiba,4106902,1,,040,,,-25.511798,-49.32533,,False,4,2,2023-06-18T17:14:33.075634+00:00
CUR_HB606,Curitiba,4106902,1,,040,,,-25.512243,-49.33216,,False,4,2,2023-06-18T17:14:33.075634+00:00
CUR_HB605,Curitiba,4106902,1,,040,,,-25.471126,-49.342573,,False,4,2,2023-06-18T17:14:33.075634+00:00
CUR_CI007,Curitiba,4106902,1,,222,,,-25.388131,-49.211363,,False,1,1,2023-06-18T17:13:33.075634+00:00
CUR_DC855,Curitiba,4106902,1,,387,,,-25.434501,-49.239375,,False,7,2,2023-06-18T17:14:33.075634+00:00
CUR_MI852,Curitiba,4106902,1,,948,,,-25.40069,-49.33058,,False,7,2,2023-06-18T17:13:33.075634+00:00
CUR_MA949,Curitiba,4106902,1,,958,,,-25.391248,-49.352488,,False,7,2,2023-06-18T17:13:33.075634+00:00
CUR_HI857,Curitiba,4106902,1,,652,,,-25.511673,-49.324831,,False,7,2,2023-06-18T17:14:33.075634+00:00
CUR_HI861,Curitiba,4106902,1,,652,,,-25.527806,-49.334221,,False,7,1,2023-06-18T17:14:33.075634+00:00
CUR_BI869,Curitiba,4106902,1,,231,,,-25.374008,-49.223255,,False,7,2,2023-06-18T17:14:33.075634+00:00
CUR_HE724,Curitiba,4106902,0,URBS,603,https://moovitapp.com/index/pt-br/transporte_p%C3%BAblico-line-603_PINHEIRINHO_RUI_BARBOSA-Curitiba-942-9628-484781-0,-1.0,-25.493003,-49.293691,,False,5,1,2023-06-18T17:14:33.075634+00:00
CUR_HE722,Curitiba,4106902,0,URBS,603,https://moovitapp.com/index/pt-br/transporte_p%C3%BAblico-line-603_PINHEIRINHO_RUI_BARBOSA-Curitiba-942-9628-484781-0,-1.0,-25.488218,-49.294226,,False,5,1,2023-06-18T17:13:33.075634+00:00
CUR_HE731,Curitiba,4106902,0,URBS,603,https://moovitapp.com/index/pt-br/transporte_p%C3%BAblico-line-603_PINHEIRINHO_RUI_BARBOSA-Curitiba-942-9628-484781-0,-1.0,-25.442401,-49.279335,,False,5,2,2023-06-18T17:13:33.075634+00:00
CUR_HE723,Curitiba,4106902,0,URBS,603,https://moovitapp.com/index/pt-br/transporte_p%C3%BAblico-line-603_PINHEIRINHO_RUI_BARBOSA-Curitiba-942-9628-484781-0,-1.0,-25.444706,-49.285735,,False,5,2,2023-06-18T17:14:33.075634+00:00
CUR_BI880,Curitiba,4106902,1,,244,,,-25.364666,-49.250171,,False,7,1,2023-06-18T17:12:33.075634+00:00
CUR_GI007,Curitiba,4106902,1,,524,,,-25.544851,-49.265421,,False,1,2,2023-06-18T17:12:33.075634+00:00
CUR_GI045,Curitiba,4106902,1,,638,,,-25.528283,-49.292368,,False,1,1,2023-06-18T17:14:33.075634+00:00
CUR_BI886,Curitiba,4106902,1,,275,,,-25.42619,-49.268665,,False,7,2,2023-06-18T17:14:33.075634+00:00
CUR_BI897,Curitiba,4106902,1,,822,,,-25.439566,-49.358131,,False,7,1,2023-06-18T17:14:33.075634+00:00
CUR_GI850,Curitiba,4106902,1,,616,,,-25.475315,-49.289386,,False,7,1,2023-06-18T17:14:33.075634+00:00
CUR_GI852,Curitiba,4106902,1,,661,,,-25.4712,-49.277906,,False,7,2,2023-06-18T17:14:33.075634+00:00
CUR_HE716,Curitiba,4106902,0,URBS,550,https://moovitapp.com/index/pt-br/transporte_p%C3%BAblico-line-550_LIGEIR%C3%83O_PINHEIRINHO_CARLOS_GOMES-Curitiba-942-9628-1254061-0,-1.0,-25.436481,-49.269298,,False,5,2,2023-06-18T17:14:33.075634+00:00
CUR_HE720,Curitiba,4106902,0,URBS,550,https://moovitapp.com/index/pt-br/transporte_p%C3%BAblico-line-550_LIGEIR%C3%83O_PINHEIRINHO_CARLOS_GOMES-Curitiba-942-9628-1254061-0,-1.0,-25.473678,-49.25755,,False,5,2,2023-06-18T17:14:33.075634+00:00
CUR_GE724,Curitiba,4106902,0,URBS,550,https://moovitapp.com/index/pt-br/transporte_p%C3%BAblico-line-550_LIGEIR%C3%83O_PINHEIRINHO_CARLOS_GOMES-Curitiba-942-9628-1254061-0,-1.0,-25.470821,-49.255341,,False,5,1,2023-06-18T17:13:33.075634+00:00
CUR_BI873,Curitiba,4106902,1,,224,,,-25.393358,-49.240845,,False,7,,2023-06-18T17:14:33.075634+00:00
CUR_BI878,Curitiba,4106902,1,,260,,,-25.431016,-49.27289,,False,7,2,2023-06-18T17:14:33.075634+00:00
CUR_BE718,Curitiba,4106902,0,URBS,350,https://moovitapp.com/index/pt-br/transporte_p%C3%BAblico-line-350_FAGUNDES_VARELA_PINHEIRINHO-Curitiba-942-9628-52482798-0,-1.0,-25.46047,-49.250248,,False,5,2,2023-06-18T17:14:33.075634+00:00
CUR_HE608,Curitiba,4106902,0,URBS,350,https://moovitapp.com/index/pt-br/transporte_p%C3%BAblico-line-350_FAGUNDES_VARELA_PINHEIRINHO-Curitiba-942-9628-52482798-0,-1.0,-25.453483,-49.244196,,False,4,1,2023-06-18T17:13:33.075634+00:00
CUR_GI034,Curitiba,4106902,1,,663,,,-25.435801,-49.274376,,False,1,2,2023-06-18T17:14:33.075634+00:00
CUR_EI004,Curitiba,4106902,1,,471,,,-25.43992,-49.260386,,False,1,2,2023-06-18T17:14:33.075634+00:00
CUR_EI017,Curitiba,4106902,1,,475,,,-25.434948,-49.27193,,False,1,2,2023-06-18T17:14:33.075634+00:00
CUR_EA006,Curitiba,4106902,1,,475,,,-25.503176,-49.216438,,False,1,1,2023-06-18T17:13:33.075634+00:00
CUR_EI003,Curitiba,4106902,1,Auto Viação São José,515,https://moovitapp.com/index/pt-br/transporte_p%C3%BAblico-line-515_%E2%9C%88_AEROPORTO_1_SHOPPING_S%C3%83O_JOS%C3%89-Curitiba-942-857412-67925719-0,-1.0,-25.481901,-49.246743,,False,1,1,2023-06-18T17:13:33.075634+00:00
CUR_EI010,Curitiba,4106902,1,,472,,,-25.447633,-49.257906,,False,1,2,2023-06-18T17:14:33.075634+00:00
CUR_EI013,Curitiba,4106902,1,,513,,,-25.517193,-49.230726,,False,1,2,2023-06-18T17:14:33.075634+00:00
CUR_JI850,Curitiba,4106902,1,,721,,,-25.484006,-49.354283,,False,7,1,2023-06-18T17:12:33.075634+00:00
CUR_DE705,Curitiba,4106902,0,URBS,303,https://moovitapp.com/index/pt-br/transporte_p%C3%BAblico-line-303_CENTEN%C3%81RIO_CAMPO_COMPRIDO-Curitiba-942-9628-531689-0,-1.0,-25.440028,-49.337128,,False,5,2,2023-06-18T17:13:33.075634+00:00
CUR_DE711,Curitiba,4106902,0,URBS,303,https://moovitapp.com/index/pt-br/transporte_p%C3%BAblico-line-303_CENTEN%C3%81RIO_CAMPO_COMPRIDO-Curitiba-942-9628-531689-0,-1.0,-25.435673,-49.261108,,False,5,1,2023-06-18T17:13:33.075634+00:00
CUR_DE704,Curitiba,4106902,0,URBS,303,https://moovitapp.com/index/pt-br/transporte_p%C3%BAblico-line-303_CENTEN%C3%81RIO_CAMPO_COMPRIDO-Curitiba-942-9628-531689-0,-1.0,-25.441015,-49.236551,,False,5,1,2023-06-18T17:13:33.075634+00:00
CUR_JE706,Curitiba,4106902,0,URBS,303,https://moovitapp.com/index/pt-br/transporte_p%C3%BAblico-line-303_CENTEN%C3%81RIO_CAMPO_COMPRIDO-Curitiba-942-9628-531689-0,-1.0,-25.435058,-49.304488,,False,5,2,2023-06-18T17:14:33.075634+00:00
CUR_DE702,Curitiba,4106902,0,URBS,303,https://moovitapp.com/index/pt-br/transporte_p%C3%BAblico-line-303_CENTEN%C3%81RIO_CAMPO_COMPRIDO-Curitiba-942-9628-531689-0,-1.0,-25.437448,-49.267465,,False,5,1,2023-06-18T17:13:33.075634+00:00
CUR_DE718,Curitiba,4106902,0,URBS,303,https://moovitapp.com/index/pt-br/transporte_p%C3%BAblico-line-303_CENTEN%C3%81RIO_CAMPO_COMPRIDO-Curitiba-942-9628-531689-0,-1.0,-25.428871,-49.289353,,False,5,2,2023-06-18T17:13:33.075634+00:00
CUR_JI863,Curitiba,4106902,1,,710,,,-25.478038,-49.33963,,False,7,1,2023-06-18T17:14:33.075634+00:00
CUR_GE601,Curitiba,4106902,0,URBS,503,https://moovitapp.com/index/pt-br/transporte_p%C3%BAblico-line-503_BOQUEIR%C3%83O-Curitiba-942-9628-294244-0,-1.0,-25.515788,-49.230568,,False,4,1,2023-06-18T17:14:33.075634+00:00
CUR_KE701,Curitiba,4106902,0,URBS,503,https://moovitapp.com/index/pt-br/transporte_p%C3%BAblico-line-503_BOQUEIR%C3%83O-Curitiba-942-9628-294244-0,-1.0,-25.440958,-49.267116,,False,5,2,2023-06-18T17:14:33.075634+00:00
CUR_GE610,Curitiba,4106902,0,URBS,503,https://moovitapp.com/index/pt-br/transporte_p%C3%BAblico-line-503_BOQUEIR%C3%83O-Curitiba-942-9628-294244-0,-1.0,-25.466555,-49.254438,,False,4,2,2023-06-18T17:14:33.075634+00:00
CUR_MI855,Curitiba,4106902,1,,821,,,-25.440606,-49.345786,,False,7,2,2023-06-18T17:14:33.075634+00:00
CUR_ML307,Curitiba,4106902,0,URBS,307,https://moovitapp.com/index/pt-br/transporte_p%C3%BAblico-line-307_BAIRRO_ALTO_SANTA_FELICIDADE-Curitiba-942-9628-1323712-0,-1.0,-25.426466,-49.285566,,False,3,2,2023-06-18T17:13:33.075634+00:00
CUR_CL302,Curitiba,4106902,0,URBS,307,https://moovitapp.com/index/pt-br/transporte_p%C3%BAblico-line-307_BAIRRO_ALTO_SANTA_FELICIDADE-Curitiba-942-9628-1323712-0,-1.0,-25.424883,-49.242791,,False,3,1,2023-06-18T17:14:33.075634+00:00
CUR_BL328,Curitiba,4106902,0,URBS,307,https://moovitapp.com/index/pt-br/transporte_p%C3%BAblico-line-307_BAIRRO_ALTO_SANTA_FELICIDADE-Curitiba-942-9628-1323712-0,-1.0,-25.415646,-49.300953,,False,3,2,2023-06-18T17:14:33.075634+00:00
CUR_ML312,Curitiba,4106902,0,URBS,307,https://moovitapp.com/index/pt-br/transporte_p%C3%BAblico-line-307_BAIRRO_ALTO_SANTA_FELICIDADE-Curitiba-942-9628-1323712-0,-1.0,-25.431013,-49.205048,,False,3,1,2023-06-18T17:14:33.075634+00:00
CUR_CI004,Curitiba,4106902,1,,341,,,-25.389548,-49.206816,,False,1,1,2023-06-18T17:14:33.075634+00:00
CUR_MI854,Curitiba,4106902,1,,928,,,-25.392571,-49.351145,,False,7,1,2023-06-18T17:14:33.075634+00:00
CUR_MI001,Curitiba,4106902,1,,901,,,-25.428508,-49.274686,,False,1,2,2023-06-18T17:13:33.075634+00:00
CUR_MI004,Curitiba,4106902,1,,901,,,-25.402181,-49.327945,,False,1,1,2023-06-18T17:14:33.075634+00:00
CUR_HI045,Curitiba,4106902,1,,612,,,-25.480116,-49.314971,,False,1,1,2023-06-18T17:14:33.075634+00:00
CUR_HI041,Curitiba,4106902,1,,654,,,-25.49212,-49.293338,,False,1,2,2023-06-18T17:14:33.075634+00:00
CUR_BI852,Curitiba,4106902,1,,175,,,-25.450385,-49.255576,,False,7,2,2023-06-18T17:14:33.075634+00:00
CUR_BI890,Curitiba,4106902,1,,311,,,-25.437706,-49.207726,,False,7,1,2023-06-18T17:13:33.075634+00:00
CUR_BI012,Curitiba,4106902,1,,342,,,-25.388031,-49.212135,,False,1,1,2023-06-18T17:13:33.075634+00:00
CUR_BI013,Curitiba,4106902,1,,342,,,-25.388431,-49.207626,,False,1,2,2023-06-18T17:14:33.075634+00:00
CUR_BC020,Curitiba,4106902,1,,870,,,-25.433638,-49.282208,,False,1,2,2023-06-18T17:14:33.075634+00:00
CUR_BI025,Curitiba,4106902,1,,870,,,-25.432675,-49.31243,,False,1,1,2023-06-18T17:14:33.075634+00:00
CUR_BI892,Curitiba,4106902,1,,280,,,-25.423395,-49.269996,,False,7,2,2023-06-18T17:14:33.075634+00:00
CUR_HI851,Curitiba,4106902,1,,615,,,-25.483676,-49.310966,,False,7,1,2023-06-18T17:14:33.075634+00:00
CUR_GI051,Curitiba,4106902,1,,624,,,-25.509175,-49.282286,,False,1,2,2023-06-18T17:14:33.075634+00:00
CUR_HI602,Curitiba,4106902,1,Auto Viação São José,216,https://moovitapp.com/index/pt-br/transporte_p%C3%BAblico-line-216_PIT_PRA%C3%87A_DA_JUVENTUDE_SANTA_F%C3%89_PINDORAMA-Curitiba-942-857412-122004458-0,-1.0,-25.470993,-49.284628,,False,4,2,2023-06-18T17:13:33.075634+00:00
CUR_DA699,Curitiba,4106902,1,Auto Viação São José,216,https://moovitapp.com/index/pt-br/transporte_p%C3%BAblico-line-216_PIT_PRA%C3%87A_DA_JUVENTUDE_SANTA_F%C3%89_PINDORAMA-Curitiba-942-857412-122004458-0,-1.0,-25.406736,-49.252518,,False,4,1,2023-06-18T17:14:33.075634+00:00
CUR_HI609,Curitiba,4106902,1,Auto Viação São José,216,https://moovitapp.com/index/pt-br/transporte_p%C3%BAblico-line-216_PIT_PRA%C3%87A_DA_JUVENTUDE_SANTA_F%C3%89_PINDORAMA-Curitiba-942-857412-122004458-0,-1.0,-25.443785,-49.242826,,False,4,1,2023-06-18T17:13:33.075634+00:00
CUR_BI003,Curitiba,4106902,1,Auto Viação São José,211,https://moovitapp.com/index/pt-br/transporte_p%C3%BAblico-line-211_PIT_PRA%C3%87A_DA_JUVENTUDE_IZAURA_IP%C3%8A-Curitiba-942-857412-73553392-0,-1.0,-25.410723,-49.220578,,False,1,2,2023-06-18T17:13:33.075634+00:00
CUR_BA027,Curitiba,4106902,1,,182,,,-25.370081,-49.269771,,False,1,1,2023-06-18T17:13:33.075634+00:00
CUR_EI007,Curitiba,4106902,1,,522,,,-25.500413,-49.23835,,False,1,2,2023-06-18T17:14:33.075634+00:00
CUR_EI019,Curitiba,4106902,1,,511,,,-25.511368,-49.258731,,False,1,2,2023-06-18T17:13:33.075634+00:00
CUR_EI014,Curitiba,4106902,1,,533,,,-25.53269,-49.230806,,False,1,,2023-06-18T17:14:33.075634+00:00
CUR_EI002,Curitiba,4106902,1,,523,,,-25.500291,-49.23527,,False,1,2,2023-06-18T17:13:33.075634+00:00
CUR_BI899,Curitiba,4106902,1,,365,,,-25.440593,-49.282963,,False,7,1,2023-06-18T17:14:33.075634+00:00
CUR_BI884,Curitiba,4106902,1,,365,,,-25.420551,-49.23947,,False,7,2,2023-06-18T17:13:33.075634+00:00
CUR_BI010,Curitiba,4106902,1,,232,,,-25.351583,-49.230665,,False,1,2,2023-06-18T17:13:33.075634+00:00
CUR_JI857,Curitiba,4106902,1,,762,,,-25.460035,-49.297751,,False,7,1,2023-06-18T17:13:33.075634+00:00
CUR_JI858,Curitiba,4106902,1,,862,,,-25.432808,-49.271103,,False,7,2,2023-06-18T17:14:33.075634+00:00
CUR_JI948,Curitiba,4106902,1,,761,,,-25.472873,-49.310398,,False,7,1,2023-06-18T17:13:33.075634+00:00
CUR_GI010,Curitiba,4106902,1,,633,,,-25.52403,-49.269558,,False,1,1,2023-06-18T17:13:33.075634+00:00
CUR_GI006,Curitiba,4106902,1,,649,,,-25.51378,-49.294341,,False,1,2,2023-06-18T17:14:33.075634+00:00
CUR_GI004,Curitiba,4106902,1,,637,,,-25.51881,-49.295506,,False,1,2,2023-06-18T17:13:33.075634+00:00
CUR_GI858,Curitiba,4106902,1,,662,,,-25.482111,-49.277811,,False,7,1,2023-06-18T17:14:33.075634+00:00
CUR_GL329,Curitiba,4106902,1,URBS,506,https://moovitapp.com/index/pt-br/transporte_p%C3%BAblico-line-506_BAIRRO_NOVO-Curitiba-942-9628-294299-0,-1.0,-25.534298,-49.267051,,False,3,1,2023-06-18T17:14:33.075634+00:00
CUR_GL330,Curitiba,4106902,1,URBS,506,https://moovitapp.com/index/pt-br/transporte_p%C3%BAblico-line-506_BAIRRO_NOVO-Curitiba-942-9628-294299-0,-1.0,-25.464248,-49.265398,,False,3,2,2023-06-18T17:13:33.075634+00:00
CUR_EL329,Curitiba,4106902,1,URBS,506,https://moovitapp.com/index/pt-br/transporte_p%C3%BAblico-line-506_BAIRRO_NOVO-Curitiba-942-9628-294299-0,-1.0,-25.461328,-49.266841,,False,3,2,2023-06-18T17:13:33.075634+00:00
CUR_EL332,Curitiba,4106902,1,URBS,506,https://moovitapp.com/index/pt-br/transporte_p%C3%BAblico-line-506_BAIRRO_NOVO-Curitiba-942-9628-294299-0,-1.0,-25.534653,-49.268578,,False,3,1,2023-06-18T17:14:33.075634+00:00
CUR_HI013,Curitiba,4106902,1,,826,,,-25.512868,-49.33136,,False,1,1,2023-06-18T17:14:33.075634+00:00
CUR_HI008,Curitiba,4106902,1,,828,,,-25.484383,-49.321496,,False,1,2,2023-06-18T17:13:33.075634+00:00
CUR_JA022,Curitiba,4106902,1,,828,,,-25.458125,-49.346995,,False,1,1,2023-06-18T17:13:33.075634+00:00
CUR_JI861,Curitiba,4106902,1,,760,,,-25.441363,-49.272411,,False,7,2,2023-06-18T17:13:33.075634+00:00
CUR_BC009,Curitiba,4106902,1,,812,,,-25.43601,-49.307193,,False,1,2,2023-06-18T17:13:33.075634+00:00
CUR_DC294,Curitiba,4106902,1,,332,,,-25.468178,-49.19947,,False,1,,2023-06-18T17:14:33.075634+00:00
CUR_BI865,Curitiba,4106902,1,,876,,,-25.40918,-49.355378,,False,7,1,2023-06-18T17:14:33.075634+00:00
CUR_BI864,Curitiba,4106902,1,,876,,,-25.430733,-49.273593,,False,7,2,2023-06-18T17:13:33.075634+00:00
CUR_BC018,Curitiba,4106902,1,,166,,,-25.391813,-49.299945,,False,1,1,2023-06-18T17:14:33.075634+00:00
CUR_BC006,Curitiba,4106902,1,,170,,,-25.381711,-49.300833,,False,1,1,2023-06-18T17:13:33.075634+00:00
CUR_BI029,Curitiba,4106902,1,,010,,,-25.423798,-49.288843,,False,1,,2023-06-18T17:14:33.075634+00:00
CUR_BI030,Curitiba,4106902,1,,011,,,-25.41383,-49.266466,,False,1,,2023-06-18T17:13:33.075634+00:00
CUR_HI028,Curitiba,4106902,1,,680,,,-25.578101,-49.316791,,False,1,1,2023-06-18T17:14:33.075634+00:00
CUR_BI874,Curitiba,4106902,1,,236,,,-25.352393,-49.2467,,False,7,2,2023-06-18T17:14:33.075634+00:00
CUR_BI872,Curitiba,4106902,1,,242,,,-25.35421,-49.261196,,False,7,1,2023-06-18T17:14:33.075634+00:00
CUR_DN400,Curitiba,4106902,1,,321,,,-25.45108,-49.215268,,False,7,1,2023-06-18T17:13:33.075634+00:00
CUR_BC001,Curitiba,4106902,1,,375,,,-25.418245,-49.221028,,False,1,1,2023-06-18T17:10:33.075634+00:00
CUR_CI006,Curitiba,4106902,1,,380,,,-25.427236,-49.247538,,False,1,1,2023-06-18T17:14:33.075634+00:00
CUR_CI003,Curitiba,4106902,1,,380,,,-25.431508,-49.277255,,False,1,2,2023-06-18T17:14:33.075634+00:00
CUR_BI002,Curitiba,4106902,1,,374,,,-25.421201,-49.261486,,False,1,2,2023-06-18T17:13:33.075634+00:00
CUR_BI876,Curitiba,4106902,1,,371,,,-25.428445,-49.266713,,False,7,2,2023-06-18T17:13:33.075634+00:00
CUR_BI888,Curitiba,4106902,1,,371,,,-25.414576,-49.219851,,False,7,1,2023-06-18T17:13:33.075634+00:00
CUR_DC850,Curitiba,4106902,1,,477,,,-25.438653,-49.270138,,False,7,1,2023-06-18T17:14:33.075634+00:00
CUR_DN607,Curitiba,4106902,1,,468,,,-25.47035,-49.230453,,False,7,2,2023-06-18T17:13:33.075634+00:00
CUR_DA298,Curitiba,4106902,1,,468,,,-25.483521,-49.222568,,False,1,1,2023-06-18T17:14:33.075634+00:00
CUR_DN608,Curitiba,4106902,1,,463,,,-25.440113,-49.260363,,False,7,2,2023-06-18T17:14:33.075634+00:00
CUR_BC307,Curitiba,4106902,1,,207,,,-25.40416,-49.275686,,False,3,2,2023-06-18T17:13:33.075634+00:00
CUR_BI017,Curitiba,4106902,1,,226,,,-25.38651,-49.246261,,False,1,1,2023-06-18T17:13:33.075634+00:00
CUR_DC854,Curitiba,4106902,1,,474,,,-25.464518,-49.235001,,False,7,2,2023-06-18T17:13:33.075634+00:00
CUR_BC024,Curitiba,4106902,1,,372,,,-25.431185,-49.204013,,False,1,1,2023-06-18T17:13:33.075634+00:00
CUR_EL327,Curitiba,4106902,1,URBS,505,https://moovitapp.com/index/pt-br/transporte_p%C3%BAblico-line-505_BOQUEIR%C3%83O_CENTRO_C%C3%8DVICO-Curitiba-942-9628-531685-0,-1.0,-25.499306,-49.238673,,False,3,1,2023-06-18T17:14:33.075634+00:00
CUR_BL306,Curitiba,4106902,0,URBS,505,https://moovitapp.com/index/pt-br/transporte_p%C3%BAblico-line-505_BOQUEIR%C3%83O_CENTRO_C%C3%8DVICO-Curitiba-942-9628-531685-0,-1.0,-25.41791,-49.268771,,False,3,2,2023-06-18T17:14:33.075634+00:00
CUR_BL312,Curitiba,4106902,0,URBS,505,https://moovitapp.com/index/pt-br/transporte_p%C3%BAblico-line-505_BOQUEIR%C3%83O_CENTRO_C%C3%8DVICO-Curitiba-942-9628-531685-0,-1.0,-25.44517,-49.258898,,False,3,1,2023-06-18T17:14:33.075634+00:00
CUR_EI001,Curitiba,4106902,1,,561,,,-25.44337,-49.270233,,False,1,2,2023-06-18T17:13:33.075634+00:00
CUR_HI006,Curitiba,4106902,1,,623,,,-25.51946,-49.304508,,False,1,1,2023-06-18T17:14:33.075634+00:00
CUR_HC852,Curitiba,4106902,1,,670,,,-25.472913,-49.304241,,False,7,1,2023-06-18T17:14:33.075634+00:00
CUR_EA022,Curitiba,4106902,1,,512,,,-25.501678,-49.26416,,False,1,1,2023-06-18T17:13:33.075634+00:00
CUR_EI016,Curitiba,4106902,1,,532,,,-25.517291,-49.230713,,False,1,1,2023-06-18T17:14:33.075634+00:00
CUR_JI862,Curitiba,4106902,1,,711,,,-25.47217,-49.347186,,False,7,2,2023-06-18T17:14:33.075634+00:00
CUR_HI036,Curitiba,4106902,1,,646,,,-25.575086,-49.316705,,False,1,2,2023-06-18T17:13:33.075634+00:00
CUR_HI021,Curitiba,4106902,1,,646,,,-25.580068,-49.31745,,False,1,1,2023-06-18T17:14:33.075634+00:00
CUR_GI050,Curitiba,4106902,1,,541,,,-25.534313,-49.267295,,False,1,1,2023-06-18T17:13:33.075634+00:00
CUR_MI856,Curitiba,4106902,1,,817,,,-25.417411,-49.344305,,False,7,1,2023-06-18T17:14:33.075634+00:00
CUR_BI855,Curitiba,4106902,1,,817,,,-25.428661,-49.337383,,False,7,2,2023-06-18T17:14:33.075634+00:00
CUR_DC293,Curitiba,4106902,1,,336,,,-25.484928,-49.198831,,False,1,1,2023-06-18T17:14:33.075634+00:00
CUR_HI020,Curitiba,4106902,1,,659,,,-25.57621,-49.312438,,False,1,2,2023-06-18T17:14:33.075634+00:00
CUR_HI024,Curitiba,4106902,1,,659,,,-25.597341,-49.323638,,False,1,1,2023-06-18T17:13:33.075634+00:00
CUR_JI860,Curitiba,4106902,1,,820,,,-25.45232,-49.365896,,False,7,2,2023-06-18T17:13:33.075634+00:00
CUR_MI853,Curitiba,4106902,1,,967,,,-25.410713,-49.297226,,False,7,2,2023-06-18T17:14:33.075634+00:00
CUR_BI893,Curitiba,4106902,1,,272,,,-25.40413,-49.259688,,False,7,2,2023-06-18T17:13:33.075634+00:00
CUR_MN610,Curitiba,4106902,1,Auto Viação São José,150,https://moovitapp.com/index/pt-br/transporte_p%C3%BAblico-line-150_T_AFONSO_PENA_PIT_BORDA_DO_CAMPO-Curitiba-942-857412-53904521-0,-1.0,-25.423293,-49.287201,,False,7,,2023-06-18T17:12:33.075634+00:00
CUR_MT012,Curitiba,4106902,0,,979,,,-25.419753,-49.29439,,False,3,,2023-06-18T17:02:33.075634+00:00
CUR_MI851,Curitiba,4106902,1,Auto Viação São José,150,https://moovitapp.com/index/pt-br/transporte_p%C3%BAblico-line-150_T_AFONSO_PENA_PIT_BORDA_DO_CAMPO-Curitiba-942-857412-53904521-0,-1.0,-25.41951,-49.294393,,False,7,,2023-06-18T17:11:33.075634+00:00
CUR_KA605,Curitiba,4106902,1,,629,,,-25.5117,-49.259868,,False,4,2,2023-06-18T17:12:33.075634+00:00
CUR_KA603,Curitiba,4106902,1,,629,,,-25.51741,-49.255773,,False,4,1,2023-06-18T17:13:33.075634+00:00
CUR_HI033,Curitiba,4106902,1,,653,,,-25.512528,-49.33,,False,1,2,2023-06-18T17:14:33.075634+00:00
CUR_GI049,Curitiba,4106902,1,,625,,,-25.501261,-49.283596,,False,1,2,2023-06-18T17:14:33.075634+00:00
CUR_HI860,Curitiba,4106902,1,,674,,,-25.506193,-49.32386,,False,7,2,2023-06-18T17:13:33.075634+00:00
CUR_GI018,Curitiba,4106902,1,,642,,,-25.594018,-49.26594,,False,1,1,2023-06-18T17:13:33.075634+00:00
CUR_EI015,Curitiba,4106902,1,Auto Viação São José,531,https://moovitapp.com/index/pt-br/transporte_p%C3%BAblico-line-531_BAIRRO_A_BAIRRO_1-Curitiba-942-857412-1570571-0,-1.0,-25.517716,-49.230946,,False,1,1,2023-06-18T17:14:33.075634+00:00
CUR_BI882,Curitiba,4106902,1,,184,,,-25.42142,-49.270761,,False,7,2,2023-06-18T17:13:33.075634+00:00
CUR_HI856,Curitiba,4106902,1,,600,,,-25.513556,-49.294435,,False,7,2,2023-06-18T17:14:33.075634+00:00
CUR_EA021,Curitiba,4106902,1,,X03,,,-25.522773,-49.231015,,False,1,1,2023-06-18T17:13:33.075634+00:00
CUR_DC086,Curitiba,4106902,1,,323,,,-25.452085,-49.21491,,False,1,,2023-06-18T17:13:33.075634+00:00
CUR_HI850,Curitiba,4106902,1,,265,,,-25.416668,-49.2669,,False,7,2,2023-06-18T17:14:33.075634+00:00
CUR_HI019,Curitiba,4106902,1,,712,,,-25.489451,-49.335426,,False,1,1,2023-06-18T17:14:33.075634+00:00
CUR_EA008,Curitiba,4106902,1,,X06,,,-25.534331,-49.268021,,False,1,2,2023-06-18T17:12:33.075634+00:00
CUR_EA027,Curitiba,4106902,1,,X06,,,-25.537391,-49.272511,,False,1,1,2023-06-18T17:13:33.075634+00:00
CUR_BI894,Curitiba,4106902,1,,181,,,-25.398871,-49.2737,,False,7,2,2023-06-18T17:13:33.075634+00:00
CUR_BI863,Curitiba,4106902,1,,274,,,-25.40504,-49.262421,,False,7,2,2023-06-18T17:13:33.075634+00:00
CUR_MN611,Curitiba,4106902,1,,965,,,-25.39983,-49.31386,,False,7,2,2023-06-18T17:14:33.075634+00:00
CUR_BI862,Curitiba,4106902,1,,176,,,-25.427103,-49.279181,,False,7,2,2023-06-18T17:13:33.075634+00:00
CUR_BI885,Curitiba,4106902,1,,361,,,-25.395826,-49.215863,,False,7,1,2023-06-18T17:14:33.075634+00:00
CUR_DN601,Curitiba,4106902,1,,461,,,-25.474176,-49.218421,,False,7,1,2023-06-18T17:14:33.075634+00:00
CUR_BI898,Curitiba,4106902,1,,169,,,-25.38707,-49.291665,,False,7,1,2023-06-18T17:14:33.075634+00:00
CUR_DC852,Curitiba,4106902,1,,464,,,-25.444068,-49.247708,,False,7,2,2023-06-18T17:13:33.075634+00:00
CUR_BI895,Curitiba,4106902,1,,171,,,-25.417253,-49.276805,,False,7,1,2023-06-18T17:14:33.075634+00:00
CUR_BI868,Curitiba,4106902,1,,385,,,-25.433401,-49.265238,,False,7,2,2023-06-18T17:14:33.075634+00:00
CUR_GI854,Curitiba,4106902,1,,635,,,-25.54015,-49.291408,,False,7,1,2023-06-18T17:14:33.075634+00:00
CUR_DN606,Curitiba,4106902,0,,560,,,-25.462805,-49.264543,,False,7,1,2023-06-18T17:13:33.075634+00:00
CUR_JI859,Curitiba,4106902,1,,814,,,-25.430723,-49.338253,,False,7,1,2023-06-18T17:14:33.075634+00:00
CUR_BC031,Curitiba,4106902,1,,373,,,-25.427553,-49.252273,,False,1,1,2023-06-18T17:14:33.075634+00:00
CUR_BI891,Curitiba,4106902,1,,816,,,-25.400836,-49.33037,,False,7,2,2023-06-18T17:13:33.075634+00:00
CUR_BI881,Curitiba,4106902,1,,237,,,-25.382875,-49.209995,,False,7,,2023-06-18T17:14:33.075634+00:00
CUR_GI853,Curitiba,4106902,1,,794,,,-25.56631,-49.287803,,False,7,2,2023-06-18T17:14:33.075634+00:00
CUR_BI857,Curitiba,4106902,1,,177,,,-25.397888,-49.251068,,False,7,2,2023-06-18T17:13:33.075634+00:00
CUR_BT008,Curitiba,4106902,0,,979,,,-25.422853,-49.308521,,False,3,,2023-06-18T17:13:33.075634+00:00
CUR_BT010,Curitiba,4106902,0,,979,,,-25.395471,-49.30633,,False,3,,2023-06-18T17:13:33.075634+00:00
CUR_BT005,Curitiba,4106902,0,,979,,,-25.397018,-49.287856,,False,3,,2023-06-18T17:14:33.075634+00:00
CUR_MT013,Curitiba,4106902,0,,979,,,-25.429345,-49.269436,,False,3,,2023-06-18T17:13:33.075634+00:00
CUR_MT010,Curitiba,4106902,0,,979,,,-25.433966,-49.256555,,False,3,,2023-06-18T17:14:33.075634+00:00
CUR_MT009,Curitiba,4106902,0,,979,,,-25.443058,-49.258458,,False,3,,2023-06-18T17:14:33.075634+00:00
CUR_MT011,Curitiba,4106902,0,,979,,,-25.437601,-49.26485,,False,3,,2023-06-18T17:14:33.075634+00:00
CUR_BT006,Curitiba,4106902,0,,979,,,-25.44899,-49.25801,,False,3,,2023-06-18T17:13:33.075634+00:00
CUR_MT008,Curitiba,4106902,1,,979,,,-25.411731,-49.27071,,False,3,,2023-06-18T17:14:33.075634+00:00
CUR_BT007,Curitiba,4106902,0,,979,,,-25.43117,-49.27861,,False,3,,2023-06-18T17:13:33.075634+00:00
CUR_BT004,Curitiba,4106902,0,,979,,,-25.407798,-49.324481,,False,3,,2023-06-18T17:14:33.075634+00:00
CUR_BT009,Curitiba,4106902,0,,979,,,-25.385635,-49.27616,,False,3,,2023-06-18T17:14:33.075634+00:00
