bus_id,city,city_code,adapted,agency,line_code,line_url,line_fare,latitude,longitude,bus_speed,is_eletric,bus_type,bus_direction,updated_at
CUR_BC014,Curitiba,4106902,1,,870,,,-25.431258,-49.277533,,False,1,2,2023-06-20T00:45:54.969800+00:00
CUR_BC020,Curitiba,4106902,1,,870,,,-25.41907,-49.348883,,False,1,1,2023-06-20T00:44:54.969800+00:00
CUR_MC080,Curitiba,4106902,1,,972,,,-25.419506,-49.294275,,False,1,,2023-06-20T00:35:54.969800+00:00
CUR_EI004,Curitiba,4106902,1,,471,,,-25.467125,-49.255513,,False,1,,2023-06-20T00:42:54.969800+00:00
CUR_DE702,Curitiba,4106902,0,URBS,303,https://moovitapp.com/index/pt-br/transporte_p%C3%BAblico-line-303_CENTEN%C3%81RIO_CAMPO_COMPRIDO-Curitiba-942-9628-531689-0,-1.0,-25.46769,-49.255376,,False,5,,2023-06-20T00:36:54.969800+00:00
CUR_DE722,Curitiba,4106902,0,URBS,303,https://moovitapp.com/index/pt-br/transporte_p%C3%BAblico-line-303_CENTEN%C3%81RIO_CAMPO_COMPRIDO-Curitiba-942-9628-531689-0,-1.0,-25.468196,-49.2545,,False,5,,2023-06-20T00:45:54.969800+00:00
CUR_DA293,Curitiba,4106902,1,,621,,,-25.469138,-49.254901,,False,1,,2023-06-20T00:37:54.969800+00:00
CUR_DE704,Curitiba,4106902,0,URBS,303,https://moovitapp.com/index/pt-br/transporte_p%C3%BAblico-line-303_CENTEN%C3%81RIO_CAMPO_COMPRIDO-Curitiba-942-9628-531689-0,-1.0,-25.469028,-49.254976,,False,5,,2023-06-20T00:38:54.969800+00:00
CUR_DC085,Curitiba,4106902,1,,513,,,-25.469116,-49.254771,,False,1,,2023-06-20T00:38:54.969800+00:00
CUR_DA020,Curitiba,4106902,0,,338,,,-25.467608,-49.25596,,False,1,,2023-06-20T00:41:54.969800+00:00
CUR_EL308,Curitiba,4106902,0,URBS,507,https://moovitapp.com/index/pt-br/transporte_p%C3%BAblico-line-507_S%C3%8DTIO_CERCADO_HOR%C3%81RIO-Curitiba-942-9628-294494-0,-1.0,-25.4675,-49.256175,,False,3,,2023-06-20T00:43:54.969800+00:00
CUR_KE708,Curitiba,4106902,0,URBS,502,https://moovitapp.com/index/pt-br/transporte_p%C3%BAblico-line-502_CIRCULAR_SUL_HOR%C3%81RIO-Curitiba-942-9628-294482-0,-1.0,-25.46711,-49.254811,,False,5,,2023-06-20T00:37:54.969800+00:00
CUR_JI861,Curitiba,4106902,1,,862,,,-25.448965,-49.367006,,False,7,,2023-06-20T00:34:54.969800+00:00
CUR_DL311,Curitiba,4106902,0,URBS,023,https://moovitapp.com/index/pt-br/transporte_p%C3%BAblico-line-023_INTER_2_ANTI_HOR%C3%81RIO-Curitiba-942-9628-398189-0,-1.0,-25.412786,-49.259685,,False,3,,2023-06-20T00:44:54.969800+00:00
CUR_GI022,Curitiba,4106902,1,,683,,,-25.549373,-49.292206,,False,1,,2023-06-20T00:41:54.969800+00:00
CUR_DA298,Curitiba,4106902,1,,332,,,-25.467838,-49.255425,,False,1,,2023-06-20T00:43:54.969800+00:00
CUR_DA290,Curitiba,4106902,1,,513,,,-25.506043,-49.255245,,False,1,,2023-06-20T00:42:54.969800+00:00
CUR_DL317,Curitiba,4106902,0,URBS,469,https://moovitapp.com/index/pt-br/transporte_p%C3%BAblico-line-469_CENTRO_POLIT%C3%89CNICO-Curitiba-942-9628-294421-0,-1.0,-25.467286,-49.255115,,False,3,,2023-06-20T00:39:54.969800+00:00
CUR_DA294,Curitiba,4106902,1,,513,,,-25.468743,-49.254775,,False,1,,2023-06-20T00:44:54.969800+00:00
CUR_DA291,Curitiba,4106902,1,,621,,,-25.468083,-49.255386,,False,1,,2023-06-20T00:41:54.969800+00:00
CUR_DN017,Curitiba,4106902,0,,560,,,-25.45538,-49.268091,,False,6,,2023-06-20T00:41:54.969800+00:00
CUR_DC090,Curitiba,4106902,1,,474,,,-25.481786,-49.246801,,False,1,,2023-06-20T00:43:54.969800+00:00
CUR_HA288,Curitiba,4106902,1,,620,,,-25.49567,-49.30244,,False,1,,2023-06-20T00:43:54.969800+00:00
CUR_HL499,Curitiba,4106902,0,URBS,X02,https://moovitapp.com/index/pt-br/transporte_p%C3%BAblico-line-X02_REFOR%C3%87O_TUBO_BARIGUI-Curitiba-942-9628-64827686-0,-1.0,-25.472173,-49.353081,,False,3,,2023-06-20T00:44:54.969800+00:00
CUR_XY043,Curitiba,4106902,0,,021,,,-25.38903,-49.263931,,False,3,,2023-06-20T00:31:54.969800+00:00
CUR_HI858,Curitiba,4106902,1,,673,,,-25.492866,-49.3129,,False,7,2,2023-06-20T00:39:54.969800+00:00
CUR_BI030,Curitiba,4106902,1,,812,,,-25.420661,-49.336006,,False,1,2,2023-06-20T00:44:54.969800+00:00
CUR_BI026,Curitiba,4106902,1,,812,,,-25.417833,-49.338063,,False,1,1,2023-06-20T00:44:54.969800+00:00
CUR_HE716,Curitiba,4106902,0,URBS,350,https://moovitapp.com/index/pt-br/transporte_p%C3%BAblico-line-350_FAGUNDES_VARELA_PINHEIRINHO-Curitiba-942-9628-52482798-0,-1.0,-25.433973,-49.232533,,False,5,1,2023-06-20T00:44:54.969800+00:00
CUR_BE718,Curitiba,4106902,0,URBS,350,https://moovitapp.com/index/pt-br/transporte_p%C3%BAblico-line-350_FAGUNDES_VARELA_PINHEIRINHO-Curitiba-942-9628-52482798-0,-1.0,-25.50639,-49.283993,,False,5,1,2023-06-20T00:45:54.969800+00:00
CUR_MC307,Curitiba,4106902,1,,901,,,-25.401148,-49.329855,,False,3,1,2023-06-20T00:45:54.969800+00:00
CUR_MC306,Curitiba,4106902,1,,901,,,-25.428396,-49.272953,,False,3,2,2023-06-20T00:45:54.969800+00:00
CUR_BC025,Curitiba,4106902,1,,160,,,-25.453668,-49.2708,,False,1,1,2023-06-20T00:44:54.969800+00:00
CUR_BC009,Curitiba,4106902,1,,160,,,-25.408718,-49.291923,,False,1,2,2023-06-20T00:44:54.969800+00:00
CUR_JC300,Curitiba,4106902,1,,778,,,-25.435148,-49.27308,,False,3,2,2023-06-20T00:45:54.969800+00:00
CUR_JI301,Curitiba,4106902,1,,778,,,-25.459923,-49.31681,,False,3,1,2023-06-20T00:45:54.969800+00:00
CUR_EI015,Curitiba,4106902,1,,511,,,-25.502485,-49.251673,,False,1,2,2023-06-20T00:45:54.969800+00:00
CUR_HA609,Curitiba,4106902,1,,619,,,-25.535248,-49.31682,,False,4,2,2023-06-20T00:40:54.969800+00:00
CUR_HI023,Curitiba,4106902,1,,619,,,-25.539548,-49.308563,,False,1,2,2023-06-20T00:35:54.969800+00:00
CUR_HI018,Curitiba,4106902,1,,619,,,-25.570841,-49.338296,,False,1,2,2023-06-20T00:44:54.969800+00:00
CUR_HB300,Curitiba,4106902,1,,619,,,-25.538458,-49.30709,,False,3,1,2023-06-20T00:32:54.969800+00:00
CUR_MI001,Curitiba,4106902,1,,817,,,-25.406368,-49.323598,,False,1,2,2023-06-20T00:45:54.969800+00:00
CUR_BA013,Curitiba,4106902,1,,817,,,-25.428611,-49.346436,,False,1,2,2023-06-20T00:43:54.969800+00:00
CUR_DA699,Curitiba,4106902,1,Auto Viação São José,216,https://moovitapp.com/index/pt-br/transporte_p%C3%BAblico-line-216_PIT_PRA%C3%87A_DA_JUVENTUDE_SANTA_F%C3%89_PINDORAMA-Curitiba-942-857412-122004458-0,-1.0,-25.467661,-49.254631,,False,4,1,2023-06-20T00:45:54.969800+00:00
CUR_HR408,Curitiba,4106902,1,Auto Viação São José,216,https://moovitapp.com/index/pt-br/transporte_p%C3%BAblico-line-216_PIT_PRA%C3%87A_DA_JUVENTUDE_SANTA_F%C3%89_PINDORAMA-Curitiba-942-857412-122004458-0,-1.0,-25.416678,-49.25391,,False,4,2,2023-06-20T00:44:54.969800+00:00
CUR_BA603,Curitiba,4106902,1,Auto Viação São José,216,https://moovitapp.com/index/pt-br/transporte_p%C3%BAblico-line-216_PIT_PRA%C3%87A_DA_JUVENTUDE_SANTA_F%C3%89_PINDORAMA-Curitiba-942-857412-122004458-0,-1.0,-25.46748,-49.280681,,False,4,1,2023-06-20T00:43:54.969800+00:00
CUR_BI600,Curitiba,4106902,1,Auto Viação São José,216,https://moovitapp.com/index/pt-br/transporte_p%C3%BAblico-line-216_PIT_PRA%C3%87A_DA_JUVENTUDE_SANTA_F%C3%89_PINDORAMA-Curitiba-942-857412-122004458-0,-1.0,-25.417266,-49.248788,,False,4,1,2023-06-20T00:45:54.969800+00:00
CUR_HI604,Curitiba,4106902,1,Auto Viação São José,216,https://moovitapp.com/index/pt-br/transporte_p%C3%BAblico-line-216_PIT_PRA%C3%87A_DA_JUVENTUDE_SANTA_F%C3%89_PINDORAMA-Curitiba-942-857412-122004458-0,-1.0,-25.450646,-49.265458,,False,4,1,2023-06-20T00:44:54.969800+00:00
CUR_GB603,Curitiba,4106902,1,,040,,,-25.461995,-49.345636,,False,4,1,2023-06-20T00:45:54.969800+00:00
CUR_JB607,Curitiba,4106902,1,,040,,,-25.401163,-49.32981,,False,4,2,2023-06-20T00:45:54.969800+00:00
CUR_HB600,Curitiba,4106902,1,,040,,,-25.413396,-49.3509,,False,4,2,2023-06-20T00:44:54.969800+00:00
CUR_MB499,Curitiba,4106902,0,,040,,,-25.419755,-49.294495,,False,3,2,2023-06-20T00:45:54.969800+00:00
CUR_JB608,Curitiba,4106902,1,,040,,,-25.401505,-49.33456,,False,4,1,2023-06-20T00:45:54.969800+00:00
CUR_JB609,Curitiba,4106902,1,,040,,,-25.477226,-49.334831,,False,4,2,2023-06-20T00:45:54.969800+00:00
CUR_HB694,Curitiba,4106902,1,,040,,,-25.410993,-49.348263,,False,4,2,2023-06-20T00:41:54.969800+00:00
CUR_HR117,Curitiba,4106902,1,,040,,,-25.477895,-49.325925,,False,4,1,2023-06-20T00:44:54.969800+00:00
CUR_JB699,Curitiba,4106902,1,,040,,,-25.51148,-49.324666,,False,4,2,2023-06-20T00:45:54.969800+00:00
CUR_MB698,Curitiba,4106902,1,,040,,,-25.419773,-49.294316,,False,4,2,2023-06-20T00:45:54.969800+00:00
CUR_GR126,Curitiba,4106902,1,,040,,,-25.548965,-49.291418,,False,4,1,2023-06-20T00:45:54.969800+00:00
CUR_HB302,Curitiba,4106902,1,,040,,,-25.538363,-49.30702,,False,3,1,2023-06-20T00:32:54.969800+00:00
CUR_HB697,Curitiba,4106902,1,,040,,,-25.538221,-49.307261,,False,4,2,2023-06-20T00:32:54.969800+00:00
CUR_GI859,Curitiba,4106902,1,,661,,,-25.469568,-49.271591,,False,7,1,2023-06-20T00:45:54.969800+00:00
CUR_HB611,Curitiba,4106902,1,,020,,,-25.459058,-49.232896,,False,4,,2023-06-20T00:43:54.969800+00:00
CUR_CB602,Curitiba,4106902,1,,020,,,-25.485465,-49.253221,,False,4,,2023-06-20T00:45:54.969800+00:00
CUR_BB613,Curitiba,4106902,1,,020,,,-25.417505,-49.246955,,False,4,,2023-06-20T00:43:54.969800+00:00
CUR_BB620,Curitiba,4106902,1,,020,,,-25.460551,-49.301601,,False,4,,2023-06-20T00:44:54.969800+00:00
CUR_BB606,Curitiba,4106902,1,,020,,,-25.494573,-49.27964,,False,4,,2023-06-20T00:43:54.969800+00:00
CUR_HE601,Curitiba,4106902,0,URBS,602,https://moovitapp.com/index/pt-br/transporte_p%C3%BAblico-line-602_CIRCULAR_SUL_ANTI_HOR%C3%81RIO-Curitiba-942-9628-294517-0,-1.0,-25.50146,-49.29607,,False,4,,2023-06-20T00:44:54.969800+00:00
CUR_HE606,Curitiba,4106902,0,URBS,602,https://moovitapp.com/index/pt-br/transporte_p%C3%BAblico-line-602_CIRCULAR_SUL_ANTI_HOR%C3%81RIO-Curitiba-942-9628-294517-0,-1.0,-25.481958,-49.246903,,False,4,,2023-06-20T00:44:54.969800+00:00
CUR_HE607,Curitiba,4106902,0,URBS,602,https://moovitapp.com/index/pt-br/transporte_p%C3%BAblico-line-602_CIRCULAR_SUL_ANTI_HOR%C3%81RIO-Curitiba-942-9628-294517-0,-1.0,-25.514751,-49.231076,,False,4,,2023-06-20T00:44:54.969800+00:00
CUR_HE608,Curitiba,4106902,0,URBS,602,https://moovitapp.com/index/pt-br/transporte_p%C3%BAblico-line-602_CIRCULAR_SUL_ANTI_HOR%C3%81RIO-Curitiba-942-9628-294517-0,-1.0,-25.531195,-49.255195,,False,4,,2023-06-20T00:44:54.969800+00:00
CUR_HE611,Curitiba,4106902,0,URBS,602,https://moovitapp.com/index/pt-br/transporte_p%C3%BAblico-line-602_CIRCULAR_SUL_ANTI_HOR%C3%81RIO-Curitiba-942-9628-294517-0,-1.0,-25.478381,-49.292128,,False,4,,2023-06-20T00:44:54.969800+00:00
CUR_GR034,Curitiba,4106902,0,URBS,602,https://moovitapp.com/index/pt-br/transporte_p%C3%BAblico-line-602_CIRCULAR_SUL_ANTI_HOR%C3%81RIO-Curitiba-942-9628-294517-0,-1.0,-25.514753,-49.231026,,False,4,,2023-06-20T00:45:54.969800+00:00
CUR_GE601,Curitiba,4106902,0,URBS,602,https://moovitapp.com/index/pt-br/transporte_p%C3%BAblico-line-602_CIRCULAR_SUL_ANTI_HOR%C3%81RIO-Curitiba-942-9628-294517-0,-1.0,-25.512403,-49.295576,,False,4,,2023-06-20T00:45:54.969800+00:00
CUR_GR032,Curitiba,4106902,0,URBS,602,https://moovitapp.com/index/pt-br/transporte_p%C3%BAblico-line-602_CIRCULAR_SUL_ANTI_HOR%C3%81RIO-Curitiba-942-9628-294517-0,-1.0,-25.550401,-49.291778,,False,4,,2023-06-20T00:45:54.969800+00:00
CUR_HE612,Curitiba,4106902,0,URBS,602,https://moovitapp.com/index/pt-br/transporte_p%C3%BAblico-line-602_CIRCULAR_SUL_ANTI_HOR%C3%81RIO-Curitiba-942-9628-294517-0,-1.0,-25.538295,-49.307195,,False,4,,2023-06-20T00:32:54.969800+00:00
CUR_DC855,Curitiba,4106902,1,,387,,,-25.458228,-49.218938,,False,7,1,2023-06-20T00:45:54.969800+00:00
CUR_HA617,Curitiba,4106902,1,,772,,,-25.588796,-49.315128,,False,4,2,2023-06-20T00:43:54.969800+00:00
CUR_HA614,Curitiba,4106902,1,,772,,,-25.53923,-49.30719,,False,4,1,2023-06-20T00:32:54.969800+00:00
CUR_BI887,Curitiba,4106902,1,Auto Viação São José,212,https://moovitapp.com/index/pt-br/transporte_p%C3%BAblico-line-212_PIT_PRA%C3%87A_DA_JUVENTUDE_SANTA_F%C3%89_CRISTAL-Curitiba-942-857412-73656311-0,-1.0,-25.396075,-49.222675,,False,7,2,2023-06-20T00:44:54.969800+00:00
CUR_DN601,Curitiba,4106902,1,,463,,,-25.480451,-49.198588,,False,7,1,2023-06-20T00:45:54.969800+00:00
CUR_DN608,Curitiba,4106902,1,,463,,,-25.439846,-49.249943,,False,7,2,2023-06-20T00:45:54.969800+00:00
CUR_CI007,Curitiba,4106902,1,,222,,,-25.394103,-49.228893,,False,1,1,2023-06-20T00:43:54.969800+00:00
CUR_CI005,Curitiba,4106902,1,,222,,,-25.384666,-49.195561,,False,1,2,2023-06-20T00:45:54.969800+00:00
CUR_CI008,Curitiba,4106902,1,,222,,,-25.381721,-49.186063,,False,1,2,2023-06-20T00:45:54.969800+00:00
CUR_EA074,Curitiba,4106902,1,,512,,,-25.493611,-49.260265,,False,1,1,2023-06-20T00:45:54.969800+00:00
CUR_BA030,Curitiba,4106902,1,,226,,,-25.39325,-49.240943,,False,1,2,2023-06-20T00:40:54.969800+00:00
CUR_BL323,Curitiba,4106902,0,URBS,023,https://moovitapp.com/index/pt-br/transporte_p%C3%BAblico-line-023_INTER_2_ANTI_HOR%C3%81RIO-Curitiba-942-9628-398189-0,-1.0,-25.486836,-49.256476,,False,3,,2023-06-20T00:44:54.969800+00:00
CUR_BL324,Curitiba,4106902,0,URBS,023,https://moovitapp.com/index/pt-br/transporte_p%C3%BAblico-line-023_INTER_2_ANTI_HOR%C3%81RIO-Curitiba-942-9628-398189-0,-1.0,-25.491506,-49.293823,,False,3,,2023-06-20T00:40:54.969800+00:00
CUR_ER802,Curitiba,4106902,0,URBS,023,https://moovitapp.com/index/pt-br/transporte_p%C3%BAblico-line-023_INTER_2_ANTI_HOR%C3%81RIO-Curitiba-942-9628-398189-0,-1.0,-25.46819,-49.255775,,False,4,,2023-06-20T00:45:54.969800+00:00
CUR_BL305,Curitiba,4106902,0,URBS,023,https://moovitapp.com/index/pt-br/transporte_p%C3%BAblico-line-023_INTER_2_ANTI_HOR%C3%81RIO-Curitiba-942-9628-398189-0,-1.0,-25.431686,-49.299748,,False,3,,2023-06-20T00:41:54.969800+00:00
CUR_EL319,Curitiba,4106902,1,URBS,023,https://moovitapp.com/index/pt-br/transporte_p%C3%BAblico-line-023_INTER_2_ANTI_HOR%C3%81RIO-Curitiba-942-9628-398189-0,-1.0,-25.434531,-49.302906,,False,3,,2023-06-20T00:45:54.969800+00:00
CUR_CL302,Curitiba,4106902,0,URBS,023,https://moovitapp.com/index/pt-br/transporte_p%C3%BAblico-line-023_INTER_2_ANTI_HOR%C3%81RIO-Curitiba-942-9628-398189-0,-1.0,-25.496576,-49.270701,,False,3,,2023-06-20T00:45:54.969800+00:00
CUR_BL333,Curitiba,4106902,0,URBS,023,https://moovitapp.com/index/pt-br/transporte_p%C3%BAblico-line-023_INTER_2_ANTI_HOR%C3%81RIO-Curitiba-942-9628-398189-0,-1.0,-25.474346,-49.29577,,False,3,,2023-06-20T00:44:54.969800+00:00
CUR_BL338,Curitiba,4106902,0,URBS,023,https://moovitapp.com/index/pt-br/transporte_p%C3%BAblico-line-023_INTER_2_ANTI_HOR%C3%81RIO-Curitiba-942-9628-398189-0,-1.0,-25.475556,-49.239706,,False,3,,2023-06-20T00:44:54.969800+00:00
CUR_DL313,Curitiba,4106902,0,URBS,023,https://moovitapp.com/index/pt-br/transporte_p%C3%BAblico-line-023_INTER_2_ANTI_HOR%C3%81RIO-Curitiba-942-9628-398189-0,-1.0,-25.492378,-49.293671,,False,3,,2023-06-20T00:44:54.969800+00:00
CUR_HL602,Curitiba,4106902,0,URBS,023,https://moovitapp.com/index/pt-br/transporte_p%C3%BAblico-line-023_INTER_2_ANTI_HOR%C3%81RIO-Curitiba-942-9628-398189-0,-1.0,-25.418286,-49.240663,,False,4,,2023-06-20T00:43:54.969800+00:00
CUR_HL698,Curitiba,4106902,0,URBS,023,https://moovitapp.com/index/pt-br/transporte_p%C3%BAblico-line-023_INTER_2_ANTI_HOR%C3%81RIO-Curitiba-942-9628-398189-0,-1.0,-25.538138,-49.307375,,False,4,,2023-06-20T00:32:54.969800+00:00
CUR_BI859,Curitiba,4106902,1,,365,,,-25.431228,-49.269243,,False,7,1,2023-06-20T00:45:54.969800+00:00
CUR_BC932,Curitiba,4106902,1,,365,,,-25.433086,-49.2707,,False,7,2,2023-06-20T00:40:54.969800+00:00
CUR_EA202,Curitiba,4106902,1,,336,,,-25.468463,-49.255951,,False,1,1,2023-06-20T00:45:54.969800+00:00
CUR_DC298,Curitiba,4106902,1,,336,,,-25.486796,-49.198588,,False,1,,2023-06-20T00:45:54.969800+00:00
CUR_DA023,Curitiba,4106902,1,,332,,,-25.473206,-49.191671,,False,1,,2023-06-20T00:45:54.969800+00:00
CUR_DC093,Curitiba,4106902,1,,336,,,-25.473673,-49.197635,,False,1,2,2023-06-20T00:45:54.969800+00:00
CUR_GI015,Curitiba,4106902,1,,541,,,-25.543031,-49.248108,,False,1,1,2023-06-20T00:45:54.969800+00:00
CUR_GI030,Curitiba,4106902,1,,541,,,-25.54052,-49.267086,,False,1,2,2023-06-20T00:45:54.969800+00:00
CUR_GI020,Curitiba,4106902,1,,541,,,-25.549408,-49.29214,,False,1,2,2023-06-20T00:45:54.969800+00:00
CUR_GC017,Curitiba,4106902,1,,541,,,-25.548433,-49.291451,,False,1,1,2023-06-20T00:44:54.969800+00:00
CUR_EA600,Curitiba,4106902,1,,030,,,-25.467603,-49.256138,,False,4,2,2023-06-20T00:45:54.969800+00:00
CUR_BB608,Curitiba,4106902,1,,030,,,-25.430986,-49.207688,,False,4,1,2023-06-20T00:44:54.969800+00:00
CUR_GB606,Curitiba,4106902,1,,030,,,-25.413201,-49.205646,,False,4,1,2023-06-20T00:44:54.969800+00:00
CUR_BB611,Curitiba,4106902,1,,030,,,-25.500928,-49.237715,,False,4,2,2023-06-20T00:44:54.969800+00:00
CUR_BB610,Curitiba,4106902,1,,030,,,-25.376965,-49.222978,,False,4,1,2023-06-20T00:44:54.969800+00:00
CUR_KB604,Curitiba,4106902,1,,030,,,-25.501086,-49.23781,,False,4,1,2023-06-20T00:45:54.969800+00:00
CUR_BB614,Curitiba,4106902,1,,030,,,-25.444076,-49.208183,,False,4,1,2023-06-20T00:44:54.969800+00:00
CUR_BI015,Curitiba,4106902,1,,242,,,-25.377816,-49.262488,,False,1,1,2023-06-20T00:41:54.969800+00:00
CUR_CB604,Curitiba,4106902,1,,021,,,-25.417141,-49.290466,,False,4,,2023-06-20T00:45:54.969800+00:00
CUR_EB603,Curitiba,4106902,1,,021,,,-25.396003,-49.250098,,False,4,,2023-06-20T00:45:54.969800+00:00
CUR_EB600,Curitiba,4106902,1,,021,,,-25.429775,-49.216198,,False,4,,2023-06-20T00:45:54.969800+00:00
CUR_GB601,Curitiba,4106902,1,,021,,,-25.480711,-49.24634,,False,4,,2023-06-20T00:45:54.969800+00:00
CUR_GR125,Curitiba,4106902,1,,021,,,-25.496056,-49.283066,,False,4,,2023-06-20T00:45:54.969800+00:00
CUR_GB600,Curitiba,4106902,1,,021,,,-25.549588,-49.291176,,False,4,,2023-06-20T00:45:54.969800+00:00
CUR_BB600,Curitiba,4106902,1,,021,,,-25.434726,-49.21707,,False,4,,2023-06-20T00:45:54.969800+00:00
CUR_GI858,Curitiba,4106902,1,,616,,,-25.468638,-49.26386,,False,7,2,2023-06-20T00:45:54.969800+00:00
CUR_GI857,Curitiba,4106902,1,,616,,,-25.483468,-49.282576,,False,7,2,2023-06-20T00:45:54.969800+00:00
CUR_DC293,Curitiba,4106902,1,,338,,,-25.487698,-49.204133,,False,1,1,2023-06-20T00:45:54.969800+00:00
CUR_DC086,Curitiba,4106902,1,,338,,,-25.481701,-49.246806,,False,1,2,2023-06-20T00:45:54.969800+00:00
CUR_DA022,Curitiba,4106902,0,,338,,,-25.468911,-49.208325,,False,1,1,2023-06-20T00:45:54.969800+00:00
CUR_DC084,Curitiba,4106902,0,,338,,,-25.46755,-49.255416,,False,1,1,2023-06-20T00:39:54.969800+00:00
CUR_EI006,Curitiba,4106902,1,,X07,,,-25.534331,-49.268136,,False,1,2,2023-06-20T00:45:54.969800+00:00
CUR_EA005,Curitiba,4106902,1,,X07,,,-25.5343,-49.268013,,False,1,1,2023-06-20T00:45:54.969800+00:00
CUR_DC854,Curitiba,4106902,1,,477,,,-25.461583,-49.23898,,False,7,1,2023-06-20T00:44:54.969800+00:00
CUR_DC850,Curitiba,4106902,1,,477,,,-25.467716,-49.25428,,False,7,2,2023-06-20T00:44:54.969800+00:00
CUR_JI001,Curitiba,4106902,1,,777,,,-25.446913,-49.276806,,False,1,1,2023-06-20T00:45:54.969800+00:00
CUR_JI010,Curitiba,4106902,1,,777,,,-25.46048,-49.32211,,False,1,1,2023-06-20T00:45:54.969800+00:00
CUR_GE736,Curitiba,4106902,0,URBS,203,https://moovitapp.com/index/pt-br/transporte_p%C3%BAblico-line-203_SANTA_C%C3%82NDIDA_CAP%C3%83O_RASO-Curitiba-942-9628-1323737-0,-1.0,-25.413388,-49.258885,,False,5,2,2023-06-20T00:45:54.969800+00:00
CUR_BE716,Curitiba,4106902,0,URBS,203,https://moovitapp.com/index/pt-br/transporte_p%C3%BAblico-line-203_SANTA_C%C3%82NDIDA_CAP%C3%83O_RASO-Curitiba-942-9628-1323737-0,-1.0,-25.41183,-49.257496,,False,5,1,2023-06-20T00:43:54.969800+00:00
CUR_HE711,Curitiba,4106902,0,URBS,203,https://moovitapp.com/index/pt-br/transporte_p%C3%BAblico-line-203_SANTA_C%C3%82NDIDA_CAP%C3%83O_RASO-Curitiba-942-9628-1323737-0,-1.0,-25.466253,-49.292041,,False,5,2,2023-06-20T00:44:54.969800+00:00
CUR_BE719,Curitiba,4106902,0,URBS,203,https://moovitapp.com/index/pt-br/transporte_p%C3%BAblico-line-203_SANTA_C%C3%82NDIDA_CAP%C3%83O_RASO-Curitiba-942-9628-1323737-0,-1.0,-25.385268,-49.232911,,False,5,1,2023-06-20T00:43:54.969800+00:00
CUR_GE704,Curitiba,4106902,0,URBS,203,https://moovitapp.com/index/pt-br/transporte_p%C3%BAblico-line-203_SANTA_C%C3%82NDIDA_CAP%C3%83O_RASO-Curitiba-942-9628-1323737-0,-1.0,-25.451313,-49.287961,,False,5,2,2023-06-20T00:45:54.969800+00:00
CUR_GE726,Curitiba,4106902,0,URBS,203,https://moovitapp.com/index/pt-br/transporte_p%C3%BAblico-line-203_SANTA_C%C3%82NDIDA_CAP%C3%83O_RASO-Curitiba-942-9628-1323737-0,-1.0,-25.435745,-49.265193,,False,5,2,2023-06-20T00:45:54.969800+00:00
CUR_BE713,Curitiba,4106902,0,URBS,203,https://moovitapp.com/index/pt-br/transporte_p%C3%BAblico-line-203_SANTA_C%C3%82NDIDA_CAP%C3%83O_RASO-Curitiba-942-9628-1323737-0,-1.0,-25.379576,-49.227711,,False,5,1,2023-06-20T00:45:54.969800+00:00
CUR_BE725,Curitiba,4106902,0,URBS,203,https://moovitapp.com/index/pt-br/transporte_p%C3%BAblico-line-203_SANTA_C%C3%82NDIDA_CAP%C3%83O_RASO-Curitiba-942-9628-1323737-0,-1.0,-25.441956,-49.277828,,False,5,2,2023-06-20T00:45:54.969800+00:00
CUR_BE724,Curitiba,4106902,0,URBS,203,https://moovitapp.com/index/pt-br/transporte_p%C3%BAblico-line-203_SANTA_C%C3%82NDIDA_CAP%C3%83O_RASO-Curitiba-942-9628-1323737-0,-1.0,-25.429856,-49.267633,,False,5,2,2023-06-20T00:42:54.969800+00:00
CUR_BE708,Curitiba,4106902,0,URBS,203,https://moovitapp.com/index/pt-br/transporte_p%C3%BAblico-line-203_SANTA_C%C3%82NDIDA_CAP%C3%83O_RASO-Curitiba-942-9628-1323737-0,-1.0,-25.475291,-49.293111,,False,5,2,2023-06-20T00:43:54.969800+00:00
CUR_BE722,Curitiba,4106902,0,URBS,203,https://moovitapp.com/index/pt-br/transporte_p%C3%BAblico-line-203_SANTA_C%C3%82NDIDA_CAP%C3%83O_RASO-Curitiba-942-9628-1323737-0,-1.0,-25.4884,-49.294195,,False,5,2,2023-06-20T00:38:54.969800+00:00
CUR_JI866,Curitiba,4106902,1,,862,,,-25.432803,-49.271015,,False,7,2,2023-06-20T00:45:54.969800+00:00
CUR_BC012,Curitiba,4106902,1,,876,,,-25.42172,-49.301085,,False,1,1,2023-06-20T00:43:54.969800+00:00
CUR_BC005,Curitiba,4106902,1,,876,,,-25.41462,-49.329506,,False,1,2,2023-06-20T00:42:54.969800+00:00
CUR_JA027,Curitiba,4106902,1,,711,,,-25.477263,-49.326913,,False,1,2,2023-06-20T00:45:54.969800+00:00
CUR_BC017,Curitiba,4106902,1,,166,,,-25.393576,-49.293283,,False,1,1,2023-06-20T00:44:54.969800+00:00
CUR_GI057,Curitiba,4106902,1,,638,,,-25.532458,-49.297301,,False,1,1,2023-06-20T00:45:54.969800+00:00
CUR_GC001,Curitiba,4106902,1,,638,,,-25.552151,-49.275318,,False,1,2,2023-06-20T00:43:54.969800+00:00
CUR_HE728,Curitiba,4106902,0,URBS,603,https://moovitapp.com/index/pt-br/transporte_p%C3%BAblico-line-603_PINHEIRINHO_RUI_BARBOSA-Curitiba-942-9628-484781-0,-1.0,-25.44056,-49.274405,,False,5,1,2023-06-20T00:43:54.969800+00:00
CUR_HE723,Curitiba,4106902,0,URBS,603,https://moovitapp.com/index/pt-br/transporte_p%C3%BAblico-line-603_PINHEIRINHO_RUI_BARBOSA-Curitiba-942-9628-484781-0,-1.0,-25.497086,-49.295253,,False,5,2,2023-06-20T00:40:54.969800+00:00
CUR_HE729,Curitiba,4106902,0,URBS,603,https://moovitapp.com/index/pt-br/transporte_p%C3%BAblico-line-603_PINHEIRINHO_RUI_BARBOSA-Curitiba-942-9628-484781-0,-1.0,-25.451323,-49.287921,,False,5,1,2023-06-20T00:44:54.969800+00:00
CUR_HE701,Curitiba,4106902,0,URBS,603,https://moovitapp.com/index/pt-br/transporte_p%C3%BAblico-line-603_PINHEIRINHO_RUI_BARBOSA-Curitiba-942-9628-484781-0,-1.0,-25.473648,-49.29422,,False,5,2,2023-06-20T00:45:54.969800+00:00
CUR_HE718,Curitiba,4106902,0,URBS,603,https://moovitapp.com/index/pt-br/transporte_p%C3%BAblico-line-603_PINHEIRINHO_RUI_BARBOSA-Curitiba-942-9628-484781-0,-1.0,-25.504453,-49.296056,,False,5,2,2023-06-20T00:44:54.969800+00:00
CUR_HE730,Curitiba,4106902,0,URBS,603,https://moovitapp.com/index/pt-br/transporte_p%C3%BAblico-line-603_PINHEIRINHO_RUI_BARBOSA-Curitiba-942-9628-484781-0,-1.0,-25.539675,-49.308091,,False,5,2,2023-06-20T00:32:54.969800+00:00
CUR_BI021,Curitiba,4106902,1,,243,,,-25.358146,-49.27483,,False,1,1,2023-06-20T00:42:54.969800+00:00
CUR_BC302,Curitiba,4106902,1,,182,,,-25.376798,-49.26274,,False,3,1,2023-06-20T00:45:54.969800+00:00
CUR_JB610,Curitiba,4106902,1,,050,,,-25.475836,-49.300356,,False,4,2,2023-06-20T00:45:54.969800+00:00
CUR_JB604,Curitiba,4106902,1,,050,,,-25.476146,-49.290923,,False,4,2,2023-06-20T00:45:54.969800+00:00
CUR_GR124,Curitiba,4106902,1,,050,,,-25.476596,-49.292218,,False,4,1,2023-06-20T00:45:54.969800+00:00
CUR_EB605,Curitiba,4106902,1,,050,,,-25.450328,-49.255135,,False,4,1,2023-06-20T00:45:54.969800+00:00
CUR_EB608,Curitiba,4106902,1,,050,,,-25.475701,-49.31764,,False,4,2,2023-06-20T00:45:54.969800+00:00
CUR_HB609,Curitiba,4106902,1,,050,,,-25.476498,-49.291821,,False,4,1,2023-06-20T00:37:54.969800+00:00
CUR_JE700,Curitiba,4106902,0,URBS,303,https://moovitapp.com/index/pt-br/transporte_p%C3%BAblico-line-303_CENTEN%C3%81RIO_CAMPO_COMPRIDO-Curitiba-942-9628-531689-0,-1.0,-25.437521,-49.323313,,False,5,1,2023-06-20T00:45:54.969800+00:00
CUR_DE715,Curitiba,4106902,0,URBS,303,https://moovitapp.com/index/pt-br/transporte_p%C3%BAblico-line-303_CENTEN%C3%81RIO_CAMPO_COMPRIDO-Curitiba-942-9628-531689-0,-1.0,-25.430543,-49.280878,,False,5,2,2023-06-20T00:45:54.969800+00:00
CUR_DE716,Curitiba,4106902,0,URBS,303,https://moovitapp.com/index/pt-br/transporte_p%C3%BAblico-line-303_CENTEN%C3%81RIO_CAMPO_COMPRIDO-Curitiba-942-9628-531689-0,-1.0,-25.436026,-49.274756,,False,5,1,2023-06-20T00:45:54.969800+00:00
CUR_JE707,Curitiba,4106902,0,URBS,303,https://moovitapp.com/index/pt-br/transporte_p%C3%BAblico-line-303_CENTEN%C3%81RIO_CAMPO_COMPRIDO-Curitiba-942-9628-531689-0,-1.0,-25.435626,-49.250451,,False,5,1,2023-06-20T00:45:54.969800+00:00
CUR_JE704,Curitiba,4106902,0,URBS,303,https://moovitapp.com/index/pt-br/transporte_p%C3%BAblico-line-303_CENTEN%C3%81RIO_CAMPO_COMPRIDO-Curitiba-942-9628-531689-0,-1.0,-25.441721,-49.346768,,False,5,2,2023-06-20T00:45:54.969800+00:00
CUR_DE710,Curitiba,4106902,0,URBS,303,https://moovitapp.com/index/pt-br/transporte_p%C3%BAblico-line-303_CENTEN%C3%81RIO_CAMPO_COMPRIDO-Curitiba-942-9628-531689-0,-1.0,-25.469058,-49.208401,,False,5,1,2023-06-20T00:45:54.969800+00:00
CUR_DE700,Curitiba,4106902,0,URBS,303,https://moovitapp.com/index/pt-br/transporte_p%C3%BAblico-line-303_CENTEN%C3%81RIO_CAMPO_COMPRIDO-Curitiba-942-9628-531689-0,-1.0,-25.435801,-49.274496,,False,5,2,2023-06-20T00:45:54.969800+00:00
CUR_DE709,Curitiba,4106902,0,URBS,303,https://moovitapp.com/index/pt-br/transporte_p%C3%BAblico-line-303_CENTEN%C3%81RIO_CAMPO_COMPRIDO-Curitiba-942-9628-531689-0,-1.0,-25.440816,-49.2206,,False,5,2,2023-06-20T00:45:54.969800+00:00
CUR_DE714,Curitiba,4106902,0,URBS,303,https://moovitapp.com/index/pt-br/transporte_p%C3%BAblico-line-303_CENTEN%C3%81RIO_CAMPO_COMPRIDO-Curitiba-942-9628-531689-0,-1.0,-25.467273,-49.25539,,False,5,2,2023-06-20T00:45:54.969800+00:00
CUR_DE721,Curitiba,4106902,0,URBS,303,https://moovitapp.com/index/pt-br/transporte_p%C3%BAblico-line-303_CENTEN%C3%81RIO_CAMPO_COMPRIDO-Curitiba-942-9628-531689-0,-1.0,-25.434115,-49.276875,,False,5,1,2023-06-20T00:43:54.969800+00:00
CUR_XY042,Curitiba,4106902,0,URBS,303,https://moovitapp.com/index/pt-br/transporte_p%C3%BAblico-line-303_CENTEN%C3%81RIO_CAMPO_COMPRIDO-Curitiba-942-9628-531689-0,-1.0,-25.43416,-49.302521,,False,4,1,2023-06-20T00:38:54.969800+00:00
CUR_DE698,Curitiba,4106902,0,URBS,303,https://moovitapp.com/index/pt-br/transporte_p%C3%BAblico-line-303_CENTEN%C3%81RIO_CAMPO_COMPRIDO-Curitiba-942-9628-531689-0,-1.0,-25.469041,-49.208368,,False,4,2,2023-06-20T00:45:54.969800+00:00
CUR_JE708,Curitiba,4106902,0,URBS,303,https://moovitapp.com/index/pt-br/transporte_p%C3%BAblico-line-303_CENTEN%C3%81RIO_CAMPO_COMPRIDO-Curitiba-942-9628-531689-0,-1.0,-25.448988,-49.366811,,False,5,1,2023-06-20T00:43:54.969800+00:00
CUR_KE703,Curitiba,4106902,0,URBS,503,https://moovitapp.com/index/pt-br/transporte_p%C3%BAblico-line-503_BOQUEIR%C3%83O-Curitiba-942-9628-294244-0,-1.0,-25.466658,-49.254368,,False,5,1,2023-06-20T00:45:54.969800+00:00
CUR_KE702,Curitiba,4106902,0,URBS,503,https://moovitapp.com/index/pt-br/transporte_p%C3%BAblico-line-503_BOQUEIR%C3%83O-Curitiba-942-9628-294244-0,-1.0,-25.436426,-49.26919,,False,5,1,2023-06-20T00:45:54.969800+00:00
CUR_KE845,Curitiba,4106902,0,URBS,503,https://moovitapp.com/index/pt-br/transporte_p%C3%BAblico-line-503_BOQUEIR%C3%83O-Curitiba-942-9628-294244-0,-1.0,-25.467148,-49.254843,,False,5,1,2023-06-20T00:45:54.969800+00:00
CUR_GE608,Curitiba,4106902,0,URBS,503,https://moovitapp.com/index/pt-br/transporte_p%C3%BAblico-line-503_BOQUEIR%C3%83O-Curitiba-942-9628-294244-0,-1.0,-25.48385,-49.246173,,False,4,2,2023-06-20T00:45:54.969800+00:00
CUR_KE704,Curitiba,4106902,0,URBS,503,https://moovitapp.com/index/pt-br/transporte_p%C3%BAblico-line-503_BOQUEIR%C3%83O-Curitiba-942-9628-294244-0,-1.0,-25.516711,-49.230731,,False,5,2,2023-06-20T00:45:54.969800+00:00
CUR_BA017,Curitiba,4106902,1,,822,,,-25.435251,-49.35163,,False,1,1,2023-06-20T00:44:54.969800+00:00
CUR_HI041,Curitiba,4106902,1,,654,,,-25.500705,-49.323045,,False,1,2,2023-06-20T00:43:54.969800+00:00
CUR_HI042,Curitiba,4106902,1,,654,,,-25.49338,-49.311121,,False,1,1,2023-06-20T00:45:54.969800+00:00
CUR_BI869,Curitiba,4106902,1,,260,,,-25.410398,-49.264185,,False,7,1,2023-06-20T00:44:54.969800+00:00
CUR_GI852,Curitiba,4106902,1,,662,,,-25.475166,-49.276705,,False,7,1,2023-06-20T00:45:54.969800+00:00
CUR_BI885,Curitiba,4106902,1,,272,,,-25.402115,-49.259768,,False,7,2,2023-06-20T00:44:54.969800+00:00
CUR_BI012,Curitiba,4106902,1,,236,,,-25.356491,-49.237616,,False,1,2,2023-06-20T00:42:54.969800+00:00
CUR_GI047,Curitiba,4106902,1,,528,,,-25.550758,-49.292815,,False,1,1,2023-06-20T00:45:54.969800+00:00
CUR_EA012,Curitiba,4106902,1,,528,,,-25.537933,-49.257523,,False,1,2,2023-06-20T00:45:54.969800+00:00
CUR_EA602,Curitiba,4106902,1,,528,,,-25.467635,-49.25611,,False,4,1,2023-06-20T00:45:54.969800+00:00
CUR_EA699,Curitiba,4106902,1,,528,,,-25.46765,-49.25609,,False,4,2,2023-06-20T00:45:54.969800+00:00
CUR_GA600,Curitiba,4106902,1,,528,,,-25.548923,-49.291456,,False,4,1,2023-06-20T00:45:54.969800+00:00
CUR_HI008,Curitiba,4106902,1,,828,,,-25.45346,-49.34392,,False,1,2,2023-06-20T00:44:54.969800+00:00
CUR_JI020,Curitiba,4106902,1,,828,,,-25.46117,-49.343195,,False,1,2,2023-06-20T00:45:54.969800+00:00
CUR_BI882,Curitiba,4106902,1,Auto Viação São José,213,https://moovitapp.com/index/pt-br/transporte_p%C3%BAblico-line-213_PIT_PRA%C3%87A_DA_JUVENTUDE_CRISTAL_BLANCO_POMBO_HOR%C3%81RIO-Curitiba-942-857412-119631272-0,-1.0,-25.406593,-49.252586,,False,7,1,2023-06-20T00:43:54.969800+00:00
CUR_GI039,Curitiba,4106902,1,,633,,,-25.522395,-49.283723,,False,1,1,2023-06-20T00:45:54.969800+00:00
CUR_GC018,Curitiba,4106902,1,,633,,,-25.52704,-49.274506,,False,1,2,2023-06-20T00:45:54.969800+00:00
CUR_KA600,Curitiba,4106902,1,,545,,,-25.536945,-49.315001,,False,4,2,2023-06-20T00:45:54.969800+00:00
CUR_GI600,Curitiba,4106902,1,,545,,,-25.523213,-49.243121,,False,4,1,2023-06-20T00:45:54.969800+00:00
CUR_KA692,Curitiba,4106902,1,,545,,,-25.467318,-49.254616,,False,4,2,2023-06-20T00:45:54.969800+00:00
CUR_JI600,Curitiba,4106902,1,,545,,,-25.525981,-49.250746,,False,4,1,2023-06-20T00:45:54.969800+00:00
CUR_GI603,Curitiba,4106902,1,,545,,,-25.548555,-49.291603,,False,4,2,2023-06-20T00:45:54.969800+00:00
CUR_BL605,Curitiba,4106902,0,URBS,022,https://moovitapp.com/index/pt-br/transporte_p%C3%BAblico-line-022_INTER_2_HOR%C3%81RIO-Curitiba-942-9628-381388-0,-1.0,-25.494673,-49.2902,,False,4,,2023-06-20T00:41:54.969800+00:00
CUR_DR805,Curitiba,4106902,0,URBS,022,https://moovitapp.com/index/pt-br/transporte_p%C3%BAblico-line-022_INTER_2_HOR%C3%81RIO-Curitiba-942-9628-381388-0,-1.0,-25.468165,-49.254741,,False,4,,2023-06-20T00:43:54.969800+00:00
CUR_DL309,Curitiba,4106902,0,URBS,022,https://moovitapp.com/index/pt-br/transporte_p%C3%BAblico-line-022_INTER_2_HOR%C3%81RIO-Curitiba-942-9628-381388-0,-1.0,-25.467846,-49.254806,,False,3,,2023-06-20T00:45:54.969800+00:00
CUR_HL699,Curitiba,4106902,0,URBS,022,https://moovitapp.com/index/pt-br/transporte_p%C3%BAblico-line-022_INTER_2_HOR%C3%81RIO-Curitiba-942-9628-381388-0,-1.0,-25.410613,-49.24824,,False,4,,2023-06-20T00:45:54.969800+00:00
CUR_EL600,Curitiba,4106902,0,URBS,022,https://moovitapp.com/index/pt-br/transporte_p%C3%BAblico-line-022_INTER_2_HOR%C3%81RIO-Curitiba-942-9628-381388-0,-1.0,-25.468243,-49.255746,,False,4,,2023-06-20T00:45:54.969800+00:00
CUR_BL300,Curitiba,4106902,0,URBS,022,https://moovitapp.com/index/pt-br/transporte_p%C3%BAblico-line-022_INTER_2_HOR%C3%81RIO-Curitiba-942-9628-381388-0,-1.0,-25.448156,-49.30457,,False,3,,2023-06-20T00:44:54.969800+00:00
CUR_BL318,Curitiba,4106902,0,URBS,022,https://moovitapp.com/index/pt-br/transporte_p%C3%BAblico-line-022_INTER_2_HOR%C3%81RIO-Curitiba-942-9628-381388-0,-1.0,-25.481718,-49.247343,,False,3,,2023-06-20T00:43:54.969800+00:00
CUR_BL322,Curitiba,4106902,0,URBS,022,https://moovitapp.com/index/pt-br/transporte_p%C3%BAblico-line-022_INTER_2_HOR%C3%81RIO-Curitiba-942-9628-381388-0,-1.0,-25.414378,-49.289096,,False,3,,2023-06-20T00:43:54.969800+00:00
CUR_JC011,Curitiba,4106902,1,,860,,,-25.449465,-49.366731,,False,1,1,2023-06-20T00:44:54.969800+00:00
CUR_JA021,Curitiba,4106902,1,,860,,,-25.448871,-49.333966,,False,1,2,2023-06-20T00:45:54.969800+00:00
CUR_JI009,Curitiba,4106902,1,,860,,,-25.449396,-49.306075,,False,1,1,2023-06-20T00:45:54.969800+00:00
CUR_BC301,Curitiba,4106902,1,,205,,,-25.427346,-49.27084,,False,3,2,2023-06-20T00:45:54.969800+00:00
CUR_BC280,Curitiba,4106902,1,,205,,,-25.418955,-49.267141,,False,1,2,2023-06-20T00:42:54.969800+00:00
CUR_GI027,Curitiba,4106902,1,,631,,,-25.521498,-49.287508,,False,1,,2023-06-20T00:45:54.969800+00:00
CUR_BI857,Curitiba,4106902,1,,311,,,-25.439813,-49.222125,,False,7,1,2023-06-20T00:44:54.969800+00:00
CUR_EI002,Curitiba,4106902,1,,523,,,-25.506776,-49.218623,,False,1,1,2023-06-20T00:45:54.969800+00:00
CUR_HI032,Curitiba,4106902,1,,630,,,-25.536796,-49.301556,,False,1,1,2023-06-20T00:43:54.969800+00:00
CUR_BB308,Curitiba,4106902,1,,011,,,-25.427613,-49.289325,,False,10,,2023-06-20T00:45:54.969800+00:00
CUR_BB305,Curitiba,4106902,1,,011,,,-25.433925,-49.256726,,False,10,,2023-06-20T00:45:54.969800+00:00
CUR_CC302,Curitiba,4106902,1,,380,,,-25.427816,-49.249016,,False,10,2,2023-06-20T00:45:54.969800+00:00
CUR_CC301,Curitiba,4106902,1,,380,,,-25.381975,-49.18582,,False,10,2,2023-06-20T00:45:54.969800+00:00
CUR_HC304,Curitiba,4106902,1,,380,,,-25.426661,-49.25404,,False,10,1,2023-06-20T00:44:54.969800+00:00
CUR_BI001,Curitiba,4106902,1,,374,,,-25.407311,-49.208748,,False,1,1,2023-06-20T00:42:54.969800+00:00
CUR_BI003,Curitiba,4106902,1,,374,,,-25.421191,-49.261556,,False,1,2,2023-06-20T00:44:54.969800+00:00
CUR_BI029,Curitiba,4106902,1,,827,,,-25.439301,-49.364348,,False,1,2,2023-06-20T00:44:54.969800+00:00
CUR_EL325,Curitiba,4106902,1,URBS,505,https://moovitapp.com/index/pt-br/transporte_p%C3%BAblico-line-505_BOQUEIR%C3%83O_CENTRO_C%C3%8DVICO-Curitiba-942-9628-531685-0,-1.0,-25.422751,-49.269161,,False,3,1,2023-06-20T00:45:54.969800+00:00
CUR_EL330,Curitiba,4106902,1,URBS,505,https://moovitapp.com/index/pt-br/transporte_p%C3%BAblico-line-505_BOQUEIR%C3%83O_CENTRO_C%C3%8DVICO-Curitiba-942-9628-531685-0,-1.0,-25.430458,-49.26466,,False,3,1,2023-06-20T00:45:54.969800+00:00
CUR_EL318,Curitiba,4106902,1,URBS,505,https://moovitapp.com/index/pt-br/transporte_p%C3%BAblico-line-505_BOQUEIR%C3%83O_CENTRO_C%C3%8DVICO-Curitiba-942-9628-531685-0,-1.0,-25.507658,-49.234516,,False,3,2,2023-06-20T00:45:54.969800+00:00
CUR_HC300,Curitiba,4106902,1,,863,,,-25.439488,-49.272095,,False,10,1,2023-06-20T00:40:54.969800+00:00
CUR_HC011,Curitiba,4106902,1,,863,,,-25.458598,-49.284105,,False,1,2,2023-06-20T00:45:54.969800+00:00
CUR_BA002,Curitiba,4106902,1,,375,,,-25.418711,-49.205845,,False,1,1,2023-06-20T00:43:54.969800+00:00
CUR_EA021,Curitiba,4106902,1,,521,,,-25.500908,-49.237896,,False,1,2,2023-06-20T00:45:54.969800+00:00
CUR_MI853,Curitiba,4106902,1,,967,,,-25.412776,-49.294003,,False,7,1,2023-06-20T00:45:54.969800+00:00
CUR_HI613,Curitiba,4106902,1,,684,,,-25.53664,-49.301318,,False,4,1,2023-06-20T00:45:54.969800+00:00
CUR_HA613,Curitiba,4106902,1,,684,,,-25.588441,-49.341145,,False,4,2,2023-06-20T00:44:54.969800+00:00
CUR_HA618,Curitiba,4106902,1,,684,,,-25.523283,-49.295931,,False,4,1,2023-06-20T00:43:54.969800+00:00
CUR_HA604,Curitiba,4106902,1,,684,,,-25.538876,-49.307573,,False,4,1,2023-06-20T00:33:54.969800+00:00
CUR_BI891,Curitiba,4106902,1,,244,,,-25.374153,-49.263248,,False,7,2,2023-06-20T00:42:54.969800+00:00
CUR_ML308,Curitiba,4106902,0,URBS,307,https://moovitapp.com/index/pt-br/transporte_p%C3%BAblico-line-307_BAIRRO_ALTO_SANTA_FELICIDADE-Curitiba-942-9628-1323712-0,-1.0,-25.422336,-49.253853,,False,3,2,2023-06-20T00:45:54.969800+00:00
CUR_CL039,Curitiba,4106902,0,URBS,307,https://moovitapp.com/index/pt-br/transporte_p%C3%BAblico-line-307_BAIRRO_ALTO_SANTA_FELICIDADE-Curitiba-942-9628-1323712-0,-1.0,-25.40549,-49.324223,,False,3,1,2023-06-20T00:45:54.969800+00:00
CUR_BL328,Curitiba,4106902,0,URBS,307,https://moovitapp.com/index/pt-br/transporte_p%C3%BAblico-line-307_BAIRRO_ALTO_SANTA_FELICIDADE-Curitiba-942-9628-1323712-0,-1.0,-25.426316,-49.202331,,False,3,2,2023-06-20T00:41:54.969800+00:00
CUR_ML313,Curitiba,4106902,0,URBS,307,https://moovitapp.com/index/pt-br/transporte_p%C3%BAblico-line-307_BAIRRO_ALTO_SANTA_FELICIDADE-Curitiba-942-9628-1323712-0,-1.0,-25.431103,-49.205321,,False,3,1,2023-06-20T00:45:54.969800+00:00
CUR_BL325,Curitiba,4106902,0,URBS,307,https://moovitapp.com/index/pt-br/transporte_p%C3%BAblico-line-307_BAIRRO_ALTO_SANTA_FELICIDADE-Curitiba-942-9628-1323712-0,-1.0,-25.42996,-49.282153,,False,3,1,2023-06-20T00:45:54.969800+00:00
CUR_CL304,Curitiba,4106902,0,URBS,307,https://moovitapp.com/index/pt-br/transporte_p%C3%BAblico-line-307_BAIRRO_ALTO_SANTA_FELICIDADE-Curitiba-942-9628-1323712-0,-1.0,-25.429665,-49.271425,,False,3,1,2023-06-20T00:45:54.969800+00:00
CUR_EI016,Curitiba,4106902,1,,532,,,-25.522748,-49.230961,,False,1,1,2023-06-20T00:45:54.969800+00:00
CUR_EA023,Curitiba,4106902,1,,532,,,-25.468361,-49.256041,,False,1,2,2023-06-20T00:45:54.969800+00:00
CUR_HI025,Curitiba,4106902,1,,655,,,-25.559761,-49.307366,,False,1,2,2023-06-20T00:39:54.969800+00:00
CUR_HA005,Curitiba,4106902,1,,655,,,-25.521785,-49.292131,,False,1,1,2023-06-20T00:43:54.969800+00:00
CUR_BA034,Curitiba,4106902,1,,342,,,-25.40492,-49.199465,,False,1,1,2023-06-20T00:44:54.969800+00:00
CUR_BI010,Curitiba,4106902,1,,342,,,-25.396991,-49.233185,,False,1,2,2023-06-20T00:44:54.969800+00:00
CUR_BI018,Curitiba,4106902,1,,232,,,-25.374001,-49.224446,,False,1,1,2023-06-20T00:44:54.969800+00:00
CUR_HI011,Curitiba,4106902,1,,628,,,-25.492536,-49.295686,,False,1,1,2023-06-20T00:44:54.969800+00:00
CUR_HI002,Curitiba,4106902,1,,628,,,-25.543721,-49.343436,,False,1,2,2023-06-20T00:45:54.969800+00:00
CUR_HI044,Curitiba,4106902,1,,628,,,-25.539616,-49.30821,,False,1,2,2023-06-20T00:32:54.969800+00:00
CUR_JL320,Curitiba,4106902,1,URBS,702,https://moovitapp.com/index/pt-br/transporte_p%C3%BAblico-line-702_CAIU%C3%81_CACHOEIRA-Curitiba-942-9628-133282980-0,-1.0,-25.45513,-49.298391,,False,3,2,2023-06-20T00:45:54.969800+00:00
CUR_JL303,Curitiba,4106902,0,URBS,702,https://moovitapp.com/index/pt-br/transporte_p%C3%BAblico-line-702_CAIU%C3%81_CACHOEIRA-Curitiba-942-9628-133282980-0,-1.0,-25.448546,-49.2861,,False,3,1,2023-06-20T00:45:54.969800+00:00
CUR_JL319,Curitiba,4106902,0,URBS,702,https://moovitapp.com/index/pt-br/transporte_p%C3%BAblico-line-702_CAIU%C3%81_CACHOEIRA-Curitiba-942-9628-133282980-0,-1.0,-25.376901,-49.262741,,False,3,1,2023-06-20T00:45:54.969800+00:00
CUR_HI859,Curitiba,4106902,1,,865,,,-25.443006,-49.320588,,False,7,2,2023-06-20T00:44:54.969800+00:00
CUR_JL321,Curitiba,4106902,1,URBS,304,https://moovitapp.com/index/pt-br/transporte_p%C3%BAblico-line-304_PINHAIS_CAMPO_COMPRIDO-Curitiba-942-9628-133282995-0,-1.0,-25.441365,-49.34724,,False,3,2,2023-06-20T00:44:54.969800+00:00
CUR_DL304,Curitiba,4106902,0,URBS,304,https://moovitapp.com/index/pt-br/transporte_p%C3%BAblico-line-304_PINHAIS_CAMPO_COMPRIDO-Curitiba-942-9628-133282995-0,-1.0,-25.467903,-49.25483,,False,3,2,2023-06-20T00:45:54.969800+00:00
CUR_DL310,Curitiba,4106902,0,URBS,304,https://moovitapp.com/index/pt-br/transporte_p%C3%BAblico-line-304_PINHAIS_CAMPO_COMPRIDO-Curitiba-942-9628-133282995-0,-1.0,-25.443451,-49.208003,,False,3,1,2023-06-20T00:45:54.969800+00:00
CUR_JL307,Curitiba,4106902,0,URBS,304,https://moovitapp.com/index/pt-br/transporte_p%C3%BAblico-line-304_PINHAIS_CAMPO_COMPRIDO-Curitiba-942-9628-133282995-0,-1.0,-25.436593,-49.318066,,False,3,2,2023-06-20T00:45:54.969800+00:00
CUR_DL303,Curitiba,4106902,0,URBS,304,https://moovitapp.com/index/pt-br/transporte_p%C3%BAblico-line-304_PINHAIS_CAMPO_COMPRIDO-Curitiba-942-9628-133282995-0,-1.0,-25.467933,-49.254818,,False,3,2,2023-06-20T00:45:54.969800+00:00
CUR_HL330,Curitiba,4106902,1,URBS,304,https://moovitapp.com/index/pt-br/transporte_p%C3%BAblico-line-304_PINHAIS_CAMPO_COMPRIDO-Curitiba-942-9628-133282995-0,-1.0,-25.53755,-49.307083,,False,3,2,2023-06-20T00:32:54.969800+00:00
CUR_HL324,Curitiba,4106902,0,URBS,304,https://moovitapp.com/index/pt-br/transporte_p%C3%BAblico-line-304_PINHAIS_CAMPO_COMPRIDO-Curitiba-942-9628-133282995-0,-1.0,-25.537713,-49.306835,,False,3,1,2023-06-20T00:30:54.969800+00:00
CUR_DC852,Curitiba,4106902,1,,466,,,-25.451893,-49.244213,,False,7,1,2023-06-20T00:45:54.969800+00:00
CUR_BC023,Curitiba,4106902,1,,373,,,-25.430996,-49.265536,,False,1,2,2023-06-20T00:45:54.969800+00:00
CUR_GE711,Curitiba,4106902,0,URBS,550,https://moovitapp.com/index/pt-br/transporte_p%C3%BAblico-line-550_LIGEIR%C3%83O_PINHEIRINHO_CARLOS_GOMES-Curitiba-942-9628-1254061-0,-1.0,-25.51271,-49.289396,,False,5,1,2023-06-20T00:45:54.969800+00:00
CUR_GE724,Curitiba,4106902,0,URBS,550,https://moovitapp.com/index/pt-br/transporte_p%C3%BAblico-line-550_LIGEIR%C3%83O_PINHEIRINHO_CARLOS_GOMES-Curitiba-942-9628-1254061-0,-1.0,-25.51232,-49.288915,,False,5,2,2023-06-20T00:45:54.969800+00:00
CUR_HE712,Curitiba,4106902,0,URBS,550,https://moovitapp.com/index/pt-br/transporte_p%C3%BAblico-line-550_LIGEIR%C3%83O_PINHEIRINHO_CARLOS_GOMES-Curitiba-942-9628-1254061-0,-1.0,-25.464603,-49.255601,,False,5,1,2023-06-20T00:44:54.969800+00:00
CUR_HE719,Curitiba,4106902,0,URBS,550,https://moovitapp.com/index/pt-br/transporte_p%C3%BAblico-line-550_LIGEIR%C3%83O_PINHEIRINHO_CARLOS_GOMES-Curitiba-942-9628-1254061-0,-1.0,-25.49655,-49.276025,,False,5,2,2023-06-20T00:44:54.969800+00:00
CUR_DC983,Curitiba,4106902,1,,323,,,-25.449615,-49.204525,,False,1,,2023-06-20T00:42:54.969800+00:00
CUR_GL308,Curitiba,4106902,0,URBS,506,https://moovitapp.com/index/pt-br/transporte_p%C3%BAblico-line-506_BAIRRO_NOVO-Curitiba-942-9628-294299-0,-1.0,-25.50963,-49.282666,,False,3,2,2023-06-20T00:45:54.969800+00:00
CUR_GL302,Curitiba,4106902,0,URBS,506,https://moovitapp.com/index/pt-br/transporte_p%C3%BAblico-line-506_BAIRRO_NOVO-Curitiba-942-9628-294299-0,-1.0,-25.540665,-49.270968,,False,3,1,2023-06-20T00:45:54.969800+00:00
CUR_EL328,Curitiba,4106902,1,URBS,506,https://moovitapp.com/index/pt-br/transporte_p%C3%BAblico-line-506_BAIRRO_NOVO-Curitiba-942-9628-294299-0,-1.0,-25.506671,-49.284093,,False,3,2,2023-06-20T00:45:54.969800+00:00
CUR_EL327,Curitiba,4106902,1,URBS,506,https://moovitapp.com/index/pt-br/transporte_p%C3%BAblico-line-506_BAIRRO_NOVO-Curitiba-942-9628-294299-0,-1.0,-25.534595,-49.268595,,False,3,2,2023-06-20T00:45:54.969800+00:00
CUR_EL329,Curitiba,4106902,1,URBS,506,https://moovitapp.com/index/pt-br/transporte_p%C3%BAblico-line-506_BAIRRO_NOVO-Curitiba-942-9628-294299-0,-1.0,-25.490855,-49.271378,,False,3,1,2023-06-20T00:45:54.969800+00:00
CUR_BC001,Curitiba,4106902,1,,183,,,-25.424163,-49.268788,,False,1,2,2023-06-20T00:45:54.969800+00:00
CUR_HN616,Curitiba,4106902,1,,674,,,-25.448921,-49.287456,,False,7,1,2023-06-20T00:44:54.969800+00:00
CUR_HC851,Curitiba,4106902,1,,674,,,-25.537195,-49.306858,,False,7,1,2023-06-20T00:32:54.969800+00:00
CUR_BB302,Curitiba,4106902,1,,010,,,-25.447748,-49.25817,,False,10,,2023-06-20T00:45:54.969800+00:00
CUR_BB307,Curitiba,4106902,1,,010,,,-25.416545,-49.268926,,False,10,,2023-06-20T00:41:54.969800+00:00
CUR_GI049,Curitiba,4106902,1,,642,,,-25.548881,-49.285775,,False,1,2,2023-06-20T00:45:54.969800+00:00
CUR_EI013,Curitiba,4106902,1,,663,,,-25.477135,-49.286738,,False,1,2,2023-06-20T00:45:54.969800+00:00
CUR_EI018,Curitiba,4106902,1,,663,,,-25.44879,-49.268701,,False,1,1,2023-06-20T00:45:54.969800+00:00
CUR_EI001,Curitiba,4106902,1,,561,,,-25.448736,-49.267655,,False,1,1,2023-06-20T00:45:54.969800+00:00
CUR_EA020,Curitiba,4106902,1,,561,,,-25.435406,-49.273745,,False,1,2,2023-06-20T00:44:54.969800+00:00
CUR_BI022,Curitiba,4106902,1,,225,,,-25.377135,-49.262573,,False,1,2,2023-06-20T00:39:54.969800+00:00
CUR_CI004,Curitiba,4106902,1,,341,,,-25.402583,-49.19673,,False,1,2,2023-06-20T00:45:54.969800+00:00
CUR_DA019,Curitiba,4106902,0,,322,,,-25.467906,-49.255913,,False,1,2,2023-06-20T00:41:54.969800+00:00
CUR_DA011,Curitiba,4106902,1,,322,,,-25.45534,-49.208596,,False,1,2,2023-06-20T00:44:54.969800+00:00
CUR_DC851,Curitiba,4106902,1,,461,,,-25.465225,-49.225566,,False,7,1,2023-06-20T00:45:54.969800+00:00
CUR_DA850,Curitiba,4106902,1,,461,,,-25.468335,-49.255336,,False,7,1,2023-06-20T00:45:54.969800+00:00
CUR_KA605,Curitiba,4106902,1,,629,,,-25.540831,-49.241796,,False,4,2,2023-06-20T00:45:54.969800+00:00
CUR_KA689,Curitiba,4106902,1,,629,,,-25.491888,-49.293393,,False,4,1,2023-06-20T00:45:54.969800+00:00
CUR_GI008,Curitiba,4106902,1,,665,,,-25.449951,-49.267085,,False,1,1,2023-06-20T00:45:54.969800+00:00
CUR_GI850,Curitiba,4106902,1,,665,,,-25.441328,-49.272338,,False,7,2,2023-06-20T00:45:54.969800+00:00
CUR_BC007,Curitiba,4106902,1,,168,,,-25.422825,-49.281868,,False,1,1,2023-06-20T00:44:54.969800+00:00
CUR_BI004,Curitiba,4106902,1,Auto Viação São José,211,https://moovitapp.com/index/pt-br/transporte_p%C3%BAblico-line-211_PIT_PRA%C3%87A_DA_JUVENTUDE_IZAURA_IP%C3%8A-Curitiba-942-857412-73553392-0,-1.0,-25.403471,-49.216458,,False,1,1,2023-06-20T00:45:54.969800+00:00
CUR_MI005,Curitiba,4106902,1,,821,,,-25.44165,-49.346605,,False,1,1,2023-06-20T00:45:54.969800+00:00
CUR_DN604,Curitiba,4106902,1,,465,,,-25.455086,-49.238826,,False,7,1,2023-06-20T00:45:54.969800+00:00
CUR_DA295,Curitiba,4106902,1,,474,,,-25.486968,-49.203841,,False,1,2,2023-06-20T00:45:54.969800+00:00
CUR_HI016,Curitiba,4106902,1,,650,,,-25.539385,-49.301995,,False,1,1,2023-06-20T00:44:54.969800+00:00
CUR_HA601,Curitiba,4106902,1,,650,,,-25.548326,-49.321775,,False,4,2,2023-06-20T00:40:54.969800+00:00
CUR_HA612,Curitiba,4106902,1,,650,,,-25.574578,-49.328975,,False,4,2,2023-06-20T00:41:54.969800+00:00
CUR_HI021,Curitiba,4106902,1,,646,,,-25.539881,-49.30237,,False,1,1,2023-06-20T00:44:54.969800+00:00
CUR_HA028,Curitiba,4106902,1,,646,,,-25.585403,-49.318003,,False,1,2,2023-06-20T00:43:54.969800+00:00
CUR_HC002,Curitiba,4106902,1,,646,,,-25.538155,-49.307701,,False,1,1,2023-06-20T00:33:54.969800+00:00
CUR_JI022,Curitiba,4106902,1,,658,,,-25.493053,-49.34956,,False,1,2,2023-06-20T00:45:54.969800+00:00
CUR_HI005,Curitiba,4106902,1,,658,,,-25.49416,-49.31101,,False,1,1,2023-06-20T00:44:54.969800+00:00
CUR_HI049,Curitiba,4106902,1,,658,,,-25.483815,-49.348413,,False,1,2,2023-06-20T00:41:54.969800+00:00
CUR_HA195,Curitiba,4106902,1,,658,,,-25.539691,-49.30771,,False,1,1,2023-06-20T00:32:54.969800+00:00
CUR_GI011,Curitiba,4106902,1,,636,,,-25.544926,-49.293883,,False,1,1,2023-06-20T00:44:54.969800+00:00
CUR_GI009,Curitiba,4106902,1,,649,,,-25.523073,-49.283841,,False,1,2,2023-06-20T00:45:54.969800+00:00
CUR_GC005,Curitiba,4106902,1,,649,,,-25.526575,-49.284043,,False,1,1,2023-06-20T00:45:54.969800+00:00
CUR_GI010,Curitiba,4106902,1,,640,,,-25.534056,-49.292721,,False,1,2,2023-06-20T00:45:54.969800+00:00
CUR_GI048,Curitiba,4106902,1,,640,,,-25.531411,-49.287566,,False,1,1,2023-06-20T00:45:54.969800+00:00
CUR_EI007,Curitiba,4106902,1,,522,,,-25.524111,-49.254586,,False,1,1,2023-06-20T00:45:54.969800+00:00
CUR_EA073,Curitiba,4106902,1,,522,,,-25.468443,-49.255956,,False,1,2,2023-06-20T00:44:54.969800+00:00
CUR_EA205,Curitiba,4106902,1,,471,,,-25.468278,-49.255743,,False,1,2,2023-06-20T00:45:54.969800+00:00
CUR_EA213,Curitiba,4106902,1,,471,,,-25.44565,-49.265206,,False,1,1,2023-06-20T00:45:54.969800+00:00
CUR_EI014,Curitiba,4106902,1,,533,,,-25.531708,-49.250823,,False,1,,2023-06-20T00:45:54.969800+00:00
CUR_EA008,Curitiba,4106902,1,,657,,,-25.494583,-49.28352,,False,1,2,2023-06-20T00:45:54.969800+00:00
CUR_KI002,Curitiba,4106902,1,,472,,,-25.445661,-49.259035,,False,1,1,2023-06-20T00:45:54.969800+00:00
CUR_KC002,Curitiba,4106902,1,,472,,,-25.466893,-49.254946,,False,1,1,2023-06-20T00:45:54.969800+00:00
CUR_BI880,Curitiba,4106902,1,,275,,,-25.428631,-49.270641,,False,7,1,2023-06-20T00:39:54.969800+00:00
CUR_BI883,Curitiba,4106902,1,,275,,,-25.37651,-49.23339,,False,7,2,2023-06-20T00:41:54.969800+00:00
CUR_BI861,Curitiba,4106902,1,,266,,,-25.385411,-49.247665,,False,7,1,2023-06-20T00:44:54.969800+00:00
CUR_HE609,Curitiba,4106902,0,URBS,502,https://moovitapp.com/index/pt-br/transporte_p%C3%BAblico-line-502_CIRCULAR_SUL_HOR%C3%81RIO-Curitiba-942-9628-294482-0,-1.0,-25.534283,-49.267556,,False,4,,2023-06-20T00:42:54.969800+00:00
CUR_HE615,Curitiba,4106902,0,URBS,502,https://moovitapp.com/index/pt-br/transporte_p%C3%BAblico-line-502_CIRCULAR_SUL_HOR%C3%81RIO-Curitiba-942-9628-294482-0,-1.0,-25.47704,-49.289255,,False,4,,2023-06-20T00:45:54.969800+00:00
CUR_GE603,Curitiba,4106902,0,URBS,502,https://moovitapp.com/index/pt-br/transporte_p%C3%BAblico-line-502_CIRCULAR_SUL_HOR%C3%81RIO-Curitiba-942-9628-294482-0,-1.0,-25.494173,-49.29385,,False,4,,2023-06-20T00:45:54.969800+00:00
CUR_KE847,Curitiba,4106902,0,URBS,502,https://moovitapp.com/index/pt-br/transporte_p%C3%BAblico-line-502_CIRCULAR_SUL_HOR%C3%81RIO-Curitiba-942-9628-294482-0,-1.0,-25.46717,-49.254803,,False,5,,2023-06-20T00:45:54.969800+00:00
CUR_KE701,Curitiba,4106902,0,URBS,502,https://moovitapp.com/index/pt-br/transporte_p%C3%BAblico-line-502_CIRCULAR_SUL_HOR%C3%81RIO-Curitiba-942-9628-294482-0,-1.0,-25.476071,-49.292651,,False,5,,2023-06-20T00:45:54.969800+00:00
CUR_HE603,Curitiba,4106902,0,URBS,502,https://moovitapp.com/index/pt-br/transporte_p%C3%BAblico-line-502_CIRCULAR_SUL_HOR%C3%81RIO-Curitiba-942-9628-294482-0,-1.0,-25.524995,-49.228718,,False,4,,2023-06-20T00:44:54.969800+00:00
CUR_GE610,Curitiba,4106902,0,URBS,502,https://moovitapp.com/index/pt-br/transporte_p%C3%BAblico-line-502_CIRCULAR_SUL_HOR%C3%81RIO-Curitiba-942-9628-294482-0,-1.0,-25.530138,-49.251323,,False,4,,2023-06-20T00:45:54.969800+00:00
CUR_GE609,Curitiba,4106902,0,URBS,502,https://moovitapp.com/index/pt-br/transporte_p%C3%BAblico-line-502_CIRCULAR_SUL_HOR%C3%81RIO-Curitiba-942-9628-294482-0,-1.0,-25.5036,-49.2365,,False,4,,2023-06-20T00:45:54.969800+00:00
CUR_GI055,Curitiba,4106902,1,,624,,,-25.506835,-49.284178,,False,1,1,2023-06-20T00:45:54.969800+00:00
CUR_GI045,Curitiba,4106902,1,,625,,,-25.527358,-49.264021,,False,1,1,2023-06-20T00:45:54.969800+00:00
CUR_GI043,Curitiba,4106902,1,,625,,,-25.492205,-49.293226,,False,1,2,2023-06-20T00:45:54.969800+00:00
CUR_GI041,Curitiba,4106902,1,,625,,,-25.510845,-49.27612,,False,1,2,2023-06-20T00:45:54.969800+00:00
CUR_GI035,Curitiba,4106902,1,,625,,,-25.548925,-49.292258,,False,1,2,2023-06-20T00:45:54.969800+00:00
CUR_GI024,Curitiba,4106902,1,,625,,,-25.549266,-49.29218,,False,1,1,2023-06-20T00:45:54.969800+00:00
CUR_GI025,Curitiba,4106902,1,,534,,,-25.524083,-49.245131,,False,1,1,2023-06-20T00:45:54.969800+00:00
CUR_GI028,Curitiba,4106902,1,,534,,,-25.528165,-49.25321,,False,1,2,2023-06-20T00:45:54.969800+00:00
CUR_GI023,Curitiba,4106902,1,,683,,,-25.547481,-49.27095,,False,1,2,2023-06-20T00:45:54.969800+00:00
CUR_JI859,Curitiba,4106902,1,,760,,,-25.449576,-49.283826,,False,7,1,2023-06-20T00:45:54.969800+00:00
CUR_HI299,Curitiba,4106902,1,,653,,,-25.494955,-49.335245,,False,1,1,2023-06-20T00:44:54.969800+00:00
CUR_HI009,Curitiba,4106902,1,,680,,,-25.566055,-49.314563,,False,1,1,2023-06-20T00:33:54.969800+00:00
CUR_HA030,Curitiba,4106902,1,,659,,,-25.51301,-49.294915,,False,1,1,2023-06-20T00:40:54.969800+00:00
CUR_HI024,Curitiba,4106902,1,,659,,,-25.558493,-49.306916,,False,1,2,2023-06-20T00:32:54.969800+00:00
CUR_BI873,Curitiba,4106902,1,,184,,,-25.39513,-49.273065,,False,7,2,2023-06-20T00:43:54.969800+00:00
CUR_BC322,Curitiba,4106902,1,,170,,,-25.395233,-49.285468,,False,3,1,2023-06-20T00:43:54.969800+00:00
CUR_DA301,Curitiba,4106902,1,,621,,,-25.488241,-49.284378,,False,3,2,2023-06-20T00:45:54.969800+00:00
CUR_DA300,Curitiba,4106902,1,,621,,,-25.487446,-49.274045,,False,3,1,2023-06-20T00:45:54.969800+00:00
CUR_BA032,Curitiba,4106902,1,,233,,,-25.373976,-49.215118,,False,1,,2023-06-20T00:44:54.969800+00:00
CUR_BI866,Curitiba,4106902,1,,280,,,-25.376521,-49.231631,,False,7,1,2023-06-20T00:42:54.969800+00:00
CUR_BI897,Curitiba,4106902,1,,169,,,-25.391691,-49.294418,,False,7,1,2023-06-20T00:39:54.969800+00:00
CUR_DC292,Curitiba,4106902,1,,462,,,-25.487535,-49.206948,,False,1,1,2023-06-20T00:44:54.969800+00:00
CUR_DA297,Curitiba,4106902,1,,462,,,-25.450326,-49.228315,,False,1,2,2023-06-20T00:45:54.969800+00:00
CUR_CI001,Curitiba,4106902,1,,372,,,-25.380683,-49.18497,,False,1,2,2023-06-20T00:45:54.969800+00:00
CUR_BC316,Curitiba,4106902,1,,372,,,-25.415128,-49.28091,,False,10,,2023-06-20T00:42:54.969800+00:00
CUR_BI028,Curitiba,4106902,1,,372,,,-25.428691,-49.226308,,False,1,2,2023-06-20T00:44:54.969800+00:00
CUR_BC031,Curitiba,4106902,1,,372,,,-25.42816,-49.232966,,False,1,1,2023-06-20T00:45:54.969800+00:00
CUR_JI006,Curitiba,4106902,1,,611,,,-25.478226,-49.325955,,False,1,1,2023-06-20T00:45:54.969800+00:00
CUR_JI011,Curitiba,4106902,1,,611,,,-25.477906,-49.293263,,False,1,2,2023-06-20T00:45:54.969800+00:00
CUR_BI894,Curitiba,4106902,1,,386,,,-25.435121,-49.236193,,False,7,2,2023-06-20T00:42:54.969800+00:00
CUR_DN605,Curitiba,4106902,0,,560,,,-25.468581,-49.255995,,False,7,1,2023-06-20T00:45:54.969800+00:00
CUR_HI004,Curitiba,4106902,1,,623,,,-25.49746,-49.303881,,False,1,1,2023-06-20T00:45:54.969800+00:00
CUR_HI047,Curitiba,4106902,1,,623,,,-25.50771,-49.303123,,False,1,2,2023-06-20T00:45:54.969800+00:00
CUR_HA026,Curitiba,4106902,1,,623,,,-25.539206,-49.307923,,False,1,1,2023-06-20T00:32:54.969800+00:00
CUR_DC092,Curitiba,4106902,1,,468,,,-25.483183,-49.221398,,False,1,2,2023-06-20T00:45:54.969800+00:00
CUR_DA033,Curitiba,4106902,1,,468,,,-25.47647,-49.225918,,False,1,1,2023-06-20T00:45:54.969800+00:00
CUR_JI013,Curitiba,4106902,1,,712,,,-25.512745,-49.331425,,False,1,2,2023-06-20T00:45:54.969800+00:00
CUR_HI039,Curitiba,4106902,1,,712,,,-25.507373,-49.337645,,False,1,1,2023-06-20T00:45:54.969800+00:00
CUR_EI020,Curitiba,4106902,1,,475,,,-25.494856,-49.225988,,False,1,2,2023-06-20T00:45:54.969800+00:00
CUR_EA203,Curitiba,4106902,1,,475,,,-25.468131,-49.25581,,False,1,2,2023-06-20T00:45:54.969800+00:00
CUR_HA608,Curitiba,4106902,1,,685,,,-25.579718,-49.334836,,False,4,2,2023-06-20T00:44:54.969800+00:00
CUR_HA607,Curitiba,4106902,1,,685,,,-25.520498,-49.328855,,False,4,1,2023-06-20T00:45:54.969800+00:00
CUR_HI010,Curitiba,4106902,1,,652,,,-25.511493,-49.326818,,False,1,1,2023-06-20T00:43:54.969800+00:00
CUR_HI007,Curitiba,4106902,1,,652,,,-25.533501,-49.330498,,False,1,1,2023-06-20T00:44:54.969800+00:00
CUR_JA301,Curitiba,4106902,1,,826,,,-25.475821,-49.350861,,False,3,2,2023-06-20T00:45:54.969800+00:00
CUR_HI015,Curitiba,4106902,1,,826,,,-25.512701,-49.330523,,False,1,2,2023-06-20T00:45:54.969800+00:00
CUR_MI004,Curitiba,4106902,1,,924,,,-25.383276,-49.304221,,False,1,2,2023-06-20T00:45:54.969800+00:00
CUR_MA011,Curitiba,4106902,1,,924,,,-25.387803,-49.282941,,False,1,1,2023-06-20T00:45:54.969800+00:00
CUR_BI016,Curitiba,4106902,1,,924,,,-25.367085,-49.265185,,False,1,1,2023-06-20T00:45:54.969800+00:00
CUR_EA022,Curitiba,4106902,1,,335,,,-25.516726,-49.230745,,False,1,1,2023-06-20T00:45:54.969800+00:00
CUR_DR407,Curitiba,4106902,1,,335,,,-25.510506,-49.222395,,False,4,2,2023-06-20T00:45:54.969800+00:00
CUR_BI871,Curitiba,4106902,1,Auto Viação São José,214,https://moovitapp.com/index/pt-br/transporte_p%C3%BAblico-line-214_PIT_PRA%C3%87A_DA_JUVENTUDE_CRISTAL_BLANCO_POMBO_ANTI_HOR%C3%81RIO-Curitiba-942-857412-119631273-0,-1.0,-25.404041,-49.243965,,False,7,1,2023-06-20T00:44:54.969800+00:00
CUR_DA029,Curitiba,4106902,1,,321,,,-25.465905,-49.200571,,False,1,2,2023-06-20T00:45:54.969800+00:00
CUR_BI851,Curitiba,4106902,1,,175,,,-25.450306,-49.255908,,False,7,2,2023-06-20T00:44:54.969800+00:00
CUR_MC077,Curitiba,4106902,1,,972,,,-25.421491,-49.29219,,False,1,1,2023-06-20T00:45:54.969800+00:00
CUR_MC079,Curitiba,4106902,1,,972,,,-25.397691,-49.317331,,False,1,1,2023-06-20T00:45:54.969800+00:00
CUR_MC302,Curitiba,4106902,1,,972,,,-25.419613,-49.293935,,False,3,2,2023-06-20T00:45:54.969800+00:00
CUR_JI865,Curitiba,4106902,1,,762,,,-25.453736,-49.294591,,False,7,2,2023-06-20T00:45:54.969800+00:00
CUR_EA011,Curitiba,4106902,1,Auto Viação São José,531,https://moovitapp.com/index/pt-br/transporte_p%C3%BAblico-line-531_BAIRRO_A_BAIRRO_1-Curitiba-942-857412-1570571-0,-1.0,-25.531693,-49.244096,,False,1,1,2023-06-20T00:45:54.969800+00:00
CUR_EA024,Curitiba,4106902,1,Auto Viação São José,531,https://moovitapp.com/index/pt-br/transporte_p%C3%BAblico-line-531_BAIRRO_A_BAIRRO_1-Curitiba-942-857412-1570571-0,-1.0,-25.521283,-49.237993,,False,1,2,2023-06-20T00:45:54.969800+00:00
CUR_EA183,Curitiba,4106902,1,Auto Viação São José,531,https://moovitapp.com/index/pt-br/transporte_p%C3%BAblico-line-531_BAIRRO_A_BAIRRO_1-Curitiba-942-857412-1570571-0,-1.0,-25.468318,-49.256053,,False,1,1,2023-06-20T00:45:54.969800+00:00
CUR_BI889,Curitiba,4106902,1,,366,,,-25.42235,-49.252898,,False,7,1,2023-06-20T00:43:54.969800+00:00
CUR_DC294,Curitiba,4106902,1,,334,,,-25.46657,-49.195705,,False,1,,2023-06-20T00:45:54.969800+00:00
CUR_HI857,Curitiba,4106902,1,,670,,,-25.477103,-49.31638,,False,7,2,2023-06-20T00:44:54.969800+00:00
CUR_JI857,Curitiba,4106902,1,,761,,,-25.435776,-49.271476,,False,7,2,2023-06-20T00:45:54.969800+00:00
CUR_JI860,Curitiba,4106902,1,,761,,,-25.449378,-49.367018,,False,7,1,2023-06-20T00:45:54.969800+00:00
CUR_EI019,Curitiba,4106902,1,Auto Viação São José,515,https://moovitapp.com/index/pt-br/transporte_p%C3%BAblico-line-515_%E2%9C%88_AEROPORTO_1_SHOPPING_S%C3%83O_JOS%C3%89-Curitiba-942-857412-67925719-0,-1.0,-25.517106,-49.230505,,False,1,2,2023-06-20T00:45:54.969800+00:00
CUR_EI010,Curitiba,4106902,1,Auto Viação São José,515,https://moovitapp.com/index/pt-br/transporte_p%C3%BAblico-line-515_%E2%9C%88_AEROPORTO_1_SHOPPING_S%C3%83O_JOS%C3%89-Curitiba-942-857412-67925719-0,-1.0,-25.479715,-49.247586,,False,1,1,2023-06-20T00:45:54.969800+00:00
CUR_EA019,Curitiba,4106902,1,Auto Viação São José,515,https://moovitapp.com/index/pt-br/transporte_p%C3%BAblico-line-515_%E2%9C%88_AEROPORTO_1_SHOPPING_S%C3%83O_JOS%C3%89-Curitiba-942-857412-67925719-0,-1.0,-25.46809,-49.25552,,False,1,2,2023-06-20T00:45:54.969800+00:00
CUR_BC315,Curitiba,4106902,1,,371,,,-25.426675,-49.253885,,False,10,2,2023-06-20T00:45:54.969800+00:00
CUR_BC313,Curitiba,4106902,1,,371,,,-25.41301,-49.224585,,False,10,1,2023-06-20T00:44:54.969800+00:00
CUR_JI948,Curitiba,4106902,1,,861,,,-25.4494,-49.30228,,False,7,2,2023-06-20T00:45:54.969800+00:00
CUR_JI852,Curitiba,4106902,1,,861,,,-25.44899,-49.367043,,False,7,1,2023-06-20T00:41:54.969800+00:00
CUR_GI006,Curitiba,4106902,1,,553,,,-25.534316,-49.26748,,False,1,2,2023-06-20T00:43:54.969800+00:00
CUR_GC004,Curitiba,4106902,1,,553,,,-25.558786,-49.259358,,False,1,1,2023-06-20T00:45:54.969800+00:00
CUR_GI037,Curitiba,4106902,1,,643,,,-25.548238,-49.293343,,False,1,2,2023-06-20T00:45:54.969800+00:00
CUR_GI029,Curitiba,4106902,1,,643,,,-25.598005,-49.277083,,False,1,1,2023-06-20T00:45:54.969800+00:00
CUR_GI019,Curitiba,4106902,1,,643,,,-25.549456,-49.29212,,False,1,1,2023-06-20T00:45:54.969800+00:00
CUR_EA027,Curitiba,4106902,1,,X06,,,-25.534336,-49.268018,,False,1,1,2023-06-20T00:41:54.969800+00:00
CUR_GI044,Curitiba,4106902,1,,552,,,-25.557295,-49.262356,,False,1,2,2023-06-20T00:45:54.969800+00:00
CUR_GI053,Curitiba,4106902,1,,552,,,-25.5342,-49.26834,,False,1,1,2023-06-20T00:45:54.969800+00:00
CUR_HA006,Curitiba,4106902,1,,617,,,-25.569643,-49.322773,,False,1,2,2023-06-20T00:43:54.969800+00:00
CUR_HI028,Curitiba,4106902,1,,617,,,-25.514106,-49.295698,,False,1,1,2023-06-20T00:43:54.969800+00:00
CUR_GI042,Curitiba,4106902,1,,542,,,-25.534501,-49.268471,,False,1,,2023-06-20T00:45:54.969800+00:00
CUR_GI032,Curitiba,4106902,1,,542,,,-25.549616,-49.259853,,False,1,,2023-06-20T00:45:54.969800+00:00
CUR_MI855,Curitiba,4106902,1,,912,,,-25.40115,-49.330093,,False,7,1,2023-06-20T00:45:54.969800+00:00
CUR_EA009,Curitiba,4106902,1,,X03,,,-25.520875,-49.230688,,False,1,1,2023-06-20T00:45:54.969800+00:00
CUR_HI861,Curitiba,4106902,1,,600,,,-25.520183,-49.295578,,False,7,2,2023-06-20T00:33:54.969800+00:00
CUR_HI850,Curitiba,4106902,1,,600,,,-25.53723,-49.306745,,False,7,1,2023-06-20T00:33:54.969800+00:00
CUR_GI026,Curitiba,4106902,1,,639,,,-25.550411,-49.290185,,False,1,2,2023-06-20T00:45:54.969800+00:00
CUR_GI007,Curitiba,4106902,1,,547,,,-25.534186,-49.267496,,False,1,1,2023-06-20T00:45:54.969800+00:00
CUR_HB608,Curitiba,4106902,1,,060,,,-25.522726,-49.33243,,False,4,1,2023-06-20T00:45:54.969800+00:00
CUR_HB693,Curitiba,4106902,1,,060,,,-25.484008,-49.349978,,False,4,2,2023-06-20T00:45:54.969800+00:00
CUR_GI050,Curitiba,4106902,1,,641,,,-25.518796,-49.295601,,False,1,2,2023-06-20T00:45:54.969800+00:00
CUR_MI854,Curitiba,4106902,1,,911,,,-25.390433,-49.353455,,False,7,2,2023-06-20T00:45:54.969800+00:00
CUR_HI045,Curitiba,4106902,1,,612,,,-25.496231,-49.321296,,False,1,2,2023-06-20T00:42:54.969800+00:00
CUR_HL320,Curitiba,4106902,0,URBS,607,https://moovitapp.com/index/pt-br/transporte_p%C3%BAblico-line-607_COLOMBO_CIC-Curitiba-942-9628-294348-0,-1.0,-25.401321,-49.241941,,False,3,1,2023-06-20T00:42:54.969800+00:00
CUR_HL325,Curitiba,4106902,0,URBS,607,https://moovitapp.com/index/pt-br/transporte_p%C3%BAblico-line-607_COLOMBO_CIC-Curitiba-942-9628-294348-0,-1.0,-25.49896,-49.309815,,False,3,1,2023-06-20T00:41:54.969800+00:00
CUR_HL496,Curitiba,4106902,1,URBS,607,https://moovitapp.com/index/pt-br/transporte_p%C3%BAblico-line-607_COLOMBO_CIC-Curitiba-942-9628-294348-0,-1.0,-25.450168,-49.264721,,False,3,1,2023-06-20T00:45:54.969800+00:00
CUR_HL329,Curitiba,4106902,1,URBS,607,https://moovitapp.com/index/pt-br/transporte_p%C3%BAblico-line-607_COLOMBO_CIC-Curitiba-942-9628-294348-0,-1.0,-25.50027,-49.311911,,False,3,1,2023-06-20T00:44:54.969800+00:00
CUR_HL497,Curitiba,4106902,1,URBS,607,https://moovitapp.com/index/pt-br/transporte_p%C3%BAblico-line-607_COLOMBO_CIC-Curitiba-942-9628-294348-0,-1.0,-25.406996,-49.252565,,False,3,2,2023-06-20T00:43:54.969800+00:00
CUR_HL310,Curitiba,4106902,0,URBS,607,https://moovitapp.com/index/pt-br/transporte_p%C3%BAblico-line-607_COLOMBO_CIC-Curitiba-942-9628-294348-0,-1.0,-25.537491,-49.306816,,False,3,1,2023-06-20T00:32:54.969800+00:00
CUR_JI004,Curitiba,4106902,1,,719,,,-25.48385,-49.350288,,False,1,1,2023-06-20T00:45:54.969800+00:00
CUR_HI022,Curitiba,4106902,1,,773,,,-25.514471,-49.336623,,False,1,1,2023-06-20T00:44:54.969800+00:00
CUR_BI892,Curitiba,4106902,1,,181,,,-25.412331,-49.270045,,False,7,2,2023-06-20T00:45:54.969800+00:00
CUR_JI005,Curitiba,4106902,1,,718,,,-25.481363,-49.334995,,False,1,,2023-06-20T00:45:54.969800+00:00
CUR_HA029,Curitiba,4106902,1,,615,,,-25.478733,-49.304786,,False,1,1,2023-06-20T00:45:54.969800+00:00
CUR_HI048,Curitiba,4106902,1,,622,,,-25.494426,-49.300651,,False,1,1,2023-06-20T00:42:54.969800+00:00
CUR_HI851,Curitiba,4106902,1,,265,,,-25.441916,-49.273191,,False,7,2,2023-06-20T00:43:54.969800+00:00
CUR_BI025,Curitiba,4106902,1,,916,,,-25.400916,-49.330195,,False,1,1,2023-06-20T00:40:54.969800+00:00
CUR_HA019,Curitiba,4106902,1,,627,,,-25.50434,-49.3174,,False,1,1,2023-06-20T00:45:54.969800+00:00
CUR_HI006,Curitiba,4106902,1,,627,,,-25.511633,-49.32407,,False,1,1,2023-06-20T00:42:54.969800+00:00
CUR_JC316,Curitiba,4106902,1,,701,,,-25.474711,-49.318208,,False,3,1,2023-06-20T00:45:54.969800+00:00
CUR_JC304,Curitiba,4106902,1,,701,,,-25.439688,-49.272018,,False,3,1,2023-06-20T00:45:54.969800+00:00
CUR_JC313,Curitiba,4106902,1,,701,,,-25.45005,-49.290421,,False,3,2,2023-06-20T00:45:54.969800+00:00
CUR_JA699,Curitiba,4106902,1,,703,,,-25.4348,-49.272156,,False,4,2,2023-06-20T00:45:54.969800+00:00
CUR_JC315,Curitiba,4106902,1,,703,,,-25.446535,-49.275818,,False,3,1,2023-06-20T00:45:54.969800+00:00
CUR_JI603,Curitiba,4106902,1,,703,,,-25.43985,-49.273171,,False,4,1,2023-06-20T00:45:54.969800+00:00
CUR_JC306,Curitiba,4106902,1,,703,,,-25.477055,-49.336421,,False,3,2,2023-06-20T00:45:54.969800+00:00
CUR_DN607,Curitiba,4106902,1,,516,,,-25.478158,-49.2439,,False,7,1,2023-06-20T00:45:54.969800+00:00
CUR_MI856,Curitiba,4106902,1,,913,,,-25.399895,-49.34682,,False,7,1,2023-06-20T00:41:54.969800+00:00
CUR_HL495,Curitiba,4106902,1,URBS,700,https://moovitapp.com/index/pt-br/transporte_p%C3%BAblico-line-700_PINHEIRINHO_CABRAL-Curitiba-942-9628-757429-0,-1.0,-25.443346,-49.26778,,False,3,1,2023-06-20T00:43:54.969800+00:00
CUR_BL306,Curitiba,4106902,0,URBS,700,https://moovitapp.com/index/pt-br/transporte_p%C3%BAblico-line-700_PINHEIRINHO_CABRAL-Curitiba-942-9628-757429-0,-1.0,-25.406033,-49.252653,,False,3,1,2023-06-20T00:37:54.969800+00:00
CUR_HL328,Curitiba,4106902,0,URBS,700,https://moovitapp.com/index/pt-br/transporte_p%C3%BAblico-line-700_PINHEIRINHO_CABRAL-Curitiba-942-9628-757429-0,-1.0,-25.434025,-49.262011,,False,3,2,2023-06-20T00:41:54.969800+00:00
CUR_HL309,Curitiba,4106902,0,URBS,700,https://moovitapp.com/index/pt-br/transporte_p%C3%BAblico-line-700_PINHEIRINHO_CABRAL-Curitiba-942-9628-757429-0,-1.0,-25.479763,-49.295668,,False,3,2,2023-06-20T00:43:54.969800+00:00
CUR_JA034,Curitiba,4106902,1,,714,,,-25.483753,-49.35018,,False,1,,2023-06-20T00:45:54.969800+00:00
CUR_HI853,Curitiba,4106902,1,,644,,,-25.51231,-49.295021,,False,7,1,2023-06-20T00:44:54.969800+00:00
CUR_MA012,Curitiba,4106902,1,,917,,,-25.37231,-49.330278,,False,1,2,2023-06-20T00:45:54.969800+00:00
CUR_MA003,Curitiba,4106902,1,,917,,,-25.419261,-49.294463,,False,1,1,2023-06-20T00:45:54.969800+00:00
CUR_MN608,Curitiba,4106902,1,,915,,,-25.389603,-49.341111,,False,7,1,2023-06-20T00:45:54.969800+00:00
CUR_HL326,Curitiba,4106902,0,URBS,X35,https://moovitapp.com/index/pt-br/transporte_p%C3%BAblico-line-X35_PINHEIRINHO_PREFEITURA-Curitiba-942-9628-778958-0,-1.0,-25.537666,-49.306806,,False,3,1,2023-06-20T00:32:54.969800+00:00
CUR_HL118,Curitiba,4106902,0,URBS,X35,https://moovitapp.com/index/pt-br/transporte_p%C3%BAblico-line-X35_PINHEIRINHO_PREFEITURA-Curitiba-942-9628-778958-0,-1.0,-25.539453,-49.308813,,False,3,2,2023-06-20T00:32:54.969800+00:00
CUR_HL321,Curitiba,4106902,0,URBS,X35,https://moovitapp.com/index/pt-br/transporte_p%C3%BAblico-line-X35_PINHEIRINHO_PREFEITURA-Curitiba-942-9628-778958-0,-1.0,-25.537643,-49.306756,,False,3,2,2023-06-20T00:32:54.969800+00:00
CUR_HL315,Curitiba,4106902,0,URBS,X35,https://moovitapp.com/index/pt-br/transporte_p%C3%BAblico-line-X35_PINHEIRINHO_PREFEITURA-Curitiba-942-9628-778958-0,-1.0,-25.537655,-49.306726,,False,3,1,2023-06-20T00:33:54.969800+00:00
CUR_HI019,Curitiba,4106902,1,,681,,,-25.564495,-49.328746,,False,1,2,2023-06-20T00:44:54.969800+00:00
CUR_HA197,Curitiba,4106902,1,,681,,,-25.539626,-49.30776,,False,1,1,2023-06-20T00:31:54.969800+00:00
CUR_JA022,Curitiba,4106902,1,,823,,,-25.454313,-49.358076,,False,1,2,2023-06-20T00:45:54.969800+00:00
CUR_JA035,Curitiba,4106902,1,,823,,,-25.449196,-49.365686,,False,1,2,2023-06-20T00:43:54.969800+00:00
CUR_GD348,Curitiba,4106902,0,URBS,500,https://moovitapp.com/index/pt-br/transporte_p%C3%BAblico-line-500_LIGEIR%C3%83O_BOQUEIR%C3%83O-Curitiba-942-9628-294422-0,-1.0,-25.548395,-49.2919,,False,5,1,2023-06-20T00:45:54.969800+00:00
CUR_BI867,Curitiba,4106902,1,,237,,,-25.376825,-49.22457,,False,7,,2023-06-20T00:44:54.969800+00:00
CUR_BL336,Curitiba,4106902,0,URBS,256,https://moovitapp.com/index/pt-br/transporte_p%C3%BAblico-line-256_BARREIRINHA_GUADALUPE-Curitiba-942-9628-398191-0,-1.0,-25.432401,-49.263975,,False,3,2,2023-06-20T00:44:54.969800+00:00
CUR_BL310,Curitiba,4106902,0,URBS,256,https://moovitapp.com/index/pt-br/transporte_p%C3%BAblico-line-256_BARREIRINHA_GUADALUPE-Curitiba-942-9628-398191-0,-1.0,-25.377928,-49.262438,,False,3,1,2023-06-20T00:41:54.969800+00:00
CUR_BA015,Curitiba,4106902,1,,171,,,-25.378533,-49.292553,,False,1,1,2023-06-20T00:40:54.969800+00:00
CUR_EL309,Curitiba,4106902,0,URBS,507,https://moovitapp.com/index/pt-br/transporte_p%C3%BAblico-line-507_S%C3%8DTIO_CERCADO_HOR%C3%81RIO-Curitiba-942-9628-294494-0,-1.0,-25.459641,-49.258131,,False,3,,2023-06-20T00:45:54.969800+00:00
CUR_EL300,Curitiba,4106902,0,URBS,507,https://moovitapp.com/index/pt-br/transporte_p%C3%BAblico-line-507_S%C3%8DTIO_CERCADO_HOR%C3%81RIO-Curitiba-942-9628-294494-0,-1.0,-25.467455,-49.256486,,False,3,,2023-06-20T00:45:54.969800+00:00
CUR_EL323,Curitiba,4106902,1,URBS,507,https://moovitapp.com/index/pt-br/transporte_p%C3%BAblico-line-507_S%C3%8DTIO_CERCADO_HOR%C3%81RIO-Curitiba-942-9628-294494-0,-1.0,-25.508983,-49.293905,,False,3,,2023-06-20T00:45:54.969800+00:00
CUR_EL332,Curitiba,4106902,1,URBS,507,https://moovitapp.com/index/pt-br/transporte_p%C3%BAblico-line-507_S%C3%8DTIO_CERCADO_HOR%C3%81RIO-Curitiba-942-9628-294494-0,-1.0,-25.516476,-49.231001,,False,3,,2023-06-20T00:45:54.969800+00:00
CUR_EL322,Curitiba,4106902,1,URBS,507,https://moovitapp.com/index/pt-br/transporte_p%C3%BAblico-line-507_S%C3%8DTIO_CERCADO_HOR%C3%81RIO-Curitiba-942-9628-294494-0,-1.0,-25.509448,-49.293998,,False,3,,2023-06-20T00:45:54.969800+00:00
CUR_JI850,Curitiba,4106902,1,,825,,,-25.463245,-49.367678,,False,7,2,2023-06-20T00:45:54.969800+00:00
CUR_GL307,Curitiba,4106902,0,URBS,508,https://moovitapp.com/index/pt-br/transporte_p%C3%BAblico-line-508_S%C3%8DTIO_CERCADO_ANTI_HOR%C3%81RIO-Curitiba-942-9628-294520-0,-1.0,-25.43331,-49.265218,,False,3,,2023-06-20T00:45:54.969800+00:00
CUR_GL313,Curitiba,4106902,0,URBS,508,https://moovitapp.com/index/pt-br/transporte_p%C3%BAblico-line-508_S%C3%8DTIO_CERCADO_ANTI_HOR%C3%81RIO-Curitiba-942-9628-294520-0,-1.0,-25.535583,-49.27097,,False,3,,2023-06-20T00:45:54.969800+00:00
CUR_HL322,Curitiba,4106902,0,URBS,508,https://moovitapp.com/index/pt-br/transporte_p%C3%BAblico-line-508_S%C3%8DTIO_CERCADO_ANTI_HOR%C3%81RIO-Curitiba-942-9628-294520-0,-1.0,-25.439778,-49.260421,,False,3,,2023-06-20T00:44:54.969800+00:00
CUR_GL081,Curitiba,4106902,0,URBS,508,https://moovitapp.com/index/pt-br/transporte_p%C3%BAblico-line-508_S%C3%8DTIO_CERCADO_ANTI_HOR%C3%81RIO-Curitiba-942-9628-294520-0,-1.0,-25.500468,-49.297495,,False,3,,2023-06-20T00:44:54.969800+00:00
CUR_GL321,Curitiba,4106902,0,URBS,508,https://moovitapp.com/index/pt-br/transporte_p%C3%BAblico-line-508_S%C3%8DTIO_CERCADO_ANTI_HOR%C3%81RIO-Curitiba-942-9628-294520-0,-1.0,-25.533921,-49.286558,,False,3,,2023-06-20T00:45:54.969800+00:00
CUR_GL320,Curitiba,4106902,0,URBS,508,https://moovitapp.com/index/pt-br/transporte_p%C3%BAblico-line-508_S%C3%8DTIO_CERCADO_ANTI_HOR%C3%81RIO-Curitiba-942-9628-294520-0,-1.0,-25.54902,-49.29072,,False,3,,2023-06-20T00:45:54.969800+00:00
CUR_JI858,Curitiba,4106902,1,,713,,,-25.477376,-49.327058,,False,7,1,2023-06-20T00:45:54.969800+00:00
CUR_GI054,Curitiba,4106902,1,,635,,,-25.512171,-49.294785,,False,1,2,2023-06-20T00:45:54.969800+00:00
CUR_BI870,Curitiba,4106902,1,,343,,,-25.41303,-49.205725,,False,7,1,2023-06-20T00:36:54.969800+00:00
CUR_BA031,Curitiba,4106902,1,,207,,,-25.405178,-49.271046,,False,1,1,2023-06-20T00:41:54.969800+00:00
CUR_BC310,Curitiba,4106902,1,,207,,,-25.433243,-49.276886,,False,3,2,2023-06-20T00:43:54.969800+00:00
CUR_MN603,Curitiba,4106902,1,,965,,,-25.419563,-49.294278,,False,7,1,2023-06-20T00:45:54.969800+00:00
CUR_MN609,Curitiba,4106902,1,,965,,,-25.427856,-49.27896,,False,7,1,2023-06-20T00:45:54.969800+00:00
CUR_BI850,Curitiba,4106902,1,,176,,,-25.385796,-49.279185,,False,7,1,2023-06-20T00:44:54.969800+00:00
CUR_BI031,Curitiba,4106902,1,,816,,,-25.43455,-49.310325,,False,1,1,2023-06-20T00:42:54.969800+00:00
CUR_BA037,Curitiba,4106902,1,,816,,,-25.400825,-49.330376,,False,1,2,2023-06-20T00:44:54.969800+00:00
CUR_ML303,Curitiba,4106902,0,URBS,902,https://moovitapp.com/index/pt-br/transporte_p%C3%BAblico-line-902_SANTA_FELICIDADE_PRA%C3%87A_TIRADENTES-Curitiba-942-9628-5597930-0,-1.0,-25.419063,-49.294695,,False,3,1,2023-06-20T00:45:54.969800+00:00
CUR_GI046,Curitiba,4106902,1,,637,,,-25.51238,-49.295183,,False,1,2,2023-06-20T00:45:54.969800+00:00
CUR_GA003,Curitiba,4106902,1,,637,,,-25.548115,-49.291878,,False,1,1,2023-06-20T00:45:54.969800+00:00
CUR_BI901,Curitiba,4106902,1,,361,,,-25.411441,-49.224858,,False,7,1,2023-06-20T00:44:54.969800+00:00
CUR_HN403,Curitiba,4106902,1,,814,,,-25.438933,-49.335746,,False,7,2,2023-06-20T00:44:54.969800+00:00
CUR_JA299,Curitiba,4106902,1,,814,,,-25.449248,-49.366155,,False,1,2,2023-06-20T00:45:54.969800+00:00
CUR_HC853,Curitiba,4106902,1,,814,,,-25.537126,-49.306821,,False,7,2,2023-06-20T00:32:54.969800+00:00
CUR_BI874,Curitiba,4106902,1,,274,,,-25.428533,-49.27068,,False,7,2,2023-06-20T00:43:54.969800+00:00
CUR_DN603,Curitiba,4106902,1,,464,,,-25.469218,-49.25495,,False,7,2,2023-06-20T00:45:54.969800+00:00
CUR_HC008,Curitiba,4106902,1,,801,,,-25.443471,-49.289916,,False,1,1,2023-06-20T00:45:54.969800+00:00
CUR_BI886,Curitiba,4106902,1,,224,,,-25.393326,-49.240811,,False,7,,2023-06-20T00:43:54.969800+00:00
CUR_JI863,Curitiba,4106902,1,,779,,,-25.463495,-49.312895,,False,7,1,2023-06-20T00:45:54.969800+00:00
CUR_MI852,Curitiba,4106902,1,Auto Viação São José,150,https://moovitapp.com/index/pt-br/transporte_p%C3%BAblico-line-150_T_AFONSO_PENA_PIT_BORDA_DO_CAMPO-Curitiba-942-857412-53904521-0,-1.0,-25.419715,-49.281213,,False,7,2,2023-06-20T00:45:54.969800+00:00
CUR_GI301,Curitiba,4106902,1,,614,,,-25.5484,-49.29165,,False,3,2,2023-06-20T00:45:54.969800+00:00
CUR_BI881,Curitiba,4106902,1,,385,,,-25.433138,-49.237756,,False,7,2,2023-06-20T00:44:54.969800+00:00
CUR_GI853,Curitiba,4106902,1,,666,,,-25.453983,-49.26617,,False,7,2,2023-06-20T00:45:54.969800+00:00
CUR_DC853,Curitiba,4106902,1,,331,,,-25.47668,-49.205321,,False,7,,2023-06-20T00:45:54.969800+00:00
CUR_BI896,Curitiba,4106902,1,,875,,,-25.431611,-49.299406,,False,7,1,2023-06-20T00:43:54.969800+00:00
CUR_GL080,Curitiba,4106902,0,URBS,520,https://moovitapp.com/index/pt-br/transporte_p%C3%BAblico-line-520_OSTERNACK_S%C3%8DTIO_CERCADO_LD-Curitiba-942-9628-82134294-0,-1.0,-25.549065,-49.290343,,False,3,1,2023-06-20T00:45:54.969800+00:00
CUR_BC011,Curitiba,4106902,1,,829,,,-25.444536,-49.358911,,False,1,,2023-06-20T00:44:54.969800+00:00
CUR_BA021,Curitiba,4106902,1,,829,,,-25.44138,-49.346123,,False,1,,2023-06-20T00:42:54.969800+00:00
CUR_BA018,Curitiba,4106902,1,,829,,,-25.44213,-49.35096,,False,1,,2023-06-20T00:44:54.969800+00:00
CUR_JL316,Curitiba,4106902,0,URBS,X36,https://moovitapp.com/index/pt-br/transporte_p%C3%BAblico-line-X36_REFOR%C3%87O_GUADALUPE_FAZENDINHA-Curitiba-942-9628-11745709-0,-1.0,-25.44861,-49.366016,,False,3,1,2023-06-20T00:42:54.969800+00:00
CUR_DE696,Curitiba,4106902,0,URBS,302,https://moovitapp.com/index/pt-br/transporte_p%C3%BAblico-line-302_CENTEN%C3%81RIO_RUI_BARBOSA-Curitiba-942-9628-294501-0,-1.0,-25.46791,-49.255875,,False,4,1,2023-06-20T00:45:54.969800+00:00
CUR_BC850,Curitiba,4106902,1,,164,,,-25.423675,-49.274036,,False,7,2,2023-06-20T00:44:54.969800+00:00
CUR_DL308,Curitiba,4106902,0,URBS,305,https://moovitapp.com/index/pt-br/transporte_p%C3%BAblico-line-305_CENTEN%C3%81RIO-Curitiba-942-9628-294271-0,-1.0,-25.430381,-49.256525,,False,3,1,2023-06-20T00:45:54.969800+00:00
CUR_DL312,Curitiba,4106902,0,URBS,305,https://moovitapp.com/index/pt-br/transporte_p%C3%BAblico-line-305_CENTEN%C3%81RIO-Curitiba-942-9628-294271-0,-1.0,-25.467895,-49.254873,,False,3,1,2023-06-20T00:45:54.969800+00:00
CUR_DL306,Curitiba,4106902,0,URBS,305,https://moovitapp.com/index/pt-br/transporte_p%C3%BAblico-line-305_CENTEN%C3%81RIO-Curitiba-942-9628-294271-0,-1.0,-25.44416,-49.239738,,False,3,2,2023-06-20T00:45:54.969800+00:00
CUR_HR045,Curitiba,4106902,0,URBS,X11,https://moovitapp.com/index/pt-br/transporte_p%C3%BAblico-line-X11_S%C3%8DTIO_CERCADO_CAP%C3%83O_RASO-Curitiba-942-9628-531688-0,-1.0,-25.538398,-49.3071,,False,4,1,2023-06-20T00:32:54.969800+00:00
CUR_HE605,Curitiba,4106902,0,URBS,X11,https://moovitapp.com/index/pt-br/transporte_p%C3%BAblico-line-X11_S%C3%8DTIO_CERCADO_CAP%C3%83O_RASO-Curitiba-942-9628-531688-0,-1.0,-25.538336,-49.307173,,False,4,1,2023-06-20T00:32:54.969800+00:00
CUR_DL040,Curitiba,4106902,0,URBS,469,https://moovitapp.com/index/pt-br/transporte_p%C3%BAblico-line-469_CENTRO_POLIT%C3%89CNICO-Curitiba-942-9628-294421-0,-1.0,-25.43565,-49.254216,,False,3,1,2023-06-20T00:43:54.969800+00:00
CUR_BL316,Curitiba,4106902,0,URBS,518,https://moovitapp.com/index/pt-br/transporte_p%C3%BAblico-line-518_PUC_RODOFERROVI%C3%81RIA-Curitiba-942-9628-743528-0,-1.0,-25.456095,-49.251033,,False,3,2,2023-06-20T00:43:54.969800+00:00
CUR_BA012,Curitiba,4106902,1,,815,,,-25.42222,-49.292115,,False,1,,2023-06-20T00:44:54.969800+00:00
