bus_id,city,city_code,adapted,agency,line_code,line_url,line_fare,latitude,longitude,bus_speed,is_eletric,bus_type,bus_direction,updated_at
CUR_BI851,Curitiba,4106902,1,,175,,,-25.450378,-49.25747,,False,7,1,2023-06-16T12:03:00.575690+00:00
CUR_BI864,Curitiba,4106902,1,,175,,,-25.4246,-49.273011,,False,7,2,2023-06-16T11:58:00.575690+00:00
CUR_BL600,Curitiba,4106902,0,URBS,022,https://moovitapp.com/index/pt-br/transporte_p%C3%BAblico-line-022_INTER_2_HOR%C3%81RIO-Curitiba-942-9628-381388-0,-1.0,-25.452478,-49.230021,,False,4,,2023-06-16T12:04:00.575690+00:00
CUR_BL602,Curitiba,4106902,0,URBS,022,https://moovitapp.com/index/pt-br/transporte_p%C3%BAblico-line-022_INTER_2_HOR%C3%81RIO-Curitiba-942-9628-381388-0,-1.0,-25.434345,-49.21358,,False,4,,2023-06-16T12:04:00.575690+00:00
CUR_BL333,Curitiba,4106902,0,URBS,022,https://moovitapp.com/index/pt-br/transporte_p%C3%BAblico-line-022_INTER_2_HOR%C3%81RIO-Curitiba-942-9628-381388-0,-1.0,-25.445413,-49.304685,,False,3,,2023-06-16T11:54:00.575690+00:00
CUR_BL610,Curitiba,4106902,0,URBS,022,https://moovitapp.com/index/pt-br/transporte_p%C3%BAblico-line-022_INTER_2_HOR%C3%81RIO-Curitiba-942-9628-381388-0,-1.0,-25.425001,-49.291948,,False,4,,2023-06-16T12:04:00.575690+00:00
CUR_BL322,Curitiba,4106902,0,URBS,022,https://moovitapp.com/index/pt-br/transporte_p%C3%BAblico-line-022_INTER_2_HOR%C3%81RIO-Curitiba-942-9628-381388-0,-1.0,-25.436203,-49.30746,,False,3,,2023-06-16T12:04:00.575690+00:00
CUR_DL316,Curitiba,4106902,0,URBS,022,https://moovitapp.com/index/pt-br/transporte_p%C3%BAblico-line-022_INTER_2_HOR%C3%81RIO-Curitiba-942-9628-381388-0,-1.0,-25.438223,-49.21972,,False,3,,2023-06-16T12:04:00.575690+00:00
CUR_CL698,Curitiba,4106902,0,URBS,022,https://moovitapp.com/index/pt-br/transporte_p%C3%BAblico-line-022_INTER_2_HOR%C3%81RIO-Curitiba-942-9628-381388-0,-1.0,-25.409406,-49.255245,,False,4,,2023-06-16T12:04:00.575690+00:00
CUR_BL607,Curitiba,4106902,0,URBS,022,https://moovitapp.com/index/pt-br/transporte_p%C3%BAblico-line-022_INTER_2_HOR%C3%81RIO-Curitiba-942-9628-381388-0,-1.0,-25.461028,-49.29576,,False,4,,2023-06-16T12:03:00.575690+00:00
CUR_JL603,Curitiba,4106902,0,URBS,022,https://moovitapp.com/index/pt-br/transporte_p%C3%BAblico-line-022_INTER_2_HOR%C3%81RIO-Curitiba-942-9628-381388-0,-1.0,-25.41797,-49.241623,,False,4,,2023-06-16T12:03:00.575690+00:00
CUR_CL601,Curitiba,4106902,0,URBS,022,https://moovitapp.com/index/pt-br/transporte_p%C3%BAblico-line-022_INTER_2_HOR%C3%81RIO-Curitiba-942-9628-381388-0,-1.0,-25.459063,-49.302408,,False,4,,2023-06-16T12:04:00.575690+00:00
CUR_HL494,Curitiba,4106902,1,URBS,022,https://moovitapp.com/index/pt-br/transporte_p%C3%BAblico-line-022_INTER_2_HOR%C3%81RIO-Curitiba-942-9628-381388-0,-1.0,-25.494231,-49.288781,,False,3,,2023-06-16T12:04:00.575690+00:00
CUR_EL600,Curitiba,4106902,0,URBS,022,https://moovitapp.com/index/pt-br/transporte_p%C3%BAblico-line-022_INTER_2_HOR%C3%81RIO-Curitiba-942-9628-381388-0,-1.0,-25.413291,-49.258778,,False,4,,2023-06-16T12:04:00.575690+00:00
CUR_BL608,Curitiba,4106902,0,URBS,022,https://moovitapp.com/index/pt-br/transporte_p%C3%BAblico-line-022_INTER_2_HOR%C3%81RIO-Curitiba-942-9628-381388-0,-1.0,-25.480438,-49.292455,,False,4,,2023-06-16T12:01:00.575690+00:00
CUR_CL602,Curitiba,4106902,0,URBS,022,https://moovitapp.com/index/pt-br/transporte_p%C3%BAblico-line-022_INTER_2_HOR%C3%81RIO-Curitiba-942-9628-381388-0,-1.0,-25.481676,-49.247301,,False,4,,2023-06-16T12:04:00.575690+00:00
CUR_HL600,Curitiba,4106902,0,URBS,022,https://moovitapp.com/index/pt-br/transporte_p%C3%BAblico-line-022_INTER_2_HOR%C3%81RIO-Curitiba-942-9628-381388-0,-1.0,-25.4314,-49.211018,,False,4,,2023-06-16T12:04:00.575690+00:00
CUR_BL313,Curitiba,4106902,0,URBS,022,https://moovitapp.com/index/pt-br/transporte_p%C3%BAblico-line-022_INTER_2_HOR%C3%81RIO-Curitiba-942-9628-381388-0,-1.0,-25.439673,-49.222648,,False,3,,2023-06-16T11:53:00.575690+00:00
CUR_MC079,Curitiba,4106902,1,,972,,,-25.396816,-49.3179,,False,1,1,2023-06-16T12:04:00.575690+00:00
CUR_MC077,Curitiba,4106902,1,,972,,,-25.422693,-49.289978,,False,1,2,2023-06-16T12:04:00.575690+00:00
CUR_GI055,Curitiba,4106902,1,,637,,,-25.535115,-49.28604,,False,1,1,2023-06-16T12:04:00.575690+00:00
CUR_HA190,Curitiba,4106902,1,,652,,,-25.528578,-49.338506,,False,1,2,2023-06-16T12:04:00.575690+00:00
CUR_HI010,Curitiba,4106902,1,,652,,,-25.516595,-49.326478,,False,1,1,2023-06-16T12:04:00.575690+00:00
CUR_JI013,Curitiba,4106902,1,,823,,,-25.464826,-49.353058,,False,1,1,2023-06-16T12:04:00.575690+00:00
CUR_JC315,Curitiba,4106902,1,,701,,,-25.443118,-49.271771,,False,3,2,2023-06-16T12:04:00.575690+00:00
CUR_JC313,Curitiba,4106902,1,,701,,,-25.43664,-49.27342,,False,3,1,2023-06-16T12:04:00.575690+00:00
CUR_JC304,Curitiba,4106902,1,,701,,,-25.456818,-49.302813,,False,3,1,2023-06-16T12:04:00.575690+00:00
CUR_JC311,Curitiba,4106902,1,,701,,,-25.469575,-49.318361,,False,3,2,2023-06-16T12:04:00.575690+00:00
CUR_HE724,Curitiba,4106902,0,URBS,603,https://moovitapp.com/index/pt-br/transporte_p%C3%BAblico-line-603_PINHEIRINHO_RUI_BARBOSA-Curitiba-942-9628-484781-0,-1.0,-25.489285,-49.294088,,False,5,1,2023-06-16T12:04:00.575690+00:00
CUR_HE723,Curitiba,4106902,0,URBS,603,https://moovitapp.com/index/pt-br/transporte_p%C3%BAblico-line-603_PINHEIRINHO_RUI_BARBOSA-Curitiba-942-9628-484781-0,-1.0,-25.443433,-49.281883,,False,5,2,2023-06-16T12:04:00.575690+00:00
CUR_HE728,Curitiba,4106902,0,URBS,603,https://moovitapp.com/index/pt-br/transporte_p%C3%BAblico-line-603_PINHEIRINHO_RUI_BARBOSA-Curitiba-942-9628-484781-0,-1.0,-25.512263,-49.295708,,False,5,2,2023-06-16T12:04:00.575690+00:00
CUR_HE705,Curitiba,4106902,0,URBS,603,https://moovitapp.com/index/pt-br/transporte_p%C3%BAblico-line-603_PINHEIRINHO_RUI_BARBOSA-Curitiba-942-9628-484781-0,-1.0,-25.470873,-49.29435,,False,5,1,2023-06-16T12:04:00.575690+00:00
CUR_HE717,Curitiba,4106902,0,URBS,603,https://moovitapp.com/index/pt-br/transporte_p%C3%BAblico-line-603_PINHEIRINHO_RUI_BARBOSA-Curitiba-942-9628-484781-0,-1.0,-25.485868,-49.29421,,False,5,2,2023-06-16T12:03:00.575690+00:00
CUR_HE725,Curitiba,4106902,0,URBS,603,https://moovitapp.com/index/pt-br/transporte_p%C3%BAblico-line-603_PINHEIRINHO_RUI_BARBOSA-Curitiba-942-9628-484781-0,-1.0,-25.473748,-49.294023,,False,5,2,2023-06-16T12:04:00.575690+00:00
CUR_HE731,Curitiba,4106902,0,URBS,603,https://moovitapp.com/index/pt-br/transporte_p%C3%BAblico-line-603_PINHEIRINHO_RUI_BARBOSA-Curitiba-942-9628-484781-0,-1.0,-25.436178,-49.274385,,False,5,1,2023-06-16T12:04:00.575690+00:00
CUR_HE701,Curitiba,4106902,0,URBS,603,https://moovitapp.com/index/pt-br/transporte_p%C3%BAblico-line-603_PINHEIRINHO_RUI_BARBOSA-Curitiba-942-9628-484781-0,-1.0,-25.443923,-49.282786,,False,5,2,2023-06-16T12:03:00.575690+00:00
CUR_HE727,Curitiba,4106902,0,URBS,603,https://moovitapp.com/index/pt-br/transporte_p%C3%BAblico-line-603_PINHEIRINHO_RUI_BARBOSA-Curitiba-942-9628-484781-0,-1.0,-25.448206,-49.287811,,False,5,1,2023-06-16T12:01:00.575690+00:00
CUR_HE726,Curitiba,4106902,0,URBS,603,https://moovitapp.com/index/pt-br/transporte_p%C3%BAblico-line-603_PINHEIRINHO_RUI_BARBOSA-Curitiba-942-9628-484781-0,-1.0,-25.475578,-49.292951,,False,5,1,2023-06-16T12:04:00.575690+00:00
CUR_HE729,Curitiba,4106902,0,URBS,603,https://moovitapp.com/index/pt-br/transporte_p%C3%BAblico-line-603_PINHEIRINHO_RUI_BARBOSA-Curitiba-942-9628-484781-0,-1.0,-25.43584,-49.271418,,False,5,1,2023-06-16T12:04:00.575690+00:00
CUR_BI014,Curitiba,4106902,1,,924,,,-25.402245,-49.326985,,False,1,2,2023-06-16T11:54:00.575690+00:00
CUR_BI023,Curitiba,4106902,1,,924,,,-25.369286,-49.268508,,False,1,1,2023-06-16T12:03:00.575690+00:00
CUR_BA026,Curitiba,4106902,1,,924,,,-25.392431,-49.296326,,False,1,2,2023-06-16T12:04:00.575690+00:00
CUR_BA036,Curitiba,4106902,1,,924,,,-25.377288,-49.224176,,False,1,1,2023-06-16T12:03:00.575690+00:00
CUR_MA013,Curitiba,4106902,1,,924,,,-25.384786,-49.320466,,False,1,2,2023-06-16T12:04:00.575690+00:00
CUR_MI004,Curitiba,4106902,1,,924,,,-25.370138,-49.235173,,False,1,2,2023-06-16T11:58:00.575690+00:00
CUR_MI003,Curitiba,4106902,1,,924,,,-25.386903,-49.321696,,False,1,1,2023-06-16T12:03:00.575690+00:00
CUR_DR408,Curitiba,4106902,1,,335,,,-25.470021,-49.207658,,False,4,1,2023-06-16T12:01:00.575690+00:00
CUR_EI008,Curitiba,4106902,1,,335,,,-25.513008,-49.228781,,False,1,2,2023-06-16T12:03:00.575690+00:00
CUR_EI018,Curitiba,4106902,1,,335,,,-25.50763,-49.223446,,False,1,1,2023-06-16T12:04:00.575690+00:00
CUR_EA015,Curitiba,4106902,1,,663,,,-25.498118,-49.280081,,False,1,1,2023-06-16T12:04:00.575690+00:00
CUR_EI013,Curitiba,4106902,1,,663,,,-25.43578,-49.274341,,False,1,1,2023-06-16T12:04:00.575690+00:00
CUR_BI865,Curitiba,4106902,1,Auto Viação São José,213,https://moovitapp.com/index/pt-br/transporte_p%C3%BAblico-line-213_PIT_PRA%C3%87A_DA_JUVENTUDE_CRISTAL_BLANCO_POMBO_HOR%C3%81RIO-Curitiba-942-857412-119631272-0,-1.0,-25.40661,-49.252566,,False,7,1,2023-06-16T12:02:00.575690+00:00
CUR_BI882,Curitiba,4106902,1,Auto Viação São José,213,https://moovitapp.com/index/pt-br/transporte_p%C3%BAblico-line-213_PIT_PRA%C3%87A_DA_JUVENTUDE_CRISTAL_BLANCO_POMBO_HOR%C3%81RIO-Curitiba-942-857412-119631272-0,-1.0,-25.392188,-49.213426,,False,7,2,2023-06-16T12:03:00.575690+00:00
CUR_DA011,Curitiba,4106902,1,,322,,,-25.453585,-49.212116,,False,1,2,2023-06-16T12:04:00.575690+00:00
CUR_EB608,Curitiba,4106902,1,,050,,,-25.453986,-49.252696,,False,4,1,2023-06-16T12:04:00.575690+00:00
CUR_JB606,Curitiba,4106902,1,,050,,,-25.47639,-49.292311,,False,4,2,2023-06-16T12:04:00.575690+00:00
CUR_GR125,Curitiba,4106902,1,,050,,,-25.461595,-49.274215,,False,4,1,2023-06-16T12:04:00.575690+00:00
CUR_JB699,Curitiba,4106902,1,,050,,,-25.45679,-49.24913,,False,4,2,2023-06-16T12:04:00.575690+00:00
CUR_GB608,Curitiba,4106902,1,,050,,,-25.476928,-49.323586,,False,4,1,2023-06-16T12:04:00.575690+00:00
CUR_EB602,Curitiba,4106902,1,,050,,,-25.45499,-49.233981,,False,4,1,2023-06-16T12:04:00.575690+00:00
CUR_JB604,Curitiba,4106902,1,,050,,,-25.450361,-49.227611,,False,4,2,2023-06-16T12:04:00.575690+00:00
CUR_KB600,Curitiba,4106902,1,,050,,,-25.458936,-49.271288,,False,4,1,2023-06-16T12:00:00.575690+00:00
CUR_HB604,Curitiba,4106902,1,,050,,,-25.477221,-49.308911,,False,4,2,2023-06-16T12:04:00.575690+00:00
CUR_JI858,Curitiba,4106902,1,,861,,,-25.442535,-49.28807,,False,7,2,2023-06-16T12:04:00.575690+00:00
CUR_JI949,Curitiba,4106902,1,,861,,,-25.462948,-49.348715,,False,7,2,2023-06-16T12:04:00.575690+00:00
CUR_ML302,Curitiba,4106902,0,URBS,307,https://moovitapp.com/index/pt-br/transporte_p%C3%BAblico-line-307_BAIRRO_ALTO_SANTA_FELICIDADE-Curitiba-942-9628-1323712-0,-1.0,-25.426616,-49.270666,,False,3,1,2023-06-16T12:04:00.575690+00:00
CUR_ML313,Curitiba,4106902,0,URBS,307,https://moovitapp.com/index/pt-br/transporte_p%C3%BAblico-line-307_BAIRRO_ALTO_SANTA_FELICIDADE-Curitiba-942-9628-1323712-0,-1.0,-25.427861,-49.263036,,False,3,1,2023-06-16T12:04:00.575690+00:00
CUR_BL305,Curitiba,4106902,0,URBS,307,https://moovitapp.com/index/pt-br/transporte_p%C3%BAblico-line-307_BAIRRO_ALTO_SANTA_FELICIDADE-Curitiba-942-9628-1323712-0,-1.0,-25.430306,-49.211261,,False,3,1,2023-06-16T11:57:00.575690+00:00
CUR_CL303,Curitiba,4106902,0,URBS,307,https://moovitapp.com/index/pt-br/transporte_p%C3%BAblico-line-307_BAIRRO_ALTO_SANTA_FELICIDADE-Curitiba-942-9628-1323712-0,-1.0,-25.429475,-49.271886,,False,3,2,2023-06-16T12:04:00.575690+00:00
CUR_CL039,Curitiba,4106902,0,URBS,307,https://moovitapp.com/index/pt-br/transporte_p%C3%BAblico-line-307_BAIRRO_ALTO_SANTA_FELICIDADE-Curitiba-942-9628-1323712-0,-1.0,-25.422496,-49.291668,,False,3,2,2023-06-16T12:03:00.575690+00:00
CUR_ML307,Curitiba,4106902,0,URBS,307,https://moovitapp.com/index/pt-br/transporte_p%C3%BAblico-line-307_BAIRRO_ALTO_SANTA_FELICIDADE-Curitiba-942-9628-1323712-0,-1.0,-25.415836,-49.204748,,False,3,1,2023-06-16T12:03:00.575690+00:00
CUR_BL312,Curitiba,4106902,0,URBS,307,https://moovitapp.com/index/pt-br/transporte_p%C3%BAblico-line-307_BAIRRO_ALTO_SANTA_FELICIDADE-Curitiba-942-9628-1323712-0,-1.0,-25.424523,-49.257148,,False,3,2,2023-06-16T12:03:00.575690+00:00
CUR_CL302,Curitiba,4106902,0,URBS,307,https://moovitapp.com/index/pt-br/transporte_p%C3%BAblico-line-307_BAIRRO_ALTO_SANTA_FELICIDADE-Curitiba-942-9628-1323712-0,-1.0,-25.401293,-49.329711,,False,3,1,2023-06-16T12:04:00.575690+00:00
CUR_CL306,Curitiba,4106902,0,URBS,307,https://moovitapp.com/index/pt-br/transporte_p%C3%BAblico-line-307_BAIRRO_ALTO_SANTA_FELICIDADE-Curitiba-942-9628-1323712-0,-1.0,-25.414628,-49.306488,,False,3,1,2023-06-16T12:04:00.575690+00:00
CUR_ML312,Curitiba,4106902,0,URBS,307,https://moovitapp.com/index/pt-br/transporte_p%C3%BAblico-line-307_BAIRRO_ALTO_SANTA_FELICIDADE-Curitiba-942-9628-1323712-0,-1.0,-25.43121,-49.203968,,False,3,2,2023-06-16T12:04:00.575690+00:00
CUR_BE728,Curitiba,4106902,0,URBS,203,https://moovitapp.com/index/pt-br/transporte_p%C3%BAblico-line-203_SANTA_C%C3%82NDIDA_CAP%C3%83O_RASO-Curitiba-942-9628-1323737-0,-1.0,-25.38727,-49.234775,,False,5,1,2023-06-16T12:03:00.575690+00:00
CUR_GD342,Curitiba,4106902,0,URBS,203,https://moovitapp.com/index/pt-br/transporte_p%C3%BAblico-line-203_SANTA_C%C3%82NDIDA_CAP%C3%83O_RASO-Curitiba-942-9628-1323737-0,-1.0,-25.469935,-49.294318,,False,5,2,2023-06-16T12:04:00.575690+00:00
CUR_BE727,Curitiba,4106902,0,URBS,203,https://moovitapp.com/index/pt-br/transporte_p%C3%BAblico-line-203_SANTA_C%C3%82NDIDA_CAP%C3%83O_RASO-Curitiba-942-9628-1323737-0,-1.0,-25.439995,-49.272831,,False,5,2,2023-06-16T12:02:00.575690+00:00
CUR_BE725,Curitiba,4106902,0,URBS,203,https://moovitapp.com/index/pt-br/transporte_p%C3%BAblico-line-203_SANTA_C%C3%82NDIDA_CAP%C3%83O_RASO-Curitiba-942-9628-1323737-0,-1.0,-25.406746,-49.252818,,False,5,1,2023-06-16T12:04:00.575690+00:00
CUR_HE714,Curitiba,4106902,0,URBS,203,https://moovitapp.com/index/pt-br/transporte_p%C3%BAblico-line-203_SANTA_C%C3%82NDIDA_CAP%C3%83O_RASO-Curitiba-942-9628-1323737-0,-1.0,-25.431785,-49.26706,,False,5,2,2023-06-16T12:03:00.575690+00:00
CUR_BE715,Curitiba,4106902,0,URBS,203,https://moovitapp.com/index/pt-br/transporte_p%C3%BAblico-line-203_SANTA_C%C3%82NDIDA_CAP%C3%83O_RASO-Curitiba-942-9628-1323737-0,-1.0,-25.429571,-49.267796,,False,5,1,2023-06-16T12:04:00.575690+00:00
CUR_GE736,Curitiba,4106902,0,URBS,203,https://moovitapp.com/index/pt-br/transporte_p%C3%BAblico-line-203_SANTA_C%C3%82NDIDA_CAP%C3%83O_RASO-Curitiba-942-9628-1323737-0,-1.0,-25.416343,-49.261738,,False,5,2,2023-06-16T12:04:00.575690+00:00
CUR_BE707,Curitiba,4106902,0,URBS,203,https://moovitapp.com/index/pt-br/transporte_p%C3%BAblico-line-203_SANTA_C%C3%82NDIDA_CAP%C3%83O_RASO-Curitiba-942-9628-1323737-0,-1.0,-25.449505,-49.287988,,False,5,1,2023-06-16T12:01:00.575690+00:00
CUR_BE708,Curitiba,4106902,0,URBS,203,https://moovitapp.com/index/pt-br/transporte_p%C3%BAblico-line-203_SANTA_C%C3%82NDIDA_CAP%C3%83O_RASO-Curitiba-942-9628-1323737-0,-1.0,-25.481601,-49.292611,,False,5,2,2023-06-16T11:58:00.575690+00:00
CUR_BD140,Curitiba,4106902,0,URBS,203,https://moovitapp.com/index/pt-br/transporte_p%C3%BAblico-line-203_SANTA_C%C3%82NDIDA_CAP%C3%83O_RASO-Curitiba-942-9628-1323737-0,-1.0,-25.377251,-49.224153,,False,5,1,2023-06-16T11:55:00.575690+00:00
CUR_GE726,Curitiba,4106902,0,URBS,203,https://moovitapp.com/index/pt-br/transporte_p%C3%BAblico-line-203_SANTA_C%C3%82NDIDA_CAP%C3%83O_RASO-Curitiba-942-9628-1323737-0,-1.0,-25.39374,-49.24082,,False,5,2,2023-06-16T12:04:00.575690+00:00
CUR_BE714,Curitiba,4106902,0,URBS,203,https://moovitapp.com/index/pt-br/transporte_p%C3%BAblico-line-203_SANTA_C%C3%82NDIDA_CAP%C3%83O_RASO-Curitiba-942-9628-1323737-0,-1.0,-25.48783,-49.294275,,False,5,2,2023-06-16T12:02:00.575690+00:00
CUR_GE703,Curitiba,4106902,0,URBS,203,https://moovitapp.com/index/pt-br/transporte_p%C3%BAblico-line-203_SANTA_C%C3%82NDIDA_CAP%C3%83O_RASO-Curitiba-942-9628-1323737-0,-1.0,-25.377373,-49.22407,,False,5,2,2023-06-16T12:04:00.575690+00:00
CUR_BD139,Curitiba,4106902,0,URBS,203,https://moovitapp.com/index/pt-br/transporte_p%C3%BAblico-line-203_SANTA_C%C3%82NDIDA_CAP%C3%83O_RASO-Curitiba-942-9628-1323737-0,-1.0,-25.442748,-49.279756,,False,5,1,2023-06-16T12:03:00.575690+00:00
CUR_BE717,Curitiba,4106902,0,URBS,203,https://moovitapp.com/index/pt-br/transporte_p%C3%BAblico-line-203_SANTA_C%C3%82NDIDA_CAP%C3%83O_RASO-Curitiba-942-9628-1323737-0,-1.0,-25.39859,-49.245173,,False,5,1,2023-06-16T12:03:00.575690+00:00
CUR_BE703,Curitiba,4106902,0,URBS,203,https://moovitapp.com/index/pt-br/transporte_p%C3%BAblico-line-203_SANTA_C%C3%82NDIDA_CAP%C3%83O_RASO-Curitiba-942-9628-1323737-0,-1.0,-25.468246,-49.29364,,False,5,2,2023-06-16T12:04:00.575690+00:00
CUR_BD135,Curitiba,4106902,0,URBS,203,https://moovitapp.com/index/pt-br/transporte_p%C3%BAblico-line-203_SANTA_C%C3%82NDIDA_CAP%C3%83O_RASO-Curitiba-942-9628-1323737-0,-1.0,-25.420198,-49.265313,,False,5,1,2023-06-16T12:02:00.575690+00:00
CUR_GD341,Curitiba,4106902,0,URBS,203,https://moovitapp.com/index/pt-br/transporte_p%C3%BAblico-line-203_SANTA_C%C3%82NDIDA_CAP%C3%83O_RASO-Curitiba-942-9628-1323737-0,-1.0,-25.491726,-49.29349,,False,5,2,2023-06-16T12:04:00.575690+00:00
CUR_BE722,Curitiba,4106902,0,URBS,203,https://moovitapp.com/index/pt-br/transporte_p%C3%BAblico-line-203_SANTA_C%C3%82NDIDA_CAP%C3%83O_RASO-Curitiba-942-9628-1323737-0,-1.0,-25.443598,-49.282325,,False,5,2,2023-06-16T11:59:00.575690+00:00
CUR_BL309,Curitiba,4106902,0,URBS,700,https://moovitapp.com/index/pt-br/transporte_p%C3%BAblico-line-700_PINHEIRINHO_CABRAL-Curitiba-942-9628-757429-0,-1.0,-25.428443,-49.263501,,False,3,1,2023-06-16T12:04:00.575690+00:00
CUR_HL498,Curitiba,4106902,1,URBS,700,https://moovitapp.com/index/pt-br/transporte_p%C3%BAblico-line-700_PINHEIRINHO_CABRAL-Curitiba-942-9628-757429-0,-1.0,-25.510628,-49.294231,,False,3,1,2023-06-16T12:04:00.575690+00:00
CUR_BL306,Curitiba,4106902,0,URBS,700,https://moovitapp.com/index/pt-br/transporte_p%C3%BAblico-line-700_PINHEIRINHO_CABRAL-Curitiba-942-9628-757429-0,-1.0,-25.477371,-49.292378,,False,3,2,2023-06-16T12:04:00.575690+00:00
CUR_BL310,Curitiba,4106902,0,URBS,700,https://moovitapp.com/index/pt-br/transporte_p%C3%BAblico-line-700_PINHEIRINHO_CABRAL-Curitiba-942-9628-757429-0,-1.0,-25.41104,-49.257761,,False,3,1,2023-06-16T12:04:00.575690+00:00
CUR_BL332,Curitiba,4106902,0,URBS,700,https://moovitapp.com/index/pt-br/transporte_p%C3%BAblico-line-700_PINHEIRINHO_CABRAL-Curitiba-942-9628-757429-0,-1.0,-25.416305,-49.26156,,False,3,1,2023-06-16T12:02:00.575690+00:00
CUR_HL495,Curitiba,4106902,1,URBS,700,https://moovitapp.com/index/pt-br/transporte_p%C3%BAblico-line-700_PINHEIRINHO_CABRAL-Curitiba-942-9628-757429-0,-1.0,-25.439606,-49.262576,,False,3,2,2023-06-16T12:04:00.575690+00:00
CUR_BA015,Curitiba,4106902,1,,827,,,-25.437286,-49.363101,,False,1,2,2023-06-16T12:03:00.575690+00:00
CUR_GL326,Curitiba,4106902,0,URBS,508,https://moovitapp.com/index/pt-br/transporte_p%C3%BAblico-line-508_S%C3%8DTIO_CERCADO_ANTI_HOR%C3%81RIO-Curitiba-942-9628-294520-0,-1.0,-25.533388,-49.264413,,False,3,,2023-06-16T12:03:00.575690+00:00
CUR_HL307,Curitiba,4106902,0,URBS,508,https://moovitapp.com/index/pt-br/transporte_p%C3%BAblico-line-508_S%C3%8DTIO_CERCADO_ANTI_HOR%C3%81RIO-Curitiba-942-9628-294520-0,-1.0,-25.512275,-49.29579,,False,3,,2023-06-16T12:04:00.575690+00:00
CUR_GL316,Curitiba,4106902,0,URBS,508,https://moovitapp.com/index/pt-br/transporte_p%C3%BAblico-line-508_S%C3%8DTIO_CERCADO_ANTI_HOR%C3%81RIO-Curitiba-942-9628-294520-0,-1.0,-25.448831,-49.287083,,False,3,,2023-06-16T12:02:00.575690+00:00
CUR_GL329,Curitiba,4106902,1,URBS,508,https://moovitapp.com/index/pt-br/transporte_p%C3%BAblico-line-508_S%C3%8DTIO_CERCADO_ANTI_HOR%C3%81RIO-Curitiba-942-9628-294520-0,-1.0,-25.432343,-49.2656,,False,3,,2023-06-16T12:03:00.575690+00:00
CUR_GL330,Curitiba,4106902,1,URBS,508,https://moovitapp.com/index/pt-br/transporte_p%C3%BAblico-line-508_S%C3%8DTIO_CERCADO_ANTI_HOR%C3%81RIO-Curitiba-942-9628-294520-0,-1.0,-25.441703,-49.25995,,False,3,,2023-06-16T12:04:00.575690+00:00
CUR_GL328,Curitiba,4106902,1,URBS,508,https://moovitapp.com/index/pt-br/transporte_p%C3%BAblico-line-508_S%C3%8DTIO_CERCADO_ANTI_HOR%C3%81RIO-Curitiba-942-9628-294520-0,-1.0,-25.50158,-49.237681,,False,3,,2023-06-16T12:04:00.575690+00:00
CUR_GL321,Curitiba,4106902,0,URBS,508,https://moovitapp.com/index/pt-br/transporte_p%C3%BAblico-line-508_S%C3%8DTIO_CERCADO_ANTI_HOR%C3%81RIO-Curitiba-942-9628-294520-0,-1.0,-25.440718,-49.261496,,False,3,,2023-06-16T12:04:00.575690+00:00
CUR_HA013,Curitiba,4106902,1,,659,,,-25.635056,-49.353836,,False,1,1,2023-06-16T12:02:00.575690+00:00
CUR_HA025,Curitiba,4106902,1,,659,,,-25.512898,-49.294385,,False,1,1,2023-06-16T12:04:00.575690+00:00
CUR_BC017,Curitiba,4106902,1,,817,,,-25.430843,-49.29986,,False,1,1,2023-06-16T11:53:00.575690+00:00
CUR_BA019,Curitiba,4106902,1,,817,,,-25.400788,-49.33061,,False,1,2,2023-06-16T11:59:00.575690+00:00
CUR_MI001,Curitiba,4106902,1,,817,,,-25.435795,-49.311616,,False,1,1,2023-06-16T12:04:00.575690+00:00
CUR_MA012,Curitiba,4106902,1,,917,,,-25.375956,-49.327258,,False,1,2,2023-06-16T12:04:00.575690+00:00
CUR_BI020,Curitiba,4106902,1,,226,,,-25.371958,-49.24624,,False,1,2,2023-06-16T12:01:00.575690+00:00
CUR_HL496,Curitiba,4106902,1,URBS,607,https://moovitapp.com/index/pt-br/transporte_p%C3%BAblico-line-607_COLOMBO_CIC-Curitiba-942-9628-294348-0,-1.0,-25.453411,-49.265271,,False,3,1,2023-06-16T12:04:00.575690+00:00
CUR_HL331,Curitiba,4106902,1,URBS,607,https://moovitapp.com/index/pt-br/transporte_p%C3%BAblico-line-607_COLOMBO_CIC-Curitiba-942-9628-294348-0,-1.0,-25.420523,-49.268708,,False,3,2,2023-06-16T12:03:00.575690+00:00
CUR_HL320,Curitiba,4106902,0,URBS,607,https://moovitapp.com/index/pt-br/transporte_p%C3%BAblico-line-607_COLOMBO_CIC-Curitiba-942-9628-294348-0,-1.0,-25.431596,-49.278265,,False,3,2,2023-06-16T12:04:00.575690+00:00
CUR_HL325,Curitiba,4106902,0,URBS,607,https://moovitapp.com/index/pt-br/transporte_p%C3%BAblico-line-607_COLOMBO_CIC-Curitiba-942-9628-294348-0,-1.0,-25.417675,-49.267921,,False,3,1,2023-06-16T12:04:00.575690+00:00
CUR_HL312,Curitiba,4106902,0,URBS,607,https://moovitapp.com/index/pt-br/transporte_p%C3%BAblico-line-607_COLOMBO_CIC-Curitiba-942-9628-294348-0,-1.0,-25.457305,-49.269555,,False,3,2,2023-06-16T11:58:00.575690+00:00
CUR_HL318,Curitiba,4106902,0,URBS,607,https://moovitapp.com/index/pt-br/transporte_p%C3%BAblico-line-607_COLOMBO_CIC-Curitiba-942-9628-294348-0,-1.0,-25.49153,-49.293025,,False,3,2,2023-06-16T12:04:00.575690+00:00
CUR_HL329,Curitiba,4106902,1,URBS,607,https://moovitapp.com/index/pt-br/transporte_p%C3%BAblico-line-607_COLOMBO_CIC-Curitiba-942-9628-294348-0,-1.0,-25.492263,-49.293735,,False,3,1,2023-06-16T12:04:00.575690+00:00
CUR_JI602,Curitiba,4106902,1,,703,,,-25.478003,-49.339581,,False,4,2,2023-06-16T12:02:00.575690+00:00
CUR_JC305,Curitiba,4106902,1,,703,,,-25.45487,-49.30326,,False,3,2,2023-06-16T12:04:00.575690+00:00
CUR_JI603,Curitiba,4106902,1,,703,,,-25.43505,-49.272983,,False,4,1,2023-06-16T12:02:00.575690+00:00
CUR_JC310,Curitiba,4106902,1,,703,,,-25.45137,-49.288451,,False,3,1,2023-06-16T12:04:00.575690+00:00
CUR_JI604,Curitiba,4106902,1,,703,,,-25.440038,-49.27179,,False,4,1,2023-06-16T12:04:00.575690+00:00
CUR_JC308,Curitiba,4106902,1,,703,,,-25.478015,-49.328633,,False,3,1,2023-06-16T12:04:00.575690+00:00
CUR_BB602,Curitiba,4106902,1,,030,,,-25.42723,-49.20335,,False,4,2,2023-06-16T12:01:00.575690+00:00
CUR_GB606,Curitiba,4106902,1,,030,,,-25.412771,-49.205046,,False,4,1,2023-06-16T12:03:00.575690+00:00
CUR_BB608,Curitiba,4106902,1,,030,,,-25.466901,-49.221421,,False,4,2,2023-06-16T12:00:00.575690+00:00
CUR_BB605,Curitiba,4106902,1,,030,,,-25.395846,-49.242843,,False,4,1,2023-06-16T11:53:00.575690+00:00
CUR_CB601,Curitiba,4106902,1,,030,,,-25.385891,-49.213073,,False,4,2,2023-06-16T12:04:00.575690+00:00
CUR_GB604,Curitiba,4106902,1,,030,,,-25.494163,-49.295396,,False,4,1,2023-06-16T12:01:00.575690+00:00
CUR_KB608,Curitiba,4106902,1,,030,,,-25.501935,-49.236755,,False,4,1,2023-06-16T12:04:00.575690+00:00
CUR_BB300,Curitiba,4106902,1,,030,,,-25.409208,-49.217986,,False,3,1,2023-06-16T11:53:00.575690+00:00
CUR_BB611,Curitiba,4106902,1,,030,,,-25.46713,-49.221538,,False,4,1,2023-06-16T12:00:00.575690+00:00
CUR_BB498,Curitiba,4106902,1,,030,,,-25.450683,-49.20809,,False,3,2,2023-06-16T12:03:00.575690+00:00
CUR_GI859,Curitiba,4106902,1,,662,,,-25.469248,-49.27177,,False,7,1,2023-06-16T12:03:00.575690+00:00
CUR_HA609,Curitiba,4106902,1,,650,,,-25.522313,-49.294716,,False,4,1,2023-06-16T12:04:00.575690+00:00
CUR_HA604,Curitiba,4106902,1,,650,,,-25.576323,-49.331643,,False,4,2,2023-06-16T12:02:00.575690+00:00
CUR_HC008,Curitiba,4106902,1,,650,,,-25.528741,-49.298533,,False,1,1,2023-06-16T12:04:00.575690+00:00
CUR_HI016,Curitiba,4106902,1,,650,,,-25.547781,-49.303898,,False,1,1,2023-06-16T12:04:00.575690+00:00
CUR_HI007,Curitiba,4106902,1,,650,,,-25.561,-49.330285,,False,1,2,2023-06-16T12:04:00.575690+00:00
CUR_GI051,Curitiba,4106902,1,,542,,,-25.546275,-49.26278,,False,1,,2023-06-16T12:04:00.575690+00:00
CUR_GI032,Curitiba,4106902,1,,542,,,-25.534456,-49.268195,,False,1,,2023-06-16T12:04:00.575690+00:00
CUR_HA008,Curitiba,4106902,1,,773,,,-25.570695,-49.331863,,False,1,1,2023-06-16T11:58:00.575690+00:00
CUR_BI030,Curitiba,4106902,1,,812,,,-25.411893,-49.357955,,False,1,2,2023-06-16T12:03:00.575690+00:00
CUR_BA013,Curitiba,4106902,1,,812,,,-25.434381,-49.307815,,False,1,1,2023-06-16T12:00:00.575690+00:00
CUR_BC015,Curitiba,4106902,1,,812,,,-25.433895,-49.298838,,False,1,1,2023-06-16T11:51:00.575690+00:00
CUR_BA021,Curitiba,4106902,1,,812,,,-25.411315,-49.324478,,False,1,2,2023-06-16T11:53:00.575690+00:00
CUR_HI048,Curitiba,4106902,1,,622,,,-25.49413,-49.334795,,False,1,2,2023-06-16T12:04:00.575690+00:00
CUR_KE708,Curitiba,4106902,0,URBS,502,https://moovitapp.com/index/pt-br/transporte_p%C3%BAblico-line-502_CIRCULAR_SUL_HOR%C3%81RIO-Curitiba-942-9628-294482-0,-1.0,-25.536103,-49.276345,,False,5,,2023-06-16T12:04:00.575690+00:00
CUR_KE701,Curitiba,4106902,0,URBS,502,https://moovitapp.com/index/pt-br/transporte_p%C3%BAblico-line-502_CIRCULAR_SUL_HOR%C3%81RIO-Curitiba-942-9628-294482-0,-1.0,-25.474886,-49.250541,,False,5,,2023-06-16T12:04:00.575690+00:00
CUR_GE610,Curitiba,4106902,0,URBS,502,https://moovitapp.com/index/pt-br/transporte_p%C3%BAblico-line-502_CIRCULAR_SUL_HOR%C3%81RIO-Curitiba-942-9628-294482-0,-1.0,-25.526538,-49.236323,,False,4,,2023-06-16T12:04:00.575690+00:00
CUR_KE706,Curitiba,4106902,0,URBS,502,https://moovitapp.com/index/pt-br/transporte_p%C3%BAblico-line-502_CIRCULAR_SUL_HOR%C3%81RIO-Curitiba-942-9628-294482-0,-1.0,-25.467116,-49.254913,,False,5,,2023-06-16T12:04:00.575690+00:00
CUR_HE605,Curitiba,4106902,0,URBS,502,https://moovitapp.com/index/pt-br/transporte_p%C3%BAblico-line-502_CIRCULAR_SUL_HOR%C3%81RIO-Curitiba-942-9628-294482-0,-1.0,-25.4753,-49.292586,,False,4,,2023-06-16T12:04:00.575690+00:00
CUR_GE612,Curitiba,4106902,0,URBS,502,https://moovitapp.com/index/pt-br/transporte_p%C3%BAblico-line-502_CIRCULAR_SUL_HOR%C3%81RIO-Curitiba-942-9628-294482-0,-1.0,-25.49742,-49.2395,,False,4,,2023-06-16T12:04:00.575690+00:00
CUR_GE605,Curitiba,4106902,0,URBS,502,https://moovitapp.com/index/pt-br/transporte_p%C3%BAblico-line-502_CIRCULAR_SUL_HOR%C3%81RIO-Curitiba-942-9628-294482-0,-1.0,-25.482791,-49.295593,,False,4,,2023-06-16T12:04:00.575690+00:00
CUR_HE609,Curitiba,4106902,0,URBS,502,https://moovitapp.com/index/pt-br/transporte_p%C3%BAblico-line-502_CIRCULAR_SUL_HOR%C3%81RIO-Curitiba-942-9628-294482-0,-1.0,-25.473981,-49.269863,,False,4,,2023-06-16T12:04:00.575690+00:00
CUR_GE603,Curitiba,4106902,0,URBS,502,https://moovitapp.com/index/pt-br/transporte_p%C3%BAblico-line-502_CIRCULAR_SUL_HOR%C3%81RIO-Curitiba-942-9628-294482-0,-1.0,-25.493796,-49.29382,,False,4,,2023-06-16T12:04:00.575690+00:00
CUR_HE614,Curitiba,4106902,0,URBS,502,https://moovitapp.com/index/pt-br/transporte_p%C3%BAblico-line-502_CIRCULAR_SUL_HOR%C3%81RIO-Curitiba-942-9628-294482-0,-1.0,-25.534295,-49.267501,,False,4,,2023-06-16T12:03:00.575690+00:00
CUR_HE603,Curitiba,4106902,0,URBS,502,https://moovitapp.com/index/pt-br/transporte_p%C3%BAblico-line-502_CIRCULAR_SUL_HOR%C3%81RIO-Curitiba-942-9628-294482-0,-1.0,-25.51304,-49.231906,,False,4,,2023-06-16T12:04:00.575690+00:00
CUR_EI014,Curitiba,4106902,1,,533,,,-25.526413,-49.251288,,False,1,,2023-06-16T12:04:00.575690+00:00
CUR_KE700,Curitiba,4106902,0,URBS,503,https://moovitapp.com/index/pt-br/transporte_p%C3%BAblico-line-503_BOQUEIR%C3%83O-Curitiba-942-9628-294244-0,-1.0,-25.441065,-49.267086,,False,5,2,2023-06-16T12:04:00.575690+00:00
CUR_KE702,Curitiba,4106902,0,URBS,503,https://moovitapp.com/index/pt-br/transporte_p%C3%BAblico-line-503_BOQUEIR%C3%83O-Curitiba-942-9628-294244-0,-1.0,-25.450698,-49.262225,,False,5,1,2023-06-16T12:04:00.575690+00:00
CUR_KE704,Curitiba,4106902,0,URBS,503,https://moovitapp.com/index/pt-br/transporte_p%C3%BAblico-line-503_BOQUEIR%C3%83O-Curitiba-942-9628-294244-0,-1.0,-25.476501,-49.249705,,False,5,1,2023-06-16T12:04:00.575690+00:00
CUR_GE614,Curitiba,4106902,0,URBS,503,https://moovitapp.com/index/pt-br/transporte_p%C3%BAblico-line-503_BOQUEIR%C3%83O-Curitiba-942-9628-294244-0,-1.0,-25.516973,-49.229615,,False,4,1,2023-06-16T12:04:00.575690+00:00
CUR_KE707,Curitiba,4106902,0,URBS,503,https://moovitapp.com/index/pt-br/transporte_p%C3%BAblico-line-503_BOQUEIR%C3%83O-Curitiba-942-9628-294244-0,-1.0,-25.481748,-49.24715,,False,5,2,2023-06-16T12:04:00.575690+00:00
CUR_BI876,Curitiba,4106902,1,,184,,,-25.430125,-49.27207,,False,7,1,2023-06-16T12:03:00.575690+00:00
CUR_BI873,Curitiba,4106902,1,,184,,,-25.36705,-49.276143,,False,7,2,2023-06-16T12:04:00.575690+00:00
CUR_GI056,Curitiba,4106902,1,,683,,,-25.547165,-49.271111,,False,1,1,2023-06-16T12:04:00.575690+00:00
CUR_EL310,Curitiba,4106902,0,URBS,506,https://moovitapp.com/index/pt-br/transporte_p%C3%BAblico-line-506_BAIRRO_NOVO-Curitiba-942-9628-294299-0,-1.0,-25.534683,-49.268865,,False,3,2,2023-06-16T12:04:00.575690+00:00
CUR_GL302,Curitiba,4106902,0,URBS,506,https://moovitapp.com/index/pt-br/transporte_p%C3%BAblico-line-506_BAIRRO_NOVO-Curitiba-942-9628-294299-0,-1.0,-25.505831,-49.28366,,False,3,2,2023-06-16T12:04:00.575690+00:00
CUR_EL318,Curitiba,4106902,1,URBS,506,https://moovitapp.com/index/pt-br/transporte_p%C3%BAblico-line-506_BAIRRO_NOVO-Curitiba-942-9628-294299-0,-1.0,-25.44577,-49.266853,,False,3,2,2023-06-16T12:03:00.575690+00:00
CUR_EL328,Curitiba,4106902,1,URBS,506,https://moovitapp.com/index/pt-br/transporte_p%C3%BAblico-line-506_BAIRRO_NOVO-Curitiba-942-9628-294299-0,-1.0,-25.460868,-49.26702,,False,3,1,2023-06-16T12:04:00.575690+00:00
CUR_GL323,Curitiba,4106902,0,URBS,506,https://moovitapp.com/index/pt-br/transporte_p%C3%BAblico-line-506_BAIRRO_NOVO-Curitiba-942-9628-294299-0,-1.0,-25.443038,-49.270416,,False,3,1,2023-06-16T12:04:00.575690+00:00
CUR_GL317,Curitiba,4106902,0,URBS,506,https://moovitapp.com/index/pt-br/transporte_p%C3%BAblico-line-506_BAIRRO_NOVO-Curitiba-942-9628-294299-0,-1.0,-25.468615,-49.263681,,False,3,1,2023-06-16T12:04:00.575690+00:00
CUR_GL301,Curitiba,4106902,0,URBS,506,https://moovitapp.com/index/pt-br/transporte_p%C3%BAblico-line-506_BAIRRO_NOVO-Curitiba-942-9628-294299-0,-1.0,-25.502085,-49.280573,,False,3,1,2023-06-16T12:04:00.575690+00:00
CUR_EL312,Curitiba,4106902,0,URBS,506,https://moovitapp.com/index/pt-br/transporte_p%C3%BAblico-line-506_BAIRRO_NOVO-Curitiba-942-9628-294299-0,-1.0,-25.545561,-49.264053,,False,3,1,2023-06-16T12:04:00.575690+00:00
CUR_GL308,Curitiba,4106902,0,URBS,506,https://moovitapp.com/index/pt-br/transporte_p%C3%BAblico-line-506_BAIRRO_NOVO-Curitiba-942-9628-294299-0,-1.0,-25.511091,-49.282393,,False,3,1,2023-06-16T12:04:00.575690+00:00
CUR_EL304,Curitiba,4106902,0,URBS,506,https://moovitapp.com/index/pt-br/transporte_p%C3%BAblico-line-506_BAIRRO_NOVO-Curitiba-942-9628-294299-0,-1.0,-25.506178,-49.283173,,False,3,1,2023-06-16T12:02:00.575690+00:00
CUR_GI855,Curitiba,4106902,1,,661,,,-25.47112,-49.277671,,False,7,2,2023-06-16T12:04:00.575690+00:00
CUR_EI007,Curitiba,4106902,1,,522,,,-25.525621,-49.260841,,False,1,2,2023-06-16T12:04:00.575690+00:00
CUR_EA073,Curitiba,4106902,1,,522,,,-25.502401,-49.237136,,False,1,1,2023-06-16T12:04:00.575690+00:00
CUR_EA074,Curitiba,4106902,1,,512,,,-25.485006,-49.252076,,False,1,2,2023-06-16T12:04:00.575690+00:00
CUR_JA034,Curitiba,4106902,1,,714,,,-25.483688,-49.350181,,False,1,,2023-06-16T12:03:00.575690+00:00
CUR_DC092,Curitiba,4106902,1,,468,,,-25.435525,-49.271585,,False,1,2,2023-06-16T12:02:00.575690+00:00
CUR_EA211,Curitiba,4106902,1,,468,,,-25.43763,-49.259751,,False,1,1,2023-06-16T12:04:00.575690+00:00
CUR_DC292,Curitiba,4106902,1,,468,,,-25.494825,-49.209465,,False,1,2,2023-06-16T12:04:00.575690+00:00
CUR_EL331,Curitiba,4106902,1,URBS,505,https://moovitapp.com/index/pt-br/transporte_p%C3%BAblico-line-505_BOQUEIR%C3%83O_CENTRO_C%C3%8DVICO-Curitiba-942-9628-531685-0,-1.0,-25.420506,-49.268335,,False,3,1,2023-06-16T12:03:00.575690+00:00
CUR_BL304,Curitiba,4106902,0,URBS,505,https://moovitapp.com/index/pt-br/transporte_p%C3%BAblico-line-505_BOQUEIR%C3%83O_CENTRO_C%C3%8DVICO-Curitiba-942-9628-531685-0,-1.0,-25.42026,-49.269206,,False,3,1,2023-06-16T12:04:00.575690+00:00
CUR_EL320,Curitiba,4106902,1,URBS,505,https://moovitapp.com/index/pt-br/transporte_p%C3%BAblico-line-505_BOQUEIR%C3%83O_CENTRO_C%C3%8DVICO-Curitiba-942-9628-531685-0,-1.0,-25.49583,-49.240231,,False,3,1,2023-06-16T12:03:00.575690+00:00
CUR_BL316,Curitiba,4106902,0,URBS,505,https://moovitapp.com/index/pt-br/transporte_p%C3%BAblico-line-505_BOQUEIR%C3%83O_CENTRO_C%C3%8DVICO-Curitiba-942-9628-531685-0,-1.0,-25.42215,-49.268456,,False,3,1,2023-06-16T12:04:00.575690+00:00
CUR_EL321,Curitiba,4106902,1,URBS,505,https://moovitapp.com/index/pt-br/transporte_p%C3%BAblico-line-505_BOQUEIR%C3%83O_CENTRO_C%C3%8DVICO-Curitiba-942-9628-531685-0,-1.0,-25.49994,-49.238291,,False,3,2,2023-06-16T12:04:00.575690+00:00
CUR_EL330,Curitiba,4106902,1,URBS,505,https://moovitapp.com/index/pt-br/transporte_p%C3%BAblico-line-505_BOQUEIR%C3%83O_CENTRO_C%C3%8DVICO-Curitiba-942-9628-531685-0,-1.0,-25.441021,-49.261386,,False,3,2,2023-06-16T12:03:00.575690+00:00
CUR_BL315,Curitiba,4106902,0,URBS,505,https://moovitapp.com/index/pt-br/transporte_p%C3%BAblico-line-505_BOQUEIR%C3%83O_CENTRO_C%C3%8DVICO-Curitiba-942-9628-531685-0,-1.0,-25.414648,-49.280718,,False,3,1,2023-06-16T11:58:00.575690+00:00
CUR_EL309,Curitiba,4106902,0,URBS,505,https://moovitapp.com/index/pt-br/transporte_p%C3%BAblico-line-505_BOQUEIR%C3%83O_CENTRO_C%C3%8DVICO-Curitiba-942-9628-531685-0,-1.0,-25.410903,-49.26614,,False,3,1,2023-06-16T12:04:00.575690+00:00
CUR_BL337,Curitiba,4106902,0,URBS,505,https://moovitapp.com/index/pt-br/transporte_p%C3%BAblico-line-505_BOQUEIR%C3%83O_CENTRO_C%C3%8DVICO-Curitiba-942-9628-531685-0,-1.0,-25.411591,-49.271648,,False,3,1,2023-06-16T12:02:00.575690+00:00
CUR_EL324,Curitiba,4106902,1,URBS,505,https://moovitapp.com/index/pt-br/transporte_p%C3%BAblico-line-505_BOQUEIR%C3%83O_CENTRO_C%C3%8DVICO-Curitiba-942-9628-531685-0,-1.0,-25.43688,-49.261398,,False,3,1,2023-06-16T12:03:00.575690+00:00
CUR_EL306,Curitiba,4106902,0,URBS,505,https://moovitapp.com/index/pt-br/transporte_p%C3%BAblico-line-505_BOQUEIR%C3%83O_CENTRO_C%C3%8DVICO-Curitiba-942-9628-531685-0,-1.0,-25.466906,-49.253961,,False,3,1,2023-06-16T12:04:00.575690+00:00
CUR_BL328,Curitiba,4106902,0,URBS,505,https://moovitapp.com/index/pt-br/transporte_p%C3%BAblico-line-505_BOQUEIR%C3%83O_CENTRO_C%C3%8DVICO-Curitiba-942-9628-531685-0,-1.0,-25.42908,-49.263226,,False,3,2,2023-06-16T11:53:00.575690+00:00
CUR_GI007,Curitiba,4106902,1,,547,,,-25.536325,-49.269791,,False,1,1,2023-06-16T12:03:00.575690+00:00
CUR_GI057,Curitiba,4106902,1,,638,,,-25.541443,-49.2945,,False,1,1,2023-06-16T12:04:00.575690+00:00
CUR_GI014,Curitiba,4106902,1,,638,,,-25.53219,-49.297358,,False,1,2,2023-06-16T12:04:00.575690+00:00
CUR_JI006,Curitiba,4106902,1,,611,,,-25.471353,-49.29989,,False,1,1,2023-06-16T12:04:00.575690+00:00
CUR_JI014,Curitiba,4106902,1,,611,,,-25.469675,-49.31842,,False,1,2,2023-06-16T12:04:00.575690+00:00
CUR_DL310,Curitiba,4106902,0,URBS,304,https://moovitapp.com/index/pt-br/transporte_p%C3%BAblico-line-304_PINHAIS_CAMPO_COMPRIDO-Curitiba-942-9628-133282995-0,-1.0,-25.438733,-49.238053,,False,3,1,2023-06-16T12:04:00.575690+00:00
CUR_HL322,Curitiba,4106902,0,URBS,304,https://moovitapp.com/index/pt-br/transporte_p%C3%BAblico-line-304_PINHAIS_CAMPO_COMPRIDO-Curitiba-942-9628-133282995-0,-1.0,-25.430521,-49.272891,,False,3,2,2023-06-16T12:04:00.575690+00:00
CUR_JL321,Curitiba,4106902,1,URBS,304,https://moovitapp.com/index/pt-br/transporte_p%C3%BAblico-line-304_PINHAIS_CAMPO_COMPRIDO-Curitiba-942-9628-133282995-0,-1.0,-25.43518,-49.260548,,False,3,2,2023-06-16T12:04:00.575690+00:00
CUR_JL324,Curitiba,4106902,1,URBS,304,https://moovitapp.com/index/pt-br/transporte_p%C3%BAblico-line-304_PINHAIS_CAMPO_COMPRIDO-Curitiba-942-9628-133282995-0,-1.0,-25.439978,-49.183666,,False,3,1,2023-06-16T12:04:00.575690+00:00
CUR_GI012,Curitiba,4106902,1,,649,,,-25.532246,-49.279748,,False,1,2,2023-06-16T12:04:00.575690+00:00
CUR_GI016,Curitiba,4106902,1,,649,,,-25.522648,-49.294796,,False,1,1,2023-06-16T12:02:00.575690+00:00
CUR_JL315,Curitiba,4106902,0,URBS,702,https://moovitapp.com/index/pt-br/transporte_p%C3%BAblico-line-702_CAIU%C3%81_CACHOEIRA-Curitiba-942-9628-133282980-0,-1.0,-25.435013,-49.264426,,False,3,2,2023-06-16T12:04:00.575690+00:00
CUR_JL319,Curitiba,4106902,0,URBS,702,https://moovitapp.com/index/pt-br/transporte_p%C3%BAblico-line-702_CAIU%C3%81_CACHOEIRA-Curitiba-942-9628-133282980-0,-1.0,-25.433573,-49.263478,,False,3,1,2023-06-16T12:04:00.575690+00:00
CUR_JL322,Curitiba,4106902,1,URBS,702,https://moovitapp.com/index/pt-br/transporte_p%C3%BAblico-line-702_CAIU%C3%81_CACHOEIRA-Curitiba-942-9628-133282980-0,-1.0,-25.448093,-49.280251,,False,3,1,2023-06-16T12:04:00.575690+00:00
CUR_JL300,Curitiba,4106902,0,URBS,702,https://moovitapp.com/index/pt-br/transporte_p%C3%BAblico-line-702_CAIU%C3%81_CACHOEIRA-Curitiba-942-9628-133282980-0,-1.0,-25.47697,-49.323738,,False,3,1,2023-06-16T12:04:00.575690+00:00
CUR_JL311,Curitiba,4106902,0,URBS,702,https://moovitapp.com/index/pt-br/transporte_p%C3%BAblico-line-702_CAIU%C3%81_CACHOEIRA-Curitiba-942-9628-133282980-0,-1.0,-25.483865,-49.349466,,False,3,2,2023-06-16T12:04:00.575690+00:00
CUR_JL320,Curitiba,4106902,1,URBS,702,https://moovitapp.com/index/pt-br/transporte_p%C3%BAblico-line-702_CAIU%C3%81_CACHOEIRA-Curitiba-942-9628-133282980-0,-1.0,-25.477306,-49.334258,,False,3,2,2023-06-16T12:04:00.575690+00:00
CUR_JL303,Curitiba,4106902,0,URBS,702,https://moovitapp.com/index/pt-br/transporte_p%C3%BAblico-line-702_CAIU%C3%81_CACHOEIRA-Curitiba-942-9628-133282980-0,-1.0,-25.454816,-49.30315,,False,3,2,2023-06-16T12:03:00.575690+00:00
CUR_GI048,Curitiba,4106902,1,,640,,,-25.512628,-49.294786,,False,1,1,2023-06-16T12:03:00.575690+00:00
CUR_GI024,Curitiba,4106902,1,,640,,,-25.554275,-49.295025,,False,1,1,2023-06-16T12:04:00.575690+00:00
CUR_BI898,Curitiba,4106902,1,,169,,,-25.408508,-49.271735,,False,7,1,2023-06-16T12:03:00.575690+00:00
CUR_BI855,Curitiba,4106902,1,,169,,,-25.398803,-49.278775,,False,7,2,2023-06-16T12:04:00.575690+00:00
CUR_BC031,Curitiba,4106902,1,,373,,,-25.426613,-49.210486,,False,1,2,2023-06-16T12:02:00.575690+00:00
CUR_HI020,Curitiba,4106902,1,,617,,,-25.575246,-49.338533,,False,1,1,2023-06-16T12:04:00.575690+00:00
CUR_HI028,Curitiba,4106902,1,,617,,,-25.516631,-49.295568,,False,1,1,2023-06-16T12:04:00.575690+00:00
CUR_HI047,Curitiba,4106902,1,,623,,,-25.491953,-49.293346,,False,1,1,2023-06-16T12:04:00.575690+00:00
CUR_HI004,Curitiba,4106902,1,,623,,,-25.516531,-49.309735,,False,1,2,2023-06-16T12:04:00.575690+00:00
CUR_HI017,Curitiba,4106902,1,,627,,,-25.531808,-49.334846,,False,1,1,2023-06-16T12:04:00.575690+00:00
CUR_HI006,Curitiba,4106902,1,,627,,,-25.49155,-49.293208,,False,1,1,2023-06-16T12:00:00.575690+00:00
CUR_MN608,Curitiba,4106902,1,,915,,,-25.400646,-49.330603,,False,7,1,2023-06-16T12:04:00.575690+00:00
CUR_CI007,Curitiba,4106902,1,,222,,,-25.393311,-49.241003,,False,1,1,2023-06-16T12:04:00.575690+00:00
CUR_CI008,Curitiba,4106902,1,,222,,,-25.384675,-49.19561,,False,1,2,2023-06-16T12:04:00.575690+00:00
CUR_DC088,Curitiba,4106902,1,,462,,,-25.444005,-49.23688,,False,1,1,2023-06-16T12:04:00.575690+00:00
CUR_DC090,Curitiba,4106902,1,,462,,,-25.441905,-49.2597,,False,1,1,2023-06-16T12:04:00.575690+00:00
CUR_KA603,Curitiba,4106902,1,,545,,,-25.478805,-49.325231,,False,4,2,2023-06-16T12:04:00.575690+00:00
CUR_KA602,Curitiba,4106902,1,,545,,,-25.52795,-49.328951,,False,4,1,2023-06-16T12:04:00.575690+00:00
CUR_JI600,Curitiba,4106902,1,,545,,,-25.534355,-49.316975,,False,4,2,2023-06-16T12:04:00.575690+00:00
CUR_JI601,Curitiba,4106902,1,,545,,,-25.534356,-49.267818,,False,4,2,2023-06-16T11:59:00.575690+00:00
CUR_KA601,Curitiba,4106902,1,,545,,,-25.517966,-49.230836,,False,4,2,2023-06-16T12:04:00.575690+00:00
CUR_GA697,Curitiba,4106902,1,,545,,,-25.534296,-49.268145,,False,4,1,2023-06-16T12:03:00.575690+00:00
CUR_GC007,Curitiba,4106902,1,,665,,,-25.43856,-49.272621,,False,1,1,2023-06-16T12:04:00.575690+00:00
CUR_GI008,Curitiba,4106902,1,,665,,,-25.498891,-49.28603,,False,1,1,2023-06-16T12:04:00.575690+00:00
CUR_GI850,Curitiba,4106902,1,,665,,,-25.453755,-49.26628,,False,7,2,2023-06-16T12:04:00.575690+00:00
CUR_BI861,Curitiba,4106902,1,,272,,,-25.417633,-49.26855,,False,7,1,2023-06-16T12:03:00.575690+00:00
CUR_BI891,Curitiba,4106902,1,,272,,,-25.428941,-49.270288,,False,7,1,2023-06-16T11:58:00.575690+00:00
CUR_BI885,Curitiba,4106902,1,,272,,,-25.373183,-49.247288,,False,7,2,2023-06-16T12:03:00.575690+00:00
CUR_HI042,Curitiba,4106902,1,,654,,,-25.499658,-49.317741,,False,1,2,2023-06-16T12:00:00.575690+00:00
CUR_HI041,Curitiba,4106902,1,,654,,,-25.495351,-49.309633,,False,1,1,2023-06-16T12:04:00.575690+00:00
CUR_HI850,Curitiba,4106902,1,,265,,,-25.398886,-49.253146,,False,7,1,2023-06-16T12:04:00.575690+00:00
CUR_GI044,Curitiba,4106902,1,,552,,,-25.557665,-49.262926,,False,1,1,2023-06-16T12:04:00.575690+00:00
CUR_GI013,Curitiba,4106902,1,,552,,,-25.537266,-49.272643,,False,1,2,2023-06-16T12:04:00.575690+00:00
CUR_DA291,Curitiba,4106902,1,,334,,,-25.466825,-49.196891,,False,1,,2023-06-16T12:04:00.575690+00:00
CUR_GI046,Curitiba,4106902,1,,624,,,-25.517626,-49.272626,,False,1,1,2023-06-16T12:04:00.575690+00:00
CUR_GC010,Curitiba,4106902,1,,624,,,-25.492515,-49.293146,,False,1,1,2023-06-16T12:04:00.575690+00:00
CUR_DN601,Curitiba,4106902,1,,463,,,-25.431625,-49.267176,,False,7,2,2023-06-16T12:04:00.575690+00:00
CUR_BC024,Curitiba,4106902,1,,171,,,-25.397135,-49.28797,,False,1,2,2023-06-16T12:03:00.575690+00:00
CUR_HB610,Curitiba,4106902,1,,040,,,-25.47798,-49.328873,,False,4,2,2023-06-16T12:04:00.575690+00:00
CUR_HB600,Curitiba,4106902,1,,040,,,-25.460293,-49.345215,,False,4,1,2023-06-16T12:04:00.575690+00:00
CUR_GB610,Curitiba,4106902,1,,040,,,-25.512006,-49.332255,,False,4,2,2023-06-16T12:04:00.575690+00:00
CUR_GB611,Curitiba,4106902,1,,040,,,-25.468783,-49.343613,,False,4,2,2023-06-16T12:04:00.575690+00:00
CUR_JB609,Curitiba,4106902,1,,040,,,-25.43001,-49.353575,,False,4,1,2023-06-16T12:04:00.575690+00:00
CUR_HB601,Curitiba,4106902,1,,040,,,-25.513176,-49.295166,,False,4,1,2023-06-16T12:04:00.575690+00:00
CUR_JB607,Curitiba,4106902,1,,040,,,-25.400581,-49.330618,,False,4,2,2023-06-16T12:04:00.575690+00:00
CUR_MB698,Curitiba,4106902,1,,040,,,-25.480348,-49.323103,,False,4,1,2023-06-16T12:04:00.575690+00:00
CUR_HB605,Curitiba,4106902,1,,040,,,-25.511436,-49.324726,,False,4,1,2023-06-16T12:04:00.575690+00:00
CUR_JB608,Curitiba,4106902,1,,040,,,-25.419325,-49.348295,,False,4,2,2023-06-16T12:04:00.575690+00:00
CUR_MB699,Curitiba,4106902,1,,040,,,-25.410195,-49.320841,,False,4,2,2023-06-16T12:04:00.575690+00:00
CUR_BI026,Curitiba,4106902,1,,916,,,-25.37504,-49.327613,,False,1,2,2023-06-16T12:03:00.575690+00:00
CUR_BI028,Curitiba,4106902,1,,160,,,-25.43813,-49.272818,,False,1,2,2023-06-16T12:03:00.575690+00:00
CUR_BC025,Curitiba,4106902,1,,160,,,-25.419905,-49.284448,,False,1,1,2023-06-16T12:01:00.575690+00:00
CUR_HI015,Curitiba,4106902,1,,681,,,-25.557146,-49.322698,,False,1,1,2023-06-16T12:03:00.575690+00:00
CUR_HA023,Curitiba,4106902,1,,681,,,-25.54516,-49.303626,,False,1,2,2023-06-16T12:04:00.575690+00:00
CUR_HI862,Curitiba,4106902,1,,670,,,-25.540428,-49.308296,,False,7,2,2023-06-16T12:03:00.575690+00:00
CUR_HI857,Curitiba,4106902,1,,670,,,-25.436606,-49.273613,,False,7,1,2023-06-16T12:04:00.575690+00:00
CUR_DA292,Curitiba,4106902,1,,513,,,-25.514316,-49.239565,,False,1,1,2023-06-16T12:00:00.575690+00:00
CUR_GC014,Curitiba,4106902,1,,513,,,-25.517153,-49.231188,,False,1,1,2023-06-16T12:04:00.575690+00:00
CUR_DA294,Curitiba,4106902,1,,513,,,-25.484505,-49.256125,,False,1,2,2023-06-16T12:03:00.575690+00:00
CUR_EI001,Curitiba,4106902,1,,561,,,-25.441656,-49.268751,,False,1,2,2023-06-16T12:04:00.575690+00:00
CUR_EI012,Curitiba,4106902,1,,561,,,-25.482981,-49.27037,,False,1,1,2023-06-16T12:03:00.575690+00:00
CUR_DA014,Curitiba,4106902,1,,321,,,-25.452215,-49.214861,,False,1,1,2023-06-16T12:03:00.575690+00:00
CUR_KI601,Curitiba,4106902,1,,629,,,-25.512846,-49.25886,,False,4,2,2023-06-16T12:04:00.575690+00:00
CUR_KA600,Curitiba,4106902,1,,629,,,-25.496183,-49.27767,,False,4,1,2023-06-16T12:04:00.575690+00:00
CUR_KA605,Curitiba,4106902,1,,629,,,-25.538503,-49.24174,,False,4,1,2023-06-16T12:02:00.575690+00:00
CUR_KA689,Curitiba,4106902,1,,629,,,-25.538441,-49.241805,,False,4,1,2023-06-16T12:04:00.575690+00:00
CUR_DE711,Curitiba,4106902,0,URBS,303,https://moovitapp.com/index/pt-br/transporte_p%C3%BAblico-line-303_CENTEN%C3%81RIO_CAMPO_COMPRIDO-Curitiba-942-9628-531689-0,-1.0,-25.429471,-49.284383,,False,5,2,2023-06-16T12:04:00.575690+00:00
CUR_DE700,Curitiba,4106902,0,URBS,303,https://moovitapp.com/index/pt-br/transporte_p%C3%BAblico-line-303_CENTEN%C3%81RIO_CAMPO_COMPRIDO-Curitiba-942-9628-531689-0,-1.0,-25.469043,-49.208423,,False,5,2,2023-06-16T12:02:00.575690+00:00
CUR_DE710,Curitiba,4106902,0,URBS,303,https://moovitapp.com/index/pt-br/transporte_p%C3%BAblico-line-303_CENTEN%C3%81RIO_CAMPO_COMPRIDO-Curitiba-942-9628-531689-0,-1.0,-25.468931,-49.207936,,False,5,2,2023-06-16T12:04:00.575690+00:00
CUR_DE715,Curitiba,4106902,0,URBS,303,https://moovitapp.com/index/pt-br/transporte_p%C3%BAblico-line-303_CENTEN%C3%81RIO_CAMPO_COMPRIDO-Curitiba-942-9628-531689-0,-1.0,-25.439436,-49.272125,,False,5,2,2023-06-16T12:04:00.575690+00:00
CUR_JE704,Curitiba,4106902,0,URBS,303,https://moovitapp.com/index/pt-br/transporte_p%C3%BAblico-line-303_CENTEN%C3%81RIO_CAMPO_COMPRIDO-Curitiba-942-9628-531689-0,-1.0,-25.43622,-49.263023,,False,5,1,2023-06-16T12:04:00.575690+00:00
CUR_XY042,Curitiba,4106902,0,URBS,303,https://moovitapp.com/index/pt-br/transporte_p%C3%BAblico-line-303_CENTEN%C3%81RIO_CAMPO_COMPRIDO-Curitiba-942-9628-531689-0,-1.0,-25.433663,-49.27742,,False,4,2,2023-06-16T12:04:00.575690+00:00
CUR_DE705,Curitiba,4106902,0,URBS,303,https://moovitapp.com/index/pt-br/transporte_p%C3%BAblico-line-303_CENTEN%C3%81RIO_CAMPO_COMPRIDO-Curitiba-942-9628-531689-0,-1.0,-25.45507,-49.21388,,False,5,2,2023-06-16T12:04:00.575690+00:00
CUR_DE717,Curitiba,4106902,0,URBS,303,https://moovitapp.com/index/pt-br/transporte_p%C3%BAblico-line-303_CENTEN%C3%81RIO_CAMPO_COMPRIDO-Curitiba-942-9628-531689-0,-1.0,-25.438875,-49.333288,,False,5,1,2023-06-16T12:04:00.575690+00:00
CUR_DE712,Curitiba,4106902,0,URBS,303,https://moovitapp.com/index/pt-br/transporte_p%C3%BAblico-line-303_CENTEN%C3%81RIO_CAMPO_COMPRIDO-Curitiba-942-9628-531689-0,-1.0,-25.435833,-49.30719,,False,5,1,2023-06-16T12:02:00.575690+00:00
CUR_DE704,Curitiba,4106902,0,URBS,303,https://moovitapp.com/index/pt-br/transporte_p%C3%BAblico-line-303_CENTEN%C3%81RIO_CAMPO_COMPRIDO-Curitiba-942-9628-531689-0,-1.0,-25.441776,-49.346848,,False,5,1,2023-06-16T12:04:00.575690+00:00
CUR_DE718,Curitiba,4106902,0,URBS,303,https://moovitapp.com/index/pt-br/transporte_p%C3%BAblico-line-303_CENTEN%C3%81RIO_CAMPO_COMPRIDO-Curitiba-942-9628-531689-0,-1.0,-25.430663,-49.280525,,False,5,1,2023-06-16T12:04:00.575690+00:00
CUR_DE703,Curitiba,4106902,0,URBS,303,https://moovitapp.com/index/pt-br/transporte_p%C3%BAblico-line-303_CENTEN%C3%81RIO_CAMPO_COMPRIDO-Curitiba-942-9628-531689-0,-1.0,-25.435825,-49.274481,,False,5,1,2023-06-16T12:01:00.575690+00:00
CUR_JE709,Curitiba,4106902,0,URBS,303,https://moovitapp.com/index/pt-br/transporte_p%C3%BAblico-line-303_CENTEN%C3%81RIO_CAMPO_COMPRIDO-Curitiba-942-9628-531689-0,-1.0,-25.43871,-49.225896,,False,5,2,2023-06-16T12:04:00.575690+00:00
CUR_JE703,Curitiba,4106902,0,URBS,303,https://moovitapp.com/index/pt-br/transporte_p%C3%BAblico-line-303_CENTEN%C3%81RIO_CAMPO_COMPRIDO-Curitiba-942-9628-531689-0,-1.0,-25.435585,-49.250128,,False,5,2,2023-06-16T12:04:00.575690+00:00
CUR_DE707,Curitiba,4106902,0,URBS,303,https://moovitapp.com/index/pt-br/transporte_p%C3%BAblico-line-303_CENTEN%C3%81RIO_CAMPO_COMPRIDO-Curitiba-942-9628-531689-0,-1.0,-25.43803,-49.238781,,False,5,1,2023-06-16T12:04:00.575690+00:00
CUR_JE705,Curitiba,4106902,0,URBS,303,https://moovitapp.com/index/pt-br/transporte_p%C3%BAblico-line-303_CENTEN%C3%81RIO_CAMPO_COMPRIDO-Curitiba-942-9628-531689-0,-1.0,-25.433216,-49.299855,,False,5,2,2023-06-16T12:04:00.575690+00:00
CUR_JE706,Curitiba,4106902,0,URBS,303,https://moovitapp.com/index/pt-br/transporte_p%C3%BAblico-line-303_CENTEN%C3%81RIO_CAMPO_COMPRIDO-Curitiba-942-9628-531689-0,-1.0,-25.439326,-49.317611,,False,5,2,2023-06-16T12:04:00.575690+00:00
CUR_JE849,Curitiba,4106902,0,URBS,303,https://moovitapp.com/index/pt-br/transporte_p%C3%BAblico-line-303_CENTEN%C3%81RIO_CAMPO_COMPRIDO-Curitiba-942-9628-531689-0,-1.0,-25.450935,-49.356293,,False,5,1,2023-06-16T12:04:00.575690+00:00
CUR_JE702,Curitiba,4106902,0,URBS,303,https://moovitapp.com/index/pt-br/transporte_p%C3%BAblico-line-303_CENTEN%C3%81RIO_CAMPO_COMPRIDO-Curitiba-942-9628-531689-0,-1.0,-25.43051,-49.292841,,False,5,1,2023-06-16T12:04:00.575690+00:00
CUR_JE707,Curitiba,4106902,0,URBS,303,https://moovitapp.com/index/pt-br/transporte_p%C3%BAblico-line-303_CENTEN%C3%81RIO_CAMPO_COMPRIDO-Curitiba-942-9628-531689-0,-1.0,-25.446828,-49.216973,,False,5,1,2023-06-16T12:04:00.575690+00:00
CUR_EA008,Curitiba,4106902,1,,657,,,-25.503741,-49.276488,,False,1,1,2023-06-16T12:03:00.575690+00:00
CUR_EA026,Curitiba,4106902,1,,657,,,-25.495936,-49.280721,,False,1,2,2023-06-16T12:04:00.575690+00:00
CUR_EA021,Curitiba,4106902,1,,521,,,-25.520945,-49.253081,,False,1,2,2023-06-16T12:03:00.575690+00:00
CUR_EA012,Curitiba,4106902,1,,475,,,-25.435821,-49.271463,,False,1,1,2023-06-16T12:04:00.575690+00:00
CUR_EI017,Curitiba,4106902,1,,475,,,-25.484168,-49.235691,,False,1,1,2023-06-16T12:04:00.575690+00:00
CUR_EI020,Curitiba,4106902,1,,475,,,-25.466811,-49.249401,,False,1,2,2023-06-16T12:04:00.575690+00:00
CUR_JI853,Curitiba,4106902,1,,825,,,-25.463686,-49.368266,,False,7,2,2023-06-16T12:02:00.575690+00:00
CUR_GI028,Curitiba,4106902,1,,534,,,-25.521715,-49.239001,,False,1,1,2023-06-16T12:04:00.575690+00:00
CUR_GI025,Curitiba,4106902,1,,534,,,-25.531005,-49.267155,,False,1,2,2023-06-16T12:04:00.575690+00:00
CUR_BC020,Curitiba,4106902,1,,870,,,-25.417213,-49.358021,,False,1,2,2023-06-16T12:00:00.575690+00:00
CUR_BC008,Curitiba,4106902,1,,870,,,-25.429485,-49.284278,,False,1,1,2023-06-16T12:02:00.575690+00:00
CUR_BC014,Curitiba,4106902,1,,870,,,-25.434133,-49.299253,,False,1,1,2023-06-16T12:04:00.575690+00:00
CUR_GI038,Curitiba,4106902,1,,633,,,-25.52038,-49.274095,,False,1,1,2023-06-16T12:04:00.575690+00:00
CUR_GI039,Curitiba,4106902,1,,633,,,-25.518396,-49.277173,,False,1,2,2023-06-16T12:04:00.575690+00:00
CUR_BI006,Curitiba,4106902,1,,374,,,-25.417903,-49.241928,,False,1,2,2023-06-16T12:00:00.575690+00:00
CUR_BI002,Curitiba,4106902,1,,374,,,-25.428103,-49.263441,,False,1,1,2023-06-16T12:03:00.575690+00:00
CUR_BI005,Curitiba,4106902,1,,374,,,-25.409041,-49.22287,,False,1,2,2023-06-16T12:02:00.575690+00:00
CUR_BB610,Curitiba,4106902,1,,020,,,-25.482213,-49.246918,,False,4,,2023-06-16T11:53:00.575690+00:00
CUR_BB612,Curitiba,4106902,1,,020,,,-25.45744,-49.232111,,False,4,,2023-06-16T11:55:00.575690+00:00
CUR_BB606,Curitiba,4106902,1,,020,,,-25.433948,-49.299205,,False,4,,2023-06-16T12:01:00.575690+00:00
CUR_CB602,Curitiba,4106902,1,,020,,,-25.42994,-49.21642,,False,4,,2023-06-16T12:04:00.575690+00:00
CUR_HB611,Curitiba,4106902,1,,020,,,-25.385751,-49.274661,,False,4,,2023-06-16T12:04:00.575690+00:00
CUR_BB604,Curitiba,4106902,1,,020,,,-25.39546,-49.251013,,False,4,,2023-06-16T12:02:00.575690+00:00
CUR_BB609,Curitiba,4106902,1,,020,,,-25.492275,-49.29009,,False,4,,2023-06-16T11:54:00.575690+00:00
CUR_CB603,Curitiba,4106902,1,,020,,,-25.46134,-49.301563,,False,4,,2023-06-16T12:04:00.575690+00:00
CUR_BB620,Curitiba,4106902,1,,020,,,-25.415421,-49.289981,,False,4,,2023-06-16T12:03:00.575690+00:00
CUR_EB603,Curitiba,4106902,1,,020,,,-25.44033,-49.221155,,False,4,,2023-06-16T12:04:00.575690+00:00
CUR_BB614,Curitiba,4106902,1,,020,,,-25.445588,-49.304696,,False,4,,2023-06-16T12:02:00.575690+00:00
CUR_EB606,Curitiba,4106902,1,,020,,,-25.416325,-49.247895,,False,4,,2023-06-16T12:04:00.575690+00:00
CUR_KB604,Curitiba,4106902,1,,020,,,-25.4923,-49.293091,,False,4,,2023-06-16T12:04:00.575690+00:00
CUR_HI611,Curitiba,4106902,1,,684,,,-25.518825,-49.295641,,False,4,2,2023-06-16T12:04:00.575690+00:00
CUR_HA613,Curitiba,4106902,1,,684,,,-25.541466,-49.302526,,False,4,1,2023-06-16T12:04:00.575690+00:00
CUR_HI613,Curitiba,4106902,1,,684,,,-25.576936,-49.331896,,False,4,2,2023-06-16T12:04:00.575690+00:00
CUR_HA615,Curitiba,4106902,1,,684,,,-25.544358,-49.303221,,False,4,1,2023-06-16T12:04:00.575690+00:00
CUR_HI602,Curitiba,4106902,1,,684,,,-25.588366,-49.33481,,False,4,1,2023-06-16T12:04:00.575690+00:00
CUR_EB600,Curitiba,4106902,1,,021,,,-25.454243,-49.304305,,False,4,,2023-06-16T12:04:00.575690+00:00
CUR_KB602,Curitiba,4106902,1,,021,,,-25.410331,-49.248411,,False,4,,2023-06-16T12:04:00.575690+00:00
CUR_BB603,Curitiba,4106902,1,,021,,,-25.439685,-49.222375,,False,4,,2023-06-16T11:58:00.575690+00:00
CUR_XY043,Curitiba,4106902,0,,021,,,-25.417463,-49.246423,,False,3,,2023-06-16T12:04:00.575690+00:00
CUR_EB601,Curitiba,4106902,1,,021,,,-25.492286,-49.290158,,False,4,,2023-06-16T12:04:00.575690+00:00
CUR_BB600,Curitiba,4106902,1,,021,,,-25.483265,-49.298386,,False,4,,2023-06-16T12:02:00.575690+00:00
CUR_BB613,Curitiba,4106902,1,,021,,,-25.415996,-49.290173,,False,4,,2023-06-16T12:03:00.575690+00:00
CUR_CB604,Curitiba,4106902,1,,021,,,-25.482486,-49.245831,,False,4,,2023-06-16T12:04:00.575690+00:00
CUR_BB615,Curitiba,4106902,1,,021,,,-25.489921,-49.27601,,False,4,,2023-06-16T11:49:00.575690+00:00
CUR_GB600,Curitiba,4106902,1,,021,,,-25.402663,-49.251951,,False,4,,2023-06-16T12:04:00.575690+00:00
CUR_GB602,Curitiba,4106902,1,,021,,,-25.437278,-49.312045,,False,4,,2023-06-16T12:04:00.575690+00:00
CUR_DN604,Curitiba,4106902,1,,465,,,-25.43474,-49.272173,,False,7,1,2023-06-16T12:03:00.575690+00:00
CUR_DC854,Curitiba,4106902,1,,477,,,-25.460926,-49.248285,,False,7,2,2023-06-16T12:04:00.575690+00:00
CUR_DC851,Curitiba,4106902,1,,477,,,-25.458461,-49.249865,,False,7,1,2023-06-16T12:04:00.575690+00:00
CUR_EA022,Curitiba,4106902,1,,532,,,-25.529326,-49.241001,,False,1,2,2023-06-16T12:03:00.575690+00:00
CUR_EI002,Curitiba,4106902,1,,523,,,-25.50559,-49.221201,,False,1,2,2023-06-16T12:04:00.575690+00:00
CUR_EI004,Curitiba,4106902,1,,471,,,-25.481531,-49.229695,,False,1,1,2023-06-16T12:04:00.575690+00:00
CUR_EL319,Curitiba,4106902,1,URBS,507,https://moovitapp.com/index/pt-br/transporte_p%C3%BAblico-line-507_S%C3%8DTIO_CERCADO_HOR%C3%81RIO-Curitiba-942-9628-294494-0,-1.0,-25.534531,-49.269631,,False,3,,2023-06-16T12:03:00.575690+00:00
CUR_EL332,Curitiba,4106902,1,URBS,507,https://moovitapp.com/index/pt-br/transporte_p%C3%BAblico-line-507_S%C3%8DTIO_CERCADO_HOR%C3%81RIO-Curitiba-942-9628-294494-0,-1.0,-25.51644,-49.231053,,False,3,,2023-06-16T12:04:00.575690+00:00
CUR_GL305,Curitiba,4106902,0,URBS,507,https://moovitapp.com/index/pt-br/transporte_p%C3%BAblico-line-507_S%C3%8DTIO_CERCADO_HOR%C3%81RIO-Curitiba-942-9628-294494-0,-1.0,-25.434541,-49.264595,,False,3,,2023-06-16T12:04:00.575690+00:00
CUR_EL325,Curitiba,4106902,1,URBS,507,https://moovitapp.com/index/pt-br/transporte_p%C3%BAblico-line-507_S%C3%8DTIO_CERCADO_HOR%C3%81RIO-Curitiba-942-9628-294494-0,-1.0,-25.472451,-49.251736,,False,3,,2023-06-16T12:04:00.575690+00:00
CUR_EL316,Curitiba,4106902,0,URBS,507,https://moovitapp.com/index/pt-br/transporte_p%C3%BAblico-line-507_S%C3%8DTIO_CERCADO_HOR%C3%81RIO-Curitiba-942-9628-294494-0,-1.0,-25.433718,-49.263433,,False,3,,2023-06-16T12:04:00.575690+00:00
CUR_EL322,Curitiba,4106902,1,URBS,507,https://moovitapp.com/index/pt-br/transporte_p%C3%BAblico-line-507_S%C3%8DTIO_CERCADO_HOR%C3%81RIO-Curitiba-942-9628-294494-0,-1.0,-25.45435,-49.285013,,False,3,,2023-06-16T12:04:00.575690+00:00
CUR_EL326,Curitiba,4106902,1,URBS,507,https://moovitapp.com/index/pt-br/transporte_p%C3%BAblico-line-507_S%C3%8DTIO_CERCADO_HOR%C3%81RIO-Curitiba-942-9628-294494-0,-1.0,-25.508761,-49.293918,,False,3,,2023-06-16T12:04:00.575690+00:00
CUR_JI864,Curitiba,4106902,1,,760,,,-25.464925,-49.319485,,False,7,2,2023-06-16T12:04:00.575690+00:00
CUR_JI861,Curitiba,4106902,1,,760,,,-25.439935,-49.276753,,False,7,1,2023-06-16T12:04:00.575690+00:00
CUR_GI015,Curitiba,4106902,1,,541,,,-25.534806,-49.26953,,False,1,2,2023-06-16T12:04:00.575690+00:00
CUR_GI006,Curitiba,4106902,1,,541,,,-25.543588,-49.248646,,False,1,1,2023-06-16T12:04:00.575690+00:00
CUR_JA037,Curitiba,4106902,1,,658,,,-25.497751,-49.34187,,False,1,2,2023-06-16T12:01:00.575690+00:00
CUR_HA193,Curitiba,4106902,1,,658,,,-25.497758,-49.341285,,False,1,1,2023-06-16T12:04:00.575690+00:00
CUR_HI049,Curitiba,4106902,1,,658,,,-25.484301,-49.350035,,False,1,2,2023-06-16T11:59:00.575690+00:00
CUR_JI022,Curitiba,4106902,1,,658,,,-25.491905,-49.293136,,False,1,1,2023-06-16T12:04:00.575690+00:00
CUR_GI050,Curitiba,4106902,1,,641,,,-25.517133,-49.295656,,False,1,2,2023-06-16T12:04:00.575690+00:00
CUR_GI019,Curitiba,4106902,1,,643,,,-25.521248,-49.296106,,False,1,2,2023-06-16T12:04:00.575690+00:00
CUR_GI033,Curitiba,4106902,1,,643,,,-25.544945,-49.294018,,False,1,1,2023-06-16T12:04:00.575690+00:00
CUR_BI867,Curitiba,4106902,1,,237,,,-25.375131,-49.223773,,False,7,,2023-06-16T12:03:00.575690+00:00
CUR_BI874,Curitiba,4106902,1,,275,,,-25.428633,-49.27067,,False,7,1,2023-06-16T12:02:00.575690+00:00
CUR_BI880,Curitiba,4106902,1,,275,,,-25.379801,-49.249315,,False,7,2,2023-06-16T12:03:00.575690+00:00
CUR_BI870,Curitiba,4106902,1,,275,,,-25.392273,-49.258206,,False,7,1,2023-06-16T12:04:00.575690+00:00
CUR_BC006,Curitiba,4106902,1,,168,,,-25.428488,-49.271116,,False,1,1,2023-06-16T11:58:00.575690+00:00
CUR_HI025,Curitiba,4106902,1,,655,,,-25.561006,-49.308016,,False,1,2,2023-06-16T12:00:00.575690+00:00
CUR_HA029,Curitiba,4106902,1,,655,,,-25.521183,-49.295435,,False,1,1,2023-06-16T12:04:00.575690+00:00
CUR_HI022,Curitiba,4106902,1,,772,,,-25.523331,-49.293046,,False,1,1,2023-06-16T12:04:00.575690+00:00
CUR_HI001,Curitiba,4106902,1,,772,,,-25.614205,-49.360856,,False,1,1,2023-06-16T12:00:00.575690+00:00
CUR_HA616,Curitiba,4106902,1,,772,,,-25.616453,-49.344938,,False,4,2,2023-06-16T12:04:00.575690+00:00
CUR_HC304,Curitiba,4106902,1,,380,,,-25.428211,-49.244015,,False,10,2,2023-06-16T12:03:00.575690+00:00
CUR_CC196,Curitiba,4106902,1,,380,,,-25.435016,-49.278316,,False,1,1,2023-06-16T12:04:00.575690+00:00
CUR_CI006,Curitiba,4106902,1,,380,,,-25.427663,-49.241506,,False,1,1,2023-06-16T12:04:00.575690+00:00
CUR_CC302,Curitiba,4106902,1,,380,,,-25.444625,-49.303975,,False,10,2,2023-06-16T12:04:00.575690+00:00
CUR_MI854,Curitiba,4106902,1,,911,,,-25.401545,-49.332035,,False,7,2,2023-06-16T12:04:00.575690+00:00
CUR_DA295,Curitiba,4106902,1,,338,,,-25.475276,-49.239553,,False,1,1,2023-06-16T12:03:00.575690+00:00
CUR_GC012,Curitiba,4106902,1,,338,,,-25.480503,-49.247821,,False,1,2,2023-06-16T12:04:00.575690+00:00
CUR_DA013,Curitiba,4106902,1,,338,,,-25.483306,-49.205188,,False,1,2,2023-06-16T12:03:00.575690+00:00
CUR_DA029,Curitiba,4106902,1,,338,,,-25.495201,-49.208451,,False,1,1,2023-06-16T12:04:00.575690+00:00
CUR_DA301,Curitiba,4106902,1,,338,,,-25.47949,-49.247166,,False,3,2,2023-06-16T12:04:00.575690+00:00
CUR_DC983,Curitiba,4106902,1,,338,,,-25.468913,-49.208321,,False,1,1,2023-06-16T12:03:00.575690+00:00
CUR_EI010,Curitiba,4106902,1,Auto Viação São José,515,https://moovitapp.com/index/pt-br/transporte_p%C3%BAblico-line-515_%E2%9C%88_AEROPORTO_1_SHOPPING_S%C3%83O_JOS%C3%89-Curitiba-942-857412-67925719-0,-1.0,-25.494296,-49.23418,,False,1,2,2023-06-16T12:04:00.575690+00:00
CUR_EI009,Curitiba,4106902,1,Auto Viação São José,515,https://moovitapp.com/index/pt-br/transporte_p%C3%BAblico-line-515_%E2%9C%88_AEROPORTO_1_SHOPPING_S%C3%83O_JOS%C3%89-Curitiba-942-857412-67925719-0,-1.0,-25.490171,-49.236275,,False,1,1,2023-06-16T12:04:00.575690+00:00
CUR_EI003,Curitiba,4106902,1,Auto Viação São José,515,https://moovitapp.com/index/pt-br/transporte_p%C3%BAblico-line-515_%E2%9C%88_AEROPORTO_1_SHOPPING_S%C3%83O_JOS%C3%89-Curitiba-942-857412-67925719-0,-1.0,-25.517131,-49.230563,,False,1,1,2023-06-16T12:04:00.575690+00:00
CUR_EA005,Curitiba,4106902,1,,X07,,,-25.552406,-49.254356,,False,1,2,2023-06-16T12:04:00.575690+00:00
CUR_EI006,Curitiba,4106902,1,,X07,,,-25.534276,-49.268016,,False,1,1,2023-06-16T12:04:00.575690+00:00
CUR_JI004,Curitiba,4106902,1,,719,,,-25.485455,-49.354466,,False,1,1,2023-06-16T12:04:00.575690+00:00
CUR_JI015,Curitiba,4106902,1,,719,,,-25.48015,-49.342371,,False,1,2,2023-06-16T12:04:00.575690+00:00
CUR_JA035,Curitiba,4106902,1,,718,,,-25.484645,-49.345223,,False,1,,2023-06-16T12:04:00.575690+00:00
CUR_BI018,Curitiba,4106902,1,,232,,,-25.376938,-49.22371,,False,1,1,2023-06-16T12:04:00.575690+00:00
CUR_BI021,Curitiba,4106902,1,,232,,,-25.351605,-49.235763,,False,1,2,2023-06-16T12:04:00.575690+00:00
CUR_BA033,Curitiba,4106902,1,,232,,,-25.381968,-49.22998,,False,1,1,2023-06-16T11:53:00.575690+00:00
CUR_KI002,Curitiba,4106902,1,,472,,,-25.500921,-49.209258,,False,1,2,2023-06-16T12:04:00.575690+00:00
CUR_KA299,Curitiba,4106902,1,,472,,,-25.445856,-49.258593,,False,1,1,2023-06-16T12:03:00.575690+00:00
CUR_BI024,Curitiba,4106902,1,,242,,,-25.353393,-49.25667,,False,1,1,2023-06-16T12:03:00.575690+00:00
CUR_JI860,Curitiba,4106902,1,,779,,,-25.460865,-49.328848,,False,7,2,2023-06-16T12:04:00.575690+00:00
CUR_BI879,Curitiba,4106902,1,,311,,,-25.436251,-49.204833,,False,7,2,2023-06-16T12:03:00.575690+00:00
CUR_BI029,Curitiba,4106902,1,,372,,,-25.429866,-49.214861,,False,1,1,2023-06-16T12:02:00.575690+00:00
CUR_BC316,Curitiba,4106902,1,,372,,,-25.426345,-49.258713,,False,10,1,2023-06-16T12:00:00.575690+00:00
CUR_CC301,Curitiba,4106902,1,,372,,,-25.427215,-49.255431,,False,10,2,2023-06-16T12:04:00.575690+00:00
CUR_BC320,Curitiba,4106902,1,,372,,,-25.412998,-49.205238,,False,10,2,2023-06-16T12:02:00.575690+00:00
CUR_BC002,Curitiba,4106902,1,,183,,,-25.355706,-49.27449,,False,1,2,2023-06-16T12:01:00.575690+00:00
CUR_BC023,Curitiba,4106902,1,,183,,,-25.429316,-49.271213,,False,1,1,2023-06-16T12:03:00.575690+00:00
CUR_JA028,Curitiba,4106902,1,,711,,,-25.477226,-49.327031,,False,1,2,2023-06-16T12:04:00.575690+00:00
CUR_BI863,Curitiba,4106902,1,,274,,,-25.367521,-49.259808,,False,7,2,2023-06-16T12:03:00.575690+00:00
CUR_BI868,Curitiba,4106902,1,,274,,,-25.42506,-49.268836,,False,7,1,2023-06-16T12:03:00.575690+00:00
CUR_JI003,Curitiba,4106902,1,,860,,,-25.45265,-49.322968,,False,1,2,2023-06-16T12:04:00.575690+00:00
CUR_JA036,Curitiba,4106902,1,,860,,,-25.443733,-49.290386,,False,1,1,2023-06-16T12:04:00.575690+00:00
CUR_JI018,Curitiba,4106902,1,,860,,,-25.461896,-49.345615,,False,1,1,2023-06-16T12:04:00.575690+00:00
CUR_JC316,Curitiba,4106902,1,,778,,,-25.435148,-49.273081,,False,3,1,2023-06-16T12:04:00.575690+00:00
CUR_JC314,Curitiba,4106902,1,,778,,,-25.477243,-49.327048,,False,3,2,2023-06-16T12:04:00.575690+00:00
CUR_BC314,Curitiba,4106902,1,,371,,,-25.428078,-49.266046,,False,10,1,2023-06-16T11:53:00.575690+00:00
CUR_BC315,Curitiba,4106902,1,,371,,,-25.427411,-49.264133,,False,10,1,2023-06-16T12:04:00.575690+00:00
CUR_BC313,Curitiba,4106902,1,,371,,,-25.415176,-49.213908,,False,10,2,2023-06-16T12:03:00.575690+00:00
CUR_EA602,Curitiba,4106902,1,,528,,,-25.51748,-49.230548,,False,4,2,2023-06-16T12:04:00.575690+00:00
CUR_GI601,Curitiba,4106902,1,,528,,,-25.515491,-49.297255,,False,4,1,2023-06-16T12:04:00.575690+00:00
CUR_GI047,Curitiba,4106902,1,,528,,,-25.550845,-49.2926,,False,1,1,2023-06-16T12:04:00.575690+00:00
CUR_EA010,Curitiba,4106902,1,,528,,,-25.538511,-49.254585,,False,1,2,2023-06-16T12:04:00.575690+00:00
CUR_BC005,Curitiba,4106902,1,,876,,,-25.43131,-49.274548,,False,1,1,2023-06-16T12:03:00.575690+00:00
CUR_BC021,Curitiba,4106902,1,,876,,,-25.413795,-49.336235,,False,1,1,2023-06-16T11:58:00.575690+00:00
CUR_BC004,Curitiba,4106902,1,,876,,,-25.411308,-49.350756,,False,1,1,2023-06-16T12:03:00.575690+00:00
CUR_BI888,Curitiba,4106902,1,,366,,,-25.428721,-49.268796,,False,7,2,2023-06-16T12:03:00.575690+00:00
CUR_BI899,Curitiba,4106902,1,,366,,,-25.423483,-49.257643,,False,7,1,2023-06-16T12:01:00.575690+00:00
CUR_BA039,Curitiba,4106902,1,,342,,,-25.39538,-49.24324,,False,1,1,2023-06-16T11:51:00.575690+00:00
CUR_BI017,Curitiba,4106902,1,,342,,,-25.39063,-49.207126,,False,1,2,2023-06-16T12:04:00.575690+00:00
CUR_BI012,Curitiba,4106902,1,,342,,,-25.387023,-49.216785,,False,1,1,2023-06-16T12:04:00.575690+00:00
CUR_BI025,Curitiba,4106902,1,,816,,,-25.415111,-49.321088,,False,1,1,2023-06-16T12:04:00.575690+00:00
CUR_BI031,Curitiba,4106902,1,,816,,,-25.43048,-49.317275,,False,1,2,2023-06-16T12:04:00.575690+00:00
CUR_HA607,Curitiba,4106902,1,Auto Viação São José,216,https://moovitapp.com/index/pt-br/transporte_p%C3%BAblico-line-216_PIT_PRA%C3%87A_DA_JUVENTUDE_SANTA_F%C3%89_PINDORAMA-Curitiba-942-857412-122004458-0,-1.0,-25.46512,-49.278431,,False,4,1,2023-06-16T12:04:00.575690+00:00
CUR_BA600,Curitiba,4106902,1,Auto Viação São José,216,https://moovitapp.com/index/pt-br/transporte_p%C3%BAblico-line-216_PIT_PRA%C3%87A_DA_JUVENTUDE_SANTA_F%C3%89_PINDORAMA-Curitiba-942-857412-122004458-0,-1.0,-25.417856,-49.248008,,False,4,2,2023-06-16T12:03:00.575690+00:00
CUR_CA600,Curitiba,4106902,1,Auto Viação São José,216,https://moovitapp.com/index/pt-br/transporte_p%C3%BAblico-line-216_PIT_PRA%C3%87A_DA_JUVENTUDE_SANTA_F%C3%89_PINDORAMA-Curitiba-942-857412-122004458-0,-1.0,-25.447575,-49.257818,,False,4,1,2023-06-16T12:04:00.575690+00:00
CUR_BA602,Curitiba,4106902,1,Auto Viação São José,216,https://moovitapp.com/index/pt-br/transporte_p%C3%BAblico-line-216_PIT_PRA%C3%87A_DA_JUVENTUDE_SANTA_F%C3%89_PINDORAMA-Curitiba-942-857412-122004458-0,-1.0,-25.458248,-49.270508,,False,4,1,2023-06-16T11:52:00.575690+00:00
CUR_HI603,Curitiba,4106902,0,Auto Viação São José,216,https://moovitapp.com/index/pt-br/transporte_p%C3%BAblico-line-216_PIT_PRA%C3%87A_DA_JUVENTUDE_SANTA_F%C3%89_PINDORAMA-Curitiba-942-857412-122004458-0,-1.0,-25.453508,-49.266446,,False,4,1,2023-06-16T12:04:00.575690+00:00
CUR_BA603,Curitiba,4106902,1,Auto Viação São José,216,https://moovitapp.com/index/pt-br/transporte_p%C3%BAblico-line-216_PIT_PRA%C3%87A_DA_JUVENTUDE_SANTA_F%C3%89_PINDORAMA-Curitiba-942-857412-122004458-0,-1.0,-25.440458,-49.23971,,False,4,2,2023-06-16T12:03:00.575690+00:00
CUR_HI609,Curitiba,4106902,1,Auto Viação São José,216,https://moovitapp.com/index/pt-br/transporte_p%C3%BAblico-line-216_PIT_PRA%C3%87A_DA_JUVENTUDE_SANTA_F%C3%89_PINDORAMA-Curitiba-942-857412-122004458-0,-1.0,-25.476036,-49.292475,,False,4,1,2023-06-16T12:03:00.575690+00:00
CUR_GA600,Curitiba,4106902,1,Auto Viação São José,216,https://moovitapp.com/index/pt-br/transporte_p%C3%BAblico-line-216_PIT_PRA%C3%87A_DA_JUVENTUDE_SANTA_F%C3%89_PINDORAMA-Curitiba-942-857412-122004458-0,-1.0,-25.417083,-49.251471,,False,4,2,2023-06-16T12:04:00.575690+00:00
CUR_GA601,Curitiba,4106902,1,Auto Viação São José,216,https://moovitapp.com/index/pt-br/transporte_p%C3%BAblico-line-216_PIT_PRA%C3%87A_DA_JUVENTUDE_SANTA_F%C3%89_PINDORAMA-Curitiba-942-857412-122004458-0,-1.0,-25.448843,-49.2573,,False,4,2,2023-06-16T12:04:00.575690+00:00
CUR_CA698,Curitiba,4106902,0,Auto Viação São José,216,https://moovitapp.com/index/pt-br/transporte_p%C3%BAblico-line-216_PIT_PRA%C3%87A_DA_JUVENTUDE_SANTA_F%C3%89_PINDORAMA-Curitiba-942-857412-122004458-0,-1.0,-25.412293,-49.25196,,False,4,1,2023-06-16T12:04:00.575690+00:00
CUR_HI023,Curitiba,4106902,1,,619,,,-25.559216,-49.331195,,False,1,2,2023-06-16T12:04:00.575690+00:00
CUR_HI608,Curitiba,4106902,1,,619,,,-25.511688,-49.324833,,False,4,1,2023-06-16T12:03:00.575690+00:00
CUR_HA619,Curitiba,4106902,1,,685,,,-25.574026,-49.329615,,False,4,2,2023-06-16T12:04:00.575690+00:00
CUR_HI605,Curitiba,4106902,1,,685,,,-25.511646,-49.324185,,False,4,1,2023-06-16T12:03:00.575690+00:00
CUR_HA618,Curitiba,4106902,1,,685,,,-25.521941,-49.330541,,False,4,1,2023-06-16T12:04:00.575690+00:00
CUR_HI610,Curitiba,4106902,1,,685,,,-25.57558,-49.330513,,False,4,1,2023-06-16T12:04:00.575690+00:00
CUR_JI020,Curitiba,4106902,1,,828,,,-25.477385,-49.326806,,False,1,2,2023-06-16T12:04:00.575690+00:00
CUR_JI021,Curitiba,4106902,1,,828,,,-25.478453,-49.325631,,False,1,1,2023-06-16T12:04:00.575690+00:00
CUR_HI008,Curitiba,4106902,1,,828,,,-25.441291,-49.345193,,False,1,2,2023-06-16T12:04:00.575690+00:00
CUR_HI859,Curitiba,4106902,1,,865,,,-25.437538,-49.304528,,False,7,1,2023-06-16T12:04:00.575690+00:00
CUR_GE611,Curitiba,4106902,0,URBS,602,https://moovitapp.com/index/pt-br/transporte_p%C3%BAblico-line-602_CIRCULAR_SUL_ANTI_HOR%C3%81RIO-Curitiba-942-9628-294517-0,-1.0,-25.50059,-49.296096,,False,4,,2023-06-16T12:04:00.575690+00:00
CUR_GE713,Curitiba,4106902,0,URBS,602,https://moovitapp.com/index/pt-br/transporte_p%C3%BAblico-line-602_CIRCULAR_SUL_ANTI_HOR%C3%81RIO-Curitiba-942-9628-294517-0,-1.0,-25.479933,-49.292338,,False,5,,2023-06-16T12:03:00.575690+00:00
CUR_GE604,Curitiba,4106902,0,URBS,602,https://moovitapp.com/index/pt-br/transporte_p%C3%BAblico-line-602_CIRCULAR_SUL_ANTI_HOR%C3%81RIO-Curitiba-942-9628-294517-0,-1.0,-25.47069,-49.252556,,False,4,,2023-06-16T12:04:00.575690+00:00
CUR_HE606,Curitiba,4106902,0,URBS,602,https://moovitapp.com/index/pt-br/transporte_p%C3%BAblico-line-602_CIRCULAR_SUL_ANTI_HOR%C3%81RIO-Curitiba-942-9628-294517-0,-1.0,-25.500591,-49.238048,,False,4,,2023-06-16T12:04:00.575690+00:00
CUR_HE607,Curitiba,4106902,0,URBS,602,https://moovitapp.com/index/pt-br/transporte_p%C3%BAblico-line-602_CIRCULAR_SUL_ANTI_HOR%C3%81RIO-Curitiba-942-9628-294517-0,-1.0,-25.526856,-49.237125,,False,4,,2023-06-16T12:04:00.575690+00:00
CUR_HE608,Curitiba,4106902,0,URBS,602,https://moovitapp.com/index/pt-br/transporte_p%C3%BAblico-line-602_CIRCULAR_SUL_ANTI_HOR%C3%81RIO-Curitiba-942-9628-294517-0,-1.0,-25.534398,-49.268471,,False,4,,2023-06-16T12:04:00.575690+00:00
CUR_HE604,Curitiba,4106902,0,URBS,602,https://moovitapp.com/index/pt-br/transporte_p%C3%BAblico-line-602_CIRCULAR_SUL_ANTI_HOR%C3%81RIO-Curitiba-942-9628-294517-0,-1.0,-25.493821,-49.293961,,False,4,,2023-06-16T12:04:00.575690+00:00
CUR_GE608,Curitiba,4106902,0,URBS,602,https://moovitapp.com/index/pt-br/transporte_p%C3%BAblico-line-602_CIRCULAR_SUL_ANTI_HOR%C3%81RIO-Curitiba-942-9628-294517-0,-1.0,-25.530936,-49.287655,,False,4,,2023-06-16T12:04:00.575690+00:00
CUR_HE611,Curitiba,4106902,0,URBS,602,https://moovitapp.com/index/pt-br/transporte_p%C3%BAblico-line-602_CIRCULAR_SUL_ANTI_HOR%C3%81RIO-Curitiba-942-9628-294517-0,-1.0,-25.477481,-49.285181,,False,4,,2023-06-16T12:04:00.575690+00:00
CUR_HI031,Curitiba,4106902,1,,801,,,-25.43589,-49.307016,,False,1,1,2023-06-16T12:04:00.575690+00:00
CUR_HC300,Curitiba,4106902,1,,801,,,-25.432251,-49.271263,,False,10,2,2023-06-16T12:03:00.575690+00:00
CUR_HC500,Curitiba,4106902,1,,801,,,-25.448211,-49.297928,,False,2,2,2023-06-16T12:04:00.575690+00:00
CUR_JC318,Curitiba,4106902,1,,801,,,-25.440888,-49.283711,,False,10,1,2023-06-16T12:04:00.575690+00:00
CUR_HC301,Curitiba,4106902,1,,801,,,-25.441363,-49.284341,,False,10,2,2023-06-16T12:04:00.575690+00:00
CUR_HL305,Curitiba,4106902,0,URBS,024,https://moovitapp.com/index/pt-br/transporte_p%C3%BAblico-line-024_CAP%C3%83O_RASO_CAMPINA_DO_SIQUEIRA-Curitiba-942-9628-1323693-0,-1.0,-25.491395,-49.293835,,False,3,2,2023-06-16T12:03:00.575690+00:00
CUR_MI851,Curitiba,4106902,1,Auto Viação São José,150,https://moovitapp.com/index/pt-br/transporte_p%C3%BAblico-line-150_T_AFONSO_PENA_PIT_BORDA_DO_CAMPO-Curitiba-942-857412-53904521-0,-1.0,-25.420066,-49.277598,,False,7,2,2023-06-16T12:04:00.575690+00:00
CUR_DA033,Curitiba,4106902,1,,621,,,-25.481566,-49.248815,,False,1,2,2023-06-16T12:04:00.575690+00:00
CUR_DA298,Curitiba,4106902,1,,621,,,-25.492115,-49.293223,,False,1,2,2023-06-16T12:04:00.575690+00:00
CUR_EI011,Curitiba,4106902,1,,X03,,,-25.534016,-49.234723,,False,1,1,2023-06-16T12:04:00.575690+00:00
CUR_EI015,Curitiba,4106902,1,,511,,,-25.503906,-49.260648,,False,1,1,2023-06-16T12:02:00.575690+00:00
CUR_EI019,Curitiba,4106902,1,,511,,,-25.488638,-49.252088,,False,1,2,2023-06-16T12:04:00.575690+00:00
CUR_EA023,Curitiba,4106902,1,Auto Viação São José,531,https://moovitapp.com/index/pt-br/transporte_p%C3%BAblico-line-531_BAIRRO_A_BAIRRO_1-Curitiba-942-857412-1570571-0,-1.0,-25.523055,-49.242766,,False,1,2,2023-06-16T12:04:00.575690+00:00
CUR_EA024,Curitiba,4106902,1,Auto Viação São José,531,https://moovitapp.com/index/pt-br/transporte_p%C3%BAblico-line-531_BAIRRO_A_BAIRRO_1-Curitiba-942-857412-1570571-0,-1.0,-25.5418,-49.245995,,False,1,1,2023-06-16T12:04:00.575690+00:00
CUR_BA025,Curitiba,4106902,1,,233,,,-25.371463,-49.210025,,False,1,,2023-06-16T12:02:00.575690+00:00
CUR_BA010,Curitiba,4106902,1,,822,,,-25.437798,-49.361506,,False,1,2,2023-06-16T12:03:00.575690+00:00
CUR_BA011,Curitiba,4106902,1,,822,,,-25.441641,-49.346465,,False,1,1,2023-06-16T12:03:00.575690+00:00
CUR_BL340,Curitiba,4106902,1,URBS,256,https://moovitapp.com/index/pt-br/transporte_p%C3%BAblico-line-256_BARREIRINHA_GUADALUPE-Curitiba-942-9628-398191-0,-1.0,-25.421955,-49.268386,,False,3,1,2023-06-16T12:03:00.575690+00:00
CUR_BL300,Curitiba,4106902,0,URBS,256,https://moovitapp.com/index/pt-br/transporte_p%C3%BAblico-line-256_BARREIRINHA_GUADALUPE-Curitiba-942-9628-398191-0,-1.0,-25.427096,-49.264903,,False,3,1,2023-06-16T12:03:00.575690+00:00
CUR_BI007,Curitiba,4106902,1,Auto Viação São José,211,https://moovitapp.com/index/pt-br/transporte_p%C3%BAblico-line-211_PIT_PRA%C3%87A_DA_JUVENTUDE_IZAURA_IP%C3%8A-Curitiba-942-857412-73553392-0,-1.0,-25.396405,-49.225323,,False,1,2,2023-06-16T11:53:00.575690+00:00
CUR_BI001,Curitiba,4106902,1,Auto Viação São José,211,https://moovitapp.com/index/pt-br/transporte_p%C3%BAblico-line-211_PIT_PRA%C3%87A_DA_JUVENTUDE_IZAURA_IP%C3%8A-Curitiba-942-857412-73553392-0,-1.0,-25.403421,-49.215573,,False,1,2,2023-06-16T12:03:00.575690+00:00
CUR_BI004,Curitiba,4106902,1,Auto Viação São José,211,https://moovitapp.com/index/pt-br/transporte_p%C3%BAblico-line-211_PIT_PRA%C3%87A_DA_JUVENTUDE_IZAURA_IP%C3%8A-Curitiba-942-857412-73553392-0,-1.0,-25.405693,-49.247301,,False,1,1,2023-06-16T12:01:00.575690+00:00
CUR_BI003,Curitiba,4106902,1,Auto Viação São José,211,https://moovitapp.com/index/pt-br/transporte_p%C3%BAblico-line-211_PIT_PRA%C3%87A_DA_JUVENTUDE_IZAURA_IP%C3%8A-Curitiba-942-857412-73553392-0,-1.0,-25.408833,-49.224223,,False,1,2,2023-06-16T12:03:00.575690+00:00
CUR_HI046,Curitiba,4106902,1,,615,,,-25.477728,-49.292285,,False,1,1,2023-06-16T12:04:00.575690+00:00
CUR_HI600,Curitiba,4106902,1,,646,,,-25.552291,-49.304965,,False,4,1,2023-06-16T12:04:00.575690+00:00
CUR_HA030,Curitiba,4106902,1,,646,,,-25.598966,-49.330271,,False,1,2,2023-06-16T12:04:00.575690+00:00
CUR_HI021,Curitiba,4106902,1,,646,,,-25.517125,-49.295673,,False,1,2,2023-06-16T12:04:00.575690+00:00
CUR_GE727,Curitiba,4106902,0,URBS,550,https://moovitapp.com/index/pt-br/transporte_p%C3%BAblico-line-550_LIGEIR%C3%83O_PINHEIRINHO_CARLOS_GOMES-Curitiba-942-9628-1254061-0,-1.0,-25.473886,-49.25782,,False,5,2,2023-06-16T12:04:00.575690+00:00
CUR_HE719,Curitiba,4106902,0,URBS,550,https://moovitapp.com/index/pt-br/transporte_p%C3%BAblico-line-550_LIGEIR%C3%83O_PINHEIRINHO_CARLOS_GOMES-Curitiba-942-9628-1254061-0,-1.0,-25.435393,-49.268501,,False,5,1,2023-06-16T12:02:00.575690+00:00
CUR_HE716,Curitiba,4106902,0,URBS,550,https://moovitapp.com/index/pt-br/transporte_p%C3%BAblico-line-550_LIGEIR%C3%83O_PINHEIRINHO_CARLOS_GOMES-Curitiba-942-9628-1254061-0,-1.0,-25.444045,-49.265601,,False,5,2,2023-06-16T12:03:00.575690+00:00
CUR_HE702,Curitiba,4106902,0,URBS,550,https://moovitapp.com/index/pt-br/transporte_p%C3%BAblico-line-550_LIGEIR%C3%83O_PINHEIRINHO_CARLOS_GOMES-Curitiba-942-9628-1254061-0,-1.0,-25.496618,-49.276156,,False,5,1,2023-06-16T12:04:00.575690+00:00
CUR_GE706,Curitiba,4106902,0,URBS,550,https://moovitapp.com/index/pt-br/transporte_p%C3%BAblico-line-550_LIGEIR%C3%83O_PINHEIRINHO_CARLOS_GOMES-Curitiba-942-9628-1254061-0,-1.0,-25.467456,-49.253861,,False,5,2,2023-06-16T12:04:00.575690+00:00
CUR_GE702,Curitiba,4106902,0,URBS,550,https://moovitapp.com/index/pt-br/transporte_p%C3%BAblico-line-550_LIGEIR%C3%83O_PINHEIRINHO_CARLOS_GOMES-Curitiba-942-9628-1254061-0,-1.0,-25.438156,-49.268621,,False,5,1,2023-06-16T12:04:00.575690+00:00
CUR_GE724,Curitiba,4106902,0,URBS,550,https://moovitapp.com/index/pt-br/transporte_p%C3%BAblico-line-550_LIGEIR%C3%83O_PINHEIRINHO_CARLOS_GOMES-Curitiba-942-9628-1254061-0,-1.0,-25.462388,-49.25663,,False,5,1,2023-06-16T12:03:00.575690+00:00
CUR_HE711,Curitiba,4106902,0,URBS,550,https://moovitapp.com/index/pt-br/transporte_p%C3%BAblico-line-550_LIGEIR%C3%83O_PINHEIRINHO_CARLOS_GOMES-Curitiba-942-9628-1254061-0,-1.0,-25.518596,-49.2928,,False,5,1,2023-06-16T12:03:00.575690+00:00
CUR_HA017,Curitiba,4106902,1,,653,,,-25.511555,-49.324368,,False,1,1,2023-06-16T12:03:00.575690+00:00
CUR_HA199,Curitiba,4106902,1,,653,,,-25.506561,-49.355776,,False,1,2,2023-06-16T12:04:00.575690+00:00
CUR_GI021,Curitiba,4106902,1,,636,,,-25.517773,-49.295586,,False,1,1,2023-06-16T12:04:00.575690+00:00
CUR_GI009,Curitiba,4106902,1,,616,,,-25.47161,-49.277011,,False,1,1,2023-06-16T12:04:00.575690+00:00
CUR_GI851,Curitiba,4106902,1,,616,,,-25.485251,-49.286956,,False,7,1,2023-06-16T12:04:00.575690+00:00
CUR_GI029,Curitiba,4106902,1,,631,,,-25.518803,-49.287218,,False,1,,2023-06-16T12:02:00.575690+00:00
CUR_GI045,Curitiba,4106902,1,,635,,,-25.540796,-49.29245,,False,1,2,2023-06-16T12:04:00.575690+00:00
CUR_GI002,Curitiba,4106902,1,,553,,,-25.558761,-49.259501,,False,1,2,2023-06-16T12:04:00.575690+00:00
CUR_GI005,Curitiba,4106902,1,,553,,,-25.534215,-49.267803,,False,1,1,2023-06-16T12:04:00.575690+00:00
CUR_JI016,Curitiba,4106902,1,,721,,,-25.492406,-49.34652,,False,1,2,2023-06-16T12:04:00.575690+00:00
CUR_JA301,Curitiba,4106902,1,,826,,,-25.483805,-49.347353,,False,3,1,2023-06-16T12:04:00.575690+00:00
CUR_HI013,Curitiba,4106902,1,,826,,,-25.492581,-49.343633,,False,1,2,2023-06-16T12:04:00.575690+00:00
CUR_HA024,Curitiba,4106902,1,,826,,,-25.441546,-49.3467,,False,1,1,2023-06-16T12:04:00.575690+00:00
CUR_JI862,Curitiba,4106902,1,,713,,,-25.491381,-49.328555,,False,7,1,2023-06-16T12:04:00.575690+00:00
CUR_DA023,Curitiba,4106902,1,,336,,,-25.469105,-49.207848,,False,1,1,2023-06-16T12:04:00.575690+00:00
CUR_JI866,Curitiba,4106902,1,,862,,,-25.452778,-49.323631,,False,7,1,2023-06-16T12:03:00.575690+00:00
CUR_BI859,Curitiba,4106902,1,,862,,,-25.428686,-49.271235,,False,7,1,2023-06-16T12:00:00.575690+00:00
CUR_HA198,Curitiba,4106902,1,,612,,,-25.48791,-49.320048,,False,1,2,2023-06-16T12:04:00.575690+00:00
CUR_BI016,Curitiba,4106902,1,,341,,,-25.405588,-49.196366,,False,1,2,2023-06-16T12:04:00.575690+00:00
CUR_CI005,Curitiba,4106902,1,,341,,,-25.394736,-49.206871,,False,1,1,2023-06-16T12:04:00.575690+00:00
CUR_CI001,Curitiba,4106902,1,,341,,,-25.385308,-49.203788,,False,1,2,2023-06-16T12:04:00.575690+00:00
CUR_BI886,Curitiba,4106902,1,,244,,,-25.377063,-49.262673,,False,7,1,2023-06-16T12:01:00.575690+00:00
CUR_BI901,Curitiba,4106902,1,,176,,,-25.39269,-49.27275,,False,7,2,2023-06-16T12:00:00.575690+00:00
CUR_DC294,Curitiba,4106902,1,,474,,,-25.435336,-49.265311,,False,1,1,2023-06-16T12:04:00.575690+00:00
CUR_BC013,Curitiba,4106902,1,,205,,,-25.397845,-49.258773,,False,1,2,2023-06-16T12:03:00.575690+00:00
CUR_BC311,Curitiba,4106902,1,,205,,,-25.428368,-49.270928,,False,3,1,2023-06-16T12:03:00.575690+00:00
CUR_BC309,Curitiba,4106902,1,,205,,,-25.426011,-49.27052,,False,3,1,2023-06-16T11:59:00.575690+00:00
CUR_BC301,Curitiba,4106902,1,,205,,,-25.377646,-49.262363,,False,3,2,2023-06-16T12:02:00.575690+00:00
CUR_BC307,Curitiba,4106902,1,,205,,,-25.411431,-49.254668,,False,3,1,2023-06-16T12:03:00.575690+00:00
CUR_BC300,Curitiba,4106902,1,,170,,,-25.412763,-49.2798,,False,3,2,2023-06-16T12:02:00.575690+00:00
CUR_BC321,Curitiba,4106902,1,,170,,,-25.402723,-49.282773,,False,3,1,2023-06-16T12:03:00.575690+00:00
CUR_BC322,Curitiba,4106902,1,,170,,,-25.426931,-49.271106,,False,3,1,2023-06-16T12:00:00.575690+00:00
CUR_BI019,Curitiba,4106902,1,,231,,,-25.37683,-49.223693,,False,1,2,2023-06-16T11:59:00.575690+00:00
CUR_DN606,Curitiba,4106902,0,,387,,,-25.462366,-49.21776,,False,7,2,2023-06-16T12:04:00.575690+00:00
CUR_BC011,Curitiba,4106902,1,,166,,,-25.391385,-49.297395,,False,1,2,2023-06-16T12:04:00.575690+00:00
CUR_BC012,Curitiba,4106902,1,,166,,,-25.426455,-49.273603,,False,1,1,2023-06-16T12:03:00.575690+00:00
CUR_HL315,Curitiba,4106902,0,URBS,X35,https://moovitapp.com/index/pt-br/transporte_p%C3%BAblico-line-X35_PINHEIRINHO_PREFEITURA-Curitiba-942-9628-778958-0,-1.0,-25.445128,-49.272396,,False,3,1,2023-06-16T12:04:00.575690+00:00
CUR_HL303,Curitiba,4106902,0,URBS,X35,https://moovitapp.com/index/pt-br/transporte_p%C3%BAblico-line-X35_PINHEIRINHO_PREFEITURA-Curitiba-942-9628-778958-0,-1.0,-25.416665,-49.268145,,False,3,1,2023-06-16T12:04:00.575690+00:00
CUR_GE607,Curitiba,4106902,0,URBS,350,https://moovitapp.com/index/pt-br/transporte_p%C3%BAblico-line-350_FAGUNDES_VARELA_PINHEIRINHO-Curitiba-942-9628-52482798-0,-1.0,-25.420423,-49.224953,,False,4,1,2023-06-16T12:03:00.575690+00:00
CUR_HE718,Curitiba,4106902,0,URBS,350,https://moovitapp.com/index/pt-br/transporte_p%C3%BAblico-line-350_FAGUNDES_VARELA_PINHEIRINHO-Curitiba-942-9628-52482798-0,-1.0,-25.509878,-49.28688,,False,5,1,2023-06-16T12:04:00.575690+00:00
CUR_BE718,Curitiba,4106902,0,URBS,350,https://moovitapp.com/index/pt-br/transporte_p%C3%BAblico-line-350_FAGUNDES_VARELA_PINHEIRINHO-Curitiba-942-9628-52482798-0,-1.0,-25.461543,-49.250721,,False,5,1,2023-06-16T12:03:00.575690+00:00
CUR_BL324,Curitiba,4106902,0,URBS,023,https://moovitapp.com/index/pt-br/transporte_p%C3%BAblico-line-023_INTER_2_ANTI_HOR%C3%81RIO-Curitiba-942-9628-398189-0,-1.0,-25.416988,-49.241541,,False,3,,2023-06-16T12:04:00.575690+00:00
CUR_BL311,Curitiba,4106902,0,URBS,023,https://moovitapp.com/index/pt-br/transporte_p%C3%BAblico-line-023_INTER_2_ANTI_HOR%C3%81RIO-Curitiba-942-9628-398189-0,-1.0,-25.486691,-49.256163,,False,3,,2023-06-16T12:02:00.575690+00:00
CUR_EL602,Curitiba,4106902,0,URBS,023,https://moovitapp.com/index/pt-br/transporte_p%C3%BAblico-line-023_INTER_2_ANTI_HOR%C3%81RIO-Curitiba-942-9628-398189-0,-1.0,-25.439631,-49.222158,,False,4,,2023-06-16T12:04:00.575690+00:00
CUR_BL330,Curitiba,4106902,0,URBS,023,https://moovitapp.com/index/pt-br/transporte_p%C3%BAblico-line-023_INTER_2_ANTI_HOR%C3%81RIO-Curitiba-942-9628-398189-0,-1.0,-25.417261,-49.247958,,False,3,,2023-06-16T12:03:00.575690+00:00
CUR_BL611,Curitiba,4106902,0,URBS,023,https://moovitapp.com/index/pt-br/transporte_p%C3%BAblico-line-023_INTER_2_ANTI_HOR%C3%81RIO-Curitiba-942-9628-398189-0,-1.0,-25.456311,-49.303556,,False,4,,2023-06-16T12:03:00.575690+00:00
CUR_BL609,Curitiba,4106902,0,URBS,023,https://moovitapp.com/index/pt-br/transporte_p%C3%BAblico-line-023_INTER_2_ANTI_HOR%C3%81RIO-Curitiba-942-9628-398189-0,-1.0,-25.452245,-49.22873,,False,4,,2023-06-16T12:04:00.575690+00:00
CUR_MR800,Curitiba,4106902,0,URBS,023,https://moovitapp.com/index/pt-br/transporte_p%C3%BAblico-line-023_INTER_2_ANTI_HOR%C3%81RIO-Curitiba-942-9628-398189-0,-1.0,-25.415546,-49.262198,,False,4,,2023-06-16T12:02:00.575690+00:00
CUR_HL602,Curitiba,4106902,0,URBS,023,https://moovitapp.com/index/pt-br/transporte_p%C3%BAblico-line-023_INTER_2_ANTI_HOR%C3%81RIO-Curitiba-942-9628-398189-0,-1.0,-25.456813,-49.30339,,False,4,,2023-06-16T12:04:00.575690+00:00
CUR_BL331,Curitiba,4106902,0,URBS,023,https://moovitapp.com/index/pt-br/transporte_p%C3%BAblico-line-023_INTER_2_ANTI_HOR%C3%81RIO-Curitiba-942-9628-398189-0,-1.0,-25.48142,-49.246851,,False,3,,2023-06-16T12:00:00.575690+00:00
CUR_HL698,Curitiba,4106902,0,URBS,023,https://moovitapp.com/index/pt-br/transporte_p%C3%BAblico-line-023_INTER_2_ANTI_HOR%C3%81RIO-Curitiba-942-9628-398189-0,-1.0,-25.440393,-49.309035,,False,4,,2023-06-16T12:04:00.575690+00:00
CUR_CL600,Curitiba,4106902,0,URBS,023,https://moovitapp.com/index/pt-br/transporte_p%C3%BAblico-line-023_INTER_2_ANTI_HOR%C3%81RIO-Curitiba-942-9628-398189-0,-1.0,-25.421613,-49.291621,,False,4,,2023-06-16T12:04:00.575690+00:00
CUR_GL600,Curitiba,4106902,0,URBS,023,https://moovitapp.com/index/pt-br/transporte_p%C3%BAblico-line-023_INTER_2_ANTI_HOR%C3%81RIO-Curitiba-942-9628-398189-0,-1.0,-25.434628,-49.306836,,False,4,,2023-06-16T12:04:00.575690+00:00
CUR_DR801,Curitiba,4106902,0,URBS,023,https://moovitapp.com/index/pt-br/transporte_p%C3%BAblico-line-023_INTER_2_ANTI_HOR%C3%81RIO-Curitiba-942-9628-398189-0,-1.0,-25.419213,-49.290976,,False,4,,2023-06-16T12:04:00.575690+00:00
CUR_BL603,Curitiba,4106902,0,URBS,023,https://moovitapp.com/index/pt-br/transporte_p%C3%BAblico-line-023_INTER_2_ANTI_HOR%C3%81RIO-Curitiba-942-9628-398189-0,-1.0,-25.496241,-49.270308,,False,4,,2023-06-16T12:03:00.575690+00:00
CUR_BI860,Curitiba,4106902,1,,224,,,-25.377923,-49.241245,,False,7,,2023-06-16T11:53:00.575690+00:00
CUR_DA850,Curitiba,4106902,1,,466,,,-25.449348,-49.230028,,False,7,2,2023-06-16T12:04:00.575690+00:00
CUR_BB308,Curitiba,4106902,1,,011,,,-25.431068,-49.254128,,False,10,,2023-06-16T11:59:00.575690+00:00
CUR_BB305,Curitiba,4106902,1,,011,,,-25.417293,-49.282011,,False,10,,2023-06-16T12:04:00.575690+00:00
CUR_BI027,Curitiba,4106902,1,,011,,,-25.451731,-49.264775,,False,1,,2023-06-16T12:04:00.575690+00:00
CUR_GI018,Curitiba,4106902,1,,625,,,-25.534501,-49.268411,,False,1,2,2023-06-16T12:03:00.575690+00:00
CUR_GI041,Curitiba,4106902,1,,625,,,-25.506241,-49.284176,,False,1,1,2023-06-16T12:04:00.575690+00:00
CUR_GI036,Curitiba,4106902,1,,625,,,-25.50699,-49.285358,,False,1,2,2023-06-16T12:04:00.575690+00:00
CUR_BC001,Curitiba,4106902,1,,375,,,-25.427021,-49.257791,,False,1,1,2023-06-16T12:03:00.575690+00:00
CUR_BC932,Curitiba,4106902,1,,365,,,-25.419016,-49.234345,,False,7,1,2023-06-16T12:03:00.575690+00:00
CUR_BI881,Curitiba,4106902,1,,385,,,-25.433263,-49.235256,,False,7,2,2023-06-16T11:59:00.575690+00:00
CUR_GI020,Curitiba,4106902,1,,639,,,-25.52816,-49.292293,,False,1,1,2023-06-16T12:04:00.575690+00:00
CUR_GI026,Curitiba,4106902,1,,639,,,-25.528008,-49.292091,,False,1,2,2023-06-16T12:02:00.575690+00:00
CUR_GI017,Curitiba,4106902,1,,639,,,-25.568023,-49.282586,,False,1,2,2023-06-16T12:04:00.575690+00:00
CUR_DC293,Curitiba,4106902,1,,332,,,-25.469285,-49.20749,,False,1,,2023-06-16T12:04:00.575690+00:00
CUR_DA296,Curitiba,4106902,1,,332,,,-25.472913,-49.194618,,False,1,,2023-06-16T12:04:00.575690+00:00
CUR_DC086,Curitiba,4106902,1,,323,,,-25.45252,-49.214715,,False,1,,2023-06-16T12:04:00.575690+00:00
CUR_BB302,Curitiba,4106902,1,,010,,,-25.4207,-49.281481,,False,10,,2023-06-16T12:04:00.575690+00:00
CUR_BB307,Curitiba,4106902,1,,010,,,-25.449483,-49.254178,,False,10,,2023-06-16T12:00:00.575690+00:00
CUR_BB309,Curitiba,4106902,1,,010,,,-25.41456,-49.279155,,False,10,,2023-06-16T11:52:00.575690+00:00
CUR_HI858,Curitiba,4106902,1,,814,,,-25.434535,-49.310335,,False,7,1,2023-06-16T12:04:00.575690+00:00
CUR_JI019,Curitiba,4106902,1,,777,,,-25.435175,-49.27326,,False,1,1,2023-06-16T12:04:00.575690+00:00
CUR_JI017,Curitiba,4106902,1,,777,,,-25.454523,-49.302561,,False,1,2,2023-06-16T12:03:00.575690+00:00
CUR_JA029,Curitiba,4106902,1,,777,,,-25.45332,-49.2936,,False,1,1,2023-06-16T12:04:00.575690+00:00
CUR_HI012,Curitiba,4106902,1,,712,,,-25.511423,-49.327773,,False,1,1,2023-06-16T12:04:00.575690+00:00
CUR_JI008,Curitiba,4106902,1,,712,,,-25.481663,-49.329661,,False,1,2,2023-06-16T12:04:00.575690+00:00
CUR_JI863,Curitiba,4106902,1,,762,,,-25.46617,-49.300531,,False,7,2,2023-06-16T12:04:00.575690+00:00
CUR_JI865,Curitiba,4106902,1,,762,,,-25.445926,-49.274346,,False,7,1,2023-06-16T12:04:00.575690+00:00
CUR_HI860,Curitiba,4106902,1,,674,,,-25.500176,-49.324743,,False,7,2,2023-06-16T12:03:00.575690+00:00
CUR_HC851,Curitiba,4106902,1,,674,,,-25.44983,-49.284485,,False,7,1,2023-06-16T12:04:00.575690+00:00
CUR_HI034,Curitiba,4106902,1,,628,,,-25.552113,-49.334136,,False,1,2,2023-06-16T12:04:00.575690+00:00
CUR_HA194,Curitiba,4106902,1,,628,,,-25.49743,-49.303486,,False,1,1,2023-06-16T12:04:00.575690+00:00
CUR_BC027,Curitiba,4106902,1,,182,,,-25.368948,-49.27059,,False,1,2,2023-06-16T12:04:00.575690+00:00
CUR_BC305,Curitiba,4106902,1,,182,,,-25.407568,-49.271728,,False,3,1,2023-06-16T12:03:00.575690+00:00
CUR_BC306,Curitiba,4106902,1,,182,,,-25.422168,-49.269768,,False,3,1,2023-06-16T12:02:00.575690+00:00
CUR_BI884,Curitiba,4106902,1,Auto Viação São José,214,https://moovitapp.com/index/pt-br/transporte_p%C3%BAblico-line-214_PIT_PRA%C3%87A_DA_JUVENTUDE_CRISTAL_BLANCO_POMBO_ANTI_HOR%C3%81RIO-Curitiba-942-857412-119631273-0,-1.0,-25.391115,-49.224435,,False,7,2,2023-06-16T12:00:00.575690+00:00
CUR_BI862,Curitiba,4106902,1,Auto Viação São José,214,https://moovitapp.com/index/pt-br/transporte_p%C3%BAblico-line-214_PIT_PRA%C3%87A_DA_JUVENTUDE_CRISTAL_BLANCO_POMBO_ANTI_HOR%C3%81RIO-Curitiba-942-857412-119631273-0,-1.0,-25.380991,-49.2219,,False,7,1,2023-06-16T12:04:00.575690+00:00
CUR_HI854,Curitiba,4106902,1,,673,,,-25.456568,-49.286036,,False,7,1,2023-06-16T12:04:00.575690+00:00
CUR_HI026,Curitiba,4106902,1,,680,,,-25.523598,-49.29322,,False,1,1,2023-06-16T12:04:00.575690+00:00
CUR_HI033,Curitiba,4106902,1,,680,,,-25.576116,-49.331035,,False,1,2,2023-06-16T12:04:00.575690+00:00
CUR_BI866,Curitiba,4106902,1,Auto Viação São José,212,https://moovitapp.com/index/pt-br/transporte_p%C3%BAblico-line-212_PIT_PRA%C3%87A_DA_JUVENTUDE_SANTA_F%C3%89_CRISTAL-Curitiba-942-857412-73656311-0,-1.0,-25.395915,-49.222371,,False,7,1,2023-06-16T11:56:00.575690+00:00
CUR_BI857,Curitiba,4106902,1,Auto Viação São José,212,https://moovitapp.com/index/pt-br/transporte_p%C3%BAblico-line-212_PIT_PRA%C3%87A_DA_JUVENTUDE_SANTA_F%C3%89_CRISTAL-Curitiba-942-857412-73656311-0,-1.0,-25.400065,-49.245206,,False,7,1,2023-06-16T11:52:00.575690+00:00
CUR_HB608,Curitiba,4106902,1,,060,,,-25.483623,-49.350163,,False,4,1,2023-06-16T12:04:00.575690+00:00
CUR_HB695,Curitiba,4106902,1,,060,,,-25.442053,-49.351015,,False,4,2,2023-06-16T12:04:00.575690+00:00
CUR_HB607,Curitiba,4106902,1,,060,,,-25.471911,-49.35277,,False,4,2,2023-06-16T12:04:00.575690+00:00
CUR_HB609,Curitiba,4106902,1,,060,,,-25.520656,-49.294955,,False,4,1,2023-06-16T12:04:00.575690+00:00
CUR_HB606,Curitiba,4106902,1,,060,,,-25.53168,-49.309346,,False,4,2,2023-06-16T12:04:00.575690+00:00
CUR_DL301,Curitiba,4106902,0,URBS,305,https://moovitapp.com/index/pt-br/transporte_p%C3%BAblico-line-305_CENTEN%C3%81RIO-Curitiba-942-9628-294271-0,-1.0,-25.467003,-49.21496,,False,3,2,2023-06-16T12:04:00.575690+00:00
CUR_DL314,Curitiba,4106902,0,URBS,305,https://moovitapp.com/index/pt-br/transporte_p%C3%BAblico-line-305_CENTEN%C3%81RIO-Curitiba-942-9628-294271-0,-1.0,-25.42905,-49.263856,,False,3,1,2023-06-16T12:04:00.575690+00:00
CUR_DL308,Curitiba,4106902,0,URBS,305,https://moovitapp.com/index/pt-br/transporte_p%C3%BAblico-line-305_CENTEN%C3%81RIO-Curitiba-942-9628-294271-0,-1.0,-25.441991,-49.248068,,False,3,1,2023-06-16T12:04:00.575690+00:00
CUR_BC850,Curitiba,4106902,1,,386,,,-25.43122,-49.239796,,False,7,1,2023-06-16T12:03:00.575690+00:00
CUR_BI900,Curitiba,4106902,1,,386,,,-25.431296,-49.248735,,False,7,1,2023-06-16T12:03:00.575690+00:00
CUR_HI043,Curitiba,4106902,1,,630,,,-25.543835,-49.332065,,False,1,2,2023-06-16T12:03:00.575690+00:00
CUR_HI027,Curitiba,4106902,1,,630,,,-25.52398,-49.293078,,False,1,1,2023-06-16T12:04:00.575690+00:00
CUR_BA002,Curitiba,4106902,1,,243,,,-25.377453,-49.262561,,False,1,2,2023-06-16T12:02:00.575690+00:00
CUR_BI011,Curitiba,4106902,1,,236,,,-25.363368,-49.228835,,False,1,1,2023-06-16T12:03:00.575690+00:00
CUR_HA311,Curitiba,4106902,1,,863,,,-25.464328,-49.283585,,False,3,1,2023-06-16T12:04:00.575690+00:00
CUR_HA028,Curitiba,4106902,1,,863,,,-25.435171,-49.273516,,False,1,2,2023-06-16T12:04:00.575690+00:00
CUR_BC308,Curitiba,4106902,1,,207,,,-25.432046,-49.278043,,False,3,1,2023-06-16T12:02:00.575690+00:00
CUR_BC324,Curitiba,4106902,1,,207,,,-25.4178,-49.261798,,False,3,1,2023-06-16T11:53:00.575690+00:00
CUR_BI300,Curitiba,4106902,1,,207,,,-25.412136,-49.271661,,False,3,2,2023-06-16T12:01:00.575690+00:00
CUR_BC302,Curitiba,4106902,1,,207,,,-25.428218,-49.273353,,False,3,1,2023-06-16T12:04:00.575690+00:00
CUR_BC323,Curitiba,4106902,1,,207,,,-25.415761,-49.274023,,False,3,1,2023-06-16T12:04:00.575690+00:00
CUR_BT010,Curitiba,4106902,0,,979,,,-25.434823,-49.275936,,False,3,,2023-06-16T12:00:00.575690+00:00
CUR_DN600,Curitiba,4106902,1,,331,,,-25.467818,-49.2563,,False,7,,2023-06-16T12:03:00.575690+00:00
CUR_MI850,Curitiba,4106902,1,,913,,,-25.419221,-49.294373,,False,7,,2023-06-16T11:53:00.575690+00:00
CUR_JL301,Curitiba,4106902,0,URBS,X36,https://moovitapp.com/index/pt-br/transporte_p%C3%BAblico-line-X36_REFOR%C3%87O_GUADALUPE_FAZENDINHA-Curitiba-942-9628-11745709-0,-1.0,-25.441676,-49.281038,,False,3,,2023-06-16T11:53:00.575690+00:00
CUR_ML303,Curitiba,4106902,0,URBS,902,https://moovitapp.com/index/pt-br/transporte_p%C3%BAblico-line-902_SANTA_FELICIDADE_PRA%C3%87A_TIRADENTES-Curitiba-942-9628-5597930-0,-1.0,-25.428598,-49.273258,,False,3,,2023-06-16T11:50:00.575690+00:00
CUR_JL306,Curitiba,4106902,0,URBS,X36,https://moovitapp.com/index/pt-br/transporte_p%C3%BAblico-line-X36_REFOR%C3%87O_GUADALUPE_FAZENDINHA-Curitiba-942-9628-11745709-0,-1.0,-25.44372,-49.273348,,False,3,,2023-06-16T12:04:00.575690+00:00
CUR_GI022,Curitiba,4106902,1,,614,,,-25.451103,-49.252868,,False,1,,2023-06-16T11:52:00.575690+00:00
CUR_HL306,Curitiba,4106902,0,URBS,X32,https://moovitapp.com/index/pt-br/transporte_p%C3%BAblico-line-X32_CIC_CAP%C3%83O_RASO-Curitiba-942-9628-557282-0,-1.0,-25.491645,-49.294713,,False,3,,2023-06-16T11:56:00.575690+00:00
CUR_MC304,Curitiba,4106902,1,,901,,,-25.403718,-49.328271,,False,3,1,2023-06-16T12:04:00.575690+00:00
CUR_MC306,Curitiba,4106902,1,,901,,,-25.414215,-49.309398,,False,3,2,2023-06-16T12:04:00.575690+00:00
CUR_MC080,Curitiba,4106902,1,,901,,,-25.427578,-49.271016,,False,1,1,2023-06-16T12:04:00.575690+00:00
CUR_BI869,Curitiba,4106902,1,,260,,,-25.384715,-49.26165,,False,7,2,2023-06-16T12:04:00.575690+00:00
CUR_MI855,Curitiba,4106902,1,,912,,,-25.395021,-49.356346,,False,7,1,2023-06-16T12:04:00.575690+00:00
CUR_BI890,Curitiba,4106902,1,,266,,,-25.415561,-49.263551,,False,7,1,2023-06-16T12:03:00.575690+00:00
CUR_DN603,Curitiba,4106902,1,,461,,,-25.434665,-49.263671,,False,7,1,2023-06-16T12:04:00.575690+00:00
CUR_BI022,Curitiba,4106902,1,,225,,,-25.381198,-49.253083,,False,1,2,2023-06-16T12:04:00.575690+00:00
CUR_BI878,Curitiba,4106902,1,,280,,,-25.370463,-49.23767,,False,7,2,2023-06-16T11:58:00.575690+00:00
CUR_MN609,Curitiba,4106902,1,,967,,,-25.408968,-49.304056,,False,7,1,2023-06-16T12:04:00.575690+00:00
CUR_MI853,Curitiba,4106902,1,,967,,,-25.426493,-49.27946,,False,7,2,2023-06-16T12:04:00.575690+00:00
CUR_MN610,Curitiba,4106902,1,,913,,,-25.402033,-49.345988,,False,7,2,2023-06-16T12:03:00.575690+00:00
CUR_HI851,Curitiba,4106902,1,,600,,,-25.55913,-49.312823,,False,7,1,2023-06-16T12:03:00.575690+00:00
CUR_GI049,Curitiba,4106902,1,,642,,,-25.513183,-49.294765,,False,1,1,2023-06-16T12:03:00.575690+00:00
CUR_HA699,Curitiba,4106902,1,,X37,,,-25.531351,-49.299711,,False,4,1,2023-06-16T12:04:00.575690+00:00
CUR_BI892,Curitiba,4106902,1,,181,,,-25.368218,-49.28493,,False,7,2,2023-06-16T11:59:00.575690+00:00
CUR_HI853,Curitiba,4106902,1,,644,,,-25.532555,-49.297756,,False,7,1,2023-06-16T12:04:00.575690+00:00
CUR_DN400,Curitiba,4106902,1,,516,,,-25.468433,-49.240071,,False,7,1,2023-06-16T12:03:00.575690+00:00
CUR_GE710,Curitiba,4106902,0,URBS,500,https://moovitapp.com/index/pt-br/transporte_p%C3%BAblico-line-500_LIGEIR%C3%83O_BOQUEIR%C3%83O-Curitiba-942-9628-294422-0,-1.0,-25.461743,-49.256975,,False,5,2,2023-06-16T12:04:00.575690+00:00
CUR_GE721,Curitiba,4106902,0,URBS,500,https://moovitapp.com/index/pt-br/transporte_p%C3%BAblico-line-500_LIGEIR%C3%83O_BOQUEIR%C3%83O-Curitiba-942-9628-294422-0,-1.0,-25.48424,-49.245928,,False,5,1,2023-06-16T12:04:00.575690+00:00
CUR_GE728,Curitiba,4106902,0,URBS,500,https://moovitapp.com/index/pt-br/transporte_p%C3%BAblico-line-500_LIGEIR%C3%83O_BOQUEIR%C3%83O-Curitiba-942-9628-294422-0,-1.0,-25.438373,-49.2683,,False,5,1,2023-06-16T12:04:00.575690+00:00
CUR_GE723,Curitiba,4106902,0,URBS,500,https://moovitapp.com/index/pt-br/transporte_p%C3%BAblico-line-500_LIGEIR%C3%83O_BOQUEIR%C3%83O-Curitiba-942-9628-294422-0,-1.0,-25.516783,-49.230045,,False,5,2,2023-06-16T12:04:00.575690+00:00
CUR_JI855,Curitiba,4106902,1,,761,,,-25.448618,-49.281443,,False,7,1,2023-06-16T12:04:00.575690+00:00
CUR_JI857,Curitiba,4106902,1,,761,,,-25.471516,-49.325523,,False,7,2,2023-06-16T12:04:00.575690+00:00
CUR_HI040,Curitiba,4106902,1,,690,,,-25.512315,-49.295021,,False,1,1,2023-06-16T12:04:00.575690+00:00
CUR_HC006,Curitiba,4106902,1,,690,,,-25.550235,-49.304401,,False,1,1,2023-06-16T12:04:00.575690+00:00
CUR_MN611,Curitiba,4106902,1,,965,,,-25.417161,-49.293825,,False,7,1,2023-06-16T12:04:00.575690+00:00
CUR_MA949,Curitiba,4106902,1,,965,,,-25.430093,-49.271826,,False,7,2,2023-06-16T12:04:00.575690+00:00
CUR_MN605,Curitiba,4106902,1,,965,,,-25.402056,-49.328191,,False,7,2,2023-06-16T12:04:00.575690+00:00
CUR_HC852,Curitiba,4106902,1,,671,,,-25.472115,-49.290968,,False,7,1,2023-06-16T12:04:00.575690+00:00
CUR_BI853,Curitiba,4106902,1,,361,,,-25.410991,-49.224018,,False,7,2,2023-06-16T12:04:00.575690+00:00
CUR_ML314,Curitiba,4106902,0,URBS,902,https://moovitapp.com/index/pt-br/transporte_p%C3%BAblico-line-902_SANTA_FELICIDADE_PRA%C3%87A_TIRADENTES-Curitiba-942-9628-5597930-0,-1.0,-25.428038,-49.283591,,False,3,1,2023-06-16T12:04:00.575690+00:00
CUR_GE715,Curitiba,4106902,0,URBS,200,https://moovitapp.com/index/pt-br/transporte_p%C3%BAblico-line-200_LIGEIR%C3%83O_SANTA_C%C3%82NDIDA_PRA%C3%87A_DO_JAP%C3%83O-Curitiba-942-9628-1323763-0,-1.0,-25.425171,-49.268788,,False,5,1,2023-06-16T12:04:00.575690+00:00
CUR_BE702,Curitiba,4106902,0,URBS,200,https://moovitapp.com/index/pt-br/transporte_p%C3%BAblico-line-200_LIGEIR%C3%83O_SANTA_C%C3%82NDIDA_PRA%C3%87A_DO_JAP%C3%83O-Curitiba-942-9628-1323763-0,-1.0,-25.415425,-49.260863,,False,5,2,2023-06-16T12:02:00.575690+00:00
CUR_GE722,Curitiba,4106902,0,URBS,200,https://moovitapp.com/index/pt-br/transporte_p%C3%BAblico-line-200_LIGEIR%C3%83O_SANTA_C%C3%82NDIDA_PRA%C3%87A_DO_JAP%C3%83O-Curitiba-942-9628-1323763-0,-1.0,-25.413376,-49.259085,,False,5,1,2023-06-16T12:04:00.575690+00:00
CUR_HE710,Curitiba,4106902,0,URBS,200,https://moovitapp.com/index/pt-br/transporte_p%C3%BAblico-line-200_LIGEIR%C3%83O_SANTA_C%C3%82NDIDA_PRA%C3%87A_DO_JAP%C3%83O-Curitiba-942-9628-1323763-0,-1.0,-25.390461,-49.2378,,False,5,1,2023-06-16T12:04:00.575690+00:00
CUR_HE706,Curitiba,4106902,0,URBS,200,https://moovitapp.com/index/pt-br/transporte_p%C3%BAblico-line-200_LIGEIR%C3%83O_SANTA_C%C3%82NDIDA_PRA%C3%87A_DO_JAP%C3%83O-Curitiba-942-9628-1323763-0,-1.0,-25.44464,-49.28503,,False,5,1,2023-06-16T12:04:00.575690+00:00
CUR_BE719,Curitiba,4106902,0,URBS,200,https://moovitapp.com/index/pt-br/transporte_p%C3%BAblico-line-200_LIGEIR%C3%83O_SANTA_C%C3%82NDIDA_PRA%C3%87A_DO_JAP%C3%83O-Curitiba-942-9628-1323763-0,-1.0,-25.445281,-49.286446,,False,5,1,2023-06-16T11:53:00.575690+00:00
CUR_BE713,Curitiba,4106902,0,URBS,200,https://moovitapp.com/index/pt-br/transporte_p%C3%BAblico-line-200_LIGEIR%C3%83O_SANTA_C%C3%82NDIDA_PRA%C3%87A_DO_JAP%C3%83O-Curitiba-942-9628-1323763-0,-1.0,-25.443775,-49.282643,,False,5,1,2023-06-16T12:01:00.575690+00:00
CUR_BE721,Curitiba,4106902,0,URBS,200,https://moovitapp.com/index/pt-br/transporte_p%C3%BAblico-line-200_LIGEIR%C3%83O_SANTA_C%C3%82NDIDA_PRA%C3%87A_DO_JAP%C3%83O-Curitiba-942-9628-1323763-0,-1.0,-25.439,-49.27034,,False,5,1,2023-06-16T12:03:00.575690+00:00
CUR_BE706,Curitiba,4106902,0,URBS,200,https://moovitapp.com/index/pt-br/transporte_p%C3%BAblico-line-200_LIGEIR%C3%83O_SANTA_C%C3%82NDIDA_PRA%C3%87A_DO_JAP%C3%83O-Curitiba-942-9628-1323763-0,-1.0,-25.445653,-49.287586,,False,5,1,2023-06-16T11:53:00.575690+00:00
CUR_BE700,Curitiba,4106902,0,URBS,200,https://moovitapp.com/index/pt-br/transporte_p%C3%BAblico-line-200_LIGEIR%C3%83O_SANTA_C%C3%82NDIDA_PRA%C3%87A_DO_JAP%C3%83O-Curitiba-942-9628-1323763-0,-1.0,-25.439026,-49.270425,,False,5,1,2023-06-16T11:58:00.575690+00:00
CUR_HE707,Curitiba,4106902,0,URBS,200,https://moovitapp.com/index/pt-br/transporte_p%C3%BAblico-line-200_LIGEIR%C3%83O_SANTA_C%C3%82NDIDA_PRA%C3%87A_DO_JAP%C3%83O-Curitiba-942-9628-1323763-0,-1.0,-25.539258,-49.308158,,False,5,1,2023-06-16T12:04:00.575690+00:00
CUR_DC850,Curitiba,4106902,1,,331,,,-25.47004,-49.207906,,False,7,,2023-06-16T12:02:00.575690+00:00
CUR_BI896,Curitiba,4106902,1,,875,,,-25.432215,-49.28861,,False,7,2,2023-06-16T12:04:00.575690+00:00
CUR_DC852,Curitiba,4106902,1,,464,,,-25.429781,-49.271116,,False,7,2,2023-06-16T12:04:00.575690+00:00
CUR_MN603,Curitiba,4106902,1,,464,,,-25.433741,-49.272293,,False,7,1,2023-06-16T12:04:00.575690+00:00
CUR_GI853,Curitiba,4106902,1,,666,,,-25.455636,-49.267845,,False,7,2,2023-06-16T12:04:00.575690+00:00
CUR_DN020,Curitiba,4106902,0,,560,,,-25.470323,-49.262815,,False,6,2,2023-06-16T12:03:00.575690+00:00
CUR_BA014,Curitiba,4106902,1,,829,,,-25.441421,-49.346103,,False,1,,2023-06-16T12:01:00.575690+00:00
CUR_BC018,Curitiba,4106902,1,,829,,,-25.438066,-49.32706,,False,1,,2023-06-16T11:50:00.575690+00:00
CUR_BC010,Curitiba,4106902,1,,829,,,-25.44459,-49.361763,,False,1,,2023-06-16T12:03:00.575690+00:00
CUR_BC009,Curitiba,4106902,1,,829,,,-25.441383,-49.344153,,False,1,,2023-06-16T11:59:00.575690+00:00
CUR_BI895,Curitiba,4106902,1,,164,,,-25.42522,-49.27402,,False,7,1,2023-06-16T12:00:00.575690+00:00
CUR_BL336,Curitiba,4106902,0,URBS,518,https://moovitapp.com/index/pt-br/transporte_p%C3%BAblico-line-518_PUC_RODOFERROVI%C3%81RIA-Curitiba-942-9628-743528-0,-1.0,-25.448176,-49.25795,,False,3,2,2023-06-16T12:04:00.575690+00:00
CUR_DL305,Curitiba,4106902,0,URBS,469,https://moovitapp.com/index/pt-br/transporte_p%C3%BAblico-line-469_CENTRO_POLIT%C3%89CNICO-Curitiba-942-9628-294421-0,-1.0,-25.439995,-49.249461,,False,3,1,2023-06-16T12:02:00.575690+00:00
CUR_BT007,Curitiba,4106902,0,,979,,,-25.437301,-49.240436,,False,3,,2023-06-16T12:02:00.575690+00:00
