bus_id,city,city_code,adapted,agency,line_code,line_url,line_fare,latitude,longitude,bus_speed,is_eletric,bus_type,bus_direction,updated_at
BRA_333832,Brasília,5300108,,Urbi,0.347,https://moovitapp.com/index/pt-br/transporte_p%C3%BAblico-line-0_347-Brasilia-1702-851595-347128-0,-1.0,-15.89948,-48.12333,0.0,,,1,2023-06-15T22:17:59+00:00
BRA_340766,Brasília,5300108,,Urbi,0.844,https://moovitapp.com/index/pt-br/transporte_p%C3%BAblico-line-0_844-Brasilia-1702-851595-519386-0,-1.0,-15.81541,-48.00829,10.83,,,2,2023-06-15T22:52:50+00:00
BRA_335614,Brasília,5300108,,Urbi,396.2,https://moovitapp.com/index/pt-br/transporte_p%C3%BAblico-line-396_2-Brasilia-1702-851595-372377-0,-1.0,-15.87673,-47.99253,20.56,,,2,2023-06-15T22:53:01+00:00
BRA_336548,Brasília,5300108,,Urbi,0.871,https://moovitapp.com/index/pt-br/transporte_p%C3%BAblico-line-0_871-Brasilia-1702-851595-418741-0,-1.0,-15.81172,-47.9974,16.67,,,2,2023-06-15T22:54:55+00:00
BRA_337889,Brasília,5300108,,Urbi,814.1,https://moovitapp.com/index/pt-br/transporte_p%C3%BAblico-line-814_1-Brasilia-1702-851595-492985-0,-1.0,-15.88194,-48.08669,9.17,,,1,2023-06-15T22:57:18+00:00
BRA_340065,Brasília,5300108,,Urbi,0.367,https://moovitapp.com/index/pt-br/transporte_p%C3%BAblico-line-0_367-Brasilia-1702-851595-519380-0,-1.0,-15.89939,-48.12226,0.0,,,2,2023-06-15T22:57:50+00:00
BRA_338541,Brasília,5300108,,Urbi,0.884,https://moovitapp.com/index/pt-br/transporte_p%C3%BAblico-line-0_884-Brasilia-1702-851595-322393-0,-1.0,-15.88889,-48.05299,5.56,,,2,2023-06-15T23:00:30+00:00
BRA_338681,Brasília,5300108,,Urbi,0.087,https://moovitapp.com/index/pt-br/transporte_p%C3%BAblico-line-0_087-Brasilia-1702-851595-242519-0,-1.0,-15.90798,-48.08509,4.44,,,1,2023-06-15T23:02:51+00:00
BRA_338605,Brasília,5300108,,Urbi,0.810,https://moovitapp.com/index/pt-br/transporte_p%C3%BAblico-line-0_810-Brasilia-1702-851595-363856-0,-1.0,-15.79304,-47.88261,4.44,,,2,2023-06-15T23:03:22+00:00
BRA_339733,Brasília,5300108,,Urbi,119.0,https://moovitapp.com/index/pt-br/transporte_p%C3%BAblico-line-119_0-Brasilia-1702-851595-139513625-0,-1.0,-15.90529,-47.95171,18.61,,,1,2023-06-15T23:04:04+00:00
BRA_340260,Brasília,5300108,,Urbi,0.160,https://moovitapp.com/index/pt-br/transporte_p%C3%BAblico-line-0_160-Brasilia-1702-851595-470755-0,-1.0,-15.87266,-47.97263,6.94,,,1,2023-06-15T23:05:26+00:00
BRA_338664,Brasília,5300108,,Urbi,805.8,https://moovitapp.com/index/pt-br/transporte_p%C3%BAblico-line-805_8-Brasilia-1702-851595-454982-0,-1.0,-15.93233,-48.11016,9.44,,,1,2023-06-15T23:05:29+00:00
BRA_339482,Brasília,5300108,,Urbi,038.1,https://moovitapp.com/index/pt-br/transporte_p%C3%BAblico-line-038_1-Brasilia-1702-851595-781327-0,-1.0,-15.88565,-48.02288,0.0,,,2,2023-06-15T23:05:52+00:00
BRA_335371,Brasília,5300108,,Urbi,0.392,https://moovitapp.com/index/pt-br/transporte_p%C3%BAblico-line-0_392-Brasilia-1702-851595-334075-0,-1.0,-15.87449,-48.04654,2.5,,,2,2023-06-15T23:06:07+00:00
BRA_338311,Brasília,5300108,,Urbi,0.809,https://moovitapp.com/index/pt-br/transporte_p%C3%BAblico-line-0_809-Brasilia-1702-851595-516630-0,-1.0,-15.8775,-48.00132,16.94,,,1,2023-06-15T23:06:10+00:00
BRA_337251,Brasília,5300108,,Urbi,813.2,https://moovitapp.com/index/pt-br/transporte_p%C3%BAblico-line-813_2-Brasilia-1702-851595-242636-0,-1.0,-15.87088,-47.9744,14.44,,,2,2023-06-15T23:06:13+00:00
BRA_338745,Brasília,5300108,,Urbi,0.812,https://moovitapp.com/index/pt-br/transporte_p%C3%BAblico-line-0_812-Brasilia-1702-851595-697958-0,-1.0,-15.82986,-48.11529,15.56,,,1,2023-06-15T23:06:24+00:00
BRA_338877,Brasília,5300108,,Urbi,805.2,https://moovitapp.com/index/pt-br/transporte_p%C3%BAblico-line-805_2-Brasilia-1702-851595-454981-0,-1.0,-15.86393,-48.03581,4.44,,,2,2023-06-15T23:06:25+00:00
BRA_338788,Brasília,5300108,,Urbi,807.1,https://moovitapp.com/index/pt-br/transporte_p%C3%BAblico-line-807_1-Brasilia-1702-851595-322407-0,-1.0,-15.87392,-48.05909,9.44,,,2,2023-06-15T23:06:32+00:00
BRA_336866,Brasília,5300108,,Urbi,0.813,https://moovitapp.com/index/pt-br/transporte_p%C3%BAblico-line-0_813-Brasilia-1702-851595-651523-0,-1.0,-15.90294,-48.06213,14.17,,,1,2023-06-15T23:06:34+00:00
BRA_340677,Brasília,5300108,,Urbi,396.3,https://moovitapp.com/index/pt-br/transporte_p%C3%BAblico-line-396_3-Brasilia-1702-851595-372378-0,-1.0,-15.87869,-48.07173,11.11,,,2,2023-06-15T23:06:44+00:00
BRA_336980,Brasília,5300108,,Urbi,807.6,https://moovitapp.com/index/pt-br/transporte_p%C3%BAblico-line-807_6-Brasilia-1702-851595-334092-0,-1.0,-15.90436,-48.06619,3.89,,,1,2023-06-15T23:06:44+00:00
BRA_338397,Brasília,5300108,,Urbi,0.175,https://moovitapp.com/index/pt-br/transporte_p%C3%BAblico-line-0_175-Brasilia-1702-851595-242526-0,-1.0,-15.82709,-47.92666,6.39,,,2,2023-06-15T23:06:46+00:00
BRA_337285,Brasília,5300108,,Urbi,870.7,https://moovitapp.com/index/pt-br/transporte_p%C3%BAblico-line-870_7-Brasilia-1702-851595-531037-0,-1.0,-15.91777,-48.04965,0.0,,,2,2023-06-15T23:06:47+00:00
BRA_340774,Brasília,5300108,,Urbi,160.2,https://moovitapp.com/index/pt-br/transporte_p%C3%BAblico-line-160_2-Brasilia-1702-851595-242581-0,-1.0,-15.79769,-47.8739,15.0,,,2,2023-06-15T23:06:48+00:00
BRA_337137,Brasília,5300108,,Urbi,0.038,https://moovitapp.com/index/pt-br/transporte_p%C3%BAblico-line-0_038-Brasilia-1702-851595-687419-0,-1.0,-15.88606,-48.02268,0.0,,,1,2023-06-15T23:06:50+00:00
BRA_337102,Brasília,5300108,,Urbi,0.809,https://moovitapp.com/index/pt-br/transporte_p%C3%BAblico-line-0_809-Brasilia-1702-851595-516630-0,-1.0,-15.90119,-48.05627,10.0,,,2,2023-06-15T23:06:53+00:00
BRA_336611,Brasília,5300108,,Urbi,0.881,https://moovitapp.com/index/pt-br/transporte_p%C3%BAblico-line-0_881-Brasilia-1702-851595-363857-0,-1.0,-15.80924,-47.93537,0.0,,,2,2023-06-15T23:06:53+00:00
BRA_338346,Brasília,5300108,,Urbi,0.177,https://moovitapp.com/index/pt-br/transporte_p%C3%BAblico-line-0_177-Brasilia-1702-851595-242528-0,-1.0,-15.86024,-47.95691,8.06,,,1,2023-06-15T23:06:54+00:00
BRA_338460,Brasília,5300108,,Urbi,0.808,https://moovitapp.com/index/pt-br/transporte_p%C3%BAblico-line-0_808-Brasilia-1702-851595-372359-0,-1.0,-15.89618,-48.05631,10.83,,,2,2023-06-15T23:06:55+00:00
BRA_339067,Brasília,5300108,,Urbi,870.7,https://moovitapp.com/index/pt-br/transporte_p%C3%BAblico-line-870_7-Brasilia-1702-851595-531037-0,-1.0,-15.87694,-47.9994,17.78,,,2,2023-06-15T23:06:55+00:00
BRA_338958,Brasília,5300108,,Urbi,813.2,https://moovitapp.com/index/pt-br/transporte_p%C3%BAblico-line-813_2-Brasilia-1702-851595-242636-0,-1.0,-15.89092,-48.05767,9.17,,,2,2023-06-15T23:06:57+00:00
BRA_337862,Brasília,5300108,,Urbi,0.898,https://moovitapp.com/index/pt-br/transporte_p%C3%BAblico-line-0_898-Brasilia-1702-851595-322394-0,-1.0,-15.84298,-48.11371,0.0,,,2,2023-06-15T23:06:57+00:00
BRA_335339,Brasília,5300108,,Urbi,0.366,https://moovitapp.com/index/pt-br/transporte_p%C3%BAblico-line-0_366-Brasilia-1702-851595-650085-0,-1.0,-15.88828,-48.10773,15.0,,,2,2023-06-15T23:06:58+00:00
BRA_340235,Brasília,5300108,,Urbi,398.1,https://moovitapp.com/index/pt-br/transporte_p%C3%BAblico-line-398_1-Brasilia-1702-851595-510241-0,-1.0,-15.81108,-48.08463,6.67,,,1,2023-06-15T23:06:58+00:00
BRA_338940,Brasília,5300108,,Urbi,870.1,https://moovitapp.com/index/pt-br/transporte_p%C3%BAblico-line-870_1-Brasilia-1702-851595-715272-0,-1.0,-15.86694,-47.96682,0.0,,,2,2023-06-15T23:06:59+00:00
BRA_339563,Brasília,5300108,,Urbi,872.5,https://moovitapp.com/index/pt-br/transporte_p%C3%BAblico-line-872_5-Brasilia-1702-851595-372393-0,-1.0,-15.86779,-48.03233,0.0,,,1,2023-06-15T23:07:00+00:00
BRA_338834,Brasília,5300108,,Urbi,0.810,https://moovitapp.com/index/pt-br/transporte_p%C3%BAblico-line-0_810-Brasilia-1702-851595-363856-0,-1.0,-15.86093,-47.95741,3.89,,,2,2023-06-15T23:07:01+00:00
BRA_335738,Brasília,5300108,,Urbi,393.4,https://moovitapp.com/index/pt-br/transporte_p%C3%BAblico-line-393_4-Brasilia-1702-851595-588816-0,-1.0,-15.80667,-48.0786,0.0,,,1,2023-06-15T23:07:02+00:00
BRA_336491,Brasília,5300108,,Urbi,0.871,https://moovitapp.com/index/pt-br/transporte_p%C3%BAblico-line-0_871-Brasilia-1702-851595-418741-0,-1.0,-15.79238,-47.88371,5.56,,,2,2023-06-15T23:07:02+00:00
BRA_340537,Brasília,5300108,,Urbi,0.391,https://moovitapp.com/index/pt-br/transporte_p%C3%BAblico-line-0_391-Brasilia-1702-851595-372354-0,-1.0,-15.85755,-47.95643,2.22,,,2,2023-06-15T23:07:04+00:00
BRA_335436,Brasília,5300108,,Urbi,0.391,https://moovitapp.com/index/pt-br/transporte_p%C3%BAblico-line-0_391-Brasilia-1702-851595-372354-0,-1.0,-15.82895,-47.92934,11.94,,,2,2023-06-15T23:07:04+00:00
BRA_336416,Brasília,5300108,,Urbi,0.871,https://moovitapp.com/index/pt-br/transporte_p%C3%BAblico-line-0_871-Brasilia-1702-851595-418741-0,-1.0,-15.81782,-48.01363,16.11,,,1,2023-06-15T23:07:04+00:00
BRA_337358,Brasília,5300108,,Urbi,0.809,https://moovitapp.com/index/pt-br/transporte_p%C3%BAblico-line-0_809-Brasilia-1702-851595-516630-0,-1.0,-15.84973,-47.95501,14.44,,,2,2023-06-15T23:07:05+00:00
BRA_339920,Brasília,5300108,,Urbi,0.346,https://moovitapp.com/index/pt-br/transporte_p%C3%BAblico-line-0_346-Brasilia-1702-851595-46461186-0,-1.0,-15.84106,-47.96609,6.39,,,1,2023-06-15T23:07:05+00:00
BRA_338613,Brasília,5300108,,Urbi,0.177,https://moovitapp.com/index/pt-br/transporte_p%C3%BAblico-line-0_177-Brasilia-1702-851595-242528-0,-1.0,-15.88249,-48.01546,4.72,,,1,2023-06-15T23:07:05+00:00
BRA_339741,Brasília,5300108,,Urbi,0.340,https://moovitapp.com/index/pt-br/transporte_p%C3%BAblico-line-0_340-Brasilia-1702-851595-641378-0,-1.0,-15.90147,-48.12933,0.0,,,1,2023-06-15T23:07:06+00:00
BRA_337901,Brasília,5300108,,Urbi,874.4,https://moovitapp.com/index/pt-br/transporte_p%C3%BAblico-line-874_4-Brasilia-1702-851595-775106-0,-1.0,-15.91781,-48.06191,9.72,,,1,2023-06-15T23:07:06+00:00
BRA_337897,Brasília,5300108,,Urbi,0.814,https://moovitapp.com/index/pt-br/transporte_p%C3%BAblico-line-0_814-Brasilia-1702-851595-492980-0,-1.0,-15.92369,-48.10435,0.0,,,1,2023-06-15T23:07:07+00:00
BRA_336033,Brasília,5300108,,Urbi,391.3,https://moovitapp.com/index/pt-br/transporte_p%C3%BAblico-line-391_3-Brasilia-1702-851595-372373-0,-1.0,-15.87254,-47.97766,15.28,,,2,2023-06-15T23:07:07+00:00
BRA_338583,Brasília,5300108,,Urbi,805.1,https://moovitapp.com/index/pt-br/transporte_p%C3%BAblico-line-805_1-Brasilia-1702-851595-454980-0,-1.0,-15.90148,-48.05632,4.44,,,1,2023-06-15T23:07:07+00:00
BRA_339300,Brasília,5300108,,Urbi,0.821,https://moovitapp.com/index/pt-br/transporte_p%C3%BAblico-line-0_821-Brasilia-1702-851595-334080-0,-1.0,-15.87024,-48.06227,0.0,,,2,2023-06-15T23:07:07+00:00
BRA_335592,Brasília,5300108,,Urbi,0.391,https://moovitapp.com/index/pt-br/transporte_p%C3%BAblico-line-0_391-Brasilia-1702-851595-372354-0,-1.0,-15.82888,-47.9292,15.56,,,2,2023-06-15T23:07:09+00:00
BRA_336769,Brasília,5300108,,Urbi,0.163,https://moovitapp.com/index/pt-br/transporte_p%C3%BAblico-line-0_163-Brasilia-1702-851595-352629-0,-1.0,-15.8086,-47.93281,0.0,,,2,2023-06-15T23:07:11+00:00
BRA_339865,Brasília,5300108,,Urbi,0.053,https://moovitapp.com/index/pt-br/transporte_p%C3%BAblico-line-0_053-Brasilia-1702-851595-588803-0,-1.0,-15.83818,-48.04811,11.11,,,1,2023-06-15T23:07:11+00:00
BRA_337064,Brasília,5300108,,Urbi,812.2,https://moovitapp.com/index/pt-br/transporte_p%C3%BAblico-line-812_2-Brasilia-1702-851595-418746-0,-1.0,-15.81082,-48.11334,11.39,,,1,2023-06-15T23:07:11+00:00
BRA_335576,Brasília,5300108,,Urbi,372.5,https://moovitapp.com/index/pt-br/transporte_p%C3%BAblico-line-372_5-Brasilia-1702-851595-519391-0,-1.0,-15.82346,-48.0641,0.0,,,1,2023-06-15T23:07:12+00:00
BRA_338656,Brasília,5300108,,Urbi,0.808,https://moovitapp.com/index/pt-br/transporte_p%C3%BAblico-line-0_808-Brasilia-1702-851595-372359-0,-1.0,-15.8239,-48.117,3.61,,,2,2023-06-15T23:07:12+00:00
BRA_338303,Brasília,5300108,,Urbi,872.9,https://moovitapp.com/index/pt-br/transporte_p%C3%BAblico-line-872_9-Brasilia-1702-851595-372394-0,-1.0,-15.92061,-48.05484,9.72,,,1,2023-06-15T23:07:12+00:00
BRA_337501,Brasília,5300108,,Urbi,871.3,https://moovitapp.com/index/pt-br/transporte_p%C3%BAblico-line-871_3-Brasilia-1702-851595-588820-0,-1.0,-15.75098,-47.89523,0.0,,,2,2023-06-15T23:07:13+00:00
BRA_337811,Brasília,5300108,,Urbi,872.2,https://moovitapp.com/index/pt-br/transporte_p%C3%BAblico-line-872_2-Brasilia-1702-851595-425251-0,-1.0,-15.86499,-48.03379,12.22,,,1,2023-06-15T23:07:13+00:00
BRA_335461,Brasília,5300108,,Urbi,366.1,https://moovitapp.com/index/pt-br/transporte_p%C3%BAblico-line-366_1-Brasilia-1702-851595-425249-0,-1.0,-15.86528,-48.05894,0.0,,,1,2023-06-15T23:07:14+00:00
BRA_336041,Brasília,5300108,,Urbi,056.2,https://moovitapp.com/index/pt-br/transporte_p%C3%BAblico-line-056_2-Brasilia-1702-851595-492982-0,-1.0,-15.83894,-48.07549,12.22,,,1,2023-06-15T23:07:14+00:00
BRA_336424,Brasília,5300108,,Urbi,0.813,https://moovitapp.com/index/pt-br/transporte_p%C3%BAblico-line-0_813-Brasilia-1702-851595-651523-0,-1.0,-15.81029,-47.93821,15.0,,,2,2023-06-15T23:07:14+00:00
BRA_336742,Brasília,5300108,,Urbi,380.2,https://moovitapp.com/index/pt-br/transporte_p%C3%BAblico-line-380_2-Brasilia-1702-851595-334086-0,-1.0,-15.84381,-48.05085,6.67,,,2,2023-06-15T23:07:14+00:00
BRA_340588,Brasília,5300108,,Urbi,366.1,https://moovitapp.com/index/pt-br/transporte_p%C3%BAblico-line-366_1-Brasilia-1702-851595-425249-0,-1.0,-15.86273,-48.05844,1.11,,,1,2023-06-15T23:07:15+00:00
BRA_336114,Brasília,5300108,,Urbi,871.3,https://moovitapp.com/index/pt-br/transporte_p%C3%BAblico-line-871_3-Brasilia-1702-851595-588820-0,-1.0,-15.92429,-48.05175,5.56,,,1,2023-06-15T23:07:15+00:00
BRA_336726,Brasília,5300108,,Urbi,396.2,https://moovitapp.com/index/pt-br/transporte_p%C3%BAblico-line-396_2-Brasilia-1702-851595-372377-0,-1.0,-15.82444,-47.93395,11.11,,,2,2023-06-15T23:07:16+00:00
BRA_340154,Brasília,5300108,,Urbi,0.825,https://moovitapp.com/index/pt-br/transporte_p%C3%BAblico-line-0_825-Brasilia-1702-851595-334081-0,-1.0,-15.79306,-47.88228,0.0,,,1,2023-06-15T23:07:16+00:00
BRA_336211,Brasília,5300108,,Urbi,380.2,https://moovitapp.com/index/pt-br/transporte_p%C3%BAblico-line-380_2-Brasilia-1702-851595-334086-0,-1.0,-15.82737,-48.03117,12.78,,,2,2023-06-15T23:07:18+00:00
BRA_338222,Brasília,5300108,,Urbi,0.811,https://moovitapp.com/index/pt-br/transporte_p%C3%BAblico-line-0_811-Brasilia-1702-851595-334078-0,-1.0,-15.89281,-48.04861,5.28,,,1,2023-06-15T23:07:18+00:00
BRA_340332,Brasília,5300108,,Urbi,391.3,https://moovitapp.com/index/pt-br/transporte_p%C3%BAblico-line-391_3-Brasilia-1702-851595-372373-0,-1.0,-15.86619,-48.05556,8.89,,,2,2023-06-15T23:07:18+00:00
BRA_336408,Brasília,5300108,,Urbi,0.813,https://moovitapp.com/index/pt-br/transporte_p%C3%BAblico-line-0_813-Brasilia-1702-851595-651523-0,-1.0,-15.80723,-47.96903,14.72,,,2,2023-06-15T23:07:20+00:00
BRA_340405,Brasília,5300108,,Urbi,391.3,https://moovitapp.com/index/pt-br/transporte_p%C3%BAblico-line-391_3-Brasilia-1702-851595-372373-0,-1.0,-15.8587,-48.06946,10.83,,,2,2023-06-15T23:07:21+00:00
BRA_336181,Brasília,5300108,,Urbi,0.175,https://moovitapp.com/index/pt-br/transporte_p%C3%BAblico-line-0_175-Brasilia-1702-851595-242526-0,-1.0,-15.87634,-47.98818,18.33,,,1,2023-06-15T23:07:21+00:00
BRA_338079,Brasília,5300108,,Urbi,813.2,https://moovitapp.com/index/pt-br/transporte_p%C3%BAblico-line-813_2-Brasilia-1702-851595-242636-0,-1.0,-15.89937,-48.05534,5.83,,,2,2023-06-15T23:07:22+00:00
BRA_339156,Brasília,5300108,,Urbi,0.087,https://moovitapp.com/index/pt-br/transporte_p%C3%BAblico-line-0_087-Brasilia-1702-851595-242519-0,-1.0,-15.87304,-47.9724,6.11,,,1,2023-06-15T23:07:22+00:00
BRA_340243,Brasília,5300108,,Urbi,0.391,https://moovitapp.com/index/pt-br/transporte_p%C3%BAblico-line-0_391-Brasilia-1702-851595-372354-0,-1.0,-15.85921,-48.06392,0.0,,,2,2023-06-15T23:07:23+00:00
BRA_339351,Brasília,5300108,,Urbi,056.2,https://moovitapp.com/index/pt-br/transporte_p%C3%BAblico-line-056_2-Brasilia-1702-851595-492982-0,-1.0,-15.83517,-48.11781,3.89,,,1,2023-06-15T23:07:23+00:00
BRA_335941,Brasília,5300108,,Urbi,373.2,https://moovitapp.com/index/pt-br/transporte_p%C3%BAblico-line-373_2-Brasilia-1702-851595-334084-0,-1.0,-15.87119,-48.05641,13.33,,,2,2023-06-15T23:07:24+00:00
BRA_339172,Brasília,5300108,,Urbi,0.393,https://moovitapp.com/index/pt-br/transporte_p%C3%BAblico-line-0_393-Brasilia-1702-851595-588805-0,-1.0,-15.84377,-48.04966,0.0,,,1,2023-06-15T23:07:24+00:00
BRA_339954,Brasília,5300108,,Urbi,366.1,https://moovitapp.com/index/pt-br/transporte_p%C3%BAblico-line-366_1-Brasilia-1702-851595-425249-0,-1.0,-15.86698,-48.08293,0.0,,,2,2023-06-15T23:07:24+00:00
BRA_339750,Brasília,5300108,,Urbi,366.1,https://moovitapp.com/index/pt-br/transporte_p%C3%BAblico-line-366_1-Brasilia-1702-851595-425249-0,-1.0,-15.88741,-48.12154,0.83,,,1,2023-06-15T23:07:24+00:00
BRA_338885,Brasília,5300108,,Urbi,812.1,https://moovitapp.com/index/pt-br/transporte_p%C3%BAblico-line-812_1-Brasilia-1702-851595-372386-0,-1.0,-15.80572,-48.11615,10.28,,,1,2023-06-15T23:07:25+00:00
BRA_337587,Brasília,5300108,,Urbi,813.2,https://moovitapp.com/index/pt-br/transporte_p%C3%BAblico-line-813_2-Brasilia-1702-851595-242636-0,-1.0,-15.86707,-47.96695,13.89,,,2,2023-06-15T23:07:25+00:00
BRA_339580,Brasília,5300108,,Urbi,807.2,https://moovitapp.com/index/pt-br/transporte_p%C3%BAblico-line-807_2-Brasilia-1702-851595-781329-0,-1.0,-15.90553,-48.07886,8.61,,,1,2023-06-15T23:07:26+00:00
BRA_335878,Brasília,5300108,,Urbi,0.825,https://moovitapp.com/index/pt-br/transporte_p%C3%BAblico-line-0_825-Brasilia-1702-851595-334081-0,-1.0,-15.89179,-48.10687,6.94,,,1,2023-06-15T23:07:26+00:00
BRA_335355,Brasília,5300108,,Urbi,0.821,https://moovitapp.com/index/pt-br/transporte_p%C3%BAblico-line-0_821-Brasilia-1702-851595-334080-0,-1.0,-15.88019,-48.05512,11.39,,,2,2023-06-15T23:07:26+00:00
BRA_336025,Brasília,5300108,,Urbi,0.054,https://moovitapp.com/index/pt-br/transporte_p%C3%BAblico-line-0_054-Brasilia-1702-851595-454960-0,-1.0,-15.86319,-48.05334,5.28,,,1,2023-06-15T23:07:26+00:00
BRA_336131,Brasília,5300108,,Urbi,870.7,https://moovitapp.com/index/pt-br/transporte_p%C3%BAblico-line-870_7-Brasilia-1702-851595-531037-0,-1.0,-15.92899,-48.04525,11.39,,,1,2023-06-15T23:07:26+00:00
BRA_339881,Brasília,5300108,,Urbi,396.3,https://moovitapp.com/index/pt-br/transporte_p%C3%BAblico-line-396_3-Brasilia-1702-851595-372378-0,-1.0,-15.82125,-47.95048,1.39,,,2,2023-06-15T23:07:26+00:00
BRA_336793,Brasília,5300108,,Urbi,0.394,https://moovitapp.com/index/pt-br/transporte_p%C3%BAblico-line-0_394-Brasilia-1702-851595-334076-0,-1.0,-15.8715,-48.05745,8.61,,,2,2023-06-15T23:07:26+00:00
BRA_339016,Brasília,5300108,,Urbi,805.9,https://moovitapp.com/index/pt-br/transporte_p%C3%BAblico-line-805_9-Brasilia-1702-851595-454983-0,-1.0,-15.9238,-48.1044,0.56,,,1,2023-06-15T23:07:26+00:00
BRA_338559,Brasília,5300108,,Urbi,874.4,https://moovitapp.com/index/pt-br/transporte_p%C3%BAblico-line-874_4-Brasilia-1702-851595-775106-0,-1.0,-15.80809,-47.93297,12.22,,,2,2023-06-15T23:07:27+00:00
BRA_338508,Brasília,5300108,,Urbi,0.873,https://moovitapp.com/index/pt-br/transporte_p%C3%BAblico-line-0_873-Brasilia-1702-851595-510238-0,-1.0,-15.81051,-48.09029,0.0,,,2,2023-06-15T23:07:27+00:00
BRA_339997,Brasília,5300108,,Urbi,0.399,https://moovitapp.com/index/pt-br/transporte_p%C3%BAblico-line-0_399-Brasilia-1702-851595-454964-0,-1.0,-15.83457,-48.11481,11.11,,,2,2023-06-15T23:07:27+00:00
BRA_340286,Brasília,5300108,,Urbi,825.1,https://moovitapp.com/index/pt-br/transporte_p%C3%BAblico-line-825_1-Brasilia-1702-851595-16483903-0,-1.0,-15.9015,-48.12479,19.44,,,1,2023-06-15T23:07:27+00:00
BRA_335509,Brasília,5300108,,Urbi,0.373,https://moovitapp.com/index/pt-br/transporte_p%C3%BAblico-line-0_373-Brasilia-1702-851595-334072-0,-1.0,-15.87775,-48.00815,12.22,,,1,2023-06-15T23:07:27+00:00
BRA_333875,Brasília,5300108,,Urbi,0.161,https://moovitapp.com/index/pt-br/transporte_p%C3%BAblico-line-0_161-Brasilia-1702-851595-704023-0,-1.0,-15.79794,-47.94506,14.17,,,2,2023-06-15T23:07:27+00:00
BRA_337871,Brasília,5300108,,Urbi,813.2,https://moovitapp.com/index/pt-br/transporte_p%C3%BAblico-line-813_2-Brasilia-1702-851595-242636-0,-1.0,-15.86621,-47.96523,18.33,,,1,2023-06-15T23:07:27+00:00
BRA_339717,Brasília,5300108,,Urbi,0.367,https://moovitapp.com/index/pt-br/transporte_p%C3%BAblico-line-0_367-Brasilia-1702-851595-519380-0,-1.0,-15.85321,-48.07247,10.0,,,1,2023-06-15T23:07:28+00:00
BRA_337765,Brasília,5300108,,Urbi,0.038,https://moovitapp.com/index/pt-br/transporte_p%C3%BAblico-line-0_038-Brasilia-1702-851595-687419-0,-1.0,-15.87526,-47.99997,5.28,,,1,2023-06-15T23:07:28+00:00
BRA_339636,Brasília,5300108,,Urbi,0.367,https://moovitapp.com/index/pt-br/transporte_p%C3%BAblico-line-0_367-Brasilia-1702-851595-519380-0,-1.0,-15.85168,-48.06598,8.33,,,1,2023-06-15T23:07:28+00:00
BRA_337455,Brasília,5300108,,Urbi,0.809,https://moovitapp.com/index/pt-br/transporte_p%C3%BAblico-line-0_809-Brasilia-1702-851595-516630-0,-1.0,-15.79368,-47.88271,0.28,,,2,2023-06-15T23:07:28+00:00
BRA_335584,Brasília,5300108,,Urbi,0.373,https://moovitapp.com/index/pt-br/transporte_p%C3%BAblico-line-0_373-Brasilia-1702-851595-334072-0,-1.0,-15.87515,-48.03513,18.33,,,1,2023-06-15T23:07:28+00:00
BRA_340430,Brasília,5300108,,Urbi,0.129,https://moovitapp.com/index/pt-br/transporte_p%C3%BAblico-line-0_129-Brasilia-1702-851595-775097-0,-1.0,-15.8259,-47.8073,16.94,,,1,2023-06-15T23:07:28+00:00
BRA_340723,Brasília,5300108,,Urbi,391.3,https://moovitapp.com/index/pt-br/transporte_p%C3%BAblico-line-391_3-Brasilia-1702-851595-372373-0,-1.0,-15.86303,-48.07736,10.56,,,1,2023-06-15T23:07:28+00:00
BRA_339296,Brasília,5300108,,Urbi,396.3,https://moovitapp.com/index/pt-br/transporte_p%C3%BAblico-line-396_3-Brasilia-1702-851595-372378-0,-1.0,-15.90226,-48.12959,0.28,,,1,2023-06-15T23:07:28+00:00
BRA_338036,Brasília,5300108,,Urbi,0.808,https://moovitapp.com/index/pt-br/transporte_p%C3%BAblico-line-0_808-Brasilia-1702-851595-372359-0,-1.0,-15.8125,-48.09555,13.33,,,1,2023-06-15T23:07:28+00:00
BRA_338516,Brasília,5300108,,Urbi,813.2,https://moovitapp.com/index/pt-br/transporte_p%C3%BAblico-line-813_2-Brasilia-1702-851595-242636-0,-1.0,-15.87819,-48.0511,18.33,,,1,2023-06-15T23:07:28+00:00
BRA_339105,Brasília,5300108,,Urbi,0.872,https://moovitapp.com/index/pt-br/transporte_p%C3%BAblico-line-0_872-Brasilia-1702-851595-466291-0,-1.0,-15.82629,-48.05963,0.0,,,1,2023-06-15T23:07:28+00:00
BRA_338818,Brasília,5300108,,Urbi,807.8,https://moovitapp.com/index/pt-br/transporte_p%C3%BAblico-line-807_8-Brasilia-1702-851595-322408-0,-1.0,-15.94965,-48.03348,0.0,,,2,2023-06-15T23:07:29+00:00
BRA_335720,Brasília,5300108,,Urbi,396.2,https://moovitapp.com/index/pt-br/transporte_p%C3%BAblico-line-396_2-Brasilia-1702-851595-372377-0,-1.0,-15.87014,-48.06188,6.94,,,2,2023-06-15T23:07:29+00:00
BRA_336254,Brasília,5300108,,Urbi,0.394,https://moovitapp.com/index/pt-br/transporte_p%C3%BAblico-line-0_394-Brasilia-1702-851595-334076-0,-1.0,-15.87424,-48.03751,16.67,,,2,2023-06-15T23:07:29+00:00
BRA_336220,Brasília,5300108,,Urbi,394.1,https://moovitapp.com/index/pt-br/transporte_p%C3%BAblico-line-394_1-Brasilia-1702-851595-334089-0,-1.0,-15.90191,-48.1285,0.0,,,1,2023-06-15T23:07:29+00:00
BRA_336556,Brasília,5300108,,Urbi,0.881,https://moovitapp.com/index/pt-br/transporte_p%C3%BAblico-line-0_881-Brasilia-1702-851595-363857-0,-1.0,-15.88278,-48.06069,11.67,,,2,2023-06-15T23:07:29+00:00
BRA_336301,Brasília,5300108,,Urbi,380.2,https://moovitapp.com/index/pt-br/transporte_p%C3%BAblico-line-380_2-Brasilia-1702-851595-334086-0,-1.0,-15.83499,-48.06025,9.44,,,1,2023-06-15T23:07:29+00:00
BRA_337366,Brasília,5300108,,Urbi,0.878,https://moovitapp.com/index/pt-br/transporte_p%C3%BAblico-line-0_878-Brasilia-1702-851595-418743-0,-1.0,-15.87491,-48.03242,1.94,,,2,2023-06-15T23:07:29+00:00
BRA_337404,Brasília,5300108,,Urbi,0.886,https://moovitapp.com/index/pt-br/transporte_p%C3%BAblico-line-0_886-Brasilia-1702-851595-704024-0,-1.0,-15.8063,-48.07003,8.33,,,2,2023-06-15T23:07:30+00:00
BRA_336360,Brasília,5300108,,Urbi,394.1,https://moovitapp.com/index/pt-br/transporte_p%C3%BAblico-line-394_1-Brasilia-1702-851595-334089-0,-1.0,-15.79194,-47.88465,9.17,,,2,2023-06-15T23:07:30+00:00
BRA_336092,Brasília,5300108,,Urbi,870.1,https://moovitapp.com/index/pt-br/transporte_p%C3%BAblico-line-870_1-Brasilia-1702-851595-715272-0,-1.0,-15.88377,-48.06065,12.22,,,2,2023-06-15T23:07:30+00:00
BRA_340570,Brasília,5300108,,Urbi,396.3,https://moovitapp.com/index/pt-br/transporte_p%C3%BAblico-line-396_3-Brasilia-1702-851595-372378-0,-1.0,-15.8708,-47.97427,12.5,,,2,2023-06-15T23:07:30+00:00
BRA_340120,Brasília,5300108,,Urbi,396.2,https://moovitapp.com/index/pt-br/transporte_p%C3%BAblico-line-396_2-Brasilia-1702-851595-372377-0,-1.0,-15.87772,-48.00745,10.0,,,1,2023-06-15T23:07:30+00:00
BRA_339237,Brasília,5300108,,Urbi,0.821,https://moovitapp.com/index/pt-br/transporte_p%C3%BAblico-line-0_821-Brasilia-1702-851595-334080-0,-1.0,-15.86302,-47.95887,4.17,,,2,2023-06-15T23:07:30+00:00
BRA_338443,Brasília,5300108,,Urbi,0.038,https://moovitapp.com/index/pt-br/transporte_p%C3%BAblico-line-0_038-Brasilia-1702-851595-687419-0,-1.0,-15.8305,-48.05107,12.5,,,1,2023-06-15T23:07:30+00:00
BRA_338231,Brasília,5300108,,Urbi,0.808,https://moovitapp.com/index/pt-br/transporte_p%C3%BAblico-line-0_808-Brasilia-1702-851595-372359-0,-1.0,-15.92107,-48.1079,0.0,,,1,2023-06-15T23:07:31+00:00
BRA_338575,Brasília,5300108,,Urbi,0.808,https://moovitapp.com/index/pt-br/transporte_p%C3%BAblico-line-0_808-Brasilia-1702-851595-372359-0,-1.0,-15.88881,-48.05811,18.06,,,1,2023-06-15T23:07:31+00:00
BRA_336777,Brasília,5300108,,Urbi,394.1,https://moovitapp.com/index/pt-br/transporte_p%C3%BAblico-line-394_1-Brasilia-1702-851595-334089-0,-1.0,-15.80835,-47.96068,18.89,,,1,2023-06-15T23:07:31+00:00
BRA_340103,Brasília,5300108,,Urbi,373.2,https://moovitapp.com/index/pt-br/transporte_p%C3%BAblico-line-373_2-Brasilia-1702-851595-334084-0,-1.0,-15.8723,-47.97723,14.72,,,2,2023-06-15T23:07:31+00:00
BRA_340049,Brasília,5300108,,Urbi,396.3,https://moovitapp.com/index/pt-br/transporte_p%C3%BAblico-line-396_3-Brasilia-1702-851595-372378-0,-1.0,-15.87539,-47.98347,16.11,,,2,2023-06-15T23:07:31+00:00
BRA_340341,Brasília,5300108,,Urbi,396.2,https://moovitapp.com/index/pt-br/transporte_p%C3%BAblico-line-396_2-Brasilia-1702-851595-372377-0,-1.0,-15.85755,-47.95643,2.5,,,2,2023-06-15T23:07:31+00:00
BRA_340375,Brasília,5300108,,Urbi,0.129,https://moovitapp.com/index/pt-br/transporte_p%C3%BAblico-line-0_129-Brasilia-1702-851595-775097-0,-1.0,-15.84571,-47.89579,9.17,,,1,2023-06-15T23:07:31+00:00
BRA_339547,Brasília,5300108,,Urbi,806.1,https://moovitapp.com/index/pt-br/transporte_p%C3%BAblico-line-806_1-Brasilia-1702-851595-775104-0,-1.0,-15.90894,-48.049,8.89,,,2,2023-06-15T23:07:31+00:00
BRA_336513,Brasília,5300108,,Urbi,0.871,https://moovitapp.com/index/pt-br/transporte_p%C3%BAblico-line-0_871-Brasilia-1702-851595-418741-0,-1.0,-15.9253,-48.05148,6.11,,,2,2023-06-15T23:07:32+00:00
BRA_336602,Brasília,5300108,,Urbi,0.881,https://moovitapp.com/index/pt-br/transporte_p%C3%BAblico-line-0_881-Brasilia-1702-851595-363857-0,-1.0,-15.8968,-48.04781,3.61,,,1,2023-06-15T23:07:32+00:00
BRA_335657,Brasília,5300108,,Urbi,0.050,https://moovitapp.com/index/pt-br/transporte_p%C3%BAblico-line-0_050-Brasilia-1702-851595-781325-0,-1.0,-15.84228,-48.05334,16.39,,,1,2023-06-15T23:07:32+00:00
BRA_335312,Brasília,5300108,,Urbi,0.380,https://moovitapp.com/index/pt-br/transporte_p%C3%BAblico-line-0_380-Brasilia-1702-851595-334073-0,-1.0,-15.89068,-48.13995,11.11,,,2,2023-06-15T23:07:32+00:00
BRA_340685,Brasília,5300108,,Urbi,393.4,https://moovitapp.com/index/pt-br/transporte_p%C3%BAblico-line-393_4-Brasilia-1702-851595-588816-0,-1.0,-15.8847,-48.09135,13.33,,,2,2023-06-15T23:07:32+00:00
BRA_338770,Brasília,5300108,,Urbi,0.811,https://moovitapp.com/index/pt-br/transporte_p%C3%BAblico-line-0_811-Brasilia-1702-851595-334078-0,-1.0,-15.80393,-47.89685,0.0,,,2,2023-06-15T23:07:32+00:00
BRA_338796,Brasília,5300108,,Urbi,806.1,https://moovitapp.com/index/pt-br/transporte_p%C3%BAblico-line-806_1-Brasilia-1702-851595-775104-0,-1.0,-15.92572,-48.04628,0.0,,,1,2023-06-15T23:07:33+00:00
BRA_338184,Brasília,5300108,,Urbi,0.882,https://moovitapp.com/index/pt-br/transporte_p%C3%BAblico-line-0_882-Brasilia-1702-851595-363858-0,-1.0,-15.87624,-47.99083,10.0,,,2,2023-06-15T23:07:33+00:00
BRA_339318,Brasília,5300108,,Urbi,396.2,https://moovitapp.com/index/pt-br/transporte_p%C3%BAblico-line-396_2-Brasilia-1702-851595-372377-0,-1.0,-15.79656,-47.94452,15.83,,,1,2023-06-15T23:07:33+00:00
BRA_340481,Brasília,5300108,,Urbi,366.1,https://moovitapp.com/index/pt-br/transporte_p%C3%BAblico-line-366_1-Brasilia-1702-851595-425249-0,-1.0,-15.88591,-48.14538,0.0,,,1,2023-06-15T23:07:33+00:00
BRA_340502,Brasília,5300108,,Urbi,3964,https://moovitapp.com/index/pt-br/transporte_p%C3%BAblico-line-3964-Brasilia-1702-851595-91525612-0,-1.0,-15.85706,-47.95624,5.28,,,1,2023-06-15T23:07:33+00:00
BRA_335827,Brasília,5300108,,Urbi,372.3,https://moovitapp.com/index/pt-br/transporte_p%C3%BAblico-line-372_3-Brasilia-1702-851595-641001-0,-1.0,-15.88959,-48.14247,11.94,,,1,2023-06-15T23:07:33+00:00
BRA_336599,Brasília,5300108,,Urbi,0.813,https://moovitapp.com/index/pt-br/transporte_p%C3%BAblico-line-0_813-Brasilia-1702-851595-651523-0,-1.0,-15.77167,-47.88863,15.83,,,1,2023-06-15T23:07:33+00:00
BRA_337439,Brasília,5300108,,Urbi,0.886,https://moovitapp.com/index/pt-br/transporte_p%C3%BAblico-line-0_886-Brasilia-1702-851595-704024-0,-1.0,-15.8201,-48.10944,8.61,,,2,2023-06-15T23:07:34+00:00
BRA_336297,Brasília,5300108,,Urbi,372.4,https://moovitapp.com/index/pt-br/transporte_p%C3%BAblico-line-372_4-Brasilia-1702-851595-650087-0,-1.0,-15.80433,-48.07248,8.89,,,1,2023-06-15T23:07:34+00:00
BRA_335797,Brasília,5300108,,Urbi,0.853,https://moovitapp.com/index/pt-br/transporte_p%C3%BAblico-line-0_853-Brasilia-1702-851595-454968-0,-1.0,-15.87915,-48.06122,3.33,,,2,2023-06-15T23:07:34+00:00
BRA_338150,Brasília,5300108,,Urbi,0.882,https://moovitapp.com/index/pt-br/transporte_p%C3%BAblico-line-0_882-Brasilia-1702-851595-363858-0,-1.0,-15.91522,-48.04715,10.0,,,1,2023-06-15T23:07:34+00:00
BRA_338630,Brasília,5300108,,Urbi,0.176,https://moovitapp.com/index/pt-br/transporte_p%C3%BAblico-line-0_176-Brasilia-1702-851595-242527-0,-1.0,-15.88643,-48.02132,5.83,,,2,2023-06-15T23:07:34+00:00
BRA_338591,Brasília,5300108,,Urbi,807.8,https://moovitapp.com/index/pt-br/transporte_p%C3%BAblico-line-807_8-Brasilia-1702-851595-322408-0,-1.0,-15.94081,-48.03638,3.61,,,2,2023-06-15T23:07:35+00:00
BRA_339041,Brasília,5300108,,Urbi,0.883,https://moovitapp.com/index/pt-br/transporte_p%C3%BAblico-line-0_883-Brasilia-1702-851595-510239-0,-1.0,-15.81368,-48.09785,6.67,,,1,2023-06-15T23:07:35+00:00
BRA_339245,Brasília,5300108,,Urbi,056.4,https://moovitapp.com/index/pt-br/transporte_p%C3%BAblico-line-056_4-Brasilia-1702-851595-519387-0,-1.0,-15.85366,-48.09765,17.22,,,1,2023-06-15T23:07:35+00:00
BRA_337978,Brasília,5300108,,Urbi,872.4,https://moovitapp.com/index/pt-br/transporte_p%C3%BAblico-line-872_4-Brasilia-1702-851595-372392-0,-1.0,-15.81149,-48.06477,3.06,,,1,2023-06-15T23:07:35+00:00
BRA_339342,Brasília,5300108,,Urbi,0.391,https://moovitapp.com/index/pt-br/transporte_p%C3%BAblico-line-0_391-Brasilia-1702-851595-372354-0,-1.0,-15.86091,-48.06053,11.39,,,2,2023-06-15T23:07:35+00:00
BRA_339890,Brasília,5300108,,Urbi,366.7,https://moovitapp.com/index/pt-br/transporte_p%C3%BAblico-line-366_7-Brasilia-1702-851595-650086-0,-1.0,-15.90177,-48.12867,0.0,,,1,2023-06-15T23:07:35+00:00
BRA_340057,Brasília,5300108,,Urbi,0.366,https://moovitapp.com/index/pt-br/transporte_p%C3%BAblico-line-0_366-Brasilia-1702-851595-650085-0,-1.0,-15.88367,-48.14981,0.0,,,1,2023-06-15T23:07:35+00:00
BRA_336262,Brasília,5300108,,Urbi,0.053,https://moovitapp.com/index/pt-br/transporte_p%C3%BAblico-line-0_053-Brasilia-1702-851595-588803-0,-1.0,-15.8867,-48.10472,6.67,,,1,2023-06-15T23:07:35+00:00
BRA_336963,Brasília,5300108,,Urbi,871.3,https://moovitapp.com/index/pt-br/transporte_p%C3%BAblico-line-871_3-Brasilia-1702-851595-588820-0,-1.0,-15.8301,-47.95216,15.0,,,2,2023-06-15T23:07:35+00:00
BRA_336971,Brasília,5300108,,Urbi,0.172,https://moovitapp.com/index/pt-br/transporte_p%C3%BAblico-line-0_172-Brasilia-1702-851595-470756-0,-1.0,-15.84973,-47.95496,16.11,,,2,2023-06-15T23:07:36+00:00
BRA_339458,Brasília,5300108,,Urbi,807.6,https://moovitapp.com/index/pt-br/transporte_p%C3%BAblico-line-807_6-Brasilia-1702-851595-334092-0,-1.0,-15.91692,-48.06225,9.44,,,1,2023-06-15T23:07:36+00:00
BRA_336637,Brasília,5300108,,Urbi,0.813,https://moovitapp.com/index/pt-br/transporte_p%C3%BAblico-line-0_813-Brasilia-1702-851595-651523-0,-1.0,-15.88909,-48.05822,8.06,,,2,2023-06-15T23:07:36+00:00
BRA_340316,Brasília,5300108,,Urbi,3964,https://moovitapp.com/index/pt-br/transporte_p%C3%BAblico-line-3964-Brasilia-1702-851595-91525612-0,-1.0,-15.85643,-47.9561,6.11,,,2,2023-06-15T23:07:36+00:00
BRA_335851,Brasília,5300108,,Urbi,0.082,https://moovitapp.com/index/pt-br/transporte_p%C3%BAblico-line-0_082-Brasilia-1702-851595-781326-0,-1.0,-15.79148,-47.94293,14.72,,,1,2023-06-15T23:07:36+00:00
BRA_339202,Brasília,5300108,,Urbi,0.340,https://moovitapp.com/index/pt-br/transporte_p%C3%BAblico-line-0_340-Brasilia-1702-851595-641378-0,-1.0,-15.94251,-48.24337,8.33,,,2,2023-06-15T23:07:36+00:00
BRA_339091,Brasília,5300108,,Urbi,870.1,https://moovitapp.com/index/pt-br/transporte_p%C3%BAblico-line-870_1-Brasilia-1702-851595-715272-0,-1.0,-15.94965,-48.03354,0.0,,,1,2023-06-15T23:07:36+00:00
BRA_339032,Brasília,5300108,,Urbi,0.176,https://moovitapp.com/index/pt-br/transporte_p%C3%BAblico-line-0_176-Brasilia-1702-851595-242527-0,-1.0,-15.8785,-48.00042,11.39,,,2,2023-06-15T23:07:36+00:00
BRA_340162,Brasília,5300108,,Urbi,056.4,https://moovitapp.com/index/pt-br/transporte_p%C3%BAblico-line-056_4-Brasilia-1702-851595-519387-0,-1.0,-15.88391,-48.15009,0.28,,,1,2023-06-15T23:07:37+00:00
BRA_333913,Brasília,5300108,,Urbi,391.3,https://moovitapp.com/index/pt-br/transporte_p%C3%BAblico-line-391_3-Brasilia-1702-851595-372373-0,-1.0,-15.76971,-47.88905,0.0,,,1,2023-06-15T23:07:37+00:00
BRA_336459,Brasília,5300108,,Urbi,0.175,https://moovitapp.com/index/pt-br/transporte_p%C3%BAblico-line-0_175-Brasilia-1702-851595-242526-0,-1.0,-15.75656,-47.89343,14.17,,,2,2023-06-15T23:07:37+00:00
BRA_336386,Brasília,5300108,,Urbi,0.394,https://moovitapp.com/index/pt-br/transporte_p%C3%BAblico-line-0_394-Brasilia-1702-851595-334076-0,-1.0,-15.79334,-47.88246,0.28,,,2,2023-06-15T23:07:37+00:00
BRA_336238,Brasília,5300108,,Urbi,391.3,https://moovitapp.com/index/pt-br/transporte_p%C3%BAblico-line-391_3-Brasilia-1702-851595-372373-0,-1.0,-15.87758,-48.05168,8.06,,,2,2023-06-15T23:07:37+00:00
BRA_336149,Brasília,5300108,,Urbi,0.810,https://moovitapp.com/index/pt-br/transporte_p%C3%BAblico-line-0_810-Brasilia-1702-851595-363856-0,-1.0,-15.90616,-48.08076,5.83,,,2,2023-06-15T23:07:37+00:00
BRA_339679,Brasília,5300108,,Urbi,393.7,https://moovitapp.com/index/pt-br/transporte_p%C3%BAblico-line-393_7-Brasilia-1702-851595-588818-0,-1.0,-15.84033,-48.04936,0.0,,,1,2023-06-15T23:07:37+00:00
BRA_337480,Brasília,5300108,,Urbi,870.7,https://moovitapp.com/index/pt-br/transporte_p%C3%BAblico-line-870_7-Brasilia-1702-851595-531037-0,-1.0,-15.84371,-47.94165,0.0,,,2,2023-06-15T23:07:38+00:00
BRA_337331,Brasília,5300108,,Urbi,870.1,https://moovitapp.com/index/pt-br/transporte_p%C3%BAblico-line-870_1-Brasilia-1702-851595-715272-0,-1.0,-15.84112,-47.92105,2.78,,,1,2023-06-15T23:07:38+00:00
BRA_337820,Brasília,5300108,,Urbi,0.882,https://moovitapp.com/index/pt-br/transporte_p%C3%BAblico-line-0_882-Brasilia-1702-851595-363858-0,-1.0,-15.79297,-47.8826,3.06,,,2,2023-06-15T23:07:38+00:00
BRA_336157,Brasília,5300108,,Urbi,0.176,https://moovitapp.com/index/pt-br/transporte_p%C3%BAblico-line-0_176-Brasilia-1702-851595-242527-0,-1.0,-15.82175,-47.89634,12.78,,,2,2023-06-15T23:07:38+00:00
BRA_336394,Brasília,5300108,,Urbi,391.3,https://moovitapp.com/index/pt-br/transporte_p%C3%BAblico-line-391_3-Brasilia-1702-851595-372373-0,-1.0,-15.87217,-47.97689,18.06,,,2,2023-06-15T23:07:38+00:00
BRA_336378,Brasília,5300108,,Urbi,0.380,https://moovitapp.com/index/pt-br/transporte_p%C3%BAblico-line-0_380-Brasilia-1702-851595-334073-0,-1.0,-15.83471,-48.07658,6.67,,,2,2023-06-15T23:07:38+00:00
BRA_335762,Brasília,5300108,,Urbi,373.2,https://moovitapp.com/index/pt-br/transporte_p%C3%BAblico-line-373_2-Brasilia-1702-851595-334084-0,-1.0,-15.82759,-47.91423,18.06,,,1,2023-06-15T23:07:38+00:00
BRA_336653,Brasília,5300108,,Urbi,0.834,https://moovitapp.com/index/pt-br/transporte_p%C3%BAblico-line-0_834-Brasilia-1702-851595-775099-0,-1.0,-15.87777,-48.11686,10.83,,,2,2023-06-15T23:07:38+00:00
BRA_337994,Brasília,5300108,,Urbi,813.2,https://moovitapp.com/index/pt-br/transporte_p%C3%BAblico-line-813_2-Brasilia-1702-851595-242636-0,-1.0,-15.82048,-47.91751,0.0,,,2,2023-06-15T23:07:38+00:00
BRA_338435,Brasília,5300108,,Urbi,0.809,https://moovitapp.com/index/pt-br/transporte_p%C3%BAblico-line-0_809-Brasilia-1702-851595-516630-0,-1.0,-15.92694,-48.10691,4.17,,,1,2023-06-15T23:07:38+00:00
BRA_338648,Brasília,5300108,,Urbi,805.1,https://moovitapp.com/index/pt-br/transporte_p%C3%BAblico-line-805_1-Brasilia-1702-851595-454980-0,-1.0,-15.90939,-48.09679,11.94,,,1,2023-06-15T23:07:38+00:00
BRA_339288,Brasília,5300108,,Urbi,0.056,https://moovitapp.com/index/pt-br/transporte_p%C3%BAblico-line-0_056-Brasilia-1702-851595-588804-0,-1.0,-15.83913,-48.10831,9.44,,,1,2023-06-15T23:07:39+00:00
BRA_340626,Brasília,5300108,,Urbi,3804,https://moovitapp.com/index/pt-br/transporte_p%C3%BAblico-line-3804-Brasilia-1702-851595-91943130-0,-1.0,-15.80916,-47.93539,15.56,,,2,2023-06-15T23:07:39+00:00
BRA_340251,Brasília,5300108,,Urbi,0.171,https://moovitapp.com/index/pt-br/transporte_p%C3%BAblico-line-0_171-Brasilia-1702-851595-242524-0,-1.0,-15.87599,-47.97467,5.0,,,2,2023-06-15T23:07:39+00:00
BRA_335673,Brasília,5300108,,Urbi,0.373,https://moovitapp.com/index/pt-br/transporte_p%C3%BAblico-line-0_373-Brasilia-1702-851595-334072-0,-1.0,-15.79312,-47.88243,0.0,,,2,2023-06-15T23:07:39+00:00
BRA_335908,Brasília,5300108,,Urbi,397.2,https://moovitapp.com/index/pt-br/transporte_p%C3%BAblico-line-397_2-Brasilia-1702-851595-890938-0,-1.0,-15.7884,-48.13494,0.0,,,2,2023-06-15T23:07:39+00:00
BRA_335380,Brasília,5300108,,Urbi,0.825,https://moovitapp.com/index/pt-br/transporte_p%C3%BAblico-line-0_825-Brasilia-1702-851595-334081-0,-1.0,-15.87771,-48.0081,12.5,,,2,2023-06-15T23:07:39+00:00
BRA_333981,Brasília,5300108,,Urbi,0.056,https://moovitapp.com/index/pt-br/transporte_p%C3%BAblico-line-0_056-Brasilia-1702-851595-588804-0,-1.0,-15.81761,-48.08241,8.89,,,1,2023-06-15T23:07:39+00:00
BRA_337731,Brasília,5300108,,Urbi,871.3,https://moovitapp.com/index/pt-br/transporte_p%C3%BAblico-line-871_3-Brasilia-1702-851595-588820-0,-1.0,-15.87642,-48.04942,14.17,,,2,2023-06-15T23:07:39+00:00
BRA_337790,Brasília,5300108,,Urbi,813.2,https://moovitapp.com/index/pt-br/transporte_p%C3%BAblico-line-813_2-Brasilia-1702-851595-242636-0,-1.0,-15.77494,-47.88837,0.0,,,2,2023-06-15T23:07:40+00:00
BRA_337242,Brasília,5300108,,Urbi,807.8,https://moovitapp.com/index/pt-br/transporte_p%C3%BAblico-line-807_8-Brasilia-1702-851595-322408-0,-1.0,-15.9484,-48.03352,10.83,,,2,2023-06-15T23:07:40+00:00
BRA_339423,Brasília,5300108,,Urbi,807.8,https://moovitapp.com/index/pt-br/transporte_p%C3%BAblico-line-807_8-Brasilia-1702-851595-322408-0,-1.0,-15.92027,-48.04593,0.0,,,1,2023-06-15T23:07:40+00:00
BRA_337048,Brasília,5300108,,Urbi,0.898,https://moovitapp.com/index/pt-br/transporte_p%C3%BAblico-line-0_898-Brasilia-1702-851595-322394-0,-1.0,-15.83768,-48.04844,0.0,,,1,2023-06-15T23:07:40+00:00
BRA_333930,Brasília,5300108,,Urbi,0.391,https://moovitapp.com/index/pt-br/transporte_p%C3%BAblico-line-0_391-Brasilia-1702-851595-372354-0,-1.0,-15.89126,-48.12998,15.56,,,1,2023-06-15T23:07:40+00:00
BRA_335398,Brasília,5300108,,Urbi,366.7,https://moovitapp.com/index/pt-br/transporte_p%C3%BAblico-line-366_7-Brasilia-1702-851595-650086-0,-1.0,-15.89934,-48.12812,14.72,,,2,2023-06-15T23:07:40+00:00
BRA_335801,Brasília,5300108,,Urbi,3944,https://moovitapp.com/index/pt-br/transporte_p%C3%BAblico-line-3944-Brasilia-1702-851595-90452197-0,-1.0,-15.83329,-48.05733,1.94,,,1,2023-06-15T23:07:40+00:00
BRA_335541,Brasília,5300108,,Urbi,0.845,https://moovitapp.com/index/pt-br/transporte_p%C3%BAblico-line-0_845-Brasilia-1702-851595-339304-0,-1.0,-15.87122,-48.05764,4.44,,,2,2023-06-15T23:07:40+00:00
BRA_335550,Brasília,5300108,,Urbi,056.2,https://moovitapp.com/index/pt-br/transporte_p%C3%BAblico-line-056_2-Brasilia-1702-851595-492982-0,-1.0,-15.87074,-48.08979,10.0,,,1,2023-06-15T23:07:40+00:00
BRA_340171,Brasília,5300108,,Urbi,0.391,https://moovitapp.com/index/pt-br/transporte_p%C3%BAblico-line-0_391-Brasilia-1702-851595-372354-0,-1.0,-15.74516,-47.89675,0.0,,,1,2023-06-15T23:07:40+00:00
BRA_340669,Brasília,5300108,,Urbi,0.821,https://moovitapp.com/index/pt-br/transporte_p%C3%BAblico-line-0_821-Brasilia-1702-851595-334080-0,-1.0,-15.89886,-48.12827,12.22,,,1,2023-06-15T23:07:40+00:00
BRA_340081,Brasília,5300108,,Urbi,0.373,https://moovitapp.com/index/pt-br/transporte_p%C3%BAblico-line-0_373-Brasilia-1702-851595-334072-0,-1.0,-15.86668,-47.96608,17.78,,,2,2023-06-15T23:07:40+00:00
BRA_340073,Brasília,5300108,,Urbi,366.1,https://moovitapp.com/index/pt-br/transporte_p%C3%BAblico-line-366_1-Brasilia-1702-851595-425249-0,-1.0,-15.90236,-48.12907,0.0,,,1,2023-06-15T23:07:40+00:00
BRA_340090,Brasília,5300108,,Urbi,056.4,https://moovitapp.com/index/pt-br/transporte_p%C3%BAblico-line-056_4-Brasilia-1702-851595-519387-0,-1.0,-15.83701,-48.07526,16.94,,,1,2023-06-15T23:07:40+00:00
BRA_338354,Brasília,5300108,,Urbi,0.898,https://moovitapp.com/index/pt-br/transporte_p%C3%BAblico-line-0_898-Brasilia-1702-851595-322394-0,-1.0,-15.83558,-48.06996,17.22,,,1,2023-06-15T23:07:40+00:00
BRA_338842,Brasília,5300108,,Urbi,874.4,https://moovitapp.com/index/pt-br/transporte_p%C3%BAblico-line-874_4-Brasilia-1702-851595-775106-0,-1.0,-15.91619,-48.05018,2.22,,,2,2023-06-15T23:07:40+00:00
BRA_338753,Brasília,5300108,,Urbi,807.9,https://moovitapp.com/index/pt-br/transporte_p%C3%BAblico-line-807_9-Brasilia-1702-851595-322409-0,-1.0,-15.88932,-48.05818,8.06,,,2,2023-06-15T23:07:41+00:00
BRA_338028,Brasília,5300108,,Urbi,0.368,https://moovitapp.com/index/pt-br/transporte_p%C3%BAblico-line-0_368-Brasilia-1702-851595-706971-0,-1.0,-15.81975,-48.08675,13.89,,,1,2023-06-15T23:07:41+00:00
BRA_338290,Brasília,5300108,,Urbi,813.2,https://moovitapp.com/index/pt-br/transporte_p%C3%BAblico-line-813_2-Brasilia-1702-851595-242636-0,-1.0,-15.73588,-47.90697,0.0,,,2,2023-06-15T23:07:41+00:00
BRA_338192,Brasília,5300108,,Urbi,0.087,https://moovitapp.com/index/pt-br/transporte_p%C3%BAblico-line-0_087-Brasilia-1702-851595-242519-0,-1.0,-15.87724,-47.99778,19.72,,,1,2023-06-15T23:07:41+00:00
BRA_338265,Brasília,5300108,,Urbi,0.810,https://moovitapp.com/index/pt-br/transporte_p%C3%BAblico-line-0_810-Brasilia-1702-851595-363856-0,-1.0,-15.87894,-48.0521,18.61,,,1,2023-06-15T23:07:41+00:00
BRA_340634,Brasília,5300108,,Urbi,0.366,https://moovitapp.com/index/pt-br/transporte_p%C3%BAblico-line-0_366-Brasilia-1702-851595-650085-0,-1.0,-15.88395,-48.12948,0.0,,,1,2023-06-15T23:07:41+00:00
BRA_340383,Brasília,5300108,,Urbi,0.391,https://moovitapp.com/index/pt-br/transporte_p%C3%BAblico-line-0_391-Brasilia-1702-851595-372354-0,-1.0,-15.85972,-47.95673,4.17,,,2,2023-06-15T23:07:41+00:00
BRA_335983,Brasília,5300108,,Urbi,396.3,https://moovitapp.com/index/pt-br/transporte_p%C3%BAblico-line-396_3-Brasilia-1702-851595-372378-0,-1.0,-15.74882,-47.89589,11.11,,,2,2023-06-15T23:07:41+00:00
BRA_336947,Brasília,5300108,,Urbi,874.4,https://moovitapp.com/index/pt-br/transporte_p%C3%BAblico-line-874_4-Brasilia-1702-851595-775106-0,-1.0,-15.87462,-48.03945,14.72,,,1,2023-06-15T23:07:41+00:00
BRA_337951,Brasília,5300108,,Urbi,0.368,https://moovitapp.com/index/pt-br/transporte_p%C3%BAblico-line-0_368-Brasilia-1702-851595-706971-0,-1.0,-15.84182,-48.04824,3.89,,,1,2023-06-15T23:07:41+00:00
BRA_339601,Brasília,5300108,,Urbi,086.1,https://moovitapp.com/index/pt-br/transporte_p%C3%BAblico-line-086_1-Brasilia-1702-851595-481321-0,-1.0,-15.83962,-47.96655,0.0,,,1,2023-06-15T23:07:41+00:00
BRA_339474,Brasília,5300108,,Urbi,0.806,https://moovitapp.com/index/pt-br/transporte_p%C3%BAblico-line-0_806-Brasilia-1702-851595-339299-0,-1.0,-15.90894,-48.049,7.5,,,2,2023-06-15T23:07:41+00:00
BRA_336343,Brasília,5300108,,Urbi,0.825,https://moovitapp.com/index/pt-br/transporte_p%C3%BAblico-line-0_825-Brasilia-1702-851595-334081-0,-1.0,-15.82774,-47.91451,16.94,,,1,2023-06-15T23:07:42+00:00
BRA_335452,Brasília,5300108,,Urbi,373.2,https://moovitapp.com/index/pt-br/transporte_p%C3%BAblico-line-373_2-Brasilia-1702-851595-334084-0,-1.0,-15.88367,-48.15004,0.0,,,1,2023-06-15T23:07:42+00:00
BRA_336327,Brasília,5300108,,Urbi,0.380,https://moovitapp.com/index/pt-br/transporte_p%C3%BAblico-line-0_380-Brasilia-1702-851595-334073-0,-1.0,-15.86851,-48.0998,9.17,,,1,2023-06-15T23:07:42+00:00
BRA_336629,Brasília,5300108,,Urbi,813.1,https://moovitapp.com/index/pt-br/transporte_p%C3%BAblico-line-813_1-Brasilia-1702-851595-242635-0,-1.0,-15.88672,-48.05899,4.72,,,2,2023-06-15T23:07:42+00:00
BRA_336084,Brasília,5300108,,Urbi,038.1,https://moovitapp.com/index/pt-br/transporte_p%C3%BAblico-line-038_1-Brasilia-1702-851595-781327-0,-1.0,-15.869,-48.01971,6.94,,,1,2023-06-15T23:07:42+00:00
BRA_336050,Brasília,5300108,,Urbi,367.2,https://moovitapp.com/index/pt-br/transporte_p%C3%BAblico-line-367_2-Brasilia-1702-851595-454971-0,-1.0,-15.84884,-48.06062,5.0,,,1,2023-06-15T23:07:42+00:00
BRA_340324,Brasília,5300108,,Urbi,393.6,https://moovitapp.com/index/pt-br/transporte_p%C3%BAblico-line-393_6-Brasilia-1702-851595-588817-0,-1.0,-15.8376,-48.05904,12.22,,,1,2023-06-15T23:07:42+00:00
BRA_336823,Brasília,5300108,,Urbi,0.811,https://moovitapp.com/index/pt-br/transporte_p%C3%BAblico-line-0_811-Brasilia-1702-851595-334078-0,-1.0,-15.87713,-48.00128,15.83,,,2,2023-06-15T23:07:42+00:00
BRA_339903,Brasília,5300108,,Urbi,398.3,https://moovitapp.com/index/pt-br/transporte_p%C3%BAblico-line-398_3-Brasilia-1702-851595-706973-0,-1.0,-15.87576,-47.97459,0.0,,,1,2023-06-15T23:07:42+00:00
BRA_340189,Brasília,5300108,,Urbi,396.3,https://moovitapp.com/index/pt-br/transporte_p%C3%BAblico-line-396_3-Brasilia-1702-851595-372378-0,-1.0,-15.79128,-47.88926,18.61,,,1,2023-06-15T23:07:43+00:00
BRA_340448,Brasília,5300108,,Urbi,366.7,https://moovitapp.com/index/pt-br/transporte_p%C3%BAblico-line-366_7-Brasilia-1702-851595-650086-0,-1.0,-15.85943,-48.06827,0.0,,,1,2023-06-15T23:07:43+00:00
BRA_340618,Brasília,5300108,,Urbi,396.3,https://moovitapp.com/index/pt-br/transporte_p%C3%BAblico-line-396_3-Brasilia-1702-851595-372378-0,-1.0,-15.81076,-47.94285,4.44,,,1,2023-06-15T23:07:43+00:00
BRA_339814,Brasília,5300108,,Urbi,367.2,https://moovitapp.com/index/pt-br/transporte_p%C3%BAblico-line-367_2-Brasilia-1702-851595-454971-0,-1.0,-15.85161,-48.06765,5.83,,,1,2023-06-15T23:07:43+00:00
BRA_338010,Brasília,5300108,,Urbi,0.811,https://moovitapp.com/index/pt-br/transporte_p%C3%BAblico-line-0_811-Brasilia-1702-851595-334078-0,-1.0,-15.7697,-47.88908,0.0,,,1,2023-06-15T23:07:43+00:00
BRA_338087,Brasília,5300108,,Urbi,0.898,https://moovitapp.com/index/pt-br/transporte_p%C3%BAblico-line-0_898-Brasilia-1702-851595-322394-0,-1.0,-15.89871,-48.04716,6.11,,,1,2023-06-15T23:07:43+00:00
BRA_338427,Brasília,5300108,,Urbi,0.808,https://moovitapp.com/index/pt-br/transporte_p%C3%BAblico-line-0_808-Brasilia-1702-851595-372359-0,-1.0,-15.84441,-48.07547,18.33,,,2,2023-06-15T23:07:43+00:00
BRA_339229,Brasília,5300108,,Urbi,3944,https://moovitapp.com/index/pt-br/transporte_p%C3%BAblico-line-3944-Brasilia-1702-851595-90452197-0,-1.0,-15.83168,-48.05021,9.44,,,2,2023-06-15T23:07:43+00:00
BRA_336271,Brasília,5300108,,Urbi,0.380,https://moovitapp.com/index/pt-br/transporte_p%C3%BAblico-line-0_380-Brasilia-1702-851595-334073-0,-1.0,-15.8082,-47.9606,18.89,,,2,2023-06-15T23:07:43+00:00
BRA_337277,Brasília,5300108,,Urbi,084.1,https://moovitapp.com/index/pt-br/transporte_p%C3%BAblico-line-084_1-Brasilia-1702-851595-466292-0,-1.0,-15.86233,-47.95808,3.89,,,1,2023-06-15T23:07:43+00:00
BRA_335363,Brasília,5300108,,Urbi,0.050,https://moovitapp.com/index/pt-br/transporte_p%C3%BAblico-line-0_050-Brasilia-1702-851595-781325-0,-1.0,-15.88584,-48.12996,10.83,,,1,2023-06-15T23:07:44+00:00
BRA_336335,Brasília,5300108,,Urbi,0.394,https://moovitapp.com/index/pt-br/transporte_p%C3%BAblico-line-0_394-Brasilia-1702-851595-334076-0,-1.0,-15.81743,-48.01265,17.78,,,1,2023-06-15T23:07:44+00:00
BRA_338800,Brasília,5300108,,Urbi,0.811,https://moovitapp.com/index/pt-br/transporte_p%C3%BAblico-line-0_811-Brasilia-1702-851595-334078-0,-1.0,-15.87461,-48.04685,0.0,,,2,2023-06-15T23:07:44+00:00
BRA_338061,Brasília,5300108,,Urbi,805.9,https://moovitapp.com/index/pt-br/transporte_p%C3%BAblico-line-805_9-Brasilia-1702-851595-454983-0,-1.0,-15.83162,-48.05775,6.94,,,1,2023-06-15T23:07:44+00:00
BRA_340308,Brasília,5300108,,Urbi,0.054,https://moovitapp.com/index/pt-br/transporte_p%C3%BAblico-line-0_054-Brasilia-1702-851595-454960-0,-1.0,-15.84647,-48.04896,10.56,,,1,2023-06-15T23:07:44+00:00
BRA_336874,Brasília,5300108,,Urbi,813.1,https://moovitapp.com/index/pt-br/transporte_p%C3%BAblico-line-813_1-Brasilia-1702-851595-242635-0,-1.0,-15.81076,-47.99377,18.61,,,2,2023-06-15T23:07:44+00:00
BRA_340693,Brasília,5300108,,Urbi,373.2,https://moovitapp.com/index/pt-br/transporte_p%C3%BAblico-line-373_2-Brasilia-1702-851595-334084-0,-1.0,-15.89272,-48.14892,7.22,,,2,2023-06-15T23:07:45+00:00
BRA_335681,Brasília,5300108,,Urbi,2068,https://moovitapp.com/index/pt-br/transporte_p%C3%BAblico-line-2068-Brasilia-1702-851595-137934736-0,-1.0,-15.88329,-48.06464,17.22,,,2,2023-06-15T23:07:45+00:00
BRA_337510,Brasília,5300108,,Urbi,818.1,https://moovitapp.com/index/pt-br/transporte_p%C3%BAblico-line-818_1-Brasilia-1702-851595-242639-0,-1.0,-15.80509,-48.07476,7.5,,,2,2023-06-15T23:07:45+00:00
BRA_337412,Brasília,5300108,,Urbi,0.882,https://moovitapp.com/index/pt-br/transporte_p%C3%BAblico-line-0_882-Brasilia-1702-851595-363858-0,-1.0,-15.88239,-48.06048,11.11,,,2,2023-06-15T23:07:45+00:00
BRA_337153,Brasília,5300108,,Urbi,874.4,https://moovitapp.com/index/pt-br/transporte_p%C3%BAblico-line-874_4-Brasilia-1702-851595-775106-0,-1.0,-15.87439,-48.0465,0.0,,,2,2023-06-15T23:07:45+00:00
BRA_337471,Brasília,5300108,,Urbi,0.087,https://moovitapp.com/index/pt-br/transporte_p%C3%BAblico-line-0_087-Brasilia-1702-851595-242519-0,-1.0,-15.80857,-47.96074,14.17,,,1,2023-06-15T23:07:45+00:00
BRA_339687,Brasília,5300108,,Urbi,367.2,https://moovitapp.com/index/pt-br/transporte_p%C3%BAblico-line-367_2-Brasilia-1702-851595-454971-0,-1.0,-15.85187,-48.06887,9.17,,,1,2023-06-15T23:07:45+00:00
BRA_337935,Brasília,5300108,,Urbi,084.1,https://moovitapp.com/index/pt-br/transporte_p%C3%BAblico-line-084_1-Brasilia-1702-851595-466292-0,-1.0,-15.76174,-47.923,12.5,,,1,2023-06-15T23:07:45+00:00
BRA_339466,Brasília,5300108,,Urbi,872.9,https://moovitapp.com/index/pt-br/transporte_p%C3%BAblico-line-872_9-Brasilia-1702-851595-372394-0,-1.0,-15.80437,-48.07254,4.44,,,1,2023-06-15T23:07:46+00:00
BRA_337579,Brasília,5300108,,Urbi,038.1,https://moovitapp.com/index/pt-br/transporte_p%C3%BAblico-line-038_1-Brasilia-1702-851595-781327-0,-1.0,-15.83147,-48.07746,6.11,,,1,2023-06-15T23:07:46+00:00
BRA_337111,Brasília,5300108,,Urbi,0.805,https://moovitapp.com/index/pt-br/transporte_p%C3%BAblico-line-0_805-Brasilia-1702-851595-460800-0,-1.0,-15.88431,-48.0598,10.28,,,1,2023-06-15T23:07:46+00:00
BRA_337200,Brasília,5300108,,Urbi,807.9,https://moovitapp.com/index/pt-br/transporte_p%C3%BAblico-line-807_9-Brasilia-1702-851595-322409-0,-1.0,-15.9054,-48.06591,0.0,,,2,2023-06-15T23:07:46+00:00
BRA_336432,Brasília,5300108,,Urbi,813.1,https://moovitapp.com/index/pt-br/transporte_p%C3%BAblico-line-813_1-Brasilia-1702-851595-242635-0,-1.0,-15.81176,-47.98803,12.5,,,1,2023-06-15T23:07:46+00:00
BRA_340219,Brasília,5300108,,Urbi,0.082,https://moovitapp.com/index/pt-br/transporte_p%C3%BAblico-line-0_082-Brasilia-1702-851595-781326-0,-1.0,-15.81762,-47.94988,12.5,,,1,2023-06-15T23:07:46+00:00
BRA_337374,Brasília,5300108,,Urbi,0.872,https://moovitapp.com/index/pt-br/transporte_p%C3%BAblico-line-0_872-Brasilia-1702-851595-466291-0,-1.0,-15.85736,-48.04393,1.94,,,1,2023-06-15T23:07:47+00:00
BRA_441279,Brasília,5300108,,Marechal,157.6,https://moovitapp.com/index/pt-br/transporte_p%C3%BAblico-line-157_6-Brasilia-1702-851940-419627-0,-1.0,-15.81099,-47.987207,0.0,,,2,2023-06-15T23:07:37+00:00
BRA_442771,Brasília,5300108,,Urbi,0.898,https://moovitapp.com/index/pt-br/transporte_p%C3%BAblico-line-0_898-Brasilia-1702-851595-322394-0,-1.0,-15.903773,-48.045493,5.0,,,2,2023-06-15T23:07:37+00:00
BRA_444006,Brasília,5300108,,Marechal,933.2,https://moovitapp.com/index/pt-br/transporte_p%C3%BAblico-line-933_2-Brasilia-1702-851940-717428-0,-1.0,-15.851423,-48.114977,26.0,,,2,2023-06-15T23:07:37+00:00
BRA_440469,Brasília,5300108,,Marechal,355.3,https://moovitapp.com/index/pt-br/transporte_p%C3%BAblico-line-355_3-Brasilia-1702-851940-504343-0,-1.0,-15.860873,-48.03746,22.0,,,2,2023-06-15T23:07:37+00:00
BRA_443972,Brasília,5300108,,Marechal,363.2,https://moovitapp.com/index/pt-br/transporte_p%C3%BAblico-line-363_2-Brasilia-1702-851940-725443-0,-1.0,-15.838827,-48.128783,9.0,,,2,2023-06-15T23:07:37+00:00
BRA_445347,Brasília,5300108,,Marechal,337.1,https://moovitapp.com/index/pt-br/transporte_p%C3%BAblico-line-337_1-Brasilia-1702-851940-347165-0,-1.0,-15.84524,-48.11192,15.0,,,2,2023-06-15T23:07:37+00:00
BRA_442861,Brasília,5300108,,Marechal,0.363,https://moovitapp.com/index/pt-br/transporte_p%C3%BAblico-line-0_363-Brasilia-1702-851940-504339-0,-1.0,-15.813497,-48.06408,0.0,,,2,2023-06-15T23:07:37+00:00
BRA_440701,Brasília,5300108,,Marechal,157.6,https://moovitapp.com/index/pt-br/transporte_p%C3%BAblico-line-157_6-Brasilia-1702-851940-419627-0,-1.0,-15.854453,-47.975207,26.0,,,2,2023-06-15T23:07:38+00:00
BRA_440744,Brasília,5300108,,Marechal,260.3,https://moovitapp.com/index/pt-br/transporte_p%C3%BAblico-line-260_3-Brasilia-1702-851940-393566-0,-1.0,-15.80852,-48.15706,0.0,,,2,2023-06-15T23:07:37+00:00
BRA_441597,Brasília,5300108,,Marechal,0.942,https://moovitapp.com/index/pt-br/transporte_p%C3%BAblico-line-0_942-Brasilia-1702-851940-347158-0,-1.0,-15.751447,-47.895047,30.0,,,2,2023-06-15T23:07:37+00:00
BRA_441881,Brasília,5300108,,Marechal,0.162,https://moovitapp.com/index/pt-br/transporte_p%C3%BAblico-line-0_162-Brasilia-1702-851940-766836-0,-1.0,-15.840013,-48.127257,0.0,,,2,2023-06-15T23:07:37+00:00
BRA_442453,Brasília,5300108,,Urbi,0.367,https://moovitapp.com/index/pt-br/transporte_p%C3%BAblico-line-0_367-Brasilia-1702-851595-519380-0,-1.0,-15.88827,-48.14282,34.0,,,2,2023-06-15T23:07:37+00:00
BRA_440272,Brasília,5300108,,Piracicabana,099.1,https://moovitapp.com/index/pt-br/transporte_p%C3%BAblico-line-099_1-Brasilia-1702-850942-775090-0,-1.0,-15.83331,-48.03941,1.0,,,2,2023-06-15T23:07:37+00:00
BRA_440311,Brasília,5300108,,Marechal,0.205,https://moovitapp.com/index/pt-br/transporte_p%C3%BAblico-line-0_205-Brasilia-1702-851940-463646-0,-1.0,-15.859947,-48.036487,54.0,,,2,2023-06-15T23:07:37+00:00
BRA_444448,Brasília,5300108,,Marechal,0.205,https://moovitapp.com/index/pt-br/transporte_p%C3%BAblico-line-0_205-Brasilia-1702-851940-463646-0,-1.0,-15.833323,-48.056317,0.0,,,2,2023-06-15T23:07:40+00:00
BRA_440680,Brasília,5300108,,Marechal,260.3,https://moovitapp.com/index/pt-br/transporte_p%C3%BAblico-line-260_3-Brasilia-1702-851940-393566-0,-1.0,-15.86971,-48.03856,0.0,,,2,2023-06-15T23:07:37+00:00
BRA_444707,Brasília,5300108,,Marechal,933.3,https://moovitapp.com/index/pt-br/transporte_p%C3%BAblico-line-933_3-Brasilia-1702-851940-450287-0,-1.0,-15.84093,-48.126613,0.0,,,2,2023-06-15T23:07:37+00:00
BRA_441031,Brasília,5300108,,Marechal,260.3,https://moovitapp.com/index/pt-br/transporte_p%C3%BAblico-line-260_3-Brasilia-1702-851940-393566-0,-1.0,-15.851393,-48.041083,24.0,,,2,2023-06-15T22:26:20+00:00
BRA_441562,Brasília,5300108,,Marechal,0.363,https://moovitapp.com/index/pt-br/transporte_p%C3%BAblico-line-0_363-Brasilia-1702-851940-504339-0,-1.0,-15.843507,-48.11327,22.0,,,2,2023-06-15T23:07:37+00:00
BRA_445185,Brasília,5300108,,Marechal,0.300,https://moovitapp.com/index/pt-br/transporte_p%C3%BAblico-line-0_300-Brasilia-1702-851940-419624-0,-1.0,-15.7937,-47.882903,0.0,,,2,2023-06-15T23:07:37+00:00
BRA_440841,Brasília,5300108,,Urbi,872.9,https://moovitapp.com/index/pt-br/transporte_p%C3%BAblico-line-872_9-Brasilia-1702-851595-372394-0,-1.0,-15.86947,-48.037877,0.0,,,2,2023-06-15T23:07:32+00:00
BRA_442127,Brasília,5300108,,Marechal,933.1,https://moovitapp.com/index/pt-br/transporte_p%C3%BAblico-line-933_1-Brasilia-1702-851940-358307-0,-1.0,-15.839837,-48.129537,31.0,,,2,2023-06-15T23:07:37+00:00
BRA_442496,Brasília,5300108,,Urbi,0.898,https://moovitapp.com/index/pt-br/transporte_p%C3%BAblico-line-0_898-Brasilia-1702-851595-322394-0,-1.0,-15.830757,-48.055113,36.0,,,2,2023-06-15T23:07:37+00:00
BRA_443395,Brasília,5300108,,Marechal,933.6,https://moovitapp.com/index/pt-br/transporte_p%C3%BAblico-line-933_6-Brasilia-1702-851940-3494672-0,-1.0,-15.848257,-48.120477,26.0,,,2,2023-06-15T23:07:39+00:00
BRA_443671,Brasília,5300108,,Marechal,0.959,https://moovitapp.com/index/pt-br/transporte_p%C3%BAblico-line-0_959-Brasilia-1702-851940-546208-0,-1.0,-15.864253,-48.033837,56.0,,,2,2023-06-15T23:03:54+00:00
BRA_440604,Brasília,5300108,,Marechal,0.349,https://moovitapp.com/index/pt-br/transporte_p%C3%BAblico-line-0_349-Brasilia-1702-851940-677511-0,-1.0,-15.779043,-47.874247,0.0,,,2,2023-06-15T23:07:37+00:00
BRA_441163,Brasília,5300108,,Marechal,0.900,https://moovitapp.com/index/pt-br/transporte_p%C3%BAblico-line-0_900-Brasilia-1702-851940-242733-0,-1.0,-15.788637,-48.015713,56.0,,,2,2023-06-15T23:07:37+00:00
BRA_440965,Brasília,5300108,,Marechal,357.1,https://moovitapp.com/index/pt-br/transporte_p%C3%BAblico-line-357_1-Brasilia-1702-851940-775113-0,-1.0,-15.835767,-48.063443,35.0,,,2,2023-06-15T23:07:39+00:00
BRA_444171,Brasília,5300108,,Marechal,933.3,https://moovitapp.com/index/pt-br/transporte_p%C3%BAblico-line-933_3-Brasilia-1702-851940-450287-0,-1.0,-15.83986,-48.134867,16.0,,,2,2023-06-15T23:07:37+00:00
BRA_440141,Brasília,5300108,,Marechal,162.2,https://moovitapp.com/index/pt-br/transporte_p%C3%BAblico-line-162_2-Brasilia-1702-851940-312446-0,-1.0,-15.7953,-47.87382,0.0,,,2,2023-06-15T23:07:37+00:00
BRA_443166,Brasília,5300108,,Marechal,0.361,https://moovitapp.com/index/pt-br/transporte_p%C3%BAblico-line-0_361-Brasilia-1702-851940-376158-0,-1.0,-15.839817,-48.129543,0.0,,,2,2023-06-15T23:07:38+00:00
BRA_443174,Brasília,5300108,,Marechal,850.1,https://moovitapp.com/index/pt-br/transporte_p%C3%BAblico-line-850_1-Brasilia-1702-851940-519398-0,-1.0,-15.87454,-48.035343,51.0,,,2,2023-06-15T23:07:37+00:00
BRA_441147,Brasília,5300108,,Marechal,0.205,https://moovitapp.com/index/pt-br/transporte_p%C3%BAblico-line-0_205-Brasilia-1702-851940-463646-0,-1.0,-15.869453,-48.03746,0.0,,,2,2023-06-15T23:07:37+00:00
BRA_443441,Brasília,5300108,,Marechal,0.363,https://moovitapp.com/index/pt-br/transporte_p%C3%BAblico-line-0_363-Brasilia-1702-851940-504339-0,-1.0,-15.847987,-48.120747,17.0,,,2,2023-06-15T23:07:37+00:00
BRA_441040,Brasília,5300108,,Marechal,959.1,https://moovitapp.com/index/pt-br/transporte_p%C3%BAblico-line-959_1-Brasilia-1702-851940-789939-0,-1.0,-15.807273,-48.08157,16.0,,,2,2023-06-15T23:07:37+00:00
BRA_441121,Brasília,5300108,,Marechal,0.090,https://moovitapp.com/index/pt-br/transporte_p%C3%BAblico-line-0_090-Brasilia-1702-851940-242702-0,-1.0,-15.785253,-47.934023,20.0,,,2,2023-06-15T23:07:37+00:00
BRA_443271,Brasília,5300108,,Marechal,0.554,https://moovitapp.com/index/pt-br/transporte_p%C3%BAblico-line-0_554-Brasilia-1702-851940-504340-0,-1.0,-15.83425,-48.08087,15.0,,,2,2023-06-15T23:07:37+00:00
BRA_443981,Brasília,5300108,,Marechal,0.369,https://moovitapp.com/index/pt-br/transporte_p%C3%BAblico-line-0_369-Brasilia-1702-851940-500060-0,-1.0,-15.839187,-48.12731,7.0,,,2,2023-06-15T23:07:37+00:00
BRA_441911,Brasília,5300108,,Marechal,0.089,https://moovitapp.com/index/pt-br/transporte_p%C3%BAblico-line-0_089-Brasilia-1702-851940-706977-0,-1.0,-15.804377,-48.072543,23.0,,,2,2023-06-15T23:07:39+00:00
BRA_442429,Brasília,5300108,,Marechal,363.2,https://moovitapp.com/index/pt-br/transporte_p%C3%BAblico-line-363_2-Brasilia-1702-851940-725443-0,-1.0,-15.807207,-48.08133,2.0,,,2,2023-06-15T23:07:37+00:00
BRA_441724,Brasília,5300108,,Urbi,367.2,https://moovitapp.com/index/pt-br/transporte_p%C3%BAblico-line-367_2-Brasilia-1702-851595-454971-0,-1.0,-15.839393,-48.09721,21.0,,,2,2023-06-15T23:07:37+00:00
BRA_440574,Brasília,5300108,,Marechal,0.153,https://moovitapp.com/index/pt-br/transporte_p%C3%BAblico-line-0_153-Brasilia-1702-851940-766835-0,-1.0,-15.807403,-47.964993,52.0,,,2,2023-06-15T23:07:41+00:00
BRA_440523,Brasília,5300108,,Marechal,0.162,https://moovitapp.com/index/pt-br/transporte_p%C3%BAblico-line-0_162-Brasilia-1702-851940-766836-0,-1.0,-15.86114,-48.04031,21.0,,,2,2023-06-15T23:07:37+00:00
BRA_444332,Brasília,5300108,,Marechal,0.234,https://moovitapp.com/index/pt-br/transporte_p%C3%BAblico-line-0_234-Brasilia-1702-851940-419623-0,-1.0,-15.876303,-48.04931,53.0,,,2,2023-06-15T23:07:37+00:00
BRA_441082,Brasília,5300108,,Marechal,376.1,https://moovitapp.com/index/pt-br/transporte_p%C3%BAblico-line-376_1-Brasilia-1702-851940-242798-0,-1.0,-15.81171,-48.064687,20.0,,,2,2023-06-15T23:07:37+00:00
BRA_443786,Brasília,5300108,,Marechal,0.951,https://moovitapp.com/index/pt-br/transporte_p%C3%BAblico-line-0_951-Brasilia-1702-851940-783578-0,-1.0,-15.869873,-48.037317,0.0,,,2,2023-06-15T23:07:37+00:00
BRA_445240,Brasília,5300108,,Marechal,0.336,https://moovitapp.com/index/pt-br/transporte_p%C3%BAblico-line-0_336-Brasilia-1702-851940-347142-0,-1.0,-15.850597,-48.113823,23.0,,,2,2023-06-15T23:07:41+00:00
BRA_441716,Brasília,5300108,,Urbi,0.399,https://moovitapp.com/index/pt-br/transporte_p%C3%BAblico-line-0_399-Brasilia-1702-851595-454964-0,-1.0,-15.83543,-48.075827,15.0,,,2,2023-06-15T23:07:40+00:00
BRA_440108,Brasília,5300108,,Marechal,0.156,https://moovitapp.com/index/pt-br/transporte_p%C3%BAblico-line-0_156-Brasilia-1702-851940-242705-0,-1.0,-15.80809,-47.90096,19.0,,,2,2023-06-15T23:07:37+00:00
BRA_440396,Brasília,5300108,,Marechal,306.2,https://moovitapp.com/index/pt-br/transporte_p%C3%BAblico-line-306_2-Brasilia-1702-851940-527237-0,-1.0,-15.869893,-48.03759,0.0,,,2,2023-06-15T22:46:56+00:00
BRA_442437,Brasília,5300108,,Marechal,933.4,https://moovitapp.com/index/pt-br/transporte_p%C3%BAblico-line-933_4-Brasilia-1702-851940-656766-0,-1.0,-15.841073,-48.12672,0.0,,,2,2023-06-15T23:07:37+00:00
BRA_440451,Brasília,5300108,,Marechal,355.2,https://moovitapp.com/index/pt-br/transporte_p%C3%BAblico-line-355_2-Brasilia-1702-851940-510251-0,-1.0,-15.79653,-48.05874,12.0,,,2,2023-06-15T23:07:40+00:00
BRA_440671,Brasília,5300108,,Marechal,355.2,https://moovitapp.com/index/pt-br/transporte_p%C3%BAblico-line-355_2-Brasilia-1702-851940-510251-0,-1.0,-15.86804,-48.03736,28.0,,,2,2023-06-15T23:07:37+00:00
BRA_444944,Brasília,5300108,,Urbi,0.347,https://moovitapp.com/index/pt-br/transporte_p%C3%BAblico-line-0_347-Brasilia-1702-851595-347128-0,-1.0,-15.812537,-48.000297,44.0,,,2,2023-06-15T23:07:37+00:00
BRA_445134,Brasília,5300108,,Marechal,0.305,https://moovitapp.com/index/pt-br/transporte_p%C3%BAblico-line-0_305-Brasilia-1702-851940-775108-0,-1.0,-15.829967,-48.03685,56.0,,,2,2023-06-15T23:07:37+00:00
BRA_440019,Brasília,5300108,,São José,0.092,https://moovitapp.com/index/pt-br/transporte_p%C3%BAblico-line-0_092-Brasilia-1702-851943-496589-0,-1.0,-15.823097,-47.98107,48.0,,,2,2023-06-15T23:07:37+00:00
BRA_440736,Brasília,5300108,,São José,0.092,https://moovitapp.com/index/pt-br/transporte_p%C3%BAblico-line-0_092-Brasilia-1702-851943-496589-0,-1.0,-15.85291,-48.03988,46.0,,,2,2023-06-15T23:07:37+00:00
BRA_441201,Brasília,5300108,,Marechal,355.2,https://moovitapp.com/index/pt-br/transporte_p%C3%BAblico-line-355_2-Brasilia-1702-851940-510251-0,-1.0,-15.82763,-48.059157,0.0,,,2,2023-06-15T23:07:41+00:00
BRA_443701,Brasília,5300108,,Marechal,0.959,https://moovitapp.com/index/pt-br/transporte_p%C3%BAblico-line-0_959-Brasilia-1702-851940-546208-0,-1.0,-15.870167,-48.037633,0.0,,,2,2023-06-15T23:02:46+00:00
BRA_440728,Brasília,5300108,,Marechal,355.2,https://moovitapp.com/index/pt-br/transporte_p%C3%BAblico-line-355_2-Brasilia-1702-851940-510251-0,-1.0,-15.869583,-48.03853,0.0,,,2,2023-06-15T22:55:30+00:00
BRA_440361,Brasília,5300108,,Urbi,805.8,https://moovitapp.com/index/pt-br/transporte_p%C3%BAblico-line-805_8-Brasilia-1702-851595-454982-0,-1.0,-15.933003,-48.10908,0.0,,,2,2023-06-15T23:07:37+00:00
BRA_441481,Brasília,5300108,,Urbi,0.050,https://moovitapp.com/index/pt-br/transporte_p%C3%BAblico-line-0_050-Brasilia-1702-851595-781325-0,-1.0,-15.839347,-48.127843,4.0,,,2,2023-06-15T23:07:37+00:00
BRA_442054,Brasília,5300108,,Marechal,932.2,https://moovitapp.com/index/pt-br/transporte_p%C3%BAblico-line-932_2-Brasilia-1702-851940-3494666-0,-1.0,-15.80431,-48.07226,0.0,,,2,2023-06-15T23:07:38+00:00
BRA_445282,Brasília,5300108,,Marechal,0.336,https://moovitapp.com/index/pt-br/transporte_p%C3%BAblico-line-0_336-Brasilia-1702-851940-347142-0,-1.0,-15.794033,-47.883087,0.0,,,2,2023-06-15T23:07:40+00:00
BRA_441465,Brasília,5300108,,Marechal,336.1,https://moovitapp.com/index/pt-br/transporte_p%C3%BAblico-line-336_1-Brasilia-1702-851940-347163-0,-1.0,-15.839453,-47.95224,54.0,,,2,2023-06-15T23:00:37+00:00
BRA_445215,Brasília,5300108,,Marechal,0.300,https://moovitapp.com/index/pt-br/transporte_p%C3%BAblico-line-0_300-Brasilia-1702-851940-419624-0,-1.0,-15.80864,-47.89062,59.0,,,2,2023-06-15T23:07:37+00:00
BRA_440043,Brasília,5300108,,Urbi,805.1,https://moovitapp.com/index/pt-br/transporte_p%C3%BAblico-line-805_1-Brasilia-1702-851595-454980-0,-1.0,-15.933293,-48.108947,0.0,,,2,2023-06-15T23:07:37+00:00
BRA_442232,Brasília,5300108,,Marechal,932.1,https://moovitapp.com/index/pt-br/transporte_p%C3%BAblico-line-932_1-Brasilia-1702-851940-470763-0,-1.0,-15.839833,-48.12955,0.0,,,2,2023-06-15T23:07:38+00:00
BRA_445380,Brasília,5300108,,Marechal,0.378,https://moovitapp.com/index/pt-br/transporte_p%C3%BAblico-line-0_378-Brasilia-1702-851940-347150-0,-1.0,-15.793963,-47.882967,0.0,,,2,2023-06-15T23:07:37+00:00
BRA_442411,Brasília,5300108,,Urbi,0.050,https://moovitapp.com/index/pt-br/transporte_p%C3%BAblico-line-0_050-Brasilia-1702-851595-781325-0,-1.0,-15.839847,-48.129587,0.0,,,2,2023-06-15T23:07:37+00:00
BRA_440264,Brasília,5300108,,Marechal,260.3,https://moovitapp.com/index/pt-br/transporte_p%C3%BAblico-line-260_3-Brasilia-1702-851940-393566-0,-1.0,-15.801863,-48.158473,27.0,,,2,2023-06-15T23:07:40+00:00
BRA_442755,Brasília,5300108,,Marechal,933.1,https://moovitapp.com/index/pt-br/transporte_p%C3%BAblico-line-933_1-Brasilia-1702-851940-358307-0,-1.0,-15.814357,-48.098407,0.0,,,2,2023-06-15T23:07:37+00:00
BRA_443000,Brasília,5300108,,São José,359.2,https://moovitapp.com/index/pt-br/transporte_p%C3%BAblico-line-359_2-Brasilia-1702-851943-2068453-0,-1.0,-15.84041,-48.021503,31.0,,,2,2023-06-15T23:07:37+00:00
BRA_443247,Brasília,5300108,,Marechal,0.043,https://moovitapp.com/index/pt-br/transporte_p%C3%BAblico-line-0_043-Brasilia-1702-851940-781330-0,-1.0,-15.842987,-48.103333,0.0,,,2,2023-06-15T23:07:37+00:00
BRA_442267,Brasília,5300108,,Marechal,0.554,https://moovitapp.com/index/pt-br/transporte_p%C3%BAblico-line-0_554-Brasilia-1702-851940-504340-0,-1.0,-15.79398,-47.883017,0.0,,,2,2023-06-15T23:07:37+00:00
BRA_442275,Brasília,5300108,,Marechal,0.089,https://moovitapp.com/index/pt-br/transporte_p%C3%BAblico-line-0_089-Brasilia-1702-851940-706977-0,-1.0,-15.84098,-48.126977,0.0,,,2,2023-06-15T23:07:37+00:00
BRA_442241,Brasília,5300108,,Urbi,056.4,https://moovitapp.com/index/pt-br/transporte_p%C3%BAblico-line-056_4-Brasilia-1702-851595-519387-0,-1.0,-15.839973,-48.129697,0.0,,,2,2023-06-15T23:07:37+00:00
BRA_445398,Brasília,5300108,,Marechal,0.378,https://moovitapp.com/index/pt-br/transporte_p%C3%BAblico-line-0_378-Brasilia-1702-851940-347150-0,-1.0,-15.78234,-47.887467,54.0,,,2,2023-06-15T23:07:37+00:00
BRA_440027,Brasília,5300108,,Urbi,805.9,https://moovitapp.com/index/pt-br/transporte_p%C3%BAblico-line-805_9-Brasilia-1702-851595-454983-0,-1.0,-15.809757,-48.068837,13.0,,,2,2023-06-15T23:07:37+00:00
BRA_440906,Brasília,5300108,,Marechal,0.205,https://moovitapp.com/index/pt-br/transporte_p%C3%BAblico-line-0_205-Brasilia-1702-851940-463646-0,-1.0,-16.02329,-48.05341,19.0,,,2,2023-06-15T23:07:37+00:00
BRA_444618,Brasília,5300108,,Marechal,0.089,https://moovitapp.com/index/pt-br/transporte_p%C3%BAblico-line-0_089-Brasilia-1702-851940-706977-0,-1.0,-15.839243,-48.127397,2.0,,,2,2023-06-15T23:07:37+00:00
BRA_441937,Brasília,5300108,,Marechal,932.2,https://moovitapp.com/index/pt-br/transporte_p%C3%BAblico-line-932_2-Brasilia-1702-851940-3494666-0,-1.0,-15.848953,-48.120027,47.0,,,2,2023-06-15T23:07:37+00:00
BRA_440248,Brasília,5300108,,Piracicabana,099.1,https://moovitapp.com/index/pt-br/transporte_p%C3%BAblico-line-099_1-Brasilia-1702-850942-775090-0,-1.0,-15.840163,-48.034987,0.0,,,2,2023-06-15T23:07:37+00:00
BRA_444341,Brasília,5300108,,Marechal,0.205,https://moovitapp.com/index/pt-br/transporte_p%C3%BAblico-line-0_205-Brasilia-1702-851940-463646-0,-1.0,-15.87667,-48.049837,57.0,,,2,2023-06-15T23:07:37+00:00
BRA_444103,Brasília,5300108,,Marechal,933.2,https://moovitapp.com/index/pt-br/transporte_p%C3%BAblico-line-933_2-Brasilia-1702-851940-717428-0,-1.0,-15.822657,-48.09443,0.0,,,2,2023-06-15T23:07:37+00:00
BRA_441856,Brasília,5300108,,Marechal,383.1,https://moovitapp.com/index/pt-br/transporte_p%C3%BAblico-line-383_1-Brasilia-1702-851940-527238-0,-1.0,-15.784543,-47.915593,46.0,,,2,2023-06-15T23:07:37+00:00
BRA_442003,Brasília,5300108,,Marechal,933.1,https://moovitapp.com/index/pt-br/transporte_p%C3%BAblico-line-933_1-Brasilia-1702-851940-358307-0,-1.0,-15.842913,-48.124717,1.0,,,2,2023-06-15T23:07:37+00:00
BRA_440795,Brasília,5300108,,Marechal,260.3,https://moovitapp.com/index/pt-br/transporte_p%C3%BAblico-line-260_3-Brasilia-1702-851940-393566-0,-1.0,-15.929807,-48.04503,41.0,,,2,2023-06-15T23:07:37+00:00
BRA_443557,Brasília,5300108,,Marechal,355.3,https://moovitapp.com/index/pt-br/transporte_p%C3%BAblico-line-355_3-Brasilia-1702-851940-504343-0,-1.0,-15.869433,-48.037633,0.0,,,2,2023-06-15T23:07:32+00:00
BRA_441511,Brasília,5300108,,Marechal,0.339,https://moovitapp.com/index/pt-br/transporte_p%C3%BAblico-line-0_339-Brasilia-1702-851940-419625-0,-1.0,-15.85793,-48.115143,22.0,,,2,2023-06-15T23:07:37+00:00
BRA_442623,Brasília,5300108,,Urbi,393.7,https://moovitapp.com/index/pt-br/transporte_p%C3%BAblico-line-393_7-Brasilia-1702-851595-588818-0,-1.0,-15.89116,-48.105873,33.0,,,2,2023-06-15T23:07:37+00:00
BRA_444715,Brasília,5300108,,Marechal,363.1,https://moovitapp.com/index/pt-br/transporte_p%C3%BAblico-line-363_1-Brasilia-1702-851940-504344-0,-1.0,-15.841183,-48.126663,0.0,,,2,2023-06-15T23:07:32+00:00
BRA_443042,Brasília,5300108,,Marechal,0.902,https://moovitapp.com/index/pt-br/transporte_p%C3%BAblico-line-0_902-Brasilia-1702-851940-312435-0,-1.0,-15.79081,-48.037753,17.0,,,2,2023-06-15T22:24:05+00:00
BRA_445223,Brasília,5300108,,Marechal,337.1,https://moovitapp.com/index/pt-br/transporte_p%C3%BAblico-line-337_1-Brasilia-1702-851940-347165-0,-1.0,-15.803857,-47.89675,0.0,,,2,2023-06-15T23:07:37+00:00
BRA_443051,Brasília,5300108,,Marechal,363.1,https://moovitapp.com/index/pt-br/transporte_p%C3%BAblico-line-363_1-Brasilia-1702-851940-504344-0,-1.0,-15.809323,-48.069,21.0,,,2,2023-06-15T23:07:37+00:00
BRA_442801,Brasília,5300108,,Marechal,933.2,https://moovitapp.com/index/pt-br/transporte_p%C3%BAblico-line-933_2-Brasilia-1702-851940-717428-0,-1.0,-15.840807,-48.127097,0.0,,,2,2023-06-15T23:07:37+00:00
BRA_442615,Brasília,5300108,,Urbi,0.050,https://moovitapp.com/index/pt-br/transporte_p%C3%BAblico-line-0_050-Brasilia-1702-851595-781325-0,-1.0,-15.819803,-48.065347,15.0,,,2,2023-06-15T23:07:37+00:00
BRA_441660,Brasília,5300108,,Urbi,056.4,https://moovitapp.com/index/pt-br/transporte_p%C3%BAblico-line-056_4-Brasilia-1702-851595-519387-0,-1.0,-15.825897,-48.079647,55.0,,,2,2023-06-15T23:07:37+00:00
BRA_443123,Brasília,5300108,,Marechal,361.1,https://moovitapp.com/index/pt-br/transporte_p%C3%BAblico-line-361_1-Brasilia-1702-851940-363861-0,-1.0,-15.840387,-48.12696,15.0,,,2,2023-06-15T23:07:37+00:00
BRA_440591,Brasília,5300108,,Piracicabana,099.1,https://moovitapp.com/index/pt-br/transporte_p%C3%BAblico-line-099_1-Brasilia-1702-850942-775090-0,-1.0,-15.867597,-48.032397,0.0,,,2,2023-06-15T23:07:37+00:00
BRA_444219,Brasília,5300108,,Marechal,933.4,https://moovitapp.com/index/pt-br/transporte_p%C3%BAblico-line-933_4-Brasilia-1702-851940-656766-0,-1.0,-15.8405,-48.12693,0.0,,,2,2023-06-15T23:07:37+00:00
BRA_440400,Brasília,5300108,,São José,0.092,https://moovitapp.com/index/pt-br/transporte_p%C3%BAblico-line-0_092-Brasilia-1702-851943-496589-0,-1.0,-15.877183,-48.00112,47.0,,,2,2023-06-15T23:07:37+00:00
BRA_444031,Brasília,5300108,,Urbi,367.2,https://moovitapp.com/index/pt-br/transporte_p%C3%BAblico-line-367_2-Brasilia-1702-851595-454971-0,-1.0,-15.866667,-48.082613,32.0,,,2,2023-06-15T23:07:32+00:00
BRA_440868,Brasília,5300108,,Marechal,355.2,https://moovitapp.com/index/pt-br/transporte_p%C3%BAblico-line-355_2-Brasilia-1702-851940-510251-0,-1.0,-15.808757,-48.041587,28.0,,,2,2023-06-15T22:55:09+00:00
BRA_441708,Brasília,5300108,,Urbi,367.2,https://moovitapp.com/index/pt-br/transporte_p%C3%BAblico-line-367_2-Brasilia-1702-851595-454971-0,-1.0,-15.86324,-48.093723,0.0,,,2,2023-06-15T23:07:37+00:00
BRA_442984,Brasília,5300108,,Urbi,0.367,https://moovitapp.com/index/pt-br/transporte_p%C3%BAblico-line-0_367-Brasilia-1702-851595-519380-0,-1.0,-15.858753,-48.083503,40.0,,,2,2023-06-15T23:07:37+00:00
BRA_443085,Brasília,5300108,,Marechal,0.339,https://moovitapp.com/index/pt-br/transporte_p%C3%BAblico-line-0_339-Brasilia-1702-851940-419625-0,-1.0,-15.844023,-48.1186,16.0,,,2,2023-06-15T23:07:37+00:00
BRA_442674,Brasília,5300108,,Marechal,0.089,https://moovitapp.com/index/pt-br/transporte_p%C3%BAblico-line-0_089-Brasilia-1702-851940-706977-0,-1.0,-15.818703,-48.017053,49.0,,,2,2023-06-15T23:07:37+00:00
BRA_443026,Brasília,5300108,,Marechal,0.383,https://moovitapp.com/index/pt-br/transporte_p%C3%BAblico-line-0_383-Brasilia-1702-851940-347151-0,-1.0,-15.81433,-48.098477,13.0,,,2,2023-06-15T23:07:42+00:00
BRA_440086,Brasília,5300108,,Marechal,0.090,https://moovitapp.com/index/pt-br/transporte_p%C3%BAblico-line-0_090-Brasilia-1702-851940-242702-0,-1.0,-15.846247,-47.970987,52.0,,,2,2023-06-15T23:07:37+00:00
BRA_442704,Brasília,5300108,,Marechal,0.903,https://moovitapp.com/index/pt-br/transporte_p%C3%BAblico-line-0_903-Brasilia-1702-851940-347155-0,-1.0,-15.79629,-47.883417,47.0,,,2,2023-06-15T23:07:38+00:00
BRA_442879,Brasília,5300108,,Marechal,933.5,https://moovitapp.com/index/pt-br/transporte_p%C3%BAblico-line-933_5-Brasilia-1702-851940-766837-0,-1.0,-15.815273,-48.06344,13.0,,,2,2023-06-15T23:07:37+00:00
BRA_441449,Brasília,5300108,,São José,332.1,https://moovitapp.com/index/pt-br/transporte_p%C3%BAblico-line-332_1-Brasilia-1702-851943-2068455-0,-1.0,-15.839147,-48.128647,0.0,,,2,2023-06-15T23:07:37+00:00
BRA_443417,Brasília,5300108,,Marechal,933.1,https://moovitapp.com/index/pt-br/transporte_p%C3%BAblico-line-933_1-Brasilia-1702-851940-358307-0,-1.0,-15.834313,-48.059263,19.0,,,2,2023-06-15T23:07:37+00:00
BRA_441384,Brasília,5300108,,Urbi,372.5,https://moovitapp.com/index/pt-br/transporte_p%C3%BAblico-line-372_5-Brasilia-1702-851595-519391-0,-1.0,-15.88384,-48.149883,0.0,,,2,2023-06-15T23:07:37+00:00
BRA_443310,Brasília,5300108,,Marechal,0.554,https://moovitapp.com/index/pt-br/transporte_p%C3%BAblico-line-0_554-Brasilia-1702-851940-504340-0,-1.0,-15.794007,-47.88331,0.0,,,2,2023-06-15T23:07:39+00:00
BRA_441261,Brasília,5300108,,Marechal,0.205,https://moovitapp.com/index/pt-br/transporte_p%C3%BAblico-line-0_205-Brasilia-1702-851940-463646-0,-1.0,-15.869753,-48.037813,0.0,,,2,2023-06-15T22:27:48+00:00
BRA_440612,Brasília,5300108,,Marechal,0.156,https://moovitapp.com/index/pt-br/transporte_p%C3%BAblico-line-0_156-Brasilia-1702-851940-242705-0,-1.0,-15.847823,-47.963307,32.0,,,2,2023-06-15T23:07:40+00:00
BRA_444316,Brasília,5300108,,Marechal,933.2,https://moovitapp.com/index/pt-br/transporte_p%C3%BAblico-line-933_2-Brasilia-1702-851940-717428-0,-1.0,-15.857507,-48.122673,0.0,,,2,2023-06-15T23:07:37+00:00
BRA_440809,Brasília,5300108,,Marechal,156.1,https://moovitapp.com/index/pt-br/transporte_p%C3%BAblico-line-156_1-Brasilia-1702-851940-242750-0,-1.0,-15.7359,-47.907023,0.0,,,2,2023-06-15T23:07:37+00:00
BRA_443930,Brasília,5300108,,Marechal,933.6,https://moovitapp.com/index/pt-br/transporte_p%C3%BAblico-line-933_6-Brasilia-1702-851940-3494672-0,-1.0,-15.84449,-48.104987,0.0,,,2,2023-06-15T23:07:37+00:00
BRA_440663,Brasília,5300108,,Marechal,206.1,https://moovitapp.com/index/pt-br/transporte_p%C3%BAblico-line-206_1-Brasilia-1702-851940-137149861-0,-1.0,-15.87633,-48.026903,48.0,,,2,2023-06-15T23:07:37+00:00
BRA_444260,Brasília,5300108,,Urbi,372.4,https://moovitapp.com/index/pt-br/transporte_p%C3%BAblico-line-372_4-Brasilia-1702-851595-650087-0,-1.0,-15.890637,-48.144713,55.0,,,2,2023-06-15T23:07:37+00:00
BRA_445312,Brasília,5300108,,Marechal,0.378,https://moovitapp.com/index/pt-br/transporte_p%C3%BAblico-line-0_378-Brasilia-1702-851940-347150-0,-1.0,-15.780577,-47.88779,32.0,,,2,2023-06-15T23:07:37+00:00
BRA_440558,Brasília,5300108,,Marechal,355.3,https://moovitapp.com/index/pt-br/transporte_p%C3%BAblico-line-355_3-Brasilia-1702-851940-504343-0,-1.0,-15.797563,-48.021093,31.0,,,2,2023-06-15T23:07:11+00:00
BRA_445177,Brasília,5300108,,Marechal,0.378,https://moovitapp.com/index/pt-br/transporte_p%C3%BAblico-line-0_378-Brasilia-1702-851940-347150-0,-1.0,-15.853593,-48.118023,1.0,,,2,2023-06-15T23:07:37+00:00
BRA_441554,Brasília,5300108,,Marechal,0.555,https://moovitapp.com/index/pt-br/transporte_p%C3%BAblico-line-0_555-Brasilia-1702-851940-504341-0,-1.0,-15.84066,-48.12681,0.0,,,2,2023-06-15T23:07:37+00:00
BRA_442194,Brasília,5300108,,Urbi,0.054,https://moovitapp.com/index/pt-br/transporte_p%C3%BAblico-line-0_054-Brasilia-1702-851595-454960-0,-1.0,-15.88529,-48.151907,21.0,,,2,2023-06-15T23:07:37+00:00
BRA_440221,Brasília,5300108,,São José,157.8,https://moovitapp.com/index/pt-br/transporte_p%C3%BAblico-line-157_8-Brasilia-1702-851943-759503-0,-1.0,-15.824507,-47.978207,31.0,,,2,2023-06-15T23:07:37+00:00
BRA_443883,Brasília,5300108,,Marechal,959.1,https://moovitapp.com/index/pt-br/transporte_p%C3%BAblico-line-959_1-Brasilia-1702-851940-789939-0,-1.0,-15.81334,-48.064103,0.0,,,2,2023-06-15T23:07:37+00:00
BRA_440621,Brasília,5300108,,Urbi,805.8,https://moovitapp.com/index/pt-br/transporte_p%C3%BAblico-line-805_8-Brasilia-1702-851595-454982-0,-1.0,-15.906417,-48.08135,0.0,,,2,2023-06-15T23:07:37+00:00
BRA_441805,Brasília,5300108,,Marechal,0.043,https://moovitapp.com/index/pt-br/transporte_p%C3%BAblico-line-0_043-Brasilia-1702-851940-781330-0,-1.0,-15.834967,-48.073693,43.0,,,2,2023-06-15T23:07:37+00:00
BRA_441791,Brasília,5300108,,Marechal,0.369,https://moovitapp.com/index/pt-br/transporte_p%C3%BAblico-line-0_369-Brasilia-1702-851940-500060-0,-1.0,-15.807007,-48.069837,19.0,,,2,2023-06-15T23:07:38+00:00
BRA_445355,Brasília,5300108,,Marechal,337.1,https://moovitapp.com/index/pt-br/transporte_p%C3%BAblico-line-337_1-Brasilia-1702-851940-347165-0,-1.0,-15.824087,-48.025677,47.0,,,2,2023-06-15T23:07:37+00:00
BRA_445266,Brasília,5300108,,Marechal,0.300,https://moovitapp.com/index/pt-br/transporte_p%C3%BAblico-line-0_300-Brasilia-1702-851940-419624-0,-1.0,-15.82084,-48.081163,33.0,,,2,2023-06-15T23:07:37+00:00
BRA_440833,Brasília,5300108,,Marechal,156.1,https://moovitapp.com/index/pt-br/transporte_p%C3%BAblico-line-156_1-Brasilia-1702-851940-242750-0,-1.0,-15.833603,-47.97991,60.0,,,2,2023-06-15T23:07:37+00:00
BRA_445321,Brasília,5300108,,Marechal,0.336,https://moovitapp.com/index/pt-br/transporte_p%C3%BAblico-line-0_336-Brasilia-1702-851940-347142-0,-1.0,-15.812153,-47.9831,59.0,,,2,2023-06-15T23:07:37+00:00
BRA_445151,Brasília,5300108,,Marechal,305.4,https://moovitapp.com/index/pt-br/transporte_p%C3%BAblico-line-305_4-Brasilia-1702-851940-393567-0,-1.0,-15.80776,-47.900563,54.0,,,2,2023-06-15T23:07:37+00:00
BRA_445142,Brasília,5300108,,Marechal,0.306,https://moovitapp.com/index/pt-br/transporte_p%C3%BAblico-line-0_306-Brasilia-1702-851940-242714-0,-1.0,-15.808887,-47.956127,55.0,,,2,2023-06-15T23:07:37+00:00
BRA_441074,Brasília,5300108,,Marechal,260.3,https://moovitapp.com/index/pt-br/transporte_p%C3%BAblico-line-260_3-Brasilia-1702-851940-393566-0,-1.0,-15.933727,-48.043957,59.0,,,2,2023-06-15T23:07:37+00:00
BRA_441473,Brasília,5300108,,Marechal,0.089,https://moovitapp.com/index/pt-br/transporte_p%C3%BAblico-line-0_089-Brasilia-1702-851940-706977-0,-1.0,-15.816587,-48.009377,49.0,,,2,2023-06-15T23:04:51+00:00
BRA_444677,Brasília,5300108,,São José,350.1,https://moovitapp.com/index/pt-br/transporte_p%C3%BAblico-line-350_1-Brasilia-1702-851943-2068450-0,-1.0,-15.8081,-48.15692,0.0,,,2,2023-06-15T23:07:37+00:00
BRA_444669,Brasília,5300108,,Marechal,0.043,https://moovitapp.com/index/pt-br/transporte_p%C3%BAblico-line-0_043-Brasilia-1702-851940-781330-0,-1.0,-15.79253,-48.01186,0.0,,,2,2023-06-15T23:07:37+00:00
BRA_440485,Brasília,5300108,,Piracicabana,099.1,https://moovitapp.com/index/pt-br/transporte_p%C3%BAblico-line-099_1-Brasilia-1702-850942-775090-0,-1.0,-15.843817,-48.049843,27.0,,,2,2023-06-15T23:07:37+00:00
BRA_442119,Brasília,5300108,,Marechal,933.5,https://moovitapp.com/index/pt-br/transporte_p%C3%BAblico-line-933_5-Brasilia-1702-851940-766837-0,-1.0,-15.834267,-48.133863,11.0,,,2,2023-06-15T23:07:37+00:00
BRA_445231,Brasília,5300108,,Marechal,0.336,https://moovitapp.com/index/pt-br/transporte_p%C3%BAblico-line-0_336-Brasilia-1702-851940-347142-0,-1.0,-15.823623,-47.93501,56.0,,,2,2023-06-15T23:07:37+00:00
BRA_443948,Brasília,5300108,,Marechal,0.363,https://moovitapp.com/index/pt-br/transporte_p%C3%BAblico-line-0_363-Brasilia-1702-851940-504339-0,-1.0,-15.838803,-48.128847,0.0,,,2,2023-06-15T23:07:32+00:00
BRA_443727,Brasília,5300108,,Marechal,959.2,https://moovitapp.com/index/pt-br/transporte_p%C3%BAblico-line-959_2-Brasilia-1702-851940-66561063-0,-1.0,-15.86944,-48.024547,33.0,,,2,2023-06-15T23:07:37+00:00
BRA_444189,Brasília,5300108,,Marechal,933.6,https://moovitapp.com/index/pt-br/transporte_p%C3%BAblico-line-933_6-Brasilia-1702-851940-3494672-0,-1.0,-15.804477,-48.07284,38.0,,,2,2023-06-15T23:07:41+00:00
BRA_442208,Brasília,5300108,,Urbi,056.4,https://moovitapp.com/index/pt-br/transporte_p%C3%BAblico-line-056_4-Brasilia-1702-851595-519387-0,-1.0,-15.89331,-48.135383,36.0,,,2,2023-06-15T23:07:37+00:00
BRA_441759,Brasília,5300108,,Urbi,0.050,https://moovitapp.com/index/pt-br/transporte_p%C3%BAblico-line-0_050-Brasilia-1702-851595-781325-0,-1.0,-15.842247,-48.05792,25.0,,,2,2023-06-15T23:07:37+00:00
BRA_442542,Brasília,5300108,,Marechal,0.383,https://moovitapp.com/index/pt-br/transporte_p%C3%BAblico-line-0_383-Brasilia-1702-851940-347151-0,-1.0,-15.839963,-48.129413,0.0,,,2,2023-06-15T23:07:37+00:00
BRA_441872,Brasília,5300108,,Marechal,363.2,https://moovitapp.com/index/pt-br/transporte_p%C3%BAblico-line-363_2-Brasilia-1702-851940-725443-0,-1.0,-15.839927,-48.129317,0.0,,,2,2023-06-15T23:07:32+00:00
BRA_441457,Brasília,5300108,,Urbi,393.6,https://moovitapp.com/index/pt-br/transporte_p%C3%BAblico-line-393_6-Brasilia-1702-851595-588817-0,-1.0,-15.89763,-48.11035,60.0,,,2,2023-06-15T23:07:37+00:00
BRA_440787,Brasília,5300108,,Marechal,154.2,https://moovitapp.com/index/pt-br/transporte_p%C3%BAblico-line-154_2-Brasilia-1702-851940-527234-0,-1.0,-15.82509,-47.979827,33.0,,,2,2023-06-15T23:07:37+00:00
BRA_441139,Brasília,5300108,,Urbi,805.2,https://moovitapp.com/index/pt-br/transporte_p%C3%BAblico-line-805_2-Brasilia-1702-851595-454981-0,-1.0,-15.845723,-48.04935,40.0,,,2,2023-06-15T23:07:39+00:00
BRA_440132,Brasília,5300108,,Marechal,305.4,https://moovitapp.com/index/pt-br/transporte_p%C3%BAblico-line-305_4-Brasilia-1702-851940-393567-0,-1.0,-15.842937,-48.016913,16.0,,,2,2023-06-15T23:07:37+00:00
BRA_443344,Brasília,5300108,,Marechal,361.1,https://moovitapp.com/index/pt-br/transporte_p%C3%BAblico-line-361_1-Brasilia-1702-851940-363861-0,-1.0,-15.842913,-48.103223,0.0,,,2,2023-06-15T23:07:37+00:00
BRA_441627,Brasília,5300108,,Urbi,372.4,https://moovitapp.com/index/pt-br/transporte_p%C3%BAblico-line-372_4-Brasilia-1702-851595-650087-0,-1.0,-15.88265,-48.127417,26.0,,,2,2023-06-15T23:07:37+00:00
BRA_441155,Brasília,5300108,,Marechal,260.3,https://moovitapp.com/index/pt-br/transporte_p%C3%BAblico-line-260_3-Brasilia-1702-851940-393566-0,-1.0,-15.973537,-48.01405,60.0,,,2,2023-06-15T23:07:37+00:00
BRA_441236,Brasília,5300108,,Marechal,0.357,https://moovitapp.com/index/pt-br/transporte_p%C3%BAblico-line-0_357-Brasilia-1702-851940-775109-0,-1.0,-15.863153,-48.03478,38.0,,,2,2023-06-15T23:07:37+00:00
BRA_442631,Brasília,5300108,,Marechal,932.2,https://moovitapp.com/index/pt-br/transporte_p%C3%BAblico-line-932_2-Brasilia-1702-851940-3494666-0,-1.0,-15.81678,-48.010907,59.0,,,2,2023-06-15T23:07:37+00:00
BRA_443603,Brasília,5300108,,Marechal,0.351,https://moovitapp.com/index/pt-br/transporte_p%C3%BAblico-line-0_351-Brasilia-1702-851940-510246-0,-1.0,-15.809103,-48.085247,0.0,,,2,2023-06-15T21:36:20+00:00
BRA_440094,Brasília,5300108,,Marechal,156.7,https://moovitapp.com/index/pt-br/transporte_p%C3%BAblico-line-156_7-Brasilia-1702-851940-312444-0,-1.0,-15.81682,-47.981027,0.0,,,2,2023-06-15T23:07:40+00:00
BRA_440175,Brasília,5300108,,Urbi,038.1,https://moovitapp.com/index/pt-br/transporte_p%C3%BAblico-line-038_1-Brasilia-1702-851595-781327-0,-1.0,-15.85092,-48.040977,44.0,,,2,2023-06-15T23:07:37+00:00
BRA_444511,Brasília,5300108,,Marechal,0.339,https://moovitapp.com/index/pt-br/transporte_p%C3%BAblico-line-0_339-Brasilia-1702-851940-419625-0,-1.0,-15.848993,-48.111283,55.0,,,2,2023-06-15T23:07:37+00:00
BRA_444529,Brasília,5300108,,Marechal,363.2,https://moovitapp.com/index/pt-br/transporte_p%C3%BAblico-line-363_2-Brasilia-1702-851940-725443-0,-1.0,-15.840833,-48.12663,0.0,,,2,2023-06-15T23:07:37+00:00
BRA_443263,Brasília,5300108,,Marechal,361.1,https://moovitapp.com/index/pt-br/transporte_p%C3%BAblico-line-361_1-Brasilia-1702-851940-363861-0,-1.0,-15.836273,-48.067423,49.0,,,2,2023-06-15T23:07:37+00:00
BRA_444081,Brasília,5300108,,Urbi,0.056,https://moovitapp.com/index/pt-br/transporte_p%C3%BAblico-line-0_056-Brasilia-1702-851595-588804-0,-1.0,-15.845777,-48.101493,43.0,,,2,2023-06-15T23:07:37+00:00
BRA_444162,Brasília,5300108,,Marechal,0.363,https://moovitapp.com/index/pt-br/transporte_p%C3%BAblico-line-0_363-Brasilia-1702-851940-504339-0,-1.0,-15.840953,-48.126627,0.0,,,2,2023-06-15T23:07:37+00:00
BRA_441589,Brasília,5300108,,Urbi,056.2,https://moovitapp.com/index/pt-br/transporte_p%C3%BAblico-line-056_2-Brasilia-1702-851595-492982-0,-1.0,-15.88374,-48.150087,0.0,,,2,2023-06-15T23:07:37+00:00
BRA_443204,Brasília,5300108,,São José,332.1,https://moovitapp.com/index/pt-br/transporte_p%C3%BAblico-line-332_1-Brasilia-1702-851943-2068455-0,-1.0,-15.81145,-48.09343,0.0,,,2,2023-06-15T23:07:42+00:00
BRA_441228,Brasília,5300108,,Marechal,162.2,https://moovitapp.com/index/pt-br/transporte_p%C3%BAblico-line-162_2-Brasilia-1702-851940-312446-0,-1.0,-15.82678,-47.9828,0.0,,,2,2023-06-15T23:07:37+00:00
BRA_441538,Brasília,5300108,,Urbi,0.056,https://moovitapp.com/index/pt-br/transporte_p%C3%BAblico-line-0_056-Brasilia-1702-851595-588804-0,-1.0,-15.892403,-48.108153,58.0,,,2,2023-06-15T23:07:37+00:00
BRA_443573,Brasília,5300108,,Marechal,157.1,https://moovitapp.com/index/pt-br/transporte_p%C3%BAblico-line-157_1-Brasilia-1702-851940-88144062-0,-1.0,-15.869517,-48.039627,0.0,,,2,2023-06-15T23:01:33+00:00
BRA_442526,Brasília,5300108,,São José,359.2,https://moovitapp.com/index/pt-br/transporte_p%C3%BAblico-line-359_2-Brasilia-1702-851943-2068453-0,-1.0,-15.839117,-48.043437,0.0,,,2,2023-06-15T23:02:41+00:00
BRA_443859,Brasília,5300108,,Marechal,959.2,https://moovitapp.com/index/pt-br/transporte_p%C3%BAblico-line-959_2-Brasilia-1702-851940-66561063-0,-1.0,-15.869263,-48.03764,0.0,,,2,2023-06-15T23:07:32+00:00
BRA_442089,Brasília,5300108,,São José,333.6,https://moovitapp.com/index/pt-br/transporte_p%C3%BAblico-line-333_6-Brasilia-1702-851943-2068452-0,-1.0,-15.836513,-48.020577,0.0,,,2,2023-06-15T23:07:37+00:00
BRA_443492,Brasília,5300108,,Marechal,933.1,https://moovitapp.com/index/pt-br/transporte_p%C3%BAblico-line-933_1-Brasilia-1702-851940-358307-0,-1.0,-15.839473,-48.12856,0.0,,,2,2023-06-15T23:07:37+00:00
BRA_443379,Brasília,5300108,,Marechal,0.942,https://moovitapp.com/index/pt-br/transporte_p%C3%BAblico-line-0_942-Brasilia-1702-851940-347158-0,-1.0,-15.786523,-47.9932,0.0,,,2,2023-06-15T23:07:37+00:00
BRA_441694,Brasília,5300108,,São José,333.6,https://moovitapp.com/index/pt-br/transporte_p%C3%BAblico-line-333_6-Brasilia-1702-851943-2068452-0,-1.0,-15.83426,-48.080667,30.0,,,2,2023-06-15T23:07:41+00:00
BRA_441171,Brasília,5300108,,Urbi,805.9,https://moovitapp.com/index/pt-br/transporte_p%C3%BAblico-line-805_9-Brasilia-1702-851595-454983-0,-1.0,-15.91548,-48.101613,44.0,,,2,2023-06-15T23:07:37+00:00
BRA_441520,Brasília,5300108,,Marechal,0.383,https://moovitapp.com/index/pt-br/transporte_p%C3%BAblico-line-0_383-Brasilia-1702-851940-347151-0,-1.0,-15.8135,-48.097487,12.0,,,2,2023-06-15T23:07:37+00:00
BRA_442658,Brasília,5300108,,Marechal,959.1,https://moovitapp.com/index/pt-br/transporte_p%C3%BAblico-line-959_1-Brasilia-1702-851940-789939-0,-1.0,-15.83983,-48.020037,17.0,,,2,2023-06-15T23:07:40+00:00
BRA_443531,Brasília,5300108,,Marechal,959.1,https://moovitapp.com/index/pt-br/transporte_p%C3%BAblico-line-959_1-Brasilia-1702-851940-789939-0,-1.0,-15.87,-48.03733,0.0,,,2,2023-06-15T23:07:37+00:00
BRA_444243,Brasília,5300108,,Urbi,056.2,https://moovitapp.com/index/pt-br/transporte_p%C3%BAblico-line-056_2-Brasilia-1702-851595-492982-0,-1.0,-15.84071,-48.075533,39.0,,,2,2023-06-15T23:07:37+00:00
BRA_441619,Brasília,5300108,,Marechal,0.555,https://moovitapp.com/index/pt-br/transporte_p%C3%BAblico-line-0_555-Brasilia-1702-851940-504341-0,-1.0,-15.840863,-48.12706,0.0,,,2,2023-06-15T23:07:37+00:00
BRA_443549,Brasília,5300108,,Marechal,959.3,https://moovitapp.com/index/pt-br/transporte_p%C3%BAblico-line-959_3-Brasilia-1702-851940-103863179-0,-1.0,-15.87487,-47.993323,42.0,,,2,2023-06-15T23:07:37+00:00
BRA_444502,Brasília,5300108,,Marechal,361.1,https://moovitapp.com/index/pt-br/transporte_p%C3%BAblico-line-361_1-Brasilia-1702-851940-363861-0,-1.0,-15.840843,-48.1267,0.0,,,2,2023-06-15T22:36:55+00:00
BRA_441287,Brasília,5300108,,Marechal,0.205,https://moovitapp.com/index/pt-br/transporte_p%C3%BAblico-line-0_205-Brasilia-1702-851940-463646-0,-1.0,-15.886337,-48.058927,52.0,,,2,2023-06-15T23:07:37+00:00
BRA_443875,Brasília,5300108,,Marechal,157.1,https://moovitapp.com/index/pt-br/transporte_p%C3%BAblico-line-157_1-Brasilia-1702-851940-88144062-0,-1.0,-15.869923,-48.03725,0.0,,,2,2023-06-15T23:06:40+00:00
BRA_443336,Brasília,5300108,,Marechal,0.089,https://moovitapp.com/index/pt-br/transporte_p%C3%BAblico-line-0_089-Brasilia-1702-851940-706977-0,-1.0,-15.842103,-47.947187,60.0,,,2,2023-06-15T23:07:37+00:00
BRA_443221,Brasília,5300108,,Urbi,0.898,https://moovitapp.com/index/pt-br/transporte_p%C3%BAblico-line-0_898-Brasilia-1702-851595-322394-0,-1.0,-15.878273,-48.051147,52.0,,,2,2023-06-15T22:44:19+00:00
BRA_441325,Brasília,5300108,,Marechal,154.2,https://moovitapp.com/index/pt-br/transporte_p%C3%BAblico-line-154_2-Brasilia-1702-851940-527234-0,-1.0,-15.846057,-47.978693,26.0,,,2,2023-06-15T23:07:37+00:00
BRA_444995,Brasília,5300108,,Marechal,933.3,https://moovitapp.com/index/pt-br/transporte_p%C3%BAblico-line-933_3-Brasilia-1702-851940-450287-0,-1.0,-15.818167,-48.106397,0.0,,,2,2023-06-15T23:07:37+00:00
BRA_444898,Brasília,5300108,,São José,332.1,https://moovitapp.com/index/pt-br/transporte_p%C3%BAblico-line-332_1-Brasilia-1702-851943-2068455-0,-1.0,-15.83751,-48.044467,23.0,,,2,2023-06-15T23:07:37+00:00
BRA_445045,Brasília,5300108,,Marechal,0.554,https://moovitapp.com/index/pt-br/transporte_p%C3%BAblico-line-0_554-Brasilia-1702-851940-504340-0,-1.0,-15.838663,-48.12897,0.0,,,2,2023-06-15T23:07:40+00:00
BRA_444791,Brasília,5300108,,São José,359.2,https://moovitapp.com/index/pt-br/transporte_p%C3%BAblico-line-359_2-Brasilia-1702-851943-2068453-0,-1.0,-15.786223,-48.126157,25.0,,,2,2023-06-15T23:07:41+00:00
BRA_444979,Brasília,5300108,,Urbi,0.898,https://moovitapp.com/index/pt-br/transporte_p%C3%BAblico-line-0_898-Brasilia-1702-851595-322394-0,-1.0,-15.89886,-48.046887,25.0,,,2,2023-06-15T23:06:40+00:00
BRA_444910,Brasília,5300108,,Marechal,932.2,https://moovitapp.com/index/pt-br/transporte_p%C3%BAblico-line-932_2-Brasilia-1702-851940-3494666-0,-1.0,-15.828397,-47.92849,43.0,,,2,2023-06-15T23:07:40+00:00
BRA_445096,Brasília,5300108,,São José,350.1,https://moovitapp.com/index/pt-br/transporte_p%C3%BAblico-line-350_1-Brasilia-1702-851943-2068450-0,-1.0,-15.80789,-48.15685,0.0,,,2,2023-06-15T23:07:37+00:00
BRA_445002,Brasília,5300108,,São José,332.1,https://moovitapp.com/index/pt-br/transporte_p%C3%BAblico-line-332_1-Brasilia-1702-851943-2068455-0,-1.0,-15.807997,-48.15722,0.0,,,2,2023-06-15T23:07:37+00:00
BRA_444936,Brasília,5300108,,Marechal,0.089,https://moovitapp.com/index/pt-br/transporte_p%C3%BAblico-line-0_089-Brasilia-1702-851940-706977-0,-1.0,-15.846007,-47.969003,18.0,,,2,2023-06-15T23:07:39+00:00
BRA_445088,Brasília,5300108,,São José,350.1,https://moovitapp.com/index/pt-br/transporte_p%C3%BAblico-line-350_1-Brasilia-1702-851943-2068450-0,-1.0,-15.84165,-48.026953,37.0,,,2,2023-06-15T23:07:37+00:00
BRA_445100,Brasília,5300108,,São José,333.6,https://moovitapp.com/index/pt-br/transporte_p%C3%BAblico-line-333_6-Brasilia-1702-851943-2068452-0,-1.0,-15.827223,-48.062807,18.0,,,2,2023-06-15T23:05:01+00:00
BRA_444987,Brasília,5300108,,São José,359.2,https://moovitapp.com/index/pt-br/transporte_p%C3%BAblico-line-359_2-Brasilia-1702-851943-2068453-0,-1.0,-15.835527,-48.062607,25.0,,,2,2023-06-15T23:07:37+00:00
BRA_444863,Brasília,5300108,,Marechal,0.089,https://moovitapp.com/index/pt-br/transporte_p%C3%BAblico-line-0_089-Brasilia-1702-851940-706977-0,-1.0,-15.839377,-48.129617,0.0,,,2,2023-06-15T23:07:42+00:00
BRA_445061,Brasília,5300108,,Marechal,0.361,https://moovitapp.com/index/pt-br/transporte_p%C3%BAblico-line-0_361-Brasilia-1702-851940-376158-0,-1.0,-15.840763,-48.12714,0.0,,,2,2023-06-15T23:07:37+00:00
BRA_445070,Brasília,5300108,,Marechal,304.1,https://moovitapp.com/index/pt-br/transporte_p%C3%BAblico-line-304_1-Brasilia-1702-851940-516636-0,-1.0,-15.789687,-47.94163,41.0,,,2,2023-06-15T23:07:37+00:00
BRA_445037,Brasília,5300108,,Marechal,933.6,https://moovitapp.com/index/pt-br/transporte_p%C3%BAblico-line-933_6-Brasilia-1702-851940-3494672-0,-1.0,-15.839593,-48.12819,10.0,,,2,2023-06-15T23:03:12+00:00
BRA_444961,Brasília,5300108,,Urbi,0.347,https://moovitapp.com/index/pt-br/transporte_p%C3%BAblico-line-0_347-Brasilia-1702-851595-347128-0,-1.0,-15.817187,-47.981467,52.0,,,2,2023-06-15T23:07:44+00:00
BRA_444821,Brasília,5300108,,Marechal,0.555,https://moovitapp.com/index/pt-br/transporte_p%C3%BAblico-line-0_555-Brasilia-1702-851940-504341-0,-1.0,-15.81174,-47.98671,59.0,,,2,2023-06-15T23:07:39+00:00
BRA_444766,Brasília,5300108,,Marechal,0.383,https://moovitapp.com/index/pt-br/transporte_p%C3%BAblico-line-0_383-Brasilia-1702-851940-347151-0,-1.0,-15.793973,-47.883173,0.0,,,2,2023-06-15T23:07:37+00:00
BRA_440817,Brasília,5300108,,São José,157.8,https://moovitapp.com/index/pt-br/transporte_p%C3%BAblico-line-157_8-Brasilia-1702-851943-759503-0,-1.0,-15.783077,-47.998793,13.0,,,2,2023-06-15T23:06:56+00:00
BRA_443905,Brasília,5300108,,Marechal,355.1,https://moovitapp.com/index/pt-br/transporte_p%C3%BAblico-line-355_1-Brasilia-1702-851940-729097-0,-1.0,-15.833093,-48.05728,6.0,,,2,2023-06-15T23:07:37+00:00
BRA_441406,Brasília,5300108,,Marechal,0.910,https://moovitapp.com/index/pt-br/transporte_p%C3%BAblico-line-0_910-Brasilia-1702-851940-347156-0,-1.0,-15.85097,-48.061283,33.0,,,2,2023-06-15T23:07:37+00:00
BRA_443867,Brasília,5300108,,Marechal,0.951,https://moovitapp.com/index/pt-br/transporte_p%C3%BAblico-line-0_951-Brasilia-1702-851940-783578-0,-1.0,-15.866367,-48.03438,47.0,,,2,2023-06-15T23:07:41+00:00
BRA_440647,Brasília,5300108,,Marechal,355.2,https://moovitapp.com/index/pt-br/transporte_p%C3%BAblico-line-355_2-Brasilia-1702-851940-510251-0,-1.0,-15.8516,-48.040977,33.0,,,2,2023-06-15T23:07:37+00:00
BRA_440884,Brasília,5300108,,Marechal,0.205,https://moovitapp.com/index/pt-br/transporte_p%C3%BAblico-line-0_205-Brasilia-1702-851940-463646-0,-1.0,-16.017253,-48.055157,47.0,,,2,2023-06-15T23:07:37+00:00
BRA_440302,Brasília,5300108,,Urbi,0.872,https://moovitapp.com/index/pt-br/transporte_p%C3%BAblico-line-0_872-Brasilia-1702-851595-466291-0,-1.0,-15.920423,-48.061093,18.0,,,2,2023-06-15T23:07:37+00:00
BRA_444651,Brasília,5300108,,Marechal,386.1,https://moovitapp.com/index/pt-br/transporte_p%C3%BAblico-line-386_1-Brasilia-1702-851940-775114-0,-1.0,-15.868797,-48.055887,51.0,,,2,2023-06-15T23:07:37+00:00
BRA_440256,Brasília,5300108,,Marechal,156.1,https://moovitapp.com/index/pt-br/transporte_p%C3%BAblico-line-156_1-Brasilia-1702-851940-242750-0,-1.0,-15.948367,-48.035867,54.0,,,2,2023-06-15T23:07:40+00:00
BRA_442682,Brasília,5300108,,Marechal,933.4,https://moovitapp.com/index/pt-br/transporte_p%C3%BAblico-line-933_4-Brasilia-1702-851940-656766-0,-1.0,-15.813083,-48.096687,31.0,,,2,2023-06-15T23:07:39+00:00
BRA_444901,Brasília,5300108,,Marechal,0.383,https://moovitapp.com/index/pt-br/transporte_p%C3%BAblico-line-0_383-Brasilia-1702-851940-347151-0,-1.0,-15.841157,-48.115053,29.0,,,2,2023-06-15T23:00:37+00:00
BRA_441643,Brasília,5300108,,Urbi,056.2,https://moovitapp.com/index/pt-br/transporte_p%C3%BAblico-line-056_2-Brasilia-1702-851595-492982-0,-1.0,-15.883687,-48.149847,0.0,,,2,2023-06-15T23:07:37+00:00
BRA_443913,Brasília,5300108,,Urbi,0.050,https://moovitapp.com/index/pt-br/transporte_p%C3%BAblico-line-0_050-Brasilia-1702-851595-781325-0,-1.0,-15.852827,-48.071543,0.0,,,2,2023-06-15T23:07:37+00:00
BRA_444456,Brasília,5300108,,Marechal,0.361,https://moovitapp.com/index/pt-br/transporte_p%C3%BAblico-line-0_361-Brasilia-1702-851940-376158-0,-1.0,-15.835407,-48.076037,49.0,,,2,2023-06-15T23:07:37+00:00
BRA_443638,Brasília,5300108,,Marechal,351.3,https://moovitapp.com/index/pt-br/transporte_p%C3%BAblico-line-351_3-Brasilia-1702-851940-510249-0,-1.0,-15.87019,-48.037847,0.0,,,2,2023-06-15T23:05:48+00:00
BRA_442488,Brasília,5300108,,Urbi,0.054,https://moovitapp.com/index/pt-br/transporte_p%C3%BAblico-line-0_054-Brasilia-1702-851595-454960-0,-1.0,-15.81758,-48.06285,0.0,,,2,2023-06-15T23:07:37+00:00
BRA_442518,Brasília,5300108,,Urbi,0.050,https://moovitapp.com/index/pt-br/transporte_p%C3%BAblico-line-0_050-Brasilia-1702-851595-781325-0,-1.0,-15.840117,-48.129313,0.0,,,2,2023-06-15T23:07:37+00:00
BRA_441490,Brasília,5300108,,Marechal,933.4,https://moovitapp.com/index/pt-br/transporte_p%C3%BAblico-line-933_4-Brasilia-1702-851940-656766-0,-1.0,-15.821693,-48.11255,26.0,,,2,2023-06-15T23:07:42+00:00
BRA_445169,Brasília,5300108,,Marechal,0.305,https://moovitapp.com/index/pt-br/transporte_p%C3%BAblico-line-0_305-Brasilia-1702-851940-775108-0,-1.0,-15.844307,-48.001087,32.0,,,2,2023-06-15T22:53:46+00:00
BRA_444553,Brasília,5300108,,Marechal,0.554,https://moovitapp.com/index/pt-br/transporte_p%C3%BAblico-line-0_554-Brasilia-1702-851940-504340-0,-1.0,-15.843203,-48.10365,0.0,,,2,2023-06-15T23:07:37+00:00
BRA_441341,Brasília,5300108,,Marechal,0.205,https://moovitapp.com/index/pt-br/transporte_p%C3%BAblico-line-0_205-Brasilia-1702-851940-463646-0,-1.0,-16.029173,-48.070257,31.0,,,2,2023-06-15T23:07:37+00:00
BRA_441112,Brasília,5300108,,Marechal,306.2,https://moovitapp.com/index/pt-br/transporte_p%C3%BAblico-line-306_2-Brasilia-1702-851940-527237-0,-1.0,-15.863407,-48.02477,18.0,,,2,2023-06-15T23:07:37+00:00
BRA_228800,Brasília,5300108,,Pioneira,2306,https://moovitapp.com/index/pt-br/transporte_p%C3%BAblico-line-2306-Brasilia-1702-851941-18556641-0,-1.0,-16.002499,-47.986684,,,,1,2023-06-15T23:07:02+00:00
BRA_229229,Brasília,5300108,,Pioneira,3313,https://moovitapp.com/index/pt-br/transporte_p%C3%BAblico-line-3313-Brasilia-1702-851941-616182-0,-1.0,-16.044734,-48.033919,,,,2,2023-06-15T23:07:12+00:00
BRA_230189,Brasília,5300108,,Pioneira,3308,https://moovitapp.com/index/pt-br/transporte_p%C3%BAblico-line-3308-Brasilia-1702-851941-577772-0,-1.0,-16.005061,-47.995324,,,,1,2023-06-15T23:07:30+00:00
BRA_227676,Brasília,5300108,,Pioneira,147.5,https://moovitapp.com/index/pt-br/transporte_p%C3%BAblico-line-147_5-Brasilia-1702-851941-519406-0,-1.0,-15.763319,-47.891221,,,,2,2023-06-15T23:07:00+00:00
BRA_223930,Brasília,5300108,,Pioneira,2307,https://moovitapp.com/index/pt-br/transporte_p%C3%BAblico-line-2307-Brasilia-1702-851941-18556638-0,-1.0,-15.953064,-47.994345,,,,1,2023-06-14T10:16:34+00:00
BRA_231967,Brasília,5300108,,Pioneira,170.6,https://moovitapp.com/index/pt-br/transporte_p%C3%BAblico-line-170_6-Brasilia-1702-851941-83224061-0,-1.0,-16.043557,-47.811119,,,,2,2023-06-15T23:07:52+00:00
BRA_223654,Brasília,5300108,,Pioneira,2206,https://moovitapp.com/index/pt-br/transporte_p%C3%BAblico-line-2206-Brasilia-1702-851941-18556637-0,-1.0,-15.941757,-47.987905,,,,1,2023-06-15T23:07:02+00:00
BRA_229075,Brasília,5300108,,Pioneira,0.275,https://moovitapp.com/index/pt-br/transporte_p%C3%BAblico-line-0_275-Brasilia-1702-851941-706979-0,-1.0,-16.02649,-48.020103,,,,2,2023-06-15T23:07:26+00:00
BRA_228681,Brasília,5300108,,Pioneira,180.2,https://moovitapp.com/index/pt-br/transporte_p%C3%BAblico-line-180_2-Brasilia-1702-851941-514539-0,-1.0,-15.794301,-47.881914,,,,2,2023-06-15T22:24:16+00:00
BRA_232149,Brasília,5300108,,Pioneira,205.1,https://moovitapp.com/index/pt-br/transporte_p%C3%BAblico-line-205_1-Brasilia-1702-851941-393571-0,-1.0,-15.987115,-48.044352,,,,2,2023-06-15T23:07:36+00:00
BRA_229768,Brasília,5300108,,Pioneira,0.185,https://moovitapp.com/index/pt-br/transporte_p%C3%BAblico-line-0_185-Brasilia-1702-851941-691096-0,-1.0,-15.801587,-47.886892,,,,1,2023-06-15T07:33:22+00:00
BRA_232327,Brasília,5300108,,Pioneira,0.253,https://moovitapp.com/index/pt-br/transporte_p%C3%BAblico-line-0_253-Brasilia-1702-851941-510254-0,-1.0,-15.8121,-48.094763,,,,1,2023-06-15T23:06:54+00:00
BRA_231321,Brasília,5300108,,Taguatur,3304,https://moovitapp.com/index/pt-br/transporte_p%C3%BAblico-line-3304-Brasilia-1702-854428-21462346-0,-1.0,-15.994088,-47.986214,,,,1,2023-06-15T23:07:44+00:00
BRA_228508,Brasília,5300108,,Pioneira,0.255,https://moovitapp.com/index/pt-br/transporte_p%C3%BAblico-line-0_255-Brasilia-1702-851941-706978-0,-1.0,-16.003761,-47.988757,,,,2,2023-06-15T23:07:12+00:00
BRA_231801,Brasília,5300108,,Pioneira,100.8,https://moovitapp.com/index/pt-br/transporte_p%C3%BAblico-line-100_8-Brasilia-1702-851941-576191-0,-1.0,-15.815835,-47.806001,,,,2,2023-06-15T23:07:36+00:00
BRA_232165,Brasília,5300108,,Pioneira,205.1,https://moovitapp.com/index/pt-br/transporte_p%C3%BAblico-line-205_1-Brasilia-1702-851941-393571-0,-1.0,-15.801659,-48.099894,,,,2,2023-06-15T23:07:30+00:00
BRA_232521,Brasília,5300108,,Pioneira,2307,https://moovitapp.com/index/pt-br/transporte_p%C3%BAblico-line-2307-Brasilia-1702-851941-18556638-0,-1.0,-15.787361,-47.910187,,,,2,2023-06-15T23:07:42+00:00
BRA_229954,Brasília,5300108,,,3201,,,-16.032825,-48.057087,,,,1,2023-06-15T23:07:10+00:00
BRA_228265,Brasília,5300108,,Pioneira,205.1,https://moovitapp.com/index/pt-br/transporte_p%C3%BAblico-line-205_1-Brasilia-1702-851941-393571-0,-1.0,-15.874449,-48.046609,,,,2,2023-06-15T23:07:40+00:00
BRA_226599,Brasília,5300108,,Pioneira,102.1,https://moovitapp.com/index/pt-br/transporte_p%C3%BAblico-line-102_1-Brasilia-1702-851941-775125-0,-1.0,-15.839605,-47.92111,,,,1,2023-06-15T23:07:26+00:00
BRA_226874,Brasília,5300108,,Pioneira,764.2,https://moovitapp.com/index/pt-br/transporte_p%C3%BAblico-line-764_2-Brasilia-1702-851941-527246-0,-1.0,-15.760161,-47.781314,,,,1,2023-06-15T23:06:52+00:00
BRA_229385,Brasília,5300108,,Pioneira,0.763,https://moovitapp.com/index/pt-br/transporte_p%C3%BAblico-line-0_763-Brasilia-1702-851941-468878-0,-1.0,-15.754625,-47.7794,,,,1,2023-06-15T23:07:12+00:00
BRA_231444,Brasília,5300108,,Pioneira,183.8,https://moovitapp.com/index/pt-br/transporte_p%C3%BAblico-line-183_8-Brasilia-1702-851941-719958-0,-1.0,-15.913587,-47.757777,,,,1,2023-06-15T23:06:42+00:00
BRA_230111,Brasília,5300108,,Pioneira,0.255,https://moovitapp.com/index/pt-br/transporte_p%C3%BAblico-line-0_255-Brasilia-1702-851941-706978-0,-1.0,-16.042,-48.034065,,,,1,2023-06-15T23:07:20+00:00
BRA_231541,Brasília,5300108,,Pioneira,0.018,https://moovitapp.com/index/pt-br/transporte_p%C3%BAblico-line-0_018-Brasilia-1702-851941-75742713-0,-1.0,-15.746603,-47.764097,,,,2,2023-06-15T23:07:38+00:00
BRA_230120,Brasília,5300108,,Pioneira,3312,https://moovitapp.com/index/pt-br/transporte_p%C3%BAblico-line-3312-Brasilia-1702-851941-616181-0,-1.0,-16.002028,-47.986004,,,,1,2023-06-15T23:06:34+00:00
BRA_232297,Brasília,5300108,,Pioneira,3316,https://moovitapp.com/index/pt-br/transporte_p%C3%BAblico-line-3316-Brasilia-1702-851941-59965195-0,-1.0,-16.006062,-47.999006,,,,1,2023-06-15T23:07:54+00:00
BRA_227650,Brasília,5300108,,Pioneira,147.2,https://moovitapp.com/index/pt-br/transporte_p%C3%BAblico-line-147_2-Brasilia-1702-851941-519403-0,-1.0,-15.891067,-47.797443,,,,2,2023-06-15T23:06:44+00:00
BRA_229032,Brasília,5300108,,Urbi,119.0,https://moovitapp.com/index/pt-br/transporte_p%C3%BAblico-line-119_0-Brasilia-1702-851595-139513625-0,-1.0,-15.964084,-47.992597,,,,1,2023-06-15T23:07:12+00:00
BRA_227331,Brasília,5300108,,Pioneira,147.4,https://moovitapp.com/index/pt-br/transporte_p%C3%BAblico-line-147_4-Brasilia-1702-851941-574204-0,-1.0,-15.898403,-47.782337,,,,2,2023-06-15T23:07:26+00:00
BRA_229253,Brasília,5300108,,Pioneira,759.1,https://moovitapp.com/index/pt-br/transporte_p%C3%BAblico-line-759_1-Brasilia-1702-851941-616183-0,-1.0,-15.765676,-47.890484,,,,1,2023-06-15T23:07:28+00:00
BRA_232629,Brasília,5300108,,Pioneira,2208,https://moovitapp.com/index/pt-br/transporte_p%C3%BAblico-line-2208-Brasilia-1702-851941-18556642-0,-1.0,-15.788533,-47.895265,,,,1,2023-06-15T23:08:14+00:00
BRA_228249,Brasília,5300108,,Pioneira,2309,https://moovitapp.com/index/pt-br/transporte_p%C3%BAblico-line-2309-Brasilia-1702-851941-57764376-0,-1.0,-15.857611,-47.956205,,,,2,2023-06-15T23:07:50+00:00
BRA_228516,Brasília,5300108,,Pioneira,784.3,https://moovitapp.com/index/pt-br/transporte_p%C3%BAblico-line-784_3-Brasilia-1702-851941-46904557-0,-1.0,-15.761843,-47.780563,,,,1,2023-06-15T23:06:48+00:00
BRA_231754,Brasília,5300108,,Pioneira,780.1,https://moovitapp.com/index/pt-br/transporte_p%C3%BAblico-line-780_1-Brasilia-1702-851941-531040-0,-1.0,-15.757124,-47.774587,,,,1,2023-06-15T23:07:46+00:00
BRA_231495,Brasília,5300108,,Pioneira,0.018,https://moovitapp.com/index/pt-br/transporte_p%C3%BAblico-line-0_018-Brasilia-1702-851941-75742713-0,-1.0,-15.754147,-47.894159,,,,2,2023-06-15T23:07:24+00:00
BRA_227714,Brasília,5300108,,,3202,,,-16.030346,-48.056343,,,,1,2023-06-15T23:07:22+00:00
BRA_228648,Brasília,5300108,,Pioneira,2309,https://moovitapp.com/index/pt-br/transporte_p%C3%BAblico-line-2309-Brasilia-1702-851941-57764376-0,-1.0,-16.023931,-48.031808,,,,1,2023-06-15T23:08:00+00:00
BRA_227218,Brasília,5300108,,Pioneira,3210,https://moovitapp.com/index/pt-br/transporte_p%C3%BAblico-line-3210-Brasilia-1702-851941-14518504-0,-1.0,-16.014928,-48.067221,,,,1,2023-06-15T23:07:02+00:00
BRA_228303,Brasília,5300108,,Pioneira,205.1,https://moovitapp.com/index/pt-br/transporte_p%C3%BAblico-line-205_1-Brasilia-1702-851941-393571-0,-1.0,-15.833238,-48.056095,,,,1,2023-06-15T23:06:50+00:00
BRA_232432,Brasília,5300108,,Pioneira,3315,https://moovitapp.com/index/pt-br/transporte_p%C3%BAblico-line-3315-Brasilia-1702-851941-645997-0,-1.0,-16.039816,-48.034008,,,,1,2023-06-15T23:07:28+00:00
BRA_232025,Brasília,5300108,,Pioneira,180.1,https://moovitapp.com/index/pt-br/transporte_p%C3%BAblico-line-180_1-Brasilia-1702-851941-339336-0,-1.0,-15.795547,-47.873788,,,,1,2023-06-15T23:07:52+00:00
BRA_227382,Brasília,5300108,,Pioneira,180.3,https://moovitapp.com/index/pt-br/transporte_p%C3%BAblico-line-180_3-Brasilia-1702-851941-546212-0,-1.0,-15.803798,-47.851854,,,,1,2023-06-15T23:07:14+00:00
BRA_232220,Brasília,5300108,,Pioneira,205.1,https://moovitapp.com/index/pt-br/transporte_p%C3%BAblico-line-205_1-Brasilia-1702-851941-393571-0,-1.0,-15.974736,-48.0306,,,,2,2023-06-15T23:07:40+00:00
BRA_223816,Brasília,5300108,,Pioneira,2208,https://moovitapp.com/index/pt-br/transporte_p%C3%BAblico-line-2208-Brasilia-1702-851941-18556642-0,-1.0,-15.96199,-48.015945,,,,1,2023-06-15T23:07:14+00:00
BRA_229563,Brasília,5300108,,Pioneira,180.2,https://moovitapp.com/index/pt-br/transporte_p%C3%BAblico-line-180_2-Brasilia-1702-851941-514539-0,-1.0,-15.799821,-47.860163,,,,1,2023-06-15T23:08:26+00:00
BRA_228621,Brasília,5300108,,Pioneira,147.5,https://moovitapp.com/index/pt-br/transporte_p%C3%BAblico-line-147_5-Brasilia-1702-851941-519406-0,-1.0,-15.737956,-47.911064,,,,2,2023-06-15T23:06:36+00:00
BRA_226963,Brasília,5300108,,Pioneira,2208,https://moovitapp.com/index/pt-br/transporte_p%C3%BAblico-line-2208-Brasilia-1702-851941-18556642-0,-1.0,-15.982614,-48.039234,,,,2,2023-06-15T23:07:54+00:00
BRA_232254,Brasília,5300108,,Pioneira,124.6,https://moovitapp.com/index/pt-br/transporte_p%C3%BAblico-line-124_6-Brasilia-1702-851941-425282-0,-1.0,-15.927013,-47.977535,,,,1,2023-06-15T23:06:56+00:00
BRA_225584,Brasília,5300108,,Taguatur,2301,https://moovitapp.com/index/pt-br/transporte_p%C3%BAblico-line-2301-Brasilia-1702-854428-81537943-0,-1.0,-15.95878,-47.993589,,,,2,2023-06-15T23:07:42+00:00
BRA_227765,Brasília,5300108,,Pioneira,2206,https://moovitapp.com/index/pt-br/transporte_p%C3%BAblico-line-2206-Brasilia-1702-851941-18556637-0,-1.0,-15.992603,-48.050564,,,,2,2023-06-15T23:07:18+00:00
BRA_228877,Brasília,5300108,,Pioneira,0.255,https://moovitapp.com/index/pt-br/transporte_p%C3%BAblico-line-0_255-Brasilia-1702-851941-706978-0,-1.0,-15.874208,-48.046088,,,,2,2023-06-15T23:07:42+00:00
BRA_229601,Brasília,5300108,,Pioneira,0.101,https://moovitapp.com/index/pt-br/transporte_p%C3%BAblico-line-0_101-Brasilia-1702-851941-587082-0,-1.0,-15.72084,-47.880966,,,,2,2023-06-15T23:06:44+00:00
BRA_228397,Brasília,5300108,,Pioneira,0.253,https://moovitapp.com/index/pt-br/transporte_p%C3%BAblico-line-0_253-Brasilia-1702-851941-510254-0,-1.0,-16.005153,-47.995604,,,,2,2023-06-15T23:06:54+00:00
BRA_227781,Brasília,5300108,,,3202,,,-16.009953,-48.046908,,,,1,2023-06-15T23:07:42+00:00
BRA_229393,Brasília,5300108,,Taguatur,3303,https://moovitapp.com/index/pt-br/transporte_p%C3%BAblico-line-3303-Brasilia-1702-854428-2224148-0,-1.0,-16.002257,-47.98608,,,,1,2023-06-15T23:08:02+00:00
BRA_226602,Brasília,5300108,,Pioneira,100.8,https://moovitapp.com/index/pt-br/transporte_p%C3%BAblico-line-100_8-Brasilia-1702-851941-576191-0,-1.0,-15.752457,-47.763912,,,,1,2023-06-15T23:06:54+00:00
BRA_230014,Brasília,5300108,,Pioneira,207.2,https://moovitapp.com/index/pt-br/transporte_p%C3%BAblico-line-207_2-Brasilia-1702-851941-137149862-0,-1.0,-16.038013,-48.05675,,,,1,2023-06-15T23:08:26+00:00
BRA_229741,Brasília,5300108,,Pioneira,0.765,https://moovitapp.com/index/pt-br/transporte_p%C3%BAblico-line-0_765-Brasilia-1702-851941-576190-0,-1.0,-15.782584,-47.776717,,,,2,2023-06-15T23:08:00+00:00
BRA_231533,Brasília,5300108,,Pioneira,0.030,https://moovitapp.com/index/pt-br/transporte_p%C3%BAblico-line-0_030-Brasilia-1702-851941-775118-0,-1.0,-15.77632,-47.888189,,,,1,2023-06-15T23:07:22+00:00
BRA_227072,Brasília,5300108,,Pioneira,764.2,https://moovitapp.com/index/pt-br/transporte_p%C3%BAblico-line-764_2-Brasilia-1702-851941-527246-0,-1.0,-15.748318,-47.769723,,,,1,2023-06-15T23:07:50+00:00
BRA_226360,Brasília,5300108,,Pioneira,2205,https://moovitapp.com/index/pt-br/transporte_p%C3%BAblico-line-2205-Brasilia-1702-851941-393568-0,-1.0,-15.79799,-47.891927,,,,1,2023-06-15T23:07:20+00:00
BRA_226432,Brasília,5300108,,Pioneira,761.1,https://moovitapp.com/index/pt-br/transporte_p%C3%BAblico-line-761_1-Brasilia-1702-851941-620161-0,-1.0,-15.799022,-47.862751,,,,1,2023-06-15T23:07:50+00:00
BRA_228567,Brasília,5300108,,Pioneira,2307,https://moovitapp.com/index/pt-br/transporte_p%C3%BAblico-line-2307-Brasilia-1702-851941-18556638-0,-1.0,-15.946666,-47.991573,,,,2,2023-06-15T23:07:42+00:00
BRA_232475,Brasília,5300108,,Pioneira,3314,https://moovitapp.com/index/pt-br/transporte_p%C3%BAblico-line-3314-Brasilia-1702-851941-645996-0,-1.0,-16.015411,-47.984777,,,,1,2023-06-15T23:06:54+00:00
BRA_228834,Brasília,5300108,,Pioneira,0.253,https://moovitapp.com/index/pt-br/transporte_p%C3%BAblico-line-0_253-Brasilia-1702-851941-510254-0,-1.0,-16.003366,-47.987244,,,,2,2023-06-15T23:08:20+00:00
BRA_226688,Brasília,5300108,,Pioneira,0.759,https://moovitapp.com/index/pt-br/transporte_p%C3%BAblico-line-0_759-Brasilia-1702-851941-775121-0,-1.0,-15.762877,-47.780398,,,,2,2023-06-15T23:07:10+00:00
BRA_231843,Brasília,5300108,,Pioneira,197.7,https://moovitapp.com/index/pt-br/transporte_p%C3%BAblico-line-197_7-Brasilia-1702-851941-104814190-0,-1.0,-15.919326,-47.761458,,,,2,2023-06-15T23:07:36+00:00
BRA_231631,Brasília,5300108,,Pioneira,0.762,https://moovitapp.com/index/pt-br/transporte_p%C3%BAblico-line-0_762-Brasilia-1702-851941-576189-0,-1.0,-15.736016,-47.765285,,,,1,2023-06-15T08:20:24+00:00
BRA_227609,Brasília,5300108,,Pioneira,2205,https://moovitapp.com/index/pt-br/transporte_p%C3%BAblico-line-2205-Brasilia-1702-851941-393568-0,-1.0,-15.954477,-48.007795,,,,2,2023-06-15T23:08:00+00:00
BRA_226467,Brasília,5300108,,Pioneira,0.759,https://moovitapp.com/index/pt-br/transporte_p%C3%BAblico-line-0_759-Brasilia-1702-851941-775121-0,-1.0,-15.754167,-47.894178,,,,1,2023-06-15T23:06:56+00:00
BRA_229491,Brasília,5300108,,Pioneira,0.510,https://moovitapp.com/index/pt-br/transporte_p%C3%BAblico-line-0_510-Brasilia-1702-851941-16483906-0,-1.0,-15.692612,-47.70226,,,,1,2023-06-15T22:59:50+00:00
BRA_228605,Brasília,5300108,,Pioneira,0.255,https://moovitapp.com/index/pt-br/transporte_p%C3%BAblico-line-0_255-Brasilia-1702-851941-706978-0,-1.0,-15.798624,-48.10451,,,,2,2023-06-15T23:07:32+00:00
BRA_226092,Brasília,5300108,,UTB,2302,https://moovitapp.com/index/pt-br/transporte_p%C3%BAblico-line-2302-Brasilia-1702-854427-744298-0,-1.0,-15.938959,-47.986074,,,,2,2023-06-15T23:07:38+00:00
BRA_232203,Brasília,5300108,,Pioneira,124.6,https://moovitapp.com/index/pt-br/transporte_p%C3%BAblico-line-124_6-Brasilia-1702-851941-425282-0,-1.0,-15.832812,-47.952549,,,,1,2023-06-15T23:07:22+00:00
BRA_228281,Brasília,5300108,,,3202,,,-16.037556,-48.056369,,,,1,2023-06-15T23:07:08+00:00
BRA_228389,Brasília,5300108,,Pioneira,0.255,https://moovitapp.com/index/pt-br/transporte_p%C3%BAblico-line-0_255-Brasilia-1702-851941-706978-0,-1.0,-15.829562,-48.058581,,,,2,2023-06-15T23:07:14+00:00
BRA_229482,Brasília,5300108,,Pioneira,0.195,https://moovitapp.com/index/pt-br/transporte_p%C3%BAblico-line-0_195-Brasilia-1702-851941-242845-0,-1.0,-15.897683,-47.783494,,,,1,2023-06-15T23:06:44+00:00
BRA_227838,Brasília,5300108,,Pioneira,180.2,https://moovitapp.com/index/pt-br/transporte_p%C3%BAblico-line-180_2-Brasilia-1702-851941-514539-0,-1.0,-15.820122,-47.832024,,,,2,2023-06-15T23:07:10+00:00
BRA_230049,Brasília,5300108,,Taguatur,3305,https://moovitapp.com/index/pt-br/transporte_p%C3%BAblico-line-3305-Brasilia-1702-854428-77810673-0,-1.0,-16.037794,-48.056566,,,,1,2023-06-15T23:06:54+00:00
BRA_232602,Brasília,5300108,,UTB,2302,https://moovitapp.com/index/pt-br/transporte_p%C3%BAblico-line-2302-Brasilia-1702-854427-744298-0,-1.0,-16.001876,-47.986169,,,,2,2023-06-15T23:07:48+00:00
BRA_232441,Brasília,5300108,,Pioneira,3317,https://moovitapp.com/index/pt-br/transporte_p%C3%BAblico-line-3317-Brasilia-1702-851941-62597813-0,-1.0,-16.048885,-48.000941,,,,2,2023-06-15T23:07:30+00:00
BRA_226262,Brasília,5300108,,UTB,2303,https://moovitapp.com/index/pt-br/transporte_p%C3%BAblico-line-2303-Brasilia-1702-854427-744299-0,-1.0,-15.871941,-47.951385,,,,2,2023-06-15T23:07:34+00:00
BRA_228192,Brasília,5300108,,,3206,,,-15.991651,-48.049165,,,,1,2023-06-15T23:07:30+00:00
BRA_226556,Brasília,5300108,,Pioneira,0.111,https://moovitapp.com/index/pt-br/transporte_p%C3%BAblico-line-0_111-Brasilia-1702-851941-432834-0,-1.0,-15.811543,-47.905107,,,,1,2023-06-15T23:08:02+00:00
BRA_226424,Brasília,5300108,,Pioneira,100.4,https://moovitapp.com/index/pt-br/transporte_p%C3%BAblico-line-100_4-Brasilia-1702-851941-514538-0,-1.0,-15.755014,-47.769787,,,,1,2023-06-15T23:07:10+00:00
BRA_230065,Brasília,5300108,,Taguatur,3302,https://moovitapp.com/index/pt-br/transporte_p%C3%BAblico-line-3302-Brasilia-1702-854428-3135322-0,-1.0,-16.047725,-48.030308,,,,1,2023-06-15T23:07:20+00:00
BRA_226025,Brasília,5300108,,UTB,2302,https://moovitapp.com/index/pt-br/transporte_p%C3%BAblico-line-2302-Brasilia-1702-854427-744298-0,-1.0,-16.002365,-47.987441,,,,2,2023-06-15T23:07:40+00:00
BRA_229555,Brasília,5300108,,,3204,,,-16.015898,-48.073058,,,,1,2023-06-15T23:08:08+00:00
BRA_228885,Brasília,5300108,,Pioneira,2307,https://moovitapp.com/index/pt-br/transporte_p%C3%BAblico-line-2307-Brasilia-1702-851941-18556638-0,-1.0,-15.788466,-47.90538,,,,1,2023-06-15T23:07:24+00:00
BRA_225703,Brasília,5300108,,Pioneira,0.764,https://moovitapp.com/index/pt-br/transporte_p%C3%BAblico-line-0_764-Brasilia-1702-851941-516641-0,-1.0,-15.79423,-47.782146,,,,1,2023-06-15T23:07:40+00:00
BRA_223905,Brasília,5300108,,Pioneira,2307,https://moovitapp.com/index/pt-br/transporte_p%C3%BAblico-line-2307-Brasilia-1702-851941-18556638-0,-1.0,-16.004651,-47.993182,,,,1,2023-06-15T23:08:20+00:00
BRA_229849,Brasília,5300108,,Pioneira,0.147,https://moovitapp.com/index/pt-br/transporte_p%C3%BAblico-line-0_147-Brasilia-1702-851941-519401-0,-1.0,-15.81778,-47.913289,,,,2,2023-06-15T23:07:18+00:00
BRA_228575,Brasília,5300108,,Pioneira,0.255,https://moovitapp.com/index/pt-br/transporte_p%C3%BAblico-line-0_255-Brasilia-1702-851941-706978-0,-1.0,-15.915325,-48.049858,,,,2,2023-06-15T23:07:46+00:00
BRA_232084,Brasília,5300108,,Pioneira,180.0,https://moovitapp.com/index/pt-br/transporte_p%C3%BAblico-line-180_0-Brasilia-1702-851941-77097780-0,-1.0,-15.879442,-47.823224,,,,2,2023-06-15T23:06:56+00:00
BRA_229652,Brasília,5300108,,Pioneira,760.1,https://moovitapp.com/index/pt-br/transporte_p%C3%BAblico-line-760_1-Brasilia-1702-851941-576193-0,-1.0,-15.748604,-47.770524,,,,2,2023-06-15T23:07:52+00:00
BRA_230031,Brasília,5300108,,,3207,,,-16.006339,-48.059656,,,,1,2023-06-15T23:07:28+00:00
BRA_226831,Brasília,5300108,,Pioneira,0.510,https://moovitapp.com/index/pt-br/transporte_p%C3%BAblico-line-0_510-Brasilia-1702-851941-16483906-0,-1.0,-15.76021,-47.780773,,,,1,2023-06-15T13:15:44+00:00
BRA_227480,Brasília,5300108,,,3201,,,-15.998349,-48.058562,,,,1,2023-06-15T21:20:48+00:00
BRA_227480,Brasília,5300108,,Taguatur,3305,https://moovitapp.com/index/pt-br/transporte_p%C3%BAblico-line-3305-Brasilia-1702-854428-77810673-0,-1.0,-16.009829,-47.985972,,,,1,2023-06-15T23:07:08+00:00
BRA_230103,Brasília,5300108,,Taguatur,3302,https://moovitapp.com/index/pt-br/transporte_p%C3%BAblico-line-3302-Brasilia-1702-854428-3135322-0,-1.0,-16.042343,-48.034059,,,,1,2023-06-15T23:07:16+00:00
BRA_228125,Brasília,5300108,,,3202,,,-16.007073,-48.046825,,,,1,2023-06-15T23:08:24+00:00
BRA_227099,Brasília,5300108,,Pioneira,181.6,https://moovitapp.com/index/pt-br/transporte_p%C3%BAblico-line-181_6-Brasilia-1702-851941-408473-0,-1.0,-15.902006,-47.772514,,,,1,2023-06-15T23:07:48+00:00
BRA_231703,Brasília,5300108,,Pioneira,100.6,https://moovitapp.com/index/pt-br/transporte_p%C3%BAblico-line-100_6-Brasilia-1702-851941-767605-0,-1.0,-15.802881,-47.952574,,,,2,2023-06-15T23:07:00+00:00
BRA_226343,Brasília,5300108,,,2202,,,-15.998662,-48.058289,,,,1,2023-06-15T23:07:48+00:00
BRA_223689,Brasília,5300108,,Pioneira,2306,https://moovitapp.com/index/pt-br/transporte_p%C3%BAblico-line-2306-Brasilia-1702-851941-18556641-0,-1.0,-15.759746,-47.892378,,,,1,2023-06-15T23:07:08+00:00
BRA_230138,Brasília,5300108,,Pioneira,3312,https://moovitapp.com/index/pt-br/transporte_p%C3%BAblico-line-3312-Brasilia-1702-851941-616181-0,-1.0,-16.026468,-48.03109,,,,2,2023-06-15T23:06:36+00:00
BRA_230171,Brasília,5300108,,Taguatur,3302,https://moovitapp.com/index/pt-br/transporte_p%C3%BAblico-line-3302-Brasilia-1702-854428-3135322-0,-1.0,-16.042229,-48.026398,,,,1,2023-06-15T23:08:04+00:00
BRA_232394,Brasília,5300108,,,3301,,,-16.040194,-48.020917,,,,1,2023-06-15T23:08:22+00:00
BRA_229512,Brasília,5300108,,,3204,,,-16.012992,-48.068378,,,,1,2023-06-15T23:07:50+00:00
BRA_226084,Brasília,5300108,,Taguatur,2301,https://moovitapp.com/index/pt-br/transporte_p%C3%BAblico-line-2301-Brasilia-1702-854428-81537943-0,-1.0,-15.97208,-47.990976,,,,2,2023-06-15T23:06:44+00:00
BRA_229083,Brasília,5300108,,Pioneira,197.3,https://moovitapp.com/index/pt-br/transporte_p%C3%BAblico-line-197_3-Brasilia-1702-851941-519409-0,-1.0,-15.913332,-47.756811,,,,2,2023-06-15T23:07:20+00:00
BRA_231649,Brasília,5300108,,Pioneira,0.762,https://moovitapp.com/index/pt-br/transporte_p%C3%BAblico-line-0_762-Brasilia-1702-851941-576189-0,-1.0,-15.773535,-47.81274,,,,2,2023-06-15T23:06:48+00:00
BRA_228028,Brasília,5300108,,Pioneira,0.147,https://moovitapp.com/index/pt-br/transporte_p%C3%BAblico-line-0_147-Brasilia-1702-851941-519401-0,-1.0,-15.839605,-47.921084,,,,2,2023-06-15T23:07:10+00:00
BRA_226009,Brasília,5300108,,,2201,,,-15.806055,-47.889378,,,,2,2023-06-15T23:07:10+00:00
BRA_227129,Brasília,5300108,,Pioneira,2206,https://moovitapp.com/index/pt-br/transporte_p%C3%BAblico-line-2206-Brasilia-1702-851941-18556637-0,-1.0,-15.988706,-48.045999,,,,2,2023-06-15T23:07:14+00:00
BRA_229440,Brasília,5300108,,Pioneira,2306,https://moovitapp.com/index/pt-br/transporte_p%C3%BAblico-line-2306-Brasilia-1702-851941-18556641-0,-1.0,-15.828152,-47.916309,,,,2,2023-06-15T23:07:28+00:00
BRA_232190,Brasília,5300108,,Taguatur,3305,https://moovitapp.com/index/pt-br/transporte_p%C3%BAblico-line-3305-Brasilia-1702-854428-77810673-0,-1.0,-16.049181,-47.987555,,,,1,2023-06-15T23:07:48+00:00
BRA_226882,Brasília,5300108,,,2202,,,-15.95527,-48.008589,,,,2,2023-06-15T23:07:32+00:00
BRA_227935,Brasília,5300108,,Pioneira,0.199,https://moovitapp.com/index/pt-br/transporte_p%C3%BAblico-line-0_199-Brasilia-1702-851941-242849-0,-1.0,-15.913016,-47.757008,,,,2,2023-06-15T23:07:26+00:00
BRA_227862,Brasília,5300108,,Taguatur,3305,https://moovitapp.com/index/pt-br/transporte_p%C3%BAblico-line-3305-Brasilia-1702-854428-77810673-0,-1.0,-16.037251,-48.053933,,,,1,2023-06-15T23:08:02+00:00
BRA_232459,Brasília,5300108,,Pioneira,3312,https://moovitapp.com/index/pt-br/transporte_p%C3%BAblico-line-3312-Brasilia-1702-851941-616181-0,-1.0,-16.024115,-48.032412,,,,2,2023-06-14T08:34:58+00:00
BRA_225665,Brasília,5300108,,,2201,,,-15.908125,-47.965589,,,,2,2023-06-15T23:08:10+00:00
BRA_229938,Brasília,5300108,,,3204,,,-16.011867,-48.053628,,,,1,2023-06-15T23:07:22+00:00
BRA_231827,Brasília,5300108,,Pioneira,180.1,https://moovitapp.com/index/pt-br/transporte_p%C3%BAblico-line-180_1-Brasilia-1702-851941-339336-0,-1.0,-15.839893,-47.824273,,,,2,2023-06-15T23:07:38+00:00
BRA_231789,Brasília,5300108,,Pioneira,0.764,https://moovitapp.com/index/pt-br/transporte_p%C3%BAblico-line-0_764-Brasilia-1702-851941-516641-0,-1.0,-15.751982,-47.780106,,,,2,2023-06-15T22:13:24+00:00
BRA_228702,Brasília,5300108,,Pioneira,0.255,https://moovitapp.com/index/pt-br/transporte_p%C3%BAblico-line-0_255-Brasilia-1702-851941-706978-0,-1.0,-16.044861,-48.032908,,,,2,2023-06-15T23:08:26+00:00
BRA_229873,Brasília,5300108,,Pioneira,147.5,https://moovitapp.com/index/pt-br/transporte_p%C3%BAblico-line-147_5-Brasilia-1702-851941-519406-0,-1.0,-15.9062,-47.770677,,,,1,2023-06-15T23:07:50+00:00
BRA_223956,Brasília,5300108,,Pioneira,2307,https://moovitapp.com/index/pt-br/transporte_p%C3%BAblico-line-2307-Brasilia-1702-851941-18556638-0,-1.0,-15.965255,-47.991974,,,,1,2023-06-15T23:06:54+00:00
BRA_226939,Brasília,5300108,,Pioneira,759.1,https://moovitapp.com/index/pt-br/transporte_p%C3%BAblico-line-759_1-Brasilia-1702-851941-616183-0,-1.0,-15.75401,-47.779641,,,,1,2023-06-15T23:07:46+00:00
BRA_229202,Brasília,5300108,,Pioneira,2309,https://moovitapp.com/index/pt-br/transporte_p%C3%BAblico-line-2309-Brasilia-1702-851941-57764376-0,-1.0,-15.794312,-47.933386,,,,2,2023-06-15T23:03:40+00:00
BRA_227854,Brasília,5300108,,Pioneira,147.6,https://moovitapp.com/index/pt-br/transporte_p%C3%BAblico-line-147_6-Brasilia-1702-851941-516646-0,-1.0,-15.81916,-47.879803,,,,1,2023-06-15T23:07:44+00:00
BRA_227447,Brasília,5300108,,Pioneira,2206,https://moovitapp.com/index/pt-br/transporte_p%C3%BAblico-line-2206-Brasilia-1702-851941-18556637-0,-1.0,-15.736437,-47.899137,,,,1,2023-06-15T23:07:32+00:00
BRA_227013,Brasília,5300108,,Pioneira,100.6,https://moovitapp.com/index/pt-br/transporte_p%C3%BAblico-line-100_6-Brasilia-1702-851941-767605-0,-1.0,-15.763658,-47.780284,,,,2,2023-06-15T23:08:34+00:00
BRA_223697,Brasília,5300108,,,2202,,,-15.897845,-47.962518,,,,2,2023-06-15T23:08:48+00:00
BRA_227234,Brasília,5300108,,Pioneira,147.2,https://moovitapp.com/index/pt-br/transporte_p%C3%BAblico-line-147_2-Brasilia-1702-851941-519403-0,-1.0,-15.888562,-47.805658,,,,2,2023-06-15T23:08:02+00:00
BRA_229971,Brasília,5300108,,,3204,,,-16.019652,-48.060476,,,,1,2023-06-15T23:06:52+00:00
BRA_227587,Brasília,5300108,,Pioneira,147.5,https://moovitapp.com/index/pt-br/transporte_p%C3%BAblico-line-147_5-Brasilia-1702-851941-519406-0,-1.0,-15.869719,-47.821997,,,,1,2023-06-15T23:06:56+00:00
BRA_232491,Brasília,5300108,,Taguatur,3302,https://moovitapp.com/index/pt-br/transporte_p%C3%BAblico-line-3302-Brasilia-1702-854428-3135322-0,-1.0,-16.03794,-48.034262,,,,1,2023-06-15T22:55:28+00:00
BRA_228435,Brasília,5300108,,,3201,,,-16.016305,-48.06031,,,,1,2023-06-15T23:07:26+00:00
BRA_229920,Brasília,5300108,,,3204,,,-15.992877,-48.050926,,,,1,2023-06-15T23:06:06+00:00
BRA_226149,Brasília,5300108,,UTB,2302,https://moovitapp.com/index/pt-br/transporte_p%C3%BAblico-line-2302-Brasilia-1702-854427-744298-0,-1.0,-16.002324,-47.986513,,,,2,2023-06-15T23:07:40+00:00
BRA_225533,Brasília,5300108,,Pioneira,2205,https://moovitapp.com/index/pt-br/transporte_p%C3%BAblico-line-2205-Brasilia-1702-851941-393568-0,-1.0,-15.813859,-47.907911,,,,1,2023-06-15T22:40:12+00:00
BRA_229091,Brasília,5300108,,Pioneira,0.761,https://moovitapp.com/index/pt-br/transporte_p%C3%BAblico-line-0_761-Brasilia-1702-851941-605389-0,-1.0,-15.835358,-47.819518,,,,2,2023-06-15T23:07:34+00:00
BRA_228869,Brasília,5300108,,Pioneira,251.7,https://moovitapp.com/index/pt-br/transporte_p%C3%BAblico-line-251_7-Brasilia-1702-851941-651524-0,-1.0,-16.049079,-48.025565,,,,1,2023-06-15T23:06:52+00:00
BRA_229059,Brasília,5300108,,Pioneira,020.2,https://moovitapp.com/index/pt-br/transporte_p%C3%BAblico-line-020_2-Brasilia-1702-851941-708653-0,-1.0,-16.039291,-48.034307,,,,1,2023-06-15T23:07:28+00:00
BRA_229989,Brasília,5300108,,,3207,,,-16.006437,-48.059827,,,,1,2023-06-15T23:06:38+00:00
BRA_228079,Brasília,5300108,,Pioneira,205.1,https://moovitapp.com/index/pt-br/transporte_p%C3%BAblico-line-205_1-Brasilia-1702-851941-393571-0,-1.0,-16.022806,-48.069885,,,,1,2023-06-15T23:07:38+00:00
BRA_223867,Brasília,5300108,,Pioneira,2208,https://moovitapp.com/index/pt-br/transporte_p%C3%BAblico-line-2208-Brasilia-1702-851941-18556642-0,-1.0,-15.849562,-47.954838,,,,2,2023-06-15T23:07:40+00:00
BRA_229610,Brasília,5300108,,,3207,,,-15.991688,-48.049146,,,,1,2023-06-15T23:07:04+00:00
BRA_228044,Brasília,5300108,,Pioneira,0.181,https://moovitapp.com/index/pt-br/transporte_p%C3%BAblico-line-0_181-Brasilia-1702-851941-242838-0,-1.0,-15.84215,-47.843366,,,,1,2023-06-15T23:07:10+00:00
BRA_230201,Brasília,5300108,,Pioneira,020.2,https://moovitapp.com/index/pt-br/transporte_p%C3%BAblico-line-020_2-Brasilia-1702-851941-708653-0,-1.0,-16.028385,-48.023015,,,,1,2023-06-15T23:07:28+00:00
BRA_226785,Brasília,5300108,,Pioneira,100.2,https://moovitapp.com/index/pt-br/transporte_p%C3%BAblico-line-100_2-Brasilia-1702-851941-620160-0,-1.0,-15.760619,-47.780188,,,,1,2023-06-15T12:25:48+00:00
BRA_229261,Brasília,5300108,,Pioneira,0.255,https://moovitapp.com/index/pt-br/transporte_p%C3%BAblico-line-0_255-Brasilia-1702-851941-706978-0,-1.0,-16.044874,-48.029195,,,,2,2023-06-15T23:07:16+00:00
BRA_227595,Brasília,5300108,,Pioneira,181.1,https://moovitapp.com/index/pt-br/transporte_p%C3%BAblico-line-181_1-Brasilia-1702-851941-242915-0,-1.0,-15.751483,-47.778923,,,,2,2023-06-15T23:07:30+00:00
BRA_231517,Brasília,5300108,,Pioneira,0.030,https://moovitapp.com/index/pt-br/transporte_p%C3%BAblico-line-0_030-Brasilia-1702-851941-775118-0,-1.0,-15.796477,-47.891145,,,,1,2023-06-15T23:07:34+00:00
BRA_231355,Brasília,5300108,,Pioneira,183.8,https://moovitapp.com/index/pt-br/transporte_p%C3%BAblico-line-183_8-Brasilia-1702-851941-719958-0,-1.0,-15.923047,-47.757084,,,,1,2023-06-15T23:07:24+00:00
BRA_226611,Brasília,5300108,,Pioneira,0.765,https://moovitapp.com/index/pt-br/transporte_p%C3%BAblico-line-0_765-Brasilia-1702-851941-576190-0,-1.0,-15.856536,-47.875746,,,,1,2023-06-15T23:08:08+00:00
BRA_228168,Brasília,5300108,,Pioneira,2306,https://moovitapp.com/index/pt-br/transporte_p%C3%BAblico-line-2306-Brasilia-1702-851941-18556641-0,-1.0,-15.911576,-47.967897,,,,2,2023-06-15T23:07:04+00:00
BRA_226017,Brasília,5300108,,Taguatur,2301,https://moovitapp.com/index/pt-br/transporte_p%C3%BAblico-line-2301-Brasilia-1702-854428-81537943-0,-1.0,-15.871008,-47.949745,,,,2,2023-06-15T23:07:38+00:00
BRA_227030,Brasília,5300108,,Pioneira,0.102,https://moovitapp.com/index/pt-br/transporte_p%C3%BAblico-line-0_102-Brasilia-1702-851941-775119-0,-1.0,-15.870012,-47.928103,,,,1,2023-06-15T21:09:30+00:00
BRA_227439,Brasília,5300108,,Pioneira,183.2,https://moovitapp.com/index/pt-br/transporte_p%C3%BAblico-line-183_2-Brasilia-1702-851941-242920-0,-1.0,-15.879108,-47.779076,,,,1,2023-06-15T23:07:04+00:00
BRA_226238,Brasília,5300108,,Taguatur,2301,https://moovitapp.com/index/pt-br/transporte_p%C3%BAblico-line-2301-Brasilia-1702-854428-81537943-0,-1.0,-16.024157,-48.031713,,,,1,2023-06-15T23:07:34+00:00
BRA_228061,Brasília,5300108,,Pioneira,0.181,https://moovitapp.com/index/pt-br/transporte_p%C3%BAblico-line-0_181-Brasilia-1702-851941-242838-0,-1.0,-15.751626,-47.77926,,,,2,2023-06-15T23:07:08+00:00
BRA_228311,Brasília,5300108,,Pioneira,205.1,https://moovitapp.com/index/pt-br/transporte_p%C3%BAblico-line-205_1-Brasilia-1702-851941-393571-0,-1.0,-15.803213,-48.067755,,,,2,2023-06-15T23:07:26+00:00
BRA_230073,Brasília,5300108,,Taguatur,3306,https://moovitapp.com/index/pt-br/transporte_p%C3%BAblico-line-3306-Brasilia-1702-854428-755287-0,-1.0,-16.00823,-47.986296,,,,1,2023-06-15T23:07:16+00:00
BRA_232581,Brasília,5300108,,UTB,2302,https://moovitapp.com/index/pt-br/transporte_p%C3%BAblico-line-2302-Brasilia-1702-854427-744298-0,-1.0,-15.942761,-47.988623,,,,1,2023-06-15T23:07:12+00:00
BRA_226068,Brasília,5300108,,UTB,2302,https://moovitapp.com/index/pt-br/transporte_p%C3%BAblico-line-2302-Brasilia-1702-854427-744298-0,-1.0,-15.862406,-47.938555,,,,1,2023-06-15T23:07:28+00:00
BRA_227790,Brasília,5300108,,Taguatur,3305,https://moovitapp.com/index/pt-br/transporte_p%C3%BAblico-line-3305-Brasilia-1702-854428-77810673-0,-1.0,-16.04892,-48.006282,,,,1,2023-06-15T23:06:46+00:00
BRA_229946,Brasília,5300108,,Pioneira,073.1,https://moovitapp.com/index/pt-br/transporte_p%C3%BAblico-line-073_1-Brasilia-1702-851941-775123-0,-1.0,-15.848198,-47.954183,,,,1,2023-06-15T23:07:42+00:00
BRA_230219,Brasília,5300108,,Pioneira,3312,https://moovitapp.com/index/pt-br/transporte_p%C3%BAblico-line-3312-Brasilia-1702-851941-616181-0,-1.0,-16.008005,-48.004177,,,,2,2023-06-15T23:07:06+00:00
BRA_228052,Brasília,5300108,,,3204,,,-16.026989,-48.073846,,,,1,2023-06-15T23:07:24+00:00
BRA_226521,Brasília,5300108,,Pioneira,510.1,https://moovitapp.com/index/pt-br/transporte_p%C3%BAblico-line-510_1-Brasilia-1702-851941-770035-0,-1.0,-15.77956,-47.70631,,,,1,2023-06-15T23:03:50+00:00
BRA_227064,Brasília,5300108,,Pioneira,147.5,https://moovitapp.com/index/pt-br/transporte_p%C3%BAblico-line-147_5-Brasilia-1702-851941-519406-0,-1.0,-15.912461,-47.753269,,,,2,2023-06-15T23:07:16+00:00
BRA_228991,Brasília,5300108,,Pioneira,3317,https://moovitapp.com/index/pt-br/transporte_p%C3%BAblico-line-3317-Brasilia-1702-851941-62597813-0,-1.0,-16.023994,-48.031776,,,,1,2023-06-15T23:07:50+00:00
BRA_226653,Brasília,5300108,,Pioneira,764.2,https://moovitapp.com/index/pt-br/transporte_p%C3%BAblico-line-764_2-Brasilia-1702-851941-527246-0,-1.0,-15.800603,-47.864849,,,,2,2023-06-15T23:07:46+00:00
BRA_232301,Brasília,5300108,,Pioneira,0.255,https://moovitapp.com/index/pt-br/transporte_p%C3%BAblico-line-0_255-Brasilia-1702-851941-706978-0,-1.0,-15.808256,-48.083612,,,,2,2023-06-15T23:07:20+00:00
BRA_229369,Brasília,5300108,,Pioneira,2306,https://moovitapp.com/index/pt-br/transporte_p%C3%BAblico-line-2306-Brasilia-1702-851941-18556641-0,-1.0,-15.983235,-47.988312,,,,2,2023-06-15T23:07:30+00:00
BRA_226670,Brasília,5300108,,Pioneira,0.780,https://moovitapp.com/index/pt-br/transporte_p%C3%BAblico-line-0_780-Brasilia-1702-851941-514537-0,-1.0,-15.802229,-47.792891,,,,2,2023-06-15T23:07:42+00:00
BRA_228940,Brasília,5300108,,Pioneira,073.1,https://moovitapp.com/index/pt-br/transporte_p%C3%BAblico-line-073_1-Brasilia-1702-851941-775123-0,-1.0,-15.979856,-47.989621,,,,1,2023-06-15T23:07:34+00:00
BRA_228206,Brasília,5300108,,,3207,,,-16.004937,-48.059586,,,,1,2023-06-15T23:07:24+00:00
BRA_229245,Brasília,5300108,,Pioneira,0.784,https://moovitapp.com/index/pt-br/transporte_p%C3%BAblico-line-0_784-Brasilia-1702-851941-372405-0,-1.0,-15.762521,-47.784168,,,,1,2023-06-15T23:07:42+00:00
BRA_226904,Brasília,5300108,,Pioneira,0.101,https://moovitapp.com/index/pt-br/transporte_p%C3%BAblico-line-0_101-Brasilia-1702-851941-587082-0,-1.0,-15.760018,-47.892016,,,,2,2023-06-15T23:07:04+00:00
BRA_223913,Brasília,5300108,,Pioneira,2307,https://moovitapp.com/index/pt-br/transporte_p%C3%BAblico-line-2307-Brasilia-1702-851941-18556638-0,-1.0,-15.786192,-47.900784,,,,1,2023-06-15T23:07:16+00:00
BRA_223611,Brasília,5300108,,UTB,2303,https://moovitapp.com/index/pt-br/transporte_p%C3%BAblico-line-2303-Brasilia-1702-854427-744299-0,-1.0,-15.998783,-47.984942,,,,1,2023-06-15T23:07:22+00:00
BRA_228010,Brasília,5300108,,,3207,,,-16.007483,-48.074075,,,,1,2023-06-15T23:07:40+00:00
BRA_228346,Brasília,5300108,,Pioneira,251.7,https://moovitapp.com/index/pt-br/transporte_p%C3%BAblico-line-251_7-Brasilia-1702-851941-651524-0,-1.0,-16.005713,-47.998459,,,,1,2023-06-15T23:07:02+00:00
BRA_226211,Brasília,5300108,,UTB,2302,https://moovitapp.com/index/pt-br/transporte_p%C3%BAblico-line-2302-Brasilia-1702-854427-744298-0,-1.0,-15.798804,-47.885372,,,,2,2023-06-15T23:07:30+00:00
BRA_232181,Brasília,5300108,,Marechal,206.1,https://moovitapp.com/index/pt-br/transporte_p%C3%BAblico-line-206_1-Brasilia-1702-851940-137149861-0,-1.0,-15.959263,-48.17711,,,,2,2023-06-15T23:07:24+00:00
BRA_231479,Brasília,5300108,,Pioneira,0.011,https://moovitapp.com/index/pt-br/transporte_p%C3%BAblico-line-0_011-Brasilia-1702-851941-775117-0,-1.0,-15.855681,-47.933673,,,,1,2023-06-15T22:48:08+00:00
BRA_231401,Brasília,5300108,,Pioneira,183.7,https://moovitapp.com/index/pt-br/transporte_p%C3%BAblico-line-183_7-Brasilia-1702-851941-242922-0,-1.0,-15.882565,-47.774924,,,,1,2023-06-15T23:07:04+00:00
BRA_228338,Brasília,5300108,,Pioneira,180.2,https://moovitapp.com/index/pt-br/transporte_p%C3%BAblico-line-180_2-Brasilia-1702-851941-514539-0,-1.0,-15.863026,-47.820001,,,,2,2023-06-15T23:07:00+00:00
BRA_225525,Brasília,5300108,,UTB,2303,https://moovitapp.com/index/pt-br/transporte_p%C3%BAblico-line-2303-Brasilia-1702-854427-744299-0,-1.0,-15.803798,-47.896676,,,,2,2023-06-15T23:07:14+00:00
BRA_232041,Brasília,5300108,,Pioneira,0.180,https://moovitapp.com/index/pt-br/transporte_p%C3%BAblico-line-0_180-Brasilia-1702-851941-496588-0,-1.0,-15.922697,-47.774892,,,,2,2023-06-15T23:07:46+00:00
BRA_229865,Brasília,5300108,,Pioneira,197.3,https://moovitapp.com/index/pt-br/transporte_p%C3%BAblico-line-197_3-Brasilia-1702-851941-519409-0,-1.0,-15.868359,-47.82194,,,,1,2023-06-15T23:07:54+00:00
BRA_229105,Brasília,5300108,,Pioneira,3312,https://moovitapp.com/index/pt-br/transporte_p%C3%BAblico-line-3312-Brasilia-1702-851941-616181-0,-1.0,-16.023823,-48.031967,,,,1,2023-06-15T23:07:32+00:00
BRA_227170,Brasília,5300108,,Pioneira,180.1,https://moovitapp.com/index/pt-br/transporte_p%C3%BAblico-line-180_1-Brasilia-1702-851941-339336-0,-1.0,-15.864345,-47.820789,,,,2,2023-06-15T23:07:02+00:00
BRA_230154,Brasília,5300108,,Pioneira,251.8,https://moovitapp.com/index/pt-br/transporte_p%C3%BAblico-line-251_8-Brasilia-1702-851941-708654-0,-1.0,-16.002066,-47.987422,,,,1,2023-06-15T23:07:28+00:00
BRA_226742,Brasília,5300108,,Pioneira,0.781,https://moovitapp.com/index/pt-br/transporte_p%C3%BAblico-line-0_781-Brasilia-1702-851941-242889-0,-1.0,-15.74313,-47.769399,,,,2,2023-06-15T22:45:04+00:00
BRA_229458,Brasília,5300108,,Pioneira,181.2,https://moovitapp.com/index/pt-br/transporte_p%C3%BAblico-line-181_2-Brasilia-1702-851941-339338-0,-1.0,-15.844347,-47.85029,,,,1,2023-06-15T23:07:06+00:00
BRA_228923,Brasília,5300108,,Pioneira,073.2,https://moovitapp.com/index/pt-br/transporte_p%C3%BAblico-line-073_2-Brasilia-1702-851941-775124-0,-1.0,-15.852822,-47.912882,,,,1,2023-06-15T23:08:12+00:00
BRA_232122,Brasília,5300108,,Pioneira,180.0,https://moovitapp.com/index/pt-br/transporte_p%C3%BAblico-line-180_0-Brasilia-1702-851941-77097780-0,-1.0,-15.795056,-47.882009,,,,2,2023-06-15T23:06:58+00:00
BRA_228478,Brasília,5300108,,Pioneira,0.225,https://moovitapp.com/index/pt-br/transporte_p%C3%BAblico-line-0_225-Brasilia-1702-851941-510253-0,-1.0,-15.99189,-48.05003,,,,2,2023-06-15T23:06:58+00:00
BRA_226173,Brasília,5300108,,Taguatur,2301,https://moovitapp.com/index/pt-br/transporte_p%C3%BAblico-line-2301-Brasilia-1702-854428-81537943-0,-1.0,-15.889254,-47.961119,,,,2,2023-06-15T23:02:40+00:00
BRA_226548,Brasília,5300108,,Pioneira,0.763,https://moovitapp.com/index/pt-br/transporte_p%C3%BAblico-line-0_763-Brasilia-1702-851941-468878-0,-1.0,-15.76067,-47.781136,,,,2,2023-06-15T23:06:50+00:00
BRA_228974,Brasília,5300108,,Taguatur,3303,https://moovitapp.com/index/pt-br/transporte_p%C3%BAblico-line-3303-Brasilia-1702-854428-2224148-0,-1.0,-16.044905,-48.02833,,,,1,2023-06-15T23:06:52+00:00
BRA_231894,Brasília,5300108,,Pioneira,180.0,https://moovitapp.com/index/pt-br/transporte_p%C3%BAblico-line-180_0-Brasilia-1702-851941-77097780-0,-1.0,-15.870345,-47.822169,,,,1,2023-06-15T23:07:16+00:00
BRA_228818,Brasília,5300108,,Pioneira,784.3,https://moovitapp.com/index/pt-br/transporte_p%C3%BAblico-line-784_3-Brasilia-1702-851941-46904557-0,-1.0,-15.749466,-47.78153,,,,1,2023-06-15T23:07:04+00:00
BRA_232131,Brasília,5300108,,,3206,,,-16.027145,-48.073535,,,,1,2023-06-15T23:07:00+00:00
BRA_228354,Brasília,5300108,,Pioneira,0.253,https://moovitapp.com/index/pt-br/transporte_p%C3%BAblico-line-0_253-Brasilia-1702-851941-510254-0,-1.0,-15.815128,-48.083243,,,,2,2023-06-15T23:08:22+00:00
BRA_232572,Brasília,5300108,,Pioneira,2309,https://moovitapp.com/index/pt-br/transporte_p%C3%BAblico-line-2309-Brasilia-1702-851941-57764376-0,-1.0,-15.789526,-47.91554,,,,2,2023-06-15T22:20:30+00:00
BRA_227757,Brasília,5300108,,Pioneira,0.784,https://moovitapp.com/index/pt-br/transporte_p%C3%BAblico-line-0_784-Brasilia-1702-851941-372405-0,-1.0,-15.761668,-47.783869,,,,1,2023-06-15T23:07:20+00:00
BRA_228826,Brasília,5300108,,Pioneira,183.6,https://moovitapp.com/index/pt-br/transporte_p%C3%BAblico-line-183_6-Brasilia-1702-851941-242921-0,-1.0,-15.906223,-47.771764,,,,1,2023-06-15T22:55:42+00:00
BRA_229318,Brasília,5300108,,Pioneira,100.2,https://moovitapp.com/index/pt-br/transporte_p%C3%BAblico-line-100_2-Brasilia-1702-851941-620160-0,-1.0,-15.836363,-47.835641,,,,2,2023-06-15T23:07:30+00:00
BRA_230197,Brasília,5300108,,Taguatur,3303,https://moovitapp.com/index/pt-br/transporte_p%C3%BAblico-line-3303-Brasilia-1702-854428-2224148-0,-1.0,-16.014858,-47.991491,,,,1,2023-06-15T23:08:04+00:00
BRA_226246,Brasília,5300108,,,2201,,,-15.991982,-48.049712,,,,2,2023-06-15T23:06:36+00:00
BRA_227927,Brasília,5300108,,Pioneira,2306,https://moovitapp.com/index/pt-br/transporte_p%C3%BAblico-line-2306-Brasilia-1702-851941-18556641-0,-1.0,-15.737103,-47.899347,,,,1,2023-06-15T23:07:52+00:00
BRA_226564,Brasília,5300108,,Pioneira,0.764,https://moovitapp.com/index/pt-br/transporte_p%C3%BAblico-line-0_764-Brasilia-1702-851941-516641-0,-1.0,-15.749222,-47.772648,,,,2,2023-06-15T23:07:40+00:00
BRA_232416,Brasília,5300108,,Pioneira,3312,https://moovitapp.com/index/pt-br/transporte_p%C3%BAblico-line-3312-Brasilia-1702-851941-616181-0,-1.0,-16.042308,-48.017732,,,,2,2023-06-15T23:08:20+00:00
BRA_231878,Brasília,5300108,,Pioneira,197.3,https://moovitapp.com/index/pt-br/transporte_p%C3%BAblico-line-197_3-Brasilia-1702-851941-519409-0,-1.0,-15.803288,-47.851917,,,,2,2023-06-15T23:08:02+00:00
BRA_226751,Brasília,5300108,,Pioneira,784.5,https://moovitapp.com/index/pt-br/transporte_p%C3%BAblico-line-784_5-Brasilia-1702-851941-135878781-0,-1.0,-15.737212,-47.763124,,,,1,2023-06-15T23:06:40+00:00
BRA_223808,Brasília,5300108,,Pioneira,2307,https://moovitapp.com/index/pt-br/transporte_p%C3%BAblico-line-2307-Brasilia-1702-851941-18556638-0,-1.0,-15.886192,-47.960636,,,,2,2023-06-15T23:07:42+00:00
BRA_228150,Brasília,5300108,,Pioneira,181.2,https://moovitapp.com/index/pt-br/transporte_p%C3%BAblico-line-181_2-Brasilia-1702-851941-339338-0,-1.0,-15.885339,-47.816301,,,,1,2023-06-15T23:07:34+00:00
BRA_229415,Brasília,5300108,,Pioneira,0.253,https://moovitapp.com/index/pt-br/transporte_p%C3%BAblico-line-0_253-Brasilia-1702-851941-510254-0,-1.0,-16.0455,-48.034084,,,,2,2023-06-15T23:06:46+00:00
BRA_229156,Brasília,5300108,,,3301,,,-16.041819,-48.026398,,,,1,2023-06-15T23:06:48+00:00
BRA_227226,Brasília,5300108,,Pioneira,181.2,https://moovitapp.com/index/pt-br/transporte_p%C3%BAblico-line-181_2-Brasilia-1702-851941-339338-0,-1.0,-15.927043,-47.831369,,,,1,2023-06-14T16:06:06+00:00
BRA_229776,Brasília,5300108,,Pioneira,147.5,https://moovitapp.com/index/pt-br/transporte_p%C3%BAblico-line-147_5-Brasilia-1702-851941-519406-0,-1.0,-15.771605,-47.888888,,,,2,2023-06-15T22:14:54+00:00
BRA_226858,Brasília,5300108,,Pioneira,0.101,https://moovitapp.com/index/pt-br/transporte_p%C3%BAblico-line-0_101-Brasilia-1702-851941-587082-0,-1.0,-15.742323,-47.759919,,,,1,2023-06-15T23:08:32+00:00
BRA_231550,Brasília,5300108,,Pioneira,0.011,https://moovitapp.com/index/pt-br/transporte_p%C3%BAblico-line-0_011-Brasilia-1702-851941-775117-0,-1.0,-15.744294,-47.897039,,,,1,2023-06-15T23:06:56+00:00
BRA_231436,Brasília,5300108,,Pioneira,183.0,https://moovitapp.com/index/pt-br/transporte_p%C3%BAblico-line-183_0-Brasilia-1702-851941-26502248-0,-1.0,-15.921853,-47.75957,,,,1,2023-06-15T23:07:26+00:00
BRA_228842,Brasília,5300108,,Pioneira,147.5,https://moovitapp.com/index/pt-br/transporte_p%C3%BAblico-line-147_5-Brasilia-1702-851941-519406-0,-1.0,-15.886466,-47.812435,,,,2,2023-06-15T23:07:40+00:00
BRA_225622,Brasília,5300108,,UTB,2302,https://moovitapp.com/index/pt-br/transporte_p%C3%BAblico-line-2302-Brasilia-1702-854427-744298-0,-1.0,-15.884989,-47.960445,,,,2,2023-06-15T23:06:52+00:00
BRA_231622,Brasília,5300108,,Pioneira,0.761,https://moovitapp.com/index/pt-br/transporte_p%C3%BAblico-line-0_761-Brasilia-1702-851941-605389-0,-1.0,-15.754164,-47.765654,,,,1,2023-06-15T23:06:38+00:00
BRA_228575,Brasília,5300108,,Pioneira,0.255,https://moovitapp.com/index/pt-br/transporte_p%C3%BAblico-line-0_255-Brasilia-1702-851941-706978-0,-1.0,-16.015341,-48.015106,,,,1,2023-06-14T10:14:20+00:00
BRA_228095,Brasília,5300108,,Pioneira,147.5,https://moovitapp.com/index/pt-br/transporte_p%C3%BAblico-line-147_5-Brasilia-1702-851941-519406-0,-1.0,-15.904295,-47.764681,,,,2,2023-06-15T23:07:08+00:00
BRA_232211,Brasília,5300108,,Pioneira,205.1,https://moovitapp.com/index/pt-br/transporte_p%C3%BAblico-line-205_1-Brasilia-1702-851941-393571-0,-1.0,-16.02931,-48.063101,,,,2,2023-06-15T23:07:46+00:00
BRA_223930,Brasília,5300108,,Pioneira,2310,https://moovitapp.com/index/pt-br/transporte_p%C3%BAblico-line-2310-Brasilia-1702-851941-57764377-0,-1.0,-15.813036,-47.949141,,,,2,2023-06-13T21:56:00+00:00
BRA_223930,Brasília,5300108,,Pioneira,2207,https://moovitapp.com/index/pt-br/transporte_p%C3%BAblico-line-2207-Brasilia-1702-851941-422078-0,-1.0,-15.763694,-47.890859,,,,1,2023-06-14T12:55:10+00:00
BRA_229504,Brasília,5300108,,Pioneira,0.780,https://moovitapp.com/index/pt-br/transporte_p%C3%BAblico-line-0_780-Brasilia-1702-851941-514537-0,-1.0,-15.796309,-47.87855,,,,2,2023-06-14T19:24:22+00:00
BRA_226831,Brasília,5300108,,Urbi,0.129,https://moovitapp.com/index/pt-br/transporte_p%C3%BAblico-line-0_129-Brasilia-1702-851595-775097-0,-1.0,-15.871798,-47.958017,,,,1,2023-06-15T19:41:04+00:00
BRA_226831,Brasília,5300108,,Urbi,0.129,https://moovitapp.com/index/pt-br/transporte_p%C3%BAblico-line-0_129-Brasilia-1702-851595-775097-0,-1.0,-15.875737,-47.974712,,,,2,2023-06-15T23:07:52+00:00
BRA_226645,Brasília,5300108,,,2202,,,-15.802525,-47.885703,,,,1,2023-06-15T23:07:38+00:00
BRA_223972,Brasília,5300108,,UTB,2302,https://moovitapp.com/index/pt-br/transporte_p%C3%BAblico-line-2302-Brasilia-1702-854427-744298-0,-1.0,-15.849781,-47.931937,,,,2,2023-06-15T23:07:48+00:00
BRA_229296,Brasília,5300108,,Pioneira,073.2,https://moovitapp.com/index/pt-br/transporte_p%C3%BAblico-line-073_2-Brasilia-1702-851941-775124-0,-1.0,-15.935656,-47.98402,,,,1,2023-06-15T23:06:58+00:00
BRA_229636,Brasília,5300108,,Pioneira,0.761,https://moovitapp.com/index/pt-br/transporte_p%C3%BAblico-line-0_761-Brasilia-1702-851941-605389-0,-1.0,-15.775441,-47.779508,,,,2,2023-06-15T23:07:34+00:00
BRA_227811,Brasília,5300108,,Pioneira,180.2,https://moovitapp.com/index/pt-br/transporte_p%C3%BAblico-line-180_2-Brasilia-1702-851941-514539-0,-1.0,-15.894569,-47.800311,,,,1,2023-06-15T23:07:32+00:00
BRA_232092,Brasília,5300108,,Pioneira,181.2,https://moovitapp.com/index/pt-br/transporte_p%C3%BAblico-line-181_2-Brasilia-1702-851941-339338-0,-1.0,-15.91304,-47.757078,,,,1,2023-06-15T23:07:26+00:00
BRA_228486,Brasília,5300108,,Pioneira,2307,https://moovitapp.com/index/pt-br/transporte_p%C3%BAblico-line-2307-Brasilia-1702-851941-18556638-0,-1.0,-15.807985,-47.931136,,,,1,2023-06-15T23:08:38+00:00
BRA_229130,Brasília,5300108,,Pioneira,0.102,https://moovitapp.com/index/pt-br/transporte_p%C3%BAblico-line-0_102-Brasilia-1702-851941-775119-0,-1.0,-15.87074,-47.921923,,,,1,2023-06-15T23:07:06+00:00
BRA_228362,Brasília,5300108,,Pioneira,255.2,https://moovitapp.com/index/pt-br/transporte_p%C3%BAblico-line-255_2-Brasilia-1702-851941-312453-0,-1.0,-15.920674,-48.048135,,,,2,2023-06-15T23:06:34+00:00
BRA_226378,Brasília,5300108,,Pioneira,2205,https://moovitapp.com/index/pt-br/transporte_p%C3%BAblico-line-2205-Brasilia-1702-851941-393568-0,-1.0,-15.942162,-47.988185,,,,1,2023-06-15T23:07:38+00:00
BRA_227684,Brasília,5300108,,Pioneira,2205,https://moovitapp.com/index/pt-br/transporte_p%C3%BAblico-line-2205-Brasilia-1702-851941-393568-0,-1.0,-15.84149,-47.931231,,,,2,2023-06-15T22:34:04+00:00
BRA_226157,Brasília,5300108,,UTB,2303,https://moovitapp.com/index/pt-br/transporte_p%C3%BAblico-line-2303-Brasilia-1702-854427-744299-0,-1.0,-15.904881,-47.963688,,,,1,2023-06-15T23:06:56+00:00
BRA_227994,Brasília,5300108,,Pioneira,180.1,https://moovitapp.com/index/pt-br/transporte_p%C3%BAblico-line-180_1-Brasilia-1702-851941-339336-0,-1.0,-15.897258,-47.78811,,,,1,2023-06-15T23:06:46+00:00
BRA_231720,Brasília,5300108,,Pioneira,780.1,https://moovitapp.com/index/pt-br/transporte_p%C3%BAblico-line-780_1-Brasilia-1702-851941-531040-0,-1.0,-15.760746,-47.741666,,,,1,2023-06-15T23:07:58+00:00
BRA_228087,Brasília,5300108,,Pioneira,2306,https://moovitapp.com/index/pt-br/transporte_p%C3%BAblico-line-2306-Brasilia-1702-851941-18556641-0,-1.0,-15.792492,-47.883357,,,,1,2023-06-15T23:08:14+00:00
BRA_227048,Brasília,5300108,,,2202,,,-15.86854,-47.944538,,,,1,2023-06-15T23:06:50+00:00
BRA_230006,Brasília,5300108,,,3204,,,-15.992163,-48.049737,,,,1,2023-06-15T23:07:40+00:00
BRA_232271,Brasília,5300108,,Pioneira,0.225,https://moovitapp.com/index/pt-br/transporte_p%C3%BAblico-line-0_225-Brasilia-1702-851941-510253-0,-1.0,-16.032288,-48.057621,,,,2,2023-06-15T23:08:20+00:00
BRA_226106,Brasília,5300108,,UTB,2303,https://moovitapp.com/index/pt-br/transporte_p%C3%BAblico-line-2303-Brasilia-1702-854427-744299-0,-1.0,-15.904463,-47.963567,,,,1,2023-06-15T23:07:46+00:00
BRA_228273,Brasília,5300108,,Pioneira,197.3,https://moovitapp.com/index/pt-br/transporte_p%C3%BAblico-line-197_3-Brasilia-1702-851941-519409-0,-1.0,-15.834975,-47.825214,,,,1,2023-06-15T23:07:30+00:00
BRA_231673,Brasília,5300108,,Pioneira,784.1,https://moovitapp.com/index/pt-br/transporte_p%C3%BAblico-line-784_1-Brasilia-1702-851941-6677516-0,-1.0,-15.753527,-47.779839,,,,1,2023-06-15T22:16:12+00:00
BRA_226700,Brasília,5300108,,Pioneira,163.1,https://moovitapp.com/index/pt-br/transporte_p%C3%BAblico-line-163_1-Brasilia-1702-851941-242911-0,-1.0,-15.735946,-47.907135,,,,2,2023-06-15T23:05:54+00:00
BRA_229661,Brasília,5300108,,Pioneira,100.3,https://moovitapp.com/index/pt-br/transporte_p%C3%BAblico-line-100_3-Brasilia-1702-851941-419631-0,-1.0,-15.745686,-47.760943,,,,1,2023-06-15T23:07:22+00:00
BRA_229504,Brasília,5300108,,Pioneira,0.761,https://moovitapp.com/index/pt-br/transporte_p%C3%BAblico-line-0_761-Brasilia-1702-851941-605389-0,-1.0,-15.80029,-47.865739,,,,2,2023-06-15T23:08:10+00:00
BRA_232157,Brasília,5300108,,Pioneira,205.1,https://moovitapp.com/index/pt-br/transporte_p%C3%BAblico-line-205_1-Brasilia-1702-851941-393571-0,-1.0,-15.994666,-48.052376,,,,1,2023-06-15T23:06:48+00:00
BRA_229504,Brasília,5300108,,Pioneira,0.780,https://moovitapp.com/index/pt-br/transporte_p%C3%BAblico-line-0_780-Brasilia-1702-851941-514537-0,-1.0,-15.752327,-47.763899,,,,1,2023-06-15T20:32:26+00:00
BRA_227340,Brasília,5300108,,Pioneira,180.0,https://moovitapp.com/index/pt-br/transporte_p%C3%BAblico-line-180_0-Brasilia-1702-851941-77097780-0,-1.0,-15.913099,-47.758298,,,,1,2023-06-15T23:07:12+00:00
BRA_232424,Brasília,5300108,,Taguatur,3306,https://moovitapp.com/index/pt-br/transporte_p%C3%BAblico-line-3306-Brasilia-1702-854428-755287-0,-1.0,-16.017214,-47.98437,,,,1,2023-06-15T23:07:38+00:00
BRA_226408,Brasília,5300108,,UTB,2302,https://moovitapp.com/index/pt-br/transporte_p%C3%BAblico-line-2302-Brasilia-1702-854427-744298-0,-1.0,-15.798027,-47.883592,,,,1,2023-06-15T23:01:10+00:00
BRA_229580,Brasília,5300108,,Pioneira,3212,https://moovitapp.com/index/pt-br/transporte_p%C3%BAblico-line-3212-Brasilia-1702-851941-52014256-0,-1.0,-16.003153,-48.069167,,,,1,2023-06-15T23:07:30+00:00
BRA_226769,Brasília,5300108,,Pioneira,0.765,https://moovitapp.com/index/pt-br/transporte_p%C3%BAblico-line-0_765-Brasilia-1702-851941-576190-0,-1.0,-15.80585,-47.898635,,,,2,2023-06-15T23:07:48+00:00
BRA_232343,Brasília,5300108,,Taguatur,3302,https://moovitapp.com/index/pt-br/transporte_p%C3%BAblico-line-3302-Brasilia-1702-854428-3135322-0,-1.0,-16.003761,-47.988471,,,,1,2023-06-15T23:07:52+00:00
BRA_228184,Brasília,5300108,,,3204,,,-16.017274,-48.052198,,,,1,2023-06-15T23:07:10+00:00
BRA_231380,Brasília,5300108,,Pioneira,3209,https://moovitapp.com/index/pt-br/transporte_p%C3%BAblico-line-3209-Brasilia-1702-851941-705116-0,-1.0,-16.018002,-48.056769,,,,1,2023-06-15T23:03:48+00:00
BRA_232173,Brasília,5300108,,Pioneira,124.6,https://moovitapp.com/index/pt-br/transporte_p%C3%BAblico-line-124_6-Brasilia-1702-851941-425282-0,-1.0,-15.832289,-47.952504,,,,1,2023-06-15T23:07:26+00:00
BRA_228117,Brasília,5300108,,Taguatur,3305,https://moovitapp.com/index/pt-br/transporte_p%C3%BAblico-line-3305-Brasilia-1702-854428-77810673-0,-1.0,-16.048949,-47.96852,,,,1,2023-06-15T23:08:04+00:00
BRA_225550,Brasília,5300108,,,2201,,,-16.006348,-48.057583,,,,1,2023-06-15T23:07:30+00:00
BRA_232408,Brasília,5300108,,Pioneira,020.2,https://moovitapp.com/index/pt-br/transporte_p%C3%BAblico-line-020_2-Brasilia-1702-851941-708653-0,-1.0,-16.008068,-47.986188,,,,1,2023-06-15T18:31:58+00:00
BRA_226866,Brasília,5300108,,Pioneira,183.6,https://moovitapp.com/index/pt-br/transporte_p%C3%BAblico-line-183_6-Brasilia-1702-851941-242921-0,-1.0,-15.894043,-47.794532,,,,1,2023-06-15T23:07:42+00:00
BRA_227978,Brasília,5300108,,Pioneira,147.6,https://moovitapp.com/index/pt-br/transporte_p%C3%BAblico-line-147_6-Brasilia-1702-851941-516646-0,-1.0,-15.913027,-47.757434,,,,2,2023-06-15T23:07:04+00:00
BRA_226319,Brasília,5300108,,,2202,,,-16.006065,-48.058117,,,,1,2023-06-15T23:06:56+00:00
BRA_228711,Brasília,5300108,,Pioneira,255.2,https://moovitapp.com/index/pt-br/transporte_p%C3%BAblico-line-255_2-Brasilia-1702-851941-312453-0,-1.0,-16.029112,-48.032819,,,,2,2023-06-15T23:07:34+00:00
BRA_227358,Brasília,5300108,,Pioneira,190.3,https://moovitapp.com/index/pt-br/transporte_p%C3%BAblico-line-190_3-Brasilia-1702-851941-82190390-0,-1.0,-15.914477,-47.7606,,,,1,2023-06-15T23:07:40+00:00
BRA_227251,Brasília,5300108,,Pioneira,180.1,https://moovitapp.com/index/pt-br/transporte_p%C3%BAblico-line-180_1-Brasilia-1702-851941-339336-0,-1.0,-15.871654,-47.822817,,,,2,2023-06-15T23:07:52+00:00
BRA_227943,Brasília,5300108,,Pioneira,147.2,https://moovitapp.com/index/pt-br/transporte_p%C3%BAblico-line-147_2-Brasilia-1702-851941-519403-0,-1.0,-15.913014,-47.757192,,,,2,2023-06-15T23:06:52+00:00
BRA_229334,Brasília,5300108,,Pioneira,147.4,https://moovitapp.com/index/pt-br/transporte_p%C3%BAblico-line-147_4-Brasilia-1702-851941-574204-0,-1.0,-15.912703,-47.757046,,,,1,2023-06-15T23:07:20+00:00
BRA_226726,Brasília,5300108,,Pioneira,2208,https://moovitapp.com/index/pt-br/transporte_p%C3%BAblico-line-2208-Brasilia-1702-851941-18556642-0,-1.0,-15.786894,-47.908038,,,,1,2023-06-15T23:07:16+00:00
BRA_231975,Brasília,5300108,,Pioneira,147.2,https://moovitapp.com/index/pt-br/transporte_p%C3%BAblico-line-147_2-Brasilia-1702-851941-519403-0,-1.0,-15.904833,-47.769564,,,,1,2023-06-15T23:07:00+00:00
BRA_232408,Brasília,5300108,,Pioneira,020.2,https://moovitapp.com/index/pt-br/transporte_p%C3%BAblico-line-020_2-Brasilia-1702-851941-708653-0,-1.0,-16.040614,-48.062803,,,,1,2023-06-15T23:07:16+00:00
BRA_232238,Brasília,5300108,,Pioneira,205.1,https://moovitapp.com/index/pt-br/transporte_p%C3%BAblico-line-205_1-Brasilia-1702-851941-393571-0,-1.0,-16.01379,-48.076536,,,,2,2023-06-15T23:07:28+00:00
BRA_229679,Brasília,5300108,,Pioneira,190.2,https://moovitapp.com/index/pt-br/transporte_p%C3%BAblico-line-190_2-Brasilia-1702-851941-138553357-0,-1.0,-15.752635,-47.75503,,,,2,2023-06-15T23:07:46+00:00
BRA_231819,Brasília,5300108,,Pioneira,180.0,https://moovitapp.com/index/pt-br/transporte_p%C3%BAblico-line-180_0-Brasilia-1702-851941-77097780-0,-1.0,-15.906336,-47.771529,,,,1,2023-06-15T23:07:28+00:00
BRA_229377,Brasília,5300108,,Pioneira,764.2,https://moovitapp.com/index/pt-br/transporte_p%C3%BAblico-line-764_2-Brasilia-1702-851941-527246-0,-1.0,-15.774674,-47.779826,,,,1,2023-06-15T23:07:38+00:00
BRA_228893,Brasília,5300108,,Pioneira,020.2,https://moovitapp.com/index/pt-br/transporte_p%C3%BAblico-line-020_2-Brasilia-1702-851941-708653-0,-1.0,-15.992788,-47.986449,,,,1,2023-06-15T23:07:54+00:00
BRA_226041,Brasília,5300108,,UTB,2303,https://moovitapp.com/index/pt-br/transporte_p%C3%BAblico-line-2303-Brasilia-1702-854427-744299-0,-1.0,-16.017354,-48.018533,,,,1,2023-06-15T23:07:42+00:00
BRA_228451,Brasília,5300108,,Pioneira,780.1,https://moovitapp.com/index/pt-br/transporte_p%C3%BAblico-line-780_1-Brasilia-1702-851941-531040-0,-1.0,-15.751351,-47.778421,,,,1,2023-06-15T23:07:24+00:00
BRA_226661,Brasília,5300108,,Pioneira,759.1,https://moovitapp.com/index/pt-br/transporte_p%C3%BAblico-line-759_1-Brasilia-1702-851941-616183-0,-1.0,-15.75621,-47.81419,,,,1,2023-06-15T23:07:58+00:00
BRA_226807,Brasília,5300108,,Pioneira,2206,https://moovitapp.com/index/pt-br/transporte_p%C3%BAblico-line-2206-Brasilia-1702-851941-18556637-0,-1.0,-15.865496,-47.942357,,,,2,2023-06-15T23:07:18+00:00
BRA_228931,Brasília,5300108,,Pioneira,251.7,https://moovitapp.com/index/pt-br/transporte_p%C3%BAblico-line-251_7-Brasilia-1702-851941-651524-0,-1.0,-16.007397,-48.074164,,,,1,2023-06-15T23:08:08+00:00
BRA_226131,Brasília,5300108,,Taguatur,2301,https://moovitapp.com/index/pt-br/transporte_p%C3%BAblico-line-2301-Brasilia-1702-854428-81537943-0,-1.0,-15.820877,-47.906213,,,,2,2023-06-15T23:06:50+00:00
BRA_226785,Brasília,5300108,,Urbi,0.129,https://moovitapp.com/index/pt-br/transporte_p%C3%BAblico-line-0_129-Brasilia-1702-851595-775097-0,-1.0,-15.857808,-47.922941,,,,2,2023-06-15T10:14:04+00:00
BRA_228541,Brasília,5300108,,Pioneira,0.195,https://moovitapp.com/index/pt-br/transporte_p%C3%BAblico-line-0_195-Brasilia-1702-851941-242845-0,-1.0,-15.782668,-47.895309,,,,1,2023-06-15T13:15:02+00:00
BRA_229407,Brasília,5300108,,Pioneira,251.8,https://moovitapp.com/index/pt-br/transporte_p%C3%BAblico-line-251_8-Brasilia-1702-851941-708654-0,-1.0,-16.007766,-48.059884,,,,1,2023-06-15T23:08:28+00:00
BRA_232505,Brasília,5300108,,Pioneira,3312,https://moovitapp.com/index/pt-br/transporte_p%C3%BAblico-line-3312-Brasilia-1702-851941-616181-0,-1.0,-16.00776,-48.003668,,,,2,2023-06-15T23:07:22+00:00
BRA_228982,Brasília,5300108,,Pioneira,3307,https://moovitapp.com/index/pt-br/transporte_p%C3%BAblico-line-3307-Brasilia-1702-851941-519400-0,-1.0,-16.029179,-47.988725,,,,1,2023-06-15T23:06:58+00:00
BRA_226629,Brasília,5300108,,Pioneira,761.1,https://moovitapp.com/index/pt-br/transporte_p%C3%BAblico-line-761_1-Brasilia-1702-851941-620161-0,-1.0,-15.75287,-47.761973,,,,1,2023-06-15T23:08:48+00:00
BRA_226912,Brasília,5300108,,Pioneira,0.765,https://moovitapp.com/index/pt-br/transporte_p%C3%BAblico-line-0_765-Brasilia-1702-851941-576190-0,-1.0,-15.773063,-47.779552,,,,2,2023-06-15T23:07:40+00:00
BRA_229199,Brasília,5300108,,Pioneira,251.8,https://moovitapp.com/index/pt-br/transporte_p%C3%BAblico-line-251_8-Brasilia-1702-851941-708654-0,-1.0,-16.030778,-48.056667,,,,1,2023-06-15T23:07:44+00:00
BRA_227242,Brasília,5300108,,Pioneira,147.3,https://moovitapp.com/index/pt-br/transporte_p%C3%BAblico-line-147_3-Brasilia-1702-851941-574203-0,-1.0,-15.912588,-47.757612,,,,2,2023-06-15T23:07:46+00:00
BRA_226891,Brasília,5300108,,Pioneira,0.763,https://moovitapp.com/index/pt-br/transporte_p%C3%BAblico-line-0_763-Brasilia-1702-851941-468878-0,-1.0,-15.760605,-47.781301,,,,2,2023-06-15T17:30:04+00:00
BRA_232386,Brasília,5300108,,,3301,,,-16.01111,-47.991077,,,,1,2023-06-15T23:06:58+00:00
BRA_227285,Brasília,5300108,,,2202,,,-15.87286,-47.952905,,,,1,2023-06-15T23:07:30+00:00
BRA_226815,Brasília,5300108,,Pioneira,0.126,https://moovitapp.com/index/pt-br/transporte_p%C3%BAblico-line-0_126-Brasilia-1702-851941-7879579-0,-1.0,-15.947801,-47.791429,,,,1,2023-06-15T23:06:54+00:00
BRA_232378,Brasília,5300108,,Taguatur,3302,https://moovitapp.com/index/pt-br/transporte_p%C3%BAblico-line-3302-Brasilia-1702-854428-3135322-0,-1.0,-16.006491,-48.001106,,,,1,2023-06-15T23:07:20+00:00
BRA_231711,Brasília,5300108,,Pioneira,0.760,https://moovitapp.com/index/pt-br/transporte_p%C3%BAblico-line-0_760-Brasilia-1702-851941-775122-0,-1.0,-15.753708,-47.753765,,,,2,2023-06-15T22:39:52+00:00
BRA_228290,Brasília,5300108,,,3206,,,-16.005995,-48.082245,,,,1,2023-06-15T23:07:56+00:00
BRA_230146,Brasília,5300108,,Pioneira,3312,https://moovitapp.com/index/pt-br/transporte_p%C3%BAblico-line-3312-Brasilia-1702-851941-616181-0,-1.0,-16.007203,-48.002549,,,,2,2023-06-15T23:07:30+00:00
BRA_226980,Brasília,5300108,,Urbi,0.129,https://moovitapp.com/index/pt-br/transporte_p%C3%BAblico-line-0_129-Brasilia-1702-851595-775097-0,-1.0,-15.751483,-47.778739,,,,1,2023-06-15T23:06:52+00:00
BRA_228494,Brasília,5300108,,Pioneira,3312,https://moovitapp.com/index/pt-br/transporte_p%C3%BAblico-line-3312-Brasilia-1702-851941-616181-0,-1.0,-16.037622,-48.034269,,,,2,2023-06-15T22:54:40+00:00
BRA_228419,Brasília,5300108,,Pioneira,147.5,https://moovitapp.com/index/pt-br/transporte_p%C3%BAblico-line-147_5-Brasilia-1702-851941-519406-0,-1.0,-15.9037,-47.765705,,,,2,2023-06-15T23:06:56+00:00
BRA_228575,Brasília,5300108,,Pioneira,0.255,https://moovitapp.com/index/pt-br/transporte_p%C3%BAblico-line-0_255-Brasilia-1702-851941-706978-0,-1.0,-15.805875,-48.076001,,,,2,2023-06-12T15:58:20+00:00
BRA_232599,Brasília,5300108,,Pioneira,2307,https://moovitapp.com/index/pt-br/transporte_p%C3%BAblico-line-2307-Brasilia-1702-851941-18556638-0,-1.0,-15.830684,-47.952231,,,,2,2023-06-15T23:07:42+00:00
BRA_229725,Brasília,5300108,,Pioneira,0.765,https://moovitapp.com/index/pt-br/transporte_p%C3%BAblico-line-0_765-Brasilia-1702-851941-576190-0,-1.0,-15.790378,-47.889784,,,,2,2023-06-15T23:07:46+00:00
BRA_230022,Brasília,5300108,,,3207,,,-16.015564,-48.07314,,,,1,2023-06-15T23:07:00+00:00
BRA_226165,Brasília,5300108,,Taguatur,2301,https://moovitapp.com/index/pt-br/transporte_p%C3%BAblico-line-2301-Brasilia-1702-854428-81537943-0,-1.0,-16.002858,-47.986932,,,,1,2023-06-15T23:08:02+00:00
BRA_229601,Brasília,5300108,,Pioneira,784.3,https://moovitapp.com/index/pt-br/transporte_p%C3%BAblico-line-784_3-Brasilia-1702-851941-46904557-0,-1.0,-15.74693,-47.782534,,,,1,2023-06-13T16:18:12+00:00
BRA_229474,Brasília,5300108,,Pioneira,147.2,https://moovitapp.com/index/pt-br/transporte_p%C3%BAblico-line-147_2-Brasilia-1702-851941-519403-0,-1.0,-15.911098,-47.754941,,,,1,2023-06-15T23:06:52+00:00
BRA_226491,Brasília,5300108,,Pioneira,101.8,https://moovitapp.com/index/pt-br/transporte_p%C3%BAblico-line-101_8-Brasilia-1702-851941-663231-0,-1.0,-15.781256,-47.807794,,,,2,2023-06-15T23:06:46+00:00
BRA_229423,Brasília,5300108,,Pioneira,0.255,https://moovitapp.com/index/pt-br/transporte_p%C3%BAblico-line-0_255-Brasilia-1702-851941-706978-0,-1.0,-15.986098,-47.987689,,,,2,2023-06-15T23:08:16+00:00
BRA_225657,Brasília,5300108,,,2201,,,-15.949305,-48.002079,,,,2,2023-06-15T23:07:08+00:00
BRA_232360,Brasília,5300108,,Pioneira,251.8,https://moovitapp.com/index/pt-br/transporte_p%C3%BAblico-line-251_8-Brasilia-1702-851941-708654-0,-1.0,-16.002953,-47.987301,,,,1,2023-06-15T23:08:08+00:00
BRA_228966,Brasília,5300108,,UTB,2302,https://moovitapp.com/index/pt-br/transporte_p%C3%BAblico-line-2302-Brasilia-1702-854427-744298-0,-1.0,-15.9887,-47.986996,,,,1,2023-06-15T23:06:32+00:00
BRA_228257,Brasília,5300108,,Pioneira,0.225,https://moovitapp.com/index/pt-br/transporte_p%C3%BAblico-line-0_225-Brasilia-1702-851941-510253-0,-1.0,-15.823439,-48.116374,,,,2,2023-06-15T23:07:24+00:00
BRA_225738,Brasília,5300108,,Pioneira,0.761,https://moovitapp.com/index/pt-br/transporte_p%C3%BAblico-line-0_761-Brasilia-1702-851941-605389-0,-1.0,-15.736028,-47.76491,,,,1,2023-06-15T23:07:18+00:00
BRA_228371,Brasília,5300108,,Pioneira,0.253,https://moovitapp.com/index/pt-br/transporte_p%C3%BAblico-line-0_253-Brasilia-1702-851941-510254-0,-1.0,-15.821711,-48.112495,,,,2,2023-06-15T23:07:10+00:00
BRA_232351,Brasília,5300108,,,3301,,,-16.002575,-47.986341,,,,1,2023-06-15T23:07:52+00:00
BRA_230090,Brasília,5300108,,,3301,,,-16.039746,-48.021299,,,,1,2023-06-15T23:07:10+00:00
BRA_226998,Brasília,5300108,,Pioneira,0.762,https://moovitapp.com/index/pt-br/transporte_p%C3%BAblico-line-0_762-Brasilia-1702-851941-576189-0,-1.0,-15.794541,-47.882136,,,,1,2023-06-15T23:07:06+00:00
BRA_229903,Brasília,5300108,,Pioneira,160.3,https://moovitapp.com/index/pt-br/transporte_p%C3%BAblico-line-160_3-Brasilia-1702-851941-242910-0,-1.0,-15.793244,-47.882479,,,,2,2023-06-15T23:07:44+00:00
BRA_226513,Brasília,5300108,,Pioneira,100.2,https://moovitapp.com/index/pt-br/transporte_p%C3%BAblico-line-100_2-Brasilia-1702-851941-620160-0,-1.0,-15.793869,-47.881767,,,,1,2023-06-15T23:08:28+00:00
BRA_228524,Brasília,5300108,,Pioneira,0.255,https://moovitapp.com/index/pt-br/transporte_p%C3%BAblico-line-0_255-Brasilia-1702-851941-706978-0,-1.0,-16.030422,-48.033379,,,,2,2023-06-15T23:07:46+00:00
BRA_229181,Brasília,5300108,,Pioneira,0.255,https://moovitapp.com/index/pt-br/transporte_p%C3%BAblico-line-0_255-Brasilia-1702-851941-706978-0,-1.0,-15.914372,-48.050208,,,,2,2023-06-15T23:07:06+00:00
BRA_227692,Brasília,5300108,,Pioneira,197.3,https://moovitapp.com/index/pt-br/transporte_p%C3%BAblico-line-197_3-Brasilia-1702-851941-519409-0,-1.0,-15.897657,-47.783094,,,,1,2023-06-15T23:06:46+00:00
BRA_229911,Brasília,5300108,,Pioneira,205.1,https://moovitapp.com/index/pt-br/transporte_p%C3%BAblico-line-205_1-Brasilia-1702-851941-393571-0,-1.0,-15.867076,-48.032635,,,,2,2023-06-15T23:07:04+00:00
BRA_227005,Brasília,5300108,,Pioneira,170.4,https://moovitapp.com/index/pt-br/transporte_p%C3%BAblico-line-170_4-Brasilia-1702-851941-379787-0,-1.0,-15.891903,-47.795282,,,,1,2023-06-15T23:07:44+00:00
BRA_229962,Brasília,5300108,,,3204,,,-16.018218,-48.050901,,,,1,2023-06-15T23:07:38+00:00
BRA_227579,Brasília,5300108,,Pioneira,183.2,https://moovitapp.com/index/pt-br/transporte_p%C3%BAblico-line-183_2-Brasilia-1702-851941-242920-0,-1.0,-15.860661,-47.827993,,,,1,2023-06-15T23:07:06+00:00
BRA_229857,Brasília,5300108,,Pioneira,147.3,https://moovitapp.com/index/pt-br/transporte_p%C3%BAblico-line-147_3-Brasilia-1702-851941-574203-0,-1.0,-15.869573,-47.821915,,,,1,2023-06-15T23:07:00+00:00
BRA_228788,Brasília,5300108,,Pioneira,0.181,https://moovitapp.com/index/pt-br/transporte_p%C3%BAblico-line-0_181-Brasilia-1702-851941-242838-0,-1.0,-15.909044,-47.760231,,,,2,2023-06-15T23:07:40+00:00
BRA_227749,Brasília,5300108,,Pioneira,147.2,https://moovitapp.com/index/pt-br/transporte_p%C3%BAblico-line-147_2-Brasilia-1702-851941-519403-0,-1.0,-15.807699,-47.900517,,,,1,2023-06-15T23:07:28+00:00
BRA_226971,Brasília,5300108,,Urbi,0.129,https://moovitapp.com/index/pt-br/transporte_p%C3%BAblico-line-0_129-Brasilia-1702-851595-775097-0,-1.0,-15.794829,-47.783405,,,,2,2023-06-15T23:07:26+00:00
BRA_232653,Brasília,5300108,,,2202,,,-15.962021,-48.016022,,,,1,2023-06-15T23:07:36+00:00
BRA_223832,Brasília,5300108,,Pioneira,2206,https://moovitapp.com/index/pt-br/transporte_p%C3%BAblico-line-2206-Brasilia-1702-851941-18556637-0,-1.0,-15.775131,-47.888303,,,,2,2023-06-15T23:07:02+00:00
BRA_230081,Brasília,5300108,,Pioneira,271.3,https://moovitapp.com/index/pt-br/transporte_p%C3%BAblico-line-271_3-Brasilia-1702-851941-669626-0,-1.0,-16.021095,-48.068734,,,,1,2023-06-15T23:07:44+00:00
BRA_227919,Brasília,5300108,,,3201,,,-15.993339,-48.051187,,,,1,2023-06-15T23:07:22+00:00
BRA_229628,Brasília,5300108,,Pioneira,0.763,https://moovitapp.com/index/pt-br/transporte_p%C3%BAblico-line-0_763-Brasilia-1702-851941-468878-0,-1.0,-15.740177,-47.830307,,,,2,2023-06-15T23:07:48+00:00
BRA_228214,Brasília,5300108,,,3206,,,-16.037902,-48.056674,,,,1,2023-06-15T23:06:46+00:00
BRA_227200,Brasília,5300108,,Pioneira,2206,https://moovitapp.com/index/pt-br/transporte_p%C3%BAblico-line-2206-Brasilia-1702-851941-18556637-0,-1.0,-15.772614,-47.888468,,,,1,2023-06-15T23:07:34+00:00
BRA_79448,Brasília,5300108,,Urbi,0.808,https://moovitapp.com/index/pt-br/transporte_p%C3%BAblico-line-0_808-Brasilia-1702-851595-372359-0,-1.0,-15.812799,-48.096105,,,,2,2023-06-15T23:07:04+00:00
BRA_77356,Brasília,5300108,,Urbi,0.808,https://moovitapp.com/index/pt-br/transporte_p%C3%BAblico-line-0_808-Brasilia-1702-851595-372359-0,-1.0,-15.844463,-48.075506,,,,2,2023-06-15T23:08:02+00:00
BRA_77704,Brasília,5300108,,Urbi,0.808,https://moovitapp.com/index/pt-br/transporte_p%C3%BAblico-line-0_808-Brasilia-1702-851595-372359-0,-1.0,-15.859942,-48.062377,,,,1,2023-06-15T22:54:08+00:00
BRA_77518,Brasília,5300108,,Urbi,818.1,https://moovitapp.com/index/pt-br/transporte_p%C3%BAblico-line-818_1-Brasilia-1702-851595-242639-0,-1.0,-15.913038,-48.09915,,,,2,2023-06-15T23:07:30+00:00
BRA_77071,Brasília,5300108,,Urbi,0.883,https://moovitapp.com/index/pt-br/transporte_p%C3%BAblico-line-0_883-Brasilia-1702-851595-510239-0,-1.0,-15.925377,-48.109024,,,,1,2023-06-15T23:07:32+00:00
BRA_78441,Brasília,5300108,,Urbi,0.397,https://moovitapp.com/index/pt-br/transporte_p%C3%BAblico-line-0_397-Brasilia-1702-851595-890857-0,-1.0,-15.787745,-48.13511,,,,2,2023-06-15T23:07:26+00:00
BRA_710555,Brasília,5300108,,São José,0.310,https://moovitapp.com/index/pt-br/transporte_p%C3%BAblico-line-0_310-Brasilia-1702-851943-775131-0,-1.0,-15.836164,-48.064894,,,,2,2023-06-15T23:02:52+00:00
BRA_710415,Brasília,5300108,,São José,0.310,https://moovitapp.com/index/pt-br/transporte_p%C3%BAblico-line-0_310-Brasilia-1702-851943-775131-0,-1.0,-15.787665,-48.134595,,,,1,2023-06-13T02:43:20+00:00
BRA_710342,Brasília,5300108,,São José,0.311,https://moovitapp.com/index/pt-br/transporte_p%C3%BAblico-line-0_311-Brasilia-1702-851943-706986-0,-1.0,-15.809937,-47.950438,,,,1,2023-06-15T19:21:22+00:00
BRA_79171,Brasília,5300108,,São José,0.312,https://moovitapp.com/index/pt-br/transporte_p%C3%BAblico-line-0_312-Brasilia-1702-851943-706987-0,-1.0,-15.798629,-47.883795,,,,2,2023-06-15T22:39:22+00:00
BRA_710407,Brasília,5300108,,São José,0.323,https://moovitapp.com/index/pt-br/transporte_p%C3%BAblico-line-0_323-Brasilia-1702-851943-775132-0,-1.0,-15.816099,-48.088221,,,,1,2023-06-15T23:07:10+00:00
BRA_78646,Brasília,5300108,,São José,0.331,https://moovitapp.com/index/pt-br/transporte_p%C3%BAblico-line-0_331-Brasilia-1702-851943-775133-0,-1.0,-15.787625,-48.130062,,,,1,2023-06-15T23:07:38+00:00
BRA_77445,Brasília,5300108,,Urbi,872.1,https://moovitapp.com/index/pt-br/transporte_p%C3%BAblico-line-872_1-Brasilia-1702-851595-470760-0,-1.0,-15.912318,-48.095317,,,,1,2023-06-15T23:07:48+00:00
BRA_75973,Brasília,5300108,,São José,0.333,https://moovitapp.com/index/pt-br/transporte_p%C3%BAblico-line-0_333-Brasilia-1702-851943-527247-0,-1.0,-15.831168,-48.056438,,,,1,2023-06-15T23:06:44+00:00
BRA_710351,Brasília,5300108,,São José,0.334,https://moovitapp.com/index/pt-br/transporte_p%C3%BAblico-line-0_334-Brasilia-1702-851943-706993-0,-1.0,-15.787749,-48.135155,,,,1,2023-06-15T22:51:02+00:00
BRA_710393,Brasília,5300108,,São José,0.335,https://moovitapp.com/index/pt-br/transporte_p%C3%BAblico-line-0_335-Brasilia-1702-851943-775135-0,-1.0,-15.831534,-48.108598,,,,1,2023-06-15T23:07:50+00:00
BRA_77534,Brasília,5300108,,Urbi,0.805,https://moovitapp.com/index/pt-br/transporte_p%C3%BAblico-line-0_805-Brasilia-1702-851595-460800-0,-1.0,-15.902441,-48.060857,,,,1,2023-06-15T23:06:32+00:00
BRA_77062,Brasília,5300108,,Urbi,0.812,https://moovitapp.com/index/pt-br/transporte_p%C3%BAblico-line-0_812-Brasilia-1702-851595-697958-0,-1.0,-15.856439,-48.070604,,,,1,2023-06-15T18:26:36+00:00
BRA_76783,Brasília,5300108,,Urbi,0.346,https://moovitapp.com/index/pt-br/transporte_p%C3%BAblico-line-0_346-Brasilia-1702-851595-46461186-0,-1.0,-15.799127,-48.14836,,,,1,2023-06-13T01:50:28+00:00
BRA_75841,Brasília,5300108,,São José,0.353,https://moovitapp.com/index/pt-br/transporte_p%C3%BAblico-line-0_353-Brasilia-1702-851943-706998-0,-1.0,-15.811892,-48.094344,,,,1,2023-06-15T23:07:28+00:00
BRA_710571,Brasília,5300108,,São José,0.374,https://moovitapp.com/index/pt-br/transporte_p%C3%BAblico-line-0_374-Brasilia-1702-851943-775138-0,-1.0,-15.788455,-48.134602,,,,1,2023-06-15T23:06:58+00:00
BRA_710539,Brasília,5300108,,São José,0.375,https://moovitapp.com/index/pt-br/transporte_p%C3%BAblico-line-0_375-Brasilia-1702-851943-39496914-0,-1.0,-15.788415,-47.894159,,,,2,2023-06-15T23:07:14+00:00
BRA_78590,Brasília,5300108,,São José,0.362,https://moovitapp.com/index/pt-br/transporte_p%C3%BAblico-line-0_362-Brasilia-1702-851943-707001-0,-1.0,-15.788617,-48.134449,,,,1,2023-06-15T23:02:48+00:00
BRA_77852,Brasília,5300108,,São José,0.364,https://moovitapp.com/index/pt-br/transporte_p%C3%BAblico-line-0_364-Brasilia-1702-851943-707002-0,-1.0,-15.794225,-48.111821,,,,1,2023-06-15T23:06:52+00:00
BRA_78921,Brasília,5300108,,São José,0.929,https://moovitapp.com/index/pt-br/transporte_p%C3%BAblico-line-0_929-Brasilia-1702-851943-5294667-0,-1.0,-15.8228,-48.098832,,,,1,2023-06-15T23:07:00+00:00
BRA_78522,Brasília,5300108,,São José,0.929,https://moovitapp.com/index/pt-br/transporte_p%C3%BAblico-line-0_929-Brasilia-1702-851943-5294667-0,-1.0,-15.819987,-48.109132,,,,1,2023-06-15T23:07:08+00:00
BRA_79049,Brasília,5300108,,São José,0.926,https://moovitapp.com/index/pt-br/transporte_p%C3%BAblico-line-0_926-Brasilia-1702-851943-775154-0,-1.0,-15.823515,-48.114581,,,,1,2023-06-15T11:23:02+00:00
BRA_79081,Brasília,5300108,,São José,0.926,https://moovitapp.com/index/pt-br/transporte_p%C3%BAblico-line-0_926-Brasilia-1702-851943-775154-0,-1.0,-15.781468,-48.140235,,,,1,2023-06-15T23:07:40+00:00
BRA_79529,Brasília,5300108,,São José,364.1,https://moovitapp.com/index/pt-br/transporte_p%C3%BAblico-line-364_1-Brasilia-1702-851943-789941-0,-1.0,-15.828748,-48.131779,,,,1,2023-06-15T23:07:00+00:00
BRA_77798,Brasília,5300108,,São José,364.2,https://moovitapp.com/index/pt-br/transporte_p%C3%BAblico-line-364_2-Brasilia-1702-851943-707050-0,-1.0,-15.810437,-48.090313,,,,1,2023-06-15T23:07:38+00:00
BRA_78514,Brasília,5300108,,São José,949.1,https://moovitapp.com/index/pt-br/transporte_p%C3%BAblico-line-949_1-Brasilia-1702-851943-707069-0,-1.0,-15.809185,-48.090351,,,,1,2023-06-15T23:07:22+00:00
BRA_78603,Brasília,5300108,,São José,949.1,https://moovitapp.com/index/pt-br/transporte_p%C3%BAblico-line-949_1-Brasilia-1702-851943-707069-0,-1.0,-15.807778,-48.08316,,,,1,2023-06-15T23:06:34+00:00
BRA_74951,Brasília,5300108,,São José,332.1,https://moovitapp.com/index/pt-br/transporte_p%C3%BAblico-line-332_1-Brasilia-1702-851943-2068455-0,-1.0,-15.804238,-48.138276,,,,1,2023-06-15T11:33:52+00:00
BRA_76163,Brasília,5300108,,São José,332.1,https://moovitapp.com/index/pt-br/transporte_p%C3%BAblico-line-332_1-Brasilia-1702-851943-2068455-0,-1.0,-15.799007,-48.150038,,,,1,2023-06-15T23:07:38+00:00
BRA_710130,Brasília,5300108,,São José,348.1,https://moovitapp.com/index/pt-br/transporte_p%C3%BAblico-line-348_1-Brasilia-1702-851943-707046-0,-1.0,-15.793961,-48.137952,,,,1,2023-06-15T23:06:56+00:00
BRA_711217,Brasília,5300108,,São José,0.159,https://moovitapp.com/index/pt-br/transporte_p%C3%BAblico-line-0_159-Brasilia-1702-851943-375523-0,-1.0,-15.809035,-48.086199,,,,1,2023-06-15T23:06:20+00:00
BRA_711209,Brasília,5300108,,São José,0.159,https://moovitapp.com/index/pt-br/transporte_p%C3%BAblico-line-0_159-Brasilia-1702-851943-375523-0,-1.0,-15.808903,-48.085634,,,,2,2023-06-15T23:06:58+00:00
BRA_711179,Brasília,5300108,,São José,0.159,https://moovitapp.com/index/pt-br/transporte_p%C3%BAblico-line-0_159-Brasilia-1702-851943-375523-0,-1.0,-15.804687,-48.000909,,,,1,2023-06-15T23:06:54+00:00
BRA_76091,Brasília,5300108,,São José,0.159,https://moovitapp.com/index/pt-br/transporte_p%C3%BAblico-line-0_159-Brasilia-1702-851943-375523-0,-1.0,-15.821527,-48.127538,,,,1,2023-06-15T23:06:56+00:00
BRA_711225,Brasília,5300108,,São José,0.159,https://moovitapp.com/index/pt-br/transporte_p%C3%BAblico-line-0_159-Brasilia-1702-851943-375523-0,-1.0,-15.820866,-48.134112,,,,1,2023-06-15T23:07:40+00:00
BRA_77691,Brasília,5300108,,Urbi,0.393,https://moovitapp.com/index/pt-br/transporte_p%C3%BAblico-line-0_393-Brasilia-1702-851595-588805-0,-1.0,-15.8988,-48.114333,,,,1,2023-06-15T23:06:54+00:00
BRA_77623,Brasília,5300108,,Urbi,398.3,https://moovitapp.com/index/pt-br/transporte_p%C3%BAblico-line-398_3-Brasilia-1702-851595-706973-0,-1.0,-15.881807,-48.096569,,,,2,2023-06-15T23:07:18+00:00
BRA_77429,Brasília,5300108,,Urbi,0.841,https://moovitapp.com/index/pt-br/transporte_p%C3%BAblico-line-0_841-Brasilia-1702-851595-339302-0,-1.0,-15.863992,-48.057761,,,,2,2023-06-15T23:07:30+00:00
BRA_711080,Brasília,5300108,,São José,0.405,https://moovitapp.com/index/pt-br/transporte_p%C3%BAblico-line-0_405-Brasilia-1702-851943-476297-0,-1.0,-15.682143,-48.203743,,,,2,2023-06-15T23:07:02+00:00
BRA_711004,Brasília,5300108,,São José,0.406,https://moovitapp.com/index/pt-br/transporte_p%C3%BAblico-line-0_406-Brasilia-1702-851943-717430-0,-1.0,-15.669311,-48.191714,,,,1,2023-06-15T23:06:44+00:00
BRA_500135,Brasília,5300108,,São José,0.401,https://moovitapp.com/index/pt-br/transporte_p%C3%BAblico-line-0_401-Brasilia-1702-851943-788976-0,-1.0,-15.853559,-48.039539,,,,2,2023-06-15T23:06:52+00:00
BRA_500143,Brasília,5300108,,São José,401.1,https://moovitapp.com/index/pt-br/transporte_p%C3%BAblico-line-401_1-Brasilia-1702-851943-773708-0,-1.0,-15.715097,-48.087102,,,,2,2023-06-15T08:51:38+00:00
BRA_500020,Brasília,5300108,,São José,0.402,https://moovitapp.com/index/pt-br/transporte_p%C3%BAblico-line-0_402-Brasilia-1702-851943-781335-0,-1.0,-15.730952,-48.188084,,,,1,2023-06-15T22:18:40+00:00
BRA_500089,Brasília,5300108,,São José,402.1,https://moovitapp.com/index/pt-br/transporte_p%C3%BAblico-line-402_1-Brasilia-1702-851943-707060-0,-1.0,-15.687302,-48.205479,,,,1,2023-06-15T17:26:34+00:00
BRA_500321,Brasília,5300108,,São José,0.423,https://moovitapp.com/index/pt-br/transporte_p%C3%BAblico-line-0_423-Brasilia-1702-851943-783027-0,-1.0,-15.812459,-47.998453,,,,2,2023-06-15T20:54:04+00:00
BRA_79693,Brasília,5300108,,São José,928.1,https://moovitapp.com/index/pt-br/transporte_p%C3%BAblico-line-928_1-Brasilia-1702-851943-707067-0,-1.0,-15.814044,-48.130418,,,,1,2023-06-15T23:07:20+00:00
BRA_78182,Brasília,5300108,,São José,0.360,https://moovitapp.com/index/pt-br/transporte_p%C3%BAblico-line-0_360-Brasilia-1702-851943-707000-0,-1.0,-15.842069,-48.045516,,,,1,2023-06-15T23:07:10+00:00
BRA_711306,Brasília,5300108,,São José,158.5,https://moovitapp.com/index/pt-br/transporte_p%C3%BAblico-line-158_5-Brasilia-1702-851943-243043-0,-1.0,-15.780002,-47.987218,,,,1,2023-06-15T23:04:12+00:00
BRA_77330,Brasília,5300108,,Urbi,0.038,https://moovitapp.com/index/pt-br/transporte_p%C3%BAblico-line-0_038-Brasilia-1702-851595-687419-0,-1.0,-15.821385,-47.950438,,,,1,2023-06-15T10:54:32+00:00
BRA_77372,Brasília,5300108,,Urbi,0.038,https://moovitapp.com/index/pt-br/transporte_p%C3%BAblico-line-0_038-Brasilia-1702-851595-687419-0,-1.0,-15.901546,-48.057309,,,,1,2023-06-15T23:07:06+00:00
BRA_76431,Brasília,5300108,,São José,0.039,https://moovitapp.com/index/pt-br/transporte_p%C3%BAblico-line-0_039-Brasilia-1702-851943-781333-0,-1.0,-15.800912,-48.139351,,,,1,2023-06-15T23:07:52+00:00
BRA_79782,Brasília,5300108,,São José,0.049,https://moovitapp.com/index/pt-br/transporte_p%C3%BAblico-line-0_049-Brasilia-1702-851943-775130-0,-1.0,-15.83096,-48.049731,,,,1,2023-06-15T22:08:14+00:00
BRA_77607,Brasília,5300108,,Urbi,0.053,https://moovitapp.com/index/pt-br/transporte_p%C3%BAblico-line-0_053-Brasilia-1702-851595-588803-0,-1.0,-15.87409,-48.074851,,,,1,2023-06-15T23:06:40+00:00
BRA_77585,Brasília,5300108,,Urbi,0.053,https://moovitapp.com/index/pt-br/transporte_p%C3%BAblico-line-0_053-Brasilia-1702-851595-588803-0,-1.0,-15.809789,-48.068785,,,,1,2023-06-15T23:07:12+00:00
BRA_711292,Brasília,5300108,,São José,0.092,https://moovitapp.com/index/pt-br/transporte_p%C3%BAblico-line-0_092-Brasilia-1702-851943-496589-0,-1.0,-15.819526,-48.017452,,,,1,2023-06-15T23:07:24+00:00
BRA_79197,Brasília,5300108,,São José,406.1,https://moovitapp.com/index/pt-br/transporte_p%C3%BAblico-line-406_1-Brasilia-1702-851943-707061-0,-1.0,-15.681186,-48.190449,,,,1,2023-06-15T10:58:16+00:00
BRA_710962,Brasília,5300108,,São José,406.1,https://moovitapp.com/index/pt-br/transporte_p%C3%BAblico-line-406_1-Brasilia-1702-851943-707061-0,-1.0,-15.670635,-48.191472,,,,2,2023-06-15T23:07:02+00:00
BRA_76589,Brasília,5300108,,São José,384.1,https://moovitapp.com/index/pt-br/transporte_p%C3%BAblico-line-384_1-Brasilia-1702-851943-775168-0,-1.0,-15.8078,-48.156848,,,,1,2023-06-15T23:07:36+00:00
BRA_77909,Brasília,5300108,,São José,963.1,https://moovitapp.com/index/pt-br/transporte_p%C3%BAblico-line-963_1-Brasilia-1702-851943-669629-0,-1.0,-15.810583,-48.090663,,,,2,2023-06-15T23:06:52+00:00
BRA_79189,Brasília,5300108,,Urbi,0.886,https://moovitapp.com/index/pt-br/transporte_p%C3%BAblico-line-0_886-Brasilia-1702-851595-704024-0,-1.0,-15.817871,-48.105133,,,,1,2023-06-14T22:31:20+00:00
BRA_77399,Brasília,5300108,,Urbi,0.886,https://moovitapp.com/index/pt-br/transporte_p%C3%BAblico-line-0_886-Brasilia-1702-851595-704024-0,-1.0,-15.88165,-48.057468,,,,1,2023-06-15T23:07:36+00:00
BRA_77089,Brasília,5300108,,Urbi,0.878,https://moovitapp.com/index/pt-br/transporte_p%C3%BAblico-line-0_878-Brasilia-1702-851595-418743-0,-1.0,-15.874489,-48.035788,,,,1,2023-06-15T23:07:32+00:00
BRA_79774,Brasília,5300108,,São José,0.414,https://moovitapp.com/index/pt-br/transporte_p%C3%BAblico-line-0_414-Brasilia-1702-851943-773707-0,-1.0,-15.589956,-48.095482,,,,1,2023-06-15T23:03:20+00:00
BRA_711039,Brasília,5300108,,São José,423.1,https://moovitapp.com/index/pt-br/transporte_p%C3%BAblico-line-423_1-Brasilia-1702-851943-1399511-0,-1.0,-15.674896,-48.105127,,,,1,2023-06-15T09:58:54+00:00
BRA_76651,Brasília,5300108,,São José,928.2,https://moovitapp.com/index/pt-br/transporte_p%C3%BAblico-line-928_2-Brasilia-1702-851943-3945090-0,-1.0,-15.808339,-48.156988,,,,1,2023-06-15T23:07:22+00:00
BRA_79901,Brasília,5300108,,São José,929.1,https://moovitapp.com/index/pt-br/transporte_p%C3%BAblico-line-929_1-Brasilia-1702-851943-5294764-0,-1.0,-15.815708,-48.101636,,,,1,2023-06-15T23:06:18+00:00
BRA_118036,Brasília,5300108,,Piracicabana,602.1,https://moovitapp.com/index/pt-br/transporte_p%C3%BAblico-line-602_1-Brasilia-1702-850942-242491-0,-1.0,-15.71441,-47.89216,,,,,2023-06-12T15:59:47+00:00
BRA_117714,Brasília,5300108,,Piracicabana,136.9,https://moovitapp.com/index/pt-br/transporte_p%C3%BAblico-line-136_9-Brasilia-1702-850942-773702-0,-1.0,-15.77349,-47.90688,,,,,2023-06-13T19:59:54+00:00
BRA_117757,Brasília,5300108,,Piracicabana,136.9,https://moovitapp.com/index/pt-br/transporte_p%C3%BAblico-line-136_9-Brasilia-1702-850942-773702-0,-1.0,-15.83692,-47.93344,,,,1,2023-06-15T18:26:38+00:00
BRA_116041,Brasília,5300108,,Piracicabana,531.2,https://moovitapp.com/index/pt-br/transporte_p%C3%BAblico-line-531_2-Brasilia-1702-850942-48723591-0,-1.0,-15.64657,-47.80848,,,,,2023-06-15T21:31:11+00:00
BRA_120481,Brasília,5300108,,Piracicabana,616.1,https://moovitapp.com/index/pt-br/transporte_p%C3%BAblico-line-616_1-Brasilia-1702-850942-242498-0,-1.0,-15.80069,-47.85756,,,,,2023-06-15T21:39:01+00:00
BRA_117544,Brasília,5300108,,Piracicabana,0.515,https://moovitapp.com/index/pt-br/transporte_p%C3%BAblico-line-0_515-Brasilia-1702-850942-26501707-0,-1.0,-15.64644,-47.88949,,,,,2023-06-15T21:44:41+00:00
BRA_116866,Brasília,5300108,,Piracicabana,0.022,https://moovitapp.com/index/pt-br/transporte_p%C3%BAblico-line-0_022-Brasilia-1702-850942-788975-0,-1.0,-15.7361,-47.90708,,,,,2023-06-15T21:59:18+00:00
BRA_118621,Brasília,5300108,,Piracicabana,153.2,https://moovitapp.com/index/pt-br/transporte_p%C3%BAblico-line-153_2-Brasilia-1702-850942-775093-0,-1.0,-15.7933,-47.88958,,,,,2023-06-15T21:59:24+00:00
BRA_120961,Brasília,5300108,,Piracicabana,0.600,https://moovitapp.com/index/pt-br/transporte_p%C3%BAblico-line-0_600-Brasilia-1702-850942-242410-0,-1.0,-15.79987,-47.88421,,,,1,2023-06-15T22:07:05+00:00
BRA_118664,Brasília,5300108,,Piracicabana,0.641,https://moovitapp.com/index/pt-br/transporte_p%C3%BAblico-line-0_641-Brasilia-1702-850942-242424-0,-1.0,-15.71441,-47.89864,,,,,2023-06-15T22:07:31+00:00
BRA_117153,Brasília,5300108,,Piracicabana,0.517,https://moovitapp.com/index/pt-br/transporte_p%C3%BAblico-line-0_517-Brasilia-1702-850942-242400-0,-1.0,-15.71763,-47.89804,,,,,2023-06-15T22:21:24+00:00
BRA_119491,Brasília,5300108,,Piracicabana,501.5,https://moovitapp.com/index/pt-br/transporte_p%C3%BAblico-line-501_5-Brasilia-1702-850942-414578-0,-1.0,-15.7175,-47.89812,,,,,2023-06-15T22:30:45+00:00
BRA_119351,Brasília,5300108,,Piracicabana,099.1,https://moovitapp.com/index/pt-br/transporte_p%C3%BAblico-line-099_1-Brasilia-1702-850942-775090-0,-1.0,-15.8004,-47.94506,,,,,2023-06-15T22:44:00+00:00
BRA_119091,Brasília,5300108,,Piracicabana,062.6,https://moovitapp.com/index/pt-br/transporte_p%C3%BAblico-line-062_6-Brasilia-1702-850942-339289-0,-1.0,-15.64206,-47.80774,,,,,2023-06-15T22:45:48+00:00
BRA_118923,Brasília,5300108,,Piracicabana,0.518,https://moovitapp.com/index/pt-br/transporte_p%C3%BAblico-line-0_518-Brasilia-1702-850942-580670-0,-1.0,-15.67976,-47.84861,,,,,2023-06-15T22:48:52+00:00
BRA_117200,Brasília,5300108,,Piracicabana,531.1,https://moovitapp.com/index/pt-br/transporte_p%C3%BAblico-line-531_1-Brasilia-1702-850942-476289-0,-1.0,-15.62654,-47.85738,,,,1,2023-06-15T22:48:52+00:00
BRA_119181,Brasília,5300108,,Piracicabana,062.9,https://moovitapp.com/index/pt-br/transporte_p%C3%BAblico-line-062_9-Brasilia-1702-850942-77230028-0,-1.0,-15.64699,-47.80612,,,,,2023-06-15T22:51:00+00:00
BRA_119687,Brasília,5300108,,Piracicabana,063.1,https://moovitapp.com/index/pt-br/transporte_p%C3%BAblico-line-063_1-Brasilia-1702-850942-339291-0,-1.0,-15.65518,-47.76052,,,,,2023-06-15T22:53:05+00:00
BRA_120430,Brasília,5300108,,Piracicabana,0.116,https://moovitapp.com/index/pt-br/transporte_p%C3%BAblico-line-0_116-Brasilia-1702-850942-242381-0,-1.0,-15.77766,-47.88776,,,,,2023-06-15T22:53:16+00:00
BRA_120952,Brasília,5300108,,Piracicabana,501.7,https://moovitapp.com/index/pt-br/transporte_p%C3%BAblico-line-501_7-Brasilia-1702-850942-519379-0,-1.0,-15.65389,-47.77735,,,,1,2023-06-15T22:55:29+00:00
BRA_118796,Brasília,5300108,,Piracicabana,0.150,https://moovitapp.com/index/pt-br/transporte_p%C3%BAblico-line-0_150-Brasilia-1702-850942-775086-0,-1.0,-15.79397,-47.88177,,,,1,2023-06-15T22:58:31+00:00
BRA_118435,Brasília,5300108,,Piracicabana,0.640,https://moovitapp.com/index/pt-br/transporte_p%C3%BAblico-line-0_640-Brasilia-1702-850942-242423-0,-1.0,-15.83585,-47.93287,,,,1,2023-06-15T22:58:48+00:00
BRA_119288,Brasília,5300108,,Piracicabana,0.509,https://moovitapp.com/index/pt-br/transporte_p%C3%BAblico-line-0_509-Brasilia-1702-850942-242397-0,-1.0,-15.68732,-47.85681,,,,1,2023-06-15T22:59:02+00:00
BRA_118320,Brasília,5300108,,Piracicabana,115.1,https://moovitapp.com/index/pt-br/transporte_p%C3%BAblico-line-115_1-Brasilia-1702-850942-242436-0,-1.0,-15.79388,-47.88278,,,,,2023-06-15T22:59:25+00:00
BRA_119547,Brasília,5300108,,Piracicabana,0.517,https://moovitapp.com/index/pt-br/transporte_p%C3%BAblico-line-0_517-Brasilia-1702-850942-242400-0,-1.0,-15.71821,-47.89788,,,,,2023-06-15T22:59:53+00:00
BRA_117781,Brasília,5300108,,Piracicabana,630.1,https://moovitapp.com/index/pt-br/transporte_p%C3%BAblico-line-630_1-Brasilia-1702-850942-476290-0,-1.0,-15.7179,-47.89819,,,,,2023-06-15T23:00:20+00:00
BRA_117170,Brasília,5300108,,Piracicabana,511.4,https://moovitapp.com/index/pt-br/transporte_p%C3%BAblico-line-511_4-Brasilia-1702-850942-770030-0,-1.0,-15.73561,-47.78691,,,,,2023-06-15T23:00:20+00:00
BRA_119237,Brasília,5300108,,Piracicabana,512.1,https://moovitapp.com/index/pt-br/transporte_p%C3%BAblico-line-512_1-Brasilia-1702-850942-474401-0,-1.0,-15.83459,-47.93184,,,,1,2023-06-15T23:00:24+00:00
BRA_118176,Brasília,5300108,,Piracicabana,602.1,https://moovitapp.com/index/pt-br/transporte_p%C3%BAblico-line-602_1-Brasilia-1702-850942-242491-0,-1.0,-15.59496,-47.65727,,,,,2023-06-15T23:00:37+00:00
BRA_119105,Brasília,5300108,,Piracicabana,511.4,https://moovitapp.com/index/pt-br/transporte_p%C3%BAblico-line-511_4-Brasilia-1702-850942-770030-0,-1.0,-15.65108,-47.75832,,,,,2023-06-15T23:00:58+00:00
BRA_116874,Brasília,5300108,,Piracicabana,0.016,https://moovitapp.com/index/pt-br/transporte_p%C3%BAblico-line-0_016-Brasilia-1702-850942-5193084-0,-1.0,-15.83635,-47.93272,,,,1,2023-06-15T23:00:59+00:00
BRA_120065,Brasília,5300108,,Piracicabana,611.1,https://moovitapp.com/index/pt-br/transporte_p%C3%BAblico-line-611_1-Brasilia-1702-850942-25771161-0,-1.0,-15.64904,-47.55563,,,,,2023-06-15T23:02:18+00:00
BRA_117412,Brasília,5300108,,Piracicabana,099.1,https://moovitapp.com/index/pt-br/transporte_p%C3%BAblico-line-099_1-Brasilia-1702-850942-775090-0,-1.0,-15.83749,-48.01471,,,,,2023-06-15T23:03:00+00:00
BRA_118583,Brasília,5300108,,Piracicabana,0.640,https://moovitapp.com/index/pt-br/transporte_p%C3%BAblico-line-0_640-Brasilia-1702-850942-242423-0,-1.0,-15.71262,-47.89786,,,,,2023-06-15T23:03:04+00:00
BRA_115347,Brasília,5300108,,Piracicabana,0.110,https://moovitapp.com/index/pt-br/transporte_p%C3%BAblico-line-0_110-Brasilia-1702-850942-339284-0,-1.0,-15.79422,-47.8831,,,,1,2023-06-15T23:03:07+00:00
BRA_120723,Brasília,5300108,,Piracicabana,153.2,https://moovitapp.com/index/pt-br/transporte_p%C3%BAblico-line-153_2-Brasilia-1702-850942-775093-0,-1.0,-15.79405,-47.88301,,,,1,2023-06-15T23:04:16+00:00
BRA_118958,Brasília,5300108,,Piracicabana,630.1,https://moovitapp.com/index/pt-br/transporte_p%C3%BAblico-line-630_1-Brasilia-1702-850942-476290-0,-1.0,-15.60232,-47.64775,,,,,2023-06-15T23:04:16+00:00
BRA_118311,Brasília,5300108,,Piracicabana,102.6,https://moovitapp.com/index/pt-br/transporte_p%C3%BAblico-line-102_6-Brasilia-1702-850942-775091-0,-1.0,-15.83652,-47.93297,,,,1,2023-06-15T23:04:51+00:00
BRA_119032,Brasília,5300108,,Piracicabana,0.116,https://moovitapp.com/index/pt-br/transporte_p%C3%BAblico-line-0_116-Brasilia-1702-850942-242381-0,-1.0,-15.79364,-47.88191,,,,,2023-06-15T23:05:05+00:00
BRA_118745,Brasília,5300108,,Piracicabana,116.2,https://moovitapp.com/index/pt-br/transporte_p%C3%BAblico-line-116_2-Brasilia-1702-850942-60842780-0,-1.0,-15.79391,-47.88302,,,,1,2023-06-15T23:05:59+00:00
BRA_115916,Brasília,5300108,,Piracicabana,501.3,https://moovitapp.com/index/pt-br/transporte_p%C3%BAblico-line-501_3-Brasilia-1702-850942-242472-0,-1.0,-15.70022,-47.88302,,,,,2023-06-15T23:06:18+00:00
BRA_117161,Brasília,5300108,,Piracicabana,158.1,https://moovitapp.com/index/pt-br/transporte_p%C3%BAblico-line-158_1-Brasilia-1702-850942-775094-0,-1.0,-15.78123,-47.99973,,,,,2023-06-15T23:06:39+00:00
BRA_120626,Brasília,5300108,,Piracicabana,116.2,https://moovitapp.com/index/pt-br/transporte_p%C3%BAblico-line-116_2-Brasilia-1702-850942-60842780-0,-1.0,-15.78941,-47.90313,,,,,2023-06-15T23:06:40+00:00
BRA_116505,Brasília,5300108,,Piracicabana,151.2,https://moovitapp.com/index/pt-br/transporte_p%C3%BAblico-line-151_2-Brasilia-1702-850942-242458-0,-1.0,-15.79653,-47.93357,,,,1,2023-06-15T23:06:45+00:00
BRA_117609,Brasília,5300108,,Piracicabana,511.4,https://moovitapp.com/index/pt-br/transporte_p%C3%BAblico-line-511_4-Brasilia-1702-850942-770030-0,-1.0,-15.77565,-47.78032,,,,,2023-06-15T23:06:46+00:00
BRA_120081,Brasília,5300108,,Piracicabana,0.107,https://moovitapp.com/index/pt-br/transporte_p%C3%BAblico-line-0_107-Brasilia-1702-850942-242377-0,-1.0,-15.80812,-47.90099,,,,,2023-06-15T23:06:47+00:00
BRA_118427,Brasília,5300108,,Piracicabana,136.6,https://moovitapp.com/index/pt-br/transporte_p%C3%BAblico-line-136_6-Brasilia-1702-850942-773700-0,-1.0,-15.82749,-47.92683,,,,,2023-06-15T23:06:48+00:00
BRA_118125,Brasília,5300108,,Piracicabana,0.601,https://moovitapp.com/index/pt-br/transporte_p%C3%BAblico-line-0_601-Brasilia-1702-850942-242411-0,-1.0,-15.61299,-47.67236,,,,,2023-06-15T23:06:48+00:00
BRA_116386,Brasília,5300108,,Piracicabana,0.007,https://moovitapp.com/index/pt-br/transporte_p%C3%BAblico-line-0_007-Brasilia-1702-850942-775080-0,-1.0,-15.78722,-47.88799,,,,,2023-06-15T23:06:48+00:00
BRA_120073,Brasília,5300108,,Piracicabana,601.3,https://moovitapp.com/index/pt-br/transporte_p%C3%BAblico-line-601_3-Brasilia-1702-850942-339836-0,-1.0,-15.61172,-47.65243,,,,,2023-06-15T23:06:49+00:00
BRA_116661,Brasília,5300108,,Piracicabana,115.1,https://moovitapp.com/index/pt-br/transporte_p%C3%BAblico-line-115_1-Brasilia-1702-850942-242436-0,-1.0,-15.73582,-47.88551,,,,,2023-06-15T23:06:50+00:00
BRA_117986,Brasília,5300108,,Piracicabana,643.2,https://moovitapp.com/index/pt-br/transporte_p%C3%BAblico-line-643_2-Brasilia-1702-850942-128977732-0,-1.0,-15.62834,-47.69859,,,,,2023-06-15T23:06:50+00:00
BRA_116548,Brasília,5300108,,Piracicabana,0.007,https://moovitapp.com/index/pt-br/transporte_p%C3%BAblico-line-0_007-Brasilia-1702-850942-775080-0,-1.0,-15.74282,-47.88665,,,,,2023-06-15T23:06:51+00:00
BRA_121096,Brasília,5300108,,Piracicabana,0.620,https://moovitapp.com/index/pt-br/transporte_p%C3%BAblico-line-0_620-Brasilia-1702-850942-470748-0,-1.0,-15.69093,-47.86389,,,,,2023-06-15T23:06:52+00:00
BRA_115894,Brasília,5300108,,Piracicabana,063.1,https://moovitapp.com/index/pt-br/transporte_p%C3%BAblico-line-063_1-Brasilia-1702-850942-339291-0,-1.0,-15.64463,-47.82553,,,,,2023-06-15T23:06:52+00:00
BRA_115355,Brasília,5300108,,Piracicabana,110.2,https://moovitapp.com/index/pt-br/transporte_p%C3%BAblico-line-110_2-Brasilia-1702-850942-339295-0,-1.0,-15.76407,-47.86035,,,,,2023-06-15T23:06:53+00:00
BRA_117862,Brasília,5300108,,Piracicabana,0.620,https://moovitapp.com/index/pt-br/transporte_p%C3%BAblico-line-0_620-Brasilia-1702-850942-470748-0,-1.0,-15.64371,-47.75968,,,,,2023-06-15T23:06:53+00:00
BRA_118851,Brasília,5300108,,Piracicabana,0.109,https://moovitapp.com/index/pt-br/transporte_p%C3%BAblico-line-0_109-Brasilia-1702-850942-139332631-0,-1.0,-15.79381,-47.88195,,,,,2023-06-15T23:06:54+00:00
BRA_118362,Brasília,5300108,,Piracicabana,128.1,https://moovitapp.com/index/pt-br/transporte_p%C3%BAblico-line-128_1-Brasilia-1702-850942-53234107-0,-1.0,-15.72001,-47.91081,,,,,2023-06-15T23:06:54+00:00
BRA_119725,Brasília,5300108,,Piracicabana,604.3,https://moovitapp.com/index/pt-br/transporte_p%C3%BAblico-line-604_3-Brasilia-1702-850942-242495-0,-1.0,-15.61345,-47.65493,,,,,2023-06-15T23:06:54+00:00
BRA_118770,Brasília,5300108,,Piracicabana,152.1,https://moovitapp.com/index/pt-br/transporte_p%C3%BAblico-line-152_1-Brasilia-1702-850942-542827-0,-1.0,-15.78174,-47.93659,,,,,2023-06-15T23:06:54+00:00
BRA_119148,Brasília,5300108,,Piracicabana,0.517,https://moovitapp.com/index/pt-br/transporte_p%C3%BAblico-line-0_517-Brasilia-1702-850942-242400-0,-1.0,-15.79659,-47.89119,,,,,2023-06-15T23:06:55+00:00
BRA_120651,Brasília,5300108,,Piracicabana,062.5,https://moovitapp.com/index/pt-br/transporte_p%C3%BAblico-line-062_5-Brasilia-1702-850942-339835-0,-1.0,-15.67033,-47.84491,,,,,2023-06-15T23:06:55+00:00
BRA_116785,Brasília,5300108,,Piracicabana,0.006,https://moovitapp.com/index/pt-br/transporte_p%C3%BAblico-line-0_006-Brasilia-1702-850942-775079-0,-1.0,-15.79369,-47.91679,,,,1,2023-06-15T23:06:55+00:00
BRA_118842,Brasília,5300108,,Piracicabana,0.109,https://moovitapp.com/index/pt-br/transporte_p%C3%BAblico-line-0_109-Brasilia-1702-850942-139332631-0,-1.0,-15.79369,-47.88171,,,,1,2023-06-15T23:06:55+00:00
BRA_120731,Brasília,5300108,,Piracicabana,616.8,https://moovitapp.com/index/pt-br/transporte_p%C3%BAblico-line-616_8-Brasilia-1702-850942-128977718-0,-1.0,-15.64807,-47.65982,,,,,2023-06-15T23:06:56+00:00
BRA_118001,Brasília,5300108,,Piracicabana,643.1,https://moovitapp.com/index/pt-br/transporte_p%C3%BAblico-line-643_1-Brasilia-1702-850942-772850-0,-1.0,-15.77376,-47.88049,,,,,2023-06-15T23:06:58+00:00
BRA_116645,Brasília,5300108,,Piracicabana,0.031,https://moovitapp.com/index/pt-br/transporte_p%C3%BAblico-line-0_031-Brasilia-1702-850942-786256-0,-1.0,-15.79835,-47.87197,,,,,2023-06-15T23:06:58+00:00
BRA_120812,Brasília,5300108,,Piracicabana,136.9,https://moovitapp.com/index/pt-br/transporte_p%C3%BAblico-line-136_9-Brasilia-1702-850942-773702-0,-1.0,-15.7409,-47.89191,,,,,2023-06-15T23:06:58+00:00
BRA_120782,Brasília,5300108,,Piracicabana,158.1,https://moovitapp.com/index/pt-br/transporte_p%C3%BAblico-line-158_1-Brasilia-1702-850942-775094-0,-1.0,-15.7853,-47.98863,,,,,2023-06-15T23:06:59+00:00
BRA_119121,Brasília,5300108,,Piracicabana,0.509,https://moovitapp.com/index/pt-br/transporte_p%C3%BAblico-line-0_509-Brasilia-1702-850942-242397-0,-1.0,-15.74209,-47.88962,,,,,2023-06-15T23:07:00+00:00
BRA_116807,Brasília,5300108,,Piracicabana,0.035,https://moovitapp.com/index/pt-br/transporte_p%C3%BAblico-line-0_035-Brasilia-1702-850942-775084-0,-1.0,-15.8033,-47.94622,,,,,2023-06-15T23:07:00+00:00
BRA_119261,Brasília,5300108,,Piracicabana,062.7,https://moovitapp.com/index/pt-br/transporte_p%C3%BAblico-line-062_7-Brasilia-1702-850942-494154-0,-1.0,-15.62536,-47.84441,,,,,2023-06-15T23:07:01+00:00
BRA_120294,Brasília,5300108,,Piracicabana,605.1,https://moovitapp.com/index/pt-br/transporte_p%C3%BAblico-line-605_1-Brasilia-1702-850942-242496-0,-1.0,-15.61446,-47.63948,,,,,2023-06-15T23:07:01+00:00
BRA_120189,Brasília,5300108,,Piracicabana,066.5,https://moovitapp.com/index/pt-br/transporte_p%C3%BAblico-line-066_5-Brasilia-1702-850942-770026-0,-1.0,-15.61816,-47.65388,,,,1,2023-06-15T23:07:02+00:00
BRA_119512,Brasília,5300108,,Piracicabana,512.1,https://moovitapp.com/index/pt-br/transporte_p%C3%BAblico-line-512_1-Brasilia-1702-850942-474401-0,-1.0,-15.78036,-47.88782,,,,,2023-06-15T23:07:02+00:00
BRA_119768,Brasília,5300108,,Piracicabana,0.143,https://moovitapp.com/index/pt-br/transporte_p%C3%BAblico-line-0_143-Brasilia-1702-850942-470747-0,-1.0,-15.78758,-47.89659,,,,,2023-06-15T23:07:02+00:00
BRA_118648,Brasília,5300108,,Piracicabana,0.620,https://moovitapp.com/index/pt-br/transporte_p%C3%BAblico-line-0_620-Brasilia-1702-850942-470748-0,-1.0,-15.77437,-47.90801,,,,1,2023-06-15T23:07:02+00:00
BRA_118028,Brasília,5300108,,Piracicabana,501.4,https://moovitapp.com/index/pt-br/transporte_p%C3%BAblico-line-501_4-Brasilia-1702-850942-775096-0,-1.0,-15.66078,-47.84408,,,,,2023-06-15T23:07:02+00:00
BRA_116980,Brasília,5300108,,,628.2,,,-15.89787,-47.61104,,,,,2023-06-15T23:07:03+00:00
BRA_120316,Brasília,5300108,,Piracicabana,512.1,https://moovitapp.com/index/pt-br/transporte_p%C3%BAblico-line-512_1-Brasilia-1702-850942-474401-0,-1.0,-15.69844,-47.87982,,,,,2023-06-15T23:07:03+00:00
BRA_120928,Brasília,5300108,,Piracicabana,099.1,https://moovitapp.com/index/pt-br/transporte_p%C3%BAblico-line-099_1-Brasilia-1702-850942-775090-0,-1.0,-15.83523,-48.04105,,,,,2023-06-15T23:07:04+00:00
BRA_117579,Brasília,5300108,,Piracicabana,0.515,https://moovitapp.com/index/pt-br/transporte_p%C3%BAblico-line-0_515-Brasilia-1702-850942-26501707-0,-1.0,-15.6656,-47.88337,,,,,2023-06-15T23:07:04+00:00
BRA_117943,Brasília,5300108,,Piracicabana,162.1,https://moovitapp.com/index/pt-br/transporte_p%C3%BAblico-line-162_1-Brasilia-1702-850942-762425-0,-1.0,-15.83896,-47.98458,,,,,2023-06-15T23:07:05+00:00
BRA_116939,Brasília,5300108,,Piracicabana,0.023,https://moovitapp.com/index/pt-br/transporte_p%C3%BAblico-line-0_023-Brasilia-1702-850942-775082-0,-1.0,-15.74753,-47.88388,,,,,2023-06-15T23:07:05+00:00
BRA_120821,Brasília,5300108,,Piracicabana,0.136,https://moovitapp.com/index/pt-br/transporte_p%C3%BAblico-line-0_136-Brasilia-1702-850942-719957-0,-1.0,-15.72358,-47.89326,,,,,2023-06-15T23:07:05+00:00
BRA_119784,Brasília,5300108,,Piracicabana,643.1,https://moovitapp.com/index/pt-br/transporte_p%C3%BAblico-line-643_1-Brasilia-1702-850942-772850-0,-1.0,-15.648,-47.65413,,,,,2023-06-15T23:07:06+00:00
BRA_118893,Brasília,5300108,,Piracicabana,0.107,https://moovitapp.com/index/pt-br/transporte_p%C3%BAblico-line-0_107-Brasilia-1702-850942-242377-0,-1.0,-15.79687,-47.86938,,,,,2023-06-15T23:07:06+00:00
BRA_117374,Brasília,5300108,,Piracicabana,066.3,https://moovitapp.com/index/pt-br/transporte_p%C3%BAblico-line-066_3-Brasilia-1702-850942-513542-0,-1.0,-15.61339,-47.68611,,,,,2023-06-15T23:07:06+00:00
BRA_117048,Brasília,5300108,,Piracicabana,0.031,https://moovitapp.com/index/pt-br/transporte_p%C3%BAblico-line-0_031-Brasilia-1702-850942-786256-0,-1.0,-15.78111,-47.88748,,,,,2023-06-15T23:07:07+00:00
BRA_116637,Brasília,5300108,,Piracicabana,0.032,https://moovitapp.com/index/pt-br/transporte_p%C3%BAblico-line-0_032-Brasilia-1702-850942-786257-0,-1.0,-15.84027,-47.9217,,,,,2023-06-15T23:07:07+00:00
BRA_115657,Brasília,5300108,,Piracicabana,0.501,https://moovitapp.com/index/pt-br/transporte_p%C3%BAblico-line-0_501-Brasilia-1702-850942-663228-0,-1.0,-15.75358,-47.88752,,,,,2023-06-15T23:07:07+00:00
BRA_118800,Brasília,5300108,,Piracicabana,0.605,https://moovitapp.com/index/pt-br/transporte_p%C3%BAblico-line-0_605-Brasilia-1702-850942-242415-0,-1.0,-15.62968,-47.65106,,,,,2023-06-15T23:07:07+00:00
BRA_116394,Brasília,5300108,,Piracicabana,0.007,https://moovitapp.com/index/pt-br/transporte_p%C3%BAblico-line-0_007-Brasilia-1702-850942-775080-0,-1.0,-15.81599,-47.911,,,,,2023-06-15T23:07:08+00:00
BRA_118061,Brasília,5300108,,Piracicabana,153.2,https://moovitapp.com/index/pt-br/transporte_p%C3%BAblico-line-153_2-Brasilia-1702-850942-775093-0,-1.0,-15.825,-47.9106,,,,,2023-06-15T23:07:08+00:00
BRA_118818,Brasília,5300108,,Piracicabana,136.6,https://moovitapp.com/index/pt-br/transporte_p%C3%BAblico-line-136_6-Brasilia-1702-850942-773700-0,-1.0,-15.74495,-47.89713,,,,,2023-06-15T23:07:09+00:00
BRA_119296,Brasília,5300108,,Piracicabana,501.3,https://moovitapp.com/index/pt-br/transporte_p%C3%BAblico-line-501_3-Brasilia-1702-850942-242472-0,-1.0,-15.74098,-47.89013,,,,,2023-06-15T23:07:09+00:00
BRA_119962,Brasília,5300108,,Piracicabana,0.143,https://moovitapp.com/index/pt-br/transporte_p%C3%BAblico-line-0_143-Brasilia-1702-850942-470747-0,-1.0,-15.78603,-47.91086,,,,,2023-06-15T23:07:09+00:00
BRA_120804,Brasília,5300108,,Piracicabana,128.1,https://moovitapp.com/index/pt-br/transporte_p%C3%BAblico-line-128_1-Brasilia-1702-850942-53234107-0,-1.0,-15.7569,-47.8933,,,,,2023-06-15T23:07:09+00:00
BRA_120642,Brasília,5300108,,Piracicabana,0.617,https://moovitapp.com/index/pt-br/transporte_p%C3%BAblico-line-0_617-Brasilia-1702-850942-242417-0,-1.0,-15.65954,-47.64837,,,,,2023-06-15T23:07:10+00:00
BRA_120707,Brasília,5300108,,Piracicabana,616.9,https://moovitapp.com/index/pt-br/transporte_p%C3%BAblico-line-616_9-Brasilia-1702-850942-128977719-0,-1.0,-15.63536,-47.6497,,,,,2023-06-15T23:07:10+00:00
BRA_121088,Brasília,5300108,,Piracicabana,0.504,https://moovitapp.com/index/pt-br/transporte_p%C3%BAblico-line-0_504-Brasilia-1702-850942-781321-0,-1.0,-15.61523,-47.70655,,,,,2023-06-15T23:07:10+00:00
BRA_119636,Brasília,5300108,,Piracicabana,152.5,https://moovitapp.com/index/pt-br/transporte_p%C3%BAblico-line-152_5-Brasilia-1702-850942-542828-0,-1.0,-15.78765,-47.8964,,,,,2023-06-15T23:07:10+00:00
BRA_116602,Brasília,5300108,,Piracicabana,0.168,https://moovitapp.com/index/pt-br/transporte_p%C3%BAblico-line-0_168-Brasilia-1702-850942-242392-0,-1.0,-15.80296,-47.93111,,,,,2023-06-15T23:07:10+00:00
BRA_116149,Brasília,5300108,,Piracicabana,642.1,https://moovitapp.com/index/pt-br/transporte_p%C3%BAblico-line-642_1-Brasilia-1702-850942-242510-0,-1.0,-15.62807,-47.65932,,,,,2023-06-15T23:07:10+00:00
BRA_115835,Brasília,5300108,,Piracicabana,0.504,https://moovitapp.com/index/pt-br/transporte_p%C3%BAblico-line-0_504-Brasilia-1702-850942-781321-0,-1.0,-15.62817,-47.65739,,,,,2023-06-15T23:07:11+00:00
BRA_117005,Brasília,5300108,,Piracicabana,0.022,https://moovitapp.com/index/pt-br/transporte_p%C3%BAblico-line-0_022-Brasilia-1702-850942-788975-0,-1.0,-15.82966,-47.90737,,,,,2023-06-15T23:07:11+00:00
BRA_118494,Brasília,5300108,,Piracicabana,602.1,https://moovitapp.com/index/pt-br/transporte_p%C3%BAblico-line-602_1-Brasilia-1702-850942-242491-0,-1.0,-15.83113,-47.91901,,,,,2023-06-15T23:07:11+00:00
BRA_118524,Brasília,5300108,,Piracicabana,162.1,https://moovitapp.com/index/pt-br/transporte_p%C3%BAblico-line-162_1-Brasilia-1702-850942-762425-0,-1.0,-15.79693,-47.89159,,,,,2023-06-15T23:07:11+00:00
BRA_119911,Brasília,5300108,,Piracicabana,0.143,https://moovitapp.com/index/pt-br/transporte_p%C3%BAblico-line-0_143-Brasilia-1702-850942-470747-0,-1.0,-15.75876,-47.94452,,,,,2023-06-15T23:07:11+00:00
BRA_120308,Brasília,5300108,,Piracicabana,616.9,https://moovitapp.com/index/pt-br/transporte_p%C3%BAblico-line-616_9-Brasilia-1702-850942-128977719-0,-1.0,-15.62314,-47.70164,,,,,2023-06-15T23:07:12+00:00
BRA_118591,Brasília,5300108,,Piracicabana,106.2,https://moovitapp.com/index/pt-br/transporte_p%C3%BAblico-line-106_2-Brasilia-1702-850942-242433-0,-1.0,-15.83998,-47.92175,,,,,2023-06-15T23:07:12+00:00
BRA_118737,Brasília,5300108,,Piracicabana,640.2,https://moovitapp.com/index/pt-br/transporte_p%C3%BAblico-line-640_2-Brasilia-1702-850942-697957-0,-1.0,-15.78155,-47.88782,,,,,2023-06-15T23:07:12+00:00
BRA_119016,Brasília,5300108,,Piracicabana,0.110,https://moovitapp.com/index/pt-br/transporte_p%C3%BAblico-line-0_110-Brasilia-1702-850942-339284-0,-1.0,-15.78659,-47.87375,,,,,2023-06-15T23:07:12+00:00
BRA_116530,Brasília,5300108,,Piracicabana,062.7,https://moovitapp.com/index/pt-br/transporte_p%C3%BAblico-line-062_7-Brasilia-1702-850942-494154-0,-1.0,-15.63751,-47.8371,,,,,2023-06-15T23:07:12+00:00
BRA_117358,Brasília,5300108,,Piracicabana,158.1,https://moovitapp.com/index/pt-br/transporte_p%C3%BAblico-line-158_1-Brasilia-1702-850942-775094-0,-1.0,-15.81958,-47.91592,,,,1,2023-06-15T23:07:12+00:00
BRA_117498,Brasília,5300108,,Piracicabana,062.7,https://moovitapp.com/index/pt-br/transporte_p%C3%BAblico-line-062_7-Brasilia-1702-850942-494154-0,-1.0,-15.65195,-47.78872,,,,,2023-06-15T23:07:12+00:00
BRA_117994,Brasília,5300108,,Piracicabana,620.1,https://moovitapp.com/index/pt-br/transporte_p%C3%BAblico-line-620_1-Brasilia-1702-850942-697955-0,-1.0,-15.77215,-47.88243,,,,,2023-06-15T23:07:12+00:00
BRA_118150,Brasília,5300108,,Piracicabana,0.103,https://moovitapp.com/index/pt-br/transporte_p%C3%BAblico-line-0_103-Brasilia-1702-850942-335705-0,-1.0,-15.8178,-47.84011,,,,,2023-06-15T23:07:13+00:00
BRA_116351,Brasília,5300108,,Piracicabana,601.1,https://moovitapp.com/index/pt-br/transporte_p%C3%BAblico-line-601_1-Brasilia-1702-850942-322377-0,-1.0,-15.60121,-47.65435,,,,,2023-06-15T23:07:13+00:00
BRA_116653,Brasília,5300108,,Piracicabana,0.031,https://moovitapp.com/index/pt-br/transporte_p%C3%BAblico-line-0_031-Brasilia-1702-850942-786256-0,-1.0,-15.73615,-47.89783,,,,,2023-06-15T23:07:13+00:00
BRA_120995,Brasília,5300108,,Piracicabana,0.641,https://moovitapp.com/index/pt-br/transporte_p%C3%BAblico-line-0_641-Brasilia-1702-850942-242424-0,-1.0,-15.61638,-47.63822,,,,,2023-06-15T23:07:13+00:00
BRA_118681,Brasília,5300108,,Piracicabana,158.1,https://moovitapp.com/index/pt-br/transporte_p%C3%BAblico-line-158_1-Brasilia-1702-850942-775094-0,-1.0,-15.78754,-47.97852,,,,,2023-06-15T23:07:14+00:00
BRA_116572,Brasília,5300108,,Piracicabana,0.032,https://moovitapp.com/index/pt-br/transporte_p%C3%BAblico-line-0_032-Brasilia-1702-850942-786257-0,-1.0,-15.76382,-47.89095,,,,,2023-06-15T23:07:14+00:00
BRA_117536,Brasília,5300108,,Piracicabana,505.5,https://moovitapp.com/index/pt-br/transporte_p%C3%BAblico-line-505_5-Brasilia-1702-850942-651521-0,-1.0,-15.64713,-47.77861,,,,,2023-06-15T23:07:14+00:00
BRA_117960,Brasília,5300108,,Piracicabana,0.110,https://moovitapp.com/index/pt-br/transporte_p%C3%BAblico-line-0_110-Brasilia-1702-850942-339284-0,-1.0,-15.78329,-47.87309,,,,,2023-06-15T23:07:15+00:00
BRA_118052,Brasília,5300108,,Piracicabana,0.617,https://moovitapp.com/index/pt-br/transporte_p%C3%BAblico-line-0_617-Brasilia-1702-850942-242417-0,-1.0,-15.72395,-47.89561,,,,,2023-06-15T23:07:15+00:00
BRA_119253,Brasília,5300108,,Piracicabana,063.1,https://moovitapp.com/index/pt-br/transporte_p%C3%BAblico-line-063_1-Brasilia-1702-850942-339291-0,-1.0,-15.6475,-47.77945,,,,,2023-06-15T23:07:15+00:00
BRA_120839,Brasília,5300108,,Piracicabana,156.5,https://moovitapp.com/index/pt-br/transporte_p%C3%BAblico-line-156_5-Brasilia-1702-850942-242464-0,-1.0,-15.80832,-47.93214,,,,,2023-06-15T23:07:15+00:00
BRA_120197,Brasília,5300108,,Piracicabana,0.640,https://moovitapp.com/index/pt-br/transporte_p%C3%BAblico-line-0_640-Brasilia-1702-850942-242423-0,-1.0,-15.60204,-47.6819,,,,,2023-06-15T23:07:16+00:00
BRA_119059,Brasília,5300108,,Piracicabana,099.1,https://moovitapp.com/index/pt-br/transporte_p%C3%BAblico-line-099_1-Brasilia-1702-850942-775090-0,-1.0,-15.79191,-47.93345,,,,,2023-06-15T23:07:16+00:00
BRA_116467,Brasília,5300108,,Piracicabana,0.031,https://moovitapp.com/index/pt-br/transporte_p%C3%BAblico-line-0_031-Brasilia-1702-850942-786256-0,-1.0,-15.83749,-47.91818,,,,,2023-06-15T23:07:16+00:00
BRA_116947,Brasília,5300108,,Piracicabana,0.024,https://moovitapp.com/index/pt-br/transporte_p%C3%BAblico-line-0_024-Brasilia-1702-850942-781320-0,-1.0,-15.80305,-47.88077,,,,,2023-06-15T23:07:17+00:00
BRA_115711,Brasília,5300108,,Piracicabana,0.518,https://moovitapp.com/index/pt-br/transporte_p%C3%BAblico-line-0_518-Brasilia-1702-850942-580670-0,-1.0,-15.78828,-47.88036,,,,,2023-06-15T23:07:17+00:00
BRA_116122,Brasília,5300108,,Piracicabana,067.3,https://moovitapp.com/index/pt-br/transporte_p%C3%BAblico-line-067_3-Brasilia-1702-850942-339294-0,-1.0,-15.6573,-47.64927,,,,,2023-06-15T23:07:17+00:00
BRA_118133,Brasília,5300108,,Piracicabana,152.5,https://moovitapp.com/index/pt-br/transporte_p%C3%BAblico-line-152_5-Brasilia-1702-850942-542828-0,-1.0,-15.79528,-47.91613,,,,,2023-06-15T23:07:17+00:00
BRA_117633,Brasília,5300108,,Piracicabana,501.7,https://moovitapp.com/index/pt-br/transporte_p%C3%BAblico-line-501_7-Brasilia-1702-850942-519379-0,-1.0,-15.79306,-47.88166,,,,1,2023-06-15T23:07:17+00:00
BRA_120219,Brasília,5300108,,Piracicabana,136.6,https://moovitapp.com/index/pt-br/transporte_p%C3%BAblico-line-136_6-Brasilia-1702-850942-773700-0,-1.0,-15.73642,-47.89799,,,,,2023-06-15T23:07:17+00:00
BRA_120057,Brasília,5300108,,Piracicabana,158.1,https://moovitapp.com/index/pt-br/transporte_p%C3%BAblico-line-158_1-Brasilia-1702-850942-775094-0,-1.0,-15.81231,-47.90581,,,,1,2023-06-15T23:07:17+00:00
BRA_120332,Brasília,5300108,,Piracicabana,066.6,https://moovitapp.com/index/pt-br/transporte_p%C3%BAblico-line-066_6-Brasilia-1702-850942-770027-0,-1.0,-15.63775,-47.6391,,,,,2023-06-15T23:07:17+00:00
BRA_120421,Brasília,5300108,,Piracicabana,0.640,https://moovitapp.com/index/pt-br/transporte_p%C3%BAblico-line-0_640-Brasilia-1702-850942-242423-0,-1.0,-15.61381,-47.63966,,,,1,2023-06-15T23:07:17+00:00
BRA_121118,Brasília,5300108,,Piracicabana,104.1,https://moovitapp.com/index/pt-br/transporte_p%C3%BAblico-line-104_1-Brasilia-1702-850942-242430-0,-1.0,-15.79981,-47.86076,,,,,2023-06-15T23:07:17+00:00
BRA_119971,Brasília,5300108,,Piracicabana,066.2,https://moovitapp.com/index/pt-br/transporte_p%C3%BAblico-line-066_2-Brasilia-1702-850942-339293-0,-1.0,-15.61211,-47.68822,,,,,2023-06-15T23:07:18+00:00
BRA_117617,Brasília,5300108,,Piracicabana,099.1,https://moovitapp.com/index/pt-br/transporte_p%C3%BAblico-line-099_1-Brasilia-1702-850942-775090-0,-1.0,-15.83138,-48.05066,,,,,2023-06-15T23:07:18+00:00
BRA_118303,Brasília,5300108,,Piracicabana,0.620,https://moovitapp.com/index/pt-br/transporte_p%C3%BAblico-line-0_620-Brasilia-1702-850942-470748-0,-1.0,-15.60054,-47.6795,,,,,2023-06-15T23:07:18+00:00
BRA_116025,Brasília,5300108,,Piracicabana,0.517,https://moovitapp.com/index/pt-br/transporte_p%C3%BAblico-line-0_517-Brasilia-1702-850942-242400-0,-1.0,-15.69093,-47.86389,,,,,2023-06-15T23:07:18+00:00
BRA_116513,Brasília,5300108,,Piracicabana,151.2,https://moovitapp.com/index/pt-br/transporte_p%C3%BAblico-line-151_2-Brasilia-1702-850942-242458-0,-1.0,-15.77866,-47.88794,,,,,2023-06-15T23:07:19+00:00
BRA_115282,Brasília,5300108,,Piracicabana,110.2,https://moovitapp.com/index/pt-br/transporte_p%C3%BAblico-line-110_2-Brasilia-1702-850942-339295-0,-1.0,-15.77089,-47.87512,,,,,2023-06-15T23:07:19+00:00
BRA_117277,Brasília,5300108,,Piracicabana,642.1,https://moovitapp.com/index/pt-br/transporte_p%C3%BAblico-line-642_1-Brasilia-1702-850942-242510-0,-1.0,-15.69056,-47.86362,,,,,2023-06-15T23:07:19+00:00
BRA_119679,Brasília,5300108,,Piracicabana,0.617,https://moovitapp.com/index/pt-br/transporte_p%C3%BAblico-line-0_617-Brasilia-1702-850942-242417-0,-1.0,-15.67807,-47.82654,,,,,2023-06-15T23:07:19+00:00
BRA_118753,Brasília,5300108,,Piracicabana,0.640,https://moovitapp.com/index/pt-br/transporte_p%C3%BAblico-line-0_640-Brasilia-1702-850942-242423-0,-1.0,-15.69153,-47.86567,,,,,2023-06-15T23:07:20+00:00
BRA_120413,Brasília,5300108,,Piracicabana,643.1,https://moovitapp.com/index/pt-br/transporte_p%C3%BAblico-line-643_1-Brasilia-1702-850942-772850-0,-1.0,-15.64659,-47.7659,,,,,2023-06-15T23:07:20+00:00
BRA_116963,Brasília,5300108,,Piracicabana,0.006,https://moovitapp.com/index/pt-br/transporte_p%C3%BAblico-line-0_006-Brasilia-1702-850942-775079-0,-1.0,-15.79228,-47.89325,,,,,2023-06-15T23:07:20+00:00
BRA_116696,Brasília,5300108,,Piracicabana,0.110,https://moovitapp.com/index/pt-br/transporte_p%C3%BAblico-line-0_110-Brasilia-1702-850942-339284-0,-1.0,-15.79377,-47.89,,,,,2023-06-15T23:07:21+00:00
BRA_115878,Brasília,5300108,,Piracicabana,0.509,https://moovitapp.com/index/pt-br/transporte_p%C3%BAblico-line-0_509-Brasilia-1702-850942-242397-0,-1.0,-15.65665,-47.80401,,,,,2023-06-15T23:07:21+00:00
BRA_117269,Brasília,5300108,,Piracicabana,616.8,https://moovitapp.com/index/pt-br/transporte_p%C3%BAblico-line-616_8-Brasilia-1702-850942-128977718-0,-1.0,-15.73322,-47.89307,,,,,2023-06-15T23:07:21+00:00
BRA_118907,Brasília,5300108,,Piracicabana,620.1,https://moovitapp.com/index/pt-br/transporte_p%C3%BAblico-line-620_1-Brasilia-1702-850942-697955-0,-1.0,-15.61843,-47.65446,,,,,2023-06-15T23:07:21+00:00
BRA_119172,Brasília,5300108,,Piracicabana,505.5,https://moovitapp.com/index/pt-br/transporte_p%C3%BAblico-line-505_5-Brasilia-1702-850942-651521-0,-1.0,-15.63034,-47.82986,,,,,2023-06-15T23:07:22+00:00
BRA_116190,Brasília,5300108,,Piracicabana,504.1,https://moovitapp.com/index/pt-br/transporte_p%C3%BAblico-line-504_1-Brasilia-1702-850942-242476-0,-1.0,-15.62005,-47.71547,,,,,2023-06-15T23:07:22+00:00
BRA_115908,Brasília,5300108,,Piracicabana,505.8,https://moovitapp.com/index/pt-br/transporte_p%C3%BAblico-line-505_8-Brasilia-1702-850942-339297-0,-1.0,-15.66008,-47.85456,,,,,2023-06-15T23:07:23+00:00
BRA_118711,Brasília,5300108,,Piracicabana,158.1,https://moovitapp.com/index/pt-br/transporte_p%C3%BAblico-line-158_1-Brasilia-1702-850942-775094-0,-1.0,-15.78923,-47.94288,,,,,2023-06-15T23:07:24+00:00
BRA_120791,Brasília,5300108,,Piracicabana,136.5,https://moovitapp.com/index/pt-br/transporte_p%C3%BAblico-line-136_5-Brasilia-1702-850942-516628-0,-1.0,-15.73452,-47.8633,,,,,2023-06-15T23:07:24+00:00
BRA_117285,Brasília,5300108,,Piracicabana,0.620,https://moovitapp.com/index/pt-br/transporte_p%C3%BAblico-line-0_620-Brasilia-1702-850942-470748-0,-1.0,-15.62994,-47.65174,,,,,2023-06-15T23:07:24+00:00
BRA_117307,Brasília,5300108,,Piracicabana,616.3,https://moovitapp.com/index/pt-br/transporte_p%C3%BAblico-line-616_3-Brasilia-1702-850942-242500-0,-1.0,-15.71749,-47.89809,,,,,2023-06-15T23:07:24+00:00
BRA_117056,Brasília,5300108,,Piracicabana,0.032,https://moovitapp.com/index/pt-br/transporte_p%C3%BAblico-line-0_032-Brasilia-1702-850942-786257-0,-1.0,-15.83631,-47.93325,,,,1,2023-06-15T23:07:24+00:00
BRA_117820,Brasília,5300108,,Piracicabana,128.1,https://moovitapp.com/index/pt-br/transporte_p%C3%BAblico-line-128_1-Brasilia-1702-850942-53234107-0,-1.0,-15.76309,-47.8909,,,,,2023-06-15T23:07:24+00:00
BRA_116629,Brasília,5300108,,Piracicabana,0.023,https://moovitapp.com/index/pt-br/transporte_p%C3%BAblico-line-0_023-Brasilia-1702-850942-775082-0,-1.0,-15.8255,-47.92415,,,,,2023-06-15T23:07:25+00:00
BRA_116181,Brasília,5300108,,Piracicabana,601.2,https://moovitapp.com/index/pt-br/transporte_p%C3%BAblico-line-601_2-Brasilia-1702-850942-322378-0,-1.0,-15.61312,-47.65471,,,,,2023-06-15T23:07:25+00:00
BRA_120987,Brasília,5300108,,Piracicabana,0.624,https://moovitapp.com/index/pt-br/transporte_p%C3%BAblico-line-0_624-Brasilia-1702-850942-470749-0,-1.0,-15.62817,-47.65691,,,,,2023-06-15T23:07:25+00:00
BRA_118991,Brasília,5300108,,Piracicabana,105.2,https://moovitapp.com/index/pt-br/transporte_p%C3%BAblico-line-105_2-Brasilia-1702-850942-12015265-0,-1.0,-15.77619,-47.87409,,,,,2023-06-15T23:07:25+00:00
BRA_120936,Brasília,5300108,,Piracicabana,0.509,https://moovitapp.com/index/pt-br/transporte_p%C3%BAblico-line-0_509-Brasilia-1702-850942-242397-0,-1.0,-15.65651,-47.80489,,,,,2023-06-15T23:07:26+00:00
BRA_115941,Brasília,5300108,,Piracicabana,0.513,https://moovitapp.com/index/pt-br/transporte_p%C3%BAblico-line-0_513-Brasilia-1702-850942-242399-0,-1.0,-15.66963,-47.81429,,,,,2023-06-15T23:07:26+00:00
BRA_117218,Brasília,5300108,,Piracicabana,0.620,https://moovitapp.com/index/pt-br/transporte_p%C3%BAblico-line-0_620-Brasilia-1702-850942-470748-0,-1.0,-15.619,-47.65876,,,,,2023-06-15T23:07:27+00:00
BRA_117668,Brasília,5300108,,Piracicabana,136.7,https://moovitapp.com/index/pt-br/transporte_p%C3%BAblico-line-136_7-Brasilia-1702-850942-242451-0,-1.0,-15.76807,-47.87529,,,,,2023-06-15T23:07:27+00:00
BRA_117421,Brasília,5300108,,Piracicabana,616.8,https://moovitapp.com/index/pt-br/transporte_p%C3%BAblico-line-616_8-Brasilia-1702-850942-128977718-0,-1.0,-15.6036,-47.6858,,,,,2023-06-15T23:07:27+00:00
BRA_116521,Brasília,5300108,,Piracicabana,0.151,https://moovitapp.com/index/pt-br/transporte_p%C3%BAblico-line-0_151-Brasilia-1702-850942-775087-0,-1.0,-15.79656,-47.94452,,,,,2023-06-15T23:07:27+00:00
BRA_120251,Brasília,5300108,,Piracicabana,067.3,https://moovitapp.com/index/pt-br/transporte_p%C3%BAblico-line-067_3-Brasilia-1702-850942-339294-0,-1.0,-15.67935,-47.65278,,,,,2023-06-15T23:07:27+00:00
BRA_119873,Brasília,5300108,,Piracicabana,617.2,https://moovitapp.com/index/pt-br/transporte_p%C3%BAblico-line-617_2-Brasilia-1702-850942-242504-0,-1.0,-15.64803,-47.65569,,,,,2023-06-15T23:07:28+00:00
BRA_118010,Brasília,5300108,,Piracicabana,105.2,https://moovitapp.com/index/pt-br/transporte_p%C3%BAblico-line-105_2-Brasilia-1702-850942-12015265-0,-1.0,-15.78427,-47.88778,,,,,2023-06-15T23:07:29+00:00
BRA_120898,Brasília,5300108,,Piracicabana,0.151,https://moovitapp.com/index/pt-br/transporte_p%C3%BAblico-line-0_151-Brasilia-1702-850942-775087-0,-1.0,-15.78427,-47.91694,,,,,2023-06-15T23:07:29+00:00
BRA_121037,Brasília,5300108,,Piracicabana,162.1,https://moovitapp.com/index/pt-br/transporte_p%C3%BAblico-line-162_1-Brasilia-1702-850942-762425-0,-1.0,-15.81718,-47.9375,,,,,2023-06-15T23:07:29+00:00
BRA_120375,Brasília,5300108,,Piracicabana,0.601,https://moovitapp.com/index/pt-br/transporte_p%C3%BAblico-line-0_601-Brasilia-1702-850942-242411-0,-1.0,-15.8026,-47.88573,,,,,2023-06-15T23:07:29+00:00
BRA_120464,Brasília,5300108,,Piracicabana,128.1,https://moovitapp.com/index/pt-br/transporte_p%C3%BAblico-line-128_1-Brasilia-1702-850942-53234107-0,-1.0,-15.79321,-47.8822,,,,,2023-06-15T23:07:30+00:00
BRA_119881,Brasília,5300108,,Piracicabana,0.600,https://moovitapp.com/index/pt-br/transporte_p%C3%BAblico-line-0_600-Brasilia-1702-850942-242410-0,-1.0,-15.63477,-47.74093,,,,,2023-06-15T23:07:30+00:00
BRA_117790,Brasília,5300108,,Piracicabana,504.4,https://moovitapp.com/index/pt-br/transporte_p%C3%BAblico-line-504_4-Brasilia-1702-850942-771759-0,-1.0,-15.64046,-47.82029,,,,,2023-06-15T23:07:30+00:00
BRA_117650,Brasília,5300108,,Piracicabana,0.169,https://moovitapp.com/index/pt-br/transporte_p%C3%BAblico-line-0_169-Brasilia-1702-850942-242393-0,-1.0,-15.78516,-47.88789,,,,,2023-06-15T23:07:30+00:00
BRA_115665,Brasília,5300108,,Piracicabana,643.2,https://moovitapp.com/index/pt-br/transporte_p%C3%BAblico-line-643_2-Brasilia-1702-850942-128977732-0,-1.0,-15.6301,-47.69753,,,,,2023-06-15T23:07:30+00:00
BRA_117251,Brasília,5300108,,Piracicabana,0.504,https://moovitapp.com/index/pt-br/transporte_p%C3%BAblico-line-0_504-Brasilia-1702-850942-781321-0,-1.0,-15.6506,-47.77522,,,,,2023-06-15T23:07:31+00:00
BRA_117480,Brasília,5300108,,Piracicabana,501.3,https://moovitapp.com/index/pt-br/transporte_p%C3%BAblico-line-501_3-Brasilia-1702-850942-242472-0,-1.0,-15.64502,-47.81953,,,,,2023-06-15T23:07:31+00:00
BRA_120162,Brasília,5300108,,Piracicabana,0.511,https://moovitapp.com/index/pt-br/transporte_p%C3%BAblico-line-0_511-Brasilia-1702-850942-770023-0,-1.0,-15.65042,-47.789,,,,,2023-06-15T23:07:31+00:00
BRA_118982,Brasília,5300108,,Piracicabana,0.517,https://moovitapp.com/index/pt-br/transporte_p%C3%BAblico-line-0_517-Brasilia-1702-850942-242400-0,-1.0,-15.70002,-47.88273,,,,,2023-06-15T23:07:31+00:00
BRA_118915,Brasília,5300108,,Piracicabana,0.620,https://moovitapp.com/index/pt-br/transporte_p%C3%BAblico-line-0_620-Brasilia-1702-850942-470748-0,-1.0,-15.82322,-47.93529,,,,,2023-06-15T23:07:32+00:00
BRA_120596,Brasília,5300108,,Piracicabana,0.600,https://moovitapp.com/index/pt-br/transporte_p%C3%BAblico-line-0_600-Brasilia-1702-850942-242410-0,-1.0,-15.61485,-47.64977,,,,,2023-06-15T23:07:32+00:00
BRA_117561,Brasília,5300108,,Piracicabana,062.5,https://moovitapp.com/index/pt-br/transporte_p%C3%BAblico-line-062_5-Brasilia-1702-850942-339835-0,-1.0,-15.67875,-47.82771,,,,,2023-06-15T23:07:32+00:00
BRA_117234,Brasília,5300108,,Piracicabana,504.1,https://moovitapp.com/index/pt-br/transporte_p%C3%BAblico-line-504_1-Brasilia-1702-850942-242476-0,-1.0,-15.65061,-47.7745,,,,,2023-06-15T23:07:32+00:00
BRA_117897,Brasília,5300108,,Piracicabana,630.1,https://moovitapp.com/index/pt-br/transporte_p%C3%BAblico-line-630_1-Brasilia-1702-850942-476290-0,-1.0,-15.59514,-47.66708,,,,,2023-06-15T23:07:32+00:00
BRA_115339,Brasília,5300108,,Piracicabana,0.109,https://moovitapp.com/index/pt-br/transporte_p%C3%BAblico-line-0_109-Brasilia-1702-850942-139332631-0,-1.0,-15.79479,-47.87677,,,,,2023-06-15T23:07:32+00:00
BRA_115991,Brasília,5300108,,Piracicabana,512.1,https://moovitapp.com/index/pt-br/transporte_p%C3%BAblico-line-512_1-Brasilia-1702-850942-474401-0,-1.0,-15.72395,-47.89561,,,,,2023-06-15T23:07:33+00:00
BRA_115801,Brasília,5300108,,Piracicabana,531.1,https://moovitapp.com/index/pt-br/transporte_p%C3%BAblico-line-531_1-Brasilia-1702-850942-476289-0,-1.0,-15.63846,-47.84175,,,,,2023-06-15T23:07:33+00:00
BRA_117927,Brasília,5300108,,Piracicabana,616.5,https://moovitapp.com/index/pt-br/transporte_p%C3%BAblico-line-616_5-Brasilia-1702-850942-504336-0,-1.0,-15.60805,-47.69272,,,,,2023-06-15T23:07:33+00:00
BRA_117196,Brasília,5300108,,Piracicabana,505.8,https://moovitapp.com/index/pt-br/transporte_p%C3%BAblico-line-505_8-Brasilia-1702-850942-339297-0,-1.0,-15.64889,-47.78508,,,,,2023-06-15T23:07:33+00:00
BRA_119814,Brasília,5300108,,Piracicabana,0.641,https://moovitapp.com/index/pt-br/transporte_p%C3%BAblico-line-0_641-Brasilia-1702-850942-242424-0,-1.0,-15.59907,-47.67646,,,,,2023-06-15T23:07:33+00:00
BRA_121100,Brasília,5300108,,Piracicabana,0.641,https://moovitapp.com/index/pt-br/transporte_p%C3%BAblico-line-0_641-Brasilia-1702-850942-242424-0,-1.0,-15.74883,-47.89567,,,,,2023-06-15T23:07:33+00:00
BRA_117293,Brasília,5300108,,Piracicabana,600.3,https://moovitapp.com/index/pt-br/transporte_p%C3%BAblico-line-600_3-Brasilia-1702-850942-494156-0,-1.0,-15.72776,-47.89485,,,,,2023-06-15T23:07:34+00:00
BRA_117889,Brasília,5300108,,Piracicabana,616.8,https://moovitapp.com/index/pt-br/transporte_p%C3%BAblico-line-616_8-Brasilia-1702-850942-128977718-0,-1.0,-15.63611,-47.65163,,,,,2023-06-15T23:07:35+00:00
BRA_118389,Brasília,5300108,,Piracicabana,110.2,https://moovitapp.com/index/pt-br/transporte_p%C3%BAblico-line-110_2-Brasilia-1702-850942-339295-0,-1.0,-15.79232,-47.88415,,,,,2023-06-15T23:07:35+00:00
BRA_118231,Brasília,5300108,,Piracicabana,0.114,https://moovitapp.com/index/pt-br/transporte_p%C3%BAblico-line-0_114-Brasilia-1702-850942-242379-0,-1.0,-15.82938,-47.90699,,,,,2023-06-15T23:07:35+00:00
BRA_119377,Brasília,5300108,,Piracicabana,505.3,https://moovitapp.com/index/pt-br/transporte_p%C3%BAblico-line-505_3-Brasilia-1702-850942-352626-0,-1.0,-15.63701,-47.8336,,,,,2023-06-15T23:07:35+00:00
BRA_118966,Brasília,5300108,,Piracicabana,616.8,https://moovitapp.com/index/pt-br/transporte_p%C3%BAblico-line-616_8-Brasilia-1702-850942-128977718-0,-1.0,-15.82987,-47.92976,,,,,2023-06-15T23:07:35+00:00
BRA_119750,Brasília,5300108,,Piracicabana,512.1,https://moovitapp.com/index/pt-br/transporte_p%C3%BAblico-line-512_1-Brasilia-1702-850942-474401-0,-1.0,-15.64439,-47.79664,,,,,2023-06-15T23:07:36+00:00
BRA_120405,Brasília,5300108,,Piracicabana,066.2,https://moovitapp.com/index/pt-br/transporte_p%C3%BAblico-line-066_2-Brasilia-1702-850942-339293-0,-1.0,-15.62265,-47.65932,,,,,2023-06-15T23:07:36+00:00
