bus_id,city,city_code,adapted,agency,line_code,line_url,line_fare,latitude,longitude,bus_speed,is_eletric,bus_type,bus_direction,updated_at
BRA_338249,Brasília,5300108,,Urbi,870.1,https://moovitapp.com/index/pt-br/transporte_p%C3%BAblico-line-870_1-Brasilia-1702-851595-715272-0,-1.0,-15.9209,-48.10831,0.0,,,1,2023-06-17T00:41:30+00:00
BRA_337617,Brasília,5300108,,Urbi,807.6,https://moovitapp.com/index/pt-br/transporte_p%C3%BAblico-line-807_6-Brasilia-1702-851595-334092-0,-1.0,-15.91179,-48.09405,0.0,,,1,2023-06-17T09:28:44+00:00
BRA_337218,Brasília,5300108,,Urbi,0.809,https://moovitapp.com/index/pt-br/transporte_p%C3%BAblico-line-0_809-Brasilia-1702-851595-516630-0,-1.0,-15.79294,-47.88279,0.0,,,2,2023-06-17T09:38:51+00:00
BRA_335584,Brasília,5300108,,Urbi,0.050,https://moovitapp.com/index/pt-br/transporte_p%C3%BAblico-line-0_050-Brasilia-1702-851595-781325-0,-1.0,-15.85352,-48.07238,11.67,,,1,2023-06-17T09:45:30+00:00
BRA_340359,Brasília,5300108,,Urbi,0.367,https://moovitapp.com/index/pt-br/transporte_p%C3%BAblico-line-0_367-Brasilia-1702-851595-519380-0,-1.0,-15.8516,-48.06445,0.0,,,1,2023-06-17T09:50:24+00:00
BRA_340774,Brasília,5300108,,Urbi,0.841,https://moovitapp.com/index/pt-br/transporte_p%C3%BAblico-line-0_841-Brasilia-1702-851595-339302-0,-1.0,-15.81681,-48.00995,18.89,,,1,2023-06-17T09:55:00+00:00
BRA_338125,Brasília,5300108,,Urbi,0.806,https://moovitapp.com/index/pt-br/transporte_p%C3%BAblico-line-0_806-Brasilia-1702-851595-339299-0,-1.0,-15.90029,-47.96301,19.44,,,2,2023-06-17T09:56:54+00:00
BRA_340511,Brasília,5300108,,Urbi,0.391,https://moovitapp.com/index/pt-br/transporte_p%C3%BAblico-line-0_391-Brasilia-1702-851595-372354-0,-1.0,-15.87487,-48.1064,8.33,,,1,2023-06-17T09:58:19+00:00
BRA_335380,Brasília,5300108,,Urbi,373.2,https://moovitapp.com/index/pt-br/transporte_p%C3%BAblico-line-373_2-Brasilia-1702-851595-334084-0,-1.0,-15.88678,-48.14719,12.22,,,2,2023-06-17T09:59:51+00:00
BRA_340332,Brasília,5300108,,Urbi,0.050,https://moovitapp.com/index/pt-br/transporte_p%C3%BAblico-line-0_050-Brasilia-1702-851595-781325-0,-1.0,-15.83959,-48.05737,4.17,,,1,2023-06-17T10:00:13+00:00
BRA_337510,Brasília,5300108,,Urbi,0.809,https://moovitapp.com/index/pt-br/transporte_p%C3%BAblico-line-0_809-Brasilia-1702-851595-516630-0,-1.0,-15.87089,-47.97376,11.39,,,1,2023-06-17T10:00:36+00:00
BRA_337129,Brasília,5300108,,Urbi,0.810,https://moovitapp.com/index/pt-br/transporte_p%C3%BAblico-line-0_810-Brasilia-1702-851595-363856-0,-1.0,-15.8689,-47.96976,0.0,,,1,2023-06-17T10:00:44+00:00
BRA_338362,Brasília,5300108,,Urbi,0.818,https://moovitapp.com/index/pt-br/transporte_p%C3%BAblico-line-0_818-Brasilia-1702-851595-242550-0,-1.0,-15.7962,-47.94882,7.5,,,1,2023-06-17T10:00:46+00:00
BRA_338150,Brasília,5300108,,Urbi,870.1,https://moovitapp.com/index/pt-br/transporte_p%C3%BAblico-line-870_1-Brasilia-1702-851595-715272-0,-1.0,-15.87438,-48.03643,18.89,,,2,2023-06-17T10:00:50+00:00
BRA_337404,Brasília,5300108,,Urbi,807.1,https://moovitapp.com/index/pt-br/transporte_p%C3%BAblico-line-807_1-Brasilia-1702-851595-322407-0,-1.0,-15.90354,-48.07177,0.0,,,2,2023-06-17T10:00:50+00:00
BRA_338427,Brasília,5300108,,Urbi,0.809,https://moovitapp.com/index/pt-br/transporte_p%C3%BAblico-line-0_809-Brasilia-1702-851595-516630-0,-1.0,-15.87492,-48.03236,8.89,,,2,2023-06-17T10:00:52+00:00
BRA_337595,Brasília,5300108,,Urbi,0.811,https://moovitapp.com/index/pt-br/transporte_p%C3%BAblico-line-0_811-Brasilia-1702-851595-334078-0,-1.0,-15.73596,-47.90706,0.0,,,2,2023-06-17T10:00:56+00:00
BRA_337765,Brasília,5300108,,Urbi,805.9,https://moovitapp.com/index/pt-br/transporte_p%C3%BAblico-line-805_9-Brasilia-1702-851595-454983-0,-1.0,-15.90321,-48.06199,1.94,,,1,2023-06-17T10:00:57+00:00
BRA_336505,Brasília,5300108,,Urbi,0.813,https://moovitapp.com/index/pt-br/transporte_p%C3%BAblico-line-0_813-Brasilia-1702-851595-651523-0,-1.0,-15.82091,-47.91773,12.5,,,1,2023-06-17T10:00:57+00:00
BRA_336432,Brasília,5300108,,Urbi,0.881,https://moovitapp.com/index/pt-br/transporte_p%C3%BAblico-line-0_881-Brasilia-1702-851595-363857-0,-1.0,-15.80062,-47.91699,15.56,,,1,2023-06-17T10:00:57+00:00
BRA_340464,Brasília,5300108,,Urbi,0.163,https://moovitapp.com/index/pt-br/transporte_p%C3%BAblico-line-0_163-Brasilia-1702-851595-352629-0,-1.0,-15.79013,-47.9009,15.83,,,1,2023-06-17T10:00:57+00:00
BRA_340413,Brasília,5300108,,Urbi,372.4,https://moovitapp.com/index/pt-br/transporte_p%C3%BAblico-line-372_4-Brasilia-1702-851595-650087-0,-1.0,-15.86461,-48.09358,11.94,,,1,2023-06-17T10:00:57+00:00
BRA_340243,Brasília,5300108,,Urbi,0.082,https://moovitapp.com/index/pt-br/transporte_p%C3%BAblico-line-0_082-Brasilia-1702-851595-781326-0,-1.0,-15.75541,-47.9262,19.72,,,1,2023-06-17T10:00:58+00:00
BRA_336645,Brasília,5300108,,Urbi,0.394,https://moovitapp.com/index/pt-br/transporte_p%C3%BAblico-line-0_394-Brasilia-1702-851595-334076-0,-1.0,-15.82842,-48.0326,18.61,,,1,2023-06-17T10:00:58+00:00
BRA_336611,Brasília,5300108,,Urbi,0.871,https://moovitapp.com/index/pt-br/transporte_p%C3%BAblico-line-0_871-Brasilia-1702-851595-418741-0,-1.0,-15.7848,-47.91471,7.78,,,2,2023-06-17T10:01:02+00:00
BRA_337234,Brasília,5300108,,Urbi,805.2,https://moovitapp.com/index/pt-br/transporte_p%C3%BAblico-line-805_2-Brasilia-1702-851595-454981-0,-1.0,-15.9235,-48.10431,4.72,,,1,2023-06-17T10:01:03+00:00
BRA_335371,Brasília,5300108,,Urbi,0.129,https://moovitapp.com/index/pt-br/transporte_p%C3%BAblico-line-0_129-Brasilia-1702-851595-775097-0,-1.0,-15.83846,-47.8672,15.0,,,1,2023-06-17T10:01:04+00:00
BRA_335657,Brasília,5300108,,Urbi,0.821,https://moovitapp.com/index/pt-br/transporte_p%C3%BAblico-line-0_821-Brasilia-1702-851595-334080-0,-1.0,-15.87789,-48.00548,0.0,,,1,2023-06-17T10:01:04+00:00
BRA_340049,Brasília,5300108,,Urbi,396.2,https://moovitapp.com/index/pt-br/transporte_p%C3%BAblico-line-396_2-Brasilia-1702-851595-372377-0,-1.0,-15.87615,-47.98614,18.61,,,1,2023-06-17T10:01:06+00:00
BRA_337170,Brasília,5300108,,Urbi,870.1,https://moovitapp.com/index/pt-br/transporte_p%C3%BAblico-line-870_1-Brasilia-1702-851595-715272-0,-1.0,-15.84364,-47.94176,2.5,,,2,2023-06-17T10:01:08+00:00
BRA_340022,Brasília,5300108,,Urbi,397.2,https://moovitapp.com/index/pt-br/transporte_p%C3%BAblico-line-397_2-Brasilia-1702-851595-890938-0,-1.0,-15.80128,-48.12343,5.56,,,1,2023-06-17T10:01:10+00:00
BRA_340081,Brasília,5300108,,Urbi,396.3,https://moovitapp.com/index/pt-br/transporte_p%C3%BAblico-line-396_3-Brasilia-1702-851595-372378-0,-1.0,-15.8196,-47.91592,0.0,,,1,2023-06-17T10:01:12+00:00
BRA_338273,Brasília,5300108,,Urbi,874.4,https://moovitapp.com/index/pt-br/transporte_p%C3%BAblico-line-874_4-Brasilia-1702-851595-775106-0,-1.0,-15.88147,-48.06097,8.06,,,2,2023-06-17T10:01:12+00:00
BRA_338508,Brasília,5300108,,Urbi,0.810,https://moovitapp.com/index/pt-br/transporte_p%C3%BAblico-line-0_810-Brasilia-1702-851595-363856-0,-1.0,-15.87404,-48.03858,13.61,,,2,2023-06-17T10:01:12+00:00
BRA_335606,Brasília,5300108,,Urbi,372.5,https://moovitapp.com/index/pt-br/transporte_p%C3%BAblico-line-372_5-Brasilia-1702-851595-519391-0,-1.0,-15.81499,-48.06348,10.83,,,1,2023-06-17T10:01:13+00:00
BRA_337064,Brasília,5300108,,Urbi,038.1,https://moovitapp.com/index/pt-br/transporte_p%C3%BAblico-line-038_1-Brasilia-1702-851595-781327-0,-1.0,-15.86944,-48.03105,14.72,,,1,2023-06-17T10:01:13+00:00
BRA_337099,Brasília,5300108,,Urbi,0.812,https://moovitapp.com/index/pt-br/transporte_p%C3%BAblico-line-0_812-Brasilia-1702-851595-697958-0,-1.0,-15.93103,-48.11086,8.61,,,1,2023-06-17T10:01:13+00:00
BRA_337625,Brasília,5300108,,Urbi,813.2,https://moovitapp.com/index/pt-br/transporte_p%C3%BAblico-line-813_2-Brasilia-1702-851595-242636-0,-1.0,-15.8948,-48.05619,16.11,,,1,2023-06-17T10:01:13+00:00
BRA_337943,Brasília,5300108,,Urbi,0.809,https://moovitapp.com/index/pt-br/transporte_p%C3%BAblico-line-0_809-Brasilia-1702-851595-516630-0,-1.0,-15.93128,-48.11158,3.61,,,2,2023-06-17T10:01:14+00:00
BRA_338583,Brasília,5300108,,Urbi,813.2,https://moovitapp.com/index/pt-br/transporte_p%C3%BAblico-line-813_2-Brasilia-1702-851595-242636-0,-1.0,-15.80138,-47.89428,7.78,,,1,2023-06-17T10:01:15+00:00
BRA_335339,Brasília,5300108,,Urbi,372.9,https://moovitapp.com/index/pt-br/transporte_p%C3%BAblico-line-372_9-Brasilia-1702-851595-519392-0,-1.0,-15.88412,-48.14987,0.0,,,2,2023-06-17T10:01:16+00:00
BRA_337731,Brasília,5300108,,Urbi,870.7,https://moovitapp.com/index/pt-br/transporte_p%C3%BAblico-line-870_7-Brasilia-1702-851595-531037-0,-1.0,-15.87612,-47.98946,16.94,,,2,2023-06-17T10:01:16+00:00
BRA_340731,Brasília,5300108,,Urbi,396.2,https://moovitapp.com/index/pt-br/transporte_p%C3%BAblico-line-396_2-Brasilia-1702-851595-372377-0,-1.0,-15.7359,-47.90713,0.0,,,2,2023-06-17T10:01:16+00:00
BRA_338664,Brasília,5300108,,Urbi,0.886,https://moovitapp.com/index/pt-br/transporte_p%C3%BAblico-line-0_886-Brasilia-1702-851595-704024-0,-1.0,-15.81603,-48.10244,15.28,,,1,2023-06-17T10:01:17+00:00
BRA_335363,Brasília,5300108,,Urbi,0.821,https://moovitapp.com/index/pt-br/transporte_p%C3%BAblico-line-0_821-Brasilia-1702-851595-334080-0,-1.0,-15.86736,-47.96757,10.28,,,2,2023-06-17T10:01:17+00:00
BRA_335754,Brasília,5300108,,Urbi,0.373,https://moovitapp.com/index/pt-br/transporte_p%C3%BAblico-line-0_373-Brasilia-1702-851595-334072-0,-1.0,-15.89004,-48.1403,9.17,,,2,2023-06-17T10:01:18+00:00
BRA_336530,Brasília,5300108,,Urbi,0.813,https://moovitapp.com/index/pt-br/transporte_p%C3%BAblico-line-0_813-Brasilia-1702-851595-651523-0,-1.0,-15.90609,-48.07983,11.94,,,1,2023-06-17T10:01:18+00:00
BRA_338133,Brasília,5300108,,Urbi,0.811,https://moovitapp.com/index/pt-br/transporte_p%C3%BAblico-line-0_811-Brasilia-1702-851595-334078-0,-1.0,-15.79377,-47.8902,19.72,,,1,2023-06-17T10:01:18+00:00
BRA_340782,Brasília,5300108,,Urbi,0.129,https://moovitapp.com/index/pt-br/transporte_p%C3%BAblico-line-0_129-Brasilia-1702-851595-775097-0,-1.0,-15.82725,-47.80874,19.44,,,2,2023-06-17T10:01:19+00:00
BRA_335401,Brasília,5300108,,Urbi,391.3,https://moovitapp.com/index/pt-br/transporte_p%C3%BAblico-line-391_3-Brasilia-1702-851595-372373-0,-1.0,-15.86207,-48.0753,0.0,,,2,2023-06-17T10:01:19+00:00
BRA_339881,Brasília,5300108,,Urbi,391.3,https://moovitapp.com/index/pt-br/transporte_p%C3%BAblico-line-391_3-Brasilia-1702-851595-372373-0,-1.0,-15.73591,-47.90716,0.0,,,2,2023-06-17T10:01:20+00:00
BRA_340529,Brasília,5300108,,Urbi,0.082,https://moovitapp.com/index/pt-br/transporte_p%C3%BAblico-line-0_082-Brasilia-1702-851595-781326-0,-1.0,-15.86816,-47.96182,5.56,,,1,2023-06-17T10:01:21+00:00
BRA_337641,Brasília,5300108,,Urbi,872.1,https://moovitapp.com/index/pt-br/transporte_p%C3%BAblico-line-872_1-Brasilia-1702-851595-470760-0,-1.0,-15.95405,-48.00833,0.0,,,1,2023-06-17T10:01:22+00:00
BRA_336904,Brasília,5300108,,Urbi,0.087,https://moovitapp.com/index/pt-br/transporte_p%C3%BAblico-line-0_087-Brasilia-1702-851595-242519-0,-1.0,-15.80389,-47.959,15.83,,,1,2023-06-17T10:01:22+00:00
BRA_338222,Brasília,5300108,,Urbi,871.3,https://moovitapp.com/index/pt-br/transporte_p%C3%BAblico-line-871_3-Brasilia-1702-851595-588820-0,-1.0,-15.80405,-47.89662,9.72,,,1,2023-06-17T10:01:22+00:00
BRA_337927,Brasília,5300108,,Urbi,0.087,https://moovitapp.com/index/pt-br/transporte_p%C3%BAblico-line-0_087-Brasilia-1702-851595-242519-0,-1.0,-15.86806,-47.96208,6.39,,,1,2023-06-17T10:01:22+00:00
BRA_339890,Brasília,5300108,,Urbi,0.160,https://moovitapp.com/index/pt-br/transporte_p%C3%BAblico-line-0_160-Brasilia-1702-851595-470755-0,-1.0,-15.84554,-47.95382,15.83,,,1,2023-06-17T10:01:23+00:00
BRA_338109,Brasília,5300108,,Urbi,0.808,https://moovitapp.com/index/pt-br/transporte_p%C3%BAblico-line-0_808-Brasilia-1702-851595-372359-0,-1.0,-15.83176,-48.07769,14.17,,,2,2023-06-17T10:01:23+00:00
BRA_338320,Brasília,5300108,,Urbi,874.4,https://moovitapp.com/index/pt-br/transporte_p%C3%BAblico-line-874_4-Brasilia-1702-851595-775106-0,-1.0,-15.90984,-48.06445,5.0,,,1,2023-06-17T10:01:24+00:00
BRA_336840,Brasília,5300108,,Urbi,807.2,https://moovitapp.com/index/pt-br/transporte_p%C3%BAblico-line-807_2-Brasilia-1702-851595-781329-0,-1.0,-15.90375,-48.07048,3.61,,,1,2023-06-17T10:01:24+00:00
BRA_340570,Brasília,5300108,,Urbi,372.3,https://moovitapp.com/index/pt-br/transporte_p%C3%BAblico-line-372_3-Brasilia-1702-851595-641001-0,-1.0,-15.85406,-48.07312,12.22,,,1,2023-06-17T10:01:24+00:00
BRA_339377,Brasília,5300108,,Urbi,0.340,https://moovitapp.com/index/pt-br/transporte_p%C3%BAblico-line-0_340-Brasilia-1702-851595-641378-0,-1.0,-15.94155,-48.2296,2.22,,,2,2023-06-17T10:01:25+00:00
BRA_338532,Brasília,5300108,,Urbi,0.172,https://moovitapp.com/index/pt-br/transporte_p%C3%BAblico-line-0_172-Brasilia-1702-851595-470756-0,-1.0,-15.85256,-47.95505,10.56,,,1,2023-06-17T10:01:25+00:00
BRA_339229,Brasília,5300108,,Urbi,366.1,https://moovitapp.com/index/pt-br/transporte_p%C3%BAblico-line-366_1-Brasilia-1702-851595-425249-0,-1.0,-15.88398,-48.15005,0.0,,,1,2023-06-17T10:01:26+00:00
BRA_340642,Brasília,5300108,,Urbi,367.2,https://moovitapp.com/index/pt-br/transporte_p%C3%BAblico-line-367_2-Brasilia-1702-851595-454971-0,-1.0,-15.86207,-48.0753,3.89,,,1,2023-06-17T10:01:26+00:00
BRA_340502,Brasília,5300108,,Urbi,0.056,https://moovitapp.com/index/pt-br/transporte_p%C3%BAblico-line-0_056-Brasilia-1702-851595-588804-0,-1.0,-15.84521,-48.11217,10.56,,,1,2023-06-17T10:01:27+00:00
BRA_336629,Brasília,5300108,,Urbi,813.1,https://moovitapp.com/index/pt-br/transporte_p%C3%BAblico-line-813_1-Brasilia-1702-851595-242635-0,-1.0,-15.80797,-47.96982,12.5,,,1,2023-06-17T10:01:28+00:00
BRA_338257,Brasília,5300108,,Urbi,870.1,https://moovitapp.com/index/pt-br/transporte_p%C3%BAblico-line-870_1-Brasilia-1702-851595-715272-0,-1.0,-15.92964,-48.04045,17.5,,,1,2023-06-17T10:01:28+00:00
BRA_338001,Brasília,5300108,,Urbi,871.3,https://moovitapp.com/index/pt-br/transporte_p%C3%BAblico-line-871_3-Brasilia-1702-851595-588820-0,-1.0,-15.78516,-47.88789,14.72,,,2,2023-06-17T10:01:28+00:00
BRA_340499,Brasília,5300108,,Urbi,380.3,https://moovitapp.com/index/pt-br/transporte_p%C3%BAblico-line-380_3-Brasilia-1702-851595-504337-0,-1.0,-15.87366,-48.1041,13.61,,,1,2023-06-17T10:01:29+00:00
BRA_337897,Brasília,5300108,,Urbi,0.038,https://moovitapp.com/index/pt-br/transporte_p%C3%BAblico-line-0_038-Brasilia-1702-851595-687419-0,-1.0,-15.83185,-48.05885,6.39,,,1,2023-06-17T10:01:29+00:00
BRA_338176,Brasília,5300108,,Urbi,0.883,https://moovitapp.com/index/pt-br/transporte_p%C3%BAblico-line-0_883-Brasilia-1702-851595-510239-0,-1.0,-15.87572,-48.05963,13.61,,,1,2023-06-17T10:01:29+00:00
BRA_337811,Brasília,5300108,,Urbi,870.7,https://moovitapp.com/index/pt-br/transporte_p%C3%BAblico-line-870_7-Brasilia-1702-851595-531037-0,-1.0,-15.92732,-48.0458,10.28,,,1,2023-06-17T10:01:29+00:00
BRA_336319,Brasília,5300108,,Urbi,0.821,https://moovitapp.com/index/pt-br/transporte_p%C3%BAblico-line-0_821-Brasilia-1702-851595-334080-0,-1.0,-15.87694,-48.02014,3.06,,,2,2023-06-17T10:01:29+00:00
BRA_335878,Brasília,5300108,,Urbi,372.9,https://moovitapp.com/index/pt-br/transporte_p%C3%BAblico-line-372_9-Brasilia-1702-851595-519392-0,-1.0,-15.85147,-48.07252,7.78,,,1,2023-06-17T10:01:29+00:00
BRA_335665,Brasília,5300108,,Urbi,0.391,https://moovitapp.com/index/pt-br/transporte_p%C3%BAblico-line-0_391-Brasilia-1702-851595-372354-0,-1.0,-15.82427,-47.95041,18.06,,,1,2023-06-17T10:01:30+00:00
BRA_335321,Brasília,5300108,,Urbi,398.3,https://moovitapp.com/index/pt-br/transporte_p%C3%BAblico-line-398_3-Brasilia-1702-851595-706973-0,-1.0,-15.83213,-48.07727,8.61,,,1,2023-06-17T10:01:30+00:00
BRA_335924,Brasília,5300108,,Urbi,366.7,https://moovitapp.com/index/pt-br/transporte_p%C3%BAblico-line-366_7-Brasilia-1702-851595-650086-0,-1.0,-15.87996,-48.0929,0.0,,,2,2023-06-17T10:01:30+00:00
BRA_335495,Brasília,5300108,,Urbi,0.825,https://moovitapp.com/index/pt-br/transporte_p%C3%BAblico-line-0_825-Brasilia-1702-851595-334081-0,-1.0,-15.84436,-47.93523,18.61,,,2,2023-06-17T10:01:30+00:00
BRA_337544,Brasília,5300108,,Urbi,086.1,https://moovitapp.com/index/pt-br/transporte_p%C3%BAblico-line-086_1-Brasilia-1702-851595-481321-0,-1.0,-15.87329,-47.97239,10.83,,,1,2023-06-17T10:01:30+00:00
BRA_338231,Brasília,5300108,,Urbi,874.4,https://moovitapp.com/index/pt-br/transporte_p%C3%BAblico-line-874_4-Brasilia-1702-851595-775106-0,-1.0,-15.88898,-48.05807,16.67,,,1,2023-06-17T10:01:30+00:00
BRA_339024,Brasília,5300108,,Urbi,823.1,https://moovitapp.com/index/pt-br/transporte_p%C3%BAblico-line-823_1-Brasilia-1702-851595-3494520-0,-1.0,-15.89673,-48.04752,0.0,,,1,2023-06-17T10:01:30+00:00
BRA_340341,Brasília,5300108,,Urbi,366.1,https://moovitapp.com/index/pt-br/transporte_p%C3%BAblico-line-366_1-Brasilia-1702-851595-425249-0,-1.0,-15.90043,-48.12583,8.33,,,1,2023-06-17T10:01:30+00:00
BRA_340766,Brasília,5300108,,Urbi,373.2,https://moovitapp.com/index/pt-br/transporte_p%C3%BAblico-line-373_2-Brasilia-1702-851595-334084-0,-1.0,-15.86217,-48.0767,13.06,,,2,2023-06-17T10:01:30+00:00
BRA_339334,Brasília,5300108,,Urbi,396.2,https://moovitapp.com/index/pt-br/transporte_p%C3%BAblico-line-396_2-Brasilia-1702-851595-372377-0,-1.0,-15.82698,-47.9324,0.0,,,1,2023-06-17T10:01:30+00:00
BRA_339300,Brasília,5300108,,Urbi,0.054,https://moovitapp.com/index/pt-br/transporte_p%C3%BAblico-line-0_054-Brasilia-1702-851595-454960-0,-1.0,-15.84626,-48.04907,14.44,,,1,2023-06-17T10:01:30+00:00
BRA_340758,Brasília,5300108,,Urbi,366.7,https://moovitapp.com/index/pt-br/transporte_p%C3%BAblico-line-366_7-Brasilia-1702-851595-650086-0,-1.0,-15.89011,-48.14277,7.22,,,1,2023-06-17T10:01:31+00:00
BRA_336076,Brasília,5300108,,Urbi,206.2,https://moovitapp.com/index/pt-br/transporte_p%C3%BAblico-line-206_2-Brasilia-1702-851595-781328-0,-1.0,-16.02486,-48.06996,6.94,,,2,2023-06-17T10:01:31+00:00
BRA_336262,Brasília,5300108,,Urbi,0.380,https://moovitapp.com/index/pt-br/transporte_p%C3%BAblico-line-0_380-Brasilia-1702-851595-334073-0,-1.0,-15.87566,-48.1076,12.78,,,1,2023-06-17T10:01:31+00:00
BRA_336360,Brasília,5300108,,Urbi,398.1,https://moovitapp.com/index/pt-br/transporte_p%C3%BAblico-line-398_1-Brasilia-1702-851595-510241-0,-1.0,-15.78862,-48.13278,3.61,,,2,2023-06-17T10:01:32+00:00
BRA_336394,Brasília,5300108,,Urbi,0.380,https://moovitapp.com/index/pt-br/transporte_p%C3%BAblico-line-0_380-Brasilia-1702-851595-334073-0,-1.0,-15.80875,-47.97198,18.61,,,1,2023-06-17T10:01:32+00:00
BRA_336050,Brasília,5300108,,Urbi,366.7,https://moovitapp.com/index/pt-br/transporte_p%C3%BAblico-line-366_7-Brasilia-1702-851595-650086-0,-1.0,-15.89226,-48.13919,15.83,,,2,2023-06-17T10:01:32+00:00
BRA_338401,Brasília,5300108,,Urbi,084.1,https://moovitapp.com/index/pt-br/transporte_p%C3%BAblico-line-084_1-Brasilia-1702-851595-466292-0,-1.0,-15.78638,-47.93125,10.56,,,1,2023-06-17T10:01:32+00:00
BRA_340286,Brasília,5300108,,Urbi,0.054,https://moovitapp.com/index/pt-br/transporte_p%C3%BAblico-line-0_054-Brasilia-1702-851595-454960-0,-1.0,-15.90212,-48.12981,0.0,,,1,2023-06-17T10:01:32+00:00
BRA_336807,Brasília,5300108,,Urbi,0.380,https://moovitapp.com/index/pt-br/transporte_p%C3%BAblico-line-0_380-Brasilia-1702-851595-334073-0,-1.0,-15.83577,-48.0638,11.11,,,2,2023-06-17T10:01:32+00:00
BRA_336521,Brasília,5300108,,Urbi,0.818,https://moovitapp.com/index/pt-br/transporte_p%C3%BAblico-line-0_818-Brasilia-1702-851595-242550-0,-1.0,-15.90402,-48.06466,9.72,,,1,2023-06-17T10:01:33+00:00
BRA_340685,Brasília,5300108,,Urbi,0.399,https://moovitapp.com/index/pt-br/transporte_p%C3%BAblico-line-0_399-Brasilia-1702-851595-454964-0,-1.0,-15.84459,-48.11814,11.39,,,2,2023-06-17T10:01:33+00:00
BRA_339164,Brasília,5300108,,Urbi,805.2,https://moovitapp.com/index/pt-br/transporte_p%C3%BAblico-line-805_2-Brasilia-1702-851595-454981-0,-1.0,-15.90553,-48.07886,0.0,,,1,2023-06-17T10:01:33+00:00
BRA_338443,Brasília,5300108,,Urbi,0.368,https://moovitapp.com/index/pt-br/transporte_p%C3%BAblico-line-0_368-Brasilia-1702-851595-706971-0,-1.0,-15.84883,-48.04247,12.78,,,1,2023-06-17T10:01:33+00:00
BRA_337226,Brasília,5300108,,Urbi,0.898,https://moovitapp.com/index/pt-br/transporte_p%C3%BAblico-line-0_898-Brasilia-1702-851595-322394-0,-1.0,-15.94961,-48.03316,0.0,,,1,2023-06-17T10:01:33+00:00
BRA_335550,Brasília,5300108,,Urbi,0.341,https://moovitapp.com/index/pt-br/transporte_p%C3%BAblico-line-0_341-Brasilia-1702-851595-37928003-0,-1.0,-15.87637,-47.97729,4.72,,,1,2023-06-17T10:01:33+00:00
BRA_335983,Brasília,5300108,,Urbi,397.2,https://moovitapp.com/index/pt-br/transporte_p%C3%BAblico-line-397_2-Brasilia-1702-851595-890938-0,-1.0,-15.88156,-48.10893,4.17,,,1,2023-06-17T10:01:34+00:00
BRA_336254,Brasília,5300108,,Urbi,380.2,https://moovitapp.com/index/pt-br/transporte_p%C3%BAblico-line-380_2-Brasilia-1702-851595-334086-0,-1.0,-15.79451,-47.91254,11.67,,,2,2023-06-17T10:01:34+00:00
BRA_337587,Brasília,5300108,,Urbi,0.810,https://moovitapp.com/index/pt-br/transporte_p%C3%BAblico-line-0_810-Brasilia-1702-851595-363856-0,-1.0,-15.83241,-47.95142,0.28,,,1,2023-06-17T10:01:34+00:00
BRA_337501,Brasília,5300108,,Urbi,806.1,https://moovitapp.com/index/pt-br/transporte_p%C3%BAblico-line-806_1-Brasilia-1702-851595-775104-0,-1.0,-15.89066,-48.05758,13.33,,,1,2023-06-17T10:01:34+00:00
BRA_338885,Brasília,5300108,,Urbi,0.814,https://moovitapp.com/index/pt-br/transporte_p%C3%BAblico-line-0_814-Brasilia-1702-851595-492980-0,-1.0,-15.90689,-48.08297,0.0,,,1,2023-06-17T10:01:34+00:00
BRA_338265,Brasília,5300108,,Urbi,871.3,https://moovitapp.com/index/pt-br/transporte_p%C3%BAblico-line-871_3-Brasilia-1702-851595-588820-0,-1.0,-15.92343,-48.04704,14.17,,,1,2023-06-17T10:01:34+00:00
BRA_339938,Brasília,5300108,,Urbi,0.391,https://moovitapp.com/index/pt-br/transporte_p%C3%BAblico-line-0_391-Brasilia-1702-851595-372354-0,-1.0,-15.87702,-48.061,11.67,,,1,2023-06-17T10:01:35+00:00
BRA_336661,Brasília,5300108,,Urbi,0.394,https://moovitapp.com/index/pt-br/transporte_p%C3%BAblico-line-0_394-Brasilia-1702-851595-334076-0,-1.0,-15.88376,-48.0987,12.22,,,1,2023-06-17T10:01:35+00:00
BRA_339288,Brasília,5300108,,Urbi,0.391,https://moovitapp.com/index/pt-br/transporte_p%C3%BAblico-line-0_391-Brasilia-1702-851595-372354-0,-1.0,-15.73589,-47.90711,0.0,,,2,2023-06-17T10:01:35+00:00
BRA_340651,Brasília,5300108,,Urbi,0.050,https://moovitapp.com/index/pt-br/transporte_p%C3%BAblico-line-0_050-Brasilia-1702-851595-781325-0,-1.0,-15.88382,-48.14988,0.0,,,2,2023-06-17T10:01:35+00:00
BRA_338621,Brasília,5300108,,Urbi,813.2,https://moovitapp.com/index/pt-br/transporte_p%C3%BAblico-line-813_2-Brasilia-1702-851595-242636-0,-1.0,-15.86286,-47.95816,17.5,,,1,2023-06-17T10:01:35+00:00
BRA_339181,Brasília,5300108,,Urbi,393.4,https://moovitapp.com/index/pt-br/transporte_p%C3%BAblico-line-393_4-Brasilia-1702-851595-588816-0,-1.0,-15.81159,-48.06464,0.28,,,1,2023-06-17T10:01:35+00:00
BRA_337846,Brasília,5300108,,Urbi,0.810,https://moovitapp.com/index/pt-br/transporte_p%C3%BAblico-line-0_810-Brasilia-1702-851595-363856-0,-1.0,-15.79275,-47.91198,16.67,,,2,2023-06-17T10:01:35+00:00
BRA_337447,Brasília,5300108,,Urbi,807.9,https://moovitapp.com/index/pt-br/transporte_p%C3%BAblico-line-807_9-Brasilia-1702-851595-322409-0,-1.0,-15.91964,-48.05828,6.67,,,2,2023-06-17T10:01:35+00:00
BRA_337081,Brasília,5300108,,Urbi,807.9,https://moovitapp.com/index/pt-br/transporte_p%C3%BAblico-line-807_9-Brasilia-1702-851595-322409-0,-1.0,-15.91485,-48.05695,6.11,,,1,2023-06-17T10:01:35+00:00
BRA_336041,Brasília,5300108,,Urbi,0.844,https://moovitapp.com/index/pt-br/transporte_p%C3%BAblico-line-0_844-Brasilia-1702-851595-519386-0,-1.0,-15.83648,-48.06735,14.17,,,1,2023-06-17T10:01:35+00:00
BRA_336009,Brasília,5300108,,Urbi,372.9,https://moovitapp.com/index/pt-br/transporte_p%C3%BAblico-line-372_9-Brasilia-1702-851595-519392-0,-1.0,-15.79792,-48.01596,6.94,,,1,2023-06-17T10:01:35+00:00
BRA_335673,Brasília,5300108,,Urbi,0.129,https://moovitapp.com/index/pt-br/transporte_p%C3%BAblico-line-0_129-Brasilia-1702-851595-775097-0,-1.0,-15.8206,-47.80536,15.56,,,2,2023-06-17T10:01:35+00:00
BRA_335894,Brasília,5300108,,Urbi,393.7,https://moovitapp.com/index/pt-br/transporte_p%C3%BAblico-line-393_7-Brasilia-1702-851595-588818-0,-1.0,-15.83744,-48.05908,0.0,,,1,2023-06-17T10:01:36+00:00
BRA_336165,Brasília,5300108,,Urbi,0.878,https://moovitapp.com/index/pt-br/transporte_p%C3%BAblico-line-0_878-Brasilia-1702-851595-418743-0,-1.0,-15.80727,-47.9512,5.0,,,1,2023-06-17T10:01:36+00:00
BRA_337498,Brasília,5300108,,Urbi,807.9,https://moovitapp.com/index/pt-br/transporte_p%C3%BAblico-line-807_9-Brasilia-1702-851595-322409-0,-1.0,-15.9085,-48.06497,0.0,,,1,2023-06-17T10:01:36+00:00
BRA_340448,Brasília,5300108,,Urbi,0.825,https://moovitapp.com/index/pt-br/transporte_p%C3%BAblico-line-0_825-Brasilia-1702-851595-334081-0,-1.0,-15.84512,-47.93306,19.72,,,1,2023-06-17T10:01:36+00:00
BRA_340421,Brasília,5300108,,Urbi,366.1,https://moovitapp.com/index/pt-br/transporte_p%C3%BAblico-line-366_1-Brasilia-1702-851595-425249-0,-1.0,-15.86479,-48.057,5.56,,,2,2023-06-17T10:01:36+00:00
BRA_340367,Brasília,5300108,,Urbi,0.053,https://moovitapp.com/index/pt-br/transporte_p%C3%BAblico-line-0_053-Brasilia-1702-851595-588803-0,-1.0,-15.9017,-48.1274,6.67,,,1,2023-06-17T10:01:36+00:00
BRA_340391,Brasília,5300108,,Urbi,056.2,https://moovitapp.com/index/pt-br/transporte_p%C3%BAblico-line-056_2-Brasilia-1702-851595-492982-0,-1.0,-15.89351,-48.14861,13.06,,,1,2023-06-17T10:01:36+00:00
BRA_335851,Brasília,5300108,,Urbi,373.2,https://moovitapp.com/index/pt-br/transporte_p%C3%BAblico-line-373_2-Brasilia-1702-851595-334084-0,-1.0,-15.8546,-47.95525,11.39,,,1,2023-06-17T10:01:36+00:00
BRA_336882,Brasília,5300108,,Urbi,0.882,https://moovitapp.com/index/pt-br/transporte_p%C3%BAblico-line-0_882-Brasilia-1702-851595-363858-0,-1.0,-15.94974,-48.0334,0.0,,,1,2023-06-17T10:01:37+00:00
BRA_340588,Brasília,5300108,,Urbi,391.3,https://moovitapp.com/index/pt-br/transporte_p%C3%BAblico-line-391_3-Brasilia-1702-851595-372373-0,-1.0,-15.80725,-47.89983,12.78,,,1,2023-06-17T10:01:37+00:00
BRA_339075,Brasília,5300108,,Urbi,805.1,https://moovitapp.com/index/pt-br/transporte_p%C3%BAblico-line-805_1-Brasilia-1702-851595-454980-0,-1.0,-15.88572,-48.05913,18.06,,,1,2023-06-17T10:01:37+00:00
BRA_338524,Brasília,5300108,,Urbi,807.1,https://moovitapp.com/index/pt-br/transporte_p%C3%BAblico-line-807_1-Brasilia-1702-851595-322407-0,-1.0,-15.87935,-48.06122,5.0,,,1,2023-06-17T10:01:37+00:00
BRA_337757,Brasília,5300108,,Urbi,0.882,https://moovitapp.com/index/pt-br/transporte_p%C3%BAblico-line-0_882-Brasilia-1702-851595-363858-0,-1.0,-15.80956,-47.93574,14.17,,,1,2023-06-17T10:01:37+00:00
BRA_336033,Brasília,5300108,,Urbi,396.3,https://moovitapp.com/index/pt-br/transporte_p%C3%BAblico-line-396_3-Brasilia-1702-851595-372378-0,-1.0,-15.88982,-48.09985,7.22,,,1,2023-06-17T10:01:37+00:00
BRA_335738,Brasília,5300108,,Urbi,366.1,https://moovitapp.com/index/pt-br/transporte_p%C3%BAblico-line-366_1-Brasilia-1702-851595-425249-0,-1.0,-15.88195,-48.10983,0.0,,,2,2023-06-17T10:01:37+00:00
BRA_340553,Brasília,5300108,,Urbi,0.053,https://moovitapp.com/index/pt-br/transporte_p%C3%BAblico-line-0_053-Brasilia-1702-851595-588803-0,-1.0,-15.81918,-48.06227,0.0,,,1,2023-06-17T10:01:38+00:00
BRA_340316,Brasília,5300108,,Urbi,0.161,https://moovitapp.com/index/pt-br/transporte_p%C3%BAblico-line-0_161-Brasilia-1702-851595-704023-0,-1.0,-15.76286,-47.92336,5.28,,,1,2023-06-17T10:01:38+00:00
BRA_336815,Brasília,5300108,,Urbi,813.2,https://moovitapp.com/index/pt-br/transporte_p%C3%BAblico-line-813_2-Brasilia-1702-851595-242636-0,-1.0,-15.81576,-47.91096,10.56,,,2,2023-06-17T10:01:38+00:00
BRA_339296,Brasília,5300108,,Urbi,366.7,https://moovitapp.com/index/pt-br/transporte_p%C3%BAblico-line-366_7-Brasilia-1702-851595-650086-0,-1.0,-15.87565,-48.08011,6.67,,,1,2023-06-17T10:01:39+00:00
BRA_338737,Brasília,5300108,,Urbi,0.810,https://moovitapp.com/index/pt-br/transporte_p%C3%BAblico-line-0_810-Brasilia-1702-851595-363856-0,-1.0,-15.87787,-48.01638,0.0,,,1,2023-06-17T10:01:39+00:00
BRA_338346,Brasília,5300108,,Urbi,0.822,https://moovitapp.com/index/pt-br/transporte_p%C3%BAblico-line-0_822-Brasilia-1702-851595-775098-0,-1.0,-15.86538,-47.94164,19.17,,,1,2023-06-17T10:01:39+00:00
BRA_338541,Brasília,5300108,,Urbi,0.882,https://moovitapp.com/index/pt-br/transporte_p%C3%BAblico-line-0_882-Brasilia-1702-851595-363858-0,-1.0,-15.86894,-47.96972,0.0,,,1,2023-06-17T10:01:39+00:00
BRA_337536,Brasília,5300108,,Urbi,814.1,https://moovitapp.com/index/pt-br/transporte_p%C3%BAblico-line-814_1-Brasilia-1702-851595-492985-0,-1.0,-15.90676,-48.08193,13.61,,,1,2023-06-17T10:01:39+00:00
BRA_337374,Brasília,5300108,,Urbi,0.823,https://moovitapp.com/index/pt-br/transporte_p%C3%BAblico-line-0_823-Brasilia-1702-851595-401625-0,-1.0,-15.85553,-47.95602,15.28,,,2,2023-06-17T10:01:39+00:00
BRA_335452,Brasília,5300108,,Urbi,0.845,https://moovitapp.com/index/pt-br/transporte_p%C3%BAblico-line-0_845-Brasilia-1702-851595-339304-0,-1.0,-15.87716,-48.06004,9.44,,,1,2023-06-17T10:01:39+00:00
BRA_338214,Brasília,5300108,,Urbi,815.1,https://moovitapp.com/index/pt-br/transporte_p%C3%BAblico-line-815_1-Brasilia-1702-851595-41341238-0,-1.0,-15.99641,-48.05631,0.0,,,1,2023-06-17T10:01:40+00:00
BRA_338290,Brasília,5300108,,Urbi,0.175,https://moovitapp.com/index/pt-br/transporte_p%C3%BAblico-line-0_175-Brasilia-1702-851595-242526-0,-1.0,-15.88331,-48.01514,2.5,,,1,2023-06-17T10:01:40+00:00
BRA_339083,Brasília,5300108,,Urbi,0.872,https://moovitapp.com/index/pt-br/transporte_p%C3%BAblico-line-0_872-Brasilia-1702-851595-466291-0,-1.0,-15.91042,-48.05838,8.61,,,1,2023-06-17T10:01:40+00:00
BRA_338991,Brasília,5300108,,Urbi,806.8,https://moovitapp.com/index/pt-br/transporte_p%C3%BAblico-line-806_8-Brasilia-1702-851595-74275051-0,-1.0,-15.91218,-48.0484,4.72,,,1,2023-06-17T10:01:40+00:00
BRA_338699,Brasília,5300108,,Urbi,0.808,https://moovitapp.com/index/pt-br/transporte_p%C3%BAblico-line-0_808-Brasilia-1702-851595-372359-0,-1.0,-15.81578,-48.10118,15.56,,,2,2023-06-17T10:01:40+00:00
BRA_340618,Brasília,5300108,,Urbi,0.171,https://moovitapp.com/index/pt-br/transporte_p%C3%BAblico-line-0_171-Brasilia-1702-851595-242524-0,-1.0,-15.73704,-47.89924,11.94,,,2,2023-06-17T10:01:40+00:00
BRA_340472,Brasília,5300108,,Urbi,056.2,https://moovitapp.com/index/pt-br/transporte_p%C3%BAblico-line-056_2-Brasilia-1702-851595-492982-0,-1.0,-15.82358,-48.11674,15.0,,,1,2023-06-17T10:01:40+00:00
BRA_340677,Brasília,5300108,,Urbi,056.4,https://moovitapp.com/index/pt-br/transporte_p%C3%BAblico-line-056_4-Brasilia-1702-851595-519387-0,-1.0,-15.83193,-48.11395,13.61,,,1,2023-06-17T10:01:40+00:00
BRA_339385,Brasília,5300108,,Urbi,0.366,https://moovitapp.com/index/pt-br/transporte_p%C3%BAblico-line-0_366-Brasilia-1702-851595-650085-0,-1.0,-15.86032,-48.06157,18.33,,,2,2023-06-17T10:01:40+00:00
BRA_340201,Brasília,5300108,,Urbi,391.3,https://moovitapp.com/index/pt-br/transporte_p%C3%BAblico-line-391_3-Brasilia-1702-851595-372373-0,-1.0,-15.88507,-48.15182,5.56,,,2,2023-06-17T10:01:40+00:00
BRA_336688,Brasília,5300108,,Urbi,380.2,https://moovitapp.com/index/pt-br/transporte_p%C3%BAblico-line-380_2-Brasilia-1702-851595-334086-0,-1.0,-15.86327,-48.07795,5.0,,,1,2023-06-17T10:01:41+00:00
BRA_340545,Brasília,5300108,,Urbi,0.171,https://moovitapp.com/index/pt-br/transporte_p%C3%BAblico-line-0_171-Brasilia-1702-851595-242524-0,-1.0,-15.87514,-47.97781,4.17,,,1,2023-06-17T10:01:41+00:00
BRA_340626,Brasília,5300108,,Urbi,0.340,https://moovitapp.com/index/pt-br/transporte_p%C3%BAblico-line-0_340-Brasilia-1702-851595-641378-0,-1.0,-15.9017,-48.1274,5.56,,,1,2023-06-17T10:01:41+00:00
BRA_339113,Brasília,5300108,,Urbi,874.4,https://moovitapp.com/index/pt-br/transporte_p%C3%BAblico-line-874_4-Brasilia-1702-851595-775106-0,-1.0,-15.79439,-47.88448,12.78,,,1,2023-06-17T10:01:41+00:00
BRA_339202,Brasília,5300108,,Urbi,396.3,https://moovitapp.com/index/pt-br/transporte_p%C3%BAblico-line-396_3-Brasilia-1702-851595-372378-0,-1.0,-15.7624,-47.89133,18.33,,,1,2023-06-17T10:01:41+00:00
BRA_337579,Brasília,5300108,,Urbi,806.1,https://moovitapp.com/index/pt-br/transporte_p%C3%BAblico-line-806_1-Brasilia-1702-851595-775104-0,-1.0,-15.91219,-48.05402,11.67,,,1,2023-06-17T10:01:41+00:00
BRA_336599,Brasília,5300108,,Urbi,813.1,https://moovitapp.com/index/pt-br/transporte_p%C3%BAblico-line-813_1-Brasilia-1702-851595-242635-0,-1.0,-15.78778,-47.89583,13.61,,,2,2023-06-17T10:01:41+00:00
BRA_337633,Brasília,5300108,,Urbi,870.7,https://moovitapp.com/index/pt-br/transporte_p%C3%BAblico-line-870_7-Brasilia-1702-851595-531037-0,-1.0,-15.85323,-47.95497,0.0,,,1,2023-06-17T10:01:42+00:00
BRA_337480,Brasília,5300108,,Urbi,813.2,https://moovitapp.com/index/pt-br/transporte_p%C3%BAblico-line-813_2-Brasilia-1702-851595-242636-0,-1.0,-15.74805,-47.89628,14.44,,,2,2023-06-17T10:01:42+00:00
BRA_337277,Brasília,5300108,,Urbi,0.810,https://moovitapp.com/index/pt-br/transporte_p%C3%BAblico-line-0_810-Brasilia-1702-851595-363856-0,-1.0,-15.90643,-48.08092,5.83,,,1,2023-06-17T10:01:42+00:00
BRA_336921,Brasília,5300108,,Urbi,0.808,https://moovitapp.com/index/pt-br/transporte_p%C3%BAblico-line-0_808-Brasilia-1702-851595-372359-0,-1.0,-15.81647,-48.08274,14.72,,,2,2023-06-17T10:01:42+00:00
BRA_336939,Brasília,5300108,,Urbi,807.8,https://moovitapp.com/index/pt-br/transporte_p%C3%BAblico-line-807_8-Brasilia-1702-851595-322408-0,-1.0,-15.93268,-48.10944,7.5,,,1,2023-06-17T10:01:42+00:00
BRA_339156,Brasília,5300108,,Urbi,0.808,https://moovitapp.com/index/pt-br/transporte_p%C3%BAblico-line-0_808-Brasilia-1702-851595-372359-0,-1.0,-15.90473,-48.07624,16.94,,,2,2023-06-17T10:01:42+00:00
BRA_339091,Brasília,5300108,,Urbi,0.811,https://moovitapp.com/index/pt-br/transporte_p%C3%BAblico-line-0_811-Brasilia-1702-851595-334078-0,-1.0,-15.89129,-48.04897,8.89,,,1,2023-06-17T10:01:42+00:00
BRA_336734,Brasília,5300108,,Urbi,394.1,https://moovitapp.com/index/pt-br/transporte_p%C3%BAblico-line-394_1-Brasilia-1702-851595-334089-0,-1.0,-15.88207,-48.05825,18.89,,,1,2023-06-17T10:01:42+00:00
BRA_340600,Brasília,5300108,,Urbi,396.2,https://moovitapp.com/index/pt-br/transporte_p%C3%BAblico-line-396_2-Brasilia-1702-851595-372377-0,-1.0,-15.76606,-47.88997,0.0,,,1,2023-06-17T10:01:43+00:00
BRA_338745,Brasília,5300108,,Urbi,0.811,https://moovitapp.com/index/pt-br/transporte_p%C3%BAblico-line-0_811-Brasilia-1702-851595-334078-0,-1.0,-15.94175,-48.03695,6.67,,,1,2023-06-17T10:01:43+00:00
BRA_338044,Brasília,5300108,,Urbi,0.882,https://moovitapp.com/index/pt-br/transporte_p%C3%BAblico-line-0_882-Brasilia-1702-851595-363858-0,-1.0,-15.88898,-48.05268,7.5,,,1,2023-06-17T10:01:43+00:00
BRA_337102,Brasília,5300108,,Urbi,0.805,https://moovitapp.com/index/pt-br/transporte_p%C3%BAblico-line-0_805-Brasilia-1702-851595-460800-0,-1.0,-15.81344,-48.06409,0.0,,,1,2023-06-17T10:01:43+00:00
BRA_335355,Brasília,5300108,,Urbi,391.3,https://moovitapp.com/index/pt-br/transporte_p%C3%BAblico-line-391_3-Brasilia-1702-851595-372373-0,-1.0,-15.81717,-47.91305,13.61,,,2,2023-06-17T10:01:43+00:00
BRA_335991,Brasília,5300108,,Urbi,396.3,https://moovitapp.com/index/pt-br/transporte_p%C3%BAblico-line-396_3-Brasilia-1702-851595-372378-0,-1.0,-15.83433,-47.95256,14.44,,,2,2023-06-17T10:01:43+00:00
BRA_336581,Brasília,5300108,,Urbi,0.813,https://moovitapp.com/index/pt-br/transporte_p%C3%BAblico-line-0_813-Brasilia-1702-851595-651523-0,-1.0,-15.73654,-47.89908,0.0,,,2,2023-06-17T10:01:43+00:00
BRA_336483,Brasília,5300108,,Urbi,813.1,https://moovitapp.com/index/pt-br/transporte_p%C3%BAblico-line-813_1-Brasilia-1702-851595-242635-0,-1.0,-15.9056,-48.07827,10.0,,,1,2023-06-17T10:01:44+00:00
BRA_336343,Brasília,5300108,,Urbi,394.1,https://moovitapp.com/index/pt-br/transporte_p%C3%BAblico-line-394_1-Brasilia-1702-851595-334089-0,-1.0,-15.85899,-48.03702,13.89,,,2,2023-06-17T10:01:44+00:00
BRA_336971,Brasília,5300108,,Urbi,813.2,https://moovitapp.com/index/pt-br/transporte_p%C3%BAblico-line-813_2-Brasilia-1702-851595-242636-0,-1.0,-15.92885,-48.10872,0.0,,,1,2023-06-17T10:01:44+00:00
BRA_337684,Brasília,5300108,,Urbi,0.898,https://moovitapp.com/index/pt-br/transporte_p%C3%BAblico-line-0_898-Brasilia-1702-851595-322394-0,-1.0,-15.84159,-48.12587,0.0,,,1,2023-06-17T10:01:44+00:00
BRA_338575,Brasília,5300108,,Urbi,0.805,https://moovitapp.com/index/pt-br/transporte_p%C3%BAblico-line-0_805-Brasilia-1702-851595-460800-0,-1.0,-15.90119,-48.05627,3.33,,,1,2023-06-17T10:01:44+00:00
BRA_340740,Brasília,5300108,,Urbi,391.3,https://moovitapp.com/index/pt-br/transporte_p%C3%BAblico-line-391_3-Brasilia-1702-851595-372373-0,-1.0,-15.829,-47.92916,13.89,,,1,2023-06-17T10:01:44+00:00
BRA_339903,Brasília,5300108,,Urbi,0.373,https://moovitapp.com/index/pt-br/transporte_p%C3%BAblico-line-0_373-Brasilia-1702-851595-334072-0,-1.0,-15.8658,-48.05628,9.72,,,1,2023-06-17T10:01:44+00:00
BRA_340154,Brasília,5300108,,Urbi,0.397,https://moovitapp.com/index/pt-br/transporte_p%C3%BAblico-line-0_397-Brasilia-1702-851595-890857-0,-1.0,-15.7881,-48.13147,0.0,,,1,2023-06-17T10:01:45+00:00
BRA_340197,Brasília,5300108,,Urbi,0.373,https://moovitapp.com/index/pt-br/transporte_p%C3%BAblico-line-0_373-Brasilia-1702-851595-334072-0,-1.0,-15.88396,-48.15046,4.44,,,1,2023-06-17T10:01:45+00:00
BRA_338192,Brasília,5300108,,Urbi,0.811,https://moovitapp.com/index/pt-br/transporte_p%C3%BAblico-line-0_811-Brasilia-1702-851595-334078-0,-1.0,-15.86085,-47.95525,15.28,,,1,2023-06-17T10:01:45+00:00
BRA_337561,Brasília,5300108,,Urbi,813.2,https://moovitapp.com/index/pt-br/transporte_p%C3%BAblico-line-813_2-Brasilia-1702-851595-242636-0,-1.0,-15.84464,-47.94217,0.0,,,1,2023-06-17T10:01:45+00:00
BRA_337285,Brasília,5300108,,Urbi,807.9,https://moovitapp.com/index/pt-br/transporte_p%C3%BAblico-line-807_9-Brasilia-1702-851595-322409-0,-1.0,-15.88979,-48.05808,15.83,,,2,2023-06-17T10:01:45+00:00
BRA_336131,Brasília,5300108,,Urbi,0.172,https://moovitapp.com/index/pt-br/transporte_p%C3%BAblico-line-0_172-Brasilia-1702-851595-470756-0,-1.0,-15.87818,-48.0083,18.61,,,2,2023-06-17T10:01:45+00:00
BRA_336980,Brasília,5300108,,Urbi,0.809,https://moovitapp.com/index/pt-br/transporte_p%C3%BAblico-line-0_809-Brasilia-1702-851595-516630-0,-1.0,-15.90294,-48.06213,1.94,,,1,2023-06-17T10:01:46+00:00
BRA_338486,Brasília,5300108,,Urbi,805.9,https://moovitapp.com/index/pt-br/transporte_p%C3%BAblico-line-805_9-Brasilia-1702-851595-454983-0,-1.0,-15.84487,-48.04984,9.17,,,1,2023-06-17T10:01:46+00:00
BRA_338281,Brasília,5300108,,Urbi,807.8,https://moovitapp.com/index/pt-br/transporte_p%C3%BAblico-line-807_8-Brasilia-1702-851595-322408-0,-1.0,-15.90543,-48.07846,10.28,,,2,2023-06-17T10:01:46+00:00
BRA_339253,Brasília,5300108,,Urbi,366.1,https://moovitapp.com/index/pt-br/transporte_p%C3%BAblico-line-366_1-Brasilia-1702-851595-425249-0,-1.0,-15.86808,-48.08559,3.89,,,1,2023-06-17T10:01:46+00:00
BRA_337609,Brasília,5300108,,Urbi,0.807,https://moovitapp.com/index/pt-br/transporte_p%C3%BAblico-line-0_807-Brasilia-1702-851595-6677121-0,-1.0,-15.91702,-48.10051,2.78,,,1,2023-06-17T10:01:47+00:00
BRA_336025,Brasília,5300108,,Urbi,0.825,https://moovitapp.com/index/pt-br/transporte_p%C3%BAblico-line-0_825-Brasilia-1702-851595-334081-0,-1.0,-15.89461,-48.11231,2.78,,,1,2023-06-17T10:01:47+00:00
BRA_336513,Brasília,5300108,,Urbi,0.813,https://moovitapp.com/index/pt-br/transporte_p%C3%BAblico-line-0_813-Brasilia-1702-851595-651523-0,-1.0,-15.77112,-47.88864,0.0,,,1,2023-06-17T10:01:47+00:00
BRA_337790,Brasília,5300108,,Urbi,807.6,https://moovitapp.com/index/pt-br/transporte_p%C3%BAblico-line-807_6-Brasilia-1702-851595-334092-0,-1.0,-15.9118,-48.09408,9.72,,,1,2023-06-17T10:01:48+00:00
BRA_336891,Brasília,5300108,,Urbi,872.9,https://moovitapp.com/index/pt-br/transporte_p%C3%BAblico-line-872_9-Brasilia-1702-851595-372394-0,-1.0,-15.92109,-48.04564,14.72,,,1,2023-06-17T10:01:48+00:00
BRA_337366,Brasília,5300108,,Urbi,0.177,https://moovitapp.com/index/pt-br/transporte_p%C3%BAblico-line-0_177-Brasilia-1702-851595-242528-0,-1.0,-15.82364,-47.95089,18.89,,,1,2023-06-17T10:01:48+00:00
BRA_337978,Brasília,5300108,,Urbi,0.087,https://moovitapp.com/index/pt-br/transporte_p%C3%BAblico-line-0_087-Brasilia-1702-851595-242519-0,-1.0,-15.94176,-48.03697,7.22,,,1,2023-06-17T10:01:48+00:00
BRA_338958,Brasília,5300108,,Urbi,807.1,https://moovitapp.com/index/pt-br/transporte_p%C3%BAblico-line-807_1-Brasilia-1702-851595-322407-0,-1.0,-15.93303,-48.10898,3.33,,,2,2023-06-17T10:01:48+00:00
BRA_340065,Brasília,5300108,,Urbi,366.1,https://moovitapp.com/index/pt-br/transporte_p%C3%BAblico-line-366_1-Brasilia-1702-851595-425249-0,-1.0,-15.8899,-48.09863,8.33,,,1,2023-06-17T10:01:48+00:00
BRA_340707,Brasília,5300108,,Urbi,0.366,https://moovitapp.com/index/pt-br/transporte_p%C3%BAblico-line-0_366-Brasilia-1702-851595-650085-0,-1.0,-15.85833,-48.08227,16.11,,,1,2023-06-17T10:01:48+00:00
BRA_340405,Brasília,5300108,,Urbi,0.835,https://moovitapp.com/index/pt-br/transporte_p%C3%BAblico-line-0_835-Brasilia-1702-851595-775100-0,-1.0,-15.87767,-48.00208,19.44,,,1,2023-06-17T10:01:48+00:00
BRA_338095,Brasília,5300108,,Urbi,812.1,https://moovitapp.com/index/pt-br/transporte_p%C3%BAblico-line-812_1-Brasilia-1702-851595-372386-0,-1.0,-15.90305,-48.0618,6.67,,,1,2023-06-17T10:01:49+00:00
BRA_337005,Brasília,5300108,,Urbi,805.8,https://moovitapp.com/index/pt-br/transporte_p%C3%BAblico-line-805_8-Brasilia-1702-851595-454982-0,-1.0,-15.9118,-48.09408,0.28,,,1,2023-06-17T10:01:49+00:00
BRA_441279,Brasília,5300108,,Marechal,157.6,https://moovitapp.com/index/pt-br/transporte_p%C3%BAblico-line-157_6-Brasilia-1702-851940-419627-0,-1.0,-15.849107,-47.97531,42.0,,,2,2023-06-17T10:01:43+00:00
BRA_444006,Brasília,5300108,,Marechal,933.1,https://moovitapp.com/index/pt-br/transporte_p%C3%BAblico-line-933_1-Brasilia-1702-851940-358307-0,-1.0,-15.83979,-48.130127,0.0,,,2,2023-06-17T10:01:46+00:00
BRA_444154,Brasília,5300108,,Marechal,0.363,https://moovitapp.com/index/pt-br/transporte_p%C3%BAblico-line-0_363-Brasilia-1702-851940-504339-0,-1.0,-15.839737,-48.130103,0.0,,,2,2023-06-17T10:01:42+00:00
BRA_440469,Brasília,5300108,,São José,0.092,https://moovitapp.com/index/pt-br/transporte_p%C3%BAblico-line-0_092-Brasilia-1702-851943-496589-0,-1.0,-15.835513,-47.952047,58.0,,,2,2023-06-17T10:01:42+00:00
BRA_442887,Brasília,5300108,,Marechal,361.1,https://moovitapp.com/index/pt-br/transporte_p%C3%BAblico-line-361_1-Brasilia-1702-851940-363861-0,-1.0,-15.839373,-48.128957,0.0,,,2,2023-06-17T10:01:42+00:00
BRA_440701,Brasília,5300108,,Marechal,355.3,https://moovitapp.com/index/pt-br/transporte_p%C3%BAblico-line-355_3-Brasilia-1702-851940-504343-0,-1.0,-15.817307,-48.066223,59.0,,,2,2023-06-17T10:01:50+00:00
BRA_440744,Brasília,5300108,,Marechal,351.3,https://moovitapp.com/index/pt-br/transporte_p%C3%BAblico-line-351_3-Brasilia-1702-851940-510249-0,-1.0,-15.86321,-48.034437,23.0,,,2,2023-06-17T10:01:53+00:00
BRA_440272,Brasília,5300108,,Urbi,805.9,https://moovitapp.com/index/pt-br/transporte_p%C3%BAblico-line-805_9-Brasilia-1702-851595-454983-0,-1.0,-15.857403,-48.04346,5.0,,,2,2023-06-17T10:01:42+00:00
BRA_440655,Brasília,5300108,,Marechal,0.090,https://moovitapp.com/index/pt-br/transporte_p%C3%BAblico-line-0_090-Brasilia-1702-851940-242702-0,-1.0,-15.840427,-47.96588,0.0,,,2,2023-06-17T10:01:43+00:00
BRA_440680,Brasília,5300108,,Marechal,260.3,https://moovitapp.com/index/pt-br/transporte_p%C3%BAblico-line-260_3-Brasilia-1702-851940-393566-0,-1.0,-15.81563,-48.129793,17.0,,,2,2023-06-17T10:01:42+00:00
BRA_440353,Brasília,5300108,,Urbi,805.1,https://moovitapp.com/index/pt-br/transporte_p%C3%BAblico-line-805_1-Brasilia-1702-851595-454980-0,-1.0,-15.857427,-48.03785,50.0,,,2,2023-06-17T10:01:42+00:00
BRA_441562,Brasília,5300108,,Marechal,933.6,https://moovitapp.com/index/pt-br/transporte_p%C3%BAblico-line-933_6-Brasilia-1702-851940-3494672-0,-1.0,-15.805507,-48.075053,25.0,,,2,2023-06-17T10:01:42+00:00
BRA_440841,Brasília,5300108,,Urbi,805.9,https://moovitapp.com/index/pt-br/transporte_p%C3%BAblico-line-805_9-Brasilia-1702-851595-454983-0,-1.0,-15.919003,-48.101887,30.0,,,2,2023-06-17T10:01:42+00:00
BRA_440418,Brasília,5300108,,Marechal,154.2,https://moovitapp.com/index/pt-br/transporte_p%C3%BAblico-line-154_2-Brasilia-1702-851940-527234-0,-1.0,-15.793747,-47.882923,0.0,,,2,2023-06-17T10:01:42+00:00
BRA_442127,Brasília,5300108,,Marechal,0.942,https://moovitapp.com/index/pt-br/transporte_p%C3%BAblico-line-0_942-Brasilia-1702-851940-347158-0,-1.0,-15.84097,-48.12727,49.0,,,2,2023-06-17T10:01:42+00:00
BRA_440990,Brasília,5300108,,Marechal,156.1,https://moovitapp.com/index/pt-br/transporte_p%C3%BAblico-line-156_1-Brasilia-1702-851940-242750-0,-1.0,-15.735953,-47.90734,0.0,,,2,2023-06-17T10:01:37+00:00
BRA_440931,Brasília,5300108,,Marechal,355.2,https://moovitapp.com/index/pt-br/transporte_p%C3%BAblico-line-355_2-Brasilia-1702-851940-510251-0,-1.0,-15.797583,-48.021853,47.0,,,2,2023-06-17T09:52:08+00:00
BRA_440281,Brasília,5300108,,Marechal,157.6,https://moovitapp.com/index/pt-br/transporte_p%C3%BAblico-line-157_6-Brasilia-1702-851940-419627-0,-1.0,-15.856627,-47.97636,25.0,,,2,2023-06-17T10:01:48+00:00
BRA_444251,Brasília,5300108,,Marechal,933.5,https://moovitapp.com/index/pt-br/transporte_p%C3%BAblico-line-933_5-Brasilia-1702-851940-766837-0,-1.0,-15.83976,-48.128993,0.0,,,2,2023-06-17T10:01:42+00:00
BRA_442062,Brasília,5300108,,Urbi,056.4,https://moovitapp.com/index/pt-br/transporte_p%C3%BAblico-line-056_4-Brasilia-1702-851595-519387-0,-1.0,-15.878267,-48.1171,0.0,,,2,2023-06-17T10:01:42+00:00
BRA_440141,Brasília,5300108,,Urbi,872.9,https://moovitapp.com/index/pt-br/transporte_p%C3%BAblico-line-872_9-Brasilia-1702-851595-372394-0,-1.0,-15.925113,-48.043967,28.0,,,2,2023-06-17T09:52:19+00:00
BRA_443166,Brasília,5300108,,Marechal,933.6,https://moovitapp.com/index/pt-br/transporte_p%C3%BAblico-line-933_6-Brasilia-1702-851940-3494672-0,-1.0,-15.805647,-48.070237,17.0,,,2,2023-06-17T10:01:42+00:00
BRA_443476,Brasília,5300108,,Marechal,0.043,https://moovitapp.com/index/pt-br/transporte_p%C3%BAblico-line-0_043-Brasilia-1702-851940-781330-0,-1.0,-15.839213,-48.12872,0.0,,,2,2023-06-17T10:01:43+00:00
BRA_443191,Brasília,5300108,,Marechal,933.5,https://moovitapp.com/index/pt-br/transporte_p%C3%BAblico-line-933_5-Brasilia-1702-851940-766837-0,-1.0,-15.864063,-48.0339,27.0,,,2,2023-06-17T10:01:49+00:00
BRA_443441,Brasília,5300108,,Urbi,0.050,https://moovitapp.com/index/pt-br/transporte_p%C3%BAblico-line-0_050-Brasilia-1702-851595-781325-0,-1.0,-15.841403,-48.057273,1.0,,,2,2023-06-17T10:01:42+00:00
BRA_441040,Brasília,5300108,,Marechal,0.205,https://moovitapp.com/index/pt-br/transporte_p%C3%BAblico-line-0_205-Brasilia-1702-851940-463646-0,-1.0,-15.913967,-48.05037,0.0,,,2,2023-06-17T10:01:45+00:00
BRA_441503,Brasília,5300108,,Marechal,933.1,https://moovitapp.com/index/pt-br/transporte_p%C3%BAblico-line-933_1-Brasilia-1702-851940-358307-0,-1.0,-15.844797,-48.10378,0.0,,,2,2023-06-17T10:01:45+00:00
BRA_443981,Brasília,5300108,,Marechal,361.1,https://moovitapp.com/index/pt-br/transporte_p%C3%BAblico-line-361_1-Brasilia-1702-851940-363861-0,-1.0,-15.83976,-48.13012,0.0,,,2,2023-06-17T10:01:50+00:00
BRA_441082,Brasília,5300108,,Marechal,0.162,https://moovitapp.com/index/pt-br/transporte_p%C3%BAblico-line-0_162-Brasilia-1702-851940-766836-0,-1.0,-15.831717,-47.974693,32.0,,,2,2023-06-17T10:01:42+00:00
BRA_443786,Brasília,5300108,,Marechal,0.351,https://moovitapp.com/index/pt-br/transporte_p%C3%BAblico-line-0_351-Brasilia-1702-851940-510246-0,-1.0,-15.84903,-48.04239,39.0,,,2,2023-06-17T10:01:47+00:00
BRA_440108,Brasília,5300108,,Marechal,351.3,https://moovitapp.com/index/pt-br/transporte_p%C3%BAblico-line-351_3-Brasilia-1702-851940-510249-0,-1.0,-15.86696,-48.037677,0.0,,,2,2023-06-17T10:01:43+00:00
BRA_440205,Brasília,5300108,,Marechal,0.205,https://moovitapp.com/index/pt-br/transporte_p%C3%BAblico-line-0_205-Brasilia-1702-851940-463646-0,-1.0,-15.85817,-48.037087,22.0,,,2,2023-06-17T10:01:42+00:00
BRA_442437,Brasília,5300108,,Urbi,0.347,https://moovitapp.com/index/pt-br/transporte_p%C3%BAblico-line-0_347-Brasilia-1702-851595-347128-0,-1.0,-15.857453,-47.956413,20.0,,,2,2023-06-17T10:01:42+00:00
BRA_440451,Brasília,5300108,,Marechal,959.1,https://moovitapp.com/index/pt-br/transporte_p%C3%BAblico-line-959_1-Brasilia-1702-851940-789939-0,-1.0,-15.81919,-48.09149,42.0,,,2,2023-06-17T10:01:42+00:00
BRA_440230,Brasília,5300108,,Marechal,0.234,https://moovitapp.com/index/pt-br/transporte_p%C3%BAblico-line-0_234-Brasilia-1702-851940-419623-0,-1.0,-15.869707,-48.037727,0.0,,,2,2023-06-17T10:01:42+00:00
BRA_444944,Brasília,5300108,,Marechal,304.1,https://moovitapp.com/index/pt-br/transporte_p%C3%BAblico-line-304_1-Brasilia-1702-851940-516636-0,-1.0,-15.79527,-47.933977,0.0,,,2,2023-06-17T10:01:42+00:00
BRA_440019,Brasília,5300108,,Marechal,959.1,https://moovitapp.com/index/pt-br/transporte_p%C3%BAblico-line-959_1-Brasilia-1702-851940-789939-0,-1.0,-15.833573,-48.059673,27.0,,,2,2023-06-17T10:01:49+00:00
BRA_441201,Brasília,5300108,,Marechal,0.205,https://moovitapp.com/index/pt-br/transporte_p%C3%BAblico-line-0_205-Brasilia-1702-851940-463646-0,-1.0,-15.804313,-48.071307,49.0,,,2,2023-06-17T10:01:48+00:00
BRA_443701,Brasília,5300108,,Marechal,0.355,https://moovitapp.com/index/pt-br/transporte_p%C3%BAblico-line-0_355-Brasilia-1702-851940-504338-0,-1.0,-15.86698,-48.03736,0.0,,,2,2023-06-17T10:01:42+00:00
BRA_445304,Brasília,5300108,,Marechal,0.378,https://moovitapp.com/index/pt-br/transporte_p%C3%BAblico-line-0_378-Brasilia-1702-851940-347150-0,-1.0,-15.843307,-48.118857,0.0,,,2,2023-06-17T10:01:51+00:00
BRA_440337,Brasília,5300108,,Marechal,156.1,https://moovitapp.com/index/pt-br/transporte_p%C3%BAblico-line-156_1-Brasilia-1702-851940-242750-0,-1.0,-15.840993,-47.966383,58.0,,,2,2023-06-17T10:01:42+00:00
BRA_440361,Brasília,5300108,,Urbi,0.872,https://moovitapp.com/index/pt-br/transporte_p%C3%BAblico-line-0_872-Brasilia-1702-851595-466291-0,-1.0,-15.815127,-48.066993,51.0,,,2,2023-06-17T10:01:50+00:00
BRA_442054,Brasília,5300108,,Marechal,942.2,https://moovitapp.com/index/pt-br/transporte_p%C3%BAblico-line-942_2-Brasilia-1702-851940-53406783-0,-1.0,-15.735957,-47.90729,0.0,,,2,2023-06-17T10:01:42+00:00
BRA_445282,Brasília,5300108,,Marechal,0.378,https://moovitapp.com/index/pt-br/transporte_p%C3%BAblico-line-0_378-Brasilia-1702-851940-347150-0,-1.0,-15.839097,-48.129013,0.0,,,2,2023-06-17T10:01:52+00:00
BRA_445215,Brasília,5300108,,Marechal,337.1,https://moovitapp.com/index/pt-br/transporte_p%C3%BAblico-line-337_1-Brasilia-1702-851940-347165-0,-1.0,-15.839137,-48.128503,0.0,,,2,2023-06-17T10:01:49+00:00
BRA_440043,Brasília,5300108,,Marechal,260.3,https://moovitapp.com/index/pt-br/transporte_p%C3%BAblico-line-260_3-Brasilia-1702-851940-393566-0,-1.0,-15.977587,-48.004933,60.0,,,2,2023-06-17T10:01:42+00:00
BRA_440264,Brasília,5300108,,Marechal,260.3,https://moovitapp.com/index/pt-br/transporte_p%C3%BAblico-line-260_3-Brasilia-1702-851940-393566-0,-1.0,-15.85908,-48.03659,40.0,,,2,2023-06-17T10:01:42+00:00
BRA_440345,Brasília,5300108,,Marechal,0.090,https://moovitapp.com/index/pt-br/transporte_p%C3%BAblico-line-0_090-Brasilia-1702-851940-242702-0,-1.0,-15.86965,-48.03852,0.0,,,2,2023-06-17T10:01:37+00:00
BRA_445339,Brasília,5300108,,Marechal,0.336,https://moovitapp.com/index/pt-br/transporte_p%C3%BAblico-line-0_336-Brasilia-1702-851940-347142-0,-1.0,-15.84139,-48.10095,64.0,,,2,2023-06-17T10:01:42+00:00
BRA_443034,Brasília,5300108,,Marechal,933.6,https://moovitapp.com/index/pt-br/transporte_p%C3%BAblico-line-933_6-Brasilia-1702-851940-3494672-0,-1.0,-15.839197,-48.128703,0.0,,,2,2023-06-17T10:01:42+00:00
BRA_442445,Brasília,5300108,,Urbi,056.2,https://moovitapp.com/index/pt-br/transporte_p%C3%BAblico-line-056_2-Brasilia-1702-851595-492982-0,-1.0,-15.838917,-48.108417,34.0,,,2,2023-06-17T10:01:51+00:00
BRA_440795,Brasília,5300108,,Marechal,306.1,https://moovitapp.com/index/pt-br/transporte_p%C3%BAblico-line-306_1-Brasilia-1702-851940-510248-0,-1.0,-15.794,-47.88298,0.0,,,2,2023-06-17T10:01:52+00:00
BRA_441830,Brasília,5300108,,Urbi,0.056,https://moovitapp.com/index/pt-br/transporte_p%C3%BAblico-line-0_056-Brasilia-1702-851595-588804-0,-1.0,-15.874733,-48.059113,14.0,,,2,2023-06-17T10:01:46+00:00
BRA_441635,Brasília,5300108,,São José,350.1,https://moovitapp.com/index/pt-br/transporte_p%C3%BAblico-line-350_1-Brasilia-1702-851943-2068450-0,-1.0,-15.839863,-48.129607,0.0,,,2,2023-06-17T10:01:51+00:00
BRA_444715,Brasília,5300108,,Marechal,0.089,https://moovitapp.com/index/pt-br/transporte_p%C3%BAblico-line-0_089-Brasilia-1702-851940-706977-0,-1.0,-15.831513,-48.048803,55.0,,,2,2023-06-17T10:01:42+00:00
BRA_442828,Brasília,5300108,,Urbi,0.399,https://moovitapp.com/index/pt-br/transporte_p%C3%BAblico-line-0_399-Brasilia-1702-851595-454964-0,-1.0,-15.839863,-48.129183,0.0,,,2,2023-06-17T10:01:46+00:00
BRA_445126,Brasília,5300108,,Marechal,0.306,https://moovitapp.com/index/pt-br/transporte_p%C3%BAblico-line-0_306-Brasilia-1702-851940-242714-0,-1.0,-15.79396,-47.883233,0.0,,,2,2023-06-17T10:01:37+00:00
BRA_442852,Brasília,5300108,,Marechal,361.1,https://moovitapp.com/index/pt-br/transporte_p%C3%BAblico-line-361_1-Brasilia-1702-851940-363861-0,-1.0,-15.840743,-48.126993,0.0,,,2,2023-06-17T10:01:42+00:00
BRA_442615,Brasília,5300108,,Marechal,0.089,https://moovitapp.com/index/pt-br/transporte_p%C3%BAblico-line-0_089-Brasilia-1702-851940-706977-0,-1.0,-15.840323,-48.12963,0.0,,,2,2023-06-17T10:01:42+00:00
BRA_441660,Brasília,5300108,,São José,333.7,https://moovitapp.com/index/pt-br/transporte_p%C3%BAblico-line-333_7-Brasilia-1702-851943-2068454-0,-1.0,-15.841987,-48.043153,31.0,,,2,2023-06-17T10:01:50+00:00
BRA_442577,Brasília,5300108,,Urbi,056.2,https://moovitapp.com/index/pt-br/transporte_p%C3%BAblico-line-056_2-Brasilia-1702-851595-492982-0,-1.0,-15.885093,-48.116623,39.0,,,2,2023-06-17T10:01:52+00:00
BRA_443778,Brasília,5300108,,Marechal,0.951,https://moovitapp.com/index/pt-br/transporte_p%C3%BAblico-line-0_951-Brasilia-1702-851940-783578-0,-1.0,-15.860073,-48.039017,50.0,,,2,2023-06-17T10:00:55+00:00
BRA_444286,Brasília,5300108,,Marechal,933.1,https://moovitapp.com/index/pt-br/transporte_p%C3%BAblico-line-933_1-Brasilia-1702-851940-358307-0,-1.0,-15.84109,-48.12674,0.0,,,2,2023-06-17T10:01:46+00:00
BRA_440922,Brasília,5300108,,São José,0.092,https://moovitapp.com/index/pt-br/transporte_p%C3%BAblico-line-0_092-Brasilia-1702-851943-496589-0,-1.0,-15.852983,-47.9509,12.0,,,2,2023-06-17T10:01:42+00:00
BRA_440957,Brasília,5300108,,Marechal,376.1,https://moovitapp.com/index/pt-br/transporte_p%C3%BAblico-line-376_1-Brasilia-1702-851940-242798-0,-1.0,-15.80341,-48.06928,27.0,,,2,2023-06-17T10:01:53+00:00
BRA_444219,Brasília,5300108,,Marechal,363.2,https://moovitapp.com/index/pt-br/transporte_p%C3%BAblico-line-363_2-Brasilia-1702-851940-725443-0,-1.0,-15.83888,-48.128837,0.0,,,2,2023-06-17T10:01:53+00:00
BRA_440400,Brasília,5300108,,Marechal,154.2,https://moovitapp.com/index/pt-br/transporte_p%C3%BAblico-line-154_2-Brasilia-1702-851940-527234-0,-1.0,-15.82721,-47.982303,42.0,,,2,2023-06-17T10:01:51+00:00
BRA_444031,Brasília,5300108,,Marechal,933.2,https://moovitapp.com/index/pt-br/transporte_p%C3%BAblico-line-933_2-Brasilia-1702-851940-717428-0,-1.0,-15.83979,-48.129913,0.0,,,2,2023-06-17T10:01:37+00:00
BRA_444731,Brasília,5300108,,Marechal,0.383,https://moovitapp.com/index/pt-br/transporte_p%C3%BAblico-line-0_383-Brasilia-1702-851940-347151-0,-1.0,-15.839183,-48.127577,61.0,,,2,2023-06-17T10:01:42+00:00
BRA_440639,Brasília,5300108,,São José,157.9,https://moovitapp.com/index/pt-br/transporte_p%C3%BAblico-line-157_9-Brasilia-1702-851943-707030-0,-1.0,-15.818673,-47.98519,22.0,,,2,2023-06-17T10:01:42+00:00
BRA_441708,Brasília,5300108,,Urbi,367.2,https://moovitapp.com/index/pt-br/transporte_p%C3%BAblico-line-367_2-Brasilia-1702-851595-454971-0,-1.0,-15.840243,-48.129583,0.0,,,2,2023-06-17T10:01:42+00:00
BRA_440299,Brasília,5300108,,Marechal,0.205,https://moovitapp.com/index/pt-br/transporte_p%C3%BAblico-line-0_205-Brasilia-1702-851940-463646-0,-1.0,-16.02317,-48.053227,22.0,,,2,2023-06-17T10:01:42+00:00
BRA_445193,Brasília,5300108,,Marechal,0.339,https://moovitapp.com/index/pt-br/transporte_p%C3%BAblico-line-0_339-Brasilia-1702-851940-419625-0,-1.0,-15.840637,-48.126753,12.0,,,2,2023-06-17T09:48:14+00:00
BRA_440078,Brasília,5300108,,Marechal,0.090,https://moovitapp.com/index/pt-br/transporte_p%C3%BAblico-line-0_090-Brasilia-1702-851940-242702-0,-1.0,-15.787457,-47.941433,10.0,,,2,2023-06-17T10:01:42+00:00
BRA_444111,Brasília,5300108,,Marechal,0.363,https://moovitapp.com/index/pt-br/transporte_p%C3%BAblico-line-0_363-Brasilia-1702-851940-504339-0,-1.0,-15.83809,-48.097853,47.0,,,2,2023-06-17T10:01:42+00:00
BRA_442984,Brasília,5300108,,Marechal,383.3,https://moovitapp.com/index/pt-br/transporte_p%C3%BAblico-line-383_3-Brasilia-1702-851940-88144102-0,-1.0,-15.842873,-48.1247,6.0,,,2,2023-06-17T10:01:42+00:00
BRA_443085,Brasília,5300108,,Marechal,0.369,https://moovitapp.com/index/pt-br/transporte_p%C3%BAblico-line-0_369-Brasilia-1702-851940-500060-0,-1.0,-15.87221,-48.029523,0.0,,,2,2023-06-17T10:01:42+00:00
BRA_442674,Brasília,5300108,,Marechal,0.089,https://moovitapp.com/index/pt-br/transporte_p%C3%BAblico-line-0_089-Brasilia-1702-851940-706977-0,-1.0,-15.82105,-48.09975,4.0,,,2,2023-06-17T10:01:42+00:00
BRA_443026,Brasília,5300108,,Marechal,932.3,https://moovitapp.com/index/pt-br/transporte_p%C3%BAblico-line-932_3-Brasilia-1702-851940-56749130-0,-1.0,-15.826543,-47.93281,26.0,,,2,2023-06-17T10:01:42+00:00
BRA_441333,Brasília,5300108,,Piracicabana,099.1,https://moovitapp.com/index/pt-br/transporte_p%C3%BAblico-line-099_1-Brasilia-1702-850942-775090-0,-1.0,-15.841313,-48.02357,11.0,,,2,2023-06-17T10:01:42+00:00
BRA_443409,Brasília,5300108,,Marechal,361.1,https://moovitapp.com/index/pt-br/transporte_p%C3%BAblico-line-361_1-Brasilia-1702-851940-363861-0,-1.0,-15.840167,-48.12981,0.0,,,2,2023-06-17T10:01:42+00:00
BRA_441295,Brasília,5300108,,Marechal,306.2,https://moovitapp.com/index/pt-br/transporte_p%C3%BAblico-line-306_2-Brasilia-1702-851940-527237-0,-1.0,-15.85534,-47.993217,40.0,,,2,2023-06-17T10:01:42+00:00
BRA_443310,Brasília,5300108,,Marechal,0.942,https://moovitapp.com/index/pt-br/transporte_p%C3%BAblico-line-0_942-Brasilia-1702-851940-347158-0,-1.0,-15.839607,-48.035643,5.0,,,2,2023-06-17T10:01:47+00:00
BRA_441180,Brasília,5300108,,Marechal,0.205,https://moovitapp.com/index/pt-br/transporte_p%C3%BAblico-line-0_205-Brasilia-1702-851940-463646-0,-1.0,-15.79628,-48.107473,42.0,,,2,2023-06-17T09:53:47+00:00
BRA_441198,Brasília,5300108,,Marechal,156.1,https://moovitapp.com/index/pt-br/transporte_p%C3%BAblico-line-156_1-Brasilia-1702-851940-242750-0,-1.0,-15.74119,-47.898057,7.0,,,2,2023-06-17T10:01:42+00:00
BRA_443069,Brasília,5300108,,Urbi,393.6,https://moovitapp.com/index/pt-br/transporte_p%C3%BAblico-line-393_6-Brasilia-1702-851595-588817-0,-1.0,-15.889817,-48.099853,0.0,,,2,2023-06-17T10:01:44+00:00
BRA_442640,Brasília,5300108,,São José,333.6,https://moovitapp.com/index/pt-br/transporte_p%C3%BAblico-line-333_6-Brasilia-1702-851943-2068452-0,-1.0,-15.805137,-48.157477,46.0,,,2,2023-06-17T10:01:45+00:00
BRA_440612,Brasília,5300108,,Marechal,156.1,https://moovitapp.com/index/pt-br/transporte_p%C3%BAblico-line-156_1-Brasilia-1702-851940-242750-0,-1.0,-15.80191,-47.894847,55.0,,,2,2023-06-17T10:01:42+00:00
BRA_443930,Brasília,5300108,,Marechal,933.4,https://moovitapp.com/index/pt-br/transporte_p%C3%BAblico-line-933_4-Brasilia-1702-851940-656766-0,-1.0,-15.83974,-48.13018,0.0,,,2,2023-06-17T10:01:53+00:00
BRA_440663,Brasília,5300108,,Marechal,206.1,https://moovitapp.com/index/pt-br/transporte_p%C3%BAblico-line-206_1-Brasilia-1702-851940-137149861-0,-1.0,-15.853713,-48.072153,40.0,,,2,2023-06-17T10:01:50+00:00
BRA_440761,Brasília,5300108,,Urbi,038.1,https://moovitapp.com/index/pt-br/transporte_p%C3%BAblico-line-038_1-Brasilia-1702-851595-781327-0,-1.0,-15.88598,-48.022963,0.0,,,2,2023-06-17T10:01:42+00:00
BRA_443956,Brasília,5300108,,Marechal,933.4,https://moovitapp.com/index/pt-br/transporte_p%C3%BAblico-line-933_4-Brasilia-1702-851940-656766-0,-1.0,-15.839813,-48.13026,0.0,,,2,2023-06-17T10:01:42+00:00
BRA_441554,Brasília,5300108,,Marechal,933.5,https://moovitapp.com/index/pt-br/transporte_p%C3%BAblico-line-933_5-Brasilia-1702-851940-766837-0,-1.0,-15.84013,-48.14095,17.0,,,2,2023-06-17T10:01:44+00:00
BRA_442194,Brasília,5300108,,Marechal,304.1,https://moovitapp.com/index/pt-br/transporte_p%C3%BAblico-line-304_1-Brasilia-1702-851940-516636-0,-1.0,-15.839557,-48.129003,0.0,,,2,2023-06-17T10:01:43+00:00
BRA_443883,Brasília,5300108,,Marechal,959.2,https://moovitapp.com/index/pt-br/transporte_p%C3%BAblico-line-959_2-Brasilia-1702-851940-66561063-0,-1.0,-15.861237,-48.004193,5.0,,,2,2023-06-17T10:01:42+00:00
BRA_440621,Brasília,5300108,,Marechal,0.376,https://moovitapp.com/index/pt-br/transporte_p%C3%BAblico-line-0_376-Brasilia-1702-851940-242726-0,-1.0,-15.791203,-48.039957,17.0,,,2,2023-06-17T10:01:42+00:00
BRA_441775,Brasília,5300108,,Marechal,0.339,https://moovitapp.com/index/pt-br/transporte_p%C3%BAblico-line-0_339-Brasilia-1702-851940-419625-0,-1.0,-15.839623,-48.1293,0.0,,,2,2023-06-17T10:01:37+00:00
BRA_445266,Brasília,5300108,,Marechal,0.336,https://moovitapp.com/index/pt-br/transporte_p%C3%BAblico-line-0_336-Brasilia-1702-851940-347142-0,-1.0,-15.83953,-48.097043,46.0,,,2,2023-06-17T10:01:42+00:00
BRA_443301,Brasília,5300108,,Marechal,0.089,https://moovitapp.com/index/pt-br/transporte_p%C3%BAblico-line-0_089-Brasilia-1702-851940-706977-0,-1.0,-15.825127,-47.979597,0.0,,,2,2023-06-17T10:01:42+00:00
BRA_445321,Brasília,5300108,,Marechal,337.1,https://moovitapp.com/index/pt-br/transporte_p%C3%BAblico-line-337_1-Brasilia-1702-851940-347165-0,-1.0,-15.823693,-47.921567,10.0,,,2,2023-06-17T10:01:50+00:00
BRA_445142,Brasília,5300108,,Marechal,0.306,https://moovitapp.com/index/pt-br/transporte_p%C3%BAblico-line-0_306-Brasilia-1702-851940-242714-0,-1.0,-15.86699,-48.037423,0.0,,,2,2023-06-17T10:01:42+00:00
BRA_444685,Brasília,5300108,,São José,350.1,https://moovitapp.com/index/pt-br/transporte_p%C3%BAblico-line-350_1-Brasilia-1702-851943-2068450-0,-1.0,-15.84171,-48.025943,4.0,,,2,2023-06-17T10:01:42+00:00
BRA_440566,Brasília,5300108,,Urbi,805.2,https://moovitapp.com/index/pt-br/transporte_p%C3%BAblico-line-805_2-Brasilia-1702-851595-454981-0,-1.0,-15.844497,-48.049987,0.0,,,2,2023-06-17T10:01:47+00:00
BRA_442119,Brasília,5300108,,Marechal,0.383,https://moovitapp.com/index/pt-br/transporte_p%C3%BAblico-line-0_383-Brasilia-1702-851940-347151-0,-1.0,-15.811177,-48.091927,25.0,,,2,2023-06-17T10:01:42+00:00
BRA_442780,Brasília,5300108,,Urbi,0.367,https://moovitapp.com/index/pt-br/transporte_p%C3%BAblico-line-0_367-Brasilia-1702-851595-519380-0,-1.0,-15.839503,-48.12893,0.0,,,2,2023-06-17T10:01:50+00:00
BRA_445231,Brasília,5300108,,Marechal,337.1,https://moovitapp.com/index/pt-br/transporte_p%C3%BAblico-line-337_1-Brasilia-1702-851940-347165-0,-1.0,-15.815687,-47.937363,58.0,,,2,2023-06-17T10:01:42+00:00
BRA_443727,Brasília,5300108,,Marechal,357.1,https://moovitapp.com/index/pt-br/transporte_p%C3%BAblico-line-357_1-Brasilia-1702-851940-775113-0,-1.0,-15.866687,-48.037627,0.0,,,2,2023-06-17T10:01:42+00:00
BRA_442208,Brasília,5300108,,Marechal,0.361,https://moovitapp.com/index/pt-br/transporte_p%C3%BAblico-line-0_361-Brasilia-1702-851940-376158-0,-1.0,-15.836953,-48.048833,8.0,,,2,2023-06-17T10:01:42+00:00
BRA_441872,Brasília,5300108,,Urbi,0.050,https://moovitapp.com/index/pt-br/transporte_p%C3%BAblico-line-0_050-Brasilia-1702-851595-781325-0,-1.0,-15.839703,-48.1294,0.0,,,2,2023-06-17T10:01:42+00:00
BRA_443298,Brasília,5300108,,Urbi,0.056,https://moovitapp.com/index/pt-br/transporte_p%C3%BAblico-line-0_056-Brasilia-1702-851595-588804-0,-1.0,-15.90239,-48.129543,0.0,,,2,2023-06-17T10:01:42+00:00
BRA_440787,Brasília,5300108,,Marechal,157.6,https://moovitapp.com/index/pt-br/transporte_p%C3%BAblico-line-157_6-Brasilia-1702-851940-419627-0,-1.0,-15.8494,-47.95445,64.0,,,2,2023-06-17T10:01:46+00:00
BRA_440132,Brasília,5300108,,Piracicabana,099.1,https://moovitapp.com/index/pt-br/transporte_p%C3%BAblico-line-099_1-Brasilia-1702-850942-775090-0,-1.0,-15.796157,-47.946033,31.0,,,2,2023-06-17T10:01:42+00:00
BRA_441767,Brasília,5300108,,Marechal,0.361,https://moovitapp.com/index/pt-br/transporte_p%C3%BAblico-line-0_361-Brasilia-1702-851940-376158-0,-1.0,-15.83806,-48.047297,19.0,,,2,2023-06-17T10:01:51+00:00
BRA_441546,Brasília,5300108,,Marechal,933.2,https://moovitapp.com/index/pt-br/transporte_p%C3%BAblico-line-933_2-Brasilia-1702-851940-717428-0,-1.0,-15.841947,-48.125637,26.0,,,2,2023-06-17T10:01:37+00:00
BRA_441155,Brasília,5300108,,Marechal,0.205,https://moovitapp.com/index/pt-br/transporte_p%C3%BAblico-line-0_205-Brasilia-1702-851940-463646-0,-1.0,-16.01996,-48.066807,0.0,,,2,2023-06-17T10:01:42+00:00
BRA_442631,Brasília,5300108,,Marechal,383.3,https://moovitapp.com/index/pt-br/transporte_p%C3%BAblico-line-383_3-Brasilia-1702-851940-88144102-0,-1.0,-15.839647,-48.12933,0.0,,,2,2023-06-17T10:01:54+00:00
BRA_443603,Brasília,5300108,,Marechal,0.357,https://moovitapp.com/index/pt-br/transporte_p%C3%BAblico-line-0_357-Brasilia-1702-851940-775109-0,-1.0,-15.84539,-48.043923,28.0,,,2,2023-06-17T10:01:42+00:00
BRA_440094,Brasília,5300108,,Marechal,0.090,https://moovitapp.com/index/pt-br/transporte_p%C3%BAblico-line-0_090-Brasilia-1702-851940-242702-0,-1.0,-15.787543,-47.936083,51.0,,,2,2023-06-17T10:01:45+00:00
BRA_440175,Brasília,5300108,,Marechal,0.234,https://moovitapp.com/index/pt-br/transporte_p%C3%BAblico-line-0_234-Brasilia-1702-851940-419623-0,-1.0,-15.86682,-48.037477,0.0,,,2,2023-06-17T10:01:53+00:00
BRA_443620,Brasília,5300108,,Marechal,351.3,https://moovitapp.com/index/pt-br/transporte_p%C3%BAblico-line-351_3-Brasilia-1702-851940-510249-0,-1.0,-15.80639,-48.077743,27.0,,,2,2023-06-17T10:01:50+00:00
BRA_443263,Brasília,5300108,,Marechal,336.1,https://moovitapp.com/index/pt-br/transporte_p%C3%BAblico-line-336_1-Brasilia-1702-851940-347163-0,-1.0,-15.839193,-48.12975,0.0,,,2,2023-06-17T10:01:42+00:00
BRA_443689,Brasília,5300108,,Marechal,959.2,https://moovitapp.com/index/pt-br/transporte_p%C3%BAblico-line-959_2-Brasilia-1702-851940-66561063-0,-1.0,-15.86684,-48.037733,0.0,,,2,2023-06-17T10:01:42+00:00
BRA_443204,Brasília,5300108,,Urbi,0.054,https://moovitapp.com/index/pt-br/transporte_p%C3%BAblico-line-0_054-Brasilia-1702-851595-454960-0,-1.0,-15.90235,-48.130027,13.0,,,2,2023-06-17T10:01:42+00:00
BRA_441228,Brasília,5300108,,Marechal,0.153,https://moovitapp.com/index/pt-br/transporte_p%C3%BAblico-line-0_153-Brasilia-1702-851940-766835-0,-1.0,-15.8355,-47.98618,0.0,,,2,2023-06-17T10:01:42+00:00
BRA_440051,Brasília,5300108,,Marechal,355.3,https://moovitapp.com/index/pt-br/transporte_p%C3%BAblico-line-355_3-Brasilia-1702-851940-504343-0,-1.0,-15.816043,-48.01383,7.0,,,2,2023-06-17T10:01:50+00:00
BRA_442526,Brasília,5300108,,São José,332.1,https://moovitapp.com/index/pt-br/transporte_p%C3%BAblico-line-332_1-Brasilia-1702-851943-2068455-0,-1.0,-15.840013,-48.129317,0.0,,,2,2023-06-17T10:01:42+00:00
BRA_441317,Brasília,5300108,,Marechal,959.1,https://moovitapp.com/index/pt-br/transporte_p%C3%BAblico-line-959_1-Brasilia-1702-851940-789939-0,-1.0,-15.870487,-48.013397,16.0,,,2,2023-06-17T10:01:32+00:00
BRA_443492,Brasília,5300108,,Marechal,361.1,https://moovitapp.com/index/pt-br/transporte_p%C3%BAblico-line-361_1-Brasilia-1702-851940-363861-0,-1.0,-15.837717,-48.01525,15.0,,,2,2023-06-17T10:01:42+00:00
BRA_441902,Brasília,5300108,,Marechal,933.3,https://moovitapp.com/index/pt-br/transporte_p%C3%BAblico-line-933_3-Brasilia-1702-851940-450287-0,-1.0,-15.874317,-48.106157,13.0,,,2,2023-06-17T10:01:42+00:00
BRA_443379,Brasília,5300108,,Marechal,0.910,https://moovitapp.com/index/pt-br/transporte_p%C3%BAblico-line-0_910-Brasilia-1702-851940-347156-0,-1.0,-15.812327,-47.985727,51.0,,,2,2023-06-17T10:01:42+00:00
BRA_441694,Brasília,5300108,,Urbi,372.4,https://moovitapp.com/index/pt-br/transporte_p%C3%BAblico-line-372_4-Brasilia-1702-851595-650087-0,-1.0,-15.798337,-47.88374,49.0,,,2,2023-06-17T10:01:46+00:00
BRA_441864,Brasília,5300108,,Marechal,0.383,https://moovitapp.com/index/pt-br/transporte_p%C3%BAblico-line-0_383-Brasilia-1702-851940-347151-0,-1.0,-15.789727,-47.890617,20.0,,,2,2023-06-17T10:01:42+00:00
BRA_441171,Brasília,5300108,,Marechal,355.2,https://moovitapp.com/index/pt-br/transporte_p%C3%BAblico-line-355_2-Brasilia-1702-851940-510251-0,-1.0,-15.80433,-48.070713,0.0,,,2,2023-06-17T10:01:43+00:00
BRA_441961,Brasília,5300108,,São José,333.6,https://moovitapp.com/index/pt-br/transporte_p%C3%BAblico-line-333_6-Brasilia-1702-851943-2068452-0,-1.0,-15.839297,-48.128497,0.0,,,2,2023-06-17T10:01:44+00:00
BRA_444243,Brasília,5300108,,Marechal,933.3,https://moovitapp.com/index/pt-br/transporte_p%C3%BAblico-line-933_3-Brasilia-1702-851940-450287-0,-1.0,-15.83997,-48.12931,0.0,,,2,2023-06-17T10:01:44+00:00
BRA_441619,Brasília,5300108,,Marechal,932.4,https://moovitapp.com/index/pt-br/transporte_p%C3%BAblico-line-932_4-Brasilia-1702-851940-111057093-0,-1.0,-15.779517,-47.887657,50.0,,,2,2023-06-17T10:01:42+00:00
BRA_443662,Brasília,5300108,,São José,157.5,https://moovitapp.com/index/pt-br/transporte_p%C3%BAblico-line-157_5-Brasilia-1702-851943-57327146-0,-1.0,-15.82783,-47.985627,31.0,,,2,2023-06-17T10:01:43+00:00
BRA_441350,Brasília,5300108,,São José,0.092,https://moovitapp.com/index/pt-br/transporte_p%C3%BAblico-line-0_092-Brasilia-1702-851943-496589-0,-1.0,-15.805693,-48.05829,39.0,,,2,2023-06-17T10:01:37+00:00
BRA_445045,Brasília,5300108,,Urbi,0.898,https://moovitapp.com/index/pt-br/transporte_p%C3%BAblico-line-0_898-Brasilia-1702-851595-322394-0,-1.0,-15.931617,-48.039977,40.0,,,2,2023-06-17T09:33:50+00:00
BRA_444979,Brasília,5300108,,Urbi,0.056,https://moovitapp.com/index/pt-br/transporte_p%C3%BAblico-line-0_056-Brasilia-1702-851595-588804-0,-1.0,-15.815587,-48.08312,50.0,,,2,2023-06-17T10:01:44+00:00
BRA_444910,Brasília,5300108,,Marechal,0.089,https://moovitapp.com/index/pt-br/transporte_p%C3%BAblico-line-0_089-Brasilia-1702-851940-706977-0,-1.0,-15.84084,-48.127073,0.0,,,2,2023-06-17T10:01:50+00:00
BRA_445002,Brasília,5300108,,Urbi,367.2,https://moovitapp.com/index/pt-br/transporte_p%C3%BAblico-line-367_2-Brasilia-1702-851595-454971-0,-1.0,-15.89575,-48.148587,17.0,,,2,2023-06-17T09:59:48+00:00
BRA_444855,Brasília,5300108,,Marechal,386.1,https://moovitapp.com/index/pt-br/transporte_p%C3%BAblico-line-386_1-Brasilia-1702-851940-775114-0,-1.0,-15.870807,-47.93067,0.0,,,2,2023-06-17T10:01:42+00:00
BRA_445100,Brasília,5300108,,São José,332.1,https://moovitapp.com/index/pt-br/transporte_p%C3%BAblico-line-332_1-Brasilia-1702-851943-2068455-0,-1.0,-15.835533,-48.07575,57.0,,,2,2023-06-17T09:42:56+00:00
BRA_445029,Brasília,5300108,,Marechal,0.910,https://moovitapp.com/index/pt-br/transporte_p%C3%BAblico-line-0_910-Brasilia-1702-851940-347156-0,-1.0,-15.83931,-48.128307,0.0,,,2,2023-06-17T10:01:42+00:00
BRA_445037,Brasília,5300108,,Marechal,0.383,https://moovitapp.com/index/pt-br/transporte_p%C3%BAblico-line-0_383-Brasilia-1702-851940-347151-0,-1.0,-15.836683,-48.119793,12.0,,,2,2023-06-17T10:01:50+00:00
BRA_444812,Brasília,5300108,,Urbi,0.367,https://moovitapp.com/index/pt-br/transporte_p%C3%BAblico-line-0_367-Brasilia-1702-851595-519380-0,-1.0,-15.850653,-48.06122,32.0,,,2,2023-06-17T10:01:47+00:00
BRA_444961,Brasília,5300108,,Marechal,304.1,https://moovitapp.com/index/pt-br/transporte_p%C3%BAblico-line-304_1-Brasilia-1702-851940-516636-0,-1.0,-15.83023,-48.053537,41.0,,,2,2023-06-17T10:01:42+00:00
BRA_444821,Brasília,5300108,,Marechal,0.383,https://moovitapp.com/index/pt-br/transporte_p%C3%BAblico-line-0_383-Brasilia-1702-851940-347151-0,-1.0,-15.8034,-48.069563,2.0,,,2,2023-06-17T10:01:47+00:00
BRA_444766,Brasília,5300108,,Urbi,0.054,https://moovitapp.com/index/pt-br/transporte_p%C3%BAblico-line-0_054-Brasilia-1702-851595-454960-0,-1.0,-15.894143,-48.113017,9.0,,,2,2023-06-17T10:01:54+00:00
BRA_444774,Brasília,5300108,,Marechal,386.1,https://moovitapp.com/index/pt-br/transporte_p%C3%BAblico-line-386_1-Brasilia-1702-851940-775114-0,-1.0,-15.837277,-47.882487,60.0,,,2,2023-06-17T10:01:52+00:00
BRA_443905,Brasília,5300108,,Marechal,355.1,https://moovitapp.com/index/pt-br/transporte_p%C3%BAblico-line-355_1-Brasilia-1702-851940-729097-0,-1.0,-15.870143,-48.038953,0.0,,,2,2023-06-17T10:01:42+00:00
BRA_445118,Brasília,5300108,,Marechal,0.305,https://moovitapp.com/index/pt-br/transporte_p%C3%BAblico-line-0_305-Brasilia-1702-851940-775108-0,-1.0,-15.82491,-47.923687,35.0,,,2,2023-06-17T10:01:52+00:00
BRA_443611,Brasília,5300108,,Marechal,0.355,https://moovitapp.com/index/pt-br/transporte_p%C3%BAblico-line-0_355-Brasilia-1702-851940-504338-0,-1.0,-15.844413,-48.050043,0.0,,,2,2023-06-17T10:01:47+00:00
BRA_440647,Brasília,5300108,,Piracicabana,099.1,https://moovitapp.com/index/pt-br/transporte_p%C3%BAblico-line-099_1-Brasilia-1702-850942-775090-0,-1.0,-15.84373,-48.044717,19.0,,,2,2023-06-17T10:01:51+00:00
BRA_443255,Brasília,5300108,,Marechal,361.1,https://moovitapp.com/index/pt-br/transporte_p%C3%BAblico-line-361_1-Brasilia-1702-851940-363861-0,-1.0,-15.818977,-48.062183,4.0,,,2,2023-06-17T10:01:42+00:00
BRA_444839,Brasília,5300108,,Marechal,0.043,https://moovitapp.com/index/pt-br/transporte_p%C3%BAblico-line-0_043-Brasilia-1702-851940-781330-0,-1.0,-15.80887,-48.022027,19.0,,,2,2023-06-17T10:01:51+00:00
BRA_440884,Brasília,5300108,,Marechal,206.1,https://moovitapp.com/index/pt-br/transporte_p%C3%BAblico-line-206_1-Brasilia-1702-851940-137149861-0,-1.0,-15.856423,-48.03836,48.0,,,2,2023-06-17T10:01:42+00:00
BRA_444651,Brasília,5300108,,Marechal,363.2,https://moovitapp.com/index/pt-br/transporte_p%C3%BAblico-line-363_2-Brasilia-1702-851940-725443-0,-1.0,-15.833657,-48.05755,50.0,,,2,2023-06-17T10:01:42+00:00
BRA_440442,Brasília,5300108,,Marechal,156.8,https://moovitapp.com/index/pt-br/transporte_p%C3%BAblico-line-156_8-Brasilia-1702-851940-312445-0,-1.0,-15.73473,-47.90102,48.0,,,2,2023-06-17T10:01:45+00:00
BRA_440256,Brasília,5300108,,Urbi,805.1,https://moovitapp.com/index/pt-br/transporte_p%C3%BAblico-line-805_1-Brasilia-1702-851595-454980-0,-1.0,-15.906373,-48.081397,44.0,,,2,2023-06-17T10:01:44+00:00
BRA_444901,Brasília,5300108,,Marechal,0.383,https://moovitapp.com/index/pt-br/transporte_p%C3%BAblico-line-0_383-Brasilia-1702-851940-347151-0,-1.0,-15.777923,-47.9384,40.0,,,2,2023-06-17T10:01:42+00:00
BRA_441309,Brasília,5300108,,Urbi,823.1,https://moovitapp.com/index/pt-br/transporte_p%C3%BAblico-line-823_1-Brasilia-1702-851595-3494520-0,-1.0,-15.87546,-48.033317,30.0,,,2,2023-06-17T10:01:42+00:00
BRA_443913,Brasília,5300108,,Marechal,933.3,https://moovitapp.com/index/pt-br/transporte_p%C3%BAblico-line-933_3-Brasilia-1702-851940-450287-0,-1.0,-15.839787,-48.130057,0.0,,,2,2023-06-17T10:01:42+00:00
BRA_443638,Brasília,5300108,,Marechal,0.951,https://moovitapp.com/index/pt-br/transporte_p%C3%BAblico-line-0_951-Brasilia-1702-851940-783578-0,-1.0,-15.8309,-48.051017,11.0,,,2,2023-06-17T10:01:44+00:00
BRA_443808,Brasília,5300108,,Marechal,157.1,https://moovitapp.com/index/pt-br/transporte_p%C3%BAblico-line-157_1-Brasilia-1702-851940-88144062-0,-1.0,-15.801887,-47.94078,35.0,,,2,2023-06-17T10:01:42+00:00
BRA_445169,Brasília,5300108,,Marechal,0.305,https://moovitapp.com/index/pt-br/transporte_p%C3%BAblico-line-0_305-Brasilia-1702-851940-775108-0,-1.0,-15.866793,-48.03756,0.0,,,2,2023-06-17T10:01:42+00:00
BRA_228800,Brasília,5300108,,Pioneira,2307,https://moovitapp.com/index/pt-br/transporte_p%C3%BAblico-line-2307-Brasilia-1702-851941-18556638-0,-1.0,-16.00213,-47.986373,,,,2,2023-06-17T10:01:14+00:00
BRA_229229,Brasília,5300108,,Pioneira,0.253,https://moovitapp.com/index/pt-br/transporte_p%C3%BAblico-line-0_253-Brasilia-1702-851941-510254-0,-1.0,-15.905434,-48.053082,,,,2,2023-06-17T10:00:58+00:00
BRA_230189,Brasília,5300108,,Pioneira,3312,https://moovitapp.com/index/pt-br/transporte_p%C3%BAblico-line-3312-Brasilia-1702-851941-616181-0,-1.0,-16.041815,-48.026398,,,,1,2023-06-17T10:01:36+00:00
BRA_227676,Brasília,5300108,,Pioneira,147.5,https://moovitapp.com/index/pt-br/transporte_p%C3%BAblico-line-147_5-Brasilia-1702-851941-519406-0,-1.0,-15.912375,-47.754617,,,,1,2023-06-17T10:01:06+00:00
BRA_223930,Brasília,5300108,,Pioneira,2307,https://moovitapp.com/index/pt-br/transporte_p%C3%BAblico-line-2307-Brasilia-1702-851941-18556638-0,-1.0,-15.953064,-47.994345,,,,1,2023-06-14T10:16:34+00:00
BRA_227901,Brasília,5300108,,Pioneira,180.1,https://moovitapp.com/index/pt-br/transporte_p%C3%BAblico-line-180_1-Brasilia-1702-851941-339336-0,-1.0,-15.887969,-47.808175,,,,2,2023-06-17T10:01:16+00:00
BRA_231967,Brasília,5300108,,Pioneira,197.3,https://moovitapp.com/index/pt-br/transporte_p%C3%BAblico-line-197_3-Brasilia-1702-851941-519409-0,-1.0,-15.897191,-47.789502,,,,1,2023-06-17T09:37:50+00:00
BRA_228681,Brasília,5300108,,Pioneira,147.2,https://moovitapp.com/index/pt-br/transporte_p%C3%BAblico-line-147_2-Brasilia-1702-851941-519403-0,-1.0,-15.91313,-47.756734,,,,1,2023-06-17T09:45:30+00:00
BRA_229768,Brasília,5300108,,Pioneira,0.101,https://moovitapp.com/index/pt-br/transporte_p%C3%BAblico-line-0_101-Brasilia-1702-851941-587082-0,-1.0,-15.766238,-47.890306,,,,1,2023-06-17T10:01:00+00:00
BRA_231321,Brasília,5300108,,Taguatur,3304,https://moovitapp.com/index/pt-br/transporte_p%C3%BAblico-line-3304-Brasilia-1702-854428-21462346-0,-1.0,-16.00624,-47.986621,,,,1,2023-06-17T10:01:44+00:00
BRA_232165,Brasília,5300108,,Pioneira,205.1,https://moovitapp.com/index/pt-br/transporte_p%C3%BAblico-line-205_1-Brasilia-1702-851941-393571-0,-1.0,-16.032701,-48.057894,,,,1,2023-06-17T09:20:44+00:00
BRA_232521,Brasília,5300108,,Pioneira,2307,https://moovitapp.com/index/pt-br/transporte_p%C3%BAblico-line-2307-Brasilia-1702-851941-18556638-0,-1.0,-15.881238,-47.959924,,,,1,2023-06-17T10:01:30+00:00
BRA_228265,Brasília,5300108,,Taguatur,3305,https://moovitapp.com/index/pt-br/transporte_p%C3%BAblico-line-3305-Brasilia-1702-854428-77810673-0,-1.0,-16.049254,-47.967706,,,,1,2023-06-17T10:02:04+00:00
BRA_226220,Brasília,5300108,,UTB,2302,https://moovitapp.com/index/pt-br/transporte_p%C3%BAblico-line-2302-Brasilia-1702-854427-744298-0,-1.0,-15.845219,-47.931447,,,,1,2023-06-16T12:33:00+00:00
BRA_229385,Brasília,5300108,,Pioneira,764.2,https://moovitapp.com/index/pt-br/transporte_p%C3%BAblico-line-764_2-Brasilia-1702-851941-527246-0,-1.0,-15.801934,-47.853373,,,,1,2023-06-17T10:01:26+00:00
BRA_227269,Brasília,5300108,,Pioneira,147.5,https://moovitapp.com/index/pt-br/transporte_p%C3%BAblico-line-147_5-Brasilia-1702-851941-519406-0,-1.0,-15.886566,-47.81124,,,,1,2023-06-17T10:02:08+00:00
BRA_231444,Brasília,5300108,,Pioneira,183.8,https://moovitapp.com/index/pt-br/transporte_p%C3%BAblico-line-183_8-Brasilia-1702-851941-719958-0,-1.0,-15.911641,-47.767988,,,,1,2023-06-17T10:00:44+00:00
BRA_230111,Brasília,5300108,,Taguatur,3302,https://moovitapp.com/index/pt-br/transporte_p%C3%BAblico-line-3302-Brasilia-1702-854428-3135322-0,-1.0,-16.005016,-47.995223,,,,1,2023-06-17T10:01:16+00:00
BRA_230120,Brasília,5300108,,Taguatur,3303,https://moovitapp.com/index/pt-br/transporte_p%C3%BAblico-line-3303-Brasilia-1702-854428-2224148-0,-1.0,-16.001901,-47.985807,,,,1,2023-06-17T10:00:50+00:00
BRA_232297,Brasília,5300108,,Pioneira,020.2,https://moovitapp.com/index/pt-br/transporte_p%C3%BAblico-line-020_2-Brasilia-1702-851941-708653-0,-1.0,-16.015011,-48.060209,,,,1,2023-06-17T10:01:40+00:00
BRA_229032,Brasília,5300108,,Urbi,119.0,https://moovitapp.com/index/pt-br/transporte_p%C3%BAblico-line-119_0-Brasilia-1702-851595-139513625-0,-1.0,-15.89565,-47.912704,,,,1,2023-06-17T10:01:20+00:00
BRA_227331,Brasília,5300108,,Pioneira,0.181,https://moovitapp.com/index/pt-br/transporte_p%C3%BAblico-line-0_181-Brasilia-1702-851941-242838-0,-1.0,-15.890692,-47.797876,,,,1,2023-06-17T10:01:38+00:00
BRA_229253,Brasília,5300108,,Pioneira,100.2,https://moovitapp.com/index/pt-br/transporte_p%C3%BAblico-line-100_2-Brasilia-1702-851941-620160-0,-1.0,-15.760632,-47.781631,,,,1,2023-06-17T10:01:54+00:00
BRA_232629,Brasília,5300108,,,2202,,,-15.797726,-47.884825,,,,1,2023-06-17T10:02:16+00:00
BRA_228249,Brasília,5300108,,Pioneira,2306,https://moovitapp.com/index/pt-br/transporte_p%C3%BAblico-line-2306-Brasilia-1702-851941-18556641-0,-1.0,-15.740886,-47.898418,,,,2,2023-06-17T10:01:34+00:00
BRA_225941,Brasília,5300108,,Taguatur,2301,https://moovitapp.com/index/pt-br/transporte_p%C3%BAblico-line-2301-Brasilia-1702-854428-81537943-0,-1.0,-15.794136,-47.882403,,,,1,2023-06-17T10:00:58+00:00
BRA_228516,Brasília,5300108,,Pioneira,784.3,https://moovitapp.com/index/pt-br/transporte_p%C3%BAblico-line-784_3-Brasilia-1702-851941-46904557-0,-1.0,-15.751449,-47.778694,,,,1,2023-06-17T10:01:08+00:00
BRA_231754,Brasília,5300108,,Pioneira,0.102,https://moovitapp.com/index/pt-br/transporte_p%C3%BAblico-line-0_102-Brasilia-1702-851941-775119-0,-1.0,-15.8312,-47.909564,,,,1,2023-06-17T10:01:36+00:00
BRA_228303,Brasília,5300108,,,3206,,,-16.037642,-48.056496,,,,1,2023-06-17T10:01:00+00:00
BRA_232432,Brasília,5300108,,,3301,,,-16.002219,-47.987059,,,,1,2023-06-17T10:01:32+00:00
BRA_226823,Brasília,5300108,,Pioneira,0.765,https://moovitapp.com/index/pt-br/transporte_p%C3%BAblico-line-0_765-Brasilia-1702-851941-576190-0,-1.0,-15.750078,-47.774867,,,,1,2023-06-17T10:02:24+00:00
BRA_227382,Brasília,5300108,,Pioneira,170.1,https://moovitapp.com/index/pt-br/transporte_p%C3%BAblico-line-170_1-Brasilia-1702-851941-242912-0,-1.0,-15.878482,-47.823015,,,,1,2023-06-17T10:01:36+00:00
BRA_226963,Brasília,5300108,,,2202,,,-15.993166,-48.050875,,,,2,2023-06-17T10:01:54+00:00
BRA_228133,Brasília,5300108,,Pioneira,780.1,https://moovitapp.com/index/pt-br/transporte_p%C3%BAblico-line-780_1-Brasilia-1702-851941-531040-0,-1.0,-15.751944,-47.780163,,,,1,2023-06-17T10:00:56+00:00
BRA_232254,Brasília,5300108,,,3301,,,-16.042283,-48.025927,,,,1,2023-06-17T10:00:56+00:00
BRA_225584,Brasília,5300108,,Taguatur,2301,https://moovitapp.com/index/pt-br/transporte_p%C3%BAblico-line-2301-Brasilia-1702-854428-81537943-0,-1.0,-15.834452,-47.925128,,,,2,2023-06-17T10:01:40+00:00
BRA_227765,Brasília,5300108,,,2202,,,-15.914771,-47.970065,,,,2,2023-06-17T10:01:40+00:00
BRA_228877,Brasília,5300108,,Pioneira,3312,https://moovitapp.com/index/pt-br/transporte_p%C3%BAblico-line-3312-Brasilia-1702-851941-616181-0,-1.0,-16.022484,-48.026054,,,,1,2023-06-17T10:02:12+00:00
BRA_231363,Brasília,5300108,,Pioneira,073.4,https://moovitapp.com/index/pt-br/transporte_p%C3%BAblico-line-073_4-Brasilia-1702-851941-77944646-0,-1.0,-15.8697,-47.921955,,,,1,2023-06-17T10:01:30+00:00
BRA_229601,Brasília,5300108,,Urbi,0.129,https://moovitapp.com/index/pt-br/transporte_p%C3%BAblico-line-0_129-Brasilia-1702-851595-775097-0,-1.0,-15.844089,-47.892086,,,,2,2023-06-17T10:01:36+00:00
BRA_229024,Brasília,5300108,,Pioneira,251.8,https://moovitapp.com/index/pt-br/transporte_p%C3%BAblico-line-251_8-Brasilia-1702-851941-708654-0,-1.0,-16.003382,-48.053406,,,,1,2023-06-17T10:01:36+00:00
BRA_230014,Brasília,5300108,,,3204,,,-15.991631,-48.049095,,,,1,2023-06-17T10:02:16+00:00
BRA_226360,Brasília,5300108,,Pioneira,2205,https://moovitapp.com/index/pt-br/transporte_p%C3%BAblico-line-2205-Brasilia-1702-851941-393568-0,-1.0,-15.967941,-48.022729,,,,1,2023-06-17T10:01:26+00:00
BRA_228567,Brasília,5300108,,Pioneira,2307,https://moovitapp.com/index/pt-br/transporte_p%C3%BAblico-line-2307-Brasilia-1702-851941-18556638-0,-1.0,-15.788383,-47.905482,,,,1,2023-06-17T10:01:44+00:00
BRA_231932,Brasília,5300108,,Pioneira,180.1,https://moovitapp.com/index/pt-br/transporte_p%C3%BAblico-line-180_1-Brasilia-1702-851941-339336-0,-1.0,-15.886974,-47.810731,,,,2,2023-06-17T10:01:08+00:00
BRA_232475,Brasília,5300108,,Pioneira,3307,https://moovitapp.com/index/pt-br/transporte_p%C3%BAblico-line-3307-Brasilia-1702-851941-519400-0,-1.0,-16.020533,-47.987879,,,,1,2023-06-17T10:00:30+00:00
BRA_228834,Brasília,5300108,,Pioneira,0.275,https://moovitapp.com/index/pt-br/transporte_p%C3%BAblico-line-0_275-Brasilia-1702-851941-706979-0,-1.0,-15.929635,-48.045096,,,,1,2023-06-17T10:02:14+00:00
BRA_226688,Brasília,5300108,,Pioneira,0.773,https://moovitapp.com/index/pt-br/transporte_p%C3%BAblico-line-0_773-Brasilia-1702-851941-242887-0,-1.0,-15.759934,-47.781053,,,,1,2023-06-17T10:01:14+00:00
BRA_225720,Brasília,5300108,,Pioneira,764.2,https://moovitapp.com/index/pt-br/transporte_p%C3%BAblico-line-764_2-Brasilia-1702-851941-527246-0,-1.0,-15.778112,-47.779692,,,,2,2023-06-17T10:00:56+00:00
BRA_231631,Brasília,5300108,,Pioneira,0.762,https://moovitapp.com/index/pt-br/transporte_p%C3%BAblico-line-0_762-Brasilia-1702-851941-576189-0,-1.0,-15.736016,-47.765285,,,,1,2023-06-15T08:20:24+00:00
BRA_225711,Brasília,5300108,,Pioneira,764.2,https://moovitapp.com/index/pt-br/transporte_p%C3%BAblico-line-764_2-Brasilia-1702-851941-527246-0,-1.0,-15.751441,-47.778796,,,,1,2023-06-17T10:01:12+00:00
BRA_232050,Brasília,5300108,,Pioneira,180.2,https://moovitapp.com/index/pt-br/transporte_p%C3%BAblico-line-180_2-Brasilia-1702-851941-514539-0,-1.0,-15.896149,-47.797253,,,,1,2023-06-17T10:01:46+00:00
BRA_227609,Brasília,5300108,,Pioneira,2205,https://moovitapp.com/index/pt-br/transporte_p%C3%BAblico-line-2205-Brasilia-1702-851941-393568-0,-1.0,-16.006336,-48.056718,,,,1,2023-06-17T10:01:56+00:00
BRA_232203,Brasília,5300108,,Taguatur,3302,https://moovitapp.com/index/pt-br/transporte_p%C3%BAblico-line-3302-Brasilia-1702-854428-3135322-0,-1.0,-16.004711,-47.992603,,,,1,2023-06-17T10:01:38+00:00
BRA_228281,Brasília,5300108,,,3202,,,-15.994487,-48.052306,,,,1,2023-06-17T10:01:42+00:00
BRA_228389,Brasília,5300108,,Pioneira,0.253,https://moovitapp.com/index/pt-br/transporte_p%C3%BAblico-line-0_253-Brasilia-1702-851941-510254-0,-1.0,-15.787358,-48.12935,,,,2,2023-06-17T10:01:28+00:00
BRA_228915,Brasília,5300108,,Pioneira,0.255,https://moovitapp.com/index/pt-br/transporte_p%C3%BAblico-line-0_255-Brasilia-1702-851941-706978-0,-1.0,-15.795062,-48.110664,,,,1,2023-06-17T10:01:46+00:00
BRA_230049,Brasília,5300108,,Taguatur,3305,https://moovitapp.com/index/pt-br/transporte_p%C3%BAblico-line-3305-Brasilia-1702-854428-77810673-0,-1.0,-16.026662,-47.991573,,,,1,2023-06-17T10:01:12+00:00
BRA_226947,Brasília,5300108,,Pioneira,780.1,https://moovitapp.com/index/pt-br/transporte_p%C3%BAblico-line-780_1-Brasilia-1702-851941-531040-0,-1.0,-15.818868,-47.832907,,,,1,2023-06-17T10:02:08+00:00
BRA_232602,Brasília,5300108,,Pioneira,2207,https://moovitapp.com/index/pt-br/transporte_p%C3%BAblico-line-2207-Brasilia-1702-851941-422078-0,-1.0,-16.001698,-47.986004,,,,1,2023-06-17T10:01:32+00:00
BRA_226301,Brasília,5300108,,,2201,,,-15.990634,-48.048046,,,,1,2023-06-17T10:01:38+00:00
BRA_226441,Brasília,5300108,,Pioneira,100.6,https://moovitapp.com/index/pt-br/transporte_p%C3%BAblico-line-100_6-Brasilia-1702-851941-767605-0,-1.0,-15.755514,-47.770334,,,,1,2023-06-17T10:01:00+00:00
BRA_228192,Brasília,5300108,,,3201,,,-16.029669,-48.06218,,,,1,2023-06-17T10:01:28+00:00
BRA_226556,Brasília,5300108,,Pioneira,0.765,https://moovitapp.com/index/pt-br/transporte_p%C3%BAblico-line-0_765-Brasilia-1702-851941-576190-0,-1.0,-15.840634,-47.885537,,,,1,2023-06-17T09:55:40+00:00
BRA_226424,Brasília,5300108,,Pioneira,760.1,https://moovitapp.com/index/pt-br/transporte_p%C3%BAblico-line-760_1-Brasilia-1702-851941-576193-0,-1.0,-15.785006,-47.79944,,,,1,2023-06-17T10:00:52+00:00
BRA_230065,Brasília,5300108,,Taguatur,3302,https://moovitapp.com/index/pt-br/transporte_p%C3%BAblico-line-3302-Brasilia-1702-854428-3135322-0,-1.0,-16.042251,-48.026169,,,,1,2023-06-17T10:01:48+00:00
BRA_226025,Brasília,5300108,,UTB,2302,https://moovitapp.com/index/pt-br/transporte_p%C3%BAblico-line-2302-Brasilia-1702-854427-744298-0,-1.0,-15.819844,-47.90346,,,,1,2023-06-17T10:01:52+00:00
BRA_228885,Brasília,5300108,,Pioneira,2307,https://moovitapp.com/index/pt-br/transporte_p%C3%BAblico-line-2307-Brasilia-1702-851941-18556638-0,-1.0,-15.785759,-47.90189,,,,1,2023-06-17T10:01:20+00:00
BRA_229008,Brasília,5300108,,Pioneira,0.255,https://moovitapp.com/index/pt-br/transporte_p%C3%BAblico-line-0_255-Brasilia-1702-851941-706978-0,-1.0,-15.807881,-48.082296,,,,2,2023-06-17T10:02:20+00:00
BRA_223905,Brasília,5300108,,UTB,2303,https://moovitapp.com/index/pt-br/transporte_p%C3%BAblico-line-2303-Brasilia-1702-854427-744299-0,-1.0,-15.791284,-47.889498,,,,1,2023-06-17T10:02:22+00:00
BRA_229849,Brasília,5300108,,Pioneira,0.147,https://moovitapp.com/index/pt-br/transporte_p%C3%BAblico-line-0_147-Brasilia-1702-851941-519401-0,-1.0,-15.794738,-47.882823,,,,2,2023-06-17T10:01:10+00:00
BRA_232084,Brasília,5300108,,Pioneira,180.1,https://moovitapp.com/index/pt-br/transporte_p%C3%BAblico-line-180_1-Brasilia-1702-851941-339336-0,-1.0,-15.902543,-47.776552,,,,1,2023-06-17T10:01:06+00:00
BRA_229652,Brasília,5300108,,Pioneira,759.1,https://moovitapp.com/index/pt-br/transporte_p%C3%BAblico-line-759_1-Brasilia-1702-851941-616183-0,-1.0,-15.74688,-47.765107,,,,1,2023-06-17T09:07:38+00:00
BRA_226831,Brasília,5300108,,Pioneira,0.510,https://moovitapp.com/index/pt-br/transporte_p%C3%BAblico-line-0_510-Brasilia-1702-851941-16483906-0,-1.0,-15.76021,-47.780773,,,,1,2023-06-15T13:15:44+00:00
BRA_227480,Brasília,5300108,,,3201,,,-15.998349,-48.058562,,,,1,2023-06-15T21:20:48+00:00
BRA_227480,Brasília,5300108,,Taguatur,3305,https://moovitapp.com/index/pt-br/transporte_p%C3%BAblico-line-3305-Brasilia-1702-854428-77810673-0,-1.0,-16.023947,-48.080878,,,,1,2023-06-17T10:01:26+00:00
BRA_230103,Brasília,5300108,,Pioneira,255.2,https://moovitapp.com/index/pt-br/transporte_p%C3%BAblico-line-255_2-Brasilia-1702-851941-312453-0,-1.0,-15.958552,-48.02697,,,,1,2023-06-17T10:01:18+00:00
BRA_231703,Brasília,5300108,,Pioneira,780.1,https://moovitapp.com/index/pt-br/transporte_p%C3%BAblico-line-780_1-Brasilia-1702-851941-531040-0,-1.0,-15.746072,-47.76856,,,,1,2023-06-17T10:00:54+00:00
BRA_228583,Brasília,5300108,,Pioneira,0.255,https://moovitapp.com/index/pt-br/transporte_p%C3%BAblico-line-0_255-Brasilia-1702-851941-706978-0,-1.0,-15.875128,-48.046438,,,,1,2023-06-17T10:02:28+00:00
BRA_230171,Brasília,5300108,,Pioneira,0.255,https://moovitapp.com/index/pt-br/transporte_p%C3%BAblico-line-0_255-Brasilia-1702-851941-706978-0,-1.0,-16.034618,-48.034065,,,,1,2023-06-17T10:02:06+00:00
BRA_232394,Brasília,5300108,,Taguatur,3302,https://moovitapp.com/index/pt-br/transporte_p%C3%BAblico-line-3302-Brasilia-1702-854428-3135322-0,-1.0,-16.009845,-48.008068,,,,1,2023-06-17T10:02:36+00:00
BRA_229512,Brasília,5300108,,Urbi,206.2,https://moovitapp.com/index/pt-br/transporte_p%C3%BAblico-line-206_2-Brasilia-1702-851595-781328-0,-1.0,-15.887205,-48.12125,,,,1,2023-06-17T10:01:38+00:00
BRA_229083,Brasília,5300108,,Pioneira,147.5,https://moovitapp.com/index/pt-br/transporte_p%C3%BAblico-line-147_5-Brasilia-1702-851941-519406-0,-1.0,-15.798238,-47.865262,,,,1,2023-06-17T10:01:52+00:00
BRA_231649,Brasília,5300108,,Pioneira,759.1,https://moovitapp.com/index/pt-br/transporte_p%C3%BAblico-line-759_1-Brasilia-1702-851941-616183-0,-1.0,-15.769717,-47.889098,,,,2,2023-06-17T10:01:04+00:00
BRA_226009,Brasília,5300108,,,2201,,,-15.793751,-47.882403,,,,1,2023-06-17T10:01:16+00:00
BRA_232335,Brasília,5300108,,Pioneira,251.7,https://moovitapp.com/index/pt-br/transporte_p%C3%BAblico-line-251_7-Brasilia-1702-851941-651524-0,-1.0,-16.02142,-48.082849,,,,1,2023-06-17T10:02:18+00:00
BRA_227129,Brasília,5300108,,Pioneira,2206,https://moovitapp.com/index/pt-br/transporte_p%C3%BAblico-line-2206-Brasilia-1702-851941-18556637-0,-1.0,-15.736804,-47.898908,,,,1,2023-06-17T10:01:42+00:00
BRA_232190,Brasília,5300108,,Pioneira,205.1,https://moovitapp.com/index/pt-br/transporte_p%C3%BAblico-line-205_1-Brasilia-1702-851941-393571-0,-1.0,-15.851331,-48.040754,,,,1,2023-06-17T10:01:42+00:00
BRA_226882,Brasília,5300108,,Pioneira,2205,https://moovitapp.com/index/pt-br/transporte_p%C3%BAblico-line-2205-Brasilia-1702-851941-393568-0,-1.0,-15.817275,-47.913111,,,,2,2023-06-17T10:02:06+00:00
BRA_225762,Brasília,5300108,,Pioneira,764.2,https://moovitapp.com/index/pt-br/transporte_p%C3%BAblico-line-764_2-Brasilia-1702-851941-527246-0,-1.0,-15.800193,-47.851606,,,,1,2023-06-17T10:00:52+00:00
BRA_228222,Brasília,5300108,,Pioneira,0.225,https://moovitapp.com/index/pt-br/transporte_p%C3%BAblico-line-0_225-Brasilia-1702-851941-510253-0,-1.0,-15.898501,-48.054525,,,,1,2023-06-17T10:02:14+00:00
BRA_229938,Brasília,5300108,,,3206,,,-15.991581,-48.049114,,,,1,2023-06-17T10:01:14+00:00
BRA_231827,Brasília,5300108,,Pioneira,180.1,https://moovitapp.com/index/pt-br/transporte_p%C3%BAblico-line-180_1-Brasilia-1702-851941-339336-0,-1.0,-15.912484,-47.754941,,,,1,2023-06-17T10:01:42+00:00
BRA_231789,Brasília,5300108,,Urbi,0.129,https://moovitapp.com/index/pt-br/transporte_p%C3%BAblico-line-0_129-Brasilia-1702-851595-775097-0,-1.0,-15.847867,-47.902176,,,,1,2023-06-17T09:58:52+00:00
BRA_229873,Brasília,5300108,,Pioneira,181.2,https://moovitapp.com/index/pt-br/transporte_p%C3%BAblico-line-181_2-Brasilia-1702-851941-339338-0,-1.0,-15.8449,-47.85029,,,,1,2023-06-17T10:01:40+00:00
BRA_227137,Brasília,5300108,,Pioneira,199.1,https://moovitapp.com/index/pt-br/transporte_p%C3%BAblico-line-199_1-Brasilia-1702-851941-770034-0,-1.0,-15.912034,-47.758718,,,,1,2023-06-17T10:01:48+00:00
BRA_227498,Brasília,5300108,,Pioneira,147.3,https://moovitapp.com/index/pt-br/transporte_p%C3%BAblico-line-147_3-Brasilia-1702-851941-574203-0,-1.0,-15.831076,-47.871785,,,,2,2023-06-17T10:01:48+00:00
BRA_225681,Brasília,5300108,,Pioneira,764.2,https://moovitapp.com/index/pt-br/transporte_p%C3%BAblico-line-764_2-Brasilia-1702-851941-527246-0,-1.0,-15.755564,-47.769437,,,,2,2023-06-17T10:01:30+00:00
BRA_231606,Brasília,5300108,,Pioneira,0.765,https://moovitapp.com/index/pt-br/transporte_p%C3%BAblico-line-0_765-Brasilia-1702-851941-576190-0,-1.0,-15.80857,-47.90119,,,,1,2023-06-17T10:01:06+00:00
BRA_225568,Brasília,5300108,,Taguatur,2301,https://moovitapp.com/index/pt-br/transporte_p%C3%BAblico-line-2301-Brasilia-1702-854428-81537943-0,-1.0,-15.994965,-47.985711,,,,1,2023-06-17T10:01:12+00:00
BRA_227871,Brasília,5300108,,Pioneira,0.170,https://moovitapp.com/index/pt-br/transporte_p%C3%BAblico-line-0_170-Brasilia-1702-851941-546850-0,-1.0,-15.824569,-47.899938,,,,2,2023-06-17T10:01:30+00:00
BRA_227447,Brasília,5300108,,Pioneira,2206,https://moovitapp.com/index/pt-br/transporte_p%C3%BAblico-line-2206-Brasilia-1702-851941-18556637-0,-1.0,-15.874036,-47.955016,,,,2,2023-06-17T10:01:36+00:00
BRA_227013,Brasília,5300108,,Pioneira,0.765,https://moovitapp.com/index/pt-br/transporte_p%C3%BAblico-line-0_765-Brasilia-1702-851941-576190-0,-1.0,-15.736183,-47.764961,,,,1,2023-06-17T10:02:18+00:00
BRA_227307,Brasília,5300108,,Pioneira,147.2,https://moovitapp.com/index/pt-br/transporte_p%C3%BAblico-line-147_2-Brasilia-1702-851941-519403-0,-1.0,-15.848454,-47.815646,,,,1,2023-06-17T10:01:24+00:00
BRA_227234,Brasília,5300108,,Pioneira,181.1,https://moovitapp.com/index/pt-br/transporte_p%C3%BAblico-line-181_1-Brasilia-1702-851941-242915-0,-1.0,-15.763377,-47.78036,,,,1,2023-06-17T10:02:04+00:00
BRA_229971,Brasília,5300108,,Pioneira,205.1,https://moovitapp.com/index/pt-br/transporte_p%C3%BAblico-line-205_1-Brasilia-1702-851941-393571-0,-1.0,-16.021677,-48.080166,,,,1,2023-06-17T10:00:38+00:00
BRA_227391,Brasília,5300108,,Pioneira,0.170,https://moovitapp.com/index/pt-br/transporte_p%C3%BAblico-line-0_170-Brasilia-1702-851941-546850-0,-1.0,-15.902292,-47.777194,,,,1,2023-06-17T10:00:52+00:00
BRA_228435,Brasília,5300108,,,3204,,,-16.017255,-48.064456,,,,1,2023-06-17T09:53:40+00:00
BRA_229920,Brasília,5300108,,,3207,,,-15.991785,-48.049241,,,,1,2023-06-17T10:01:56+00:00
BRA_225533,Brasília,5300108,,,2201,,,-15.953732,-48.007,,,,2,2023-06-17T09:26:32+00:00
BRA_225959,Brasília,5300108,,UTB,2302,https://moovitapp.com/index/pt-br/transporte_p%C3%BAblico-line-2302-Brasilia-1702-854427-744298-0,-1.0,-15.853287,-47.932903,,,,2,2023-06-17T10:01:44+00:00
BRA_227111,Brasília,5300108,,Pioneira,183.6,https://moovitapp.com/index/pt-br/transporte_p%C3%BAblico-line-183_6-Brasilia-1702-851941-242921-0,-1.0,-15.913305,-47.757637,,,,1,2023-06-17T10:01:46+00:00
BRA_228869,Brasília,5300108,,Pioneira,251.7,https://moovitapp.com/index/pt-br/transporte_p%C3%BAblico-line-251_7-Brasilia-1702-851941-651524-0,-1.0,-16.048869,-48.034885,,,,1,2023-06-17T10:01:10+00:00
BRA_227404,Brasília,5300108,,Pioneira,147.7,https://moovitapp.com/index/pt-br/transporte_p%C3%BAblico-line-147_7-Brasilia-1702-851941-574205-0,-1.0,-15.863013,-47.82262,,,,1,2023-06-17T10:01:16+00:00
BRA_228079,Brasília,5300108,,,3201,,,-16.002108,-48.059617,,,,1,2023-06-17T10:01:48+00:00
BRA_229610,Brasília,5300108,,,3204,,,-16.020714,-48.050704,,,,1,2023-06-17T10:01:06+00:00
BRA_228044,Brasília,5300108,,Pioneira,170.4,https://moovitapp.com/index/pt-br/transporte_p%C3%BAblico-line-170_4-Brasilia-1702-851941-379787-0,-1.0,-16.007105,-47.803102,,,,1,2023-06-17T10:01:30+00:00
BRA_226785,Brasília,5300108,,Pioneira,124.6,https://moovitapp.com/index/pt-br/transporte_p%C3%BAblico-line-124_6-Brasilia-1702-851941-425282-0,-1.0,-15.798933,-47.949898,,,,1,2023-06-17T10:01:20+00:00
BRA_227056,Brasília,5300108,,Pioneira,0.101,https://moovitapp.com/index/pt-br/transporte_p%C3%BAblico-line-0_101-Brasilia-1702-851941-587082-0,-1.0,-15.736648,-47.765578,,,,1,2023-06-17T10:01:48+00:00
BRA_229261,Brasília,5300108,,Pioneira,0.253,https://moovitapp.com/index/pt-br/transporte_p%C3%BAblico-line-0_253-Brasilia-1702-851941-510254-0,-1.0,-16.023588,-48.027752,,,,1,2023-06-17T10:00:42+00:00
BRA_227595,Brasília,5300108,,Pioneira,147.2,https://moovitapp.com/index/pt-br/transporte_p%C3%BAblico-line-147_2-Brasilia-1702-851941-519403-0,-1.0,-15.894623,-47.785027,,,,1,2023-06-17T10:01:58+00:00
BRA_232483,Brasília,5300108,,Pioneira,0.273,https://moovitapp.com/index/pt-br/transporte_p%C3%BAblico-line-0_273-Brasilia-1702-851941-510255-0,-1.0,-15.812875,-48.096347,,,,1,2023-06-17T10:01:32+00:00
BRA_227455,Brasília,5300108,,Pioneira,183.6,https://moovitapp.com/index/pt-br/transporte_p%C3%BAblico-line-183_6-Brasilia-1702-851941-242921-0,-1.0,-15.858676,-47.832297,,,,1,2023-06-17T10:01:10+00:00
BRA_229792,Brasília,5300108,,Pioneira,0.181,https://moovitapp.com/index/pt-br/transporte_p%C3%BAblico-line-0_181-Brasilia-1702-851941-242838-0,-1.0,-15.78246,-47.778249,,,,1,2023-06-17T10:01:00+00:00
BRA_228168,Brasília,5300108,,UTB,2303,https://moovitapp.com/index/pt-br/transporte_p%C3%BAblico-line-2303-Brasilia-1702-854427-744299-0,-1.0,-15.894062,-47.961863,,,,1,2023-06-17T10:01:28+00:00
BRA_226238,Brasília,5300108,,UTB,2302,https://moovitapp.com/index/pt-br/transporte_p%C3%BAblico-line-2302-Brasilia-1702-854427-744298-0,-1.0,-15.987174,-47.987295,,,,1,2023-06-17T10:01:50+00:00
BRA_228001,Brasília,5300108,,UTB,2303,https://moovitapp.com/index/pt-br/transporte_p%C3%BAblico-line-2303-Brasilia-1702-854427-744299-0,-1.0,-15.820228,-47.949605,,,,1,2023-06-16T21:51:04+00:00
BRA_228311,Brasília,5300108,,,3206,,,-16.029112,-48.070337,,,,1,2023-06-17T10:01:48+00:00
BRA_230073,Brasília,5300108,,Pioneira,0.253,https://moovitapp.com/index/pt-br/transporte_p%C3%BAblico-line-0_253-Brasilia-1702-851941-510254-0,-1.0,-15.874181,-48.058797,,,,1,2023-06-17T10:01:50+00:00
BRA_232581,Brasília,5300108,,UTB,2303,https://moovitapp.com/index/pt-br/transporte_p%C3%BAblico-line-2303-Brasilia-1702-854427-744299-0,-1.0,-15.813894,-47.908044,,,,1,2023-06-17T10:01:20+00:00
BRA_226271,Brasília,5300108,,,2202,,,-15.813875,-47.895767,,,,1,2023-06-17T10:01:46+00:00
BRA_227790,Brasília,5300108,,,3207,,,-15.991651,-48.049324,,,,1,2023-06-17T10:01:32+00:00
BRA_228052,Brasília,5300108,,,3201,,,-16.037352,-48.056349,,,,1,2023-06-17T10:01:38+00:00
BRA_228907,Brasília,5300108,,Pioneira,271.3,https://moovitapp.com/index/pt-br/transporte_p%C3%BAblico-line-271_3-Brasilia-1702-851941-669626-0,-1.0,-16.017738,-47.987511,,,,1,2023-06-17T10:01:58+00:00
BRA_228991,Brasília,5300108,,Pioneira,3312,https://moovitapp.com/index/pt-br/transporte_p%C3%BAblico-line-3312-Brasilia-1702-851941-616181-0,-1.0,-16.022656,-48.026328,,,,1,2023-06-17T10:01:58+00:00
BRA_226653,Brasília,5300108,,Urbi,0.129,https://moovitapp.com/index/pt-br/transporte_p%C3%BAblico-line-0_129-Brasilia-1702-851595-775097-0,-1.0,-15.866194,-47.963097,,,,2,2023-06-17T10:01:54+00:00
BRA_232301,Brasília,5300108,,Taguatur,3302,https://moovitapp.com/index/pt-br/transporte_p%C3%BAblico-line-3302-Brasilia-1702-854428-3135322-0,-1.0,-16.049353,-48.029716,,,,1,2023-06-17T10:01:36+00:00
BRA_229369,Brasília,5300108,,Pioneira,2306,https://moovitapp.com/index/pt-br/transporte_p%C3%BAblico-line-2306-Brasilia-1702-851941-18556641-0,-1.0,-15.779745,-47.887636,,,,1,2023-06-17T10:01:44+00:00
BRA_228206,Brasília,5300108,,,3207,,,-16.009502,-48.082105,,,,1,2023-06-17T10:01:30+00:00
BRA_227561,Brasília,5300108,,Taguatur,3305,https://moovitapp.com/index/pt-br/transporte_p%C3%BAblico-line-3305-Brasilia-1702-854428-77810673-0,-1.0,-16.032482,-48.057583,,,,1,2023-06-17T10:01:30+00:00
BRA_223611,Brasília,5300108,,Pioneira,2306,https://moovitapp.com/index/pt-br/transporte_p%C3%BAblico-line-2306-Brasilia-1702-851941-18556641-0,-1.0,-15.913962,-47.969429,,,,2,2023-06-17T09:56:08+00:00
BRA_226211,Brasília,5300108,,UTB,2302,https://moovitapp.com/index/pt-br/transporte_p%C3%BAblico-line-2302-Brasilia-1702-854427-744298-0,-1.0,-16.002295,-47.986532,,,,2,2023-06-17T10:01:44+00:00
BRA_232181,Brasília,5300108,,Pioneira,205.1,https://moovitapp.com/index/pt-br/transporte_p%C3%BAblico-line-205_1-Brasilia-1702-851941-393571-0,-1.0,-15.80221,-48.099119,,,,2,2023-06-17T10:01:20+00:00
BRA_223883,Brasília,5300108,,Pioneira,2310,https://moovitapp.com/index/pt-br/transporte_p%C3%BAblico-line-2310-Brasilia-1702-851941-57764377-0,-1.0,-15.91694,-47.971343,,,,1,2023-06-17T10:01:52+00:00
BRA_226840,Brasília,5300108,,Pioneira,759.1,https://moovitapp.com/index/pt-br/transporte_p%C3%BAblico-line-759_1-Brasilia-1702-851941-616183-0,-1.0,-15.720406,-47.854371,,,,1,2023-06-17T10:02:04+00:00
BRA_225525,Brasília,5300108,,UTB,2302,https://moovitapp.com/index/pt-br/transporte_p%C3%BAblico-line-2302-Brasilia-1702-854427-744298-0,-1.0,-15.891053,-47.961348,,,,1,2023-06-17T10:01:12+00:00
BRA_232041,Brasília,5300108,,Pioneira,147.6,https://moovitapp.com/index/pt-br/transporte_p%C3%BAblico-line-147_6-Brasilia-1702-851941-516646-0,-1.0,-15.913335,-47.757402,,,,1,2023-06-17T10:01:42+00:00
BRA_229865,Brasília,5300108,,Pioneira,0.147,https://moovitapp.com/index/pt-br/transporte_p%C3%BAblico-line-0_147-Brasilia-1702-851941-519401-0,-1.0,-15.904622,-47.763022,,,,1,2023-06-17T10:01:42+00:00
BRA_228737,Brasília,5300108,,Pioneira,197.6,https://moovitapp.com/index/pt-br/transporte_p%C3%BAblico-line-197_6-Brasilia-1702-851941-58708337-0,-1.0,-15.904551,-47.772711,,,,1,2023-06-17T10:00:46+00:00
BRA_225541,Brasília,5300108,,Taguatur,2301,https://moovitapp.com/index/pt-br/transporte_p%C3%BAblico-line-2301-Brasilia-1702-854428-81537943-0,-1.0,-15.90095,-47.962919,,,,1,2023-06-17T10:02:14+00:00
BRA_223948,Brasília,5300108,,UTB,2303,https://moovitapp.com/index/pt-br/transporte_p%C3%BAblico-line-2303-Brasilia-1702-854427-744299-0,-1.0,-15.799254,-47.892982,,,,2,2023-06-17T09:54:26+00:00
BRA_227668,Brasília,5300108,,Pioneira,180.1,https://moovitapp.com/index/pt-br/transporte_p%C3%BAblico-line-180_1-Brasilia-1702-851941-339336-0,-1.0,-15.880968,-47.822741,,,,1,2023-06-17T10:01:36+00:00
BRA_229806,Brasília,5300108,,Pioneira,183.2,https://moovitapp.com/index/pt-br/transporte_p%C3%BAblico-line-183_2-Brasilia-1702-851941-242920-0,-1.0,-15.913278,-47.756938,,,,1,2023-06-17T10:00:48+00:00
BRA_228923,Brasília,5300108,,Pioneira,073.1,https://moovitapp.com/index/pt-br/transporte_p%C3%BAblico-line-073_1-Brasilia-1702-851941-775123-0,-1.0,-15.837197,-47.952485,,,,1,2023-06-17T10:02:00+00:00
BRA_232122,Brasília,5300108,,Pioneira,147.2,https://moovitapp.com/index/pt-br/transporte_p%C3%BAblico-line-147_2-Brasilia-1702-851941-519403-0,-1.0,-15.820195,-47.917199,,,,1,2023-06-17T10:00:58+00:00
BRA_228478,Brasília,5300108,,,3202,,,-16.037489,-48.0564,,,,1,2023-06-17T10:00:58+00:00
BRA_231614,Brasília,5300108,,Pioneira,0.762,https://moovitapp.com/index/pt-br/transporte_p%C3%BAblico-line-0_762-Brasilia-1702-851941-576189-0,-1.0,-15.760077,-47.78132,,,,1,2023-06-17T10:02:22+00:00
BRA_226548,Brasília,5300108,,Pioneira,0.101,https://moovitapp.com/index/pt-br/transporte_p%C3%BAblico-line-0_101-Brasilia-1702-851941-587082-0,-1.0,-15.743604,-47.760098,,,,1,2023-06-17T10:01:46+00:00
BRA_227617,Brasília,5300108,,,3202,,,-16.031999,-48.057405,,,,1,2023-06-17T10:01:18+00:00
BRA_226203,Brasília,5300108,,Taguatur,2301,https://moovitapp.com/index/pt-br/transporte_p%C3%BAblico-line-2301-Brasilia-1702-854428-81537943-0,-1.0,-16.002508,-47.986729,,,,1,2023-06-17T10:01:54+00:00
BRA_231681,Brasília,5300108,,Pioneira,761.1,https://moovitapp.com/index/pt-br/transporte_p%C3%BAblico-line-761_1-Brasilia-1702-851941-620161-0,-1.0,-15.794727,-47.882174,,,,1,2023-06-17T10:01:30+00:00
BRA_231894,Brasília,5300108,,Pioneira,180.1,https://moovitapp.com/index/pt-br/transporte_p%C3%BAblico-line-180_1-Brasilia-1702-851941-339336-0,-1.0,-15.912843,-47.758088,,,,2,2023-06-17T10:01:28+00:00
BRA_232131,Brasília,5300108,,Pioneira,205.1,https://moovitapp.com/index/pt-br/transporte_p%C3%BAblico-line-205_1-Brasilia-1702-851941-393571-0,-1.0,-15.971931,-48.027504,,,,2,2023-06-17T10:00:50+00:00
BRA_223603,Brasília,5300108,,Pioneira,2306,https://moovitapp.com/index/pt-br/transporte_p%C3%BAblico-line-2306-Brasilia-1702-851941-18556641-0,-1.0,-15.737395,-47.898616,,,,1,2023-06-17T10:02:04+00:00
BRA_228354,Brasília,5300108,,Taguatur,3303,https://moovitapp.com/index/pt-br/transporte_p%C3%BAblico-line-3303-Brasilia-1702-854428-2224148-0,-1.0,-16.03122,-48.025864,,,,1,2023-06-17T10:02:18+00:00
BRA_232572,Brasília,5300108,,Pioneira,2310,https://moovitapp.com/index/pt-br/transporte_p%C3%BAblico-line-2310-Brasilia-1702-851941-57764377-0,-1.0,-15.821185,-47.949828,,,,1,2023-06-17T10:01:42+00:00
BRA_230197,Brasília,5300108,,Pioneira,251.6,https://moovitapp.com/index/pt-br/transporte_p%C3%BAblico-line-251_6-Brasilia-1702-851941-35763436-0,-1.0,-16.022453,-48.069866,,,,1,2023-06-17T10:01:20+00:00
BRA_226246,Brasília,5300108,,,2201,,,-15.99288,-48.050182,,,,1,2023-06-17T10:01:54+00:00
BRA_232611,Brasília,5300108,,Pioneira,2306,https://moovitapp.com/index/pt-br/transporte_p%C3%BAblico-line-2306-Brasilia-1702-851941-18556641-0,-1.0,-15.860108,-47.936597,,,,1,2023-06-17T10:01:42+00:00
BRA_232416,Brasília,5300108,,Pioneira,251.6,https://moovitapp.com/index/pt-br/transporte_p%C3%BAblico-line-251_6-Brasilia-1702-851941-35763436-0,-1.0,-16.002623,-47.986652,,,,1,2023-06-17T10:02:32+00:00
BRA_226751,Brasília,5300108,,Pioneira,780.1,https://moovitapp.com/index/pt-br/transporte_p%C3%BAblico-line-780_1-Brasilia-1702-851941-531040-0,-1.0,-15.752014,-47.758222,,,,1,2023-06-17T10:00:38+00:00
BRA_227196,Brasília,5300108,,Pioneira,183.2,https://moovitapp.com/index/pt-br/transporte_p%C3%BAblico-line-183_2-Brasilia-1702-851941-242920-0,-1.0,-15.867777,-47.780468,,,,1,2023-06-17T10:02:20+00:00
BRA_231576,Brasília,5300108,,Pioneira,124.6,https://moovitapp.com/index/pt-br/transporte_p%C3%BAblico-line-124_6-Brasilia-1702-851941-425282-0,-1.0,-15.888281,-47.960293,,,,1,2023-06-17T10:01:42+00:00
BRA_228150,Brasília,5300108,,Pioneira,197.6,https://moovitapp.com/index/pt-br/transporte_p%C3%BAblico-line-197_6-Brasilia-1702-851941-58708337-0,-1.0,-15.779409,-47.898641,,,,1,2023-06-17T10:01:42+00:00
BRA_229342,Brasília,5300108,,Pioneira,163.1,https://moovitapp.com/index/pt-br/transporte_p%C3%BAblico-line-163_1-Brasilia-1702-851941-242911-0,-1.0,-15.856487,-47.953039,,,,1,2023-06-17T10:00:58+00:00
BRA_227226,Brasília,5300108,,Pioneira,170.4,https://moovitapp.com/index/pt-br/transporte_p%C3%BAblico-line-170_4-Brasilia-1702-851941-379787-0,-1.0,-15.913634,-47.75688,,,,1,2023-06-17T10:00:48+00:00
BRA_229776,Brasília,5300108,,Pioneira,197.7,https://moovitapp.com/index/pt-br/transporte_p%C3%BAblico-line-197_7-Brasilia-1702-851941-104814190-0,-1.0,-15.873057,-47.822582,,,,1,2023-06-17T10:02:00+00:00
BRA_231436,Brasília,5300108,,Pioneira,183.0,https://moovitapp.com/index/pt-br/transporte_p%C3%BAblico-line-183_0-Brasilia-1702-851941-26502248-0,-1.0,-15.913405,-47.759748,,,,1,2023-06-17T10:01:48+00:00
BRA_228575,Brasília,5300108,,Pioneira,0.255,https://moovitapp.com/index/pt-br/transporte_p%C3%BAblico-line-0_255-Brasilia-1702-851941-706978-0,-1.0,-16.015341,-48.015106,,,,1,2023-06-14T10:14:20+00:00
BRA_227081,Brasília,5300108,,Pioneira,0.196,https://moovitapp.com/index/pt-br/transporte_p%C3%BAblico-line-0_196-Brasilia-1702-851941-242846-0,-1.0,-15.904045,-47.768897,,,,1,2023-06-17T10:02:00+00:00
BRA_229709,Brasília,5300108,,Pioneira,147.3,https://moovitapp.com/index/pt-br/transporte_p%C3%BAblico-line-147_3-Brasilia-1702-851941-574203-0,-1.0,-15.859189,-47.830803,,,,1,2023-06-17T10:01:48+00:00
BRA_232211,Brasília,5300108,,,3204,,,-16.020196,-48.068385,,,,1,2023-06-17T10:02:02+00:00
BRA_223930,Brasília,5300108,,Pioneira,2306,https://moovitapp.com/index/pt-br/transporte_p%C3%BAblico-line-2306-Brasilia-1702-851941-18556641-0,-1.0,-15.795288,-47.883077,,,,1,2023-06-16T20:31:08+00:00
BRA_223930,Brasília,5300108,,Pioneira,2207,https://moovitapp.com/index/pt-br/transporte_p%C3%BAblico-line-2207-Brasilia-1702-851941-422078-0,-1.0,-15.763694,-47.890859,,,,1,2023-06-14T12:55:10+00:00
BRA_229504,Brasília,5300108,,Pioneira,0.780,https://moovitapp.com/index/pt-br/transporte_p%C3%BAblico-line-0_780-Brasilia-1702-851941-514537-0,-1.0,-15.796309,-47.87855,,,,2,2023-06-14T19:24:22+00:00
BRA_226831,Brasília,5300108,,Urbi,0.129,https://moovitapp.com/index/pt-br/transporte_p%C3%BAblico-line-0_129-Brasilia-1702-851595-775097-0,-1.0,-15.871798,-47.958017,,,,1,2023-06-15T19:41:04+00:00
BRA_229008,Brasília,5300108,,Pioneira,251.8,https://moovitapp.com/index/pt-br/transporte_p%C3%BAblico-line-251_8-Brasilia-1702-851941-708654-0,-1.0,-16.023349,-48.053813,,,,1,2023-06-17T01:28:22+00:00
BRA_226645,Brasília,5300108,,Pioneira,2208,https://moovitapp.com/index/pt-br/transporte_p%C3%BAblico-line-2208-Brasilia-1702-851941-18556642-0,-1.0,-15.78832,-47.905596,,,,1,2023-06-17T10:01:42+00:00
BRA_232033,Brasília,5300108,,Pioneira,180.2,https://moovitapp.com/index/pt-br/transporte_p%C3%BAblico-line-180_2-Brasilia-1702-851941-514539-0,-1.0,-15.794493,-47.882136,,,,1,2023-06-17T10:00:56+00:00
BRA_229547,Brasília,5300108,,Pioneira,197.3,https://moovitapp.com/index/pt-br/transporte_p%C3%BAblico-line-197_3-Brasilia-1702-851941-519409-0,-1.0,-15.846903,-47.849921,,,,2,2023-06-17T10:01:06+00:00
BRA_223891,Brasília,5300108,,Pioneira,2306,https://moovitapp.com/index/pt-br/transporte_p%C3%BAblico-line-2306-Brasilia-1702-851941-18556641-0,-1.0,-15.93023,-47.980206,,,,1,2023-06-17T10:01:00+00:00
BRA_228427,Brasília,5300108,,Pioneira,3210,https://moovitapp.com/index/pt-br/transporte_p%C3%BAblico-line-3210-Brasilia-1702-851941-14518504-0,-1.0,-15.965648,-48.04659,,,,1,2023-06-17T10:01:02+00:00
BRA_229636,Brasília,5300108,,Pioneira,0.762,https://moovitapp.com/index/pt-br/transporte_p%C3%BAblico-line-0_762-Brasilia-1702-851941-576189-0,-1.0,-15.750451,-47.775801,,,,1,2023-06-17T10:01:44+00:00
BRA_232092,Brasília,5300108,,Pioneira,181.2,https://moovitapp.com/index/pt-br/transporte_p%C3%BAblico-line-181_2-Brasilia-1702-851941-339338-0,-1.0,-15.830282,-47.877031,,,,1,2023-06-16T22:12:22+00:00
BRA_226254,Brasília,5300108,,,2202,,,-15.866276,-47.942701,,,,1,2023-06-17T10:01:18+00:00
BRA_229067,Brasília,5300108,,Pioneira,251.8,https://moovitapp.com/index/pt-br/transporte_p%C3%BAblico-line-251_8-Brasilia-1702-851941-708654-0,-1.0,-16.048869,-48.033296,,,,1,2023-06-17T10:01:58+00:00
BRA_228486,Brasília,5300108,,Pioneira,2309,https://moovitapp.com/index/pt-br/transporte_p%C3%BAblico-line-2309-Brasilia-1702-851941-57764376-0,-1.0,-15.803248,-47.964781,,,,1,2023-06-17T10:02:28+00:00
BRA_227463,Brasília,5300108,,Pioneira,196.2,https://moovitapp.com/index/pt-br/transporte_p%C3%BAblico-line-196_2-Brasilia-1702-851941-242925-0,-1.0,-15.796653,-47.853062,,,,1,2023-06-17T10:01:02+00:00
BRA_229750,Brasília,5300108,,Pioneira,784.3,https://moovitapp.com/index/pt-br/transporte_p%C3%BAblico-line-784_3-Brasilia-1702-851941-46904557-0,-1.0,-15.743683,-47.783806,,,,1,2023-06-17T10:01:20+00:00
BRA_227684,Brasília,5300108,,Pioneira,2206,https://moovitapp.com/index/pt-br/transporte_p%C3%BAblico-line-2206-Brasilia-1702-851941-18556637-0,-1.0,-15.992064,-48.050011,,,,1,2023-06-17T10:01:20+00:00
BRA_231908,Brasília,5300108,,Pioneira,180.1,https://moovitapp.com/index/pt-br/transporte_p%C3%BAblico-line-180_1-Brasilia-1702-851941-339336-0,-1.0,-15.798548,-47.87141,,,,2,2023-06-17T10:01:02+00:00
BRA_223751,Brasília,5300108,,Pioneira,2307,https://moovitapp.com/index/pt-br/transporte_p%C3%BAblico-line-2307-Brasilia-1702-851941-18556638-0,-1.0,-15.92063,-47.97393,,,,2,2023-06-17T10:01:36+00:00
BRA_228087,Brasília,5300108,,Pioneira,2306,https://moovitapp.com/index/pt-br/transporte_p%C3%BAblico-line-2306-Brasilia-1702-851941-18556641-0,-1.0,-16.002378,-47.986824,,,,2,2023-06-17T10:02:24+00:00
BRA_230006,Brasília,5300108,,,3204,,,-15.991902,-48.049483,,,,1,2023-06-17T10:01:58+00:00
BRA_232271,Brasília,5300108,,Pioneira,205.1,https://moovitapp.com/index/pt-br/transporte_p%C3%BAblico-line-205_1-Brasilia-1702-851941-393571-0,-1.0,-15.815366,-48.0634,,,,2,2023-06-17T10:02:32+00:00
BRA_226351,Brasília,5300108,,,2202,,,-15.984966,-48.041917,,,,2,2023-06-17T10:01:46+00:00
BRA_229041,Brasília,5300108,,UTB,2303,https://moovitapp.com/index/pt-br/transporte_p%C3%BAblico-line-2303-Brasilia-1702-854427-744299-0,-1.0,-15.827904,-47.927467,,,,1,2023-06-17T10:01:54+00:00
BRA_226700,Brasília,5300108,,Pioneira,163.1,https://moovitapp.com/index/pt-br/transporte_p%C3%BAblico-line-163_1-Brasilia-1702-851941-242911-0,-1.0,-15.8448,-47.94106,,,,2,2023-06-16T00:12:20+00:00
BRA_229661,Brasília,5300108,,Pioneira,190.2,https://moovitapp.com/index/pt-br/transporte_p%C3%BAblico-line-190_2-Brasilia-1702-851941-138553357-0,-1.0,-15.912697,-47.762882,,,,1,2023-06-17T10:01:28+00:00
BRA_229504,Brasília,5300108,,Pioneira,124.6,https://moovitapp.com/index/pt-br/transporte_p%C3%BAblico-line-124_6-Brasilia-1702-851941-425282-0,-1.0,-15.801048,-47.938676,,,,1,2023-06-17T10:02:04+00:00
BRA_232157,Brasília,5300108,,Pioneira,0.225,https://moovitapp.com/index/pt-br/transporte_p%C3%BAblico-line-0_225-Brasilia-1702-851941-510253-0,-1.0,-15.810644,-48.090726,,,,2,2023-06-17T09:24:16+00:00
BRA_229504,Brasília,5300108,,Pioneira,0.780,https://moovitapp.com/index/pt-br/transporte_p%C3%BAblico-line-0_780-Brasilia-1702-851941-514537-0,-1.0,-15.752327,-47.763899,,,,1,2023-06-15T20:32:26+00:00
BRA_225649,Brasília,5300108,,,2202,,,-15.944257,-47.989602,,,,1,2023-06-17T10:02:12+00:00
BRA_226408,Brasília,5300108,,Taguatur,2301,https://moovitapp.com/index/pt-br/transporte_p%C3%BAblico-line-2301-Brasilia-1702-854428-81537943-0,-1.0,-15.820486,-47.905437,,,,1,2023-06-17T10:01:20+00:00
BRA_228354,Brasília,5300108,,Pioneira,0.253,https://moovitapp.com/index/pt-br/transporte_p%C3%BAblico-line-0_253-Brasilia-1702-851941-510254-0,-1.0,-16.044734,-48.029316,,,,1,2023-06-16T21:49:36+00:00
BRA_229580,Brasília,5300108,,,3206,,,-15.999478,-48.062262,,,,1,2023-06-17T10:01:44+00:00
BRA_226769,Brasília,5300108,,Pioneira,780.1,https://moovitapp.com/index/pt-br/transporte_p%C3%BAblico-line-780_1-Brasilia-1702-851941-531040-0,-1.0,-15.752745,-47.763467,,,,1,2023-06-17T10:01:52+00:00
BRA_231380,Brasília,5300108,,Pioneira,3208,https://moovitapp.com/index/pt-br/transporte_p%C3%BAblico-line-3208-Brasilia-1702-851941-704027-0,-1.0,-15.992247,-48.049915,,,,1,2023-06-17T09:57:30+00:00
BRA_225550,Brasília,5300108,,,2201,,,-15.848455,-47.931759,,,,2,2023-06-17T10:01:38+00:00
BRA_229695,Brasília,5300108,,Urbi,0.129,https://moovitapp.com/index/pt-br/transporte_p%C3%BAblico-line-0_129-Brasilia-1702-851595-775097-0,-1.0,-15.751667,-47.77912,,,,1,2023-06-16T21:48:42+00:00
BRA_229237,Brasília,5300108,,Pioneira,0.765,https://moovitapp.com/index/pt-br/transporte_p%C3%BAblico-line-0_765-Brasilia-1702-851941-576190-0,-1.0,-15.754272,-47.766919,,,,1,2023-06-17T10:01:48+00:00
BRA_229466,Brasília,5300108,,Pioneira,180.1,https://moovitapp.com/index/pt-br/transporte_p%C3%BAblico-line-180_1-Brasilia-1702-851941-339336-0,-1.0,-15.909689,-47.759703,,,,1,2023-06-17T09:41:18+00:00
BRA_227706,Brasília,5300108,,Pioneira,147.2,https://moovitapp.com/index/pt-br/transporte_p%C3%BAblico-line-147_2-Brasilia-1702-851941-519403-0,-1.0,-15.842722,-47.897274,,,,1,2023-06-17T10:01:48+00:00
BRA_226319,Brasília,5300108,,,2202,,,-15.854783,-47.933297,,,,2,2023-06-17T10:01:28+00:00
BRA_226327,Brasília,5300108,,Pioneira,2205,https://moovitapp.com/index/pt-br/transporte_p%C3%BAblico-line-2205-Brasilia-1702-851941-393568-0,-1.0,-15.803267,-47.895971,,,,1,2023-06-17T10:01:04+00:00
BRA_226289,Brasília,5300108,,UTB,2303,https://moovitapp.com/index/pt-br/transporte_p%C3%BAblico-line-2303-Brasilia-1702-854427-744299-0,-1.0,-16.002629,-47.986226,,,,2,2023-06-17T10:01:52+00:00
BRA_226726,Brasília,5300108,,Pioneira,2208,https://moovitapp.com/index/pt-br/transporte_p%C3%BAblico-line-2208-Brasilia-1702-851941-18556642-0,-1.0,-15.810045,-47.94834,,,,2,2023-06-17T10:01:38+00:00
BRA_232408,Brasília,5300108,,,3301,,,-16.042248,-48.026023,,,,1,2023-06-17T10:01:30+00:00
BRA_229679,Brasília,5300108,,Pioneira,0.784,https://moovitapp.com/index/pt-br/transporte_p%C3%BAblico-line-0_784-Brasilia-1702-851941-372405-0,-1.0,-15.764219,-47.788568,,,,1,2023-06-17T10:01:46+00:00
BRA_232289,Brasília,5300108,,Marechal,206.1,https://moovitapp.com/index/pt-br/transporte_p%C3%BAblico-line-206_1-Brasilia-1702-851940-137149861-0,-1.0,-16.024147,-48.090555,,,,1,2023-06-17T10:01:04+00:00
BRA_229377,Brasília,5300108,,Pioneira,0.765,https://moovitapp.com/index/pt-br/transporte_p%C3%BAblico-line-0_765-Brasilia-1702-851941-576190-0,-1.0,-15.805812,-47.797666,,,,1,2023-06-17T10:02:00+00:00
BRA_226041,Brasília,5300108,,UTB,2303,https://moovitapp.com/index/pt-br/transporte_p%C3%BAblico-line-2303-Brasilia-1702-854427-744299-0,-1.0,-15.874834,-47.956434,,,,2,2023-06-17T10:01:34+00:00
BRA_226661,Brasília,5300108,,Pioneira,0.101,https://moovitapp.com/index/pt-br/transporte_p%C3%BAblico-line-0_101-Brasilia-1702-851941-587082-0,-1.0,-15.71458,-47.874036,,,,1,2023-06-17T10:02:02+00:00
BRA_226475,Brasília,5300108,,Pioneira,100.8,https://moovitapp.com/index/pt-br/transporte_p%C3%BAblico-line-100_8-Brasilia-1702-851941-576191-0,-1.0,-15.736276,-47.765464,,,,1,2023-06-17T10:01:18+00:00
BRA_227731,Brasília,5300108,,Pioneira,181.2,https://moovitapp.com/index/pt-br/transporte_p%C3%BAblico-line-181_2-Brasilia-1702-851941-339338-0,-1.0,-15.906874,-47.753161,,,,1,2023-06-17T10:01:18+00:00
BRA_226131,Brasília,5300108,,UTB,2302,https://moovitapp.com/index/pt-br/transporte_p%C3%BAblico-line-2302-Brasilia-1702-854427-744298-0,-1.0,-15.930058,-47.98018,,,,2,2023-06-17T10:01:10+00:00
BRA_226785,Brasília,5300108,,Urbi,0.129,https://moovitapp.com/index/pt-br/transporte_p%C3%BAblico-line-0_129-Brasilia-1702-851595-775097-0,-1.0,-15.857808,-47.922941,,,,2,2023-06-15T10:14:04+00:00
BRA_228541,Brasília,5300108,,Pioneira,180.3,https://moovitapp.com/index/pt-br/transporte_p%C3%BAblico-line-180_3-Brasilia-1702-851941-546212-0,-1.0,-15.895491,-47.762081,,,,1,2023-06-17T09:59:10+00:00
BRA_232505,Brasília,5300108,,Pioneira,3307,https://moovitapp.com/index/pt-br/transporte_p%C3%BAblico-line-3307-Brasilia-1702-851941-519400-0,-1.0,-16.010608,-47.987542,,,,1,2023-06-17T10:01:48+00:00
BRA_228982,Brasília,5300108,,Pioneira,0.255,https://moovitapp.com/index/pt-br/transporte_p%C3%BAblico-line-0_255-Brasilia-1702-851941-706978-0,-1.0,-15.853098,-48.039768,,,,1,2023-06-17T10:01:02+00:00
BRA_226912,Brasília,5300108,,Pioneira,0.759,https://moovitapp.com/index/pt-br/transporte_p%C3%BAblico-line-0_759-Brasilia-1702-851941-775121-0,-1.0,-15.764249,-47.890687,,,,2,2023-06-16T20:31:02+00:00
BRA_227641,Brasília,5300108,,Pioneira,147.5,https://moovitapp.com/index/pt-br/transporte_p%C3%BAblico-line-147_5-Brasilia-1702-851941-519406-0,-1.0,-15.902788,-47.767841,,,,1,2023-06-17T10:00:46+00:00
BRA_227242,Brasília,5300108,,Pioneira,181.2,https://moovitapp.com/index/pt-br/transporte_p%C3%BAblico-line-181_2-Brasilia-1702-851941-339338-0,-1.0,-15.884733,-47.821832,,,,1,2023-06-17T10:01:54+00:00
BRA_231592,Brasília,5300108,,Pioneira,759.1,https://moovitapp.com/index/pt-br/transporte_p%C3%BAblico-line-759_1-Brasilia-1702-851941-616183-0,-1.0,-15.742755,-47.759824,,,,1,2023-06-17T10:01:38+00:00
BRA_227358,Brasília,5300108,,Pioneira,190.3,https://moovitapp.com/index/pt-br/transporte_p%C3%BAblico-line-190_3-Brasilia-1702-851941-82190390-0,-1.0,-15.909112,-47.767759,,,,1,2023-06-17T10:01:34+00:00
BRA_226891,Brasília,5300108,,Pioneira,0.762,https://moovitapp.com/index/pt-br/transporte_p%C3%BAblico-line-0_762-Brasilia-1702-851941-576189-0,-1.0,-15.792333,-47.884247,,,,1,2023-06-17T10:01:56+00:00
BRA_225673,Brasília,5300108,,Pioneira,764.2,https://moovitapp.com/index/pt-br/transporte_p%C3%BAblico-line-764_2-Brasilia-1702-851941-527246-0,-1.0,-15.835282,-47.821711,,,,2,2023-06-17T10:01:54+00:00
BRA_227285,Brasília,5300108,,Pioneira,2208,https://moovitapp.com/index/pt-br/transporte_p%C3%BAblico-line-2208-Brasilia-1702-851941-18556642-0,-1.0,-15.909713,-47.966606,,,,1,2023-06-17T10:01:44+00:00
BRA_226815,Brasília,5300108,,Pioneira,0.126,https://moovitapp.com/index/pt-br/transporte_p%C3%BAblico-line-0_126-Brasilia-1702-851941-7879579-0,-1.0,-15.913227,-47.762138,,,,1,2023-06-17T10:01:42+00:00
BRA_232378,Brasília,5300108,,Pioneira,073.1,https://moovitapp.com/index/pt-br/transporte_p%C3%BAblico-line-073_1-Brasilia-1702-851941-775123-0,-1.0,-15.859834,-47.933342,,,,1,2023-06-17T10:01:40+00:00
BRA_231711,Brasília,5300108,,Pioneira,102.1,https://moovitapp.com/index/pt-br/transporte_p%C3%BAblico-line-102_1-Brasilia-1702-851941-775125-0,-1.0,-15.870864,-47.932007,,,,1,2023-06-17T10:01:44+00:00
BRA_228290,Brasília,5300108,,,3207,,,-16.01112,-48.080821,,,,1,2023-06-17T10:02:08+00:00
BRA_226980,Brasília,5300108,,Pioneira,510.1,https://moovitapp.com/index/pt-br/transporte_p%C3%BAblico-line-510_1-Brasilia-1702-851941-770035-0,-1.0,-15.785503,-47.705725,,,,1,2023-06-17T09:50:08+00:00
BRA_229521,Brasília,5300108,,Pioneira,2307,https://moovitapp.com/index/pt-br/transporte_p%C3%BAblico-line-2307-Brasilia-1702-851941-18556638-0,-1.0,-15.809207,-47.935211,,,,2,2023-06-17T10:02:28+00:00
BRA_229725,Brasília,5300108,,Pioneira,760.1,https://moovitapp.com/index/pt-br/transporte_p%C3%BAblico-line-760_1-Brasilia-1702-851941-576193-0,-1.0,-15.760531,-47.781295,,,,1,2023-06-17T10:01:44+00:00
BRA_229423,Brasília,5300108,,Pioneira,0.273,https://moovitapp.com/index/pt-br/transporte_p%C3%BAblico-line-0_273-Brasilia-1702-851941-510255-0,-1.0,-16.025536,-48.030594,,,,1,2023-06-17T10:02:12+00:00
BRA_232360,Brasília,5300108,,,3301,,,-16.037311,-48.019881,,,,1,2023-06-17T10:02:26+00:00
BRA_225738,Brasília,5300108,,Pioneira,764.2,https://moovitapp.com/index/pt-br/transporte_p%C3%BAblico-line-764_2-Brasilia-1702-851941-527246-0,-1.0,-15.760461,-47.78324,,,,1,2023-06-17T10:01:36+00:00
BRA_228371,Brasília,5300108,,Taguatur,3302,https://moovitapp.com/index/pt-br/transporte_p%C3%BAblico-line-3302-Brasilia-1702-854428-3135322-0,-1.0,-16.043112,-48.028235,,,,1,2023-06-17T10:00:44+00:00
BRA_227803,Brasília,5300108,,Pioneira,181.4,https://moovitapp.com/index/pt-br/transporte_p%C3%BAblico-line-181_4-Brasilia-1702-851941-775126-0,-1.0,-15.843431,-47.890128,,,,1,2023-06-17T10:01:18+00:00
BRA_228753,Brasília,5300108,,Pioneira,0.253,https://moovitapp.com/index/pt-br/transporte_p%C3%BAblico-line-0_253-Brasilia-1702-851941-510254-0,-1.0,-15.788631,-48.13485,,,,1,2023-06-17T10:01:00+00:00
BRA_230090,Brasília,5300108,,Taguatur,3302,https://moovitapp.com/index/pt-br/transporte_p%C3%BAblico-line-3302-Brasilia-1702-854428-3135322-0,-1.0,-16.049,-48.025431,,,,1,2023-06-17T10:01:44+00:00
BRA_225975,Brasília,5300108,,,2201,,,-15.943928,-47.989475,,,,2,2023-06-17T10:01:30+00:00
BRA_226394,Brasília,5300108,,,2201,,,-15.838014,-47.929483,,,,1,2023-06-17T10:01:14+00:00
BRA_229687,Brasília,5300108,,Pioneira,180.2,https://moovitapp.com/index/pt-br/transporte_p%C3%BAblico-line-180_2-Brasilia-1702-851941-514539-0,-1.0,-15.87845,-47.823434,,,,2,2023-06-17T10:01:42+00:00
BRA_227102,Brasília,5300108,,Pioneira,147.2,https://moovitapp.com/index/pt-br/transporte_p%C3%BAblico-line-147_2-Brasilia-1702-851941-519403-0,-1.0,-15.907784,-47.754477,,,,1,2023-06-17T10:01:22+00:00
BRA_229822,Brasília,5300108,,Pioneira,147.3,https://moovitapp.com/index/pt-br/transporte_p%C3%BAblico-line-147_3-Brasilia-1702-851941-574203-0,-1.0,-15.900424,-47.779374,,,,1,2023-06-17T10:01:50+00:00
BRA_227846,Brasília,5300108,,Pioneira,2309,https://moovitapp.com/index/pt-br/transporte_p%C3%BAblico-line-2309-Brasilia-1702-851941-57764376-0,-1.0,-15.996149,-47.985457,,,,1,2023-06-17T10:01:54+00:00
BRA_226513,Brasília,5300108,,Pioneira,101.1,https://moovitapp.com/index/pt-br/transporte_p%C3%BAblico-line-101_1-Brasilia-1702-851941-73123121-0,-1.0,-15.719978,-47.88419,,,,1,2023-06-17T10:01:38+00:00
BRA_228524,Brasília,5300108,,Taguatur,3302,https://moovitapp.com/index/pt-br/transporte_p%C3%BAblico-line-3302-Brasilia-1702-854428-3135322-0,-1.0,-16.022659,-48.026232,,,,1,2023-06-17T10:01:50+00:00
BRA_229695,Brasília,5300108,,Pioneira,124.6,https://moovitapp.com/index/pt-br/transporte_p%C3%BAblico-line-124_6-Brasilia-1702-851941-425282-0,-1.0,-15.858485,-47.955423,,,,1,2023-06-17T10:00:36+00:00
BRA_226777,Brasília,5300108,,Pioneira,100.2,https://moovitapp.com/index/pt-br/transporte_p%C3%BAblico-line-100_2-Brasilia-1702-851941-620160-0,-1.0,-15.76009,-47.781339,,,,1,2023-06-17T09:16:42+00:00
BRA_227951,Brasília,5300108,,Pioneira,180.1,https://moovitapp.com/index/pt-br/transporte_p%C3%BAblico-line-180_1-Brasilia-1702-851941-339336-0,-1.0,-15.794303,-47.882111,,,,1,2023-06-17T10:00:56+00:00
BRA_227579,Brasília,5300108,,Pioneira,181.4,https://moovitapp.com/index/pt-br/transporte_p%C3%BAblico-line-181_4-Brasilia-1702-851941-775126-0,-1.0,-15.869443,-47.921993,,,,1,2023-06-17T10:01:40+00:00
BRA_232017,Brasília,5300108,,Pioneira,197.3,https://moovitapp.com/index/pt-br/transporte_p%C3%BAblico-line-197_3-Brasilia-1702-851941-519409-0,-1.0,-15.793273,-47.881519,,,,2,2023-06-17T09:51:32+00:00
BRA_231762,Brasília,5300108,,Pioneira,780.1,https://moovitapp.com/index/pt-br/transporte_p%C3%BAblico-line-780_1-Brasilia-1702-851941-531040-0,-1.0,-15.814826,-47.839787,,,,1,2023-06-17T10:02:18+00:00
BRA_231771,Brasília,5300108,,Pioneira,0.765,https://moovitapp.com/index/pt-br/transporte_p%C3%BAblico-line-0_765-Brasilia-1702-851941-576190-0,-1.0,-15.777315,-47.781237,,,,1,2023-06-17T10:01:20+00:00
BRA_232530,Brasília,5300108,,Pioneira,2309,https://moovitapp.com/index/pt-br/transporte_p%C3%BAblico-line-2309-Brasilia-1702-851941-57764376-0,-1.0,-15.853844,-47.955308,,,,1,2023-06-17T10:01:12+00:00
BRA_226971,Brasília,5300108,,Pioneira,0.773,https://moovitapp.com/index/pt-br/transporte_p%C3%BAblico-line-0_773-Brasilia-1702-851941-242887-0,-1.0,-15.814783,-47.83985,,,,1,2023-06-17T10:01:48+00:00
BRA_232653,Brasília,5300108,,Pioneira,2206,https://moovitapp.com/index/pt-br/transporte_p%C3%BAblico-line-2206-Brasilia-1702-851941-18556637-0,-1.0,-15.823288,-47.909316,,,,1,2023-06-17T10:01:42+00:00
BRA_230081,Brasília,5300108,,Taguatur,3302,https://moovitapp.com/index/pt-br/transporte_p%C3%BAblico-line-3302-Brasilia-1702-854428-3135322-0,-1.0,-16.016241,-48.017516,,,,1,2023-06-17T10:01:42+00:00
BRA_229628,Brasília,5300108,,Pioneira,759.1,https://moovitapp.com/index/pt-br/transporte_p%C3%BAblico-line-759_1-Brasilia-1702-851941-616183-0,-1.0,-15.751494,-47.778802,,,,1,2023-06-17T09:57:50+00:00
BRA_225576,Brasília,5300108,,Taguatur,2301,https://moovitapp.com/index/pt-br/transporte_p%C3%BAblico-line-2301-Brasilia-1702-854428-81537943-0,-1.0,-15.935494,-47.983791,,,,2,2023-06-17T10:02:34+00:00
BRA_227200,Brasília,5300108,,Pioneira,2205,https://moovitapp.com/index/pt-br/transporte_p%C3%BAblico-line-2205-Brasilia-1702-851941-393568-0,-1.0,-15.992332,-48.050284,,,,2,2023-06-17T10:01:48+00:00
BRA_226734,Brasília,5300108,,Pioneira,100.2,https://moovitapp.com/index/pt-br/transporte_p%C3%BAblico-line-100_2-Brasilia-1702-851941-620160-0,-1.0,-15.770119,-47.779692,,,,1,2023-06-17T10:00:54+00:00
BRA_227366,Brasília,5300108,,Pioneira,2205,https://moovitapp.com/index/pt-br/transporte_p%C3%BAblico-line-2205-Brasilia-1702-851941-393568-0,-1.0,-15.869006,-47.945428,,,,1,2023-06-17T10:02:00+00:00
BRA_227323,Brasília,5300108,,Pioneira,147.5,https://moovitapp.com/index/pt-br/transporte_p%C3%BAblico-line-147_5-Brasilia-1702-851941-519406-0,-1.0,-15.913583,-47.757135,,,,1,2023-06-17T10:01:34+00:00
BRA_79189,Brasília,5300108,,Urbi,0.808,https://moovitapp.com/index/pt-br/transporte_p%C3%BAblico-line-0_808-Brasilia-1702-851595-372359-0,-1.0,-15.817871,-48.105133,,,,1,2023-06-14T22:31:20+00:00
BRA_77283,Brasília,5300108,,Urbi,0.873,https://moovitapp.com/index/pt-br/transporte_p%C3%BAblico-line-0_873-Brasilia-1702-851595-510238-0,-1.0,-15.828671,-48.078754,,,,2,2023-06-17T10:01:50+00:00
BRA_78590,Brasília,5300108,,Urbi,397.2,https://moovitapp.com/index/pt-br/transporte_p%C3%BAblico-line-397_2-Brasilia-1702-851595-890938-0,-1.0,-15.810456,-48.090294,,,,1,2023-06-17T09:59:40+00:00
BRA_710571,Brasília,5300108,,São José,0.310,https://moovitapp.com/index/pt-br/transporte_p%C3%BAblico-line-0_310-Brasilia-1702-851943-775131-0,-1.0,-15.823504,-48.09882,,,,1,2023-06-17T10:01:04+00:00
BRA_78140,Brasília,5300108,,São José,0.312,https://moovitapp.com/index/pt-br/transporte_p%C3%BAblico-line-0_312-Brasilia-1702-851943-706987-0,-1.0,-15.791149,-48.028057,,,,1,2023-06-17T10:01:30+00:00
BRA_710393,Brasília,5300108,,São José,0.313,https://moovitapp.com/index/pt-br/transporte_p%C3%BAblico-line-0_313-Brasilia-1702-851943-5294586-0,-1.0,-15.808859,-48.120767,,,,1,2023-06-17T10:01:34+00:00
BRA_78417,Brasília,5300108,,São José,0.331,https://moovitapp.com/index/pt-br/transporte_p%C3%BAblico-line-0_331-Brasilia-1702-851943-775133-0,-1.0,-15.794479,-47.883656,,,,1,2023-06-17T10:01:00+00:00
BRA_78093,Brasília,5300108,,São José,0.331,https://moovitapp.com/index/pt-br/transporte_p%C3%BAblico-line-0_331-Brasilia-1702-851943-775133-0,-1.0,-15.803383,-48.069351,,,,2,2023-06-16T18:00:52+00:00
BRA_710351,Brasília,5300108,,São José,0.335,https://moovitapp.com/index/pt-br/transporte_p%C3%BAblico-line-0_335-Brasilia-1702-851943-775135-0,-1.0,-15.787851,-48.135002,,,,1,2023-06-17T09:27:18+00:00
BRA_77062,Brasília,5300108,,Urbi,0.805,https://moovitapp.com/index/pt-br/transporte_p%C3%BAblico-line-0_805-Brasilia-1702-851595-460800-0,-1.0,-15.930681,-48.112362,,,,1,2023-06-17T10:01:12+00:00
BRA_77356,Brasília,5300108,,Urbi,0.812,https://moovitapp.com/index/pt-br/transporte_p%C3%BAblico-line-0_812-Brasilia-1702-851595-697958-0,-1.0,-15.849954,-48.113792,,,,1,2023-06-17T10:02:08+00:00
BRA_75841,Brasília,5300108,,São José,0.350,https://moovitapp.com/index/pt-br/transporte_p%C3%BAblico-line-0_350-Brasilia-1702-851943-376176-0,-1.0,-15.835374,-48.087185,,,,1,2023-06-17T10:01:40+00:00
BRA_710474,Brasília,5300108,,São José,0.375,https://moovitapp.com/index/pt-br/transporte_p%C3%BAblico-line-0_375-Brasilia-1702-851943-39496914-0,-1.0,-15.785397,-47.887699,,,,1,2023-06-17T10:01:06+00:00
BRA_78603,Brasília,5300108,,São José,0.343,https://moovitapp.com/index/pt-br/transporte_p%C3%BAblico-line-0_343-Brasilia-1702-851943-706996-0,-1.0,-15.796893,-48.055682,,,,1,2023-06-17T10:00:16+00:00
BRA_711004,Brasília,5300108,,São José,0.411,https://moovitapp.com/index/pt-br/transporte_p%C3%BAblico-line-0_411-Brasilia-1702-851943-788977-0,-1.0,-15.680539,-48.188503,,,,1,2023-06-17T00:20:44+00:00
BRA_500143,Brasília,5300108,,São José,0.411,https://moovitapp.com/index/pt-br/transporte_p%C3%BAblico-line-0_411-Brasilia-1702-851943-788977-0,-1.0,-15.791876,-48.155958,,,,1,2023-06-17T10:01:42+00:00
BRA_711039,Brasília,5300108,,São José,0.413,https://moovitapp.com/index/pt-br/transporte_p%C3%BAblico-line-0_413-Brasilia-1702-851943-781649-0,-1.0,-15.680327,-48.188084,,,,1,2023-06-17T08:38:20+00:00
BRA_78646,Brasília,5300108,,São José,0.382,https://moovitapp.com/index/pt-br/transporte_p%C3%BAblico-line-0_382-Brasilia-1702-851943-775140-0,-1.0,-15.787069,-48.134277,,,,1,2023-06-17T08:52:30+00:00
BRA_78514,Brasília,5300108,,São José,0.949,https://moovitapp.com/index/pt-br/transporte_p%C3%BAblico-line-0_949-Brasilia-1702-851943-707026-0,-1.0,-15.788655,-48.132968,,,,1,2023-06-17T10:01:30+00:00
BRA_79901,Brasília,5300108,,São José,0.926,https://moovitapp.com/index/pt-br/transporte_p%C3%BAblico-line-0_926-Brasilia-1702-851943-775154-0,-1.0,-15.790858,-48.122827,,,,1,2023-06-17T10:01:52+00:00
BRA_79049,Brasília,5300108,,São José,0.926,https://moovitapp.com/index/pt-br/transporte_p%C3%BAblico-line-0_926-Brasilia-1702-851943-775154-0,-1.0,-15.823515,-48.114581,,,,1,2023-06-15T11:23:02+00:00
BRA_78549,Brasília,5300108,,São José,0.926,https://moovitapp.com/index/pt-br/transporte_p%C3%BAblico-line-0_926-Brasilia-1702-851943-775154-0,-1.0,-15.787989,-48.134004,,,,1,2023-06-17T09:48:22+00:00
BRA_78531,Brasília,5300108,,São José,364.2,https://moovitapp.com/index/pt-br/transporte_p%C3%BAblico-line-364_2-Brasilia-1702-851943-707050-0,-1.0,-15.809862,-48.090408,,,,1,2023-06-17T09:55:48+00:00
BRA_78522,Brasília,5300108,,São José,949.1,https://moovitapp.com/index/pt-br/transporte_p%C3%BAblico-line-949_1-Brasilia-1702-851943-707069-0,-1.0,-15.875192,-48.015348,,,,1,2023-06-17T10:00:50+00:00
BRA_75710,Brasília,5300108,,São José,332.1,https://moovitapp.com/index/pt-br/transporte_p%C3%BAblico-line-332_1-Brasilia-1702-851943-2068455-0,-1.0,-15.84167,-48.042445,,,,1,2023-06-17T10:01:32+00:00
BRA_711217,Brasília,5300108,,São José,158.2,https://moovitapp.com/index/pt-br/transporte_p%C3%BAblico-line-158_2-Brasilia-1702-851943-243040-0,-1.0,-15.781422,-47.939388,,,,1,2023-06-17T10:01:02+00:00
BRA_711179,Brasília,5300108,,São José,0.159,https://moovitapp.com/index/pt-br/transporte_p%C3%BAblico-line-0_159-Brasilia-1702-851943-375523-0,-1.0,-15.784728,-47.997314,,,,2,2023-06-17T10:00:52+00:00
BRA_711225,Brasília,5300108,,São José,0.159,https://moovitapp.com/index/pt-br/transporte_p%C3%BAblico-line-0_159-Brasilia-1702-851943-375523-0,-1.0,-15.82969,-48.039965,,,,2,2023-06-17T10:01:52+00:00
BRA_711250,Brasília,5300108,,São José,0.159,https://moovitapp.com/index/pt-br/transporte_p%C3%BAblico-line-0_159-Brasilia-1702-851943-375523-0,-1.0,-15.804968,-48.070508,,,,2,2023-06-17T10:01:28+00:00
BRA_77682,Brasília,5300108,,Urbi,393.4,https://moovitapp.com/index/pt-br/transporte_p%C3%BAblico-line-393_4-Brasilia-1702-851595-588816-0,-1.0,-15.876559,-48.061855,,,,1,2023-06-17T10:01:06+00:00
BRA_500054,Brasília,5300108,,São José,0.406,https://moovitapp.com/index/pt-br/transporte_p%C3%BAblico-line-0_406-Brasilia-1702-851943-717430-0,-1.0,-15.679946,-48.187461,,,,1,2023-06-16T22:38:14+00:00
BRA_500135,Brasília,5300108,,São José,0.406,https://moovitapp.com/index/pt-br/transporte_p%C3%BAblico-line-0_406-Brasilia-1702-851943-717430-0,-1.0,-15.657756,-48.195122,,,,1,2023-06-17T10:01:10+00:00
BRA_500020,Brasília,5300108,,São José,0.401,https://moovitapp.com/index/pt-br/transporte_p%C3%BAblico-line-0_401-Brasilia-1702-851943-788976-0,-1.0,-15.791888,-47.894407,,,,2,2023-06-16T13:22:40+00:00
BRA_500089,Brasília,5300108,,São José,0.401,https://moovitapp.com/index/pt-br/transporte_p%C3%BAblico-line-0_401-Brasilia-1702-851943-788976-0,-1.0,-15.78749,-48.140743,,,,1,2023-06-16T23:01:02+00:00
BRA_500321,Brasília,5300108,,São José,0.402,https://moovitapp.com/index/pt-br/transporte_p%C3%BAblico-line-0_402-Brasilia-1702-851943-781335-0,-1.0,-15.671183,-48.191123,,,,1,2023-06-17T09:02:30+00:00
BRA_79693,Brasília,5300108,,São José,928.1,https://moovitapp.com/index/pt-br/transporte_p%C3%BAblico-line-928_1-Brasilia-1702-851943-707067-0,-1.0,-15.799707,-48.149078,,,,1,2023-06-17T10:01:24+00:00
BRA_79707,Brasília,5300108,,São José,928.1,https://moovitapp.com/index/pt-br/transporte_p%C3%BAblico-line-928_1-Brasilia-1702-851943-707067-0,-1.0,-15.820602,-48.095075,,,,1,2023-06-17T09:59:12+00:00
BRA_76651,Brasília,5300108,,São José,928.1,https://moovitapp.com/index/pt-br/transporte_p%C3%BAblico-line-928_1-Brasilia-1702-851943-707067-0,-1.0,-15.807881,-48.132707,,,,1,2023-06-17T10:01:16+00:00
BRA_79529,Brasília,5300108,,São José,333.8,https://moovitapp.com/index/pt-br/transporte_p%C3%BAblico-line-333_8-Brasilia-1702-851943-376187-0,-1.0,-15.800997,-48.158838,,,,1,2023-06-17T10:01:12+00:00
BRA_79511,Brasília,5300108,,São José,333.8,https://moovitapp.com/index/pt-br/transporte_p%C3%BAblico-line-333_8-Brasilia-1702-851943-376187-0,-1.0,-15.798963,-48.149911,,,,1,2023-06-17T10:01:48+00:00
BRA_76406,Brasília,5300108,,São José,0.957,https://moovitapp.com/index/pt-br/transporte_p%C3%BAblico-line-0_957-Brasilia-1702-851943-775157-0,-1.0,-15.791896,-48.052439,,,,1,2023-06-17T10:00:26+00:00
BRA_78182,Brasília,5300108,,São José,0.360,https://moovitapp.com/index/pt-br/transporte_p%C3%BAblico-line-0_360-Brasilia-1702-851943-707000-0,-1.0,-15.816263,-48.101592,,,,1,2023-06-17T10:01:40+00:00
BRA_76660,Brasília,5300108,,São José,343.2,https://moovitapp.com/index/pt-br/transporte_p%C3%BAblico-line-343_2-Brasilia-1702-851943-468884-0,-1.0,-15.808223,-48.156962,,,,1,2023-06-17T10:00:46+00:00
BRA_77445,Brasília,5300108,,Urbi,0.038,https://moovitapp.com/index/pt-br/transporte_p%C3%BAblico-line-0_038-Brasilia-1702-851595-687419-0,-1.0,-15.881691,-48.013428,,,,1,2023-06-17T10:01:42+00:00
BRA_77071,Brasília,5300108,,Urbi,084.1,https://moovitapp.com/index/pt-br/transporte_p%C3%BAblico-line-084_1-Brasilia-1702-851595-466292-0,-1.0,-15.88195,-48.01173,,,,1,2023-06-17T10:01:16+00:00
BRA_77089,Brasília,5300108,,Urbi,086.1,https://moovitapp.com/index/pt-br/transporte_p%C3%BAblico-line-086_1-Brasilia-1702-851595-481321-0,-1.0,-15.868737,-47.970205,,,,1,2023-06-17T10:01:42+00:00
BRA_76988,Brasília,5300108,,Urbi,0.053,https://moovitapp.com/index/pt-br/transporte_p%C3%BAblico-line-0_053-Brasilia-1702-851595-588803-0,-1.0,-15.872299,-48.06773,,,,1,2023-06-17T10:00:50+00:00
BRA_711292,Brasília,5300108,,São José,0.092,https://moovitapp.com/index/pt-br/transporte_p%C3%BAblico-line-0_092-Brasilia-1702-851943-496589-0,-1.0,-15.871337,-47.973377,,,,1,2023-06-17T10:01:14+00:00
BRA_77852,Brasília,5300108,,São José,963.1,https://moovitapp.com/index/pt-br/transporte_p%C3%BAblico-line-963_1-Brasilia-1702-851943-669629-0,-1.0,-15.795024,-48.109978,,,,2,2023-06-17T09:58:22+00:00
BRA_120529,Brasília,5300108,,Piracicabana,107.1,https://moovitapp.com/index/pt-br/transporte_p%C3%BAblico-line-107_1-Brasilia-1702-850942-242434-0,-1.0,-15.61264,-47.64064,,,,1,2023-06-16T03:20:09+00:00
BRA_119652,Brasília,5300108,,Piracicabana,511.4,https://moovitapp.com/index/pt-br/transporte_p%C3%BAblico-line-511_4-Brasilia-1702-850942-770030-0,-1.0,-15.83578,-47.93201,,,,1,2023-06-16T15:45:21+00:00
BRA_118826,Brasília,5300108,,Piracicabana,136.9,https://moovitapp.com/index/pt-br/transporte_p%C3%BAblico-line-136_9-Brasilia-1702-850942-773702-0,-1.0,-15.76654,-47.8692,,,,,2023-06-16T20:55:59+00:00
BRA_119610,Brasília,5300108,,Piracicabana,0.515,https://moovitapp.com/index/pt-br/transporte_p%C3%BAblico-line-0_515-Brasilia-1702-850942-26501707-0,-1.0,-15.65337,-47.79496,,,,,2023-06-16T23:26:35+00:00
BRA_120481,Brasília,5300108,,Piracicabana,640.2,https://moovitapp.com/index/pt-br/transporte_p%C3%BAblico-line-640_2-Brasilia-1702-850942-697957-0,-1.0,-15.61868,-47.65432,,,,1,2023-06-17T07:47:46+00:00
BRA_120260,Brasília,5300108,,Piracicabana,0.640,https://moovitapp.com/index/pt-br/transporte_p%C3%BAblico-line-0_640-Brasilia-1702-850942-242423-0,-1.0,-15.61602,-47.708,,,,,2023-06-17T09:07:51+00:00
BRA_119181,Brasília,5300108,,Piracicabana,506.4,https://moovitapp.com/index/pt-br/transporte_p%C3%BAblico-line-506_4-Brasilia-1702-850942-542830-0,-1.0,-15.58,-47.85425,,,,,2023-06-17T09:08:27+00:00
BRA_118320,Brasília,5300108,,Piracicabana,158.1,https://moovitapp.com/index/pt-br/transporte_p%C3%BAblico-line-158_1-Brasilia-1702-850942-775094-0,-1.0,-15.79475,-47.88422,,,,,2023-06-17T09:14:09+00:00
BRA_118249,Brasília,5300108,,Piracicabana,152.1,https://moovitapp.com/index/pt-br/transporte_p%C3%BAblico-line-152_1-Brasilia-1702-850942-542827-0,-1.0,-15.79869,-47.94539,,,,,2023-06-17T09:22:47+00:00
BRA_119351,Brasília,5300108,,Piracicabana,519.2,https://moovitapp.com/index/pt-br/transporte_p%C3%BAblico-line-519_2-Brasilia-1702-850942-242483-0,-1.0,-15.62294,-47.84682,,,,,2023-06-17T09:40:21+00:00
BRA_119431,Brasília,5300108,,Piracicabana,506.4,https://moovitapp.com/index/pt-br/transporte_p%C3%BAblico-line-506_4-Brasilia-1702-850942-542830-0,-1.0,-15.59146,-47.87569,,,,,2023-06-17T09:42:17+00:00
BRA_119563,Brasília,5300108,,Piracicabana,505.3,https://moovitapp.com/index/pt-br/transporte_p%C3%BAblico-line-505_3-Brasilia-1702-850942-352626-0,-1.0,-15.64968,-47.78664,,,,1,2023-06-17T09:50:24+00:00
BRA_116335,Brasília,5300108,,,628.2,,,-15.90296,-47.43693,,,,,2023-06-17T09:50:38+00:00
BRA_119504,Brasília,5300108,,Piracicabana,062.7,https://moovitapp.com/index/pt-br/transporte_p%C3%BAblico-line-062_7-Brasilia-1702-850942-494154-0,-1.0,-15.65687,-47.79932,,,,1,2023-06-17T09:52:53+00:00
BRA_119237,Brasília,5300108,,Piracicabana,062.7,https://moovitapp.com/index/pt-br/transporte_p%C3%BAblico-line-062_7-Brasilia-1702-850942-494154-0,-1.0,-15.62084,-47.85076,,,,1,2023-06-17T09:53:06+00:00
BRA_120294,Brasília,5300108,,Piracicabana,153.2,https://moovitapp.com/index/pt-br/transporte_p%C3%BAblico-line-153_2-Brasilia-1702-850942-775093-0,-1.0,-15.79373,-47.8829,,,,1,2023-06-17T09:55:24+00:00
BRA_120057,Brasília,5300108,,Piracicabana,158.1,https://moovitapp.com/index/pt-br/transporte_p%C3%BAblico-line-158_1-Brasilia-1702-850942-775094-0,-1.0,-15.79315,-47.88215,,,,1,2023-06-17T09:55:50+00:00
BRA_119661,Brasília,5300108,,Piracicabana,0.511,https://moovitapp.com/index/pt-br/transporte_p%C3%BAblico-line-0_511-Brasilia-1702-850942-770023-0,-1.0,-15.77567,-47.78041,,,,1,2023-06-17T09:55:52+00:00
BRA_118044,Brasília,5300108,,Piracicabana,0.611,https://moovitapp.com/index/pt-br/transporte_p%C3%BAblico-line-0_611-Brasilia-1702-850942-25771159-0,-1.0,-15.65687,-47.60654,,,,,2023-06-17T09:56:13+00:00
BRA_120758,Brasília,5300108,,Piracicabana,0.604,https://moovitapp.com/index/pt-br/transporte_p%C3%BAblico-line-0_604-Brasilia-1702-850942-242414-0,-1.0,-15.62761,-47.72866,,,,,2023-06-17T09:56:36+00:00
BRA_119776,Brasília,5300108,,Piracicabana,501.3,https://moovitapp.com/index/pt-br/transporte_p%C3%BAblico-line-501_3-Brasilia-1702-850942-242472-0,-1.0,-15.7778,-47.88008,,,,,2023-06-17T09:58:12+00:00
BRA_118150,Brasília,5300108,,Piracicabana,0.504,https://moovitapp.com/index/pt-br/transporte_p%C3%BAblico-line-0_504-Brasilia-1702-850942-781321-0,-1.0,-15.61462,-47.64571,,,,,2023-06-17T09:58:43+00:00
BRA_118427,Brasília,5300108,,Piracicabana,116.2,https://moovitapp.com/index/pt-br/transporte_p%C3%BAblico-line-116_2-Brasilia-1702-850942-60842780-0,-1.0,-15.73855,-47.89932,,,,1,2023-06-17T10:00:08+00:00
BRA_119709,Brasília,5300108,,Piracicabana,601.2,https://moovitapp.com/index/pt-br/transporte_p%C3%BAblico-line-601_2-Brasilia-1702-850942-322378-0,-1.0,-15.61862,-47.65397,,,,1,2023-06-17T10:00:21+00:00
BRA_118206,Brasília,5300108,,Piracicabana,107.1,https://moovitapp.com/index/pt-br/transporte_p%C3%BAblico-line-107_1-Brasilia-1702-850942-242434-0,-1.0,-15.8253,-47.92423,,,,,2023-06-17T10:00:27+00:00
BRA_119083,Brasília,5300108,,Piracicabana,062.5,https://moovitapp.com/index/pt-br/transporte_p%C3%BAblico-line-062_5-Brasilia-1702-850942-339835-0,-1.0,-15.68037,-47.83495,,,,,2023-06-17T10:00:41+00:00
BRA_120286,Brasília,5300108,,Piracicabana,600.7,https://moovitapp.com/index/pt-br/transporte_p%C3%BAblico-line-600_7-Brasilia-1702-850942-698442-0,-1.0,-15.70375,-47.88754,,,,,2023-06-17T10:00:47+00:00
BRA_120936,Brasília,5300108,,Piracicabana,501.7,https://moovitapp.com/index/pt-br/transporte_p%C3%BAblico-line-501_7-Brasilia-1702-850942-519379-0,-1.0,-15.71661,-47.89836,,,,,2023-06-17T10:00:47+00:00
BRA_118214,Brasília,5300108,,Piracicabana,153.2,https://moovitapp.com/index/pt-br/transporte_p%C3%BAblico-line-153_2-Brasilia-1702-850942-775093-0,-1.0,-15.82001,-47.98636,,,,,2023-06-17T10:00:50+00:00
BRA_119857,Brasília,5300108,,Piracicabana,0.504,https://moovitapp.com/index/pt-br/transporte_p%C3%BAblico-line-0_504-Brasilia-1702-850942-781321-0,-1.0,-15.62446,-47.65892,,,,,2023-06-17T10:00:50+00:00
BRA_118745,Brasília,5300108,,Piracicabana,0.110,https://moovitapp.com/index/pt-br/transporte_p%C3%BAblico-line-0_110-Brasilia-1702-850942-339284-0,-1.0,-15.79294,-47.88506,,,,,2023-06-17T10:00:50+00:00
BRA_119784,Brasília,5300108,,Piracicabana,616.2,https://moovitapp.com/index/pt-br/transporte_p%C3%BAblico-line-616_2-Brasilia-1702-850942-470754-0,-1.0,-15.6379,-47.64161,,,,,2023-06-17T10:00:51+00:00
BRA_120197,Brasília,5300108,,Piracicabana,0.640,https://moovitapp.com/index/pt-br/transporte_p%C3%BAblico-line-0_640-Brasilia-1702-850942-242423-0,-1.0,-15.68228,-47.84059,,,,,2023-06-17T10:00:51+00:00
BRA_120740,Brasília,5300108,,Piracicabana,0.640,https://moovitapp.com/index/pt-br/transporte_p%C3%BAblico-line-0_640-Brasilia-1702-850942-242423-0,-1.0,-15.60304,-47.6846,,,,,2023-06-17T10:00:51+00:00
BRA_120707,Brasília,5300108,,Piracicabana,604.1,https://moovitapp.com/index/pt-br/transporte_p%C3%BAblico-line-604_1-Brasilia-1702-850942-528957-0,-1.0,-15.59711,-47.67398,,,,,2023-06-17T10:00:52+00:00
BRA_120219,Brasília,5300108,,Piracicabana,0.114,https://moovitapp.com/index/pt-br/transporte_p%C3%BAblico-line-0_114-Brasilia-1702-850942-242379-0,-1.0,-15.82896,-47.91724,,,,,2023-06-17T10:00:52+00:00
BRA_120456,Brasília,5300108,,Piracicabana,602.1,https://moovitapp.com/index/pt-br/transporte_p%C3%BAblico-line-602_1-Brasilia-1702-850942-242491-0,-1.0,-15.6927,-47.8687,,,,,2023-06-17T10:00:52+00:00
BRA_120561,Brasília,5300108,,Piracicabana,601.1,https://moovitapp.com/index/pt-br/transporte_p%C3%BAblico-line-601_1-Brasilia-1702-850942-322377-0,-1.0,-15.6114,-47.6428,,,,,2023-06-17T10:00:52+00:00
BRA_117315,Brasília,5300108,,Piracicabana,158.1,https://moovitapp.com/index/pt-br/transporte_p%C3%BAblico-line-158_1-Brasilia-1702-850942-775094-0,-1.0,-15.80341,-47.94701,,,,,2023-06-17T10:00:53+00:00
BRA_120235,Brasília,5300108,,Piracicabana,0.640,https://moovitapp.com/index/pt-br/transporte_p%C3%BAblico-line-0_640-Brasilia-1702-850942-242423-0,-1.0,-15.61844,-47.65424,,,,,2023-06-17T10:00:53+00:00
BRA_120987,Brasília,5300108,,Piracicabana,616.3,https://moovitapp.com/index/pt-br/transporte_p%C3%BAblico-line-616_3-Brasilia-1702-850942-242500-0,-1.0,-15.82232,-47.90938,,,,,2023-06-17T10:00:53+00:00
BRA_118532,Brasília,5300108,,Piracicabana,0.104,https://moovitapp.com/index/pt-br/transporte_p%C3%BAblico-line-0_104-Brasilia-1702-850942-242376-0,-1.0,-15.79276,-47.85456,,,,,2023-06-17T10:00:53+00:00
BRA_118508,Brasília,5300108,,Piracicabana,114.1,https://moovitapp.com/index/pt-br/transporte_p%C3%BAblico-line-114_1-Brasilia-1702-850942-781323-0,-1.0,-15.80861,-47.90116,,,,,2023-06-17T10:00:54+00:00
BRA_118681,Brasília,5300108,,Piracicabana,158.1,https://moovitapp.com/index/pt-br/transporte_p%C3%BAblico-line-158_1-Brasilia-1702-850942-775094-0,-1.0,-15.78583,-47.98684,,,,,2023-06-17T10:00:54+00:00
BRA_118885,Brasília,5300108,,Piracicabana,128.1,https://moovitapp.com/index/pt-br/transporte_p%C3%BAblico-line-128_1-Brasilia-1702-850942-53234107-0,-1.0,-15.73596,-47.9043,,,,1,2023-06-17T10:00:54+00:00
BRA_121096,Brasília,5300108,,Piracicabana,600.7,https://moovitapp.com/index/pt-br/transporte_p%C3%BAblico-line-600_7-Brasilia-1702-850942-698442-0,-1.0,-15.70699,-47.89172,,,,,2023-06-17T10:00:54+00:00
BRA_120634,Brasília,5300108,,Piracicabana,0.641,https://moovitapp.com/index/pt-br/transporte_p%C3%BAblico-line-0_641-Brasilia-1702-850942-242424-0,-1.0,-15.60414,-47.64652,,,,,2023-06-17T10:00:55+00:00
BRA_120227,Brasília,5300108,,Piracicabana,640.2,https://moovitapp.com/index/pt-br/transporte_p%C3%BAblico-line-640_2-Brasilia-1702-850942-697957-0,-1.0,-15.72239,-47.89605,,,,,2023-06-17T10:00:55+00:00
BRA_118893,Brasília,5300108,,Piracicabana,0.116,https://moovitapp.com/index/pt-br/transporte_p%C3%BAblico-line-0_116-Brasilia-1702-850942-242381-0,-1.0,-15.73326,-47.8896,,,,,2023-06-17T10:00:55+00:00
BRA_118796,Brasília,5300108,,Piracicabana,136.6,https://moovitapp.com/index/pt-br/transporte_p%C3%BAblico-line-136_6-Brasilia-1702-850942-773700-0,-1.0,-15.73605,-47.89881,,,,,2023-06-17T10:00:56+00:00
BRA_118486,Brasília,5300108,,Piracicabana,107.1,https://moovitapp.com/index/pt-br/transporte_p%C3%BAblico-line-107_1-Brasilia-1702-850942-242434-0,-1.0,-15.79379,-47.88284,,,,1,2023-06-17T10:00:56+00:00
BRA_121118,Brasília,5300108,,Piracicabana,600.7,https://moovitapp.com/index/pt-br/transporte_p%C3%BAblico-line-600_7-Brasilia-1702-850942-698442-0,-1.0,-15.62087,-47.71604,,,,,2023-06-17T10:00:56+00:00
BRA_120146,Brasília,5300108,,Piracicabana,0.517,https://moovitapp.com/index/pt-br/transporte_p%C3%BAblico-line-0_517-Brasilia-1702-850942-242400-0,-1.0,-15.68846,-47.86105,,,,,2023-06-17T10:00:57+00:00
BRA_118222,Brasília,5300108,,Piracicabana,0.143,https://moovitapp.com/index/pt-br/transporte_p%C3%BAblico-line-0_143-Brasilia-1702-850942-470747-0,-1.0,-15.75601,-47.93591,,,,,2023-06-17T10:00:57+00:00
BRA_120669,Brasília,5300108,,Piracicabana,066.3,https://moovitapp.com/index/pt-br/transporte_p%C3%BAblico-line-066_3-Brasilia-1702-850942-513542-0,-1.0,-15.61809,-47.65113,,,,,2023-06-17T10:00:58+00:00
BRA_118541,Brasília,5300108,,Piracicabana,162.1,https://moovitapp.com/index/pt-br/transporte_p%C3%BAblico-line-162_1-Brasilia-1702-850942-762425-0,-1.0,-15.81681,-47.93697,,,,,2023-06-17T10:00:59+00:00
BRA_119261,Brasília,5300108,,Piracicabana,0.517,https://moovitapp.com/index/pt-br/transporte_p%C3%BAblico-line-0_517-Brasilia-1702-850942-242400-0,-1.0,-15.76933,-47.8896,,,,,2023-06-17T10:00:59+00:00
BRA_120693,Brasília,5300108,,Piracicabana,0.641,https://moovitapp.com/index/pt-br/transporte_p%C3%BAblico-line-0_641-Brasilia-1702-850942-242424-0,-1.0,-15.64346,-47.75982,,,,,2023-06-17T10:01:00+00:00
BRA_120766,Brasília,5300108,,Piracicabana,128.1,https://moovitapp.com/index/pt-br/transporte_p%C3%BAblico-line-128_1-Brasilia-1702-850942-53234107-0,-1.0,-15.73508,-47.89796,,,,,2023-06-17T10:01:01+00:00
BRA_119806,Brasília,5300108,,Piracicabana,0.617,https://moovitapp.com/index/pt-br/transporte_p%C3%BAblico-line-0_617-Brasilia-1702-850942-242417-0,-1.0,-15.68076,-47.65211,,,,1,2023-06-17T10:01:01+00:00
BRA_119831,Brasília,5300108,,Piracicabana,066.4,https://moovitapp.com/index/pt-br/transporte_p%C3%BAblico-line-066_4-Brasilia-1702-850942-763557-0,-1.0,-15.64819,-47.65973,,,,,2023-06-17T10:01:01+00:00
BRA_119016,Brasília,5300108,,Piracicabana,152.5,https://moovitapp.com/index/pt-br/transporte_p%C3%BAblico-line-152_5-Brasilia-1702-850942-542828-0,-1.0,-15.80243,-47.92793,,,,,2023-06-17T10:01:02+00:00
BRA_119121,Brasília,5300108,,Piracicabana,501.3,https://moovitapp.com/index/pt-br/transporte_p%C3%BAblico-line-501_3-Brasilia-1702-850942-242472-0,-1.0,-15.83305,-47.92181,,,,,2023-06-17T10:01:02+00:00
BRA_119911,Brasília,5300108,,Piracicabana,158.1,https://moovitapp.com/index/pt-br/transporte_p%C3%BAblico-line-158_1-Brasilia-1702-850942-775094-0,-1.0,-15.80642,-47.89888,,,,,2023-06-17T10:01:02+00:00
BRA_120367,Brasília,5300108,,Piracicabana,0.603,https://moovitapp.com/index/pt-br/transporte_p%C3%BAblico-line-0_603-Brasilia-1702-850942-242413-0,-1.0,-15.61016,-47.69743,,,,1,2023-06-17T10:01:02+00:00
BRA_120448,Brasília,5300108,,Piracicabana,600.2,https://moovitapp.com/index/pt-br/transporte_p%C3%BAblico-line-600_2-Brasilia-1702-850942-242486-0,-1.0,-15.69277,-47.86883,,,,,2023-06-17T10:01:02+00:00
BRA_119059,Brasília,5300108,,Piracicabana,0.103,https://moovitapp.com/index/pt-br/transporte_p%C3%BAblico-line-0_103-Brasilia-1702-850942-335705-0,-1.0,-15.80853,-47.90107,,,,,2023-06-17T10:01:03+00:00
BRA_120995,Brasília,5300108,,Piracicabana,0.620,https://moovitapp.com/index/pt-br/transporte_p%C3%BAblico-line-0_620-Brasilia-1702-850942-470748-0,-1.0,-15.64713,-47.76781,,,,,2023-06-17T10:01:04+00:00
BRA_120570,Brasília,5300108,,Piracicabana,602.1,https://moovitapp.com/index/pt-br/transporte_p%C3%BAblico-line-602_1-Brasilia-1702-850942-242491-0,-1.0,-15.60329,-47.68543,,,,,2023-06-17T10:01:05+00:00
BRA_120421,Brasília,5300108,,Piracicabana,0.110,https://moovitapp.com/index/pt-br/transporte_p%C3%BAblico-line-0_110-Brasilia-1702-850942-339284-0,-1.0,-15.79447,-47.88314,,,,,2023-06-17T10:01:05+00:00
BRA_120251,Brasília,5300108,,Piracicabana,116.2,https://moovitapp.com/index/pt-br/transporte_p%C3%BAblico-line-116_2-Brasilia-1702-850942-60842780-0,-1.0,-15.73787,-47.90969,,,,,2023-06-17T10:01:05+00:00
BRA_120120,Brasília,5300108,,Piracicabana,0.617,https://moovitapp.com/index/pt-br/transporte_p%C3%BAblico-line-0_617-Brasilia-1702-850942-242417-0,-1.0,-15.75952,-47.8859,,,,,2023-06-17T10:01:05+00:00
BRA_119997,Brasília,5300108,,Piracicabana,611.1,https://moovitapp.com/index/pt-br/transporte_p%C3%BAblico-line-611_1-Brasilia-1702-850942-25771161-0,-1.0,-15.64694,-47.62342,,,,,2023-06-17T10:01:06+00:00
BRA_120499,Brasília,5300108,,Piracicabana,630.1,https://moovitapp.com/index/pt-br/transporte_p%C3%BAblico-line-630_1-Brasilia-1702-850942-476290-0,-1.0,-15.70844,-47.89405,,,,,2023-06-17T10:01:06+00:00
BRA_119296,Brasília,5300108,,Piracicabana,0.503,https://moovitapp.com/index/pt-br/transporte_p%C3%BAblico-line-0_503-Brasilia-1702-850942-556804-0,-1.0,-15.64378,-47.82579,,,,,2023-06-17T10:01:07+00:00
BRA_118699,Brasília,5300108,,Piracicabana,152.5,https://moovitapp.com/index/pt-br/transporte_p%C3%BAblico-line-152_5-Brasilia-1702-850942-542828-0,-1.0,-15.79271,-47.89146,,,,,2023-06-17T10:01:07+00:00
BRA_118648,Brasília,5300108,,Piracicabana,600.7,https://moovitapp.com/index/pt-br/transporte_p%C3%BAblico-line-600_7-Brasilia-1702-850942-698442-0,-1.0,-15.75276,-47.88626,,,,1,2023-06-17T10:01:07+00:00
BRA_120545,Brasília,5300108,,Piracicabana,066.3,https://moovitapp.com/index/pt-br/transporte_p%C3%BAblico-line-066_3-Brasilia-1702-850942-513542-0,-1.0,-15.62401,-47.65292,,,,1,2023-06-17T10:01:08+00:00
BRA_120677,Brasília,5300108,,Piracicabana,116.2,https://moovitapp.com/index/pt-br/transporte_p%C3%BAblico-line-116_2-Brasilia-1702-850942-60842780-0,-1.0,-15.73505,-47.89756,,,,,2023-06-17T10:01:08+00:00
BRA_120821,Brasília,5300108,,Piracicabana,0.143,https://moovitapp.com/index/pt-br/transporte_p%C3%BAblico-line-0_143-Brasilia-1702-850942-470747-0,-1.0,-15.76058,-47.9221,,,,,2023-06-17T10:01:09+00:00
BRA_120871,Brasília,5300108,,Piracicabana,115.1,https://moovitapp.com/index/pt-br/transporte_p%C3%BAblico-line-115_1-Brasilia-1702-850942-242436-0,-1.0,-15.73459,-47.88593,,,,,2023-06-17T10:01:09+00:00
BRA_120618,Brasília,5300108,,Piracicabana,616.2,https://moovitapp.com/index/pt-br/transporte_p%C3%BAblico-line-616_2-Brasilia-1702-850942-470754-0,-1.0,-15.68732,-47.85683,,,,1,2023-06-17T10:01:09+00:00
BRA_120626,Brasília,5300108,,Piracicabana,099.1,https://moovitapp.com/index/pt-br/transporte_p%C3%BAblico-line-099_1-Brasilia-1702-850942-775090-0,-1.0,-15.84067,-48.04952,,,,,2023-06-17T10:01:09+00:00
BRA_118290,Brasília,5300108,,Piracicabana,116.2,https://moovitapp.com/index/pt-br/transporte_p%C3%BAblico-line-116_2-Brasilia-1702-850942-60842780-0,-1.0,-15.786,-47.91085,,,,,2023-06-17T10:01:09+00:00
BRA_120511,Brasília,5300108,,Piracicabana,604.2,https://moovitapp.com/index/pt-br/transporte_p%C3%BAblico-line-604_2-Brasilia-1702-850942-242494-0,-1.0,-15.6871,-47.85942,,,,,2023-06-17T10:01:10+00:00
BRA_120774,Brasília,5300108,,Piracicabana,0.136,https://moovitapp.com/index/pt-br/transporte_p%C3%BAblico-line-0_136-Brasilia-1702-850942-719957-0,-1.0,-15.74239,-47.8977,,,,,2023-06-17T10:01:10+00:00
BRA_120642,Brasília,5300108,,Piracicabana,601.2,https://moovitapp.com/index/pt-br/transporte_p%C3%BAblico-line-601_2-Brasilia-1702-850942-322378-0,-1.0,-15.61835,-47.65366,,,,,2023-06-17T10:01:11+00:00
BRA_120839,Brasília,5300108,,Piracicabana,099.1,https://moovitapp.com/index/pt-br/transporte_p%C3%BAblico-line-099_1-Brasilia-1702-850942-775090-0,-1.0,-15.78652,-47.94115,,,,,2023-06-17T10:01:11+00:00
BRA_119423,Brasília,5300108,,Piracicabana,519.2,https://moovitapp.com/index/pt-br/transporte_p%C3%BAblico-line-519_2-Brasilia-1702-850942-242483-0,-1.0,-15.81869,-47.90444,,,,,2023-06-17T10:01:11+00:00
BRA_119032,Brasília,5300108,,Piracicabana,116.2,https://moovitapp.com/index/pt-br/transporte_p%C3%BAblico-line-116_2-Brasilia-1702-850942-60842780-0,-1.0,-15.78825,-47.89459,,,,,2023-06-17T10:01:11+00:00
BRA_118770,Brasília,5300108,,Piracicabana,102.6,https://moovitapp.com/index/pt-br/transporte_p%C3%BAblico-line-102_6-Brasilia-1702-850942-775091-0,-1.0,-15.83106,-47.93048,,,,,2023-06-17T10:01:11+00:00
BRA_119130,Brasília,5300108,,Piracicabana,501.3,https://moovitapp.com/index/pt-br/transporte_p%C3%BAblico-line-501_3-Brasilia-1702-850942-242472-0,-1.0,-15.64411,-47.81464,,,,1,2023-06-17T10:01:12+00:00
BRA_119211,Brasília,5300108,,Piracicabana,501.7,https://moovitapp.com/index/pt-br/transporte_p%C3%BAblico-line-501_7-Brasilia-1702-850942-519379-0,-1.0,-15.67297,-47.82045,,,,,2023-06-17T10:01:12+00:00
BRA_119717,Brasília,5300108,,Piracicabana,063.1,https://moovitapp.com/index/pt-br/transporte_p%C3%BAblico-line-063_1-Brasilia-1702-850942-339291-0,-1.0,-15.65266,-47.78312,,,,,2023-06-17T10:01:12+00:00
BRA_119491,Brasília,5300108,,Piracicabana,063.1,https://moovitapp.com/index/pt-br/transporte_p%C3%BAblico-line-063_1-Brasilia-1702-850942-339291-0,-1.0,-15.66507,-47.75231,,,,1,2023-06-17T10:01:12+00:00
BRA_120651,Brasília,5300108,,Piracicabana,519.2,https://moovitapp.com/index/pt-br/transporte_p%C3%BAblico-line-519_2-Brasilia-1702-850942-242483-0,-1.0,-15.73398,-47.89346,,,,,2023-06-17T10:01:12+00:00
BRA_121088,Brasília,5300108,,Piracicabana,601.3,https://moovitapp.com/index/pt-br/transporte_p%C3%BAblico-line-601_3-Brasilia-1702-850942-339836-0,-1.0,-15.60141,-47.65875,,,,,2023-06-17T10:01:12+00:00
BRA_120073,Brasília,5300108,,Piracicabana,0.504,https://moovitapp.com/index/pt-br/transporte_p%C3%BAblico-line-0_504-Brasilia-1702-850942-781321-0,-1.0,-15.65303,-47.79912,,,,,2023-06-17T10:01:13+00:00
BRA_119253,Brasília,5300108,,Piracicabana,505.3,https://moovitapp.com/index/pt-br/transporte_p%C3%BAblico-line-505_3-Brasilia-1702-850942-352626-0,-1.0,-15.64324,-47.82624,,,,,2023-06-17T10:01:13+00:00
BRA_119202,Brasília,5300108,,Piracicabana,0.517,https://moovitapp.com/index/pt-br/transporte_p%C3%BAblico-line-0_517-Brasilia-1702-850942-242400-0,-1.0,-15.73855,-47.89932,,,,,2023-06-17T10:01:13+00:00
BRA_119971,Brasília,5300108,,Piracicabana,0.600,https://moovitapp.com/index/pt-br/transporte_p%C3%BAblico-line-0_600-Brasilia-1702-850942-242410-0,-1.0,-15.60365,-47.68575,,,,,2023-06-17T10:01:14+00:00
BRA_120723,Brasília,5300108,,Piracicabana,616.2,https://moovitapp.com/index/pt-br/transporte_p%C3%BAblico-line-616_2-Brasilia-1702-850942-470754-0,-1.0,-15.63422,-47.64648,,,,1,2023-06-17T10:01:14+00:00
BRA_118265,Brasília,5300108,,Piracicabana,116.2,https://moovitapp.com/index/pt-br/transporte_p%C3%BAblico-line-116_2-Brasilia-1702-850942-60842780-0,-1.0,-15.78167,-47.90907,,,,,2023-06-17T10:01:15+00:00
BRA_119270,Brasília,5300108,,Piracicabana,0.509,https://moovitapp.com/index/pt-br/transporte_p%C3%BAblico-line-0_509-Brasilia-1702-850942-242397-0,-1.0,-15.76646,-47.88348,,,,,2023-06-17T10:01:16+00:00
BRA_121037,Brasília,5300108,,Piracicabana,0.643,https://moovitapp.com/index/pt-br/transporte_p%C3%BAblico-line-0_643-Brasilia-1702-850942-585284-0,-1.0,-15.64329,-47.68318,,,,,2023-06-17T10:01:16+00:00
BRA_120812,Brasília,5300108,,Piracicabana,0.150,https://moovitapp.com/index/pt-br/transporte_p%C3%BAblico-line-0_150-Brasilia-1702-850942-775086-0,-1.0,-15.78268,-47.93456,,,,,2023-06-17T10:01:16+00:00
BRA_120472,Brasília,5300108,,Piracicabana,616.2,https://moovitapp.com/index/pt-br/transporte_p%C3%BAblico-line-616_2-Brasilia-1702-850942-470754-0,-1.0,-15.64324,-47.63494,,,,,2023-06-17T10:01:16+00:00
BRA_120596,Brasília,5300108,,Piracicabana,620.1,https://moovitapp.com/index/pt-br/transporte_p%C3%BAblico-line-620_1-Brasilia-1702-850942-697955-0,-1.0,-15.7037,-47.88752,,,,,2023-06-17T10:01:16+00:00
BRA_117226,Brasília,5300108,,Piracicabana,610.3,https://moovitapp.com/index/pt-br/transporte_p%C3%BAblico-line-610_3-Brasilia-1702-850942-138552889-0,-1.0,-15.83886,-47.56279,,,,,2023-06-17T10:01:16+00:00
BRA_118133,Brasília,5300108,,Piracicabana,066.2,https://moovitapp.com/index/pt-br/transporte_p%C3%BAblico-line-066_2-Brasilia-1702-850942-339293-0,-1.0,-15.59998,-47.68521,,,,,2023-06-17T10:01:17+00:00
BRA_118338,Brasília,5300108,,Piracicabana,115.1,https://moovitapp.com/index/pt-br/transporte_p%C3%BAblico-line-115_1-Brasilia-1702-850942-242436-0,-1.0,-15.78722,-47.88799,,,,,2023-06-17T10:01:18+00:00
BRA_120961,Brasília,5300108,,Piracicabana,620.1,https://moovitapp.com/index/pt-br/transporte_p%C3%BAblico-line-620_1-Brasilia-1702-850942-697955-0,-1.0,-15.61988,-47.71431,,,,,2023-06-17T10:01:18+00:00
BRA_118443,Brasília,5300108,,Piracicabana,115.1,https://moovitapp.com/index/pt-br/transporte_p%C3%BAblico-line-115_1-Brasilia-1702-850942-242436-0,-1.0,-15.76792,-47.87545,,,,,2023-06-17T10:01:18+00:00
BRA_119024,Brasília,5300108,,Piracicabana,158.1,https://moovitapp.com/index/pt-br/transporte_p%C3%BAblico-line-158_1-Brasilia-1702-850942-775094-0,-1.0,-15.78001,-47.98713,,,,1,2023-06-17T10:01:18+00:00
BRA_119547,Brasília,5300108,,Piracicabana,062.6,https://moovitapp.com/index/pt-br/transporte_p%C3%BAblico-line-062_6-Brasilia-1702-850942-339289-0,-1.0,-15.64424,-47.82761,,,,,2023-06-17T10:01:19+00:00
BRA_118702,Brasília,5300108,,Piracicabana,102.6,https://moovitapp.com/index/pt-br/transporte_p%C3%BAblico-line-102_6-Brasilia-1702-850942-775091-0,-1.0,-15.86135,-47.93433,,,,,2023-06-17T10:01:19+00:00
BRA_120901,Brasília,5300108,,Piracicabana,0.169,https://moovitapp.com/index/pt-br/transporte_p%C3%BAblico-line-0_169-Brasilia-1702-850942-242393-0,-1.0,-15.74163,-47.89789,,,,,2023-06-17T10:01:19+00:00
BRA_120316,Brasília,5300108,,Piracicabana,643.1,https://moovitapp.com/index/pt-br/transporte_p%C3%BAblico-line-643_1-Brasilia-1702-850942-772850-0,-1.0,-15.6413,-47.75459,,,,,2023-06-17T10:01:19+00:00
BRA_120324,Brasília,5300108,,Piracicabana,504.1,https://moovitapp.com/index/pt-br/transporte_p%C3%BAblico-line-504_1-Brasilia-1702-850942-242476-0,-1.0,-15.60445,-47.65431,,,,,2023-06-17T10:01:20+00:00
BRA_120090,Brasília,5300108,,Piracicabana,0.600,https://moovitapp.com/index/pt-br/transporte_p%C3%BAblico-line-0_600-Brasilia-1702-850942-242410-0,-1.0,-15.68732,-47.85723,,,,,2023-06-17T10:01:20+00:00
BRA_119407,Brasília,5300108,,Piracicabana,501.7,https://moovitapp.com/index/pt-br/transporte_p%C3%BAblico-line-501_7-Brasilia-1702-850942-519379-0,-1.0,-15.81655,-47.90129,,,,,2023-06-17T10:01:20+00:00
BRA_118311,Brasília,5300108,,Piracicabana,0.151,https://moovitapp.com/index/pt-br/transporte_p%C3%BAblico-line-0_151-Brasilia-1702-850942-775087-0,-1.0,-15.80044,-47.94436,,,,,2023-06-17T10:01:20+00:00
BRA_119903,Brasília,5300108,,Piracicabana,158.1,https://moovitapp.com/index/pt-br/transporte_p%C3%BAblico-line-158_1-Brasilia-1702-850942-775094-0,-1.0,-15.80448,-47.9567,,,,,2023-06-17T10:01:21+00:00
BRA_120154,Brasília,5300108,,Piracicabana,066.4,https://moovitapp.com/index/pt-br/transporte_p%C3%BAblico-line-066_4-Brasilia-1702-850942-763557-0,-1.0,-15.64139,-47.65473,,,,,2023-06-17T10:01:22+00:00
BRA_120537,Brasília,5300108,,Piracicabana,152.5,https://moovitapp.com/index/pt-br/transporte_p%C3%BAblico-line-152_5-Brasilia-1702-850942-542828-0,-1.0,-15.79374,-47.91694,,,,,2023-06-17T10:01:22+00:00
BRA_121002,Brasília,5300108,,Piracicabana,620.1,https://moovitapp.com/index/pt-br/transporte_p%C3%BAblico-line-620_1-Brasilia-1702-850942-697955-0,-1.0,-15.79303,-47.88167,,,,,2023-06-17T10:01:22+00:00
BRA_119822,Brasília,5300108,,Piracicabana,0.643,https://moovitapp.com/index/pt-br/transporte_p%C3%BAblico-line-0_643-Brasilia-1702-850942-585284-0,-1.0,-15.63482,-47.64838,,,,,2023-06-17T10:01:22+00:00
BRA_119512,Brasília,5300108,,Piracicabana,0.509,https://moovitapp.com/index/pt-br/transporte_p%C3%BAblico-line-0_509-Brasilia-1702-850942-242397-0,-1.0,-15.64742,-47.77068,,,,1,2023-06-17T10:01:22+00:00
BRA_119415,Brasília,5300108,,Piracicabana,501.3,https://moovitapp.com/index/pt-br/transporte_p%C3%BAblico-line-501_3-Brasilia-1702-850942-242472-0,-1.0,-15.69825,-47.87924,,,,,2023-06-17T10:01:22+00:00
BRA_119377,Brasília,5300108,,Piracicabana,501.3,https://moovitapp.com/index/pt-br/transporte_p%C3%BAblico-line-501_3-Brasilia-1702-850942-242472-0,-1.0,-15.7409,-47.89191,,,,,2023-06-17T10:01:23+00:00
BRA_119636,Brasília,5300108,,Piracicabana,505.8,https://moovitapp.com/index/pt-br/transporte_p%C3%BAblico-line-505_8-Brasilia-1702-850942-339297-0,-1.0,-15.66585,-47.85165,,,,,2023-06-17T10:01:23+00:00
BRA_118435,Brasília,5300108,,Piracicabana,600.6,https://moovitapp.com/index/pt-br/transporte_p%C3%BAblico-line-600_6-Brasilia-1702-850942-425243-0,-1.0,-15.60057,-47.68056,,,,,2023-06-17T10:01:23+00:00
BRA_120685,Brasília,5300108,,Piracicabana,620.1,https://moovitapp.com/index/pt-br/transporte_p%C3%BAblico-line-620_1-Brasilia-1702-850942-697955-0,-1.0,-15.78862,-47.88044,,,,,2023-06-17T10:01:23+00:00
BRA_116351,Brasília,5300108,,Piracicabana,0.649,https://moovitapp.com/index/pt-br/transporte_p%C3%BAblico-line-0_649-Brasilia-1702-850942-771758-0,-1.0,-15.52765,-47.6224,,,,,2023-06-17T10:01:24+00:00
BRA_120715,Brasília,5300108,,Piracicabana,643.1,https://moovitapp.com/index/pt-br/transporte_p%C3%BAblico-line-643_1-Brasilia-1702-850942-772850-0,-1.0,-15.64277,-47.7584,,,,,2023-06-17T10:01:25+00:00
BRA_121011,Brasília,5300108,,Piracicabana,0.643,https://moovitapp.com/index/pt-br/transporte_p%C3%BAblico-line-0_643-Brasilia-1702-850942-585284-0,-1.0,-15.66121,-47.79865,,,,,2023-06-17T10:01:25+00:00
BRA_118478,Brasília,5300108,,Piracicabana,0.143,https://moovitapp.com/index/pt-br/transporte_p%C3%BAblico-line-0_143-Brasilia-1702-850942-470747-0,-1.0,-15.75831,-47.95758,,,,,2023-06-17T10:01:25+00:00
BRA_118931,Brasília,5300108,,Piracicabana,0.116,https://moovitapp.com/index/pt-br/transporte_p%C3%BAblico-line-0_116-Brasilia-1702-850942-242381-0,-1.0,-15.79317,-47.88171,,,,,2023-06-17T10:01:26+00:00
BRA_117111,Brasília,5300108,,Piracicabana,0.140,https://moovitapp.com/index/pt-br/transporte_p%C3%BAblico-line-0_140-Brasilia-1702-850942-242386-0,-1.0,-15.7938,-47.88196,,,,,2023-06-17T10:01:27+00:00
BRA_119474,Brasília,5300108,,Piracicabana,0.517,https://moovitapp.com/index/pt-br/transporte_p%C3%BAblico-line-0_517-Brasilia-1702-850942-242400-0,-1.0,-15.64202,-47.82696,,,,,2023-06-17T10:01:27+00:00
BRA_121053,Brasília,5300108,,Piracicabana,162.1,https://moovitapp.com/index/pt-br/transporte_p%C3%BAblico-line-162_1-Brasilia-1702-850942-762425-0,-1.0,-15.83592,-47.93292,,,,1,2023-06-17T10:01:27+00:00
BRA_119555,Brasília,5300108,,Piracicabana,0.533,https://moovitapp.com/index/pt-br/transporte_p%C3%BAblico-line-0_533-Brasilia-1702-850942-242409-0,-1.0,-15.64717,-47.77909,,,,,2023-06-17T10:01:28+00:00
BRA_119164,Brasília,5300108,,Piracicabana,062.5,https://moovitapp.com/index/pt-br/transporte_p%C3%BAblico-line-062_5-Brasilia-1702-850942-339835-0,-1.0,-15.65023,-47.78963,,,,,2023-06-17T10:01:28+00:00
BRA_119733,Brasília,5300108,,Piracicabana,0.641,https://moovitapp.com/index/pt-br/transporte_p%C3%BAblico-line-0_641-Brasilia-1702-850942-242424-0,-1.0,-15.61844,-47.65424,,,,1,2023-06-17T10:01:28+00:00
BRA_119300,Brasília,5300108,,Piracicabana,512.1,https://moovitapp.com/index/pt-br/transporte_p%C3%BAblico-line-512_1-Brasilia-1702-850942-474401-0,-1.0,-15.68721,-47.85957,,,,,2023-06-17T10:01:28+00:00
BRA_118991,Brasília,5300108,,Piracicabana,0.143,https://moovitapp.com/index/pt-br/transporte_p%C3%BAblico-line-0_143-Brasilia-1702-850942-470747-0,-1.0,-15.79345,-47.88102,,,,,2023-06-17T10:01:28+00:00
BRA_118877,Brasília,5300108,,Piracicabana,105.2,https://moovitapp.com/index/pt-br/transporte_p%C3%BAblico-line-105_2-Brasilia-1702-850942-12015265-0,-1.0,-15.83782,-47.9183,,,,,2023-06-17T10:01:29+00:00
BRA_120111,Brasília,5300108,,Piracicabana,0.600,https://moovitapp.com/index/pt-br/transporte_p%C3%BAblico-line-0_600-Brasilia-1702-850942-242410-0,-1.0,-15.61845,-47.65448,,,,1,2023-06-17T10:01:29+00:00
BRA_120430,Brasília,5300108,,Piracicabana,0.116,https://moovitapp.com/index/pt-br/transporte_p%C3%BAblico-line-0_116-Brasilia-1702-850942-242381-0,-1.0,-15.73909,-47.88475,,,,,2023-06-17T10:01:30+00:00
BRA_120782,Brasília,5300108,,Piracicabana,110.2,https://moovitapp.com/index/pt-br/transporte_p%C3%BAblico-line-110_2-Brasilia-1702-850942-339295-0,-1.0,-15.79455,-47.88216,,,,1,2023-06-17T10:01:30+00:00
BRA_119521,Brasília,5300108,,Piracicabana,515.6,https://moovitapp.com/index/pt-br/transporte_p%C3%BAblico-line-515_6-Brasilia-1702-850942-762427-0,-1.0,-15.73386,-47.89347,,,,,2023-06-17T10:01:30+00:00
BRA_119679,Brasília,5300108,,Piracicabana,0.509,https://moovitapp.com/index/pt-br/transporte_p%C3%BAblico-line-0_509-Brasilia-1702-850942-242397-0,-1.0,-15.8026,-47.88573,,,,,2023-06-17T10:01:31+00:00
BRA_120588,Brasília,5300108,,Piracicabana,0.620,https://moovitapp.com/index/pt-br/transporte_p%C3%BAblico-line-0_620-Brasilia-1702-850942-470748-0,-1.0,-15.61633,-47.65532,,,,,2023-06-17T10:01:31+00:00
BRA_120065,Brasília,5300108,,Piracicabana,0.620,https://moovitapp.com/index/pt-br/transporte_p%C3%BAblico-line-0_620-Brasilia-1702-850942-470748-0,-1.0,-15.69309,-47.86988,,,,,2023-06-17T10:01:31+00:00
BRA_119881,Brasília,5300108,,Piracicabana,616.5,https://moovitapp.com/index/pt-br/transporte_p%C3%BAblico-line-616_5-Brasilia-1702-850942-504336-0,-1.0,-15.64061,-47.65085,,,,1,2023-06-17T10:01:33+00:00
BRA_119687,Brasília,5300108,,Piracicabana,531.2,https://moovitapp.com/index/pt-br/transporte_p%C3%BAblico-line-531_2-Brasilia-1702-850942-48723591-0,-1.0,-15.6381,-47.84804,,,,,2023-06-17T10:01:33+00:00
BRA_119393,Brasília,5300108,,Piracicabana,501.3,https://moovitapp.com/index/pt-br/transporte_p%C3%BAblico-line-501_3-Brasilia-1702-850942-242472-0,-1.0,-15.63843,-47.84629,,,,,2023-06-17T10:01:34+00:00
BRA_119229,Brasília,5300108,,Piracicabana,136.9,https://moovitapp.com/index/pt-br/transporte_p%C3%BAblico-line-136_9-Brasilia-1702-850942-773702-0,-1.0,-15.70744,-47.88088,,,,1,2023-06-17T10:01:34+00:00
BRA_119989,Brasília,5300108,,Piracicabana,504.1,https://moovitapp.com/index/pt-br/transporte_p%C3%BAblico-line-504_1-Brasilia-1702-850942-242476-0,-1.0,-15.64604,-47.7658,,,,,2023-06-17T10:01:34+00:00
BRA_120979,Brasília,5300108,,Piracicabana,0.620,https://moovitapp.com/index/pt-br/transporte_p%C3%BAblico-line-0_620-Brasilia-1702-850942-470748-0,-1.0,-15.61573,-47.65493,,,,,2023-06-17T10:01:34+00:00
BRA_118362,Brasília,5300108,,Piracicabana,107.1,https://moovitapp.com/index/pt-br/transporte_p%C3%BAblico-line-107_1-Brasilia-1702-850942-242434-0,-1.0,-15.79398,-47.88292,,,,1,2023-06-17T10:01:34+00:00
BRA_119890,Brasília,5300108,,Piracicabana,630.1,https://moovitapp.com/index/pt-br/transporte_p%C3%BAblico-line-630_1-Brasilia-1702-850942-476290-0,-1.0,-15.60194,-47.68302,,,,,2023-06-17T10:01:35+00:00
BRA_120600,Brasília,5300108,,Piracicabana,600.7,https://moovitapp.com/index/pt-br/transporte_p%C3%BAblico-line-600_7-Brasilia-1702-850942-698442-0,-1.0,-15.82841,-47.91531,,,,,2023-06-17T10:01:35+00:00
BRA_119644,Brasília,5300108,,Piracicabana,531.1,https://moovitapp.com/index/pt-br/transporte_p%C3%BAblico-line-531_1-Brasilia-1702-850942-476289-0,-1.0,-15.64803,-47.80173,,,,,2023-06-17T10:01:35+00:00
BRA_118915,Brasília,5300108,,Piracicabana,0.642,https://moovitapp.com/index/pt-br/transporte_p%C3%BAblico-line-0_642-Brasilia-1702-850942-242425-0,-1.0,-15.83151,-47.93082,,,,,2023-06-17T10:01:36+00:00
BRA_121100,Brasília,5300108,,Piracicabana,640.2,https://moovitapp.com/index/pt-br/transporte_p%C3%BAblico-line-640_2-Brasilia-1702-850942-697957-0,-1.0,-15.82357,-47.9214,,,,1,2023-06-17T10:01:36+00:00
BRA_120898,Brasília,5300108,,Piracicabana,106.2,https://moovitapp.com/index/pt-br/transporte_p%C3%BAblico-line-106_2-Brasilia-1702-850942-242433-0,-1.0,-15.78071,-47.88741,,,,,2023-06-17T10:01:37+00:00
BRA_120341,Brasília,5300108,,Piracicabana,616.2,https://moovitapp.com/index/pt-br/transporte_p%C3%BAblico-line-616_2-Brasilia-1702-850942-470754-0,-1.0,-15.60194,-47.68302,,,,,2023-06-17T10:01:37+00:00
BRA_119482,Brasília,5300108,,Piracicabana,505.5,https://moovitapp.com/index/pt-br/transporte_p%C3%BAblico-line-505_5-Brasilia-1702-850942-651521-0,-1.0,-15.64682,-47.82279,,,,,2023-06-17T10:01:37+00:00
BRA_119008,Brasília,5300108,,Piracicabana,152.1,https://moovitapp.com/index/pt-br/transporte_p%C3%BAblico-line-152_1-Brasilia-1702-850942-542827-0,-1.0,-15.80167,-47.93983,,,,,2023-06-17T10:01:38+00:00
BRA_120332,Brasília,5300108,,Piracicabana,153.2,https://moovitapp.com/index/pt-br/transporte_p%C3%BAblico-line-153_2-Brasilia-1702-850942-775093-0,-1.0,-15.79386,-47.88349,,,,,2023-06-17T10:01:38+00:00
BRA_120278,Brasília,5300108,,Piracicabana,603.1,https://moovitapp.com/index/pt-br/transporte_p%C3%BAblico-line-603_1-Brasilia-1702-850942-242492-0,-1.0,-15.65047,-47.77511,,,,,2023-06-17T10:01:38+00:00
BRA_119873,Brasília,5300108,,Piracicabana,064.1,https://moovitapp.com/index/pt-br/transporte_p%C3%BAblico-line-064_1-Brasilia-1702-850942-339292-0,-1.0,-15.6433,-47.63755,,,,,2023-06-17T10:01:38+00:00
BRA_120952,Brasília,5300108,,Piracicabana,063.1,https://moovitapp.com/index/pt-br/transporte_p%C3%BAblico-line-063_1-Brasilia-1702-850942-339291-0,-1.0,-15.64388,-47.83436,,,,,2023-06-17T10:01:39+00:00
BRA_118711,Brasília,5300108,,Piracicabana,114.1,https://moovitapp.com/index/pt-br/transporte_p%C3%BAblico-line-114_1-Brasilia-1702-850942-781323-0,-1.0,-15.8276,-47.90456,,,,,2023-06-17T10:01:39+00:00
BRA_119199,Brasília,5300108,,Piracicabana,501.3,https://moovitapp.com/index/pt-br/transporte_p%C3%BAblico-line-501_3-Brasilia-1702-850942-242472-0,-1.0,-15.63665,-47.8332,,,,,2023-06-17T10:01:39+00:00
BRA_118664,Brasília,5300108,,Piracicabana,067.3,https://moovitapp.com/index/pt-br/transporte_p%C3%BAblico-line-067_3-Brasilia-1702-850942-339294-0,-1.0,-15.67136,-47.64637,,,,,2023-06-17T10:01:40+00:00
BRA_119750,Brasília,5300108,,Piracicabana,062.6,https://moovitapp.com/index/pt-br/transporte_p%C3%BAblico-line-062_6-Brasilia-1702-850942-339289-0,-1.0,-15.64513,-47.78705,,,,,2023-06-17T10:01:40+00:00
BRA_118818,Brasília,5300108,,Piracicabana,099.1,https://moovitapp.com/index/pt-br/transporte_p%C3%BAblico-line-099_1-Brasilia-1702-850942-775090-0,-1.0,-15.83393,-48.01009,,,,1,2023-06-17T10:01:43+00:00
