bus_id,city,city_code,adapted,agency,line_code,line_url,line_fare,latitude,longitude,bus_speed,is_eletric,bus_type,bus_direction,updated_at
BRA_339130,Brasília,5300108,,Urbi,086.1,https://moovitapp.com/index/pt-br/transporte_p%C3%BAblico-line-086_1-Brasilia-1702-851595-481321-0,-1.0,-15.87211,-47.97606,14.44,,,1,2023-06-18T20:46:02+00:00
BRA_338958,Brasília,5300108,,Urbi,807.8,https://moovitapp.com/index/pt-br/transporte_p%C3%BAblico-line-807_8-Brasilia-1702-851595-322408-0,-1.0,-15.90119,-48.05627,8.33,,,2,2023-06-18T20:46:16+00:00
BRA_340243,Brasília,5300108,,Urbi,0.399,https://moovitapp.com/index/pt-br/transporte_p%C3%BAblico-line-0_399-Brasilia-1702-851595-454964-0,-1.0,-15.84118,-48.12685,0.0,,,2,2023-06-18T20:47:48+00:00
BRA_338419,Brasília,5300108,,Urbi,812.1,https://moovitapp.com/index/pt-br/transporte_p%C3%BAblico-line-812_1-Brasilia-1702-851595-372386-0,-1.0,-15.93329,-48.10878,3.61,,,2,2023-06-18T20:48:43+00:00
BRA_336670,Brasília,5300108,,Urbi,0.394,https://moovitapp.com/index/pt-br/transporte_p%C3%BAblico-line-0_394-Brasilia-1702-851595-334076-0,-1.0,-15.8002,-47.91595,15.28,,,1,2023-06-18T20:48:48+00:00
BRA_340324,Brasília,5300108,,Urbi,0.340,https://moovitapp.com/index/pt-br/transporte_p%C3%BAblico-line-0_340-Brasilia-1702-851595-641378-0,-1.0,-15.93654,-48.22299,7.78,,,1,2023-06-18T20:48:50+00:00
BRA_338125,Brasília,5300108,,Urbi,0.811,https://moovitapp.com/index/pt-br/transporte_p%C3%BAblico-line-0_811-Brasilia-1702-851595-334078-0,-1.0,-15.89228,-48.04873,2.78,,,2,2023-06-18T20:49:02+00:00
BRA_340251,Brasília,5300108,,Urbi,372.5,https://moovitapp.com/index/pt-br/transporte_p%C3%BAblico-line-372_5-Brasilia-1702-851595-519391-0,-1.0,-15.85655,-48.07004,0.0,,,2,2023-06-18T20:49:44+00:00
BRA_338001,Brasília,5300108,,Urbi,0.886,https://moovitapp.com/index/pt-br/transporte_p%C3%BAblico-line-0_886-Brasilia-1702-851595-704024-0,-1.0,-15.88601,-48.02298,0.0,,,2,2023-06-18T20:49:44+00:00
BRA_337561,Brasília,5300108,,Urbi,874.4,https://moovitapp.com/index/pt-br/transporte_p%C3%BAblico-line-874_4-Brasilia-1702-851595-775106-0,-1.0,-15.8033,-47.92142,5.0,,,1,2023-06-18T20:49:47+00:00
BRA_338826,Brasília,5300108,,Urbi,0.808,https://moovitapp.com/index/pt-br/transporte_p%C3%BAblico-line-0_808-Brasilia-1702-851595-372359-0,-1.0,-15.78857,-48.13498,5.28,,,2,2023-06-18T20:49:56+00:00
BRA_339334,Brasília,5300108,,Urbi,0.160,https://moovitapp.com/index/pt-br/transporte_p%C3%BAblico-line-0_160-Brasilia-1702-851595-470755-0,-1.0,-15.82849,-47.91542,15.28,,,1,2023-06-18T20:49:58+00:00
BRA_338486,Brasília,5300108,,Urbi,0.882,https://moovitapp.com/index/pt-br/transporte_p%C3%BAblico-line-0_882-Brasilia-1702-851595-363858-0,-1.0,-15.89353,-48.04877,9.72,,,2,2023-06-18T20:49:59+00:00
BRA_338443,Brasília,5300108,,Urbi,0.172,https://moovitapp.com/index/pt-br/transporte_p%C3%BAblico-line-0_172-Brasilia-1702-851595-470756-0,-1.0,-15.84475,-47.94169,18.06,,,1,2023-06-18T20:50:18+00:00
BRA_338605,Brasília,5300108,,Urbi,0.808,https://moovitapp.com/index/pt-br/transporte_p%C3%BAblico-line-0_808-Brasilia-1702-851595-372359-0,-1.0,-15.85133,-48.0726,2.22,,,1,2023-06-18T20:50:19+00:00
BRA_336378,Brasília,5300108,,Urbi,380.2,https://moovitapp.com/index/pt-br/transporte_p%C3%BAblico-line-380_2-Brasilia-1702-851595-334086-0,-1.0,-15.79212,-47.89409,0.0,,,1,2023-06-18T20:50:21+00:00
BRA_335509,Brasília,5300108,,Urbi,056.2,https://moovitapp.com/index/pt-br/transporte_p%C3%BAblico-line-056_2-Brasilia-1702-851595-492982-0,-1.0,-15.87941,-48.10578,12.78,,,1,2023-06-18T20:50:23+00:00
BRA_337226,Brasília,5300108,,Urbi,870.1,https://moovitapp.com/index/pt-br/transporte_p%C3%BAblico-line-870_1-Brasilia-1702-851595-715272-0,-1.0,-15.79245,-47.88437,8.89,,,2,2023-06-18T20:50:25+00:00
BRA_336254,Brasília,5300108,,Urbi,394.1,https://moovitapp.com/index/pt-br/transporte_p%C3%BAblico-line-394_1-Brasilia-1702-851595-334089-0,-1.0,-15.85269,-48.04043,13.06,,,2,2023-06-18T20:50:25+00:00
BRA_336424,Brasília,5300108,,Urbi,0.871,https://moovitapp.com/index/pt-br/transporte_p%C3%BAblico-line-0_871-Brasilia-1702-851595-418741-0,-1.0,-15.8779,-48.05054,16.39,,,1,2023-06-18T20:50:26+00:00
BRA_335991,Brasília,5300108,,Urbi,0.053,https://moovitapp.com/index/pt-br/transporte_p%C3%BAblico-line-0_053-Brasilia-1702-851595-588803-0,-1.0,-15.81522,-48.06345,15.28,,,1,2023-06-18T20:50:26+00:00
BRA_339083,Brasília,5300108,,Urbi,0.805,https://moovitapp.com/index/pt-br/transporte_p%C3%BAblico-line-0_805-Brasilia-1702-851595-460800-0,-1.0,-15.87466,-48.03872,18.89,,,1,2023-06-18T20:50:26+00:00
BRA_340235,Brasília,5300108,,Urbi,366.7,https://moovitapp.com/index/pt-br/transporte_p%C3%BAblico-line-366_7-Brasilia-1702-851595-650086-0,-1.0,-15.86739,-48.09821,0.0,,,1,2023-06-18T20:50:27+00:00
BRA_339041,Brasília,5300108,,Urbi,872.1,https://moovitapp.com/index/pt-br/transporte_p%C3%BAblico-line-872_1-Brasilia-1702-851595-470760-0,-1.0,-15.8125,-48.06787,11.11,,,1,2023-06-18T20:50:27+00:00
BRA_338320,Brasília,5300108,,Urbi,807.6,https://moovitapp.com/index/pt-br/transporte_p%C3%BAblico-line-807_6-Brasilia-1702-851595-334092-0,-1.0,-15.91025,-48.09112,0.0,,,1,2023-06-18T20:50:27+00:00
BRA_335789,Brasília,5300108,,Urbi,0.825,https://moovitapp.com/index/pt-br/transporte_p%C3%BAblico-line-0_825-Brasilia-1702-851595-334081-0,-1.0,-15.82845,-47.91531,11.94,,,2,2023-06-18T20:50:27+00:00
BRA_336408,Brasília,5300108,,Urbi,0.883,https://moovitapp.com/index/pt-br/transporte_p%C3%BAblico-line-0_883-Brasilia-1702-851595-510239-0,-1.0,-15.80897,-48.08685,0.0,,,1,2023-06-18T20:50:27+00:00
BRA_336416,Brasília,5300108,,Urbi,0.813,https://moovitapp.com/index/pt-br/transporte_p%C3%BAblico-line-0_813-Brasilia-1702-851595-651523-0,-1.0,-15.93305,-48.10896,0.0,,,1,2023-06-18T20:50:27+00:00
BRA_336467,Brasília,5300108,,Urbi,0.813,https://moovitapp.com/index/pt-br/transporte_p%C3%BAblico-line-0_813-Brasilia-1702-851595-651523-0,-1.0,-15.76313,-47.89104,0.0,,,1,2023-06-18T20:50:27+00:00
BRA_336394,Brasília,5300108,,Urbi,0.380,https://moovitapp.com/index/pt-br/transporte_p%C3%BAblico-line-0_380-Brasilia-1702-851595-334073-0,-1.0,-15.80964,-47.9364,15.0,,,2,2023-06-18T20:50:28+00:00
BRA_336262,Brasília,5300108,,Urbi,0.373,https://moovitapp.com/index/pt-br/transporte_p%C3%BAblico-line-0_373-Brasilia-1702-851595-334072-0,-1.0,-15.89408,-48.13831,11.39,,,2,2023-06-18T20:50:28+00:00
BRA_335321,Brasília,5300108,,Urbi,366.7,https://moovitapp.com/index/pt-br/transporte_p%C3%BAblico-line-366_7-Brasilia-1702-851595-650086-0,-1.0,-15.86069,-48.07333,11.94,,,2,2023-06-18T20:50:28+00:00
BRA_337871,Brasília,5300108,,Urbi,0.810,https://moovitapp.com/index/pt-br/transporte_p%C3%BAblico-line-0_810-Brasilia-1702-851595-363856-0,-1.0,-15.88766,-48.05851,12.78,,,1,2023-06-18T20:50:28+00:00
BRA_336840,Brasília,5300108,,Urbi,0.881,https://moovitapp.com/index/pt-br/transporte_p%C3%BAblico-line-0_881-Brasilia-1702-851595-363857-0,-1.0,-15.80912,-47.9734,18.89,,,2,2023-06-18T20:50:29+00:00
BRA_333972,Brasília,5300108,,Urbi,366.1,https://moovitapp.com/index/pt-br/transporte_p%C3%BAblico-line-366_1-Brasilia-1702-851595-425249-0,-1.0,-15.8823,-48.08361,13.33,,,2,2023-06-18T20:50:29+00:00
BRA_336131,Brasília,5300108,,Urbi,0.806,https://moovitapp.com/index/pt-br/transporte_p%C3%BAblico-line-0_806-Brasilia-1702-851595-339299-0,-1.0,-15.87445,-48.05937,4.44,,,2,2023-06-18T20:50:29+00:00
BRA_336211,Brasília,5300108,,Urbi,396.3,https://moovitapp.com/index/pt-br/transporte_p%C3%BAblico-line-396_3-Brasilia-1702-851595-372378-0,-1.0,-15.81248,-47.94907,19.44,,,2,2023-06-18T20:50:30+00:00
BRA_338371,Brasília,5300108,,Urbi,0.087,https://moovitapp.com/index/pt-br/transporte_p%C3%BAblico-line-0_087-Brasilia-1702-851595-242519-0,-1.0,-15.9115,-48.04861,5.83,,,1,2023-06-18T20:50:30+00:00
BRA_338516,Brasília,5300108,,Urbi,871.3,https://moovitapp.com/index/pt-br/transporte_p%C3%BAblico-line-871_3-Brasilia-1702-851595-588820-0,-1.0,-15.8122,-47.90125,10.83,,,1,2023-06-18T20:50:30+00:00
BRA_339920,Brasília,5300108,,Urbi,0.367,https://moovitapp.com/index/pt-br/transporte_p%C3%BAblico-line-0_367-Brasilia-1702-851595-519380-0,-1.0,-15.86492,-48.0938,12.22,,,1,2023-06-18T20:50:30+00:00
BRA_337994,Brasília,5300108,,Urbi,0.809,https://moovitapp.com/index/pt-br/transporte_p%C3%BAblico-line-0_809-Brasilia-1702-851595-516630-0,-1.0,-15.8425,-47.95373,20.28,,,2,2023-06-18T20:50:31+00:00
BRA_337463,Brasília,5300108,,Urbi,0.809,https://moovitapp.com/index/pt-br/transporte_p%C3%BAblico-line-0_809-Brasilia-1702-851595-516630-0,-1.0,-15.87724,-48.02083,8.89,,,1,2023-06-18T20:50:31+00:00
BRA_336459,Brasília,5300108,,Urbi,0.871,https://moovitapp.com/index/pt-br/transporte_p%C3%BAblico-line-0_871-Brasilia-1702-851595-418741-0,-1.0,-15.85225,-48.04067,7.5,,,2,2023-06-18T20:50:31+00:00
BRA_336432,Brasília,5300108,,Urbi,0.882,https://moovitapp.com/index/pt-br/transporte_p%C3%BAblico-line-0_882-Brasilia-1702-851595-363858-0,-1.0,-15.94967,-48.03316,0.0,,,1,2023-06-18T20:50:32+00:00
BRA_336114,Brasília,5300108,,Urbi,038.1,https://moovitapp.com/index/pt-br/transporte_p%C3%BAblico-line-038_1-Brasilia-1702-851595-781327-0,-1.0,-15.86992,-48.02628,7.78,,,1,2023-06-18T20:50:32+00:00
BRA_339911,Brasília,5300108,,Urbi,0.391,https://moovitapp.com/index/pt-br/transporte_p%C3%BAblico-line-0_391-Brasilia-1702-851595-372354-0,-1.0,-15.87754,-48.01593,6.67,,,2,2023-06-18T20:50:32+00:00
BRA_340278,Brasília,5300108,,Urbi,0.397,https://moovitapp.com/index/pt-br/transporte_p%C3%BAblico-line-0_397-Brasilia-1702-851595-890857-0,-1.0,-15.86672,-48.09673,8.33,,,1,2023-06-18T20:50:32+00:00
BRA_340481,Brasília,5300108,,Urbi,366.1,https://moovitapp.com/index/pt-br/transporte_p%C3%BAblico-line-366_1-Brasilia-1702-851595-425249-0,-1.0,-15.89037,-48.10385,3.61,,,1,2023-06-18T20:50:32+00:00
BRA_339270,Brasília,5300108,,Urbi,0.050,https://moovitapp.com/index/pt-br/transporte_p%C3%BAblico-line-0_050-Brasilia-1702-851595-781325-0,-1.0,-15.81002,-48.06521,13.61,,,1,2023-06-18T20:50:33+00:00
BRA_339873,Brasília,5300108,,Urbi,0.391,https://moovitapp.com/index/pt-br/transporte_p%C3%BAblico-line-0_391-Brasilia-1702-851595-372354-0,-1.0,-15.88373,-48.15003,0.0,,,2,2023-06-18T20:50:33+00:00
BRA_336831,Brasília,5300108,,Urbi,0.809,https://moovitapp.com/index/pt-br/transporte_p%C3%BAblico-line-0_809-Brasilia-1702-851595-516630-0,-1.0,-15.91712,-48.10053,3.89,,,1,2023-06-18T20:50:33+00:00
BRA_338893,Brasília,5300108,,Urbi,870.7,https://moovitapp.com/index/pt-br/transporte_p%C3%BAblico-line-870_7-Brasilia-1702-851595-531037-0,-1.0,-15.92313,-48.05225,6.94,,,1,2023-06-18T20:50:33+00:00
BRA_339164,Brasília,5300108,,Urbi,874.4,https://moovitapp.com/index/pt-br/transporte_p%C3%BAblico-line-874_4-Brasilia-1702-851595-775106-0,-1.0,-15.90574,-48.05301,5.0,,,2,2023-06-18T20:50:33+00:00
BRA_336360,Brasília,5300108,,Urbi,0.821,https://moovitapp.com/index/pt-br/transporte_p%C3%BAblico-line-0_821-Brasilia-1702-851595-334080-0,-1.0,-15.84371,-47.94165,0.0,,,2,2023-06-18T20:50:33+00:00
BRA_336351,Brasília,5300108,,Urbi,0.380,https://moovitapp.com/index/pt-br/transporte_p%C3%BAblico-line-0_380-Brasilia-1702-851595-334073-0,-1.0,-15.88374,-48.15005,0.0,,,1,2023-06-18T20:50:34+00:00
BRA_335681,Brasília,5300108,,Urbi,393.4,https://moovitapp.com/index/pt-br/transporte_p%C3%BAblico-line-393_4-Brasilia-1702-851595-588816-0,-1.0,-15.86035,-48.05008,8.06,,,1,2023-06-18T20:50:34+00:00
BRA_339261,Brasília,5300108,,Urbi,056.4,https://moovitapp.com/index/pt-br/transporte_p%C3%BAblico-line-056_4-Brasilia-1702-851595-519387-0,-1.0,-15.86629,-48.09559,12.22,,,1,2023-06-18T20:50:34+00:00
BRA_340448,Brasília,5300108,,Urbi,0.821,https://moovitapp.com/index/pt-br/transporte_p%C3%BAblico-line-0_821-Brasilia-1702-851595-334080-0,-1.0,-15.87299,-48.05854,13.89,,,1,2023-06-18T20:50:34+00:00
BRA_340499,Brasília,5300108,,Urbi,0.347,https://moovitapp.com/index/pt-br/transporte_p%C3%BAblico-line-0_347-Brasilia-1702-851595-347128-0,-1.0,-15.84556,-48.11205,0.0,,,1,2023-06-18T20:50:35+00:00
BRA_340260,Brasília,5300108,,Urbi,398.1,https://moovitapp.com/index/pt-br/transporte_p%C3%BAblico-line-398_1-Brasilia-1702-851595-510241-0,-1.0,-15.79482,-48.12617,5.28,,,2,2023-06-18T20:50:35+00:00
BRA_340430,Brasília,5300108,,Urbi,391.3,https://moovitapp.com/index/pt-br/transporte_p%C3%BAblico-line-391_3-Brasilia-1702-851595-372373-0,-1.0,-15.79849,-47.89219,0.0,,,1,2023-06-18T20:50:35+00:00
BRA_337676,Brasília,5300108,,Urbi,870.1,https://moovitapp.com/index/pt-br/transporte_p%C3%BAblico-line-870_1-Brasilia-1702-851595-715272-0,-1.0,-15.92044,-48.04554,0.0,,,1,2023-06-18T20:50:35+00:00
BRA_336386,Brasília,5300108,,Urbi,0.812,https://moovitapp.com/index/pt-br/transporte_p%C3%BAblico-line-0_812-Brasilia-1702-851595-697958-0,-1.0,-15.80556,-48.13654,10.56,,,1,2023-06-18T20:50:36+00:00
BRA_338231,Brasília,5300108,,Urbi,0.872,https://moovitapp.com/index/pt-br/transporte_p%C3%BAblico-line-0_872-Brasilia-1702-851595-466291-0,-1.0,-15.89456,-48.04852,0.0,,,1,2023-06-18T20:50:36+00:00
BRA_338435,Brasília,5300108,,Urbi,806.1,https://moovitapp.com/index/pt-br/transporte_p%C3%BAblico-line-806_1-Brasilia-1702-851595-775104-0,-1.0,-15.91217,-48.04808,0.0,,,1,2023-06-18T20:50:36+00:00
BRA_336726,Brasília,5300108,,Urbi,0.373,https://moovitapp.com/index/pt-br/transporte_p%C3%BAblico-line-0_373-Brasilia-1702-851595-334072-0,-1.0,-15.87585,-48.06007,15.83,,,1,2023-06-18T20:50:36+00:00
BRA_339121,Brasília,5300108,,Urbi,0.873,https://moovitapp.com/index/pt-br/transporte_p%C3%BAblico-line-0_873-Brasilia-1702-851595-510238-0,-1.0,-15.80469,-48.12237,4.72,,,1,2023-06-18T20:50:37+00:00
BRA_338168,Brasília,5300108,,Urbi,814.1,https://moovitapp.com/index/pt-br/transporte_p%C3%BAblico-line-814_1-Brasilia-1702-851595-492985-0,-1.0,-15.86581,-48.09474,10.28,,,1,2023-06-18T20:50:37+00:00
BRA_336602,Brasília,5300108,,Urbi,0.898,https://moovitapp.com/index/pt-br/transporte_p%C3%BAblico-line-0_898-Brasilia-1702-851595-322394-0,-1.0,-15.84154,-48.12592,6.67,,,1,2023-06-18T20:50:37+00:00
BRA_337145,Brasília,5300108,,Urbi,0.809,https://moovitapp.com/index/pt-br/transporte_p%C3%BAblico-line-0_809-Brasilia-1702-851595-516630-0,-1.0,-15.79413,-47.88498,0.0,,,2,2023-06-18T20:50:37+00:00
BRA_335487,Brasília,5300108,,Urbi,366.1,https://moovitapp.com/index/pt-br/transporte_p%C3%BAblico-line-366_1-Brasilia-1702-851595-425249-0,-1.0,-15.88052,-48.10756,8.61,,,1,2023-06-18T20:50:38+00:00
BRA_338257,Brasília,5300108,,Urbi,0.882,https://moovitapp.com/index/pt-br/transporte_p%C3%BAblico-line-0_882-Brasilia-1702-851595-363858-0,-1.0,-15.82816,-47.95097,14.44,,,1,2023-06-18T20:50:38+00:00
BRA_339059,Brasília,5300108,,Urbi,0.087,https://moovitapp.com/index/pt-br/transporte_p%C3%BAblico-line-0_087-Brasilia-1702-851595-242519-0,-1.0,-15.87623,-48.02776,18.06,,,1,2023-06-18T20:50:38+00:00
BRA_338982,Brasília,5300108,,Urbi,0.898,https://moovitapp.com/index/pt-br/transporte_p%C3%BAblico-line-0_898-Brasilia-1702-851595-322394-0,-1.0,-15.9498,-48.03349,0.0,,,1,2023-06-18T20:50:38+00:00
BRA_338699,Brasília,5300108,,Urbi,807.8,https://moovitapp.com/index/pt-br/transporte_p%C3%BAblico-line-807_8-Brasilia-1702-851595-322408-0,-1.0,-15.93172,-48.11155,7.78,,,2,2023-06-18T20:50:38+00:00
BRA_336076,Brasília,5300108,,Urbi,366.1,https://moovitapp.com/index/pt-br/transporte_p%C3%BAblico-line-366_1-Brasilia-1702-851595-425249-0,-1.0,-15.8953,-48.14783,6.94,,,2,2023-06-18T20:50:39+00:00
BRA_337773,Brasília,5300108,,Urbi,870.7,https://moovitapp.com/index/pt-br/transporte_p%C3%BAblico-line-870_7-Brasilia-1702-851595-531037-0,-1.0,-15.84295,-47.94463,16.67,,,2,2023-06-18T20:50:39+00:00
BRA_337854,Brasília,5300108,,Urbi,0.172,https://moovitapp.com/index/pt-br/transporte_p%C3%BAblico-line-0_172-Brasilia-1702-851595-470756-0,-1.0,-15.88739,-48.02076,4.72,,,2,2023-06-18T20:50:39+00:00
BRA_335967,Brasília,5300108,,Urbi,0.346,https://moovitapp.com/index/pt-br/transporte_p%C3%BAblico-line-0_346-Brasilia-1702-851595-46461186-0,-1.0,-15.83061,-47.98133,5.56,,,1,2023-06-18T20:50:40+00:00
BRA_338150,Brasília,5300108,,Urbi,0.811,https://moovitapp.com/index/pt-br/transporte_p%C3%BAblico-line-0_811-Brasilia-1702-851595-334078-0,-1.0,-15.80595,-47.89844,4.44,,,1,2023-06-18T20:50:40+00:00
BRA_338711,Brasília,5300108,,Urbi,0.368,https://moovitapp.com/index/pt-br/transporte_p%C3%BAblico-line-0_368-Brasilia-1702-851595-706971-0,-1.0,-15.85191,-48.04035,8.06,,,1,2023-06-18T20:50:40+00:00
BRA_339288,Brasília,5300108,,Urbi,373.2,https://moovitapp.com/index/pt-br/transporte_p%C3%BAblico-line-373_2-Brasilia-1702-851595-334084-0,-1.0,-15.87008,-48.05639,6.94,,,2,2023-06-18T20:50:40+00:00
BRA_338095,Brasília,5300108,,Urbi,0.805,https://moovitapp.com/index/pt-br/transporte_p%C3%BAblico-line-0_805-Brasilia-1702-851595-460800-0,-1.0,-15.82923,-48.05859,13.61,,,2,2023-06-18T20:50:41+00:00
BRA_335541,Brasília,5300108,,Urbi,0.082,https://moovitapp.com/index/pt-br/transporte_p%C3%BAblico-line-0_082-Brasilia-1702-851595-781326-0,-1.0,-15.78487,-47.94073,16.67,,,1,2023-06-18T20:50:41+00:00
BRA_335843,Brasília,5300108,,Urbi,396.2,https://moovitapp.com/index/pt-br/transporte_p%C3%BAblico-line-396_2-Brasilia-1702-851595-372377-0,-1.0,-15.87343,-47.97865,18.06,,,1,2023-06-18T20:50:41+00:00
BRA_337269,Brasília,5300108,,Urbi,0.814,https://moovitapp.com/index/pt-br/transporte_p%C3%BAblico-line-0_814-Brasilia-1702-851595-492980-0,-1.0,-15.88345,-48.05991,17.78,,,1,2023-06-18T20:50:41+00:00
BRA_335916,Brasília,5300108,,Urbi,0.056,https://moovitapp.com/index/pt-br/transporte_p%C3%BAblico-line-0_056-Brasilia-1702-851595-588804-0,-1.0,-15.84166,-48.12589,0.0,,,1,2023-06-18T20:50:42+00:00
BRA_340600,Brasília,5300108,,Urbi,0.825,https://moovitapp.com/index/pt-br/transporte_p%C3%BAblico-line-0_825-Brasilia-1702-851595-334081-0,-1.0,-15.83471,-47.92415,13.06,,,1,2023-06-18T20:50:43+00:00
BRA_336696,Brasília,5300108,,Urbi,398.1,https://moovitapp.com/index/pt-br/transporte_p%C3%BAblico-line-398_1-Brasilia-1702-851595-510241-0,-1.0,-15.87887,-48.0712,8.33,,,1,2023-06-18T20:50:43+00:00
BRA_336190,Brasília,5300108,,Urbi,380.2,https://moovitapp.com/index/pt-br/transporte_p%C3%BAblico-line-380_2-Brasilia-1702-851595-334086-0,-1.0,-15.85858,-48.06877,11.39,,,1,2023-06-18T20:50:43+00:00
BRA_337846,Brasília,5300108,,Urbi,871.3,https://moovitapp.com/index/pt-br/transporte_p%C3%BAblico-line-871_3-Brasilia-1702-851595-588820-0,-1.0,-15.89823,-48.09848,9.44,,,1,2023-06-18T20:50:44+00:00
BRA_337471,Brasília,5300108,,Urbi,0.087,https://moovitapp.com/index/pt-br/transporte_p%C3%BAblico-line-0_087-Brasilia-1702-851595-242519-0,-1.0,-15.81442,-47.95868,9.72,,,1,2023-06-18T20:50:44+00:00
BRA_337081,Brasília,5300108,,Urbi,813.2,https://moovitapp.com/index/pt-br/transporte_p%C3%BAblico-line-813_2-Brasilia-1702-851595-242636-0,-1.0,-15.92309,-48.10384,10.0,,,1,2023-06-18T20:50:44+00:00
BRA_338842,Brasília,5300108,,Urbi,0.808,https://moovitapp.com/index/pt-br/transporte_p%C3%BAblico-line-0_808-Brasilia-1702-851595-372359-0,-1.0,-15.89921,-48.05544,0.0,,,2,2023-06-18T20:50:44+00:00
BRA_339067,Brasília,5300108,,Urbi,813.2,https://moovitapp.com/index/pt-br/transporte_p%C3%BAblico-line-813_2-Brasilia-1702-851595-242636-0,-1.0,-15.84204,-47.94758,11.94,,,2,2023-06-18T20:50:45+00:00
BRA_338567,Brasília,5300108,,Urbi,871.3,https://moovitapp.com/index/pt-br/transporte_p%C3%BAblico-line-871_3-Brasilia-1702-851595-588820-0,-1.0,-15.82331,-47.93485,16.39,,,2,2023-06-18T20:50:45+00:00
BRA_338494,Brasília,5300108,,Urbi,084.1,https://moovitapp.com/index/pt-br/transporte_p%C3%BAblico-line-084_1-Brasilia-1702-851595-466292-0,-1.0,-15.8823,-48.01789,6.67,,,1,2023-06-18T20:50:45+00:00
BRA_336319,Brasília,5300108,,Urbi,397.2,https://moovitapp.com/index/pt-br/transporte_p%C3%BAblico-line-397_2-Brasilia-1702-851595-890938-0,-1.0,-15.81866,-48.1066,0.0,,,2,2023-06-18T20:50:45+00:00
BRA_336891,Brasília,5300108,,Urbi,872.9,https://moovitapp.com/index/pt-br/transporte_p%C3%BAblico-line-872_9-Brasilia-1702-851595-372394-0,-1.0,-15.82931,-48.05861,13.89,,,1,2023-06-18T20:50:45+00:00
BRA_336564,Brasília,5300108,,Urbi,0.881,https://moovitapp.com/index/pt-br/transporte_p%C3%BAblico-line-0_881-Brasilia-1702-851595-363857-0,-1.0,-15.87684,-48.02715,11.67,,,1,2023-06-18T20:50:46+00:00
BRA_336718,Brasília,5300108,,Urbi,394.1,https://moovitapp.com/index/pt-br/transporte_p%C3%BAblico-line-394_1-Brasilia-1702-851595-334089-0,-1.0,-15.89651,-48.11686,17.78,,,1,2023-06-18T20:50:46+00:00
BRA_444154,Brasília,5300108,,Marechal,933.3,https://moovitapp.com/index/pt-br/transporte_p%C3%BAblico-line-933_3-Brasilia-1702-851940-450287-0,-1.0,-15.84574,-48.117257,37.0,,,2,2023-06-18T20:50:44+00:00
BRA_440469,Brasília,5300108,,Marechal,355.3,https://moovitapp.com/index/pt-br/transporte_p%C3%BAblico-line-355_3-Brasilia-1702-851940-504343-0,-1.0,-15.803873,-48.067317,40.0,,,2,2023-06-18T20:50:44+00:00
BRA_442861,Brasília,5300108,,Marechal,361.1,https://moovitapp.com/index/pt-br/transporte_p%C3%BAblico-line-361_1-Brasilia-1702-851940-363861-0,-1.0,-15.834583,-48.060017,0.0,,,2,2023-06-18T20:50:48+00:00
BRA_440701,Brasília,5300108,,Urbi,038.1,https://moovitapp.com/index/pt-br/transporte_p%C3%BAblico-line-038_1-Brasilia-1702-851595-781327-0,-1.0,-15.874,-48.016097,50.0,,,2,2023-06-18T20:42:15+00:00
BRA_441597,Brasília,5300108,,Marechal,304.1,https://moovitapp.com/index/pt-br/transporte_p%C3%BAblico-line-304_1-Brasilia-1702-851940-516636-0,-1.0,-15.83977,-48.12987,0.0,,,2,2023-06-18T20:50:44+00:00
BRA_440311,Brasília,5300108,,Marechal,306.1,https://moovitapp.com/index/pt-br/transporte_p%C3%BAblico-line-306_1-Brasilia-1702-851940-510248-0,-1.0,-15.86975,-48.037473,0.0,,,2,2023-06-18T20:45:33+00:00
BRA_440892,Brasília,5300108,,Marechal,157.6,https://moovitapp.com/index/pt-br/transporte_p%C3%BAblico-line-157_6-Brasilia-1702-851940-419627-0,-1.0,-15.82521,-47.979233,22.0,,,2,2023-06-18T20:50:44+00:00
BRA_440507,Brasília,5300108,,Urbi,0.872,https://moovitapp.com/index/pt-br/transporte_p%C3%BAblico-line-0_872-Brasilia-1702-851595-466291-0,-1.0,-15.920237,-48.06111,13.0,,,2,2023-06-18T20:50:47+00:00
BRA_445185,Brasília,5300108,,Marechal,337.1,https://moovitapp.com/index/pt-br/transporte_p%C3%BAblico-line-337_1-Brasilia-1702-851940-347165-0,-1.0,-15.816117,-48.009127,20.0,,,2,2023-06-18T20:50:44+00:00
BRA_440418,Brasília,5300108,,São José,157.8,https://moovitapp.com/index/pt-br/transporte_p%C3%BAblico-line-157_8-Brasilia-1702-851943-759503-0,-1.0,-15.793937,-47.883203,0.0,,,2,2023-06-18T20:50:44+00:00
BRA_440981,Brasília,5300108,,Marechal,959.1,https://moovitapp.com/index/pt-br/transporte_p%C3%BAblico-line-959_1-Brasilia-1702-851940-789939-0,-1.0,-15.866373,-48.033063,60.0,,,2,2023-06-18T19:51:04+00:00
BRA_440281,Brasília,5300108,,Marechal,355.3,https://moovitapp.com/index/pt-br/transporte_p%C3%BAblico-line-355_3-Brasilia-1702-851940-504343-0,-1.0,-15.8579,-48.02949,44.0,,,2,2023-06-18T20:08:35+00:00
BRA_443191,Brasília,5300108,,Marechal,933.1,https://moovitapp.com/index/pt-br/transporte_p%C3%BAblico-line-933_1-Brasilia-1702-851940-358307-0,-1.0,-15.84058,-48.126863,0.0,,,2,2023-06-18T20:50:39+00:00
BRA_441147,Brasília,5300108,,Marechal,0.205,https://moovitapp.com/index/pt-br/transporte_p%C3%BAblico-line-0_205-Brasilia-1702-851940-463646-0,-1.0,-15.817067,-48.062817,8.0,,,2,2023-06-18T20:50:44+00:00
BRA_440388,Brasília,5300108,,Marechal,260.3,https://moovitapp.com/index/pt-br/transporte_p%C3%BAblico-line-260_3-Brasilia-1702-851940-393566-0,-1.0,-15.867533,-48.032047,0.0,,,2,2023-06-18T20:50:44+00:00
BRA_440523,Brasília,5300108,,São José,0.092,https://moovitapp.com/index/pt-br/transporte_p%C3%BAblico-line-0_092-Brasilia-1702-851943-496589-0,-1.0,-15.826883,-47.950793,57.0,,,2,2023-06-18T20:50:52+00:00
BRA_440973,Brasília,5300108,,Marechal,260.3,https://moovitapp.com/index/pt-br/transporte_p%C3%BAblico-line-260_3-Brasilia-1702-851940-393566-0,-1.0,-15.89044,-48.05785,56.0,,,2,2023-06-18T20:50:44+00:00
BRA_442437,Brasília,5300108,,Marechal,0.363,https://moovitapp.com/index/pt-br/transporte_p%C3%BAblico-line-0_363-Brasilia-1702-851940-504339-0,-1.0,-15.837213,-48.048687,0.0,,,2,2023-06-18T20:50:44+00:00
BRA_444049,Brasília,5300108,,Marechal,933.1,https://moovitapp.com/index/pt-br/transporte_p%C3%BAblico-line-933_1-Brasilia-1702-851940-358307-0,-1.0,-15.839867,-48.130273,0.0,,,2,2023-06-18T20:50:44+00:00
BRA_445011,Brasília,5300108,,Marechal,0.361,https://moovitapp.com/index/pt-br/transporte_p%C3%BAblico-line-0_361-Brasilia-1702-851940-376158-0,-1.0,-15.84079,-48.126723,0.0,,,2,2023-06-18T20:50:44+00:00
BRA_441058,Brasília,5300108,,Marechal,0.162,https://moovitapp.com/index/pt-br/transporte_p%C3%BAblico-line-0_162-Brasilia-1702-851940-766836-0,-1.0,-15.86997,-48.037723,0.0,,,2,2023-06-18T20:50:44+00:00
BRA_440337,Brasília,5300108,,Marechal,154.2,https://moovitapp.com/index/pt-br/transporte_p%C3%BAblico-line-154_2-Brasilia-1702-851940-527234-0,-1.0,-15.824177,-47.980093,0.0,,,2,2023-06-18T20:50:46+00:00
BRA_440361,Brasília,5300108,,Marechal,154.2,https://moovitapp.com/index/pt-br/transporte_p%C3%BAblico-line-154_2-Brasilia-1702-851940-527234-0,-1.0,-15.794037,-47.883247,0.0,,,2,2023-06-18T20:50:39+00:00
BRA_445258,Brasília,5300108,,Marechal,0.336,https://moovitapp.com/index/pt-br/transporte_p%C3%BAblico-line-0_336-Brasilia-1702-851940-347142-0,-1.0,-15.812083,-47.980493,58.0,,,2,2023-06-18T20:50:44+00:00
BRA_441481,Brasília,5300108,,Urbi,0.050,https://moovitapp.com/index/pt-br/transporte_p%C3%BAblico-line-0_050-Brasilia-1702-851595-781325-0,-1.0,-15.880437,-48.121733,59.0,,,2,2023-06-18T20:50:44+00:00
BRA_442054,Brasília,5300108,,Urbi,056.2,https://moovitapp.com/index/pt-br/transporte_p%C3%BAblico-line-056_2-Brasilia-1702-851595-492982-0,-1.0,-15.88752,-48.15059,20.0,,,2,2023-06-18T20:50:44+00:00
BRA_440167,Brasília,5300108,,Marechal,0.153,https://moovitapp.com/index/pt-br/transporte_p%C3%BAblico-line-0_153-Brasilia-1702-851940-766835-0,-1.0,-15.86949,-48.037587,0.0,,,2,2023-06-18T20:50:44+00:00
BRA_445215,Brasília,5300108,,Marechal,337.1,https://moovitapp.com/index/pt-br/transporte_p%C3%BAblico-line-337_1-Brasilia-1702-851940-347165-0,-1.0,-15.844797,-48.105353,26.0,,,2,2023-06-18T20:50:44+00:00
BRA_442267,Brasília,5300108,,Marechal,0.383,https://moovitapp.com/index/pt-br/transporte_p%C3%BAblico-line-0_383-Brasilia-1702-851940-347151-0,-1.0,-15.846503,-48.107677,28.0,,,2,2023-06-18T20:50:44+00:00
BRA_442275,Brasília,5300108,,Marechal,0.089,https://moovitapp.com/index/pt-br/transporte_p%C3%BAblico-line-0_089-Brasilia-1702-851940-706977-0,-1.0,-15.839763,-48.12975,0.0,,,2,2023-06-18T20:50:39+00:00
BRA_440027,Brasília,5300108,,Marechal,351.3,https://moovitapp.com/index/pt-br/transporte_p%C3%BAblico-line-351_3-Brasilia-1702-851940-510249-0,-1.0,-15.828353,-48.062423,46.0,,,2,2023-06-18T20:50:44+00:00
BRA_443557,Brasília,5300108,,Marechal,0.951,https://moovitapp.com/index/pt-br/transporte_p%C3%BAblico-line-0_951-Brasilia-1702-851940-783578-0,-1.0,-15.869903,-48.03749,0.0,,,2,2023-06-18T20:50:39+00:00
BRA_441830,Brasília,5300108,,Marechal,0.383,https://moovitapp.com/index/pt-br/transporte_p%C3%BAblico-line-0_383-Brasilia-1702-851940-347151-0,-1.0,-15.83982,-48.129817,0.0,,,2,2023-06-18T20:50:44+00:00
BRA_444715,Brasília,5300108,,Urbi,0.898,https://moovitapp.com/index/pt-br/transporte_p%C3%BAblico-line-0_898-Brasilia-1702-851595-322394-0,-1.0,-15.868587,-48.031473,51.0,,,2,2023-06-18T20:50:44+00:00
BRA_445126,Brasília,5300108,,Marechal,156.9,https://moovitapp.com/index/pt-br/transporte_p%C3%BAblico-line-156_9-Brasilia-1702-851940-76983926-0,-1.0,-15.793737,-47.887557,52.0,,,2,2023-06-18T20:50:45+00:00
BRA_443123,Brasília,5300108,,Marechal,933.5,https://moovitapp.com/index/pt-br/transporte_p%C3%BAblico-line-933_5-Brasilia-1702-851940-766837-0,-1.0,-15.8392,-48.13996,11.0,,,2,2023-06-18T20:50:49+00:00
BRA_440591,Brasília,5300108,,Piracicabana,099.1,https://moovitapp.com/index/pt-br/transporte_p%C3%BAblico-line-099_1-Brasilia-1702-850942-775090-0,-1.0,-15.837707,-48.008597,40.0,,,2,2023-06-18T20:50:44+00:00
BRA_440922,Brasília,5300108,,Urbi,872.9,https://moovitapp.com/index/pt-br/transporte_p%C3%BAblico-line-872_9-Brasilia-1702-851595-372394-0,-1.0,-15.913323,-48.05591,0.0,,,2,2023-06-18T20:50:44+00:00
BRA_444731,Brasília,5300108,,Urbi,372.4,https://moovitapp.com/index/pt-br/transporte_p%C3%BAblico-line-372_4-Brasilia-1702-851595-650087-0,-1.0,-15.83937,-48.12933,26.0,,,2,2023-06-18T20:50:44+00:00
BRA_440752,Brasília,5300108,,Marechal,0.205,https://moovitapp.com/index/pt-br/transporte_p%C3%BAblico-line-0_205-Brasilia-1702-851940-463646-0,-1.0,-15.995907,-48.055133,41.0,,,2,2023-06-18T20:50:44+00:00
BRA_440299,Brasília,5300108,,São José,157.8,https://moovitapp.com/index/pt-br/transporte_p%C3%BAblico-line-157_8-Brasilia-1702-851943-759503-0,-1.0,-15.84048,-47.965793,0.0,,,2,2023-06-18T20:50:44+00:00
BRA_445193,Brasília,5300108,,Marechal,0.378,https://moovitapp.com/index/pt-br/transporte_p%C3%BAblico-line-0_378-Brasilia-1702-851940-347150-0,-1.0,-15.83011,-48.05318,49.0,,,2,2023-06-18T20:15:27+00:00
BRA_441007,Brasília,5300108,,Marechal,156.1,https://moovitapp.com/index/pt-br/transporte_p%C3%BAblico-line-156_1-Brasilia-1702-851940-242750-0,-1.0,-15.765153,-47.890413,50.0,,,2,2023-06-18T20:50:44+00:00
BRA_440078,Brasília,5300108,,Marechal,0.153,https://moovitapp.com/index/pt-br/transporte_p%C3%BAblico-line-0_153-Brasilia-1702-851940-766835-0,-1.0,-15.793983,-47.883237,6.0,,,2,2023-06-18T20:50:44+00:00
BRA_442984,Brasília,5300108,,Urbi,056.4,https://moovitapp.com/index/pt-br/transporte_p%C3%BAblico-line-056_4-Brasilia-1702-851595-519387-0,-1.0,-15.884527,-48.151033,0.0,,,2,2023-06-18T20:50:44+00:00
BRA_443026,Brasília,5300108,,Marechal,0.383,https://moovitapp.com/index/pt-br/transporte_p%C3%BAblico-line-0_383-Brasilia-1702-851940-347151-0,-1.0,-15.84111,-48.126873,0.0,,,2,2023-06-18T20:50:39+00:00
BRA_442534,Brasília,5300108,,Marechal,0.383,https://moovitapp.com/index/pt-br/transporte_p%C3%BAblico-line-0_383-Brasilia-1702-851940-347151-0,-1.0,-15.800513,-47.96803,11.0,,,2,2023-06-18T20:50:44+00:00
BRA_443417,Brasília,5300108,,Marechal,933.2,https://moovitapp.com/index/pt-br/transporte_p%C3%BAblico-line-933_2-Brasilia-1702-851940-717428-0,-1.0,-15.814917,-48.099533,27.0,,,2,2023-06-18T20:50:44+00:00
BRA_441333,Brasília,5300108,,Marechal,959.1,https://moovitapp.com/index/pt-br/transporte_p%C3%BAblico-line-959_1-Brasilia-1702-851940-789939-0,-1.0,-15.806817,-48.079073,40.0,,,2,2023-06-18T20:50:44+00:00
BRA_443310,Brasília,5300108,,Marechal,933.2,https://moovitapp.com/index/pt-br/transporte_p%C3%BAblico-line-933_2-Brasilia-1702-851940-717428-0,-1.0,-15.84102,-48.126557,0.0,,,2,2023-06-18T20:50:39+00:00
BRA_442640,Brasília,5300108,,Urbi,0.050,https://moovitapp.com/index/pt-br/transporte_p%C3%BAblico-line-0_050-Brasilia-1702-851595-781325-0,-1.0,-15.876783,-48.114653,0.0,,,2,2023-06-18T20:50:50+00:00
BRA_444316,Brasília,5300108,,Marechal,933.3,https://moovitapp.com/index/pt-br/transporte_p%C3%BAblico-line-933_3-Brasilia-1702-851940-450287-0,-1.0,-15.840293,-48.129543,30.0,,,2,2023-06-18T20:50:44+00:00
BRA_440663,Brasília,5300108,,Marechal,206.1,https://moovitapp.com/index/pt-br/transporte_p%C3%BAblico-line-206_1-Brasilia-1702-851940-137149861-0,-1.0,-15.835323,-48.07068,60.0,,,2,2023-06-18T20:50:44+00:00
BRA_440825,Brasília,5300108,,Marechal,260.3,https://moovitapp.com/index/pt-br/transporte_p%C3%BAblico-line-260_3-Brasilia-1702-851940-393566-0,-1.0,-15.86968,-48.03853,0.0,,,2,2023-06-18T20:50:44+00:00
BRA_445312,Brasília,5300108,,Marechal,336.1,https://moovitapp.com/index/pt-br/transporte_p%C3%BAblico-line-336_1-Brasilia-1702-851940-347163-0,-1.0,-15.85168,-48.118183,52.0,,,2,2023-06-18T20:50:44+00:00
BRA_443387,Brasília,5300108,,Marechal,0.043,https://moovitapp.com/index/pt-br/transporte_p%C3%BAblico-line-0_043-Brasilia-1702-851940-781330-0,-1.0,-15.845323,-48.117343,6.0,,,2,2023-06-18T20:50:44+00:00
BRA_445142,Brasília,5300108,,São José,0.092,https://moovitapp.com/index/pt-br/transporte_p%C3%BAblico-line-0_092-Brasilia-1702-851943-496589-0,-1.0,-15.83165,-48.058067,0.0,,,2,2023-06-18T20:50:49+00:00
BRA_444677,Brasília,5300108,,Urbi,056.4,https://moovitapp.com/index/pt-br/transporte_p%C3%BAblico-line-056_4-Brasilia-1702-851595-519387-0,-1.0,-15.868303,-48.100143,24.0,,,2,2023-06-18T20:49:33+00:00
BRA_444685,Brasília,5300108,,São José,332.1,https://moovitapp.com/index/pt-br/transporte_p%C3%BAblico-line-332_1-Brasilia-1702-851943-2068455-0,-1.0,-15.809767,-48.11392,0.0,,,2,2023-06-18T20:50:44+00:00
BRA_440566,Brasília,5300108,,Marechal,0.951,https://moovitapp.com/index/pt-br/transporte_p%C3%BAblico-line-0_951-Brasilia-1702-851940-783578-0,-1.0,-15.866843,-48.03723,0.0,,,2,2023-06-18T20:35:07+00:00
BRA_441368,Brasília,5300108,,Marechal,154.2,https://moovitapp.com/index/pt-br/transporte_p%C3%BAblico-line-154_2-Brasilia-1702-851940-527234-0,-1.0,-15.870043,-48.037797,0.0,,,2,2023-06-18T20:50:44+00:00
BRA_443948,Brasília,5300108,,Marechal,0.369,https://moovitapp.com/index/pt-br/transporte_p%C3%BAblico-line-0_369-Brasilia-1702-851940-500060-0,-1.0,-15.838803,-48.128847,0.0,,,2,2023-06-18T16:26:09+00:00
BRA_442208,Brasília,5300108,,Urbi,393.6,https://moovitapp.com/index/pt-br/transporte_p%C3%BAblico-line-393_6-Brasilia-1702-851595-588817-0,-1.0,-15.879163,-48.07195,49.0,,,2,2023-06-18T20:50:45+00:00
BRA_443646,Brasília,5300108,,Marechal,357.1,https://moovitapp.com/index/pt-br/transporte_p%C3%BAblico-line-357_1-Brasilia-1702-851940-775113-0,-1.0,-15.867107,-48.03737,0.0,,,2,2023-06-18T20:50:44+00:00
BRA_443182,Brasília,5300108,,Marechal,933.5,https://moovitapp.com/index/pt-br/transporte_p%C3%BAblico-line-933_5-Brasilia-1702-851940-766837-0,-1.0,-15.830957,-48.05799,30.0,,,2,2023-06-18T20:50:44+00:00
BRA_441902,Brasília,5300108,,Marechal,933.2,https://moovitapp.com/index/pt-br/transporte_p%C3%BAblico-line-933_2-Brasilia-1702-851940-717428-0,-1.0,-15.84543,-48.117483,33.0,,,2,2023-06-18T20:50:44+00:00
BRA_443379,Brasília,5300108,,Marechal,0.089,https://moovitapp.com/index/pt-br/transporte_p%C3%BAblico-line-0_089-Brasilia-1702-851940-706977-0,-1.0,-15.815713,-48.06329,44.0,,,2,2023-06-18T20:50:44+00:00
BRA_441171,Brasília,5300108,,Marechal,0.205,https://moovitapp.com/index/pt-br/transporte_p%C3%BAblico-line-0_205-Brasilia-1702-851940-463646-0,-1.0,-15.90794,-48.05205,53.0,,,2,2023-06-18T20:50:44+00:00
BRA_443549,Brasília,5300108,,Marechal,0.357,https://moovitapp.com/index/pt-br/transporte_p%C3%BAblico-line-0_357-Brasilia-1702-851940-775109-0,-1.0,-15.866827,-48.037533,0.0,,,2,2023-06-18T20:50:44+00:00
BRA_441287,Brasília,5300108,,Marechal,959.1,https://moovitapp.com/index/pt-br/transporte_p%C3%BAblico-line-959_1-Brasilia-1702-851940-789939-0,-1.0,-15.86972,-48.038027,0.0,,,2,2023-06-18T20:50:44+00:00
BRA_441066,Brasília,5300108,,Marechal,090.1,https://moovitapp.com/index/pt-br/transporte_p%C3%BAblico-line-090_1-Brasilia-1702-851940-103863101-0,-1.0,-15.840393,-47.965907,0.0,,,2,2023-06-18T20:50:39+00:00
BRA_445045,Brasília,5300108,,Marechal,0.089,https://moovitapp.com/index/pt-br/transporte_p%C3%BAblico-line-0_089-Brasilia-1702-851940-706977-0,-1.0,-15.839323,-48.129587,0.0,,,2,2023-06-18T20:50:55+00:00
BRA_444791,Brasília,5300108,,Urbi,0.347,https://moovitapp.com/index/pt-br/transporte_p%C3%BAblico-line-0_347-Brasilia-1702-851595-347128-0,-1.0,-15.818807,-47.98277,32.0,,,2,2023-06-18T20:50:46+00:00
BRA_444979,Brasília,5300108,,Urbi,0.898,https://moovitapp.com/index/pt-br/transporte_p%C3%BAblico-line-0_898-Brasilia-1702-851595-322394-0,-1.0,-15.949163,-48.033807,0.0,,,2,2023-06-18T20:50:39+00:00
BRA_444910,Brasília,5300108,,Marechal,383.3,https://moovitapp.com/index/pt-br/transporte_p%C3%BAblico-line-383_3-Brasilia-1702-851940-88144102-0,-1.0,-15.790103,-48.022367,56.0,,,2,2023-06-18T20:47:41+00:00
BRA_444855,Brasília,5300108,,Urbi,0.367,https://moovitapp.com/index/pt-br/transporte_p%C3%BAblico-line-0_367-Brasilia-1702-851595-519380-0,-1.0,-15.864017,-48.09179,49.0,,,2,2023-06-18T19:50:13+00:00
BRA_444987,Brasília,5300108,,Marechal,0.383,https://moovitapp.com/index/pt-br/transporte_p%C3%BAblico-line-0_383-Brasilia-1702-851940-347151-0,-1.0,-15.791923,-48.05199,61.0,,,2,2023-06-18T20:50:44+00:00
BRA_444928,Brasília,5300108,,Marechal,933.5,https://moovitapp.com/index/pt-br/transporte_p%C3%BAblico-line-933_5-Brasilia-1702-851940-766837-0,-1.0,-15.804373,-48.070677,0.0,,,2,2023-06-18T20:50:52+00:00
BRA_445061,Brasília,5300108,,Urbi,0.054,https://moovitapp.com/index/pt-br/transporte_p%C3%BAblico-line-0_054-Brasilia-1702-851595-454960-0,-1.0,-15.870027,-48.056963,44.0,,,2,2023-06-18T20:50:44+00:00
BRA_445070,Brasília,5300108,,São José,332.1,https://moovitapp.com/index/pt-br/transporte_p%C3%BAblico-line-332_1-Brasilia-1702-851943-2068455-0,-1.0,-15.80525,-48.07517,50.0,,,2,2023-06-18T20:50:46+00:00
BRA_445037,Brasília,5300108,,Marechal,361.1,https://moovitapp.com/index/pt-br/transporte_p%C3%BAblico-line-361_1-Brasilia-1702-851940-363861-0,-1.0,-15.849943,-48.11382,29.0,,,2,2023-06-18T20:50:24+00:00
BRA_444758,Brasília,5300108,,Marechal,0.369,https://moovitapp.com/index/pt-br/transporte_p%C3%BAblico-line-0_369-Brasilia-1702-851940-500060-0,-1.0,-15.834763,-48.06017,0.0,,,2,2023-06-18T20:50:52+00:00
BRA_444782,Brasília,5300108,,Marechal,0.383,https://moovitapp.com/index/pt-br/transporte_p%C3%BAblico-line-0_383-Brasilia-1702-851940-347151-0,-1.0,-15.84654,-48.121863,49.0,,,2,2023-06-18T20:50:44+00:00
BRA_444812,Brasília,5300108,,Urbi,367.2,https://moovitapp.com/index/pt-br/transporte_p%C3%BAblico-line-367_2-Brasilia-1702-851595-454971-0,-1.0,-15.853663,-48.07143,17.0,,,2,2023-06-18T20:37:19+00:00
BRA_444961,Brasília,5300108,,Marechal,0.369,https://moovitapp.com/index/pt-br/transporte_p%C3%BAblico-line-0_369-Brasilia-1702-851940-500060-0,-1.0,-15.864183,-48.036153,11.0,,,2,2023-06-18T20:50:44+00:00
BRA_444774,Brasília,5300108,,Marechal,0.089,https://moovitapp.com/index/pt-br/transporte_p%C3%BAblico-line-0_089-Brasilia-1702-851940-706977-0,-1.0,-15.84095,-48.12681,0.0,,,2,2023-06-18T20:50:44+00:00
BRA_440647,Brasília,5300108,,Marechal,156.1,https://moovitapp.com/index/pt-br/transporte_p%C3%BAblico-line-156_1-Brasilia-1702-851940-242750-0,-1.0,-15.87016,-48.037663,0.0,,,2,2023-06-18T20:49:43+00:00
BRA_440256,Brasília,5300108,,Marechal,156.1,https://moovitapp.com/index/pt-br/transporte_p%C3%BAblico-line-156_1-Brasilia-1702-851940-242750-0,-1.0,-15.840387,-47.965787,0.0,,,2,2023-06-18T20:50:44+00:00
BRA_441309,Brasília,5300108,,Marechal,090.1,https://moovitapp.com/index/pt-br/transporte_p%C3%BAblico-line-090_1-Brasilia-1702-851940-103863101-0,-1.0,-15.796537,-47.948937,23.0,,,2,2023-06-18T20:50:44+00:00
BRA_443808,Brasília,5300108,,Marechal,157.1,https://moovitapp.com/index/pt-br/transporte_p%C3%BAblico-line-157_1-Brasilia-1702-851940-88144062-0,-1.0,-15.82688,-47.98293,9.0,,,2,2023-06-18T20:50:51+00:00
BRA_230189,Brasília,5300108,,Taguatur,3303,https://moovitapp.com/index/pt-br/transporte_p%C3%BAblico-line-3303-Brasilia-1702-854428-2224148-0,-1.0,-16.049187,-48.034281,,,,1,2023-06-18T20:50:24+00:00
BRA_232149,Brasília,5300108,,Pioneira,3210,https://moovitapp.com/index/pt-br/transporte_p%C3%BAblico-line-3210-Brasilia-1702-851941-14518504-0,-1.0,-15.972908,-48.051212,,,,1,2023-06-18T20:50:08+00:00
BRA_229768,Brasília,5300108,,Pioneira,100.2,https://moovitapp.com/index/pt-br/transporte_p%C3%BAblico-line-100_2-Brasilia-1702-851941-620160-0,-1.0,-15.823137,-47.897897,,,,1,2023-06-18T20:50:36+00:00
BRA_231321,Brasília,5300108,,Taguatur,3304,https://moovitapp.com/index/pt-br/transporte_p%C3%BAblico-line-3304-Brasilia-1702-854428-21462346-0,-1.0,-15.993687,-47.990423,,,,1,2023-06-18T20:50:48+00:00
BRA_231801,Brasília,5300108,,Pioneira,780.1,https://moovitapp.com/index/pt-br/transporte_p%C3%BAblico-line-780_1-Brasilia-1702-851941-531040-0,-1.0,-15.766629,-47.779991,,,,1,2023-06-18T20:50:48+00:00
BRA_229954,Brasília,5300108,,,3201,,,-16.000394,-48.059363,,,,1,2023-06-18T20:50:30+00:00
BRA_230120,Brasília,5300108,,Pioneira,073.2,https://moovitapp.com/index/pt-br/transporte_p%C3%BAblico-line-073_2-Brasilia-1702-851941-775124-0,-1.0,-15.880057,-47.959155,,,,1,2023-06-18T14:39:00+00:00
BRA_227650,Brasília,5300108,,Pioneira,180.1,https://moovitapp.com/index/pt-br/transporte_p%C3%BAblico-line-180_1-Brasilia-1702-851941-339336-0,-1.0,-15.901772,-47.777626,,,,1,2023-06-18T20:50:16+00:00
BRA_229032,Brasília,5300108,,Pioneira,0.275,https://moovitapp.com/index/pt-br/transporte_p%C3%BAblico-line-0_275-Brasilia-1702-851941-706979-0,-1.0,-15.804065,-48.070496,,,,2,2023-06-18T20:50:10+00:00
BRA_232629,Brasília,5300108,,,2202,,,-15.847996,-47.931683,,,,1,2023-06-18T20:51:30+00:00
BRA_232025,Brasília,5300108,,Pioneira,197.3,https://moovitapp.com/index/pt-br/transporte_p%C3%BAblico-line-197_3-Brasilia-1702-851941-519409-0,-1.0,-15.899695,-47.773684,,,,2,2023-06-18T20:50:42+00:00
BRA_229016,Brasília,5300108,,Taguatur,3302,https://moovitapp.com/index/pt-br/transporte_p%C3%BAblico-line-3302-Brasilia-1702-854428-3135322-0,-1.0,-16.006822,-48.001062,,,,1,2023-06-18T20:51:14+00:00
BRA_229563,Brasília,5300108,,Pioneira,183.2,https://moovitapp.com/index/pt-br/transporte_p%C3%BAblico-line-183_2-Brasilia-1702-851941-242920-0,-1.0,-15.904508,-47.754407,,,,1,2023-06-18T20:51:24+00:00
BRA_226963,Brasília,5300108,,,2202,,,-15.801665,-47.885213,,,,1,2023-06-18T20:50:50+00:00
BRA_232556,Brasília,5300108,,UTB,2302,https://moovitapp.com/index/pt-br/transporte_p%C3%BAblico-line-2302-Brasilia-1702-854427-744298-0,-1.0,-15.822668,-47.909837,,,,2,2023-06-18T20:50:58+00:00
BRA_226432,Brasília,5300108,,Pioneira,780.1,https://moovitapp.com/index/pt-br/transporte_p%C3%BAblico-line-780_1-Brasilia-1702-851941-531040-0,-1.0,-15.758748,-47.744845,,,,1,2023-06-18T20:50:48+00:00
BRA_231932,Brasília,5300108,,Pioneira,180.1,https://moovitapp.com/index/pt-br/transporte_p%C3%BAblico-line-180_1-Brasilia-1702-851941-339336-0,-1.0,-15.810033,-47.847346,,,,2,2023-06-18T20:50:18+00:00
BRA_232475,Brasília,5300108,,Pioneira,0.255,https://moovitapp.com/index/pt-br/transporte_p%C3%BAblico-line-0_255-Brasilia-1702-851941-706978-0,-1.0,-16.045506,-48.034084,,,,2,2023-06-18T20:50:06+00:00
BRA_226688,Brasília,5300108,,Pioneira,0.784,https://moovitapp.com/index/pt-br/transporte_p%C3%BAblico-line-0_784-Brasilia-1702-851941-372405-0,-1.0,-15.760614,-47.781371,,,,1,2023-06-18T20:50:42+00:00
BRA_231843,Brasília,5300108,,Pioneira,181.2,https://moovitapp.com/index/pt-br/transporte_p%C3%BAblico-line-181_2-Brasilia-1702-851941-339338-0,-1.0,-15.856608,-47.860761,,,,1,2023-06-18T20:50:28+00:00
BRA_227021,Brasília,5300108,,Pioneira,784.4,https://moovitapp.com/index/pt-br/transporte_p%C3%BAblico-line-784_4-Brasilia-1702-851941-97613727-0,-1.0,-15.751907,-47.779877,,,,1,2023-06-18T20:50:58+00:00
BRA_226441,Brasília,5300108,,Pioneira,100.2,https://moovitapp.com/index/pt-br/transporte_p%C3%BAblico-line-100_2-Brasilia-1702-851941-620160-0,-1.0,-15.795903,-47.783304,,,,2,2023-06-18T20:49:58+00:00
BRA_226556,Brasília,5300108,,Pioneira,0.765,https://moovitapp.com/index/pt-br/transporte_p%C3%BAblico-line-0_765-Brasilia-1702-851941-576190-0,-1.0,-15.85813,-47.874716,,,,2,2023-06-18T20:49:46+00:00
BRA_230057,Brasília,5300108,,,3204,,,-16.035362,-48.05963,,,,1,2023-06-18T20:50:44+00:00
BRA_227897,Brasília,5300108,,,3201,,,-16.037181,-48.056171,,,,1,2023-06-18T20:51:06+00:00
BRA_228885,Brasília,5300108,,Pioneira,2308,https://moovitapp.com/index/pt-br/transporte_p%C3%BAblico-line-2308-Brasilia-1702-851941-18556636-0,-1.0,-15.74464,-47.896982,,,,1,2023-06-18T20:50:24+00:00
BRA_229008,Brasília,5300108,,Pioneira,0.273,https://moovitapp.com/index/pt-br/transporte_p%C3%BAblico-line-0_273-Brasilia-1702-851941-510255-0,-1.0,-16.023578,-48.015602,,,,2,2023-06-18T20:51:20+00:00
BRA_230031,Brasília,5300108,,,3204,,,-16.020059,-48.050685,,,,1,2023-06-18T20:50:46+00:00
BRA_226831,Brasília,5300108,,Pioneira,0.510,https://moovitapp.com/index/pt-br/transporte_p%C3%BAblico-line-0_510-Brasilia-1702-851941-16483906-0,-1.0,-15.76021,-47.780773,,,,1,2023-06-15T13:15:44+00:00
BRA_227480,Brasília,5300108,,,3201,,,-15.998349,-48.058562,,,,1,2023-06-15T21:20:48+00:00
BRA_227480,Brasília,5300108,,,3206,,,-16.022545,-48.081005,,,,1,2023-06-18T20:50:24+00:00
BRA_228125,Brasília,5300108,,Taguatur,3305,https://moovitapp.com/index/pt-br/transporte_p%C3%BAblico-line-3305-Brasilia-1702-854428-77810673-0,-1.0,-16.048939,-47.995782,,,,1,2023-06-18T20:50:44+00:00
BRA_231703,Brasília,5300108,,Pioneira,0.762,https://moovitapp.com/index/pt-br/transporte_p%C3%BAblico-line-0_762-Brasilia-1702-851941-576189-0,-1.0,-15.736194,-47.765247,,,,1,2023-06-18T20:49:58+00:00
BRA_228583,Brasília,5300108,,Pioneira,0.253,https://moovitapp.com/index/pt-br/transporte_p%C3%BAblico-line-0_253-Brasilia-1702-851941-510254-0,-1.0,-15.788604,-48.134773,,,,1,2023-06-18T20:51:24+00:00
BRA_230171,Brasília,5300108,,Pioneira,0.255,https://moovitapp.com/index/pt-br/transporte_p%C3%BAblico-line-0_255-Brasilia-1702-851941-706978-0,-1.0,-15.894678,-48.056483,,,,2,2023-06-18T20:50:48+00:00
BRA_232394,Brasília,5300108,,Pioneira,073.1,https://moovitapp.com/index/pt-br/transporte_p%C3%BAblico-line-073_1-Brasilia-1702-851941-775123-0,-1.0,-15.856692,-47.953337,,,,1,2023-06-18T20:51:46+00:00
BRA_229512,Brasília,5300108,,,3204,,,-15.991766,-48.049235,,,,1,2023-06-18T20:50:38+00:00
BRA_231649,Brasília,5300108,,Pioneira,764.2,https://moovitapp.com/index/pt-br/transporte_p%C3%BAblico-line-764_2-Brasilia-1702-851941-527246-0,-1.0,-15.767728,-47.779813,,,,1,2023-06-18T20:50:10+00:00
BRA_232335,Brasília,5300108,,Pioneira,0.255,https://moovitapp.com/index/pt-br/transporte_p%C3%BAblico-line-0_255-Brasilia-1702-851941-706978-0,-1.0,-15.832151,-48.061105,,,,1,2023-06-18T20:51:02+00:00
BRA_229440,Brasília,5300108,,Pioneira,2308,https://moovitapp.com/index/pt-br/transporte_p%C3%BAblico-line-2308-Brasilia-1702-851941-18556636-0,-1.0,-15.817889,-47.949917,,,,2,2023-06-18T20:50:36+00:00
BRA_227498,Brasília,5300108,,Pioneira,180.1,https://moovitapp.com/index/pt-br/transporte_p%C3%BAblico-line-180_1-Brasilia-1702-851941-339336-0,-1.0,-15.913121,-47.758502,,,,1,2023-06-18T20:50:22+00:00
BRA_229202,Brasília,5300108,,UTB,2302,https://moovitapp.com/index/pt-br/transporte_p%C3%BAblico-line-2302-Brasilia-1702-854427-744298-0,-1.0,-15.89225,-47.961622,,,,2,2023-06-18T20:51:12+00:00
BRA_226637,Brasília,5300108,,Pioneira,0.765,https://moovitapp.com/index/pt-br/transporte_p%C3%BAblico-line-0_765-Brasilia-1702-851941-576190-0,-1.0,-15.801217,-47.788835,,,,2,2023-06-18T20:51:10+00:00
BRA_227447,Brasília,5300108,,,2202,,,-15.852656,-47.932687,,,,2,2023-06-18T20:50:56+00:00
BRA_227307,Brasília,5300108,,Pioneira,180.1,https://moovitapp.com/index/pt-br/transporte_p%C3%BAblico-line-180_1-Brasilia-1702-851941-339336-0,-1.0,-15.907073,-47.754553,,,,2,2023-06-18T20:50:38+00:00
BRA_229971,Brasília,5300108,,,3204,,,-16.024217,-48.059039,,,,1,2023-06-18T20:50:42+00:00
BRA_227587,Brasília,5300108,,Pioneira,197.3,https://moovitapp.com/index/pt-br/transporte_p%C3%BAblico-line-197_3-Brasilia-1702-851941-519409-0,-1.0,-15.802232,-47.853004,,,,2,2023-06-18T20:50:20+00:00
BRA_232491,Brasília,5300108,,,3301,,,-16.04221,-48.026251,,,,1,2023-06-18T20:25:56+00:00
BRA_232068,Brasília,5300108,,Pioneira,180.2,https://moovitapp.com/index/pt-br/transporte_p%C3%BAblico-line-180_2-Brasilia-1702-851941-514539-0,-1.0,-15.898584,-47.782096,,,,1,2023-06-18T20:50:14+00:00
BRA_232009,Brasília,5300108,,Pioneira,0.181,https://moovitapp.com/index/pt-br/transporte_p%C3%BAblico-line-0_181-Brasilia-1702-851941-242838-0,-1.0,-15.859467,-47.830638,,,,2,2023-06-18T20:50:52+00:00
BRA_229091,Brasília,5300108,,Pioneira,784.3,https://moovitapp.com/index/pt-br/transporte_p%C3%BAblico-line-784_3-Brasilia-1702-851941-46904557-0,-1.0,-15.753736,-47.779762,,,,1,2023-06-18T20:50:48+00:00
BRA_227404,Brasília,5300108,,Pioneira,147.5,https://moovitapp.com/index/pt-br/transporte_p%C3%BAblico-line-147_5-Brasilia-1702-851941-519406-0,-1.0,-15.897431,-47.787888,,,,2,2023-06-18T20:50:08+00:00
BRA_229059,Brasília,5300108,,Pioneira,251.8,https://moovitapp.com/index/pt-br/transporte_p%C3%BAblico-line-251_8-Brasilia-1702-851941-708654-0,-1.0,-16.002473,-47.986309,,,,1,2023-06-18T20:50:38+00:00
BRA_229989,Brasília,5300108,,,3207,,,-15.991681,-48.049197,,,,1,2023-06-18T20:50:34+00:00
BRA_228923,Brasília,5300108,,Pioneira,3307,https://moovitapp.com/index/pt-br/transporte_p%C3%BAblico-line-3307-Brasilia-1702-851941-519400-0,-1.0,-16.011504,-47.992584,,,,1,2023-06-18T20:51:26+00:00
BRA_232483,Brasília,5300108,,Pioneira,020.2,https://moovitapp.com/index/pt-br/transporte_p%C3%BAblico-line-020_2-Brasilia-1702-851941-708653-0,-1.0,-16.038236,-48.055491,,,,1,2023-06-18T20:44:02+00:00
BRA_228168,Brasília,5300108,,UTB,2303,https://moovitapp.com/index/pt-br/transporte_p%C3%BAblico-line-2303-Brasilia-1702-854427-744299-0,-1.0,-15.938172,-47.985552,,,,2,2023-06-18T20:50:28+00:00
BRA_227030,Brasília,5300108,,Pioneira,759.1,https://moovitapp.com/index/pt-br/transporte_p%C3%BAblico-line-759_1-Brasilia-1702-851941-616183-0,-1.0,-15.794683,-47.883834,,,,1,2023-06-18T18:31:30+00:00
BRA_227439,Brasília,5300108,,Pioneira,111.1,https://moovitapp.com/index/pt-br/transporte_p%C3%BAblico-line-111_1-Brasilia-1702-851941-75742769-0,-1.0,-15.878245,-47.822989,,,,1,2023-06-18T20:50:30+00:00
BRA_232581,Brasília,5300108,,Pioneira,2308,https://moovitapp.com/index/pt-br/transporte_p%C3%BAblico-line-2308-Brasilia-1702-851941-18556636-0,-1.0,-15.90745,-47.965144,,,,2,2023-06-18T20:50:18+00:00
BRA_227790,Brasília,5300108,,,3202,,,-16.033681,-48.058511,,,,1,2023-06-18T20:50:26+00:00
BRA_226521,Brasília,5300108,,Pioneira,0.765,https://moovitapp.com/index/pt-br/transporte_p%C3%BAblico-line-0_765-Brasilia-1702-851941-576190-0,-1.0,-15.753446,-47.77987,,,,2,2023-06-18T20:50:38+00:00
BRA_232301,Brasília,5300108,,Pioneira,020.2,https://moovitapp.com/index/pt-br/transporte_p%C3%BAblico-line-020_2-Brasilia-1702-851941-708653-0,-1.0,-15.995785,-47.999921,,,,1,2023-06-18T20:50:32+00:00
BRA_228109,Brasília,5300108,,,3207,,,-16.01016,-48.062256,,,,1,2023-06-18T20:51:00+00:00
BRA_229245,Brasília,5300108,,Pioneira,510.1,https://moovitapp.com/index/pt-br/transporte_p%C3%BAblico-line-510_1-Brasilia-1702-851941-770035-0,-1.0,-15.770044,-47.715415,,,,1,2023-06-18T20:50:54+00:00
BRA_226904,Brasília,5300108,,Pioneira,764.2,https://moovitapp.com/index/pt-br/transporte_p%C3%BAblico-line-764_2-Brasilia-1702-851941-527246-0,-1.0,-15.794377,-47.882034,,,,2,2023-06-18T20:49:52+00:00
BRA_226211,Brasília,5300108,,Pioneira,2308,https://moovitapp.com/index/pt-br/transporte_p%C3%BAblico-line-2308-Brasilia-1702-851941-18556636-0,-1.0,-15.811035,-47.943381,,,,1,2023-06-18T20:50:48+00:00
BRA_226581,Brasília,5300108,,Pioneira,764.2,https://moovitapp.com/index/pt-br/transporte_p%C3%BAblico-line-764_2-Brasilia-1702-851941-527246-0,-1.0,-15.793839,-47.881729,,,,1,2023-06-18T20:50:52+00:00
BRA_229865,Brasília,5300108,,Pioneira,147.2,https://moovitapp.com/index/pt-br/transporte_p%C3%BAblico-line-147_2-Brasilia-1702-851941-519403-0,-1.0,-15.912743,-47.757103,,,,1,2023-06-18T20:50:52+00:00
BRA_226742,Brasília,5300108,,Pioneira,780.1,https://moovitapp.com/index/pt-br/transporte_p%C3%BAblico-line-780_1-Brasilia-1702-851941-531040-0,-1.0,-15.759468,-47.744209,,,,1,2023-06-18T20:50:16+00:00
BRA_228923,Brasília,5300108,,Pioneira,3307,https://moovitapp.com/index/pt-br/transporte_p%C3%BAblico-line-3307-Brasilia-1702-851941-519400-0,-1.0,-16.029434,-47.985959,,,,1,2023-06-18T16:01:30+00:00
BRA_231681,Brasília,5300108,,Pioneira,780.1,https://moovitapp.com/index/pt-br/transporte_p%C3%BAblico-line-780_1-Brasilia-1702-851941-531040-0,-1.0,-15.804949,-47.854479,,,,1,2023-06-18T20:50:44+00:00
BRA_231894,Brasília,5300108,,Pioneira,180.1,https://moovitapp.com/index/pt-br/transporte_p%C3%BAblico-line-180_1-Brasilia-1702-851941-339336-0,-1.0,-15.794249,-47.88185,,,,2,2023-06-18T20:50:14+00:00
BRA_228818,Brasília,5300108,,Pioneira,0.765,https://moovitapp.com/index/pt-br/transporte_p%C3%BAblico-line-0_765-Brasilia-1702-851941-576190-0,-1.0,-15.797308,-47.891507,,,,1,2023-06-18T20:49:54+00:00
BRA_231851,Brasília,5300108,,Pioneira,180.2,https://moovitapp.com/index/pt-br/transporte_p%C3%BAblico-line-180_2-Brasilia-1702-851941-514539-0,-1.0,-15.906871,-47.770785,,,,1,2023-06-18T20:50:52+00:00
BRA_227757,Brasília,5300108,,Pioneira,124.6,https://moovitapp.com/index/pt-br/transporte_p%C3%BAblico-line-124_6-Brasilia-1702-851941-425282-0,-1.0,-15.857296,-47.954456,,,,1,2023-06-18T20:50:14+00:00
BRA_226921,Brasília,5300108,,Pioneira,0.765,https://moovitapp.com/index/pt-br/transporte_p%C3%BAblico-line-0_765-Brasilia-1702-851941-576190-0,-1.0,-15.752931,-47.764116,,,,1,2023-06-18T20:44:18+00:00
BRA_230197,Brasília,5300108,,Pioneira,0.253,https://moovitapp.com/index/pt-br/transporte_p%C3%BAblico-line-0_253-Brasilia-1702-851941-510254-0,-1.0,-16.025943,-48.030416,,,,1,2023-06-18T20:49:04+00:00
BRA_227927,Brasília,5300108,,UTB,2303,https://moovitapp.com/index/pt-br/transporte_p%C3%BAblico-line-2303-Brasilia-1702-854427-744299-0,-1.0,-15.929734,-47.97983,,,,1,2023-06-18T20:51:02+00:00
BRA_232611,Brasília,5300108,,UTB,2302,https://moovitapp.com/index/pt-br/transporte_p%C3%BAblico-line-2302-Brasilia-1702-854427-744298-0,-1.0,-15.974021,-47.990416,,,,1,2023-06-18T20:50:22+00:00
BRA_232416,Brasília,5300108,,Taguatur,3302,https://moovitapp.com/index/pt-br/transporte_p%C3%BAblico-line-3302-Brasilia-1702-854428-3135322-0,-1.0,-16.047321,-48.030079,,,,1,2023-06-18T20:51:06+00:00
BRA_231878,Brasília,5300108,,Pioneira,180.1,https://moovitapp.com/index/pt-br/transporte_p%C3%BAblico-line-180_1-Brasilia-1702-851941-339336-0,-1.0,-15.906633,-47.771198,,,,2,2023-06-18T20:50:56+00:00
BRA_229415,Brasília,5300108,,Pioneira,0.253,https://moovitapp.com/index/pt-br/transporte_p%C3%BAblico-line-0_253-Brasilia-1702-851941-510254-0,-1.0,-15.817787,-48.104885,,,,2,2023-06-18T20:49:58+00:00
BRA_227226,Brasília,5300108,,Pioneira,170.4,https://moovitapp.com/index/pt-br/transporte_p%C3%BAblico-line-170_4-Brasilia-1702-851941-379787-0,-1.0,-15.913502,-47.756028,,,,1,2023-06-18T20:50:00+00:00
BRA_231436,Brasília,5300108,,Pioneira,183.0,https://moovitapp.com/index/pt-br/transporte_p%C3%BAblico-line-183_0-Brasilia-1702-851941-26502248-0,-1.0,-15.913347,-47.757529,,,,1,2023-06-18T20:50:42+00:00
BRA_231622,Brasília,5300108,,Pioneira,0.102,https://moovitapp.com/index/pt-br/transporte_p%C3%BAblico-line-0_102-Brasilia-1702-851941-775119-0,-1.0,-15.858877,-47.928567,,,,1,2023-06-18T20:50:48+00:00
BRA_229709,Brasília,5300108,,Pioneira,181.2,https://moovitapp.com/index/pt-br/transporte_p%C3%BAblico-line-181_2-Brasilia-1702-851941-339338-0,-1.0,-15.878887,-47.822976,,,,1,2023-06-18T20:50:34+00:00
BRA_223930,Brasília,5300108,,Pioneira,2306,https://moovitapp.com/index/pt-br/transporte_p%C3%BAblico-line-2306-Brasilia-1702-851941-18556641-0,-1.0,-16.022764,-48.031319,,,,1,2023-06-18T15:55:50+00:00
BRA_226831,Brasília,5300108,,Urbi,0.129,https://moovitapp.com/index/pt-br/transporte_p%C3%BAblico-line-0_129-Brasilia-1702-851595-775097-0,-1.0,-15.871798,-47.958017,,,,1,2023-06-15T19:41:04+00:00
BRA_229008,Brasília,5300108,,Pioneira,251.8,https://moovitapp.com/index/pt-br/transporte_p%C3%BAblico-line-251_8-Brasilia-1702-851941-708654-0,-1.0,-16.023349,-48.053813,,,,1,2023-06-17T01:28:22+00:00
BRA_226645,Brasília,5300108,,,2202,,,-15.969931,-48.024789,,,,1,2023-06-18T20:50:50+00:00
BRA_231371,Brasília,5300108,,Pioneira,073.4,https://moovitapp.com/index/pt-br/transporte_p%C3%BAblico-line-073_4-Brasilia-1702-851941-77944646-0,-1.0,-15.870129,-47.926139,,,,1,2023-06-18T20:50:56+00:00
BRA_229636,Brasília,5300108,,Pioneira,124.6,https://moovitapp.com/index/pt-br/transporte_p%C3%BAblico-line-124_6-Brasilia-1702-851941-425282-0,-1.0,-15.855055,-47.951036,,,,1,2023-06-18T20:50:40+00:00
BRA_232092,Brasília,5300108,,Pioneira,181.2,https://moovitapp.com/index/pt-br/transporte_p%C3%BAblico-line-181_2-Brasilia-1702-851941-339338-0,-1.0,-15.830282,-47.877031,,,,1,2023-06-16T22:12:22+00:00
BRA_228486,Brasília,5300108,,UTB,2302,https://moovitapp.com/index/pt-br/transporte_p%C3%BAblico-line-2302-Brasilia-1702-854427-744298-0,-1.0,-15.793772,-47.884069,,,,1,2023-06-18T20:51:14+00:00
BRA_231908,Brasília,5300108,,Pioneira,0.147,https://moovitapp.com/index/pt-br/transporte_p%C3%BAblico-line-0_147-Brasilia-1702-851941-519401-0,-1.0,-15.885981,-47.813236,,,,1,2023-06-18T20:50:28+00:00
BRA_227994,Brasília,5300108,,Pioneira,147.5,https://moovitapp.com/index/pt-br/transporte_p%C3%BAblico-line-147_5-Brasilia-1702-851941-519406-0,-1.0,-15.792802,-47.882327,,,,1,2023-06-18T20:50:10+00:00
BRA_228087,Brasília,5300108,,UTB,2303,https://moovitapp.com/index/pt-br/transporte_p%C3%BAblico-line-2303-Brasilia-1702-854427-744299-0,-1.0,-15.791361,-47.888564,,,,1,2023-06-18T20:51:30+00:00
BRA_227048,Brasília,5300108,,,2202,,,-15.928041,-47.978737,,,,1,2023-06-18T20:50:54+00:00
BRA_232271,Brasília,5300108,,Pioneira,207.2,https://moovitapp.com/index/pt-br/transporte_p%C3%BAblico-line-207_2-Brasilia-1702-851941-137149862-0,-1.0,-16.009251,-48.163301,,,,2,2023-06-18T20:51:30+00:00
BRA_226700,Brasília,5300108,,Pioneira,163.1,https://moovitapp.com/index/pt-br/transporte_p%C3%BAblico-line-163_1-Brasilia-1702-851941-242911-0,-1.0,-15.8448,-47.94106,,,,2,2023-06-16T00:12:20+00:00
BRA_232157,Brasília,5300108,,Pioneira,205.1,https://moovitapp.com/index/pt-br/transporte_p%C3%BAblico-line-205_1-Brasilia-1702-851941-393571-0,-1.0,-15.91562,-48.049763,,,,2,2023-06-18T20:50:34+00:00
BRA_229504,Brasília,5300108,,Pioneira,0.780,https://moovitapp.com/index/pt-br/transporte_p%C3%BAblico-line-0_780-Brasilia-1702-851941-514537-0,-1.0,-15.752327,-47.763899,,,,1,2023-06-15T20:32:26+00:00
BRA_228354,Brasília,5300108,,Pioneira,0.253,https://moovitapp.com/index/pt-br/transporte_p%C3%BAblico-line-0_253-Brasilia-1702-851941-510254-0,-1.0,-16.044734,-48.029316,,,,1,2023-06-16T21:49:36+00:00
BRA_226769,Brasília,5300108,,Pioneira,764.2,https://moovitapp.com/index/pt-br/transporte_p%C3%BAblico-line-764_2-Brasilia-1702-851941-527246-0,-1.0,-15.811079,-47.84596,,,,1,2023-06-18T20:50:56+00:00
BRA_228184,Brasília,5300108,,Pioneira,205.1,https://moovitapp.com/index/pt-br/transporte_p%C3%BAblico-line-205_1-Brasilia-1702-851941-393571-0,-1.0,-15.823569,-48.064061,,,,1,2023-06-18T20:50:26+00:00
BRA_227706,Brasília,5300108,,Pioneira,197.3,https://moovitapp.com/index/pt-br/transporte_p%C3%BAblico-line-197_3-Brasilia-1702-851941-519409-0,-1.0,-15.846672,-47.849756,,,,1,2023-06-18T20:50:36+00:00
BRA_226726,Brasília,5300108,,,2202,,,-15.793969,-47.882365,,,,1,2023-06-18T20:50:30+00:00
BRA_232408,Brasília,5300108,,Pioneira,251.8,https://moovitapp.com/index/pt-br/transporte_p%C3%BAblico-line-251_8-Brasilia-1702-851941-708654-0,-1.0,-16.043557,-48.03425,,,,1,2023-06-18T20:50:52+00:00
BRA_231819,Brasília,5300108,,Pioneira,197.3,https://moovitapp.com/index/pt-br/transporte_p%C3%BAblico-line-197_3-Brasilia-1702-851941-519409-0,-1.0,-15.896069,-47.776164,,,,1,2023-06-18T20:50:24+00:00
BRA_232289,Brasília,5300108,,Pioneira,205.1,https://moovitapp.com/index/pt-br/transporte_p%C3%BAblico-line-205_1-Brasilia-1702-851941-393571-0,-1.0,-16.032911,-48.057322,,,,2,2023-06-18T20:50:36+00:00
BRA_226661,Brasília,5300108,,Pioneira,759.1,https://moovitapp.com/index/pt-br/transporte_p%C3%BAblico-line-759_1-Brasilia-1702-851941-616183-0,-1.0,-15.775493,-47.811501,,,,1,2023-06-18T20:50:40+00:00
BRA_226785,Brasília,5300108,,Urbi,0.129,https://moovitapp.com/index/pt-br/transporte_p%C3%BAblico-line-0_129-Brasilia-1702-851595-775097-0,-1.0,-15.857808,-47.922941,,,,2,2023-06-15T10:14:04+00:00
BRA_229407,Brasília,5300108,,Pioneira,0.255,https://moovitapp.com/index/pt-br/transporte_p%C3%BAblico-line-0_255-Brasilia-1702-851941-706978-0,-1.0,-15.795062,-48.110881,,,,1,2023-06-18T20:50:46+00:00
BRA_232106,Brasília,5300108,,Pioneira,0.181,https://moovitapp.com/index/pt-br/transporte_p%C3%BAblico-line-0_181-Brasilia-1702-851941-242838-0,-1.0,-15.748854,-47.771548,,,,1,2023-06-18T20:50:08+00:00
BRA_228982,Brasília,5300108,,Pioneira,251.7,https://moovitapp.com/index/pt-br/transporte_p%C3%BAblico-line-251_7-Brasilia-1702-851941-651524-0,-1.0,-16.048634,-48.03081,,,,1,2023-06-18T20:50:00+00:00
BRA_226912,Brasília,5300108,,Pioneira,0.759,https://moovitapp.com/index/pt-br/transporte_p%C3%BAblico-line-0_759-Brasilia-1702-851941-775121-0,-1.0,-15.764249,-47.890687,,,,2,2023-06-16T20:31:02+00:00
BRA_227633,Brasília,5300108,,Pioneira,183.2,https://moovitapp.com/index/pt-br/transporte_p%C3%BAblico-line-183_2-Brasilia-1702-851941-242920-0,-1.0,-15.870287,-47.761566,,,,1,2023-06-18T20:50:58+00:00
BRA_231592,Brasília,5300108,,Pioneira,764.2,https://moovitapp.com/index/pt-br/transporte_p%C3%BAblico-line-764_2-Brasilia-1702-851941-527246-0,-1.0,-15.754275,-47.765743,,,,2,2023-06-18T20:50:24+00:00
BRA_231886,Brasília,5300108,,Pioneira,180.2,https://moovitapp.com/index/pt-br/transporte_p%C3%BAblico-line-180_2-Brasilia-1702-851941-514539-0,-1.0,-15.794326,-47.881901,,,,1,2023-06-18T20:50:06+00:00
BRA_226815,Brasília,5300108,,Pioneira,0.126,https://moovitapp.com/index/pt-br/transporte_p%C3%BAblico-line-0_126-Brasilia-1702-851941-7879579-0,-1.0,-15.898886,-47.781498,,,,1,2023-06-18T20:50:24+00:00
BRA_232378,Brasília,5300108,,Pioneira,3307,https://moovitapp.com/index/pt-br/transporte_p%C3%BAblico-line-3307-Brasilia-1702-851941-519400-0,-1.0,-16.010891,-47.988878,,,,1,2023-06-18T20:50:36+00:00
BRA_230146,Brasília,5300108,,Taguatur,3302,https://moovitapp.com/index/pt-br/transporte_p%C3%BAblico-line-3302-Brasilia-1702-854428-3135322-0,-1.0,-16.034434,-48.034046,,,,1,2023-06-18T20:50:42+00:00
BRA_228419,Brasília,5300108,,Pioneira,0.147,https://moovitapp.com/index/pt-br/transporte_p%C3%BAblico-line-0_147-Brasilia-1702-851941-519401-0,-1.0,-15.832526,-47.879815,,,,2,2023-06-18T20:50:02+00:00
BRA_228761,Brasília,5300108,,Pioneira,251.7,https://moovitapp.com/index/pt-br/transporte_p%C3%BAblico-line-251_7-Brasilia-1702-851941-651524-0,-1.0,-16.002273,-47.986106,,,,1,2023-06-18T20:50:12+00:00
BRA_229521,Brasília,5300108,,UTB,2302,https://moovitapp.com/index/pt-br/transporte_p%C3%BAblico-line-2302-Brasilia-1702-854427-744298-0,-1.0,-16.001046,-47.985114,,,,2,2023-06-18T20:50:46+00:00
BRA_226505,Brasília,5300108,,Pioneira,759.1,https://moovitapp.com/index/pt-br/transporte_p%C3%BAblico-line-759_1-Brasilia-1702-851941-616183-0,-1.0,-15.760152,-47.781555,,,,1,2023-06-18T20:50:18+00:00
BRA_229890,Brasília,5300108,,Pioneira,197.3,https://moovitapp.com/index/pt-br/transporte_p%C3%BAblico-line-197_3-Brasilia-1702-851941-519409-0,-1.0,-15.913423,-47.75702,,,,1,2023-06-18T18:43:24+00:00
BRA_228257,Brasília,5300108,,Pioneira,205.1,https://moovitapp.com/index/pt-br/transporte_p%C3%BAblico-line-205_1-Brasilia-1702-851941-393571-0,-1.0,-15.981485,-48.037505,,,,1,2023-06-18T20:50:56+00:00
BRA_228371,Brasília,5300108,,Pioneira,0.253,https://moovitapp.com/index/pt-br/transporte_p%C3%BAblico-line-0_253-Brasilia-1702-851941-510254-0,-1.0,-15.853566,-48.071424,,,,1,2023-06-18T20:50:26+00:00
BRA_227803,Brasília,5300108,,Pioneira,181.2,https://moovitapp.com/index/pt-br/transporte_p%C3%BAblico-line-181_2-Brasilia-1702-851941-339338-0,-1.0,-15.91359,-47.757332,,,,1,2023-06-18T20:50:48+00:00
BRA_229903,Brasília,5300108,,Pioneira,183.6,https://moovitapp.com/index/pt-br/transporte_p%C3%BAblico-line-183_6-Brasilia-1702-851941-242921-0,-1.0,-15.869638,-47.822309,,,,1,2023-06-18T20:50:24+00:00
BRA_227986,Brasília,5300108,,Pioneira,170.4,https://moovitapp.com/index/pt-br/transporte_p%C3%BAblico-line-170_4-Brasilia-1702-851941-379787-0,-1.0,-15.910807,-47.758991,,,,1,2023-06-18T20:23:34+00:00
BRA_229911,Brasília,5300108,,Pioneira,205.1,https://moovitapp.com/index/pt-br/transporte_p%C3%BAblico-line-205_1-Brasilia-1702-851941-393571-0,-1.0,-15.80634,-48.07761,,,,2,2023-06-18T20:50:10+00:00
BRA_226971,Brasília,5300108,,Pioneira,764.2,https://moovitapp.com/index/pt-br/transporte_p%C3%BAblico-line-764_2-Brasilia-1702-851941-527246-0,-1.0,-15.827991,-47.827573,,,,2,2023-06-18T20:44:06+00:00
BRA_230081,Brasília,5300108,,Pioneira,0.253,https://moovitapp.com/index/pt-br/transporte_p%C3%BAblico-line-0_253-Brasilia-1702-851941-510254-0,-1.0,-15.924786,-48.046806,,,,2,2023-06-18T20:51:08+00:00
BRA_227919,Brasília,5300108,,,3206,,,-16.028998,-48.070642,,,,1,2023-06-18T20:50:12+00:00
BRA_228214,Brasília,5300108,,,3207,,,-16.012687,-48.078284,,,,1,2023-06-18T20:49:50+00:00
BRA_227200,Brasília,5300108,,,2202,,,-15.966098,-48.020727,,,,2,2023-06-18T20:50:38+00:00
BRA_77534,Brasília,5300108,,Urbi,0.808,https://moovitapp.com/index/pt-br/transporte_p%C3%BAblico-line-0_808-Brasilia-1702-851595-372359-0,-1.0,-15.818006,-48.105483,,,,1,2023-06-18T11:53:50+00:00
BRA_77445,Brasília,5300108,,Urbi,0.873,https://moovitapp.com/index/pt-br/transporte_p%C3%BAblico-line-0_873-Brasilia-1702-851595-510238-0,-1.0,-15.908732,-48.088361,,,,1,2023-06-18T20:50:36+00:00
BRA_710393,Brasília,5300108,,São José,0.310,https://moovitapp.com/index/pt-br/transporte_p%C3%BAblico-line-0_310-Brasilia-1702-851943-775131-0,-1.0,-15.788341,-48.132039,,,,1,2023-06-18T20:50:38+00:00
BRA_78514,Brasília,5300108,,São José,0.331,https://moovitapp.com/index/pt-br/transporte_p%C3%BAblico-line-0_331-Brasilia-1702-851943-775133-0,-1.0,-15.787678,-47.896123,,,,1,2023-06-18T20:50:32+00:00
BRA_78093,Brasília,5300108,,São José,0.331,https://moovitapp.com/index/pt-br/transporte_p%C3%BAblico-line-0_331-Brasilia-1702-851943-775133-0,-1.0,-15.803383,-48.069351,,,,2,2023-06-16T18:00:52+00:00
BRA_77518,Brasília,5300108,,Urbi,0.805,https://moovitapp.com/index/pt-br/transporte_p%C3%BAblico-line-0_805-Brasilia-1702-851595-460800-0,-1.0,-15.821889,-48.064659,,,,1,2023-06-18T20:50:20+00:00
BRA_78140,Brasília,5300108,,São José,0.379,https://moovitapp.com/index/pt-br/transporte_p%C3%BAblico-line-0_379-Brasilia-1702-851943-707007-0,-1.0,-15.790997,-47.951964,,,,1,2023-06-18T20:50:02+00:00
BRA_78531,Brasília,5300108,,São José,0.382,https://moovitapp.com/index/pt-br/transporte_p%C3%BAblico-line-0_382-Brasilia-1702-851943-775140-0,-1.0,-15.802983,-48.06752,,,,2,2023-06-18T17:43:16+00:00
BRA_710571,Brasília,5300108,,São José,0.920,https://moovitapp.com/index/pt-br/transporte_p%C3%BAblico-line-0_920-Brasilia-1702-851943-707019-0,-1.0,-15.794549,-47.88342,,,,2,2023-06-18T20:49:58+00:00
BRA_79901,Brasília,5300108,,São José,0.926,https://moovitapp.com/index/pt-br/transporte_p%C3%BAblico-line-0_926-Brasilia-1702-851943-775154-0,-1.0,-15.825124,-48.118987,,,,1,2023-06-18T20:49:50+00:00
BRA_79049,Brasília,5300108,,São José,0.926,https://moovitapp.com/index/pt-br/transporte_p%C3%BAblico-line-0_926-Brasilia-1702-851943-775154-0,-1.0,-15.823515,-48.114581,,,,1,2023-06-15T11:23:02+00:00
BRA_79693,Brasília,5300108,,São José,364.1,https://moovitapp.com/index/pt-br/transporte_p%C3%BAblico-line-364_1-Brasilia-1702-851943-789941-0,-1.0,-15.829,-48.136642,,,,1,2023-06-18T20:50:18+00:00
BRA_77798,Brasília,5300108,,São José,364.2,https://moovitapp.com/index/pt-br/transporte_p%C3%BAblico-line-364_2-Brasilia-1702-851943-707050-0,-1.0,-15.795345,-48.108865,,,,1,2023-06-18T20:28:16+00:00
BRA_711225,Brasília,5300108,,São José,0.159,https://moovitapp.com/index/pt-br/transporte_p%C3%BAblico-line-0_159-Brasilia-1702-851943-375523-0,-1.0,-15.83168,-48.137126,,,,1,2023-06-18T20:50:22+00:00
BRA_711250,Brasília,5300108,,São José,0.159,https://moovitapp.com/index/pt-br/transporte_p%C3%BAblico-line-0_159-Brasilia-1702-851943-375523-0,-1.0,-15.814931,-48.099519,,,,2,2023-06-18T16:54:46+00:00
BRA_710407,Brasília,5300108,,São José,0.404,https://moovitapp.com/index/pt-br/transporte_p%C3%BAblico-line-0_404-Brasilia-1702-851943-783025-0,-1.0,-15.827403,-47.91643,,,,2,2023-06-18T20:50:34+00:00
BRA_500054,Brasília,5300108,,São José,0.406,https://moovitapp.com/index/pt-br/transporte_p%C3%BAblico-line-0_406-Brasilia-1702-851943-717430-0,-1.0,-15.672132,-48.199223,,,,1,2023-06-18T20:05:02+00:00
BRA_500143,Brasília,5300108,,São José,0.402,https://moovitapp.com/index/pt-br/transporte_p%C3%BAblico-line-0_402-Brasilia-1702-851943-781335-0,-1.0,-15.671771,-48.199216,,,,1,2023-06-18T16:48:10+00:00
BRA_500135,Brasília,5300108,,São José,0.402,https://moovitapp.com/index/pt-br/transporte_p%C3%BAblico-line-0_402-Brasilia-1702-851943-781335-0,-1.0,-15.795851,-48.16969,,,,1,2023-06-18T20:49:54+00:00
BRA_76651,Brasília,5300108,,São José,333.8,https://moovitapp.com/index/pt-br/transporte_p%C3%BAblico-line-333_8-Brasilia-1702-851943-376187-0,-1.0,-15.822239,-48.155239,,,,1,2023-06-18T20:50:22+00:00
BRA_77283,Brasília,5300108,,Urbi,0.038,https://moovitapp.com/index/pt-br/transporte_p%C3%BAblico-line-0_038-Brasilia-1702-851595-687419-0,-1.0,-15.819319,-48.065568,,,,1,2023-06-18T20:50:46+00:00
BRA_76988,Brasília,5300108,,Urbi,086.1,https://moovitapp.com/index/pt-br/transporte_p%C3%BAblico-line-086_1-Brasilia-1702-851595-481321-0,-1.0,-15.885622,-48.022806,,,,1,2023-06-18T19:03:30+00:00
BRA_711292,Brasília,5300108,,São José,0.092,https://moovitapp.com/index/pt-br/transporte_p%C3%BAblico-line-0_092-Brasilia-1702-851943-496589-0,-1.0,-15.832176,-47.986983,,,,1,2023-06-18T20:50:42+00:00
BRA_77071,Brasília,5300108,,Urbi,0.886,https://moovitapp.com/index/pt-br/transporte_p%C3%BAblico-line-0_886-Brasilia-1702-851595-704024-0,-1.0,-15.789887,-48.132618,,,,2,2023-06-18T20:50:18+00:00
BRA_120529,Brasília,5300108,,Piracicabana,153.2,https://moovitapp.com/index/pt-br/transporte_p%C3%BAblico-line-153_2-Brasilia-1702-850942-775093-0,-1.0,-15.61264,-47.64064,,,,1,2023-06-16T03:20:09+00:00
BRA_119652,Brasília,5300108,,Piracicabana,505.3,https://moovitapp.com/index/pt-br/transporte_p%C3%BAblico-line-505_3-Brasilia-1702-850942-352626-0,-1.0,-15.83578,-47.93201,,,,1,2023-06-16T15:45:21+00:00
BRA_119318,Brasília,5300108,,Piracicabana,501.7,https://moovitapp.com/index/pt-br/transporte_p%C3%BAblico-line-501_7-Brasilia-1702-850942-519379-0,-1.0,-15.65287,-47.80444,,,,,2023-06-18T18:05:22+00:00
BRA_118320,Brasília,5300108,,Piracicabana,0.151,https://moovitapp.com/index/pt-br/transporte_p%C3%BAblico-line-0_151-Brasilia-1702-850942-775087-0,-1.0,-15.79445,-47.93375,,,,,2023-06-18T18:30:52+00:00
BRA_120651,Brasília,5300108,,Piracicabana,0.511,https://moovitapp.com/index/pt-br/transporte_p%C3%BAblico-line-0_511-Brasilia-1702-850942-770023-0,-1.0,-15.77941,-47.78074,,,,1,2023-06-18T19:07:52+00:00
BRA_119661,Brasília,5300108,,Piracicabana,505.5,https://moovitapp.com/index/pt-br/transporte_p%C3%BAblico-line-505_5-Brasilia-1702-850942-651521-0,-1.0,-15.6652,-47.75227,,,,1,2023-06-18T19:08:00+00:00
BRA_119784,Brasília,5300108,,Piracicabana,600.7,https://moovitapp.com/index/pt-br/transporte_p%C3%BAblico-line-600_7-Brasilia-1702-850942-698442-0,-1.0,-15.61836,-47.6547,,,,1,2023-06-18T19:08:01+00:00
BRA_120511,Brasília,5300108,,Piracicabana,616.8,https://moovitapp.com/index/pt-br/transporte_p%C3%BAblico-line-616_8-Brasilia-1702-850942-128977718-0,-1.0,-15.83594,-47.93295,,,,1,2023-06-18T19:08:49+00:00
BRA_118443,Brasília,5300108,,Piracicabana,128.1,https://moovitapp.com/index/pt-br/transporte_p%C3%BAblico-line-128_1-Brasilia-1702-850942-53234107-0,-1.0,-15.77416,-47.90788,,,,1,2023-06-18T19:09:02+00:00
BRA_120723,Brasília,5300108,,Piracicabana,620.1,https://moovitapp.com/index/pt-br/transporte_p%C3%BAblico-line-620_1-Brasilia-1702-850942-697955-0,-1.0,-15.61844,-47.65424,,,,1,2023-06-18T19:09:19+00:00
BRA_120294,Brasília,5300108,,Piracicabana,066.6,https://moovitapp.com/index/pt-br/transporte_p%C3%BAblico-line-066_6-Brasilia-1702-850942-770027-0,-1.0,-15.61866,-47.65381,,,,1,2023-06-18T19:11:58+00:00
BRA_120626,Brasília,5300108,,Piracicabana,107.1,https://moovitapp.com/index/pt-br/transporte_p%C3%BAblico-line-107_1-Brasilia-1702-850942-242434-0,-1.0,-15.79348,-47.88268,,,,1,2023-06-18T19:14:46+00:00
BRA_118681,Brasília,5300108,,Piracicabana,104.2,https://moovitapp.com/index/pt-br/transporte_p%C3%BAblico-line-104_2-Brasilia-1702-850942-242431-0,-1.0,-15.77337,-47.90593,,,,1,2023-06-18T19:16:56+00:00
BRA_119474,Brasília,5300108,,Piracicabana,0.509,https://moovitapp.com/index/pt-br/transporte_p%C3%BAblico-line-0_509-Brasilia-1702-850942-242397-0,-1.0,-15.83595,-47.93251,,,,1,2023-06-18T19:18:50+00:00
BRA_120766,Brasília,5300108,,Piracicabana,158.1,https://moovitapp.com/index/pt-br/transporte_p%C3%BAblico-line-158_1-Brasilia-1702-850942-775094-0,-1.0,-15.77451,-47.9075,,,,1,2023-06-18T19:19:18+00:00
BRA_120863,Brasília,5300108,,Piracicabana,0.143,https://moovitapp.com/index/pt-br/transporte_p%C3%BAblico-line-0_143-Brasilia-1702-850942-470747-0,-1.0,-15.75986,-47.92334,,,,,2023-06-18T19:19:35+00:00
BRA_119440,Brasília,5300108,,Piracicabana,501.4,https://moovitapp.com/index/pt-br/transporte_p%C3%BAblico-line-501_4-Brasilia-1702-850942-775096-0,-1.0,-15.64993,-47.7738,,,,,2023-06-18T19:19:40+00:00
BRA_120871,Brasília,5300108,,Piracicabana,158.1,https://moovitapp.com/index/pt-br/transporte_p%C3%BAblico-line-158_1-Brasilia-1702-850942-775094-0,-1.0,-15.80297,-47.89568,,,,,2023-06-18T19:19:42+00:00
BRA_120731,Brasília,5300108,,Piracicabana,0.103,https://moovitapp.com/index/pt-br/transporte_p%C3%BAblico-line-0_103-Brasilia-1702-850942-335705-0,-1.0,-15.75704,-47.87893,,,,,2023-06-18T19:19:42+00:00
BRA_120227,Brasília,5300108,,Piracicabana,620.1,https://moovitapp.com/index/pt-br/transporte_p%C3%BAblico-line-620_1-Brasilia-1702-850942-697955-0,-1.0,-15.60933,-47.69541,,,,,2023-06-18T19:19:43+00:00
BRA_120197,Brasília,5300108,,Piracicabana,0.136,https://moovitapp.com/index/pt-br/transporte_p%C3%BAblico-line-0_136-Brasilia-1702-850942-719957-0,-1.0,-15.79014,-47.83378,,,,,2023-06-18T19:19:43+00:00
BRA_119121,Brasília,5300108,,Piracicabana,501.7,https://moovitapp.com/index/pt-br/transporte_p%C3%BAblico-line-501_7-Brasilia-1702-850942-519379-0,-1.0,-15.65024,-47.78569,,,,,2023-06-18T19:19:43+00:00
BRA_120120,Brasília,5300108,,Piracicabana,0.504,https://moovitapp.com/index/pt-br/transporte_p%C3%BAblico-line-0_504-Brasilia-1702-850942-781321-0,-1.0,-15.63892,-47.74997,,,,,2023-06-18T19:19:44+00:00
BRA_120359,Brasília,5300108,,Piracicabana,099.1,https://moovitapp.com/index/pt-br/transporte_p%C3%BAblico-line-099_1-Brasilia-1702-850942-775090-0,-1.0,-15.78791,-47.94168,,,,1,2023-06-18T19:19:45+00:00
BRA_118770,Brasília,5300108,,Piracicabana,107.1,https://moovitapp.com/index/pt-br/transporte_p%C3%BAblico-line-107_1-Brasilia-1702-850942-242434-0,-1.0,-15.79961,-47.95035,,,,,2023-06-18T19:19:47+00:00
BRA_118290,Brasília,5300108,,Piracicabana,136.5,https://moovitapp.com/index/pt-br/transporte_p%C3%BAblico-line-136_5-Brasilia-1702-850942-516628-0,-1.0,-15.7457,-47.88239,,,,,2023-06-18T19:19:47+00:00
BRA_118532,Brasília,5300108,,Piracicabana,104.1,https://moovitapp.com/index/pt-br/transporte_p%C3%BAblico-line-104_1-Brasilia-1702-850942-242430-0,-1.0,-15.7734,-47.90723,,,,1,2023-06-18T19:19:48+00:00
BRA_120219,Brasília,5300108,,Piracicabana,602.1,https://moovitapp.com/index/pt-br/transporte_p%C3%BAblico-line-602_1-Brasilia-1702-850942-242491-0,-1.0,-15.66779,-47.81237,,,,,2023-06-18T19:19:50+00:00
BRA_120235,Brasília,5300108,,Piracicabana,066.3,https://moovitapp.com/index/pt-br/transporte_p%C3%BAblico-line-066_3-Brasilia-1702-850942-513542-0,-1.0,-15.59974,-47.6833,,,,,2023-06-18T19:19:50+00:00
BRA_120464,Brasília,5300108,,Piracicabana,099.1,https://moovitapp.com/index/pt-br/transporte_p%C3%BAblico-line-099_1-Brasilia-1702-850942-775090-0,-1.0,-15.85185,-48.04047,,,,,2023-06-18T19:19:52+00:00
BRA_120715,Brasília,5300108,,Piracicabana,601.6,https://moovitapp.com/index/pt-br/transporte_p%C3%BAblico-line-601_6-Brasilia-1702-850942-697954-0,-1.0,-15.6188,-47.6542,,,,1,2023-06-18T19:19:53+00:00
BRA_119865,Brasília,5300108,,Piracicabana,0.600,https://moovitapp.com/index/pt-br/transporte_p%C3%BAblico-line-0_600-Brasilia-1702-850942-242410-0,-1.0,-15.75952,-47.8859,,,,,2023-06-18T19:19:53+00:00
BRA_119997,Brasília,5300108,,Piracicabana,0.620,https://moovitapp.com/index/pt-br/transporte_p%C3%BAblico-line-0_620-Brasilia-1702-850942-470748-0,-1.0,-15.66713,-47.81104,,,,,2023-06-18T19:19:54+00:00
BRA_120812,Brasília,5300108,,Piracicabana,0.150,https://moovitapp.com/index/pt-br/transporte_p%C3%BAblico-line-0_150-Brasilia-1702-850942-775086-0,-1.0,-15.81191,-47.93793,,,,,2023-06-18T19:19:54+00:00
BRA_121088,Brasília,5300108,,Piracicabana,0.504,https://moovitapp.com/index/pt-br/transporte_p%C3%BAblico-line-0_504-Brasilia-1702-850942-781321-0,-1.0,-15.61887,-47.65431,,,,1,2023-06-18T19:19:54+00:00
BRA_119733,Brasília,5300108,,Piracicabana,066.5,https://moovitapp.com/index/pt-br/transporte_p%C3%BAblico-line-066_5-Brasilia-1702-850942-770026-0,-1.0,-15.62427,-47.64698,,,,,2023-06-18T19:19:55+00:00
BRA_120243,Brasília,5300108,,Piracicabana,102.6,https://moovitapp.com/index/pt-br/transporte_p%C3%BAblico-line-102_6-Brasilia-1702-850942-775091-0,-1.0,-15.83005,-47.92967,,,,,2023-06-18T19:19:58+00:00
BRA_120782,Brasília,5300108,,Piracicabana,158.1,https://moovitapp.com/index/pt-br/transporte_p%C3%BAblico-line-158_1-Brasilia-1702-850942-775094-0,-1.0,-15.79625,-47.94647,,,,,2023-06-18T19:19:58+00:00
BRA_120324,Brasília,5300108,,Piracicabana,600.2,https://moovitapp.com/index/pt-br/transporte_p%C3%BAblico-line-600_2-Brasilia-1702-850942-242486-0,-1.0,-15.61851,-47.6545,,,,1,2023-06-18T19:19:59+00:00
BRA_120901,Brasília,5300108,,Piracicabana,105.2,https://moovitapp.com/index/pt-br/transporte_p%C3%BAblico-line-105_2-Brasilia-1702-850942-12015265-0,-1.0,-15.83019,-47.92951,,,,,2023-06-18T19:20:01+00:00
BRA_119113,Brasília,5300108,,Piracicabana,063.1,https://moovitapp.com/index/pt-br/transporte_p%C3%BAblico-line-063_1-Brasilia-1702-850942-339291-0,-1.0,-15.64864,-47.79793,,,,,2023-06-18T19:20:01+00:00
BRA_120146,Brasília,5300108,,Piracicabana,512.1,https://moovitapp.com/index/pt-br/transporte_p%C3%BAblico-line-512_1-Brasilia-1702-850942-474401-0,-1.0,-15.64426,-47.79695,,,,,2023-06-18T19:20:02+00:00
BRA_120618,Brasília,5300108,,Piracicabana,136.9,https://moovitapp.com/index/pt-br/transporte_p%C3%BAblico-line-136_9-Brasilia-1702-850942-773702-0,-1.0,-15.83622,-47.93394,,,,,2023-06-18T19:20:02+00:00
BRA_118257,Brasília,5300108,,Piracicabana,153.2,https://moovitapp.com/index/pt-br/transporte_p%C3%BAblico-line-153_2-Brasilia-1702-850942-775093-0,-1.0,-15.82724,-47.90418,,,,,2023-06-18T19:20:02+00:00
BRA_116319,Brasília,5300108,,Piracicabana,601.3,https://moovitapp.com/index/pt-br/transporte_p%C3%BAblico-line-601_3-Brasilia-1702-850942-339836-0,-1.0,-15.61276,-47.65826,,,,,2023-06-18T19:20:03+00:00
BRA_120456,Brasília,5300108,,Piracicabana,0.620,https://moovitapp.com/index/pt-br/transporte_p%C3%BAblico-line-0_620-Brasilia-1702-850942-470748-0,-1.0,-15.61859,-47.65456,,,,1,2023-06-18T19:20:04+00:00
BRA_120081,Brasília,5300108,,Piracicabana,136.9,https://moovitapp.com/index/pt-br/transporte_p%C3%BAblico-line-136_9-Brasilia-1702-850942-773702-0,-1.0,-15.75972,-47.88577,,,,,2023-06-18T19:20:04+00:00
BRA_118541,Brasília,5300108,,Piracicabana,106.2,https://moovitapp.com/index/pt-br/transporte_p%C3%BAblico-line-106_2-Brasilia-1702-850942-242433-0,-1.0,-15.81782,-47.91336,,,,,2023-06-18T19:20:04+00:00
BRA_120154,Brasília,5300108,,Piracicabana,601.1,https://moovitapp.com/index/pt-br/transporte_p%C3%BAblico-line-601_1-Brasilia-1702-850942-322377-0,-1.0,-15.6041,-47.64971,,,,,2023-06-18T19:20:05+00:00
BRA_120537,Brasília,5300108,,Piracicabana,0.116,https://moovitapp.com/index/pt-br/transporte_p%C3%BAblico-line-0_116-Brasilia-1702-850942-242381-0,-1.0,-15.76258,-47.90762,,,,,2023-06-18T19:20:05+00:00
BRA_118214,Brasília,5300108,,Piracicabana,0.143,https://moovitapp.com/index/pt-br/transporte_p%C3%BAblico-line-0_143-Brasilia-1702-850942-470747-0,-1.0,-15.76643,-47.93542,,,,,2023-06-18T19:20:05+00:00
BRA_120472,Brasília,5300108,,Piracicabana,601.2,https://moovitapp.com/index/pt-br/transporte_p%C3%BAblico-line-601_2-Brasilia-1702-850942-322378-0,-1.0,-15.61969,-47.65048,,,,,2023-06-18T19:20:06+00:00
BRA_120693,Brasília,5300108,,Piracicabana,066.4,https://moovitapp.com/index/pt-br/transporte_p%C3%BAblico-line-066_4-Brasilia-1702-850942-763557-0,-1.0,-15.62975,-47.65923,,,,,2023-06-18T19:20:06+00:00
BRA_120189,Brasília,5300108,,Piracicabana,064.1,https://moovitapp.com/index/pt-br/transporte_p%C3%BAblico-line-064_1-Brasilia-1702-850942-339292-0,-1.0,-15.63484,-47.64809,,,,,2023-06-18T19:20:07+00:00
BRA_118222,Brasília,5300108,,Piracicabana,0.104,https://moovitapp.com/index/pt-br/transporte_p%C3%BAblico-line-0_104-Brasilia-1702-850942-242376-0,-1.0,-15.76443,-47.86016,,,,,2023-06-18T19:20:07+00:00
BRA_120251,Brasília,5300108,,Piracicabana,152.5,https://moovitapp.com/index/pt-br/transporte_p%C3%BAblico-line-152_5-Brasilia-1702-850942-542828-0,-1.0,-15.79804,-47.92006,,,,,2023-06-18T19:20:08+00:00
BRA_120090,Brasília,5300108,,Piracicabana,152.1,https://moovitapp.com/index/pt-br/transporte_p%C3%BAblico-line-152_1-Brasilia-1702-850942-542827-0,-1.0,-15.79738,-47.87522,,,,,2023-06-18T19:20:08+00:00
BRA_120499,Brasília,5300108,,Piracicabana,162.1,https://moovitapp.com/index/pt-br/transporte_p%C3%BAblico-line-162_1-Brasilia-1702-850942-762425-0,-1.0,-15.78071,-47.88741,,,,,2023-06-18T19:20:10+00:00
BRA_120821,Brasília,5300108,,Piracicabana,158.1,https://moovitapp.com/index/pt-br/transporte_p%C3%BAblico-line-158_1-Brasilia-1702-850942-775094-0,-1.0,-15.79326,-47.88192,,,,1,2023-06-18T19:20:11+00:00
BRA_120421,Brasília,5300108,,Piracicabana,066.4,https://moovitapp.com/index/pt-br/transporte_p%C3%BAblico-line-066_4-Brasilia-1702-850942-763557-0,-1.0,-15.64372,-47.65081,,,,,2023-06-18T19:20:12+00:00
BRA_120545,Brasília,5300108,,Piracicabana,600.7,https://moovitapp.com/index/pt-br/transporte_p%C3%BAblico-line-600_7-Brasilia-1702-850942-698442-0,-1.0,-15.61288,-47.64023,,,,,2023-06-18T19:20:13+00:00
BRA_120987,Brasília,5300108,,Piracicabana,640.2,https://moovitapp.com/index/pt-br/transporte_p%C3%BAblico-line-640_2-Brasilia-1702-850942-697957-0,-1.0,-15.61835,-47.65472,,,,1,2023-06-18T19:20:15+00:00
BRA_118362,Brasília,5300108,,Piracicabana,152.1,https://moovitapp.com/index/pt-br/transporte_p%C3%BAblico-line-152_1-Brasilia-1702-850942-542827-0,-1.0,-15.77464,-47.90706,,,,1,2023-06-18T19:20:18+00:00
BRA_120316,Brasília,5300108,,Piracicabana,067.3,https://moovitapp.com/index/pt-br/transporte_p%C3%BAblico-line-067_3-Brasilia-1702-850942-339294-0,-1.0,-15.61884,-47.65403,,,,1,2023-06-18T19:20:24+00:00
BRA_119059,Brasília,5300108,,Piracicabana,0.143,https://moovitapp.com/index/pt-br/transporte_p%C3%BAblico-line-0_143-Brasilia-1702-850942-470747-0,-1.0,-15.79368,-47.88309,,,,1,2023-06-18T19:20:27+00:00
BRA_120561,Brasília,5300108,,Piracicabana,0.600,https://moovitapp.com/index/pt-br/transporte_p%C3%BAblico-line-0_600-Brasilia-1702-850942-242410-0,-1.0,-15.83596,-47.93321,,,,1,2023-06-18T19:20:30+00:00
BRA_119431,Brasília,5300108,,Piracicabana,062.6,https://moovitapp.com/index/pt-br/transporte_p%C3%BAblico-line-062_6-Brasilia-1702-850942-339289-0,-1.0,-15.64232,-47.80682,,,,,2023-06-18T19:33:17+00:00
BRA_119687,Brasília,5300108,,Piracicabana,501.7,https://moovitapp.com/index/pt-br/transporte_p%C3%BAblico-line-501_7-Brasilia-1702-850942-519379-0,-1.0,-15.83015,-47.92929,,,,,2023-06-18T20:16:46+00:00
BRA_119342,Brasília,5300108,,Piracicabana,512.1,https://moovitapp.com/index/pt-br/transporte_p%C3%BAblico-line-512_1-Brasilia-1702-850942-474401-0,-1.0,-15.71209,-47.8976,,,,,2023-06-18T20:24:33+00:00
BRA_119504,Brasília,5300108,,Piracicabana,531.1,https://moovitapp.com/index/pt-br/transporte_p%C3%BAblico-line-531_1-Brasilia-1702-850942-476289-0,-1.0,-15.64008,-47.82407,,,,1,2023-06-18T20:29:01+00:00
BRA_119482,Brasília,5300108,,Piracicabana,501.2,https://moovitapp.com/index/pt-br/transporte_p%C3%BAblico-line-501_2-Brasilia-1702-850942-786258-0,-1.0,-15.65384,-47.80462,,,,,2023-06-18T20:29:12+00:00
BRA_119521,Brasília,5300108,,Piracicabana,062.5,https://moovitapp.com/index/pt-br/transporte_p%C3%BAblico-line-062_5-Brasilia-1702-850942-339835-0,-1.0,-15.6803,-47.83454,,,,,2023-06-18T20:35:00+00:00
BRA_118311,Brasília,5300108,,Piracicabana,0.114,https://moovitapp.com/index/pt-br/transporte_p%C3%BAblico-line-0_114-Brasilia-1702-850942-242379-0,-1.0,-15.79348,-47.88272,,,,1,2023-06-18T20:37:09+00:00
BRA_119270,Brasília,5300108,,Piracicabana,0.509,https://moovitapp.com/index/pt-br/transporte_p%C3%BAblico-line-0_509-Brasilia-1702-850942-242397-0,-1.0,-15.71758,-47.89814,,,,,2023-06-18T20:40:34+00:00
BRA_119890,Brasília,5300108,,Piracicabana,0.611,https://moovitapp.com/index/pt-br/transporte_p%C3%BAblico-line-0_611-Brasilia-1702-850942-25771159-0,-1.0,-15.62667,-47.65047,,,,,2023-06-18T20:42:31+00:00
BRA_119237,Brasília,5300108,,Piracicabana,501.3,https://moovitapp.com/index/pt-br/transporte_p%C3%BAblico-line-501_3-Brasilia-1702-850942-242472-0,-1.0,-15.77359,-47.88054,,,,1,2023-06-18T20:44:50+00:00
BRA_120791,Brasília,5300108,,Piracicabana,158.1,https://moovitapp.com/index/pt-br/transporte_p%C3%BAblico-line-158_1-Brasilia-1702-850942-775094-0,-1.0,-15.79991,-47.94581,,,,1,2023-06-18T20:48:24+00:00
BRA_118249,Brasília,5300108,,Piracicabana,110.2,https://moovitapp.com/index/pt-br/transporte_p%C3%BAblico-line-110_2-Brasilia-1702-850942-339295-0,-1.0,-15.79391,-47.88174,,,,1,2023-06-18T20:48:45+00:00
BRA_121061,Brasília,5300108,,Piracicabana,115.1,https://moovitapp.com/index/pt-br/transporte_p%C3%BAblico-line-115_1-Brasilia-1702-850942-242436-0,-1.0,-15.78722,-47.88799,,,,1,2023-06-18T20:49:01+00:00
BRA_119547,Brasília,5300108,,Piracicabana,505.8,https://moovitapp.com/index/pt-br/transporte_p%C3%BAblico-line-505_8-Brasilia-1702-850942-339297-0,-1.0,-15.66245,-47.85349,,,,,2023-06-18T20:50:01+00:00
BRA_120677,Brasília,5300108,,Piracicabana,0.116,https://moovitapp.com/index/pt-br/transporte_p%C3%BAblico-line-0_116-Brasilia-1702-850942-242381-0,-1.0,-15.74681,-47.89631,,,,,2023-06-18T20:50:05+00:00
BRA_119679,Brasília,5300108,,Piracicabana,501.3,https://moovitapp.com/index/pt-br/transporte_p%C3%BAblico-line-501_3-Brasilia-1702-850942-242472-0,-1.0,-15.71322,-47.90071,,,,,2023-06-18T20:50:06+00:00
BRA_119172,Brasília,5300108,,Piracicabana,519.2,https://moovitapp.com/index/pt-br/transporte_p%C3%BAblico-line-519_2-Brasilia-1702-850942-242483-0,-1.0,-15.76313,-47.88457,,,,,2023-06-18T20:50:11+00:00
BRA_119407,Brasília,5300108,,Piracicabana,063.1,https://moovitapp.com/index/pt-br/transporte_p%C3%BAblico-line-063_1-Brasilia-1702-850942-339291-0,-1.0,-15.63744,-47.82149,,,,,2023-06-18T20:50:16+00:00
BRA_120065,Brasília,5300108,,Piracicabana,616.8,https://moovitapp.com/index/pt-br/transporte_p%C3%BAblico-line-616_8-Brasilia-1702-850942-128977718-0,-1.0,-15.83123,-47.91916,,,,,2023-06-18T20:50:16+00:00
BRA_116343,Brasília,5300108,,,628.2,,,-15.70363,-47.65572,,,,,2023-06-18T20:50:21+00:00
BRA_118206,Brasília,5300108,,Piracicabana,0.103,https://moovitapp.com/index/pt-br/transporte_p%C3%BAblico-line-0_103-Brasilia-1702-850942-335705-0,-1.0,-15.80071,-47.86201,,,,,2023-06-18T20:50:22+00:00
BRA_120898,Brasília,5300108,,Piracicabana,106.2,https://moovitapp.com/index/pt-br/transporte_p%C3%BAblico-line-106_2-Brasilia-1702-850942-242433-0,-1.0,-15.81418,-47.88809,,,,,2023-06-18T20:50:23+00:00
BRA_119377,Brasília,5300108,,Piracicabana,501.3,https://moovitapp.com/index/pt-br/transporte_p%C3%BAblico-line-501_3-Brasilia-1702-850942-242472-0,-1.0,-15.8282,-47.9174,,,,,2023-06-18T20:50:25+00:00
BRA_121045,Brasília,5300108,,Piracicabana,114.1,https://moovitapp.com/index/pt-br/transporte_p%C3%BAblico-line-114_1-Brasilia-1702-850942-781323-0,-1.0,-15.84469,-47.92112,,,,,2023-06-18T20:50:26+00:00
BRA_119806,Brasília,5300108,,Piracicabana,600.7,https://moovitapp.com/index/pt-br/transporte_p%C3%BAblico-line-600_7-Brasilia-1702-850942-698442-0,-1.0,-15.65376,-47.78344,,,,,2023-06-18T20:50:26+00:00
BRA_120278,Brasília,5300108,,Piracicabana,066.2,https://moovitapp.com/index/pt-br/transporte_p%C3%BAblico-line-066_2-Brasilia-1702-850942-339293-0,-1.0,-15.61794,-47.65354,,,,,2023-06-18T20:50:26+00:00
BRA_120405,Brasília,5300108,,Piracicabana,0.640,https://moovitapp.com/index/pt-br/transporte_p%C3%BAblico-line-0_640-Brasilia-1702-850942-242423-0,-1.0,-15.63028,-47.73285,,,,,2023-06-18T20:50:26+00:00
BRA_121029,Brasília,5300108,,Piracicabana,136.6,https://moovitapp.com/index/pt-br/transporte_p%C3%BAblico-line-136_6-Brasilia-1702-850942-773700-0,-1.0,-15.79469,-47.89074,,,,,2023-06-18T20:50:30+00:00
BRA_119580,Brasília,5300108,,Piracicabana,062.6,https://moovitapp.com/index/pt-br/transporte_p%C3%BAblico-line-062_6-Brasilia-1702-850942-339289-0,-1.0,-15.6506,-47.8244,,,,,2023-06-18T20:50:30+00:00
BRA_120430,Brasília,5300108,,Piracicabana,600.7,https://moovitapp.com/index/pt-br/transporte_p%C3%BAblico-line-600_7-Brasilia-1702-850942-698442-0,-1.0,-15.61019,-47.69771,,,,1,2023-06-18T20:50:31+00:00
BRA_120600,Brasília,5300108,,Piracicabana,136.7,https://moovitapp.com/index/pt-br/transporte_p%C3%BAblico-line-136_7-Brasilia-1702-850942-242451-0,-1.0,-15.71529,-47.8858,,,,,2023-06-18T20:50:31+00:00
BRA_120162,Brasília,5300108,,Piracicabana,501.7,https://moovitapp.com/index/pt-br/transporte_p%C3%BAblico-line-501_7-Brasilia-1702-850942-519379-0,-1.0,-15.64963,-47.78601,,,,1,2023-06-18T20:50:31+00:00
BRA_119814,Brasília,5300108,,Piracicabana,152.5,https://moovitapp.com/index/pt-br/transporte_p%C3%BAblico-line-152_5-Brasilia-1702-850942-542828-0,-1.0,-15.78734,-47.93566,,,,,2023-06-18T20:50:32+00:00
BRA_120341,Brasília,5300108,,Piracicabana,0.617,https://moovitapp.com/index/pt-br/transporte_p%C3%BAblico-line-0_617-Brasilia-1702-850942-242417-0,-1.0,-15.65736,-47.78923,,,,,2023-06-18T20:50:33+00:00
BRA_119393,Brasília,5300108,,Piracicabana,505.5,https://moovitapp.com/index/pt-br/transporte_p%C3%BAblico-line-505_5-Brasilia-1702-850942-651521-0,-1.0,-15.65173,-47.80535,,,,,2023-06-18T20:50:33+00:00
BRA_119083,Brasília,5300108,,Piracicabana,062.7,https://moovitapp.com/index/pt-br/transporte_p%C3%BAblico-line-062_7-Brasilia-1702-850942-494154-0,-1.0,-15.65693,-47.80281,,,,,2023-06-18T20:50:34+00:00
BRA_120758,Brasília,5300108,,Piracicabana,616.8,https://moovitapp.com/index/pt-br/transporte_p%C3%BAblico-line-616_8-Brasilia-1702-850942-128977718-0,-1.0,-15.64702,-47.7668,,,,,2023-06-18T20:50:34+00:00
BRA_120596,Brasília,5300108,,Piracicabana,115.1,https://moovitapp.com/index/pt-br/transporte_p%C3%BAblico-line-115_1-Brasilia-1702-850942-242436-0,-1.0,-15.79375,-47.8877,,,,,2023-06-18T20:50:34+00:00
BRA_119164,Brasília,5300108,,Piracicabana,062.7,https://moovitapp.com/index/pt-br/transporte_p%C3%BAblico-line-062_7-Brasilia-1702-850942-494154-0,-1.0,-15.62536,-47.84441,,,,,2023-06-18T20:50:35+00:00
BRA_120979,Brasília,5300108,,Piracicabana,0.600,https://moovitapp.com/index/pt-br/transporte_p%C3%BAblico-line-0_600-Brasilia-1702-850942-242410-0,-1.0,-15.75531,-47.88551,,,,,2023-06-18T20:50:36+00:00
BRA_119636,Brasília,5300108,,Piracicabana,110.2,https://moovitapp.com/index/pt-br/transporte_p%C3%BAblico-line-110_2-Brasilia-1702-850942-339295-0,-1.0,-15.7937,-47.88185,,,,,2023-06-18T20:50:37+00:00
BRA_119822,Brasília,5300108,,Piracicabana,067.3,https://moovitapp.com/index/pt-br/transporte_p%C3%BAblico-line-067_3-Brasilia-1702-850942-339294-0,-1.0,-15.67181,-47.6462,,,,,2023-06-18T20:50:39+00:00
BRA_119300,Brasília,5300108,,Piracicabana,505.3,https://moovitapp.com/index/pt-br/transporte_p%C3%BAblico-line-505_3-Brasilia-1702-850942-352626-0,-1.0,-15.65162,-47.81353,,,,,2023-06-18T20:50:40+00:00
BRA_120588,Brasília,5300108,,Piracicabana,0.620,https://moovitapp.com/index/pt-br/transporte_p%C3%BAblico-line-0_620-Brasilia-1702-850942-470748-0,-1.0,-15.64475,-47.76184,,,,,2023-06-18T20:50:40+00:00
