bus_id,city,city_code,adapted,agency,line_code,line_url,line_fare,latitude,longitude,bus_speed,is_eletric,bus_type,bus_direction,updated_at
BRA_340243,Brasília,5300108,,Urbi,0.399,https://moovitapp.com/index/pt-br/transporte_p%C3%BAblico-line-0_399-Brasilia-1702-851595-454964-0,-1.0,-15.84089,-48.12703,0.0,,,2,2023-06-18T23:24:09+00:00
BRA_338877,Brasília,5300108,,Urbi,0.809,https://moovitapp.com/index/pt-br/transporte_p%C3%BAblico-line-0_809-Brasilia-1702-851595-516630-0,-1.0,-15.7998,-47.88578,13.06,,,2,2023-06-18T23:35:07+00:00
BRA_339873,Brasília,5300108,,Urbi,0.391,https://moovitapp.com/index/pt-br/transporte_p%C3%BAblico-line-0_391-Brasilia-1702-851595-372354-0,-1.0,-15.87665,-48.02254,16.39,,,2,2023-06-18T23:41:22+00:00
BRA_340251,Brasília,5300108,,Urbi,391.3,https://moovitapp.com/index/pt-br/transporte_p%C3%BAblico-line-391_3-Brasilia-1702-851595-372373-0,-1.0,-15.73872,-47.89913,0.0,,,2,2023-06-18T23:43:01+00:00
BRA_340448,Brasília,5300108,,Urbi,0.391,https://moovitapp.com/index/pt-br/transporte_p%C3%BAblico-line-0_391-Brasilia-1702-851595-372354-0,-1.0,-15.89043,-48.14344,10.83,,,1,2023-06-18T23:43:09+00:00
BRA_340324,Brasília,5300108,,Urbi,393.4,https://moovitapp.com/index/pt-br/transporte_p%C3%BAblico-line-393_4-Brasilia-1702-851595-588816-0,-1.0,-15.80565,-48.07545,0.0,,,1,2023-06-18T23:43:15+00:00
BRA_339288,Brasília,5300108,,Urbi,0.367,https://moovitapp.com/index/pt-br/transporte_p%C3%BAblico-line-0_367-Brasilia-1702-851595-519380-0,-1.0,-15.89388,-48.13564,11.67,,,1,2023-06-18T23:43:18+00:00
BRA_336190,Brasília,5300108,,Urbi,380.2,https://moovitapp.com/index/pt-br/transporte_p%C3%BAblico-line-380_2-Brasilia-1702-851595-334086-0,-1.0,-15.83165,-48.04834,18.61,,,1,2023-06-18T23:43:19+00:00
BRA_336378,Brasília,5300108,,Urbi,0.346,https://moovitapp.com/index/pt-br/transporte_p%C3%BAblico-line-0_346-Brasilia-1702-851595-46461186-0,-1.0,-15.82592,-48.05979,5.83,,,1,2023-06-18T23:43:20+00:00
BRA_335509,Brasília,5300108,,Urbi,366.1,https://moovitapp.com/index/pt-br/transporte_p%C3%BAblico-line-366_1-Brasilia-1702-851595-425249-0,-1.0,-15.89682,-48.14719,4.44,,,2,2023-06-18T23:43:26+00:00
BRA_340600,Brasília,5300108,,Urbi,373.2,https://moovitapp.com/index/pt-br/transporte_p%C3%BAblico-line-373_2-Brasilia-1702-851595-334084-0,-1.0,-15.88832,-48.15017,6.11,,,1,2023-06-18T23:43:26+00:00
BRA_336645,Brasília,5300108,,Urbi,397.2,https://moovitapp.com/index/pt-br/transporte_p%C3%BAblico-line-397_2-Brasilia-1702-851595-890938-0,-1.0,-15.81733,-48.1041,17.5,,,2,2023-06-18T23:43:27+00:00
BRA_338842,Brasília,5300108,,Urbi,0.809,https://moovitapp.com/index/pt-br/transporte_p%C3%BAblico-line-0_809-Brasilia-1702-851595-516630-0,-1.0,-15.91385,-48.09694,10.28,,,1,2023-06-18T23:43:30+00:00
BRA_338231,Brasília,5300108,,Urbi,874.4,https://moovitapp.com/index/pt-br/transporte_p%C3%BAblico-line-874_4-Brasilia-1702-851595-775106-0,-1.0,-15.91933,-48.05709,1.94,,,2,2023-06-18T23:43:33+00:00
BRA_336459,Brasília,5300108,,Urbi,0.871,https://moovitapp.com/index/pt-br/transporte_p%C3%BAblico-line-0_871-Brasilia-1702-851595-418741-0,-1.0,-15.81205,-47.99781,14.72,,,1,2023-06-18T23:43:36+00:00
BRA_336319,Brasília,5300108,,Urbi,380.2,https://moovitapp.com/index/pt-br/transporte_p%C3%BAblico-line-380_2-Brasilia-1702-851595-334086-0,-1.0,-15.80393,-47.92373,9.44,,,2,2023-06-18T23:43:37+00:00
BRA_336726,Brasília,5300108,,Urbi,366.7,https://moovitapp.com/index/pt-br/transporte_p%C3%BAblico-line-366_7-Brasilia-1702-851595-650086-0,-1.0,-15.88055,-48.12286,10.83,,,2,2023-06-18T23:43:38+00:00
BRA_339041,Brasília,5300108,,Urbi,0.898,https://moovitapp.com/index/pt-br/transporte_p%C3%BAblico-line-0_898-Brasilia-1702-851595-322394-0,-1.0,-15.87257,-48.02978,0.0,,,1,2023-06-18T23:43:40+00:00
BRA_337871,Brasília,5300108,,Urbi,813.2,https://moovitapp.com/index/pt-br/transporte_p%C3%BAblico-line-813_2-Brasilia-1702-851595-242636-0,-1.0,-15.81832,-47.91418,17.5,,,1,2023-06-18T23:43:41+00:00
BRA_336831,Brasília,5300108,,Urbi,807.8,https://moovitapp.com/index/pt-br/transporte_p%C3%BAblico-line-807_8-Brasilia-1702-851595-322408-0,-1.0,-15.94933,-48.03355,0.0,,,2,2023-06-18T23:43:41+00:00
BRA_338419,Brasília,5300108,,Urbi,814.1,https://moovitapp.com/index/pt-br/transporte_p%C3%BAblico-line-814_1-Brasilia-1702-851595-492985-0,-1.0,-15.89111,-48.14491,11.94,,,1,2023-06-18T23:43:42+00:00
BRA_340235,Brasília,5300108,,Urbi,366.7,https://moovitapp.com/index/pt-br/transporte_p%C3%BAblico-line-366_7-Brasilia-1702-851595-650086-0,-1.0,-15.86968,-48.05682,7.5,,,1,2023-06-18T23:43:43+00:00
BRA_339326,Brasília,5300108,,Urbi,0.050,https://moovitapp.com/index/pt-br/transporte_p%C3%BAblico-line-0_050-Brasilia-1702-851595-781325-0,-1.0,-15.84284,-48.05841,14.17,,,1,2023-06-18T23:43:43+00:00
BRA_338893,Brasília,5300108,,Urbi,870.7,https://moovitapp.com/index/pt-br/transporte_p%C3%BAblico-line-870_7-Brasilia-1702-851595-531037-0,-1.0,-15.87702,-48.04927,20.0,,,1,2023-06-18T23:43:44+00:00
BRA_338826,Brasília,5300108,,Urbi,0.808,https://moovitapp.com/index/pt-br/transporte_p%C3%BAblico-line-0_808-Brasilia-1702-851595-372359-0,-1.0,-15.85278,-48.07232,11.11,,,2,2023-06-18T23:43:44+00:00
BRA_336254,Brasília,5300108,,Urbi,394.1,https://moovitapp.com/index/pt-br/transporte_p%C3%BAblico-line-394_1-Brasilia-1702-851595-334089-0,-1.0,-15.84788,-48.04258,15.56,,,1,2023-06-18T23:43:44+00:00
BRA_335312,Brasília,5300108,,Urbi,0.825,https://moovitapp.com/index/pt-br/transporte_p%C3%BAblico-line-0_825-Brasilia-1702-851595-334081-0,-1.0,-15.82461,-47.91238,18.89,,,2,2023-06-18T23:43:44+00:00
BRA_336114,Brasília,5300108,,Urbi,038.1,https://moovitapp.com/index/pt-br/transporte_p%C3%BAblico-line-038_1-Brasilia-1702-851595-781327-0,-1.0,-15.86007,-48.03643,0.0,,,1,2023-06-18T23:43:45+00:00
BRA_339270,Brasília,5300108,,Urbi,056.2,https://moovitapp.com/index/pt-br/transporte_p%C3%BAblico-line-056_2-Brasilia-1702-851595-492982-0,-1.0,-15.86721,-48.0839,3.33,,,1,2023-06-18T23:43:45+00:00
BRA_338401,Brasília,5300108,,Urbi,0.812,https://moovitapp.com/index/pt-br/transporte_p%C3%BAblico-line-0_812-Brasilia-1702-851595-697958-0,-1.0,-15.86255,-48.05905,17.78,,,1,2023-06-18T23:43:45+00:00
BRA_338982,Brasília,5300108,,Urbi,0.811,https://moovitapp.com/index/pt-br/transporte_p%C3%BAblico-line-0_811-Brasilia-1702-851595-334078-0,-1.0,-15.8727,-47.97721,14.44,,,2,2023-06-18T23:43:46+00:00
BRA_340499,Brasília,5300108,,Urbi,0.347,https://moovitapp.com/index/pt-br/transporte_p%C3%BAblico-line-0_347-Brasilia-1702-851595-347128-0,-1.0,-15.841,-48.12667,0.28,,,1,2023-06-18T23:43:46+00:00
BRA_335584,Brasília,5300108,,Urbi,0.366,https://moovitapp.com/index/pt-br/transporte_p%C3%BAblico-line-0_366-Brasilia-1702-851595-650085-0,-1.0,-15.87217,-48.06735,7.5,,,2,2023-06-18T23:43:47+00:00
BRA_337676,Brasília,5300108,,Urbi,0.898,https://moovitapp.com/index/pt-br/transporte_p%C3%BAblico-line-0_898-Brasilia-1702-851595-322394-0,-1.0,-15.85121,-48.0408,8.61,,,1,2023-06-18T23:43:47+00:00
BRA_339920,Brasília,5300108,,Urbi,0.050,https://moovitapp.com/index/pt-br/transporte_p%C3%BAblico-line-0_050-Brasilia-1702-851595-781325-0,-1.0,-15.88715,-48.14351,5.56,,,1,2023-06-18T23:43:47+00:00
BRA_338494,Brasília,5300108,,Urbi,084.1,https://moovitapp.com/index/pt-br/transporte_p%C3%BAblico-line-084_1-Brasilia-1702-851595-466292-0,-1.0,-15.76441,-47.92373,13.06,,,1,2023-06-18T23:43:47+00:00
BRA_338125,Brasília,5300108,,Urbi,0.811,https://moovitapp.com/index/pt-br/transporte_p%C3%BAblico-line-0_811-Brasilia-1702-851595-334078-0,-1.0,-15.88048,-48.05561,17.78,,,2,2023-06-18T23:43:47+00:00
BRA_338320,Brasília,5300108,,Urbi,0.809,https://moovitapp.com/index/pt-br/transporte_p%C3%BAblico-line-0_809-Brasilia-1702-851595-516630-0,-1.0,-15.91911,-48.10217,10.83,,,2,2023-06-18T23:43:47+00:00
BRA_338567,Brasília,5300108,,Urbi,872.9,https://moovitapp.com/index/pt-br/transporte_p%C3%BAblico-line-872_9-Brasilia-1702-851595-372394-0,-1.0,-15.90898,-48.05202,13.61,,,1,2023-06-18T23:43:48+00:00
BRA_339032,Brasília,5300108,,Urbi,0.806,https://moovitapp.com/index/pt-br/transporte_p%C3%BAblico-line-0_806-Brasilia-1702-851595-339299-0,-1.0,-15.88997,-48.05493,11.11,,,2,2023-06-18T23:43:48+00:00
BRA_339130,Brasília,5300108,,Urbi,086.1,https://moovitapp.com/index/pt-br/transporte_p%C3%BAblico-line-086_1-Brasilia-1702-851595-481321-0,-1.0,-15.84593,-47.97046,13.89,,,1,2023-06-18T23:43:48+00:00
BRA_336840,Brasília,5300108,,Urbi,0.881,https://moovitapp.com/index/pt-br/transporte_p%C3%BAblico-line-0_881-Brasilia-1702-851595-363857-0,-1.0,-15.81389,-48.00274,17.5,,,1,2023-06-18T23:43:48+00:00
BRA_337161,Brasília,5300108,,Urbi,871.3,https://moovitapp.com/index/pt-br/transporte_p%C3%BAblico-line-871_3-Brasilia-1702-851595-588820-0,-1.0,-15.80177,-47.89491,15.28,,,2,2023-06-18T23:43:49+00:00
BRA_336980,Brasília,5300108,,Urbi,0.808,https://moovitapp.com/index/pt-br/transporte_p%C3%BAblico-line-0_808-Brasilia-1702-851595-372359-0,-1.0,-15.79531,-48.12575,3.89,,,1,2023-06-18T23:43:49+00:00
BRA_339911,Brasília,5300108,,Urbi,373.2,https://moovitapp.com/index/pt-br/transporte_p%C3%BAblico-line-373_2-Brasilia-1702-851595-334084-0,-1.0,-15.87029,-48.09072,10.56,,,2,2023-06-18T23:43:50+00:00
BRA_336211,Brasília,5300108,,Urbi,0.821,https://moovitapp.com/index/pt-br/transporte_p%C3%BAblico-line-0_821-Brasilia-1702-851595-334080-0,-1.0,-15.87935,-48.06122,8.33,,,2,2023-06-18T23:43:50+00:00
BRA_339253,Brasília,5300108,,Urbi,367.2,https://moovitapp.com/index/pt-br/transporte_p%C3%BAblico-line-367_2-Brasilia-1702-851595-454971-0,-1.0,-15.84235,-48.0464,0.0,,,1,2023-06-18T23:43:51+00:00
BRA_338061,Brasília,5300108,,Urbi,0.172,https://moovitapp.com/index/pt-br/transporte_p%C3%BAblico-line-0_172-Brasilia-1702-851595-470756-0,-1.0,-15.87116,-47.97432,18.33,,,1,2023-06-18T23:43:51+00:00
BRA_339067,Brasília,5300108,,Urbi,813.2,https://moovitapp.com/index/pt-br/transporte_p%C3%BAblico-line-813_2-Brasilia-1702-851595-242636-0,-1.0,-15.87533,-47.98322,16.94,,,2,2023-06-18T23:43:52+00:00
BRA_335614,Brasília,5300108,,Urbi,0.054,https://moovitapp.com/index/pt-br/transporte_p%C3%BAblico-line-0_054-Brasilia-1702-851595-454960-0,-1.0,-15.8823,-48.08361,0.0,,,1,2023-06-18T23:43:52+00:00
BRA_339261,Brasília,5300108,,Urbi,0.373,https://moovitapp.com/index/pt-br/transporte_p%C3%BAblico-line-0_373-Brasilia-1702-851595-334072-0,-1.0,-15.87006,-47.9721,17.5,,,1,2023-06-18T23:43:53+00:00
BRA_339059,Brasília,5300108,,Urbi,870.1,https://moovitapp.com/index/pt-br/transporte_p%C3%BAblico-line-870_1-Brasilia-1702-851595-715272-0,-1.0,-15.94916,-48.03411,0.0,,,2,2023-06-18T23:43:53+00:00
BRA_338435,Brasília,5300108,,Urbi,0.873,https://moovitapp.com/index/pt-br/transporte_p%C3%BAblico-line-0_873-Brasilia-1702-851595-510238-0,-1.0,-15.81418,-48.09806,0.0,,,2,2023-06-18T23:43:53+00:00
BRA_338443,Brasília,5300108,,Urbi,0.172,https://moovitapp.com/index/pt-br/transporte_p%C3%BAblico-line-0_172-Brasilia-1702-851595-470756-0,-1.0,-15.88062,-48.01037,4.17,,,2,2023-06-18T23:43:53+00:00
BRA_340260,Brasília,5300108,,Urbi,0.366,https://moovitapp.com/index/pt-br/transporte_p%C3%BAblico-line-0_366-Brasilia-1702-851595-650085-0,-1.0,-15.87068,-48.10158,4.44,,,1,2023-06-18T23:43:54+00:00
BRA_336076,Brasília,5300108,,Urbi,366.1,https://moovitapp.com/index/pt-br/transporte_p%C3%BAblico-line-366_1-Brasilia-1702-851595-425249-0,-1.0,-15.87831,-48.07061,7.5,,,2,2023-06-18T23:43:54+00:00
BRA_335541,Brasília,5300108,,Urbi,0.082,https://moovitapp.com/index/pt-br/transporte_p%C3%BAblico-line-0_082-Brasilia-1702-851595-781326-0,-1.0,-15.76711,-47.93588,7.22,,,1,2023-06-18T23:43:54+00:00
BRA_336432,Brasília,5300108,,Urbi,0.882,https://moovitapp.com/index/pt-br/transporte_p%C3%BAblico-line-0_882-Brasilia-1702-851595-363858-0,-1.0,-15.92763,-48.04363,12.78,,,2,2023-06-18T23:43:55+00:00
BRA_336394,Brasília,5300108,,Urbi,0.380,https://moovitapp.com/index/pt-br/transporte_p%C3%BAblico-line-0_380-Brasilia-1702-851595-334073-0,-1.0,-15.83164,-48.04969,11.11,,,2,2023-06-18T23:43:55+00:00
BRA_338257,Brasília,5300108,,Urbi,0.087,https://moovitapp.com/index/pt-br/transporte_p%C3%BAblico-line-0_087-Brasilia-1702-851595-242519-0,-1.0,-15.89152,-48.04821,8.06,,,1,2023-06-18T23:43:55+00:00
BRA_339164,Brasília,5300108,,Urbi,806.1,https://moovitapp.com/index/pt-br/transporte_p%C3%BAblico-line-806_1-Brasilia-1702-851595-775104-0,-1.0,-15.92263,-48.05233,0.0,,,1,2023-06-18T23:43:55+00:00
BRA_338958,Brasília,5300108,,Urbi,807.1,https://moovitapp.com/index/pt-br/transporte_p%C3%BAblico-line-807_1-Brasilia-1702-851595-322407-0,-1.0,-15.90383,-48.06401,12.78,,,1,2023-06-18T23:43:55+00:00
BRA_338168,Brasília,5300108,,Urbi,0.809,https://moovitapp.com/index/pt-br/transporte_p%C3%BAblico-line-0_809-Brasilia-1702-851595-516630-0,-1.0,-15.87754,-48.01901,0.0,,,2,2023-06-18T23:43:56+00:00
BRA_336521,Brasília,5300108,,Urbi,0.871,https://moovitapp.com/index/pt-br/transporte_p%C3%BAblico-line-0_871-Brasilia-1702-851595-418741-0,-1.0,-15.89854,-48.05559,10.28,,,2,2023-06-18T23:43:56+00:00
BRA_337226,Brasília,5300108,,Urbi,870.1,https://moovitapp.com/index/pt-br/transporte_p%C3%BAblico-line-870_1-Brasilia-1702-851595-715272-0,-1.0,-15.83737,-47.92922,16.94,,,2,2023-06-18T23:43:56+00:00
BRA_337471,Brasília,5300108,,Urbi,0.087,https://moovitapp.com/index/pt-br/transporte_p%C3%BAblico-line-0_087-Brasilia-1702-851595-242519-0,-1.0,-15.79212,-47.94324,19.17,,,1,2023-06-18T23:43:56+00:00
BRA_336408,Brasília,5300108,,Urbi,0.882,https://moovitapp.com/index/pt-br/transporte_p%C3%BAblico-line-0_882-Brasilia-1702-851595-363858-0,-1.0,-15.80691,-47.92791,15.0,,,1,2023-06-18T23:43:56+00:00
BRA_336360,Brasília,5300108,,Urbi,394.1,https://moovitapp.com/index/pt-br/transporte_p%C3%BAblico-line-394_1-Brasilia-1702-851595-334089-0,-1.0,-15.87897,-48.07279,0.0,,,2,2023-06-18T23:43:56+00:00
BRA_336602,Brasília,5300108,,Urbi,0.881,https://moovitapp.com/index/pt-br/transporte_p%C3%BAblico-line-0_881-Brasilia-1702-851595-363857-0,-1.0,-15.81037,-47.94698,17.5,,,2,2023-06-18T23:43:57+00:00
BRA_337994,Brasília,5300108,,Urbi,0.810,https://moovitapp.com/index/pt-br/transporte_p%C3%BAblico-line-0_810-Brasilia-1702-851595-363856-0,-1.0,-15.92838,-48.1086,9.72,,,2,2023-06-18T23:43:57+00:00
BRA_338583,Brasília,5300108,,Urbi,807.6,https://moovitapp.com/index/pt-br/transporte_p%C3%BAblico-line-807_6-Brasilia-1702-851595-334092-0,-1.0,-15.90196,-48.05891,6.67,,,1,2023-06-18T23:43:58+00:00
BRA_338371,Brasília,5300108,,Urbi,0.087,https://moovitapp.com/index/pt-br/transporte_p%C3%BAblico-line-0_087-Brasilia-1702-851595-242519-0,-1.0,-15.88407,-48.01945,3.89,,,1,2023-06-18T23:43:58+00:00
BRA_337773,Brasília,5300108,,Urbi,870.7,https://moovitapp.com/index/pt-br/transporte_p%C3%BAblico-line-870_7-Brasilia-1702-851595-531037-0,-1.0,-15.87544,-48.02911,19.17,,,2,2023-06-18T23:43:59+00:00
BRA_336131,Brasília,5300108,,Urbi,0.882,https://moovitapp.com/index/pt-br/transporte_p%C3%BAblico-line-0_882-Brasilia-1702-851595-363858-0,-1.0,-15.9497,-48.0332,0.0,,,1,2023-06-18T23:43:59+00:00
BRA_336262,Brasília,5300108,,Urbi,0.053,https://moovitapp.com/index/pt-br/transporte_p%C3%BAblico-line-0_053-Brasilia-1702-851595-588803-0,-1.0,-15.83361,-48.06021,8.33,,,1,2023-06-18T23:43:59+00:00
BRA_336467,Brasília,5300108,,Urbi,0.813,https://moovitapp.com/index/pt-br/transporte_p%C3%BAblico-line-0_813-Brasilia-1702-851595-651523-0,-1.0,-15.73496,-47.89775,1.39,,,1,2023-06-18T23:43:59+00:00
BRA_336351,Brasília,5300108,,Urbi,0.380,https://moovitapp.com/index/pt-br/transporte_p%C3%BAblico-line-0_380-Brasilia-1702-851595-334073-0,-1.0,-15.89389,-48.13577,14.44,,,1,2023-06-18T23:43:59+00:00
BRA_335789,Brasília,5300108,,Urbi,366.1,https://moovitapp.com/index/pt-br/transporte_p%C3%BAblico-line-366_1-Brasilia-1702-851595-425249-0,-1.0,-15.89438,-48.11242,4.72,,,1,2023-06-18T23:43:59+00:00
BRA_336696,Brasília,5300108,,Urbi,0.821,https://moovitapp.com/index/pt-br/transporte_p%C3%BAblico-line-0_821-Brasilia-1702-851595-334080-0,-1.0,-15.86937,-47.97073,16.67,,,1,2023-06-18T23:43:59+00:00
BRA_336718,Brasília,5300108,,Urbi,396.2,https://moovitapp.com/index/pt-br/transporte_p%C3%BAblico-line-396_2-Brasilia-1702-851595-372377-0,-1.0,-15.82163,-47.91872,9.72,,,1,2023-06-18T23:43:59+00:00
BRA_339121,Brasília,5300108,,Urbi,806.1,https://moovitapp.com/index/pt-br/transporte_p%C3%BAblico-line-806_1-Brasilia-1702-851595-775104-0,-1.0,-15.91033,-48.05124,10.0,,,1,2023-06-18T23:43:59+00:00
BRA_339083,Brasília,5300108,,Urbi,0.810,https://moovitapp.com/index/pt-br/transporte_p%C3%BAblico-line-0_810-Brasilia-1702-851595-363856-0,-1.0,-15.79961,-47.91516,11.39,,,1,2023-06-18T23:43:59+00:00
BRA_336581,Brasília,5300108,,Urbi,0.805,https://moovitapp.com/index/pt-br/transporte_p%C3%BAblico-line-0_805-Brasilia-1702-851595-460800-0,-1.0,-15.84382,-48.04969,0.0,,,1,2023-06-18T23:44:00+00:00
BRA_339181,Brasília,5300108,,Urbi,393.7,https://moovitapp.com/index/pt-br/transporte_p%C3%BAblico-line-393_7-Brasilia-1702-851595-588818-0,-1.0,-15.88698,-48.10632,0.83,,,1,2023-06-18T23:44:01+00:00
BRA_340481,Brasília,5300108,,Urbi,366.1,https://moovitapp.com/index/pt-br/transporte_p%C3%BAblico-line-366_1-Brasilia-1702-851595-425249-0,-1.0,-15.89266,-48.13898,10.83,,,1,2023-06-18T23:44:02+00:00
BRA_335916,Brasília,5300108,,Urbi,0.056,https://moovitapp.com/index/pt-br/transporte_p%C3%BAblico-line-0_056-Brasilia-1702-851595-588804-0,-1.0,-15.81546,-48.08316,13.06,,,1,2023-06-18T23:44:02+00:00
BRA_335991,Brasília,5300108,,Urbi,396.3,https://moovitapp.com/index/pt-br/transporte_p%C3%BAblico-line-396_3-Brasilia-1702-851595-372378-0,-1.0,-15.88028,-48.05526,18.61,,,2,2023-06-18T23:44:02+00:00
BRA_337846,Brasília,5300108,,Urbi,807.9,https://moovitapp.com/index/pt-br/transporte_p%C3%BAblico-line-807_9-Brasilia-1702-851595-322409-0,-1.0,-15.91284,-48.0557,0.0,,,1,2023-06-18T23:44:03+00:00
BRA_440469,Brasília,5300108,,Marechal,355.3,https://moovitapp.com/index/pt-br/transporte_p%C3%BAblico-line-355_3-Brasilia-1702-851940-504343-0,-1.0,-15.798277,-48.06532,24.0,,,2,2023-06-18T23:43:49+00:00
BRA_442861,Brasília,5300108,,Marechal,361.1,https://moovitapp.com/index/pt-br/transporte_p%C3%BAblico-line-361_1-Brasilia-1702-851940-363861-0,-1.0,-15.836387,-48.1189,31.0,,,2,2023-06-18T23:43:54+00:00
BRA_440892,Brasília,5300108,,Marechal,157.6,https://moovitapp.com/index/pt-br/transporte_p%C3%BAblico-line-157_6-Brasilia-1702-851940-419627-0,-1.0,-15.873403,-48.038303,39.0,,,2,2023-06-18T23:43:51+00:00
BRA_440680,Brasília,5300108,,Marechal,0.357,https://moovitapp.com/index/pt-br/transporte_p%C3%BAblico-line-0_357-Brasilia-1702-851940-775109-0,-1.0,-15.867113,-48.037383,0.0,,,2,2023-06-18T23:43:49+00:00
BRA_445185,Brasília,5300108,,Marechal,337.1,https://moovitapp.com/index/pt-br/transporte_p%C3%BAblico-line-337_1-Brasilia-1702-851940-347165-0,-1.0,-15.834653,-48.06008,0.0,,,2,2023-06-18T23:43:49+00:00
BRA_440418,Brasília,5300108,,Urbi,872.9,https://moovitapp.com/index/pt-br/transporte_p%C3%BAblico-line-872_9-Brasilia-1702-851595-372394-0,-1.0,-15.834543,-48.06043,28.0,,,2,2023-06-18T23:43:49+00:00
BRA_440981,Brasília,5300108,,Marechal,959.1,https://moovitapp.com/index/pt-br/transporte_p%C3%BAblico-line-959_1-Brasilia-1702-851940-789939-0,-1.0,-15.866373,-48.033063,60.0,,,2,2023-06-18T19:51:04+00:00
BRA_440281,Brasília,5300108,,Marechal,355.3,https://moovitapp.com/index/pt-br/transporte_p%C3%BAblico-line-355_3-Brasilia-1702-851940-504343-0,-1.0,-15.79877,-48.066823,13.0,,,2,2023-06-18T23:43:49+00:00
BRA_441147,Brasília,5300108,,Marechal,0.205,https://moovitapp.com/index/pt-br/transporte_p%C3%BAblico-line-0_205-Brasilia-1702-851940-463646-0,-1.0,-15.83347,-48.056757,0.0,,,2,2023-06-18T23:43:49+00:00
BRA_440108,Brasília,5300108,,Marechal,355.3,https://moovitapp.com/index/pt-br/transporte_p%C3%BAblico-line-355_3-Brasilia-1702-851940-504343-0,-1.0,-15.86936,-48.037813,0.0,,,2,2023-06-18T22:07:02+00:00
BRA_440493,Brasília,5300108,,Urbi,038.1,https://moovitapp.com/index/pt-br/transporte_p%C3%BAblico-line-038_1-Brasilia-1702-851595-781327-0,-1.0,-15.86986,-48.03815,0.0,,,2,2023-06-18T23:43:49+00:00
BRA_445134,Brasília,5300108,,São José,0.092,https://moovitapp.com/index/pt-br/transporte_p%C3%BAblico-line-0_092-Brasilia-1702-851943-496589-0,-1.0,-15.846467,-47.974733,4.0,,,2,2023-06-18T23:43:49+00:00
BRA_442399,Brasília,5300108,,Urbi,0.054,https://moovitapp.com/index/pt-br/transporte_p%C3%BAblico-line-0_054-Brasilia-1702-851595-454960-0,-1.0,-15.838863,-48.12857,0.0,,,2,2023-06-18T23:43:49+00:00
BRA_440337,Brasília,5300108,,Marechal,154.2,https://moovitapp.com/index/pt-br/transporte_p%C3%BAblico-line-154_2-Brasilia-1702-851940-527234-0,-1.0,-15.82565,-47.980613,23.0,,,2,2023-06-18T23:43:55+00:00
BRA_440361,Brasília,5300108,,Marechal,154.2,https://moovitapp.com/index/pt-br/transporte_p%C3%BAblico-line-154_2-Brasilia-1702-851940-527234-0,-1.0,-15.8396,-47.97733,46.0,,,2,2023-06-18T23:43:49+00:00
BRA_441481,Brasília,5300108,,Urbi,056.2,https://moovitapp.com/index/pt-br/transporte_p%C3%BAblico-line-056_2-Brasilia-1702-851595-492982-0,-1.0,-15.83895,-48.122957,15.0,,,2,2023-06-18T23:43:49+00:00
BRA_445215,Brasília,5300108,,Marechal,337.1,https://moovitapp.com/index/pt-br/transporte_p%C3%BAblico-line-337_1-Brasilia-1702-851940-347165-0,-1.0,-15.840913,-48.12687,0.0,,,2,2023-06-18T23:43:53+00:00
BRA_442267,Brasília,5300108,,Marechal,0.383,https://moovitapp.com/index/pt-br/transporte_p%C3%BAblico-line-0_383-Brasilia-1702-851940-347151-0,-1.0,-15.84265,-48.10248,46.0,,,2,2023-06-18T23:43:49+00:00
BRA_440027,Brasília,5300108,,Marechal,351.3,https://moovitapp.com/index/pt-br/transporte_p%C3%BAblico-line-351_3-Brasilia-1702-851940-510249-0,-1.0,-15.853353,-48.045583,28.0,,,2,2023-06-18T23:43:51+00:00
BRA_445207,Brasília,5300108,,Marechal,0.336,https://moovitapp.com/index/pt-br/transporte_p%C3%BAblico-line-0_336-Brasilia-1702-851940-347142-0,-1.0,-15.815187,-47.937397,49.0,,,2,2023-06-18T23:43:56+00:00
BRA_444715,Brasília,5300108,,Urbi,0.898,https://moovitapp.com/index/pt-br/transporte_p%C3%BAblico-line-0_898-Brasilia-1702-851595-322394-0,-1.0,-15.845183,-48.043943,31.0,,,2,2023-06-18T23:43:49+00:00
BRA_444723,Brasília,5300108,,Marechal,363.2,https://moovitapp.com/index/pt-br/transporte_p%C3%BAblico-line-363_2-Brasilia-1702-851940-725443-0,-1.0,-15.843017,-48.102947,45.0,,,2,2023-06-18T23:43:49+00:00
BRA_445126,Brasília,5300108,,Marechal,156.9,https://moovitapp.com/index/pt-br/transporte_p%C3%BAblico-line-156_9-Brasilia-1702-851940-76983926-0,-1.0,-15.831953,-47.98729,33.0,,,2,2023-06-18T23:43:49+00:00
BRA_443123,Brasília,5300108,,Urbi,0.050,https://moovitapp.com/index/pt-br/transporte_p%C3%BAblico-line-0_050-Brasilia-1702-851595-781325-0,-1.0,-15.814227,-48.063793,40.0,,,2,2023-06-18T23:43:52+00:00
BRA_440591,Brasília,5300108,,Piracicabana,099.1,https://moovitapp.com/index/pt-br/transporte_p%C3%BAblico-line-099_1-Brasilia-1702-850942-775090-0,-1.0,-15.838267,-48.03741,35.0,,,2,2023-06-18T23:43:49+00:00
BRA_444731,Brasília,5300108,,Urbi,372.5,https://moovitapp.com/index/pt-br/transporte_p%C3%BAblico-line-372_5-Brasilia-1702-851595-519391-0,-1.0,-15.83937,-48.12933,31.0,,,2,2023-06-18T23:43:52+00:00
BRA_440752,Brasília,5300108,,Marechal,0.205,https://moovitapp.com/index/pt-br/transporte_p%C3%BAblico-line-0_205-Brasilia-1702-851940-463646-0,-1.0,-15.794963,-48.110717,0.0,,,2,2023-06-18T23:43:49+00:00
BRA_445193,Brasília,5300108,,Marechal,0.378,https://moovitapp.com/index/pt-br/transporte_p%C3%BAblico-line-0_378-Brasilia-1702-851940-347150-0,-1.0,-15.83035,-48.05394,44.0,,,2,2023-06-18T23:07:36+00:00
BRA_441007,Brasília,5300108,,Marechal,156.1,https://moovitapp.com/index/pt-br/transporte_p%C3%BAblico-line-156_1-Brasilia-1702-851940-242750-0,-1.0,-15.73728,-47.898587,0.0,,,2,2023-06-18T23:43:49+00:00
BRA_443026,Brasília,5300108,,Marechal,0.383,https://moovitapp.com/index/pt-br/transporte_p%C3%BAblico-line-0_383-Brasilia-1702-851940-347151-0,-1.0,-15.840647,-48.12675,0.0,,,2,2023-06-18T23:43:49+00:00
BRA_441333,Brasília,5300108,,Marechal,959.1,https://moovitapp.com/index/pt-br/transporte_p%C3%BAblico-line-959_1-Brasilia-1702-851940-789939-0,-1.0,-15.870187,-48.037657,0.0,,,2,2023-06-18T23:43:44+00:00
BRA_442640,Brasília,5300108,,Urbi,0.050,https://moovitapp.com/index/pt-br/transporte_p%C3%BAblico-line-0_050-Brasilia-1702-851595-781325-0,-1.0,-15.880623,-48.122977,0.0,,,2,2023-06-18T23:43:49+00:00
BRA_444316,Brasília,5300108,,Marechal,933.3,https://moovitapp.com/index/pt-br/transporte_p%C3%BAblico-line-933_3-Brasilia-1702-851940-450287-0,-1.0,-15.840293,-48.129543,20.0,,,2,2023-06-18T23:43:49+00:00
BRA_445312,Brasília,5300108,,Marechal,0.336,https://moovitapp.com/index/pt-br/transporte_p%C3%BAblico-line-0_336-Brasilia-1702-851940-347142-0,-1.0,-15.841847,-48.125677,33.0,,,2,2023-06-18T23:43:53+00:00
BRA_440558,Brasília,5300108,,Marechal,351.3,https://moovitapp.com/index/pt-br/transporte_p%C3%BAblico-line-351_3-Brasilia-1702-851940-510249-0,-1.0,-15.86962,-48.038367,0.0,,,2,2023-06-18T23:43:44+00:00
BRA_443387,Brasília,5300108,,Marechal,0.043,https://moovitapp.com/index/pt-br/transporte_p%C3%BAblico-line-0_043-Brasilia-1702-851940-781330-0,-1.0,-15.840893,-48.126653,0.0,,,2,2023-06-18T23:43:49+00:00
BRA_441791,Brasília,5300108,,Marechal,0.089,https://moovitapp.com/index/pt-br/transporte_p%C3%BAblico-line-0_089-Brasilia-1702-851940-706977-0,-1.0,-15.839843,-48.129277,0.0,,,2,2023-06-18T23:43:49+00:00
BRA_445142,Brasília,5300108,,São José,0.092,https://moovitapp.com/index/pt-br/transporte_p%C3%BAblico-line-0_092-Brasilia-1702-851943-496589-0,-1.0,-15.861223,-48.03544,60.0,,,2,2023-06-18T23:43:51+00:00
BRA_444677,Brasília,5300108,,Urbi,372.4,https://moovitapp.com/index/pt-br/transporte_p%C3%BAblico-line-372_4-Brasilia-1702-851595-650087-0,-1.0,-15.879133,-48.10632,0.0,,,2,2023-06-18T23:43:49+00:00
BRA_444685,Brasília,5300108,,São José,332.1,https://moovitapp.com/index/pt-br/transporte_p%C3%BAblico-line-332_1-Brasilia-1702-851943-2068455-0,-1.0,-15.81199,-48.093867,39.0,,,2,2023-06-18T23:43:49+00:00
BRA_440566,Brasília,5300108,,Urbi,0.872,https://moovitapp.com/index/pt-br/transporte_p%C3%BAblico-line-0_872-Brasilia-1702-851595-466291-0,-1.0,-15.869893,-48.038677,0.0,,,2,2023-06-18T23:43:49+00:00
BRA_441368,Brasília,5300108,,Marechal,154.2,https://moovitapp.com/index/pt-br/transporte_p%C3%BAblico-line-154_2-Brasilia-1702-851940-527234-0,-1.0,-15.870043,-48.037797,0.0,,,2,2023-06-18T22:47:18+00:00
BRA_445231,Brasília,5300108,,Marechal,0.378,https://moovitapp.com/index/pt-br/transporte_p%C3%BAblico-line-0_378-Brasilia-1702-851940-347150-0,-1.0,-15.84077,-48.126667,0.0,,,2,2023-06-18T23:43:44+00:00
BRA_443948,Brasília,5300108,,Marechal,0.369,https://moovitapp.com/index/pt-br/transporte_p%C3%BAblico-line-0_369-Brasilia-1702-851940-500060-0,-1.0,-15.838803,-48.128847,0.0,,,2,2023-06-18T16:26:09+00:00
BRA_442208,Brasília,5300108,,Urbi,393.6,https://moovitapp.com/index/pt-br/transporte_p%C3%BAblico-line-393_6-Brasilia-1702-851595-588817-0,-1.0,-15.902467,-48.129807,0.0,,,2,2023-06-18T23:43:49+00:00
BRA_443344,Brasília,5300108,,Urbi,0.399,https://moovitapp.com/index/pt-br/transporte_p%C3%BAblico-line-0_399-Brasilia-1702-851595-454964-0,-1.0,-15.90193,-48.12879,0.0,,,2,2023-06-18T23:43:53+00:00
BRA_440094,Brasília,5300108,,Marechal,0.205,https://moovitapp.com/index/pt-br/transporte_p%C3%BAblico-line-0_205-Brasilia-1702-851940-463646-0,-1.0,-15.869783,-48.0388,0.0,,,2,2023-06-18T23:43:44+00:00
BRA_440175,Brasília,5300108,,Marechal,0.205,https://moovitapp.com/index/pt-br/transporte_p%C3%BAblico-line-0_205-Brasilia-1702-851940-463646-0,-1.0,-15.94234,-48.040433,34.0,,,2,2023-06-18T23:43:49+00:00
BRA_441902,Brasília,5300108,,Marechal,363.1,https://moovitapp.com/index/pt-br/transporte_p%C3%BAblico-line-363_1-Brasilia-1702-851940-504344-0,-1.0,-15.832387,-48.053443,38.0,,,2,2023-06-18T23:43:49+00:00
BRA_443379,Brasília,5300108,,Marechal,0.089,https://moovitapp.com/index/pt-br/transporte_p%C3%BAblico-line-0_089-Brasilia-1702-851940-706977-0,-1.0,-15.841023,-48.12654,0.0,,,2,2023-06-18T23:43:49+00:00
BRA_441171,Brasília,5300108,,Marechal,0.205,https://moovitapp.com/index/pt-br/transporte_p%C3%BAblico-line-0_205-Brasilia-1702-851940-463646-0,-1.0,-16.019993,-48.06683,0.0,,,2,2023-06-18T23:43:49+00:00
BRA_441287,Brasília,5300108,,Marechal,0.951,https://moovitapp.com/index/pt-br/transporte_p%C3%BAblico-line-0_951-Brasilia-1702-851940-783578-0,-1.0,-15.86972,-48.038027,0.0,,,2,2023-06-18T23:43:49+00:00
BRA_444791,Brasília,5300108,,Urbi,0.347,https://moovitapp.com/index/pt-br/transporte_p%C3%BAblico-line-0_347-Brasilia-1702-851595-347128-0,-1.0,-15.875807,-47.974627,0.0,,,2,2023-06-18T23:43:52+00:00
BRA_444804,Brasília,5300108,,Marechal,304.1,https://moovitapp.com/index/pt-br/transporte_p%C3%BAblico-line-304_1-Brasilia-1702-851940-516636-0,-1.0,-15.818217,-48.015907,48.0,,,2,2023-06-18T23:08:07+00:00
BRA_444979,Brasília,5300108,,Urbi,0.898,https://moovitapp.com/index/pt-br/transporte_p%C3%BAblico-line-0_898-Brasilia-1702-851595-322394-0,-1.0,-15.943537,-48.037537,49.0,,,2,2023-06-18T23:43:49+00:00
BRA_445096,Brasília,5300108,,Marechal,0.089,https://moovitapp.com/index/pt-br/transporte_p%C3%BAblico-line-0_089-Brasilia-1702-851940-706977-0,-1.0,-15.818537,-47.9853,43.0,,,2,2023-06-18T23:43:49+00:00
BRA_444855,Brasília,5300108,,Urbi,0.367,https://moovitapp.com/index/pt-br/transporte_p%C3%BAblico-line-0_367-Brasilia-1702-851595-519380-0,-1.0,-15.842207,-48.046237,0.0,,,2,2023-06-18T23:29:43+00:00
BRA_444928,Brasília,5300108,,Marechal,933.1,https://moovitapp.com/index/pt-br/transporte_p%C3%BAblico-line-933_1-Brasilia-1702-851940-358307-0,-1.0,-15.820203,-48.110273,0.0,,,2,2023-06-18T23:43:55+00:00
BRA_445061,Brasília,5300108,,Urbi,0.056,https://moovitapp.com/index/pt-br/transporte_p%C3%BAblico-line-0_056-Brasilia-1702-851595-588804-0,-1.0,-15.865653,-48.055913,58.0,,,2,2023-06-18T23:43:49+00:00
BRA_445070,Brasília,5300108,,São José,332.1,https://moovitapp.com/index/pt-br/transporte_p%C3%BAblico-line-332_1-Brasilia-1702-851943-2068455-0,-1.0,-15.808117,-48.157217,0.0,,,2,2023-06-18T23:40:10+00:00
BRA_445037,Brasília,5300108,,Marechal,361.1,https://moovitapp.com/index/pt-br/transporte_p%C3%BAblico-line-361_1-Brasilia-1702-851940-363861-0,-1.0,-15.835867,-48.019057,0.0,,,2,2023-06-18T23:43:50+00:00
BRA_444782,Brasília,5300108,,Marechal,0.383,https://moovitapp.com/index/pt-br/transporte_p%C3%BAblico-line-0_383-Brasilia-1702-851940-347151-0,-1.0,-15.84882,-48.1149,64.0,,,2,2023-06-18T23:43:53+00:00
BRA_444812,Brasília,5300108,,Urbi,367.2,https://moovitapp.com/index/pt-br/transporte_p%C3%BAblico-line-367_2-Brasilia-1702-851595-454971-0,-1.0,-15.851587,-48.065263,43.0,,,2,2023-06-18T23:07:51+00:00
BRA_444774,Brasília,5300108,,Marechal,0.363,https://moovitapp.com/index/pt-br/transporte_p%C3%BAblico-line-0_363-Brasilia-1702-851940-504339-0,-1.0,-15.842193,-48.12518,37.0,,,2,2023-06-18T23:30:08+00:00
BRA_444880,Brasília,5300108,,Marechal,0.383,https://moovitapp.com/index/pt-br/transporte_p%C3%BAblico-line-0_383-Brasilia-1702-851940-347151-0,-1.0,-15.79553,-47.96544,60.0,,,2,2023-06-18T23:43:49+00:00
BRA_444839,Brasília,5300108,,Marechal,0.089,https://moovitapp.com/index/pt-br/transporte_p%C3%BAblico-line-0_089-Brasilia-1702-851940-706977-0,-1.0,-15.822647,-48.0808,0.0,,,2,2023-06-18T23:43:49+00:00
BRA_229768,Brasília,5300108,,Pioneira,100.2,https://moovitapp.com/index/pt-br/transporte_p%C3%BAblico-line-100_2-Brasilia-1702-851941-620160-0,-1.0,-15.767043,-47.779756,,,,1,2023-06-18T22:11:44+00:00
BRA_231321,Brasília,5300108,,Taguatur,3304,https://moovitapp.com/index/pt-br/transporte_p%C3%BAblico-line-3304-Brasilia-1702-854428-21462346-0,-1.0,-15.995881,-47.99062,,,,1,2023-06-18T23:43:38+00:00
BRA_229954,Brasília,5300108,,,3201,,,-16.036128,-48.060132,,,,1,2023-06-18T23:43:30+00:00
BRA_227650,Brasília,5300108,,Pioneira,180.1,https://moovitapp.com/index/pt-br/transporte_p%C3%BAblico-line-180_1-Brasilia-1702-851941-339336-0,-1.0,-15.815363,-47.839068,,,,2,2023-06-18T23:43:00+00:00
BRA_232025,Brasília,5300108,,Pioneira,197.3,https://moovitapp.com/index/pt-br/transporte_p%C3%BAblico-line-197_3-Brasilia-1702-851941-519409-0,-1.0,-15.794441,-47.881945,,,,2,2023-06-18T23:44:12+00:00
BRA_229563,Brasília,5300108,,Pioneira,183.2,https://moovitapp.com/index/pt-br/transporte_p%C3%BAblico-line-183_2-Brasilia-1702-851941-242920-0,-1.0,-15.870425,-47.762755,,,,1,2023-06-18T23:44:46+00:00
BRA_226963,Brasília,5300108,,,2202,,,-15.992425,-48.050341,,,,2,2023-06-18T23:43:22+00:00
BRA_229601,Brasília,5300108,,Pioneira,100.2,https://moovitapp.com/index/pt-br/transporte_p%C3%BAblico-line-100_2-Brasilia-1702-851941-620160-0,-1.0,-15.766476,-47.788555,,,,1,2023-06-18T23:43:42+00:00
BRA_232556,Brasília,5300108,,UTB,2302,https://moovitapp.com/index/pt-br/transporte_p%C3%BAblico-line-2302-Brasilia-1702-854427-744298-0,-1.0,-15.981862,-47.98856,,,,1,2023-06-18T23:43:58+00:00
BRA_226432,Brasília,5300108,,Pioneira,780.1,https://moovitapp.com/index/pt-br/transporte_p%C3%BAblico-line-780_1-Brasilia-1702-851941-531040-0,-1.0,-15.793373,-47.881335,,,,1,2023-06-18T23:44:06+00:00
BRA_232475,Brasília,5300108,,,3301,,,-16.01407,-48.010993,,,,1,2023-06-18T23:43:14+00:00
BRA_226688,Brasília,5300108,,Pioneira,0.784,https://moovitapp.com/index/pt-br/transporte_p%C3%BAblico-line-0_784-Brasilia-1702-851941-372405-0,-1.0,-15.760563,-47.781282,,,,1,2023-06-18T23:43:40+00:00
BRA_231843,Brasília,5300108,,Pioneira,197.3,https://moovitapp.com/index/pt-br/transporte_p%C3%BAblico-line-197_3-Brasilia-1702-851941-519409-0,-1.0,-15.914381,-47.760708,,,,1,2023-06-18T23:43:20+00:00
BRA_227021,Brasília,5300108,,Pioneira,0.510,https://moovitapp.com/index/pt-br/transporte_p%C3%BAblico-line-0_510-Brasilia-1702-851941-16483906-0,-1.0,-15.757154,-47.774829,,,,1,2023-06-18T23:44:00+00:00
BRA_228281,Brasília,5300108,,,3204,,,-16.013167,-48.068302,,,,1,2023-06-18T23:43:42+00:00
BRA_226441,Brasília,5300108,,Pioneira,759.1,https://moovitapp.com/index/pt-br/transporte_p%C3%BAblico-line-759_1-Brasilia-1702-851941-616183-0,-1.0,-15.769196,-47.889187,,,,2,2023-06-18T23:43:26+00:00
BRA_227897,Brasília,5300108,,,3201,,,-16.025895,-48.06567,,,,1,2023-06-18T23:43:52+00:00
BRA_228885,Brasília,5300108,,Pioneira,2308,https://moovitapp.com/index/pt-br/transporte_p%C3%BAblico-line-2308-Brasilia-1702-851941-18556636-0,-1.0,-15.785306,-47.905291,,,,2,2023-06-18T23:43:26+00:00
BRA_232084,Brasília,5300108,,Pioneira,180.1,https://moovitapp.com/index/pt-br/transporte_p%C3%BAblico-line-180_1-Brasilia-1702-851941-339336-0,-1.0,-15.796204,-47.871696,,,,1,2023-06-18T23:43:30+00:00
BRA_229652,Brasília,5300108,,Pioneira,780.1,https://moovitapp.com/index/pt-br/transporte_p%C3%BAblico-line-780_1-Brasilia-1702-851941-531040-0,-1.0,-15.835392,-47.81974,,,,2,2023-06-18T23:43:52+00:00
BRA_226831,Brasília,5300108,,Pioneira,0.510,https://moovitapp.com/index/pt-br/transporte_p%C3%BAblico-line-0_510-Brasilia-1702-851941-16483906-0,-1.0,-15.76021,-47.780773,,,,1,2023-06-15T13:15:44+00:00
BRA_227480,Brasília,5300108,,,3201,,,-15.998349,-48.058562,,,,1,2023-06-15T21:20:48+00:00
BRA_227480,Brasília,5300108,,,3206,,,-16.036516,-48.060317,,,,1,2023-06-18T23:43:38+00:00
BRA_231703,Brasília,5300108,,Pioneira,0.762,https://moovitapp.com/index/pt-br/transporte_p%C3%BAblico-line-0_762-Brasilia-1702-851941-576189-0,-1.0,-15.73617,-47.765228,,,,1,2023-06-18T23:42:58+00:00
BRA_230138,Brasília,5300108,,Pioneira,0.255,https://moovitapp.com/index/pt-br/transporte_p%C3%BAblico-line-0_255-Brasilia-1702-851941-706978-0,-1.0,-15.840548,-48.049788,,,,2,2023-06-18T23:44:00+00:00
BRA_232394,Brasília,5300108,,Pioneira,073.1,https://moovitapp.com/index/pt-br/transporte_p%C3%BAblico-line-073_1-Brasilia-1702-851941-775123-0,-1.0,-16.002209,-47.985915,,,,1,2023-06-18T23:44:44+00:00
BRA_229512,Brasília,5300108,,,3204,,,-16.008666,-48.053628,,,,1,2023-06-18T23:43:32+00:00
BRA_231649,Brasília,5300108,,Pioneira,764.2,https://moovitapp.com/index/pt-br/transporte_p%C3%BAblico-line-764_2-Brasilia-1702-851941-527246-0,-1.0,-15.779096,-47.779775,,,,1,2023-06-18T23:43:12+00:00
BRA_229440,Brasília,5300108,,UTB,2302,https://moovitapp.com/index/pt-br/transporte_p%C3%BAblico-line-2302-Brasilia-1702-854427-744298-0,-1.0,-15.854897,-47.933297,,,,2,2023-06-18T23:43:40+00:00
BRA_227498,Brasília,5300108,,Pioneira,180.1,https://moovitapp.com/index/pt-br/transporte_p%C3%BAblico-line-180_1-Brasilia-1702-851941-339336-0,-1.0,-15.799656,-47.867856,,,,2,2023-06-18T23:43:40+00:00
BRA_226637,Brasília,5300108,,Pioneira,0.765,https://moovitapp.com/index/pt-br/transporte_p%C3%BAblico-line-0_765-Brasilia-1702-851941-576190-0,-1.0,-15.843813,-47.871398,,,,2,2023-06-18T23:44:10+00:00
BRA_227447,Brasília,5300108,,,2202,,,-15.807931,-47.889975,,,,1,2023-06-18T23:43:54+00:00
BRA_229971,Brasília,5300108,,,3204,,,-15.997082,-48.05717,,,,1,2023-06-18T23:43:34+00:00
BRA_232491,Brasília,5300108,,Taguatur,3302,https://moovitapp.com/index/pt-br/transporte_p%C3%BAblico-line-3302-Brasilia-1702-854428-3135322-0,-1.0,-16.042089,-48.025724,,,,1,2023-06-18T23:13:46+00:00
BRA_232068,Brasília,5300108,,Pioneira,180.2,https://moovitapp.com/index/pt-br/transporte_p%C3%BAblico-line-180_2-Brasilia-1702-851941-514539-0,-1.0,-15.913604,-47.757058,,,,1,2023-06-18T22:00:44+00:00
BRA_232009,Brasília,5300108,,Pioneira,180.1,https://moovitapp.com/index/pt-br/transporte_p%C3%BAblico-line-180_1-Brasilia-1702-851941-339336-0,-1.0,-15.904565,-47.754751,,,,1,2023-06-18T23:43:40+00:00
BRA_229091,Brasília,5300108,,Pioneira,784.3,https://moovitapp.com/index/pt-br/transporte_p%C3%BAblico-line-784_3-Brasilia-1702-851941-46904557-0,-1.0,-15.760967,-47.780691,,,,1,2023-06-18T23:43:44+00:00
BRA_227404,Brasília,5300108,,Pioneira,147.5,https://moovitapp.com/index/pt-br/transporte_p%C3%BAblico-line-147_5-Brasilia-1702-851941-519406-0,-1.0,-15.912808,-47.752138,,,,2,2023-06-18T23:43:16+00:00
BRA_228923,Brasília,5300108,,Pioneira,3312,https://moovitapp.com/index/pt-br/transporte_p%C3%BAblico-line-3312-Brasilia-1702-851941-616181-0,-1.0,-16.041628,-48.025603,,,,2,2023-06-18T22:18:38+00:00
BRA_228168,Brasília,5300108,,Pioneira,2308,https://moovitapp.com/index/pt-br/transporte_p%C3%BAblico-line-2308-Brasilia-1702-851941-18556636-0,-1.0,-15.831901,-47.95136,,,,1,2023-06-18T23:43:32+00:00
BRA_227030,Brasília,5300108,,Pioneira,759.1,https://moovitapp.com/index/pt-br/transporte_p%C3%BAblico-line-759_1-Brasilia-1702-851941-616183-0,-1.0,-15.775646,-47.887922,,,,2,2023-06-18T23:43:36+00:00
BRA_227790,Brasília,5300108,,,3202,,,-16.018139,-48.050513,,,,1,2023-06-18T23:43:24+00:00
BRA_226521,Brasília,5300108,,Pioneira,764.2,https://moovitapp.com/index/pt-br/transporte_p%C3%BAblico-line-764_2-Brasilia-1702-851941-527246-0,-1.0,-15.767768,-47.779692,,,,2,2023-06-18T23:43:38+00:00
BRA_232301,Brasília,5300108,,Pioneira,3308,https://moovitapp.com/index/pt-br/transporte_p%C3%BAblico-line-3308-Brasilia-1702-851941-577772-0,-1.0,-16.015974,-48.017338,,,,1,2023-06-18T23:43:42+00:00
BRA_228109,Brasília,5300108,,,3207,,,-15.991707,-48.049165,,,,1,2023-06-18T23:44:16+00:00
BRA_229245,Brasília,5300108,,Pioneira,100.2,https://moovitapp.com/index/pt-br/transporte_p%C3%BAblico-line-100_2-Brasilia-1702-851941-620160-0,-1.0,-15.79361,-47.881697,,,,1,2023-06-18T23:44:04+00:00
BRA_229865,Brasília,5300108,,Pioneira,147.2,https://moovitapp.com/index/pt-br/transporte_p%C3%BAblico-line-147_2-Brasilia-1702-851941-519403-0,-1.0,-15.912569,-47.756842,,,,2,2023-06-18T23:43:50+00:00
BRA_226742,Brasília,5300108,,Pioneira,764.2,https://moovitapp.com/index/pt-br/transporte_p%C3%BAblico-line-764_2-Brasilia-1702-851941-527246-0,-1.0,-15.752238,-47.763817,,,,1,2023-06-18T23:43:42+00:00
BRA_227315,Brasília,5300108,,Taguatur,3305,https://moovitapp.com/index/pt-br/transporte_p%C3%BAblico-line-3305-Brasilia-1702-854428-77810673-0,-1.0,-16.027145,-47.981236,,,,1,2023-06-18T23:42:58+00:00
BRA_231851,Brasília,5300108,,Pioneira,180.2,https://moovitapp.com/index/pt-br/transporte_p%C3%BAblico-line-180_2-Brasilia-1702-851941-514539-0,-1.0,-15.896406,-47.796693,,,,1,2023-06-18T23:43:48+00:00
BRA_227757,Brasília,5300108,,Pioneira,124.6,https://moovitapp.com/index/pt-br/transporte_p%C3%BAblico-line-124_6-Brasilia-1702-851941-425282-0,-1.0,-15.809439,-47.948537,,,,1,2023-06-18T23:43:26+00:00
BRA_230197,Brasília,5300108,,Pioneira,0.253,https://moovitapp.com/index/pt-br/transporte_p%C3%BAblico-line-0_253-Brasilia-1702-851941-510254-0,-1.0,-16.036771,-48.034243,,,,2,2023-06-18T23:43:34+00:00
BRA_231878,Brasília,5300108,,Pioneira,180.1,https://moovitapp.com/index/pt-br/transporte_p%C3%BAblico-line-180_1-Brasilia-1702-851941-339336-0,-1.0,-15.904702,-47.773621,,,,2,2023-06-18T23:44:26+00:00
BRA_227226,Brasília,5300108,,Pioneira,170.4,https://moovitapp.com/index/pt-br/transporte_p%C3%BAblico-line-170_4-Brasilia-1702-851941-379787-0,-1.0,-15.913459,-47.756016,,,,1,2023-06-18T23:43:06+00:00
BRA_231622,Brasília,5300108,,Pioneira,0.102,https://moovitapp.com/index/pt-br/transporte_p%C3%BAblico-line-0_102-Brasilia-1702-851941-775119-0,-1.0,-15.87049,-47.926723,,,,1,2023-06-18T23:43:52+00:00
BRA_229709,Brasília,5300108,,Pioneira,181.2,https://moovitapp.com/index/pt-br/transporte_p%C3%BAblico-line-181_2-Brasilia-1702-851941-339338-0,-1.0,-15.888791,-47.78029,,,,1,2023-06-18T23:43:56+00:00
BRA_232211,Brasília,5300108,,,3202,,,-16.031433,-48.057017,,,,1,2023-06-18T23:44:08+00:00
BRA_223930,Brasília,5300108,,Pioneira,2306,https://moovitapp.com/index/pt-br/transporte_p%C3%BAblico-line-2306-Brasilia-1702-851941-18556641-0,-1.0,-16.022764,-48.031319,,,,1,2023-06-18T15:55:50+00:00
BRA_226831,Brasília,5300108,,Urbi,0.129,https://moovitapp.com/index/pt-br/transporte_p%C3%BAblico-line-0_129-Brasilia-1702-851595-775097-0,-1.0,-15.871798,-47.958017,,,,1,2023-06-15T19:41:04+00:00
BRA_229008,Brasília,5300108,,Pioneira,251.8,https://moovitapp.com/index/pt-br/transporte_p%C3%BAblico-line-251_8-Brasilia-1702-851941-708654-0,-1.0,-16.023349,-48.053813,,,,1,2023-06-17T01:28:22+00:00
BRA_231371,Brasília,5300108,,Pioneira,073.4,https://moovitapp.com/index/pt-br/transporte_p%C3%BAblico-line-073_4-Brasilia-1702-851941-77944646-0,-1.0,-15.879946,-47.959161,,,,1,2023-06-18T23:44:02+00:00
BRA_232637,Brasília,5300108,,,2202,,,-15.820553,-47.906919,,,,2,2023-06-18T23:44:00+00:00
BRA_232092,Brasília,5300108,,Pioneira,181.2,https://moovitapp.com/index/pt-br/transporte_p%C3%BAblico-line-181_2-Brasilia-1702-851941-339338-0,-1.0,-15.830282,-47.877031,,,,1,2023-06-16T22:12:22+00:00
BRA_229067,Brasília,5300108,,Taguatur,3302,https://moovitapp.com/index/pt-br/transporte_p%C3%BAblico-line-3302-Brasilia-1702-854428-3135322-0,-1.0,-16.042159,-48.025654,,,,1,2023-06-18T23:43:58+00:00
BRA_228486,Brasília,5300108,,UTB,2302,https://moovitapp.com/index/pt-br/transporte_p%C3%BAblico-line-2302-Brasilia-1702-854427-744298-0,-1.0,-15.794315,-47.881888,,,,1,2023-06-18T23:45:02+00:00
BRA_229750,Brasília,5300108,,Pioneira,764.2,https://moovitapp.com/index/pt-br/transporte_p%C3%BAblico-line-764_2-Brasilia-1702-851941-527246-0,-1.0,-15.794307,-47.882028,,,,1,2023-06-18T23:43:54+00:00
BRA_226530,Brasília,5300108,,Pioneira,764.2,https://moovitapp.com/index/pt-br/transporte_p%C3%BAblico-line-764_2-Brasilia-1702-851941-527246-0,-1.0,-15.800686,-47.864627,,,,2,2023-06-18T23:43:50+00:00
BRA_231908,Brasília,5300108,,Pioneira,0.147,https://moovitapp.com/index/pt-br/transporte_p%C3%BAblico-line-0_147-Brasilia-1702-851941-519401-0,-1.0,-15.895357,-47.785599,,,,1,2023-06-18T23:43:30+00:00
BRA_227994,Brasília,5300108,,Pioneira,147.5,https://moovitapp.com/index/pt-br/transporte_p%C3%BAblico-line-147_5-Brasilia-1702-851941-519406-0,-1.0,-15.734946,-47.899607,,,,2,2023-06-18T23:43:06+00:00
BRA_231720,Brasília,5300108,,Pioneira,0.102,https://moovitapp.com/index/pt-br/transporte_p%C3%BAblico-line-0_102-Brasilia-1702-851941-775119-0,-1.0,-15.810335,-47.902418,,,,1,2023-06-18T23:44:04+00:00
BRA_227048,Brasília,5300108,,,2202,,,-15.953986,-48.00721,,,,2,2023-06-18T23:43:50+00:00
BRA_226700,Brasília,5300108,,Pioneira,163.1,https://moovitapp.com/index/pt-br/transporte_p%C3%BAblico-line-163_1-Brasilia-1702-851941-242911-0,-1.0,-15.8448,-47.94106,,,,2,2023-06-16T00:12:20+00:00
BRA_232157,Brasília,5300108,,Pioneira,205.1,https://moovitapp.com/index/pt-br/transporte_p%C3%BAblico-line-205_1-Brasilia-1702-851941-393571-0,-1.0,-15.806278,-48.07843,,,,1,2023-06-18T23:37:22+00:00
BRA_229504,Brasília,5300108,,Pioneira,0.780,https://moovitapp.com/index/pt-br/transporte_p%C3%BAblico-line-0_780-Brasilia-1702-851941-514537-0,-1.0,-15.752327,-47.763899,,,,1,2023-06-15T20:32:26+00:00
BRA_228354,Brasília,5300108,,Pioneira,0.253,https://moovitapp.com/index/pt-br/transporte_p%C3%BAblico-line-0_253-Brasilia-1702-851941-510254-0,-1.0,-16.044734,-48.029316,,,,1,2023-06-16T21:49:36+00:00
BRA_226769,Brasília,5300108,,Pioneira,764.2,https://moovitapp.com/index/pt-br/transporte_p%C3%BAblico-line-764_2-Brasilia-1702-851941-527246-0,-1.0,-15.76688,-47.779794,,,,2,2023-06-18T23:44:04+00:00
BRA_228184,Brasília,5300108,,Pioneira,205.1,https://moovitapp.com/index/pt-br/transporte_p%C3%BAblico-line-205_1-Brasilia-1702-851941-393571-0,-1.0,-15.86407,-48.033919,,,,1,2023-06-18T23:43:44+00:00
BRA_227706,Brasília,5300108,,Pioneira,197.3,https://moovitapp.com/index/pt-br/transporte_p%C3%BAblico-line-197_3-Brasilia-1702-851941-519409-0,-1.0,-15.890969,-47.78207,,,,2,2023-06-18T23:44:00+00:00
BRA_226726,Brasília,5300108,,,2202,,,-15.902829,-47.963236,,,,1,2023-06-18T23:43:40+00:00
BRA_232408,Brasília,5300108,,Pioneira,251.8,https://moovitapp.com/index/pt-br/transporte_p%C3%BAblico-line-251_8-Brasilia-1702-851941-708654-0,-1.0,-16.049171,-48.032349,,,,1,2023-06-18T23:43:38+00:00
BRA_232238,Brasília,5300108,,Pioneira,205.1,https://moovitapp.com/index/pt-br/transporte_p%C3%BAblico-line-205_1-Brasilia-1702-851941-393571-0,-1.0,-15.940863,-48.04125,,,,2,2023-06-18T23:43:40+00:00
BRA_231819,Brasília,5300108,,Pioneira,197.3,https://moovitapp.com/index/pt-br/transporte_p%C3%BAblico-line-197_3-Brasilia-1702-851941-519409-0,-1.0,-15.824318,-47.829239,,,,2,2023-06-18T23:43:34+00:00
BRA_232289,Brasília,5300108,,Pioneira,205.1,https://moovitapp.com/index/pt-br/transporte_p%C3%BAblico-line-205_1-Brasilia-1702-851941-393571-0,-1.0,-15.861278,-48.035807,,,,2,2023-06-18T23:44:04+00:00
BRA_226661,Brasília,5300108,,Pioneira,759.1,https://moovitapp.com/index/pt-br/transporte_p%C3%BAblico-line-759_1-Brasilia-1702-851941-616183-0,-1.0,-15.75071,-47.895284,,,,1,2023-06-18T23:44:08+00:00
BRA_232106,Brasília,5300108,,Pioneira,0.181,https://moovitapp.com/index/pt-br/transporte_p%C3%BAblico-line-0_181-Brasilia-1702-851941-242838-0,-1.0,-15.748165,-47.768534,,,,1,2023-06-18T23:43:34+00:00
BRA_232505,Brasília,5300108,,Pioneira,3307,https://moovitapp.com/index/pt-br/transporte_p%C3%BAblico-line-3307-Brasilia-1702-851941-519400-0,-1.0,-16.028931,-47.987841,,,,1,2023-06-18T23:43:40+00:00
BRA_228982,Brasília,5300108,,Pioneira,251.7,https://moovitapp.com/index/pt-br/transporte_p%C3%BAblico-line-251_7-Brasilia-1702-851941-651524-0,-1.0,-16.045547,-48.03404,,,,1,2023-06-18T23:43:08+00:00
BRA_226912,Brasília,5300108,,Pioneira,0.759,https://moovitapp.com/index/pt-br/transporte_p%C3%BAblico-line-0_759-Brasilia-1702-851941-775121-0,-1.0,-15.764249,-47.890687,,,,2,2023-06-16T20:31:02+00:00
BRA_231592,Brasília,5300108,,Pioneira,780.1,https://moovitapp.com/index/pt-br/transporte_p%C3%BAblico-line-780_1-Brasilia-1702-851941-531040-0,-1.0,-15.759738,-47.780805,,,,2,2023-06-18T23:43:16+00:00
BRA_232378,Brasília,5300108,,Taguatur,3303,https://moovitapp.com/index/pt-br/transporte_p%C3%BAblico-line-3303-Brasilia-1702-854428-2224148-0,-1.0,-16.009937,-47.98594,,,,1,2023-06-18T23:43:50+00:00
BRA_230146,Brasília,5300108,,Taguatur,3302,https://moovitapp.com/index/pt-br/transporte_p%C3%BAblico-line-3302-Brasilia-1702-854428-3135322-0,-1.0,-16.010328,-48.008386,,,,1,2023-06-18T23:43:50+00:00
BRA_228761,Brasília,5300108,,Pioneira,3312,https://moovitapp.com/index/pt-br/transporte_p%C3%BAblico-line-3312-Brasilia-1702-851941-616181-0,-1.0,-16.004263,-47.988789,,,,1,2023-06-18T22:38:24+00:00
BRA_229521,Brasília,5300108,,UTB,2303,https://moovitapp.com/index/pt-br/transporte_p%C3%BAblico-line-2303-Brasilia-1702-854427-744299-0,-1.0,-15.817278,-47.91308,,,,2,2023-06-18T23:41:06+00:00
BRA_232599,Brasília,5300108,,UTB,2302,https://moovitapp.com/index/pt-br/transporte_p%C3%BAblico-line-2302-Brasilia-1702-854427-744298-0,-1.0,-15.978041,-47.989761,,,,2,2023-06-18T23:44:18+00:00
BRA_226505,Brasília,5300108,,Pioneira,759.1,https://moovitapp.com/index/pt-br/transporte_p%C3%BAblico-line-759_1-Brasilia-1702-851941-616183-0,-1.0,-15.760619,-47.78146,,,,2,2023-06-18T23:43:12+00:00
BRA_229890,Brasília,5300108,,Pioneira,181.2,https://moovitapp.com/index/pt-br/transporte_p%C3%BAblico-line-181_2-Brasilia-1702-851941-339338-0,-1.0,-15.837359,-47.882867,,,,1,2023-06-18T23:43:22+00:00
BRA_228257,Brasília,5300108,,Pioneira,205.1,https://moovitapp.com/index/pt-br/transporte_p%C3%BAblico-line-205_1-Brasilia-1702-851941-393571-0,-1.0,-16.038465,-48.057214,,,,2,2023-06-18T23:44:02+00:00
BRA_227803,Brasília,5300108,,Pioneira,0.181,https://moovitapp.com/index/pt-br/transporte_p%C3%BAblico-line-0_181-Brasilia-1702-851941-242838-0,-1.0,-15.9126,-47.756753,,,,2,2023-06-18T23:43:38+00:00
BRA_227986,Brasília,5300108,,Pioneira,170.4,https://moovitapp.com/index/pt-br/transporte_p%C3%BAblico-line-170_4-Brasilia-1702-851941-379787-0,-1.0,-15.913571,-47.757732,,,,1,2023-06-18T23:13:08+00:00
BRA_230081,Brasília,5300108,,Pioneira,0.253,https://moovitapp.com/index/pt-br/transporte_p%C3%BAblico-line-0_253-Brasilia-1702-851941-510254-0,-1.0,-15.912077,-48.050926,,,,2,2023-06-18T23:43:54+00:00
BRA_227919,Brasília,5300108,,,3206,,,-16.003538,-48.077604,,,,1,2023-06-18T23:43:24+00:00
BRA_228214,Brasília,5300108,,,3207,,,-16.016839,-48.066109,,,,1,2023-06-18T23:43:18+00:00
BRA_77534,Brasília,5300108,,Urbi,0.808,https://moovitapp.com/index/pt-br/transporte_p%C3%BAblico-line-0_808-Brasilia-1702-851595-372359-0,-1.0,-15.818006,-48.105483,,,,2,2023-06-18T11:53:50+00:00
BRA_77445,Brasília,5300108,,Urbi,0.873,https://moovitapp.com/index/pt-br/transporte_p%C3%BAblico-line-0_873-Brasilia-1702-851595-510238-0,-1.0,-15.911466,-48.05778,,,,2,2023-06-18T23:43:58+00:00
BRA_710393,Brasília,5300108,,São José,0.310,https://moovitapp.com/index/pt-br/transporte_p%C3%BAblico-line-0_310-Brasilia-1702-851943-775131-0,-1.0,-15.823881,-48.024961,,,,1,2023-06-18T23:43:36+00:00
BRA_78514,Brasília,5300108,,São José,0.331,https://moovitapp.com/index/pt-br/transporte_p%C3%BAblico-line-0_331-Brasilia-1702-851943-775133-0,-1.0,-15.790936,-48.041192,,,,1,2023-06-18T23:43:50+00:00
BRA_78093,Brasília,5300108,,São José,0.331,https://moovitapp.com/index/pt-br/transporte_p%C3%BAblico-line-0_331-Brasilia-1702-851943-775133-0,-1.0,-15.803383,-48.069351,,,,2,2023-06-16T18:00:52+00:00
BRA_710474,Brasília,5300108,,São José,0.334,https://moovitapp.com/index/pt-br/transporte_p%C3%BAblico-line-0_334-Brasilia-1702-851943-706993-0,-1.0,-15.834767,-48.060183,,,,2,2023-06-18T23:43:32+00:00
BRA_77518,Brasília,5300108,,Urbi,0.805,https://moovitapp.com/index/pt-br/transporte_p%C3%BAblico-line-0_805-Brasilia-1702-851595-460800-0,-1.0,-15.858637,-48.040671,,,,1,2023-06-18T23:43:38+00:00
BRA_77798,Brasília,5300108,,São José,364.2,https://moovitapp.com/index/pt-br/transporte_p%C3%BAblico-line-364_2-Brasilia-1702-851943-707050-0,-1.0,-15.820411,-48.109933,,,,1,2023-06-18T23:44:00+00:00
BRA_711225,Brasília,5300108,,São José,0.159,https://moovitapp.com/index/pt-br/transporte_p%C3%BAblico-line-0_159-Brasilia-1702-851943-375523-0,-1.0,-15.827924,-48.145219,,,,1,2023-06-18T23:43:36+00:00
BRA_711250,Brasília,5300108,,São José,0.159,https://moovitapp.com/index/pt-br/transporte_p%C3%BAblico-line-0_159-Brasilia-1702-851943-375523-0,-1.0,-15.814931,-48.099519,,,,2,2023-06-18T16:54:46+00:00
BRA_710407,Brasília,5300108,,São José,0.404,https://moovitapp.com/index/pt-br/transporte_p%C3%BAblico-line-0_404-Brasilia-1702-851943-783025-0,-1.0,-15.68079,-48.189463,,,,1,2023-06-18T22:35:58+00:00
BRA_500054,Brasília,5300108,,São José,0.406,https://moovitapp.com/index/pt-br/transporte_p%C3%BAblico-line-0_406-Brasilia-1702-851943-717430-0,-1.0,-15.672132,-48.199223,,,,2,2023-06-18T20:05:02+00:00
BRA_500135,Brasília,5300108,,São José,0.402,https://moovitapp.com/index/pt-br/transporte_p%C3%BAblico-line-0_402-Brasilia-1702-851943-781335-0,-1.0,-15.680515,-48.194429,,,,1,2023-06-18T23:34:00+00:00
BRA_76988,Brasília,5300108,,Urbi,086.1,https://moovitapp.com/index/pt-br/transporte_p%C3%BAblico-line-086_1-Brasilia-1702-851595-481321-0,-1.0,-15.885622,-48.022806,,,,1,2023-06-18T19:03:30+00:00
BRA_77852,Brasília,5300108,,São José,0.049,https://moovitapp.com/index/pt-br/transporte_p%C3%BAblico-line-0_049-Brasilia-1702-851943-775130-0,-1.0,-15.787718,-48.134214,,,,1,2023-06-18T23:43:40+00:00
BRA_77071,Brasília,5300108,,Urbi,0.886,https://moovitapp.com/index/pt-br/transporte_p%C3%BAblico-line-0_886-Brasilia-1702-851595-704024-0,-1.0,-15.814338,-48.063686,,,,2,2023-06-18T23:43:22+00:00
BRA_120529,Brasília,5300108,,Piracicabana,0.116,https://moovitapp.com/index/pt-br/transporte_p%C3%BAblico-line-0_116-Brasilia-1702-850942-242381-0,-1.0,-15.61264,-47.64064,,,,1,2023-06-16T03:20:09+00:00
BRA_119652,Brasília,5300108,,Piracicabana,505.3,https://moovitapp.com/index/pt-br/transporte_p%C3%BAblico-line-505_3-Brasilia-1702-850942-352626-0,-1.0,-15.83578,-47.93201,,,,1,2023-06-16T15:45:21+00:00
BRA_120651,Brasília,5300108,,Piracicabana,501.7,https://moovitapp.com/index/pt-br/transporte_p%C3%BAblico-line-501_7-Brasilia-1702-850942-519379-0,-1.0,-15.77941,-47.78074,,,,1,2023-06-18T19:07:52+00:00
BRA_119661,Brasília,5300108,,Piracicabana,505.5,https://moovitapp.com/index/pt-br/transporte_p%C3%BAblico-line-505_5-Brasilia-1702-850942-651521-0,-1.0,-15.6652,-47.75227,,,,1,2023-06-18T19:08:00+00:00
BRA_119784,Brasília,5300108,,Piracicabana,0.600,https://moovitapp.com/index/pt-br/transporte_p%C3%BAblico-line-0_600-Brasilia-1702-850942-242410-0,-1.0,-15.61836,-47.6547,,,,1,2023-06-18T19:08:01+00:00
BRA_118443,Brasília,5300108,,Piracicabana,136.6,https://moovitapp.com/index/pt-br/transporte_p%C3%BAblico-line-136_6-Brasilia-1702-850942-773700-0,-1.0,-15.77416,-47.90788,,,,1,2023-06-18T19:09:02+00:00
BRA_120880,Brasília,5300108,,Piracicabana,0.143,https://moovitapp.com/index/pt-br/transporte_p%C3%BAblico-line-0_143-Brasilia-1702-850942-470747-0,-1.0,-15.83585,-47.93306,,,,1,2023-06-18T19:14:08+00:00
BRA_120626,Brasília,5300108,,Piracicabana,152.5,https://moovitapp.com/index/pt-br/transporte_p%C3%BAblico-line-152_5-Brasilia-1702-850942-542828-0,-1.0,-15.79348,-47.88268,,,,1,2023-06-18T19:14:46+00:00
BRA_118575,Brasília,5300108,,Piracicabana,152.1,https://moovitapp.com/index/pt-br/transporte_p%C3%BAblico-line-152_1-Brasilia-1702-850942-542827-0,-1.0,-15.77472,-47.90683,,,,1,2023-06-18T19:16:10+00:00
BRA_118681,Brasília,5300108,,Piracicabana,128.1,https://moovitapp.com/index/pt-br/transporte_p%C3%BAblico-line-128_1-Brasilia-1702-850942-53234107-0,-1.0,-15.77337,-47.90593,,,,1,2023-06-18T19:16:56+00:00
BRA_119474,Brasília,5300108,,Piracicabana,0.509,https://moovitapp.com/index/pt-br/transporte_p%C3%BAblico-line-0_509-Brasilia-1702-850942-242397-0,-1.0,-15.83595,-47.93251,,,,1,2023-06-18T19:18:50+00:00
BRA_120766,Brasília,5300108,,Piracicabana,158.1,https://moovitapp.com/index/pt-br/transporte_p%C3%BAblico-line-158_1-Brasilia-1702-850942-775094-0,-1.0,-15.77451,-47.9075,,,,1,2023-06-18T19:19:18+00:00
BRA_120863,Brasília,5300108,,Piracicabana,0.150,https://moovitapp.com/index/pt-br/transporte_p%C3%BAblico-line-0_150-Brasilia-1702-850942-775086-0,-1.0,-15.75986,-47.92334,,,,,2023-06-18T19:19:35+00:00
BRA_119440,Brasília,5300108,,Piracicabana,062.6,https://moovitapp.com/index/pt-br/transporte_p%C3%BAblico-line-062_6-Brasilia-1702-850942-339289-0,-1.0,-15.64993,-47.7738,,,,,2023-06-18T19:19:40+00:00
BRA_120871,Brasília,5300108,,Piracicabana,158.1,https://moovitapp.com/index/pt-br/transporte_p%C3%BAblico-line-158_1-Brasilia-1702-850942-775094-0,-1.0,-15.80297,-47.89568,,,,,2023-06-18T19:19:42+00:00
BRA_120731,Brasília,5300108,,Piracicabana,0.620,https://moovitapp.com/index/pt-br/transporte_p%C3%BAblico-line-0_620-Brasilia-1702-850942-470748-0,-1.0,-15.75704,-47.87893,,,,,2023-06-18T19:19:42+00:00
BRA_120227,Brasília,5300108,,Piracicabana,616.8,https://moovitapp.com/index/pt-br/transporte_p%C3%BAblico-line-616_8-Brasilia-1702-850942-128977718-0,-1.0,-15.60933,-47.69541,,,,,2023-06-18T19:19:43+00:00
BRA_120359,Brasília,5300108,,Piracicabana,099.1,https://moovitapp.com/index/pt-br/transporte_p%C3%BAblico-line-099_1-Brasilia-1702-850942-775090-0,-1.0,-15.78791,-47.94168,,,,1,2023-06-18T19:19:45+00:00
BRA_118290,Brasília,5300108,,Piracicabana,110.2,https://moovitapp.com/index/pt-br/transporte_p%C3%BAblico-line-110_2-Brasilia-1702-850942-339295-0,-1.0,-15.7457,-47.88239,,,,,2023-06-18T19:19:47+00:00
BRA_118532,Brasília,5300108,,Piracicabana,104.1,https://moovitapp.com/index/pt-br/transporte_p%C3%BAblico-line-104_1-Brasilia-1702-850942-242430-0,-1.0,-15.7734,-47.90723,,,,1,2023-06-18T19:19:48+00:00
BRA_120464,Brasília,5300108,,Piracicabana,136.5,https://moovitapp.com/index/pt-br/transporte_p%C3%BAblico-line-136_5-Brasilia-1702-850942-516628-0,-1.0,-15.85185,-48.04047,,,,,2023-06-18T19:19:52+00:00
BRA_120715,Brasília,5300108,,Piracicabana,0.620,https://moovitapp.com/index/pt-br/transporte_p%C3%BAblico-line-0_620-Brasilia-1702-850942-470748-0,-1.0,-15.6188,-47.6542,,,,1,2023-06-18T19:19:53+00:00
BRA_121088,Brasília,5300108,,Piracicabana,0.504,https://moovitapp.com/index/pt-br/transporte_p%C3%BAblico-line-0_504-Brasilia-1702-850942-781321-0,-1.0,-15.61887,-47.65431,,,,1,2023-06-18T19:19:54+00:00
BRA_119997,Brasília,5300108,,Piracicabana,616.8,https://moovitapp.com/index/pt-br/transporte_p%C3%BAblico-line-616_8-Brasilia-1702-850942-128977718-0,-1.0,-15.66713,-47.81104,,,,,2023-06-18T19:19:54+00:00
BRA_120243,Brasília,5300108,,Piracicabana,616.8,https://moovitapp.com/index/pt-br/transporte_p%C3%BAblico-line-616_8-Brasilia-1702-850942-128977718-0,-1.0,-15.83005,-47.92967,,,,,2023-06-18T19:19:58+00:00
BRA_120782,Brasília,5300108,,Piracicabana,158.1,https://moovitapp.com/index/pt-br/transporte_p%C3%BAblico-line-158_1-Brasilia-1702-850942-775094-0,-1.0,-15.79625,-47.94647,,,,,2023-06-18T19:19:58+00:00
BRA_121053,Brasília,5300108,,Piracicabana,0.504,https://moovitapp.com/index/pt-br/transporte_p%C3%BAblico-line-0_504-Brasilia-1702-850942-781321-0,-1.0,-15.61842,-47.65496,,,,1,2023-06-18T19:19:58+00:00
BRA_120111,Brasília,5300108,,Piracicabana,616.8,https://moovitapp.com/index/pt-br/transporte_p%C3%BAblico-line-616_8-Brasilia-1702-850942-128977718-0,-1.0,-15.86659,-47.93612,,,,,2023-06-18T19:20:01+00:00
BRA_119113,Brasília,5300108,,Piracicabana,063.1,https://moovitapp.com/index/pt-br/transporte_p%C3%BAblico-line-063_1-Brasilia-1702-850942-339291-0,-1.0,-15.64864,-47.79793,,,,,2023-06-18T19:20:01+00:00
BRA_120618,Brasília,5300108,,Piracicabana,601.1,https://moovitapp.com/index/pt-br/transporte_p%C3%BAblico-line-601_1-Brasilia-1702-850942-322377-0,-1.0,-15.83622,-47.93394,,,,,2023-06-18T19:20:02+00:00
BRA_118257,Brasília,5300108,,Piracicabana,162.1,https://moovitapp.com/index/pt-br/transporte_p%C3%BAblico-line-162_1-Brasilia-1702-850942-762425-0,-1.0,-15.82724,-47.90418,,,,,2023-06-18T19:20:02+00:00
BRA_120081,Brasília,5300108,,Piracicabana,105.2,https://moovitapp.com/index/pt-br/transporte_p%C3%BAblico-line-105_2-Brasilia-1702-850942-12015265-0,-1.0,-15.75972,-47.88577,,,,,2023-06-18T19:20:04+00:00
BRA_120154,Brasília,5300108,,Piracicabana,066.5,https://moovitapp.com/index/pt-br/transporte_p%C3%BAblico-line-066_5-Brasilia-1702-850942-770026-0,-1.0,-15.6041,-47.64971,,,,,2023-06-18T19:20:05+00:00
BRA_118214,Brasília,5300108,,Piracicabana,107.1,https://moovitapp.com/index/pt-br/transporte_p%C3%BAblico-line-107_1-Brasilia-1702-850942-242434-0,-1.0,-15.76643,-47.93542,,,,,2023-06-18T19:20:05+00:00
BRA_118222,Brasília,5300108,,Piracicabana,153.2,https://moovitapp.com/index/pt-br/transporte_p%C3%BAblico-line-153_2-Brasilia-1702-850942-775093-0,-1.0,-15.76443,-47.86016,,,,,2023-06-18T19:20:07+00:00
BRA_120090,Brasília,5300108,,Piracicabana,152.1,https://moovitapp.com/index/pt-br/transporte_p%C3%BAblico-line-152_1-Brasilia-1702-850942-542827-0,-1.0,-15.79738,-47.87522,,,,,2023-06-18T19:20:08+00:00
BRA_120499,Brasília,5300108,,Piracicabana,0.600,https://moovitapp.com/index/pt-br/transporte_p%C3%BAblico-line-0_600-Brasilia-1702-850942-242410-0,-1.0,-15.78071,-47.88741,,,,,2023-06-18T19:20:10+00:00
BRA_120821,Brasília,5300108,,Piracicabana,158.1,https://moovitapp.com/index/pt-br/transporte_p%C3%BAblico-line-158_1-Brasilia-1702-850942-775094-0,-1.0,-15.79326,-47.88192,,,,1,2023-06-18T19:20:11+00:00
BRA_120421,Brasília,5300108,,Piracicabana,601.2,https://moovitapp.com/index/pt-br/transporte_p%C3%BAblico-line-601_2-Brasilia-1702-850942-322378-0,-1.0,-15.64372,-47.65081,,,,,2023-06-18T19:20:12+00:00
BRA_120545,Brasília,5300108,,Piracicabana,616.8,https://moovitapp.com/index/pt-br/transporte_p%C3%BAblico-line-616_8-Brasilia-1702-850942-128977718-0,-1.0,-15.61288,-47.64023,,,,,2023-06-18T19:20:13+00:00
BRA_120987,Brasília,5300108,,Piracicabana,0.620,https://moovitapp.com/index/pt-br/transporte_p%C3%BAblico-line-0_620-Brasilia-1702-850942-470748-0,-1.0,-15.61835,-47.65472,,,,1,2023-06-18T19:20:15+00:00
BRA_120561,Brasília,5300108,,Piracicabana,616.8,https://moovitapp.com/index/pt-br/transporte_p%C3%BAblico-line-616_8-Brasilia-1702-850942-128977718-0,-1.0,-15.83596,-47.93321,,,,1,2023-06-18T19:20:30+00:00
BRA_120758,Brasília,5300108,,Piracicabana,0.620,https://moovitapp.com/index/pt-br/transporte_p%C3%BAblico-line-0_620-Brasilia-1702-850942-470748-0,-1.0,-15.62973,-47.73243,,,,,2023-06-18T23:31:40+00:00
BRA_120430,Brasília,5300108,,Piracicabana,102.6,https://moovitapp.com/index/pt-br/transporte_p%C3%BAblico-line-102_6-Brasilia-1702-850942-775091-0,-1.0,-15.83582,-47.93285,,,,1,2023-06-18T23:36:12+00:00
BRA_121045,Brasília,5300108,,Piracicabana,0.150,https://moovitapp.com/index/pt-br/transporte_p%C3%BAblico-line-0_150-Brasilia-1702-850942-775086-0,-1.0,-15.79313,-47.88227,,,,1,2023-06-18T23:38:00+00:00
BRA_119083,Brasília,5300108,,Piracicabana,062.6,https://moovitapp.com/index/pt-br/transporte_p%C3%BAblico-line-062_6-Brasilia-1702-850942-339289-0,-1.0,-15.64959,-47.78633,,,,1,2023-06-18T23:40:21+00:00
BRA_121061,Brasília,5300108,,Piracicabana,115.1,https://moovitapp.com/index/pt-br/transporte_p%C3%BAblico-line-115_1-Brasilia-1702-850942-242436-0,-1.0,-15.79382,-47.88172,,,,1,2023-06-18T23:42:13+00:00
BRA_120391,Brasília,5300108,,Piracicabana,0.116,https://moovitapp.com/index/pt-br/transporte_p%C3%BAblico-line-0_116-Brasilia-1702-850942-242381-0,-1.0,-15.80179,-47.88971,,,,1,2023-06-18T23:42:17+00:00
BRA_120481,Brasília,5300108,,Piracicabana,0.103,https://moovitapp.com/index/pt-br/transporte_p%C3%BAblico-line-0_103-Brasilia-1702-850942-335705-0,-1.0,-15.81495,-47.83635,,,,,2023-06-18T23:43:23+00:00
BRA_120804,Brasília,5300108,,Piracicabana,158.1,https://moovitapp.com/index/pt-br/transporte_p%C3%BAblico-line-158_1-Brasilia-1702-850942-775094-0,-1.0,-15.78106,-47.99979,,,,,2023-06-18T23:43:30+00:00
BRA_119300,Brasília,5300108,,Piracicabana,062.7,https://moovitapp.com/index/pt-br/transporte_p%C3%BAblico-line-062_7-Brasilia-1702-850942-494154-0,-1.0,-15.64515,-47.82535,,,,,2023-06-18T23:43:40+00:00
BRA_120405,Brasília,5300108,,Piracicabana,0.620,https://moovitapp.com/index/pt-br/transporte_p%C3%BAblico-line-0_620-Brasilia-1702-850942-470748-0,-1.0,-15.79218,-47.88189,,,,,2023-06-18T23:43:43+00:00
BRA_119636,Brasília,5300108,,Piracicabana,501.3,https://moovitapp.com/index/pt-br/transporte_p%C3%BAblico-line-501_3-Brasilia-1702-850942-242472-0,-1.0,-15.63802,-47.8213,,,,,2023-06-18T23:43:44+00:00
BRA_119971,Brasília,5300108,,Piracicabana,0.509,https://moovitapp.com/index/pt-br/transporte_p%C3%BAblico-line-0_509-Brasilia-1702-850942-242397-0,-1.0,-15.64601,-47.7713,,,,,2023-06-18T23:43:47+00:00
BRA_119431,Brasília,5300108,,Piracicabana,505.3,https://moovitapp.com/index/pt-br/transporte_p%C3%BAblico-line-505_3-Brasilia-1702-850942-352626-0,-1.0,-15.64046,-47.82029,,,,,2023-06-18T23:43:47+00:00
BRA_119270,Brasília,5300108,,Piracicabana,501.3,https://moovitapp.com/index/pt-br/transporte_p%C3%BAblico-line-501_3-Brasilia-1702-850942-242472-0,-1.0,-15.76217,-47.8834,,,,,2023-06-18T23:43:52+00:00
BRA_119598,Brasília,5300108,,Piracicabana,501.3,https://moovitapp.com/index/pt-br/transporte_p%C3%BAblico-line-501_3-Brasilia-1702-850942-242472-0,-1.0,-15.6415,-47.82686,,,,,2023-06-18T23:43:52+00:00
BRA_118206,Brasília,5300108,,Piracicabana,102.6,https://moovitapp.com/index/pt-br/transporte_p%C3%BAblico-line-102_6-Brasilia-1702-850942-775091-0,-1.0,-15.86195,-47.9351,,,,,2023-06-18T23:43:53+00:00
BRA_119318,Brasília,5300108,,Piracicabana,062.6,https://moovitapp.com/index/pt-br/transporte_p%C3%BAblico-line-062_6-Brasilia-1702-850942-339289-0,-1.0,-15.64226,-47.81685,,,,,2023-06-18T23:43:55+00:00
BRA_120278,Brasília,5300108,,Piracicabana,067.3,https://moovitapp.com/index/pt-br/transporte_p%C3%BAblico-line-067_3-Brasilia-1702-850942-339294-0,-1.0,-15.68006,-47.65667,,,,,2023-06-18T23:43:55+00:00
BRA_121029,Brasília,5300108,,Piracicabana,136.9,https://moovitapp.com/index/pt-br/transporte_p%C3%BAblico-line-136_9-Brasilia-1702-850942-773702-0,-1.0,-15.72077,-47.88081,,,,,2023-06-18T23:43:56+00:00
BRA_119881,Brasília,5300108,,Piracicabana,0.617,https://moovitapp.com/index/pt-br/transporte_p%C3%BAblico-line-0_617-Brasilia-1702-850942-242417-0,-1.0,-15.65061,-47.7745,,,,,2023-06-18T23:43:58+00:00
BRA_120898,Brasília,5300108,,Piracicabana,106.2,https://moovitapp.com/index/pt-br/transporte_p%C3%BAblico-line-106_2-Brasilia-1702-850942-242433-0,-1.0,-15.76905,-47.88909,,,,,2023-06-18T23:43:59+00:00
BRA_120791,Brasília,5300108,,Piracicabana,158.1,https://moovitapp.com/index/pt-br/transporte_p%C3%BAblico-line-158_1-Brasilia-1702-850942-775094-0,-1.0,-15.81011,-47.9409,,,,,2023-06-18T23:44:00+00:00
BRA_119393,Brasília,5300108,,Piracicabana,505.5,https://moovitapp.com/index/pt-br/transporte_p%C3%BAblico-line-505_5-Brasilia-1702-850942-651521-0,-1.0,-15.64839,-47.8126,,,,,2023-06-18T23:44:00+00:00
BRA_120600,Brasília,5300108,,Piracicabana,162.1,https://moovitapp.com/index/pt-br/transporte_p%C3%BAblico-line-162_1-Brasilia-1702-850942-762425-0,-1.0,-15.81715,-47.91247,,,,,2023-06-18T23:44:01+00:00
BRA_120596,Brasília,5300108,,Piracicabana,0.104,https://moovitapp.com/index/pt-br/transporte_p%C3%BAblico-line-0_104-Brasilia-1702-850942-242376-0,-1.0,-15.79027,-47.83495,,,,,2023-06-18T23:44:04+00:00
BRA_121070,Brasília,5300108,,Piracicabana,107.1,https://moovitapp.com/index/pt-br/transporte_p%C3%BAblico-line-107_1-Brasilia-1702-850942-242434-0,-1.0,-15.79738,-47.87522,,,,,2023-06-18T23:44:04+00:00
