bus_id,city,city_code,adapted,agency,line_code,line_url,line_fare,latitude,longitude,bus_speed,is_eletric,bus_type,bus_direction,updated_at
BRA_338371,Brasília,5300108,,Urbi,0.811,https://moovitapp.com/index/pt-br/transporte_p%C3%BAblico-line-0_811-Brasilia-1702-851595-334078-0,-1.0,-15.8768,-47.99377,19.72,,,1,2023-06-18T09:40:38+00:00
BRA_338664,Brasília,5300108,,Urbi,872.9,https://moovitapp.com/index/pt-br/transporte_p%C3%BAblico-line-872_9-Brasilia-1702-851595-372394-0,-1.0,-15.92368,-48.04487,10.83,,,1,2023-06-18T09:42:52+00:00
BRA_337561,Brasília,5300108,,Urbi,807.9,https://moovitapp.com/index/pt-br/transporte_p%C3%BAblico-line-807_9-Brasilia-1702-851595-322409-0,-1.0,-15.90437,-48.06646,7.22,,,2,2023-06-18T09:46:47+00:00
BRA_336360,Brasília,5300108,,Urbi,396.2,https://moovitapp.com/index/pt-br/transporte_p%C3%BAblico-line-396_2-Brasilia-1702-851595-372377-0,-1.0,-15.87648,-48.08146,5.28,,,1,2023-06-18T09:48:19+00:00
BRA_338320,Brasília,5300108,,Urbi,812.1,https://moovitapp.com/index/pt-br/transporte_p%C3%BAblico-line-812_1-Brasilia-1702-851595-372386-0,-1.0,-15.90949,-48.08799,0.0,,,1,2023-06-18T09:48:21+00:00
BRA_336700,Brasília,5300108,,Urbi,394.1,https://moovitapp.com/index/pt-br/transporte_p%C3%BAblico-line-394_1-Brasilia-1702-851595-334089-0,-1.0,-15.79371,-47.88065,0.0,,,1,2023-06-18T09:48:46+00:00
BRA_336718,Brasília,5300108,,Urbi,0.347,https://moovitapp.com/index/pt-br/transporte_p%C3%BAblico-line-0_347-Brasilia-1702-851595-347128-0,-1.0,-15.84298,-48.11371,13.06,,,2,2023-06-18T09:48:51+00:00
BRA_339261,Brasília,5300108,,Urbi,0.340,https://moovitapp.com/index/pt-br/transporte_p%C3%BAblico-line-0_340-Brasilia-1702-851595-641378-0,-1.0,-15.89534,-48.13977,0.0,,,1,2023-06-18T09:48:51+00:00
BRA_338001,Brasília,5300108,,Urbi,0.038,https://moovitapp.com/index/pt-br/transporte_p%C3%BAblico-line-0_038-Brasilia-1702-851595-687419-0,-1.0,-15.80784,-48.08324,0.0,,,1,2023-06-18T09:48:59+00:00
BRA_337145,Brasília,5300108,,Urbi,0.808,https://moovitapp.com/index/pt-br/transporte_p%C3%BAblico-line-0_808-Brasilia-1702-851595-372359-0,-1.0,-15.82124,-48.11168,11.94,,,2,2023-06-18T09:49:00+00:00
BRA_335789,Brasília,5300108,,Urbi,366.7,https://moovitapp.com/index/pt-br/transporte_p%C3%BAblico-line-366_7-Brasilia-1702-851595-650086-0,-1.0,-15.87842,-48.09009,0.0,,,2,2023-06-18T09:49:03+00:00
BRA_338257,Brasília,5300108,,Urbi,0.883,https://moovitapp.com/index/pt-br/transporte_p%C3%BAblico-line-0_883-Brasilia-1702-851595-510239-0,-1.0,-15.8251,-48.07971,12.78,,,1,2023-06-18T09:49:08+00:00
BRA_338699,Brasília,5300108,,Urbi,807.6,https://moovitapp.com/index/pt-br/transporte_p%C3%BAblico-line-807_6-Brasilia-1702-851595-334092-0,-1.0,-15.93329,-48.10864,0.0,,,1,2023-06-18T09:49:08+00:00
BRA_339326,Brasília,5300108,,Urbi,373.2,https://moovitapp.com/index/pt-br/transporte_p%C3%BAblico-line-373_2-Brasilia-1702-851595-334084-0,-1.0,-15.82216,-47.90917,12.22,,,2,2023-06-18T09:49:08+00:00
BRA_339997,Brasília,5300108,,Urbi,0.082,https://moovitapp.com/index/pt-br/transporte_p%C3%BAblico-line-0_082-Brasilia-1702-851595-781326-0,-1.0,-15.87179,-47.96899,8.89,,,1,2023-06-18T09:49:08+00:00
BRA_335452,Brasília,5300108,,Urbi,056.2,https://moovitapp.com/index/pt-br/transporte_p%C3%BAblico-line-056_2-Brasilia-1702-851595-492982-0,-1.0,-15.87076,-48.09126,13.06,,,1,2023-06-18T09:49:09+00:00
BRA_339181,Brasília,5300108,,Urbi,0.373,https://moovitapp.com/index/pt-br/transporte_p%C3%BAblico-line-0_373-Brasilia-1702-851595-334072-0,-1.0,-15.85886,-48.0673,17.22,,,2,2023-06-18T09:49:09+00:00
BRA_339067,Brasília,5300108,,Urbi,0.808,https://moovitapp.com/index/pt-br/transporte_p%C3%BAblico-line-0_808-Brasilia-1702-851595-372359-0,-1.0,-15.80819,-48.08443,7.22,,,1,2023-06-18T09:49:09+00:00
BRA_339083,Brasília,5300108,,Urbi,0.809,https://moovitapp.com/index/pt-br/transporte_p%C3%BAblico-line-0_809-Brasilia-1702-851595-516630-0,-1.0,-15.87492,-48.03236,8.61,,,2,2023-06-18T09:49:10+00:00
BRA_335967,Brasília,5300108,,Urbi,0.082,https://moovitapp.com/index/pt-br/transporte_p%C3%BAblico-line-0_082-Brasilia-1702-851595-781326-0,-1.0,-15.75718,-47.93428,0.0,,,1,2023-06-18T09:49:10+00:00
BRA_336114,Brasília,5300108,,Urbi,0.886,https://moovitapp.com/index/pt-br/transporte_p%C3%BAblico-line-0_886-Brasilia-1702-851595-704024-0,-1.0,-15.78813,-48.13428,0.28,,,2,2023-06-18T09:49:11+00:00
BRA_340278,Brasília,5300108,,Urbi,056.4,https://moovitapp.com/index/pt-br/transporte_p%C3%BAblico-line-056_4-Brasilia-1702-851595-519387-0,-1.0,-15.89205,-48.1469,9.44,,,1,2023-06-18T09:49:11+00:00
BRA_339253,Brasília,5300108,,Urbi,0.367,https://moovitapp.com/index/pt-br/transporte_p%C3%BAblico-line-0_367-Brasilia-1702-851595-519380-0,-1.0,-15.884,-48.12954,7.5,,,1,2023-06-18T09:49:12+00:00
BRA_335509,Brasília,5300108,,Urbi,367.2,https://moovitapp.com/index/pt-br/transporte_p%C3%BAblico-line-367_2-Brasilia-1702-851595-454971-0,-1.0,-15.83239,-48.05749,2.22,,,1,2023-06-18T09:49:12+00:00
BRA_336254,Brasília,5300108,,Urbi,394.1,https://moovitapp.com/index/pt-br/transporte_p%C3%BAblico-line-394_1-Brasilia-1702-851595-334089-0,-1.0,-15.80762,-47.96421,17.5,,,2,2023-06-18T09:49:12+00:00
BRA_336424,Brasília,5300108,,Urbi,0.871,https://moovitapp.com/index/pt-br/transporte_p%C3%BAblico-line-0_871-Brasilia-1702-851595-418741-0,-1.0,-15.91988,-48.0589,0.0,,,1,2023-06-18T09:49:12+00:00
BRA_336319,Brasília,5300108,,Urbi,0.373,https://moovitapp.com/index/pt-br/transporte_p%C3%BAblico-line-0_373-Brasilia-1702-851595-334072-0,-1.0,-15.884,-48.12954,4.72,,,1,2023-06-18T09:49:13+00:00
BRA_339270,Brasília,5300108,,Urbi,396.3,https://moovitapp.com/index/pt-br/transporte_p%C3%BAblico-line-396_3-Brasilia-1702-851595-372378-0,-1.0,-15.78071,-47.88741,3.06,,,1,2023-06-18T09:49:13+00:00
BRA_338486,Brasília,5300108,,Urbi,0.898,https://moovitapp.com/index/pt-br/transporte_p%C3%BAblico-line-0_898-Brasilia-1702-851595-322394-0,-1.0,-15.84189,-48.11453,14.44,,,1,2023-06-18T09:49:13+00:00
BRA_338567,Brasília,5300108,,Urbi,0.811,https://moovitapp.com/index/pt-br/transporte_p%C3%BAblico-line-0_811-Brasilia-1702-851595-334078-0,-1.0,-15.80951,-47.90235,18.33,,,1,2023-06-18T09:49:14+00:00
BRA_340464,Brasília,5300108,,Urbi,0.391,https://moovitapp.com/index/pt-br/transporte_p%C3%BAblico-line-0_391-Brasilia-1702-851595-372354-0,-1.0,-15.73516,-47.90261,18.06,,,1,2023-06-18T09:49:14+00:00
BRA_336602,Brasília,5300108,,Urbi,0.087,https://moovitapp.com/index/pt-br/transporte_p%C3%BAblico-line-0_087-Brasilia-1702-851595-242519-0,-1.0,-15.87818,-48.0083,6.94,,,1,2023-06-18T09:49:14+00:00
BRA_337269,Brasília,5300108,,Urbi,0.809,https://moovitapp.com/index/pt-br/transporte_p%C3%BAblico-line-0_809-Brasilia-1702-851595-516630-0,-1.0,-15.87818,-48.0083,0.0,,,1,2023-06-18T09:49:14+00:00
BRA_333972,Brasília,5300108,,Urbi,366.1,https://moovitapp.com/index/pt-br/transporte_p%C3%BAblico-line-366_1-Brasilia-1702-851595-425249-0,-1.0,-15.8691,-48.08551,7.78,,,1,2023-06-18T09:49:14+00:00
BRA_336076,Brasília,5300108,,Urbi,0.825,https://moovitapp.com/index/pt-br/transporte_p%C3%BAblico-line-0_825-Brasilia-1702-851595-334081-0,-1.0,-15.87788,-48.01635,0.0,,,1,2023-06-18T09:49:14+00:00
BRA_335843,Brasília,5300108,,Urbi,0.346,https://moovitapp.com/index/pt-br/transporte_p%C3%BAblico-line-0_346-Brasilia-1702-851595-46461186-0,-1.0,-15.80746,-48.14252,2.78,,,1,2023-06-18T09:49:15+00:00
BRA_340430,Brasília,5300108,,Urbi,0.056,https://moovitapp.com/index/pt-br/transporte_p%C3%BAblico-line-0_056-Brasilia-1702-851595-588804-0,-1.0,-15.84048,-48.12683,0.0,,,1,2023-06-18T09:49:15+00:00
BRA_339148,Brasília,5300108,,Urbi,874.4,https://moovitapp.com/index/pt-br/transporte_p%C3%BAblico-line-874_4-Brasilia-1702-851595-775106-0,-1.0,-15.87607,-48.0478,0.0,,,1,2023-06-18T09:49:16+00:00
BRA_337161,Brasília,5300108,,Urbi,874.4,https://moovitapp.com/index/pt-br/transporte_p%C3%BAblico-line-874_4-Brasilia-1702-851595-775106-0,-1.0,-15.87748,-48.01674,18.06,,,2,2023-06-18T09:49:16+00:00
BRA_336262,Brasília,5300108,,Urbi,0.391,https://moovitapp.com/index/pt-br/transporte_p%C3%BAblico-line-0_391-Brasilia-1702-851595-372354-0,-1.0,-15.76023,-47.90782,9.17,,,2,2023-06-18T09:49:17+00:00
BRA_337811,Brasília,5300108,,Urbi,870.7,https://moovitapp.com/index/pt-br/transporte_p%C3%BAblico-line-870_7-Brasilia-1702-851595-531037-0,-1.0,-15.79509,-47.88194,12.78,,,1,2023-06-18T09:49:17+00:00
BRA_337854,Brasília,5300108,,Urbi,0.172,https://moovitapp.com/index/pt-br/transporte_p%C3%BAblico-line-0_172-Brasilia-1702-851595-470756-0,-1.0,-15.8391,-47.92268,14.72,,,1,2023-06-18T09:49:17+00:00
BRA_340600,Brasília,5300108,,Urbi,0.054,https://moovitapp.com/index/pt-br/transporte_p%C3%BAblico-line-0_054-Brasilia-1702-851595-454960-0,-1.0,-15.82405,-48.06384,14.72,,,1,2023-06-18T09:49:17+00:00
BRA_336670,Brasília,5300108,,Urbi,0.394,https://moovitapp.com/index/pt-br/transporte_p%C3%BAblico-line-0_394-Brasilia-1702-851595-334076-0,-1.0,-15.85326,-48.03968,12.22,,,1,2023-06-18T09:49:17+00:00
BRA_339385,Brasília,5300108,,Urbi,366.7,https://moovitapp.com/index/pt-br/transporte_p%C3%BAblico-line-366_7-Brasilia-1702-851595-650086-0,-1.0,-15.88024,-48.12148,13.06,,,1,2023-06-18T09:49:17+00:00
BRA_339032,Brasília,5300108,,Urbi,0.810,https://moovitapp.com/index/pt-br/transporte_p%C3%BAblico-line-0_810-Brasilia-1702-851595-363856-0,-1.0,-15.88203,-48.05759,19.44,,,1,2023-06-18T09:49:17+00:00
BRA_338028,Brasília,5300108,,Urbi,0.368,https://moovitapp.com/index/pt-br/transporte_p%C3%BAblico-line-0_368-Brasilia-1702-851595-706971-0,-1.0,-15.79488,-48.11048,0.0,,,1,2023-06-18T09:49:17+00:00
BRA_340481,Brasília,5300108,,Urbi,373.2,https://moovitapp.com/index/pt-br/transporte_p%C3%BAblico-line-373_2-Brasilia-1702-851595-334084-0,-1.0,-15.87752,-48.01912,0.0,,,1,2023-06-18T09:49:18+00:00
BRA_340324,Brasília,5300108,,Urbi,0.399,https://moovitapp.com/index/pt-br/transporte_p%C3%BAblico-line-0_399-Brasilia-1702-851595-454964-0,-1.0,-15.82816,-48.11701,1.11,,,1,2023-06-18T09:49:19+00:00
BRA_340448,Brasília,5300108,,Urbi,0.366,https://moovitapp.com/index/pt-br/transporte_p%C3%BAblico-line-0_366-Brasilia-1702-851595-650085-0,-1.0,-15.895,-48.12232,12.5,,,1,2023-06-18T09:49:19+00:00
BRA_339059,Brasília,5300108,,Urbi,0.882,https://moovitapp.com/index/pt-br/transporte_p%C3%BAblico-line-0_882-Brasilia-1702-851595-363858-0,-1.0,-15.83859,-47.95324,19.72,,,2,2023-06-18T09:49:19+00:00
BRA_337935,Brasília,5300108,,Urbi,807.8,https://moovitapp.com/index/pt-br/transporte_p%C3%BAblico-line-807_8-Brasilia-1702-851595-322408-0,-1.0,-15.90508,-48.07666,8.06,,,1,2023-06-18T09:49:20+00:00
BRA_339911,Brasília,5300108,,Urbi,0.050,https://moovitapp.com/index/pt-br/transporte_p%C3%BAblico-line-0_050-Brasilia-1702-851595-781325-0,-1.0,-15.83726,-48.05918,0.0,,,1,2023-06-18T09:49:20+00:00
BRA_336726,Brasília,5300108,,Urbi,380.2,https://moovitapp.com/index/pt-br/transporte_p%C3%BAblico-line-380_2-Brasilia-1702-851595-334086-0,-1.0,-15.88832,-48.15039,5.83,,,1,2023-06-18T09:49:20+00:00
BRA_340235,Brasília,5300108,,Urbi,0.053,https://moovitapp.com/index/pt-br/transporte_p%C3%BAblico-line-0_053-Brasilia-1702-851595-588803-0,-1.0,-15.90225,-48.12901,5.28,,,2,2023-06-18T09:49:20+00:00
BRA_336416,Brasília,5300108,,Urbi,0.813,https://moovitapp.com/index/pt-br/transporte_p%C3%BAblico-line-0_813-Brasilia-1702-851595-651523-0,-1.0,-15.80134,-47.89429,17.78,,,1,2023-06-18T09:49:21+00:00
BRA_336645,Brasília,5300108,,Urbi,0.397,https://moovitapp.com/index/pt-br/transporte_p%C3%BAblico-line-0_397-Brasilia-1702-851595-890857-0,-1.0,-15.81457,-48.11833,2.78,,,1,2023-06-18T09:49:21+00:00
BRA_338010,Brasília,5300108,,Urbi,814.1,https://moovitapp.com/index/pt-br/transporte_p%C3%BAblico-line-814_1-Brasilia-1702-851595-492985-0,-1.0,-15.90766,-48.08398,0.0,,,1,2023-06-18T09:49:22+00:00
BRA_338419,Brasília,5300108,,Urbi,0.806,https://moovitapp.com/index/pt-br/transporte_p%C3%BAblico-line-0_806-Brasilia-1702-851595-339299-0,-1.0,-15.87683,-48.06095,12.5,,,2,2023-06-18T09:49:22+00:00
BRA_338061,Brasília,5300108,,Urbi,086.1,https://moovitapp.com/index/pt-br/transporte_p%C3%BAblico-line-086_1-Brasilia-1702-851595-481321-0,-1.0,-15.84621,-47.97836,0.0,,,1,2023-06-18T09:49:22+00:00
BRA_336980,Brasília,5300108,,Urbi,813.2,https://moovitapp.com/index/pt-br/transporte_p%C3%BAblico-line-813_2-Brasilia-1702-851595-242636-0,-1.0,-15.88526,-48.05928,18.33,,,1,2023-06-18T09:49:22+00:00
BRA_336459,Brasília,5300108,,Urbi,0.871,https://moovitapp.com/index/pt-br/transporte_p%C3%BAblico-line-0_871-Brasilia-1702-851595-418741-0,-1.0,-15.80454,-47.9249,13.33,,,2,2023-06-18T09:49:22+00:00
BRA_336131,Brasília,5300108,,Urbi,0.087,https://moovitapp.com/index/pt-br/transporte_p%C3%BAblico-line-0_087-Brasilia-1702-851595-242519-0,-1.0,-15.80256,-47.96841,4.44,,,1,2023-06-18T09:49:23+00:00
BRA_337226,Brasília,5300108,,Urbi,0.882,https://moovitapp.com/index/pt-br/transporte_p%C3%BAblico-line-0_882-Brasilia-1702-851595-363858-0,-1.0,-15.88221,-48.05378,0.0,,,1,2023-06-18T09:49:23+00:00
BRA_340243,Brasília,5300108,,Urbi,393.7,https://moovitapp.com/index/pt-br/transporte_p%C3%BAblico-line-393_7-Brasilia-1702-851595-588818-0,-1.0,-15.84015,-48.0462,12.78,,,1,2023-06-18T09:49:23+00:00
BRA_339334,Brasília,5300108,,Urbi,372.5,https://moovitapp.com/index/pt-br/transporte_p%C3%BAblico-line-372_5-Brasilia-1702-851595-519391-0,-1.0,-15.86903,-48.08644,9.17,,,1,2023-06-18T09:49:23+00:00
BRA_338826,Brasília,5300108,,Urbi,806.1,https://moovitapp.com/index/pt-br/transporte_p%C3%BAblico-line-806_1-Brasilia-1702-851595-775104-0,-1.0,-15.90431,-48.03929,7.5,,,1,2023-06-18T09:49:23+00:00
BRA_338842,Brasília,5300108,,Urbi,0.809,https://moovitapp.com/index/pt-br/transporte_p%C3%BAblico-line-0_809-Brasilia-1702-851595-516630-0,-1.0,-15.9118,-48.09408,0.0,,,1,2023-06-18T09:49:23+00:00
BRA_339229,Brasília,5300108,,Urbi,0.163,https://moovitapp.com/index/pt-br/transporte_p%C3%BAblico-line-0_163-Brasilia-1702-851595-352629-0,-1.0,-15.82385,-47.92223,11.39,,,1,2023-06-18T09:49:24+00:00
BRA_335312,Brasília,5300108,,Urbi,0.394,https://moovitapp.com/index/pt-br/transporte_p%C3%BAblico-line-0_394-Brasilia-1702-851595-334076-0,-1.0,-15.86007,-48.03643,0.0,,,2,2023-06-18T09:49:24+00:00
BRA_335681,Brasília,5300108,,Urbi,366.1,https://moovitapp.com/index/pt-br/transporte_p%C3%BAblico-line-366_1-Brasilia-1702-851595-425249-0,-1.0,-15.87311,-48.09528,4.44,,,2,2023-06-18T09:49:25+00:00
BRA_335916,Brasília,5300108,,Urbi,398.1,https://moovitapp.com/index/pt-br/transporte_p%C3%BAblico-line-398_1-Brasilia-1702-851595-510241-0,-1.0,-15.87775,-48.06734,17.22,,,1,2023-06-18T09:49:25+00:00
BRA_336351,Brasília,5300108,,Urbi,0.821,https://moovitapp.com/index/pt-br/transporte_p%C3%BAblico-line-0_821-Brasilia-1702-851595-334080-0,-1.0,-15.79243,-47.88449,8.89,,,2,2023-06-18T09:49:25+00:00
BRA_336394,Brasília,5300108,,Urbi,0.380,https://moovitapp.com/index/pt-br/transporte_p%C3%BAblico-line-0_380-Brasilia-1702-851595-334073-0,-1.0,-15.805,-47.92454,8.06,,,1,2023-06-18T09:49:25+00:00
BRA_337871,Brasília,5300108,,Urbi,0.810,https://moovitapp.com/index/pt-br/transporte_p%C3%BAblico-line-0_810-Brasilia-1702-851595-363856-0,-1.0,-15.90772,-48.08468,15.83,,,2,2023-06-18T09:49:25+00:00
BRA_339920,Brasília,5300108,,Urbi,397.2,https://moovitapp.com/index/pt-br/transporte_p%C3%BAblico-line-397_2-Brasilia-1702-851595-890938-0,-1.0,-15.80298,-48.12302,14.17,,,2,2023-06-18T09:49:25+00:00
BRA_338494,Brasília,5300108,,Urbi,084.1,https://moovitapp.com/index/pt-br/transporte_p%C3%BAblico-line-084_1-Brasilia-1702-851595-466292-0,-1.0,-15.74748,-47.92183,15.56,,,1,2023-06-18T09:49:26+00:00
BRA_336891,Brasília,5300108,,Urbi,871.3,https://moovitapp.com/index/pt-br/transporte_p%C3%BAblico-line-871_3-Brasilia-1702-851595-588820-0,-1.0,-15.74047,-47.89832,13.61,,,1,2023-06-18T09:49:26+00:00
BRA_335614,Brasília,5300108,,Urbi,391.3,https://moovitapp.com/index/pt-br/transporte_p%C3%BAblico-line-391_3-Brasilia-1702-851595-372373-0,-1.0,-15.87663,-48.02509,18.89,,,1,2023-06-18T09:49:26+00:00
BRA_337463,Brasília,5300108,,Urbi,813.2,https://moovitapp.com/index/pt-br/transporte_p%C3%BAblico-line-813_2-Brasilia-1702-851595-242636-0,-1.0,-15.79814,-47.89234,0.0,,,2,2023-06-18T09:49:27+00:00
BRA_336521,Brasília,5300108,,Urbi,0.814,https://moovitapp.com/index/pt-br/transporte_p%C3%BAblico-line-0_814-Brasilia-1702-851595-492980-0,-1.0,-15.87439,-48.05936,0.0,,,1,2023-06-18T09:49:28+00:00
BRA_336432,Brasília,5300108,,Urbi,0.881,https://moovitapp.com/index/pt-br/transporte_p%C3%BAblico-line-0_881-Brasilia-1702-851595-363857-0,-1.0,-15.94073,-48.03614,5.56,,,1,2023-06-18T09:49:29+00:00
BRA_337846,Brasília,5300108,,Urbi,807.9,https://moovitapp.com/index/pt-br/transporte_p%C3%BAblico-line-807_9-Brasilia-1702-851595-322409-0,-1.0,-15.91274,-48.06356,0.0,,,1,2023-06-18T09:49:29+00:00
BRA_442861,Brasília,5300108,,Marechal,361.1,https://moovitapp.com/index/pt-br/transporte_p%C3%BAblico-line-361_1-Brasilia-1702-851940-363861-0,-1.0,-15.841267,-48.11496,25.0,,,2,2023-06-18T09:49:19+00:00
BRA_441597,Brasília,5300108,,Marechal,304.1,https://moovitapp.com/index/pt-br/transporte_p%C3%BAblico-line-304_1-Brasilia-1702-851940-516636-0,-1.0,-15.83977,-48.12987,0.0,,,2,2023-06-18T09:49:15+00:00
BRA_440311,Brasília,5300108,,Marechal,306.1,https://moovitapp.com/index/pt-br/transporte_p%C3%BAblico-line-306_1-Brasilia-1702-851940-510248-0,-1.0,-15.811003,-47.943673,32.0,,,2,2023-06-18T09:49:15+00:00
BRA_440680,Brasília,5300108,,Marechal,0.153,https://moovitapp.com/index/pt-br/transporte_p%C3%BAblico-line-0_153-Brasilia-1702-851940-766835-0,-1.0,-15.826227,-48.059667,0.0,,,2,2023-06-18T09:49:15+00:00
BRA_445185,Brasília,5300108,,Marechal,337.1,https://moovitapp.com/index/pt-br/transporte_p%C3%BAblico-line-337_1-Brasilia-1702-851940-347165-0,-1.0,-15.794017,-47.88327,0.0,,,2,2023-06-18T09:49:15+00:00
BRA_442496,Brasília,5300108,,Marechal,0.383,https://moovitapp.com/index/pt-br/transporte_p%C3%BAblico-line-0_383-Brasilia-1702-851940-347151-0,-1.0,-15.839987,-48.129933,0.0,,,2,2023-06-18T09:49:15+00:00
BRA_443671,Brasília,5300108,,São José,157.9,https://moovitapp.com/index/pt-br/transporte_p%C3%BAblico-line-157_9-Brasilia-1702-851943-707030-0,-1.0,-15.870237,-48.03783,0.0,,,2,2023-06-18T09:31:35+00:00
BRA_443166,Brasília,5300108,,Marechal,0.383,https://moovitapp.com/index/pt-br/transporte_p%C3%BAblico-line-0_383-Brasilia-1702-851940-347151-0,-1.0,-15.820397,-48.1078,31.0,,,2,2023-06-18T09:49:15+00:00
BRA_443174,Brasília,5300108,,Urbi,393.6,https://moovitapp.com/index/pt-br/transporte_p%C3%BAblico-line-393_6-Brasilia-1702-851595-588817-0,-1.0,-15.839437,-48.12872,0.0,,,2,2023-06-18T09:48:09+00:00
BRA_440973,Brasília,5300108,,Marechal,260.3,https://moovitapp.com/index/pt-br/transporte_p%C3%BAblico-line-260_3-Brasilia-1702-851940-393566-0,-1.0,-15.90866,-48.051777,29.0,,,2,2023-06-18T09:49:15+00:00
BRA_445240,Brasília,5300108,,Marechal,0.336,https://moovitapp.com/index/pt-br/transporte_p%C3%BAblico-line-0_336-Brasilia-1702-851940-347142-0,-1.0,-15.793887,-47.88297,0.0,,,2,2023-06-18T09:49:10+00:00
BRA_440108,Brasília,5300108,,Marechal,355.3,https://moovitapp.com/index/pt-br/transporte_p%C3%BAblico-line-355_3-Brasilia-1702-851940-504343-0,-1.0,-15.869867,-48.037363,0.0,,,2,2023-06-18T09:49:15+00:00
BRA_442437,Brasília,5300108,,Marechal,0.363,https://moovitapp.com/index/pt-br/transporte_p%C3%BAblico-line-0_363-Brasilia-1702-851940-504339-0,-1.0,-15.840617,-48.127053,0.0,,,2,2023-06-18T09:49:20+00:00
BRA_444049,Brasília,5300108,,Marechal,933.1,https://moovitapp.com/index/pt-br/transporte_p%C3%BAblico-line-933_1-Brasilia-1702-851940-358307-0,-1.0,-15.839867,-48.130273,0.0,,,2,2023-06-18T09:49:15+00:00
BRA_440493,Brasília,5300108,,Urbi,038.1,https://moovitapp.com/index/pt-br/transporte_p%C3%BAblico-line-038_1-Brasilia-1702-851595-781327-0,-1.0,-15.86986,-48.03815,0.0,,,2,2023-06-18T09:49:18+00:00
BRA_441201,Brasília,5300108,,Marechal,0.156,https://moovitapp.com/index/pt-br/transporte_p%C3%BAblico-line-0_156-Brasilia-1702-851940-242705-0,-1.0,-15.837847,-47.978583,60.0,,,2,2023-06-18T09:49:15+00:00
BRA_440337,Brasília,5300108,,São José,0.092,https://moovitapp.com/index/pt-br/transporte_p%C3%BAblico-line-0_092-Brasilia-1702-851943-496589-0,-1.0,-15.833537,-48.059663,19.0,,,2,2023-06-18T09:49:22+00:00
BRA_440167,Brasília,5300108,,Marechal,0.153,https://moovitapp.com/index/pt-br/transporte_p%C3%BAblico-line-0_153-Brasilia-1702-851940-766835-0,-1.0,-15.869613,-48.038457,0.0,,,2,2023-06-18T09:49:15+00:00
BRA_445215,Brasília,5300108,,Marechal,337.1,https://moovitapp.com/index/pt-br/transporte_p%C3%BAblico-line-337_1-Brasilia-1702-851940-347165-0,-1.0,-15.848533,-48.120647,29.0,,,2,2023-06-18T09:49:15+00:00
BRA_440043,Brasília,5300108,,Urbi,872.9,https://moovitapp.com/index/pt-br/transporte_p%C3%BAblico-line-872_9-Brasilia-1702-851595-372394-0,-1.0,-15.870477,-48.03849,0.0,,,2,2023-06-18T09:49:15+00:00
BRA_442712,Brasília,5300108,,Urbi,0.399,https://moovitapp.com/index/pt-br/transporte_p%C3%BAblico-line-0_399-Brasilia-1702-851595-454964-0,-1.0,-15.83983,-48.129323,0.0,,,2,2023-06-18T09:49:15+00:00
BRA_443247,Brasília,5300108,,Urbi,056.2,https://moovitapp.com/index/pt-br/transporte_p%C3%BAblico-line-056_2-Brasilia-1702-851595-492982-0,-1.0,-15.839243,-48.1297,0.0,,,2,2023-06-18T09:49:15+00:00
BRA_442267,Brasília,5300108,,Marechal,0.383,https://moovitapp.com/index/pt-br/transporte_p%C3%BAblico-line-0_383-Brasilia-1702-851940-347151-0,-1.0,-15.79394,-47.88323,0.0,,,2,2023-06-18T09:49:19+00:00
BRA_441392,Brasília,5300108,,Marechal,0.043,https://moovitapp.com/index/pt-br/transporte_p%C3%BAblico-line-0_043-Brasilia-1702-851940-781330-0,-1.0,-15.838843,-48.128837,0.0,,,2,2023-06-18T09:49:15+00:00
BRA_444103,Brasília,5300108,,Marechal,363.2,https://moovitapp.com/index/pt-br/transporte_p%C3%BAblico-line-363_2-Brasilia-1702-851940-725443-0,-1.0,-15.840003,-48.129887,0.0,,,2,2023-06-18T09:49:17+00:00
BRA_444715,Brasília,5300108,,Urbi,0.898,https://moovitapp.com/index/pt-br/transporte_p%C3%BAblico-line-0_898-Brasilia-1702-851595-322394-0,-1.0,-15.851967,-48.11796,56.0,,,2,2023-06-18T09:49:15+00:00
BRA_442852,Brasília,5300108,,Urbi,0.347,https://moovitapp.com/index/pt-br/transporte_p%C3%BAblico-line-0_347-Brasilia-1702-851595-347128-0,-1.0,-15.838837,-48.12877,0.0,,,2,2023-06-18T09:49:15+00:00
BRA_443778,Brasília,5300108,,Marechal,157.6,https://moovitapp.com/index/pt-br/transporte_p%C3%BAblico-line-157_6-Brasilia-1702-851940-419627-0,-1.0,-15.87014,-48.03788,0.0,,,2,2023-06-18T09:49:15+00:00
BRA_444286,Brasília,5300108,,Marechal,933.1,https://moovitapp.com/index/pt-br/transporte_p%C3%BAblico-line-933_1-Brasilia-1702-851940-358307-0,-1.0,-15.839997,-48.130167,0.0,,,2,2023-06-18T09:49:15+00:00
BRA_440752,Brasília,5300108,,Marechal,0.205,https://moovitapp.com/index/pt-br/transporte_p%C3%BAblico-line-0_205-Brasilia-1702-851940-463646-0,-1.0,-16.02626,-48.066507,44.0,,,2,2023-06-18T09:49:15+00:00
BRA_440078,Brasília,5300108,,Marechal,0.090,https://moovitapp.com/index/pt-br/transporte_p%C3%BAblico-line-0_090-Brasilia-1702-851940-242702-0,-1.0,-15.79424,-47.943997,58.0,,,2,2023-06-18T09:49:15+00:00
BRA_443026,Brasília,5300108,,Marechal,0.383,https://moovitapp.com/index/pt-br/transporte_p%C3%BAblico-line-0_383-Brasilia-1702-851940-347151-0,-1.0,-15.790893,-48.030043,60.0,,,2,2023-06-18T09:48:35+00:00
BRA_444740,Brasília,5300108,,Urbi,372.4,https://moovitapp.com/index/pt-br/transporte_p%C3%BAblico-line-372_4-Brasilia-1702-851595-650087-0,-1.0,-15.82801,-48.059067,0.0,,,2,2023-06-18T09:49:15+00:00
BRA_443417,Brasília,5300108,,Marechal,933.2,https://moovitapp.com/index/pt-br/transporte_p%C3%BAblico-line-933_2-Brasilia-1702-851940-717428-0,-1.0,-15.840963,-48.126473,0.0,,,2,2023-06-18T09:49:15+00:00
BRA_441333,Brasília,5300108,,Marechal,959.1,https://moovitapp.com/index/pt-br/transporte_p%C3%BAblico-line-959_1-Brasilia-1702-851940-789939-0,-1.0,-15.80671,-48.06987,0.0,,,2,2023-06-18T09:49:15+00:00
BRA_442640,Brasília,5300108,,Urbi,0.050,https://moovitapp.com/index/pt-br/transporte_p%C3%BAblico-line-0_050-Brasilia-1702-851595-781325-0,-1.0,-15.89189,-48.147407,61.0,,,2,2023-06-18T09:49:15+00:00
BRA_440191,Brasília,5300108,,Marechal,357.1,https://moovitapp.com/index/pt-br/transporte_p%C3%BAblico-line-357_1-Brasilia-1702-851940-775113-0,-1.0,-15.86963,-48.038493,0.0,,,2,2023-06-18T09:49:10+00:00
BRA_444316,Brasília,5300108,,Marechal,933.3,https://moovitapp.com/index/pt-br/transporte_p%C3%BAblico-line-933_3-Brasilia-1702-851940-450287-0,-1.0,-15.840293,-48.129543,0.0,,,2,2023-06-18T09:49:15+00:00
BRA_443930,Brasília,5300108,,,ESPP5,,,-15.838767,-48.12905,0.0,,,2,2023-06-18T09:10:41+00:00
BRA_440663,Brasília,5300108,,Marechal,206.1,https://moovitapp.com/index/pt-br/transporte_p%C3%BAblico-line-206_1-Brasilia-1702-851940-137149861-0,-1.0,-15.869613,-48.037837,10.0,,,2,2023-06-18T09:41:14+00:00
BRA_444090,Brasília,5300108,,Marechal,933.3,https://moovitapp.com/index/pt-br/transporte_p%C3%BAblico-line-933_3-Brasilia-1702-851940-450287-0,-1.0,-15.840413,-48.129587,0.0,,,2,2023-06-18T09:49:15+00:00
BRA_443956,Brasília,5300108,,Marechal,0.361,https://moovitapp.com/index/pt-br/transporte_p%C3%BAblico-line-0_361-Brasilia-1702-851940-376158-0,-1.0,-15.839813,-48.13026,0.0,,,2,2023-06-18T09:49:15+00:00
BRA_440558,Brasília,5300108,,Marechal,351.3,https://moovitapp.com/index/pt-br/transporte_p%C3%BAblico-line-351_3-Brasilia-1702-851940-510249-0,-1.0,-15.869853,-48.038673,0.0,,,2,2023-06-18T09:49:21+00:00
BRA_441791,Brasília,5300108,,Marechal,0.089,https://moovitapp.com/index/pt-br/transporte_p%C3%BAblico-line-0_089-Brasilia-1702-851940-706977-0,-1.0,-15.839843,-48.129277,0.0,,,2,2023-06-18T09:49:15+00:00
BRA_440833,Brasília,5300108,,Piracicabana,099.1,https://moovitapp.com/index/pt-br/transporte_p%C3%BAblico-line-099_1-Brasilia-1702-850942-775090-0,-1.0,-15.869917,-48.03836,0.0,,,2,2023-06-18T09:49:10+00:00
BRA_444677,Brasília,5300108,,Urbi,0.367,https://moovitapp.com/index/pt-br/transporte_p%C3%BAblico-line-0_367-Brasilia-1702-851595-519380-0,-1.0,-15.883923,-48.150187,0.0,,,2,2023-06-18T09:49:15+00:00
BRA_444685,Brasília,5300108,,São José,332.1,https://moovitapp.com/index/pt-br/transporte_p%C3%BAblico-line-332_1-Brasilia-1702-851943-2068455-0,-1.0,-15.83801,-48.032083,31.0,,,2,2023-06-18T09:49:15+00:00
BRA_440566,Brasília,5300108,,Urbi,0.872,https://moovitapp.com/index/pt-br/transporte_p%C3%BAblico-line-0_872-Brasilia-1702-851595-466291-0,-1.0,-15.82349,-48.064103,0.0,,,2,2023-06-18T09:49:26+00:00
BRA_441368,Brasília,5300108,,Marechal,154.2,https://moovitapp.com/index/pt-br/transporte_p%C3%BAblico-line-154_2-Brasilia-1702-851940-527234-0,-1.0,-15.870043,-48.037797,0.0,,,2,2023-06-18T09:49:10+00:00
BRA_445231,Brasília,5300108,,Marechal,0.378,https://moovitapp.com/index/pt-br/transporte_p%C3%BAblico-line-0_378-Brasilia-1702-851940-347150-0,-1.0,-15.791577,-47.91132,58.0,,,2,2023-06-18T09:49:15+00:00
BRA_443948,Brasília,5300108,,Marechal,0.369,https://moovitapp.com/index/pt-br/transporte_p%C3%BAblico-line-0_369-Brasilia-1702-851940-500060-0,-1.0,-15.838803,-48.128847,0.0,,,2,2023-06-18T09:49:15+00:00
BRA_444189,Brasília,5300108,,Marechal,933.5,https://moovitapp.com/index/pt-br/transporte_p%C3%BAblico-line-933_5-Brasilia-1702-851940-766837-0,-1.0,-15.839857,-48.12999,0.0,,,2,2023-06-18T09:49:15+00:00
BRA_442208,Brasília,5300108,,Urbi,0.054,https://moovitapp.com/index/pt-br/transporte_p%C3%BAblico-line-0_054-Brasilia-1702-851595-454960-0,-1.0,-15.882337,-48.083623,19.0,,,2,2023-06-18T09:49:15+00:00
BRA_441759,Brasília,5300108,,Urbi,056.4,https://moovitapp.com/index/pt-br/transporte_p%C3%BAblico-line-056_4-Brasilia-1702-851595-519387-0,-1.0,-15.818187,-48.082223,0.0,,,2,2023-06-18T09:49:15+00:00
BRA_441872,Brasília,5300108,,Marechal,383.3,https://moovitapp.com/index/pt-br/transporte_p%C3%BAblico-line-383_3-Brasilia-1702-851940-88144102-0,-1.0,-15.83944,-48.128807,0.0,,,2,2023-06-18T09:49:21+00:00
BRA_440124,Brasília,5300108,,Marechal,0.205,https://moovitapp.com/index/pt-br/transporte_p%C3%BAblico-line-0_205-Brasilia-1702-851940-463646-0,-1.0,-15.870043,-48.038807,0.0,,,2,2023-06-18T09:49:15+00:00
BRA_440094,Brasília,5300108,,Marechal,0.205,https://moovitapp.com/index/pt-br/transporte_p%C3%BAblico-line-0_205-Brasilia-1702-851940-463646-0,-1.0,-15.869913,-48.038317,0.0,,,2,2023-06-18T09:49:15+00:00
BRA_443620,Brasília,5300108,,Marechal,0.951,https://moovitapp.com/index/pt-br/transporte_p%C3%BAblico-line-0_951-Brasilia-1702-851940-783578-0,-1.0,-15.870263,-48.03822,0.0,,,2,2023-06-18T09:49:15+00:00
BRA_441902,Brasília,5300108,,Marechal,933.2,https://moovitapp.com/index/pt-br/transporte_p%C3%BAblico-line-933_2-Brasilia-1702-851940-717428-0,-1.0,-15.816153,-48.101583,0.0,,,2,2023-06-18T09:49:18+00:00
BRA_443379,Brasília,5300108,,Marechal,0.089,https://moovitapp.com/index/pt-br/transporte_p%C3%BAblico-line-0_089-Brasilia-1702-851940-706977-0,-1.0,-15.811057,-47.98802,46.0,,,2,2023-06-18T09:49:15+00:00
BRA_441171,Brasília,5300108,,Marechal,0.205,https://moovitapp.com/index/pt-br/transporte_p%C3%BAblico-line-0_205-Brasilia-1702-851940-463646-0,-1.0,-15.809997,-48.089037,57.0,,,2,2023-06-18T09:49:15+00:00
BRA_443662,Brasília,5300108,,Marechal,157.6,https://moovitapp.com/index/pt-br/transporte_p%C3%BAblico-line-157_6-Brasilia-1702-851940-419627-0,-1.0,-15.870027,-48.037483,0.0,,,2,2023-06-18T09:49:21+00:00
BRA_444979,Brasília,5300108,,Urbi,0.898,https://moovitapp.com/index/pt-br/transporte_p%C3%BAblico-line-0_898-Brasilia-1702-851595-322394-0,-1.0,-15.917297,-48.046567,0.0,,,2,2023-06-18T09:49:10+00:00
BRA_444855,Brasília,5300108,,Urbi,0.050,https://moovitapp.com/index/pt-br/transporte_p%C3%BAblico-line-0_050-Brasilia-1702-851595-781325-0,-1.0,-15.88363,-48.129557,62.0,,,2,2023-06-18T09:49:15+00:00
BRA_444839,Brasília,5300108,,Marechal,0.089,https://moovitapp.com/index/pt-br/transporte_p%C3%BAblico-line-0_089-Brasilia-1702-851940-706977-0,-1.0,-15.824167,-47.980973,38.0,,,2,2023-06-18T09:49:15+00:00
BRA_440914,Brasília,5300108,,Marechal,154.2,https://moovitapp.com/index/pt-br/transporte_p%C3%BAblico-line-154_2-Brasilia-1702-851940-527234-0,-1.0,-15.869267,-48.037623,0.0,,,2,2023-06-18T09:49:15+00:00
BRA_441309,Brasília,5300108,,Marechal,0.090,https://moovitapp.com/index/pt-br/transporte_p%C3%BAblico-line-0_090-Brasilia-1702-851940-242702-0,-1.0,-15.829777,-47.987333,46.0,,,2,2023-06-18T09:49:15+00:00
BRA_441490,Brasília,5300108,,Marechal,361.1,https://moovitapp.com/index/pt-br/transporte_p%C3%BAblico-line-361_1-Brasilia-1702-851940-363861-0,-1.0,-15.8399,-48.129783,0.0,,,2,2023-06-18T09:49:10+00:00
BRA_443808,Brasília,5300108,,Marechal,157.1,https://moovitapp.com/index/pt-br/transporte_p%C3%BAblico-line-157_1-Brasilia-1702-851940-88144062-0,-1.0,-15.80424,-47.956657,57.0,,,2,2023-06-18T09:49:15+00:00
BRA_227901,Brasília,5300108,,Pioneira,180.1,https://moovitapp.com/index/pt-br/transporte_p%C3%BAblico-line-180_1-Brasilia-1702-851941-339336-0,-1.0,-15.808158,-47.850296,,,,2,2023-06-18T09:48:32+00:00
BRA_232149,Brasília,5300108,,Pioneira,205.1,https://moovitapp.com/index/pt-br/transporte_p%C3%BAblico-line-205_1-Brasilia-1702-851941-393571-0,-1.0,-16.037139,-48.056445,,,,2,2023-06-18T09:49:20+00:00
BRA_231321,Brasília,5300108,,Taguatur,3304,https://moovitapp.com/index/pt-br/transporte_p%C3%BAblico-line-3304-Brasilia-1702-854428-21462346-0,-1.0,-16.002235,-47.98711,,,,1,2023-06-18T09:49:14+00:00
BRA_231801,Brasília,5300108,,Pioneira,780.1,https://moovitapp.com/index/pt-br/transporte_p%C3%BAblico-line-780_1-Brasilia-1702-851941-531040-0,-1.0,-15.740662,-47.762075,,,,1,2023-06-18T09:49:14+00:00
BRA_229954,Brasília,5300108,,,3201,,,-16.0376,-48.061105,,,,1,2023-06-18T09:49:12+00:00
BRA_230120,Brasília,5300108,,Pioneira,073.2,https://moovitapp.com/index/pt-br/transporte_p%C3%BAblico-line-073_2-Brasilia-1702-851941-775124-0,-1.0,-15.880214,-47.959206,,,,1,2023-06-18T09:48:30+00:00
BRA_229032,Brasília,5300108,,Pioneira,0.255,https://moovitapp.com/index/pt-br/transporte_p%C3%BAblico-line-0_255-Brasilia-1702-851941-706978-0,-1.0,-15.963246,-48.022977,,,,1,2023-06-18T09:48:34+00:00
BRA_232629,Brasília,5300108,,,2202,,,-15.99244,-48.050418,,,,2,2023-06-18T09:49:42+00:00
BRA_228249,Brasília,5300108,,UTB,2302,https://moovitapp.com/index/pt-br/transporte_p%C3%BAblico-line-2302-Brasilia-1702-854427-744298-0,-1.0,-15.925519,-47.977192,,,,2,2023-06-18T09:49:12+00:00
BRA_231754,Brasília,5300108,,Pioneira,780.1,https://moovitapp.com/index/pt-br/transporte_p%C3%BAblico-line-780_1-Brasilia-1702-851941-531040-0,-1.0,-15.801406,-47.851103,,,,1,2023-06-18T09:49:32+00:00
BRA_228648,Brasília,5300108,,UTB,2302,https://moovitapp.com/index/pt-br/transporte_p%C3%BAblico-line-2302-Brasilia-1702-854427-744298-0,-1.0,-15.830382,-47.920575,,,,2,2023-06-18T09:49:28+00:00
BRA_228303,Brasília,5300108,,Pioneira,205.1,https://moovitapp.com/index/pt-br/transporte_p%C3%BAblico-line-205_1-Brasilia-1702-851941-393571-0,-1.0,-16.010106,-48.081151,,,,1,2023-06-18T09:48:42+00:00
BRA_232025,Brasília,5300108,,Pioneira,197.3,https://moovitapp.com/index/pt-br/transporte_p%C3%BAblico-line-197_3-Brasilia-1702-851941-519409-0,-1.0,-15.794353,-47.881971,,,,1,2023-06-18T09:10:00+00:00
BRA_229016,Brasília,5300108,,Pioneira,0.253,https://moovitapp.com/index/pt-br/transporte_p%C3%BAblico-line-0_253-Brasilia-1702-851941-510254-0,-1.0,-15.81051,-48.090402,,,,2,2023-06-18T09:49:32+00:00
BRA_229563,Brasília,5300108,,Pioneira,183.2,https://moovitapp.com/index/pt-br/transporte_p%C3%BAblico-line-183_2-Brasilia-1702-851941-242920-0,-1.0,-15.872566,-47.800985,,,,1,2023-06-18T09:49:54+00:00
BRA_226963,Brasília,5300108,,,2202,,,-15.945516,-47.990588,,,,1,2023-06-18T09:49:18+00:00
BRA_227765,Brasília,5300108,,,2202,,,-15.920796,-47.974058,,,,2,2023-06-18T09:49:22+00:00
BRA_229601,Brasília,5300108,,Pioneira,0.765,https://moovitapp.com/index/pt-br/transporte_p%C3%BAblico-line-0_765-Brasilia-1702-851941-576190-0,-1.0,-15.822283,-47.919698,,,,1,2023-06-18T09:49:00+00:00
BRA_231932,Brasília,5300108,,Pioneira,180.1,https://moovitapp.com/index/pt-br/transporte_p%C3%BAblico-line-180_1-Brasilia-1702-851941-339336-0,-1.0,-15.905865,-47.754884,,,,1,2023-06-18T09:48:30+00:00
BRA_232475,Brasília,5300108,,,3301,,,-16.042734,-48.01833,,,,1,2023-06-18T09:48:32+00:00
BRA_231843,Brasília,5300108,,Pioneira,181.2,https://moovitapp.com/index/pt-br/transporte_p%C3%BAblico-line-181_2-Brasilia-1702-851941-339338-0,-1.0,-15.849778,-47.856209,,,,1,2023-06-18T09:48:58+00:00
BRA_231631,Brasília,5300108,,Pioneira,0.762,https://moovitapp.com/index/pt-br/transporte_p%C3%BAblico-line-0_762-Brasilia-1702-851941-576189-0,-1.0,-15.736016,-47.765285,,,,1,2023-06-15T08:20:24+00:00
BRA_226947,Brasília,5300108,,Pioneira,0.510,https://moovitapp.com/index/pt-br/transporte_p%C3%BAblico-line-0_510-Brasilia-1702-851941-16483906-0,-1.0,-15.753404,-47.763435,,,,1,2023-06-18T09:49:52+00:00
BRA_226262,Brasília,5300108,,Pioneira,2308,https://moovitapp.com/index/pt-br/transporte_p%C3%BAblico-line-2308-Brasilia-1702-851941-18556636-0,-1.0,-15.93085,-47.980593,,,,1,2023-06-18T09:04:14+00:00
BRA_226441,Brasília,5300108,,Pioneira,100.2,https://moovitapp.com/index/pt-br/transporte_p%C3%BAblico-line-100_2-Brasilia-1702-851941-620160-0,-1.0,-15.814881,-47.88829,,,,1,2023-06-18T09:48:36+00:00
BRA_230057,Brasília,5300108,,Taguatur,3305,https://moovitapp.com/index/pt-br/transporte_p%C3%BAblico-line-3305-Brasilia-1702-854428-77810673-0,-1.0,-16.037816,-48.056629,,,,1,2023-06-18T09:49:28+00:00
BRA_227897,Brasília,5300108,,,3201,,,-16.039145,-48.061703,,,,1,2023-06-18T09:49:38+00:00
BRA_228885,Brasília,5300108,,UTB,2303,https://moovitapp.com/index/pt-br/transporte_p%C3%BAblico-line-2303-Brasilia-1702-854427-744299-0,-1.0,-15.978254,-47.989545,,,,1,2023-06-18T09:48:52+00:00
BRA_230031,Brasília,5300108,,,3204,,,-16.001326,-48.053965,,,,1,2023-06-18T09:48:56+00:00
BRA_226831,Brasília,5300108,,Pioneira,0.510,https://moovitapp.com/index/pt-br/transporte_p%C3%BAblico-line-0_510-Brasilia-1702-851941-16483906-0,-1.0,-15.76021,-47.780773,,,,1,2023-06-15T13:15:44+00:00
BRA_227480,Brasília,5300108,,,3201,,,-15.998349,-48.058562,,,,1,2023-06-15T21:20:48+00:00
BRA_227480,Brasília,5300108,,,3206,,,-16.011975,-48.082811,,,,1,2023-06-18T09:49:18+00:00
BRA_228125,Brasília,5300108,,Taguatur,3305,https://moovitapp.com/index/pt-br/transporte_p%C3%BAblico-line-3305-Brasilia-1702-854428-77810673-0,-1.0,-16.01778,-47.980962,,,,1,2023-06-18T09:49:14+00:00
BRA_231703,Brasília,5300108,,Pioneira,0.762,https://moovitapp.com/index/pt-br/transporte_p%C3%BAblico-line-0_762-Brasilia-1702-851941-576189-0,-1.0,-15.736154,-47.765273,,,,1,2023-06-18T09:48:28+00:00
BRA_226343,Brasília,5300108,,,2202,,,-15.99205,-48.049324,,,,2,2023-06-18T09:48:44+00:00
BRA_230138,Brasília,5300108,,Pioneira,0.255,https://moovitapp.com/index/pt-br/transporte_p%C3%BAblico-line-0_255-Brasilia-1702-851941-706978-0,-1.0,-15.794988,-48.110944,,,,1,2023-06-18T09:49:06+00:00
BRA_228583,Brasília,5300108,,Pioneira,0.253,https://moovitapp.com/index/pt-br/transporte_p%C3%BAblico-line-0_253-Brasilia-1702-851941-510254-0,-1.0,-16.042137,-48.025508,,,,1,2023-06-18T09:49:46+00:00
BRA_230171,Brasília,5300108,,Taguatur,3302,https://moovitapp.com/index/pt-br/transporte_p%C3%BAblico-line-3302-Brasilia-1702-854428-3135322-0,-1.0,-16.039078,-48.034307,,,,1,2023-06-18T09:49:26+00:00
BRA_232394,Brasília,5300108,,Pioneira,073.1,https://moovitapp.com/index/pt-br/transporte_p%C3%BAblico-line-073_1-Brasilia-1702-851941-775123-0,-1.0,-15.837924,-47.952384,,,,1,2023-06-18T09:50:08+00:00
BRA_229512,Brasília,5300108,,,3204,,,-15.992227,-48.049941,,,,1,2023-06-18T09:49:14+00:00
BRA_231649,Brasília,5300108,,Pioneira,764.2,https://moovitapp.com/index/pt-br/transporte_p%C3%BAblico-line-764_2-Brasilia-1702-851941-527246-0,-1.0,-15.782463,-47.778217,,,,2,2023-06-18T09:48:42+00:00
BRA_232335,Brasília,5300108,,,3301,,,-16.042168,-48.025889,,,,1,2023-06-18T09:14:44+00:00
BRA_229440,Brasília,5300108,,UTB,2302,https://moovitapp.com/index/pt-br/transporte_p%C3%BAblico-line-2302-Brasilia-1702-854427-744298-0,-1.0,-15.834972,-47.925109,,,,1,2023-06-18T09:49:14+00:00
BRA_225665,Brasília,5300108,,,2202,,,-15.866389,-47.942764,,,,1,2023-06-18T09:49:56+00:00
BRA_227498,Brasília,5300108,,Pioneira,180.1,https://moovitapp.com/index/pt-br/transporte_p%C3%BAblico-line-180_1-Brasilia-1702-851941-339336-0,-1.0,-15.813613,-47.842743,,,,2,2023-06-18T09:49:04+00:00
BRA_229202,Brasília,5300108,,UTB,2302,https://moovitapp.com/index/pt-br/transporte_p%C3%BAblico-line-2302-Brasilia-1702-854427-744298-0,-1.0,-15.811178,-47.892932,,,,1,2023-06-18T09:45:10+00:00
BRA_227307,Brasília,5300108,,Pioneira,180.1,https://moovitapp.com/index/pt-br/transporte_p%C3%BAblico-line-180_1-Brasilia-1702-851941-339336-0,-1.0,-15.801164,-47.855974,,,,1,2023-06-18T09:49:20+00:00
BRA_229971,Brasília,5300108,,,3204,,,-16.024764,-48.070133,,,,1,2023-06-18T09:49:06+00:00
BRA_227587,Brasília,5300108,,Pioneira,0.147,https://moovitapp.com/index/pt-br/transporte_p%C3%BAblico-line-0_147-Brasilia-1702-851941-519401-0,-1.0,-15.794282,-47.881964,,,,2,2023-06-18T09:46:42+00:00
BRA_232491,Brasília,5300108,,Taguatur,3302,https://moovitapp.com/index/pt-br/transporte_p%C3%BAblico-line-3302-Brasilia-1702-854428-3135322-0,-1.0,-16.032949,-48.034059,,,,1,2023-06-18T09:49:14+00:00
BRA_232068,Brasília,5300108,,Pioneira,180.2,https://moovitapp.com/index/pt-br/transporte_p%C3%BAblico-line-180_2-Brasilia-1702-851941-514539-0,-1.0,-15.81789,-47.834122,,,,2,2023-06-18T09:48:42+00:00
BRA_229920,Brasília,5300108,,,3207,,,-16.014044,-48.070381,,,,1,2023-06-18T09:49:34+00:00
BRA_225533,Brasília,5300108,,,2201,,,-15.970205,-48.025457,,,,2,2023-06-17T10:57:40+00:00
BRA_232009,Brasília,5300108,,Pioneira,197.3,https://moovitapp.com/index/pt-br/transporte_p%C3%BAblico-line-197_3-Brasilia-1702-851941-519409-0,-1.0,-15.794409,-47.882111,,,,1,2023-06-18T09:49:18+00:00
BRA_229091,Brasília,5300108,,Pioneira,784.3,https://moovitapp.com/index/pt-br/transporte_p%C3%BAblico-line-784_3-Brasilia-1702-851941-46904557-0,-1.0,-15.736279,-47.765305,,,,1,2023-06-18T09:49:02+00:00
BRA_228869,Brasília,5300108,,Pioneira,3312,https://moovitapp.com/index/pt-br/transporte_p%C3%BAblico-line-3312-Brasilia-1702-851941-616181-0,-1.0,-16.023762,-48.032037,,,,1,2023-06-18T09:48:22+00:00
BRA_227404,Brasília,5300108,,Pioneira,147.5,https://moovitapp.com/index/pt-br/transporte_p%C3%BAblico-line-147_5-Brasilia-1702-851941-519406-0,-1.0,-15.802256,-47.850519,,,,1,2023-06-18T09:49:02+00:00
BRA_229059,Brasília,5300108,,Pioneira,251.8,https://moovitapp.com/index/pt-br/transporte_p%C3%BAblico-line-251_8-Brasilia-1702-851941-708654-0,-1.0,-16.01008,-48.062065,,,,1,2023-06-18T09:49:10+00:00
BRA_229989,Brasília,5300108,,,3207,,,-15.992014,-48.049515,,,,1,2023-06-18T09:49:06+00:00
BRA_232483,Brasília,5300108,,Pioneira,020.2,https://moovitapp.com/index/pt-br/transporte_p%C3%BAblico-line-020_2-Brasilia-1702-851941-708653-0,-1.0,-16.001491,-48.053647,,,,1,2023-06-18T09:48:56+00:00
BRA_228168,Brasília,5300108,,UTB,2303,https://moovitapp.com/index/pt-br/transporte_p%C3%BAblico-line-2303-Brasilia-1702-854427-744299-0,-1.0,-15.970526,-47.991249,,,,2,2023-06-18T09:49:06+00:00
BRA_227030,Brasília,5300108,,Pioneira,759.1,https://moovitapp.com/index/pt-br/transporte_p%C3%BAblico-line-759_1-Brasilia-1702-851941-616183-0,-1.0,-15.781859,-47.784918,,,,1,2023-06-18T09:40:44+00:00
BRA_227439,Brasília,5300108,,Pioneira,180.1,https://moovitapp.com/index/pt-br/transporte_p%C3%BAblico-line-180_1-Brasilia-1702-851941-339336-0,-1.0,-15.815085,-47.839246,,,,1,2023-06-18T09:48:44+00:00
BRA_226238,Brasília,5300108,,Pioneira,2308,https://moovitapp.com/index/pt-br/transporte_p%C3%BAblico-line-2308-Brasilia-1702-851941-18556636-0,-1.0,-15.786902,-47.908063,,,,1,2023-06-18T09:49:44+00:00
BRA_227790,Brasília,5300108,,,3202,,,-16.037511,-48.056388,,,,1,2023-06-18T09:48:54+00:00
BRA_229946,Brasília,5300108,,Pioneira,073.1,https://moovitapp.com/index/pt-br/transporte_p%C3%BAblico-line-073_1-Brasilia-1702-851941-775123-0,-1.0,-15.870644,-47.928033,,,,1,2023-06-18T09:49:16+00:00
BRA_228907,Brasília,5300108,,Pioneira,0.255,https://moovitapp.com/index/pt-br/transporte_p%C3%BAblico-line-0_255-Brasilia-1702-851941-706978-0,-1.0,-16.042248,-48.026697,,,,1,2023-06-18T09:49:30+00:00
BRA_226521,Brasília,5300108,,Pioneira,510.1,https://moovitapp.com/index/pt-br/transporte_p%C3%BAblico-line-510_1-Brasilia-1702-851941-770035-0,-1.0,-15.754037,-47.753085,,,,1,2023-06-18T09:49:02+00:00
BRA_232301,Brasília,5300108,,Pioneira,020.2,https://moovitapp.com/index/pt-br/transporte_p%C3%BAblico-line-020_2-Brasilia-1702-851941-708653-0,-1.0,-16.021222,-48.024026,,,,1,2023-06-18T09:49:20+00:00
BRA_228109,Brasília,5300108,,,3206,,,-16.037613,-48.056483,,,,1,2023-06-18T09:49:30+00:00
BRA_226190,Brasília,5300108,,,2202,,,-15.793999,-47.882403,,,,1,2023-06-18T09:49:38+00:00
BRA_226904,Brasília,5300108,,Pioneira,764.2,https://moovitapp.com/index/pt-br/transporte_p%C3%BAblico-line-764_2-Brasilia-1702-851941-527246-0,-1.0,-15.752352,-47.761375,,,,1,2023-06-18T09:48:40+00:00
BRA_226211,Brasília,5300108,,Pioneira,2308,https://moovitapp.com/index/pt-br/transporte_p%C3%BAblico-line-2308-Brasilia-1702-851941-18556636-0,-1.0,-15.972441,-47.990734,,,,1,2023-06-18T09:49:22+00:00
BRA_226581,Brasília,5300108,,Pioneira,764.2,https://moovitapp.com/index/pt-br/transporte_p%C3%BAblico-line-764_2-Brasilia-1702-851941-527246-0,-1.0,-15.760202,-47.781301,,,,1,2023-06-18T09:49:50+00:00
BRA_229865,Brasília,5300108,,Pioneira,147.2,https://moovitapp.com/index/pt-br/transporte_p%C3%BAblico-line-147_2-Brasilia-1702-851941-519403-0,-1.0,-15.904964,-47.773055,,,,1,2023-06-18T09:49:18+00:00
BRA_227722,Brasília,5300108,,Pioneira,180.1,https://moovitapp.com/index/pt-br/transporte_p%C3%BAblico-line-180_1-Brasilia-1702-851941-339336-0,-1.0,-15.793837,-47.879695,,,,1,2023-06-18T00:28:16+00:00
BRA_226742,Brasília,5300108,,Pioneira,764.2,https://moovitapp.com/index/pt-br/transporte_p%C3%BAblico-line-764_2-Brasilia-1702-851941-527246-0,-1.0,-15.794247,-47.882104,,,,1,2023-06-18T09:49:02+00:00
BRA_226203,Brasília,5300108,,UTB,2302,https://moovitapp.com/index/pt-br/transporte_p%C3%BAblico-line-2302-Brasilia-1702-854427-744298-0,-1.0,-16.002616,-47.986837,,,,1,2023-06-18T09:48:52+00:00
BRA_231681,Brasília,5300108,,Pioneira,764.2,https://moovitapp.com/index/pt-br/transporte_p%C3%BAblico-line-764_2-Brasilia-1702-851941-527246-0,-1.0,-15.769998,-47.779692,,,,1,2023-06-18T09:49:24+00:00
BRA_228818,Brasília,5300108,,Pioneira,100.2,https://moovitapp.com/index/pt-br/transporte_p%C3%BAblico-line-100_2-Brasilia-1702-851941-620160-0,-1.0,-15.762696,-47.785688,,,,1,2023-06-18T09:48:24+00:00
BRA_231851,Brasília,5300108,,Pioneira,180.1,https://moovitapp.com/index/pt-br/transporte_p%C3%BAblico-line-180_1-Brasilia-1702-851941-339336-0,-1.0,-15.89419,-47.791918,,,,2,2023-06-18T09:49:04+00:00
BRA_227757,Brasília,5300108,,Pioneira,124.6,https://moovitapp.com/index/pt-br/transporte_p%C3%BAblico-line-124_6-Brasilia-1702-851941-425282-0,-1.0,-15.795182,-47.933997,,,,1,2023-06-18T09:49:18+00:00
BRA_226921,Brasília,5300108,,Pioneira,0.765,https://moovitapp.com/index/pt-br/transporte_p%C3%BAblico-line-0_765-Brasilia-1702-851941-576190-0,-1.0,-15.843202,-47.850468,,,,1,2023-06-18T09:49:40+00:00
BRA_230197,Brasília,5300108,,Pioneira,0.253,https://moovitapp.com/index/pt-br/transporte_p%C3%BAblico-line-0_253-Brasilia-1702-851941-510254-0,-1.0,-15.944069,-48.039374,,,,2,2023-06-18T09:49:06+00:00
BRA_227927,Brasília,5300108,,UTB,2303,https://moovitapp.com/index/pt-br/transporte_p%C3%BAblico-line-2303-Brasilia-1702-854427-744299-0,-1.0,-15.824552,-47.922712,,,,1,2023-06-18T09:49:14+00:00
BRA_232611,Brasília,5300108,,UTB,2303,https://moovitapp.com/index/pt-br/transporte_p%C3%BAblico-line-2303-Brasilia-1702-854427-744299-0,-1.0,-15.816302,-47.911687,,,,2,2023-06-18T09:49:08+00:00
BRA_231878,Brasília,5300108,,Pioneira,180.1,https://moovitapp.com/index/pt-br/transporte_p%C3%BAblico-line-180_1-Brasilia-1702-851941-339336-0,-1.0,-15.890106,-47.799688,,,,1,2023-06-18T09:49:54+00:00
BRA_229415,Brasília,5300108,,Pioneira,0.253,https://moovitapp.com/index/pt-br/transporte_p%C3%BAblico-line-0_253-Brasilia-1702-851941-510254-0,-1.0,-16.002743,-47.983779,,,,1,2023-06-18T09:48:34+00:00
BRA_227226,Brasília,5300108,,Pioneira,170.4,https://moovitapp.com/index/pt-br/transporte_p%C3%BAblico-line-170_4-Brasilia-1702-851941-379787-0,-1.0,-15.913296,-47.756296,,,,1,2023-06-18T09:48:22+00:00
BRA_231436,Brasília,5300108,,Pioneira,183.0,https://moovitapp.com/index/pt-br/transporte_p%C3%BAblico-line-183_0-Brasilia-1702-851941-26502248-0,-1.0,-15.91327,-47.756976,,,,1,2023-06-18T09:49:14+00:00
BRA_231622,Brasília,5300108,,Pioneira,102.1,https://moovitapp.com/index/pt-br/transporte_p%C3%BAblico-line-102_1-Brasilia-1702-851941-775125-0,-1.0,-15.796866,-47.891616,,,,1,2023-06-18T09:49:30+00:00
BRA_229709,Brasília,5300108,,Pioneira,180.2,https://moovitapp.com/index/pt-br/transporte_p%C3%BAblico-line-180_2-Brasilia-1702-851941-514539-0,-1.0,-15.889355,-47.814215,,,,1,2023-06-18T09:49:24+00:00
BRA_232211,Brasília,5300108,,,3202,,,-15.99374,-48.05167,,,,1,2023-06-18T09:49:12+00:00
BRA_223930,Brasília,5300108,,Pioneira,2306,https://moovitapp.com/index/pt-br/transporte_p%C3%BAblico-line-2306-Brasilia-1702-851941-18556641-0,-1.0,-16.022755,-48.031357,,,,1,2023-06-18T09:49:16+00:00
BRA_226831,Brasília,5300108,,Urbi,0.129,https://moovitapp.com/index/pt-br/transporte_p%C3%BAblico-line-0_129-Brasilia-1702-851595-775097-0,-1.0,-15.871798,-47.958017,,,,1,2023-06-15T19:41:04+00:00
BRA_229008,Brasília,5300108,,Pioneira,251.8,https://moovitapp.com/index/pt-br/transporte_p%C3%BAblico-line-251_8-Brasilia-1702-851941-708654-0,-1.0,-16.023349,-48.053813,,,,1,2023-06-17T01:28:22+00:00
BRA_226645,Brasília,5300108,,,2202,,,-15.867066,-47.943082,,,,2,2023-06-18T09:49:22+00:00
BRA_232092,Brasília,5300108,,Pioneira,181.2,https://moovitapp.com/index/pt-br/transporte_p%C3%BAblico-line-181_2-Brasilia-1702-851941-339338-0,-1.0,-15.830282,-47.877031,,,,1,2023-06-16T22:12:22+00:00
BRA_229067,Brasília,5300108,,Taguatur,3302,https://moovitapp.com/index/pt-br/transporte_p%C3%BAblico-line-3302-Brasilia-1702-854428-3135322-0,-1.0,-16.043224,-48.034091,,,,1,2023-06-18T09:49:44+00:00
BRA_228486,Brasília,5300108,,UTB,2302,https://moovitapp.com/index/pt-br/transporte_p%C3%BAblico-line-2302-Brasilia-1702-854427-744298-0,-1.0,-15.916953,-47.971406,,,,1,2023-06-18T09:50:18+00:00
BRA_226530,Brasília,5300108,,Pioneira,764.2,https://moovitapp.com/index/pt-br/transporte_p%C3%BAblico-line-764_2-Brasilia-1702-851941-527246-0,-1.0,-15.803434,-47.852006,,,,2,2023-06-18T09:49:14+00:00
BRA_227994,Brasília,5300108,,Pioneira,0.181,https://moovitapp.com/index/pt-br/transporte_p%C3%BAblico-line-0_181-Brasilia-1702-851941-242838-0,-1.0,-15.843002,-47.847975,,,,1,2023-06-18T09:48:28+00:00
BRA_231720,Brasília,5300108,,Pioneira,0.102,https://moovitapp.com/index/pt-br/transporte_p%C3%BAblico-line-0_102-Brasilia-1702-851941-775119-0,-1.0,-15.859246,-47.930456,,,,1,2023-06-18T09:38:34+00:00
BRA_228087,Brasília,5300108,,UTB,2302,https://moovitapp.com/index/pt-br/transporte_p%C3%BAblico-line-2302-Brasilia-1702-854427-744298-0,-1.0,-16.002359,-47.986544,,,,2,2023-06-18T09:49:54+00:00
BRA_226351,Brasília,5300108,,,2202,,,-15.806487,-47.888691,,,,1,2023-06-18T09:49:22+00:00
BRA_226700,Brasília,5300108,,Pioneira,163.1,https://moovitapp.com/index/pt-br/transporte_p%C3%BAblico-line-163_1-Brasilia-1702-851941-242911-0,-1.0,-15.8448,-47.94106,,,,2,2023-06-16T00:12:20+00:00
BRA_232157,Brasília,5300108,,Pioneira,205.1,https://moovitapp.com/index/pt-br/transporte_p%C3%BAblico-line-205_1-Brasilia-1702-851941-393571-0,-1.0,-16.037079,-48.056407,,,,1,2023-06-18T08:03:44+00:00
BRA_229504,Brasília,5300108,,Pioneira,0.780,https://moovitapp.com/index/pt-br/transporte_p%C3%BAblico-line-0_780-Brasilia-1702-851941-514537-0,-1.0,-15.752327,-47.763899,,,,1,2023-06-15T20:32:26+00:00
BRA_228354,Brasília,5300108,,Pioneira,0.253,https://moovitapp.com/index/pt-br/transporte_p%C3%BAblico-line-0_253-Brasilia-1702-851941-510254-0,-1.0,-16.044734,-48.029316,,,,1,2023-06-16T21:49:36+00:00
BRA_226769,Brasília,5300108,,Pioneira,764.2,https://moovitapp.com/index/pt-br/transporte_p%C3%BAblico-line-764_2-Brasilia-1702-851941-527246-0,-1.0,-15.785321,-47.777327,,,,2,2023-06-18T09:49:34+00:00
BRA_228184,Brasília,5300108,,Pioneira,3210,https://moovitapp.com/index/pt-br/transporte_p%C3%BAblico-line-3210-Brasilia-1702-851941-14518504-0,-1.0,-15.972691,-48.051397,,,,1,2023-06-18T09:48:40+00:00
BRA_226289,Brasília,5300108,,Pioneira,2308,https://moovitapp.com/index/pt-br/transporte_p%C3%BAblico-line-2308-Brasilia-1702-851941-18556636-0,-1.0,-15.780484,-47.887794,,,,2,2023-06-18T09:49:20+00:00
BRA_232408,Brasília,5300108,,Pioneira,3308,https://moovitapp.com/index/pt-br/transporte_p%C3%BAblico-line-3308-Brasilia-1702-851941-577772-0,-1.0,-16.047153,-48.031846,,,,1,2023-06-18T09:48:56+00:00
BRA_229679,Brasília,5300108,,Pioneira,759.1,https://moovitapp.com/index/pt-br/transporte_p%C3%BAblico-line-759_1-Brasilia-1702-851941-616183-0,-1.0,-15.741134,-47.898081,,,,2,2023-06-18T09:49:08+00:00
BRA_231819,Brasília,5300108,,Pioneira,197.3,https://moovitapp.com/index/pt-br/transporte_p%C3%BAblico-line-197_3-Brasilia-1702-851941-519409-0,-1.0,-15.843417,-47.849953,,,,1,2023-06-18T09:48:40+00:00
BRA_232289,Brasília,5300108,,Pioneira,205.1,https://moovitapp.com/index/pt-br/transporte_p%C3%BAblico-line-205_1-Brasilia-1702-851941-393571-0,-1.0,-15.959992,-48.026061,,,,2,2023-06-18T09:49:18+00:00
BRA_226041,Brasília,5300108,,Pioneira,2308,https://moovitapp.com/index/pt-br/transporte_p%C3%BAblico-line-2308-Brasilia-1702-851941-18556636-0,-1.0,-15.845071,-47.954138,,,,2,2023-06-18T09:49:00+00:00
BRA_226785,Brasília,5300108,,Urbi,0.129,https://moovitapp.com/index/pt-br/transporte_p%C3%BAblico-line-0_129-Brasilia-1702-851595-775097-0,-1.0,-15.857808,-47.922941,,,,2,2023-06-15T10:14:04+00:00
BRA_229407,Brasília,5300108,,Pioneira,0.275,https://moovitapp.com/index/pt-br/transporte_p%C3%BAblico-line-0_275-Brasilia-1702-851941-706979-0,-1.0,-16.042092,-48.026067,,,,1,2023-06-18T09:49:24+00:00
BRA_232505,Brasília,5300108,,Taguatur,3303,https://moovitapp.com/index/pt-br/transporte_p%C3%BAblico-line-3303-Brasilia-1702-854428-2224148-0,-1.0,-16.013301,-47.985216,,,,1,2023-06-18T09:49:22+00:00
BRA_228982,Brasília,5300108,,Taguatur,3303,https://moovitapp.com/index/pt-br/transporte_p%C3%BAblico-line-3303-Brasilia-1702-854428-2224148-0,-1.0,-16.041456,-48.027135,,,,1,2023-06-18T09:48:30+00:00
BRA_226912,Brasília,5300108,,Pioneira,0.759,https://moovitapp.com/index/pt-br/transporte_p%C3%BAblico-line-0_759-Brasilia-1702-851941-775121-0,-1.0,-15.764249,-47.890687,,,,2,2023-06-16T20:31:02+00:00
BRA_227633,Brasília,5300108,,Pioneira,183.2,https://moovitapp.com/index/pt-br/transporte_p%C3%BAblico-line-183_2-Brasilia-1702-851941-242920-0,-1.0,-15.913439,-47.757287,,,,1,2023-06-18T09:49:18+00:00
BRA_231592,Brasília,5300108,,Pioneira,764.2,https://moovitapp.com/index/pt-br/transporte_p%C3%BAblico-line-764_2-Brasilia-1702-851941-527246-0,-1.0,-15.809538,-47.847543,,,,1,2023-06-18T09:48:58+00:00
BRA_226815,Brasília,5300108,,Pioneira,0.126,https://moovitapp.com/index/pt-br/transporte_p%C3%BAblico-line-0_126-Brasilia-1702-851941-7879579-0,-1.0,-15.902279,-47.776844,,,,1,2023-06-18T09:48:52+00:00
BRA_232378,Brasília,5300108,,Pioneira,3307,https://moovitapp.com/index/pt-br/transporte_p%C3%BAblico-line-3307-Brasilia-1702-851941-519400-0,-1.0,-16.016896,-47.991116,,,,1,2023-06-18T09:49:04+00:00
BRA_230146,Brasília,5300108,,Taguatur,3302,https://moovitapp.com/index/pt-br/transporte_p%C3%BAblico-line-3302-Brasilia-1702-854428-3135322-0,-1.0,-16.004031,-47.988935,,,,1,2023-06-18T09:49:28+00:00
BRA_228419,Brasília,5300108,,Pioneira,0.147,https://moovitapp.com/index/pt-br/transporte_p%C3%BAblico-line-0_147-Brasilia-1702-851941-519401-0,-1.0,-15.913355,-47.757389,,,,1,2023-06-18T09:48:32+00:00
BRA_229890,Brasília,5300108,,Pioneira,197.3,https://moovitapp.com/index/pt-br/transporte_p%C3%BAblico-line-197_3-Brasilia-1702-851941-519409-0,-1.0,-15.911051,-47.765076,,,,1,2023-06-18T09:49:04+00:00
BRA_227803,Brasília,5300108,,Pioneira,0.181,https://moovitapp.com/index/pt-br/transporte_p%C3%BAblico-line-0_181-Brasilia-1702-851941-242838-0,-1.0,-15.913637,-47.756327,,,,1,2023-06-18T09:49:06+00:00
BRA_229903,Brasília,5300108,,Pioneira,170.4,https://moovitapp.com/index/pt-br/transporte_p%C3%BAblico-line-170_4-Brasilia-1702-851941-379787-0,-1.0,-16.048558,-47.813834,,,,1,2023-06-18T09:48:46+00:00
BRA_229911,Brasília,5300108,,Pioneira,205.1,https://moovitapp.com/index/pt-br/transporte_p%C3%BAblico-line-205_1-Brasilia-1702-851941-393571-0,-1.0,-15.851332,-48.040773,,,,1,2023-06-18T09:48:46+00:00
BRA_230081,Brasília,5300108,,Pioneira,0.255,https://moovitapp.com/index/pt-br/transporte_p%C3%BAblico-line-0_255-Brasilia-1702-851941-706978-0,-1.0,-15.850239,-48.041358,,,,1,2023-06-18T09:49:22+00:00
BRA_227919,Brasília,5300108,,,3206,,,-16.02059,-48.0829,,,,1,2023-06-18T09:48:32+00:00
BRA_228214,Brasília,5300108,,,3207,,,-15.992843,-48.050875,,,,1,2023-06-18T09:48:42+00:00
BRA_77534,Brasília,5300108,,Urbi,0.808,https://moovitapp.com/index/pt-br/transporte_p%C3%BAblico-line-0_808-Brasilia-1702-851595-372359-0,-1.0,-15.819243,-48.081965,,,,1,2023-06-18T09:37:00+00:00
BRA_710571,Brasília,5300108,,São José,0.311,https://moovitapp.com/index/pt-br/transporte_p%C3%BAblico-line-0_311-Brasilia-1702-851943-706986-0,-1.0,-15.808147,-47.931632,,,,1,2023-06-18T09:48:18+00:00
BRA_78140,Brasília,5300108,,São José,0.312,https://moovitapp.com/index/pt-br/transporte_p%C3%BAblico-line-0_312-Brasilia-1702-851943-706987-0,-1.0,-15.812987,-48.095081,,,,1,2023-06-18T09:48:26+00:00
BRA_78093,Brasília,5300108,,São José,0.331,https://moovitapp.com/index/pt-br/transporte_p%C3%BAblico-line-0_331-Brasilia-1702-851943-775133-0,-1.0,-15.803383,-48.069351,,,,2,2023-06-16T18:00:52+00:00
BRA_77798,Brasília,5300108,,São José,0.364,https://moovitapp.com/index/pt-br/transporte_p%C3%BAblico-line-0_364-Brasilia-1702-851943-707002-0,-1.0,-15.794177,-48.111974,,,,1,2023-06-18T09:36:32+00:00
BRA_78590,Brasília,5300108,,São José,0.382,https://moovitapp.com/index/pt-br/transporte_p%C3%BAblico-line-0_382-Brasilia-1702-851943-775140-0,-1.0,-15.79891,-48.056051,,,,1,2023-06-18T09:48:54+00:00
BRA_710393,Brasília,5300108,,São José,0.920,https://moovitapp.com/index/pt-br/transporte_p%C3%BAblico-line-0_920-Brasilia-1702-851943-707019-0,-1.0,-15.809485,-47.952244,,,,2,2023-06-18T09:49:22+00:00
BRA_79049,Brasília,5300108,,São José,0.926,https://moovitapp.com/index/pt-br/transporte_p%C3%BAblico-line-0_926-Brasilia-1702-851943-775154-0,-1.0,-15.823515,-48.114581,,,,1,2023-06-15T11:23:02+00:00
BRA_78603,Brasília,5300108,,São José,949.1,https://moovitapp.com/index/pt-br/transporte_p%C3%BAblico-line-949_1-Brasilia-1702-851943-707069-0,-1.0,-15.833376,-48.057195,,,,1,2023-06-18T09:48:20+00:00
BRA_711225,Brasília,5300108,,São José,0.159,https://moovitapp.com/index/pt-br/transporte_p%C3%BAblico-line-0_159-Brasilia-1702-851943-375523-0,-1.0,-15.779819,-47.992235,,,,2,2023-06-18T09:45:24+00:00
BRA_711250,Brasília,5300108,,São José,0.159,https://moovitapp.com/index/pt-br/transporte_p%C3%BAblico-line-0_159-Brasilia-1702-851943-375523-0,-1.0,-15.827939,-48.145315,,,,1,2023-06-18T09:49:16+00:00
BRA_500135,Brasília,5300108,,São José,0.402,https://moovitapp.com/index/pt-br/transporte_p%C3%BAblico-line-0_402-Brasilia-1702-851943-781335-0,-1.0,-15.682033,-48.198892,,,,1,2023-06-18T09:47:40+00:00
BRA_500054,Brasília,5300108,,São José,0.402,https://moovitapp.com/index/pt-br/transporte_p%C3%BAblico-line-0_402-Brasilia-1702-851943-781335-0,-1.0,-15.680138,-48.187848,,,,1,2023-06-18T08:54:32+00:00
BRA_76651,Brasília,5300108,,São José,928.1,https://moovitapp.com/index/pt-br/transporte_p%C3%BAblico-line-928_1-Brasilia-1702-851943-707067-0,-1.0,-15.807899,-48.156835,,,,1,2023-06-18T09:49:12+00:00
BRA_79707,Brasília,5300108,,São José,333.8,https://moovitapp.com/index/pt-br/transporte_p%C3%BAblico-line-333_8-Brasilia-1702-851943-376187-0,-1.0,-15.848015,-48.042585,,,,1,2023-06-18T09:48:40+00:00
BRA_76988,Brasília,5300108,,Urbi,086.1,https://moovitapp.com/index/pt-br/transporte_p%C3%BAblico-line-086_1-Brasilia-1702-851595-481321-0,-1.0,-15.88558,-48.022888,,,,1,2023-06-18T09:49:22+00:00
BRA_75973,Brasília,5300108,,São José,0.039,https://moovitapp.com/index/pt-br/transporte_p%C3%BAblico-line-0_039-Brasilia-1702-851943-781333-0,-1.0,-15.83499,-48.060291,,,,1,2023-06-18T09:48:14+00:00
BRA_711292,Brasília,5300108,,São José,0.092,https://moovitapp.com/index/pt-br/transporte_p%C3%BAblico-line-0_092-Brasilia-1702-851943-496589-0,-1.0,-15.825663,-47.951335,,,,1,2023-06-18T09:49:08+00:00
BRA_77071,Brasília,5300108,,Urbi,0.886,https://moovitapp.com/index/pt-br/transporte_p%C3%BAblico-line-0_886-Brasilia-1702-851595-704024-0,-1.0,-15.885908,-48.022621,,,,1,2023-06-18T09:48:44+00:00
BRA_78646,Brasília,5300108,,São José,0.965,https://moovitapp.com/index/pt-br/transporte_p%C3%BAblico-line-0_965-Brasilia-1702-851943-771760-0,-1.0,-15.792076,-48.053234,,,,1,2023-06-18T09:49:04+00:00
BRA_120529,Brasília,5300108,,Piracicabana,0.150,https://moovitapp.com/index/pt-br/transporte_p%C3%BAblico-line-0_150-Brasilia-1702-850942-775086-0,-1.0,-15.61264,-47.64064,,,,1,2023-06-16T03:20:09+00:00
BRA_118923,Brasília,5300108,,Piracicabana,062.7,https://moovitapp.com/index/pt-br/transporte_p%C3%BAblico-line-062_7-Brasilia-1702-850942-494154-0,-1.0,-15.65312,-47.77826,,,,1,2023-06-18T08:52:17+00:00
BRA_119504,Brasília,5300108,,Piracicabana,531.1,https://moovitapp.com/index/pt-br/transporte_p%C3%BAblico-line-531_1-Brasilia-1702-850942-476289-0,-1.0,-15.57004,-47.84122,,,,1,2023-06-18T09:02:28+00:00
BRA_117099,Brasília,5300108,,,628.2,,,-15.93104,-47.55172,,,,,2023-06-18T09:32:09+00:00
BRA_119431,Brasília,5300108,,Piracicabana,0.515,https://moovitapp.com/index/pt-br/transporte_p%C3%BAblico-line-0_515-Brasilia-1702-850942-26501707-0,-1.0,-15.66452,-47.88812,,,,,2023-06-18T09:38:20+00:00
BRA_120791,Brasília,5300108,,Piracicabana,158.1,https://moovitapp.com/index/pt-br/transporte_p%C3%BAblico-line-158_1-Brasilia-1702-850942-775094-0,-1.0,-15.79573,-47.97075,,,,,2023-06-18T09:44:01+00:00
BRA_120596,Brasília,5300108,,Piracicabana,0.104,https://moovitapp.com/index/pt-br/transporte_p%C3%BAblico-line-0_104-Brasilia-1702-850942-242376-0,-1.0,-15.79403,-47.88207,,,,1,2023-06-18T09:44:58+00:00
BRA_119288,Brasília,5300108,,Piracicabana,062.7,https://moovitapp.com/index/pt-br/transporte_p%C3%BAblico-line-062_7-Brasilia-1702-850942-494154-0,-1.0,-15.62689,-47.83958,,,,1,2023-06-18T09:46:02+00:00
BRA_119237,Brasília,5300108,,Piracicabana,501.3,https://moovitapp.com/index/pt-br/transporte_p%C3%BAblico-line-501_3-Brasilia-1702-850942-242472-0,-1.0,-15.63591,-47.83066,,,,1,2023-06-18T09:47:55+00:00
BRA_119521,Brasília,5300108,,Piracicabana,062.5,https://moovitapp.com/index/pt-br/transporte_p%C3%BAblico-line-062_5-Brasilia-1702-850942-339835-0,-1.0,-15.67997,-47.8485,,,,,2023-06-18T09:48:09+00:00
BRA_118290,Brasília,5300108,,Piracicabana,107.1,https://moovitapp.com/index/pt-br/transporte_p%C3%BAblico-line-107_1-Brasilia-1702-850942-242434-0,-1.0,-15.79348,-47.88268,,,,1,2023-06-18T09:48:24+00:00
BRA_118745,Brasília,5300108,,Piracicabana,128.1,https://moovitapp.com/index/pt-br/transporte_p%C3%BAblico-line-128_1-Brasilia-1702-850942-53234107-0,-1.0,-15.75977,-47.8921,,,,,2023-06-18T09:48:30+00:00
BRA_120685,Brasília,5300108,,Piracicabana,620.1,https://moovitapp.com/index/pt-br/transporte_p%C3%BAblico-line-620_1-Brasilia-1702-850942-697955-0,-1.0,-15.70682,-47.89149,,,,,2023-06-18T09:48:30+00:00
BRA_121100,Brasília,5300108,,Piracicabana,0.140,https://moovitapp.com/index/pt-br/transporte_p%C3%BAblico-line-0_140-Brasilia-1702-850942-242386-0,-1.0,-15.79453,-47.88046,,,,,2023-06-18T09:48:31+00:00
BRA_120987,Brasília,5300108,,Piracicabana,643.1,https://moovitapp.com/index/pt-br/transporte_p%C3%BAblico-line-643_1-Brasilia-1702-850942-772850-0,-1.0,-15.68726,-47.8562,,,,,2023-06-18T09:48:31+00:00
BRA_121053,Brasília,5300108,,Piracicabana,0.504,https://moovitapp.com/index/pt-br/transporte_p%C3%BAblico-line-0_504-Brasilia-1702-850942-781321-0,-1.0,-15.60913,-47.69555,,,,,2023-06-18T09:48:31+00:00
BRA_118770,Brasília,5300108,,Piracicabana,158.1,https://moovitapp.com/index/pt-br/transporte_p%C3%BAblico-line-158_1-Brasilia-1702-850942-775094-0,-1.0,-15.78107,-48.00143,,,,,2023-06-18T09:48:31+00:00
BRA_120227,Brasília,5300108,,Piracicabana,066.4,https://moovitapp.com/index/pt-br/transporte_p%C3%BAblico-line-066_4-Brasilia-1702-850942-763557-0,-1.0,-15.61522,-47.65825,,,,,2023-06-18T09:48:32+00:00
BRA_119661,Brasília,5300108,,Piracicabana,505.5,https://moovitapp.com/index/pt-br/transporte_p%C3%BAblico-line-505_5-Brasilia-1702-850942-651521-0,-1.0,-15.65329,-47.7975,,,,,2023-06-18T09:48:33+00:00
BRA_119113,Brasília,5300108,,Piracicabana,063.1,https://moovitapp.com/index/pt-br/transporte_p%C3%BAblico-line-063_1-Brasilia-1702-850942-339291-0,-1.0,-15.64834,-47.79951,,,,,2023-06-18T09:48:34+00:00
BRA_120090,Brasília,5300108,,Piracicabana,0.620,https://moovitapp.com/index/pt-br/transporte_p%C3%BAblico-line-0_620-Brasilia-1702-850942-470748-0,-1.0,-15.68737,-47.85691,,,,1,2023-06-18T09:48:34+00:00
BRA_120243,Brasília,5300108,,Piracicabana,0.504,https://moovitapp.com/index/pt-br/transporte_p%C3%BAblico-line-0_504-Brasilia-1702-850942-781321-0,-1.0,-15.64209,-47.75616,,,,,2023-06-18T09:48:37+00:00
BRA_119318,Brasília,5300108,,Piracicabana,0.509,https://moovitapp.com/index/pt-br/transporte_p%C3%BAblico-line-0_509-Brasilia-1702-850942-242397-0,-1.0,-15.75041,-47.88705,,,,,2023-06-18T09:48:37+00:00
BRA_119733,Brasília,5300108,,Piracicabana,064.1,https://moovitapp.com/index/pt-br/transporte_p%C3%BAblico-line-064_1-Brasilia-1702-850942-339292-0,-1.0,-15.60636,-47.64647,,,,,2023-06-18T09:48:37+00:00
BRA_118818,Brasília,5300108,,Piracicabana,0.143,https://moovitapp.com/index/pt-br/transporte_p%C3%BAblico-line-0_143-Brasilia-1702-850942-470747-0,-1.0,-15.75995,-47.92319,,,,,2023-06-18T09:48:38+00:00
BRA_118486,Brasília,5300108,,Piracicabana,0.116,https://moovitapp.com/index/pt-br/transporte_p%C3%BAblico-line-0_116-Brasilia-1702-850942-242381-0,-1.0,-15.7535,-47.89413,,,,,2023-06-18T09:48:38+00:00
BRA_120073,Brasília,5300108,,Piracicabana,620.1,https://moovitapp.com/index/pt-br/transporte_p%C3%BAblico-line-620_1-Brasilia-1702-850942-697955-0,-1.0,-15.64891,-47.77095,,,,,2023-06-18T09:48:38+00:00
BRA_120456,Brasília,5300108,,Piracicabana,600.7,https://moovitapp.com/index/pt-br/transporte_p%C3%BAblico-line-600_7-Brasilia-1702-850942-698442-0,-1.0,-15.65083,-47.77512,,,,,2023-06-18T09:48:38+00:00
BRA_120626,Brasília,5300108,,Piracicabana,152.5,https://moovitapp.com/index/pt-br/transporte_p%C3%BAblico-line-152_5-Brasilia-1702-850942-542828-0,-1.0,-15.79656,-47.94452,,,,1,2023-06-18T09:48:39+00:00
BRA_121088,Brasília,5300108,,Piracicabana,602.1,https://moovitapp.com/index/pt-br/transporte_p%C3%BAblico-line-602_1-Brasilia-1702-850942-242491-0,-1.0,-15.62288,-47.72022,,,,,2023-06-18T09:48:39+00:00
BRA_120197,Brasília,5300108,,Piracicabana,0.620,https://moovitapp.com/index/pt-br/transporte_p%C3%BAblico-line-0_620-Brasilia-1702-850942-470748-0,-1.0,-15.64933,-47.77251,,,,,2023-06-18T09:48:40+00:00
BRA_118222,Brasília,5300108,,Piracicabana,110.2,https://moovitapp.com/index/pt-br/transporte_p%C3%BAblico-line-110_2-Brasilia-1702-850942-339295-0,-1.0,-15.79413,-47.87566,,,,,2023-06-18T09:48:41+00:00
BRA_116432,Brasília,5300108,,Piracicabana,601.3,https://moovitapp.com/index/pt-br/transporte_p%C3%BAblico-line-601_3-Brasilia-1702-850942-339836-0,-1.0,-15.61755,-47.65504,,,,,2023-06-18T09:48:41+00:00
BRA_120111,Brasília,5300108,,Piracicabana,102.6,https://moovitapp.com/index/pt-br/transporte_p%C3%BAblico-line-102_6-Brasilia-1702-850942-775091-0,-1.0,-15.83212,-47.92804,,,,,2023-06-18T09:48:42+00:00
BRA_118605,Brasília,5300108,,Piracicabana,0.116,https://moovitapp.com/index/pt-br/transporte_p%C3%BAblico-line-0_116-Brasilia-1702-850942-242381-0,-1.0,-15.78569,-47.88763,,,,,2023-06-18T09:48:42+00:00
BRA_120561,Brasília,5300108,,Piracicabana,066.4,https://moovitapp.com/index/pt-br/transporte_p%C3%BAblico-line-066_4-Brasilia-1702-850942-763557-0,-1.0,-15.64797,-47.64978,,,,,2023-06-18T09:48:43+00:00
BRA_120324,Brasília,5300108,,Piracicabana,0.617,https://moovitapp.com/index/pt-br/transporte_p%C3%BAblico-line-0_617-Brasilia-1702-850942-242417-0,-1.0,-15.66965,-47.64432,,,,,2023-06-18T09:48:43+00:00
BRA_120928,Brasília,5300108,,Piracicabana,136.7,https://moovitapp.com/index/pt-br/transporte_p%C3%BAblico-line-136_7-Brasilia-1702-850942-242451-0,-1.0,-15.79285,-47.87523,,,,,2023-06-18T09:48:43+00:00
BRA_120359,Brasília,5300108,,Piracicabana,099.1,https://moovitapp.com/index/pt-br/transporte_p%C3%BAblico-line-099_1-Brasilia-1702-850942-775090-0,-1.0,-15.84188,-48.04557,,,,1,2023-06-18T09:48:44+00:00
BRA_120731,Brasília,5300108,,Piracicabana,0.136,https://moovitapp.com/index/pt-br/transporte_p%C3%BAblico-line-0_136-Brasilia-1702-850942-719957-0,-1.0,-15.75146,-47.88092,,,,,2023-06-18T09:48:45+00:00
BRA_120863,Brasília,5300108,,Piracicabana,152.1,https://moovitapp.com/index/pt-br/transporte_p%C3%BAblico-line-152_1-Brasilia-1702-850942-542827-0,-1.0,-15.78854,-47.91026,,,,,2023-06-18T09:48:47+00:00
BRA_120146,Brasília,5300108,,Piracicabana,512.1,https://moovitapp.com/index/pt-br/transporte_p%C3%BAblico-line-512_1-Brasilia-1702-850942-474401-0,-1.0,-15.68487,-47.84858,,,,,2023-06-18T09:48:48+00:00
BRA_120880,Brasília,5300108,,Piracicabana,102.6,https://moovitapp.com/index/pt-br/transporte_p%C3%BAblico-line-102_6-Brasilia-1702-850942-775091-0,-1.0,-15.85745,-47.93411,,,,,2023-06-18T09:48:50+00:00
BRA_121037,Brasília,5300108,,Piracicabana,0.620,https://moovitapp.com/index/pt-br/transporte_p%C3%BAblico-line-0_620-Brasilia-1702-850942-470748-0,-1.0,-15.62708,-47.65471,,,,,2023-06-18T09:48:51+00:00
BRA_120693,Brasília,5300108,,Piracicabana,066.3,https://moovitapp.com/index/pt-br/transporte_p%C3%BAblico-line-066_3-Brasilia-1702-850942-513542-0,-1.0,-15.59883,-47.68317,,,,,2023-06-18T09:48:51+00:00
BRA_120782,Brasília,5300108,,Piracicabana,158.1,https://moovitapp.com/index/pt-br/transporte_p%C3%BAblico-line-158_1-Brasilia-1702-850942-775094-0,-1.0,-15.8014,-47.89434,,,,,2023-06-18T09:48:51+00:00
BRA_120448,Brasília,5300108,,Piracicabana,0.600,https://moovitapp.com/index/pt-br/transporte_p%C3%BAblico-line-0_600-Brasilia-1702-850942-242410-0,-1.0,-15.68308,-47.84308,,,,,2023-06-18T09:48:51+00:00
BRA_120472,Brasília,5300108,,Piracicabana,064.1,https://moovitapp.com/index/pt-br/transporte_p%C3%BAblico-line-064_1-Brasilia-1702-850942-339292-0,-1.0,-15.64126,-47.63131,,,,,2023-06-18T09:48:52+00:00
BRA_120812,Brasília,5300108,,Piracicabana,162.1,https://moovitapp.com/index/pt-br/transporte_p%C3%BAblico-line-162_1-Brasilia-1702-850942-762425-0,-1.0,-15.8228,-47.92068,,,,,2023-06-18T09:48:52+00:00
BRA_120821,Brasília,5300108,,Piracicabana,0.116,https://moovitapp.com/index/pt-br/transporte_p%C3%BAblico-line-0_116-Brasilia-1702-850942-242381-0,-1.0,-15.79395,-47.87573,,,,,2023-06-18T09:48:53+00:00
BRA_120758,Brasília,5300108,,Piracicabana,067.3,https://moovitapp.com/index/pt-br/transporte_p%C3%BAblico-line-067_3-Brasilia-1702-850942-339294-0,-1.0,-15.68215,-47.65598,,,,1,2023-06-18T09:48:54+00:00
BRA_120600,Brasília,5300108,,Piracicabana,600.2,https://moovitapp.com/index/pt-br/transporte_p%C3%BAblico-line-600_2-Brasilia-1702-850942-242486-0,-1.0,-15.68633,-47.85324,,,,,2023-06-18T09:48:56+00:00
BRA_120740,Brasília,5300108,,Piracicabana,0.600,https://moovitapp.com/index/pt-br/transporte_p%C3%BAblico-line-0_600-Brasilia-1702-850942-242410-0,-1.0,-15.62896,-47.65193,,,,,2023-06-18T09:48:56+00:00
BRA_120618,Brasília,5300108,,Piracicabana,616.2,https://moovitapp.com/index/pt-br/transporte_p%C3%BAblico-line-616_2-Brasilia-1702-850942-470754-0,-1.0,-15.64368,-47.7603,,,,,2023-06-18T09:48:57+00:00
BRA_119083,Brasília,5300108,,Piracicabana,501.3,https://moovitapp.com/index/pt-br/transporte_p%C3%BAblico-line-501_3-Brasilia-1702-850942-242472-0,-1.0,-15.75287,-47.88629,,,,,2023-06-18T09:48:58+00:00
BRA_120251,Brasília,5300108,,Piracicabana,0.600,https://moovitapp.com/index/pt-br/transporte_p%C3%BAblico-line-0_600-Brasilia-1702-850942-242410-0,-1.0,-15.66846,-47.81356,,,,,2023-06-18T09:48:58+00:00
BRA_120154,Brasília,5300108,,Piracicabana,601.2,https://moovitapp.com/index/pt-br/transporte_p%C3%BAblico-line-601_2-Brasilia-1702-850942-322378-0,-1.0,-15.61703,-47.654,,,,,2023-06-18T09:48:58+00:00
BRA_120065,Brasília,5300108,,Piracicabana,643.1,https://moovitapp.com/index/pt-br/transporte_p%C3%BAblico-line-643_1-Brasilia-1702-850942-772850-0,-1.0,-15.6181,-47.67226,,,,,2023-06-18T09:48:59+00:00
BRA_119687,Brasília,5300108,,Piracicabana,501.7,https://moovitapp.com/index/pt-br/transporte_p%C3%BAblico-line-501_7-Brasilia-1702-850942-519379-0,-1.0,-15.79465,-47.88384,,,,,2023-06-18T09:48:59+00:00
BRA_119938,Brasília,5300108,,Piracicabana,0.143,https://moovitapp.com/index/pt-br/transporte_p%C3%BAblico-line-0_143-Brasilia-1702-850942-470747-0,-1.0,-15.75693,-47.93568,,,,,2023-06-18T09:49:00+00:00
BRA_119482,Brasília,5300108,,Piracicabana,0.509,https://moovitapp.com/index/pt-br/transporte_p%C3%BAblico-line-0_509-Brasilia-1702-850942-242397-0,-1.0,-15.69824,-47.87958,,,,,2023-06-18T09:49:00+00:00
BRA_119547,Brasília,5300108,,Piracicabana,505.8,https://moovitapp.com/index/pt-br/transporte_p%C3%BAblico-line-505_8-Brasilia-1702-850942-339297-0,-1.0,-15.65851,-47.85522,,,,,2023-06-18T09:49:00+00:00
BRA_118206,Brasília,5300108,,Piracicabana,136.5,https://moovitapp.com/index/pt-br/transporte_p%C3%BAblico-line-136_5-Brasilia-1702-850942-516628-0,-1.0,-15.74759,-47.8818,,,,,2023-06-18T09:49:00+00:00
BRA_121045,Brasília,5300108,,Piracicabana,643.1,https://moovitapp.com/index/pt-br/transporte_p%C3%BAblico-line-643_1-Brasilia-1702-850942-772850-0,-1.0,-15.72938,-47.89494,,,,,2023-06-18T09:49:00+00:00
BRA_119776,Brasília,5300108,,Piracicabana,501.3,https://moovitapp.com/index/pt-br/transporte_p%C3%BAblico-line-501_3-Brasilia-1702-850942-242472-0,-1.0,-15.83585,-47.93306,,,,,2023-06-18T09:49:01+00:00
BRA_120979,Brasília,5300108,,Piracicabana,0.620,https://moovitapp.com/index/pt-br/transporte_p%C3%BAblico-line-0_620-Brasilia-1702-850942-470748-0,-1.0,-15.61823,-47.6501,,,,,2023-06-18T09:49:03+00:00
BRA_120405,Brasília,5300108,,Piracicabana,600.7,https://moovitapp.com/index/pt-br/transporte_p%C3%BAblico-line-600_7-Brasilia-1702-850942-698442-0,-1.0,-15.7776,-47.88011,,,,,2023-06-18T09:49:03+00:00
BRA_121061,Brasília,5300108,,Piracicabana,0.640,https://moovitapp.com/index/pt-br/transporte_p%C3%BAblico-line-0_640-Brasilia-1702-850942-242423-0,-1.0,-15.68735,-47.85675,,,,1,2023-06-18T09:49:05+00:00
BRA_118249,Brasília,5300108,,Piracicabana,115.1,https://moovitapp.com/index/pt-br/transporte_p%C3%BAblico-line-115_1-Brasilia-1702-850942-242436-0,-1.0,-15.77374,-47.8745,,,,,2023-06-18T09:49:06+00:00
BRA_120961,Brasília,5300108,,Piracicabana,104.1,https://moovitapp.com/index/pt-br/transporte_p%C3%BAblico-line-104_1-Brasilia-1702-850942-242430-0,-1.0,-15.78976,-47.84841,,,,1,2023-06-18T09:49:07+00:00
BRA_119270,Brasília,5300108,,Piracicabana,136.9,https://moovitapp.com/index/pt-br/transporte_p%C3%BAblico-line-136_9-Brasilia-1702-850942-773702-0,-1.0,-15.82372,-47.90883,,,,,2023-06-18T09:49:11+00:00
BRA_120804,Brasília,5300108,,Piracicabana,158.1,https://moovitapp.com/index/pt-br/transporte_p%C3%BAblico-line-158_1-Brasilia-1702-850942-775094-0,-1.0,-15.80905,-47.93939,,,,,2023-06-18T09:49:11+00:00
BRA_119342,Brasília,5300108,,Piracicabana,505.3,https://moovitapp.com/index/pt-br/transporte_p%C3%BAblico-line-505_3-Brasilia-1702-850942-352626-0,-1.0,-15.63849,-47.84214,,,,,2023-06-18T09:49:12+00:00
BRA_118966,Brasília,5300108,,Piracicabana,0.611,https://moovitapp.com/index/pt-br/transporte_p%C3%BAblico-line-0_611-Brasilia-1702-850942-25771159-0,-1.0,-15.62618,-47.65569,,,,,2023-06-18T09:49:13+00:00
BRA_118991,Brasília,5300108,,Piracicabana,152.1,https://moovitapp.com/index/pt-br/transporte_p%C3%BAblico-line-152_1-Brasilia-1702-850942-542827-0,-1.0,-15.78578,-47.90182,,,,,2023-06-18T09:49:13+00:00
BRA_119334,Brasília,5300108,,Piracicabana,501.3,https://moovitapp.com/index/pt-br/transporte_p%C3%BAblico-line-501_3-Brasilia-1702-850942-242472-0,-1.0,-15.76558,-47.88375,,,,,2023-06-18T09:49:13+00:00
BRA_120260,Brasília,5300108,,Piracicabana,620.1,https://moovitapp.com/index/pt-br/transporte_p%C3%BAblico-line-620_1-Brasilia-1702-850942-697955-0,-1.0,-15.79633,-47.88428,,,,,2023-06-18T09:49:13+00:00
BRA_120898,Brasília,5300108,,Piracicabana,136.9,https://moovitapp.com/index/pt-br/transporte_p%C3%BAblico-line-136_9-Brasilia-1702-850942-773702-0,-1.0,-15.83087,-47.92902,,,,,2023-06-18T09:49:13+00:00
BRA_120162,Brasília,5300108,,Piracicabana,519.2,https://moovitapp.com/index/pt-br/transporte_p%C3%BAblico-line-519_2-Brasilia-1702-850942-242483-0,-1.0,-15.80532,-47.88987,,,,,2023-06-18T09:49:14+00:00
BRA_120588,Brasília,5300108,,Piracicabana,616.2,https://moovitapp.com/index/pt-br/transporte_p%C3%BAblico-line-616_2-Brasilia-1702-850942-470754-0,-1.0,-15.63766,-47.63418,,,,,2023-06-18T09:49:14+00:00
BRA_119164,Brasília,5300108,,Piracicabana,062.6,https://moovitapp.com/index/pt-br/transporte_p%C3%BAblico-line-062_6-Brasilia-1702-850942-339289-0,-1.0,-15.63976,-47.8237,,,,,2023-06-18T09:49:14+00:00
BRA_118311,Brasília,5300108,,Piracicabana,107.1,https://moovitapp.com/index/pt-br/transporte_p%C3%BAblico-line-107_1-Brasilia-1702-850942-242434-0,-1.0,-15.81717,-47.91301,,,,,2023-06-18T09:49:15+00:00
BRA_119636,Brasília,5300108,,Piracicabana,0.150,https://moovitapp.com/index/pt-br/transporte_p%C3%BAblico-line-0_150-Brasilia-1702-850942-775086-0,-1.0,-15.81289,-47.89683,,,,,2023-06-18T09:49:16+00:00
BRA_121029,Brasília,5300108,,Piracicabana,600.2,https://moovitapp.com/index/pt-br/transporte_p%C3%BAblico-line-600_2-Brasilia-1702-850942-242486-0,-1.0,-15.62407,-47.65885,,,,,2023-06-18T09:49:16+00:00
BRA_116297,Brasília,5300108,,Piracicabana,0.649,https://moovitapp.com/index/pt-br/transporte_p%C3%BAblico-line-0_649-Brasilia-1702-850942-771758-0,-1.0,-15.614,-47.67221,,,,,2023-06-18T09:49:17+00:00
BRA_118711,Brasília,5300108,,Piracicabana,0.114,https://moovitapp.com/index/pt-br/transporte_p%C3%BAblico-line-0_114-Brasilia-1702-850942-242379-0,-1.0,-15.82116,-47.89568,,,,,2023-06-18T09:49:18+00:00
BRA_119407,Brasília,5300108,,Piracicabana,063.1,https://moovitapp.com/index/pt-br/transporte_p%C3%BAblico-line-063_1-Brasilia-1702-850942-339291-0,-1.0,-15.64997,-47.78596,,,,,2023-06-18T09:49:22+00:00
