bus_id,city,city_code,adapted,agency,line_code,line_url,line_fare,latitude,longitude,bus_speed,is_eletric,bus_type,bus_direction,updated_at
BRA_335398,Brasília,5300108,,Urbi,366.1,https://moovitapp.com/index/pt-br/transporte_p%C3%BAblico-line-366_1-Brasilia-1702-851595-425249-0,-1.0,-15.8823,-48.08361,9.44,,,2,2023-06-16T00:44:52+00:00
BRA_339776,Brasília,5300108,,Urbi,0.171,https://moovitapp.com/index/pt-br/transporte_p%C3%BAblico-line-0_171-Brasilia-1702-851595-242524-0,-1.0,-15.75165,-47.89472,0.0,,,2,2023-06-16T00:57:04+00:00
BRA_340171,Brasília,5300108,,Urbi,0.391,https://moovitapp.com/index/pt-br/transporte_p%C3%BAblico-line-0_391-Brasilia-1702-851595-372354-0,-1.0,-15.88418,-48.15105,0.28,,,1,2023-06-16T00:57:26+00:00
BRA_336670,Brasília,5300108,,Urbi,380.2,https://moovitapp.com/index/pt-br/transporte_p%C3%BAblico-line-380_2-Brasilia-1702-851595-334086-0,-1.0,-15.86214,-48.07552,0.0,,,1,2023-06-16T00:57:44+00:00
BRA_339890,Brasília,5300108,,Urbi,0.393,https://moovitapp.com/index/pt-br/transporte_p%C3%BAblico-line-0_393-Brasilia-1702-851595-588805-0,-1.0,-15.87079,-48.06425,10.83,,,1,2023-06-16T01:00:04+00:00
BRA_340111,Brasília,5300108,,Urbi,056.2,https://moovitapp.com/index/pt-br/transporte_p%C3%BAblico-line-056_2-Brasilia-1702-851595-492982-0,-1.0,-15.89389,-48.13877,11.67,,,2,2023-06-16T01:00:30+00:00
BRA_339903,Brasília,5300108,,Urbi,0.163,https://moovitapp.com/index/pt-br/transporte_p%C3%BAblico-line-0_163-Brasilia-1702-851595-352629-0,-1.0,-15.81221,-47.90606,5.28,,,1,2023-06-16T01:00:48+00:00
BRA_337820,Brasília,5300108,,Urbi,0.882,https://moovitapp.com/index/pt-br/transporte_p%C3%BAblico-line-0_882-Brasilia-1702-851595-363858-0,-1.0,-15.79784,-47.9134,17.78,,,1,2023-06-16T01:00:52+00:00
BRA_336548,Brasília,5300108,,Urbi,813.1,https://moovitapp.com/index/pt-br/transporte_p%C3%BAblico-line-813_1-Brasilia-1702-851595-242635-0,-1.0,-15.79443,-47.87177,1.94,,,2,2023-06-16T01:01:21+00:00
BRA_338648,Brasília,5300108,,Urbi,805.1,https://moovitapp.com/index/pt-br/transporte_p%C3%BAblico-line-805_1-Brasilia-1702-851595-454980-0,-1.0,-15.85964,-48.03659,17.22,,,1,2023-06-16T01:01:33+00:00
BRA_336327,Brasília,5300108,,Urbi,394.1,https://moovitapp.com/index/pt-br/transporte_p%C3%BAblico-line-394_1-Brasilia-1702-851595-334089-0,-1.0,-15.89852,-48.12162,15.28,,,2,2023-06-16T01:01:38+00:00
BRA_339512,Brasília,5300108,,Urbi,0.806,https://moovitapp.com/index/pt-br/transporte_p%C3%BAblico-line-0_806-Brasilia-1702-851595-339299-0,-1.0,-15.8644,-48.05792,7.78,,,1,2023-06-16T01:01:39+00:00
BRA_336386,Brasília,5300108,,Urbi,0.394,https://moovitapp.com/index/pt-br/transporte_p%C3%BAblico-line-0_394-Brasilia-1702-851595-334076-0,-1.0,-15.84802,-48.04251,0.0,,,1,2023-06-16T01:01:41+00:00
BRA_339105,Brasília,5300108,,Urbi,0.873,https://moovitapp.com/index/pt-br/transporte_p%C3%BAblico-line-0_873-Brasilia-1702-851595-510238-0,-1.0,-15.85313,-48.07141,12.22,,,1,2023-06-16T01:01:44+00:00
BRA_335380,Brasília,5300108,,Urbi,0.825,https://moovitapp.com/index/pt-br/transporte_p%C3%BAblico-line-0_825-Brasilia-1702-851595-334081-0,-1.0,-15.81351,-47.89754,14.17,,,2,2023-06-16T01:01:49+00:00
BRA_335576,Brasília,5300108,,Urbi,393.4,https://moovitapp.com/index/pt-br/transporte_p%C3%BAblico-line-393_4-Brasilia-1702-851595-588816-0,-1.0,-15.85953,-48.04827,14.72,,,1,2023-06-16T01:01:49+00:00
BRA_335673,Brasília,5300108,,Urbi,0.373,https://moovitapp.com/index/pt-br/transporte_p%C3%BAblico-line-0_373-Brasilia-1702-851595-334072-0,-1.0,-15.85652,-48.07057,1.11,,,1,2023-06-16T01:01:51+00:00
BRA_340189,Brasília,5300108,,Urbi,391.3,https://moovitapp.com/index/pt-br/transporte_p%C3%BAblico-line-391_3-Brasilia-1702-851595-372373-0,-1.0,-15.88678,-48.15079,8.33,,,2,2023-06-16T01:01:51+00:00
BRA_338184,Brasília,5300108,,Urbi,0.898,https://moovitapp.com/index/pt-br/transporte_p%C3%BAblico-line-0_898-Brasilia-1702-851595-322394-0,-1.0,-15.84048,-48.12683,7.5,,,1,2023-06-16T01:01:53+00:00
BRA_338851,Brasília,5300108,,Urbi,0.172,https://moovitapp.com/index/pt-br/transporte_p%C3%BAblico-line-0_172-Brasilia-1702-851595-470756-0,-1.0,-15.85717,-47.95562,8.61,,,1,2023-06-16T01:01:54+00:00
BRA_336297,Brasília,5300108,,Urbi,372.3,https://moovitapp.com/index/pt-br/transporte_p%C3%BAblico-line-372_3-Brasilia-1702-851595-641001-0,-1.0,-15.82814,-48.05905,7.5,,,2,2023-06-16T01:01:55+00:00
BRA_337901,Brasília,5300108,,Urbi,0.809,https://moovitapp.com/index/pt-br/transporte_p%C3%BAblico-line-0_809-Brasilia-1702-851595-516630-0,-1.0,-15.87735,-48.00327,18.33,,,2,2023-06-16T01:01:56+00:00
BRA_335801,Brasília,5300108,,Urbi,367.2,https://moovitapp.com/index/pt-br/transporte_p%C3%BAblico-line-367_2-Brasilia-1702-851595-454971-0,-1.0,-15.84271,-48.04787,0.0,,,1,2023-06-16T01:01:57+00:00
BRA_335878,Brasília,5300108,,Urbi,0.821,https://moovitapp.com/index/pt-br/transporte_p%C3%BAblico-line-0_821-Brasilia-1702-851595-334080-0,-1.0,-15.89856,-48.12183,0.0,,,2,2023-06-16T01:02:03+00:00
BRA_338958,Brasília,5300108,,Urbi,813.2,https://moovitapp.com/index/pt-br/transporte_p%C3%BAblico-line-813_2-Brasilia-1702-851595-242636-0,-1.0,-15.80153,-47.89438,5.0,,,2,2023-06-16T01:02:04+00:00
BRA_336904,Brasília,5300108,,Urbi,0.175,https://moovitapp.com/index/pt-br/transporte_p%C3%BAblico-line-0_175-Brasilia-1702-851595-242526-0,-1.0,-15.83191,-47.92881,0.0,,,2,2023-06-16T01:02:05+00:00
BRA_336866,Brasília,5300108,,Urbi,0.813,https://moovitapp.com/index/pt-br/transporte_p%C3%BAblico-line-0_813-Brasilia-1702-851595-651523-0,-1.0,-15.86116,-48.03585,12.78,,,2,2023-06-16T01:02:06+00:00
BRA_335371,Brasília,5300108,,Urbi,056.2,https://moovitapp.com/index/pt-br/transporte_p%C3%BAblico-line-056_2-Brasilia-1702-851595-492982-0,-1.0,-15.85517,-48.11983,0.0,,,1,2023-06-16T01:02:07+00:00
BRA_339547,Brasília,5300108,,Urbi,807.9,https://moovitapp.com/index/pt-br/transporte_p%C3%BAblico-line-807_9-Brasilia-1702-851595-322409-0,-1.0,-15.92025,-48.06116,4.17,,,2,2023-06-16T01:02:07+00:00
BRA_340162,Brasília,5300108,,Urbi,056.4,https://moovitapp.com/index/pt-br/transporte_p%C3%BAblico-line-056_4-Brasilia-1702-851595-519387-0,-1.0,-15.88227,-48.12658,5.56,,,1,2023-06-16T01:02:07+00:00
BRA_340308,Brasília,5300108,,Urbi,0.054,https://moovitapp.com/index/pt-br/transporte_p%C3%BAblico-line-0_054-Brasilia-1702-851595-454960-0,-1.0,-15.86802,-48.05598,14.17,,,1,2023-06-16T01:02:08+00:00
BRA_336793,Brasília,5300108,,Urbi,380.2,https://moovitapp.com/index/pt-br/transporte_p%C3%BAblico-line-380_2-Brasilia-1702-851595-334086-0,-1.0,-15.83938,-48.05183,15.56,,,2,2023-06-16T01:02:08+00:00
BRA_337579,Brasília,5300108,,Urbi,086.1,https://moovitapp.com/index/pt-br/transporte_p%C3%BAblico-line-086_1-Brasilia-1702-851595-481321-0,-1.0,-15.80937,-47.97289,18.89,,,1,2023-06-16T01:02:08+00:00
BRA_336513,Brasília,5300108,,Urbi,0.871,https://moovitapp.com/index/pt-br/transporte_p%C3%BAblico-line-0_871-Brasilia-1702-851595-418741-0,-1.0,-15.7858,-47.90182,0.0,,,2,2023-06-16T01:02:08+00:00
BRA_335452,Brasília,5300108,,Urbi,0.373,https://moovitapp.com/index/pt-br/transporte_p%C3%BAblico-line-0_373-Brasilia-1702-851595-334072-0,-1.0,-15.85877,-48.08352,15.28,,,2,2023-06-16T01:02:09+00:00
BRA_338541,Brasília,5300108,,Urbi,0.882,https://moovitapp.com/index/pt-br/transporte_p%C3%BAblico-line-0_882-Brasilia-1702-851595-363858-0,-1.0,-15.78719,-47.91027,0.0,,,2,2023-06-16T01:02:09+00:00
BRA_338061,Brasília,5300108,,Urbi,805.9,https://moovitapp.com/index/pt-br/transporte_p%C3%BAblico-line-805_9-Brasilia-1702-851595-454983-0,-1.0,-15.85074,-48.0469,0.0,,,1,2023-06-16T01:02:10+00:00
BRA_335649,Brasília,5300108,,Urbi,396.3,https://moovitapp.com/index/pt-br/transporte_p%C3%BAblico-line-396_3-Brasilia-1702-851595-372378-0,-1.0,-15.8997,-48.12212,0.0,,,2,2023-06-16T01:02:10+00:00
BRA_337153,Brasília,5300108,,Urbi,0.872,https://moovitapp.com/index/pt-br/transporte_p%C3%BAblico-line-0_872-Brasilia-1702-851595-466291-0,-1.0,-15.81167,-48.0647,1.94,,,1,2023-06-16T01:02:11+00:00
BRA_337676,Brasília,5300108,,Urbi,0.872,https://moovitapp.com/index/pt-br/transporte_p%C3%BAblico-line-0_872-Brasilia-1702-851595-466291-0,-1.0,-15.91514,-48.06272,6.11,,,1,2023-06-16T01:02:11+00:00
BRA_338630,Brasília,5300108,,Urbi,0.176,https://moovitapp.com/index/pt-br/transporte_p%C3%BAblico-line-0_176-Brasilia-1702-851595-242527-0,-1.0,-15.76706,-47.87576,3.06,,,2,2023-06-16T01:02:11+00:00
BRA_338427,Brasília,5300108,,Urbi,0.809,https://moovitapp.com/index/pt-br/transporte_p%C3%BAblico-line-0_809-Brasilia-1702-851595-516630-0,-1.0,-15.8063,-47.88853,11.67,,,1,2023-06-16T01:02:11+00:00
BRA_339318,Brasília,5300108,,Urbi,396.2,https://moovitapp.com/index/pt-br/transporte_p%C3%BAblico-line-396_2-Brasilia-1702-851595-372377-0,-1.0,-15.87659,-48.02522,18.61,,,1,2023-06-16T01:02:11+00:00
BRA_339041,Brasília,5300108,,Urbi,870.1,https://moovitapp.com/index/pt-br/transporte_p%C3%BAblico-line-870_1-Brasilia-1702-851595-715272-0,-1.0,-15.87462,-48.03945,18.89,,,1,2023-06-16T01:02:11+00:00
BRA_339059,Brasília,5300108,,Urbi,870.7,https://moovitapp.com/index/pt-br/transporte_p%C3%BAblico-line-870_7-Brasilia-1702-851595-531037-0,-1.0,-15.81508,-47.89937,11.39,,,2,2023-06-16T01:02:11+00:00
BRA_338796,Brasília,5300108,,Urbi,871.3,https://moovitapp.com/index/pt-br/transporte_p%C3%BAblico-line-871_3-Brasilia-1702-851595-588820-0,-1.0,-15.91971,-48.05836,5.0,,,1,2023-06-16T01:02:11+00:00
BRA_339091,Brasília,5300108,,Urbi,870.1,https://moovitapp.com/index/pt-br/transporte_p%C3%BAblico-line-870_1-Brasilia-1702-851595-715272-0,-1.0,-15.88095,-48.05703,3.06,,,2,2023-06-16T01:02:12+00:00
BRA_338192,Brasília,5300108,,Urbi,0.087,https://moovitapp.com/index/pt-br/transporte_p%C3%BAblico-line-0_087-Brasilia-1702-851595-242519-0,-1.0,-15.88001,-48.01889,8.61,,,1,2023-06-16T01:02:12+00:00
BRA_340090,Brasília,5300108,,Urbi,0.056,https://moovitapp.com/index/pt-br/transporte_p%C3%BAblico-line-0_056-Brasilia-1702-851595-588804-0,-1.0,-15.85431,-48.11869,13.06,,,1,2023-06-16T01:02:12+00:00
BRA_337251,Brasília,5300108,,Urbi,0.811,https://moovitapp.com/index/pt-br/transporte_p%C3%BAblico-line-0_811-Brasilia-1702-851595-334078-0,-1.0,-15.73508,-47.89894,10.0,,,1,2023-06-16T01:02:12+00:00
BRA_336335,Brasília,5300108,,Urbi,394.1,https://moovitapp.com/index/pt-br/transporte_p%C3%BAblico-line-394_1-Brasilia-1702-851595-334089-0,-1.0,-15.88038,-48.06099,13.61,,,2,2023-06-16T01:02:12+00:00
BRA_336505,Brasília,5300108,,Urbi,874.4,https://moovitapp.com/index/pt-br/transporte_p%C3%BAblico-line-874_4-Brasilia-1702-851595-775106-0,-1.0,-15.91956,-48.04872,8.06,,,2,2023-06-16T01:02:12+00:00
BRA_336220,Brasília,5300108,,Urbi,0.394,https://moovitapp.com/index/pt-br/transporte_p%C3%BAblico-line-0_394-Brasilia-1702-851595-334076-0,-1.0,-15.87313,-48.0717,7.5,,,2,2023-06-16T01:02:13+00:00
BRA_338460,Brasília,5300108,,Urbi,0.808,https://moovitapp.com/index/pt-br/transporte_p%C3%BAblico-line-0_808-Brasilia-1702-851595-372359-0,-1.0,-15.80437,-48.12251,0.83,,,2,2023-06-16T01:02:13+00:00
BRA_339237,Brasília,5300108,,Urbi,0.821,https://moovitapp.com/index/pt-br/transporte_p%C3%BAblico-line-0_821-Brasilia-1702-851595-334080-0,-1.0,-15.85171,-47.95537,13.06,,,2,2023-06-16T01:02:13+00:00
BRA_340103,Brasília,5300108,,Urbi,373.2,https://moovitapp.com/index/pt-br/transporte_p%C3%BAblico-line-373_2-Brasilia-1702-851595-334084-0,-1.0,-15.83183,-47.91997,14.17,,,1,2023-06-16T01:02:14+00:00
BRA_336301,Brasília,5300108,,Urbi,380.2,https://moovitapp.com/index/pt-br/transporte_p%C3%BAblico-line-380_2-Brasilia-1702-851595-334086-0,-1.0,-15.89018,-48.14021,6.39,,,2,2023-06-16T01:02:14+00:00
BRA_337935,Brasília,5300108,,Urbi,807.9,https://moovitapp.com/index/pt-br/transporte_p%C3%BAblico-line-807_9-Brasilia-1702-851595-322409-0,-1.0,-15.92144,-48.05274,9.44,,,1,2023-06-16T01:02:15+00:00
BRA_336971,Brasília,5300108,,Urbi,084.1,https://moovitapp.com/index/pt-br/transporte_p%C3%BAblico-line-084_1-Brasilia-1702-851595-466292-0,-1.0,-15.88764,-48.0207,2.22,,,1,2023-06-16T01:02:15+00:00
BRA_339482,Brasília,5300108,,Urbi,038.1,https://moovitapp.com/index/pt-br/transporte_p%C3%BAblico-line-038_1-Brasilia-1702-851595-781327-0,-1.0,-15.83332,-48.05639,1.94,,,1,2023-06-16T01:02:15+00:00
BRA_336424,Brasília,5300108,,Urbi,0.805,https://moovitapp.com/index/pt-br/transporte_p%C3%BAblico-line-0_805-Brasilia-1702-851595-460800-0,-1.0,-15.80684,-48.06636,15.0,,,1,2023-06-16T01:02:15+00:00
BRA_336459,Brasília,5300108,,Urbi,0.175,https://moovitapp.com/index/pt-br/transporte_p%C3%BAblico-line-0_175-Brasilia-1702-851595-242526-0,-1.0,-15.77519,-47.88803,5.28,,,1,2023-06-16T01:02:15+00:00
BRA_338265,Brasília,5300108,,Urbi,0.810,https://moovitapp.com/index/pt-br/transporte_p%C3%BAblico-line-0_810-Brasilia-1702-851595-363856-0,-1.0,-15.90294,-48.06213,0.0,,,2,2023-06-16T01:02:15+00:00
BRA_338435,Brasília,5300108,,Urbi,0.809,https://moovitapp.com/index/pt-br/transporte_p%C3%BAblico-line-0_809-Brasilia-1702-851595-516630-0,-1.0,-15.92786,-48.10804,5.83,,,2,2023-06-16T01:02:15+00:00
BRA_340430,Brasília,5300108,,Urbi,3914,https://moovitapp.com/index/pt-br/transporte_p%C3%BAblico-line-3914-Brasilia-1702-851595-91201009-0,-1.0,-15.8917,-48.14708,16.11,,,2,2023-06-16T01:02:16+00:00
BRA_339920,Brasília,5300108,,Urbi,366.7,https://moovitapp.com/index/pt-br/transporte_p%C3%BAblico-line-366_7-Brasilia-1702-851595-650086-0,-1.0,-15.86872,-48.0909,11.67,,,2,2023-06-16T01:02:16+00:00
BRA_335941,Brasília,5300108,,Urbi,0.373,https://moovitapp.com/index/pt-br/transporte_p%C3%BAblico-line-0_373-Brasilia-1702-851595-334072-0,-1.0,-15.80916,-47.89302,17.5,,,2,2023-06-16T01:02:16+00:00
BRA_337480,Brasília,5300108,,Urbi,870.7,https://moovitapp.com/index/pt-br/transporte_p%C3%BAblico-line-870_7-Brasilia-1702-851595-531037-0,-1.0,-15.8744,-47.98059,20.0,,,1,2023-06-16T01:02:16+00:00
BRA_336947,Brasília,5300108,,Urbi,871.3,https://moovitapp.com/index/pt-br/transporte_p%C3%BAblico-line-871_3-Brasilia-1702-851595-588820-0,-1.0,-15.80696,-47.89975,11.67,,,2,2023-06-16T01:02:17+00:00
BRA_340405,Brasília,5300108,,Urbi,391.3,https://moovitapp.com/index/pt-br/transporte_p%C3%BAblico-line-391_3-Brasilia-1702-851595-372373-0,-1.0,-15.77476,-47.88797,9.72,,,1,2023-06-16T01:02:17+00:00
BRA_340669,Brasília,5300108,,Urbi,396.2,https://moovitapp.com/index/pt-br/transporte_p%C3%BAblico-line-396_2-Brasilia-1702-851595-372377-0,-1.0,-15.87792,-48.01132,12.22,,,2,2023-06-16T01:02:17+00:00
BRA_335851,Brasília,5300108,,Urbi,0.082,https://moovitapp.com/index/pt-br/transporte_p%C3%BAblico-line-0_082-Brasilia-1702-851595-781326-0,-1.0,-15.75682,-47.93839,17.22,,,1,2023-06-16T01:02:18+00:00
BRA_333883,Brasília,5300108,,Urbi,373.2,https://moovitapp.com/index/pt-br/transporte_p%C3%BAblico-line-373_2-Brasilia-1702-851595-334084-0,-1.0,-15.87754,-48.01593,0.0,,,2,2023-06-16T01:02:18+00:00
BRA_335339,Brasília,5300108,,Urbi,0.366,https://moovitapp.com/index/pt-br/transporte_p%C3%BAblico-line-0_366-Brasilia-1702-851595-650085-0,-1.0,-15.87096,-48.06445,14.72,,,1,2023-06-16T01:02:18+00:00
BRA_335614,Brasília,5300108,,Urbi,0.391,https://moovitapp.com/index/pt-br/transporte_p%C3%BAblico-line-0_391-Brasilia-1702-851595-372354-0,-1.0,-15.85941,-48.08441,8.06,,,2,2023-06-16T01:02:18+00:00
BRA_336343,Brasília,5300108,,Urbi,0.380,https://moovitapp.com/index/pt-br/transporte_p%C3%BAblico-line-0_380-Brasilia-1702-851595-334073-0,-1.0,-15.88853,-48.12834,5.56,,,1,2023-06-16T01:02:18+00:00
BRA_336572,Brasília,5300108,,Urbi,0.805,https://moovitapp.com/index/pt-br/transporte_p%C3%BAblico-line-0_805-Brasilia-1702-851595-460800-0,-1.0,-15.92105,-48.10748,2.5,,,1,2023-06-16T01:02:18+00:00
BRA_336963,Brasília,5300108,,Urbi,871.3,https://moovitapp.com/index/pt-br/transporte_p%C3%BAblico-line-871_3-Brasilia-1702-851595-588820-0,-1.0,-15.81254,-47.90613,8.89,,,1,2023-06-16T01:02:18+00:00
BRA_337439,Brasília,5300108,,Urbi,0.886,https://moovitapp.com/index/pt-br/transporte_p%C3%BAblico-line-0_886-Brasilia-1702-851595-704024-0,-1.0,-15.82251,-48.11469,0.0,,,1,2023-06-16T01:02:19+00:00
BRA_336084,Brasília,5300108,,Urbi,084.1,https://moovitapp.com/index/pt-br/transporte_p%C3%BAblico-line-084_1-Brasilia-1702-851595-466292-0,-1.0,-15.8717,-47.97314,5.56,,,1,2023-06-16T01:02:19+00:00
BRA_335827,Brasília,5300108,,Urbi,0.845,https://moovitapp.com/index/pt-br/transporte_p%C3%BAblico-line-0_845-Brasilia-1702-851595-339304-0,-1.0,-15.76438,-47.93836,9.44,,,2,2023-06-16T01:02:19+00:00
BRA_340120,Brasília,5300108,,Urbi,396.2,https://moovitapp.com/index/pt-br/transporte_p%C3%BAblico-line-396_2-Brasilia-1702-851595-372377-0,-1.0,-15.73923,-47.89897,10.56,,,2,2023-06-16T01:02:19+00:00
BRA_338656,Brasília,5300108,,Urbi,0.808,https://moovitapp.com/index/pt-br/transporte_p%C3%BAblico-line-0_808-Brasilia-1702-851595-372359-0,-1.0,-15.82927,-48.07827,7.78,,,1,2023-06-16T01:02:19+00:00
BRA_338168,Brasília,5300108,,Urbi,0.087,https://moovitapp.com/index/pt-br/transporte_p%C3%BAblico-line-0_087-Brasilia-1702-851595-242519-0,-1.0,-15.80356,-47.96122,13.33,,,1,2023-06-16T01:02:19+00:00
BRA_338605,Brasília,5300108,,Urbi,813.2,https://moovitapp.com/index/pt-br/transporte_p%C3%BAblico-line-813_2-Brasilia-1702-851595-242636-0,-1.0,-15.84561,-47.92503,16.67,,,1,2023-06-16T01:02:19+00:00
BRA_338052,Brasília,5300108,,Urbi,874.4,https://moovitapp.com/index/pt-br/transporte_p%C3%BAblico-line-874_4-Brasilia-1702-851595-775106-0,-1.0,-15.91304,-48.05588,0.0,,,1,2023-06-16T01:02:19+00:00
BRA_335592,Brasília,5300108,,Urbi,0.050,https://moovitapp.com/index/pt-br/transporte_p%C3%BAblico-line-0_050-Brasilia-1702-851595-781325-0,-1.0,-15.82629,-48.05968,3.33,,,1,2023-06-16T01:02:20+00:00
BRA_336629,Brasília,5300108,,Urbi,0.813,https://moovitapp.com/index/pt-br/transporte_p%C3%BAblico-line-0_813-Brasilia-1702-851595-651523-0,-1.0,-15.75034,-47.89511,11.11,,,1,2023-06-16T01:02:20+00:00
BRA_339466,Brasília,5300108,,Urbi,872.9,https://moovitapp.com/index/pt-br/transporte_p%C3%BAblico-line-872_9-Brasilia-1702-851595-372394-0,-1.0,-15.86374,-48.05404,11.11,,,1,2023-06-16T01:02:20+00:00
BRA_339181,Brasília,5300108,,Urbi,0.347,https://moovitapp.com/index/pt-br/transporte_p%C3%BAblico-line-0_347-Brasilia-1702-851595-347128-0,-1.0,-15.84163,-48.12585,0.0,,,1,2023-06-16T01:02:22+00:00
BRA_338788,Brasília,5300108,,Urbi,807.1,https://moovitapp.com/index/pt-br/transporte_p%C3%BAblico-line-807_1-Brasilia-1702-851595-322407-0,-1.0,-15.87176,-48.05727,12.78,,,1,2023-06-16T01:02:22+00:00
BRA_340049,Brasília,5300108,,Urbi,0.366,https://moovitapp.com/index/pt-br/transporte_p%C3%BAblico-line-0_366-Brasilia-1702-851595-650085-0,-1.0,-15.87977,-48.09229,16.39,,,2,2023-06-16T01:02:22+00:00
BRA_335495,Brasília,5300108,,Urbi,393.7,https://moovitapp.com/index/pt-br/transporte_p%C3%BAblico-line-393_7-Brasilia-1702-851595-588818-0,-1.0,-15.86235,-48.03525,0.0,,,1,2023-06-16T01:02:22+00:00
BRA_336467,Brasília,5300108,,Urbi,0.881,https://moovitapp.com/index/pt-br/transporte_p%C3%BAblico-line-0_881-Brasilia-1702-851595-363857-0,-1.0,-15.88196,-48.06062,8.33,,,2,2023-06-16T01:02:22+00:00
BRA_336394,Brasília,5300108,,Urbi,372.4,https://moovitapp.com/index/pt-br/transporte_p%C3%BAblico-line-372_4-Brasilia-1702-851595-650087-0,-1.0,-15.85917,-48.08407,5.28,,,1,2023-06-16T01:02:22+00:00
BRA_337790,Brasília,5300108,,Urbi,805.1,https://moovitapp.com/index/pt-br/transporte_p%C3%BAblico-line-805_1-Brasilia-1702-851595-454980-0,-1.0,-15.90415,-48.07362,12.5,,,1,2023-06-16T01:02:22+00:00
BRA_336181,Brasília,5300108,,Urbi,0.175,https://moovitapp.com/index/pt-br/transporte_p%C3%BAblico-line-0_175-Brasilia-1702-851595-242526-0,-1.0,-15.88595,-48.02295,0.28,,,1,2023-06-16T01:02:23+00:00
BRA_340375,Brasília,5300108,,Urbi,0.160,https://moovitapp.com/index/pt-br/transporte_p%C3%BAblico-line-0_160-Brasilia-1702-851595-470755-0,-1.0,-15.87637,-47.97729,6.94,,,2,2023-06-16T01:02:23+00:00
BRA_336874,Brasília,5300108,,Urbi,813.1,https://moovitapp.com/index/pt-br/transporte_p%C3%BAblico-line-813_1-Brasilia-1702-851595-242635-0,-1.0,-15.81183,-47.99703,10.0,,,1,2023-06-16T01:02:23+00:00
BRA_336645,Brasília,5300108,,Urbi,0.399,https://moovitapp.com/index/pt-br/transporte_p%C3%BAblico-line-0_399-Brasilia-1702-851595-454964-0,-1.0,-15.83371,-48.11553,4.17,,,2,2023-06-16T01:02:23+00:00
BRA_338664,Brasília,5300108,,Urbi,807.6,https://moovitapp.com/index/pt-br/transporte_p%C3%BAblico-line-807_6-Brasilia-1702-851595-334092-0,-1.0,-15.904,-48.07373,5.83,,,1,2023-06-16T01:02:23+00:00
BRA_339296,Brasília,5300108,,Urbi,396.3,https://moovitapp.com/index/pt-br/transporte_p%C3%BAblico-line-396_3-Brasilia-1702-851595-372378-0,-1.0,-15.80695,-47.89968,11.11,,,2,2023-06-16T01:02:23+00:00
BRA_340057,Brasília,5300108,,Urbi,393.6,https://moovitapp.com/index/pt-br/transporte_p%C3%BAblico-line-393_6-Brasilia-1702-851595-588817-0,-1.0,-15.88713,-48.09352,6.11,,,1,2023-06-16T01:02:24+00:00
BRA_333930,Brasília,5300108,,Urbi,0.391,https://moovitapp.com/index/pt-br/transporte_p%C3%BAblico-line-0_391-Brasilia-1702-851595-372354-0,-1.0,-15.78516,-47.88789,1.94,,,2,2023-06-16T01:02:24+00:00
BRA_336157,Brasília,5300108,,Urbi,0.811,https://moovitapp.com/index/pt-br/transporte_p%C3%BAblico-line-0_811-Brasilia-1702-851595-334078-0,-1.0,-15.87744,-48.00555,7.5,,,2,2023-06-16T01:02:24+00:00
BRA_337889,Brasília,5300108,,Urbi,814.1,https://moovitapp.com/index/pt-br/transporte_p%C3%BAblico-line-814_1-Brasilia-1702-851595-492985-0,-1.0,-15.88806,-48.1241,15.83,,,1,2023-06-16T01:02:24+00:00
BRA_337331,Brasília,5300108,,Urbi,0.811,https://moovitapp.com/index/pt-br/transporte_p%C3%BAblico-line-0_811-Brasilia-1702-851595-334078-0,-1.0,-15.94942,-48.03356,0.0,,,1,2023-06-16T01:02:24+00:00
BRA_337617,Brasília,5300108,,Urbi,0.805,https://moovitapp.com/index/pt-br/transporte_p%C3%BAblico-line-0_805-Brasilia-1702-851595-460800-0,-1.0,-15.87002,-48.03108,14.44,,,1,2023-06-16T01:02:25+00:00
BRA_335991,Brasília,5300108,,Urbi,391.3,https://moovitapp.com/index/pt-br/transporte_p%C3%BAblico-line-391_3-Brasilia-1702-851595-372373-0,-1.0,-15.8092,-47.90188,12.22,,,1,2023-06-16T01:02:25+00:00
BRA_336050,Brasília,5300108,,Urbi,0.367,https://moovitapp.com/index/pt-br/transporte_p%C3%BAblico-line-0_367-Brasilia-1702-851595-519380-0,-1.0,-15.85725,-48.08007,13.06,,,1,2023-06-16T01:02:25+00:00
BRA_340367,Brasília,5300108,,Urbi,372.5,https://moovitapp.com/index/pt-br/transporte_p%C3%BAblico-line-372_5-Brasilia-1702-851595-519391-0,-1.0,-15.80743,-48.06612,9.17,,,1,2023-06-16T01:02:25+00:00
BRA_336769,Brasília,5300108,,Urbi,366.7,https://moovitapp.com/index/pt-br/transporte_p%C3%BAblico-line-366_7-Brasilia-1702-851595-650086-0,-1.0,-15.88951,-48.14225,3.33,,,1,2023-06-16T01:02:25+00:00
BRA_338150,Brasília,5300108,,Urbi,0.882,https://moovitapp.com/index/pt-br/transporte_p%C3%BAblico-line-0_882-Brasilia-1702-851595-363858-0,-1.0,-15.93122,-48.04006,18.33,,,2,2023-06-16T01:02:25+00:00
BRA_339334,Brasília,5300108,,Urbi,366.1,https://moovitapp.com/index/pt-br/transporte_p%C3%BAblico-line-366_1-Brasilia-1702-851595-425249-0,-1.0,-15.87179,-48.08412,6.11,,,2,2023-06-16T01:02:25+00:00
BRA_338443,Brasília,5300108,,Urbi,0.038,https://moovitapp.com/index/pt-br/transporte_p%C3%BAblico-line-0_038-Brasilia-1702-851595-687419-0,-1.0,-15.86007,-48.03643,18.06,,,1,2023-06-16T01:02:26+00:00
BRA_335983,Brasília,5300108,,Urbi,0.825,https://moovitapp.com/index/pt-br/transporte_p%C3%BAblico-line-0_825-Brasilia-1702-851595-334081-0,-1.0,-15.87568,-47.98337,19.17,,,1,2023-06-16T01:02:26+00:00
BRA_337242,Brasília,5300108,,Urbi,807.6,https://moovitapp.com/index/pt-br/transporte_p%C3%BAblico-line-807_6-Brasilia-1702-851595-334092-0,-1.0,-15.93291,-48.10902,0.0,,,2,2023-06-16T01:02:26+00:00
BRA_338311,Brasília,5300108,,Urbi,0.809,https://moovitapp.com/index/pt-br/transporte_p%C3%BAblico-line-0_809-Brasilia-1702-851595-516630-0,-1.0,-15.91199,-48.09443,7.22,,,1,2023-06-16T01:02:27+00:00
BRA_338087,Brasília,5300108,,Urbi,0.898,https://moovitapp.com/index/pt-br/transporte_p%C3%BAblico-line-0_898-Brasilia-1702-851595-322394-0,-1.0,-15.94915,-48.03283,0.0,,,1,2023-06-16T01:02:27+00:00
BRA_336653,Brasília,5300108,,Urbi,0.380,https://moovitapp.com/index/pt-br/transporte_p%C3%BAblico-line-0_380-Brasilia-1702-851595-334073-0,-1.0,-15.811,-47.99398,9.17,,,2,2023-06-16T01:02:28+00:00
BRA_339946,Brasília,5300108,,Urbi,3964,https://moovitapp.com/index/pt-br/transporte_p%C3%BAblico-line-3964-Brasilia-1702-851595-91525612-0,-1.0,-15.85938,-47.95576,9.44,,,2,2023-06-16T01:02:28+00:00
BRA_337951,Brasília,5300108,,Urbi,0.368,https://moovitapp.com/index/pt-br/transporte_p%C3%BAblico-line-0_368-Brasilia-1702-851595-706971-0,-1.0,-15.86455,-48.03406,12.5,,,1,2023-06-16T01:02:29+00:00
BRA_339491,Brasília,5300108,,Urbi,806.1,https://moovitapp.com/index/pt-br/transporte_p%C3%BAblico-line-806_1-Brasilia-1702-851595-775104-0,-1.0,-15.86595,-48.05621,0.0,,,2,2023-06-16T01:02:29+00:00
BRA_336581,Brasília,5300108,,Urbi,0.813,https://moovitapp.com/index/pt-br/transporte_p%C3%BAblico-line-0_813-Brasilia-1702-851595-651523-0,-1.0,-15.76933,-47.8896,7.78,,,2,2023-06-16T01:02:29+00:00
BRA_340448,Brasília,5300108,,Urbi,0.053,https://moovitapp.com/index/pt-br/transporte_p%C3%BAblico-line-0_053-Brasilia-1702-851595-588803-0,-1.0,-15.80335,-48.06752,6.94,,,2,2023-06-16T01:02:29+00:00
BRA_336556,Brasília,5300108,,Urbi,807.8,https://moovitapp.com/index/pt-br/transporte_p%C3%BAblico-line-807_8-Brasilia-1702-851595-322408-0,-1.0,-15.90973,-48.09023,10.0,,,2,2023-06-16T01:02:30+00:00
BRA_337111,Brasília,5300108,,Urbi,807.8,https://moovitapp.com/index/pt-br/transporte_p%C3%BAblico-line-807_8-Brasilia-1702-851595-322408-0,-1.0,-15.94964,-48.0334,0.0,,,1,2023-06-16T01:02:30+00:00
BRA_440469,Brasília,5300108,,Marechal,355.3,https://moovitapp.com/index/pt-br/transporte_p%C3%BAblico-line-355_3-Brasilia-1702-851940-504343-0,-1.0,-15.86967,-48.038463,0.0,,,2,2023-06-16T01:02:09+00:00
BRA_443972,Brasília,5300108,,Marechal,0.363,https://moovitapp.com/index/pt-br/transporte_p%C3%BAblico-line-0_363-Brasilia-1702-851940-504339-0,-1.0,-15.838827,-48.128783,13.0,,,2,2023-06-16T01:02:14+00:00
BRA_445347,Brasília,5300108,,Marechal,337.1,https://moovitapp.com/index/pt-br/transporte_p%C3%BAblico-line-337_1-Brasilia-1702-851940-347165-0,-1.0,-15.826893,-48.03036,42.0,,,2,2023-06-16T01:02:14+00:00
BRA_440701,Brasília,5300108,,Marechal,157.6,https://moovitapp.com/index/pt-br/transporte_p%C3%BAblico-line-157_6-Brasilia-1702-851940-419627-0,-1.0,-15.819173,-47.982673,39.0,,,2,2023-06-16T01:02:15+00:00
BRA_441881,Brasília,5300108,,Marechal,0.162,https://moovitapp.com/index/pt-br/transporte_p%C3%BAblico-line-0_162-Brasilia-1702-851940-766836-0,-1.0,-15.840013,-48.127257,0.0,,,2,2023-06-16T01:02:14+00:00
BRA_440272,Brasília,5300108,,Piracicabana,099.1,https://moovitapp.com/index/pt-br/transporte_p%C3%BAblico-line-099_1-Brasilia-1702-850942-775090-0,-1.0,-15.857437,-48.037803,58.0,,,2,2023-06-16T01:02:14+00:00
BRA_440311,Brasília,5300108,,Marechal,355.2,https://moovitapp.com/index/pt-br/transporte_p%C3%BAblico-line-355_2-Brasilia-1702-851940-510251-0,-1.0,-16.008773,-48.059797,0.0,,,2,2023-06-16T01:02:14+00:00
BRA_444448,Brasília,5300108,,Marechal,0.205,https://moovitapp.com/index/pt-br/transporte_p%C3%BAblico-line-0_205-Brasilia-1702-851940-463646-0,-1.0,-15.925443,-48.046603,39.0,,,2,2023-06-16T01:02:14+00:00
BRA_440680,Brasília,5300108,,Marechal,260.3,https://moovitapp.com/index/pt-br/transporte_p%C3%BAblico-line-260_3-Brasilia-1702-851940-393566-0,-1.0,-15.86971,-48.03856,0.0,,,2,2023-06-16T01:02:14+00:00
BRA_444707,Brasília,5300108,,Marechal,933.3,https://moovitapp.com/index/pt-br/transporte_p%C3%BAblico-line-933_3-Brasilia-1702-851940-450287-0,-1.0,-15.83905,-48.12919,0.0,,,2,2023-06-16T01:02:14+00:00
BRA_441562,Brasília,5300108,,Marechal,0.043,https://moovitapp.com/index/pt-br/transporte_p%C3%BAblico-line-0_043-Brasilia-1702-851940-781330-0,-1.0,-15.80922,-48.020057,24.0,,,2,2023-06-16T01:02:14+00:00
BRA_445185,Brasília,5300108,,Marechal,0.300,https://moovitapp.com/index/pt-br/transporte_p%C3%BAblico-line-0_300-Brasilia-1702-851940-419624-0,-1.0,-15.793963,-47.88324,0.0,,,2,2023-06-16T01:02:19+00:00
BRA_440841,Brasília,5300108,,Urbi,872.9,https://moovitapp.com/index/pt-br/transporte_p%C3%BAblico-line-872_9-Brasilia-1702-851595-372394-0,-1.0,-15.86947,-48.037877,0.0,,,2,2023-06-15T23:39:33+00:00
BRA_442496,Brasília,5300108,,Urbi,0.898,https://moovitapp.com/index/pt-br/transporte_p%C3%BAblico-line-0_898-Brasilia-1702-851595-322394-0,-1.0,-15.84223,-48.04542,0.0,,,2,2023-06-16T01:02:14+00:00
BRA_443395,Brasília,5300108,,Marechal,933.6,https://moovitapp.com/index/pt-br/transporte_p%C3%BAblico-line-933_6-Brasilia-1702-851940-3494672-0,-1.0,-15.839423,-48.128027,2.0,,,2,2023-06-16T01:02:14+00:00
BRA_440604,Brasília,5300108,,Marechal,0.349,https://moovitapp.com/index/pt-br/transporte_p%C3%BAblico-line-0_349-Brasilia-1702-851940-677511-0,-1.0,-15.845487,-47.922807,48.0,,,2,2023-06-16T01:02:16+00:00
BRA_440141,Brasília,5300108,,Marechal,0.156,https://moovitapp.com/index/pt-br/transporte_p%C3%BAblico-line-0_156-Brasilia-1702-851940-242705-0,-1.0,-15.840277,-47.965753,53.0,,,2,2023-06-16T01:02:16+00:00
BRA_441040,Brasília,5300108,,Marechal,959.1,https://moovitapp.com/index/pt-br/transporte_p%C3%BAblico-line-959_1-Brasilia-1702-851940-789939-0,-1.0,-15.866893,-48.037367,0.0,,,2,2023-06-16T01:02:14+00:00
BRA_441121,Brasília,5300108,,Marechal,0.357,https://moovitapp.com/index/pt-br/transporte_p%C3%BAblico-line-0_357-Brasilia-1702-851940-775109-0,-1.0,-15.81812,-48.065927,28.0,,,2,2023-06-16T01:02:14+00:00
BRA_443271,Brasília,5300108,,Marechal,0.383,https://moovitapp.com/index/pt-br/transporte_p%C3%BAblico-line-0_383-Brasilia-1702-851940-347151-0,-1.0,-15.78729,-48.00865,22.0,,,2,2023-06-16T01:02:14+00:00
BRA_442429,Brasília,5300108,,Marechal,363.2,https://moovitapp.com/index/pt-br/transporte_p%C3%BAblico-line-363_2-Brasilia-1702-851940-725443-0,-1.0,-15.846713,-48.043647,16.0,,,2,2023-06-16T01:02:14+00:00
BRA_445240,Brasília,5300108,,Marechal,0.336,https://moovitapp.com/index/pt-br/transporte_p%C3%BAblico-line-0_336-Brasilia-1702-851940-347142-0,-1.0,-15.82765,-48.031637,45.0,,,2,2023-06-16T01:02:14+00:00
BRA_441716,Brasília,5300108,,Urbi,0.399,https://moovitapp.com/index/pt-br/transporte_p%C3%BAblico-line-0_399-Brasilia-1702-851595-454964-0,-1.0,-15.871727,-48.06708,49.0,,,2,2023-06-16T01:02:14+00:00
BRA_440108,Brasília,5300108,,Marechal,0.090,https://moovitapp.com/index/pt-br/transporte_p%C3%BAblico-line-0_090-Brasilia-1702-851940-242702-0,-1.0,-15.82511,-47.979783,24.0,,,2,2023-06-16T01:02:14+00:00
BRA_442437,Brasília,5300108,,Marechal,363.1,https://moovitapp.com/index/pt-br/transporte_p%C3%BAblico-line-363_1-Brasilia-1702-851940-504344-0,-1.0,-15.839107,-48.129517,0.0,,,2,2023-06-16T01:02:14+00:00
BRA_440451,Brasília,5300108,,Marechal,0.951,https://moovitapp.com/index/pt-br/transporte_p%C3%BAblico-line-0_951-Brasilia-1702-851940-783578-0,-1.0,-15.83619,-48.007853,0.0,,,2,2023-06-16T01:02:14+00:00
BRA_443794,Brasília,5300108,,Marechal,0.959,https://moovitapp.com/index/pt-br/transporte_p%C3%BAblico-line-0_959-Brasilia-1702-851940-546208-0,-1.0,-15.803233,-48.067863,0.0,,,2,2023-06-16T01:02:14+00:00
BRA_440671,Brasília,5300108,,Marechal,0.951,https://moovitapp.com/index/pt-br/transporte_p%C3%BAblico-line-0_951-Brasilia-1702-851940-783578-0,-1.0,-15.833093,-48.052157,29.0,,,2,2023-06-16T01:02:14+00:00
BRA_440019,Brasília,5300108,,São José,0.092,https://moovitapp.com/index/pt-br/transporte_p%C3%BAblico-line-0_092-Brasilia-1702-851943-496589-0,-1.0,-15.795347,-48.053037,0.0,,,2,2023-06-16T01:02:09+00:00
BRA_440736,Brasília,5300108,,Marechal,0.167,https://moovitapp.com/index/pt-br/transporte_p%C3%BAblico-line-0_167-Brasilia-1702-851940-242707-0,-1.0,-15.81003,-47.94814,58.0,,,2,2023-06-16T01:02:14+00:00
BRA_440361,Brasília,5300108,,Urbi,805.2,https://moovitapp.com/index/pt-br/transporte_p%C3%BAblico-line-805_2-Brasilia-1702-851595-454981-0,-1.0,-15.858603,-48.043127,28.0,,,2,2023-06-16T01:02:14+00:00
BRA_445282,Brasília,5300108,,Marechal,0.336,https://moovitapp.com/index/pt-br/transporte_p%C3%BAblico-line-0_336-Brasilia-1702-851940-347142-0,-1.0,-15.840847,-48.126853,0.0,,,2,2023-06-16T01:02:14+00:00
BRA_441465,Brasília,5300108,,Marechal,336.1,https://moovitapp.com/index/pt-br/transporte_p%C3%BAblico-line-336_1-Brasilia-1702-851940-347163-0,-1.0,-15.847273,-48.121293,43.0,,,2,2023-06-15T23:56:01+00:00
BRA_442411,Brasília,5300108,,Urbi,0.050,https://moovitapp.com/index/pt-br/transporte_p%C3%BAblico-line-0_050-Brasilia-1702-851595-781325-0,-1.0,-15.838773,-48.128807,0.0,,,2,2023-06-16T01:02:09+00:00
BRA_443000,Brasília,5300108,,São José,350.1,https://moovitapp.com/index/pt-br/transporte_p%C3%BAblico-line-350_1-Brasilia-1702-851943-2068450-0,-1.0,-15.796067,-48.121013,22.0,,,2,2023-06-16T01:02:14+00:00
BRA_443247,Brasília,5300108,,Marechal,0.043,https://moovitapp.com/index/pt-br/transporte_p%C3%BAblico-line-0_043-Brasilia-1702-851940-781330-0,-1.0,-15.83931,-48.12887,0.0,,,2,2023-06-16T01:02:09+00:00
BRA_442275,Brasília,5300108,,Marechal,0.089,https://moovitapp.com/index/pt-br/transporte_p%C3%BAblico-line-0_089-Brasilia-1702-851940-706977-0,-1.0,-15.819937,-48.065297,11.0,,,2,2023-06-16T01:02:18+00:00
BRA_445398,Brasília,5300108,,Marechal,0.378,https://moovitapp.com/index/pt-br/transporte_p%C3%BAblico-line-0_378-Brasilia-1702-851940-347150-0,-1.0,-15.841177,-48.126833,0.0,,,2,2023-06-16T01:02:14+00:00
BRA_440906,Brasília,5300108,,Marechal,0.205,https://moovitapp.com/index/pt-br/transporte_p%C3%BAblico-line-0_205-Brasilia-1702-851940-463646-0,-1.0,-15.809257,-48.086677,30.0,,,2,2023-06-16T01:02:16+00:00
BRA_444618,Brasília,5300108,,Marechal,0.089,https://moovitapp.com/index/pt-br/transporte_p%C3%BAblico-line-0_089-Brasilia-1702-851940-706977-0,-1.0,-15.840357,-48.129787,0.0,,,2,2023-06-16T01:02:15+00:00
BRA_444341,Brasília,5300108,,Marechal,0.205,https://moovitapp.com/index/pt-br/transporte_p%C3%BAblico-line-0_205-Brasilia-1702-851940-463646-0,-1.0,-16.006153,-48.053347,30.0,,,2,2023-06-16T01:02:14+00:00
BRA_440795,Brasília,5300108,,Marechal,260.3,https://moovitapp.com/index/pt-br/transporte_p%C3%BAblico-line-260_3-Brasilia-1702-851940-393566-0,-1.0,-15.819747,-48.061887,0.0,,,2,2023-06-16T01:02:14+00:00
BRA_441511,Brasília,5300108,,Marechal,0.942,https://moovitapp.com/index/pt-br/transporte_p%C3%BAblico-line-0_942-Brasilia-1702-851940-347158-0,-1.0,-15.781397,-47.919097,52.0,,,2,2023-06-16T01:02:09+00:00
BRA_442623,Brasília,5300108,,Urbi,393.7,https://moovitapp.com/index/pt-br/transporte_p%C3%BAblico-line-393_7-Brasilia-1702-851595-588818-0,-1.0,-15.901917,-48.1288,0.0,,,2,2023-06-16T01:02:09+00:00
BRA_444723,Brasília,5300108,,Marechal,0.383,https://moovitapp.com/index/pt-br/transporte_p%C3%BAblico-line-0_383-Brasilia-1702-851940-347151-0,-1.0,-15.84068,-48.12683,0.0,,,2,2023-06-16T01:02:09+00:00
BRA_445223,Brasília,5300108,,Marechal,0.301,https://moovitapp.com/index/pt-br/transporte_p%C3%BAblico-line-0_301-Brasilia-1702-851940-339319-0,-1.0,-15.82605,-48.05972,0.0,,,2,2023-06-16T01:02:14+00:00
BRA_442615,Brasília,5300108,,Urbi,0.050,https://moovitapp.com/index/pt-br/transporte_p%C3%BAblico-line-0_050-Brasilia-1702-851595-781325-0,-1.0,-15.8259,-48.059767,2.0,,,2,2023-06-16T01:02:17+00:00
BRA_441660,Brasília,5300108,,Urbi,0.367,https://moovitapp.com/index/pt-br/transporte_p%C3%BAblico-line-0_367-Brasilia-1702-851595-519380-0,-1.0,-15.867577,-48.032397,0.0,,,2,2023-06-16T01:01:13+00:00
BRA_443123,Brasília,5300108,,Marechal,361.1,https://moovitapp.com/index/pt-br/transporte_p%C3%BAblico-line-361_1-Brasilia-1702-851940-363861-0,-1.0,-15.83304,-48.055437,23.0,,,2,2023-06-16T01:02:19+00:00
BRA_440591,Brasília,5300108,,Piracicabana,099.1,https://moovitapp.com/index/pt-br/transporte_p%C3%BAblico-line-099_1-Brasilia-1702-850942-775090-0,-1.0,-15.79568,-47.933937,0.0,,,2,2023-06-16T01:02:14+00:00
BRA_444219,Brasília,5300108,,Marechal,933.2,https://moovitapp.com/index/pt-br/transporte_p%C3%BAblico-line-933_2-Brasilia-1702-851940-717428-0,-1.0,-15.839983,-48.130023,0.0,,,2,2023-06-16T01:02:14+00:00
BRA_440400,Brasília,5300108,,Marechal,154.2,https://moovitapp.com/index/pt-br/transporte_p%C3%BAblico-line-154_2-Brasilia-1702-851940-527234-0,-1.0,-15.83769,-47.962427,49.0,,,2,2023-06-16T01:02:17+00:00
BRA_444031,Brasília,5300108,,Urbi,367.2,https://moovitapp.com/index/pt-br/transporte_p%C3%BAblico-line-367_2-Brasilia-1702-851595-454971-0,-1.0,-15.89222,-48.139213,0.0,,,2,2023-06-16T01:02:14+00:00
BRA_440868,Brasília,5300108,,Marechal,355.2,https://moovitapp.com/index/pt-br/transporte_p%C3%BAblico-line-355_2-Brasilia-1702-851940-510251-0,-1.0,-15.808757,-48.041587,28.0,,,2,2023-06-15T22:55:09+00:00
BRA_443085,Brasília,5300108,,Marechal,0.339,https://moovitapp.com/index/pt-br/transporte_p%C3%BAblico-line-0_339-Brasilia-1702-851940-419625-0,-1.0,-15.839713,-48.129397,0.0,,,2,2023-06-16T01:02:09+00:00
BRA_443026,Brasília,5300108,,Marechal,0.383,https://moovitapp.com/index/pt-br/transporte_p%C3%BAblico-line-0_383-Brasilia-1702-851940-347151-0,-1.0,-15.843903,-48.11865,47.0,,,2,2023-06-16T01:02:14+00:00
BRA_440086,Brasília,5300108,,Marechal,0.090,https://moovitapp.com/index/pt-br/transporte_p%C3%BAblico-line-0_090-Brasilia-1702-851940-242702-0,-1.0,-15.819343,-47.982793,61.0,,,2,2023-06-16T01:02:14+00:00
BRA_442704,Brasília,5300108,,Marechal,0.361,https://moovitapp.com/index/pt-br/transporte_p%C3%BAblico-line-0_361-Brasilia-1702-851940-376158-0,-1.0,-15.840833,-48.126613,0.0,,,2,2023-06-16T00:49:28+00:00
BRA_443417,Brasília,5300108,,Marechal,933.2,https://moovitapp.com/index/pt-br/transporte_p%C3%BAblico-line-933_2-Brasilia-1702-851940-717428-0,-1.0,-15.83308,-48.06075,31.0,,,2,2023-06-16T01:02:14+00:00
BRA_441180,Brasília,5300108,,Marechal,260.3,https://moovitapp.com/index/pt-br/transporte_p%C3%BAblico-line-260_3-Brasilia-1702-851940-393566-0,-1.0,-15.87015,-48.038017,0.0,,,2,2023-06-16T00:44:59+00:00
BRA_440612,Brasília,5300108,,Marechal,0.162,https://moovitapp.com/index/pt-br/transporte_p%C3%BAblico-line-0_162-Brasilia-1702-851940-766836-0,-1.0,-15.83495,-47.98634,53.0,,,2,2023-06-16T01:02:14+00:00
BRA_444316,Brasília,5300108,,Marechal,933.2,https://moovitapp.com/index/pt-br/transporte_p%C3%BAblico-line-933_2-Brasilia-1702-851940-717428-0,-1.0,-15.857507,-48.122673,0.0,,,2,2023-06-16T01:02:14+00:00
BRA_440558,Brasília,5300108,,Marechal,355.3,https://moovitapp.com/index/pt-br/transporte_p%C3%BAblico-line-355_3-Brasilia-1702-851940-504343-0,-1.0,-15.833847,-48.0596,28.0,,,2,2023-06-16T01:02:14+00:00
BRA_445177,Brasília,5300108,,Marechal,0.378,https://moovitapp.com/index/pt-br/transporte_p%C3%BAblico-line-0_378-Brasilia-1702-851940-347150-0,-1.0,-15.83086,-48.04348,45.0,,,2,2023-06-16T01:02:14+00:00
BRA_441554,Brasília,5300108,,Marechal,363.2,https://moovitapp.com/index/pt-br/transporte_p%C3%BAblico-line-363_2-Brasilia-1702-851940-725443-0,-1.0,-15.839453,-48.129267,0.0,,,2,2023-06-16T01:02:14+00:00
BRA_440221,Brasília,5300108,,São José,157.9,https://moovitapp.com/index/pt-br/transporte_p%C3%BAblico-line-157_9-Brasilia-1702-851943-707030-0,-1.0,-15.816633,-47.98046,43.0,,,2,2023-06-16T01:02:09+00:00
BRA_443883,Brasília,5300108,,Marechal,959.1,https://moovitapp.com/index/pt-br/transporte_p%C3%BAblico-line-959_1-Brasilia-1702-851940-789939-0,-1.0,-15.868723,-48.01143,24.0,,,2,2023-06-16T01:02:14+00:00
BRA_445355,Brasília,5300108,,Marechal,0.378,https://moovitapp.com/index/pt-br/transporte_p%C3%BAblico-line-0_378-Brasilia-1702-851940-347150-0,-1.0,-15.755063,-47.893643,45.0,,,2,2023-06-16T01:02:17+00:00
BRA_445266,Brasília,5300108,,Marechal,0.300,https://moovitapp.com/index/pt-br/transporte_p%C3%BAblico-line-0_300-Brasilia-1702-851940-419624-0,-1.0,-15.852187,-48.116033,38.0,,,2,2023-06-16T01:02:14+00:00
BRA_445321,Brasília,5300108,,Marechal,337.1,https://moovitapp.com/index/pt-br/transporte_p%C3%BAblico-line-337_1-Brasilia-1702-851940-347165-0,-1.0,-15.793913,-47.88319,0.0,,,2,2023-06-16T01:02:14+00:00
BRA_445142,Brasília,5300108,,Marechal,0.306,https://moovitapp.com/index/pt-br/transporte_p%C3%BAblico-line-0_306-Brasilia-1702-851940-242714-0,-1.0,-15.794033,-47.883237,0.0,,,2,2023-06-16T01:02:14+00:00
BRA_441074,Brasília,5300108,,Marechal,260.3,https://moovitapp.com/index/pt-br/transporte_p%C3%BAblico-line-260_3-Brasilia-1702-851940-393566-0,-1.0,-15.813593,-48.097703,4.0,,,2,2023-06-16T01:02:14+00:00
BRA_444677,Brasília,5300108,,São José,359.2,https://moovitapp.com/index/pt-br/transporte_p%C3%BAblico-line-359_2-Brasilia-1702-851943-2068453-0,-1.0,-15.80959,-48.11382,31.0,,,2,2023-06-16T00:55:02+00:00
BRA_440485,Brasília,5300108,,Piracicabana,099.1,https://moovitapp.com/index/pt-br/transporte_p%C3%BAblico-line-099_1-Brasilia-1702-850942-775090-0,-1.0,-15.83465,-48.016363,16.0,,,2,2023-06-16T01:02:14+00:00
BRA_442119,Brasília,5300108,,Marechal,933.5,https://moovitapp.com/index/pt-br/transporte_p%C3%BAblico-line-933_5-Brasilia-1702-851940-766837-0,-1.0,-15.823533,-48.06407,0.0,,,2,2023-06-16T01:02:14+00:00
BRA_445231,Brasília,5300108,,Marechal,0.336,https://moovitapp.com/index/pt-br/transporte_p%C3%BAblico-line-0_336-Brasilia-1702-851940-347142-0,-1.0,-15.84777,-48.11542,0.0,,,2,2023-06-16T01:02:14+00:00
BRA_442208,Brasília,5300108,,Urbi,056.4,https://moovitapp.com/index/pt-br/transporte_p%C3%BAblico-line-056_4-Brasilia-1702-851595-519387-0,-1.0,-15.88016,-48.10578,4.0,,,2,2023-06-16T01:02:14+00:00
BRA_441759,Brasília,5300108,,Urbi,0.050,https://moovitapp.com/index/pt-br/transporte_p%C3%BAblico-line-0_050-Brasilia-1702-851595-781325-0,-1.0,-15.838617,-48.128747,0.0,,,2,2023-06-16T01:02:14+00:00
BRA_441457,Brasília,5300108,,Urbi,393.6,https://moovitapp.com/index/pt-br/transporte_p%C3%BAblico-line-393_6-Brasilia-1702-851595-588817-0,-1.0,-15.84717,-48.04331,29.0,,,2,2023-06-16T01:02:14+00:00
BRA_440132,Brasília,5300108,,Marechal,0.376,https://moovitapp.com/index/pt-br/transporte_p%C3%BAblico-line-0_376-Brasilia-1702-851940-242726-0,-1.0,-15.750823,-47.895247,34.0,,,2,2023-06-16T01:02:14+00:00
BRA_444413,Brasília,5300108,,Marechal,355.3,https://moovitapp.com/index/pt-br/transporte_p%C3%BAblico-line-355_3-Brasilia-1702-851940-504343-0,-1.0,-15.869957,-48.038583,0.0,,,2,2023-06-16T01:02:15+00:00
BRA_443344,Brasília,5300108,,Marechal,361.1,https://moovitapp.com/index/pt-br/transporte_p%C3%BAblico-line-361_1-Brasilia-1702-851940-363861-0,-1.0,-15.840967,-48.12676,0.0,,,2,2023-06-16T01:02:14+00:00
BRA_441627,Brasília,5300108,,Urbi,367.2,https://moovitapp.com/index/pt-br/transporte_p%C3%BAblico-line-367_2-Brasilia-1702-851595-454971-0,-1.0,-15.89431,-48.13776,48.0,,,2,2023-06-16T01:02:14+00:00
BRA_440698,Brasília,5300108,,São José,157.9,https://moovitapp.com/index/pt-br/transporte_p%C3%BAblico-line-157_9-Brasilia-1702-851943-707030-0,-1.0,-15.84018,-47.96581,0.0,,,2,2023-06-16T01:02:14+00:00
BRA_441155,Brasília,5300108,,Marechal,260.3,https://moovitapp.com/index/pt-br/transporte_p%C3%BAblico-line-260_3-Brasilia-1702-851940-393566-0,-1.0,-15.8764,-48.026733,36.0,,,2,2023-06-16T01:02:18+00:00
BRA_442631,Brasília,5300108,,Marechal,932.2,https://moovitapp.com/index/pt-br/transporte_p%C3%BAblico-line-932_2-Brasilia-1702-851940-3494666-0,-1.0,-15.83606,-48.136007,27.0,,,2,2023-06-16T01:02:14+00:00
BRA_443697,Brasília,5300108,,Marechal,959.1,https://moovitapp.com/index/pt-br/transporte_p%C3%BAblico-line-959_1-Brasilia-1702-851940-789939-0,-1.0,-15.81854,-48.091723,14.0,,,2,2023-06-16T01:02:14+00:00
BRA_443603,Brasília,5300108,,Marechal,355.2,https://moovitapp.com/index/pt-br/transporte_p%C3%BAblico-line-355_2-Brasilia-1702-851940-510251-0,-1.0,-15.793027,-48.05376,22.0,,,2,2023-06-16T00:46:42+00:00
BRA_444511,Brasília,5300108,,Marechal,0.339,https://moovitapp.com/index/pt-br/transporte_p%C3%BAblico-line-0_339-Brasilia-1702-851940-419625-0,-1.0,-15.763047,-47.87698,58.0,,,2,2023-06-16T01:01:28+00:00
BRA_444529,Brasília,5300108,,Marechal,363.2,https://moovitapp.com/index/pt-br/transporte_p%C3%BAblico-line-363_2-Brasilia-1702-851940-725443-0,-1.0,-15.839517,-48.12982,0.0,,,2,2023-06-16T01:02:14+00:00
BRA_443263,Brasília,5300108,,Marechal,361.1,https://moovitapp.com/index/pt-br/transporte_p%C3%BAblico-line-361_1-Brasilia-1702-851940-363861-0,-1.0,-15.83343,-48.038093,0.0,,,2,2023-06-16T01:02:14+00:00
BRA_444081,Brasília,5300108,,Urbi,0.054,https://moovitapp.com/index/pt-br/transporte_p%C3%BAblico-line-0_054-Brasilia-1702-851595-454960-0,-1.0,-15.819503,-48.069083,8.0,,,2,2023-06-16T01:02:15+00:00
BRA_444162,Brasília,5300108,,Urbi,0.347,https://moovitapp.com/index/pt-br/transporte_p%C3%BAblico-line-0_347-Brasilia-1702-851595-347128-0,-1.0,-15.850643,-47.955173,45.0,,,2,2023-06-16T01:02:14+00:00
BRA_441589,Brasília,5300108,,Urbi,056.2,https://moovitapp.com/index/pt-br/transporte_p%C3%BAblico-line-056_2-Brasilia-1702-851595-492982-0,-1.0,-15.85639,-48.07062,20.0,,,2,2023-06-16T01:00:26+00:00
BRA_443204,Brasília,5300108,,São José,333.6,https://moovitapp.com/index/pt-br/transporte_p%C3%BAblico-line-333_6-Brasilia-1702-851943-2068452-0,-1.0,-15.83792,-48.01571,55.0,,,2,2023-06-16T00:44:44+00:00
BRA_443573,Brasília,5300108,,Marechal,351.3,https://moovitapp.com/index/pt-br/transporte_p%C3%BAblico-line-351_3-Brasilia-1702-851940-510249-0,-1.0,-15.866773,-48.021937,29.0,,,2,2023-06-16T01:02:14+00:00
BRA_442526,Brasília,5300108,,São José,332.1,https://moovitapp.com/index/pt-br/transporte_p%C3%BAblico-line-332_1-Brasilia-1702-851943-2068455-0,-1.0,-15.83938,-48.12893,0.0,,,2,2023-06-16T00:44:29+00:00
BRA_442089,Brasília,5300108,,Marechal,0.942,https://moovitapp.com/index/pt-br/transporte_p%C3%BAblico-line-0_942-Brasilia-1702-851940-347158-0,-1.0,-15.841003,-48.126543,0.0,,,2,2023-06-16T01:02:14+00:00
BRA_443379,Brasília,5300108,,Marechal,0.361,https://moovitapp.com/index/pt-br/transporte_p%C3%BAblico-line-0_361-Brasilia-1702-851940-376158-0,-1.0,-15.835883,-48.11387,0.0,,,2,2023-06-16T01:02:18+00:00
BRA_443280,Brasília,5300108,,São José,333.7,https://moovitapp.com/index/pt-br/transporte_p%C3%BAblico-line-333_7-Brasilia-1702-851943-2068454-0,-1.0,-15.807533,-48.082377,0.0,,,2,2023-06-16T01:02:14+00:00
BRA_441171,Brasília,5300108,,Urbi,805.9,https://moovitapp.com/index/pt-br/transporte_p%C3%BAblico-line-805_9-Brasilia-1702-851595-454983-0,-1.0,-15.902127,-48.059177,27.0,,,2,2023-06-16T01:02:14+00:00
BRA_441414,Brasília,5300108,,Urbi,0.898,https://moovitapp.com/index/pt-br/transporte_p%C3%BAblico-line-0_898-Brasilia-1702-851595-322394-0,-1.0,-15.881363,-48.053657,37.0,,,2,2023-06-16T01:02:14+00:00
BRA_441287,Brasília,5300108,,Marechal,0.205,https://moovitapp.com/index/pt-br/transporte_p%C3%BAblico-line-0_205-Brasilia-1702-851940-463646-0,-1.0,-16.017513,-48.055997,53.0,,,2,2023-06-16T01:02:14+00:00
BRA_443221,Brasília,5300108,,Urbi,0.898,https://moovitapp.com/index/pt-br/transporte_p%C3%BAblico-line-0_898-Brasilia-1702-851595-322394-0,-1.0,-15.94932,-48.03357,0.0,,,2,2023-06-16T01:02:09+00:00
BRA_444791,Brasília,5300108,,São José,359.2,https://moovitapp.com/index/pt-br/transporte_p%C3%BAblico-line-359_2-Brasilia-1702-851943-2068453-0,-1.0,-15.808593,-48.157233,0.0,,,2,2023-06-16T01:02:18+00:00
BRA_444804,Brasília,5300108,,Marechal,0.339,https://moovitapp.com/index/pt-br/transporte_p%C3%BAblico-line-0_339-Brasilia-1702-851940-419625-0,-1.0,-15.76065,-47.872987,18.0,,,2,2023-06-16T01:02:17+00:00
BRA_444979,Brasília,5300108,,Urbi,0.898,https://moovitapp.com/index/pt-br/transporte_p%C3%BAblico-line-0_898-Brasilia-1702-851595-322394-0,-1.0,-15.881923,-48.0537,35.0,,,2,2023-06-16T00:36:40+00:00
BRA_445096,Brasília,5300108,,São José,350.1,https://moovitapp.com/index/pt-br/transporte_p%C3%BAblico-line-350_1-Brasilia-1702-851943-2068450-0,-1.0,-15.797577,-48.115407,1.0,,,2,2023-06-16T01:02:14+00:00
BRA_445002,Brasília,5300108,,São José,332.1,https://moovitapp.com/index/pt-br/transporte_p%C3%BAblico-line-332_1-Brasilia-1702-851943-2068455-0,-1.0,-15.817073,-48.104327,0.0,,,2,2023-06-16T01:02:14+00:00
BRA_444936,Brasília,5300108,,Marechal,361.1,https://moovitapp.com/index/pt-br/transporte_p%C3%BAblico-line-361_1-Brasilia-1702-851940-363861-0,-1.0,-15.84606,-48.122453,0.0,,,2,2023-06-16T01:02:14+00:00
BRA_445088,Brasília,5300108,,São José,332.1,https://moovitapp.com/index/pt-br/transporte_p%C3%BAblico-line-332_1-Brasilia-1702-851943-2068455-0,-1.0,-15.800743,-48.134897,31.0,,,2,2023-06-16T01:02:17+00:00
BRA_445100,Brasília,5300108,,São José,333.6,https://moovitapp.com/index/pt-br/transporte_p%C3%BAblico-line-333_6-Brasilia-1702-851943-2068452-0,-1.0,-15.800257,-48.15862,47.0,,,2,2023-06-16T01:02:14+00:00
BRA_444987,Brasília,5300108,,São José,359.2,https://moovitapp.com/index/pt-br/transporte_p%C3%BAblico-line-359_2-Brasilia-1702-851943-2068453-0,-1.0,-15.840623,-48.021933,7.0,,,2,2023-06-16T01:02:04+00:00
BRA_444863,Brasília,5300108,,Marechal,0.089,https://moovitapp.com/index/pt-br/transporte_p%C3%BAblico-line-0_089-Brasilia-1702-851940-706977-0,-1.0,-15.839377,-48.129617,0.0,,,2,2023-06-16T01:02:09+00:00
BRA_445061,Brasília,5300108,,Marechal,363.2,https://moovitapp.com/index/pt-br/transporte_p%C3%BAblico-line-363_2-Brasilia-1702-851940-725443-0,-1.0,-15.842433,-48.125213,33.0,,,2,2023-06-16T01:01:48+00:00
BRA_445037,Brasília,5300108,,Marechal,933.6,https://moovitapp.com/index/pt-br/transporte_p%C3%BAblico-line-933_6-Brasilia-1702-851940-3494672-0,-1.0,-15.82191,-48.113583,6.0,,,2,2023-06-16T00:33:18+00:00
BRA_444961,Brasília,5300108,,Urbi,0.347,https://moovitapp.com/index/pt-br/transporte_p%C3%BAblico-line-0_347-Brasilia-1702-851595-347128-0,-1.0,-15.840803,-48.115273,11.0,,,2,2023-06-16T01:02:14+00:00
BRA_444821,Brasília,5300108,,Marechal,363.1,https://moovitapp.com/index/pt-br/transporte_p%C3%BAblico-line-363_1-Brasilia-1702-851940-504344-0,-1.0,-15.84701,-48.043497,0.0,,,2,2023-06-16T01:02:14+00:00
BRA_440817,Brasília,5300108,,São José,157.8,https://moovitapp.com/index/pt-br/transporte_p%C3%BAblico-line-157_8-Brasilia-1702-851943-759503-0,-1.0,-15.841407,-47.97188,11.0,,,2,2023-06-16T01:02:14+00:00
BRA_443905,Brasília,5300108,,Marechal,351.3,https://moovitapp.com/index/pt-br/transporte_p%C3%BAblico-line-351_3-Brasilia-1702-851940-510249-0,-1.0,-15.85938,-48.028547,39.0,,,2,2023-06-16T01:02:14+00:00
BRA_441406,Brasília,5300108,,Marechal,0.089,https://moovitapp.com/index/pt-br/transporte_p%C3%BAblico-line-0_089-Brasilia-1702-851940-706977-0,-1.0,-15.815787,-48.06326,30.0,,,2,2023-06-16T01:02:14+00:00
BRA_443867,Brasília,5300108,,Marechal,0.959,https://moovitapp.com/index/pt-br/transporte_p%C3%BAblico-line-0_959-Brasilia-1702-851940-546208-0,-1.0,-15.867327,-48.03745,0.0,,,2,2023-06-16T01:02:17+00:00
BRA_440884,Brasília,5300108,,Marechal,0.205,https://moovitapp.com/index/pt-br/transporte_p%C3%BAblico-line-0_205-Brasilia-1702-851940-463646-0,-1.0,-15.869687,-48.037863,0.0,,,2,2023-06-16T01:02:14+00:00
BRA_444651,Brasília,5300108,,Marechal,336.1,https://moovitapp.com/index/pt-br/transporte_p%C3%BAblico-line-336_1-Brasilia-1702-851940-347163-0,-1.0,-15.808347,-47.89224,57.0,,,2,2023-06-16T01:02:14+00:00
BRA_440256,Brasília,5300108,,Marechal,156.1,https://moovitapp.com/index/pt-br/transporte_p%C3%BAblico-line-156_1-Brasilia-1702-851940-242750-0,-1.0,-15.856667,-48.037877,41.0,,,2,2023-06-16T01:02:14+00:00
BRA_444901,Brasília,5300108,,Marechal,0.383,https://moovitapp.com/index/pt-br/transporte_p%C3%BAblico-line-0_383-Brasilia-1702-851940-347151-0,-1.0,-15.791187,-48.045917,57.0,,,2,2023-06-16T01:02:14+00:00
BRA_441643,Brasília,5300108,,Urbi,0.056,https://moovitapp.com/index/pt-br/transporte_p%C3%BAblico-line-0_056-Brasilia-1702-851595-588804-0,-1.0,-15.83928,-48.129643,0.0,,,2,2023-06-16T01:02:14+00:00
BRA_443638,Brasília,5300108,,Marechal,351.3,https://moovitapp.com/index/pt-br/transporte_p%C3%BAblico-line-351_3-Brasilia-1702-851940-510249-0,-1.0,-15.87019,-48.037847,0.0,,,2,2023-06-16T01:02:14+00:00
BRA_442518,Brasília,5300108,,Urbi,056.2,https://moovitapp.com/index/pt-br/transporte_p%C3%BAblico-line-056_2-Brasilia-1702-851595-492982-0,-1.0,-15.840117,-48.129313,0.0,,,2,2023-06-16T01:02:09+00:00
BRA_445169,Brasília,5300108,,Marechal,0.305,https://moovitapp.com/index/pt-br/transporte_p%C3%BAblico-line-0_305-Brasilia-1702-851940-775108-0,-1.0,-15.816513,-48.01047,58.0,,,2,2023-06-16T00:48:20+00:00
BRA_441341,Brasília,5300108,,Marechal,0.205,https://moovitapp.com/index/pt-br/transporte_p%C3%BAblico-line-0_205-Brasilia-1702-851940-463646-0,-1.0,-15.869817,-48.037843,0.0,,,2,2023-06-16T01:02:14+00:00
BRA_228800,Brasília,5300108,,Pioneira,2306,https://moovitapp.com/index/pt-br/transporte_p%C3%BAblico-line-2306-Brasilia-1702-851941-18556641-0,-1.0,-15.919294,-47.973015,,,,2,2023-06-16T01:01:42+00:00
BRA_223930,Brasília,5300108,,Pioneira,2307,https://moovitapp.com/index/pt-br/transporte_p%C3%BAblico-line-2307-Brasilia-1702-851941-18556638-0,-1.0,-15.953064,-47.994345,,,,1,2023-06-14T10:16:34+00:00
BRA_228681,Brasília,5300108,,Pioneira,180.2,https://moovitapp.com/index/pt-br/transporte_p%C3%BAblico-line-180_2-Brasilia-1702-851941-514539-0,-1.0,-15.793611,-47.881735,,,,1,2023-06-16T00:58:52+00:00
BRA_232327,Brasília,5300108,,Pioneira,0.253,https://moovitapp.com/index/pt-br/transporte_p%C3%BAblico-line-0_253-Brasilia-1702-851941-510254-0,-1.0,-16.041606,-48.032641,,,,1,2023-06-16T01:01:16+00:00
BRA_231321,Brasília,5300108,,Taguatur,3304,https://moovitapp.com/index/pt-br/transporte_p%C3%BAblico-line-3304-Brasilia-1702-854428-21462346-0,-1.0,-16.002378,-47.986296,,,,1,2023-06-16T01:02:24+00:00
BRA_232165,Brasília,5300108,,,3206,,,-16.028426,-48.071462,,,,1,2023-06-16T01:02:12+00:00
BRA_232521,Brasília,5300108,,Pioneira,2307,https://moovitapp.com/index/pt-br/transporte_p%C3%BAblico-line-2307-Brasilia-1702-851941-18556638-0,-1.0,-15.788425,-47.905457,,,,1,2023-06-16T01:02:22+00:00
BRA_229954,Brasília,5300108,,,3201,,,-15.996639,-48.056349,,,,1,2023-06-16T01:02:00+00:00
BRA_226599,Brasília,5300108,,Pioneira,102.1,https://moovitapp.com/index/pt-br/transporte_p%C3%BAblico-line-102_1-Brasilia-1702-851941-775125-0,-1.0,-15.794555,-47.881971,,,,1,2023-06-16T01:02:06+00:00
BRA_226874,Brasília,5300108,,Pioneira,764.2,https://moovitapp.com/index/pt-br/transporte_p%C3%BAblico-line-764_2-Brasilia-1702-851941-527246-0,-1.0,-15.749971,-47.774638,,,,2,2023-06-16T01:01:36+00:00
BRA_231444,Brasília,5300108,,Pioneira,183.8,https://moovitapp.com/index/pt-br/transporte_p%C3%BAblico-line-183_8-Brasilia-1702-851941-719958-0,-1.0,-15.91335,-47.757147,,,,1,2023-06-16T01:01:22+00:00
BRA_230111,Brasília,5300108,,Pioneira,124.6,https://moovitapp.com/index/pt-br/transporte_p%C3%BAblico-line-124_6-Brasilia-1702-851941-425282-0,-1.0,-15.789421,-47.942815,,,,1,2023-06-16T01:02:10+00:00
BRA_227650,Brasília,5300108,,Pioneira,147.2,https://moovitapp.com/index/pt-br/transporte_p%C3%BAblico-line-147_2-Brasilia-1702-851941-519403-0,-1.0,-15.808202,-47.900663,,,,2,2023-06-16T01:01:46+00:00
BRA_229032,Brasília,5300108,,Pioneira,271.3,https://moovitapp.com/index/pt-br/transporte_p%C3%BAblico-line-271_3-Brasilia-1702-851941-669626-0,-1.0,-16.016012,-48.011997,,,,1,2023-06-16T01:01:42+00:00
BRA_227331,Brasília,5300108,,Pioneira,181.2,https://moovitapp.com/index/pt-br/transporte_p%C3%BAblico-line-181_2-Brasilia-1702-851941-339338-0,-1.0,-15.904921,-47.773201,,,,1,2023-06-16T00:49:16+00:00
BRA_229253,Brasília,5300108,,Pioneira,759.1,https://moovitapp.com/index/pt-br/transporte_p%C3%BAblico-line-759_1-Brasilia-1702-851941-616183-0,-1.0,-15.762011,-47.78359,,,,1,2023-06-16T01:02:00+00:00
BRA_232629,Brasília,5300108,,Pioneira,2208,https://moovitapp.com/index/pt-br/transporte_p%C3%BAblico-line-2208-Brasilia-1702-851941-18556642-0,-1.0,-15.802822,-47.920862,,,,1,2023-06-16T01:02:42+00:00
BRA_231754,Brasília,5300108,,Pioneira,780.1,https://moovitapp.com/index/pt-br/transporte_p%C3%BAblico-line-780_1-Brasilia-1702-851941-531040-0,-1.0,-15.78819,-47.888259,,,,1,2023-06-16T01:02:16+00:00
BRA_227714,Brasília,5300108,,,3202,,,-16.028013,-48.054785,,,,1,2023-06-16T01:02:08+00:00
BRA_227218,Brasília,5300108,,Pioneira,3210,https://moovitapp.com/index/pt-br/transporte_p%C3%BAblico-line-3210-Brasilia-1702-851941-14518504-0,-1.0,-15.992638,-48.050252,,,,1,2023-06-16T01:01:36+00:00
BRA_228303,Brasília,5300108,,Pioneira,205.1,https://moovitapp.com/index/pt-br/transporte_p%C3%BAblico-line-205_1-Brasilia-1702-851941-393571-0,-1.0,-16.023537,-48.079371,,,,2,2023-06-16T01:01:40+00:00
BRA_232432,Brasília,5300108,,Pioneira,3315,https://moovitapp.com/index/pt-br/transporte_p%C3%BAblico-line-3315-Brasilia-1702-851941-645997-0,-1.0,-16.011072,-47.990906,,,,1,2023-06-16T01:02:22+00:00
BRA_232025,Brasília,5300108,,Pioneira,180.1,https://moovitapp.com/index/pt-br/transporte_p%C3%BAblico-line-180_1-Brasilia-1702-851941-339336-0,-1.0,-15.807479,-47.851123,,,,1,2023-06-16T01:02:04+00:00
BRA_227382,Brasília,5300108,,Pioneira,180.3,https://moovitapp.com/index/pt-br/transporte_p%C3%BAblico-line-180_3-Brasilia-1702-851941-546212-0,-1.0,-15.814397,-47.840664,,,,1,2023-06-16T01:02:04+00:00
BRA_232220,Brasília,5300108,,Pioneira,205.1,https://moovitapp.com/index/pt-br/transporte_p%C3%BAblico-line-205_1-Brasilia-1702-851941-393571-0,-1.0,-15.807753,-48.083046,,,,1,2023-06-16T01:02:30+00:00
BRA_229563,Brasília,5300108,,Pioneira,180.2,https://moovitapp.com/index/pt-br/transporte_p%C3%BAblico-line-180_2-Brasilia-1702-851941-514539-0,-1.0,-15.798019,-47.86586,,,,1,2023-06-16T01:02:56+00:00
BRA_228621,Brasília,5300108,,Pioneira,147.5,https://moovitapp.com/index/pt-br/transporte_p%C3%BAblico-line-147_5-Brasilia-1702-851941-519406-0,-1.0,-15.781174,-47.887496,,,,1,2023-06-16T01:01:36+00:00
BRA_226963,Brasília,5300108,,Pioneira,2208,https://moovitapp.com/index/pt-br/transporte_p%C3%BAblico-line-2208-Brasilia-1702-851941-18556642-0,-1.0,-15.938935,-47.986048,,,,2,2023-06-16T01:02:24+00:00
BRA_227765,Brasília,5300108,,Pioneira,2206,https://moovitapp.com/index/pt-br/transporte_p%C3%BAblico-line-2206-Brasilia-1702-851941-18556637-0,-1.0,-15.922025,-47.97489,,,,2,2023-06-16T01:02:16+00:00
BRA_227781,Brasília,5300108,,,3202,,,-16.016521,-48.047442,,,,1,2023-06-16T01:02:38+00:00
BRA_231533,Brasília,5300108,,Pioneira,0.018,https://moovitapp.com/index/pt-br/transporte_p%C3%BAblico-line-0_018-Brasilia-1702-851941-75742713-0,-1.0,-15.818694,-47.833308,,,,2,2023-06-16T01:02:22+00:00
BRA_227072,Brasília,5300108,,Pioneira,764.2,https://moovitapp.com/index/pt-br/transporte_p%C3%BAblico-line-764_2-Brasilia-1702-851941-527246-0,-1.0,-15.760392,-47.781066,,,,1,2023-06-16T01:02:30+00:00
BRA_226360,Brasília,5300108,,Pioneira,2205,https://moovitapp.com/index/pt-br/transporte_p%C3%BAblico-line-2205-Brasilia-1702-851941-393568-0,-1.0,-15.80719,-47.899951,,,,2,2023-06-16T01:02:04+00:00
BRA_226432,Brasília,5300108,,Pioneira,761.1,https://moovitapp.com/index/pt-br/transporte_p%C3%BAblico-line-761_1-Brasilia-1702-851941-620161-0,-1.0,-15.794031,-47.881831,,,,1,2023-06-16T01:02:36+00:00
BRA_228567,Brasília,5300108,,Pioneira,2307,https://moovitapp.com/index/pt-br/transporte_p%C3%BAblico-line-2307-Brasilia-1702-851941-18556638-0,-1.0,-15.821287,-47.950508,,,,2,2023-06-16T01:02:46+00:00
BRA_232475,Brasília,5300108,,Pioneira,3314,https://moovitapp.com/index/pt-br/transporte_p%C3%BAblico-line-3314-Brasilia-1702-851941-645996-0,-1.0,-16.044877,-48.034396,,,,1,2023-06-16T01:01:36+00:00
BRA_226688,Brasília,5300108,,Pioneira,0.759,https://moovitapp.com/index/pt-br/transporte_p%C3%BAblico-line-0_759-Brasilia-1702-851941-775121-0,-1.0,-15.762607,-47.78057,,,,2,2023-06-16T01:01:40+00:00
BRA_231631,Brasília,5300108,,Pioneira,0.762,https://moovitapp.com/index/pt-br/transporte_p%C3%BAblico-line-0_762-Brasilia-1702-851941-576189-0,-1.0,-15.736016,-47.765285,,,,1,2023-06-15T08:20:24+00:00
BRA_227609,Brasília,5300108,,Pioneira,2205,https://moovitapp.com/index/pt-br/transporte_p%C3%BAblico-line-2205-Brasilia-1702-851941-393568-0,-1.0,-15.965103,-48.019404,,,,1,2023-06-16T01:02:10+00:00
BRA_226467,Brasília,5300108,,Pioneira,759.1,https://moovitapp.com/index/pt-br/transporte_p%C3%BAblico-line-759_1-Brasilia-1702-851941-616183-0,-1.0,-15.782096,-47.778713,,,,1,2023-06-16T01:01:40+00:00
BRA_229491,Brasília,5300108,,Pioneira,0.510,https://moovitapp.com/index/pt-br/transporte_p%C3%BAblico-line-0_510-Brasilia-1702-851941-16483906-0,-1.0,-15.756246,-47.772235,,,,1,2023-06-16T01:02:12+00:00
BRA_232203,Brasília,5300108,,Pioneira,124.6,https://moovitapp.com/index/pt-br/transporte_p%C3%BAblico-line-124_6-Brasilia-1702-851941-425282-0,-1.0,-15.874683,-47.958258,,,,1,2023-06-15T23:26:54+00:00
BRA_228281,Brasília,5300108,,,3202,,,-15.991995,-48.049521,,,,1,2023-06-16T01:01:48+00:00
BRA_229482,Brasília,5300108,,Pioneira,0.195,https://moovitapp.com/index/pt-br/transporte_p%C3%BAblico-line-0_195-Brasilia-1702-851941-242845-0,-1.0,-15.796641,-47.877463,,,,1,2023-06-16T01:01:44+00:00
BRA_227838,Brasília,5300108,,Pioneira,180.2,https://moovitapp.com/index/pt-br/transporte_p%C3%BAblico-line-180_2-Brasilia-1702-851941-514539-0,-1.0,-15.896223,-47.797189,,,,1,2023-06-16T01:01:32+00:00
BRA_230049,Brasília,5300108,,Taguatur,3305,https://moovitapp.com/index/pt-br/transporte_p%C3%BAblico-line-3305-Brasilia-1702-854428-77810673-0,-1.0,-16.048968,-47.977364,,,,1,2023-06-16T01:01:22+00:00
BRA_232602,Brasília,5300108,,UTB,2302,https://moovitapp.com/index/pt-br/transporte_p%C3%BAblico-line-2302-Brasilia-1702-854427-744298-0,-1.0,-15.925954,-47.977395,,,,1,2023-06-16T01:02:16+00:00
BRA_226262,Brasília,5300108,,UTB,2303,https://moovitapp.com/index/pt-br/transporte_p%C3%BAblico-line-2303-Brasilia-1702-854427-744299-0,-1.0,-16.002718,-47.986849,,,,2,2023-06-16T01:02:02+00:00
BRA_226556,Brasília,5300108,,Pioneira,0.111,https://moovitapp.com/index/pt-br/transporte_p%C3%BAblico-line-0_111-Brasilia-1702-851941-432834-0,-1.0,-15.834961,-47.914364,,,,1,2023-06-16T01:02:32+00:00
BRA_230065,Brasília,5300108,,Taguatur,3302,https://moovitapp.com/index/pt-br/transporte_p%C3%BAblico-line-3302-Brasilia-1702-854428-3135322-0,-1.0,-16.042127,-48.026143,,,,1,2023-06-16T01:02:16+00:00
BRA_228885,Brasília,5300108,,Pioneira,2307,https://moovitapp.com/index/pt-br/transporte_p%C3%BAblico-line-2307-Brasilia-1702-851941-18556638-0,-1.0,-15.832674,-47.951475,,,,1,2023-06-16T01:01:34+00:00
BRA_225703,Brasília,5300108,,Pioneira,0.764,https://moovitapp.com/index/pt-br/transporte_p%C3%BAblico-line-0_764-Brasilia-1702-851941-516641-0,-1.0,-15.736653,-47.765781,,,,1,2023-06-16T01:02:00+00:00
BRA_229849,Brasília,5300108,,Pioneira,0.147,https://moovitapp.com/index/pt-br/transporte_p%C3%BAblico-line-0_147-Brasilia-1702-851941-519401-0,-1.0,-15.913536,-47.756938,,,,2,2023-06-16T00:09:48+00:00
BRA_228575,Brasília,5300108,,Pioneira,0.255,https://moovitapp.com/index/pt-br/transporte_p%C3%BAblico-line-0_255-Brasilia-1702-851941-706978-0,-1.0,-15.809363,-48.06897,,,,1,2023-06-16T01:02:24+00:00
BRA_232084,Brasília,5300108,,Pioneira,180.0,https://moovitapp.com/index/pt-br/transporte_p%C3%BAblico-line-180_0-Brasilia-1702-851941-77097780-0,-1.0,-15.904516,-47.774085,,,,2,2023-06-16T01:01:50+00:00
BRA_230031,Brasília,5300108,,,3207,,,-15.991883,-48.049388,,,,1,2023-06-16T01:02:10+00:00
BRA_226831,Brasília,5300108,,Pioneira,0.510,https://moovitapp.com/index/pt-br/transporte_p%C3%BAblico-line-0_510-Brasilia-1702-851941-16483906-0,-1.0,-15.76021,-47.780773,,,,1,2023-06-15T13:15:44+00:00
BRA_227480,Brasília,5300108,,,3201,,,-15.998349,-48.058562,,,,1,2023-06-15T21:20:48+00:00
BRA_227480,Brasília,5300108,,Taguatur,3305,https://moovitapp.com/index/pt-br/transporte_p%C3%BAblico-line-3305-Brasilia-1702-854428-77810673-0,-1.0,-16.015987,-47.984656,,,,1,2023-06-16T01:01:48+00:00
BRA_230103,Brasília,5300108,,Taguatur,3302,https://moovitapp.com/index/pt-br/transporte_p%C3%BAblico-line-3302-Brasilia-1702-854428-3135322-0,-1.0,-16.02581,-48.03032,,,,1,2023-06-16T01:02:24+00:00
BRA_228125,Brasília,5300108,,,3202,,,-16.037483,-48.056311,,,,1,2023-06-16T01:03:18+00:00
BRA_231703,Brasília,5300108,,Pioneira,0.765,https://moovitapp.com/index/pt-br/transporte_p%C3%BAblico-line-0_765-Brasilia-1702-851941-576190-0,-1.0,-15.830385,-47.901883,,,,1,2023-06-16T01:01:34+00:00
BRA_230171,Brasília,5300108,,Taguatur,3302,https://moovitapp.com/index/pt-br/transporte_p%C3%BAblico-line-3302-Brasilia-1702-854428-3135322-0,-1.0,-16.042229,-48.026277,,,,1,2023-06-16T01:02:20+00:00
BRA_229512,Brasília,5300108,,,3204,,,-16.016432,-48.073229,,,,1,2023-06-16T01:02:10+00:00
BRA_229083,Brasília,5300108,,Pioneira,197.3,https://moovitapp.com/index/pt-br/transporte_p%C3%BAblico-line-197_3-Brasilia-1702-851941-519409-0,-1.0,-15.913329,-47.756906,,,,2,2023-06-16T01:02:20+00:00
BRA_231649,Brasília,5300108,,Pioneira,0.762,https://moovitapp.com/index/pt-br/transporte_p%C3%BAblico-line-0_762-Brasilia-1702-851941-576189-0,-1.0,-15.72605,-47.845191,,,,1,2023-06-16T01:01:32+00:00
BRA_228028,Brasília,5300108,,Pioneira,0.147,https://moovitapp.com/index/pt-br/transporte_p%C3%BAblico-line-0_147-Brasilia-1702-851941-519401-0,-1.0,-15.853817,-47.87635,,,,1,2023-06-16T01:01:42+00:00
BRA_227129,Brasília,5300108,,Pioneira,2205,https://moovitapp.com/index/pt-br/transporte_p%C3%BAblico-line-2205-Brasilia-1702-851941-393568-0,-1.0,-15.840252,-47.930843,,,,1,2023-06-16T01:02:14+00:00
BRA_229440,Brasília,5300108,,Pioneira,2306,https://moovitapp.com/index/pt-br/transporte_p%C3%BAblico-line-2306-Brasilia-1702-851941-18556641-0,-1.0,-15.737287,-47.898787,,,,1,2023-06-16T01:02:24+00:00
BRA_226882,Brasília,5300108,,,2202,,,-15.923804,-47.975939,,,,1,2023-06-16T01:02:28+00:00
BRA_229938,Brasília,5300108,,,3204,,,-16.021035,-48.050666,,,,1,2023-06-16T01:01:50+00:00
BRA_231789,Brasília,5300108,,Pioneira,0.764,https://moovitapp.com/index/pt-br/transporte_p%C3%BAblico-line-0_764-Brasilia-1702-851941-516641-0,-1.0,-15.751982,-47.780106,,,,2,2023-06-15T22:13:24+00:00
BRA_228702,Brasília,5300108,,Pioneira,255.1,https://moovitapp.com/index/pt-br/transporte_p%C3%BAblico-line-255_1-Brasilia-1702-851941-706982-0,-1.0,-15.804332,-48.095959,,,,2,2023-06-16T01:02:56+00:00
BRA_229873,Brasília,5300108,,Pioneira,147.5,https://moovitapp.com/index/pt-br/transporte_p%C3%BAblico-line-147_5-Brasilia-1702-851941-519406-0,-1.0,-15.908545,-47.752799,,,,2,2023-06-16T01:02:04+00:00
BRA_226939,Brasília,5300108,,Pioneira,759.1,https://moovitapp.com/index/pt-br/transporte_p%C3%BAblico-line-759_1-Brasilia-1702-851941-616183-0,-1.0,-15.73693,-47.834071,,,,2,2023-06-16T01:01:58+00:00
BRA_229202,Brasília,5300108,,UTB,2302,https://moovitapp.com/index/pt-br/transporte_p%C3%BAblico-line-2302-Brasilia-1702-854427-744298-0,-1.0,-15.830436,-47.920614,,,,2,2023-06-16T01:02:34+00:00
BRA_231606,Brasília,5300108,,Pioneira,764.2,https://moovitapp.com/index/pt-br/transporte_p%C3%BAblico-line-764_2-Brasilia-1702-851941-527246-0,-1.0,-15.776428,-47.779565,,,,2,2023-06-16T01:01:36+00:00
BRA_227447,Brasília,5300108,,Pioneira,2206,https://moovitapp.com/index/pt-br/transporte_p%C3%BAblico-line-2206-Brasilia-1702-851941-18556637-0,-1.0,-15.82116,-47.906385,,,,1,2023-06-16T01:02:04+00:00
BRA_223697,Brasília,5300108,,,2202,,,-15.980695,-48.036831,,,,1,2023-06-16T01:03:02+00:00
BRA_227234,Brasília,5300108,,Pioneira,147.2,https://moovitapp.com/index/pt-br/transporte_p%C3%BAblico-line-147_2-Brasilia-1702-851941-519403-0,-1.0,-15.836287,-47.934181,,,,1,2023-06-16T01:02:20+00:00
BRA_229971,Brasília,5300108,,,3204,,,-16.022945,-48.052738,,,,1,2023-06-16T01:01:14+00:00
BRA_227587,Brasília,5300108,,Pioneira,147.5,https://moovitapp.com/index/pt-br/transporte_p%C3%BAblico-line-147_5-Brasilia-1702-851941-519406-0,-1.0,-15.906564,-47.7547,,,,1,2023-06-16T01:01:54+00:00
BRA_232491,Brasília,5300108,,Taguatur,3302,https://moovitapp.com/index/pt-br/transporte_p%C3%BAblico-line-3302-Brasilia-1702-854428-3135322-0,-1.0,-16.04226,-48.026334,,,,1,2023-06-16T01:01:56+00:00
BRA_228435,Brasília,5300108,,,3201,,,-16.039498,-48.059458,,,,1,2023-06-16T01:02:22+00:00
BRA_229920,Brasília,5300108,,,3204,,,-15.991805,-48.04926,,,,1,2023-06-16T01:02:20+00:00
BRA_225533,Brasília,5300108,,Pioneira,2205,https://moovitapp.com/index/pt-br/transporte_p%C3%BAblico-line-2205-Brasilia-1702-851941-393568-0,-1.0,-15.815099,-47.910104,,,,2,2023-06-16T00:39:34+00:00
BRA_228869,Brasília,5300108,,Pioneira,251.7,https://moovitapp.com/index/pt-br/transporte_p%C3%BAblico-line-251_7-Brasilia-1702-851941-651524-0,-1.0,-16.047445,-48.030251,,,,1,2023-06-16T01:01:34+00:00
BRA_229989,Brasília,5300108,,,3207,,,-16.014604,-48.074482,,,,1,2023-06-16T01:02:00+00:00
BRA_228079,Brasília,5300108,,Pioneira,205.1,https://moovitapp.com/index/pt-br/transporte_p%C3%BAblico-line-205_1-Brasilia-1702-851941-393571-0,-1.0,-15.807792,-48.065962,,,,2,2023-06-16T01:02:34+00:00
BRA_223867,Brasília,5300108,,Pioneira,2208,https://moovitapp.com/index/pt-br/transporte_p%C3%BAblico-line-2208-Brasilia-1702-851941-18556642-0,-1.0,-15.787986,-47.901464,,,,1,2023-06-16T01:01:54+00:00
BRA_229610,Brasília,5300108,,,3207,,,-16.010246,-48.082658,,,,1,2023-06-16T01:01:34+00:00
BRA_228044,Brasília,5300108,,Pioneira,0.181,https://moovitapp.com/index/pt-br/transporte_p%C3%BAblico-line-0_181-Brasilia-1702-851941-242838-0,-1.0,-15.913361,-47.757656,,,,2,2023-06-16T01:02:04+00:00
BRA_230201,Brasília,5300108,,Pioneira,020.2,https://moovitapp.com/index/pt-br/transporte_p%C3%BAblico-line-020_2-Brasilia-1702-851941-708653-0,-1.0,-16.014702,-48.011393,,,,1,2023-06-16T01:02:04+00:00
BRA_227595,Brasília,5300108,,Pioneira,181.2,https://moovitapp.com/index/pt-br/transporte_p%C3%BAblico-line-181_2-Brasilia-1702-851941-339338-0,-1.0,-15.845946,-47.896581,,,,1,2023-06-16T01:02:18+00:00
BRA_226611,Brasília,5300108,,Pioneira,0.765,https://moovitapp.com/index/pt-br/transporte_p%C3%BAblico-line-0_765-Brasilia-1702-851941-576190-0,-1.0,-15.746535,-47.763944,,,,2,2023-06-16T01:02:44+00:00
BRA_229792,Brasília,5300108,,Pioneira,180.0,https://moovitapp.com/index/pt-br/transporte_p%C3%BAblico-line-180_0-Brasilia-1702-851941-77097780-0,-1.0,-15.802496,-47.850563,,,,1,2023-06-16T01:01:36+00:00
BRA_228168,Brasília,5300108,,UTB,2302,https://moovitapp.com/index/pt-br/transporte_p%C3%BAblico-line-2302-Brasilia-1702-854427-744298-0,-1.0,-15.993703,-47.985985,,,,2,2023-06-16T01:01:52+00:00
BRA_226017,Brasília,5300108,,UTB,2303,https://moovitapp.com/index/pt-br/transporte_p%C3%BAblico-line-2303-Brasilia-1702-854427-744299-0,-1.0,-15.803905,-47.896867,,,,2,2023-06-16T01:02:42+00:00
BRA_227030,Brasília,5300108,,Pioneira,0.761,https://moovitapp.com/index/pt-br/transporte_p%C3%BAblico-line-0_761-Brasilia-1702-851941-605389-0,-1.0,-15.870012,-47.928103,,,,1,2023-06-15T21:09:30+00:00
BRA_227439,Brasília,5300108,,Pioneira,181.5,https://moovitapp.com/index/pt-br/transporte_p%C3%BAblico-line-181_5-Brasilia-1702-851941-756866-0,-1.0,-15.902321,-47.777194,,,,1,2023-06-16T01:01:40+00:00
BRA_228061,Brasília,5300108,,Pioneira,181.1,https://moovitapp.com/index/pt-br/transporte_p%C3%BAblico-line-181_1-Brasilia-1702-851941-242915-0,-1.0,-15.897754,-47.783005,,,,1,2023-06-16T01:02:08+00:00
BRA_228311,Brasília,5300108,,Pioneira,205.1,https://moovitapp.com/index/pt-br/transporte_p%C3%BAblico-line-205_1-Brasilia-1702-851941-393571-0,-1.0,-16.01208,-48.068639,,,,1,2023-06-16T01:02:30+00:00
BRA_232581,Brasília,5300108,,UTB,2302,https://moovitapp.com/index/pt-br/transporte_p%C3%BAblico-line-2302-Brasilia-1702-854427-744298-0,-1.0,-15.803677,-47.886485,,,,1,2023-06-16T01:01:54+00:00
BRA_226068,Brasília,5300108,,UTB,2302,https://moovitapp.com/index/pt-br/transporte_p%C3%BAblico-line-2302-Brasilia-1702-854427-744298-0,-1.0,-15.794179,-47.882479,,,,1,2023-06-16T01:02:06+00:00
BRA_229946,Brasília,5300108,,Pioneira,073.1,https://moovitapp.com/index/pt-br/transporte_p%C3%BAblico-line-073_1-Brasilia-1702-851941-775123-0,-1.0,-15.857439,-47.955645,,,,1,2023-06-16T01:01:56+00:00
BRA_230219,Brasília,5300108,,Pioneira,0.255,https://moovitapp.com/index/pt-br/transporte_p%C3%BAblico-line-0_255-Brasilia-1702-851941-706978-0,-1.0,-15.851375,-48.040703,,,,1,2023-06-16T01:01:42+00:00
BRA_228052,Brasília,5300108,,Pioneira,205.1,https://moovitapp.com/index/pt-br/transporte_p%C3%BAblico-line-205_1-Brasilia-1702-851941-393571-0,-1.0,-15.866942,-48.032361,,,,1,2023-06-16T01:02:16+00:00
BRA_226521,Brasília,5300108,,Pioneira,510.1,https://moovitapp.com/index/pt-br/transporte_p%C3%BAblico-line-510_1-Brasilia-1702-851941-770035-0,-1.0,-15.788554,-47.705853,,,,1,2023-06-16T01:00:54+00:00
BRA_226653,Brasília,5300108,,Pioneira,764.2,https://moovitapp.com/index/pt-br/transporte_p%C3%BAblico-line-764_2-Brasilia-1702-851941-527246-0,-1.0,-15.799896,-47.851301,,,,1,2023-06-16T01:01:54+00:00
BRA_232301,Brasília,5300108,,Pioneira,0.255,https://moovitapp.com/index/pt-br/transporte_p%C3%BAblico-line-0_255-Brasilia-1702-851941-706978-0,-1.0,-16.023788,-48.031999,,,,1,2023-06-16T01:02:06+00:00
BRA_229369,Brasília,5300108,,Pioneira,2306,https://moovitapp.com/index/pt-br/transporte_p%C3%BAblico-line-2306-Brasilia-1702-851941-18556641-0,-1.0,-15.811197,-47.894133,,,,2,2023-06-16T01:02:30+00:00
BRA_226670,Brasília,5300108,,Pioneira,780.1,https://moovitapp.com/index/pt-br/transporte_p%C3%BAblico-line-780_1-Brasilia-1702-851941-531040-0,-1.0,-15.794196,-47.882015,,,,1,2023-06-16T01:02:38+00:00
BRA_223611,Brasília,5300108,,UTB,2303,https://moovitapp.com/index/pt-br/transporte_p%C3%BAblico-line-2303-Brasilia-1702-854427-744299-0,-1.0,-15.897336,-47.962372,,,,1,2023-06-16T01:00:50+00:00
BRA_228010,Brasília,5300108,,,3207,,,-15.998268,-48.059363,,,,1,2023-06-16T01:02:22+00:00
BRA_228346,Brasília,5300108,,Pioneira,251.7,https://moovitapp.com/index/pt-br/transporte_p%C3%BAblico-line-251_7-Brasilia-1702-851941-651524-0,-1.0,-16.00735,-48.002842,,,,1,2023-06-16T01:01:48+00:00
BRA_231479,Brasília,5300108,,Pioneira,0.011,https://moovitapp.com/index/pt-br/transporte_p%C3%BAblico-line-0_011-Brasilia-1702-851941-775117-0,-1.0,-15.736149,-47.764993,,,,1,2023-06-16T01:01:46+00:00
BRA_228338,Brasília,5300108,,Pioneira,147.7,https://moovitapp.com/index/pt-br/transporte_p%C3%BAblico-line-147_7-Brasilia-1702-851941-574205-0,-1.0,-15.794484,-47.882149,,,,2,2023-06-16T01:01:42+00:00
BRA_225525,Brasília,5300108,,UTB,2303,https://moovitapp.com/index/pt-br/transporte_p%C3%BAblico-line-2303-Brasilia-1702-854427-744299-0,-1.0,-15.832213,-47.928631,,,,2,2023-06-16T01:01:48+00:00
BRA_232041,Brasília,5300108,,Pioneira,147.7,https://moovitapp.com/index/pt-br/transporte_p%C3%BAblico-line-147_7-Brasilia-1702-851941-574205-0,-1.0,-15.870099,-47.761089,,,,1,2023-06-16T01:02:08+00:00
BRA_229865,Brasília,5300108,,Pioneira,197.3,https://moovitapp.com/index/pt-br/transporte_p%C3%BAblico-line-197_3-Brasilia-1702-851941-519409-0,-1.0,-15.913332,-47.757084,,,,1,2023-06-15T23:32:54+00:00
BRA_227170,Brasília,5300108,,Pioneira,180.1,https://moovitapp.com/index/pt-br/transporte_p%C3%BAblico-line-180_1-Brasilia-1702-851941-339336-0,-1.0,-15.794369,-47.881983,,,,1,2023-06-16T01:02:10+00:00
BRA_229458,Brasília,5300108,,Pioneira,181.2,https://moovitapp.com/index/pt-br/transporte_p%C3%BAblico-line-181_2-Brasilia-1702-851941-339338-0,-1.0,-15.855896,-47.859807,,,,1,2023-06-16T01:01:48+00:00
BRA_228923,Brasília,5300108,,Pioneira,073.2,https://moovitapp.com/index/pt-br/transporte_p%C3%BAblico-line-073_2-Brasilia-1702-851941-775124-0,-1.0,-15.84558,-47.896517,,,,1,2023-06-16T01:01:22+00:00
BRA_232122,Brasília,5300108,,Pioneira,147.5,https://moovitapp.com/index/pt-br/transporte_p%C3%BAblico-line-147_5-Brasilia-1702-851941-519406-0,-1.0,-15.783734,-47.88747,,,,1,2023-06-16T01:01:36+00:00
BRA_228478,Brasília,5300108,,Pioneira,0.225,https://moovitapp.com/index/pt-br/transporte_p%C3%BAblico-line-0_225-Brasilia-1702-851941-510253-0,-1.0,-15.831145,-48.077629,,,,1,2023-06-16T01:01:24+00:00
BRA_226548,Brasília,5300108,,Pioneira,0.763,https://moovitapp.com/index/pt-br/transporte_p%C3%BAblico-line-0_763-Brasilia-1702-851941-468878-0,-1.0,-15.83488,-47.833702,,,,2,2023-06-16T01:01:18+00:00
BRA_228974,Brasília,5300108,,Taguatur,3303,https://moovitapp.com/index/pt-br/transporte_p%C3%BAblico-line-3303-Brasilia-1702-854428-2224148-0,-1.0,-16.026948,-48.020828,,,,1,2023-06-16T01:01:28+00:00
BRA_231894,Brasília,5300108,,Pioneira,180.0,https://moovitapp.com/index/pt-br/transporte_p%C3%BAblico-line-180_0-Brasilia-1702-851941-77097780-0,-1.0,-15.794423,-47.881977,,,,2,2023-06-16T01:01:50+00:00
BRA_228818,Brasília,5300108,,Pioneira,784.3,https://moovitapp.com/index/pt-br/transporte_p%C3%BAblico-line-784_3-Brasilia-1702-851941-46904557-0,-1.0,-15.736098,-47.765044,,,,1,2023-06-16T01:01:50+00:00
BRA_232131,Brasília,5300108,,,3206,,,-15.991797,-48.049419,,,,1,2023-06-16T01:01:24+00:00
BRA_228354,Brasília,5300108,,Pioneira,0.253,https://moovitapp.com/index/pt-br/transporte_p%C3%BAblico-line-0_253-Brasilia-1702-851941-510254-0,-1.0,-15.8543,-48.07115,,,,1,2023-06-16T01:03:06+00:00
BRA_229318,Brasília,5300108,,Pioneira,0.765,https://moovitapp.com/index/pt-br/transporte_p%C3%BAblico-line-0_765-Brasilia-1702-851941-576190-0,-1.0,-15.81361,-47.907682,,,,1,2023-06-16T01:02:02+00:00
BRA_230197,Brasília,5300108,,Taguatur,3303,https://moovitapp.com/index/pt-br/transporte_p%C3%BAblico-line-3303-Brasilia-1702-854428-2224148-0,-1.0,-16.042397,-48.028254,,,,1,2023-06-16T01:01:50+00:00
BRA_227927,Brasília,5300108,,Pioneira,2306,https://moovitapp.com/index/pt-br/transporte_p%C3%BAblico-line-2306-Brasilia-1702-851941-18556641-0,-1.0,-15.96269,-47.992463,,,,1,2023-06-16T01:02:30+00:00
BRA_226564,Brasília,5300108,,Pioneira,764.2,https://moovitapp.com/index/pt-br/transporte_p%C3%BAblico-line-764_2-Brasilia-1702-851941-527246-0,-1.0,-15.750985,-47.777435,,,,2,2023-06-16T01:02:18+00:00
BRA_231878,Brasília,5300108,,Pioneira,197.3,https://moovitapp.com/index/pt-br/transporte_p%C3%BAblico-line-197_3-Brasilia-1702-851941-519409-0,-1.0,-15.794109,-47.881856,,,,1,2023-06-16T01:02:40+00:00
BRA_229156,Brasília,5300108,,,3301,,,-16.04029,-48.017853,,,,1,2023-06-16T01:01:18+00:00
BRA_227226,Brasília,5300108,,Pioneira,181.2,https://moovitapp.com/index/pt-br/transporte_p%C3%BAblico-line-181_2-Brasilia-1702-851941-339338-0,-1.0,-15.927043,-47.831369,,,,1,2023-06-14T16:06:06+00:00
BRA_231436,Brasília,5300108,,Pioneira,183.0,https://moovitapp.com/index/pt-br/transporte_p%C3%BAblico-line-183_0-Brasilia-1702-851941-26502248-0,-1.0,-15.91502,-47.760504,,,,1,2023-06-16T01:02:28+00:00
BRA_228842,Brasília,5300108,,Pioneira,147.5,https://moovitapp.com/index/pt-br/transporte_p%C3%BAblico-line-147_5-Brasilia-1702-851941-519406-0,-1.0,-15.79243,-47.888875,,,,2,2023-06-16T01:02:10+00:00
BRA_228575,Brasília,5300108,,Pioneira,0.255,https://moovitapp.com/index/pt-br/transporte_p%C3%BAblico-line-0_255-Brasilia-1702-851941-706978-0,-1.0,-16.015341,-48.015106,,,,1,2023-06-14T10:14:20+00:00
BRA_232211,Brasília,5300108,,Pioneira,205.1,https://moovitapp.com/index/pt-br/transporte_p%C3%BAblico-line-205_1-Brasilia-1702-851941-393571-0,-1.0,-15.841883,-48.046158,,,,2,2023-06-16T01:02:06+00:00
BRA_223930,Brasília,5300108,,UTB,2302,https://moovitapp.com/index/pt-br/transporte_p%C3%BAblico-line-2302-Brasilia-1702-854427-744298-0,-1.0,-16.002502,-47.986691,,,,2,2023-06-16T01:02:20+00:00
BRA_223930,Brasília,5300108,,Pioneira,2310,https://moovitapp.com/index/pt-br/transporte_p%C3%BAblico-line-2310-Brasilia-1702-851941-57764377-0,-1.0,-15.813036,-47.949141,,,,2,2023-06-13T21:56:00+00:00
BRA_223930,Brasília,5300108,,Pioneira,2207,https://moovitapp.com/index/pt-br/transporte_p%C3%BAblico-line-2207-Brasilia-1702-851941-422078-0,-1.0,-15.763694,-47.890859,,,,1,2023-06-14T12:55:10+00:00
BRA_229504,Brasília,5300108,,Pioneira,0.780,https://moovitapp.com/index/pt-br/transporte_p%C3%BAblico-line-0_780-Brasilia-1702-851941-514537-0,-1.0,-15.796309,-47.87855,,,,2,2023-06-14T19:24:22+00:00
BRA_226831,Brasília,5300108,,Urbi,0.129,https://moovitapp.com/index/pt-br/transporte_p%C3%BAblico-line-0_129-Brasilia-1702-851595-775097-0,-1.0,-15.871798,-47.958017,,,,1,2023-06-15T19:41:04+00:00
BRA_226645,Brasília,5300108,,,2202,,,-15.905248,-47.963955,,,,2,2023-06-16T01:02:02+00:00
BRA_223891,Brasília,5300108,,Pioneira,2306,https://moovitapp.com/index/pt-br/transporte_p%C3%BAblico-line-2306-Brasilia-1702-851941-18556641-0,-1.0,-15.737038,-47.898616,,,,1,2023-06-16T01:02:04+00:00
BRA_223972,Brasília,5300108,,UTB,2302,https://moovitapp.com/index/pt-br/transporte_p%C3%BAblico-line-2302-Brasilia-1702-854427-744298-0,-1.0,-15.924042,-47.976206,,,,2,2023-06-16T01:02:30+00:00
BRA_229296,Brasília,5300108,,Pioneira,255.1,https://moovitapp.com/index/pt-br/transporte_p%C3%BAblico-line-255_1-Brasilia-1702-851941-706982-0,-1.0,-15.795293,-48.110455,,,,1,2023-06-16T01:01:32+00:00
BRA_229636,Brasília,5300108,,Pioneira,761.2,https://moovitapp.com/index/pt-br/transporte_p%C3%BAblico-line-761_2-Brasilia-1702-851941-620162-0,-1.0,-15.758893,-47.745118,,,,1,2023-06-16T01:02:14+00:00
BRA_227811,Brasília,5300108,,Pioneira,180.2,https://moovitapp.com/index/pt-br/transporte_p%C3%BAblico-line-180_2-Brasilia-1702-851941-514539-0,-1.0,-15.860972,-47.819384,,,,2,2023-06-16T01:02:20+00:00
BRA_229130,Brasília,5300108,,Pioneira,0.102,https://moovitapp.com/index/pt-br/transporte_p%C3%BAblico-line-0_102-Brasilia-1702-851941-775119-0,-1.0,-15.812438,-47.906029,,,,1,2023-06-16T01:01:44+00:00
BRA_228362,Brasília,5300108,,Pioneira,251.8,https://moovitapp.com/index/pt-br/transporte_p%C3%BAblico-line-251_8-Brasilia-1702-851941-708654-0,-1.0,-16.017557,-48.061862,,,,1,2023-06-16T01:02:00+00:00
BRA_226157,Brasília,5300108,,UTB,2303,https://moovitapp.com/index/pt-br/transporte_p%C3%BAblico-line-2303-Brasilia-1702-854427-744299-0,-1.0,-15.832016,-47.928122,,,,1,2023-06-16T01:01:12+00:00
BRA_227994,Brasília,5300108,,Pioneira,180.1,https://moovitapp.com/index/pt-br/transporte_p%C3%BAblico-line-180_1-Brasilia-1702-851941-339336-0,-1.0,-15.910927,-47.759017,,,,1,2023-06-16T01:01:46+00:00
BRA_231720,Brasília,5300108,,Pioneira,780.1,https://moovitapp.com/index/pt-br/transporte_p%C3%BAblico-line-780_1-Brasilia-1702-851941-531040-0,-1.0,-15.740434,-47.760714,,,,2,2023-06-16T01:02:34+00:00
BRA_227048,Brasília,5300108,,,2202,,,-15.819747,-47.905717,,,,2,2023-06-16T01:01:40+00:00
BRA_230006,Brasília,5300108,,,3204,,,-15.991592,-48.049108,,,,1,2023-06-16T01:02:06+00:00
BRA_226106,Brasília,5300108,,UTB,2303,https://moovitapp.com/index/pt-br/transporte_p%C3%BAblico-line-2303-Brasilia-1702-854427-744299-0,-1.0,-15.791759,-47.889746,,,,1,2023-06-16T01:02:22+00:00
BRA_228273,Brasília,5300108,,Pioneira,197.3,https://moovitapp.com/index/pt-br/transporte_p%C3%BAblico-line-197_3-Brasilia-1702-851941-519409-0,-1.0,-15.862118,-47.824528,,,,1,2023-06-16T01:01:50+00:00
BRA_226700,Brasília,5300108,,Pioneira,163.1,https://moovitapp.com/index/pt-br/transporte_p%C3%BAblico-line-163_1-Brasilia-1702-851941-242911-0,-1.0,-15.8448,-47.94106,,,,2,2023-06-16T00:12:20+00:00
BRA_229504,Brasília,5300108,,Pioneira,764.2,https://moovitapp.com/index/pt-br/transporte_p%C3%BAblico-line-764_2-Brasilia-1702-851941-527246-0,-1.0,-15.794231,-47.882041,,,,2,2023-06-16T00:53:14+00:00
BRA_232157,Brasília,5300108,,Pioneira,205.1,https://moovitapp.com/index/pt-br/transporte_p%C3%BAblico-line-205_1-Brasilia-1702-851941-393571-0,-1.0,-15.934815,-48.043672,,,,2,2023-06-16T01:01:32+00:00
BRA_229504,Brasília,5300108,,Pioneira,0.780,https://moovitapp.com/index/pt-br/transporte_p%C3%BAblico-line-0_780-Brasilia-1702-851941-514537-0,-1.0,-15.752327,-47.763899,,,,1,2023-06-15T20:32:26+00:00
BRA_232424,Brasília,5300108,,Taguatur,3306,https://moovitapp.com/index/pt-br/transporte_p%C3%BAblico-line-3306-Brasilia-1702-854428-755287-0,-1.0,-16.010831,-47.98568,,,,1,2023-06-16T01:02:24+00:00
BRA_232343,Brasília,5300108,,Taguatur,3302,https://moovitapp.com/index/pt-br/transporte_p%C3%BAblico-line-3302-Brasilia-1702-854428-3135322-0,-1.0,-16.003929,-47.988369,,,,1,2023-06-16T01:02:34+00:00
BRA_228117,Brasília,5300108,,Taguatur,3305,https://moovitapp.com/index/pt-br/transporte_p%C3%BAblico-line-3305-Brasilia-1702-854428-77810673-0,-1.0,-16.03734,-48.056152,,,,1,2023-06-16T01:02:16+00:00
BRA_232203,Brasília,5300108,,Pioneira,124.6,https://moovitapp.com/index/pt-br/transporte_p%C3%BAblico-line-124_6-Brasilia-1702-851941-425282-0,-1.0,-15.885795,-47.959721,,,,1,2023-06-16T01:02:04+00:00
BRA_227251,Brasília,5300108,,Pioneira,183.6,https://moovitapp.com/index/pt-br/transporte_p%C3%BAblico-line-183_6-Brasilia-1702-851941-242921-0,-1.0,-15.897107,-47.79066,,,,1,2023-06-16T01:02:28+00:00
BRA_229334,Brasília,5300108,,Pioneira,147.4,https://moovitapp.com/index/pt-br/transporte_p%C3%BAblico-line-147_4-Brasilia-1702-851941-574204-0,-1.0,-15.91269,-47.75716,,,,1,2023-06-16T01:01:50+00:00
BRA_231975,Brasília,5300108,,Pioneira,147.2,https://moovitapp.com/index/pt-br/transporte_p%C3%BAblico-line-147_2-Brasilia-1702-851941-519403-0,-1.0,-15.912422,-47.754681,,,,2,2023-06-16T01:01:32+00:00
BRA_229377,Brasília,5300108,,Pioneira,764.2,https://moovitapp.com/index/pt-br/transporte_p%C3%BAblico-line-764_2-Brasilia-1702-851941-527246-0,-1.0,-15.797574,-47.783799,,,,1,2023-06-16T01:02:16+00:00
BRA_228893,Brasília,5300108,,Pioneira,020.2,https://moovitapp.com/index/pt-br/transporte_p%C3%BAblico-line-020_2-Brasilia-1702-851941-708653-0,-1.0,-15.992416,-47.988611,,,,1,2023-06-16T01:02:36+00:00
BRA_228451,Brasília,5300108,,Pioneira,780.1,https://moovitapp.com/index/pt-br/transporte_p%C3%BAblico-line-780_1-Brasilia-1702-851941-531040-0,-1.0,-15.75422,-47.752182,,,,1,2023-06-16T01:02:06+00:00
BRA_226661,Brasília,5300108,,Pioneira,759.1,https://moovitapp.com/index/pt-br/transporte_p%C3%BAblico-line-759_1-Brasilia-1702-851941-616183-0,-1.0,-15.762672,-47.780423,,,,2,2023-06-16T01:02:22+00:00
BRA_226807,Brasília,5300108,,Pioneira,2206,https://moovitapp.com/index/pt-br/transporte_p%C3%BAblico-line-2206-Brasilia-1702-851941-18556637-0,-1.0,-15.736852,-47.898698,,,,1,2023-06-16T01:01:42+00:00
BRA_228931,Brasília,5300108,,Pioneira,251.7,https://moovitapp.com/index/pt-br/transporte_p%C3%BAblico-line-251_7-Brasilia-1702-851941-651524-0,-1.0,-16.017262,-48.08323,,,,1,2023-06-16T01:02:46+00:00
BRA_226785,Brasília,5300108,,Urbi,0.129,https://moovitapp.com/index/pt-br/transporte_p%C3%BAblico-line-0_129-Brasilia-1702-851595-775097-0,-1.0,-15.857808,-47.922941,,,,2,2023-06-15T10:14:04+00:00
BRA_228541,Brasília,5300108,,Pioneira,0.195,https://moovitapp.com/index/pt-br/transporte_p%C3%BAblico-line-0_195-Brasilia-1702-851941-242845-0,-1.0,-15.782668,-47.895309,,,,1,2023-06-15T13:15:02+00:00
BRA_228982,Brasília,5300108,,Pioneira,3307,https://moovitapp.com/index/pt-br/transporte_p%C3%BAblico-line-3307-Brasilia-1702-851941-519400-0,-1.0,-16.011218,-47.991472,,,,1,2023-06-16T01:01:42+00:00
BRA_226912,Brasília,5300108,,Pioneira,0.765,https://moovitapp.com/index/pt-br/transporte_p%C3%BAblico-line-0_765-Brasilia-1702-851941-576190-0,-1.0,-15.79387,-47.881735,,,,1,2023-06-16T01:02:14+00:00
BRA_227242,Brasília,5300108,,Pioneira,147.3,https://moovitapp.com/index/pt-br/transporte_p%C3%BAblico-line-147_3-Brasilia-1702-851941-574203-0,-1.0,-15.913153,-47.758597,,,,2,2023-06-16T01:02:22+00:00
BRA_232386,Brasília,5300108,,,3301,,,-16.002015,-47.985972,,,,1,2023-06-16T01:01:18+00:00
BRA_227285,Brasília,5300108,,,2202,,,-15.793869,-47.881958,,,,1,2023-06-16T01:02:24+00:00
BRA_232378,Brasília,5300108,,Taguatur,3302,https://moovitapp.com/index/pt-br/transporte_p%C3%BAblico-line-3302-Brasilia-1702-854428-3135322-0,-1.0,-16.020301,-48.023015,,,,1,2023-06-16T01:02:20+00:00
BRA_231711,Brasília,5300108,,Pioneira,0.760,https://moovitapp.com/index/pt-br/transporte_p%C3%BAblico-line-0_760-Brasilia-1702-851941-775122-0,-1.0,-15.753708,-47.753765,,,,2,2023-06-15T22:39:52+00:00
BRA_228290,Brasília,5300108,,,3206,,,-16.026283,-48.074972,,,,1,2023-06-16T01:02:22+00:00
BRA_228575,Brasília,5300108,,Pioneira,0.255,https://moovitapp.com/index/pt-br/transporte_p%C3%BAblico-line-0_255-Brasilia-1702-851941-706978-0,-1.0,-15.805875,-48.076001,,,,2,2023-06-12T15:58:20+00:00
BRA_232599,Brasília,5300108,,Pioneira,2307,https://moovitapp.com/index/pt-br/transporte_p%C3%BAblico-line-2307-Brasilia-1702-851941-18556638-0,-1.0,-15.788442,-47.905291,,,,1,2023-06-16T01:02:46+00:00
BRA_230022,Brasília,5300108,,Pioneira,3213,https://moovitapp.com/index/pt-br/transporte_p%C3%BAblico-line-3213-Brasilia-1702-851941-74051275-0,-1.0,-15.992427,-48.050023,,,,1,2023-06-16T01:01:26+00:00
BRA_229601,Brasília,5300108,,Pioneira,784.3,https://moovitapp.com/index/pt-br/transporte_p%C3%BAblico-line-784_3-Brasilia-1702-851941-46904557-0,-1.0,-15.74693,-47.782534,,,,1,2023-06-13T16:18:12+00:00
BRA_229474,Brasília,5300108,,Pioneira,147.2,https://moovitapp.com/index/pt-br/transporte_p%C3%BAblico-line-147_2-Brasilia-1702-851941-519403-0,-1.0,-15.900784,-47.779133,,,,2,2023-06-16T01:01:34+00:00
BRA_226491,Brasília,5300108,,Pioneira,0.765,https://moovitapp.com/index/pt-br/transporte_p%C3%BAblico-line-0_765-Brasilia-1702-851941-576190-0,-1.0,-15.841974,-47.869859,,,,2,2023-06-16T01:01:32+00:00
BRA_232360,Brasília,5300108,,Pioneira,251.8,https://moovitapp.com/index/pt-br/transporte_p%C3%BAblico-line-251_8-Brasilia-1702-851941-708654-0,-1.0,-16.003738,-47.988687,,,,1,2023-06-16T01:03:08+00:00
BRA_228966,Brasília,5300108,,UTB,2302,https://moovitapp.com/index/pt-br/transporte_p%C3%BAblico-line-2302-Brasilia-1702-854427-744298-0,-1.0,-15.847789,-47.931644,,,,1,2023-06-16T01:01:18+00:00
BRA_228371,Brasília,5300108,,Pioneira,0.253,https://moovitapp.com/index/pt-br/transporte_p%C3%BAblico-line-0_253-Brasilia-1702-851941-510254-0,-1.0,-15.826077,-48.079339,,,,2,2023-06-16T01:01:46+00:00
BRA_232351,Brasília,5300108,,,3301,,,-16.039469,-48.018374,,,,1,2023-06-16T01:02:28+00:00
BRA_230090,Brasília,5300108,,,3301,,,-16.042127,-48.026099,,,,1,2023-06-16T01:02:22+00:00
BRA_226998,Brasília,5300108,,Pioneira,0.762,https://moovitapp.com/index/pt-br/transporte_p%C3%BAblico-line-0_762-Brasilia-1702-851941-576189-0,-1.0,-15.735564,-47.835412,,,,2,2023-06-16T01:01:44+00:00
BRA_229903,Brasília,5300108,,Pioneira,160.3,https://moovitapp.com/index/pt-br/transporte_p%C3%BAblico-line-160_3-Brasilia-1702-851941-242910-0,-1.0,-15.851547,-47.951303,,,,2,2023-06-16T01:02:28+00:00
BRA_227102,Brasília,5300108,,Pioneira,183.2,https://moovitapp.com/index/pt-br/transporte_p%C3%BAblico-line-183_2-Brasilia-1702-851941-242920-0,-1.0,-15.911153,-47.757281,,,,1,2023-06-15T23:29:46+00:00
BRA_226513,Brasília,5300108,,Pioneira,100.2,https://moovitapp.com/index/pt-br/transporte_p%C3%BAblico-line-100_2-Brasilia-1702-851941-620160-0,-1.0,-15.843596,-47.852057,,,,1,2023-06-16T01:03:26+00:00
BRA_228524,Brasília,5300108,,Pioneira,255.1,https://moovitapp.com/index/pt-br/transporte_p%C3%BAblico-line-255_1-Brasilia-1702-851941-706982-0,-1.0,-15.800829,-48.101223,,,,2,2023-06-16T01:02:22+00:00
BRA_227692,Brasília,5300108,,Pioneira,197.3,https://moovitapp.com/index/pt-br/transporte_p%C3%BAblico-line-197_3-Brasilia-1702-851941-519409-0,-1.0,-15.913334,-47.75716,,,,2,2023-06-16T01:01:14+00:00
BRA_231452,Brasília,5300108,,Pioneira,784.3,https://moovitapp.com/index/pt-br/transporte_p%C3%BAblico-line-784_3-Brasilia-1702-851941-46904557-0,-1.0,-15.745584,-47.760784,,,,1,2023-06-16T01:02:04+00:00
BRA_227005,Brasília,5300108,,Pioneira,170.4,https://moovitapp.com/index/pt-br/transporte_p%C3%BAblico-line-170_4-Brasilia-1702-851941-379787-0,-1.0,-15.912873,-47.758553,,,,1,2023-06-16T01:02:46+00:00
BRA_229962,Brasília,5300108,,,3204,,,-16.012328,-48.053851,,,,1,2023-06-16T01:02:08+00:00
BRA_227579,Brasília,5300108,,Pioneira,183.2,https://moovitapp.com/index/pt-br/transporte_p%C3%BAblico-line-183_2-Brasilia-1702-851941-242920-0,-1.0,-15.869509,-47.821908,,,,1,2023-06-16T01:02:04+00:00
BRA_229857,Brasília,5300108,,Pioneira,147.3,https://moovitapp.com/index/pt-br/transporte_p%C3%BAblico-line-147_3-Brasilia-1702-851941-574203-0,-1.0,-15.890613,-47.798143,,,,1,2023-06-16T01:01:44+00:00
BRA_227749,Brasília,5300108,,Pioneira,147.2,https://moovitapp.com/index/pt-br/transporte_p%C3%BAblico-line-147_2-Brasilia-1702-851941-519403-0,-1.0,-15.912615,-47.757599,,,,1,2023-06-16T01:02:18+00:00
BRA_226971,Brasília,5300108,,Urbi,0.129,https://moovitapp.com/index/pt-br/transporte_p%C3%BAblico-line-0_129-Brasilia-1702-851595-775097-0,-1.0,-15.835099,-47.834064,,,,1,2023-06-16T01:02:14+00:00
BRA_232653,Brasília,5300108,,,2202,,,-15.830434,-47.91814,,,,1,2023-06-16T01:02:08+00:00
BRA_230081,Brasília,5300108,,Pioneira,271.3,https://moovitapp.com/index/pt-br/transporte_p%C3%BAblico-line-271_3-Brasilia-1702-851941-669626-0,-1.0,-16.024789,-48.070108,,,,1,2023-06-16T01:02:24+00:00
BRA_227919,Brasília,5300108,,,3201,,,-16.038684,-48.060762,,,,1,2023-06-16T01:02:12+00:00
BRA_228214,Brasília,5300108,,,3206,,,-16.005649,-48.058359,,,,1,2023-06-16T01:01:26+00:00
BRA_227200,Brasília,5300108,,Pioneira,2206,https://moovitapp.com/index/pt-br/transporte_p%C3%BAblico-line-2206-Brasilia-1702-851941-18556637-0,-1.0,-15.992411,-48.050456,,,,2,2023-06-16T01:02:22+00:00
BRA_77356,Brasília,5300108,,Urbi,0.808,https://moovitapp.com/index/pt-br/transporte_p%C3%BAblico-line-0_808-Brasilia-1702-851595-372359-0,-1.0,-15.799974,-48.123978,,,,1,2023-06-16T01:02:40+00:00
BRA_710415,Brasília,5300108,,São José,0.310,https://moovitapp.com/index/pt-br/transporte_p%C3%BAblico-line-0_310-Brasilia-1702-851943-775131-0,-1.0,-15.787665,-48.134595,,,,1,2023-06-13T02:43:20+00:00
BRA_710342,Brasília,5300108,,São José,0.311,https://moovitapp.com/index/pt-br/transporte_p%C3%BAblico-line-0_311-Brasilia-1702-851943-706986-0,-1.0,-15.831825,-48.050456,,,,1,2023-06-16T01:02:18+00:00
BRA_78182,Brasília,5300108,,São José,0.312,https://moovitapp.com/index/pt-br/transporte_p%C3%BAblico-line-0_312-Brasilia-1702-851943-706987-0,-1.0,-15.800524,-48.059255,,,,1,2023-06-16T01:01:22+00:00
BRA_710407,Brasília,5300108,,São José,0.323,https://moovitapp.com/index/pt-br/transporte_p%C3%BAblico-line-0_323-Brasilia-1702-851943-775132-0,-1.0,-15.833408,-48.060603,,,,1,2023-06-16T01:01:58+00:00
BRA_78646,Brasília,5300108,,São José,0.331,https://moovitapp.com/index/pt-br/transporte_p%C3%BAblico-line-0_331-Brasilia-1702-851943-775133-0,-1.0,-15.8043,-48.122445,,,,2,2023-06-16T01:01:50+00:00
BRA_75973,Brasília,5300108,,São José,0.332,https://moovitapp.com/index/pt-br/transporte_p%C3%BAblico-line-0_332-Brasilia-1702-851943-110388186-0,-1.0,-15.842452,-48.105883,,,,1,2023-06-16T01:01:34+00:00
BRA_710351,Brasília,5300108,,São José,0.334,https://moovitapp.com/index/pt-br/transporte_p%C3%BAblico-line-0_334-Brasilia-1702-851943-706993-0,-1.0,-15.794137,-47.883064,,,,2,2023-06-16T00:36:36+00:00
BRA_710539,Brasília,5300108,,São José,0.335,https://moovitapp.com/index/pt-br/transporte_p%C3%BAblico-line-0_335-Brasilia-1702-851943-775135-0,-1.0,-15.810302,-47.948366,,,,1,2023-06-16T01:02:00+00:00
BRA_77534,Brasília,5300108,,Urbi,0.812,https://moovitapp.com/index/pt-br/transporte_p%C3%BAblico-line-0_812-Brasilia-1702-851595-697958-0,-1.0,-15.931805,-48.111122,,,,1,2023-06-15T23:24:48+00:00
BRA_77062,Brasília,5300108,,Urbi,0.812,https://moovitapp.com/index/pt-br/transporte_p%C3%BAblico-line-0_812-Brasilia-1702-851595-697958-0,-1.0,-15.856439,-48.070604,,,,1,2023-06-15T18:26:36+00:00
BRA_76783,Brasília,5300108,,Urbi,0.346,https://moovitapp.com/index/pt-br/transporte_p%C3%BAblico-line-0_346-Brasilia-1702-851595-46461186-0,-1.0,-15.799127,-48.14836,,,,1,2023-06-13T01:50:28+00:00
BRA_75841,Brasília,5300108,,São José,0.353,https://moovitapp.com/index/pt-br/transporte_p%C3%BAblico-line-0_353-Brasilia-1702-851943-706998-0,-1.0,-15.80777,-48.083205,,,,1,2023-06-16T01:02:04+00:00
BRA_710571,Brasília,5300108,,São José,0.374,https://moovitapp.com/index/pt-br/transporte_p%C3%BAblico-line-0_374-Brasilia-1702-851943-775138-0,-1.0,-15.812124,-47.981598,,,,1,2023-06-16T01:01:52+00:00
BRA_76589,Brasília,5300108,,São José,0.385,https://moovitapp.com/index/pt-br/transporte_p%C3%BAblico-line-0_385-Brasilia-1702-851943-516651-0,-1.0,-15.794396,-47.883172,,,,2,2023-06-16T01:02:14+00:00
BRA_77852,Brasília,5300108,,São José,0.364,https://moovitapp.com/index/pt-br/transporte_p%C3%BAblico-line-0_364-Brasilia-1702-851943-707002-0,-1.0,-15.809484,-48.090224,,,,1,2023-06-16T01:01:38+00:00
BRA_78522,Brasília,5300108,,São José,0.929,https://moovitapp.com/index/pt-br/transporte_p%C3%BAblico-line-0_929-Brasilia-1702-851943-5294667-0,-1.0,-15.815921,-48.129649,,,,1,2023-06-16T01:01:50+00:00
BRA_79049,Brasília,5300108,,São José,0.926,https://moovitapp.com/index/pt-br/transporte_p%C3%BAblico-line-0_926-Brasilia-1702-851943-775154-0,-1.0,-15.823515,-48.114581,,,,1,2023-06-15T11:23:02+00:00
BRA_79081,Brasília,5300108,,São José,0.926,https://moovitapp.com/index/pt-br/transporte_p%C3%BAblico-line-0_926-Brasilia-1702-851943-775154-0,-1.0,-15.781124,-48.140355,,,,1,2023-06-16T01:02:04+00:00
BRA_79529,Brasília,5300108,,São José,364.1,https://moovitapp.com/index/pt-br/transporte_p%C3%BAblico-line-364_1-Brasilia-1702-851943-789941-0,-1.0,-15.826683,-48.12956,,,,1,2023-06-16T01:02:12+00:00
BRA_78603,Brasília,5300108,,São José,949.1,https://moovitapp.com/index/pt-br/transporte_p%C3%BAblico-line-949_1-Brasilia-1702-851943-707069-0,-1.0,-15.841802,-48.045611,,,,1,2023-06-16T01:01:10+00:00
BRA_74951,Brasília,5300108,,São José,332.1,https://moovitapp.com/index/pt-br/transporte_p%C3%BAblico-line-332_1-Brasilia-1702-851943-2068455-0,-1.0,-15.804238,-48.138276,,,,1,2023-06-15T11:33:52+00:00
BRA_75680,Brasília,5300108,,São José,332.1,https://moovitapp.com/index/pt-br/transporte_p%C3%BAblico-line-332_1-Brasilia-1702-851943-2068455-0,-1.0,-15.809267,-48.069014,,,,1,2023-06-16T01:01:58+00:00
BRA_711209,Brasília,5300108,,São José,0.159,https://moovitapp.com/index/pt-br/transporte_p%C3%BAblico-line-0_159-Brasilia-1702-851943-375523-0,-1.0,-15.829469,-48.03631,,,,1,2023-06-16T01:01:38+00:00
BRA_711179,Brasília,5300108,,São José,0.159,https://moovitapp.com/index/pt-br/transporte_p%C3%BAblico-line-0_159-Brasilia-1702-851943-375523-0,-1.0,-15.82798,-48.145245,,,,1,2023-06-16T01:01:26+00:00
BRA_711004,Brasília,5300108,,São José,0.406,https://moovitapp.com/index/pt-br/transporte_p%C3%BAblico-line-0_406-Brasilia-1702-851943-717430-0,-1.0,-15.686496,-48.195726,,,,2,2023-06-16T01:01:10+00:00
BRA_500135,Brasília,5300108,,São José,0.401,https://moovitapp.com/index/pt-br/transporte_p%C3%BAblico-line-0_401-Brasilia-1702-851943-788976-0,-1.0,-15.662104,-48.199731,,,,1,2023-06-16T01:01:40+00:00
BRA_500143,Brasília,5300108,,São José,401.1,https://moovitapp.com/index/pt-br/transporte_p%C3%BAblico-line-401_1-Brasilia-1702-851943-773708-0,-1.0,-15.680377,-48.187988,,,,1,2023-06-15T09:31:46+00:00
BRA_500089,Brasília,5300108,,São José,402.1,https://moovitapp.com/index/pt-br/transporte_p%C3%BAblico-line-402_1-Brasilia-1702-851943-707060-0,-1.0,-15.687302,-48.205479,,,,2,2023-06-15T17:26:34+00:00
BRA_79693,Brasília,5300108,,São José,333.8,https://moovitapp.com/index/pt-br/transporte_p%C3%BAblico-line-333_8-Brasilia-1702-851943-376187-0,-1.0,-15.807721,-48.157223,,,,1,2023-06-16T01:01:44+00:00
BRA_77330,Brasília,5300108,,Urbi,0.038,https://moovitapp.com/index/pt-br/transporte_p%C3%BAblico-line-0_038-Brasilia-1702-851595-687419-0,-1.0,-15.821385,-47.950438,,,,1,2023-06-15T10:54:32+00:00
BRA_77607,Brasília,5300108,,Urbi,0.053,https://moovitapp.com/index/pt-br/transporte_p%C3%BAblico-line-0_053-Brasilia-1702-851595-588803-0,-1.0,-15.876605,-48.084661,,,,1,2023-06-16T01:00:22+00:00
BRA_77585,Brasília,5300108,,Urbi,0.053,https://moovitapp.com/index/pt-br/transporte_p%C3%BAblico-line-0_053-Brasilia-1702-851595-588803-0,-1.0,-15.922592,-48.108757,,,,1,2023-06-16T01:02:02+00:00
BRA_79197,Brasília,5300108,,São José,406.1,https://moovitapp.com/index/pt-br/transporte_p%C3%BAblico-line-406_1-Brasilia-1702-851943-707061-0,-1.0,-15.681186,-48.190449,,,,1,2023-06-15T10:58:16+00:00
BRA_710962,Brasília,5300108,,São José,406.1,https://moovitapp.com/index/pt-br/transporte_p%C3%BAblico-line-406_1-Brasilia-1702-851943-707061-0,-1.0,-15.674028,-48.203044,,,,1,2023-06-16T01:01:52+00:00
BRA_77909,Brasília,5300108,,São José,963.1,https://moovitapp.com/index/pt-br/transporte_p%C3%BAblico-line-963_1-Brasilia-1702-851943-669629-0,-1.0,-15.80918,-48.202789,,,,1,2023-06-16T01:00:14+00:00
BRA_79189,Brasília,5300108,,Urbi,0.886,https://moovitapp.com/index/pt-br/transporte_p%C3%BAblico-line-0_886-Brasilia-1702-851595-704024-0,-1.0,-15.817871,-48.105133,,,,1,2023-06-14T22:31:20+00:00
BRA_77399,Brasília,5300108,,Urbi,0.886,https://moovitapp.com/index/pt-br/transporte_p%C3%BAblico-line-0_886-Brasilia-1702-851595-704024-0,-1.0,-15.78815,-48.13511,,,,1,2023-06-16T01:01:54+00:00
BRA_76651,Brasília,5300108,,São José,928.3,https://moovitapp.com/index/pt-br/transporte_p%C3%BAblico-line-928_3-Brasilia-1702-851943-707068-0,-1.0,-15.864224,-48.03383,,,,2,2023-06-16T00:50:08+00:00
BRA_711039,Brasília,5300108,,São José,423.1,https://moovitapp.com/index/pt-br/transporte_p%C3%BAblico-line-423_1-Brasilia-1702-851943-1399511-0,-1.0,-15.674896,-48.105127,,,,1,2023-06-15T09:58:54+00:00
BRA_79901,Brasília,5300108,,São José,929.1,https://moovitapp.com/index/pt-br/transporte_p%C3%BAblico-line-929_1-Brasilia-1702-851943-5294764-0,-1.0,-15.788651,-48.135441,,,,1,2023-06-16T01:01:42+00:00
BRA_117714,Brasília,5300108,,Piracicabana,136.9,https://moovitapp.com/index/pt-br/transporte_p%C3%BAblico-line-136_9-Brasilia-1702-850942-773702-0,-1.0,-15.77349,-47.90688,,,,,2023-06-13T19:59:54+00:00
BRA_117757,Brasília,5300108,,Piracicabana,136.9,https://moovitapp.com/index/pt-br/transporte_p%C3%BAblico-line-136_9-Brasilia-1702-850942-773702-0,-1.0,-15.83692,-47.93344,,,,1,2023-06-15T18:26:38+00:00
BRA_118621,Brasília,5300108,,Piracicabana,162.1,https://moovitapp.com/index/pt-br/transporte_p%C3%BAblico-line-162_1-Brasilia-1702-850942-762425-0,-1.0,-15.7933,-47.88958,,,,,2023-06-15T21:59:24+00:00
BRA_117153,Brasília,5300108,,Piracicabana,501.7,https://moovitapp.com/index/pt-br/transporte_p%C3%BAblico-line-501_7-Brasilia-1702-850942-519379-0,-1.0,-15.71763,-47.89804,,,,,2023-06-15T22:21:24+00:00
BRA_118150,Brasília,5300108,,Piracicabana,630.1,https://moovitapp.com/index/pt-br/transporte_p%C3%BAblico-line-630_1-Brasilia-1702-850942-476290-0,-1.0,-15.7178,-47.89824,,,,,2023-06-16T00:12:29+00:00
BRA_118737,Brasília,5300108,,Piracicabana,0.640,https://moovitapp.com/index/pt-br/transporte_p%C3%BAblico-line-0_640-Brasilia-1702-850942-242423-0,-1.0,-15.68886,-47.85844,,,,,2023-06-16T00:37:49+00:00
BRA_117668,Brasília,5300108,,Piracicabana,0.143,https://moovitapp.com/index/pt-br/transporte_p%C3%BAblico-line-0_143-Brasilia-1702-850942-470747-0,-1.0,-15.77492,-47.93991,,,,,2023-06-16T00:41:17+00:00
BRA_117421,Brasília,5300108,,Piracicabana,0.641,https://moovitapp.com/index/pt-br/transporte_p%C3%BAblico-line-0_641-Brasilia-1702-850942-242424-0,-1.0,-15.71763,-47.89822,,,,,2023-06-16T00:44:51+00:00
BRA_120375,Brasília,5300108,,Piracicabana,0.620,https://moovitapp.com/index/pt-br/transporte_p%C3%BAblico-line-0_620-Brasilia-1702-850942-470748-0,-1.0,-15.61842,-47.65448,,,,1,2023-06-16T00:46:36+00:00
BRA_119431,Brasília,5300108,,Piracicabana,063.1,https://moovitapp.com/index/pt-br/transporte_p%C3%BAblico-line-063_1-Brasilia-1702-850942-339291-0,-1.0,-15.65498,-47.76059,,,,,2023-06-16T00:47:16+00:00
BRA_119164,Brasília,5300108,,Piracicabana,062.5,https://moovitapp.com/index/pt-br/transporte_p%C3%BAblico-line-062_5-Brasilia-1702-850942-339835-0,-1.0,-15.64967,-47.78662,,,,1,2023-06-16T00:49:18+00:00
BRA_117056,Brasília,5300108,,Piracicabana,0.032,https://moovitapp.com/index/pt-br/transporte_p%C3%BAblico-line-0_032-Brasilia-1702-850942-786257-0,-1.0,-15.83645,-47.93279,,,,1,2023-06-16T00:51:13+00:00
BRA_115941,Brasília,5300108,,Piracicabana,531.1,https://moovitapp.com/index/pt-br/transporte_p%C3%BAblico-line-531_1-Brasilia-1702-850942-476289-0,-1.0,-15.63629,-47.85351,,,,1,2023-06-16T00:51:30+00:00
BRA_119407,Brasília,5300108,,Piracicabana,0.517,https://moovitapp.com/index/pt-br/transporte_p%C3%BAblico-line-0_517-Brasilia-1702-850942-242400-0,-1.0,-15.69058,-47.86366,,,,,2023-06-16T00:52:15+00:00
BRA_118389,Brasília,5300108,,Piracicabana,0.620,https://moovitapp.com/index/pt-br/transporte_p%C3%BAblico-line-0_620-Brasilia-1702-850942-470748-0,-1.0,-15.71752,-47.89814,,,,,2023-06-16T00:54:32+00:00
BRA_116190,Brasília,5300108,,Piracicabana,504.1,https://moovitapp.com/index/pt-br/transporte_p%C3%BAblico-line-504_1-Brasilia-1702-850942-242476-0,-1.0,-15.61856,-47.65369,,,,1,2023-06-16T00:54:58+00:00
BRA_119270,Brasília,5300108,,Piracicabana,0.517,https://moovitapp.com/index/pt-br/transporte_p%C3%BAblico-line-0_517-Brasilia-1702-850942-242400-0,-1.0,-15.64379,-47.81456,,,,1,2023-06-16T00:55:49+00:00
BRA_116505,Brasília,5300108,,Piracicabana,0.166,https://moovitapp.com/index/pt-br/transporte_p%C3%BAblico-line-0_166-Brasilia-1702-850942-242391-0,-1.0,-15.79554,-47.93381,,,,1,2023-06-16T00:56:19+00:00
BRA_120481,Brasília,5300108,,Piracicabana,0.504,https://moovitapp.com/index/pt-br/transporte_p%C3%BAblico-line-0_504-Brasilia-1702-850942-781321-0,-1.0,-15.65005,-47.78626,,,,1,2023-06-16T00:56:35+00:00
BRA_119237,Brasília,5300108,,Piracicabana,505.3,https://moovitapp.com/index/pt-br/transporte_p%C3%BAblico-line-505_3-Brasilia-1702-850942-352626-0,-1.0,-15.64251,-47.81482,,,,1,2023-06-16T00:57:19+00:00
BRA_120936,Brasília,5300108,,Piracicabana,501.7,https://moovitapp.com/index/pt-br/transporte_p%C3%BAblico-line-501_7-Brasilia-1702-850942-519379-0,-1.0,-15.71757,-47.89807,,,,,2023-06-16T00:58:05+00:00
BRA_117536,Brasília,5300108,,Piracicabana,505.5,https://moovitapp.com/index/pt-br/transporte_p%C3%BAblico-line-505_5-Brasilia-1702-850942-651521-0,-1.0,-15.66528,-47.75195,,,,1,2023-06-16T00:58:25+00:00
BRA_118991,Brasília,5300108,,Piracicabana,128.1,https://moovitapp.com/index/pt-br/transporte_p%C3%BAblico-line-128_1-Brasilia-1702-850942-53234107-0,-1.0,-15.70026,-47.91196,,,,,2023-06-16T00:58:38+00:00
BRA_118770,Brasília,5300108,,Piracicabana,152.1,https://moovitapp.com/index/pt-br/transporte_p%C3%BAblico-line-152_1-Brasilia-1702-850942-542827-0,-1.0,-15.79376,-47.88296,,,,1,2023-06-16T01:00:03+00:00
BRA_120812,Brasília,5300108,,Piracicabana,136.9,https://moovitapp.com/index/pt-br/transporte_p%C3%BAblico-line-136_9-Brasilia-1702-850942-773702-0,-1.0,-15.70588,-47.8802,,,,1,2023-06-16T01:00:26+00:00
BRA_115916,Brasília,5300108,,Piracicabana,501.4,https://moovitapp.com/index/pt-br/transporte_p%C3%BAblico-line-501_4-Brasilia-1702-850942-775096-0,-1.0,-15.63624,-47.82167,,,,,2023-06-16T01:01:03+00:00
BRA_117960,Brasília,5300108,,Piracicabana,153.2,https://moovitapp.com/index/pt-br/transporte_p%C3%BAblico-line-153_2-Brasilia-1702-850942-775093-0,-1.0,-15.79464,-47.88196,,,,1,2023-06-16T01:01:09+00:00
BRA_117498,Brasília,5300108,,Piracicabana,062.7,https://moovitapp.com/index/pt-br/transporte_p%C3%BAblico-line-062_7-Brasilia-1702-850942-494154-0,-1.0,-15.65005,-47.78626,,,,1,2023-06-16T01:01:19+00:00
BRA_118028,Brasília,5300108,,Piracicabana,0.515,https://moovitapp.com/index/pt-br/transporte_p%C3%BAblico-line-0_515-Brasilia-1702-850942-26501707-0,-1.0,-15.58486,-47.99536,,,,,2023-06-16T01:01:22+00:00
BRA_118427,Brasília,5300108,,Piracicabana,136.6,https://moovitapp.com/index/pt-br/transporte_p%C3%BAblico-line-136_6-Brasilia-1702-850942-773700-0,-1.0,-15.83637,-47.93355,,,,1,2023-06-16T01:01:38+00:00
BRA_119962,Brasília,5300108,,Piracicabana,0.143,https://moovitapp.com/index/pt-br/transporte_p%C3%BAblico-line-0_143-Brasilia-1702-850942-470747-0,-1.0,-15.78916,-47.89189,,,,,2023-06-16T01:01:38+00:00
BRA_120669,Brasília,5300108,,Piracicabana,630.1,https://moovitapp.com/index/pt-br/transporte_p%C3%BAblico-line-630_1-Brasilia-1702-850942-476290-0,-1.0,-15.77816,-47.88071,,,,,2023-06-16T01:01:40+00:00
BRA_120081,Brasília,5300108,,Piracicabana,107.1,https://moovitapp.com/index/pt-br/transporte_p%C3%BAblico-line-107_1-Brasilia-1702-850942-242434-0,-1.0,-15.83247,-47.92846,,,,,2023-06-16T01:01:40+00:00
BRA_119032,Brasília,5300108,,Piracicabana,152.5,https://moovitapp.com/index/pt-br/transporte_p%C3%BAblico-line-152_5-Brasilia-1702-850942-542828-0,-1.0,-15.80167,-47.93983,,,,,2023-06-16T01:01:40+00:00
BRA_119911,Brasília,5300108,,Piracicabana,110.2,https://moovitapp.com/index/pt-br/transporte_p%C3%BAblico-line-110_2-Brasilia-1702-850942-339295-0,-1.0,-15.75965,-47.86916,,,,,2023-06-16T01:01:41+00:00
BRA_119296,Brasília,5300108,,Piracicabana,515.4,https://moovitapp.com/index/pt-br/transporte_p%C3%BAblico-line-515_4-Brasilia-1702-850942-65518229-0,-1.0,-15.68371,-47.84433,,,,,2023-06-16T01:01:42+00:00
BRA_118681,Brasília,5300108,,Piracicabana,158.1,https://moovitapp.com/index/pt-br/transporte_p%C3%BAblico-line-158_1-Brasilia-1702-850942-775094-0,-1.0,-15.79559,-47.94783,,,,,2023-06-16T01:01:43+00:00
BRA_115657,Brasília,5300108,,Piracicabana,0.509,https://moovitapp.com/index/pt-br/transporte_p%C3%BAblico-line-0_509-Brasilia-1702-850942-242397-0,-1.0,-15.64798,-47.77076,,,,1,2023-06-16T01:01:44+00:00
BRA_118061,Brasília,5300108,,Piracicabana,0.114,https://moovitapp.com/index/pt-br/transporte_p%C3%BAblico-line-0_114-Brasilia-1702-850942-242379-0,-1.0,-15.79394,-47.88177,,,,1,2023-06-16T01:01:45+00:00
BRA_116602,Brasília,5300108,,Piracicabana,0.168,https://moovitapp.com/index/pt-br/transporte_p%C3%BAblico-line-0_168-Brasilia-1702-850942-242392-0,-1.0,-15.80167,-47.93983,,,,,2023-06-16T01:01:47+00:00
BRA_116661,Brasília,5300108,,Piracicabana,0.136,https://moovitapp.com/index/pt-br/transporte_p%C3%BAblico-line-0_136-Brasilia-1702-850942-719957-0,-1.0,-15.72828,-47.87142,,,,,2023-06-16T01:01:48+00:00
BRA_116386,Brasília,5300108,,Piracicabana,0.031,https://moovitapp.com/index/pt-br/transporte_p%C3%BAblico-line-0_031-Brasilia-1702-850942-786256-0,-1.0,-15.76309,-47.8909,,,,1,2023-06-16T01:01:49+00:00
BRA_118052,Brasília,5300108,,Piracicabana,602.1,https://moovitapp.com/index/pt-br/transporte_p%C3%BAblico-line-602_1-Brasilia-1702-850942-242491-0,-1.0,-15.60211,-47.68299,,,,,2023-06-16T01:01:50+00:00
BRA_118117,Brasília,5300108,,Piracicabana,067.3,https://moovitapp.com/index/pt-br/transporte_p%C3%BAblico-line-067_3-Brasilia-1702-850942-339294-0,-1.0,-15.67994,-47.65523,,,,,2023-06-16T01:01:51+00:00
BRA_120308,Brasília,5300108,,Piracicabana,0.640,https://moovitapp.com/index/pt-br/transporte_p%C3%BAblico-line-0_640-Brasilia-1702-850942-242423-0,-1.0,-15.65859,-47.79256,,,,,2023-06-16T01:01:52+00:00
BRA_117242,Brasília,5300108,,Piracicabana,616.8,https://moovitapp.com/index/pt-br/transporte_p%C3%BAblico-line-616_8-Brasilia-1702-850942-128977718-0,-1.0,-15.63986,-47.64698,,,,,2023-06-16T01:01:53+00:00
BRA_116521,Brasília,5300108,,Piracicabana,0.151,https://moovitapp.com/index/pt-br/transporte_p%C3%BAblico-line-0_151-Brasilia-1702-850942-775087-0,-1.0,-15.82062,-47.91773,,,,,2023-06-16T01:01:55+00:00
BRA_120782,Brasília,5300108,,Piracicabana,115.2,https://moovitapp.com/index/pt-br/transporte_p%C3%BAblico-line-115_2-Brasilia-1702-850942-476287-0,-1.0,-15.75967,-47.89241,,,,,2023-06-16T01:01:55+00:00
BRA_121096,Brasília,5300108,,Piracicabana,0.620,https://moovitapp.com/index/pt-br/transporte_p%C3%BAblico-line-0_620-Brasilia-1702-850942-470748-0,-1.0,-15.59438,-47.66298,,,,,2023-06-16T01:01:55+00:00
BRA_120731,Brasília,5300108,,Piracicabana,616.8,https://moovitapp.com/index/pt-br/transporte_p%C3%BAblico-line-616_8-Brasilia-1702-850942-128977718-0,-1.0,-15.71661,-47.89887,,,,,2023-06-16T01:01:56+00:00
BRA_118907,Brasília,5300108,,Piracicabana,0.620,https://moovitapp.com/index/pt-br/transporte_p%C3%BAblico-line-0_620-Brasilia-1702-850942-470748-0,-1.0,-15.62976,-47.7321,,,,,2023-06-16T01:01:56+00:00
BRA_119661,Brasília,5300108,,Piracicabana,103.2,https://moovitapp.com/index/pt-br/transporte_p%C3%BAblico-line-103_2-Brasilia-1702-850942-474397-0,-1.0,-15.81694,-47.84151,,,,,2023-06-16T01:01:56+00:00
BRA_119679,Brasília,5300108,,Piracicabana,0.617,https://moovitapp.com/index/pt-br/transporte_p%C3%BAblico-line-0_617-Brasilia-1702-850942-242417-0,-1.0,-15.72608,-47.89582,,,,,2023-06-16T01:01:56+00:00
BRA_116548,Brasília,5300108,,Piracicabana,0.031,https://moovitapp.com/index/pt-br/transporte_p%C3%BAblico-line-0_031-Brasilia-1702-850942-786256-0,-1.0,-15.79655,-47.87724,,,,,2023-06-16T01:01:56+00:00
BRA_118354,Brasília,5300108,,Piracicabana,643.1,https://moovitapp.com/index/pt-br/transporte_p%C3%BAblico-line-643_1-Brasilia-1702-850942-772850-0,-1.0,-15.63506,-47.64888,,,,,2023-06-16T01:01:57+00:00
BRA_117617,Brasília,5300108,,Piracicabana,099.1,https://moovitapp.com/index/pt-br/transporte_p%C3%BAblico-line-099_1-Brasilia-1702-850942-775090-0,-1.0,-15.82257,-48.0221,,,,,2023-06-16T01:01:57+00:00
BRA_120651,Brasília,5300108,,Piracicabana,062.5,https://moovitapp.com/index/pt-br/transporte_p%C3%BAblico-line-062_5-Brasilia-1702-850942-339835-0,-1.0,-15.68246,-47.83708,,,,,2023-06-16T01:01:57+00:00
BRA_120219,Brasília,5300108,,Piracicabana,0.620,https://moovitapp.com/index/pt-br/transporte_p%C3%BAblico-line-0_620-Brasilia-1702-850942-470748-0,-1.0,-15.61332,-47.65014,,,,,2023-06-16T01:01:57+00:00
BRA_118320,Brasília,5300108,,Piracicabana,0.110,https://moovitapp.com/index/pt-br/transporte_p%C3%BAblico-line-0_110-Brasilia-1702-850942-339284-0,-1.0,-15.76961,-47.86708,,,,,2023-06-16T01:02:00+00:00
BRA_117480,Brasília,5300108,,Piracicabana,0.517,https://moovitapp.com/index/pt-br/transporte_p%C3%BAblico-line-0_517-Brasilia-1702-850942-242400-0,-1.0,-15.81388,-47.90797,,,,,2023-06-16T01:02:00+00:00
BRA_120685,Brasília,5300108,,Piracicabana,136.7,https://moovitapp.com/index/pt-br/transporte_p%C3%BAblico-line-136_7-Brasilia-1702-850942-242451-0,-1.0,-15.7881,-47.87348,,,,,2023-06-16T01:02:00+00:00
BRA_120316,Brasília,5300108,,Piracicabana,512.1,https://moovitapp.com/index/pt-br/transporte_p%C3%BAblico-line-512_1-Brasilia-1702-850942-474401-0,-1.0,-15.68451,-47.84509,,,,,2023-06-16T01:02:01+00:00
BRA_120871,Brasília,5300108,,Piracicabana,0.169,https://moovitapp.com/index/pt-br/transporte_p%C3%BAblico-line-0_169-Brasilia-1702-850942-242393-0,-1.0,-15.80033,-47.94515,,,,,2023-06-16T01:02:01+00:00
BRA_121088,Brasília,5300108,,Piracicabana,0.641,https://moovitapp.com/index/pt-br/transporte_p%C3%BAblico-line-0_641-Brasilia-1702-850942-242424-0,-1.0,-15.61845,-47.65463,,,,,2023-06-16T01:02:02+00:00
BRA_120928,Brasília,5300108,,Piracicabana,099.1,https://moovitapp.com/index/pt-br/transporte_p%C3%BAblico-line-099_1-Brasilia-1702-850942-775090-0,-1.0,-15.83456,-48.01632,,,,,2023-06-16T01:02:02+00:00
BRA_116637,Brasília,5300108,,Piracicabana,0.032,https://moovitapp.com/index/pt-br/transporte_p%C3%BAblico-line-0_032-Brasilia-1702-850942-786257-0,-1.0,-15.79418,-47.87502,,,,,2023-06-16T01:02:03+00:00
BRA_118796,Brasília,5300108,,Piracicabana,0.104,https://moovitapp.com/index/pt-br/transporte_p%C3%BAblico-line-0_104-Brasilia-1702-850942-242376-0,-1.0,-15.80368,-47.8524,,,,,2023-06-16T01:02:03+00:00
BRA_119709,Brasília,5300108,,Piracicabana,064.1,https://moovitapp.com/index/pt-br/transporte_p%C3%BAblico-line-064_1-Brasilia-1702-850942-339292-0,-1.0,-15.62356,-47.65068,,,,,2023-06-16T01:02:03+00:00
BRA_119377,Brasília,5300108,,Piracicabana,505.3,https://moovitapp.com/index/pt-br/transporte_p%C3%BAblico-line-505_3-Brasilia-1702-850942-352626-0,-1.0,-15.65636,-47.80558,,,,,2023-06-16T01:02:03+00:00
BRA_120821,Brasília,5300108,,Piracicabana,136.5,https://moovitapp.com/index/pt-br/transporte_p%C3%BAblico-line-136_5-Brasilia-1702-850942-516628-0,-1.0,-15.76098,-47.89201,,,,,2023-06-16T01:02:04+00:00
BRA_119199,Brasília,5300108,,Piracicabana,063.1,https://moovitapp.com/index/pt-br/transporte_p%C3%BAblico-line-063_1-Brasilia-1702-850942-339291-0,-1.0,-15.64674,-47.80752,,,,,2023-06-16T01:02:04+00:00
BRA_119121,Brasília,5300108,,Piracicabana,512.1,https://moovitapp.com/index/pt-br/transporte_p%C3%BAblico-line-512_1-Brasilia-1702-850942-474401-0,-1.0,-15.79592,-47.89121,,,,,2023-06-16T01:02:04+00:00
BRA_118290,Brasília,5300108,,Piracicabana,115.2,https://moovitapp.com/index/pt-br/transporte_p%C3%BAblico-line-115_2-Brasilia-1702-850942-476287-0,-1.0,-15.79539,-47.88093,,,,,2023-06-16T01:02:04+00:00
BRA_117889,Brasília,5300108,,Piracicabana,0.640,https://moovitapp.com/index/pt-br/transporte_p%C3%BAblico-line-0_640-Brasilia-1702-850942-242423-0,-1.0,-15.83545,-47.93161,,,,,2023-06-16T01:02:04+00:00
BRA_117382,Brasília,5300108,,Piracicabana,0.600,https://moovitapp.com/index/pt-br/transporte_p%C3%BAblico-line-0_600-Brasilia-1702-850942-242410-0,-1.0,-15.61777,-47.65044,,,,,2023-06-16T01:02:05+00:00
BRA_116025,Brasília,5300108,,Piracicabana,501.4,https://moovitapp.com/index/pt-br/transporte_p%C3%BAblico-line-501_4-Brasilia-1702-850942-775096-0,-1.0,-15.83652,-47.93272,,,,,2023-06-16T01:02:05+00:00
BRA_115908,Brasília,5300108,,Piracicabana,501.3,https://moovitapp.com/index/pt-br/transporte_p%C3%BAblico-line-501_3-Brasilia-1702-850942-242472-0,-1.0,-15.79665,-47.88445,,,,,2023-06-16T01:02:06+00:00
BRA_117048,Brasília,5300108,,Piracicabana,0.025,https://moovitapp.com/index/pt-br/transporte_p%C3%BAblico-line-0_025-Brasilia-1702-850942-11857219-0,-1.0,-15.79242,-47.98516,,,,,2023-06-16T01:02:06+00:00
BRA_120189,Brasília,5300108,,Piracicabana,066.2,https://moovitapp.com/index/pt-br/transporte_p%C3%BAblico-line-066_2-Brasilia-1702-850942-339293-0,-1.0,-15.60439,-47.69221,,,,,2023-06-16T01:02:06+00:00
BRA_118311,Brasília,5300108,,Piracicabana,102.6,https://moovitapp.com/index/pt-br/transporte_p%C3%BAblico-line-102_6-Brasilia-1702-850942-775091-0,-1.0,-15.86084,-47.93498,,,,,2023-06-16T01:02:07+00:00
BRA_117820,Brasília,5300108,,Piracicabana,0.620,https://moovitapp.com/index/pt-br/transporte_p%C3%BAblico-line-0_620-Brasilia-1702-850942-470748-0,-1.0,-15.78876,-47.88042,,,,,2023-06-16T01:02:07+00:00
BRA_117005,Brasília,5300108,,Piracicabana,0.022,https://moovitapp.com/index/pt-br/transporte_p%C3%BAblico-line-0_022-Brasilia-1702-850942-788975-0,-1.0,-15.83466,-47.92134,,,,,2023-06-16T01:02:07+00:00
BRA_115347,Brasília,5300108,,Piracicabana,0.110,https://moovitapp.com/index/pt-br/transporte_p%C3%BAblico-line-0_110-Brasilia-1702-850942-339284-0,-1.0,-15.76661,-47.8694,,,,1,2023-06-16T01:02:07+00:00
BRA_115801,Brasília,5300108,,Piracicabana,531.1,https://moovitapp.com/index/pt-br/transporte_p%C3%BAblico-line-531_1-Brasilia-1702-850942-476289-0,-1.0,-15.62813,-47.85768,,,,1,2023-06-16T01:02:07+00:00
BRA_119008,Brasília,5300108,,Piracicabana,158.1,https://moovitapp.com/index/pt-br/transporte_p%C3%BAblico-line-158_1-Brasilia-1702-850942-775094-0,-1.0,-15.81011,-47.90298,,,,,2023-06-16T01:02:08+00:00
BRA_118915,Brasília,5300108,,Piracicabana,066.3,https://moovitapp.com/index/pt-br/transporte_p%C3%BAblico-line-066_3-Brasilia-1702-850942-513542-0,-1.0,-15.61838,-47.65395,,,,1,2023-06-16T01:02:09+00:00
BRA_119172,Brasília,5300108,,Piracicabana,505.5,https://moovitapp.com/index/pt-br/transporte_p%C3%BAblico-line-505_5-Brasilia-1702-850942-651521-0,-1.0,-15.64246,-47.82669,,,,,2023-06-16T01:02:10+00:00
BRA_117170,Brasília,5300108,,Piracicabana,0.509,https://moovitapp.com/index/pt-br/transporte_p%C3%BAblico-line-0_509-Brasilia-1702-850942-242397-0,-1.0,-15.75644,-47.88672,,,,,2023-06-16T01:02:10+00:00
BRA_116696,Brasília,5300108,,Piracicabana,153.2,https://moovitapp.com/index/pt-br/transporte_p%C3%BAblico-line-153_2-Brasilia-1702-850942-775093-0,-1.0,-15.79383,-47.88318,,,,1,2023-06-16T01:02:11+00:00
BRA_119989,Brasília,5300108,,Piracicabana,616.8,https://moovitapp.com/index/pt-br/transporte_p%C3%BAblico-line-616_8-Brasilia-1702-850942-128977718-0,-1.0,-15.83585,-47.93306,,,,,2023-06-16T01:02:11+00:00
BRA_121029,Brasília,5300108,,Piracicabana,0.150,https://moovitapp.com/index/pt-br/transporte_p%C3%BAblico-line-0_150-Brasilia-1702-850942-775086-0,-1.0,-15.82775,-47.93185,,,,,2023-06-16T01:02:12+00:00
BRA_117943,Brasília,5300108,,Piracicabana,0.640,https://moovitapp.com/index/pt-br/transporte_p%C3%BAblico-line-0_640-Brasilia-1702-850942-242423-0,-1.0,-15.74455,-47.89684,,,,,2023-06-16T01:02:12+00:00
BRA_118591,Brasília,5300108,,Piracicabana,0.641,https://moovitapp.com/index/pt-br/transporte_p%C3%BAblico-line-0_641-Brasilia-1702-850942-242424-0,-1.0,-15.60089,-47.67985,,,,,2023-06-16T01:02:13+00:00
BRA_121002,Brasília,5300108,,Piracicabana,600.2,https://moovitapp.com/index/pt-br/transporte_p%C3%BAblico-line-600_2-Brasilia-1702-850942-242486-0,-1.0,-15.62726,-47.65041,,,,,2023-06-16T01:02:13+00:00
BRA_116513,Brasília,5300108,,Piracicabana,151.2,https://moovitapp.com/index/pt-br/transporte_p%C3%BAblico-line-151_2-Brasilia-1702-850942-242458-0,-1.0,-15.76865,-47.88976,,,,,2023-06-16T01:02:15+00:00
BRA_118257,Brasília,5300108,,Piracicabana,162.1,https://moovitapp.com/index/pt-br/transporte_p%C3%BAblico-line-162_1-Brasilia-1702-850942-762425-0,-1.0,-15.79328,-47.88284,,,,1,2023-06-16T01:02:16+00:00
BRA_119768,Brasília,5300108,,Piracicabana,0.116,https://moovitapp.com/index/pt-br/transporte_p%C3%BAblico-line-0_116-Brasilia-1702-850942-242381-0,-1.0,-15.74455,-47.89684,,,,,2023-06-16T01:02:17+00:00
BRA_120804,Brasília,5300108,,Piracicabana,0.114,https://moovitapp.com/index/pt-br/transporte_p%C3%BAblico-line-0_114-Brasilia-1702-850942-242379-0,-1.0,-15.8332,-47.91251,,,,,2023-06-16T01:02:17+00:00
BRA_117650,Brasília,5300108,,Piracicabana,0.110,https://moovitapp.com/index/pt-br/transporte_p%C3%BAblico-line-0_110-Brasilia-1702-850942-339284-0,-1.0,-15.79298,-47.88509,,,,,2023-06-16T01:02:17+00:00
BRA_118231,Brasília,5300108,,Piracicabana,616.8,https://moovitapp.com/index/pt-br/transporte_p%C3%BAblico-line-616_8-Brasilia-1702-850942-128977718-0,-1.0,-15.64782,-47.76857,,,,,2023-06-16T01:02:18+00:00
BRA_118982,Brasília,5300108,,Piracicabana,501.3,https://moovitapp.com/index/pt-br/transporte_p%C3%BAblico-line-501_3-Brasilia-1702-850942-242472-0,-1.0,-15.71243,-47.89808,,,,,2023-06-16T01:02:18+00:00
BRA_118133,Brasília,5300108,,Piracicabana,0.620,https://moovitapp.com/index/pt-br/transporte_p%C3%BAblico-line-0_620-Brasilia-1702-850942-470748-0,-1.0,-15.61496,-47.64583,,,,,2023-06-16T01:02:19+00:00
BRA_117412,Brasília,5300108,,Piracicabana,099.1,https://moovitapp.com/index/pt-br/transporte_p%C3%BAblico-line-099_1-Brasilia-1702-850942-775090-0,-1.0,-15.80792,-47.97036,,,,,2023-06-16T01:02:20+00:00
BRA_117439,Brasília,5300108,,Piracicabana,505.3,https://moovitapp.com/index/pt-br/transporte_p%C3%BAblico-line-505_3-Brasilia-1702-850942-352626-0,-1.0,-15.64502,-47.81953,,,,,2023-06-16T01:02:20+00:00
BRA_117161,Brasília,5300108,,Piracicabana,110.2,https://moovitapp.com/index/pt-br/transporte_p%C3%BAblico-line-110_2-Brasilia-1702-850942-339295-0,-1.0,-15.79303,-47.88216,,,,1,2023-06-16T01:02:20+00:00
BRA_119750,Brasília,5300108,,Piracicabana,501.7,https://moovitapp.com/index/pt-br/transporte_p%C3%BAblico-line-501_7-Brasilia-1702-850942-519379-0,-1.0,-15.7719,-47.88229,,,,,2023-06-16T01:02:20+00:00
BRA_119148,Brasília,5300108,,Piracicabana,0.517,https://moovitapp.com/index/pt-br/transporte_p%C3%BAblico-line-0_517-Brasilia-1702-850942-242400-0,-1.0,-15.78722,-47.88799,,,,,2023-06-16T01:02:20+00:00
BRA_117285,Brasília,5300108,,Piracicabana,0.504,https://moovitapp.com/index/pt-br/transporte_p%C3%BAblico-line-0_504-Brasilia-1702-850942-781321-0,-1.0,-15.6101,-47.69654,,,,,2023-06-16T01:02:21+00:00
BRA_117544,Brasília,5300108,,Piracicabana,512.1,https://moovitapp.com/index/pt-br/transporte_p%C3%BAblico-line-512_1-Brasilia-1702-850942-474401-0,-1.0,-15.83581,-47.93211,,,,1,2023-06-16T01:02:22+00:00
BRA_116947,Brasília,5300108,,Piracicabana,0.032,https://moovitapp.com/index/pt-br/transporte_p%C3%BAblico-line-0_032-Brasilia-1702-850942-786257-0,-1.0,-15.80818,-47.9011,,,,,2023-06-16T01:02:22+00:00
BRA_115711,Brasília,5300108,,Piracicabana,136.4,https://moovitapp.com/index/pt-br/transporte_p%C3%BAblico-line-136_4-Brasilia-1702-850942-135878218-0,-1.0,-15.76652,-47.86956,,,,,2023-06-16T01:02:22+00:00
BRA_119725,Brasília,5300108,,Piracicabana,0.640,https://moovitapp.com/index/pt-br/transporte_p%C3%BAblico-line-0_640-Brasilia-1702-850942-242423-0,-1.0,-15.79663,-47.89151,,,,,2023-06-16T01:02:23+00:00
BRA_118524,Brasília,5300108,,Piracicabana,162.1,https://moovitapp.com/index/pt-br/transporte_p%C3%BAblico-line-162_1-Brasilia-1702-850942-762425-0,-1.0,-15.8236,-47.93462,,,,,2023-06-16T01:02:23+00:00
BRA_120162,Brasília,5300108,,Piracicabana,0.509,https://moovitapp.com/index/pt-br/transporte_p%C3%BAblico-line-0_509-Brasilia-1702-850942-242397-0,-1.0,-15.77027,-47.88109,,,,,2023-06-16T01:02:23+00:00
BRA_121100,Brasília,5300108,,Piracicabana,0.504,https://moovitapp.com/index/pt-br/transporte_p%C3%BAblico-line-0_504-Brasilia-1702-850942-781321-0,-1.0,-15.62449,-47.6507,,,,,2023-06-16T01:02:24+00:00
BRA_119547,Brasília,5300108,,Piracicabana,501.7,https://moovitapp.com/index/pt-br/transporte_p%C3%BAblico-line-501_7-Brasilia-1702-850942-519379-0,-1.0,-15.64568,-47.78665,,,,,2023-06-16T01:02:24+00:00
BRA_117218,Brasília,5300108,,Piracicabana,601.2,https://moovitapp.com/index/pt-br/transporte_p%C3%BAblico-line-601_2-Brasilia-1702-850942-322378-0,-1.0,-15.61829,-47.65036,,,,,2023-06-16T01:02:24+00:00
BRA_117927,Brasília,5300108,,Piracicabana,066.3,https://moovitapp.com/index/pt-br/transporte_p%C3%BAblico-line-066_3-Brasilia-1702-850942-513542-0,-1.0,-15.62274,-47.65669,,,,1,2023-06-16T01:02:25+00:00
BRA_116351,Brasília,5300108,,Piracicabana,601.1,https://moovitapp.com/index/pt-br/transporte_p%C3%BAblico-line-601_1-Brasilia-1702-850942-322377-0,-1.0,-15.60096,-47.65398,,,,,2023-06-16T01:02:25+00:00
BRA_120677,Brasília,5300108,,Piracicabana,104.1,https://moovitapp.com/index/pt-br/transporte_p%C3%BAblico-line-104_1-Brasilia-1702-850942-242430-0,-1.0,-15.79335,-47.88124,,,,,2023-06-16T01:02:25+00:00
BRA_118010,Brasília,5300108,,Piracicabana,602.1,https://moovitapp.com/index/pt-br/transporte_p%C3%BAblico-line-602_1-Brasilia-1702-850942-242491-0,-1.0,-15.61718,-47.64039,,,,,2023-06-16T01:02:26+00:00
BRA_117269,Brasília,5300108,,Piracicabana,616.8,https://moovitapp.com/index/pt-br/transporte_p%C3%BAblico-line-616_8-Brasilia-1702-850942-128977718-0,-1.0,-15.64316,-47.6343,,,,,2023-06-16T01:02:26+00:00
BRA_117196,Brasília,5300108,,Piracicabana,505.8,https://moovitapp.com/index/pt-br/transporte_p%C3%BAblico-line-505_8-Brasilia-1702-850942-339297-0,-1.0,-15.63665,-47.8332,,,,,2023-06-16T01:02:26+00:00
BRA_118176,Brasília,5300108,,Piracicabana,066.6,https://moovitapp.com/index/pt-br/transporte_p%C3%BAblico-line-066_6-Brasilia-1702-850942-770027-0,-1.0,-15.63057,-47.64351,,,,,2023-06-16T01:02:27+00:00
BRA_116530,Brasília,5300108,,Piracicabana,062.7,https://moovitapp.com/index/pt-br/transporte_p%C3%BAblico-line-062_7-Brasilia-1702-850942-494154-0,-1.0,-15.63461,-47.82345,,,,,2023-06-16T01:02:27+00:00
BRA_120961,Brasília,5300108,,Piracicabana,0.600,https://moovitapp.com/index/pt-br/transporte_p%C3%BAblico-line-0_600-Brasilia-1702-850942-242410-0,-1.0,-15.81481,-47.89917,,,,,2023-06-16T01:02:27+00:00
BRA_119059,Brasília,5300108,,Piracicabana,099.1,https://moovitapp.com/index/pt-br/transporte_p%C3%BAblico-line-099_1-Brasilia-1702-850942-775090-0,-1.0,-15.84042,-48.05643,,,,,2023-06-16T01:02:27+00:00
BRA_120138,Brasília,5300108,,Piracicabana,152.1,https://moovitapp.com/index/pt-br/transporte_p%C3%BAblico-line-152_1-Brasilia-1702-850942-542827-0,-1.0,-15.80407,-47.93105,,,,,2023-06-16T01:02:28+00:00
BRA_115878,Brasília,5300108,,Piracicabana,0.509,https://moovitapp.com/index/pt-br/transporte_p%C3%BAblico-line-0_509-Brasilia-1702-850942-242397-0,-1.0,-15.65039,-47.77505,,,,,2023-06-16T01:02:28+00:00
BRA_117277,Brasília,5300108,,Piracicabana,0.620,https://moovitapp.com/index/pt-br/transporte_p%C3%BAblico-line-0_620-Brasilia-1702-850942-470748-0,-1.0,-15.66276,-47.80208,,,,,2023-06-16T01:02:28+00:00
BRA_115665,Brasília,5300108,,Piracicabana,643.2,https://moovitapp.com/index/pt-br/transporte_p%C3%BAblico-line-643_2-Brasilia-1702-850942-128977732-0,-1.0,-15.68634,-47.85306,,,,,2023-06-16T01:02:29+00:00
BRA_120430,Brasília,5300108,,Piracicabana,153.2,https://moovitapp.com/index/pt-br/transporte_p%C3%BAblico-line-153_2-Brasilia-1702-850942-775093-0,-1.0,-15.83958,-47.96659,,,,,2023-06-16T01:02:29+00:00
BRA_119091,Brasília,5300108,,Piracicabana,0.513,https://moovitapp.com/index/pt-br/transporte_p%C3%BAblico-line-0_513-Brasilia-1702-850942-242399-0,-1.0,-15.8062,-47.89857,,,,,2023-06-16T01:02:29+00:00
BRA_118711,Brasília,5300108,,Piracicabana,158.1,https://moovitapp.com/index/pt-br/transporte_p%C3%BAblico-line-158_1-Brasilia-1702-850942-775094-0,-1.0,-15.79656,-47.89153,,,,,2023-06-16T01:02:29+00:00
BRA_119181,Brasília,5300108,,Piracicabana,062.6,https://moovitapp.com/index/pt-br/transporte_p%C3%BAblico-line-062_6-Brasilia-1702-850942-339289-0,-1.0,-15.64603,-47.82047,,,,,2023-06-16T01:02:30+00:00
BRA_119598,Brasília,5300108,,Piracicabana,0.517,https://moovitapp.com/index/pt-br/transporte_p%C3%BAblico-line-0_517-Brasilia-1702-850942-242400-0,-1.0,-15.76905,-47.88909,,,,,2023-06-16T01:02:30+00:00
BRA_120596,Brasília,5300108,,Piracicabana,0.640,https://moovitapp.com/index/pt-br/transporte_p%C3%BAblico-line-0_640-Brasilia-1702-850942-242423-0,-1.0,-15.81388,-47.90797,,,,,2023-06-16T01:02:30+00:00
BRA_117609,Brasília,5300108,,Piracicabana,501.3,https://moovitapp.com/index/pt-br/transporte_p%C3%BAblico-line-501_3-Brasilia-1702-850942-242472-0,-1.0,-15.64497,-47.82524,,,,,2023-06-16T01:02:35+00:00
