bus_id,city,city_code,adapted,agency,line_code,line_url,line_fare,latitude,longitude,bus_speed,is_eletric,bus_type,bus_direction,updated_at
BRA_340391,Brasília,5300108,,Urbi,396.3,https://moovitapp.com/index/pt-br/transporte_p%C3%BAblico-line-396_3-Brasilia-1702-851595-372378-0,-1.0,-15.73586,-47.90697,0.0,,,2,2023-06-14T14:06:23+00:00
BRA_335584,Brasília,5300108,,Urbi,391.3,https://moovitapp.com/index/pt-br/transporte_p%C3%BAblico-line-391_3-Brasilia-1702-851595-372373-0,-1.0,-15.88087,-48.05508,18.89,,,1,2023-06-14T14:16:00+00:00
BRA_335371,Brasília,5300108,,Urbi,0.056,https://moovitapp.com/index/pt-br/transporte_p%C3%BAblico-line-0_056-Brasilia-1702-851595-588804-0,-1.0,-15.84606,-48.12244,0.0,,,1,2023-06-14T14:16:22+00:00
BRA_338028,Brasília,5300108,,Urbi,0.368,https://moovitapp.com/index/pt-br/transporte_p%C3%BAblico-line-0_368-Brasilia-1702-851595-706971-0,-1.0,-15.79479,-48.11033,0.0,,,1,2023-06-14T14:17:19+00:00
BRA_339075,Brasília,5300108,,Urbi,870.7,https://moovitapp.com/index/pt-br/transporte_p%C3%BAblico-line-870_7-Brasilia-1702-851595-531037-0,-1.0,-15.79304,-47.88276,1.67,,,2,2023-06-14T14:18:14+00:00
BRA_335789,Brasília,5300108,,Urbi,397.2,https://moovitapp.com/index/pt-br/transporte_p%C3%BAblico-line-397_2-Brasilia-1702-851595-890938-0,-1.0,-15.86004,-48.07196,0.0,,,2,2023-06-14T14:21:05+00:00
BRA_340341,Brasília,5300108,,Urbi,056.2,https://moovitapp.com/index/pt-br/transporte_p%C3%BAblico-line-056_2-Brasilia-1702-851595-492982-0,-1.0,-15.8609,-48.07378,6.94,,,1,2023-06-14T14:21:49+00:00
BRA_337366,Brasília,5300108,,Urbi,0.172,https://moovitapp.com/index/pt-br/transporte_p%C3%BAblico-line-0_172-Brasilia-1702-851595-470756-0,-1.0,-15.8776,-48.00204,1.11,,,1,2023-06-14T14:22:55+00:00
BRA_338303,Brasília,5300108,,Urbi,874.4,https://moovitapp.com/index/pt-br/transporte_p%C3%BAblico-line-874_4-Brasilia-1702-851595-775106-0,-1.0,-15.88515,-48.05927,15.0,,,1,2023-06-14T14:23:49+00:00
BRA_336327,Brasília,5300108,,Urbi,394.1,https://moovitapp.com/index/pt-br/transporte_p%C3%BAblico-line-394_1-Brasilia-1702-851595-334089-0,-1.0,-15.87461,-48.03425,15.28,,,2,2023-06-14T14:24:02+00:00
BRA_338117,Brasília,5300108,,Urbi,0.809,https://moovitapp.com/index/pt-br/transporte_p%C3%BAblico-line-0_809-Brasilia-1702-851595-516630-0,-1.0,-15.92198,-48.10372,0.0,,,2,2023-06-14T14:24:10+00:00
BRA_340146,Brasília,5300108,,Urbi,0.050,https://moovitapp.com/index/pt-br/transporte_p%C3%BAblico-line-0_050-Brasilia-1702-851595-781325-0,-1.0,-15.86269,-48.07752,13.33,,,1,2023-06-14T14:24:21+00:00
BRA_339229,Brasília,5300108,,Urbi,0.347,https://moovitapp.com/index/pt-br/transporte_p%C3%BAblico-line-0_347-Brasilia-1702-851595-347128-0,-1.0,-15.87666,-47.95973,5.56,,,2,2023-06-14T14:24:36+00:00
BRA_338656,Brasília,5300108,,Urbi,0.808,https://moovitapp.com/index/pt-br/transporte_p%C3%BAblico-line-0_808-Brasilia-1702-851595-372359-0,-1.0,-15.93137,-48.11111,8.06,,,1,2023-06-14T14:24:44+00:00
BRA_339351,Brasília,5300108,,Urbi,0.845,https://moovitapp.com/index/pt-br/transporte_p%C3%BAblico-line-0_845-Brasilia-1702-851595-339304-0,-1.0,-15.83115,-48.05079,8.61,,,1,2023-06-14T14:24:51+00:00
BRA_336734,Brasília,5300108,,Urbi,0.391,https://moovitapp.com/index/pt-br/transporte_p%C3%BAblico-line-0_391-Brasilia-1702-851595-372354-0,-1.0,-15.81197,-47.90523,6.94,,,1,2023-06-14T14:24:58+00:00
BRA_339938,Brasília,5300108,,Urbi,0.160,https://moovitapp.com/index/pt-br/transporte_p%C3%BAblico-line-0_160-Brasilia-1702-851595-470755-0,-1.0,-15.87379,-47.97535,9.72,,,2,2023-06-14T14:25:05+00:00
BRA_338532,Brasília,5300108,,Urbi,0.038,https://moovitapp.com/index/pt-br/transporte_p%C3%BAblico-line-0_038-Brasilia-1702-851595-687419-0,-1.0,-15.87069,-48.01809,0.0,,,1,2023-06-14T14:25:06+00:00
BRA_335614,Brasília,5300108,,Urbi,0.825,https://moovitapp.com/index/pt-br/transporte_p%C3%BAblico-line-0_825-Brasilia-1702-851595-334081-0,-1.0,-15.87719,-48.00137,18.06,,,2,2023-06-14T14:25:06+00:00
BRA_337340,Brasília,5300108,,Urbi,084.1,https://moovitapp.com/index/pt-br/transporte_p%C3%BAblico-line-084_1-Brasilia-1702-851595-466292-0,-1.0,-15.87712,-47.99725,16.94,,,1,2023-06-14T14:25:08+00:00
BRA_340740,Brasília,5300108,,Urbi,366.7,https://moovitapp.com/index/pt-br/transporte_p%C3%BAblico-line-366_7-Brasilia-1702-851595-650086-0,-1.0,-15.90234,-48.12885,4.17,,,1,2023-06-14T14:25:09+00:00
BRA_335703,Brasília,5300108,,Urbi,380.3,https://moovitapp.com/index/pt-br/transporte_p%C3%BAblico-line-380_3-Brasilia-1702-851595-504337-0,-1.0,-15.85157,-48.06247,11.67,,,1,2023-06-14T14:25:10+00:00
BRA_336980,Brasília,5300108,,Urbi,0.818,https://moovitapp.com/index/pt-br/transporte_p%C3%BAblico-line-0_818-Brasilia-1702-851595-242550-0,-1.0,-15.87378,-48.0405,14.17,,,2,2023-06-14T14:25:11+00:00
BRA_340120,Brasília,5300108,,Urbi,366.1,https://moovitapp.com/index/pt-br/transporte_p%C3%BAblico-line-366_1-Brasilia-1702-851595-425249-0,-1.0,-15.86206,-48.07531,0.0,,,2,2023-06-14T14:25:17+00:00
BRA_336581,Brasília,5300108,,Urbi,0.813,https://moovitapp.com/index/pt-br/transporte_p%C3%BAblico-line-0_813-Brasilia-1702-851595-651523-0,-1.0,-15.9213,-48.10841,0.28,,,1,2023-06-14T14:25:28+00:00
BRA_337731,Brasília,5300108,,Urbi,0.882,https://moovitapp.com/index/pt-br/transporte_p%C3%BAblico-line-0_882-Brasilia-1702-851595-363858-0,-1.0,-15.78683,-47.8986,16.39,,,2,2023-06-14T14:25:30+00:00
BRA_339491,Brasília,5300108,,Urbi,807.6,https://moovitapp.com/index/pt-br/transporte_p%C3%BAblico-line-807_6-Brasilia-1702-851595-334092-0,-1.0,-15.91845,-48.10191,4.72,,,1,2023-06-14T14:25:31+00:00
BRA_336467,Brasília,5300108,,Urbi,0.871,https://moovitapp.com/index/pt-br/transporte_p%C3%BAblico-line-0_871-Brasilia-1702-851595-418741-0,-1.0,-15.84197,-48.0455,0.56,,,1,2023-06-14T14:25:31+00:00
BRA_340171,Brasília,5300108,,Urbi,366.1,https://moovitapp.com/index/pt-br/transporte_p%C3%BAblico-line-366_1-Brasilia-1702-851595-425249-0,-1.0,-15.86004,-48.07196,1.94,,,1,2023-06-14T14:25:32+00:00
BRA_340618,Brasília,5300108,,Urbi,0.346,https://moovitapp.com/index/pt-br/transporte_p%C3%BAblico-line-0_346-Brasilia-1702-851595-46461186-0,-1.0,-15.82275,-48.06077,0.0,,,1,2023-06-14T14:25:32+00:00
BRA_340316,Brasília,5300108,,Urbi,0.129,https://moovitapp.com/index/pt-br/transporte_p%C3%BAblico-line-0_129-Brasilia-1702-851595-775097-0,-1.0,-15.85784,-47.92553,19.17,,,1,2023-06-14T14:25:33+00:00
BRA_337960,Brasília,5300108,,Urbi,0.882,https://moovitapp.com/index/pt-br/transporte_p%C3%BAblico-line-0_882-Brasilia-1702-851595-363858-0,-1.0,-15.90098,-48.0462,6.39,,,1,2023-06-14T14:25:33+00:00
BRA_336254,Brasília,5300108,,Urbi,380.2,https://moovitapp.com/index/pt-br/transporte_p%C3%BAblico-line-380_2-Brasilia-1702-851595-334086-0,-1.0,-15.73668,-47.90805,0.0,,,1,2023-06-14T14:25:36+00:00
BRA_339610,Brasília,5300108,,Urbi,0.807,https://moovitapp.com/index/pt-br/transporte_p%C3%BAblico-line-0_807-Brasilia-1702-851595-6677121-0,-1.0,-15.90103,-48.05556,12.5,,,1,2023-06-14T14:25:37+00:00
BRA_336726,Brasília,5300108,,Urbi,0.082,https://moovitapp.com/index/pt-br/transporte_p%C3%BAblico-line-0_082-Brasilia-1702-851595-781326-0,-1.0,-15.87521,-47.97424,4.72,,,1,2023-06-14T14:25:39+00:00
BRA_338311,Brasília,5300108,,Urbi,038.1,https://moovitapp.com/index/pt-br/transporte_p%C3%BAblico-line-038_1-Brasilia-1702-851595-781327-0,-1.0,-15.87069,-48.01809,0.0,,,1,2023-06-14T14:25:39+00:00
BRA_335771,Brasília,5300108,,Urbi,367.2,https://moovitapp.com/index/pt-br/transporte_p%C3%BAblico-line-367_2-Brasilia-1702-851595-454971-0,-1.0,-15.85285,-48.07093,11.94,,,1,2023-06-14T14:25:39+00:00
BRA_339539,Brasília,5300108,,Urbi,806.1,https://moovitapp.com/index/pt-br/transporte_p%C3%BAblico-line-806_1-Brasilia-1702-851595-775104-0,-1.0,-15.89172,-48.0485,6.94,,,2,2023-06-14T14:25:39+00:00
BRA_339199,Brasília,5300108,,Urbi,373.2,https://moovitapp.com/index/pt-br/transporte_p%C3%BAblico-line-373_2-Brasilia-1702-851595-334084-0,-1.0,-15.89663,-48.14738,9.17,,,2,2023-06-14T14:25:40+00:00
BRA_340219,Brasília,5300108,,Urbi,366.1,https://moovitapp.com/index/pt-br/transporte_p%C3%BAblico-line-366_1-Brasilia-1702-851595-425249-0,-1.0,-15.86107,-48.07415,9.72,,,1,2023-06-14T14:25:41+00:00
BRA_340189,Brasília,5300108,,Urbi,0.391,https://moovitapp.com/index/pt-br/transporte_p%C3%BAblico-line-0_391-Brasilia-1702-851595-372354-0,-1.0,-15.83203,-47.95253,2.78,,,2,2023-06-14T14:25:42+00:00
BRA_338281,Brasília,5300108,,Urbi,0.368,https://moovitapp.com/index/pt-br/transporte_p%C3%BAblico-line-0_368-Brasilia-1702-851595-706971-0,-1.0,-15.88596,-48.02135,4.44,,,1,2023-06-14T14:25:42+00:00
BRA_338290,Brasília,5300108,,Urbi,0.816,https://moovitapp.com/index/pt-br/transporte_p%C3%BAblico-line-0_816-Brasilia-1702-851595-322387-0,-1.0,-15.79735,-47.87678,8.06,,,2,2023-06-14T14:25:42+00:00
BRA_337790,Brasília,5300108,,Urbi,0.882,https://moovitapp.com/index/pt-br/transporte_p%C3%BAblico-line-0_882-Brasilia-1702-851595-363858-0,-1.0,-15.94916,-48.03411,5.56,,,1,2023-06-14T14:25:42+00:00
BRA_339202,Brasília,5300108,,Urbi,391.3,https://moovitapp.com/index/pt-br/transporte_p%C3%BAblico-line-391_3-Brasilia-1702-851595-372373-0,-1.0,-15.87574,-48.04844,14.44,,,2,2023-06-14T14:25:45+00:00
BRA_339971,Brasília,5300108,,Urbi,0.082,https://moovitapp.com/index/pt-br/transporte_p%C3%BAblico-line-0_082-Brasilia-1702-851595-781326-0,-1.0,-15.73451,-47.91356,11.11,,,1,2023-06-14T14:25:45+00:00
BRA_339601,Brasília,5300108,,Urbi,872.2,https://moovitapp.com/index/pt-br/transporte_p%C3%BAblico-line-872_2-Brasilia-1702-851595-425251-0,-1.0,-15.85619,-48.04461,7.5,,,1,2023-06-14T14:25:45+00:00
BRA_338524,Brasília,5300108,,Urbi,0.811,https://moovitapp.com/index/pt-br/transporte_p%C3%BAblico-line-0_811-Brasilia-1702-851595-334078-0,-1.0,-15.87784,-48.01415,18.06,,,2,2023-06-14T14:25:47+00:00
BRA_335665,Brasília,5300108,,Urbi,0.393,https://moovitapp.com/index/pt-br/transporte_p%C3%BAblico-line-0_393-Brasilia-1702-851595-588805-0,-1.0,-15.87636,-48.08225,0.0,,,1,2023-06-14T14:25:48+00:00
BRA_337137,Brasília,5300108,,Urbi,0.884,https://moovitapp.com/index/pt-br/transporte_p%C3%BAblico-line-0_884-Brasilia-1702-851595-322393-0,-1.0,-15.87919,-48.05359,15.83,,,2,2023-06-14T14:25:51+00:00
BRA_339296,Brasília,5300108,,Urbi,0.341,https://moovitapp.com/index/pt-br/transporte_p%C3%BAblico-line-0_341-Brasilia-1702-851595-37928003-0,-1.0,-15.83307,-48.05555,0.83,,,1,2023-06-14T14:25:52+00:00
BRA_335576,Brasília,5300108,,Urbi,391.3,https://moovitapp.com/index/pt-br/transporte_p%C3%BAblico-line-391_3-Brasilia-1702-851595-372373-0,-1.0,-15.82505,-47.92401,0.28,,,2,2023-06-14T14:25:54+00:00
BRA_337374,Brasília,5300108,,Urbi,038.1,https://moovitapp.com/index/pt-br/transporte_p%C3%BAblico-line-038_1-Brasilia-1702-851595-781327-0,-1.0,-15.8771,-48.02172,12.78,,,1,2023-06-14T14:25:55+00:00
BRA_336131,Brasília,5300108,,Urbi,807.9,https://moovitapp.com/index/pt-br/transporte_p%C3%BAblico-line-807_9-Brasilia-1702-851595-322409-0,-1.0,-15.90416,-48.06613,5.83,,,2,2023-06-14T14:25:56+00:00
BRA_339261,Brasília,5300108,,Urbi,0.391,https://moovitapp.com/index/pt-br/transporte_p%C3%BAblico-line-0_391-Brasilia-1702-851595-372354-0,-1.0,-15.87622,-48.11064,0.0,,,1,2023-06-14T14:25:57+00:00
BRA_337901,Brasília,5300108,,Urbi,0.812,https://moovitapp.com/index/pt-br/transporte_p%C3%BAblico-line-0_812-Brasilia-1702-851595-697958-0,-1.0,-15.90438,-48.06817,0.0,,,1,2023-06-14T14:25:57+00:00
BRA_335835,Brasília,5300108,,Urbi,396.2,https://moovitapp.com/index/pt-br/transporte_p%C3%BAblico-line-396_2-Brasilia-1702-851595-372377-0,-1.0,-15.81512,-47.91008,0.0,,,2,2023-06-14T14:25:58+00:00
BRA_336190,Brasília,5300108,,Urbi,0.380,https://moovitapp.com/index/pt-br/transporte_p%C3%BAblico-line-0_380-Brasilia-1702-851595-334073-0,-1.0,-15.81604,-48.00863,4.17,,,1,2023-06-14T14:26:00+00:00
BRA_340006,Brasília,5300108,,Urbi,0.391,https://moovitapp.com/index/pt-br/transporte_p%C3%BAblico-line-0_391-Brasilia-1702-851595-372354-0,-1.0,-15.89842,-48.14651,0.0,,,2,2023-06-14T14:26:00+00:00
BRA_339369,Brasília,5300108,,Urbi,0.367,https://moovitapp.com/index/pt-br/transporte_p%C3%BAblico-line-0_367-Brasilia-1702-851595-519380-0,-1.0,-15.8995,-48.1239,13.06,,,1,2023-06-14T14:26:00+00:00
BRA_339156,Brasília,5300108,,Urbi,0.898,https://moovitapp.com/index/pt-br/transporte_p%C3%BAblico-line-0_898-Brasilia-1702-851595-322394-0,-1.0,-15.94283,-48.03758,13.06,,,1,2023-06-14T14:26:02+00:00
BRA_338851,Brasília,5300108,,Urbi,0.809,https://moovitapp.com/index/pt-br/transporte_p%C3%BAblico-line-0_809-Brasilia-1702-851595-516630-0,-1.0,-15.9176,-48.10097,12.78,,,1,2023-06-14T14:26:02+00:00
BRA_338613,Brasília,5300108,,Urbi,0.172,https://moovitapp.com/index/pt-br/transporte_p%C3%BAblico-line-0_172-Brasilia-1702-851595-470756-0,-1.0,-15.79299,-47.88229,0.83,,,2,2023-06-14T14:26:02+00:00
BRA_338249,Brasília,5300108,,Urbi,0.882,https://moovitapp.com/index/pt-br/transporte_p%C3%BAblico-line-0_882-Brasilia-1702-851595-363858-0,-1.0,-15.87603,-47.98779,13.33,,,2,2023-06-14T14:26:02+00:00
BRA_336238,Brasília,5300108,,Urbi,0.394,https://moovitapp.com/index/pt-br/transporte_p%C3%BAblico-line-0_394-Brasilia-1702-851595-334076-0,-1.0,-15.87671,-48.08795,7.5,,,2,2023-06-14T14:26:02+00:00
BRA_336157,Brasília,5300108,,Urbi,0.177,https://moovitapp.com/index/pt-br/transporte_p%C3%BAblico-line-0_177-Brasilia-1702-851595-242528-0,-1.0,-15.88577,-48.02274,0.28,,,1,2023-06-14T14:26:02+00:00
BRA_337412,Brasília,5300108,,Urbi,0.809,https://moovitapp.com/index/pt-br/transporte_p%C3%BAblico-line-0_809-Brasilia-1702-851595-516630-0,-1.0,-15.91059,-48.09246,10.56,,,2,2023-06-14T14:26:03+00:00
BRA_340197,Brasília,5300108,,Urbi,0.163,https://moovitapp.com/index/pt-br/transporte_p%C3%BAblico-line-0_163-Brasilia-1702-851595-352629-0,-1.0,-15.80543,-47.92517,3.89,,,1,2023-06-14T14:26:03+00:00
BRA_338419,Brasília,5300108,,Urbi,805.8,https://moovitapp.com/index/pt-br/transporte_p%C3%BAblico-line-805_8-Brasilia-1702-851595-454982-0,-1.0,-15.89828,-48.05567,11.39,,,1,2023-06-14T14:26:03+00:00
BRA_337951,Brasília,5300108,,Urbi,871.3,https://moovitapp.com/index/pt-br/transporte_p%C3%BAblico-line-871_3-Brasilia-1702-851595-588820-0,-1.0,-15.82032,-47.91733,1.11,,,2,2023-06-14T14:26:03+00:00
BRA_338826,Brasília,5300108,,Urbi,0.883,https://moovitapp.com/index/pt-br/transporte_p%C3%BAblico-line-0_883-Brasilia-1702-851595-510239-0,-1.0,-15.8743,-48.0593,7.78,,,2,2023-06-14T14:26:03+00:00
BRA_338931,Brasília,5300108,,Urbi,870.7,https://moovitapp.com/index/pt-br/transporte_p%C3%BAblico-line-870_7-Brasilia-1702-851595-531037-0,-1.0,-15.87752,-48.01912,4.72,,,1,2023-06-14T14:26:04+00:00
BRA_337935,Brasília,5300108,,Urbi,0.808,https://moovitapp.com/index/pt-br/transporte_p%C3%BAblico-line-0_808-Brasilia-1702-851595-372359-0,-1.0,-15.86599,-48.05616,0.0,,,2,2023-06-14T14:26:04+00:00
BRA_337943,Brasília,5300108,,Urbi,0.811,https://moovitapp.com/index/pt-br/transporte_p%C3%BAblico-line-0_811-Brasilia-1702-851595-334078-0,-1.0,-15.94926,-48.03371,0.0,,,1,2023-06-14T14:26:04+00:00
BRA_338044,Brasília,5300108,,Urbi,0.898,https://moovitapp.com/index/pt-br/transporte_p%C3%BAblico-line-0_898-Brasilia-1702-851595-322394-0,-1.0,-15.83469,-48.07933,15.56,,,2,2023-06-14T14:26:04+00:00
BRA_336394,Brasília,5300108,,Urbi,0.394,https://moovitapp.com/index/pt-br/transporte_p%C3%BAblico-line-0_394-Brasilia-1702-851595-334076-0,-1.0,-15.90214,-48.12837,0.56,,,1,2023-06-14T14:26:04+00:00
BRA_336483,Brasília,5300108,,Urbi,813.1,https://moovitapp.com/index/pt-br/transporte_p%C3%BAblico-line-813_1-Brasilia-1702-851595-242635-0,-1.0,-15.80771,-47.96641,0.0,,,1,2023-06-14T14:26:04+00:00
BRA_339636,Brasília,5300108,,Urbi,398.1,https://moovitapp.com/index/pt-br/transporte_p%C3%BAblico-line-398_1-Brasilia-1702-851595-510241-0,-1.0,-15.86426,-48.05693,3.33,,,1,2023-06-14T14:26:04+00:00
BRA_337595,Brasília,5300108,,Urbi,0.368,https://moovitapp.com/index/pt-br/transporte_p%C3%BAblico-line-0_368-Brasilia-1702-851595-706971-0,-1.0,-15.82153,-48.08613,0.0,,,1,2023-06-14T14:26:05+00:00
BRA_339415,Brasília,5300108,,Urbi,0.806,https://moovitapp.com/index/pt-br/transporte_p%C3%BAblico-line-0_806-Brasilia-1702-851595-339299-0,-1.0,-15.91197,-48.04838,8.61,,,2,2023-06-14T14:26:05+00:00
BRA_336025,Brasília,5300108,,Urbi,393.6,https://moovitapp.com/index/pt-br/transporte_p%C3%BAblico-line-393_6-Brasilia-1702-851595-588817-0,-1.0,-15.83257,-48.05746,0.0,,,1,2023-06-14T14:26:05+00:00
BRA_337978,Brasília,5300108,,Urbi,0.172,https://moovitapp.com/index/pt-br/transporte_p%C3%BAblico-line-0_172-Brasilia-1702-851595-470756-0,-1.0,-15.81873,-47.90186,15.56,,,1,2023-06-14T14:26:05+00:00
BRA_339164,Brasília,5300108,,Urbi,872.5,https://moovitapp.com/index/pt-br/transporte_p%C3%BAblico-line-872_5-Brasilia-1702-851595-372393-0,-1.0,-15.91129,-48.07789,3.89,,,1,2023-06-14T14:26:05+00:00
BRA_339172,Brasília,5300108,,Urbi,0.373,https://moovitapp.com/index/pt-br/transporte_p%C3%BAblico-line-0_373-Brasilia-1702-851595-334072-0,-1.0,-15.85395,-47.95574,7.22,,,2,2023-06-14T14:26:05+00:00
BRA_340278,Brasília,5300108,,Urbi,396.3,https://moovitapp.com/index/pt-br/transporte_p%C3%BAblico-line-396_3-Brasilia-1702-851595-372378-0,-1.0,-15.80802,-47.90057,0.0,,,1,2023-06-14T14:26:05+00:00
BRA_340201,Brasília,5300108,,Urbi,366.5,https://moovitapp.com/index/pt-br/transporte_p%C3%BAblico-line-366_5-Brasilia-1702-851595-3770009-0,-1.0,-15.86774,-48.0847,10.0,,,1,2023-06-14T14:26:06+00:00
BRA_340111,Brasília,5300108,,Urbi,0.821,https://moovitapp.com/index/pt-br/transporte_p%C3%BAblico-line-0_821-Brasilia-1702-851595-334080-0,-1.0,-15.85388,-47.95506,7.22,,,1,2023-06-14T14:26:06+00:00
BRA_340405,Brasília,5300108,,Urbi,0.825,https://moovitapp.com/index/pt-br/transporte_p%C3%BAblico-line-0_825-Brasilia-1702-851595-334081-0,-1.0,-15.89589,-48.11559,6.94,,,1,2023-06-14T14:26:06+00:00
BRA_336769,Brasília,5300108,,Urbi,396.2,https://moovitapp.com/index/pt-br/transporte_p%C3%BAblico-line-396_2-Brasilia-1702-851595-372377-0,-1.0,-15.80663,-47.89902,0.0,,,1,2023-06-14T14:26:06+00:00
BRA_340014,Brasília,5300108,,Urbi,373.2,https://moovitapp.com/index/pt-br/transporte_p%C3%BAblico-line-373_2-Brasilia-1702-851595-334084-0,-1.0,-15.80784,-47.89184,15.83,,,2,2023-06-14T14:26:06+00:00
BRA_339954,Brasília,5300108,,Urbi,0.366,https://moovitapp.com/index/pt-br/transporte_p%C3%BAblico-line-0_366-Brasilia-1702-851595-650085-0,-1.0,-15.88741,-48.15059,10.0,,,1,2023-06-14T14:26:06+00:00
BRA_338737,Brasília,5300108,,Urbi,870.1,https://moovitapp.com/index/pt-br/transporte_p%C3%BAblico-line-870_1-Brasilia-1702-851595-715272-0,-1.0,-15.8586,-47.95654,13.33,,,2,2023-06-14T14:26:06+00:00
BRA_338486,Brasília,5300108,,Urbi,814.1,https://moovitapp.com/index/pt-br/transporte_p%C3%BAblico-line-814_1-Brasilia-1702-851595-492985-0,-1.0,-15.87607,-48.1094,11.67,,,1,2023-06-14T14:26:06+00:00
BRA_335878,Brasília,5300108,,Urbi,396.3,https://moovitapp.com/index/pt-br/transporte_p%C3%BAblico-line-396_3-Brasilia-1702-851595-372378-0,-1.0,-15.89178,-48.10685,0.0,,,1,2023-06-14T14:26:07+00:00
BRA_338427,Brasília,5300108,,Urbi,807.1,https://moovitapp.com/index/pt-br/transporte_p%C3%BAblico-line-807_1-Brasilia-1702-851595-322407-0,-1.0,-15.9118,-48.09408,0.0,,,1,2023-06-14T14:26:07+00:00
BRA_339920,Brasília,5300108,,Urbi,0.171,https://moovitapp.com/index/pt-br/transporte_p%C3%BAblico-line-0_171-Brasilia-1702-851595-242524-0,-1.0,-15.80221,-47.89495,0.0,,,2,2023-06-14T14:26:07+00:00
BRA_336840,Brasília,5300108,,Urbi,0.871,https://moovitapp.com/index/pt-br/transporte_p%C3%BAblico-line-0_871-Brasilia-1702-851595-418741-0,-1.0,-15.91956,-48.05511,1.94,,,2,2023-06-14T14:26:07+00:00
BRA_336858,Brasília,5300108,,Urbi,874.4,https://moovitapp.com/index/pt-br/transporte_p%C3%BAblico-line-874_4-Brasilia-1702-851595-775106-0,-1.0,-15.81717,-47.9498,10.56,,,2,2023-06-14T14:26:07+00:00
BRA_339342,Brasília,5300108,,Urbi,0.373,https://moovitapp.com/index/pt-br/transporte_p%C3%BAblico-line-0_373-Brasilia-1702-851595-334072-0,-1.0,-15.88626,-48.15093,6.11,,,1,2023-06-14T14:26:07+00:00
BRA_340065,Brasília,5300108,,Urbi,0.050,https://moovitapp.com/index/pt-br/transporte_p%C3%BAblico-line-0_050-Brasilia-1702-851595-781325-0,-1.0,-15.81967,-48.06539,0.0,,,1,2023-06-14T14:26:07+00:00
BRA_340456,Brasília,5300108,,Urbi,3944,https://moovitapp.com/index/pt-br/transporte_p%C3%BAblico-line-3944-Brasilia-1702-851595-90452197-0,-1.0,-15.87894,-48.0521,0.0,,,2,2023-06-14T14:26:08+00:00
BRA_340553,Brasília,5300108,,Urbi,056.4,https://moovitapp.com/index/pt-br/transporte_p%C3%BAblico-line-056_4-Brasilia-1702-851595-519387-0,-1.0,-15.86143,-48.08627,8.06,,,1,2023-06-14T14:26:08+00:00
BRA_340502,Brasília,5300108,,Urbi,366.7,https://moovitapp.com/index/pt-br/transporte_p%C3%BAblico-line-366_7-Brasilia-1702-851595-650086-0,-1.0,-15.86811,-48.08554,0.0,,,2,2023-06-14T14:26:08+00:00
BRA_340481,Brasília,5300108,,Urbi,0.366,https://moovitapp.com/index/pt-br/transporte_p%C3%BAblico-line-0_366-Brasilia-1702-851595-650085-0,-1.0,-15.87606,-48.08004,13.89,,,2,2023-06-14T14:26:08+00:00
BRA_336882,Brasília,5300108,,Urbi,872.2,https://moovitapp.com/index/pt-br/transporte_p%C3%BAblico-line-872_2-Brasilia-1702-851595-425251-0,-1.0,-15.91928,-48.05714,8.06,,,1,2023-06-14T14:26:08+00:00
BRA_339130,Brasília,5300108,,Urbi,813.2,https://moovitapp.com/index/pt-br/transporte_p%C3%BAblico-line-813_2-Brasilia-1702-851595-242636-0,-1.0,-15.93075,-48.11055,10.56,,,1,2023-06-14T14:26:08+00:00
BRA_336289,Brasília,5300108,,Urbi,0.380,https://moovitapp.com/index/pt-br/transporte_p%C3%BAblico-line-0_380-Brasilia-1702-851595-334073-0,-1.0,-15.88387,-48.14994,0.0,,,1,2023-06-14T14:26:08+00:00
BRA_337528,Brasília,5300108,,Urbi,870.1,https://moovitapp.com/index/pt-br/transporte_p%C3%BAblico-line-870_1-Brasilia-1702-851595-715272-0,-1.0,-15.94963,-48.03342,0.0,,,2,2023-06-14T14:26:08+00:00
BRA_337854,Brasília,5300108,,Urbi,086.1,https://moovitapp.com/index/pt-br/transporte_p%C3%BAblico-line-086_1-Brasilia-1702-851595-481321-0,-1.0,-15.86404,-47.96083,16.11,,,1,2023-06-14T14:26:08+00:00
BRA_337641,Brasília,5300108,,Urbi,807.8,https://moovitapp.com/index/pt-br/transporte_p%C3%BAblico-line-807_8-Brasilia-1702-851595-322408-0,-1.0,-15.93808,-48.03932,2.5,,,2,2023-06-14T14:26:08+00:00
BRA_339580,Brasília,5300108,,Urbi,807.2,https://moovitapp.com/index/pt-br/transporte_p%C3%BAblico-line-807_2-Brasilia-1702-851595-781329-0,-1.0,-15.91706,-48.05595,11.39,,,1,2023-06-14T14:26:08+00:00
BRA_336629,Brasília,5300108,,Urbi,813.1,https://moovitapp.com/index/pt-br/transporte_p%C3%BAblico-line-813_1-Brasilia-1702-851595-242635-0,-1.0,-15.80431,-47.92434,7.78,,,2,2023-06-14T14:26:09+00:00
BRA_336335,Brasília,5300108,,Urbi,0.394,https://moovitapp.com/index/pt-br/transporte_p%C3%BAblico-line-0_394-Brasilia-1702-851595-334076-0,-1.0,-15.81077,-47.94275,10.83,,,2,2023-06-14T14:26:09+00:00
BRA_335941,Brasília,5300108,,Urbi,0.366,https://moovitapp.com/index/pt-br/transporte_p%C3%BAblico-line-0_366-Brasilia-1702-851595-650085-0,-1.0,-15.87084,-48.05939,12.5,,,1,2023-06-14T14:26:09+00:00
BRA_338362,Brasília,5300108,,Urbi,0.873,https://moovitapp.com/index/pt-br/transporte_p%C3%BAblico-line-0_873-Brasilia-1702-851595-510238-0,-1.0,-15.80079,-48.12393,5.28,,,2,2023-06-14T14:26:09+00:00
BRA_338451,Brasília,5300108,,Urbi,0.810,https://moovitapp.com/index/pt-br/transporte_p%C3%BAblico-line-0_810-Brasilia-1702-851595-363856-0,-1.0,-15.78524,-47.90587,14.72,,,2,2023-06-14T14:26:09+00:00
BRA_338079,Brasília,5300108,,Urbi,813.2,https://moovitapp.com/index/pt-br/transporte_p%C3%BAblico-line-813_2-Brasilia-1702-851595-242636-0,-1.0,-15.87722,-48.01866,10.56,,,2,2023-06-14T14:26:09+00:00
BRA_338222,Brasília,5300108,,Urbi,0.898,https://moovitapp.com/index/pt-br/transporte_p%C3%BAblico-line-0_898-Brasilia-1702-851595-322394-0,-1.0,-15.92357,-48.04496,4.72,,,1,2023-06-14T14:26:09+00:00
BRA_339865,Brasília,5300108,,Urbi,393.4,https://moovitapp.com/index/pt-br/transporte_p%C3%BAblico-line-393_4-Brasilia-1702-851595-588816-0,-1.0,-15.8043,-48.07217,10.28,,,1,2023-06-14T14:26:09+00:00
BRA_339946,Brasília,5300108,,Urbi,0.160,https://moovitapp.com/index/pt-br/transporte_p%C3%BAblico-line-0_160-Brasilia-1702-851595-470755-0,-1.0,-15.86783,-47.9632,6.11,,,1,2023-06-14T14:26:09+00:00
BRA_339237,Brasília,5300108,,Urbi,366.1,https://moovitapp.com/index/pt-br/transporte_p%C3%BAblico-line-366_1-Brasilia-1702-851595-425249-0,-1.0,-15.88446,-48.09076,8.89,,,2,2023-06-14T14:26:09+00:00
BRA_340642,Brasília,5300108,,Urbi,367.2,https://moovitapp.com/index/pt-br/transporte_p%C3%BAblico-line-367_2-Brasilia-1702-851595-454971-0,-1.0,-15.88201,-48.10991,7.22,,,1,2023-06-14T14:26:09+00:00
BRA_340537,Brasília,5300108,,Urbi,0.171,https://moovitapp.com/index/pt-br/transporte_p%C3%BAblico-line-0_171-Brasilia-1702-851595-242524-0,-1.0,-15.86794,-47.96395,3.61,,,2,2023-06-14T14:26:10+00:00
BRA_337994,Brasília,5300108,,Urbi,805.1,https://moovitapp.com/index/pt-br/transporte_p%C3%BAblico-line-805_1-Brasilia-1702-851595-454980-0,-1.0,-15.91401,-48.09717,0.0,,,1,2023-06-14T14:26:10+00:00
BRA_338460,Brasília,5300108,,Urbi,084.1,https://moovitapp.com/index/pt-br/transporte_p%C3%BAblico-line-084_1-Brasilia-1702-851595-466292-0,-1.0,-15.87801,-48.01126,9.44,,,1,2023-06-14T14:26:10+00:00
BRA_336408,Brasília,5300108,,Urbi,0.813,https://moovitapp.com/index/pt-br/transporte_p%C3%BAblico-line-0_813-Brasilia-1702-851595-651523-0,-1.0,-15.9009,-48.05518,7.22,,,2,2023-06-14T14:26:10+00:00
BRA_336611,Brasília,5300108,,Urbi,0.881,https://moovitapp.com/index/pt-br/transporte_p%C3%BAblico-line-0_881-Brasilia-1702-851595-363857-0,-1.0,-15.94968,-48.03341,0.0,,,1,2023-06-14T14:26:10+00:00
BRA_337102,Brasília,5300108,,Urbi,0.805,https://moovitapp.com/index/pt-br/transporte_p%C3%BAblico-line-0_805-Brasilia-1702-851595-460800-0,-1.0,-15.91671,-48.10019,8.89,,,1,2023-06-14T14:26:10+00:00
BRA_339521,Brasília,5300108,,Urbi,0.806,https://moovitapp.com/index/pt-br/transporte_p%C3%BAblico-line-0_806-Brasilia-1702-851595-339299-0,-1.0,-15.96081,-48.02316,0.0,,,2,2023-06-14T14:26:10+00:00
BRA_337757,Brasília,5300108,,Urbi,0.811,https://moovitapp.com/index/pt-br/transporte_p%C3%BAblico-line-0_811-Brasilia-1702-851595-334078-0,-1.0,-15.94923,-48.03282,5.83,,,1,2023-06-14T14:26:11+00:00
BRA_339512,Brasília,5300108,,Urbi,806.1,https://moovitapp.com/index/pt-br/transporte_p%C3%BAblico-line-806_1-Brasilia-1702-851595-775104-0,-1.0,-15.89925,-48.04213,0.0,,,1,2023-06-14T14:26:11+00:00
BRA_339474,Brasília,5300108,,Urbi,0.872,https://moovitapp.com/index/pt-br/transporte_p%C3%BAblico-line-0_872-Brasilia-1702-851595-466291-0,-1.0,-15.91962,-48.04886,6.11,,,1,2023-06-14T14:26:11+00:00
BRA_337625,Brasília,5300108,,Urbi,0.809,https://moovitapp.com/index/pt-br/transporte_p%C3%BAblico-line-0_809-Brasilia-1702-851595-516630-0,-1.0,-15.93336,-48.10858,0.0,,,1,2023-06-14T14:26:11+00:00
BRA_337455,Brasília,5300108,,Urbi,0.809,https://moovitapp.com/index/pt-br/transporte_p%C3%BAblico-line-0_809-Brasilia-1702-851595-516630-0,-1.0,-15.89775,-48.0987,11.11,,,1,2023-06-14T14:26:11+00:00
BRA_337404,Brasília,5300108,,Urbi,0.175,https://moovitapp.com/index/pt-br/transporte_p%C3%BAblico-line-0_175-Brasilia-1702-851595-242526-0,-1.0,-15.81503,-47.90993,0.0,,,2,2023-06-14T14:26:11+00:00
BRA_336459,Brasília,5300108,,Urbi,0.819,https://moovitapp.com/index/pt-br/transporte_p%C3%BAblico-line-0_819-Brasilia-1702-851595-418739-0,-1.0,-15.77988,-47.87383,6.94,,,1,2023-06-14T14:26:11+00:00
BRA_335916,Brasília,5300108,,Urbi,391.3,https://moovitapp.com/index/pt-br/transporte_p%C3%BAblico-line-391_3-Brasilia-1702-851595-372373-0,-1.0,-15.88386,-48.14965,5.28,,,2,2023-06-14T14:26:11+00:00
BRA_339806,Brasília,5300108,,Urbi,398.3,https://moovitapp.com/index/pt-br/transporte_p%C3%BAblico-line-398_3-Brasilia-1702-851595-706973-0,-1.0,-15.80214,-48.1393,14.72,,,2,2023-06-14T14:26:11+00:00
BRA_340561,Brasília,5300108,,Urbi,366.7,https://moovitapp.com/index/pt-br/transporte_p%C3%BAblico-line-366_7-Brasilia-1702-851595-650086-0,-1.0,-15.87829,-48.11707,9.17,,,1,2023-06-14T14:26:11+00:00
BRA_336823,Brasília,5300108,,Urbi,813.2,https://moovitapp.com/index/pt-br/transporte_p%C3%BAblico-line-813_2-Brasilia-1702-851595-242636-0,-1.0,-15.87724,-47.99872,14.44,,,1,2023-06-14T14:26:11+00:00
BRA_339245,Brasília,5300108,,Urbi,160.2,https://moovitapp.com/index/pt-br/transporte_p%C3%BAblico-line-160_2-Brasilia-1702-851595-242581-0,-1.0,-15.79805,-47.86586,4.17,,,1,2023-06-14T14:26:12+00:00
BRA_339300,Brasília,5300108,,Urbi,0.054,https://moovitapp.com/index/pt-br/transporte_p%C3%BAblico-line-0_054-Brasilia-1702-851595-454960-0,-1.0,-15.82014,-48.0711,3.33,,,1,2023-06-14T14:26:12+00:00
BRA_340448,Brasília,5300108,,Urbi,056.4,https://moovitapp.com/index/pt-br/transporte_p%C3%BAblico-line-056_4-Brasilia-1702-851595-519387-0,-1.0,-15.84065,-48.12666,0.83,,,1,2023-06-14T14:26:12+00:00
BRA_340227,Brasília,5300108,,Urbi,0.391,https://moovitapp.com/index/pt-br/transporte_p%C3%BAblico-line-0_391-Brasilia-1702-851595-372354-0,-1.0,-15.85848,-48.06892,10.56,,,2,2023-06-14T14:26:12+00:00
BRA_340715,Brasília,5300108,,Urbi,391.3,https://moovitapp.com/index/pt-br/transporte_p%C3%BAblico-line-391_3-Brasilia-1702-851595-372373-0,-1.0,-15.73603,-47.90703,0.28,,,2,2023-06-14T14:26:12+00:00
BRA_337919,Brasília,5300108,,Urbi,872.1,https://moovitapp.com/index/pt-br/transporte_p%C3%BAblico-line-872_1-Brasilia-1702-851595-470760-0,-1.0,-15.88616,-48.05396,11.67,,,1,2023-06-14T14:26:12+00:00
BRA_337684,Brasília,5300108,,Urbi,0.811,https://moovitapp.com/index/pt-br/transporte_p%C3%BAblico-line-0_811-Brasilia-1702-851595-334078-0,-1.0,-15.73505,-47.90244,17.5,,,1,2023-06-14T14:26:12+00:00
BRA_339440,Brasília,5300108,,Urbi,0.814,https://moovitapp.com/index/pt-br/transporte_p%C3%BAblico-line-0_814-Brasilia-1702-851595-492980-0,-1.0,-15.91901,-48.10187,14.17,,,1,2023-06-14T14:26:12+00:00
BRA_339571,Brasília,5300108,,Urbi,807.8,https://moovitapp.com/index/pt-br/transporte_p%C3%BAblico-line-807_8-Brasilia-1702-851595-322408-0,-1.0,-15.94073,-48.03614,3.06,,,1,2023-06-14T14:26:12+00:00
BRA_339555,Brasília,5300108,,Urbi,807.9,https://moovitapp.com/index/pt-br/transporte_p%C3%BAblico-line-807_9-Brasilia-1702-851595-322409-0,-1.0,-15.91266,-48.06359,2.5,,,1,2023-06-14T14:26:13+00:00
BRA_337862,Brasília,5300108,,Urbi,0.087,https://moovitapp.com/index/pt-br/transporte_p%C3%BAblico-line-0_087-Brasilia-1702-851595-242519-0,-1.0,-15.88598,-48.05368,0.0,,,1,2023-06-14T14:26:13+00:00
BRA_336572,Brasília,5300108,,Urbi,0.813,https://moovitapp.com/index/pt-br/transporte_p%C3%BAblico-line-0_813-Brasilia-1702-851595-651523-0,-1.0,-15.73593,-47.90732,0.0,,,2,2023-06-14T14:26:13+00:00
BRA_335681,Brasília,5300108,,Urbi,0.821,https://moovitapp.com/index/pt-br/transporte_p%C3%BAblico-line-0_821-Brasilia-1702-851595-334080-0,-1.0,-15.89584,-48.12325,2.5,,,2,2023-06-14T14:26:13+00:00
BRA_338231,Brasília,5300108,,Urbi,870.7,https://moovitapp.com/index/pt-br/transporte_p%C3%BAblico-line-870_7-Brasilia-1702-851595-531037-0,-1.0,-15.87843,-48.05253,10.83,,,2,2023-06-14T14:26:13+00:00
BRA_340235,Brasília,5300108,,Urbi,396.2,https://moovitapp.com/index/pt-br/transporte_p%C3%BAblico-line-396_2-Brasilia-1702-851595-372377-0,-1.0,-15.87088,-48.06261,0.0,,,1,2023-06-14T14:26:13+00:00
BRA_340413,Brasília,5300108,,Urbi,056.2,https://moovitapp.com/index/pt-br/transporte_p%C3%BAblico-line-056_2-Brasilia-1702-851595-492982-0,-1.0,-15.88845,-48.12387,0.0,,,1,2023-06-14T14:26:13+00:00
BRA_340154,Brasília,5300108,,Urbi,373.2,https://moovitapp.com/index/pt-br/transporte_p%C3%BAblico-line-373_2-Brasilia-1702-851595-334084-0,-1.0,-15.87669,-48.09929,7.5,,,2,2023-06-14T14:26:14+00:00
BRA_340324,Brasília,5300108,,Urbi,0.053,https://moovitapp.com/index/pt-br/transporte_p%C3%BAblico-line-0_053-Brasilia-1702-851595-588803-0,-1.0,-15.80573,-48.07015,5.0,,,1,2023-06-14T14:26:14+00:00
BRA_338664,Brasília,5300108,,Urbi,0.886,https://moovitapp.com/index/pt-br/transporte_p%C3%BAblico-line-0_886-Brasilia-1702-851595-704024-0,-1.0,-15.78766,-48.13399,7.78,,,2,2023-06-14T14:26:14+00:00
BRA_338176,Brasília,5300108,,Urbi,870.1,https://moovitapp.com/index/pt-br/transporte_p%C3%BAblico-line-870_1-Brasilia-1702-851595-715272-0,-1.0,-15.87998,-48.0537,8.33,,,1,2023-06-14T14:26:14+00:00
BRA_335649,Brasília,5300108,,Urbi,396.3,https://moovitapp.com/index/pt-br/transporte_p%C3%BAblico-line-396_3-Brasilia-1702-851595-372378-0,-1.0,-15.7605,-47.89228,0.0,,,2,2023-06-14T14:26:14+00:00
BRA_335487,Brasília,5300108,,Urbi,366.1,https://moovitapp.com/index/pt-br/transporte_p%C3%BAblico-line-366_1-Brasilia-1702-851595-425249-0,-1.0,-15.88756,-48.09395,13.89,,,1,2023-06-14T14:26:14+00:00
BRA_333930,Brasília,5300108,,Urbi,0.054,https://moovitapp.com/index/pt-br/transporte_p%C3%BAblico-line-0_054-Brasilia-1702-851595-454960-0,-1.0,-15.8877,-48.09409,11.94,,,1,2023-06-14T14:26:15+00:00
BRA_335690,Brasília,5300108,,Urbi,0.056,https://moovitapp.com/index/pt-br/transporte_p%C3%BAblico-line-0_056-Brasilia-1702-851595-588804-0,-1.0,-15.89693,-48.11789,0.0,,,1,2023-06-14T14:26:15+00:00
BRA_335720,Brasília,5300108,,Urbi,396.3,https://moovitapp.com/index/pt-br/transporte_p%C3%BAblico-line-396_3-Brasilia-1702-851595-372378-0,-1.0,-15.88094,-48.05695,18.61,,,2,2023-06-14T14:26:15+00:00
BRA_336203,Brasília,5300108,,Urbi,380.2,https://moovitapp.com/index/pt-br/transporte_p%C3%BAblico-line-380_2-Brasilia-1702-851595-334086-0,-1.0,-15.85652,-48.07057,0.0,,,2,2023-06-14T14:26:15+00:00
BRA_335894,Brasília,5300108,,Urbi,0.393,https://moovitapp.com/index/pt-br/transporte_p%C3%BAblico-line-0_393-Brasilia-1702-851595-588805-0,-1.0,-15.80672,-48.07887,0.0,,,1,2023-06-14T14:26:15+00:00
BRA_338036,Brasília,5300108,,Urbi,805.9,https://moovitapp.com/index/pt-br/transporte_p%C3%BAblico-line-805_9-Brasilia-1702-851595-454983-0,-1.0,-15.84377,-48.04972,0.56,,,1,2023-06-14T14:26:15+00:00
BRA_337986,Brasília,5300108,,Urbi,805.2,https://moovitapp.com/index/pt-br/transporte_p%C3%BAblico-line-805_2-Brasilia-1702-851595-454981-0,-1.0,-15.87423,-48.02901,16.11,,,1,2023-06-14T14:26:15+00:00
BRA_340260,Brasília,5300108,,Urbi,0.399,https://moovitapp.com/index/pt-br/transporte_p%C3%BAblico-line-0_399-Brasilia-1702-851595-454964-0,-1.0,-15.82448,-48.10545,0.0,,,1,2023-06-14T14:26:15+00:00
BRA_340600,Brasília,5300108,,Urbi,056.2,https://moovitapp.com/index/pt-br/transporte_p%C3%BAblico-line-056_2-Brasilia-1702-851595-492982-0,-1.0,-15.81157,-48.09381,1.67,,,1,2023-06-14T14:26:15+00:00
BRA_339989,Brasília,5300108,,Urbi,0.373,https://moovitapp.com/index/pt-br/transporte_p%C3%BAblico-line-0_373-Brasilia-1702-851595-334072-0,-1.0,-15.87585,-48.11067,2.78,,,2,2023-06-14T14:26:15+00:00
BRA_333867,Brasília,5300108,,Urbi,396.2,https://moovitapp.com/index/pt-br/transporte_p%C3%BAblico-line-396_2-Brasilia-1702-851595-372377-0,-1.0,-15.88797,-48.10797,17.5,,,1,2023-06-14T14:26:16+00:00
BRA_336963,Brasília,5300108,,Urbi,0.809,https://moovitapp.com/index/pt-br/transporte_p%C3%BAblico-line-0_809-Brasilia-1702-851595-516630-0,-1.0,-15.87574,-47.98505,16.67,,,2,2023-06-14T14:26:16+00:00
BRA_339661,Brasília,5300108,,Urbi,0.340,https://moovitapp.com/index/pt-br/transporte_p%C3%BAblico-line-0_340-Brasilia-1702-851595-641378-0,-1.0,-15.90221,-48.1288,0.0,,,1,2023-06-14T14:26:16+00:00
BRA_337277,Brasília,5300108,,Urbi,0.886,https://moovitapp.com/index/pt-br/transporte_p%C3%BAblico-line-0_886-Brasilia-1702-851595-704024-0,-1.0,-15.88755,-48.02079,6.39,,,2,2023-06-14T14:26:17+00:00
BRA_338575,Brasília,5300108,,Urbi,0.805,https://moovitapp.com/index/pt-br/transporte_p%C3%BAblico-line-0_805-Brasilia-1702-851595-460800-0,-1.0,-15.84041,-48.04996,9.17,,,1,2023-06-14T14:26:17+00:00
BRA_338729,Brasília,5300108,,Urbi,871.3,https://moovitapp.com/index/pt-br/transporte_p%C3%BAblico-line-871_3-Brasilia-1702-851595-588820-0,-1.0,-15.73585,-47.90706,0.0,,,2,2023-06-14T14:26:17+00:00
BRA_338125,Brasília,5300108,,Urbi,0.882,https://moovitapp.com/index/pt-br/transporte_p%C3%BAblico-line-0_882-Brasilia-1702-851595-363858-0,-1.0,-15.87957,-48.05421,12.78,,,2,2023-06-14T14:26:17+00:00
BRA_338478,Brasília,5300108,,Urbi,805.9,https://moovitapp.com/index/pt-br/transporte_p%C3%BAblico-line-805_9-Brasilia-1702-851595-454983-0,-1.0,-15.83899,-48.05792,6.39,,,1,2023-06-14T14:26:17+00:00
BRA_339911,Brasília,5300108,,Urbi,373.2,https://moovitapp.com/index/pt-br/transporte_p%C3%BAblico-line-373_2-Brasilia-1702-851595-334084-0,-1.0,-15.86754,-48.08365,7.78,,,2,2023-06-14T14:26:17+00:00
BRA_339326,Brasília,5300108,,Urbi,160.2,https://moovitapp.com/index/pt-br/transporte_p%C3%BAblico-line-160_2-Brasilia-1702-851595-242581-0,-1.0,-15.73556,-47.89866,3.06,,,2,2023-06-14T14:26:17+00:00
BRA_336700,Brasília,5300108,,Urbi,394.1,https://moovitapp.com/index/pt-br/transporte_p%C3%BAblico-line-394_1-Brasilia-1702-851595-334089-0,-1.0,-15.78815,-47.89467,3.89,,,2,2023-06-14T14:26:17+00:00
BRA_340138,Brasília,5300108,,Urbi,393.4,https://moovitapp.com/index/pt-br/transporte_p%C3%BAblico-line-393_4-Brasilia-1702-851595-588816-0,-1.0,-15.88386,-48.08888,0.0,,,1,2023-06-14T14:26:18+00:00
BRA_340570,Brasília,5300108,,Urbi,0.391,https://moovitapp.com/index/pt-br/transporte_p%C3%BAblico-line-0_391-Brasilia-1702-851595-372354-0,-1.0,-15.75036,-47.8954,2.78,,,2,2023-06-14T14:26:18+00:00
BRA_338583,Brasília,5300108,,Urbi,813.2,https://moovitapp.com/index/pt-br/transporte_p%C3%BAblico-line-813_2-Brasilia-1702-851595-242636-0,-1.0,-15.7452,-47.89673,4.72,,,1,2023-06-14T14:26:18+00:00
BRA_338265,Brasília,5300108,,Urbi,368.1,https://moovitapp.com/index/pt-br/transporte_p%C3%BAblico-line-368_1-Brasilia-1702-851595-706972-0,-1.0,-15.88159,-48.01116,4.44,,,1,2023-06-14T14:26:18+00:00
BRA_337714,Brasília,5300108,,Urbi,812.1,https://moovitapp.com/index/pt-br/transporte_p%C3%BAblico-line-812_1-Brasilia-1702-851595-372386-0,-1.0,-15.80527,-48.13458,9.44,,,1,2023-06-14T14:26:18+00:00
BRA_336301,Brasília,5300108,,Urbi,0.380,https://moovitapp.com/index/pt-br/transporte_p%C3%BAblico-line-0_380-Brasilia-1702-851595-334073-0,-1.0,-15.83401,-48.0583,0.0,,,2,2023-06-14T14:26:18+00:00
BRA_333875,Brasília,5300108,,Urbi,0.346,https://moovitapp.com/index/pt-br/transporte_p%C3%BAblico-line-0_346-Brasilia-1702-851595-46461186-0,-1.0,-15.86929,-47.96652,6.67,,,1,2023-06-14T14:26:18+00:00
BRA_335380,Brasília,5300108,,Urbi,0.347,https://moovitapp.com/index/pt-br/transporte_p%C3%BAblico-line-0_347-Brasilia-1702-851595-347128-0,-1.0,-15.83107,-48.0558,6.94,,,1,2023-06-14T14:26:18+00:00
BRA_337242,Brasília,5300108,,Urbi,807.9,https://moovitapp.com/index/pt-br/transporte_p%C3%BAblico-line-807_9-Brasilia-1702-851595-322409-0,-1.0,-15.92263,-48.05233,10.56,,,2,2023-06-14T14:26:18+00:00
BRA_337838,Brasília,5300108,,Urbi,0.810,https://moovitapp.com/index/pt-br/transporte_p%C3%BAblico-line-0_810-Brasilia-1702-851595-363856-0,-1.0,-15.91294,-48.09621,13.33,,,1,2023-06-14T14:26:19+00:00
BRA_337226,Brasília,5300108,,Urbi,0.808,https://moovitapp.com/index/pt-br/transporte_p%C3%BAblico-line-0_808-Brasilia-1702-851595-372359-0,-1.0,-15.86426,-48.05693,0.56,,,1,2023-06-14T14:26:19+00:00
BRA_337501,Brasília,5300108,,Urbi,874.4,https://moovitapp.com/index/pt-br/transporte_p%C3%BAblico-line-874_4-Brasilia-1702-851595-775106-0,-1.0,-15.90995,-48.06453,5.28,,,2,2023-06-14T14:26:19+00:00
BRA_337030,Brasília,5300108,,Urbi,0.873,https://moovitapp.com/index/pt-br/transporte_p%C3%BAblico-line-0_873-Brasilia-1702-851595-510238-0,-1.0,-15.88232,-48.0603,15.83,,,1,2023-06-14T14:26:19+00:00
BRA_337064,Brasília,5300108,,Urbi,0.177,https://moovitapp.com/index/pt-br/transporte_p%C3%BAblico-line-0_177-Brasilia-1702-851595-242528-0,-1.0,-15.78836,-47.90536,19.17,,,1,2023-06-14T14:26:19+00:00
BRA_335525,Brasília,5300108,,Urbi,396.2,https://moovitapp.com/index/pt-br/transporte_p%C3%BAblico-line-396_2-Brasilia-1702-851595-372377-0,-1.0,-15.87548,-48.07948,6.39,,,2,2023-06-14T14:26:19+00:00
BRA_335975,Brasília,5300108,,Urbi,393.4,https://moovitapp.com/index/pt-br/transporte_p%C3%BAblico-line-393_4-Brasilia-1702-851595-588816-0,-1.0,-15.85747,-48.0435,1.11,,,1,2023-06-14T14:26:19+00:00
BRA_338966,Brasília,5300108,,Urbi,870.7,https://moovitapp.com/index/pt-br/transporte_p%C3%BAblico-line-870_7-Brasilia-1702-851595-531037-0,-1.0,-15.91701,-48.06211,10.28,,,1,2023-06-14T14:26:19+00:00
BRA_339814,Brasília,5300108,,Urbi,372.3,https://moovitapp.com/index/pt-br/transporte_p%C3%BAblico-line-372_3-Brasilia-1702-851595-641001-0,-1.0,-15.88389,-48.1501,8.06,,,2,2023-06-14T14:26:19+00:00
BRA_340634,Brasília,5300108,,Urbi,0.393,https://moovitapp.com/index/pt-br/transporte_p%C3%BAblico-line-0_393-Brasilia-1702-851595-588805-0,-1.0,-15.87341,-48.0726,3.61,,,1,2023-06-14T14:26:19+00:00
BRA_340421,Brasília,5300108,,Urbi,397.2,https://moovitapp.com/index/pt-br/transporte_p%C3%BAblico-line-397_2-Brasilia-1702-851595-890938-0,-1.0,-15.78861,-48.13418,0.0,,,2,2023-06-14T14:26:19+00:00
BRA_339334,Brasília,5300108,,Urbi,160.2,https://moovitapp.com/index/pt-br/transporte_p%C3%BAblico-line-160_2-Brasilia-1702-851595-242581-0,-1.0,-15.85341,-47.95572,6.67,,,2,2023-06-14T14:26:19+00:00
BRA_339270,Brasília,5300108,,Urbi,396.2,https://moovitapp.com/index/pt-br/transporte_p%C3%BAblico-line-396_2-Brasilia-1702-851595-372377-0,-1.0,-15.80393,-47.89651,1.67,,,1,2023-06-14T14:26:20+00:00
BRA_336661,Brasília,5300108,,Urbi,380.2,https://moovitapp.com/index/pt-br/transporte_p%C3%BAblico-line-380_2-Brasilia-1702-851595-334086-0,-1.0,-15.83144,-48.04719,18.33,,,2,2023-06-14T14:26:20+00:00
BRA_336866,Brasília,5300108,,Urbi,0.813,https://moovitapp.com/index/pt-br/transporte_p%C3%BAblico-line-0_813-Brasilia-1702-851595-651523-0,-1.0,-15.80945,-47.90252,0.0,,,2,2023-06-14T14:26:20+00:00
BRA_340162,Brasília,5300108,,Urbi,0.825,https://moovitapp.com/index/pt-br/transporte_p%C3%BAblico-line-0_825-Brasilia-1702-851595-334081-0,-1.0,-15.81456,-47.89654,19.44,,,1,2023-06-14T14:26:20+00:00
BRA_340677,Brasília,5300108,,Urbi,0.821,https://moovitapp.com/index/pt-br/transporte_p%C3%BAblico-line-0_821-Brasilia-1702-851595-334080-0,-1.0,-15.87076,-48.05954,9.17,,,2,2023-06-14T14:26:20+00:00
BRA_338061,Brasília,5300108,,Urbi,0.038,https://moovitapp.com/index/pt-br/transporte_p%C3%BAblico-line-0_038-Brasilia-1702-851595-687419-0,-1.0,-15.88685,-48.01801,10.56,,,1,2023-06-14T14:26:20+00:00
BRA_338346,Brasília,5300108,,Urbi,0.886,https://moovitapp.com/index/pt-br/transporte_p%C3%BAblico-line-0_886-Brasilia-1702-851595-704024-0,-1.0,-15.83325,-48.05615,0.28,,,1,2023-06-14T14:26:20+00:00
BRA_338052,Brasília,5300108,,Urbi,0.175,https://moovitapp.com/index/pt-br/transporte_p%C3%BAblico-line-0_175-Brasilia-1702-851595-242526-0,-1.0,-15.82769,-47.92708,0.0,,,1,2023-06-14T14:26:20+00:00
BRA_338745,Brasília,5300108,,Urbi,805.8,https://moovitapp.com/index/pt-br/transporte_p%C3%BAblico-line-805_8-Brasilia-1702-851595-454982-0,-1.0,-15.93329,-48.10877,0.0,,,1,2023-06-14T14:26:20+00:00
BRA_336378,Brasília,5300108,,Urbi,366.3,https://moovitapp.com/index/pt-br/transporte_p%C3%BAblico-line-366_3-Brasilia-1702-851595-71456441-0,-1.0,-15.88641,-48.12041,6.39,,,2,2023-06-14T14:26:20+00:00
BRA_336041,Brasília,5300108,,Urbi,0.367,https://moovitapp.com/index/pt-br/transporte_p%C3%BAblico-line-0_367-Brasilia-1702-851595-519380-0,-1.0,-15.88398,-48.15033,0.28,,,1,2023-06-14T14:26:20+00:00
BRA_335401,Brasília,5300108,,Urbi,0.054,https://moovitapp.com/index/pt-br/transporte_p%C3%BAblico-line-0_054-Brasilia-1702-851595-454960-0,-1.0,-15.8388,-48.05296,7.22,,,1,2023-06-14T14:26:20+00:00
BRA_337510,Brasília,5300108,,Urbi,0.872,https://moovitapp.com/index/pt-br/transporte_p%C3%BAblico-line-0_872-Brasilia-1702-851595-466291-0,-1.0,-15.80768,-48.06601,0.0,,,1,2023-06-14T14:26:20+00:00
BRA_339504,Brasília,5300108,,Urbi,872.9,https://moovitapp.com/index/pt-br/transporte_p%C3%BAblico-line-872_9-Brasilia-1702-851595-372394-0,-1.0,-15.81956,-48.06543,5.28,,,1,2023-06-14T14:26:20+00:00
BRA_337650,Brasília,5300108,,Urbi,0.886,https://moovitapp.com/index/pt-br/transporte_p%C3%BAblico-line-0_886-Brasilia-1702-851595-704024-0,-1.0,-15.82926,-48.05858,4.17,,,2,2023-06-14T14:26:20+00:00
BRA_337536,Brasília,5300108,,Urbi,871.3,https://moovitapp.com/index/pt-br/transporte_p%C3%BAblico-line-871_3-Brasilia-1702-851595-588820-0,-1.0,-15.89852,-48.05452,0.0,,,1,2023-06-14T14:26:21+00:00
BRA_337234,Brasília,5300108,,Urbi,0.175,https://moovitapp.com/index/pt-br/transporte_p%C3%BAblico-line-0_175-Brasilia-1702-851595-242526-0,-1.0,-15.73468,-47.89781,1.39,,,1,2023-06-14T14:26:21+00:00
BRA_337307,Brasília,5300108,,Urbi,0.809,https://moovitapp.com/index/pt-br/transporte_p%C3%BAblico-line-0_809-Brasilia-1702-851595-516630-0,-1.0,-15.86525,-47.96349,14.72,,,2,2023-06-14T14:26:21+00:00
BRA_339181,Brasília,5300108,,Urbi,0.392,https://moovitapp.com/index/pt-br/transporte_p%C3%BAblico-line-0_392-Brasilia-1702-851595-334075-0,-1.0,-15.81436,-47.88753,3.89,,,1,2023-06-14T14:26:21+00:00
BRA_338516,Brasília,5300108,,Urbi,0.808,https://moovitapp.com/index/pt-br/transporte_p%C3%BAblico-line-0_808-Brasilia-1702-851595-372359-0,-1.0,-15.81684,-48.10328,0.0,,,2,2023-06-14T14:26:21+00:00
BRA_336718,Brasília,5300108,,Urbi,372.4,https://moovitapp.com/index/pt-br/transporte_p%C3%BAblico-line-372_4-Brasilia-1702-851595-650087-0,-1.0,-15.82361,-48.06399,8.33,,,1,2023-06-14T14:26:21+00:00
BRA_339253,Brasília,5300108,,Urbi,0.050,https://moovitapp.com/index/pt-br/transporte_p%C3%BAblico-line-0_050-Brasilia-1702-851595-781325-0,-1.0,-15.88382,-48.14967,6.67,,,2,2023-06-14T14:26:21+00:00
BRA_340596,Brasília,5300108,,Urbi,0.171,https://moovitapp.com/index/pt-br/transporte_p%C3%BAblico-line-0_171-Brasilia-1702-851595-242524-0,-1.0,-15.82161,-47.9187,3.06,,,1,2023-06-14T14:26:22+00:00
BRA_339750,Brasília,5300108,,Urbi,3403,https://moovitapp.com/index/pt-br/transporte_p%C3%BAblico-line-3403-Brasilia-1702-851595-98259418-0,-1.0,-15.94517,-48.23547,2.78,,,2,2023-06-14T14:26:22+00:00
BRA_338842,Brasília,5300108,,Urbi,0.810,https://moovitapp.com/index/pt-br/transporte_p%C3%BAblico-line-0_810-Brasilia-1702-851595-363856-0,-1.0,-15.87854,-48.05296,0.0,,,2,2023-06-14T14:26:22+00:00
BRA_335991,Brasília,5300108,,Urbi,393.7,https://moovitapp.com/index/pt-br/transporte_p%C3%BAblico-line-393_7-Brasilia-1702-851595-588818-0,-1.0,-15.8743,-48.0593,1.94,,,1,2023-06-14T14:26:22+00:00
BRA_333999,Brasília,5300108,,Urbi,0.053,https://moovitapp.com/index/pt-br/transporte_p%C3%BAblico-line-0_053-Brasilia-1702-851595-588803-0,-1.0,-15.83251,-48.05386,3.06,,,1,2023-06-14T14:26:22+00:00
BRA_335312,Brasília,5300108,,Urbi,380.2,https://moovitapp.com/index/pt-br/transporte_p%C3%BAblico-line-380_2-Brasilia-1702-851595-334086-0,-1.0,-15.83144,-48.04697,0.0,,,1,2023-06-14T14:26:22+00:00
BRA_337251,Brasília,5300108,,Urbi,0.809,https://moovitapp.com/index/pt-br/transporte_p%C3%BAblico-line-0_809-Brasilia-1702-851595-516630-0,-1.0,-15.79547,-47.88302,0.0,,,1,2023-06-14T14:26:22+00:00
BRA_336637,Brasília,5300108,,Urbi,0.881,https://moovitapp.com/index/pt-br/transporte_p%C3%BAblico-line-0_881-Brasilia-1702-851595-363857-0,-1.0,-15.8421,-48.04558,7.78,,,1,2023-06-14T14:26:22+00:00
BRA_337471,Brasília,5300108,,Urbi,0.811,https://moovitapp.com/index/pt-br/transporte_p%C3%BAblico-line-0_811-Brasilia-1702-851595-334078-0,-1.0,-15.77559,-47.88795,0.0,,,1,2023-06-14T14:26:23+00:00
BRA_337668,Brasília,5300108,,Urbi,871.3,https://moovitapp.com/index/pt-br/transporte_p%C3%BAblico-line-871_3-Brasilia-1702-851595-588820-0,-1.0,-15.87719,-47.99771,2.22,,,1,2023-06-14T14:26:23+00:00
BRA_339598,Brasília,5300108,,Urbi,807.8,https://moovitapp.com/index/pt-br/transporte_p%C3%BAblico-line-807_8-Brasilia-1702-851595-322408-0,-1.0,-15.90077,-48.04643,3.33,,,1,2023-06-14T14:26:23+00:00
BRA_338338,Brasília,5300108,,Urbi,0.087,https://moovitapp.com/index/pt-br/transporte_p%C3%BAblico-line-0_087-Brasilia-1702-851595-242519-0,-1.0,-15.88122,-48.01824,6.94,,,1,2023-06-14T14:26:23+00:00
BRA_338567,Brasília,5300108,,Urbi,0.172,https://moovitapp.com/index/pt-br/transporte_p%C3%BAblico-line-0_172-Brasilia-1702-851595-470756-0,-1.0,-15.88643,-48.02132,4.44,,,2,2023-06-14T14:26:23+00:00
BRA_339458,Brasília,5300108,,Urbi,807.6,https://moovitapp.com/index/pt-br/transporte_p%C3%BAblico-line-807_6-Brasilia-1702-851595-334092-0,-1.0,-15.91933,-48.05709,0.0,,,1,2023-06-14T14:26:24+00:00
BRA_337544,Brasília,5300108,,Urbi,0.087,https://moovitapp.com/index/pt-br/transporte_p%C3%BAblico-line-0_087-Brasilia-1702-851595-242519-0,-1.0,-15.94966,-48.03296,0.0,,,1,2023-06-14T14:26:24+00:00
BRA_337048,Brasília,5300108,,Urbi,0.087,https://moovitapp.com/index/pt-br/transporte_p%C3%BAblico-line-0_087-Brasilia-1702-851595-242519-0,-1.0,-15.88294,-48.01662,0.83,,,1,2023-06-14T14:26:24+00:00
BRA_337153,Brasília,5300108,,Urbi,0.087,https://moovitapp.com/index/pt-br/transporte_p%C3%BAblico-line-0_087-Brasilia-1702-851595-242519-0,-1.0,-15.79664,-47.93336,6.67,,,1,2023-06-14T14:26:24+00:00
BRA_336891,Brasília,5300108,,Urbi,0.812,https://moovitapp.com/index/pt-br/transporte_p%C3%BAblico-line-0_812-Brasilia-1702-851595-697958-0,-1.0,-15.80523,-48.13374,8.61,,,1,2023-06-14T14:26:25+00:00
BRA_337846,Brasília,5300108,,Urbi,0.809,https://moovitapp.com/index/pt-br/transporte_p%C3%BAblico-line-0_809-Brasilia-1702-851595-516630-0,-1.0,-15.89376,-48.09775,13.89,,,1,2023-06-14T14:26:25+00:00
BRA_441279,Brasília,5300108,,Marechal,157.6,https://moovitapp.com/index/pt-br/transporte_p%C3%BAblico-line-157_6-Brasilia-1702-851940-419627-0,-1.0,-15.83569,-47.952793,61.0,,,2,2023-06-14T14:26:13+00:00
BRA_444006,Brasília,5300108,,Marechal,363.1,https://moovitapp.com/index/pt-br/transporte_p%C3%BAblico-line-363_1-Brasilia-1702-851940-504344-0,-1.0,-15.82464,-48.11862,0.0,,,2,2023-06-14T14:26:13+00:00
BRA_440850,Brasília,5300108,,Marechal,355.1,https://moovitapp.com/index/pt-br/transporte_p%C3%BAblico-line-355_1-Brasilia-1702-851940-729097-0,-1.0,-15.869433,-48.037867,0.0,,,2,2023-06-14T14:26:13+00:00
BRA_444154,Brasília,5300108,,Marechal,933.3,https://moovitapp.com/index/pt-br/transporte_p%C3%BAblico-line-933_3-Brasilia-1702-851940-450287-0,-1.0,-15.848127,-48.115177,44.0,,,2,2023-06-14T14:26:13+00:00
BRA_444596,Brasília,5300108,,Marechal,0.554,https://moovitapp.com/index/pt-br/transporte_p%C3%BAblico-line-0_554-Brasilia-1702-851940-504340-0,-1.0,-15.839167,-48.128487,0.0,,,2,2023-06-14T14:26:13+00:00
BRA_444359,Brasília,5300108,,Marechal,0.205,https://moovitapp.com/index/pt-br/transporte_p%C3%BAblico-line-0_205-Brasilia-1702-851940-463646-0,-1.0,-15.869747,-48.037587,0.0,,,2,2023-06-14T14:26:13+00:00
BRA_445291,Brasília,5300108,,Marechal,0.378,https://moovitapp.com/index/pt-br/transporte_p%C3%BAblico-line-0_378-Brasilia-1702-851940-347150-0,-1.0,-15.77789,-47.88799,0.0,,,2,2023-06-14T14:26:14+00:00
BRA_442887,Brasília,5300108,,Marechal,304.1,https://moovitapp.com/index/pt-br/transporte_p%C3%BAblico-line-304_1-Brasilia-1702-851940-516636-0,-1.0,-15.83321,-48.055757,4.0,,,2,2023-06-14T14:26:13+00:00
BRA_441597,Brasília,5300108,,Marechal,304.1,https://moovitapp.com/index/pt-br/transporte_p%C3%BAblico-line-304_1-Brasilia-1702-851940-516636-0,-1.0,-15.811573,-48.064677,0.0,,,2,2023-06-14T14:26:13+00:00
BRA_441881,Brasília,5300108,,Marechal,383.3,https://moovitapp.com/index/pt-br/transporte_p%C3%BAblico-line-383_3-Brasilia-1702-851940-88144102-0,-1.0,-15.839003,-48.128717,0.0,,,2,2023-06-14T14:26:14+00:00
BRA_442453,Brasília,5300108,,Urbi,367.2,https://moovitapp.com/index/pt-br/transporte_p%C3%BAblico-line-367_2-Brasilia-1702-851595-454971-0,-1.0,-15.891747,-48.131977,67.0,,,2,2023-06-14T14:26:14+00:00
BRA_440272,Brasília,5300108,,Piracicabana,099.1,https://moovitapp.com/index/pt-br/transporte_p%C3%BAblico-line-099_1-Brasilia-1702-850942-775090-0,-1.0,-15.7959,-47.933317,14.0,,,2,2023-06-14T14:26:14+00:00
BRA_440680,Brasília,5300108,,Marechal,260.3,https://moovitapp.com/index/pt-br/transporte_p%C3%BAblico-line-260_3-Brasilia-1702-851940-393566-0,-1.0,-15.86977,-48.037197,0.0,,,2,2023-06-14T14:21:14+00:00
BRA_440353,Brasília,5300108,,Urbi,872.9,https://moovitapp.com/index/pt-br/transporte_p%C3%BAblico-line-872_9-Brasilia-1702-851595-372394-0,-1.0,-15.913463,-48.05104,11.0,,,2,2023-06-14T14:26:14+00:00
BRA_444707,Brasília,5300108,,Marechal,363.2,https://moovitapp.com/index/pt-br/transporte_p%C3%BAblico-line-363_2-Brasilia-1702-851940-725443-0,-1.0,-15.829113,-48.102843,22.0,,,2,2023-06-14T14:26:14+00:00
BRA_441031,Brasília,5300108,,Marechal,260.3,https://moovitapp.com/index/pt-br/transporte_p%C3%BAblico-line-260_3-Brasilia-1702-851940-393566-0,-1.0,-15.817503,-48.122067,6.0,,,2,2023-06-14T11:54:15+00:00
BRA_440507,Brasília,5300108,,Marechal,355.3,https://moovitapp.com/index/pt-br/transporte_p%C3%BAblico-line-355_3-Brasilia-1702-851940-504343-0,-1.0,-15.839773,-48.057233,15.0,,,2,2023-06-14T14:26:14+00:00
BRA_440582,Brasília,5300108,,Marechal,0.162,https://moovitapp.com/index/pt-br/transporte_p%C3%BAblico-line-0_162-Brasilia-1702-851940-766836-0,-1.0,-15.83316,-47.986807,47.0,,,2,2023-06-14T14:26:14+00:00
BRA_445185,Brasília,5300108,,Marechal,0.300,https://moovitapp.com/index/pt-br/transporte_p%C3%BAblico-line-0_300-Brasilia-1702-851940-419624-0,-1.0,-15.83194,-48.077317,4.0,,,2,2023-06-14T14:26:14+00:00
BRA_440841,Brasília,5300108,,Urbi,805.8,https://moovitapp.com/index/pt-br/transporte_p%C3%BAblico-line-805_8-Brasilia-1702-851595-454982-0,-1.0,-15.90388,-48.06498,29.0,,,2,2023-06-14T12:19:44+00:00
BRA_440418,Brasília,5300108,,Marechal,260.3,https://moovitapp.com/index/pt-br/transporte_p%C3%BAblico-line-260_3-Brasilia-1702-851940-393566-0,-1.0,-15.86768,-48.031923,0.0,,,2,2023-06-14T14:26:09+00:00
BRA_442127,Brasília,5300108,,Marechal,933.1,https://moovitapp.com/index/pt-br/transporte_p%C3%BAblico-line-933_1-Brasilia-1702-851940-358307-0,-1.0,-15.839837,-48.129537,0.0,,,2,2023-06-14T14:26:14+00:00
BRA_440981,Brasília,5300108,,Marechal,355.3,https://moovitapp.com/index/pt-br/transporte_p%C3%BAblico-line-355_3-Brasilia-1702-851940-504343-0,-1.0,-15.86675,-48.037777,0.0,,,2,2023-06-14T14:26:09+00:00
BRA_442496,Brasília,5300108,,Urbi,0.898,https://moovitapp.com/index/pt-br/transporte_p%C3%BAblico-line-0_898-Brasilia-1702-851595-322394-0,-1.0,-15.839057,-48.128667,0.0,,,2,2023-06-14T14:26:09+00:00
BRA_443395,Brasília,5300108,,Marechal,933.4,https://moovitapp.com/index/pt-br/transporte_p%C3%BAblico-line-933_4-Brasilia-1702-851940-656766-0,-1.0,-15.82176,-48.113337,12.0,,,2,2023-06-14T14:26:13+00:00
BRA_443671,Brasília,5300108,,Marechal,0.357,https://moovitapp.com/index/pt-br/transporte_p%C3%BAblico-line-0_357-Brasilia-1702-851940-775109-0,-1.0,-15.869563,-48.035663,27.0,,,2,2023-06-14T14:24:43+00:00
BRA_440604,Brasília,5300108,,Marechal,157.6,https://moovitapp.com/index/pt-br/transporte_p%C3%BAblico-line-157_6-Brasilia-1702-851940-419627-0,-1.0,-15.82034,-47.98671,0.0,,,2,2023-06-14T14:26:13+00:00
BRA_440931,Brasília,5300108,,Marechal,959.1,https://moovitapp.com/index/pt-br/transporte_p%C3%BAblico-line-959_1-Brasilia-1702-851940-789939-0,-1.0,-15.80424,-48.07095,0.0,,,2,2023-06-14T14:26:13+00:00
BRA_441163,Brasília,5300108,,Marechal,355.2,https://moovitapp.com/index/pt-br/transporte_p%C3%BAblico-line-355_2-Brasilia-1702-851940-510251-0,-1.0,-15.80312,-48.035053,12.0,,,2,2023-06-14T14:26:13+00:00
BRA_441848,Brasília,5300108,,Marechal,0.339,https://moovitapp.com/index/pt-br/transporte_p%C3%BAblico-line-0_339-Brasilia-1702-851940-419625-0,-1.0,-15.843223,-48.11348,10.0,,,2,2023-06-14T14:26:13+00:00
BRA_444251,Brasília,5300108,,Marechal,933.2,https://moovitapp.com/index/pt-br/transporte_p%C3%BAblico-line-933_2-Brasilia-1702-851940-717428-0,-1.0,-15.83908,-48.12905,0.0,,,2,2023-06-14T14:26:08+00:00
BRA_442062,Brasília,5300108,,Urbi,0.056,https://moovitapp.com/index/pt-br/transporte_p%C3%BAblico-line-0_056-Brasilia-1702-851595-588804-0,-1.0,-15.815413,-48.10111,0.0,,,2,2023-06-14T14:26:13+00:00
BRA_444171,Brasília,5300108,,Marechal,0.043,https://moovitapp.com/index/pt-br/transporte_p%C3%BAblico-line-0_043-Brasilia-1702-851940-781330-0,-1.0,-15.840623,-48.127133,0.0,,,2,2023-06-14T14:26:08+00:00
BRA_444197,Brasília,5300108,,Marechal,933.2,https://moovitapp.com/index/pt-br/transporte_p%C3%BAblico-line-933_2-Brasilia-1702-851940-717428-0,-1.0,-15.853843,-48.127433,31.0,,,2,2023-06-14T14:26:13+00:00
BRA_443166,Brasília,5300108,,Marechal,933.6,https://moovitapp.com/index/pt-br/transporte_p%C3%BAblico-line-933_6-Brasilia-1702-851940-3494672-0,-1.0,-15.84092,-48.120683,2.0,,,2,2023-06-14T14:18:00+00:00
BRA_443191,Brasília,5300108,,Marechal,933.1,https://moovitapp.com/index/pt-br/transporte_p%C3%BAblico-line-933_1-Brasilia-1702-851940-358307-0,-1.0,-15.843687,-48.123993,0.0,,,2,2023-06-14T14:26:13+00:00
BRA_443174,Brasília,5300108,,Marechal,933.4,https://moovitapp.com/index/pt-br/transporte_p%C3%BAblico-line-933_4-Brasilia-1702-851940-656766-0,-1.0,-15.838757,-48.127797,21.0,,,2,2023-06-14T14:26:13+00:00
BRA_441147,Brasília,5300108,,Marechal,0.205,https://moovitapp.com/index/pt-br/transporte_p%C3%BAblico-line-0_205-Brasilia-1702-851940-463646-0,-1.0,-15.806437,-48.077923,0.0,,,2,2023-06-14T14:26:13+00:00
BRA_441040,Brasília,5300108,,Marechal,355.2,https://moovitapp.com/index/pt-br/transporte_p%C3%BAblico-line-355_2-Brasilia-1702-851940-510251-0,-1.0,-15.79758,-48.042633,0.0,,,2,2023-06-14T14:26:13+00:00
BRA_441503,Brasília,5300108,,Urbi,0.050,https://moovitapp.com/index/pt-br/transporte_p%C3%BAblico-line-0_050-Brasilia-1702-851595-781325-0,-1.0,-15.81789,-48.066017,39.0,,,2,2023-06-14T14:26:13+00:00
BRA_443271,Brasília,5300108,,Marechal,363.2,https://moovitapp.com/index/pt-br/transporte_p%C3%BAblico-line-363_2-Brasilia-1702-851940-725443-0,-1.0,-15.805127,-48.07042,21.0,,,2,2023-06-14T14:26:13+00:00
BRA_443140,Brasília,5300108,,Marechal,932.2,https://moovitapp.com/index/pt-br/transporte_p%C3%BAblico-line-932_2-Brasilia-1702-851940-3494666-0,-1.0,-15.821477,-47.935947,58.0,,,2,2023-06-14T14:26:13+00:00
BRA_444405,Brasília,5300108,,Marechal,0.162,https://moovitapp.com/index/pt-br/transporte_p%C3%BAblico-line-0_162-Brasilia-1702-851940-766836-0,-1.0,-15.793987,-47.883093,0.0,,,2,2023-06-14T14:26:08+00:00
BRA_441911,Brasília,5300108,,Marechal,0.089,https://moovitapp.com/index/pt-br/transporte_p%C3%BAblico-line-0_089-Brasilia-1702-851940-706977-0,-1.0,-15.842,-47.966243,41.0,,,2,2023-06-14T14:26:13+00:00
BRA_442429,Brasília,5300108,,Marechal,933.1,https://moovitapp.com/index/pt-br/transporte_p%C3%BAblico-line-933_1-Brasilia-1702-851940-358307-0,-1.0,-15.839343,-48.108083,2.0,,,2,2023-06-14T14:26:13+00:00
BRA_441724,Brasília,5300108,,Urbi,367.2,https://moovitapp.com/index/pt-br/transporte_p%C3%BAblico-line-367_2-Brasilia-1702-851595-454971-0,-1.0,-15.8391,-48.128603,0.0,,,2,2023-06-14T14:26:13+00:00
BRA_440574,Brasília,5300108,,Marechal,0.090,https://moovitapp.com/index/pt-br/transporte_p%C3%BAblico-line-0_090-Brasilia-1702-851940-242702-0,-1.0,-15.840223,-47.965947,0.0,,,2,2023-06-14T14:26:08+00:00
BRA_440523,Brasília,5300108,,Marechal,0.205,https://moovitapp.com/index/pt-br/transporte_p%C3%BAblico-line-0_205-Brasilia-1702-851940-463646-0,-1.0,-15.92852,-48.045433,15.0,,,2,2023-06-14T14:26:13+00:00
BRA_444332,Brasília,5300108,,Marechal,0.205,https://moovitapp.com/index/pt-br/transporte_p%C3%BAblico-line-0_205-Brasilia-1702-851940-463646-0,-1.0,-15.841683,-48.04627,0.0,,,2,2023-06-14T14:26:13+00:00
BRA_440434,Brasília,5300108,,Marechal,0.351,https://moovitapp.com/index/pt-br/transporte_p%C3%BAblico-line-0_351-Brasilia-1702-851940-510246-0,-1.0,-15.835903,-48.088743,1.0,,,2,2023-06-14T14:26:13+00:00
BRA_440108,Brasília,5300108,,Marechal,0.153,https://moovitapp.com/index/pt-br/transporte_p%C3%BAblico-line-0_153-Brasilia-1702-851940-766835-0,-1.0,-15.84093,-47.965653,0.0,,,2,2023-06-14T14:26:08+00:00
BRA_440205,Brasília,5300108,,Urbi,805.2,https://moovitapp.com/index/pt-br/transporte_p%C3%BAblico-line-805_2-Brasilia-1702-851595-454981-0,-1.0,-15.867927,-48.031803,0.0,,,2,2023-06-14T14:26:13+00:00
BRA_442437,Brasília,5300108,,Marechal,933.4,https://moovitapp.com/index/pt-br/transporte_p%C3%BAblico-line-933_4-Brasilia-1702-851940-656766-0,-1.0,-15.81638,-48.10231,8.0,,,2,2023-06-14T14:26:13+00:00
BRA_440451,Brasília,5300108,,Marechal,156.8,https://moovitapp.com/index/pt-br/transporte_p%C3%BAblico-line-156_8-Brasilia-1702-851940-312445-0,-1.0,-15.809407,-47.972937,58.0,,,2,2023-06-14T14:26:13+00:00
BRA_440671,Brasília,5300108,,Marechal,355.2,https://moovitapp.com/index/pt-br/transporte_p%C3%BAblico-line-355_2-Brasilia-1702-851940-510251-0,-1.0,-15.867817,-48.031863,0.0,,,2,2023-06-14T14:26:13+00:00
BRA_444944,Brasília,5300108,,Urbi,0.347,https://moovitapp.com/index/pt-br/transporte_p%C3%BAblico-line-0_347-Brasilia-1702-851595-347128-0,-1.0,-15.876027,-47.97432,0.0,,,2,2023-06-14T14:26:08+00:00
BRA_445134,Brasília,5300108,,Marechal,0.305,https://moovitapp.com/index/pt-br/transporte_p%C3%BAblico-line-0_305-Brasilia-1702-851940-775108-0,-1.0,-15.86444,-48.036667,28.0,,,2,2023-06-14T14:26:13+00:00
BRA_440019,Brasília,5300108,,Marechal,162.2,https://moovitapp.com/index/pt-br/transporte_p%C3%BAblico-line-162_2-Brasilia-1702-851940-312446-0,-1.0,-15.840517,-47.965473,0.0,,,2,2023-06-14T14:26:08+00:00
BRA_441201,Brasília,5300108,,Marechal,0.234,https://moovitapp.com/index/pt-br/transporte_p%C3%BAblico-line-0_234-Brasilia-1702-851940-419623-0,-1.0,-15.86064,-48.036117,59.0,,,2,2023-06-14T14:26:13+00:00
BRA_443701,Brasília,5300108,,Marechal,351.3,https://moovitapp.com/index/pt-br/transporte_p%C3%BAblico-line-351_3-Brasilia-1702-851940-510249-0,-1.0,-15.865133,-48.038083,12.0,,,2,2023-06-14T14:26:13+00:00
BRA_441431,Brasília,5300108,,Marechal,0.043,https://moovitapp.com/index/pt-br/transporte_p%C3%BAblico-line-0_043-Brasilia-1702-851940-781330-0,-1.0,-15.83912,-48.129017,0.0,,,2,2023-06-14T14:26:13+00:00
BRA_442399,Brasília,5300108,,Marechal,0.361,https://moovitapp.com/index/pt-br/transporte_p%C3%BAblico-line-0_361-Brasilia-1702-851940-376158-0,-1.0,-15.841033,-48.126937,0.0,,,2,2023-06-14T14:24:16+00:00
BRA_440728,Brasília,5300108,,Marechal,355.2,https://moovitapp.com/index/pt-br/transporte_p%C3%BAblico-line-355_2-Brasilia-1702-851940-510251-0,-1.0,-15.736243,-47.90722,0.0,,,2,2023-06-14T14:26:13+00:00
BRA_440337,Brasília,5300108,,Marechal,156.1,https://moovitapp.com/index/pt-br/transporte_p%C3%BAblico-line-156_1-Brasilia-1702-851940-242750-0,-1.0,-15.822333,-47.9811,29.0,,,2,2023-06-14T14:26:13+00:00
BRA_440183,Brasília,5300108,,Urbi,805.9,https://moovitapp.com/index/pt-br/transporte_p%C3%BAblico-line-805_9-Brasilia-1702-851595-454983-0,-1.0,-15.805287,-48.06685,0.0,,,2,2023-06-14T14:26:13+00:00
BRA_440361,Brasília,5300108,,Urbi,805.8,https://moovitapp.com/index/pt-br/transporte_p%C3%BAblico-line-805_8-Brasilia-1702-851595-454982-0,-1.0,-15.83823,-48.058597,4.0,,,2,2023-06-14T14:26:13+00:00
BRA_445258,Brasília,5300108,,Marechal,337.1,https://moovitapp.com/index/pt-br/transporte_p%C3%BAblico-line-337_1-Brasilia-1702-851940-347165-0,-1.0,-15.798237,-47.892033,0.0,,,2,2023-06-14T14:26:13+00:00
BRA_441481,Brasília,5300108,,Urbi,372.5,https://moovitapp.com/index/pt-br/transporte_p%C3%BAblico-line-372_5-Brasilia-1702-851595-519391-0,-1.0,-15.807077,-48.079953,44.0,,,2,2023-06-14T14:26:13+00:00
BRA_442054,Brasília,5300108,,Marechal,932.2,https://moovitapp.com/index/pt-br/transporte_p%C3%BAblico-line-932_2-Brasilia-1702-851940-3494666-0,-1.0,-15.79406,-47.883117,0.0,,,2,2023-06-14T14:26:13+00:00
BRA_445274,Brasília,5300108,,Marechal,0.383,https://moovitapp.com/index/pt-br/transporte_p%C3%BAblico-line-0_383-Brasilia-1702-851940-347151-0,-1.0,-15.79407,-47.88302,0.0,,,2,2023-06-14T14:26:13+00:00
BRA_445371,Brasília,5300108,,Marechal,337.1,https://moovitapp.com/index/pt-br/transporte_p%C3%BAblico-line-337_1-Brasilia-1702-851940-347165-0,-1.0,-15.832903,-48.050527,36.0,,,2,2023-06-14T14:26:13+00:00
BRA_441465,Brasília,5300108,,Marechal,0.363,https://moovitapp.com/index/pt-br/transporte_p%C3%BAblico-line-0_363-Brasilia-1702-851940-504339-0,-1.0,-15.83966,-48.12886,0.0,,,2,2023-06-14T14:26:08+00:00
BRA_440043,Brasília,5300108,,Urbi,872.9,https://moovitapp.com/index/pt-br/transporte_p%C3%BAblico-line-872_9-Brasilia-1702-851595-372394-0,-1.0,-15.853147,-48.045667,5.0,,,2,2023-06-14T14:26:13+00:00
BRA_444278,Brasília,5300108,,Urbi,056.2,https://moovitapp.com/index/pt-br/transporte_p%C3%BAblico-line-056_2-Brasilia-1702-851595-492982-0,-1.0,-15.851367,-48.072577,20.0,,,2,2023-06-14T14:26:13+00:00
BRA_445380,Brasília,5300108,,Marechal,0.378,https://moovitapp.com/index/pt-br/transporte_p%C3%BAblico-line-0_378-Brasilia-1702-851940-347150-0,-1.0,-15.83885,-48.122237,5.0,,,2,2023-06-14T14:26:13+00:00
BRA_442411,Brasília,5300108,,Urbi,372.4,https://moovitapp.com/index/pt-br/transporte_p%C3%BAblico-line-372_4-Brasilia-1702-851595-650087-0,-1.0,-15.876617,-48.1134,46.0,,,2,2023-06-14T14:26:13+00:00
BRA_440345,Brasília,5300108,,Marechal,260.3,https://moovitapp.com/index/pt-br/transporte_p%C3%BAblico-line-260_3-Brasilia-1702-851940-393566-0,-1.0,-16.010933,-48.009667,54.0,,,2,2023-06-14T14:26:13+00:00
BRA_442712,Brasília,5300108,,Marechal,383.3,https://moovitapp.com/index/pt-br/transporte_p%C3%BAblico-line-383_3-Brasilia-1702-851940-88144102-0,-1.0,-15.806457,-48.079,22.0,,,2,2023-06-14T14:26:13+00:00
BRA_440035,Brasília,5300108,,Marechal,355.2,https://moovitapp.com/index/pt-br/transporte_p%C3%BAblico-line-355_2-Brasilia-1702-851940-510251-0,-1.0,-15.833313,-48.057227,0.0,,,2,2023-06-14T14:26:13+00:00
BRA_442241,Brasília,5300108,,Urbi,0.054,https://moovitapp.com/index/pt-br/transporte_p%C3%BAblico-line-0_054-Brasilia-1702-851595-454960-0,-1.0,-15.902457,-48.129143,0.0,,,2,2023-06-14T14:26:13+00:00
BRA_445398,Brasília,5300108,,Marechal,0.300,https://moovitapp.com/index/pt-br/transporte_p%C3%BAblico-line-0_300-Brasilia-1702-851940-419624-0,-1.0,-15.80638,-47.89054,44.0,,,2,2023-06-14T14:26:13+00:00
BRA_440906,Brasília,5300108,,Marechal,0.205,https://moovitapp.com/index/pt-br/transporte_p%C3%BAblico-line-0_205-Brasilia-1702-851940-463646-0,-1.0,-15.831093,-48.05047,43.0,,,2,2023-06-14T14:26:13+00:00
BRA_441392,Brasília,5300108,,Urbi,367.2,https://moovitapp.com/index/pt-br/transporte_p%C3%BAblico-line-367_2-Brasilia-1702-851595-454971-0,-1.0,-15.892047,-48.146843,0.0,,,2,2023-06-14T14:26:13+00:00
BRA_440426,Brasília,5300108,,Marechal,0.205,https://moovitapp.com/index/pt-br/transporte_p%C3%BAblico-line-0_205-Brasilia-1702-851940-463646-0,-1.0,-15.80203,-48.099367,20.0,,,2,2023-06-14T14:26:13+00:00
BRA_444341,Brasília,5300108,,Marechal,156.1,https://moovitapp.com/index/pt-br/transporte_p%C3%BAblico-line-156_1-Brasilia-1702-851940-242750-0,-1.0,-15.795153,-47.89083,0.0,,,2,2023-06-14T14:26:13+00:00
BRA_441856,Brasília,5300108,,Urbi,0.056,https://moovitapp.com/index/pt-br/transporte_p%C3%BAblico-line-0_056-Brasilia-1702-851595-588804-0,-1.0,-15.888503,-48.095707,5.0,,,2,2023-06-14T14:26:13+00:00
BRA_442003,Brasília,5300108,,Marechal,933.5,https://moovitapp.com/index/pt-br/transporte_p%C3%BAblico-line-933_5-Brasilia-1702-851940-766837-0,-1.0,-15.8407,-48.126797,0.0,,,2,2023-06-14T14:26:13+00:00
BRA_440795,Brasília,5300108,,Marechal,154.2,https://moovitapp.com/index/pt-br/transporte_p%C3%BAblico-line-154_2-Brasilia-1702-851940-527234-0,-1.0,-15.845923,-47.968213,20.0,,,2,2023-06-14T14:26:13+00:00
BRA_443557,Brasília,5300108,,Marechal,0.959,https://moovitapp.com/index/pt-br/transporte_p%C3%BAblico-line-0_959-Brasilia-1702-851940-546208-0,-1.0,-15.863837,-48.03441,31.0,,,2,2023-06-14T14:26:13+00:00
BRA_441511,Brasília,5300108,,Marechal,932.2,https://moovitapp.com/index/pt-br/transporte_p%C3%BAblico-line-932_2-Brasilia-1702-851940-3494666-0,-1.0,-15.839517,-48.12855,0.0,,,2,2023-06-14T14:26:08+00:00
BRA_442623,Brasília,5300108,,Marechal,363.1,https://moovitapp.com/index/pt-br/transporte_p%C3%BAblico-line-363_1-Brasilia-1702-851940-504344-0,-1.0,-15.806563,-48.079343,13.0,,,2,2023-06-14T14:26:13+00:00
BRA_444715,Brasília,5300108,,Marechal,0.089,https://moovitapp.com/index/pt-br/transporte_p%C3%BAblico-line-0_089-Brasilia-1702-851940-706977-0,-1.0,-15.838847,-48.128837,0.0,,,2,2023-06-14T14:26:13+00:00
BRA_443042,Brasília,5300108,,Marechal,0.554,https://moovitapp.com/index/pt-br/transporte_p%C3%BAblico-line-0_554-Brasilia-1702-851940-504340-0,-1.0,-15.83451,-48.059873,0.0,,,2,2023-06-14T14:26:13+00:00
BRA_444723,Brasília,5300108,,São José,359.2,https://moovitapp.com/index/pt-br/transporte_p%C3%BAblico-line-359_2-Brasilia-1702-851943-2068453-0,-1.0,-15.808327,-48.156977,0.0,,,2,2023-06-14T14:26:08+00:00
BRA_445223,Brasília,5300108,,Marechal,0.301,https://moovitapp.com/index/pt-br/transporte_p%C3%BAblico-line-0_301-Brasilia-1702-851940-339319-0,-1.0,-15.836577,-48.06623,50.0,,,2,2023-06-14T14:26:13+00:00
BRA_443051,Brasília,5300108,,Marechal,0.554,https://moovitapp.com/index/pt-br/transporte_p%C3%BAblico-line-0_554-Brasilia-1702-851940-504340-0,-1.0,-15.834543,-48.126497,18.0,,,2,2023-06-14T14:26:13+00:00
BRA_442801,Brasília,5300108,,Marechal,0.383,https://moovitapp.com/index/pt-br/transporte_p%C3%BAblico-line-0_383-Brasilia-1702-851940-347151-0,-1.0,-15.78505,-47.907557,34.0,,,2,2023-06-14T14:26:13+00:00
BRA_445126,Brasília,5300108,,Marechal,0.305,https://moovitapp.com/index/pt-br/transporte_p%C3%BAblico-line-0_305-Brasilia-1702-851940-775108-0,-1.0,-15.810673,-47.943333,0.0,,,2,2023-06-14T14:26:13+00:00
BRA_442747,Brasília,5300108,,Marechal,933.2,https://moovitapp.com/index/pt-br/transporte_p%C3%BAblico-line-933_2-Brasilia-1702-851940-717428-0,-1.0,-15.8168,-48.10308,0.0,,,2,2023-06-14T14:26:13+00:00
BRA_442615,Brasília,5300108,,Urbi,0.367,https://moovitapp.com/index/pt-br/transporte_p%C3%BAblico-line-0_367-Brasilia-1702-851595-519380-0,-1.0,-15.892347,-48.139177,47.0,,,2,2023-06-14T14:26:13+00:00
BRA_441660,Brasília,5300108,,Urbi,0.399,https://moovitapp.com/index/pt-br/transporte_p%C3%BAblico-line-0_399-Brasilia-1702-851595-454964-0,-1.0,-15.887863,-48.107747,61.0,,,2,2023-06-14T14:26:13+00:00
BRA_443123,Brasília,5300108,,Marechal,361.1,https://moovitapp.com/index/pt-br/transporte_p%C3%BAblico-line-361_1-Brasilia-1702-851940-363861-0,-1.0,-15.832713,-48.05439,1.0,,,2,2023-06-14T14:26:13+00:00
BRA_440591,Brasília,5300108,,Piracicabana,099.1,https://moovitapp.com/index/pt-br/transporte_p%C3%BAblico-line-099_1-Brasilia-1702-850942-775090-0,-1.0,-15.79483,-47.933937,0.0,,,2,2023-06-14T14:26:09+00:00
BRA_440922,Brasília,5300108,,Marechal,156.8,https://moovitapp.com/index/pt-br/transporte_p%C3%BAblico-line-156_8-Brasilia-1702-851940-312445-0,-1.0,-15.789213,-47.910773,62.0,,,2,2023-06-14T14:26:14+00:00
BRA_440957,Brasília,5300108,,Marechal,355.3,https://moovitapp.com/index/pt-br/transporte_p%C3%BAblico-line-355_3-Brasilia-1702-851940-504343-0,-1.0,-15.866957,-48.037917,0.0,,,2,2023-06-14T14:26:14+00:00
BRA_444219,Brasília,5300108,,Marechal,933.2,https://moovitapp.com/index/pt-br/transporte_p%C3%BAblico-line-933_2-Brasilia-1702-851940-717428-0,-1.0,-15.835607,-48.060517,6.0,,,2,2023-06-14T14:26:09+00:00
BRA_440400,Brasília,5300108,,Marechal,156.7,https://moovitapp.com/index/pt-br/transporte_p%C3%BAblico-line-156_7-Brasilia-1702-851940-312444-0,-1.0,-15.736027,-47.90739,0.0,,,2,2023-06-14T14:26:09+00:00
BRA_444031,Brasília,5300108,,Urbi,393.7,https://moovitapp.com/index/pt-br/transporte_p%C3%BAblico-line-393_7-Brasilia-1702-851595-588818-0,-1.0,-15.890643,-48.112863,52.0,,,2,2023-06-14T14:26:14+00:00
BRA_443891,Brasília,5300108,,Marechal,0.357,https://moovitapp.com/index/pt-br/transporte_p%C3%BAblico-line-0_357-Brasilia-1702-851940-775109-0,-1.0,-15.866843,-48.037527,0.0,,,2,2023-06-14T14:26:14+00:00
BRA_440639,Brasília,5300108,,Marechal,355.2,https://moovitapp.com/index/pt-br/transporte_p%C3%BAblico-line-355_2-Brasilia-1702-851940-510251-0,-1.0,-15.83224,-48.05613,30.0,,,2,2023-06-14T14:26:14+00:00
BRA_440752,Brasília,5300108,,Marechal,0.162,https://moovitapp.com/index/pt-br/transporte_p%C3%BAblico-line-0_162-Brasilia-1702-851940-766836-0,-1.0,-15.793937,-47.88319,0.0,,,2,2023-06-14T14:26:09+00:00
BRA_440868,Brasília,5300108,,Marechal,0.376,https://moovitapp.com/index/pt-br/transporte_p%C3%BAblico-line-0_376-Brasilia-1702-851940-242726-0,-1.0,-15.8296,-48.058483,0.0,,,2,2023-06-14T13:28:50+00:00
BRA_441708,Brasília,5300108,,Urbi,0.050,https://moovitapp.com/index/pt-br/transporte_p%C3%BAblico-line-0_050-Brasilia-1702-851595-781325-0,-1.0,-15.884057,-48.14998,0.0,,,2,2023-06-14T14:26:14+00:00
BRA_440299,Brasília,5300108,,São José,0.092,https://moovitapp.com/index/pt-br/transporte_p%C3%BAblico-line-0_092-Brasilia-1702-851943-496589-0,-1.0,-15.820497,-47.98629,0.0,,,2,2023-06-14T14:26:14+00:00
BRA_445193,Brasília,5300108,,Marechal,0.300,https://moovitapp.com/index/pt-br/transporte_p%C3%BAblico-line-0_300-Brasilia-1702-851940-419624-0,-1.0,-15.839063,-48.129083,0.0,,,2,2023-06-14T14:26:13+00:00
BRA_441007,Brasília,5300108,,Marechal,0.234,https://moovitapp.com/index/pt-br/transporte_p%C3%BAblico-line-0_234-Brasilia-1702-851940-419623-0,-1.0,-15.985797,-48.042353,66.0,,,2,2023-06-14T14:26:08+00:00
BRA_440078,Brasília,5300108,,Marechal,156.1,https://moovitapp.com/index/pt-br/transporte_p%C3%BAblico-line-156_1-Brasilia-1702-851940-242750-0,-1.0,-15.840337,-47.965773,0.0,,,2,2023-06-14T14:26:13+00:00
BRA_442984,Brasília,5300108,,Urbi,0.050,https://moovitapp.com/index/pt-br/transporte_p%C3%BAblico-line-0_050-Brasilia-1702-851595-781325-0,-1.0,-15.88145,-48.124727,29.0,,,2,2023-06-14T14:26:13+00:00
BRA_443085,Brasília,5300108,,Marechal,361.1,https://moovitapp.com/index/pt-br/transporte_p%C3%BAblico-line-361_1-Brasilia-1702-851940-363861-0,-1.0,-15.846483,-48.04332,16.0,,,2,2023-06-14T14:26:13+00:00
BRA_442674,Brasília,5300108,,Marechal,0.089,https://moovitapp.com/index/pt-br/transporte_p%C3%BAblico-line-0_089-Brasilia-1702-851940-706977-0,-1.0,-15.840807,-48.12671,0.0,,,2,2023-06-14T14:26:13+00:00
BRA_442666,Brasília,5300108,,Marechal,363.1,https://moovitapp.com/index/pt-br/transporte_p%C3%BAblico-line-363_1-Brasilia-1702-851940-504344-0,-1.0,-15.85517,-48.11983,8.0,,,2,2023-06-14T14:26:13+00:00
BRA_440086,Brasília,5300108,,São José,0.092,https://moovitapp.com/index/pt-br/transporte_p%C3%BAblico-line-0_092-Brasilia-1702-851943-496589-0,-1.0,-15.85811,-48.037127,50.0,,,2,2023-06-14T14:26:13+00:00
BRA_444740,Brasília,5300108,,Marechal,0.089,https://moovitapp.com/index/pt-br/transporte_p%C3%BAblico-line-0_089-Brasilia-1702-851940-706977-0,-1.0,-15.845627,-47.967297,39.0,,,2,2023-06-14T14:26:13+00:00
BRA_442879,Brasília,5300108,,Marechal,933.4,https://moovitapp.com/index/pt-br/transporte_p%C3%BAblico-line-933_4-Brasilia-1702-851940-656766-0,-1.0,-15.836527,-48.1292,22.0,,,2,2023-06-14T14:26:13+00:00
BRA_443417,Brasília,5300108,,Marechal,933.1,https://moovitapp.com/index/pt-br/transporte_p%C3%BAblico-line-933_1-Brasilia-1702-851940-358307-0,-1.0,-15.825437,-48.119613,22.0,,,2,2023-06-14T14:26:13+00:00
BRA_441384,Brasília,5300108,,Urbi,056.2,https://moovitapp.com/index/pt-br/transporte_p%C3%BAblico-line-056_2-Brasilia-1702-851595-492982-0,-1.0,-15.85518,-48.11985,14.0,,,2,2023-06-14T14:26:13+00:00
BRA_443310,Brasília,5300108,,Marechal,336.1,https://moovitapp.com/index/pt-br/transporte_p%C3%BAblico-line-336_1-Brasilia-1702-851940-347163-0,-1.0,-15.839013,-48.12855,0.0,,,2,2023-06-14T14:26:13+00:00
BRA_441104,Brasília,5300108,,Urbi,038.1,https://moovitapp.com/index/pt-br/transporte_p%C3%BAblico-line-038_1-Brasilia-1702-851595-781327-0,-1.0,-15.833397,-48.056447,5.0,,,2,2023-06-14T14:26:13+00:00
BRA_441180,Brasília,5300108,,Marechal,260.3,https://moovitapp.com/index/pt-br/transporte_p%C3%BAblico-line-260_3-Brasilia-1702-851940-393566-0,-1.0,-16.00242,-47.98386,44.0,,,2,2023-06-14T14:26:13+00:00
BRA_443506,Brasília,5300108,,Marechal,933.1,https://moovitapp.com/index/pt-br/transporte_p%C3%BAblico-line-933_1-Brasilia-1702-851940-358307-0,-1.0,-15.84111,-48.126857,0.0,,,2,2023-06-14T14:26:08+00:00
BRA_441198,Brasília,5300108,,Marechal,0.090,https://moovitapp.com/index/pt-br/transporte_p%C3%BAblico-line-0_090-Brasilia-1702-851940-242702-0,-1.0,-15.815787,-47.979693,40.0,,,2,2023-06-14T14:26:13+00:00
BRA_443425,Brasília,5300108,,Marechal,383.3,https://moovitapp.com/index/pt-br/transporte_p%C3%BAblico-line-383_3-Brasilia-1702-851940-88144102-0,-1.0,-15.827807,-48.122823,37.0,,,2,2023-06-14T14:26:13+00:00
BRA_441261,Brasília,5300108,,Marechal,351.3,https://moovitapp.com/index/pt-br/transporte_p%C3%BAblico-line-351_3-Brasilia-1702-851940-510249-0,-1.0,-15.867227,-48.03729,0.0,,,2,2023-06-14T14:26:08+00:00
BRA_442640,Brasília,5300108,,Marechal,363.1,https://moovitapp.com/index/pt-br/transporte_p%C3%BAblico-line-363_1-Brasilia-1702-851940-504344-0,-1.0,-15.80602,-48.07666,31.0,,,2,2023-06-14T14:26:13+00:00
BRA_440612,Brasília,5300108,,Marechal,0.205,https://moovitapp.com/index/pt-br/transporte_p%C3%BAblico-line-0_205-Brasilia-1702-851940-463646-0,-1.0,-15.87047,-48.038027,0.0,,,2,2023-06-14T14:26:08+00:00
BRA_440191,Brasília,5300108,,Marechal,154.2,https://moovitapp.com/index/pt-br/transporte_p%C3%BAblico-line-154_2-Brasilia-1702-851940-527234-0,-1.0,-15.820553,-47.98644,0.0,,,2,2023-06-14T14:26:08+00:00
BRA_444316,Brasília,5300108,,Marechal,933.2,https://moovitapp.com/index/pt-br/transporte_p%C3%BAblico-line-933_2-Brasilia-1702-851940-717428-0,-1.0,-15.840663,-48.12668,30.0,,,2,2023-06-14T14:26:13+00:00
BRA_444120,Brasília,5300108,,Marechal,933.2,https://moovitapp.com/index/pt-br/transporte_p%C3%BAblico-line-933_2-Brasilia-1702-851940-717428-0,-1.0,-15.822483,-48.114607,32.0,,,2,2023-06-14T14:26:13+00:00
BRA_440809,Brasília,5300108,,São José,0.092,https://moovitapp.com/index/pt-br/transporte_p%C3%BAblico-line-0_092-Brasilia-1702-851943-496589-0,-1.0,-15.833397,-48.05592,5.0,,,2,2023-06-14T14:26:13+00:00
BRA_443930,Brasília,5300108,,Marechal,0.363,https://moovitapp.com/index/pt-br/transporte_p%C3%BAblico-line-0_363-Brasilia-1702-851940-504339-0,-1.0,-15.832667,-48.054257,1.0,,,2,2023-06-14T14:26:13+00:00
BRA_440663,Brasília,5300108,,Marechal,206.1,https://moovitapp.com/index/pt-br/transporte_p%C3%BAblico-line-206_1-Brasilia-1702-851940-137149861-0,-1.0,-16.0204,-48.067117,0.0,,,2,2023-06-14T14:26:13+00:00
BRA_440825,Brasília,5300108,,Marechal,0.205,https://moovitapp.com/index/pt-br/transporte_p%C3%BAblico-line-0_205-Brasilia-1702-851940-463646-0,-1.0,-16.020047,-48.066833,0.0,,,2,2023-06-14T14:26:14+00:00
BRA_440761,Brasília,5300108,,São José,157.8,https://moovitapp.com/index/pt-br/transporte_p%C3%BAblico-line-157_8-Brasilia-1702-851943-759503-0,-1.0,-15.840413,-47.965997,0.0,,,2,2023-06-14T14:19:27+00:00
BRA_442356,Brasília,5300108,,Urbi,056.4,https://moovitapp.com/index/pt-br/transporte_p%C3%BAblico-line-056_4-Brasilia-1702-851595-519387-0,-1.0,-15.835623,-48.118283,40.0,,,2,2023-06-14T14:26:14+00:00
BRA_444022,Brasília,5300108,,Marechal,933.6,https://moovitapp.com/index/pt-br/transporte_p%C3%BAblico-line-933_6-Brasilia-1702-851940-3494672-0,-1.0,-15.82054,-48.061567,55.0,,,2,2023-06-14T14:26:14+00:00
BRA_444090,Brasília,5300108,,Marechal,933.5,https://moovitapp.com/index/pt-br/transporte_p%C3%BAblico-line-933_5-Brasilia-1702-851940-766837-0,-1.0,-15.805943,-48.066613,32.0,,,2,2023-06-14T14:26:14+00:00
BRA_443956,Brasília,5300108,,Marechal,933.6,https://moovitapp.com/index/pt-br/transporte_p%C3%BAblico-line-933_6-Brasilia-1702-851940-3494672-0,-1.0,-15.84224,-48.114457,49.0,,,2,2023-06-14T14:26:14+00:00
BRA_445312,Brasília,5300108,,Marechal,0.378,https://moovitapp.com/index/pt-br/transporte_p%C3%BAblico-line-0_378-Brasilia-1702-851940-347150-0,-1.0,-15.82449,-48.025937,48.0,,,2,2023-06-14T14:26:13+00:00
BRA_445177,Brasília,5300108,,Marechal,0.378,https://moovitapp.com/index/pt-br/transporte_p%C3%BAblico-line-0_378-Brasilia-1702-851940-347150-0,-1.0,-15.736007,-47.90706,0.0,,,2,2023-06-14T14:26:08+00:00
BRA_442194,Brasília,5300108,,Urbi,367.2,https://moovitapp.com/index/pt-br/transporte_p%C3%BAblico-line-367_2-Brasilia-1702-851595-454971-0,-1.0,-15.844247,-48.044933,0.0,,,2,2023-06-14T14:26:13+00:00
BRA_440221,Brasília,5300108,,Marechal,157.6,https://moovitapp.com/index/pt-br/transporte_p%C3%BAblico-line-157_6-Brasilia-1702-851940-419627-0,-1.0,-15.812083,-47.982437,69.0,,,2,2023-06-14T14:26:13+00:00
BRA_440779,Brasília,5300108,,Piracicabana,099.1,https://moovitapp.com/index/pt-br/transporte_p%C3%BAblico-line-099_1-Brasilia-1702-850942-775090-0,-1.0,-15.850237,-48.02866,1.0,,,2,2023-06-14T14:26:13+00:00
BRA_443883,Brasília,5300108,,Marechal,351.3,https://moovitapp.com/index/pt-br/transporte_p%C3%BAblico-line-351_3-Brasilia-1702-851940-510249-0,-1.0,-15.843687,-48.050783,53.0,,,2,2023-06-14T14:26:13+00:00
BRA_440621,Brasília,5300108,,Urbi,805.9,https://moovitapp.com/index/pt-br/transporte_p%C3%BAblico-line-805_9-Brasilia-1702-851595-454983-0,-1.0,-15.93198,-48.110657,40.0,,,2,2023-06-14T14:26:13+00:00
BRA_441805,Brasília,5300108,,Marechal,0.043,https://moovitapp.com/index/pt-br/transporte_p%C3%BAblico-line-0_043-Brasilia-1702-851940-781330-0,-1.0,-15.815437,-48.066827,48.0,,,2,2023-06-14T14:26:13+00:00
BRA_441775,Brasília,5300108,,Marechal,932.1,https://moovitapp.com/index/pt-br/transporte_p%C3%BAblico-line-932_1-Brasilia-1702-851940-470763-0,-1.0,-15.79385,-47.882903,0.0,,,2,2023-06-14T14:26:13+00:00
BRA_443387,Brasília,5300108,,Urbi,372.4,https://moovitapp.com/index/pt-br/transporte_p%C3%BAblico-line-372_4-Brasilia-1702-851595-650087-0,-1.0,-15.855157,-48.076423,56.0,,,2,2023-06-14T14:26:13+00:00
BRA_441791,Brasília,5300108,,Marechal,0.383,https://moovitapp.com/index/pt-br/transporte_p%C3%BAblico-line-0_383-Brasilia-1702-851940-347151-0,-1.0,-15.828623,-48.12397,6.0,,,2,2023-06-14T14:26:13+00:00
BRA_443361,Brasília,5300108,,Marechal,933.1,https://moovitapp.com/index/pt-br/transporte_p%C3%BAblico-line-933_1-Brasilia-1702-851940-358307-0,-1.0,-15.816843,-48.10319,0.0,,,2,2023-06-14T14:26:13+00:00
BRA_445355,Brasília,5300108,,Marechal,337.1,https://moovitapp.com/index/pt-br/transporte_p%C3%BAblico-line-337_1-Brasilia-1702-851940-347165-0,-1.0,-15.825023,-47.923877,0.0,,,2,2023-06-14T14:26:13+00:00
BRA_440833,Brasília,5300108,,Marechal,156.1,https://moovitapp.com/index/pt-br/transporte_p%C3%BAblico-line-156_1-Brasilia-1702-851940-242750-0,-1.0,-15.738963,-47.898797,0.0,,,2,2023-06-14T14:26:13+00:00
BRA_443450,Brasília,5300108,,Marechal,0.363,https://moovitapp.com/index/pt-br/transporte_p%C3%BAblico-line-0_363-Brasilia-1702-851940-504339-0,-1.0,-15.82565,-48.063327,47.0,,,2,2023-06-14T14:26:13+00:00
BRA_443301,Brasília,5300108,,Marechal,933.5,https://moovitapp.com/index/pt-br/transporte_p%C3%BAblico-line-933_5-Brasilia-1702-851940-766837-0,-1.0,-15.817137,-48.066267,0.0,,,2,2023-06-14T14:19:16+00:00
BRA_445151,Brasília,5300108,,Marechal,0.355,https://moovitapp.com/index/pt-br/transporte_p%C3%BAblico-line-0_355-Brasilia-1702-851940-504338-0,-1.0,-15.81812,-48.062417,39.0,,,2,2023-06-14T14:26:13+00:00
BRA_445142,Brasília,5300108,,Marechal,0.306,https://moovitapp.com/index/pt-br/transporte_p%C3%BAblico-line-0_306-Brasilia-1702-851940-242714-0,-1.0,-15.794,-47.883213,0.0,,,2,2023-06-14T14:26:13+00:00
BRA_441074,Brasília,5300108,,Marechal,260.3,https://moovitapp.com/index/pt-br/transporte_p%C3%BAblico-line-260_3-Brasilia-1702-851940-393566-0,-1.0,-16.028147,-48.032207,61.0,,,2,2023-06-14T14:26:13+00:00
BRA_441473,Brasília,5300108,,Marechal,0.089,https://moovitapp.com/index/pt-br/transporte_p%C3%BAblico-line-0_089-Brasilia-1702-851940-706977-0,-1.0,-15.843657,-47.982203,55.0,,,2,2023-06-14T14:26:13+00:00
BRA_441571,Brasília,5300108,,Marechal,0.339,https://moovitapp.com/index/pt-br/transporte_p%C3%BAblico-line-0_339-Brasilia-1702-851940-419625-0,-1.0,-15.805657,-48.07541,0.0,,,2,2023-06-14T14:26:13+00:00
BRA_444677,Brasília,5300108,,São José,332.1,https://moovitapp.com/index/pt-br/transporte_p%C3%BAblico-line-332_1-Brasilia-1702-851943-2068455-0,-1.0,-15.808367,-48.15699,0.0,,,2,2023-06-14T14:26:08+00:00
BRA_444685,Brasília,5300108,,São José,350.1,https://moovitapp.com/index/pt-br/transporte_p%C3%BAblico-line-350_1-Brasilia-1702-851943-2068450-0,-1.0,-15.834653,-48.060393,30.0,,,2,2023-06-14T14:26:13+00:00
BRA_444669,Brasília,5300108,,São José,332.1,https://moovitapp.com/index/pt-br/transporte_p%C3%BAblico-line-332_1-Brasilia-1702-851943-2068455-0,-1.0,-15.83381,-48.05778,0.0,,,2,2023-06-14T14:25:58+00:00
BRA_440566,Brasília,5300108,,Urbi,805.2,https://moovitapp.com/index/pt-br/transporte_p%C3%BAblico-line-805_2-Brasilia-1702-851595-454981-0,-1.0,-15.933243,-48.109063,0.0,,,2,2023-06-14T14:26:13+00:00
BRA_441015,Brasília,5300108,,Marechal,0.090,https://moovitapp.com/index/pt-br/transporte_p%C3%BAblico-line-0_090-Brasilia-1702-851940-242702-0,-1.0,-15.770377,-47.936863,0.0,,,2,2023-06-14T14:26:13+00:00
BRA_441368,Brasília,5300108,,Marechal,355.3,https://moovitapp.com/index/pt-br/transporte_p%C3%BAblico-line-355_3-Brasilia-1702-851940-504343-0,-1.0,-15.81922,-48.062043,0.0,,,2,2023-06-14T14:26:13+00:00
BRA_441023,Brasília,5300108,,Marechal,156.8,https://moovitapp.com/index/pt-br/transporte_p%C3%BAblico-line-156_8-Brasilia-1702-851940-312445-0,-1.0,-15.75998,-47.892007,5.0,,,2,2023-06-14T14:26:13+00:00
BRA_442780,Brasília,5300108,,Urbi,0.367,https://moovitapp.com/index/pt-br/transporte_p%C3%BAblico-line-0_367-Brasilia-1702-851595-519380-0,-1.0,-15.83617,-48.055963,2.0,,,2,2023-06-14T14:26:13+00:00
BRA_441376,Brasília,5300108,,Marechal,0.376,https://moovitapp.com/index/pt-br/transporte_p%C3%BAblico-line-0_376-Brasilia-1702-851940-242726-0,-1.0,-15.791237,-48.040437,64.0,,,2,2023-06-14T13:57:57+00:00
BRA_443948,Brasília,5300108,,Marechal,933.3,https://moovitapp.com/index/pt-br/transporte_p%C3%BAblico-line-933_3-Brasilia-1702-851940-450287-0,-1.0,-15.806623,-48.079407,0.0,,,2,2023-06-14T14:26:13+00:00
BRA_443727,Brasília,5300108,,Marechal,0.357,https://moovitapp.com/index/pt-br/transporte_p%C3%BAblico-line-0_357-Brasilia-1702-851940-775109-0,-1.0,-15.830867,-48.05026,40.0,,,2,2023-06-14T14:26:13+00:00
BRA_444189,Brasília,5300108,,Marechal,363.2,https://moovitapp.com/index/pt-br/transporte_p%C3%BAblico-line-363_2-Brasilia-1702-851940-725443-0,-1.0,-15.83964,-48.129033,0.0,,,2,2023-06-14T14:26:13+00:00
BRA_442208,Brasília,5300108,,Urbi,0.050,https://moovitapp.com/index/pt-br/transporte_p%C3%BAblico-line-0_050-Brasilia-1702-851595-781325-0,-1.0,-15.858913,-48.069653,47.0,,,2,2023-06-14T14:23:39+00:00
BRA_441759,Brasília,5300108,,Urbi,056.4,https://moovitapp.com/index/pt-br/transporte_p%C3%BAblico-line-056_4-Brasilia-1702-851595-519387-0,-1.0,-15.894643,-48.14811,31.0,,,2,2023-06-14T14:26:13+00:00
BRA_443654,Brasília,5300108,,Marechal,355.2,https://moovitapp.com/index/pt-br/transporte_p%C3%BAblico-line-355_2-Brasilia-1702-851940-510251-0,-1.0,-15.867093,-48.037327,0.0,,,2,2023-06-14T14:26:08+00:00
BRA_442542,Brasília,5300108,,Marechal,363.2,https://moovitapp.com/index/pt-br/transporte_p%C3%BAblico-line-363_2-Brasilia-1702-851940-725443-0,-1.0,-15.80759,-48.066063,0.0,,,2,2023-06-14T14:26:08+00:00
BRA_441872,Brasília,5300108,,Marechal,0.089,https://moovitapp.com/index/pt-br/transporte_p%C3%BAblico-line-0_089-Brasilia-1702-851940-706977-0,-1.0,-15.84097,-48.126783,0.0,,,2,2023-06-14T14:26:08+00:00
BRA_443298,Brasília,5300108,,Marechal,933.5,https://moovitapp.com/index/pt-br/transporte_p%C3%BAblico-line-933_5-Brasilia-1702-851940-766837-0,-1.0,-15.83952,-48.12866,0.0,,,2,2023-06-14T14:26:13+00:00
BRA_440787,Brasília,5300108,,Marechal,154.2,https://moovitapp.com/index/pt-br/transporte_p%C3%BAblico-line-154_2-Brasilia-1702-851940-527234-0,-1.0,-15.793927,-47.88303,0.0,,,2,2023-06-14T14:26:13+00:00
BRA_441139,Brasília,5300108,,Marechal,355.3,https://moovitapp.com/index/pt-br/transporte_p%C3%BAblico-line-355_3-Brasilia-1702-851940-504343-0,-1.0,-15.80662,-48.042687,26.0,,,2,2023-06-14T14:26:13+00:00
BRA_441244,Brasília,5300108,,Marechal,0.205,https://moovitapp.com/index/pt-br/transporte_p%C3%BAblico-line-0_205-Brasilia-1702-851940-463646-0,-1.0,-15.915993,-48.049617,21.0,,,2,2023-06-14T14:26:13+00:00
BRA_443565,Brasília,5300108,,Marechal,355.1,https://moovitapp.com/index/pt-br/transporte_p%C3%BAblico-line-355_1-Brasilia-1702-851940-729097-0,-1.0,-15.852507,-48.03168,30.0,,,2,2023-06-14T14:26:13+00:00
BRA_440124,Brasília,5300108,,Piracicabana,099.1,https://moovitapp.com/index/pt-br/transporte_p%C3%BAblico-line-099_1-Brasilia-1702-850942-775090-0,-1.0,-15.871017,-48.030487,56.0,,,2,2023-06-14T14:26:13+00:00
BRA_444693,Brasília,5300108,,São José,333.6,https://moovitapp.com/index/pt-br/transporte_p%C3%BAblico-line-333_6-Brasilia-1702-851943-2068452-0,-1.0,-15.78383,-48.12431,59.0,,,2,2023-06-14T14:26:13+00:00
BRA_441686,Brasília,5300108,,Marechal,0.369,https://moovitapp.com/index/pt-br/transporte_p%C3%BAblico-line-0_369-Brasilia-1702-851940-500060-0,-1.0,-15.8714,-48.017943,25.0,,,2,2023-06-14T14:26:13+00:00
BRA_443522,Brasília,5300108,,Marechal,0.043,https://moovitapp.com/index/pt-br/transporte_p%C3%BAblico-line-0_043-Brasilia-1702-851940-781330-0,-1.0,-15.79889,-48.01621,42.0,,,2,2023-06-14T14:26:13+00:00
BRA_441627,Brasília,5300108,,Urbi,0.054,https://moovitapp.com/index/pt-br/transporte_p%C3%BAblico-line-0_054-Brasilia-1702-851595-454960-0,-1.0,-15.831247,-48.057913,0.0,,,2,2023-06-14T14:26:13+00:00
BRA_441732,Brasília,5300108,,Urbi,0.367,https://moovitapp.com/index/pt-br/transporte_p%C3%BAblico-line-0_367-Brasilia-1702-851595-519380-0,-1.0,-15.8973,-48.146957,15.0,,,2,2023-06-14T14:26:13+00:00
BRA_441155,Brasília,5300108,,Marechal,260.3,https://moovitapp.com/index/pt-br/transporte_p%C3%BAblico-line-260_3-Brasilia-1702-851940-393566-0,-1.0,-15.807887,-48.157317,0.0,,,2,2023-06-14T14:26:13+00:00
BRA_443646,Brasília,5300108,,Marechal,0.959,https://moovitapp.com/index/pt-br/transporte_p%C3%BAblico-line-0_959-Brasilia-1702-851940-546208-0,-1.0,-15.83346,-48.056677,0.0,,,2,2023-06-14T14:26:13+00:00
BRA_441236,Brasília,5300108,,Marechal,0.351,https://moovitapp.com/index/pt-br/transporte_p%C3%BAblico-line-0_351-Brasilia-1702-851940-510246-0,-1.0,-15.83291,-48.055007,0.0,,,2,2023-06-14T14:26:13+00:00
BRA_442631,Brasília,5300108,,Marechal,0.089,https://moovitapp.com/index/pt-br/transporte_p%C3%BAblico-line-0_089-Brasilia-1702-851940-706977-0,-1.0,-15.840907,-48.126603,9.0,,,2,2023-06-14T14:26:13+00:00
BRA_440094,Brasília,5300108,,Marechal,162.2,https://moovitapp.com/index/pt-br/transporte_p%C3%BAblico-line-162_2-Brasilia-1702-851940-312446-0,-1.0,-15.800477,-47.865303,31.0,,,2,2023-06-14T14:26:13+00:00
BRA_440175,Brasília,5300108,,Urbi,0.823,https://moovitapp.com/index/pt-br/transporte_p%C3%BAblico-line-0_823-Brasilia-1702-851595-401625-0,-1.0,-15.933323,-48.10844,0.0,,,2,2023-06-14T14:26:13+00:00
BRA_444014,Brasília,5300108,,Marechal,157.1,https://moovitapp.com/index/pt-br/transporte_p%C3%BAblico-line-157_1-Brasilia-1702-851940-88144062-0,-1.0,-15.79685,-47.98221,40.0,,,2,2023-06-14T14:26:13+00:00
BRA_443620,Brasília,5300108,,Marechal,959.3,https://moovitapp.com/index/pt-br/transporte_p%C3%BAblico-line-959_3-Brasilia-1702-851940-103863179-0,-1.0,-15.875083,-48.014957,18.0,,,2,2023-06-14T14:26:13+00:00
BRA_443263,Brasília,5300108,,Marechal,0.089,https://moovitapp.com/index/pt-br/transporte_p%C3%BAblico-line-0_089-Brasilia-1702-851940-706977-0,-1.0,-15.805533,-48.07024,13.0,,,2,2023-06-14T14:26:13+00:00
BRA_442224,Brasília,5300108,,Marechal,304.1,https://moovitapp.com/index/pt-br/transporte_p%C3%BAblico-line-304_1-Brasilia-1702-851940-516636-0,-1.0,-15.818787,-48.10031,22.0,,,2,2023-06-14T14:26:13+00:00
BRA_444081,Brasília,5300108,,Marechal,361.1,https://moovitapp.com/index/pt-br/transporte_p%C3%BAblico-line-361_1-Brasilia-1702-851940-363861-0,-1.0,-15.836327,-48.034637,43.0,,,2,2023-06-14T14:26:13+00:00
BRA_443689,Brasília,5300108,,Marechal,959.2,https://moovitapp.com/index/pt-br/transporte_p%C3%BAblico-line-959_2-Brasilia-1702-851940-66561063-0,-1.0,-15.861043,-48.035507,55.0,,,2,2023-06-14T14:26:13+00:00
BRA_444162,Brasília,5300108,,Marechal,0.369,https://moovitapp.com/index/pt-br/transporte_p%C3%BAblico-line-0_369-Brasilia-1702-851940-500060-0,-1.0,-15.839597,-48.128817,0.0,,,2,2023-06-14T14:26:13+00:00
BRA_441589,Brasília,5300108,,Marechal,0.361,https://moovitapp.com/index/pt-br/transporte_p%C3%BAblico-line-0_361-Brasilia-1702-851940-376158-0,-1.0,-15.839247,-48.129547,0.0,,,2,2023-06-14T14:26:08+00:00
BRA_443204,Brasília,5300108,,Marechal,0.383,https://moovitapp.com/index/pt-br/transporte_p%C3%BAblico-line-0_383-Brasilia-1702-851940-347151-0,-1.0,-15.7916,-47.978097,53.0,,,2,2023-06-14T14:26:13+00:00
BRA_440051,Brasília,5300108,,Marechal,157.1,https://moovitapp.com/index/pt-br/transporte_p%C3%BAblico-line-157_1-Brasilia-1702-851940-88144062-0,-1.0,-15.86934,-48.037513,0.0,,,2,2023-06-14T14:26:14+00:00
BRA_441317,Brasília,5300108,,Marechal,156.7,https://moovitapp.com/index/pt-br/transporte_p%C3%BAblico-line-156_7-Brasilia-1702-851940-312444-0,-1.0,-15.8077,-47.963083,60.0,,,2,2023-06-14T14:26:14+00:00
BRA_443859,Brasília,5300108,,Marechal,357.1,https://moovitapp.com/index/pt-br/transporte_p%C3%BAblico-line-357_1-Brasilia-1702-851940-775113-0,-1.0,-15.866997,-48.03742,0.0,,,2,2023-06-14T14:26:09+00:00
BRA_442089,Brasília,5300108,,Marechal,933.2,https://moovitapp.com/index/pt-br/transporte_p%C3%BAblico-line-933_2-Brasilia-1702-851940-717428-0,-1.0,-15.83903,-48.12945,0.0,,,2,2023-06-14T14:26:14+00:00
BRA_443492,Brasília,5300108,,Marechal,0.554,https://moovitapp.com/index/pt-br/transporte_p%C3%BAblico-line-0_554-Brasilia-1702-851940-504340-0,-1.0,-15.811793,-47.97805,61.0,,,2,2023-06-14T14:26:14+00:00
BRA_441902,Brasília,5300108,,Marechal,933.4,https://moovitapp.com/index/pt-br/transporte_p%C3%BAblico-line-933_4-Brasilia-1702-851940-656766-0,-1.0,-15.806843,-48.080063,37.0,,,2,2023-06-14T14:26:14+00:00
BRA_443379,Brasília,5300108,,Marechal,0.942,https://moovitapp.com/index/pt-br/transporte_p%C3%BAblico-line-0_942-Brasilia-1702-851940-347158-0,-1.0,-15.736267,-47.907187,0.0,,,2,2023-06-14T14:26:09+00:00
BRA_443280,Brasília,5300108,,Urbi,0.054,https://moovitapp.com/index/pt-br/transporte_p%C3%BAblico-line-0_054-Brasilia-1702-851595-454960-0,-1.0,-15.835497,-48.060017,19.0,,,2,2023-06-14T14:26:14+00:00
BRA_441171,Brasília,5300108,,Marechal,260.3,https://moovitapp.com/index/pt-br/transporte_p%C3%BAblico-line-260_3-Brasilia-1702-851940-393566-0,-1.0,-15.85867,-48.037177,39.0,,,2,2023-06-14T14:26:14+00:00
BRA_442038,Brasília,5300108,,Urbi,056.4,https://moovitapp.com/index/pt-br/transporte_p%C3%BAblico-line-056_4-Brasilia-1702-851595-519387-0,-1.0,-15.883803,-48.150277,0.0,,,2,2023-06-14T14:26:09+00:00
BRA_441741,Brasília,5300108,,Marechal,0.942,https://moovitapp.com/index/pt-br/transporte_p%C3%BAblico-line-0_942-Brasilia-1702-851940-347158-0,-1.0,-15.77744,-47.93779,42.0,,,2,2023-06-14T14:26:14+00:00
BRA_441414,Brasília,5300108,,Urbi,0.898,https://moovitapp.com/index/pt-br/transporte_p%C3%BAblico-line-0_898-Brasilia-1702-851595-322394-0,-1.0,-15.94929,-48.033877,0.0,,,2,2023-06-14T14:26:14+00:00
BRA_441520,Brasília,5300108,,Marechal,933.1,https://moovitapp.com/index/pt-br/transporte_p%C3%BAblico-line-933_1-Brasilia-1702-851940-358307-0,-1.0,-15.84103,-48.126753,0.0,,,2,2023-06-14T14:26:14+00:00
BRA_441783,Brasília,5300108,,Marechal,0.361,https://moovitapp.com/index/pt-br/transporte_p%C3%BAblico-line-0_361-Brasilia-1702-851940-376158-0,-1.0,-15.832227,-48.052807,41.0,,,2,2023-06-14T14:26:14+00:00
BRA_442658,Brasília,5300108,,Marechal,0.942,https://moovitapp.com/index/pt-br/transporte_p%C3%BAblico-line-0_942-Brasilia-1702-851940-347158-0,-1.0,-15.840833,-48.12706,0.0,,,2,2023-06-14T14:26:13+00:00
BRA_442330,Brasília,5300108,,Marechal,933.1,https://moovitapp.com/index/pt-br/transporte_p%C3%BAblico-line-933_1-Brasilia-1702-851940-358307-0,-1.0,-15.811143,-48.09263,58.0,,,2,2023-06-14T14:26:13+00:00
BRA_443531,Brasília,5300108,,Marechal,959.2,https://moovitapp.com/index/pt-br/transporte_p%C3%BAblico-line-959_2-Brasilia-1702-851940-66561063-0,-1.0,-15.857793,-47.998763,31.0,,,2,2023-06-14T13:48:44+00:00
BRA_444243,Brasília,5300108,,Marechal,0.369,https://moovitapp.com/index/pt-br/transporte_p%C3%BAblico-line-0_369-Brasilia-1702-851940-500060-0,-1.0,-15.83906,-48.12833,0.0,,,2,2023-06-14T14:26:13+00:00
BRA_443549,Brasília,5300108,,Marechal,0.351,https://moovitapp.com/index/pt-br/transporte_p%C3%BAblico-line-0_351-Brasilia-1702-851940-510246-0,-1.0,-15.870723,-48.03516,43.0,,,2,2023-06-14T14:26:13+00:00
BRA_444502,Brasília,5300108,,Marechal,361.1,https://moovitapp.com/index/pt-br/transporte_p%C3%BAblico-line-361_1-Brasilia-1702-851940-363861-0,-1.0,-15.853577,-48.117587,28.0,,,2,2023-06-14T14:26:13+00:00
BRA_443662,Brasília,5300108,,Marechal,0.951,https://moovitapp.com/index/pt-br/transporte_p%C3%BAblico-line-0_951-Brasilia-1702-851940-783578-0,-1.0,-15.840287,-48.05665,43.0,,,2,2023-06-14T14:26:13+00:00
BRA_441287,Brasília,5300108,,Marechal,0.205,https://moovitapp.com/index/pt-br/transporte_p%C3%BAblico-line-0_205-Brasilia-1702-851940-463646-0,-1.0,-15.83383,-48.057993,0.0,,,2,2023-06-14T14:26:13+00:00
BRA_443999,Brasília,5300108,,Marechal,933.6,https://moovitapp.com/index/pt-br/transporte_p%C3%BAblico-line-933_6-Brasilia-1702-851940-3494672-0,-1.0,-15.809973,-48.089753,0.0,,,2,2023-06-14T14:26:13+00:00
BRA_443875,Brasília,5300108,,Marechal,0.951,https://moovitapp.com/index/pt-br/transporte_p%C3%BAblico-line-0_951-Brasilia-1702-851940-783578-0,-1.0,-15.837913,-48.02384,19.0,,,2,2023-06-14T14:26:13+00:00
BRA_441066,Brasília,5300108,,São José,157.8,https://moovitapp.com/index/pt-br/transporte_p%C3%BAblico-line-157_8-Brasilia-1702-851943-759503-0,-1.0,-15.838103,-47.985293,0.0,,,2,2023-06-14T14:26:13+00:00
BRA_443336,Brasília,5300108,,Marechal,0.089,https://moovitapp.com/index/pt-br/transporte_p%C3%BAblico-line-0_089-Brasilia-1702-851940-706977-0,-1.0,-15.819593,-47.982243,13.0,,,2,2023-06-14T14:26:13+00:00
BRA_444995,Brasília,5300108,,Marechal,932.1,https://moovitapp.com/index/pt-br/transporte_p%C3%BAblico-line-932_1-Brasilia-1702-851940-470763-0,-1.0,-15.794223,-47.882993,0.0,,,2,2023-06-14T14:26:13+00:00
BRA_445045,Brasília,5300108,,Marechal,0.554,https://moovitapp.com/index/pt-br/transporte_p%C3%BAblico-line-0_554-Brasilia-1702-851940-504340-0,-1.0,-15.794183,-47.88324,0.0,,,2,2023-06-14T14:26:08+00:00
BRA_444791,Brasília,5300108,,São José,332.1,https://moovitapp.com/index/pt-br/transporte_p%C3%BAblico-line-332_1-Brasilia-1702-851943-2068455-0,-1.0,-15.806627,-48.079543,0.0,,,2,2023-06-14T14:26:13+00:00
BRA_444804,Brasília,5300108,,São José,359.2,https://moovitapp.com/index/pt-br/transporte_p%C3%BAblico-line-359_2-Brasilia-1702-851943-2068453-0,-1.0,-15.837107,-48.022003,0.0,,,2,2023-06-14T14:26:13+00:00
BRA_444979,Brasília,5300108,,Urbi,0.898,https://moovitapp.com/index/pt-br/transporte_p%C3%BAblico-line-0_898-Brasilia-1702-851595-322394-0,-1.0,-15.949193,-48.03373,0.0,,,2,2023-06-14T14:26:13+00:00
BRA_445002,Brasília,5300108,,Marechal,0.383,https://moovitapp.com/index/pt-br/transporte_p%C3%BAblico-line-0_383-Brasilia-1702-851940-347151-0,-1.0,-15.83741,-48.118153,52.0,,,2,2023-06-14T14:26:13+00:00
BRA_445088,Brasília,5300108,,São José,359.2,https://moovitapp.com/index/pt-br/transporte_p%C3%BAblico-line-359_2-Brasilia-1702-851943-2068453-0,-1.0,-15.80789,-48.156847,0.0,,,2,2023-06-14T14:26:13+00:00
BRA_444855,Brasília,5300108,,Marechal,0.942,https://moovitapp.com/index/pt-br/transporte_p%C3%BAblico-line-0_942-Brasilia-1702-851940-347158-0,-1.0,-15.78638,-47.994663,66.0,,,2,2023-06-14T14:26:13+00:00
BRA_445100,Brasília,5300108,,São José,332.1,https://moovitapp.com/index/pt-br/transporte_p%C3%BAblico-line-332_1-Brasilia-1702-851943-2068455-0,-1.0,-15.80784,-48.156843,0.0,,,2,2023-06-14T14:26:13+00:00
BRA_444952,Brasília,5300108,,Marechal,0.383,https://moovitapp.com/index/pt-br/transporte_p%C3%BAblico-line-0_383-Brasilia-1702-851940-347151-0,-1.0,-15.789193,-48.017853,59.0,,,2,2023-06-14T14:25:53+00:00
BRA_444987,Brasília,5300108,,São José,359.2,https://moovitapp.com/index/pt-br/transporte_p%C3%BAblico-line-359_2-Brasilia-1702-851943-2068453-0,-1.0,-15.80829,-48.14551,30.0,,,2,2023-06-14T14:26:14+00:00
BRA_444928,Brasília,5300108,,Marechal,932.1,https://moovitapp.com/index/pt-br/transporte_p%C3%BAblico-line-932_1-Brasilia-1702-851940-470763-0,-1.0,-15.804073,-48.070793,15.0,,,2,2023-06-14T14:26:14+00:00
BRA_444863,Brasília,5300108,,Marechal,0.089,https://moovitapp.com/index/pt-br/transporte_p%C3%BAblico-line-0_089-Brasilia-1702-851940-706977-0,-1.0,-15.80576,-48.07017,21.0,,,2,2023-06-14T14:26:14+00:00
BRA_445037,Brasília,5300108,,Marechal,336.1,https://moovitapp.com/index/pt-br/transporte_p%C3%BAblico-line-336_1-Brasilia-1702-851940-347163-0,-1.0,-15.815623,-48.129963,13.0,,,2,2023-06-14T14:26:14+00:00
BRA_444758,Brasília,5300108,,São José,350.1,https://moovitapp.com/index/pt-br/transporte_p%C3%BAblico-line-350_1-Brasilia-1702-851943-2068450-0,-1.0,-15.795723,-48.120943,48.0,,,2,2023-06-14T14:26:14+00:00
BRA_444782,Brasília,5300108,,São José,359.2,https://moovitapp.com/index/pt-br/transporte_p%C3%BAblico-line-359_2-Brasilia-1702-851943-2068453-0,-1.0,-15.835457,-48.06033,0.0,,,2,2023-06-14T14:26:14+00:00
BRA_444847,Brasília,5300108,,São José,333.6,https://moovitapp.com/index/pt-br/transporte_p%C3%BAblico-line-333_6-Brasilia-1702-851943-2068452-0,-1.0,-15.831333,-48.056913,22.0,,,2,2023-06-14T14:26:14+00:00
BRA_444871,Brasília,5300108,,São José,332.1,https://moovitapp.com/index/pt-br/transporte_p%C3%BAblico-line-332_1-Brasilia-1702-851943-2068455-0,-1.0,-15.833463,-48.059727,7.0,,,2,2023-06-14T14:26:14+00:00
BRA_444766,Brasília,5300108,,Marechal,932.2,https://moovitapp.com/index/pt-br/transporte_p%C3%BAblico-line-932_2-Brasilia-1702-851940-3494666-0,-1.0,-15.80897,-48.085787,0.0,,,2,2023-06-14T14:26:14+00:00
BRA_444774,Brasília,5300108,,Marechal,0.383,https://moovitapp.com/index/pt-br/transporte_p%C3%BAblico-line-0_383-Brasilia-1702-851940-347151-0,-1.0,-15.820017,-48.10923,37.0,,,2,2023-06-14T14:26:14+00:00
BRA_440817,Brasília,5300108,,Marechal,0.162,https://moovitapp.com/index/pt-br/transporte_p%C3%BAblico-line-0_162-Brasilia-1702-851940-766836-0,-1.0,-15.838803,-47.95864,59.0,,,2,2023-06-14T14:26:13+00:00
BRA_443905,Brasília,5300108,,Marechal,959.2,https://moovitapp.com/index/pt-br/transporte_p%C3%BAblico-line-959_2-Brasilia-1702-851940-66561063-0,-1.0,-15.87167,-48.029493,29.0,,,2,2023-06-14T14:26:13+00:00
BRA_441406,Brasília,5300108,,Marechal,0.383,https://moovitapp.com/index/pt-br/transporte_p%C3%BAblico-line-0_383-Brasilia-1702-851940-347151-0,-1.0,-15.883917,-48.150177,0.0,,,2,2023-06-14T14:26:13+00:00
BRA_443867,Brasília,5300108,,Marechal,0.951,https://moovitapp.com/index/pt-br/transporte_p%C3%BAblico-line-0_951-Brasilia-1702-851940-783578-0,-1.0,-15.86679,-48.037473,0.0,,,2,2023-06-14T14:26:13+00:00
BRA_445118,Brasília,5300108,,Marechal,0.306,https://moovitapp.com/index/pt-br/transporte_p%C3%BAblico-line-0_306-Brasilia-1702-851940-242714-0,-1.0,-15.867153,-48.037533,0.0,,,2,2023-06-14T14:26:13+00:00
BRA_443611,Brasília,5300108,,Marechal,351.3,https://moovitapp.com/index/pt-br/transporte_p%C3%BAblico-line-351_3-Brasilia-1702-851940-510249-0,-1.0,-15.867793,-48.037447,0.0,,,2,2023-06-14T14:26:08+00:00
BRA_444880,Brasília,5300108,,Urbi,0.898,https://moovitapp.com/index/pt-br/transporte_p%C3%BAblico-line-0_898-Brasilia-1702-851595-322394-0,-1.0,-15.84179,-48.04619,0.0,,,2,2023-06-14T14:26:14+00:00
BRA_444839,Brasília,5300108,,Marechal,932.1,https://moovitapp.com/index/pt-br/transporte_p%C3%BAblico-line-932_1-Brasilia-1702-851940-470763-0,-1.0,-15.828033,-48.05904,0.0,,,2,2023-06-14T14:26:14+00:00
BRA_440302,Brasília,5300108,,São José,157.8,https://moovitapp.com/index/pt-br/transporte_p%C3%BAblico-line-157_8-Brasilia-1702-851943-759503-0,-1.0,-15.78052,-47.98839,11.0,,,2,2023-06-14T14:26:14+00:00
BRA_440442,Brasília,5300108,,São José,0.092,https://moovitapp.com/index/pt-br/transporte_p%C3%BAblico-line-0_092-Brasilia-1702-851943-496589-0,-1.0,-15.826033,-47.95066,55.0,,,2,2023-06-14T14:26:14+00:00
BRA_443816,Brasília,5300108,,Marechal,357.1,https://moovitapp.com/index/pt-br/transporte_p%C3%BAblico-line-357_1-Brasilia-1702-851940-775113-0,-1.0,-15.83342,-48.056627,3.0,,,2,2023-06-14T14:26:14+00:00
BRA_442682,Brasília,5300108,,Marechal,933.4,https://moovitapp.com/index/pt-br/transporte_p%C3%BAblico-line-933_4-Brasilia-1702-851940-656766-0,-1.0,-15.841027,-48.126543,0.0,,,2,2023-06-14T14:26:09+00:00
BRA_441309,Brasília,5300108,,Marechal,157.6,https://moovitapp.com/index/pt-br/transporte_p%C3%BAblico-line-157_6-Brasilia-1702-851940-419627-0,-1.0,-15.820617,-47.986597,0.0,,,2,2023-06-14T14:26:14+00:00
BRA_443638,Brasília,5300108,,Marechal,351.3,https://moovitapp.com/index/pt-br/transporte_p%C3%BAblico-line-351_3-Brasilia-1702-851940-510249-0,-1.0,-15.866747,-48.0375,0.0,,,2,2023-06-14T14:26:09+00:00
BRA_442488,Brasília,5300108,,Marechal,0.383,https://moovitapp.com/index/pt-br/transporte_p%C3%BAblico-line-0_383-Brasilia-1702-851940-347151-0,-1.0,-15.79381,-47.88292,0.0,,,2,2023-06-14T14:26:09+00:00
BRA_441252,Brasília,5300108,,São José,0.092,https://moovitapp.com/index/pt-br/transporte_p%C3%BAblico-line-0_092-Brasilia-1702-851943-496589-0,-1.0,-15.87705,-47.99629,63.0,,,2,2023-06-14T14:21:08+00:00
BRA_443808,Brasília,5300108,,Marechal,157.1,https://moovitapp.com/index/pt-br/transporte_p%C3%BAblico-line-157_1-Brasilia-1702-851940-88144062-0,-1.0,-15.840483,-47.96577,0.0,,,2,2023-06-14T14:26:13+00:00
BRA_444553,Brasília,5300108,,Marechal,0.554,https://moovitapp.com/index/pt-br/transporte_p%C3%BAblico-line-0_554-Brasilia-1702-851940-504340-0,-1.0,-15.83936,-48.12994,0.0,,,2,2023-06-14T14:26:08+00:00
BRA_441341,Brasília,5300108,,Marechal,0.205,https://moovitapp.com/index/pt-br/transporte_p%C3%BAblico-line-0_205-Brasilia-1702-851940-463646-0,-1.0,-15.79505,-48.110913,0.0,,,2,2023-06-14T14:26:13+00:00
BRA_441112,Brasília,5300108,,Marechal,0.234,https://moovitapp.com/index/pt-br/transporte_p%C3%BAblico-line-0_234-Brasilia-1702-851940-419623-0,-1.0,-15.839487,-48.035817,29.0,,,2,2023-06-14T14:26:13+00:00
BRA_228800,Brasília,5300108,,Pioneira,2211,https://moovitapp.com/index/pt-br/transporte_p%C3%BAblico-line-2211-Brasilia-1702-851941-57764371-0,-1.0,-15.845466,-47.953948,,,,1,2023-06-14T14:25:50+00:00
BRA_229229,Brasília,5300108,,Urbi,119.0,https://moovitapp.com/index/pt-br/transporte_p%C3%BAblico-line-119_0-Brasilia-1702-851595-139513625-0,-1.0,-15.873753,-47.975202,,,,1,2023-06-14T14:26:38+00:00
BRA_230189,Brasília,5300108,,Pioneira,3316,https://moovitapp.com/index/pt-br/transporte_p%C3%BAblico-line-3316-Brasilia-1702-851941-59965195-0,-1.0,-16.00267,-47.986481,,,,1,2023-06-14T14:25:50+00:00
BRA_226793,Brasília,5300108,,Pioneira,764.2,https://moovitapp.com/index/pt-br/transporte_p%C3%BAblico-line-764_2-Brasilia-1702-851941-527246-0,-1.0,-15.812953,-47.805289,,,,1,2023-06-14T14:26:34+00:00
BRA_227676,Brasília,5300108,,Pioneira,147.5,https://moovitapp.com/index/pt-br/transporte_p%C3%BAblico-line-147_5-Brasilia-1702-851941-519406-0,-1.0,-15.888998,-47.803528,,,,1,2023-06-14T14:25:54+00:00
BRA_223930,Brasília,5300108,,Pioneira,2307,https://moovitapp.com/index/pt-br/transporte_p%C3%BAblico-line-2307-Brasilia-1702-851941-18556638-0,-1.0,-15.953064,-47.994345,,,,1,2023-06-14T10:16:34+00:00
BRA_229075,Brasília,5300108,,Pioneira,0.255,https://moovitapp.com/index/pt-br/transporte_p%C3%BAblico-line-0_255-Brasilia-1702-851941-706978-0,-1.0,-15.843345,-48.051231,,,,1,2023-06-14T14:26:30+00:00
BRA_229300,Brasília,5300108,,Pioneira,197.1,https://moovitapp.com/index/pt-br/transporte_p%C3%BAblico-line-197_1-Brasilia-1702-851941-519408-0,-1.0,-15.783148,-47.895233,,,,1,2023-06-14T14:26:08+00:00
BRA_228681,Brasília,5300108,,Pioneira,147.2,https://moovitapp.com/index/pt-br/transporte_p%C3%BAblico-line-147_2-Brasilia-1702-851941-519403-0,-1.0,-15.900915,-47.773792,,,,1,2023-06-14T14:26:28+00:00
BRA_232149,Brasília,5300108,,Pioneira,205.1,https://moovitapp.com/index/pt-br/transporte_p%C3%BAblico-line-205_1-Brasilia-1702-851941-393571-0,-1.0,-15.985718,-48.042814,,,,2,2023-06-14T14:25:36+00:00
BRA_231321,Brasília,5300108,,Taguatur,3304,https://moovitapp.com/index/pt-br/transporte_p%C3%BAblico-line-3304-Brasilia-1702-854428-21462346-0,-1.0,-16.002871,-47.98657,,,,1,2023-06-14T14:19:04+00:00
BRA_231801,Brasília,5300108,,Pioneira,759.1,https://moovitapp.com/index/pt-br/transporte_p%C3%BAblico-line-759_1-Brasilia-1702-851941-616183-0,-1.0,-15.766349,-47.809784,,,,1,2023-06-14T14:26:06+00:00
BRA_232521,Brasília,5300108,,Pioneira,2211,https://moovitapp.com/index/pt-br/transporte_p%C3%BAblico-line-2211-Brasilia-1702-851941-57764371-0,-1.0,-15.793517,-47.943648,,,,1,2023-06-14T14:25:32+00:00
BRA_229954,Brasília,5300108,,,3201,,,-16.027215,-48.066503,,,,1,2023-06-14T14:25:46+00:00
BRA_228265,Brasília,5300108,,Taguatur,3305,https://moovitapp.com/index/pt-br/transporte_p%C3%BAblico-line-3305-Brasilia-1702-854428-77810673-0,-1.0,-16.02986,-47.989456,,,,1,2023-06-14T14:26:26+00:00
BRA_226220,Brasília,5300108,,UTB,2302,https://moovitapp.com/index/pt-br/transporte_p%C3%BAblico-line-2302-Brasilia-1702-854427-744298-0,-1.0,-15.794045,-47.882543,,,,1,2023-06-14T14:26:14+00:00
BRA_231487,Brasília,5300108,,Pioneira,0.030,https://moovitapp.com/index/pt-br/transporte_p%C3%BAblico-line-0_030-Brasilia-1702-851941-775118-0,-1.0,-15.760657,-47.891819,,,,1,2023-06-14T14:25:34+00:00
BRA_229385,Brasília,5300108,,Pioneira,100.8,https://moovitapp.com/index/pt-br/transporte_p%C3%BAblico-line-100_8-Brasilia-1702-851941-576191-0,-1.0,-15.802062,-47.787512,,,,1,2023-06-14T14:25:58+00:00
BRA_227269,Brasília,5300108,,Pioneira,181.5,https://moovitapp.com/index/pt-br/transporte_p%C3%BAblico-line-181_5-Brasilia-1702-851941-756866-0,-1.0,-15.855234,-47.839691,,,,1,2023-06-14T14:26:32+00:00
BRA_230111,Brasília,5300108,,Taguatur,3302,https://moovitapp.com/index/pt-br/transporte_p%C3%BAblico-line-3302-Brasilia-1702-854428-3135322-0,-1.0,-16.002238,-47.986907,,,,1,2023-06-14T14:25:44+00:00
BRA_231541,Brasília,5300108,,Pioneira,0.030,https://moovitapp.com/index/pt-br/transporte_p%C3%BAblico-line-0_030-Brasilia-1702-851941-775118-0,-1.0,-15.731441,-47.892913,,,,1,2023-06-14T14:26:12+00:00
BRA_230120,Brasília,5300108,,Pioneira,3312,https://moovitapp.com/index/pt-br/transporte_p%C3%BAblico-line-3312-Brasilia-1702-851941-616181-0,-1.0,-16.001713,-47.985012,,,,1,2023-06-14T14:25:38+00:00
BRA_232297,Brasília,5300108,,Pioneira,020.2,https://moovitapp.com/index/pt-br/transporte_p%C3%BAblico-line-020_2-Brasilia-1702-851941-708653-0,-1.0,-16.032746,-48.057863,,,,1,2023-06-14T14:26:14+00:00
BRA_227650,Brasília,5300108,,Pioneira,147.2,https://moovitapp.com/index/pt-br/transporte_p%C3%BAblico-line-147_2-Brasilia-1702-851941-519403-0,-1.0,-15.81467,-47.909456,,,,1,2023-06-14T14:25:34+00:00
BRA_228249,Brasília,5300108,,Pioneira,2207,https://moovitapp.com/index/pt-br/transporte_p%C3%BAblico-line-2207-Brasilia-1702-851941-422078-0,-1.0,-15.769161,-47.889155,,,,1,2023-06-14T14:26:08+00:00
BRA_225941,Brasília,5300108,,UTB,2302,https://moovitapp.com/index/pt-br/transporte_p%C3%BAblico-line-2302-Brasilia-1702-854427-744298-0,-1.0,-16.003014,-47.986538,,,,1,2023-06-14T14:25:24+00:00
BRA_228516,Brasília,5300108,,Pioneira,784.3,https://moovitapp.com/index/pt-br/transporte_p%C3%BAblico-line-784_3-Brasilia-1702-851941-46904557-0,-1.0,-15.737274,-47.766506,,,,1,2023-06-14T14:25:26+00:00
BRA_231754,Brasília,5300108,,Pioneira,780.1,https://moovitapp.com/index/pt-br/transporte_p%C3%BAblico-line-780_1-Brasilia-1702-851941-531040-0,-1.0,-15.782572,-47.777938,,,,2,2023-06-14T14:26:16+00:00
BRA_231495,Brasília,5300108,,Pioneira,0.030,https://moovitapp.com/index/pt-br/transporte_p%C3%BAblico-line-0_030-Brasilia-1702-851941-775118-0,-1.0,-15.816234,-47.911287,,,,1,2023-06-14T14:26:04+00:00
BRA_228648,Brasília,5300108,,Pioneira,2207,https://moovitapp.com/index/pt-br/transporte_p%C3%BAblico-line-2207-Brasilia-1702-851941-422078-0,-1.0,-15.817652,-47.913188,,,,1,2023-06-14T14:26:36+00:00
BRA_227218,Brasília,5300108,,,3202,,,-16.037619,-48.056458,,,,1,2023-06-14T14:25:42+00:00
BRA_228303,Brasília,5300108,,,3206,,,-16.024707,-48.077502,,,,1,2023-06-14T14:25:18+00:00
BRA_232432,Brasília,5300108,,Pioneira,3315,https://moovitapp.com/index/pt-br/transporte_p%C3%BAblico-line-3315-Brasilia-1702-851941-645997-0,-1.0,-16.0081,-47.986334,,,,1,2023-06-14T14:22:50+00:00
BRA_232025,Brasília,5300108,,Pioneira,197.3,https://moovitapp.com/index/pt-br/transporte_p%C3%BAblico-line-197_3-Brasilia-1702-851941-519409-0,-1.0,-15.798111,-47.872777,,,,2,2023-06-14T14:26:08+00:00
BRA_231525,Brasília,5300108,,Pioneira,0.011,https://moovitapp.com/index/pt-br/transporte_p%C3%BAblico-line-0_011-Brasilia-1702-851941-775117-0,-1.0,-15.737031,-47.766506,,,,1,2023-06-11T17:27:18+00:00
BRA_226823,Brasília,5300108,,Pioneira,0.764,https://moovitapp.com/index/pt-br/transporte_p%C3%BAblico-line-0_764-Brasilia-1702-851941-516641-0,-1.0,-15.748204,-47.769329,,,,1,2023-06-14T14:26:12+00:00
BRA_231339,Brasília,5300108,,Pioneira,3208,https://moovitapp.com/index/pt-br/transporte_p%C3%BAblico-line-3208-Brasilia-1702-851941-704027-0,-1.0,-15.991651,-48.049419,,,,1,2023-06-14T14:26:34+00:00
BRA_227382,Brasília,5300108,,Pioneira,0.196,https://moovitapp.com/index/pt-br/transporte_p%C3%BAblico-line-0_196-Brasilia-1702-851941-242846-0,-1.0,-15.783555,-47.895182,,,,2,2023-06-14T14:26:16+00:00
BRA_232220,Brasília,5300108,,Pioneira,205.1,https://moovitapp.com/index/pt-br/transporte_p%C3%BAblico-line-205_1-Brasilia-1702-851941-393571-0,-1.0,-15.941121,-48.040913,,,,1,2023-06-14T14:25:52+00:00
BRA_229016,Brasília,5300108,,Pioneira,251.7,https://moovitapp.com/index/pt-br/transporte_p%C3%BAblico-line-251_7-Brasilia-1702-851941-651524-0,-1.0,-16.032606,-48.033976,,,,1,2023-06-14T14:26:08+00:00
BRA_229563,Brasília,5300108,,Pioneira,180.2,https://moovitapp.com/index/pt-br/transporte_p%C3%BAblico-line-180_2-Brasilia-1702-851941-514539-0,-1.0,-15.895526,-47.799014,,,,2,2023-06-14T14:26:40+00:00
BRA_228621,Brasília,5300108,,Pioneira,0.195,https://moovitapp.com/index/pt-br/transporte_p%C3%BAblico-line-0_195-Brasilia-1702-851941-242845-0,-1.0,-15.794274,-47.88185,,,,1,2023-06-14T14:25:36+00:00
BRA_228133,Brasília,5300108,,Pioneira,761.1,https://moovitapp.com/index/pt-br/transporte_p%C3%BAblico-line-761_1-Brasilia-1702-851941-620161-0,-1.0,-15.794325,-47.881977,,,,2,2023-06-14T14:26:32+00:00
BRA_232254,Brasília,5300108,,Pioneira,124.6,https://moovitapp.com/index/pt-br/transporte_p%C3%BAblico-line-124_6-Brasilia-1702-851941-425282-0,-1.0,-15.801992,-47.941079,,,,1,2023-06-14T14:25:28+00:00
BRA_225584,Brasília,5300108,,UTB,2302,https://moovitapp.com/index/pt-br/transporte_p%C3%BAblico-line-2302-Brasilia-1702-854427-744298-0,-1.0,-15.99256,-47.98615,,,,1,2023-06-14T14:25:56+00:00
BRA_227765,Brasília,5300108,,Pioneira,2209,https://moovitapp.com/index/pt-br/transporte_p%C3%BAblico-line-2209-Brasilia-1702-851941-18556640-0,-1.0,-15.785092,-47.907167,,,,1,2023-06-14T14:26:04+00:00
BRA_228877,Brasília,5300108,,Pioneira,0.253,https://moovitapp.com/index/pt-br/transporte_p%C3%BAblico-line-0_253-Brasilia-1702-851941-510254-0,-1.0,-15.804152,-48.12249,,,,1,2023-06-14T14:24:58+00:00
BRA_231363,Brasília,5300108,,Pioneira,073.4,https://moovitapp.com/index/pt-br/transporte_p%C3%BAblico-line-073_4-Brasilia-1702-851941-77944646-0,-1.0,-15.879957,-47.959123,,,,1,2023-06-14T14:25:46+00:00
BRA_229601,Brasília,5300108,,Urbi,0.129,https://moovitapp.com/index/pt-br/transporte_p%C3%BAblico-line-0_129-Brasilia-1702-851595-775097-0,-1.0,-15.874672,-47.958417,,,,1,2023-06-14T14:26:08+00:00
BRA_232556,Brasília,5300108,,Pioneira,2207,https://moovitapp.com/index/pt-br/transporte_p%C3%BAblico-line-2207-Brasilia-1702-851941-422078-0,-1.0,-15.787562,-47.888335,,,,1,2023-06-14T14:26:36+00:00
BRA_228397,Brasília,5300108,,Pioneira,0.253,https://moovitapp.com/index/pt-br/transporte_p%C3%BAblico-line-0_253-Brasilia-1702-851941-510254-0,-1.0,-15.990612,-47.986487,,,,1,2023-06-14T14:25:52+00:00
BRA_227781,Brasília,5300108,,,3202,,,-16.005579,-48.047518,,,,1,2023-06-14T14:26:26+00:00
BRA_226602,Brasília,5300108,,Pioneira,163.1,https://moovitapp.com/index/pt-br/transporte_p%C3%BAblico-line-163_1-Brasilia-1702-851941-242911-0,-1.0,-15.821083,-47.917943,,,,1,2023-06-14T14:25:50+00:00
BRA_230014,Brasília,5300108,,Marechal,206.1,https://moovitapp.com/index/pt-br/transporte_p%C3%BAblico-line-206_1-Brasilia-1702-851940-137149861-0,-1.0,-15.860519,-48.036221,,,,2,2023-06-14T14:27:06+00:00
BRA_229741,Brasília,5300108,,Pioneira,100.3,https://moovitapp.com/index/pt-br/transporte_p%C3%BAblico-line-100_3-Brasilia-1702-851941-419631-0,-1.0,-15.830838,-47.929012,,,,1,2023-06-14T14:26:18+00:00
BRA_231533,Brasília,5300108,,Pioneira,0.011,https://moovitapp.com/index/pt-br/transporte_p%C3%BAblico-line-0_011-Brasilia-1702-851941-775117-0,-1.0,-15.736272,-47.906213,,,,1,2023-06-14T14:26:12+00:00
BRA_232475,Brasília,5300108,,Pioneira,3314,https://moovitapp.com/index/pt-br/transporte_p%C3%BAblico-line-3314-Brasilia-1702-851941-645996-0,-1.0,-16.00795,-48.004088,,,,1,2023-06-14T14:25:54+00:00
BRA_228834,Brasília,5300108,,Pioneira,0.255,https://moovitapp.com/index/pt-br/transporte_p%C3%BAblico-line-0_255-Brasilia-1702-851941-706978-0,-1.0,-15.795202,-48.110696,,,,1,2023-06-14T14:26:52+00:00
BRA_231843,Brasília,5300108,,Pioneira,197.3,https://moovitapp.com/index/pt-br/transporte_p%C3%BAblico-line-197_3-Brasilia-1702-851941-519409-0,-1.0,-15.913237,-47.756989,,,,2,2023-06-14T14:26:16+00:00
BRA_225720,Brasília,5300108,,Pioneira,764.2,https://moovitapp.com/index/pt-br/transporte_p%C3%BAblico-line-764_2-Brasilia-1702-851941-527246-0,-1.0,-15.749726,-47.762685,,,,1,2023-06-14T14:25:26+00:00
BRA_231631,Brasília,5300108,,Pioneira,0.762,https://moovitapp.com/index/pt-br/transporte_p%C3%BAblico-line-0_762-Brasilia-1702-851941-576189-0,-1.0,-15.781879,-47.784651,,,,2,2023-06-14T13:37:32+00:00
BRA_232050,Brasília,5300108,,Pioneira,180.2,https://moovitapp.com/index/pt-br/transporte_p%C3%BAblico-line-180_2-Brasilia-1702-851941-514539-0,-1.0,-15.794336,-47.881875,,,,1,2023-06-14T14:26:18+00:00
BRA_226467,Brasília,5300108,,Pioneira,510.1,https://moovitapp.com/index/pt-br/transporte_p%C3%BAblico-line-510_1-Brasilia-1702-851941-770035-0,-1.0,-15.763116,-47.732587,,,,1,2023-06-14T14:25:34+00:00
BRA_228605,Brasília,5300108,,Pioneira,3308,https://moovitapp.com/index/pt-br/transporte_p%C3%BAblico-line-3308-Brasilia-1702-851941-577772-0,-1.0,-16.006059,-47.9987,,,,1,2023-06-14T14:13:38+00:00
BRA_226092,Brasília,5300108,,UTB,2302,https://moovitapp.com/index/pt-br/transporte_p%C3%BAblico-line-2302-Brasilia-1702-854427-744298-0,-1.0,-15.966805,-47.99191,,,,2,2023-06-14T14:26:02+00:00
BRA_232203,Brasília,5300108,,Pioneira,124.6,https://moovitapp.com/index/pt-br/transporte_p%C3%BAblico-line-124_6-Brasilia-1702-851941-425282-0,-1.0,-15.854702,-47.950057,,,,1,2023-06-14T14:25:36+00:00
BRA_229539,Brasília,5300108,,Pioneira,147.2,https://moovitapp.com/index/pt-br/transporte_p%C3%BAblico-line-147_2-Brasilia-1702-851941-519403-0,-1.0,-15.850479,-47.815881,,,,2,2023-06-14T14:25:34+00:00
BRA_228389,Brasília,5300108,,Pioneira,0.255,https://moovitapp.com/index/pt-br/transporte_p%C3%BAblico-line-0_255-Brasilia-1702-851941-706978-0,-1.0,-15.823013,-48.060717,,,,2,2023-06-14T14:25:50+00:00
BRA_229482,Brasília,5300108,,Pioneira,0.181,https://moovitapp.com/index/pt-br/transporte_p%C3%BAblico-line-0_181-Brasilia-1702-851941-242838-0,-1.0,-15.754285,-47.765781,,,,1,2023-06-14T14:25:48+00:00
BRA_228915,Brasília,5300108,,Pioneira,0.255,https://moovitapp.com/index/pt-br/transporte_p%C3%BAblico-line-0_255-Brasilia-1702-851941-706978-0,-1.0,-15.838938,-48.052706,,,,2,2023-06-14T14:26:20+00:00
BRA_228010,Brasília,5300108,,Taguatur,3305,https://moovitapp.com/index/pt-br/transporte_p%C3%BAblico-line-3305-Brasilia-1702-854428-77810673-0,-1.0,-16.002673,-47.986443,,,,1,2023-06-14T14:26:14+00:00
BRA_226301,Brasília,5300108,,,2202,,,-15.880186,-47.959886,,,,2,2023-06-14T14:26:08+00:00
BRA_232441,Brasília,5300108,,Pioneira,271.3,https://moovitapp.com/index/pt-br/transporte_p%C3%BAblico-line-271_3-Brasilia-1702-851941-669626-0,-1.0,-16.032555,-48.057449,,,,1,2023-06-14T14:26:24+00:00
BRA_228192,Brasília,5300108,,Pioneira,0.225,https://moovitapp.com/index/pt-br/transporte_p%C3%BAblico-line-0_225-Brasilia-1702-851941-510253-0,-1.0,-15.818586,-48.081927,,,,1,2023-06-14T14:26:00+00:00
BRA_226556,Brasília,5300108,,Pioneira,0.111,https://moovitapp.com/index/pt-br/transporte_p%C3%BAblico-line-0_111-Brasilia-1702-851941-432834-0,-1.0,-15.914378,-47.793393,,,,1,2023-06-14T14:26:36+00:00
BRA_230057,Brasília,5300108,,,3207,,,-16.017376,-48.066509,,,,1,2023-06-14T14:26:14+00:00
BRA_229555,Brasília,5300108,,,3206,,,-15.991656,-48.049229,,,,1,2023-06-14T14:26:48+00:00
BRA_229008,Brasília,5300108,,Pioneira,0.255,https://moovitapp.com/index/pt-br/transporte_p%C3%BAblico-line-0_255-Brasilia-1702-851941-706978-0,-1.0,-15.977058,-47.990671,,,,2,2023-06-14T14:26:44+00:00
BRA_231991,Brasília,5300108,,Pioneira,197.3,https://moovitapp.com/index/pt-br/transporte_p%C3%BAblico-line-197_3-Brasilia-1702-851941-519409-0,-1.0,-15.794312,-47.881952,,,,1,2023-06-14T14:22:08+00:00
BRA_229849,Brasília,5300108,,Pioneira,0.147,https://moovitapp.com/index/pt-br/transporte_p%C3%BAblico-line-0_147-Brasilia-1702-851941-519401-0,-1.0,-15.912054,-47.756035,,,,2,2023-06-14T14:26:00+00:00
BRA_231916,Brasília,5300108,,Pioneira,180.1,https://moovitapp.com/index/pt-br/transporte_p%C3%BAblico-line-180_1-Brasilia-1702-851941-339336-0,-1.0,-15.799019,-47.851644,,,,1,2023-06-14T14:26:22+00:00
BRA_228575,Brasília,5300108,,Pioneira,0.255,https://moovitapp.com/index/pt-br/transporte_p%C3%BAblico-line-0_255-Brasilia-1702-851941-706978-0,-1.0,-15.993589,-47.985813,,,,1,2023-06-14T14:26:20+00:00
BRA_230031,Brasília,5300108,,,3204,,,-16.022977,-48.07335,,,,1,2023-06-14T14:26:16+00:00
BRA_226831,Brasília,5300108,,Pioneira,0.510,https://moovitapp.com/index/pt-br/transporte_p%C3%BAblico-line-0_510-Brasilia-1702-851941-16483906-0,-1.0,-15.766689,-47.779921,,,,1,2023-06-14T14:25:52+00:00
BRA_227480,Brasília,5300108,,Pioneira,3210,https://moovitapp.com/index/pt-br/transporte_p%C3%BAblico-line-3210-Brasilia-1702-851941-14518504-0,-1.0,-16.037464,-48.056693,,,,1,2023-06-14T14:25:56+00:00
BRA_228125,Brasília,5300108,,Taguatur,3305,https://moovitapp.com/index/pt-br/transporte_p%C3%BAblico-line-3305-Brasilia-1702-854428-77810673-0,-1.0,-16.044346,-48.041765,,,,1,2023-06-14T14:27:00+00:00
BRA_226343,Brasília,5300108,,,2202,,,-15.812416,-47.896244,,,,2,2023-06-14T14:26:14+00:00
BRA_230138,Brasília,5300108,,Pioneira,3316,https://moovitapp.com/index/pt-br/transporte_p%C3%BAblico-line-3316-Brasilia-1702-851941-59965195-0,-1.0,-16.004126,-47.990264,,,,1,2023-06-14T14:25:06+00:00
BRA_230171,Brasília,5300108,,Taguatur,3302,https://moovitapp.com/index/pt-br/transporte_p%C3%BAblico-line-3302-Brasilia-1702-854428-3135322-0,-1.0,-16.006806,-48.001036,,,,1,2023-06-14T14:26:38+00:00
BRA_232394,Brasília,5300108,,,3301,,,-16.01037,-47.986055,,,,1,2023-06-14T14:21:06+00:00
BRA_229512,Brasília,5300108,,,3204,,,-16.000019,-48.056108,,,,1,2023-06-14T14:26:12+00:00
BRA_226084,Brasília,5300108,,UTB,2302,https://moovitapp.com/index/pt-br/transporte_p%C3%BAblico-line-2302-Brasilia-1702-854427-744298-0,-1.0,-16.002791,-47.98683,,,,1,2023-06-14T14:26:26+00:00
BRA_229083,Brasília,5300108,,Pioneira,181.1,https://moovitapp.com/index/pt-br/transporte_p%C3%BAblico-line-181_1-Brasilia-1702-851941-242915-0,-1.0,-15.913692,-47.757357,,,,2,2023-06-14T14:26:24+00:00
BRA_231649,Brasília,5300108,,Pioneira,759.1,https://moovitapp.com/index/pt-br/transporte_p%C3%BAblico-line-759_1-Brasilia-1702-851941-616183-0,-1.0,-15.75641,-47.772718,,,,1,2023-06-14T14:25:56+00:00
BRA_228028,Brasília,5300108,,Pioneira,170.4,https://moovitapp.com/index/pt-br/transporte_p%C3%BAblico-line-170_4-Brasilia-1702-851941-379787-0,-1.0,-15.980333,-47.819829,,,,1,2023-06-14T14:25:32+00:00
BRA_232076,Brasília,5300108,,Pioneira,181.2,https://moovitapp.com/index/pt-br/transporte_p%C3%BAblico-line-181_2-Brasilia-1702-851941-339338-0,-1.0,-15.889751,-47.800883,,,,1,2023-06-14T14:26:08+00:00
BRA_232190,Brasília,5300108,,Pioneira,205.1,https://moovitapp.com/index/pt-br/transporte_p%C3%BAblico-line-205_1-Brasilia-1702-851941-393571-0,-1.0,-15.809906,-48.089518,,,,1,2023-06-14T14:26:12+00:00
BRA_226882,Brasília,5300108,,,2202,,,-15.942256,-47.988305,,,,2,2023-06-14T14:26:24+00:00
BRA_227862,Brasília,5300108,,,3206,,,-16.020336,-48.082671,,,,1,2023-06-14T14:26:28+00:00
BRA_228222,Brasília,5300108,,,3204,,,-15.998034,-48.058339,,,,1,2023-06-14T14:26:38+00:00
BRA_232459,Brasília,5300108,,Pioneira,271.3,https://moovitapp.com/index/pt-br/transporte_p%C3%BAblico-line-271_3-Brasilia-1702-851941-669626-0,-1.0,-16.024115,-48.032412,,,,1,2023-06-14T08:34:58+00:00
BRA_229938,Brasília,5300108,,,3206,,,-16.034316,-48.058924,,,,1,2023-06-14T14:26:08+00:00
BRA_231827,Brasília,5300108,,Pioneira,180.1,https://moovitapp.com/index/pt-br/transporte_p%C3%BAblico-line-180_1-Brasilia-1702-851941-339336-0,-1.0,-15.912704,-47.756448,,,,1,2023-06-14T14:26:14+00:00
BRA_228729,Brasília,5300108,,Pioneira,2207,https://moovitapp.com/index/pt-br/transporte_p%C3%BAblico-line-2207-Brasilia-1702-851941-422078-0,-1.0,-15.7388,-47.898736,,,,1,2023-06-14T14:26:20+00:00
BRA_231789,Brasília,5300108,,Pioneira,102.1,https://moovitapp.com/index/pt-br/transporte_p%C3%BAblico-line-102_1-Brasilia-1702-851941-775125-0,-1.0,-15.794697,-47.882079,,,,1,2023-06-14T14:17:12+00:00
BRA_227889,Brasília,5300108,,Pioneira,3213,https://moovitapp.com/index/pt-br/transporte_p%C3%BAblico-line-3213-Brasilia-1702-851941-74051275-0,-1.0,-16.027126,-48.031338,,,,1,2023-06-14T14:26:04+00:00
BRA_227137,Brasília,5300108,,Pioneira,196.2,https://moovitapp.com/index/pt-br/transporte_p%C3%BAblico-line-196_2-Brasilia-1702-851941-242925-0,-1.0,-15.783757,-47.895214,,,,1,2023-06-14T14:26:04+00:00
BRA_226637,Brasília,5300108,,Pioneira,0.784,https://moovitapp.com/index/pt-br/transporte_p%C3%BAblico-line-0_784-Brasilia-1702-851941-372405-0,-1.0,-15.762649,-47.780563,,,,1,2023-06-14T14:26:32+00:00
BRA_227871,Brasília,5300108,,Pioneira,181.2,https://moovitapp.com/index/pt-br/transporte_p%C3%BAblico-line-181_2-Brasilia-1702-851941-339338-0,-1.0,-15.910905,-47.754789,,,,1,2023-06-14T14:26:06+00:00
BRA_227854,Brasília,5300108,,Pioneira,181.2,https://moovitapp.com/index/pt-br/transporte_p%C3%BAblico-line-181_2-Brasilia-1702-851941-339338-0,-1.0,-15.900893,-47.778764,,,,1,2023-06-14T14:26:40+00:00
BRA_227307,Brasília,5300108,,Pioneira,147.2,https://moovitapp.com/index/pt-br/transporte_p%C3%BAblico-line-147_2-Brasilia-1702-851941-519403-0,-1.0,-15.803456,-47.851123,,,,1,2023-06-14T14:26:14+00:00
BRA_227234,Brasília,5300108,,Pioneira,147.3,https://moovitapp.com/index/pt-br/transporte_p%C3%BAblico-line-147_3-Brasilia-1702-851941-574203-0,-1.0,-15.794498,-47.882041,,,,2,2023-06-14T14:26:22+00:00
BRA_229971,Brasília,5300108,,,3204,,,-16.014982,-48.067164,,,,1,2023-06-14T14:25:36+00:00
BRA_227391,Brasília,5300108,,Pioneira,183.2,https://moovitapp.com/index/pt-br/transporte_p%C3%BAblico-line-183_2-Brasilia-1702-851941-242920-0,-1.0,-15.858671,-47.832431,,,,1,2023-06-14T14:25:30+00:00
BRA_228435,Brasília,5300108,,,3204,,,-16.024741,-48.058161,,,,1,2023-06-14T14:26:22+00:00
BRA_232068,Brasília,5300108,,Pioneira,180.2,https://moovitapp.com/index/pt-br/transporte_p%C3%BAblico-line-180_2-Brasilia-1702-851941-514539-0,-1.0,-15.816935,-47.835285,,,,2,2023-06-14T14:25:38+00:00
BRA_229920,Brasília,5300108,,,3207,,,-16.018746,-48.067393,,,,1,2023-06-14T14:26:18+00:00
BRA_225533,Brasília,5300108,,,2201,,,-15.958238,-48.0118,,,,1,2023-06-14T09:52:56+00:00
BRA_232009,Brasília,5300108,,Pioneira,197.3,https://moovitapp.com/index/pt-br/transporte_p%C3%BAblico-line-197_3-Brasilia-1702-851941-519409-0,-1.0,-15.842509,-47.845146,,,,1,2023-06-14T14:26:30+00:00
BRA_225959,Brasília,5300108,,UTB,2302,https://moovitapp.com/index/pt-br/transporte_p%C3%BAblico-line-2302-Brasilia-1702-854427-744298-0,-1.0,-15.821687,-47.905965,,,,1,2023-06-14T14:26:54+00:00
BRA_229211,Brasília,5300108,,Pioneira,0.253,https://moovitapp.com/index/pt-br/transporte_p%C3%BAblico-line-0_253-Brasilia-1702-851941-510254-0,-1.0,-16.041682,-48.028133,,,,2,2023-06-14T14:25:34+00:00
BRA_227111,Brasília,5300108,,Pioneira,180.0,https://moovitapp.com/index/pt-br/transporte_p%C3%BAblico-line-180_0-Brasilia-1702-851941-77097780-0,-1.0,-15.820592,-47.83168,,,,2,2023-06-14T14:26:08+00:00
BRA_228869,Brasília,5300108,,Pioneira,251.7,https://moovitapp.com/index/pt-br/transporte_p%C3%BAblico-line-251_7-Brasilia-1702-851941-651524-0,-1.0,-16.02299,-48.080306,,,,1,2023-06-14T14:25:14+00:00
BRA_229059,Brasília,5300108,,Pioneira,251.8,https://moovitapp.com/index/pt-br/transporte_p%C3%BAblico-line-251_8-Brasilia-1702-851941-708654-0,-1.0,-16.032078,-48.057462,,,,1,2023-06-14T14:25:48+00:00
BRA_228044,Brasília,5300108,,Pioneira,170.4,https://moovitapp.com/index/pt-br/transporte_p%C3%BAblico-line-170_4-Brasilia-1702-851941-379787-0,-1.0,-16.049671,-47.8144,,,,1,2023-06-14T14:26:18+00:00
BRA_230201,Brasília,5300108,,Pioneira,0.253,https://moovitapp.com/index/pt-br/transporte_p%C3%BAblico-line-0_253-Brasilia-1702-851941-510254-0,-1.0,-15.977194,-47.990435,,,,2,2023-06-14T14:26:22+00:00
BRA_226785,Brasília,5300108,,Pioneira,0.762,https://moovitapp.com/index/pt-br/transporte_p%C3%BAblico-line-0_762-Brasilia-1702-851941-576189-0,-1.0,-15.810412,-47.802396,,,,2,2023-06-14T09:34:00+00:00
BRA_228443,Brasília,5300108,,Pioneira,784.3,https://moovitapp.com/index/pt-br/transporte_p%C3%BAblico-line-784_3-Brasilia-1702-851941-46904557-0,-1.0,-15.780985,-47.783564,,,,1,2023-06-14T14:25:44+00:00
BRA_228591,Brasília,5300108,,Taguatur,3303,https://moovitapp.com/index/pt-br/transporte_p%C3%BAblico-line-3303-Brasilia-1702-854428-2224148-0,-1.0,-16.002343,-47.986226,,,,1,2023-06-14T14:25:28+00:00
BRA_231355,Brasília,5300108,,Pioneira,183.8,https://moovitapp.com/index/pt-br/transporte_p%C3%BAblico-line-183_8-Brasilia-1702-851941-719958-0,-1.0,-15.91342,-47.757567,,,,1,2023-06-14T14:26:04+00:00
BRA_226611,Brasília,5300108,,Pioneira,764.2,https://moovitapp.com/index/pt-br/transporte_p%C3%BAblico-line-764_2-Brasilia-1702-851941-527246-0,-1.0,-15.795032,-47.882015,,,,2,2023-06-14T14:26:48+00:00
BRA_227455,Brasília,5300108,,Pioneira,183.6,https://moovitapp.com/index/pt-br/transporte_p%C3%BAblico-line-183_6-Brasilia-1702-851941-242921-0,-1.0,-15.910222,-47.767352,,,,1,2023-06-14T14:25:20+00:00
BRA_229792,Brasília,5300108,,Pioneira,0.181,https://moovitapp.com/index/pt-br/transporte_p%C3%BAblico-line-0_181-Brasilia-1702-851941-242838-0,-1.0,-15.869206,-47.822169,,,,2,2023-06-14T14:25:26+00:00
BRA_228168,Brasília,5300108,,Pioneira,2207,https://moovitapp.com/index/pt-br/transporte_p%C3%BAblico-line-2207-Brasilia-1702-851941-422078-0,-1.0,-15.826184,-47.925369,,,,1,2023-06-14T14:26:00+00:00
BRA_231746,Brasília,5300108,,Pioneira,102.1,https://moovitapp.com/index/pt-br/transporte_p%C3%BAblico-line-102_1-Brasilia-1702-851941-775125-0,-1.0,-15.856366,-47.918496,,,,1,2023-06-14T14:26:12+00:00
BRA_231941,Brasília,5300108,,Pioneira,180.0,https://moovitapp.com/index/pt-br/transporte_p%C3%BAblico-line-180_0-Brasilia-1702-851941-77097780-0,-1.0,-15.89657,-47.790914,,,,1,2023-06-14T14:26:22+00:00
BRA_228001,Brasília,5300108,,Pioneira,2207,https://moovitapp.com/index/pt-br/transporte_p%C3%BAblico-line-2207-Brasilia-1702-851941-422078-0,-1.0,-15.783049,-47.887718,,,,1,2023-06-14T14:27:12+00:00
BRA_228311,Brasília,5300108,,Pioneira,0.225,https://moovitapp.com/index/pt-br/transporte_p%C3%BAblico-line-0_225-Brasilia-1702-851941-510253-0,-1.0,-15.85927,-48.066694,,,,2,2023-06-14T14:26:28+00:00
BRA_232581,Brasília,5300108,,Pioneira,2207,https://moovitapp.com/index/pt-br/transporte_p%C3%BAblico-line-2207-Brasilia-1702-851941-422078-0,-1.0,-15.849573,-47.931848,,,,1,2023-06-14T14:25:40+00:00
BRA_226068,Brasília,5300108,,UTB,2302,https://moovitapp.com/index/pt-br/transporte_p%C3%BAblico-line-2302-Brasilia-1702-854427-744298-0,-1.0,-15.947467,-47.992063,,,,2,2023-06-14T14:26:08+00:00
BRA_227790,Brasília,5300108,,,3202,,,-16.012128,-48.046997,,,,1,2023-06-14T14:26:04+00:00
BRA_229946,Brasília,5300108,,Pioneira,073.1,https://moovitapp.com/index/pt-br/transporte_p%C3%BAblico-line-073_1-Brasilia-1702-851941-775123-0,-1.0,-15.844696,-47.893733,,,,1,2023-06-14T14:26:02+00:00
BRA_228052,Brasília,5300108,,,3201,,,-15.991653,-48.049254,,,,1,2023-06-14T14:26:04+00:00
BRA_228907,Brasília,5300108,,Pioneira,0.253,https://moovitapp.com/index/pt-br/transporte_p%C3%BAblico-line-0_253-Brasilia-1702-851941-510254-0,-1.0,-15.820651,-48.081132,,,,1,2023-06-14T14:26:50+00:00
BRA_226521,Brasília,5300108,,Pioneira,100.3,https://moovitapp.com/index/pt-br/transporte_p%C3%BAblico-line-100_3-Brasilia-1702-851941-419631-0,-1.0,-15.813465,-47.907796,,,,2,2023-06-14T14:26:04+00:00
BRA_227064,Brasília,5300108,,Pioneira,0.195,https://moovitapp.com/index/pt-br/transporte_p%C3%BAblico-line-0_195-Brasilia-1702-851941-242845-0,-1.0,-15.912259,-47.75641,,,,2,2023-06-14T14:26:02+00:00
BRA_228991,Brasília,5300108,,Pioneira,251.7,https://moovitapp.com/index/pt-br/transporte_p%C3%BAblico-line-251_7-Brasilia-1702-851941-651524-0,-1.0,-16.018415,-48.067151,,,,1,2023-06-14T14:26:38+00:00
BRA_226653,Brasília,5300108,,Pioneira,759.1,https://moovitapp.com/index/pt-br/transporte_p%C3%BAblico-line-759_1-Brasilia-1702-851941-616183-0,-1.0,-15.759958,-47.891997,,,,2,2023-06-14T14:24:16+00:00
BRA_227587,Brasília,5300108,,Pioneira,0.195,https://moovitapp.com/index/pt-br/transporte_p%C3%BAblico-line-0_195-Brasilia-1702-851941-242845-0,-1.0,-15.869908,-47.821927,,,,1,2023-06-14T14:15:58+00:00
BRA_232301,Brasília,5300108,,Pioneira,0.255,https://moovitapp.com/index/pt-br/transporte_p%C3%BAblico-line-0_255-Brasilia-1702-851941-706978-0,-1.0,-16.005213,-47.996259,,,,2,2023-06-14T14:26:00+00:00
BRA_228109,Brasília,5300108,,,3206,,,-16.037934,-48.056623,,,,1,2023-06-14T14:24:36+00:00
BRA_229369,Brasília,5300108,,Pioneira,2207,https://moovitapp.com/index/pt-br/transporte_p%C3%BAblico-line-2207-Brasilia-1702-851941-422078-0,-1.0,-15.879901,-47.95967,,,,1,2023-06-14T14:23:06+00:00
BRA_226190,Brasília,5300108,,,2202,,,-15.935012,-47.983486,,,,2,2023-06-14T13:21:50+00:00
BRA_228206,Brasília,5300108,,,3207,,,-16.012417,-48.066808,,,,1,2023-06-14T14:25:58+00:00
BRA_227561,Brasília,5300108,,Taguatur,3305,https://moovitapp.com/index/pt-br/transporte_p%C3%BAblico-line-3305-Brasilia-1702-854428-77810673-0,-1.0,-16.049222,-48.022341,,,,1,2023-06-14T14:26:28+00:00
BRA_229245,Brasília,5300108,,Pioneira,0.784,https://moovitapp.com/index/pt-br/transporte_p%C3%BAblico-line-0_784-Brasilia-1702-851941-372405-0,-1.0,-15.762704,-47.785631,,,,1,2023-06-14T14:26:20+00:00
BRA_226904,Brasília,5300108,,Pioneira,760.1,https://moovitapp.com/index/pt-br/transporte_p%C3%BAblico-line-760_1-Brasilia-1702-851941-576193-0,-1.0,-15.750362,-47.762971,,,,2,2023-06-14T14:25:48+00:00
BRA_226211,Brasília,5300108,,UTB,2302,https://moovitapp.com/index/pt-br/transporte_p%C3%BAblico-line-2302-Brasilia-1702-854427-744298-0,-1.0,-15.826389,-47.915057,,,,2,2023-06-14T14:26:06+00:00
BRA_232181,Brasília,5300108,,Pioneira,205.1,https://moovitapp.com/index/pt-br/transporte_p%C3%BAblico-line-205_1-Brasilia-1702-851941-393571-0,-1.0,-15.795089,-48.110703,,,,1,2023-06-14T14:26:12+00:00
BRA_223883,Brasília,5300108,,Pioneira,2207,https://moovitapp.com/index/pt-br/transporte_p%C3%BAblico-line-2207-Brasilia-1702-851941-422078-0,-1.0,-15.880906,-47.959784,,,,1,2023-06-14T14:26:06+00:00
BRA_226840,Brasília,5300108,,Pioneira,759.1,https://moovitapp.com/index/pt-br/transporte_p%C3%BAblico-line-759_1-Brasilia-1702-851941-616183-0,-1.0,-15.750866,-47.89524,,,,1,2023-06-14T14:25:52+00:00
BRA_231479,Brasília,5300108,,Pioneira,0.018,https://moovitapp.com/index/pt-br/transporte_p%C3%BAblico-line-0_018-Brasilia-1702-851941-75742713-0,-1.0,-15.800993,-47.863463,,,,1,2023-06-14T14:24:20+00:00
BRA_226581,Brasília,5300108,,Pioneira,0.765,https://moovitapp.com/index/pt-br/transporte_p%C3%BAblico-line-0_765-Brasilia-1702-851941-576190-0,-1.0,-15.834451,-47.830765,,,,2,2023-06-14T14:26:12+00:00
BRA_225614,Brasília,5300108,,Taguatur,2301,https://moovitapp.com/index/pt-br/transporte_p%C3%BAblico-line-2301-Brasilia-1702-854428-81537943-0,-1.0,-15.785254,-47.895252,,,,1,2023-06-14T14:26:18+00:00
BRA_232041,Brasília,5300108,,Pioneira,180.2,https://moovitapp.com/index/pt-br/transporte_p%C3%BAblico-line-180_2-Brasilia-1702-851941-514539-0,-1.0,-15.840565,-47.823867,,,,2,2023-06-14T14:26:10+00:00
BRA_229105,Brasília,5300108,,Pioneira,3316,https://moovitapp.com/index/pt-br/transporte_p%C3%BAblico-line-3316-Brasilia-1702-851941-59965195-0,-1.0,-16.02347,-48.027892,,,,1,2023-06-14T14:26:04+00:00
BRA_232033,Brasília,5300108,,Pioneira,180.2,https://moovitapp.com/index/pt-br/transporte_p%C3%BAblico-line-180_2-Brasilia-1702-851941-514539-0,-1.0,-15.896141,-47.797278,,,,2,2023-06-14T14:25:56+00:00
BRA_225541,Brasília,5300108,,UTB,2302,https://moovitapp.com/index/pt-br/transporte_p%C3%BAblico-line-2302-Brasilia-1702-854427-744298-0,-1.0,-15.830661,-47.9209,,,,2,2023-06-14T13:30:44+00:00
BRA_230154,Brasília,5300108,,Taguatur,3303,https://moovitapp.com/index/pt-br/transporte_p%C3%BAblico-line-3303-Brasilia-1702-854428-2224148-0,-1.0,-16.039225,-48.027033,,,,1,2023-06-14T14:25:58+00:00
BRA_231924,Brasília,5300108,,Pioneira,180.1,https://moovitapp.com/index/pt-br/transporte_p%C3%BAblico-line-180_1-Brasilia-1702-851941-339336-0,-1.0,-15.8641,-47.820122,,,,1,2023-06-14T14:25:38+00:00
BRA_229806,Brasília,5300108,,Pioneira,147.6,https://moovitapp.com/index/pt-br/transporte_p%C3%BAblico-line-147_6-Brasilia-1702-851941-516646-0,-1.0,-15.872531,-47.822932,,,,2,2023-06-14T14:25:24+00:00
BRA_228923,Brasília,5300108,,Pioneira,073.2,https://moovitapp.com/index/pt-br/transporte_p%C3%BAblico-line-073_2-Brasilia-1702-851941-775124-0,-1.0,-15.859882,-47.932515,,,,1,2023-06-14T14:26:40+00:00
BRA_232122,Brasília,5300108,,Pioneira,181.4,https://moovitapp.com/index/pt-br/transporte_p%C3%BAblico-line-181_4-Brasilia-1702-851941-775126-0,-1.0,-15.891878,-47.794735,,,,1,2023-06-14T14:25:38+00:00
BRA_228478,Brasília,5300108,,Pioneira,205.1,https://moovitapp.com/index/pt-br/transporte_p%C3%BAblico-line-205_1-Brasilia-1702-851941-393571-0,-1.0,-15.837262,-48.047684,,,,1,2023-06-14T14:25:36+00:00
BRA_226173,Brasília,5300108,,UTB,2302,https://moovitapp.com/index/pt-br/transporte_p%C3%BAblico-line-2302-Brasilia-1702-854427-744298-0,-1.0,-15.823571,-47.908623,,,,1,2023-06-14T14:22:26+00:00
BRA_231614,Brasília,5300108,,Pioneira,0.762,https://moovitapp.com/index/pt-br/transporte_p%C3%BAblico-line-0_762-Brasilia-1702-851941-576189-0,-1.0,-15.770297,-47.779502,,,,1,2023-06-14T14:26:56+00:00
BRA_227617,Brasília,5300108,,Pioneira,205.1,https://moovitapp.com/index/pt-br/transporte_p%C3%BAblico-line-205_1-Brasilia-1702-851941-393571-0,-1.0,-15.901537,-48.053616,,,,1,2023-06-14T14:25:38+00:00
BRA_228818,Brasília,5300108,,Pioneira,163.1,https://moovitapp.com/index/pt-br/transporte_p%C3%BAblico-line-163_1-Brasilia-1702-851941-242911-0,-1.0,-15.755053,-47.908362,,,,1,2023-06-14T14:25:42+00:00
BRA_232131,Brasília,5300108,,Pioneira,205.1,https://moovitapp.com/index/pt-br/transporte_p%C3%BAblico-line-205_1-Brasilia-1702-851941-393571-0,-1.0,-15.916548,-48.049445,,,,2,2023-06-14T14:25:36+00:00
BRA_228672,Brasília,5300108,,Pioneira,3308,https://moovitapp.com/index/pt-br/transporte_p%C3%BAblico-line-3308-Brasilia-1702-851941-577772-0,-1.0,-16.035531,-47.976677,,,,1,2023-06-14T14:24:48+00:00
BRA_228354,Brasília,5300108,,Taguatur,3303,https://moovitapp.com/index/pt-br/transporte_p%C3%BAblico-line-3303-Brasilia-1702-854428-2224148-0,-1.0,-16.028419,-48.023028,,,,1,2023-06-14T14:27:06+00:00
BRA_231851,Brasília,5300108,,Pioneira,180.1,https://moovitapp.com/index/pt-br/transporte_p%C3%BAblico-line-180_1-Brasilia-1702-851941-339336-0,-1.0,-15.849199,-47.815531,,,,2,2023-06-14T14:26:06+00:00
BRA_227757,Brasília,5300108,,Pioneira,759.1,https://moovitapp.com/index/pt-br/transporte_p%C3%BAblico-line-759_1-Brasilia-1702-851941-616183-0,-1.0,-15.766007,-47.809466,,,,2,2023-06-14T14:25:46+00:00
BRA_228826,Brasília,5300108,,Pioneira,147.2,https://moovitapp.com/index/pt-br/transporte_p%C3%BAblico-line-147_2-Brasilia-1702-851941-519403-0,-1.0,-15.831143,-47.826079,,,,2,2023-06-14T14:19:24+00:00
BRA_226921,Brasília,5300108,,Pioneira,759.1,https://moovitapp.com/index/pt-br/transporte_p%C3%BAblico-line-759_1-Brasilia-1702-851941-616183-0,-1.0,-15.794568,-47.881818,,,,1,2023-06-14T14:26:34+00:00
BRA_230197,Brasília,5300108,,Taguatur,3303,https://moovitapp.com/index/pt-br/transporte_p%C3%BAblico-line-3303-Brasilia-1702-854428-2224148-0,-1.0,-16.046304,-48.043933,,,,1,2023-06-14T14:26:12+00:00
BRA_227927,Brasília,5300108,,Pioneira,2207,https://moovitapp.com/index/pt-br/transporte_p%C3%BAblico-line-2207-Brasilia-1702-851941-422078-0,-1.0,-15.782901,-47.887718,,,,1,2023-06-14T14:26:10+00:00
BRA_226564,Brasília,5300108,,Pioneira,784.2,https://moovitapp.com/index/pt-br/transporte_p%C3%BAblico-line-784_2-Brasilia-1702-851941-8360792-0,-1.0,-15.773225,-47.779546,,,,1,2023-06-14T14:26:06+00:00
BRA_232416,Brasília,5300108,,Pioneira,3307,https://moovitapp.com/index/pt-br/transporte_p%C3%BAblico-line-3307-Brasilia-1702-851941-519400-0,-1.0,-16.017201,-47.991052,,,,1,2023-06-14T14:26:56+00:00
BRA_231878,Brasília,5300108,,Pioneira,180.0,https://moovitapp.com/index/pt-br/transporte_p%C3%BAblico-line-180_0-Brasilia-1702-851941-77097780-0,-1.0,-15.800036,-47.851224,,,,1,2023-06-14T14:26:24+00:00
BRA_231576,Brasília,5300108,,Pioneira,0.765,https://moovitapp.com/index/pt-br/transporte_p%C3%BAblico-line-0_765-Brasilia-1702-851941-576190-0,-1.0,-15.748634,-47.770041,,,,1,2023-06-14T14:26:06+00:00
BRA_229415,Brasília,5300108,,Pioneira,0.255,https://moovitapp.com/index/pt-br/transporte_p%C3%BAblico-line-0_255-Brasilia-1702-851941-706978-0,-1.0,-15.924856,-48.046584,,,,1,2023-06-14T14:25:32+00:00
BRA_229342,Brasília,5300108,,Pioneira,100.2,https://moovitapp.com/index/pt-br/transporte_p%C3%BAblico-line-100_2-Brasilia-1702-851941-620160-0,-1.0,-15.857951,-47.925795,,,,1,2023-06-14T14:25:24+00:00
BRA_229156,Brasília,5300108,,Pioneira,0.255,https://moovitapp.com/index/pt-br/transporte_p%C3%BAblico-line-0_255-Brasilia-1702-851941-706978-0,-1.0,-15.804453,-48.072803,,,,1,2023-06-14T14:25:26+00:00
BRA_227226,Brasília,5300108,,Pioneira,181.2,https://moovitapp.com/index/pt-br/transporte_p%C3%BAblico-line-181_2-Brasilia-1702-851941-339338-0,-1.0,-15.913598,-47.757256,,,,1,2023-06-14T14:25:34+00:00
BRA_229776,Brasília,5300108,,Pioneira,147.5,https://moovitapp.com/index/pt-br/transporte_p%C3%BAblico-line-147_5-Brasilia-1702-851941-519406-0,-1.0,-15.850905,-47.816135,,,,2,2023-06-14T14:26:14+00:00
BRA_226858,Brasília,5300108,,Pioneira,0.762,https://moovitapp.com/index/pt-br/transporte_p%C3%BAblico-line-0_762-Brasilia-1702-851941-576189-0,-1.0,-15.746055,-47.822531,,,,1,2023-06-14T14:27:12+00:00
BRA_231550,Brasília,5300108,,Pioneira,0.030,https://moovitapp.com/index/pt-br/transporte_p%C3%BAblico-line-0_030-Brasilia-1702-851941-775118-0,-1.0,-15.810424,-47.9036,,,,1,2023-06-14T14:25:38+00:00
BRA_231436,Brasília,5300108,,Pioneira,183.0,https://moovitapp.com/index/pt-br/transporte_p%C3%BAblico-line-183_0-Brasilia-1702-851941-26502248-0,-1.0,-15.913707,-47.757478,,,,1,2023-06-14T14:25:32+00:00
BRA_231622,Brasília,5300108,,Pioneira,0.102,https://moovitapp.com/index/pt-br/transporte_p%C3%BAblico-line-0_102-Brasilia-1702-851941-775119-0,-1.0,-15.817691,-47.91327,,,,1,2023-06-14T14:25:28+00:00
BRA_228575,Brasília,5300108,,Pioneira,0.255,https://moovitapp.com/index/pt-br/transporte_p%C3%BAblico-line-0_255-Brasilia-1702-851941-706978-0,-1.0,-16.015341,-48.015106,,,,1,2023-06-14T10:14:20+00:00
BRA_229709,Brasília,5300108,,Pioneira,147.6,https://moovitapp.com/index/pt-br/transporte_p%C3%BAblico-line-147_6-Brasilia-1702-851941-516646-0,-1.0,-15.913266,-47.757275,,,,2,2023-06-14T14:26:20+00:00
BRA_228095,Brasília,5300108,,Pioneira,147.5,https://moovitapp.com/index/pt-br/transporte_p%C3%BAblico-line-147_5-Brasilia-1702-851941-519406-0,-1.0,-15.840236,-47.824127,,,,2,2023-06-14T14:26:04+00:00
BRA_232211,Brasília,5300108,,,3211,,,-15.991599,-48.049464,,,,1,2023-06-14T14:26:12+00:00
BRA_223930,Brasília,5300108,,Pioneira,2207,https://moovitapp.com/index/pt-br/transporte_p%C3%BAblico-line-2207-Brasilia-1702-851941-422078-0,-1.0,-15.797178,-47.891431,,,,1,2023-06-14T14:26:16+00:00
BRA_223930,Brasília,5300108,,Pioneira,2310,https://moovitapp.com/index/pt-br/transporte_p%C3%BAblico-line-2310-Brasilia-1702-851941-57764377-0,-1.0,-15.813036,-47.949141,,,,2,2023-06-13T21:56:00+00:00
BRA_229881,Brasília,5300108,,Pioneira,147.3,https://moovitapp.com/index/pt-br/transporte_p%C3%BAblico-line-147_3-Brasilia-1702-851941-574203-0,-1.0,-15.907119,-47.77507,,,,2,2023-06-14T14:18:20+00:00
BRA_223930,Brasília,5300108,,Pioneira,2207,https://moovitapp.com/index/pt-br/transporte_p%C3%BAblico-line-2207-Brasilia-1702-851941-422078-0,-1.0,-15.763694,-47.890859,,,,1,2023-06-14T12:55:10+00:00
BRA_232637,Brasília,5300108,,,2202,,,-15.844804,-47.931377,,,,1,2023-06-14T14:26:24+00:00
BRA_225754,Brasília,5300108,,Pioneira,764.2,https://moovitapp.com/index/pt-br/transporte_p%C3%BAblico-line-764_2-Brasilia-1702-851941-527246-0,-1.0,-15.747614,-47.766964,,,,2,2023-06-14T14:26:16+00:00
BRA_228427,Brasília,5300108,,Pioneira,205.1,https://moovitapp.com/index/pt-br/transporte_p%C3%BAblico-line-205_1-Brasilia-1702-851941-393571-0,-1.0,-15.865105,-48.033716,,,,2,2023-06-14T14:25:40+00:00
BRA_227811,Brasília,5300108,,Pioneira,147.5,https://moovitapp.com/index/pt-br/transporte_p%C3%BAblico-line-147_5-Brasilia-1702-851941-519406-0,-1.0,-15.783834,-47.887477,,,,1,2023-06-14T14:26:18+00:00
BRA_229067,Brasília,5300108,,Pioneira,251.8,https://moovitapp.com/index/pt-br/transporte_p%C3%BAblico-line-251_8-Brasilia-1702-851941-708654-0,-1.0,-16.012627,-48.062428,,,,1,2023-06-14T14:26:24+00:00
BRA_227463,Brasília,5300108,,Pioneira,180.1,https://moovitapp.com/index/pt-br/transporte_p%C3%BAblico-line-180_1-Brasilia-1702-851941-339336-0,-1.0,-15.794042,-47.881805,,,,1,2023-06-14T14:25:44+00:00
BRA_226530,Brasília,5300108,,Pioneira,0.111,https://moovitapp.com/index/pt-br/transporte_p%C3%BAblico-line-0_111-Brasilia-1702-851941-432834-0,-1.0,-15.914513,-47.792344,,,,1,2023-06-14T14:25:52+00:00
BRA_228362,Brasília,5300108,,Pioneira,3316,https://moovitapp.com/index/pt-br/transporte_p%C3%BAblico-line-3316-Brasilia-1702-851941-59965195-0,-1.0,-16.010506,-48.008659,,,,1,2023-06-14T14:25:42+00:00
BRA_226378,Brasília,5300108,,,2202,,,-15.863075,-47.939102,,,,1,2023-06-14T14:26:10+00:00
BRA_231908,Brasília,5300108,,Pioneira,180.0,https://moovitapp.com/index/pt-br/transporte_p%C3%BAblico-line-180_0-Brasilia-1702-851941-77097780-0,-1.0,-15.858877,-47.818729,,,,2,2023-06-14T14:25:46+00:00
BRA_226157,Brasília,5300108,,UTB,2302,https://moovitapp.com/index/pt-br/transporte_p%C3%BAblico-line-2302-Brasilia-1702-854427-744298-0,-1.0,-15.880591,-47.95993,,,,2,2023-06-14T14:22:36+00:00
BRA_228460,Brasília,5300108,,Pioneira,197.3,https://moovitapp.com/index/pt-br/transporte_p%C3%BAblico-line-197_3-Brasilia-1702-851941-519409-0,-1.0,-15.896966,-47.790513,,,,1,2023-06-14T14:25:46+00:00
BRA_227994,Brasília,5300108,,Pioneira,0.181,https://moovitapp.com/index/pt-br/transporte_p%C3%BAblico-line-0_181-Brasilia-1702-851941-242838-0,-1.0,-15.751891,-47.779877,,,,2,2023-06-14T14:25:30+00:00
BRA_232271,Brasília,5300108,,Pioneira,205.1,https://moovitapp.com/index/pt-br/transporte_p%C3%BAblico-line-205_1-Brasilia-1702-851941-393571-0,-1.0,-15.995396,-48.054239,,,,2,2023-06-14T14:27:02+00:00
BRA_229431,Brasília,5300108,,Pioneira,0.253,https://moovitapp.com/index/pt-br/transporte_p%C3%BAblico-line-0_253-Brasilia-1702-851941-510254-0,-1.0,-15.80157,-48.123545,,,,2,2023-06-14T14:24:10+00:00
BRA_226106,Brasília,5300108,,UTB,2302,https://moovitapp.com/index/pt-br/transporte_p%C3%BAblico-line-2302-Brasilia-1702-854427-744298-0,-1.0,-16.002276,-47.986474,,,,2,2023-06-14T14:26:14+00:00
BRA_229661,Brasília,5300108,,Pioneira,100.3,https://moovitapp.com/index/pt-br/transporte_p%C3%BAblico-line-100_3-Brasilia-1702-851941-419631-0,-1.0,-15.765103,-47.780137,,,,1,2023-06-14T14:25:58+00:00
BRA_232157,Brasília,5300108,,Pioneira,205.1,https://moovitapp.com/index/pt-br/transporte_p%C3%BAblico-line-205_1-Brasilia-1702-851941-393571-0,-1.0,-15.836965,-48.047849,,,,1,2023-06-14T14:25:20+00:00
BRA_227340,Brasília,5300108,,Pioneira,0.181,https://moovitapp.com/index/pt-br/transporte_p%C3%BAblico-line-0_181-Brasilia-1702-851941-242838-0,-1.0,-15.911296,-47.758858,,,,1,2023-06-14T14:26:00+00:00
BRA_225649,Brasília,5300108,,,2202,,,-15.984991,-48.041879,,,,2,2023-06-14T14:26:26+00:00
BRA_229580,Brasília,5300108,,,3201,,,-16.032899,-48.05799,,,,1,2023-06-14T14:26:20+00:00
BRA_226769,Brasília,5300108,,Pioneira,764.2,https://moovitapp.com/index/pt-br/transporte_p%C3%BAblico-line-764_2-Brasilia-1702-851941-527246-0,-1.0,-15.797922,-47.866216,,,,1,2023-06-14T14:26:22+00:00
BRA_232343,Brasília,5300108,,,3301,,,-16.042273,-48.025698,,,,1,2023-06-14T14:26:44+00:00
BRA_231380,Brasília,5300108,,Pioneira,3209,https://moovitapp.com/index/pt-br/transporte_p%C3%BAblico-line-3209-Brasilia-1702-851941-705116-0,-1.0,-16.017134,-48.052509,,,,1,2023-06-14T14:25:46+00:00
BRA_232173,Brasília,5300108,,Pioneira,124.6,https://moovitapp.com/index/pt-br/transporte_p%C3%BAblico-line-124_6-Brasilia-1702-851941-425282-0,-1.0,-15.879773,-47.959098,,,,1,2023-06-14T14:26:16+00:00
BRA_226866,Brasília,5300108,,Pioneira,183.6,https://moovitapp.com/index/pt-br/transporte_p%C3%BAblico-line-183_6-Brasilia-1702-851941-242921-0,-1.0,-15.88954,-47.800877,,,,1,2023-06-14T14:26:32+00:00
BRA_229466,Brasília,5300108,,Pioneira,181.2,https://moovitapp.com/index/pt-br/transporte_p%C3%BAblico-line-181_2-Brasilia-1702-851941-339338-0,-1.0,-15.858486,-47.866515,,,,1,2023-06-14T14:26:22+00:00
BRA_227978,Brasília,5300108,,Pioneira,147.4,https://moovitapp.com/index/pt-br/transporte_p%C3%BAblico-line-147_4-Brasilia-1702-851941-574204-0,-1.0,-15.859609,-47.829817,,,,1,2023-06-14T14:25:40+00:00
BRA_227706,Brasília,5300108,,Pioneira,147.2,https://moovitapp.com/index/pt-br/transporte_p%C3%BAblico-line-147_2-Brasilia-1702-851941-519403-0,-1.0,-15.912717,-47.7525,,,,2,2023-06-14T14:26:16+00:00
BRA_228231,Brasília,5300108,,,3207,,,-16.013342,-48.075849,,,,1,2023-06-14T14:26:18+00:00
BRA_227358,Brasília,5300108,,Pioneira,170.4,https://moovitapp.com/index/pt-br/transporte_p%C3%BAblico-line-170_4-Brasilia-1702-851941-379787-0,-1.0,-15.973592,-47.819092,,,,1,2023-06-14T14:25:58+00:00
BRA_225592,Brasília,5300108,,UTB,2302,https://moovitapp.com/index/pt-br/transporte_p%C3%BAblico-line-2302-Brasilia-1702-854427-744298-0,-1.0,-15.800662,-47.886224,,,,2,2023-06-14T14:26:18+00:00
BRA_231975,Brasília,5300108,,Pioneira,197.3,https://moovitapp.com/index/pt-br/transporte_p%C3%BAblico-line-197_3-Brasilia-1702-851941-519409-0,-1.0,-15.822171,-47.830536,,,,2,2023-06-14T14:25:24+00:00
BRA_232408,Brasília,5300108,,Pioneira,251.8,https://moovitapp.com/index/pt-br/transporte_p%C3%BAblico-line-251_8-Brasilia-1702-851941-708654-0,-1.0,-16.009902,-48.06211,,,,1,2023-06-14T14:26:16+00:00
BRA_232238,Brasília,5300108,,Pioneira,205.1,https://moovitapp.com/index/pt-br/transporte_p%C3%BAblico-line-205_1-Brasilia-1702-851941-393571-0,-1.0,-16.038246,-48.057564,,,,1,2023-06-14T14:26:06+00:00
BRA_231819,Brasília,5300108,,Pioneira,180.0,https://moovitapp.com/index/pt-br/transporte_p%C3%BAblico-line-180_0-Brasilia-1702-851941-77097780-0,-1.0,-15.794112,-47.881824,,,,2,2023-06-14T14:25:54+00:00
BRA_228931,Brasília,5300108,,Pioneira,251.8,https://moovitapp.com/index/pt-br/transporte_p%C3%BAblico-line-251_8-Brasilia-1702-851941-708654-0,-1.0,-16.037721,-48.034224,,,,1,2023-06-14T14:27:04+00:00
BRA_227731,Brasília,5300108,,Pioneira,180.0,https://moovitapp.com/index/pt-br/transporte_p%C3%BAblico-line-180_0-Brasilia-1702-851941-77097780-0,-1.0,-15.869589,-47.822264,,,,2,2023-06-14T14:25:50+00:00
BRA_226131,Brasília,5300108,,UTB,2302,https://moovitapp.com/index/pt-br/transporte_p%C3%BAblico-line-2302-Brasilia-1702-854427-744298-0,-1.0,-15.94216,-47.988159,,,,1,2023-06-14T14:25:26+00:00
BRA_228541,Brasília,5300108,,Pioneira,181.2,https://moovitapp.com/index/pt-br/transporte_p%C3%BAblico-line-181_2-Brasilia-1702-851941-339338-0,-1.0,-15.847905,-47.855776,,,,1,2023-06-14T14:26:06+00:00
BRA_229407,Brasília,5300108,,Pioneira,0.255,https://moovitapp.com/index/pt-br/transporte_p%C3%BAblico-line-0_255-Brasilia-1702-851941-706978-0,-1.0,-15.854478,-48.039031,,,,1,2023-06-14T14:27:14+00:00
BRA_232106,Brasília,5300108,,Pioneira,181.2,https://moovitapp.com/index/pt-br/transporte_p%C3%BAblico-line-181_2-Brasilia-1702-851941-339338-0,-1.0,-15.832818,-47.868073,,,,1,2023-06-14T14:26:00+00:00
BRA_232505,Brasília,5300108,,Pioneira,3315,https://moovitapp.com/index/pt-br/transporte_p%C3%BAblico-line-3315-Brasilia-1702-851941-645997-0,-1.0,-16.038052,-48.034065,,,,1,2023-06-14T14:25:48+00:00
BRA_226629,Brasília,5300108,,Pioneira,100.2,https://moovitapp.com/index/pt-br/transporte_p%C3%BAblico-line-100_2-Brasilia-1702-851941-620160-0,-1.0,-15.759819,-47.781256,,,,1,2023-06-14T14:26:52+00:00
BRA_229199,Brasília,5300108,,Pioneira,3314,https://moovitapp.com/index/pt-br/transporte_p%C3%BAblico-line-3314-Brasilia-1702-851941-645996-0,-1.0,-16.02094,-47.988146,,,,1,2023-06-14T14:26:20+00:00
BRA_227633,Brasília,5300108,,Pioneira,147.2,https://moovitapp.com/index/pt-br/transporte_p%C3%BAblico-line-147_2-Brasilia-1702-851941-519403-0,-1.0,-15.80163,-47.851008,,,,1,2023-06-14T14:26:02+00:00
BRA_223841,Brasília,5300108,,Pioneira,2210,https://moovitapp.com/index/pt-br/transporte_p%C3%BAblico-line-2210-Brasilia-1702-851941-57764370-0,-1.0,-15.857177,-47.955766,,,,1,2023-06-14T09:15:02+00:00
BRA_231592,Brasília,5300108,,Pioneira,780.1,https://moovitapp.com/index/pt-br/transporte_p%C3%BAblico-line-780_1-Brasilia-1702-851941-531040-0,-1.0,-15.795361,-47.874405,,,,1,2023-06-14T14:26:04+00:00
BRA_226891,Brasília,5300108,,Pioneira,0.763,https://moovitapp.com/index/pt-br/transporte_p%C3%BAblico-line-0_763-Brasilia-1702-851941-468878-0,-1.0,-15.834495,-47.81707,,,,1,2023-06-14T14:26:24+00:00
BRA_231690,Brasília,5300108,,Pioneira,780.1,https://moovitapp.com/index/pt-br/transporte_p%C3%BAblico-line-780_1-Brasilia-1702-851941-531040-0,-1.0,-15.747832,-47.761865,,,,2,2023-06-14T14:25:50+00:00
BRA_232386,Brasília,5300108,,,3301,,,-16.038277,-48.022697,,,,1,2023-06-14T14:25:20+00:00
BRA_231886,Brasília,5300108,,Pioneira,181.5,https://moovitapp.com/index/pt-br/transporte_p%C3%BAblico-line-181_5-Brasilia-1702-851941-756866-0,-1.0,-15.872904,-47.822665,,,,1,2023-06-14T14:25:22+00:00
BRA_227285,Brasília,5300108,,Pioneira,2209,https://moovitapp.com/index/pt-br/transporte_p%C3%BAblico-line-2209-Brasilia-1702-851941-18556640-0,-1.0,-15.87983,-47.95986,,,,1,2023-06-14T14:26:16+00:00
BRA_232378,Brasília,5300108,,Taguatur,3302,https://moovitapp.com/index/pt-br/transporte_p%C3%BAblico-line-3302-Brasilia-1702-854428-3135322-0,-1.0,-16.042213,-48.026881,,,,1,2023-06-14T14:25:54+00:00
BRA_225789,Brasília,5300108,,Pioneira,764.2,https://moovitapp.com/index/pt-br/transporte_p%C3%BAblico-line-764_2-Brasilia-1702-851941-527246-0,-1.0,-15.782552,-47.777829,,,,2,2023-06-14T14:25:58+00:00
BRA_229831,Brasília,5300108,,Pioneira,0.147,https://moovitapp.com/index/pt-br/transporte_p%C3%BAblico-line-0_147-Brasilia-1702-851941-519401-0,-1.0,-15.835231,-47.914726,,,,1,2023-06-14T14:25:38+00:00
BRA_228290,Brasília,5300108,,Pioneira,3213,https://moovitapp.com/index/pt-br/transporte_p%C3%BAblico-line-3213-Brasilia-1702-851941-74051275-0,-1.0,-16.00344,-48.051428,,,,1,2023-06-14T14:25:58+00:00
BRA_230146,Brasília,5300108,,Pioneira,251.8,https://moovitapp.com/index/pt-br/transporte_p%C3%BAblico-line-251_8-Brasilia-1702-851941-708654-0,-1.0,-16.0026,-47.986379,,,,1,2023-06-14T14:25:58+00:00
BRA_226980,Brasília,5300108,,Urbi,0.129,https://moovitapp.com/index/pt-br/transporte_p%C3%BAblico-line-0_129-Brasilia-1702-851595-775097-0,-1.0,-15.843706,-47.88988,,,,1,2023-06-14T14:25:12+00:00
BRA_228494,Brasília,5300108,,Taguatur,3303,https://moovitapp.com/index/pt-br/transporte_p%C3%BAblico-line-3303-Brasilia-1702-854428-2224148-0,-1.0,-16.012118,-47.985438,,,,1,2023-06-14T14:26:26+00:00
BRA_228419,Brasília,5300108,,Pioneira,147.5,https://moovitapp.com/index/pt-br/transporte_p%C3%BAblico-line-147_5-Brasilia-1702-851941-519406-0,-1.0,-15.78022,-47.887839,,,,2,2023-06-14T14:25:20+00:00
BRA_228575,Brasília,5300108,,Pioneira,0.255,https://moovitapp.com/index/pt-br/transporte_p%C3%BAblico-line-0_255-Brasilia-1702-851941-706978-0,-1.0,-15.805875,-48.076001,,,,2,2023-06-12T15:58:20+00:00
BRA_228761,Brasília,5300108,,Pioneira,251.7,https://moovitapp.com/index/pt-br/transporte_p%C3%BAblico-line-251_7-Brasilia-1702-851941-651524-0,-1.0,-16.020727,-48.023295,,,,1,2023-06-14T14:25:30+00:00
BRA_229725,Brasília,5300108,,Pioneira,100.8,https://moovitapp.com/index/pt-br/transporte_p%C3%BAblico-line-100_8-Brasilia-1702-851941-576191-0,-1.0,-15.752751,-47.780112,,,,2,2023-06-14T14:26:34+00:00
BRA_230022,Brasília,5300108,,,3207,,,-16.009934,-48.062237,,,,1,2023-06-14T14:25:26+00:00
BRA_226505,Brasília,5300108,,Pioneira,761.1,https://moovitapp.com/index/pt-br/transporte_p%C3%BAblico-line-761_1-Brasilia-1702-851941-620161-0,-1.0,-15.757162,-47.747452,,,,1,2023-06-14T14:25:54+00:00
BRA_229601,Brasília,5300108,,Pioneira,784.3,https://moovitapp.com/index/pt-br/transporte_p%C3%BAblico-line-784_3-Brasilia-1702-851941-46904557-0,-1.0,-15.74693,-47.782534,,,,1,2023-06-13T16:18:12+00:00
BRA_229474,Brasília,5300108,,Pioneira,147.5,https://moovitapp.com/index/pt-br/transporte_p%C3%BAblico-line-147_5-Brasilia-1702-851941-519406-0,-1.0,-15.795824,-47.880203,,,,2,2023-06-14T14:25:38+00:00
BRA_229423,Brasília,5300108,,Pioneira,0.255,https://moovitapp.com/index/pt-br/transporte_p%C3%BAblico-line-0_255-Brasilia-1702-851941-706978-0,-1.0,-16.022345,-48.025756,,,,1,2023-06-14T14:26:24+00:00
BRA_225657,Brasília,5300108,,,2202,,,-15.905479,-47.963929,,,,1,2023-06-14T14:25:58+00:00
BRA_232360,Brasília,5300108,,,3301,,,-16.006078,-47.986748,,,,1,2023-06-14T14:25:30+00:00
BRA_228966,Brasília,5300108,,Pioneira,2207,https://moovitapp.com/index/pt-br/transporte_p%C3%BAblico-line-2207-Brasilia-1702-851941-422078-0,-1.0,-15.827359,-47.927099,,,,1,2023-06-14T14:26:18+00:00
BRA_229890,Brasília,5300108,,Pioneira,147.6,https://moovitapp.com/index/pt-br/transporte_p%C3%BAblico-line-147_6-Brasilia-1702-851941-516646-0,-1.0,-15.8928,-47.793311,,,,2,2023-06-14T14:25:54+00:00
BRA_228257,Brasília,5300108,,Urbi,206.2,https://moovitapp.com/index/pt-br/transporte_p%C3%BAblico-line-206_2-Brasilia-1702-851595-781328-0,-1.0,-15.969434,-48.126699,,,,1,2023-06-14T14:26:02+00:00
BRA_229113,Brasília,5300108,,Pioneira,0.255,https://moovitapp.com/index/pt-br/transporte_p%C3%BAblico-line-0_255-Brasilia-1702-851941-706978-0,-1.0,-16.03473,-48.034072,,,,1,2023-06-14T14:26:38+00:00
BRA_225738,Brasília,5300108,,Pioneira,764.2,https://moovitapp.com/index/pt-br/transporte_p%C3%BAblico-line-764_2-Brasilia-1702-851941-527246-0,-1.0,-15.757325,-47.778561,,,,1,2023-06-14T14:26:12+00:00
BRA_228371,Brasília,5300108,,Taguatur,3302,https://moovitapp.com/index/pt-br/transporte_p%C3%BAblico-line-3302-Brasilia-1702-854428-3135322-0,-1.0,-16.036863,-48.034224,,,,1,2023-06-14T14:25:38+00:00
BRA_232351,Brasília,5300108,,,3301,,,-16.041974,-48.019328,,,,1,2023-06-14T14:26:10+00:00
BRA_230090,Brasília,5300108,,Taguatur,3302,https://moovitapp.com/index/pt-br/transporte_p%C3%BAblico-line-3302-Brasilia-1702-854428-3135322-0,-1.0,-16.045602,-48.02821,,,,1,2023-06-14T14:26:08+00:00
BRA_226998,Brasília,5300108,,Pioneira,0.763,https://moovitapp.com/index/pt-br/transporte_p%C3%BAblico-line-0_763-Brasilia-1702-851941-468878-0,-1.0,-15.845626,-47.895481,,,,2,2023-06-14T14:26:02+00:00
BRA_229903,Brasília,5300108,,Pioneira,160.3,https://moovitapp.com/index/pt-br/transporte_p%C3%BAblico-line-160_3-Brasilia-1702-851941-242910-0,-1.0,-15.803275,-47.887934,,,,2,2023-06-14T14:26:04+00:00
BRA_229822,Brasília,5300108,,Pioneira,147.3,https://moovitapp.com/index/pt-br/transporte_p%C3%BAblico-line-147_3-Brasilia-1702-851941-574203-0,-1.0,-15.894524,-47.791499,,,,1,2023-06-14T14:25:42+00:00
BRA_227846,Brasília,5300108,,Pioneira,2211,https://moovitapp.com/index/pt-br/transporte_p%C3%BAblico-line-2211-Brasilia-1702-851941-57764371-0,-1.0,-15.881082,-47.959854,,,,1,2023-06-14T14:26:18+00:00
BRA_228524,Brasília,5300108,,Pioneira,3307,https://moovitapp.com/index/pt-br/transporte_p%C3%BAblico-line-3307-Brasilia-1702-851941-519400-0,-1.0,-16.008745,-47.986029,,,,1,2023-06-14T14:24:46+00:00
BRA_229181,Brasília,5300108,,Pioneira,0.255,https://moovitapp.com/index/pt-br/transporte_p%C3%BAblico-line-0_255-Brasilia-1702-851941-706978-0,-1.0,-15.811804,-48.089645,,,,2,2023-06-14T14:25:42+00:00
BRA_227986,Brasília,5300108,,Pioneira,147.5,https://moovitapp.com/index/pt-br/transporte_p%C3%BAblico-line-147_5-Brasilia-1702-851941-519406-0,-1.0,-15.913334,-47.757186,,,,1,2023-06-14T14:07:46+00:00
BRA_231452,Brasília,5300108,,Pioneira,784.3,https://moovitapp.com/index/pt-br/transporte_p%C3%BAblico-line-784_3-Brasilia-1702-851941-46904557-0,-1.0,-15.74512,-47.783246,,,,1,2023-06-14T14:22:34+00:00
BRA_229911,Brasília,5300108,,Pioneira,0.225,https://moovitapp.com/index/pt-br/transporte_p%C3%BAblico-line-0_225-Brasilia-1702-851941-510253-0,-1.0,-16.024131,-48.070928,,,,2,2023-06-14T14:25:42+00:00
BRA_226777,Brasília,5300108,,Pioneira,759.1,https://moovitapp.com/index/pt-br/transporte_p%C3%BAblico-line-759_1-Brasilia-1702-851941-616183-0,-1.0,-15.746309,-47.763226,,,,2,2023-06-14T14:25:36+00:00
BRA_227951,Brasília,5300108,,Pioneira,147.7,https://moovitapp.com/index/pt-br/transporte_p%C3%BAblico-line-147_7-Brasilia-1702-851941-574205-0,-1.0,-15.883619,-47.773474,,,,2,2023-06-14T14:25:46+00:00
BRA_227579,Brasília,5300108,,Pioneira,147.5,https://moovitapp.com/index/pt-br/transporte_p%C3%BAblico-line-147_5-Brasilia-1702-851941-519406-0,-1.0,-15.86949,-47.822252,,,,2,2023-06-14T13:36:02+00:00
BRA_228176,Brasília,5300108,,Pioneira,205.1,https://moovitapp.com/index/pt-br/transporte_p%C3%BAblico-line-205_1-Brasilia-1702-851941-393571-0,-1.0,-16.036872,-48.059764,,,,1,2023-06-14T14:26:08+00:00
BRA_232017,Brasília,5300108,,Pioneira,197.3,https://moovitapp.com/index/pt-br/transporte_p%C3%BAblico-line-197_3-Brasilia-1702-851941-519409-0,-1.0,-15.793749,-47.881799,,,,1,2023-06-14T14:24:24+00:00
BRA_229857,Brasília,5300108,,Pioneira,147.5,https://moovitapp.com/index/pt-br/transporte_p%C3%BAblico-line-147_5-Brasilia-1702-851941-519406-0,-1.0,-15.913626,-47.757523,,,,1,2023-06-14T14:25:48+00:00
BRA_231762,Brasília,5300108,,Pioneira,100.8,https://moovitapp.com/index/pt-br/transporte_p%C3%BAblico-line-100_8-Brasilia-1702-851941-576191-0,-1.0,-15.814584,-47.90936,,,,1,2023-06-14T14:27:08+00:00
BRA_228958,Brasília,5300108,,Pioneira,147.5,https://moovitapp.com/index/pt-br/transporte_p%C3%BAblico-line-147_5-Brasilia-1702-851941-519406-0,-1.0,-15.901,-47.772845,,,,1,2023-06-14T14:25:30+00:00
BRA_231771,Brasília,5300108,,Pioneira,0.765,https://moovitapp.com/index/pt-br/transporte_p%C3%BAblico-line-0_765-Brasilia-1702-851941-576190-0,-1.0,-15.793934,-47.881748,,,,1,2023-06-14T14:26:26+00:00
BRA_232530,Brasília,5300108,,Pioneira,2211,https://moovitapp.com/index/pt-br/transporte_p%C3%BAblico-line-2211-Brasilia-1702-851941-57764371-0,-1.0,-15.79963,-47.923379,,,,1,2023-06-14T14:25:58+00:00
BRA_227749,Brasília,5300108,,Pioneira,183.2,https://moovitapp.com/index/pt-br/transporte_p%C3%BAblico-line-183_2-Brasilia-1702-851941-242920-0,-1.0,-15.875168,-47.822697,,,,1,2023-06-14T14:26:28+00:00
BRA_232653,Brasília,5300108,,Pioneira,2209,https://moovitapp.com/index/pt-br/transporte_p%C3%BAblico-line-2209-Brasilia-1702-851941-18556640-0,-1.0,-15.810933,-47.941569,,,,1,2023-06-14T14:25:54+00:00
BRA_223832,Brasília,5300108,,,2202,,,-15.967758,-48.022488,,,,1,2023-06-14T14:26:00+00:00
BRA_227919,Brasília,5300108,,Pioneira,0.225,https://moovitapp.com/index/pt-br/transporte_p%C3%BAblico-line-0_225-Brasilia-1702-851941-510253-0,-1.0,-16.003942,-48.078278,,,,1,2023-06-14T14:26:10+00:00
BRA_229628,Brasília,5300108,,Pioneira,760.1,https://moovitapp.com/index/pt-br/transporte_p%C3%BAblico-line-760_1-Brasilia-1702-851941-576193-0,-1.0,-15.757149,-47.774676,,,,1,2023-06-14T14:26:06+00:00
BRA_225690,Brasília,5300108,,Pioneira,764.2,https://moovitapp.com/index/pt-br/transporte_p%C3%BAblico-line-764_2-Brasilia-1702-851941-527246-0,-1.0,-15.81621,-47.805982,,,,1,2023-06-14T14:28:14+00:00
BRA_225576,Brasília,5300108,,Taguatur,2301,https://moovitapp.com/index/pt-br/transporte_p%C3%BAblico-line-2301-Brasilia-1702-854428-81537943-0,-1.0,-16.023801,-48.029246,,,,1,2023-06-14T14:26:50+00:00
BRA_228214,Brasília,5300108,,Pioneira,207.2,https://moovitapp.com/index/pt-br/transporte_p%C3%BAblico-line-207_2-Brasilia-1702-851941-137149862-0,-1.0,-16.036411,-48.055478,,,,1,2023-06-14T14:25:40+00:00
BRA_227200,Brasília,5300108,,,2203,,,-15.99247,-48.050386,,,,1,2023-06-14T14:26:12+00:00
BRA_226734,Brasília,5300108,,Pioneira,100.2,https://moovitapp.com/index/pt-br/transporte_p%C3%BAblico-line-100_2-Brasilia-1702-851941-620160-0,-1.0,-15.858243,-47.925471,,,,1,2023-06-14T14:25:38+00:00
BRA_227366,Brasília,5300108,,Pioneira,2209,https://moovitapp.com/index/pt-br/transporte_p%C3%BAblico-line-2209-Brasilia-1702-851941-18556640-0,-1.0,-15.811984,-47.948162,,,,1,2023-06-14T14:26:14+00:00
BRA_77534,Brasília,5300108,,Urbi,0.808,https://moovitapp.com/index/pt-br/transporte_p%C3%BAblico-line-0_808-Brasilia-1702-851595-372359-0,-1.0,-15.808954,-48.085812,,,,1,2023-06-14T11:10:16+00:00
BRA_77356,Brasília,5300108,,Urbi,0.818,https://moovitapp.com/index/pt-br/transporte_p%C3%BAblico-line-0_818-Brasilia-1702-851595-242550-0,-1.0,-15.923055,-48.108802,,,,1,2023-06-14T14:26:38+00:00
BRA_77372,Brasília,5300108,,Urbi,0.873,https://moovitapp.com/index/pt-br/transporte_p%C3%BAblico-line-0_873-Brasilia-1702-851595-510238-0,-1.0,-15.922675,-48.108738,,,,1,2023-06-14T01:17:10+00:00
BRA_77704,Brasília,5300108,,Urbi,0.883,https://moovitapp.com/index/pt-br/transporte_p%C3%BAblico-line-0_883-Brasilia-1702-851595-510239-0,-1.0,-15.942297,-48.037626,,,,2,2023-06-14T14:26:00+00:00
BRA_78719,Brasília,5300108,,Urbi,397.2,https://moovitapp.com/index/pt-br/transporte_p%C3%BAblico-line-397_2-Brasilia-1702-851595-890938-0,-1.0,-15.817154,-48.117327,,,,2,2023-06-14T14:26:02+00:00
BRA_710369,Brasília,5300108,,São José,0.310,https://moovitapp.com/index/pt-br/transporte_p%C3%BAblico-line-0_310-Brasilia-1702-851943-775131-0,-1.0,-15.801557,-47.886847,,,,2,2023-06-14T14:25:46+00:00
BRA_710415,Brasília,5300108,,São José,0.310,https://moovitapp.com/index/pt-br/transporte_p%C3%BAblico-line-0_310-Brasilia-1702-851943-775131-0,-1.0,-15.787665,-48.134595,,,,1,2023-06-13T02:43:20+00:00
BRA_710351,Brasília,5300108,,São José,0.310,https://moovitapp.com/index/pt-br/transporte_p%C3%BAblico-line-0_310-Brasilia-1702-851943-775131-0,-1.0,-15.794377,-47.883211,,,,2,2023-06-14T13:17:22+00:00
BRA_78646,Brasília,5300108,,São José,0.312,https://moovitapp.com/index/pt-br/transporte_p%C3%BAblico-line-0_312-Brasilia-1702-851943-706987-0,-1.0,-15.789425,-48.01763,,,,1,2023-06-14T14:25:40+00:00
BRA_710407,Brasília,5300108,,São José,0.322,https://moovitapp.com/index/pt-br/transporte_p%C3%BAblico-line-0_322-Brasilia-1702-851943-706989-0,-1.0,-15.811687,-47.988668,,,,1,2023-06-14T14:25:36+00:00
BRA_710563,Brasília,5300108,,São José,0.334,https://moovitapp.com/index/pt-br/transporte_p%C3%BAblico-line-0_334-Brasilia-1702-851943-706993-0,-1.0,-15.78987,-48.134862,,,,1,2023-06-11T08:56:30+00:00
BRA_710474,Brasília,5300108,,São José,0.335,https://moovitapp.com/index/pt-br/transporte_p%C3%BAblico-line-0_335-Brasilia-1702-851943-775135-0,-1.0,-15.813217,-48.130679,,,,1,2023-06-14T14:25:50+00:00
BRA_77062,Brasília,5300108,,Urbi,0.812,https://moovitapp.com/index/pt-br/transporte_p%C3%BAblico-line-0_812-Brasilia-1702-851595-697958-0,-1.0,-15.8053,-48.133724,,,,1,2023-06-14T14:26:10+00:00
BRA_76783,Brasília,5300108,,Urbi,0.346,https://moovitapp.com/index/pt-br/transporte_p%C3%BAblico-line-0_346-Brasilia-1702-851595-46461186-0,-1.0,-15.799127,-48.14836,,,,1,2023-06-13T01:50:28+00:00
BRA_76724,Brasília,5300108,,São José,0.350,https://moovitapp.com/index/pt-br/transporte_p%C3%BAblico-line-0_350-Brasilia-1702-851943-376176-0,-1.0,-15.808496,-48.157038,,,,1,2023-06-14T14:26:22+00:00
BRA_75973,Brasília,5300108,,São José,0.350,https://moovitapp.com/index/pt-br/transporte_p%C3%BAblico-line-0_350-Brasilia-1702-851943-376176-0,-1.0,-15.836334,-48.064678,,,,1,2023-06-14T14:25:38+00:00
BRA_710539,Brasília,5300108,,São José,0.375,https://moovitapp.com/index/pt-br/transporte_p%C3%BAblico-line-0_375-Brasilia-1702-851943-39496914-0,-1.0,-15.792363,-47.911865,,,,2,2023-06-14T14:25:56+00:00
BRA_76660,Brasília,5300108,,São José,0.385,https://moovitapp.com/index/pt-br/transporte_p%C3%BAblico-line-0_385-Brasilia-1702-851943-516651-0,-1.0,-15.830455,-47.929381,,,,1,2023-06-14T14:25:36+00:00
BRA_78140,Brasília,5300108,,São José,0.343,https://moovitapp.com/index/pt-br/transporte_p%C3%BAblico-line-0_343-Brasilia-1702-851943-706996-0,-1.0,-15.799834,-48.056915,,,,1,2023-06-14T14:25:42+00:00
BRA_711039,Brasília,5300108,,São José,0.413,https://moovitapp.com/index/pt-br/transporte_p%C3%BAblico-line-0_413-Brasilia-1702-851943-781649-0,-1.0,-15.807439,-47.968431,,,,1,2023-06-14T14:26:18+00:00
BRA_78051,Brasília,5300108,,São José,0.362,https://moovitapp.com/index/pt-br/transporte_p%C3%BAblico-line-0_362-Brasilia-1702-851943-707001-0,-1.0,-15.87447,-48.015418,,,,1,2023-06-14T14:24:22+00:00
BRA_77798,Brasília,5300108,,São José,0.364,https://moovitapp.com/index/pt-br/transporte_p%C3%BAblico-line-0_364-Brasilia-1702-851943-707002-0,-1.0,-15.81889,-48.087026,,,,1,2023-06-14T14:15:36+00:00
BRA_77909,Brasília,5300108,,Urbi,0.368,https://moovitapp.com/index/pt-br/transporte_p%C3%BAblico-line-0_368-Brasilia-1702-851595-706971-0,-1.0,-15.842225,-48.045458,,,,1,2023-06-14T14:26:02+00:00
BRA_79138,Brasília,5300108,,São José,0.371,https://moovitapp.com/index/pt-br/transporte_p%C3%BAblico-line-0_371-Brasilia-1702-851943-470770-0,-1.0,-15.794064,-48.111504,,,,1,2023-06-14T12:16:22+00:00
BRA_79936,Brasília,5300108,,São José,0.379,https://moovitapp.com/index/pt-br/transporte_p%C3%BAblico-line-0_379-Brasilia-1702-851943-707007-0,-1.0,-15.788568,-48.134494,,,,1,2023-06-13T22:51:54+00:00
BRA_75841,Brasília,5300108,,São José,0.906,https://moovitapp.com/index/pt-br/transporte_p%C3%BAblico-line-0_906-Brasilia-1702-851943-3944979-0,-1.0,-15.79323,-48.057284,,,,1,2023-06-14T14:26:22+00:00
BRA_710571,Brasília,5300108,,São José,0.920,https://moovitapp.com/index/pt-br/transporte_p%C3%BAblico-line-0_920-Brasilia-1702-851943-707019-0,-1.0,-15.817478,-48.013072,,,,2,2023-06-14T14:25:34+00:00
BRA_78921,Brasília,5300108,,São José,0.929,https://moovitapp.com/index/pt-br/transporte_p%C3%BAblico-line-0_929-Brasilia-1702-851943-5294667-0,-1.0,-15.788086,-48.135206,,,,1,2023-06-14T14:25:38+00:00
BRA_78344,Brasília,5300108,,São José,0.929,https://moovitapp.com/index/pt-br/transporte_p%C3%BAblico-line-0_929-Brasilia-1702-851943-5294667-0,-1.0,-15.815398,-48.100956,,,,1,2023-06-14T14:25:10+00:00
BRA_79693,Brasília,5300108,,São José,0.929,https://moovitapp.com/index/pt-br/transporte_p%C3%BAblico-line-0_929-Brasilia-1702-851943-5294667-0,-1.0,-15.806286,-48.137933,,,,1,2023-06-14T14:11:12+00:00
BRA_78182,Brasília,5300108,,São José,0.949,https://moovitapp.com/index/pt-br/transporte_p%C3%BAblico-line-0_949-Brasilia-1702-851943-707026-0,-1.0,-15.834042,-48.010509,,,,1,2023-06-14T14:25:14+00:00
BRA_79189,Brasília,5300108,,São José,0.949,https://moovitapp.com/index/pt-br/transporte_p%C3%BAblico-line-0_949-Brasilia-1702-851943-707026-0,-1.0,-15.787962,-48.134583,,,,1,2023-06-13T17:55:32+00:00
BRA_79782,Brasília,5300108,,São José,0.927,https://moovitapp.com/index/pt-br/transporte_p%C3%BAblico-line-0_927-Brasilia-1702-851943-775155-0,-1.0,-15.787996,-48.135339,,,,1,2023-06-14T14:26:06+00:00
BRA_79511,Brasília,5300108,,São José,0.928,https://moovitapp.com/index/pt-br/transporte_p%C3%BAblico-line-0_928-Brasilia-1702-851943-756868-0,-1.0,-15.808217,-48.156949,,,,1,2023-06-14T14:26:26+00:00
BRA_76431,Brasília,5300108,,São José,0.928,https://moovitapp.com/index/pt-br/transporte_p%C3%BAblico-line-0_928-Brasilia-1702-851943-756868-0,-1.0,-15.810237,-48.150827,,,,1,2023-06-14T14:26:04+00:00
BRA_78590,Brasília,5300108,,São José,949.1,https://moovitapp.com/index/pt-br/transporte_p%C3%BAblico-line-949_1-Brasilia-1702-851943-707069-0,-1.0,-15.838985,-48.05256,,,,1,2023-06-14T14:25:50+00:00
BRA_78531,Brasília,5300108,,São José,949.1,https://moovitapp.com/index/pt-br/transporte_p%C3%BAblico-line-949_1-Brasilia-1702-851943-707069-0,-1.0,-15.8686,-48.019468,,,,1,2023-06-14T14:26:14+00:00
BRA_76406,Brasília,5300108,,São José,332.1,https://moovitapp.com/index/pt-br/transporte_p%C3%BAblico-line-332_1-Brasilia-1702-851943-2068455-0,-1.0,-15.833227,-48.056006,,,,1,2023-06-14T14:25:52+00:00
BRA_78417,Brasília,5300108,,São José,374.2,https://moovitapp.com/index/pt-br/transporte_p%C3%BAblico-line-374_2-Brasilia-1702-851943-775166-0,-1.0,-15.787754,-48.133756,,,,2,2023-06-14T14:17:28+00:00
BRA_711217,Brasília,5300108,,São José,0.159,https://moovitapp.com/index/pt-br/transporte_p%C3%BAblico-line-0_159-Brasilia-1702-851943-375523-0,-1.0,-15.806568,-48.079352,,,,2,2023-06-14T14:01:54+00:00
BRA_76465,Brasília,5300108,,São José,0.159,https://moovitapp.com/index/pt-br/transporte_p%C3%BAblico-line-0_159-Brasilia-1702-851943-375523-0,-1.0,-15.825979,-48.059732,,,,1,2023-06-14T14:25:54+00:00
BRA_711179,Brasília,5300108,,São José,0.159,https://moovitapp.com/index/pt-br/transporte_p%C3%BAblico-line-0_159-Brasilia-1702-851943-375523-0,-1.0,-15.820581,-48.133851,,,,2,2023-06-14T14:25:20+00:00
BRA_711225,Brasília,5300108,,São José,0.159,https://moovitapp.com/index/pt-br/transporte_p%C3%BAblico-line-0_159-Brasilia-1702-851943-375523-0,-1.0,-15.815268,-48.100886,,,,2,2023-06-14T14:26:14+00:00
BRA_77682,Brasília,5300108,,Urbi,398.1,https://moovitapp.com/index/pt-br/transporte_p%C3%BAblico-line-398_1-Brasilia-1702-851595-510241-0,-1.0,-15.822694,-48.115229,,,,2,2023-06-14T14:25:40+00:00
BRA_710873,Brasília,5300108,,São José,0.400,https://moovitapp.com/index/pt-br/transporte_p%C3%BAblico-line-0_400-Brasilia-1702-851943-481325-0,-1.0,-15.658857,-48.199725,,,,2,2023-06-14T14:26:08+00:00
BRA_500321,Brasília,5300108,,São José,0.402,https://moovitapp.com/index/pt-br/transporte_p%C3%BAblico-line-0_402-Brasilia-1702-851943-781335-0,-1.0,-15.81855,-48.106634,,,,1,2023-06-14T14:26:16+00:00
BRA_711004,Brasília,5300108,,São José,402.1,https://moovitapp.com/index/pt-br/transporte_p%C3%BAblico-line-402_1-Brasilia-1702-851943-707060-0,-1.0,-15.662913,-48.195395,,,,1,2023-06-14T14:25:28+00:00
BRA_500135,Brasília,5300108,,São José,0.421,https://moovitapp.com/index/pt-br/transporte_p%C3%BAblico-line-0_421-Brasilia-1702-851943-476299-0,-1.0,-15.657374,-48.197048,,,,1,2023-06-14T14:25:34+00:00
BRA_76091,Brasília,5300108,,São José,0.956,https://moovitapp.com/index/pt-br/transporte_p%C3%BAblico-line-0_956-Brasilia-1702-851943-347190-0,-1.0,-15.807916,-48.15686,,,,1,2023-06-14T14:25:26+00:00
BRA_500143,Brasília,5300108,,São José,0.420,https://moovitapp.com/index/pt-br/transporte_p%C3%BAblico-line-0_420-Brasilia-1702-851943-783026-0,-1.0,-15.788026,-48.01194,,,,1,2023-06-14T14:26:16+00:00
BRA_79383,Brasília,5300108,,São José,158.4,https://moovitapp.com/index/pt-br/transporte_p%C3%BAblico-line-158_4-Brasilia-1702-851943-432840-0,-1.0,-15.782061,-48.000852,,,,1,2023-06-14T14:07:42+00:00
BRA_79391,Brasília,5300108,,Urbi,0.038,https://moovitapp.com/index/pt-br/transporte_p%C3%BAblico-line-0_038-Brasilia-1702-851595-687419-0,-1.0,-15.885652,-48.022812,,,,1,2023-06-12T19:10:18+00:00
BRA_79448,Brasília,5300108,,Urbi,084.1,https://moovitapp.com/index/pt-br/transporte_p%C3%BAblico-line-084_1-Brasilia-1702-851595-466292-0,-1.0,-15.764154,-47.923831,,,,2,2023-06-14T14:26:08+00:00
BRA_77089,Brasília,5300108,,Urbi,084.1,https://moovitapp.com/index/pt-br/transporte_p%C3%BAblico-line-084_1-Brasilia-1702-851595-466292-0,-1.0,-15.885652,-48.022958,,,,1,2023-06-14T14:25:22+00:00
BRA_77321,Brasília,5300108,,Urbi,086.1,https://moovitapp.com/index/pt-br/transporte_p%C3%BAblico-line-086_1-Brasilia-1702-851595-481321-0,-1.0,-15.838432,-47.984834,,,,1,2023-06-14T14:26:00+00:00
BRA_711250,Brasília,5300108,,São José,0.092,https://moovitapp.com/index/pt-br/transporte_p%C3%BAblico-line-0_092-Brasilia-1702-851943-496589-0,-1.0,-15.821139,-47.954781,,,,1,2023-06-14T02:47:44+00:00
BRA_711292,Brasília,5300108,,São José,0.092,https://moovitapp.com/index/pt-br/transporte_p%C3%BAblico-line-0_092-Brasilia-1702-851943-496589-0,-1.0,-15.830542,-48.054366,,,,1,2023-06-14T14:25:34+00:00
BRA_710962,Brasília,5300108,,São José,406.1,https://moovitapp.com/index/pt-br/transporte_p%C3%BAblico-line-406_1-Brasilia-1702-851943-707061-0,-1.0,-15.666518,-48.190436,,,,2,2023-06-14T14:25:54+00:00
BRA_79081,Brasília,5300108,,Urbi,0.886,https://moovitapp.com/index/pt-br/transporte_p%C3%BAblico-line-0_886-Brasilia-1702-851595-704024-0,-1.0,-15.787927,-48.134659,,,,2,2023-06-12T15:13:30+00:00
BRA_76988,Brasília,5300108,,Urbi,0.886,https://moovitapp.com/index/pt-br/transporte_p%C3%BAblico-line-0_886-Brasilia-1702-851595-704024-0,-1.0,-15.809112,-48.086225,,,,2,2023-06-14T14:25:52+00:00
BRA_79278,Brasília,5300108,,São José,414.1,https://moovitapp.com/index/pt-br/transporte_p%C3%BAblico-line-414_1-Brasilia-1702-851943-773711-0,-1.0,-15.660899,-48.196756,,,,1,2023-06-14T14:25:52+00:00
BRA_79901,Brasília,5300108,,São José,929.1,https://moovitapp.com/index/pt-br/transporte_p%C3%BAblico-line-929_1-Brasilia-1702-851943-5294764-0,-1.0,-15.785818,-48.136916,,,,1,2023-06-14T14:26:02+00:00
BRA_79031,Brasília,5300108,,São José,364.7,https://moovitapp.com/index/pt-br/transporte_p%C3%BAblico-line-364_7-Brasilia-1702-851943-76416976-0,-1.0,-15.803782,-48.096296,,,,1,2023-06-14T14:25:40+00:00
BRA_117757,Brasília,5300108,,Piracicabana,0.114,https://moovitapp.com/index/pt-br/transporte_p%C3%BAblico-line-0_114-Brasilia-1702-850942-242379-0,-1.0,-15.77337,-47.90593,,,,,2023-06-11T19:53:25+00:00
BRA_120553,Brasília,5300108,,Piracicabana,0.116,https://moovitapp.com/index/pt-br/transporte_p%C3%BAblico-line-0_116-Brasilia-1702-850942-242381-0,-1.0,-15.77448,-47.90736,,,,1,2023-06-12T08:11:22+00:00
BRA_118621,Brasília,5300108,,Piracicabana,0.107,https://moovitapp.com/index/pt-br/transporte_p%C3%BAblico-line-0_107-Brasilia-1702-850942-242377-0,-1.0,-15.76807,-47.87282,,,,,2023-06-13T21:52:24+00:00
BRA_119954,Brasília,5300108,,Piracicabana,0.128,https://moovitapp.com/index/pt-br/transporte_p%C3%BAblico-line-0_128-Brasilia-1702-850942-382511-0,-1.0,-15.80656,-47.89925,,,,1,2023-06-13T22:09:14+00:00
BRA_119156,Brasília,5300108,,Piracicabana,063.1,https://moovitapp.com/index/pt-br/transporte_p%C3%BAblico-line-063_1-Brasilia-1702-850942-339291-0,-1.0,-15.78566,-47.88765,,,,1,2023-06-14T00:26:39+00:00
BRA_118206,Brasília,5300108,,Piracicabana,116.2,https://moovitapp.com/index/pt-br/transporte_p%C3%BAblico-line-116_2-Brasilia-1702-850942-60842780-0,-1.0,-15.78216,-47.90905,,,,,2023-06-14T10:01:18+00:00
BRA_119555,Brasília,5300108,,Piracicabana,519.2,https://moovitapp.com/index/pt-br/transporte_p%C3%BAblico-line-519_2-Brasilia-1702-850942-242483-0,-1.0,-15.71625,-47.89853,,,,,2023-06-14T11:41:23+00:00
BRA_118664,Brasília,5300108,,Piracicabana,106.2,https://moovitapp.com/index/pt-br/transporte_p%C3%BAblico-line-106_2-Brasilia-1702-850942-242433-0,-1.0,-15.75459,-47.89399,,,,,2023-06-14T11:53:22+00:00
BRA_118397,Brasília,5300108,,Piracicabana,107.1,https://moovitapp.com/index/pt-br/transporte_p%C3%BAblico-line-107_1-Brasilia-1702-850942-242434-0,-1.0,-15.79419,-47.8832,,,,,2023-06-14T11:55:52+00:00
BRA_119482,Brasília,5300108,,Piracicabana,136.9,https://moovitapp.com/index/pt-br/transporte_p%C3%BAblico-line-136_9-Brasilia-1702-850942-773702-0,-1.0,-15.6871,-47.85942,,,,,2023-06-14T12:14:46+00:00
BRA_119202,Brasília,5300108,,Piracicabana,152.2,https://moovitapp.com/index/pt-br/transporte_p%C3%BAblico-line-152_2-Brasilia-1702-850942-504334-0,-1.0,-15.78654,-47.90944,,,,,2023-06-14T12:33:09+00:00
BRA_119628,Brasília,5300108,,Piracicabana,512.1,https://moovitapp.com/index/pt-br/transporte_p%C3%BAblico-line-512_1-Brasilia-1702-850942-474401-0,-1.0,-15.64898,-47.78292,,,,,2023-06-14T12:47:50+00:00
BRA_117030,Brasília,5300108,,Piracicabana,601.2,https://moovitapp.com/index/pt-br/transporte_p%C3%BAblico-line-601_2-Brasilia-1702-850942-322378-0,-1.0,-15.60283,-47.64174,,,,,2023-06-14T12:51:32+00:00
BRA_116751,Brasília,5300108,,Piracicabana,0.169,https://moovitapp.com/index/pt-br/transporte_p%C3%BAblico-line-0_169-Brasilia-1702-850942-242393-0,-1.0,-15.78638,-47.89906,,,,,2023-06-14T12:59:58+00:00
BRA_117935,Brasília,5300108,,Piracicabana,062.9,https://moovitapp.com/index/pt-br/transporte_p%C3%BAblico-line-062_9-Brasilia-1702-850942-77230028-0,-1.0,-15.62506,-47.84474,,,,,2023-06-14T13:25:27+00:00
BRA_120260,Brasília,5300108,,Piracicabana,116.2,https://moovitapp.com/index/pt-br/transporte_p%C3%BAblico-line-116_2-Brasilia-1702-850942-60842780-0,-1.0,-15.78496,-47.90781,,,,,2023-06-14T13:28:40+00:00
BRA_119091,Brasília,5300108,,Piracicabana,063.2,https://moovitapp.com/index/pt-br/transporte_p%C3%BAblico-line-063_2-Brasilia-1702-850942-137934615-0,-1.0,-15.64699,-47.80607,,,,,2023-06-14T13:41:29+00:00
BRA_117391,Brasília,5300108,,Piracicabana,0.169,https://moovitapp.com/index/pt-br/transporte_p%C3%BAblico-line-0_169-Brasilia-1702-850942-242393-0,-1.0,-15.78706,-47.89792,,,,,2023-06-14T13:43:38+00:00
BRA_119288,Brasília,5300108,,Piracicabana,0.509,https://moovitapp.com/index/pt-br/transporte_p%C3%BAblico-line-0_509-Brasilia-1702-850942-242397-0,-1.0,-15.68872,-47.85835,,,,1,2023-06-14T13:46:00+00:00
BRA_117641,Brasília,5300108,,Piracicabana,136.6,https://moovitapp.com/index/pt-br/transporte_p%C3%BAblico-line-136_6-Brasilia-1702-850942-773700-0,-1.0,-15.83512,-47.93131,,,,,2023-06-14T13:55:28+00:00
BRA_119679,Brasília,5300108,,Piracicabana,505.3,https://moovitapp.com/index/pt-br/transporte_p%C3%BAblico-line-505_3-Brasilia-1702-850942-352626-0,-1.0,-15.64963,-47.78609,,,,1,2023-06-14T14:09:40+00:00
BRA_119393,Brasília,5300108,,Piracicabana,511.4,https://moovitapp.com/index/pt-br/transporte_p%C3%BAblico-line-511_4-Brasilia-1702-850942-770030-0,-1.0,-15.6438,-47.8147,,,,1,2023-06-14T14:11:33+00:00
BRA_120405,Brasília,5300108,,Piracicabana,0.116,https://moovitapp.com/index/pt-br/transporte_p%C3%BAblico-line-0_116-Brasilia-1702-850942-242381-0,-1.0,-15.78658,-47.88784,,,,1,2023-06-14T14:17:09+00:00
BRA_116211,Brasília,5300108,,Piracicabana,601.2,https://moovitapp.com/index/pt-br/transporte_p%C3%BAblico-line-601_2-Brasilia-1702-850942-322378-0,-1.0,-15.61859,-47.65367,,,,1,2023-06-14T14:17:27+00:00
BRA_118010,Brasília,5300108,,Piracicabana,105.2,https://moovitapp.com/index/pt-br/transporte_p%C3%BAblico-line-105_2-Brasilia-1702-850942-12015265-0,-1.0,-15.81499,-47.90989,,,,1,2023-06-14T14:17:48+00:00
BRA_118583,Brasília,5300108,,Piracicabana,640.2,https://moovitapp.com/index/pt-br/transporte_p%C3%BAblico-line-640_2-Brasilia-1702-850942-697957-0,-1.0,-15.59733,-47.65394,,,,,2023-06-14T14:18:36+00:00
BRA_117871,Brasília,5300108,,Piracicabana,0.501,https://moovitapp.com/index/pt-br/transporte_p%C3%BAblico-line-0_501-Brasilia-1702-850942-663228-0,-1.0,-15.65029,-47.80397,,,,,2023-06-14T14:19:36+00:00
BRA_116912,Brasília,5300108,,Piracicabana,0.024,https://moovitapp.com/index/pt-br/transporte_p%C3%BAblico-line-0_024-Brasilia-1702-850942-781320-0,-1.0,-15.7953,-47.87439,,,,,2023-06-14T14:19:38+00:00
BRA_118524,Brasília,5300108,,Piracicabana,162.1,https://moovitapp.com/index/pt-br/transporte_p%C3%BAblico-line-162_1-Brasilia-1702-850942-762425-0,-1.0,-15.79524,-47.88159,,,,1,2023-06-14T14:19:41+00:00
BRA_116254,Brasília,5300108,,Piracicabana,601.5,https://moovitapp.com/index/pt-br/transporte_p%C3%BAblico-line-601_5-Brasilia-1702-850942-697953-0,-1.0,-15.61844,-47.65424,,,,1,2023-06-14T14:20:02+00:00
BRA_115291,Brasília,5300108,,Piracicabana,0.109,https://moovitapp.com/index/pt-br/transporte_p%C3%BAblico-line-0_109-Brasilia-1702-850942-139332631-0,-1.0,-15.7937,-47.88166,,,,1,2023-06-14T14:20:35+00:00
BRA_121061,Brasília,5300108,,Piracicabana,640.2,https://moovitapp.com/index/pt-br/transporte_p%C3%BAblico-line-640_2-Brasilia-1702-850942-697957-0,-1.0,-15.71794,-47.89799,,,,,2023-06-14T14:21:36+00:00
BRA_117447,Brasília,5300108,,Piracicabana,116.1,https://moovitapp.com/index/pt-br/transporte_p%C3%BAblico-line-116_1-Brasilia-1702-850942-476288-0,-1.0,-15.79331,-47.88158,,,,1,2023-06-14T14:21:36+00:00
BRA_117358,Brasília,5300108,,Piracicabana,136.5,https://moovitapp.com/index/pt-br/transporte_p%C3%BAblico-line-136_5-Brasilia-1702-850942-516628-0,-1.0,-15.8366,-47.93332,,,,1,2023-06-14T14:21:45+00:00
BRA_119181,Brasília,5300108,,Piracicabana,519.2,https://moovitapp.com/index/pt-br/transporte_p%C3%BAblico-line-519_2-Brasilia-1702-850942-242483-0,-1.0,-15.83585,-47.93306,,,,1,2023-06-14T14:22:23+00:00
BRA_121011,Brasília,5300108,,Piracicabana,620.1,https://moovitapp.com/index/pt-br/transporte_p%C3%BAblico-line-620_1-Brasilia-1702-850942-697955-0,-1.0,-15.65679,-47.78804,,,,,2023-06-14T14:22:25+00:00
BRA_118311,Brasília,5300108,,Piracicabana,128.4,https://moovitapp.com/index/pt-br/transporte_p%C3%BAblico-line-128_4-Brasilia-1702-850942-401624-0,-1.0,-15.79614,-47.89097,,,,,2023-06-14T14:22:27+00:00
BRA_116769,Brasília,5300108,,Piracicabana,151.2,https://moovitapp.com/index/pt-br/transporte_p%C3%BAblico-line-151_2-Brasilia-1702-850942-242458-0,-1.0,-15.80817,-47.90067,,,,,2023-06-14T14:22:29+00:00
BRA_118711,Brasília,5300108,,Piracicabana,0.152,https://moovitapp.com/index/pt-br/transporte_p%C3%BAblico-line-0_152-Brasilia-1702-850942-504333-0,-1.0,-15.79883,-47.9454,,,,,2023-06-14T14:22:42+00:00
BRA_119008,Brasília,5300108,,Piracicabana,158.1,https://moovitapp.com/index/pt-br/transporte_p%C3%BAblico-line-158_1-Brasilia-1702-850942-775094-0,-1.0,-15.78356,-47.99781,,,,,2023-06-14T14:22:49+00:00
BRA_116874,Brasília,5300108,,Piracicabana,0.032,https://moovitapp.com/index/pt-br/transporte_p%C3%BAblico-line-0_032-Brasilia-1702-850942-786257-0,-1.0,-15.83617,-47.93261,,,,1,2023-06-14T14:23:10+00:00
BRA_116955,Brasília,5300108,,Piracicabana,601.1,https://moovitapp.com/index/pt-br/transporte_p%C3%BAblico-line-601_1-Brasilia-1702-850942-322377-0,-1.0,-15.6216,-47.63857,,,,1,2023-06-14T14:23:30+00:00
BRA_115355,Brasília,5300108,,Piracicabana,0.109,https://moovitapp.com/index/pt-br/transporte_p%C3%BAblico-line-0_109-Brasilia-1702-850942-139332631-0,-1.0,-15.77462,-47.90773,,,,1,2023-06-14T14:23:52+00:00
BRA_118303,Brasília,5300108,,Piracicabana,600.7,https://moovitapp.com/index/pt-br/transporte_p%C3%BAblico-line-600_7-Brasilia-1702-850942-698442-0,-1.0,-15.59882,-47.67612,,,,,2023-06-14T14:24:24+00:00
BRA_115363,Brasília,5300108,,Piracicabana,0.109,https://moovitapp.com/index/pt-br/transporte_p%C3%BAblico-line-0_109-Brasilia-1702-850942-139332631-0,-1.0,-15.77416,-47.90788,,,,1,2023-06-14T14:24:37+00:00
BRA_120642,Brasília,5300108,,Piracicabana,640.2,https://moovitapp.com/index/pt-br/transporte_p%C3%BAblico-line-640_2-Brasilia-1702-850942-697957-0,-1.0,-15.61826,-47.65463,,,,1,2023-06-14T14:24:39+00:00
BRA_118877,Brasília,5300108,,Piracicabana,0.152,https://moovitapp.com/index/pt-br/transporte_p%C3%BAblico-line-0_152-Brasilia-1702-850942-504333-0,-1.0,-15.7937,-47.88319,,,,1,2023-06-14T14:24:51+00:00
BRA_118028,Brasília,5300108,,Piracicabana,0.517,https://moovitapp.com/index/pt-br/transporte_p%C3%BAblico-line-0_517-Brasilia-1702-850942-242400-0,-1.0,-15.82121,-47.91864,,,,,2023-06-14T14:25:03+00:00
BRA_120952,Brasília,5300108,,Piracicabana,0.509,https://moovitapp.com/index/pt-br/transporte_p%C3%BAblico-line-0_509-Brasilia-1702-850942-242397-0,-1.0,-15.79306,-47.88171,,,,1,2023-06-14T14:25:04+00:00
BRA_118508,Brasília,5300108,,Piracicabana,0.114,https://moovitapp.com/index/pt-br/transporte_p%C3%BAblico-line-0_114-Brasilia-1702-850942-242379-0,-1.0,-15.79335,-47.88505,,,,1,2023-06-14T14:25:05+00:00
BRA_116696,Brasília,5300108,,Piracicabana,0.168,https://moovitapp.com/index/pt-br/transporte_p%C3%BAblico-line-0_168-Brasilia-1702-850942-242392-0,-1.0,-15.78422,-47.9105,,,,,2023-06-14T14:25:13+00:00
BRA_116181,Brasília,5300108,,Piracicabana,066.6,https://moovitapp.com/index/pt-br/transporte_p%C3%BAblico-line-066_6-Brasilia-1702-850942-770027-0,-1.0,-15.61865,-47.65363,,,,1,2023-06-14T14:25:20+00:00
BRA_119105,Brasília,5300108,,Piracicabana,0.517,https://moovitapp.com/index/pt-br/transporte_p%C3%BAblico-line-0_517-Brasilia-1702-850942-242400-0,-1.0,-15.73802,-47.8993,,,,1,2023-06-14T14:25:25+00:00
BRA_120421,Brasília,5300108,,Piracicabana,600.7,https://moovitapp.com/index/pt-br/transporte_p%C3%BAblico-line-600_7-Brasilia-1702-850942-698442-0,-1.0,-15.61157,-47.65469,,,,,2023-06-14T14:25:25+00:00
BRA_116980,Brasília,5300108,,Piracicabana,601.1,https://moovitapp.com/index/pt-br/transporte_p%C3%BAblico-line-601_1-Brasilia-1702-850942-322377-0,-1.0,-15.61379,-47.63684,,,,,2023-06-14T14:25:25+00:00
BRA_120821,Brasília,5300108,,Piracicabana,136.5,https://moovitapp.com/index/pt-br/transporte_p%C3%BAblico-line-136_5-Brasilia-1702-850942-516628-0,-1.0,-15.74395,-47.89745,,,,,2023-06-14T14:25:26+00:00
BRA_121118,Brasília,5300108,,Piracicabana,0.104,https://moovitapp.com/index/pt-br/transporte_p%C3%BAblico-line-0_104-Brasilia-1702-850942-242376-0,-1.0,-15.79868,-47.86373,,,,,2023-06-14T14:25:26+00:00
BRA_120324,Brasília,5300108,,Piracicabana,504.1,https://moovitapp.com/index/pt-br/transporte_p%C3%BAblico-line-504_1-Brasilia-1702-850942-242476-0,-1.0,-15.64587,-47.77595,,,,,2023-06-14T14:25:27+00:00
BRA_118761,Brasília,5300108,,Piracicabana,152.2,https://moovitapp.com/index/pt-br/transporte_p%C3%BAblico-line-152_2-Brasilia-1702-850942-504334-0,-1.0,-15.7853,-47.93835,,,,,2023-06-14T14:25:27+00:00
BRA_116637,Brasília,5300108,,Piracicabana,0.007,https://moovitapp.com/index/pt-br/transporte_p%C3%BAblico-line-0_007-Brasilia-1702-850942-775080-0,-1.0,-15.79661,-47.87025,,,,,2023-06-14T14:25:27+00:00
BRA_116661,Brasília,5300108,,Piracicabana,151.2,https://moovitapp.com/index/pt-br/transporte_p%C3%BAblico-line-151_2-Brasilia-1702-850942-242458-0,-1.0,-15.76345,-47.89134,,,,,2023-06-14T14:25:27+00:00
BRA_118117,Brasília,5300108,,Piracicabana,504.1,https://moovitapp.com/index/pt-br/transporte_p%C3%BAblico-line-504_1-Brasilia-1702-850942-242476-0,-1.0,-15.62881,-47.73028,,,,,2023-06-14T14:25:27+00:00
BRA_118834,Brasília,5300108,,Piracicabana,0.109,https://moovitapp.com/index/pt-br/transporte_p%C3%BAblico-line-0_109-Brasilia-1702-850942-139332631-0,-1.0,-15.79584,-47.87268,,,,,2023-06-14T14:25:27+00:00
BRA_117064,Brasília,5300108,,Piracicabana,601.2,https://moovitapp.com/index/pt-br/transporte_p%C3%BAblico-line-601_2-Brasilia-1702-850942-322378-0,-1.0,-15.61567,-47.63626,,,,,2023-06-14T14:25:27+00:00
BRA_118532,Brasília,5300108,,Piracicabana,105.2,https://moovitapp.com/index/pt-br/transporte_p%C3%BAblico-line-105_2-Brasilia-1702-850942-12015265-0,-1.0,-15.75206,-47.89478,,,,,2023-06-14T14:25:28+00:00
BRA_119831,Brasília,5300108,,Piracicabana,136.6,https://moovitapp.com/index/pt-br/transporte_p%C3%BAblico-line-136_6-Brasilia-1702-850942-773700-0,-1.0,-15.83167,-47.93108,,,,,2023-06-14T14:25:28+00:00
BRA_120871,Brasília,5300108,,Piracicabana,099.1,https://moovitapp.com/index/pt-br/transporte_p%C3%BAblico-line-099_1-Brasilia-1702-850942-775090-0,-1.0,-15.86424,-48.02425,,,,,2023-06-14T14:25:28+00:00
BRA_120880,Brasília,5300108,,Piracicabana,158.1,https://moovitapp.com/index/pt-br/transporte_p%C3%BAblico-line-158_1-Brasilia-1702-850942-775094-0,-1.0,-15.80752,-47.90026,,,,,2023-06-14T14:25:28+00:00
BRA_120197,Brasília,5300108,,Piracicabana,616.8,https://moovitapp.com/index/pt-br/transporte_p%C3%BAblico-line-616_8-Brasilia-1702-850942-128977718-0,-1.0,-15.65418,-47.78184,,,,,2023-06-14T14:25:29+00:00
BRA_120464,Brasília,5300108,,Piracicabana,0.143,https://moovitapp.com/index/pt-br/transporte_p%C3%BAblico-line-0_143-Brasilia-1702-850942-470747-0,-1.0,-15.78442,-47.90947,,,,,2023-06-14T14:25:29+00:00
BRA_117838,Brasília,5300108,,Piracicabana,115.1,https://moovitapp.com/index/pt-br/transporte_p%C3%BAblico-line-115_1-Brasilia-1702-850942-242436-0,-1.0,-15.78007,-47.88781,,,,,2023-06-14T14:25:29+00:00
BRA_116114,Brasília,5300108,,Piracicabana,066.4,https://moovitapp.com/index/pt-br/transporte_p%C3%BAblico-line-066_4-Brasilia-1702-850942-763557-0,-1.0,-15.61666,-47.65496,,,,,2023-06-14T14:25:29+00:00
BRA_118214,Brasília,5300108,,Piracicabana,106.2,https://moovitapp.com/index/pt-br/transporte_p%C3%BAblico-line-106_2-Brasilia-1702-850942-242433-0,-1.0,-15.73433,-47.90136,,,,,2023-06-14T14:25:30+00:00
BRA_120693,Brasília,5300108,,Piracicabana,0.504,https://moovitapp.com/index/pt-br/transporte_p%C3%BAblico-line-0_504-Brasilia-1702-850942-781321-0,-1.0,-15.61658,-47.7083,,,,,2023-06-14T14:25:30+00:00
BRA_121045,Brasília,5300108,,Piracicabana,115.1,https://moovitapp.com/index/pt-br/transporte_p%C3%BAblico-line-115_1-Brasilia-1702-850942-242436-0,-1.0,-15.79387,-47.88178,,,,1,2023-06-14T14:25:31+00:00
BRA_118001,Brasília,5300108,,Piracicabana,600.7,https://moovitapp.com/index/pt-br/transporte_p%C3%BAblico-line-600_7-Brasilia-1702-850942-698442-0,-1.0,-15.65275,-47.78089,,,,,2023-06-14T14:25:31+00:00
BRA_117056,Brasília,5300108,,Piracicabana,0.032,https://moovitapp.com/index/pt-br/transporte_p%C3%BAblico-line-0_032-Brasilia-1702-850942-786257-0,-1.0,-15.80137,-47.8768,,,,,2023-06-14T14:25:31+00:00
BRA_116645,Brasília,5300108,,Piracicabana,0.007,https://moovitapp.com/index/pt-br/transporte_p%C3%BAblico-line-0_007-Brasilia-1702-850942-775080-0,-1.0,-15.77544,-47.88799,,,,,2023-06-14T14:25:31+00:00
BRA_116815,Brasília,5300108,,Piracicabana,0.032,https://moovitapp.com/index/pt-br/transporte_p%C3%BAblico-line-0_032-Brasilia-1702-850942-786257-0,-1.0,-15.80999,-47.90304,,,,,2023-06-14T14:25:31+00:00
BRA_116807,Brasília,5300108,,Piracicabana,0.035,https://moovitapp.com/index/pt-br/transporte_p%C3%BAblico-line-0_035-Brasilia-1702-850942-775084-0,-1.0,-15.79389,-47.91748,,,,,2023-06-14T14:25:32+00:00
BRA_121053,Brasília,5300108,,Piracicabana,640.2,https://moovitapp.com/index/pt-br/transporte_p%C3%BAblico-line-640_2-Brasilia-1702-850942-697957-0,-1.0,-15.81519,-47.91016,,,,,2023-06-14T14:25:32+00:00
BRA_120219,Brasília,5300108,,Piracicabana,600.7,https://moovitapp.com/index/pt-br/transporte_p%C3%BAblico-line-600_7-Brasilia-1702-850942-698442-0,-1.0,-15.79682,-47.88448,,,,,2023-06-14T14:25:32+00:00
BRA_120227,Brasília,5300108,,Piracicabana,643.2,https://moovitapp.com/index/pt-br/transporte_p%C3%BAblico-line-643_2-Brasilia-1702-850942-128977732-0,-1.0,-15.81686,-47.91218,,,,1,2023-06-14T14:25:33+00:00
BRA_116441,Brasília,5300108,,Piracicabana,0.151,https://moovitapp.com/index/pt-br/transporte_p%C3%BAblico-line-0_151-Brasilia-1702-850942-775087-0,-1.0,-15.80921,-47.93777,,,,,2023-06-14T14:25:33+00:00
BRA_118290,Brasília,5300108,,Piracicabana,0.110,https://moovitapp.com/index/pt-br/transporte_p%C3%BAblico-line-0_110-Brasilia-1702-850942-339284-0,-1.0,-15.7937,-47.87967,,,,,2023-06-14T14:25:33+00:00
BRA_116921,Brasília,5300108,,Piracicabana,0.023,https://moovitapp.com/index/pt-br/transporte_p%C3%BAblico-line-0_023-Brasilia-1702-850942-775082-0,-1.0,-15.82749,-47.92683,,,,1,2023-06-14T14:25:34+00:00
BRA_120740,Brasília,5300108,,Piracicabana,136.7,https://moovitapp.com/index/pt-br/transporte_p%C3%BAblico-line-136_7-Brasilia-1702-850942-242451-0,-1.0,-15.82494,-47.90079,,,,,2023-06-14T14:25:34+00:00
BRA_118605,Brasília,5300108,,Piracicabana,106.2,https://moovitapp.com/index/pt-br/transporte_p%C3%BAblico-line-106_2-Brasilia-1702-850942-242433-0,-1.0,-15.83656,-47.93392,,,,1,2023-06-14T14:25:34+00:00
BRA_119407,Brasília,5300108,,Piracicabana,136.6,https://moovitapp.com/index/pt-br/transporte_p%C3%BAblico-line-136_6-Brasilia-1702-850942-773700-0,-1.0,-15.71505,-47.87461,,,,,2023-06-14T14:25:34+00:00
BRA_118958,Brasília,5300108,,Piracicabana,640.2,https://moovitapp.com/index/pt-br/transporte_p%C3%BAblico-line-640_2-Brasilia-1702-850942-697957-0,-1.0,-15.78516,-47.88789,,,,,2023-06-14T14:25:34+00:00
BRA_119423,Brasília,5300108,,Piracicabana,505.3,https://moovitapp.com/index/pt-br/transporte_p%C3%BAblico-line-505_3-Brasilia-1702-850942-352626-0,-1.0,-15.64549,-47.8248,,,,,2023-06-14T14:25:34+00:00
BRA_120863,Brasília,5300108,,Piracicabana,099.1,https://moovitapp.com/index/pt-br/transporte_p%C3%BAblico-line-099_1-Brasilia-1702-850942-775090-0,-1.0,-15.85021,-48.02867,,,,,2023-06-14T14:25:35+00:00
BRA_116718,Brasília,5300108,,Piracicabana,0.024,https://moovitapp.com/index/pt-br/transporte_p%C3%BAblico-line-0_024-Brasilia-1702-850942-781320-0,-1.0,-15.79361,-47.93324,,,,,2023-06-14T14:25:35+00:00
BRA_116556,Brasília,5300108,,Piracicabana,0.007,https://moovitapp.com/index/pt-br/transporte_p%C3%BAblico-line-0_007-Brasilia-1702-850942-775080-0,-1.0,-15.7543,-47.89408,,,,,2023-06-14T14:25:35+00:00
BRA_116394,Brasília,5300108,,Piracicabana,0.006,https://moovitapp.com/index/pt-br/transporte_p%C3%BAblico-line-0_006-Brasilia-1702-850942-775079-0,-1.0,-15.80127,-47.92553,,,,,2023-06-14T14:25:35+00:00
BRA_118265,Brasília,5300108,,Piracicabana,0.110,https://moovitapp.com/index/pt-br/transporte_p%C3%BAblico-line-0_110-Brasilia-1702-850942-339284-0,-1.0,-15.77557,-47.87033,,,,,2023-06-14T14:25:35+00:00
BRA_116971,Brasília,5300108,,Piracicabana,0.031,https://moovitapp.com/index/pt-br/transporte_p%C3%BAblico-line-0_031-Brasilia-1702-850942-786256-0,-1.0,-15.76439,-47.89065,,,,,2023-06-14T14:25:35+00:00
BRA_116629,Brasília,5300108,,Piracicabana,0.023,https://moovitapp.com/index/pt-br/transporte_p%C3%BAblico-line-0_023-Brasilia-1702-850942-775082-0,-1.0,-15.79777,-47.89127,,,,,2023-06-14T14:25:36+00:00
BRA_119440,Brasília,5300108,,Piracicabana,0.509,https://moovitapp.com/index/pt-br/transporte_p%C3%BAblico-line-0_509-Brasilia-1702-850942-242397-0,-1.0,-15.71187,-47.89938,,,,,2023-06-14T14:25:36+00:00
BRA_119016,Brasília,5300108,,Piracicabana,0.110,https://moovitapp.com/index/pt-br/transporte_p%C3%BAblico-line-0_110-Brasilia-1702-850942-339284-0,-1.0,-15.77985,-47.87151,,,,,2023-06-14T14:25:36+00:00
BRA_118893,Brasília,5300108,,Piracicabana,0.143,https://moovitapp.com/index/pt-br/transporte_p%C3%BAblico-line-0_143-Brasilia-1702-850942-470747-0,-1.0,-15.77024,-47.91087,,,,,2023-06-14T14:25:36+00:00
BRA_119032,Brasília,5300108,,Piracicabana,0.104,https://moovitapp.com/index/pt-br/transporte_p%C3%BAblico-line-0_104-Brasilia-1702-850942-242376-0,-1.0,-15.79418,-47.85391,,,,,2023-06-14T14:25:36+00:00
BRA_118770,Brasília,5300108,,Piracicabana,158.1,https://moovitapp.com/index/pt-br/transporte_p%C3%BAblico-line-158_1-Brasilia-1702-850942-775094-0,-1.0,-15.83087,-47.92947,,,,,2023-06-14T14:25:36+00:00
BRA_118699,Brasília,5300108,,Piracicabana,0.110,https://moovitapp.com/index/pt-br/transporte_p%C3%BAblico-line-0_110-Brasilia-1702-850942-339284-0,-1.0,-15.79161,-47.87411,,,,,2023-06-14T14:25:37+00:00
BRA_120499,Brasília,5300108,,Piracicabana,0.150,https://moovitapp.com/index/pt-br/transporte_p%C3%BAblico-line-0_150-Brasilia-1702-850942-775086-0,-1.0,-15.79542,-47.93384,,,,,2023-06-14T14:25:37+00:00
BRA_116998,Brasília,5300108,,Piracicabana,601.6,https://moovitapp.com/index/pt-br/transporte_p%C3%BAblico-line-601_6-Brasilia-1702-850942-697954-0,-1.0,-15.62921,-47.65358,,,,,2023-06-14T14:25:37+00:00
BRA_118851,Brasília,5300108,,Piracicabana,0.109,https://moovitapp.com/index/pt-br/transporte_p%C3%BAblico-line-0_109-Brasilia-1702-850942-139332631-0,-1.0,-15.78574,-47.9119,,,,,2023-06-14T14:25:37+00:00
BRA_115347,Brasília,5300108,,Piracicabana,110.2,https://moovitapp.com/index/pt-br/transporte_p%C3%BAblico-line-110_2-Brasilia-1702-850942-339295-0,-1.0,-15.76134,-47.86295,,,,,2023-06-14T14:25:38+00:00
BRA_120251,Brasília,5300108,,Piracicabana,0.107,https://moovitapp.com/index/pt-br/transporte_p%C3%BAblico-line-0_107-Brasilia-1702-850942-242377-0,-1.0,-15.79514,-47.87561,,,,,2023-06-14T14:25:38+00:00
BRA_118541,Brasília,5300108,,Piracicabana,158.1,https://moovitapp.com/index/pt-br/transporte_p%C3%BAblico-line-158_1-Brasilia-1702-850942-775094-0,-1.0,-15.7992,-47.94662,,,,,2023-06-14T14:25:38+00:00
BRA_118575,Brasília,5300108,,Piracicabana,0.143,https://moovitapp.com/index/pt-br/transporte_p%C3%BAblico-line-0_143-Brasilia-1702-850942-470747-0,-1.0,-15.76529,-47.91541,,,,,2023-06-14T14:25:38+00:00
BRA_119865,Brasília,5300108,,Piracicabana,067.3,https://moovitapp.com/index/pt-br/transporte_p%C3%BAblico-line-067_3-Brasilia-1702-850942-339294-0,-1.0,-15.68227,-47.65322,,,,,2023-06-14T14:25:39+00:00
BRA_120472,Brasília,5300108,,Piracicabana,162.1,https://moovitapp.com/index/pt-br/transporte_p%C3%BAblico-line-162_1-Brasilia-1702-850942-762425-0,-1.0,-15.83728,-47.98544,,,,,2023-06-14T14:25:39+00:00
BRA_116793,Brasília,5300108,,Piracicabana,0.035,https://moovitapp.com/index/pt-br/transporte_p%C3%BAblico-line-0_035-Brasilia-1702-850942-775084-0,-1.0,-15.78834,-47.94242,,,,,2023-06-14T14:25:39+00:00
BRA_117587,Brasília,5300108,,Piracicabana,063.1,https://moovitapp.com/index/pt-br/transporte_p%C3%BAblico-line-063_1-Brasilia-1702-850942-339291-0,-1.0,-15.66489,-47.75285,,,,,2023-06-14T14:25:39+00:00
BRA_117013,Brasília,5300108,,Piracicabana,0.166,https://moovitapp.com/index/pt-br/transporte_p%C3%BAblico-line-0_166-Brasilia-1702-850942-242391-0,-1.0,-15.78444,-47.93052,,,,,2023-06-14T14:25:40+00:00
BRA_118079,Brasília,5300108,,Piracicabana,0.504,https://moovitapp.com/index/pt-br/transporte_p%C3%BAblico-line-0_504-Brasilia-1702-850942-781321-0,-1.0,-15.61241,-47.67243,,,,,2023-06-14T14:25:40+00:00
BRA_116653,Brasília,5300108,,Piracicabana,0.007,https://moovitapp.com/index/pt-br/transporte_p%C3%BAblico-line-0_007-Brasilia-1702-850942-775080-0,-1.0,-15.82239,-47.91976,,,,,2023-06-14T14:25:40+00:00
BRA_120286,Brasília,5300108,,Piracicabana,0.107,https://moovitapp.com/index/pt-br/transporte_p%C3%BAblico-line-0_107-Brasilia-1702-850942-242377-0,-1.0,-15.83527,-47.91474,,,,1,2023-06-14T14:25:40+00:00
BRA_119113,Brasília,5300108,,Piracicabana,0.501,https://moovitapp.com/index/pt-br/transporte_p%C3%BAblico-line-0_501-Brasilia-1702-850942-663228-0,-1.0,-15.80344,-47.88805,,,,,2023-06-14T14:25:41+00:00
BRA_116548,Brasília,5300108,,Piracicabana,0.032,https://moovitapp.com/index/pt-br/transporte_p%C3%BAblico-line-0_032-Brasilia-1702-850942-786257-0,-1.0,-15.83652,-47.93254,,,,1,2023-06-14T14:25:41+00:00
BRA_118052,Brasília,5300108,,Piracicabana,066.6,https://moovitapp.com/index/pt-br/transporte_p%C3%BAblico-line-066_6-Brasilia-1702-850942-770027-0,-1.0,-15.64332,-47.63647,,,,,2023-06-14T14:25:42+00:00
BRA_118061,Brasília,5300108,,Piracicabana,600.7,https://moovitapp.com/index/pt-br/transporte_p%C3%BAblico-line-600_7-Brasilia-1702-850942-698442-0,-1.0,-15.62092,-47.65521,,,,,2023-06-14T14:25:42+00:00
BRA_119059,Brasília,5300108,,Piracicabana,099.1,https://moovitapp.com/index/pt-br/transporte_p%C3%BAblico-line-099_1-Brasilia-1702-850942-775090-0,-1.0,-15.78433,-47.93176,,,,,2023-06-14T14:25:42+00:00
BRA_118729,Brasília,5300108,,Piracicabana,0.152,https://moovitapp.com/index/pt-br/transporte_p%C3%BAblico-line-0_152-Brasilia-1702-850942-504333-0,-1.0,-15.79201,-47.89394,,,,,2023-06-14T14:25:42+00:00
BRA_118745,Brasília,5300108,,Piracicabana,152.2,https://moovitapp.com/index/pt-br/transporte_p%C3%BAblico-line-152_2-Brasilia-1702-850942-504334-0,-1.0,-15.77466,-47.90768,,,,1,2023-06-14T14:25:42+00:00
BRA_119636,Brasília,5300108,,Piracicabana,531.1,https://moovitapp.com/index/pt-br/transporte_p%C3%BAblico-line-531_1-Brasilia-1702-850942-476289-0,-1.0,-15.64059,-47.82536,,,,1,2023-06-14T14:25:42+00:00
BRA_120448,Brasília,5300108,,Piracicabana,153.2,https://moovitapp.com/index/pt-br/transporte_p%C3%BAblico-line-153_2-Brasilia-1702-850942-775093-0,-1.0,-15.80856,-47.96068,,,,,2023-06-14T14:25:42+00:00
BRA_120561,Brasília,5300108,,Piracicabana,620.1,https://moovitapp.com/index/pt-br/transporte_p%C3%BAblico-line-620_1-Brasilia-1702-850942-697955-0,-1.0,-15.79524,-47.88159,,,,,2023-06-14T14:25:42+00:00
BRA_120995,Brasília,5300108,,Piracicabana,162.1,https://moovitapp.com/index/pt-br/transporte_p%C3%BAblico-line-162_1-Brasilia-1702-850942-762425-0,-1.0,-15.81029,-47.94639,,,,,2023-06-14T14:25:42+00:00
BRA_120774,Brasília,5300108,,Piracicabana,158.1,https://moovitapp.com/index/pt-br/transporte_p%C3%BAblico-line-158_1-Brasilia-1702-850942-775094-0,-1.0,-15.82309,-47.9212,,,,,2023-06-14T14:25:42+00:00
BRA_120511,Brasília,5300108,,Piracicabana,640.2,https://moovitapp.com/index/pt-br/transporte_p%C3%BAblico-line-640_2-Brasilia-1702-850942-697957-0,-1.0,-15.83585,-47.93306,,,,,2023-06-14T14:25:43+00:00
BRA_119971,Brasília,5300108,,Piracicabana,116.1,https://moovitapp.com/index/pt-br/transporte_p%C3%BAblico-line-116_1-Brasilia-1702-850942-476288-0,-1.0,-15.7938,-47.88233,,,,,2023-06-14T14:25:43+00:00
BRA_119857,Brasília,5300108,,Piracicabana,067.3,https://moovitapp.com/index/pt-br/transporte_p%C3%BAblico-line-067_3-Brasilia-1702-850942-339294-0,-1.0,-15.65702,-47.64931,,,,,2023-06-14T14:25:43+00:00
BRA_119083,Brasília,5300108,,Piracicabana,512.1,https://moovitapp.com/index/pt-br/transporte_p%C3%BAblico-line-512_1-Brasilia-1702-850942-474401-0,-1.0,-15.64983,-47.78648,,,,1,2023-06-14T14:25:44+00:00
BRA_118460,Brasília,5300108,,Piracicabana,115.1,https://moovitapp.com/index/pt-br/transporte_p%C3%BAblico-line-115_1-Brasilia-1702-850942-242436-0,-1.0,-15.76555,-47.876,,,,,2023-06-14T14:25:44+00:00
BRA_118974,Brasília,5300108,,Piracicabana,136.9,https://moovitapp.com/index/pt-br/transporte_p%C3%BAblico-line-136_9-Brasilia-1702-850942-773702-0,-1.0,-15.75952,-47.8859,,,,,2023-06-14T14:25:44+00:00
BRA_120146,Brasília,5300108,,Piracicabana,519.2,https://moovitapp.com/index/pt-br/transporte_p%C3%BAblico-line-519_2-Brasilia-1702-850942-242483-0,-1.0,-15.72938,-47.8949,,,,,2023-06-14T14:25:44+00:00
BRA_120456,Brasília,5300108,,Piracicabana,600.7,https://moovitapp.com/index/pt-br/transporte_p%C3%BAblico-line-600_7-Brasilia-1702-850942-698442-0,-1.0,-15.65198,-47.77749,,,,,2023-06-14T14:25:44+00:00
BRA_120634,Brasília,5300108,,Piracicabana,067.3,https://moovitapp.com/index/pt-br/transporte_p%C3%BAblico-line-067_3-Brasilia-1702-850942-339294-0,-1.0,-15.61897,-47.65043,,,,,2023-06-14T14:25:44+00:00
BRA_120928,Brasília,5300108,,Piracicabana,099.1,https://moovitapp.com/index/pt-br/transporte_p%C3%BAblico-line-099_1-Brasilia-1702-850942-775090-0,-1.0,-15.8421,-48.04558,,,,1,2023-06-14T14:25:45+00:00
BRA_121100,Brasília,5300108,,Piracicabana,620.1,https://moovitapp.com/index/pt-br/transporte_p%C3%BAblico-line-620_1-Brasilia-1702-850942-697955-0,-1.0,-15.61265,-47.70188,,,,,2023-06-14T14:25:45+00:00
BRA_118419,Brasília,5300108,,Piracicabana,0.143,https://moovitapp.com/index/pt-br/transporte_p%C3%BAblico-line-0_143-Brasilia-1702-850942-470747-0,-1.0,-15.76747,-47.92482,,,,,2023-06-14T14:25:45+00:00
BRA_116831,Brasília,5300108,,Piracicabana,0.007,https://moovitapp.com/index/pt-br/transporte_p%C3%BAblico-line-0_007-Brasilia-1702-850942-775080-0,-1.0,-15.74761,-47.88519,,,,,2023-06-14T14:25:45+00:00
BRA_116386,Brasília,5300108,,Piracicabana,0.022,https://moovitapp.com/index/pt-br/transporte_p%C3%BAblico-line-0_022-Brasilia-1702-850942-788975-0,-1.0,-15.79849,-47.88979,,,,,2023-06-14T14:25:45+00:00
BRA_116084,Brasília,5300108,,Piracicabana,0.109,https://moovitapp.com/index/pt-br/transporte_p%C3%BAblico-line-0_109-Brasilia-1702-850942-139332631-0,-1.0,-15.79927,-47.86175,,,,,2023-06-14T14:25:46+00:00
BRA_116904,Brasília,5300108,,Piracicabana,0.025,https://moovitapp.com/index/pt-br/transporte_p%C3%BAblico-line-0_025-Brasilia-1702-850942-11857219-0,-1.0,-15.78756,-47.89638,,,,,2023-06-14T14:25:47+00:00
BRA_116335,Brasília,5300108,,,628.2,,,-15.61844,-47.65424,,,,,2023-06-14T14:25:47+00:00
BRA_117234,Brasília,5300108,,Piracicabana,640.2,https://moovitapp.com/index/pt-br/transporte_p%C3%BAblico-line-640_2-Brasilia-1702-850942-697957-0,-1.0,-15.66166,-47.79848,,,,,2023-06-14T14:25:47+00:00
BRA_117315,Brasília,5300108,,Piracicabana,158.1,https://moovitapp.com/index/pt-br/transporte_p%C3%BAblico-line-158_1-Brasilia-1702-850942-775094-0,-1.0,-15.79864,-47.94988,,,,,2023-06-14T14:25:47+00:00
BRA_120570,Brasília,5300108,,Piracicabana,600.7,https://moovitapp.com/index/pt-br/transporte_p%C3%BAblico-line-600_7-Brasilia-1702-850942-698442-0,-1.0,-15.77849,-47.8801,,,,,2023-06-14T14:25:48+00:00
BRA_120618,Brasília,5300108,,Piracicabana,136.9,https://moovitapp.com/index/pt-br/transporte_p%C3%BAblico-line-136_9-Brasilia-1702-850942-773702-0,-1.0,-15.83623,-47.9334,,,,1,2023-06-14T14:25:48+00:00
BRA_118320,Brasília,5300108,,Piracicabana,0.150,https://moovitapp.com/index/pt-br/transporte_p%C3%BAblico-line-0_150-Brasilia-1702-850942-775086-0,-1.0,-15.7985,-47.88513,,,,,2023-06-14T14:25:48+00:00
BRA_116319,Brasília,5300108,,Piracicabana,601.2,https://moovitapp.com/index/pt-br/transporte_p%C3%BAblico-line-601_2-Brasilia-1702-850942-322378-0,-1.0,-15.60512,-47.64204,,,,,2023-06-14T14:25:48+00:00
BRA_116572,Brasília,5300108,,Piracicabana,0.031,https://moovitapp.com/index/pt-br/transporte_p%C3%BAblico-line-0_031-Brasilia-1702-850942-786256-0,-1.0,-15.79912,-47.86225,,,,,2023-06-14T14:25:48+00:00
BRA_116602,Brasília,5300108,,Piracicabana,0.168,https://moovitapp.com/index/pt-br/transporte_p%C3%BAblico-line-0_168-Brasilia-1702-850942-242392-0,-1.0,-15.76689,-47.87143,,,,,2023-06-14T14:25:49+00:00
BRA_118842,Brasília,5300108,,Piracicabana,0.109,https://moovitapp.com/index/pt-br/transporte_p%C3%BAblico-line-0_109-Brasilia-1702-850942-139332631-0,-1.0,-15.79442,-47.88048,,,,1,2023-06-14T14:25:49+00:00
BRA_118087,Brasília,5300108,,Piracicabana,0.152,https://moovitapp.com/index/pt-br/transporte_p%C3%BAblico-line-0_152-Brasilia-1702-850942-504333-0,-1.0,-15.7879,-47.89556,,,,,2023-06-14T14:25:49+00:00
BRA_117625,Brasília,5300108,,Piracicabana,110.2,https://moovitapp.com/index/pt-br/transporte_p%C3%BAblico-line-110_2-Brasilia-1702-850942-339295-0,-1.0,-15.78394,-47.87387,,,,,2023-06-14T14:25:49+00:00
BRA_120081,Brasília,5300108,,Piracicabana,0.114,https://moovitapp.com/index/pt-br/transporte_p%C3%BAblico-line-0_114-Brasilia-1702-850942-242379-0,-1.0,-15.80939,-47.8837,,,,,2023-06-14T14:25:49+00:00
BRA_120294,Brasília,5300108,,Piracicabana,153.2,https://moovitapp.com/index/pt-br/transporte_p%C3%BAblico-line-153_2-Brasilia-1702-850942-775093-0,-1.0,-15.81517,-47.97958,,,,,2023-06-14T14:25:50+00:00
BRA_120669,Brasília,5300108,,Piracicabana,640.2,https://moovitapp.com/index/pt-br/transporte_p%C3%BAblico-line-640_2-Brasilia-1702-850942-697957-0,-1.0,-15.61681,-47.65496,,,,,2023-06-14T14:25:50+00:00
BRA_120901,Brasília,5300108,,Piracicabana,156.5,https://moovitapp.com/index/pt-br/transporte_p%C3%BAblico-line-156_5-Brasilia-1702-850942-242464-0,-1.0,-15.84107,-47.97489,,,,,2023-06-14T14:25:50+00:00
BRA_118818,Brasília,5300108,,Piracicabana,136.7,https://moovitapp.com/index/pt-br/transporte_p%C3%BAblico-line-136_7-Brasilia-1702-850942-242451-0,-1.0,-15.83336,-47.91185,,,,,2023-06-14T14:25:50+00:00
BRA_118931,Brasília,5300108,,Piracicabana,0.116,https://moovitapp.com/index/pt-br/transporte_p%C3%BAblico-line-0_116-Brasilia-1702-850942-242381-0,-1.0,-15.79025,-47.88886,,,,,2023-06-14T14:25:50+00:00
BRA_116092,Brasília,5300108,,Piracicabana,066.2,https://moovitapp.com/index/pt-br/transporte_p%C3%BAblico-line-066_2-Brasilia-1702-850942-339293-0,-1.0,-15.62409,-47.65279,,,,,2023-06-14T14:25:50+00:00
BRA_116785,Brasília,5300108,,Piracicabana,0.025,https://moovitapp.com/index/pt-br/transporte_p%C3%BAblico-line-0_025-Brasilia-1702-850942-11857219-0,-1.0,-15.80538,-47.95098,,,,,2023-06-14T14:25:51+00:00
BRA_119164,Brasília,5300108,,Piracicabana,0.517,https://moovitapp.com/index/pt-br/transporte_p%C3%BAblico-line-0_517-Brasilia-1702-850942-242400-0,-1.0,-15.78817,-47.88828,,,,,2023-06-14T14:25:51+00:00
BRA_119946,Brasília,5300108,,Piracicabana,140.1,https://moovitapp.com/index/pt-br/transporte_p%C3%BAblico-line-140_1-Brasilia-1702-850942-408805-0,-1.0,-15.78922,-47.85859,,,,,2023-06-14T14:25:51+00:00
BRA_120596,Brasília,5300108,,Piracicabana,504.4,https://moovitapp.com/index/pt-br/transporte_p%C3%BAblico-line-504_4-Brasilia-1702-850942-771759-0,-1.0,-15.61487,-47.6503,,,,,2023-06-14T14:25:51+00:00
BRA_120111,Brasília,5300108,,Piracicabana,0.114,https://moovitapp.com/index/pt-br/transporte_p%C3%BAblico-line-0_114-Brasilia-1702-850942-242379-0,-1.0,-15.82778,-47.92719,,,,,2023-06-14T14:25:52+00:00
BRA_120758,Brasília,5300108,,Piracicabana,620.1,https://moovitapp.com/index/pt-br/transporte_p%C3%BAblico-line-620_1-Brasilia-1702-850942-697955-0,-1.0,-15.73439,-47.89342,,,,,2023-06-14T14:25:52+00:00
BRA_120766,Brasília,5300108,,Piracicabana,156.6,https://moovitapp.com/index/pt-br/transporte_p%C3%BAblico-line-156_6-Brasilia-1702-850942-516629-0,-1.0,-15.785,-47.90777,,,,,2023-06-14T14:25:52+00:00
BRA_116823,Brasília,5300108,,Piracicabana,0.022,https://moovitapp.com/index/pt-br/transporte_p%C3%BAblico-line-0_022-Brasilia-1702-850942-788975-0,-1.0,-15.81388,-47.90797,,,,,2023-06-14T14:25:52+00:00
BRA_117552,Brasília,5300108,,Piracicabana,512.1,https://moovitapp.com/index/pt-br/transporte_p%C3%BAblico-line-512_1-Brasilia-1702-850942-474401-0,-1.0,-15.77536,-47.88798,,,,1,2023-06-14T14:25:52+00:00
BRA_117633,Brasília,5300108,,Piracicabana,062.7,https://moovitapp.com/index/pt-br/transporte_p%C3%BAblico-line-062_7-Brasilia-1702-850942-494154-0,-1.0,-15.62084,-47.85076,,,,,2023-06-14T14:25:53+00:00
BRA_117021,Brasília,5300108,,Piracicabana,0.031,https://moovitapp.com/index/pt-br/transporte_p%C3%BAblico-line-0_031-Brasilia-1702-850942-786256-0,-1.0,-15.83604,-47.93241,,,,1,2023-06-14T14:25:53+00:00
BRA_116459,Brasília,5300108,,Piracicabana,0.151,https://moovitapp.com/index/pt-br/transporte_p%C3%BAblico-line-0_151-Brasilia-1702-850942-775087-0,-1.0,-15.79023,-47.89874,,,,,2023-06-14T14:25:53+00:00
BRA_120723,Brasília,5300108,,Piracicabana,0.116,https://moovitapp.com/index/pt-br/transporte_p%C3%BAblico-line-0_116-Brasilia-1702-850942-242381-0,-1.0,-15.78121,-47.87426,,,,,2023-06-14T14:25:53+00:00
BRA_119326,Brasília,5300108,,Piracicabana,512.1,https://moovitapp.com/index/pt-br/transporte_p%C3%BAblico-line-512_1-Brasilia-1702-850942-474401-0,-1.0,-15.64548,-47.77169,,,,,2023-06-14T14:25:53+00:00
BRA_119172,Brasília,5300108,,Piracicabana,505.5,https://moovitapp.com/index/pt-br/transporte_p%C3%BAblico-line-505_5-Brasilia-1702-850942-651521-0,-1.0,-15.65138,-47.76486,,,,,2023-06-14T14:25:53+00:00
BRA_118982,Brasília,5300108,,Piracicabana,0.517,https://moovitapp.com/index/pt-br/transporte_p%C3%BAblico-line-0_517-Brasilia-1702-850942-242400-0,-1.0,-15.70301,-47.88656,,,,,2023-06-14T14:25:54+00:00
BRA_119750,Brasília,5300108,,Piracicabana,0.509,https://moovitapp.com/index/pt-br/transporte_p%C3%BAblico-line-0_509-Brasilia-1702-850942-242397-0,-1.0,-15.65162,-47.78811,,,,,2023-06-14T14:25:54+00:00
BRA_119717,Brasília,5300108,,Piracicabana,501.3,https://moovitapp.com/index/pt-br/transporte_p%C3%BAblico-line-501_3-Brasilia-1702-850942-242472-0,-1.0,-15.70936,-47.89526,,,,,2023-06-14T14:25:54+00:00
BRA_119466,Brasília,5300108,,Piracicabana,063.2,https://moovitapp.com/index/pt-br/transporte_p%C3%BAblico-line-063_2-Brasilia-1702-850942-137934615-0,-1.0,-15.64,-47.82102,,,,,2023-06-14T14:25:54+00:00
BRA_120138,Brasília,5300108,,Piracicabana,158.1,https://moovitapp.com/index/pt-br/transporte_p%C3%BAblico-line-158_1-Brasilia-1702-850942-775094-0,-1.0,-15.80237,-47.89515,,,,1,2023-06-14T14:25:54+00:00
BRA_120651,Brasília,5300108,,Piracicabana,501.5,https://moovitapp.com/index/pt-br/transporte_p%C3%BAblico-line-501_5-Brasilia-1702-850942-414578-0,-1.0,-15.64391,-47.81471,,,,1,2023-06-14T14:25:54+00:00
BRA_120391,Brasília,5300108,,Piracicabana,116.1,https://moovitapp.com/index/pt-br/transporte_p%C3%BAblico-line-116_1-Brasilia-1702-850942-476288-0,-1.0,-15.75736,-47.87884,,,,,2023-06-14T14:25:54+00:00
BRA_116882,Brasília,5300108,,Piracicabana,0.024,https://moovitapp.com/index/pt-br/transporte_p%C3%BAblico-line-0_024-Brasilia-1702-850942-781320-0,-1.0,-15.79254,-47.9167,,,,,2023-06-14T14:25:54+00:00
BRA_115304,Brasília,5300108,,Piracicabana,102.6,https://moovitapp.com/index/pt-br/transporte_p%C3%BAblico-line-102_6-Brasilia-1702-850942-775091-0,-1.0,-15.87006,-47.9277,,,,,2023-06-14T14:25:54+00:00
BRA_116297,Brasília,5300108,,Piracicabana,066.2,https://moovitapp.com/index/pt-br/transporte_p%C3%BAblico-line-066_2-Brasilia-1702-850942-339293-0,-1.0,-15.61608,-47.69065,,,,,2023-06-14T14:25:54+00:00
BRA_116076,Brasília,5300108,,Piracicabana,0.109,https://moovitapp.com/index/pt-br/transporte_p%C3%BAblico-line-0_109-Brasilia-1702-850942-139332631-0,-1.0,-15.79386,-47.88184,,,,,2023-06-14T14:25:54+00:00
BRA_116726,Brasília,5300108,,Piracicabana,0.006,https://moovitapp.com/index/pt-br/transporte_p%C3%BAblico-line-0_006-Brasilia-1702-850942-775079-0,-1.0,-15.80665,-47.93724,,,,,2023-06-14T14:25:55+00:00
BRA_117145,Brasília,5300108,,Piracicabana,062.7,https://moovitapp.com/index/pt-br/transporte_p%C3%BAblico-line-062_7-Brasilia-1702-850942-494154-0,-1.0,-15.65676,-47.80363,,,,,2023-06-14T14:25:55+00:00
BRA_119881,Brasília,5300108,,Piracicabana,616.8,https://moovitapp.com/index/pt-br/transporte_p%C3%BAblico-line-616_8-Brasilia-1702-850942-128977718-0,-1.0,-15.60097,-47.6809,,,,,2023-06-14T14:25:56+00:00
BRA_118249,Brasília,5300108,,Piracicabana,0.143,https://moovitapp.com/index/pt-br/transporte_p%C3%BAblico-line-0_143-Brasilia-1702-850942-470747-0,-1.0,-15.76501,-47.95212,,,,,2023-06-14T14:25:56+00:00
BRA_117897,Brasília,5300108,,Piracicabana,640.2,https://moovitapp.com/index/pt-br/transporte_p%C3%BAblico-line-640_2-Brasilia-1702-850942-697957-0,-1.0,-15.77547,-47.88799,,,,1,2023-06-14T14:25:56+00:00
BRA_117561,Brasília,5300108,,Piracicabana,062.5,https://moovitapp.com/index/pt-br/transporte_p%C3%BAblico-line-062_5-Brasilia-1702-850942-339835-0,-1.0,-15.67233,-47.81817,,,,,2023-06-14T14:25:57+00:00
BRA_119253,Brasília,5300108,,Piracicabana,063.1,https://moovitapp.com/index/pt-br/transporte_p%C3%BAblico-line-063_1-Brasilia-1702-850942-339291-0,-1.0,-15.63645,-47.83205,,,,,2023-06-14T14:25:57+00:00
BRA_120715,Brasília,5300108,,Piracicabana,640.2,https://moovitapp.com/index/pt-br/transporte_p%C3%BAblico-line-640_2-Brasilia-1702-850942-697957-0,-1.0,-15.81221,-47.90562,,,,,2023-06-14T14:25:57+00:00
BRA_119385,Brasília,5300108,,Piracicabana,501.3,https://moovitapp.com/index/pt-br/transporte_p%C3%BAblico-line-501_3-Brasilia-1702-850942-242472-0,-1.0,-15.79327,-47.88176,,,,1,2023-06-14T14:25:58+00:00
BRA_117129,Brasília,5300108,,Piracicabana,0.501,https://moovitapp.com/index/pt-br/transporte_p%C3%BAblico-line-0_501-Brasilia-1702-850942-663228-0,-1.0,-15.83106,-47.93048,,,,,2023-06-14T14:25:58+00:00
BRA_117617,Brasília,5300108,,Piracicabana,099.1,https://moovitapp.com/index/pt-br/transporte_p%C3%BAblico-line-099_1-Brasilia-1702-850942-775090-0,-1.0,-15.83323,-48.05272,,,,,2023-06-14T14:25:58+00:00
BRA_118141,Brasília,5300108,,Piracicabana,0.128,https://moovitapp.com/index/pt-br/transporte_p%C3%BAblico-line-0_128-Brasilia-1702-850942-382511-0,-1.0,-15.75734,-47.92818,,,,,2023-06-14T14:25:58+00:00
BRA_117161,Brasília,5300108,,Piracicabana,156.6,https://moovitapp.com/index/pt-br/transporte_p%C3%BAblico-line-156_6-Brasilia-1702-850942-516629-0,-1.0,-15.7593,-47.89226,,,,,2023-06-14T14:25:59+00:00
BRA_120189,Brasília,5300108,,Piracicabana,620.1,https://moovitapp.com/index/pt-br/transporte_p%C3%BAblico-line-620_1-Brasilia-1702-850942-697955-0,-1.0,-15.60433,-47.65449,,,,,2023-06-14T14:25:59+00:00
BRA_120332,Brasília,5300108,,Piracicabana,143.2,https://moovitapp.com/index/pt-br/transporte_p%C3%BAblico-line-143_2-Brasilia-1702-850942-556806-0,-1.0,-15.76152,-47.91932,,,,,2023-06-14T14:25:59+00:00
BRA_120359,Brasília,5300108,,Piracicabana,0.110,https://moovitapp.com/index/pt-br/transporte_p%C3%BAblico-line-0_110-Brasilia-1702-850942-339284-0,-1.0,-15.76965,-47.86709,,,,,2023-06-14T14:25:59+00:00
BRA_118966,Brasília,5300108,,Piracicabana,0.617,https://moovitapp.com/index/pt-br/transporte_p%C3%BAblico-line-0_617-Brasilia-1702-850942-242417-0,-1.0,-15.64807,-47.65982,,,,,2023-06-14T14:26:00+00:00
BRA_118940,Brasília,5300108,,Piracicabana,0.107,https://moovitapp.com/index/pt-br/transporte_p%C3%BAblico-line-0_107-Brasilia-1702-850942-242377-0,-1.0,-15.81114,-47.9045,,,,1,2023-06-14T14:26:00+00:00
BRA_120413,Brasília,5300108,,Piracicabana,600.7,https://moovitapp.com/index/pt-br/transporte_p%C3%BAblico-line-600_7-Brasilia-1702-850942-698442-0,-1.0,-15.82759,-47.91423,,,,,2023-06-14T14:26:01+00:00
BRA_117684,Brasília,5300108,,Piracicabana,062.5,https://moovitapp.com/index/pt-br/transporte_p%C3%BAblico-line-062_5-Brasilia-1702-850942-339835-0,-1.0,-15.64717,-47.77909,,,,,2023-06-14T14:26:02+00:00
BRA_116360,Brasília,5300108,,Piracicabana,064.1,https://moovitapp.com/index/pt-br/transporte_p%C3%BAblico-line-064_1-Brasilia-1702-850942-339292-0,-1.0,-15.63905,-47.64379,,,,,2023-06-14T14:26:02+00:00
BRA_121002,Brasília,5300108,,Piracicabana,620.1,https://moovitapp.com/index/pt-br/transporte_p%C3%BAblico-line-620_1-Brasilia-1702-850942-697955-0,-1.0,-15.69825,-47.87889,,,,,2023-06-14T14:26:02+00:00
BRA_119415,Brasília,5300108,,Piracicabana,104.1,https://moovitapp.com/index/pt-br/transporte_p%C3%BAblico-line-104_1-Brasilia-1702-850942-242430-0,-1.0,-15.79687,-47.86938,,,,,2023-06-14T14:26:02+00:00
BRA_119873,Brasília,5300108,,Piracicabana,106.2,https://moovitapp.com/index/pt-br/transporte_p%C3%BAblico-line-106_2-Brasilia-1702-850942-242433-0,-1.0,-15.81197,-47.90523,,,,,2023-06-14T14:26:02+00:00
BRA_119938,Brasília,5300108,,Piracicabana,115.1,https://moovitapp.com/index/pt-br/transporte_p%C3%BAblico-line-115_1-Brasilia-1702-850942-242436-0,-1.0,-15.74402,-47.89743,,,,1,2023-06-14T14:26:02+00:00
BRA_118991,Brasília,5300108,,Piracicabana,0.110,https://moovitapp.com/index/pt-br/transporte_p%C3%BAblico-line-0_110-Brasilia-1702-850942-339284-0,-1.0,-15.76968,-47.87274,,,,,2023-06-14T14:26:02+00:00
BRA_119644,Brasília,5300108,,Piracicabana,062.7,https://moovitapp.com/index/pt-br/transporte_p%C3%BAblico-line-062_7-Brasilia-1702-850942-494154-0,-1.0,-15.65071,-47.81019,,,,,2023-06-14T14:26:04+00:00
BRA_116351,Brasília,5300108,,Piracicabana,066.3,https://moovitapp.com/index/pt-br/transporte_p%C3%BAblico-line-066_3-Brasilia-1702-850942-513542-0,-1.0,-15.60057,-47.68056,,,,,2023-06-14T14:26:04+00:00
BRA_116424,Brasília,5300108,,Piracicabana,066.6,https://moovitapp.com/index/pt-br/transporte_p%C3%BAblico-line-066_6-Brasilia-1702-850942-770027-0,-1.0,-15.61841,-47.65365,,,,1,2023-06-14T14:26:04+00:00
BRA_118443,Brasília,5300108,,Piracicabana,116.2,https://moovitapp.com/index/pt-br/transporte_p%C3%BAblico-line-116_2-Brasilia-1702-850942-60842780-0,-1.0,-15.79292,-47.88203,,,,,2023-06-14T14:26:04+00:00
BRA_116122,Brasília,5300108,,Piracicabana,066.4,https://moovitapp.com/index/pt-br/transporte_p%C3%BAblico-line-066_4-Brasilia-1702-850942-763557-0,-1.0,-15.64973,-47.6702,,,,,2023-06-14T14:26:05+00:00
BRA_118567,Brasília,5300108,,Piracicabana,158.1,https://moovitapp.com/index/pt-br/transporte_p%C3%BAblico-line-158_1-Brasilia-1702-850942-775094-0,-1.0,-15.78902,-47.98397,,,,,2023-06-14T14:26:05+00:00
BRA_118656,Brasília,5300108,,Piracicabana,106.2,https://moovitapp.com/index/pt-br/transporte_p%C3%BAblico-line-106_2-Brasilia-1702-850942-242433-0,-1.0,-15.84003,-47.92198,,,,,2023-06-14T14:26:06+00:00
BRA_119041,Brasília,5300108,,Piracicabana,103.2,https://moovitapp.com/index/pt-br/transporte_p%C3%BAblico-line-103_2-Brasilia-1702-850942-474397-0,-1.0,-15.84042,-47.91016,,,,,2023-06-14T14:26:06+00:00
BRA_120057,Brasília,5300108,,Piracicabana,158.1,https://moovitapp.com/index/pt-br/transporte_p%C3%BAblico-line-158_1-Brasilia-1702-850942-775094-0,-1.0,-15.80383,-47.89639,,,,1,2023-06-14T14:26:06+00:00
BRA_120278,Brasília,5300108,,Piracicabana,640.2,https://moovitapp.com/index/pt-br/transporte_p%C3%BAblico-line-640_2-Brasilia-1702-850942-697957-0,-1.0,-15.69309,-47.86988,,,,,2023-06-14T14:26:06+00:00
BRA_115339,Brasília,5300108,,Piracicabana,0.109,https://moovitapp.com/index/pt-br/transporte_p%C3%BAblico-line-0_109-Brasilia-1702-850942-139332631-0,-1.0,-15.78726,-47.90773,,,,,2023-06-14T14:26:06+00:00
BRA_118044,Brasília,5300108,,Piracicabana,640.2,https://moovitapp.com/index/pt-br/transporte_p%C3%BAblico-line-640_2-Brasilia-1702-850942-697957-0,-1.0,-15.64798,-47.76899,,,,1,2023-06-14T14:26:06+00:00
BRA_118176,Brasília,5300108,,Piracicabana,066.4,https://moovitapp.com/index/pt-br/transporte_p%C3%BAblico-line-066_4-Brasilia-1702-850942-763557-0,-1.0,-15.6281,-47.65849,,,,,2023-06-14T14:26:07+00:00
BRA_116688,Brasília,5300108,,Piracicabana,062.8,https://moovitapp.com/index/pt-br/transporte_p%C3%BAblico-line-062_8-Brasilia-1702-850942-393556-0,-1.0,-15.63505,-47.82299,,,,,2023-06-14T14:26:07+00:00
BRA_120936,Brasília,5300108,,Piracicabana,531.2,https://moovitapp.com/index/pt-br/transporte_p%C3%BAblico-line-531_2-Brasilia-1702-850942-48723591-0,-1.0,-15.63289,-47.85647,,,,,2023-06-14T14:26:07+00:00
BRA_119598,Brasília,5300108,,Piracicabana,505.5,https://moovitapp.com/index/pt-br/transporte_p%C3%BAblico-line-505_5-Brasilia-1702-850942-651521-0,-1.0,-15.6359,-47.82995,,,,,2023-06-14T14:26:07+00:00
BRA_119725,Brasília,5300108,,Piracicabana,0.611,https://moovitapp.com/index/pt-br/transporte_p%C3%BAblico-line-0_611-Brasilia-1702-850942-25771159-0,-1.0,-15.61844,-47.65424,,,,1,2023-06-14T14:26:08+00:00
BRA_120961,Brasília,5300108,,Piracicabana,640.2,https://moovitapp.com/index/pt-br/transporte_p%C3%BAblico-line-640_2-Brasilia-1702-850942-697957-0,-1.0,-15.65376,-47.78344,,,,,2023-06-14T14:26:08+00:00
BRA_120341,Brasília,5300108,,Piracicabana,0.136,https://moovitapp.com/index/pt-br/transporte_p%C3%BAblico-line-0_136-Brasilia-1702-850942-719957-0,-1.0,-15.75567,-47.83787,,,,,2023-06-14T14:26:08+00:00
BRA_120316,Brasília,5300108,,Piracicabana,0.143,https://moovitapp.com/index/pt-br/transporte_p%C3%BAblico-line-0_143-Brasilia-1702-850942-470747-0,-1.0,-15.77486,-47.90775,,,,1,2023-06-14T14:26:08+00:00
BRA_116190,Brasília,5300108,,Piracicabana,066.5,https://moovitapp.com/index/pt-br/transporte_p%C3%BAblico-line-066_5-Brasilia-1702-850942-770026-0,-1.0,-15.62458,-47.64483,,,,,2023-06-14T14:26:08+00:00
BRA_118338,Brasília,5300108,,Piracicabana,105.2,https://moovitapp.com/index/pt-br/transporte_p%C3%BAblico-line-105_2-Brasilia-1702-850942-12015265-0,-1.0,-15.84354,-47.91766,,,,,2023-06-14T14:26:08+00:00
BRA_117862,Brasília,5300108,,Piracicabana,136.6,https://moovitapp.com/index/pt-br/transporte_p%C3%BAblico-line-136_6-Brasilia-1702-850942-773700-0,-1.0,-15.81353,-47.90791,,,,1,2023-06-14T14:26:08+00:00
BRA_120537,Brasília,5300108,,Piracicabana,0.116,https://moovitapp.com/index/pt-br/transporte_p%C3%BAblico-line-0_116-Brasilia-1702-850942-242381-0,-1.0,-15.7392,-47.89874,,,,,2023-06-14T14:26:09+00:00
BRA_121029,Brasília,5300108,,Piracicabana,0.116,https://moovitapp.com/index/pt-br/transporte_p%C3%BAblico-line-0_116-Brasilia-1702-850942-242381-0,-1.0,-15.76905,-47.88909,,,,,2023-06-14T14:26:09+00:00
BRA_119547,Brasília,5300108,,Piracicabana,501.3,https://moovitapp.com/index/pt-br/transporte_p%C3%BAblico-line-501_3-Brasilia-1702-850942-242472-0,-1.0,-15.66371,-47.84242,,,,,2023-06-14T14:26:09+00:00
BRA_119211,Brasília,5300108,,Piracicabana,531.1,https://moovitapp.com/index/pt-br/transporte_p%C3%BAblico-line-531_1-Brasilia-1702-850942-476289-0,-1.0,-15.58842,-47.86617,,,,1,2023-06-14T14:26:10+00:00
BRA_119695,Brasília,5300108,,Piracicabana,0.617,https://moovitapp.com/index/pt-br/transporte_p%C3%BAblico-line-0_617-Brasilia-1702-850942-242417-0,-1.0,-15.81136,-47.89314,,,,,2023-06-14T14:26:10+00:00
BRA_120855,Brasília,5300108,,Piracicabana,158.1,https://moovitapp.com/index/pt-br/transporte_p%C3%BAblico-line-158_1-Brasilia-1702-850942-775094-0,-1.0,-15.80256,-47.96773,,,,,2023-06-14T14:26:10+00:00
BRA_118427,Brasília,5300108,,Piracicabana,136.2,https://moovitapp.com/index/pt-br/transporte_p%C3%BAblico-line-136_2-Brasilia-1702-850942-705113-0,-1.0,-15.79769,-47.89171,,,,,2023-06-14T14:26:10+00:00
BRA_116157,Brasília,5300108,,Piracicabana,601.1,https://moovitapp.com/index/pt-br/transporte_p%C3%BAblico-line-601_1-Brasilia-1702-850942-322377-0,-1.0,-15.62429,-47.653,,,,,2023-06-14T14:26:11+00:00
BRA_116947,Brasília,5300108,,Piracicabana,0.024,https://moovitapp.com/index/pt-br/transporte_p%C3%BAblico-line-0_024-Brasilia-1702-850942-781320-0,-1.0,-15.79616,-47.93378,,,,,2023-06-14T14:26:11+00:00
BRA_120791,Brasília,5300108,,Piracicabana,0.136,https://moovitapp.com/index/pt-br/transporte_p%C3%BAblico-line-0_136-Brasilia-1702-850942-719957-0,-1.0,-15.78607,-47.87391,,,,,2023-06-14T14:26:11+00:00
BRA_120481,Brasília,5300108,,Piracicabana,115.1,https://moovitapp.com/index/pt-br/transporte_p%C3%BAblico-line-115_1-Brasilia-1702-850942-242436-0,-1.0,-15.77619,-47.87409,,,,,2023-06-14T14:26:11+00:00
BRA_120707,Brasília,5300108,,Piracicabana,600.7,https://moovitapp.com/index/pt-br/transporte_p%C3%BAblico-line-600_7-Brasilia-1702-850942-698442-0,-1.0,-15.70834,-47.89391,,,,,2023-06-14T14:26:11+00:00
BRA_119431,Brasília,5300108,,Piracicabana,511.4,https://moovitapp.com/index/pt-br/transporte_p%C3%BAblico-line-511_4-Brasilia-1702-850942-770030-0,-1.0,-15.76283,-47.78035,,,,,2023-06-14T14:26:11+00:00
BRA_119491,Brasília,5300108,,Piracicabana,0.515,https://moovitapp.com/index/pt-br/transporte_p%C3%BAblico-line-0_515-Brasilia-1702-850942-26501707-0,-1.0,-15.58987,-47.98872,,,,,2023-06-14T14:26:12+00:00
BRA_119270,Brasília,5300108,,Piracicabana,501.3,https://moovitapp.com/index/pt-br/transporte_p%C3%BAblico-line-501_3-Brasilia-1702-850942-242472-0,-1.0,-15.63522,-47.8228,,,,,2023-06-14T14:26:12+00:00
BRA_120782,Brasília,5300108,,Piracicabana,162.1,https://moovitapp.com/index/pt-br/transporte_p%C3%BAblico-line-162_1-Brasilia-1702-850942-762425-0,-1.0,-15.80117,-47.89437,,,,1,2023-06-14T14:26:12+00:00
BRA_116343,Brasília,5300108,,Piracicabana,066.5,https://moovitapp.com/index/pt-br/transporte_p%C3%BAblico-line-066_5-Brasilia-1702-850942-770026-0,-1.0,-15.64355,-47.64831,,,,,2023-06-14T14:26:12+00:00
BRA_115282,Brasília,5300108,,Piracicabana,116.2,https://moovitapp.com/index/pt-br/transporte_p%C3%BAblico-line-116_2-Brasilia-1702-850942-60842780-0,-1.0,-15.76527,-47.90756,,,,,2023-06-14T14:26:12+00:00
BRA_116963,Brasília,5300108,,Piracicabana,0.006,https://moovitapp.com/index/pt-br/transporte_p%C3%BAblico-line-0_006-Brasilia-1702-850942-775079-0,-1.0,-15.83614,-47.9329,,,,1,2023-06-14T14:26:12+00:00
BRA_117773,Brasília,5300108,,Piracicabana,501.3,https://moovitapp.com/index/pt-br/transporte_p%C3%BAblico-line-501_3-Brasilia-1702-850942-242472-0,-1.0,-15.80764,-47.89157,,,,,2023-06-14T14:26:12+00:00
BRA_117277,Brasília,5300108,,Piracicabana,640.2,https://moovitapp.com/index/pt-br/transporte_p%C3%BAblico-line-640_2-Brasilia-1702-850942-697957-0,-1.0,-15.75422,-47.89424,,,,,2023-06-14T14:26:12+00:00
BRA_117471,Brasília,5300108,,Piracicabana,063.1,https://moovitapp.com/index/pt-br/transporte_p%C3%BAblico-line-063_1-Brasilia-1702-850942-339291-0,-1.0,-15.64654,-47.77727,,,,,2023-06-14T14:26:12+00:00
BRA_117528,Brasília,5300108,,Piracicabana,062.5,https://moovitapp.com/index/pt-br/transporte_p%C3%BAblico-line-062_5-Brasilia-1702-850942-339835-0,-1.0,-15.67146,-47.84316,,,,,2023-06-14T14:26:12+00:00
BRA_117498,Brasília,5300108,,Piracicabana,0.515,https://moovitapp.com/index/pt-br/transporte_p%C3%BAblico-line-0_515-Brasilia-1702-850942-26501707-0,-1.0,-15.64588,-47.78788,,,,,2023-06-14T14:26:12+00:00
BRA_118109,Brasília,5300108,,Piracicabana,505.8,https://moovitapp.com/index/pt-br/transporte_p%C3%BAblico-line-505_8-Brasilia-1702-850942-339297-0,-1.0,-15.66407,-47.85286,,,,,2023-06-14T14:26:12+00:00
BRA_116203,Brasília,5300108,,Piracicabana,064.1,https://moovitapp.com/index/pt-br/transporte_p%C3%BAblico-line-064_1-Brasilia-1702-850942-339292-0,-1.0,-15.63023,-47.65175,,,,,2023-06-14T14:26:13+00:00
BRA_120812,Brasília,5300108,,Piracicabana,136.9,https://moovitapp.com/index/pt-br/transporte_p%C3%BAblico-line-136_9-Brasilia-1702-850942-773702-0,-1.0,-15.79317,-47.88171,,,,1,2023-06-14T14:26:13+00:00
BRA_120065,Brasília,5300108,,Piracicabana,066.1,https://moovitapp.com/index/pt-br/transporte_p%C3%BAblico-line-066_1-Brasilia-1702-850942-94478627-0,-1.0,-15.61554,-47.69106,,,,,2023-06-14T14:26:13+00:00
BRA_119784,Brasília,5300108,,Piracicabana,066.3,https://moovitapp.com/index/pt-br/transporte_p%C3%BAblico-line-066_3-Brasilia-1702-850942-513542-0,-1.0,-15.61588,-47.68681,,,,1,2023-06-14T14:26:13+00:00
BRA_120162,Brasília,5300108,,Piracicabana,0.116,https://moovitapp.com/index/pt-br/transporte_p%C3%BAblico-line-0_116-Brasilia-1702-850942-242381-0,-1.0,-15.73569,-47.88583,,,,,2023-06-14T14:26:13+00:00
BRA_119920,Brasília,5300108,,Piracicabana,162.1,https://moovitapp.com/index/pt-br/transporte_p%C3%BAblico-line-162_1-Brasilia-1702-850942-762425-0,-1.0,-15.79786,-47.8918,,,,,2023-06-14T14:26:13+00:00
BRA_119911,Brasília,5300108,,Piracicabana,104.1,https://moovitapp.com/index/pt-br/transporte_p%C3%BAblico-line-104_1-Brasilia-1702-850942-242430-0,-1.0,-15.7938,-47.88196,,,,1,2023-06-14T14:26:13+00:00
BRA_119571,Brasília,5300108,,Piracicabana,512.1,https://moovitapp.com/index/pt-br/transporte_p%C3%BAblico-line-512_1-Brasilia-1702-850942-474401-0,-1.0,-15.7254,-47.89617,,,,,2023-06-14T14:26:14+00:00
BRA_119130,Brasília,5300108,,Piracicabana,0.517,https://moovitapp.com/index/pt-br/transporte_p%C3%BAblico-line-0_517-Brasilia-1702-850942-242400-0,-1.0,-15.83585,-47.93306,,,,,2023-06-14T14:26:14+00:00
BRA_120677,Brasília,5300108,,Piracicabana,0.128,https://moovitapp.com/index/pt-br/transporte_p%C3%BAblico-line-0_128-Brasilia-1702-850942-382511-0,-1.0,-15.73902,-47.89878,,,,,2023-06-14T14:26:14+00:00
BRA_116378,Brasília,5300108,,Piracicabana,066.2,https://moovitapp.com/index/pt-br/transporte_p%C3%BAblico-line-066_2-Brasilia-1702-850942-339293-0,-1.0,-15.62269,-47.65731,,,,,2023-06-14T14:26:14+00:00
BRA_117765,Brasília,5300108,,Piracicabana,505.8,https://moovitapp.com/index/pt-br/transporte_p%C3%BAblico-line-505_8-Brasilia-1702-850942-339297-0,-1.0,-15.64962,-47.786,,,,1,2023-06-14T14:26:14+00:00
BRA_117170,Brasília,5300108,,Piracicabana,0.517,https://moovitapp.com/index/pt-br/transporte_p%C3%BAblico-line-0_517-Brasilia-1702-850942-242400-0,-1.0,-15.63849,-47.84214,,,,,2023-06-14T14:26:14+00:00
BRA_117102,Brasília,5300108,,Piracicabana,0.517,https://moovitapp.com/index/pt-br/transporte_p%C3%BAblico-line-0_517-Brasilia-1702-850942-242400-0,-1.0,-15.76311,-47.89104,,,,,2023-06-14T14:26:14+00:00
BRA_118362,Brasília,5300108,,Piracicabana,115.1,https://moovitapp.com/index/pt-br/transporte_p%C3%BAblico-line-115_1-Brasilia-1702-850942-242436-0,-1.0,-15.79402,-47.88194,,,,1,2023-06-14T14:26:15+00:00
BRA_119890,Brasília,5300108,,Piracicabana,0.140,https://moovitapp.com/index/pt-br/transporte_p%C3%BAblico-line-0_140-Brasilia-1702-850942-242386-0,-1.0,-15.79541,-47.84807,,,,,2023-06-14T14:26:15+00:00
BRA_118613,Brasília,5300108,,Piracicabana,504.4,https://moovitapp.com/index/pt-br/transporte_p%C3%BAblico-line-504_4-Brasilia-1702-850942-771759-0,-1.0,-15.64356,-47.81436,,,,1,2023-06-14T14:26:16+00:00
BRA_116521,Brasília,5300108,,Piracicabana,0.151,https://moovitapp.com/index/pt-br/transporte_p%C3%BAblico-line-0_151-Brasilia-1702-850942-775087-0,-1.0,-15.81588,-47.91067,,,,1,2023-06-14T14:26:16+00:00
BRA_115321,Brasília,5300108,,Piracicabana,102.6,https://moovitapp.com/index/pt-br/transporte_p%C3%BAblico-line-102_6-Brasilia-1702-850942-775091-0,-1.0,-15.83649,-47.93299,,,,1,2023-06-14T14:26:17+00:00
BRA_118702,Brasília,5300108,,Piracicabana,110.2,https://moovitapp.com/index/pt-br/transporte_p%C3%BAblico-line-110_2-Brasilia-1702-850942-339295-0,-1.0,-15.7944,-47.88215,,,,1,2023-06-14T14:26:18+00:00
BRA_118800,Brasília,5300108,,Piracicabana,136.6,https://moovitapp.com/index/pt-br/transporte_p%C3%BAblico-line-136_6-Brasilia-1702-850942-773700-0,-1.0,-15.7341,-47.89749,,,,1,2023-06-14T14:26:19+00:00
BRA_120243,Brasília,5300108,,Piracicabana,0.136,https://moovitapp.com/index/pt-br/transporte_p%C3%BAblico-line-0_136-Brasilia-1702-850942-719957-0,-1.0,-15.79508,-47.8811,,,,1,2023-06-14T14:26:19+00:00
