bus_id,city,city_code,adapted,agency,line_code,line_url,line_fare,latitude,longitude,bus_speed,is_eletric,bus_type,bus_direction,updated_at
BRA_339989,Brasília,5300108,,Urbi,0.340,https://moovitapp.com/index/pt-br/transporte_p%C3%BAblico-line-0_340-Brasilia-1702-851595-641378-0,-1.0,-15.90001,-48.12293,0.0,,,1,2023-06-16T22:14:46+00:00
BRA_337790,Brasília,5300108,,Urbi,813.2,https://moovitapp.com/index/pt-br/transporte_p%C3%BAblico-line-813_2-Brasilia-1702-851595-242636-0,-1.0,-15.78162,-47.88751,0.56,,,1,2023-06-16T22:36:35+00:00
BRA_340014,Brasília,5300108,,Urbi,056.2,https://moovitapp.com/index/pt-br/transporte_p%C3%BAblico-line-056_2-Brasilia-1702-851595-492982-0,-1.0,-15.8615,-48.07499,9.72,,,1,2023-06-16T22:44:46+00:00
BRA_337056,Brasília,5300108,,Urbi,823.2,https://moovitapp.com/index/pt-br/transporte_p%C3%BAblico-line-823_2-Brasilia-1702-851595-736295-0,-1.0,-15.85215,-47.97533,16.11,,,1,2023-06-16T22:46:31+00:00
BRA_340154,Brasília,5300108,,Urbi,0.825,https://moovitapp.com/index/pt-br/transporte_p%C3%BAblico-line-0_825-Brasilia-1702-851595-334081-0,-1.0,-15.80814,-47.89101,16.39,,,1,2023-06-16T22:55:23+00:00
BRA_338559,Brasília,5300108,,Urbi,874.4,https://moovitapp.com/index/pt-br/transporte_p%C3%BAblico-line-874_4-Brasilia-1702-851595-775106-0,-1.0,-15.78911,-47.89224,15.28,,,2,2023-06-16T22:56:26+00:00
BRA_340103,Brasília,5300108,,Urbi,373.2,https://moovitapp.com/index/pt-br/transporte_p%C3%BAblico-line-373_2-Brasilia-1702-851595-334084-0,-1.0,-15.83853,-47.93022,10.28,,,2,2023-06-16T22:57:04+00:00
BRA_337510,Brasília,5300108,,Urbi,818.1,https://moovitapp.com/index/pt-br/transporte_p%C3%BAblico-line-818_1-Brasilia-1702-851595-242639-0,-1.0,-15.78749,-47.9885,0.0,,,2,2023-06-16T22:57:29+00:00
BRA_339687,Brasília,5300108,,Urbi,367.2,https://moovitapp.com/index/pt-br/transporte_p%C3%BAblico-line-367_2-Brasilia-1702-851595-454971-0,-1.0,-15.85867,-48.06958,2.5,,,1,2023-06-16T22:57:56+00:00
BRA_339261,Brasília,5300108,,Urbi,0.053,https://moovitapp.com/index/pt-br/transporte_p%C3%BAblico-line-0_053-Brasilia-1702-851595-588803-0,-1.0,-15.85664,-48.04195,8.06,,,1,2023-06-16T22:59:05+00:00
BRA_335991,Brasília,5300108,,Urbi,2068,https://moovitapp.com/index/pt-br/transporte_p%C3%BAblico-line-2068-Brasilia-1702-851595-137934736-0,-1.0,-15.84362,-48.04524,4.44,,,2,2023-06-16T22:59:48+00:00
BRA_338885,Brasília,5300108,,Urbi,812.1,https://moovitapp.com/index/pt-br/transporte_p%C3%BAblico-line-812_1-Brasilia-1702-851595-372386-0,-1.0,-15.7979,-48.1593,8.33,,,2,2023-06-16T23:00:23+00:00
BRA_340219,Brasília,5300108,,Urbi,0.082,https://moovitapp.com/index/pt-br/transporte_p%C3%BAblico-line-0_082-Brasilia-1702-851595-781326-0,-1.0,-15.80573,-47.94794,19.17,,,1,2023-06-16T23:00:55+00:00
BRA_336742,Brasília,5300108,,Urbi,394.1,https://moovitapp.com/index/pt-br/transporte_p%C3%BAblico-line-394_1-Brasilia-1702-851595-334089-0,-1.0,-15.81159,-47.98875,0.0,,,1,2023-06-16T23:01:22+00:00
BRA_336262,Brasília,5300108,,Urbi,0.053,https://moovitapp.com/index/pt-br/transporte_p%C3%BAblico-line-0_053-Brasilia-1702-851595-588803-0,-1.0,-15.9019,-48.12863,0.0,,,1,2023-06-16T23:01:24+00:00
BRA_336033,Brasília,5300108,,Urbi,373.2,https://moovitapp.com/index/pt-br/transporte_p%C3%BAblico-line-373_2-Brasilia-1702-851595-334084-0,-1.0,-15.86744,-48.05546,5.83,,,2,2023-06-16T23:01:25+00:00
BRA_338613,Brasília,5300108,,Urbi,0.882,https://moovitapp.com/index/pt-br/transporte_p%C3%BAblico-line-0_882-Brasilia-1702-851595-363858-0,-1.0,-15.88414,-48.0539,8.06,,,2,2023-06-16T23:01:26+00:00
BRA_335771,Brasília,5300108,,Urbi,0.391,https://moovitapp.com/index/pt-br/transporte_p%C3%BAblico-line-0_391-Brasilia-1702-851595-372354-0,-1.0,-15.78303,-47.88768,1.94,,,2,2023-06-16T23:01:27+00:00
BRA_338800,Brasília,5300108,,Urbi,0.811,https://moovitapp.com/index/pt-br/transporte_p%C3%BAblico-line-0_811-Brasilia-1702-851595-334078-0,-1.0,-15.8968,-48.04781,0.0,,,2,2023-06-16T23:01:28+00:00
BRA_336866,Brasília,5300108,,Urbi,0.813,https://moovitapp.com/index/pt-br/transporte_p%C3%BAblico-line-0_813-Brasilia-1702-851595-651523-0,-1.0,-15.89815,-48.05463,8.89,,,1,2023-06-16T23:01:29+00:00
BRA_339199,Brasília,5300108,,Urbi,367.2,https://moovitapp.com/index/pt-br/transporte_p%C3%BAblico-line-367_2-Brasilia-1702-851595-454971-0,-1.0,-15.88837,-48.12471,7.78,,,1,2023-06-16T23:01:29+00:00
BRA_340049,Brasília,5300108,,Urbi,396.3,https://moovitapp.com/index/pt-br/transporte_p%C3%BAblico-line-396_3-Brasilia-1702-851595-372378-0,-1.0,-15.85405,-47.95574,10.83,,,2,2023-06-16T23:01:31+00:00
BRA_340421,Brasília,5300108,,Urbi,3944,https://moovitapp.com/index/pt-br/transporte_p%C3%BAblico-line-3944-Brasilia-1702-851595-90452197-0,-1.0,-15.80749,-47.9655,16.11,,,2,2023-06-16T23:01:31+00:00
BRA_338486,Brasília,5300108,,Urbi,0.808,https://moovitapp.com/index/pt-br/transporte_p%C3%BAblico-line-0_808-Brasilia-1702-851595-372359-0,-1.0,-15.8588,-48.06809,6.11,,,1,2023-06-16T23:01:31+00:00
BRA_338257,Brasília,5300108,,Urbi,807.8,https://moovitapp.com/index/pt-br/transporte_p%C3%BAblico-line-807_8-Brasilia-1702-851595-322408-0,-1.0,-15.90213,-48.05846,3.06,,,2,2023-06-16T23:01:32+00:00
BRA_340120,Brasília,5300108,,Urbi,396.2,https://moovitapp.com/index/pt-br/transporte_p%C3%BAblico-line-396_2-Brasilia-1702-851595-372377-0,-1.0,-15.87779,-48.01044,6.39,,,2,2023-06-16T23:01:32+00:00
BRA_339954,Brasília,5300108,,Urbi,391.3,https://moovitapp.com/index/pt-br/transporte_p%C3%BAblico-line-391_3-Brasilia-1702-851595-372373-0,-1.0,-15.8112,-47.90464,11.39,,,2,2023-06-16T23:01:32+00:00
BRA_336211,Brasília,5300108,,Urbi,394.1,https://moovitapp.com/index/pt-br/transporte_p%C3%BAblico-line-394_1-Brasilia-1702-851595-334089-0,-1.0,-15.88376,-48.15002,0.0,,,1,2023-06-16T23:01:32+00:00
BRA_336734,Brasília,5300108,,Urbi,0.380,https://moovitapp.com/index/pt-br/transporte_p%C3%BAblico-line-0_380-Brasilia-1702-851595-334073-0,-1.0,-15.78442,-47.91562,0.83,,,2,2023-06-16T23:01:34+00:00
BRA_335801,Brasília,5300108,,Urbi,372.3,https://moovitapp.com/index/pt-br/transporte_p%C3%BAblico-line-372_3-Brasilia-1702-851595-641001-0,-1.0,-15.83633,-48.06709,17.22,,,1,2023-06-16T23:01:35+00:00
BRA_339695,Brasília,5300108,,Urbi,0.171,https://moovitapp.com/index/pt-br/transporte_p%C3%BAblico-line-0_171-Brasilia-1702-851595-242524-0,-1.0,-15.7836,-47.88747,6.67,,,2,2023-06-16T23:01:35+00:00
BRA_336611,Brasília,5300108,,Urbi,0.881,https://moovitapp.com/index/pt-br/transporte_p%C3%BAblico-line-0_881-Brasilia-1702-851595-363857-0,-1.0,-15.79485,-47.91282,2.22,,,2,2023-06-16T23:01:37+00:00
BRA_337251,Brasília,5300108,,Urbi,870.7,https://moovitapp.com/index/pt-br/transporte_p%C3%BAblico-line-870_7-Brasilia-1702-851595-531037-0,-1.0,-15.79285,-47.88242,0.28,,,2,2023-06-16T23:01:38+00:00
BRA_337838,Brasília,5300108,,Urbi,0.809,https://moovitapp.com/index/pt-br/transporte_p%C3%BAblico-line-0_809-Brasilia-1702-851595-516630-0,-1.0,-15.87601,-47.98803,9.17,,,2,2023-06-16T23:01:39+00:00
BRA_335908,Brasília,5300108,,Urbi,397.2,https://moovitapp.com/index/pt-br/transporte_p%C3%BAblico-line-397_2-Brasilia-1702-851595-890938-0,-1.0,-15.86257,-48.07646,5.83,,,1,2023-06-16T23:01:39+00:00
BRA_336980,Brasília,5300108,,Urbi,807.6,https://moovitapp.com/index/pt-br/transporte_p%C3%BAblico-line-807_6-Brasilia-1702-851595-334092-0,-1.0,-15.919,-48.05605,6.67,,,1,2023-06-16T23:01:41+00:00
BRA_339733,Brasília,5300108,,Urbi,119.0,https://moovitapp.com/index/pt-br/transporte_p%C3%BAblico-line-119_0-Brasilia-1702-851595-139513625-0,-1.0,-15.89661,-47.93881,8.61,,,1,2023-06-16T23:01:42+00:00
BRA_338346,Brasília,5300108,,Urbi,0.177,https://moovitapp.com/index/pt-br/transporte_p%C3%BAblico-line-0_177-Brasilia-1702-851595-242528-0,-1.0,-15.83316,-47.9526,2.5,,,1,2023-06-16T23:01:43+00:00
BRA_340090,Brasília,5300108,,Urbi,056.4,https://moovitapp.com/index/pt-br/transporte_p%C3%BAblico-line-056_4-Brasilia-1702-851595-519387-0,-1.0,-15.82557,-48.11839,0.0,,,1,2023-06-16T23:01:43+00:00
BRA_335495,Brasília,5300108,,Urbi,0.825,https://moovitapp.com/index/pt-br/transporte_p%C3%BAblico-line-0_825-Brasilia-1702-851595-334081-0,-1.0,-15.87796,-48.06813,12.5,,,1,2023-06-16T23:01:44+00:00
BRA_340235,Brasília,5300108,,Urbi,398.1,https://moovitapp.com/index/pt-br/transporte_p%C3%BAblico-line-398_1-Brasilia-1702-851595-510241-0,-1.0,-15.82237,-48.11543,0.0,,,2,2023-06-16T23:01:44+00:00
BRA_338435,Brasília,5300108,,Urbi,0.809,https://moovitapp.com/index/pt-br/transporte_p%C3%BAblico-line-0_809-Brasilia-1702-851595-516630-0,-1.0,-15.92691,-48.1069,4.17,,,1,2023-06-16T23:01:44+00:00
BRA_340383,Brasília,5300108,,Urbi,0.391,https://moovitapp.com/index/pt-br/transporte_p%C3%BAblico-line-0_391-Brasilia-1702-851595-372354-0,-1.0,-15.86636,-47.96554,13.89,,,2,2023-06-16T23:01:45+00:00
BRA_339903,Brasília,5300108,,Urbi,0.082,https://moovitapp.com/index/pt-br/transporte_p%C3%BAblico-line-0_082-Brasilia-1702-851595-781326-0,-1.0,-15.8377,-47.95232,11.11,,,1,2023-06-16T23:01:45+00:00
BRA_336220,Brasília,5300108,,Urbi,394.1,https://moovitapp.com/index/pt-br/transporte_p%C3%BAblico-line-394_1-Brasilia-1702-851595-334089-0,-1.0,-15.90238,-48.12971,0.0,,,1,2023-06-16T23:01:46+00:00
BRA_339334,Brasília,5300108,,Urbi,366.1,https://moovitapp.com/index/pt-br/transporte_p%C3%BAblico-line-366_1-Brasilia-1702-851595-425249-0,-1.0,-15.86533,-48.05662,10.56,,,1,2023-06-16T23:01:46+00:00
BRA_338923,Brasília,5300108,,Urbi,0.808,https://moovitapp.com/index/pt-br/transporte_p%C3%BAblico-line-0_808-Brasilia-1702-851595-372359-0,-1.0,-15.79265,-48.12676,9.17,,,1,2023-06-16T23:01:46+00:00
BRA_339245,Brasília,5300108,,Urbi,056.4,https://moovitapp.com/index/pt-br/transporte_p%C3%BAblico-line-056_4-Brasilia-1702-851595-519387-0,-1.0,-15.89412,-48.12924,12.5,,,2,2023-06-16T23:01:47+00:00
BRA_336394,Brasília,5300108,,Urbi,380.2,https://moovitapp.com/index/pt-br/transporte_p%C3%BAblico-line-380_2-Brasilia-1702-851595-334086-0,-1.0,-15.84949,-48.06081,6.94,,,1,2023-06-16T23:01:48+00:00
BRA_339512,Brasília,5300108,,Urbi,0.806,https://moovitapp.com/index/pt-br/transporte_p%C3%BAblico-line-0_806-Brasilia-1702-851595-339299-0,-1.0,-15.86333,-48.05783,12.5,,,1,2023-06-16T23:01:49+00:00
BRA_337153,Brasília,5300108,,Urbi,874.4,https://moovitapp.com/index/pt-br/transporte_p%C3%BAblico-line-874_4-Brasilia-1702-851595-775106-0,-1.0,-15.87749,-48.00564,1.94,,,2,2023-06-16T23:01:49+00:00
BRA_339814,Brasília,5300108,,Urbi,367.2,https://moovitapp.com/index/pt-br/transporte_p%C3%BAblico-line-367_2-Brasilia-1702-851595-454971-0,-1.0,-15.85366,-48.0721,9.72,,,1,2023-06-16T23:01:49+00:00
BRA_338648,Brasília,5300108,,Urbi,805.1,https://moovitapp.com/index/pt-br/transporte_p%C3%BAblico-line-805_1-Brasilia-1702-851595-454980-0,-1.0,-15.8728,-48.02918,5.83,,,1,2023-06-16T23:01:50+00:00
BRA_337382,Brasília,5300108,,Urbi,813.2,https://moovitapp.com/index/pt-br/transporte_p%C3%BAblico-line-813_2-Brasilia-1702-851595-242636-0,-1.0,-15.90361,-48.07188,5.28,,,2,2023-06-16T23:01:50+00:00
BRA_339547,Brasília,5300108,,Urbi,806.1,https://moovitapp.com/index/pt-br/transporte_p%C3%BAblico-line-806_1-Brasilia-1702-851595-775104-0,-1.0,-15.89304,-48.04645,3.06,,,2,2023-06-16T23:01:51+00:00
BRA_337587,Brasília,5300108,,Urbi,813.2,https://moovitapp.com/index/pt-br/transporte_p%C3%BAblico-line-813_2-Brasilia-1702-851595-242636-0,-1.0,-15.86969,-47.97213,13.89,,,2,2023-06-16T23:01:52+00:00
BRA_335576,Brasília,5300108,,Urbi,372.5,https://moovitapp.com/index/pt-br/transporte_p%C3%BAblico-line-372_5-Brasilia-1702-851595-519391-0,-1.0,-15.84653,-48.07484,15.56,,,1,2023-06-16T23:01:53+00:00
BRA_339237,Brasília,5300108,,Urbi,0.821,https://moovitapp.com/index/pt-br/transporte_p%C3%BAblico-line-0_821-Brasilia-1702-851595-334080-0,-1.0,-15.79373,-47.8852,7.78,,,2,2023-06-16T23:01:53+00:00
BRA_338893,Brasília,5300108,,Urbi,806.1,https://moovitapp.com/index/pt-br/transporte_p%C3%BAblico-line-806_1-Brasilia-1702-851595-775104-0,-1.0,-15.91691,-48.04913,10.28,,,1,2023-06-16T23:01:53+00:00
BRA_338354,Brasília,5300108,,Urbi,0.898,https://moovitapp.com/index/pt-br/transporte_p%C3%BAblico-line-0_898-Brasilia-1702-851595-322394-0,-1.0,-15.83958,-48.0465,12.22,,,1,2023-06-16T23:01:53+00:00
BRA_340057,Brasília,5300108,,Urbi,0.366,https://moovitapp.com/index/pt-br/transporte_p%C3%BAblico-line-0_366-Brasilia-1702-851595-650085-0,-1.0,-15.88648,-48.14625,10.56,,,1,2023-06-16T23:01:54+00:00
BRA_337684,Brasília,5300108,,Urbi,0.811,https://moovitapp.com/index/pt-br/transporte_p%C3%BAblico-line-0_811-Brasilia-1702-851595-334078-0,-1.0,-15.8925,-48.04878,0.0,,,2,2023-06-16T23:01:55+00:00
BRA_335738,Brasília,5300108,,Urbi,393.4,https://moovitapp.com/index/pt-br/transporte_p%C3%BAblico-line-393_4-Brasilia-1702-851595-588816-0,-1.0,-15.81967,-48.06539,0.0,,,1,2023-06-16T23:01:56+00:00
BRA_333859,Brasília,5300108,,Urbi,0.391,https://moovitapp.com/index/pt-br/transporte_p%C3%BAblico-line-0_391-Brasilia-1702-851595-372354-0,-1.0,-15.77188,-47.88885,0.0,,,2,2023-06-16T23:01:56+00:00
BRA_340022,Brasília,5300108,,Urbi,0.367,https://moovitapp.com/index/pt-br/transporte_p%C3%BAblico-line-0_367-Brasilia-1702-851595-519380-0,-1.0,-15.83267,-48.05745,0.0,,,1,2023-06-16T23:01:56+00:00
BRA_340324,Brasília,5300108,,Urbi,393.6,https://moovitapp.com/index/pt-br/transporte_p%C3%BAblico-line-393_6-Brasilia-1702-851595-588817-0,-1.0,-15.8388,-48.05296,1.67,,,1,2023-06-16T23:01:56+00:00
BRA_338770,Brasília,5300108,,Urbi,0.811,https://moovitapp.com/index/pt-br/transporte_p%C3%BAblico-line-0_811-Brasilia-1702-851595-334078-0,-1.0,-15.80968,-47.9027,11.94,,,2,2023-06-16T23:01:56+00:00
BRA_338303,Brasília,5300108,,Urbi,805.8,https://moovitapp.com/index/pt-br/transporte_p%C3%BAblico-line-805_8-Brasilia-1702-851595-454982-0,-1.0,-15.89399,-48.05671,11.94,,,1,2023-06-16T23:01:57+00:00
BRA_336688,Brasília,5300108,,Urbi,056.2,https://moovitapp.com/index/pt-br/transporte_p%C3%BAblico-line-056_2-Brasilia-1702-851595-492982-0,-1.0,-15.84302,-48.10528,10.56,,,1,2023-06-16T23:01:57+00:00
BRA_335444,Brasília,5300108,,Urbi,367.2,https://moovitapp.com/index/pt-br/transporte_p%C3%BAblico-line-367_2-Brasilia-1702-851595-454971-0,-1.0,-15.83908,-48.05785,12.22,,,1,2023-06-16T23:01:57+00:00
BRA_336971,Brasília,5300108,,Urbi,0.172,https://moovitapp.com/index/pt-br/transporte_p%C3%BAblico-line-0_172-Brasilia-1702-851595-470756-0,-1.0,-15.82639,-47.91501,0.0,,,2,2023-06-16T23:01:58+00:00
BRA_339636,Brasília,5300108,,Urbi,0.367,https://moovitapp.com/index/pt-br/transporte_p%C3%BAblico-line-0_367-Brasilia-1702-851595-519380-0,-1.0,-15.84254,-48.05284,9.44,,,1,2023-06-16T23:01:58+00:00
BRA_340189,Brasília,5300108,,Urbi,396.3,https://moovitapp.com/index/pt-br/transporte_p%C3%BAblico-line-396_3-Brasilia-1702-851595-372378-0,-1.0,-15.83453,-47.95182,14.72,,,1,2023-06-16T23:01:58+00:00
BRA_339164,Brasília,5300108,,Urbi,0.814,https://moovitapp.com/index/pt-br/transporte_p%C3%BAblico-line-0_814-Brasilia-1702-851595-492980-0,-1.0,-15.9314,-48.11118,8.06,,,1,2023-06-16T23:01:59+00:00
BRA_336513,Brasília,5300108,,Urbi,0.871,https://moovitapp.com/index/pt-br/transporte_p%C3%BAblico-line-0_871-Brasilia-1702-851595-418741-0,-1.0,-15.90856,-48.06226,6.39,,,2,2023-06-16T23:01:59+00:00
BRA_337871,Brasília,5300108,,Urbi,813.2,https://moovitapp.com/index/pt-br/transporte_p%C3%BAblico-line-813_2-Brasilia-1702-851595-242636-0,-1.0,-15.87596,-47.98746,15.83,,,1,2023-06-16T23:01:59+00:00
BRA_337129,Brasília,5300108,,Urbi,0.872,https://moovitapp.com/index/pt-br/transporte_p%C3%BAblico-line-0_872-Brasilia-1702-851595-466291-0,-1.0,-15.92144,-48.05274,0.0,,,1,2023-06-16T23:01:59+00:00
BRA_338877,Brasília,5300108,,Urbi,805.2,https://moovitapp.com/index/pt-br/transporte_p%C3%BAblico-line-805_2-Brasilia-1702-851595-454981-0,-1.0,-15.87605,-48.02932,15.28,,,1,2023-06-16T23:02:00+00:00
BRA_339121,Brasília,5300108,,Urbi,0.087,https://moovitapp.com/index/pt-br/transporte_p%C3%BAblico-line-0_087-Brasilia-1702-851595-242519-0,-1.0,-15.94976,-48.03341,0.0,,,1,2023-06-16T23:02:00+00:00
BRA_338851,Brasília,5300108,,Urbi,0.176,https://moovitapp.com/index/pt-br/transporte_p%C3%BAblico-line-0_176-Brasilia-1702-851595-242527-0,-1.0,-15.73954,-47.88435,18.06,,,1,2023-06-16T23:02:01+00:00
BRA_338681,Brasília,5300108,,Urbi,872.9,https://moovitapp.com/index/pt-br/transporte_p%C3%BAblico-line-872_9-Brasilia-1702-851595-372394-0,-1.0,-15.92144,-48.05274,0.0,,,1,2023-06-16T23:02:01+00:00
BRA_340359,Brasília,5300108,,Urbi,0.161,https://moovitapp.com/index/pt-br/transporte_p%C3%BAblico-line-0_161-Brasilia-1702-851595-704023-0,-1.0,-15.77426,-47.9271,9.72,,,1,2023-06-16T23:02:01+00:00
BRA_340456,Brasília,5300108,,Urbi,396.2,https://moovitapp.com/index/pt-br/transporte_p%C3%BAblico-line-396_2-Brasilia-1702-851595-372377-0,-1.0,-15.87955,-48.05306,12.22,,,1,2023-06-16T23:02:01+00:00
BRA_340146,Brasília,5300108,,Urbi,391.3,https://moovitapp.com/index/pt-br/transporte_p%C3%BAblico-line-391_3-Brasilia-1702-851595-372373-0,-1.0,-15.8656,-47.96415,17.78,,,2,2023-06-16T23:02:01+00:00
BRA_335525,Brasília,5300108,,Urbi,0.050,https://moovitapp.com/index/pt-br/transporte_p%C3%BAblico-line-0_050-Brasilia-1702-851595-781325-0,-1.0,-15.89965,-48.12392,0.0,,,1,2023-06-16T23:02:01+00:00
BRA_335703,Brasília,5300108,,Urbi,3944,https://moovitapp.com/index/pt-br/transporte_p%C3%BAblico-line-3944-Brasilia-1702-851595-90452197-0,-1.0,-15.85274,-48.04036,0.0,,,1,2023-06-16T23:02:01+00:00
BRA_337676,Brasília,5300108,,Urbi,807.9,https://moovitapp.com/index/pt-br/transporte_p%C3%BAblico-line-807_9-Brasilia-1702-851595-322409-0,-1.0,-15.91933,-48.05709,6.11,,,2,2023-06-16T23:02:01+00:00
BRA_337285,Brasília,5300108,,Urbi,870.7,https://moovitapp.com/index/pt-br/transporte_p%C3%BAblico-line-870_7-Brasilia-1702-851595-531037-0,-1.0,-15.88585,-48.05928,5.83,,,2,2023-06-16T23:02:02+00:00
BRA_336297,Brasília,5300108,,Urbi,380.2,https://moovitapp.com/index/pt-br/transporte_p%C3%BAblico-line-380_2-Brasilia-1702-851595-334086-0,-1.0,-15.84195,-48.05388,11.39,,,2,2023-06-16T23:02:02+00:00
BRA_336041,Brasília,5300108,,Urbi,391.3,https://moovitapp.com/index/pt-br/transporte_p%C3%BAblico-line-391_3-Brasilia-1702-851595-372373-0,-1.0,-15.8062,-47.89857,5.56,,,1,2023-06-16T23:02:02+00:00
BRA_336840,Brasília,5300108,,Urbi,0.811,https://moovitapp.com/index/pt-br/transporte_p%C3%BAblico-line-0_811-Brasilia-1702-851595-334078-0,-1.0,-15.87629,-47.98778,18.89,,,1,2023-06-16T23:02:02+00:00
BRA_339881,Brasília,5300108,,Urbi,396.3,https://moovitapp.com/index/pt-br/transporte_p%C3%BAblico-line-396_3-Brasilia-1702-851595-372378-0,-1.0,-15.82784,-47.92793,8.89,,,2,2023-06-16T23:02:02+00:00
BRA_339873,Brasília,5300108,,Urbi,391.3,https://moovitapp.com/index/pt-br/transporte_p%C3%BAblico-line-391_3-Brasilia-1702-851595-372373-0,-1.0,-15.87748,-48.10109,0.0,,,2,2023-06-16T23:02:02+00:00
BRA_336777,Brasília,5300108,,Urbi,0.394,https://moovitapp.com/index/pt-br/transporte_p%C3%BAblico-line-0_394-Brasilia-1702-851595-334076-0,-1.0,-15.84653,-48.04366,0.28,,,2,2023-06-16T23:02:02+00:00
BRA_340294,Brasília,5300108,,Urbi,0.366,https://moovitapp.com/index/pt-br/transporte_p%C3%BAblico-line-0_366-Brasilia-1702-851595-650085-0,-1.0,-15.86508,-48.05907,4.44,,,2,2023-06-16T23:02:02+00:00
BRA_340642,Brasília,5300108,,Urbi,372.4,https://moovitapp.com/index/pt-br/transporte_p%C3%BAblico-line-372_4-Brasilia-1702-851595-650087-0,-1.0,-15.80546,-48.07492,2.78,,,1,2023-06-16T23:02:02+00:00
BRA_338516,Brasília,5300108,,Urbi,813.2,https://moovitapp.com/index/pt-br/transporte_p%C3%BAblico-line-813_2-Brasilia-1702-851595-242636-0,-1.0,-15.87785,-48.0164,3.89,,,1,2023-06-16T23:02:02+00:00
BRA_338443,Brasília,5300108,,Urbi,0.038,https://moovitapp.com/index/pt-br/transporte_p%C3%BAblico-line-0_038-Brasilia-1702-851595-687419-0,-1.0,-15.80876,-48.0854,4.72,,,1,2023-06-16T23:02:02+00:00
BRA_338460,Brasília,5300108,,Urbi,0.882,https://moovitapp.com/index/pt-br/transporte_p%C3%BAblico-line-0_882-Brasilia-1702-851595-363858-0,-1.0,-15.90868,-48.04856,5.0,,,1,2023-06-16T23:02:02+00:00
BRA_338192,Brasília,5300108,,Urbi,0.087,https://moovitapp.com/index/pt-br/transporte_p%C3%BAblico-line-0_087-Brasilia-1702-851595-242519-0,-1.0,-15.87492,-47.97507,0.0,,,1,2023-06-16T23:02:02+00:00
BRA_339041,Brasília,5300108,,Urbi,0.883,https://moovitapp.com/index/pt-br/transporte_p%C3%BAblico-line-0_883-Brasilia-1702-851595-510239-0,-1.0,-15.81346,-48.08374,5.83,,,1,2023-06-16T23:02:03+00:00
BRA_340669,Brasília,5300108,,Urbi,3964,https://moovitapp.com/index/pt-br/transporte_p%C3%BAblico-line-3964-Brasilia-1702-851595-91525612-0,-1.0,-15.84533,-47.92561,14.17,,,1,2023-06-16T23:02:03+00:00
BRA_340626,Brasília,5300108,,Urbi,0.367,https://moovitapp.com/index/pt-br/transporte_p%C3%BAblico-line-0_367-Brasilia-1702-851595-519380-0,-1.0,-15.8634,-48.09053,11.11,,,1,2023-06-16T23:02:03+00:00
BRA_340499,Brasília,5300108,,Urbi,391.3,https://moovitapp.com/index/pt-br/transporte_p%C3%BAblico-line-391_3-Brasilia-1702-851595-372373-0,-1.0,-15.86591,-47.96473,18.61,,,2,2023-06-16T23:02:03+00:00
BRA_340600,Brasília,5300108,,Urbi,0.393,https://moovitapp.com/index/pt-br/transporte_p%C3%BAblico-line-0_393-Brasilia-1702-851595-588805-0,-1.0,-15.90063,-48.12414,0.0,,,1,2023-06-16T23:02:03+00:00
BRA_340375,Brasília,5300108,,Urbi,0.129,https://moovitapp.com/index/pt-br/transporte_p%C3%BAblico-line-0_129-Brasilia-1702-851595-775097-0,-1.0,-15.85318,-47.87665,12.22,,,1,2023-06-16T23:02:03+00:00
BRA_340081,Brasília,5300108,,Urbi,0.373,https://moovitapp.com/index/pt-br/transporte_p%C3%BAblico-line-0_373-Brasilia-1702-851595-334072-0,-1.0,-15.8044,-47.88882,13.61,,,2,2023-06-16T23:02:03+00:00
BRA_336131,Brasília,5300108,,Urbi,870.7,https://moovitapp.com/index/pt-br/transporte_p%C3%BAblico-line-870_7-Brasilia-1702-851595-531037-0,-1.0,-15.92144,-48.05274,3.33,,,1,2023-06-16T23:02:03+00:00
BRA_336025,Brasília,5300108,,Urbi,0.054,https://moovitapp.com/index/pt-br/transporte_p%C3%BAblico-line-0_054-Brasilia-1702-851595-454960-0,-1.0,-15.87997,-48.07607,4.17,,,1,2023-06-16T23:02:03+00:00
BRA_336556,Brasília,5300108,,Urbi,0.881,https://moovitapp.com/index/pt-br/transporte_p%C3%BAblico-line-0_881-Brasilia-1702-851595-363857-0,-1.0,-15.84228,-48.04597,6.94,,,2,2023-06-16T23:02:03+00:00
BRA_339482,Brasília,5300108,,Urbi,038.1,https://moovitapp.com/index/pt-br/transporte_p%C3%BAblico-line-038_1-Brasilia-1702-851595-781327-0,-1.0,-15.8856,-48.02287,0.0,,,2,2023-06-16T23:02:03+00:00
BRA_339423,Brasília,5300108,,Urbi,807.8,https://moovitapp.com/index/pt-br/transporte_p%C3%BAblico-line-807_8-Brasilia-1702-851595-322408-0,-1.0,-15.90949,-48.08799,6.11,,,1,2023-06-16T23:02:03+00:00
BRA_337811,Brasília,5300108,,Urbi,872.2,https://moovitapp.com/index/pt-br/transporte_p%C3%BAblico-line-872_2-Brasilia-1702-851595-425251-0,-1.0,-15.8475,-48.04847,0.0,,,1,2023-06-16T23:02:04+00:00
BRA_337862,Brasília,5300108,,Urbi,0.898,https://moovitapp.com/index/pt-br/transporte_p%C3%BAblico-line-0_898-Brasilia-1702-851595-322394-0,-1.0,-15.83412,-48.08089,6.11,,,2,2023-06-16T23:02:04+00:00
BRA_336629,Brasília,5300108,,Urbi,813.1,https://moovitapp.com/index/pt-br/transporte_p%C3%BAblico-line-813_1-Brasilia-1702-851595-242635-0,-1.0,-15.87492,-48.03236,1.39,,,2,2023-06-16T23:02:04+00:00
BRA_336947,Brasília,5300108,,Urbi,874.4,https://moovitapp.com/index/pt-br/transporte_p%C3%BAblico-line-874_4-Brasilia-1702-851595-775106-0,-1.0,-15.87789,-48.01603,6.67,,,1,2023-06-16T23:02:04+00:00
BRA_336475,Brasília,5300108,,Urbi,0.881,https://moovitapp.com/index/pt-br/transporte_p%C3%BAblico-line-0_881-Brasilia-1702-851595-363857-0,-1.0,-15.8789,-48.05202,4.44,,,1,2023-06-16T23:02:04+00:00
BRA_336157,Brasília,5300108,,Urbi,0.898,https://moovitapp.com/index/pt-br/transporte_p%C3%BAblico-line-0_898-Brasilia-1702-851595-322394-0,-1.0,-15.83645,-48.06744,11.67,,,1,2023-06-16T23:02:04+00:00
BRA_335584,Brasília,5300108,,Urbi,0.373,https://moovitapp.com/index/pt-br/transporte_p%C3%BAblico-line-0_373-Brasilia-1702-851595-334072-0,-1.0,-15.8801,-48.05385,11.11,,,1,2023-06-16T23:02:04+00:00
BRA_335410,Brasília,5300108,,Urbi,0.853,https://moovitapp.com/index/pt-br/transporte_p%C3%BAblico-line-0_853-Brasilia-1702-851595-454968-0,-1.0,-15.88163,-48.08131,0.0,,,2,2023-06-16T23:02:04+00:00
BRA_335347,Brasília,5300108,,Urbi,0.392,https://moovitapp.com/index/pt-br/transporte_p%C3%BAblico-line-0_392-Brasilia-1702-851595-334075-0,-1.0,-15.86963,-48.0563,0.0,,,2,2023-06-16T23:02:04+00:00
BRA_335363,Brasília,5300108,,Urbi,0.050,https://moovitapp.com/index/pt-br/transporte_p%C3%BAblico-line-0_050-Brasilia-1702-851595-781325-0,-1.0,-15.88269,-48.12661,11.39,,,1,2023-06-16T23:02:04+00:00
BRA_339890,Brasília,5300108,,Urbi,366.7,https://moovitapp.com/index/pt-br/transporte_p%C3%BAblico-line-366_7-Brasilia-1702-851595-650086-0,-1.0,-15.90176,-48.12868,0.0,,,2,2023-06-16T23:02:04+00:00
BRA_336645,Brasília,5300108,,Urbi,396.2,https://moovitapp.com/index/pt-br/transporte_p%C3%BAblico-line-396_2-Brasilia-1702-851595-372377-0,-1.0,-15.79656,-47.89153,6.39,,,2,2023-06-16T23:02:04+00:00
BRA_340413,Brasília,5300108,,Urbi,0.391,https://moovitapp.com/index/pt-br/transporte_p%C3%BAblico-line-0_391-Brasilia-1702-851595-372354-0,-1.0,-15.88954,-48.14228,4.72,,,1,2023-06-16T23:02:04+00:00
BRA_338222,Brasília,5300108,,Urbi,0.087,https://moovitapp.com/index/pt-br/transporte_p%C3%BAblico-line-0_087-Brasilia-1702-851595-242519-0,-1.0,-15.88509,-48.01672,5.83,,,1,2023-06-16T23:02:04+00:00
BRA_338761,Brasília,5300108,,Urbi,0.811,https://moovitapp.com/index/pt-br/transporte_p%C3%BAblico-line-0_811-Brasilia-1702-851595-334078-0,-1.0,-15.76139,-47.89164,15.56,,,1,2023-06-16T23:02:04+00:00
BRA_338958,Brasília,5300108,,Urbi,813.2,https://moovitapp.com/index/pt-br/transporte_p%C3%BAblico-line-813_2-Brasilia-1702-851595-242636-0,-1.0,-15.88162,-48.06077,6.39,,,2,2023-06-16T23:02:05+00:00
BRA_340243,Brasília,5300108,,Urbi,0.391,https://moovitapp.com/index/pt-br/transporte_p%C3%BAblico-line-0_391-Brasilia-1702-851595-372354-0,-1.0,-15.87311,-48.10408,4.44,,,2,2023-06-16T23:02:05+00:00
BRA_340197,Brasília,5300108,,Urbi,373.2,https://moovitapp.com/index/pt-br/transporte_p%C3%BAblico-line-373_2-Brasilia-1702-851595-334084-0,-1.0,-15.88365,-48.14981,0.0,,,1,2023-06-16T23:02:05+00:00
BRA_340570,Brasília,5300108,,Urbi,396.3,https://moovitapp.com/index/pt-br/transporte_p%C3%BAblico-line-396_3-Brasilia-1702-851595-372378-0,-1.0,-15.82784,-47.92793,8.33,,,2,2023-06-16T23:02:05+00:00
BRA_339351,Brasília,5300108,,Urbi,056.2,https://moovitapp.com/index/pt-br/transporte_p%C3%BAblico-line-056_2-Brasilia-1702-851595-492982-0,-1.0,-15.82929,-48.11593,13.89,,,1,2023-06-16T23:02:05+00:00
BRA_339288,Brasília,5300108,,Urbi,0.056,https://moovitapp.com/index/pt-br/transporte_p%C3%BAblico-line-0_056-Brasilia-1702-851595-588804-0,-1.0,-15.87657,-48.11343,16.11,,,1,2023-06-16T23:02:05+00:00
BRA_337501,Brasília,5300108,,Urbi,871.3,https://moovitapp.com/index/pt-br/transporte_p%C3%BAblico-line-871_3-Brasilia-1702-851595-588820-0,-1.0,-15.73556,-47.89861,0.0,,,2,2023-06-16T23:02:05+00:00
BRA_337625,Brasília,5300108,,Urbi,805.1,https://moovitapp.com/index/pt-br/transporte_p%C3%BAblico-line-805_1-Brasilia-1702-851595-454980-0,-1.0,-15.84084,-48.04675,3.61,,,1,2023-06-16T23:02:06+00:00
BRA_337765,Brasília,5300108,,Urbi,0.878,https://moovitapp.com/index/pt-br/transporte_p%C3%BAblico-line-0_878-Brasilia-1702-851595-418743-0,-1.0,-15.87737,-48.05091,13.61,,,2,2023-06-16T23:02:06+00:00
BRA_337439,Brasília,5300108,,Urbi,0.886,https://moovitapp.com/index/pt-br/transporte_p%C3%BAblico-line-0_886-Brasilia-1702-851595-704024-0,-1.0,-15.81244,-48.11934,16.11,,,2,2023-06-16T23:02:06+00:00
BRA_337277,Brasília,5300108,,Urbi,805.9,https://moovitapp.com/index/pt-br/transporte_p%C3%BAblico-line-805_9-Brasilia-1702-851595-454983-0,-1.0,-15.85307,-48.0458,5.56,,,1,2023-06-16T23:02:06+00:00
BRA_337340,Brasília,5300108,,Urbi,084.1,https://moovitapp.com/index/pt-br/transporte_p%C3%BAblico-line-084_1-Brasilia-1702-851595-466292-0,-1.0,-15.87092,-47.96769,2.5,,,1,2023-06-16T23:02:06+00:00
BRA_337218,Brasília,5300108,,Urbi,870.9,https://moovitapp.com/index/pt-br/transporte_p%C3%BAblico-line-870_9-Brasilia-1702-851595-775105-0,-1.0,-15.90482,-48.04148,13.61,,,2,2023-06-16T23:02:06+00:00
BRA_336637,Brasília,5300108,,Urbi,0.813,https://moovitapp.com/index/pt-br/transporte_p%C3%BAblico-line-0_813-Brasilia-1702-851595-651523-0,-1.0,-15.87854,-48.05296,6.67,,,2,2023-06-16T23:02:06+00:00
BRA_336378,Brasília,5300108,,Urbi,0.380,https://moovitapp.com/index/pt-br/transporte_p%C3%BAblico-line-0_380-Brasilia-1702-851595-334073-0,-1.0,-15.85111,-48.07323,0.0,,,2,2023-06-16T23:02:06+00:00
BRA_336351,Brasília,5300108,,Urbi,380.2,https://moovitapp.com/index/pt-br/transporte_p%C3%BAblico-line-380_2-Brasilia-1702-851595-334086-0,-1.0,-15.79322,-47.88261,0.83,,,1,2023-06-16T23:02:06+00:00
BRA_339156,Brasília,5300108,,Urbi,0.087,https://moovitapp.com/index/pt-br/transporte_p%C3%BAblico-line-0_087-Brasilia-1702-851595-242519-0,-1.0,-15.87096,-47.96777,10.28,,,1,2023-06-16T23:02:06+00:00
BRA_340430,Brasília,5300108,,Urbi,0.129,https://moovitapp.com/index/pt-br/transporte_p%C3%BAblico-line-0_129-Brasilia-1702-851595-775097-0,-1.0,-15.80556,-47.79734,18.33,,,2,2023-06-16T23:02:06+00:00
BRA_338095,Brasília,5300108,,Urbi,807.9,https://moovitapp.com/index/pt-br/transporte_p%C3%BAblico-line-807_9-Brasilia-1702-851595-322409-0,-1.0,-15.89461,-48.05654,11.67,,,2,2023-06-16T23:02:06+00:00
BRA_339032,Brasília,5300108,,Urbi,0.176,https://moovitapp.com/index/pt-br/transporte_p%C3%BAblico-line-0_176-Brasilia-1702-851595-242527-0,-1.0,-15.87797,-48.0055,0.0,,,2,2023-06-16T23:02:06+00:00
BRA_338591,Brasília,5300108,,Urbi,807.8,https://moovitapp.com/index/pt-br/transporte_p%C3%BAblico-line-807_8-Brasilia-1702-851595-322408-0,-1.0,-15.91401,-48.04782,11.39,,,2,2023-06-16T23:02:06+00:00
BRA_338745,Brasília,5300108,,Urbi,805.8,https://moovitapp.com/index/pt-br/transporte_p%C3%BAblico-line-805_8-Brasilia-1702-851595-454982-0,-1.0,-15.933,-48.10873,0.0,,,1,2023-06-16T23:02:07+00:00
BRA_338541,Brasília,5300108,,Urbi,0.884,https://moovitapp.com/index/pt-br/transporte_p%C3%BAblico-line-0_884-Brasilia-1702-851595-322393-0,-1.0,-15.90894,-48.049,0.0,,,2,2023-06-16T23:02:07+00:00
BRA_340481,Brasília,5300108,,Urbi,0.391,https://moovitapp.com/index/pt-br/transporte_p%C3%BAblico-line-0_391-Brasilia-1702-851595-372354-0,-1.0,-15.87861,-48.11892,15.83,,,2,2023-06-16T23:02:07+00:00
BRA_336696,Brasília,5300108,,Urbi,396.2,https://moovitapp.com/index/pt-br/transporte_p%C3%BAblico-line-396_2-Brasilia-1702-851595-372377-0,-1.0,-15.87156,-48.06666,0.0,,,2,2023-06-16T23:02:07+00:00
BRA_333824,Brasília,5300108,,Urbi,0.845,https://moovitapp.com/index/pt-br/transporte_p%C3%BAblico-line-0_845-Brasilia-1702-851595-339304-0,-1.0,-15.87826,-48.07022,6.11,,,2,2023-06-16T23:02:07+00:00
BRA_335398,Brasília,5300108,,Urbi,366.7,https://moovitapp.com/index/pt-br/transporte_p%C3%BAblico-line-366_7-Brasilia-1702-851595-650086-0,-1.0,-15.87063,-48.05684,0.0,,,2,2023-06-16T23:02:07+00:00
BRA_336424,Brasília,5300108,,Urbi,0.813,https://moovitapp.com/index/pt-br/transporte_p%C3%BAblico-line-0_813-Brasilia-1702-851595-651523-0,-1.0,-15.81447,-47.9091,14.17,,,2,2023-06-16T23:02:07+00:00
BRA_336114,Brasília,5300108,,Urbi,871.3,https://moovitapp.com/index/pt-br/transporte_p%C3%BAblico-line-871_3-Brasilia-1702-851595-588820-0,-1.0,-15.92952,-48.04508,6.39,,,1,2023-06-16T23:02:07+00:00
BRA_335975,Brasília,5300108,,Urbi,0.050,https://moovitapp.com/index/pt-br/transporte_p%C3%BAblico-line-0_050-Brasilia-1702-851595-781325-0,-1.0,-15.82637,-48.05968,4.44,,,2,2023-06-16T23:02:07+00:00
BRA_336343,Brasília,5300108,,Urbi,0.825,https://moovitapp.com/index/pt-br/transporte_p%C3%BAblico-line-0_825-Brasilia-1702-851595-334081-0,-1.0,-15.84547,-47.92272,12.5,,,1,2023-06-16T23:02:07+00:00
BRA_337463,Brasília,5300108,,Urbi,0.809,https://moovitapp.com/index/pt-br/transporte_p%C3%BAblico-line-0_809-Brasilia-1702-851595-516630-0,-1.0,-15.79305,-47.88245,0.0,,,2,2023-06-16T23:02:07+00:00
BRA_339458,Brasília,5300108,,Urbi,807.6,https://moovitapp.com/index/pt-br/transporte_p%C3%BAblico-line-807_6-Brasilia-1702-851595-334092-0,-1.0,-15.90766,-48.08398,0.0,,,1,2023-06-16T23:02:08+00:00
BRA_339598,Brasília,5300108,,Urbi,0.806,https://moovitapp.com/index/pt-br/transporte_p%C3%BAblico-line-0_806-Brasilia-1702-851595-339299-0,-1.0,-15.8924,-48.04844,3.61,,,2,2023-06-16T23:02:08+00:00
BRA_339679,Brasília,5300108,,Urbi,393.7,https://moovitapp.com/index/pt-br/transporte_p%C3%BAblico-line-393_7-Brasilia-1702-851595-588818-0,-1.0,-15.83916,-48.04868,6.39,,,1,2023-06-16T23:02:08+00:00
BRA_336441,Brasília,5300108,,Urbi,813.1,https://moovitapp.com/index/pt-br/transporte_p%C3%BAblico-line-813_1-Brasilia-1702-851595-242635-0,-1.0,-15.83099,-48.04347,7.22,,,1,2023-06-16T23:02:08+00:00
BRA_339920,Brasília,5300108,,Urbi,0.346,https://moovitapp.com/index/pt-br/transporte_p%C3%BAblico-line-0_346-Brasilia-1702-851595-46461186-0,-1.0,-15.83934,-47.95784,18.33,,,1,2023-06-16T23:02:08+00:00
BRA_339377,Brasília,5300108,,Urbi,0.053,https://moovitapp.com/index/pt-br/transporte_p%C3%BAblico-line-0_053-Brasilia-1702-851595-588803-0,-1.0,-15.86319,-48.05334,8.33,,,1,2023-06-16T23:02:08+00:00
BRA_339296,Brasília,5300108,,Urbi,396.3,https://moovitapp.com/index/pt-br/transporte_p%C3%BAblico-line-396_3-Brasilia-1702-851595-372378-0,-1.0,-15.88833,-48.09485,13.89,,,1,2023-06-16T23:02:08+00:00
BRA_340171,Brasília,5300108,,Urbi,0.391,https://moovitapp.com/index/pt-br/transporte_p%C3%BAblico-line-0_391-Brasilia-1702-851595-372354-0,-1.0,-15.77741,-47.88768,15.0,,,1,2023-06-16T23:02:08+00:00
BRA_338338,Brasília,5300108,,Urbi,872.4,https://moovitapp.com/index/pt-br/transporte_p%C3%BAblico-line-872_4-Brasilia-1702-851595-372392-0,-1.0,-15.85207,-48.04076,0.0,,,1,2023-06-16T23:02:08+00:00
BRA_338397,Brasília,5300108,,Urbi,0.175,https://moovitapp.com/index/pt-br/transporte_p%C3%BAblico-line-0_175-Brasilia-1702-851595-242526-0,-1.0,-15.76346,-47.89116,1.94,,,2,2023-06-16T23:02:08+00:00
BRA_337994,Brasília,5300108,,Urbi,813.2,https://moovitapp.com/index/pt-br/transporte_p%C3%BAblico-line-813_2-Brasilia-1702-851595-242636-0,-1.0,-15.73666,-47.90776,0.0,,,2,2023-06-16T23:02:08+00:00
BRA_339024,Brasília,5300108,,Urbi,871.3,https://moovitapp.com/index/pt-br/transporte_p%C3%BAblico-line-871_3-Brasilia-1702-851595-588820-0,-1.0,-15.88022,-48.05508,15.28,,,2,2023-06-16T23:02:08+00:00
BRA_338834,Brasília,5300108,,Urbi,0.810,https://moovitapp.com/index/pt-br/transporte_p%C3%BAblico-line-0_810-Brasilia-1702-851595-363856-0,-1.0,-15.83511,-47.95268,15.56,,,2,2023-06-16T23:02:08+00:00
BRA_338575,Brasília,5300108,,Urbi,0.808,https://moovitapp.com/index/pt-br/transporte_p%C3%BAblico-line-0_808-Brasilia-1702-851595-372359-0,-1.0,-15.90764,-48.08405,3.06,,,1,2023-06-16T23:02:09+00:00
BRA_338150,Brasília,5300108,,Urbi,812.2,https://moovitapp.com/index/pt-br/transporte_p%C3%BAblico-line-812_2-Brasilia-1702-851595-418746-0,-1.0,-15.80423,-48.13104,0.0,,,1,2023-06-16T23:02:09+00:00
BRA_340260,Brasília,5300108,,Urbi,0.160,https://moovitapp.com/index/pt-br/transporte_p%C3%BAblico-line-0_160-Brasilia-1702-851595-470755-0,-1.0,-15.86462,-47.96142,0.0,,,1,2023-06-16T23:02:09+00:00
BRA_337081,Brasília,5300108,,Urbi,870.1,https://moovitapp.com/index/pt-br/transporte_p%C3%BAblico-line-870_1-Brasilia-1702-851595-715272-0,-1.0,-15.87594,-48.04879,14.44,,,2,2023-06-16T23:02:09+00:00
BRA_337731,Brasília,5300108,,Urbi,870.1,https://moovitapp.com/index/pt-br/transporte_p%C3%BAblico-line-870_1-Brasilia-1702-851595-715272-0,-1.0,-15.84864,-47.9547,15.83,,,2,2023-06-16T23:02:09+00:00
BRA_337579,Brasília,5300108,,Urbi,038.1,https://moovitapp.com/index/pt-br/transporte_p%C3%BAblico-line-038_1-Brasilia-1702-851595-781327-0,-1.0,-15.83865,-48.04697,8.06,,,1,2023-06-16T23:02:09+00:00
BRA_337471,Brasília,5300108,,Urbi,0.087,https://moovitapp.com/index/pt-br/transporte_p%C3%BAblico-line-0_087-Brasilia-1702-851595-242519-0,-1.0,-15.80502,-47.9674,0.0,,,1,2023-06-16T23:02:10+00:00
BRA_336891,Brasília,5300108,,Urbi,0.812,https://moovitapp.com/index/pt-br/transporte_p%C3%BAblico-line-0_812-Brasilia-1702-851595-697958-0,-1.0,-15.8434,-48.1191,4.72,,,1,2023-06-16T23:02:10+00:00
BRA_335860,Brasília,5300108,,Urbi,0.393,https://moovitapp.com/index/pt-br/transporte_p%C3%BAblico-line-0_393-Brasilia-1702-851595-588805-0,-1.0,-15.82308,-48.06077,5.0,,,1,2023-06-16T23:02:10+00:00
BRA_336009,Brasília,5300108,,Urbi,0.347,https://moovitapp.com/index/pt-br/transporte_p%C3%BAblico-line-0_347-Brasilia-1702-851595-347128-0,-1.0,-15.84079,-48.12664,5.28,,,2,2023-06-16T23:02:10+00:00
BRA_340065,Brasília,5300108,,Urbi,366.7,https://moovitapp.com/index/pt-br/transporte_p%C3%BAblico-line-366_7-Brasilia-1702-851595-650086-0,-1.0,-15.86473,-48.05707,4.72,,,1,2023-06-16T23:02:10+00:00
BRA_339318,Brasília,5300108,,Urbi,0.391,https://moovitapp.com/index/pt-br/transporte_p%C3%BAblico-line-0_391-Brasilia-1702-851595-372354-0,-1.0,-15.83199,-47.95134,9.72,,,1,2023-06-16T23:02:10+00:00
BRA_339342,Brasília,5300108,,Urbi,0.821,https://moovitapp.com/index/pt-br/transporte_p%C3%BAblico-line-0_821-Brasilia-1702-851595-334080-0,-1.0,-15.9017,-48.1274,0.0,,,1,2023-06-16T23:02:10+00:00
BRA_336700,Brasília,5300108,,Urbi,0.163,https://moovitapp.com/index/pt-br/transporte_p%C3%BAblico-line-0_163-Brasilia-1702-851595-352629-0,-1.0,-15.85795,-47.95573,0.0,,,2,2023-06-16T23:02:10+00:00
BRA_336858,Brasília,5300108,,Urbi,0.816,https://moovitapp.com/index/pt-br/transporte_p%C3%BAblico-line-0_816-Brasilia-1702-851595-322387-0,-1.0,-15.88386,-48.05991,7.22,,,2,2023-06-16T23:02:10+00:00
BRA_338265,Brasília,5300108,,Urbi,0.810,https://moovitapp.com/index/pt-br/transporte_p%C3%BAblico-line-0_810-Brasilia-1702-851595-363856-0,-1.0,-15.92311,-48.10395,7.22,,,1,2023-06-16T23:02:10+00:00
BRA_338753,Brasília,5300108,,Urbi,807.9,https://moovitapp.com/index/pt-br/transporte_p%C3%BAblico-line-807_9-Brasilia-1702-851595-322409-0,-1.0,-15.86499,-48.0576,6.39,,,2,2023-06-16T23:02:10+00:00
BRA_338737,Brasília,5300108,,Urbi,0.809,https://moovitapp.com/index/pt-br/transporte_p%C3%BAblico-line-0_809-Brasilia-1702-851595-516630-0,-1.0,-15.90363,-48.07037,9.44,,,2,2023-06-16T23:02:10+00:00
BRA_338184,Brasília,5300108,,Urbi,0.882,https://moovitapp.com/index/pt-br/transporte_p%C3%BAblico-line-0_882-Brasilia-1702-851595-363858-0,-1.0,-15.87782,-48.0089,8.33,,,2,2023-06-16T23:02:10+00:00
BRA_339067,Brasília,5300108,,Urbi,870.7,https://moovitapp.com/index/pt-br/transporte_p%C3%BAblico-line-870_7-Brasilia-1702-851595-531037-0,-1.0,-15.80922,-47.89303,12.22,,,2,2023-06-16T23:02:11+00:00
BRA_338311,Brasília,5300108,,Urbi,0.809,https://moovitapp.com/index/pt-br/transporte_p%C3%BAblico-line-0_809-Brasilia-1702-851595-516630-0,-1.0,-15.87713,-48.02128,12.78,,,1,2023-06-16T23:02:11+00:00
BRA_338061,Brasília,5300108,,Urbi,0.038,https://moovitapp.com/index/pt-br/transporte_p%C3%BAblico-line-0_038-Brasilia-1702-851595-687419-0,-1.0,-15.88698,-48.01848,8.06,,,1,2023-06-16T23:02:11+00:00
BRA_336874,Brasília,5300108,,Urbi,813.1,https://moovitapp.com/index/pt-br/transporte_p%C3%BAblico-line-813_1-Brasilia-1702-851595-242635-0,-1.0,-15.78574,-47.9119,11.11,,,2,2023-06-16T23:02:11+00:00
BRA_336823,Brasília,5300108,,Urbi,814.1,https://moovitapp.com/index/pt-br/transporte_p%C3%BAblico-line-814_1-Brasilia-1702-851595-492985-0,-1.0,-15.88375,-48.08851,11.11,,,1,2023-06-16T23:02:11+00:00
BRA_340537,Brasília,5300108,,Urbi,0.391,https://moovitapp.com/index/pt-br/transporte_p%C3%BAblico-line-0_391-Brasilia-1702-851595-372354-0,-1.0,-15.85764,-47.95633,0.0,,,2,2023-06-16T23:02:11+00:00
BRA_340618,Brasília,5300108,,Urbi,396.3,https://moovitapp.com/index/pt-br/transporte_p%C3%BAblico-line-396_3-Brasilia-1702-851595-372378-0,-1.0,-15.82321,-47.92121,14.17,,,2,2023-06-16T23:02:11+00:00
BRA_335894,Brasília,5300108,,Urbi,0.050,https://moovitapp.com/index/pt-br/transporte_p%C3%BAblico-line-0_050-Brasilia-1702-851595-781325-0,-1.0,-15.82966,-48.05849,8.89,,,2,2023-06-16T23:02:11+00:00
BRA_335649,Brasília,5300108,,Urbi,0.821,https://moovitapp.com/index/pt-br/transporte_p%C3%BAblico-line-0_821-Brasilia-1702-851595-334080-0,-1.0,-15.87049,-48.05999,8.06,,,2,2023-06-16T23:02:11+00:00
BRA_333913,Brasília,5300108,,Urbi,0.844,https://moovitapp.com/index/pt-br/transporte_p%C3%BAblico-line-0_844-Brasilia-1702-851595-519386-0,-1.0,-15.85111,-48.07323,1.67,,,2,2023-06-16T23:02:11+00:00
BRA_339601,Brasília,5300108,,Urbi,086.1,https://moovitapp.com/index/pt-br/transporte_p%C3%BAblico-line-086_1-Brasilia-1702-851595-481321-0,-1.0,-15.86694,-47.96679,0.0,,,1,2023-06-16T23:02:11+00:00
BRA_337188,Brasília,5300108,,Urbi,0.872,https://moovitapp.com/index/pt-br/transporte_p%C3%BAblico-line-0_872-Brasilia-1702-851595-466291-0,-1.0,-15.85477,-48.04493,10.28,,,1,2023-06-16T23:02:12+00:00
BRA_337242,Brasília,5300108,,Urbi,807.8,https://moovitapp.com/index/pt-br/transporte_p%C3%BAblico-line-807_8-Brasilia-1702-851595-322408-0,-1.0,-15.94359,-48.03728,12.78,,,2,2023-06-16T23:02:12+00:00
BRA_337404,Brasília,5300108,,Urbi,0.886,https://moovitapp.com/index/pt-br/transporte_p%C3%BAblico-line-0_886-Brasilia-1702-851595-704024-0,-1.0,-15.82374,-48.06403,0.0,,,1,2023-06-16T23:02:12+00:00
BRA_337498,Brasília,5300108,,Urbi,870.7,https://moovitapp.com/index/pt-br/transporte_p%C3%BAblico-line-870_7-Brasilia-1702-851595-531037-0,-1.0,-15.92565,-48.05141,7.78,,,2,2023-06-16T23:02:12+00:00
BRA_335339,Brasília,5300108,,Urbi,0.366,https://moovitapp.com/index/pt-br/transporte_p%C3%BAblico-line-0_366-Brasilia-1702-851595-650085-0,-1.0,-15.89037,-48.11142,5.56,,,2,2023-06-16T23:02:12+00:00
BRA_337935,Brasília,5300108,,Urbi,084.1,https://moovitapp.com/index/pt-br/transporte_p%C3%BAblico-line-084_1-Brasilia-1702-851595-466292-0,-1.0,-15.74628,-47.92105,14.44,,,1,2023-06-16T23:02:12+00:00
BRA_338028,Brasília,5300108,,Urbi,0.368,https://moovitapp.com/index/pt-br/transporte_p%C3%BAblico-line-0_368-Brasilia-1702-851595-706971-0,-1.0,-15.84196,-48.04554,4.72,,,1,2023-06-16T23:02:12+00:00
BRA_338001,Brasília,5300108,,Urbi,0.809,https://moovitapp.com/index/pt-br/transporte_p%C3%BAblico-line-0_809-Brasilia-1702-851595-516630-0,-1.0,-15.80294,-47.88771,13.06,,,2,2023-06-16T23:02:12+00:00
BRA_338664,Brasília,5300108,,Urbi,0.808,https://moovitapp.com/index/pt-br/transporte_p%C3%BAblico-line-0_808-Brasilia-1702-851595-372359-0,-1.0,-15.86407,-48.05768,5.28,,,2,2023-06-16T23:02:12+00:00
BRA_339105,Brasília,5300108,,Urbi,0.872,https://moovitapp.com/index/pt-br/transporte_p%C3%BAblico-line-0_872-Brasilia-1702-851595-466291-0,-1.0,-15.80503,-48.07421,5.56,,,1,2023-06-16T23:02:13+00:00
BRA_338087,Brasília,5300108,,Urbi,0.898,https://moovitapp.com/index/pt-br/transporte_p%C3%BAblico-line-0_898-Brasilia-1702-851595-322394-0,-1.0,-15.90666,-48.04763,6.11,,,1,2023-06-16T23:02:13+00:00
BRA_340316,Brasília,5300108,,Urbi,3964,https://moovitapp.com/index/pt-br/transporte_p%C3%BAblico-line-3964-Brasilia-1702-851595-91525612-0,-1.0,-15.87593,-47.97496,5.56,,,2,2023-06-16T23:02:13+00:00
BRA_340286,Brasília,5300108,,Urbi,825.1,https://moovitapp.com/index/pt-br/transporte_p%C3%BAblico-line-825_1-Brasilia-1702-851595-16483903-0,-1.0,-15.88528,-48.07101,18.89,,,1,2023-06-16T23:02:13+00:00
BRA_340634,Brasília,5300108,,Urbi,0.366,https://moovitapp.com/index/pt-br/transporte_p%C3%BAblico-line-0_366-Brasilia-1702-851595-650085-0,-1.0,-15.86196,-48.08691,10.83,,,1,2023-06-16T23:02:13+00:00
BRA_339181,Brasília,5300108,,Urbi,0.160,https://moovitapp.com/index/pt-br/transporte_p%C3%BAblico-line-0_160-Brasilia-1702-851595-470755-0,-1.0,-15.8723,-47.97237,4.72,,,1,2023-06-16T23:02:13+00:00
BRA_336432,Brasília,5300108,,Urbi,870.1,https://moovitapp.com/index/pt-br/transporte_p%C3%BAblico-line-870_1-Brasilia-1702-851595-715272-0,-1.0,-15.94783,-48.03399,8.06,,,1,2023-06-16T23:02:13+00:00
BRA_336572,Brasília,5300108,,Urbi,0.813,https://moovitapp.com/index/pt-br/transporte_p%C3%BAblico-line-0_813-Brasilia-1702-851595-651523-0,-1.0,-15.73588,-47.90688,0.0,,,2,2023-06-16T23:02:13+00:00
BRA_336084,Brasília,5300108,,Urbi,038.1,https://moovitapp.com/index/pt-br/transporte_p%C3%BAblico-line-038_1-Brasilia-1702-851595-781327-0,-1.0,-15.80417,-48.0708,4.17,,,1,2023-06-16T23:02:13+00:00
BRA_339466,Brasília,5300108,,Urbi,872.9,https://moovitapp.com/index/pt-br/transporte_p%C3%BAblico-line-872_9-Brasilia-1702-851595-372394-0,-1.0,-15.84144,-48.05483,7.22,,,1,2023-06-16T23:02:13+00:00
BRA_339741,Brasília,5300108,,Urbi,0.340,https://moovitapp.com/index/pt-br/transporte_p%C3%BAblico-line-0_340-Brasilia-1702-851595-641378-0,-1.0,-15.88649,-48.09352,7.78,,,2,2023-06-16T23:02:13+00:00
BRA_337617,Brasília,5300108,,Urbi,813.2,https://moovitapp.com/index/pt-br/transporte_p%C3%BAblico-line-813_2-Brasilia-1702-851595-242636-0,-1.0,-15.87634,-47.99208,13.06,,,2,2023-06-16T23:02:14+00:00
BRA_337269,Brasília,5300108,,Urbi,871.3,https://moovitapp.com/index/pt-br/transporte_p%C3%BAblico-line-871_3-Brasilia-1702-851595-588820-0,-1.0,-15.85656,-47.95617,8.06,,,2,2023-06-16T23:02:14+00:00
BRA_336599,Brasília,5300108,,Urbi,0.813,https://moovitapp.com/index/pt-br/transporte_p%C3%BAblico-line-0_813-Brasilia-1702-851595-651523-0,-1.0,-15.73918,-47.89867,0.0,,,1,2023-06-16T23:02:14+00:00
BRA_335355,Brasília,5300108,,Urbi,0.821,https://moovitapp.com/index/pt-br/transporte_p%C3%BAblico-line-0_821-Brasilia-1702-851595-334080-0,-1.0,-15.80551,-47.88976,2.22,,,2,2023-06-16T23:02:14+00:00
BRA_335541,Brasília,5300108,,Urbi,0.845,https://moovitapp.com/index/pt-br/transporte_p%C3%BAblico-line-0_845-Brasilia-1702-851595-339304-0,-1.0,-15.86903,-48.05649,0.0,,,2,2023-06-16T23:02:14+00:00
BRA_335983,Brasília,5300108,,Urbi,396.3,https://moovitapp.com/index/pt-br/transporte_p%C3%BAblico-line-396_3-Brasilia-1702-851595-372378-0,-1.0,-15.73822,-47.91252,7.22,,,2,2023-06-16T23:02:14+00:00
BRA_336327,Brasília,5300108,,Urbi,0.380,https://moovitapp.com/index/pt-br/transporte_p%C3%BAblico-line-0_380-Brasilia-1702-851595-334073-0,-1.0,-15.89749,-48.14693,3.61,,,1,2023-06-16T23:02:14+00:00
BRA_336238,Brasília,5300108,,Urbi,391.3,https://moovitapp.com/index/pt-br/transporte_p%C3%BAblico-line-391_3-Brasilia-1702-851595-372373-0,-1.0,-15.86942,-48.08848,5.56,,,2,2023-06-16T23:02:14+00:00
BRA_336254,Brasília,5300108,,Urbi,373.2,https://moovitapp.com/index/pt-br/transporte_p%C3%BAblico-line-373_2-Brasilia-1702-851595-334084-0,-1.0,-15.84358,-47.9449,17.22,,,1,2023-06-16T23:02:14+00:00
BRA_336726,Brasília,5300108,,Urbi,396.2,https://moovitapp.com/index/pt-br/transporte_p%C3%BAblico-line-396_2-Brasilia-1702-851595-372377-0,-1.0,-15.82712,-47.93184,0.0,,,2,2023-06-16T23:02:14+00:00
BRA_338168,Brasília,5300108,,Urbi,870.1,https://moovitapp.com/index/pt-br/transporte_p%C3%BAblico-line-870_1-Brasilia-1702-851595-715272-0,-1.0,-15.84558,-47.92502,18.61,,,1,2023-06-16T23:02:14+00:00
BRA_338842,Brasília,5300108,,Urbi,874.4,https://moovitapp.com/index/pt-br/transporte_p%C3%BAblico-line-874_4-Brasilia-1702-851595-775106-0,-1.0,-15.90643,-48.05273,8.61,,,1,2023-06-16T23:02:14+00:00
BRA_339083,Brasília,5300108,,Urbi,0.175,https://moovitapp.com/index/pt-br/transporte_p%C3%BAblico-line-0_175-Brasilia-1702-851595-242526-0,-1.0,-15.78062,-47.88754,3.61,,,1,2023-06-16T23:02:15+00:00
BRA_338036,Brasília,5300108,,Urbi,0.808,https://moovitapp.com/index/pt-br/transporte_p%C3%BAblico-line-0_808-Brasilia-1702-851595-372359-0,-1.0,-15.85882,-48.06665,12.22,,,1,2023-06-16T23:02:15+00:00
BRA_337951,Brasília,5300108,,Urbi,0.368,https://moovitapp.com/index/pt-br/transporte_p%C3%BAblico-line-0_368-Brasilia-1702-851595-706971-0,-1.0,-15.87765,-48.02,6.11,,,1,2023-06-16T23:02:15+00:00
BRA_340308,Brasília,5300108,,Urbi,0.054,https://moovitapp.com/index/pt-br/transporte_p%C3%BAblico-line-0_054-Brasilia-1702-851595-454960-0,-1.0,-15.87651,-48.06333,8.61,,,1,2023-06-16T23:02:15+00:00
BRA_335461,Brasília,5300108,,Urbi,366.1,https://moovitapp.com/index/pt-br/transporte_p%C3%BAblico-line-366_1-Brasilia-1702-851595-425249-0,-1.0,-15.87772,-48.06747,12.5,,,1,2023-06-16T23:02:15+00:00
BRA_339717,Brasília,5300108,,Urbi,393.4,https://moovitapp.com/index/pt-br/transporte_p%C3%BAblico-line-393_4-Brasilia-1702-851595-588816-0,-1.0,-15.85315,-48.04568,0.0,,,1,2023-06-16T23:02:15+00:00
BRA_335509,Brasília,5300108,,Urbi,0.373,https://moovitapp.com/index/pt-br/transporte_p%C3%BAblico-line-0_373-Brasilia-1702-851595-334072-0,-1.0,-15.82564,-47.91393,14.72,,,1,2023-06-16T23:02:16+00:00
BRA_336564,Brasília,5300108,,Urbi,0.813,https://moovitapp.com/index/pt-br/transporte_p%C3%BAblico-line-0_813-Brasilia-1702-851595-651523-0,-1.0,-15.8184,-48.01569,18.33,,,2,2023-06-16T23:02:16+00:00
BRA_336521,Brasília,5300108,,Urbi,0.871,https://moovitapp.com/index/pt-br/transporte_p%C3%BAblico-line-0_871-Brasilia-1702-851595-418741-0,-1.0,-15.81132,-47.99638,18.89,,,2,2023-06-16T23:02:16+00:00
BRA_336661,Brasília,5300108,,Urbi,0.834,https://moovitapp.com/index/pt-br/transporte_p%C3%BAblico-line-0_834-Brasilia-1702-851595-775099-0,-1.0,-15.89054,-48.12939,15.0,,,2,2023-06-16T23:02:16+00:00
BRA_339997,Brasília,5300108,,Urbi,0.399,https://moovitapp.com/index/pt-br/transporte_p%C3%BAblico-line-0_399-Brasilia-1702-851595-454964-0,-1.0,-15.84503,-48.10315,0.83,,,2,2023-06-16T23:02:17+00:00
BRA_337901,Brasília,5300108,,Urbi,874.4,https://moovitapp.com/index/pt-br/transporte_p%C3%BAblico-line-874_4-Brasilia-1702-851595-775106-0,-1.0,-15.91265,-48.0558,0.0,,,1,2023-06-16T23:02:17+00:00
BRA_339750,Brasília,5300108,,Urbi,366.1,https://moovitapp.com/index/pt-br/transporte_p%C3%BAblico-line-366_1-Brasilia-1702-851595-425249-0,-1.0,-15.89475,-48.14887,5.83,,,1,2023-06-16T23:02:17+00:00
BRA_338796,Brasília,5300108,,Urbi,0.038,https://moovitapp.com/index/pt-br/transporte_p%C3%BAblico-line-0_038-Brasilia-1702-851595-687419-0,-1.0,-15.87138,-48.01802,6.67,,,1,2023-06-16T23:02:17+00:00
BRA_335312,Brasília,5300108,,Urbi,0.380,https://moovitapp.com/index/pt-br/transporte_p%C3%BAblico-line-0_380-Brasilia-1702-851595-334073-0,-1.0,-15.87452,-48.10658,8.06,,,2,2023-06-16T23:02:17+00:00
BRA_333883,Brasília,5300108,,Urbi,0.373,https://moovitapp.com/index/pt-br/transporte_p%C3%BAblico-line-0_373-Brasilia-1702-851595-334072-0,-1.0,-15.89853,-48.14661,7.78,,,2,2023-06-16T23:02:17+00:00
BRA_336963,Brasília,5300108,,Urbi,0.805,https://moovitapp.com/index/pt-br/transporte_p%C3%BAblico-line-0_805-Brasilia-1702-851595-460800-0,-1.0,-15.88398,-48.05994,10.56,,,1,2023-06-16T23:02:17+00:00
BRA_339580,Brasília,5300108,,Urbi,807.2,https://moovitapp.com/index/pt-br/transporte_p%C3%BAblico-line-807_2-Brasilia-1702-851595-781329-0,-1.0,-15.904,-48.07439,9.17,,,1,2023-06-16T23:02:17+00:00
BRA_337358,Brasília,5300108,,Urbi,0.810,https://moovitapp.com/index/pt-br/transporte_p%C3%BAblico-line-0_810-Brasilia-1702-851595-363856-0,-1.0,-15.90094,-48.05531,9.17,,,2,2023-06-16T23:02:18+00:00
BRA_336955,Brasília,5300108,,Urbi,0.811,https://moovitapp.com/index/pt-br/transporte_p%C3%BAblico-line-0_811-Brasilia-1702-851595-334078-0,-1.0,-15.87628,-47.99115,8.06,,,2,2023-06-16T23:02:18+00:00
BRA_335819,Brasília,5300108,,Urbi,392.2,https://moovitapp.com/index/pt-br/transporte_p%C3%BAblico-line-392_2-Brasilia-1702-851595-372374-0,-1.0,-15.87429,-48.10608,3.89,,,2,2023-06-16T23:02:18+00:00
BRA_336360,Brasília,5300108,,Urbi,0.394,https://moovitapp.com/index/pt-br/transporte_p%C3%BAblico-line-0_394-Brasilia-1702-851595-334076-0,-1.0,-15.83162,-48.04981,3.06,,,1,2023-06-16T23:02:18+00:00
BRA_336416,Brasília,5300108,,Urbi,0.871,https://moovitapp.com/index/pt-br/transporte_p%C3%BAblico-line-0_871-Brasilia-1702-851595-418741-0,-1.0,-15.87206,-48.0294,5.28,,,1,2023-06-16T23:02:18+00:00
BRA_338966,Brasília,5300108,,Urbi,807.9,https://moovitapp.com/index/pt-br/transporte_p%C3%BAblico-line-807_9-Brasilia-1702-851595-322409-0,-1.0,-15.91432,-48.06313,6.39,,,1,2023-06-16T23:02:18+00:00
BRA_338656,Brasília,5300108,,Urbi,805.9,https://moovitapp.com/index/pt-br/transporte_p%C3%BAblico-line-805_9-Brasilia-1702-851595-454983-0,-1.0,-15.90673,-48.08182,12.5,,,1,2023-06-16T23:02:18+00:00
BRA_338427,Brasília,5300108,,Urbi,0.808,https://moovitapp.com/index/pt-br/transporte_p%C3%BAblico-line-0_808-Brasilia-1702-851595-372359-0,-1.0,-15.82201,-48.11301,0.0,,,2,2023-06-16T23:02:18+00:00
BRA_340138,Brasília,5300108,,Urbi,3804,https://moovitapp.com/index/pt-br/transporte_p%C3%BAblico-line-3804-Brasilia-1702-851595-91943130-0,-1.0,-15.80787,-47.93233,13.61,,,2,2023-06-16T23:02:18+00:00
BRA_336793,Brasília,5300108,,Urbi,0.394,https://moovitapp.com/index/pt-br/transporte_p%C3%BAblico-line-0_394-Brasilia-1702-851595-334076-0,-1.0,-15.87375,-48.0409,16.94,,,2,2023-06-16T23:02:18+00:00
BRA_335851,Brasília,5300108,,Urbi,0.825,https://moovitapp.com/index/pt-br/transporte_p%C3%BAblico-line-0_825-Brasilia-1702-851595-334081-0,-1.0,-15.80515,-47.88947,12.78,,,2,2023-06-16T23:02:18+00:00
BRA_340332,Brasília,5300108,,Urbi,391.3,https://moovitapp.com/index/pt-br/transporte_p%C3%BAblico-line-391_3-Brasilia-1702-851595-372373-0,-1.0,-15.86998,-48.08965,0.28,,,2,2023-06-16T23:02:18+00:00
BRA_340723,Brasília,5300108,,Urbi,391.3,https://moovitapp.com/index/pt-br/transporte_p%C3%BAblico-line-391_3-Brasilia-1702-851595-372373-0,-1.0,-15.86968,-48.05682,2.22,,,1,2023-06-16T23:02:18+00:00
BRA_340693,Brasília,5300108,,Urbi,373.2,https://moovitapp.com/index/pt-br/transporte_p%C3%BAblico-line-373_2-Brasilia-1702-851595-334084-0,-1.0,-15.89051,-48.14444,13.06,,,2,2023-06-16T23:02:19+00:00
BRA_340588,Brasília,5300108,,Urbi,366.1,https://moovitapp.com/index/pt-br/transporte_p%C3%BAblico-line-366_1-Brasilia-1702-851595-425249-0,-1.0,-15.90219,-48.12978,0.0,,,1,2023-06-16T23:02:19+00:00
BRA_340341,Brasília,5300108,,Urbi,396.2,https://moovitapp.com/index/pt-br/transporte_p%C3%BAblico-line-396_2-Brasilia-1702-851595-372377-0,-1.0,-15.82891,-47.93015,14.72,,,2,2023-06-16T23:02:19+00:00
BRA_338508,Brasília,5300108,,Urbi,0.873,https://moovitapp.com/index/pt-br/transporte_p%C3%BAblico-line-0_873-Brasilia-1702-851595-510238-0,-1.0,-15.81479,-48.09926,0.0,,,2,2023-06-16T23:02:19+00:00
BRA_338788,Brasília,5300108,,Urbi,807.1,https://moovitapp.com/index/pt-br/transporte_p%C3%BAblico-line-807_1-Brasilia-1702-851595-322407-0,-1.0,-15.86917,-48.05659,0.0,,,2,2023-06-16T23:02:19+00:00
BRA_335550,Brasília,5300108,,Urbi,056.2,https://moovitapp.com/index/pt-br/transporte_p%C3%BAblico-line-056_2-Brasilia-1702-851595-492982-0,-1.0,-15.883,-48.11202,3.89,,,1,2023-06-16T23:02:19+00:00
BRA_337366,Brasília,5300108,,Urbi,0.177,https://moovitapp.com/index/pt-br/transporte_p%C3%BAblico-line-0_177-Brasilia-1702-851595-242528-0,-1.0,-15.87999,-48.0023,0.0,,,1,2023-06-16T23:02:19+00:00
BRA_337757,Brasília,5300108,,Urbi,0.809,https://moovitapp.com/index/pt-br/transporte_p%C3%BAblico-line-0_809-Brasilia-1702-851595-516630-0,-1.0,-15.84549,-47.9231,10.83,,,1,2023-06-16T23:02:19+00:00
BRA_337650,Brasília,5300108,,Urbi,0.175,https://moovitapp.com/index/pt-br/transporte_p%C3%BAblico-line-0_175-Brasilia-1702-851595-242526-0,-1.0,-15.73525,-47.89912,0.56,,,2,2023-06-16T23:02:19+00:00
BRA_337102,Brasília,5300108,,Urbi,0.808,https://moovitapp.com/index/pt-br/transporte_p%C3%BAblico-line-0_808-Brasilia-1702-851595-372359-0,-1.0,-15.82596,-48.07969,0.0,,,2,2023-06-16T23:02:20+00:00
BRA_338672,Brasília,5300108,,Urbi,0.176,https://moovitapp.com/index/pt-br/transporte_p%C3%BAblico-line-0_176-Brasilia-1702-851595-242527-0,-1.0,-15.80075,-47.8643,12.22,,,2,2023-06-16T23:02:20+00:00
BRA_338079,Brasília,5300108,,Urbi,813.2,https://moovitapp.com/index/pt-br/transporte_p%C3%BAblico-line-813_2-Brasilia-1702-851595-242636-0,-1.0,-15.90399,-48.07383,3.61,,,2,2023-06-16T23:02:20+00:00
BRA_340774,Brasília,5300108,,Urbi,160.2,https://moovitapp.com/index/pt-br/transporte_p%C3%BAblico-line-160_2-Brasilia-1702-851595-242581-0,-1.0,-15.80064,-47.86475,10.56,,,2,2023-06-16T23:02:20+00:00
BRA_339491,Brasília,5300108,,Urbi,872.5,https://moovitapp.com/index/pt-br/transporte_p%C3%BAblico-line-872_5-Brasilia-1702-851595-372393-0,-1.0,-15.86155,-48.04189,5.56,,,2,2023-06-16T23:02:21+00:00
BRA_337846,Brasília,5300108,,Urbi,870.1,https://moovitapp.com/index/pt-br/transporte_p%C3%BAblico-line-870_1-Brasilia-1702-851595-715272-0,-1.0,-15.90887,-48.0489,2.5,,,2,2023-06-16T23:02:21+00:00
BRA_444006,Brasília,5300108,,Marechal,933.5,https://moovitapp.com/index/pt-br/transporte_p%C3%BAblico-line-933_5-Brasilia-1702-851940-766837-0,-1.0,-15.809127,-48.06904,0.0,,,2,2023-06-16T23:02:17+00:00
BRA_443972,Brasília,5300108,,Marechal,363.2,https://moovitapp.com/index/pt-br/transporte_p%C3%BAblico-line-363_2-Brasilia-1702-851940-725443-0,-1.0,-15.838827,-48.128783,7.0,,,2,2023-06-16T23:02:12+00:00
BRA_444626,Brasília,5300108,,Marechal,0.339,https://moovitapp.com/index/pt-br/transporte_p%C3%BAblico-line-0_339-Brasilia-1702-851940-419625-0,-1.0,-15.840897,-48.127023,0.0,,,2,2023-06-16T23:02:12+00:00
BRA_445347,Brasília,5300108,,Marechal,337.1,https://moovitapp.com/index/pt-br/transporte_p%C3%BAblico-line-337_1-Brasilia-1702-851940-347165-0,-1.0,-15.837857,-48.11753,52.0,,,2,2023-06-16T23:02:12+00:00
BRA_442887,Brasília,5300108,,Marechal,932.1,https://moovitapp.com/index/pt-br/transporte_p%C3%BAblico-line-932_1-Brasilia-1702-851940-470763-0,-1.0,-15.821203,-47.936077,59.0,,,2,2023-06-16T23:02:12+00:00
BRA_440701,Brasília,5300108,,Marechal,260.3,https://moovitapp.com/index/pt-br/transporte_p%C3%BAblico-line-260_3-Brasilia-1702-851940-393566-0,-1.0,-15.97019,-48.01734,60.0,,,2,2023-06-16T23:02:15+00:00
BRA_441597,Brasília,5300108,,São José,359.2,https://moovitapp.com/index/pt-br/transporte_p%C3%BAblico-line-359_2-Brasilia-1702-851943-2068453-0,-1.0,-15.833413,-48.056647,0.0,,,2,2023-06-16T23:02:12+00:00
BRA_442453,Brasília,5300108,,Urbi,0.367,https://moovitapp.com/index/pt-br/transporte_p%C3%BAblico-line-0_367-Brasilia-1702-851595-519380-0,-1.0,-15.887607,-48.14888,22.0,,,2,2023-06-16T22:25:47+00:00
BRA_440311,Brasília,5300108,,Marechal,305.4,https://moovitapp.com/index/pt-br/transporte_p%C3%BAblico-line-305_4-Brasilia-1702-851940-393567-0,-1.0,-15.84309,-48.01727,27.0,,,2,2023-06-16T23:02:20+00:00
BRA_440680,Brasília,5300108,,Marechal,260.3,https://moovitapp.com/index/pt-br/transporte_p%C3%BAblico-line-260_3-Brasilia-1702-851940-393566-0,-1.0,-15.840483,-47.9659,0.0,,,2,2023-06-16T23:02:17+00:00
BRA_444707,Brasília,5300108,,Marechal,933.3,https://moovitapp.com/index/pt-br/transporte_p%C3%BAblico-line-933_3-Brasilia-1702-851940-450287-0,-1.0,-15.838473,-48.128023,5.0,,,2,2023-06-16T23:02:12+00:00
BRA_441031,Brasília,5300108,,Marechal,260.3,https://moovitapp.com/index/pt-br/transporte_p%C3%BAblico-line-260_3-Brasilia-1702-851940-393566-0,-1.0,-15.9148,-48.050083,21.0,,,2,2023-06-16T22:38:33+00:00
BRA_440507,Brasília,5300108,,Marechal,357.1,https://moovitapp.com/index/pt-br/transporte_p%C3%BAblico-line-357_1-Brasilia-1702-851940-775113-0,-1.0,-15.831707,-48.05041,32.0,,,2,2023-06-16T23:02:13+00:00
BRA_441562,Brasília,5300108,,Marechal,0.363,https://moovitapp.com/index/pt-br/transporte_p%C3%BAblico-line-0_363-Brasilia-1702-851940-504339-0,-1.0,-15.84632,-48.107843,5.0,,,2,2023-06-16T23:02:12+00:00
BRA_440582,Brasília,5300108,,Marechal,0.156,https://moovitapp.com/index/pt-br/transporte_p%C3%BAblico-line-0_156-Brasilia-1702-851940-242705-0,-1.0,-15.86951,-48.038193,0.0,,,2,2023-06-16T23:02:12+00:00
BRA_445185,Brasília,5300108,,Marechal,0.300,https://moovitapp.com/index/pt-br/transporte_p%C3%BAblico-line-0_300-Brasilia-1702-851940-419624-0,-1.0,-15.822887,-48.023683,52.0,,,2,2023-06-16T23:02:12+00:00
BRA_440841,Brasília,5300108,,Urbi,0.872,https://moovitapp.com/index/pt-br/transporte_p%C3%BAblico-line-0_872-Brasilia-1702-851595-466291-0,-1.0,-15.87721,-48.049577,14.0,,,2,2023-06-16T22:44:33+00:00
BRA_442127,Brasília,5300108,,Marechal,0.369,https://moovitapp.com/index/pt-br/transporte_p%C3%BAblico-line-0_369-Brasilia-1702-851940-500060-0,-1.0,-15.84746,-48.121287,38.0,,,2,2023-06-16T22:52:22+00:00
BRA_440981,Brasília,5300108,,Marechal,305.4,https://moovitapp.com/index/pt-br/transporte_p%C3%BAblico-line-305_4-Brasilia-1702-851940-393567-0,-1.0,-15.827193,-47.92686,42.0,,,2,2023-06-16T23:02:12+00:00
BRA_442160,Brasília,5300108,,Marechal,0.363,https://moovitapp.com/index/pt-br/transporte_p%C3%BAblico-line-0_363-Brasilia-1702-851940-504339-0,-1.0,-15.839137,-48.12887,0.0,,,2,2023-06-16T23:02:12+00:00
BRA_442496,Brasília,5300108,,Urbi,0.898,https://moovitapp.com/index/pt-br/transporte_p%C3%BAblico-line-0_898-Brasilia-1702-851595-322394-0,-1.0,-15.834547,-48.06002,8.0,,,2,2023-06-16T23:02:12+00:00
BRA_443395,Brasília,5300108,,Marechal,933.4,https://moovitapp.com/index/pt-br/transporte_p%C3%BAblico-line-933_4-Brasilia-1702-851940-656766-0,-1.0,-15.828553,-48.12376,19.0,,,2,2023-06-16T23:02:15+00:00
BRA_440604,Brasília,5300108,,São José,0.092,https://moovitapp.com/index/pt-br/transporte_p%C3%BAblico-line-0_092-Brasilia-1702-851943-496589-0,-1.0,-15.813313,-48.058327,53.0,,,2,2023-06-16T23:02:16+00:00
BRA_441163,Brasília,5300108,,Marechal,0.900,https://moovitapp.com/index/pt-br/transporte_p%C3%BAblico-line-0_900-Brasilia-1702-851940-242733-0,-1.0,-15.789083,-48.017543,17.0,,,2,2023-06-16T23:02:06+00:00
BRA_440281,Brasília,5300108,,Urbi,805.2,https://moovitapp.com/index/pt-br/transporte_p%C3%BAblico-line-805_2-Brasilia-1702-851595-454981-0,-1.0,-15.86358,-48.053913,21.0,,,2,2023-06-16T23:00:38+00:00
BRA_444251,Brasília,5300108,,Urbi,0.056,https://moovitapp.com/index/pt-br/transporte_p%C3%BAblico-line-0_056-Brasilia-1702-851595-588804-0,-1.0,-15.839323,-48.128167,12.0,,,2,2023-06-16T23:02:12+00:00
BRA_440965,Brasília,5300108,,Marechal,0.090,https://moovitapp.com/index/pt-br/transporte_p%C3%BAblico-line-0_090-Brasilia-1702-851940-242702-0,-1.0,-15.757987,-47.9343,40.0,,,2,2023-06-16T23:02:07+00:00
BRA_444171,Brasília,5300108,,Marechal,933.3,https://moovitapp.com/index/pt-br/transporte_p%C3%BAblico-line-933_3-Brasilia-1702-851940-450287-0,-1.0,-15.84087,-48.126207,14.0,,,2,2023-06-16T23:02:12+00:00
BRA_440141,Brasília,5300108,,Marechal,0.205,https://moovitapp.com/index/pt-br/transporte_p%C3%BAblico-line-0_205-Brasilia-1702-851940-463646-0,-1.0,-15.8335,-48.056317,22.0,,,2,2023-06-16T23:02:19+00:00
BRA_443166,Brasília,5300108,,Marechal,0.361,https://moovitapp.com/index/pt-br/transporte_p%C3%BAblico-line-0_361-Brasilia-1702-851940-376158-0,-1.0,-15.823977,-48.11698,27.0,,,2,2023-06-16T23:02:11+00:00
BRA_443191,Brasília,5300108,,Marechal,0.903,https://moovitapp.com/index/pt-br/transporte_p%C3%BAblico-line-0_903-Brasilia-1702-851940-347155-0,-1.0,-15.840127,-48.12951,0.0,,,2,2023-06-16T23:02:11+00:00
BRA_443174,Brasília,5300108,,Marechal,932.2,https://moovitapp.com/index/pt-br/transporte_p%C3%BAblico-line-932_2-Brasilia-1702-851940-3494666-0,-1.0,-15.810567,-47.903813,52.0,,,2,2023-06-16T23:02:20+00:00
BRA_441040,Brasília,5300108,,Marechal,355.3,https://moovitapp.com/index/pt-br/transporte_p%C3%BAblico-line-355_3-Brasilia-1702-851940-504343-0,-1.0,-15.869903,-48.03782,0.0,,,2,2023-06-16T23:02:07+00:00
BRA_441121,Brasília,5300108,,Marechal,355.2,https://moovitapp.com/index/pt-br/transporte_p%C3%BAblico-line-355_2-Brasilia-1702-851940-510251-0,-1.0,-15.823853,-48.063967,0.0,,,2,2023-06-16T23:02:12+00:00
BRA_443271,Brasília,5300108,,Marechal,0.903,https://moovitapp.com/index/pt-br/transporte_p%C3%BAblico-line-0_903-Brasilia-1702-851940-347155-0,-1.0,-15.84101,-48.126467,0.0,,,2,2023-06-16T23:02:12+00:00
BRA_443140,Brasília,5300108,,Marechal,0.555,https://moovitapp.com/index/pt-br/transporte_p%C3%BAblico-line-0_555-Brasilia-1702-851940-504341-0,-1.0,-15.839283,-48.127383,0.0,,,2,2023-06-16T23:02:12+00:00
BRA_443981,Brasília,5300108,,Urbi,367.2,https://moovitapp.com/index/pt-br/transporte_p%C3%BAblico-line-367_2-Brasilia-1702-851595-454971-0,-1.0,-15.865487,-48.08108,13.0,,,2,2023-06-16T22:55:45+00:00
BRA_444405,Brasília,5300108,,Marechal,0.205,https://moovitapp.com/index/pt-br/transporte_p%C3%BAblico-line-0_205-Brasilia-1702-851940-463646-0,-1.0,-15.874903,-48.032353,22.0,,,2,2023-06-16T23:02:12+00:00
BRA_441911,Brasília,5300108,,Marechal,0.089,https://moovitapp.com/index/pt-br/transporte_p%C3%BAblico-line-0_089-Brasilia-1702-851940-706977-0,-1.0,-15.82513,-48.119663,40.0,,,2,2023-06-16T23:02:12+00:00
BRA_442429,Brasília,5300108,,Urbi,0.054,https://moovitapp.com/index/pt-br/transporte_p%C3%BAblico-line-0_054-Brasilia-1702-851595-454960-0,-1.0,-15.855413,-48.0443,10.0,,,2,2023-06-16T23:02:12+00:00
BRA_441724,Brasília,5300108,,Marechal,0.554,https://moovitapp.com/index/pt-br/transporte_p%C3%BAblico-line-0_554-Brasilia-1702-851940-504340-0,-1.0,-15.836343,-48.065783,50.0,,,2,2023-06-16T23:02:12+00:00
BRA_440574,Brasília,5300108,,Marechal,0.153,https://moovitapp.com/index/pt-br/transporte_p%C3%BAblico-line-0_153-Brasilia-1702-851940-766835-0,-1.0,-15.827253,-47.93176,22.0,,,2,2023-06-16T23:02:12+00:00
BRA_440388,Brasília,5300108,,Marechal,305.4,https://moovitapp.com/index/pt-br/transporte_p%C3%BAblico-line-305_4-Brasilia-1702-851940-393567-0,-1.0,-15.866787,-48.037413,0.0,,,2,2023-06-16T23:02:12+00:00
BRA_440523,Brasília,5300108,,Marechal,0.162,https://moovitapp.com/index/pt-br/transporte_p%C3%BAblico-line-0_162-Brasilia-1702-851940-766836-0,-1.0,-15.845233,-47.93105,59.0,,,2,2023-06-16T23:02:12+00:00
BRA_443786,Brasília,5300108,,Marechal,0.951,https://moovitapp.com/index/pt-br/transporte_p%C3%BAblico-line-0_951-Brasilia-1702-851940-783578-0,-1.0,-15.867477,-48.037367,15.0,,,2,2023-06-16T23:01:35+00:00
BRA_445240,Brasília,5300108,,Marechal,0.336,https://moovitapp.com/index/pt-br/transporte_p%C3%BAblico-line-0_336-Brasilia-1702-851940-347142-0,-1.0,-15.840753,-48.126697,0.0,,,2,2023-06-16T23:02:12+00:00
BRA_440540,Brasília,5300108,,Marechal,157.6,https://moovitapp.com/index/pt-br/transporte_p%C3%BAblico-line-157_6-Brasilia-1702-851940-419627-0,-1.0,-15.84289,-48.045667,36.0,,,2,2023-06-16T23:02:12+00:00
BRA_440108,Brasília,5300108,,Marechal,157.6,https://moovitapp.com/index/pt-br/transporte_p%C3%BAblico-line-157_6-Brasilia-1702-851940-419627-0,-1.0,-15.83612,-47.95209,59.0,,,2,2023-06-16T23:02:13+00:00
BRA_440396,Brasília,5300108,,Marechal,156.1,https://moovitapp.com/index/pt-br/transporte_p%C3%BAblico-line-156_1-Brasilia-1702-851940-242750-0,-1.0,-15.840447,-47.96595,0.0,,,2,2023-06-16T23:02:12+00:00
BRA_442437,Brasília,5300108,,Marechal,933.4,https://moovitapp.com/index/pt-br/transporte_p%C3%BAblico-line-933_4-Brasilia-1702-851940-656766-0,-1.0,-15.85181,-48.115533,14.0,,,2,2023-06-16T23:02:12+00:00
BRA_440451,Brasília,5300108,,Marechal,355.2,https://moovitapp.com/index/pt-br/transporte_p%C3%BAblico-line-355_2-Brasilia-1702-851940-510251-0,-1.0,-15.797447,-48.046037,15.0,,,2,2023-06-16T23:02:12+00:00
BRA_443794,Brasília,5300108,,Marechal,351.3,https://moovitapp.com/index/pt-br/transporte_p%C3%BAblico-line-351_3-Brasilia-1702-851940-510249-0,-1.0,-15.860733,-48.035863,0.0,,,2,2023-06-16T23:02:07+00:00
BRA_440493,Brasília,5300108,,Marechal,154.2,https://moovitapp.com/index/pt-br/transporte_p%C3%BAblico-line-154_2-Brasilia-1702-851940-527234-0,-1.0,-15.81354,-47.89755,44.0,,,2,2023-06-16T23:02:12+00:00
BRA_444944,Brasília,5300108,,Urbi,0.347,https://moovitapp.com/index/pt-br/transporte_p%C3%BAblico-line-0_347-Brasilia-1702-851595-347128-0,-1.0,-15.810573,-47.994423,58.0,,,2,2023-06-16T23:02:15+00:00
BRA_445134,Brasília,5300108,,Marechal,0.305,https://moovitapp.com/index/pt-br/transporte_p%C3%BAblico-line-0_305-Brasilia-1702-851940-775108-0,-1.0,-15.824903,-48.02706,45.0,,,2,2023-06-16T23:02:16+00:00
BRA_440019,Brasília,5300108,,Marechal,355.2,https://moovitapp.com/index/pt-br/transporte_p%C3%BAblico-line-355_2-Brasilia-1702-851940-510251-0,-1.0,-15.87298,-48.02932,5.0,,,2,2023-06-16T23:02:12+00:00
BRA_440736,Brasília,5300108,,Piracicabana,099.1,https://moovitapp.com/index/pt-br/transporte_p%C3%BAblico-line-099_1-Brasilia-1702-850942-775090-0,-1.0,-15.840773,-47.965763,0.0,,,2,2023-06-16T23:02:12+00:00
BRA_441201,Brasília,5300108,,Marechal,0.090,https://moovitapp.com/index/pt-br/transporte_p%C3%BAblico-line-0_090-Brasilia-1702-851940-242702-0,-1.0,-15.826547,-47.982877,14.0,,,2,2023-06-16T23:02:11+00:00
BRA_443701,Brasília,5300108,,Marechal,0.959,https://moovitapp.com/index/pt-br/transporte_p%C3%BAblico-line-0_959-Brasilia-1702-851940-546208-0,-1.0,-15.869547,-48.037143,0.0,,,2,2023-06-16T23:02:11+00:00
BRA_442399,Brasília,5300108,,Marechal,0.339,https://moovitapp.com/index/pt-br/transporte_p%C3%BAblico-line-0_339-Brasilia-1702-851940-419625-0,-1.0,-15.84101,-48.126953,0.0,,,2,2023-06-16T23:02:11+00:00
BRA_440728,Brasília,5300108,,Marechal,0.900,https://moovitapp.com/index/pt-br/transporte_p%C3%BAblico-line-0_900-Brasilia-1702-851940-242733-0,-1.0,-15.86695,-48.037437,0.0,,,2,2023-06-16T23:02:12+00:00
BRA_440361,Brasília,5300108,,Urbi,805.8,https://moovitapp.com/index/pt-br/transporte_p%C3%BAblico-line-805_8-Brasilia-1702-851595-454982-0,-1.0,-15.933177,-48.108583,0.0,,,2,2023-06-16T23:02:12+00:00
BRA_440531,Brasília,5300108,,Marechal,355.3,https://moovitapp.com/index/pt-br/transporte_p%C3%BAblico-line-355_3-Brasilia-1702-851940-504343-0,-1.0,-15.8032,-48.03071,39.0,,,2,2023-06-16T23:02:17+00:00
BRA_440159,Brasília,5300108,,Marechal,0.205,https://moovitapp.com/index/pt-br/transporte_p%C3%BAblico-line-0_205-Brasilia-1702-851940-463646-0,-1.0,-15.877143,-48.05056,54.0,,,2,2023-06-16T23:02:12+00:00
BRA_441481,Brasília,5300108,,Urbi,0.050,https://moovitapp.com/index/pt-br/transporte_p%C3%BAblico-line-0_050-Brasilia-1702-851595-781325-0,-1.0,-15.840663,-48.05662,0.0,,,2,2023-06-16T23:02:19+00:00
BRA_442054,Brasília,5300108,,Marechal,932.2,https://moovitapp.com/index/pt-br/transporte_p%C3%BAblico-line-932_2-Brasilia-1702-851940-3494666-0,-1.0,-15.840103,-48.129493,0.0,,,2,2023-06-16T23:02:12+00:00
BRA_445274,Brasília,5300108,,Marechal,0.300,https://moovitapp.com/index/pt-br/transporte_p%C3%BAblico-line-0_300-Brasilia-1702-851940-419624-0,-1.0,-15.822967,-47.935453,47.0,,,2,2023-06-16T23:02:12+00:00
BRA_444600,Brasília,5300108,,Marechal,0.942,https://moovitapp.com/index/pt-br/transporte_p%C3%BAblico-line-0_942-Brasilia-1702-851940-347158-0,-1.0,-15.840907,-48.12681,0.0,,,2,2023-06-16T23:02:12+00:00
BRA_445282,Brasília,5300108,,Marechal,0.378,https://moovitapp.com/index/pt-br/transporte_p%C3%BAblico-line-0_378-Brasilia-1702-851940-347150-0,-1.0,-15.817457,-48.01308,40.0,,,2,2023-06-16T23:02:12+00:00
BRA_441465,Brasília,5300108,,Marechal,336.1,https://moovitapp.com/index/pt-br/transporte_p%C3%BAblico-line-336_1-Brasilia-1702-851940-347163-0,-1.0,-15.83689,-47.952203,33.0,,,2,2023-06-16T22:52:38+00:00
BRA_440043,Brasília,5300108,,Urbi,805.1,https://moovitapp.com/index/pt-br/transporte_p%C3%BAblico-line-805_1-Brasilia-1702-851595-454980-0,-1.0,-15.911427,-48.09392,15.0,,,2,2023-06-16T23:02:12+00:00
BRA_444278,Brasília,5300108,,Marechal,933.5,https://moovitapp.com/index/pt-br/transporte_p%C3%BAblico-line-933_5-Brasilia-1702-851940-766837-0,-1.0,-15.840047,-48.129267,0.0,,,2,2023-06-16T23:02:12+00:00
BRA_445380,Brasília,5300108,,Marechal,0.378,https://moovitapp.com/index/pt-br/transporte_p%C3%BAblico-line-0_378-Brasilia-1702-851940-347150-0,-1.0,-15.746193,-47.896473,52.0,,,2,2023-06-16T23:02:16+00:00
BRA_442411,Brasília,5300108,,Urbi,0.050,https://moovitapp.com/index/pt-br/transporte_p%C3%BAblico-line-0_050-Brasilia-1702-851595-781325-0,-1.0,-15.88376,-48.150193,0.0,,,2,2023-06-16T23:02:15+00:00
BRA_440264,Brasília,5300108,,Marechal,260.3,https://moovitapp.com/index/pt-br/transporte_p%C3%BAblico-line-260_3-Brasilia-1702-851940-393566-0,-1.0,-15.80482,-48.073777,2.0,,,2,2023-06-16T23:02:12+00:00
BRA_440345,Brasília,5300108,,Marechal,260.3,https://moovitapp.com/index/pt-br/transporte_p%C3%BAblico-line-260_3-Brasilia-1702-851940-393566-0,-1.0,-15.809927,-48.15495,24.0,,,2,2023-06-16T23:02:12+00:00
BRA_445339,Brasília,5300108,,Marechal,337.1,https://moovitapp.com/index/pt-br/transporte_p%C3%BAblico-line-337_1-Brasilia-1702-851940-347165-0,-1.0,-15.794057,-47.88045,5.0,,,2,2023-06-16T23:02:12+00:00
BRA_443000,Brasília,5300108,,Marechal,363.2,https://moovitapp.com/index/pt-br/transporte_p%C3%BAblico-line-363_2-Brasilia-1702-851940-725443-0,-1.0,-15.814223,-48.09893,29.0,,,2,2023-06-16T23:02:12+00:00
BRA_443247,Brasília,5300108,,Marechal,0.043,https://moovitapp.com/index/pt-br/transporte_p%C3%BAblico-line-0_043-Brasilia-1702-851940-781330-0,-1.0,-15.8482,-48.120613,24.0,,,2,2023-06-16T23:02:12+00:00
BRA_442445,Brasília,5300108,,Marechal,933.1,https://moovitapp.com/index/pt-br/transporte_p%C3%BAblico-line-933_1-Brasilia-1702-851940-358307-0,-1.0,-15.842017,-48.106007,38.0,,,2,2023-06-16T23:02:12+00:00
BRA_442267,Brasília,5300108,,São José,332.1,https://moovitapp.com/index/pt-br/transporte_p%C3%BAblico-line-332_1-Brasilia-1702-851943-2068455-0,-1.0,-15.827697,-48.122737,40.0,,,2,2023-06-16T23:02:17+00:00
BRA_442241,Brasília,5300108,,Urbi,056.4,https://moovitapp.com/index/pt-br/transporte_p%C3%BAblico-line-056_4-Brasilia-1702-851595-519387-0,-1.0,-15.888987,-48.101203,7.0,,,2,2023-06-16T23:02:12+00:00
BRA_440027,Brasília,5300108,,Urbi,805.9,https://moovitapp.com/index/pt-br/transporte_p%C3%BAblico-line-805_9-Brasilia-1702-851595-454983-0,-1.0,-15.832047,-48.061177,48.0,,,2,2023-06-16T23:02:12+00:00
BRA_440906,Brasília,5300108,,Marechal,0.205,https://moovitapp.com/index/pt-br/transporte_p%C3%BAblico-line-0_205-Brasilia-1702-851940-463646-0,-1.0,-16.018057,-48.057323,28.0,,,2,2023-06-16T23:02:12+00:00
BRA_441937,Brasília,5300108,,Marechal,932.2,https://moovitapp.com/index/pt-br/transporte_p%C3%BAblico-line-932_2-Brasilia-1702-851940-3494666-0,-1.0,-15.79414,-47.883013,0.0,,,2,2023-06-16T23:02:17+00:00
BRA_440426,Brasília,5300108,,Marechal,260.3,https://moovitapp.com/index/pt-br/transporte_p%C3%BAblico-line-260_3-Brasilia-1702-851940-393566-0,-1.0,-15.915063,-48.049973,0.0,,,2,2023-06-16T23:02:20+00:00
BRA_444341,Brasília,5300108,,Marechal,0.153,https://moovitapp.com/index/pt-br/transporte_p%C3%BAblico-line-0_153-Brasilia-1702-851940-766835-0,-1.0,-15.84115,-47.9661,28.0,,,2,2023-06-16T23:02:12+00:00
BRA_443557,Brasília,5300108,,Marechal,355.3,https://moovitapp.com/index/pt-br/transporte_p%C3%BAblico-line-355_3-Brasilia-1702-851940-504343-0,-1.0,-15.869903,-48.03749,0.0,,,2,2023-06-16T23:02:07+00:00
BRA_441511,Brasília,5300108,,Marechal,0.339,https://moovitapp.com/index/pt-br/transporte_p%C3%BAblico-line-0_339-Brasilia-1702-851940-419625-0,-1.0,-15.840597,-48.126807,0.0,,,2,2023-06-16T23:02:12+00:00
BRA_442623,Brasília,5300108,,Urbi,393.7,https://moovitapp.com/index/pt-br/transporte_p%C3%BAblico-line-393_7-Brasilia-1702-851595-588818-0,-1.0,-15.876797,-48.06543,10.0,,,2,2023-06-16T23:02:12+00:00
BRA_444570,Brasília,5300108,,Marechal,0.089,https://moovitapp.com/index/pt-br/transporte_p%C3%BAblico-line-0_089-Brasilia-1702-851940-706977-0,-1.0,-15.839403,-48.12987,0.0,,,2,2023-06-16T23:02:07+00:00
BRA_444715,Brasília,5300108,,Marechal,0.089,https://moovitapp.com/index/pt-br/transporte_p%C3%BAblico-line-0_089-Brasilia-1702-851940-706977-0,-1.0,-15.80828,-48.084483,39.0,,,2,2023-06-16T23:02:19+00:00
BRA_443042,Brasília,5300108,,Marechal,0.089,https://moovitapp.com/index/pt-br/transporte_p%C3%BAblico-line-0_089-Brasilia-1702-851940-706977-0,-1.0,-15.813133,-48.001983,22.0,,,2,2023-06-16T22:42:38+00:00
BRA_444723,Brasília,5300108,,São José,350.1,https://moovitapp.com/index/pt-br/transporte_p%C3%BAblico-line-350_1-Brasilia-1702-851943-2068450-0,-1.0,-15.805633,-48.136457,0.0,,,2,2023-06-16T23:02:14+00:00
BRA_445223,Brasília,5300108,,Marechal,0.336,https://moovitapp.com/index/pt-br/transporte_p%C3%BAblico-line-0_336-Brasilia-1702-851940-347142-0,-1.0,-15.844663,-48.105247,16.0,,,2,2023-06-16T23:02:12+00:00
BRA_443051,Brasília,5300108,,Marechal,363.1,https://moovitapp.com/index/pt-br/transporte_p%C3%BAblico-line-363_1-Brasilia-1702-851940-504344-0,-1.0,-15.825613,-48.120157,0.0,,,2,2023-06-16T23:02:12+00:00
BRA_442801,Brasília,5300108,,Marechal,933.2,https://moovitapp.com/index/pt-br/transporte_p%C3%BAblico-line-933_2-Brasilia-1702-851940-717428-0,-1.0,-15.845897,-48.122577,25.0,,,2,2023-06-16T23:02:01+00:00
BRA_442852,Brasília,5300108,,Marechal,932.2,https://moovitapp.com/index/pt-br/transporte_p%C3%BAblico-line-932_2-Brasilia-1702-851940-3494666-0,-1.0,-15.82595,-48.02843,50.0,,,2,2023-06-16T22:56:27+00:00
BRA_442747,Brasília,5300108,,São José,332.1,https://moovitapp.com/index/pt-br/transporte_p%C3%BAblico-line-332_1-Brasilia-1702-851943-2068455-0,-1.0,-15.839937,-48.04326,6.0,,,2,2023-06-16T23:02:14+00:00
BRA_441660,Brasília,5300108,,Urbi,056.4,https://moovitapp.com/index/pt-br/transporte_p%C3%BAblico-line-056_4-Brasilia-1702-851595-519387-0,-1.0,-15.825443,-48.118487,0.0,,,2,2023-06-16T23:02:12+00:00
BRA_442577,Brasília,5300108,,Marechal,933.1,https://moovitapp.com/index/pt-br/transporte_p%C3%BAblico-line-933_1-Brasilia-1702-851940-358307-0,-1.0,-15.817233,-48.10397,51.0,,,2,2023-06-16T23:02:16+00:00
BRA_443123,Brasília,5300108,,Marechal,361.1,https://moovitapp.com/index/pt-br/transporte_p%C3%BAblico-line-361_1-Brasilia-1702-851940-363861-0,-1.0,-15.839713,-48.116153,42.0,,,2,2023-06-16T23:02:12+00:00
BRA_443778,Brasília,5300108,,Marechal,959.1,https://moovitapp.com/index/pt-br/transporte_p%C3%BAblico-line-959_1-Brasilia-1702-851940-789939-0,-1.0,-15.869893,-48.037413,0.0,,,2,2023-06-16T23:02:12+00:00
BRA_440591,Brasília,5300108,,Piracicabana,099.1,https://moovitapp.com/index/pt-br/transporte_p%C3%BAblico-line-099_1-Brasilia-1702-850942-775090-0,-1.0,-15.863807,-48.024547,29.0,,,2,2023-06-16T23:02:21+00:00
BRA_440400,Brasília,5300108,,São José,0.092,https://moovitapp.com/index/pt-br/transporte_p%C3%BAblico-line-0_092-Brasilia-1702-851943-496589-0,-1.0,-15.807767,-47.962607,17.0,,,2,2023-06-16T23:02:12+00:00
BRA_444031,Brasília,5300108,,Urbi,0.050,https://moovitapp.com/index/pt-br/transporte_p%C3%BAblico-line-0_050-Brasilia-1702-851595-781325-0,-1.0,-15.840937,-48.056823,0.0,,,2,2023-06-16T23:02:12+00:00
BRA_443891,Brasília,5300108,,Marechal,355.1,https://moovitapp.com/index/pt-br/transporte_p%C3%BAblico-line-355_1-Brasilia-1702-851940-729097-0,-1.0,-15.815197,-48.06334,0.0,,,2,2023-06-16T23:02:12+00:00
BRA_440868,Brasília,5300108,,Marechal,355.3,https://moovitapp.com/index/pt-br/transporte_p%C3%BAblico-line-355_3-Brasilia-1702-851940-504343-0,-1.0,-15.823833,-48.063973,12.0,,,2,2023-06-16T22:57:35+00:00
BRA_441708,Brasília,5300108,,Urbi,367.2,https://moovitapp.com/index/pt-br/transporte_p%C3%BAblico-line-367_2-Brasilia-1702-851595-454971-0,-1.0,-15.86402,-48.079807,27.0,,,2,2023-06-16T23:02:12+00:00
BRA_440078,Brasília,5300108,,São José,157.8,https://moovitapp.com/index/pt-br/transporte_p%C3%BAblico-line-157_8-Brasilia-1702-851943-759503-0,-1.0,-15.830313,-47.981133,30.0,,,2,2023-06-16T23:02:11+00:00
BRA_442984,Brasília,5300108,,Urbi,0.367,https://moovitapp.com/index/pt-br/transporte_p%C3%BAblico-line-0_367-Brasilia-1702-851595-519380-0,-1.0,-15.84956,-48.060903,9.0,,,2,2023-06-16T23:02:12+00:00
BRA_442674,Brasília,5300108,,Marechal,363.1,https://moovitapp.com/index/pt-br/transporte_p%C3%BAblico-line-363_1-Brasilia-1702-851940-504344-0,-1.0,-15.825697,-48.12434,36.0,,,2,2023-06-16T23:02:12+00:00
BRA_443026,Brasília,5300108,,Urbi,056.4,https://moovitapp.com/index/pt-br/transporte_p%C3%BAblico-line-056_4-Brasilia-1702-851595-519387-0,-1.0,-15.884013,-48.150517,0.0,,,2,2023-06-16T22:48:48+00:00
BRA_444740,Brasília,5300108,,Marechal,0.555,https://moovitapp.com/index/pt-br/transporte_p%C3%BAblico-line-0_555-Brasilia-1702-851940-504341-0,-1.0,-15.813323,-48.001753,60.0,,,2,2023-06-16T23:02:07+00:00
BRA_442879,Brasília,5300108,,Marechal,933.5,https://moovitapp.com/index/pt-br/transporte_p%C3%BAblico-line-933_5-Brasilia-1702-851940-766837-0,-1.0,-15.808517,-48.084397,16.0,,,2,2023-06-16T23:02:12+00:00
BRA_441449,Brasília,5300108,,São José,332.1,https://moovitapp.com/index/pt-br/transporte_p%C3%BAblico-line-332_1-Brasilia-1702-851943-2068455-0,-1.0,-15.81449,-48.005733,43.0,,,2,2023-06-16T23:02:12+00:00
BRA_443417,Brasília,5300108,,Marechal,933.1,https://moovitapp.com/index/pt-br/transporte_p%C3%BAblico-line-933_1-Brasilia-1702-851940-358307-0,-1.0,-15.845727,-48.122453,18.0,,,2,2023-06-16T23:02:12+00:00
BRA_441384,Brasília,5300108,,Urbi,372.5,https://moovitapp.com/index/pt-br/transporte_p%C3%BAblico-line-372_5-Brasilia-1702-851595-519391-0,-1.0,-15.88983,-48.128427,51.0,,,2,2023-06-16T23:02:12+00:00
BRA_443310,Brasília,5300108,,Marechal,0.554,https://moovitapp.com/index/pt-br/transporte_p%C3%BAblico-line-0_554-Brasilia-1702-851940-504340-0,-1.0,-15.794073,-47.8832,0.0,,,2,2023-06-16T22:59:46+00:00
BRA_441104,Brasília,5300108,,Urbi,038.1,https://moovitapp.com/index/pt-br/transporte_p%C3%BAblico-line-038_1-Brasilia-1702-851595-781327-0,-1.0,-15.87091,-48.02804,44.0,,,2,2023-06-16T23:02:12+00:00
BRA_441180,Brasília,5300108,,Marechal,260.3,https://moovitapp.com/index/pt-br/transporte_p%C3%BAblico-line-260_3-Brasilia-1702-851940-393566-0,-1.0,-15.875357,-48.02914,35.0,,,2,2023-06-16T22:55:45+00:00
BRA_443506,Brasília,5300108,,Marechal,850.1,https://moovitapp.com/index/pt-br/transporte_p%C3%BAblico-line-850_1-Brasilia-1702-851940-519398-0,-1.0,-15.845717,-48.10699,8.0,,,2,2023-06-16T23:02:12+00:00
BRA_441198,Brasília,5300108,,Marechal,157.6,https://moovitapp.com/index/pt-br/transporte_p%C3%BAblico-line-157_6-Brasilia-1702-851940-419627-0,-1.0,-15.820493,-47.986573,0.0,,,2,2023-06-16T23:02:12+00:00
BRA_442640,Brasília,5300108,,Marechal,933.1,https://moovitapp.com/index/pt-br/transporte_p%C3%BAblico-line-933_1-Brasilia-1702-851940-358307-0,-1.0,-15.851993,-48.11576,31.0,,,2,2023-06-16T23:02:12+00:00
BRA_440191,Brasília,5300108,,Marechal,0.205,https://moovitapp.com/index/pt-br/transporte_p%C3%BAblico-line-0_205-Brasilia-1702-851940-463646-0,-1.0,-15.876197,-48.048057,6.0,,,2,2023-06-16T22:54:27+00:00
BRA_444316,Brasília,5300108,,Marechal,933.2,https://moovitapp.com/index/pt-br/transporte_p%C3%BAblico-line-933_2-Brasilia-1702-851940-717428-0,-1.0,-15.840293,-48.129543,0.0,,,2,2023-06-16T23:02:12+00:00
BRA_440809,Brasília,5300108,,Marechal,156.1,https://moovitapp.com/index/pt-br/transporte_p%C3%BAblico-line-156_1-Brasilia-1702-851940-242750-0,-1.0,-15.73501,-47.897613,0.0,,,2,2023-06-16T23:02:12+00:00
BRA_443930,Brasília,5300108,,Marechal,933.2,https://moovitapp.com/index/pt-br/transporte_p%C3%BAblico-line-933_2-Brasilia-1702-851940-717428-0,-1.0,-15.831573,-48.095473,31.0,,,2,2023-06-16T23:02:14+00:00
BRA_440663,Brasília,5300108,,Marechal,206.1,https://moovitapp.com/index/pt-br/transporte_p%C3%BAblico-line-206_1-Brasilia-1702-851940-137149861-0,-1.0,-15.874733,-48.03809,59.0,,,2,2023-06-16T23:02:12+00:00
BRA_440825,Brasília,5300108,,Marechal,0.205,https://moovitapp.com/index/pt-br/transporte_p%C3%BAblico-line-0_205-Brasilia-1702-851940-463646-0,-1.0,-15.806753,-48.06985,0.0,,,2,2023-06-16T23:02:15+00:00
BRA_444260,Brasília,5300108,,Marechal,933.6,https://moovitapp.com/index/pt-br/transporte_p%C3%BAblico-line-933_6-Brasilia-1702-851940-3494672-0,-1.0,-15.830683,-48.11776,40.0,,,2,2023-06-16T23:02:12+00:00
BRA_444022,Brasília,5300108,,Marechal,933.6,https://moovitapp.com/index/pt-br/transporte_p%C3%BAblico-line-933_6-Brasilia-1702-851940-3494672-0,-1.0,-15.840617,-48.126867,13.0,,,2,2023-06-16T22:54:37+00:00
BRA_443956,Brasília,5300108,,Marechal,0.369,https://moovitapp.com/index/pt-br/transporte_p%C3%BAblico-line-0_369-Brasilia-1702-851940-500060-0,-1.0,-15.852843,-48.116943,17.0,,,2,2023-06-16T23:02:12+00:00
BRA_445312,Brasília,5300108,,Marechal,0.378,https://moovitapp.com/index/pt-br/transporte_p%C3%BAblico-line-0_378-Brasilia-1702-851940-347150-0,-1.0,-15.75213,-47.894827,48.0,,,2,2023-06-16T23:02:11+00:00
BRA_440558,Brasília,5300108,,Marechal,0.090,https://moovitapp.com/index/pt-br/transporte_p%C3%BAblico-line-0_090-Brasilia-1702-851940-242702-0,-1.0,-15.876267,-47.99111,27.0,,,2,2023-06-16T23:02:11+00:00
BRA_445177,Brasília,5300108,,Marechal,0.378,https://moovitapp.com/index/pt-br/transporte_p%C3%BAblico-line-0_378-Brasilia-1702-851940-347150-0,-1.0,-15.84101,-48.126553,0.0,,,2,2023-06-16T23:02:11+00:00
BRA_441554,Brasília,5300108,,Marechal,363.1,https://moovitapp.com/index/pt-br/transporte_p%C3%BAblico-line-363_1-Brasilia-1702-851940-504344-0,-1.0,-15.840727,-48.126787,0.0,,,2,2023-06-16T23:02:11+00:00
BRA_440221,Brasília,5300108,,Marechal,154.2,https://moovitapp.com/index/pt-br/transporte_p%C3%BAblico-line-154_2-Brasilia-1702-851940-527234-0,-1.0,-15.836223,-47.967563,17.0,,,2,2023-06-16T23:02:14+00:00
BRA_440779,Brasília,5300108,,Marechal,156.1,https://moovitapp.com/index/pt-br/transporte_p%C3%BAblico-line-156_1-Brasilia-1702-851940-242750-0,-1.0,-15.8404,-47.9658,0.0,,,2,2023-06-16T23:02:07+00:00
BRA_443883,Brasília,5300108,,Marechal,959.2,https://moovitapp.com/index/pt-br/transporte_p%C3%BAblico-line-959_2-Brasilia-1702-851940-66561063-0,-1.0,-15.86958,-48.019173,26.0,,,2,2023-06-16T23:02:17+00:00
BRA_444537,Brasília,5300108,,Marechal,0.554,https://moovitapp.com/index/pt-br/transporte_p%C3%BAblico-line-0_554-Brasilia-1702-851940-504340-0,-1.0,-15.835217,-48.086353,44.0,,,2,2023-06-16T23:02:15+00:00
BRA_440621,Brasília,5300108,,Urbi,805.8,https://moovitapp.com/index/pt-br/transporte_p%C3%BAblico-line-805_8-Brasilia-1702-851595-454982-0,-1.0,-15.8699,-48.037587,0.0,,,2,2023-06-16T23:02:12+00:00
BRA_445355,Brasília,5300108,,Marechal,337.1,https://moovitapp.com/index/pt-br/transporte_p%C3%BAblico-line-337_1-Brasilia-1702-851940-347165-0,-1.0,-15.816143,-48.009393,29.0,,,2,2023-06-16T23:02:06+00:00
BRA_445266,Brasília,5300108,,Marechal,0.300,https://moovitapp.com/index/pt-br/transporte_p%C3%BAblico-line-0_300-Brasilia-1702-851940-419624-0,-1.0,-15.853437,-48.117467,49.0,,,2,2023-06-16T23:02:12+00:00
BRA_443450,Brasília,5300108,,Marechal,361.1,https://moovitapp.com/index/pt-br/transporte_p%C3%BAblico-line-361_1-Brasilia-1702-851940-363861-0,-1.0,-15.839883,-48.12965,0.0,,,2,2023-06-16T23:02:21+00:00
BRA_445321,Brasília,5300108,,Marechal,337.1,https://moovitapp.com/index/pt-br/transporte_p%C3%BAblico-line-337_1-Brasilia-1702-851940-347165-0,-1.0,-15.81473,-48.005013,59.0,,,2,2023-06-16T22:52:06+00:00
BRA_445151,Brasília,5300108,,Marechal,154.2,https://moovitapp.com/index/pt-br/transporte_p%C3%BAblico-line-154_2-Brasilia-1702-851940-527234-0,-1.0,-15.839027,-47.958683,54.0,,,2,2023-06-16T23:02:12+00:00
BRA_445142,Brasília,5300108,,Marechal,0.306,https://moovitapp.com/index/pt-br/transporte_p%C3%BAblico-line-0_306-Brasilia-1702-851940-242714-0,-1.0,-15.833733,-47.925107,42.0,,,2,2023-06-16T23:02:12+00:00
BRA_441074,Brasília,5300108,,Marechal,260.3,https://moovitapp.com/index/pt-br/transporte_p%C3%BAblico-line-260_3-Brasilia-1702-851940-393566-0,-1.0,-16.004403,-47.992043,3.0,,,2,2023-06-16T23:02:12+00:00
BRA_441473,Brasília,5300108,,Marechal,0.089,https://moovitapp.com/index/pt-br/transporte_p%C3%BAblico-line-0_089-Brasilia-1702-851940-706977-0,-1.0,-15.815903,-48.082973,30.0,,,2,2023-06-16T23:02:19+00:00
BRA_443760,Brasília,5300108,,Marechal,0.357,https://moovitapp.com/index/pt-br/transporte_p%C3%BAblico-line-0_357-Brasilia-1702-851940-775109-0,-1.0,-15.807753,-48.083133,0.0,,,2,2023-06-16T23:02:12+00:00
BRA_444677,Brasília,5300108,,São José,350.1,https://moovitapp.com/index/pt-br/transporte_p%C3%BAblico-line-350_1-Brasilia-1702-851943-2068450-0,-1.0,-15.790467,-48.13837,30.0,,,2,2023-06-16T22:58:12+00:00
BRA_444685,Brasília,5300108,,São José,332.1,https://moovitapp.com/index/pt-br/transporte_p%C3%BAblico-line-332_1-Brasilia-1702-851943-2068455-0,-1.0,-15.8049,-48.074117,9.0,,,2,2023-06-16T23:02:12+00:00
BRA_444669,Brasília,5300108,,Marechal,0.043,https://moovitapp.com/index/pt-br/transporte_p%C3%BAblico-line-0_043-Brasilia-1702-851940-781330-0,-1.0,-15.84073,-48.126727,0.0,,,2,2023-06-16T23:01:46+00:00
BRA_441015,Brasília,5300108,,Piracicabana,099.1,https://moovitapp.com/index/pt-br/transporte_p%C3%BAblico-line-099_1-Brasilia-1702-850942-775090-0,-1.0,-15.82061,-47.986627,0.0,,,2,2023-06-16T23:02:12+00:00
BRA_441368,Brasília,5300108,,Urbi,038.1,https://moovitapp.com/index/pt-br/transporte_p%C3%BAblico-line-038_1-Brasilia-1702-851595-781327-0,-1.0,-15.875063,-48.035773,60.0,,,2,2023-06-16T23:02:12+00:00
BRA_441023,Brasília,5300108,,Marechal,0.205,https://moovitapp.com/index/pt-br/transporte_p%C3%BAblico-line-0_205-Brasilia-1702-851940-463646-0,-1.0,-15.95568,-48.029393,45.0,,,2,2023-06-16T23:02:12+00:00
BRA_442119,Brasília,5300108,,Marechal,933.5,https://moovitapp.com/index/pt-br/transporte_p%C3%BAblico-line-933_5-Brasilia-1702-851940-766837-0,-1.0,-15.830337,-48.127503,5.0,,,2,2023-06-16T23:02:12+00:00
BRA_443948,Brasília,5300108,,Marechal,0.363,https://moovitapp.com/index/pt-br/transporte_p%C3%BAblico-line-0_363-Brasilia-1702-851940-504339-0,-1.0,-15.838803,-48.128847,0.0,,,2,2023-06-16T23:02:12+00:00
BRA_443727,Brasília,5300108,,Marechal,959.2,https://moovitapp.com/index/pt-br/transporte_p%C3%BAblico-line-959_2-Brasilia-1702-851940-66561063-0,-1.0,-15.870663,-48.013583,22.0,,,2,2023-06-16T22:56:06+00:00
BRA_444189,Brasília,5300108,,Marechal,933.6,https://moovitapp.com/index/pt-br/transporte_p%C3%BAblico-line-933_6-Brasilia-1702-851940-3494672-0,-1.0,-15.835933,-48.089163,0.0,,,2,2023-06-16T23:02:12+00:00
BRA_442208,Brasília,5300108,,Urbi,056.4,https://moovitapp.com/index/pt-br/transporte_p%C3%BAblico-line-056_4-Brasilia-1702-851595-519387-0,-1.0,-15.8106,-48.09057,19.0,,,2,2023-06-16T23:02:12+00:00
BRA_441759,Brasília,5300108,,Urbi,0.050,https://moovitapp.com/index/pt-br/transporte_p%C3%BAblico-line-0_050-Brasilia-1702-851595-781325-0,-1.0,-15.85166,-48.067043,28.0,,,2,2023-06-16T23:02:17+00:00
BRA_443654,Brasília,5300108,,Marechal,0.951,https://moovitapp.com/index/pt-br/transporte_p%C3%BAblico-line-0_951-Brasilia-1702-851940-783578-0,-1.0,-15.84241,-48.047993,6.0,,,2,2023-06-16T23:02:12+00:00
BRA_442542,Brasília,5300108,,Marechal,933.1,https://moovitapp.com/index/pt-br/transporte_p%C3%BAblico-line-933_1-Brasilia-1702-851940-358307-0,-1.0,-15.83886,-48.128893,0.0,,,2,2023-06-16T23:02:16+00:00
BRA_443298,Brasília,5300108,,Marechal,0.089,https://moovitapp.com/index/pt-br/transporte_p%C3%BAblico-line-0_089-Brasilia-1702-851940-706977-0,-1.0,-15.82606,-47.98176,11.0,,,2,2023-06-16T23:02:12+00:00
BRA_441457,Brasília,5300108,,Urbi,393.6,https://moovitapp.com/index/pt-br/transporte_p%C3%BAblico-line-393_6-Brasilia-1702-851595-588817-0,-1.0,-15.903383,-48.129243,56.0,,,2,2023-06-16T23:02:12+00:00
BRA_440787,Brasília,5300108,,Marechal,154.2,https://moovitapp.com/index/pt-br/transporte_p%C3%BAblico-line-154_2-Brasilia-1702-851940-527234-0,-1.0,-15.842447,-47.966047,26.0,,,2,2023-06-16T23:02:12+00:00
BRA_441139,Brasília,5300108,,Marechal,306.2,https://moovitapp.com/index/pt-br/transporte_p%C3%BAblico-line-306_2-Brasilia-1702-851940-527237-0,-1.0,-15.867563,-48.010227,22.0,,,2,2023-06-16T23:02:12+00:00
BRA_441244,Brasília,5300108,,Marechal,0.376,https://moovitapp.com/index/pt-br/transporte_p%C3%BAblico-line-0_376-Brasilia-1702-851940-242726-0,-1.0,-15.772653,-47.888707,49.0,,,2,2023-06-16T23:02:15+00:00
BRA_440124,Brasília,5300108,,Piracicabana,099.1,https://moovitapp.com/index/pt-br/transporte_p%C3%BAblico-line-099_1-Brasilia-1702-850942-775090-0,-1.0,-15.831073,-48.039583,0.0,,,2,2023-06-16T23:02:12+00:00
BRA_444693,Brasília,5300108,,São José,333.6,https://moovitapp.com/index/pt-br/transporte_p%C3%BAblico-line-333_6-Brasilia-1702-851943-2068452-0,-1.0,-15.842697,-48.044547,36.0,,,2,2023-06-16T23:02:12+00:00
BRA_443522,Brasília,5300108,,Urbi,372.4,https://moovitapp.com/index/pt-br/transporte_p%C3%BAblico-line-372_4-Brasilia-1702-851595-650087-0,-1.0,-15.883853,-48.129983,58.0,,,2,2023-06-16T23:02:12+00:00
BRA_441546,Brasília,5300108,,Marechal,0.555,https://moovitapp.com/index/pt-br/transporte_p%C3%BAblico-line-0_555-Brasilia-1702-851940-504341-0,-1.0,-15.843223,-48.10367,0.0,,,2,2023-06-16T23:02:20+00:00
BRA_443344,Brasília,5300108,,Marechal,0.369,https://moovitapp.com/index/pt-br/transporte_p%C3%BAblico-line-0_369-Brasilia-1702-851940-500060-0,-1.0,-15.83724,-48.12061,13.0,,,2,2023-06-16T23:02:12+00:00
BRA_440698,Brasília,5300108,,Marechal,156.8,https://moovitapp.com/index/pt-br/transporte_p%C3%BAblico-line-156_8-Brasilia-1702-851940-312445-0,-1.0,-15.787553,-47.888333,18.0,,,2,2023-06-16T23:02:12+00:00
BRA_441732,Brasília,5300108,,Urbi,056.2,https://moovitapp.com/index/pt-br/transporte_p%C3%BAblico-line-056_2-Brasilia-1702-851595-492982-0,-1.0,-15.839973,-48.129087,0.0,,,2,2023-06-16T23:02:18+00:00
BRA_441155,Brasília,5300108,,Piracicabana,099.1,https://moovitapp.com/index/pt-br/transporte_p%C3%BAblico-line-099_1-Brasilia-1702-850942-775090-0,-1.0,-15.839257,-48.03612,19.0,,,2,2023-06-16T23:02:27+00:00
BRA_441236,Brasília,5300108,,Marechal,0.357,https://moovitapp.com/index/pt-br/transporte_p%C3%BAblico-line-0_357-Brasilia-1702-851940-775109-0,-1.0,-15.835363,-48.071897,50.0,,,2,2023-06-16T23:02:12+00:00
BRA_440094,Brasília,5300108,,Marechal,0.205,https://moovitapp.com/index/pt-br/transporte_p%C3%BAblico-line-0_205-Brasilia-1702-851940-463646-0,-1.0,-15.821963,-48.06112,45.0,,,2,2023-06-16T23:02:12+00:00
BRA_440175,Brasília,5300108,,Urbi,038.1,https://moovitapp.com/index/pt-br/transporte_p%C3%BAblico-line-038_1-Brasilia-1702-851595-781327-0,-1.0,-15.866177,-48.02374,14.0,,,2,2023-06-16T23:02:12+00:00
BRA_444511,Brasília,5300108,,Marechal,0.361,https://moovitapp.com/index/pt-br/transporte_p%C3%BAblico-line-0_361-Brasilia-1702-851940-376158-0,-1.0,-15.836413,-48.065147,49.0,,,2,2023-06-16T23:02:07+00:00
BRA_444529,Brasília,5300108,,Marechal,363.2,https://moovitapp.com/index/pt-br/transporte_p%C3%BAblico-line-363_2-Brasilia-1702-851940-725443-0,-1.0,-15.84076,-48.127153,0.0,,,2,2023-06-16T23:02:12+00:00
BRA_442224,Brasília,5300108,,Marechal,933.4,https://moovitapp.com/index/pt-br/transporte_p%C3%BAblico-line-933_4-Brasilia-1702-851940-656766-0,-1.0,-15.840503,-48.126907,13.0,,,2,2023-06-16T23:02:12+00:00
BRA_444081,Brasília,5300108,,Marechal,933.2,https://moovitapp.com/index/pt-br/transporte_p%C3%BAblico-line-933_2-Brasilia-1702-851940-717428-0,-1.0,-15.85659,-48.12142,8.0,,,2,2023-06-16T23:02:13+00:00
BRA_443182,Brasília,5300108,,Marechal,0.363,https://moovitapp.com/index/pt-br/transporte_p%C3%BAblico-line-0_363-Brasilia-1702-851940-504339-0,-1.0,-15.8499,-48.11936,49.0,,,2,2023-06-16T23:02:12+00:00
BRA_441589,Brasília,5300108,,Marechal,376.1,https://moovitapp.com/index/pt-br/transporte_p%C3%BAblico-line-376_1-Brasilia-1702-851940-242798-0,-1.0,-15.800557,-48.05988,44.0,,,2,2023-06-16T23:02:12+00:00
BRA_441538,Brasília,5300108,,Urbi,0.056,https://moovitapp.com/index/pt-br/transporte_p%C3%BAblico-line-0_056-Brasilia-1702-851595-588804-0,-1.0,-15.900523,-48.126037,32.0,,,2,2023-06-16T23:02:12+00:00
BRA_442089,Brasília,5300108,,Marechal,932.2,https://moovitapp.com/index/pt-br/transporte_p%C3%BAblico-line-932_2-Brasilia-1702-851940-3494666-0,-1.0,-15.82963,-48.035493,52.0,,,2,2023-06-16T23:02:12+00:00
BRA_443492,Brasília,5300108,,Marechal,933.1,https://moovitapp.com/index/pt-br/transporte_p%C3%BAblico-line-933_1-Brasilia-1702-851940-358307-0,-1.0,-15.83952,-48.12864,0.0,,,2,2023-06-16T23:02:12+00:00
BRA_443379,Brasília,5300108,,São José,333.6,https://moovitapp.com/index/pt-br/transporte_p%C3%BAblico-line-333_6-Brasilia-1702-851943-2068452-0,-1.0,-15.834387,-48.111883,8.0,,,2,2023-06-16T23:02:16+00:00
BRA_441694,Brasília,5300108,,Marechal,0.554,https://moovitapp.com/index/pt-br/transporte_p%C3%BAblico-line-0_554-Brasilia-1702-851940-504340-0,-1.0,-15.795147,-47.883027,0.0,,,2,2023-06-16T23:02:12+00:00
BRA_441741,Brasília,5300108,,Marechal,383.1,https://moovitapp.com/index/pt-br/transporte_p%C3%BAblico-line-383_1-Brasilia-1702-851940-527238-0,-1.0,-15.801563,-47.946383,17.0,,,2,2023-06-16T23:02:12+00:00
BRA_441414,Brasília,5300108,,Urbi,372.4,https://moovitapp.com/index/pt-br/transporte_p%C3%BAblico-line-372_4-Brasilia-1702-851595-650087-0,-1.0,-15.897673,-48.147233,22.0,,,2,2023-06-16T23:02:12+00:00
BRA_441520,Brasília,5300108,,Marechal,0.383,https://moovitapp.com/index/pt-br/transporte_p%C3%BAblico-line-0_383-Brasilia-1702-851940-347151-0,-1.0,-15.81785,-48.109333,0.0,,,2,2023-06-16T23:02:12+00:00
BRA_443549,Brasília,5300108,,Marechal,959.3,https://moovitapp.com/index/pt-br/transporte_p%C3%BAblico-line-959_3-Brasilia-1702-851940-103863179-0,-1.0,-15.876237,-48.011233,20.0,,,2,2023-06-16T23:02:12+00:00
BRA_444502,Brasília,5300108,,Marechal,361.1,https://moovitapp.com/index/pt-br/transporte_p%C3%BAblico-line-361_1-Brasilia-1702-851940-363861-0,-1.0,-15.83482,-48.016683,0.0,,,2,2023-06-16T23:02:12+00:00
BRA_441287,Brasília,5300108,,Marechal,0.205,https://moovitapp.com/index/pt-br/transporte_p%C3%BAblico-line-0_205-Brasilia-1702-851940-463646-0,-1.0,-15.869743,-48.037263,0.0,,,2,2023-06-16T16:26:40+00:00
BRA_443336,Brasília,5300108,,Marechal,0.089,https://moovitapp.com/index/pt-br/transporte_p%C3%BAblico-line-0_089-Brasilia-1702-851940-706977-0,-1.0,-15.842643,-47.945433,57.0,,,2,2023-06-16T23:02:12+00:00
BRA_441350,Brasília,5300108,,Marechal,355.3,https://moovitapp.com/index/pt-br/transporte_p%C3%BAblico-line-355_3-Brasilia-1702-851940-504343-0,-1.0,-15.80184,-48.06806,32.0,,,2,2023-06-16T23:02:12+00:00
BRA_441325,Brasília,5300108,,Marechal,0.951,https://moovitapp.com/index/pt-br/transporte_p%C3%BAblico-line-0_951-Brasilia-1702-851940-783578-0,-1.0,-15.842163,-48.045463,22.0,,,2,2023-06-16T23:02:12+00:00
BRA_444995,Brasília,5300108,,Marechal,386.1,https://moovitapp.com/index/pt-br/transporte_p%C3%BAblico-line-386_1-Brasilia-1702-851940-775114-0,-1.0,-15.86318,-48.057917,48.0,,,2,2023-06-16T22:55:09+00:00
BRA_445045,Brasília,5300108,,Marechal,0.554,https://moovitapp.com/index/pt-br/transporte_p%C3%BAblico-line-0_554-Brasilia-1702-851940-504340-0,-1.0,-15.852507,-48.11729,11.0,,,2,2023-06-16T22:59:36+00:00
BRA_444791,Brasília,5300108,,São José,359.2,https://moovitapp.com/index/pt-br/transporte_p%C3%BAblico-line-359_2-Brasilia-1702-851943-2068453-0,-1.0,-15.80618,-48.138043,14.0,,,2,2023-06-16T23:02:12+00:00
BRA_444979,Brasília,5300108,,Urbi,0.898,https://moovitapp.com/index/pt-br/transporte_p%C3%BAblico-line-0_898-Brasilia-1702-851595-322394-0,-1.0,-15.94929,-48.033653,0.0,,,2,2023-06-16T23:02:19+00:00
BRA_444910,Brasília,5300108,,Marechal,933.3,https://moovitapp.com/index/pt-br/transporte_p%C3%BAblico-line-933_3-Brasilia-1702-851940-450287-0,-1.0,-15.824393,-48.10575,8.0,,,2,2023-06-16T23:02:21+00:00
BRA_445096,Brasília,5300108,,São José,359.2,https://moovitapp.com/index/pt-br/transporte_p%C3%BAblico-line-359_2-Brasilia-1702-851943-2068453-0,-1.0,-15.842447,-48.04589,15.0,,,2,2023-06-16T22:28:24+00:00
BRA_445002,Brasília,5300108,,Marechal,0.383,https://moovitapp.com/index/pt-br/transporte_p%C3%BAblico-line-0_383-Brasilia-1702-851940-347151-0,-1.0,-15.840943,-48.11519,0.0,,,2,2023-06-16T23:02:14+00:00
BRA_444936,Brasília,5300108,,Marechal,361.1,https://moovitapp.com/index/pt-br/transporte_p%C3%BAblico-line-361_1-Brasilia-1702-851940-363861-0,-1.0,-15.839513,-48.097467,30.0,,,2,2023-06-16T22:56:48+00:00
BRA_445088,Brasília,5300108,,São José,350.1,https://moovitapp.com/index/pt-br/transporte_p%C3%BAblico-line-350_1-Brasilia-1702-851943-2068450-0,-1.0,-15.846877,-48.043557,0.0,,,2,2023-06-16T22:53:40+00:00
BRA_445100,Brasília,5300108,,São José,333.7,https://moovitapp.com/index/pt-br/transporte_p%C3%BAblico-line-333_7-Brasilia-1702-851943-2068454-0,-1.0,-15.830987,-48.049627,10.0,,,2,2023-06-16T22:39:46+00:00
BRA_444952,Brasília,5300108,,Marechal,0.554,https://moovitapp.com/index/pt-br/transporte_p%C3%BAblico-line-0_554-Brasilia-1702-851940-504340-0,-1.0,-15.839473,-48.12724,6.0,,,2,2023-06-16T22:59:20+00:00
BRA_444928,Brasília,5300108,,Marechal,932.1,https://moovitapp.com/index/pt-br/transporte_p%C3%BAblico-line-932_1-Brasilia-1702-851940-470763-0,-1.0,-15.84876,-48.111243,37.0,,,2,2023-06-16T23:02:12+00:00
BRA_445029,Brasília,5300108,,São José,359.2,https://moovitapp.com/index/pt-br/transporte_p%C3%BAblico-line-359_2-Brasilia-1702-851943-2068453-0,-1.0,-15.83163,-48.058103,0.0,,,2,2023-06-16T23:02:12+00:00
BRA_445061,Brasília,5300108,,Marechal,0.361,https://moovitapp.com/index/pt-br/transporte_p%C3%BAblico-line-0_361-Brasilia-1702-851940-376158-0,-1.0,-15.84821,-48.120587,24.0,,,2,2023-06-16T23:02:12+00:00
BRA_445070,Brasília,5300108,,Marechal,304.1,https://moovitapp.com/index/pt-br/transporte_p%C3%BAblico-line-304_1-Brasilia-1702-851940-516636-0,-1.0,-15.81896,-48.017523,48.0,,,2,2023-06-16T23:00:54+00:00
BRA_445037,Brasília,5300108,,Marechal,383.3,https://moovitapp.com/index/pt-br/transporte_p%C3%BAblico-line-383_3-Brasilia-1702-851940-88144102-0,-1.0,-15.811273,-48.092977,46.0,,,2,2023-06-16T22:38:02+00:00
BRA_444758,Brasília,5300108,,Marechal,0.089,https://moovitapp.com/index/pt-br/transporte_p%C3%BAblico-line-0_089-Brasilia-1702-851940-706977-0,-1.0,-15.845503,-47.92629,49.0,,,2,2023-06-16T23:00:02+00:00
BRA_444961,Brasília,5300108,,Urbi,0.347,https://moovitapp.com/index/pt-br/transporte_p%C3%BAblico-line-0_347-Brasilia-1702-851595-347128-0,-1.0,-15.8235,-48.01017,1.0,,,2,2023-06-16T23:01:25+00:00
BRA_444821,Brasília,5300108,,Marechal,0.942,https://moovitapp.com/index/pt-br/transporte_p%C3%BAblico-line-0_942-Brasilia-1702-851940-347158-0,-1.0,-15.840653,-48.127027,0.0,,,2,2023-06-16T23:02:12+00:00
BRA_444766,Brasília,5300108,,Marechal,0.383,https://moovitapp.com/index/pt-br/transporte_p%C3%BAblico-line-0_383-Brasilia-1702-851940-347151-0,-1.0,-15.793973,-47.882943,0.0,,,2,2023-06-16T23:02:12+00:00
BRA_440817,Brasília,5300108,,São José,157.8,https://moovitapp.com/index/pt-br/transporte_p%C3%BAblico-line-157_8-Brasilia-1702-851943-759503-0,-1.0,-15.784433,-47.997123,6.0,,,2,2023-06-16T23:02:12+00:00
BRA_441651,Brasília,5300108,,Marechal,0.363,https://moovitapp.com/index/pt-br/transporte_p%C3%BAblico-line-0_363-Brasilia-1702-851940-504339-0,-1.0,-15.840627,-48.12682,0.0,,,2,2023-06-16T23:02:07+00:00
BRA_441406,Brasília,5300108,,Marechal,0.910,https://moovitapp.com/index/pt-br/transporte_p%C3%BAblico-line-0_910-Brasilia-1702-851940-347156-0,-1.0,-15.884163,-48.149803,0.0,,,2,2023-06-16T23:02:18+00:00
BRA_443611,Brasília,5300108,,Marechal,355.2,https://moovitapp.com/index/pt-br/transporte_p%C3%BAblico-line-355_2-Brasilia-1702-851940-510251-0,-1.0,-15.869723,-48.03729,0.0,,,2,2023-06-16T23:02:12+00:00
BRA_443255,Brasília,5300108,,Marechal,0.942,https://moovitapp.com/index/pt-br/transporte_p%C3%BAblico-line-0_942-Brasilia-1702-851940-347158-0,-1.0,-15.73532,-47.899023,2.0,,,2,2023-06-16T23:02:19+00:00
BRA_444880,Brasília,5300108,,Urbi,0.898,https://moovitapp.com/index/pt-br/transporte_p%C3%BAblico-line-0_898-Brasilia-1702-851595-322394-0,-1.0,-15.83932,-48.1296,0.0,,,2,2023-06-16T23:02:12+00:00
BRA_440884,Brasília,5300108,,Marechal,0.205,https://moovitapp.com/index/pt-br/transporte_p%C3%BAblico-line-0_205-Brasilia-1702-851940-463646-0,-1.0,-15.8729,-48.02921,1.0,,,2,2023-06-16T23:02:12+00:00
BRA_440302,Brasília,5300108,,Urbi,0.872,https://moovitapp.com/index/pt-br/transporte_p%C3%BAblico-line-0_872-Brasilia-1702-851595-466291-0,-1.0,-15.913663,-48.05557,22.0,,,2,2023-06-16T23:02:12+00:00
BRA_440914,Brasília,5300108,,Marechal,162.2,https://moovitapp.com/index/pt-br/transporte_p%C3%BAblico-line-162_2-Brasilia-1702-851940-312446-0,-1.0,-15.84561,-47.967867,23.0,,,2,2023-06-16T23:02:12+00:00
BRA_443816,Brasília,5300108,,Marechal,959.1,https://moovitapp.com/index/pt-br/transporte_p%C3%BAblico-line-959_1-Brasilia-1702-851940-789939-0,-1.0,-15.867273,-48.037243,16.0,,,2,2023-06-16T23:02:12+00:00
BRA_442682,Brasília,5300108,,Marechal,933.4,https://moovitapp.com/index/pt-br/transporte_p%C3%BAblico-line-933_4-Brasilia-1702-851940-656766-0,-1.0,-15.803757,-48.070623,13.0,,,2,2023-06-16T23:02:12+00:00
BRA_444901,Brasília,5300108,,Urbi,0.898,https://moovitapp.com/index/pt-br/transporte_p%C3%BAblico-line-0_898-Brasilia-1702-851595-322394-0,-1.0,-15.85515,-48.119837,0.0,,,2,2023-06-16T23:02:12+00:00
BRA_441643,Brasília,5300108,,Urbi,056.2,https://moovitapp.com/index/pt-br/transporte_p%C3%BAblico-line-056_2-Brasilia-1702-851595-492982-0,-1.0,-15.88368,-48.14986,0.0,,,2,2023-06-16T23:02:07+00:00
BRA_443913,Brasília,5300108,,Urbi,0.050,https://moovitapp.com/index/pt-br/transporte_p%C3%BAblico-line-0_050-Brasilia-1702-851595-781325-0,-1.0,-15.842603,-48.047893,10.0,,,2,2023-06-16T23:02:12+00:00
BRA_443638,Brasília,5300108,,Marechal,351.3,https://moovitapp.com/index/pt-br/transporte_p%C3%BAblico-line-351_3-Brasilia-1702-851940-510249-0,-1.0,-15.816773,-48.082653,40.0,,,2,2023-06-16T23:02:16+00:00
BRA_442518,Brasília,5300108,,Urbi,0.050,https://moovitapp.com/index/pt-br/transporte_p%C3%BAblico-line-0_050-Brasilia-1702-851595-781325-0,-1.0,-15.886187,-48.130397,50.0,,,2,2023-06-16T23:02:12+00:00
BRA_441490,Brasília,5300108,,Marechal,0.383,https://moovitapp.com/index/pt-br/transporte_p%C3%BAblico-line-0_383-Brasilia-1702-851940-347151-0,-1.0,-15.798683,-48.056343,47.0,,,2,2023-06-16T23:02:12+00:00
BRA_443808,Brasília,5300108,,Marechal,355.2,https://moovitapp.com/index/pt-br/transporte_p%C3%BAblico-line-355_2-Brasilia-1702-851940-510251-0,-1.0,-15.80213,-48.067937,29.0,,,2,2023-06-16T23:02:12+00:00
BRA_445169,Brasília,5300108,,Marechal,0.305,https://moovitapp.com/index/pt-br/transporte_p%C3%BAblico-line-0_305-Brasilia-1702-851940-775108-0,-1.0,-15.870873,-48.01378,22.0,,,2,2023-06-16T22:51:56+00:00
BRA_441341,Brasília,5300108,,Marechal,260.3,https://moovitapp.com/index/pt-br/transporte_p%C3%BAblico-line-260_3-Brasilia-1702-851940-393566-0,-1.0,-16.026467,-48.019697,39.0,,,2,2023-06-16T23:02:12+00:00
BRA_228800,Brasília,5300108,,Pioneira,2307,https://moovitapp.com/index/pt-br/transporte_p%C3%BAblico-line-2307-Brasilia-1702-851941-18556638-0,-1.0,-15.835131,-47.951977,,,,1,2023-06-16T23:01:34+00:00
BRA_228656,Brasília,5300108,,Pioneira,271.3,https://moovitapp.com/index/pt-br/transporte_p%C3%BAblico-line-271_3-Brasilia-1702-851941-669626-0,-1.0,-16.022618,-48.013822,,,,1,2023-06-16T23:02:36+00:00
BRA_229229,Brasília,5300108,,Pioneira,251.7,https://moovitapp.com/index/pt-br/transporte_p%C3%BAblico-line-251_7-Brasilia-1702-851941-651524-0,-1.0,-16.022952,-48.080261,,,,1,2023-06-16T23:01:28+00:00
BRA_230189,Brasília,5300108,,Pioneira,3308,https://moovitapp.com/index/pt-br/transporte_p%C3%BAblico-line-3308-Brasilia-1702-851941-577772-0,-1.0,-16.002095,-47.987174,,,,1,2023-06-16T23:01:36+00:00
BRA_225967,Brasília,5300108,,Taguatur,2301,https://moovitapp.com/index/pt-br/transporte_p%C3%BAblico-line-2301-Brasilia-1702-854428-81537943-0,-1.0,-15.912695,-47.968641,,,,2,2023-06-16T23:01:24+00:00
BRA_227676,Brasília,5300108,,Pioneira,147.5,https://moovitapp.com/index/pt-br/transporte_p%C3%BAblico-line-147_5-Brasilia-1702-851941-519406-0,-1.0,-15.73401,-47.885862,,,,1,2023-06-16T23:02:08+00:00
BRA_223930,Brasília,5300108,,Pioneira,2307,https://moovitapp.com/index/pt-br/transporte_p%C3%BAblico-line-2307-Brasilia-1702-851941-18556638-0,-1.0,-15.953064,-47.994345,,,,1,2023-06-14T10:16:34+00:00
BRA_223654,Brasília,5300108,,Pioneira,2208,https://moovitapp.com/index/pt-br/transporte_p%C3%BAblico-line-2208-Brasilia-1702-851941-18556642-0,-1.0,-15.788422,-47.905342,,,,1,2023-06-16T23:02:02+00:00
BRA_229075,Brasília,5300108,,Pioneira,255.2,https://moovitapp.com/index/pt-br/transporte_p%C3%BAblico-line-255_2-Brasilia-1702-851941-312453-0,-1.0,-16.038093,-48.034256,,,,2,2023-06-16T23:02:24+00:00
BRA_228681,Brasília,5300108,,Pioneira,180.2,https://moovitapp.com/index/pt-br/transporte_p%C3%BAblico-line-180_2-Brasilia-1702-851941-514539-0,-1.0,-15.79442,-47.882047,,,,2,2023-06-16T22:33:14+00:00
BRA_232149,Brasília,5300108,,Pioneira,205.1,https://moovitapp.com/index/pt-br/transporte_p%C3%BAblico-line-205_1-Brasilia-1702-851941-393571-0,-1.0,-16.006021,-48.082245,,,,2,2023-06-16T23:02:10+00:00
BRA_229768,Brasília,5300108,,Pioneira,0.762,https://moovitapp.com/index/pt-br/transporte_p%C3%BAblico-line-0_762-Brasilia-1702-851941-576189-0,-1.0,-15.719339,-47.883516,,,,2,2023-06-16T22:56:42+00:00
BRA_231321,Brasília,5300108,,Taguatur,3304,https://moovitapp.com/index/pt-br/transporte_p%C3%BAblico-line-3304-Brasilia-1702-854428-21462346-0,-1.0,-15.992807,-47.988979,,,,1,2023-06-16T23:02:22+00:00
BRA_232165,Brasília,5300108,,Taguatur,3305,https://moovitapp.com/index/pt-br/transporte_p%C3%BAblico-line-3305-Brasilia-1702-854428-77810673-0,-1.0,-16.0492,-47.990518,,,,1,2023-06-16T23:02:12+00:00
BRA_229954,Brasília,5300108,,,3201,,,-16.036996,-48.059547,,,,1,2023-06-16T23:01:44+00:00
BRA_228265,Brasília,5300108,,,3206,,,-15.995267,-48.053889,,,,1,2023-06-16T23:02:40+00:00
BRA_226874,Brasília,5300108,,Pioneira,764.2,https://moovitapp.com/index/pt-br/transporte_p%C3%BAblico-line-764_2-Brasilia-1702-851941-527246-0,-1.0,-15.760132,-47.781377,,,,1,2023-06-16T23:01:14+00:00
BRA_229385,Brasília,5300108,,Pioneira,0.763,https://moovitapp.com/index/pt-br/transporte_p%C3%BAblico-line-0_763-Brasilia-1702-851941-468878-0,-1.0,-15.763392,-47.780315,,,,2,2023-06-16T23:02:00+00:00
BRA_231444,Brasília,5300108,,Pioneira,183.8,https://moovitapp.com/index/pt-br/transporte_p%C3%BAblico-line-183_8-Brasilia-1702-851941-719958-0,-1.0,-15.913334,-47.757618,,,,1,2023-06-16T23:01:34+00:00
BRA_230111,Brasília,5300108,,Pioneira,0.255,https://moovitapp.com/index/pt-br/transporte_p%C3%BAblico-line-0_255-Brasilia-1702-851941-706978-0,-1.0,-16.025965,-48.032609,,,,1,2023-06-16T23:02:00+00:00
BRA_231541,Brasília,5300108,,Pioneira,0.030,https://moovitapp.com/index/pt-br/transporte_p%C3%BAblico-line-0_030-Brasilia-1702-851941-775118-0,-1.0,-15.824626,-47.92296,,,,1,2023-06-16T23:02:08+00:00
BRA_230120,Brasília,5300108,,Pioneira,3316,https://moovitapp.com/index/pt-br/transporte_p%C3%BAblico-line-3316-Brasilia-1702-851941-59965195-0,-1.0,-16.001923,-47.985775,,,,1,2023-06-16T23:01:26+00:00
BRA_232297,Brasília,5300108,,Pioneira,3316,https://moovitapp.com/index/pt-br/transporte_p%C3%BAblico-line-3316-Brasilia-1702-851941-59965195-0,-1.0,-16.007896,-48.003592,,,,1,2023-06-16T23:02:08+00:00
BRA_229032,Brasília,5300108,,Urbi,119.0,https://moovitapp.com/index/pt-br/transporte_p%C3%BAblico-line-119_0-Brasilia-1702-851595-139513625-0,-1.0,-15.98702,-47.987498,,,,1,2023-06-16T23:01:24+00:00
BRA_227331,Brasília,5300108,,Pioneira,147.4,https://moovitapp.com/index/pt-br/transporte_p%C3%BAblico-line-147_4-Brasilia-1702-851941-574204-0,-1.0,-15.854217,-47.857264,,,,1,2023-06-16T23:02:02+00:00
BRA_229253,Brasília,5300108,,Pioneira,759.1,https://moovitapp.com/index/pt-br/transporte_p%C3%BAblico-line-759_1-Brasilia-1702-851941-616183-0,-1.0,-15.723839,-47.895017,,,,1,2023-06-16T23:02:14+00:00
BRA_232629,Brasília,5300108,,Pioneira,2208,https://moovitapp.com/index/pt-br/transporte_p%C3%BAblico-line-2208-Brasilia-1702-851941-18556642-0,-1.0,-15.968227,-48.022984,,,,1,2023-06-16T23:02:54+00:00
BRA_227145,Brasília,5300108,,Pioneira,0.198,https://moovitapp.com/index/pt-br/transporte_p%C3%BAblico-line-0_198-Brasilia-1702-851941-516639-0,-1.0,-15.913033,-47.757968,,,,2,2023-06-16T23:01:46+00:00
BRA_225941,Brasília,5300108,,UTB,2303,https://moovitapp.com/index/pt-br/transporte_p%C3%BAblico-line-2303-Brasilia-1702-854427-744299-0,-1.0,-15.830167,-47.929991,,,,2,2023-06-16T23:01:44+00:00
BRA_228516,Brasília,5300108,,Pioneira,784.3,https://moovitapp.com/index/pt-br/transporte_p%C3%BAblico-line-784_3-Brasilia-1702-851941-46904557-0,-1.0,-15.737896,-47.786037,,,,1,2023-06-16T22:59:48+00:00
BRA_231754,Brasília,5300108,,Pioneira,784.3,https://moovitapp.com/index/pt-br/transporte_p%C3%BAblico-line-784_3-Brasilia-1702-851941-46904557-0,-1.0,-15.781349,-47.782668,,,,1,2023-06-16T23:02:22+00:00
BRA_231495,Brasília,5300108,,Pioneira,0.018,https://moovitapp.com/index/pt-br/transporte_p%C3%BAblico-line-0_018-Brasilia-1702-851941-75742713-0,-1.0,-15.775234,-47.888278,,,,2,2023-06-16T23:01:50+00:00
BRA_227820,Brasília,5300108,,Pioneira,180.1,https://moovitapp.com/index/pt-br/transporte_p%C3%BAblico-line-180_1-Brasilia-1702-851941-339336-0,-1.0,-15.834796,-47.82475,,,,1,2023-06-16T23:01:18+00:00
BRA_227714,Brasília,5300108,,Pioneira,205.1,https://moovitapp.com/index/pt-br/transporte_p%C3%BAblico-line-205_1-Brasilia-1702-851941-393571-0,-1.0,-15.803256,-48.068626,,,,1,2023-06-16T23:02:16+00:00
BRA_228648,Brasília,5300108,,Pioneira,2306,https://moovitapp.com/index/pt-br/transporte_p%C3%BAblico-line-2306-Brasilia-1702-851941-18556641-0,-1.0,-15.745597,-47.896937,,,,2,2023-06-16T23:02:20+00:00
BRA_227218,Brasília,5300108,,,3204,,,-16.028283,-48.071729,,,,1,2023-06-16T23:01:22+00:00
BRA_228303,Brasília,5300108,,,3206,,,-16.026735,-48.067253,,,,1,2023-06-16T23:01:34+00:00
BRA_232432,Brasília,5300108,,Pioneira,3315,https://moovitapp.com/index/pt-br/transporte_p%C3%BAblico-line-3315-Brasilia-1702-851941-645997-0,-1.0,-16.032641,-48.02449,,,,1,2023-06-16T23:00:44+00:00
BRA_227382,Brasília,5300108,,Pioneira,180.3,https://moovitapp.com/index/pt-br/transporte_p%C3%BAblico-line-180_3-Brasilia-1702-851941-546212-0,-1.0,-15.850043,-47.815252,,,,1,2023-06-16T23:02:04+00:00
BRA_227293,Brasília,5300108,,Pioneira,0.182,https://moovitapp.com/index/pt-br/transporte_p%C3%BAblico-line-0_182-Brasilia-1702-851941-242839-0,-1.0,-15.900483,-47.77954,,,,2,2023-06-16T23:01:38+00:00
BRA_232220,Brasília,5300108,,Pioneira,205.1,https://moovitapp.com/index/pt-br/transporte_p%C3%BAblico-line-205_1-Brasilia-1702-851941-393571-0,-1.0,-15.91894,-48.048688,,,,2,2023-06-16T23:02:18+00:00
BRA_223816,Brasília,5300108,,Pioneira,2206,https://moovitapp.com/index/pt-br/transporte_p%C3%BAblico-line-2206-Brasilia-1702-851941-18556637-0,-1.0,-15.73637,-47.899175,,,,1,2023-06-16T23:01:52+00:00
BRA_229016,Brasília,5300108,,Pioneira,3313,https://moovitapp.com/index/pt-br/transporte_p%C3%BAblico-line-3313-Brasilia-1702-851941-616182-0,-1.0,-16.044031,-48.034065,,,,2,2023-06-16T23:02:10+00:00
BRA_229563,Brasília,5300108,,Pioneira,197.3,https://moovitapp.com/index/pt-br/transporte_p%C3%BAblico-line-197_3-Brasilia-1702-851941-519409-0,-1.0,-15.834266,-47.83245,,,,2,2023-06-16T23:03:00+00:00
BRA_226963,Brasília,5300108,,Pioneira,2208,https://moovitapp.com/index/pt-br/transporte_p%C3%BAblico-line-2208-Brasilia-1702-851941-18556642-0,-1.0,-15.981267,-48.037734,,,,2,2023-06-16T23:02:28+00:00
BRA_232254,Brasília,5300108,,Pioneira,124.6,https://moovitapp.com/index/pt-br/transporte_p%C3%BAblico-line-124_6-Brasilia-1702-851941-425282-0,-1.0,-15.924083,-47.976346,,,,1,2023-06-16T23:01:24+00:00
BRA_225584,Brasília,5300108,,UTB,2302,https://moovitapp.com/index/pt-br/transporte_p%C3%BAblico-line-2302-Brasilia-1702-854427-744298-0,-1.0,-16.024252,-48.031624,,,,1,2023-06-16T23:02:10+00:00
BRA_227765,Brasília,5300108,,Pioneira,2206,https://moovitapp.com/index/pt-br/transporte_p%C3%BAblico-line-2206-Brasilia-1702-851941-18556637-0,-1.0,-15.829871,-47.918719,,,,2,2023-06-16T23:02:24+00:00
BRA_228877,Brasília,5300108,,Taguatur,3302,https://moovitapp.com/index/pt-br/transporte_p%C3%BAblico-line-3302-Brasilia-1702-854428-3135322-0,-1.0,-16.041615,-48.026595,,,,1,2023-06-16T23:01:38+00:00
BRA_229601,Brasília,5300108,,Pioneira,0.101,https://moovitapp.com/index/pt-br/transporte_p%C3%BAblico-line-0_101-Brasilia-1702-851941-587082-0,-1.0,-15.722645,-47.888042,,,,2,2023-06-16T23:01:16+00:00
BRA_232556,Brasília,5300108,,Pioneira,2306,https://moovitapp.com/index/pt-br/transporte_p%C3%BAblico-line-2306-Brasilia-1702-851941-18556641-0,-1.0,-15.737217,-47.899251,,,,1,2023-06-16T23:01:34+00:00
BRA_227781,Brasília,5300108,,Taguatur,3305,https://moovitapp.com/index/pt-br/transporte_p%C3%BAblico-line-3305-Brasilia-1702-854428-77810673-0,-1.0,-16.037006,-48.047296,,,,1,2023-06-16T23:02:22+00:00
BRA_229024,Brasília,5300108,,Pioneira,3312,https://moovitapp.com/index/pt-br/transporte_p%C3%BAblico-line-3312-Brasilia-1702-851941-616181-0,-1.0,-16.043948,-48.028191,,,,2,2023-06-16T23:02:06+00:00
BRA_229393,Brasília,5300108,,Pioneira,0.255,https://moovitapp.com/index/pt-br/transporte_p%C3%BAblico-line-0_255-Brasilia-1702-851941-706978-0,-1.0,-15.840511,-48.056292,,,,1,2023-06-16T23:02:22+00:00
BRA_229741,Brasília,5300108,,Pioneira,0.765,https://moovitapp.com/index/pt-br/transporte_p%C3%BAblico-line-0_765-Brasilia-1702-851941-576190-0,-1.0,-15.804373,-47.795479,,,,2,2023-06-16T23:02:24+00:00
BRA_231533,Brasília,5300108,,Pioneira,0.030,https://moovitapp.com/index/pt-br/transporte_p%C3%BAblico-line-0_030-Brasilia-1702-851941-775118-0,-1.0,-15.807204,-47.899976,,,,1,2023-06-16T23:02:18+00:00
BRA_227072,Brasília,5300108,,Pioneira,197.3,https://moovitapp.com/index/pt-br/transporte_p%C3%BAblico-line-197_3-Brasilia-1702-851941-519409-0,-1.0,-15.835083,-47.834001,,,,1,2023-06-16T23:02:24+00:00
BRA_226360,Brasília,5300108,,Pioneira,2205,https://moovitapp.com/index/pt-br/transporte_p%C3%BAblico-line-2205-Brasilia-1702-851941-393568-0,-1.0,-15.812581,-47.906245,,,,1,2023-06-16T23:02:14+00:00
BRA_226432,Brasília,5300108,,Pioneira,761.1,https://moovitapp.com/index/pt-br/transporte_p%C3%BAblico-line-761_1-Brasilia-1702-851941-620161-0,-1.0,-15.829309,-47.810966,,,,1,2023-06-16T23:02:28+00:00
BRA_228567,Brasília,5300108,,UTB,2302,https://moovitapp.com/index/pt-br/transporte_p%C3%BAblico-line-2302-Brasilia-1702-854427-744298-0,-1.0,-15.87448,-47.955741,,,,1,2023-06-16T23:02:36+00:00
BRA_231932,Brasília,5300108,,Pioneira,180.1,https://moovitapp.com/index/pt-br/transporte_p%C3%BAblico-line-180_1-Brasilia-1702-851941-339336-0,-1.0,-15.89293,-47.793476,,,,1,2023-06-16T23:02:10+00:00
BRA_232475,Brasília,5300108,,Pioneira,3314,https://moovitapp.com/index/pt-br/transporte_p%C3%BAblico-line-3314-Brasilia-1702-851941-645996-0,-1.0,-16.01344,-47.985177,,,,1,2023-06-16T23:01:10+00:00
BRA_228834,Brasília,5300108,,Pioneira,0.255,https://moovitapp.com/index/pt-br/transporte_p%C3%BAblico-line-0_255-Brasilia-1702-851941-706978-0,-1.0,-15.84212,-48.048078,,,,2,2023-06-16T23:02:56+00:00
BRA_231843,Brasília,5300108,,Pioneira,197.3,https://moovitapp.com/index/pt-br/transporte_p%C3%BAblico-line-197_3-Brasilia-1702-851941-519409-0,-1.0,-15.902791,-47.77638,,,,2,2023-06-16T23:02:20+00:00
BRA_231631,Brasília,5300108,,Pioneira,0.762,https://moovitapp.com/index/pt-br/transporte_p%C3%BAblico-line-0_762-Brasilia-1702-851941-576189-0,-1.0,-15.736016,-47.765285,,,,1,2023-06-15T08:20:24+00:00
BRA_232050,Brasília,5300108,,Pioneira,180.2,https://moovitapp.com/index/pt-br/transporte_p%C3%BAblico-line-180_2-Brasilia-1702-851941-514539-0,-1.0,-15.892857,-47.804221,,,,2,2023-06-16T23:01:58+00:00
BRA_227609,Brasília,5300108,,Pioneira,2205,https://moovitapp.com/index/pt-br/transporte_p%C3%BAblico-line-2205-Brasilia-1702-851941-393568-0,-1.0,-15.913615,-47.969251,,,,2,2023-06-16T23:02:30+00:00
BRA_226467,Brasília,5300108,,Pioneira,510.1,https://moovitapp.com/index/pt-br/transporte_p%C3%BAblico-line-510_1-Brasilia-1702-851941-770035-0,-1.0,-15.763264,-47.780462,,,,1,2023-06-16T23:01:44+00:00
BRA_229491,Brasília,5300108,,Pioneira,0.510,https://moovitapp.com/index/pt-br/transporte_p%C3%BAblico-line-0_510-Brasilia-1702-851941-16483906-0,-1.0,-15.721976,-47.702051,,,,1,2023-06-16T22:54:00+00:00
BRA_226092,Brasília,5300108,,UTB,2303,https://moovitapp.com/index/pt-br/transporte_p%C3%BAblico-line-2303-Brasilia-1702-854427-744299-0,-1.0,-15.96643,-47.992018,,,,2,2023-06-16T23:02:14+00:00
BRA_232203,Brasília,5300108,,Pioneira,124.6,https://moovitapp.com/index/pt-br/transporte_p%C3%BAblico-line-124_6-Brasilia-1702-851941-425282-0,-1.0,-15.840917,-47.953458,,,,1,2023-06-16T23:01:52+00:00
BRA_226076,Brasília,5300108,,UTB,2302,https://moovitapp.com/index/pt-br/transporte_p%C3%BAblico-line-2302-Brasilia-1702-854427-744298-0,-1.0,-16.002737,-47.986894,,,,2,2023-06-16T23:02:18+00:00
BRA_228281,Brasília,5300108,,,3202,,,-15.99244,-48.050049,,,,1,2023-06-16T23:00:30+00:00
BRA_228389,Brasília,5300108,,Pioneira,0.255,https://moovitapp.com/index/pt-br/transporte_p%C3%BAblico-line-0_255-Brasilia-1702-851941-706978-0,-1.0,-15.856771,-48.038223,,,,2,2023-06-16T23:01:52+00:00
BRA_229482,Brasília,5300108,,Pioneira,180.0,https://moovitapp.com/index/pt-br/transporte_p%C3%BAblico-line-180_0-Brasilia-1702-851941-77097780-0,-1.0,-15.913129,-47.756842,,,,1,2023-06-16T18:25:48+00:00
BRA_227838,Brasília,5300108,,Pioneira,180.2,https://moovitapp.com/index/pt-br/transporte_p%C3%BAblico-line-180_2-Brasilia-1702-851941-514539-0,-1.0,-15.798318,-47.872256,,,,2,2023-06-16T23:01:20+00:00
BRA_228915,Brasília,5300108,,Pioneira,251.7,https://moovitapp.com/index/pt-br/transporte_p%C3%BAblico-line-251_7-Brasilia-1702-851941-651524-0,-1.0,-16.036014,-48.060081,,,,1,2023-06-16T23:02:12+00:00
BRA_230049,Brasília,5300108,,Taguatur,3305,https://moovitapp.com/index/pt-br/transporte_p%C3%BAblico-line-3305-Brasilia-1702-854428-77810673-0,-1.0,-16.037794,-48.056534,,,,1,2023-06-16T23:01:24+00:00
BRA_232602,Brasília,5300108,,UTB,2302,https://moovitapp.com/index/pt-br/transporte_p%C3%BAblico-line-2302-Brasilia-1702-854427-744298-0,-1.0,-15.973881,-47.990632,,,,2,2023-06-16T23:02:06+00:00
BRA_232441,Brasília,5300108,,Pioneira,3317,https://moovitapp.com/index/pt-br/transporte_p%C3%BAblico-line-3317-Brasilia-1702-851941-62597813-0,-1.0,-16.048949,-47.981998,,,,2,2023-06-16T23:02:08+00:00
BRA_226262,Brasília,5300108,,Taguatur,2301,https://moovitapp.com/index/pt-br/transporte_p%C3%BAblico-line-2301-Brasilia-1702-854428-81537943-0,-1.0,-15.805496,-47.889689,,,,2,2023-06-16T23:02:08+00:00
BRA_228192,Brasília,5300108,,,3206,,,-15.998549,-48.06038,,,,1,2023-06-16T23:01:56+00:00
BRA_226556,Brasília,5300108,,Pioneira,0.102,https://moovitapp.com/index/pt-br/transporte_p%C3%BAblico-line-0_102-Brasilia-1702-851941-775119-0,-1.0,-15.797113,-47.891705,,,,1,2023-06-16T23:02:30+00:00
BRA_226424,Brasília,5300108,,Pioneira,0.765,https://moovitapp.com/index/pt-br/transporte_p%C3%BAblico-line-0_765-Brasilia-1702-851941-576190-0,-1.0,-15.81494,-47.909894,,,,2,2023-06-16T23:01:40+00:00
BRA_230057,Brasília,5300108,,Taguatur,3305,https://moovitapp.com/index/pt-br/transporte_p%C3%BAblico-line-3305-Brasilia-1702-854428-77810673-0,-1.0,-16.032641,-48.057233,,,,1,2023-06-16T23:02:24+00:00
BRA_230065,Brasília,5300108,,Taguatur,3302,https://moovitapp.com/index/pt-br/transporte_p%C3%BAblico-line-3302-Brasilia-1702-854428-3135322-0,-1.0,-16.013641,-48.013892,,,,1,2023-06-16T23:02:02+00:00
BRA_223743,Brasília,5300108,,Pioneira,2307,https://moovitapp.com/index/pt-br/transporte_p%C3%BAblico-line-2307-Brasilia-1702-851941-18556638-0,-1.0,-16.000769,-47.984815,,,,1,2023-06-16T23:01:54+00:00
BRA_226025,Brasília,5300108,,UTB,2302,https://moovitapp.com/index/pt-br/transporte_p%C3%BAblico-line-2302-Brasilia-1702-854427-744298-0,-1.0,-15.794156,-47.882479,,,,1,2023-06-16T23:02:00+00:00
BRA_229555,Brasília,5300108,,,3204,,,-16.019814,-48.068111,,,,1,2023-06-16T23:02:54+00:00
BRA_228885,Brasília,5300108,,Pioneira,2307,https://moovitapp.com/index/pt-br/transporte_p%C3%BAblico-line-2307-Brasilia-1702-851941-18556638-0,-1.0,-15.788377,-47.905514,,,,1,2023-06-16T23:01:26+00:00
BRA_229008,Brasília,5300108,,Pioneira,255.2,https://moovitapp.com/index/pt-br/transporte_p%C3%BAblico-line-255_2-Brasilia-1702-851941-312453-0,-1.0,-15.971457,-48.016251,,,,2,2023-06-16T23:02:50+00:00
BRA_223905,Brasília,5300108,,Pioneira,2307,https://moovitapp.com/index/pt-br/transporte_p%C3%BAblico-line-2307-Brasilia-1702-851941-18556638-0,-1.0,-16.004829,-47.987008,,,,1,2023-06-16T23:02:56+00:00
BRA_229849,Brasília,5300108,,Pioneira,147.2,https://moovitapp.com/index/pt-br/transporte_p%C3%BAblico-line-147_2-Brasilia-1702-851941-519403-0,-1.0,-15.82562,-47.924295,,,,2,2023-06-16T23:02:04+00:00
BRA_228575,Brasília,5300108,,Pioneira,0.253,https://moovitapp.com/index/pt-br/transporte_p%C3%BAblico-line-0_253-Brasilia-1702-851941-510254-0,-1.0,-15.962105,-48.023975,,,,1,2023-06-16T23:02:10+00:00
BRA_232084,Brasília,5300108,,Pioneira,0.147,https://moovitapp.com/index/pt-br/transporte_p%C3%BAblico-line-0_147-Brasilia-1702-851941-519401-0,-1.0,-15.829593,-47.907269,,,,2,2023-06-16T23:01:38+00:00
BRA_229652,Brasília,5300108,,Pioneira,0.763,https://moovitapp.com/index/pt-br/transporte_p%C3%BAblico-line-0_763-Brasilia-1702-851941-468878-0,-1.0,-15.765414,-47.779991,,,,2,2023-06-16T23:01:58+00:00
BRA_230031,Brasília,5300108,,,3207,,,-16.014763,-48.074895,,,,1,2023-06-16T23:02:16+00:00
BRA_226831,Brasília,5300108,,Pioneira,0.510,https://moovitapp.com/index/pt-br/transporte_p%C3%BAblico-line-0_510-Brasilia-1702-851941-16483906-0,-1.0,-15.76021,-47.780773,,,,1,2023-06-15T13:15:44+00:00
BRA_227480,Brasília,5300108,,,3201,,,-15.998349,-48.058562,,,,1,2023-06-15T21:20:48+00:00
BRA_227480,Brasília,5300108,,Taguatur,3305,https://moovitapp.com/index/pt-br/transporte_p%C3%BAblico-line-3305-Brasilia-1702-854428-77810673-0,-1.0,-16.003452,-47.987199,,,,1,2023-06-16T23:01:52+00:00
BRA_230103,Brasília,5300108,,Taguatur,3302,https://moovitapp.com/index/pt-br/transporte_p%C3%BAblico-line-3302-Brasilia-1702-854428-3135322-0,-1.0,-16.042226,-48.026487,,,,1,2023-06-16T23:02:06+00:00
BRA_228125,Brasília,5300108,,,3202,,,-16.032015,-48.057437,,,,1,2023-06-16T23:03:22+00:00
BRA_227099,Brasília,5300108,,Pioneira,0.195,https://moovitapp.com/index/pt-br/transporte_p%C3%BAblico-line-0_195-Brasilia-1702-851941-242845-0,-1.0,-15.86991,-47.822411,,,,2,2023-06-16T23:02:36+00:00
BRA_231703,Brasília,5300108,,Pioneira,102.1,https://moovitapp.com/index/pt-br/transporte_p%C3%BAblico-line-102_1-Brasilia-1702-851941-775125-0,-1.0,-15.803604,-47.896263,,,,1,2023-06-16T23:01:40+00:00
BRA_231983,Brasília,5300108,,Pioneira,197.3,https://moovitapp.com/index/pt-br/transporte_p%C3%BAblico-line-197_3-Brasilia-1702-851941-519409-0,-1.0,-15.911722,-47.764275,,,,2,2023-06-16T23:01:48+00:00
BRA_226343,Brasília,5300108,,Pioneira,2205,https://moovitapp.com/index/pt-br/transporte_p%C3%BAblico-line-2205-Brasilia-1702-851941-393568-0,-1.0,-15.945128,-47.990206,,,,1,2023-06-16T23:02:08+00:00
BRA_230138,Brasília,5300108,,Pioneira,3312,https://moovitapp.com/index/pt-br/transporte_p%C3%BAblico-line-3312-Brasilia-1702-851941-616181-0,-1.0,-16.018797,-48.020701,,,,2,2023-06-16T23:02:16+00:00
BRA_228583,Brasília,5300108,,Pioneira,255.2,https://moovitapp.com/index/pt-br/transporte_p%C3%BAblico-line-255_2-Brasilia-1702-851941-312453-0,-1.0,-16.023734,-48.032533,,,,1,2023-06-16T23:02:48+00:00
BRA_230171,Brasília,5300108,,Pioneira,251.8,https://moovitapp.com/index/pt-br/transporte_p%C3%BAblico-line-251_8-Brasilia-1702-851941-708654-0,-1.0,-16.031246,-48.056922,,,,1,2023-06-16T23:02:14+00:00
BRA_232394,Brasília,5300108,,,3301,,,-16.041358,-48.019868,,,,1,2023-06-16T23:02:48+00:00
BRA_229512,Brasília,5300108,,,3204,,,-16.023123,-48.053139,,,,1,2023-06-16T23:01:54+00:00
BRA_229083,Brasília,5300108,,Pioneira,197.3,https://moovitapp.com/index/pt-br/transporte_p%C3%BAblico-line-197_3-Brasilia-1702-851941-519409-0,-1.0,-15.912759,-47.762908,,,,2,2023-06-16T23:01:46+00:00
BRA_231649,Brasília,5300108,,Pioneira,0.762,https://moovitapp.com/index/pt-br/transporte_p%C3%BAblico-line-0_762-Brasilia-1702-851941-576189-0,-1.0,-15.775884,-47.811284,,,,1,2023-06-16T23:01:14+00:00
BRA_228028,Brasília,5300108,,Pioneira,183.2,https://moovitapp.com/index/pt-br/transporte_p%C3%BAblico-line-183_2-Brasilia-1702-851941-242920-0,-1.0,-15.911115,-47.759284,,,,1,2023-06-16T23:01:26+00:00
BRA_232076,Brasília,5300108,,Pioneira,180.1,https://moovitapp.com/index/pt-br/transporte_p%C3%BAblico-line-180_1-Brasilia-1702-851941-339336-0,-1.0,-15.848778,-47.815633,,,,2,2023-06-16T23:01:52+00:00
BRA_226009,Brasília,5300108,,,2202,,,-16.006005,-48.056756,,,,1,2023-06-16T23:01:28+00:00
BRA_227129,Brasília,5300108,,Pioneira,2206,https://moovitapp.com/index/pt-br/transporte_p%C3%BAblico-line-2206-Brasilia-1702-851941-18556637-0,-1.0,-15.907296,-47.965061,,,,2,2023-06-16T23:01:42+00:00
BRA_229440,Brasília,5300108,,Pioneira,2309,https://moovitapp.com/index/pt-br/transporte_p%C3%BAblico-line-2309-Brasilia-1702-851941-57764376-0,-1.0,-15.843436,-47.953814,,,,2,2023-06-16T23:02:28+00:00
BRA_232190,Brasília,5300108,,Pioneira,0.225,https://moovitapp.com/index/pt-br/transporte_p%C3%BAblico-line-0_225-Brasilia-1702-851941-510253-0,-1.0,-15.922345,-48.04762,,,,2,2023-06-16T23:02:04+00:00
BRA_226882,Brasília,5300108,,,2202,,,-15.813513,-47.895405,,,,1,2023-06-16T23:02:22+00:00
BRA_227935,Brasília,5300108,,Pioneira,0.199,https://moovitapp.com/index/pt-br/transporte_p%C3%BAblico-line-0_199-Brasilia-1702-851941-242849-0,-1.0,-15.907559,-47.760803,,,,2,2023-06-16T23:01:48+00:00
BRA_227862,Brasília,5300108,,Pioneira,3210,https://moovitapp.com/index/pt-br/transporte_p%C3%BAblico-line-3210-Brasilia-1702-851941-14518504-0,-1.0,-16.007604,-48.059834,,,,1,2023-06-16T23:02:46+00:00
BRA_228222,Brasília,5300108,,,3206,,,-16.035954,-48.060024,,,,1,2023-06-16T23:02:30+00:00
BRA_232459,Brasília,5300108,,Pioneira,3312,https://moovitapp.com/index/pt-br/transporte_p%C3%BAblico-line-3312-Brasilia-1702-851941-616181-0,-1.0,-16.016457,-47.98334,,,,2,2023-06-16T09:33:24+00:00
BRA_229938,Brasília,5300108,,,3202,,,-16.02972,-48.055904,,,,1,2023-06-16T23:01:36+00:00
BRA_231827,Brasília,5300108,,Pioneira,180.1,https://moovitapp.com/index/pt-br/transporte_p%C3%BAblico-line-180_1-Brasilia-1702-851941-339336-0,-1.0,-15.794484,-47.88199,,,,2,2023-06-16T23:02:00+00:00
BRA_231789,Brasília,5300108,,Pioneira,0.764,https://moovitapp.com/index/pt-br/transporte_p%C3%BAblico-line-0_764-Brasilia-1702-851941-516641-0,-1.0,-15.752454,-47.780226,,,,2,2023-06-16T21:57:20+00:00
BRA_228702,Brasília,5300108,,Taguatur,3302,https://moovitapp.com/index/pt-br/transporte_p%C3%BAblico-line-3302-Brasilia-1702-854428-3135322-0,-1.0,-16.049375,-48.029748,,,,1,2023-06-16T23:02:54+00:00
BRA_229873,Brasília,5300108,,Pioneira,147.5,https://moovitapp.com/index/pt-br/transporte_p%C3%BAblico-line-147_5-Brasilia-1702-851941-519406-0,-1.0,-15.908853,-47.760059,,,,1,2023-06-16T23:02:06+00:00
BRA_223956,Brasília,5300108,,Pioneira,2306,https://moovitapp.com/index/pt-br/transporte_p%C3%BAblico-line-2306-Brasilia-1702-851941-18556641-0,-1.0,-15.793656,-47.887267,,,,2,2023-06-16T23:00:40+00:00
BRA_227137,Brasília,5300108,,Pioneira,170.6,https://moovitapp.com/index/pt-br/transporte_p%C3%BAblico-line-170_6-Brasilia-1702-851941-83224061-0,-1.0,-15.905919,-47.772171,,,,2,2023-06-16T23:01:50+00:00
BRA_229202,Brasília,5300108,,Pioneira,2309,https://moovitapp.com/index/pt-br/transporte_p%C3%BAblico-line-2309-Brasilia-1702-851941-57764376-0,-1.0,-15.790834,-47.943826,,,,2,2023-06-16T23:02:28+00:00
BRA_225568,Brasília,5300108,,UTB,2303,https://moovitapp.com/index/pt-br/transporte_p%C3%BAblico-line-2303-Brasilia-1702-854427-744299-0,-1.0,-15.796404,-47.891399,,,,1,2023-06-16T23:01:40+00:00
BRA_227854,Brasília,5300108,,Pioneira,181.2,https://moovitapp.com/index/pt-br/transporte_p%C3%BAblico-line-181_2-Brasilia-1702-851941-339338-0,-1.0,-15.880901,-47.82304,,,,1,2023-06-16T23:02:46+00:00
BRA_227013,Brasília,5300108,,Pioneira,163.1,https://moovitapp.com/index/pt-br/transporte_p%C3%BAblico-line-163_1-Brasilia-1702-851941-242911-0,-1.0,-15.752443,-47.780245,,,,2,2023-06-16T23:02:44+00:00
BRA_223697,Brasília,5300108,,,2202,,,-15.880165,-47.95988,,,,2,2023-06-16T23:02:50+00:00
BRA_227234,Brasília,5300108,,Pioneira,180.1,https://moovitapp.com/index/pt-br/transporte_p%C3%BAblico-line-180_1-Brasilia-1702-851941-339336-0,-1.0,-15.897266,-47.785631,,,,2,2023-06-16T23:02:14+00:00
BRA_229971,Brasília,5300108,,,3207,,,-16.020072,-48.068251,,,,1,2023-06-16T23:01:10+00:00
BRA_227587,Brasília,5300108,,Pioneira,147.5,https://moovitapp.com/index/pt-br/transporte_p%C3%BAblico-line-147_5-Brasilia-1702-851941-519406-0,-1.0,-15.891746,-47.794983,,,,1,2023-06-16T23:01:30+00:00
BRA_232491,Brasília,5300108,,Pioneira,0.253,https://moovitapp.com/index/pt-br/transporte_p%C3%BAblico-line-0_253-Brasilia-1702-851941-510254-0,-1.0,-15.816579,-48.102698,,,,2,2023-06-16T22:36:36+00:00
BRA_228435,Brasília,5300108,,Taguatur,3305,https://moovitapp.com/index/pt-br/transporte_p%C3%BAblico-line-3305-Brasilia-1702-854428-77810673-0,-1.0,-16.044438,-48.04221,,,,1,2023-06-16T23:02:12+00:00
BRA_232068,Brasília,5300108,,Pioneira,180.2,https://moovitapp.com/index/pt-br/transporte_p%C3%BAblico-line-180_2-Brasilia-1702-851941-514539-0,-1.0,-15.842406,-47.821648,,,,1,2023-06-16T23:01:40+00:00
BRA_229920,Brasília,5300108,,,3204,,,-15.992025,-48.049725,,,,1,2023-06-16T23:01:52+00:00
BRA_225533,Brasília,5300108,,,2202,,,-15.80331,-47.886199,,,,1,2023-06-16T22:08:24+00:00
BRA_225959,Brasília,5300108,,UTB,2303,https://moovitapp.com/index/pt-br/transporte_p%C3%BAblico-line-2303-Brasilia-1702-854427-744299-0,-1.0,-15.921698,-47.974515,,,,1,2023-06-16T23:02:48+00:00
BRA_229091,Brasília,5300108,,Pioneira,0.761,https://moovitapp.com/index/pt-br/transporte_p%C3%BAblico-line-0_761-Brasilia-1702-851941-605389-0,-1.0,-15.799993,-47.860119,,,,2,2023-06-16T23:02:12+00:00
BRA_228869,Brasília,5300108,,Taguatur,3303,https://moovitapp.com/index/pt-br/transporte_p%C3%BAblico-line-3303-Brasilia-1702-854428-2224148-0,-1.0,-16.017484,-47.986182,,,,1,2023-06-16T23:01:20+00:00
BRA_227404,Brasília,5300108,,Pioneira,147.2,https://moovitapp.com/index/pt-br/transporte_p%C3%BAblico-line-147_2-Brasilia-1702-851941-519403-0,-1.0,-15.912468,-47.754916,,,,2,2023-06-16T23:01:42+00:00
BRA_229059,Brasília,5300108,,Taguatur,3303,https://moovitapp.com/index/pt-br/transporte_p%C3%BAblico-line-3303-Brasilia-1702-854428-2224148-0,-1.0,-16.001825,-47.985667,,,,1,2023-06-16T23:01:48+00:00
BRA_229989,Brasília,5300108,,,3207,,,-15.99212,-48.049788,,,,1,2023-06-16T23:01:48+00:00
BRA_228079,Brasília,5300108,,Pioneira,205.1,https://moovitapp.com/index/pt-br/transporte_p%C3%BAblico-line-205_1-Brasilia-1702-851941-393571-0,-1.0,-16.037349,-48.058969,,,,1,2023-06-16T23:02:30+00:00
BRA_229610,Brasília,5300108,,,3204,,,-16.024055,-48.059287,,,,1,2023-06-16T23:01:56+00:00
BRA_228044,Brasília,5300108,,Pioneira,0.181,https://moovitapp.com/index/pt-br/transporte_p%C3%BAblico-line-0_181-Brasilia-1702-851941-242838-0,-1.0,-15.907993,-47.760454,,,,1,2023-06-16T23:02:10+00:00
BRA_227188,Brasília,5300108,,Pioneira,170.6,https://moovitapp.com/index/pt-br/transporte_p%C3%BAblico-line-170_6-Brasilia-1702-851941-83224061-0,-1.0,-15.903392,-47.775719,,,,2,2023-06-16T22:59:30+00:00
BRA_227056,Brasília,5300108,,Pioneira,780.1,https://moovitapp.com/index/pt-br/transporte_p%C3%BAblico-line-780_1-Brasilia-1702-851941-531040-0,-1.0,-15.798165,-47.784041,,,,1,2023-06-16T23:02:06+00:00
BRA_229261,Brasília,5300108,,Pioneira,0.255,https://moovitapp.com/index/pt-br/transporte_p%C3%BAblico-line-0_255-Brasilia-1702-851941-706978-0,-1.0,-16.032301,-48.033766,,,,1,2023-06-16T23:01:18+00:00
BRA_227595,Brasília,5300108,,Pioneira,181.1,https://moovitapp.com/index/pt-br/transporte_p%C3%BAblico-line-181_1-Brasilia-1702-851941-242915-0,-1.0,-15.752565,-47.780423,,,,2,2023-06-16T23:02:14+00:00
BRA_232483,Brasília,5300108,,Pioneira,3312,https://moovitapp.com/index/pt-br/transporte_p%C3%BAblico-line-3312-Brasilia-1702-851941-616181-0,-1.0,-16.021162,-48.024395,,,,2,2023-06-16T23:01:50+00:00
BRA_228591,Brasília,5300108,,Pioneira,251.6,https://moovitapp.com/index/pt-br/transporte_p%C3%BAblico-line-251_6-Brasilia-1702-851941-35763436-0,-1.0,-16.003726,-47.987453,,,,1,2023-06-16T23:02:14+00:00
BRA_231517,Brasília,5300108,,Pioneira,0.018,https://moovitapp.com/index/pt-br/transporte_p%C3%BAblico-line-0_018-Brasilia-1702-851941-75742713-0,-1.0,-15.752554,-47.761197,,,,2,2023-06-16T23:02:16+00:00
BRA_231355,Brasília,5300108,,Pioneira,183.8,https://moovitapp.com/index/pt-br/transporte_p%C3%BAblico-line-183_8-Brasilia-1702-851941-719958-0,-1.0,-15.914033,-47.761178,,,,1,2023-06-16T23:01:56+00:00
BRA_226611,Brasília,5300108,,Pioneira,0.765,https://moovitapp.com/index/pt-br/transporte_p%C3%BAblico-line-0_765-Brasilia-1702-851941-576190-0,-1.0,-15.845135,-47.895284,,,,1,2023-06-16T23:02:44+00:00
BRA_223701,Brasília,5300108,,Pioneira,2210,https://moovitapp.com/index/pt-br/transporte_p%C3%BAblico-line-2210-Brasilia-1702-851941-57764370-0,-1.0,-15.815392,-47.949535,,,,2,2023-06-16T22:04:12+00:00
BRA_226017,Brasília,5300108,,Taguatur,2301,https://moovitapp.com/index/pt-br/transporte_p%C3%BAblico-line-2301-Brasilia-1702-854428-81537943-0,-1.0,-15.830019,-47.919978,,,,2,2023-06-16T23:02:30+00:00
BRA_227030,Brasília,5300108,,Pioneira,0.102,https://moovitapp.com/index/pt-br/transporte_p%C3%BAblico-line-0_102-Brasilia-1702-851941-775119-0,-1.0,-15.812232,-47.906181,,,,1,2023-06-16T20:38:52+00:00
BRA_227439,Brasília,5300108,,Pioneira,183.2,https://moovitapp.com/index/pt-br/transporte_p%C3%BAblico-line-183_2-Brasilia-1702-851941-242920-0,-1.0,-15.879715,-47.816498,,,,1,2023-06-16T23:01:44+00:00
BRA_226238,Brasília,5300108,,UTB,2302,https://moovitapp.com/index/pt-br/transporte_p%C3%BAblico-line-2302-Brasilia-1702-854427-744298-0,-1.0,-15.839289,-47.930672,,,,2,2023-06-16T23:02:18+00:00
BRA_228061,Brasília,5300108,,Pioneira,0.181,https://moovitapp.com/index/pt-br/transporte_p%C3%BAblico-line-0_181-Brasilia-1702-851941-242838-0,-1.0,-15.758904,-47.779476,,,,2,2023-06-16T23:01:56+00:00
BRA_228001,Brasília,5300108,,Pioneira,2307,https://moovitapp.com/index/pt-br/transporte_p%C3%BAblico-line-2307-Brasilia-1702-851941-18556638-0,-1.0,-15.820228,-47.949605,,,,2,2023-06-16T21:51:04+00:00
BRA_223719,Brasília,5300108,,Pioneira,2206,https://moovitapp.com/index/pt-br/transporte_p%C3%BAblico-line-2206-Brasilia-1702-851941-18556637-0,-1.0,-15.992675,-48.050583,,,,2,2023-06-16T23:01:24+00:00
BRA_228311,Brasília,5300108,,Pioneira,0.225,https://moovitapp.com/index/pt-br/transporte_p%C3%BAblico-line-0_225-Brasilia-1702-851941-510253-0,-1.0,-16.030206,-48.056222,,,,1,2023-06-16T23:02:10+00:00
BRA_230073,Brasília,5300108,,Taguatur,3302,https://moovitapp.com/index/pt-br/transporte_p%C3%BAblico-line-3302-Brasilia-1702-854428-3135322-0,-1.0,-16.002944,-47.986697,,,,1,2023-06-16T23:02:04+00:00
BRA_232581,Brasília,5300108,,Pioneira,2307,https://moovitapp.com/index/pt-br/transporte_p%C3%BAblico-line-2307-Brasilia-1702-851941-18556638-0,-1.0,-15.967051,-47.991866,,,,2,2023-06-16T23:01:24+00:00
BRA_226271,Brasília,5300108,,Pioneira,2205,https://moovitapp.com/index/pt-br/transporte_p%C3%BAblico-line-2205-Brasilia-1702-851941-393568-0,-1.0,-15.997734,-48.058772,,,,1,2023-06-16T23:02:00+00:00
BRA_227790,Brasília,5300108,,,3207,,,-16.009197,-48.071252,,,,1,2023-06-16T23:01:24+00:00
BRA_229946,Brasília,5300108,,Pioneira,073.1,https://moovitapp.com/index/pt-br/transporte_p%C3%BAblico-line-073_1-Brasilia-1702-851941-775123-0,-1.0,-15.832419,-47.946617,,,,1,2023-06-16T23:01:44+00:00
BRA_230219,Brasília,5300108,,Taguatur,3303,https://moovitapp.com/index/pt-br/transporte_p%C3%BAblico-line-3303-Brasilia-1702-854428-2224148-0,-1.0,-16.028461,-48.022748,,,,1,2023-06-16T23:01:38+00:00
BRA_228907,Brasília,5300108,,Pioneira,0.253,https://moovitapp.com/index/pt-br/transporte_p%C3%BAblico-line-0_253-Brasilia-1702-851941-510254-0,-1.0,-15.812502,-48.084159,,,,2,2023-06-16T23:02:36+00:00
BRA_228991,Brasília,5300108,,Pioneira,3317,https://moovitapp.com/index/pt-br/transporte_p%C3%BAblico-line-3317-Brasilia-1702-851941-62597813-0,-1.0,-16.023845,-48.031859,,,,1,2023-06-16T23:02:26+00:00
BRA_232301,Brasília,5300108,,Pioneira,073.1,https://moovitapp.com/index/pt-br/transporte_p%C3%BAblico-line-073_1-Brasilia-1702-851941-775123-0,-1.0,-15.854185,-47.913633,,,,1,2023-06-16T23:02:02+00:00
BRA_229369,Brasília,5300108,,Pioneira,2306,https://moovitapp.com/index/pt-br/transporte_p%C3%BAblico-line-2306-Brasilia-1702-851941-18556641-0,-1.0,-15.965947,-47.991866,,,,1,2023-06-16T23:02:02+00:00
BRA_226670,Brasília,5300108,,Pioneira,0.765,https://moovitapp.com/index/pt-br/transporte_p%C3%BAblico-line-0_765-Brasilia-1702-851941-576190-0,-1.0,-15.782129,-47.776615,,,,1,2023-06-16T23:02:40+00:00
BRA_226122,Brasília,5300108,,,2201,,,-15.861746,-47.938021,,,,2,2023-06-16T23:02:04+00:00
BRA_228206,Brasília,5300108,,Pioneira,3212,https://moovitapp.com/index/pt-br/transporte_p%C3%BAblico-line-3212-Brasilia-1702-851941-52014256-0,-1.0,-15.993756,-48.07714,,,,1,2023-06-16T23:00:30+00:00
BRA_227561,Brasília,5300108,,Taguatur,3305,https://moovitapp.com/index/pt-br/transporte_p%C3%BAblico-line-3305-Brasilia-1702-854428-77810673-0,-1.0,-16.017862,-48.056737,,,,1,2023-06-16T23:02:06+00:00
BRA_229245,Brasília,5300108,,Pioneira,0.784,https://moovitapp.com/index/pt-br/transporte_p%C3%BAblico-line-0_784-Brasilia-1702-851941-372405-0,-1.0,-15.762571,-47.785224,,,,1,2023-06-16T23:02:12+00:00
BRA_226904,Brasília,5300108,,Pioneira,0.765,https://moovitapp.com/index/pt-br/transporte_p%C3%BAblico-line-0_765-Brasilia-1702-851941-576190-0,-1.0,-15.794066,-47.881786,,,,1,2023-06-16T23:01:38+00:00
BRA_228010,Brasília,5300108,,Marechal,206.1,https://moovitapp.com/index/pt-br/transporte_p%C3%BAblico-line-206_1-Brasilia-1702-851940-137149861-0,-1.0,-15.87886,-48.053349,,,,2,2023-06-16T23:01:32+00:00
BRA_228346,Brasília,5300108,,Pioneira,0.255,https://moovitapp.com/index/pt-br/transporte_p%C3%BAblico-line-0_255-Brasilia-1702-851941-706978-0,-1.0,-15.904924,-48.053355,,,,2,2023-06-16T23:02:08+00:00
BRA_231479,Brasília,5300108,,Pioneira,0.011,https://moovitapp.com/index/pt-br/transporte_p%C3%BAblico-line-0_011-Brasilia-1702-851941-775117-0,-1.0,-15.838175,-47.923691,,,,1,2023-06-16T22:48:12+00:00
BRA_231401,Brasília,5300108,,Pioneira,183.8,https://moovitapp.com/index/pt-br/transporte_p%C3%BAblico-line-183_8-Brasilia-1702-851941-719958-0,-1.0,-15.915105,-47.760371,,,,1,2023-06-16T23:01:30+00:00
BRA_228338,Brasília,5300108,,Pioneira,180.2,https://moovitapp.com/index/pt-br/transporte_p%C3%BAblico-line-180_2-Brasilia-1702-851941-514539-0,-1.0,-15.844666,-47.818615,,,,2,2023-06-16T23:01:24+00:00
BRA_225525,Brasília,5300108,,Taguatur,2301,https://moovitapp.com/index/pt-br/transporte_p%C3%BAblico-line-2301-Brasilia-1702-854428-81537943-0,-1.0,-16.008144,-48.004406,,,,1,2023-06-16T23:01:46+00:00
BRA_232041,Brasília,5300108,,Pioneira,0.180,https://moovitapp.com/index/pt-br/transporte_p%C3%BAblico-line-0_180-Brasilia-1702-851941-496588-0,-1.0,-15.869959,-47.782903,,,,2,2023-06-16T23:02:00+00:00
BRA_229105,Brasília,5300108,,Pioneira,3316,https://moovitapp.com/index/pt-br/transporte_p%C3%BAblico-line-3316-Brasilia-1702-851941-59965195-0,-1.0,-16.00199,-47.985909,,,,1,2023-06-16T23:02:12+00:00
BRA_230154,Brasília,5300108,,Pioneira,251.8,https://moovitapp.com/index/pt-br/transporte_p%C3%BAblico-line-251_8-Brasilia-1702-851941-708654-0,-1.0,-16.003713,-47.987269,,,,1,2023-06-16T23:01:48+00:00
BRA_231924,Brasília,5300108,,Pioneira,180.1,https://moovitapp.com/index/pt-br/transporte_p%C3%BAblico-line-180_1-Brasilia-1702-851941-339336-0,-1.0,-15.911325,-47.759176,,,,2,2023-06-16T23:01:46+00:00
BRA_223948,Brasília,5300108,,Pioneira,2307,https://moovitapp.com/index/pt-br/transporte_p%C3%BAblico-line-2307-Brasilia-1702-851941-18556638-0,-1.0,-16.002149,-47.98643,,,,2,2023-06-16T23:01:28+00:00
BRA_226742,Brasília,5300108,,Pioneira,0.781,https://moovitapp.com/index/pt-br/transporte_p%C3%BAblico-line-0_781-Brasilia-1702-851941-242889-0,-1.0,-15.742577,-47.76889,,,,1,2023-06-16T22:29:44+00:00
BRA_229458,Brasília,5300108,,Pioneira,181.2,https://moovitapp.com/index/pt-br/transporte_p%C3%BAblico-line-181_2-Brasilia-1702-851941-339338-0,-1.0,-15.900613,-47.779069,,,,1,2023-06-16T23:01:50+00:00
BRA_227668,Brasília,5300108,,Pioneira,0.181,https://moovitapp.com/index/pt-br/transporte_p%C3%BAblico-line-0_181-Brasilia-1702-851941-242838-0,-1.0,-15.902732,-47.771459,,,,2,2023-06-16T23:01:56+00:00
BRA_229806,Brasília,5300108,,Pioneira,147.2,https://moovitapp.com/index/pt-br/transporte_p%C3%BAblico-line-147_2-Brasilia-1702-851941-519403-0,-1.0,-15.855374,-47.817699,,,,2,2023-06-16T23:01:18+00:00
BRA_228923,Brasília,5300108,,Pioneira,073.2,https://moovitapp.com/index/pt-br/transporte_p%C3%BAblico-line-073_2-Brasilia-1702-851941-775124-0,-1.0,-15.830135,-47.874481,,,,1,2023-06-16T23:02:40+00:00
BRA_232122,Brasília,5300108,,Pioneira,180.1,https://moovitapp.com/index/pt-br/transporte_p%C3%BAblico-line-180_1-Brasilia-1702-851941-339336-0,-1.0,-15.843261,-47.820427,,,,2,2023-06-16T23:01:42+00:00
BRA_228478,Brasília,5300108,,,3207,,,-16.003802,-48.059541,,,,1,2023-06-16T23:01:34+00:00
BRA_226173,Brasília,5300108,,UTB,2302,https://moovitapp.com/index/pt-br/transporte_p%C3%BAblico-line-2302-Brasilia-1702-854427-744298-0,-1.0,-15.806133,-47.888411,,,,1,2023-06-16T23:01:38+00:00
BRA_226548,Brasília,5300108,,Pioneira,100.6,https://moovitapp.com/index/pt-br/transporte_p%C3%BAblico-line-100_6-Brasilia-1702-851941-767605-0,-1.0,-15.793885,-47.887159,,,,2,2023-06-16T23:01:30+00:00
BRA_228974,Brasília,5300108,,Pioneira,020.2,https://moovitapp.com/index/pt-br/transporte_p%C3%BAblico-line-020_2-Brasilia-1702-851941-708653-0,-1.0,-16.024859,-48.029678,,,,1,2023-06-16T23:01:28+00:00
BRA_226203,Brasília,5300108,,Taguatur,2301,https://moovitapp.com/index/pt-br/transporte_p%C3%BAblico-line-2301-Brasilia-1702-854428-81537943-0,-1.0,-16.023397,-48.028687,,,,1,2023-06-16T23:02:24+00:00
BRA_231681,Brasília,5300108,,Pioneira,0.759,https://moovitapp.com/index/pt-br/transporte_p%C3%BAblico-line-0_759-Brasilia-1702-851941-775121-0,-1.0,-15.757341,-47.81138,,,,2,2023-06-16T23:01:30+00:00
BRA_228818,Brasília,5300108,,Pioneira,764.2,https://moovitapp.com/index/pt-br/transporte_p%C3%BAblico-line-764_2-Brasilia-1702-851941-527246-0,-1.0,-15.80372,-47.851727,,,,1,2023-06-16T23:01:22+00:00
BRA_232131,Brasília,5300108,,Pioneira,205.1,https://moovitapp.com/index/pt-br/transporte_p%C3%BAblico-line-205_1-Brasilia-1702-851941-393571-0,-1.0,-15.8753,-48.034205,,,,1,2023-06-16T23:01:38+00:00
BRA_223603,Brasília,5300108,,Pioneira,2307,https://moovitapp.com/index/pt-br/transporte_p%C3%BAblico-line-2307-Brasilia-1702-851941-18556638-0,-1.0,-15.785767,-47.901896,,,,1,2023-06-16T23:02:08+00:00
BRA_228354,Brasília,5300108,,Pioneira,0.258,https://moovitapp.com/index/pt-br/transporte_p%C3%BAblico-line-0_258-Brasilia-1702-851941-242863-0,-1.0,-15.826346,-48.079231,,,,2,2023-06-16T23:03:02+00:00
BRA_232572,Brasília,5300108,,Pioneira,2306,https://moovitapp.com/index/pt-br/transporte_p%C3%BAblico-line-2306-Brasilia-1702-851941-18556641-0,-1.0,-15.831739,-47.921332,,,,2,2023-06-16T23:02:24+00:00
BRA_227757,Brasília,5300108,,Pioneira,0.784,https://moovitapp.com/index/pt-br/transporte_p%C3%BAblico-line-0_784-Brasilia-1702-851941-372405-0,-1.0,-15.760341,-47.781015,,,,1,2023-06-16T23:01:56+00:00
BRA_228826,Brasília,5300108,,Pioneira,147.3,https://moovitapp.com/index/pt-br/transporte_p%C3%BAblico-line-147_3-Brasilia-1702-851941-574203-0,-1.0,-15.80838,-47.882721,,,,2,2023-06-16T22:25:58+00:00
BRA_229318,Brasília,5300108,,Pioneira,100.2,https://moovitapp.com/index/pt-br/transporte_p%C3%BAblico-line-100_2-Brasilia-1702-851941-620160-0,-1.0,-15.856487,-47.860538,,,,2,2023-06-16T23:01:38+00:00
BRA_226921,Brasília,5300108,,Pioneira,101.8,https://moovitapp.com/index/pt-br/transporte_p%C3%BAblico-line-101_8-Brasilia-1702-851941-663231-0,-1.0,-15.782197,-47.806859,,,,2,2023-06-16T23:00:38+00:00
BRA_230197,Brasília,5300108,,Taguatur,3303,https://moovitapp.com/index/pt-br/transporte_p%C3%BAblico-line-3303-Brasilia-1702-854428-2224148-0,-1.0,-16.048885,-48.028305,,,,1,2023-06-16T23:01:44+00:00
BRA_226246,Brasília,5300108,,,2201,,,-15.962847,-48.017128,,,,2,2023-06-16T23:01:58+00:00
BRA_226564,Brasília,5300108,,Pioneira,0.764,https://moovitapp.com/index/pt-br/transporte_p%C3%BAblico-line-0_764-Brasilia-1702-851941-516641-0,-1.0,-15.751432,-47.778643,,,,2,2023-06-16T23:02:12+00:00
BRA_232548,Brasília,5300108,,Pioneira,2306,https://moovitapp.com/index/pt-br/transporte_p%C3%BAblico-line-2306-Brasilia-1702-851941-18556641-0,-1.0,-15.824393,-47.910791,,,,1,2023-06-16T23:02:24+00:00
BRA_232416,Brasília,5300108,,Pioneira,3312,https://moovitapp.com/index/pt-br/transporte_p%C3%BAblico-line-3312-Brasilia-1702-851941-616181-0,-1.0,-16.042095,-48.025654,,,,1,2023-06-16T23:02:54+00:00
BRA_226751,Brasília,5300108,,Pioneira,764.2,https://moovitapp.com/index/pt-br/transporte_p%C3%BAblico-line-764_2-Brasilia-1702-851941-527246-0,-1.0,-15.747964,-47.767968,,,,1,2023-06-16T23:01:14+00:00
BRA_223808,Brasília,5300108,,Pioneira,2309,https://moovitapp.com/index/pt-br/transporte_p%C3%BAblico-line-2309-Brasilia-1702-851941-57764376-0,-1.0,-15.831973,-47.952504,,,,2,2023-06-16T22:56:12+00:00
BRA_228150,Brasília,5300108,,Pioneira,183.6,https://moovitapp.com/index/pt-br/transporte_p%C3%BAblico-line-183_6-Brasilia-1702-851941-242921-0,-1.0,-15.897535,-47.788848,,,,1,2023-06-16T23:02:04+00:00
BRA_229415,Brasília,5300108,,Pioneira,0.253,https://moovitapp.com/index/pt-br/transporte_p%C3%BAblico-line-0_253-Brasilia-1702-851941-510254-0,-1.0,-16.027072,-48.031617,,,,2,2023-06-16T23:01:38+00:00
BRA_229156,Brasília,5300108,,Pioneira,0.255,https://moovitapp.com/index/pt-br/transporte_p%C3%BAblico-line-0_255-Brasilia-1702-851941-706978-0,-1.0,-15.812895,-48.067724,,,,1,2023-06-16T23:01:18+00:00
BRA_227226,Brasília,5300108,,Pioneira,170.4,https://moovitapp.com/index/pt-br/transporte_p%C3%BAblico-line-170_4-Brasilia-1702-851941-379787-0,-1.0,-15.913253,-47.757529,,,,1,2023-06-16T23:01:16+00:00
BRA_229776,Brasília,5300108,,Pioneira,147.5,https://moovitapp.com/index/pt-br/transporte_p%C3%BAblico-line-147_5-Brasilia-1702-851941-519406-0,-1.0,-15.88493,-47.817382,,,,2,2023-06-16T22:09:34+00:00
BRA_226858,Brasília,5300108,,Pioneira,0.101,https://moovitapp.com/index/pt-br/transporte_p%C3%BAblico-line-0_101-Brasilia-1702-851941-587082-0,-1.0,-15.736248,-47.765076,,,,1,2023-06-16T23:02:50+00:00
BRA_231550,Brasília,5300108,,Pioneira,0.030,https://moovitapp.com/index/pt-br/transporte_p%C3%BAblico-line-0_030-Brasilia-1702-851941-775118-0,-1.0,-15.779111,-47.874023,,,,1,2023-06-16T23:01:30+00:00
BRA_231436,Brasília,5300108,,Pioneira,183.0,https://moovitapp.com/index/pt-br/transporte_p%C3%BAblico-line-183_0-Brasilia-1702-851941-26502248-0,-1.0,-15.91351,-47.757421,,,,1,2023-06-16T23:02:14+00:00
BRA_231622,Brasília,5300108,,Pioneira,0.761,https://moovitapp.com/index/pt-br/transporte_p%C3%BAblico-line-0_761-Brasilia-1702-851941-605389-0,-1.0,-15.75946,-47.780589,,,,1,2023-06-16T23:01:20+00:00
BRA_228575,Brasília,5300108,,Pioneira,0.255,https://moovitapp.com/index/pt-br/transporte_p%C3%BAblico-line-0_255-Brasilia-1702-851941-706978-0,-1.0,-16.015341,-48.015106,,,,1,2023-06-14T10:14:20+00:00
BRA_229709,Brasília,5300108,,Pioneira,147.5,https://moovitapp.com/index/pt-br/transporte_p%C3%BAblico-line-147_5-Brasilia-1702-851941-519406-0,-1.0,-15.761253,-47.891622,,,,1,2023-06-16T23:02:10+00:00
BRA_228095,Brasília,5300108,,Pioneira,0.147,https://moovitapp.com/index/pt-br/transporte_p%C3%BAblico-line-0_147-Brasilia-1702-851941-519401-0,-1.0,-15.856706,-47.836531,,,,2,2023-06-16T22:15:36+00:00
BRA_232211,Brasília,5300108,,Pioneira,205.1,https://moovitapp.com/index/pt-br/transporte_p%C3%BAblico-line-205_1-Brasilia-1702-851941-393571-0,-1.0,-15.808051,-48.083987,,,,1,2023-06-16T23:02:26+00:00
BRA_223930,Brasília,5300108,,Pioneira,2306,https://moovitapp.com/index/pt-br/transporte_p%C3%BAblico-line-2306-Brasilia-1702-851941-18556641-0,-1.0,-15.771138,-47.888723,,,,1,2023-06-16T23:02:22+00:00
BRA_223930,Brasília,5300108,,Pioneira,2306,https://moovitapp.com/index/pt-br/transporte_p%C3%BAblico-line-2306-Brasilia-1702-851941-18556641-0,-1.0,-15.795288,-47.883077,,,,1,2023-06-16T20:31:08+00:00
BRA_223930,Brasília,5300108,,Pioneira,2207,https://moovitapp.com/index/pt-br/transporte_p%C3%BAblico-line-2207-Brasilia-1702-851941-422078-0,-1.0,-15.763694,-47.890859,,,,1,2023-06-14T12:55:10+00:00
BRA_229504,Brasília,5300108,,Pioneira,0.780,https://moovitapp.com/index/pt-br/transporte_p%C3%BAblico-line-0_780-Brasilia-1702-851941-514537-0,-1.0,-15.796309,-47.87855,,,,2,2023-06-14T19:24:22+00:00
BRA_226572,Brasília,5300108,,Urbi,0.129,https://moovitapp.com/index/pt-br/transporte_p%C3%BAblico-line-0_129-Brasilia-1702-851595-775097-0,-1.0,-15.801792,-47.787926,,,,2,2023-06-16T23:02:10+00:00
BRA_226831,Brasília,5300108,,Urbi,0.129,https://moovitapp.com/index/pt-br/transporte_p%C3%BAblico-line-0_129-Brasilia-1702-851595-775097-0,-1.0,-15.871798,-47.958017,,,,1,2023-06-15T19:41:04+00:00
BRA_226831,Brasília,5300108,,Urbi,0.129,https://moovitapp.com/index/pt-br/transporte_p%C3%BAblico-line-0_129-Brasilia-1702-851595-775097-0,-1.0,-15.86555,-47.963332,,,,1,2023-06-16T23:01:52+00:00
BRA_228842,Brasília,5300108,,Pioneira,147.5,https://moovitapp.com/index/pt-br/transporte_p%C3%BAblico-line-147_5-Brasilia-1702-851941-519406-0,-1.0,-15.794373,-47.88494,,,,2,2023-06-16T23:01:40+00:00
BRA_231371,Brasília,5300108,,Pioneira,3209,https://moovitapp.com/index/pt-br/transporte_p%C3%BAblico-line-3209-Brasilia-1702-851941-705116-0,-1.0,-16.020844,-48.056852,,,,1,2023-06-16T23:02:10+00:00
BRA_232637,Brasília,5300108,,Pioneira,2206,https://moovitapp.com/index/pt-br/transporte_p%C3%BAblico-line-2206-Brasilia-1702-851941-18556637-0,-1.0,-15.96053,-48.014331,,,,1,2023-06-16T23:02:18+00:00
BRA_228427,Brasília,5300108,,Taguatur,3305,https://moovitapp.com/index/pt-br/transporte_p%C3%BAblico-line-3305-Brasilia-1702-854428-77810673-0,-1.0,-16.049219,-47.976798,,,,1,2023-06-16T23:01:26+00:00
BRA_227811,Brasília,5300108,,Pioneira,180.1,https://moovitapp.com/index/pt-br/transporte_p%C3%BAblico-line-180_1-Brasilia-1702-851941-339336-0,-1.0,-15.906343,-47.771434,,,,1,2023-06-16T23:02:26+00:00
BRA_232092,Brasília,5300108,,Pioneira,181.2,https://moovitapp.com/index/pt-br/transporte_p%C3%BAblico-line-181_2-Brasilia-1702-851941-339338-0,-1.0,-15.830282,-47.877031,,,,1,2023-06-16T22:12:22+00:00
BRA_226033,Brasília,5300108,,UTB,2303,https://moovitapp.com/index/pt-br/transporte_p%C3%BAblico-line-2303-Brasilia-1702-854427-744299-0,-1.0,-15.866038,-47.942561,,,,1,2023-06-16T23:01:08+00:00
BRA_229130,Brasília,5300108,,Pioneira,0.102,https://moovitapp.com/index/pt-br/transporte_p%C3%BAblico-line-0_102-Brasilia-1702-851941-775119-0,-1.0,-15.850007,-47.909545,,,,1,2023-06-16T23:01:44+00:00
BRA_229750,Brasília,5300108,,Pioneira,780.1,https://moovitapp.com/index/pt-br/transporte_p%C3%BAblico-line-780_1-Brasilia-1702-851941-531040-0,-1.0,-15.757799,-47.746333,,,,1,2023-06-16T23:01:36+00:00
BRA_228362,Brasília,5300108,,Pioneira,0.275,https://moovitapp.com/index/pt-br/transporte_p%C3%BAblico-line-0_275-Brasilia-1702-851941-706979-0,-1.0,-15.823571,-48.063966,,,,1,2023-06-16T23:02:12+00:00
BRA_226378,Brasília,5300108,,Pioneira,2205,https://moovitapp.com/index/pt-br/transporte_p%C3%BAblico-line-2205-Brasilia-1702-851941-393568-0,-1.0,-15.814145,-47.908667,,,,2,2023-06-16T23:01:34+00:00
BRA_227684,Brasília,5300108,,,2202,,,-15.989965,-48.047245,,,,1,2023-06-16T23:01:30+00:00
BRA_228460,Brasília,5300108,,Pioneira,147.6,https://moovitapp.com/index/pt-br/transporte_p%C3%BAblico-line-147_6-Brasilia-1702-851941-516646-0,-1.0,-15.846553,-47.855338,,,,1,2023-06-16T23:01:50+00:00
BRA_223751,Brasília,5300108,,Pioneira,2306,https://moovitapp.com/index/pt-br/transporte_p%C3%BAblico-line-2306-Brasilia-1702-851941-18556641-0,-1.0,-15.999737,-47.98477,,,,2,2023-06-16T23:01:56+00:00
BRA_227994,Brasília,5300108,,Pioneira,180.0,https://moovitapp.com/index/pt-br/transporte_p%C3%BAblico-line-180_0-Brasilia-1702-851941-77097780-0,-1.0,-15.906421,-47.770874,,,,1,2023-06-16T23:01:28+00:00
BRA_228087,Brasília,5300108,,UTB,2302,https://moovitapp.com/index/pt-br/transporte_p%C3%BAblico-line-2302-Brasilia-1702-854427-744298-0,-1.0,-15.972768,-47.990664,,,,1,2023-06-16T23:02:36+00:00
BRA_227048,Brasília,5300108,,,2202,,,-15.844035,-47.931371,,,,1,2023-06-16T23:02:02+00:00
BRA_230006,Brasília,5300108,,,3204,,,-15.992268,-48.049941,,,,1,2023-06-16T23:02:12+00:00
BRA_232271,Brasília,5300108,,Pioneira,205.1,https://moovitapp.com/index/pt-br/transporte_p%C3%BAblico-line-205_1-Brasilia-1702-851941-393571-0,-1.0,-15.80747,-48.091763,,,,2,2023-06-16T23:02:34+00:00
BRA_226351,Brasília,5300108,,,2201,,,-16.006173,-48.058104,,,,1,2023-06-16T23:02:22+00:00
BRA_229431,Brasília,5300108,,Pioneira,0.253,https://moovitapp.com/index/pt-br/transporte_p%C3%BAblico-line-0_253-Brasilia-1702-851941-510254-0,-1.0,-15.818849,-48.107797,,,,1,2023-06-16T23:02:56+00:00
BRA_226106,Brasília,5300108,,UTB,2302,https://moovitapp.com/index/pt-br/transporte_p%C3%BAblico-line-2302-Brasilia-1702-854427-744298-0,-1.0,-16.024459,-48.032578,,,,2,2023-06-16T23:02:34+00:00
BRA_228273,Brasília,5300108,,Pioneira,197.3,https://moovitapp.com/index/pt-br/transporte_p%C3%BAblico-line-197_3-Brasilia-1702-851941-519409-0,-1.0,-15.86044,-47.828126,,,,1,2023-06-16T23:02:26+00:00
BRA_231673,Brasília,5300108,,Pioneira,760.1,https://moovitapp.com/index/pt-br/transporte_p%C3%BAblico-line-760_1-Brasilia-1702-851941-576193-0,-1.0,-15.747015,-47.765464,,,,2,2023-06-16T23:02:12+00:00
BRA_226700,Brasília,5300108,,Pioneira,163.1,https://moovitapp.com/index/pt-br/transporte_p%C3%BAblico-line-163_1-Brasilia-1702-851941-242911-0,-1.0,-15.8448,-47.94106,,,,2,2023-06-16T00:12:20+00:00
BRA_229661,Brasília,5300108,,Pioneira,100.3,https://moovitapp.com/index/pt-br/transporte_p%C3%BAblico-line-100_3-Brasilia-1702-851941-419631-0,-1.0,-15.756931,-47.773443,,,,1,2023-06-16T23:01:54+00:00
BRA_229504,Brasília,5300108,,Pioneira,0.761,https://moovitapp.com/index/pt-br/transporte_p%C3%BAblico-line-0_761-Brasilia-1702-851941-605389-0,-1.0,-15.816072,-47.837218,,,,1,2023-06-16T23:02:34+00:00
BRA_232157,Brasília,5300108,,Pioneira,205.1,https://moovitapp.com/index/pt-br/transporte_p%C3%BAblico-line-205_1-Brasilia-1702-851941-393571-0,-1.0,-15.995847,-48.054563,,,,1,2023-06-16T23:02:24+00:00
BRA_229504,Brasília,5300108,,Pioneira,0.780,https://moovitapp.com/index/pt-br/transporte_p%C3%BAblico-line-0_780-Brasilia-1702-851941-514537-0,-1.0,-15.752327,-47.763899,,,,1,2023-06-15T20:32:26+00:00
BRA_227340,Brasília,5300108,,Pioneira,180.0,https://moovitapp.com/index/pt-br/transporte_p%C3%BAblico-line-180_0-Brasilia-1702-851941-77097780-0,-1.0,-15.891577,-47.808169,,,,2,2023-06-16T23:01:26+00:00
BRA_232424,Brasília,5300108,,Taguatur,3306,https://moovitapp.com/index/pt-br/transporte_p%C3%BAblico-line-3306-Brasilia-1702-854428-755287-0,-1.0,-16.028966,-47.987784,,,,1,2023-06-16T23:01:58+00:00
BRA_228354,Brasília,5300108,,Pioneira,0.253,https://moovitapp.com/index/pt-br/transporte_p%C3%BAblico-line-0_253-Brasilia-1702-851941-510254-0,-1.0,-16.044734,-48.029316,,,,1,2023-06-16T21:49:36+00:00
BRA_225606,Brasília,5300108,,Taguatur,2301,https://moovitapp.com/index/pt-br/transporte_p%C3%BAblico-line-2301-Brasilia-1702-854428-81537943-0,-1.0,-15.793951,-47.882645,,,,2,2023-06-16T18:39:34+00:00
BRA_229580,Brasília,5300108,,,3202,,,-16.013434,-48.047105,,,,1,2023-06-16T23:02:22+00:00
BRA_226769,Brasília,5300108,,Pioneira,100.8,https://moovitapp.com/index/pt-br/transporte_p%C3%BAblico-line-100_8-Brasilia-1702-851941-576191-0,-1.0,-15.763426,-47.780315,,,,2,2023-06-16T23:02:14+00:00
BRA_232343,Brasília,5300108,,Pioneira,0.255,https://moovitapp.com/index/pt-br/transporte_p%C3%BAblico-line-0_255-Brasilia-1702-851941-706978-0,-1.0,-16.029427,-48.032914,,,,2,2023-06-16T23:02:50+00:00
BRA_228184,Brasília,5300108,,,3204,,,-16.025059,-48.057774,,,,1,2023-06-16T23:01:56+00:00
BRA_232173,Brasília,5300108,,Pioneira,124.6,https://moovitapp.com/index/pt-br/transporte_p%C3%BAblico-line-124_6-Brasilia-1702-851941-425282-0,-1.0,-15.798012,-47.945142,,,,1,2023-06-16T23:02:20+00:00
BRA_228117,Brasília,5300108,,,3207,,,-15.991658,-48.049152,,,,1,2023-06-16T23:02:18+00:00
BRA_229695,Brasília,5300108,,Urbi,0.129,https://moovitapp.com/index/pt-br/transporte_p%C3%BAblico-line-0_129-Brasilia-1702-851595-775097-0,-1.0,-15.751667,-47.77912,,,,1,2023-06-16T21:48:42+00:00
BRA_226866,Brasília,5300108,,Pioneira,183.6,https://moovitapp.com/index/pt-br/transporte_p%C3%BAblico-line-183_6-Brasilia-1702-851941-242921-0,-1.0,-15.89169,-47.807285,,,,1,2023-06-16T23:02:14+00:00
BRA_227978,Brasília,5300108,,Pioneira,147.6,https://moovitapp.com/index/pt-br/transporte_p%C3%BAblico-line-147_6-Brasilia-1702-851941-516646-0,-1.0,-15.898406,-47.78235,,,,2,2023-06-16T23:01:56+00:00
BRA_227706,Brasília,5300108,,Pioneira,147.2,https://moovitapp.com/index/pt-br/transporte_p%C3%BAblico-line-147_2-Brasilia-1702-851941-519403-0,-1.0,-15.843681,-47.819772,,,,2,2023-06-16T23:02:10+00:00
BRA_226319,Brasília,5300108,,,2201,,,-15.999147,-48.057462,,,,1,2023-06-16T23:01:46+00:00
BRA_226289,Brasília,5300108,,UTB,2303,https://moovitapp.com/index/pt-br/transporte_p%C3%BAblico-line-2303-Brasilia-1702-854427-744299-0,-1.0,-16.002054,-47.987225,,,,1,2023-06-16T23:02:18+00:00
BRA_228711,Brasília,5300108,,Pioneira,0.253,https://moovitapp.com/index/pt-br/transporte_p%C3%BAblico-line-0_253-Brasilia-1702-851941-510254-0,-1.0,-15.925876,-48.046539,,,,2,2023-06-16T22:56:42+00:00
BRA_227251,Brasília,5300108,,Pioneira,147.5,https://moovitapp.com/index/pt-br/transporte_p%C3%BAblico-line-147_5-Brasilia-1702-851941-519406-0,-1.0,-15.881707,-47.822945,,,,2,2023-06-16T23:02:12+00:00
BRA_225592,Brasília,5300108,,Taguatur,2301,https://moovitapp.com/index/pt-br/transporte_p%C3%BAblico-line-2301-Brasilia-1702-854428-81537943-0,-1.0,-15.887616,-47.960878,,,,2,2023-06-16T23:02:26+00:00
BRA_227943,Brasília,5300108,,Pioneira,147.2,https://moovitapp.com/index/pt-br/transporte_p%C3%BAblico-line-147_2-Brasilia-1702-851941-519403-0,-1.0,-15.912298,-47.758705,,,,2,2023-06-16T23:01:22+00:00
BRA_229334,Brasília,5300108,,Pioneira,147.4,https://moovitapp.com/index/pt-br/transporte_p%C3%BAblico-line-147_4-Brasilia-1702-851941-574204-0,-1.0,-15.889939,-47.801182,,,,2,2023-06-16T23:01:30+00:00
BRA_223671,Brasília,5300108,,,2203,,,-15.999583,-48.056807,,,,1,2023-06-16T23:02:06+00:00
BRA_226726,Brasília,5300108,,Pioneira,2208,https://moovitapp.com/index/pt-br/transporte_p%C3%BAblico-line-2208-Brasilia-1702-851941-18556642-0,-1.0,-15.804226,-47.923284,,,,1,2023-06-16T23:02:02+00:00
BRA_231975,Brasília,5300108,,Pioneira,190.3,https://moovitapp.com/index/pt-br/transporte_p%C3%BAblico-line-190_3-Brasilia-1702-851941-82190390-0,-1.0,-15.949248,-47.692215,,,,1,2023-06-16T23:00:30+00:00
BRA_232408,Brasília,5300108,,Pioneira,020.2,https://moovitapp.com/index/pt-br/transporte_p%C3%BAblico-line-020_2-Brasilia-1702-851941-708653-0,-1.0,-16.044874,-48.041688,,,,1,2023-06-16T23:02:12+00:00
BRA_232238,Brasília,5300108,,Pioneira,205.1,https://moovitapp.com/index/pt-br/transporte_p%C3%BAblico-line-205_1-Brasilia-1702-851941-393571-0,-1.0,-16.037085,-48.056496,,,,2,2023-06-16T23:02:22+00:00
BRA_229679,Brasília,5300108,,Pioneira,190.2,https://moovitapp.com/index/pt-br/transporte_p%C3%BAblico-line-190_2-Brasilia-1702-851941-138553357-0,-1.0,-15.760984,-47.741304,,,,2,2023-06-16T23:02:20+00:00
BRA_231819,Brasília,5300108,,Pioneira,180.0,https://moovitapp.com/index/pt-br/transporte_p%C3%BAblico-line-180_0-Brasilia-1702-851941-77097780-0,-1.0,-15.913297,-47.757084,,,,1,2023-06-16T21:05:20+00:00
BRA_232289,Brasília,5300108,,Pioneira,205.1,https://moovitapp.com/index/pt-br/transporte_p%C3%BAblico-line-205_1-Brasilia-1702-851941-393571-0,-1.0,-15.84672,-48.043589,,,,2,2023-06-16T23:01:58+00:00
BRA_229377,Brasília,5300108,,Pioneira,0.101,https://moovitapp.com/index/pt-br/transporte_p%C3%BAblico-line-0_101-Brasilia-1702-851941-587082-0,-1.0,-15.77127,-47.88871,,,,2,2023-06-16T23:02:26+00:00
BRA_228893,Brasília,5300108,,Pioneira,3307,https://moovitapp.com/index/pt-br/transporte_p%C3%BAblico-line-3307-Brasilia-1702-851941-519400-0,-1.0,-16.002178,-47.986137,,,,1,2023-06-16T23:02:30+00:00
BRA_228451,Brasília,5300108,,Pioneira,100.2,https://moovitapp.com/index/pt-br/transporte_p%C3%BAblico-line-100_2-Brasilia-1702-851941-620160-0,-1.0,-15.810493,-47.884126,,,,1,2023-06-16T23:02:22+00:00
BRA_226661,Brasília,5300108,,Pioneira,759.1,https://moovitapp.com/index/pt-br/transporte_p%C3%BAblico-line-759_1-Brasilia-1702-851941-616183-0,-1.0,-15.765548,-47.780099,,,,1,2023-06-16T23:02:18+00:00
BRA_228931,Brasília,5300108,,Pioneira,0.275,https://moovitapp.com/index/pt-br/transporte_p%C3%BAblico-line-0_275-Brasilia-1702-851941-706979-0,-1.0,-16.01276,-48.007801,,,,2,2023-06-16T23:03:00+00:00
BRA_226785,Brasília,5300108,,Urbi,0.129,https://moovitapp.com/index/pt-br/transporte_p%C3%BAblico-line-0_129-Brasilia-1702-851595-775097-0,-1.0,-15.857808,-47.922941,,,,2,2023-06-15T10:14:04+00:00
BRA_228541,Brasília,5300108,,Pioneira,0.195,https://moovitapp.com/index/pt-br/transporte_p%C3%BAblico-line-0_195-Brasilia-1702-851941-242845-0,-1.0,-15.913343,-47.757643,,,,2,2023-06-16T23:01:52+00:00
BRA_229407,Brasília,5300108,,,3301,,,-16.041787,-48.026391,,,,1,2023-06-16T23:02:12+00:00
BRA_232106,Brasília,5300108,,Pioneira,180.0,https://moovitapp.com/index/pt-br/transporte_p%C3%BAblico-line-180_0-Brasilia-1702-851941-77097780-0,-1.0,-15.850898,-47.816097,,,,2,2023-06-16T23:01:34+00:00
BRA_232505,Brasília,5300108,,Pioneira,3312,https://moovitapp.com/index/pt-br/transporte_p%C3%BAblico-line-3312-Brasilia-1702-851941-616181-0,-1.0,-16.00322,-47.987275,,,,2,2023-06-16T23:01:56+00:00
BRA_228982,Brasília,5300108,,Pioneira,271.3,https://moovitapp.com/index/pt-br/transporte_p%C3%BAblico-line-271_3-Brasilia-1702-851941-669626-0,-1.0,-16.02696,-48.066961,,,,1,2023-06-16T23:01:40+00:00
BRA_226629,Brasília,5300108,,Pioneira,0.765,https://moovitapp.com/index/pt-br/transporte_p%C3%BAblico-line-0_765-Brasilia-1702-851941-576190-0,-1.0,-15.796618,-47.783386,,,,2,2023-06-16T23:02:08+00:00
BRA_226912,Brasília,5300108,,Pioneira,0.759,https://moovitapp.com/index/pt-br/transporte_p%C3%BAblico-line-0_759-Brasilia-1702-851941-775121-0,-1.0,-15.764249,-47.890687,,,,2,2023-06-16T20:31:02+00:00
BRA_231797,Brasília,5300108,,Pioneira,0.765,https://moovitapp.com/index/pt-br/transporte_p%C3%BAblico-line-0_765-Brasilia-1702-851941-576190-0,-1.0,-15.741135,-47.760415,,,,1,2023-06-16T22:43:28+00:00
BRA_225673,Brasília,5300108,,Pioneira,0.764,https://moovitapp.com/index/pt-br/transporte_p%C3%BAblico-line-0_764-Brasilia-1702-851941-516641-0,-1.0,-15.787206,-47.777728,,,,2,2023-06-16T23:02:20+00:00
BRA_227528,Brasília,5300108,,,2202,,,-15.81066,-47.894515,,,,2,2023-06-16T23:01:36+00:00
BRA_232386,Brasília,5300108,,,3301,,,-16.008561,-47.986252,,,,1,2023-06-16T23:01:20+00:00
BRA_231886,Brasília,5300108,,Pioneira,181.2,https://moovitapp.com/index/pt-br/transporte_p%C3%BAblico-line-181_2-Brasilia-1702-851941-339338-0,-1.0,-15.912881,-47.758082,,,,1,2023-06-16T23:01:42+00:00
BRA_226815,Brasília,5300108,,Pioneira,0.126,https://moovitapp.com/index/pt-br/transporte_p%C3%BAblico-line-0_126-Brasilia-1702-851941-7879579-0,-1.0,-15.994482,-47.774988,,,,1,2023-06-16T23:01:58+00:00
BRA_232378,Brasília,5300108,,,3301,,,-16.042191,-48.02608,,,,1,2023-06-16T23:01:38+00:00
BRA_231711,Brasília,5300108,,Pioneira,761.1,https://moovitapp.com/index/pt-br/transporte_p%C3%BAblico-line-761_1-Brasilia-1702-851941-620161-0,-1.0,-15.759686,-47.78076,,,,1,2023-06-16T23:02:34+00:00
BRA_228290,Brasília,5300108,,,3204,,,-16.017843,-48.056394,,,,1,2023-06-16T23:02:16+00:00
BRA_226980,Brasília,5300108,,Urbi,0.129,https://moovitapp.com/index/pt-br/transporte_p%C3%BAblico-line-0_129-Brasilia-1702-851595-775097-0,-1.0,-15.84452,-47.853221,,,,2,2023-06-16T23:01:32+00:00
BRA_228494,Brasília,5300108,,Pioneira,020.2,https://moovitapp.com/index/pt-br/transporte_p%C3%BAblico-line-020_2-Brasilia-1702-851941-708653-0,-1.0,-16.00419,-47.987116,,,,1,2023-06-16T22:51:08+00:00
BRA_228419,Brasília,5300108,,Pioneira,147.5,https://moovitapp.com/index/pt-br/transporte_p%C3%BAblico-line-147_5-Brasilia-1702-851941-519406-0,-1.0,-15.844809,-47.818481,,,,2,2023-06-16T23:01:18+00:00
BRA_228761,Brasília,5300108,,Pioneira,251.8,https://moovitapp.com/index/pt-br/transporte_p%C3%BAblico-line-251_8-Brasilia-1702-851941-708654-0,-1.0,-16.002426,-47.986309,,,,1,2023-06-16T23:01:36+00:00
BRA_232599,Brasília,5300108,,Pioneira,2307,https://moovitapp.com/index/pt-br/transporte_p%C3%BAblico-line-2307-Brasilia-1702-851941-18556638-0,-1.0,-15.807328,-47.930856,,,,2,2023-06-16T23:02:36+00:00
BRA_229725,Brasília,5300108,,Pioneira,100.2,https://moovitapp.com/index/pt-br/transporte_p%C3%BAblico-line-100_2-Brasilia-1702-851941-620160-0,-1.0,-15.799567,-47.876764,,,,2,2023-06-16T23:02:32+00:00
BRA_230022,Brasília,5300108,,,3206,,,-16.033274,-48.063705,,,,1,2023-06-16T23:01:22+00:00
BRA_226165,Brasília,5300108,,Taguatur,2301,https://moovitapp.com/index/pt-br/transporte_p%C3%BAblico-line-2301-Brasilia-1702-854428-81537943-0,-1.0,-15.980722,-47.989113,,,,2,2023-06-16T23:02:38+00:00
BRA_226505,Brasília,5300108,,Pioneira,0.761,https://moovitapp.com/index/pt-br/transporte_p%C3%BAblico-line-0_761-Brasilia-1702-851941-605389-0,-1.0,-15.786913,-47.777683,,,,2,2023-06-16T23:01:46+00:00
BRA_229601,Brasília,5300108,,Pioneira,784.3,https://moovitapp.com/index/pt-br/transporte_p%C3%BAblico-line-784_3-Brasilia-1702-851941-46904557-0,-1.0,-15.74693,-47.782534,,,,1,2023-06-13T16:18:12+00:00
BRA_229474,Brasília,5300108,,Pioneira,147.2,https://moovitapp.com/index/pt-br/transporte_p%C3%BAblico-line-147_2-Brasilia-1702-851941-519403-0,-1.0,-15.912685,-47.756556,,,,1,2023-06-16T23:02:00+00:00
BRA_225657,Brasília,5300108,,,2201,,,-15.888352,-47.960979,,,,2,2023-06-16T23:02:02+00:00
BRA_232360,Brasília,5300108,,Pioneira,251.7,https://moovitapp.com/index/pt-br/transporte_p%C3%BAblico-line-251_7-Brasilia-1702-851941-651524-0,-1.0,-16.011069,-48.009937,,,,1,2023-06-16T23:02:46+00:00
BRA_228257,Brasília,5300108,,Pioneira,0.225,https://moovitapp.com/index/pt-br/transporte_p%C3%BAblico-line-0_225-Brasilia-1702-851941-510253-0,-1.0,-15.79514,-48.125777,,,,1,2023-06-16T23:02:12+00:00
BRA_229113,Brasília,5300108,,Pioneira,020.2,https://moovitapp.com/index/pt-br/transporte_p%C3%BAblico-line-020_2-Brasilia-1702-851941-708653-0,-1.0,-16.001799,-47.985502,,,,1,2023-06-16T23:02:42+00:00
BRA_225738,Brasília,5300108,,Pioneira,0.761,https://moovitapp.com/index/pt-br/transporte_p%C3%BAblico-line-0_761-Brasilia-1702-851941-605389-0,-1.0,-15.759567,-47.780767,,,,2,2023-06-16T23:01:58+00:00
BRA_229717,Brasília,5300108,,Pioneira,0.784,https://moovitapp.com/index/pt-br/transporte_p%C3%BAblico-line-0_784-Brasilia-1702-851941-372405-0,-1.0,-15.775679,-47.779521,,,,1,2023-06-16T23:01:40+00:00
BRA_232351,Brasília,5300108,,,3301,,,-16.014194,-48.006466,,,,1,2023-06-16T23:02:14+00:00
BRA_227803,Brasília,5300108,,Pioneira,147.4,https://moovitapp.com/index/pt-br/transporte_p%C3%BAblico-line-147_4-Brasilia-1702-851941-574204-0,-1.0,-15.913089,-47.756385,,,,2,2023-06-16T23:01:58+00:00
BRA_228753,Brasília,5300108,,Pioneira,0.255,https://moovitapp.com/index/pt-br/transporte_p%C3%BAblico-line-0_255-Brasilia-1702-851941-706978-0,-1.0,-15.866588,-48.032546,,,,1,2023-06-16T23:01:48+00:00
BRA_230090,Brasília,5300108,,Taguatur,3302,https://moovitapp.com/index/pt-br/transporte_p%C3%BAblico-line-3302-Brasilia-1702-854428-3135322-0,-1.0,-16.028121,-48.03205,,,,1,2023-06-16T23:02:28+00:00
BRA_226998,Brasília,5300108,,Pioneira,784.5,https://moovitapp.com/index/pt-br/transporte_p%C3%BAblico-line-784_5-Brasilia-1702-851941-135878781-0,-1.0,-15.746703,-47.764434,,,,1,2023-06-16T23:01:44+00:00
BRA_225975,Brasília,5300108,,,2202,,,-15.991995,-48.050144,,,,2,2023-06-16T23:02:16+00:00
BRA_229903,Brasília,5300108,,Pioneira,160.3,https://moovitapp.com/index/pt-br/transporte_p%C3%BAblico-line-160_3-Brasilia-1702-851941-242910-0,-1.0,-15.795299,-47.883032,,,,1,2023-06-16T23:02:02+00:00
BRA_226394,Brasília,5300108,,,2201,,,-15.816037,-47.898533,,,,2,2023-06-16T23:01:40+00:00
BRA_227102,Brasília,5300108,,Pioneira,180.6,https://moovitapp.com/index/pt-br/transporte_p%C3%BAblico-line-180_6-Brasilia-1702-851941-58708319-0,-1.0,-15.897244,-47.786076,,,,2,2023-06-16T22:39:24+00:00
BRA_226513,Brasília,5300108,,Pioneira,0.762,https://moovitapp.com/index/pt-br/transporte_p%C3%BAblico-line-0_762-Brasilia-1702-851941-576189-0,-1.0,-15.720534,-47.853863,,,,1,2023-06-16T23:02:12+00:00
BRA_229181,Brasília,5300108,,Pioneira,0.255,https://moovitapp.com/index/pt-br/transporte_p%C3%BAblico-line-0_255-Brasilia-1702-851941-706978-0,-1.0,-15.830022,-48.058352,,,,2,2023-06-16T23:01:28+00:00
BRA_227692,Brasília,5300108,,Pioneira,197.3,https://moovitapp.com/index/pt-br/transporte_p%C3%BAblico-line-197_3-Brasilia-1702-851941-519409-0,-1.0,-15.91512,-47.760384,,,,2,2023-06-16T23:02:16+00:00
BRA_229911,Brasília,5300108,,Pioneira,0.225,https://moovitapp.com/index/pt-br/transporte_p%C3%BAblico-line-0_225-Brasilia-1702-851941-510253-0,-1.0,-15.926181,-48.046393,,,,2,2023-06-16T23:01:58+00:00
BRA_227005,Brasília,5300108,,Pioneira,170.4,https://moovitapp.com/index/pt-br/transporte_p%C3%BAblico-line-170_4-Brasilia-1702-851941-379787-0,-1.0,-16.004168,-47.804933,,,,1,2023-06-16T23:02:24+00:00
BRA_229962,Brasília,5300108,,,3204,,,-16.017551,-48.063559,,,,1,2023-06-16T23:02:12+00:00
BRA_227951,Brasília,5300108,,Pioneira,147.5,https://moovitapp.com/index/pt-br/transporte_p%C3%BAblico-line-147_5-Brasilia-1702-851941-519406-0,-1.0,-15.866129,-47.821285,,,,2,2023-06-16T23:01:46+00:00
BRA_223859,Brasília,5300108,,Pioneira,2208,https://moovitapp.com/index/pt-br/transporte_p%C3%BAblico-line-2208-Brasilia-1702-851941-18556642-0,-1.0,-15.818634,-47.950057,,,,2,2023-06-16T23:01:12+00:00
BRA_227579,Brasília,5300108,,Pioneira,183.2,https://moovitapp.com/index/pt-br/transporte_p%C3%BAblico-line-183_2-Brasilia-1702-851941-242920-0,-1.0,-15.870716,-47.766881,,,,1,2023-06-16T23:02:04+00:00
BRA_229288,Brasília,5300108,,Pioneira,2306,https://moovitapp.com/index/pt-br/transporte_p%C3%BAblico-line-2306-Brasilia-1702-851941-18556641-0,-1.0,-15.883032,-47.960153,,,,2,2023-06-16T23:02:26+00:00
BRA_229857,Brasília,5300108,,Pioneira,147.3,https://moovitapp.com/index/pt-br/transporte_p%C3%BAblico-line-147_3-Brasilia-1702-851941-574203-0,-1.0,-15.904984,-47.769647,,,,1,2023-06-16T23:01:16+00:00
BRA_228958,Brasília,5300108,,Pioneira,181.1,https://moovitapp.com/index/pt-br/transporte_p%C3%BAblico-line-181_1-Brasilia-1702-851941-242915-0,-1.0,-15.905827,-47.761515,,,,2,2023-06-16T23:01:26+00:00
BRA_232530,Brasília,5300108,,Pioneira,2307,https://moovitapp.com/index/pt-br/transporte_p%C3%BAblico-line-2307-Brasilia-1702-851941-18556638-0,-1.0,-15.786333,-47.900936,,,,2,2023-06-16T23:01:42+00:00
BRA_227749,Brasília,5300108,,Pioneira,147.2,https://moovitapp.com/index/pt-br/transporte_p%C3%BAblico-line-147_2-Brasilia-1702-851941-519403-0,-1.0,-15.797722,-47.852954,,,,1,2023-06-16T23:02:16+00:00
BRA_226971,Brasília,5300108,,Pioneira,100.8,https://moovitapp.com/index/pt-br/transporte_p%C3%BAblico-line-100_8-Brasilia-1702-851941-576191-0,-1.0,-15.75891,-47.779438,,,,1,2023-06-16T23:02:06+00:00
BRA_226718,Brasília,5300108,,Pioneira,764.2,https://moovitapp.com/index/pt-br/transporte_p%C3%BAblico-line-764_2-Brasilia-1702-851941-527246-0,-1.0,-15.793573,-47.881697,,,,1,2023-06-16T22:56:20+00:00
BRA_232653,Brasília,5300108,,,2202,,,-15.899073,-47.962715,,,,2,2023-06-16T23:01:58+00:00
BRA_223832,Brasília,5300108,,Pioneira,2206,https://moovitapp.com/index/pt-br/transporte_p%C3%BAblico-line-2206-Brasilia-1702-851941-18556637-0,-1.0,-15.764265,-47.890929,,,,2,2023-06-16T23:02:02+00:00
BRA_230081,Brasília,5300108,,Pioneira,251.8,https://moovitapp.com/index/pt-br/transporte_p%C3%BAblico-line-251_8-Brasilia-1702-851941-708654-0,-1.0,-15.998252,-48.059853,,,,1,2023-06-16T23:02:26+00:00
BRA_227919,Brasília,5300108,,,3201,,,-16.008802,-48.05977,,,,1,2023-06-16T23:02:02+00:00
BRA_229628,Brasília,5300108,,Pioneira,0.101,https://moovitapp.com/index/pt-br/transporte_p%C3%BAblico-line-0_101-Brasilia-1702-851941-587082-0,-1.0,-15.730228,-47.841599,,,,2,2023-06-16T23:02:10+00:00
BRA_228214,Brasília,5300108,,Pioneira,205.1,https://moovitapp.com/index/pt-br/transporte_p%C3%BAblico-line-205_1-Brasilia-1702-851941-393571-0,-1.0,-16.005608,-48.077012,,,,2,2023-06-16T23:01:36+00:00
BRA_227200,Brasília,5300108,,Pioneira,2206,https://moovitapp.com/index/pt-br/transporte_p%C3%BAblico-line-2206-Brasilia-1702-851941-18556637-0,-1.0,-15.787369,-47.888017,,,,1,2023-06-16T23:02:12+00:00
BRA_227323,Brasília,5300108,,Pioneira,0.182,https://moovitapp.com/index/pt-br/transporte_p%C3%BAblico-line-0_182-Brasilia-1702-851941-242839-0,-1.0,-15.911363,-47.755234,,,,2,2023-06-16T23:02:02+00:00
BRA_77356,Brasília,5300108,,Urbi,818.1,https://moovitapp.com/index/pt-br/transporte_p%C3%BAblico-line-818_1-Brasilia-1702-851595-242639-0,-1.0,-15.926056,-48.109488,,,,1,2023-06-16T23:02:34+00:00
BRA_77518,Brasília,5300108,,Urbi,818.1,https://moovitapp.com/index/pt-br/transporte_p%C3%BAblico-line-818_1-Brasilia-1702-851595-242639-0,-1.0,-15.918369,-48.101802,,,,2,2023-06-16T23:02:00+00:00
BRA_77071,Brasília,5300108,,Urbi,0.873,https://moovitapp.com/index/pt-br/transporte_p%C3%BAblico-line-0_873-Brasilia-1702-851595-510238-0,-1.0,-15.912107,-48.04844,,,,1,2023-06-16T23:01:42+00:00
BRA_77372,Brasília,5300108,,Urbi,0.876,https://moovitapp.com/index/pt-br/transporte_p%C3%BAblico-line-0_876-Brasilia-1702-851595-639508-0,-1.0,-15.917614,-48.046717,,,,2,2023-06-16T23:01:48+00:00
BRA_710555,Brasília,5300108,,São José,0.310,https://moovitapp.com/index/pt-br/transporte_p%C3%BAblico-line-0_310-Brasilia-1702-851943-775131-0,-1.0,-15.832682,-48.054455,,,,2,2023-06-16T23:02:08+00:00
BRA_710474,Brasília,5300108,,São José,0.310,https://moovitapp.com/index/pt-br/transporte_p%C3%BAblico-line-0_310-Brasilia-1702-851943-775131-0,-1.0,-15.794223,-47.883102,,,,2,2023-06-16T23:01:56+00:00
BRA_710407,Brasília,5300108,,São José,0.311,https://moovitapp.com/index/pt-br/transporte_p%C3%BAblico-line-0_311-Brasilia-1702-851943-706986-0,-1.0,-15.788341,-48.135345,,,,1,2023-06-16T23:01:24+00:00
BRA_710393,Brasília,5300108,,São José,0.311,https://moovitapp.com/index/pt-br/transporte_p%C3%BAblico-line-0_311-Brasilia-1702-851943-706986-0,-1.0,-15.808667,-48.106945,,,,1,2023-06-16T23:02:26+00:00
BRA_710351,Brasília,5300108,,São José,0.313,https://moovitapp.com/index/pt-br/transporte_p%C3%BAblico-line-0_313-Brasilia-1702-851943-5294586-0,-1.0,-15.788059,-48.134913,,,,1,2023-06-16T20:20:34+00:00
BRA_78182,Brasília,5300108,,São José,0.331,https://moovitapp.com/index/pt-br/transporte_p%C3%BAblico-line-0_331-Brasilia-1702-851943-775133-0,-1.0,-15.821681,-48.112527,,,,1,2023-06-16T23:01:24+00:00
BRA_78093,Brasília,5300108,,São José,0.331,https://moovitapp.com/index/pt-br/transporte_p%C3%BAblico-line-0_331-Brasilia-1702-851943-775133-0,-1.0,-15.803383,-48.069351,,,,2,2023-06-16T18:00:52+00:00
BRA_76406,Brasília,5300108,,São José,0.333,https://moovitapp.com/index/pt-br/transporte_p%C3%BAblico-line-0_333-Brasilia-1702-851943-527247-0,-1.0,-15.843425,-48.105127,,,,1,2023-06-16T23:01:34+00:00
BRA_76988,Brasília,5300108,,Urbi,0.805,https://moovitapp.com/index/pt-br/transporte_p%C3%BAblico-line-0_805-Brasilia-1702-851595-460800-0,-1.0,-15.840762,-48.049369,,,,1,2023-06-16T23:01:26+00:00
BRA_77089,Brasília,5300108,,Urbi,0.805,https://moovitapp.com/index/pt-br/transporte_p%C3%BAblico-line-0_805-Brasilia-1702-851595-460800-0,-1.0,-15.804316,-48.071316,,,,1,2023-06-16T23:02:08+00:00
BRA_77283,Brasília,5300108,,Urbi,0.805,https://moovitapp.com/index/pt-br/transporte_p%C3%BAblico-line-0_805-Brasilia-1702-851595-460800-0,-1.0,-15.881925,-48.060641,,,,1,2023-06-16T23:02:04+00:00
BRA_76431,Brasília,5300108,,São José,0.344,https://moovitapp.com/index/pt-br/transporte_p%C3%BAblico-line-0_344-Brasilia-1702-851943-775137-0,-1.0,-15.827401,-48.059147,,,,1,2023-06-16T23:01:44+00:00
BRA_710539,Brasília,5300108,,São José,0.375,https://moovitapp.com/index/pt-br/transporte_p%C3%BAblico-line-0_375-Brasilia-1702-851943-39496914-0,-1.0,-15.78217,-47.887737,,,,2,2023-06-16T23:01:42+00:00
BRA_78603,Brasília,5300108,,São José,0.343,https://moovitapp.com/index/pt-br/transporte_p%C3%BAblico-line-0_343-Brasilia-1702-851943-706996-0,-1.0,-15.824418,-48.1183,,,,1,2023-06-16T23:01:18+00:00
BRA_711004,Brasília,5300108,,São José,0.411,https://moovitapp.com/index/pt-br/transporte_p%C3%BAblico-line-0_411-Brasilia-1702-851943-788977-0,-1.0,-15.791532,-48.048892,,,,2,2023-06-16T23:01:14+00:00
BRA_77909,Brasília,5300108,,Urbi,0.368,https://moovitapp.com/index/pt-br/transporte_p%C3%BAblico-line-0_368-Brasilia-1702-851595-706971-0,-1.0,-15.834915,-48.081463,,,,1,2023-06-16T23:01:24+00:00
BRA_78140,Brasília,5300108,,São José,0.379,https://moovitapp.com/index/pt-br/transporte_p%C3%BAblico-line-0_379-Brasilia-1702-851943-707007-0,-1.0,-15.736427,-47.905558,,,,2,2023-06-16T23:02:18+00:00
BRA_710571,Brasília,5300108,,São José,0.920,https://moovitapp.com/index/pt-br/transporte_p%C3%BAblico-line-0_920-Brasilia-1702-851943-707019-0,-1.0,-15.803596,-48.127233,,,,2,2023-06-16T23:01:28+00:00
BRA_78301,Brasília,5300108,,São José,0.949,https://moovitapp.com/index/pt-br/transporte_p%C3%BAblico-line-0_949-Brasilia-1702-851943-707026-0,-1.0,-15.834785,-48.081024,,,,1,2023-06-16T23:01:26+00:00
BRA_79049,Brasília,5300108,,São José,0.926,https://moovitapp.com/index/pt-br/transporte_p%C3%BAblico-line-0_926-Brasilia-1702-851943-775154-0,-1.0,-15.823515,-48.114581,,,,1,2023-06-15T11:23:02+00:00
BRA_78999,Brasília,5300108,,São José,0.926,https://moovitapp.com/index/pt-br/transporte_p%C3%BAblico-line-0_926-Brasilia-1702-851943-775154-0,-1.0,-15.788019,-48.135396,,,,1,2023-06-16T23:01:58+00:00
BRA_78522,Brasília,5300108,,São José,0.927,https://moovitapp.com/index/pt-br/transporte_p%C3%BAblico-line-0_927-Brasilia-1702-851943-775155-0,-1.0,-15.788008,-48.135155,,,,1,2023-06-16T23:01:56+00:00
BRA_79693,Brasília,5300108,,São José,0.928,https://moovitapp.com/index/pt-br/transporte_p%C3%BAblico-line-0_928-Brasilia-1702-851943-756868-0,-1.0,-15.803779,-48.157839,,,,1,2023-06-16T23:01:40+00:00
BRA_500143,Brasília,5300108,,São José,413.2,https://moovitapp.com/index/pt-br/transporte_p%C3%BAblico-line-413_2-Brasilia-1702-851943-775173-0,-1.0,-15.68083,-48.189273,,,,1,2023-06-16T22:30:00+00:00
BRA_78719,Brasília,5300108,,São José,333.1,https://moovitapp.com/index/pt-br/transporte_p%C3%BAblico-line-333_1-Brasilia-1702-851943-707041-0,-1.0,-15.822091,-48.127284,,,,1,2023-06-16T23:01:52+00:00
BRA_76589,Brasília,5300108,,São José,333.2,https://moovitapp.com/index/pt-br/transporte_p%C3%BAblico-line-333_2-Brasilia-1702-851943-527251-0,-1.0,-15.832227,-48.057621,,,,1,2023-06-16T22:32:42+00:00
BRA_78042,Brasília,5300108,,São José,333.7,https://moovitapp.com/index/pt-br/transporte_p%C3%BAblico-line-333_7-Brasilia-1702-851943-2068454-0,-1.0,-15.840704,-48.021845,,,,1,2023-06-16T23:01:56+00:00
BRA_78590,Brasília,5300108,,São José,333.7,https://moovitapp.com/index/pt-br/transporte_p%C3%BAblico-line-333_7-Brasilia-1702-851943-2068454-0,-1.0,-15.801648,-48.136236,,,,1,2023-06-16T23:01:50+00:00
BRA_710130,Brasília,5300108,,São José,348.1,https://moovitapp.com/index/pt-br/transporte_p%C3%BAblico-line-348_1-Brasilia-1702-851943-707046-0,-1.0,-15.802868,-48.138677,,,,1,2023-06-16T23:01:26+00:00
BRA_79707,Brasília,5300108,,São José,359.2,https://moovitapp.com/index/pt-br/transporte_p%C3%BAblico-line-359_2-Brasilia-1702-851943-2068453-0,-1.0,-15.808899,-48.152817,,,,1,2023-06-16T23:01:32+00:00
BRA_711209,Brasília,5300108,,São José,0.159,https://moovitapp.com/index/pt-br/transporte_p%C3%BAblico-line-0_159-Brasilia-1702-851943-375523-0,-1.0,-15.819128,-48.10767,,,,2,2023-06-16T23:01:30+00:00
BRA_711217,Brasília,5300108,,São José,0.159,https://moovitapp.com/index/pt-br/transporte_p%C3%BAblico-line-0_159-Brasilia-1702-851943-375523-0,-1.0,-15.818712,-48.106932,,,,1,2023-06-16T23:01:20+00:00
BRA_711179,Brasília,5300108,,São José,0.159,https://moovitapp.com/index/pt-br/transporte_p%C3%BAblico-line-0_159-Brasilia-1702-851943-375523-0,-1.0,-15.781102,-47.999705,,,,2,2023-06-16T22:59:18+00:00
BRA_711225,Brasília,5300108,,São José,0.159,https://moovitapp.com/index/pt-br/transporte_p%C3%BAblico-line-0_159-Brasilia-1702-851943-375523-0,-1.0,-15.831496,-48.138238,,,,1,2023-06-16T23:01:54+00:00
BRA_77445,Brasília,5300108,,Urbi,0.393,https://moovitapp.com/index/pt-br/transporte_p%C3%BAblico-line-0_393-Brasilia-1702-851595-588805-0,-1.0,-15.876005,-48.081081,,,,1,2023-06-16T23:02:18+00:00
BRA_79448,Brasília,5300108,,Urbi,398.1,https://moovitapp.com/index/pt-br/transporte_p%C3%BAblico-line-398_1-Brasilia-1702-851595-510241-0,-1.0,-15.90158,-48.127443,,,,2,2023-06-16T23:01:10+00:00
BRA_77623,Brasília,5300108,,Urbi,398.3,https://moovitapp.com/index/pt-br/transporte_p%C3%BAblico-line-398_3-Brasilia-1702-851595-706973-0,-1.0,-15.873127,-48.07164,,,,1,2023-06-16T23:01:52+00:00
BRA_77429,Brasília,5300108,,Urbi,0.841,https://moovitapp.com/index/pt-br/transporte_p%C3%BAblico-line-0_841-Brasilia-1702-851595-339302-0,-1.0,-15.884385,-48.059827,,,,1,2023-06-16T23:00:34+00:00
BRA_77666,Brasília,5300108,,Urbi,0.844,https://moovitapp.com/index/pt-br/transporte_p%C3%BAblico-line-0_844-Brasilia-1702-851595-519386-0,-1.0,-15.888249,-48.129598,,,,2,2023-06-16T23:01:46+00:00
BRA_77399,Brasília,5300108,,Urbi,0.845,https://moovitapp.com/index/pt-br/transporte_p%C3%BAblico-line-0_845-Brasilia-1702-851595-339304-0,-1.0,-15.877577,-48.067774,,,,1,2023-06-16T23:00:42+00:00
BRA_710873,Brasília,5300108,,São José,0.404,https://moovitapp.com/index/pt-br/transporte_p%C3%BAblico-line-0_404-Brasilia-1702-851943-783025-0,-1.0,-15.657616,-48.196374,,,,1,2023-06-16T23:01:50+00:00
BRA_711080,Brasília,5300108,,São José,0.405,https://moovitapp.com/index/pt-br/transporte_p%C3%BAblico-line-0_405-Brasilia-1702-851943-476297-0,-1.0,-15.672525,-48.194397,,,,2,2023-06-16T23:00:24+00:00
BRA_500267,Brasília,5300108,,São José,0.402,https://moovitapp.com/index/pt-br/transporte_p%C3%BAblico-line-0_402-Brasilia-1702-851943-781335-0,-1.0,-15.708137,-48.200055,,,,1,2023-06-16T23:02:08+00:00
BRA_500089,Brasília,5300108,,São José,402.1,https://moovitapp.com/index/pt-br/transporte_p%C3%BAblico-line-402_1-Brasilia-1702-851943-707060-0,-1.0,-15.792332,-48.157623,,,,1,2023-06-16T17:51:56+00:00
BRA_79511,Brasília,5300108,,São José,928.1,https://moovitapp.com/index/pt-br/transporte_p%C3%BAblico-line-928_1-Brasilia-1702-851943-707067-0,-1.0,-15.80812,-48.132599,,,,1,2023-06-16T23:01:40+00:00
BRA_75841,Brasília,5300108,,São José,333.8,https://moovitapp.com/index/pt-br/transporte_p%C3%BAblico-line-333_8-Brasilia-1702-851943-376187-0,-1.0,-15.818273,-48.106697,,,,1,2023-06-16T23:02:16+00:00
BRA_76091,Brasília,5300108,,São José,333.8,https://moovitapp.com/index/pt-br/transporte_p%C3%BAblico-line-333_8-Brasilia-1702-851943-376187-0,-1.0,-15.805225,-48.135078,,,,1,2023-06-16T23:01:12+00:00
BRA_76724,Brasília,5300108,,São José,364.3,https://moovitapp.com/index/pt-br/transporte_p%C3%BAblico-line-364_3-Brasilia-1702-851943-707051-0,-1.0,-15.796952,-48.144405,,,,1,2023-06-16T23:02:20+00:00
BRA_500321,Brasília,5300108,,São José,0.420,https://moovitapp.com/index/pt-br/transporte_p%C3%BAblico-line-0_420-Brasilia-1702-851943-783026-0,-1.0,-15.671576,-48.198994,,,,2,2023-06-16T22:44:06+00:00
BRA_711306,Brasília,5300108,,São José,158.5,https://moovitapp.com/index/pt-br/transporte_p%C3%BAblico-line-158_5-Brasilia-1702-851943-243043-0,-1.0,-15.792926,-47.882072,,,,2,2023-06-16T23:01:14+00:00
BRA_500020,Brasília,5300108,,São José,411.2,https://moovitapp.com/index/pt-br/transporte_p%C3%BAblico-line-411_2-Brasilia-1702-851943-481334-0,-1.0,-15.791888,-47.894407,,,,2,2023-06-16T13:22:40+00:00
BRA_77330,Brasília,5300108,,Urbi,0.038,https://moovitapp.com/index/pt-br/transporte_p%C3%BAblico-line-0_038-Brasilia-1702-851595-687419-0,-1.0,-15.862552,-47.958379,,,,1,2023-06-16T12:23:04+00:00
BRA_76651,Brasília,5300108,,São José,0.041,https://moovitapp.com/index/pt-br/transporte_p%C3%BAblico-line-0_041-Brasilia-1702-851943-781334-0,-1.0,-15.81409,-48.098629,,,,1,2023-06-16T23:01:44+00:00
BRA_77585,Brasília,5300108,,Urbi,0.053,https://moovitapp.com/index/pt-br/transporte_p%C3%BAblico-line-0_053-Brasilia-1702-851595-588803-0,-1.0,-15.847864,-48.042661,,,,1,2023-06-16T23:01:40+00:00
BRA_77062,Brasília,5300108,,Urbi,0.053,https://moovitapp.com/index/pt-br/transporte_p%C3%BAblico-line-0_053-Brasilia-1702-851595-588803-0,-1.0,-15.878118,-48.101547,,,,1,2023-06-16T23:01:50+00:00
BRA_711250,Brasília,5300108,,São José,0.092,https://moovitapp.com/index/pt-br/transporte_p%C3%BAblico-line-0_092-Brasilia-1702-851943-496589-0,-1.0,-15.856198,-47.952867,,,,2,2023-06-16T16:58:46+00:00
BRA_711292,Brasília,5300108,,São José,0.092,https://moovitapp.com/index/pt-br/transporte_p%C3%BAblico-line-0_092-Brasilia-1702-851943-496589-0,-1.0,-15.833152,-47.952632,,,,1,2023-06-16T23:02:24+00:00
BRA_77852,Brasília,5300108,,São José,963.1,https://moovitapp.com/index/pt-br/transporte_p%C3%BAblico-line-963_1-Brasilia-1702-851943-669629-0,-1.0,-15.802693,-48.095615,,,,2,2023-06-16T23:01:46+00:00
BRA_79774,Brasília,5300108,,São José,0.414,https://moovitapp.com/index/pt-br/transporte_p%C3%BAblico-line-0_414-Brasilia-1702-851943-773707-0,-1.0,-15.680656,-48.188471,,,,1,2023-06-16T21:43:48+00:00
BRA_78549,Brasília,5300108,,São José,926.1,https://moovitapp.com/index/pt-br/transporte_p%C3%BAblico-line-926_1-Brasilia-1702-851943-775178-0,-1.0,-15.801776,-48.123425,,,,1,2023-06-16T18:10:54+00:00
BRA_78417,Brasília,5300108,,São José,0.552,https://moovitapp.com/index/pt-br/transporte_p%C3%BAblico-line-0_552-Brasilia-1702-851943-707013-0,-1.0,-15.788336,-48.134761,,,,2,2023-06-16T22:55:58+00:00
BRA_75680,Brasília,5300108,,São José,0.557,https://moovitapp.com/index/pt-br/transporte_p%C3%BAblico-line-0_557-Brasilia-1702-851943-775148-0,-1.0,-15.823598,-48.126718,,,,2,2023-06-16T23:01:58+00:00
BRA_79383,Brasília,5300108,,São José,158.8,https://moovitapp.com/index/pt-br/transporte_p%C3%BAblico-line-158_8-Brasilia-1702-851943-243046-0,-1.0,-15.800929,-47.950241,,,,1,2023-06-16T22:38:22+00:00
BRA_79197,Brasília,5300108,,São José,0.416,https://moovitapp.com/index/pt-br/transporte_p%C3%BAblico-line-0_416-Brasilia-1702-851943-707011-0,-1.0,-15.670525,-48.191479,,,,1,2023-06-16T23:01:46+00:00
BRA_79901,Brasília,5300108,,São José,929.1,https://moovitapp.com/index/pt-br/transporte_p%C3%BAblico-line-929_1-Brasilia-1702-851943-5294764-0,-1.0,-15.815554,-48.101401,,,,1,2023-06-16T23:00:56+00:00
BRA_78344,Brasília,5300108,,São José,965.1,https://moovitapp.com/index/pt-br/transporte_p%C3%BAblico-line-965_1-Brasilia-1702-851943-62598142-0,-1.0,-15.794624,-48.054372,,,,1,2023-06-16T23:01:12+00:00
BRA_117714,Brasília,5300108,,Piracicabana,116.2,https://moovitapp.com/index/pt-br/transporte_p%C3%BAblico-line-116_2-Brasilia-1702-850942-60842780-0,-1.0,-15.77349,-47.90688,,,,,2023-06-13T19:59:54+00:00
BRA_120529,Brasília,5300108,,Piracicabana,0.641,https://moovitapp.com/index/pt-br/transporte_p%C3%BAblico-line-0_641-Brasilia-1702-850942-242424-0,-1.0,-15.61264,-47.64064,,,,1,2023-06-16T03:20:09+00:00
BRA_120235,Brasília,5300108,,Piracicabana,066.5,https://moovitapp.com/index/pt-br/transporte_p%C3%BAblico-line-066_5-Brasilia-1702-850942-770026-0,-1.0,-15.80244,-47.88623,,,,,2023-06-16T11:58:18+00:00
BRA_115703,Brasília,5300108,,Piracicabana,0.604,https://moovitapp.com/index/pt-br/transporte_p%C3%BAblico-line-0_604-Brasilia-1702-850942-242414-0,-1.0,-15.79187,-47.98909,,,,1,2023-06-16T12:41:12+00:00
BRA_119652,Brasília,5300108,,Piracicabana,0.517,https://moovitapp.com/index/pt-br/transporte_p%C3%BAblico-line-0_517-Brasilia-1702-850942-242400-0,-1.0,-15.83578,-47.93201,,,,1,2023-06-16T15:45:21+00:00
BRA_118036,Brasília,5300108,,Piracicabana,602.1,https://moovitapp.com/index/pt-br/transporte_p%C3%BAblico-line-602_1-Brasilia-1702-850942-242491-0,-1.0,-15.79626,-47.88331,,,,,2023-06-16T19:59:29+00:00
BRA_118621,Brasília,5300108,,Piracicabana,158.1,https://moovitapp.com/index/pt-br/transporte_p%C3%BAblico-line-158_1-Brasilia-1702-850942-775094-0,-1.0,-15.79459,-47.88049,,,,1,2023-06-16T20:23:29+00:00
BRA_115754,Brasília,5300108,,Piracicabana,600.6,https://moovitapp.com/index/pt-br/transporte_p%C3%BAblico-line-600_6-Brasilia-1702-850942-425243-0,-1.0,-15.8311,-47.93054,,,,,2023-06-16T20:53:04+00:00
BRA_116866,Brasília,5300108,,Piracicabana,0.022,https://moovitapp.com/index/pt-br/transporte_p%C3%BAblico-line-0_022-Brasilia-1702-850942-788975-0,-1.0,-15.79421,-47.88331,,,,,2023-06-16T21:02:21+00:00
BRA_119938,Brasília,5300108,,Piracicabana,0.109,https://moovitapp.com/index/pt-br/transporte_p%C3%BAblico-line-0_109-Brasilia-1702-850942-139332631-0,-1.0,-15.78392,-47.91157,,,,,2023-06-16T21:33:11+00:00
BRA_118028,Brasília,5300108,,Piracicabana,501.4,https://moovitapp.com/index/pt-br/transporte_p%C3%BAblico-line-501_4-Brasilia-1702-850942-775096-0,-1.0,-15.76126,-47.87755,,,,,2023-06-16T21:34:38+00:00
BRA_118303,Brasília,5300108,,Piracicabana,504.1,https://moovitapp.com/index/pt-br/transporte_p%C3%BAblico-line-504_1-Brasilia-1702-850942-242476-0,-1.0,-15.65335,-47.79494,,,,,2023-06-16T22:05:48+00:00
BRA_117641,Brasília,5300108,,Piracicabana,151.2,https://moovitapp.com/index/pt-br/transporte_p%C3%BAblico-line-151_2-Brasilia-1702-850942-242458-0,-1.0,-15.7336,-47.88789,,,,,2023-06-16T22:07:31+00:00
BRA_119237,Brasília,5300108,,Piracicabana,512.1,https://moovitapp.com/index/pt-br/transporte_p%C3%BAblico-line-512_1-Brasilia-1702-850942-474401-0,-1.0,-15.65005,-47.78626,,,,1,2023-06-16T22:12:19+00:00
BRA_118176,Brasília,5300108,,Piracicabana,602.1,https://moovitapp.com/index/pt-br/transporte_p%C3%BAblico-line-602_1-Brasilia-1702-850942-242491-0,-1.0,-15.71751,-47.89809,,,,,2023-06-16T22:17:15+00:00
BRA_118087,Brasília,5300108,,Piracicabana,0.515,https://moovitapp.com/index/pt-br/transporte_p%C3%BAblico-line-0_515-Brasilia-1702-850942-26501707-0,-1.0,-15.60196,-47.97282,,,,,2023-06-16T22:19:49+00:00
BRA_119610,Brasília,5300108,,Piracicabana,062.5,https://moovitapp.com/index/pt-br/transporte_p%C3%BAblico-line-062_5-Brasilia-1702-850942-339835-0,-1.0,-15.66952,-47.81575,,,,,2023-06-16T22:22:33+00:00
BRA_119491,Brasília,5300108,,Piracicabana,501.5,https://moovitapp.com/index/pt-br/transporte_p%C3%BAblico-line-501_5-Brasilia-1702-850942-414578-0,-1.0,-15.71764,-47.89804,,,,,2023-06-16T22:26:37+00:00
BRA_119229,Brasília,5300108,,Piracicabana,519.2,https://moovitapp.com/index/pt-br/transporte_p%C3%BAblico-line-519_2-Brasilia-1702-850942-242483-0,-1.0,-15.71255,-47.89787,,,,,2023-06-16T22:29:59+00:00
BRA_117951,Brasília,5300108,,Piracicabana,616.8,https://moovitapp.com/index/pt-br/transporte_p%C3%BAblico-line-616_8-Brasilia-1702-850942-128977718-0,-1.0,-15.66368,-47.80278,,,,,2023-06-16T22:32:14+00:00
BRA_119105,Brasília,5300108,,Piracicabana,511.4,https://moovitapp.com/index/pt-br/transporte_p%C3%BAblico-line-511_4-Brasilia-1702-850942-770030-0,-1.0,-15.65485,-47.76036,,,,,2023-06-16T22:43:50+00:00
BRA_117935,Brasília,5300108,,Piracicabana,531.1,https://moovitapp.com/index/pt-br/transporte_p%C3%BAblico-line-531_1-Brasilia-1702-850942-476289-0,-1.0,-15.64695,-47.80616,,,,,2023-06-16T22:45:25+00:00
BRA_121061,Brasília,5300108,,Piracicabana,602.1,https://moovitapp.com/index/pt-br/transporte_p%C3%BAblico-line-602_1-Brasilia-1702-850942-242491-0,-1.0,-15.61844,-47.65424,,,,1,2023-06-16T22:46:20+00:00
BRA_119091,Brasília,5300108,,Piracicabana,062.6,https://moovitapp.com/index/pt-br/transporte_p%C3%BAblico-line-062_6-Brasilia-1702-850942-339289-0,-1.0,-15.64198,-47.80786,,,,,2023-06-16T22:46:39+00:00
BRA_117897,Brasília,5300108,,Piracicabana,611.1,https://moovitapp.com/index/pt-br/transporte_p%C3%BAblico-line-611_1-Brasilia-1702-850942-25771161-0,-1.0,-15.65826,-47.6028,,,,,2023-06-16T22:47:46+00:00
BRA_119881,Brasília,5300108,,Piracicabana,0.600,https://moovitapp.com/index/pt-br/transporte_p%C3%BAblico-line-0_600-Brasilia-1702-850942-242410-0,-1.0,-15.72087,-47.89698,,,,,2023-06-16T22:48:23+00:00
BRA_119300,Brasília,5300108,,Piracicabana,0.509,https://moovitapp.com/index/pt-br/transporte_p%C3%BAblico-line-0_509-Brasilia-1702-850942-242397-0,-1.0,-15.64713,-47.77877,,,,,2023-06-16T22:48:58+00:00
BRA_117854,Brasília,5300108,,Piracicabana,616.8,https://moovitapp.com/index/pt-br/transporte_p%C3%BAblico-line-616_8-Brasilia-1702-850942-128977718-0,-1.0,-15.69141,-47.86596,,,,,2023-06-16T22:50:15+00:00
BRA_119687,Brasília,5300108,,Piracicabana,063.1,https://moovitapp.com/index/pt-br/transporte_p%C3%BAblico-line-063_1-Brasilia-1702-850942-339291-0,-1.0,-15.65535,-47.78432,,,,,2023-06-16T22:52:49+00:00
BRA_119024,Brasília,5300108,,Piracicabana,099.1,https://moovitapp.com/index/pt-br/transporte_p%C3%BAblico-line-099_1-Brasilia-1702-850942-775090-0,-1.0,-15.80143,-47.9418,,,,,2023-06-16T22:55:30+00:00
BRA_118338,Brasília,5300108,,Piracicabana,136.9,https://moovitapp.com/index/pt-br/transporte_p%C3%BAblico-line-136_9-Brasilia-1702-850942-773702-0,-1.0,-15.70528,-47.88143,,,,,2023-06-16T22:55:59+00:00
BRA_115886,Brasília,5300108,,Piracicabana,501.3,https://moovitapp.com/index/pt-br/transporte_p%C3%BAblico-line-501_3-Brasilia-1702-850942-242472-0,-1.0,-15.67118,-47.8396,,,,1,2023-06-16T22:56:53+00:00
BRA_121045,Brasília,5300108,,Piracicabana,0.150,https://moovitapp.com/index/pt-br/transporte_p%C3%BAblico-line-0_150-Brasilia-1702-850942-775086-0,-1.0,-15.80905,-47.93939,,,,,2023-06-16T22:57:55+00:00
BRA_115738,Brasília,5300108,,Piracicabana,642.1,https://moovitapp.com/index/pt-br/transporte_p%C3%BAblico-line-642_1-Brasilia-1702-850942-242510-0,-1.0,-15.6608,-47.79688,,,,1,2023-06-16T22:59:20+00:00
BRA_119911,Brasília,5300108,,Piracicabana,0.143,https://moovitapp.com/index/pt-br/transporte_p%C3%BAblico-line-0_143-Brasilia-1702-850942-470747-0,-1.0,-15.75872,-47.95632,,,,,2023-06-16T22:59:46+00:00
BRA_116874,Brasília,5300108,,Piracicabana,0.016,https://moovitapp.com/index/pt-br/transporte_p%C3%BAblico-line-0_016-Brasilia-1702-850942-5193084-0,-1.0,-15.83629,-47.93275,,,,1,2023-06-16T22:59:50+00:00
BRA_117102,Brasília,5300108,,Piracicabana,501.7,https://moovitapp.com/index/pt-br/transporte_p%C3%BAblico-line-501_7-Brasilia-1702-850942-519379-0,-1.0,-15.74667,-47.88835,,,,,2023-06-16T22:59:56+00:00
BRA_117781,Brasília,5300108,,Piracicabana,630.1,https://moovitapp.com/index/pt-br/transporte_p%C3%BAblico-line-630_1-Brasilia-1702-850942-476290-0,-1.0,-15.72139,-47.89709,,,,,2023-06-16T22:59:59+00:00
BRA_119318,Brasília,5300108,,Piracicabana,512.1,https://moovitapp.com/index/pt-br/transporte_p%C3%BAblico-line-512_1-Brasilia-1702-850942-474401-0,-1.0,-15.66996,-47.81617,,,,,2023-06-16T23:01:01+00:00
BRA_115916,Brasília,5300108,,Piracicabana,0.517,https://moovitapp.com/index/pt-br/transporte_p%C3%BAblico-line-0_517-Brasilia-1702-850942-242400-0,-1.0,-15.82608,-47.9249,,,,,2023-06-16T23:01:01+00:00
BRA_117153,Brasília,5300108,,Piracicabana,512.1,https://moovitapp.com/index/pt-br/transporte_p%C3%BAblico-line-512_1-Brasilia-1702-850942-474401-0,-1.0,-15.76001,-47.89216,,,,,2023-06-16T23:01:04+00:00
BRA_115291,Brasília,5300108,,Piracicabana,0.110,https://moovitapp.com/index/pt-br/transporte_p%C3%BAblico-line-0_110-Brasilia-1702-850942-339284-0,-1.0,-15.79325,-47.88201,,,,1,2023-06-16T23:01:06+00:00
BRA_119369,Brasília,5300108,,Piracicabana,0.620,https://moovitapp.com/index/pt-br/transporte_p%C3%BAblico-line-0_620-Brasilia-1702-850942-470748-0,-1.0,-15.71742,-47.89809,,,,,2023-06-16T23:01:16+00:00
BRA_120316,Brasília,5300108,,Piracicabana,153.2,https://moovitapp.com/index/pt-br/transporte_p%C3%BAblico-line-153_2-Brasilia-1702-850942-775093-0,-1.0,-15.8099,-47.97606,,,,,2023-06-16T23:01:28+00:00
BRA_120537,Brasília,5300108,,Piracicabana,0.116,https://moovitapp.com/index/pt-br/transporte_p%C3%BAblico-line-0_116-Brasilia-1702-850942-242381-0,-1.0,-15.76424,-47.87661,,,,,2023-06-16T23:01:29+00:00
BRA_118818,Brasília,5300108,,Piracicabana,136.6,https://moovitapp.com/index/pt-br/transporte_p%C3%BAblico-line-136_6-Brasilia-1702-850942-773700-0,-1.0,-15.72209,-47.88413,,,,,2023-06-16T23:01:29+00:00
BRA_116939,Brasília,5300108,,Piracicabana,0.023,https://moovitapp.com/index/pt-br/transporte_p%C3%BAblico-line-0_023-Brasilia-1702-850942-775082-0,-1.0,-15.74417,-47.89541,,,,,2023-06-16T23:01:30+00:00
BRA_118605,Brasília,5300108,,Piracicabana,136.9,https://moovitapp.com/index/pt-br/transporte_p%C3%BAblico-line-136_9-Brasilia-1702-850942-773702-0,-1.0,-15.80126,-47.88499,,,,,2023-06-16T23:01:30+00:00
BRA_116793,Brasília,5300108,,Piracicabana,0.023,https://moovitapp.com/index/pt-br/transporte_p%C3%BAblico-line-0_023-Brasilia-1702-850942-775082-0,-1.0,-15.83616,-47.91607,,,,,2023-06-16T23:01:31+00:00
BRA_117242,Brasília,5300108,,Piracicabana,600.7,https://moovitapp.com/index/pt-br/transporte_p%C3%BAblico-line-600_7-Brasilia-1702-850942-698442-0,-1.0,-15.74424,-47.89058,,,,,2023-06-16T23:01:32+00:00
BRA_120073,Brasília,5300108,,Piracicabana,601.3,https://moovitapp.com/index/pt-br/transporte_p%C3%BAblico-line-601_3-Brasilia-1702-850942-339836-0,-1.0,-15.62492,-47.63581,,,,,2023-06-16T23:01:33+00:00
BRA_117862,Brasília,5300108,,Piracicabana,616.5,https://moovitapp.com/index/pt-br/transporte_p%C3%BAblico-line-616_5-Brasilia-1702-850942-504336-0,-1.0,-15.65864,-47.79212,,,,,2023-06-16T23:01:33+00:00
BRA_116858,Brasília,5300108,,Piracicabana,0.022,https://moovitapp.com/index/pt-br/transporte_p%C3%BAblico-line-0_022-Brasilia-1702-850942-788975-0,-1.0,-15.84723,-47.92437,,,,,2023-06-16T23:01:34+00:00
BRA_120782,Brasília,5300108,,Piracicabana,158.1,https://moovitapp.com/index/pt-br/transporte_p%C3%BAblico-line-158_1-Brasilia-1702-850942-775094-0,-1.0,-15.78615,-47.98657,,,,1,2023-06-16T23:01:34+00:00
BRA_120707,Brasília,5300108,,Piracicabana,616.9,https://moovitapp.com/index/pt-br/transporte_p%C3%BAblico-line-616_9-Brasilia-1702-850942-128977719-0,-1.0,-15.64023,-47.68831,,,,,2023-06-16T23:01:34+00:00
BRA_121118,Brasília,5300108,,Piracicabana,104.1,https://moovitapp.com/index/pt-br/transporte_p%C3%BAblico-line-104_1-Brasilia-1702-850942-242430-0,-1.0,-15.80166,-47.85049,,,,,2023-06-16T23:01:34+00:00
BRA_119032,Brasília,5300108,,Piracicabana,152.1,https://moovitapp.com/index/pt-br/transporte_p%C3%BAblico-line-152_1-Brasilia-1702-850942-542827-0,-1.0,-15.80167,-47.93983,,,,,2023-06-16T23:01:34+00:00
BRA_120669,Brasília,5300108,,Piracicabana,642.1,https://moovitapp.com/index/pt-br/transporte_p%C3%BAblico-line-642_1-Brasilia-1702-850942-242510-0,-1.0,-15.83152,-47.92896,,,,1,2023-06-16T23:01:36+00:00
BRA_118061,Brasília,5300108,,Piracicabana,153.2,https://moovitapp.com/index/pt-br/transporte_p%C3%BAblico-line-153_2-Brasilia-1702-850942-775093-0,-1.0,-15.8371,-47.92743,,,,,2023-06-16T23:01:36+00:00
BRA_117960,Brasília,5300108,,Piracicabana,0.620,https://moovitapp.com/index/pt-br/transporte_p%C3%BAblico-line-0_620-Brasilia-1702-850942-470748-0,-1.0,-15.74142,-47.89003,,,,,2023-06-16T23:01:36+00:00
BRA_116653,Brasília,5300108,,Piracicabana,0.031,https://moovitapp.com/index/pt-br/transporte_p%C3%BAblico-line-0_031-Brasilia-1702-850942-786256-0,-1.0,-15.76587,-47.89015,,,,,2023-06-16T23:01:37+00:00
BRA_120812,Brasília,5300108,,Piracicabana,136.9,https://moovitapp.com/index/pt-br/transporte_p%C3%BAblico-line-136_9-Brasilia-1702-850942-773702-0,-1.0,-15.72208,-47.88331,,,,1,2023-06-16T23:01:37+00:00
BRA_119971,Brasília,5300108,,Piracicabana,066.2,https://moovitapp.com/index/pt-br/transporte_p%C3%BAblico-line-066_2-Brasilia-1702-850942-339293-0,-1.0,-15.61827,-47.65397,,,,1,2023-06-16T23:01:37+00:00
BRA_120367,Brasília,5300108,,Piracicabana,600.3,https://moovitapp.com/index/pt-br/transporte_p%C3%BAblico-line-600_3-Brasilia-1702-850942-494156-0,-1.0,-15.83472,-47.92788,,,,,2023-06-16T23:01:38+00:00
BRA_120227,Brasília,5300108,,Piracicabana,0.504,https://moovitapp.com/index/pt-br/transporte_p%C3%BAblico-line-0_504-Brasilia-1702-850942-781321-0,-1.0,-15.61279,-47.6404,,,,,2023-06-16T23:01:38+00:00
BRA_117145,Brasília,5300108,,Piracicabana,511.4,https://moovitapp.com/index/pt-br/transporte_p%C3%BAblico-line-511_4-Brasilia-1702-850942-770030-0,-1.0,-15.70632,-47.75465,,,,,2023-06-16T23:01:38+00:00
BRA_116645,Brasília,5300108,,Piracicabana,0.031,https://moovitapp.com/index/pt-br/transporte_p%C3%BAblico-line-0_031-Brasilia-1702-850942-786256-0,-1.0,-15.77195,-47.87497,,,,,2023-06-16T23:01:39+00:00
BRA_116807,Brasília,5300108,,Piracicabana,0.035,https://moovitapp.com/index/pt-br/transporte_p%C3%BAblico-line-0_035-Brasilia-1702-850942-775084-0,-1.0,-15.80158,-47.92648,,,,,2023-06-16T23:01:39+00:00
BRA_117366,Brasília,5300108,,Piracicabana,128.1,https://moovitapp.com/index/pt-br/transporte_p%C3%BAblico-line-128_1-Brasilia-1702-850942-53234107-0,-1.0,-15.70105,-47.91076,,,,,2023-06-16T23:01:40+00:00
BRA_120146,Brasília,5300108,,Piracicabana,501.3,https://moovitapp.com/index/pt-br/transporte_p%C3%BAblico-line-501_3-Brasilia-1702-850942-242472-0,-1.0,-15.78662,-47.88003,,,,,2023-06-16T23:01:40+00:00
BRA_121096,Brasília,5300108,,Piracicabana,066.6,https://moovitapp.com/index/pt-br/transporte_p%C3%BAblico-line-066_6-Brasilia-1702-850942-770027-0,-1.0,-15.64322,-47.6352,,,,,2023-06-16T23:01:41+00:00
BRA_118401,Brasília,5300108,,Piracicabana,0.620,https://moovitapp.com/index/pt-br/transporte_p%C3%BAblico-line-0_620-Brasilia-1702-850942-470748-0,-1.0,-15.65904,-47.79303,,,,,2023-06-16T23:01:41+00:00
BRA_116335,Brasília,5300108,,,628.2,,,-15.93704,-47.58217,,,,,2023-06-16T23:01:42+00:00
BRA_120651,Brasília,5300108,,Piracicabana,062.5,https://moovitapp.com/index/pt-br/transporte_p%C3%BAblico-line-062_5-Brasilia-1702-850942-339835-0,-1.0,-15.67079,-47.84422,,,,,2023-06-16T23:01:42+00:00
BRA_120995,Brasília,5300108,,Piracicabana,0.641,https://moovitapp.com/index/pt-br/transporte_p%C3%BAblico-line-0_641-Brasilia-1702-850942-242424-0,-1.0,-15.6085,-47.69352,,,,,2023-06-16T23:01:42+00:00
BRA_120111,Brasília,5300108,,Piracicabana,642.1,https://moovitapp.com/index/pt-br/transporte_p%C3%BAblico-line-642_1-Brasilia-1702-850942-242510-0,-1.0,-15.61735,-47.68865,,,,,2023-06-16T23:01:43+00:00
BRA_120863,Brasília,5300108,,Piracicabana,0.169,https://moovitapp.com/index/pt-br/transporte_p%C3%BAblico-line-0_169-Brasilia-1702-850942-242393-0,-1.0,-15.75162,-47.895,,,,,2023-06-16T23:01:43+00:00
BRA_118745,Brasília,5300108,,Piracicabana,136.5,https://moovitapp.com/index/pt-br/transporte_p%C3%BAblico-line-136_5-Brasilia-1702-850942-516628-0,-1.0,-15.74338,-47.85197,,,,,2023-06-16T23:01:43+00:00
BRA_116394,Brasília,5300108,,Piracicabana,0.007,https://moovitapp.com/index/pt-br/transporte_p%C3%BAblico-line-0_007-Brasilia-1702-850942-775080-0,-1.0,-15.83242,-47.93181,,,,,2023-06-16T23:01:43+00:00
BRA_116971,Brasília,5300108,,Piracicabana,0.006,https://moovitapp.com/index/pt-br/transporte_p%C3%BAblico-line-0_006-Brasilia-1702-850942-775079-0,-1.0,-15.78622,-47.9101,,,,,2023-06-16T23:01:43+00:00
BRA_118192,Brasília,5300108,,Piracicabana,0.620,https://moovitapp.com/index/pt-br/transporte_p%C3%BAblico-line-0_620-Brasilia-1702-850942-470748-0,-1.0,-15.60358,-47.6847,,,,1,2023-06-16T23:01:44+00:00
BRA_117943,Brasília,5300108,,Piracicabana,162.1,https://moovitapp.com/index/pt-br/transporte_p%C3%BAblico-line-162_1-Brasilia-1702-850942-762425-0,-1.0,-15.85336,-47.96302,,,,,2023-06-16T23:01:44+00:00
BRA_116386,Brasília,5300108,,Piracicabana,0.024,https://moovitapp.com/index/pt-br/transporte_p%C3%BAblico-line-0_024-Brasilia-1702-850942-781320-0,-1.0,-15.79424,-47.91656,,,,,2023-06-16T23:01:44+00:00
BRA_116521,Brasília,5300108,,Piracicabana,0.151,https://moovitapp.com/index/pt-br/transporte_p%C3%BAblico-line-0_151-Brasilia-1702-850942-775087-0,-1.0,-15.82319,-47.9349,,,,,2023-06-16T23:01:44+00:00
BRA_115975,Brasília,5300108,,Piracicabana,519.2,https://moovitapp.com/index/pt-br/transporte_p%C3%BAblico-line-519_2-Brasilia-1702-850942-242483-0,-1.0,-15.82021,-47.90398,,,,,2023-06-16T23:01:44+00:00
BRA_118648,Brasília,5300108,,Piracicabana,064.1,https://moovitapp.com/index/pt-br/transporte_p%C3%BAblico-line-064_1-Brasilia-1702-850942-339292-0,-1.0,-15.61855,-47.65448,,,,1,2023-06-16T23:01:44+00:00
BRA_118893,Brasília,5300108,,Piracicabana,0.107,https://moovitapp.com/index/pt-br/transporte_p%C3%BAblico-line-0_107-Brasilia-1702-850942-242377-0,-1.0,-15.79738,-47.87522,,,,,2023-06-16T23:01:44+00:00
BRA_120251,Brasília,5300108,,Piracicabana,067.3,https://moovitapp.com/index/pt-br/transporte_p%C3%BAblico-line-067_3-Brasilia-1702-850942-339294-0,-1.0,-15.61192,-47.64788,,,,,2023-06-16T23:01:44+00:00
BRA_120642,Brasília,5300108,,Piracicabana,0.617,https://moovitapp.com/index/pt-br/transporte_p%C3%BAblico-line-0_617-Brasilia-1702-850942-242417-0,-1.0,-15.67934,-47.82925,,,,,2023-06-16T23:01:45+00:00
BRA_119261,Brasília,5300108,,Piracicabana,062.7,https://moovitapp.com/index/pt-br/transporte_p%C3%BAblico-line-062_7-Brasilia-1702-850942-494154-0,-1.0,-15.63916,-47.82109,,,,1,2023-06-16T23:01:46+00:00
BRA_119539,Brasília,5300108,,Piracicabana,519.1,https://moovitapp.com/index/pt-br/transporte_p%C3%BAblico-line-519_1-Brasilia-1702-850942-242482-0,-1.0,-15.64535,-47.84719,,,,,2023-06-16T23:01:47+00:00
BRA_120715,Brasília,5300108,,Piracicabana,601.2,https://moovitapp.com/index/pt-br/transporte_p%C3%BAblico-line-601_2-Brasilia-1702-850942-322378-0,-1.0,-15.60813,-47.69412,,,,,2023-06-16T23:01:47+00:00
BRA_120821,Brasília,5300108,,Piracicabana,0.136,https://moovitapp.com/index/pt-br/transporte_p%C3%BAblico-line-0_136-Brasilia-1702-850942-719957-0,-1.0,-15.73947,-47.89854,,,,,2023-06-16T23:01:47+00:00
BRA_116602,Brasília,5300108,,Piracicabana,0.168,https://moovitapp.com/index/pt-br/transporte_p%C3%BAblico-line-0_168-Brasilia-1702-850942-242392-0,-1.0,-15.7848,-47.93821,,,,,2023-06-16T23:01:47+00:00
BRA_116742,Brasília,5300108,,Piracicabana,115.1,https://moovitapp.com/index/pt-br/transporte_p%C3%BAblico-line-115_1-Brasilia-1702-850942-242436-0,-1.0,-15.73963,-47.8843,,,,,2023-06-16T23:01:47+00:00
BRA_118311,Brasília,5300108,,Piracicabana,102.6,https://moovitapp.com/index/pt-br/transporte_p%C3%BAblico-line-102_6-Brasilia-1702-850942-775091-0,-1.0,-15.83644,-47.93303,,,,1,2023-06-16T23:01:48+00:00
BRA_118486,Brasília,5300108,,Piracicabana,099.1,https://moovitapp.com/index/pt-br/transporte_p%C3%BAblico-line-099_1-Brasilia-1702-850942-775090-0,-1.0,-15.77468,-47.90664,,,,,2023-06-16T23:01:48+00:00
BRA_120219,Brasília,5300108,,Piracicabana,136.6,https://moovitapp.com/index/pt-br/transporte_p%C3%BAblico-line-136_6-Brasilia-1702-850942-773700-0,-1.0,-15.7507,-47.89486,,,,1,2023-06-16T23:01:49+00:00
BRA_117692,Brasília,5300108,,Piracicabana,505.5,https://moovitapp.com/index/pt-br/transporte_p%C3%BAblico-line-505_5-Brasilia-1702-850942-651521-0,-1.0,-15.64005,-47.82393,,,,,2023-06-16T23:01:49+00:00
BRA_117056,Brasília,5300108,,Piracicabana,0.032,https://moovitapp.com/index/pt-br/transporte_p%C3%BAblico-line-0_032-Brasilia-1702-850942-786257-0,-1.0,-15.83633,-47.93317,,,,1,2023-06-16T23:01:50+00:00
BRA_117889,Brasília,5300108,,Piracicabana,616.8,https://moovitapp.com/index/pt-br/transporte_p%C3%BAblico-line-616_8-Brasilia-1702-850942-128977718-0,-1.0,-15.61819,-47.65379,,,,1,2023-06-16T23:01:50+00:00
BRA_116548,Brasília,5300108,,Piracicabana,0.007,https://moovitapp.com/index/pt-br/transporte_p%C3%BAblico-line-0_007-Brasilia-1702-850942-775080-0,-1.0,-15.74283,-47.8867,,,,,2023-06-16T23:01:50+00:00
BRA_116904,Brasília,5300108,,Piracicabana,0.031,https://moovitapp.com/index/pt-br/transporte_p%C3%BAblico-line-0_031-Brasilia-1702-850942-786256-0,-1.0,-15.78835,-47.88831,,,,,2023-06-16T23:01:50+00:00
BRA_119920,Brasília,5300108,,Piracicabana,116.2,https://moovitapp.com/index/pt-br/transporte_p%C3%BAblico-line-116_2-Brasilia-1702-850942-60842780-0,-1.0,-15.78495,-47.91222,,,,,2023-06-16T23:01:50+00:00
BRA_119962,Brasília,5300108,,Piracicabana,0.143,https://moovitapp.com/index/pt-br/transporte_p%C3%BAblico-line-0_143-Brasilia-1702-850942-470747-0,-1.0,-15.78489,-47.91216,,,,,2023-06-16T23:01:50+00:00
BRA_118575,Brasília,5300108,,Piracicabana,110.2,https://moovitapp.com/index/pt-br/transporte_p%C3%BAblico-line-110_2-Brasilia-1702-850942-339295-0,-1.0,-15.79582,-47.87487,,,,,2023-06-16T23:01:50+00:00
BRA_119296,Brasília,5300108,,Piracicabana,062.6,https://moovitapp.com/index/pt-br/transporte_p%C3%BAblico-line-062_6-Brasilia-1702-850942-339289-0,-1.0,-15.64425,-47.79604,,,,,2023-06-16T23:01:50+00:00
BRA_119784,Brasília,5300108,,Piracicabana,643.1,https://moovitapp.com/index/pt-br/transporte_p%C3%BAblico-line-643_1-Brasilia-1702-850942-772850-0,-1.0,-15.65267,-47.77875,,,,,2023-06-16T23:01:51+00:00
BRA_121088,Brasília,5300108,,Piracicabana,0.640,https://moovitapp.com/index/pt-br/transporte_p%C3%BAblico-line-0_640-Brasilia-1702-850942-242423-0,-1.0,-15.60805,-47.69272,,,,,2023-06-16T23:01:51+00:00
BRA_118508,Brasília,5300108,,Piracicabana,0.114,https://moovitapp.com/index/pt-br/transporte_p%C3%BAblico-line-0_114-Brasilia-1702-850942-242379-0,-1.0,-15.7744,-47.90801,,,,,2023-06-16T23:01:52+00:00
BRA_118681,Brasília,5300108,,Piracicabana,158.1,https://moovitapp.com/index/pt-br/transporte_p%C3%BAblico-line-158_1-Brasilia-1702-850942-775094-0,-1.0,-15.78834,-47.94246,,,,,2023-06-16T23:01:52+00:00
BRA_120839,Brasília,5300108,,Piracicabana,156.5,https://moovitapp.com/index/pt-br/transporte_p%C3%BAblico-line-156_5-Brasilia-1702-850942-242464-0,-1.0,-15.8079,-47.931,,,,,2023-06-16T23:01:53+00:00
BRA_120308,Brasília,5300108,,Piracicabana,0.143,https://moovitapp.com/index/pt-br/transporte_p%C3%BAblico-line-0_143-Brasilia-1702-850942-470747-0,-1.0,-15.79371,-47.88289,,,,,2023-06-16T23:01:53+00:00
BRA_116572,Brasília,5300108,,Piracicabana,0.032,https://moovitapp.com/index/pt-br/transporte_p%C3%BAblico-line-0_032-Brasilia-1702-850942-786257-0,-1.0,-15.73458,-47.88605,,,,,2023-06-16T23:01:53+00:00
BRA_117994,Brasília,5300108,,Piracicabana,620.1,https://moovitapp.com/index/pt-br/transporte_p%C3%BAblico-line-620_1-Brasilia-1702-850942-697955-0,-1.0,-15.78392,-47.8813,,,,,2023-06-16T23:01:53+00:00
BRA_120961,Brasília,5300108,,Piracicabana,0.600,https://moovitapp.com/index/pt-br/transporte_p%C3%BAblico-line-0_600-Brasilia-1702-850942-242410-0,-1.0,-15.65602,-47.78598,,,,,2023-06-16T23:01:54+00:00
BRA_118800,Brasília,5300108,,Piracicabana,0.605,https://moovitapp.com/index/pt-br/transporte_p%C3%BAblico-line-0_605-Brasilia-1702-850942-242415-0,-1.0,-15.60089,-47.67985,,,,,2023-06-16T23:01:54+00:00
BRA_119016,Brasília,5300108,,Piracicabana,0.110,https://moovitapp.com/index/pt-br/transporte_p%C3%BAblico-line-0_110-Brasilia-1702-850942-339284-0,-1.0,-15.76159,-47.87477,,,,,2023-06-16T23:01:55+00:00
BRA_120561,Brasília,5300108,,Piracicabana,0.504,https://moovitapp.com/index/pt-br/transporte_p%C3%BAblico-line-0_504-Brasilia-1702-850942-781321-0,-1.0,-15.64827,-47.78099,,,,,2023-06-16T23:01:55+00:00
BRA_117048,Brasília,5300108,,Piracicabana,0.031,https://moovitapp.com/index/pt-br/transporte_p%C3%BAblico-line-0_031-Brasilia-1702-850942-786256-0,-1.0,-15.81688,-47.89061,,,,,2023-06-16T23:01:55+00:00
BRA_118842,Brasília,5300108,,Piracicabana,0.109,https://moovitapp.com/index/pt-br/transporte_p%C3%BAblico-line-0_109-Brasilia-1702-850942-139332631-0,-1.0,-15.78622,-47.91012,,,,,2023-06-16T23:01:55+00:00
BRA_115282,Brasília,5300108,,Piracicabana,110.2,https://moovitapp.com/index/pt-br/transporte_p%C3%BAblico-line-110_2-Brasilia-1702-850942-339295-0,-1.0,-15.7945,-47.87577,,,,1,2023-06-16T23:01:55+00:00
BRA_115894,Brasília,5300108,,Piracicabana,0.501,https://moovitapp.com/index/pt-br/transporte_p%C3%BAblico-line-0_501-Brasilia-1702-850942-663228-0,-1.0,-15.68018,-47.83457,,,,,2023-06-16T23:01:55+00:00
BRA_116025,Brasília,5300108,,Piracicabana,0.509,https://moovitapp.com/index/pt-br/transporte_p%C3%BAblico-line-0_509-Brasilia-1702-850942-242397-0,-1.0,-15.72395,-47.89561,,,,,2023-06-16T23:01:56+00:00
BRA_117595,Brasília,5300108,,Piracicabana,062.7,https://moovitapp.com/index/pt-br/transporte_p%C3%BAblico-line-062_7-Brasilia-1702-850942-494154-0,-1.0,-15.66268,-47.80023,,,,,2023-06-16T23:01:56+00:00
BRA_117676,Brasília,5300108,,Piracicabana,505.5,https://moovitapp.com/index/pt-br/transporte_p%C3%BAblico-line-505_5-Brasilia-1702-850942-651521-0,-1.0,-15.64927,-47.78577,,,,1,2023-06-16T23:01:56+00:00
BRA_119113,Brasília,5300108,,Piracicabana,0.509,https://moovitapp.com/index/pt-br/transporte_p%C3%BAblico-line-0_509-Brasilia-1702-850942-242397-0,-1.0,-15.83577,-47.93195,,,,1,2023-06-16T23:01:56+00:00
BRA_118753,Brasília,5300108,,Piracicabana,0.640,https://moovitapp.com/index/pt-br/transporte_p%C3%BAblico-line-0_640-Brasilia-1702-850942-242423-0,-1.0,-15.70968,-47.8953,,,,,2023-06-16T23:01:57+00:00
BRA_120880,Brasília,5300108,,Piracicabana,158.1,https://moovitapp.com/index/pt-br/transporte_p%C3%BAblico-line-158_1-Brasilia-1702-850942-775094-0,-1.0,-15.78837,-47.97713,,,,,2023-06-16T23:01:57+00:00
BRA_115657,Brasília,5300108,,Piracicabana,643.1,https://moovitapp.com/index/pt-br/transporte_p%C3%BAblico-line-643_1-Brasilia-1702-850942-772850-0,-1.0,-15.79414,-47.88032,,,,,2023-06-16T23:01:57+00:00
BRA_117986,Brasília,5300108,,Piracicabana,643.2,https://moovitapp.com/index/pt-br/transporte_p%C3%BAblico-line-643_2-Brasilia-1702-850942-128977732-0,-1.0,-15.66232,-47.80014,,,,,2023-06-16T23:01:58+00:00
BRA_119679,Brasília,5300108,,Piracicabana,505.3,https://moovitapp.com/index/pt-br/transporte_p%C3%BAblico-line-505_3-Brasilia-1702-850942-352626-0,-1.0,-15.64991,-47.79129,,,,,2023-06-16T23:01:58+00:00
BRA_119709,Brasília,5300108,,Piracicabana,640.2,https://moovitapp.com/index/pt-br/transporte_p%C3%BAblico-line-640_2-Brasilia-1702-850942-697957-0,-1.0,-15.79754,-47.89191,,,,,2023-06-16T23:01:59+00:00
BRA_116475,Brasília,5300108,,Piracicabana,0.007,https://moovitapp.com/index/pt-br/transporte_p%C3%BAblico-line-0_007-Brasilia-1702-850942-775080-0,-1.0,-15.79443,-47.88488,,,,,2023-06-16T23:01:59+00:00
BRA_115835,Brasília,5300108,,Piracicabana,0.504,https://moovitapp.com/index/pt-br/transporte_p%C3%BAblico-line-0_504-Brasilia-1702-850942-781321-0,-1.0,-15.60846,-47.69376,,,,,2023-06-16T23:01:59+00:00
BRA_118117,Brasília,5300108,,Piracicabana,0.640,https://moovitapp.com/index/pt-br/transporte_p%C3%BAblico-line-0_640-Brasilia-1702-850942-242423-0,-1.0,-15.61135,-47.64981,,,,,2023-06-16T23:02:00+00:00
BRA_120987,Brasília,5300108,,Piracicabana,0.624,https://moovitapp.com/index/pt-br/transporte_p%C3%BAblico-line-0_624-Brasilia-1702-850942-470749-0,-1.0,-15.65009,-47.77359,,,,,2023-06-16T23:02:01+00:00
BRA_119636,Brasília,5300108,,Piracicabana,152.5,https://moovitapp.com/index/pt-br/transporte_p%C3%BAblico-line-152_5-Brasilia-1702-850942-542828-0,-1.0,-15.7872,-47.89749,,,,,2023-06-16T23:02:01+00:00
BRA_117633,Brasília,5300108,,Piracicabana,0.518,https://moovitapp.com/index/pt-br/transporte_p%C3%BAblico-line-0_518-Brasilia-1702-850942-580670-0,-1.0,-15.80139,-47.86243,,,,,2023-06-16T23:02:01+00:00
BRA_115991,Brasília,5300108,,Piracicabana,512.1,https://moovitapp.com/index/pt-br/transporte_p%C3%BAblico-line-512_1-Brasilia-1702-850942-474401-0,-1.0,-15.79333,-47.89003,,,,,2023-06-16T23:02:01+00:00
BRA_115983,Brasília,5300108,,Piracicabana,512.1,https://moovitapp.com/index/pt-br/transporte_p%C3%BAblico-line-512_1-Brasilia-1702-850942-474401-0,-1.0,-15.74528,-47.89706,,,,,2023-06-16T23:02:02+00:00
BRA_119253,Brasília,5300108,,Piracicabana,063.1,https://moovitapp.com/index/pt-br/transporte_p%C3%BAblico-line-063_1-Brasilia-1702-850942-339291-0,-1.0,-15.64964,-47.78619,,,,,2023-06-16T23:02:02+00:00
BRA_120090,Brasília,5300108,,Piracicabana,153.2,https://moovitapp.com/index/pt-br/transporte_p%C3%BAblico-line-153_2-Brasilia-1702-850942-775093-0,-1.0,-15.79376,-47.88295,,,,1,2023-06-16T23:02:02+00:00
BRA_120685,Brasília,5300108,,Piracicabana,643.2,https://moovitapp.com/index/pt-br/transporte_p%C3%BAblico-line-643_2-Brasilia-1702-850942-128977732-0,-1.0,-15.65968,-47.79388,,,,,2023-06-16T23:02:03+00:00
BRA_119181,Brasília,5300108,,Piracicabana,062.9,https://moovitapp.com/index/pt-br/transporte_p%C3%BAblico-line-062_9-Brasilia-1702-850942-77230028-0,-1.0,-15.64733,-47.8052,,,,,2023-06-16T23:02:03+00:00
BRA_116505,Brasília,5300108,,Piracicabana,151.2,https://moovitapp.com/index/pt-br/transporte_p%C3%BAblico-line-151_2-Brasilia-1702-850942-242458-0,-1.0,-15.80083,-47.94458,,,,1,2023-06-16T23:02:04+00:00
BRA_118991,Brasília,5300108,,Piracicabana,105.2,https://moovitapp.com/index/pt-br/transporte_p%C3%BAblico-line-105_2-Brasilia-1702-850942-12015265-0,-1.0,-15.80137,-47.8768,,,,,2023-06-16T23:02:04+00:00
BRA_120421,Brasília,5300108,,Piracicabana,0.640,https://moovitapp.com/index/pt-br/transporte_p%C3%BAblico-line-0_640-Brasilia-1702-850942-242423-0,-1.0,-15.61809,-47.64376,,,,,2023-06-16T23:02:04+00:00
BRA_120332,Brasília,5300108,,Piracicabana,0.110,https://moovitapp.com/index/pt-br/transporte_p%C3%BAblico-line-0_110-Brasilia-1702-850942-339284-0,-1.0,-15.79524,-47.88159,,,,,2023-06-16T23:02:04+00:00
BRA_119814,Brasília,5300108,,Piracicabana,0.641,https://moovitapp.com/index/pt-br/transporte_p%C3%BAblico-line-0_641-Brasilia-1702-850942-242424-0,-1.0,-15.65913,-47.79314,,,,,2023-06-16T23:02:05+00:00
BRA_118770,Brasília,5300108,,Piracicabana,115.1,https://moovitapp.com/index/pt-br/transporte_p%C3%BAblico-line-115_1-Brasilia-1702-850942-242436-0,-1.0,-15.79394,-47.8831,,,,1,2023-06-16T23:02:05+00:00
BRA_118435,Brasília,5300108,,Piracicabana,0.640,https://moovitapp.com/index/pt-br/transporte_p%C3%BAblico-line-0_640-Brasilia-1702-850942-242423-0,-1.0,-15.83591,-47.93286,,,,1,2023-06-16T23:02:05+00:00
BRA_117307,Brasília,5300108,,Piracicabana,616.3,https://moovitapp.com/index/pt-br/transporte_p%C3%BAblico-line-616_3-Brasilia-1702-850942-242500-0,-1.0,-15.83106,-47.93048,,,,,2023-06-16T23:02:05+00:00
BRA_117552,Brasília,5300108,,Piracicabana,0.511,https://moovitapp.com/index/pt-br/transporte_p%C3%BAblico-line-0_511-Brasilia-1702-850942-770023-0,-1.0,-15.65786,-47.8054,,,,1,2023-06-16T23:02:05+00:00
BRA_117471,Brasília,5300108,,Piracicabana,063.1,https://moovitapp.com/index/pt-br/transporte_p%C3%BAblico-line-063_1-Brasilia-1702-850942-339291-0,-1.0,-15.64687,-47.82367,,,,,2023-06-16T23:02:05+00:00
BRA_117391,Brasília,5300108,,Piracicabana,0.169,https://moovitapp.com/index/pt-br/transporte_p%C3%BAblico-line-0_169-Brasilia-1702-850942-242393-0,-1.0,-15.78711,-47.93134,,,,,2023-06-16T23:02:06+00:00
BRA_117650,Brasília,5300108,,Piracicabana,099.1,https://moovitapp.com/index/pt-br/transporte_p%C3%BAblico-line-099_1-Brasilia-1702-850942-775090-0,-1.0,-15.84181,-48.02843,,,,,2023-06-16T23:02:06+00:00
BRA_120294,Brasília,5300108,,Piracicabana,605.1,https://moovitapp.com/index/pt-br/transporte_p%C3%BAblico-line-605_1-Brasilia-1702-850942-242496-0,-1.0,-15.59554,-47.66915,,,,,2023-06-16T23:02:06+00:00
BRA_116696,Brasília,5300108,,Piracicabana,0.110,https://moovitapp.com/index/pt-br/transporte_p%C3%BAblico-line-0_110-Brasilia-1702-850942-339284-0,-1.0,-15.77228,-47.86626,,,,,2023-06-16T23:02:07+00:00
BRA_117374,Brasília,5300108,,Piracicabana,630.1,https://moovitapp.com/index/pt-br/transporte_p%C3%BAblico-line-630_1-Brasilia-1702-850942-476290-0,-1.0,-15.65873,-47.79219,,,,,2023-06-16T23:02:07+00:00
BRA_117820,Brasília,5300108,,Piracicabana,128.1,https://moovitapp.com/index/pt-br/transporte_p%C3%BAblico-line-128_1-Brasilia-1702-850942-53234107-0,-1.0,-15.78722,-47.88799,,,,,2023-06-16T23:02:08+00:00
BRA_119750,Brasília,5300108,,Piracicabana,501.3,https://moovitapp.com/index/pt-br/transporte_p%C3%BAblico-line-501_3-Brasilia-1702-850942-242472-0,-1.0,-15.81232,-47.89611,,,,,2023-06-16T23:02:08+00:00
BRA_118656,Brasília,5300108,,Piracicabana,616.4,https://moovitapp.com/index/pt-br/transporte_p%C3%BAblico-line-616_4-Brasilia-1702-850942-494158-0,-1.0,-15.60413,-47.65467,,,,,2023-06-16T23:02:08+00:00
BRA_118494,Brasília,5300108,,Piracicabana,0.620,https://moovitapp.com/index/pt-br/transporte_p%C3%BAblico-line-0_620-Brasilia-1702-850942-470748-0,-1.0,-15.64797,-47.76901,,,,,2023-06-16T23:02:09+00:00
BRA_118923,Brasília,5300108,,Piracicabana,0.518,https://moovitapp.com/index/pt-br/transporte_p%C3%BAblico-line-0_518-Brasilia-1702-850942-580670-0,-1.0,-15.6381,-47.8389,,,,,2023-06-16T23:02:09+00:00
BRA_120057,Brasília,5300108,,Piracicabana,158.1,https://moovitapp.com/index/pt-br/transporte_p%C3%BAblico-line-158_1-Brasilia-1702-850942-775094-0,-1.0,-15.80941,-47.90215,,,,,2023-06-16T23:02:09+00:00
BRA_120804,Brasília,5300108,,Piracicabana,128.1,https://moovitapp.com/index/pt-br/transporte_p%C3%BAblico-line-128_1-Brasilia-1702-850942-53234107-0,-1.0,-15.75519,-47.90825,,,,,2023-06-16T23:02:09+00:00
BRA_118133,Brasília,5300108,,Piracicabana,152.5,https://moovitapp.com/index/pt-br/transporte_p%C3%BAblico-line-152_5-Brasilia-1702-850942-542828-0,-1.0,-15.79061,-47.93316,,,,,2023-06-16T23:02:09+00:00
BRA_117111,Brasília,5300108,,Piracicabana,099.1,https://moovitapp.com/index/pt-br/transporte_p%C3%BAblico-line-099_1-Brasilia-1702-850942-775090-0,-1.0,-15.84197,-48.02768,,,,1,2023-06-16T23:02:09+00:00
BRA_115878,Brasília,5300108,,Piracicabana,0.509,https://moovitapp.com/index/pt-br/transporte_p%C3%BAblico-line-0_509-Brasilia-1702-850942-242397-0,-1.0,-15.64951,-47.78592,,,,,2023-06-16T23:02:09+00:00
BRA_115941,Brasília,5300108,,Piracicabana,0.513,https://moovitapp.com/index/pt-br/transporte_p%C3%BAblico-line-0_513-Brasilia-1702-850942-242399-0,-1.0,-15.68519,-47.8474,,,,,2023-06-16T23:02:09+00:00
BRA_116149,Brasília,5300108,,Piracicabana,601.1,https://moovitapp.com/index/pt-br/transporte_p%C3%BAblico-line-601_1-Brasilia-1702-850942-322377-0,-1.0,-15.60408,-47.64815,,,,,2023-06-16T23:02:09+00:00
BRA_117277,Brasília,5300108,,Piracicabana,504.1,https://moovitapp.com/index/pt-br/transporte_p%C3%BAblico-line-504_1-Brasilia-1702-850942-242476-0,-1.0,-15.60227,-47.68333,,,,,2023-06-16T23:02:10+00:00
BRA_118150,Brasília,5300108,,Piracicabana,0.103,https://moovitapp.com/index/pt-br/transporte_p%C3%BAblico-line-0_103-Brasilia-1702-850942-335705-0,-1.0,-15.80582,-47.83183,,,,,2023-06-16T23:02:10+00:00
BRA_120596,Brasília,5300108,,Piracicabana,0.600,https://moovitapp.com/index/pt-br/transporte_p%C3%BAblico-line-0_600-Brasilia-1702-850942-242410-0,-1.0,-15.62447,-47.64647,,,,,2023-06-16T23:02:10+00:00
BRA_119393,Brasília,5300108,,Piracicabana,062.7,https://moovitapp.com/index/pt-br/transporte_p%C3%BAblico-line-062_7-Brasilia-1702-850942-494154-0,-1.0,-15.64687,-47.82367,,,,,2023-06-16T23:02:10+00:00
BRA_116513,Brasília,5300108,,Piracicabana,151.2,https://moovitapp.com/index/pt-br/transporte_p%C3%BAblico-line-151_2-Brasilia-1702-850942-242458-0,-1.0,-15.76547,-47.90736,,,,,2023-06-16T23:02:12+00:00
BRA_117412,Brasília,5300108,,Piracicabana,158.1,https://moovitapp.com/index/pt-br/transporte_p%C3%BAblico-line-158_1-Brasilia-1702-850942-775094-0,-1.0,-15.78222,-48.00045,,,,,2023-06-16T23:02:12+00:00
BRA_117480,Brasília,5300108,,Piracicabana,501.3,https://moovitapp.com/index/pt-br/transporte_p%C3%BAblico-line-501_3-Brasilia-1702-850942-242472-0,-1.0,-15.64629,-47.82433,,,,,2023-06-16T23:02:12+00:00
BRA_117668,Brasília,5300108,,Piracicabana,136.7,https://moovitapp.com/index/pt-br/transporte_p%C3%BAblico-line-136_7-Brasilia-1702-850942-242451-0,-1.0,-15.79418,-47.87502,,,,,2023-06-16T23:02:12+00:00
BRA_117382,Brasília,5300108,,Piracicabana,640.2,https://moovitapp.com/index/pt-br/transporte_p%C3%BAblico-line-640_2-Brasilia-1702-850942-697957-0,-1.0,-15.78078,-47.88783,,,,1,2023-06-16T23:02:12+00:00
BRA_118958,Brasília,5300108,,Piracicabana,630.1,https://moovitapp.com/index/pt-br/transporte_p%C3%BAblico-line-630_1-Brasilia-1702-850942-476290-0,-1.0,-15.65061,-47.7745,,,,,2023-06-16T23:02:13+00:00
BRA_118583,Brasília,5300108,,Piracicabana,0.640,https://moovitapp.com/index/pt-br/transporte_p%C3%BAblico-line-0_640-Brasilia-1702-850942-242423-0,-1.0,-15.76606,-47.88997,,,,,2023-06-16T23:02:13+00:00
BRA_117293,Brasília,5300108,,Piracicabana,0.517,https://moovitapp.com/index/pt-br/transporte_p%C3%BAblico-line-0_517-Brasilia-1702-850942-242400-0,-1.0,-15.6871,-47.85942,,,,,2023-06-16T23:02:13+00:00
BRA_117251,Brasília,5300108,,Piracicabana,643.1,https://moovitapp.com/index/pt-br/transporte_p%C3%BAblico-line-643_1-Brasilia-1702-850942-772850-0,-1.0,-15.6812,-47.83519,,,,,2023-06-16T23:02:13+00:00
BRA_117234,Brasília,5300108,,Piracicabana,103.2,https://moovitapp.com/index/pt-br/transporte_p%C3%BAblico-line-103_2-Brasilia-1702-850942-474397-0,-1.0,-15.80269,-47.85001,,,,,2023-06-16T23:02:14+00:00
BRA_117421,Brasília,5300108,,Piracicabana,616.8,https://moovitapp.com/index/pt-br/transporte_p%C3%BAblico-line-616_8-Brasilia-1702-850942-128977718-0,-1.0,-15.61763,-47.65462,,,,,2023-06-16T23:02:14+00:00
BRA_117790,Brasília,5300108,,Piracicabana,504.4,https://moovitapp.com/index/pt-br/transporte_p%C3%BAblico-line-504_4-Brasilia-1702-850942-771759-0,-1.0,-15.6097,-47.69606,,,,,2023-06-16T23:02:14+00:00
BRA_120278,Brasília,5300108,,Piracicabana,616.9,https://moovitapp.com/index/pt-br/transporte_p%C3%BAblico-line-616_9-Brasilia-1702-850942-128977719-0,-1.0,-15.71184,-47.89759,,,,,2023-06-16T23:02:14+00:00
BRA_120898,Brasília,5300108,,Piracicabana,0.151,https://moovitapp.com/index/pt-br/transporte_p%C3%BAblico-line-0_151-Brasilia-1702-850942-775087-0,-1.0,-15.78867,-47.93871,,,,,2023-06-16T23:02:14+00:00
BRA_120405,Brasília,5300108,,Piracicabana,0.136,https://moovitapp.com/index/pt-br/transporte_p%C3%BAblico-line-0_136-Brasilia-1702-850942-719957-0,-1.0,-15.76787,-47.87579,,,,,2023-06-16T23:02:15+00:00
BRA_117749,Brasília,5300108,,Piracicabana,501.3,https://moovitapp.com/index/pt-br/transporte_p%C3%BAblico-line-501_3-Brasilia-1702-850942-242472-0,-1.0,-15.64577,-47.82014,,,,,2023-06-16T23:02:15+00:00
BRA_117617,Brasília,5300108,,Piracicabana,099.1,https://moovitapp.com/index/pt-br/transporte_p%C3%BAblico-line-099_1-Brasilia-1702-850942-775090-0,-1.0,-15.80784,-47.96862,,,,,2023-06-16T23:02:16+00:00
BRA_117269,Brasília,5300108,,Piracicabana,616.8,https://moovitapp.com/index/pt-br/transporte_p%C3%BAblico-line-616_8-Brasilia-1702-850942-128977718-0,-1.0,-15.71816,-47.89783,,,,,2023-06-16T23:02:16+00:00
BRA_117340,Brasília,5300108,,Piracicabana,504.4,https://moovitapp.com/index/pt-br/transporte_p%C3%BAblico-line-504_4-Brasilia-1702-850942-771759-0,-1.0,-15.61183,-47.68936,,,,1,2023-06-16T23:02:16+00:00
BRA_115339,Brasília,5300108,,Piracicabana,0.109,https://moovitapp.com/index/pt-br/transporte_p%C3%BAblico-line-0_109-Brasilia-1702-850942-139332631-0,-1.0,-15.79912,-47.86225,,,,,2023-06-16T23:02:16+00:00
BRA_120413,Brasília,5300108,,Piracicabana,0.601,https://moovitapp.com/index/pt-br/transporte_p%C3%BAblico-line-0_601-Brasilia-1702-850942-242411-0,-1.0,-15.64707,-47.76697,,,,,2023-06-16T23:02:16+00:00
BRA_119326,Brasília,5300108,,Piracicabana,505.3,https://moovitapp.com/index/pt-br/transporte_p%C3%BAblico-line-505_3-Brasilia-1702-850942-352626-0,-1.0,-15.63958,-47.82341,,,,,2023-06-16T23:02:16+00:00
BRA_115908,Brasília,5300108,,Piracicabana,505.8,https://moovitapp.com/index/pt-br/transporte_p%C3%BAblico-line-505_8-Brasilia-1702-850942-339297-0,-1.0,-15.65573,-47.8564,,,,,2023-06-16T23:02:18+00:00
BRA_117323,Brasília,5300108,,Piracicabana,630.1,https://moovitapp.com/index/pt-br/transporte_p%C3%BAblico-line-630_1-Brasilia-1702-850942-476290-0,-1.0,-15.79453,-47.88046,,,,,2023-06-16T23:02:18+00:00
BRA_117846,Brasília,5300108,,Piracicabana,504.1,https://moovitapp.com/index/pt-br/transporte_p%C3%BAblico-line-504_1-Brasilia-1702-850942-242476-0,-1.0,-15.64624,-47.7767,,,,,2023-06-16T23:02:18+00:00
BRA_120391,Brasília,5300108,,Piracicabana,066.3,https://moovitapp.com/index/pt-br/transporte_p%C3%BAblico-line-066_3-Brasilia-1702-850942-513542-0,-1.0,-15.59876,-47.68302,,,,,2023-06-16T23:02:18+00:00
BRA_120430,Brasília,5300108,,Piracicabana,0.116,https://moovitapp.com/index/pt-br/transporte_p%C3%BAblico-line-0_116-Brasilia-1702-850942-242381-0,-1.0,-15.7507,-47.89486,,,,,2023-06-16T23:02:19+00:00
BRA_119873,Brasília,5300108,,Piracicabana,617.2,https://moovitapp.com/index/pt-br/transporte_p%C3%BAblico-line-617_2-Brasilia-1702-850942-242504-0,-1.0,-15.60561,-47.6887,,,,,2023-06-16T23:02:19+00:00
BRA_120171,Brasília,5300108,,Piracicabana,0.617,https://moovitapp.com/index/pt-br/transporte_p%C3%BAblico-line-0_617-Brasilia-1702-850942-242417-0,-1.0,-15.73525,-47.89164,,,,,2023-06-16T23:02:19+00:00
BRA_121029,Brasília,5300108,,Piracicabana,0.617,https://moovitapp.com/index/pt-br/transporte_p%C3%BAblico-line-0_617-Brasilia-1702-850942-242417-0,-1.0,-15.68153,-47.83611,,,,,2023-06-16T23:02:19+00:00
BRA_118737,Brasília,5300108,,Piracicabana,0.107,https://moovitapp.com/index/pt-br/transporte_p%C3%BAblico-line-0_107-Brasilia-1702-850942-242377-0,-1.0,-15.79814,-47.89234,,,,,2023-06-16T23:02:19+00:00
BRA_118796,Brasília,5300108,,Piracicabana,0.150,https://moovitapp.com/index/pt-br/transporte_p%C3%BAblico-line-0_150-Brasilia-1702-850942-775086-0,-1.0,-15.7938,-47.88293,,,,1,2023-06-16T23:02:19+00:00
BRA_117579,Brasília,5300108,,Piracicabana,0.515,https://moovitapp.com/index/pt-br/transporte_p%C3%BAblico-line-0_515-Brasilia-1702-850942-26501707-0,-1.0,-15.68462,-47.86387,,,,,2023-06-16T23:02:19+00:00
BRA_117561,Brasília,5300108,,Piracicabana,501.7,https://moovitapp.com/index/pt-br/transporte_p%C3%BAblico-line-501_7-Brasilia-1702-850942-519379-0,-1.0,-15.81089,-47.89262,,,,,2023-06-16T23:02:19+00:00
BRA_115932,Brasília,5300108,,Piracicabana,531.1,https://moovitapp.com/index/pt-br/transporte_p%C3%BAblico-line-531_1-Brasilia-1702-850942-476289-0,-1.0,-15.58729,-47.86377,,,,,2023-06-16T23:02:19+00:00
BRA_116190,Brasília,5300108,,Piracicabana,067.3,https://moovitapp.com/index/pt-br/transporte_p%C3%BAblico-line-067_3-Brasilia-1702-850942-339294-0,-1.0,-15.63628,-47.65152,,,,,2023-06-16T23:02:19+00:00
BRA_116963,Brasília,5300108,,Piracicabana,0.006,https://moovitapp.com/index/pt-br/transporte_p%C3%BAblico-line-0_006-Brasilia-1702-850942-775079-0,-1.0,-15.79965,-47.92284,,,,,2023-06-16T23:02:19+00:00
BRA_116297,Brasília,5300108,,Piracicabana,601.2,https://moovitapp.com/index/pt-br/transporte_p%C3%BAblico-line-601_2-Brasilia-1702-850942-322378-0,-1.0,-15.61854,-47.65004,,,,,2023-06-16T23:02:20+00:00
BRA_118427,Brasília,5300108,,Piracicabana,136.6,https://moovitapp.com/index/pt-br/transporte_p%C3%BAblico-line-136_6-Brasilia-1702-850942-773700-0,-1.0,-15.83644,-47.93376,,,,,2023-06-16T23:02:20+00:00
BRA_117871,Brasília,5300108,,Piracicabana,505.8,https://moovitapp.com/index/pt-br/transporte_p%C3%BAblico-line-505_8-Brasilia-1702-850942-339297-0,-1.0,-15.6479,-47.81229,,,,,2023-06-16T23:02:20+00:00
BRA_118877,Brasília,5300108,,Piracicabana,158.1,https://moovitapp.com/index/pt-br/transporte_p%C3%BAblico-line-158_1-Brasilia-1702-850942-775094-0,-1.0,-15.8118,-47.90543,,,,,2023-06-16T23:02:20+00:00
BRA_119130,Brasília,5300108,,Piracicabana,511.4,https://moovitapp.com/index/pt-br/transporte_p%C3%BAblico-line-511_4-Brasilia-1702-850942-770030-0,-1.0,-15.76315,-47.78058,,,,,2023-06-16T23:02:20+00:00
BRA_119725,Brasília,5300108,,Piracicabana,604.3,https://moovitapp.com/index/pt-br/transporte_p%C3%BAblico-line-604_3-Brasilia-1702-850942-242495-0,-1.0,-15.646,-47.7647,,,,,2023-06-16T23:02:20+00:00
BRA_119547,Brasília,5300108,,Piracicabana,0.517,https://moovitapp.com/index/pt-br/transporte_p%C3%BAblico-line-0_517-Brasilia-1702-850942-242400-0,-1.0,-15.72009,-47.8973,,,,,2023-06-16T23:02:20+00:00
BRA_118591,Brasília,5300108,,Piracicabana,106.2,https://moovitapp.com/index/pt-br/transporte_p%C3%BAblico-line-106_2-Brasilia-1702-850942-242433-0,-1.0,-15.81523,-47.88897,,,,,2023-06-16T23:02:21+00:00
BRA_120286,Brasília,5300108,,Piracicabana,162.1,https://moovitapp.com/index/pt-br/transporte_p%C3%BAblico-line-162_1-Brasilia-1702-850942-762425-0,-1.0,-15.79659,-47.89119,,,,,2023-06-16T23:02:21+00:00
BRA_118389,Brasília,5300108,,Piracicabana,602.1,https://moovitapp.com/index/pt-br/transporte_p%C3%BAblico-line-602_1-Brasilia-1702-850942-242491-0,-1.0,-15.83573,-47.93252,,,,1,2023-06-16T23:02:21+00:00
BRA_115711,Brasília,5300108,,Piracicabana,0.641,https://moovitapp.com/index/pt-br/transporte_p%C3%BAblico-line-0_641-Brasilia-1702-850942-242424-0,-1.0,-15.76557,-47.89019,,,,,2023-06-16T23:02:21+00:00
BRA_116947,Brasília,5300108,,Piracicabana,0.024,https://moovitapp.com/index/pt-br/transporte_p%C3%BAblico-line-0_024-Brasilia-1702-850942-781320-0,-1.0,-15.80147,-47.88452,,,,,2023-06-16T23:02:21+00:00
BRA_117706,Brasília,5300108,,Piracicabana,616.1,https://moovitapp.com/index/pt-br/transporte_p%C3%BAblico-line-616_1-Brasilia-1702-850942-242498-0,-1.0,-15.73137,-47.67096,,,,,2023-06-16T23:02:22+00:00
BRA_117285,Brasília,5300108,,Piracicabana,0.620,https://moovitapp.com/index/pt-br/transporte_p%C3%BAblico-line-0_620-Brasilia-1702-850942-470748-0,-1.0,-15.63215,-47.73621,,,,,2023-06-16T23:02:22+00:00
BRA_120481,Brasília,5300108,,Piracicabana,107.1,https://moovitapp.com/index/pt-br/transporte_p%C3%BAblico-line-107_1-Brasilia-1702-850942-242434-0,-1.0,-15.80792,-47.88253,,,,,2023-06-16T23:02:22+00:00
BRA_118966,Brasília,5300108,,Piracicabana,616.8,https://moovitapp.com/index/pt-br/transporte_p%C3%BAblico-line-616_8-Brasilia-1702-850942-128977718-0,-1.0,-15.83928,-47.92084,,,,,2023-06-16T23:02:23+00:00
BRA_118915,Brasília,5300108,,Piracicabana,0.620,https://moovitapp.com/index/pt-br/transporte_p%C3%BAblico-line-0_620-Brasilia-1702-850942-470748-0,-1.0,-15.79516,-47.88295,,,,1,2023-06-16T23:02:23+00:00
BRA_118231,Brasília,5300108,,Piracicabana,0.114,https://moovitapp.com/index/pt-br/transporte_p%C3%BAblico-line-0_114-Brasilia-1702-850942-242379-0,-1.0,-15.81513,-47.88886,,,,1,2023-06-16T23:02:23+00:00
BRA_118541,Brasília,5300108,,Piracicabana,0.110,https://moovitapp.com/index/pt-br/transporte_p%C3%BAblico-line-0_110-Brasilia-1702-850942-339284-0,-1.0,-15.79377,-47.88271,,,,1,2023-06-16T23:02:25+00:00
