bus_id,city,city_code,adapted,agency,line_code,line_url,line_fare,latitude,longitude,bus_speed,is_eletric,bus_type,bus_direction,updated_at
BRA_340693,Brasília,5300108,,Urbi,391.3,https://moovitapp.com/index/pt-br/transporte_p%C3%BAblico-line-391_3-Brasilia-1702-851595-372373-0,-1.0,-15.92106,-48.10869,0.0,,,1,2023-06-17T17:48:43+00:00
BRA_335673,Brasília,5300108,,Urbi,0.346,https://moovitapp.com/index/pt-br/transporte_p%C3%BAblico-line-0_346-Brasilia-1702-851595-46461186-0,-1.0,-15.83723,-47.96587,16.11,,,1,2023-06-17T19:18:16+00:00
BRA_340707,Brasília,5300108,,Urbi,0.391,https://moovitapp.com/index/pt-br/transporte_p%C3%BAblico-line-0_391-Brasilia-1702-851595-372354-0,-1.0,-15.87622,-48.11064,7.78,,,1,2023-06-17T19:19:11+00:00
BRA_340201,Brasília,5300108,,Urbi,397.2,https://moovitapp.com/index/pt-br/transporte_p%C3%BAblico-line-397_2-Brasilia-1702-851595-890938-0,-1.0,-15.81254,-48.09554,14.72,,,1,2023-06-17T19:25:04+00:00
BRA_337790,Brasília,5300108,,Urbi,0.809,https://moovitapp.com/index/pt-br/transporte_p%C3%BAblico-line-0_809-Brasilia-1702-851595-516630-0,-1.0,-15.87681,-47.99346,20.0,,,1,2023-06-17T19:27:33+00:00
BRA_340677,Brasília,5300108,,Urbi,0.050,https://moovitapp.com/index/pt-br/transporte_p%C3%BAblico-line-0_050-Brasilia-1702-851595-781325-0,-1.0,-15.88375,-48.15017,0.28,,,2,2023-06-17T19:29:06+00:00
BRA_337692,Brasília,5300108,,Urbi,0.808,https://moovitapp.com/index/pt-br/transporte_p%C3%BAblico-line-0_808-Brasilia-1702-851595-372359-0,-1.0,-15.81081,-48.09101,0.0,,,2,2023-06-17T19:29:27+00:00
BRA_340499,Brasília,5300108,,Urbi,0.366,https://moovitapp.com/index/pt-br/transporte_p%C3%BAblico-line-0_366-Brasilia-1702-851595-650085-0,-1.0,-15.90241,-48.12971,0.0,,,2,2023-06-17T19:32:20+00:00
BRA_336645,Brasília,5300108,,Urbi,380.2,https://moovitapp.com/index/pt-br/transporte_p%C3%BAblico-line-380_2-Brasilia-1702-851595-334086-0,-1.0,-15.83022,-48.03854,15.0,,,2,2023-06-17T19:32:39+00:00
BRA_336483,Brasília,5300108,,Urbi,0.813,https://moovitapp.com/index/pt-br/transporte_p%C3%BAblico-line-0_813-Brasilia-1702-851595-651523-0,-1.0,-15.81656,-48.01013,19.72,,,1,2023-06-17T19:32:53+00:00
BRA_338362,Brasília,5300108,,Urbi,0.808,https://moovitapp.com/index/pt-br/transporte_p%C3%BAblico-line-0_808-Brasilia-1702-851595-372359-0,-1.0,-15.93306,-48.10932,0.0,,,1,2023-06-17T19:33:35+00:00
BRA_340766,Brasília,5300108,,Urbi,0.347,https://moovitapp.com/index/pt-br/transporte_p%C3%BAblico-line-0_347-Brasilia-1702-851595-347128-0,-1.0,-15.82658,-48.03046,2.78,,,2,2023-06-17T19:33:39+00:00
BRA_338109,Brasília,5300108,,Urbi,871.3,https://moovitapp.com/index/pt-br/transporte_p%C3%BAblico-line-871_3-Brasilia-1702-851595-588820-0,-1.0,-15.92143,-48.10838,0.0,,,1,2023-06-17T19:33:40+00:00
BRA_340502,Brasília,5300108,,Urbi,0.841,https://moovitapp.com/index/pt-br/transporte_p%C3%BAblico-line-0_841-Brasilia-1702-851595-339302-0,-1.0,-15.79745,-47.94921,8.33,,,1,2023-06-17T19:33:43+00:00
BRA_340324,Brasília,5300108,,Urbi,0.825,https://moovitapp.com/index/pt-br/transporte_p%C3%BAblico-line-0_825-Brasilia-1702-851595-334081-0,-1.0,-15.87525,-48.0307,18.61,,,2,2023-06-17T19:33:43+00:00
BRA_339296,Brasília,5300108,,Urbi,0.056,https://moovitapp.com/index/pt-br/transporte_p%C3%BAblico-line-0_056-Brasilia-1702-851595-588804-0,-1.0,-15.9024,-48.12894,0.0,,,2,2023-06-17T19:33:44+00:00
BRA_338192,Brasília,5300108,,Urbi,0.809,https://moovitapp.com/index/pt-br/transporte_p%C3%BAblico-line-0_809-Brasilia-1702-851595-516630-0,-1.0,-15.87791,-48.01615,7.22,,,1,2023-06-17T19:33:46+00:00
BRA_336262,Brasília,5300108,,Urbi,393.4,https://moovitapp.com/index/pt-br/transporte_p%C3%BAblico-line-393_4-Brasilia-1702-851595-588816-0,-1.0,-15.82357,-48.06412,10.83,,,1,2023-06-17T19:33:47+00:00
BRA_336581,Brasília,5300108,,Urbi,813.1,https://moovitapp.com/index/pt-br/transporte_p%C3%BAblico-line-813_1-Brasilia-1702-851595-242635-0,-1.0,-15.88129,-48.05584,15.83,,,1,2023-06-17T19:33:47+00:00
BRA_335401,Brasília,5300108,,Urbi,373.2,https://moovitapp.com/index/pt-br/transporte_p%C3%BAblico-line-373_2-Brasilia-1702-851595-334084-0,-1.0,-15.79327,-47.88228,5.83,,,2,2023-06-17T19:33:47+00:00
BRA_340758,Brasília,5300108,,Urbi,366.7,https://moovitapp.com/index/pt-br/transporte_p%C3%BAblico-line-366_7-Brasilia-1702-851595-650086-0,-1.0,-15.89586,-48.14756,8.61,,,2,2023-06-17T19:33:49+00:00
BRA_336149,Brasília,5300108,,Urbi,805.9,https://moovitapp.com/index/pt-br/transporte_p%C3%BAblico-line-805_9-Brasilia-1702-851595-454983-0,-1.0,-15.91402,-48.09715,0.0,,,1,2023-06-17T19:33:51+00:00
BRA_337765,Brasília,5300108,,Urbi,807.9,https://moovitapp.com/index/pt-br/transporte_p%C3%BAblico-line-807_9-Brasilia-1702-851595-322409-0,-1.0,-15.91345,-48.05582,0.0,,,2,2023-06-17T19:33:53+00:00
BRA_340057,Brasília,5300108,,Urbi,0.373,https://moovitapp.com/index/pt-br/transporte_p%C3%BAblico-line-0_373-Brasilia-1702-851595-334072-0,-1.0,-15.87562,-47.98448,0.0,,,2,2023-06-17T19:33:53+00:00
BRA_340049,Brasília,5300108,,Urbi,0.366,https://moovitapp.com/index/pt-br/transporte_p%C3%BAblico-line-0_366-Brasilia-1702-851595-650085-0,-1.0,-15.85474,-48.07452,11.39,,,2,2023-06-17T19:33:54+00:00
BRA_339024,Brasília,5300108,,Urbi,823.1,https://moovitapp.com/index/pt-br/transporte_p%C3%BAblico-line-823_1-Brasilia-1702-851595-3494520-0,-1.0,-15.92572,-48.04628,0.0,,,2,2023-06-17T19:33:54+00:00
BRA_339938,Brasília,5300108,,Urbi,393.7,https://moovitapp.com/index/pt-br/transporte_p%C3%BAblico-line-393_7-Brasilia-1702-851595-588818-0,-1.0,-15.89198,-48.1156,16.94,,,1,2023-06-17T19:33:55+00:00
BRA_337528,Brasília,5300108,,Urbi,0.808,https://moovitapp.com/index/pt-br/transporte_p%C3%BAblico-line-0_808-Brasilia-1702-851595-372359-0,-1.0,-15.85892,-48.06773,15.83,,,1,2023-06-17T19:33:56+00:00
BRA_335878,Brasília,5300108,,Urbi,056.2,https://moovitapp.com/index/pt-br/transporte_p%C3%BAblico-line-056_2-Brasilia-1702-851595-492982-0,-1.0,-15.84118,-48.07555,15.28,,,1,2023-06-17T19:33:57+00:00
BRA_335924,Brasília,5300108,,Urbi,397.2,https://moovitapp.com/index/pt-br/transporte_p%C3%BAblico-line-397_2-Brasilia-1702-851595-890938-0,-1.0,-15.89016,-48.14371,10.28,,,2,2023-06-17T19:34:01+00:00
BRA_339130,Brasília,5300108,,Urbi,0.818,https://moovitapp.com/index/pt-br/transporte_p%C3%BAblico-line-0_818-Brasilia-1702-851595-242550-0,-1.0,-15.76611,-47.93655,3.33,,,2,2023-06-17T19:34:01+00:00
BRA_336521,Brasília,5300108,,Urbi,0.881,https://moovitapp.com/index/pt-br/transporte_p%C3%BAblico-line-0_881-Brasilia-1702-851595-363857-0,-1.0,-15.785,-47.90711,11.67,,,2,2023-06-17T19:34:01+00:00
BRA_335657,Brasília,5300108,,Urbi,366.7,https://moovitapp.com/index/pt-br/transporte_p%C3%BAblico-line-366_7-Brasilia-1702-851595-650086-0,-1.0,-15.87115,-48.05964,10.56,,,2,2023-06-17T19:34:02+00:00
BRA_337293,Brasília,5300108,,Urbi,0.812,https://moovitapp.com/index/pt-br/transporte_p%C3%BAblico-line-0_812-Brasilia-1702-851595-697958-0,-1.0,-15.80564,-48.13636,0.28,,,1,2023-06-17T19:34:02+00:00
BRA_340359,Brasília,5300108,,Urbi,0.367,https://moovitapp.com/index/pt-br/transporte_p%C3%BAblico-line-0_367-Brasilia-1702-851595-519380-0,-1.0,-15.87457,-48.10569,11.11,,,1,2023-06-17T19:34:03+00:00
BRA_340723,Brasília,5300108,,Urbi,0.161,https://moovitapp.com/index/pt-br/transporte_p%C3%BAblico-line-0_161-Brasilia-1702-851595-704023-0,-1.0,-15.87611,-47.97747,5.56,,,1,2023-06-17T19:34:05+00:00
BRA_339903,Brasília,5300108,,Urbi,119.0,https://moovitapp.com/index/pt-br/transporte_p%C3%BAblico-line-119_0-Brasilia-1702-851595-139513625-0,-1.0,-15.92358,-47.95582,17.5,,,1,2023-06-17T19:34:05+00:00
BRA_335762,Brasília,5300108,,Urbi,0.844,https://moovitapp.com/index/pt-br/transporte_p%C3%BAblico-line-0_844-Brasilia-1702-851595-519386-0,-1.0,-15.80466,-47.96825,0.0,,,2,2023-06-17T19:34:07+00:00
BRA_340774,Brasília,5300108,,Urbi,373.2,https://moovitapp.com/index/pt-br/transporte_p%C3%BAblico-line-373_2-Brasilia-1702-851595-334084-0,-1.0,-15.86714,-48.08315,8.06,,,1,2023-06-17T19:34:08+00:00
BRA_337498,Brasília,5300108,,Urbi,0.872,https://moovitapp.com/index/pt-br/transporte_p%C3%BAblico-line-0_872-Brasilia-1702-851595-466291-0,-1.0,-15.90482,-48.04494,0.0,,,1,2023-06-17T19:34:08+00:00
BRA_340642,Brasília,5300108,,Urbi,372.5,https://moovitapp.com/index/pt-br/transporte_p%C3%BAblico-line-372_5-Brasilia-1702-851595-519391-0,-1.0,-15.82975,-48.05865,0.0,,,1,2023-06-17T19:34:09+00:00
BRA_336050,Brasília,5300108,,Urbi,0.050,https://moovitapp.com/index/pt-br/transporte_p%C3%BAblico-line-0_050-Brasilia-1702-851595-781325-0,-1.0,-15.85176,-48.06845,2.5,,,1,2023-06-17T19:34:11+00:00
BRA_338290,Brasília,5300108,,Urbi,805.8,https://moovitapp.com/index/pt-br/transporte_p%C3%BAblico-line-805_8-Brasilia-1702-851595-454982-0,-1.0,-15.87844,-48.06104,11.67,,,1,2023-06-17T19:34:12+00:00
BRA_335380,Brasília,5300108,,Urbi,373.2,https://moovitapp.com/index/pt-br/transporte_p%C3%BAblico-line-373_2-Brasilia-1702-851595-334084-0,-1.0,-15.89682,-48.14719,4.72,,,2,2023-06-17T19:34:12+00:00
BRA_336131,Brasília,5300108,,Urbi,807.1,https://moovitapp.com/index/pt-br/transporte_p%C3%BAblico-line-807_1-Brasilia-1702-851595-322407-0,-1.0,-15.88849,-48.05845,15.0,,,2,2023-06-17T19:34:13+00:00
BRA_336025,Brasília,5300108,,Urbi,366.1,https://moovitapp.com/index/pt-br/transporte_p%C3%BAblico-line-366_1-Brasilia-1702-851595-425249-0,-1.0,-15.88965,-48.10254,6.94,,,1,2023-06-17T19:34:13+00:00
BRA_338095,Brasília,5300108,,Urbi,813.2,https://moovitapp.com/index/pt-br/transporte_p%C3%BAblico-line-813_2-Brasilia-1702-851595-242636-0,-1.0,-15.78913,-47.88884,15.28,,,2,2023-06-17T19:34:13+00:00
BRA_340286,Brasília,5300108,,Urbi,056.2,https://moovitapp.com/index/pt-br/transporte_p%C3%BAblico-line-056_2-Brasilia-1702-851595-492982-0,-1.0,-15.88437,-48.15097,0.0,,,1,2023-06-17T19:34:14+00:00
BRA_336858,Brasília,5300108,,Urbi,806.1,https://moovitapp.com/index/pt-br/transporte_p%C3%BAblico-line-806_1-Brasilia-1702-851595-775104-0,-1.0,-15.91363,-48.05042,0.0,,,1,2023-06-17T19:34:14+00:00
BRA_339181,Brasília,5300108,,Urbi,396.2,https://moovitapp.com/index/pt-br/transporte_p%C3%BAblico-line-396_2-Brasilia-1702-851595-372377-0,-1.0,-15.73693,-47.90833,4.72,,,2,2023-06-17T19:34:14+00:00
BRA_338524,Brasília,5300108,,Urbi,807.9,https://moovitapp.com/index/pt-br/transporte_p%C3%BAblico-line-807_9-Brasilia-1702-851595-322409-0,-1.0,-15.91298,-48.05552,0.28,,,1,2023-06-17T19:34:14+00:00
BRA_337986,Brasília,5300108,,Urbi,870.7,https://moovitapp.com/index/pt-br/transporte_p%C3%BAblico-line-870_7-Brasilia-1702-851595-531037-0,-1.0,-15.91988,-48.0589,0.0,,,2,2023-06-17T19:34:14+00:00
BRA_337480,Brasília,5300108,,Urbi,807.8,https://moovitapp.com/index/pt-br/transporte_p%C3%BAblico-line-807_8-Brasilia-1702-851595-322408-0,-1.0,-15.89095,-48.05405,2.5,,,2,2023-06-17T19:34:14+00:00
BRA_338001,Brasília,5300108,,Urbi,0.882,https://moovitapp.com/index/pt-br/transporte_p%C3%BAblico-line-0_882-Brasilia-1702-851595-363858-0,-1.0,-15.79311,-47.88251,0.0,,,2,2023-06-17T19:34:15+00:00
BRA_336742,Brasília,5300108,,Urbi,0.394,https://moovitapp.com/index/pt-br/transporte_p%C3%BAblico-line-0_394-Brasilia-1702-851595-334076-0,-1.0,-15.87527,-48.07746,11.67,,,1,2023-06-17T19:34:15+00:00
BRA_339881,Brasília,5300108,,Urbi,0.366,https://moovitapp.com/index/pt-br/transporte_p%C3%BAblico-line-0_366-Brasilia-1702-851595-650085-0,-1.0,-15.88969,-48.14088,12.22,,,1,2023-06-17T19:34:15+00:00
BRA_340332,Brasília,5300108,,Urbi,366.1,https://moovitapp.com/index/pt-br/transporte_p%C3%BAblico-line-366_1-Brasilia-1702-851595-425249-0,-1.0,-15.89663,-48.14738,0.0,,,2,2023-06-17T19:34:15+00:00
BRA_340669,Brasília,5300108,,Urbi,0.171,https://moovitapp.com/index/pt-br/transporte_p%C3%BAblico-line-0_171-Brasilia-1702-851595-242524-0,-1.0,-15.8255,-47.92415,5.0,,,1,2023-06-17T19:34:15+00:00
BRA_340618,Brasília,5300108,,Urbi,0.399,https://moovitapp.com/index/pt-br/transporte_p%C3%BAblico-line-0_399-Brasilia-1702-851595-454964-0,-1.0,-15.85178,-48.0729,0.0,,,2,2023-06-17T19:34:16+00:00
BRA_339083,Brasília,5300108,,Urbi,0.873,https://moovitapp.com/index/pt-br/transporte_p%C3%BAblico-line-0_873-Brasilia-1702-851595-510238-0,-1.0,-15.8148,-48.11853,0.0,,,2,2023-06-17T19:34:16+00:00
BRA_338184,Brasília,5300108,,Urbi,806.1,https://moovitapp.com/index/pt-br/transporte_p%C3%BAblico-line-806_1-Brasilia-1702-851595-775104-0,-1.0,-15.90573,-48.04478,6.67,,,2,2023-06-17T19:34:16+00:00
BRA_338133,Brasília,5300108,,Urbi,0.882,https://moovitapp.com/index/pt-br/transporte_p%C3%BAblico-line-0_882-Brasilia-1702-851595-363858-0,-1.0,-15.94685,-48.03509,12.78,,,2,2023-06-17T19:34:16+00:00
BRA_336190,Brasília,5300108,,Urbi,0.394,https://moovitapp.com/index/pt-br/transporte_p%C3%BAblico-line-0_394-Brasilia-1702-851595-334076-0,-1.0,-15.811,-47.99398,3.33,,,2,2023-06-17T19:34:16+00:00
BRA_335584,Brasília,5300108,,Urbi,366.7,https://moovitapp.com/index/pt-br/transporte_p%C3%BAblico-line-366_7-Brasilia-1702-851595-650086-0,-1.0,-15.89374,-48.1196,1.11,,,1,2023-06-17T19:34:16+00:00
BRA_337587,Brasília,5300108,,Urbi,0.882,https://moovitapp.com/index/pt-br/transporte_p%C3%BAblico-line-0_882-Brasilia-1702-851595-363858-0,-1.0,-15.92141,-48.04556,12.78,,,2,2023-06-17T19:34:16+00:00
BRA_337901,Brasília,5300108,,Urbi,806.1,https://moovitapp.com/index/pt-br/transporte_p%C3%BAblico-line-806_1-Brasilia-1702-851595-775104-0,-1.0,-15.91838,-48.04889,0.83,,,1,2023-06-17T19:34:17+00:00
BRA_337811,Brasília,5300108,,Urbi,874.4,https://moovitapp.com/index/pt-br/transporte_p%C3%BAblico-line-874_4-Brasilia-1702-851595-775106-0,-1.0,-15.8272,-47.95144,9.17,,,2,2023-06-17T19:34:17+00:00
BRA_337064,Brasília,5300108,,Urbi,084.1,https://moovitapp.com/index/pt-br/transporte_p%C3%BAblico-line-084_1-Brasilia-1702-851595-466292-0,-1.0,-15.75189,-47.92521,9.17,,,1,2023-06-17T19:34:17+00:00
BRA_338443,Brasília,5300108,,Urbi,870.7,https://moovitapp.com/index/pt-br/transporte_p%C3%BAblico-line-870_7-Brasilia-1702-851595-531037-0,-1.0,-15.89249,-48.05698,16.67,,,1,2023-06-17T19:34:17+00:00
BRA_340782,Brasília,5300108,,Urbi,0.163,https://moovitapp.com/index/pt-br/transporte_p%C3%BAblico-line-0_163-Brasilia-1702-851595-352629-0,-1.0,-15.86798,-47.96399,0.0,,,1,2023-06-17T19:34:17+00:00
BRA_340561,Brasília,5300108,,Urbi,391.3,https://moovitapp.com/index/pt-br/transporte_p%C3%BAblico-line-391_3-Brasilia-1702-851595-372373-0,-1.0,-15.74352,-47.89767,18.06,,,2,2023-06-17T19:34:18+00:00
BRA_336734,Brasília,5300108,,Urbi,396.2,https://moovitapp.com/index/pt-br/transporte_p%C3%BAblico-line-396_2-Brasilia-1702-851595-372377-0,-1.0,-15.81281,-47.90656,11.39,,,1,2023-06-17T19:34:18+00:00
BRA_338257,Brasília,5300108,,Urbi,0.898,https://moovitapp.com/index/pt-br/transporte_p%C3%BAblico-line-0_898-Brasilia-1702-851595-322394-0,-1.0,-15.93269,-48.04007,19.44,,,1,2023-06-17T19:34:18+00:00
BRA_338168,Brasília,5300108,,Urbi,0.368,https://moovitapp.com/index/pt-br/transporte_p%C3%BAblico-line-0_368-Brasilia-1702-851595-706971-0,-1.0,-15.88128,-48.01247,0.0,,,1,2023-06-17T19:34:18+00:00
BRA_336009,Brasília,5300108,,Urbi,396.2,https://moovitapp.com/index/pt-br/transporte_p%C3%BAblico-line-396_2-Brasilia-1702-851595-372377-0,-1.0,-15.87375,-48.04485,16.67,,,2,2023-06-17T19:34:18+00:00
BRA_336467,Brasília,5300108,,Urbi,0.881,https://moovitapp.com/index/pt-br/transporte_p%C3%BAblico-line-0_881-Brasilia-1702-851595-363857-0,-1.0,-15.89266,-48.0486,3.33,,,1,2023-06-17T19:34:18+00:00
BRA_335681,Brasília,5300108,,Urbi,0.367,https://moovitapp.com/index/pt-br/transporte_p%C3%BAblico-line-0_367-Brasilia-1702-851595-519380-0,-1.0,-15.85784,-48.08225,13.06,,,1,2023-06-17T19:34:18+00:00
BRA_337196,Brasília,5300108,,Urbi,0.805,https://moovitapp.com/index/pt-br/transporte_p%C3%BAblico-line-0_805-Brasilia-1702-851595-460800-0,-1.0,-15.87448,-48.0401,16.67,,,1,2023-06-17T19:34:18+00:00
BRA_337846,Brasília,5300108,,Urbi,872.1,https://moovitapp.com/index/pt-br/transporte_p%C3%BAblico-line-872_1-Brasilia-1702-851595-470760-0,-1.0,-15.83966,-48.05736,12.78,,,1,2023-06-17T19:34:18+00:00
BRA_337579,Brasília,5300108,,Urbi,807.9,https://moovitapp.com/index/pt-br/transporte_p%C3%BAblico-line-807_9-Brasilia-1702-851595-322409-0,-1.0,-15.90392,-48.06532,3.89,,,2,2023-06-17T19:34:19+00:00
BRA_337773,Brasília,5300108,,Urbi,0.806,https://moovitapp.com/index/pt-br/transporte_p%C3%BAblico-line-0_806-Brasilia-1702-851595-339299-0,-1.0,-15.90293,-48.04585,1.39,,,1,2023-06-17T19:34:19+00:00
BRA_337374,Brasília,5300108,,Urbi,0.087,https://moovitapp.com/index/pt-br/transporte_p%C3%BAblico-line-0_087-Brasilia-1702-851595-242519-0,-1.0,-15.87784,-48.01092,8.61,,,1,2023-06-17T19:34:19+00:00
BRA_336696,Brasília,5300108,,Urbi,394.1,https://moovitapp.com/index/pt-br/transporte_p%C3%BAblico-line-394_1-Brasilia-1702-851595-334089-0,-1.0,-15.78561,-47.90289,4.44,,,2,2023-06-17T19:34:19+00:00
BRA_338150,Brasília,5300108,,Urbi,0.087,https://moovitapp.com/index/pt-br/transporte_p%C3%BAblico-line-0_087-Brasilia-1702-851595-242519-0,-1.0,-15.79548,-47.934,0.0,,,1,2023-06-17T19:34:20+00:00
BRA_336297,Brasília,5300108,,Urbi,0.380,https://moovitapp.com/index/pt-br/transporte_p%C3%BAblico-line-0_380-Brasilia-1702-851595-334073-0,-1.0,-15.83579,-48.06997,18.33,,,1,2023-06-17T19:34:20+00:00
BRA_335363,Brasília,5300108,,Urbi,391.3,https://moovitapp.com/index/pt-br/transporte_p%C3%BAblico-line-391_3-Brasilia-1702-851595-372373-0,-1.0,-15.81064,-47.90218,0.0,,,2,2023-06-17T19:34:20+00:00
BRA_337820,Brasília,5300108,,Urbi,812.1,https://moovitapp.com/index/pt-br/transporte_p%C3%BAblico-line-812_1-Brasilia-1702-851595-372386-0,-1.0,-15.83731,-48.09125,15.56,,,1,2023-06-17T19:34:20+00:00
BRA_337021,Brasília,5300108,,Urbi,0.808,https://moovitapp.com/index/pt-br/transporte_p%C3%BAblico-line-0_808-Brasilia-1702-851595-372359-0,-1.0,-15.78872,-48.13397,0.0,,,2,2023-06-17T19:34:21+00:00
BRA_336980,Brasília,5300108,,Urbi,805.1,https://moovitapp.com/index/pt-br/transporte_p%C3%BAblico-line-805_1-Brasilia-1702-851595-454980-0,-1.0,-15.9104,-48.0915,0.28,,,1,2023-06-17T19:34:21+00:00
BRA_337234,Brasília,5300108,,Urbi,805.2,https://moovitapp.com/index/pt-br/transporte_p%C3%BAblico-line-805_2-Brasilia-1702-851595-454981-0,-1.0,-15.8594,-48.04027,13.61,,,1,2023-06-17T19:34:21+00:00
BRA_337277,Brasília,5300108,,Urbi,807.6,https://moovitapp.com/index/pt-br/transporte_p%C3%BAblico-line-807_6-Brasilia-1702-851595-334092-0,-1.0,-15.92532,-48.05148,3.33,,,1,2023-06-17T19:34:21+00:00
BRA_335371,Brasília,5300108,,Urbi,0.171,https://moovitapp.com/index/pt-br/transporte_p%C3%BAblico-line-0_171-Brasilia-1702-851595-242524-0,-1.0,-15.81628,-47.91161,13.06,,,2,2023-06-17T19:34:21+00:00
BRA_338532,Brasília,5300108,,Urbi,038.1,https://moovitapp.com/index/pt-br/transporte_p%C3%BAblico-line-038_1-Brasilia-1702-851595-781327-0,-1.0,-15.84084,-48.04675,6.67,,,1,2023-06-17T19:34:21+00:00
BRA_340685,Brasília,5300108,,Urbi,366.1,https://moovitapp.com/index/pt-br/transporte_p%C3%BAblico-line-366_1-Brasilia-1702-851595-425249-0,-1.0,-15.88919,-48.14142,14.72,,,1,2023-06-17T19:34:21+00:00
BRA_340740,Brasília,5300108,,Urbi,056.2,https://moovitapp.com/index/pt-br/transporte_p%C3%BAblico-line-056_2-Brasilia-1702-851595-492982-0,-1.0,-15.81177,-48.09404,6.11,,,1,2023-06-17T19:34:21+00:00
BRA_340171,Brasília,5300108,,Urbi,0.341,https://moovitapp.com/index/pt-br/transporte_p%C3%BAblico-line-0_341-Brasilia-1702-851595-37928003-0,-1.0,-15.82528,-47.97975,6.39,,,1,2023-06-17T19:34:21+00:00
BRA_340715,Brasília,5300108,,Urbi,372.3,https://moovitapp.com/index/pt-br/transporte_p%C3%BAblico-line-372_3-Brasilia-1702-851595-641001-0,-1.0,-15.85522,-48.07648,17.22,,,1,2023-06-17T19:34:22+00:00
BRA_338737,Brasília,5300108,,Urbi,0.810,https://moovitapp.com/index/pt-br/transporte_p%C3%BAblico-line-0_810-Brasilia-1702-851595-363856-0,-1.0,-15.86831,-47.96865,5.83,,,1,2023-06-17T19:34:22+00:00
BRA_339202,Brasília,5300108,,Urbi,0.056,https://moovitapp.com/index/pt-br/transporte_p%C3%BAblico-line-0_056-Brasilia-1702-851595-588804-0,-1.0,-15.84847,-48.11042,5.28,,,1,2023-06-17T19:34:22+00:00
BRA_337617,Brasília,5300108,,Urbi,0.810,https://moovitapp.com/index/pt-br/transporte_p%C3%BAblico-line-0_810-Brasilia-1702-851595-363856-0,-1.0,-15.82617,-47.95144,10.56,,,2,2023-06-17T19:34:22+00:00
BRA_337757,Brasília,5300108,,Urbi,0.175,https://moovitapp.com/index/pt-br/transporte_p%C3%BAblico-line-0_175-Brasilia-1702-851595-242526-0,-1.0,-15.73504,-47.9012,20.0,,,2,2023-06-17T19:34:22+00:00
BRA_337609,Brasília,5300108,,Urbi,0.814,https://moovitapp.com/index/pt-br/transporte_p%C3%BAblico-line-0_814-Brasilia-1702-851595-492980-0,-1.0,-15.86772,-48.08465,10.83,,,1,2023-06-17T19:34:23+00:00
BRA_336301,Brasília,5300108,,Urbi,0.380,https://moovitapp.com/index/pt-br/transporte_p%C3%BAblico-line-0_380-Brasilia-1702-851595-334073-0,-1.0,-15.87861,-48.11892,6.11,,,2,2023-06-17T19:34:23+00:00
BRA_336548,Brasília,5300108,,Urbi,813.1,https://moovitapp.com/index/pt-br/transporte_p%C3%BAblico-line-813_1-Brasilia-1702-851595-242635-0,-1.0,-15.81054,-47.94335,6.94,,,2,2023-06-17T19:34:23+00:00
BRA_339156,Brasília,5300108,,Urbi,0.809,https://moovitapp.com/index/pt-br/transporte_p%C3%BAblico-line-0_809-Brasilia-1702-851595-516630-0,-1.0,-15.93278,-48.10944,4.44,,,1,2023-06-17T19:34:23+00:00
BRA_340464,Brasília,5300108,,Urbi,0.129,https://moovitapp.com/index/pt-br/transporte_p%C3%BAblico-line-0_129-Brasilia-1702-851595-775097-0,-1.0,-15.83075,-47.87732,8.61,,,2,2023-06-17T19:34:23+00:00
BRA_340405,Brasília,5300108,,Urbi,0.845,https://moovitapp.com/index/pt-br/transporte_p%C3%BAblico-line-0_845-Brasilia-1702-851595-339304-0,-1.0,-15.87699,-48.0611,3.06,,,1,2023-06-17T19:34:23+00:00
BRA_339300,Brasília,5300108,,Urbi,366.1,https://moovitapp.com/index/pt-br/transporte_p%C3%BAblico-line-366_1-Brasilia-1702-851595-425249-0,-1.0,-15.85932,-48.06638,13.61,,,2,2023-06-17T19:34:23+00:00
BRA_340375,Brasília,5300108,,Urbi,372.9,https://moovitapp.com/index/pt-br/transporte_p%C3%BAblico-line-372_9-Brasilia-1702-851595-519392-0,-1.0,-15.80314,-48.02629,12.78,,,1,2023-06-17T19:34:24+00:00
BRA_338427,Brasília,5300108,,Urbi,0.805,https://moovitapp.com/index/pt-br/transporte_p%C3%BAblico-line-0_805-Brasilia-1702-851595-460800-0,-1.0,-15.84422,-48.05017,6.67,,,1,2023-06-17T19:34:24+00:00
BRA_338401,Brasília,5300108,,Urbi,0.038,https://moovitapp.com/index/pt-br/transporte_p%C3%BAblico-line-0_038-Brasilia-1702-851595-687419-0,-1.0,-15.82772,-48.06262,0.28,,,1,2023-06-17T19:34:24+00:00
BRA_338991,Brasília,5300108,,Urbi,0.087,https://moovitapp.com/index/pt-br/transporte_p%C3%BAblico-line-0_087-Brasilia-1702-851595-242519-0,-1.0,-15.8238,-47.95078,9.72,,,1,2023-06-17T19:34:24+00:00
BRA_336343,Brasília,5300108,,Urbi,394.1,https://moovitapp.com/index/pt-br/transporte_p%C3%BAblico-line-394_1-Brasilia-1702-851595-334089-0,-1.0,-15.81208,-47.97959,18.33,,,1,2023-06-17T19:34:24+00:00
BRA_335754,Brasília,5300108,,Urbi,396.3,https://moovitapp.com/index/pt-br/transporte_p%C3%BAblico-line-396_3-Brasilia-1702-851595-372378-0,-1.0,-15.87686,-48.06121,3.61,,,1,2023-06-17T19:34:24+00:00
BRA_336602,Brasília,5300108,,Urbi,813.1,https://moovitapp.com/index/pt-br/transporte_p%C3%BAblico-line-813_1-Brasilia-1702-851595-242635-0,-1.0,-15.80877,-47.97186,17.22,,,1,2023-06-17T19:34:25+00:00
BRA_337684,Brasília,5300108,,Urbi,871.3,https://moovitapp.com/index/pt-br/transporte_p%C3%BAblico-line-871_3-Brasilia-1702-851595-588820-0,-1.0,-15.86994,-47.97182,15.56,,,1,2023-06-17T19:34:25+00:00
BRA_340626,Brasília,5300108,,Urbi,0.393,https://moovitapp.com/index/pt-br/transporte_p%C3%BAblico-line-0_393-Brasilia-1702-851595-588805-0,-1.0,-15.8486,-48.04793,11.94,,,1,2023-06-17T19:34:25+00:00
BRA_340154,Brasília,5300108,,Urbi,056.4,https://moovitapp.com/index/pt-br/transporte_p%C3%BAblico-line-056_4-Brasilia-1702-851595-519387-0,-1.0,-15.83429,-48.11647,11.94,,,1,2023-06-17T19:34:26+00:00
BRA_340022,Brasília,5300108,,Urbi,393.7,https://moovitapp.com/index/pt-br/transporte_p%C3%BAblico-line-393_7-Brasilia-1702-851595-588818-0,-1.0,-15.87363,-48.0589,14.72,,,1,2023-06-17T19:34:26+00:00
BRA_335851,Brasília,5300108,,Urbi,367.2,https://moovitapp.com/index/pt-br/transporte_p%C3%BAblico-line-367_2-Brasilia-1702-851595-454971-0,-1.0,-15.85974,-48.03665,11.39,,,1,2023-06-17T19:34:26+00:00
BRA_340472,Brasília,5300108,,Urbi,391.3,https://moovitapp.com/index/pt-br/transporte_p%C3%BAblico-line-391_3-Brasilia-1702-851595-372373-0,-1.0,-15.87362,-48.04152,0.0,,,2,2023-06-17T19:34:26+00:00
BRA_340308,Brasília,5300108,,Urbi,393.4,https://moovitapp.com/index/pt-br/transporte_p%C3%BAblico-line-393_4-Brasilia-1702-851595-588816-0,-1.0,-15.80395,-48.07123,8.06,,,1,2023-06-17T19:34:26+00:00
BRA_338630,Brasília,5300108,,Urbi,0.808,https://moovitapp.com/index/pt-br/transporte_p%C3%BAblico-line-0_808-Brasilia-1702-851595-372359-0,-1.0,-15.78731,-48.13554,6.11,,,2,2023-06-17T19:34:26+00:00
BRA_338125,Brasília,5300108,,Urbi,872.9,https://moovitapp.com/index/pt-br/transporte_p%C3%BAblico-line-872_9-Brasilia-1702-851595-372394-0,-1.0,-15.92144,-48.05274,10.0,,,1,2023-06-17T19:34:26+00:00
BRA_336513,Brasília,5300108,,Urbi,807.2,https://moovitapp.com/index/pt-br/transporte_p%C3%BAblico-line-807_2-Brasilia-1702-851595-781329-0,-1.0,-15.91476,-48.07232,10.56,,,1,2023-06-17T19:34:26+00:00
BRA_335355,Brasília,5300108,,Urbi,372.9,https://moovitapp.com/index/pt-br/transporte_p%C3%BAblico-line-372_9-Brasilia-1702-851595-519392-0,-1.0,-15.7976,-48.01592,5.0,,,2,2023-06-17T19:34:26+00:00
BRA_335312,Brasília,5300108,,Urbi,380.2,https://moovitapp.com/index/pt-br/transporte_p%C3%BAblico-line-380_2-Brasilia-1702-851595-334086-0,-1.0,-15.797,-47.91309,17.22,,,1,2023-06-17T19:34:26+00:00
BRA_335606,Brasília,5300108,,Urbi,367.2,https://moovitapp.com/index/pt-br/transporte_p%C3%BAblico-line-367_2-Brasilia-1702-851595-454971-0,-1.0,-15.88385,-48.14997,6.94,,,2,2023-06-17T19:34:26+00:00
BRA_335665,Brasília,5300108,,Urbi,0.391,https://moovitapp.com/index/pt-br/transporte_p%C3%BAblico-line-0_391-Brasilia-1702-851595-372354-0,-1.0,-15.87428,-47.981,18.89,,,2,2023-06-17T19:34:26+00:00
BRA_336319,Brasília,5300108,,Urbi,0.825,https://moovitapp.com/index/pt-br/transporte_p%C3%BAblico-line-0_825-Brasilia-1702-851595-334081-0,-1.0,-15.89087,-48.10486,8.89,,,1,2023-06-17T19:34:27+00:00
BRA_336556,Brasília,5300108,,Urbi,813.1,https://moovitapp.com/index/pt-br/transporte_p%C3%BAblico-line-813_1-Brasilia-1702-851595-242635-0,-1.0,-15.8817,-48.06074,11.11,,,2,2023-06-17T19:34:27+00:00
BRA_337544,Brasília,5300108,,Urbi,0.177,https://moovitapp.com/index/pt-br/transporte_p%C3%BAblico-line-0_177-Brasilia-1702-851595-242528-0,-1.0,-15.88611,-48.01666,3.61,,,1,2023-06-17T19:34:27+00:00
BRA_338681,Brasília,5300108,,Urbi,870.1,https://moovitapp.com/index/pt-br/transporte_p%C3%BAblico-line-870_1-Brasilia-1702-851595-715272-0,-1.0,-15.90353,-48.04564,5.56,,,2,2023-06-17T19:34:27+00:00
BRA_338800,Brasília,5300108,,Urbi,0.806,https://moovitapp.com/index/pt-br/transporte_p%C3%BAblico-line-0_806-Brasilia-1702-851595-339299-0,-1.0,-15.94892,-48.03365,16.11,,,2,2023-06-17T19:34:27+00:00
BRA_338893,Brasília,5300108,,Urbi,086.1,https://moovitapp.com/index/pt-br/transporte_p%C3%BAblico-line-086_1-Brasilia-1702-851595-481321-0,-1.0,-15.87041,-47.97274,11.94,,,1,2023-06-17T19:34:27+00:00
BRA_340570,Brasília,5300108,,Urbi,366.7,https://moovitapp.com/index/pt-br/transporte_p%C3%BAblico-line-366_7-Brasilia-1702-851595-650086-0,-1.0,-15.88441,-48.13048,6.67,,,1,2023-06-17T19:34:27+00:00
BRA_340511,Brasília,5300108,,Urbi,398.3,https://moovitapp.com/index/pt-br/transporte_p%C3%BAblico-line-398_3-Brasilia-1702-851595-706973-0,-1.0,-15.79485,-48.13728,9.17,,,1,2023-06-17T19:34:28+00:00
BRA_338231,Brasília,5300108,,Urbi,0.809,https://moovitapp.com/index/pt-br/transporte_p%C3%BAblico-line-0_809-Brasilia-1702-851595-516630-0,-1.0,-15.85331,-47.95564,0.0,,,2,2023-06-17T19:34:28+00:00
BRA_338265,Brasília,5300108,,Urbi,0.087,https://moovitapp.com/index/pt-br/transporte_p%C3%BAblico-line-0_087-Brasilia-1702-851595-242519-0,-1.0,-15.90353,-48.04564,9.17,,,1,2023-06-17T19:34:28+00:00
BRA_336963,Brasília,5300108,,Urbi,874.4,https://moovitapp.com/index/pt-br/transporte_p%C3%BAblico-line-874_4-Brasilia-1702-851595-775106-0,-1.0,-15.81899,-47.94951,11.94,,,1,2023-06-17T19:34:28+00:00
BRA_337978,Brasília,5300108,,Urbi,0.811,https://moovitapp.com/index/pt-br/transporte_p%C3%BAblico-line-0_811-Brasilia-1702-851595-334078-0,-1.0,-15.87454,-48.03981,13.89,,,1,2023-06-17T19:34:28+00:00
BRA_335894,Brasília,5300108,,Urbi,398.1,https://moovitapp.com/index/pt-br/transporte_p%C3%BAblico-line-398_1-Brasilia-1702-851595-510241-0,-1.0,-15.7885,-48.13447,0.28,,,2,2023-06-17T19:34:28+00:00
BRA_336611,Brasília,5300108,,Urbi,0.871,https://moovitapp.com/index/pt-br/transporte_p%C3%BAblico-line-0_871-Brasilia-1702-851595-418741-0,-1.0,-15.86485,-48.03387,12.5,,,2,2023-06-17T19:34:29+00:00
BRA_336891,Brasília,5300108,,Urbi,871.3,https://moovitapp.com/index/pt-br/transporte_p%C3%BAblico-line-871_3-Brasilia-1702-851595-588820-0,-1.0,-15.8243,-47.92281,15.0,,,2,2023-06-17T19:34:29+00:00
BRA_338958,Brasília,5300108,,Urbi,813.2,https://moovitapp.com/index/pt-br/transporte_p%C3%BAblico-line-813_2-Brasilia-1702-851595-242636-0,-1.0,-15.90356,-48.06315,14.44,,,1,2023-06-17T19:34:29+00:00
BRA_338745,Brasília,5300108,,Urbi,870.1,https://moovitapp.com/index/pt-br/transporte_p%C3%BAblico-line-870_1-Brasilia-1702-851595-715272-0,-1.0,-15.85349,-47.95565,2.5,,,2,2023-06-17T19:34:29+00:00
BRA_340316,Brasília,5300108,,Urbi,0.160,https://moovitapp.com/index/pt-br/transporte_p%C3%BAblico-line-0_160-Brasilia-1702-851595-470755-0,-1.0,-15.82615,-47.9146,12.78,,,2,2023-06-17T19:34:29+00:00
BRA_338885,Brasília,5300108,,Urbi,805.9,https://moovitapp.com/index/pt-br/transporte_p%C3%BAblico-line-805_9-Brasilia-1702-851595-454983-0,-1.0,-15.8069,-48.0802,7.5,,,2,2023-06-17T19:34:30+00:00
BRA_338583,Brasília,5300108,,Urbi,038.1,https://moovitapp.com/index/pt-br/transporte_p%C3%BAblico-line-038_1-Brasilia-1702-851595-781327-0,-1.0,-15.88245,-48.01291,4.44,,,1,2023-06-17T19:34:30+00:00
BRA_336432,Brasília,5300108,,Urbi,0.813,https://moovitapp.com/index/pt-br/transporte_p%C3%BAblico-line-0_813-Brasilia-1702-851595-651523-0,-1.0,-15.81128,-47.90479,0.0,,,2,2023-06-17T19:34:30+00:00
BRA_336033,Brasília,5300108,,Urbi,366.1,https://moovitapp.com/index/pt-br/transporte_p%C3%BAblico-line-366_1-Brasilia-1702-851595-425249-0,-1.0,-15.89505,-48.11417,10.83,,,2,2023-06-17T19:34:30+00:00
BRA_337447,Brasília,5300108,,Urbi,0.809,https://moovitapp.com/index/pt-br/transporte_p%C3%BAblico-line-0_809-Brasilia-1702-851595-516630-0,-1.0,-15.84342,-47.91753,0.0,,,1,2023-06-17T19:34:31+00:00
BRA_338621,Brasília,5300108,,Urbi,0.810,https://moovitapp.com/index/pt-br/transporte_p%C3%BAblico-line-0_810-Brasilia-1702-851595-363856-0,-1.0,-15.90904,-48.0873,14.17,,,1,2023-06-17T19:34:31+00:00
BRA_340251,Brasília,5300108,,Urbi,0.163,https://moovitapp.com/index/pt-br/transporte_p%C3%BAblico-line-0_163-Brasilia-1702-851595-352629-0,-1.0,-15.87637,-47.97729,3.33,,,1,2023-06-17T19:34:31+00:00
BRA_340391,Brasília,5300108,,Urbi,056.4,https://moovitapp.com/index/pt-br/transporte_p%C3%BAblico-line-056_4-Brasilia-1702-851595-519387-0,-1.0,-15.89682,-48.14719,3.61,,,1,2023-06-17T19:34:31+00:00
BRA_339890,Brasília,5300108,,Urbi,0.082,https://moovitapp.com/index/pt-br/transporte_p%C3%BAblico-line-0_082-Brasilia-1702-851595-781326-0,-1.0,-15.85089,-47.95469,14.44,,,1,2023-06-17T19:34:32+00:00
BRA_336882,Brasília,5300108,,Urbi,0.871,https://moovitapp.com/index/pt-br/transporte_p%C3%BAblico-line-0_871-Brasilia-1702-851595-418741-0,-1.0,-15.84771,-48.04272,0.0,,,1,2023-06-17T19:34:32+00:00
BRA_340588,Brasília,5300108,,Urbi,366.1,https://moovitapp.com/index/pt-br/transporte_p%C3%BAblico-line-366_1-Brasilia-1702-851595-425249-0,-1.0,-15.87234,-48.0849,6.67,,,1,2023-06-17T19:34:32+00:00
BRA_340413,Brasília,5300108,,Urbi,0.366,https://moovitapp.com/index/pt-br/transporte_p%C3%BAblico-line-0_366-Brasilia-1702-851595-650085-0,-1.0,-15.86767,-48.09948,12.5,,,2,2023-06-17T19:34:32+00:00
BRA_336971,Brasília,5300108,,Urbi,807.9,https://moovitapp.com/index/pt-br/transporte_p%C3%BAblico-line-807_9-Brasilia-1702-851595-322409-0,-1.0,-15.91932,-48.06144,5.0,,,2,2023-06-17T19:34:32+00:00
BRA_337366,Brasília,5300108,,Urbi,0.882,https://moovitapp.com/index/pt-br/transporte_p%C3%BAblico-line-0_882-Brasilia-1702-851595-363858-0,-1.0,-15.84719,-47.95454,18.06,,,2,2023-06-17T19:34:33+00:00
BRA_338281,Brasília,5300108,,Urbi,813.2,https://moovitapp.com/index/pt-br/transporte_p%C3%BAblico-line-813_2-Brasilia-1702-851595-242636-0,-1.0,-15.73601,-47.90732,0.0,,,2,2023-06-17T19:34:33+00:00
BRA_339075,Brasília,5300108,,Urbi,870.1,https://moovitapp.com/index/pt-br/transporte_p%C3%BAblico-line-870_1-Brasilia-1702-851595-715272-0,-1.0,-15.89673,-48.04752,2.22,,,2,2023-06-17T19:34:33+00:00
BRA_339288,Brasília,5300108,,Urbi,0.397,https://moovitapp.com/index/pt-br/transporte_p%C3%BAblico-line-0_397-Brasilia-1702-851595-890857-0,-1.0,-15.84598,-48.07532,16.67,,,2,2023-06-17T19:34:34+00:00
BRA_340081,Brasília,5300108,,Urbi,396.3,https://moovitapp.com/index/pt-br/transporte_p%C3%BAblico-line-396_3-Brasilia-1702-851595-372378-0,-1.0,-15.82505,-47.92401,8.61,,,2,2023-06-17T19:34:34+00:00
BRA_340367,Brasília,5300108,,Urbi,0.053,https://moovitapp.com/index/pt-br/transporte_p%C3%BAblico-line-0_053-Brasilia-1702-851595-588803-0,-1.0,-15.8391,-48.04673,7.5,,,1,2023-06-17T19:34:34+00:00
BRA_337218,Brasília,5300108,,Urbi,807.6,https://moovitapp.com/index/pt-br/transporte_p%C3%BAblico-line-807_6-Brasilia-1702-851595-334092-0,-1.0,-15.92644,-48.05102,3.33,,,1,2023-06-17T19:34:34+00:00
BRA_337226,Brasília,5300108,,Urbi,0.811,https://moovitapp.com/index/pt-br/transporte_p%C3%BAblico-line-0_811-Brasilia-1702-851595-334078-0,-1.0,-15.80405,-47.89662,4.17,,,2,2023-06-17T19:34:34+00:00
BRA_336921,Brasília,5300108,,Urbi,814.1,https://moovitapp.com/index/pt-br/transporte_p%C3%BAblico-line-814_1-Brasilia-1702-851595-492985-0,-1.0,-15.89229,-48.05729,6.67,,,1,2023-06-17T19:34:34+00:00
BRA_336505,Brasília,5300108,,Urbi,807.8,https://moovitapp.com/index/pt-br/transporte_p%C3%BAblico-line-807_8-Brasilia-1702-851595-322408-0,-1.0,-15.93281,-48.1091,0.0,,,2,2023-06-17T19:34:34+00:00
BRA_335703,Brasília,5300108,,Urbi,0.050,https://moovitapp.com/index/pt-br/transporte_p%C3%BAblico-line-0_050-Brasilia-1702-851595-781325-0,-1.0,-15.86576,-48.08205,11.11,,,1,2023-06-17T19:34:34+00:00
BRA_337323,Brasília,5300108,,Urbi,0.898,https://moovitapp.com/index/pt-br/transporte_p%C3%BAblico-line-0_898-Brasilia-1702-851595-322394-0,-1.0,-15.8351,-48.06021,0.0,,,1,2023-06-17T19:34:35+00:00
BRA_338460,Brasília,5300108,,Urbi,0.809,https://moovitapp.com/index/pt-br/transporte_p%C3%BAblico-line-0_809-Brasilia-1702-851595-516630-0,-1.0,-15.88161,-48.06083,9.72,,,2,2023-06-17T19:34:35+00:00
BRA_339334,Brasília,5300108,,Urbi,0.054,https://moovitapp.com/index/pt-br/transporte_p%C3%BAblico-line-0_054-Brasilia-1702-851595-454960-0,-1.0,-15.82291,-48.06077,0.0,,,2,2023-06-17T19:34:35+00:00
BRA_441279,Brasília,5300108,,Marechal,157.6,https://moovitapp.com/index/pt-br/transporte_p%C3%BAblico-line-157_6-Brasilia-1702-851940-419627-0,-1.0,-15.810597,-47.98891,31.0,,,2,2023-06-17T19:34:21+00:00
BRA_442771,Brasília,5300108,,Marechal,0.942,https://moovitapp.com/index/pt-br/transporte_p%C3%BAblico-line-0_942-Brasilia-1702-851940-347158-0,-1.0,-15.840773,-48.127123,0.0,,,2,2023-06-17T19:34:21+00:00
BRA_440469,Brasília,5300108,,São José,0.092,https://moovitapp.com/index/pt-br/transporte_p%C3%BAblico-line-0_092-Brasilia-1702-851943-496589-0,-1.0,-15.852043,-47.95109,0.0,,,2,2023-06-17T19:34:21+00:00
BRA_445291,Brasília,5300108,,Marechal,0.383,https://moovitapp.com/index/pt-br/transporte_p%C3%BAblico-line-0_383-Brasilia-1702-851940-347151-0,-1.0,-15.806467,-48.077943,22.0,,,2,2023-06-17T19:34:22+00:00
BRA_442861,Brasília,5300108,,Marechal,363.2,https://moovitapp.com/index/pt-br/transporte_p%C3%BAblico-line-363_2-Brasilia-1702-851940-725443-0,-1.0,-15.810437,-48.090123,39.0,,,2,2023-06-17T19:34:21+00:00
BRA_441597,Brasília,5300108,,Marechal,363.2,https://moovitapp.com/index/pt-br/transporte_p%C3%BAblico-line-363_2-Brasilia-1702-851940-725443-0,-1.0,-15.82036,-48.107793,0.0,,,2,2023-06-17T19:34:21+00:00
BRA_442453,Brasília,5300108,,Marechal,336.1,https://moovitapp.com/index/pt-br/transporte_p%C3%BAblico-line-336_1-Brasilia-1702-851940-347163-0,-1.0,-15.875097,-48.04634,44.0,,,2,2023-06-17T19:34:25+00:00
BRA_442313,Brasília,5300108,,São José,350.1,https://moovitapp.com/index/pt-br/transporte_p%C3%BAblico-line-350_1-Brasilia-1702-851943-2068450-0,-1.0,-15.845273,-48.043917,28.0,,,2,2023-06-17T19:34:21+00:00
BRA_440311,Brasília,5300108,,Marechal,0.090,https://moovitapp.com/index/pt-br/transporte_p%C3%BAblico-line-0_090-Brasilia-1702-851940-242702-0,-1.0,-15.807083,-47.969327,54.0,,,2,2023-06-17T19:34:21+00:00
BRA_440655,Brasília,5300108,,Marechal,0.090,https://moovitapp.com/index/pt-br/transporte_p%C3%BAblico-line-0_090-Brasilia-1702-851940-242702-0,-1.0,-15.836347,-47.98616,0.0,,,2,2023-06-17T19:34:30+00:00
BRA_440680,Brasília,5300108,,Marechal,260.3,https://moovitapp.com/index/pt-br/transporte_p%C3%BAblico-line-260_3-Brasilia-1702-851940-393566-0,-1.0,-15.812393,-48.131243,53.0,,,2,2023-06-17T19:34:21+00:00
BRA_440353,Brasília,5300108,,São José,0.092,https://moovitapp.com/index/pt-br/transporte_p%C3%BAblico-line-0_092-Brasilia-1702-851943-496589-0,-1.0,-15.849063,-48.047663,56.0,,,2,2023-06-17T19:34:21+00:00
BRA_444707,Brasília,5300108,,Urbi,0.898,https://moovitapp.com/index/pt-br/transporte_p%C3%BAblico-line-0_898-Brasilia-1702-851595-322394-0,-1.0,-15.90011,-48.046683,21.0,,,2,2023-06-17T19:34:21+00:00
BRA_441031,Brasília,5300108,,Marechal,260.3,https://moovitapp.com/index/pt-br/transporte_p%C3%BAblico-line-260_3-Brasilia-1702-851940-393566-0,-1.0,-15.906973,-48.052317,45.0,,,2,2023-06-17T19:31:57+00:00
BRA_440418,Brasília,5300108,,Marechal,154.2,https://moovitapp.com/index/pt-br/transporte_p%C3%BAblico-line-154_2-Brasilia-1702-851940-527234-0,-1.0,-15.84105,-47.97486,10.0,,,2,2023-06-17T19:34:25+00:00
BRA_442127,Brasília,5300108,,Marechal,0.942,https://moovitapp.com/index/pt-br/transporte_p%C3%BAblico-line-0_942-Brasilia-1702-851940-347158-0,-1.0,-15.84097,-48.12727,0.0,,,2,2023-06-17T19:34:35+00:00
BRA_440981,Brasília,5300108,,Marechal,154.2,https://moovitapp.com/index/pt-br/transporte_p%C3%BAblico-line-154_2-Brasilia-1702-851940-527234-0,-1.0,-15.810357,-47.894133,51.0,,,2,2023-06-17T19:34:21+00:00
BRA_443395,Brasília,5300108,,Urbi,0.050,https://moovitapp.com/index/pt-br/transporte_p%C3%BAblico-line-0_050-Brasilia-1702-851595-781325-0,-1.0,-15.86701,-48.083653,22.0,,,2,2023-06-17T19:34:21+00:00
BRA_440990,Brasília,5300108,,Marechal,156.1,https://moovitapp.com/index/pt-br/transporte_p%C3%BAblico-line-156_1-Brasilia-1702-851940-242750-0,-1.0,-15.870033,-48.03746,0.0,,,2,2023-06-17T19:34:21+00:00
BRA_440604,Brasília,5300108,,Marechal,0.951,https://moovitapp.com/index/pt-br/transporte_p%C3%BAblico-line-0_951-Brasilia-1702-851940-783578-0,-1.0,-15.869347,-48.03777,0.0,,,2,2023-06-17T19:34:33+00:00
BRA_440931,Brasília,5300108,,Marechal,355.2,https://moovitapp.com/index/pt-br/transporte_p%C3%BAblico-line-355_2-Brasilia-1702-851940-510251-0,-1.0,-15.839877,-48.050983,53.0,,,2,2023-06-17T19:34:21+00:00
BRA_441163,Brasília,5300108,,Marechal,156.1,https://moovitapp.com/index/pt-br/transporte_p%C3%BAblico-line-156_1-Brasilia-1702-851940-242750-0,-1.0,-15.86974,-48.038123,0.0,,,2,2023-06-17T19:28:41+00:00
BRA_440281,Brasília,5300108,,Marechal,157.6,https://moovitapp.com/index/pt-br/transporte_p%C3%BAblico-line-157_6-Brasilia-1702-851940-419627-0,-1.0,-15.84993,-47.97527,20.0,,,2,2023-06-17T19:34:33+00:00
BRA_442062,Brasília,5300108,,Urbi,056.4,https://moovitapp.com/index/pt-br/transporte_p%C3%BAblico-line-056_4-Brasilia-1702-851595-519387-0,-1.0,-15.81261,-48.09507,59.0,,,2,2023-06-17T19:34:31+00:00
BRA_440141,Brasília,5300108,,Urbi,805.9,https://moovitapp.com/index/pt-br/transporte_p%C3%BAblico-line-805_9-Brasilia-1702-851595-454983-0,-1.0,-15.81669,-48.062947,23.0,,,2,2023-06-17T19:34:23+00:00
BRA_443476,Brasília,5300108,,Marechal,0.043,https://moovitapp.com/index/pt-br/transporte_p%C3%BAblico-line-0_043-Brasilia-1702-851940-781330-0,-1.0,-15.839213,-48.12872,0.0,,,2,2023-06-17T19:34:21+00:00
BRA_443174,Brasília,5300108,,Urbi,0.367,https://moovitapp.com/index/pt-br/transporte_p%C3%BAblico-line-0_367-Brasilia-1702-851595-519380-0,-1.0,-15.883967,-48.15018,0.0,,,2,2023-06-17T19:28:41+00:00
BRA_441147,Brasília,5300108,,Marechal,355.1,https://moovitapp.com/index/pt-br/transporte_p%C3%BAblico-line-355_1-Brasilia-1702-851940-729097-0,-1.0,-15.85071,-48.04686,58.0,,,2,2023-06-17T19:34:32+00:00
BRA_441040,Brasília,5300108,,Marechal,0.205,https://moovitapp.com/index/pt-br/transporte_p%C3%BAblico-line-0_205-Brasilia-1702-851940-463646-0,-1.0,-15.976473,-48.031963,60.0,,,2,2023-06-17T19:34:21+00:00
BRA_441503,Brasília,5300108,,Marechal,933.6,https://moovitapp.com/index/pt-br/transporte_p%C3%BAblico-line-933_6-Brasilia-1702-851940-3494672-0,-1.0,-15.83445,-48.118927,30.0,,,2,2023-06-17T19:34:21+00:00
BRA_441121,Brasília,5300108,,Marechal,355.3,https://moovitapp.com/index/pt-br/transporte_p%C3%BAblico-line-355_3-Brasilia-1702-851940-504343-0,-1.0,-15.803227,-48.03146,0.0,,,2,2023-06-17T19:34:21+00:00
BRA_441724,Brasília,5300108,,Marechal,933.6,https://moovitapp.com/index/pt-br/transporte_p%C3%BAblico-line-933_6-Brasilia-1702-851940-3494672-0,-1.0,-15.822763,-48.060833,4.0,,,2,2023-06-17T19:34:26+00:00
BRA_440574,Brasília,5300108,,Marechal,355.3,https://moovitapp.com/index/pt-br/transporte_p%C3%BAblico-line-355_3-Brasilia-1702-851940-504343-0,-1.0,-15.82944,-48.05854,0.0,,,2,2023-06-17T19:34:21+00:00
BRA_440523,Brasília,5300108,,Piracicabana,099.1,https://moovitapp.com/index/pt-br/transporte_p%C3%BAblico-line-099_1-Brasilia-1702-850942-775090-0,-1.0,-15.8696,-48.038277,0.0,,,2,2023-06-17T19:34:21+00:00
BRA_441082,Brasília,5300108,,Marechal,0.162,https://moovitapp.com/index/pt-br/transporte_p%C3%BAblico-line-0_162-Brasilia-1702-851940-766836-0,-1.0,-15.840477,-47.966003,0.0,,,2,2023-06-17T19:34:30+00:00
BRA_443786,Brasília,5300108,,Marechal,351.3,https://moovitapp.com/index/pt-br/transporte_p%C3%BAblico-line-351_3-Brasilia-1702-851940-510249-0,-1.0,-15.869657,-48.037507,0.0,,,2,2023-06-17T19:34:23+00:00
BRA_445240,Brasília,5300108,,Marechal,0.378,https://moovitapp.com/index/pt-br/transporte_p%C3%BAblico-line-0_378-Brasilia-1702-851940-347150-0,-1.0,-15.802387,-47.921023,44.0,,,2,2023-06-17T19:34:21+00:00
BRA_440434,Brasília,5300108,,Marechal,260.3,https://moovitapp.com/index/pt-br/transporte_p%C3%BAblico-line-260_3-Brasilia-1702-851940-393566-0,-1.0,-16.017517,-48.018447,49.0,,,2,2023-06-17T19:34:34+00:00
BRA_440396,Brasília,5300108,,Marechal,0.376,https://moovitapp.com/index/pt-br/transporte_p%C3%BAblico-line-0_376-Brasilia-1702-851940-242726-0,-1.0,-15.78717,-48.009633,49.0,,,2,2023-06-17T19:34:25+00:00
BRA_440205,Brasília,5300108,,Marechal,0.205,https://moovitapp.com/index/pt-br/transporte_p%C3%BAblico-line-0_205-Brasilia-1702-851940-463646-0,-1.0,-15.841377,-48.04649,28.0,,,2,2023-06-17T19:34:21+00:00
BRA_442437,Brasília,5300108,,Urbi,0.347,https://moovitapp.com/index/pt-br/transporte_p%C3%BAblico-line-0_347-Brasilia-1702-851595-347128-0,-1.0,-15.814397,-47.97937,48.0,,,2,2023-06-17T19:34:21+00:00
BRA_440451,Brasília,5300108,,Marechal,959.1,https://moovitapp.com/index/pt-br/transporte_p%C3%BAblico-line-959_1-Brasilia-1702-851940-789939-0,-1.0,-15.871733,-48.030097,33.0,,,2,2023-06-17T17:45:53+00:00
BRA_440671,Brasília,5300108,,Urbi,805.1,https://moovitapp.com/index/pt-br/transporte_p%C3%BAblico-line-805_1-Brasilia-1702-851595-454980-0,-1.0,-15.933317,-48.10893,0.0,,,2,2023-06-17T19:34:22+00:00
BRA_444944,Brasília,5300108,,Marechal,304.1,https://moovitapp.com/index/pt-br/transporte_p%C3%BAblico-line-304_1-Brasilia-1702-851940-516636-0,-1.0,-15.816337,-48.101483,0.0,,,2,2023-06-17T19:34:29+00:00
BRA_445011,Brasília,5300108,,São José,359.2,https://moovitapp.com/index/pt-br/transporte_p%C3%BAblico-line-359_2-Brasilia-1702-851943-2068453-0,-1.0,-15.83719,-48.09267,22.0,,,2,2023-06-17T19:34:21+00:00
BRA_445134,Brasília,5300108,,Piracicabana,099.1,https://moovitapp.com/index/pt-br/transporte_p%C3%BAblico-line-099_1-Brasilia-1702-850942-775090-0,-1.0,-15.808513,-47.957653,0.0,,,2,2023-06-17T19:34:29+00:00
BRA_440019,Brasília,5300108,,Urbi,805.2,https://moovitapp.com/index/pt-br/transporte_p%C3%BAblico-line-805_2-Brasilia-1702-851595-454981-0,-1.0,-15.93333,-48.108717,0.0,,,2,2023-06-17T19:34:21+00:00
BRA_440736,Brasília,5300108,,Marechal,0.156,https://moovitapp.com/index/pt-br/transporte_p%C3%BAblico-line-0_156-Brasilia-1702-851940-242705-0,-1.0,-15.81052,-47.947013,60.0,,,2,2023-06-17T19:34:21+00:00
BRA_443701,Brasília,5300108,,Marechal,0.355,https://moovitapp.com/index/pt-br/transporte_p%C3%BAblico-line-0_355-Brasilia-1702-851940-504338-0,-1.0,-15.873113,-48.02915,10.0,,,2,2023-06-17T19:34:32+00:00
BRA_445304,Brasília,5300108,,Marechal,0.378,https://moovitapp.com/index/pt-br/transporte_p%C3%BAblico-line-0_378-Brasilia-1702-851940-347150-0,-1.0,-15.835587,-48.06044,0.0,,,2,2023-06-17T19:34:21+00:00
BRA_440337,Brasília,5300108,,Marechal,156.1,https://moovitapp.com/index/pt-br/transporte_p%C3%BAblico-line-156_1-Brasilia-1702-851940-242750-0,-1.0,-15.75719,-47.89322,0.0,,,2,2023-06-17T19:34:28+00:00
BRA_440361,Brasília,5300108,,Urbi,805.9,https://moovitapp.com/index/pt-br/transporte_p%C3%BAblico-line-805_9-Brasilia-1702-851595-454983-0,-1.0,-15.933277,-48.108693,0.0,,,2,2023-06-17T19:34:21+00:00
BRA_445258,Brasília,5300108,,Marechal,0.336,https://moovitapp.com/index/pt-br/transporte_p%C3%BAblico-line-0_336-Brasilia-1702-851940-347142-0,-1.0,-15.84866,-48.110737,40.0,,,2,2023-06-17T19:34:33+00:00
BRA_441481,Brasília,5300108,,Urbi,0.056,https://moovitapp.com/index/pt-br/transporte_p%C3%BAblico-line-0_056-Brasilia-1702-851595-588804-0,-1.0,-15.829957,-48.115483,46.0,,,2,2023-06-17T19:34:30+00:00
BRA_442054,Brasília,5300108,,Marechal,304.1,https://moovitapp.com/index/pt-br/transporte_p%C3%BAblico-line-304_1-Brasilia-1702-851940-516636-0,-1.0,-15.779027,-47.938783,53.0,,,2,2023-06-17T19:34:26+00:00
BRA_440167,Brasília,5300108,,Marechal,156.1,https://moovitapp.com/index/pt-br/transporte_p%C3%BAblico-line-156_1-Brasilia-1702-851940-242750-0,-1.0,-15.751563,-47.89474,49.0,,,2,2023-06-17T19:34:27+00:00
BRA_441465,Brasília,5300108,,Marechal,363.1,https://moovitapp.com/index/pt-br/transporte_p%C3%BAblico-line-363_1-Brasilia-1702-851940-504344-0,-1.0,-15.847713,-48.110087,20.0,,,2,2023-06-17T19:31:47+00:00
BRA_445215,Brasília,5300108,,Marechal,337.1,https://moovitapp.com/index/pt-br/transporte_p%C3%BAblico-line-337_1-Brasilia-1702-851940-347165-0,-1.0,-15.839363,-48.12966,0.0,,,2,2023-06-17T19:34:25+00:00
BRA_440043,Brasília,5300108,,Marechal,260.3,https://moovitapp.com/index/pt-br/transporte_p%C3%BAblico-line-260_3-Brasilia-1702-851940-393566-0,-1.0,-15.820947,-48.06496,32.0,,,2,2023-06-17T19:34:21+00:00
BRA_440264,Brasília,5300108,,Marechal,260.3,https://moovitapp.com/index/pt-br/transporte_p%C3%BAblico-line-260_3-Brasilia-1702-851940-393566-0,-1.0,-15.817367,-48.129123,39.0,,,2,2023-06-17T19:34:31+00:00
BRA_443247,Brasília,5300108,,Urbi,056.4,https://moovitapp.com/index/pt-br/transporte_p%C3%BAblico-line-056_4-Brasilia-1702-851595-519387-0,-1.0,-15.85173,-48.072433,30.0,,,2,2023-06-17T19:33:20+00:00
BRA_442445,Brasília,5300108,,Urbi,0.050,https://moovitapp.com/index/pt-br/transporte_p%C3%BAblico-line-0_050-Brasilia-1702-851595-781325-0,-1.0,-15.848517,-48.06055,25.0,,,2,2023-06-17T19:34:21+00:00
BRA_442267,Brasília,5300108,,Marechal,0.369,https://moovitapp.com/index/pt-br/transporte_p%C3%BAblico-line-0_369-Brasilia-1702-851940-500060-0,-1.0,-15.831563,-48.056343,21.0,,,2,2023-06-17T19:34:30+00:00
BRA_442275,Brasília,5300108,,Marechal,933.1,https://moovitapp.com/index/pt-br/transporte_p%C3%BAblico-line-933_1-Brasilia-1702-851940-358307-0,-1.0,-15.819453,-48.108837,52.0,,,2,2023-06-17T19:34:21+00:00
BRA_440426,Brasília,5300108,,Urbi,038.1,https://moovitapp.com/index/pt-br/transporte_p%C3%BAblico-line-038_1-Brasilia-1702-851595-781327-0,-1.0,-15.835433,-48.062297,40.0,,,2,2023-06-17T19:34:34+00:00
BRA_440795,Brasília,5300108,,Marechal,306.1,https://moovitapp.com/index/pt-br/transporte_p%C3%BAblico-line-306_1-Brasilia-1702-851940-510248-0,-1.0,-15.813037,-47.89695,61.0,,,2,2023-06-17T19:34:32+00:00
BRA_441511,Brasília,5300108,,Marechal,0.363,https://moovitapp.com/index/pt-br/transporte_p%C3%BAblico-line-0_363-Brasilia-1702-851940-504339-0,-1.0,-15.842947,-48.102827,28.0,,,2,2023-06-17T19:34:21+00:00
BRA_444715,Brasília,5300108,,Marechal,0.089,https://moovitapp.com/index/pt-br/transporte_p%C3%BAblico-line-0_089-Brasilia-1702-851940-706977-0,-1.0,-15.817237,-47.981197,38.0,,,2,2023-06-17T19:34:21+00:00
BRA_444723,Brasília,5300108,,Marechal,304.1,https://moovitapp.com/index/pt-br/transporte_p%C3%BAblico-line-304_1-Brasilia-1702-851940-516636-0,-1.0,-15.811777,-47.983413,60.0,,,2,2023-06-17T19:34:21+00:00
BRA_445126,Brasília,5300108,,Urbi,0.872,https://moovitapp.com/index/pt-br/transporte_p%C3%BAblico-line-0_872-Brasilia-1702-851595-466291-0,-1.0,-15.855677,-48.044803,39.0,,,2,2023-06-17T19:34:30+00:00
BRA_442852,Brasília,5300108,,Marechal,361.1,https://moovitapp.com/index/pt-br/transporte_p%C3%BAblico-line-361_1-Brasilia-1702-851940-363861-0,-1.0,-15.839117,-48.129063,0.0,,,2,2023-06-17T19:34:25+00:00
BRA_442747,Brasília,5300108,,Marechal,933.2,https://moovitapp.com/index/pt-br/transporte_p%C3%BAblico-line-933_2-Brasilia-1702-851940-717428-0,-1.0,-15.85572,-48.12031,15.0,,,2,2023-06-17T19:05:56+00:00
BRA_441660,Brasília,5300108,,São José,333.7,https://moovitapp.com/index/pt-br/transporte_p%C3%BAblico-line-333_7-Brasilia-1702-851943-2068454-0,-1.0,-15.810797,-48.06845,24.0,,,2,2023-06-17T19:34:21+00:00
BRA_442577,Brasília,5300108,,Urbi,056.2,https://moovitapp.com/index/pt-br/transporte_p%C3%BAblico-line-056_2-Brasilia-1702-851595-492982-0,-1.0,-15.8895,-48.127097,16.0,,,2,2023-06-17T19:34:25+00:00
BRA_443123,Brasília,5300108,,Marechal,932.4,https://moovitapp.com/index/pt-br/transporte_p%C3%BAblico-line-932_4-Brasilia-1702-851940-111057093-0,-1.0,-15.832047,-48.050543,43.0,,,2,2023-06-17T19:34:21+00:00
BRA_443778,Brasília,5300108,,Marechal,0.951,https://moovitapp.com/index/pt-br/transporte_p%C3%BAblico-line-0_951-Brasilia-1702-851940-783578-0,-1.0,-15.867253,-48.037507,0.0,,,2,2023-06-17T19:34:21+00:00
BRA_440922,Brasília,5300108,,São José,0.092,https://moovitapp.com/index/pt-br/transporte_p%C3%BAblico-line-0_092-Brasilia-1702-851943-496589-0,-1.0,-15.804713,-48.058027,49.0,,,2,2023-06-17T19:34:21+00:00
BRA_444731,Brasília,5300108,,Marechal,0.383,https://moovitapp.com/index/pt-br/transporte_p%C3%BAblico-line-0_383-Brasilia-1702-851940-347151-0,-1.0,-15.839183,-48.127577,34.0,,,2,2023-06-17T19:34:21+00:00
BRA_440639,Brasília,5300108,,São José,157.8,https://moovitapp.com/index/pt-br/transporte_p%C3%BAblico-line-157_8-Brasilia-1702-851943-759503-0,-1.0,-15.78021,-47.999743,10.0,,,2,2023-06-17T19:34:21+00:00
BRA_440752,Brasília,5300108,,Marechal,959.1,https://moovitapp.com/index/pt-br/transporte_p%C3%BAblico-line-959_1-Brasilia-1702-851940-789939-0,-1.0,-15.87298,-48.02939,0.0,,,2,2023-06-17T19:19:34+00:00
BRA_440868,Brasília,5300108,,São José,0.092,https://moovitapp.com/index/pt-br/transporte_p%C3%BAblico-line-0_092-Brasilia-1702-851943-496589-0,-1.0,-15.831773,-48.058293,11.0,,,2,2023-06-17T14:13:07+00:00
BRA_444111,Brasília,5300108,,Marechal,933.3,https://moovitapp.com/index/pt-br/transporte_p%C3%BAblico-line-933_3-Brasilia-1702-851940-450287-0,-1.0,-15.846477,-48.12216,30.0,,,2,2023-06-17T19:34:21+00:00
BRA_442674,Brasília,5300108,,Marechal,0.089,https://moovitapp.com/index/pt-br/transporte_p%C3%BAblico-line-0_089-Brasilia-1702-851940-706977-0,-1.0,-15.81868,-47.98379,0.0,,,2,2023-06-17T19:34:21+00:00
BRA_442879,Brasília,5300108,,Marechal,933.5,https://moovitapp.com/index/pt-br/transporte_p%C3%BAblico-line-933_5-Brasilia-1702-851940-766837-0,-1.0,-15.804597,-48.072123,31.0,,,2,2023-06-17T19:34:32+00:00
BRA_443417,Brasília,5300108,,Marechal,0.361,https://moovitapp.com/index/pt-br/transporte_p%C3%BAblico-line-0_361-Brasilia-1702-851940-376158-0,-1.0,-15.840633,-48.126763,0.0,,,2,2023-06-17T19:34:21+00:00
BRA_441295,Brasília,5300108,,Marechal,0.351,https://moovitapp.com/index/pt-br/transporte_p%C3%BAblico-line-0_351-Brasilia-1702-851940-510246-0,-1.0,-15.83038,-48.054023,33.0,,,2,2023-06-17T19:34:21+00:00
BRA_443310,Brasília,5300108,,Marechal,0.361,https://moovitapp.com/index/pt-br/transporte_p%C3%BAblico-line-0_361-Brasilia-1702-851940-376158-0,-1.0,-15.849587,-48.112007,52.0,,,2,2023-06-17T19:34:21+00:00
BRA_441104,Brasília,5300108,,Urbi,805.2,https://moovitapp.com/index/pt-br/transporte_p%C3%BAblico-line-805_2-Brasilia-1702-851595-454981-0,-1.0,-15.904343,-48.13438,68.0,,,2,2023-06-17T19:34:28+00:00
BRA_441180,Brasília,5300108,,Marechal,0.205,https://moovitapp.com/index/pt-br/transporte_p%C3%BAblico-line-0_205-Brasilia-1702-851940-463646-0,-1.0,-16.00324,-48.053403,2.0,,,2,2023-06-17T19:34:23+00:00
BRA_441198,Brasília,5300108,,Urbi,872.9,https://moovitapp.com/index/pt-br/transporte_p%C3%BAblico-line-872_9-Brasilia-1702-851595-372394-0,-1.0,-15.90777,-48.059023,27.0,,,2,2023-06-17T19:34:27+00:00
BRA_443069,Brasília,5300108,,Urbi,367.2,https://moovitapp.com/index/pt-br/transporte_p%C3%BAblico-line-367_2-Brasilia-1702-851595-454971-0,-1.0,-15.892017,-48.147633,42.0,,,2,2023-06-17T19:34:34+00:00
BRA_442640,Brasília,5300108,,Marechal,932.2,https://moovitapp.com/index/pt-br/transporte_p%C3%BAblico-line-932_2-Brasilia-1702-851940-3494666-0,-1.0,-15.83943,-48.127597,13.0,,,2,2023-06-17T19:34:21+00:00
BRA_440191,Brasília,5300108,,Marechal,351.3,https://moovitapp.com/index/pt-br/transporte_p%C3%BAblico-line-351_3-Brasilia-1702-851940-510249-0,-1.0,-15.858263,-48.03707,47.0,,,2,2023-06-17T18:18:32+00:00
BRA_440116,Brasília,5300108,,Marechal,0.153,https://moovitapp.com/index/pt-br/transporte_p%C3%BAblico-line-0_153-Brasilia-1702-851940-766835-0,-1.0,-15.869787,-48.037383,0.0,,,2,2023-06-17T19:34:21+00:00
BRA_440825,Brasília,5300108,,Marechal,260.3,https://moovitapp.com/index/pt-br/transporte_p%C3%BAblico-line-260_3-Brasilia-1702-851940-393566-0,-1.0,-16.044987,-48.034213,41.0,,,2,2023-06-17T19:34:32+00:00
BRA_442356,Brasília,5300108,,Marechal,363.1,https://moovitapp.com/index/pt-br/transporte_p%C3%BAblico-line-363_1-Brasilia-1702-851940-504344-0,-1.0,-15.84089,-48.126573,0.0,,,2,2023-06-17T19:34:21+00:00
BRA_443956,Brasília,5300108,,Marechal,933.4,https://moovitapp.com/index/pt-br/transporte_p%C3%BAblico-line-933_4-Brasilia-1702-851940-656766-0,-1.0,-15.839813,-48.13026,0.0,,,2,2023-06-17T19:34:29+00:00
BRA_445312,Brasília,5300108,,Marechal,0.378,https://moovitapp.com/index/pt-br/transporte_p%C3%BAblico-line-0_378-Brasilia-1702-851940-347150-0,-1.0,-15.833297,-48.056217,0.0,,,2,2023-06-17T19:34:23+00:00
BRA_440621,Brasília,5300108,,Marechal,0.376,https://moovitapp.com/index/pt-br/transporte_p%C3%BAblico-line-0_376-Brasilia-1702-851940-242726-0,-1.0,-15.804263,-48.070683,12.0,,,2,2023-06-17T19:34:21+00:00
BRA_441805,Brasília,5300108,,Marechal,933.5,https://moovitapp.com/index/pt-br/transporte_p%C3%BAblico-line-933_5-Brasilia-1702-851940-766837-0,-1.0,-15.82372,-48.064,1.0,,,2,2023-06-17T19:34:27+00:00
BRA_441775,Brasília,5300108,,Marechal,0.043,https://moovitapp.com/index/pt-br/transporte_p%C3%BAblico-line-0_043-Brasilia-1702-851940-781330-0,-1.0,-15.803903,-48.070057,2.0,,,2,2023-06-17T19:34:31+00:00
BRA_441422,Brasília,5300108,,Marechal,0.363,https://moovitapp.com/index/pt-br/transporte_p%C3%BAblico-line-0_363-Brasilia-1702-851940-504339-0,-1.0,-15.83907,-48.103093,0.0,,,2,2023-06-17T19:34:21+00:00
BRA_445355,Brasília,5300108,,Marechal,0.336,https://moovitapp.com/index/pt-br/transporte_p%C3%BAblico-line-0_336-Brasilia-1702-851940-347142-0,-1.0,-15.839347,-48.128137,0.0,,,2,2023-06-17T19:34:21+00:00
BRA_445266,Brasília,5300108,,Marechal,0.336,https://moovitapp.com/index/pt-br/transporte_p%C3%BAblico-line-0_336-Brasilia-1702-851940-347142-0,-1.0,-15.79391,-47.882983,0.0,,,2,2023-06-17T19:34:21+00:00
BRA_443450,Brasília,5300108,,Marechal,0.043,https://moovitapp.com/index/pt-br/transporte_p%C3%BAblico-line-0_043-Brasilia-1702-851940-781330-0,-1.0,-15.839883,-48.12965,0.0,,,2,2023-06-17T19:34:16+00:00
BRA_443301,Brasília,5300108,,Marechal,0.089,https://moovitapp.com/index/pt-br/transporte_p%C3%BAblico-line-0_089-Brasilia-1702-851940-706977-0,-1.0,-15.84481,-47.980797,22.0,,,2,2023-06-17T19:34:32+00:00
BRA_445142,Brasília,5300108,,Marechal,0.306,https://moovitapp.com/index/pt-br/transporte_p%C3%BAblico-line-0_306-Brasilia-1702-851940-242714-0,-1.0,-15.81109,-47.94325,25.0,,,2,2023-06-17T19:34:21+00:00
BRA_443760,Brasília,5300108,,Marechal,959.2,https://moovitapp.com/index/pt-br/transporte_p%C3%BAblico-line-959_2-Brasilia-1702-851940-66561063-0,-1.0,-15.865053,-48.007667,40.0,,,2,2023-06-17T19:19:54+00:00
BRA_444669,Brasília,5300108,,Marechal,933.5,https://moovitapp.com/index/pt-br/transporte_p%C3%BAblico-line-933_5-Brasilia-1702-851940-766837-0,-1.0,-15.840813,-48.126703,0.0,,,2,2023-06-17T19:34:21+00:00
BRA_440566,Brasília,5300108,,Urbi,805.1,https://moovitapp.com/index/pt-br/transporte_p%C3%BAblico-line-805_1-Brasilia-1702-851595-454980-0,-1.0,-15.933317,-48.10892,0.0,,,2,2023-06-17T19:34:33+00:00
BRA_441015,Brasília,5300108,,São José,157.8,https://moovitapp.com/index/pt-br/transporte_p%C3%BAblico-line-157_8-Brasilia-1702-851943-759503-0,-1.0,-15.840557,-47.965983,0.0,,,2,2023-06-17T19:34:21+00:00
BRA_442119,Brasília,5300108,,Marechal,383.3,https://moovitapp.com/index/pt-br/transporte_p%C3%BAblico-line-383_3-Brasilia-1702-851940-88144102-0,-1.0,-15.800767,-48.060183,58.0,,,2,2023-06-17T19:34:21+00:00
BRA_441376,Brasília,5300108,,Marechal,157.6,https://moovitapp.com/index/pt-br/transporte_p%C3%BAblico-line-157_6-Brasilia-1702-851940-419627-0,-1.0,-15.819233,-47.98695,41.0,,,2,2023-06-17T19:34:21+00:00
BRA_445231,Brasília,5300108,,Marechal,337.1,https://moovitapp.com/index/pt-br/transporte_p%C3%BAblico-line-337_1-Brasilia-1702-851940-347165-0,-1.0,-15.835113,-48.060287,0.0,,,2,2023-06-17T19:34:27+00:00
BRA_443727,Brasília,5300108,,Marechal,357.1,https://moovitapp.com/index/pt-br/transporte_p%C3%BAblico-line-357_1-Brasilia-1702-851940-775113-0,-1.0,-15.82783,-48.058963,0.0,,,2,2023-06-17T19:34:21+00:00
BRA_443654,Brasília,5300108,,Marechal,355.2,https://moovitapp.com/index/pt-br/transporte_p%C3%BAblico-line-355_2-Brasilia-1702-851940-510251-0,-1.0,-15.870067,-48.037907,0.0,,,2,2023-06-17T19:07:29+00:00
BRA_442542,Brasília,5300108,,São José,332.1,https://moovitapp.com/index/pt-br/transporte_p%C3%BAblico-line-332_1-Brasilia-1702-851943-2068455-0,-1.0,-15.80662,-48.11545,26.0,,,2,2023-06-17T18:37:35+00:00
BRA_441872,Brasília,5300108,,Urbi,0.399,https://moovitapp.com/index/pt-br/transporte_p%C3%BAblico-line-0_399-Brasilia-1702-851595-454964-0,-1.0,-15.840697,-48.127007,0.0,,,2,2023-06-17T19:34:23+00:00
BRA_441457,Brasília,5300108,,Marechal,933.5,https://moovitapp.com/index/pt-br/transporte_p%C3%BAblico-line-933_5-Brasilia-1702-851940-766837-0,-1.0,-15.84095,-48.126597,15.0,,,2,2023-06-17T19:34:35+00:00
BRA_440787,Brasília,5300108,,Marechal,0.162,https://moovitapp.com/index/pt-br/transporte_p%C3%BAblico-line-0_162-Brasilia-1702-851940-766836-0,-1.0,-15.821167,-47.918467,52.0,,,2,2023-06-17T19:34:21+00:00
BRA_441139,Brasília,5300108,,Marechal,0.153,https://moovitapp.com/index/pt-br/transporte_p%C3%BAblico-line-0_153-Brasilia-1702-851940-766835-0,-1.0,-15.870073,-48.037997,0.0,,,2,2023-06-17T19:27:29+00:00
BRA_441244,Brasília,5300108,,Marechal,0.153,https://moovitapp.com/index/pt-br/transporte_p%C3%BAblico-line-0_153-Brasilia-1702-851940-766835-0,-1.0,-15.870123,-48.037583,0.0,,,2,2023-06-17T19:34:21+00:00
BRA_440132,Brasília,5300108,,Piracicabana,099.1,https://moovitapp.com/index/pt-br/transporte_p%C3%BAblico-line-099_1-Brasilia-1702-850942-775090-0,-1.0,-15.84893,-48.028143,39.0,,,2,2023-06-17T19:34:21+00:00
BRA_443565,Brasília,5300108,,Marechal,355.1,https://moovitapp.com/index/pt-br/transporte_p%C3%BAblico-line-355_1-Brasilia-1702-851940-729097-0,-1.0,-15.832723,-48.057417,0.0,,,2,2023-06-17T19:34:21+00:00
BRA_440124,Brasília,5300108,,Marechal,0.090,https://moovitapp.com/index/pt-br/transporte_p%C3%BAblico-line-0_090-Brasilia-1702-851940-242702-0,-1.0,-15.840537,-47.96588,0.0,,,2,2023-06-17T19:34:16+00:00
BRA_441155,Brasília,5300108,,Marechal,0.205,https://moovitapp.com/index/pt-br/transporte_p%C3%BAblico-line-0_205-Brasilia-1702-851940-463646-0,-1.0,-15.841833,-48.04567,29.0,,,2,2023-06-17T19:34:21+00:00
BRA_441236,Brasília,5300108,,Marechal,355.2,https://moovitapp.com/index/pt-br/transporte_p%C3%BAblico-line-355_2-Brasilia-1702-851940-510251-0,-1.0,-15.84018,-48.04322,3.0,,,2,2023-06-17T19:34:32+00:00
BRA_442631,Brasília,5300108,,Marechal,933.2,https://moovitapp.com/index/pt-br/transporte_p%C3%BAblico-line-933_2-Brasilia-1702-851940-717428-0,-1.0,-15.84099,-48.126957,0.0,,,2,2023-06-17T19:34:21+00:00
BRA_443603,Brasília,5300108,,Marechal,0.357,https://moovitapp.com/index/pt-br/transporte_p%C3%BAblico-line-0_357-Brasilia-1702-851940-775109-0,-1.0,-15.867317,-48.037457,0.0,,,2,2023-06-17T19:05:25+00:00
BRA_440094,Brasília,5300108,,Marechal,0.090,https://moovitapp.com/index/pt-br/transporte_p%C3%BAblico-line-0_090-Brasilia-1702-851940-242702-0,-1.0,-15.758063,-47.927837,54.0,,,2,2023-06-17T19:34:21+00:00
BRA_440175,Brasília,5300108,,Marechal,351.3,https://moovitapp.com/index/pt-br/transporte_p%C3%BAblico-line-351_3-Brasilia-1702-851940-510249-0,-1.0,-15.865527,-48.02394,40.0,,,2,2023-06-17T19:34:32+00:00
BRA_443620,Brasília,5300108,,Marechal,351.3,https://moovitapp.com/index/pt-br/transporte_p%C3%BAblico-line-351_3-Brasilia-1702-851940-510249-0,-1.0,-15.817763,-48.062533,35.0,,,2,2023-06-17T19:34:26+00:00
BRA_442224,Brasília,5300108,,Marechal,0.369,https://moovitapp.com/index/pt-br/transporte_p%C3%BAblico-line-0_369-Brasilia-1702-851940-500060-0,-1.0,-15.839367,-48.12906,0.0,,,2,2023-06-17T19:34:21+00:00
BRA_444081,Brasília,5300108,,Marechal,933.3,https://moovitapp.com/index/pt-br/transporte_p%C3%BAblico-line-933_3-Brasilia-1702-851940-450287-0,-1.0,-15.82303,-48.106347,55.0,,,2,2023-06-17T19:34:30+00:00
BRA_443182,Brasília,5300108,,Marechal,933.6,https://moovitapp.com/index/pt-br/transporte_p%C3%BAblico-line-933_6-Brasilia-1702-851940-3494672-0,-1.0,-15.840807,-48.126673,0.0,,,2,2023-06-17T19:34:25+00:00
BRA_443689,Brasília,5300108,,Marechal,959.2,https://moovitapp.com/index/pt-br/transporte_p%C3%BAblico-line-959_2-Brasilia-1702-851940-66561063-0,-1.0,-15.843143,-48.04555,34.0,,,2,2023-06-17T19:34:21+00:00
BRA_443204,Brasília,5300108,,Urbi,367.2,https://moovitapp.com/index/pt-br/transporte_p%C3%BAblico-line-367_2-Brasilia-1702-851595-454971-0,-1.0,-15.88636,-48.14422,9.0,,,2,2023-06-17T19:34:21+00:00
BRA_441538,Brasília,5300108,,Marechal,0.363,https://moovitapp.com/index/pt-br/transporte_p%C3%BAblico-line-0_363-Brasilia-1702-851940-504339-0,-1.0,-15.80614,-48.07789,47.0,,,2,2023-06-17T19:34:21+00:00
BRA_442526,Brasília,5300108,,São José,332.1,https://moovitapp.com/index/pt-br/transporte_p%C3%BAblico-line-332_1-Brasilia-1702-851943-2068455-0,-1.0,-15.840013,-48.129317,0.0,,,2,2023-06-17T18:04:44+00:00
BRA_441317,Brasília,5300108,,Marechal,959.1,https://moovitapp.com/index/pt-br/transporte_p%C3%BAblico-line-959_1-Brasilia-1702-851940-789939-0,-1.0,-15.85056,-47.99663,59.0,,,2,2023-06-17T19:34:26+00:00
BRA_443492,Brasília,5300108,,Marechal,361.1,https://moovitapp.com/index/pt-br/transporte_p%C3%BAblico-line-361_1-Brasilia-1702-851940-363861-0,-1.0,-15.835087,-48.06025,0.0,,,2,2023-06-17T19:34:24+00:00
BRA_441902,Brasília,5300108,,Urbi,0.054,https://moovitapp.com/index/pt-br/transporte_p%C3%BAblico-line-0_054-Brasilia-1702-851595-454960-0,-1.0,-15.90248,-48.12978,0.0,,,2,2023-06-17T19:34:22+00:00
BRA_443379,Brasília,5300108,,Marechal,0.089,https://moovitapp.com/index/pt-br/transporte_p%C3%BAblico-line-0_089-Brasilia-1702-851940-706977-0,-1.0,-15.829023,-48.03351,58.0,,,2,2023-06-17T19:34:21+00:00
BRA_441694,Brasília,5300108,,Marechal,0.383,https://moovitapp.com/index/pt-br/transporte_p%C3%BAblico-line-0_383-Brasilia-1702-851940-347151-0,-1.0,-15.839323,-48.12891,0.0,,,2,2023-06-17T19:34:25+00:00
BRA_441171,Brasília,5300108,,Marechal,355.2,https://moovitapp.com/index/pt-br/transporte_p%C3%BAblico-line-355_2-Brasilia-1702-851940-510251-0,-1.0,-15.808837,-48.026323,22.0,,,2,2023-06-17T19:34:30+00:00
BRA_441783,Brasília,5300108,,Urbi,0.056,https://moovitapp.com/index/pt-br/transporte_p%C3%BAblico-line-0_056-Brasilia-1702-851595-588804-0,-1.0,-15.83963,-48.128843,0.0,,,2,2023-06-17T19:34:21+00:00
BRA_441619,Brasília,5300108,,Marechal,0.369,https://moovitapp.com/index/pt-br/transporte_p%C3%BAblico-line-0_369-Brasilia-1702-851940-500060-0,-1.0,-15.836487,-48.090723,39.0,,,2,2023-06-17T19:10:20+00:00
BRA_443662,Brasília,5300108,,São José,157.5,https://moovitapp.com/index/pt-br/transporte_p%C3%BAblico-line-157_5-Brasilia-1702-851943-57327146-0,-1.0,-15.85788,-47.972343,7.0,,,2,2023-06-17T19:34:32+00:00
BRA_443999,Brasília,5300108,,Marechal,933.6,https://moovitapp.com/index/pt-br/transporte_p%C3%BAblico-line-933_6-Brasilia-1702-851940-3494672-0,-1.0,-15.830923,-48.117787,12.0,,,2,2023-06-17T19:33:04+00:00
BRA_444995,Brasília,5300108,,Marechal,0.369,https://moovitapp.com/index/pt-br/transporte_p%C3%BAblico-line-0_369-Brasilia-1702-851940-500060-0,-1.0,-15.873393,-48.028893,29.0,,,2,2023-06-17T18:10:05+00:00
BRA_444898,Brasília,5300108,,São José,359.2,https://moovitapp.com/index/pt-br/transporte_p%C3%BAblico-line-359_2-Brasilia-1702-851943-2068453-0,-1.0,-15.836577,-48.06645,46.0,,,2,2023-06-17T19:34:21+00:00
BRA_445045,Brasília,5300108,,Urbi,0.898,https://moovitapp.com/index/pt-br/transporte_p%C3%BAblico-line-0_898-Brasilia-1702-851595-322394-0,-1.0,-15.9492,-48.033727,0.0,,,2,2023-06-17T19:34:21+00:00
BRA_444791,Brasília,5300108,,Marechal,0.361,https://moovitapp.com/index/pt-br/transporte_p%C3%BAblico-line-0_361-Brasilia-1702-851940-376158-0,-1.0,-15.837087,-48.048763,0.0,,,2,2023-06-17T19:17:34+00:00
BRA_444804,Brasília,5300108,,Marechal,0.089,https://moovitapp.com/index/pt-br/transporte_p%C3%BAblico-line-0_089-Brasilia-1702-851940-706977-0,-1.0,-15.816993,-48.101143,0.0,,,2,2023-06-17T19:34:30+00:00
BRA_444979,Brasília,5300108,,Urbi,056.2,https://moovitapp.com/index/pt-br/transporte_p%C3%BAblico-line-056_2-Brasilia-1702-851595-492982-0,-1.0,-15.841073,-48.12647,0.0,,,2,2023-06-17T19:34:21+00:00
BRA_444910,Brasília,5300108,,Marechal,0.089,https://moovitapp.com/index/pt-br/transporte_p%C3%BAblico-line-0_089-Brasilia-1702-851940-706977-0,-1.0,-15.817653,-48.104693,0.0,,,2,2023-06-17T19:15:14+00:00
BRA_445002,Brasília,5300108,,Urbi,372.4,https://moovitapp.com/index/pt-br/transporte_p%C3%BAblico-line-372_4-Brasilia-1702-851595-650087-0,-1.0,-15.806457,-48.078683,38.0,,,2,2023-06-17T19:34:32+00:00
BRA_444936,Brasília,5300108,,São José,333.6,https://moovitapp.com/index/pt-br/transporte_p%C3%BAblico-line-333_6-Brasilia-1702-851943-2068452-0,-1.0,-15.804907,-48.157133,4.0,,,2,2023-06-17T19:34:16+00:00
BRA_445088,Brasília,5300108,,São José,332.1,https://moovitapp.com/index/pt-br/transporte_p%C3%BAblico-line-332_1-Brasilia-1702-851943-2068455-0,-1.0,-15.838443,-48.025273,38.0,,,2,2023-06-17T19:25:45+00:00
BRA_444855,Brasília,5300108,,Marechal,0.383,https://moovitapp.com/index/pt-br/transporte_p%C3%BAblico-line-0_383-Brasilia-1702-851940-347151-0,-1.0,-15.785037,-47.914047,0.0,,,2,2023-06-17T19:34:34+00:00
BRA_445100,Brasília,5300108,,Urbi,0.898,https://moovitapp.com/index/pt-br/transporte_p%C3%BAblico-line-0_898-Brasilia-1702-851595-322394-0,-1.0,-15.840387,-48.12957,0.0,,,2,2023-06-17T19:31:36+00:00
BRA_444987,Brasília,5300108,,Marechal,383.3,https://moovitapp.com/index/pt-br/transporte_p%C3%BAblico-line-383_3-Brasilia-1702-851940-88144102-0,-1.0,-15.840667,-48.127167,0.0,,,2,2023-06-17T19:18:21+00:00
BRA_444863,Brasília,5300108,,Marechal,361.1,https://moovitapp.com/index/pt-br/transporte_p%C3%BAblico-line-361_1-Brasilia-1702-851940-363861-0,-1.0,-15.83627,-48.090133,38.0,,,2,2023-06-17T19:34:22+00:00
BRA_445029,Brasília,5300108,,Marechal,363.2,https://moovitapp.com/index/pt-br/transporte_p%C3%BAblico-line-363_2-Brasilia-1702-851940-725443-0,-1.0,-15.839377,-48.128873,0.0,,,2,2023-06-17T19:34:21+00:00
BRA_445070,Brasília,5300108,,Marechal,0.942,https://moovitapp.com/index/pt-br/transporte_p%C3%BAblico-line-0_942-Brasilia-1702-851940-347158-0,-1.0,-15.80672,-47.9515,20.0,,,2,2023-06-17T19:20:00+00:00
BRA_445037,Brasília,5300108,,Urbi,056.2,https://moovitapp.com/index/pt-br/transporte_p%C3%BAblico-line-056_2-Brasilia-1702-851595-492982-0,-1.0,-15.86153,-48.074183,44.0,,,2,2023-06-17T19:34:25+00:00
BRA_444758,Brasília,5300108,,Marechal,361.1,https://moovitapp.com/index/pt-br/transporte_p%C3%BAblico-line-361_1-Brasilia-1702-851940-363861-0,-1.0,-15.850723,-48.113677,47.0,,,2,2023-06-17T19:34:21+00:00
BRA_444782,Brasília,5300108,,Urbi,0.054,https://moovitapp.com/index/pt-br/transporte_p%C3%BAblico-line-0_054-Brasilia-1702-851595-454960-0,-1.0,-15.900573,-48.12607,29.0,,,2,2023-06-17T19:34:34+00:00
BRA_444812,Brasília,5300108,,Urbi,372.5,https://moovitapp.com/index/pt-br/transporte_p%C3%BAblico-line-372_5-Brasilia-1702-851595-519391-0,-1.0,-15.86337,-48.07811,0.0,,,2,2023-06-17T19:33:20+00:00
BRA_444961,Brasília,5300108,,Marechal,304.1,https://moovitapp.com/index/pt-br/transporte_p%C3%BAblico-line-304_1-Brasilia-1702-851940-516636-0,-1.0,-15.8459,-48.122303,21.0,,,2,2023-06-17T19:34:29+00:00
BRA_444847,Brasília,5300108,,Marechal,0.383,https://moovitapp.com/index/pt-br/transporte_p%C3%BAblico-line-0_383-Brasilia-1702-851940-347151-0,-1.0,-15.807087,-48.080893,50.0,,,2,2023-06-17T19:34:21+00:00
BRA_444871,Brasília,5300108,,Marechal,363.2,https://moovitapp.com/index/pt-br/transporte_p%C3%BAblico-line-363_2-Brasilia-1702-851940-725443-0,-1.0,-15.809827,-48.068797,1.0,,,2,2023-06-17T19:34:34+00:00
BRA_444766,Brasília,5300108,,Urbi,0.367,https://moovitapp.com/index/pt-br/transporte_p%C3%BAblico-line-0_367-Brasilia-1702-851595-519380-0,-1.0,-15.887277,-48.147613,53.0,,,2,2023-06-17T18:53:47+00:00
BRA_444774,Brasília,5300108,,Marechal,363.2,https://moovitapp.com/index/pt-br/transporte_p%C3%BAblico-line-363_2-Brasilia-1702-851940-725443-0,-1.0,-15.840683,-48.12681,0.0,,,2,2023-06-17T19:34:35+00:00
BRA_440817,Brasília,5300108,,Marechal,0.153,https://moovitapp.com/index/pt-br/transporte_p%C3%BAblico-line-0_153-Brasilia-1702-851940-766835-0,-1.0,-15.84036,-47.965793,0.0,,,2,2023-06-17T19:34:21+00:00
BRA_445118,Brasília,5300108,,Marechal,0.305,https://moovitapp.com/index/pt-br/transporte_p%C3%BAblico-line-0_305-Brasilia-1702-851940-775108-0,-1.0,-15.86698,-48.037667,0.0,,,2,2023-06-17T19:34:21+00:00
BRA_443611,Brasília,5300108,,Marechal,0.355,https://moovitapp.com/index/pt-br/transporte_p%C3%BAblico-line-0_355-Brasilia-1702-851940-504338-0,-1.0,-15.867007,-48.037463,0.0,,,2,2023-06-17T19:34:16+00:00
BRA_440647,Brasília,5300108,,Piracicabana,099.1,https://moovitapp.com/index/pt-br/transporte_p%C3%BAblico-line-099_1-Brasilia-1702-850942-775090-0,-1.0,-15.79766,-47.94928,16.0,,,2,2023-06-17T19:34:22+00:00
BRA_443255,Brasília,5300108,,Marechal,363.1,https://moovitapp.com/index/pt-br/transporte_p%C3%BAblico-line-363_1-Brasilia-1702-851940-504344-0,-1.0,-15.82956,-48.058553,0.0,,,2,2023-06-17T19:34:21+00:00
BRA_444839,Brasília,5300108,,Marechal,0.043,https://moovitapp.com/index/pt-br/transporte_p%C3%BAblico-line-0_043-Brasilia-1702-851940-781330-0,-1.0,-15.83945,-48.127937,0.0,,,2,2023-06-17T19:09:54+00:00
BRA_440302,Brasília,5300108,,Urbi,038.1,https://moovitapp.com/index/pt-br/transporte_p%C3%BAblico-line-038_1-Brasilia-1702-851595-781327-0,-1.0,-15.869813,-48.038663,0.0,,,2,2023-06-17T19:34:21+00:00
BRA_444651,Brasília,5300108,,Marechal,363.2,https://moovitapp.com/index/pt-br/transporte_p%C3%BAblico-line-363_2-Brasilia-1702-851940-725443-0,-1.0,-15.804673,-48.070553,13.0,,,2,2023-06-17T19:34:21+00:00
BRA_444901,Brasília,5300108,,Marechal,0.383,https://moovitapp.com/index/pt-br/transporte_p%C3%BAblico-line-0_383-Brasilia-1702-851940-347151-0,-1.0,-15.841123,-48.12687,0.0,,,2,2023-06-17T19:34:25+00:00
BRA_441309,Brasília,5300108,,Marechal,355.3,https://moovitapp.com/index/pt-br/transporte_p%C3%BAblico-line-355_3-Brasilia-1702-851940-504343-0,-1.0,-15.823577,-48.06405,0.0,,,2,2023-06-17T19:34:21+00:00
BRA_443638,Brasília,5300108,,Marechal,0.951,https://moovitapp.com/index/pt-br/transporte_p%C3%BAblico-line-0_951-Brasilia-1702-851940-783578-0,-1.0,-15.838857,-48.017947,1.0,,,2,2023-06-17T19:34:30+00:00
BRA_441490,Brasília,5300108,,Urbi,0.050,https://moovitapp.com/index/pt-br/transporte_p%C3%BAblico-line-0_050-Brasilia-1702-851595-781325-0,-1.0,-15.894317,-48.13756,48.0,,,2,2023-06-17T19:34:21+00:00
BRA_443808,Brasília,5300108,,Marechal,157.1,https://moovitapp.com/index/pt-br/transporte_p%C3%BAblico-line-157_1-Brasilia-1702-851940-88144062-0,-1.0,-15.796483,-47.975287,56.0,,,2,2023-06-17T19:34:21+00:00
BRA_441341,Brasília,5300108,,Marechal,959.1,https://moovitapp.com/index/pt-br/transporte_p%C3%BAblico-line-959_1-Brasilia-1702-851940-789939-0,-1.0,-15.804097,-48.070633,38.0,,,2,2023-06-17T19:32:02+00:00
BRA_228800,Brasília,5300108,,Taguatur,2301,https://moovitapp.com/index/pt-br/transporte_p%C3%BAblico-line-2301-Brasilia-1702-854428-81537943-0,-1.0,-15.794063,-47.882676,,,,1,2023-06-17T19:33:40+00:00
BRA_229229,Brasília,5300108,,Pioneira,0.255,https://moovitapp.com/index/pt-br/transporte_p%C3%BAblico-line-0_255-Brasilia-1702-851941-706978-0,-1.0,-15.842209,-48.050532,,,,1,2023-06-17T19:33:58+00:00
BRA_230189,Brasília,5300108,,Pioneira,0.255,https://moovitapp.com/index/pt-br/transporte_p%C3%BAblico-line-0_255-Brasilia-1702-851941-706978-0,-1.0,-15.805608,-48.076364,,,,1,2023-06-17T19:34:08+00:00
BRA_227676,Brasília,5300108,,Pioneira,147.5,https://moovitapp.com/index/pt-br/transporte_p%C3%BAblico-line-147_5-Brasilia-1702-851941-519406-0,-1.0,-15.780983,-47.88775,,,,2,2023-06-17T19:33:50+00:00
BRA_223930,Brasília,5300108,,Pioneira,2307,https://moovitapp.com/index/pt-br/transporte_p%C3%BAblico-line-2307-Brasilia-1702-851941-18556638-0,-1.0,-15.953064,-47.994345,,,,1,2023-06-14T10:16:34+00:00
BRA_227901,Brasília,5300108,,Pioneira,147.2,https://moovitapp.com/index/pt-br/transporte_p%C3%BAblico-line-147_2-Brasilia-1702-851941-519403-0,-1.0,-15.911891,-47.755927,,,,1,2023-06-17T19:33:16+00:00
BRA_231967,Brasília,5300108,,Pioneira,197.3,https://moovitapp.com/index/pt-br/transporte_p%C3%BAblico-line-197_3-Brasilia-1702-851941-519409-0,-1.0,-15.813713,-47.842463,,,,2,2023-06-17T19:33:36+00:00
BRA_228681,Brasília,5300108,,Pioneira,180.1,https://moovitapp.com/index/pt-br/transporte_p%C3%BAblico-line-180_1-Brasilia-1702-851941-339336-0,-1.0,-15.807533,-47.852998,,,,1,2023-06-17T19:33:42+00:00
BRA_231321,Brasília,5300108,,Taguatur,3304,https://moovitapp.com/index/pt-br/transporte_p%C3%BAblico-line-3304-Brasilia-1702-854428-21462346-0,-1.0,-16.005016,-47.993996,,,,1,2023-06-17T19:34:30+00:00
BRA_228508,Brasília,5300108,,Pioneira,0.255,https://moovitapp.com/index/pt-br/transporte_p%C3%BAblico-line-0_255-Brasilia-1702-851941-706978-0,-1.0,-15.856002,-48.038617,,,,2,2023-06-17T19:34:18+00:00
BRA_232165,Brasília,5300108,,,3201,,,-15.992324,-48.049864,,,,1,2023-06-17T19:34:00+00:00
BRA_232521,Brasília,5300108,,Pioneira,2207,https://moovitapp.com/index/pt-br/transporte_p%C3%BAblico-line-2207-Brasilia-1702-851941-422078-0,-1.0,-15.881276,-47.959886,,,,1,2023-06-17T18:39:36+00:00
BRA_228265,Brasília,5300108,,Taguatur,3305,https://moovitapp.com/index/pt-br/transporte_p%C3%BAblico-line-3305-Brasilia-1702-854428-77810673-0,-1.0,-16.048291,-48.045675,,,,1,2023-06-17T19:34:40+00:00
BRA_229385,Brasília,5300108,,Pioneira,764.2,https://moovitapp.com/index/pt-br/transporte_p%C3%BAblico-line-764_2-Brasilia-1702-851941-527246-0,-1.0,-15.7537,-47.764306,,,,1,2023-06-17T19:34:10+00:00
BRA_227269,Brasília,5300108,,Pioneira,180.2,https://moovitapp.com/index/pt-br/transporte_p%C3%BAblico-line-180_2-Brasilia-1702-851941-514539-0,-1.0,-15.794299,-47.882289,,,,2,2023-06-17T19:35:00+00:00
BRA_231444,Brasília,5300108,,Pioneira,183.8,https://moovitapp.com/index/pt-br/transporte_p%C3%BAblico-line-183_8-Brasilia-1702-851941-719958-0,-1.0,-15.918183,-47.761318,,,,1,2023-06-17T19:32:40+00:00
BRA_230111,Brasília,5300108,,Pioneira,0.255,https://moovitapp.com/index/pt-br/transporte_p%C3%BAblico-line-0_255-Brasilia-1702-851941-706978-0,-1.0,-15.901634,-48.053571,,,,1,2023-06-17T19:34:02+00:00
BRA_232297,Brasília,5300108,,Pioneira,251.8,https://moovitapp.com/index/pt-br/transporte_p%C3%BAblico-line-251_8-Brasilia-1702-851941-708654-0,-1.0,-16.032339,-48.057666,,,,1,2023-06-17T19:34:30+00:00
BRA_229032,Brasília,5300108,,Urbi,119.0,https://moovitapp.com/index/pt-br/transporte_p%C3%BAblico-line-119_0-Brasilia-1702-851595-139513625-0,-1.0,-15.875818,-47.974503,,,,1,2023-06-17T19:30:00+00:00
BRA_232629,Brasília,5300108,,Pioneira,2205,https://moovitapp.com/index/pt-br/transporte_p%C3%BAblico-line-2205-Brasilia-1702-851941-393568-0,-1.0,-15.812298,-47.905832,,,,1,2023-06-17T19:34:50+00:00
BRA_228249,Brasília,5300108,,Taguatur,2301,https://moovitapp.com/index/pt-br/transporte_p%C3%BAblico-line-2301-Brasilia-1702-854428-81537943-0,-1.0,-16.002232,-47.986487,,,,2,2023-06-17T19:34:18+00:00
BRA_225941,Brasília,5300108,,UTB,2302,https://moovitapp.com/index/pt-br/transporte_p%C3%BAblico-line-2302-Brasilia-1702-854427-744298-0,-1.0,-15.997577,-47.98512,,,,1,2023-06-17T19:33:58+00:00
BRA_228516,Brasília,5300108,,Pioneira,784.3,https://moovitapp.com/index/pt-br/transporte_p%C3%BAblico-line-784_3-Brasilia-1702-851941-46904557-0,-1.0,-15.733352,-47.787621,,,,1,2023-06-17T19:32:12+00:00
BRA_231754,Brasília,5300108,,Pioneira,0.102,https://moovitapp.com/index/pt-br/transporte_p%C3%BAblico-line-0_102-Brasilia-1702-851941-775119-0,-1.0,-15.827851,-47.904846,,,,1,2023-06-17T19:34:20+00:00
BRA_228648,Brasília,5300108,,Pioneira,2307,https://moovitapp.com/index/pt-br/transporte_p%C3%BAblico-line-2307-Brasilia-1702-851941-18556638-0,-1.0,-15.783855,-47.894807,,,,1,2023-06-17T19:34:24+00:00
BRA_228303,Brasília,5300108,,Taguatur,3305,https://moovitapp.com/index/pt-br/transporte_p%C3%BAblico-line-3305-Brasilia-1702-854428-77810673-0,-1.0,-16.037559,-47.979195,,,,1,2023-06-17T19:33:20+00:00
BRA_232432,Brasília,5300108,,,3301,,,-16.005738,-47.986678,,,,1,2023-06-17T19:34:08+00:00
BRA_226823,Brasília,5300108,,Pioneira,0.762,https://moovitapp.com/index/pt-br/transporte_p%C3%BAblico-line-0_762-Brasilia-1702-851941-576189-0,-1.0,-15.770191,-47.779648,,,,1,2023-06-17T19:34:58+00:00
BRA_223816,Brasília,5300108,,,2201,,,-15.944041,-47.989552,,,,2,2023-06-17T19:33:54+00:00
BRA_226963,Brasília,5300108,,,2202,,,-15.902363,-47.963236,,,,2,2023-06-17T19:34:42+00:00
BRA_228133,Brasília,5300108,,Pioneira,780.1,https://moovitapp.com/index/pt-br/transporte_p%C3%BAblico-line-780_1-Brasilia-1702-851941-531040-0,-1.0,-15.760605,-47.781256,,,,2,2023-06-17T16:51:32+00:00
BRA_232254,Brasília,5300108,,,3301,,,-16.022456,-48.013879,,,,1,2023-06-17T19:33:48+00:00
BRA_225584,Brasília,5300108,,UTB,2302,https://moovitapp.com/index/pt-br/transporte_p%C3%BAblico-line-2302-Brasilia-1702-854427-744298-0,-1.0,-15.85581,-47.933552,,,,2,2023-06-17T19:34:34+00:00
BRA_227765,Brasília,5300108,,,2202,,,-15.793497,-47.882505,,,,1,2023-06-17T19:34:28+00:00
BRA_228877,Brasília,5300108,,Pioneira,271.3,https://moovitapp.com/index/pt-br/transporte_p%C3%BAblico-line-271_3-Brasilia-1702-851941-669626-0,-1.0,-16.021715,-48.075391,,,,1,2023-06-17T19:34:44+00:00
BRA_231363,Brasília,5300108,,Pioneira,073.4,https://moovitapp.com/index/pt-br/transporte_p%C3%BAblico-line-073_4-Brasilia-1702-851941-77944646-0,-1.0,-15.880035,-47.959123,,,,1,2023-06-17T19:34:10+00:00
BRA_229601,Brasília,5300108,,Pioneira,0.765,https://moovitapp.com/index/pt-br/transporte_p%C3%BAblico-line-0_765-Brasilia-1702-851941-576190-0,-1.0,-15.819397,-47.916036,,,,2,2023-06-17T19:33:48+00:00
BRA_232556,Brasília,5300108,,Taguatur,2301,https://moovitapp.com/index/pt-br/transporte_p%C3%BAblico-line-2301-Brasilia-1702-854428-81537943-0,-1.0,-15.931047,-47.980797,,,,2,2023-06-17T19:34:38+00:00
BRA_229024,Brasília,5300108,,Pioneira,251.8,https://moovitapp.com/index/pt-br/transporte_p%C3%BAblico-line-251_8-Brasilia-1702-851941-708654-0,-1.0,-16.002289,-48.053069,,,,1,2023-06-17T19:34:12+00:00
BRA_230014,Brasília,5300108,,,3204,,,-16.020161,-48.050678,,,,1,2023-06-17T19:35:06+00:00
BRA_229741,Brasília,5300108,,Pioneira,780.1,https://moovitapp.com/index/pt-br/transporte_p%C3%BAblico-line-780_1-Brasilia-1702-851941-531040-0,-1.0,-15.803669,-47.851631,,,,1,2023-06-17T19:34:56+00:00
BRA_226360,Brasília,5300108,,,2201,,,-15.878286,-47.959485,,,,1,2023-06-17T19:34:20+00:00
BRA_226432,Brasília,5300108,,Pioneira,784.4,https://moovitapp.com/index/pt-br/transporte_p%C3%BAblico-line-784_4-Brasilia-1702-851941-97613727-0,-1.0,-15.74148,-47.765826,,,,1,2023-06-17T19:33:54+00:00
BRA_228567,Brasília,5300108,,Pioneira,2306,https://moovitapp.com/index/pt-br/transporte_p%C3%BAblico-line-2306-Brasilia-1702-851941-18556641-0,-1.0,-15.790051,-47.888774,,,,1,2023-06-17T19:34:10+00:00
BRA_231932,Brasília,5300108,,Pioneira,180.1,https://moovitapp.com/index/pt-br/transporte_p%C3%BAblico-line-180_1-Brasilia-1702-851941-339336-0,-1.0,-15.796409,-47.871003,,,,1,2023-06-17T19:33:48+00:00
BRA_232475,Brasília,5300108,,Pioneira,3307,https://moovitapp.com/index/pt-br/transporte_p%C3%BAblico-line-3307-Brasilia-1702-851941-519400-0,-1.0,-16.020208,-47.987638,,,,1,2023-06-17T19:33:38+00:00
BRA_228834,Brasília,5300108,,Pioneira,0.275,https://moovitapp.com/index/pt-br/transporte_p%C3%BAblico-line-0_275-Brasilia-1702-851941-706979-0,-1.0,-15.826397,-48.059579,,,,2,2023-06-17T19:35:08+00:00
BRA_226688,Brasília,5300108,,Pioneira,100.2,https://moovitapp.com/index/pt-br/transporte_p%C3%BAblico-line-100_2-Brasilia-1702-851941-620160-0,-1.0,-15.802417,-47.786037,,,,1,2023-06-17T19:34:10+00:00
BRA_225720,Brasília,5300108,,Pioneira,764.2,https://moovitapp.com/index/pt-br/transporte_p%C3%BAblico-line-764_2-Brasilia-1702-851941-527246-0,-1.0,-15.807908,-47.850239,,,,1,2023-06-17T19:33:30+00:00
BRA_231631,Brasília,5300108,,Pioneira,0.762,https://moovitapp.com/index/pt-br/transporte_p%C3%BAblico-line-0_762-Brasilia-1702-851941-576189-0,-1.0,-15.736016,-47.765285,,,,1,2023-06-15T08:20:24+00:00
BRA_225711,Brasília,5300108,,Pioneira,764.2,https://moovitapp.com/index/pt-br/transporte_p%C3%BAblico-line-764_2-Brasilia-1702-851941-527246-0,-1.0,-15.749523,-47.762583,,,,2,2023-06-17T19:33:56+00:00
BRA_232203,Brasília,5300108,,Taguatur,3302,https://moovitapp.com/index/pt-br/transporte_p%C3%BAblico-line-3302-Brasilia-1702-854428-3135322-0,-1.0,-16.042953,-48.034231,,,,1,2023-06-17T19:34:22+00:00
BRA_228281,Brasília,5300108,,,3202,,,-16.032094,-48.057475,,,,1,2023-06-17T19:34:08+00:00
BRA_228389,Brasília,5300108,,Pioneira,0.253,https://moovitapp.com/index/pt-br/transporte_p%C3%BAblico-line-0_253-Brasilia-1702-851941-510254-0,-1.0,-15.787799,-48.130577,,,,1,2023-06-17T19:34:12+00:00
BRA_229482,Brasília,5300108,,Pioneira,147.5,https://moovitapp.com/index/pt-br/transporte_p%C3%BAblico-line-147_5-Brasilia-1702-851941-519406-0,-1.0,-15.913129,-47.756842,,,,1,2023-06-16T18:25:48+00:00
BRA_230049,Brasília,5300108,,,3206,,,-16.037635,-48.056432,,,,1,2023-06-17T19:33:42+00:00
BRA_226947,Brasília,5300108,,Pioneira,780.1,https://moovitapp.com/index/pt-br/transporte_p%C3%BAblico-line-780_1-Brasilia-1702-851941-531040-0,-1.0,-15.748154,-47.768375,,,,2,2023-06-17T19:34:56+00:00
BRA_226301,Brasília,5300108,,,2201,,,-15.99243,-48.050399,,,,2,2023-06-17T19:34:10+00:00
BRA_226441,Brasília,5300108,,Pioneira,0.784,https://moovitapp.com/index/pt-br/transporte_p%C3%BAblico-line-0_784-Brasilia-1702-851941-372405-0,-1.0,-15.762941,-47.791912,,,,1,2023-06-17T19:33:42+00:00
BRA_226556,Brasília,5300108,,Pioneira,0.765,https://moovitapp.com/index/pt-br/transporte_p%C3%BAblico-line-0_765-Brasilia-1702-851941-576190-0,-1.0,-15.802398,-47.793158,,,,1,2023-06-17T19:34:42+00:00
BRA_230065,Brasília,5300108,,Taguatur,3302,https://moovitapp.com/index/pt-br/transporte_p%C3%BAblico-line-3302-Brasilia-1702-854428-3135322-0,-1.0,-16.024996,-48.0295,,,,1,2023-06-17T19:33:40+00:00
BRA_229555,Brasília,5300108,,,3206,,,-16.017719,-48.083459,,,,1,2023-06-17T19:34:52+00:00
BRA_227897,Brasília,5300108,,,3207,,,-16.013876,-48.069974,,,,1,2023-06-17T19:34:32+00:00
BRA_228885,Brasília,5300108,,Pioneira,2307,https://moovitapp.com/index/pt-br/transporte_p%C3%BAblico-line-2307-Brasilia-1702-851941-18556638-0,-1.0,-15.794923,-47.912736,,,,2,2023-06-17T19:33:48+00:00
BRA_223905,Brasília,5300108,,UTB,2302,https://moovitapp.com/index/pt-br/transporte_p%C3%BAblico-line-2302-Brasilia-1702-854427-744298-0,-1.0,-16.00261,-47.986112,,,,1,2023-06-17T19:34:28+00:00
BRA_229849,Brasília,5300108,,Pioneira,0.147,https://moovitapp.com/index/pt-br/transporte_p%C3%BAblico-line-0_147-Brasilia-1702-851941-519401-0,-1.0,-15.843685,-47.851123,,,,2,2023-06-17T19:34:00+00:00
BRA_228575,Brasília,5300108,,Pioneira,0.273,https://moovitapp.com/index/pt-br/transporte_p%C3%BAblico-line-0_273-Brasilia-1702-851941-510255-0,-1.0,-16.042175,-48.025934,,,,1,2023-06-17T19:33:32+00:00
BRA_228401,Brasília,5300108,,Pioneira,2307,https://moovitapp.com/index/pt-br/transporte_p%C3%BAblico-line-2307-Brasilia-1702-851941-18556638-0,-1.0,-15.913186,-47.968863,,,,1,2023-06-17T19:33:50+00:00
BRA_232084,Brasília,5300108,,Pioneira,180.1,https://moovitapp.com/index/pt-br/transporte_p%C3%BAblico-line-180_1-Brasilia-1702-851941-339336-0,-1.0,-15.913342,-47.756747,,,,2,2023-06-17T19:33:56+00:00
BRA_226831,Brasília,5300108,,Pioneira,0.510,https://moovitapp.com/index/pt-br/transporte_p%C3%BAblico-line-0_510-Brasilia-1702-851941-16483906-0,-1.0,-15.76021,-47.780773,,,,1,2023-06-15T13:15:44+00:00
BRA_227480,Brasília,5300108,,,3201,,,-15.998349,-48.058562,,,,1,2023-06-15T21:20:48+00:00
BRA_227480,Brasília,5300108,,Taguatur,3305,https://moovitapp.com/index/pt-br/transporte_p%C3%BAblico-line-3305-Brasilia-1702-854428-77810673-0,-1.0,-16.008348,-48.154362,,,,1,2023-06-17T19:34:04+00:00
BRA_230103,Brasília,5300108,,Taguatur,3302,https://moovitapp.com/index/pt-br/transporte_p%C3%BAblico-line-3302-Brasilia-1702-854428-3135322-0,-1.0,-16.010373,-48.008437,,,,1,2023-06-17T19:33:50+00:00
BRA_223620,Brasília,5300108,,Pioneira,2206,https://moovitapp.com/index/pt-br/transporte_p%C3%BAblico-line-2206-Brasilia-1702-851941-18556637-0,-1.0,-15.793413,-47.880782,,,,1,2023-06-17T19:34:16+00:00
BRA_227099,Brasília,5300108,,Pioneira,147.2,https://moovitapp.com/index/pt-br/transporte_p%C3%BAblico-line-147_2-Brasilia-1702-851941-519403-0,-1.0,-15.813594,-47.8424,,,,1,2023-06-17T19:34:36+00:00
BRA_231703,Brasília,5300108,,Pioneira,0.762,https://moovitapp.com/index/pt-br/transporte_p%C3%BAblico-line-0_762-Brasilia-1702-851941-576189-0,-1.0,-15.751227,-47.888373,,,,1,2023-06-17T18:11:32+00:00
BRA_226343,Brasília,5300108,,Pioneira,2205,https://moovitapp.com/index/pt-br/transporte_p%C3%BAblico-line-2205-Brasilia-1702-851941-393568-0,-1.0,-15.811035,-47.904427,,,,2,2023-06-17T19:34:06+00:00
BRA_230138,Brasília,5300108,,Taguatur,3302,https://moovitapp.com/index/pt-br/transporte_p%C3%BAblico-line-3302-Brasilia-1702-854428-3135322-0,-1.0,-16.043917,-48.03425,,,,1,2023-06-17T19:34:32+00:00
BRA_228583,Brasília,5300108,,Pioneira,0.255,https://moovitapp.com/index/pt-br/transporte_p%C3%BAblico-line-0_255-Brasilia-1702-851941-706978-0,-1.0,-15.866402,-48.032647,,,,1,2023-06-17T19:35:14+00:00
BRA_232394,Brasília,5300108,,Pioneira,251.8,https://moovitapp.com/index/pt-br/transporte_p%C3%BAblico-line-251_8-Brasilia-1702-851941-708654-0,-1.0,-16.002206,-47.986023,,,,1,2023-06-17T19:35:24+00:00
BRA_229512,Brasília,5300108,,Urbi,206.2,https://moovitapp.com/index/pt-br/transporte_p%C3%BAblico-line-206_2-Brasilia-1702-851595-781328-0,-1.0,-15.948021,-48.143604,,,,1,2023-06-17T19:34:04+00:00
BRA_231649,Brasília,5300108,,Pioneira,759.1,https://moovitapp.com/index/pt-br/transporte_p%C3%BAblico-line-759_1-Brasilia-1702-851941-616183-0,-1.0,-15.760576,-47.781218,,,,2,2023-06-17T19:34:00+00:00
BRA_226009,Brasília,5300108,,,2202,,,-15.988369,-48.045395,,,,1,2023-06-17T19:34:14+00:00
BRA_232335,Brasília,5300108,,Pioneira,251.7,https://moovitapp.com/index/pt-br/transporte_p%C3%BAblico-line-251_7-Brasilia-1702-851941-651524-0,-1.0,-16.017726,-48.066694,,,,1,2023-06-17T19:34:50+00:00
BRA_229440,Brasília,5300108,,Taguatur,2301,https://moovitapp.com/index/pt-br/transporte_p%C3%BAblico-line-2301-Brasilia-1702-854428-81537943-0,-1.0,-15.836059,-47.927156,,,,2,2023-06-17T19:34:04+00:00
BRA_226882,Brasília,5300108,,Pioneira,2206,https://moovitapp.com/index/pt-br/transporte_p%C3%BAblico-line-2206-Brasilia-1702-851941-18556637-0,-1.0,-15.88165,-47.960102,,,,2,2023-06-17T19:34:28+00:00
BRA_229938,Brasília,5300108,,Marechal,206.1,https://moovitapp.com/index/pt-br/transporte_p%C3%BAblico-line-206_1-Brasilia-1702-851940-137149861-0,-1.0,-16.02044,-48.067037,,,,1,2023-06-17T19:34:10+00:00
BRA_231827,Brasília,5300108,,Pioneira,180.1,https://moovitapp.com/index/pt-br/transporte_p%C3%BAblico-line-180_1-Brasilia-1702-851941-339336-0,-1.0,-15.908494,-47.754388,,,,1,2023-06-17T13:47:42+00:00
BRA_231789,Brasília,5300108,,Pioneira,764.2,https://moovitapp.com/index/pt-br/transporte_p%C3%BAblico-line-764_2-Brasilia-1702-851941-527246-0,-1.0,-15.80217,-47.787334,,,,2,2023-06-17T19:34:32+00:00
BRA_227137,Brasília,5300108,,Pioneira,199.1,https://moovitapp.com/index/pt-br/transporte_p%C3%BAblico-line-199_1-Brasilia-1702-851941-770034-0,-1.0,-15.783628,-47.895259,,,,1,2023-06-17T19:34:06+00:00
BRA_227498,Brasília,5300108,,Pioneira,147.3,https://moovitapp.com/index/pt-br/transporte_p%C3%BAblico-line-147_3-Brasilia-1702-851941-574203-0,-1.0,-15.85786,-47.833168,,,,1,2023-06-17T19:34:08+00:00
BRA_225681,Brasília,5300108,,Pioneira,764.2,https://moovitapp.com/index/pt-br/transporte_p%C3%BAblico-line-764_2-Brasilia-1702-851941-527246-0,-1.0,-15.813637,-47.842711,,,,2,2023-06-17T19:34:04+00:00
BRA_231606,Brasília,5300108,,Pioneira,100.2,https://moovitapp.com/index/pt-br/transporte_p%C3%BAblico-line-100_2-Brasilia-1702-851941-620160-0,-1.0,-15.845277,-47.854066,,,,2,2023-06-17T19:33:20+00:00
BRA_225568,Brasília,5300108,,UTB,2302,https://moovitapp.com/index/pt-br/transporte_p%C3%BAblico-line-2302-Brasilia-1702-854427-744298-0,-1.0,-15.907944,-47.965487,,,,2,2023-06-17T19:34:12+00:00
BRA_227447,Brasília,5300108,,Pioneira,2208,https://moovitapp.com/index/pt-br/transporte_p%C3%BAblico-line-2208-Brasilia-1702-851941-18556642-0,-1.0,-15.85258,-47.955321,,,,2,2023-06-17T19:34:30+00:00
BRA_229971,Brasília,5300108,,Pioneira,205.1,https://moovitapp.com/index/pt-br/transporte_p%C3%BAblico-line-205_1-Brasilia-1702-851941-393571-0,-1.0,-15.816714,-48.062936,,,,1,2023-06-17T19:33:34+00:00
BRA_227391,Brasília,5300108,,Pioneira,183.6,https://moovitapp.com/index/pt-br/transporte_p%C3%BAblico-line-183_6-Brasilia-1702-851941-242921-0,-1.0,-15.913305,-47.758851,,,,1,2023-06-17T19:33:42+00:00
BRA_228435,Brasília,5300108,,,3204,,,-15.991866,-48.049349,,,,1,2023-06-17T19:34:24+00:00
BRA_229920,Brasília,5300108,,,3207,,,-15.992258,-48.049769,,,,1,2023-06-17T19:34:18+00:00
BRA_225533,Brasília,5300108,,,2201,,,-15.970205,-48.025457,,,,2,2023-06-17T10:57:40+00:00
BRA_228869,Brasília,5300108,,Pioneira,251.7,https://moovitapp.com/index/pt-br/transporte_p%C3%BAblico-line-251_7-Brasilia-1702-851941-651524-0,-1.0,-16.00227,-47.98615,,,,1,2023-06-17T19:33:20+00:00
BRA_227404,Brasília,5300108,,Pioneira,181.2,https://moovitapp.com/index/pt-br/transporte_p%C3%BAblico-line-181_2-Brasilia-1702-851941-339338-0,-1.0,-15.843,-47.889015,,,,1,2023-06-17T19:33:44+00:00
BRA_229989,Brasília,5300108,,,3201,,,-16.037378,-48.056203,,,,1,2023-06-17T19:34:06+00:00
BRA_228079,Brasília,5300108,,Pioneira,205.1,https://moovitapp.com/index/pt-br/transporte_p%C3%BAblico-line-205_1-Brasilia-1702-851941-393571-0,-1.0,-16.032489,-48.057996,,,,2,2023-06-17T19:33:50+00:00
BRA_229610,Brasília,5300108,,,3204,,,-16.025371,-48.069313,,,,1,2023-06-17T19:34:06+00:00
BRA_228044,Brasília,5300108,,Pioneira,0.181,https://moovitapp.com/index/pt-br/transporte_p%C3%BAblico-line-0_181-Brasilia-1702-851941-242838-0,-1.0,-15.912387,-47.754019,,,,1,2023-06-17T19:33:50+00:00
BRA_227595,Brasília,5300108,,Pioneira,147.7,https://moovitapp.com/index/pt-br/transporte_p%C3%BAblico-line-147_7-Brasilia-1702-851941-574205-0,-1.0,-15.793888,-47.879606,,,,1,2023-06-17T19:34:34+00:00
BRA_232483,Brasília,5300108,,Pioneira,0.253,https://moovitapp.com/index/pt-br/transporte_p%C3%BAblico-line-0_253-Brasilia-1702-851941-510254-0,-1.0,-15.856757,-48.06993,,,,1,2023-06-17T19:34:24+00:00
BRA_226611,Brasília,5300108,,Pioneira,759.1,https://moovitapp.com/index/pt-br/transporte_p%C3%BAblico-line-759_1-Brasilia-1702-851941-616183-0,-1.0,-15.78186,-47.787576,,,,1,2023-06-17T19:34:56+00:00
BRA_229792,Brasília,5300108,,Pioneira,180.1,https://moovitapp.com/index/pt-br/transporte_p%C3%BAblico-line-180_1-Brasilia-1702-851941-339336-0,-1.0,-15.906413,-47.771497,,,,1,2023-06-17T19:33:26+00:00
BRA_231941,Brasília,5300108,,Pioneira,147.2,https://moovitapp.com/index/pt-br/transporte_p%C3%BAblico-line-147_2-Brasilia-1702-851941-519403-0,-1.0,-15.823552,-47.921326,,,,2,2023-06-17T19:33:50+00:00
BRA_228001,Brasília,5300108,,Pioneira,2212,https://moovitapp.com/index/pt-br/transporte_p%C3%BAblico-line-2212-Brasilia-1702-851941-69031052-0,-1.0,-15.820228,-47.949605,,,,1,2023-06-16T21:51:04+00:00
BRA_223719,Brasília,5300108,,Pioneira,2205,https://moovitapp.com/index/pt-br/transporte_p%C3%BAblico-line-2205-Brasilia-1702-851941-393568-0,-1.0,-16.005709,-48.056718,,,,1,2023-06-17T19:33:30+00:00
BRA_228311,Brasília,5300108,,,3206,,,-15.998631,-48.060565,,,,1,2023-06-17T19:34:28+00:00
BRA_230073,Brasília,5300108,,Pioneira,0.253,https://moovitapp.com/index/pt-br/transporte_p%C3%BAblico-line-0_253-Brasilia-1702-851941-510254-0,-1.0,-16.042197,-48.026919,,,,1,2023-06-17T19:34:18+00:00
BRA_232581,Brasília,5300108,,UTB,2303,https://moovitapp.com/index/pt-br/transporte_p%C3%BAblico-line-2303-Brasilia-1702-854427-744299-0,-1.0,-15.796452,-47.891425,,,,2,2023-06-17T19:33:44+00:00
BRA_227790,Brasília,5300108,,,3207,,,-16.0059,-48.076561,,,,1,2023-06-17T19:34:06+00:00
BRA_230219,Brasília,5300108,,Pioneira,0.273,https://moovitapp.com/index/pt-br/transporte_p%C3%BAblico-line-0_273-Brasilia-1702-851941-510255-0,-1.0,-15.787663,-48.128892,,,,2,2023-06-17T19:33:54+00:00
BRA_228052,Brasília,5300108,,,3201,,,-16.035197,-48.059452,,,,1,2023-06-17T19:34:04+00:00
BRA_228991,Brasília,5300108,,Pioneira,020.2,https://moovitapp.com/index/pt-br/transporte_p%C3%BAblico-line-020_2-Brasilia-1702-851941-708653-0,-1.0,-16.00803,-48.073077,,,,1,2023-06-17T19:34:34+00:00
BRA_226653,Brasília,5300108,,Pioneira,780.1,https://moovitapp.com/index/pt-br/transporte_p%C3%BAblico-line-780_1-Brasilia-1702-851941-531040-0,-1.0,-15.818777,-47.833232,,,,2,2023-06-17T19:34:08+00:00
BRA_232301,Brasília,5300108,,,3301,,,-16.038637,-48.023518,,,,1,2023-06-17T19:34:08+00:00
BRA_228206,Brasília,5300108,,,3207,,,-16.009721,-48.081749,,,,1,2023-06-17T19:34:24+00:00
BRA_227561,Brasília,5300108,,Pioneira,205.1,https://moovitapp.com/index/pt-br/transporte_p%C3%BAblico-line-205_1-Brasilia-1702-851941-393571-0,-1.0,-15.91976,-48.048447,,,,2,2023-06-17T19:33:58+00:00
BRA_232181,Brasília,5300108,,Pioneira,0.225,https://moovitapp.com/index/pt-br/transporte_p%C3%BAblico-line-0_225-Brasilia-1702-851941-510253-0,-1.0,-16.025266,-48.069307,,,,2,2023-06-17T19:34:00+00:00
BRA_223883,Brasília,5300108,,Pioneira,2306,https://moovitapp.com/index/pt-br/transporte_p%C3%BAblico-line-2306-Brasilia-1702-851941-18556641-0,-1.0,-15.874108,-47.955035,,,,2,2023-06-17T19:34:32+00:00
BRA_226840,Brasília,5300108,,Pioneira,759.1,https://moovitapp.com/index/pt-br/transporte_p%C3%BAblico-line-759_1-Brasilia-1702-851941-616183-0,-1.0,-15.760983,-47.810871,,,,2,2023-06-17T19:33:16+00:00
BRA_232041,Brasília,5300108,,Pioneira,181.1,https://moovitapp.com/index/pt-br/transporte_p%C3%BAblico-line-181_1-Brasilia-1702-851941-242915-0,-1.0,-15.907311,-47.760727,,,,1,2023-06-17T19:33:24+00:00
BRA_229865,Brasília,5300108,,Pioneira,181.4,https://moovitapp.com/index/pt-br/transporte_p%C3%BAblico-line-181_4-Brasilia-1702-851941-775126-0,-1.0,-15.890074,-47.800711,,,,2,2023-06-17T19:34:18+00:00
BRA_227668,Brasília,5300108,,Pioneira,111.1,https://moovitapp.com/index/pt-br/transporte_p%C3%BAblico-line-111_1-Brasilia-1702-851941-75742769-0,-1.0,-15.796065,-47.87918,,,,1,2023-06-17T19:34:16+00:00
BRA_228923,Brasília,5300108,,Pioneira,073.1,https://moovitapp.com/index/pt-br/transporte_p%C3%BAblico-line-073_1-Brasilia-1702-851941-775123-0,-1.0,-15.836285,-47.933933,,,,1,2023-06-17T19:35:00+00:00
BRA_232122,Brasília,5300108,,Pioneira,147.2,https://moovitapp.com/index/pt-br/transporte_p%C3%BAblico-line-147_2-Brasilia-1702-851941-519403-0,-1.0,-15.890845,-47.781943,,,,2,2023-06-17T19:32:36+00:00
BRA_228478,Brasília,5300108,,,3202,,,-16.037479,-48.056229,,,,1,2023-06-17T19:32:04+00:00
BRA_231614,Brasília,5300108,,Urbi,0.129,https://moovitapp.com/index/pt-br/transporte_p%C3%BAblico-line-0_129-Brasilia-1702-851595-775097-0,-1.0,-15.879213,-47.96028,,,,2,2023-06-17T19:34:50+00:00
BRA_228974,Brasília,5300108,,Pioneira,0.253,https://moovitapp.com/index/pt-br/transporte_p%C3%BAblico-line-0_253-Brasilia-1702-851941-510254-0,-1.0,-15.864315,-48.0575,,,,2,2023-06-17T19:33:18+00:00
BRA_227617,Brasília,5300108,,,3202,,,-16.005229,-48.047646,,,,1,2023-06-17T19:34:10+00:00
BRA_231681,Brasília,5300108,,Pioneira,0.102,https://moovitapp.com/index/pt-br/transporte_p%C3%BAblico-line-0_102-Brasilia-1702-851941-775119-0,-1.0,-15.796916,-47.891628,,,,1,2023-06-17T19:34:24+00:00
BRA_231894,Brasília,5300108,,Pioneira,180.1,https://moovitapp.com/index/pt-br/transporte_p%C3%BAblico-line-180_1-Brasilia-1702-851941-339336-0,-1.0,-15.897541,-47.788708,,,,2,2023-06-17T19:33:44+00:00
BRA_232131,Brasília,5300108,,Pioneira,0.225,https://moovitapp.com/index/pt-br/transporte_p%C3%BAblico-line-0_225-Brasilia-1702-851941-510253-0,-1.0,-15.818505,-48.08201,,,,1,2023-06-17T19:33:40+00:00
BRA_223603,Brasília,5300108,,Pioneira,2307,https://moovitapp.com/index/pt-br/transporte_p%C3%BAblico-line-2307-Brasilia-1702-851941-18556638-0,-1.0,-15.787272,-47.894903,,,,1,2023-06-17T19:34:16+00:00
BRA_228354,Brasília,5300108,,Taguatur,3303,https://moovitapp.com/index/pt-br/transporte_p%C3%BAblico-line-3303-Brasilia-1702-854428-2224148-0,-1.0,-16.002314,-47.986245,,,,1,2023-06-17T19:34:42+00:00
BRA_232572,Brasília,5300108,,Pioneira,2211,https://moovitapp.com/index/pt-br/transporte_p%C3%BAblico-line-2211-Brasilia-1702-851941-57764371-0,-1.0,-15.834595,-47.9526,,,,1,2023-06-17T19:34:04+00:00
BRA_230197,Brasília,5300108,,Pioneira,020.2,https://moovitapp.com/index/pt-br/transporte_p%C3%BAblico-line-020_2-Brasilia-1702-851941-708653-0,-1.0,-16.001802,-47.985629,,,,1,2023-06-17T19:34:10+00:00
BRA_227927,Brasília,5300108,,Pioneira,2212,https://moovitapp.com/index/pt-br/transporte_p%C3%BAblico-line-2212-Brasilia-1702-851941-69031052-0,-1.0,-15.849919,-47.931899,,,,1,2023-06-17T19:34:28+00:00
BRA_232611,Brasília,5300108,,Pioneira,2207,https://moovitapp.com/index/pt-br/transporte_p%C3%BAblico-line-2207-Brasilia-1702-851941-422078-0,-1.0,-15.811944,-47.905704,,,,1,2023-06-17T19:34:06+00:00
BRA_232416,Brasília,5300108,,Pioneira,3307,https://moovitapp.com/index/pt-br/transporte_p%C3%BAblico-line-3307-Brasilia-1702-851941-519400-0,-1.0,-16.015764,-47.991376,,,,1,2023-06-17T19:34:54+00:00
BRA_226751,Brasília,5300108,,Pioneira,780.1,https://moovitapp.com/index/pt-br/transporte_p%C3%BAblico-line-780_1-Brasilia-1702-851941-531040-0,-1.0,-15.760107,-47.781333,,,,1,2023-06-17T19:33:16+00:00
BRA_227196,Brasília,5300108,,Pioneira,183.2,https://moovitapp.com/index/pt-br/transporte_p%C3%BAblico-line-183_2-Brasilia-1702-851941-242920-0,-1.0,-15.911463,-47.752195,,,,1,2023-06-17T19:33:36+00:00
BRA_231576,Brasília,5300108,,Pioneira,124.6,https://moovitapp.com/index/pt-br/transporte_p%C3%BAblico-line-124_6-Brasilia-1702-851941-425282-0,-1.0,-15.795194,-47.933876,,,,1,2023-06-17T19:34:26+00:00
BRA_229342,Brasília,5300108,,Pioneira,0.102,https://moovitapp.com/index/pt-br/transporte_p%C3%BAblico-line-0_102-Brasilia-1702-851941-775119-0,-1.0,-15.79457,-47.881958,,,,1,2023-06-17T19:33:44+00:00
BRA_227226,Brasília,5300108,,Pioneira,170.4,https://moovitapp.com/index/pt-br/transporte_p%C3%BAblico-line-170_4-Brasilia-1702-851941-379787-0,-1.0,-15.913285,-47.756861,,,,1,2023-06-17T19:33:38+00:00
BRA_229776,Brasília,5300108,,Pioneira,197.3,https://moovitapp.com/index/pt-br/transporte_p%C3%BAblico-line-197_3-Brasilia-1702-851941-519409-0,-1.0,-15.812664,-47.844199,,,,1,2023-06-17T19:34:18+00:00
BRA_231436,Brasília,5300108,,Pioneira,183.0,https://moovitapp.com/index/pt-br/transporte_p%C3%BAblico-line-183_0-Brasilia-1702-851941-26502248-0,-1.0,-15.919507,-47.758533,,,,1,2023-06-17T19:33:50+00:00
BRA_228575,Brasília,5300108,,Pioneira,0.255,https://moovitapp.com/index/pt-br/transporte_p%C3%BAblico-line-0_255-Brasilia-1702-851941-706978-0,-1.0,-16.015341,-48.015106,,,,1,2023-06-14T10:14:20+00:00
BRA_227081,Brasília,5300108,,Pioneira,199.1,https://moovitapp.com/index/pt-br/transporte_p%C3%BAblico-line-199_1-Brasilia-1702-851941-770034-0,-1.0,-15.789701,-47.890681,,,,2,2023-06-17T19:34:14+00:00
BRA_229709,Brasília,5300108,,Pioneira,181.2,https://moovitapp.com/index/pt-br/transporte_p%C3%BAblico-line-181_2-Brasilia-1702-851941-339338-0,-1.0,-15.913642,-47.757039,,,,1,2023-06-17T15:06:22+00:00
BRA_232211,Brasília,5300108,,,3204,,,-16.023012,-48.052732,,,,1,2023-06-17T19:34:40+00:00
BRA_223930,Brasília,5300108,,Pioneira,2306,https://moovitapp.com/index/pt-br/transporte_p%C3%BAblico-line-2306-Brasilia-1702-851941-18556641-0,-1.0,-16.002832,-47.986398,,,,1,2023-06-17T19:34:10+00:00
BRA_223930,Brasília,5300108,,Pioneira,2306,https://moovitapp.com/index/pt-br/transporte_p%C3%BAblico-line-2306-Brasilia-1702-851941-18556641-0,-1.0,-15.795288,-47.883077,,,,1,2023-06-16T20:31:08+00:00
BRA_223930,Brasília,5300108,,Pioneira,2207,https://moovitapp.com/index/pt-br/transporte_p%C3%BAblico-line-2207-Brasilia-1702-851941-422078-0,-1.0,-15.763694,-47.890859,,,,1,2023-06-14T12:55:10+00:00
BRA_229504,Brasília,5300108,,Pioneira,0.780,https://moovitapp.com/index/pt-br/transporte_p%C3%BAblico-line-0_780-Brasilia-1702-851941-514537-0,-1.0,-15.796309,-47.87855,,,,2,2023-06-14T19:24:22+00:00
BRA_229881,Brasília,5300108,,Pioneira,147.3,https://moovitapp.com/index/pt-br/transporte_p%C3%BAblico-line-147_3-Brasilia-1702-851941-574203-0,-1.0,-15.897252,-47.787868,,,,2,2023-06-17T19:34:30+00:00
BRA_226831,Brasília,5300108,,Urbi,0.129,https://moovitapp.com/index/pt-br/transporte_p%C3%BAblico-line-0_129-Brasilia-1702-851595-775097-0,-1.0,-15.871798,-47.958017,,,,1,2023-06-15T19:41:04+00:00
BRA_229008,Brasília,5300108,,Pioneira,251.8,https://moovitapp.com/index/pt-br/transporte_p%C3%BAblico-line-251_8-Brasilia-1702-851941-708654-0,-1.0,-16.023349,-48.053813,,,,1,2023-06-17T01:28:22+00:00
BRA_226645,Brasília,5300108,,Pioneira,2206,https://moovitapp.com/index/pt-br/transporte_p%C3%BAblico-line-2206-Brasilia-1702-851941-18556637-0,-1.0,-15.736356,-47.905406,,,,1,2023-06-17T19:33:52+00:00
BRA_232033,Brasília,5300108,,Pioneira,0.111,https://moovitapp.com/index/pt-br/transporte_p%C3%BAblico-line-0_111-Brasilia-1702-851941-432834-0,-1.0,-15.801395,-47.862452,,,,1,2023-06-17T19:33:22+00:00
BRA_229296,Brasília,5300108,,Pioneira,251.6,https://moovitapp.com/index/pt-br/transporte_p%C3%BAblico-line-251_6-Brasilia-1702-851941-35763436-0,-1.0,-15.992103,-47.988064,,,,1,2023-06-17T19:34:06+00:00
BRA_228427,Brasília,5300108,,Taguatur,3305,https://moovitapp.com/index/pt-br/transporte_p%C3%BAblico-line-3305-Brasilia-1702-854428-77810673-0,-1.0,-16.037788,-48.056604,,,,1,2023-06-17T19:33:48+00:00
BRA_227811,Brasília,5300108,,Pioneira,0.196,https://moovitapp.com/index/pt-br/transporte_p%C3%BAblico-line-0_196-Brasilia-1702-851941-242846-0,-1.0,-15.80849,-47.849298,,,,2,2023-06-17T19:34:44+00:00
BRA_232092,Brasília,5300108,,Pioneira,181.2,https://moovitapp.com/index/pt-br/transporte_p%C3%BAblico-line-181_2-Brasilia-1702-851941-339338-0,-1.0,-15.830282,-47.877031,,,,1,2023-06-16T22:12:22+00:00
BRA_226254,Brasília,5300108,,,2201,,,-15.854522,-47.933196,,,,2,2023-06-17T19:33:40+00:00
BRA_229067,Brasília,5300108,,Pioneira,251.7,https://moovitapp.com/index/pt-br/transporte_p%C3%BAblico-line-251_7-Brasilia-1702-851941-651524-0,-1.0,-16.030642,-48.067952,,,,1,2023-06-17T19:34:30+00:00
BRA_228486,Brasília,5300108,,Pioneira,2309,https://moovitapp.com/index/pt-br/transporte_p%C3%BAblico-line-2309-Brasilia-1702-851941-57764376-0,-1.0,-15.789545,-47.915565,,,,1,2023-06-17T19:35:10+00:00
BRA_227463,Brasília,5300108,,Pioneira,181.4,https://moovitapp.com/index/pt-br/transporte_p%C3%BAblico-line-181_4-Brasilia-1702-851941-775126-0,-1.0,-15.843865,-47.850372,,,,1,2023-06-17T19:32:54+00:00
BRA_229750,Brasília,5300108,,Pioneira,784.3,https://moovitapp.com/index/pt-br/transporte_p%C3%BAblico-line-784_3-Brasilia-1702-851941-46904557-0,-1.0,-15.751967,-47.780087,,,,1,2023-06-17T19:34:20+00:00
BRA_228362,Brasília,5300108,,Pioneira,271.3,https://moovitapp.com/index/pt-br/transporte_p%C3%BAblico-line-271_3-Brasilia-1702-851941-669626-0,-1.0,-16.002015,-47.98587,,,,1,2023-06-17T19:33:42+00:00
BRA_227684,Brasília,5300108,,,2202,,,-15.962116,-48.01634,,,,2,2023-06-17T19:33:44+00:00
BRA_231908,Brasília,5300108,,Pioneira,180.1,https://moovitapp.com/index/pt-br/transporte_p%C3%BAblico-line-180_1-Brasilia-1702-851941-339336-0,-1.0,-15.903552,-47.768471,,,,1,2023-06-17T19:33:38+00:00
BRA_228087,Brasília,5300108,,Pioneira,2307,https://moovitapp.com/index/pt-br/transporte_p%C3%BAblico-line-2307-Brasilia-1702-851941-18556638-0,-1.0,-15.803262,-47.921485,,,,1,2023-06-17T19:35:02+00:00
BRA_227048,Brasília,5300108,,Pioneira,2208,https://moovitapp.com/index/pt-br/transporte_p%C3%BAblico-line-2208-Brasilia-1702-851941-18556642-0,-1.0,-15.992896,-48.050227,,,,1,2023-06-17T19:34:20+00:00
BRA_230006,Brasília,5300108,,,3204,,,-15.991708,-48.04926,,,,1,2023-06-17T19:34:10+00:00
BRA_232271,Brasília,5300108,,Pioneira,205.1,https://moovitapp.com/index/pt-br/transporte_p%C3%BAblico-line-205_1-Brasilia-1702-851941-393571-0,-1.0,-16.025841,-48.07569,,,,1,2023-06-17T19:35:18+00:00
BRA_229041,Brasília,5300108,,Pioneira,2207,https://moovitapp.com/index/pt-br/transporte_p%C3%BAblico-line-2207-Brasilia-1702-851941-422078-0,-1.0,-15.865165,-47.942148,,,,1,2023-06-17T19:34:44+00:00
BRA_226700,Brasília,5300108,,Pioneira,163.1,https://moovitapp.com/index/pt-br/transporte_p%C3%BAblico-line-163_1-Brasilia-1702-851941-242911-0,-1.0,-15.8448,-47.94106,,,,2,2023-06-16T00:12:20+00:00
BRA_229504,Brasília,5300108,,Pioneira,124.6,https://moovitapp.com/index/pt-br/transporte_p%C3%BAblico-line-124_6-Brasilia-1702-851941-425282-0,-1.0,-15.849835,-47.950667,,,,1,2023-06-17T19:34:42+00:00
BRA_232157,Brasília,5300108,,Pioneira,205.1,https://moovitapp.com/index/pt-br/transporte_p%C3%BAblico-line-205_1-Brasilia-1702-851941-393571-0,-1.0,-15.905455,-48.052751,,,,1,2023-06-17T19:33:26+00:00
BRA_229504,Brasília,5300108,,Pioneira,0.780,https://moovitapp.com/index/pt-br/transporte_p%C3%BAblico-line-0_780-Brasilia-1702-851941-514537-0,-1.0,-15.752327,-47.763899,,,,1,2023-06-15T20:32:26+00:00
BRA_225649,Brasília,5300108,,,2201,,,-15.820012,-47.904713,,,,1,2023-06-17T19:34:44+00:00
BRA_228354,Brasília,5300108,,Pioneira,0.253,https://moovitapp.com/index/pt-br/transporte_p%C3%BAblico-line-0_253-Brasilia-1702-851941-510254-0,-1.0,-16.044734,-48.029316,,,,1,2023-06-16T21:49:36+00:00
BRA_226769,Brasília,5300108,,Pioneira,780.1,https://moovitapp.com/index/pt-br/transporte_p%C3%BAblico-line-780_1-Brasilia-1702-851941-531040-0,-1.0,-15.765454,-47.779991,,,,2,2023-06-17T19:34:24+00:00
BRA_232343,Brasília,5300108,,Pioneira,0.253,https://moovitapp.com/index/pt-br/transporte_p%C3%BAblico-line-0_253-Brasilia-1702-851941-510254-0,-1.0,-15.801206,-48.123711,,,,2,2023-06-17T19:35:02+00:00
BRA_231380,Brasília,5300108,,Pioneira,3208,https://moovitapp.com/index/pt-br/transporte_p%C3%BAblico-line-3208-Brasilia-1702-851941-704027-0,-1.0,-16.036643,-48.060488,,,,1,2023-06-17T19:32:12+00:00
BRA_232173,Brasília,5300108,,Taguatur,3302,https://moovitapp.com/index/pt-br/transporte_p%C3%BAblico-line-3302-Brasilia-1702-854428-3135322-0,-1.0,-16.004854,-47.994066,,,,1,2023-06-17T19:34:38+00:00
BRA_228117,Brasília,5300108,,Pioneira,205.1,https://moovitapp.com/index/pt-br/transporte_p%C3%BAblico-line-205_1-Brasilia-1702-851941-393571-0,-1.0,-15.834233,-48.05921,,,,1,2023-06-17T19:34:34+00:00
BRA_225550,Brasília,5300108,,,2201,,,-15.974156,-48.029469,,,,1,2023-06-17T19:34:20+00:00
BRA_232408,Brasília,5300108,,Pioneira,0.255,https://moovitapp.com/index/pt-br/transporte_p%C3%BAblico-line-0_255-Brasilia-1702-851941-706978-0,-1.0,-16.041873,-48.026054,,,,2,2023-06-17T19:34:02+00:00
BRA_229237,Brasília,5300108,,Pioneira,190.2,https://moovitapp.com/index/pt-br/transporte_p%C3%BAblico-line-190_2-Brasilia-1702-851941-138553357-0,-1.0,-15.814824,-47.634804,,,,1,2023-06-17T19:34:18+00:00
BRA_229466,Brasília,5300108,,Pioneira,180.1,https://moovitapp.com/index/pt-br/transporte_p%C3%BAblico-line-180_1-Brasilia-1702-851941-339336-0,-1.0,-15.910447,-47.752417,,,,1,2023-06-17T19:33:26+00:00
BRA_227706,Brasília,5300108,,Pioneira,147.3,https://moovitapp.com/index/pt-br/transporte_p%C3%BAblico-line-147_3-Brasilia-1702-851941-574203-0,-1.0,-15.807645,-47.882092,,,,2,2023-06-17T19:33:06+00:00
BRA_226327,Brasília,5300108,,,2202,,,-15.82068,-47.907008,,,,2,2023-06-17T19:33:34+00:00
BRA_226289,Brasília,5300108,,UTB,2302,https://moovitapp.com/index/pt-br/transporte_p%C3%BAblico-line-2302-Brasilia-1702-854427-744298-0,-1.0,-15.836353,-47.927105,,,,1,2023-06-17T19:34:04+00:00
BRA_229679,Brasília,5300108,,Pioneira,0.784,https://moovitapp.com/index/pt-br/transporte_p%C3%BAblico-line-0_784-Brasilia-1702-851941-372405-0,-1.0,-15.760158,-47.781434,,,,1,2023-06-17T19:34:22+00:00
BRA_232289,Brasília,5300108,,Pioneira,207.2,https://moovitapp.com/index/pt-br/transporte_p%C3%BAblico-line-207_2-Brasilia-1702-851941-137149862-0,-1.0,-16.020469,-48.066878,,,,2,2023-06-17T19:34:12+00:00
BRA_229377,Brasília,5300108,,Pioneira,0.762,https://moovitapp.com/index/pt-br/transporte_p%C3%BAblico-line-0_762-Brasilia-1702-851941-576189-0,-1.0,-15.725389,-47.894502,,,,2,2023-06-17T19:34:32+00:00
BRA_226041,Brasília,5300108,,UTB,2302,https://moovitapp.com/index/pt-br/transporte_p%C3%BAblico-line-2302-Brasilia-1702-854427-744298-0,-1.0,-15.793616,-47.882918,,,,1,2023-06-17T19:34:32+00:00
BRA_226661,Brasília,5300108,,Pioneira,101.1,https://moovitapp.com/index/pt-br/transporte_p%C3%BAblico-line-101_1-Brasilia-1702-851941-73123121-0,-1.0,-15.783699,-47.895233,,,,1,2023-06-17T19:34:26+00:00
BRA_226475,Brasília,5300108,,Pioneira,764.2,https://moovitapp.com/index/pt-br/transporte_p%C3%BAblico-line-764_2-Brasilia-1702-851941-527246-0,-1.0,-15.756103,-47.779031,,,,1,2023-06-17T19:34:16+00:00
BRA_227731,Brasília,5300108,,Pioneira,183.2,https://moovitapp.com/index/pt-br/transporte_p%C3%BAblico-line-183_2-Brasilia-1702-851941-242920-0,-1.0,-15.868958,-47.796432,,,,1,2023-06-17T19:32:54+00:00
BRA_226785,Brasília,5300108,,Urbi,0.129,https://moovitapp.com/index/pt-br/transporte_p%C3%BAblico-line-0_129-Brasilia-1702-851595-775097-0,-1.0,-15.857808,-47.922941,,,,2,2023-06-15T10:14:04+00:00
BRA_228541,Brasília,5300108,,Pioneira,180.3,https://moovitapp.com/index/pt-br/transporte_p%C3%BAblico-line-180_3-Brasilia-1702-851941-546212-0,-1.0,-15.86877,-47.79621,,,,1,2023-06-17T19:34:10+00:00
BRA_232106,Brasília,5300108,,Pioneira,181.2,https://moovitapp.com/index/pt-br/transporte_p%C3%BAblico-line-181_2-Brasilia-1702-851941-339338-0,-1.0,-15.893976,-47.784435,,,,1,2023-06-17T19:34:10+00:00
BRA_228982,Brasília,5300108,,Pioneira,0.255,https://moovitapp.com/index/pt-br/transporte_p%C3%BAblico-line-0_255-Brasilia-1702-851941-706978-0,-1.0,-15.926625,-48.046266,,,,2,2023-06-17T19:33:26+00:00
BRA_226912,Brasília,5300108,,Pioneira,0.759,https://moovitapp.com/index/pt-br/transporte_p%C3%BAblico-line-0_759-Brasilia-1702-851941-775121-0,-1.0,-15.764249,-47.890687,,,,2,2023-06-16T20:31:02+00:00
BRA_227641,Brasília,5300108,,Pioneira,147.2,https://moovitapp.com/index/pt-br/transporte_p%C3%BAblico-line-147_2-Brasilia-1702-851941-519403-0,-1.0,-15.836384,-47.934137,,,,2,2023-06-17T19:33:34+00:00
BRA_227242,Brasília,5300108,,Pioneira,0.147,https://moovitapp.com/index/pt-br/transporte_p%C3%BAblico-line-0_147-Brasilia-1702-851941-519401-0,-1.0,-15.888888,-47.803776,,,,1,2023-06-17T19:33:34+00:00
BRA_231592,Brasília,5300108,,Pioneira,759.1,https://moovitapp.com/index/pt-br/transporte_p%C3%BAblico-line-759_1-Brasilia-1702-851941-616183-0,-1.0,-15.739566,-47.898851,,,,1,2023-06-17T19:33:42+00:00
BRA_226891,Brasília,5300108,,Pioneira,759.1,https://moovitapp.com/index/pt-br/transporte_p%C3%BAblico-line-759_1-Brasilia-1702-851941-616183-0,-1.0,-15.749776,-47.774015,,,,1,2023-06-17T19:31:22+00:00
BRA_231886,Brasília,5300108,,Pioneira,170.4,https://moovitapp.com/index/pt-br/transporte_p%C3%BAblico-line-170_4-Brasilia-1702-851941-379787-0,-1.0,-15.888171,-47.806103,,,,1,2023-06-17T19:33:34+00:00
BRA_227285,Brasília,5300108,,Pioneira,2209,https://moovitapp.com/index/pt-br/transporte_p%C3%BAblico-line-2209-Brasilia-1702-851941-18556640-0,-1.0,-15.904565,-47.963682,,,,1,2023-06-17T19:34:14+00:00
BRA_232378,Brasília,5300108,,Pioneira,073.1,https://moovitapp.com/index/pt-br/transporte_p%C3%BAblico-line-073_1-Brasilia-1702-851941-775123-0,-1.0,-15.859192,-47.9316,,,,1,2023-06-17T19:34:28+00:00
BRA_225789,Brasília,5300108,,Pioneira,764.2,https://moovitapp.com/index/pt-br/transporte_p%C3%BAblico-line-764_2-Brasilia-1702-851941-527246-0,-1.0,-15.75414,-47.779775,,,,1,2023-06-17T19:34:20+00:00
BRA_231711,Brasília,5300108,,Pioneira,0.102,https://moovitapp.com/index/pt-br/transporte_p%C3%BAblico-line-0_102-Brasilia-1702-851941-775119-0,-1.0,-15.856881,-47.923545,,,,1,2023-06-17T19:34:34+00:00
BRA_226980,Brasília,5300108,,Pioneira,784.4,https://moovitapp.com/index/pt-br/transporte_p%C3%BAblico-line-784_4-Brasilia-1702-851941-97613727-0,-1.0,-15.777005,-47.781021,,,,1,2023-06-17T19:33:22+00:00
BRA_228494,Brasília,5300108,,Taguatur,3303,https://moovitapp.com/index/pt-br/transporte_p%C3%BAblico-line-3303-Brasilia-1702-854428-2224148-0,-1.0,-16.047808,-48.045077,,,,1,2023-06-17T16:11:30+00:00
BRA_229521,Brasília,5300108,,Pioneira,2306,https://moovitapp.com/index/pt-br/transporte_p%C3%BAblico-line-2306-Brasilia-1702-851941-18556641-0,-1.0,-15.761461,-47.891844,,,,2,2023-06-17T19:23:42+00:00
BRA_232599,Brasília,5300108,,Taguatur,2301,https://moovitapp.com/index/pt-br/transporte_p%C3%BAblico-line-2301-Brasilia-1702-854428-81537943-0,-1.0,-15.995733,-47.985533,,,,1,2023-06-17T19:34:48+00:00
BRA_229725,Brasília,5300108,,Pioneira,0.762,https://moovitapp.com/index/pt-br/transporte_p%C3%BAblico-line-0_762-Brasilia-1702-851941-576189-0,-1.0,-15.793395,-47.881418,,,,1,2023-06-17T19:34:44+00:00
BRA_229423,Brasília,5300108,,Pioneira,0.253,https://moovitapp.com/index/pt-br/transporte_p%C3%BAblico-line-0_253-Brasilia-1702-851941-510254-0,-1.0,-15.9128,-48.05043,,,,1,2023-06-17T19:34:58+00:00
BRA_232360,Brasília,5300108,,Taguatur,3302,https://moovitapp.com/index/pt-br/transporte_p%C3%BAblico-line-3302-Brasilia-1702-854428-3135322-0,-1.0,-16.041898,-48.028197,,,,1,2023-06-17T19:35:02+00:00
BRA_228966,Brasília,5300108,,Pioneira,2306,https://moovitapp.com/index/pt-br/transporte_p%C3%BAblico-line-2306-Brasilia-1702-851941-18556641-0,-1.0,-16.002232,-47.985819,,,,1,2023-06-17T19:34:20+00:00
BRA_225738,Brasília,5300108,,Pioneira,764.2,https://moovitapp.com/index/pt-br/transporte_p%C3%BAblico-line-764_2-Brasilia-1702-851941-527246-0,-1.0,-15.764667,-47.780118,,,,2,2023-06-17T19:34:04+00:00
BRA_227803,Brasília,5300108,,Pioneira,170.4,https://moovitapp.com/index/pt-br/transporte_p%C3%BAblico-line-170_4-Brasilia-1702-851941-379787-0,-1.0,-15.881565,-47.822633,,,,1,2023-06-17T19:34:08+00:00
BRA_230090,Brasília,5300108,,Taguatur,3302,https://moovitapp.com/index/pt-br/transporte_p%C3%BAblico-line-3302-Brasilia-1702-854428-3135322-0,-1.0,-16.042152,-48.026461,,,,1,2023-06-17T19:34:08+00:00
BRA_225975,Brasília,5300108,,,2202,,,-15.868994,-47.945346,,,,1,2023-06-17T19:34:32+00:00
BRA_229822,Brasília,5300108,,Pioneira,147.3,https://moovitapp.com/index/pt-br/transporte_p%C3%BAblico-line-147_3-Brasilia-1702-851941-574203-0,-1.0,-15.902508,-47.776908,,,,2,2023-06-17T19:34:12+00:00
BRA_227846,Brasília,5300108,,Pioneira,2306,https://moovitapp.com/index/pt-br/transporte_p%C3%BAblico-line-2306-Brasilia-1702-851941-18556641-0,-1.0,-15.87978,-47.959689,,,,1,2023-06-17T19:33:46+00:00
BRA_228524,Brasília,5300108,,,3301,,,-16.042378,-48.017745,,,,1,2023-06-17T19:34:50+00:00
BRA_227692,Brasília,5300108,,Pioneira,147.5,https://moovitapp.com/index/pt-br/transporte_p%C3%BAblico-line-147_5-Brasilia-1702-851941-519406-0,-1.0,-15.797726,-47.86633,,,,1,2023-06-17T19:32:12+00:00
BRA_229695,Brasília,5300108,,Pioneira,124.6,https://moovitapp.com/index/pt-br/transporte_p%C3%BAblico-line-124_6-Brasilia-1702-851941-425282-0,-1.0,-15.850039,-47.951036,,,,1,2023-06-17T19:34:12+00:00
BRA_226777,Brasília,5300108,,Pioneira,780.1,https://moovitapp.com/index/pt-br/transporte_p%C3%BAblico-line-780_1-Brasilia-1702-851941-531040-0,-1.0,-15.761123,-47.78111,,,,1,2023-06-17T19:34:22+00:00
BRA_227951,Brasília,5300108,,Pioneira,0.181,https://moovitapp.com/index/pt-br/transporte_p%C3%BAblico-line-0_181-Brasilia-1702-851941-242838-0,-1.0,-15.759799,-47.781377,,,,2,2023-06-17T19:34:00+00:00
BRA_232017,Brasília,5300108,,Pioneira,197.3,https://moovitapp.com/index/pt-br/transporte_p%C3%BAblico-line-197_3-Brasilia-1702-851941-519409-0,-1.0,-15.887297,-47.80993,,,,2,2023-06-17T19:34:38+00:00
BRA_229288,Brasília,5300108,,Taguatur,2301,https://moovitapp.com/index/pt-br/transporte_p%C3%BAblico-line-2301-Brasilia-1702-854428-81537943-0,-1.0,-15.86541,-47.942319,,,,1,2023-06-17T19:34:58+00:00
BRA_231762,Brasília,5300108,,Pioneira,780.1,https://moovitapp.com/index/pt-br/transporte_p%C3%BAblico-line-780_1-Brasilia-1702-851941-531040-0,-1.0,-15.815864,-47.837968,,,,2,2023-06-17T19:35:08+00:00
BRA_232530,Brasília,5300108,,Pioneira,2307,https://moovitapp.com/index/pt-br/transporte_p%C3%BAblico-line-2307-Brasilia-1702-851941-18556638-0,-1.0,-16.002616,-47.986875,,,,1,2023-06-17T19:33:58+00:00
BRA_226971,Brasília,5300108,,Pioneira,0.765,https://moovitapp.com/index/pt-br/transporte_p%C3%BAblico-line-0_765-Brasilia-1702-851941-576190-0,-1.0,-15.834826,-47.823962,,,,1,2023-06-17T19:33:42+00:00
BRA_232653,Brasília,5300108,,Pioneira,2209,https://moovitapp.com/index/pt-br/transporte_p%C3%BAblico-line-2209-Brasilia-1702-851941-18556640-0,-1.0,-15.946231,-47.995795,,,,1,2023-06-17T19:33:18+00:00
BRA_223832,Brasília,5300108,,Pioneira,2208,https://moovitapp.com/index/pt-br/transporte_p%C3%BAblico-line-2208-Brasilia-1702-851941-18556642-0,-1.0,-15.854956,-47.955455,,,,1,2023-06-17T19:33:06+00:00
BRA_230081,Brasília,5300108,,Pioneira,0.253,https://moovitapp.com/index/pt-br/transporte_p%C3%BAblico-line-0_253-Brasilia-1702-851941-510254-0,-1.0,-15.965068,-48.021687,,,,2,2023-06-17T19:34:36+00:00
BRA_229628,Brasília,5300108,,Pioneira,759.1,https://moovitapp.com/index/pt-br/transporte_p%C3%BAblico-line-759_1-Brasilia-1702-851941-616183-0,-1.0,-15.757314,-47.892906,,,,1,2023-06-17T19:34:32+00:00
BRA_226734,Brasília,5300108,,Pioneira,100.2,https://moovitapp.com/index/pt-br/transporte_p%C3%BAblico-line-100_2-Brasilia-1702-851941-620160-0,-1.0,-15.828268,-47.80986,,,,2,2023-06-17T19:33:24+00:00
BRA_227366,Brasília,5300108,,Pioneira,2212,https://moovitapp.com/index/pt-br/transporte_p%C3%BAblico-line-2212-Brasilia-1702-851941-69031052-0,-1.0,-15.806867,-47.89838,,,,1,2023-06-17T19:34:00+00:00
BRA_227323,Brasília,5300108,,Pioneira,180.2,https://moovitapp.com/index/pt-br/transporte_p%C3%BAblico-line-180_2-Brasilia-1702-851941-514539-0,-1.0,-15.890594,-47.810394,,,,1,2023-06-17T19:34:30+00:00
BRA_77062,Brasília,5300108,,Urbi,0.808,https://moovitapp.com/index/pt-br/transporte_p%C3%BAblico-line-0_808-Brasilia-1702-851595-372359-0,-1.0,-15.788496,-48.133864,,,,1,2023-06-17T19:34:16+00:00
BRA_79189,Brasília,5300108,,Urbi,0.808,https://moovitapp.com/index/pt-br/transporte_p%C3%BAblico-line-0_808-Brasilia-1702-851595-372359-0,-1.0,-15.817871,-48.105133,,,,1,2023-06-14T22:31:20+00:00
BRA_77283,Brasília,5300108,,Urbi,0.873,https://moovitapp.com/index/pt-br/transporte_p%C3%BAblico-line-0_873-Brasilia-1702-851595-510238-0,-1.0,-15.91987,-48.049731,,,,2,2023-06-17T19:34:14+00:00
BRA_78051,Brasília,5300108,,Urbi,0.397,https://moovitapp.com/index/pt-br/transporte_p%C3%BAblico-line-0_397-Brasilia-1702-851595-890857-0,-1.0,-15.8091,-48.086428,,,,2,2023-06-17T18:04:12+00:00
BRA_710539,Brasília,5300108,,São José,0.310,https://moovitapp.com/index/pt-br/transporte_p%C3%BAblico-line-0_310-Brasilia-1702-851943-775131-0,-1.0,-15.82478,-47.910269,,,,2,2023-06-17T19:33:52+00:00
BRA_78417,Brasília,5300108,,São José,0.331,https://moovitapp.com/index/pt-br/transporte_p%C3%BAblico-line-0_331-Brasilia-1702-851943-775133-0,-1.0,-15.787725,-47.988375,,,,2,2023-06-17T19:33:46+00:00
BRA_78093,Brasília,5300108,,São José,0.331,https://moovitapp.com/index/pt-br/transporte_p%C3%BAblico-line-0_331-Brasilia-1702-851943-775133-0,-1.0,-15.803383,-48.069351,,,,2,2023-06-16T18:00:52+00:00
BRA_710393,Brasília,5300108,,São José,0.335,https://moovitapp.com/index/pt-br/transporte_p%C3%BAblico-line-0_335-Brasilia-1702-851943-775135-0,-1.0,-15.836418,-48.064945,,,,1,2023-06-17T19:34:26+00:00
BRA_710351,Brasília,5300108,,São José,0.335,https://moovitapp.com/index/pt-br/transporte_p%C3%BAblico-line-0_335-Brasilia-1702-851943-775135-0,-1.0,-15.788053,-48.13478,,,,1,2023-06-17T19:33:36+00:00
BRA_76589,Brasília,5300108,,São José,0.385,https://moovitapp.com/index/pt-br/transporte_p%C3%BAblico-line-0_385-Brasilia-1702-851943-516651-0,-1.0,-15.808406,-48.157077,,,,2,2023-06-17T19:34:14+00:00
BRA_77798,Brasília,5300108,,São José,0.343,https://moovitapp.com/index/pt-br/transporte_p%C3%BAblico-line-0_343-Brasilia-1702-851943-706996-0,-1.0,-15.793746,-48.059026,,,,1,2023-06-17T19:34:32+00:00
BRA_500143,Brasília,5300108,,São José,0.411,https://moovitapp.com/index/pt-br/transporte_p%C3%BAblico-line-0_411-Brasilia-1702-851943-788977-0,-1.0,-15.791378,-48.047404,,,,2,2023-06-17T19:34:36+00:00
BRA_711004,Brasília,5300108,,São José,0.411,https://moovitapp.com/index/pt-br/transporte_p%C3%BAblico-line-0_411-Brasilia-1702-851943-788977-0,-1.0,-15.680539,-48.188503,,,,1,2023-06-17T00:20:44+00:00
BRA_711039,Brasília,5300108,,São José,0.413,https://moovitapp.com/index/pt-br/transporte_p%C3%BAblico-line-0_413-Brasilia-1702-851943-781649-0,-1.0,-15.680327,-48.188084,,,,1,2023-06-17T08:38:20+00:00
BRA_78590,Brasília,5300108,,São José,0.379,https://moovitapp.com/index/pt-br/transporte_p%C3%BAblico-line-0_379-Brasilia-1702-851943-707007-0,-1.0,-15.819634,-48.123812,,,,2,2023-06-17T19:34:12+00:00
BRA_78646,Brasília,5300108,,São José,0.382,https://moovitapp.com/index/pt-br/transporte_p%C3%BAblico-line-0_382-Brasilia-1702-851943-775140-0,-1.0,-15.789553,-48.123545,,,,2,2023-06-17T16:19:12+00:00
BRA_78549,Brasília,5300108,,São José,0.929,https://moovitapp.com/index/pt-br/transporte_p%C3%BAblico-line-0_929-Brasilia-1702-851943-5294667-0,-1.0,-15.793409,-48.138194,,,,1,2023-06-17T19:34:10+00:00
BRA_78140,Brasília,5300108,,São José,0.949,https://moovitapp.com/index/pt-br/transporte_p%C3%BAblico-line-0_949-Brasilia-1702-851943-707026-0,-1.0,-15.811718,-48.06813,,,,1,2023-06-17T19:34:00+00:00
BRA_79901,Brasília,5300108,,São José,0.926,https://moovitapp.com/index/pt-br/transporte_p%C3%BAblico-line-0_926-Brasilia-1702-851943-775154-0,-1.0,-15.816825,-48.103092,,,,1,2023-06-17T19:34:22+00:00
BRA_79049,Brasília,5300108,,São José,0.926,https://moovitapp.com/index/pt-br/transporte_p%C3%BAblico-line-0_926-Brasilia-1702-851943-775154-0,-1.0,-15.823515,-48.114581,,,,1,2023-06-15T11:23:02+00:00
BRA_79511,Brasília,5300108,,São José,0.928,https://moovitapp.com/index/pt-br/transporte_p%C3%BAblico-line-0_928-Brasilia-1702-851943-756868-0,-1.0,-15.835439,-48.089099,,,,1,2023-06-17T19:29:52+00:00
BRA_79693,Brasília,5300108,,São José,0.928,https://moovitapp.com/index/pt-br/transporte_p%C3%BAblico-line-0_928-Brasilia-1702-851943-756868-0,-1.0,-15.819804,-48.15454,,,,1,2023-06-17T19:31:26+00:00
BRA_78531,Brasília,5300108,,São José,364.2,https://moovitapp.com/index/pt-br/transporte_p%C3%BAblico-line-364_2-Brasilia-1702-851943-707050-0,-1.0,-15.820931,-48.111599,,,,1,2023-06-17T19:34:08+00:00
BRA_78514,Brasília,5300108,,São José,949.1,https://moovitapp.com/index/pt-br/transporte_p%C3%BAblico-line-949_1-Brasilia-1702-851943-707069-0,-1.0,-15.868807,-48.031357,,,,1,2023-06-17T19:34:22+00:00
BRA_75710,Brasília,5300108,,São José,333.2,https://moovitapp.com/index/pt-br/transporte_p%C3%BAblico-line-333_2-Brasilia-1702-851943-527251-0,-1.0,-15.805365,-48.135441,,,,1,2023-06-17T19:33:52+00:00
BRA_78603,Brasília,5300108,,São José,374.2,https://moovitapp.com/index/pt-br/transporte_p%C3%BAblico-line-374_2-Brasilia-1702-851943-775166-0,-1.0,-15.79542,-47.964921,,,,1,2023-06-17T19:33:22+00:00
BRA_711209,Brasília,5300108,,São José,157.8,https://moovitapp.com/index/pt-br/transporte_p%C3%BAblico-line-157_8-Brasilia-1702-851943-759503-0,-1.0,-15.779748,-47.992883,,,,2,2023-06-17T19:33:52+00:00
BRA_711179,Brasília,5300108,,São José,0.159,https://moovitapp.com/index/pt-br/transporte_p%C3%BAblico-line-0_159-Brasilia-1702-851943-375523-0,-1.0,-15.784766,-47.997283,,,,2,2023-06-17T19:33:52+00:00
BRA_711225,Brasília,5300108,,São José,0.159,https://moovitapp.com/index/pt-br/transporte_p%C3%BAblico-line-0_159-Brasilia-1702-851943-375523-0,-1.0,-15.815398,-48.063394,,,,2,2023-06-17T19:34:24+00:00
BRA_711250,Brasília,5300108,,São José,0.159,https://moovitapp.com/index/pt-br/transporte_p%C3%BAblico-line-0_159-Brasilia-1702-851943-375523-0,-1.0,-15.827951,-48.145334,,,,1,2023-06-17T14:17:52+00:00
BRA_77534,Brasília,5300108,,Urbi,393.4,https://moovitapp.com/index/pt-br/transporte_p%C3%BAblico-line-393_4-Brasilia-1702-851595-588816-0,-1.0,-15.885612,-48.020771,,,,1,2023-06-16T14:04:06+00:00
BRA_710873,Brasília,5300108,,São José,0.404,https://moovitapp.com/index/pt-br/transporte_p%C3%BAblico-line-0_404-Brasilia-1702-851943-783025-0,-1.0,-15.830307,-48.037587,,,,1,2023-06-17T19:33:56+00:00
BRA_500054,Brasília,5300108,,São José,0.406,https://moovitapp.com/index/pt-br/transporte_p%C3%BAblico-line-0_406-Brasilia-1702-851943-717430-0,-1.0,-15.666366,-48.200138,,,,1,2023-06-17T17:39:48+00:00
BRA_500135,Brasília,5300108,,São José,0.406,https://moovitapp.com/index/pt-br/transporte_p%C3%BAblico-line-0_406-Brasilia-1702-851943-717430-0,-1.0,-15.674607,-48.200907,,,,2,2023-06-17T19:33:46+00:00
BRA_500321,Brasília,5300108,,São José,0.402,https://moovitapp.com/index/pt-br/transporte_p%C3%BAblico-line-0_402-Brasilia-1702-851943-781335-0,-1.0,-15.821956,-48.112896,,,,1,2023-06-17T19:34:40+00:00
BRA_500020,Brasília,5300108,,São José,0.402,https://moovitapp.com/index/pt-br/transporte_p%C3%BAblico-line-0_402-Brasilia-1702-851943-781335-0,-1.0,-15.801622,-48.128187,,,,1,2023-06-17T19:33:34+00:00
BRA_500089,Brasília,5300108,,São José,0.402,https://moovitapp.com/index/pt-br/transporte_p%C3%BAblico-line-0_402-Brasilia-1702-851943-781335-0,-1.0,-15.842659,-48.0479,,,,1,2023-06-17T11:07:30+00:00
BRA_75841,Brasília,5300108,,São José,928.1,https://moovitapp.com/index/pt-br/transporte_p%C3%BAblico-line-928_1-Brasilia-1702-851943-707067-0,-1.0,-15.827823,-48.096893,,,,1,2023-06-17T19:34:10+00:00
BRA_76651,Brasília,5300108,,São José,928.1,https://moovitapp.com/index/pt-br/transporte_p%C3%BAblico-line-928_1-Brasilia-1702-851943-707067-0,-1.0,-15.836835,-48.091686,,,,1,2023-06-17T19:19:50+00:00
BRA_79707,Brasília,5300108,,São José,333.8,https://moovitapp.com/index/pt-br/transporte_p%C3%BAblico-line-333_8-Brasilia-1702-851943-376187-0,-1.0,-15.816466,-48.103607,,,,1,2023-06-17T19:33:40+00:00
BRA_711217,Brasília,5300108,,São José,158.6,https://moovitapp.com/index/pt-br/transporte_p%C3%BAblico-line-158_6-Brasilia-1702-851943-427161-0,-1.0,-15.804275,-47.958335,,,,1,2023-06-17T19:34:28+00:00
BRA_77089,Brasília,5300108,,Urbi,0.038,https://moovitapp.com/index/pt-br/transporte_p%C3%BAblico-line-0_038-Brasilia-1702-851595-687419-0,-1.0,-15.875044,-48.047372,,,,1,2023-06-17T19:34:10+00:00
BRA_77445,Brasília,5300108,,Urbi,086.1,https://moovitapp.com/index/pt-br/transporte_p%C3%BAblico-line-086_1-Brasilia-1702-851595-481321-0,-1.0,-15.819837,-47.982062,,,,2,2023-06-17T19:34:28+00:00
BRA_76988,Brasília,5300108,,Urbi,0.053,https://moovitapp.com/index/pt-br/transporte_p%C3%BAblico-line-0_053-Brasilia-1702-851595-588803-0,-1.0,-15.882273,-48.096518,,,,1,2023-06-17T19:33:44+00:00
BRA_711292,Brasília,5300108,,São José,0.092,https://moovitapp.com/index/pt-br/transporte_p%C3%BAblico-line-0_092-Brasilia-1702-851943-496589-0,-1.0,-15.809205,-48.05839,,,,1,2023-06-17T19:34:14+00:00
BRA_77852,Brasília,5300108,,São José,963.1,https://moovitapp.com/index/pt-br/transporte_p%C3%BAblico-line-963_1-Brasilia-1702-851943-669629-0,-1.0,-15.794263,-48.165501,,,,1,2023-06-17T19:34:10+00:00
BRA_117757,Brasília,5300108,,Piracicabana,158.1,https://moovitapp.com/index/pt-br/transporte_p%C3%BAblico-line-158_1-Brasilia-1702-850942-775094-0,-1.0,-15.83692,-47.93344,,,,1,2023-06-15T18:26:38+00:00
BRA_120529,Brasília,5300108,,Piracicabana,107.1,https://moovitapp.com/index/pt-br/transporte_p%C3%BAblico-line-107_1-Brasilia-1702-850942-242434-0,-1.0,-15.61264,-47.64064,,,,1,2023-06-16T03:20:09+00:00
BRA_119652,Brasília,5300108,,Piracicabana,0.509,https://moovitapp.com/index/pt-br/transporte_p%C3%BAblico-line-0_509-Brasilia-1702-850942-242397-0,-1.0,-15.83578,-47.93201,,,,1,2023-06-16T15:45:21+00:00
BRA_118320,Brasília,5300108,,Piracicabana,158.1,https://moovitapp.com/index/pt-br/transporte_p%C3%BAblico-line-158_1-Brasilia-1702-850942-775094-0,-1.0,-15.79475,-47.88422,,,,,2023-06-17T09:14:09+00:00
BRA_118150,Brasília,5300108,,Piracicabana,504.1,https://moovitapp.com/index/pt-br/transporte_p%C3%BAblico-line-504_1-Brasilia-1702-850942-242476-0,-1.0,-15.59696,-47.67261,,,,,2023-06-17T16:42:20+00:00
BRA_120758,Brasília,5300108,,Piracicabana,116.2,https://moovitapp.com/index/pt-br/transporte_p%C3%BAblico-line-116_2-Brasilia-1702-850942-60842780-0,-1.0,-15.7897,-47.88903,,,,,2023-06-17T16:47:49+00:00
BRA_119547,Brasília,5300108,,Piracicabana,062.6,https://moovitapp.com/index/pt-br/transporte_p%C3%BAblico-line-062_6-Brasilia-1702-850942-339289-0,-1.0,-15.64332,-47.80143,,,,,2023-06-17T17:24:00+00:00
BRA_119580,Brasília,5300108,,Piracicabana,062.7,https://moovitapp.com/index/pt-br/transporte_p%C3%BAblico-line-062_7-Brasilia-1702-850942-494154-0,-1.0,-15.65071,-47.81021,,,,,2023-06-17T18:13:50+00:00
BRA_119415,Brasília,5300108,,Piracicabana,501.3,https://moovitapp.com/index/pt-br/transporte_p%C3%BAblico-line-501_3-Brasilia-1702-850942-242472-0,-1.0,-15.78106,-47.87978,,,,,2023-06-17T18:32:27+00:00
BRA_119687,Brasília,5300108,,Piracicabana,512.1,https://moovitapp.com/index/pt-br/transporte_p%C3%BAblico-line-512_1-Brasilia-1702-850942-474401-0,-1.0,-15.64717,-47.77909,,,,,2023-06-17T18:42:16+00:00
BRA_119199,Brasília,5300108,,Piracicabana,501.3,https://moovitapp.com/index/pt-br/transporte_p%C3%BAblico-line-501_3-Brasilia-1702-850942-242472-0,-1.0,-15.71759,-47.89808,,,,,2023-06-17T18:48:52+00:00
BRA_118991,Brasília,5300108,,Piracicabana,0.143,https://moovitapp.com/index/pt-br/transporte_p%C3%BAblico-line-0_143-Brasilia-1702-850942-470747-0,-1.0,-15.79375,-47.88313,,,,1,2023-06-17T18:58:31+00:00
BRA_119229,Brasília,5300108,,Piracicabana,512.1,https://moovitapp.com/index/pt-br/transporte_p%C3%BAblico-line-512_1-Brasilia-1702-850942-474401-0,-1.0,-15.70833,-47.89346,,,,,2023-06-17T19:09:24+00:00
BRA_119491,Brasília,5300108,,Piracicabana,063.1,https://moovitapp.com/index/pt-br/transporte_p%C3%BAblico-line-063_1-Brasilia-1702-850942-339291-0,-1.0,-15.65539,-47.76025,,,,,2023-06-17T19:15:34+00:00
BRA_119504,Brasília,5300108,,Piracicabana,062.7,https://moovitapp.com/index/pt-br/transporte_p%C3%BAblico-line-062_7-Brasilia-1702-850942-494154-0,-1.0,-15.63472,-47.83749,,,,1,2023-06-17T19:19:16+00:00
BRA_118214,Brasília,5300108,,Piracicabana,0.114,https://moovitapp.com/index/pt-br/transporte_p%C3%BAblico-line-0_114-Brasilia-1702-850942-242379-0,-1.0,-15.77416,-47.90788,,,,1,2023-06-17T19:25:33+00:00
BRA_117331,Brasília,5300108,,Piracicabana,099.1,https://moovitapp.com/index/pt-br/transporte_p%C3%BAblico-line-099_1-Brasilia-1702-850942-775090-0,-1.0,-15.81789,-48.01287,,,,,2023-06-17T19:26:03+00:00
BRA_119881,Brasília,5300108,,Piracicabana,616.8,https://moovitapp.com/index/pt-br/transporte_p%C3%BAblico-line-616_8-Brasilia-1702-850942-128977718-0,-1.0,-15.77416,-47.90788,,,,1,2023-06-17T19:26:18+00:00
BRA_119253,Brasília,5300108,,Piracicabana,0.515,https://moovitapp.com/index/pt-br/transporte_p%C3%BAblico-line-0_515-Brasilia-1702-850942-26501707-0,-1.0,-15.65212,-47.9051,,,,,2023-06-17T19:27:06+00:00
BRA_119237,Brasília,5300108,,Piracicabana,062.7,https://moovitapp.com/index/pt-br/transporte_p%C3%BAblico-line-062_7-Brasilia-1702-850942-494154-0,-1.0,-15.63733,-47.83754,,,,1,2023-06-17T19:29:04+00:00
BRA_120260,Brasília,5300108,,Piracicabana,640.2,https://moovitapp.com/index/pt-br/transporte_p%C3%BAblico-line-640_2-Brasilia-1702-850942-697957-0,-1.0,-15.61829,-47.65459,,,,1,2023-06-17T19:29:47+00:00
BRA_120952,Brasília,5300108,,Piracicabana,063.1,https://moovitapp.com/index/pt-br/transporte_p%C3%BAblico-line-063_1-Brasilia-1702-850942-339291-0,-1.0,-15.6652,-47.75217,,,,1,2023-06-17T19:29:49+00:00
BRA_120413,Brasília,5300108,,Piracicabana,611.1,https://moovitapp.com/index/pt-br/transporte_p%C3%BAblico-line-611_1-Brasilia-1702-850942-25771161-0,-1.0,-15.61866,-47.65368,,,,1,2023-06-17T19:30:19+00:00
BRA_119661,Brasília,5300108,,Piracicabana,531.1,https://moovitapp.com/index/pt-br/transporte_p%C3%BAblico-line-531_1-Brasilia-1702-850942-476289-0,-1.0,-15.60976,-47.87152,,,,,2023-06-17T19:30:19+00:00
BRA_119164,Brasília,5300108,,Piracicabana,062.5,https://moovitapp.com/index/pt-br/transporte_p%C3%BAblico-line-062_5-Brasilia-1702-850942-339835-0,-1.0,-15.6502,-47.78556,,,,1,2023-06-17T19:30:27+00:00
BRA_120057,Brasília,5300108,,Piracicabana,158.1,https://moovitapp.com/index/pt-br/transporte_p%C3%BAblico-line-158_1-Brasilia-1702-850942-775094-0,-1.0,-15.77814,-47.99732,,,,,2023-06-17T19:31:01+00:00
BRA_118958,Brasília,5300108,,Piracicabana,601.2,https://moovitapp.com/index/pt-br/transporte_p%C3%BAblico-line-601_2-Brasilia-1702-850942-322378-0,-1.0,-15.61877,-47.65373,,,,1,2023-06-17T19:31:16+00:00
BRA_119105,Brasília,5300108,,Piracicabana,063.1,https://moovitapp.com/index/pt-br/transporte_p%C3%BAblico-line-063_1-Brasilia-1702-850942-339291-0,-1.0,-15.64651,-47.80892,,,,,2023-06-17T19:31:19+00:00
BRA_119784,Brasília,5300108,,Piracicabana,0.611,https://moovitapp.com/index/pt-br/transporte_p%C3%BAblico-line-0_611-Brasilia-1702-850942-25771159-0,-1.0,-15.65228,-47.56532,,,,,2023-06-17T19:32:16+00:00
BRA_119342,Brasília,5300108,,Piracicabana,512.1,https://moovitapp.com/index/pt-br/transporte_p%C3%BAblico-line-512_1-Brasilia-1702-850942-474401-0,-1.0,-15.64766,-47.77058,,,,1,2023-06-17T19:33:01+00:00
BRA_118435,Brasília,5300108,,Piracicabana,600.7,https://moovitapp.com/index/pt-br/transporte_p%C3%BAblico-line-600_7-Brasilia-1702-850942-698442-0,-1.0,-15.83623,-47.93358,,,,1,2023-06-17T19:33:07+00:00
BRA_119431,Brasília,5300108,,Piracicabana,0.509,https://moovitapp.com/index/pt-br/transporte_p%C3%BAblico-line-0_509-Brasilia-1702-850942-242397-0,-1.0,-15.65005,-47.78626,,,,1,2023-06-17T19:33:15+00:00
BRA_119636,Brasília,5300108,,Piracicabana,505.8,https://moovitapp.com/index/pt-br/transporte_p%C3%BAblico-line-505_8-Brasilia-1702-850942-339297-0,-1.0,-15.6496,-47.79223,,,,1,2023-06-17T19:33:26+00:00
BRA_119911,Brasília,5300108,,Piracicabana,115.1,https://moovitapp.com/index/pt-br/transporte_p%C3%BAblico-line-115_1-Brasilia-1702-850942-242436-0,-1.0,-15.79372,-47.88172,,,,1,2023-06-17T19:33:31+00:00
BRA_121053,Brasília,5300108,,Piracicabana,0.620,https://moovitapp.com/index/pt-br/transporte_p%C3%BAblico-line-0_620-Brasilia-1702-850942-470748-0,-1.0,-15.79382,-47.88176,,,,1,2023-06-17T19:33:32+00:00
BRA_119768,Brasília,5300108,,Piracicabana,066.6,https://moovitapp.com/index/pt-br/transporte_p%C3%BAblico-line-066_6-Brasilia-1702-850942-770027-0,-1.0,-15.62561,-47.65077,,,,,2023-06-17T19:33:37+00:00
BRA_118711,Brasília,5300108,,Piracicabana,156.6,https://moovitapp.com/index/pt-br/transporte_p%C3%BAblico-line-156_6-Brasilia-1702-850942-516629-0,-1.0,-15.81881,-47.98345,,,,1,2023-06-17T19:33:38+00:00
BRA_118460,Brasília,5300108,,Piracicabana,066.6,https://moovitapp.com/index/pt-br/transporte_p%C3%BAblico-line-066_6-Brasilia-1702-850942-770027-0,-1.0,-15.62423,-47.64963,,,,,2023-06-17T19:33:41+00:00
BRA_119725,Brasília,5300108,,Piracicabana,0.504,https://moovitapp.com/index/pt-br/transporte_p%C3%BAblico-line-0_504-Brasilia-1702-850942-781321-0,-1.0,-15.62186,-47.64608,,,,,2023-06-17T19:33:42+00:00
BRA_118532,Brasília,5300108,,Piracicabana,0.104,https://moovitapp.com/index/pt-br/transporte_p%C3%BAblico-line-0_104-Brasilia-1702-850942-242376-0,-1.0,-15.79904,-47.86292,,,,,2023-06-17T19:33:44+00:00
BRA_120740,Brasília,5300108,,Piracicabana,616.8,https://moovitapp.com/index/pt-br/transporte_p%C3%BAblico-line-616_8-Brasilia-1702-850942-128977718-0,-1.0,-15.62593,-47.72561,,,,,2023-06-17T19:33:45+00:00
BRA_120626,Brasília,5300108,,Piracicabana,099.1,https://moovitapp.com/index/pt-br/transporte_p%C3%BAblico-line-099_1-Brasilia-1702-850942-775090-0,-1.0,-15.83414,-48.03724,,,,,2023-06-17T19:33:45+00:00
BRA_120651,Brasília,5300108,,Piracicabana,519.2,https://moovitapp.com/index/pt-br/transporte_p%C3%BAblico-line-519_2-Brasilia-1702-850942-242483-0,-1.0,-15.82964,-47.92931,,,,,2023-06-17T19:33:46+00:00
BRA_120766,Brasília,5300108,,Piracicabana,0.140,https://moovitapp.com/index/pt-br/transporte_p%C3%BAblico-line-0_140-Brasilia-1702-850942-242386-0,-1.0,-15.7702,-47.86325,,,,,2023-06-17T19:33:47+00:00
BRA_118257,Brasília,5300108,,Piracicabana,107.1,https://moovitapp.com/index/pt-br/transporte_p%C3%BAblico-line-107_1-Brasilia-1702-850942-242434-0,-1.0,-15.79373,-47.88298,,,,1,2023-06-17T19:33:47+00:00
BRA_120464,Brasília,5300108,,Piracicabana,158.1,https://moovitapp.com/index/pt-br/transporte_p%C3%BAblico-line-158_1-Brasilia-1702-850942-775094-0,-1.0,-15.79571,-47.97059,,,,,2023-06-17T19:33:49+00:00
BRA_120197,Brasília,5300108,,Piracicabana,600.7,https://moovitapp.com/index/pt-br/transporte_p%C3%BAblico-line-600_7-Brasilia-1702-850942-698442-0,-1.0,-15.68347,-47.84162,,,,,2023-06-17T19:33:49+00:00
BRA_120537,Brasília,5300108,,Piracicabana,152.5,https://moovitapp.com/index/pt-br/transporte_p%C3%BAblico-line-152_5-Brasilia-1702-850942-542828-0,-1.0,-15.7863,-47.90051,,,,,2023-06-17T19:33:50+00:00
BRA_120235,Brasília,5300108,,Piracicabana,616.8,https://moovitapp.com/index/pt-br/transporte_p%C3%BAblico-line-616_8-Brasilia-1702-850942-128977718-0,-1.0,-15.64333,-47.63456,,,,,2023-06-17T19:33:50+00:00
BRA_119555,Brasília,5300108,,Piracicabana,501.3,https://moovitapp.com/index/pt-br/transporte_p%C3%BAblico-line-501_3-Brasilia-1702-850942-242472-0,-1.0,-15.77249,-47.88219,,,,,2023-06-17T19:33:51+00:00
BRA_119474,Brasília,5300108,,Piracicabana,511.4,https://moovitapp.com/index/pt-br/transporte_p%C3%BAblico-line-511_4-Brasilia-1702-850942-770030-0,-1.0,-15.64962,-47.79326,,,,,2023-06-17T19:33:52+00:00
BRA_120294,Brasília,5300108,,Piracicabana,504.1,https://moovitapp.com/index/pt-br/transporte_p%C3%BAblico-line-504_1-Brasilia-1702-850942-242476-0,-1.0,-15.61914,-47.65312,,,,,2023-06-17T19:33:52+00:00
BRA_119997,Brasília,5300108,,Piracicabana,0.617,https://moovitapp.com/index/pt-br/transporte_p%C3%BAblico-line-0_617-Brasilia-1702-850942-242417-0,-1.0,-15.69886,-47.87997,,,,,2023-06-17T19:33:53+00:00
BRA_118206,Brasília,5300108,,Piracicabana,152.5,https://moovitapp.com/index/pt-br/transporte_p%C3%BAblico-line-152_5-Brasilia-1702-850942-542828-0,-1.0,-15.79207,-47.89418,,,,,2023-06-17T19:33:55+00:00
BRA_120308,Brasília,5300108,,Piracicabana,0.620,https://moovitapp.com/index/pt-br/transporte_p%C3%BAblico-line-0_620-Brasilia-1702-850942-470748-0,-1.0,-15.77814,-47.87989,,,,,2023-06-17T19:33:56+00:00
BRA_118800,Brasília,5300108,,Piracicabana,066.4,https://moovitapp.com/index/pt-br/transporte_p%C3%BAblico-line-066_4-Brasilia-1702-850942-763557-0,-1.0,-15.6021,-47.67313,,,,,2023-06-17T19:33:56+00:00
BRA_118702,Brasília,5300108,,Piracicabana,136.9,https://moovitapp.com/index/pt-br/transporte_p%C3%BAblico-line-136_9-Brasilia-1702-850942-773702-0,-1.0,-15.73483,-47.89359,,,,,2023-06-17T19:33:56+00:00
BRA_119067,Brasília,5300108,,Piracicabana,505.3,https://moovitapp.com/index/pt-br/transporte_p%C3%BAblico-line-505_3-Brasilia-1702-850942-352626-0,-1.0,-15.64687,-47.82367,,,,,2023-06-17T19:33:56+00:00
BRA_117366,Brasília,5300108,,Piracicabana,152.1,https://moovitapp.com/index/pt-br/transporte_p%C3%BAblico-line-152_1-Brasilia-1702-850942-542827-0,-1.0,-15.79193,-47.943,,,,,2023-06-17T19:33:56+00:00
BRA_118354,Brasília,5300108,,Piracicabana,066.3,https://moovitapp.com/index/pt-br/transporte_p%C3%BAblico-line-066_3-Brasilia-1702-850942-513542-0,-1.0,-15.60204,-47.6819,,,,,2023-06-17T19:33:57+00:00
BRA_119032,Brasília,5300108,,Piracicabana,116.2,https://moovitapp.com/index/pt-br/transporte_p%C3%BAblico-line-116_2-Brasilia-1702-850942-60842780-0,-1.0,-15.76586,-47.91362,,,,,2023-06-17T19:33:57+00:00
BRA_118826,Brasília,5300108,,Piracicabana,105.2,https://moovitapp.com/index/pt-br/transporte_p%C3%BAblico-line-105_2-Brasilia-1702-850942-12015265-0,-1.0,-15.76208,-47.87709,,,,,2023-06-17T19:33:57+00:00
BRA_120511,Brasília,5300108,,Piracicabana,102.6,https://moovitapp.com/index/pt-br/transporte_p%C3%BAblico-line-102_6-Brasilia-1702-850942-775091-0,-1.0,-15.83016,-47.93037,,,,,2023-06-17T19:33:57+00:00
BRA_119857,Brasília,5300108,,Piracicabana,0.143,https://moovitapp.com/index/pt-br/transporte_p%C3%BAblico-line-0_143-Brasilia-1702-850942-470747-0,-1.0,-15.78565,-47.90253,,,,,2023-06-17T19:33:57+00:00
BRA_119709,Brasília,5300108,,Piracicabana,601.2,https://moovitapp.com/index/pt-br/transporte_p%C3%BAblico-line-601_2-Brasilia-1702-850942-322378-0,-1.0,-15.60229,-47.64814,,,,,2023-06-17T19:33:58+00:00
BRA_118346,Brasília,5300108,,Piracicabana,099.1,https://moovitapp.com/index/pt-br/transporte_p%C3%BAblico-line-099_1-Brasilia-1702-850942-775090-0,-1.0,-15.81495,-48.0071,,,,,2023-06-17T19:33:58+00:00
BRA_119733,Brasília,5300108,,Piracicabana,600.7,https://moovitapp.com/index/pt-br/transporte_p%C3%BAblico-line-600_7-Brasilia-1702-850942-698442-0,-1.0,-15.67132,-47.81798,,,,,2023-06-17T19:33:59+00:00
BRA_118761,Brasília,5300108,,Piracicabana,156.6,https://moovitapp.com/index/pt-br/transporte_p%C3%BAblico-line-156_6-Brasilia-1702-850942-516629-0,-1.0,-15.74755,-47.8963,,,,,2023-06-17T19:33:59+00:00
BRA_118770,Brasília,5300108,,Piracicabana,153.2,https://moovitapp.com/index/pt-br/transporte_p%C3%BAblico-line-153_2-Brasilia-1702-850942-775093-0,-1.0,-15.81114,-47.94339,,,,,2023-06-17T19:33:59+00:00
BRA_120081,Brasília,5300108,,Piracicabana,640.2,https://moovitapp.com/index/pt-br/transporte_p%C3%BAblico-line-640_2-Brasilia-1702-850942-697957-0,-1.0,-15.74968,-47.89567,,,,,2023-06-17T19:33:59+00:00
BRA_120499,Brasília,5300108,,Piracicabana,153.2,https://moovitapp.com/index/pt-br/transporte_p%C3%BAblico-line-153_2-Brasilia-1702-850942-775093-0,-1.0,-15.83614,-47.96837,,,,,2023-06-17T19:34:00+00:00
BRA_119113,Brasília,5300108,,Piracicabana,519.2,https://moovitapp.com/index/pt-br/transporte_p%C3%BAblico-line-519_2-Brasilia-1702-850942-242483-0,-1.0,-15.62177,-47.84858,,,,,2023-06-17T19:34:00+00:00
BRA_118478,Brasília,5300108,,Piracicabana,0.143,https://moovitapp.com/index/pt-br/transporte_p%C3%BAblico-line-0_143-Brasilia-1702-850942-470747-0,-1.0,-15.76654,-47.92458,,,,,2023-06-17T19:34:01+00:00
BRA_120111,Brasília,5300108,,Piracicabana,136.9,https://moovitapp.com/index/pt-br/transporte_p%C3%BAblico-line-136_9-Brasilia-1702-850942-773702-0,-1.0,-15.7958,-47.88262,,,,,2023-06-17T19:34:01+00:00
BRA_120685,Brasília,5300108,,Piracicabana,640.2,https://moovitapp.com/index/pt-br/transporte_p%C3%BAblico-line-640_2-Brasilia-1702-850942-697957-0,-1.0,-15.61846,-47.65439,,,,1,2023-06-17T19:34:01+00:00
BRA_117315,Brasília,5300108,,Piracicabana,158.1,https://moovitapp.com/index/pt-br/transporte_p%C3%BAblico-line-158_1-Brasilia-1702-850942-775094-0,-1.0,-15.82345,-47.93515,,,,,2023-06-17T19:34:01+00:00
BRA_120073,Brasília,5300108,,Piracicabana,153.2,https://moovitapp.com/index/pt-br/transporte_p%C3%BAblico-line-153_2-Brasilia-1702-850942-775093-0,-1.0,-15.8342,-47.93191,,,,,2023-06-17T19:34:02+00:00
BRA_120421,Brasília,5300108,,Piracicabana,616.8,https://moovitapp.com/index/pt-br/transporte_p%C3%BAblico-line-616_8-Brasilia-1702-850942-128977718-0,-1.0,-15.8055,-47.88781,,,,,2023-06-17T19:34:02+00:00
BRA_119121,Brasília,5300108,,Piracicabana,501.3,https://moovitapp.com/index/pt-br/transporte_p%C3%BAblico-line-501_3-Brasilia-1702-850942-242472-0,-1.0,-15.71146,-47.89827,,,,,2023-06-17T19:34:02+00:00
BRA_118796,Brasília,5300108,,Piracicabana,106.2,https://moovitapp.com/index/pt-br/transporte_p%C3%BAblico-line-106_2-Brasilia-1702-850942-242433-0,-1.0,-15.83635,-47.93339,,,,1,2023-06-17T19:34:02+00:00
BRA_120693,Brasília,5300108,,Piracicabana,640.2,https://moovitapp.com/index/pt-br/transporte_p%C3%BAblico-line-640_2-Brasilia-1702-850942-697957-0,-1.0,-15.71547,-47.89872,,,,,2023-06-17T19:34:03+00:00
BRA_121096,Brasília,5300108,,Piracicabana,600.7,https://moovitapp.com/index/pt-br/transporte_p%C3%BAblico-line-600_7-Brasilia-1702-850942-698442-0,-1.0,-15.64262,-47.75821,,,,,2023-06-17T19:34:04+00:00
BRA_120251,Brasília,5300108,,Piracicabana,0.620,https://moovitapp.com/index/pt-br/transporte_p%C3%BAblico-line-0_620-Brasilia-1702-850942-470748-0,-1.0,-15.79367,-47.88184,,,,1,2023-06-17T19:34:04+00:00
BRA_120120,Brasília,5300108,,Piracicabana,0.641,https://moovitapp.com/index/pt-br/transporte_p%C3%BAblico-line-0_641-Brasilia-1702-850942-242424-0,-1.0,-15.82665,-47.92565,,,,,2023-06-17T19:34:05+00:00
BRA_120863,Brasília,5300108,,Piracicabana,0.150,https://moovitapp.com/index/pt-br/transporte_p%C3%BAblico-line-0_150-Brasilia-1702-850942-775086-0,-1.0,-15.82495,-47.93398,,,,,2023-06-17T19:34:05+00:00
BRA_121029,Brasília,5300108,,Piracicabana,640.2,https://moovitapp.com/index/pt-br/transporte_p%C3%BAblico-line-640_2-Brasilia-1702-850942-697957-0,-1.0,-15.66341,-47.80215,,,,,2023-06-17T19:34:06+00:00
BRA_120472,Brasília,5300108,,Piracicabana,0.504,https://moovitapp.com/index/pt-br/transporte_p%C3%BAblico-line-0_504-Brasilia-1702-850942-781321-0,-1.0,-15.65228,-47.80312,,,,1,2023-06-17T19:34:06+00:00
BRA_118966,Brasília,5300108,,Piracicabana,115.1,https://moovitapp.com/index/pt-br/transporte_p%C3%BAblico-line-115_1-Brasilia-1702-850942-242436-0,-1.0,-15.73441,-47.8976,,,,,2023-06-17T19:34:06+00:00
BRA_117901,Brasília,5300108,,Piracicabana,501.4,https://moovitapp.com/index/pt-br/transporte_p%C3%BAblico-line-501_4-Brasilia-1702-850942-775096-0,-1.0,-15.80615,-47.88837,,,,,2023-06-17T19:34:06+00:00
BRA_119679,Brasília,5300108,,Piracicabana,0.509,https://moovitapp.com/index/pt-br/transporte_p%C3%BAblico-line-0_509-Brasilia-1702-850942-242397-0,-1.0,-15.71756,-47.8981,,,,,2023-06-17T19:34:07+00:00
BRA_119903,Brasília,5300108,,Piracicabana,158.1,https://moovitapp.com/index/pt-br/transporte_p%C3%BAblico-line-158_1-Brasilia-1702-850942-775094-0,-1.0,-15.82807,-47.92811,,,,1,2023-06-17T19:34:08+00:00
BRA_118885,Brasília,5300108,,Piracicabana,128.1,https://moovitapp.com/index/pt-br/transporte_p%C3%BAblico-line-128_1-Brasilia-1702-850942-53234107-0,-1.0,-15.79293,-47.88304,,,,,2023-06-17T19:34:08+00:00
BRA_120995,Brasília,5300108,,Piracicabana,128.1,https://moovitapp.com/index/pt-br/transporte_p%C3%BAblico-line-128_1-Brasilia-1702-850942-53234107-0,-1.0,-15.74941,-47.92296,,,,,2023-06-17T19:34:08+00:00
BRA_118362,Brasília,5300108,,Piracicabana,107.1,https://moovitapp.com/index/pt-br/transporte_p%C3%BAblico-line-107_1-Brasilia-1702-850942-242434-0,-1.0,-15.79489,-47.88293,,,,,2023-06-17T19:34:08+00:00
BRA_121070,Brasília,5300108,,Piracicabana,600.7,https://moovitapp.com/index/pt-br/transporte_p%C3%BAblico-line-600_7-Brasilia-1702-850942-698442-0,-1.0,-15.59633,-47.67122,,,,,2023-06-17T19:34:09+00:00
BRA_120090,Brasília,5300108,,Piracicabana,136.6,https://moovitapp.com/index/pt-br/transporte_p%C3%BAblico-line-136_6-Brasilia-1702-850942-773700-0,-1.0,-15.71477,-47.88535,,,,,2023-06-17T19:34:09+00:00
BRA_119041,Brasília,5300108,,Piracicabana,601.1,https://moovitapp.com/index/pt-br/transporte_p%C3%BAblico-line-601_1-Brasilia-1702-850942-322377-0,-1.0,-15.61815,-47.65002,,,,,2023-06-17T19:34:10+00:00
BRA_118575,Brasília,5300108,,Piracicabana,115.1,https://moovitapp.com/index/pt-br/transporte_p%C3%BAblico-line-115_1-Brasilia-1702-850942-242436-0,-1.0,-15.73598,-47.88544,,,,,2023-06-17T19:34:10+00:00
BRA_118893,Brasília,5300108,,Piracicabana,0.116,https://moovitapp.com/index/pt-br/transporte_p%C3%BAblico-line-0_116-Brasilia-1702-850942-242381-0,-1.0,-15.7936,-47.88228,,,,,2023-06-17T19:34:10+00:00
BRA_118443,Brasília,5300108,,Piracicabana,158.1,https://moovitapp.com/index/pt-br/transporte_p%C3%BAblico-line-158_1-Brasilia-1702-850942-775094-0,-1.0,-15.80729,-47.94687,,,,,2023-06-17T19:34:11+00:00
BRA_120189,Brasília,5300108,,Piracicabana,601.5,https://moovitapp.com/index/pt-br/transporte_p%C3%BAblico-line-601_5-Brasilia-1702-850942-697953-0,-1.0,-15.62413,-47.65876,,,,,2023-06-17T19:34:11+00:00
BRA_121088,Brasília,5300108,,Piracicabana,601.3,https://moovitapp.com/index/pt-br/transporte_p%C3%BAblico-line-601_3-Brasilia-1702-850942-339836-0,-1.0,-15.61506,-47.65022,,,,,2023-06-17T19:34:11+00:00
BRA_120707,Brasília,5300108,,Piracicabana,620.1,https://moovitapp.com/index/pt-br/transporte_p%C3%BAblico-line-620_1-Brasilia-1702-850942-697955-0,-1.0,-15.60181,-47.68179,,,,,2023-06-17T19:34:11+00:00
BRA_120782,Brasília,5300108,,Piracicabana,0.110,https://moovitapp.com/index/pt-br/transporte_p%C3%BAblico-line-0_110-Brasilia-1702-850942-339284-0,-1.0,-15.7679,-47.86848,,,,,2023-06-17T19:34:12+00:00
BRA_120821,Brasília,5300108,,Piracicabana,162.1,https://moovitapp.com/index/pt-br/transporte_p%C3%BAblico-line-162_1-Brasilia-1702-850942-762425-0,-1.0,-15.79375,-47.8877,,,,,2023-06-17T19:34:12+00:00
BRA_120286,Brasília,5300108,,Piracicabana,136.5,https://moovitapp.com/index/pt-br/transporte_p%C3%BAblico-line-136_5-Brasilia-1702-850942-516628-0,-1.0,-15.73887,-47.89904,,,,,2023-06-17T19:34:12+00:00
BRA_120642,Brasília,5300108,,Piracicabana,601.1,https://moovitapp.com/index/pt-br/transporte_p%C3%BAblico-line-601_1-Brasilia-1702-850942-322377-0,-1.0,-15.60391,-47.6519,,,,1,2023-06-17T19:34:12+00:00
BRA_119059,Brasília,5300108,,Piracicabana,0.103,https://moovitapp.com/index/pt-br/transporte_p%C3%BAblico-line-0_103-Brasilia-1702-850942-335705-0,-1.0,-15.79619,-47.87893,,,,,2023-06-17T19:34:12+00:00
BRA_118541,Brasília,5300108,,Piracicabana,0.116,https://moovitapp.com/index/pt-br/transporte_p%C3%BAblico-line-0_116-Brasilia-1702-850942-242381-0,-1.0,-15.79473,-47.87709,,,,,2023-06-17T19:34:13+00:00
BRA_119016,Brasília,5300108,,Piracicabana,152.5,https://moovitapp.com/index/pt-br/transporte_p%C3%BAblico-line-152_5-Brasilia-1702-850942-542828-0,-1.0,-15.78722,-47.93195,,,,,2023-06-17T19:34:13+00:00
BRA_119440,Brasília,5300108,,Piracicabana,501.3,https://moovitapp.com/index/pt-br/transporte_p%C3%BAblico-line-501_3-Brasilia-1702-850942-242472-0,-1.0,-15.82938,-47.93014,,,,,2023-06-17T19:34:13+00:00
BRA_119261,Brasília,5300108,,Piracicabana,0.517,https://moovitapp.com/index/pt-br/transporte_p%C3%BAblico-line-0_517-Brasilia-1702-850942-242400-0,-1.0,-15.6363,-47.83106,,,,,2023-06-17T19:34:13+00:00
BRA_120600,Brasília,5300108,,Piracicabana,0.603,https://moovitapp.com/index/pt-br/transporte_p%C3%BAblico-line-0_603-Brasilia-1702-850942-242413-0,-1.0,-15.6822,-47.83733,,,,,2023-06-17T19:34:13+00:00
BRA_120618,Brasília,5300108,,Piracicabana,0.620,https://moovitapp.com/index/pt-br/transporte_p%C3%BAblico-line-0_620-Brasilia-1702-850942-470748-0,-1.0,-15.71474,-47.89865,,,,,2023-06-17T19:34:13+00:00
BRA_119971,Brasília,5300108,,Piracicabana,504.1,https://moovitapp.com/index/pt-br/transporte_p%C3%BAblico-line-504_1-Brasilia-1702-850942-242476-0,-1.0,-15.63032,-47.73346,,,,,2023-06-17T19:34:13+00:00
BRA_120723,Brasília,5300108,,Piracicabana,0.504,https://moovitapp.com/index/pt-br/transporte_p%C3%BAblico-line-0_504-Brasilia-1702-850942-781321-0,-1.0,-15.60864,-47.69408,,,,,2023-06-17T19:34:13+00:00
BRA_118371,Brasília,5300108,,Piracicabana,114.1,https://moovitapp.com/index/pt-br/transporte_p%C3%BAblico-line-114_1-Brasilia-1702-850942-781323-0,-1.0,-15.84178,-47.92099,,,,,2023-06-17T19:34:13+00:00
BRA_120715,Brasília,5300108,,Piracicabana,610.3,https://moovitapp.com/index/pt-br/transporte_p%C3%BAblico-line-610_3-Brasilia-1702-850942-138552889-0,-1.0,-15.62152,-47.65055,,,,1,2023-06-17T19:34:14+00:00
BRA_120588,Brasília,5300108,,Piracicabana,640.2,https://moovitapp.com/index/pt-br/transporte_p%C3%BAblico-line-640_2-Brasilia-1702-850942-697957-0,-1.0,-15.6724,-47.81946,,,,,2023-06-17T19:34:14+00:00
BRA_120456,Brasília,5300108,,Piracicabana,162.1,https://moovitapp.com/index/pt-br/transporte_p%C3%BAblico-line-162_1-Brasilia-1702-850942-762425-0,-1.0,-15.79858,-47.89223,,,,,2023-06-17T19:34:15+00:00
BRA_120332,Brasília,5300108,,Piracicabana,103.2,https://moovitapp.com/index/pt-br/transporte_p%C3%BAblico-line-103_2-Brasilia-1702-850942-474397-0,-1.0,-15.80859,-47.8377,,,,,2023-06-17T19:34:15+00:00
BRA_120367,Brasília,5300108,,Piracicabana,620.1,https://moovitapp.com/index/pt-br/transporte_p%C3%BAblico-line-620_1-Brasilia-1702-850942-697955-0,-1.0,-15.60083,-47.65413,,,,,2023-06-17T19:34:15+00:00
BRA_118940,Brasília,5300108,,Piracicabana,0.116,https://moovitapp.com/index/pt-br/transporte_p%C3%BAblico-line-0_116-Brasilia-1702-850942-242381-0,-1.0,-15.73464,-47.88628,,,,,2023-06-17T19:34:15+00:00
BRA_119521,Brasília,5300108,,Piracicabana,107.1,https://moovitapp.com/index/pt-br/transporte_p%C3%BAblico-line-107_1-Brasilia-1702-850942-242434-0,-1.0,-15.83705,-47.92622,,,,,2023-06-17T19:34:17+00:00
BRA_117111,Brasília,5300108,,Piracicabana,106.2,https://moovitapp.com/index/pt-br/transporte_p%C3%BAblico-line-106_2-Brasilia-1702-850942-242433-0,-1.0,-15.75926,-47.89227,,,,,2023-06-17T19:34:17+00:00
BRA_119270,Brasília,5300108,,Piracicabana,0.509,https://moovitapp.com/index/pt-br/transporte_p%C3%BAblico-line-0_509-Brasilia-1702-850942-242397-0,-1.0,-15.79641,-47.88318,,,,,2023-06-17T19:34:18+00:00
BRA_119351,Brasília,5300108,,Piracicabana,512.1,https://moovitapp.com/index/pt-br/transporte_p%C3%BAblico-line-512_1-Brasilia-1702-850942-474401-0,-1.0,-15.83499,-47.93158,,,,,2023-06-17T19:34:18+00:00
BRA_119873,Brasília,5300108,,Piracicabana,064.1,https://moovitapp.com/index/pt-br/transporte_p%C3%BAblico-line-064_1-Brasilia-1702-850942-339292-0,-1.0,-15.61917,-47.65218,,,,,2023-06-17T19:34:18+00:00
BRA_120898,Brasília,5300108,,Piracicabana,106.2,https://moovitapp.com/index/pt-br/transporte_p%C3%BAblico-line-106_2-Brasilia-1702-850942-242433-0,-1.0,-15.82963,-47.9073,,,,,2023-06-17T19:34:18+00:00
BRA_120871,Brasília,5300108,,Piracicabana,115.1,https://moovitapp.com/index/pt-br/transporte_p%C3%BAblico-line-115_1-Brasilia-1702-850942-242436-0,-1.0,-15.79396,-47.88183,,,,,2023-06-17T19:34:19+00:00
BRA_119571,Brasília,5300108,,Piracicabana,505.5,https://moovitapp.com/index/pt-br/transporte_p%C3%BAblico-line-505_5-Brasilia-1702-850942-651521-0,-1.0,-15.65355,-47.79592,,,,,2023-06-17T19:34:19+00:00
BRA_119083,Brasília,5300108,,Piracicabana,062.5,https://moovitapp.com/index/pt-br/transporte_p%C3%BAblico-line-062_5-Brasilia-1702-850942-339835-0,-1.0,-15.66434,-47.85253,,,,,2023-06-17T19:34:20+00:00
BRA_119377,Brasília,5300108,,Piracicabana,0.517,https://moovitapp.com/index/pt-br/transporte_p%C3%BAblico-line-0_517-Brasilia-1702-850942-242400-0,-1.0,-15.80641,-47.8991,,,,,2023-06-17T19:34:20+00:00
BRA_119202,Brasília,5300108,,Piracicabana,501.7,https://moovitapp.com/index/pt-br/transporte_p%C3%BAblico-line-501_7-Brasilia-1702-850942-519379-0,-1.0,-15.83203,-47.92871,,,,,2023-06-17T19:34:20+00:00
BRA_120430,Brasília,5300108,,Piracicabana,0.620,https://moovitapp.com/index/pt-br/transporte_p%C3%BAblico-line-0_620-Brasilia-1702-850942-470748-0,-1.0,-15.6367,-47.74461,,,,,2023-06-17T19:34:20+00:00
BRA_120481,Brasília,5300108,,Piracicabana,600.7,https://moovitapp.com/index/pt-br/transporte_p%C3%BAblico-line-600_7-Brasilia-1702-850942-698442-0,-1.0,-15.64484,-47.76204,,,,,2023-06-17T19:34:20+00:00
BRA_118338,Brasília,5300108,,Piracicabana,136.7,https://moovitapp.com/index/pt-br/transporte_p%C3%BAblico-line-136_7-Brasilia-1702-850942-242451-0,-1.0,-15.71605,-47.88586,,,,,2023-06-17T19:34:20+00:00
BRA_119831,Brasília,5300108,,Piracicabana,066.5,https://moovitapp.com/index/pt-br/transporte_p%C3%BAblico-line-066_5-Brasilia-1702-850942-770026-0,-1.0,-15.64286,-47.63333,,,,1,2023-06-17T19:34:21+00:00
BRA_118877,Brasília,5300108,,Piracicabana,105.2,https://moovitapp.com/index/pt-br/transporte_p%C3%BAblico-line-105_2-Brasilia-1702-850942-12015265-0,-1.0,-15.80387,-47.89688,,,,,2023-06-17T19:34:22+00:00
BRA_118524,Brasília,5300108,,Piracicabana,066.4,https://moovitapp.com/index/pt-br/transporte_p%C3%BAblico-line-066_4-Brasilia-1702-850942-763557-0,-1.0,-15.6008,-47.67388,,,,,2023-06-17T19:34:22+00:00
BRA_119989,Brasília,5300108,,Piracicabana,602.1,https://moovitapp.com/index/pt-br/transporte_p%C3%BAblico-line-602_1-Brasilia-1702-850942-242491-0,-1.0,-15.81602,-47.89825,,,,,2023-06-17T19:34:22+00:00
BRA_119172,Brasília,5300108,,Piracicabana,501.3,https://moovitapp.com/index/pt-br/transporte_p%C3%BAblico-line-501_3-Brasilia-1702-850942-242472-0,-1.0,-15.67394,-47.84129,,,,,2023-06-17T19:34:23+00:00
BRA_118915,Brasília,5300108,,Piracicabana,620.1,https://moovitapp.com/index/pt-br/transporte_p%C3%BAblico-line-620_1-Brasilia-1702-850942-697955-0,-1.0,-15.6406,-47.75347,,,,,2023-06-17T19:34:24+00:00
BRA_120979,Brasília,5300108,,Piracicabana,600.7,https://moovitapp.com/index/pt-br/transporte_p%C3%BAblico-line-600_7-Brasilia-1702-850942-698442-0,-1.0,-15.61849,-47.7123,,,,,2023-06-17T19:34:24+00:00
BRA_119393,Brasília,5300108,,Piracicabana,505.3,https://moovitapp.com/index/pt-br/transporte_p%C3%BAblico-line-505_3-Brasilia-1702-850942-352626-0,-1.0,-15.64687,-47.82367,,,,,2023-06-17T19:34:25+00:00
BRA_119822,Brasília,5300108,,Piracicabana,501.3,https://moovitapp.com/index/pt-br/transporte_p%C3%BAblico-line-501_3-Brasilia-1702-850942-242472-0,-1.0,-15.78876,-47.88042,,,,,2023-06-17T19:34:25+00:00
BRA_119741,Brasília,5300108,,Piracicabana,505.8,https://moovitapp.com/index/pt-br/transporte_p%C3%BAblico-line-505_8-Brasilia-1702-850942-339297-0,-1.0,-15.6378,-47.84938,,,,,2023-06-17T19:34:25+00:00
BRA_118664,Brasília,5300108,,Piracicabana,067.3,https://moovitapp.com/index/pt-br/transporte_p%C3%BAblico-line-067_3-Brasilia-1702-850942-339294-0,-1.0,-15.67922,-47.65227,,,,,2023-06-17T19:34:25+00:00
BRA_118311,Brasília,5300108,,Piracicabana,0.151,https://moovitapp.com/index/pt-br/transporte_p%C3%BAblico-line-0_151-Brasilia-1702-850942-775087-0,-1.0,-15.78872,-47.90478,,,,,2023-06-17T19:34:26+00:00
BRA_119482,Brasília,5300108,,Piracicabana,505.5,https://moovitapp.com/index/pt-br/transporte_p%C3%BAblico-line-505_5-Brasilia-1702-850942-651521-0,-1.0,-15.64746,-47.76558,,,,,2023-06-17T19:34:26+00:00
BRA_120936,Brasília,5300108,,Piracicabana,136.6,https://moovitapp.com/index/pt-br/transporte_p%C3%BAblico-line-136_6-Brasilia-1702-850942-773700-0,-1.0,-15.81327,-47.90712,,,,,2023-06-17T19:34:26+00:00
BRA_120812,Brasília,5300108,,Piracicabana,0.150,https://moovitapp.com/index/pt-br/transporte_p%C3%BAblico-line-0_150-Brasilia-1702-850942-775086-0,-1.0,-15.79378,-47.88305,,,,1,2023-06-17T19:34:26+00:00
BRA_119806,Brasília,5300108,,Piracicabana,136.7,https://moovitapp.com/index/pt-br/transporte_p%C3%BAblico-line-136_7-Brasilia-1702-850942-242451-0,-1.0,-15.81852,-47.89205,,,,,2023-06-17T19:34:26+00:00
BRA_120278,Brasília,5300108,,Piracicabana,504.1,https://moovitapp.com/index/pt-br/transporte_p%C3%BAblico-line-504_1-Brasilia-1702-850942-242476-0,-1.0,-15.64749,-47.7705,,,,,2023-06-17T19:34:26+00:00
BRA_119211,Brasília,5300108,,Piracicabana,501.7,https://moovitapp.com/index/pt-br/transporte_p%C3%BAblico-line-501_7-Brasilia-1702-850942-519379-0,-1.0,-15.75307,-47.88778,,,,,2023-06-17T19:34:28+00:00
BRA_120375,Brasília,5300108,,Piracicabana,640.2,https://moovitapp.com/index/pt-br/transporte_p%C3%BAblico-line-640_2-Brasilia-1702-850942-697957-0,-1.0,-15.61853,-47.65434,,,,,2023-06-17T19:34:28+00:00
BRA_120804,Brasília,5300108,,Piracicabana,104.1,https://moovitapp.com/index/pt-br/transporte_p%C3%BAblico-line-104_1-Brasilia-1702-850942-242430-0,-1.0,-15.80546,-47.85437,,,,,2023-06-17T19:34:28+00:00
BRA_118176,Brasília,5300108,,Piracicabana,0.643,https://moovitapp.com/index/pt-br/transporte_p%C3%BAblico-line-0_643-Brasilia-1702-850942-585284-0,-1.0,-15.81973,-47.91602,,,,,2023-06-17T19:34:29+00:00
BRA_120677,Brasília,5300108,,Piracicabana,620.1,https://moovitapp.com/index/pt-br/transporte_p%C3%BAblico-line-620_1-Brasilia-1702-850942-697955-0,-1.0,-15.72868,-47.89514,,,,,2023-06-17T19:34:29+00:00
BRA_120596,Brasília,5300108,,Piracicabana,110.2,https://moovitapp.com/index/pt-br/transporte_p%C3%BAblico-line-110_2-Brasilia-1702-850942-339295-0,-1.0,-15.7937,-47.87967,,,,,2023-06-17T19:34:29+00:00
BRA_117871,Brasília,5300108,,Piracicabana,501.3,https://moovitapp.com/index/pt-br/transporte_p%C3%BAblico-line-501_3-Brasilia-1702-850942-242472-0,-1.0,-15.8295,-47.92974,,,,,2023-06-17T19:34:30+00:00
BRA_120162,Brasília,5300108,,Piracicabana,501.7,https://moovitapp.com/index/pt-br/transporte_p%C3%BAblico-line-501_7-Brasilia-1702-850942-519379-0,-1.0,-15.66251,-47.8056,,,,,2023-06-17T19:34:31+00:00
BRA_120961,Brasília,5300108,,Piracicabana,0.640,https://moovitapp.com/index/pt-br/transporte_p%C3%BAblico-line-0_640-Brasilia-1702-850942-242423-0,-1.0,-15.78705,-47.88796,,,,,2023-06-17T19:34:31+00:00
BRA_119750,Brasília,5300108,,Piracicabana,062.6,https://moovitapp.com/index/pt-br/transporte_p%C3%BAblico-line-062_6-Brasilia-1702-850942-339289-0,-1.0,-15.64798,-47.82722,,,,,2023-06-17T19:34:31+00:00
BRA_118931,Brasília,5300108,,Piracicabana,0.116,https://moovitapp.com/index/pt-br/transporte_p%C3%BAblico-line-0_116-Brasilia-1702-850942-242381-0,-1.0,-15.76638,-47.89,,,,,2023-06-17T19:34:32+00:00
BRA_120545,Brasília,5300108,,Piracicabana,066.2,https://moovitapp.com/index/pt-br/transporte_p%C3%BAblico-line-066_2-Brasilia-1702-850942-339293-0,-1.0,-15.61228,-47.68752,,,,1,2023-06-17T19:34:36+00:00
BRA_120774,Brasília,5300108,,Piracicabana,136.5,https://moovitapp.com/index/pt-br/transporte_p%C3%BAblico-line-136_5-Brasilia-1702-850942-516628-0,-1.0,-15.79463,-47.88215,,,,1,2023-06-17T19:34:41+00:00
