bus_id,city,city_code,adapted,agency,line_code,line_url,line_fare,latitude,longitude,bus_speed,is_eletric,bus_type,bus_direction,updated_at
BRA_340545,Brasília,5300108,,Urbi,0.373,https://moovitapp.com/index/pt-br/transporte_p%C3%BAblico-line-0_373-Brasilia-1702-851595-334072-0,-1.0,-15.8838,-48.14984,0.0,,,1,2023-06-17T08:01:42+00:00
BRA_339156,Brasília,5300108,,Urbi,0.882,https://moovitapp.com/index/pt-br/transporte_p%C3%BAblico-line-0_882-Brasilia-1702-851595-363858-0,-1.0,-15.94962,-48.03337,0.0,,,2,2023-06-17T08:01:53+00:00
BRA_336912,Brasília,5300108,,Urbi,084.1,https://moovitapp.com/index/pt-br/transporte_p%C3%BAblico-line-084_1-Brasilia-1702-851595-466292-0,-1.0,-15.8864,-48.0173,4.44,,,1,2023-06-17T08:02:20+00:00
BRA_339130,Brasília,5300108,,Urbi,0.809,https://moovitapp.com/index/pt-br/transporte_p%C3%BAblico-line-0_809-Brasilia-1702-851595-516630-0,-1.0,-15.92797,-48.10793,8.61,,,1,2023-06-17T08:02:21+00:00
BRA_336190,Brasília,5300108,,Urbi,0.394,https://moovitapp.com/index/pt-br/transporte_p%C3%BAblico-line-0_394-Brasilia-1702-851595-334076-0,-1.0,-15.87937,-48.09114,10.28,,,1,2023-06-17T08:02:23+00:00
BRA_335916,Brasília,5300108,,Taguatur,4702,https://moovitapp.com/index/pt-br/transporte_p%C3%BAblico-line-4702-Brasilia-1702-854428-21462336-0,-1.0,-15.80962,-48.1506,6.39,,,1,2023-06-17T08:02:24+00:00
BRA_335991,Brasília,5300108,,Urbi,396.3,https://moovitapp.com/index/pt-br/transporte_p%C3%BAblico-line-396_3-Brasilia-1702-851595-372378-0,-1.0,-15.88194,-48.05783,18.61,,,1,2023-06-17T08:02:24+00:00
BRA_340049,Brasília,5300108,,Urbi,0.053,https://moovitapp.com/index/pt-br/transporte_p%C3%BAblico-line-0_053-Brasilia-1702-851595-588803-0,-1.0,-15.89723,-48.12634,10.28,,,1,2023-06-17T08:02:24+00:00
BRA_338109,Brasília,5300108,,Urbi,0.809,https://moovitapp.com/index/pt-br/transporte_p%C3%BAblico-line-0_809-Brasilia-1702-851595-516630-0,-1.0,-15.90148,-48.05632,0.0,,,1,2023-06-17T08:02:24+00:00
BRA_338958,Brasília,5300108,,Urbi,0.817,https://moovitapp.com/index/pt-br/transporte_p%C3%BAblico-line-0_817-Brasilia-1702-851595-454966-0,-1.0,-15.83579,-48.08249,0.0,,,2,2023-06-17T08:02:25+00:00
BRA_340375,Brasília,5300108,,,4761,,,-15.89947,-48.12184,0.0,,,2,2023-06-17T08:02:25+00:00
BRA_340286,Brasília,5300108,,Urbi,0.054,https://moovitapp.com/index/pt-br/transporte_p%C3%BAblico-line-0_054-Brasilia-1702-851595-454960-0,-1.0,-15.90092,-48.12698,7.5,,,1,2023-06-17T08:02:27+00:00
BRA_336904,Brasília,5300108,,Urbi,0.087,https://moovitapp.com/index/pt-br/transporte_p%C3%BAblico-line-0_087-Brasilia-1702-851595-242519-0,-1.0,-15.94954,-48.03354,0.0,,,1,2023-06-17T08:02:27+00:00
BRA_339377,Brasília,5300108,,Urbi,0.340,https://moovitapp.com/index/pt-br/transporte_p%C3%BAblico-line-0_340-Brasilia-1702-851595-641378-0,-1.0,-15.89986,-48.12785,15.28,,,1,2023-06-17T08:02:29+00:00
BRA_335355,Brasília,5300108,,Urbi,391.3,https://moovitapp.com/index/pt-br/transporte_p%C3%BAblico-line-391_3-Brasilia-1702-851595-372373-0,-1.0,-15.88982,-48.14302,9.72,,,1,2023-06-17T08:02:29+00:00
BRA_336734,Brasília,5300108,,Urbi,0.830,https://moovitapp.com/index/pt-br/transporte_p%C3%BAblico-line-0_830-Brasilia-1702-851595-519384-0,-1.0,-15.83579,-48.08276,0.0,,,2,2023-06-17T08:02:34+00:00
BRA_340651,Brasília,5300108,,Taguatur,4720,https://moovitapp.com/index/pt-br/transporte_p%C3%BAblico-line-4720-Brasilia-1702-854428-755322-0,-1.0,-15.9053,-48.05278,10.28,,,1,2023-06-17T08:02:35+00:00
BRA_340081,Brasília,5300108,,,4790,,,-15.87523,-47.98309,20.83,,,1,2023-06-17T08:02:35+00:00
BRA_335754,Brasília,5300108,,Urbi,0.825,https://moovitapp.com/index/pt-br/transporte_p%C3%BAblico-line-0_825-Brasilia-1702-851595-334081-0,-1.0,-15.89433,-48.11241,4.17,,,1,2023-06-17T08:02:35+00:00
BRA_336921,Brasília,5300108,,Urbi,814.1,https://moovitapp.com/index/pt-br/transporte_p%C3%BAblico-line-814_1-Brasilia-1702-851595-492985-0,-1.0,-15.92347,-48.1043,4.17,,,1,2023-06-17T08:02:36+00:00
BRA_338273,Brasília,5300108,,Urbi,874.4,https://moovitapp.com/index/pt-br/transporte_p%C3%BAblico-line-874_4-Brasilia-1702-851595-775106-0,-1.0,-15.91432,-48.06313,9.17,,,1,2023-06-17T08:02:37+00:00
BRA_336939,Brasília,5300108,,Urbi,0.810,https://moovitapp.com/index/pt-br/transporte_p%C3%BAblico-line-0_810-Brasilia-1702-851595-363856-0,-1.0,-15.90949,-48.08799,3.89,,,1,2023-06-17T08:02:38+00:00
BRA_336815,Brasília,5300108,,Urbi,0.813,https://moovitapp.com/index/pt-br/transporte_p%C3%BAblico-line-0_813-Brasilia-1702-851595-651523-0,-1.0,-15.90383,-48.07135,13.06,,,1,2023-06-17T08:02:38+00:00
BRA_338443,Brasília,5300108,,,4800,,,-15.92097,-48.10816,0.0,,,1,2023-06-17T08:02:38+00:00
BRA_339253,Brasília,5300108,,,4710 ,,,-15.83243,-48.06058,0.0,,,2,2023-06-17T08:02:39+00:00
BRA_445274,Brasília,5300108,,Marechal,0.336,https://moovitapp.com/index/pt-br/transporte_p%C3%BAblico-line-0_336-Brasilia-1702-851940-347142-0,-1.0,-15.839317,-48.12939,0.0,,,2,2023-06-17T08:01:21+00:00
BRA_442712,Brasília,5300108,,,ESPP1,,,-15.898303,-48.120913,28.0,,,2,2023-06-17T08:01:47+00:00
BRA_442623,Brasília,5300108,,Urbi,0.050,https://moovitapp.com/index/pt-br/transporte_p%C3%BAblico-line-0_050-Brasilia-1702-851595-781325-0,-1.0,-15.839853,-48.129973,0.0,,,2,2023-06-17T08:01:21+00:00
BRA_444715,Brasília,5300108,,Marechal,0.089,https://moovitapp.com/index/pt-br/transporte_p%C3%BAblico-line-0_089-Brasilia-1702-851940-706977-0,-1.0,-15.839057,-48.127477,14.0,,,2,2023-06-17T08:01:26+00:00
BRA_440957,Brasília,5300108,,Marechal,376.1,https://moovitapp.com/index/pt-br/transporte_p%C3%BAblico-line-376_1-Brasilia-1702-851940-242798-0,-1.0,-15.86543,-48.037997,31.0,,,2,2023-06-17T08:01:42+00:00
BRA_440191,Brasília,5300108,,,ESPSI,,,-15.89648,-48.055237,51.0,,,2,2023-06-17T08:01:32+00:00
BRA_441244,Brasília,5300108,,,ESPP4,,,-15.81302,-48.098377,46.0,,,2,2023-06-17T08:01:47+00:00
BRA_444014,Brasília,5300108,,Marechal,0.933,https://moovitapp.com/index/pt-br/transporte_p%C3%BAblico-line-0_933-Brasilia-1702-851940-463647-0,-1.0,-15.835803,-48.08259,0.0,,,2,2023-06-17T08:01:16+00:00
BRA_444821,Brasília,5300108,,Marechal,0.383,https://moovitapp.com/index/pt-br/transporte_p%C3%BAblico-line-0_383-Brasilia-1702-851940-347151-0,-1.0,-15.84812,-48.120887,0.0,,,2,2023-06-17T08:01:32+00:00
BRA_442488,Brasília,5300108,,,ESPPS,,,-15.81025,-48.089787,34.0,,,2,2023-06-17T08:01:37+00:00
BRA_441341,Brasília,5300108,,,ESPFA,,,-15.88937,-48.053063,30.0,,,2,2023-06-17T08:01:47+00:00
BRA_228800,Brasília,5300108,,Pioneira,2307,https://moovitapp.com/index/pt-br/transporte_p%C3%BAblico-line-2307-Brasilia-1702-851941-18556638-0,-1.0,-16.002073,-47.9858,,,,1,2023-06-17T08:02:10+00:00
BRA_229229,Brasília,5300108,,Pioneira,0.253,https://moovitapp.com/index/pt-br/transporte_p%C3%BAblico-line-0_253-Brasilia-1702-851941-510254-0,-1.0,-16.019258,-48.021152,,,,1,2023-06-17T08:01:48+00:00
BRA_223930,Brasília,5300108,,Pioneira,2307,https://moovitapp.com/index/pt-br/transporte_p%C3%BAblico-line-2307-Brasilia-1702-851941-18556638-0,-1.0,-15.953064,-47.994345,,,,1,2023-06-14T10:16:34+00:00
BRA_227901,Brasília,5300108,,Pioneira,250.3,https://moovitapp.com/index/pt-br/transporte_p%C3%BAblico-line-250_3-Brasilia-1702-851941-775127-0,-1.0,-15.827085,-47.916074,,,,1,2023-06-17T07:48:38+00:00
BRA_229768,Brasília,5300108,,Pioneira,0.185,https://moovitapp.com/index/pt-br/transporte_p%C3%BAblico-line-0_185-Brasilia-1702-851941-691096-0,-1.0,-15.84729,-47.874322,,,,2,2023-06-17T08:01:32+00:00
BRA_231321,Brasília,5300108,,Taguatur,3304,https://moovitapp.com/index/pt-br/transporte_p%C3%BAblico-line-3304-Brasilia-1702-854428-21462346-0,-1.0,-15.998465,-47.988204,,,,1,2023-06-17T08:02:40+00:00
BRA_228265,Brasília,5300108,,Taguatur,3305,https://moovitapp.com/index/pt-br/transporte_p%C3%BAblico-line-3305-Brasilia-1702-854428-77810673-0,-1.0,-16.03782,-48.056655,,,,1,2023-06-17T08:02:42+00:00
BRA_230111,Brasília,5300108,,Pioneira,3311,https://moovitapp.com/index/pt-br/transporte_p%C3%BAblico-line-3311-Brasilia-1702-851941-1095689-0,-1.0,-16.017249,-48.018005,,,,1,2023-06-17T08:02:12+00:00
BRA_232297,Brasília,5300108,,Pioneira,3312,https://moovitapp.com/index/pt-br/transporte_p%C3%BAblico-line-3312-Brasilia-1702-851941-616181-0,-1.0,-16.023171,-48.032012,,,,1,2023-06-17T08:02:40+00:00
BRA_225941,Brasília,5300108,,Taguatur,2301,https://moovitapp.com/index/pt-br/transporte_p%C3%BAblico-line-2301-Brasilia-1702-854428-81537943-0,-1.0,-15.998241,-47.985031,,,,1,2023-06-17T08:02:00+00:00
BRA_228303,Brasília,5300108,,,3206,,,-16.037374,-48.056629,,,,1,2023-06-17T08:01:40+00:00
BRA_232432,Brasília,5300108,,Pioneira,3310,https://moovitapp.com/index/pt-br/transporte_p%C3%BAblico-line-3310-Brasilia-1702-851941-616180-0,-1.0,-16.011918,-47.994333,,,,1,2023-06-17T08:02:12+00:00
BRA_232254,Brasília,5300108,,Pioneira,3310,https://moovitapp.com/index/pt-br/transporte_p%C3%BAblico-line-3310-Brasilia-1702-851941-616180-0,-1.0,-16.023705,-48.032412,,,,1,2023-06-17T08:02:00+00:00
BRA_229024,Brasília,5300108,,Pioneira,3312,https://moovitapp.com/index/pt-br/transporte_p%C3%BAblico-line-3312-Brasilia-1702-851941-616181-0,-1.0,-16.022961,-48.031757,,,,1,2023-06-17T07:59:44+00:00
BRA_230014,Brasília,5300108,,,3204,,,-16.0212,-48.069065,,,,1,2023-06-17T08:03:20+00:00
BRA_232475,Brasília,5300108,,Pioneira,3312,https://moovitapp.com/index/pt-br/transporte_p%C3%BAblico-line-3312-Brasilia-1702-851941-616181-0,-1.0,-16.002041,-47.985934,,,,1,2023-06-17T08:01:56+00:00
BRA_225720,Brasília,5300108,,Pioneira,764.2,https://moovitapp.com/index/pt-br/transporte_p%C3%BAblico-line-764_2-Brasilia-1702-851941-527246-0,-1.0,-15.75611,-47.772012,,,,1,2023-06-17T08:01:30+00:00
BRA_231631,Brasília,5300108,,Pioneira,0.762,https://moovitapp.com/index/pt-br/transporte_p%C3%BAblico-line-0_762-Brasilia-1702-851941-576189-0,-1.0,-15.736016,-47.765285,,,,1,2023-06-15T08:20:24+00:00
BRA_232203,Brasília,5300108,,Pioneira,3311,https://moovitapp.com/index/pt-br/transporte_p%C3%BAblico-line-3311-Brasilia-1702-851941-1095689-0,-1.0,-16.043208,-48.034084,,,,1,2023-06-17T08:02:02+00:00
BRA_228281,Brasília,5300108,,,3202,,,-16.038109,-48.057748,,,,1,2023-06-17T08:02:22+00:00
BRA_230049,Brasília,5300108,,Taguatur,3305,https://moovitapp.com/index/pt-br/transporte_p%C3%BAblico-line-3305-Brasilia-1702-854428-77810673-0,-1.0,-16.04084,-47.979716,,,,1,2023-06-17T08:01:40+00:00
BRA_226947,Brasília,5300108,,Pioneira,0.773,https://moovitapp.com/index/pt-br/transporte_p%C3%BAblico-line-0_773-Brasilia-1702-851941-242887-0,-1.0,-15.705547,-47.75819,,,,2,2023-06-17T08:03:26+00:00
BRA_228192,Brasília,5300108,,,3206,,,-16.037359,-48.056292,,,,1,2023-06-17T08:02:18+00:00
BRA_230065,Brasília,5300108,,Pioneira,3311,https://moovitapp.com/index/pt-br/transporte_p%C3%BAblico-line-3311-Brasilia-1702-851941-1095689-0,-1.0,-16.041154,-48.034262,,,,1,2023-06-17T08:02:24+00:00
BRA_226025,Brasília,5300108,,UTB,2302,https://moovitapp.com/index/pt-br/transporte_p%C3%BAblico-line-2302-Brasilia-1702-854427-744298-0,-1.0,-15.998837,-47.984929,,,,1,2023-06-17T08:02:42+00:00
BRA_228885,Brasília,5300108,,Pioneira,2307,https://moovitapp.com/index/pt-br/transporte_p%C3%BAblico-line-2307-Brasilia-1702-851941-18556638-0,-1.0,-16.022999,-48.031471,,,,1,2023-06-17T08:01:54+00:00
BRA_226831,Brasília,5300108,,Pioneira,0.510,https://moovitapp.com/index/pt-br/transporte_p%C3%BAblico-line-0_510-Brasilia-1702-851941-16483906-0,-1.0,-15.76021,-47.780773,,,,1,2023-06-15T13:15:44+00:00
BRA_227480,Brasília,5300108,,,3201,,,-15.998349,-48.058562,,,,1,2023-06-15T21:20:48+00:00
BRA_225665,Brasília,5300108,,,2201,,,-15.981035,-48.037212,,,,1,2023-06-17T08:03:04+00:00
BRA_231827,Brasília,5300108,,Pioneira,180.1,https://moovitapp.com/index/pt-br/transporte_p%C3%BAblico-line-180_1-Brasilia-1702-851941-339336-0,-1.0,-15.913385,-47.757917,,,,1,2023-06-17T08:02:08+00:00
BRA_231789,Brasília,5300108,,Pioneira,0.764,https://moovitapp.com/index/pt-br/transporte_p%C3%BAblico-line-0_764-Brasilia-1702-851941-516641-0,-1.0,-15.752454,-47.780226,,,,2,2023-06-16T21:57:20+00:00
BRA_225681,Brasília,5300108,,Pioneira,764.2,https://moovitapp.com/index/pt-br/transporte_p%C3%BAblico-line-764_2-Brasilia-1702-851941-527246-0,-1.0,-15.760579,-47.781193,,,,1,2023-06-17T08:02:28+00:00
BRA_231606,Brasília,5300108,,Pioneira,0.765,https://moovitapp.com/index/pt-br/transporte_p%C3%BAblico-line-0_765-Brasilia-1702-851941-576190-0,-1.0,-15.7361,-47.764338,,,,1,2023-06-17T08:01:44+00:00
BRA_227447,Brasília,5300108,,Pioneira,2206,https://moovitapp.com/index/pt-br/transporte_p%C3%BAblico-line-2206-Brasilia-1702-851941-18556637-0,-1.0,-16.0057,-48.056693,,,,1,2023-06-17T08:02:46+00:00
BRA_227391,Brasília,5300108,,Pioneira,170.6,https://moovitapp.com/index/pt-br/transporte_p%C3%BAblico-line-170_6-Brasilia-1702-851941-83224061-0,-1.0,-15.935569,-47.811799,,,,1,2023-06-17T08:01:36+00:00
BRA_228435,Brasília,5300108,,Taguatur,3305,https://moovitapp.com/index/pt-br/transporte_p%C3%BAblico-line-3305-Brasilia-1702-854428-77810673-0,-1.0,-16.006727,-48.057456,,,,1,2023-06-17T08:02:56+00:00
BRA_228079,Brasília,5300108,,,3201,,,-16.026849,-48.066668,,,,1,2023-06-17T08:02:38+00:00
BRA_229610,Brasília,5300108,,,3204,,,-15.991646,-48.049095,,,,1,2023-06-17T08:02:14+00:00
BRA_226238,Brasília,5300108,,UTB,2302,https://moovitapp.com/index/pt-br/transporte_p%C3%BAblico-line-2302-Brasilia-1702-854427-744298-0,-1.0,-16.022265,-48.025667,,,,1,2023-06-17T08:02:42+00:00
BRA_228311,Brasília,5300108,,Pioneira,0.224,https://moovitapp.com/index/pt-br/transporte_p%C3%BAblico-line-0_224-Brasilia-1702-851941-527243-0,-1.0,-15.919088,-47.973021,,,,2,2023-06-17T08:02:46+00:00
BRA_227790,Brasília,5300108,,,3207,,,-15.99168,-48.049292,,,,1,2023-06-17T08:00:50+00:00
BRA_228052,Brasília,5300108,,,3201,,,-16.026375,-48.06717,,,,1,2023-06-17T08:02:16+00:00
BRA_228206,Brasília,5300108,,,3207,,,-16.014935,-48.072168,,,,1,2023-06-17T08:02:28+00:00
BRA_232181,Brasília,5300108,,,3206,,,-16.006638,-48.058104,,,,1,2023-06-17T08:02:28+00:00
BRA_231401,Brasília,5300108,,Pioneira,183.8,https://moovitapp.com/index/pt-br/transporte_p%C3%BAblico-line-183_8-Brasilia-1702-851941-719958-0,-1.0,-15.913356,-47.759233,,,,1,2023-06-17T08:02:04+00:00
BRA_225525,Brasília,5300108,,UTB,2302,https://moovitapp.com/index/pt-br/transporte_p%C3%BAblico-line-2302-Brasilia-1702-854427-744298-0,-1.0,-16.017258,-48.018171,,,,1,2023-06-17T08:02:20+00:00
BRA_225541,Brasília,5300108,,Taguatur,2301,https://moovitapp.com/index/pt-br/transporte_p%C3%BAblico-line-2301-Brasilia-1702-854428-81537943-0,-1.0,-16.024967,-48.031134,,,,1,2023-06-17T08:02:36+00:00
BRA_228478,Brasília,5300108,,,3202,,,-15.991011,-48.048428,,,,1,2023-06-17T08:02:00+00:00
BRA_227617,Brasília,5300108,,,3202,,,-16.037861,-48.05654,,,,1,2023-06-17T08:02:24+00:00
BRA_231894,Brasília,5300108,,Pioneira,180.1,https://moovitapp.com/index/pt-br/transporte_p%C3%BAblico-line-180_1-Brasilia-1702-851941-339336-0,-1.0,-15.91327,-47.7573,,,,1,2023-06-17T08:01:56+00:00
BRA_232131,Brasília,5300108,,Pioneira,205.1,https://moovitapp.com/index/pt-br/transporte_p%C3%BAblico-line-205_1-Brasilia-1702-851941-393571-0,-1.0,-15.895381,-48.055828,,,,1,2023-06-17T08:01:46+00:00
BRA_228354,Brasília,5300108,,Pioneira,3313,https://moovitapp.com/index/pt-br/transporte_p%C3%BAblico-line-3313-Brasilia-1702-851941-616182-0,-1.0,-16.002165,-47.986061,,,,1,2023-06-17T08:03:18+00:00
BRA_227315,Brasília,5300108,,,3206,,,-16.026805,-48.074062,,,,1,2023-06-17T08:01:52+00:00
BRA_231576,Brasília,5300108,,Pioneira,124.6,https://moovitapp.com/index/pt-br/transporte_p%C3%BAblico-line-124_6-Brasilia-1702-851941-425282-0,-1.0,-15.753074,-47.764167,,,,1,2023-06-17T08:02:28+00:00
BRA_227226,Brasília,5300108,,Pioneira,170.4,https://moovitapp.com/index/pt-br/transporte_p%C3%BAblico-line-170_4-Brasilia-1702-851941-379787-0,-1.0,-15.912976,-47.757491,,,,1,2023-06-17T08:01:36+00:00
BRA_228575,Brasília,5300108,,Pioneira,0.255,https://moovitapp.com/index/pt-br/transporte_p%C3%BAblico-line-0_255-Brasilia-1702-851941-706978-0,-1.0,-16.015341,-48.015106,,,,1,2023-06-14T10:14:20+00:00
BRA_223930,Brasília,5300108,,Pioneira,2306,https://moovitapp.com/index/pt-br/transporte_p%C3%BAblico-line-2306-Brasilia-1702-851941-18556641-0,-1.0,-15.795288,-47.883077,,,,1,2023-06-16T20:31:08+00:00
BRA_223930,Brasília,5300108,,Pioneira,2207,https://moovitapp.com/index/pt-br/transporte_p%C3%BAblico-line-2207-Brasilia-1702-851941-422078-0,-1.0,-15.763694,-47.890859,,,,1,2023-06-14T12:55:10+00:00
BRA_229504,Brasília,5300108,,Pioneira,0.780,https://moovitapp.com/index/pt-br/transporte_p%C3%BAblico-line-0_780-Brasilia-1702-851941-514537-0,-1.0,-15.796309,-47.87855,,,,2,2023-06-14T19:24:22+00:00
BRA_226831,Brasília,5300108,,Urbi,0.129,https://moovitapp.com/index/pt-br/transporte_p%C3%BAblico-line-0_129-Brasilia-1702-851595-775097-0,-1.0,-15.871798,-47.958017,,,,1,2023-06-15T19:41:04+00:00
BRA_229008,Brasília,5300108,,Pioneira,251.8,https://moovitapp.com/index/pt-br/transporte_p%C3%BAblico-line-251_8-Brasilia-1702-851941-708654-0,-1.0,-16.023349,-48.053813,,,,1,2023-06-17T01:28:22+00:00
BRA_232092,Brasília,5300108,,Pioneira,181.2,https://moovitapp.com/index/pt-br/transporte_p%C3%BAblico-line-181_2-Brasilia-1702-851941-339338-0,-1.0,-15.830282,-47.877031,,,,1,2023-06-16T22:12:22+00:00
BRA_226254,Brasília,5300108,,,2202,,,-15.991718,-48.048923,,,,1,2023-06-17T08:01:54+00:00
BRA_223751,Brasília,5300108,,Pioneira,2307,https://moovitapp.com/index/pt-br/transporte_p%C3%BAblico-line-2307-Brasilia-1702-851941-18556638-0,-1.0,-16.002365,-47.985972,,,,1,2023-06-17T08:02:12+00:00
BRA_228087,Brasília,5300108,,Pioneira,2306,https://moovitapp.com/index/pt-br/transporte_p%C3%BAblico-line-2306-Brasilia-1702-851941-18556641-0,-1.0,-15.995245,-47.985654,,,,1,2023-06-17T08:03:00+00:00
BRA_230006,Brasília,5300108,,,3204,,,-16.007369,-48.05359,,,,1,2023-06-17T08:02:30+00:00
BRA_232271,Brasília,5300108,,Pioneira,205.1,https://moovitapp.com/index/pt-br/transporte_p%C3%BAblico-line-205_1-Brasilia-1702-851941-393571-0,-1.0,-16.034199,-48.058905,,,,1,2023-06-17T08:03:06+00:00
BRA_226700,Brasília,5300108,,Pioneira,163.1,https://moovitapp.com/index/pt-br/transporte_p%C3%BAblico-line-163_1-Brasilia-1702-851941-242911-0,-1.0,-15.8448,-47.94106,,,,2,2023-06-16T00:12:20+00:00
BRA_229504,Brasília,5300108,,Pioneira,0.780,https://moovitapp.com/index/pt-br/transporte_p%C3%BAblico-line-0_780-Brasilia-1702-851941-514537-0,-1.0,-15.752327,-47.763899,,,,1,2023-06-15T20:32:26+00:00
BRA_228354,Brasília,5300108,,Pioneira,0.253,https://moovitapp.com/index/pt-br/transporte_p%C3%BAblico-line-0_253-Brasilia-1702-851941-510254-0,-1.0,-16.044734,-48.029316,,,,1,2023-06-16T21:49:36+00:00
BRA_229580,Brasília,5300108,,,3206,,,-15.992179,-48.04975,,,,1,2023-06-17T08:02:38+00:00
BRA_227277,Brasília,5300108,,Pioneira,0.186,https://moovitapp.com/index/pt-br/transporte_p%C3%BAblico-line-0_186-Brasilia-1702-851941-546209-0,-1.0,-15.849937,-47.87553,,,,1,2023-06-17T08:01:30+00:00
BRA_229695,Brasília,5300108,,Urbi,0.129,https://moovitapp.com/index/pt-br/transporte_p%C3%BAblico-line-0_129-Brasilia-1702-851595-775097-0,-1.0,-15.751667,-47.77912,,,,1,2023-06-16T21:48:42+00:00
BRA_226289,Brasília,5300108,,UTB,2303,https://moovitapp.com/index/pt-br/transporte_p%C3%BAblico-line-2303-Brasilia-1702-854427-744299-0,-1.0,-16.010608,-48.008888,,,,1,2023-06-17T08:02:18+00:00
BRA_231975,Brasília,5300108,,Pioneira,197.3,https://moovitapp.com/index/pt-br/transporte_p%C3%BAblico-line-197_3-Brasilia-1702-851941-519409-0,-1.0,-15.913337,-47.756982,,,,1,2023-06-17T08:02:08+00:00
BRA_226785,Brasília,5300108,,Urbi,0.129,https://moovitapp.com/index/pt-br/transporte_p%C3%BAblico-line-0_129-Brasilia-1702-851595-775097-0,-1.0,-15.857808,-47.922941,,,,2,2023-06-15T10:14:04+00:00
BRA_232505,Brasília,5300108,,Pioneira,3307,https://moovitapp.com/index/pt-br/transporte_p%C3%BAblico-line-3307-Brasilia-1702-851941-519400-0,-1.0,-16.007601,-47.986443,,,,1,2023-06-17T08:02:30+00:00
BRA_226912,Brasília,5300108,,Pioneira,0.759,https://moovitapp.com/index/pt-br/transporte_p%C3%BAblico-line-0_759-Brasilia-1702-851941-775121-0,-1.0,-15.764249,-47.890687,,,,2,2023-06-16T20:31:02+00:00
BRA_226815,Brasília,5300108,,Pioneira,0.126,https://moovitapp.com/index/pt-br/transporte_p%C3%BAblico-line-0_126-Brasilia-1702-851941-7879579-0,-1.0,-15.913196,-47.758495,,,,1,2023-06-17T08:02:06+00:00
BRA_228290,Brasília,5300108,,,3207,,,-16.009108,-48.071322,,,,1,2023-06-17T08:02:42+00:00
BRA_230146,Brasília,5300108,,Taguatur,3303,https://moovitapp.com/index/pt-br/transporte_p%C3%BAblico-line-3303-Brasilia-1702-854428-2224148-0,-1.0,-15.905007,-48.053775,,,,1,2023-06-17T08:02:18+00:00
BRA_230090,Brasília,5300108,,Pioneira,3311,https://moovitapp.com/index/pt-br/transporte_p%C3%BAblico-line-3311-Brasilia-1702-851941-1095689-0,-1.0,-16.00445,-47.992298,,,,1,2023-06-17T08:02:32+00:00
BRA_228524,Brasília,5300108,,Pioneira,3311,https://moovitapp.com/index/pt-br/transporte_p%C3%BAblico-line-3311-Brasilia-1702-851941-1095689-0,-1.0,-16.048771,-48.029341,,,,1,2023-06-17T08:02:36+00:00
BRA_229695,Brasília,5300108,,Pioneira,124.6,https://moovitapp.com/index/pt-br/transporte_p%C3%BAblico-line-124_6-Brasilia-1702-851941-425282-0,-1.0,-15.746581,-47.761363,,,,1,2023-06-17T08:02:44+00:00
BRA_231771,Brasília,5300108,,Pioneira,510.1,https://moovitapp.com/index/pt-br/transporte_p%C3%BAblico-line-510_1-Brasilia-1702-851941-770035-0,-1.0,-15.764125,-47.780226,,,,1,2023-06-17T08:02:08+00:00
BRA_225576,Brasília,5300108,,Taguatur,2301,https://moovitapp.com/index/pt-br/transporte_p%C3%BAblico-line-2301-Brasilia-1702-854428-81537943-0,-1.0,-16.001748,-47.98601,,,,1,2023-06-17T08:03:24+00:00
BRA_79189,Brasília,5300108,,Urbi,0.808,https://moovitapp.com/index/pt-br/transporte_p%C3%BAblico-line-0_808-Brasilia-1702-851595-372359-0,-1.0,-15.817871,-48.105133,,,,1,2023-06-14T22:31:20+00:00
BRA_77283,Brasília,5300108,,Urbi,0.873,https://moovitapp.com/index/pt-br/transporte_p%C3%BAblico-line-0_873-Brasilia-1702-851595-510238-0,-1.0,-15.922244,-48.107307,,,,1,2023-06-17T08:02:32+00:00
BRA_78093,Brasília,5300108,,São José,0.331,https://moovitapp.com/index/pt-br/transporte_p%C3%BAblico-line-0_331-Brasilia-1702-851943-775133-0,-1.0,-15.803383,-48.069351,,,,2,2023-06-16T18:00:52+00:00
BRA_75841,Brasília,5300108,,São José,0.350,https://moovitapp.com/index/pt-br/transporte_p%C3%BAblico-line-0_350-Brasilia-1702-851943-376176-0,-1.0,-15.808028,-48.157032,,,,1,2023-06-17T08:02:12+00:00
BRA_78603,Brasília,5300108,,São José,0.343,https://moovitapp.com/index/pt-br/transporte_p%C3%BAblico-line-0_343-Brasilia-1702-851943-706996-0,-1.0,-15.788096,-48.133826,,,,1,2023-06-17T08:01:50+00:00
BRA_711004,Brasília,5300108,,São José,0.411,https://moovitapp.com/index/pt-br/transporte_p%C3%BAblico-line-0_411-Brasilia-1702-851943-788977-0,-1.0,-15.680539,-48.188503,,,,1,2023-06-17T00:20:44+00:00
BRA_78514,Brasília,5300108,,São José,0.949,https://moovitapp.com/index/pt-br/transporte_p%C3%BAblico-line-0_949-Brasilia-1702-851943-707026-0,-1.0,-15.788582,-48.134315,,,,1,2023-06-17T08:02:34+00:00
BRA_79049,Brasília,5300108,,São José,0.926,https://moovitapp.com/index/pt-br/transporte_p%C3%BAblico-line-0_926-Brasilia-1702-851943-775154-0,-1.0,-15.823515,-48.114581,,,,1,2023-06-15T11:23:02+00:00
BRA_500143,Brasília,5300108,,São José,413.2,https://moovitapp.com/index/pt-br/transporte_p%C3%BAblico-line-413_2-Brasilia-1702-851943-775173-0,-1.0,-15.68083,-48.189273,,,,1,2023-06-16T22:30:00+00:00
BRA_79707,Brasília,5300108,,São José,359.2,https://moovitapp.com/index/pt-br/transporte_p%C3%BAblico-line-359_2-Brasilia-1702-851943-2068453-0,-1.0,-15.799522,-48.120907,,,,1,2023-06-17T08:01:58+00:00
BRA_711225,Brasília,5300108,,São José,0.159,https://moovitapp.com/index/pt-br/transporte_p%C3%BAblico-line-0_159-Brasilia-1702-851943-375523-0,-1.0,-15.82111,-47.954952,,,,1,2023-06-17T08:02:22+00:00
BRA_500020,Brasília,5300108,,São José,0.401,https://moovitapp.com/index/pt-br/transporte_p%C3%BAblico-line-0_401-Brasilia-1702-851943-788976-0,-1.0,-15.791888,-47.894407,,,,1,2023-06-16T13:22:40+00:00
BRA_77852,Brasília,5300108,,São José,963.1,https://moovitapp.com/index/pt-br/transporte_p%C3%BAblico-line-963_1-Brasilia-1702-851943-669629-0,-1.0,-15.797393,-48.1765,,,,1,2023-06-17T08:02:00+00:00
BRA_120481,Brasília,5300108,,Piracicabana,600.2,https://moovitapp.com/index/pt-br/transporte_p%C3%BAblico-line-600_2-Brasilia-1702-850942-242486-0,-1.0,-15.61868,-47.65432,,,,1,2023-06-17T07:47:46+00:00
BRA_119229,Brasília,5300108,,Piracicabana,519.2,https://moovitapp.com/index/pt-br/transporte_p%C3%BAblico-line-519_2-Brasilia-1702-850942-242483-0,-1.0,-15.62061,-47.85046,,,,,2023-06-17T07:58:51+00:00
BRA_118320,Brasília,5300108,,Piracicabana,158.1,https://moovitapp.com/index/pt-br/transporte_p%C3%BAblico-line-158_1-Brasilia-1702-850942-775094-0,-1.0,-15.81069,-47.94104,,,,,2023-06-17T08:01:00+00:00
BRA_120430,Brasília,5300108,,Piracicabana,0.620,https://moovitapp.com/index/pt-br/transporte_p%C3%BAblico-line-0_620-Brasilia-1702-850942-470748-0,-1.0,-15.64327,-47.75944,,,,,2023-06-17T08:01:27+00:00
BRA_119709,Brasília,5300108,,Piracicabana,601.2,https://moovitapp.com/index/pt-br/transporte_p%C3%BAblico-line-601_2-Brasilia-1702-850942-322378-0,-1.0,-15.62177,-47.65542,,,,,2023-06-17T08:01:52+00:00
BRA_117048,Brasília,5300108,,Piracicabana,031.1,https://moovitapp.com/index/pt-br/transporte_p%C3%BAblico-line-031_1-Brasilia-1702-850942-94015936-0,-1.0,-15.81377,-47.89782,,,,,2023-06-17T08:01:53+00:00
BRA_121096,Brasília,5300108,,Piracicabana,616.2,https://moovitapp.com/index/pt-br/transporte_p%C3%BAblico-line-616_2-Brasilia-1702-850942-470754-0,-1.0,-15.64808,-47.659,,,,,2023-06-17T08:01:54+00:00
BRA_120227,Brasília,5300108,,Piracicabana,0.600,https://moovitapp.com/index/pt-br/transporte_p%C3%BAblico-line-0_600-Brasilia-1702-850942-242410-0,-1.0,-15.6024,-47.65417,,,,,2023-06-17T08:01:55+00:00
BRA_120839,Brasília,5300108,,Piracicabana,099.1,https://moovitapp.com/index/pt-br/transporte_p%C3%BAblico-line-099_1-Brasilia-1702-850942-775090-0,-1.0,-15.80163,-47.94131,,,,,2023-06-17T08:01:57+00:00
BRA_118371,Brasília,5300108,,Piracicabana,643.1,https://moovitapp.com/index/pt-br/transporte_p%C3%BAblico-line-643_1-Brasilia-1702-850942-772850-0,-1.0,-15.61628,-47.70842,,,,,2023-06-17T08:02:00+00:00
BRA_118648,Brasília,5300108,,Piracicabana,616.3,https://moovitapp.com/index/pt-br/transporte_p%C3%BAblico-line-616_3-Brasilia-1702-850942-242500-0,-1.0,-15.63814,-47.65126,,,,,2023-06-17T08:02:01+00:00
BRA_120316,Brasília,5300108,,Piracicabana,630.1,https://moovitapp.com/index/pt-br/transporte_p%C3%BAblico-line-630_1-Brasilia-1702-850942-476290-0,-1.0,-15.61844,-47.65424,,,,,2023-06-17T08:02:05+00:00
BRA_120677,Brasília,5300108,,Piracicabana,0.620,https://moovitapp.com/index/pt-br/transporte_p%C3%BAblico-line-0_620-Brasilia-1702-850942-470748-0,-1.0,-15.61859,-47.65465,,,,1,2023-06-17T08:02:08+00:00
BRA_120685,Brasília,5300108,,Piracicabana,0.641,https://moovitapp.com/index/pt-br/transporte_p%C3%BAblico-line-0_641-Brasilia-1702-850942-242424-0,-1.0,-15.61428,-47.63137,,,,,2023-06-17T08:02:15+00:00
BRA_121118,Brasília,5300108,,Piracicabana,0.617,https://moovitapp.com/index/pt-br/transporte_p%C3%BAblico-line-0_617-Brasilia-1702-850942-242417-0,-1.0,-15.6477,-47.76904,,,,,2023-06-17T08:02:17+00:00
BRA_120596,Brasília,5300108,,Piracicabana,643.1,https://moovitapp.com/index/pt-br/transporte_p%C3%BAblico-line-643_1-Brasilia-1702-850942-772850-0,-1.0,-15.63951,-47.64382,,,,,2023-06-17T08:02:19+00:00
BRA_119512,Brasília,5300108,,Piracicabana,0.509,https://moovitapp.com/index/pt-br/transporte_p%C3%BAblico-line-0_509-Brasilia-1702-850942-242397-0,-1.0,-15.64687,-47.77827,,,,,2023-06-17T08:02:20+00:00
BRA_119661,Brasília,5300108,,Piracicabana,0.520,https://moovitapp.com/index/pt-br/transporte_p%C3%BAblico-line-0_520-Brasilia-1702-850942-474393-0,-1.0,-15.71587,-47.89859,,,,,2023-06-17T08:02:21+00:00
BRA_120421,Brasília,5300108,,Piracicabana,0.620,https://moovitapp.com/index/pt-br/transporte_p%C3%BAblico-line-0_620-Brasilia-1702-850942-470748-0,-1.0,-15.62904,-47.65113,,,,,2023-06-17T08:02:23+00:00
BRA_117226,Brasília,5300108,,Piracicabana,610.3,https://moovitapp.com/index/pt-br/transporte_p%C3%BAblico-line-610_3-Brasilia-1702-850942-138552889-0,-1.0,-15.64592,-47.65047,,,,,2023-06-17T08:02:36+00:00
BRA_119172,Brasília,5300108,,Piracicabana,0.517,https://moovitapp.com/index/pt-br/transporte_p%C3%BAblico-line-0_517-Brasilia-1702-850942-242400-0,-1.0,-15.64316,-47.81524,,,,,2023-06-17T08:02:39+00:00
BRA_120961,Brasília,5300108,,Piracicabana,630.2,https://moovitapp.com/index/pt-br/transporte_p%C3%BAblico-line-630_2-Brasilia-1702-850942-476291-0,-1.0,-15.63266,-47.65612,,,,,2023-06-17T08:02:39+00:00
BRA_118044,Brasília,5300108,,Piracicabana,0.631,https://moovitapp.com/index/pt-br/transporte_p%C3%BAblico-line-0_631-Brasilia-1702-850942-546206-0,-1.0,-15.65515,-47.78394,,,,,2023-06-17T08:02:39+00:00
BRA_119725,Brasília,5300108,,Piracicabana,0.620,https://moovitapp.com/index/pt-br/transporte_p%C3%BAblico-line-0_620-Brasilia-1702-850942-470748-0,-1.0,-15.68396,-47.84578,,,,,2023-06-17T08:02:41+00:00
BRA_119393,Brasília,5300108,,Piracicabana,501.3,https://moovitapp.com/index/pt-br/transporte_p%C3%BAblico-line-501_3-Brasilia-1702-850942-242472-0,-1.0,-15.64278,-47.81648,,,,,2023-06-17T08:02:41+00:00
BRA_120286,Brasília,5300108,,Piracicabana,0.617,https://moovitapp.com/index/pt-br/transporte_p%C3%BAblico-line-0_617-Brasilia-1702-850942-242417-0,-1.0,-15.67334,-47.64536,,,,,2023-06-17T08:02:41+00:00
BRA_120219,Brasília,5300108,,Piracicabana,602.1,https://moovitapp.com/index/pt-br/transporte_p%C3%BAblico-line-602_1-Brasilia-1702-850942-242491-0,-1.0,-15.61841,-47.6547,,,,1,2023-06-17T08:02:50+00:00
