bus_id,city,city_code,adapted,agency,line_code,line_url,line_fare,latitude,longitude,bus_speed,is_eletric,bus_type,bus_direction,updated_at
BRA_337820,Brasília,5300108,,Urbi,0.809,https://moovitapp.com/index/pt-br/transporte_p%C3%BAblico-line-0_809-Brasilia-1702-851595-516630-0,-1.0,-15.79305,-47.88242,0.0,,,2,2023-06-16T01:08:37+00:00
BRA_338311,Brasília,5300108,,Urbi,0.809,https://moovitapp.com/index/pt-br/transporte_p%C3%BAblico-line-0_809-Brasilia-1702-851595-516630-0,-1.0,-15.87681,-47.99343,16.39,,,1,2023-06-16T01:27:06+00:00
BRA_336459,Brasília,5300108,,Urbi,0.175,https://moovitapp.com/index/pt-br/transporte_p%C3%BAblico-line-0_175-Brasilia-1702-851595-242526-0,-1.0,-15.76508,-47.89073,9.72,,,2,2023-06-16T01:29:49+00:00
BRA_337331,Brasília,5300108,,Urbi,0.811,https://moovitapp.com/index/pt-br/transporte_p%C3%BAblico-line-0_811-Brasilia-1702-851595-334078-0,-1.0,-15.87679,-47.99352,18.61,,,1,2023-06-16T01:30:03+00:00
BRA_340685,Brasília,5300108,,Urbi,396.3,https://moovitapp.com/index/pt-br/transporte_p%C3%BAblico-line-396_3-Brasilia-1702-851595-372378-0,-1.0,-15.87667,-48.02508,18.61,,,2,2023-06-16T01:30:03+00:00
BRA_337153,Brasília,5300108,,Urbi,0.872,https://moovitapp.com/index/pt-br/transporte_p%C3%BAblico-line-0_872-Brasilia-1702-851595-466291-0,-1.0,-15.86996,-48.03113,14.44,,,1,2023-06-16T01:30:13+00:00
BRA_336777,Brasília,5300108,,Urbi,394.1,https://moovitapp.com/index/pt-br/transporte_p%C3%BAblico-line-394_1-Brasilia-1702-851595-334089-0,-1.0,-15.87462,-48.03945,18.89,,,1,2023-06-16T01:30:16+00:00
BRA_337111,Brasília,5300108,,Urbi,807.8,https://moovitapp.com/index/pt-br/transporte_p%C3%BAblico-line-807_8-Brasilia-1702-851595-322408-0,-1.0,-15.90148,-48.05632,1.11,,,2,2023-06-16T01:30:31+00:00
BRA_335592,Brasília,5300108,,Urbi,0.050,https://moovitapp.com/index/pt-br/transporte_p%C3%BAblico-line-0_050-Brasilia-1702-851595-781325-0,-1.0,-15.87585,-48.11067,0.0,,,1,2023-06-16T01:30:38+00:00
BRA_336548,Brasília,5300108,,Urbi,813.1,https://moovitapp.com/index/pt-br/transporte_p%C3%BAblico-line-813_1-Brasilia-1702-851595-242635-0,-1.0,-15.82623,-48.02927,11.11,,,2,2023-06-16T01:30:42+00:00
BRA_340481,Brasília,5300108,,Urbi,366.1,https://moovitapp.com/index/pt-br/transporte_p%C3%BAblico-line-366_1-Brasilia-1702-851595-425249-0,-1.0,-15.8725,-48.08513,7.22,,,2,2023-06-16T01:30:47+00:00
BRA_339342,Brasília,5300108,,Urbi,391.3,https://moovitapp.com/index/pt-br/transporte_p%C3%BAblico-line-391_3-Brasilia-1702-851595-372373-0,-1.0,-15.81228,-47.90619,1.94,,,2,2023-06-16T01:30:47+00:00
BRA_338796,Brasília,5300108,,Urbi,871.3,https://moovitapp.com/index/pt-br/transporte_p%C3%BAblico-line-871_3-Brasilia-1702-851595-588820-0,-1.0,-15.86833,-47.96873,14.72,,,1,2023-06-16T01:30:50+00:00
BRA_336653,Brasília,5300108,,Urbi,0.380,https://moovitapp.com/index/pt-br/transporte_p%C3%BAblico-line-0_380-Brasilia-1702-851595-334073-0,-1.0,-15.87954,-48.12071,15.28,,,2,2023-06-16T01:30:51+00:00
BRA_340774,Brasília,5300108,,Urbi,0.347,https://moovitapp.com/index/pt-br/transporte_p%C3%BAblico-line-0_347-Brasilia-1702-851595-347128-0,-1.0,-15.83025,-47.98128,7.78,,,2,2023-06-16T01:30:55+00:00
BRA_335827,Brasília,5300108,,Urbi,0.845,https://moovitapp.com/index/pt-br/transporte_p%C3%BAblico-line-0_845-Brasilia-1702-851595-339304-0,-1.0,-15.79909,-47.95012,8.33,,,2,2023-06-16T01:30:55+00:00
BRA_336181,Brasília,5300108,,Urbi,0.175,https://moovitapp.com/index/pt-br/transporte_p%C3%BAblico-line-0_175-Brasilia-1702-851595-242526-0,-1.0,-15.84336,-47.91755,0.0,,,1,2023-06-16T01:30:58+00:00
BRA_336963,Brasília,5300108,,Urbi,813.2,https://moovitapp.com/index/pt-br/transporte_p%C3%BAblico-line-813_2-Brasilia-1702-851595-242636-0,-1.0,-15.736,-47.90733,0.0,,,2,2023-06-16T01:30:59+00:00
BRA_339776,Brasília,5300108,,Urbi,0.171,https://moovitapp.com/index/pt-br/transporte_p%C3%BAblico-line-0_171-Brasilia-1702-851595-242524-0,-1.0,-15.81121,-47.9047,15.56,,,2,2023-06-16T01:31:03+00:00
BRA_338443,Brasília,5300108,,Urbi,0.038,https://moovitapp.com/index/pt-br/transporte_p%C3%BAblico-line-0_038-Brasilia-1702-851595-687419-0,-1.0,-15.88484,-48.02124,5.0,,,1,2023-06-16T01:31:04+00:00
BRA_336581,Brasília,5300108,,Urbi,0.813,https://moovitapp.com/index/pt-br/transporte_p%C3%BAblico-line-0_813-Brasilia-1702-851595-651523-0,-1.0,-15.81198,-47.97894,17.22,,,2,2023-06-16T01:31:06+00:00
BRA_335380,Brasília,5300108,,Urbi,0.825,https://moovitapp.com/index/pt-br/transporte_p%C3%BAblico-line-0_825-Brasilia-1702-851595-334081-0,-1.0,-15.87992,-48.06114,15.56,,,2,2023-06-16T01:31:07+00:00
BRA_339105,Brasília,5300108,,Urbi,0.873,https://moovitapp.com/index/pt-br/transporte_p%C3%BAblico-line-0_873-Brasilia-1702-851595-510238-0,-1.0,-15.78765,-48.13465,0.56,,,2,2023-06-16T01:31:08+00:00
BRA_340090,Brasília,5300108,,Urbi,0.056,https://moovitapp.com/index/pt-br/transporte_p%C3%BAblico-line-0_056-Brasilia-1702-851595-588804-0,-1.0,-15.8404,-48.07552,18.61,,,1,2023-06-16T01:31:10+00:00
BRA_338630,Brasília,5300108,,Urbi,0.176,https://moovitapp.com/index/pt-br/transporte_p%C3%BAblico-line-0_176-Brasilia-1702-851595-242527-0,-1.0,-15.84131,-47.92145,0.0,,,2,2023-06-16T01:31:11+00:00
BRA_339091,Brasília,5300108,,Urbi,870.1,https://moovitapp.com/index/pt-br/transporte_p%C3%BAblico-line-870_1-Brasilia-1702-851595-715272-0,-1.0,-15.94942,-48.03357,0.0,,,1,2023-06-16T01:31:12+00:00
BRA_333883,Brasília,5300108,,Urbi,373.2,https://moovitapp.com/index/pt-br/transporte_p%C3%BAblico-line-373_2-Brasilia-1702-851595-334084-0,-1.0,-15.89298,-48.13472,12.78,,,2,2023-06-16T01:31:14+00:00
BRA_335941,Brasília,5300108,,Urbi,0.373,https://moovitapp.com/index/pt-br/transporte_p%C3%BAblico-line-0_373-Brasilia-1702-851595-334072-0,-1.0,-15.86236,-48.05867,16.11,,,2,2023-06-16T01:31:14+00:00
BRA_336645,Brasília,5300108,,Urbi,0.399,https://moovitapp.com/index/pt-br/transporte_p%C3%BAblico-line-0_399-Brasilia-1702-851595-454964-0,-1.0,-15.8658,-48.05628,0.0,,,2,2023-06-16T01:31:14+00:00
BRA_335801,Brasília,5300108,,Urbi,367.2,https://moovitapp.com/index/pt-br/transporte_p%C3%BAblico-line-367_2-Brasilia-1702-851595-454971-0,-1.0,-15.85652,-48.07057,3.33,,,1,2023-06-16T01:31:16+00:00
BRA_337439,Brasília,5300108,,Urbi,0.886,https://moovitapp.com/index/pt-br/transporte_p%C3%BAblico-line-0_886-Brasilia-1702-851595-704024-0,-1.0,-15.80432,-48.12253,0.0,,,2,2023-06-16T01:31:16+00:00
BRA_340405,Brasília,5300108,,Urbi,391.3,https://moovitapp.com/index/pt-br/transporte_p%C3%BAblico-line-391_3-Brasilia-1702-851595-372373-0,-1.0,-15.77439,-47.8884,6.11,,,2,2023-06-16T01:31:16+00:00
BRA_340120,Brasília,5300108,,Urbi,396.2,https://moovitapp.com/index/pt-br/transporte_p%C3%BAblico-line-396_2-Brasilia-1702-851595-372377-0,-1.0,-15.82431,-47.93408,16.39,,,2,2023-06-16T01:31:17+00:00
BRA_336343,Brasília,5300108,,Urbi,0.380,https://moovitapp.com/index/pt-br/transporte_p%C3%BAblico-line-0_380-Brasilia-1702-851595-334073-0,-1.0,-15.81202,-47.98612,18.61,,,1,2023-06-16T01:31:17+00:00
BRA_339334,Brasília,5300108,,Urbi,366.1,https://moovitapp.com/index/pt-br/transporte_p%C3%BAblico-line-366_1-Brasilia-1702-851595-425249-0,-1.0,-15.89856,-48.12183,0.0,,,2,2023-06-16T01:31:18+00:00
BRA_335851,Brasília,5300108,,Urbi,3914,https://moovitapp.com/index/pt-br/transporte_p%C3%BAblico-line-3914-Brasilia-1702-851595-91201009-0,-1.0,-15.87862,-47.9739,12.5,,,2,2023-06-16T01:31:19+00:00
BRA_340103,Brasília,5300108,,Urbi,0.373,https://moovitapp.com/index/pt-br/transporte_p%C3%BAblico-line-0_373-Brasilia-1702-851595-334072-0,-1.0,-15.84919,-47.9549,12.5,,,2,2023-06-16T01:31:19+00:00
BRA_340251,Brasília,5300108,,Urbi,0.171,https://moovitapp.com/index/pt-br/transporte_p%C3%BAblico-line-0_171-Brasilia-1702-851595-242524-0,-1.0,-15.82749,-47.92683,10.0,,,1,2023-06-16T01:31:19+00:00
BRA_339181,Brasília,5300108,,Urbi,0.347,https://moovitapp.com/index/pt-br/transporte_p%C3%BAblico-line-0_347-Brasilia-1702-851595-347128-0,-1.0,-15.81874,-48.01501,18.89,,,1,2023-06-16T01:31:19+00:00
BRA_338168,Brasília,5300108,,Urbi,0.087,https://moovitapp.com/index/pt-br/transporte_p%C3%BAblico-line-0_087-Brasilia-1702-851595-242519-0,-1.0,-15.87497,-47.97333,3.89,,,1,2023-06-16T01:31:19+00:00
BRA_336971,Brasília,5300108,,Urbi,084.1,https://moovitapp.com/index/pt-br/transporte_p%C3%BAblico-line-084_1-Brasilia-1702-851595-466292-0,-1.0,-15.82145,-47.94982,18.61,,,1,2023-06-16T01:31:19+00:00
BRA_338559,Brasília,5300108,,Urbi,0.811,https://moovitapp.com/index/pt-br/transporte_p%C3%BAblico-line-0_811-Brasilia-1702-851595-334078-0,-1.0,-15.73643,-47.90557,0.0,,,2,2023-06-16T01:31:20+00:00
BRA_336670,Brasília,5300108,,Urbi,380.2,https://moovitapp.com/index/pt-br/transporte_p%C3%BAblico-line-380_2-Brasilia-1702-851595-334086-0,-1.0,-15.79214,-47.89371,15.56,,,1,2023-06-16T01:31:21+00:00
BRA_340367,Brasília,5300108,,Urbi,372.5,https://moovitapp.com/index/pt-br/transporte_p%C3%BAblico-line-372_5-Brasilia-1702-851595-519391-0,-1.0,-15.88016,-48.1068,9.72,,,1,2023-06-16T01:31:21+00:00
BRA_338958,Brasília,5300108,,Urbi,813.2,https://moovitapp.com/index/pt-br/transporte_p%C3%BAblico-line-813_2-Brasilia-1702-851595-242636-0,-1.0,-15.87789,-48.00928,10.28,,,2,2023-06-16T01:31:21+00:00
BRA_335738,Brasília,5300108,,Urbi,0.054,https://moovitapp.com/index/pt-br/transporte_p%C3%BAblico-line-0_054-Brasilia-1702-851595-454960-0,-1.0,-15.9017,-48.1274,5.28,,,2,2023-06-16T01:31:21+00:00
BRA_333891,Brasília,5300108,,Urbi,373.2,https://moovitapp.com/index/pt-br/transporte_p%C3%BAblico-line-373_2-Brasilia-1702-851595-334084-0,-1.0,-15.89072,-48.12811,12.78,,,1,2023-06-16T01:31:21+00:00
BRA_335878,Brasília,5300108,,Urbi,0.821,https://moovitapp.com/index/pt-br/transporte_p%C3%BAblico-line-0_821-Brasilia-1702-851595-334080-0,-1.0,-15.87842,-48.01216,7.5,,,1,2023-06-16T01:31:22+00:00
BRA_340057,Brasília,5300108,,Urbi,393.6,https://moovitapp.com/index/pt-br/transporte_p%C3%BAblico-line-393_6-Brasilia-1702-851595-588817-0,-1.0,-15.8388,-48.05296,4.44,,,1,2023-06-16T01:31:22+00:00
BRA_336874,Brasília,5300108,,Urbi,0.871,https://moovitapp.com/index/pt-br/transporte_p%C3%BAblico-line-0_871-Brasilia-1702-851595-418741-0,-1.0,-15.79076,-47.88784,13.33,,,2,2023-06-16T01:31:22+00:00
BRA_340049,Brasília,5300108,,Urbi,0.366,https://moovitapp.com/index/pt-br/transporte_p%C3%BAblico-line-0_366-Brasilia-1702-851595-650085-0,-1.0,-15.88005,-48.12169,12.22,,,2,2023-06-16T01:31:23+00:00
BRA_336211,Brasília,5300108,,Urbi,380.2,https://moovitapp.com/index/pt-br/transporte_p%C3%BAblico-line-380_2-Brasilia-1702-851595-334086-0,-1.0,-15.81169,-47.97807,17.78,,,2,2023-06-16T01:31:23+00:00
BRA_335908,Brasília,5300108,,Urbi,396.2,https://moovitapp.com/index/pt-br/transporte_p%C3%BAblico-line-396_2-Brasilia-1702-851595-372377-0,-1.0,-15.87443,-48.0747,10.83,,,1,2023-06-16T01:31:24+00:00
BRA_333930,Brasília,5300108,,Urbi,0.391,https://moovitapp.com/index/pt-br/transporte_p%C3%BAblico-line-0_391-Brasilia-1702-851595-372354-0,-1.0,-15.85406,-47.95579,10.0,,,2,2023-06-16T01:31:24+00:00
BRA_340294,Brasília,5300108,,Urbi,0.050,https://moovitapp.com/index/pt-br/transporte_p%C3%BAblico-line-0_050-Brasilia-1702-851595-781325-0,-1.0,-15.87622,-48.11064,0.0,,,1,2023-06-16T01:31:24+00:00
BRA_338087,Brasília,5300108,,Urbi,0.898,https://moovitapp.com/index/pt-br/transporte_p%C3%BAblico-line-0_898-Brasilia-1702-851595-322394-0,-1.0,-15.8631,-48.03442,14.72,,,1,2023-06-16T01:31:25+00:00
BRA_337978,Brasília,5300108,,Urbi,871.3,https://moovitapp.com/index/pt-br/transporte_p%C3%BAblico-line-871_3-Brasilia-1702-851595-588820-0,-1.0,-15.76288,-47.89138,3.61,,,2,2023-06-16T01:31:25+00:00
BRA_338486,Brasília,5300108,,Urbi,805.2,https://moovitapp.com/index/pt-br/transporte_p%C3%BAblico-line-805_2-Brasilia-1702-851595-454981-0,-1.0,-15.88049,-48.05442,8.33,,,1,2023-06-16T01:31:25+00:00
BRA_335991,Brasília,5300108,,Urbi,0.391,https://moovitapp.com/index/pt-br/transporte_p%C3%BAblico-line-0_391-Brasilia-1702-851595-372354-0,-1.0,-15.75219,-47.8948,15.83,,,2,2023-06-16T01:31:25+00:00
BRA_336157,Brasília,5300108,,Urbi,0.811,https://moovitapp.com/index/pt-br/transporte_p%C3%BAblico-line-0_811-Brasilia-1702-851595-334078-0,-1.0,-15.94581,-48.03605,7.5,,,2,2023-06-16T01:31:25+00:00
BRA_339687,Brasília,5300108,,Urbi,0.340,https://moovitapp.com/index/pt-br/transporte_p%C3%BAblico-line-0_340-Brasilia-1702-851595-641378-0,-1.0,-15.9204,-48.17141,17.22,,,1,2023-06-16T01:31:25+00:00
BRA_336050,Brasília,5300108,,Urbi,0.367,https://moovitapp.com/index/pt-br/transporte_p%C3%BAblico-line-0_367-Brasilia-1702-851595-519380-0,-1.0,-15.85357,-48.04545,0.0,,,1,2023-06-16T01:31:26+00:00
BRA_335452,Brasília,5300108,,Urbi,0.373,https://moovitapp.com/index/pt-br/transporte_p%C3%BAblico-line-0_373-Brasilia-1702-851595-334072-0,-1.0,-15.88421,-48.14963,0.0,,,1,2023-06-16T01:31:26+00:00
BRA_337951,Brasília,5300108,,Urbi,0.368,https://moovitapp.com/index/pt-br/transporte_p%C3%BAblico-line-0_368-Brasilia-1702-851595-706971-0,-1.0,-15.85553,-48.03849,10.83,,,1,2023-06-16T01:31:26+00:00
BRA_339121,Brasília,5300108,,Urbi,0.810,https://moovitapp.com/index/pt-br/transporte_p%C3%BAblico-line-0_810-Brasilia-1702-851595-363856-0,-1.0,-15.78537,-47.90491,11.11,,,2,2023-06-16T01:31:26+00:00
BRA_339296,Brasília,5300108,,Urbi,396.3,https://moovitapp.com/index/pt-br/transporte_p%C3%BAblico-line-396_3-Brasilia-1702-851595-372378-0,-1.0,-15.87251,-47.97757,14.44,,,2,2023-06-16T01:31:26+00:00
BRA_340171,Brasília,5300108,,Urbi,0.391,https://moovitapp.com/index/pt-br/transporte_p%C3%BAblico-line-0_391-Brasilia-1702-851595-372354-0,-1.0,-15.88136,-48.05612,18.89,,,1,2023-06-16T01:31:26+00:00
BRA_340073,Brasília,5300108,,Urbi,366.1,https://moovitapp.com/index/pt-br/transporte_p%C3%BAblico-line-366_1-Brasilia-1702-851595-425249-0,-1.0,-15.86327,-48.05841,9.17,,,1,2023-06-16T01:31:27+00:00
BRA_338150,Brasília,5300108,,Urbi,0.882,https://moovitapp.com/index/pt-br/transporte_p%C3%BAblico-line-0_882-Brasilia-1702-851595-363858-0,-1.0,-15.89409,-48.04844,8.33,,,1,2023-06-16T01:31:27+00:00
BRA_335371,Brasília,5300108,,Urbi,056.2,https://moovitapp.com/index/pt-br/transporte_p%C3%BAblico-line-056_2-Brasilia-1702-851595-492982-0,-1.0,-15.83072,-48.07804,10.28,,,1,2023-06-16T01:31:27+00:00
BRA_337242,Brasília,5300108,,Urbi,807.6,https://moovitapp.com/index/pt-br/transporte_p%C3%BAblico-line-807_6-Brasilia-1702-851595-334092-0,-1.0,-15.91432,-48.06313,6.67,,,1,2023-06-16T01:31:27+00:00
BRA_337617,Brasília,5300108,,Urbi,813.2,https://moovitapp.com/index/pt-br/transporte_p%C3%BAblico-line-813_2-Brasilia-1702-851595-242636-0,-1.0,-15.9246,-48.11199,15.56,,,1,2023-06-16T01:31:28+00:00
BRA_337374,Brasília,5300108,,Urbi,807.9,https://moovitapp.com/index/pt-br/transporte_p%C3%BAblico-line-807_9-Brasilia-1702-851595-322409-0,-1.0,-15.89624,-48.05522,0.0,,,1,2023-06-16T01:31:28+00:00
BRA_336131,Brasília,5300108,,Urbi,870.7,https://moovitapp.com/index/pt-br/transporte_p%C3%BAblico-line-870_7-Brasilia-1702-851595-531037-0,-1.0,-15.92097,-48.05285,4.44,,,1,2023-06-16T01:31:28+00:00
BRA_335576,Brasília,5300108,,Urbi,393.4,https://moovitapp.com/index/pt-br/transporte_p%C3%BAblico-line-393_4-Brasilia-1702-851595-588816-0,-1.0,-15.82638,-48.05967,0.0,,,1,2023-06-16T01:31:28+00:00
BRA_338541,Brasília,5300108,,Urbi,0.882,https://moovitapp.com/index/pt-br/transporte_p%C3%BAblico-line-0_882-Brasilia-1702-851595-363858-0,-1.0,-15.87754,-48.01593,0.56,,,2,2023-06-16T01:31:28+00:00
BRA_340308,Brasília,5300108,,Urbi,0.393,https://moovitapp.com/index/pt-br/transporte_p%C3%BAblico-line-0_393-Brasilia-1702-851595-588805-0,-1.0,-15.90252,-48.12982,0.0,,,2,2023-06-16T01:31:29+00:00
BRA_336793,Brasília,5300108,,Urbi,380.2,https://moovitapp.com/index/pt-br/transporte_p%C3%BAblico-line-380_2-Brasilia-1702-851595-334086-0,-1.0,-15.89298,-48.13885,5.83,,,2,2023-06-16T01:31:29+00:00
BRA_339237,Brasília,5300108,,Urbi,0.821,https://moovitapp.com/index/pt-br/transporte_p%C3%BAblico-line-0_821-Brasilia-1702-851595-334080-0,-1.0,-15.88241,-48.09747,10.83,,,2,2023-06-16T01:31:29+00:00
BRA_339164,Brasília,5300108,,Urbi,807.2,https://moovitapp.com/index/pt-br/transporte_p%C3%BAblico-line-807_2-Brasilia-1702-851595-781329-0,-1.0,-15.93298,-48.1089,3.89,,,1,2023-06-16T01:31:29+00:00
BRA_335673,Brasília,5300108,,Urbi,373.2,https://moovitapp.com/index/pt-br/transporte_p%C3%BAblico-line-373_2-Brasilia-1702-851595-334084-0,-1.0,-15.84547,-47.92272,5.0,,,1,2023-06-16T01:31:29+00:00
BRA_336114,Brasília,5300108,,Urbi,813.2,https://moovitapp.com/index/pt-br/transporte_p%C3%BAblico-line-813_2-Brasilia-1702-851595-242636-0,-1.0,-15.81388,-47.90797,4.17,,,2,2023-06-16T01:31:29+00:00
BRA_336394,Brasília,5300108,,Urbi,372.4,https://moovitapp.com/index/pt-br/transporte_p%C3%BAblico-line-372_4-Brasilia-1702-851595-650087-0,-1.0,-15.88396,-48.15046,5.56,,,1,2023-06-16T01:31:29+00:00
BRA_337579,Brasília,5300108,,Urbi,086.1,https://moovitapp.com/index/pt-br/transporte_p%C3%BAblico-line-086_1-Brasilia-1702-851595-481321-0,-1.0,-15.84614,-47.97012,18.06,,,1,2023-06-16T01:31:29+00:00
BRA_339059,Brasília,5300108,,Urbi,870.7,https://moovitapp.com/index/pt-br/transporte_p%C3%BAblico-line-870_7-Brasilia-1702-851595-531037-0,-1.0,-15.88875,-48.05836,18.89,,,2,2023-06-16T01:31:30+00:00
BRA_340448,Brasília,5300108,,Urbi,0.053,https://moovitapp.com/index/pt-br/transporte_p%C3%BAblico-line-0_053-Brasilia-1702-851595-588803-0,-1.0,-15.87339,-48.07262,5.56,,,2,2023-06-16T01:31:30+00:00
BRA_340111,Brasília,5300108,,Urbi,056.2,https://moovitapp.com/index/pt-br/transporte_p%C3%BAblico-line-056_2-Brasilia-1702-851595-492982-0,-1.0,-15.8116,-48.09375,4.44,,,2,2023-06-16T01:31:30+00:00
BRA_339946,Brasília,5300108,,Urbi,3964,https://moovitapp.com/index/pt-br/transporte_p%C3%BAblico-line-3964-Brasilia-1702-851595-91525612-0,-1.0,-15.87584,-48.02634,14.72,,,2,2023-06-16T01:31:31+00:00
BRA_338940,Brasília,5300108,,Urbi,870.1,https://moovitapp.com/index/pt-br/transporte_p%C3%BAblico-line-870_1-Brasilia-1702-851595-715272-0,-1.0,-15.81142,-47.89522,12.78,,,2,2023-06-16T01:31:31+00:00
BRA_336572,Brasília,5300108,,Urbi,0.805,https://moovitapp.com/index/pt-br/transporte_p%C3%BAblico-line-0_805-Brasilia-1702-851595-460800-0,-1.0,-15.85343,-48.04552,0.0,,,1,2023-06-16T01:31:32+00:00
BRA_336513,Brasília,5300108,,Urbi,0.871,https://moovitapp.com/index/pt-br/transporte_p%C3%BAblico-line-0_871-Brasilia-1702-851595-418741-0,-1.0,-15.8261,-48.02908,8.89,,,2,2023-06-16T01:31:32+00:00
BRA_340189,Brasília,5300108,,Urbi,391.3,https://moovitapp.com/index/pt-br/transporte_p%C3%BAblico-line-391_3-Brasilia-1702-851595-372373-0,-1.0,-15.86108,-48.07314,10.0,,,1,2023-06-16T01:31:33+00:00
BRA_338460,Brasília,5300108,,Urbi,0.808,https://moovitapp.com/index/pt-br/transporte_p%C3%BAblico-line-0_808-Brasilia-1702-851595-372359-0,-1.0,-15.84418,-48.0755,19.17,,,2,2023-06-16T01:31:33+00:00
BRA_337901,Brasília,5300108,,Urbi,0.809,https://moovitapp.com/index/pt-br/transporte_p%C3%BAblico-line-0_809-Brasilia-1702-851595-516630-0,-1.0,-15.92924,-48.10933,8.06,,,2,2023-06-16T01:31:33+00:00
BRA_338966,Brasília,5300108,,Urbi,807.9,https://moovitapp.com/index/pt-br/transporte_p%C3%BAblico-line-807_9-Brasilia-1702-851595-322409-0,-1.0,-15.89897,-48.0555,5.56,,,2,2023-06-16T01:31:33+00:00
BRA_338851,Brasília,5300108,,Urbi,0.172,https://moovitapp.com/index/pt-br/transporte_p%C3%BAblico-line-0_172-Brasilia-1702-851595-470756-0,-1.0,-15.79348,-47.88213,0.0,,,2,2023-06-16T01:31:33+00:00
BRA_338184,Brasília,5300108,,Urbi,0.898,https://moovitapp.com/index/pt-br/transporte_p%C3%BAblico-line-0_898-Brasilia-1702-851595-322394-0,-1.0,-15.85562,-48.03885,0.0,,,1,2023-06-16T01:31:33+00:00
BRA_338265,Brasília,5300108,,Urbi,0.810,https://moovitapp.com/index/pt-br/transporte_p%C3%BAblico-line-0_810-Brasilia-1702-851595-363856-0,-1.0,-15.91613,-48.09949,8.89,,,1,2023-06-16T01:31:33+00:00
BRA_336904,Brasília,5300108,,Urbi,0.175,https://moovitapp.com/index/pt-br/transporte_p%C3%BAblico-line-0_175-Brasilia-1702-851595-242526-0,-1.0,-15.8852,-48.02034,5.83,,,1,2023-06-16T01:31:33+00:00
BRA_337676,Brasília,5300108,,Urbi,0.872,https://moovitapp.com/index/pt-br/transporte_p%C3%BAblico-line-0_872-Brasilia-1702-851595-466291-0,-1.0,-15.86368,-48.03595,7.78,,,1,2023-06-16T01:31:33+00:00
BRA_337811,Brasília,5300108,,Urbi,874.4,https://moovitapp.com/index/pt-br/transporte_p%C3%BAblico-line-874_4-Brasilia-1702-851595-775106-0,-1.0,-15.80726,-47.93092,0.0,,,2,2023-06-16T01:31:34+00:00
BRA_337251,Brasília,5300108,,Urbi,0.811,https://moovitapp.com/index/pt-br/transporte_p%C3%BAblico-line-0_811-Brasilia-1702-851595-334078-0,-1.0,-15.80807,-47.90095,0.0,,,2,2023-06-16T01:31:34+00:00
BRA_336220,Brasília,5300108,,Urbi,0.394,https://moovitapp.com/index/pt-br/transporte_p%C3%BAblico-line-0_394-Brasilia-1702-851595-334076-0,-1.0,-15.88153,-48.09555,16.67,,,1,2023-06-16T01:31:34+00:00
BRA_338192,Brasília,5300108,,Urbi,0.882,https://moovitapp.com/index/pt-br/transporte_p%C3%BAblico-line-0_882-Brasilia-1702-851595-363858-0,-1.0,-15.94208,-48.03721,7.5,,,1,2023-06-16T01:31:34+00:00
BRA_338435,Brasília,5300108,,Urbi,0.809,https://moovitapp.com/index/pt-br/transporte_p%C3%BAblico-line-0_809-Brasilia-1702-851595-516630-0,-1.0,-15.93298,-48.1089,3.89,,,1,2023-06-16T01:31:35+00:00
BRA_336424,Brasília,5300108,,Urbi,0.805,https://moovitapp.com/index/pt-br/transporte_p%C3%BAblico-line-0_805-Brasilia-1702-851595-460800-0,-1.0,-15.86848,-48.03194,10.28,,,1,2023-06-16T01:31:35+00:00
BRA_339482,Brasília,5300108,,Urbi,038.1,https://moovitapp.com/index/pt-br/transporte_p%C3%BAblico-line-038_1-Brasilia-1702-851595-781327-0,-1.0,-15.84237,-48.04587,8.06,,,1,2023-06-16T01:31:35+00:00
BRA_339881,Brasília,5300108,,Urbi,396.3,https://moovitapp.com/index/pt-br/transporte_p%C3%BAblico-line-396_3-Brasilia-1702-851595-372378-0,-1.0,-15.77743,-47.88804,16.94,,,2,2023-06-16T01:31:36+00:00
BRA_338648,Brasília,5300108,,Urbi,805.9,https://moovitapp.com/index/pt-br/transporte_p%C3%BAblico-line-805_9-Brasilia-1702-851595-454983-0,-1.0,-15.92657,-48.10654,9.72,,,1,2023-06-16T01:31:36+00:00
BRA_335720,Brasília,5300108,,Urbi,0.366,https://moovitapp.com/index/pt-br/transporte_p%C3%BAblico-line-0_366-Brasilia-1702-851595-650085-0,-1.0,-15.88744,-48.14333,4.44,,,1,2023-06-16T01:31:37+00:00
BRA_336386,Brasília,5300108,,Urbi,394.1,https://moovitapp.com/index/pt-br/transporte_p%C3%BAblico-line-394_1-Brasilia-1702-851595-334089-0,-1.0,-15.79201,-47.89394,0.0,,,1,2023-06-16T01:31:37+00:00
BRA_339466,Brasília,5300108,,Urbi,872.9,https://moovitapp.com/index/pt-br/transporte_p%C3%BAblico-line-872_9-Brasilia-1702-851595-372394-0,-1.0,-15.81779,-48.06256,8.61,,,1,2023-06-16T01:31:37+00:00
BRA_336947,Brasília,5300108,,Urbi,871.3,https://moovitapp.com/index/pt-br/transporte_p%C3%BAblico-line-871_3-Brasilia-1702-851595-588820-0,-1.0,-15.86907,-47.97083,14.17,,,2,2023-06-16T01:31:38+00:00
BRA_336084,Brasília,5300108,,Urbi,0.172,https://moovitapp.com/index/pt-br/transporte_p%C3%BAblico-line-0_172-Brasilia-1702-851595-470756-0,-1.0,-15.88403,-48.01688,7.22,,,2,2023-06-16T01:31:38+00:00
BRA_336700,Brasília,5300108,,Urbi,0.394,https://moovitapp.com/index/pt-br/transporte_p%C3%BAblico-line-0_394-Brasilia-1702-851595-334076-0,-1.0,-15.8104,-47.94546,13.06,,,2,2023-06-16T01:31:38+00:00
BRA_336769,Brasília,5300108,,Urbi,366.7,https://moovitapp.com/index/pt-br/transporte_p%C3%BAblico-line-366_7-Brasilia-1702-851595-650086-0,-1.0,-15.86527,-48.05899,0.0,,,1,2023-06-16T01:31:38+00:00
BRA_337790,Brasília,5300108,,Urbi,805.1,https://moovitapp.com/index/pt-br/transporte_p%C3%BAblico-line-805_1-Brasilia-1702-851595-454980-0,-1.0,-15.84052,-48.05634,0.0,,,1,2023-06-16T01:31:40+00:00
BRA_336866,Brasília,5300108,,Urbi,807.8,https://moovitapp.com/index/pt-br/transporte_p%C3%BAblico-line-807_8-Brasilia-1702-851595-322408-0,-1.0,-15.93152,-48.11116,7.78,,,1,2023-06-16T01:31:40+00:00
BRA_338052,Brasília,5300108,,Urbi,874.4,https://moovitapp.com/index/pt-br/transporte_p%C3%BAblico-line-874_4-Brasilia-1702-851595-775106-0,-1.0,-15.87617,-48.04802,0.0,,,1,2023-06-16T01:31:40+00:00
BRA_440469,Brasília,5300108,,Marechal,355.3,https://moovitapp.com/index/pt-br/transporte_p%C3%BAblico-line-355_3-Brasilia-1702-851940-504343-0,-1.0,-15.86967,-48.038463,0.0,,,2,2023-06-16T01:31:30+00:00
BRA_443972,Brasília,5300108,,Marechal,0.363,https://moovitapp.com/index/pt-br/transporte_p%C3%BAblico-line-0_363-Brasilia-1702-851940-504339-0,-1.0,-15.838827,-48.128783,0.0,,,2,2023-06-16T01:31:30+00:00
BRA_445347,Brasília,5300108,,Marechal,0.336,https://moovitapp.com/index/pt-br/transporte_p%C3%BAblico-line-0_336-Brasilia-1702-851940-347142-0,-1.0,-15.84053,-48.126913,0.0,,,2,2023-06-16T01:31:30+00:00
BRA_441881,Brasília,5300108,,Marechal,0.156,https://moovitapp.com/index/pt-br/transporte_p%C3%BAblico-line-0_156-Brasilia-1702-851940-242705-0,-1.0,-15.840013,-48.127257,20.0,,,2,2023-06-16T01:17:10+00:00
BRA_440272,Brasília,5300108,,Piracicabana,099.1,https://moovitapp.com/index/pt-br/transporte_p%C3%BAblico-line-099_1-Brasilia-1702-850942-775090-0,-1.0,-15.841657,-48.028567,2.0,,,2,2023-06-16T01:31:30+00:00
BRA_440311,Brasília,5300108,,Marechal,355.2,https://moovitapp.com/index/pt-br/transporte_p%C3%BAblico-line-355_2-Brasilia-1702-851940-510251-0,-1.0,-15.989773,-48.046823,58.0,,,2,2023-06-16T01:31:30+00:00
BRA_444448,Brasília,5300108,,Marechal,0.205,https://moovitapp.com/index/pt-br/transporte_p%C3%BAblico-line-0_205-Brasilia-1702-851940-463646-0,-1.0,-16.038533,-48.061053,34.0,,,2,2023-06-16T01:31:30+00:00
BRA_444707,Brasília,5300108,,Marechal,933.3,https://moovitapp.com/index/pt-br/transporte_p%C3%BAblico-line-933_3-Brasilia-1702-851940-450287-0,-1.0,-15.83905,-48.12919,0.0,,,2,2023-06-16T01:31:25+00:00
BRA_441562,Brasília,5300108,,Marechal,0.043,https://moovitapp.com/index/pt-br/transporte_p%C3%BAblico-line-0_043-Brasilia-1702-851940-781330-0,-1.0,-15.816997,-48.06284,15.0,,,2,2023-06-16T01:31:30+00:00
BRA_445185,Brasília,5300108,,Marechal,0.300,https://moovitapp.com/index/pt-br/transporte_p%C3%BAblico-line-0_300-Brasilia-1702-851940-419624-0,-1.0,-15.830757,-48.042283,13.0,,,2,2023-06-16T01:31:30+00:00
BRA_440841,Brasília,5300108,,Urbi,872.9,https://moovitapp.com/index/pt-br/transporte_p%C3%BAblico-line-872_9-Brasilia-1702-851595-372394-0,-1.0,-15.86947,-48.037877,0.0,,,2,2023-06-15T23:39:33+00:00
BRA_442496,Brasília,5300108,,Urbi,0.898,https://moovitapp.com/index/pt-br/transporte_p%C3%BAblico-line-0_898-Brasilia-1702-851595-322394-0,-1.0,-15.85076,-48.11369,40.0,,,2,2023-06-16T01:31:30+00:00
BRA_440604,Brasília,5300108,,Marechal,0.349,https://moovitapp.com/index/pt-br/transporte_p%C3%BAblico-line-0_349-Brasilia-1702-851940-677511-0,-1.0,-15.736263,-47.907147,15.0,,,2,2023-06-16T01:31:30+00:00
BRA_440141,Brasília,5300108,,Marechal,0.156,https://moovitapp.com/index/pt-br/transporte_p%C3%BAblico-line-0_156-Brasilia-1702-851940-242705-0,-1.0,-15.851593,-47.95532,46.0,,,2,2023-06-16T01:31:30+00:00
BRA_441040,Brasília,5300108,,Marechal,959.1,https://moovitapp.com/index/pt-br/transporte_p%C3%BAblico-line-959_1-Brasilia-1702-851940-789939-0,-1.0,-15.863893,-48.03563,22.0,,,2,2023-06-16T01:31:32+00:00
BRA_441121,Brasília,5300108,,Marechal,0.357,https://moovitapp.com/index/pt-br/transporte_p%C3%BAblico-line-0_357-Brasilia-1702-851940-775109-0,-1.0,-15.834663,-48.060413,26.0,,,2,2023-06-16T01:31:29+00:00
BRA_443271,Brasília,5300108,,Marechal,0.383,https://moovitapp.com/index/pt-br/transporte_p%C3%BAblico-line-0_383-Brasilia-1702-851940-347151-0,-1.0,-15.794033,-47.88324,0.0,,,2,2023-06-16T01:31:29+00:00
BRA_442429,Brasília,5300108,,Marechal,363.2,https://moovitapp.com/index/pt-br/transporte_p%C3%BAblico-line-363_2-Brasilia-1702-851940-725443-0,-1.0,-15.816533,-48.10328,18.0,,,2,2023-06-16T01:31:30+00:00
BRA_440523,Brasília,5300108,,Marechal,156.7,https://moovitapp.com/index/pt-br/transporte_p%C3%BAblico-line-156_7-Brasilia-1702-851940-312444-0,-1.0,-15.86978,-48.03754,0.0,,,2,2023-06-16T01:31:30+00:00
BRA_441716,Brasília,5300108,,Urbi,0.399,https://moovitapp.com/index/pt-br/transporte_p%C3%BAblico-line-0_399-Brasilia-1702-851595-454964-0,-1.0,-15.902167,-48.129607,44.0,,,2,2023-06-16T01:31:30+00:00
BRA_440108,Brasília,5300108,,Marechal,0.090,https://moovitapp.com/index/pt-br/transporte_p%C3%BAblico-line-0_090-Brasilia-1702-851940-242702-0,-1.0,-15.785077,-47.940827,47.0,,,2,2023-06-16T01:31:30+00:00
BRA_442437,Brasília,5300108,,Marechal,363.1,https://moovitapp.com/index/pt-br/transporte_p%C3%BAblico-line-363_1-Brasilia-1702-851940-504344-0,-1.0,-15.839707,-48.129197,0.0,,,2,2023-06-16T01:31:25+00:00
BRA_440451,Brasília,5300108,,Marechal,0.951,https://moovitapp.com/index/pt-br/transporte_p%C3%BAblico-line-0_951-Brasilia-1702-851940-783578-0,-1.0,-15.843967,-48.050023,0.0,,,2,2023-06-16T01:31:30+00:00
BRA_440019,Brasília,5300108,,São José,0.092,https://moovitapp.com/index/pt-br/transporte_p%C3%BAblico-line-0_092-Brasilia-1702-851943-496589-0,-1.0,-15.8779,-48.015967,31.0,,,2,2023-06-16T01:31:30+00:00
BRA_440361,Brasília,5300108,,Urbi,805.2,https://moovitapp.com/index/pt-br/transporte_p%C3%BAblico-line-805_2-Brasilia-1702-851595-454981-0,-1.0,-15.931487,-48.111117,29.0,,,2,2023-06-16T01:31:30+00:00
BRA_443000,Brasília,5300108,,São José,350.1,https://moovitapp.com/index/pt-br/transporte_p%C3%BAblico-line-350_1-Brasilia-1702-851943-2068450-0,-1.0,-15.835933,-48.04141,22.0,,,2,2023-06-16T01:31:30+00:00
BRA_443247,Brasília,5300108,,Marechal,0.089,https://moovitapp.com/index/pt-br/transporte_p%C3%BAblico-line-0_089-Brasilia-1702-851940-706977-0,-1.0,-15.83931,-48.12887,0.0,,,2,2023-06-16T01:31:30+00:00
BRA_442445,Brasília,5300108,,Marechal,0.089,https://moovitapp.com/index/pt-br/transporte_p%C3%BAblico-line-0_089-Brasilia-1702-851940-706977-0,-1.0,-15.84108,-48.12689,0.0,,,2,2023-06-16T01:31:34+00:00
BRA_442275,Brasília,5300108,,Marechal,0.089,https://moovitapp.com/index/pt-br/transporte_p%C3%BAblico-line-0_089-Brasilia-1702-851940-706977-0,-1.0,-15.81624,-48.10153,0.0,,,2,2023-06-16T01:31:30+00:00
BRA_445398,Brasília,5300108,,Marechal,0.378,https://moovitapp.com/index/pt-br/transporte_p%C3%BAblico-line-0_378-Brasilia-1702-851940-347150-0,-1.0,-15.84642,-48.10767,55.0,,,2,2023-06-16T01:31:30+00:00
BRA_440906,Brasília,5300108,,Marechal,0.205,https://moovitapp.com/index/pt-br/transporte_p%C3%BAblico-line-0_205-Brasilia-1702-851940-463646-0,-1.0,-15.87253,-48.029803,13.0,,,2,2023-06-16T01:31:30+00:00
BRA_444341,Brasília,5300108,,Marechal,0.205,https://moovitapp.com/index/pt-br/transporte_p%C3%BAblico-line-0_205-Brasilia-1702-851940-463646-0,-1.0,-15.87485,-48.037343,60.0,,,2,2023-06-16T01:31:30+00:00
BRA_440795,Brasília,5300108,,Marechal,260.3,https://moovitapp.com/index/pt-br/transporte_p%C3%BAblico-line-260_3-Brasilia-1702-851940-393566-0,-1.0,-15.87961,-48.054233,56.0,,,2,2023-06-16T01:31:30+00:00
BRA_441511,Brasília,5300108,,Marechal,0.942,https://moovitapp.com/index/pt-br/transporte_p%C3%BAblico-line-0_942-Brasilia-1702-851940-347158-0,-1.0,-15.808573,-48.08527,1.0,,,2,2023-06-16T01:31:30+00:00
BRA_442623,Brasília,5300108,,Urbi,393.7,https://moovitapp.com/index/pt-br/transporte_p%C3%BAblico-line-393_7-Brasilia-1702-851595-588818-0,-1.0,-15.858473,-48.036937,59.0,,,2,2023-06-16T01:31:30+00:00
BRA_444723,Brasília,5300108,,Marechal,0.383,https://moovitapp.com/index/pt-br/transporte_p%C3%BAblico-line-0_383-Brasilia-1702-851940-347151-0,-1.0,-15.84106,-48.120583,32.0,,,2,2023-06-16T01:31:30+00:00
BRA_445223,Brasília,5300108,,Marechal,0.301,https://moovitapp.com/index/pt-br/transporte_p%C3%BAblico-line-0_301-Brasilia-1702-851940-339319-0,-1.0,-15.79641,-47.891353,0.0,,,2,2023-06-16T01:31:30+00:00
BRA_442615,Brasília,5300108,,Urbi,0.050,https://moovitapp.com/index/pt-br/transporte_p%C3%BAblico-line-0_050-Brasilia-1702-851595-781325-0,-1.0,-15.874777,-48.107333,45.0,,,2,2023-06-16T01:31:30+00:00
BRA_441660,Brasília,5300108,,Urbi,0.367,https://moovitapp.com/index/pt-br/transporte_p%C3%BAblico-line-0_367-Brasilia-1702-851595-519380-0,-1.0,-15.87799,-48.11734,4.0,,,2,2023-06-16T01:31:30+00:00
BRA_440591,Brasília,5300108,,Piracicabana,099.1,https://moovitapp.com/index/pt-br/transporte_p%C3%BAblico-line-099_1-Brasilia-1702-850942-775090-0,-1.0,-15.840577,-48.049713,0.0,,,2,2023-06-16T01:31:30+00:00
BRA_444219,Brasília,5300108,,Marechal,933.2,https://moovitapp.com/index/pt-br/transporte_p%C3%BAblico-line-933_2-Brasilia-1702-851940-717428-0,-1.0,-15.839983,-48.130023,0.0,,,2,2023-06-16T01:31:30+00:00
BRA_440400,Brasília,5300108,,Marechal,154.2,https://moovitapp.com/index/pt-br/transporte_p%C3%BAblico-line-154_2-Brasilia-1702-851940-527234-0,-1.0,-15.812113,-47.9984,58.0,,,2,2023-06-16T01:31:30+00:00
BRA_444031,Brasília,5300108,,Urbi,367.2,https://moovitapp.com/index/pt-br/transporte_p%C3%BAblico-line-367_2-Brasilia-1702-851595-454971-0,-1.0,-15.89222,-48.139213,0.0,,,2,2023-06-16T01:31:25+00:00
BRA_440868,Brasília,5300108,,Marechal,355.2,https://moovitapp.com/index/pt-br/transporte_p%C3%BAblico-line-355_2-Brasilia-1702-851940-510251-0,-1.0,-15.808757,-48.041587,28.0,,,2,2023-06-15T22:55:09+00:00
BRA_443085,Brasília,5300108,,Marechal,0.339,https://moovitapp.com/index/pt-br/transporte_p%C3%BAblico-line-0_339-Brasilia-1702-851940-419625-0,-1.0,-15.839713,-48.129397,0.0,,,2,2023-06-16T01:31:30+00:00
BRA_440086,Brasília,5300108,,Marechal,0.090,https://moovitapp.com/index/pt-br/transporte_p%C3%BAblico-line-0_090-Brasilia-1702-851940-242702-0,-1.0,-15.875963,-47.987427,59.0,,,2,2023-06-16T01:31:30+00:00
BRA_442704,Brasília,5300108,,Marechal,0.361,https://moovitapp.com/index/pt-br/transporte_p%C3%BAblico-line-0_361-Brasilia-1702-851940-376158-0,-1.0,-15.851543,-48.04063,60.0,,,2,2023-06-16T01:31:30+00:00
BRA_443417,Brasília,5300108,,Marechal,933.2,https://moovitapp.com/index/pt-br/transporte_p%C3%BAblico-line-933_2-Brasilia-1702-851940-717428-0,-1.0,-15.868437,-48.019973,22.0,,,2,2023-06-16T01:31:29+00:00
BRA_441180,Brasília,5300108,,Marechal,260.3,https://moovitapp.com/index/pt-br/transporte_p%C3%BAblico-line-260_3-Brasilia-1702-851940-393566-0,-1.0,-15.87015,-48.038017,0.0,,,2,2023-06-16T01:31:30+00:00
BRA_440612,Brasília,5300108,,Marechal,0.162,https://moovitapp.com/index/pt-br/transporte_p%C3%BAblico-line-0_162-Brasilia-1702-851940-766836-0,-1.0,-15.79456,-47.890273,46.0,,,2,2023-06-16T01:31:30+00:00
BRA_444316,Brasília,5300108,,Marechal,933.2,https://moovitapp.com/index/pt-br/transporte_p%C3%BAblico-line-933_2-Brasilia-1702-851940-717428-0,-1.0,-15.857507,-48.122673,0.0,,,2,2023-06-16T01:31:30+00:00
BRA_440761,Brasília,5300108,,Marechal,260.3,https://moovitapp.com/index/pt-br/transporte_p%C3%BAblico-line-260_3-Brasilia-1702-851940-393566-0,-1.0,-16.041963,-48.025863,0.0,,,2,2023-06-16T01:31:25+00:00
BRA_440558,Brasília,5300108,,Marechal,355.3,https://moovitapp.com/index/pt-br/transporte_p%C3%BAblico-line-355_3-Brasilia-1702-851940-504343-0,-1.0,-15.806867,-48.04272,17.0,,,2,2023-06-16T01:31:30+00:00
BRA_445177,Brasília,5300108,,Marechal,0.378,https://moovitapp.com/index/pt-br/transporte_p%C3%BAblico-line-0_378-Brasilia-1702-851940-347150-0,-1.0,-15.840767,-48.126753,0.0,,,2,2023-06-16T01:31:29+00:00
BRA_441554,Brasília,5300108,,Marechal,363.2,https://moovitapp.com/index/pt-br/transporte_p%C3%BAblico-line-363_2-Brasilia-1702-851940-725443-0,-1.0,-15.839453,-48.129267,0.0,,,2,2023-06-16T01:31:29+00:00
BRA_443883,Brasília,5300108,,Marechal,959.1,https://moovitapp.com/index/pt-br/transporte_p%C3%BAblico-line-959_1-Brasilia-1702-851940-789939-0,-1.0,-15.823243,-48.066473,47.0,,,2,2023-06-16T01:31:30+00:00
BRA_445355,Brasília,5300108,,Marechal,0.378,https://moovitapp.com/index/pt-br/transporte_p%C3%BAblico-line-0_378-Brasilia-1702-851940-347150-0,-1.0,-15.780937,-47.8878,13.0,,,2,2023-06-16T01:31:29+00:00
BRA_445321,Brasília,5300108,,Marechal,337.1,https://moovitapp.com/index/pt-br/transporte_p%C3%BAblico-line-337_1-Brasilia-1702-851940-347165-0,-1.0,-15.812157,-47.98204,59.0,,,2,2023-06-16T01:31:30+00:00
BRA_445142,Brasília,5300108,,Marechal,0.306,https://moovitapp.com/index/pt-br/transporte_p%C3%BAblico-line-0_306-Brasilia-1702-851940-242714-0,-1.0,-15.814293,-48.004337,60.0,,,2,2023-06-16T01:31:30+00:00
BRA_441074,Brasília,5300108,,Marechal,260.3,https://moovitapp.com/index/pt-br/transporte_p%C3%BAblico-line-260_3-Brasilia-1702-851940-393566-0,-1.0,-15.808773,-48.148513,12.0,,,2,2023-06-16T01:31:30+00:00
BRA_444677,Brasília,5300108,,São José,359.2,https://moovitapp.com/index/pt-br/transporte_p%C3%BAblico-line-359_2-Brasilia-1702-851943-2068453-0,-1.0,-15.830573,-48.123673,24.0,,,2,2023-06-16T01:25:04+00:00
BRA_440485,Brasília,5300108,,Piracicabana,099.1,https://moovitapp.com/index/pt-br/transporte_p%C3%BAblico-line-099_1-Brasilia-1702-850942-775090-0,-1.0,-15.84777,-48.042677,0.0,,,2,2023-06-16T01:31:30+00:00
BRA_442119,Brasília,5300108,,Marechal,933.5,https://moovitapp.com/index/pt-br/transporte_p%C3%BAblico-line-933_5-Brasilia-1702-851940-766837-0,-1.0,-15.831577,-48.130193,17.0,,,2,2023-06-16T01:31:31+00:00
BRA_445231,Brasília,5300108,,Marechal,0.336,https://moovitapp.com/index/pt-br/transporte_p%C3%BAblico-line-0_336-Brasilia-1702-851940-347142-0,-1.0,-15.81319,-48.00079,55.0,,,2,2023-06-16T01:31:30+00:00
BRA_442208,Brasília,5300108,,Urbi,056.4,https://moovitapp.com/index/pt-br/transporte_p%C3%BAblico-line-056_4-Brasilia-1702-851595-519387-0,-1.0,-15.839207,-48.129483,0.0,,,2,2023-06-16T01:31:30+00:00
BRA_441759,Brasília,5300108,,Urbi,0.050,https://moovitapp.com/index/pt-br/transporte_p%C3%BAblico-line-0_050-Brasilia-1702-851595-781325-0,-1.0,-15.839687,-48.129163,0.0,,,2,2023-06-16T01:31:25+00:00
BRA_441457,Brasília,5300108,,Urbi,393.6,https://moovitapp.com/index/pt-br/transporte_p%C3%BAblico-line-393_6-Brasilia-1702-851595-588817-0,-1.0,-15.900623,-48.126233,4.0,,,2,2023-06-16T01:31:30+00:00
BRA_440132,Brasília,5300108,,Marechal,0.376,https://moovitapp.com/index/pt-br/transporte_p%C3%BAblico-line-0_376-Brasilia-1702-851940-242726-0,-1.0,-15.790963,-48.033097,60.0,,,2,2023-06-16T01:31:30+00:00
BRA_444413,Brasília,5300108,,Marechal,355.3,https://moovitapp.com/index/pt-br/transporte_p%C3%BAblico-line-355_3-Brasilia-1702-851940-504343-0,-1.0,-15.869957,-48.038583,0.0,,,2,2023-06-16T01:31:30+00:00
BRA_443344,Brasília,5300108,,Marechal,361.1,https://moovitapp.com/index/pt-br/transporte_p%C3%BAblico-line-361_1-Brasilia-1702-851940-363861-0,-1.0,-15.840967,-48.12676,0.0,,,2,2023-06-16T01:31:30+00:00
BRA_441627,Brasília,5300108,,Urbi,367.2,https://moovitapp.com/index/pt-br/transporte_p%C3%BAblico-line-367_2-Brasilia-1702-851595-454971-0,-1.0,-15.884467,-48.151117,0.0,,,2,2023-06-16T01:31:30+00:00
BRA_440698,Brasília,5300108,,São José,157.9,https://moovitapp.com/index/pt-br/transporte_p%C3%BAblico-line-157_9-Brasilia-1702-851943-707030-0,-1.0,-15.811617,-47.986703,40.0,,,2,2023-06-16T01:31:32+00:00
BRA_441155,Brasília,5300108,,Marechal,260.3,https://moovitapp.com/index/pt-br/transporte_p%C3%BAblico-line-260_3-Brasilia-1702-851940-393566-0,-1.0,-15.80944,-48.088183,40.0,,,2,2023-06-16T01:31:30+00:00
BRA_442631,Brasília,5300108,,Marechal,0.361,https://moovitapp.com/index/pt-br/transporte_p%C3%BAblico-line-0_361-Brasilia-1702-851940-376158-0,-1.0,-15.8476,-48.1213,39.0,,,2,2023-06-16T01:31:30+00:00
BRA_443697,Brasília,5300108,,Marechal,959.1,https://moovitapp.com/index/pt-br/transporte_p%C3%BAblico-line-959_1-Brasilia-1702-851940-789939-0,-1.0,-15.83013,-48.05833,43.0,,,2,2023-06-16T01:31:09+00:00
BRA_443603,Brasília,5300108,,Marechal,355.2,https://moovitapp.com/index/pt-br/transporte_p%C3%BAblico-line-355_2-Brasilia-1702-851940-510251-0,-1.0,-15.793027,-48.05376,22.0,,,2,2023-06-16T00:46:42+00:00
BRA_444511,Brasília,5300108,,Marechal,0.339,https://moovitapp.com/index/pt-br/transporte_p%C3%BAblico-line-0_339-Brasilia-1702-851940-419625-0,-1.0,-15.778507,-47.928373,49.0,,,2,2023-06-16T01:30:28+00:00
BRA_443263,Brasília,5300108,,Marechal,361.1,https://moovitapp.com/index/pt-br/transporte_p%C3%BAblico-line-361_1-Brasilia-1702-851940-363861-0,-1.0,-15.841443,-48.120533,34.0,,,2,2023-06-16T01:31:30+00:00
BRA_444081,Brasília,5300108,,Urbi,0.054,https://moovitapp.com/index/pt-br/transporte_p%C3%BAblico-line-0_054-Brasilia-1702-851595-454960-0,-1.0,-15.88004,-48.076007,9.0,,,2,2023-06-16T01:31:30+00:00
BRA_444162,Brasília,5300108,,Urbi,0.347,https://moovitapp.com/index/pt-br/transporte_p%C3%BAblico-line-0_347-Brasilia-1702-851595-347128-0,-1.0,-15.87583,-47.97459,0.0,,,2,2023-06-16T01:31:30+00:00
BRA_441589,Brasília,5300108,,Urbi,056.2,https://moovitapp.com/index/pt-br/transporte_p%C3%BAblico-line-056_2-Brasilia-1702-851595-492982-0,-1.0,-15.88416,-48.15094,0.0,,,2,2023-06-16T01:31:30+00:00
BRA_443204,Brasília,5300108,,São José,333.6,https://moovitapp.com/index/pt-br/transporte_p%C3%BAblico-line-333_6-Brasilia-1702-851943-2068452-0,-1.0,-15.807427,-48.142733,10.0,,,2,2023-06-16T01:31:30+00:00
BRA_443573,Brasília,5300108,,Marechal,351.3,https://moovitapp.com/index/pt-br/transporte_p%C3%BAblico-line-351_3-Brasilia-1702-851940-510249-0,-1.0,-15.85702,-48.041543,0.0,,,2,2023-06-16T01:31:30+00:00
BRA_440051,Brasília,5300108,,Marechal,351.3,https://moovitapp.com/index/pt-br/transporte_p%C3%BAblico-line-351_3-Brasilia-1702-851940-510249-0,-1.0,-15.866753,-48.037557,0.0,,,2,2023-06-16T01:31:25+00:00
BRA_442526,Brasília,5300108,,São José,332.1,https://moovitapp.com/index/pt-br/transporte_p%C3%BAblico-line-332_1-Brasilia-1702-851943-2068455-0,-1.0,-15.83938,-48.12893,0.0,,,2,2023-06-16T00:44:29+00:00
BRA_442089,Brasília,5300108,,Marechal,0.942,https://moovitapp.com/index/pt-br/transporte_p%C3%BAblico-line-0_942-Brasilia-1702-851940-347158-0,-1.0,-15.840293,-48.09853,47.0,,,2,2023-06-16T01:31:30+00:00
BRA_443280,Brasília,5300108,,São José,333.7,https://moovitapp.com/index/pt-br/transporte_p%C3%BAblico-line-333_7-Brasilia-1702-851943-2068454-0,-1.0,-15.78975,-48.13586,37.0,,,2,2023-06-16T01:31:30+00:00
BRA_441171,Brasília,5300108,,Urbi,805.9,https://moovitapp.com/index/pt-br/transporte_p%C3%BAblico-line-805_9-Brasilia-1702-851595-454983-0,-1.0,-15.930673,-48.11237,35.0,,,2,2023-06-16T01:31:30+00:00
BRA_441287,Brasília,5300108,,Marechal,0.205,https://moovitapp.com/index/pt-br/transporte_p%C3%BAblico-line-0_205-Brasilia-1702-851940-463646-0,-1.0,-16.019997,-48.066827,0.0,,,2,2023-06-16T01:31:30+00:00
BRA_443221,Brasília,5300108,,Urbi,0.898,https://moovitapp.com/index/pt-br/transporte_p%C3%BAblico-line-0_898-Brasilia-1702-851595-322394-0,-1.0,-15.948777,-48.033593,5.0,,,2,2023-06-16T01:31:30+00:00
BRA_441325,Brasília,5300108,,Marechal,154.2,https://moovitapp.com/index/pt-br/transporte_p%C3%BAblico-line-154_2-Brasilia-1702-851940-527234-0,-1.0,-15.835123,-47.97959,16.0,,,2,2023-06-16T01:31:30+00:00
BRA_444804,Brasília,5300108,,Marechal,0.339,https://moovitapp.com/index/pt-br/transporte_p%C3%BAblico-line-0_339-Brasilia-1702-851940-419625-0,-1.0,-15.735967,-47.907287,0.0,,,2,2023-06-16T01:31:25+00:00
BRA_445096,Brasília,5300108,,São José,350.1,https://moovitapp.com/index/pt-br/transporte_p%C3%BAblico-line-350_1-Brasilia-1702-851943-2068450-0,-1.0,-15.80627,-48.133573,55.0,,,2,2023-06-16T01:31:30+00:00
BRA_445002,Brasília,5300108,,São José,332.1,https://moovitapp.com/index/pt-br/transporte_p%C3%BAblico-line-332_1-Brasilia-1702-851943-2068455-0,-1.0,-15.80925,-48.155817,20.0,,,2,2023-06-16T01:31:30+00:00
BRA_444936,Brasília,5300108,,Marechal,361.1,https://moovitapp.com/index/pt-br/transporte_p%C3%BAblico-line-361_1-Brasilia-1702-851940-363861-0,-1.0,-15.84569,-48.043783,46.0,,,2,2023-06-16T01:31:30+00:00
BRA_445088,Brasília,5300108,,São José,332.1,https://moovitapp.com/index/pt-br/transporte_p%C3%BAblico-line-332_1-Brasilia-1702-851943-2068455-0,-1.0,-15.80426,-48.067213,35.0,,,2,2023-06-16T01:31:30+00:00
BRA_445100,Brasília,5300108,,São José,333.6,https://moovitapp.com/index/pt-br/transporte_p%C3%BAblico-line-333_6-Brasilia-1702-851943-2068452-0,-1.0,-15.838783,-48.12903,0.0,,,2,2023-06-16T01:31:30+00:00
BRA_444987,Brasília,5300108,,São José,359.2,https://moovitapp.com/index/pt-br/transporte_p%C3%BAblico-line-359_2-Brasilia-1702-851943-2068453-0,-1.0,-15.840623,-48.021933,7.0,,,2,2023-06-16T01:02:04+00:00
BRA_444863,Brasília,5300108,,Marechal,0.089,https://moovitapp.com/index/pt-br/transporte_p%C3%BAblico-line-0_089-Brasilia-1702-851940-706977-0,-1.0,-15.839377,-48.129617,0.0,,,2,2023-06-16T01:31:30+00:00
BRA_445061,Brasília,5300108,,Marechal,363.2,https://moovitapp.com/index/pt-br/transporte_p%C3%BAblico-line-363_2-Brasilia-1702-851940-725443-0,-1.0,-15.803357,-48.068423,50.0,,,2,2023-06-16T01:31:25+00:00
BRA_445037,Brasília,5300108,,Marechal,933.6,https://moovitapp.com/index/pt-br/transporte_p%C3%BAblico-line-933_6-Brasilia-1702-851940-3494672-0,-1.0,-15.82191,-48.113583,6.0,,,2,2023-06-16T00:33:18+00:00
BRA_444961,Brasília,5300108,,Marechal,0.043,https://moovitapp.com/index/pt-br/transporte_p%C3%BAblico-line-0_043-Brasilia-1702-851940-781330-0,-1.0,-15.840937,-48.12652,0.0,,,2,2023-06-16T01:31:30+00:00
BRA_444821,Brasília,5300108,,Marechal,363.1,https://moovitapp.com/index/pt-br/transporte_p%C3%BAblico-line-363_1-Brasilia-1702-851940-504344-0,-1.0,-15.815767,-48.101787,46.0,,,2,2023-06-16T01:31:31+00:00
BRA_440817,Brasília,5300108,,São José,157.9,https://moovitapp.com/index/pt-br/transporte_p%C3%BAblico-line-157_9-Brasilia-1702-851943-707030-0,-1.0,-15.822933,-47.980583,19.0,,,2,2023-06-16T01:31:30+00:00
BRA_441406,Brasília,5300108,,Marechal,0.089,https://moovitapp.com/index/pt-br/transporte_p%C3%BAblico-line-0_089-Brasilia-1702-851940-706977-0,-1.0,-15.879427,-48.120593,52.0,,,2,2023-06-16T01:31:30+00:00
BRA_443867,Brasília,5300108,,Marechal,0.959,https://moovitapp.com/index/pt-br/transporte_p%C3%BAblico-line-0_959-Brasilia-1702-851940-546208-0,-1.0,-15.83265,-48.057477,29.0,,,2,2023-06-16T01:31:30+00:00
BRA_445118,Brasília,5300108,,Marechal,355.3,https://moovitapp.com/index/pt-br/transporte_p%C3%BAblico-line-355_3-Brasilia-1702-851940-504343-0,-1.0,-15.867117,-48.03729,0.0,,,2,2023-06-16T01:31:30+00:00
BRA_440884,Brasília,5300108,,Marechal,0.205,https://moovitapp.com/index/pt-br/transporte_p%C3%BAblico-line-0_205-Brasilia-1702-851940-463646-0,-1.0,-15.869687,-48.037863,0.0,,,2,2023-06-16T01:31:30+00:00
BRA_444651,Brasília,5300108,,Marechal,336.1,https://moovitapp.com/index/pt-br/transporte_p%C3%BAblico-line-336_1-Brasilia-1702-851940-347163-0,-1.0,-15.8117,-47.997963,60.0,,,2,2023-06-16T01:31:30+00:00
BRA_440256,Brasília,5300108,,Marechal,156.1,https://moovitapp.com/index/pt-br/transporte_p%C3%BAblico-line-156_1-Brasilia-1702-851940-242750-0,-1.0,-15.809113,-48.087257,26.0,,,2,2023-06-16T01:31:30+00:00
BRA_444901,Brasília,5300108,,Marechal,0.383,https://moovitapp.com/index/pt-br/transporte_p%C3%BAblico-line-0_383-Brasilia-1702-851940-347151-0,-1.0,-15.833447,-48.100707,46.0,,,2,2023-06-16T01:31:30+00:00
BRA_441643,Brasília,5300108,,Urbi,0.056,https://moovitapp.com/index/pt-br/transporte_p%C3%BAblico-line-0_056-Brasilia-1702-851595-588804-0,-1.0,-15.83973,-48.1292,0.0,,,2,2023-06-16T01:31:30+00:00
BRA_443638,Brasília,5300108,,Marechal,351.3,https://moovitapp.com/index/pt-br/transporte_p%C3%BAblico-line-351_3-Brasilia-1702-851940-510249-0,-1.0,-15.87019,-48.037847,0.0,,,2,2023-06-16T01:28:45+00:00
BRA_442518,Brasília,5300108,,Urbi,056.2,https://moovitapp.com/index/pt-br/transporte_p%C3%BAblico-line-056_2-Brasilia-1702-851595-492982-0,-1.0,-15.840117,-48.129313,0.0,,,2,2023-06-16T01:31:30+00:00
BRA_445169,Brasília,5300108,,Marechal,0.305,https://moovitapp.com/index/pt-br/transporte_p%C3%BAblico-line-0_305-Brasilia-1702-851940-775108-0,-1.0,-15.83796,-48.058783,48.0,,,2,2023-06-16T01:31:30+00:00
BRA_441341,Brasília,5300108,,Marechal,0.205,https://moovitapp.com/index/pt-br/transporte_p%C3%BAblico-line-0_205-Brasilia-1702-851940-463646-0,-1.0,-15.869817,-48.037843,0.0,,,2,2023-06-16T01:31:30+00:00
BRA_223930,Brasília,5300108,,Pioneira,2307,https://moovitapp.com/index/pt-br/transporte_p%C3%BAblico-line-2307-Brasilia-1702-851941-18556638-0,-1.0,-15.953064,-47.994345,,,,1,2023-06-14T10:16:34+00:00
BRA_228681,Brasília,5300108,,Pioneira,180.2,https://moovitapp.com/index/pt-br/transporte_p%C3%BAblico-line-180_2-Brasilia-1702-851941-514539-0,-1.0,-15.793611,-47.881735,,,,2,2023-06-16T00:58:52+00:00
BRA_231321,Brasília,5300108,,Taguatur,3304,https://moovitapp.com/index/pt-br/transporte_p%C3%BAblico-line-3304-Brasilia-1702-854428-21462346-0,-1.0,-16.011139,-47.990206,,,,1,2023-06-16T01:31:42+00:00
BRA_232165,Brasília,5300108,,,3206,,,-16.029249,-48.070197,,,,1,2023-06-16T01:31:12+00:00
BRA_232521,Brasília,5300108,,Pioneira,2307,https://moovitapp.com/index/pt-br/transporte_p%C3%BAblico-line-2307-Brasilia-1702-851941-18556638-0,-1.0,-15.788333,-47.901553,,,,2,2023-06-16T01:31:04+00:00
BRA_229954,Brasília,5300108,,,3201,,,-16.037505,-48.061054,,,,1,2023-06-16T01:31:26+00:00
BRA_226599,Brasília,5300108,,Pioneira,102.1,https://moovitapp.com/index/pt-br/transporte_p%C3%BAblico-line-102_1-Brasilia-1702-851941-775125-0,-1.0,-15.848036,-47.903625,,,,1,2023-06-16T01:31:02+00:00
BRA_226874,Brasília,5300108,,Pioneira,764.2,https://moovitapp.com/index/pt-br/transporte_p%C3%BAblico-line-764_2-Brasilia-1702-851941-527246-0,-1.0,-15.751712,-47.763601,,,,1,2023-06-16T01:30:26+00:00
BRA_231444,Brasília,5300108,,Pioneira,183.8,https://moovitapp.com/index/pt-br/transporte_p%C3%BAblico-line-183_8-Brasilia-1702-851941-719958-0,-1.0,-15.913359,-47.757116,,,,1,2023-06-16T01:30:52+00:00
BRA_230111,Brasília,5300108,,Pioneira,124.6,https://moovitapp.com/index/pt-br/transporte_p%C3%BAblico-line-124_6-Brasilia-1702-851941-425282-0,-1.0,-15.878646,-47.959841,,,,1,2023-06-16T01:31:26+00:00
BRA_227650,Brasília,5300108,,Pioneira,147.2,https://moovitapp.com/index/pt-br/transporte_p%C3%BAblico-line-147_2-Brasilia-1702-851941-519403-0,-1.0,-15.886127,-47.813605,,,,2,2023-06-16T01:30:52+00:00
BRA_229032,Brasília,5300108,,Pioneira,3312,https://moovitapp.com/index/pt-br/transporte_p%C3%BAblico-line-3312-Brasilia-1702-851941-616181-0,-1.0,-16.002108,-47.987155,,,,2,2023-06-16T01:30:48+00:00
BRA_229253,Brasília,5300108,,Pioneira,759.1,https://moovitapp.com/index/pt-br/transporte_p%C3%BAblico-line-759_1-Brasilia-1702-851941-616183-0,-1.0,-15.7618,-47.810032,,,,1,2023-06-16T01:31:30+00:00
BRA_232629,Brasília,5300108,,Pioneira,2208,https://moovitapp.com/index/pt-br/transporte_p%C3%BAblico-line-2208-Brasilia-1702-851941-18556642-0,-1.0,-15.788387,-47.905393,,,,1,2023-06-16T01:32:12+00:00
BRA_231754,Brasília,5300108,,Pioneira,780.1,https://moovitapp.com/index/pt-br/transporte_p%C3%BAblico-line-780_1-Brasilia-1702-851941-531040-0,-1.0,-15.718427,-47.861734,,,,1,2023-06-16T01:31:46+00:00
BRA_227714,Brasília,5300108,,,3202,,,-16.032603,-48.057812,,,,1,2023-06-16T01:31:38+00:00
BRA_227218,Brasília,5300108,,Pioneira,3210,https://moovitapp.com/index/pt-br/transporte_p%C3%BAblico-line-3210-Brasilia-1702-851941-14518504-0,-1.0,-15.954075,-48.031122,,,,1,2023-06-16T01:30:50+00:00
BRA_228303,Brasília,5300108,,Pioneira,205.1,https://moovitapp.com/index/pt-br/transporte_p%C3%BAblico-line-205_1-Brasilia-1702-851941-393571-0,-1.0,-16.01935,-48.065994,,,,1,2023-06-16T01:30:28+00:00
BRA_232432,Brasília,5300108,,Pioneira,3315,https://moovitapp.com/index/pt-br/transporte_p%C3%BAblico-line-3315-Brasilia-1702-851941-645997-0,-1.0,-16.00734,-48.002352,,,,1,2023-06-16T01:31:22+00:00
BRA_232025,Brasília,5300108,,Pioneira,180.1,https://moovitapp.com/index/pt-br/transporte_p%C3%BAblico-line-180_1-Brasilia-1702-851941-339336-0,-1.0,-15.799042,-47.869789,,,,2,2023-06-16T01:31:40+00:00
BRA_227382,Brasília,5300108,,Pioneira,180.3,https://moovitapp.com/index/pt-br/transporte_p%C3%BAblico-line-180_3-Brasilia-1702-851941-546212-0,-1.0,-15.794544,-47.882092,,,,1,2023-06-16T01:28:34+00:00
BRA_232220,Brasília,5300108,,Pioneira,205.1,https://moovitapp.com/index/pt-br/transporte_p%C3%BAblico-line-205_1-Brasilia-1702-851941-393571-0,-1.0,-15.80434,-48.06719,,,,2,2023-06-16T01:31:38+00:00
BRA_229563,Brasília,5300108,,Pioneira,180.2,https://moovitapp.com/index/pt-br/transporte_p%C3%BAblico-line-180_2-Brasilia-1702-851941-514539-0,-1.0,-15.808301,-47.849762,,,,1,2023-06-16T01:31:56+00:00
BRA_228621,Brasília,5300108,,Pioneira,147.5,https://moovitapp.com/index/pt-br/transporte_p%C3%BAblico-line-147_5-Brasilia-1702-851941-519406-0,-1.0,-15.759192,-47.892563,,,,2,2023-06-16T01:30:32+00:00
BRA_227781,Brasília,5300108,,,3202,,,-16.017535,-48.048949,,,,1,2023-06-16T01:31:50+00:00
BRA_231533,Brasília,5300108,,Pioneira,0.018,https://moovitapp.com/index/pt-br/transporte_p%C3%BAblico-line-0_018-Brasilia-1702-851941-75742713-0,-1.0,-15.76011,-47.782115,,,,2,2023-06-16T01:31:36+00:00
BRA_227072,Brasília,5300108,,Pioneira,764.2,https://moovitapp.com/index/pt-br/transporte_p%C3%BAblico-line-764_2-Brasilia-1702-851941-527246-0,-1.0,-15.793198,-47.78282,,,,1,2023-06-16T01:31:30+00:00
BRA_226360,Brasília,5300108,,Pioneira,2205,https://moovitapp.com/index/pt-br/transporte_p%C3%BAblico-line-2205-Brasilia-1702-851941-393568-0,-1.0,-15.945565,-47.99062,,,,2,2023-06-16T01:31:34+00:00
BRA_226432,Brasília,5300108,,Pioneira,761.1,https://moovitapp.com/index/pt-br/transporte_p%C3%BAblico-line-761_1-Brasilia-1702-851941-620161-0,-1.0,-15.775337,-47.779521,,,,2,2023-06-16T01:31:44+00:00
BRA_228567,Brasília,5300108,,Pioneira,2307,https://moovitapp.com/index/pt-br/transporte_p%C3%BAblico-line-2307-Brasilia-1702-851941-18556638-0,-1.0,-15.988701,-47.98704,,,,2,2023-06-16T01:31:52+00:00
BRA_232475,Brasília,5300108,,Pioneira,3314,https://moovitapp.com/index/pt-br/transporte_p%C3%BAblico-line-3314-Brasilia-1702-851941-645996-0,-1.0,-16.029615,-47.990035,,,,1,2023-06-16T01:31:06+00:00
BRA_226688,Brasília,5300108,,Pioneira,0.759,https://moovitapp.com/index/pt-br/transporte_p%C3%BAblico-line-0_759-Brasilia-1702-851941-775121-0,-1.0,-15.763898,-47.793724,,,,2,2023-06-16T01:31:10+00:00
BRA_231631,Brasília,5300108,,Pioneira,0.762,https://moovitapp.com/index/pt-br/transporte_p%C3%BAblico-line-0_762-Brasilia-1702-851941-576189-0,-1.0,-15.736016,-47.765285,,,,1,2023-06-15T08:20:24+00:00
BRA_227609,Brasília,5300108,,Pioneira,2205,https://moovitapp.com/index/pt-br/transporte_p%C3%BAblico-line-2205-Brasilia-1702-851941-393568-0,-1.0,-15.808411,-47.901031,,,,1,2023-06-16T01:31:28+00:00
BRA_226467,Brasília,5300108,,Pioneira,759.1,https://moovitapp.com/index/pt-br/transporte_p%C3%BAblico-line-759_1-Brasilia-1702-851941-616183-0,-1.0,-15.745926,-47.896791,,,,1,2023-06-16T01:30:38+00:00
BRA_232203,Brasília,5300108,,Pioneira,124.6,https://moovitapp.com/index/pt-br/transporte_p%C3%BAblico-line-124_6-Brasilia-1702-851941-425282-0,-1.0,-15.874683,-47.958258,,,,1,2023-06-15T23:26:54+00:00
BRA_228281,Brasília,5300108,,,3202,,,-16.037483,-48.056356,,,,1,2023-06-16T01:31:24+00:00
BRA_229482,Brasília,5300108,,Pioneira,0.195,https://moovitapp.com/index/pt-br/transporte_p%C3%BAblico-line-0_195-Brasilia-1702-851941-242845-0,-1.0,-15.863811,-47.821336,,,,1,2023-06-16T01:30:44+00:00
BRA_227838,Brasília,5300108,,Pioneira,180.2,https://moovitapp.com/index/pt-br/transporte_p%C3%BAblico-line-180_2-Brasilia-1702-851941-514539-0,-1.0,-15.79426,-47.881888,,,,1,2023-06-16T01:30:42+00:00
BRA_230049,Brasília,5300108,,Taguatur,3305,https://moovitapp.com/index/pt-br/transporte_p%C3%BAblico-line-3305-Brasilia-1702-854428-77810673-0,-1.0,-16.048911,-48.014903,,,,1,2023-06-16T01:30:52+00:00
BRA_232602,Brasília,5300108,,UTB,2302,https://moovitapp.com/index/pt-br/transporte_p%C3%BAblico-line-2302-Brasilia-1702-854427-744298-0,-1.0,-15.794031,-47.882594,,,,1,2023-06-16T01:31:34+00:00
BRA_226262,Brasília,5300108,,UTB,2303,https://moovitapp.com/index/pt-br/transporte_p%C3%BAblico-line-2303-Brasilia-1702-854427-744299-0,-1.0,-15.870989,-47.949669,,,,1,2023-06-16T01:31:12+00:00
BRA_226556,Brasília,5300108,,Pioneira,0.111,https://moovitapp.com/index/pt-br/transporte_p%C3%BAblico-line-0_111-Brasilia-1702-851941-432834-0,-1.0,-15.845175,-47.895379,,,,1,2023-06-16T01:31:32+00:00
BRA_230065,Brasília,5300108,,Taguatur,3302,https://moovitapp.com/index/pt-br/transporte_p%C3%BAblico-line-3302-Brasilia-1702-854428-3135322-0,-1.0,-16.010595,-48.008863,,,,1,2023-06-16T01:31:24+00:00
BRA_228885,Brasília,5300108,,Pioneira,2307,https://moovitapp.com/index/pt-br/transporte_p%C3%BAblico-line-2307-Brasilia-1702-851941-18556638-0,-1.0,-15.788383,-47.905526,,,,1,2023-06-16T01:31:04+00:00
BRA_225703,Brasília,5300108,,Pioneira,0.764,https://moovitapp.com/index/pt-br/transporte_p%C3%BAblico-line-0_764-Brasilia-1702-851941-516641-0,-1.0,-15.736655,-47.76582,,,,1,2023-06-16T01:31:12+00:00
BRA_229849,Brasília,5300108,,Pioneira,0.147,https://moovitapp.com/index/pt-br/transporte_p%C3%BAblico-line-0_147-Brasilia-1702-851941-519401-0,-1.0,-15.913536,-47.756938,,,,2,2023-06-16T00:09:48+00:00
BRA_228575,Brasília,5300108,,Pioneira,255.1,https://moovitapp.com/index/pt-br/transporte_p%C3%BAblico-line-255_1-Brasilia-1702-851941-706982-0,-1.0,-15.818046,-48.062485,,,,2,2023-06-16T01:31:38+00:00
BRA_232084,Brasília,5300108,,Pioneira,180.0,https://moovitapp.com/index/pt-br/transporte_p%C3%BAblico-line-180_0-Brasilia-1702-851941-77097780-0,-1.0,-15.902901,-47.776087,,,,1,2023-06-16T01:30:56+00:00
BRA_230031,Brasília,5300108,,,3207,,,-16.013018,-48.068385,,,,1,2023-06-16T01:31:30+00:00
BRA_226831,Brasília,5300108,,Pioneira,0.510,https://moovitapp.com/index/pt-br/transporte_p%C3%BAblico-line-0_510-Brasilia-1702-851941-16483906-0,-1.0,-15.76021,-47.780773,,,,1,2023-06-15T13:15:44+00:00
BRA_227480,Brasília,5300108,,,3201,,,-15.998349,-48.058562,,,,1,2023-06-15T21:20:48+00:00
BRA_227480,Brasília,5300108,,Taguatur,3305,https://moovitapp.com/index/pt-br/transporte_p%C3%BAblico-line-3305-Brasilia-1702-854428-77810673-0,-1.0,-16.047293,-48.044867,,,,1,2023-06-16T01:31:18+00:00
BRA_230103,Brasília,5300108,,Taguatur,3302,https://moovitapp.com/index/pt-br/transporte_p%C3%BAblico-line-3302-Brasilia-1702-854428-3135322-0,-1.0,-16.030015,-48.033175,,,,1,2023-06-16T01:31:24+00:00
BRA_228125,Brasília,5300108,,,3202,,,-16.012506,-48.04708,,,,1,2023-06-16T01:32:28+00:00
BRA_231703,Brasília,5300108,,Pioneira,100.8,https://moovitapp.com/index/pt-br/transporte_p%C3%BAblico-line-100_8-Brasilia-1702-851941-576191-0,-1.0,-15.83252,-47.923367,,,,1,2023-06-16T01:30:34+00:00
BRA_230171,Brasília,5300108,,Taguatur,3302,https://moovitapp.com/index/pt-br/transporte_p%C3%BAblico-line-3302-Brasilia-1702-854428-3135322-0,-1.0,-16.002009,-47.985851,,,,1,2023-06-16T01:31:48+00:00
BRA_229512,Brasília,5300108,,,3204,,,-15.991693,-48.049254,,,,1,2023-06-16T01:31:40+00:00
BRA_229083,Brasília,5300108,,Pioneira,197.3,https://moovitapp.com/index/pt-br/transporte_p%C3%BAblico-line-197_3-Brasilia-1702-851941-519409-0,-1.0,-15.913339,-47.756931,,,,2,2023-06-16T01:31:20+00:00
BRA_231649,Brasília,5300108,,Pioneira,0.762,https://moovitapp.com/index/pt-br/transporte_p%C3%BAblico-line-0_762-Brasilia-1702-851941-576189-0,-1.0,-15.746384,-47.768452,,,,1,2023-06-16T01:31:02+00:00
BRA_228028,Brasília,5300108,,Pioneira,0.147,https://moovitapp.com/index/pt-br/transporte_p%C3%BAblico-line-0_147-Brasilia-1702-851941-519401-0,-1.0,-15.794899,-47.876357,,,,1,2023-06-16T01:30:42+00:00
BRA_227129,Brasília,5300108,,Pioneira,2205,https://moovitapp.com/index/pt-br/transporte_p%C3%BAblico-line-2205-Brasilia-1702-851941-393568-0,-1.0,-15.821732,-47.919323,,,,2,2023-06-16T01:31:24+00:00
BRA_229440,Brasília,5300108,,Pioneira,2306,https://moovitapp.com/index/pt-br/transporte_p%C3%BAblico-line-2306-Brasilia-1702-851941-18556641-0,-1.0,-15.8568,-47.933838,,,,2,2023-06-16T01:31:24+00:00
BRA_226882,Brasília,5300108,,,2202,,,-15.793718,-47.882327,,,,1,2023-06-16T01:31:34+00:00
BRA_229938,Brasília,5300108,,,3204,,,-16.003223,-48.053406,,,,1,2023-06-16T01:31:12+00:00
BRA_231827,Brasília,5300108,,Pioneira,0.147,https://moovitapp.com/index/pt-br/transporte_p%C3%BAblico-line-0_147-Brasilia-1702-851941-519401-0,-1.0,-15.887516,-47.808296,,,,1,2023-06-16T01:31:08+00:00
BRA_231789,Brasília,5300108,,Pioneira,0.764,https://moovitapp.com/index/pt-br/transporte_p%C3%BAblico-line-0_764-Brasilia-1702-851941-516641-0,-1.0,-15.751982,-47.780106,,,,2,2023-06-15T22:13:24+00:00
BRA_228702,Brasília,5300108,,Pioneira,255.1,https://moovitapp.com/index/pt-br/transporte_p%C3%BAblico-line-255_1-Brasilia-1702-851941-706982-0,-1.0,-15.846391,-48.043742,,,,2,2023-06-16T01:32:32+00:00
BRA_229873,Brasília,5300108,,Pioneira,147.5,https://moovitapp.com/index/pt-br/transporte_p%C3%BAblico-line-147_5-Brasilia-1702-851941-519406-0,-1.0,-15.903927,-47.768795,,,,1,2023-06-16T01:31:22+00:00
BRA_226939,Brasília,5300108,,Pioneira,759.1,https://moovitapp.com/index/pt-br/transporte_p%C3%BAblico-line-759_1-Brasilia-1702-851941-616183-0,-1.0,-15.74728,-47.766099,,,,2,2023-06-16T01:31:28+00:00
BRA_229202,Brasília,5300108,,UTB,2302,https://moovitapp.com/index/pt-br/transporte_p%C3%BAblico-line-2302-Brasilia-1702-854427-744298-0,-1.0,-16.002534,-47.98671,,,,2,2023-06-16T01:31:54+00:00
BRA_231606,Brasília,5300108,,Pioneira,764.2,https://moovitapp.com/index/pt-br/transporte_p%C3%BAblico-line-764_2-Brasilia-1702-851941-527246-0,-1.0,-15.760531,-47.781193,,,,2,2023-06-16T01:30:44+00:00
BRA_227447,Brasília,5300108,,Pioneira,2206,https://moovitapp.com/index/pt-br/transporte_p%C3%BAblico-line-2206-Brasilia-1702-851941-18556637-0,-1.0,-15.736507,-47.89922,,,,1,2023-06-16T01:31:32+00:00
BRA_223697,Brasília,5300108,,,2202,,,-15.81075,-47.892531,,,,1,2023-06-16T01:32:36+00:00
BRA_227234,Brasília,5300108,,Pioneira,147.2,https://moovitapp.com/index/pt-br/transporte_p%C3%BAblico-line-147_2-Brasilia-1702-851941-519403-0,-1.0,-15.793373,-47.888894,,,,2,2023-06-16T01:31:46+00:00
BRA_229971,Brasília,5300108,,,3204,,,-15.992201,-48.049756,,,,1,2023-06-16T01:30:44+00:00
BRA_227587,Brasília,5300108,,Pioneira,147.5,https://moovitapp.com/index/pt-br/transporte_p%C3%BAblico-line-147_5-Brasilia-1702-851941-519406-0,-1.0,-15.81761,-47.834255,,,,1,2023-06-16T01:30:54+00:00
BRA_232491,Brasília,5300108,,Taguatur,3302,https://moovitapp.com/index/pt-br/transporte_p%C3%BAblico-line-3302-Brasilia-1702-854428-3135322-0,-1.0,-16.010449,-48.008971,,,,1,2023-06-16T01:26:50+00:00
BRA_228435,Brasília,5300108,,,3201,,,-16.0114,-48.060037,,,,1,2023-06-16T01:31:50+00:00
BRA_229920,Brasília,5300108,,,3204,,,-16.019045,-48.067329,,,,1,2023-06-16T01:31:20+00:00
BRA_225533,Brasília,5300108,,Pioneira,2205,https://moovitapp.com/index/pt-br/transporte_p%C3%BAblico-line-2205-Brasilia-1702-851941-393568-0,-1.0,-15.815099,-47.910104,,,,2,2023-06-16T00:39:34+00:00
BRA_228869,Brasília,5300108,,Pioneira,251.7,https://moovitapp.com/index/pt-br/transporte_p%C3%BAblico-line-251_7-Brasilia-1702-851941-651524-0,-1.0,-16.001945,-47.985832,,,,1,2023-06-16T01:30:34+00:00
BRA_229989,Brasília,5300108,,,3207,,,-15.997009,-48.057411,,,,1,2023-06-16T01:30:56+00:00
BRA_228079,Brasília,5300108,,Pioneira,205.1,https://moovitapp.com/index/pt-br/transporte_p%C3%BAblico-line-205_1-Brasilia-1702-851941-393571-0,-1.0,-15.8999,-48.055186,,,,2,2023-06-16T01:31:56+00:00
BRA_223867,Brasília,5300108,,Pioneira,2208,https://moovitapp.com/index/pt-br/transporte_p%C3%BAblico-line-2208-Brasilia-1702-851941-18556642-0,-1.0,-15.856957,-47.956084,,,,2,2023-06-16T01:31:36+00:00
BRA_229610,Brasília,5300108,,,3207,,,-15.992343,-48.049884,,,,1,2023-06-16T01:31:04+00:00
BRA_228044,Brasília,5300108,,Pioneira,181.2,https://moovitapp.com/index/pt-br/transporte_p%C3%BAblico-line-181_2-Brasilia-1702-851941-339338-0,-1.0,-15.905199,-47.772972,,,,1,2023-06-16T01:31:20+00:00
BRA_230201,Brasília,5300108,,Pioneira,020.2,https://moovitapp.com/index/pt-br/transporte_p%C3%BAblico-line-020_2-Brasilia-1702-851941-708653-0,-1.0,-16.002324,-48.059586,,,,1,2023-06-16T01:31:04+00:00
BRA_227595,Brasília,5300108,,Pioneira,181.2,https://moovitapp.com/index/pt-br/transporte_p%C3%BAblico-line-181_2-Brasilia-1702-851941-339338-0,-1.0,-15.892618,-47.794029,,,,1,2023-06-16T01:31:48+00:00
BRA_226611,Brasília,5300108,,Pioneira,0.765,https://moovitapp.com/index/pt-br/transporte_p%C3%BAblico-line-0_765-Brasilia-1702-851941-576190-0,-1.0,-15.783021,-47.777009,,,,1,2023-06-16T01:31:52+00:00
BRA_229792,Brasília,5300108,,Pioneira,180.0,https://moovitapp.com/index/pt-br/transporte_p%C3%BAblico-line-180_0-Brasilia-1702-851941-77097780-0,-1.0,-15.861912,-47.819658,,,,2,2023-06-16T01:30:28+00:00
BRA_228168,Brasília,5300108,,UTB,2302,https://moovitapp.com/index/pt-br/transporte_p%C3%BAblico-line-2302-Brasilia-1702-854427-744298-0,-1.0,-15.904978,-47.963726,,,,1,2023-06-16T01:31:18+00:00
BRA_226017,Brasília,5300108,,UTB,2303,https://moovitapp.com/index/pt-br/transporte_p%C3%BAblico-line-2303-Brasilia-1702-854427-744299-0,-1.0,-15.937319,-47.98498,,,,2,2023-06-16T01:32:10+00:00
BRA_227439,Brasília,5300108,,Pioneira,181.5,https://moovitapp.com/index/pt-br/transporte_p%C3%BAblico-line-181_5-Brasilia-1702-851941-756866-0,-1.0,-15.913615,-47.757071,,,,1,2023-06-16T01:31:04+00:00
BRA_228061,Brasília,5300108,,Pioneira,181.1,https://moovitapp.com/index/pt-br/transporte_p%C3%BAblico-line-181_1-Brasilia-1702-851941-242915-0,-1.0,-15.774048,-47.779565,,,,1,2023-06-16T01:31:08+00:00
BRA_228311,Brasília,5300108,,Pioneira,205.1,https://moovitapp.com/index/pt-br/transporte_p%C3%BAblico-line-205_1-Brasilia-1702-851941-393571-0,-1.0,-15.874384,-48.028439,,,,1,2023-06-16T01:31:20+00:00
BRA_232581,Brasília,5300108,,UTB,2302,https://moovitapp.com/index/pt-br/transporte_p%C3%BAblico-line-2302-Brasilia-1702-854427-744298-0,-1.0,-15.85892,-47.935612,,,,2,2023-06-16T01:30:42+00:00
BRA_226068,Brasília,5300108,,UTB,2302,https://moovitapp.com/index/pt-br/transporte_p%C3%BAblico-line-2302-Brasilia-1702-854427-744298-0,-1.0,-15.942469,-47.988471,,,,2,2023-06-16T01:31:42+00:00
BRA_229946,Brasília,5300108,,Pioneira,073.1,https://moovitapp.com/index/pt-br/transporte_p%C3%BAblico-line-073_1-Brasilia-1702-851941-775123-0,-1.0,-15.836215,-47.933889,,,,1,2023-06-16T01:31:26+00:00
BRA_230219,Brasília,5300108,,Pioneira,0.255,https://moovitapp.com/index/pt-br/transporte_p%C3%BAblico-line-0_255-Brasilia-1702-851941-706978-0,-1.0,-15.79476,-48.110474,,,,1,2023-06-16T01:30:42+00:00
BRA_228052,Brasília,5300108,,Pioneira,205.1,https://moovitapp.com/index/pt-br/transporte_p%C3%BAblico-line-205_1-Brasilia-1702-851941-393571-0,-1.0,-15.808449,-48.085195,,,,1,2023-06-16T01:31:16+00:00
BRA_226521,Brasília,5300108,,Pioneira,510.1,https://moovitapp.com/index/pt-br/transporte_p%C3%BAblico-line-510_1-Brasilia-1702-851941-770035-0,-1.0,-15.760587,-47.781403,,,,1,2023-06-16T01:31:24+00:00
BRA_226653,Brasília,5300108,,Pioneira,764.2,https://moovitapp.com/index/pt-br/transporte_p%C3%BAblico-line-764_2-Brasilia-1702-851941-527246-0,-1.0,-15.83523,-47.821959,,,,2,2023-06-16T01:31:38+00:00
BRA_226670,Brasília,5300108,,Pioneira,780.1,https://moovitapp.com/index/pt-br/transporte_p%C3%BAblico-line-780_1-Brasilia-1702-851941-531040-0,-1.0,-15.775361,-47.779495,,,,2,2023-06-16T01:31:46+00:00
BRA_223611,Brasília,5300108,,UTB,2303,https://moovitapp.com/index/pt-br/transporte_p%C3%BAblico-line-2303-Brasilia-1702-854427-744299-0,-1.0,-15.794921,-47.890878,,,,1,2023-06-16T01:31:16+00:00
BRA_228010,Brasília,5300108,,,3207,,,-16.012299,-48.066312,,,,1,2023-06-16T01:31:32+00:00
BRA_228346,Brasília,5300108,,Pioneira,251.7,https://moovitapp.com/index/pt-br/transporte_p%C3%BAblico-line-251_7-Brasilia-1702-851941-651524-0,-1.0,-16.023632,-48.079225,,,,1,2023-06-16T01:31:18+00:00
BRA_228338,Brasília,5300108,,Pioneira,147.7,https://moovitapp.com/index/pt-br/transporte_p%C3%BAblico-line-147_7-Brasilia-1702-851941-574205-0,-1.0,-15.880281,-47.809479,,,,2,2023-06-16T01:30:40+00:00
BRA_225525,Brasília,5300108,,UTB,2303,https://moovitapp.com/index/pt-br/transporte_p%C3%BAblico-line-2303-Brasilia-1702-854427-744299-0,-1.0,-16.002359,-47.987422,,,,1,2023-06-16T01:30:54+00:00
BRA_232041,Brasília,5300108,,Pioneira,147.7,https://moovitapp.com/index/pt-br/transporte_p%C3%BAblico-line-147_7-Brasilia-1702-851941-574205-0,-1.0,-15.825621,-47.876172,,,,1,2023-06-16T01:31:28+00:00
BRA_229865,Brasília,5300108,,Pioneira,197.3,https://moovitapp.com/index/pt-br/transporte_p%C3%BAblico-line-197_3-Brasilia-1702-851941-519409-0,-1.0,-15.913332,-47.757084,,,,1,2023-06-15T23:32:54+00:00
BRA_227170,Brasília,5300108,,Pioneira,180.1,https://moovitapp.com/index/pt-br/transporte_p%C3%BAblico-line-180_1-Brasilia-1702-851941-339336-0,-1.0,-15.895921,-47.791378,,,,2,2023-06-16T01:27:30+00:00
BRA_229458,Brasília,5300108,,Pioneira,181.2,https://moovitapp.com/index/pt-br/transporte_p%C3%BAblico-line-181_2-Brasilia-1702-851941-339338-0,-1.0,-15.874753,-47.823224,,,,1,2023-06-16T01:31:18+00:00
BRA_228923,Brasília,5300108,,Pioneira,073.2,https://moovitapp.com/index/pt-br/transporte_p%C3%BAblico-line-073_2-Brasilia-1702-851941-775124-0,-1.0,-15.885177,-47.959485,,,,1,2023-06-16T01:31:08+00:00
BRA_232122,Brasília,5300108,,Pioneira,147.9,https://moovitapp.com/index/pt-br/transporte_p%C3%BAblico-line-147_9-Brasilia-1702-851941-519407-0,-1.0,-15.736349,-47.906722,,,,2,2023-06-16T01:31:06+00:00
BRA_228478,Brasília,5300108,,Pioneira,0.225,https://moovitapp.com/index/pt-br/transporte_p%C3%BAblico-line-0_225-Brasilia-1702-851941-510253-0,-1.0,-15.788635,-48.134761,,,,1,2023-06-16T01:30:46+00:00
BRA_226548,Brasília,5300108,,Pioneira,0.763,https://moovitapp.com/index/pt-br/transporte_p%C3%BAblico-line-0_763-Brasilia-1702-851941-468878-0,-1.0,-15.7469,-47.76505,,,,2,2023-06-16T01:30:26+00:00
BRA_228974,Brasília,5300108,,Taguatur,3303,https://moovitapp.com/index/pt-br/transporte_p%C3%BAblico-line-3303-Brasilia-1702-854428-2224148-0,-1.0,-16.030845,-48.025571,,,,1,2023-06-16T01:30:58+00:00
BRA_231894,Brasília,5300108,,Pioneira,180.0,https://moovitapp.com/index/pt-br/transporte_p%C3%BAblico-line-180_0-Brasilia-1702-851941-77097780-0,-1.0,-15.900407,-47.77968,,,,2,2023-06-16T01:31:06+00:00
BRA_228818,Brasília,5300108,,Pioneira,784.3,https://moovitapp.com/index/pt-br/transporte_p%C3%BAblico-line-784_3-Brasilia-1702-851941-46904557-0,-1.0,-15.751012,-47.780945,,,,1,2023-06-16T01:30:54+00:00
BRA_232131,Brasília,5300108,,,3206,,,-16.037642,-48.056438,,,,1,2023-06-16T01:30:52+00:00
BRA_228354,Brasília,5300108,,Pioneira,0.253,https://moovitapp.com/index/pt-br/transporte_p%C3%BAblico-line-0_253-Brasilia-1702-851941-510254-0,-1.0,-15.788609,-48.134964,,,,2,2023-06-16T01:32:00+00:00
BRA_229318,Brasília,5300108,,Pioneira,0.765,https://moovitapp.com/index/pt-br/transporte_p%C3%BAblico-line-0_765-Brasilia-1702-851941-576190-0,-1.0,-15.79395,-47.881774,,,,1,2023-06-16T01:31:20+00:00
BRA_230197,Brasília,5300108,,Taguatur,3303,https://moovitapp.com/index/pt-br/transporte_p%C3%BAblico-line-3303-Brasilia-1702-854428-2224148-0,-1.0,-16.013517,-47.985177,,,,1,2023-06-16T01:31:42+00:00
BRA_227927,Brasília,5300108,,Pioneira,2306,https://moovitapp.com/index/pt-br/transporte_p%C3%BAblico-line-2306-Brasilia-1702-851941-18556641-0,-1.0,-15.785874,-47.887712,,,,1,2023-06-16T01:31:22+00:00
BRA_226564,Brasília,5300108,,Pioneira,764.2,https://moovitapp.com/index/pt-br/transporte_p%C3%BAblico-line-764_2-Brasilia-1702-851941-527246-0,-1.0,-15.760584,-47.781301,,,,2,2023-06-16T01:31:36+00:00
BRA_231878,Brasília,5300108,,Pioneira,197.3,https://moovitapp.com/index/pt-br/transporte_p%C3%BAblico-line-197_3-Brasilia-1702-851941-519409-0,-1.0,-15.881586,-47.82297,,,,2,2023-06-16T01:31:48+00:00
BRA_229156,Brasília,5300108,,,3301,,,-16.038424,-48.022945,,,,1,2023-06-16T01:30:30+00:00
BRA_227226,Brasília,5300108,,Pioneira,181.2,https://moovitapp.com/index/pt-br/transporte_p%C3%BAblico-line-181_2-Brasilia-1702-851941-339338-0,-1.0,-15.927043,-47.831369,,,,1,2023-06-14T16:06:06+00:00
BRA_231436,Brasília,5300108,,Pioneira,183.0,https://moovitapp.com/index/pt-br/transporte_p%C3%BAblico-line-183_0-Brasilia-1702-851941-26502248-0,-1.0,-15.913296,-47.757586,,,,1,2023-06-16T01:31:28+00:00
BRA_228842,Brasília,5300108,,Pioneira,147.5,https://moovitapp.com/index/pt-br/transporte_p%C3%BAblico-line-147_5-Brasilia-1702-851941-519406-0,-1.0,-15.902257,-47.777225,,,,2,2023-06-16T01:31:40+00:00
BRA_228575,Brasília,5300108,,Pioneira,0.255,https://moovitapp.com/index/pt-br/transporte_p%C3%BAblico-line-0_255-Brasilia-1702-851941-706978-0,-1.0,-16.015341,-48.015106,,,,1,2023-06-14T10:14:20+00:00
BRA_232211,Brasília,5300108,,Pioneira,205.1,https://moovitapp.com/index/pt-br/transporte_p%C3%BAblico-line-205_1-Brasilia-1702-851941-393571-0,-1.0,-15.942748,-48.040207,,,,2,2023-06-16T01:31:30+00:00
BRA_223930,Brasília,5300108,,UTB,2302,https://moovitapp.com/index/pt-br/transporte_p%C3%BAblico-line-2302-Brasilia-1702-854427-744298-0,-1.0,-15.831456,-47.919507,,,,1,2023-06-16T01:31:42+00:00
BRA_223930,Brasília,5300108,,Pioneira,2310,https://moovitapp.com/index/pt-br/transporte_p%C3%BAblico-line-2310-Brasilia-1702-851941-57764377-0,-1.0,-15.813036,-47.949141,,,,2,2023-06-13T21:56:00+00:00
BRA_223930,Brasília,5300108,,Pioneira,2207,https://moovitapp.com/index/pt-br/transporte_p%C3%BAblico-line-2207-Brasilia-1702-851941-422078-0,-1.0,-15.763694,-47.890859,,,,1,2023-06-14T12:55:10+00:00
BRA_229504,Brasília,5300108,,Pioneira,0.780,https://moovitapp.com/index/pt-br/transporte_p%C3%BAblico-line-0_780-Brasilia-1702-851941-514537-0,-1.0,-15.796309,-47.87855,,,,2,2023-06-14T19:24:22+00:00
BRA_226831,Brasília,5300108,,Urbi,0.129,https://moovitapp.com/index/pt-br/transporte_p%C3%BAblico-line-0_129-Brasilia-1702-851595-775097-0,-1.0,-15.871798,-47.958017,,,,1,2023-06-15T19:41:04+00:00
BRA_226645,Brasília,5300108,,,2202,,,-15.980439,-48.036564,,,,1,2023-06-16T01:31:38+00:00
BRA_223891,Brasília,5300108,,Pioneira,2306,https://moovitapp.com/index/pt-br/transporte_p%C3%BAblico-line-2306-Brasilia-1702-851941-18556641-0,-1.0,-15.746943,-47.896537,,,,2,2023-06-16T01:30:52+00:00
BRA_223972,Brasília,5300108,,UTB,2302,https://moovitapp.com/index/pt-br/transporte_p%C3%BAblico-line-2302-Brasilia-1702-854427-744298-0,-1.0,-15.997725,-47.985133,,,,1,2023-06-16T01:31:36+00:00
BRA_229296,Brasília,5300108,,Pioneira,255.1,https://moovitapp.com/index/pt-br/transporte_p%C3%BAblico-line-255_1-Brasilia-1702-851941-706982-0,-1.0,-15.805197,-48.074113,,,,2,2023-06-16T01:30:50+00:00
BRA_229636,Brasília,5300108,,Pioneira,780.1,https://moovitapp.com/index/pt-br/transporte_p%C3%BAblico-line-780_1-Brasilia-1702-851941-531040-0,-1.0,-15.76852,-47.779711,,,,1,2023-06-16T01:31:44+00:00
BRA_227811,Brasília,5300108,,Pioneira,180.2,https://moovitapp.com/index/pt-br/transporte_p%C3%BAblico-line-180_2-Brasilia-1702-851941-514539-0,-1.0,-15.896405,-47.796731,,,,2,2023-06-16T01:31:52+00:00
BRA_229130,Brasília,5300108,,Pioneira,0.102,https://moovitapp.com/index/pt-br/transporte_p%C3%BAblico-line-0_102-Brasilia-1702-851941-775119-0,-1.0,-15.794684,-47.882085,,,,1,2023-06-16T01:30:48+00:00
BRA_228362,Brasília,5300108,,Pioneira,251.8,https://moovitapp.com/index/pt-br/transporte_p%C3%BAblico-line-251_8-Brasilia-1702-851941-708654-0,-1.0,-16.034647,-48.05923,,,,1,2023-06-16T01:31:34+00:00
BRA_226157,Brasília,5300108,,UTB,2303,https://moovitapp.com/index/pt-br/transporte_p%C3%BAblico-line-2303-Brasilia-1702-854427-744299-0,-1.0,-15.813656,-47.908038,,,,2,2023-06-16T01:30:36+00:00
BRA_227994,Brasília,5300108,,Pioneira,180.1,https://moovitapp.com/index/pt-br/transporte_p%C3%BAblico-line-180_1-Brasilia-1702-851941-339336-0,-1.0,-15.799098,-47.851625,,,,1,2023-06-16T01:30:46+00:00
BRA_231720,Brasília,5300108,,Pioneira,0.510,https://moovitapp.com/index/pt-br/transporte_p%C3%BAblico-line-0_510-Brasilia-1702-851941-16483906-0,-1.0,-15.773153,-47.77954,,,,1,2023-06-16T01:32:00+00:00
BRA_227048,Brasília,5300108,,,2202,,,-15.973665,-48.029284,,,,2,2023-06-16T01:30:40+00:00
BRA_230006,Brasília,5300108,,,3204,,,-16.017703,-48.062052,,,,1,2023-06-16T01:31:16+00:00
BRA_226106,Brasília,5300108,,UTB,2303,https://moovitapp.com/index/pt-br/transporte_p%C3%BAblico-line-2303-Brasilia-1702-854427-744299-0,-1.0,-15.870547,-47.948874,,,,2,2023-06-16T01:31:26+00:00
BRA_228273,Brasília,5300108,,Pioneira,197.3,https://moovitapp.com/index/pt-br/transporte_p%C3%BAblico-line-197_3-Brasilia-1702-851941-519409-0,-1.0,-15.794296,-47.881901,,,,1,2023-06-16T01:31:20+00:00
BRA_226700,Brasília,5300108,,Pioneira,163.1,https://moovitapp.com/index/pt-br/transporte_p%C3%BAblico-line-163_1-Brasilia-1702-851941-242911-0,-1.0,-15.8448,-47.94106,,,,2,2023-06-16T00:12:20+00:00
BRA_229504,Brasília,5300108,,Pioneira,764.2,https://moovitapp.com/index/pt-br/transporte_p%C3%BAblico-line-764_2-Brasilia-1702-851941-527246-0,-1.0,-15.769987,-47.779546,,,,2,2023-06-16T01:31:58+00:00
BRA_232157,Brasília,5300108,,Pioneira,205.1,https://moovitapp.com/index/pt-br/transporte_p%C3%BAblico-line-205_1-Brasilia-1702-851941-393571-0,-1.0,-16.027424,-48.07316,,,,2,2023-06-16T01:30:32+00:00
BRA_229504,Brasília,5300108,,Pioneira,0.780,https://moovitapp.com/index/pt-br/transporte_p%C3%BAblico-line-0_780-Brasilia-1702-851941-514537-0,-1.0,-15.752327,-47.763899,,,,1,2023-06-15T20:32:26+00:00
BRA_232424,Brasília,5300108,,Taguatur,3306,https://moovitapp.com/index/pt-br/transporte_p%C3%BAblico-line-3306-Brasilia-1702-854428-755287-0,-1.0,-16.002209,-47.986131,,,,1,2023-06-16T01:31:38+00:00
BRA_232343,Brasília,5300108,,Taguatur,3302,https://moovitapp.com/index/pt-br/transporte_p%C3%BAblico-line-3302-Brasilia-1702-854428-3135322-0,-1.0,-16.042254,-48.026035,,,,1,2023-06-16T01:32:04+00:00
BRA_228117,Brasília,5300108,,Taguatur,3305,https://moovitapp.com/index/pt-br/transporte_p%C3%BAblico-line-3305-Brasilia-1702-854428-77810673-0,-1.0,-16.04921,-47.982265,,,,1,2023-06-16T01:31:44+00:00
BRA_232203,Brasília,5300108,,Pioneira,124.6,https://moovitapp.com/index/pt-br/transporte_p%C3%BAblico-line-124_6-Brasilia-1702-851941-425282-0,-1.0,-15.800533,-47.945473,,,,1,2023-06-16T01:31:02+00:00
BRA_227251,Brasília,5300108,,Pioneira,183.6,https://moovitapp.com/index/pt-br/transporte_p%C3%BAblico-line-183_6-Brasilia-1702-851941-242921-0,-1.0,-15.913518,-47.758438,,,,1,2023-06-16T01:31:28+00:00
BRA_229334,Brasília,5300108,,Pioneira,147.4,https://moovitapp.com/index/pt-br/transporte_p%C3%BAblico-line-147_4-Brasilia-1702-851941-574204-0,-1.0,-15.891587,-47.795364,,,,1,2023-06-16T01:31:20+00:00
BRA_231975,Brasília,5300108,,Pioneira,0.180,https://moovitapp.com/index/pt-br/transporte_p%C3%BAblico-line-0_180-Brasilia-1702-851941-496588-0,-1.0,-15.890665,-47.797946,,,,1,2023-06-16T01:30:58+00:00
BRA_229377,Brasília,5300108,,Pioneira,764.2,https://moovitapp.com/index/pt-br/transporte_p%C3%BAblico-line-764_2-Brasilia-1702-851941-527246-0,-1.0,-15.794217,-47.882212,,,,1,2023-06-16T01:30:30+00:00
BRA_228893,Brasília,5300108,,Pioneira,020.2,https://moovitapp.com/index/pt-br/transporte_p%C3%BAblico-line-020_2-Brasilia-1702-851941-708653-0,-1.0,-16.002476,-47.986411,,,,1,2023-06-16T01:31:42+00:00
BRA_228451,Brasília,5300108,,Pioneira,780.1,https://moovitapp.com/index/pt-br/transporte_p%C3%BAblico-line-780_1-Brasilia-1702-851941-531040-0,-1.0,-15.794115,-47.781879,,,,1,2023-06-16T01:31:36+00:00
BRA_226661,Brasília,5300108,,Pioneira,759.1,https://moovitapp.com/index/pt-br/transporte_p%C3%BAblico-line-759_1-Brasilia-1702-851941-616183-0,-1.0,-15.760091,-47.781288,,,,2,2023-06-16T01:31:42+00:00
BRA_226807,Brasília,5300108,,Pioneira,2206,https://moovitapp.com/index/pt-br/transporte_p%C3%BAblico-line-2206-Brasilia-1702-851941-18556637-0,-1.0,-15.869247,-47.946013,,,,2,2023-06-16T01:30:58+00:00
BRA_228931,Brasília,5300108,,Pioneira,251.7,https://moovitapp.com/index/pt-br/transporte_p%C3%BAblico-line-251_7-Brasilia-1702-851941-651524-0,-1.0,-16.003433,-47.987034,,,,1,2023-06-16T01:32:18+00:00
BRA_226785,Brasília,5300108,,Urbi,0.129,https://moovitapp.com/index/pt-br/transporte_p%C3%BAblico-line-0_129-Brasilia-1702-851595-775097-0,-1.0,-15.857808,-47.922941,,,,2,2023-06-15T10:14:04+00:00
BRA_228541,Brasília,5300108,,Pioneira,0.195,https://moovitapp.com/index/pt-br/transporte_p%C3%BAblico-line-0_195-Brasilia-1702-851941-242845-0,-1.0,-15.782668,-47.895309,,,,1,2023-06-15T13:15:02+00:00
BRA_228982,Brasília,5300108,,Pioneira,3307,https://moovitapp.com/index/pt-br/transporte_p%C3%BAblico-line-3307-Brasilia-1702-851941-519400-0,-1.0,-16.011562,-47.992489,,,,1,2023-06-16T01:30:50+00:00
BRA_226912,Brasília,5300108,,Pioneira,0.765,https://moovitapp.com/index/pt-br/transporte_p%C3%BAblico-line-0_765-Brasilia-1702-851941-576190-0,-1.0,-15.814783,-47.909608,,,,2,2023-06-16T01:31:26+00:00
BRA_227242,Brasília,5300108,,Pioneira,147.3,https://moovitapp.com/index/pt-br/transporte_p%C3%BAblico-line-147_3-Brasilia-1702-851941-574203-0,-1.0,-15.912673,-47.757771,,,,1,2023-06-16T01:31:34+00:00
BRA_232386,Brasília,5300108,,,3301,,,-16.042187,-48.026258,,,,1,2023-06-16T01:30:48+00:00
BRA_227285,Brasília,5300108,,,2202,,,-15.913316,-47.969067,,,,2,2023-06-16T01:31:22+00:00
BRA_232378,Brasília,5300108,,Taguatur,3302,https://moovitapp.com/index/pt-br/transporte_p%C3%BAblico-line-3302-Brasilia-1702-854428-3135322-0,-1.0,-16.042181,-48.025787,,,,1,2023-06-16T01:31:20+00:00
BRA_231711,Brasília,5300108,,Pioneira,0.760,https://moovitapp.com/index/pt-br/transporte_p%C3%BAblico-line-0_760-Brasilia-1702-851941-775122-0,-1.0,-15.753708,-47.753765,,,,2,2023-06-15T22:39:52+00:00
BRA_228290,Brasília,5300108,,,3206,,,-16.002867,-48.075938,,,,1,2023-06-16T01:31:32+00:00
BRA_228575,Brasília,5300108,,Pioneira,0.255,https://moovitapp.com/index/pt-br/transporte_p%C3%BAblico-line-0_255-Brasilia-1702-851941-706978-0,-1.0,-15.805875,-48.076001,,,,2,2023-06-12T15:58:20+00:00
BRA_232599,Brasília,5300108,,Pioneira,2307,https://moovitapp.com/index/pt-br/transporte_p%C3%BAblico-line-2307-Brasilia-1702-851941-18556638-0,-1.0,-15.834004,-47.952555,,,,2,2023-06-16T01:32:04+00:00
BRA_230022,Brasília,5300108,,Pioneira,3213,https://moovitapp.com/index/pt-br/transporte_p%C3%BAblico-line-3213-Brasilia-1702-851941-74051275-0,-1.0,-16.04467,-48.042686,,,,1,2023-06-16T01:30:56+00:00
BRA_229601,Brasília,5300108,,Pioneira,784.3,https://moovitapp.com/index/pt-br/transporte_p%C3%BAblico-line-784_3-Brasilia-1702-851941-46904557-0,-1.0,-15.74693,-47.782534,,,,1,2023-06-13T16:18:12+00:00
BRA_226491,Brasília,5300108,,Pioneira,0.765,https://moovitapp.com/index/pt-br/transporte_p%C3%BAblico-line-0_765-Brasilia-1702-851941-576190-0,-1.0,-15.751948,-47.780093,,,,2,2023-06-16T01:30:42+00:00
BRA_232360,Brasília,5300108,,Pioneira,251.8,https://moovitapp.com/index/pt-br/transporte_p%C3%BAblico-line-251_8-Brasilia-1702-851941-708654-0,-1.0,-16.017697,-48.051517,,,,1,2023-06-16T01:32:16+00:00
BRA_228966,Brasília,5300108,,UTB,2302,https://moovitapp.com/index/pt-br/transporte_p%C3%BAblico-line-2302-Brasilia-1702-854427-744298-0,-1.0,-15.810995,-47.894814,,,,2,2023-06-16T01:30:40+00:00
BRA_228371,Brasília,5300108,,Pioneira,0.253,https://moovitapp.com/index/pt-br/transporte_p%C3%BAblico-line-0_253-Brasilia-1702-851941-510254-0,-1.0,-15.788587,-48.134544,,,,1,2023-06-16T01:30:52+00:00
BRA_232351,Brasília,5300108,,,3301,,,-16.032787,-48.024172,,,,1,2023-06-16T01:31:28+00:00
BRA_230090,Brasília,5300108,,,3301,,,-16.004896,-47.986811,,,,1,2023-06-16T01:31:50+00:00
BRA_226998,Brasília,5300108,,Pioneira,0.762,https://moovitapp.com/index/pt-br/transporte_p%C3%BAblico-line-0_762-Brasilia-1702-851941-576189-0,-1.0,-15.793848,-47.880432,,,,2,2023-06-16T01:31:24+00:00
BRA_229903,Brasília,5300108,,Pioneira,163.1,https://moovitapp.com/index/pt-br/transporte_p%C3%BAblico-line-163_1-Brasilia-1702-851941-242911-0,-1.0,-15.736254,-47.899162,,,,1,2023-06-16T01:31:28+00:00
BRA_226513,Brasília,5300108,,Pioneira,100.2,https://moovitapp.com/index/pt-br/transporte_p%C3%BAblico-line-100_2-Brasilia-1702-851941-620160-0,-1.0,-15.812171,-47.885811,,,,1,2023-06-16T01:32:26+00:00
BRA_228524,Brasília,5300108,,Pioneira,255.1,https://moovitapp.com/index/pt-br/transporte_p%C3%BAblico-line-255_1-Brasilia-1702-851941-706982-0,-1.0,-15.843004,-48.045617,,,,2,2023-06-16T01:31:54+00:00
BRA_227692,Brasília,5300108,,Pioneira,197.3,https://moovitapp.com/index/pt-br/transporte_p%C3%BAblico-line-197_3-Brasilia-1702-851941-519409-0,-1.0,-15.890786,-47.797526,,,,1,2023-06-16T01:30:28+00:00
BRA_231452,Brasília,5300108,,Pioneira,784.3,https://moovitapp.com/index/pt-br/transporte_p%C3%BAblico-line-784_3-Brasilia-1702-851941-46904557-0,-1.0,-15.735971,-47.764872,,,,1,2023-06-16T01:31:32+00:00
BRA_227005,Brasília,5300108,,Pioneira,170.4,https://moovitapp.com/index/pt-br/transporte_p%C3%BAblico-line-170_4-Brasilia-1702-851941-379787-0,-1.0,-15.869527,-47.821889,,,,1,2023-06-16T01:31:48+00:00
BRA_229962,Brasília,5300108,,,3204,,,-16.018183,-48.050449,,,,1,2023-06-16T01:31:08+00:00
BRA_227579,Brasília,5300108,,Pioneira,183.2,https://moovitapp.com/index/pt-br/transporte_p%C3%BAblico-line-183_2-Brasilia-1702-851941-242920-0,-1.0,-15.891081,-47.763899,,,,1,2023-06-16T01:31:04+00:00
BRA_229857,Brasília,5300108,,Pioneira,147.3,https://moovitapp.com/index/pt-br/transporte_p%C3%BAblico-line-147_3-Brasilia-1702-851941-574203-0,-1.0,-15.794147,-47.881837,,,,1,2023-06-16T01:30:42+00:00
BRA_227749,Brasília,5300108,,Pioneira,147.2,https://moovitapp.com/index/pt-br/transporte_p%C3%BAblico-line-147_2-Brasilia-1702-851941-519403-0,-1.0,-15.808662,-47.848509,,,,1,2023-06-16T01:31:16+00:00
BRA_226971,Brasília,5300108,,Urbi,0.129,https://moovitapp.com/index/pt-br/transporte_p%C3%BAblico-line-0_129-Brasilia-1702-851595-775097-0,-1.0,-15.747746,-47.767333,,,,1,2023-06-16T01:31:38+00:00
BRA_232653,Brasília,5300108,,,2202,,,-15.856109,-47.933647,,,,2,2023-06-16T01:31:18+00:00
BRA_230081,Brasília,5300108,,Pioneira,271.3,https://moovitapp.com/index/pt-br/transporte_p%C3%BAblico-line-271_3-Brasilia-1702-851941-669626-0,-1.0,-16.041237,-48.020014,,,,1,2023-06-16T01:31:54+00:00
BRA_227919,Brasília,5300108,,,3201,,,-16.013835,-48.059999,,,,1,2023-06-16T01:31:34+00:00
BRA_227200,Brasília,5300108,,Pioneira,2206,https://moovitapp.com/index/pt-br/transporte_p%C3%BAblico-line-2206-Brasilia-1702-851941-18556637-0,-1.0,-15.832281,-47.921675,,,,1,2023-06-16T01:31:38+00:00
BRA_77356,Brasília,5300108,,Urbi,0.808,https://moovitapp.com/index/pt-br/transporte_p%C3%BAblico-line-0_808-Brasilia-1702-851595-372359-0,-1.0,-15.805311,-48.122134,,,,2,2023-06-16T01:31:36+00:00
BRA_710415,Brasília,5300108,,São José,0.310,https://moovitapp.com/index/pt-br/transporte_p%C3%BAblico-line-0_310-Brasilia-1702-851943-775131-0,-1.0,-15.787665,-48.134595,,,,1,2023-06-13T02:43:20+00:00
BRA_78182,Brasília,5300108,,São José,0.312,https://moovitapp.com/index/pt-br/transporte_p%C3%BAblico-line-0_312-Brasilia-1702-851943-706987-0,-1.0,-15.794535,-47.88398,,,,1,2023-06-16T01:27:06+00:00
BRA_710407,Brasília,5300108,,São José,0.323,https://moovitapp.com/index/pt-br/transporte_p%C3%BAblico-line-0_323-Brasilia-1702-851943-775132-0,-1.0,-15.809037,-47.956205,,,,1,2023-06-16T01:17:28+00:00
BRA_75973,Brasília,5300108,,São José,0.332,https://moovitapp.com/index/pt-br/transporte_p%C3%BAblico-line-0_332-Brasilia-1702-851943-110388186-0,-1.0,-15.834208,-48.059191,,,,1,2023-06-16T01:30:04+00:00
BRA_710351,Brasília,5300108,,São José,0.334,https://moovitapp.com/index/pt-br/transporte_p%C3%BAblico-line-0_334-Brasilia-1702-851943-706993-0,-1.0,-15.794137,-47.883064,,,,2,2023-06-16T00:36:36+00:00
BRA_710539,Brasília,5300108,,São José,0.335,https://moovitapp.com/index/pt-br/transporte_p%C3%BAblico-line-0_335-Brasilia-1702-851943-775135-0,-1.0,-15.818143,-47.936921,,,,1,2023-06-16T01:31:12+00:00
BRA_77534,Brasília,5300108,,Urbi,0.812,https://moovitapp.com/index/pt-br/transporte_p%C3%BAblico-line-0_812-Brasilia-1702-851595-697958-0,-1.0,-15.931805,-48.111122,,,,1,2023-06-15T23:24:48+00:00
BRA_77062,Brasília,5300108,,Urbi,0.812,https://moovitapp.com/index/pt-br/transporte_p%C3%BAblico-line-0_812-Brasilia-1702-851595-697958-0,-1.0,-15.856439,-48.070604,,,,1,2023-06-15T18:26:36+00:00
BRA_76783,Brasília,5300108,,Urbi,0.346,https://moovitapp.com/index/pt-br/transporte_p%C3%BAblico-line-0_346-Brasilia-1702-851595-46461186-0,-1.0,-15.799127,-48.14836,,,,1,2023-06-13T01:50:28+00:00
BRA_75841,Brasília,5300108,,São José,0.353,https://moovitapp.com/index/pt-br/transporte_p%C3%BAblico-line-0_353-Brasilia-1702-851943-706998-0,-1.0,-15.816887,-48.153058,,,,1,2023-06-16T01:31:34+00:00
BRA_710571,Brasília,5300108,,São José,0.374,https://moovitapp.com/index/pt-br/transporte_p%C3%BAblico-line-0_374-Brasilia-1702-851943-775138-0,-1.0,-15.811528,-48.112673,,,,1,2023-06-16T01:30:52+00:00
BRA_76589,Brasília,5300108,,São José,0.385,https://moovitapp.com/index/pt-br/transporte_p%C3%BAblico-line-0_385-Brasilia-1702-851943-516651-0,-1.0,-15.831226,-48.047277,,,,2,2023-06-16T01:31:14+00:00
BRA_77852,Brasília,5300108,,São José,0.364,https://moovitapp.com/index/pt-br/transporte_p%C3%BAblico-line-0_364-Brasilia-1702-851943-707002-0,-1.0,-15.795827,-48.108089,,,,1,2023-06-16T01:05:38+00:00
BRA_78522,Brasília,5300108,,São José,0.929,https://moovitapp.com/index/pt-br/transporte_p%C3%BAblico-line-0_929-Brasilia-1702-851943-5294667-0,-1.0,-15.787538,-48.134468,,,,1,2023-06-16T01:30:50+00:00
BRA_79049,Brasília,5300108,,São José,0.926,https://moovitapp.com/index/pt-br/transporte_p%C3%BAblico-line-0_926-Brasilia-1702-851943-775154-0,-1.0,-15.823515,-48.114581,,,,1,2023-06-15T11:23:02+00:00
BRA_79081,Brasília,5300108,,São José,0.926,https://moovitapp.com/index/pt-br/transporte_p%C3%BAblico-line-0_926-Brasilia-1702-851943-775154-0,-1.0,-15.817501,-48.104459,,,,1,2023-06-16T01:31:06+00:00
BRA_79529,Brasília,5300108,,São José,364.1,https://moovitapp.com/index/pt-br/transporte_p%C3%BAblico-line-364_1-Brasilia-1702-851943-789941-0,-1.0,-15.836914,-48.152804,,,,1,2023-06-16T01:16:52+00:00
BRA_78603,Brasília,5300108,,São José,949.1,https://moovitapp.com/index/pt-br/transporte_p%C3%BAblico-line-949_1-Brasilia-1702-851943-707069-0,-1.0,-15.794617,-48.121371,,,,1,2023-06-16T01:30:40+00:00
BRA_74951,Brasília,5300108,,São José,332.1,https://moovitapp.com/index/pt-br/transporte_p%C3%BAblico-line-332_1-Brasilia-1702-851943-2068455-0,-1.0,-15.804238,-48.138276,,,,1,2023-06-15T11:33:52+00:00
BRA_75680,Brasília,5300108,,São José,332.1,https://moovitapp.com/index/pt-br/transporte_p%C3%BAblico-line-332_1-Brasilia-1702-851943-2068455-0,-1.0,-15.818377,-48.106824,,,,1,2023-06-16T01:17:28+00:00
BRA_711209,Brasília,5300108,,São José,0.159,https://moovitapp.com/index/pt-br/transporte_p%C3%BAblico-line-0_159-Brasilia-1702-851943-375523-0,-1.0,-15.817827,-48.105756,,,,1,2023-06-16T01:31:08+00:00
BRA_711179,Brasília,5300108,,São José,0.159,https://moovitapp.com/index/pt-br/transporte_p%C3%BAblico-line-0_159-Brasilia-1702-851943-375523-0,-1.0,-15.823112,-48.115077,,,,1,2023-06-16T01:30:56+00:00
BRA_711004,Brasília,5300108,,São José,0.406,https://moovitapp.com/index/pt-br/transporte_p%C3%BAblico-line-0_406-Brasilia-1702-851943-717430-0,-1.0,-15.66656,-48.200164,,,,1,2023-06-16T01:30:36+00:00
BRA_500135,Brasília,5300108,,São José,0.401,https://moovitapp.com/index/pt-br/transporte_p%C3%BAblico-line-0_401-Brasilia-1702-851943-788976-0,-1.0,-15.731004,-48.171242,,,,1,2023-06-16T01:31:10+00:00
BRA_500143,Brasília,5300108,,São José,401.1,https://moovitapp.com/index/pt-br/transporte_p%C3%BAblico-line-401_1-Brasilia-1702-851943-773708-0,-1.0,-15.680377,-48.187988,,,,1,2023-06-15T09:31:46+00:00
BRA_79693,Brasília,5300108,,São José,333.8,https://moovitapp.com/index/pt-br/transporte_p%C3%BAblico-line-333_8-Brasilia-1702-851943-376187-0,-1.0,-15.8078,-48.157172,,,,1,2023-06-16T01:31:14+00:00
BRA_77330,Brasília,5300108,,Urbi,0.038,https://moovitapp.com/index/pt-br/transporte_p%C3%BAblico-line-0_038-Brasilia-1702-851595-687419-0,-1.0,-15.821385,-47.950438,,,,1,2023-06-15T10:54:32+00:00
BRA_77607,Brasília,5300108,,Urbi,0.053,https://moovitapp.com/index/pt-br/transporte_p%C3%BAblico-line-0_053-Brasilia-1702-851595-588803-0,-1.0,-15.92234,-48.107327,,,,1,2023-06-16T01:25:10+00:00
BRA_77585,Brasília,5300108,,Urbi,0.053,https://moovitapp.com/index/pt-br/transporte_p%C3%BAblico-line-0_053-Brasilia-1702-851595-588803-0,-1.0,-15.922705,-48.109399,,,,1,2023-06-16T01:31:02+00:00
BRA_79197,Brasília,5300108,,São José,406.1,https://moovitapp.com/index/pt-br/transporte_p%C3%BAblico-line-406_1-Brasilia-1702-851943-707061-0,-1.0,-15.681186,-48.190449,,,,1,2023-06-15T10:58:16+00:00
BRA_79189,Brasília,5300108,,Urbi,0.886,https://moovitapp.com/index/pt-br/transporte_p%C3%BAblico-line-0_886-Brasilia-1702-851595-704024-0,-1.0,-15.817871,-48.105133,,,,1,2023-06-14T22:31:20+00:00
BRA_77399,Brasília,5300108,,Urbi,0.886,https://moovitapp.com/index/pt-br/transporte_p%C3%BAblico-line-0_886-Brasilia-1702-851595-704024-0,-1.0,-15.818806,-48.107002,,,,2,2023-06-16T01:31:16+00:00
BRA_76651,Brasília,5300108,,São José,928.3,https://moovitapp.com/index/pt-br/transporte_p%C3%BAblico-line-928_3-Brasilia-1702-851943-707068-0,-1.0,-15.812972,-48.096474,,,,2,2023-06-16T01:18:08+00:00
BRA_711039,Brasília,5300108,,São José,423.1,https://moovitapp.com/index/pt-br/transporte_p%C3%BAblico-line-423_1-Brasilia-1702-851943-1399511-0,-1.0,-15.674896,-48.105127,,,,1,2023-06-15T09:58:54+00:00
BRA_117714,Brasília,5300108,,Piracicabana,136.9,https://moovitapp.com/index/pt-br/transporte_p%C3%BAblico-line-136_9-Brasilia-1702-850942-773702-0,-1.0,-15.77349,-47.90688,,,,,2023-06-13T19:59:54+00:00
BRA_117757,Brasília,5300108,,Piracicabana,136.9,https://moovitapp.com/index/pt-br/transporte_p%C3%BAblico-line-136_9-Brasilia-1702-850942-773702-0,-1.0,-15.83692,-47.93344,,,,1,2023-06-15T18:26:38+00:00
BRA_118621,Brasília,5300108,,Piracicabana,162.1,https://moovitapp.com/index/pt-br/transporte_p%C3%BAblico-line-162_1-Brasilia-1702-850942-762425-0,-1.0,-15.7933,-47.88958,,,,,2023-06-15T21:59:24+00:00
BRA_117153,Brasília,5300108,,Piracicabana,501.7,https://moovitapp.com/index/pt-br/transporte_p%C3%BAblico-line-501_7-Brasilia-1702-850942-519379-0,-1.0,-15.63824,-47.84639,,,,,2023-06-15T23:54:31+00:00
BRA_119288,Brasília,5300108,,Piracicabana,501.3,https://moovitapp.com/index/pt-br/transporte_p%C3%BAblico-line-501_3-Brasilia-1702-850942-242472-0,-1.0,-15.65005,-47.78626,,,,1,2023-06-16T01:05:00+00:00
BRA_119547,Brasília,5300108,,Piracicabana,501.7,https://moovitapp.com/index/pt-br/transporte_p%C3%BAblico-line-501_7-Brasilia-1702-850942-519379-0,-1.0,-15.65819,-47.80569,,,,,2023-06-16T01:09:57+00:00
BRA_119237,Brasília,5300108,,Piracicabana,505.3,https://moovitapp.com/index/pt-br/transporte_p%C3%BAblico-line-505_3-Brasilia-1702-850942-352626-0,-1.0,-15.6434,-47.82617,,,,1,2023-06-16T01:24:26+00:00
BRA_120430,Brasília,5300108,,Piracicabana,153.2,https://moovitapp.com/index/pt-br/transporte_p%C3%BAblico-line-153_2-Brasilia-1702-850942-775093-0,-1.0,-15.81774,-47.93721,,,,,2023-06-16T01:24:27+00:00
BRA_119636,Brasília,5300108,,Piracicabana,0.531,https://moovitapp.com/index/pt-br/transporte_p%C3%BAblico-line-0_531-Brasilia-1702-850942-494153-0,-1.0,-15.83585,-47.93306,,,,1,2023-06-16T01:25:58+00:00
BRA_120316,Brasília,5300108,,Piracicabana,512.1,https://moovitapp.com/index/pt-br/transporte_p%C3%BAblico-line-512_1-Brasilia-1702-850942-474401-0,-1.0,-15.64787,-47.77041,,,,1,2023-06-16T01:27:00+00:00
BRA_119270,Brasília,5300108,,Piracicabana,0.517,https://moovitapp.com/index/pt-br/transporte_p%C3%BAblico-line-0_517-Brasilia-1702-850942-242400-0,-1.0,-15.68718,-47.85906,,,,,2023-06-16T01:27:14+00:00
BRA_119199,Brasília,5300108,,Piracicabana,063.1,https://moovitapp.com/index/pt-br/transporte_p%C3%BAblico-line-063_1-Brasilia-1702-850942-339291-0,-1.0,-15.65195,-47.7555,,,,,2023-06-16T01:27:34+00:00
BRA_121037,Brasília,5300108,,Piracicabana,616.3,https://moovitapp.com/index/pt-br/transporte_p%C3%BAblico-line-616_3-Brasilia-1702-850942-242500-0,-1.0,-15.83567,-47.93218,,,,1,2023-06-16T01:28:16+00:00
BRA_117421,Brasília,5300108,,Piracicabana,0.641,https://moovitapp.com/index/pt-br/transporte_p%C3%BAblico-line-0_641-Brasilia-1702-850942-242424-0,-1.0,-15.60196,-47.65205,,,,,2023-06-16T01:28:30+00:00
BRA_117285,Brasília,5300108,,Piracicabana,066.6,https://moovitapp.com/index/pt-br/transporte_p%C3%BAblico-line-066_6-Brasilia-1702-850942-770027-0,-1.0,-15.61709,-47.6458,,,,,2023-06-16T01:28:41+00:00
BRA_119008,Brasília,5300108,,Piracicabana,158.1,https://moovitapp.com/index/pt-br/transporte_p%C3%BAblico-line-158_1-Brasilia-1702-850942-775094-0,-1.0,-15.79303,-47.88272,,,,1,2023-06-16T01:29:06+00:00
BRA_118320,Brasília,5300108,,Piracicabana,0.110,https://moovitapp.com/index/pt-br/transporte_p%C3%BAblico-line-0_110-Brasilia-1702-850942-339284-0,-1.0,-15.76643,-47.86963,,,,,2023-06-16T01:29:41+00:00
BRA_115941,Brasília,5300108,,Piracicabana,531.1,https://moovitapp.com/index/pt-br/transporte_p%C3%BAblico-line-531_1-Brasilia-1702-850942-476289-0,-1.0,-15.63436,-47.85569,,,,1,2023-06-16T01:30:19+00:00
BRA_120821,Brasília,5300108,,Piracicabana,0.136,https://moovitapp.com/index/pt-br/transporte_p%C3%BAblico-line-0_136-Brasilia-1702-850942-719957-0,-1.0,-15.79377,-47.88271,,,,1,2023-06-16T01:30:33+00:00
BRA_117544,Brasília,5300108,,Piracicabana,512.1,https://moovitapp.com/index/pt-br/transporte_p%C3%BAblico-line-512_1-Brasilia-1702-850942-474401-0,-1.0,-15.76807,-47.88935,,,,,2023-06-16T01:30:45+00:00
BRA_121096,Brasília,5300108,,Piracicabana,0.620,https://moovitapp.com/index/pt-br/transporte_p%C3%BAblico-line-0_620-Brasilia-1702-850942-470748-0,-1.0,-15.70224,-47.88594,,,,,2023-06-16T01:30:55+00:00
BRA_120464,Brasília,5300108,,Piracicabana,0.110,https://moovitapp.com/index/pt-br/transporte_p%C3%BAblico-line-0_110-Brasilia-1702-850942-339284-0,-1.0,-15.79486,-47.87652,,,,,2023-06-16T01:30:55+00:00
BRA_119296,Brasília,5300108,,Piracicabana,515.4,https://moovitapp.com/index/pt-br/transporte_p%C3%BAblico-line-515_4-Brasilia-1702-850942-65518229-0,-1.0,-15.62209,-47.94593,,,,,2023-06-16T01:30:56+00:00
BRA_120812,Brasília,5300108,,Piracicabana,136.9,https://moovitapp.com/index/pt-br/transporte_p%C3%BAblico-line-136_9-Brasilia-1702-850942-773702-0,-1.0,-15.80006,-47.88598,,,,,2023-06-16T01:30:57+00:00
BRA_116386,Brasília,5300108,,Piracicabana,0.031,https://moovitapp.com/index/pt-br/transporte_p%C3%BAblico-line-0_031-Brasilia-1702-850942-786256-0,-1.0,-15.79651,-47.87725,,,,1,2023-06-16T01:30:58+00:00
BRA_120308,Brasília,5300108,,Piracicabana,0.640,https://moovitapp.com/index/pt-br/transporte_p%C3%BAblico-line-0_640-Brasilia-1702-850942-242423-0,-1.0,-15.79551,-47.89103,,,,,2023-06-16T01:30:58+00:00
BRA_118907,Brasília,5300108,,Piracicabana,0.620,https://moovitapp.com/index/pt-br/transporte_p%C3%BAblico-line-0_620-Brasilia-1702-850942-470748-0,-1.0,-15.619,-47.64602,,,,,2023-06-16T01:30:59+00:00
BRA_120871,Brasília,5300108,,Piracicabana,0.169,https://moovitapp.com/index/pt-br/transporte_p%C3%BAblico-line-0_169-Brasilia-1702-850942-242393-0,-1.0,-15.76427,-47.8907,,,,,2023-06-16T01:31:00+00:00
BRA_118052,Brasília,5300108,,Piracicabana,602.1,https://moovitapp.com/index/pt-br/transporte_p%C3%BAblico-line-602_1-Brasilia-1702-850942-242491-0,-1.0,-15.71164,-47.89869,,,,,2023-06-16T01:31:02+00:00
BRA_116637,Brasília,5300108,,Piracicabana,0.032,https://moovitapp.com/index/pt-br/transporte_p%C3%BAblico-line-0_032-Brasilia-1702-850942-786257-0,-1.0,-15.79656,-47.89153,,,,,2023-06-16T01:31:02+00:00
BRA_115916,Brasília,5300108,,Piracicabana,501.4,https://moovitapp.com/index/pt-br/transporte_p%C3%BAblico-line-501_4-Brasilia-1702-850942-775096-0,-1.0,-15.64984,-47.78633,,,,,2023-06-16T01:31:02+00:00
BRA_119512,Brasília,5300108,,Piracicabana,512.1,https://moovitapp.com/index/pt-br/transporte_p%C3%BAblico-line-512_1-Brasilia-1702-850942-474401-0,-1.0,-15.67911,-47.83047,,,,,2023-06-16T01:31:02+00:00
BRA_119962,Brasília,5300108,,Piracicabana,0.143,https://moovitapp.com/index/pt-br/transporte_p%C3%BAblico-line-0_143-Brasilia-1702-850942-470747-0,-1.0,-15.76651,-47.9527,,,,,2023-06-16T01:31:03+00:00
BRA_119121,Brasília,5300108,,Piracicabana,0.513,https://moovitapp.com/index/pt-br/transporte_p%C3%BAblico-line-0_513-Brasilia-1702-850942-242399-0,-1.0,-15.80405,-47.89662,,,,,2023-06-16T01:31:03+00:00
BRA_120928,Brasília,5300108,,Piracicabana,099.1,https://moovitapp.com/index/pt-br/transporte_p%C3%BAblico-line-099_1-Brasilia-1702-850942-775090-0,-1.0,-15.8421,-48.04558,,,,,2023-06-16T01:31:03+00:00
BRA_121088,Brasília,5300108,,Piracicabana,0.641,https://moovitapp.com/index/pt-br/transporte_p%C3%BAblico-line-0_641-Brasilia-1702-850942-242424-0,-1.0,-15.60212,-47.683,,,,,2023-06-16T01:31:04+00:00
BRA_115991,Brasília,5300108,,Piracicabana,522.1,https://moovitapp.com/index/pt-br/transporte_p%C3%BAblico-line-522_1-Brasilia-1702-850942-93380634-0,-1.0,-15.7977,-47.87632,,,,,2023-06-16T01:31:04+00:00
BRA_116939,Brasília,5300108,,Piracicabana,0.023,https://moovitapp.com/index/pt-br/transporte_p%C3%BAblico-line-0_023-Brasilia-1702-850942-775082-0,-1.0,-15.77471,-47.87459,,,,,2023-06-16T01:31:04+00:00
BRA_119164,Brasília,5300108,,Piracicabana,062.5,https://moovitapp.com/index/pt-br/transporte_p%C3%BAblico-line-062_5-Brasilia-1702-850942-339835-0,-1.0,-15.66261,-47.80567,,,,,2023-06-16T01:31:06+00:00
BRA_118770,Brasília,5300108,,Piracicabana,152.5,https://moovitapp.com/index/pt-br/transporte_p%C3%BAblico-line-152_5-Brasilia-1702-850942-542828-0,-1.0,-15.79595,-47.91333,,,,,2023-06-16T01:31:07+00:00
BRA_120669,Brasília,5300108,,Piracicabana,630.1,https://moovitapp.com/index/pt-br/transporte_p%C3%BAblico-line-630_1-Brasilia-1702-850942-476290-0,-1.0,-15.6101,-47.69654,,,,,2023-06-16T01:31:07+00:00
BRA_117382,Brasília,5300108,,Piracicabana,067.3,https://moovitapp.com/index/pt-br/transporte_p%C3%BAblico-line-067_3-Brasilia-1702-850942-339294-0,-1.0,-15.63015,-47.65203,,,,1,2023-06-16T01:31:07+00:00
BRA_118061,Brasília,5300108,,Piracicabana,0.620,https://moovitapp.com/index/pt-br/transporte_p%C3%BAblico-line-0_620-Brasilia-1702-850942-470748-0,-1.0,-15.7074,-47.89214,,,,,2023-06-16T01:31:07+00:00
BRA_117943,Brasília,5300108,,Piracicabana,0.640,https://moovitapp.com/index/pt-br/transporte_p%C3%BAblico-line-0_640-Brasilia-1702-850942-242423-0,-1.0,-15.65198,-47.77749,,,,,2023-06-16T01:31:07+00:00
BRA_116874,Brasília,5300108,,Piracicabana,0.031,https://moovitapp.com/index/pt-br/transporte_p%C3%BAblico-line-0_031-Brasilia-1702-850942-786256-0,-1.0,-15.8018,-47.89458,,,,,2023-06-16T01:31:08+00:00
BRA_119709,Brasília,5300108,,Piracicabana,064.1,https://moovitapp.com/index/pt-br/transporte_p%C3%BAblico-line-064_1-Brasilia-1702-850942-339292-0,-1.0,-15.62968,-47.65106,,,,,2023-06-16T01:31:08+00:00
BRA_119431,Brasília,5300108,,Piracicabana,063.1,https://moovitapp.com/index/pt-br/transporte_p%C3%BAblico-line-063_1-Brasilia-1702-850942-339291-0,-1.0,-15.63691,-47.83405,,,,,2023-06-16T01:31:09+00:00
BRA_119768,Brasília,5300108,,Piracicabana,0.116,https://moovitapp.com/index/pt-br/transporte_p%C3%BAblico-line-0_116-Brasilia-1702-850942-242381-0,-1.0,-15.79317,-47.88171,,,,1,2023-06-16T01:31:09+00:00
BRA_120596,Brasília,5300108,,Piracicabana,0.640,https://moovitapp.com/index/pt-br/transporte_p%C3%BAblico-line-0_640-Brasilia-1702-850942-242423-0,-1.0,-15.7336,-47.89293,,,,,2023-06-16T01:31:09+00:00
BRA_121118,Brasília,5300108,,Piracicabana,617.2,https://moovitapp.com/index/pt-br/transporte_p%C3%BAblico-line-617_2-Brasilia-1702-850942-242504-0,-1.0,-15.80312,-47.89582,,,,,2023-06-16T01:31:09+00:00
BRA_115347,Brasília,5300108,,Piracicabana,110.2,https://moovitapp.com/index/pt-br/transporte_p%C3%BAblico-line-110_2-Brasilia-1702-850942-339295-0,-1.0,-15.76468,-47.85894,,,,,2023-06-16T01:31:09+00:00
BRA_115908,Brasília,5300108,,Piracicabana,512.1,https://moovitapp.com/index/pt-br/transporte_p%C3%BAblico-line-512_1-Brasilia-1702-850942-474401-0,-1.0,-15.83584,-47.93145,,,,,2023-06-16T01:31:09+00:00
BRA_117609,Brasília,5300108,,Piracicabana,501.3,https://moovitapp.com/index/pt-br/transporte_p%C3%BAblico-line-501_3-Brasilia-1702-850942-242472-0,-1.0,-15.73728,-47.89283,,,,,2023-06-16T01:31:09+00:00
BRA_120791,Brasília,5300108,,Piracicabana,136.5,https://moovitapp.com/index/pt-br/transporte_p%C3%BAblico-line-136_5-Brasilia-1702-850942-516628-0,-1.0,-15.74392,-47.8514,,,,,2023-06-16T01:31:10+00:00
BRA_118745,Brasília,5300108,,Piracicabana,0.110,https://moovitapp.com/index/pt-br/transporte_p%C3%BAblico-line-0_110-Brasilia-1702-850942-339284-0,-1.0,-15.78504,-47.87477,,,,,2023-06-16T01:31:11+00:00
BRA_119342,Brasília,5300108,,Piracicabana,501.4,https://moovitapp.com/index/pt-br/transporte_p%C3%BAblico-line-501_4-Brasilia-1702-850942-775096-0,-1.0,-15.78908,-47.88133,,,,,2023-06-16T01:31:12+00:00
BRA_121002,Brasília,5300108,,Piracicabana,616.8,https://moovitapp.com/index/pt-br/transporte_p%C3%BAblico-line-616_8-Brasilia-1702-850942-128977718-0,-1.0,-15.61812,-47.6539,,,,1,2023-06-16T01:31:12+00:00
BRA_120685,Brasília,5300108,,Piracicabana,0.640,https://moovitapp.com/index/pt-br/transporte_p%C3%BAblico-line-0_640-Brasilia-1702-850942-242423-0,-1.0,-15.83596,-47.93275,,,,,2023-06-16T01:31:13+00:00
BRA_119059,Brasília,5300108,,Piracicabana,099.1,https://moovitapp.com/index/pt-br/transporte_p%C3%BAblico-line-099_1-Brasilia-1702-850942-775090-0,-1.0,-15.80049,-47.94632,,,,,2023-06-16T01:31:13+00:00
BRA_117692,Brasília,5300108,,Piracicabana,519.2,https://moovitapp.com/index/pt-br/transporte_p%C3%BAblico-line-519_2-Brasilia-1702-850942-242483-0,-1.0,-15.79377,-47.88271,,,,,2023-06-16T01:31:13+00:00
BRA_117277,Brasília,5300108,,Piracicabana,0.620,https://moovitapp.com/index/pt-br/transporte_p%C3%BAblico-line-0_620-Brasilia-1702-850942-470748-0,-1.0,-15.79403,-47.88207,,,,1,2023-06-16T01:31:13+00:00
BRA_118231,Brasília,5300108,,Piracicabana,616.8,https://moovitapp.com/index/pt-br/transporte_p%C3%BAblico-line-616_8-Brasilia-1702-850942-128977718-0,-1.0,-15.64794,-47.65242,,,,,2023-06-16T01:31:14+00:00
BRA_116653,Brasília,5300108,,Piracicabana,0.025,https://moovitapp.com/index/pt-br/transporte_p%C3%BAblico-line-0_025-Brasilia-1702-850942-11857219-0,-1.0,-15.79327,-47.94357,,,,,2023-06-16T01:31:14+00:00
BRA_118681,Brasília,5300108,,Piracicabana,158.1,https://moovitapp.com/index/pt-br/transporte_p%C3%BAblico-line-158_1-Brasilia-1702-850942-775094-0,-1.0,-15.78042,-47.9889,,,,,2023-06-16T01:31:14+00:00
BRA_120081,Brasília,5300108,,Piracicabana,0.114,https://moovitapp.com/index/pt-br/transporte_p%C3%BAblico-line-0_114-Brasilia-1702-850942-242379-0,-1.0,-15.80984,-47.88402,,,,,2023-06-16T01:31:14+00:00
BRA_120782,Brasília,5300108,,Piracicabana,0.110,https://moovitapp.com/index/pt-br/transporte_p%C3%BAblico-line-0_110-Brasilia-1702-850942-339284-0,-1.0,-15.79637,-47.87503,,,,,2023-06-16T01:31:15+00:00
BRA_116602,Brasília,5300108,,Piracicabana,0.168,https://moovitapp.com/index/pt-br/transporte_p%C3%BAblico-line-0_168-Brasilia-1702-850942-242392-0,-1.0,-15.79514,-47.9172,,,,,2023-06-16T01:31:15+00:00
BRA_117056,Brasília,5300108,,Piracicabana,0.032,https://moovitapp.com/index/pt-br/transporte_p%C3%BAblico-line-0_032-Brasilia-1702-850942-786257-0,-1.0,-15.79768,-47.86684,,,,,2023-06-16T01:31:15+00:00
BRA_117668,Brasília,5300108,,Piracicabana,0.143,https://moovitapp.com/index/pt-br/transporte_p%C3%BAblico-line-0_143-Brasilia-1702-850942-470747-0,-1.0,-15.78636,-47.90973,,,,1,2023-06-16T01:31:15+00:00
BRA_118427,Brasília,5300108,,Piracicabana,136.6,https://moovitapp.com/index/pt-br/transporte_p%C3%BAblico-line-136_6-Brasilia-1702-850942-773700-0,-1.0,-15.73637,-47.89806,,,,1,2023-06-16T01:31:16+00:00
BRA_115657,Brasília,5300108,,Piracicabana,0.509,https://moovitapp.com/index/pt-br/transporte_p%C3%BAblico-line-0_509-Brasilia-1702-850942-242397-0,-1.0,-15.68191,-47.83932,,,,,2023-06-16T01:31:16+00:00
BRA_118991,Brasília,5300108,,Piracicabana,128.1,https://moovitapp.com/index/pt-br/transporte_p%C3%BAblico-line-128_1-Brasilia-1702-850942-53234107-0,-1.0,-15.77212,-47.88889,,,,,2023-06-16T01:31:17+00:00
BRA_118257,Brasília,5300108,,Piracicabana,162.1,https://moovitapp.com/index/pt-br/transporte_p%C3%BAblico-line-162_1-Brasilia-1702-850942-762425-0,-1.0,-15.82784,-47.92793,,,,,2023-06-16T01:31:17+00:00
BRA_117650,Brasília,5300108,,Piracicabana,0.110,https://moovitapp.com/index/pt-br/transporte_p%C3%BAblico-line-0_110-Brasilia-1702-850942-339284-0,-1.0,-15.79475,-47.88322,,,,,2023-06-16T01:31:17+00:00
BRA_117480,Brasília,5300108,,Piracicabana,0.517,https://moovitapp.com/index/pt-br/transporte_p%C3%BAblico-line-0_517-Brasilia-1702-850942-242400-0,-1.0,-15.72297,-47.89589,,,,,2023-06-16T01:31:17+00:00
BRA_117358,Brasília,5300108,,Piracicabana,0.150,https://moovitapp.com/index/pt-br/transporte_p%C3%BAblico-line-0_150-Brasilia-1702-850942-775086-0,-1.0,-15.78246,-47.93462,,,,,2023-06-16T01:31:18+00:00
BRA_117412,Brasília,5300108,,Piracicabana,099.1,https://moovitapp.com/index/pt-br/transporte_p%C3%BAblico-line-099_1-Brasilia-1702-850942-775090-0,-1.0,-15.86174,-48.02599,,,,,2023-06-16T01:31:18+00:00
BRA_115711,Brasília,5300108,,Piracicabana,136.4,https://moovitapp.com/index/pt-br/transporte_p%C3%BAblico-line-136_4-Brasilia-1702-850942-135878218-0,-1.0,-15.70904,-47.88095,,,,,2023-06-16T01:31:18+00:00
BRA_118575,Brasília,5300108,,Piracicabana,0.110,https://moovitapp.com/index/pt-br/transporte_p%C3%BAblico-line-0_110-Brasilia-1702-850942-339284-0,-1.0,-15.76312,-47.87184,,,,1,2023-06-16T01:31:18+00:00
BRA_119172,Brasília,5300108,,Piracicabana,505.5,https://moovitapp.com/index/pt-br/transporte_p%C3%BAblico-line-505_5-Brasilia-1702-850942-651521-0,-1.0,-15.65292,-47.76395,,,,,2023-06-16T01:31:18+00:00
BRA_120529,Brasília,5300108,,Piracicabana,643.2,https://moovitapp.com/index/pt-br/transporte_p%C3%BAblico-line-643_2-Brasilia-1702-850942-128977732-0,-1.0,-15.80503,-47.89753,,,,,2023-06-16T01:31:18+00:00
BRA_120936,Brasília,5300108,,Piracicabana,505.8,https://moovitapp.com/index/pt-br/transporte_p%C3%BAblico-line-505_8-Brasilia-1702-850942-339297-0,-1.0,-15.64453,-47.77214,,,,,2023-06-16T01:31:18+00:00
BRA_121100,Brasília,5300108,,Piracicabana,0.504,https://moovitapp.com/index/pt-br/transporte_p%C3%BAblico-line-0_504-Brasilia-1702-850942-781321-0,-1.0,-15.64601,-47.77634,,,,,2023-06-16T01:31:18+00:00
BRA_120723,Brasília,5300108,,Piracicabana,642.1,https://moovitapp.com/index/pt-br/transporte_p%C3%BAblico-line-642_1-Brasilia-1702-850942-242510-0,-1.0,-15.80945,-47.90218,,,,,2023-06-16T01:31:19+00:00
BRA_116661,Brasília,5300108,,Piracicabana,0.136,https://moovitapp.com/index/pt-br/transporte_p%C3%BAblico-line-0_136-Brasilia-1702-850942-719957-0,-1.0,-15.74899,-47.88172,,,,,2023-06-16T01:31:19+00:00
BRA_118311,Brasília,5300108,,Piracicabana,102.6,https://moovitapp.com/index/pt-br/transporte_p%C3%BAblico-line-102_6-Brasilia-1702-850942-775091-0,-1.0,-15.83509,-47.93161,,,,,2023-06-16T01:31:20+00:00
BRA_117439,Brasília,5300108,,Piracicabana,505.3,https://moovitapp.com/index/pt-br/transporte_p%C3%BAblico-line-505_3-Brasilia-1702-850942-352626-0,-1.0,-15.65293,-47.81388,,,,,2023-06-16T01:31:20+00:00
BRA_118982,Brasília,5300108,,Piracicabana,501.3,https://moovitapp.com/index/pt-br/transporte_p%C3%BAblico-line-501_3-Brasilia-1702-850942-242472-0,-1.0,-15.63568,-47.82957,,,,,2023-06-16T01:31:20+00:00
BRA_115860,Brasília,5300108,,Piracicabana,0.517,https://moovitapp.com/index/pt-br/transporte_p%C3%BAblico-line-0_517-Brasilia-1702-850942-242400-0,-1.0,-15.74137,-47.89796,,,,,2023-06-16T01:31:21+00:00
BRA_117617,Brasília,5300108,,Piracicabana,099.1,https://moovitapp.com/index/pt-br/transporte_p%C3%BAblico-line-099_1-Brasilia-1702-850942-775090-0,-1.0,-15.77917,-47.93264,,,,,2023-06-16T01:31:22+00:00
BRA_120375,Brasília,5300108,,Piracicabana,0.620,https://moovitapp.com/index/pt-br/transporte_p%C3%BAblico-line-0_620-Brasilia-1702-850942-470748-0,-1.0,-15.59448,-47.66024,,,,,2023-06-16T01:31:22+00:00
BRA_121029,Brasília,5300108,,Piracicabana,107.1,https://moovitapp.com/index/pt-br/transporte_p%C3%BAblico-line-107_1-Brasilia-1702-850942-242434-0,-1.0,-15.80174,-47.89491,,,,,2023-06-16T01:31:23+00:00
BRA_118290,Brasília,5300108,,Piracicabana,115.2,https://moovitapp.com/index/pt-br/transporte_p%C3%BAblico-line-115_2-Brasilia-1702-850942-476287-0,-1.0,-15.78773,-47.88838,,,,,2023-06-16T01:31:24+00:00
BRA_116351,Brasília,5300108,,Piracicabana,601.1,https://moovitapp.com/index/pt-br/transporte_p%C3%BAblico-line-601_1-Brasilia-1702-850942-322377-0,-1.0,-15.6141,-47.63042,,,,,2023-06-16T01:31:25+00:00
BRA_116190,Brasília,5300108,,Piracicabana,066.2,https://moovitapp.com/index/pt-br/transporte_p%C3%BAblico-line-066_2-Brasilia-1702-850942-339293-0,-1.0,-15.61817,-47.66152,,,,,2023-06-16T01:31:25+00:00
BRA_117218,Brasília,5300108,,Piracicabana,601.2,https://moovitapp.com/index/pt-br/transporte_p%C3%BAblico-line-601_2-Brasilia-1702-850942-322378-0,-1.0,-15.61844,-47.64351,,,,,2023-06-16T01:31:26+00:00
BRA_117196,Brasília,5300108,,Piracicabana,505.8,https://moovitapp.com/index/pt-br/transporte_p%C3%BAblico-line-505_8-Brasilia-1702-850942-339297-0,-1.0,-15.64271,-47.84849,,,,,2023-06-16T01:31:27+00:00
BRA_119598,Brasília,5300108,,Piracicabana,0.517,https://moovitapp.com/index/pt-br/transporte_p%C3%BAblico-line-0_517-Brasilia-1702-850942-242400-0,-1.0,-15.66372,-47.84244,,,,,2023-06-16T01:31:27+00:00
BRA_121061,Brasília,5300108,,Piracicabana,600.2,https://moovitapp.com/index/pt-br/transporte_p%C3%BAblico-line-600_2-Brasilia-1702-850942-242486-0,-1.0,-15.79802,-47.88352,,,,,2023-06-16T01:31:27+00:00
BRA_118524,Brasília,5300108,,Piracicabana,162.1,https://moovitapp.com/index/pt-br/transporte_p%C3%BAblico-line-162_1-Brasilia-1702-850942-762425-0,-1.0,-15.83115,-47.98724,,,,,2023-06-16T01:31:28+00:00
BRA_117536,Brasília,5300108,,Piracicabana,505.5,https://moovitapp.com/index/pt-br/transporte_p%C3%BAblico-line-505_5-Brasilia-1702-850942-651521-0,-1.0,-15.65086,-47.81044,,,,,2023-06-16T01:31:28+00:00
BRA_117170,Brasília,5300108,,Piracicabana,0.509,https://moovitapp.com/index/pt-br/transporte_p%C3%BAblico-line-0_509-Brasilia-1702-850942-242397-0,-1.0,-15.81094,-47.8927,,,,,2023-06-16T01:31:29+00:00
BRA_117820,Brasília,5300108,,Piracicabana,0.620,https://moovitapp.com/index/pt-br/transporte_p%C3%BAblico-line-0_620-Brasilia-1702-850942-470748-0,-1.0,-15.66191,-47.79875,,,,,2023-06-16T01:31:29+00:00
BRA_116530,Brasília,5300108,,Piracicabana,062.7,https://moovitapp.com/index/pt-br/transporte_p%C3%BAblico-line-062_7-Brasilia-1702-850942-494154-0,-1.0,-15.62936,-47.83746,,,,,2023-06-16T01:31:29+00:00
BRA_120677,Brasília,5300108,,Piracicabana,0.116,https://moovitapp.com/index/pt-br/transporte_p%C3%BAblico-line-0_116-Brasilia-1702-850942-242381-0,-1.0,-15.73654,-47.88552,,,,,2023-06-16T01:31:29+00:00
BRA_121045,Brasília,5300108,,Piracicabana,104.1,https://moovitapp.com/index/pt-br/transporte_p%C3%BAblico-line-104_1-Brasilia-1702-850942-242430-0,-1.0,-15.79235,-47.8459,,,,,2023-06-16T01:31:29+00:00
BRA_120481,Brasília,5300108,,Piracicabana,0.504,https://moovitapp.com/index/pt-br/transporte_p%C3%BAblico-line-0_504-Brasilia-1702-850942-781321-0,-1.0,-15.60089,-47.67985,,,,,2023-06-16T01:31:30+00:00
BRA_118818,Brasília,5300108,,Piracicabana,136.4,https://moovitapp.com/index/pt-br/transporte_p%C3%BAblico-line-136_4-Brasilia-1702-850942-135878218-0,-1.0,-15.83625,-47.93322,,,,,2023-06-16T01:31:30+00:00
BRA_116025,Brasília,5300108,,Piracicabana,501.4,https://moovitapp.com/index/pt-br/transporte_p%C3%BAblico-line-501_4-Brasilia-1702-850942-775096-0,-1.0,-15.72725,-47.89499,,,,,2023-06-16T01:31:31+00:00
BRA_116696,Brasília,5300108,,Piracicabana,153.2,https://moovitapp.com/index/pt-br/transporte_p%C3%BAblico-line-153_2-Brasilia-1702-850942-775093-0,-1.0,-15.8463,-47.9734,,,,1,2023-06-16T01:31:32+00:00
BRA_119377,Brasília,5300108,,Piracicabana,505.3,https://moovitapp.com/index/pt-br/transporte_p%C3%BAblico-line-505_3-Brasilia-1702-850942-352626-0,-1.0,-15.64924,-47.78594,,,,,2023-06-16T01:31:32+00:00
BRA_120774,Brasília,5300108,,Piracicabana,153.2,https://moovitapp.com/index/pt-br/transporte_p%C3%BAblico-line-153_2-Brasilia-1702-850942-775093-0,-1.0,-15.79385,-47.88304,,,,1,2023-06-16T01:31:33+00:00
BRA_120961,Brasília,5300108,,Piracicabana,602.1,https://moovitapp.com/index/pt-br/transporte_p%C3%BAblico-line-602_1-Brasilia-1702-850942-242491-0,-1.0,-15.76086,-47.88377,,,,,2023-06-16T01:31:33+00:00
BRA_116513,Brasília,5300108,,Piracicabana,151.2,https://moovitapp.com/index/pt-br/transporte_p%C3%BAblico-line-151_2-Brasilia-1702-850942-242458-0,-1.0,-15.78974,-47.94161,,,,,2023-06-16T01:31:33+00:00
BRA_117889,Brasília,5300108,,Piracicabana,0.640,https://moovitapp.com/index/pt-br/transporte_p%C3%BAblico-line-0_640-Brasilia-1702-850942-242423-0,-1.0,-15.74063,-47.89825,,,,,2023-06-16T01:31:33+00:00
BRA_117269,Brasília,5300108,,Piracicabana,616.8,https://moovitapp.com/index/pt-br/transporte_p%C3%BAblico-line-616_8-Brasilia-1702-850942-128977718-0,-1.0,-15.62268,-47.71984,,,,,2023-06-16T01:31:33+00:00
BRA_117005,Brasília,5300108,,Piracicabana,0.022,https://moovitapp.com/index/pt-br/transporte_p%C3%BAblico-line-0_022-Brasilia-1702-850942-788975-0,-1.0,-15.74306,-47.8939,,,,,2023-06-16T01:31:34+00:00
BRA_118389,Brasília,5300108,,Piracicabana,0.620,https://moovitapp.com/index/pt-br/transporte_p%C3%BAblico-line-0_620-Brasilia-1702-850942-470748-0,-1.0,-15.60214,-47.68243,,,,,2023-06-16T01:31:34+00:00
BRA_116505,Brasília,5300108,,Piracicabana,0.166,https://moovitapp.com/index/pt-br/transporte_p%C3%BAblico-line-0_166-Brasilia-1702-850942-242391-0,-1.0,-15.79772,-47.87709,,,,,2023-06-16T01:31:34+00:00
BRA_120162,Brasília,5300108,,Piracicabana,0.509,https://moovitapp.com/index/pt-br/transporte_p%C3%BAblico-line-0_509-Brasilia-1702-850942-242397-0,-1.0,-15.64595,-47.77609,,,,,2023-06-16T01:31:34+00:00
BRA_119750,Brasília,5300108,,Piracicabana,0.517,https://moovitapp.com/index/pt-br/transporte_p%C3%BAblico-line-0_517-Brasilia-1702-850942-242400-0,-1.0,-15.82787,-47.92741,,,,,2023-06-16T01:31:34+00:00
BRA_119725,Brasília,5300108,,Piracicabana,0.600,https://moovitapp.com/index/pt-br/transporte_p%C3%BAblico-line-0_600-Brasilia-1702-850942-242410-0,-1.0,-15.83151,-47.93082,,,,,2023-06-16T01:31:34+00:00
BRA_118711,Brasília,5300108,,Piracicabana,158.1,https://moovitapp.com/index/pt-br/transporte_p%C3%BAblico-line-158_1-Brasilia-1702-850942-775094-0,-1.0,-15.79758,-47.97117,,,,,2023-06-16T01:31:34+00:00
BRA_118915,Brasília,5300108,,Piracicabana,066.3,https://moovitapp.com/index/pt-br/transporte_p%C3%BAblico-line-066_3-Brasilia-1702-850942-513542-0,-1.0,-15.60325,-47.69105,,,,,2023-06-16T01:31:35+00:00
BRA_120898,Brasília,5300108,,Piracicabana,151.2,https://moovitapp.com/index/pt-br/transporte_p%C3%BAblico-line-151_2-Brasilia-1702-850942-242458-0,-1.0,-15.79858,-47.89223,,,,,2023-06-16T01:31:35+00:00
BRA_115665,Brasília,5300108,,Piracicabana,616.8,https://moovitapp.com/index/pt-br/transporte_p%C3%BAblico-line-616_8-Brasilia-1702-850942-128977718-0,-1.0,-15.80817,-47.90067,,,,,2023-06-16T01:31:35+00:00
BRA_118028,Brasília,5300108,,Piracicabana,0.515,https://moovitapp.com/index/pt-br/transporte_p%C3%BAblico-line-0_515-Brasilia-1702-850942-26501707-0,-1.0,-15.6722,-47.81804,,,,,2023-06-16T01:31:35+00:00
BRA_119989,Brasília,5300108,,Piracicabana,616.8,https://moovitapp.com/index/pt-br/transporte_p%C3%BAblico-line-616_8-Brasilia-1702-850942-128977718-0,-1.0,-15.74043,-47.89031,,,,,2023-06-16T01:31:36+00:00
BRA_119881,Brasília,5300108,,Piracicabana,0.641,https://moovitapp.com/index/pt-br/transporte_p%C3%BAblico-line-0_641-Brasilia-1702-850942-242424-0,-1.0,-15.80426,-47.89679,,,,,2023-06-16T01:31:37+00:00
BRA_117161,Brasília,5300108,,Piracicabana,128.1,https://moovitapp.com/index/pt-br/transporte_p%C3%BAblico-line-128_1-Brasilia-1702-850942-53234107-0,-1.0,-15.73554,-47.90465,,,,,2023-06-16T01:31:37+00:00
BRA_117498,Brasília,5300108,,Piracicabana,062.7,https://moovitapp.com/index/pt-br/transporte_p%C3%BAblico-line-062_7-Brasilia-1702-850942-494154-0,-1.0,-15.64925,-47.78589,,,,,2023-06-16T01:31:37+00:00
BRA_119032,Brasília,5300108,,Piracicabana,152.5,https://moovitapp.com/index/pt-br/transporte_p%C3%BAblico-line-152_5-Brasilia-1702-850942-542828-0,-1.0,-15.79457,-47.88258,,,,,2023-06-16T01:31:38+00:00
BRA_119911,Brasília,5300108,,Piracicabana,110.2,https://moovitapp.com/index/pt-br/transporte_p%C3%BAblico-line-110_2-Brasilia-1702-850942-339295-0,-1.0,-15.79376,-47.88195,,,,1,2023-06-16T01:31:40+00:00
