bus_id,city,city_code,adapted,agency,line_code,line_url,line_fare,latitude,longitude,bus_speed,is_eletric,bus_type,bus_direction,updated_at
BRA_340634,Brasília,5300108,,Urbi,0.825,https://moovitapp.com/index/pt-br/transporte_p%C3%BAblico-line-0_825-Brasilia-1702-851595-334081-0,-1.0,-15.79327,-47.8815,12.22,,,1,2023-06-16T15:47:32+00:00
BRA_338508,Brasília,5300108,,Urbi,807.9,https://moovitapp.com/index/pt-br/transporte_p%C3%BAblico-line-807_9-Brasilia-1702-851595-322409-0,-1.0,-15.90115,-48.05619,0.0,,,2,2023-06-16T15:49:12+00:00
BRA_340766,Brasília,5300108,,Urbi,391.3,https://moovitapp.com/index/pt-br/transporte_p%C3%BAblico-line-391_3-Brasilia-1702-851595-372373-0,-1.0,-15.87547,-47.98405,15.28,,,2,2023-06-16T15:52:01+00:00
BRA_336793,Brasília,5300108,,Urbi,380.2,https://moovitapp.com/index/pt-br/transporte_p%C3%BAblico-line-380_2-Brasilia-1702-851595-334086-0,-1.0,-15.78686,-47.90813,0.0,,,1,2023-06-16T15:56:06+00:00
BRA_340561,Brasília,5300108,,Urbi,366.1,https://moovitapp.com/index/pt-br/transporte_p%C3%BAblico-line-366_1-Brasilia-1702-851595-425249-0,-1.0,-15.85958,-48.06332,17.78,,,1,2023-06-16T15:57:46+00:00
BRA_340189,Brasília,5300108,,Urbi,391.3,https://moovitapp.com/index/pt-br/transporte_p%C3%BAblico-line-391_3-Brasilia-1702-851595-372373-0,-1.0,-15.87775,-48.10069,3.33,,,1,2023-06-16T15:58:29+00:00
BRA_338109,Brasília,5300108,,Urbi,805.9,https://moovitapp.com/index/pt-br/transporte_p%C3%BAblico-line-805_9-Brasilia-1702-851595-454983-0,-1.0,-15.90289,-48.06055,10.0,,,1,2023-06-16T15:59:54+00:00
BRA_338451,Brasília,5300108,,Urbi,0.809,https://moovitapp.com/index/pt-br/transporte_p%C3%BAblico-line-0_809-Brasilia-1702-851595-516630-0,-1.0,-15.87459,-48.04562,19.17,,,1,2023-06-16T15:59:57+00:00
BRA_339679,Brasília,5300108,,Urbi,0.340,https://moovitapp.com/index/pt-br/transporte_p%C3%BAblico-line-0_340-Brasilia-1702-851595-641378-0,-1.0,-15.92056,-48.19121,14.17,,,2,2023-06-16T16:00:05+00:00
BRA_337935,Brasília,5300108,,Urbi,813.2,https://moovitapp.com/index/pt-br/transporte_p%C3%BAblico-line-813_2-Brasilia-1702-851595-242636-0,-1.0,-15.82134,-47.91832,12.78,,,1,2023-06-16T16:00:41+00:00
BRA_338389,Brasília,5300108,,Urbi,805.2,https://moovitapp.com/index/pt-br/transporte_p%C3%BAblico-line-805_2-Brasilia-1702-851595-454981-0,-1.0,-15.85539,-48.04434,2.5,,,1,2023-06-16T16:00:43+00:00
BRA_339288,Brasília,5300108,,Urbi,0.391,https://moovitapp.com/index/pt-br/transporte_p%C3%BAblico-line-0_391-Brasilia-1702-851595-372354-0,-1.0,-15.78706,-47.88796,0.83,,,1,2023-06-16T16:00:52+00:00
BRA_337471,Brasília,5300108,,Urbi,0.811,https://moovitapp.com/index/pt-br/transporte_p%C3%BAblico-line-0_811-Brasilia-1702-851595-334078-0,-1.0,-15.87757,-48.0159,2.22,,,2,2023-06-16T16:00:54+00:00
BRA_333913,Brasília,5300108,,Urbi,372.4,https://moovitapp.com/index/pt-br/transporte_p%C3%BAblico-line-372_4-Brasilia-1702-851595-650087-0,-1.0,-15.81673,-48.06295,0.0,,,1,2023-06-16T16:00:59+00:00
BRA_338371,Brasília,5300108,,Urbi,0.810,https://moovitapp.com/index/pt-br/transporte_p%C3%BAblico-line-0_810-Brasilia-1702-851595-363856-0,-1.0,-15.79292,-47.88277,0.28,,,2,2023-06-16T16:01:03+00:00
BRA_337277,Brasília,5300108,,Urbi,0.886,https://moovitapp.com/index/pt-br/transporte_p%C3%BAblico-line-0_886-Brasilia-1702-851595-704024-0,-1.0,-15.78806,-48.13492,0.0,,,2,2023-06-16T16:01:13+00:00
BRA_340405,Brasília,5300108,,Urbi,0.825,https://moovitapp.com/index/pt-br/transporte_p%C3%BAblico-line-0_825-Brasilia-1702-851595-334081-0,-1.0,-15.87617,-48.06356,3.89,,,2,2023-06-16T16:01:16+00:00
BRA_340731,Brasília,5300108,,Urbi,0.391,https://moovitapp.com/index/pt-br/transporte_p%C3%BAblico-line-0_391-Brasilia-1702-851595-372354-0,-1.0,-15.89425,-48.13652,15.83,,,1,2023-06-16T16:01:17+00:00
BRA_335819,Brasília,5300108,,Urbi,391.3,https://moovitapp.com/index/pt-br/transporte_p%C3%BAblico-line-391_3-Brasilia-1702-851595-372373-0,-1.0,-15.7366,-47.90801,0.0,,,2,2023-06-16T16:01:17+00:00
BRA_340537,Brasília,5300108,,Urbi,0.171,https://moovitapp.com/index/pt-br/transporte_p%C3%BAblico-line-0_171-Brasilia-1702-851595-242524-0,-1.0,-15.79644,-47.89167,0.0,,,2,2023-06-16T16:01:18+00:00
BRA_336611,Brasília,5300108,,Urbi,0.881,https://moovitapp.com/index/pt-br/transporte_p%C3%BAblico-line-0_881-Brasilia-1702-851595-363857-0,-1.0,-15.78885,-47.89294,13.61,,,2,2023-06-16T16:01:20+00:00
BRA_338681,Brasília,5300108,,Urbi,874.4,https://moovitapp.com/index/pt-br/transporte_p%C3%BAblico-line-874_4-Brasilia-1702-851595-775106-0,-1.0,-15.79298,-47.88279,2.78,,,2,2023-06-16T16:01:21+00:00
BRA_339792,Brasília,5300108,,Urbi,3401,https://moovitapp.com/index/pt-br/transporte_p%C3%BAblico-line-3401-Brasilia-1702-851595-98259417-0,-1.0,-15.9499,-48.23152,8.61,,,1,2023-06-16T16:01:22+00:00
BRA_335665,Brasília,5300108,,Urbi,0.393,https://moovitapp.com/index/pt-br/transporte_p%C3%BAblico-line-0_393-Brasilia-1702-851595-588805-0,-1.0,-15.85728,-48.04401,0.0,,,1,2023-06-16T16:01:25+00:00
BRA_336891,Brasília,5300108,,Urbi,0.808,https://moovitapp.com/index/pt-br/transporte_p%C3%BAblico-line-0_808-Brasilia-1702-851595-372359-0,-1.0,-15.90301,-48.06091,10.28,,,1,2023-06-16T16:01:27+00:00
BRA_336882,Brasília,5300108,,Urbi,872.2,https://moovitapp.com/index/pt-br/transporte_p%C3%BAblico-line-872_2-Brasilia-1702-851595-425251-0,-1.0,-15.84893,-48.04782,13.61,,,1,2023-06-16T16:01:30+00:00
BRA_336416,Brasília,5300108,,Urbi,0.881,https://moovitapp.com/index/pt-br/transporte_p%C3%BAblico-line-0_881-Brasilia-1702-851595-363857-0,-1.0,-15.80866,-47.9583,5.56,,,1,2023-06-16T16:01:31+00:00
BRA_337269,Brasília,5300108,,Urbi,0.810,https://moovitapp.com/index/pt-br/transporte_p%C3%BAblico-line-0_810-Brasilia-1702-851595-363856-0,-1.0,-15.87805,-48.05088,13.89,,,1,2023-06-16T16:01:43+00:00
BRA_339024,Brasília,5300108,,Urbi,0.809,https://moovitapp.com/index/pt-br/transporte_p%C3%BAblico-line-0_809-Brasilia-1702-851595-516630-0,-1.0,-15.85121,-47.95541,14.17,,,2,2023-06-16T16:01:48+00:00
BRA_333981,Brasília,5300108,,Urbi,0.346,https://moovitapp.com/index/pt-br/transporte_p%C3%BAblico-line-0_346-Brasilia-1702-851595-46461186-0,-1.0,-15.8212,-48.06496,9.44,,,2,2023-06-16T16:01:48+00:00
BRA_336190,Brasília,5300108,,Urbi,0.394,https://moovitapp.com/index/pt-br/transporte_p%C3%BAblico-line-0_394-Brasilia-1702-851595-334076-0,-1.0,-15.87656,-48.08478,3.89,,,2,2023-06-16T16:01:48+00:00
BRA_339776,Brasília,5300108,,Urbi,397.2,https://moovitapp.com/index/pt-br/transporte_p%C3%BAblico-line-397_2-Brasilia-1702-851595-890938-0,-1.0,-15.81158,-48.09381,0.0,,,1,2023-06-16T16:01:49+00:00
BRA_340596,Brasília,5300108,,Urbi,160.2,https://moovitapp.com/index/pt-br/transporte_p%C3%BAblico-line-160_2-Brasilia-1702-851595-242581-0,-1.0,-15.84326,-47.94332,14.44,,,2,2023-06-16T16:01:50+00:00
BRA_340545,Brasília,5300108,,Urbi,0.391,https://moovitapp.com/index/pt-br/transporte_p%C3%BAblico-line-0_391-Brasilia-1702-851595-372354-0,-1.0,-15.81087,-47.94194,11.94,,,2,2023-06-16T16:01:54+00:00
BRA_336971,Brasília,5300108,,Urbi,0.884,https://moovitapp.com/index/pt-br/transporte_p%C3%BAblico-line-0_884-Brasilia-1702-851595-322393-0,-1.0,-15.86101,-47.95739,0.0,,,2,2023-06-16T16:01:55+00:00
BRA_336394,Brasília,5300108,,Urbi,0.380,https://moovitapp.com/index/pt-br/transporte_p%C3%BAblico-line-0_380-Brasilia-1702-851595-334073-0,-1.0,-15.87955,-48.11954,13.33,,,1,2023-06-16T16:01:55+00:00
BRA_337544,Brasília,5300108,,Urbi,0.087,https://moovitapp.com/index/pt-br/transporte_p%C3%BAblico-line-0_087-Brasilia-1702-851595-242519-0,-1.0,-15.83064,-47.95121,12.22,,,1,2023-06-16T16:01:56+00:00
BRA_339377,Brasília,5300108,,Urbi,0.391,https://moovitapp.com/index/pt-br/transporte_p%C3%BAblico-line-0_391-Brasilia-1702-851595-372354-0,-1.0,-15.8578,-47.95575,5.56,,,1,2023-06-16T16:01:57+00:00
BRA_340031,Brasília,5300108,,Urbi,0.053,https://moovitapp.com/index/pt-br/transporte_p%C3%BAblico-line-0_053-Brasilia-1702-851595-588803-0,-1.0,-15.81164,-48.0682,1.11,,,2,2023-06-16T16:01:58+00:00
BRA_338010,Brasília,5300108,,Urbi,0.812,https://moovitapp.com/index/pt-br/transporte_p%C3%BAblico-line-0_812-Brasilia-1702-851595-697958-0,-1.0,-15.88704,-48.05868,0.0,,,1,2023-06-16T16:01:58+00:00
BRA_336297,Brasília,5300108,,Urbi,367.2,https://moovitapp.com/index/pt-br/transporte_p%C3%BAblico-line-367_2-Brasilia-1702-851595-454971-0,-1.0,-15.85532,-48.04436,0.0,,,1,2023-06-16T16:02:00+00:00
BRA_335924,Brasília,5300108,,Urbi,0.366,https://moovitapp.com/index/pt-br/transporte_p%C3%BAblico-line-0_366-Brasilia-1702-851595-650085-0,-1.0,-15.89144,-48.13999,11.94,,,1,2023-06-16T16:02:00+00:00
BRA_340154,Brasília,5300108,,Urbi,391.3,https://moovitapp.com/index/pt-br/transporte_p%C3%BAblico-line-391_3-Brasilia-1702-851595-372373-0,-1.0,-15.8779,-48.01596,8.61,,,1,2023-06-16T16:02:02+00:00
BRA_338656,Brasília,5300108,,Urbi,0.808,https://moovitapp.com/index/pt-br/transporte_p%C3%BAblico-line-0_808-Brasilia-1702-851595-372359-0,-1.0,-15.81679,-48.10312,0.0,,,2,2023-06-16T16:02:02+00:00
BRA_339156,Brasília,5300108,,Urbi,0.898,https://moovitapp.com/index/pt-br/transporte_p%C3%BAblico-line-0_898-Brasilia-1702-851595-322394-0,-1.0,-15.9499,-48.03258,0.0,,,1,2023-06-16T16:02:02+00:00
BRA_339687,Brasília,5300108,,Urbi,0.346,https://moovitapp.com/index/pt-br/transporte_p%C3%BAblico-line-0_346-Brasilia-1702-851595-46461186-0,-1.0,-15.82985,-47.98131,11.39,,,2,2023-06-16T16:02:02+00:00
BRA_338419,Brasília,5300108,,Urbi,0.805,https://moovitapp.com/index/pt-br/transporte_p%C3%BAblico-line-0_805-Brasilia-1702-851595-460800-0,-1.0,-15.80247,-48.06547,4.44,,,1,2023-06-16T16:02:04+00:00
BRA_338249,Brasília,5300108,,Urbi,0.898,https://moovitapp.com/index/pt-br/transporte_p%C3%BAblico-line-0_898-Brasilia-1702-851595-322394-0,-1.0,-15.84202,-48.11444,13.06,,,1,2023-06-16T16:02:05+00:00
BRA_339857,Brasília,5300108,,Urbi,372.4,https://moovitapp.com/index/pt-br/transporte_p%C3%BAblico-line-372_4-Brasilia-1702-851595-650087-0,-1.0,-15.88382,-48.15014,0.0,,,1,2023-06-16T16:02:07+00:00
BRA_339598,Brasília,5300108,,Urbi,0.872,https://moovitapp.com/index/pt-br/transporte_p%C3%BAblico-line-0_872-Brasilia-1702-851595-466291-0,-1.0,-15.85697,-48.04411,0.0,,,1,2023-06-16T16:02:07+00:00
BRA_338729,Brasília,5300108,,Urbi,871.3,https://moovitapp.com/index/pt-br/transporte_p%C3%BAblico-line-871_3-Brasilia-1702-851595-588820-0,-1.0,-15.91142,-48.06397,0.0,,,2,2023-06-16T16:02:11+00:00
BRA_339636,Brasília,5300108,,Urbi,398.1,https://moovitapp.com/index/pt-br/transporte_p%C3%BAblico-line-398_1-Brasilia-1702-851595-510241-0,-1.0,-15.81136,-48.0924,12.5,,,2,2023-06-16T16:02:11+00:00
BRA_337773,Brasília,5300108,,Urbi,870.1,https://moovitapp.com/index/pt-br/transporte_p%C3%BAblico-line-870_1-Brasilia-1702-851595-715272-0,-1.0,-15.87694,-47.9994,15.56,,,2,2023-06-16T16:02:12+00:00
BRA_337641,Brasília,5300108,,Urbi,0.809,https://moovitapp.com/index/pt-br/transporte_p%C3%BAblico-line-0_809-Brasilia-1702-851595-516630-0,-1.0,-15.9009,-48.05521,7.5,,,2,2023-06-16T16:02:12+00:00
BRA_337056,Brasília,5300108,,Urbi,0.960,https://moovitapp.com/index/pt-br/transporte_p%C3%BAblico-line-0_960-Brasilia-1702-851595-29427890-0,-1.0,-15.87588,-48.03006,15.83,,,1,2023-06-16T16:02:13+00:00
BRA_338478,Brasília,5300108,,Urbi,0.808,https://moovitapp.com/index/pt-br/transporte_p%C3%BAblico-line-0_808-Brasilia-1702-851595-372359-0,-1.0,-15.93326,-48.10873,0.0,,,2,2023-06-16T16:02:13+00:00
BRA_339563,Brasília,5300108,,Urbi,0.807,https://moovitapp.com/index/pt-br/transporte_p%C3%BAblico-line-0_807-Brasilia-1702-851595-6677121-0,-1.0,-15.91998,-48.10241,14.17,,,1,2023-06-16T16:02:14+00:00
BRA_333832,Brasília,5300108,,Urbi,0.821,https://moovitapp.com/index/pt-br/transporte_p%C3%BAblico-line-0_821-Brasilia-1702-851595-334080-0,-1.0,-15.83136,-47.92192,14.44,,,2,2023-06-16T16:02:16+00:00
BRA_336939,Brasília,5300108,,Urbi,871.3,https://moovitapp.com/index/pt-br/transporte_p%C3%BAblico-line-871_3-Brasilia-1702-851595-588820-0,-1.0,-15.85341,-47.95572,0.0,,,2,2023-06-16T16:02:16+00:00
BRA_338401,Brasília,5300108,,Urbi,812.1,https://moovitapp.com/index/pt-br/transporte_p%C3%BAblico-line-812_1-Brasilia-1702-851595-372386-0,-1.0,-15.90766,-48.08398,0.0,,,1,2023-06-16T16:02:17+00:00
BRA_338001,Brasília,5300108,,Urbi,813.2,https://moovitapp.com/index/pt-br/transporte_p%C3%BAblico-line-813_2-Brasilia-1702-851595-242636-0,-1.0,-15.90095,-48.05532,9.17,,,2,2023-06-16T16:02:18+00:00
BRA_339733,Brasília,5300108,,Urbi,0.161,https://moovitapp.com/index/pt-br/transporte_p%C3%BAblico-line-0_161-Brasilia-1702-851595-704023-0,-1.0,-15.8163,-47.94971,0.0,,,1,2023-06-16T16:02:18+00:00
BRA_337307,Brasília,5300108,,Urbi,0.809,https://moovitapp.com/index/pt-br/transporte_p%C3%BAblico-line-0_809-Brasilia-1702-851595-516630-0,-1.0,-15.84459,-47.91993,1.39,,,1,2023-06-16T16:02:19+00:00
BRA_337510,Brasília,5300108,,Urbi,870.7,https://moovitapp.com/index/pt-br/transporte_p%C3%BAblico-line-870_7-Brasilia-1702-851595-531037-0,-1.0,-15.91306,-48.05558,3.61,,,2,2023-06-16T16:02:19+00:00
BRA_338524,Brasília,5300108,,Urbi,0.811,https://moovitapp.com/index/pt-br/transporte_p%C3%BAblico-line-0_811-Brasilia-1702-851595-334078-0,-1.0,-15.82888,-47.93092,12.5,,,1,2023-06-16T16:02:19+00:00
BRA_338753,Brasília,5300108,,Urbi,0.882,https://moovitapp.com/index/pt-br/transporte_p%C3%BAblico-line-0_882-Brasilia-1702-851595-363858-0,-1.0,-15.90036,-48.04634,0.0,,,1,2023-06-16T16:02:20+00:00
BRA_336378,Brasília,5300108,,Urbi,0.394,https://moovitapp.com/index/pt-br/transporte_p%C3%BAblico-line-0_394-Brasilia-1702-851595-334076-0,-1.0,-15.8249,-48.02711,8.61,,,2,2023-06-16T16:02:21+00:00
BRA_336670,Brasília,5300108,,Urbi,0.380,https://moovitapp.com/index/pt-br/transporte_p%C3%BAblico-line-0_380-Brasilia-1702-851595-334073-0,-1.0,-15.78396,-47.91188,1.11,,,2,2023-06-16T16:02:23+00:00
BRA_339369,Brasília,5300108,,Urbi,0.367,https://moovitapp.com/index/pt-br/transporte_p%C3%BAblico-line-0_367-Brasilia-1702-851595-519380-0,-1.0,-15.88366,-48.14989,0.0,,,2,2023-06-16T16:02:23+00:00
BRA_339245,Brasília,5300108,,Urbi,396.3,https://moovitapp.com/index/pt-br/transporte_p%C3%BAblico-line-396_3-Brasilia-1702-851595-372378-0,-1.0,-15.87619,-47.99033,17.22,,,2,2023-06-16T16:02:23+00:00
BRA_340464,Brasília,5300108,,Urbi,391.3,https://moovitapp.com/index/pt-br/transporte_p%C3%BAblico-line-391_3-Brasilia-1702-851595-372373-0,-1.0,-15.73597,-47.90709,0.0,,,2,2023-06-16T16:02:24+00:00
BRA_339261,Brasília,5300108,,Urbi,0.391,https://moovitapp.com/index/pt-br/transporte_p%C3%BAblico-line-0_391-Brasilia-1702-851595-372354-0,-1.0,-15.7749,-47.88853,0.0,,,2,2023-06-16T16:02:25+00:00
BRA_336688,Brasília,5300108,,Urbi,0.050,https://moovitapp.com/index/pt-br/transporte_p%C3%BAblico-line-0_050-Brasilia-1702-851595-781325-0,-1.0,-15.88416,-48.14983,0.0,,,2,2023-06-16T16:02:25+00:00
BRA_336505,Brasília,5300108,,Urbi,0.881,https://moovitapp.com/index/pt-br/transporte_p%C3%BAblico-line-0_881-Brasilia-1702-851595-363857-0,-1.0,-15.9493,-48.03362,0.0,,,1,2023-06-16T16:02:25+00:00
BRA_335312,Brasília,5300108,,Urbi,380.2,https://moovitapp.com/index/pt-br/transporte_p%C3%BAblico-line-380_2-Brasilia-1702-851595-334086-0,-1.0,-15.85308,-48.07242,11.39,,,2,2023-06-16T16:02:25+00:00
BRA_339091,Brasília,5300108,,Urbi,805.1,https://moovitapp.com/index/pt-br/transporte_p%C3%BAblico-line-805_1-Brasilia-1702-851595-454980-0,-1.0,-15.90086,-48.05513,6.94,,,1,2023-06-16T16:02:26+00:00
BRA_338125,Brasília,5300108,,Urbi,0.886,https://moovitapp.com/index/pt-br/transporte_p%C3%BAblico-line-0_886-Brasilia-1702-851595-704024-0,-1.0,-15.88406,-48.01956,0.0,,,1,2023-06-16T16:02:28+00:00
BRA_337137,Brasília,5300108,,Urbi,806.8,https://moovitapp.com/index/pt-br/transporte_p%C3%BAblico-line-806_8-Brasilia-1702-851595-74275051-0,-1.0,-15.89438,-48.05281,5.56,,,2,2023-06-16T16:02:28+00:00
BRA_337757,Brasília,5300108,,Urbi,0.811,https://moovitapp.com/index/pt-br/transporte_p%C3%BAblico-line-0_811-Brasilia-1702-851595-334078-0,-1.0,-15.7749,-47.88853,0.0,,,2,2023-06-16T16:02:29+00:00
BRA_337625,Brasília,5300108,,Urbi,0.809,https://moovitapp.com/index/pt-br/transporte_p%C3%BAblico-line-0_809-Brasilia-1702-851595-516630-0,-1.0,-15.90196,-48.05891,8.06,,,2,2023-06-16T16:02:29+00:00
BRA_339849,Brasília,5300108,,Urbi,0.340,https://moovitapp.com/index/pt-br/transporte_p%C3%BAblico-line-0_340-Brasilia-1702-851595-641378-0,-1.0,-15.94248,-48.24743,0.0,,,2,2023-06-16T16:02:29+00:00
BRA_339032,Brasília,5300108,,Urbi,0.038,https://moovitapp.com/index/pt-br/transporte_p%C3%BAblico-line-0_038-Brasilia-1702-851595-687419-0,-1.0,-15.87614,-48.01173,11.11,,,1,2023-06-16T16:02:29+00:00
BRA_336777,Brasília,5300108,,Urbi,380.2,https://moovitapp.com/index/pt-br/transporte_p%C3%BAblico-line-380_2-Brasilia-1702-851595-334086-0,-1.0,-15.80846,-47.93409,11.67,,,2,2023-06-16T16:02:29+00:00
BRA_338231,Brasília,5300108,,Urbi,0.819,https://moovitapp.com/index/pt-br/transporte_p%C3%BAblico-line-0_819-Brasilia-1702-851595-418739-0,-1.0,-15.85335,-47.95502,0.83,,,1,2023-06-16T16:02:30+00:00
BRA_337633,Brasília,5300108,,Urbi,0.175,https://moovitapp.com/index/pt-br/transporte_p%C3%BAblico-line-0_175-Brasilia-1702-851595-242526-0,-1.0,-15.78542,-47.88766,13.89,,,1,2023-06-16T16:02:30+00:00
BRA_336009,Brasília,5300108,,Urbi,0.053,https://moovitapp.com/index/pt-br/transporte_p%C3%BAblico-line-0_053-Brasilia-1702-851595-588803-0,-1.0,-15.85793,-48.0447,0.0,,,1,2023-06-16T16:02:30+00:00
BRA_335517,Brasília,5300108,,Urbi,367.2,https://moovitapp.com/index/pt-br/transporte_p%C3%BAblico-line-367_2-Brasilia-1702-851595-454971-0,-1.0,-15.85652,-48.07057,3.06,,,1,2023-06-16T16:02:30+00:00
BRA_336912,Brasília,5300108,,Urbi,086.1,https://moovitapp.com/index/pt-br/transporte_p%C3%BAblico-line-086_1-Brasilia-1702-851595-481321-0,-1.0,-15.83842,-47.98489,3.61,,,1,2023-06-16T16:02:31+00:00
BRA_338745,Brasília,5300108,,Urbi,807.1,https://moovitapp.com/index/pt-br/transporte_p%C3%BAblico-line-807_1-Brasilia-1702-851595-322407-0,-1.0,-15.93341,-48.10888,0.0,,,2,2023-06-16T16:02:31+00:00
BRA_340600,Brasília,5300108,,Urbi,373.2,https://moovitapp.com/index/pt-br/transporte_p%C3%BAblico-line-373_2-Brasilia-1702-851595-334084-0,-1.0,-15.86714,-48.08315,1.11,,,1,2023-06-16T16:02:31+00:00
BRA_340227,Brasília,5300108,,Urbi,0.366,https://moovitapp.com/index/pt-br/transporte_p%C3%BAblico-line-0_366-Brasilia-1702-851595-650085-0,-1.0,-15.87099,-48.0648,1.39,,,1,2023-06-16T16:02:31+00:00
BRA_338222,Brasília,5300108,,Urbi,0.898,https://moovitapp.com/index/pt-br/transporte_p%C3%BAblico-line-0_898-Brasilia-1702-851595-322394-0,-1.0,-15.83529,-48.07226,13.89,,,1,2023-06-16T16:02:32+00:00
BRA_338940,Brasília,5300108,,Urbi,0.176,https://moovitapp.com/index/pt-br/transporte_p%C3%BAblico-line-0_176-Brasilia-1702-851595-242527-0,-1.0,-15.83217,-47.91068,12.5,,,1,2023-06-16T16:02:32+00:00
BRA_335380,Brasília,5300108,,Urbi,0.851,https://moovitapp.com/index/pt-br/transporte_p%C3%BAblico-line-0_851-Brasilia-1702-851595-372361-0,-1.0,-15.86414,-47.96059,10.0,,,1,2023-06-16T16:02:32+00:00
BRA_336025,Brasília,5300108,,Urbi,0.054,https://moovitapp.com/index/pt-br/transporte_p%C3%BAblico-line-0_054-Brasilia-1702-851595-454960-0,-1.0,-15.87161,-48.05729,3.33,,,1,2023-06-16T16:02:32+00:00
BRA_336424,Brasília,5300108,,Urbi,813.1,https://moovitapp.com/index/pt-br/transporte_p%C3%BAblico-line-813_1-Brasilia-1702-851595-242635-0,-1.0,-15.82963,-48.03489,19.44,,,1,2023-06-16T16:02:32+00:00
BRA_336467,Brasília,5300108,,Urbi,813.1,https://moovitapp.com/index/pt-br/transporte_p%C3%BAblico-line-813_1-Brasilia-1702-851595-242635-0,-1.0,-15.84711,-48.04354,0.0,,,2,2023-06-16T16:02:32+00:00
BRA_336165,Brasília,5300108,,Urbi,0.172,https://moovitapp.com/index/pt-br/transporte_p%C3%BAblico-line-0_172-Brasilia-1702-851595-470756-0,-1.0,-15.8455,-47.92275,3.33,,,1,2023-06-16T16:02:33+00:00
BRA_339482,Brasília,5300108,,Urbi,038.1,https://moovitapp.com/index/pt-br/transporte_p%C3%BAblico-line-038_1-Brasilia-1702-851595-781327-0,-1.0,-15.80552,-48.07498,0.0,,,1,2023-06-16T16:02:33+00:00
BRA_340481,Brasília,5300108,,Urbi,0.050,https://moovitapp.com/index/pt-br/transporte_p%C3%BAblico-line-0_050-Brasilia-1702-851595-781325-0,-1.0,-15.82361,-48.06399,0.0,,,1,2023-06-16T16:02:33+00:00
BRA_335835,Brasília,5300108,,Urbi,396.2,https://moovitapp.com/index/pt-br/transporte_p%C3%BAblico-line-396_2-Brasilia-1702-851595-372377-0,-1.0,-15.87835,-48.0126,13.33,,,1,2023-06-16T16:02:34+00:00
BRA_339211,Brasília,5300108,,Urbi,373.2,https://moovitapp.com/index/pt-br/transporte_p%C3%BAblico-line-373_2-Brasilia-1702-851595-334084-0,-1.0,-15.87731,-48.10077,12.22,,,2,2023-06-16T16:02:34+00:00
BRA_339342,Brasília,5300108,,Urbi,0.373,https://moovitapp.com/index/pt-br/transporte_p%C3%BAblico-line-0_373-Brasilia-1702-851595-334072-0,-1.0,-15.86854,-47.97009,0.0,,,2,2023-06-16T16:02:34+00:00
BRA_339873,Brasília,5300108,,Urbi,0.821,https://moovitapp.com/index/pt-br/transporte_p%C3%BAblico-line-0_821-Brasilia-1702-851595-334080-0,-1.0,-15.8771,-47.99688,20.28,,,1,2023-06-16T16:02:34+00:00
BRA_339911,Brasília,5300108,,Urbi,373.2,https://moovitapp.com/index/pt-br/transporte_p%C3%BAblico-line-373_2-Brasilia-1702-851595-334084-0,-1.0,-15.86344,-47.95971,14.17,,,2,2023-06-16T16:02:34+00:00
BRA_339997,Brasília,5300108,,Urbi,396.2,https://moovitapp.com/index/pt-br/transporte_p%C3%BAblico-line-396_2-Brasilia-1702-851595-372377-0,-1.0,-15.82696,-47.92616,9.17,,,1,2023-06-16T16:02:34+00:00
BRA_340073,Brasília,5300108,,Urbi,0.367,https://moovitapp.com/index/pt-br/transporte_p%C3%BAblico-line-0_367-Brasilia-1702-851595-519380-0,-1.0,-15.85272,-48.07075,3.89,,,1,2023-06-16T16:02:34+00:00
BRA_340413,Brasília,5300108,,Urbi,056.2,https://moovitapp.com/index/pt-br/transporte_p%C3%BAblico-line-056_2-Brasilia-1702-851595-492982-0,-1.0,-15.81483,-48.08337,13.89,,,1,2023-06-16T16:02:34+00:00
BRA_338061,Brasília,5300108,,Urbi,0.173,https://moovitapp.com/index/pt-br/transporte_p%C3%BAblico-line-0_173-Brasilia-1702-851595-347126-0,-1.0,-15.87697,-48.01992,6.39,,,1,2023-06-16T16:02:34+00:00
BRA_339822,Brasília,5300108,,Urbi,366.3,https://moovitapp.com/index/pt-br/transporte_p%C3%BAblico-line-366_3-Brasilia-1702-851595-71456441-0,-1.0,-15.89326,-48.13909,8.89,,,1,2023-06-16T16:02:34+00:00
BRA_338150,Brasília,5300108,,Urbi,0.175,https://moovitapp.com/index/pt-br/transporte_p%C3%BAblico-line-0_175-Brasilia-1702-851595-242526-0,-1.0,-15.84475,-47.94169,8.06,,,1,2023-06-16T16:02:34+00:00
BRA_336211,Brasília,5300108,,Urbi,380.2,https://moovitapp.com/index/pt-br/transporte_p%C3%BAblico-line-380_2-Brasilia-1702-851595-334086-0,-1.0,-15.8845,-48.1512,7.5,,,1,2023-06-16T16:02:34+00:00
BRA_340758,Brasília,5300108,,Urbi,396.3,https://moovitapp.com/index/pt-br/transporte_p%C3%BAblico-line-396_3-Brasilia-1702-851595-372378-0,-1.0,-15.7605,-47.89228,8.06,,,2,2023-06-16T16:02:34+00:00
BRA_335894,Brasília,5300108,,Urbi,0.393,https://moovitapp.com/index/pt-br/transporte_p%C3%BAblico-line-0_393-Brasilia-1702-851595-588805-0,-1.0,-15.87642,-48.08152,5.56,,,1,2023-06-16T16:02:35+00:00
BRA_335690,Brasília,5300108,,Urbi,0.056,https://moovitapp.com/index/pt-br/transporte_p%C3%BAblico-line-0_056-Brasilia-1702-851595-588804-0,-1.0,-15.81346,-48.08374,6.67,,,1,2023-06-16T16:02:35+00:00
BRA_339423,Brasília,5300108,,Urbi,807.2,https://moovitapp.com/index/pt-br/transporte_p%C3%BAblico-line-807_2-Brasilia-1702-851595-781329-0,-1.0,-15.92672,-48.10251,1.94,,,1,2023-06-16T16:02:35+00:00
BRA_338052,Brasília,5300108,,Urbi,0.175,https://moovitapp.com/index/pt-br/transporte_p%C3%BAblico-line-0_175-Brasilia-1702-851595-242526-0,-1.0,-15.88018,-48.0051,5.0,,,2,2023-06-16T16:02:35+00:00
BRA_338346,Brasília,5300108,,Urbi,0.886,https://moovitapp.com/index/pt-br/transporte_p%C3%BAblico-line-0_886-Brasilia-1702-851595-704024-0,-1.0,-15.82326,-48.06073,8.33,,,2,2023-06-16T16:02:35+00:00
BRA_339237,Brasília,5300108,,Urbi,396.3,https://moovitapp.com/index/pt-br/transporte_p%C3%BAblico-line-396_3-Brasilia-1702-851595-372378-0,-1.0,-15.73661,-47.89821,0.83,,,1,2023-06-16T16:02:35+00:00
BRA_339296,Brasília,5300108,,Urbi,0.341,https://moovitapp.com/index/pt-br/transporte_p%C3%BAblico-line-0_341-Brasilia-1702-851595-37928003-0,-1.0,-15.81821,-48.01365,0.0,,,1,2023-06-16T16:02:35+00:00
BRA_335851,Brasília,5300108,,Urbi,119.0,https://moovitapp.com/index/pt-br/transporte_p%C3%BAblico-line-119_0-Brasilia-1702-851595-139513625-0,-1.0,-15.9273,-47.95812,18.33,,,1,2023-06-16T16:02:35+00:00
BRA_339351,Brasília,5300108,,Urbi,0.845,https://moovitapp.com/index/pt-br/transporte_p%C3%BAblico-line-0_845-Brasilia-1702-851595-339304-0,-1.0,-15.80946,-47.97503,15.56,,,2,2023-06-16T16:02:36+00:00
BRA_336858,Brasília,5300108,,Urbi,874.4,https://moovitapp.com/index/pt-br/transporte_p%C3%BAblico-line-874_4-Brasilia-1702-851595-775106-0,-1.0,-15.91275,-48.06363,0.0,,,1,2023-06-16T16:02:36+00:00
BRA_340138,Brasília,5300108,,Urbi,393.4,https://moovitapp.com/index/pt-br/transporte_p%C3%BAblico-line-393_4-Brasilia-1702-851595-588816-0,-1.0,-15.84063,-48.0497,2.5,,,1,2023-06-16T16:02:36+00:00
BRA_340243,Brasília,5300108,,Urbi,0.129,https://moovitapp.com/index/pt-br/transporte_p%C3%BAblico-line-0_129-Brasilia-1702-851595-775097-0,-1.0,-15.84822,-47.90331,17.78,,,2,2023-06-16T16:02:36+00:00
BRA_337978,Brasília,5300108,,Urbi,0.177,https://moovitapp.com/index/pt-br/transporte_p%C3%BAblico-line-0_177-Brasilia-1702-851595-242528-0,-1.0,-15.87767,-48.00208,8.06,,,1,2023-06-16T16:02:36+00:00
BRA_337200,Brasília,5300108,,Urbi,872.1,https://moovitapp.com/index/pt-br/transporte_p%C3%BAblico-line-872_1-Brasilia-1702-851595-470760-0,-1.0,-15.81967,-48.06539,6.11,,,1,2023-06-16T16:02:36+00:00
BRA_337684,Brasília,5300108,,Urbi,0.811,https://moovitapp.com/index/pt-br/transporte_p%C3%BAblico-line-0_811-Brasilia-1702-851595-334078-0,-1.0,-15.93884,-48.03458,4.17,,,2,2023-06-16T16:02:36+00:00
BRA_336432,Brasília,5300108,,Urbi,0.813,https://moovitapp.com/index/pt-br/transporte_p%C3%BAblico-line-0_813-Brasilia-1702-851595-651523-0,-1.0,-15.76184,-47.89175,11.39,,,2,2023-06-16T16:02:36+00:00
BRA_336122,Brasília,5300108,,Urbi,0.177,https://moovitapp.com/index/pt-br/transporte_p%C3%BAblico-line-0_177-Brasilia-1702-851595-242528-0,-1.0,-15.82339,-47.95087,13.89,,,2,2023-06-16T16:02:36+00:00
BRA_336033,Brasília,5300108,,Urbi,366.7,https://moovitapp.com/index/pt-br/transporte_p%C3%BAblico-line-366_7-Brasilia-1702-851595-650086-0,-1.0,-15.89404,-48.13601,11.67,,,1,2023-06-16T16:02:37+00:00
BRA_336637,Brasília,5300108,,Urbi,0.871,https://moovitapp.com/index/pt-br/transporte_p%C3%BAblico-line-0_871-Brasilia-1702-851595-418741-0,-1.0,-15.83254,-48.05011,6.11,,,2,2023-06-16T16:02:37+00:00
BRA_336483,Brasília,5300108,,Urbi,813.1,https://moovitapp.com/index/pt-br/transporte_p%C3%BAblico-line-813_1-Brasilia-1702-851595-242635-0,-1.0,-15.93317,-48.10891,0.0,,,1,2023-06-16T16:02:37+00:00
BRA_336513,Brasília,5300108,,Urbi,0.871,https://moovitapp.com/index/pt-br/transporte_p%C3%BAblico-line-0_871-Brasilia-1702-851595-418741-0,-1.0,-15.91315,-48.05581,0.28,,,1,2023-06-16T16:02:37+00:00
BRA_335649,Brasília,5300108,,Urbi,366.7,https://moovitapp.com/index/pt-br/transporte_p%C3%BAblico-line-366_7-Brasilia-1702-851595-650086-0,-1.0,-15.88626,-48.10394,0.0,,,2,2023-06-16T16:02:37+00:00
BRA_339652,Brasília,5300108,,,4730,,,-15.89615,-48.14844,6.67,,,1,2023-06-16T16:02:37+00:00
BRA_339741,Brasília,5300108,,Urbi,0.399,https://moovitapp.com/index/pt-br/transporte_p%C3%BAblico-line-0_399-Brasilia-1702-851595-454964-0,-1.0,-15.87683,-48.08257,0.0,,,1,2023-06-16T16:02:37+00:00
BRA_338966,Brasília,5300108,,Urbi,870.7,https://moovitapp.com/index/pt-br/transporte_p%C3%BAblico-line-870_7-Brasilia-1702-851595-531037-0,-1.0,-15.85341,-47.95572,0.0,,,2,2023-06-16T16:02:37+00:00
BRA_338095,Brasília,5300108,,Urbi,0.809,https://moovitapp.com/index/pt-br/transporte_p%C3%BAblico-line-0_809-Brasilia-1702-851595-516630-0,-1.0,-15.81715,-47.90213,20.28,,,2,2023-06-16T16:02:37+00:00
BRA_340456,Brasília,5300108,,Urbi,3944,https://moovitapp.com/index/pt-br/transporte_p%C3%BAblico-line-3944-Brasilia-1702-851595-90452197-0,-1.0,-15.80832,-47.95978,18.89,,,2,2023-06-16T16:02:37+00:00
BRA_340715,Brasília,5300108,,Urbi,391.3,https://moovitapp.com/index/pt-br/transporte_p%C3%BAblico-line-391_3-Brasilia-1702-851595-372373-0,-1.0,-15.87771,-48.0081,11.94,,,2,2023-06-16T16:02:37+00:00
BRA_339989,Brasília,5300108,,Urbi,0.373,https://moovitapp.com/index/pt-br/transporte_p%C3%BAblico-line-0_373-Brasilia-1702-851595-334072-0,-1.0,-15.87818,-48.0083,0.0,,,1,2023-06-16T16:02:37+00:00
BRA_336734,Brasília,5300108,,Urbi,0.391,https://moovitapp.com/index/pt-br/transporte_p%C3%BAblico-line-0_391-Brasilia-1702-851595-372354-0,-1.0,-15.85755,-47.95643,10.83,,,2,2023-06-16T16:02:37+00:00
BRA_339300,Brasília,5300108,,Urbi,0.056,https://moovitapp.com/index/pt-br/transporte_p%C3%BAblico-line-0_056-Brasilia-1702-851595-588804-0,-1.0,-15.87723,-48.06566,2.5,,,1,2023-06-16T16:02:38+00:00
BRA_339946,Brasília,5300108,,Urbi,0.347,https://moovitapp.com/index/pt-br/transporte_p%C3%BAblico-line-0_347-Brasilia-1702-851595-347128-0,-1.0,-15.86874,-47.96504,0.0,,,2,2023-06-16T16:02:38+00:00
BRA_340235,Brasília,5300108,,Urbi,396.2,https://moovitapp.com/index/pt-br/transporte_p%C3%BAblico-line-396_2-Brasilia-1702-851595-372377-0,-1.0,-15.81519,-47.91013,0.0,,,2,2023-06-16T16:02:38+00:00
BRA_338516,Brasília,5300108,,Urbi,813.2,https://moovitapp.com/index/pt-br/transporte_p%C3%BAblico-line-813_2-Brasilia-1702-851595-242636-0,-1.0,-15.89872,-48.05452,6.11,,,1,2023-06-16T16:02:38+00:00
BRA_338486,Brasília,5300108,,Urbi,0.816,https://moovitapp.com/index/pt-br/transporte_p%C3%BAblico-line-0_816-Brasilia-1702-851595-322387-0,-1.0,-15.86077,-47.95528,14.72,,,1,2023-06-16T16:02:38+00:00
BRA_339075,Brasília,5300108,,Urbi,872.9,https://moovitapp.com/index/pt-br/transporte_p%C3%BAblico-line-872_9-Brasilia-1702-851595-372394-0,-1.0,-15.9166,-48.04688,10.56,,,1,2023-06-16T16:02:38+00:00
BRA_338737,Brasília,5300108,,Urbi,870.1,https://moovitapp.com/index/pt-br/transporte_p%C3%BAblico-line-870_1-Brasilia-1702-851595-715272-0,-1.0,-15.84203,-47.9505,18.61,,,1,2023-06-16T16:02:38+00:00
BRA_337617,Brasília,5300108,,Urbi,813.2,https://moovitapp.com/index/pt-br/transporte_p%C3%BAblico-line-813_2-Brasilia-1702-851595-242636-0,-1.0,-15.8048,-47.89773,11.94,,,2,2023-06-16T16:02:38+00:00
BRA_336343,Brasília,5300108,,Urbi,394.1,https://moovitapp.com/index/pt-br/transporte_p%C3%BAblico-line-394_1-Brasilia-1702-851595-334089-0,-1.0,-15.87839,-48.05148,10.56,,,1,2023-06-16T16:02:38+00:00
BRA_337111,Brasília,5300108,,Urbi,0.809,https://moovitapp.com/index/pt-br/transporte_p%C3%BAblico-line-0_809-Brasilia-1702-851595-516630-0,-1.0,-15.83021,-47.91784,15.83,,,1,2023-06-16T16:02:38+00:00
BRA_337901,Brasília,5300108,,Urbi,0.812,https://moovitapp.com/index/pt-br/transporte_p%C3%BAblico-line-0_812-Brasilia-1702-851595-697958-0,-1.0,-15.81956,-48.12372,2.22,,,1,2023-06-16T16:02:39+00:00
BRA_339806,Brasília,5300108,,Urbi,398.3,https://moovitapp.com/index/pt-br/transporte_p%C3%BAblico-line-398_3-Brasilia-1702-851595-706973-0,-1.0,-15.87631,-48.08092,10.0,,,1,2023-06-16T16:02:39+00:00
BRA_338541,Brasília,5300108,,Urbi,871.3,https://moovitapp.com/index/pt-br/transporte_p%C3%BAblico-line-871_3-Brasilia-1702-851595-588820-0,-1.0,-15.73547,-47.90644,0.0,,,2,2023-06-16T16:02:39+00:00
BRA_337951,Brasília,5300108,,Urbi,0.873,https://moovitapp.com/index/pt-br/transporte_p%C3%BAblico-line-0_873-Brasilia-1702-851595-510238-0,-1.0,-15.91047,-48.06438,5.28,,,1,2023-06-16T16:02:39+00:00
BRA_340421,Brasília,5300108,,Urbi,056.2,https://moovitapp.com/index/pt-br/transporte_p%C3%BAblico-line-056_2-Brasilia-1702-851595-492982-0,-1.0,-15.89198,-48.13975,1.67,,,1,2023-06-16T16:02:39+00:00
BRA_340774,Brasília,5300108,,Urbi,0.082,https://moovitapp.com/index/pt-br/transporte_p%C3%BAblico-line-0_082-Brasilia-1702-851595-781326-0,-1.0,-15.75926,-47.94618,18.89,,,1,2023-06-16T16:02:39+00:00
BRA_340472,Brasília,5300108,,Urbi,366.5,https://moovitapp.com/index/pt-br/transporte_p%C3%BAblico-line-366_5-Brasilia-1702-851595-3770009-0,-1.0,-15.87651,-48.06339,0.0,,,1,2023-06-16T16:02:39+00:00
BRA_339962,Brasília,5300108,,Urbi,0.129,https://moovitapp.com/index/pt-br/transporte_p%C3%BAblico-line-0_129-Brasilia-1702-851595-775097-0,-1.0,-15.75831,-47.77773,9.44,,,1,2023-06-16T16:02:40+00:00
BRA_339270,Brasília,5300108,,Urbi,0.844,https://moovitapp.com/index/pt-br/transporte_p%C3%BAblico-line-0_844-Brasilia-1702-851595-519386-0,-1.0,-15.85111,-48.07323,4.72,,,2,2023-06-16T16:02:40+00:00
BRA_340316,Brasília,5300108,,Urbi,0.163,https://moovitapp.com/index/pt-br/transporte_p%C3%BAblico-line-0_163-Brasilia-1702-851595-352629-0,-1.0,-15.83731,-47.95305,18.89,,,1,2023-06-16T16:02:40+00:00
BRA_338397,Brasília,5300108,,Urbi,0.175,https://moovitapp.com/index/pt-br/transporte_p%C3%BAblico-line-0_175-Brasilia-1702-851595-242526-0,-1.0,-15.73619,-47.90632,0.0,,,2,2023-06-16T16:02:40+00:00
BRA_338079,Brasília,5300108,,Urbi,813.2,https://moovitapp.com/index/pt-br/transporte_p%C3%BAblico-line-813_2-Brasilia-1702-851595-242636-0,-1.0,-15.85349,-47.95504,0.0,,,1,2023-06-16T16:02:40+00:00
BRA_339148,Brasília,5300108,,Urbi,0.175,https://moovitapp.com/index/pt-br/transporte_p%C3%BAblico-line-0_175-Brasilia-1702-851595-242526-0,-1.0,-15.76266,-47.89152,0.0,,,2,2023-06-16T16:02:40+00:00
BRA_339571,Brasília,5300108,,Urbi,807.2,https://moovitapp.com/index/pt-br/transporte_p%C3%BAblico-line-807_2-Brasilia-1702-851595-781329-0,-1.0,-15.92472,-48.10094,11.11,,,1,2023-06-16T16:02:40+00:00
BRA_339431,Brasília,5300108,,Urbi,865.2,https://moovitapp.com/index/pt-br/transporte_p%C3%BAblico-line-865_2-Brasilia-1702-851595-24598162-0,-1.0,-15.98919,-48.04627,18.61,,,1,2023-06-16T16:02:40+00:00
BRA_336041,Brasília,5300108,,Urbi,367.2,https://moovitapp.com/index/pt-br/transporte_p%C3%BAblico-line-367_2-Brasilia-1702-851595-454971-0,-1.0,-15.86737,-48.0835,5.0,,,1,2023-06-16T16:02:40+00:00
BRA_335975,Brasília,5300108,,Urbi,366.1,https://moovitapp.com/index/pt-br/transporte_p%C3%BAblico-line-366_1-Brasilia-1702-851595-425249-0,-1.0,-15.89852,-48.12162,0.0,,,2,2023-06-16T16:02:40+00:00
BRA_335720,Brasília,5300108,,Urbi,0.392,https://moovitapp.com/index/pt-br/transporte_p%C3%BAblico-line-0_392-Brasilia-1702-851595-334075-0,-1.0,-15.88664,-48.14401,0.0,,,1,2023-06-16T16:02:41+00:00
BRA_337439,Brasília,5300108,,Urbi,0.886,https://moovitapp.com/index/pt-br/transporte_p%C3%BAblico-line-0_886-Brasilia-1702-851595-704024-0,-1.0,-15.81352,-48.09761,0.0,,,1,2023-06-16T16:02:41+00:00
BRA_337102,Brasília,5300108,,Urbi,0.805,https://moovitapp.com/index/pt-br/transporte_p%C3%BAblico-line-0_805-Brasilia-1702-851595-460800-0,-1.0,-15.86384,-48.03553,2.78,,,1,2023-06-16T16:02:41+00:00
BRA_337081,Brasília,5300108,,Urbi,0.808,https://moovitapp.com/index/pt-br/transporte_p%C3%BAblico-line-0_808-Brasilia-1702-851595-372359-0,-1.0,-15.90949,-48.08799,5.0,,,2,2023-06-16T16:02:41+00:00
BRA_339547,Brasília,5300108,,Urbi,806.1,https://moovitapp.com/index/pt-br/transporte_p%C3%BAblico-line-806_1-Brasilia-1702-851595-775104-0,-1.0,-15.8714,-48.05798,6.94,,,2,2023-06-16T16:02:41+00:00
BRA_339725,Brasília,5300108,,Urbi,0.397,https://moovitapp.com/index/pt-br/transporte_p%C3%BAblico-line-0_397-Brasilia-1702-851595-890857-0,-1.0,-15.78854,-48.1345,0.0,,,2,2023-06-16T16:02:41+00:00
BRA_337889,Brasília,5300108,,Urbi,806.1,https://moovitapp.com/index/pt-br/transporte_p%C3%BAblico-line-806_1-Brasilia-1702-851595-775104-0,-1.0,-15.87927,-48.06126,0.0,,,1,2023-06-16T16:02:41+00:00
BRA_337692,Brasília,5300108,,Urbi,0.811,https://moovitapp.com/index/pt-br/transporte_p%C3%BAblico-line-0_811-Brasilia-1702-851595-334078-0,-1.0,-15.75715,-47.89339,14.44,,,2,2023-06-16T16:02:41+00:00
BRA_338826,Brasília,5300108,,Urbi,0.882,https://moovitapp.com/index/pt-br/transporte_p%C3%BAblico-line-0_882-Brasilia-1702-851595-363858-0,-1.0,-15.78893,-47.9043,16.39,,,1,2023-06-16T16:02:41+00:00
BRA_340588,Brasília,5300108,,Urbi,366.7,https://moovitapp.com/index/pt-br/transporte_p%C3%BAblico-line-366_7-Brasilia-1702-851595-650086-0,-1.0,-15.87096,-48.10241,9.44,,,2,2023-06-16T16:02:41+00:00
BRA_340626,Brasília,5300108,,Urbi,0.367,https://moovitapp.com/index/pt-br/transporte_p%C3%BAblico-line-0_367-Brasilia-1702-851595-519380-0,-1.0,-15.83938,-48.05183,10.56,,,1,2023-06-16T16:02:42+00:00
BRA_339253,Brasília,5300108,,Urbi,0.050,https://moovitapp.com/index/pt-br/transporte_p%C3%BAblico-line-0_050-Brasilia-1702-851595-781325-0,-1.0,-15.8524,-48.07014,0.0,,,1,2023-06-16T16:02:42+00:00
BRA_339385,Brasília,5300108,,Urbi,393.6,https://moovitapp.com/index/pt-br/transporte_p%C3%BAblico-line-393_6-Brasilia-1702-851595-588817-0,-1.0,-15.89238,-48.10849,0.0,,,1,2023-06-16T16:02:42+00:00
BRA_336718,Brasília,5300108,,Urbi,0.050,https://moovitapp.com/index/pt-br/transporte_p%C3%BAblico-line-0_050-Brasilia-1702-851595-781325-0,-1.0,-15.89187,-48.13977,0.0,,,2,2023-06-16T16:02:42+00:00
BRA_339954,Brasília,5300108,,Urbi,0.366,https://moovitapp.com/index/pt-br/transporte_p%C3%BAblico-line-0_366-Brasilia-1702-851595-650085-0,-1.0,-15.86431,-48.05695,0.0,,,2,2023-06-16T16:02:42+00:00
BRA_340120,Brasília,5300108,,Urbi,366.1,https://moovitapp.com/index/pt-br/transporte_p%C3%BAblico-line-366_1-Brasilia-1702-851595-425249-0,-1.0,-15.89226,-48.13919,0.0,,,1,2023-06-16T16:02:42+00:00
BRA_338711,Brasília,5300108,,Urbi,0.873,https://moovitapp.com/index/pt-br/transporte_p%C3%BAblico-line-0_873-Brasilia-1702-851595-510238-0,-1.0,-15.88017,-48.01889,10.0,,,2,2023-06-16T16:02:42+00:00
BRA_338362,Brasília,5300108,,Urbi,871.3,https://moovitapp.com/index/pt-br/transporte_p%C3%BAblico-line-871_3-Brasilia-1702-851595-588820-0,-1.0,-15.90773,-48.05964,2.5,,,1,2023-06-16T16:02:42+00:00
BRA_338044,Brasília,5300108,,Urbi,806.8,https://moovitapp.com/index/pt-br/transporte_p%C3%BAblico-line-806_8-Brasilia-1702-851595-74275051-0,-1.0,-15.93948,-48.03407,4.17,,,2,2023-06-16T16:02:42+00:00
BRA_337811,Brasília,5300108,,Urbi,874.4,https://moovitapp.com/index/pt-br/transporte_p%C3%BAblico-line-874_4-Brasilia-1702-851595-775106-0,-1.0,-15.87462,-48.04691,3.61,,,2,2023-06-16T16:02:42+00:00
BRA_337862,Brasília,5300108,,Urbi,0.087,https://moovitapp.com/index/pt-br/transporte_p%C3%BAblico-line-0_087-Brasilia-1702-851595-242519-0,-1.0,-15.80278,-47.95098,0.0,,,1,2023-06-16T16:02:42+00:00
BRA_339717,Brasília,5300108,,Urbi,3401,https://moovitapp.com/index/pt-br/transporte_p%C3%BAblico-line-3401-Brasilia-1702-851595-98259417-0,-1.0,-15.94246,-48.24137,7.78,,,1,2023-06-16T16:02:42+00:00
BRA_339555,Brasília,5300108,,Urbi,807.9,https://moovitapp.com/index/pt-br/transporte_p%C3%BAblico-line-807_9-Brasilia-1702-851595-322409-0,-1.0,-15.91301,-48.0556,0.0,,,1,2023-06-16T16:02:42+00:00
BRA_337358,Brasília,5300108,,Urbi,870.1,https://moovitapp.com/index/pt-br/transporte_p%C3%BAblico-line-870_1-Brasilia-1702-851595-715272-0,-1.0,-15.87836,-48.01252,11.94,,,2,2023-06-16T16:02:42+00:00
BRA_337340,Brasília,5300108,,Urbi,084.1,https://moovitapp.com/index/pt-br/transporte_p%C3%BAblico-line-084_1-Brasilia-1702-851595-466292-0,-1.0,-15.83976,-47.95329,18.61,,,1,2023-06-16T16:02:42+00:00
BRA_333875,Brasília,5300108,,Urbi,0.171,https://moovitapp.com/index/pt-br/transporte_p%C3%BAblico-line-0_171-Brasilia-1702-851595-242524-0,-1.0,-15.87671,-47.97718,6.11,,,1,2023-06-16T16:02:42+00:00
BRA_336238,Brasília,5300108,,Urbi,0.394,https://moovitapp.com/index/pt-br/transporte_p%C3%BAblico-line-0_394-Brasilia-1702-851595-334076-0,-1.0,-15.81146,-47.98902,0.0,,,1,2023-06-16T16:02:42+00:00
BRA_336548,Brasília,5300108,,Urbi,0.813,https://moovitapp.com/index/pt-br/transporte_p%C3%BAblico-line-0_813-Brasilia-1702-851595-651523-0,-1.0,-15.81178,-47.97839,11.11,,,2,2023-06-16T16:02:42+00:00
BRA_336335,Brasília,5300108,,Urbi,0.394,https://moovitapp.com/index/pt-br/transporte_p%C3%BAblico-line-0_394-Brasilia-1702-851595-334076-0,-1.0,-15.88587,-48.10236,10.83,,,1,2023-06-16T16:02:43+00:00
BRA_335941,Brasília,5300108,,Urbi,3401,https://moovitapp.com/index/pt-br/transporte_p%C3%BAblico-line-3401-Brasilia-1702-851595-98259417-0,-1.0,-15.9424,-48.24226,0.0,,,1,2023-06-16T16:02:43+00:00
BRA_336050,Brasília,5300108,,Urbi,396.2,https://moovitapp.com/index/pt-br/transporte_p%C3%BAblico-line-396_2-Brasilia-1702-851595-372377-0,-1.0,-15.78715,-47.88802,0.0,,,1,2023-06-16T16:02:43+00:00
BRA_333905,Brasília,5300108,,Urbi,0.050,https://moovitapp.com/index/pt-br/transporte_p%C3%BAblico-line-0_050-Brasilia-1702-851595-781325-0,-1.0,-15.82361,-48.06399,0.0,,,1,2023-06-16T16:02:43+00:00
BRA_335614,Brasília,5300108,,Urbi,393.4,https://moovitapp.com/index/pt-br/transporte_p%C3%BAblico-line-393_4-Brasilia-1702-851595-588816-0,-1.0,-15.84856,-48.04792,11.11,,,1,2023-06-16T16:02:43+00:00
BRA_335657,Brasília,5300108,,Urbi,396.3,https://moovitapp.com/index/pt-br/transporte_p%C3%BAblico-line-396_3-Brasilia-1702-851595-372378-0,-1.0,-15.87881,-48.07208,10.83,,,2,2023-06-16T16:02:43+00:00
BRA_338338,Brasília,5300108,,Urbi,0.087,https://moovitapp.com/index/pt-br/transporte_p%C3%BAblico-line-0_087-Brasilia-1702-851595-242519-0,-1.0,-15.86924,-47.96444,4.72,,,1,2023-06-16T16:02:43+00:00
BRA_339938,Brasília,5300108,,Urbi,0.082,https://moovitapp.com/index/pt-br/transporte_p%C3%BAblico-line-0_082-Brasilia-1702-851595-781326-0,-1.0,-15.87006,-47.96606,0.56,,,1,2023-06-16T16:02:43+00:00
BRA_336866,Brasília,5300108,,Urbi,0.813,https://moovitapp.com/index/pt-br/transporte_p%C3%BAblico-line-0_813-Brasilia-1702-851595-651523-0,-1.0,-15.93325,-48.10877,0.0,,,1,2023-06-16T16:02:43+00:00
BRA_340499,Brasília,5300108,,Urbi,391.3,https://moovitapp.com/index/pt-br/transporte_p%C3%BAblico-line-391_3-Brasilia-1702-851595-372373-0,-1.0,-15.87723,-47.99863,15.56,,,1,2023-06-16T16:02:43+00:00
BRA_338877,Brasília,5300108,,Urbi,0.808,https://moovitapp.com/index/pt-br/transporte_p%C3%BAblico-line-0_808-Brasilia-1702-851595-372359-0,-1.0,-15.80856,-48.08484,12.5,,,1,2023-06-16T16:02:44+00:00
BRA_338036,Brasília,5300108,,Urbi,805.9,https://moovitapp.com/index/pt-br/transporte_p%C3%BAblico-line-805_9-Brasilia-1702-851595-454983-0,-1.0,-15.82353,-48.06418,3.06,,,1,2023-06-16T16:02:44+00:00
BRA_338281,Brasília,5300108,,Urbi,0.368,https://moovitapp.com/index/pt-br/transporte_p%C3%BAblico-line-0_368-Brasilia-1702-851595-706971-0,-1.0,-15.79901,-48.10394,7.5,,,1,2023-06-16T16:02:44+00:00
BRA_338290,Brasília,5300108,,Urbi,807.8,https://moovitapp.com/index/pt-br/transporte_p%C3%BAblico-line-807_8-Brasilia-1702-851595-322408-0,-1.0,-15.90383,-48.07135,5.83,,,1,2023-06-16T16:02:44+00:00
BRA_338427,Brasília,5300108,,Urbi,805.8,https://moovitapp.com/index/pt-br/transporte_p%C3%BAblico-line-805_8-Brasilia-1702-851595-454982-0,-1.0,-15.8962,-48.05528,0.0,,,1,2023-06-16T16:02:44+00:00
BRA_339407,Brasília,5300108,,Urbi,807.8,https://moovitapp.com/index/pt-br/transporte_p%C3%BAblico-line-807_8-Brasilia-1702-851595-322408-0,-1.0,-15.93893,-48.03495,0.0,,,2,2023-06-16T16:02:44+00:00
BRA_337251,Brasília,5300108,,Urbi,872.2,https://moovitapp.com/index/pt-br/transporte_p%C3%BAblico-line-872_2-Brasilia-1702-851595-425251-0,-1.0,-15.87487,-48.04607,18.89,,,1,2023-06-16T16:02:44+00:00
BRA_337170,Brasília,5300108,,Urbi,807.4,https://moovitapp.com/index/pt-br/transporte_p%C3%BAblico-line-807_4-Brasilia-1702-851595-29767840-0,-1.0,-15.91734,-48.05611,15.56,,,2,2023-06-16T16:02:44+00:00
BRA_337218,Brasília,5300108,,Urbi,0.882,https://moovitapp.com/index/pt-br/transporte_p%C3%BAblico-line-0_882-Brasilia-1702-851595-363858-0,-1.0,-15.94989,-48.03255,2.22,,,2,2023-06-16T16:02:44+00:00
BRA_335401,Brasília,5300108,,Urbi,0.391,https://moovitapp.com/index/pt-br/transporte_p%C3%BAblico-line-0_391-Brasilia-1702-851595-372354-0,-1.0,-15.86604,-48.0953,5.0,,,1,2023-06-16T16:02:44+00:00
BRA_335878,Brasília,5300108,,Urbi,366.5,https://moovitapp.com/index/pt-br/transporte_p%C3%BAblico-line-366_5-Brasilia-1702-851595-3770009-0,-1.0,-15.87995,-48.07594,8.89,,,2,2023-06-16T16:02:44+00:00
BRA_336262,Brasília,5300108,,Urbi,394.1,https://moovitapp.com/index/pt-br/transporte_p%C3%BAblico-line-394_1-Brasilia-1702-851595-334089-0,-1.0,-15.87654,-48.06051,11.39,,,2,2023-06-16T16:02:45+00:00
BRA_336572,Brasília,5300108,,Urbi,0.813,https://moovitapp.com/index/pt-br/transporte_p%C3%BAblico-line-0_813-Brasilia-1702-851595-651523-0,-1.0,-15.90519,-48.0777,11.67,,,2,2023-06-16T16:02:45+00:00
BRA_337226,Brasília,5300108,,Urbi,0.808,https://moovitapp.com/index/pt-br/transporte_p%C3%BAblico-line-0_808-Brasilia-1702-851595-372359-0,-1.0,-15.86547,-48.05653,2.5,,,2,2023-06-16T16:02:45+00:00
BRA_337145,Brasília,5300108,,Urbi,0.873,https://moovitapp.com/index/pt-br/transporte_p%C3%BAblico-line-0_873-Brasilia-1702-851595-510238-0,-1.0,-15.78837,-48.13417,0.0,,,2,2023-06-16T16:02:45+00:00
BRA_337323,Brasília,5300108,,Urbi,087.5,https://moovitapp.com/index/pt-br/transporte_p%C3%BAblico-line-087_5-Brasilia-1702-851595-54018829-0,-1.0,-15.87873,-48.05303,5.56,,,2,2023-06-16T16:02:45+00:00
BRA_339491,Brasília,5300108,,Urbi,0.805,https://moovitapp.com/index/pt-br/transporte_p%C3%BAblico-line-0_805-Brasilia-1702-851595-460800-0,-1.0,-15.90407,-48.07331,10.83,,,2,2023-06-16T16:02:45+00:00
BRA_337650,Brasília,5300108,,Urbi,0.177,https://moovitapp.com/index/pt-br/transporte_p%C3%BAblico-line-0_177-Brasilia-1702-851595-242528-0,-1.0,-15.78726,-47.90987,0.0,,,1,2023-06-16T16:02:45+00:00
BRA_337609,Brasília,5300108,,Urbi,0.175,https://moovitapp.com/index/pt-br/transporte_p%C3%BAblico-line-0_175-Brasilia-1702-851595-242526-0,-1.0,-15.83918,-47.95379,11.39,,,2,2023-06-16T16:02:45+00:00
BRA_339750,Brasília,5300108,,Urbi,397.2,https://moovitapp.com/index/pt-br/transporte_p%C3%BAblico-line-397_2-Brasilia-1702-851595-890938-0,-1.0,-15.89031,-48.14401,13.33,,,1,2023-06-16T16:02:45+00:00
BRA_337714,Brasília,5300108,,Urbi,807.6,https://moovitapp.com/index/pt-br/transporte_p%C3%BAblico-line-807_6-Brasilia-1702-851595-334092-0,-1.0,-15.91294,-48.09621,14.44,,,2,2023-06-16T16:02:45+00:00
BRA_339130,Brasília,5300108,,Urbi,813.2,https://moovitapp.com/index/pt-br/transporte_p%C3%BAblico-line-813_2-Brasilia-1702-851595-242636-0,-1.0,-15.73591,-47.90722,0.0,,,2,2023-06-16T16:02:45+00:00
BRA_340529,Brasília,5300108,,Urbi,0.082,https://moovitapp.com/index/pt-br/transporte_p%C3%BAblico-line-0_082-Brasilia-1702-851595-781326-0,-1.0,-15.87399,-47.97312,8.61,,,1,2023-06-16T16:02:45+00:00
BRA_336653,Brasília,5300108,,Urbi,396.3,https://moovitapp.com/index/pt-br/transporte_p%C3%BAblico-line-396_3-Brasilia-1702-851595-372378-0,-1.0,-15.87758,-48.00272,17.22,,,1,2023-06-16T16:02:46+00:00
BRA_336807,Brasília,5300108,,Urbi,056.4,https://moovitapp.com/index/pt-br/transporte_p%C3%BAblico-line-056_4-Brasilia-1702-851595-519387-0,-1.0,-15.82256,-48.11492,0.0,,,1,2023-06-16T16:02:46+00:00
BRA_340162,Brasília,5300108,,Urbi,396.2,https://moovitapp.com/index/pt-br/transporte_p%C3%BAblico-line-396_2-Brasilia-1702-851595-372377-0,-1.0,-15.88635,-48.10402,0.0,,,1,2023-06-16T16:02:46+00:00
BRA_340260,Brasília,5300108,,Urbi,0.347,https://moovitapp.com/index/pt-br/transporte_p%C3%BAblico-line-0_347-Brasilia-1702-851595-347128-0,-1.0,-15.83207,-48.05957,2.78,,,1,2023-06-16T16:02:46+00:00
BRA_339768,Brasília,5300108,,Urbi,372.5,https://moovitapp.com/index/pt-br/transporte_p%C3%BAblico-line-372_5-Brasilia-1702-851595-519391-0,-1.0,-15.80433,-48.07248,1.94,,,1,2023-06-16T16:02:46+00:00
BRA_337587,Brasília,5300108,,Urbi,871.3,https://moovitapp.com/index/pt-br/transporte_p%C3%BAblico-line-871_3-Brasilia-1702-851595-588820-0,-1.0,-15.86894,-47.96972,8.89,,,1,2023-06-16T16:02:46+00:00
BRA_337871,Brasília,5300108,,Urbi,870.1,https://moovitapp.com/index/pt-br/transporte_p%C3%BAblico-line-870_1-Brasilia-1702-851595-715272-0,-1.0,-15.94916,-48.03387,0.28,,,1,2023-06-16T16:02:46+00:00
BRA_337838,Brasília,5300108,,Urbi,0.810,https://moovitapp.com/index/pt-br/transporte_p%C3%BAblico-line-0_810-Brasilia-1702-851595-363856-0,-1.0,-15.91138,-48.09389,3.89,,,2,2023-06-16T16:02:46+00:00
BRA_335584,Brasília,5300108,,Urbi,391.3,https://moovitapp.com/index/pt-br/transporte_p%C3%BAblico-line-391_3-Brasilia-1702-851595-372373-0,-1.0,-15.80559,-47.89843,0.0,,,2,2023-06-16T16:02:46+00:00
BRA_335746,Brasília,5300108,,Urbi,160.2,https://moovitapp.com/index/pt-br/transporte_p%C3%BAblico-line-160_2-Brasilia-1702-851595-242581-0,-1.0,-15.76543,-47.8764,5.83,,,2,2023-06-16T16:02:46+00:00
BRA_336629,Brasília,5300108,,Urbi,813.1,https://moovitapp.com/index/pt-br/transporte_p%C3%BAblico-line-813_1-Brasilia-1702-851595-242635-0,-1.0,-15.89839,-48.05456,0.0,,,1,2023-06-16T16:02:46+00:00
BRA_336556,Brasília,5300108,,Urbi,813.1,https://moovitapp.com/index/pt-br/transporte_p%C3%BAblico-line-813_1-Brasilia-1702-851595-242635-0,-1.0,-15.78719,-47.91027,11.67,,,2,2023-06-16T16:02:46+00:00
BRA_336564,Brasília,5300108,,Urbi,0.813,https://moovitapp.com/index/pt-br/transporte_p%C3%BAblico-line-0_813-Brasilia-1702-851595-651523-0,-1.0,-15.83092,-48.04334,1.94,,,1,2023-06-16T16:02:46+00:00
BRA_336599,Brasília,5300108,,Urbi,0.813,https://moovitapp.com/index/pt-br/transporte_p%C3%BAblico-line-0_813-Brasilia-1702-851595-651523-0,-1.0,-15.80817,-47.90067,0.0,,,1,2023-06-16T16:02:47+00:00
BRA_336327,Brasília,5300108,,Urbi,394.1,https://moovitapp.com/index/pt-br/transporte_p%C3%BAblico-line-394_1-Brasilia-1702-851595-334089-0,-1.0,-15.81079,-47.94524,18.61,,,1,2023-06-16T16:02:47+00:00
BRA_339661,Brasília,5300108,,Urbi,393.7,https://moovitapp.com/index/pt-br/transporte_p%C3%BAblico-line-393_7-Brasilia-1702-851595-588818-0,-1.0,-15.89505,-48.12157,0.0,,,1,2023-06-16T16:02:47+00:00
BRA_337854,Brasília,5300108,,Urbi,086.1,https://moovitapp.com/index/pt-br/transporte_p%C3%BAblico-line-086_1-Brasilia-1702-851595-481321-0,-1.0,-15.7954,-47.94884,5.56,,,2,2023-06-16T16:02:47+00:00
BRA_337501,Brasília,5300108,,Urbi,874.4,https://moovitapp.com/index/pt-br/transporte_p%C3%BAblico-line-874_4-Brasilia-1702-851595-775106-0,-1.0,-15.86449,-47.9611,15.83,,,1,2023-06-16T16:02:47+00:00
BRA_337129,Brasília,5300108,,Urbi,870.9,https://moovitapp.com/index/pt-br/transporte_p%C3%BAblico-line-870_9-Brasilia-1702-851595-775105-0,-1.0,-15.84522,-47.93118,18.61,,,1,2023-06-16T16:02:47+00:00
BRA_338664,Brasília,5300108,,Urbi,038.1,https://moovitapp.com/index/pt-br/transporte_p%C3%BAblico-line-038_1-Brasilia-1702-851595-781327-0,-1.0,-15.87795,-48.01469,13.89,,,1,2023-06-16T16:02:47+00:00
BRA_338699,Brasília,5300108,,Urbi,0.819,https://moovitapp.com/index/pt-br/transporte_p%C3%BAblico-line-0_819-Brasilia-1702-851595-418739-0,-1.0,-15.7652,-47.8764,3.33,,,2,2023-06-16T16:02:47+00:00
BRA_338931,Brasília,5300108,,Urbi,870.7,https://moovitapp.com/index/pt-br/transporte_p%C3%BAblico-line-870_7-Brasilia-1702-851595-531037-0,-1.0,-15.92025,-48.06116,4.44,,,2,2023-06-16T16:02:47+00:00
BRA_340219,Brasília,5300108,,Urbi,056.2,https://moovitapp.com/index/pt-br/transporte_p%C3%BAblico-line-056_2-Brasilia-1702-851595-492982-0,-1.0,-15.81199,-48.09464,11.94,,,1,2023-06-16T16:02:47+00:00
BRA_340111,Brasília,5300108,,Urbi,0.821,https://moovitapp.com/index/pt-br/transporte_p%C3%BAblico-line-0_821-Brasilia-1702-851595-334080-0,-1.0,-15.87548,-48.07948,0.0,,,2,2023-06-16T16:02:47+00:00
BRA_340324,Brasília,5300108,,Urbi,0.393,https://moovitapp.com/index/pt-br/transporte_p%C3%BAblico-line-0_393-Brasilia-1702-851595-588805-0,-1.0,-15.80626,-48.07733,12.78,,,1,2023-06-16T16:02:47+00:00
BRA_340430,Brasília,5300108,,Urbi,0.853,https://moovitapp.com/index/pt-br/transporte_p%C3%BAblico-line-0_853-Brasilia-1702-851595-454968-0,-1.0,-15.79662,-47.87033,4.17,,,1,2023-06-16T16:02:47+00:00
BRA_340341,Brasília,5300108,,Urbi,0.391,https://moovitapp.com/index/pt-br/transporte_p%C3%BAblico-line-0_391-Brasilia-1702-851595-372354-0,-1.0,-15.87617,-48.04802,19.17,,,1,2023-06-16T16:02:47+00:00
BRA_340332,Brasília,5300108,,Urbi,396.3,https://moovitapp.com/index/pt-br/transporte_p%C3%BAblico-line-396_3-Brasilia-1702-851595-372378-0,-1.0,-15.80156,-47.89449,0.0,,,1,2023-06-16T16:02:48+00:00
BRA_340065,Brasília,5300108,,Urbi,367.2,https://moovitapp.com/index/pt-br/transporte_p%C3%BAblico-line-367_2-Brasilia-1702-851595-454971-0,-1.0,-15.88563,-48.1449,6.94,,,1,2023-06-16T16:02:48+00:00
BRA_340782,Brasília,5300108,,Urbi,0.054,https://moovitapp.com/index/pt-br/transporte_p%C3%BAblico-line-0_054-Brasilia-1702-851595-454960-0,-1.0,-15.81758,-48.06308,5.56,,,1,2023-06-16T16:02:48+00:00
BRA_340391,Brasília,5300108,,Urbi,0.053,https://moovitapp.com/index/pt-br/transporte_p%C3%BAblico-line-0_053-Brasilia-1702-851595-588803-0,-1.0,-15.89546,-48.12338,0.0,,,2,2023-06-16T16:02:48+00:00
BRA_338460,Brasília,5300108,,Urbi,0.038,https://moovitapp.com/index/pt-br/transporte_p%C3%BAblico-line-0_038-Brasilia-1702-851595-687419-0,-1.0,-15.81139,-48.08437,10.28,,,1,2023-06-16T16:02:48+00:00
BRA_337897,Brasília,5300108,,Urbi,0.811,https://moovitapp.com/index/pt-br/transporte_p%C3%BAblico-line-0_811-Brasilia-1702-851595-334078-0,-1.0,-15.87753,-48.01889,6.11,,,1,2023-06-16T16:02:48+00:00
BRA_335479,Brasília,5300108,,Urbi,396.3,https://moovitapp.com/index/pt-br/transporte_p%C3%BAblico-line-396_3-Brasilia-1702-851595-372378-0,-1.0,-15.88266,-48.06006,15.56,,,1,2023-06-16T16:02:48+00:00
BRA_336203,Brasília,5300108,,Urbi,380.2,https://moovitapp.com/index/pt-br/transporte_p%C3%BAblico-line-380_2-Brasilia-1702-851595-334086-0,-1.0,-15.83054,-48.05458,3.61,,,1,2023-06-16T16:02:48+00:00
BRA_335991,Brasília,5300108,,Urbi,396.3,https://moovitapp.com/index/pt-br/transporte_p%C3%BAblico-line-396_3-Brasilia-1702-851595-372378-0,-1.0,-15.87796,-48.06813,4.44,,,1,2023-06-16T16:02:49+00:00
BRA_337927,Brasília,5300108,,Urbi,0.884,https://moovitapp.com/index/pt-br/transporte_p%C3%BAblico-line-0_884-Brasilia-1702-851595-322393-0,-1.0,-15.92669,-48.04371,7.78,,,1,2023-06-16T16:02:49+00:00
BRA_337595,Brasília,5300108,,Urbi,0.087,https://moovitapp.com/index/pt-br/transporte_p%C3%BAblico-line-0_087-Brasilia-1702-851595-242519-0,-1.0,-15.88745,-48.02068,4.17,,,2,2023-06-16T16:02:49+00:00
BRA_336955,Brasília,5300108,,Urbi,0.172,https://moovitapp.com/index/pt-br/transporte_p%C3%BAblico-line-0_172-Brasilia-1702-851595-470756-0,-1.0,-15.82778,-47.9169,13.33,,,2,2023-06-16T16:02:49+00:00
BRA_337994,Brasília,5300108,,Urbi,805.1,https://moovitapp.com/index/pt-br/transporte_p%C3%BAblico-line-805_1-Brasilia-1702-851595-454980-0,-1.0,-15.93208,-48.10923,0.0,,,1,2023-06-16T16:02:49+00:00
BRA_340146,Brasília,5300108,,Urbi,392.2,https://moovitapp.com/index/pt-br/transporte_p%C3%BAblico-line-392_2-Brasilia-1702-851595-372374-0,-1.0,-15.87469,-48.03847,18.06,,,1,2023-06-16T16:02:49+00:00
BRA_339971,Brasília,5300108,,Urbi,0.082,https://moovitapp.com/index/pt-br/transporte_p%C3%BAblico-line-0_082-Brasilia-1702-851595-781326-0,-1.0,-15.79656,-47.94452,7.78,,,1,2023-06-16T16:02:49+00:00
BRA_336840,Brasília,5300108,,Urbi,0.871,https://moovitapp.com/index/pt-br/transporte_p%C3%BAblico-line-0_871-Brasilia-1702-851595-418741-0,-1.0,-15.91981,-48.04951,5.56,,,1,2023-06-16T16:02:50+00:00
BRA_339202,Brasília,5300108,,Urbi,366.1,https://moovitapp.com/index/pt-br/transporte_p%C3%BAblico-line-366_1-Brasilia-1702-851595-425249-0,-1.0,-15.88968,-48.12654,0.0,,,2,2023-06-16T16:02:50+00:00
BRA_339326,Brasília,5300108,,Urbi,160.2,https://moovitapp.com/index/pt-br/transporte_p%C3%BAblico-line-160_2-Brasilia-1702-851595-242581-0,-1.0,-15.86874,-47.96504,0.0,,,1,2023-06-16T16:02:50+00:00
BRA_340502,Brasília,5300108,,Urbi,373.2,https://moovitapp.com/index/pt-br/transporte_p%C3%BAblico-line-373_2-Brasilia-1702-851595-334084-0,-1.0,-15.87769,-48.00349,16.67,,,1,2023-06-16T16:02:50+00:00
BRA_340740,Brasília,5300108,,Urbi,391.3,https://moovitapp.com/index/pt-br/transporte_p%C3%BAblico-line-391_3-Brasilia-1702-851595-372373-0,-1.0,-15.89539,-48.14779,4.17,,,1,2023-06-16T16:02:50+00:00
BRA_338028,Brasília,5300108,,Urbi,0.368,https://moovitapp.com/index/pt-br/transporte_p%C3%BAblico-line-0_368-Brasilia-1702-851595-706971-0,-1.0,-15.8215,-48.08641,2.5,,,1,2023-06-16T16:02:50+00:00
BRA_338176,Brasília,5300108,,Urbi,807.8,https://moovitapp.com/index/pt-br/transporte_p%C3%BAblico-line-807_8-Brasilia-1702-851595-322408-0,-1.0,-15.93965,-48.03426,5.28,,,1,2023-06-16T16:02:50+00:00
BRA_337072,Brasília,5300108,,Urbi,0.810,https://moovitapp.com/index/pt-br/transporte_p%C3%BAblico-line-0_810-Brasilia-1702-851595-363856-0,-1.0,-15.83203,-47.95253,9.17,,,2,2023-06-16T16:02:50+00:00
BRA_337846,Brasília,5300108,,Urbi,0.809,https://moovitapp.com/index/pt-br/transporte_p%C3%BAblico-line-0_809-Brasilia-1702-851595-516630-0,-1.0,-15.93338,-48.10858,0.0,,,1,2023-06-16T16:02:50+00:00
BRA_336319,Brasília,5300108,,Urbi,0.380,https://moovitapp.com/index/pt-br/transporte_p%C3%BAblico-line-0_380-Brasilia-1702-851595-334073-0,-1.0,-15.87541,-48.10857,15.28,,,2,2023-06-16T16:02:51+00:00
BRA_335916,Brasília,5300108,,Urbi,396.2,https://moovitapp.com/index/pt-br/transporte_p%C3%BAblico-line-396_2-Brasilia-1702-851595-372377-0,-1.0,-15.73619,-47.90632,3.61,,,2,2023-06-16T16:02:51+00:00
BRA_335681,Brasília,5300108,,Urbi,396.2,https://moovitapp.com/index/pt-br/transporte_p%C3%BAblico-line-396_2-Brasilia-1702-851595-372377-0,-1.0,-15.87267,-48.05851,13.33,,,1,2023-06-16T16:02:51+00:00
BRA_337099,Brasília,5300108,,Urbi,0.809,https://moovitapp.com/index/pt-br/transporte_p%C3%BAblico-line-0_809-Brasilia-1702-851595-516630-0,-1.0,-15.91631,-48.09977,3.06,,,1,2023-06-16T16:02:51+00:00
BRA_340448,Brasília,5300108,,Urbi,0.373,https://moovitapp.com/index/pt-br/transporte_p%C3%BAblico-line-0_373-Brasilia-1702-851595-334072-0,-1.0,-15.88951,-48.14228,3.33,,,1,2023-06-16T16:02:51+00:00
BRA_340014,Brasília,5300108,,Urbi,0.367,https://moovitapp.com/index/pt-br/transporte_p%C3%BAblico-line-0_367-Brasilia-1702-851595-519380-0,-1.0,-15.8658,-48.09475,0.0,,,1,2023-06-16T16:02:51+00:00
BRA_340278,Brasília,5300108,,Urbi,396.2,https://moovitapp.com/index/pt-br/transporte_p%C3%BAblico-line-396_2-Brasilia-1702-851595-372377-0,-1.0,-15.87744,-48.00555,5.83,,,2,2023-06-16T16:02:52+00:00
BRA_340553,Brasília,5300108,,Urbi,056.4,https://moovitapp.com/index/pt-br/transporte_p%C3%BAblico-line-056_4-Brasilia-1702-851595-519387-0,-1.0,-15.87311,-48.10408,10.83,,,1,2023-06-16T16:02:52+00:00
BRA_337536,Brasília,5300108,,Urbi,871.3,https://moovitapp.com/index/pt-br/transporte_p%C3%BAblico-line-871_3-Brasilia-1702-851595-588820-0,-1.0,-15.90539,-48.05273,8.06,,,1,2023-06-16T16:02:52+00:00
BRA_337455,Brasília,5300108,,Urbi,0.898,https://moovitapp.com/index/pt-br/transporte_p%C3%BAblico-line-0_898-Brasilia-1702-851595-322394-0,-1.0,-15.90482,-48.04494,9.17,,,1,2023-06-16T16:02:52+00:00
BRA_337404,Brasília,5300108,,Urbi,084.1,https://moovitapp.com/index/pt-br/transporte_p%C3%BAblico-line-084_1-Brasilia-1702-851595-466292-0,-1.0,-15.78458,-47.93395,7.22,,,1,2023-06-16T16:02:52+00:00
BRA_336351,Brasília,5300108,,Urbi,0.825,https://moovitapp.com/index/pt-br/transporte_p%C3%BAblico-line-0_825-Brasilia-1702-851595-334081-0,-1.0,-15.87758,-48.00275,13.89,,,1,2023-06-16T16:02:52+00:00
BRA_337374,Brasília,5300108,,Urbi,0.368,https://moovitapp.com/index/pt-br/transporte_p%C3%BAblico-line-0_368-Brasilia-1702-851595-706971-0,-1.0,-15.87785,-48.01989,6.67,,,1,2023-06-16T16:02:53+00:00
BRA_339393,Brasília,5300108,,Urbi,814.1,https://moovitapp.com/index/pt-br/transporte_p%C3%BAblico-line-814_1-Brasilia-1702-851595-492985-0,-1.0,-15.88698,-48.12164,0.0,,,1,2023-06-16T16:02:53+00:00
BRA_336980,Brasília,5300108,,Urbi,8133,https://moovitapp.com/index/pt-br/transporte_p%C3%BAblico-line-8133-Brasilia-1702-851595-115849373-0,-1.0,-15.84735,-48.04293,9.17,,,1,2023-06-16T16:02:53+00:00
BRA_336921,Brasília,5300108,,Urbi,807.8,https://moovitapp.com/index/pt-br/transporte_p%C3%BAblico-line-807_8-Brasilia-1702-851595-322408-0,-1.0,-15.91402,-48.10089,3.89,,,2,2023-06-16T16:02:53+00:00
BRA_339512,Brasília,5300108,,Urbi,815.1,https://moovitapp.com/index/pt-br/transporte_p%C3%BAblico-line-815_1-Brasilia-1702-851595-41341238-0,-1.0,-15.97078,-48.02618,15.56,,,1,2023-06-16T16:02:53+00:00
BRA_339539,Brasília,5300108,,Urbi,0.806,https://moovitapp.com/index/pt-br/transporte_p%C3%BAblico-line-0_806-Brasilia-1702-851595-339299-0,-1.0,-15.8896,-48.05478,5.56,,,2,2023-06-16T16:02:53+00:00
BRA_337765,Brasília,5300108,,Urbi,084.1,https://moovitapp.com/index/pt-br/transporte_p%C3%BAblico-line-084_1-Brasilia-1702-851595-466292-0,-1.0,-15.87126,-47.97532,8.89,,,2,2023-06-16T16:02:53+00:00
BRA_339814,Brasília,5300108,,Urbi,372.3,https://moovitapp.com/index/pt-br/transporte_p%C3%BAblico-line-372_3-Brasilia-1702-851595-641001-0,-1.0,-15.88165,-48.12533,13.33,,,1,2023-06-16T16:02:53+00:00
BRA_337960,Brasília,5300108,,Urbi,0.882,https://moovitapp.com/index/pt-br/transporte_p%C3%BAblico-line-0_882-Brasilia-1702-851595-363858-0,-1.0,-15.88368,-48.06119,12.5,,,2,2023-06-16T16:02:53+00:00
BRA_338800,Brasília,5300108,,Urbi,806.8,https://moovitapp.com/index/pt-br/transporte_p%C3%BAblico-line-806_8-Brasilia-1702-851595-74275051-0,-1.0,-15.91551,-48.04737,5.56,,,1,2023-06-16T16:02:54+00:00
BRA_339164,Brasília,5300108,,Urbi,872.5,https://moovitapp.com/index/pt-br/transporte_p%C3%BAblico-line-872_5-Brasilia-1702-851595-372393-0,-1.0,-15.84049,-48.04987,11.67,,,1,2023-06-16T16:02:54+00:00
BRA_337790,Brasília,5300108,,Urbi,0.882,https://moovitapp.com/index/pt-br/transporte_p%C3%BAblico-line-0_882-Brasilia-1702-851595-363858-0,-1.0,-15.78978,-47.91102,16.67,,,2,2023-06-16T16:02:54+00:00
BRA_337463,Brasília,5300108,,Urbi,813.2,https://moovitapp.com/index/pt-br/transporte_p%C3%BAblico-line-813_2-Brasilia-1702-851595-242636-0,-1.0,-15.81725,-47.91311,0.56,,,2,2023-06-16T16:02:54+00:00
BRA_337048,Brasília,5300108,,Urbi,0.883,https://moovitapp.com/index/pt-br/transporte_p%C3%BAblico-line-0_883-Brasilia-1702-851595-510239-0,-1.0,-15.82266,-48.08081,8.89,,,1,2023-06-16T16:02:55+00:00
BRA_337382,Brasília,5300108,,Urbi,806.8,https://moovitapp.com/index/pt-br/transporte_p%C3%BAblico-line-806_8-Brasilia-1702-851595-74275051-0,-1.0,-15.92688,-48.04357,8.89,,,1,2023-06-16T16:02:55+00:00
BRA_441279,Brasília,5300108,,Marechal,157.6,https://moovitapp.com/index/pt-br/transporte_p%C3%BAblico-line-157_6-Brasilia-1702-851940-419627-0,-1.0,-15.869747,-48.037663,0.0,,,2,2023-06-16T16:02:41+00:00
BRA_442771,Brasília,5300108,,Urbi,0.367,https://moovitapp.com/index/pt-br/transporte_p%C3%BAblico-line-0_367-Brasilia-1702-851595-519380-0,-1.0,-15.83277,-48.124157,23.0,,,2,2023-06-16T16:02:41+00:00
BRA_440850,Brasília,5300108,,Marechal,355.3,https://moovitapp.com/index/pt-br/transporte_p%C3%BAblico-line-355_3-Brasilia-1702-851940-504343-0,-1.0,-15.83758,-48.059047,3.0,,,2,2023-06-16T16:02:41+00:00
BRA_444154,Brasília,5300108,,Marechal,933.3,https://moovitapp.com/index/pt-br/transporte_p%C3%BAblico-line-933_3-Brasilia-1702-851940-450287-0,-1.0,-15.839543,-48.128983,0.0,,,2,2023-06-16T16:02:41+00:00
BRA_444359,Brasília,5300108,,Marechal,0.205,https://moovitapp.com/index/pt-br/transporte_p%C3%BAblico-line-0_205-Brasilia-1702-851940-463646-0,-1.0,-15.804007,-48.096023,40.0,,,2,2023-06-16T16:02:41+00:00
BRA_440469,Brasília,5300108,,Marechal,260.3,https://moovitapp.com/index/pt-br/transporte_p%C3%BAblico-line-260_3-Brasilia-1702-851940-393566-0,-1.0,-16.041953,-48.026103,31.0,,,2,2023-06-16T16:02:41+00:00
BRA_445291,Brasília,5300108,,Marechal,0.378,https://moovitapp.com/index/pt-br/transporte_p%C3%BAblico-line-0_378-Brasilia-1702-851940-347150-0,-1.0,-15.836507,-48.119557,22.0,,,2,2023-06-16T16:02:41+00:00
BRA_443972,Brasília,5300108,,Marechal,363.2,https://moovitapp.com/index/pt-br/transporte_p%C3%BAblico-line-363_2-Brasilia-1702-851940-725443-0,-1.0,-15.838827,-48.128783,0.0,,,2,2023-06-16T16:02:41+00:00
BRA_445347,Brasília,5300108,,Marechal,337.1,https://moovitapp.com/index/pt-br/transporte_p%C3%BAblico-line-337_1-Brasilia-1702-851940-347165-0,-1.0,-15.794197,-47.88257,0.0,,,2,2023-06-16T16:02:41+00:00
BRA_442887,Brasília,5300108,,Marechal,0.903,https://moovitapp.com/index/pt-br/transporte_p%C3%BAblico-line-0_903-Brasilia-1702-851940-347155-0,-1.0,-15.818873,-48.107767,3.0,,,2,2023-06-16T16:02:41+00:00
BRA_440701,Brasília,5300108,,São José,0.092,https://moovitapp.com/index/pt-br/transporte_p%C3%BAblico-line-0_092-Brasilia-1702-851943-496589-0,-1.0,-15.807973,-48.1569,0.0,,,2,2023-06-16T16:02:41+00:00
BRA_440744,Brasília,5300108,,Marechal,305.4,https://moovitapp.com/index/pt-br/transporte_p%C3%BAblico-line-305_4-Brasilia-1702-851940-393567-0,-1.0,-15.86931,-48.037753,0.0,,,2,2023-06-16T16:02:41+00:00
BRA_441597,Brasília,5300108,,Marechal,932.1,https://moovitapp.com/index/pt-br/transporte_p%C3%BAblico-line-932_1-Brasilia-1702-851940-470763-0,-1.0,-15.81927,-48.065537,23.0,,,2,2023-06-16T16:02:41+00:00
BRA_442453,Brasília,5300108,,Urbi,367.2,https://moovitapp.com/index/pt-br/transporte_p%C3%BAblico-line-367_2-Brasilia-1702-851595-454971-0,-1.0,-15.84588,-48.044067,0.0,,,2,2023-06-16T16:02:41+00:00
BRA_440272,Brasília,5300108,,Piracicabana,099.1,https://moovitapp.com/index/pt-br/transporte_p%C3%BAblico-line-099_1-Brasilia-1702-850942-775090-0,-1.0,-15.794847,-47.933963,0.0,,,2,2023-06-16T16:02:42+00:00
BRA_444448,Brasília,5300108,,Marechal,0.205,https://moovitapp.com/index/pt-br/transporte_p%C3%BAblico-line-0_205-Brasilia-1702-851940-463646-0,-1.0,-15.83459,-48.049923,53.0,,,2,2023-06-16T16:02:44+00:00
BRA_440892,Brasília,5300108,,Marechal,0.167,https://moovitapp.com/index/pt-br/transporte_p%C3%BAblico-line-0_167-Brasilia-1702-851940-242707-0,-1.0,-15.840807,-47.96593,0.0,,,2,2023-06-16T16:02:41+00:00
BRA_440353,Brasília,5300108,,Marechal,872.8,https://moovitapp.com/index/pt-br/transporte_p%C3%BAblico-line-872_8-Brasilia-1702-851940-425260-0,-1.0,-15.851293,-48.046637,39.0,,,2,2023-06-16T16:02:41+00:00
BRA_441562,Brasília,5300108,,Marechal,0.363,https://moovitapp.com/index/pt-br/transporte_p%C3%BAblico-line-0_363-Brasilia-1702-851940-504339-0,-1.0,-15.822393,-48.060983,16.0,,,2,2023-06-16T16:02:41+00:00
BRA_445185,Brasília,5300108,,Marechal,0.300,https://moovitapp.com/index/pt-br/transporte_p%C3%BAblico-line-0_300-Brasilia-1702-851940-419624-0,-1.0,-15.810753,-47.941273,59.0,,,2,2023-06-16T16:02:41+00:00
BRA_440841,Brasília,5300108,,Urbi,805.9,https://moovitapp.com/index/pt-br/transporte_p%C3%BAblico-line-805_9-Brasilia-1702-851595-454983-0,-1.0,-15.917407,-48.100877,43.0,,,2,2023-06-16T16:02:36+00:00
BRA_440981,Brasília,5300108,,Marechal,355.3,https://moovitapp.com/index/pt-br/transporte_p%C3%BAblico-line-355_3-Brasilia-1702-851940-504343-0,-1.0,-15.819107,-48.062167,0.0,,,2,2023-06-16T16:02:41+00:00
BRA_442496,Brasília,5300108,,Urbi,0.898,https://moovitapp.com/index/pt-br/transporte_p%C3%BAblico-line-0_898-Brasilia-1702-851595-322394-0,-1.0,-15.94617,-48.03542,47.0,,,2,2023-06-16T16:02:41+00:00
BRA_443395,Brasília,5300108,,Marechal,933.4,https://moovitapp.com/index/pt-br/transporte_p%C3%BAblico-line-933_4-Brasilia-1702-851940-656766-0,-1.0,-15.837717,-48.128517,40.0,,,2,2023-06-16T16:02:41+00:00
BRA_443671,Brasília,5300108,,Marechal,357.1,https://moovitapp.com/index/pt-br/transporte_p%C3%BAblico-line-357_1-Brasilia-1702-851940-775113-0,-1.0,-15.872403,-48.02977,36.0,,,2,2023-06-16T15:48:34+00:00
BRA_440990,Brasília,5300108,,Marechal,355.2,https://moovitapp.com/index/pt-br/transporte_p%C3%BAblico-line-355_2-Brasilia-1702-851940-510251-0,-1.0,-15.794503,-48.051587,22.0,,,2,2023-06-16T16:02:41+00:00
BRA_440931,Brasília,5300108,,Marechal,959.1,https://moovitapp.com/index/pt-br/transporte_p%C3%BAblico-line-959_1-Brasilia-1702-851940-789939-0,-1.0,-15.794907,-48.11017,0.0,,,2,2023-06-16T16:02:41+00:00
BRA_441163,Brasília,5300108,,Marechal,355.2,https://moovitapp.com/index/pt-br/transporte_p%C3%BAblico-line-355_2-Brasilia-1702-851940-510251-0,-1.0,-15.868183,-48.032107,2.0,,,2,2023-06-16T15:35:29+00:00
BRA_440281,Brasília,5300108,,Urbi,805.9,https://moovitapp.com/index/pt-br/transporte_p%C3%BAblico-line-805_9-Brasilia-1702-851595-454983-0,-1.0,-15.858057,-48.044807,16.0,,,2,2023-06-16T16:01:23+00:00
BRA_444251,Brasília,5300108,,Marechal,933.2,https://moovitapp.com/index/pt-br/transporte_p%C3%BAblico-line-933_2-Brasilia-1702-851940-717428-0,-1.0,-15.83905,-48.12914,0.0,,,2,2023-06-16T16:02:41+00:00
BRA_444171,Brasília,5300108,,Marechal,0.369,https://moovitapp.com/index/pt-br/transporte_p%C3%BAblico-line-0_369-Brasilia-1702-851940-500060-0,-1.0,-15.87773,-48.014817,59.0,,,2,2023-06-16T16:02:41+00:00
BRA_444197,Brasília,5300108,,Marechal,933.2,https://moovitapp.com/index/pt-br/transporte_p%C3%BAblico-line-933_2-Brasilia-1702-851940-717428-0,-1.0,-15.8154,-48.100533,35.0,,,2,2023-06-16T16:02:41+00:00
BRA_443166,Brasília,5300108,,Marechal,0.361,https://moovitapp.com/index/pt-br/transporte_p%C3%BAblico-line-0_361-Brasilia-1702-851940-376158-0,-1.0,-15.783257,-47.896183,0.0,,,2,2023-06-16T16:02:41+00:00
BRA_443191,Brasília,5300108,,Marechal,363.2,https://moovitapp.com/index/pt-br/transporte_p%C3%BAblico-line-363_2-Brasilia-1702-851940-725443-0,-1.0,-15.839087,-48.129133,0.0,,,2,2023-06-16T16:02:41+00:00
BRA_441091,Brasília,5300108,,Marechal,162.2,https://moovitapp.com/index/pt-br/transporte_p%C3%BAblico-line-162_2-Brasilia-1702-851940-312446-0,-1.0,-15.798747,-47.870763,13.0,,,2,2023-06-16T16:02:41+00:00
BRA_443174,Brasília,5300108,,Marechal,0.043,https://moovitapp.com/index/pt-br/transporte_p%C3%BAblico-line-0_043-Brasilia-1702-851940-781330-0,-1.0,-15.84073,-48.12671,0.0,,,2,2023-06-16T15:58:59+00:00
BRA_441040,Brasília,5300108,,Marechal,355.2,https://moovitapp.com/index/pt-br/transporte_p%C3%BAblico-line-355_2-Brasilia-1702-851940-510251-0,-1.0,-15.834347,-48.060487,23.0,,,2,2023-06-16T16:02:41+00:00
BRA_441503,Brasília,5300108,,Urbi,367.2,https://moovitapp.com/index/pt-br/transporte_p%C3%BAblico-line-367_2-Brasilia-1702-851595-454971-0,-1.0,-15.867043,-48.083097,25.0,,,2,2023-06-16T16:02:41+00:00
BRA_441121,Brasília,5300108,,Marechal,154.2,https://moovitapp.com/index/pt-br/transporte_p%C3%BAblico-line-154_2-Brasilia-1702-851940-527234-0,-1.0,-15.842197,-48.046243,0.0,,,2,2023-06-16T16:02:41+00:00
BRA_443271,Brasília,5300108,,Marechal,336.1,https://moovitapp.com/index/pt-br/transporte_p%C3%BAblico-line-336_1-Brasilia-1702-851940-347163-0,-1.0,-15.809603,-47.947187,40.0,,,2,2023-06-16T16:02:41+00:00
BRA_443140,Brasília,5300108,,Marechal,932.2,https://moovitapp.com/index/pt-br/transporte_p%C3%BAblico-line-932_2-Brasilia-1702-851940-3494666-0,-1.0,-15.8407,-48.127173,0.0,,,2,2023-06-16T16:02:36+00:00
BRA_443981,Brasília,5300108,,Urbi,367.2,https://moovitapp.com/index/pt-br/transporte_p%C3%BAblico-line-367_2-Brasilia-1702-851595-454971-0,-1.0,-15.838953,-48.128633,0.0,,,2,2023-06-16T16:02:41+00:00
BRA_444405,Brasília,5300108,,Marechal,0.205,https://moovitapp.com/index/pt-br/transporte_p%C3%BAblico-line-0_205-Brasilia-1702-851940-463646-0,-1.0,-15.995233,-48.052837,47.0,,,2,2023-06-16T16:02:41+00:00
BRA_441911,Brasília,5300108,,Marechal,0.089,https://moovitapp.com/index/pt-br/transporte_p%C3%BAblico-line-0_089-Brasilia-1702-851940-706977-0,-1.0,-15.836057,-48.12911,12.0,,,2,2023-06-16T16:02:41+00:00
BRA_441724,Brasília,5300108,,Urbi,367.2,https://moovitapp.com/index/pt-br/transporte_p%C3%BAblico-line-367_2-Brasilia-1702-851595-454971-0,-1.0,-15.812447,-48.11244,31.0,,,2,2023-06-16T16:02:41+00:00
BRA_444642,Brasília,5300108,,Marechal,0.554,https://moovitapp.com/index/pt-br/transporte_p%C3%BAblico-line-0_554-Brasilia-1702-851940-504340-0,-1.0,-15.839253,-48.12896,0.0,,,2,2023-06-16T16:02:41+00:00
BRA_440574,Brasília,5300108,,Marechal,0.090,https://moovitapp.com/index/pt-br/transporte_p%C3%BAblico-line-0_090-Brasilia-1702-851940-242702-0,-1.0,-15.778983,-47.939443,0.0,,,2,2023-06-16T16:02:41+00:00
BRA_440388,Brasília,5300108,,São José,0.092,https://moovitapp.com/index/pt-br/transporte_p%C3%BAblico-line-0_092-Brasilia-1702-851943-496589-0,-1.0,-15.783397,-47.896173,0.0,,,2,2023-06-16T16:02:41+00:00
BRA_440523,Brasília,5300108,,Marechal,0.900,https://moovitapp.com/index/pt-br/transporte_p%C3%BAblico-line-0_900-Brasilia-1702-851940-242733-0,-1.0,-15.78771,-47.98843,0.0,,,2,2023-06-16T16:02:41+00:00
BRA_441082,Brasília,5300108,,Urbi,038.1,https://moovitapp.com/index/pt-br/transporte_p%C3%BAblico-line-038_1-Brasilia-1702-851595-781327-0,-1.0,-15.867293,-48.03728,0.0,,,2,2023-06-16T16:02:41+00:00
BRA_443786,Brasília,5300108,,Marechal,0.357,https://moovitapp.com/index/pt-br/transporte_p%C3%BAblico-line-0_357-Brasilia-1702-851940-775109-0,-1.0,-15.867343,-48.037467,0.0,,,2,2023-06-16T16:02:41+00:00
BRA_441716,Brasília,5300108,,Urbi,0.054,https://moovitapp.com/index/pt-br/transporte_p%C3%BAblico-line-0_054-Brasilia-1702-851595-454960-0,-1.0,-15.867953,-48.055777,39.0,,,2,2023-06-16T10:48:55+00:00
BRA_440108,Brasília,5300108,,Marechal,0.153,https://moovitapp.com/index/pt-br/transporte_p%C3%BAblico-line-0_153-Brasilia-1702-851940-766835-0,-1.0,-15.840467,-47.965483,0.0,,,2,2023-06-16T16:01:17+00:00
BRA_440205,Brasília,5300108,,Marechal,156.8,https://moovitapp.com/index/pt-br/transporte_p%C3%BAblico-line-156_8-Brasilia-1702-851940-312445-0,-1.0,-15.873697,-47.97217,26.0,,,2,2023-06-16T16:02:41+00:00
BRA_442437,Brasília,5300108,,Marechal,933.4,https://moovitapp.com/index/pt-br/transporte_p%C3%BAblico-line-933_4-Brasilia-1702-851940-656766-0,-1.0,-15.838807,-48.128857,0.0,,,2,2023-06-16T16:02:36+00:00
BRA_443794,Brasília,5300108,,Marechal,0.951,https://moovitapp.com/index/pt-br/transporte_p%C3%BAblico-line-0_951-Brasilia-1702-851940-783578-0,-1.0,-15.8676,-48.032013,25.0,,,2,2023-06-16T16:02:41+00:00
BRA_440493,Brasília,5300108,,Marechal,0.090,https://moovitapp.com/index/pt-br/transporte_p%C3%BAblico-line-0_090-Brasilia-1702-851940-242702-0,-1.0,-15.78355,-47.896753,0.0,,,2,2023-06-16T16:02:41+00:00
BRA_444944,Brasília,5300108,,Urbi,0.347,https://moovitapp.com/index/pt-br/transporte_p%C3%BAblico-line-0_347-Brasilia-1702-851595-347128-0,-1.0,-15.84229,-48.102367,60.0,,,2,2023-06-16T16:02:41+00:00
BRA_445011,Brasília,5300108,,Marechal,0.942,https://moovitapp.com/index/pt-br/transporte_p%C3%BAblico-line-0_942-Brasilia-1702-851940-347158-0,-1.0,-15.736063,-47.90746,0.0,,,2,2023-06-16T16:02:41+00:00
BRA_445134,Brasília,5300108,,Marechal,0.305,https://moovitapp.com/index/pt-br/transporte_p%C3%BAblico-line-0_305-Brasilia-1702-851940-775108-0,-1.0,-15.834503,-48.056487,0.0,,,2,2023-06-16T16:02:41+00:00
BRA_440736,Brasília,5300108,,São José,157.8,https://moovitapp.com/index/pt-br/transporte_p%C3%BAblico-line-157_8-Brasilia-1702-851943-759503-0,-1.0,-15.86787,-48.031857,0.0,,,2,2023-06-16T16:02:41+00:00
BRA_441201,Brasília,5300108,,Marechal,0.153,https://moovitapp.com/index/pt-br/transporte_p%C3%BAblico-line-0_153-Brasilia-1702-851940-766835-0,-1.0,-15.809363,-47.954703,59.0,,,2,2023-06-16T16:02:41+00:00
BRA_443701,Brasília,5300108,,Marechal,351.3,https://moovitapp.com/index/pt-br/transporte_p%C3%BAblico-line-351_3-Brasilia-1702-851940-510249-0,-1.0,-15.867287,-48.037413,0.0,,,2,2023-06-16T16:02:41+00:00
BRA_442399,Brasília,5300108,,Marechal,0.361,https://moovitapp.com/index/pt-br/transporte_p%C3%BAblico-line-0_361-Brasilia-1702-851940-376158-0,-1.0,-15.85273,-48.116873,29.0,,,2,2023-06-16T16:02:41+00:00
BRA_445304,Brasília,5300108,,Marechal,0.378,https://moovitapp.com/index/pt-br/transporte_p%C3%BAblico-line-0_378-Brasilia-1702-851940-347150-0,-1.0,-15.843397,-48.11335,13.0,,,2,2023-06-16T16:02:41+00:00
BRA_441058,Brasília,5300108,,Marechal,0.376,https://moovitapp.com/index/pt-br/transporte_p%C3%BAblico-line-0_376-Brasilia-1702-851940-242726-0,-1.0,-15.79769,-48.05564,36.0,,,2,2023-06-16T16:02:41+00:00
BRA_440337,Brasília,5300108,,Marechal,156.1,https://moovitapp.com/index/pt-br/transporte_p%C3%BAblico-line-156_1-Brasilia-1702-851940-242750-0,-1.0,-15.811613,-47.939483,4.0,,,2,2023-06-16T16:02:41+00:00
BRA_440183,Brasília,5300108,,Urbi,805.8,https://moovitapp.com/index/pt-br/transporte_p%C3%BAblico-line-805_8-Brasilia-1702-851595-454982-0,-1.0,-15.870437,-48.038223,0.0,,,2,2023-06-16T15:40:26+00:00
BRA_440361,Brasília,5300108,,Urbi,805.2,https://moovitapp.com/index/pt-br/transporte_p%C3%BAblico-line-805_2-Brasilia-1702-851595-454981-0,-1.0,-15.904063,-48.07343,45.0,,,2,2023-06-16T16:02:41+00:00
BRA_445258,Brasília,5300108,,Marechal,337.1,https://moovitapp.com/index/pt-br/transporte_p%C3%BAblico-line-337_1-Brasilia-1702-851940-347165-0,-1.0,-15.845933,-48.122577,5.0,,,2,2023-06-16T16:02:43+00:00
BRA_440329,Brasília,5300108,,Marechal,0.205,https://moovitapp.com/index/pt-br/transporte_p%C3%BAblico-line-0_205-Brasilia-1702-851940-463646-0,-1.0,-15.869257,-48.03768,0.0,,,2,2023-06-16T15:00:05+00:00
BRA_440531,Brasília,5300108,,Marechal,0.156,https://moovitapp.com/index/pt-br/transporte_p%C3%BAblico-line-0_156-Brasilia-1702-851940-242705-0,-1.0,-15.78332,-47.896177,0.0,,,2,2023-06-16T16:02:41+00:00
BRA_440167,Brasília,5300108,,Marechal,0.156,https://moovitapp.com/index/pt-br/transporte_p%C3%BAblico-line-0_156-Brasilia-1702-851940-242705-0,-1.0,-15.840713,-47.965797,0.0,,,2,2023-06-16T16:02:36+00:00
BRA_445274,Brasília,5300108,,Marechal,383.3,https://moovitapp.com/index/pt-br/transporte_p%C3%BAblico-line-383_3-Brasilia-1702-851940-88144102-0,-1.0,-15.813353,-48.097237,0.0,,,2,2023-06-16T16:02:44+00:00
BRA_445282,Brasília,5300108,,Marechal,0.378,https://moovitapp.com/index/pt-br/transporte_p%C3%BAblico-line-0_378-Brasilia-1702-851940-347150-0,-1.0,-15.84033,-48.129787,0.0,,,2,2023-06-16T16:02:36+00:00
BRA_445371,Brasília,5300108,,Marechal,337.1,https://moovitapp.com/index/pt-br/transporte_p%C3%BAblico-line-337_1-Brasilia-1702-851940-347165-0,-1.0,-15.83119,-48.045993,60.0,,,2,2023-06-16T16:02:41+00:00
BRA_441465,Brasília,5300108,,Marechal,0.363,https://moovitapp.com/index/pt-br/transporte_p%C3%BAblico-line-0_363-Brasilia-1702-851940-504339-0,-1.0,-15.837357,-48.120773,2.0,,,2,2023-06-16T16:02:41+00:00
BRA_445215,Brasília,5300108,,Marechal,0.300,https://moovitapp.com/index/pt-br/transporte_p%C3%BAblico-line-0_300-Brasilia-1702-851940-419624-0,-1.0,-15.818717,-48.062277,2.0,,,2,2023-06-16T16:02:41+00:00
BRA_440043,Brasília,5300108,,Urbi,872.9,https://moovitapp.com/index/pt-br/transporte_p%C3%BAblico-line-872_9-Brasilia-1702-851595-372394-0,-1.0,-15.912697,-48.05582,0.0,,,2,2023-06-16T16:02:41+00:00
BRA_441678,Brasília,5300108,,Marechal,0.339,https://moovitapp.com/index/pt-br/transporte_p%C3%BAblico-line-0_339-Brasilia-1702-851940-419625-0,-1.0,-15.792517,-48.051977,45.0,,,2,2023-06-16T15:40:58+00:00
BRA_444278,Brasília,5300108,,Marechal,0.369,https://moovitapp.com/index/pt-br/transporte_p%C3%BAblico-line-0_369-Brasilia-1702-851940-500060-0,-1.0,-15.838843,-48.128833,0.0,,,2,2023-06-16T16:02:41+00:00
BRA_442232,Brasília,5300108,,Marechal,0.089,https://moovitapp.com/index/pt-br/transporte_p%C3%BAblico-line-0_089-Brasilia-1702-851940-706977-0,-1.0,-15.83042,-48.0359,29.0,,,2,2023-06-16T16:02:42+00:00
BRA_445380,Brasília,5300108,,Marechal,0.378,https://moovitapp.com/index/pt-br/transporte_p%C3%BAblico-line-0_378-Brasilia-1702-851940-347150-0,-1.0,-15.73595,-47.90733,0.0,,,2,2023-06-16T16:02:41+00:00
BRA_440264,Brasília,5300108,,Marechal,260.3,https://moovitapp.com/index/pt-br/transporte_p%C3%BAblico-line-260_3-Brasilia-1702-851940-393566-0,-1.0,-15.807863,-48.15735,0.0,,,2,2023-06-16T16:02:36+00:00
BRA_440345,Brasília,5300108,,Marechal,260.3,https://moovitapp.com/index/pt-br/transporte_p%C3%BAblico-line-260_3-Brasilia-1702-851940-393566-0,-1.0,-15.831607,-48.049797,13.0,,,2,2023-06-16T16:02:41+00:00
BRA_442755,Brasília,5300108,,Marechal,933.1,https://moovitapp.com/index/pt-br/transporte_p%C3%BAblico-line-933_1-Brasilia-1702-851940-358307-0,-1.0,-15.890233,-48.142983,23.0,,,2,2023-06-16T16:02:41+00:00
BRA_443000,Brasília,5300108,,Marechal,0.383,https://moovitapp.com/index/pt-br/transporte_p%C3%BAblico-line-0_383-Brasilia-1702-851940-347151-0,-1.0,-15.78609,-47.99821,67.0,,,2,2023-06-16T16:02:41+00:00
BRA_442712,Brasília,5300108,,Marechal,361.1,https://moovitapp.com/index/pt-br/transporte_p%C3%BAblico-line-361_1-Brasilia-1702-851940-363861-0,-1.0,-15.839717,-48.129003,0.0,,,2,2023-06-16T16:02:36+00:00
BRA_442445,Brasília,5300108,,Marechal,363.2,https://moovitapp.com/index/pt-br/transporte_p%C3%BAblico-line-363_2-Brasilia-1702-851940-725443-0,-1.0,-15.859103,-48.116957,3.0,,,2,2023-06-16T16:02:41+00:00
BRA_440035,Brasília,5300108,,Marechal,355.3,https://moovitapp.com/index/pt-br/transporte_p%C3%BAblico-line-355_3-Brasilia-1702-851940-504343-0,-1.0,-15.809823,-48.042823,18.0,,,2,2023-06-16T16:02:41+00:00
BRA_442241,Brasília,5300108,,Urbi,0.054,https://moovitapp.com/index/pt-br/transporte_p%C3%BAblico-line-0_054-Brasilia-1702-851595-454960-0,-1.0,-15.8204,-48.071147,0.0,,,2,2023-06-16T16:02:41+00:00
BRA_440906,Brasília,5300108,,Marechal,355.2,https://moovitapp.com/index/pt-br/transporte_p%C3%BAblico-line-355_2-Brasilia-1702-851940-510251-0,-1.0,-15.803147,-48.03556,31.0,,,2,2023-06-16T16:02:41+00:00
BRA_441937,Brasília,5300108,,Marechal,0.383,https://moovitapp.com/index/pt-br/transporte_p%C3%BAblico-line-0_383-Brasilia-1702-851940-347151-0,-1.0,-15.793917,-47.883197,0.0,,,2,2023-06-16T16:02:41+00:00
BRA_440426,Brasília,5300108,,Marechal,0.205,https://moovitapp.com/index/pt-br/transporte_p%C3%BAblico-line-0_205-Brasilia-1702-851940-463646-0,-1.0,-16.01735,-48.05586,2.0,,,2,2023-06-16T16:02:41+00:00
BRA_444103,Brasília,5300108,,Marechal,363.2,https://moovitapp.com/index/pt-br/transporte_p%C3%BAblico-line-363_2-Brasilia-1702-851940-725443-0,-1.0,-15.839447,-48.128487,0.0,,,2,2023-06-16T16:02:41+00:00
BRA_441856,Brasília,5300108,,Marechal,0.361,https://moovitapp.com/index/pt-br/transporte_p%C3%BAblico-line-0_361-Brasilia-1702-851940-376158-0,-1.0,-15.783683,-47.89619,0.0,,,2,2023-06-16T16:02:36+00:00
BRA_443557,Brasília,5300108,,Marechal,355.1,https://moovitapp.com/index/pt-br/transporte_p%C3%BAblico-line-355_1-Brasilia-1702-851940-729097-0,-1.0,-15.8218,-48.052793,23.0,,,2,2023-06-16T16:02:41+00:00
BRA_441830,Brasília,5300108,,Marechal,933.3,https://moovitapp.com/index/pt-br/transporte_p%C3%BAblico-line-933_3-Brasilia-1702-851940-450287-0,-1.0,-15.783447,-47.896187,0.0,,,2,2023-06-16T16:02:41+00:00
BRA_441635,Brasília,5300108,,Marechal,932.1,https://moovitapp.com/index/pt-br/transporte_p%C3%BAblico-line-932_1-Brasilia-1702-851940-470763-0,-1.0,-15.81814,-48.06248,1.0,,,2,2023-06-16T16:02:41+00:00
BRA_442623,Brasília,5300108,,Urbi,0.399,https://moovitapp.com/index/pt-br/transporte_p%C3%BAblico-line-0_399-Brasilia-1702-851595-454964-0,-1.0,-15.865533,-48.056467,0.0,,,2,2023-06-16T16:02:41+00:00
BRA_444715,Brasília,5300108,,Marechal,0.089,https://moovitapp.com/index/pt-br/transporte_p%C3%BAblico-line-0_089-Brasilia-1702-851940-706977-0,-1.0,-15.820573,-48.110423,38.0,,,2,2023-06-16T16:02:41+00:00
BRA_443042,Brasília,5300108,,Marechal,0.554,https://moovitapp.com/index/pt-br/transporte_p%C3%BAblico-line-0_554-Brasilia-1702-851940-504340-0,-1.0,-15.84066,-48.1268,4.0,,,2,2023-06-16T16:00:35+00:00
BRA_444723,Brasília,5300108,,São José,359.2,https://moovitapp.com/index/pt-br/transporte_p%C3%BAblico-line-359_2-Brasilia-1702-851943-2068453-0,-1.0,-15.8082,-48.15698,0.0,,,2,2023-06-16T16:02:41+00:00
BRA_445223,Brasília,5300108,,Marechal,0.301,https://moovitapp.com/index/pt-br/transporte_p%C3%BAblico-line-0_301-Brasilia-1702-851940-339319-0,-1.0,-15.838997,-48.128617,0.0,,,2,2023-06-16T16:02:41+00:00
BRA_443051,Brasília,5300108,,Marechal,0.942,https://moovitapp.com/index/pt-br/transporte_p%C3%BAblico-line-0_942-Brasilia-1702-851940-347158-0,-1.0,-15.835853,-48.088957,0.0,,,2,2023-06-16T16:02:41+00:00
BRA_445126,Brasília,5300108,,Marechal,0.305,https://moovitapp.com/index/pt-br/transporte_p%C3%BAblico-line-0_305-Brasilia-1702-851940-775108-0,-1.0,-15.810893,-47.97678,3.0,,,2,2023-06-16T16:02:41+00:00
BRA_442852,Brasília,5300108,,Urbi,0.054,https://moovitapp.com/index/pt-br/transporte_p%C3%BAblico-line-0_054-Brasilia-1702-851595-454960-0,-1.0,-15.783413,-47.89638,0.0,,,2,2023-06-16T16:02:41+00:00
BRA_442747,Brasília,5300108,,São José,333.7,https://moovitapp.com/index/pt-br/transporte_p%C3%BAblico-line-333_7-Brasilia-1702-851943-2068454-0,-1.0,-15.818523,-48.062317,0.0,,,2,2023-06-16T16:02:41+00:00
BRA_441660,Brasília,5300108,,Marechal,0.850,https://moovitapp.com/index/pt-br/transporte_p%C3%BAblico-line-0_850-Brasilia-1702-851940-312434-0,-1.0,-15.816823,-47.981067,4.0,,,2,2023-06-16T16:02:41+00:00
BRA_443123,Brasília,5300108,,Marechal,361.1,https://moovitapp.com/index/pt-br/transporte_p%C3%BAblico-line-361_1-Brasilia-1702-851940-363861-0,-1.0,-15.847707,-48.109463,31.0,,,2,2023-06-16T16:02:41+00:00
BRA_443778,Brasília,5300108,,Marechal,0.951,https://moovitapp.com/index/pt-br/transporte_p%C3%BAblico-line-0_951-Brasilia-1702-851940-783578-0,-1.0,-15.830377,-48.010043,21.0,,,2,2023-06-16T16:02:41+00:00
BRA_440591,Brasília,5300108,,Piracicabana,099.1,https://moovitapp.com/index/pt-br/transporte_p%C3%BAblico-line-099_1-Brasilia-1702-850942-775090-0,-1.0,-15.799347,-47.950233,21.0,,,2,2023-06-16T16:02:41+00:00
BRA_444286,Brasília,5300108,,Marechal,933.2,https://moovitapp.com/index/pt-br/transporte_p%C3%BAblico-line-933_2-Brasilia-1702-851940-717428-0,-1.0,-15.82265,-48.094467,20.0,,,2,2023-06-16T16:02:41+00:00
BRA_440957,Brasília,5300108,,Marechal,355.3,https://moovitapp.com/index/pt-br/transporte_p%C3%BAblico-line-355_3-Brasilia-1702-851940-504343-0,-1.0,-15.86983,-48.037653,0.0,,,2,2023-06-16T16:02:41+00:00
BRA_444219,Brasília,5300108,,Marechal,933.1,https://moovitapp.com/index/pt-br/transporte_p%C3%BAblico-line-933_1-Brasilia-1702-851940-358307-0,-1.0,-15.804233,-48.071063,10.0,,,2,2023-06-16T16:02:41+00:00
BRA_444031,Brasília,5300108,,Urbi,0.367,https://moovitapp.com/index/pt-br/transporte_p%C3%BAblico-line-0_367-Brasilia-1702-851595-519380-0,-1.0,-15.886747,-48.143777,40.0,,,2,2023-06-16T15:20:59+00:00
BRA_443891,Brasília,5300108,,Marechal,959.2,https://moovitapp.com/index/pt-br/transporte_p%C3%BAblico-line-959_2-Brasilia-1702-851940-66561063-0,-1.0,-15.85903,-48.037017,37.0,,,2,2023-06-16T16:02:41+00:00
BRA_440639,Brasília,5300108,,Marechal,0.234,https://moovitapp.com/index/pt-br/transporte_p%C3%BAblico-line-0_234-Brasilia-1702-851940-419623-0,-1.0,-16.005773,-48.07678,32.0,,,2,2023-06-16T16:02:36+00:00
BRA_440752,Brasília,5300108,,Marechal,0.162,https://moovitapp.com/index/pt-br/transporte_p%C3%BAblico-line-0_162-Brasilia-1702-851940-766836-0,-1.0,-15.82666,-47.98262,17.0,,,2,2023-06-16T16:02:41+00:00
BRA_440868,Brasília,5300108,,Marechal,0.376,https://moovitapp.com/index/pt-br/transporte_p%C3%BAblico-line-0_376-Brasilia-1702-851940-242726-0,-1.0,-15.762277,-47.891357,46.0,,,2,2023-06-16T15:38:40+00:00
BRA_441708,Brasília,5300108,,Urbi,0.050,https://moovitapp.com/index/pt-br/transporte_p%C3%BAblico-line-0_050-Brasilia-1702-851595-781325-0,-1.0,-15.822723,-48.060863,12.0,,,2,2023-06-16T16:02:41+00:00
BRA_445363,Brasília,5300108,,Marechal,337.1,https://moovitapp.com/index/pt-br/transporte_p%C3%BAblico-line-337_1-Brasilia-1702-851940-347165-0,-1.0,-15.840473,-48.12962,0.0,,,2,2023-06-16T16:02:41+00:00
BRA_441007,Brasília,5300108,,Marechal,0.234,https://moovitapp.com/index/pt-br/transporte_p%C3%BAblico-line-0_234-Brasilia-1702-851940-419623-0,-1.0,-15.915007,-48.050027,11.0,,,2,2023-06-16T16:02:41+00:00
BRA_440078,Brasília,5300108,,Marechal,156.1,https://moovitapp.com/index/pt-br/transporte_p%C3%BAblico-line-156_1-Brasilia-1702-851940-242750-0,-1.0,-15.73698,-47.90862,33.0,,,2,2023-06-16T16:02:41+00:00
BRA_444111,Brasília,5300108,,Marechal,933.3,https://moovitapp.com/index/pt-br/transporte_p%C3%BAblico-line-933_3-Brasilia-1702-851940-450287-0,-1.0,-15.816823,-48.10392,4.0,,,2,2023-06-16T16:02:41+00:00
BRA_442984,Brasília,5300108,,Urbi,0.050,https://moovitapp.com/index/pt-br/transporte_p%C3%BAblico-line-0_050-Brasilia-1702-851595-781325-0,-1.0,-15.851617,-48.06346,39.0,,,2,2023-06-16T16:02:41+00:00
BRA_443085,Brasília,5300108,,Marechal,933.4,https://moovitapp.com/index/pt-br/transporte_p%C3%BAblico-line-933_4-Brasilia-1702-851940-656766-0,-1.0,-15.839443,-48.128547,0.0,,,2,2023-06-16T16:02:41+00:00
BRA_442674,Brasília,5300108,,Marechal,0.089,https://moovitapp.com/index/pt-br/transporte_p%C3%BAblico-line-0_089-Brasilia-1702-851940-706977-0,-1.0,-15.794967,-48.160587,31.0,,,2,2023-06-16T16:02:41+00:00
BRA_443026,Brasília,5300108,,Urbi,056.2,https://moovitapp.com/index/pt-br/transporte_p%C3%BAblico-line-056_2-Brasilia-1702-851595-492982-0,-1.0,-15.860673,-48.073273,35.0,,,2,2023-06-16T16:02:20+00:00
BRA_442666,Brasília,5300108,,Urbi,056.2,https://moovitapp.com/index/pt-br/transporte_p%C3%BAblico-line-056_2-Brasilia-1702-851595-492982-0,-1.0,-15.838953,-48.12873,0.0,,,2,2023-06-16T16:02:41+00:00
BRA_440086,Brasília,5300108,,Marechal,355.2,https://moovitapp.com/index/pt-br/transporte_p%C3%BAblico-line-355_2-Brasilia-1702-851940-510251-0,-1.0,-15.817103,-48.017743,38.0,,,2,2023-06-16T16:02:41+00:00
BRA_444740,Brasília,5300108,,Marechal,0.089,https://moovitapp.com/index/pt-br/transporte_p%C3%BAblico-line-0_089-Brasilia-1702-851940-706977-0,-1.0,-15.817637,-48.082407,8.0,,,2,2023-06-16T16:02:41+00:00
BRA_443417,Brasília,5300108,,Marechal,933.1,https://moovitapp.com/index/pt-br/transporte_p%C3%BAblico-line-933_1-Brasilia-1702-851940-358307-0,-1.0,-15.883777,-48.150333,0.0,,,2,2023-06-16T16:02:41+00:00
BRA_441333,Brasília,5300108,,Marechal,355.2,https://moovitapp.com/index/pt-br/transporte_p%C3%BAblico-line-355_2-Brasilia-1702-851940-510251-0,-1.0,-15.780303,-47.873927,1.0,,,2,2023-06-16T16:02:41+00:00
BRA_441295,Brasília,5300108,,Marechal,156.8,https://moovitapp.com/index/pt-br/transporte_p%C3%BAblico-line-156_8-Brasilia-1702-851940-312445-0,-1.0,-15.799447,-47.914983,60.0,,,2,2023-06-16T16:02:41+00:00
BRA_441198,Brasília,5300108,,Marechal,157.6,https://moovitapp.com/index/pt-br/transporte_p%C3%BAblico-line-157_6-Brasilia-1702-851940-419627-0,-1.0,-15.825343,-47.980447,2.0,,,2,2023-06-16T16:02:41+00:00
BRA_443425,Brasília,5300108,,Marechal,0.383,https://moovitapp.com/index/pt-br/transporte_p%C3%BAblico-line-0_383-Brasilia-1702-851940-347151-0,-1.0,-15.793637,-47.882873,0.0,,,2,2023-06-16T16:02:41+00:00
BRA_441261,Brasília,5300108,,Marechal,0.234,https://moovitapp.com/index/pt-br/transporte_p%C3%BAblico-line-0_234-Brasilia-1702-851940-419623-0,-1.0,-15.868867,-48.03723,0.0,,,2,2023-06-16T15:25:55+00:00
BRA_440191,Brasília,5300108,,Marechal,355.3,https://moovitapp.com/index/pt-br/transporte_p%C3%BAblico-line-355_3-Brasilia-1702-851940-504343-0,-1.0,-15.798587,-48.06633,33.0,,,2,2023-06-16T15:59:26+00:00
BRA_444316,Brasília,5300108,,Marechal,933.2,https://moovitapp.com/index/pt-br/transporte_p%C3%BAblico-line-933_2-Brasilia-1702-851940-717428-0,-1.0,-15.857507,-48.122673,0.0,,,2,2023-06-16T16:02:41+00:00
BRA_444120,Brasília,5300108,,Marechal,933.2,https://moovitapp.com/index/pt-br/transporte_p%C3%BAblico-line-933_2-Brasilia-1702-851940-717428-0,-1.0,-15.819703,-48.108677,0.0,,,2,2023-06-16T16:02:44+00:00
BRA_440809,Brasília,5300108,,São José,0.092,https://moovitapp.com/index/pt-br/transporte_p%C3%BAblico-line-0_092-Brasilia-1702-851943-496589-0,-1.0,-15.849703,-47.94988,0.0,,,2,2023-06-16T16:02:41+00:00
BRA_440663,Brasília,5300108,,Marechal,206.1,https://moovitapp.com/index/pt-br/transporte_p%C3%BAblico-line-206_1-Brasilia-1702-851940-137149861-0,-1.0,-15.878763,-48.051913,37.0,,,2,2023-06-16T16:02:41+00:00
BRA_444260,Brasília,5300108,,Marechal,933.6,https://moovitapp.com/index/pt-br/transporte_p%C3%BAblico-line-933_6-Brasilia-1702-851940-3494672-0,-1.0,-15.80707,-48.07999,27.0,,,2,2023-06-16T16:02:41+00:00
BRA_440761,Brasília,5300108,,São José,0.092,https://moovitapp.com/index/pt-br/transporte_p%C3%BAblico-line-0_092-Brasilia-1702-851943-496589-0,-1.0,-15.840667,-47.965457,0.0,,,2,2023-06-16T16:02:41+00:00
BRA_444022,Brasília,5300108,,Marechal,933.2,https://moovitapp.com/index/pt-br/transporte_p%C3%BAblico-line-933_2-Brasilia-1702-851940-717428-0,-1.0,-15.839123,-48.123243,24.0,,,2,2023-06-16T16:02:41+00:00
BRA_445312,Brasília,5300108,,Marechal,0.378,https://moovitapp.com/index/pt-br/transporte_p%C3%BAblico-line-0_378-Brasilia-1702-851940-347150-0,-1.0,-15.78471,-47.91214,0.0,,,2,2023-06-16T16:02:41+00:00
BRA_441554,Brasília,5300108,,Marechal,363.1,https://moovitapp.com/index/pt-br/transporte_p%C3%BAblico-line-363_1-Brasilia-1702-851940-504344-0,-1.0,-15.80995,-48.08974,8.0,,,2,2023-06-16T16:02:41+00:00
BRA_442194,Brasília,5300108,,Urbi,372.5,https://moovitapp.com/index/pt-br/transporte_p%C3%BAblico-line-372_5-Brasilia-1702-851595-519391-0,-1.0,-15.839327,-48.128897,0.0,,,2,2023-06-16T16:02:36+00:00
BRA_440221,Brasília,5300108,,Marechal,157.6,https://moovitapp.com/index/pt-br/transporte_p%C3%BAblico-line-157_6-Brasilia-1702-851940-419627-0,-1.0,-15.820433,-47.986383,0.0,,,2,2023-06-16T16:02:41+00:00
BRA_440779,Brasília,5300108,,Marechal,0.162,https://moovitapp.com/index/pt-br/transporte_p%C3%BAblico-line-0_162-Brasilia-1702-851940-766836-0,-1.0,-15.826807,-47.97506,58.0,,,2,2023-06-16T16:02:41+00:00
BRA_444545,Brasília,5300108,,Marechal,932.1,https://moovitapp.com/index/pt-br/transporte_p%C3%BAblico-line-932_1-Brasilia-1702-851940-470763-0,-1.0,-15.794233,-47.88317,0.0,,,2,2023-06-16T16:02:41+00:00
BRA_440621,Brasília,5300108,,Urbi,805.9,https://moovitapp.com/index/pt-br/transporte_p%C3%BAblico-line-805_9-Brasilia-1702-851595-454983-0,-1.0,-15.817937,-48.06251,8.0,,,2,2023-06-16T16:02:41+00:00
BRA_441805,Brasília,5300108,,Marechal,0.043,https://moovitapp.com/index/pt-br/transporte_p%C3%BAblico-line-0_043-Brasilia-1702-851940-781330-0,-1.0,-15.833747,-48.0576,38.0,,,2,2023-06-16T16:02:41+00:00
BRA_441775,Brasília,5300108,,Marechal,0.903,https://moovitapp.com/index/pt-br/transporte_p%C3%BAblico-line-0_903-Brasilia-1702-851940-347155-0,-1.0,-15.84597,-48.12254,22.0,,,2,2023-06-16T16:02:41+00:00
BRA_443387,Brasília,5300108,,Urbi,0.050,https://moovitapp.com/index/pt-br/transporte_p%C3%BAblico-line-0_050-Brasilia-1702-851595-781325-0,-1.0,-15.840807,-48.056737,0.0,,,2,2023-06-16T16:02:41+00:00
BRA_443361,Brasília,5300108,,Marechal,933.1,https://moovitapp.com/index/pt-br/transporte_p%C3%BAblico-line-933_1-Brasilia-1702-851940-358307-0,-1.0,-15.8394,-48.1285,0.0,,,2,2023-06-16T16:02:41+00:00
BRA_441422,Brasília,5300108,,Marechal,0.363,https://moovitapp.com/index/pt-br/transporte_p%C3%BAblico-line-0_363-Brasilia-1702-851940-504339-0,-1.0,-15.80958,-48.087627,2.0,,,2,2023-06-16T16:02:41+00:00
BRA_443450,Brasília,5300108,,Marechal,0.363,https://moovitapp.com/index/pt-br/transporte_p%C3%BAblico-line-0_363-Brasilia-1702-851940-504339-0,-1.0,-15.851937,-48.11537,12.0,,,2,2023-06-16T16:02:41+00:00
BRA_443301,Brasília,5300108,,Marechal,933.5,https://moovitapp.com/index/pt-br/transporte_p%C3%BAblico-line-933_5-Brasilia-1702-851940-766837-0,-1.0,-15.841497,-48.142217,33.0,,,2,2023-06-16T16:02:41+00:00
BRA_445142,Brasília,5300108,,Marechal,0.306,https://moovitapp.com/index/pt-br/transporte_p%C3%BAblico-line-0_306-Brasilia-1702-851940-242714-0,-1.0,-15.866993,-48.037647,15.0,,,2,2023-06-16T16:02:41+00:00
BRA_441473,Brasília,5300108,,Marechal,0.089,https://moovitapp.com/index/pt-br/transporte_p%C3%BAblico-line-0_089-Brasilia-1702-851940-706977-0,-1.0,-15.840857,-48.126603,0.0,,,2,2023-06-16T16:02:41+00:00
BRA_441571,Brasília,5300108,,Marechal,0.339,https://moovitapp.com/index/pt-br/transporte_p%C3%BAblico-line-0_339-Brasilia-1702-851940-419625-0,-1.0,-15.76667,-47.870967,33.0,,,2,2023-06-16T16:02:43+00:00
BRA_443760,Brasília,5300108,,Marechal,0.951,https://moovitapp.com/index/pt-br/transporte_p%C3%BAblico-line-0_951-Brasilia-1702-851940-783578-0,-1.0,-15.867107,-48.037283,0.0,,,2,2023-06-16T16:02:36+00:00
BRA_444677,Brasília,5300108,,São José,332.1,https://moovitapp.com/index/pt-br/transporte_p%C3%BAblico-line-332_1-Brasilia-1702-851943-2068455-0,-1.0,-15.830607,-48.05472,7.0,,,2,2023-06-16T15:55:48+00:00
BRA_444685,Brasília,5300108,,São José,350.1,https://moovitapp.com/index/pt-br/transporte_p%C3%BAblico-line-350_1-Brasilia-1702-851943-2068450-0,-1.0,-15.809623,-48.154633,38.0,,,2,2023-06-16T16:02:41+00:00
BRA_444669,Brasília,5300108,,São José,359.2,https://moovitapp.com/index/pt-br/transporte_p%C3%BAblico-line-359_2-Brasilia-1702-851943-2068453-0,-1.0,-15.841003,-48.10687,39.0,,,2,2023-06-16T16:01:59+00:00
BRA_440485,Brasília,5300108,,Piracicabana,099.1,https://moovitapp.com/index/pt-br/transporte_p%C3%BAblico-line-099_1-Brasilia-1702-850942-775090-0,-1.0,-15.7836,-47.896687,0.0,,,2,2023-06-16T16:02:41+00:00
BRA_441368,Brasília,5300108,,Marechal,355.3,https://moovitapp.com/index/pt-br/transporte_p%C3%BAblico-line-355_3-Brasilia-1702-851940-504343-0,-1.0,-15.870367,-48.038243,0.0,,,2,2023-06-16T16:02:41+00:00
BRA_442119,Brasília,5300108,,Marechal,933.5,https://moovitapp.com/index/pt-br/transporte_p%C3%BAblico-line-933_5-Brasilia-1702-851940-766837-0,-1.0,-15.864277,-48.033807,43.0,,,2,2023-06-16T16:02:42+00:00
BRA_442780,Brasília,5300108,,Urbi,0.050,https://moovitapp.com/index/pt-br/transporte_p%C3%BAblico-line-0_050-Brasilia-1702-851595-781325-0,-1.0,-15.839127,-48.129633,0.0,,,2,2023-06-16T16:02:36+00:00
BRA_445231,Brasília,5300108,,Marechal,0.301,https://moovitapp.com/index/pt-br/transporte_p%C3%BAblico-line-0_301-Brasilia-1702-851940-339319-0,-1.0,-15.827807,-47.931383,16.0,,,2,2023-06-16T16:02:41+00:00
BRA_442208,Brasília,5300108,,Urbi,372.4,https://moovitapp.com/index/pt-br/transporte_p%C3%BAblico-line-372_4-Brasilia-1702-851595-650087-0,-1.0,-15.818023,-48.06598,39.0,,,2,2023-06-16T16:02:41+00:00
BRA_441759,Brasília,5300108,,Urbi,056.4,https://moovitapp.com/index/pt-br/transporte_p%C3%BAblico-line-056_4-Brasilia-1702-851595-519387-0,-1.0,-15.812103,-48.09406,0.0,,,2,2023-06-16T16:02:41+00:00
BRA_441872,Brasília,5300108,,Marechal,0.089,https://moovitapp.com/index/pt-br/transporte_p%C3%BAblico-line-0_089-Brasilia-1702-851940-706977-0,-1.0,-15.841147,-48.12686,0.0,,,2,2023-06-16T16:02:41+00:00
BRA_441457,Brasília,5300108,,Urbi,056.2,https://moovitapp.com/index/pt-br/transporte_p%C3%BAblico-line-056_2-Brasilia-1702-851595-492982-0,-1.0,-15.84729,-48.115807,40.0,,,2,2023-06-16T16:02:41+00:00
BRA_440787,Brasília,5300108,,Marechal,154.2,https://moovitapp.com/index/pt-br/transporte_p%C3%BAblico-line-154_2-Brasilia-1702-851940-527234-0,-1.0,-15.824683,-47.978303,48.0,,,2,2023-06-16T16:02:41+00:00
BRA_441139,Brasília,5300108,,Marechal,0.357,https://moovitapp.com/index/pt-br/transporte_p%C3%BAblico-line-0_357-Brasilia-1702-851940-775109-0,-1.0,-15.865343,-48.038073,22.0,,,2,2023-06-16T16:02:41+00:00
BRA_440132,Brasília,5300108,,São José,0.092,https://moovitapp.com/index/pt-br/transporte_p%C3%BAblico-line-0_092-Brasilia-1702-851943-496589-0,-1.0,-15.820447,-47.950347,25.0,,,2,2023-06-16T16:02:41+00:00
BRA_443565,Brasília,5300108,,Marechal,0.959,https://moovitapp.com/index/pt-br/transporte_p%C3%BAblico-line-0_959-Brasilia-1702-851940-546208-0,-1.0,-15.85733,-48.043917,0.0,,,2,2023-06-16T15:53:26+00:00
BRA_440124,Brasília,5300108,,Piracicabana,099.1,https://moovitapp.com/index/pt-br/transporte_p%C3%BAblico-line-099_1-Brasilia-1702-850942-775090-0,-1.0,-15.81858,-48.01463,2.0,,,2,2023-06-16T15:57:08+00:00
BRA_444693,Brasília,5300108,,São José,350.1,https://moovitapp.com/index/pt-br/transporte_p%C3%BAblico-line-350_1-Brasilia-1702-851943-2068450-0,-1.0,-15.8356,-48.0848,53.0,,,2,2023-06-16T16:02:41+00:00
BRA_441767,Brasília,5300108,,Urbi,0.050,https://moovitapp.com/index/pt-br/transporte_p%C3%BAblico-line-0_050-Brasilia-1702-851595-781325-0,-1.0,-15.866937,-48.097227,31.0,,,2,2023-06-16T16:02:41+00:00
BRA_443344,Brasília,5300108,,Marechal,0.942,https://moovitapp.com/index/pt-br/transporte_p%C3%BAblico-line-0_942-Brasilia-1702-851940-347158-0,-1.0,-15.782093,-47.916957,60.0,,,2,2023-06-16T16:02:41+00:00
BRA_441627,Brasília,5300108,,Urbi,393.7,https://moovitapp.com/index/pt-br/transporte_p%C3%BAblico-line-393_7-Brasilia-1702-851595-588818-0,-1.0,-15.83933,-48.128307,0.0,,,2,2023-06-16T16:02:41+00:00
BRA_441732,Brasília,5300108,,Urbi,0.367,https://moovitapp.com/index/pt-br/transporte_p%C3%BAblico-line-0_367-Brasilia-1702-851595-519380-0,-1.0,-15.89031,-48.14416,40.0,,,2,2023-06-16T16:02:41+00:00
BRA_443646,Brasília,5300108,,Marechal,157.1,https://moovitapp.com/index/pt-br/transporte_p%C3%BAblico-line-157_1-Brasilia-1702-851940-88144062-0,-1.0,-15.844337,-47.9817,22.0,,,2,2023-06-16T16:02:41+00:00
BRA_443697,Brasília,5300108,,Marechal,351.3,https://moovitapp.com/index/pt-br/transporte_p%C3%BAblico-line-351_3-Brasilia-1702-851940-510249-0,-1.0,-15.86652,-48.037713,0.0,,,2,2023-06-16T16:02:36+00:00
BRA_440175,Brasília,5300108,,Urbi,0.823,https://moovitapp.com/index/pt-br/transporte_p%C3%BAblico-line-0_823-Brasilia-1702-851595-401625-0,-1.0,-15.825837,-47.981073,0.0,,,2,2023-06-16T16:02:41+00:00
BRA_443620,Brasília,5300108,,Marechal,351.3,https://moovitapp.com/index/pt-br/transporte_p%C3%BAblico-line-351_3-Brasilia-1702-851940-510249-0,-1.0,-15.807837,-48.08304,0.0,,,2,2023-06-16T16:02:41+00:00
BRA_443263,Brasília,5300108,,Marechal,0.089,https://moovitapp.com/index/pt-br/transporte_p%C3%BAblico-line-0_089-Brasilia-1702-851940-706977-0,-1.0,-15.83916,-48.12845,0.0,,,2,2023-06-16T16:02:41+00:00
BRA_442224,Brasília,5300108,,Marechal,304.1,https://moovitapp.com/index/pt-br/transporte_p%C3%BAblico-line-304_1-Brasilia-1702-851940-516636-0,-1.0,-15.767157,-47.935743,14.0,,,2,2023-06-16T16:02:41+00:00
BRA_444081,Brasília,5300108,,Marechal,363.1,https://moovitapp.com/index/pt-br/transporte_p%C3%BAblico-line-363_1-Brasilia-1702-851940-504344-0,-1.0,-15.834817,-48.11156,49.0,,,2,2023-06-16T16:02:41+00:00
BRA_443204,Brasília,5300108,,Marechal,0.383,https://moovitapp.com/index/pt-br/transporte_p%C3%BAblico-line-0_383-Brasilia-1702-851940-347151-0,-1.0,-15.8134,-48.097357,0.0,,,2,2023-06-16T16:02:41+00:00
BRA_441228,Brasília,5300108,,Marechal,0.162,https://moovitapp.com/index/pt-br/transporte_p%C3%BAblico-line-0_162-Brasilia-1702-851940-766836-0,-1.0,-15.840327,-47.96548,0.0,,,2,2023-06-16T16:02:41+00:00
BRA_441538,Brasília,5300108,,Urbi,0.056,https://moovitapp.com/index/pt-br/transporte_p%C3%BAblico-line-0_056-Brasilia-1702-851595-588804-0,-1.0,-15.816917,-48.104093,0.0,,,2,2023-06-16T16:02:41+00:00
BRA_440051,Brasília,5300108,,Marechal,156.1,https://moovitapp.com/index/pt-br/transporte_p%C3%BAblico-line-156_1-Brasilia-1702-851940-242750-0,-1.0,-15.798137,-47.892013,9.0,,,2,2023-06-16T16:02:42+00:00
BRA_444464,Brasília,5300108,,Marechal,0.383,https://moovitapp.com/index/pt-br/transporte_p%C3%BAblico-line-0_383-Brasilia-1702-851940-347151-0,-1.0,-15.839383,-48.12992,0.0,,,2,2023-06-16T16:02:41+00:00
BRA_443492,Brasília,5300108,,Marechal,0.554,https://moovitapp.com/index/pt-br/transporte_p%C3%BAblico-line-0_554-Brasilia-1702-851940-504340-0,-1.0,-15.835687,-48.08832,38.0,,,2,2023-06-16T16:02:41+00:00
BRA_441902,Brasília,5300108,,Marechal,933.4,https://moovitapp.com/index/pt-br/transporte_p%C3%BAblico-line-933_4-Brasilia-1702-851940-656766-0,-1.0,-15.803397,-48.069573,0.0,,,2,2023-06-16T16:02:41+00:00
BRA_443379,Brasília,5300108,,Marechal,0.554,https://moovitapp.com/index/pt-br/transporte_p%C3%BAblico-line-0_554-Brasilia-1702-851940-504340-0,-1.0,-15.794053,-47.882903,0.0,,,2,2023-06-16T16:02:41+00:00
BRA_443280,Brasília,5300108,,Urbi,372.4,https://moovitapp.com/index/pt-br/transporte_p%C3%BAblico-line-372_4-Brasilia-1702-851595-650087-0,-1.0,-15.887083,-48.1473,40.0,,,2,2023-06-16T16:02:41+00:00
BRA_441171,Brasília,5300108,,Marechal,0.234,https://moovitapp.com/index/pt-br/transporte_p%C3%BAblico-line-0_234-Brasilia-1702-851940-419623-0,-1.0,-15.984267,-48.040667,33.0,,,2,2023-06-16T16:02:41+00:00
BRA_441414,Brasília,5300108,,Marechal,0.339,https://moovitapp.com/index/pt-br/transporte_p%C3%BAblico-line-0_339-Brasilia-1702-851940-419625-0,-1.0,-15.852177,-48.06959,16.0,,,2,2023-06-16T16:02:41+00:00
BRA_441520,Brasília,5300108,,Marechal,933.1,https://moovitapp.com/index/pt-br/transporte_p%C3%BAblico-line-933_1-Brasilia-1702-851940-358307-0,-1.0,-15.833847,-48.112527,34.0,,,2,2023-06-16T16:02:42+00:00
BRA_442658,Brasília,5300108,,Marechal,0.903,https://moovitapp.com/index/pt-br/transporte_p%C3%BAblico-line-0_903-Brasilia-1702-851940-347155-0,-1.0,-15.78792,-48.011637,14.0,,,2,2023-06-16T16:00:19+00:00
BRA_442330,Brasília,5300108,,Marechal,933.1,https://moovitapp.com/index/pt-br/transporte_p%C3%BAblico-line-933_1-Brasilia-1702-851940-358307-0,-1.0,-15.848133,-48.110047,31.0,,,2,2023-06-16T16:02:41+00:00
BRA_443549,Brasília,5300108,,Marechal,0.351,https://moovitapp.com/index/pt-br/transporte_p%C3%BAblico-line-0_351-Brasilia-1702-851940-510246-0,-1.0,-15.83517,-48.08241,0.0,,,2,2023-06-16T16:02:41+00:00
BRA_444502,Brasília,5300108,,Marechal,361.1,https://moovitapp.com/index/pt-br/transporte_p%C3%BAblico-line-361_1-Brasilia-1702-851940-363861-0,-1.0,-15.835917,-48.041597,35.0,,,2,2023-06-16T15:41:40+00:00
BRA_441287,Brasília,5300108,,Marechal,0.205,https://moovitapp.com/index/pt-br/transporte_p%C3%BAblico-line-0_205-Brasilia-1702-851940-463646-0,-1.0,-15.869743,-48.037263,0.0,,,2,2023-06-16T16:02:41+00:00
BRA_443875,Brasília,5300108,,Marechal,0.951,https://moovitapp.com/index/pt-br/transporte_p%C3%BAblico-line-0_951-Brasilia-1702-851940-783578-0,-1.0,-15.833973,-48.043293,0.0,,,2,2023-06-16T16:02:41+00:00
BRA_441066,Brasília,5300108,,São José,157.8,https://moovitapp.com/index/pt-br/transporte_p%C3%BAblico-line-157_8-Brasilia-1702-851943-759503-0,-1.0,-15.819433,-47.987143,7.0,,,2,2023-06-16T16:02:41+00:00
BRA_441350,Brasília,5300108,,Marechal,0.349,https://moovitapp.com/index/pt-br/transporte_p%C3%BAblico-line-0_349-Brasilia-1702-851940-677511-0,-1.0,-15.83329,-48.057223,0.0,,,2,2023-06-16T16:02:36+00:00
BRA_443221,Brasília,5300108,,Urbi,0.898,https://moovitapp.com/index/pt-br/transporte_p%C3%BAblico-line-0_898-Brasilia-1702-851595-322394-0,-1.0,-15.83768,-48.121233,18.0,,,2,2023-06-16T15:06:56+00:00
BRA_444898,Brasília,5300108,,Marechal,0.555,https://moovitapp.com/index/pt-br/transporte_p%C3%BAblico-line-0_555-Brasilia-1702-851940-504341-0,-1.0,-15.81212,-47.980613,56.0,,,2,2023-06-16T16:02:41+00:00
BRA_445045,Brasília,5300108,,Marechal,0.554,https://moovitapp.com/index/pt-br/transporte_p%C3%BAblico-line-0_554-Brasilia-1702-851940-504340-0,-1.0,-15.84795,-48.115647,4.0,,,2,2023-06-16T16:02:41+00:00
BRA_445053,Brasília,5300108,,Marechal,363.1,https://moovitapp.com/index/pt-br/transporte_p%C3%BAblico-line-363_1-Brasilia-1702-851940-504344-0,-1.0,-15.839467,-48.129573,0.0,,,2,2023-06-16T16:02:36+00:00
BRA_444804,Brasília,5300108,,São José,332.1,https://moovitapp.com/index/pt-br/transporte_p%C3%BAblico-line-332_1-Brasilia-1702-851943-2068455-0,-1.0,-15.807817,-48.15627,0.0,,,2,2023-06-16T16:02:41+00:00
BRA_444979,Brasília,5300108,,Urbi,0.898,https://moovitapp.com/index/pt-br/transporte_p%C3%BAblico-line-0_898-Brasilia-1702-851595-322394-0,-1.0,-15.835737,-48.06296,46.0,,,2,2023-06-16T16:02:41+00:00
BRA_444910,Brasília,5300108,,Marechal,0.089,https://moovitapp.com/index/pt-br/transporte_p%C3%BAblico-line-0_089-Brasilia-1702-851940-706977-0,-1.0,-15.82517,-47.980407,0.0,,,2,2023-06-16T16:02:41+00:00
BRA_445096,Brasília,5300108,,São José,333.6,https://moovitapp.com/index/pt-br/transporte_p%C3%BAblico-line-333_6-Brasilia-1702-851943-2068452-0,-1.0,-15.835367,-48.018007,27.0,,,2,2023-06-16T16:02:41+00:00
BRA_444936,Brasília,5300108,,Marechal,0.043,https://moovitapp.com/index/pt-br/transporte_p%C3%BAblico-line-0_043-Brasilia-1702-851940-781330-0,-1.0,-15.839093,-48.12908,0.0,,,2,2023-06-16T16:02:41+00:00
BRA_445088,Brasília,5300108,,São José,359.2,https://moovitapp.com/index/pt-br/transporte_p%C3%BAblico-line-359_2-Brasilia-1702-851943-2068453-0,-1.0,-15.844553,-48.044273,42.0,,,2,2023-06-16T16:02:41+00:00
BRA_444855,Brasília,5300108,,Marechal,0.942,https://moovitapp.com/index/pt-br/transporte_p%C3%BAblico-line-0_942-Brasilia-1702-851940-347158-0,-1.0,-15.840743,-48.126983,0.0,,,2,2023-06-16T16:02:41+00:00
BRA_445100,Brasília,5300108,,São José,332.1,https://moovitapp.com/index/pt-br/transporte_p%C3%BAblico-line-332_1-Brasilia-1702-851943-2068455-0,-1.0,-15.80984,-48.08945,0.0,,,2,2023-06-16T16:02:41+00:00
BRA_444952,Brasília,5300108,,Marechal,0.089,https://moovitapp.com/index/pt-br/transporte_p%C3%BAblico-line-0_089-Brasilia-1702-851940-706977-0,-1.0,-15.827283,-48.098897,10.0,,,2,2023-06-16T16:02:41+00:00
BRA_444987,Brasília,5300108,,São José,333.6,https://moovitapp.com/index/pt-br/transporte_p%C3%BAblico-line-333_6-Brasilia-1702-851943-2068452-0,-1.0,-15.80905,-48.136837,22.0,,,2,2023-06-16T16:02:41+00:00
BRA_444928,Brasília,5300108,,Marechal,932.1,https://moovitapp.com/index/pt-br/transporte_p%C3%BAblico-line-932_1-Brasilia-1702-851940-470763-0,-1.0,-15.843633,-48.124323,16.0,,,2,2023-06-16T16:02:41+00:00
BRA_445029,Brasília,5300108,,São José,332.1,https://moovitapp.com/index/pt-br/transporte_p%C3%BAblico-line-332_1-Brasilia-1702-851943-2068455-0,-1.0,-15.807747,-48.157307,0.0,,,2,2023-06-16T16:02:41+00:00
BRA_445070,Brasília,5300108,,Marechal,304.1,https://moovitapp.com/index/pt-br/transporte_p%C3%BAblico-line-304_1-Brasilia-1702-851940-516636-0,-1.0,-15.840927,-48.127,0.0,,,2,2023-06-16T16:02:36+00:00
BRA_445037,Brasília,5300108,,Marechal,0.383,https://moovitapp.com/index/pt-br/transporte_p%C3%BAblico-line-0_383-Brasilia-1702-851940-347151-0,-1.0,-15.79403,-47.88323,0.0,,,2,2023-06-16T16:02:41+00:00
BRA_444758,Brasília,5300108,,São José,350.1,https://moovitapp.com/index/pt-br/transporte_p%C3%BAblico-line-350_1-Brasilia-1702-851943-2068450-0,-1.0,-15.838887,-48.128717,0.0,,,2,2023-06-16T16:02:41+00:00
BRA_444782,Brasília,5300108,,São José,359.2,https://moovitapp.com/index/pt-br/transporte_p%C3%BAblico-line-359_2-Brasilia-1702-851943-2068453-0,-1.0,-15.807893,-48.15704,0.0,,,2,2023-06-16T16:02:41+00:00
BRA_444961,Brasília,5300108,,Urbi,0.347,https://moovitapp.com/index/pt-br/transporte_p%C3%BAblico-line-0_347-Brasilia-1702-851595-347128-0,-1.0,-15.85743,-47.95643,13.0,,,2,2023-06-16T16:01:12+00:00
BRA_444871,Brasília,5300108,,São José,332.1,https://moovitapp.com/index/pt-br/transporte_p%C3%BAblico-line-332_1-Brasilia-1702-851943-2068455-0,-1.0,-15.786937,-48.00656,45.0,,,2,2023-06-16T16:02:41+00:00
BRA_444766,Brasília,5300108,,Marechal,932.2,https://moovitapp.com/index/pt-br/transporte_p%C3%BAblico-line-932_2-Brasilia-1702-851940-3494666-0,-1.0,-15.81225,-47.937937,50.0,,,2,2023-06-16T16:02:43+00:00
BRA_444774,Brasília,5300108,,Marechal,383.3,https://moovitapp.com/index/pt-br/transporte_p%C3%BAblico-line-383_3-Brasilia-1702-851940-88144102-0,-1.0,-15.800527,-48.059373,28.0,,,2,2023-06-16T16:02:41+00:00
BRA_440817,Brasília,5300108,,Marechal,162.2,https://moovitapp.com/index/pt-br/transporte_p%C3%BAblico-line-162_2-Brasilia-1702-851940-312446-0,-1.0,-15.81153,-47.939963,32.0,,,2,2023-06-16T16:02:41+00:00
BRA_441651,Brasília,5300108,,Urbi,0.054,https://moovitapp.com/index/pt-br/transporte_p%C3%BAblico-line-0_054-Brasilia-1702-851595-454960-0,-1.0,-15.85685,-48.044203,0.0,,,2,2023-06-16T16:02:41+00:00
BRA_443905,Brasília,5300108,,Marechal,355.1,https://moovitapp.com/index/pt-br/transporte_p%C3%BAblico-line-355_1-Brasilia-1702-851940-729097-0,-1.0,-15.819757,-48.06189,0.0,,,2,2023-06-16T16:02:43+00:00
BRA_441406,Brasília,5300108,,Urbi,0.367,https://moovitapp.com/index/pt-br/transporte_p%C3%BAblico-line-0_367-Brasilia-1702-851595-519380-0,-1.0,-15.8564,-48.043793,16.0,,,2,2023-06-16T16:02:42+00:00
BRA_443867,Brasília,5300108,,Marechal,959.2,https://moovitapp.com/index/pt-br/transporte_p%C3%BAblico-line-959_2-Brasilia-1702-851940-66561063-0,-1.0,-15.84645,-48.04375,0.0,,,2,2023-06-16T16:02:41+00:00
BRA_445118,Brasília,5300108,,Marechal,0.306,https://moovitapp.com/index/pt-br/transporte_p%C3%BAblico-line-0_306-Brasilia-1702-851940-242714-0,-1.0,-15.801383,-47.886753,39.0,,,2,2023-06-16T16:02:41+00:00
BRA_443611,Brasília,5300108,,Marechal,355.3,https://moovitapp.com/index/pt-br/transporte_p%C3%BAblico-line-355_3-Brasilia-1702-851940-504343-0,-1.0,-15.831723,-48.050443,22.0,,,2,2023-06-16T16:02:41+00:00
BRA_440647,Brasília,5300108,,Marechal,959.1,https://moovitapp.com/index/pt-br/transporte_p%C3%BAblico-line-959_1-Brasilia-1702-851940-789939-0,-1.0,-15.813017,-48.067697,1.0,,,2,2023-06-16T16:02:41+00:00
BRA_444880,Brasília,5300108,,Urbi,0.898,https://moovitapp.com/index/pt-br/transporte_p%C3%BAblico-line-0_898-Brasilia-1702-851595-322394-0,-1.0,-15.848497,-48.042313,15.0,,,2,2023-06-16T16:02:41+00:00
BRA_444839,Brasília,5300108,,Marechal,932.1,https://moovitapp.com/index/pt-br/transporte_p%C3%BAblico-line-932_1-Brasilia-1702-851940-470763-0,-1.0,-15.810853,-47.941763,56.0,,,2,2023-06-16T16:02:41+00:00
BRA_440884,Brasília,5300108,,Marechal,0.205,https://moovitapp.com/index/pt-br/transporte_p%C3%BAblico-line-0_205-Brasilia-1702-851940-463646-0,-1.0,-15.867427,-48.037697,0.0,,,2,2023-06-16T16:02:36+00:00
BRA_440302,Brasília,5300108,,São José,157.8,https://moovitapp.com/index/pt-br/transporte_p%C3%BAblico-line-157_8-Brasilia-1702-851943-759503-0,-1.0,-15.810537,-47.993467,58.0,,,2,2023-06-16T16:02:41+00:00
BRA_444651,Brasília,5300108,,São José,350.1,https://moovitapp.com/index/pt-br/transporte_p%C3%BAblico-line-350_1-Brasilia-1702-851943-2068450-0,-1.0,-15.838343,-48.02852,32.0,,,2,2023-06-16T16:02:41+00:00
BRA_443816,Brasília,5300108,,Marechal,355.1,https://moovitapp.com/index/pt-br/transporte_p%C3%BAblico-line-355_1-Brasilia-1702-851940-729097-0,-1.0,-15.808833,-48.02576,17.0,,,2,2023-06-16T16:02:41+00:00
BRA_444901,Brasília,5300108,,Marechal,932.2,https://moovitapp.com/index/pt-br/transporte_p%C3%BAblico-line-932_2-Brasilia-1702-851940-3494666-0,-1.0,-15.81566,-48.007533,60.0,,,2,2023-06-16T16:02:41+00:00
BRA_441309,Brasília,5300108,,São José,0.092,https://moovitapp.com/index/pt-br/transporte_p%C3%BAblico-line-0_092-Brasilia-1702-851943-496589-0,-1.0,-15.79231,-48.053993,43.0,,,2,2023-06-16T16:02:41+00:00
BRA_441643,Brasília,5300108,,Urbi,056.4,https://moovitapp.com/index/pt-br/transporte_p%C3%BAblico-line-056_4-Brasilia-1702-851595-519387-0,-1.0,-15.87918,-48.119063,32.0,,,2,2023-06-16T16:02:41+00:00
BRA_443638,Brasília,5300108,,Marechal,351.3,https://moovitapp.com/index/pt-br/transporte_p%C3%BAblico-line-351_3-Brasilia-1702-851940-510249-0,-1.0,-15.869927,-48.03077,54.0,,,2,2023-06-16T16:02:41+00:00
BRA_442488,Brasília,5300108,,Marechal,933.6,https://moovitapp.com/index/pt-br/transporte_p%C3%BAblico-line-933_6-Brasilia-1702-851940-3494672-0,-1.0,-15.804467,-48.070717,4.0,,,2,2023-06-16T15:57:08+00:00
BRA_441252,Brasília,5300108,,Marechal,0.090,https://moovitapp.com/index/pt-br/transporte_p%C3%BAblico-line-0_090-Brasilia-1702-851940-242702-0,-1.0,-15.842727,-47.965913,16.0,,,2,2023-06-16T16:02:41+00:00
BRA_444553,Brasília,5300108,,Marechal,0.554,https://moovitapp.com/index/pt-br/transporte_p%C3%BAblico-line-0_554-Brasilia-1702-851940-504340-0,-1.0,-15.811083,-47.943357,0.0,,,2,2023-06-16T16:02:41+00:00
BRA_441341,Brasília,5300108,,Marechal,0.205,https://moovitapp.com/index/pt-br/transporte_p%C3%BAblico-line-0_205-Brasilia-1702-851940-463646-0,-1.0,-15.87192,-48.03011,49.0,,,2,2023-06-16T15:52:12+00:00
BRA_230189,Brasília,5300108,,Pioneira,3316,https://moovitapp.com/index/pt-br/transporte_p%C3%BAblico-line-3316-Brasilia-1702-851941-59965195-0,-1.0,-16.021073,-48.023772,,,,1,2023-06-16T16:02:26+00:00
BRA_226793,Brasília,5300108,,Pioneira,784.1,https://moovitapp.com/index/pt-br/transporte_p%C3%BAblico-line-784_1-Brasilia-1702-851941-6677516-0,-1.0,-15.758727,-47.778815,,,,1,2023-06-16T16:02:42+00:00
BRA_227676,Brasília,5300108,,Pioneira,147.5,https://moovitapp.com/index/pt-br/transporte_p%C3%BAblico-line-147_5-Brasilia-1702-851941-519406-0,-1.0,-15.91325,-47.757078,,,,1,2023-06-16T16:02:44+00:00
BRA_223930,Brasília,5300108,,Pioneira,2307,https://moovitapp.com/index/pt-br/transporte_p%C3%BAblico-line-2307-Brasilia-1702-851941-18556638-0,-1.0,-15.953064,-47.994345,,,,1,2023-06-14T10:16:34+00:00
BRA_231967,Brasília,5300108,,Pioneira,197.3,https://moovitapp.com/index/pt-br/transporte_p%C3%BAblico-line-197_3-Brasilia-1702-851941-519409-0,-1.0,-15.83841,-47.837504,,,,2,2023-06-16T16:02:38+00:00
BRA_229075,Brasília,5300108,,Pioneira,255.2,https://moovitapp.com/index/pt-br/transporte_p%C3%BAblico-line-255_2-Brasilia-1702-851941-312453-0,-1.0,-16.04192,-48.026779,,,,1,2023-06-16T16:02:50+00:00
BRA_232149,Brasília,5300108,,Pioneira,205.1,https://moovitapp.com/index/pt-br/transporte_p%C3%BAblico-line-205_1-Brasilia-1702-851941-393571-0,-1.0,-15.995763,-48.054391,,,,1,2023-06-16T16:02:24+00:00
BRA_232327,Brasília,5300108,,Pioneira,0.255,https://moovitapp.com/index/pt-br/transporte_p%C3%BAblico-line-0_255-Brasilia-1702-851941-706978-0,-1.0,-15.823456,-48.06415,,,,1,2023-06-16T16:01:42+00:00
BRA_231321,Brasília,5300108,,Pioneira,3309,https://moovitapp.com/index/pt-br/transporte_p%C3%BAblico-line-3309-Brasilia-1702-851941-8826948-0,-1.0,-16.002076,-47.985947,,,,1,2023-06-16T16:02:38+00:00
BRA_228508,Brasília,5300108,,Pioneira,0.255,https://moovitapp.com/index/pt-br/transporte_p%C3%BAblico-line-0_255-Brasilia-1702-851941-706978-0,-1.0,-15.798642,-48.103874,,,,1,2023-06-16T16:02:50+00:00
BRA_231801,Brasília,5300108,,Pioneira,760.1,https://moovitapp.com/index/pt-br/transporte_p%C3%BAblico-line-760_1-Brasilia-1702-851941-576193-0,-1.0,-15.794026,-47.881805,,,,1,2023-06-16T16:03:08+00:00
BRA_232165,Brasília,5300108,,Pioneira,205.1,https://moovitapp.com/index/pt-br/transporte_p%C3%BAblico-line-205_1-Brasilia-1702-851941-393571-0,-1.0,-15.99491,-48.053298,,,,2,2023-06-16T16:02:20+00:00
BRA_232521,Brasília,5300108,,Pioneira,2207,https://moovitapp.com/index/pt-br/transporte_p%C3%BAblico-line-2207-Brasilia-1702-851941-422078-0,-1.0,-15.839121,-47.930316,,,,1,2023-06-16T16:03:02+00:00
BRA_229954,Brasília,5300108,,,3201,,,-15.991842,-48.049369,,,,1,2023-06-16T16:02:32+00:00
BRA_228265,Brasília,5300108,,,3206,,,-16.033941,-48.062567,,,,1,2023-06-16T16:03:00+00:00
BRA_231487,Brasília,5300108,,Pioneira,0.030,https://moovitapp.com/index/pt-br/transporte_p%C3%BAblico-line-0_030-Brasilia-1702-851941-775118-0,-1.0,-15.870504,-47.926456,,,,1,2023-06-16T16:02:26+00:00
BRA_229385,Brasília,5300108,,Pioneira,100.8,https://moovitapp.com/index/pt-br/transporte_p%C3%BAblico-line-100_8-Brasilia-1702-851941-576191-0,-1.0,-15.782582,-47.777658,,,,2,2023-06-16T16:02:40+00:00
BRA_227269,Brasília,5300108,,Pioneira,170.4,https://moovitapp.com/index/pt-br/transporte_p%C3%BAblico-line-170_4-Brasilia-1702-851941-379787-0,-1.0,-15.913523,-47.75772,,,,1,2023-06-16T16:03:02+00:00
BRA_231444,Brasília,5300108,,Pioneira,183.8,https://moovitapp.com/index/pt-br/transporte_p%C3%BAblico-line-183_8-Brasilia-1702-851941-719958-0,-1.0,-15.917937,-47.771389,,,,1,2023-06-16T16:02:02+00:00
BRA_230111,Brasília,5300108,,Pioneira,0.255,https://moovitapp.com/index/pt-br/transporte_p%C3%BAblico-line-0_255-Brasilia-1702-851941-706978-0,-1.0,-15.838337,-48.048167,,,,1,2023-06-16T16:02:18+00:00
BRA_231541,Brasília,5300108,,Pioneira,0.030,https://moovitapp.com/index/pt-br/transporte_p%C3%BAblico-line-0_030-Brasilia-1702-851941-775118-0,-1.0,-15.735555,-47.891425,,,,1,2023-06-16T16:02:46+00:00
BRA_230120,Brasília,5300108,,Pioneira,3316,https://moovitapp.com/index/pt-br/transporte_p%C3%BAblico-line-3316-Brasilia-1702-851941-59965195-0,-1.0,-16.001952,-47.985826,,,,1,2023-06-16T16:01:56+00:00
BRA_232297,Brasília,5300108,,Pioneira,020.2,https://moovitapp.com/index/pt-br/transporte_p%C3%BAblico-line-020_2-Brasilia-1702-851941-708653-0,-1.0,-15.997777,-48.001367,,,,1,2023-06-16T16:02:38+00:00
BRA_228249,Brasília,5300108,,Pioneira,2207,https://moovitapp.com/index/pt-br/transporte_p%C3%BAblico-line-2207-Brasilia-1702-851941-422078-0,-1.0,-15.787379,-47.888068,,,,1,2023-06-16T16:02:42+00:00
BRA_231754,Brasília,5300108,,Pioneira,780.1,https://moovitapp.com/index/pt-br/transporte_p%C3%BAblico-line-780_1-Brasilia-1702-851941-531040-0,-1.0,-15.750321,-47.775617,,,,1,2023-06-16T16:02:48+00:00
BRA_231495,Brasília,5300108,,Pioneira,0.030,https://moovitapp.com/index/pt-br/transporte_p%C3%BAblico-line-0_030-Brasilia-1702-851941-775118-0,-1.0,-15.742451,-47.897942,,,,1,2023-06-16T16:02:24+00:00
BRA_228303,Brasília,5300108,,,3206,,,-16.037451,-48.056394,,,,1,2023-06-16T16:02:10+00:00
BRA_232432,Brasília,5300108,,Pioneira,3315,https://moovitapp.com/index/pt-br/transporte_p%C3%BAblico-line-3315-Brasilia-1702-851941-645997-0,-1.0,-16.020237,-47.987689,,,,1,2023-06-16T16:02:24+00:00
BRA_232025,Brasília,5300108,,Pioneira,197.3,https://moovitapp.com/index/pt-br/transporte_p%C3%BAblico-line-197_3-Brasilia-1702-851941-519409-0,-1.0,-15.7939,-47.881933,,,,1,2023-06-16T16:02:50+00:00
BRA_231339,Brasília,5300108,,Pioneira,3208,https://moovitapp.com/index/pt-br/transporte_p%C3%BAblico-line-3208-Brasilia-1702-851941-704027-0,-1.0,-16.025434,-48.054086,,,,1,2023-06-16T16:01:54+00:00
BRA_232220,Brasília,5300108,,Pioneira,205.1,https://moovitapp.com/index/pt-br/transporte_p%C3%BAblico-line-205_1-Brasilia-1702-851941-393571-0,-1.0,-15.795134,-48.110722,,,,1,2023-06-16T16:03:02+00:00
BRA_229563,Brasília,5300108,,Pioneira,197.3,https://moovitapp.com/index/pt-br/transporte_p%C3%BAblico-line-197_3-Brasilia-1702-851941-519409-0,-1.0,-15.799769,-47.867551,,,,2,2023-06-16T16:03:22+00:00
BRA_228133,Brasília,5300108,,Pioneira,761.1,https://moovitapp.com/index/pt-br/transporte_p%C3%BAblico-line-761_1-Brasilia-1702-851941-620161-0,-1.0,-15.791833,-47.779006,,,,1,2023-06-16T16:03:04+00:00
BRA_232254,Brasília,5300108,,Pioneira,124.6,https://moovitapp.com/index/pt-br/transporte_p%C3%BAblico-line-124_6-Brasilia-1702-851941-425282-0,-1.0,-15.816186,-47.948976,,,,1,2023-06-16T16:01:46+00:00
BRA_231410,Brasília,5300108,,Pioneira,183.7,https://moovitapp.com/index/pt-br/transporte_p%C3%BAblico-line-183_7-Brasilia-1702-851941-242922-0,-1.0,-15.860607,-47.828177,,,,1,2023-06-16T16:01:08+00:00
BRA_228877,Brasília,5300108,,Taguatur,3302,https://moovitapp.com/index/pt-br/transporte_p%C3%BAblico-line-3302-Brasilia-1702-854428-3135322-0,-1.0,-16.042372,-48.02821,,,,1,2023-06-16T16:02:40+00:00
BRA_231363,Brasília,5300108,,Pioneira,073.4,https://moovitapp.com/index/pt-br/transporte_p%C3%BAblico-line-073_4-Brasilia-1702-851941-77944646-0,-1.0,-15.886731,-47.959918,,,,1,2023-06-16T16:02:28+00:00
BRA_232556,Brasília,5300108,,Pioneira,2207,https://moovitapp.com/index/pt-br/transporte_p%C3%BAblico-line-2207-Brasilia-1702-851941-422078-0,-1.0,-15.755331,-47.893815,,,,1,2023-06-16T16:01:50+00:00
BRA_228397,Brasília,5300108,,Pioneira,0.253,https://moovitapp.com/index/pt-br/transporte_p%C3%BAblico-line-0_253-Brasilia-1702-851941-510254-0,-1.0,-15.9477,-48.036208,,,,1,2023-06-16T16:01:54+00:00
BRA_227781,Brasília,5300108,,,3202,,,-15.998893,-48.053209,,,,1,2023-06-16T16:02:46+00:00
BRA_229393,Brasília,5300108,,Pioneira,0.255,https://moovitapp.com/index/pt-br/transporte_p%C3%BAblico-line-0_255-Brasilia-1702-851941-706978-0,-1.0,-15.872528,-48.029837,,,,2,2023-06-16T16:03:10+00:00
BRA_226602,Brasília,5300108,,Pioneira,0.780,https://moovitapp.com/index/pt-br/transporte_p%C3%BAblico-line-0_780-Brasilia-1702-851941-514537-0,-1.0,-15.85872,-47.955359,,,,1,2023-06-16T09:58:38+00:00
BRA_229741,Brasília,5300108,,Pioneira,100.3,https://moovitapp.com/index/pt-br/transporte_p%C3%BAblico-line-100_3-Brasilia-1702-851941-419631-0,-1.0,-15.774872,-47.779489,,,,2,2023-06-16T16:02:50+00:00
BRA_231533,Brasília,5300108,,Pioneira,0.011,https://moovitapp.com/index/pt-br/transporte_p%C3%BAblico-line-0_011-Brasilia-1702-851941-775117-0,-1.0,-15.844998,-47.92097,,,,1,2023-06-16T16:02:52+00:00
BRA_231932,Brasília,5300108,,Pioneira,180.0,https://moovitapp.com/index/pt-br/transporte_p%C3%BAblico-line-180_0-Brasilia-1702-851941-77097780-0,-1.0,-15.863121,-47.820026,,,,2,2023-06-16T16:02:36+00:00
BRA_232475,Brasília,5300108,,Pioneira,3314,https://moovitapp.com/index/pt-br/transporte_p%C3%BAblico-line-3314-Brasilia-1702-851941-645996-0,-1.0,-16.045738,-48.034275,,,,1,2023-06-16T16:02:08+00:00
BRA_228141,Brasília,5300108,,Pioneira,180.3,https://moovitapp.com/index/pt-br/transporte_p%C3%BAblico-line-180_3-Brasilia-1702-851941-546212-0,-1.0,-15.873278,-47.822741,,,,1,2023-06-16T16:02:50+00:00
BRA_228834,Brasília,5300108,,Pioneira,0.255,https://moovitapp.com/index/pt-br/transporte_p%C3%BAblico-line-0_255-Brasilia-1702-851941-706978-0,-1.0,-16.003656,-47.987822,,,,2,2023-06-16T16:03:16+00:00
BRA_231843,Brasília,5300108,,Pioneira,197.3,https://moovitapp.com/index/pt-br/transporte_p%C3%BAblico-line-197_3-Brasilia-1702-851941-519409-0,-1.0,-15.895867,-47.791403,,,,1,2023-06-16T16:02:46+00:00
BRA_225720,Brasília,5300108,,Pioneira,764.2,https://moovitapp.com/index/pt-br/transporte_p%C3%BAblico-line-764_2-Brasilia-1702-851941-527246-0,-1.0,-15.750178,-47.775299,,,,1,2023-06-16T16:01:48+00:00
BRA_231631,Brasília,5300108,,Pioneira,0.762,https://moovitapp.com/index/pt-br/transporte_p%C3%BAblico-line-0_762-Brasilia-1702-851941-576189-0,-1.0,-15.736016,-47.765285,,,,1,2023-06-15T08:20:24+00:00
BRA_225711,Brasília,5300108,,Pioneira,764.2,https://moovitapp.com/index/pt-br/transporte_p%C3%BAblico-line-764_2-Brasilia-1702-851941-527246-0,-1.0,-15.7587,-47.77884,,,,1,2023-06-16T16:02:12+00:00
BRA_232050,Brasília,5300108,,Pioneira,180.2,https://moovitapp.com/index/pt-br/transporte_p%C3%BAblico-line-180_2-Brasilia-1702-851941-514539-0,-1.0,-15.794481,-47.881964,,,,2,2023-06-16T16:02:44+00:00
BRA_227609,Brasília,5300108,,Pioneira,2209,https://moovitapp.com/index/pt-br/transporte_p%C3%BAblico-line-2209-Brasilia-1702-851941-18556640-0,-1.0,-15.879439,-47.959841,,,,1,2023-06-16T16:02:46+00:00
BRA_226467,Brasília,5300108,,Pioneira,510.1,https://moovitapp.com/index/pt-br/transporte_p%C3%BAblico-line-510_1-Brasilia-1702-851941-770035-0,-1.0,-15.780694,-47.705757,,,,1,2023-06-16T16:02:18+00:00
BRA_229491,Brasília,5300108,,Pioneira,0.510,https://moovitapp.com/index/pt-br/transporte_p%C3%BAblico-line-0_510-Brasilia-1702-851941-16483906-0,-1.0,-15.753196,-47.753841,,,,1,2023-06-16T16:02:36+00:00
BRA_223794,Brasília,5300108,,Pioneira,2211,https://moovitapp.com/index/pt-br/transporte_p%C3%BAblico-line-2211-Brasilia-1702-851941-57764371-0,-1.0,-15.800041,-47.950445,,,,1,2023-06-16T16:02:52+00:00
BRA_226092,Brasília,5300108,,UTB,2302,https://moovitapp.com/index/pt-br/transporte_p%C3%BAblico-line-2302-Brasilia-1702-854427-744298-0,-1.0,-15.836425,-47.928033,,,,2,2023-06-16T16:03:02+00:00
BRA_232203,Brasília,5300108,,Pioneira,124.6,https://moovitapp.com/index/pt-br/transporte_p%C3%BAblico-line-124_6-Brasilia-1702-851941-425282-0,-1.0,-15.863142,-47.957082,,,,1,2023-06-16T16:02:20+00:00
BRA_229539,Brasília,5300108,,Pioneira,147.7,https://moovitapp.com/index/pt-br/transporte_p%C3%BAblico-line-147_7-Brasilia-1702-851941-574205-0,-1.0,-15.853494,-47.876408,,,,1,2023-06-16T16:02:18+00:00
BRA_226076,Brasília,5300108,,UTB,2302,https://moovitapp.com/index/pt-br/transporte_p%C3%BAblico-line-2302-Brasilia-1702-854427-744298-0,-1.0,-15.895753,-47.962168,,,,2,2023-06-16T16:02:44+00:00
BRA_228281,Brasília,5300108,,,3202,,,-16.037479,-48.056349,,,,1,2023-06-16T16:02:30+00:00
BRA_228389,Brasília,5300108,,Pioneira,0.255,https://moovitapp.com/index/pt-br/transporte_p%C3%BAblico-line-0_255-Brasilia-1702-851941-706978-0,-1.0,-16.040239,-48.034084,,,,1,2023-06-16T16:02:42+00:00
BRA_229482,Brasília,5300108,,Pioneira,0.181,https://moovitapp.com/index/pt-br/transporte_p%C3%BAblico-line-0_181-Brasilia-1702-851941-242838-0,-1.0,-15.87018,-47.822493,,,,2,2023-06-16T16:01:46+00:00
BRA_228915,Brasília,5300108,,Pioneira,251.8,https://moovitapp.com/index/pt-br/transporte_p%C3%BAblico-line-251_8-Brasilia-1702-851941-708654-0,-1.0,-16.016603,-48.053279,,,,1,2023-06-16T16:02:40+00:00
BRA_230049,Brasília,5300108,,Taguatur,3305,https://moovitapp.com/index/pt-br/transporte_p%C3%BAblico-line-3305-Brasilia-1702-854428-77810673-0,-1.0,-16.03267,-48.057284,,,,1,2023-06-16T16:01:52+00:00
BRA_226947,Brasília,5300108,,Pioneira,0.102,https://moovitapp.com/index/pt-br/transporte_p%C3%BAblico-line-0_102-Brasilia-1702-851941-775119-0,-1.0,-15.794128,-47.880496,,,,1,2023-06-16T16:03:28+00:00
BRA_232602,Brasília,5300108,,Pioneira,2207,https://moovitapp.com/index/pt-br/transporte_p%C3%BAblico-line-2207-Brasilia-1702-851941-422078-0,-1.0,-15.815927,-47.911191,,,,1,2023-06-16T16:02:48+00:00
BRA_226301,Brasília,5300108,,,2202,,,-15.880411,-47.959797,,,,1,2023-06-16T16:02:14+00:00
BRA_232441,Brasília,5300108,,Pioneira,271.3,https://moovitapp.com/index/pt-br/transporte_p%C3%BAblico-line-271_3-Brasilia-1702-851941-669626-0,-1.0,-16.013288,-47.985247,,,,1,2023-06-16T16:02:34+00:00
BRA_228192,Brasília,5300108,,Pioneira,0.225,https://moovitapp.com/index/pt-br/transporte_p%C3%BAblico-line-0_225-Brasilia-1702-851941-510253-0,-1.0,-15.998645,-48.058791,,,,2,2023-06-16T16:02:44+00:00
BRA_226424,Brasília,5300108,,Pioneira,0.765,https://moovitapp.com/index/pt-br/transporte_p%C3%BAblico-line-0_765-Brasilia-1702-851941-576190-0,-1.0,-15.794171,-47.881837,,,,2,2023-06-16T16:02:06+00:00
BRA_230057,Brasília,5300108,,Taguatur,3305,https://moovitapp.com/index/pt-br/transporte_p%C3%BAblico-line-3305-Brasilia-1702-854428-77810673-0,-1.0,-16.038624,-47.979449,,,,1,2023-06-16T16:02:56+00:00
BRA_230065,Brasília,5300108,,Pioneira,0.253,https://moovitapp.com/index/pt-br/transporte_p%C3%BAblico-line-0_253-Brasilia-1702-851941-510254-0,-1.0,-15.788617,-48.134824,,,,1,2023-06-16T16:02:50+00:00
BRA_229555,Brasília,5300108,,Pioneira,3213,https://moovitapp.com/index/pt-br/transporte_p%C3%BAblico-line-3213-Brasilia-1702-851941-74051275-0,-1.0,-16.013447,-48.02147,,,,1,2023-06-16T16:03:18+00:00
BRA_231991,Brasília,5300108,,Pioneira,197.3,https://moovitapp.com/index/pt-br/transporte_p%C3%BAblico-line-197_3-Brasilia-1702-851941-519409-0,-1.0,-15.85844,-47.832303,,,,1,2023-06-16T16:02:02+00:00
BRA_229849,Brasília,5300108,,Pioneira,0.147,https://moovitapp.com/index/pt-br/transporte_p%C3%BAblico-line-0_147-Brasilia-1702-851941-519401-0,-1.0,-15.833282,-47.911929,,,,1,2023-06-16T16:02:50+00:00
BRA_231916,Brasília,5300108,,Pioneira,180.1,https://moovitapp.com/index/pt-br/transporte_p%C3%BAblico-line-180_1-Brasilia-1702-851941-339336-0,-1.0,-15.901024,-47.778605,,,,1,2023-06-16T16:03:00+00:00
BRA_228575,Brasília,5300108,,Pioneira,0.255,https://moovitapp.com/index/pt-br/transporte_p%C3%BAblico-line-0_255-Brasilia-1702-851941-706978-0,-1.0,-15.805236,-48.066891,,,,2,2023-06-16T16:03:04+00:00
BRA_232084,Brasília,5300108,,Pioneira,181.2,https://moovitapp.com/index/pt-br/transporte_p%C3%BAblico-line-181_2-Brasilia-1702-851941-339338-0,-1.0,-15.844851,-47.850309,,,,1,2023-06-16T16:02:30+00:00
BRA_229652,Brasília,5300108,,Pioneira,100.4,https://moovitapp.com/index/pt-br/transporte_p%C3%BAblico-line-100_4-Brasilia-1702-851941-514538-0,-1.0,-15.758754,-47.936724,,,,1,2023-06-16T12:38:56+00:00
BRA_230031,Brasília,5300108,,,3204,,,-15.992494,-48.050195,,,,1,2023-06-16T16:02:52+00:00
BRA_226831,Brasília,5300108,,Pioneira,0.510,https://moovitapp.com/index/pt-br/transporte_p%C3%BAblico-line-0_510-Brasilia-1702-851941-16483906-0,-1.0,-15.76021,-47.780773,,,,1,2023-06-15T13:15:44+00:00
BRA_227480,Brasília,5300108,,,3201,,,-15.998349,-48.058562,,,,1,2023-06-15T21:20:48+00:00
BRA_227480,Brasília,5300108,,Pioneira,3210,https://moovitapp.com/index/pt-br/transporte_p%C3%BAblico-line-3210-Brasilia-1702-851941-14518504-0,-1.0,-15.989747,-48.048542,,,,1,2023-06-16T16:02:30+00:00
BRA_230103,Brasília,5300108,,Taguatur,3302,https://moovitapp.com/index/pt-br/transporte_p%C3%BAblico-line-3302-Brasilia-1702-854428-3135322-0,-1.0,-16.03952,-48.034097,,,,1,2023-06-16T16:02:30+00:00
BRA_228125,Brasília,5300108,,Taguatur,3305,https://moovitapp.com/index/pt-br/transporte_p%C3%BAblico-line-3305-Brasilia-1702-854428-77810673-0,-1.0,-16.049222,-47.967503,,,,1,2023-06-16T16:03:32+00:00
BRA_227099,Brasília,5300108,,Pioneira,183.2,https://moovitapp.com/index/pt-br/transporte_p%C3%BAblico-line-183_2-Brasilia-1702-851941-242920-0,-1.0,-15.900566,-47.760701,,,,1,2023-06-16T16:02:48+00:00
BRA_231983,Brasília,5300108,,Pioneira,197.3,https://moovitapp.com/index/pt-br/transporte_p%C3%BAblico-line-197_3-Brasilia-1702-851941-519409-0,-1.0,-15.913892,-47.761401,,,,2,2023-06-16T16:02:00+00:00
BRA_228583,Brasília,5300108,,Pioneira,255.2,https://moovitapp.com/index/pt-br/transporte_p%C3%BAblico-line-255_2-Brasilia-1702-851941-312453-0,-1.0,-15.963416,-48.022831,,,,1,2023-06-16T16:03:10+00:00
BRA_232394,Brasília,5300108,,,3301,,,-16.032778,-48.023912,,,,1,2023-06-16T16:03:52+00:00
BRA_229512,Brasília,5300108,,,3204,,,-16.024373,-48.058759,,,,1,2023-06-16T16:02:22+00:00
BRA_226084,Brasília,5300108,,UTB,2302,https://moovitapp.com/index/pt-br/transporte_p%C3%BAblico-line-2302-Brasilia-1702-854427-744298-0,-1.0,-15.80204,-47.887191,,,,2,2023-06-16T16:02:56+00:00
BRA_229083,Brasília,5300108,,Pioneira,181.1,https://moovitapp.com/index/pt-br/transporte_p%C3%BAblico-line-181_1-Brasilia-1702-851941-242915-0,-1.0,-15.749833,-47.762755,,,,2,2023-06-16T16:02:38+00:00
BRA_231649,Brasília,5300108,,Pioneira,759.1,https://moovitapp.com/index/pt-br/transporte_p%C3%BAblico-line-759_1-Brasilia-1702-851941-616183-0,-1.0,-15.745584,-47.896689,,,,2,2023-06-16T16:02:28+00:00
BRA_228028,Brasília,5300108,,Pioneira,0.195,https://moovitapp.com/index/pt-br/transporte_p%C3%BAblico-line-0_195-Brasilia-1702-851941-242845-0,-1.0,-15.823588,-47.898488,,,,1,2023-06-16T16:02:26+00:00
BRA_226009,Brasília,5300108,,,2202,,,-15.922001,-47.974833,,,,2,2023-06-16T16:02:08+00:00
BRA_232335,Brasília,5300108,,,3301,,,-16.010929,-47.989393,,,,1,2023-06-16T16:03:02+00:00
BRA_232190,Brasília,5300108,,Pioneira,205.1,https://moovitapp.com/index/pt-br/transporte_p%C3%BAblico-line-205_1-Brasilia-1702-851941-393571-0,-1.0,-15.994093,-48.052179,,,,2,2023-06-16T16:02:40+00:00
BRA_226882,Brasília,5300108,,,2202,,,-15.793804,-47.882568,,,,1,2023-06-16T16:03:02+00:00
BRA_228222,Brasília,5300108,,Taguatur,3305,https://moovitapp.com/index/pt-br/transporte_p%C3%BAblico-line-3305-Brasilia-1702-854428-77810673-0,-1.0,-16.049337,-47.982583,,,,1,2023-06-16T16:03:22+00:00
BRA_232459,Brasília,5300108,,Pioneira,3314,https://moovitapp.com/index/pt-br/transporte_p%C3%BAblico-line-3314-Brasilia-1702-851941-645996-0,-1.0,-16.016457,-47.98334,,,,1,2023-06-16T09:33:24+00:00
BRA_229938,Brasília,5300108,,,3206,,,-16.002569,-48.075417,,,,1,2023-06-16T16:02:12+00:00
BRA_231827,Brasília,5300108,,Pioneira,180.1,https://moovitapp.com/index/pt-br/transporte_p%C3%BAblico-line-180_1-Brasilia-1702-851941-339336-0,-1.0,-15.905701,-47.761693,,,,2,2023-06-16T16:02:30+00:00
BRA_231789,Brasília,5300108,,Pioneira,0.102,https://moovitapp.com/index/pt-br/transporte_p%C3%BAblico-line-0_102-Brasilia-1702-851941-775119-0,-1.0,-15.794965,-47.881939,,,,1,2023-06-16T16:01:40+00:00
BRA_227889,Brasília,5300108,,Pioneira,3213,https://moovitapp.com/index/pt-br/transporte_p%C3%BAblico-line-3213-Brasilia-1702-851941-74051275-0,-1.0,-16.018616,-48.02044,,,,1,2023-06-16T16:02:24+00:00
BRA_228702,Brasília,5300108,,Pioneira,0.253,https://moovitapp.com/index/pt-br/transporte_p%C3%BAblico-line-0_253-Brasilia-1702-851941-510254-0,-1.0,-15.816207,-48.1021,,,,2,2023-06-16T16:03:34+00:00
BRA_226939,Brasília,5300108,,Pioneira,780.1,https://moovitapp.com/index/pt-br/transporte_p%C3%BAblico-line-780_1-Brasilia-1702-851941-531040-0,-1.0,-15.764454,-47.780182,,,,2,2023-06-16T16:02:38+00:00
BRA_227498,Brasília,5300108,,Pioneira,183.2,https://moovitapp.com/index/pt-br/transporte_p%C3%BAblico-line-183_2-Brasilia-1702-851941-242920-0,-1.0,-15.881875,-47.822366,,,,1,2023-06-16T16:02:24+00:00
BRA_225681,Brasília,5300108,,Pioneira,764.2,https://moovitapp.com/index/pt-br/transporte_p%C3%BAblico-line-764_2-Brasilia-1702-851941-527246-0,-1.0,-15.763116,-47.780354,,,,2,2023-06-16T16:02:18+00:00
BRA_226637,Brasília,5300108,,Pioneira,0.784,https://moovitapp.com/index/pt-br/transporte_p%C3%BAblico-line-0_784-Brasilia-1702-851941-372405-0,-1.0,-15.772134,-47.779699,,,,1,2023-06-16T16:03:08+00:00
BRA_231606,Brasília,5300108,,Pioneira,759.1,https://moovitapp.com/index/pt-br/transporte_p%C3%BAblico-line-759_1-Brasilia-1702-851941-616183-0,-1.0,-15.735005,-47.898088,,,,1,2023-06-16T16:02:00+00:00
BRA_227447,Brasília,5300108,,Pioneira,2209,https://moovitapp.com/index/pt-br/transporte_p%C3%BAblico-line-2209-Brasilia-1702-851941-18556640-0,-1.0,-15.880677,-47.959822,,,,1,2023-06-16T16:02:32+00:00
BRA_227013,Brasília,5300108,,Pioneira,163.1,https://moovitapp.com/index/pt-br/transporte_p%C3%BAblico-line-163_1-Brasilia-1702-851941-242911-0,-1.0,-15.854712,-47.95026,,,,1,2023-06-16T16:03:28+00:00
BRA_227307,Brasília,5300108,,Pioneira,147.2,https://moovitapp.com/index/pt-br/transporte_p%C3%BAblico-line-147_2-Brasilia-1702-851941-519403-0,-1.0,-15.908394,-47.752939,,,,1,2023-06-16T16:02:30+00:00
BRA_227234,Brasília,5300108,,Pioneira,147.3,https://moovitapp.com/index/pt-br/transporte_p%C3%BAblico-line-147_3-Brasilia-1702-851941-574203-0,-1.0,-15.892855,-47.793133,,,,1,2023-06-16T16:03:00+00:00
BRA_229971,Brasília,5300108,,,3204,,,-16.017958,-48.051181,,,,1,2023-06-16T16:01:40+00:00
BRA_227587,Brasília,5300108,,Pioneira,0.195,https://moovitapp.com/index/pt-br/transporte_p%C3%BAblico-line-0_195-Brasilia-1702-851941-242845-0,-1.0,-15.902354,-47.770861,,,,2,2023-06-16T16:02:00+00:00
BRA_227391,Brasília,5300108,,Pioneira,183.2,https://moovitapp.com/index/pt-br/transporte_p%C3%BAblico-line-183_2-Brasilia-1702-851941-242920-0,-1.0,-15.899925,-47.760714,,,,1,2023-06-16T16:01:30+00:00
BRA_232491,Brasília,5300108,,Pioneira,251.6,https://moovitapp.com/index/pt-br/transporte_p%C3%BAblico-line-251_6-Brasilia-1702-851941-35763436-0,-1.0,-16.02389,-48.032012,,,,1,2023-06-16T16:02:46+00:00
BRA_228435,Brasília,5300108,,,3202,,,-16.01688,-48.04776,,,,1,2023-06-16T16:03:08+00:00
BRA_232068,Brasília,5300108,,Pioneira,180.2,https://moovitapp.com/index/pt-br/transporte_p%C3%BAblico-line-180_2-Brasilia-1702-851941-514539-0,-1.0,-15.794266,-47.882022,,,,1,2023-06-16T16:02:32+00:00
BRA_229920,Brasília,5300108,,,3207,,,-16.013822,-48.076466,,,,1,2023-06-16T16:02:54+00:00
BRA_225533,Brasília,5300108,,,2202,,,-15.954779,-48.008024,,,,1,2023-06-16T14:09:42+00:00
BRA_232009,Brasília,5300108,,Pioneira,197.3,https://moovitapp.com/index/pt-br/transporte_p%C3%BAblico-line-197_3-Brasilia-1702-851941-519409-0,-1.0,-15.913334,-47.759271,,,,1,2023-06-16T16:02:30+00:00
BRA_225959,Brasília,5300108,,UTB,2302,https://moovitapp.com/index/pt-br/transporte_p%C3%BAblico-line-2302-Brasilia-1702-854427-744298-0,-1.0,-15.83238,-47.920811,,,,1,2023-06-16T16:03:16+00:00
BRA_229211,Brasília,5300108,,Pioneira,0.253,https://moovitapp.com/index/pt-br/transporte_p%C3%BAblico-line-0_253-Brasilia-1702-851941-510254-0,-1.0,-15.83022,-48.07796,,,,1,2023-06-16T16:02:10+00:00
BRA_228869,Brasília,5300108,,Pioneira,251.7,https://moovitapp.com/index/pt-br/transporte_p%C3%BAblico-line-251_7-Brasilia-1702-851941-651524-0,-1.0,-16.006596,-48.075467,,,,1,2023-06-16T16:02:06+00:00
BRA_229989,Brasília,5300108,,,3207,,,-16.014868,-48.072053,,,,1,2023-06-16T16:02:30+00:00
BRA_228079,Brasília,5300108,,,3201,,,-16.025444,-48.064882,,,,1,2023-06-16T16:02:50+00:00
BRA_229610,Brasília,5300108,,,3204,,,-16.021928,-48.069319,,,,1,2023-06-16T16:02:20+00:00
BRA_232483,Brasília,5300108,,Taguatur,3303,https://moovitapp.com/index/pt-br/transporte_p%C3%BAblico-line-3303-Brasilia-1702-854428-2224148-0,-1.0,-16.037683,-48.027307,,,,1,2023-06-16T16:01:30+00:00
BRA_228443,Brasília,5300108,,Pioneira,784.3,https://moovitapp.com/index/pt-br/transporte_p%C3%BAblico-line-784_3-Brasilia-1702-851941-46904557-0,-1.0,-15.773172,-47.779686,,,,1,2023-06-16T16:02:16+00:00
BRA_228591,Brasília,5300108,,Pioneira,251.8,https://moovitapp.com/index/pt-br/transporte_p%C3%BAblico-line-251_8-Brasilia-1702-851941-708654-0,-1.0,-16.017761,-48.061499,,,,1,2023-06-16T16:02:54+00:00
BRA_231517,Brasília,5300108,,Pioneira,0.030,https://moovitapp.com/index/pt-br/transporte_p%C3%BAblico-line-0_030-Brasilia-1702-851941-775118-0,-1.0,-15.788884,-47.888538,,,,1,2023-06-16T16:02:38+00:00
BRA_231355,Brasília,5300108,,Pioneira,183.8,https://moovitapp.com/index/pt-br/transporte_p%C3%BAblico-line-183_8-Brasilia-1702-851941-719958-0,-1.0,-15.929227,-47.755838,,,,1,2023-06-16T16:02:56+00:00
BRA_227455,Brasília,5300108,,Pioneira,183.6,https://moovitapp.com/index/pt-br/transporte_p%C3%BAblico-line-183_6-Brasilia-1702-851941-242921-0,-1.0,-15.888133,-47.82002,,,,1,2023-06-16T16:01:52+00:00
BRA_229792,Brasília,5300108,,Pioneira,0.181,https://moovitapp.com/index/pt-br/transporte_p%C3%BAblico-line-0_181-Brasilia-1702-851941-242838-0,-1.0,-15.863579,-47.820395,,,,1,2023-06-16T16:02:00+00:00
BRA_228168,Brasília,5300108,,Pioneira,2207,https://moovitapp.com/index/pt-br/transporte_p%C3%BAblico-line-2207-Brasilia-1702-851941-422078-0,-1.0,-15.737681,-47.899302,,,,1,2023-06-16T16:02:32+00:00
BRA_228061,Brasília,5300108,,Pioneira,784.2,https://moovitapp.com/index/pt-br/transporte_p%C3%BAblico-line-784_2-Brasilia-1702-851941-8360792-0,-1.0,-15.76036,-47.781657,,,,1,2023-06-16T16:02:06+00:00
BRA_231746,Brasília,5300108,,Pioneira,102.1,https://moovitapp.com/index/pt-br/transporte_p%C3%BAblico-line-102_1-Brasilia-1702-851941-775125-0,-1.0,-15.831084,-47.908941,,,,1,2023-06-16T16:02:46+00:00
BRA_231941,Brasília,5300108,,Pioneira,180.0,https://moovitapp.com/index/pt-br/transporte_p%C3%BAblico-line-180_0-Brasilia-1702-851941-77097780-0,-1.0,-15.91352,-47.757821,,,,2,2023-06-16T16:02:20+00:00
BRA_228311,Brasília,5300108,,Pioneira,3210,https://moovitapp.com/index/pt-br/transporte_p%C3%BAblico-line-3210-Brasilia-1702-851941-14518504-0,-1.0,-16.012147,-48.066261,,,,1,2023-06-16T16:02:54+00:00
BRA_230073,Brasília,5300108,,Taguatur,3302,https://moovitapp.com/index/pt-br/transporte_p%C3%BAblico-line-3302-Brasilia-1702-854428-3135322-0,-1.0,-16.009085,-48.005951,,,,1,2023-06-16T16:02:20+00:00
BRA_232581,Brasília,5300108,,Pioneira,2207,https://moovitapp.com/index/pt-br/transporte_p%C3%BAblico-line-2207-Brasilia-1702-851941-422078-0,-1.0,-15.879842,-47.959517,,,,1,2023-06-16T16:02:10+00:00
BRA_226271,Brasília,5300108,,,2202,,,-15.875767,-47.958004,,,,2,2023-06-16T16:02:10+00:00
BRA_229946,Brasília,5300108,,Pioneira,073.1,https://moovitapp.com/index/pt-br/transporte_p%C3%BAblico-line-073_1-Brasilia-1702-851941-775123-0,-1.0,-15.84782,-47.947793,,,,1,2023-06-16T16:02:36+00:00
BRA_228907,Brasília,5300108,,Pioneira,0.255,https://moovitapp.com/index/pt-br/transporte_p%C3%BAblico-line-0_255-Brasilia-1702-851941-706978-0,-1.0,-15.833071,-48.057297,,,,2,2023-06-16T16:02:54+00:00
BRA_228991,Brasília,5300108,,Pioneira,251.7,https://moovitapp.com/index/pt-br/transporte_p%C3%BAblico-line-251_7-Brasilia-1702-851941-651524-0,-1.0,-16.04885,-48.033309,,,,1,2023-06-16T16:02:50+00:00
BRA_226653,Brasília,5300108,,Pioneira,759.1,https://moovitapp.com/index/pt-br/transporte_p%C3%BAblico-line-759_1-Brasilia-1702-851941-616183-0,-1.0,-15.781976,-47.786648,,,,1,2023-06-16T16:02:54+00:00
BRA_232301,Brasília,5300108,,Pioneira,073.1,https://moovitapp.com/index/pt-br/transporte_p%C3%BAblico-line-073_1-Brasilia-1702-851941-775123-0,-1.0,-15.883938,-47.959454,,,,1,2023-06-16T16:02:24+00:00
BRA_228109,Brasília,5300108,,,3206,,,-15.993482,-48.051371,,,,1,2023-06-16T16:03:20+00:00
BRA_226670,Brasília,5300108,,Pioneira,0.765,https://moovitapp.com/index/pt-br/transporte_p%C3%BAblico-line-0_765-Brasilia-1702-851941-576190-0,-1.0,-15.783575,-47.894928,,,,1,2023-06-16T16:03:08+00:00
BRA_226122,Brasília,5300108,,,2202,,,-15.8836,-47.960248,,,,2,2023-06-16T16:02:14+00:00
BRA_227561,Brasília,5300108,,Taguatur,3305,https://moovitapp.com/index/pt-br/transporte_p%C3%BAblico-line-3305-Brasilia-1702-854428-77810673-0,-1.0,-16.047878,-48.045414,,,,1,2023-06-16T16:02:36+00:00
BRA_229245,Brasília,5300108,,Pioneira,0.784,https://moovitapp.com/index/pt-br/transporte_p%C3%BAblico-line-0_784-Brasilia-1702-851941-372405-0,-1.0,-15.764621,-47.780309,,,,1,2023-06-16T16:02:48+00:00
BRA_226904,Brasília,5300108,,Pioneira,0.773,https://moovitapp.com/index/pt-br/transporte_p%C3%BAblico-line-0_773-Brasilia-1702-851941-242887-0,-1.0,-15.832877,-47.814457,,,,2,2023-06-16T16:02:10+00:00
BRA_232181,Brasília,5300108,,Pioneira,205.1,https://moovitapp.com/index/pt-br/transporte_p%C3%BAblico-line-205_1-Brasilia-1702-851941-393571-0,-1.0,-16.014642,-48.074787,,,,2,2023-06-16T16:02:22+00:00
BRA_226840,Brasília,5300108,,Pioneira,759.1,https://moovitapp.com/index/pt-br/transporte_p%C3%BAblico-line-759_1-Brasilia-1702-851941-616183-0,-1.0,-15.755444,-47.779057,,,,2,2023-06-16T16:02:58+00:00
BRA_231479,Brasília,5300108,,Pioneira,0.011,https://moovitapp.com/index/pt-br/transporte_p%C3%BAblico-line-0_011-Brasilia-1702-851941-775117-0,-1.0,-15.736279,-47.898037,,,,1,2023-06-16T15:59:28+00:00
BRA_226581,Brasília,5300108,,Pioneira,0.762,https://moovitapp.com/index/pt-br/transporte_p%C3%BAblico-line-0_762-Brasilia-1702-851941-576189-0,-1.0,-15.737902,-47.892684,,,,1,2023-06-16T16:02:50+00:00
BRA_232041,Brasília,5300108,,Pioneira,180.2,https://moovitapp.com/index/pt-br/transporte_p%C3%BAblico-line-180_2-Brasilia-1702-851941-514539-0,-1.0,-15.85653,-47.818043,,,,2,2023-06-16T16:02:38+00:00
BRA_229865,Brasília,5300108,,Pioneira,181.2,https://moovitapp.com/index/pt-br/transporte_p%C3%BAblico-line-181_2-Brasilia-1702-851941-339338-0,-1.0,-15.861023,-47.826861,,,,1,2023-06-16T16:02:34+00:00
BRA_229105,Brasília,5300108,,Pioneira,251.8,https://moovitapp.com/index/pt-br/transporte_p%C3%BAblico-line-251_8-Brasilia-1702-851941-708654-0,-1.0,-16.049314,-48.031217,,,,1,2023-06-16T16:02:58+00:00
BRA_227170,Brasília,5300108,,Pioneira,147.2,https://moovitapp.com/index/pt-br/transporte_p%C3%BAblico-line-147_2-Brasilia-1702-851941-519403-0,-1.0,-15.88501,-47.81658,,,,1,2023-06-16T16:02:24+00:00
BRA_230154,Brasília,5300108,,Pioneira,251.8,https://moovitapp.com/index/pt-br/transporte_p%C3%BAblico-line-251_8-Brasilia-1702-851941-708654-0,-1.0,-16.049098,-48.025635,,,,1,2023-06-16T16:02:34+00:00
BRA_231924,Brasília,5300108,,Pioneira,180.1,https://moovitapp.com/index/pt-br/transporte_p%C3%BAblico-line-180_1-Brasilia-1702-851941-339336-0,-1.0,-15.911214,-47.752277,,,,1,2023-06-16T16:02:18+00:00
BRA_226742,Brasília,5300108,,Pioneira,0.781,https://moovitapp.com/index/pt-br/transporte_p%C3%BAblico-line-0_781-Brasilia-1702-851941-242889-0,-1.0,-15.753717,-47.894038,,,,2,2023-06-16T16:02:38+00:00
BRA_229458,Brasília,5300108,,Pioneira,181.6,https://moovitapp.com/index/pt-br/transporte_p%C3%BAblico-line-181_6-Brasilia-1702-851941-408473-0,-1.0,-15.830925,-47.877889,,,,1,2023-06-16T16:02:32+00:00
BRA_227668,Brasília,5300108,,Pioneira,100.3,https://moovitapp.com/index/pt-br/transporte_p%C3%BAblico-line-100_3-Brasilia-1702-851941-419631-0,-1.0,-15.801657,-47.792268,,,,1,2023-06-16T16:02:40+00:00
BRA_228923,Brasília,5300108,,Pioneira,073.2,https://moovitapp.com/index/pt-br/transporte_p%C3%BAblico-line-073_2-Brasilia-1702-851941-775124-0,-1.0,-15.845116,-47.895278,,,,1,2023-06-16T16:02:38+00:00
BRA_232122,Brasília,5300108,,Pioneira,181.4,https://moovitapp.com/index/pt-br/transporte_p%C3%BAblico-line-181_4-Brasilia-1702-851941-775126-0,-1.0,-15.915051,-47.76032,,,,2,2023-06-16T16:02:16+00:00
BRA_228478,Brasília,5300108,,,3207,,,-15.997481,-48.05832,,,,1,2023-06-16T16:02:12+00:00
BRA_226173,Brasília,5300108,,UTB,2302,https://moovitapp.com/index/pt-br/transporte_p%C3%BAblico-line-2302-Brasilia-1702-854427-744298-0,-1.0,-15.990252,-47.986697,,,,1,2023-06-16T16:02:10+00:00
BRA_231614,Brasília,5300108,,Pioneira,0.762,https://moovitapp.com/index/pt-br/transporte_p%C3%BAblico-line-0_762-Brasilia-1702-851941-576189-0,-1.0,-15.831936,-47.813936,,,,1,2023-06-16T16:03:08+00:00
BRA_228974,Brasília,5300108,,Pioneira,020.2,https://moovitapp.com/index/pt-br/transporte_p%C3%BAblico-line-020_2-Brasilia-1702-851941-708653-0,-1.0,-15.999962,-47.997537,,,,1,2023-06-16T16:01:56+00:00
BRA_227617,Brasília,5300108,,,3201,,,-16.033191,-48.0582,,,,1,2023-06-16T16:02:30+00:00
BRA_231681,Brasília,5300108,,Pioneira,759.1,https://moovitapp.com/index/pt-br/transporte_p%C3%BAblico-line-759_1-Brasilia-1702-851941-616183-0,-1.0,-15.793118,-47.888163,,,,1,2023-06-16T15:59:30+00:00
BRA_231894,Brasília,5300108,,Pioneira,180.1,https://moovitapp.com/index/pt-br/transporte_p%C3%BAblico-line-180_1-Brasilia-1702-851941-339336-0,-1.0,-15.841807,-47.822493,,,,2,2023-06-16T16:02:10+00:00
BRA_232131,Brasília,5300108,,Urbi,206.2,https://moovitapp.com/index/pt-br/transporte_p%C3%BAblico-line-206_2-Brasilia-1702-851595-781328-0,-1.0,-16.037066,-48.056483,,,,1,2023-06-16T16:02:10+00:00
BRA_223603,Brasília,5300108,,Pioneira,2207,https://moovitapp.com/index/pt-br/transporte_p%C3%BAblico-line-2207-Brasilia-1702-851941-422078-0,-1.0,-15.750675,-47.895106,,,,1,2023-06-16T16:02:56+00:00
BRA_228672,Brasília,5300108,,Pioneira,3308,https://moovitapp.com/index/pt-br/transporte_p%C3%BAblico-line-3308-Brasilia-1702-851941-577772-0,-1.0,-16.042359,-47.977834,,,,1,2023-06-16T16:02:00+00:00
BRA_227315,Brasília,5300108,,Pioneira,0.225,https://moovitapp.com/index/pt-br/transporte_p%C3%BAblico-line-0_225-Brasilia-1702-851941-510253-0,-1.0,-15.78835,-48.132109,,,,2,2023-06-16T16:02:10+00:00
BRA_231851,Brasília,5300108,,Pioneira,180.1,https://moovitapp.com/index/pt-br/transporte_p%C3%BAblico-line-180_1-Brasilia-1702-851941-339336-0,-1.0,-15.794388,-47.882022,,,,1,2023-06-16T16:02:56+00:00
BRA_227757,Brasília,5300108,,Pioneira,0.784,https://moovitapp.com/index/pt-br/transporte_p%C3%BAblico-line-0_784-Brasilia-1702-851941-372405-0,-1.0,-15.760495,-47.781339,,,,1,2023-06-16T16:02:28+00:00
BRA_228826,Brasília,5300108,,Pioneira,147.2,https://moovitapp.com/index/pt-br/transporte_p%C3%BAblico-line-147_2-Brasilia-1702-851941-519403-0,-1.0,-15.814737,-47.909595,,,,1,2023-06-16T16:02:34+00:00
BRA_230197,Brasília,5300108,,Taguatur,3303,https://moovitapp.com/index/pt-br/transporte_p%C3%BAblico-line-3303-Brasilia-1702-854428-2224148-0,-1.0,-16.012623,-47.997435,,,,1,2023-06-16T16:02:22+00:00
BRA_227927,Brasília,5300108,,Pioneira,2207,https://moovitapp.com/index/pt-br/transporte_p%C3%BAblico-line-2207-Brasilia-1702-851941-422078-0,-1.0,-15.805702,-47.89859,,,,1,2023-06-16T16:02:50+00:00
BRA_232611,Brasília,5300108,,Pioneira,2207,https://moovitapp.com/index/pt-br/transporte_p%C3%BAblico-line-2207-Brasilia-1702-851941-422078-0,-1.0,-15.817658,-47.913283,,,,1,2023-06-16T16:02:30+00:00
BRA_232416,Brasília,5300108,,Pioneira,3307,https://moovitapp.com/index/pt-br/transporte_p%C3%BAblico-line-3307-Brasilia-1702-851941-519400-0,-1.0,-16.029974,-47.990245,,,,1,2023-06-16T16:03:30+00:00
BRA_231878,Brasília,5300108,,Pioneira,180.0,https://moovitapp.com/index/pt-br/transporte_p%C3%BAblico-line-180_0-Brasilia-1702-851941-77097780-0,-1.0,-15.88522,-47.815709,,,,1,2023-06-16T16:02:52+00:00
BRA_231576,Brasília,5300108,,Pioneira,100.2,https://moovitapp.com/index/pt-br/transporte_p%C3%BAblico-line-100_2-Brasilia-1702-851941-620160-0,-1.0,-15.794406,-47.881939,,,,1,2023-06-16T16:02:50+00:00
BRA_223808,Brasília,5300108,,Pioneira,2211,https://moovitapp.com/index/pt-br/transporte_p%C3%BAblico-line-2211-Brasilia-1702-851941-57764371-0,-1.0,-15.880162,-47.959702,,,,1,2023-06-16T16:02:36+00:00
BRA_228150,Brasília,5300108,,Pioneira,170.4,https://moovitapp.com/index/pt-br/transporte_p%C3%BAblico-line-170_4-Brasilia-1702-851941-379787-0,-1.0,-16.048567,-47.81384,,,,1,2023-06-16T16:02:36+00:00
BRA_232114,Brasília,5300108,,Pioneira,181.4,https://moovitapp.com/index/pt-br/transporte_p%C3%BAblico-line-181_4-Brasilia-1702-851941-775126-0,-1.0,-15.870635,-47.927982,,,,1,2023-06-16T16:02:28+00:00
BRA_229415,Brasília,5300108,,Pioneira,0.253,https://moovitapp.com/index/pt-br/transporte_p%C3%BAblico-line-0_253-Brasilia-1702-851941-510254-0,-1.0,-16.03554,-48.034084,,,,1,2023-06-16T16:02:14+00:00
BRA_229342,Brasília,5300108,,Pioneira,100.2,https://moovitapp.com/index/pt-br/transporte_p%C3%BAblico-line-100_2-Brasilia-1702-851941-620160-0,-1.0,-15.845264,-47.894559,,,,2,2023-06-16T16:02:08+00:00
BRA_229156,Brasília,5300108,,Pioneira,0.255,https://moovitapp.com/index/pt-br/transporte_p%C3%BAblico-line-0_255-Brasilia-1702-851941-706978-0,-1.0,-15.960455,-48.025717,,,,2,2023-06-16T16:02:14+00:00
BRA_227226,Brasília,5300108,,Pioneira,181.2,https://moovitapp.com/index/pt-br/transporte_p%C3%BAblico-line-181_2-Brasilia-1702-851941-339338-0,-1.0,-15.927043,-47.831369,,,,1,2023-06-14T16:06:06+00:00
BRA_229776,Brasília,5300108,,Pioneira,147.5,https://moovitapp.com/index/pt-br/transporte_p%C3%BAblico-line-147_5-Brasilia-1702-851941-519406-0,-1.0,-15.905666,-47.770493,,,,1,2023-06-16T15:59:34+00:00
BRA_226858,Brasília,5300108,,Pioneira,759.1,https://moovitapp.com/index/pt-br/transporte_p%C3%BAblico-line-759_1-Brasilia-1702-851941-616183-0,-1.0,-15.762699,-47.780455,,,,2,2023-06-16T16:03:42+00:00
BRA_231550,Brasília,5300108,,Pioneira,0.030,https://moovitapp.com/index/pt-br/transporte_p%C3%BAblico-line-0_030-Brasilia-1702-851941-775118-0,-1.0,-15.735874,-47.907046,,,,1,2023-06-16T16:02:30+00:00
BRA_231436,Brasília,5300108,,Pioneira,183.0,https://moovitapp.com/index/pt-br/transporte_p%C3%BAblico-line-183_0-Brasilia-1702-851941-26502248-0,-1.0,-15.919682,-47.7606,,,,1,2023-06-16T16:02:58+00:00
BRA_231622,Brasília,5300108,,Pioneira,0.102,https://moovitapp.com/index/pt-br/transporte_p%C3%BAblico-line-0_102-Brasilia-1702-851941-775119-0,-1.0,-15.845947,-47.8966,,,,1,2023-06-16T16:01:48+00:00
BRA_228575,Brasília,5300108,,Pioneira,0.255,https://moovitapp.com/index/pt-br/transporte_p%C3%BAblico-line-0_255-Brasilia-1702-851941-706978-0,-1.0,-16.015341,-48.015106,,,,1,2023-06-14T10:14:20+00:00
BRA_228095,Brasília,5300108,,Pioneira,0.147,https://moovitapp.com/index/pt-br/transporte_p%C3%BAblico-line-0_147-Brasilia-1702-851941-519401-0,-1.0,-15.902111,-47.774797,,,,2,2023-06-16T16:02:30+00:00
BRA_232211,Brasília,5300108,,Pioneira,205.1,https://moovitapp.com/index/pt-br/transporte_p%C3%BAblico-line-205_1-Brasilia-1702-851941-393571-0,-1.0,-15.804488,-48.067126,,,,2,2023-06-16T16:02:38+00:00
BRA_223930,Brasília,5300108,,Pioneira,2310,https://moovitapp.com/index/pt-br/transporte_p%C3%BAblico-line-2310-Brasilia-1702-851941-57764377-0,-1.0,-15.943225,-47.988935,,,,1,2023-06-16T10:14:08+00:00
BRA_223930,Brasília,5300108,,Pioneira,2207,https://moovitapp.com/index/pt-br/transporte_p%C3%BAblico-line-2207-Brasilia-1702-851941-422078-0,-1.0,-15.763694,-47.890859,,,,1,2023-06-14T12:55:10+00:00
BRA_229504,Brasília,5300108,,Pioneira,0.780,https://moovitapp.com/index/pt-br/transporte_p%C3%BAblico-line-0_780-Brasilia-1702-851941-514537-0,-1.0,-15.796309,-47.87855,,,,2,2023-06-14T19:24:22+00:00
BRA_229881,Brasília,5300108,,Pioneira,147.3,https://moovitapp.com/index/pt-br/transporte_p%C3%BAblico-line-147_3-Brasilia-1702-851941-574203-0,-1.0,-15.802821,-47.878003,,,,2,2023-06-16T16:02:56+00:00
BRA_226831,Brasília,5300108,,Urbi,0.129,https://moovitapp.com/index/pt-br/transporte_p%C3%BAblico-line-0_129-Brasilia-1702-851595-775097-0,-1.0,-15.871798,-47.958017,,,,1,2023-06-15T19:41:04+00:00
BRA_232033,Brasília,5300108,,Pioneira,180.2,https://moovitapp.com/index/pt-br/transporte_p%C3%BAblico-line-180_2-Brasilia-1702-851941-514539-0,-1.0,-15.864808,-47.820503,,,,1,2023-06-16T16:01:42+00:00
BRA_231371,Brasília,5300108,,Pioneira,3209,https://moovitapp.com/index/pt-br/transporte_p%C3%BAblico-line-3209-Brasilia-1702-851941-705116-0,-1.0,-16.016479,-48.053577,,,,1,2023-06-16T15:58:36+00:00
BRA_225754,Brasília,5300108,,Pioneira,764.2,https://moovitapp.com/index/pt-br/transporte_p%C3%BAblico-line-764_2-Brasilia-1702-851941-527246-0,-1.0,-15.795042,-47.881945,,,,2,2023-06-16T16:03:02+00:00
BRA_229296,Brasília,5300108,,Taguatur,3303,https://moovitapp.com/index/pt-br/transporte_p%C3%BAblico-line-3303-Brasilia-1702-854428-2224148-0,-1.0,-16.048679,-48.029564,,,,1,2023-06-16T16:02:22+00:00
BRA_228427,Brasília,5300108,,,3206,,,-16.027116,-48.073649,,,,1,2023-06-16T16:02:14+00:00
BRA_229636,Brasília,5300108,,Pioneira,100.8,https://moovitapp.com/index/pt-br/transporte_p%C3%BAblico-line-100_8-Brasilia-1702-851941-576191-0,-1.0,-15.748134,-47.768382,,,,1,2023-06-16T16:02:42+00:00
BRA_227811,Brasília,5300108,,Pioneira,147.6,https://moovitapp.com/index/pt-br/transporte_p%C3%BAblico-line-147_6-Brasilia-1702-851941-516646-0,-1.0,-15.80221,-47.877991,,,,2,2023-06-16T16:02:54+00:00
BRA_226254,Brasília,5300108,,,2202,,,-15.983904,-48.040385,,,,1,2023-06-16T16:02:10+00:00
BRA_229067,Brasília,5300108,,Pioneira,251.8,https://moovitapp.com/index/pt-br/transporte_p%C3%BAblico-line-251_8-Brasilia-1702-851941-708654-0,-1.0,-16.022376,-48.026188,,,,1,2023-06-16T16:03:08+00:00
BRA_228486,Brasília,5300108,,Pioneira,2211,https://moovitapp.com/index/pt-br/transporte_p%C3%BAblico-line-2211-Brasilia-1702-851941-57764371-0,-1.0,-15.799823,-47.946821,,,,1,2023-06-16T16:03:26+00:00
BRA_226033,Brasília,5300108,,UTB,2302,https://moovitapp.com/index/pt-br/transporte_p%C3%BAblico-line-2302-Brasilia-1702-854427-744298-0,-1.0,-15.939349,-47.986373,,,,2,2023-06-16T16:01:40+00:00
BRA_226530,Brasília,5300108,,Pioneira,0.765,https://moovitapp.com/index/pt-br/transporte_p%C3%BAblico-line-0_765-Brasilia-1702-851941-576190-0,-1.0,-15.803359,-47.794398,,,,1,2023-06-16T16:02:40+00:00
BRA_227684,Brasília,5300108,,,2202,,,-15.972246,-48.027752,,,,2,2023-06-16T16:02:18+00:00
BRA_231908,Brasília,5300108,,Pioneira,180.0,https://moovitapp.com/index/pt-br/transporte_p%C3%BAblico-line-180_0-Brasilia-1702-851941-77097780-0,-1.0,-15.903603,-47.768534,,,,2,2023-06-16T16:02:10+00:00
BRA_226157,Brasília,5300108,,UTB,2302,https://moovitapp.com/index/pt-br/transporte_p%C3%BAblico-line-2302-Brasilia-1702-854427-744298-0,-1.0,-15.880645,-47.959841,,,,1,2023-06-16T16:02:38+00:00
BRA_228460,Brasília,5300108,,Pioneira,147.2,https://moovitapp.com/index/pt-br/transporte_p%C3%BAblico-line-147_2-Brasilia-1702-851941-519403-0,-1.0,-15.887453,-47.809263,,,,2,2023-06-16T16:02:24+00:00
BRA_231720,Brasília,5300108,,Pioneira,100.2,https://moovitapp.com/index/pt-br/transporte_p%C3%BAblico-line-100_2-Brasilia-1702-851941-620160-0,-1.0,-15.759246,-47.781231,,,,2,2023-06-16T16:03:02+00:00
BRA_228087,Brasília,5300108,,UTB,2302,https://moovitapp.com/index/pt-br/transporte_p%C3%BAblico-line-2302-Brasilia-1702-854427-744298-0,-1.0,-15.930607,-47.980479,,,,1,2023-06-16T16:03:06+00:00
BRA_227048,Brasília,5300108,,Pioneira,2209,https://moovitapp.com/index/pt-br/transporte_p%C3%BAblico-line-2209-Brasilia-1702-851941-18556640-0,-1.0,-15.804756,-47.924193,,,,1,2023-06-16T16:02:40+00:00
BRA_230006,Brasília,5300108,,,3204,,,-16.007261,-48.053418,,,,1,2023-06-16T16:02:50+00:00
BRA_229431,Brasília,5300108,,Pioneira,0.253,https://moovitapp.com/index/pt-br/transporte_p%C3%BAblico-line-0_253-Brasilia-1702-851941-510254-0,-1.0,-15.877872,-48.061213,,,,2,2023-06-16T16:03:20+00:00
BRA_226106,Brasília,5300108,,UTB,2302,https://moovitapp.com/index/pt-br/transporte_p%C3%BAblico-line-2302-Brasilia-1702-854427-744298-0,-1.0,-15.985557,-47.987695,,,,2,2023-06-16T16:03:04+00:00
BRA_229041,Brasília,5300108,,Pioneira,2207,https://moovitapp.com/index/pt-br/transporte_p%C3%BAblico-line-2207-Brasilia-1702-851941-422078-0,-1.0,-15.806209,-47.898635,,,,1,2023-06-16T16:02:52+00:00
BRA_231673,Brasília,5300108,,Urbi,0.129,https://moovitapp.com/index/pt-br/transporte_p%C3%BAblico-line-0_129-Brasilia-1702-851595-775097-0,-1.0,-15.736419,-47.765203,,,,1,2023-06-16T13:48:56+00:00
BRA_226700,Brasília,5300108,,Pioneira,163.1,https://moovitapp.com/index/pt-br/transporte_p%C3%BAblico-line-163_1-Brasilia-1702-851941-242911-0,-1.0,-15.8448,-47.94106,,,,2,2023-06-16T00:12:20+00:00
BRA_229661,Brasília,5300108,,Pioneira,100.3,https://moovitapp.com/index/pt-br/transporte_p%C3%BAblico-line-100_3-Brasilia-1702-851941-419631-0,-1.0,-15.816563,-47.912158,,,,2,2023-06-16T16:02:44+00:00
BRA_232157,Brasília,5300108,,Pioneira,205.1,https://moovitapp.com/index/pt-br/transporte_p%C3%BAblico-line-205_1-Brasilia-1702-851941-393571-0,-1.0,-15.852407,-48.040544,,,,2,2023-06-16T16:02:02+00:00
BRA_229504,Brasília,5300108,,Pioneira,0.780,https://moovitapp.com/index/pt-br/transporte_p%C3%BAblico-line-0_780-Brasilia-1702-851941-514537-0,-1.0,-15.752327,-47.763899,,,,1,2023-06-15T20:32:26+00:00
BRA_227340,Brasília,5300108,,Pioneira,0.181,https://moovitapp.com/index/pt-br/transporte_p%C3%BAblico-line-0_181-Brasilia-1702-851941-242838-0,-1.0,-15.754107,-47.779807,,,,2,2023-06-16T16:02:18+00:00
BRA_232424,Brasília,5300108,,Taguatur,3306,https://moovitapp.com/index/pt-br/transporte_p%C3%BAblico-line-3306-Brasilia-1702-854428-755287-0,-1.0,-16.015777,-47.984688,,,,1,2023-06-16T16:02:50+00:00
BRA_225649,Brasília,5300108,,,2202,,,-15.822233,-47.909227,,,,2,2023-06-16T16:02:52+00:00
BRA_229580,Brasília,5300108,,,3203,,,-16.008469,-48.046908,,,,1,2023-06-16T16:02:40+00:00
BRA_226769,Brasília,5300108,,Pioneira,0.780,https://moovitapp.com/index/pt-br/transporte_p%C3%BAblico-line-0_780-Brasilia-1702-851941-514537-0,-1.0,-15.776124,-47.811164,,,,2,2023-06-16T16:02:54+00:00
BRA_228184,Brasília,5300108,,,3207,,,-16.004594,-48.059547,,,,1,2023-06-16T16:02:34+00:00
BRA_231380,Brasília,5300108,,Pioneira,3209,https://moovitapp.com/index/pt-br/transporte_p%C3%BAblico-line-3209-Brasilia-1702-851941-705116-0,-1.0,-16.006237,-48.057844,,,,1,2023-06-16T16:02:16+00:00
BRA_228117,Brasília,5300108,,,3207,,,-16.004298,-48.078653,,,,1,2023-06-16T16:02:48+00:00
BRA_232203,Brasília,5300108,,Pioneira,124.6,https://moovitapp.com/index/pt-br/transporte_p%C3%BAblico-line-124_6-Brasilia-1702-851941-425282-0,-1.0,-15.888581,-47.960248,,,,1,2023-06-16T13:16:30+00:00
BRA_229466,Brasília,5300108,,Pioneira,181.2,https://moovitapp.com/index/pt-br/transporte_p%C3%BAblico-line-181_2-Brasilia-1702-851941-339338-0,-1.0,-15.900977,-47.772762,,,,1,2023-06-16T16:01:52+00:00
BRA_227978,Brasília,5300108,,Pioneira,180.3,https://moovitapp.com/index/pt-br/transporte_p%C3%BAblico-line-180_3-Brasilia-1702-851941-546212-0,-1.0,-15.868878,-47.822105,,,,2,2023-06-16T16:02:14+00:00
BRA_225631,Brasília,5300108,,UTB,2302,https://moovitapp.com/index/pt-br/transporte_p%C3%BAblico-line-2302-Brasilia-1702-854427-744298-0,-1.0,-15.794136,-47.88253,,,,1,2023-06-16T16:03:12+00:00
BRA_227706,Brasília,5300108,,Pioneira,147.2,https://moovitapp.com/index/pt-br/transporte_p%C3%BAblico-line-147_2-Brasilia-1702-851941-519403-0,-1.0,-15.816986,-47.912323,,,,2,2023-06-16T16:02:52+00:00
BRA_228231,Brasília,5300108,,Pioneira,3212,https://moovitapp.com/index/pt-br/transporte_p%C3%BAblico-line-3212-Brasilia-1702-851941-52014256-0,-1.0,-15.995051,-48.053374,,,,1,2023-06-16T16:02:40+00:00
BRA_227251,Brasília,5300108,,Pioneira,147.5,https://moovitapp.com/index/pt-br/transporte_p%C3%BAblico-line-147_5-Brasilia-1702-851941-519406-0,-1.0,-15.747579,-47.895983,,,,1,2023-06-16T16:02:54+00:00
BRA_225592,Brasília,5300108,,UTB,2302,https://moovitapp.com/index/pt-br/transporte_p%C3%BAblico-line-2302-Brasilia-1702-854427-744298-0,-1.0,-15.800934,-47.884819,,,,1,2023-06-16T16:02:56+00:00
BRA_231975,Brasília,5300108,,Pioneira,190.3,https://moovitapp.com/index/pt-br/transporte_p%C3%BAblico-line-190_3-Brasilia-1702-851941-82190390-0,-1.0,-15.90875,-47.768375,,,,1,2023-06-16T16:02:02+00:00
BRA_232408,Brasília,5300108,,Pioneira,251.8,https://moovitapp.com/index/pt-br/transporte_p%C3%BAblico-line-251_8-Brasilia-1702-851941-708654-0,-1.0,-16.007038,-48.001806,,,,1,2023-06-16T16:02:38+00:00
BRA_232238,Brasília,5300108,,Pioneira,205.1,https://moovitapp.com/index/pt-br/transporte_p%C3%BAblico-line-205_1-Brasilia-1702-851941-393571-0,-1.0,-15.79507,-48.110906,,,,2,2023-06-16T16:01:24+00:00
BRA_229679,Brasília,5300108,,Pioneira,190.2,https://moovitapp.com/index/pt-br/transporte_p%C3%BAblico-line-190_2-Brasilia-1702-851941-138553357-0,-1.0,-15.940453,-47.599276,,,,1,2023-06-16T16:02:50+00:00
BRA_231819,Brasília,5300108,,Pioneira,180.0,https://moovitapp.com/index/pt-br/transporte_p%C3%BAblico-line-180_0-Brasilia-1702-851941-77097780-0,-1.0,-15.800443,-47.865332,,,,2,2023-06-16T16:02:34+00:00
BRA_232289,Brasília,5300108,,Pioneira,205.1,https://moovitapp.com/index/pt-br/transporte_p%C3%BAblico-line-205_1-Brasilia-1702-851941-393571-0,-1.0,-16.021833,-48.075169,,,,1,2023-06-16T16:02:36+00:00
BRA_229377,Brasília,5300108,,Pioneira,764.2,https://moovitapp.com/index/pt-br/transporte_p%C3%BAblico-line-764_2-Brasilia-1702-851941-527246-0,-1.0,-15.756184,-47.779037,,,,2,2023-06-16T16:03:08+00:00
BRA_226807,Brasília,5300108,,,2202,,,-15.978384,-48.034243,,,,1,2023-06-16T15:55:38+00:00
BRA_228931,Brasília,5300108,,Pioneira,0.255,https://moovitapp.com/index/pt-br/transporte_p%C3%BAblico-line-0_255-Brasilia-1702-851941-706978-0,-1.0,-15.965563,-48.021076,,,,1,2023-06-16T16:03:28+00:00
BRA_227731,Brasília,5300108,,Pioneira,180.1,https://moovitapp.com/index/pt-br/transporte_p%C3%BAblico-line-180_1-Brasilia-1702-851941-339336-0,-1.0,-15.861651,-47.819314,,,,1,2023-06-16T16:02:32+00:00
BRA_226785,Brasília,5300108,,Urbi,0.129,https://moovitapp.com/index/pt-br/transporte_p%C3%BAblico-line-0_129-Brasilia-1702-851595-775097-0,-1.0,-15.857808,-47.922941,,,,2,2023-06-15T10:14:04+00:00
BRA_229407,Brasília,5300108,,Pioneira,0.255,https://moovitapp.com/index/pt-br/transporte_p%C3%BAblico-line-0_255-Brasilia-1702-851941-706978-0,-1.0,-15.833944,-48.056992,,,,2,2023-06-16T16:03:42+00:00
BRA_232106,Brasília,5300108,,Pioneira,170.4,https://moovitapp.com/index/pt-br/transporte_p%C3%BAblico-line-170_4-Brasilia-1702-851941-379787-0,-1.0,-15.86994,-47.822442,,,,1,2023-06-16T16:01:46+00:00
BRA_232505,Brasília,5300108,,Pioneira,3315,https://moovitapp.com/index/pt-br/transporte_p%C3%BAblico-line-3315-Brasilia-1702-851941-645997-0,-1.0,-16.006711,-48.001011,,,,1,2023-06-16T16:02:44+00:00
BRA_228982,Brasília,5300108,,Taguatur,3303,https://moovitapp.com/index/pt-br/transporte_p%C3%BAblico-line-3303-Brasilia-1702-854428-2224148-0,-1.0,-16.012528,-48.008831,,,,1,2023-06-16T16:01:58+00:00
BRA_226912,Brasília,5300108,,Pioneira,759.1,https://moovitapp.com/index/pt-br/transporte_p%C3%BAblico-line-759_1-Brasilia-1702-851941-616183-0,-1.0,-15.757969,-47.778478,,,,1,2023-06-16T16:02:24+00:00
BRA_231797,Brasília,5300108,,Pioneira,0.102,https://moovitapp.com/index/pt-br/transporte_p%C3%BAblico-line-0_102-Brasilia-1702-851941-775119-0,-1.0,-15.872033,-47.923169,,,,1,2023-06-16T16:02:28+00:00
BRA_227242,Brasília,5300108,,Pioneira,181.2,https://moovitapp.com/index/pt-br/transporte_p%C3%BAblico-line-181_2-Brasilia-1702-851941-339338-0,-1.0,-15.845634,-47.895411,,,,1,2023-06-16T16:02:54+00:00
BRA_231592,Brasília,5300108,,Pioneira,780.1,https://moovitapp.com/index/pt-br/transporte_p%C3%BAblico-line-780_1-Brasilia-1702-851941-531040-0,-1.0,-15.757144,-47.747484,,,,1,2023-06-16T16:02:24+00:00
BRA_226891,Brasília,5300108,,Pioneira,0.763,https://moovitapp.com/index/pt-br/transporte_p%C3%BAblico-line-0_763-Brasilia-1702-851941-468878-0,-1.0,-15.759697,-47.780843,,,,2,2023-06-16T16:03:06+00:00
BRA_231690,Brasília,5300108,,Pioneira,780.1,https://moovitapp.com/index/pt-br/transporte_p%C3%BAblico-line-780_1-Brasilia-1702-851941-531040-0,-1.0,-15.794207,-47.882015,,,,1,2023-06-16T16:02:24+00:00
BRA_232386,Brasília,5300108,,,3301,,,-16.011005,-47.990779,,,,1,2023-06-16T16:01:42+00:00
BRA_231886,Brasília,5300108,,Pioneira,181.2,https://moovitapp.com/index/pt-br/transporte_p%C3%BAblico-line-181_2-Brasilia-1702-851941-339338-0,-1.0,-15.909595,-47.752589,,,,1,2023-06-16T16:02:08+00:00
BRA_227285,Brasília,5300108,,Pioneira,2209,https://moovitapp.com/index/pt-br/transporte_p%C3%BAblico-line-2209-Brasilia-1702-851941-18556640-0,-1.0,-15.868163,-47.957616,,,,1,2023-06-16T16:02:54+00:00
BRA_226815,Brasília,5300108,,Pioneira,0.126,https://moovitapp.com/index/pt-br/transporte_p%C3%BAblico-line-0_126-Brasilia-1702-851941-7879579-0,-1.0,-16.009693,-47.762513,,,,1,2023-06-16T16:02:20+00:00
BRA_232378,Brasília,5300108,,Taguatur,3302,https://moovitapp.com/index/pt-br/transporte_p%C3%BAblico-line-3302-Brasilia-1702-854428-3135322-0,-1.0,-16.021083,-48.024325,,,,1,2023-06-16T16:02:34+00:00
BRA_225789,Brasília,5300108,,Pioneira,764.2,https://moovitapp.com/index/pt-br/transporte_p%C3%BAblico-line-764_2-Brasilia-1702-851941-527246-0,-1.0,-15.790674,-47.778542,,,,1,2023-06-16T16:02:30+00:00
BRA_231711,Brasília,5300108,,Pioneira,0.102,https://moovitapp.com/index/pt-br/transporte_p%C3%BAblico-line-0_102-Brasilia-1702-851941-775119-0,-1.0,-15.794754,-47.880648,,,,1,2023-06-16T16:02:40+00:00
BRA_230146,Brasília,5300108,,Taguatur,3303,https://moovitapp.com/index/pt-br/transporte_p%C3%BAblico-line-3303-Brasilia-1702-854428-2224148-0,-1.0,-16.00569,-47.98683,,,,1,2023-06-16T16:02:32+00:00
BRA_226980,Brasília,5300108,,Urbi,0.129,https://moovitapp.com/index/pt-br/transporte_p%C3%BAblico-line-0_129-Brasilia-1702-851595-775097-0,-1.0,-15.760082,-47.781021,,,,2,2023-06-16T16:02:06+00:00
BRA_228419,Brasília,5300108,,Pioneira,147.5,https://moovitapp.com/index/pt-br/transporte_p%C3%BAblico-line-147_5-Brasilia-1702-851941-519406-0,-1.0,-15.85571,-47.817477,,,,1,2023-06-16T16:02:00+00:00
BRA_228761,Brasília,5300108,,Pioneira,251.7,https://moovitapp.com/index/pt-br/transporte_p%C3%BAblico-line-251_7-Brasilia-1702-851941-651524-0,-1.0,-16.036081,-48.06012,,,,1,2023-06-16T15:21:44+00:00
BRA_229521,Brasília,5300108,,Pioneira,2211,https://moovitapp.com/index/pt-br/transporte_p%C3%BAblico-line-2211-Brasilia-1702-851941-57764371-0,-1.0,-15.798513,-47.921319,,,,1,2023-06-16T16:03:20+00:00
BRA_229725,Brasília,5300108,,Pioneira,100.8,https://moovitapp.com/index/pt-br/transporte_p%C3%BAblico-line-100_8-Brasilia-1702-851941-576191-0,-1.0,-15.81525,-47.910314,,,,1,2023-06-16T16:03:02+00:00
BRA_229601,Brasília,5300108,,Pioneira,784.3,https://moovitapp.com/index/pt-br/transporte_p%C3%BAblico-line-784_3-Brasilia-1702-851941-46904557-0,-1.0,-15.74693,-47.782534,,,,1,2023-06-13T16:18:12+00:00
BRA_229644,Brasília,5300108,,Pioneira,0.762,https://moovitapp.com/index/pt-br/transporte_p%C3%BAblico-line-0_762-Brasilia-1702-851941-576189-0,-1.0,-15.745107,-47.768623,,,,2,2023-06-16T16:02:20+00:00
BRA_229474,Brasília,5300108,,Pioneira,194.1,https://moovitapp.com/index/pt-br/transporte_p%C3%BAblico-line-194_1-Brasilia-1702-851941-242923-0,-1.0,-15.886062,-47.812855,,,,1,2023-06-16T16:01:38+00:00
BRA_232360,Brasília,5300108,,Taguatur,3302,https://moovitapp.com/index/pt-br/transporte_p%C3%BAblico-line-3302-Brasilia-1702-854428-3135322-0,-1.0,-16.041599,-48.025546,,,,1,2023-06-16T16:03:28+00:00
BRA_228966,Brasília,5300108,,Pioneira,2207,https://moovitapp.com/index/pt-br/transporte_p%C3%BAblico-line-2207-Brasilia-1702-851941-422078-0,-1.0,-15.838928,-47.930525,,,,1,2023-06-16T16:02:36+00:00
BRA_229890,Brasília,5300108,,Pioneira,147.6,https://moovitapp.com/index/pt-br/transporte_p%C3%BAblico-line-147_6-Brasilia-1702-851941-516646-0,-1.0,-15.896452,-47.796661,,,,2,2023-06-16T16:02:18+00:00
BRA_228257,Brasília,5300108,,Urbi,206.2,https://moovitapp.com/index/pt-br/transporte_p%C3%BAblico-line-206_2-Brasilia-1702-851595-781328-0,-1.0,-16.020361,-48.066795,,,,2,2023-06-16T16:02:48+00:00
BRA_229113,Brasília,5300108,,Pioneira,0.255,https://moovitapp.com/index/pt-br/transporte_p%C3%BAblico-line-0_255-Brasilia-1702-851941-706978-0,-1.0,-15.935195,-48.043316,,,,1,2023-06-16T15:00:00+00:00
BRA_225738,Brasília,5300108,,Pioneira,0.761,https://moovitapp.com/index/pt-br/transporte_p%C3%BAblico-line-0_761-Brasilia-1702-851941-605389-0,-1.0,-15.757402,-47.774434,,,,2,2023-06-16T16:02:24+00:00
BRA_228371,Brasília,5300108,,,3301,,,-16.042241,-48.025902,,,,1,2023-06-16T16:02:08+00:00
BRA_232351,Brasília,5300108,,,3301,,,-16.041097,-48.017153,,,,1,2023-06-16T16:03:02+00:00
BRA_227803,Brasília,5300108,,Pioneira,147.4,https://moovitapp.com/index/pt-br/transporte_p%C3%BAblico-line-147_4-Brasilia-1702-851941-574204-0,-1.0,-15.732768,-47.89613,,,,1,2023-06-16T16:02:50+00:00
BRA_230090,Brasília,5300108,,Taguatur,3302,https://moovitapp.com/index/pt-br/transporte_p%C3%BAblico-line-3302-Brasilia-1702-854428-3135322-0,-1.0,-16.006809,-48.001125,,,,1,2023-06-16T16:03:04+00:00
BRA_226998,Brasília,5300108,,Pioneira,0.763,https://moovitapp.com/index/pt-br/transporte_p%C3%BAblico-line-0_763-Brasilia-1702-851941-468878-0,-1.0,-15.746951,-47.76512,,,,1,2023-06-16T16:02:22+00:00
BRA_229903,Brasília,5300108,,Pioneira,160.3,https://moovitapp.com/index/pt-br/transporte_p%C3%BAblico-line-160_3-Brasilia-1702-851941-242910-0,-1.0,-15.806425,-47.890617,,,,2,2023-06-16T16:02:48+00:00
BRA_229822,Brasília,5300108,,Pioneira,147.3,https://moovitapp.com/index/pt-br/transporte_p%C3%BAblico-line-147_3-Brasilia-1702-851941-574203-0,-1.0,-15.903829,-47.765603,,,,2,2023-06-16T16:02:26+00:00
BRA_229181,Brasília,5300108,,Pioneira,0.255,https://moovitapp.com/index/pt-br/transporte_p%C3%BAblico-line-0_255-Brasilia-1702-851941-706978-0,-1.0,-16.042238,-48.02821,,,,2,2023-06-16T16:02:04+00:00
BRA_231452,Brasília,5300108,,Pioneira,784.3,https://moovitapp.com/index/pt-br/transporte_p%C3%BAblico-line-784_3-Brasilia-1702-851941-46904557-0,-1.0,-15.731441,-47.788797,,,,1,2023-06-16T16:00:38+00:00
BRA_229695,Brasília,5300108,,Urbi,0.129,https://moovitapp.com/index/pt-br/transporte_p%C3%BAblico-line-0_129-Brasilia-1702-851595-775097-0,-1.0,-15.872734,-47.953617,,,,2,2023-06-16T16:02:36+00:00
BRA_229911,Brasília,5300108,,Pioneira,0.225,https://moovitapp.com/index/pt-br/transporte_p%C3%BAblico-line-0_225-Brasilia-1702-851941-510253-0,-1.0,-16.016692,-48.053158,,,,1,2023-06-16T16:02:30+00:00
BRA_226777,Brasília,5300108,,Pioneira,0.781,https://moovitapp.com/index/pt-br/transporte_p%C3%BAblico-line-0_781-Brasilia-1702-851941-242889-0,-1.0,-15.736314,-47.765184,,,,2,2023-06-16T16:02:22+00:00
BRA_229962,Brasília,5300108,,,3204,,,-16.013212,-48.067959,,,,1,2023-06-16T16:02:28+00:00
BRA_227951,Brasília,5300108,,Pioneira,147.5,https://moovitapp.com/index/pt-br/transporte_p%C3%BAblico-line-147_5-Brasilia-1702-851941-519406-0,-1.0,-15.787288,-47.888017,,,,1,2023-06-16T16:01:56+00:00
BRA_225746,Brasília,5300108,,Pioneira,764.2,https://moovitapp.com/index/pt-br/transporte_p%C3%BAblico-line-764_2-Brasilia-1702-851941-527246-0,-1.0,-15.778829,-47.781256,,,,1,2023-06-16T16:02:58+00:00
BRA_227579,Brasília,5300108,,Pioneira,147.2,https://moovitapp.com/index/pt-br/transporte_p%C3%BAblico-line-147_2-Brasilia-1702-851941-519403-0,-1.0,-15.799127,-47.892646,,,,2,2023-06-16T15:51:52+00:00
BRA_228176,Brasília,5300108,,Pioneira,205.1,https://moovitapp.com/index/pt-br/transporte_p%C3%BAblico-line-205_1-Brasilia-1702-851941-393571-0,-1.0,-15.795229,-48.110429,,,,1,2023-06-16T16:00:28+00:00
BRA_232017,Brasília,5300108,,Pioneira,197.3,https://moovitapp.com/index/pt-br/transporte_p%C3%BAblico-line-197_3-Brasilia-1702-851941-519409-0,-1.0,-15.900207,-47.779654,,,,1,2023-06-16T16:02:56+00:00
BRA_229857,Brasília,5300108,,Pioneira,147.5,https://moovitapp.com/index/pt-br/transporte_p%C3%BAblico-line-147_5-Brasilia-1702-851941-519406-0,-1.0,-15.774209,-47.888449,,,,2,2023-06-16T16:02:18+00:00
BRA_228958,Brasília,5300108,,Pioneira,147.5,https://moovitapp.com/index/pt-br/transporte_p%C3%BAblico-line-147_5-Brasilia-1702-851941-519406-0,-1.0,-15.903335,-47.768305,,,,1,2023-06-16T16:02:00+00:00
BRA_231771,Brasília,5300108,,Pioneira,0.765,https://moovitapp.com/index/pt-br/transporte_p%C3%BAblico-line-0_765-Brasilia-1702-851941-576190-0,-1.0,-15.752921,-47.780074,,,,2,2023-06-16T16:02:34+00:00
BRA_228788,Brasília,5300108,,Pioneira,764.2,https://moovitapp.com/index/pt-br/transporte_p%C3%BAblico-line-764_2-Brasilia-1702-851941-527246-0,-1.0,-15.833775,-47.815487,,,,2,2023-06-16T16:02:50+00:00
BRA_232653,Brasília,5300108,,Pioneira,2209,https://moovitapp.com/index/pt-br/transporte_p%C3%BAblico-line-2209-Brasilia-1702-851941-18556640-0,-1.0,-15.808978,-47.949122,,,,1,2023-06-16T16:02:08+00:00
BRA_227919,Brasília,5300108,,,3201,,,-16.031974,-48.058479,,,,1,2023-06-16T16:02:40+00:00
BRA_229628,Brasília,5300108,,Pioneira,760.1,https://moovitapp.com/index/pt-br/transporte_p%C3%BAblico-line-760_1-Brasilia-1702-851941-576193-0,-1.0,-15.721477,-47.8811,,,,2,2023-06-16T16:02:38+00:00
BRA_225576,Brasília,5300108,,UTB,2302,https://moovitapp.com/index/pt-br/transporte_p%C3%BAblico-line-2302-Brasilia-1702-854427-744298-0,-1.0,-16.002836,-47.986392,,,,2,2023-06-16T16:03:22+00:00
BRA_228214,Brasília,5300108,,Pioneira,205.1,https://moovitapp.com/index/pt-br/transporte_p%C3%BAblico-line-205_1-Brasilia-1702-851941-393571-0,-1.0,-15.842066,-48.045528,,,,1,2023-06-16T16:02:18+00:00
BRA_227200,Brasília,5300108,,,2203,,,-15.733301,-47.890121,,,,2,2023-06-16T16:02:44+00:00
BRA_226734,Brasília,5300108,,Pioneira,100.2,https://moovitapp.com/index/pt-br/transporte_p%C3%BAblico-line-100_2-Brasilia-1702-851941-620160-0,-1.0,-15.8054,-47.797151,,,,1,2023-06-16T16:01:42+00:00
BRA_227366,Brasília,5300108,,Pioneira,2209,https://moovitapp.com/index/pt-br/transporte_p%C3%BAblico-line-2209-Brasilia-1702-851941-18556640-0,-1.0,-15.782704,-47.915648,,,,1,2023-06-16T16:03:00+00:00
BRA_77721,Brasília,5300108,,Urbi,0.818,https://moovitapp.com/index/pt-br/transporte_p%C3%BAblico-line-0_818-Brasilia-1702-851595-242550-0,-1.0,-15.758371,-47.936127,,,,1,2023-06-16T16:02:06+00:00
BRA_77283,Brasília,5300108,,Urbi,0.818,https://moovitapp.com/index/pt-br/transporte_p%C3%BAblico-line-0_818-Brasilia-1702-851595-242550-0,-1.0,-15.875069,-47.982634,,,,2,2023-06-16T16:03:00+00:00
BRA_76988,Brasília,5300108,,Urbi,0.873,https://moovitapp.com/index/pt-br/transporte_p%C3%BAblico-line-0_873-Brasilia-1702-851595-510238-0,-1.0,-15.933191,-48.108604,,,,1,2023-06-16T15:46:02+00:00
BRA_710369,Brasília,5300108,,São José,0.310,https://moovitapp.com/index/pt-br/transporte_p%C3%BAblico-line-0_310-Brasilia-1702-851943-775131-0,-1.0,-15.788213,-48.133877,,,,1,2023-06-16T16:02:30+00:00
BRA_79936,Brasília,5300108,,São José,0.312,https://moovitapp.com/index/pt-br/transporte_p%C3%BAblico-line-0_312-Brasilia-1702-851943-706987-0,-1.0,-15.827301,-47.931733,,,,1,2023-06-15T21:45:40+00:00
BRA_78182,Brasília,5300108,,São José,0.331,https://moovitapp.com/index/pt-br/transporte_p%C3%BAblico-line-0_331-Brasilia-1702-851943-775133-0,-1.0,-15.801589,-48.123361,,,,2,2023-06-16T16:02:00+00:00
BRA_710393,Brasília,5300108,,São José,0.335,https://moovitapp.com/index/pt-br/transporte_p%C3%BAblico-line-0_335-Brasilia-1702-851943-775135-0,-1.0,-15.834888,-48.07321,,,,1,2023-06-16T16:02:28+00:00
BRA_710474,Brasília,5300108,,São José,0.335,https://moovitapp.com/index/pt-br/transporte_p%C3%BAblico-line-0_335-Brasilia-1702-851943-775135-0,-1.0,-15.81665,-48.010738,,,,1,2023-06-16T16:02:32+00:00
BRA_76651,Brasília,5300108,,São José,0.350,https://moovitapp.com/index/pt-br/transporte_p%C3%BAblico-line-0_350-Brasilia-1702-851943-376176-0,-1.0,-15.866319,-48.032679,,,,1,2023-06-16T16:02:38+00:00
BRA_79693,Brasília,5300108,,São José,0.353,https://moovitapp.com/index/pt-br/transporte_p%C3%BAblico-line-0_353-Brasilia-1702-851943-706998-0,-1.0,-15.816096,-48.152912,,,,1,2023-06-16T16:02:22+00:00
BRA_710571,Brasília,5300108,,São José,0.374,https://moovitapp.com/index/pt-br/transporte_p%C3%BAblico-line-0_374-Brasilia-1702-851943-775138-0,-1.0,-15.812093,-48.112635,,,,1,2023-06-16T16:02:04+00:00
BRA_78140,Brasília,5300108,,São José,0.343,https://moovitapp.com/index/pt-br/transporte_p%C3%BAblico-line-0_343-Brasilia-1702-851943-706996-0,-1.0,-15.791149,-48.045414,,,,2,2023-06-16T16:02:46+00:00
BRA_500089,Brasília,5300108,,São José,0.411,https://moovitapp.com/index/pt-br/transporte_p%C3%BAblico-line-0_411-Brasilia-1702-851943-788977-0,-1.0,-15.687302,-48.205479,,,,2,2023-06-15T17:26:34+00:00
BRA_711039,Brasília,5300108,,São José,0.413,https://moovitapp.com/index/pt-br/transporte_p%C3%BAblico-line-0_413-Brasilia-1702-851943-781649-0,-1.0,-15.683928,-48.193685,,,,1,2023-06-16T09:21:04+00:00
BRA_77909,Brasília,5300108,,Urbi,0.368,https://moovitapp.com/index/pt-br/transporte_p%C3%BAblico-line-0_368-Brasilia-1702-851595-706971-0,-1.0,-15.834864,-48.056686,,,,1,2023-06-16T16:02:12+00:00
BRA_76589,Brasília,5300108,,São José,0.906,https://moovitapp.com/index/pt-br/transporte_p%C3%BAblico-line-0_906-Brasilia-1702-851943-3944979-0,-1.0,-15.794058,-47.882994,,,,1,2023-06-16T16:02:44+00:00
BRA_710342,Brasília,5300108,,São José,0.920,https://moovitapp.com/index/pt-br/transporte_p%C3%BAblico-line-0_920-Brasilia-1702-851943-707019-0,-1.0,-15.810911,-47.977192,,,,1,2023-06-16T13:22:46+00:00
BRA_78921,Brasília,5300108,,São José,0.929,https://moovitapp.com/index/pt-br/transporte_p%C3%BAblico-line-0_929-Brasilia-1702-851943-5294667-0,-1.0,-15.819268,-48.128409,,,,1,2023-06-16T16:02:36+00:00
BRA_78221,Brasília,5300108,,São José,0.929,https://moovitapp.com/index/pt-br/transporte_p%C3%BAblico-line-0_929-Brasilia-1702-851943-5294667-0,-1.0,-15.836163,-48.0892,,,,1,2023-06-16T16:02:58+00:00
BRA_78999,Brasília,5300108,,São José,0.929,https://moovitapp.com/index/pt-br/transporte_p%C3%BAblico-line-0_929-Brasilia-1702-851943-5294667-0,-1.0,-15.805643,-48.135924,,,,1,2023-06-16T16:01:42+00:00
BRA_79138,Brasília,5300108,,São José,0.949,https://moovitapp.com/index/pt-br/transporte_p%C3%BAblico-line-0_949-Brasilia-1702-851943-707026-0,-1.0,-15.86527,-48.007884,,,,1,2023-06-16T16:02:04+00:00
BRA_78042,Brasília,5300108,,São José,0.949,https://moovitapp.com/index/pt-br/transporte_p%C3%BAblico-line-0_949-Brasilia-1702-851943-707026-0,-1.0,-15.81899,-48.062167,,,,1,2023-06-16T16:02:28+00:00
BRA_79049,Brasília,5300108,,São José,0.926,https://moovitapp.com/index/pt-br/transporte_p%C3%BAblico-line-0_926-Brasilia-1702-851943-775154-0,-1.0,-15.823515,-48.114581,,,,1,2023-06-15T11:23:02+00:00
BRA_79529,Brasília,5300108,,São José,364.1,https://moovitapp.com/index/pt-br/transporte_p%C3%BAblico-line-364_1-Brasilia-1702-851943-789941-0,-1.0,-15.830084,-48.146046,,,,1,2023-06-16T16:02:32+00:00
BRA_78590,Brasília,5300108,,São José,949.1,https://moovitapp.com/index/pt-br/transporte_p%C3%BAblico-line-949_1-Brasilia-1702-851943-707069-0,-1.0,-15.804526,-48.072988,,,,1,2023-06-16T15:53:22+00:00
BRA_78093,Brasília,5300108,,São José,333.1,https://moovitapp.com/index/pt-br/transporte_p%C3%BAblico-line-333_1-Brasilia-1702-851943-707041-0,-1.0,-15.805446,-48.074972,,,,1,2023-06-16T13:50:26+00:00
BRA_76406,Brasília,5300108,,São José,333.2,https://moovitapp.com/index/pt-br/transporte_p%C3%BAblico-line-333_2-Brasilia-1702-851943-527251-0,-1.0,-15.821668,-48.113169,,,,1,2023-06-16T16:02:06+00:00
BRA_76708,Brasília,5300108,,São José,333.6,https://moovitapp.com/index/pt-br/transporte_p%C3%BAblico-line-333_6-Brasilia-1702-851943-2068452-0,-1.0,-15.834359,-48.008691,,,,1,2023-06-16T10:46:04+00:00
BRA_711217,Brasília,5300108,,São José,0.159,https://moovitapp.com/index/pt-br/transporte_p%C3%BAblico-line-0_159-Brasilia-1702-851943-375523-0,-1.0,-15.83189,-48.049973,,,,1,2023-06-16T16:01:44+00:00
BRA_711209,Brasília,5300108,,São José,0.159,https://moovitapp.com/index/pt-br/transporte_p%C3%BAblico-line-0_159-Brasilia-1702-851943-375523-0,-1.0,-15.783405,-47.998192,,,,2,2023-06-16T16:02:24+00:00
BRA_711179,Brasília,5300108,,São José,0.159,https://moovitapp.com/index/pt-br/transporte_p%C3%BAblico-line-0_159-Brasilia-1702-851943-375523-0,-1.0,-15.784326,-47.997327,,,,2,2023-06-16T16:02:00+00:00
BRA_711225,Brasília,5300108,,São José,0.159,https://moovitapp.com/index/pt-br/transporte_p%C3%BAblico-line-0_159-Brasilia-1702-851943-375523-0,-1.0,-15.811524,-48.064729,,,,1,2023-06-16T16:02:54+00:00
BRA_77607,Brasília,5300108,,Urbi,0.393,https://moovitapp.com/index/pt-br/transporte_p%C3%BAblico-line-0_393-Brasilia-1702-851595-588805-0,-1.0,-15.896355,-48.125281,,,,1,2023-06-16T15:59:06+00:00
BRA_77682,Brasília,5300108,,Urbi,398.1,https://moovitapp.com/index/pt-br/transporte_p%C3%BAblico-line-398_1-Brasilia-1702-851595-510241-0,-1.0,-15.817862,-48.08227,,,,1,2023-06-16T15:53:54+00:00
BRA_79448,Brasília,5300108,,Urbi,398.1,https://moovitapp.com/index/pt-br/transporte_p%C3%BAblico-line-398_1-Brasilia-1702-851595-510241-0,-1.0,-15.89839,-48.121797,,,,1,2023-06-16T16:02:04+00:00
BRA_77623,Brasília,5300108,,Urbi,398.3,https://moovitapp.com/index/pt-br/transporte_p%C3%BAblico-line-398_3-Brasilia-1702-851595-706973-0,-1.0,-15.803177,-48.139008,,,,2,2023-06-16T16:02:50+00:00
BRA_710873,Brasília,5300108,,São José,0.404,https://moovitapp.com/index/pt-br/transporte_p%C3%BAblico-line-0_404-Brasilia-1702-851943-783025-0,-1.0,-15.716915,-48.197353,,,,1,2023-06-16T16:02:20+00:00
BRA_500135,Brasília,5300108,,São José,0.401,https://moovitapp.com/index/pt-br/transporte_p%C3%BAblico-line-0_401-Brasilia-1702-851943-788976-0,-1.0,-15.781913,-48.049051,,,,2,2023-06-16T16:02:14+00:00
BRA_500054,Brasília,5300108,,São José,0.421,https://moovitapp.com/index/pt-br/transporte_p%C3%BAblico-line-0_421-Brasilia-1702-851943-476299-0,-1.0,-15.780199,-47.922902,,,,2,2023-06-16T16:02:14+00:00
BRA_75841,Brasília,5300108,,São José,0.956,https://moovitapp.com/index/pt-br/transporte_p%C3%BAblico-line-0_956-Brasilia-1702-851943-347190-0,-1.0,-15.804974,-48.074501,,,,1,2023-06-16T16:02:32+00:00
BRA_76724,Brasília,5300108,,São José,364.3,https://moovitapp.com/index/pt-br/transporte_p%C3%BAblico-line-364_3-Brasilia-1702-851943-707051-0,-1.0,-15.827977,-48.145423,,,,1,2023-06-16T16:02:58+00:00
BRA_500321,Brasília,5300108,,São José,0.420,https://moovitapp.com/index/pt-br/transporte_p%C3%BAblico-line-0_420-Brasilia-1702-851943-783026-0,-1.0,-15.81124,-47.996984,,,,1,2023-06-16T16:01:08+00:00
BRA_711306,Brasília,5300108,,São José,158.6,https://moovitapp.com/index/pt-br/transporte_p%C3%BAblico-line-158_6-Brasilia-1702-851943-427161-0,-1.0,-15.783472,-47.997969,,,,1,2023-06-16T16:02:04+00:00
BRA_500143,Brasília,5300108,,São José,411.2,https://moovitapp.com/index/pt-br/transporte_p%C3%BAblico-line-411_2-Brasilia-1702-851943-481334-0,-1.0,-15.821199,-47.954628,,,,2,2023-06-16T12:27:54+00:00
BRA_77330,Brasília,5300108,,Urbi,0.038,https://moovitapp.com/index/pt-br/transporte_p%C3%BAblico-line-0_038-Brasilia-1702-851595-687419-0,-1.0,-15.862552,-47.958379,,,,1,2023-06-16T12:23:04+00:00
BRA_77321,Brasília,5300108,,Urbi,086.1,https://moovitapp.com/index/pt-br/transporte_p%C3%BAblico-line-086_1-Brasilia-1702-851595-481321-0,-1.0,-15.868979,-47.970243,,,,2,2023-06-16T16:02:44+00:00
BRA_77691,Brasília,5300108,,Urbi,086.1,https://moovitapp.com/index/pt-br/transporte_p%C3%BAblico-line-086_1-Brasilia-1702-851595-481321-0,-1.0,-15.886124,-48.016645,,,,1,2023-06-16T15:51:02+00:00
BRA_77666,Brasília,5300108,,Urbi,0.053,https://moovitapp.com/index/pt-br/transporte_p%C3%BAblico-line-0_053-Brasilia-1702-851595-588803-0,-1.0,-15.808589,-48.069249,,,,1,2023-06-16T16:02:34+00:00
BRA_711250,Brasília,5300108,,São José,0.092,https://moovitapp.com/index/pt-br/transporte_p%C3%BAblico-line-0_092-Brasilia-1702-851943-496589-0,-1.0,-15.820699,-47.986881,,,,2,2023-06-16T15:59:44+00:00
BRA_711292,Brasília,5300108,,São José,0.092,https://moovitapp.com/index/pt-br/transporte_p%C3%BAblico-line-0_092-Brasilia-1702-851943-496589-0,-1.0,-15.844909,-47.980695,,,,2,2023-06-16T16:02:40+00:00
BRA_710962,Brasília,5300108,,São José,406.1,https://moovitapp.com/index/pt-br/transporte_p%C3%BAblico-line-406_1-Brasilia-1702-851943-707061-0,-1.0,-15.682052,-48.198803,,,,1,2023-06-16T16:02:04+00:00
BRA_77852,Brasília,5300108,,São José,963.1,https://moovitapp.com/index/pt-br/transporte_p%C3%BAblico-line-963_1-Brasilia-1702-851943-669629-0,-1.0,-15.80777,-48.121174,,,,2,2023-06-16T16:02:30+00:00
BRA_79774,Brasília,5300108,,São José,414.1,https://moovitapp.com/index/pt-br/transporte_p%C3%BAblico-line-414_1-Brasilia-1702-851943-773711-0,-1.0,-15.638723,-48.173899,,,,2,2023-06-16T15:59:46+00:00
BRA_76465,Brasília,5300108,,São José,928.3,https://moovitapp.com/index/pt-br/transporte_p%C3%BAblico-line-928_3-Brasilia-1702-851943-707068-0,-1.0,-15.821195,-48.127894,,,,1,2023-06-16T16:02:18+00:00
BRA_78549,Brasília,5300108,,São José,926.1,https://moovitapp.com/index/pt-br/transporte_p%C3%BAblico-line-926_1-Brasilia-1702-851943-775178-0,-1.0,-15.817672,-48.104783,,,,1,2023-06-16T16:02:30+00:00
BRA_79901,Brasília,5300108,,São José,929.1,https://moovitapp.com/index/pt-br/transporte_p%C3%BAblico-line-929_1-Brasilia-1702-851943-5294764-0,-1.0,-15.786605,-48.13972,,,,1,2023-06-16T16:01:50+00:00
BRA_79171,Brasília,5300108,,São José,965.1,https://moovitapp.com/index/pt-br/transporte_p%C3%BAblico-line-965_1-Brasilia-1702-851943-62598142-0,-1.0,-15.77452,-48.046539,,,,1,2023-06-16T15:54:58+00:00
BRA_119954,Brasília,5300108,,Piracicabana,0.128,https://moovitapp.com/index/pt-br/transporte_p%C3%BAblico-line-0_128-Brasilia-1702-850942-382511-0,-1.0,-15.80656,-47.89925,,,,1,2023-06-13T22:09:14+00:00
BRA_117757,Brasília,5300108,,Piracicabana,0.143,https://moovitapp.com/index/pt-br/transporte_p%C3%BAblico-line-0_143-Brasilia-1702-850942-470747-0,-1.0,-15.83692,-47.93344,,,,1,2023-06-15T18:26:38+00:00
BRA_120529,Brasília,5300108,,Piracicabana,0.622,https://moovitapp.com/index/pt-br/transporte_p%C3%BAblico-line-0_622-Brasilia-1702-850942-242419-0,-1.0,-15.61264,-47.64064,,,,1,2023-06-16T03:20:09+00:00
BRA_119351,Brasília,5300108,,Piracicabana,501.3,https://moovitapp.com/index/pt-br/transporte_p%C3%BAblico-line-501_3-Brasilia-1702-850942-242472-0,-1.0,-15.78713,-47.88828,,,,,2023-06-16T10:25:35+00:00
BRA_120235,Brasília,5300108,,Piracicabana,600.7,https://moovitapp.com/index/pt-br/transporte_p%C3%BAblico-line-600_7-Brasilia-1702-850942-698442-0,-1.0,-15.80244,-47.88623,,,,,2023-06-16T11:58:18+00:00
BRA_118397,Brasília,5300108,,Piracicabana,0.114,https://moovitapp.com/index/pt-br/transporte_p%C3%BAblico-line-0_114-Brasilia-1702-850942-242379-0,-1.0,-15.79356,-47.88073,,,,,2023-06-16T12:09:11+00:00
BRA_118320,Brasília,5300108,,Piracicabana,158.1,https://moovitapp.com/index/pt-br/transporte_p%C3%BAblico-line-158_1-Brasilia-1702-850942-775094-0,-1.0,-15.79425,-47.88739,,,,,2023-06-16T12:44:20+00:00
BRA_118559,Brasília,5300108,,Piracicabana,062.7,https://moovitapp.com/index/pt-br/transporte_p%C3%BAblico-line-062_7-Brasilia-1702-850942-494154-0,-1.0,-15.62222,-47.84771,,,,,2023-06-16T14:26:56+00:00
BRA_117871,Brasília,5300108,,Piracicabana,062.6,https://moovitapp.com/index/pt-br/transporte_p%C3%BAblico-line-062_6-Brasilia-1702-850942-339289-0,-1.0,-15.6643,-47.88847,,,,,2023-06-16T14:31:54+00:00
BRA_116751,Brasília,5300108,,Piracicabana,0.169,https://moovitapp.com/index/pt-br/transporte_p%C3%BAblico-line-0_169-Brasilia-1702-850942-242393-0,-1.0,-15.78529,-47.91394,,,,1,2023-06-16T14:36:27+00:00
BRA_117722,Brasília,5300108,,Piracicabana,0.513,https://moovitapp.com/index/pt-br/transporte_p%C3%BAblico-line-0_513-Brasilia-1702-850942-242399-0,-1.0,-15.79103,-47.8892,,,,,2023-06-16T14:53:47+00:00
BRA_117463,Brasília,5300108,,Piracicabana,0.116,https://moovitapp.com/index/pt-br/transporte_p%C3%BAblico-line-0_116-Brasilia-1702-850942-242381-0,-1.0,-15.76439,-47.87653,,,,,2023-06-16T15:06:41+00:00
BRA_115304,Brasília,5300108,,Piracicabana,102.6,https://moovitapp.com/index/pt-br/transporte_p%C3%BAblico-line-102_6-Brasilia-1702-850942-775091-0,-1.0,-15.83642,-47.93302,,,,1,2023-06-16T15:22:01+00:00
BRA_120260,Brasília,5300108,,Piracicabana,116.2,https://moovitapp.com/index/pt-br/transporte_p%C3%BAblico-line-116_2-Brasilia-1702-850942-60842780-0,-1.0,-15.78685,-47.89861,,,,,2023-06-16T15:23:47+00:00
BRA_119920,Brasília,5300108,,Piracicabana,162.1,https://moovitapp.com/index/pt-br/transporte_p%C3%BAblico-line-162_1-Brasilia-1702-850942-762425-0,-1.0,-15.81702,-47.9371,,,,,2023-06-16T15:27:00+00:00
BRA_117919,Brasília,5300108,,Piracicabana,099.1,https://moovitapp.com/index/pt-br/transporte_p%C3%BAblico-line-099_1-Brasilia-1702-850942-775090-0,-1.0,-15.856,-48.03032,,,,,2023-06-16T15:31:43+00:00
BRA_119202,Brasília,5300108,,Piracicabana,531.1,https://moovitapp.com/index/pt-br/transporte_p%C3%BAblico-line-531_1-Brasilia-1702-850942-476289-0,-1.0,-15.58988,-47.878,,,,,2023-06-16T15:35:12+00:00
BRA_119504,Brasília,5300108,,Piracicabana,505.3,https://moovitapp.com/index/pt-br/transporte_p%C3%BAblico-line-505_3-Brasilia-1702-850942-352626-0,-1.0,-15.6499,-47.79178,,,,1,2023-06-16T15:35:33+00:00
BRA_120430,Brasília,5300108,,Piracicabana,0.116,https://moovitapp.com/index/pt-br/transporte_p%C3%BAblico-line-0_116-Brasilia-1702-850942-242381-0,-1.0,-15.7932,-47.88198,,,,1,2023-06-16T15:36:56+00:00
BRA_117510,Brasília,5300108,,Piracicabana,501.3,https://moovitapp.com/index/pt-br/transporte_p%C3%BAblico-line-501_3-Brasilia-1702-850942-242472-0,-1.0,-15.68857,-47.85809,,,,,2023-06-16T15:38:23+00:00
BRA_119644,Brasília,5300108,,Piracicabana,512.1,https://moovitapp.com/index/pt-br/transporte_p%C3%BAblico-line-512_1-Brasilia-1702-850942-474401-0,-1.0,-15.64603,-47.80305,,,,,2023-06-16T15:42:34+00:00
BRA_119652,Brasília,5300108,,Piracicabana,519.2,https://moovitapp.com/index/pt-br/transporte_p%C3%BAblico-line-519_2-Brasilia-1702-850942-242483-0,-1.0,-15.83578,-47.93201,,,,1,2023-06-16T15:45:21+00:00
BRA_119580,Brasília,5300108,,Piracicabana,0.533,https://moovitapp.com/index/pt-br/transporte_p%C3%BAblico-line-0_533-Brasilia-1702-850942-242409-0,-1.0,-15.65076,-47.804,,,,,2023-06-16T15:45:46+00:00
BRA_119687,Brasília,5300108,,Piracicabana,501.3,https://moovitapp.com/index/pt-br/transporte_p%C3%BAblico-line-501_3-Brasilia-1702-850942-242472-0,-1.0,-15.64522,-47.7921,,,,,2023-06-16T15:45:46+00:00
BRA_118460,Brasília,5300108,,Piracicabana,115.1,https://moovitapp.com/index/pt-br/transporte_p%C3%BAblico-line-115_1-Brasilia-1702-850942-242436-0,-1.0,-15.75692,-47.89331,,,,,2023-06-16T15:48:26+00:00
BRA_118711,Brasília,5300108,,Piracicabana,0.152,https://moovitapp.com/index/pt-br/transporte_p%C3%BAblico-line-0_152-Brasilia-1702-850942-504333-0,-1.0,-15.80001,-47.94576,,,,,2023-06-16T15:49:18+00:00
BRA_116882,Brasília,5300108,,Piracicabana,0.024,https://moovitapp.com/index/pt-br/transporte_p%C3%BAblico-line-0_024-Brasilia-1702-850942-781320-0,-1.0,-15.77416,-47.90788,,,,1,2023-06-16T15:49:54+00:00
BRA_119377,Brasília,5300108,,Piracicabana,0.501,https://moovitapp.com/index/pt-br/transporte_p%C3%BAblico-line-0_501-Brasilia-1702-850942-663228-0,-1.0,-15.65417,-47.80471,,,,,2023-06-16T15:51:05+00:00
BRA_117544,Brasília,5300108,,Piracicabana,062.7,https://moovitapp.com/index/pt-br/transporte_p%C3%BAblico-line-062_7-Brasilia-1702-850942-494154-0,-1.0,-15.64914,-47.78601,,,,,2023-06-16T15:51:54+00:00
BRA_119628,Brasília,5300108,,Piracicabana,519.2,https://moovitapp.com/index/pt-br/transporte_p%C3%BAblico-line-519_2-Brasilia-1702-850942-242483-0,-1.0,-15.71261,-47.89791,,,,,2023-06-16T15:53:22+00:00
BRA_119237,Brasília,5300108,,Piracicabana,515.4,https://moovitapp.com/index/pt-br/transporte_p%C3%BAblico-line-515_4-Brasilia-1702-850942-65518229-0,-1.0,-15.62026,-47.94848,,,,1,2023-06-16T15:54:19+00:00
BRA_119849,Brasília,5300108,,Piracicabana,531.2,https://moovitapp.com/index/pt-br/transporte_p%C3%BAblico-line-531_2-Brasilia-1702-850942-48723591-0,-1.0,-15.61402,-47.63985,,,,1,2023-06-16T15:54:34+00:00
BRA_120588,Brasília,5300108,,Piracicabana,136.6,https://moovitapp.com/index/pt-br/transporte_p%C3%BAblico-line-136_6-Brasilia-1702-850942-773700-0,-1.0,-15.70553,-47.88042,,,,1,2023-06-16T15:55:12+00:00
BRA_115339,Brasília,5300108,,Piracicabana,0.109,https://moovitapp.com/index/pt-br/transporte_p%C3%BAblico-line-0_109-Brasilia-1702-850942-139332631-0,-1.0,-15.7868,-47.89877,,,,,2023-06-16T15:55:57+00:00
BRA_120189,Brasília,5300108,,Piracicabana,620.1,https://moovitapp.com/index/pt-br/transporte_p%C3%BAblico-line-620_1-Brasilia-1702-850942-697955-0,-1.0,-15.79391,-47.88182,,,,1,2023-06-16T15:56:09+00:00
BRA_120138,Brasília,5300108,,Piracicabana,158.1,https://moovitapp.com/index/pt-br/transporte_p%C3%BAblico-line-158_1-Brasilia-1702-850942-775094-0,-1.0,-15.77538,-48.00036,,,,,2023-06-16T15:56:32+00:00
BRA_119211,Brasília,5300108,,Piracicabana,0.501,https://moovitapp.com/index/pt-br/transporte_p%C3%BAblico-line-0_501-Brasilia-1702-850942-663228-0,-1.0,-15.65005,-47.78626,,,,1,2023-06-16T15:57:26+00:00
BRA_118125,Brasília,5300108,,Piracicabana,143.2,https://moovitapp.com/index/pt-br/transporte_p%C3%BAblico-line-143_2-Brasilia-1702-850942-556806-0,-1.0,-15.7784,-47.90993,,,,,2023-06-16T15:58:00+00:00
BRA_120111,Brasília,5300108,,Piracicabana,0.114,https://moovitapp.com/index/pt-br/transporte_p%C3%BAblico-line-0_114-Brasilia-1702-850942-242379-0,-1.0,-15.79381,-47.88297,,,,1,2023-06-16T15:58:18+00:00
BRA_116459,Brasília,5300108,,Piracicabana,0.151,https://moovitapp.com/index/pt-br/transporte_p%C3%BAblico-line-0_151-Brasilia-1702-850942-775087-0,-1.0,-15.81197,-47.90523,,,,,2023-06-16T15:58:57+00:00
BRA_119288,Brasília,5300108,,Piracicabana,0.509,https://moovitapp.com/index/pt-br/transporte_p%C3%BAblico-line-0_509-Brasilia-1702-850942-242397-0,-1.0,-15.75901,-47.88432,,,,1,2023-06-16T15:59:00+00:00
BRA_119083,Brasília,5300108,,Piracicabana,0.515,https://moovitapp.com/index/pt-br/transporte_p%C3%BAblico-line-0_515-Brasilia-1702-850942-26501707-0,-1.0,-15.58222,-48.01748,,,,1,2023-06-16T15:59:10+00:00
BRA_121037,Brasília,5300108,,Piracicabana,153.2,https://moovitapp.com/index/pt-br/transporte_p%C3%BAblico-line-153_2-Brasilia-1702-850942-775093-0,-1.0,-15.7986,-47.88377,,,,,2023-06-16T15:59:12+00:00
BRA_120952,Brasília,5300108,,Piracicabana,0.509,https://moovitapp.com/index/pt-br/transporte_p%C3%BAblico-line-0_509-Brasilia-1702-850942-242397-0,-1.0,-15.70361,-47.88775,,,,,2023-06-16T16:00:31+00:00
BRA_117811,Brasília,5300108,,Piracicabana,0.515,https://moovitapp.com/index/pt-br/transporte_p%C3%BAblico-line-0_515-Brasilia-1702-850942-26501707-0,-1.0,-15.5821,-48.01736,,,,1,2023-06-16T16:00:31+00:00
BRA_119181,Brasília,5300108,,Piracicabana,0.521,https://moovitapp.com/index/pt-br/transporte_p%C3%BAblico-line-0_521-Brasilia-1702-850942-476285-0,-1.0,-15.71836,-47.89787,,,,,2023-06-16T16:00:33+00:00
BRA_120162,Brasília,5300108,,Piracicabana,0.116,https://moovitapp.com/index/pt-br/transporte_p%C3%BAblico-line-0_116-Brasilia-1702-850942-242381-0,-1.0,-15.79338,-47.88202,,,,1,2023-06-16T16:00:48+00:00
BRA_119563,Brasília,5300108,,Piracicabana,505.3,https://moovitapp.com/index/pt-br/transporte_p%C3%BAblico-line-505_3-Brasilia-1702-850942-352626-0,-1.0,-15.65698,-47.79948,,,,,2023-06-16T16:01:26+00:00
BRA_121118,Brasília,5300108,,Piracicabana,0.104,https://moovitapp.com/index/pt-br/transporte_p%C3%BAblico-line-0_104-Brasilia-1702-850942-242376-0,-1.0,-15.79456,-47.8538,,,,,2023-06-16T16:01:30+00:00
BRA_116378,Brasília,5300108,,Piracicabana,066.3,https://moovitapp.com/index/pt-br/transporte_p%C3%BAblico-line-066_3-Brasilia-1702-850942-513542-0,-1.0,-15.6184,-47.65384,,,,,2023-06-16T16:01:35+00:00
BRA_118931,Brasília,5300108,,Piracicabana,0.114,https://moovitapp.com/index/pt-br/transporte_p%C3%BAblico-line-0_114-Brasilia-1702-850942-242379-0,-1.0,-15.79394,-47.88301,,,,1,2023-06-16T16:01:37+00:00
BRA_120928,Brasília,5300108,,Piracicabana,143.1,https://moovitapp.com/index/pt-br/transporte_p%C3%BAblico-line-143_1-Brasilia-1702-850942-470751-0,-1.0,-15.76177,-47.96334,,,,,2023-06-16T16:01:38+00:00
BRA_116602,Brasília,5300108,,Piracicabana,0.168,https://moovitapp.com/index/pt-br/transporte_p%C3%BAblico-line-0_168-Brasilia-1702-850942-242392-0,-1.0,-15.79515,-47.93395,,,,,2023-06-16T16:01:39+00:00
BRA_119091,Brasília,5300108,,Piracicabana,063.2,https://moovitapp.com/index/pt-br/transporte_p%C3%BAblico-line-063_2-Brasilia-1702-850942-137934615-0,-1.0,-15.64644,-47.82418,,,,1,2023-06-16T16:01:41+00:00
BRA_121011,Brasília,5300108,,Piracicabana,620.1,https://moovitapp.com/index/pt-br/transporte_p%C3%BAblico-line-620_1-Brasilia-1702-850942-697955-0,-1.0,-15.68728,-47.85982,,,,,2023-06-16T16:01:44+00:00
BRA_116947,Brasília,5300108,,Piracicabana,0.024,https://moovitapp.com/index/pt-br/transporte_p%C3%BAblico-line-0_024-Brasilia-1702-850942-781320-0,-1.0,-15.79518,-47.91568,,,,,2023-06-16T16:02:02+00:00
BRA_121070,Brasília,5300108,,Piracicabana,128.4,https://moovitapp.com/index/pt-br/transporte_p%C3%BAblico-line-128_4-Brasilia-1702-850942-401624-0,-1.0,-15.69771,-47.89915,,,,,2023-06-16T16:02:03+00:00
BRA_116921,Brasília,5300108,,Piracicabana,0.022,https://moovitapp.com/index/pt-br/transporte_p%C3%BAblico-line-0_022-Brasilia-1702-850942-788975-0,-1.0,-15.75542,-47.8938,,,,,2023-06-16T16:02:06+00:00
BRA_120197,Brasília,5300108,,Piracicabana,616.8,https://moovitapp.com/index/pt-br/transporte_p%C3%BAblico-line-616_8-Brasilia-1702-850942-128977718-0,-1.0,-15.63346,-47.64436,,,,,2023-06-16T16:02:07+00:00
BRA_120961,Brasília,5300108,,Piracicabana,640.2,https://moovitapp.com/index/pt-br/transporte_p%C3%BAblico-line-640_2-Brasilia-1702-850942-697957-0,-1.0,-15.74509,-47.89684,,,,1,2023-06-16T16:02:07+00:00
BRA_120901,Brasília,5300108,,Piracicabana,156.5,https://moovitapp.com/index/pt-br/transporte_p%C3%BAblico-line-156_5-Brasilia-1702-850942-242464-0,-1.0,-15.76345,-47.89134,,,,1,2023-06-16T16:02:08+00:00
BRA_120740,Brasília,5300108,,Piracicabana,616.8,https://moovitapp.com/index/pt-br/transporte_p%C3%BAblico-line-616_8-Brasilia-1702-850942-128977718-0,-1.0,-15.82003,-47.90379,,,,,2023-06-16T16:02:08+00:00
BRA_120561,Brasília,5300108,,Piracicabana,067.3,https://moovitapp.com/index/pt-br/transporte_p%C3%BAblico-line-067_3-Brasilia-1702-850942-339294-0,-1.0,-15.67181,-47.6462,,,,,2023-06-16T16:02:08+00:00
BRA_116564,Brasília,5300108,,Piracicabana,0.035,https://moovitapp.com/index/pt-br/transporte_p%C3%BAblico-line-0_035-Brasilia-1702-850942-775084-0,-1.0,-15.78937,-47.92959,,,,,2023-06-16T16:02:08+00:00
BRA_116866,Brasília,5300108,,Piracicabana,0.023,https://moovitapp.com/index/pt-br/transporte_p%C3%BAblico-line-0_023-Brasilia-1702-850942-775082-0,-1.0,-15.79773,-47.88491,,,,1,2023-06-16T16:02:09+00:00
BRA_119296,Brasília,5300108,,Piracicabana,501.3,https://moovitapp.com/index/pt-br/transporte_p%C3%BAblico-line-501_3-Brasilia-1702-850942-242472-0,-1.0,-15.68402,-47.85392,,,,,2023-06-16T16:02:09+00:00
BRA_119661,Brasília,5300108,,Piracicabana,0.517,https://moovitapp.com/index/pt-br/transporte_p%C3%BAblico-line-0_517-Brasilia-1702-850942-242400-0,-1.0,-15.79858,-47.89223,,,,1,2023-06-16T16:02:10+00:00
BRA_120154,Brasília,5300108,,Piracicabana,0.622,https://moovitapp.com/index/pt-br/transporte_p%C3%BAblico-line-0_622-Brasilia-1702-850942-242419-0,-1.0,-15.65955,-47.79469,,,,,2023-06-16T16:02:10+00:00
BRA_120987,Brasília,5300108,,Piracicabana,0.143,https://moovitapp.com/index/pt-br/transporte_p%C3%BAblico-line-0_143-Brasilia-1702-850942-470747-0,-1.0,-15.76258,-47.92328,,,,,2023-06-16T16:02:10+00:00
BRA_118346,Brasília,5300108,,Piracicabana,153.2,https://moovitapp.com/index/pt-br/transporte_p%C3%BAblico-line-153_2-Brasilia-1702-850942-775093-0,-1.0,-15.79368,-47.88304,,,,,2023-06-16T16:02:11+00:00
BRA_118290,Brasília,5300108,,Piracicabana,0.110,https://moovitapp.com/index/pt-br/transporte_p%C3%BAblico-line-0_110-Brasilia-1702-850942-339284-0,-1.0,-15.77487,-47.86649,,,,,2023-06-16T16:02:11+00:00
BRA_117064,Brasília,5300108,,Piracicabana,625.1,https://moovitapp.com/index/pt-br/transporte_p%C3%BAblico-line-625_1-Brasilia-1702-850942-10057489-0,-1.0,-15.60261,-47.67259,,,,,2023-06-16T16:02:11+00:00
BRA_116807,Brasília,5300108,,Piracicabana,0.035,https://moovitapp.com/index/pt-br/transporte_p%C3%BAblico-line-0_035-Brasilia-1702-850942-775084-0,-1.0,-15.80877,-47.94566,,,,,2023-06-16T16:02:11+00:00
BRA_118613,Brasília,5300108,,Piracicabana,504.4,https://moovitapp.com/index/pt-br/transporte_p%C3%BAblico-line-504_4-Brasilia-1702-850942-771759-0,-1.0,-15.61376,-47.64569,,,,,2023-06-16T16:02:11+00:00
BRA_119547,Brasília,5300108,,Piracicabana,501.3,https://moovitapp.com/index/pt-br/transporte_p%C3%BAblico-line-501_3-Brasilia-1702-850942-242472-0,-1.0,-15.79364,-47.88343,,,,,2023-06-16T16:02:12+00:00
BRA_120821,Brasília,5300108,,Piracicabana,0.136,https://moovitapp.com/index/pt-br/transporte_p%C3%BAblico-line-0_136-Brasilia-1702-850942-719957-0,-1.0,-15.72631,-47.87351,,,,,2023-06-16T16:02:12+00:00
BRA_119997,Brasília,5300108,,Piracicabana,136.9,https://moovitapp.com/index/pt-br/transporte_p%C3%BAblico-line-136_9-Brasilia-1702-850942-773702-0,-1.0,-15.7201,-47.8838,,,,,2023-06-16T16:02:12+00:00
BRA_116980,Brasília,5300108,,Piracicabana,601.2,https://moovitapp.com/index/pt-br/transporte_p%C3%BAblico-line-601_2-Brasilia-1702-850942-322378-0,-1.0,-15.61014,-47.63274,,,,,2023-06-16T16:02:12+00:00
BRA_120499,Brasília,5300108,,Piracicabana,0.150,https://moovitapp.com/index/pt-br/transporte_p%C3%BAblico-line-0_150-Brasilia-1702-850942-775086-0,-1.0,-15.80905,-47.93939,,,,,2023-06-16T16:02:13+00:00
BRA_121053,Brasília,5300108,,Piracicabana,600.7,https://moovitapp.com/index/pt-br/transporte_p%C3%BAblico-line-600_7-Brasilia-1702-850942-698442-0,-1.0,-15.78642,-47.88004,,,,,2023-06-16T16:02:14+00:00
BRA_118575,Brasília,5300108,,Piracicabana,110.2,https://moovitapp.com/index/pt-br/transporte_p%C3%BAblico-line-110_2-Brasilia-1702-850942-339295-0,-1.0,-15.76573,-47.86644,,,,,2023-06-16T16:02:14+00:00
BRA_118800,Brasília,5300108,,Piracicabana,105.2,https://moovitapp.com/index/pt-br/transporte_p%C3%BAblico-line-105_2-Brasilia-1702-850942-12015265-0,-1.0,-15.82979,-47.9296,,,,,2023-06-16T16:02:14+00:00
BRA_118079,Brasília,5300108,,Piracicabana,0.504,https://moovitapp.com/index/pt-br/transporte_p%C3%BAblico-line-0_504-Brasilia-1702-850942-781321-0,-1.0,-15.61497,-47.65028,,,,1,2023-06-16T16:02:14+00:00
BRA_118061,Brasília,5300108,,Piracicabana,0.152,https://moovitapp.com/index/pt-br/transporte_p%C3%BAblico-line-0_152-Brasilia-1702-850942-504333-0,-1.0,-15.80104,-47.91845,,,,,2023-06-16T16:02:14+00:00
BRA_117692,Brasília,5300108,,Piracicabana,505.5,https://moovitapp.com/index/pt-br/transporte_p%C3%BAblico-line-505_5-Brasilia-1702-850942-651521-0,-1.0,-15.64686,-47.77108,,,,,2023-06-16T16:02:15+00:00
BRA_116441,Brasília,5300108,,Piracicabana,0.151,https://moovitapp.com/index/pt-br/transporte_p%C3%BAblico-line-0_151-Brasilia-1702-850942-775087-0,-1.0,-15.78141,-47.9255,,,,,2023-06-16T16:02:15+00:00
BRA_119164,Brasília,5300108,,Piracicabana,501.3,https://moovitapp.com/index/pt-br/transporte_p%C3%BAblico-line-501_3-Brasilia-1702-850942-242472-0,-1.0,-15.64442,-47.81482,,,,,2023-06-16T16:02:15+00:00
BRA_120626,Brasília,5300108,,Piracicabana,158.1,https://moovitapp.com/index/pt-br/transporte_p%C3%BAblico-line-158_1-Brasilia-1702-850942-775094-0,-1.0,-15.79129,-47.88947,,,,,2023-06-16T16:02:15+00:00
BRA_120871,Brasília,5300108,,Piracicabana,099.1,https://moovitapp.com/index/pt-br/transporte_p%C3%BAblico-line-099_1-Brasilia-1702-850942-775090-0,-1.0,-15.80239,-47.94014,,,,,2023-06-16T16:02:15+00:00
BRA_120227,Brasília,5300108,,Piracicabana,643.2,https://moovitapp.com/index/pt-br/transporte_p%C3%BAblico-line-643_2-Brasilia-1702-850942-128977732-0,-1.0,-15.62677,-47.64367,,,,,2023-06-16T16:02:15+00:00
BRA_120448,Brasília,5300108,,Piracicabana,162.1,https://moovitapp.com/index/pt-br/transporte_p%C3%BAblico-line-162_1-Brasilia-1702-850942-762425-0,-1.0,-15.84594,-47.96819,,,,,2023-06-16T16:02:16+00:00
BRA_119717,Brasília,5300108,,Piracicabana,501.3,https://moovitapp.com/index/pt-br/transporte_p%C3%BAblico-line-501_3-Brasilia-1702-850942-242472-0,-1.0,-15.67504,-47.84288,,,,,2023-06-16T16:02:16+00:00
BRA_119733,Brasília,5300108,,Piracicabana,106.2,https://moovitapp.com/index/pt-br/transporte_p%C3%BAblico-line-106_2-Brasilia-1702-850942-242433-0,-1.0,-15.80009,-47.87768,,,,,2023-06-16T16:02:16+00:00
BRA_116998,Brasília,5300108,,Piracicabana,601.6,https://moovitapp.com/index/pt-br/transporte_p%C3%BAblico-line-601_6-Brasilia-1702-850942-697954-0,-1.0,-15.62087,-47.65877,,,,,2023-06-16T16:02:16+00:00
BRA_118109,Brasília,5300108,,Piracicabana,505.8,https://moovitapp.com/index/pt-br/transporte_p%C3%BAblico-line-505_8-Brasilia-1702-850942-339297-0,-1.0,-15.66998,-47.84542,,,,,2023-06-16T16:02:16+00:00
BRA_118117,Brasília,5300108,,Piracicabana,066.2,https://moovitapp.com/index/pt-br/transporte_p%C3%BAblico-line-066_2-Brasilia-1702-850942-339293-0,-1.0,-15.61339,-47.69424,,,,,2023-06-16T16:02:17+00:00
BRA_116556,Brasília,5300108,,Piracicabana,0.007,https://moovitapp.com/index/pt-br/transporte_p%C3%BAblico-line-0_007-Brasilia-1702-850942-775080-0,-1.0,-15.80405,-47.89662,,,,,2023-06-16T16:02:17+00:00
BRA_118907,Brasília,5300108,,Piracicabana,0.617,https://moovitapp.com/index/pt-br/transporte_p%C3%BAblico-line-0_617-Brasilia-1702-850942-242417-0,-1.0,-15.67324,-47.64547,,,,,2023-06-16T16:02:17+00:00
BRA_118745,Brasília,5300108,,Piracicabana,136.5,https://moovitapp.com/index/pt-br/transporte_p%C3%BAblico-line-136_5-Brasilia-1702-850942-516628-0,-1.0,-15.73215,-47.89553,,,,,2023-06-16T16:02:17+00:00
BRA_120243,Brasília,5300108,,Piracicabana,136.5,https://moovitapp.com/index/pt-br/transporte_p%C3%BAblico-line-136_5-Brasilia-1702-850942-516628-0,-1.0,-15.79463,-47.88218,,,,,2023-06-16T16:02:17+00:00
BRA_121002,Brasília,5300108,,Piracicabana,620.1,https://moovitapp.com/index/pt-br/transporte_p%C3%BAblico-line-620_1-Brasilia-1702-850942-697955-0,-1.0,-15.66311,-47.80284,,,,,2023-06-16T16:02:18+00:00
BRA_118834,Brasília,5300108,,Piracicabana,0.109,https://moovitapp.com/index/pt-br/transporte_p%C3%BAblico-line-0_109-Brasilia-1702-850942-139332631-0,-1.0,-15.7994,-47.86174,,,,,2023-06-16T16:02:18+00:00
BRA_118648,Brasília,5300108,,Piracicabana,504.1,https://moovitapp.com/index/pt-br/transporte_p%C3%BAblico-line-504_1-Brasilia-1702-850942-242476-0,-1.0,-15.62712,-47.72792,,,,,2023-06-16T16:02:18+00:00
BRA_118362,Brasília,5300108,,Piracicabana,115.1,https://moovitapp.com/index/pt-br/transporte_p%C3%BAblico-line-115_1-Brasilia-1702-850942-242436-0,-1.0,-15.73855,-47.89932,,,,,2023-06-16T16:02:18+00:00
BRA_118001,Brasília,5300108,,Piracicabana,640.2,https://moovitapp.com/index/pt-br/transporte_p%C3%BAblico-line-640_2-Brasilia-1702-850942-697957-0,-1.0,-15.5976,-47.65397,,,,,2023-06-16T16:02:19+00:00
BRA_116335,Brasília,5300108,,Piracicabana,0.649,https://moovitapp.com/index/pt-br/transporte_p%C3%BAblico-line-0_649-Brasilia-1702-850942-771758-0,-1.0,-15.61848,-47.65503,,,,,2023-06-16T16:02:19+00:00
BRA_118851,Brasília,5300108,,Piracicabana,0.109,https://moovitapp.com/index/pt-br/transporte_p%C3%BAblico-line-0_109-Brasilia-1702-850942-139332631-0,-1.0,-15.78549,-47.90325,,,,,2023-06-16T16:02:19+00:00
BRA_119512,Brasília,5300108,,Piracicabana,519.2,https://moovitapp.com/index/pt-br/transporte_p%C3%BAblico-line-519_2-Brasilia-1702-850942-242483-0,-1.0,-15.62078,-47.85067,,,,,2023-06-16T16:02:19+00:00
BRA_118206,Brasília,5300108,,Piracicabana,116.2,https://moovitapp.com/index/pt-br/transporte_p%C3%BAblico-line-116_2-Brasilia-1702-850942-60842780-0,-1.0,-15.79375,-47.88055,,,,1,2023-06-16T16:02:20+00:00
BRA_118826,Brasília,5300108,,Piracicabana,0.110,https://moovitapp.com/index/pt-br/transporte_p%C3%BAblico-line-0_110-Brasilia-1702-850942-339284-0,-1.0,-15.79352,-47.88302,,,,1,2023-06-16T16:02:20+00:00
BRA_120634,Brasília,5300108,,Piracicabana,643.2,https://moovitapp.com/index/pt-br/transporte_p%C3%BAblico-line-643_2-Brasilia-1702-850942-128977732-0,-1.0,-15.64152,-47.7557,,,,,2023-06-16T16:02:20+00:00
BRA_120570,Brasília,5300108,,Piracicabana,600.7,https://moovitapp.com/index/pt-br/transporte_p%C3%BAblico-line-600_7-Brasilia-1702-850942-698442-0,-1.0,-15.62411,-47.7226,,,,,2023-06-16T16:02:20+00:00
BRA_116904,Brasília,5300108,,Piracicabana,0.032,https://moovitapp.com/index/pt-br/transporte_p%C3%BAblico-line-0_032-Brasilia-1702-850942-786257-0,-1.0,-15.79535,-47.87445,,,,1,2023-06-16T16:02:20+00:00
BRA_116084,Brasília,5300108,,Piracicabana,0.109,https://moovitapp.com/index/pt-br/transporte_p%C3%BAblico-line-0_109-Brasilia-1702-850942-139332631-0,-1.0,-15.79801,-47.87315,,,,,2023-06-16T16:02:20+00:00
BRA_118249,Brasília,5300108,,Piracicabana,0.116,https://moovitapp.com/index/pt-br/transporte_p%C3%BAblico-line-0_116-Brasilia-1702-850942-242381-0,-1.0,-15.79327,-47.88168,,,,1,2023-06-16T16:02:20+00:00
BRA_118052,Brasília,5300108,,Piracicabana,066.5,https://moovitapp.com/index/pt-br/transporte_p%C3%BAblico-line-066_5-Brasilia-1702-850942-770026-0,-1.0,-15.62439,-47.64824,,,,,2023-06-16T16:02:20+00:00
BRA_116874,Brasília,5300108,,Piracicabana,0.007,https://moovitapp.com/index/pt-br/transporte_p%C3%BAblico-line-0_007-Brasilia-1702-850942-775080-0,-1.0,-15.78722,-47.88799,,,,,2023-06-16T16:02:21+00:00
BRA_116793,Brasília,5300108,,Piracicabana,0.022,https://moovitapp.com/index/pt-br/transporte_p%C3%BAblico-line-0_022-Brasilia-1702-850942-788975-0,-1.0,-15.83686,-47.91737,,,,,2023-06-16T16:02:21+00:00
BRA_118761,Brasília,5300108,,Piracicabana,152.2,https://moovitapp.com/index/pt-br/transporte_p%C3%BAblico-line-152_2-Brasilia-1702-850942-504334-0,-1.0,-15.79985,-47.9234,,,,,2023-06-16T16:02:21+00:00
BRA_118664,Brasília,5300108,,Piracicabana,620.1,https://moovitapp.com/index/pt-br/transporte_p%C3%BAblico-line-620_1-Brasilia-1702-850942-697955-0,-1.0,-15.60054,-47.65412,,,,,2023-06-16T16:02:21+00:00
BRA_119474,Brasília,5300108,,Piracicabana,0.517,https://moovitapp.com/index/pt-br/transporte_p%C3%BAblico-line-0_517-Brasilia-1702-850942-242400-0,-1.0,-15.64362,-47.81847,,,,,2023-06-16T16:02:22+00:00
BRA_116327,Brasília,5300108,,Piracicabana,601.2,https://moovitapp.com/index/pt-br/transporte_p%C3%BAblico-line-601_2-Brasilia-1702-850942-322378-0,-1.0,-15.61181,-47.65473,,,,,2023-06-16T16:02:22+00:00
BRA_118419,Brasília,5300108,,Piracicabana,143.2,https://moovitapp.com/index/pt-br/transporte_p%C3%BAblico-line-143_2-Brasilia-1702-850942-556806-0,-1.0,-15.76586,-47.91403,,,,,2023-06-16T16:02:22+00:00
BRA_118524,Brasília,5300108,,Piracicabana,620.1,https://moovitapp.com/index/pt-br/transporte_p%C3%BAblico-line-620_1-Brasilia-1702-850942-697955-0,-1.0,-15.63181,-47.73567,,,,,2023-06-16T16:02:23+00:00
BRA_118443,Brasília,5300108,,Piracicabana,116.2,https://moovitapp.com/index/pt-br/transporte_p%C3%BAblico-line-116_2-Brasilia-1702-850942-60842780-0,-1.0,-15.74313,-47.90938,,,,1,2023-06-16T16:02:23+00:00
BRA_118729,Brasília,5300108,,Piracicabana,0.152,https://moovitapp.com/index/pt-br/transporte_p%C3%BAblico-line-0_152-Brasilia-1702-850942-504333-0,-1.0,-15.79633,-47.87838,,,,,2023-06-16T16:02:23+00:00
BRA_120898,Brasília,5300108,,Piracicabana,158.1,https://moovitapp.com/index/pt-br/transporte_p%C3%BAblico-line-158_1-Brasilia-1702-850942-775094-0,-1.0,-15.82306,-47.92077,,,,,2023-06-16T16:02:23+00:00
BRA_120936,Brasília,5300108,,Piracicabana,531.2,https://moovitapp.com/index/pt-br/transporte_p%C3%BAblico-line-531_2-Brasilia-1702-850942-48723591-0,-1.0,-15.60524,-47.86917,,,,,2023-06-16T16:02:24+00:00
BRA_120766,Brasília,5300108,,Piracicabana,156.6,https://moovitapp.com/index/pt-br/transporte_p%C3%BAblico-line-156_6-Brasilia-1702-850942-516629-0,-1.0,-15.73723,-47.89865,,,,,2023-06-16T16:02:24+00:00
BRA_119890,Brasília,5300108,,Piracicabana,0.140,https://moovitapp.com/index/pt-br/transporte_p%C3%BAblico-line-0_140-Brasilia-1702-850942-242386-0,-1.0,-15.7346,-47.88629,,,,1,2023-06-16T16:02:24+00:00
BRA_119946,Brasília,5300108,,Piracicabana,162.1,https://moovitapp.com/index/pt-br/transporte_p%C3%BAblico-line-162_1-Brasilia-1702-850942-762425-0,-1.0,-15.81723,-47.91316,,,,,2023-06-16T16:02:24+00:00
BRA_118770,Brasília,5300108,,Piracicabana,0.150,https://moovitapp.com/index/pt-br/transporte_p%C3%BAblico-line-0_150-Brasilia-1702-850942-775086-0,-1.0,-15.80731,-47.94614,,,,,2023-06-16T16:02:24+00:00
BRA_118214,Brasília,5300108,,Piracicabana,136.6,https://moovitapp.com/index/pt-br/transporte_p%C3%BAblico-line-136_6-Brasilia-1702-850942-773700-0,-1.0,-15.74728,-47.89615,,,,,2023-06-16T16:02:24+00:00
BRA_116637,Brasília,5300108,,Piracicabana,0.006,https://moovitapp.com/index/pt-br/transporte_p%C3%BAblico-line-0_006-Brasilia-1702-850942-775079-0,-1.0,-15.78387,-47.91179,,,,,2023-06-16T16:02:24+00:00
BRA_116467,Brasília,5300108,,Piracicabana,0.007,https://moovitapp.com/index/pt-br/transporte_p%C3%BAblico-line-0_007-Brasilia-1702-850942-775080-0,-1.0,-15.73855,-47.89932,,,,,2023-06-16T16:02:24+00:00
BRA_116319,Brasília,5300108,,,628.2,,,-15.92246,-47.50891,,,,,2023-06-16T16:02:25+00:00
BRA_116289,Brasília,5300108,,Piracicabana,066.3,https://moovitapp.com/index/pt-br/transporte_p%C3%BAblico-line-066_3-Brasilia-1702-850942-513542-0,-1.0,-15.60003,-47.68522,,,,,2023-06-16T16:02:25+00:00
BRA_117056,Brasília,5300108,,Piracicabana,0.032,https://moovitapp.com/index/pt-br/transporte_p%C3%BAblico-line-0_032-Brasilia-1702-850942-786257-0,-1.0,-15.82522,-47.90071,,,,,2023-06-16T16:02:25+00:00
BRA_119016,Brasília,5300108,,Piracicabana,0.110,https://moovitapp.com/index/pt-br/transporte_p%C3%BAblico-line-0_110-Brasilia-1702-850942-339284-0,-1.0,-15.78264,-47.87248,,,,,2023-06-16T16:02:25+00:00
BRA_119539,Brasília,5300108,,Piracicabana,501.5,https://moovitapp.com/index/pt-br/transporte_p%C3%BAblico-line-501_5-Brasilia-1702-850942-414578-0,-1.0,-15.68028,-47.84898,,,,,2023-06-16T16:02:26+00:00
BRA_119776,Brasília,5300108,,Piracicabana,501.3,https://moovitapp.com/index/pt-br/transporte_p%C3%BAblico-line-501_3-Brasilia-1702-850942-242472-0,-1.0,-15.74629,-47.88848,,,,,2023-06-16T16:02:26+00:00
BRA_120294,Brasília,5300108,,Piracicabana,0.114,https://moovitapp.com/index/pt-br/transporte_p%C3%BAblico-line-0_114-Brasilia-1702-850942-242379-0,-1.0,-15.83603,-47.91633,,,,,2023-06-16T16:02:26+00:00
BRA_120839,Brasília,5300108,,Piracicabana,156.5,https://moovitapp.com/index/pt-br/transporte_p%C3%BAblico-line-156_5-Brasilia-1702-850942-242464-0,-1.0,-15.81948,-47.98719,,,,,2023-06-16T16:02:26+00:00
BRA_118257,Brasília,5300108,,Piracicabana,0.110,https://moovitapp.com/index/pt-br/transporte_p%C3%BAblico-line-0_110-Brasilia-1702-850942-339284-0,-1.0,-15.76311,-47.87188,,,,,2023-06-16T16:02:26+00:00
BRA_115321,Brasília,5300108,,Piracicabana,102.6,https://moovitapp.com/index/pt-br/transporte_p%C3%BAblico-line-102_6-Brasilia-1702-850942-775091-0,-1.0,-15.87072,-47.92788,,,,,2023-06-16T16:02:26+00:00
BRA_116211,Brasília,5300108,,Piracicabana,601.2,https://moovitapp.com/index/pt-br/transporte_p%C3%BAblico-line-601_2-Brasilia-1702-850942-322378-0,-1.0,-15.61813,-47.64587,,,,,2023-06-16T16:02:26+00:00
BRA_115282,Brasília,5300108,,Piracicabana,0.114,https://moovitapp.com/index/pt-br/transporte_p%C3%BAblico-line-0_114-Brasilia-1702-850942-242379-0,-1.0,-15.8216,-47.91868,,,,1,2023-06-16T16:02:27+00:00
BRA_117901,Brasília,5300108,,Piracicabana,0.509,https://moovitapp.com/index/pt-br/transporte_p%C3%BAblico-line-0_509-Brasilia-1702-850942-242397-0,-1.0,-15.64987,-47.78518,,,,1,2023-06-16T16:02:27+00:00
BRA_121100,Brasília,5300108,,Piracicabana,620.1,https://moovitapp.com/index/pt-br/transporte_p%C3%BAblico-line-620_1-Brasilia-1702-850942-697955-0,-1.0,-15.66766,-47.81146,,,,,2023-06-16T16:02:27+00:00
BRA_119041,Brasília,5300108,,Piracicabana,103.2,https://moovitapp.com/index/pt-br/transporte_p%C3%BAblico-line-103_2-Brasilia-1702-850942-474397-0,-1.0,-15.81393,-47.84799,,,,,2023-06-16T16:02:28+00:00
BRA_119784,Brasília,5300108,,Piracicabana,067.3,https://moovitapp.com/index/pt-br/transporte_p%C3%BAblico-line-067_3-Brasilia-1702-850942-339294-0,-1.0,-15.63474,-47.65156,,,,,2023-06-16T16:02:28+00:00
BRA_117617,Brasília,5300108,,Piracicabana,099.1,https://moovitapp.com/index/pt-br/transporte_p%C3%BAblico-line-099_1-Brasilia-1702-850942-775090-0,-1.0,-15.81219,-47.9801,,,,,2023-06-16T16:02:28+00:00
BRA_116424,Brasília,5300108,,Piracicabana,066.6,https://moovitapp.com/index/pt-br/transporte_p%C3%BAblico-line-066_6-Brasilia-1702-850942-770027-0,-1.0,-15.63792,-47.64184,,,,,2023-06-16T16:02:28+00:00
BRA_116114,Brasília,5300108,,Piracicabana,066.6,https://moovitapp.com/index/pt-br/transporte_p%C3%BAblico-line-066_6-Brasilia-1702-850942-770027-0,-1.0,-15.61797,-47.65209,,,,,2023-06-16T16:02:29+00:00
BRA_117684,Brasília,5300108,,Piracicabana,066.2,https://moovitapp.com/index/pt-br/transporte_p%C3%BAblico-line-066_2-Brasilia-1702-850942-339293-0,-1.0,-15.62177,-47.65542,,,,,2023-06-16T16:02:29+00:00
BRA_117480,Brasília,5300108,,Piracicabana,512.1,https://moovitapp.com/index/pt-br/transporte_p%C3%BAblico-line-512_1-Brasilia-1702-850942-474401-0,-1.0,-15.82754,-47.92718,,,,,2023-06-16T16:02:29+00:00
BRA_121088,Brasília,5300108,,Piracicabana,640.2,https://moovitapp.com/index/pt-br/transporte_p%C3%BAblico-line-640_2-Brasilia-1702-850942-697957-0,-1.0,-15.62446,-47.72329,,,,,2023-06-16T16:02:29+00:00
BRA_119032,Brasília,5300108,,Piracicabana,153.2,https://moovitapp.com/index/pt-br/transporte_p%C3%BAblico-line-153_2-Brasilia-1702-850942-775093-0,-1.0,-15.84306,-47.98238,,,,,2023-06-16T16:02:29+00:00
BRA_119075,Brasília,5300108,,Piracicabana,0.501,https://moovitapp.com/index/pt-br/transporte_p%C3%BAblico-line-0_501-Brasilia-1702-850942-663228-0,-1.0,-15.65464,-47.80478,,,,,2023-06-16T16:02:29+00:00
BRA_119709,Brasília,5300108,,Piracicabana,0.107,https://moovitapp.com/index/pt-br/transporte_p%C3%BAblico-line-0_107-Brasilia-1702-850942-242377-0,-1.0,-15.79348,-47.88312,,,,1,2023-06-16T16:02:30+00:00
BRA_120863,Brasília,5300108,,Piracicabana,099.1,https://moovitapp.com/index/pt-br/transporte_p%C3%BAblico-line-099_1-Brasilia-1702-850942-775090-0,-1.0,-15.80148,-47.93866,,,,,2023-06-16T16:02:30+00:00
BRA_121045,Brasília,5300108,,Piracicabana,115.1,https://moovitapp.com/index/pt-br/transporte_p%C3%BAblico-line-115_1-Brasilia-1702-850942-242436-0,-1.0,-15.7389,-47.8991,,,,,2023-06-16T16:02:30+00:00
BRA_120642,Brasília,5300108,,Piracicabana,640.2,https://moovitapp.com/index/pt-br/transporte_p%C3%BAblico-line-640_2-Brasilia-1702-850942-697957-0,-1.0,-15.81301,-47.90722,,,,1,2023-06-16T16:02:30+00:00
BRA_120723,Brasília,5300108,,Piracicabana,116.1,https://moovitapp.com/index/pt-br/transporte_p%C3%BAblico-line-116_1-Brasilia-1702-850942-476288-0,-1.0,-15.74834,-47.89576,,,,,2023-06-16T16:02:30+00:00
BRA_120073,Brasília,5300108,,Piracicabana,600.8,https://moovitapp.com/index/pt-br/transporte_p%C3%BAblico-line-600_8-Brasilia-1702-850942-4740974-0,-1.0,-15.66033,-47.79583,,,,,2023-06-16T16:02:30+00:00
BRA_120456,Brasília,5300108,,Piracicabana,600.7,https://moovitapp.com/index/pt-br/transporte_p%C3%BAblico-line-600_7-Brasilia-1702-850942-698442-0,-1.0,-15.69161,-47.86648,,,,,2023-06-16T16:02:30+00:00
BRA_116513,Brasília,5300108,,Piracicabana,151.2,https://moovitapp.com/index/pt-br/transporte_p%C3%BAblico-line-151_2-Brasilia-1702-850942-242458-0,-1.0,-15.788,-47.88812,,,,,2023-06-16T16:02:30+00:00
BRA_116505,Brasília,5300108,,Piracicabana,151.2,https://moovitapp.com/index/pt-br/transporte_p%C3%BAblico-line-151_2-Brasilia-1702-850942-242458-0,-1.0,-15.76943,-47.88943,,,,1,2023-06-16T16:02:31+00:00
BRA_116718,Brasília,5300108,,Piracicabana,0.024,https://moovitapp.com/index/pt-br/transporte_p%C3%BAblico-line-0_024-Brasilia-1702-850942-781320-0,-1.0,-15.78599,-47.88003,,,,,2023-06-16T16:02:31+00:00
BRA_120251,Brasília,5300108,,Piracicabana,0.107,https://moovitapp.com/index/pt-br/transporte_p%C3%BAblico-line-0_107-Brasilia-1702-850942-242377-0,-1.0,-15.79911,-47.89289,,,,1,2023-06-16T16:02:31+00:00
BRA_120812,Brasília,5300108,,Piracicabana,136.9,https://moovitapp.com/index/pt-br/transporte_p%C3%BAblico-line-136_9-Brasilia-1702-850942-773702-0,-1.0,-15.80482,-47.88916,,,,,2023-06-16T16:02:31+00:00
BRA_121029,Brasília,5300108,,Piracicabana,640.2,https://moovitapp.com/index/pt-br/transporte_p%C3%BAblico-line-640_2-Brasilia-1702-850942-697957-0,-1.0,-15.75697,-47.8933,,,,,2023-06-16T16:02:31+00:00
BRA_119423,Brasília,5300108,,Piracicabana,531.1,https://moovitapp.com/index/pt-br/transporte_p%C3%BAblico-line-531_1-Brasilia-1702-850942-476289-0,-1.0,-15.64694,-47.80564,,,,,2023-06-16T16:02:31+00:00
BRA_119148,Brasília,5300108,,Piracicabana,062.7,https://moovitapp.com/index/pt-br/transporte_p%C3%BAblico-line-062_7-Brasilia-1702-850942-494154-0,-1.0,-15.63461,-47.82345,,,,,2023-06-16T16:02:31+00:00
BRA_118991,Brasília,5300108,,Piracicabana,106.2,https://moovitapp.com/index/pt-br/transporte_p%C3%BAblico-line-106_2-Brasilia-1702-850942-242433-0,-1.0,-15.73538,-47.90313,,,,,2023-06-16T16:02:31+00:00
BRA_116394,Brasília,5300108,,Piracicabana,0.032,https://moovitapp.com/index/pt-br/transporte_p%C3%BAblico-line-0_032-Brasilia-1702-850942-786257-0,-1.0,-15.75959,-47.87776,,,,,2023-06-16T16:02:32+00:00
BRA_117773,Brasília,5300108,,Piracicabana,600.7,https://moovitapp.com/index/pt-br/transporte_p%C3%BAblico-line-600_7-Brasilia-1702-850942-698442-0,-1.0,-15.67512,-47.82233,,,,,2023-06-16T16:02:32+00:00
BRA_118036,Brasília,5300108,,Piracicabana,640.2,https://moovitapp.com/index/pt-br/transporte_p%C3%BAblico-line-640_2-Brasilia-1702-850942-697957-0,-1.0,-15.74581,-47.8966,,,,,2023-06-16T16:02:33+00:00
BRA_117391,Brasília,5300108,,Piracicabana,0.169,https://moovitapp.com/index/pt-br/transporte_p%C3%BAblico-line-0_169-Brasilia-1702-850942-242393-0,-1.0,-15.80094,-47.92572,,,,,2023-06-16T16:02:33+00:00
BRA_118818,Brasília,5300108,,Piracicabana,136.7,https://moovitapp.com/index/pt-br/transporte_p%C3%BAblico-line-136_7-Brasilia-1702-850942-242451-0,-1.0,-15.77821,-47.87426,,,,1,2023-06-16T16:02:33+00:00
BRA_120782,Brasília,5300108,,Piracicabana,162.1,https://moovitapp.com/index/pt-br/transporte_p%C3%BAblico-line-162_1-Brasilia-1702-850942-762425-0,-1.0,-15.79383,-47.88308,,,,,2023-06-16T16:02:33+00:00
BRA_120308,Brasília,5300108,,Piracicabana,162.1,https://moovitapp.com/index/pt-br/transporte_p%C3%BAblico-line-162_1-Brasilia-1702-850942-762425-0,-1.0,-15.82174,-47.93613,,,,,2023-06-16T16:02:33+00:00
BRA_119857,Brasília,5300108,,Piracicabana,067.3,https://moovitapp.com/index/pt-br/transporte_p%C3%BAblico-line-067_3-Brasilia-1702-850942-339294-0,-1.0,-15.65298,-47.64965,,,,,2023-06-16T16:02:33+00:00
BRA_119831,Brasília,5300108,,Piracicabana,136.6,https://moovitapp.com/index/pt-br/transporte_p%C3%BAblico-line-136_6-Brasilia-1702-850942-773700-0,-1.0,-15.73974,-47.89882,,,,,2023-06-16T16:02:34+00:00
BRA_119911,Brasília,5300108,,Piracicabana,104.1,https://moovitapp.com/index/pt-br/transporte_p%C3%BAblico-line-104_1-Brasilia-1702-850942-242430-0,-1.0,-15.79443,-47.87775,,,,,2023-06-16T16:02:34+00:00
BRA_120995,Brasília,5300108,,Piracicabana,115.1,https://moovitapp.com/index/pt-br/transporte_p%C3%BAblico-line-115_1-Brasilia-1702-850942-242436-0,-1.0,-15.7761,-47.87424,,,,1,2023-06-16T16:02:34+00:00
BRA_120600,Brasília,5300108,,Piracicabana,600.7,https://moovitapp.com/index/pt-br/transporte_p%C3%BAblico-line-600_7-Brasilia-1702-850942-698442-0,-1.0,-15.62274,-47.71941,,,,,2023-06-16T16:02:34+00:00
BRA_118796,Brasília,5300108,,Piracicabana,0.110,https://moovitapp.com/index/pt-br/transporte_p%C3%BAblico-line-0_110-Brasilia-1702-850942-339284-0,-1.0,-15.76606,-47.87352,,,,,2023-06-16T16:02:34+00:00
BRA_118842,Brasília,5300108,,Piracicabana,0.109,https://moovitapp.com/index/pt-br/transporte_p%C3%BAblico-line-0_109-Brasilia-1702-850942-139332631-0,-1.0,-15.79524,-47.88159,,,,,2023-06-16T16:02:34+00:00
BRA_119067,Brasília,5300108,,Piracicabana,512.1,https://moovitapp.com/index/pt-br/transporte_p%C3%BAblico-line-512_1-Brasilia-1702-850942-474401-0,-1.0,-15.64961,-47.78616,,,,1,2023-06-16T16:02:34+00:00
BRA_119105,Brasília,5300108,,Piracicabana,0.517,https://moovitapp.com/index/pt-br/transporte_p%C3%BAblico-line-0_517-Brasilia-1702-850942-242400-0,-1.0,-15.74702,-47.89626,,,,,2023-06-16T16:02:34+00:00
BRA_116408,Brasília,5300108,,Piracicabana,0.007,https://moovitapp.com/index/pt-br/transporte_p%C3%BAblico-line-0_007-Brasilia-1702-850942-775080-0,-1.0,-15.73973,-47.89201,,,,,2023-06-16T16:02:34+00:00
BRA_117471,Brasília,5300108,,Piracicabana,063.1,https://moovitapp.com/index/pt-br/transporte_p%C3%BAblico-line-063_1-Brasilia-1702-850942-339291-0,-1.0,-15.64974,-47.77285,,,,,2023-06-16T16:02:34+00:00
BRA_117048,Brasília,5300108,,Piracicabana,0.032,https://moovitapp.com/index/pt-br/transporte_p%C3%BAblico-line-0_032-Brasilia-1702-850942-786257-0,-1.0,-15.77396,-47.88851,,,,,2023-06-16T16:02:34+00:00
BRA_118371,Brasília,5300108,,Piracicabana,105.2,https://moovitapp.com/index/pt-br/transporte_p%C3%BAblico-line-105_2-Brasilia-1702-850942-12015265-0,-1.0,-15.74839,-47.89604,,,,,2023-06-16T16:02:35+00:00
BRA_119440,Brasília,5300108,,Piracicabana,0.509,https://moovitapp.com/index/pt-br/transporte_p%C3%BAblico-line-0_509-Brasilia-1702-850942-242397-0,-1.0,-15.6513,-47.78755,,,,,2023-06-16T16:02:35+00:00
BRA_118940,Brasília,5300108,,Piracicabana,140.1,https://moovitapp.com/index/pt-br/transporte_p%C3%BAblico-line-140_1-Brasilia-1702-850942-408805-0,-1.0,-15.79176,-47.86397,,,,,2023-06-16T16:02:35+00:00
BRA_118974,Brasília,5300108,,Piracicabana,136.6,https://moovitapp.com/index/pt-br/transporte_p%C3%BAblico-line-136_6-Brasilia-1702-850942-773700-0,-1.0,-15.8139,-47.90814,,,,,2023-06-16T16:02:35+00:00
BRA_120618,Brasília,5300108,,Piracicabana,136.9,https://moovitapp.com/index/pt-br/transporte_p%C3%BAblico-line-136_9-Brasilia-1702-850942-773702-0,-1.0,-15.71088,-47.87877,,,,,2023-06-16T16:02:35+00:00
BRA_120057,Brasília,5300108,,Piracicabana,158.1,https://moovitapp.com/index/pt-br/transporte_p%C3%BAblico-line-158_1-Brasilia-1702-850942-775094-0,-1.0,-15.80503,-47.95251,,,,,2023-06-16T16:02:35+00:00
BRA_119822,Brasília,5300108,,Piracicabana,066.5,https://moovitapp.com/index/pt-br/transporte_p%C3%BAblico-line-066_5-Brasilia-1702-850942-770026-0,-1.0,-15.63789,-47.64192,,,,,2023-06-16T16:02:36+00:00
BRA_120421,Brasília,5300108,,Piracicabana,600.7,https://moovitapp.com/index/pt-br/transporte_p%C3%BAblico-line-600_7-Brasilia-1702-850942-698442-0,-1.0,-15.83425,-47.92356,,,,,2023-06-16T16:02:36+00:00
BRA_119300,Brasília,5300108,,Piracicabana,0.517,https://moovitapp.com/index/pt-br/transporte_p%C3%BAblico-line-0_517-Brasilia-1702-850942-242400-0,-1.0,-15.64022,-47.82444,,,,,2023-06-16T16:02:36+00:00
BRA_118699,Brasília,5300108,,Piracicabana,0.110,https://moovitapp.com/index/pt-br/transporte_p%C3%BAblico-line-0_110-Brasilia-1702-850942-339284-0,-1.0,-15.7928,-47.88491,,,,1,2023-06-16T16:02:36+00:00
BRA_119156,Brasília,5300108,,Piracicabana,063.1,https://moovitapp.com/index/pt-br/transporte_p%C3%BAblico-line-063_1-Brasilia-1702-850942-339291-0,-1.0,-15.64386,-47.78813,,,,,2023-06-16T16:02:36+00:00
BRA_117650,Brasília,5300108,,Piracicabana,099.1,https://moovitapp.com/index/pt-br/transporte_p%C3%BAblico-line-099_1-Brasilia-1702-850942-775090-0,-1.0,-15.83284,-48.0515,,,,,2023-06-16T16:02:36+00:00
BRA_116572,Brasília,5300108,,Piracicabana,0.031,https://moovitapp.com/index/pt-br/transporte_p%C3%BAblico-line-0_031-Brasilia-1702-850942-786256-0,-1.0,-15.79486,-47.87619,,,,,2023-06-16T16:02:36+00:00
BRA_116157,Brasília,5300108,,Piracicabana,601.1,https://moovitapp.com/index/pt-br/transporte_p%C3%BAblico-line-601_1-Brasilia-1702-850942-322377-0,-1.0,-15.60453,-47.65453,,,,,2023-06-16T16:02:37+00:00
BRA_117595,Brasília,5300108,,Piracicabana,0.501,https://moovitapp.com/index/pt-br/transporte_p%C3%BAblico-line-0_501-Brasilia-1702-850942-663228-0,-1.0,-15.81972,-47.90316,,,,,2023-06-16T16:02:37+00:00
BRA_117013,Brasília,5300108,,Piracicabana,0.166,https://moovitapp.com/index/pt-br/transporte_p%C3%BAblico-line-0_166-Brasilia-1702-850942-242391-0,-1.0,-15.81294,-47.88684,,,,1,2023-06-16T16:02:37+00:00
BRA_118982,Brasília,5300108,,Piracicabana,0.517,https://moovitapp.com/index/pt-br/transporte_p%C3%BAblico-line-0_517-Brasilia-1702-850942-242400-0,-1.0,-15.7002,-47.88309,,,,,2023-06-16T16:02:37+00:00
BRA_119725,Brasília,5300108,,Piracicabana,0.611,https://moovitapp.com/index/pt-br/transporte_p%C3%BAblico-line-0_611-Brasilia-1702-850942-25771159-0,-1.0,-15.54252,-47.51403,,,,,2023-06-16T16:02:37+00:00
BRA_118737,Brasília,5300108,,Piracicabana,0.107,https://moovitapp.com/index/pt-br/transporte_p%C3%BAblico-line-0_107-Brasilia-1702-850942-242377-0,-1.0,-15.82486,-47.90042,,,,,2023-06-16T16:02:37+00:00
BRA_115711,Brasília,5300108,,Piracicabana,640.2,https://moovitapp.com/index/pt-br/transporte_p%C3%BAblico-line-640_2-Brasilia-1702-850942-697957-0,-1.0,-15.69695,-47.87648,,,,,2023-06-16T16:02:38+00:00
BRA_117676,Brasília,5300108,,Piracicabana,505.5,https://moovitapp.com/index/pt-br/transporte_p%C3%BAblico-line-505_5-Brasilia-1702-850942-651521-0,-1.0,-15.65129,-47.80722,,,,,2023-06-16T16:02:39+00:00
BRA_119172,Brasília,5300108,,Piracicabana,063.2,https://moovitapp.com/index/pt-br/transporte_p%C3%BAblico-line-063_2-Brasilia-1702-850942-137934615-0,-1.0,-15.64701,-47.80613,,,,,2023-06-16T16:02:39+00:00
BRA_119466,Brasília,5300108,,Piracicabana,106.2,https://moovitapp.com/index/pt-br/transporte_p%C3%BAblico-line-106_2-Brasilia-1702-850942-242433-0,-1.0,-15.78401,-47.88754,,,,,2023-06-16T16:02:40+00:00
BRA_119334,Brasília,5300108,,Piracicabana,511.4,https://moovitapp.com/index/pt-br/transporte_p%C3%BAblico-line-511_4-Brasilia-1702-850942-770030-0,-1.0,-15.77954,-47.78036,,,,,2023-06-16T16:02:40+00:00
BRA_120375,Brasília,5300108,,Piracicabana,640.2,https://moovitapp.com/index/pt-br/transporte_p%C3%BAblico-line-640_2-Brasilia-1702-850942-697957-0,-1.0,-15.75408,-47.89419,,,,,2023-06-16T16:02:40+00:00
BRA_117587,Brasília,5300108,,Piracicabana,063.1,https://moovitapp.com/index/pt-br/transporte_p%C3%BAblico-line-063_1-Brasilia-1702-850942-339291-0,-1.0,-15.63797,-47.83472,,,,,2023-06-16T16:02:40+00:00
BRA_117609,Brasília,5300108,,Piracicabana,0.517,https://moovitapp.com/index/pt-br/transporte_p%C3%BAblico-line-0_517-Brasilia-1702-850942-242400-0,-1.0,-15.69309,-47.86988,,,,,2023-06-16T16:02:40+00:00
BRA_116025,Brasília,5300108,,Piracicabana,0.513,https://moovitapp.com/index/pt-br/transporte_p%C3%BAblico-line-0_513-Brasilia-1702-850942-242399-0,-1.0,-15.83587,-47.93211,,,,,2023-06-16T16:02:40+00:00
BRA_116483,Brasília,5300108,,Piracicabana,0.031,https://moovitapp.com/index/pt-br/transporte_p%C3%BAblico-line-0_031-Brasilia-1702-850942-786256-0,-1.0,-15.78716,-47.88795,,,,1,2023-06-16T16:02:41+00:00
BRA_117561,Brasília,5300108,,Piracicabana,062.5,https://moovitapp.com/index/pt-br/transporte_p%C3%BAblico-line-062_5-Brasilia-1702-850942-339835-0,-1.0,-15.66833,-47.84015,,,,,2023-06-16T16:02:41+00:00
BRA_120278,Brasília,5300108,,Piracicabana,620.1,https://moovitapp.com/index/pt-br/transporte_p%C3%BAblico-line-620_1-Brasilia-1702-850942-697955-0,-1.0,-15.78403,-47.87982,,,,,2023-06-16T16:02:41+00:00
BRA_120286,Brasília,5300108,,Piracicabana,0.116,https://moovitapp.com/index/pt-br/transporte_p%C3%BAblico-line-0_116-Brasilia-1702-850942-242381-0,-1.0,-15.79493,-47.87602,,,,,2023-06-16T16:02:41+00:00
BRA_120693,Brasília,5300108,,Piracicabana,0.504,https://moovitapp.com/index/pt-br/transporte_p%C3%BAblico-line-0_504-Brasilia-1702-850942-781321-0,-1.0,-15.64709,-47.76782,,,,,2023-06-16T16:02:41+00:00
BRA_118702,Brasília,5300108,,Piracicabana,110.2,https://moovitapp.com/index/pt-br/transporte_p%C3%BAblico-line-110_2-Brasilia-1702-850942-339295-0,-1.0,-15.79465,-47.87586,,,,,2023-06-16T16:02:41+00:00
BRA_119253,Brasília,5300108,,Piracicabana,063.1,https://moovitapp.com/index/pt-br/transporte_p%C3%BAblico-line-063_1-Brasilia-1702-850942-339291-0,-1.0,-15.66394,-47.75341,,,,,2023-06-16T16:02:42+00:00
BRA_119555,Brasília,5300108,,Piracicabana,519.2,https://moovitapp.com/index/pt-br/transporte_p%C3%BAblico-line-519_2-Brasilia-1702-850942-242483-0,-1.0,-15.8015,-47.88685,,,,,2023-06-16T16:02:42+00:00
BRA_117412,Brasília,5300108,,Piracicabana,136.6,https://moovitapp.com/index/pt-br/transporte_p%C3%BAblico-line-136_6-Brasilia-1702-850942-773700-0,-1.0,-15.82045,-47.91758,,,,1,2023-06-16T16:02:42+00:00
BRA_118141,Brasília,5300108,,Piracicabana,0.128,https://moovitapp.com/index/pt-br/transporte_p%C3%BAblico-line-0_128-Brasilia-1702-850942-382511-0,-1.0,-15.7544,-47.92556,,,,,2023-06-16T16:02:42+00:00
BRA_116912,Brasília,5300108,,Piracicabana,0.024,https://moovitapp.com/index/pt-br/transporte_p%C3%BAblico-line-0_024-Brasilia-1702-850942-781320-0,-1.0,-15.79886,-47.88968,,,,,2023-06-16T16:02:42+00:00
BRA_116963,Brasília,5300108,,Piracicabana,0.006,https://moovitapp.com/index/pt-br/transporte_p%C3%BAblico-line-0_006-Brasilia-1702-850942-775079-0,-1.0,-15.79496,-47.91246,,,,,2023-06-16T16:02:42+00:00
BRA_116611,Brasília,5300108,,Piracicabana,062.5,https://moovitapp.com/index/pt-br/transporte_p%C3%BAblico-line-062_5-Brasilia-1702-850942-339835-0,-1.0,-15.64977,-47.78654,,,,,2023-06-16T16:02:42+00:00
BRA_116351,Brasília,5300108,,Piracicabana,066.4,https://moovitapp.com/index/pt-br/transporte_p%C3%BAblico-line-066_4-Brasilia-1702-850942-763557-0,-1.0,-15.6214,-47.67266,,,,,2023-06-16T16:02:42+00:00
BRA_116688,Brasília,5300108,,Piracicabana,062.8,https://moovitapp.com/index/pt-br/transporte_p%C3%BAblico-line-062_8-Brasilia-1702-850942-393556-0,-1.0,-15.63775,-47.83745,,,,,2023-06-16T16:02:43+00:00
BRA_117331,Brasília,5300108,,Piracicabana,0.110,https://moovitapp.com/index/pt-br/transporte_p%C3%BAblico-line-0_110-Brasilia-1702-850942-339284-0,-1.0,-15.79377,-47.88271,,,,1,2023-06-16T16:02:43+00:00
BRA_117129,Brasília,5300108,,Piracicabana,501.2,https://moovitapp.com/index/pt-br/transporte_p%C3%BAblico-line-501_2-Brasilia-1702-850942-786258-0,-1.0,-15.80687,-47.89114,,,,,2023-06-16T16:02:43+00:00
BRA_119873,Brasília,5300108,,Piracicabana,106.2,https://moovitapp.com/index/pt-br/transporte_p%C3%BAblico-line-106_2-Brasilia-1702-850942-242433-0,-1.0,-15.82764,-47.92704,,,,,2023-06-16T16:02:43+00:00
BRA_120685,Brasília,5300108,,Piracicabana,0.504,https://moovitapp.com/index/pt-br/transporte_p%C3%BAblico-line-0_504-Brasilia-1702-850942-781321-0,-1.0,-15.65444,-47.78247,,,,,2023-06-16T16:02:43+00:00
BRA_119482,Brasília,5300108,,Piracicabana,136.9,https://moovitapp.com/index/pt-br/transporte_p%C3%BAblico-line-136_9-Brasilia-1702-850942-773702-0,-1.0,-15.8373,-47.92739,,,,,2023-06-16T16:02:43+00:00
BRA_119024,Brasília,5300108,,Piracicabana,0.143,https://moovitapp.com/index/pt-br/transporte_p%C3%BAblico-line-0_143-Brasilia-1702-850942-470747-0,-1.0,-15.76549,-47.92435,,,,,2023-06-16T16:02:43+00:00
BRA_119008,Brasília,5300108,,Piracicabana,158.1,https://moovitapp.com/index/pt-br/transporte_p%C3%BAblico-line-158_1-Brasilia-1702-850942-775094-0,-1.0,-15.81063,-47.94371,,,,,2023-06-16T16:02:43+00:00
BRA_118681,Brasília,5300108,,Piracicabana,152.3,https://moovitapp.com/index/pt-br/transporte_p%C3%BAblico-line-152_3-Brasilia-1702-850942-387009-0,-1.0,-15.79457,-47.88319,,,,1,2023-06-16T16:02:43+00:00
BRA_118591,Brasília,5300108,,Piracicabana,616.8,https://moovitapp.com/index/pt-br/transporte_p%C3%BAblico-line-616_8-Brasilia-1702-850942-128977718-0,-1.0,-15.7072,-47.89254,,,,,2023-06-16T16:02:44+00:00
BRA_118923,Brasília,5300108,,Piracicabana,152.2,https://moovitapp.com/index/pt-br/transporte_p%C3%BAblico-line-152_2-Brasilia-1702-850942-504334-0,-1.0,-15.79449,-47.88319,,,,,2023-06-16T16:02:44+00:00
BRA_117498,Brasília,5300108,,Piracicabana,136.7,https://moovitapp.com/index/pt-br/transporte_p%C3%BAblico-line-136_7-Brasilia-1702-850942-242451-0,-1.0,-15.8191,-47.89232,,,,,2023-06-16T16:02:44+00:00
BRA_117196,Brasília,5300108,,Piracicabana,505.8,https://moovitapp.com/index/pt-br/transporte_p%C3%BAblico-line-505_8-Brasilia-1702-850942-339297-0,-1.0,-15.6499,-47.79124,,,,,2023-06-16T16:02:44+00:00
BRA_116297,Brasília,5300108,,Piracicabana,066.3,https://moovitapp.com/index/pt-br/transporte_p%C3%BAblico-line-066_3-Brasilia-1702-850942-513542-0,-1.0,-15.61611,-47.6903,,,,,2023-06-16T16:02:44+00:00
BRA_116653,Brasília,5300108,,Piracicabana,0.007,https://moovitapp.com/index/pt-br/transporte_p%C3%BAblico-line-0_007-Brasilia-1702-850942-775080-0,-1.0,-15.80586,-47.89862,,,,1,2023-06-16T16:02:44+00:00
BRA_115827,Brasília,5300108,,Piracicabana,062.9,https://moovitapp.com/index/pt-br/transporte_p%C3%BAblico-line-062_9-Brasilia-1702-850942-77230028-0,-1.0,-15.63482,-47.82331,,,,,2023-06-16T16:02:44+00:00
BRA_118281,Brasília,5300108,,Piracicabana,601.3,https://moovitapp.com/index/pt-br/transporte_p%C3%BAblico-line-601_3-Brasilia-1702-850942-339836-0,-1.0,-15.61507,-47.65787,,,,,2023-06-16T16:02:45+00:00
BRA_118303,Brasília,5300108,,Piracicabana,600.8,https://moovitapp.com/index/pt-br/transporte_p%C3%BAblico-line-600_8-Brasilia-1702-850942-4740974-0,-1.0,-15.76673,-47.87098,,,,1,2023-06-16T16:02:45+00:00
BRA_117897,Brasília,5300108,,Piracicabana,066.1,https://moovitapp.com/index/pt-br/transporte_p%C3%BAblico-line-066_1-Brasilia-1702-850942-94478627-0,-1.0,-15.61763,-47.65015,,,,,2023-06-16T16:02:45+00:00
BRA_119636,Brasília,5300108,,Piracicabana,152.2,https://moovitapp.com/index/pt-br/transporte_p%C3%BAblico-line-152_2-Brasilia-1702-850942-504334-0,-1.0,-15.79502,-47.91612,,,,1,2023-06-16T16:02:45+00:00
BRA_119806,Brasília,5300108,,Piracicabana,640.2,https://moovitapp.com/index/pt-br/transporte_p%C3%BAblico-line-640_2-Brasilia-1702-850942-697957-0,-1.0,-15.62733,-47.7274,,,,,2023-06-16T16:02:45+00:00
BRA_120464,Brasília,5300108,,Piracicabana,0.143,https://moovitapp.com/index/pt-br/transporte_p%C3%BAblico-line-0_143-Brasilia-1702-850942-470747-0,-1.0,-15.79446,-47.88312,,,,,2023-06-16T16:02:46+00:00
BRA_120944,Brasília,5300108,,Piracicabana,515.4,https://moovitapp.com/index/pt-br/transporte_p%C3%BAblico-line-515_4-Brasilia-1702-850942-65518229-0,-1.0,-15.64194,-47.91892,,,,,2023-06-16T16:02:46+00:00
BRA_120979,Brasília,5300108,,Piracicabana,0.504,https://moovitapp.com/index/pt-br/transporte_p%C3%BAblico-line-0_504-Brasilia-1702-850942-781321-0,-1.0,-15.62062,-47.6587,,,,,2023-06-16T16:02:46+00:00
BRA_119768,Brasília,5300108,,Piracicabana,640.2,https://moovitapp.com/index/pt-br/transporte_p%C3%BAblico-line-640_2-Brasilia-1702-850942-697957-0,-1.0,-15.62655,-47.72628,,,,,2023-06-16T16:02:46+00:00
BRA_119369,Brasília,5300108,,Piracicabana,504.1,https://moovitapp.com/index/pt-br/transporte_p%C3%BAblico-line-504_1-Brasilia-1702-850942-242476-0,-1.0,-15.64309,-47.75809,,,,,2023-06-16T16:02:46+00:00
BRA_117161,Brasília,5300108,,Piracicabana,0.168,https://moovitapp.com/index/pt-br/transporte_p%C3%BAblico-line-0_168-Brasilia-1702-850942-242392-0,-1.0,-15.80202,-47.94014,,,,,2023-06-16T16:02:46+00:00
BRA_117226,Brasília,5300108,,Piracicabana,610.3,https://moovitapp.com/index/pt-br/transporte_p%C3%BAblico-line-610_3-Brasilia-1702-850942-138552889-0,-1.0,-15.72694,-47.59769,,,,,2023-06-16T16:02:46+00:00
BRA_116076,Brasília,5300108,,Piracicabana,0.109,https://moovitapp.com/index/pt-br/transporte_p%C3%BAblico-line-0_109-Brasilia-1702-850942-139332631-0,-1.0,-15.79377,-47.88206,,,,1,2023-06-16T16:02:46+00:00
BRA_116343,Brasília,5300108,,Piracicabana,064.1,https://moovitapp.com/index/pt-br/transporte_p%C3%BAblico-line-064_1-Brasilia-1702-850942-339292-0,-1.0,-15.63973,-47.65116,,,,,2023-06-16T16:02:46+00:00
BRA_116939,Brasília,5300108,,Piracicabana,0.007,https://moovitapp.com/index/pt-br/transporte_p%C3%BAblico-line-0_007-Brasilia-1702-850942-775080-0,-1.0,-15.79714,-47.89172,,,,,2023-06-16T16:02:47+00:00
BRA_116122,Brasília,5300108,,Piracicabana,064.1,https://moovitapp.com/index/pt-br/transporte_p%C3%BAblico-line-064_1-Brasilia-1702-850942-339292-0,-1.0,-15.62352,-47.65535,,,,1,2023-06-16T16:02:47+00:00
BRA_120405,Brasília,5300108,,Piracicabana,0.136,https://moovitapp.com/index/pt-br/transporte_p%C3%BAblico-line-0_136-Brasilia-1702-850942-719957-0,-1.0,-15.75715,-47.89294,,,,,2023-06-16T16:02:47+00:00
BRA_119865,Brasília,5300108,,Piracicabana,600.7,https://moovitapp.com/index/pt-br/transporte_p%C3%BAblico-line-600_7-Brasilia-1702-850942-698442-0,-1.0,-15.62456,-47.65543,,,,,2023-06-16T16:02:48+00:00
BRA_119903,Brasília,5300108,,Piracicabana,156.6,https://moovitapp.com/index/pt-br/transporte_p%C3%BAblico-line-156_6-Brasilia-1702-850942-516629-0,-1.0,-15.80895,-47.95467,,,,,2023-06-16T16:02:48+00:00
BRA_118567,Brasília,5300108,,Piracicabana,158.1,https://moovitapp.com/index/pt-br/transporte_p%C3%BAblico-line-158_1-Brasilia-1702-850942-775094-0,-1.0,-15.82513,-47.92401,,,,1,2023-06-16T16:02:48+00:00
BRA_116726,Brasília,5300108,,Piracicabana,0.031,https://moovitapp.com/index/pt-br/transporte_p%C3%BAblico-line-0_031-Brasilia-1702-850942-786256-0,-1.0,-15.83641,-47.93271,,,,,2023-06-16T16:02:48+00:00
BRA_118044,Brasília,5300108,,Piracicabana,600.7,https://moovitapp.com/index/pt-br/transporte_p%C3%BAblico-line-600_7-Brasilia-1702-850942-698442-0,-1.0,-15.79604,-47.8829,,,,,2023-06-16T16:02:48+00:00
BRA_118087,Brasília,5300108,,Piracicabana,505.4,https://moovitapp.com/index/pt-br/transporte_p%C3%BAblico-line-505_4-Brasilia-1702-850942-105369941-0,-1.0,-15.6365,-47.85301,,,,,2023-06-16T16:02:49+00:00
BRA_117277,Brasília,5300108,,Piracicabana,066.4,https://moovitapp.com/index/pt-br/transporte_p%C3%BAblico-line-066_4-Brasilia-1702-850942-763557-0,-1.0,-15.64834,-47.66539,,,,,2023-06-16T16:02:49+00:00
BRA_119989,Brasília,5300108,,Piracicabana,0.617,https://moovitapp.com/index/pt-br/transporte_p%C3%BAblico-line-0_617-Brasilia-1702-850942-242417-0,-1.0,-15.83162,-47.91975,,,,,2023-06-16T16:02:50+00:00
BRA_120481,Brasília,5300108,,Piracicabana,115.1,https://moovitapp.com/index/pt-br/transporte_p%C3%BAblico-line-115_1-Brasilia-1702-850942-242436-0,-1.0,-15.7938,-47.88196,,,,,2023-06-16T16:02:50+00:00
BRA_120341,Brasília,5300108,,Piracicabana,0.116,https://moovitapp.com/index/pt-br/transporte_p%C3%BAblico-line-0_116-Brasilia-1702-850942-242381-0,-1.0,-15.7407,-47.89828,,,,,2023-06-16T16:02:50+00:00
BRA_121061,Brasília,5300108,,Piracicabana,640.2,https://moovitapp.com/index/pt-br/transporte_p%C3%BAblico-line-640_2-Brasilia-1702-850942-697957-0,-1.0,-15.65186,-47.77802,,,,,2023-06-16T16:02:50+00:00
BRA_117439,Brasília,5300108,,Piracicabana,640.2,https://moovitapp.com/index/pt-br/transporte_p%C3%BAblico-line-640_2-Brasilia-1702-850942-697957-0,-1.0,-15.70217,-47.88586,,,,,2023-06-16T16:02:50+00:00
BRA_116700,Brasília,5300108,,Piracicabana,601.1,https://moovitapp.com/index/pt-br/transporte_p%C3%BAblico-line-601_1-Brasilia-1702-850942-322377-0,-1.0,-15.62182,-47.63937,,,,,2023-06-16T16:02:50+00:00
BRA_116696,Brasília,5300108,,Piracicabana,0.168,https://moovitapp.com/index/pt-br/transporte_p%C3%BAblico-line-0_168-Brasilia-1702-850942-242392-0,-1.0,-15.76205,-47.87717,,,,,2023-06-16T16:02:50+00:00
BRA_116131,Brasília,5300108,,Piracicabana,601.1,https://moovitapp.com/index/pt-br/transporte_p%C3%BAblico-line-601_1-Brasilia-1702-850942-322377-0,-1.0,-15.62416,-47.65517,,,,,2023-06-16T16:02:50+00:00
BRA_117625,Brasília,5300108,,Piracicabana,158.1,https://moovitapp.com/index/pt-br/transporte_p%C3%BAblico-line-158_1-Brasilia-1702-850942-775094-0,-1.0,-15.81392,-47.90851,,,,,2023-06-16T16:02:51+00:00
BRA_120804,Brasília,5300108,,Piracicabana,0.114,https://moovitapp.com/index/pt-br/transporte_p%C3%BAblico-line-0_114-Brasilia-1702-850942-242379-0,-1.0,-15.82162,-47.91878,,,,1,2023-06-16T16:02:51+00:00
BRA_120677,Brasília,5300108,,Piracicabana,0.128,https://moovitapp.com/index/pt-br/transporte_p%C3%BAblico-line-0_128-Brasilia-1702-850942-382511-0,-1.0,-15.73398,-47.90411,,,,,2023-06-16T16:02:51+00:00
BRA_119415,Brasília,5300108,,Piracicabana,104.1,https://moovitapp.com/index/pt-br/transporte_p%C3%BAblico-line-104_1-Brasilia-1702-850942-242430-0,-1.0,-15.79447,-47.84755,,,,,2023-06-16T16:02:51+00:00
BRA_118788,Brasília,5300108,,Piracicabana,0.103,https://moovitapp.com/index/pt-br/transporte_p%C3%BAblico-line-0_103-Brasilia-1702-850942-335705-0,-1.0,-15.79441,-47.88205,,,,1,2023-06-16T16:02:51+00:00
BRA_118656,Brasília,5300108,,Piracicabana,105.2,https://moovitapp.com/index/pt-br/transporte_p%C3%BAblico-line-105_2-Brasilia-1702-850942-12015265-0,-1.0,-15.81262,-47.9067,,,,,2023-06-16T16:02:52+00:00
BRA_119741,Brasília,5300108,,Piracicabana,0.501,https://moovitapp.com/index/pt-br/transporte_p%C3%BAblico-line-0_501-Brasilia-1702-850942-663228-0,-1.0,-15.79508,-47.88393,,,,,2023-06-16T16:02:52+00:00
BRA_120413,Brasília,5300108,,Piracicabana,066.4,https://moovitapp.com/index/pt-br/transporte_p%C3%BAblico-line-066_4-Brasilia-1702-850942-763557-0,-1.0,-15.62915,-47.6592,,,,,2023-06-16T16:02:53+00:00
BRA_118958,Brasília,5300108,,Piracicabana,640.2,https://moovitapp.com/index/pt-br/transporte_p%C3%BAblico-line-640_2-Brasilia-1702-850942-697957-0,-1.0,-15.81809,-47.91388,,,,,2023-06-16T16:02:53+00:00
BRA_117528,Brasília,5300108,,Piracicabana,062.5,https://moovitapp.com/index/pt-br/transporte_p%C3%BAblico-line-062_5-Brasilia-1702-850942-339835-0,-1.0,-15.66515,-47.80729,,,,,2023-06-16T16:02:53+00:00
BRA_116254,Brasília,5300108,,Piracicabana,601.5,https://moovitapp.com/index/pt-br/transporte_p%C3%BAblico-line-601_5-Brasilia-1702-850942-697953-0,-1.0,-15.61509,-47.65641,,,,,2023-06-16T16:02:53+00:00
BRA_119601,Brasília,5300108,,Piracicabana,512.1,https://moovitapp.com/index/pt-br/transporte_p%C3%BAblico-line-512_1-Brasilia-1702-850942-474401-0,-1.0,-15.78643,-47.88781,,,,1,2023-06-16T16:02:54+00:00
BRA_119571,Brasília,5300108,,Piracicabana,512.1,https://moovitapp.com/index/pt-br/transporte_p%C3%BAblico-line-512_1-Brasilia-1702-850942-474401-0,-1.0,-15.67008,-47.81483,,,,,2023-06-16T16:02:54+00:00
BRA_120596,Brasília,5300108,,Piracicabana,504.4,https://moovitapp.com/index/pt-br/transporte_p%C3%BAblico-line-504_4-Brasilia-1702-850942-771759-0,-1.0,-15.65259,-47.80141,,,,,2023-06-16T16:02:54+00:00
BRA_120669,Brasília,5300108,,Piracicabana,640.2,https://moovitapp.com/index/pt-br/transporte_p%C3%BAblico-line-640_2-Brasilia-1702-850942-697957-0,-1.0,-15.83538,-47.93179,,,,,2023-06-16T16:02:54+00:00
BRA_118176,Brasília,5300108,,Piracicabana,066.2,https://moovitapp.com/index/pt-br/transporte_p%C3%BAblico-line-066_2-Brasilia-1702-850942-339293-0,-1.0,-15.60317,-47.68431,,,,,2023-06-16T16:02:55+00:00
BRA_120359,Brasília,5300108,,Piracicabana,0.110,https://moovitapp.com/index/pt-br/transporte_p%C3%BAblico-line-0_110-Brasilia-1702-850942-339284-0,-1.0,-15.79441,-47.88268,,,,1,2023-06-16T16:02:56+00:00
BRA_120511,Brasília,5300108,,Piracicabana,504.1,https://moovitapp.com/index/pt-br/transporte_p%C3%BAblico-line-504_1-Brasilia-1702-850942-242476-0,-1.0,-15.61876,-47.65425,,,,1,2023-06-16T16:02:57+00:00
BRA_120472,Brasília,5300108,,Piracicabana,153.2,https://moovitapp.com/index/pt-br/transporte_p%C3%BAblico-line-153_2-Brasilia-1702-850942-775093-0,-1.0,-15.80951,-47.97482,,,,,2023-06-16T16:02:58+00:00
BRA_119962,Brasília,5300108,,Piracicabana,0.128,https://moovitapp.com/index/pt-br/transporte_p%C3%BAblico-line-0_128-Brasilia-1702-850942-382511-0,-1.0,-15.79317,-47.88171,,,,1,2023-06-16T16:02:58+00:00
BRA_116432,Brasília,5300108,,Piracicabana,064.1,https://moovitapp.com/index/pt-br/transporte_p%C3%BAblico-line-064_1-Brasilia-1702-850942-339292-0,-1.0,-15.6352,-47.64401,,,,1,2023-06-16T16:02:58+00:00
BRA_120090,Brasília,5300108,,Piracicabana,107.1,https://moovitapp.com/index/pt-br/transporte_p%C3%BAblico-line-107_1-Brasilia-1702-850942-242434-0,-1.0,-15.80094,-47.89444,,,,1,2023-06-16T16:02:59+00:00
