bus_id,city,city_code,adapted,agency,line_code,line_url,line_fare,latitude,longitude,bus_speed,is_eletric,bus_type,bus_direction,updated_at
BRA_336521,Brasília,5300108,,Urbi,0.871,https://moovitapp.com/index/pt-br/transporte_p%C3%BAblico-line-0_871-Brasilia-1702-851595-418741-0,-1.0,-15.90326,-48.05306,9.44,,,1,2023-06-17T00:23:40+00:00
BRA_340405,Brasília,5300108,,Urbi,056.4,https://moovitapp.com/index/pt-br/transporte_p%C3%BAblico-line-056_4-Brasilia-1702-851595-519387-0,-1.0,-15.85554,-48.12038,4.17,,,1,2023-06-17T00:25:32+00:00
BRA_340669,Brasília,5300108,,Urbi,0.366,https://moovitapp.com/index/pt-br/transporte_p%C3%BAblico-line-0_366-Brasilia-1702-851595-650085-0,-1.0,-15.87131,-48.06445,8.33,,,2,2023-06-17T00:33:39+00:00
BRA_338427,Brasília,5300108,,Urbi,0.809,https://moovitapp.com/index/pt-br/transporte_p%C3%BAblico-line-0_809-Brasilia-1702-851595-516630-0,-1.0,-15.87487,-48.04604,15.28,,,1,2023-06-17T00:34:23+00:00
BRA_338648,Brasília,5300108,,Urbi,805.1,https://moovitapp.com/index/pt-br/transporte_p%C3%BAblico-line-805_1-Brasilia-1702-851595-454980-0,-1.0,-15.84039,-48.04942,0.0,,,1,2023-06-17T00:37:23+00:00
BRA_339121,Brasília,5300108,,Urbi,0.087,https://moovitapp.com/index/pt-br/transporte_p%C3%BAblico-line-0_087-Brasilia-1702-851595-242519-0,-1.0,-15.79631,-47.94616,11.94,,,1,2023-06-17T00:38:41+00:00
BRA_340481,Brasília,5300108,,Urbi,0.391,https://moovitapp.com/index/pt-br/transporte_p%C3%BAblico-line-0_391-Brasilia-1702-851595-372354-0,-1.0,-15.75131,-47.89473,0.0,,,1,2023-06-17T00:39:42+00:00
BRA_340189,Brasília,5300108,,Urbi,391.3,https://moovitapp.com/index/pt-br/transporte_p%C3%BAblico-line-391_3-Brasilia-1702-851595-372373-0,-1.0,-15.87694,-48.0202,4.44,,,2,2023-06-17T00:39:46+00:00
BRA_337676,Brasília,5300108,,Urbi,807.9,https://moovitapp.com/index/pt-br/transporte_p%C3%BAblico-line-807_9-Brasilia-1702-851595-322409-0,-1.0,-15.92144,-48.05274,6.11,,,2,2023-06-17T00:39:49+00:00
BRA_339903,Brasília,5300108,,Urbi,0.082,https://moovitapp.com/index/pt-br/transporte_p%C3%BAblico-line-0_082-Brasilia-1702-851595-781326-0,-1.0,-15.81283,-47.94862,14.72,,,1,2023-06-17T00:39:51+00:00
BRA_335495,Brasília,5300108,,Urbi,0.825,https://moovitapp.com/index/pt-br/transporte_p%C3%BAblico-line-0_825-Brasilia-1702-851595-334081-0,-1.0,-15.88061,-48.07804,3.61,,,2,2023-06-17T00:39:52+00:00
BRA_338923,Brasília,5300108,,Urbi,0.808,https://moovitapp.com/index/pt-br/transporte_p%C3%BAblico-line-0_808-Brasilia-1702-851595-372359-0,-1.0,-15.91138,-48.09389,11.11,,,1,2023-06-17T00:39:55+00:00
BRA_339946,Brasília,5300108,,Urbi,3964,https://moovitapp.com/index/pt-br/transporte_p%C3%BAblico-line-3964-Brasilia-1702-851595-91525612-0,-1.0,-15.84895,-47.95488,15.56,,,1,2023-06-17T00:39:56+00:00
BRA_333883,Brasília,5300108,,Urbi,373.2,https://moovitapp.com/index/pt-br/transporte_p%C3%BAblico-line-373_2-Brasilia-1702-851595-334084-0,-1.0,-15.82233,-47.90955,0.0,,,2,2023-06-17T00:39:56+00:00
BRA_336211,Brasília,5300108,,Urbi,394.1,https://moovitapp.com/index/pt-br/transporte_p%C3%BAblico-line-394_1-Brasilia-1702-851595-334089-0,-1.0,-15.81686,-48.01112,19.44,,,1,2023-06-17T00:40:01+00:00
BRA_336645,Brasília,5300108,,Urbi,0.399,https://moovitapp.com/index/pt-br/transporte_p%C3%BAblico-line-0_399-Brasilia-1702-851595-454964-0,-1.0,-15.83417,-48.08088,14.72,,,1,2023-06-17T00:40:02+00:00
BRA_339113,Brasília,5300108,,Urbi,806.1,https://moovitapp.com/index/pt-br/transporte_p%C3%BAblico-line-806_1-Brasilia-1702-851595-775104-0,-1.0,-15.89994,-48.04169,10.83,,,1,2023-06-17T00:40:02+00:00
BRA_336866,Brasília,5300108,,Urbi,0.813,https://moovitapp.com/index/pt-br/transporte_p%C3%BAblico-line-0_813-Brasilia-1702-851595-651523-0,-1.0,-15.81334,-47.93773,11.94,,,2,2023-06-17T00:40:03+00:00
BRA_340456,Brasília,5300108,,Urbi,0.391,https://moovitapp.com/index/pt-br/transporte_p%C3%BAblico-line-0_391-Brasilia-1702-851595-372354-0,-1.0,-15.80921,-47.93954,12.78,,,2,2023-06-17T00:40:03+00:00
BRA_335550,Brasília,5300108,,Urbi,056.2,https://moovitapp.com/index/pt-br/transporte_p%C3%BAblico-line-056_2-Brasilia-1702-851595-492982-0,-1.0,-15.88144,-48.10978,15.28,,,1,2023-06-17T00:40:05+00:00
BRA_338087,Brasília,5300108,,Urbi,0.898,https://moovitapp.com/index/pt-br/transporte_p%C3%BAblico-line-0_898-Brasilia-1702-851595-322394-0,-1.0,-15.886,-48.05399,10.28,,,1,2023-06-17T00:40:06+00:00
BRA_336335,Brasília,5300108,,Urbi,394.1,https://moovitapp.com/index/pt-br/transporte_p%C3%BAblico-line-394_1-Brasilia-1702-851595-334089-0,-1.0,-15.90025,-48.12354,0.0,,,1,2023-06-17T00:40:08+00:00
BRA_336581,Brasília,5300108,,Urbi,0.813,https://moovitapp.com/index/pt-br/transporte_p%C3%BAblico-line-0_813-Brasilia-1702-851595-651523-0,-1.0,-15.7359,-47.90717,0.0,,,2,2023-06-17T00:40:10+00:00
BRA_336394,Brasília,5300108,,Urbi,380.2,https://moovitapp.com/index/pt-br/transporte_p%C3%BAblico-line-380_2-Brasilia-1702-851595-334086-0,-1.0,-15.85235,-48.06993,8.89,,,2,2023-06-17T00:40:11+00:00
BRA_336246,Brasília,5300108,,Urbi,380.2,https://moovitapp.com/index/pt-br/transporte_p%C3%BAblico-line-380_2-Brasilia-1702-851595-334086-0,-1.0,-15.88564,-48.14485,7.22,,,1,2023-06-17T00:40:11+00:00
BRA_337731,Brasília,5300108,,Urbi,870.1,https://moovitapp.com/index/pt-br/transporte_p%C3%BAblico-line-870_1-Brasilia-1702-851595-715272-0,-1.0,-15.82529,-47.91105,16.67,,,1,2023-06-17T00:40:11+00:00
BRA_340642,Brasília,5300108,,Urbi,372.3,https://moovitapp.com/index/pt-br/transporte_p%C3%BAblico-line-372_3-Brasilia-1702-851595-641001-0,-1.0,-15.81716,-48.0663,14.72,,,2,2023-06-17T00:40:11+00:00
BRA_340073,Brasília,5300108,,Urbi,366.1,https://moovitapp.com/index/pt-br/transporte_p%C3%BAblico-line-366_1-Brasilia-1702-851595-425249-0,-1.0,-15.87702,-48.06647,7.5,,,2,2023-06-17T00:40:12+00:00
BRA_336513,Brasília,5300108,,Urbi,0.871,https://moovitapp.com/index/pt-br/transporte_p%C3%BAblico-line-0_871-Brasilia-1702-851595-418741-0,-1.0,-15.79368,-47.88271,1.67,,,2,2023-06-17T00:40:13+00:00
BRA_337978,Brasília,5300108,,Urbi,813.2,https://moovitapp.com/index/pt-br/transporte_p%C3%BAblico-line-813_2-Brasilia-1702-851595-242636-0,-1.0,-15.90354,-48.07177,9.72,,,2,2023-06-17T00:40:14+00:00
BRA_340774,Brasília,5300108,,Urbi,0.160,https://moovitapp.com/index/pt-br/transporte_p%C3%BAblico-line-0_160-Brasilia-1702-851595-470755-0,-1.0,-15.82588,-47.91441,13.33,,,2,2023-06-17T00:40:14+00:00
BRA_338443,Brasília,5300108,,Urbi,0.038,https://moovitapp.com/index/pt-br/transporte_p%C3%BAblico-line-0_038-Brasilia-1702-851595-687419-0,-1.0,-15.8419,-48.04556,8.33,,,1,2023-06-17T00:40:17+00:00
BRA_336823,Brasília,5300108,,Urbi,814.1,https://moovitapp.com/index/pt-br/transporte_p%C3%BAblico-line-814_1-Brasilia-1702-851595-492985-0,-1.0,-15.87368,-48.05847,5.0,,,1,2023-06-17T00:40:17+00:00
BRA_337102,Brasília,5300108,,Urbi,807.8,https://moovitapp.com/index/pt-br/transporte_p%C3%BAblico-line-807_8-Brasilia-1702-851595-322408-0,-1.0,-15.94937,-48.03365,0.0,,,2,2023-06-17T00:40:18+00:00
BRA_335398,Brasília,5300108,,Urbi,366.1,https://moovitapp.com/index/pt-br/transporte_p%C3%BAblico-line-366_1-Brasilia-1702-851595-425249-0,-1.0,-15.89551,-48.11523,12.22,,,2,2023-06-17T00:40:18+00:00
BRA_333859,Brasília,5300108,,Urbi,0.050,https://moovitapp.com/index/pt-br/transporte_p%C3%BAblico-line-0_050-Brasilia-1702-851595-781325-0,-1.0,-15.89389,-48.13877,0.0,,,1,2023-06-17T00:40:18+00:00
BRA_340197,Brasília,5300108,,Urbi,0.373,https://moovitapp.com/index/pt-br/transporte_p%C3%BAblico-line-0_373-Brasilia-1702-851595-334072-0,-1.0,-15.87486,-48.03248,3.33,,,2,2023-06-17T00:40:18+00:00
BRA_338516,Brasília,5300108,,Urbi,871.3,https://moovitapp.com/index/pt-br/transporte_p%C3%BAblico-line-871_3-Brasilia-1702-851595-588820-0,-1.0,-15.87627,-47.99083,12.78,,,2,2023-06-17T00:40:18+00:00
BRA_336793,Brasília,5300108,,Urbi,380.2,https://moovitapp.com/index/pt-br/transporte_p%C3%BAblico-line-380_2-Brasilia-1702-851595-334086-0,-1.0,-15.78578,-47.90182,9.44,,,2,2023-06-17T00:40:19+00:00
BRA_340413,Brasília,5300108,,Urbi,0.391,https://moovitapp.com/index/pt-br/transporte_p%C3%BAblico-line-0_391-Brasilia-1702-851595-372354-0,-1.0,-15.73596,-47.90671,0.0,,,2,2023-06-17T00:40:20+00:00
BRA_338435,Brasília,5300108,,Urbi,0.809,https://moovitapp.com/index/pt-br/transporte_p%C3%BAblico-line-0_809-Brasilia-1702-851595-516630-0,-1.0,-15.87523,-48.03056,16.94,,,2,2023-06-17T00:40:20+00:00
BRA_337650,Brasília,5300108,,Urbi,0.175,https://moovitapp.com/index/pt-br/transporte_p%C3%BAblico-line-0_175-Brasilia-1702-851595-242526-0,-1.0,-15.84999,-47.95449,14.72,,,1,2023-06-17T00:40:20+00:00
BRA_338303,Brasília,5300108,,Urbi,0.805,https://moovitapp.com/index/pt-br/transporte_p%C3%BAblico-line-0_805-Brasilia-1702-851595-460800-0,-1.0,-15.84947,-48.04766,15.0,,,1,2023-06-17T00:40:21+00:00
BRA_339261,Brasília,5300108,,Urbi,0.367,https://moovitapp.com/index/pt-br/transporte_p%C3%BAblico-line-0_367-Brasilia-1702-851595-519380-0,-1.0,-15.84947,-48.04766,10.56,,,1,2023-06-17T00:40:22+00:00
BRA_336840,Brasília,5300108,,Urbi,0.811,https://moovitapp.com/index/pt-br/transporte_p%C3%BAblico-line-0_811-Brasilia-1702-851595-334078-0,-1.0,-15.87854,-48.05296,7.78,,,2,2023-06-17T00:40:22+00:00
BRA_336629,Brasília,5300108,,Urbi,0.813,https://moovitapp.com/index/pt-br/transporte_p%C3%BAblico-line-0_813-Brasilia-1702-851595-651523-0,-1.0,-15.81431,-48.00383,18.33,,,1,2023-06-17T00:40:22+00:00
BRA_336556,Brasília,5300108,,Urbi,807.8,https://moovitapp.com/index/pt-br/transporte_p%C3%BAblico-line-807_8-Brasilia-1702-851595-322408-0,-1.0,-15.91642,-48.04679,14.17,,,2,2023-06-17T00:40:22+00:00
BRA_336602,Brasília,5300108,,Urbi,0.810,https://moovitapp.com/index/pt-br/transporte_p%C3%BAblico-line-0_810-Brasilia-1702-851595-363856-0,-1.0,-15.86656,-47.96505,8.06,,,1,2023-06-17T00:40:23+00:00
BRA_336033,Brasília,5300108,,Urbi,0.373,https://moovitapp.com/index/pt-br/transporte_p%C3%BAblico-line-0_373-Brasilia-1702-851595-334072-0,-1.0,-15.82098,-47.90506,13.61,,,1,2023-06-17T00:40:23+00:00
BRA_335754,Brasília,5300108,,Urbi,056.2,https://moovitapp.com/index/pt-br/transporte_p%C3%BAblico-line-056_2-Brasilia-1702-851595-492982-0,-1.0,-15.89956,-48.12222,0.0,,,1,2023-06-17T00:40:23+00:00
BRA_340103,Brasília,5300108,,Urbi,373.2,https://moovitapp.com/index/pt-br/transporte_p%C3%BAblico-line-373_2-Brasilia-1702-851595-334084-0,-1.0,-15.88169,-48.0569,16.94,,,1,2023-06-17T00:40:23+00:00
BRA_339326,Brasília,5300108,,Urbi,0.163,https://moovitapp.com/index/pt-br/transporte_p%C3%BAblico-line-0_163-Brasilia-1702-851595-352629-0,-1.0,-15.86791,-47.96347,9.72,,,1,2023-06-17T00:40:23+00:00
BRA_340723,Brasília,5300108,,Urbi,396.3,https://moovitapp.com/index/pt-br/transporte_p%C3%BAblico-line-396_3-Brasilia-1702-851595-372378-0,-1.0,-15.82603,-47.93277,9.44,,,2,2023-06-17T00:40:23+00:00
BRA_340251,Brasília,5300108,,Urbi,0.171,https://moovitapp.com/index/pt-br/transporte_p%C3%BAblico-line-0_171-Brasilia-1702-851595-242524-0,-1.0,-15.86093,-47.95741,15.56,,,2,2023-06-17T00:40:24+00:00
BRA_340367,Brasília,5300108,,Urbi,372.5,https://moovitapp.com/index/pt-br/transporte_p%C3%BAblico-line-372_5-Brasilia-1702-851595-519391-0,-1.0,-15.87325,-48.0955,11.11,,,1,2023-06-17T00:40:24+00:00
BRA_339377,Brasília,5300108,,Urbi,0.053,https://moovitapp.com/index/pt-br/transporte_p%C3%BAblico-line-0_053-Brasilia-1702-851595-588803-0,-1.0,-15.85286,-48.03988,15.28,,,1,2023-06-17T00:40:24+00:00
BRA_337617,Brasília,5300108,,Urbi,813.2,https://moovitapp.com/index/pt-br/transporte_p%C3%BAblico-line-813_2-Brasilia-1702-851595-242636-0,-1.0,-15.77476,-47.88797,5.0,,,1,2023-06-17T00:40:25+00:00
BRA_337951,Brasília,5300108,,Urbi,0.368,https://moovitapp.com/index/pt-br/transporte_p%C3%BAblico-line-0_368-Brasilia-1702-851595-706971-0,-1.0,-15.83174,-48.05859,4.72,,,1,2023-06-17T00:40:25+00:00
BRA_339105,Brasília,5300108,,Urbi,0.873,https://moovitapp.com/index/pt-br/transporte_p%C3%BAblico-line-0_873-Brasilia-1702-851595-510238-0,-1.0,-15.92557,-48.05142,8.61,,,1,2023-06-17T00:40:25+00:00
BRA_338265,Brasília,5300108,,Urbi,0.810,https://moovitapp.com/index/pt-br/transporte_p%C3%BAblico-line-0_810-Brasilia-1702-851595-363856-0,-1.0,-15.82246,-47.9507,9.72,,,2,2023-06-17T00:40:26+00:00
BRA_336416,Brasília,5300108,,Urbi,0.871,https://moovitapp.com/index/pt-br/transporte_p%C3%BAblico-line-0_871-Brasilia-1702-851595-418741-0,-1.0,-15.92121,-48.0547,5.0,,,2,2023-06-17T00:40:26+00:00
BRA_339717,Brasília,5300108,,Urbi,393.7,https://moovitapp.com/index/pt-br/transporte_p%C3%BAblico-line-393_7-Brasilia-1702-851595-588818-0,-1.0,-15.84374,-48.04468,1.94,,,1,2023-06-17T00:40:26+00:00
BRA_337251,Brasília,5300108,,Urbi,870.7,https://moovitapp.com/index/pt-br/transporte_p%C3%BAblico-line-870_7-Brasilia-1702-851595-531037-0,-1.0,-15.92313,-48.05225,9.44,,,1,2023-06-17T00:40:26+00:00
BRA_338966,Brasília,5300108,,Urbi,807.9,https://moovitapp.com/index/pt-br/transporte_p%C3%BAblico-line-807_9-Brasilia-1702-851595-322409-0,-1.0,-15.90252,-48.05992,11.39,,,1,2023-06-17T00:40:27+00:00
BRA_340146,Brasília,5300108,,Urbi,372.4,https://moovitapp.com/index/pt-br/transporte_p%C3%BAblico-line-372_4-Brasilia-1702-851595-650087-0,-1.0,-15.83207,-48.05769,0.0,,,1,2023-06-17T00:40:27+00:00
BRA_339318,Brasília,5300108,,Urbi,396.2,https://moovitapp.com/index/pt-br/transporte_p%C3%BAblico-line-396_2-Brasilia-1702-851595-372377-0,-1.0,-15.88062,-48.09504,5.0,,,1,2023-06-17T00:40:27+00:00
BRA_339342,Brasília,5300108,,Urbi,396.2,https://moovitapp.com/index/pt-br/transporte_p%C3%BAblico-line-396_2-Brasilia-1702-851595-372377-0,-1.0,-15.82514,-47.93343,11.94,,,2,2023-06-17T00:40:28+00:00
BRA_336670,Brasília,5300108,,Urbi,0.050,https://moovitapp.com/index/pt-br/transporte_p%C3%BAblico-line-0_050-Brasilia-1702-851595-781325-0,-1.0,-15.84161,-48.04844,0.0,,,1,2023-06-17T00:40:28+00:00
BRA_338745,Brasília,5300108,,Urbi,807.6,https://moovitapp.com/index/pt-br/transporte_p%C3%BAblico-line-807_6-Brasilia-1702-851595-334092-0,-1.0,-15.91648,-48.06233,10.83,,,1,2023-06-17T00:40:28+00:00
BRA_336084,Brasília,5300108,,Urbi,084.1,https://moovitapp.com/index/pt-br/transporte_p%C3%BAblico-line-084_1-Brasilia-1702-851595-466292-0,-1.0,-15.78399,-47.93269,10.56,,,1,2023-06-17T00:40:28+00:00
BRA_336351,Brasília,5300108,,Urbi,0.380,https://moovitapp.com/index/pt-br/transporte_p%C3%BAblico-line-0_380-Brasilia-1702-851595-334073-0,-1.0,-15.87115,-48.102,12.5,,,1,2023-06-17T00:40:28+00:00
BRA_337404,Brasília,5300108,,Urbi,0.886,https://moovitapp.com/index/pt-br/transporte_p%C3%BAblico-line-0_886-Brasilia-1702-851595-704024-0,-1.0,-15.87849,-48.00045,12.22,,,2,2023-06-17T00:40:28+00:00
BRA_337269,Brasília,5300108,,Urbi,871.3,https://moovitapp.com/index/pt-br/transporte_p%C3%BAblico-line-871_3-Brasilia-1702-851595-588820-0,-1.0,-15.8768,-47.9936,15.0,,,1,2023-06-17T00:40:29+00:00
BRA_339695,Brasília,5300108,,Urbi,3964,https://moovitapp.com/index/pt-br/transporte_p%C3%BAblico-line-3964-Brasilia-1702-851595-91525612-0,-1.0,-15.87635,-48.02446,15.56,,,2,2023-06-17T00:40:29+00:00
BRA_336424,Brasília,5300108,,Urbi,0.805,https://moovitapp.com/index/pt-br/transporte_p%C3%BAblico-line-0_805-Brasilia-1702-851595-460800-0,-1.0,-15.84947,-48.04766,8.89,,,1,2023-06-17T00:40:29+00:00
BRA_336220,Brasília,5300108,,Urbi,0.394,https://moovitapp.com/index/pt-br/transporte_p%C3%BAblico-line-0_394-Brasilia-1702-851595-334076-0,-1.0,-15.82283,-48.02366,17.5,,,2,2023-06-17T00:40:29+00:00
BRA_340022,Brasília,5300108,,Urbi,367.2,https://moovitapp.com/index/pt-br/transporte_p%C3%BAblico-line-367_2-Brasilia-1702-851595-454971-0,-1.0,-15.88024,-48.10606,7.5,,,1,2023-06-17T00:40:29+00:00
BRA_335835,Brasília,5300108,,Urbi,397.2,https://moovitapp.com/index/pt-br/transporte_p%C3%BAblico-line-397_2-Brasilia-1702-851595-890938-0,-1.0,-15.88055,-48.10775,0.0,,,2,2023-06-17T00:40:30+00:00
BRA_339334,Brasília,5300108,,Urbi,366.1,https://moovitapp.com/index/pt-br/transporte_p%C3%BAblico-line-366_1-Brasilia-1702-851595-425249-0,-1.0,-15.88368,-48.14985,0.0,,,2,2023-06-17T00:40:30+00:00
BRA_338486,Brasília,5300108,,Urbi,0.808,https://moovitapp.com/index/pt-br/transporte_p%C3%BAblico-line-0_808-Brasilia-1702-851595-372359-0,-1.0,-15.9035,-48.06398,13.61,,,2,2023-06-17T00:40:30+00:00
BRA_335801,Brasília,5300108,,Urbi,0.845,https://moovitapp.com/index/pt-br/transporte_p%C3%BAblico-line-0_845-Brasilia-1702-851595-339304-0,-1.0,-15.80028,-47.94677,8.89,,,2,2023-06-17T00:40:30+00:00
BRA_339512,Brasília,5300108,,Urbi,0.806,https://moovitapp.com/index/pt-br/transporte_p%C3%BAblico-line-0_806-Brasilia-1702-851595-339299-0,-1.0,-15.96068,-48.02331,16.94,,,1,2023-06-17T00:40:30+00:00
BRA_336904,Brasília,5300108,,Urbi,0.175,https://moovitapp.com/index/pt-br/transporte_p%C3%BAblico-line-0_175-Brasilia-1702-851595-242526-0,-1.0,-15.78533,-47.88788,2.5,,,1,2023-06-17T00:40:30+00:00
BRA_336327,Brasília,5300108,,Urbi,394.1,https://moovitapp.com/index/pt-br/transporte_p%C3%BAblico-line-394_1-Brasilia-1702-851595-334089-0,-1.0,-15.87402,-48.03918,18.89,,,2,2023-06-17T00:40:31+00:00
BRA_338192,Brasília,5300108,,Urbi,0.087,https://moovitapp.com/index/pt-br/transporte_p%C3%BAblico-line-0_087-Brasilia-1702-851595-242519-0,-1.0,-15.87657,-47.9948,0.0,,,1,2023-06-17T00:40:31+00:00
BRA_339083,Brasília,5300108,,Urbi,0.175,https://moovitapp.com/index/pt-br/transporte_p%C3%BAblico-line-0_175-Brasilia-1702-851595-242526-0,-1.0,-15.88611,-48.01666,7.5,,,1,2023-06-17T00:40:31+00:00
BRA_340375,Brasília,5300108,,Urbi,0.129,https://moovitapp.com/index/pt-br/transporte_p%C3%BAblico-line-0_129-Brasilia-1702-851595-775097-0,-1.0,-15.86731,-47.9626,5.28,,,2,2023-06-17T00:40:31+00:00
BRA_336874,Brasília,5300108,,Urbi,813.1,https://moovitapp.com/index/pt-br/transporte_p%C3%BAblico-line-813_1-Brasilia-1702-851595-242635-0,-1.0,-15.88187,-48.05729,19.17,,,1,2023-06-17T00:40:31+00:00
BRA_338672,Brasília,5300108,,Urbi,0.811,https://moovitapp.com/index/pt-br/transporte_p%C3%BAblico-line-0_811-Brasilia-1702-851595-334078-0,-1.0,-15.79656,-47.89153,0.0,,,2,2023-06-17T00:40:32+00:00
BRA_338788,Brasília,5300108,,Urbi,807.1,https://moovitapp.com/index/pt-br/transporte_p%C3%BAblico-line-807_1-Brasilia-1702-851595-322407-0,-1.0,-15.93304,-48.1092,0.28,,,1,2023-06-17T00:40:32+00:00
BRA_333964,Brasília,5300108,,Urbi,393.4,https://moovitapp.com/index/pt-br/transporte_p%C3%BAblico-line-393_4-Brasilia-1702-851595-588816-0,-1.0,-15.82717,-48.05936,10.83,,,2,2023-06-17T00:40:32+00:00
BRA_336475,Brasília,5300108,,Urbi,813.1,https://moovitapp.com/index/pt-br/transporte_p%C3%BAblico-line-813_1-Brasilia-1702-851595-242635-0,-1.0,-15.87404,-48.03852,11.94,,,2,2023-06-17T00:40:32+00:00
BRA_339466,Brasília,5300108,,Urbi,872.9,https://moovitapp.com/index/pt-br/transporte_p%C3%BAblico-line-872_9-Brasilia-1702-851595-372394-0,-1.0,-15.91637,-48.06239,9.44,,,1,2023-06-17T00:40:32+00:00
BRA_336971,Brasília,5300108,,Urbi,0.172,https://moovitapp.com/index/pt-br/transporte_p%C3%BAblico-line-0_172-Brasilia-1702-851595-470756-0,-1.0,-15.88033,-48.00582,14.44,,,2,2023-06-17T00:40:33+00:00
BRA_339890,Brasília,5300108,,Urbi,0.393,https://moovitapp.com/index/pt-br/transporte_p%C3%BAblico-line-0_393-Brasilia-1702-851595-588805-0,-1.0,-15.81718,-48.06271,0.0,,,1,2023-06-17T00:40:33+00:00
BRA_340031,Brasília,5300108,,Urbi,391.3,https://moovitapp.com/index/pt-br/transporte_p%C3%BAblico-line-391_3-Brasilia-1702-851595-372373-0,-1.0,-15.87767,-48.00353,16.67,,,1,2023-06-17T00:40:33+00:00
BRA_340049,Brasília,5300108,,Urbi,0.054,https://moovitapp.com/index/pt-br/transporte_p%C3%BAblico-line-0_054-Brasilia-1702-851595-454960-0,-1.0,-15.82376,-48.06051,10.0,,,1,2023-06-17T00:40:33+00:00
BRA_340430,Brasília,5300108,,Urbi,3914,https://moovitapp.com/index/pt-br/transporte_p%C3%BAblico-line-3914-Brasilia-1702-851595-91201009-0,-1.0,-15.8736,-48.04148,0.0,,,2,2023-06-17T00:40:33+00:00
BRA_339881,Brasília,5300108,,Urbi,396.3,https://moovitapp.com/index/pt-br/transporte_p%C3%BAblico-line-396_3-Brasilia-1702-851595-372378-0,-1.0,-15.81114,-47.94339,10.28,,,1,2023-06-17T00:40:34+00:00
BRA_336661,Brasília,5300108,,Urbi,0.380,https://moovitapp.com/index/pt-br/transporte_p%C3%BAblico-line-0_380-Brasilia-1702-851595-334073-0,-1.0,-15.79314,-47.88239,6.67,,,2,2023-06-17T00:40:34+00:00
BRA_338338,Brasília,5300108,,Urbi,0.811,https://moovitapp.com/index/pt-br/transporte_p%C3%BAblico-line-0_811-Brasilia-1702-851595-334078-0,-1.0,-15.82802,-47.92764,13.06,,,1,2023-06-17T00:40:34+00:00
BRA_338184,Brasília,5300108,,Urbi,0.898,https://moovitapp.com/index/pt-br/transporte_p%C3%BAblico-line-0_898-Brasilia-1702-851595-322394-0,-1.0,-15.83224,-48.05326,13.33,,,1,2023-06-17T00:40:34+00:00
BRA_338605,Brasília,5300108,,Urbi,813.2,https://moovitapp.com/index/pt-br/transporte_p%C3%BAblico-line-813_2-Brasilia-1702-851595-242636-0,-1.0,-15.9062,-48.08025,10.56,,,1,2023-06-17T00:40:34+00:00
BRA_338958,Brasília,5300108,,Urbi,813.2,https://moovitapp.com/index/pt-br/transporte_p%C3%BAblico-line-813_2-Brasilia-1702-851595-242636-0,-1.0,-15.73643,-47.90689,16.11,,,2,2023-06-17T00:40:34+00:00
BRA_336467,Brasília,5300108,,Urbi,0.881,https://moovitapp.com/index/pt-br/transporte_p%C3%BAblico-line-0_881-Brasilia-1702-851595-363857-0,-1.0,-15.82215,-48.02299,8.89,,,2,2023-06-17T00:40:34+00:00
BRA_336947,Brasília,5300108,,Urbi,871.3,https://moovitapp.com/index/pt-br/transporte_p%C3%BAblico-line-871_3-Brasilia-1702-851595-588820-0,-1.0,-15.73798,-47.89931,0.0,,,2,2023-06-17T00:40:34+00:00
BRA_336963,Brasília,5300108,,Urbi,807.8,https://moovitapp.com/index/pt-br/transporte_p%C3%BAblico-line-807_8-Brasilia-1702-851595-322408-0,-1.0,-15.94193,-48.03814,8.06,,,1,2023-06-17T00:40:34+00:00
BRA_339482,Brasília,5300108,,Urbi,038.1,https://moovitapp.com/index/pt-br/transporte_p%C3%BAblico-line-038_1-Brasilia-1702-851595-781327-0,-1.0,-15.88989,-48.01973,8.61,,,1,2023-06-17T00:40:34+00:00
BRA_337579,Brasília,5300108,,Urbi,086.1,https://moovitapp.com/index/pt-br/transporte_p%C3%BAblico-line-086_1-Brasilia-1702-851595-481321-0,-1.0,-15.86511,-47.97655,12.5,,,1,2023-06-17T00:40:34+00:00
BRA_337820,Brasília,5300108,,Urbi,0.882,https://moovitapp.com/index/pt-br/transporte_p%C3%BAblico-line-0_882-Brasilia-1702-851595-363858-0,-1.0,-15.87811,-48.00823,0.0,,,1,2023-06-17T00:40:34+00:00
BRA_336912,Brasília,5300108,,Urbi,0.176,https://moovitapp.com/index/pt-br/transporte_p%C3%BAblico-line-0_176-Brasilia-1702-851595-242527-0,-1.0,-15.92141,-48.1078,0.0,,,1,2023-06-17T00:40:35+00:00
BRA_336432,Brasília,5300108,,Urbi,870.1,https://moovitapp.com/index/pt-br/transporte_p%C3%BAblico-line-870_1-Brasilia-1702-851595-715272-0,-1.0,-15.82366,-47.91124,14.72,,,2,2023-06-17T00:40:35+00:00
BRA_336009,Brasília,5300108,,Urbi,0.171,https://moovitapp.com/index/pt-br/transporte_p%C3%BAblico-line-0_171-Brasilia-1702-851595-242524-0,-1.0,-15.81474,-47.90919,11.39,,,1,2023-06-17T00:40:35+00:00
BRA_335339,Brasília,5300108,,Urbi,0.366,https://moovitapp.com/index/pt-br/transporte_p%C3%BAblico-line-0_366-Brasilia-1702-851595-650085-0,-1.0,-15.88438,-48.13047,6.39,,,1,2023-06-17T00:40:35+00:00
BRA_335738,Brasília,5300108,,Urbi,393.6,https://moovitapp.com/index/pt-br/transporte_p%C3%BAblico-line-393_6-Brasilia-1702-851595-588817-0,-1.0,-15.83962,-48.04646,8.33,,,2,2023-06-17T00:40:35+00:00
BRA_338559,Brasília,5300108,,Urbi,874.4,https://moovitapp.com/index/pt-br/transporte_p%C3%BAblico-line-874_4-Brasilia-1702-851595-775106-0,-1.0,-15.87817,-48.01445,8.61,,,1,2023-06-17T00:40:35+00:00
BRA_336785,Brasília,5300108,,Urbi,0.394,https://moovitapp.com/index/pt-br/transporte_p%C3%BAblico-line-0_394-Brasilia-1702-851595-334076-0,-1.0,-15.88314,-48.09781,4.44,,,1,2023-06-17T00:40:35+00:00
BRA_339873,Brasília,5300108,,Urbi,391.3,https://moovitapp.com/index/pt-br/transporte_p%C3%BAblico-line-391_3-Brasilia-1702-851595-372373-0,-1.0,-15.81429,-47.90854,14.44,,,1,2023-06-17T00:40:36+00:00
BRA_340090,Brasília,5300108,,Urbi,0.056,https://moovitapp.com/index/pt-br/transporte_p%C3%BAblico-line-0_056-Brasilia-1702-851595-588804-0,-1.0,-15.82404,-48.11772,7.22,,,1,2023-06-17T00:40:36+00:00
BRA_335673,Brasília,5300108,,Urbi,0.373,https://moovitapp.com/index/pt-br/transporte_p%C3%BAblico-line-0_373-Brasilia-1702-851595-334072-0,-1.0,-15.88017,-48.12123,13.06,,,1,2023-06-17T00:40:37+00:00
BRA_336131,Brasília,5300108,,Urbi,870.7,https://moovitapp.com/index/pt-br/transporte_p%C3%BAblico-line-870_7-Brasilia-1702-851595-531037-0,-1.0,-15.91856,-48.05553,7.5,,,2,2023-06-17T00:40:37+00:00
BRA_340171,Brasília,5300108,,Urbi,0.391,https://moovitapp.com/index/pt-br/transporte_p%C3%BAblico-line-0_391-Brasilia-1702-851595-372354-0,-1.0,-15.87667,-48.11458,5.0,,,2,2023-06-17T00:40:37+00:00
BRA_340111,Brasília,5300108,,Urbi,366.1,https://moovitapp.com/index/pt-br/transporte_p%C3%BAblico-line-366_1-Brasilia-1702-851595-425249-0,-1.0,-15.88456,-48.08949,9.17,,,1,2023-06-17T00:40:38+00:00
BRA_339920,Brasília,5300108,,Urbi,366.7,https://moovitapp.com/index/pt-br/transporte_p%C3%BAblico-line-366_7-Brasilia-1702-851595-650086-0,-1.0,-15.87683,-48.08257,10.83,,,2,2023-06-17T00:40:38+00:00
BRA_338851,Brasília,5300108,,Urbi,0.172,https://moovitapp.com/index/pt-br/transporte_p%C3%BAblico-line-0_172-Brasilia-1702-851595-470756-0,-1.0,-15.88581,-48.02295,0.0,,,1,2023-06-17T00:40:38+00:00
BRA_336505,Brasília,5300108,,Urbi,874.4,https://moovitapp.com/index/pt-br/transporte_p%C3%BAblico-line-874_4-Brasilia-1702-851595-775106-0,-1.0,-15.87432,-47.98114,18.89,,,2,2023-06-17T00:40:38+00:00
BRA_337277,Brasília,5300108,,Urbi,805.9,https://moovitapp.com/index/pt-br/transporte_p%C3%BAblico-line-805_9-Brasilia-1702-851595-454983-0,-1.0,-15.83116,-48.05801,0.0,,,1,2023-06-17T00:40:38+00:00
BRA_337153,Brasília,5300108,,Urbi,0.872,https://moovitapp.com/index/pt-br/transporte_p%C3%BAblico-line-0_872-Brasilia-1702-851595-466291-0,-1.0,-15.86722,-48.03225,12.22,,,1,2023-06-17T00:40:38+00:00
BRA_337901,Brasília,5300108,,Urbi,0.809,https://moovitapp.com/index/pt-br/transporte_p%C3%BAblico-line-0_809-Brasilia-1702-851595-516630-0,-1.0,-15.79428,-47.88468,12.22,,,2,2023-06-17T00:40:38+00:00
BRA_339547,Brasília,5300108,,Urbi,807.9,https://moovitapp.com/index/pt-br/transporte_p%C3%BAblico-line-807_9-Brasilia-1702-851595-322409-0,-1.0,-15.8647,-48.05724,0.0,,,2,2023-06-17T00:40:39+00:00
BRA_338460,Brasília,5300108,,Urbi,0.882,https://moovitapp.com/index/pt-br/transporte_p%C3%BAblico-line-0_882-Brasilia-1702-851595-363858-0,-1.0,-15.88232,-48.06172,9.17,,,2,2023-06-17T00:40:39+00:00
BRA_339296,Brasília,5300108,,Urbi,396.3,https://moovitapp.com/index/pt-br/transporte_p%C3%BAblico-line-396_3-Brasilia-1702-851595-372378-0,-1.0,-15.73781,-47.89936,0.0,,,2,2023-06-17T00:40:40+00:00
BRA_339237,Brasília,5300108,,Urbi,0.821,https://moovitapp.com/index/pt-br/transporte_p%C3%BAblico-line-0_821-Brasilia-1702-851595-334080-0,-1.0,-15.84374,-47.91827,10.28,,,1,2023-06-17T00:40:40+00:00
BRA_339041,Brasília,5300108,,Urbi,870.1,https://moovitapp.com/index/pt-br/transporte_p%C3%BAblico-line-870_1-Brasilia-1702-851595-715272-0,-1.0,-15.94957,-48.03345,0.0,,,1,2023-06-17T00:40:40+00:00
BRA_335983,Brasília,5300108,,Urbi,0.825,https://moovitapp.com/index/pt-br/transporte_p%C3%BAblico-line-0_825-Brasilia-1702-851595-334081-0,-1.0,-15.89856,-48.12183,6.94,,,1,2023-06-17T00:40:40+00:00
BRA_337439,Brasília,5300108,,Urbi,0.886,https://moovitapp.com/index/pt-br/transporte_p%C3%BAblico-line-0_886-Brasilia-1702-851595-704024-0,-1.0,-15.81392,-48.06739,16.67,,,1,2023-06-17T00:40:40+00:00
BRA_337188,Brasília,5300108,,Urbi,806.1,https://moovitapp.com/index/pt-br/transporte_p%C3%BAblico-line-806_1-Brasilia-1702-851595-775104-0,-1.0,-15.88304,-48.06029,11.11,,,2,2023-06-17T00:40:40+00:00
BRA_440469,Brasília,5300108,,Marechal,260.3,https://moovitapp.com/index/pt-br/transporte_p%C3%BAblico-line-260_3-Brasilia-1702-851940-393566-0,-1.0,-15.874603,-48.04689,1.0,,,2,2023-06-17T00:40:29+00:00
BRA_443972,Brasília,5300108,,Marechal,0.363,https://moovitapp.com/index/pt-br/transporte_p%C3%BAblico-line-0_363-Brasilia-1702-851940-504339-0,-1.0,-15.838827,-48.128783,32.0,,,2,2023-06-17T00:40:29+00:00
BRA_445347,Brasília,5300108,,Marechal,337.1,https://moovitapp.com/index/pt-br/transporte_p%C3%BAblico-line-337_1-Brasilia-1702-851940-347165-0,-1.0,-15.822403,-47.920197,49.0,,,2,2023-06-17T00:40:30+00:00
BRA_440701,Brasília,5300108,,Marechal,260.3,https://moovitapp.com/index/pt-br/transporte_p%C3%BAblico-line-260_3-Brasilia-1702-851940-393566-0,-1.0,-15.98547,-47.987587,2.0,,,2,2023-06-17T00:40:29+00:00
BRA_441597,Brasília,5300108,,São José,332.1,https://moovitapp.com/index/pt-br/transporte_p%C3%BAblico-line-332_1-Brasilia-1702-851943-2068455-0,-1.0,-15.82355,-48.119713,37.0,,,2,2023-06-17T00:40:29+00:00
BRA_441881,Brasília,5300108,,Urbi,0.898,https://moovitapp.com/index/pt-br/transporte_p%C3%BAblico-line-0_898-Brasilia-1702-851595-322394-0,-1.0,-15.840013,-48.127257,53.0,,,2,2023-06-17T00:40:29+00:00
BRA_440311,Brasília,5300108,,Marechal,0.376,https://moovitapp.com/index/pt-br/transporte_p%C3%BAblico-line-0_376-Brasilia-1702-851940-242726-0,-1.0,-15.775307,-47.88805,10.0,,,2,2023-06-17T00:40:29+00:00
BRA_440680,Brasília,5300108,,Marechal,0.162,https://moovitapp.com/index/pt-br/transporte_p%C3%BAblico-line-0_162-Brasilia-1702-851940-766836-0,-1.0,-15.82078,-47.917973,36.0,,,2,2023-06-17T00:40:29+00:00
BRA_444707,Brasília,5300108,,Marechal,933.3,https://moovitapp.com/index/pt-br/transporte_p%C3%BAblico-line-933_3-Brasilia-1702-851940-450287-0,-1.0,-15.8394,-48.129503,0.0,,,2,2023-06-17T00:40:24+00:00
BRA_441562,Brasília,5300108,,Marechal,0.043,https://moovitapp.com/index/pt-br/transporte_p%C3%BAblico-line-0_043-Brasilia-1702-851940-781330-0,-1.0,-15.797597,-48.018347,24.0,,,2,2023-06-17T00:40:29+00:00
BRA_440582,Brasília,5300108,,Marechal,0.162,https://moovitapp.com/index/pt-br/transporte_p%C3%BAblico-line-0_162-Brasilia-1702-851940-766836-0,-1.0,-15.86951,-48.038193,0.0,,,2,2023-06-17T00:27:19+00:00
BRA_445185,Brasília,5300108,,Marechal,0.300,https://moovitapp.com/index/pt-br/transporte_p%C3%BAblico-line-0_300-Brasilia-1702-851940-419624-0,-1.0,-15.830447,-48.05816,34.0,,,2,2023-06-17T00:40:29+00:00
BRA_440841,Brasília,5300108,,Urbi,872.9,https://moovitapp.com/index/pt-br/transporte_p%C3%BAblico-line-872_9-Brasilia-1702-851595-372394-0,-1.0,-15.908293,-48.095287,42.0,,,2,2023-06-17T00:22:09+00:00
BRA_442127,Brasília,5300108,,Marechal,0.369,https://moovitapp.com/index/pt-br/transporte_p%C3%BAblico-line-0_369-Brasilia-1702-851940-500060-0,-1.0,-15.84746,-48.121287,0.0,,,2,2023-06-17T00:40:32+00:00
BRA_442160,Brasília,5300108,,Marechal,0.363,https://moovitapp.com/index/pt-br/transporte_p%C3%BAblico-line-0_363-Brasilia-1702-851940-504339-0,-1.0,-15.839553,-48.129203,0.0,,,2,2023-06-17T00:40:29+00:00
BRA_442496,Brasília,5300108,,Urbi,0.898,https://moovitapp.com/index/pt-br/transporte_p%C3%BAblico-line-0_898-Brasilia-1702-851595-322394-0,-1.0,-15.94914,-48.033797,0.0,,,2,2023-06-17T00:40:29+00:00
BRA_440604,Brasília,5300108,,Marechal,0.167,https://moovitapp.com/index/pt-br/transporte_p%C3%BAblico-line-0_167-Brasilia-1702-851940-242707-0,-1.0,-15.799757,-47.87761,0.0,,,2,2023-06-17T00:40:31+00:00
BRA_444251,Brasília,5300108,,Urbi,0.054,https://moovitapp.com/index/pt-br/transporte_p%C3%BAblico-line-0_054-Brasilia-1702-851595-454960-0,-1.0,-15.83976,-48.128993,0.0,,,2,2023-06-17T00:40:29+00:00
BRA_440965,Brasília,5300108,,Marechal,0.357,https://moovitapp.com/index/pt-br/transporte_p%C3%BAblico-line-0_357-Brasilia-1702-851940-775109-0,-1.0,-15.866937,-48.037437,0.0,,,2,2023-06-17T00:40:29+00:00
BRA_440141,Brasília,5300108,,Marechal,0.205,https://moovitapp.com/index/pt-br/transporte_p%C3%BAblico-line-0_205-Brasilia-1702-851940-463646-0,-1.0,-15.8335,-48.056317,0.0,,,2,2023-06-16T23:18:45+00:00
BRA_443166,Brasília,5300108,,Marechal,0.383,https://moovitapp.com/index/pt-br/transporte_p%C3%BAblico-line-0_383-Brasilia-1702-851940-347151-0,-1.0,-15.78817,-48.01384,40.0,,,2,2023-06-17T00:27:35+00:00
BRA_443441,Brasília,5300108,,Marechal,933.2,https://moovitapp.com/index/pt-br/transporte_p%C3%BAblico-line-933_2-Brasilia-1702-851940-717428-0,-1.0,-15.841183,-48.126827,0.0,,,2,2023-06-17T00:40:29+00:00
BRA_441121,Brasília,5300108,,Marechal,355.2,https://moovitapp.com/index/pt-br/transporte_p%C3%BAblico-line-355_2-Brasilia-1702-851940-510251-0,-1.0,-15.832023,-48.057667,17.0,,,2,2023-06-17T00:40:29+00:00
BRA_443271,Brasília,5300108,,Marechal,0.361,https://moovitapp.com/index/pt-br/transporte_p%C3%BAblico-line-0_361-Brasilia-1702-851940-376158-0,-1.0,-15.844503,-48.12364,22.0,,,2,2023-06-17T00:40:29+00:00
BRA_443140,Brasília,5300108,,Marechal,363.2,https://moovitapp.com/index/pt-br/transporte_p%C3%BAblico-line-363_2-Brasilia-1702-851940-725443-0,-1.0,-15.839777,-48.128847,0.0,,,2,2023-06-17T00:40:29+00:00
BRA_443981,Brasília,5300108,,Urbi,367.2,https://moovitapp.com/index/pt-br/transporte_p%C3%BAblico-line-367_2-Brasilia-1702-851595-454971-0,-1.0,-15.88406,-48.150183,0.0,,,2,2023-06-17T00:40:29+00:00
BRA_444405,Brasília,5300108,,Marechal,0.205,https://moovitapp.com/index/pt-br/transporte_p%C3%BAblico-line-0_205-Brasilia-1702-851940-463646-0,-1.0,-16.031267,-48.066893,27.0,,,2,2023-06-17T00:40:29+00:00
BRA_441724,Brasília,5300108,,Marechal,0.383,https://moovitapp.com/index/pt-br/transporte_p%C3%BAblico-line-0_383-Brasilia-1702-851940-347151-0,-1.0,-15.813363,-48.096663,51.0,,,2,2023-06-17T00:40:29+00:00
BRA_440388,Brasília,5300108,,Marechal,959.1,https://moovitapp.com/index/pt-br/transporte_p%C3%BAblico-line-959_1-Brasilia-1702-851940-789939-0,-1.0,-15.86966,-48.038537,0.0,,,2,2023-06-17T00:40:29+00:00
BRA_440523,Brasília,5300108,,Marechal,0.162,https://moovitapp.com/index/pt-br/transporte_p%C3%BAblico-line-0_162-Brasilia-1702-851940-766836-0,-1.0,-15.840353,-47.96586,0.0,,,2,2023-06-17T00:40:29+00:00
BRA_443786,Brasília,5300108,,Marechal,355.2,https://moovitapp.com/index/pt-br/transporte_p%C3%BAblico-line-355_2-Brasilia-1702-851940-510251-0,-1.0,-15.81472,-48.027863,21.0,,,2,2023-06-17T00:40:29+00:00
BRA_445240,Brasília,5300108,,Marechal,0.336,https://moovitapp.com/index/pt-br/transporte_p%C3%BAblico-line-0_336-Brasilia-1702-851940-347142-0,-1.0,-15.810747,-47.89456,60.0,,,2,2023-06-17T00:40:29+00:00
BRA_440540,Brasília,5300108,,Marechal,0.205,https://moovitapp.com/index/pt-br/transporte_p%C3%BAblico-line-0_205-Brasilia-1702-851940-463646-0,-1.0,-15.9898,-48.046877,58.0,,,2,2023-06-17T00:40:29+00:00
BRA_440108,Brasília,5300108,,Marechal,157.6,https://moovitapp.com/index/pt-br/transporte_p%C3%BAblico-line-157_6-Brasilia-1702-851940-419627-0,-1.0,-15.8383,-47.960457,60.0,,,2,2023-06-17T00:39:01+00:00
BRA_440396,Brasília,5300108,,Marechal,156.1,https://moovitapp.com/index/pt-br/transporte_p%C3%BAblico-line-156_1-Brasilia-1702-851940-242750-0,-1.0,-15.869607,-48.038403,0.0,,,2,2023-06-17T00:11:07+00:00
BRA_440451,Brasília,5300108,,Marechal,0.951,https://moovitapp.com/index/pt-br/transporte_p%C3%BAblico-line-0_951-Brasilia-1702-851940-783578-0,-1.0,-15.856973,-48.041587,29.0,,,2,2023-06-17T00:37:38+00:00
BRA_440493,Brasília,5300108,,Marechal,0.162,https://moovitapp.com/index/pt-br/transporte_p%C3%BAblico-line-0_162-Brasilia-1702-851940-766836-0,-1.0,-15.793893,-47.8832,0.0,,,2,2023-06-17T00:40:29+00:00
BRA_440019,Brasília,5300108,,Marechal,0.951,https://moovitapp.com/index/pt-br/transporte_p%C3%BAblico-line-0_951-Brasilia-1702-851940-783578-0,-1.0,-15.830737,-48.01422,39.0,,,2,2023-06-17T00:40:29+00:00
BRA_440736,Brasília,5300108,,Piracicabana,099.1,https://moovitapp.com/index/pt-br/transporte_p%C3%BAblico-line-099_1-Brasilia-1702-850942-775090-0,-1.0,-15.8404,-47.96601,0.0,,,2,2023-06-17T00:40:29+00:00
BRA_441201,Brasília,5300108,,Marechal,0.090,https://moovitapp.com/index/pt-br/transporte_p%C3%BAblico-line-0_090-Brasilia-1702-851940-242702-0,-1.0,-15.76067,-47.935233,53.0,,,2,2023-06-17T00:40:29+00:00
BRA_443701,Brasília,5300108,,Marechal,0.959,https://moovitapp.com/index/pt-br/transporte_p%C3%BAblico-line-0_959-Brasilia-1702-851940-546208-0,-1.0,-15.868687,-48.037653,0.0,,,2,2023-06-17T00:37:38+00:00
BRA_442399,Brasília,5300108,,Marechal,0.339,https://moovitapp.com/index/pt-br/transporte_p%C3%BAblico-line-0_339-Brasilia-1702-851940-419625-0,-1.0,-15.785773,-47.911663,14.0,,,2,2023-06-17T00:40:29+00:00
BRA_440728,Brasília,5300108,,Marechal,0.357,https://moovitapp.com/index/pt-br/transporte_p%C3%BAblico-line-0_357-Brasilia-1702-851940-775109-0,-1.0,-15.86684,-48.03751,0.0,,,2,2023-06-17T00:40:29+00:00
BRA_440361,Brasília,5300108,,Urbi,805.2,https://moovitapp.com/index/pt-br/transporte_p%C3%BAblico-line-805_2-Brasilia-1702-851595-454981-0,-1.0,-15.861657,-48.03702,30.0,,,2,2023-06-17T00:40:34+00:00
BRA_440531,Brasília,5300108,,Marechal,355.3,https://moovitapp.com/index/pt-br/transporte_p%C3%BAblico-line-355_3-Brasilia-1702-851940-504343-0,-1.0,-15.862433,-48.02563,30.0,,,2,2023-06-17T00:40:29+00:00
BRA_440159,Brasília,5300108,,Marechal,0.205,https://moovitapp.com/index/pt-br/transporte_p%C3%BAblico-line-0_205-Brasilia-1702-851940-463646-0,-1.0,-15.870403,-48.03793,0.0,,,2,2023-06-17T00:40:29+00:00
BRA_444600,Brasília,5300108,,Marechal,0.361,https://moovitapp.com/index/pt-br/transporte_p%C3%BAblico-line-0_361-Brasilia-1702-851940-376158-0,-1.0,-15.867673,-48.031947,0.0,,,2,2023-06-17T00:40:32+00:00
BRA_445282,Brasília,5300108,,Marechal,0.336,https://moovitapp.com/index/pt-br/transporte_p%C3%BAblico-line-0_336-Brasilia-1702-851940-347142-0,-1.0,-15.8084,-47.971053,58.0,,,2,2023-06-17T00:40:29+00:00
BRA_441465,Brasília,5300108,,Marechal,336.1,https://moovitapp.com/index/pt-br/transporte_p%C3%BAblico-line-336_1-Brasilia-1702-851940-347163-0,-1.0,-15.849503,-48.119593,43.0,,,2,2023-06-16T23:50:56+00:00
BRA_442411,Brasília,5300108,,Urbi,0.050,https://moovitapp.com/index/pt-br/transporte_p%C3%BAblico-line-0_050-Brasilia-1702-851595-781325-0,-1.0,-15.869703,-48.056837,46.0,,,2,2023-06-17T00:40:29+00:00
BRA_440264,Brasília,5300108,,Marechal,260.3,https://moovitapp.com/index/pt-br/transporte_p%C3%BAblico-line-260_3-Brasilia-1702-851940-393566-0,-1.0,-15.844103,-48.045023,2.0,,,2,2023-06-17T00:40:29+00:00
BRA_445339,Brasília,5300108,,Marechal,0.301,https://moovitapp.com/index/pt-br/transporte_p%C3%BAblico-line-0_301-Brasilia-1702-851940-339319-0,-1.0,-15.816537,-48.08274,57.0,,,2,2023-06-17T00:40:29+00:00
BRA_442712,Brasília,5300108,,Marechal,361.1,https://moovitapp.com/index/pt-br/transporte_p%C3%BAblico-line-361_1-Brasilia-1702-851940-363861-0,-1.0,-15.84029,-48.03483,36.0,,,2,2023-06-17T00:40:29+00:00
BRA_443247,Brasília,5300108,,Marechal,0.043,https://moovitapp.com/index/pt-br/transporte_p%C3%BAblico-line-0_043-Brasilia-1702-851940-781330-0,-1.0,-15.849767,-48.112717,31.0,,,2,2023-06-17T00:40:29+00:00
BRA_442267,Brasília,5300108,,São José,332.1,https://moovitapp.com/index/pt-br/transporte_p%C3%BAblico-line-332_1-Brasilia-1702-851943-2068455-0,-1.0,-15.840247,-48.04615,12.0,,,2,2023-06-17T00:40:29+00:00
BRA_440906,Brasília,5300108,,Marechal,0.205,https://moovitapp.com/index/pt-br/transporte_p%C3%BAblico-line-0_205-Brasilia-1702-851940-463646-0,-1.0,-16.01997,-48.06682,0.0,,,2,2023-06-17T00:40:29+00:00
BRA_441937,Brasília,5300108,,Marechal,932.2,https://moovitapp.com/index/pt-br/transporte_p%C3%BAblico-line-932_2-Brasilia-1702-851940-3494666-0,-1.0,-15.83507,-48.130123,34.0,,,2,2023-06-17T00:40:29+00:00
BRA_445207,Brasília,5300108,,Marechal,0.378,https://moovitapp.com/index/pt-br/transporte_p%C3%BAblico-line-0_378-Brasilia-1702-851940-347150-0,-1.0,-15.84095,-48.12651,0.0,,,2,2023-06-17T00:40:29+00:00
BRA_444341,Brasília,5300108,,Marechal,355.3,https://moovitapp.com/index/pt-br/transporte_p%C3%BAblico-line-355_3-Brasilia-1702-851940-504343-0,-1.0,-15.86998,-48.038643,0.0,,,2,2023-06-17T00:40:24+00:00
BRA_441856,Brasília,5300108,,Marechal,0.339,https://moovitapp.com/index/pt-br/transporte_p%C3%BAblico-line-0_339-Brasilia-1702-851940-419625-0,-1.0,-15.736087,-47.907197,0.0,,,2,2023-06-17T00:40:29+00:00
BRA_443557,Brasília,5300108,,Marechal,959.1,https://moovitapp.com/index/pt-br/transporte_p%C3%BAblico-line-959_1-Brasilia-1702-851940-789939-0,-1.0,-15.869903,-48.03749,0.0,,,2,2023-06-17T00:40:32+00:00
BRA_442623,Brasília,5300108,,Urbi,393.7,https://moovitapp.com/index/pt-br/transporte_p%C3%BAblico-line-393_7-Brasilia-1702-851595-588818-0,-1.0,-15.876657,-48.086967,39.0,,,2,2023-06-17T00:40:29+00:00
BRA_444570,Brasília,5300108,,Marechal,0.089,https://moovitapp.com/index/pt-br/transporte_p%C3%BAblico-line-0_089-Brasilia-1702-851940-706977-0,-1.0,-15.839403,-48.12987,0.0,,,2,2023-06-17T00:40:30+00:00
BRA_443042,Brasília,5300108,,Marechal,363.2,https://moovitapp.com/index/pt-br/transporte_p%C3%BAblico-line-363_2-Brasilia-1702-851940-725443-0,-1.0,-15.824873,-48.10532,39.0,,,2,2023-06-17T00:39:01+00:00
BRA_444723,Brasília,5300108,,São José,350.1,https://moovitapp.com/index/pt-br/transporte_p%C3%BAblico-line-350_1-Brasilia-1702-851943-2068450-0,-1.0,-15.831537,-48.049687,16.0,,,2,2023-06-17T00:40:34+00:00
BRA_445223,Brasília,5300108,,Marechal,0.336,https://moovitapp.com/index/pt-br/transporte_p%C3%BAblico-line-0_336-Brasilia-1702-851940-347142-0,-1.0,-15.83537,-48.08713,1.0,,,2,2023-06-17T00:40:29+00:00
BRA_442852,Brasília,5300108,,Marechal,932.2,https://moovitapp.com/index/pt-br/transporte_p%C3%BAblico-line-932_2-Brasilia-1702-851940-3494666-0,-1.0,-15.814557,-48.09957,0.0,,,2,2023-06-17T00:40:32+00:00
BRA_441660,Brasília,5300108,,Urbi,0.367,https://moovitapp.com/index/pt-br/transporte_p%C3%BAblico-line-0_367-Brasilia-1702-851595-519380-0,-1.0,-15.85158,-48.06432,32.0,,,2,2023-06-17T00:40:29+00:00
BRA_443123,Brasília,5300108,,Marechal,361.1,https://moovitapp.com/index/pt-br/transporte_p%C3%BAblico-line-361_1-Brasilia-1702-851940-363861-0,-1.0,-15.837153,-48.01104,18.0,,,2,2023-06-17T00:40:29+00:00
BRA_443778,Brasília,5300108,,Marechal,959.1,https://moovitapp.com/index/pt-br/transporte_p%C3%BAblico-line-959_1-Brasilia-1702-851940-789939-0,-1.0,-15.869893,-48.037413,0.0,,,2,2023-06-17T00:40:29+00:00
BRA_440591,Brasília,5300108,,Piracicabana,099.1,https://moovitapp.com/index/pt-br/transporte_p%C3%BAblico-line-099_1-Brasilia-1702-850942-775090-0,-1.0,-15.79492,-47.933953,0.0,,,2,2023-06-17T00:40:29+00:00
BRA_440400,Brasília,5300108,,Marechal,154.2,https://moovitapp.com/index/pt-br/transporte_p%C3%BAblico-line-154_2-Brasilia-1702-851940-527234-0,-1.0,-15.840767,-47.975633,47.0,,,2,2023-06-17T00:40:29+00:00
BRA_444031,Brasília,5300108,,Urbi,0.050,https://moovitapp.com/index/pt-br/transporte_p%C3%BAblico-line-0_050-Brasilia-1702-851595-781325-0,-1.0,-15.8798,-48.104997,36.0,,,2,2023-06-17T00:40:32+00:00
BRA_443891,Brasília,5300108,,Marechal,351.3,https://moovitapp.com/index/pt-br/transporte_p%C3%BAblico-line-351_3-Brasilia-1702-851940-510249-0,-1.0,-15.869977,-48.037707,0.0,,,2,2023-06-17T00:40:32+00:00
BRA_440868,Brasília,5300108,,Marechal,959.1,https://moovitapp.com/index/pt-br/transporte_p%C3%BAblico-line-959_1-Brasilia-1702-851940-789939-0,-1.0,-15.86309,-48.006017,30.0,,,2,2023-06-17T00:09:18+00:00
BRA_440078,Brasília,5300108,,São José,157.9,https://moovitapp.com/index/pt-br/transporte_p%C3%BAblico-line-157_9-Brasilia-1702-851943-707030-0,-1.0,-15.845867,-47.97008,23.0,,,2,2023-06-17T00:40:29+00:00
BRA_443026,Brasília,5300108,,Urbi,056.2,https://moovitapp.com/index/pt-br/transporte_p%C3%BAblico-line-056_2-Brasilia-1702-851595-492982-0,-1.0,-15.83497,-48.111383,30.0,,,2,2023-06-17T00:40:30+00:00
BRA_444740,Brasília,5300108,,Marechal,363.1,https://moovitapp.com/index/pt-br/transporte_p%C3%BAblico-line-363_1-Brasilia-1702-851940-504344-0,-1.0,-15.805113,-48.073907,42.0,,,2,2023-06-17T00:40:29+00:00
BRA_443417,Brasília,5300108,,Marechal,0.089,https://moovitapp.com/index/pt-br/transporte_p%C3%BAblico-line-0_089-Brasilia-1702-851940-706977-0,-1.0,-15.831817,-47.987097,25.0,,,2,2023-06-17T00:40:32+00:00
BRA_441180,Brasília,5300108,,Marechal,260.3,https://moovitapp.com/index/pt-br/transporte_p%C3%BAblico-line-260_3-Brasilia-1702-851940-393566-0,-1.0,-15.8516,-48.040577,42.0,,,2,2023-06-17T00:40:29+00:00
BRA_443425,Brasília,5300108,,São José,333.7,https://moovitapp.com/index/pt-br/transporte_p%C3%BAblico-line-333_7-Brasilia-1702-851943-2068454-0,-1.0,-15.831623,-48.04997,27.0,,,2,2023-06-17T00:40:32+00:00
BRA_440612,Brasília,5300108,,Marechal,355.3,https://moovitapp.com/index/pt-br/transporte_p%C3%BAblico-line-355_3-Brasilia-1702-851940-504343-0,-1.0,-15.841487,-48.048497,31.0,,,2,2023-06-17T00:40:29+00:00
BRA_440191,Brasília,5300108,,Marechal,0.205,https://moovitapp.com/index/pt-br/transporte_p%C3%BAblico-line-0_205-Brasilia-1702-851940-463646-0,-1.0,-15.8448,-48.04463,32.0,,,2,2023-06-17T00:40:29+00:00
BRA_440825,Brasília,5300108,,Marechal,0.205,https://moovitapp.com/index/pt-br/transporte_p%C3%BAblico-line-0_205-Brasilia-1702-851940-463646-0,-1.0,-15.869703,-48.037893,0.0,,,2,2023-06-17T00:24:29+00:00
BRA_440761,Brasília,5300108,,Urbi,805.2,https://moovitapp.com/index/pt-br/transporte_p%C3%BAblico-line-805_2-Brasilia-1702-851595-454981-0,-1.0,-15.905293,-48.077993,42.0,,,2,2023-06-17T00:40:29+00:00
BRA_440558,Brasília,5300108,,Marechal,157.6,https://moovitapp.com/index/pt-br/transporte_p%C3%BAblico-line-157_6-Brasilia-1702-851940-419627-0,-1.0,-15.869613,-48.03794,0.0,,,2,2023-06-17T00:40:31+00:00
BRA_445177,Brasília,5300108,,Marechal,0.378,https://moovitapp.com/index/pt-br/transporte_p%C3%BAblico-line-0_378-Brasilia-1702-851940-347150-0,-1.0,-15.78387,-47.911803,30.0,,,2,2023-06-17T00:40:29+00:00
BRA_441554,Brasília,5300108,,Marechal,933.6,https://moovitapp.com/index/pt-br/transporte_p%C3%BAblico-line-933_6-Brasilia-1702-851940-3494672-0,-1.0,-15.81708,-48.104377,0.0,,,2,2023-06-17T00:40:29+00:00
BRA_443387,Brasília,5300108,,São José,350.1,https://moovitapp.com/index/pt-br/transporte_p%C3%BAblico-line-350_1-Brasilia-1702-851943-2068450-0,-1.0,-15.808627,-48.156667,29.0,,,2,2023-06-17T00:40:29+00:00
BRA_445355,Brasília,5300108,,Marechal,0.378,https://moovitapp.com/index/pt-br/transporte_p%C3%BAblico-line-0_378-Brasilia-1702-851940-347150-0,-1.0,-15.8272,-48.030547,56.0,,,2,2023-06-17T00:31:11+00:00
BRA_445266,Brasília,5300108,,Marechal,0.300,https://moovitapp.com/index/pt-br/transporte_p%C3%BAblico-line-0_300-Brasilia-1702-851940-419624-0,-1.0,-15.817037,-48.06632,47.0,,,2,2023-06-17T00:40:29+00:00
BRA_443450,Brasília,5300108,,Marechal,361.1,https://moovitapp.com/index/pt-br/transporte_p%C3%BAblico-line-361_1-Brasilia-1702-851940-363861-0,-1.0,-15.839883,-48.12965,0.0,,,2,2023-06-17T00:40:29+00:00
BRA_445321,Brasília,5300108,,Marechal,0.336,https://moovitapp.com/index/pt-br/transporte_p%C3%BAblico-line-0_336-Brasilia-1702-851940-347142-0,-1.0,-15.84088,-48.126653,0.0,,,2,2023-06-17T00:40:29+00:00
BRA_445151,Brasília,5300108,,São José,0.092,https://moovitapp.com/index/pt-br/transporte_p%C3%BAblico-line-0_092-Brasilia-1702-851943-496589-0,-1.0,-15.832247,-47.952543,0.0,,,2,2023-06-17T00:40:29+00:00
BRA_445142,Brasília,5300108,,Marechal,0.306,https://moovitapp.com/index/pt-br/transporte_p%C3%BAblico-line-0_306-Brasilia-1702-851940-242714-0,-1.0,-15.813207,-48.000937,58.0,,,2,2023-06-17T00:40:29+00:00
BRA_441074,Brasília,5300108,,Marechal,260.3,https://moovitapp.com/index/pt-br/transporte_p%C3%BAblico-line-260_3-Brasilia-1702-851940-393566-0,-1.0,-15.833437,-48.056777,0.0,,,2,2023-06-17T00:40:29+00:00
BRA_444677,Brasília,5300108,,São José,359.2,https://moovitapp.com/index/pt-br/transporte_p%C3%BAblico-line-359_2-Brasilia-1702-851943-2068453-0,-1.0,-15.83394,-48.058347,0.0,,,2,2023-06-17T00:40:03+00:00
BRA_444685,Brasília,5300108,,São José,333.6,https://moovitapp.com/index/pt-br/transporte_p%C3%BAblico-line-333_6-Brasilia-1702-851943-2068452-0,-1.0,-15.841583,-48.029573,40.0,,,2,2023-06-17T00:40:29+00:00
BRA_444669,Brasília,5300108,,Marechal,363.1,https://moovitapp.com/index/pt-br/transporte_p%C3%BAblico-line-363_1-Brasilia-1702-851940-504344-0,-1.0,-15.8406,-48.126833,0.0,,,2,2023-06-17T00:36:31+00:00
BRA_441015,Brasília,5300108,,Piracicabana,099.1,https://moovitapp.com/index/pt-br/transporte_p%C3%BAblico-line-099_1-Brasilia-1702-850942-775090-0,-1.0,-15.854393,-48.03113,56.0,,,2,2023-06-17T00:40:29+00:00
BRA_441368,Brasília,5300108,,Urbi,038.1,https://moovitapp.com/index/pt-br/transporte_p%C3%BAblico-line-038_1-Brasilia-1702-851595-781327-0,-1.0,-15.816663,-48.062927,29.0,,,2,2023-06-17T00:40:29+00:00
BRA_441023,Brasília,5300108,,Marechal,0.205,https://moovitapp.com/index/pt-br/transporte_p%C3%BAblico-line-0_205-Brasilia-1702-851940-463646-0,-1.0,-15.873947,-48.03927,49.0,,,2,2023-06-17T00:40:29+00:00
BRA_442119,Brasília,5300108,,Marechal,933.5,https://moovitapp.com/index/pt-br/transporte_p%C3%BAblico-line-933_5-Brasilia-1702-851940-766837-0,-1.0,-15.842573,-48.045867,48.0,,,2,2023-06-17T00:40:31+00:00
BRA_442208,Brasília,5300108,,Urbi,056.4,https://moovitapp.com/index/pt-br/transporte_p%C3%BAblico-line-056_4-Brasilia-1702-851595-519387-0,-1.0,-15.837663,-48.11796,0.0,,,2,2023-06-17T00:40:29+00:00
BRA_441759,Brasília,5300108,,Urbi,0.050,https://moovitapp.com/index/pt-br/transporte_p%C3%BAblico-line-0_050-Brasilia-1702-851595-781325-0,-1.0,-15.845603,-48.122623,54.0,,,2,2023-06-17T00:40:29+00:00
BRA_443654,Brasília,5300108,,Marechal,0.959,https://moovitapp.com/index/pt-br/transporte_p%C3%BAblico-line-0_959-Brasilia-1702-851940-546208-0,-1.0,-15.867313,-48.037387,0.0,,,2,2023-06-17T00:40:29+00:00
BRA_443298,Brasília,5300108,,Marechal,0.089,https://moovitapp.com/index/pt-br/transporte_p%C3%BAblico-line-0_089-Brasilia-1702-851940-706977-0,-1.0,-15.827073,-48.122153,23.0,,,2,2023-06-17T00:40:29+00:00
BRA_441457,Brasília,5300108,,Urbi,393.6,https://moovitapp.com/index/pt-br/transporte_p%C3%BAblico-line-393_6-Brasilia-1702-851595-588817-0,-1.0,-15.855823,-48.038317,57.0,,,2,2023-06-17T00:40:29+00:00
BRA_441244,Brasília,5300108,,Marechal,355.2,https://moovitapp.com/index/pt-br/transporte_p%C3%BAblico-line-355_2-Brasilia-1702-851940-510251-0,-1.0,-15.840297,-48.04383,39.0,,,2,2023-06-17T00:40:29+00:00
BRA_440124,Brasília,5300108,,Piracicabana,099.1,https://moovitapp.com/index/pt-br/transporte_p%C3%BAblico-line-099_1-Brasilia-1702-850942-775090-0,-1.0,-15.86636,-48.033033,45.0,,,2,2023-06-17T00:40:29+00:00
BRA_444693,Brasília,5300108,,Marechal,0.942,https://moovitapp.com/index/pt-br/transporte_p%C3%BAblico-line-0_942-Brasilia-1702-851940-347158-0,-1.0,-15.840697,-48.126963,0.0,,,2,2023-06-17T00:40:24+00:00
BRA_443522,Brasília,5300108,,Urbi,367.2,https://moovitapp.com/index/pt-br/transporte_p%C3%BAblico-line-367_2-Brasilia-1702-851595-454971-0,-1.0,-15.847407,-48.048503,44.0,,,2,2023-06-17T00:40:30+00:00
BRA_440698,Brasília,5300108,,São José,157.8,https://moovitapp.com/index/pt-br/transporte_p%C3%BAblico-line-157_8-Brasilia-1702-851943-759503-0,-1.0,-15.840433,-47.965893,0.0,,,2,2023-06-17T00:40:24+00:00
BRA_444014,Brasília,5300108,,Marechal,0.369,https://moovitapp.com/index/pt-br/transporte_p%C3%BAblico-line-0_369-Brasilia-1702-851940-500060-0,-1.0,-15.848177,-48.12081,28.0,,,2,2023-06-17T00:40:29+00:00
BRA_444529,Brasília,5300108,,Marechal,363.2,https://moovitapp.com/index/pt-br/transporte_p%C3%BAblico-line-363_2-Brasilia-1702-851940-725443-0,-1.0,-15.839513,-48.1298,0.0,,,2,2023-06-17T00:40:24+00:00
BRA_442224,Brasília,5300108,,Marechal,933.2,https://moovitapp.com/index/pt-br/transporte_p%C3%BAblico-line-933_2-Brasilia-1702-851940-717428-0,-1.0,-15.825757,-48.11299,40.0,,,2,2023-06-17T00:40:29+00:00
BRA_443182,Brasília,5300108,,Marechal,0.363,https://moovitapp.com/index/pt-br/transporte_p%C3%BAblico-line-0_363-Brasilia-1702-851940-504339-0,-1.0,-15.80556,-48.070253,30.0,,,2,2023-06-17T00:40:29+00:00
BRA_441228,Brasília,5300108,,Marechal,0.090,https://moovitapp.com/index/pt-br/transporte_p%C3%BAblico-line-0_090-Brasilia-1702-851940-242702-0,-1.0,-15.84066,-47.955807,50.0,,,2,2023-06-17T00:40:30+00:00
BRA_441538,Brasília,5300108,,Urbi,0.056,https://moovitapp.com/index/pt-br/transporte_p%C3%BAblico-line-0_056-Brasilia-1702-851595-588804-0,-1.0,-15.872967,-48.058583,55.0,,,2,2023-06-17T00:40:30+00:00
BRA_441741,Brasília,5300108,,Marechal,0.383,https://moovitapp.com/index/pt-br/transporte_p%C3%BAblico-line-0_383-Brasilia-1702-851940-347151-0,-1.0,-15.839143,-48.128263,22.0,,,2,2023-06-17T00:40:31+00:00
BRA_444995,Brasília,5300108,,Marechal,336.1,https://moovitapp.com/index/pt-br/transporte_p%C3%BAblico-line-336_1-Brasilia-1702-851940-347163-0,-1.0,-15.815803,-48.00694,0.0,,,2,2023-06-17T00:32:29+00:00
BRA_445053,Brasília,5300108,,Urbi,0.054,https://moovitapp.com/index/pt-br/transporte_p%C3%BAblico-line-0_054-Brasilia-1702-851595-454960-0,-1.0,-15.87946,-48.07313,24.0,,,2,2023-06-17T00:40:29+00:00
BRA_444791,Brasília,5300108,,São José,359.2,https://moovitapp.com/index/pt-br/transporte_p%C3%BAblico-line-359_2-Brasilia-1702-851943-2068453-0,-1.0,-15.807253,-48.115113,28.0,,,2,2023-06-17T00:40:29+00:00
BRA_444979,Brasília,5300108,,Urbi,0.898,https://moovitapp.com/index/pt-br/transporte_p%C3%BAblico-line-0_898-Brasilia-1702-851595-322394-0,-1.0,-15.873477,-48.04347,58.0,,,2,2023-06-17T00:40:24+00:00
BRA_444910,Brasília,5300108,,Marechal,933.3,https://moovitapp.com/index/pt-br/transporte_p%C3%BAblico-line-933_3-Brasilia-1702-851940-450287-0,-1.0,-15.843423,-48.113317,12.0,,,2,2023-06-17T00:38:46+00:00
BRA_445096,Brasília,5300108,,São José,359.2,https://moovitapp.com/index/pt-br/transporte_p%C3%BAblico-line-359_2-Brasilia-1702-851943-2068453-0,-1.0,-15.798023,-48.12027,37.0,,,2,2023-06-17T00:40:29+00:00
BRA_445002,Brasília,5300108,,Marechal,0.383,https://moovitapp.com/index/pt-br/transporte_p%C3%BAblico-line-0_383-Brasilia-1702-851940-347151-0,-1.0,-15.78558,-47.902633,40.0,,,2,2023-06-17T00:40:29+00:00
BRA_444936,Brasília,5300108,,Marechal,361.1,https://moovitapp.com/index/pt-br/transporte_p%C3%BAblico-line-361_1-Brasilia-1702-851940-363861-0,-1.0,-15.841007,-48.12695,0.0,,,2,2023-06-17T00:27:25+00:00
BRA_445088,Brasília,5300108,,São José,332.1,https://moovitapp.com/index/pt-br/transporte_p%C3%BAblico-line-332_1-Brasilia-1702-851943-2068455-0,-1.0,-15.808117,-48.156953,0.0,,,2,2023-06-17T00:40:29+00:00
BRA_445100,Brasília,5300108,,São José,333.6,https://moovitapp.com/index/pt-br/transporte_p%C3%BAblico-line-333_6-Brasilia-1702-851943-2068452-0,-1.0,-15.843277,-48.103773,24.0,,,2,2023-06-17T00:39:47+00:00
BRA_445029,Brasília,5300108,,São José,350.1,https://moovitapp.com/index/pt-br/transporte_p%C3%BAblico-line-350_1-Brasilia-1702-851943-2068450-0,-1.0,-15.839057,-48.12924,0.0,,,2,2023-06-17T00:40:24+00:00
BRA_445061,Brasília,5300108,,Marechal,0.361,https://moovitapp.com/index/pt-br/transporte_p%C3%BAblico-line-0_361-Brasilia-1702-851940-376158-0,-1.0,-15.840777,-48.12675,0.0,,,2,2023-06-17T00:37:28+00:00
BRA_445037,Brasília,5300108,,Marechal,933.6,https://moovitapp.com/index/pt-br/transporte_p%C3%BAblico-line-933_6-Brasilia-1702-851940-3494672-0,-1.0,-15.82427,-48.118123,4.0,,,2,2023-06-17T00:40:08+00:00
BRA_444758,Brasília,5300108,,Marechal,0.089,https://moovitapp.com/index/pt-br/transporte_p%C3%BAblico-line-0_089-Brasilia-1702-851940-706977-0,-1.0,-15.83535,-48.087027,7.0,,,2,2023-06-17T00:30:04+00:00
BRA_444961,Brasília,5300108,,Urbi,0.347,https://moovitapp.com/index/pt-br/transporte_p%C3%BAblico-line-0_347-Brasilia-1702-851595-347128-0,-1.0,-15.81578,-48.00958,5.0,,,2,2023-06-17T00:40:29+00:00
BRA_444821,Brasília,5300108,,Marechal,0.942,https://moovitapp.com/index/pt-br/transporte_p%C3%BAblico-line-0_942-Brasilia-1702-851940-347158-0,-1.0,-15.74113,-47.898347,43.0,,,2,2023-06-17T00:33:00+00:00
BRA_440817,Brasília,5300108,,São José,157.8,https://moovitapp.com/index/pt-br/transporte_p%C3%BAblico-line-157_8-Brasilia-1702-851943-759503-0,-1.0,-15.77972,-47.992543,18.0,,,2,2023-06-17T00:40:29+00:00
BRA_441651,Brasília,5300108,,Urbi,0.347,https://moovitapp.com/index/pt-br/transporte_p%C3%BAblico-line-0_347-Brasilia-1702-851595-347128-0,-1.0,-15.815753,-48.006917,47.0,,,2,2023-06-17T00:40:29+00:00
BRA_441406,Brasília,5300108,,Marechal,0.089,https://moovitapp.com/index/pt-br/transporte_p%C3%BAblico-line-0_089-Brasilia-1702-851940-706977-0,-1.0,-15.851633,-48.06709,31.0,,,2,2023-06-17T00:40:33+00:00
BRA_445118,Brasília,5300108,,Marechal,959.1,https://moovitapp.com/index/pt-br/transporte_p%C3%BAblico-line-959_1-Brasilia-1702-851940-789939-0,-1.0,-15.867103,-48.037357,0.0,,,2,2023-06-17T00:37:23+00:00
BRA_443611,Brasília,5300108,,Marechal,355.1,https://moovitapp.com/index/pt-br/transporte_p%C3%BAblico-line-355_1-Brasilia-1702-851940-729097-0,-1.0,-15.869723,-48.03729,0.0,,,2,2023-06-17T00:40:24+00:00
BRA_440884,Brasília,5300108,,Marechal,0.205,https://moovitapp.com/index/pt-br/transporte_p%C3%BAblico-line-0_205-Brasilia-1702-851940-463646-0,-1.0,-15.86961,-48.03835,0.0,,,2,2023-06-17T00:40:29+00:00
BRA_440302,Brasília,5300108,,Urbi,0.872,https://moovitapp.com/index/pt-br/transporte_p%C3%BAblico-line-0_872-Brasilia-1702-851595-466291-0,-1.0,-15.876773,-48.048923,59.0,,,2,2023-06-17T00:40:33+00:00
BRA_440914,Brasília,5300108,,Marechal,162.2,https://moovitapp.com/index/pt-br/transporte_p%C3%BAblico-line-162_2-Brasilia-1702-851940-312446-0,-1.0,-15.837317,-47.96407,51.0,,,2,2023-06-17T00:40:29+00:00
BRA_443816,Brasília,5300108,,Marechal,959.1,https://moovitapp.com/index/pt-br/transporte_p%C3%BAblico-line-959_1-Brasilia-1702-851940-789939-0,-1.0,-15.869263,-48.031207,21.0,,,2,2023-06-17T00:40:29+00:00
BRA_444901,Brasília,5300108,,Urbi,0.898,https://moovitapp.com/index/pt-br/transporte_p%C3%BAblico-line-0_898-Brasilia-1702-851595-322394-0,-1.0,-15.93555,-48.04026,13.0,,,2,2023-06-17T00:35:55+00:00
BRA_443638,Brasília,5300108,,Marechal,351.3,https://moovitapp.com/index/pt-br/transporte_p%C3%BAblico-line-351_3-Brasilia-1702-851940-510249-0,-1.0,-15.865017,-48.037963,19.0,,,2,2023-06-17T00:40:29+00:00
BRA_442518,Brasília,5300108,,Urbi,056.2,https://moovitapp.com/index/pt-br/transporte_p%C3%BAblico-line-056_2-Brasilia-1702-851595-492982-0,-1.0,-15.839587,-48.129267,0.0,,,2,2023-06-17T00:40:24+00:00
BRA_443808,Brasília,5300108,,Marechal,0.951,https://moovitapp.com/index/pt-br/transporte_p%C3%BAblico-line-0_951-Brasilia-1702-851940-783578-0,-1.0,-15.840237,-48.050297,42.0,,,2,2023-06-17T00:40:29+00:00
BRA_445169,Brasília,5300108,,Marechal,0.305,https://moovitapp.com/index/pt-br/transporte_p%C3%BAblico-line-0_305-Brasilia-1702-851940-775108-0,-1.0,-15.808417,-47.971563,60.0,,,2,2023-06-17T00:40:29+00:00
BRA_441341,Brasília,5300108,,Marechal,260.3,https://moovitapp.com/index/pt-br/transporte_p%C3%BAblico-line-260_3-Brasilia-1702-851940-393566-0,-1.0,-15.824623,-48.119153,0.0,,,2,2023-06-17T00:40:29+00:00
BRA_228800,Brasília,5300108,,Pioneira,2307,https://moovitapp.com/index/pt-br/transporte_p%C3%BAblico-line-2307-Brasilia-1702-851941-18556638-0,-1.0,-16.024192,-48.031675,,,,1,2023-06-17T00:40:04+00:00
BRA_229229,Brasília,5300108,,Pioneira,251.7,https://moovitapp.com/index/pt-br/transporte_p%C3%BAblico-line-251_7-Brasilia-1702-851941-651524-0,-1.0,-16.048552,-48.036437,,,,1,2023-06-17T00:39:48+00:00
BRA_230189,Brasília,5300108,,Pioneira,3312,https://moovitapp.com/index/pt-br/transporte_p%C3%BAblico-line-3312-Brasilia-1702-851941-616181-0,-1.0,-16.021788,-48.025323,,,,2,2023-06-17T00:40:04+00:00
BRA_223930,Brasília,5300108,,Pioneira,2307,https://moovitapp.com/index/pt-br/transporte_p%C3%BAblico-line-2307-Brasilia-1702-851941-18556638-0,-1.0,-15.953064,-47.994345,,,,1,2023-06-14T10:16:34+00:00
BRA_223654,Brasília,5300108,,Pioneira,2208,https://moovitapp.com/index/pt-br/transporte_p%C3%BAblico-line-2208-Brasilia-1702-851941-18556642-0,-1.0,-15.938865,-47.985934,,,,1,2023-06-17T00:36:34+00:00
BRA_228681,Brasília,5300108,,Pioneira,180.2,https://moovitapp.com/index/pt-br/transporte_p%C3%BAblico-line-180_2-Brasilia-1702-851941-514539-0,-1.0,-15.897549,-47.795034,,,,2,2023-06-17T00:40:10+00:00
BRA_231321,Brasília,5300108,,Taguatur,3304,https://moovitapp.com/index/pt-br/transporte_p%C3%BAblico-line-3304-Brasilia-1702-854428-21462346-0,-1.0,-16.001911,-47.985788,,,,1,2023-06-17T00:40:46+00:00
BRA_232165,Brasília,5300108,,Taguatur,3305,https://moovitapp.com/index/pt-br/transporte_p%C3%BAblico-line-3305-Brasilia-1702-854428-77810673-0,-1.0,-16.026213,-48.060304,,,,1,2023-06-17T00:40:12+00:00
BRA_229954,Brasília,5300108,,,3201,,,-16.037085,-48.056445,,,,1,2023-06-17T00:40:30+00:00
BRA_228265,Brasília,5300108,,,3206,,,-16.000312,-48.063915,,,,1,2023-06-17T00:40:52+00:00
BRA_226599,Brasília,5300108,,Pioneira,759.1,https://moovitapp.com/index/pt-br/transporte_p%C3%BAblico-line-759_1-Brasilia-1702-851941-616183-0,-1.0,-15.76608,-47.890083,,,,2,2023-06-17T00:40:16+00:00
BRA_226874,Brasília,5300108,,Pioneira,764.2,https://moovitapp.com/index/pt-br/transporte_p%C3%BAblico-line-764_2-Brasilia-1702-851941-527246-0,-1.0,-15.758683,-47.778859,,,,1,2023-06-17T00:39:54+00:00
BRA_231444,Brasília,5300108,,Pioneira,183.8,https://moovitapp.com/index/pt-br/transporte_p%C3%BAblico-line-183_8-Brasilia-1702-851941-719958-0,-1.0,-15.90786,-47.769393,,,,1,2023-06-17T00:39:44+00:00
BRA_231541,Brasília,5300108,,Pioneira,0.018,https://moovitapp.com/index/pt-br/transporte_p%C3%BAblico-line-0_018-Brasilia-1702-851941-75742713-0,-1.0,-15.770316,-47.789846,,,,2,2023-06-17T00:40:38+00:00
BRA_229032,Brasília,5300108,,Pioneira,271.3,https://moovitapp.com/index/pt-br/transporte_p%C3%BAblico-line-271_3-Brasilia-1702-851941-669626-0,-1.0,-16.043755,-48.042686,,,,1,2023-06-17T00:40:00+00:00
BRA_227331,Brasília,5300108,,Pioneira,147.4,https://moovitapp.com/index/pt-br/transporte_p%C3%BAblico-line-147_4-Brasilia-1702-851941-574204-0,-1.0,-15.841312,-47.885817,,,,1,2023-06-17T00:32:02+00:00
BRA_229253,Brasília,5300108,,Pioneira,759.1,https://moovitapp.com/index/pt-br/transporte_p%C3%BAblico-line-759_1-Brasilia-1702-851941-616183-0,-1.0,-15.756561,-47.773188,,,,2,2023-06-17T00:40:28+00:00
BRA_232629,Brasília,5300108,,Pioneira,2208,https://moovitapp.com/index/pt-br/transporte_p%C3%BAblico-line-2208-Brasilia-1702-851941-18556642-0,-1.0,-15.94866,-48.001348,,,,2,2023-06-17T00:40:48+00:00
BRA_225941,Brasília,5300108,,UTB,2303,https://moovitapp.com/index/pt-br/transporte_p%C3%BAblico-line-2303-Brasilia-1702-854427-744299-0,-1.0,-15.852604,-47.932681,,,,2,2023-06-17T00:40:00+00:00
BRA_231754,Brasília,5300108,,Pioneira,784.3,https://moovitapp.com/index/pt-br/transporte_p%C3%BAblico-line-784_3-Brasilia-1702-851941-46904557-0,-1.0,-15.75651,-47.778554,,,,1,2023-06-17T00:40:26+00:00
BRA_227820,Brasília,5300108,,Pioneira,180.1,https://moovitapp.com/index/pt-br/transporte_p%C3%BAblico-line-180_1-Brasilia-1702-851941-339336-0,-1.0,-15.904999,-47.76973,,,,1,2023-06-17T00:39:46+00:00
BRA_227714,Brasília,5300108,,Pioneira,205.1,https://moovitapp.com/index/pt-br/transporte_p%C3%BAblico-line-205_1-Brasilia-1702-851941-393571-0,-1.0,-16.025237,-48.06965,,,,2,2023-06-17T00:40:30+00:00
BRA_228648,Brasília,5300108,,Pioneira,2306,https://moovitapp.com/index/pt-br/transporte_p%C3%BAblico-line-2306-Brasilia-1702-851941-18556641-0,-1.0,-15.836043,-47.926959,,,,1,2023-06-17T00:40:56+00:00
BRA_227218,Brasília,5300108,,Pioneira,205.1,https://moovitapp.com/index/pt-br/transporte_p%C3%BAblico-line-205_1-Brasilia-1702-851941-393571-0,-1.0,-15.970613,-48.025584,,,,1,2023-06-17T00:39:42+00:00
BRA_228303,Brasília,5300108,,,3206,,,-16.007429,-48.059834,,,,1,2023-06-17T00:39:36+00:00
BRA_232432,Brasília,5300108,,Pioneira,3315,https://moovitapp.com/index/pt-br/transporte_p%C3%BAblico-line-3315-Brasilia-1702-851941-645997-0,-1.0,-16.002499,-47.986284,,,,1,2023-06-17T00:40:24+00:00
BRA_227382,Brasília,5300108,,Pioneira,180.3,https://moovitapp.com/index/pt-br/transporte_p%C3%BAblico-line-180_3-Brasilia-1702-851941-546212-0,-1.0,-15.870646,-47.766048,,,,1,2023-06-17T00:38:54+00:00
BRA_232220,Brasília,5300108,,Pioneira,205.1,https://moovitapp.com/index/pt-br/transporte_p%C3%BAblico-line-205_1-Brasilia-1702-851941-393571-0,-1.0,-15.863016,-48.034472,,,,1,2023-06-17T00:40:34+00:00
BRA_223816,Brasília,5300108,,Pioneira,2206,https://moovitapp.com/index/pt-br/transporte_p%C3%BAblico-line-2206-Brasilia-1702-851941-18556637-0,-1.0,-15.95187,-48.004698,,,,1,2023-06-17T00:40:22+00:00
BRA_229563,Brasília,5300108,,Pioneira,197.3,https://moovitapp.com/index/pt-br/transporte_p%C3%BAblico-line-197_3-Brasilia-1702-851941-519409-0,-1.0,-15.794255,-47.881882,,,,1,2023-06-17T00:41:08+00:00
BRA_226963,Brasília,5300108,,Pioneira,2208,https://moovitapp.com/index/pt-br/transporte_p%C3%BAblico-line-2208-Brasilia-1702-851941-18556642-0,-1.0,-15.80663,-47.928249,,,,2,2023-06-17T00:40:40+00:00
BRA_227765,Brasília,5300108,,Pioneira,2206,https://moovitapp.com/index/pt-br/transporte_p%C3%BAblico-line-2206-Brasilia-1702-851941-18556637-0,-1.0,-15.751843,-47.894623,,,,1,2023-06-17T00:40:22+00:00
BRA_228877,Brasília,5300108,,Taguatur,3302,https://moovitapp.com/index/pt-br/transporte_p%C3%BAblico-line-3302-Brasilia-1702-854428-3135322-0,-1.0,-16.020768,-48.023734,,,,1,2023-06-17T00:40:44+00:00
BRA_232556,Brasília,5300108,,Pioneira,2306,https://moovitapp.com/index/pt-br/transporte_p%C3%BAblico-line-2306-Brasilia-1702-851941-18556641-0,-1.0,-16.002845,-47.986322,,,,2,2023-06-17T00:39:54+00:00
BRA_229393,Brasília,5300108,,Pioneira,0.255,https://moovitapp.com/index/pt-br/transporte_p%C3%BAblico-line-0_255-Brasilia-1702-851941-706978-0,-1.0,-16.004663,-47.993277,,,,2,2023-06-17T00:40:44+00:00
BRA_230014,Brasília,5300108,,Pioneira,207.2,https://moovitapp.com/index/pt-br/transporte_p%C3%BAblico-line-207_2-Brasilia-1702-851941-137149862-0,-1.0,-16.019375,-48.060215,,,,1,2023-06-17T00:40:18+00:00
BRA_231533,Brasília,5300108,,Pioneira,0.018,https://moovitapp.com/index/pt-br/transporte_p%C3%BAblico-line-0_018-Brasilia-1702-851941-75742713-0,-1.0,-15.759888,-47.892321,,,,2,2023-06-17T00:40:18+00:00
BRA_227072,Brasília,5300108,,Pioneira,197.3,https://moovitapp.com/index/pt-br/transporte_p%C3%BAblico-line-197_3-Brasilia-1702-851941-519409-0,-1.0,-15.878778,-47.822983,,,,1,2023-06-17T00:40:40+00:00
BRA_226360,Brasília,5300108,,Pioneira,2205,https://moovitapp.com/index/pt-br/transporte_p%C3%BAblico-line-2205-Brasilia-1702-851941-393568-0,-1.0,-15.820928,-47.917848,,,,1,2023-06-17T00:40:18+00:00
BRA_226432,Brasília,5300108,,Pioneira,761.1,https://moovitapp.com/index/pt-br/transporte_p%C3%BAblico-line-761_1-Brasilia-1702-851941-620161-0,-1.0,-15.825809,-47.828323,,,,1,2023-06-17T00:40:48+00:00
BRA_228567,Brasília,5300108,,UTB,2302,https://moovitapp.com/index/pt-br/transporte_p%C3%BAblico-line-2302-Brasilia-1702-854427-744298-0,-1.0,-15.872836,-47.95295,,,,1,2023-06-17T00:40:20+00:00
BRA_231932,Brasília,5300108,,Pioneira,180.1,https://moovitapp.com/index/pt-br/transporte_p%C3%BAblico-line-180_1-Brasilia-1702-851941-339336-0,-1.0,-15.797515,-47.87464,,,,1,2023-06-17T00:40:40+00:00
BRA_232475,Brasília,5300108,,Pioneira,3314,https://moovitapp.com/index/pt-br/transporte_p%C3%BAblico-line-3314-Brasilia-1702-851941-645996-0,-1.0,-16.002168,-47.986048,,,,1,2023-06-17T00:40:10+00:00
BRA_231631,Brasília,5300108,,Pioneira,0.762,https://moovitapp.com/index/pt-br/transporte_p%C3%BAblico-line-0_762-Brasilia-1702-851941-576189-0,-1.0,-15.736016,-47.765285,,,,1,2023-06-15T08:20:24+00:00
BRA_227609,Brasília,5300108,,Pioneira,2205,https://moovitapp.com/index/pt-br/transporte_p%C3%BAblico-line-2205-Brasilia-1702-851941-393568-0,-1.0,-15.94725,-47.999794,,,,2,2023-06-17T00:40:38+00:00
BRA_226467,Brasília,5300108,,Pioneira,510.1,https://moovitapp.com/index/pt-br/transporte_p%C3%BAblico-line-510_1-Brasilia-1702-851941-770035-0,-1.0,-15.770373,-47.77954,,,,1,2023-06-17T00:39:42+00:00
BRA_229491,Brasília,5300108,,Pioneira,0.510,https://moovitapp.com/index/pt-br/transporte_p%C3%BAblico-line-0_510-Brasilia-1702-851941-16483906-0,-1.0,-15.700626,-47.701981,,,,1,2023-06-17T00:22:28+00:00
BRA_226092,Brasília,5300108,,UTB,2303,https://moovitapp.com/index/pt-br/transporte_p%C3%BAblico-line-2303-Brasilia-1702-854427-744299-0,-1.0,-15.980949,-47.989049,,,,2,2023-06-17T00:40:30+00:00
BRA_232203,Brasília,5300108,,Pioneira,124.6,https://moovitapp.com/index/pt-br/transporte_p%C3%BAblico-line-124_6-Brasilia-1702-851941-425282-0,-1.0,-15.852311,-47.946725,,,,1,2023-06-17T00:40:06+00:00
BRA_228281,Brasília,5300108,,,3202,,,-15.995444,-48.053705,,,,1,2023-06-17T00:40:06+00:00
BRA_229482,Brasília,5300108,,Pioneira,147.5,https://moovitapp.com/index/pt-br/transporte_p%C3%BAblico-line-147_5-Brasilia-1702-851941-519406-0,-1.0,-15.913129,-47.756842,,,,1,2023-06-16T18:25:48+00:00
BRA_227838,Brasília,5300108,,Pioneira,180.2,https://moovitapp.com/index/pt-br/transporte_p%C3%BAblico-line-180_2-Brasilia-1702-851941-514539-0,-1.0,-15.889963,-47.812607,,,,2,2023-06-17T00:39:48+00:00
BRA_228915,Brasília,5300108,,Pioneira,251.7,https://moovitapp.com/index/pt-br/transporte_p%C3%BAblico-line-251_7-Brasilia-1702-851941-651524-0,-1.0,-16.009632,-48.082703,,,,1,2023-06-17T00:40:44+00:00
BRA_230049,Brasília,5300108,,Taguatur,3305,https://moovitapp.com/index/pt-br/transporte_p%C3%BAblico-line-3305-Brasilia-1702-854428-77810673-0,-1.0,-16.037743,-48.058301,,,,1,2023-06-17T00:39:48+00:00
BRA_232602,Brasília,5300108,,UTB,2302,https://moovitapp.com/index/pt-br/transporte_p%C3%BAblico-line-2302-Brasilia-1702-854427-744298-0,-1.0,-15.982801,-47.988458,,,,2,2023-06-17T00:40:34+00:00
BRA_226556,Brasília,5300108,,Pioneira,0.102,https://moovitapp.com/index/pt-br/transporte_p%C3%BAblico-line-0_102-Brasilia-1702-851941-775119-0,-1.0,-15.794853,-47.882034,,,,1,2023-06-17T00:40:56+00:00
BRA_230065,Brasília,5300108,,Taguatur,3302,https://moovitapp.com/index/pt-br/transporte_p%C3%BAblico-line-3302-Brasilia-1702-854428-3135322-0,-1.0,-16.03185,-48.033658,,,,1,2023-06-17T00:40:36+00:00
BRA_223743,Brasília,5300108,,Pioneira,2307,https://moovitapp.com/index/pt-br/transporte_p%C3%BAblico-line-2307-Brasilia-1702-851941-18556638-0,-1.0,-15.914245,-47.969683,,,,2,2023-06-17T00:40:20+00:00
BRA_228885,Brasília,5300108,,Pioneira,2307,https://moovitapp.com/index/pt-br/transporte_p%C3%BAblico-line-2307-Brasilia-1702-851941-18556638-0,-1.0,-16.001418,-47.985572,,,,1,2023-06-17T00:39:36+00:00
BRA_229008,Brasília,5300108,,Pioneira,255.2,https://moovitapp.com/index/pt-br/transporte_p%C3%BAblico-line-255_2-Brasilia-1702-851941-312453-0,-1.0,-16.016642,-48.012232,,,,1,2023-06-16T23:42:24+00:00
BRA_229849,Brasília,5300108,,Pioneira,147.2,https://moovitapp.com/index/pt-br/transporte_p%C3%BAblico-line-147_2-Brasilia-1702-851941-519403-0,-1.0,-15.906432,-47.771345,,,,1,2023-06-17T00:40:34+00:00
BRA_228575,Brasília,5300108,,Pioneira,0.253,https://moovitapp.com/index/pt-br/transporte_p%C3%BAblico-line-0_253-Brasilia-1702-851941-510254-0,-1.0,-15.853769,-48.071958,,,,2,2023-06-17T00:40:34+00:00
BRA_232084,Brasília,5300108,,Pioneira,0.147,https://moovitapp.com/index/pt-br/transporte_p%C3%BAblico-line-0_147-Brasilia-1702-851941-519401-0,-1.0,-15.906388,-47.770861,,,,1,2023-06-17T00:40:06+00:00
BRA_229652,Brasília,5300108,,Pioneira,0.763,https://moovitapp.com/index/pt-br/transporte_p%C3%BAblico-line-0_763-Brasilia-1702-851941-468878-0,-1.0,-15.823048,-47.898272,,,,2,2023-06-17T00:40:26+00:00
BRA_230031,Brasília,5300108,,Pioneira,3213,https://moovitapp.com/index/pt-br/transporte_p%C3%BAblico-line-3213-Brasilia-1702-851941-74051275-0,-1.0,-15.991831,-48.049375,,,,1,2023-06-17T00:40:16+00:00
BRA_226831,Brasília,5300108,,Pioneira,0.510,https://moovitapp.com/index/pt-br/transporte_p%C3%BAblico-line-0_510-Brasilia-1702-851941-16483906-0,-1.0,-15.76021,-47.780773,,,,1,2023-06-15T13:15:44+00:00
BRA_227480,Brasília,5300108,,,3201,,,-15.998349,-48.058562,,,,1,2023-06-15T21:20:48+00:00
BRA_227480,Brasília,5300108,,Taguatur,3305,https://moovitapp.com/index/pt-br/transporte_p%C3%BAblico-line-3305-Brasilia-1702-854428-77810673-0,-1.0,-16.01832,-47.980841,,,,1,2023-06-17T00:40:14+00:00
BRA_230103,Brasília,5300108,,Taguatur,3302,https://moovitapp.com/index/pt-br/transporte_p%C3%BAblico-line-3302-Brasilia-1702-854428-3135322-0,-1.0,-16.049149,-48.026862,,,,1,2023-06-17T00:40:28+00:00
BRA_228125,Brasília,5300108,,,3202,,,-16.037479,-48.056362,,,,1,2023-06-17T00:41:24+00:00
BRA_227099,Brasília,5300108,,Pioneira,0.195,https://moovitapp.com/index/pt-br/transporte_p%C3%BAblico-line-0_195-Brasilia-1702-851941-242845-0,-1.0,-15.81303,-47.886593,,,,1,2023-06-17T00:40:28+00:00
BRA_231703,Brasília,5300108,,Pioneira,102.1,https://moovitapp.com/index/pt-br/transporte_p%C3%BAblico-line-102_1-Brasilia-1702-851941-775125-0,-1.0,-15.815439,-47.910257,,,,1,2023-06-17T00:40:00+00:00
BRA_229512,Brasília,5300108,,,3204,,,-16.016387,-48.053641,,,,1,2023-06-17T00:05:18+00:00
BRA_229083,Brasília,5300108,,Pioneira,197.3,https://moovitapp.com/index/pt-br/transporte_p%C3%BAblico-line-197_3-Brasilia-1702-851941-519409-0,-1.0,-15.892183,-47.794735,,,,2,2023-06-17T00:40:34+00:00
BRA_231649,Brasília,5300108,,Pioneira,0.762,https://moovitapp.com/index/pt-br/transporte_p%C3%BAblico-line-0_762-Brasilia-1702-851941-576189-0,-1.0,-15.794524,-47.88405,,,,1,2023-06-17T00:22:44+00:00
BRA_232076,Brasília,5300108,,Pioneira,183.6,https://moovitapp.com/index/pt-br/transporte_p%C3%BAblico-line-183_6-Brasilia-1702-851941-242921-0,-1.0,-15.893819,-47.801665,,,,1,2023-06-17T00:40:14+00:00
BRA_227129,Brasília,5300108,,Pioneira,2205,https://moovitapp.com/index/pt-br/transporte_p%C3%BAblico-line-2205-Brasilia-1702-851941-393568-0,-1.0,-15.969254,-48.024064,,,,1,2023-06-17T00:40:44+00:00
BRA_232190,Brasília,5300108,,Pioneira,0.225,https://moovitapp.com/index/pt-br/transporte_p%C3%BAblico-line-0_225-Brasilia-1702-851941-510253-0,-1.0,-16.003436,-48.05319,,,,1,2023-06-17T00:40:16+00:00
BRA_226882,Brasília,5300108,,,2202,,,-15.793711,-47.882359,,,,2,2023-06-17T00:40:42+00:00
BRA_227862,Brasília,5300108,,Pioneira,3210,https://moovitapp.com/index/pt-br/transporte_p%C3%BAblico-line-3210-Brasilia-1702-851941-14518504-0,-1.0,-16.037851,-48.056718,,,,1,2023-06-17T00:41:02+00:00
BRA_228222,Brasília,5300108,,,3206,,,-16.037686,-48.056451,,,,1,2023-06-17T00:40:50+00:00
BRA_229938,Brasília,5300108,,,3202,,,-16.013727,-48.047099,,,,1,2023-06-17T00:40:10+00:00
BRA_231789,Brasília,5300108,,Pioneira,0.764,https://moovitapp.com/index/pt-br/transporte_p%C3%BAblico-line-0_764-Brasilia-1702-851941-516641-0,-1.0,-15.752454,-47.780226,,,,2,2023-06-16T21:57:20+00:00
BRA_228702,Brasília,5300108,,Taguatur,3302,https://moovitapp.com/index/pt-br/transporte_p%C3%BAblico-line-3302-Brasilia-1702-854428-3135322-0,-1.0,-16.007086,-48.002263,,,,1,2023-06-17T00:41:14+00:00
BRA_229873,Brasília,5300108,,Pioneira,147.5,https://moovitapp.com/index/pt-br/transporte_p%C3%BAblico-line-147_5-Brasilia-1702-851941-519406-0,-1.0,-15.885059,-47.81789,,,,2,2023-06-17T00:40:46+00:00
BRA_223956,Brasília,5300108,,Pioneira,2306,https://moovitapp.com/index/pt-br/transporte_p%C3%BAblico-line-2306-Brasilia-1702-851941-18556641-0,-1.0,-15.738935,-47.898895,,,,1,2023-06-17T00:39:44+00:00
BRA_225568,Brasília,5300108,,UTB,2303,https://moovitapp.com/index/pt-br/transporte_p%C3%BAblico-line-2303-Brasilia-1702-854427-744299-0,-1.0,-15.791581,-47.889746,,,,1,2023-06-17T00:40:00+00:00
BRA_223697,Brasília,5300108,,,2202,,,-15.953418,-48.006618,,,,2,2023-06-17T00:41:14+00:00
BRA_227234,Brasília,5300108,,Pioneira,180.1,https://moovitapp.com/index/pt-br/transporte_p%C3%BAblico-line-180_1-Brasilia-1702-851941-339336-0,-1.0,-15.885175,-47.820065,,,,2,2023-06-17T00:40:34+00:00
BRA_229971,Brasília,5300108,,,3207,,,-16.009673,-48.081793,,,,1,2023-06-17T00:39:32+00:00
BRA_227587,Brasília,5300108,,Pioneira,147.5,https://moovitapp.com/index/pt-br/transporte_p%C3%BAblico-line-147_5-Brasilia-1702-851941-519406-0,-1.0,-15.912704,-47.757345,,,,2,2023-06-17T00:40:06+00:00
BRA_232068,Brasília,5300108,,Pioneira,180.2,https://moovitapp.com/index/pt-br/transporte_p%C3%BAblico-line-180_2-Brasilia-1702-851941-514539-0,-1.0,-15.896444,-47.797017,,,,1,2023-06-17T00:40:12+00:00
BRA_229920,Brasília,5300108,,,3204,,,-16.01764,-48.073147,,,,1,2023-06-17T00:40:22+00:00
BRA_225959,Brasília,5300108,,UTB,2303,https://moovitapp.com/index/pt-br/transporte_p%C3%BAblico-line-2303-Brasilia-1702-854427-744299-0,-1.0,-15.964959,-47.992037,,,,1,2023-06-17T00:41:22+00:00
BRA_228869,Brasília,5300108,,Taguatur,3303,https://moovitapp.com/index/pt-br/transporte_p%C3%BAblico-line-3303-Brasilia-1702-854428-2224148-0,-1.0,-16.048339,-48.037899,,,,1,2023-06-17T00:39:40+00:00
BRA_227404,Brasília,5300108,,Pioneira,147.2,https://moovitapp.com/index/pt-br/transporte_p%C3%BAblico-line-147_2-Brasilia-1702-851941-519403-0,-1.0,-15.796569,-47.891221,,,,2,2023-06-17T00:40:02+00:00
BRA_229989,Brasília,5300108,,,3207,,,-16.006409,-48.059846,,,,1,2023-06-17T00:40:06+00:00
BRA_228079,Brasília,5300108,,Pioneira,205.1,https://moovitapp.com/index/pt-br/transporte_p%C3%BAblico-line-205_1-Brasilia-1702-851941-393571-0,-1.0,-15.795097,-48.110683,,,,1,2023-06-17T00:40:48+00:00
BRA_229610,Brasília,5300108,,,3204,,,-16.020014,-48.050697,,,,1,2023-06-17T00:40:12+00:00
BRA_228044,Brasília,5300108,,Pioneira,0.181,https://moovitapp.com/index/pt-br/transporte_p%C3%BAblico-line-0_181-Brasilia-1702-851941-242838-0,-1.0,-15.823293,-47.805499,,,,2,2023-06-17T00:40:36+00:00
BRA_230201,Brasília,5300108,,Pioneira,255.1,https://moovitapp.com/index/pt-br/transporte_p%C3%BAblico-line-255_1-Brasilia-1702-851941-706982-0,-1.0,-15.804596,-48.072053,,,,2,2023-06-17T00:40:14+00:00
BRA_227056,Brasília,5300108,,Pioneira,780.1,https://moovitapp.com/index/pt-br/transporte_p%C3%BAblico-line-780_1-Brasilia-1702-851941-531040-0,-1.0,-15.758589,-47.745023,,,,1,2023-06-17T00:40:40+00:00
BRA_229261,Brasília,5300108,,Pioneira,255.1,https://moovitapp.com/index/pt-br/transporte_p%C3%BAblico-line-255_1-Brasilia-1702-851941-706982-0,-1.0,-15.823847,-48.060488,,,,2,2023-06-17T00:39:54+00:00
BRA_227595,Brasília,5300108,,Pioneira,181.2,https://moovitapp.com/index/pt-br/transporte_p%C3%BAblico-line-181_2-Brasilia-1702-851941-339338-0,-1.0,-15.866337,-47.820993,,,,1,2023-06-17T00:40:38+00:00
BRA_228591,Brasília,5300108,,Pioneira,251.8,https://moovitapp.com/index/pt-br/transporte_p%C3%BAblico-line-251_8-Brasilia-1702-851941-708654-0,-1.0,-16.004059,-48.059535,,,,1,2023-06-17T00:40:18+00:00
BRA_226611,Brasília,5300108,,Pioneira,0.765,https://moovitapp.com/index/pt-br/transporte_p%C3%BAblico-line-0_765-Brasilia-1702-851941-576190-0,-1.0,-15.763917,-47.780265,,,,2,2023-06-17T00:41:14+00:00
BRA_226017,Brasília,5300108,,UTB,2303,https://moovitapp.com/index/pt-br/transporte_p%C3%BAblico-line-2303-Brasilia-1702-854427-744299-0,-1.0,-15.820169,-47.916805,,,,1,2023-06-17T00:41:02+00:00
BRA_227030,Brasília,5300108,,Pioneira,764.2,https://moovitapp.com/index/pt-br/transporte_p%C3%BAblico-line-764_2-Brasilia-1702-851941-527246-0,-1.0,-15.760433,-47.78139,,,,2,2023-06-17T00:40:06+00:00
BRA_227439,Brasília,5300108,,Pioneira,181.5,https://moovitapp.com/index/pt-br/transporte_p%C3%BAblico-line-181_5-Brasilia-1702-851941-756866-0,-1.0,-15.817796,-47.774333,,,,1,2023-06-17T00:40:16+00:00
BRA_228061,Brasília,5300108,,Pioneira,181.1,https://moovitapp.com/index/pt-br/transporte_p%C3%BAblico-line-181_1-Brasilia-1702-851941-242915-0,-1.0,-15.913269,-47.758292,,,,1,2023-06-17T00:39:48+00:00
BRA_228001,Brasília,5300108,,UTB,2302,https://moovitapp.com/index/pt-br/transporte_p%C3%BAblico-line-2302-Brasilia-1702-854427-744298-0,-1.0,-15.820228,-47.949605,,,,2,2023-06-16T21:51:04+00:00
BRA_223719,Brasília,5300108,,Pioneira,2206,https://moovitapp.com/index/pt-br/transporte_p%C3%BAblico-line-2206-Brasilia-1702-851941-18556637-0,-1.0,-15.786087,-47.887953,,,,2,2023-06-17T00:40:06+00:00
BRA_230073,Brasília,5300108,,Taguatur,3302,https://moovitapp.com/index/pt-br/transporte_p%C3%BAblico-line-3302-Brasilia-1702-854428-3135322-0,-1.0,-16.042254,-48.026086,,,,1,2023-06-17T00:40:30+00:00
BRA_227790,Brasília,5300108,,,3207,,,-16.00618,-48.056934,,,,1,2023-06-17T00:39:50+00:00
BRA_229946,Brasília,5300108,,Pioneira,073.1,https://moovitapp.com/index/pt-br/transporte_p%C3%BAblico-line-073_1-Brasilia-1702-851941-775123-0,-1.0,-15.871542,-47.950108,,,,1,2023-06-17T00:40:14+00:00
BRA_230219,Brasília,5300108,,Taguatur,3303,https://moovitapp.com/index/pt-br/transporte_p%C3%BAblico-line-3303-Brasilia-1702-854428-2224148-0,-1.0,-16.035019,-48.027281,,,,1,2023-06-17T00:40:02+00:00
BRA_228907,Brasília,5300108,,Pioneira,0.253,https://moovitapp.com/index/pt-br/transporte_p%C3%BAblico-line-0_253-Brasilia-1702-851941-510254-0,-1.0,-15.947439,-47.991898,,,,1,2023-06-17T00:40:42+00:00
BRA_232301,Brasília,5300108,,Pioneira,073.1,https://moovitapp.com/index/pt-br/transporte_p%C3%BAblico-line-073_1-Brasilia-1702-851941-775123-0,-1.0,-15.836334,-47.933832,,,,1,2023-06-17T00:40:32+00:00
BRA_229369,Brasília,5300108,,Pioneira,2306,https://moovitapp.com/index/pt-br/transporte_p%C3%BAblico-line-2306-Brasilia-1702-851941-18556641-0,-1.0,-15.898285,-47.962575,,,,2,2023-06-17T00:40:48+00:00
BRA_226670,Brasília,5300108,,Pioneira,0.765,https://moovitapp.com/index/pt-br/transporte_p%C3%BAblico-line-0_765-Brasilia-1702-851941-576190-0,-1.0,-15.834648,-47.823714,,,,1,2023-06-17T00:40:40+00:00
BRA_228010,Brasília,5300108,,Marechal,206.1,https://moovitapp.com/index/pt-br/transporte_p%C3%BAblico-line-206_1-Brasilia-1702-851940-137149861-0,-1.0,-16.014102,-48.013542,,,,1,2023-06-17T00:40:24+00:00
BRA_228346,Brasília,5300108,,Pioneira,0.255,https://moovitapp.com/index/pt-br/transporte_p%C3%BAblico-line-0_255-Brasilia-1702-851941-706978-0,-1.0,-15.863611,-48.034148,,,,1,2023-06-17T00:40:02+00:00
BRA_231479,Brasília,5300108,,Pioneira,0.011,https://moovitapp.com/index/pt-br/transporte_p%C3%BAblico-line-0_011-Brasilia-1702-851941-775117-0,-1.0,-15.799251,-47.784518,,,,1,2023-06-17T00:40:02+00:00
BRA_228338,Brasília,5300108,,Pioneira,180.2,https://moovitapp.com/index/pt-br/transporte_p%C3%BAblico-line-180_2-Brasilia-1702-851941-514539-0,-1.0,-15.795614,-47.874831,,,,2,2023-06-17T00:39:54+00:00
BRA_232041,Brasília,5300108,,Pioneira,147.7,https://moovitapp.com/index/pt-br/transporte_p%C3%BAblico-line-147_7-Brasilia-1702-851941-574205-0,-1.0,-15.912684,-47.758584,,,,1,2023-06-17T00:40:22+00:00
BRA_230154,Brasília,5300108,,Pioneira,255.1,https://moovitapp.com/index/pt-br/transporte_p%C3%BAblico-line-255_1-Brasilia-1702-851941-706982-0,-1.0,-15.795256,-48.110524,,,,1,2023-06-17T00:39:58+00:00
BRA_223948,Brasília,5300108,,Pioneira,2307,https://moovitapp.com/index/pt-br/transporte_p%C3%BAblico-line-2307-Brasilia-1702-851941-18556638-0,-1.0,-15.802511,-47.921307,,,,2,2023-06-17T00:35:32+00:00
BRA_226742,Brasília,5300108,,Pioneira,0.781,https://moovitapp.com/index/pt-br/transporte_p%C3%BAblico-line-0_781-Brasilia-1702-851941-242889-0,-1.0,-15.742577,-47.76889,,,,1,2023-06-16T22:29:44+00:00
BRA_229458,Brasília,5300108,,Pioneira,181.2,https://moovitapp.com/index/pt-br/transporte_p%C3%BAblico-line-181_2-Brasilia-1702-851941-339338-0,-1.0,-15.913493,-47.757656,,,,1,2023-06-17T00:39:50+00:00
BRA_229806,Brasília,5300108,,Pioneira,147.2,https://moovitapp.com/index/pt-br/transporte_p%C3%BAblico-line-147_2-Brasilia-1702-851941-519403-0,-1.0,-15.818645,-47.915095,,,,1,2023-06-17T00:39:52+00:00
BRA_228923,Brasília,5300108,,Pioneira,073.2,https://moovitapp.com/index/pt-br/transporte_p%C3%BAblico-line-073_2-Brasilia-1702-851941-775124-0,-1.0,-15.870647,-47.925821,,,,1,2023-06-17T00:41:04+00:00
BRA_232122,Brasília,5300108,,Pioneira,180.1,https://moovitapp.com/index/pt-br/transporte_p%C3%BAblico-line-180_1-Brasilia-1702-851941-339336-0,-1.0,-15.802086,-47.852941,,,,1,2023-06-17T00:40:02+00:00
BRA_228478,Brasília,5300108,,,3207,,,-16.015605,-48.072962,,,,1,2023-06-17T00:39:38+00:00
BRA_226548,Brasília,5300108,,Pioneira,0.765,https://moovitapp.com/index/pt-br/transporte_p%C3%BAblico-line-0_765-Brasilia-1702-851941-576190-0,-1.0,-15.844375,-47.89297,,,,1,2023-06-17T00:39:48+00:00
BRA_227617,Brasília,5300108,,Pioneira,205.1,https://moovitapp.com/index/pt-br/transporte_p%C3%BAblico-line-205_1-Brasilia-1702-851941-393571-0,-1.0,-15.805297,-48.074418,,,,2,2023-06-17T00:40:12+00:00
BRA_231681,Brasília,5300108,,Pioneira,759.1,https://moovitapp.com/index/pt-br/transporte_p%C3%BAblico-line-759_1-Brasilia-1702-851941-616183-0,-1.0,-15.780136,-47.887833,,,,1,2023-06-17T00:39:58+00:00
BRA_228818,Brasília,5300108,,Pioneira,764.2,https://moovitapp.com/index/pt-br/transporte_p%C3%BAblico-line-764_2-Brasilia-1702-851941-527246-0,-1.0,-15.76155,-47.78235,,,,1,2023-06-17T00:40:00+00:00
BRA_232131,Brasília,5300108,,Pioneira,205.1,https://moovitapp.com/index/pt-br/transporte_p%C3%BAblico-line-205_1-Brasilia-1702-851941-393571-0,-1.0,-15.897773,-48.055815,,,,2,2023-06-17T00:39:42+00:00
BRA_228354,Brasília,5300108,,Pioneira,0.253,https://moovitapp.com/index/pt-br/transporte_p%C3%BAblico-line-0_253-Brasilia-1702-851941-510254-0,-1.0,-16.013634,-48.013879,,,,2,2023-06-17T00:41:08+00:00
BRA_232572,Brasília,5300108,,UTB,2302,https://moovitapp.com/index/pt-br/transporte_p%C3%BAblico-line-2302-Brasilia-1702-854427-744298-0,-1.0,-15.803459,-47.886288,,,,1,2023-06-17T00:40:26+00:00
BRA_228826,Brasília,5300108,,Pioneira,147.3,https://moovitapp.com/index/pt-br/transporte_p%C3%BAblico-line-147_3-Brasilia-1702-851941-574203-0,-1.0,-15.794884,-47.882003,,,,1,2023-06-17T00:21:32+00:00
BRA_229318,Brasília,5300108,,Pioneira,0.765,https://moovitapp.com/index/pt-br/transporte_p%C3%BAblico-line-0_765-Brasilia-1702-851941-576190-0,-1.0,-15.76015,-47.781212,,,,1,2023-06-16T23:52:10+00:00
BRA_226921,Brasília,5300108,,Pioneira,0.765,https://moovitapp.com/index/pt-br/transporte_p%C3%BAblico-line-0_765-Brasilia-1702-851941-576190-0,-1.0,-15.813732,-47.90814,,,,2,2023-06-17T00:40:54+00:00
BRA_230197,Brasília,5300108,,Taguatur,3303,https://moovitapp.com/index/pt-br/transporte_p%C3%BAblico-line-3303-Brasilia-1702-854428-2224148-0,-1.0,-16.00289,-47.986703,,,,1,2023-06-17T00:40:10+00:00
BRA_226564,Brasília,5300108,,Pioneira,764.2,https://moovitapp.com/index/pt-br/transporte_p%C3%BAblico-line-764_2-Brasilia-1702-851941-527246-0,-1.0,-15.797164,-47.868626,,,,1,2023-06-16T23:58:32+00:00
BRA_232548,Brasília,5300108,,Pioneira,2306,https://moovitapp.com/index/pt-br/transporte_p%C3%BAblico-line-2306-Brasilia-1702-851941-18556641-0,-1.0,-16.023731,-48.03191,,,,1,2023-06-17T00:40:14+00:00
BRA_226751,Brasília,5300108,,Pioneira,764.2,https://moovitapp.com/index/pt-br/transporte_p%C3%BAblico-line-764_2-Brasilia-1702-851941-527246-0,-1.0,-15.746544,-47.764058,,,,2,2023-06-17T00:39:34+00:00
BRA_229156,Brasília,5300108,,Pioneira,0.255,https://moovitapp.com/index/pt-br/transporte_p%C3%BAblico-line-0_255-Brasilia-1702-851941-706978-0,-1.0,-16.003821,-47.989049,,,,2,2023-06-17T00:40:00+00:00
BRA_227226,Brasília,5300108,,Pioneira,170.4,https://moovitapp.com/index/pt-br/transporte_p%C3%BAblico-line-170_4-Brasilia-1702-851941-379787-0,-1.0,-15.900189,-47.779603,,,,1,2023-06-17T00:39:56+00:00
BRA_231550,Brasília,5300108,,Pioneira,0.030,https://moovitapp.com/index/pt-br/transporte_p%C3%BAblico-line-0_030-Brasilia-1702-851941-775118-0,-1.0,-15.736814,-47.766195,,,,1,2023-06-17T00:40:00+00:00
BRA_231436,Brasília,5300108,,Pioneira,183.0,https://moovitapp.com/index/pt-br/transporte_p%C3%BAblico-line-183_0-Brasilia-1702-851941-26502248-0,-1.0,-15.913286,-47.757605,,,,1,2023-06-17T00:40:46+00:00
BRA_228575,Brasília,5300108,,Pioneira,0.255,https://moovitapp.com/index/pt-br/transporte_p%C3%BAblico-line-0_255-Brasilia-1702-851941-706978-0,-1.0,-16.015341,-48.015106,,,,1,2023-06-14T10:14:20+00:00
BRA_229709,Brasília,5300108,,Pioneira,147.5,https://moovitapp.com/index/pt-br/transporte_p%C3%BAblico-line-147_5-Brasilia-1702-851941-519406-0,-1.0,-15.900634,-47.779088,,,,1,2023-06-17T00:40:30+00:00
BRA_232211,Brasília,5300108,,Pioneira,205.1,https://moovitapp.com/index/pt-br/transporte_p%C3%BAblico-line-205_1-Brasilia-1702-851941-393571-0,-1.0,-16.024595,-48.069516,,,,2,2023-06-17T00:40:12+00:00
BRA_223930,Brasília,5300108,,Pioneira,2306,https://moovitapp.com/index/pt-br/transporte_p%C3%BAblico-line-2306-Brasilia-1702-851941-18556641-0,-1.0,-15.988919,-47.986964,,,,1,2023-06-17T00:40:24+00:00
BRA_223930,Brasília,5300108,,Pioneira,2306,https://moovitapp.com/index/pt-br/transporte_p%C3%BAblico-line-2306-Brasilia-1702-851941-18556641-0,-1.0,-15.795288,-47.883077,,,,1,2023-06-16T20:31:08+00:00
BRA_223930,Brasília,5300108,,Pioneira,2207,https://moovitapp.com/index/pt-br/transporte_p%C3%BAblico-line-2207-Brasilia-1702-851941-422078-0,-1.0,-15.763694,-47.890859,,,,1,2023-06-14T12:55:10+00:00
BRA_229504,Brasília,5300108,,Pioneira,0.780,https://moovitapp.com/index/pt-br/transporte_p%C3%BAblico-line-0_780-Brasilia-1702-851941-514537-0,-1.0,-15.796309,-47.87855,,,,2,2023-06-14T19:24:22+00:00
BRA_226572,Brasília,5300108,,Urbi,0.129,https://moovitapp.com/index/pt-br/transporte_p%C3%BAblico-line-0_129-Brasilia-1702-851595-775097-0,-1.0,-15.845381,-47.894941,,,,1,2023-06-17T00:40:32+00:00
BRA_226831,Brasília,5300108,,Urbi,0.129,https://moovitapp.com/index/pt-br/transporte_p%C3%BAblico-line-0_129-Brasilia-1702-851595-775097-0,-1.0,-15.871798,-47.958017,,,,1,2023-06-15T19:41:04+00:00
BRA_228842,Brasília,5300108,,Pioneira,147.5,https://moovitapp.com/index/pt-br/transporte_p%C3%BAblico-line-147_5-Brasilia-1702-851941-519406-0,-1.0,-15.774749,-47.888081,,,,1,2023-06-17T00:40:24+00:00
BRA_229008,Brasília,5300108,,Pioneira,251.8,https://moovitapp.com/index/pt-br/transporte_p%C3%BAblico-line-251_8-Brasilia-1702-851941-708654-0,-1.0,-16.047344,-48.032063,,,,1,2023-06-17T00:41:22+00:00
BRA_226645,Brasília,5300108,,,2202,,,-15.961146,-48.015055,,,,1,2023-06-17T00:40:44+00:00
BRA_232637,Brasília,5300108,,Pioneira,2206,https://moovitapp.com/index/pt-br/transporte_p%C3%BAblico-line-2206-Brasilia-1702-851941-18556637-0,-1.0,-15.94707,-47.999521,,,,2,2023-06-17T00:40:36+00:00
BRA_227811,Brasília,5300108,,Pioneira,180.1,https://moovitapp.com/index/pt-br/transporte_p%C3%BAblico-line-180_1-Brasilia-1702-851941-339336-0,-1.0,-15.913243,-47.756868,,,,2,2023-06-17T00:40:42+00:00
BRA_232092,Brasília,5300108,,Pioneira,181.2,https://moovitapp.com/index/pt-br/transporte_p%C3%BAblico-line-181_2-Brasilia-1702-851941-339338-0,-1.0,-15.830282,-47.877031,,,,1,2023-06-16T22:12:22+00:00
BRA_226033,Brasília,5300108,,UTB,2303,https://moovitapp.com/index/pt-br/transporte_p%C3%BAblico-line-2303-Brasilia-1702-854427-744299-0,-1.0,-15.859888,-47.936438,,,,1,2023-06-17T00:39:50+00:00
BRA_229130,Brasília,5300108,,Pioneira,0.102,https://moovitapp.com/index/pt-br/transporte_p%C3%BAblico-line-0_102-Brasilia-1702-851941-775119-0,-1.0,-15.870229,-47.93427,,,,1,2023-06-17T00:40:04+00:00
BRA_229750,Brasília,5300108,,Pioneira,780.1,https://moovitapp.com/index/pt-br/transporte_p%C3%BAblico-line-780_1-Brasilia-1702-851941-531040-0,-1.0,-15.768051,-47.779635,,,,2,2023-06-17T00:40:12+00:00
BRA_228362,Brasília,5300108,,Pioneira,255.1,https://moovitapp.com/index/pt-br/transporte_p%C3%BAblico-line-255_1-Brasilia-1702-851941-706982-0,-1.0,-16.005646,-47.998351,,,,2,2023-06-17T00:40:20+00:00
BRA_226378,Brasília,5300108,,Pioneira,2205,https://moovitapp.com/index/pt-br/transporte_p%C3%BAblico-line-2205-Brasilia-1702-851941-393568-0,-1.0,-15.81958,-47.916309,,,,2,2023-06-17T00:40:04+00:00
BRA_227684,Brasília,5300108,,,2202,,,-15.875131,-47.956866,,,,1,2023-06-17T00:39:58+00:00
BRA_223751,Brasília,5300108,,Pioneira,2306,https://moovitapp.com/index/pt-br/transporte_p%C3%BAblico-line-2306-Brasilia-1702-851941-18556641-0,-1.0,-15.786042,-47.888004,,,,2,2023-06-17T00:40:14+00:00
BRA_227994,Brasília,5300108,,Pioneira,180.0,https://moovitapp.com/index/pt-br/transporte_p%C3%BAblico-line-180_0-Brasilia-1702-851941-77097780-0,-1.0,-15.885161,-47.815868,,,,1,2023-06-17T00:39:38+00:00
BRA_231720,Brasília,5300108,,Pioneira,764.2,https://moovitapp.com/index/pt-br/transporte_p%C3%BAblico-line-764_2-Brasilia-1702-851941-527246-0,-1.0,-15.797286,-47.875333,,,,2,2023-06-17T00:40:54+00:00
BRA_228087,Brasília,5300108,,UTB,2302,https://moovitapp.com/index/pt-br/transporte_p%C3%BAblico-line-2302-Brasilia-1702-854427-744298-0,-1.0,-15.954253,-47.994263,,,,1,2023-06-17T00:40:46+00:00
BRA_227048,Brasília,5300108,,,2202,,,-15.821718,-47.906124,,,,1,2023-06-17T00:40:30+00:00
BRA_230006,Brasília,5300108,,,3204,,,-16.023289,-48.072467,,,,1,2023-06-17T00:40:38+00:00
BRA_232271,Brasília,5300108,,Pioneira,205.1,https://moovitapp.com/index/pt-br/transporte_p%C3%BAblico-line-205_1-Brasilia-1702-851941-393571-0,-1.0,-16.037038,-48.056451,,,,1,2023-06-17T00:41:06+00:00
BRA_229431,Brasília,5300108,,Pioneira,0.253,https://moovitapp.com/index/pt-br/transporte_p%C3%BAblico-line-0_253-Brasilia-1702-851941-510254-0,-1.0,-16.026967,-48.031579,,,,2,2023-06-17T00:41:06+00:00
BRA_226106,Brasília,5300108,,UTB,2302,https://moovitapp.com/index/pt-br/transporte_p%C3%BAblico-line-2302-Brasilia-1702-854427-744298-0,-1.0,-16.024408,-48.032597,,,,2,2023-06-17T00:40:46+00:00
BRA_228273,Brasília,5300108,,Pioneira,197.3,https://moovitapp.com/index/pt-br/transporte_p%C3%BAblico-line-197_3-Brasilia-1702-851941-519409-0,-1.0,-15.913307,-47.756906,,,,2,2023-06-17T00:40:24+00:00
BRA_226700,Brasília,5300108,,Pioneira,163.1,https://moovitapp.com/index/pt-br/transporte_p%C3%BAblico-line-163_1-Brasilia-1702-851941-242911-0,-1.0,-15.8448,-47.94106,,,,2,2023-06-16T00:12:20+00:00
BRA_229504,Brasília,5300108,,Pioneira,764.2,https://moovitapp.com/index/pt-br/transporte_p%C3%BAblico-line-764_2-Brasilia-1702-851941-527246-0,-1.0,-15.827581,-47.827579,,,,1,2023-06-17T00:41:10+00:00
BRA_232157,Brasília,5300108,,Pioneira,205.1,https://moovitapp.com/index/pt-br/transporte_p%C3%BAblico-line-205_1-Brasilia-1702-851941-393571-0,-1.0,-15.874586,-48.028814,,,,2,2023-06-17T00:40:20+00:00
BRA_229504,Brasília,5300108,,Pioneira,0.780,https://moovitapp.com/index/pt-br/transporte_p%C3%BAblico-line-0_780-Brasilia-1702-851941-514537-0,-1.0,-15.752327,-47.763899,,,,1,2023-06-15T20:32:26+00:00
BRA_232424,Brasília,5300108,,Taguatur,3306,https://moovitapp.com/index/pt-br/transporte_p%C3%BAblico-line-3306-Brasilia-1702-854428-755287-0,-1.0,-16.002521,-47.986436,,,,1,2023-06-17T00:40:20+00:00
BRA_228354,Brasília,5300108,,Pioneira,0.253,https://moovitapp.com/index/pt-br/transporte_p%C3%BAblico-line-0_253-Brasilia-1702-851941-510254-0,-1.0,-16.044734,-48.029316,,,,1,2023-06-16T21:49:36+00:00
BRA_229580,Brasília,5300108,,,3202,,,-16.0048,-48.04872,,,,1,2023-06-17T00:33:10+00:00
BRA_228117,Brasília,5300108,,Pioneira,3212,https://moovitapp.com/index/pt-br/transporte_p%C3%BAblico-line-3212-Brasilia-1702-851941-52014256-0,-1.0,-15.991955,-48.049489,,,,1,2023-06-17T00:40:50+00:00
BRA_229695,Brasília,5300108,,Urbi,0.129,https://moovitapp.com/index/pt-br/transporte_p%C3%BAblico-line-0_129-Brasilia-1702-851595-775097-0,-1.0,-15.751667,-47.77912,,,,1,2023-06-16T21:48:42+00:00
BRA_226866,Brasília,5300108,,Pioneira,183.6,https://moovitapp.com/index/pt-br/transporte_p%C3%BAblico-line-183_6-Brasilia-1702-851941-242921-0,-1.0,-15.913369,-47.756124,,,,1,2023-06-17T00:38:28+00:00
BRA_227706,Brasília,5300108,,Pioneira,147.2,https://moovitapp.com/index/pt-br/transporte_p%C3%BAblico-line-147_2-Brasilia-1702-851941-519403-0,-1.0,-15.796647,-47.891546,,,,1,2023-06-17T00:40:34+00:00
BRA_229334,Brasília,5300108,,Pioneira,181.2,https://moovitapp.com/index/pt-br/transporte_p%C3%BAblico-line-181_2-Brasilia-1702-851941-339338-0,-1.0,-15.893041,-47.793196,,,,1,2023-06-17T00:40:08+00:00
BRA_232238,Brasília,5300108,,Pioneira,205.1,https://moovitapp.com/index/pt-br/transporte_p%C3%BAblico-line-205_1-Brasilia-1702-851941-393571-0,-1.0,-16.006173,-48.056896,,,,1,2023-06-17T00:40:36+00:00
BRA_228893,Brasília,5300108,,Pioneira,3307,https://moovitapp.com/index/pt-br/transporte_p%C3%BAblico-line-3307-Brasilia-1702-851941-519400-0,-1.0,-16.00247,-47.98697,,,,1,2023-06-17T00:40:44+00:00
BRA_228451,Brasília,5300108,,Pioneira,100.2,https://moovitapp.com/index/pt-br/transporte_p%C3%BAblico-line-100_2-Brasilia-1702-851941-620160-0,-1.0,-15.763024,-47.788562,,,,1,2023-06-17T00:40:28+00:00
BRA_226661,Brasília,5300108,,Pioneira,759.1,https://moovitapp.com/index/pt-br/transporte_p%C3%BAblico-line-759_1-Brasilia-1702-851941-616183-0,-1.0,-15.751359,-47.813649,,,,2,2023-06-17T00:40:32+00:00
BRA_226475,Brasília,5300108,,Pioneira,759.1,https://moovitapp.com/index/pt-br/transporte_p%C3%BAblico-line-759_1-Brasilia-1702-851941-616183-0,-1.0,-15.750357,-47.775674,,,,1,2023-06-17T00:40:06+00:00
BRA_226785,Brasília,5300108,,Urbi,0.129,https://moovitapp.com/index/pt-br/transporte_p%C3%BAblico-line-0_129-Brasilia-1702-851595-775097-0,-1.0,-15.857808,-47.922941,,,,2,2023-06-15T10:14:04+00:00
BRA_228541,Brasília,5300108,,Pioneira,0.147,https://moovitapp.com/index/pt-br/transporte_p%C3%BAblico-line-0_147-Brasilia-1702-851941-519401-0,-1.0,-15.845097,-47.921338,,,,2,2023-06-17T00:40:14+00:00
BRA_229407,Brasília,5300108,,,3301,,,-16.011272,-47.990944,,,,1,2023-06-17T00:40:18+00:00
BRA_232106,Brasília,5300108,,Pioneira,180.0,https://moovitapp.com/index/pt-br/transporte_p%C3%BAblico-line-180_0-Brasilia-1702-851941-77097780-0,-1.0,-15.867872,-47.821788,,,,2,2023-06-17T00:39:54+00:00
BRA_228982,Brasília,5300108,,Pioneira,271.3,https://moovitapp.com/index/pt-br/transporte_p%C3%BAblico-line-271_3-Brasilia-1702-851941-669626-0,-1.0,-16.031856,-48.026023,,,,1,2023-06-17T00:40:02+00:00
BRA_226629,Brasília,5300108,,Pioneira,0.765,https://moovitapp.com/index/pt-br/transporte_p%C3%BAblico-line-0_765-Brasilia-1702-851941-576190-0,-1.0,-15.820349,-47.917066,,,,1,2023-06-17T00:40:28+00:00
BRA_226912,Brasília,5300108,,Pioneira,0.759,https://moovitapp.com/index/pt-br/transporte_p%C3%BAblico-line-0_759-Brasilia-1702-851941-775121-0,-1.0,-15.764249,-47.890687,,,,2,2023-06-16T20:31:02+00:00
BRA_227528,Brasília,5300108,,,2202,,,-15.837344,-47.929279,,,,2,2023-06-17T00:39:58+00:00
BRA_232386,Brasília,5300108,,,3301,,,-16.04158,-48.027059,,,,1,2023-06-17T00:39:26+00:00
BRA_232378,Brasília,5300108,,,3301,,,-16.005929,-47.986754,,,,1,2023-06-17T00:40:22+00:00
BRA_228290,Brasília,5300108,,,3204,,,-15.991222,-48.048911,,,,1,2023-06-17T00:40:30+00:00
BRA_228494,Brasília,5300108,,Pioneira,020.2,https://moovitapp.com/index/pt-br/transporte_p%C3%BAblico-line-020_2-Brasilia-1702-851941-708653-0,-1.0,-16.044889,-48.032584,,,,1,2023-06-17T00:05:24+00:00
BRA_228761,Brasília,5300108,,Pioneira,251.8,https://moovitapp.com/index/pt-br/transporte_p%C3%BAblico-line-251_8-Brasilia-1702-851941-708654-0,-1.0,-16.002438,-47.986296,,,,1,2023-06-16T23:03:06+00:00
BRA_232599,Brasília,5300108,,Pioneira,2307,https://moovitapp.com/index/pt-br/transporte_p%C3%BAblico-line-2307-Brasilia-1702-851941-18556638-0,-1.0,-15.78824,-47.905704,,,,1,2023-06-17T00:41:02+00:00
BRA_229725,Brasília,5300108,,Pioneira,100.2,https://moovitapp.com/index/pt-br/transporte_p%C3%BAblico-line-100_2-Brasilia-1702-851941-620160-0,-1.0,-15.736539,-47.763855,,,,2,2023-06-17T00:40:38+00:00
BRA_230022,Brasília,5300108,,,3206,,,-16.027666,-48.072727,,,,1,2023-06-17T00:39:58+00:00
BRA_229601,Brasília,5300108,,Pioneira,784.3,https://moovitapp.com/index/pt-br/transporte_p%C3%BAblico-line-784_3-Brasilia-1702-851941-46904557-0,-1.0,-15.74693,-47.782534,,,,1,2023-06-13T16:18:12+00:00
BRA_229474,Brasília,5300108,,Pioneira,147.2,https://moovitapp.com/index/pt-br/transporte_p%C3%BAblico-line-147_2-Brasilia-1702-851941-519403-0,-1.0,-15.793924,-47.890071,,,,2,2023-06-17T00:40:38+00:00
BRA_232360,Brasília,5300108,,Pioneira,251.7,https://moovitapp.com/index/pt-br/transporte_p%C3%BAblico-line-251_7-Brasilia-1702-851941-651524-0,-1.0,-16.001968,-47.985762,,,,1,2023-06-17T00:41:16+00:00
BRA_228257,Brasília,5300108,,Pioneira,0.225,https://moovitapp.com/index/pt-br/transporte_p%C3%BAblico-line-0_225-Brasilia-1702-851941-510253-0,-1.0,-16.00796,-48.073287,,,,2,2023-06-17T00:40:28+00:00
BRA_229113,Brasília,5300108,,Pioneira,020.2,https://moovitapp.com/index/pt-br/transporte_p%C3%BAblico-line-020_2-Brasilia-1702-851941-708653-0,-1.0,-16.042448,-48.059433,,,,1,2023-06-17T00:40:40+00:00
BRA_229717,Brasília,5300108,,Pioneira,0.784,https://moovitapp.com/index/pt-br/transporte_p%C3%BAblico-line-0_784-Brasilia-1702-851941-372405-0,-1.0,-15.767984,-47.792357,,,,1,2023-06-17T00:39:50+00:00
BRA_232351,Brasília,5300108,,,3301,,,-16.039552,-48.021458,,,,1,2023-06-17T00:38:52+00:00
BRA_228753,Brasília,5300108,,Pioneira,255.1,https://moovitapp.com/index/pt-br/transporte_p%C3%BAblico-line-255_1-Brasilia-1702-851941-706982-0,-1.0,-15.924489,-48.046927,,,,2,2023-06-17T00:40:06+00:00
BRA_230090,Brasília,5300108,,Taguatur,3302,https://moovitapp.com/index/pt-br/transporte_p%C3%BAblico-line-3302-Brasilia-1702-854428-3135322-0,-1.0,-16.048695,-48.029545,,,,1,2023-06-17T00:40:28+00:00
BRA_229903,Brasília,5300108,,Pioneira,160.3,https://moovitapp.com/index/pt-br/transporte_p%C3%BAblico-line-160_3-Brasilia-1702-851941-242910-0,-1.0,-15.793254,-47.882632,,,,2,2023-06-17T00:40:28+00:00
BRA_227102,Brasília,5300108,,Pioneira,183.2,https://moovitapp.com/index/pt-br/transporte_p%C3%BAblico-line-183_2-Brasilia-1702-851941-242920-0,-1.0,-15.870703,-47.767352,,,,1,2023-06-17T00:40:20+00:00
BRA_227846,Brasília,5300108,,Pioneira,2307,https://moovitapp.com/index/pt-br/transporte_p%C3%BAblico-line-2307-Brasilia-1702-851941-18556638-0,-1.0,-15.788366,-47.90545,,,,1,2023-06-17T00:40:44+00:00
BRA_226513,Brasília,5300108,,Pioneira,0.762,https://moovitapp.com/index/pt-br/transporte_p%C3%BAblico-line-0_762-Brasilia-1702-851941-576189-0,-1.0,-15.760212,-47.781161,,,,2,2023-06-17T00:40:26+00:00
BRA_229181,Brasília,5300108,,Pioneira,0.255,https://moovitapp.com/index/pt-br/transporte_p%C3%BAblico-line-0_255-Brasilia-1702-851941-706978-0,-1.0,-15.983632,-47.987918,,,,1,2023-06-17T00:39:48+00:00
BRA_227692,Brasília,5300108,,Pioneira,197.3,https://moovitapp.com/index/pt-br/transporte_p%C3%BAblico-line-197_3-Brasilia-1702-851941-519409-0,-1.0,-15.796804,-47.870304,,,,2,2023-06-16T23:49:40+00:00
BRA_231452,Brasília,5300108,,Pioneira,784.3,https://moovitapp.com/index/pt-br/transporte_p%C3%BAblico-line-784_3-Brasilia-1702-851941-46904557-0,-1.0,-15.735939,-47.764834,,,,1,2023-06-17T00:40:22+00:00
BRA_227005,Brasília,5300108,,Pioneira,170.4,https://moovitapp.com/index/pt-br/transporte_p%C3%BAblico-line-170_4-Brasilia-1702-851941-379787-0,-1.0,-16.031045,-47.805155,,,,1,2023-06-17T00:40:40+00:00
BRA_229962,Brasília,5300108,,,3204,,,-15.992182,-48.049756,,,,1,2023-06-17T00:40:36+00:00
BRA_223859,Brasília,5300108,,Pioneira,2208,https://moovitapp.com/index/pt-br/transporte_p%C3%BAblico-line-2208-Brasilia-1702-851941-18556642-0,-1.0,-15.788306,-47.905577,,,,1,2023-06-17T00:39:34+00:00
BRA_227579,Brasília,5300108,,Pioneira,183.2,https://moovitapp.com/index/pt-br/transporte_p%C3%BAblico-line-183_2-Brasilia-1702-851941-242920-0,-1.0,-15.898213,-47.76093,,,,1,2023-06-17T00:39:22+00:00
BRA_229288,Brasília,5300108,,Pioneira,2306,https://moovitapp.com/index/pt-br/transporte_p%C3%BAblico-line-2306-Brasilia-1702-851941-18556641-0,-1.0,-15.73589,-47.904261,,,,1,2023-06-17T00:40:50+00:00
BRA_229857,Brasília,5300108,,Pioneira,147.3,https://moovitapp.com/index/pt-br/transporte_p%C3%BAblico-line-147_3-Brasilia-1702-851941-574203-0,-1.0,-15.913251,-47.75723,,,,2,2023-06-17T00:39:54+00:00
BRA_232530,Brasília,5300108,,Pioneira,2307,https://moovitapp.com/index/pt-br/transporte_p%C3%BAblico-line-2307-Brasilia-1702-851941-18556638-0,-1.0,-15.852698,-47.955048,,,,1,2023-06-17T00:40:14+00:00
BRA_227749,Brasília,5300108,,Pioneira,147.2,https://moovitapp.com/index/pt-br/transporte_p%C3%BAblico-line-147_2-Brasilia-1702-851941-519403-0,-1.0,-15.913369,-47.756995,,,,2,2023-06-17T00:40:42+00:00
BRA_226718,Brasília,5300108,,Pioneira,764.2,https://moovitapp.com/index/pt-br/transporte_p%C3%BAblico-line-764_2-Brasilia-1702-851941-527246-0,-1.0,-15.768903,-47.779686,,,,1,2023-06-17T00:40:12+00:00
BRA_232653,Brasília,5300108,,,2202,,,-15.977359,-48.033455,,,,2,2023-06-17T00:40:30+00:00
BRA_227919,Brasília,5300108,,,3201,,,-16.012627,-48.059967,,,,1,2023-06-17T00:40:06+00:00
BRA_227200,Brasília,5300108,,Pioneira,2206,https://moovitapp.com/index/pt-br/transporte_p%C3%BAblico-line-2206-Brasilia-1702-851941-18556637-0,-1.0,-15.99175,-48.049769,,,,2,2023-06-17T00:40:40+00:00
BRA_77071,Brasília,5300108,,Urbi,0.873,https://moovitapp.com/index/pt-br/transporte_p%C3%BAblico-line-0_873-Brasilia-1702-851595-510238-0,-1.0,-15.807187,-48.121206,,,,2,2023-06-17T00:40:20+00:00
BRA_710393,Brasília,5300108,,São José,0.311,https://moovitapp.com/index/pt-br/transporte_p%C3%BAblico-line-0_311-Brasilia-1702-851943-706986-0,-1.0,-15.814082,-47.90861,,,,1,2023-06-17T00:40:34+00:00
BRA_75841,Brasília,5300108,,São José,0.314,https://moovitapp.com/index/pt-br/transporte_p%C3%BAblico-line-0_314-Brasilia-1702-851943-715275-0,-1.0,-15.809577,-48.087598,,,,1,2023-06-17T00:30:16+00:00
BRA_78182,Brasília,5300108,,São José,0.331,https://moovitapp.com/index/pt-br/transporte_p%C3%BAblico-line-0_331-Brasilia-1702-851943-775133-0,-1.0,-15.800697,-48.060374,,,,2,2023-06-17T00:39:42+00:00
BRA_78093,Brasília,5300108,,São José,0.331,https://moovitapp.com/index/pt-br/transporte_p%C3%BAblico-line-0_331-Brasilia-1702-851943-775133-0,-1.0,-15.803383,-48.069351,,,,2,2023-06-16T18:00:52+00:00
BRA_710474,Brasília,5300108,,São José,0.334,https://moovitapp.com/index/pt-br/transporte_p%C3%BAblico-line-0_334-Brasilia-1702-851943-706993-0,-1.0,-15.787883,-48.13443,,,,1,2023-06-17T00:40:02+00:00
BRA_710555,Brasília,5300108,,São José,0.335,https://moovitapp.com/index/pt-br/transporte_p%C3%BAblico-line-0_335-Brasilia-1702-851943-775135-0,-1.0,-15.821188,-47.918598,,,,1,2023-06-17T00:40:26+00:00
BRA_76431,Brasília,5300108,,São José,0.344,https://moovitapp.com/index/pt-br/transporte_p%C3%BAblico-line-0_344-Brasilia-1702-851943-775137-0,-1.0,-15.807778,-48.156841,,,,1,2023-06-17T00:40:10+00:00
BRA_77283,Brasília,5300108,,Urbi,0.812,https://moovitapp.com/index/pt-br/transporte_p%C3%BAblico-line-0_812-Brasilia-1702-851595-697958-0,-1.0,-15.83533,-48.112432,,,,1,2023-06-17T00:40:34+00:00
BRA_78417,Brasília,5300108,,São José,0.343,https://moovitapp.com/index/pt-br/transporte_p%C3%BAblico-line-0_343-Brasilia-1702-851943-706996-0,-1.0,-15.818892,-48.12139,,,,1,2023-06-17T00:39:36+00:00
BRA_711004,Brasília,5300108,,São José,0.411,https://moovitapp.com/index/pt-br/transporte_p%C3%BAblico-line-0_411-Brasilia-1702-851943-788977-0,-1.0,-15.680539,-48.188503,,,,1,2023-06-17T00:20:44+00:00
BRA_500321,Brasília,5300108,,São José,0.413,https://moovitapp.com/index/pt-br/transporte_p%C3%BAblico-line-0_413-Brasilia-1702-851943-781649-0,-1.0,-15.793498,-47.890611,,,,2,2023-06-17T00:40:18+00:00
BRA_78603,Brasília,5300108,,São José,0.379,https://moovitapp.com/index/pt-br/transporte_p%C3%BAblico-line-0_379-Brasilia-1702-851943-707007-0,-1.0,-15.789781,-47.982011,,,,1,2023-06-17T00:39:38+00:00
BRA_710571,Brasília,5300108,,São José,0.920,https://moovitapp.com/index/pt-br/transporte_p%C3%BAblico-line-0_920-Brasilia-1702-851943-707019-0,-1.0,-15.811431,-47.989011,,,,2,2023-06-17T00:39:58+00:00
BRA_78301,Brasília,5300108,,São José,0.949,https://moovitapp.com/index/pt-br/transporte_p%C3%BAblico-line-0_949-Brasilia-1702-851943-707026-0,-1.0,-15.822636,-48.060876,,,,1,2023-06-17T00:39:30+00:00
BRA_79049,Brasília,5300108,,São José,0.926,https://moovitapp.com/index/pt-br/transporte_p%C3%BAblico-line-0_926-Brasilia-1702-851943-775154-0,-1.0,-15.823515,-48.114581,,,,1,2023-06-15T11:23:02+00:00
BRA_78999,Brasília,5300108,,São José,0.926,https://moovitapp.com/index/pt-br/transporte_p%C3%BAblico-line-0_926-Brasilia-1702-851943-775154-0,-1.0,-15.788004,-48.134678,,,,1,2023-06-17T00:40:22+00:00
BRA_78522,Brasília,5300108,,São José,0.927,https://moovitapp.com/index/pt-br/transporte_p%C3%BAblico-line-0_927-Brasilia-1702-851943-775155-0,-1.0,-15.806785,-48.121358,,,,1,2023-06-17T00:40:14+00:00
BRA_79693,Brasília,5300108,,São José,0.928,https://moovitapp.com/index/pt-br/transporte_p%C3%BAblico-line-0_928-Brasilia-1702-851943-756868-0,-1.0,-15.807899,-48.156962,,,,1,2023-06-17T00:39:46+00:00
BRA_500143,Brasília,5300108,,São José,413.2,https://moovitapp.com/index/pt-br/transporte_p%C3%BAblico-line-413_2-Brasilia-1702-851943-775173-0,-1.0,-15.68083,-48.189273,,,,1,2023-06-16T22:30:00+00:00
BRA_78042,Brasília,5300108,,São José,333.7,https://moovitapp.com/index/pt-br/transporte_p%C3%BAblico-line-333_7-Brasilia-1702-851943-2068454-0,-1.0,-15.788013,-48.134557,,,,1,2023-06-17T00:34:02+00:00
BRA_79707,Brasília,5300108,,São José,359.2,https://moovitapp.com/index/pt-br/transporte_p%C3%BAblico-line-359_2-Brasilia-1702-851943-2068453-0,-1.0,-15.836838,-48.098508,,,,1,2023-06-17T00:39:46+00:00
BRA_711209,Brasília,5300108,,São José,0.159,https://moovitapp.com/index/pt-br/transporte_p%C3%BAblico-line-0_159-Brasilia-1702-851943-375523-0,-1.0,-15.780775,-47.98629,,,,2,2023-06-17T00:40:00+00:00
BRA_711179,Brasília,5300108,,São José,0.159,https://moovitapp.com/index/pt-br/transporte_p%C3%BAblico-line-0_159-Brasilia-1702-851943-375523-0,-1.0,-15.811809,-48.094395,,,,2,2023-06-17T00:39:48+00:00
BRA_77445,Brasília,5300108,,Urbi,0.393,https://moovitapp.com/index/pt-br/transporte_p%C3%BAblico-line-0_393-Brasilia-1702-851595-588805-0,-1.0,-15.902136,-48.129407,,,,1,2023-06-17T00:40:36+00:00
BRA_79448,Brasília,5300108,,Urbi,398.1,https://moovitapp.com/index/pt-br/transporte_p%C3%BAblico-line-398_1-Brasilia-1702-851595-510241-0,-1.0,-15.859388,-48.068493,,,,1,2023-06-17T00:39:58+00:00
BRA_710873,Brasília,5300108,,São José,0.404,https://moovitapp.com/index/pt-br/transporte_p%C3%BAblico-line-0_404-Brasilia-1702-851943-783025-0,-1.0,-15.659957,-48.199388,,,,1,2023-06-17T00:39:50+00:00
BRA_711080,Brasília,5300108,,São José,0.406,https://moovitapp.com/index/pt-br/transporte_p%C3%BAblico-line-0_406-Brasilia-1702-851943-717430-0,-1.0,-15.671511,-48.19914,,,,2,2023-06-17T00:39:50+00:00
BRA_500089,Brasília,5300108,,São José,402.1,https://moovitapp.com/index/pt-br/transporte_p%C3%BAblico-line-402_1-Brasilia-1702-851943-707060-0,-1.0,-15.78749,-48.140743,,,,1,2023-06-16T23:01:02+00:00
BRA_79511,Brasília,5300108,,São José,928.1,https://moovitapp.com/index/pt-br/transporte_p%C3%BAblico-line-928_1-Brasilia-1702-851943-707067-0,-1.0,-15.815914,-48.153065,,,,1,2023-06-17T00:38:54+00:00
BRA_76091,Brasília,5300108,,São José,333.8,https://moovitapp.com/index/pt-br/transporte_p%C3%BAblico-line-333_8-Brasilia-1702-851943-376187-0,-1.0,-15.79919,-48.150013,,,,1,2023-06-17T00:39:50+00:00
BRA_711306,Brasília,5300108,,São José,158.5,https://moovitapp.com/index/pt-br/transporte_p%C3%BAblico-line-158_5-Brasilia-1702-851943-243043-0,-1.0,-15.784426,-47.997295,,,,2,2023-06-17T00:17:44+00:00
BRA_77330,Brasília,5300108,,Urbi,0.038,https://moovitapp.com/index/pt-br/transporte_p%C3%BAblico-line-0_038-Brasilia-1702-851595-687419-0,-1.0,-15.862552,-47.958379,,,,1,2023-06-16T12:23:04+00:00
BRA_76651,Brasília,5300108,,São José,0.039,https://moovitapp.com/index/pt-br/transporte_p%C3%BAblico-line-0_039-Brasilia-1702-851943-781333-0,-1.0,-15.822706,-48.115229,,,,1,2023-06-17T00:40:14+00:00
BRA_77062,Brasília,5300108,,Urbi,0.053,https://moovitapp.com/index/pt-br/transporte_p%C3%BAblico-line-0_053-Brasilia-1702-851595-588803-0,-1.0,-15.902535,-48.129725,,,,1,2023-06-17T00:40:02+00:00
BRA_77585,Brasília,5300108,,Urbi,0.053,https://moovitapp.com/index/pt-br/transporte_p%C3%BAblico-line-0_053-Brasilia-1702-851595-588803-0,-1.0,-15.900865,-48.122687,,,,1,2023-06-17T00:23:26+00:00
BRA_711292,Brasília,5300108,,São José,0.092,https://moovitapp.com/index/pt-br/transporte_p%C3%BAblico-line-0_092-Brasilia-1702-851943-496589-0,-1.0,-15.794667,-48.054811,,,,2,2023-06-17T00:06:56+00:00
BRA_711250,Brasília,5300108,,São José,0.092,https://moovitapp.com/index/pt-br/transporte_p%C3%BAblico-line-0_092-Brasilia-1702-851943-496589-0,-1.0,-15.856198,-47.952867,,,,2,2023-06-16T16:58:46+00:00
BRA_79197,Brasília,5300108,,São José,406.1,https://moovitapp.com/index/pt-br/transporte_p%C3%BAblico-line-406_1-Brasilia-1702-851943-707061-0,-1.0,-15.657587,-48.194988,,,,2,2023-06-17T00:40:00+00:00
BRA_77852,Brasília,5300108,,São José,963.1,https://moovitapp.com/index/pt-br/transporte_p%C3%BAblico-line-963_1-Brasilia-1702-851943-669629-0,-1.0,-15.828381,-48.217654,,,,2,2023-06-17T00:33:50+00:00
BRA_79774,Brasília,5300108,,São José,0.414,https://moovitapp.com/index/pt-br/transporte_p%C3%BAblico-line-0_414-Brasilia-1702-851943-773707-0,-1.0,-15.680656,-48.188471,,,,1,2023-06-16T21:43:48+00:00
BRA_79901,Brasília,5300108,,São José,929.1,https://moovitapp.com/index/pt-br/transporte_p%C3%BAblico-line-929_1-Brasilia-1702-851943-5294764-0,-1.0,-15.811489,-48.093581,,,,1,2023-06-17T00:40:38+00:00
BRA_117714,Brasília,5300108,,Piracicabana,0.114,https://moovitapp.com/index/pt-br/transporte_p%C3%BAblico-line-0_114-Brasilia-1702-850942-242379-0,-1.0,-15.77349,-47.90688,,,,,2023-06-13T19:59:54+00:00
BRA_120235,Brasília,5300108,,Piracicabana,066.2,https://moovitapp.com/index/pt-br/transporte_p%C3%BAblico-line-066_2-Brasilia-1702-850942-339293-0,-1.0,-15.80244,-47.88623,,,,,2023-06-16T11:58:18+00:00
BRA_118621,Brasília,5300108,,Piracicabana,0.143,https://moovitapp.com/index/pt-br/transporte_p%C3%BAblico-line-0_143-Brasilia-1702-850942-470747-0,-1.0,-15.79459,-47.88049,,,,1,2023-06-16T20:23:29+00:00
BRA_118028,Brasília,5300108,,Piracicabana,062.9,https://moovitapp.com/index/pt-br/transporte_p%C3%BAblico-line-062_9-Brasilia-1702-850942-77230028-0,-1.0,-15.76126,-47.87755,,,,,2023-06-16T21:34:38+00:00
BRA_119237,Brasília,5300108,,Piracicabana,505.3,https://moovitapp.com/index/pt-br/transporte_p%C3%BAblico-line-505_3-Brasilia-1702-850942-352626-0,-1.0,-15.65005,-47.78626,,,,1,2023-06-16T22:12:19+00:00
BRA_118176,Brasília,5300108,,Piracicabana,066.6,https://moovitapp.com/index/pt-br/transporte_p%C3%BAblico-line-066_6-Brasilia-1702-850942-770027-0,-1.0,-15.71751,-47.89809,,,,,2023-06-16T22:17:15+00:00
BRA_117153,Brasília,5300108,,Piracicabana,501.7,https://moovitapp.com/index/pt-br/transporte_p%C3%BAblico-line-501_7-Brasilia-1702-850942-519379-0,-1.0,-15.76001,-47.89216,,,,,2023-06-16T23:01:04+00:00
BRA_118338,Brasília,5300108,,Piracicabana,136.9,https://moovitapp.com/index/pt-br/transporte_p%C3%BAblico-line-136_9-Brasilia-1702-850942-773702-0,-1.0,-15.70789,-47.88129,,,,,2023-06-16T23:29:02+00:00
BRA_118915,Brasília,5300108,,Piracicabana,0.620,https://moovitapp.com/index/pt-br/transporte_p%C3%BAblico-line-0_620-Brasilia-1702-850942-470748-0,-1.0,-15.71247,-47.89783,,,,,2023-06-16T23:39:12+00:00
BRA_118311,Brasília,5300108,,Piracicabana,102.6,https://moovitapp.com/index/pt-br/transporte_p%C3%BAblico-line-102_6-Brasilia-1702-850942-775091-0,-1.0,-15.8708,-47.93158,,,,,2023-06-16T23:56:00+00:00
BRA_119270,Brasília,5300108,,Piracicabana,0.517,https://moovitapp.com/index/pt-br/transporte_p%C3%BAblico-line-0_517-Brasilia-1702-850942-242400-0,-1.0,-15.76037,-47.89199,,,,,2023-06-17T00:00:45+00:00
BRA_117871,Brasília,5300108,,Piracicabana,505.8,https://moovitapp.com/index/pt-br/transporte_p%C3%BAblico-line-505_8-Brasilia-1702-850942-339297-0,-1.0,-15.6677,-47.84051,,,,,2023-06-17T00:02:51+00:00
BRA_118010,Brasília,5300108,,Piracicabana,602.1,https://moovitapp.com/index/pt-br/transporte_p%C3%BAblico-line-602_1-Brasilia-1702-850942-242491-0,-1.0,-15.74045,-47.89028,,,,,2023-06-17T00:17:24+00:00
BRA_119181,Brasília,5300108,,Piracicabana,062.6,https://moovitapp.com/index/pt-br/transporte_p%C3%BAblico-line-062_6-Brasilia-1702-850942-339289-0,-1.0,-15.64325,-47.80171,,,,,2023-06-17T00:20:00+00:00
BRA_121045,Brasília,5300108,,Piracicabana,0.150,https://moovitapp.com/index/pt-br/transporte_p%C3%BAblico-line-0_150-Brasilia-1702-850942-775086-0,-1.0,-15.79372,-47.88173,,,,1,2023-06-17T00:25:00+00:00
BRA_115983,Brasília,5300108,,Piracicabana,512.1,https://moovitapp.com/index/pt-br/transporte_p%C3%BAblico-line-512_1-Brasilia-1702-850942-474401-0,-1.0,-15.71751,-47.89809,,,,,2023-06-17T00:25:28+00:00
BRA_119024,Brasília,5300108,,Piracicabana,099.1,https://moovitapp.com/index/pt-br/transporte_p%C3%BAblico-line-099_1-Brasilia-1702-850942-775090-0,-1.0,-15.85429,-48.0312,,,,,2023-06-17T00:26:41+00:00
BRA_117269,Brasília,5300108,,Piracicabana,616.8,https://moovitapp.com/index/pt-br/transporte_p%C3%BAblico-line-616_8-Brasilia-1702-850942-128977718-0,-1.0,-15.61821,-47.65393,,,,,2023-06-17T00:32:25+00:00
BRA_120804,Brasília,5300108,,Piracicabana,0.114,https://moovitapp.com/index/pt-br/transporte_p%C3%BAblico-line-0_114-Brasilia-1702-850942-242379-0,-1.0,-15.79376,-47.88292,,,,1,2023-06-17T00:32:43+00:00
BRA_116041,Brasília,5300108,,Piracicabana,062.5,https://moovitapp.com/index/pt-br/transporte_p%C3%BAblico-line-062_5-Brasilia-1702-850942-339835-0,-1.0,-15.64968,-47.7866,,,,1,2023-06-17T00:33:24+00:00
BRA_117277,Brasília,5300108,,Piracicabana,504.1,https://moovitapp.com/index/pt-br/transporte_p%C3%BAblico-line-504_1-Brasilia-1702-850942-242476-0,-1.0,-15.61843,-47.65385,,,,1,2023-06-17T00:33:48+00:00
BRA_115878,Brasília,5300108,,Piracicabana,0.509,https://moovitapp.com/index/pt-br/transporte_p%C3%BAblico-line-0_509-Brasilia-1702-850942-242397-0,-1.0,-15.69233,-47.86737,,,,,2023-06-17T00:34:28+00:00
BRA_118737,Brasília,5300108,,Piracicabana,107.1,https://moovitapp.com/index/pt-br/transporte_p%C3%BAblico-line-107_1-Brasilia-1702-850942-242434-0,-1.0,-15.79326,-47.88315,,,,1,2023-06-17T00:35:33+00:00
BRA_118851,Brasília,5300108,,Piracicabana,0.109,https://moovitapp.com/index/pt-br/transporte_p%C3%BAblico-line-0_109-Brasilia-1702-850942-139332631-0,-1.0,-15.77494,-47.90788,,,,1,2023-06-17T00:35:35+00:00
BRA_117056,Brasília,5300108,,Piracicabana,0.032,https://moovitapp.com/index/pt-br/transporte_p%C3%BAblico-line-0_032-Brasilia-1702-850942-786257-0,-1.0,-15.83632,-47.93272,,,,1,2023-06-17T00:35:50+00:00
BRA_115886,Brasília,5300108,,Piracicabana,501.4,https://moovitapp.com/index/pt-br/transporte_p%C3%BAblico-line-501_4-Brasilia-1702-850942-775096-0,-1.0,-15.69416,-47.87048,,,,1,2023-06-17T00:35:52+00:00
BRA_118362,Brasília,5300108,,Piracicabana,0.110,https://moovitapp.com/index/pt-br/transporte_p%C3%BAblico-line-0_110-Brasilia-1702-850942-339284-0,-1.0,-15.7939,-47.88176,,,,1,2023-06-17T00:36:48+00:00
BRA_117421,Brasília,5300108,,Piracicabana,0.641,https://moovitapp.com/index/pt-br/transporte_p%C3%BAblico-line-0_641-Brasilia-1702-850942-242424-0,-1.0,-15.75993,-47.89206,,,,,2023-06-17T00:37:23+00:00
BRA_117641,Brasília,5300108,,Piracicabana,151.2,https://moovitapp.com/index/pt-br/transporte_p%C3%BAblico-line-151_2-Brasilia-1702-850942-242458-0,-1.0,-15.80905,-47.93883,,,,1,2023-06-17T00:37:31+00:00
BRA_115932,Brasília,5300108,,Piracicabana,0.515,https://moovitapp.com/index/pt-br/transporte_p%C3%BAblico-line-0_515-Brasilia-1702-850942-26501707-0,-1.0,-15.66439,-47.88824,,,,,2023-06-17T00:37:39+00:00
BRA_116696,Brasília,5300108,,Piracicabana,0.110,https://moovitapp.com/index/pt-br/transporte_p%C3%BAblico-line-0_110-Brasilia-1702-850942-339284-0,-1.0,-15.7934,-47.88241,,,,,2023-06-17T00:38:25+00:00
BRA_117595,Brasília,5300108,,Piracicabana,062.7,https://moovitapp.com/index/pt-br/transporte_p%C3%BAblico-line-062_7-Brasilia-1702-850942-494154-0,-1.0,-15.64949,-47.78609,,,,1,2023-06-17T00:39:23+00:00
BRA_115941,Brasília,5300108,,Piracicabana,531.1,https://moovitapp.com/index/pt-br/transporte_p%C3%BAblico-line-531_1-Brasilia-1702-850942-476289-0,-1.0,-15.6131,-47.87029,,,,,2023-06-17T00:39:28+00:00
BRA_117633,Brasília,5300108,,Piracicabana,136.4,https://moovitapp.com/index/pt-br/transporte_p%C3%BAblico-line-136_4-Brasilia-1702-850942-135878218-0,-1.0,-15.83623,-47.93356,,,,1,2023-06-17T00:39:39+00:00
BRA_117692,Brasília,5300108,,Piracicabana,505.5,https://moovitapp.com/index/pt-br/transporte_p%C3%BAblico-line-505_5-Brasilia-1702-850942-651521-0,-1.0,-15.64271,-47.81787,,,,,2023-06-17T00:39:43+00:00
BRA_120863,Brasília,5300108,,Piracicabana,0.110,https://moovitapp.com/index/pt-br/transporte_p%C3%BAblico-line-0_110-Brasilia-1702-850942-339284-0,-1.0,-15.76965,-47.86709,,,,,2023-06-17T00:39:43+00:00
BRA_117242,Brasília,5300108,,Piracicabana,616.8,https://moovitapp.com/index/pt-br/transporte_p%C3%BAblico-line-616_8-Brasilia-1702-850942-128977718-0,-1.0,-15.64673,-47.67761,,,,,2023-06-17T00:39:44+00:00
BRA_116521,Brasília,5300108,,Piracicabana,0.151,https://moovitapp.com/index/pt-br/transporte_p%C3%BAblico-line-0_151-Brasilia-1702-850942-775087-0,-1.0,-15.79755,-47.94497,,,,,2023-06-17T00:39:44+00:00
BRA_119318,Brasília,5300108,,Piracicabana,512.1,https://moovitapp.com/index/pt-br/transporte_p%C3%BAblico-line-512_1-Brasilia-1702-850942-474401-0,-1.0,-15.77547,-47.88786,,,,,2023-06-17T00:39:45+00:00
BRA_115975,Brasília,5300108,,Piracicabana,519.2,https://moovitapp.com/index/pt-br/transporte_p%C3%BAblico-line-519_2-Brasilia-1702-850942-242483-0,-1.0,-15.78364,-47.88124,,,,,2023-06-17T00:39:46+00:00
BRA_118303,Brasília,5300108,,Piracicabana,0.641,https://moovitapp.com/index/pt-br/transporte_p%C3%BAblico-line-0_641-Brasilia-1702-850942-242424-0,-1.0,-15.76118,-47.89192,,,,,2023-06-17T00:39:47+00:00
BRA_120651,Brasília,5300108,,Piracicabana,062.5,https://moovitapp.com/index/pt-br/transporte_p%C3%BAblico-line-062_5-Brasilia-1702-850942-339835-0,-1.0,-15.6677,-47.84852,,,,,2023-06-17T00:39:47+00:00
BRA_120821,Brasília,5300108,,Piracicabana,136.5,https://moovitapp.com/index/pt-br/transporte_p%C3%BAblico-line-136_5-Brasilia-1702-850942-516628-0,-1.0,-15.7638,-47.83265,,,,,2023-06-17T00:39:48+00:00
BRA_116548,Brasília,5300108,,Piracicabana,0.031,https://moovitapp.com/index/pt-br/transporte_p%C3%BAblico-line-0_031-Brasilia-1702-850942-786256-0,-1.0,-15.74914,-47.88148,,,,,2023-06-17T00:39:49+00:00
BRA_120219,Brasília,5300108,,Piracicabana,0.620,https://moovitapp.com/index/pt-br/transporte_p%C3%BAblico-line-0_620-Brasilia-1702-850942-470748-0,-1.0,-15.60381,-47.68548,,,,,2023-06-17T00:39:49+00:00
BRA_119709,Brasília,5300108,,Piracicabana,600.2,https://moovitapp.com/index/pt-br/transporte_p%C3%BAblico-line-600_2-Brasilia-1702-850942-242486-0,-1.0,-15.6109,-47.69262,,,,,2023-06-17T00:39:49+00:00
BRA_117625,Brasília,5300108,,Piracicabana,158.1,https://moovitapp.com/index/pt-br/transporte_p%C3%BAblico-line-158_1-Brasilia-1702-850942-775094-0,-1.0,-15.78941,-47.97473,,,,,2023-06-17T00:39:50+00:00
BRA_118192,Brasília,5300108,,Piracicabana,0.620,https://moovitapp.com/index/pt-br/transporte_p%C3%BAblico-line-0_620-Brasilia-1702-850942-470748-0,-1.0,-15.69888,-47.88061,,,,,2023-06-17T00:39:50+00:00
BRA_116602,Brasília,5300108,,Piracicabana,0.168,https://moovitapp.com/index/pt-br/transporte_p%C3%BAblico-line-0_168-Brasilia-1702-850942-242392-0,-1.0,-15.79475,-47.87606,,,,,2023-06-17T00:39:51+00:00
BRA_118770,Brasília,5300108,,Piracicabana,0.110,https://moovitapp.com/index/pt-br/transporte_p%C3%BAblico-line-0_110-Brasilia-1702-850942-339284-0,-1.0,-15.79397,-47.88306,,,,1,2023-06-17T00:39:51+00:00
BRA_120154,Brasília,5300108,,Piracicabana,136.7,https://moovitapp.com/index/pt-br/transporte_p%C3%BAblico-line-136_7-Brasilia-1702-850942-242451-0,-1.0,-15.70911,-47.88073,,,,,2023-06-17T00:39:52+00:00
BRA_116874,Brasília,5300108,,Piracicabana,0.031,https://moovitapp.com/index/pt-br/transporte_p%C3%BAblico-line-0_031-Brasilia-1702-850942-786256-0,-1.0,-15.83234,-47.93181,,,,,2023-06-17T00:39:52+00:00
BRA_118478,Brasília,5300108,,Piracicabana,0.169,https://moovitapp.com/index/pt-br/transporte_p%C3%BAblico-line-0_169-Brasilia-1702-850942-242393-0,-1.0,-15.78974,-47.94161,,,,,2023-06-17T00:39:53+00:00
BRA_115894,Brasília,5300108,,Piracicabana,501.7,https://moovitapp.com/index/pt-br/transporte_p%C3%BAblico-line-501_7-Brasilia-1702-850942-519379-0,-1.0,-15.64847,-47.78583,,,,,2023-06-17T00:39:54+00:00
BRA_116904,Brasília,5300108,,Piracicabana,0.025,https://moovitapp.com/index/pt-br/transporte_p%C3%BAblico-line-0_025-Brasilia-1702-850942-11857219-0,-1.0,-15.78738,-47.91588,,,,,2023-06-17T00:39:55+00:00
BRA_118117,Brasília,5300108,,Piracicabana,067.3,https://moovitapp.com/index/pt-br/transporte_p%C3%BAblico-line-067_3-Brasilia-1702-850942-339294-0,-1.0,-15.62459,-47.65074,,,,,2023-06-17T00:39:55+00:00
BRA_118541,Brasília,5300108,,Piracicabana,0.110,https://moovitapp.com/index/pt-br/transporte_p%C3%BAblico-line-0_110-Brasilia-1702-850942-339284-0,-1.0,-15.79443,-47.88266,,,,1,2023-06-17T00:39:55+00:00
BRA_118745,Brasília,5300108,,Piracicabana,0.136,https://moovitapp.com/index/pt-br/transporte_p%C3%BAblico-line-0_136-Brasilia-1702-850942-719957-0,-1.0,-15.73446,-47.86345,,,,,2023-06-17T00:39:55+00:00
BRA_120880,Brasília,5300108,,Piracicabana,158.1,https://moovitapp.com/index/pt-br/transporte_p%C3%BAblico-line-158_1-Brasilia-1702-850942-775094-0,-1.0,-15.79032,-47.97237,,,,,2023-06-17T00:39:57+00:00
BRA_119113,Brasília,5300108,,Piracicabana,512.1,https://moovitapp.com/index/pt-br/transporte_p%C3%BAblico-line-512_1-Brasilia-1702-850942-474401-0,-1.0,-15.65224,-47.80433,,,,,2023-06-17T00:39:57+00:00
BRA_116742,Brasília,5300108,,Piracicabana,0.136,https://moovitapp.com/index/pt-br/transporte_p%C3%BAblico-line-0_136-Brasilia-1702-850942-719957-0,-1.0,-15.79463,-47.88226,,,,,2023-06-17T00:39:57+00:00
BRA_120138,Brasília,5300108,,Piracicabana,152.1,https://moovitapp.com/index/pt-br/transporte_p%C3%BAblico-line-152_1-Brasilia-1702-850942-542827-0,-1.0,-15.8011,-47.9182,,,,,2023-06-17T00:39:58+00:00
BRA_120537,Brasília,5300108,,Piracicabana,107.1,https://moovitapp.com/index/pt-br/transporte_p%C3%BAblico-line-107_1-Brasilia-1702-850942-242434-0,-1.0,-15.8297,-47.93018,,,,,2023-06-17T00:39:59+00:00
BRA_119296,Brasília,5300108,,Piracicabana,062.7,https://moovitapp.com/index/pt-br/transporte_p%C3%BAblico-line-062_7-Brasilia-1702-850942-494154-0,-1.0,-15.64202,-47.82696,,,,,2023-06-17T00:39:59+00:00
BRA_118818,Brasília,5300108,,Piracicabana,136.6,https://moovitapp.com/index/pt-br/transporte_p%C3%BAblico-line-136_6-Brasilia-1702-850942-773700-0,-1.0,-15.71491,-47.87576,,,,,2023-06-17T00:39:59+00:00
BRA_118605,Brasília,5300108,,Piracicabana,136.9,https://moovitapp.com/index/pt-br/transporte_p%C3%BAblico-line-136_9-Brasilia-1702-850942-773702-0,-1.0,-15.78784,-47.88175,,,,,2023-06-17T00:39:59+00:00
BRA_120308,Brasília,5300108,,Piracicabana,0.116,https://moovitapp.com/index/pt-br/transporte_p%C3%BAblico-line-0_116-Brasilia-1702-850942-242381-0,-1.0,-15.79338,-47.88163,,,,,2023-06-17T00:40:00+00:00
BRA_120316,Brasília,5300108,,Piracicabana,162.1,https://moovitapp.com/index/pt-br/transporte_p%C3%BAblico-line-162_1-Brasilia-1702-850942-762425-0,-1.0,-15.85081,-47.96309,,,,,2023-06-17T00:40:00+00:00
BRA_120812,Brasília,5300108,,Piracicabana,136.9,https://moovitapp.com/index/pt-br/transporte_p%C3%BAblico-line-136_9-Brasilia-1702-850942-773702-0,-1.0,-15.71607,-47.88124,,,,,2023-06-17T00:40:02+00:00
BRA_115916,Brasília,5300108,,Piracicabana,0.517,https://moovitapp.com/index/pt-br/transporte_p%C3%BAblico-line-0_517-Brasilia-1702-850942-242400-0,-1.0,-15.66076,-47.84411,,,,,2023-06-17T00:40:02+00:00
BRA_116858,Brasília,5300108,,Piracicabana,0.022,https://moovitapp.com/index/pt-br/transporte_p%C3%BAblico-line-0_022-Brasilia-1702-850942-788975-0,-1.0,-15.79138,-47.88194,,,,,2023-06-17T00:40:03+00:00
BRA_117404,Brasília,5300108,,Piracicabana,0.600,https://moovitapp.com/index/pt-br/transporte_p%C3%BAblico-line-0_600-Brasilia-1702-850942-242410-0,-1.0,-15.61369,-47.65596,,,,,2023-06-17T00:40:03+00:00
BRA_118648,Brasília,5300108,,Piracicabana,0.620,https://moovitapp.com/index/pt-br/transporte_p%C3%BAblico-line-0_620-Brasilia-1702-850942-470748-0,-1.0,-15.69452,-47.87169,,,,,2023-06-17T00:40:03+00:00
BRA_118796,Brasília,5300108,,Piracicabana,0.150,https://moovitapp.com/index/pt-br/transporte_p%C3%BAblico-line-0_150-Brasilia-1702-850942-775086-0,-1.0,-15.82712,-47.93184,,,,,2023-06-17T00:40:03+00:00
BRA_119032,Brasília,5300108,,Piracicabana,152.1,https://moovitapp.com/index/pt-br/transporte_p%C3%BAblico-line-152_1-Brasilia-1702-850942-542827-0,-1.0,-15.79478,-47.88275,,,,,2023-06-17T00:40:04+00:00
BRA_120332,Brasília,5300108,,Piracicabana,153.2,https://moovitapp.com/index/pt-br/transporte_p%C3%BAblico-line-153_2-Brasilia-1702-850942-775093-0,-1.0,-15.81469,-47.97935,,,,,2023-06-17T00:40:04+00:00
BRA_118591,Brasília,5300108,,Piracicabana,0.641,https://moovitapp.com/index/pt-br/transporte_p%C3%BAblico-line-0_641-Brasilia-1702-850942-242424-0,-1.0,-15.65457,-47.78259,,,,,2023-06-17T00:40:05+00:00
BRA_117935,Brasília,5300108,,Piracicabana,531.1,https://moovitapp.com/index/pt-br/transporte_p%C3%BAblico-line-531_1-Brasilia-1702-850942-476289-0,-1.0,-15.64304,-47.81421,,,,,2023-06-17T00:40:05+00:00
BRA_121100,Brasília,5300108,,Piracicabana,0.620,https://moovitapp.com/index/pt-br/transporte_p%C3%BAblico-line-0_620-Brasilia-1702-850942-470748-0,-1.0,-15.60832,-47.69422,,,,,2023-06-17T00:40:07+00:00
BRA_118150,Brasília,5300108,,Piracicabana,630.1,https://moovitapp.com/index/pt-br/transporte_p%C3%BAblico-line-630_1-Brasilia-1702-850942-476290-0,-1.0,-15.61765,-47.71029,,,,,2023-06-17T00:40:07+00:00
BRA_118133,Brasília,5300108,,Piracicabana,0.620,https://moovitapp.com/index/pt-br/transporte_p%C3%BAblico-line-0_620-Brasilia-1702-850942-470748-0,-1.0,-15.6085,-47.69352,,,,,2023-06-17T00:40:07+00:00
BRA_117617,Brasília,5300108,,Piracicabana,099.1,https://moovitapp.com/index/pt-br/transporte_p%C3%BAblico-line-099_1-Brasilia-1702-850942-775090-0,-1.0,-15.85449,-48.03108,,,,,2023-06-17T00:40:07+00:00
BRA_117293,Brasília,5300108,,Piracicabana,501.3,https://moovitapp.com/index/pt-br/transporte_p%C3%BAblico-line-501_3-Brasilia-1702-850942-242472-0,-1.0,-15.80653,-47.88854,,,,,2023-06-17T00:40:07+00:00
BRA_117650,Brasília,5300108,,Piracicabana,099.1,https://moovitapp.com/index/pt-br/transporte_p%C3%BAblico-line-099_1-Brasilia-1702-850942-775090-0,-1.0,-15.83344,-48.05336,,,,,2023-06-17T00:40:07+00:00
BRA_120464,Brasília,5300108,,Piracicabana,128.1,https://moovitapp.com/index/pt-br/transporte_p%C3%BAblico-line-128_1-Brasilia-1702-850942-53234107-0,-1.0,-15.73861,-47.8992,,,,,2023-06-17T00:40:08+00:00
BRA_119539,Brasília,5300108,,Piracicabana,0.517,https://moovitapp.com/index/pt-br/transporte_p%C3%BAblico-line-0_517-Brasilia-1702-850942-242400-0,-1.0,-15.82505,-47.92401,,,,,2023-06-17T00:40:08+00:00
BRA_118435,Brasília,5300108,,Piracicabana,0.640,https://moovitapp.com/index/pt-br/transporte_p%C3%BAblico-line-0_640-Brasilia-1702-850942-242423-0,-1.0,-15.62413,-47.65876,,,,,2023-06-17T00:40:09+00:00
BRA_119369,Brasília,5300108,,Piracicabana,0.620,https://moovitapp.com/index/pt-br/transporte_p%C3%BAblico-line-0_620-Brasilia-1702-850942-470748-0,-1.0,-15.61849,-47.65449,,,,,2023-06-17T00:40:09+00:00
BRA_120073,Brasília,5300108,,Piracicabana,0.504,https://moovitapp.com/index/pt-br/transporte_p%C3%BAblico-line-0_504-Brasilia-1702-850942-781321-0,-1.0,-15.63638,-47.74394,,,,,2023-06-17T00:40:09+00:00
BRA_116513,Brasília,5300108,,Piracicabana,151.2,https://moovitapp.com/index/pt-br/transporte_p%C3%BAblico-line-151_2-Brasilia-1702-850942-242458-0,-1.0,-15.74455,-47.89684,,,,,2023-06-17T00:40:09+00:00
BRA_117382,Brasília,5300108,,Piracicabana,0.640,https://moovitapp.com/index/pt-br/transporte_p%C3%BAblico-line-0_640-Brasilia-1702-850942-242423-0,-1.0,-15.65272,-47.7788,,,,,2023-06-17T00:40:09+00:00
BRA_117145,Brasília,5300108,,Piracicabana,501.3,https://moovitapp.com/index/pt-br/transporte_p%C3%BAblico-line-501_3-Brasilia-1702-850942-242472-0,-1.0,-15.63933,-47.82322,,,,,2023-06-17T00:40:09+00:00
BRA_115991,Brasília,5300108,,Piracicabana,501.7,https://moovitapp.com/index/pt-br/transporte_p%C3%BAblico-line-501_7-Brasilia-1702-850942-519379-0,-1.0,-15.7791,-47.88146,,,,,2023-06-17T00:40:10+00:00
BRA_120685,Brasília,5300108,,Piracicabana,643.2,https://moovitapp.com/index/pt-br/transporte_p%C3%BAblico-line-643_2-Brasilia-1702-850942-128977732-0,-1.0,-15.63996,-47.64743,,,,,2023-06-17T00:40:10+00:00
BRA_115908,Brasília,5300108,,Piracicabana,501.3,https://moovitapp.com/index/pt-br/transporte_p%C3%BAblico-line-501_3-Brasilia-1702-850942-242472-0,-1.0,-15.65915,-47.84529,,,,,2023-06-17T00:40:11+00:00
BRA_120782,Brasília,5300108,,Piracicabana,115.2,https://moovitapp.com/index/pt-br/transporte_p%C3%BAblico-line-115_2-Brasilia-1702-850942-476287-0,-1.0,-15.73464,-47.88595,,,,,2023-06-17T00:40:12+00:00
BRA_119431,Brasília,5300108,,Piracicabana,063.1,https://moovitapp.com/index/pt-br/transporte_p%C3%BAblico-line-063_1-Brasilia-1702-850942-339291-0,-1.0,-15.6587,-47.75841,,,,,2023-06-17T00:40:13+00:00
BRA_117943,Brasília,5300108,,Piracicabana,0.640,https://moovitapp.com/index/pt-br/transporte_p%C3%BAblico-line-0_640-Brasilia-1702-850942-242423-0,-1.0,-15.81056,-47.90361,,,,,2023-06-17T00:40:13+00:00
BRA_116149,Brasília,5300108,,Piracicabana,601.1,https://moovitapp.com/index/pt-br/transporte_p%C3%BAblico-line-601_1-Brasilia-1702-850942-322377-0,-1.0,-15.61802,-47.65451,,,,,2023-06-17T00:40:13+00:00
BRA_118265,Brasília,5300108,,Piracicabana,099.1,https://moovitapp.com/index/pt-br/transporte_p%C3%BAblico-line-099_1-Brasilia-1702-850942-775090-0,-1.0,-15.83325,-48.03835,,,,,2023-06-17T00:40:14+00:00
BRA_117285,Brasília,5300108,,Piracicabana,064.1,https://moovitapp.com/index/pt-br/transporte_p%C3%BAblico-line-064_1-Brasilia-1702-850942-339292-0,-1.0,-15.62726,-47.65041,,,,,2023-06-17T00:40:14+00:00
BRA_119130,Brasília,5300108,,Piracicabana,0.509,https://moovitapp.com/index/pt-br/transporte_p%C3%BAblico-line-0_509-Brasilia-1702-850942-242397-0,-1.0,-15.65287,-47.79083,,,,,2023-06-17T00:40:14+00:00
BRA_118966,Brasília,5300108,,Piracicabana,616.8,https://moovitapp.com/index/pt-br/transporte_p%C3%BAblico-line-616_8-Brasilia-1702-850942-128977718-0,-1.0,-15.64967,-47.67033,,,,,2023-06-17T00:40:15+00:00
BRA_118681,Brasília,5300108,,Piracicabana,158.1,https://moovitapp.com/index/pt-br/transporte_p%C3%BAblico-line-158_1-Brasilia-1702-850942-775094-0,-1.0,-15.81305,-47.9073,,,,,2023-06-17T00:40:15+00:00
BRA_119091,Brasília,5300108,,Piracicabana,0.513,https://moovitapp.com/index/pt-br/transporte_p%C3%BAblico-line-0_513-Brasilia-1702-850942-242399-0,-1.0,-15.71899,-47.89812,,,,,2023-06-17T00:40:15+00:00
BRA_117951,Brasília,5300108,,Piracicabana,616.8,https://moovitapp.com/index/pt-br/transporte_p%C3%BAblico-line-616_8-Brasilia-1702-850942-128977718-0,-1.0,-15.64325,-47.63509,,,,,2023-06-17T00:40:15+00:00
BRA_117706,Brasília,5300108,,Piracicabana,0.504,https://moovitapp.com/index/pt-br/transporte_p%C3%BAblico-line-0_504-Brasilia-1702-850942-781321-0,-1.0,-15.64512,-47.79251,,,,,2023-06-17T00:40:16+00:00
BRA_119725,Brasília,5300108,,Piracicabana,0.640,https://moovitapp.com/index/pt-br/transporte_p%C3%BAblico-line-0_640-Brasilia-1702-850942-242423-0,-1.0,-15.62471,-47.72358,,,,,2023-06-17T00:40:16+00:00
BRA_116947,Brasília,5300108,,Piracicabana,0.032,https://moovitapp.com/index/pt-br/transporte_p%C3%BAblico-line-0_032-Brasilia-1702-850942-786257-0,-1.0,-15.73403,-47.8862,,,,,2023-06-17T00:40:17+00:00
BRA_117412,Brasília,5300108,,Piracicabana,110.2,https://moovitapp.com/index/pt-br/transporte_p%C3%BAblico-line-110_2-Brasilia-1702-850942-339295-0,-1.0,-15.76055,-47.8667,,,,,2023-06-17T00:40:17+00:00
BRA_118427,Brasília,5300108,,Piracicabana,136.6,https://moovitapp.com/index/pt-br/transporte_p%C3%BAblico-line-136_6-Brasilia-1702-850942-773700-0,-1.0,-15.81296,-47.90709,,,,,2023-06-17T00:40:17+00:00
BRA_119407,Brasília,5300108,,Piracicabana,0.517,https://moovitapp.com/index/pt-br/transporte_p%C3%BAblico-line-0_517-Brasilia-1702-850942-242400-0,-1.0,-15.71243,-47.89808,,,,,2023-06-17T00:40:18+00:00
BRA_119199,Brasília,5300108,,Piracicabana,063.1,https://moovitapp.com/index/pt-br/transporte_p%C3%BAblico-line-063_1-Brasilia-1702-850942-339291-0,-1.0,-15.6558,-47.84573,,,,,2023-06-17T00:40:18+00:00
BRA_119393,Brasília,5300108,,Piracicabana,062.7,https://moovitapp.com/index/pt-br/transporte_p%C3%BAblico-line-062_7-Brasilia-1702-850942-494154-0,-1.0,-15.65233,-47.80317,,,,,2023-06-17T00:40:19+00:00
BRA_120481,Brasília,5300108,,Piracicabana,103.2,https://moovitapp.com/index/pt-br/transporte_p%C3%BAblico-line-103_2-Brasilia-1702-850942-474397-0,-1.0,-15.8118,-47.90606,,,,,2023-06-17T00:40:19+00:00
BRA_119962,Brasília,5300108,,Piracicabana,0.143,https://moovitapp.com/index/pt-br/transporte_p%C3%BAblico-line-0_143-Brasilia-1702-850942-470747-0,-1.0,-15.79381,-47.88293,,,,1,2023-06-17T00:40:19+00:00
BRA_117234,Brasília,5300108,,Piracicabana,643.1,https://moovitapp.com/index/pt-br/transporte_p%C3%BAblico-line-643_1-Brasilia-1702-850942-772850-0,-1.0,-15.64829,-47.66544,,,,,2023-06-17T00:40:19+00:00
BRA_120430,Brasília,5300108,,Piracicabana,153.2,https://moovitapp.com/index/pt-br/transporte_p%C3%BAblico-line-153_2-Brasilia-1702-850942-775093-0,-1.0,-15.82778,-47.9169,,,,,2023-06-17T00:40:21+00:00
BRA_117897,Brasília,5300108,,Piracicabana,066.2,https://moovitapp.com/index/pt-br/transporte_p%C3%BAblico-line-066_2-Brasilia-1702-850942-339293-0,-1.0,-15.61767,-47.67248,,,,,2023-06-17T00:40:22+00:00
BRA_117676,Brasília,5300108,,Piracicabana,505.5,https://moovitapp.com/index/pt-br/transporte_p%C3%BAblico-line-505_5-Brasilia-1702-850942-651521-0,-1.0,-15.64975,-47.76444,,,,,2023-06-17T00:40:23+00:00
BRA_119636,Brasília,5300108,,Piracicabana,152.5,https://moovitapp.com/index/pt-br/transporte_p%C3%BAblico-line-152_5-Brasilia-1702-850942-542828-0,-1.0,-15.78415,-47.93238,,,,,2023-06-17T00:40:23+00:00
BRA_121037,Brasília,5300108,,Piracicabana,162.1,https://moovitapp.com/index/pt-br/transporte_p%C3%BAblico-line-162_1-Brasilia-1702-850942-762425-0,-1.0,-15.81723,-47.91266,,,,,2023-06-17T00:40:25+00:00
BRA_116025,Brasília,5300108,,Piracicabana,501.7,https://moovitapp.com/index/pt-br/transporte_p%C3%BAblico-line-501_7-Brasilia-1702-850942-519379-0,-1.0,-15.83582,-47.93174,,,,,2023-06-17T00:40:25+00:00
BRA_118231,Brasília,5300108,,Piracicabana,616.8,https://moovitapp.com/index/pt-br/transporte_p%C3%BAblico-line-616_8-Brasilia-1702-850942-128977718-0,-1.0,-15.74656,-47.8882,,,,,2023-06-17T00:40:26+00:00
BRA_116939,Brasília,5300108,,Piracicabana,0.023,https://moovitapp.com/index/pt-br/transporte_p%C3%BAblico-line-0_023-Brasilia-1702-850942-775082-0,-1.0,-15.78138,-47.8875,,,,1,2023-06-17T00:40:26+00:00
BRA_120961,Brasília,5300108,,Piracicabana,0.600,https://moovitapp.com/index/pt-br/transporte_p%C3%BAblico-line-0_600-Brasilia-1702-850942-242410-0,-1.0,-15.62436,-47.72307,,,,,2023-06-17T00:40:26+00:00
BRA_120898,Brasília,5300108,,Piracicabana,0.151,https://moovitapp.com/index/pt-br/transporte_p%C3%BAblico-line-0_151-Brasilia-1702-850942-775087-0,-1.0,-15.8095,-47.93984,,,,,2023-06-17T00:40:26+00:00
BRA_118494,Brasília,5300108,,Piracicabana,601.2,https://moovitapp.com/index/pt-br/transporte_p%C3%BAblico-line-601_2-Brasilia-1702-850942-322378-0,-1.0,-15.61503,-47.63712,,,,,2023-06-17T00:40:26+00:00
BRA_118991,Brasília,5300108,,Piracicabana,128.1,https://moovitapp.com/index/pt-br/transporte_p%C3%BAblico-line-128_1-Brasilia-1702-850942-53234107-0,-1.0,-15.73596,-47.90525,,,,,2023-06-17T00:40:27+00:00
BRA_119326,Brasília,5300108,,Piracicabana,505.3,https://moovitapp.com/index/pt-br/transporte_p%C3%BAblico-line-505_3-Brasilia-1702-850942-352626-0,-1.0,-15.63848,-47.84067,,,,,2023-06-17T00:40:27+00:00
BRA_117668,Brasília,5300108,,Piracicabana,0.143,https://moovitapp.com/index/pt-br/transporte_p%C3%BAblico-line-0_143-Brasilia-1702-850942-470747-0,-1.0,-15.77729,-47.93207,,,,,2023-06-17T00:40:27+00:00
BRA_117374,Brasília,5300108,,Piracicabana,067.3,https://moovitapp.com/index/pt-br/transporte_p%C3%BAblico-line-067_3-Brasilia-1702-850942-339294-0,-1.0,-15.62891,-47.6518,,,,,2023-06-17T00:40:28+00:00
BRA_115291,Brasília,5300108,,Piracicabana,0.116,https://moovitapp.com/index/pt-br/transporte_p%C3%BAblico-line-0_116-Brasilia-1702-850942-242381-0,-1.0,-15.74455,-47.89684,,,,,2023-06-17T00:40:28+00:00
BRA_117889,Brasília,5300108,,Piracicabana,616.8,https://moovitapp.com/index/pt-br/transporte_p%C3%BAblico-line-616_8-Brasilia-1702-850942-128977718-0,-1.0,-15.81992,-47.90607,,,,,2023-06-17T00:40:29+00:00
BRA_121029,Brasília,5300108,,Piracicabana,0.617,https://moovitapp.com/index/pt-br/transporte_p%C3%BAblico-line-0_617-Brasilia-1702-850942-242417-0,-1.0,-15.62781,-47.69888,,,,,2023-06-17T00:40:29+00:00
BRA_120677,Brasília,5300108,,Piracicabana,104.1,https://moovitapp.com/index/pt-br/transporte_p%C3%BAblico-line-104_1-Brasilia-1702-850942-242430-0,-1.0,-15.80231,-47.85274,,,,,2023-06-17T00:40:29+00:00
BRA_120171,Brasília,5300108,,Piracicabana,602.1,https://moovitapp.com/index/pt-br/transporte_p%C3%BAblico-line-602_1-Brasilia-1702-850942-242491-0,-1.0,-15.61768,-47.64155,,,,,2023-06-17T00:40:30+00:00
BRA_120278,Brasília,5300108,,Piracicabana,0.640,https://moovitapp.com/index/pt-br/transporte_p%C3%BAblico-line-0_640-Brasilia-1702-850942-242423-0,-1.0,-15.61772,-47.64597,,,,,2023-06-17T00:40:30+00:00
BRA_120286,Brasília,5300108,,Piracicabana,162.1,https://moovitapp.com/index/pt-br/transporte_p%C3%BAblico-line-162_1-Brasilia-1702-850942-762425-0,-1.0,-15.79471,-47.88141,,,,,2023-06-17T00:40:30+00:00
BRA_117854,Brasília,5300108,,Piracicabana,0.600,https://moovitapp.com/index/pt-br/transporte_p%C3%BAblico-line-0_600-Brasilia-1702-850942-242410-0,-1.0,-15.60089,-47.67985,,,,,2023-06-17T00:40:30+00:00
BRA_116475,Brasília,5300108,,Piracicabana,0.031,https://moovitapp.com/index/pt-br/transporte_p%C3%BAblico-line-0_031-Brasilia-1702-850942-786256-0,-1.0,-15.83644,-47.93261,,,,1,2023-06-17T00:40:31+00:00
BRA_120626,Brasília,5300108,,Piracicabana,0.104,https://moovitapp.com/index/pt-br/transporte_p%C3%BAblico-line-0_104-Brasilia-1702-850942-242376-0,-1.0,-15.79405,-47.88227,,,,1,2023-06-17T00:40:32+00:00
BRA_120715,Brasília,5300108,,Piracicabana,0.641,https://moovitapp.com/index/pt-br/transporte_p%C3%BAblico-line-0_641-Brasilia-1702-850942-242424-0,-1.0,-15.61841,-47.65445,,,,1,2023-06-17T00:40:36+00:00
BRA_118061,Brasília,5300108,,Piracicabana,0.114,https://moovitapp.com/index/pt-br/transporte_p%C3%BAblico-line-0_114-Brasilia-1702-850942-242379-0,-1.0,-15.79393,-47.88177,,,,1,2023-06-17T00:40:36+00:00
