bus_id,city,city_code,adapted,agency,line_code,line_url,line_fare,latitude,longitude,bus_speed,is_eletric,bus_type,bus_direction,updated_at
BRA_338249,Brasília,5300108,,Urbi,0.810,https://moovitapp.com/index/pt-br/transporte_p%C3%BAblico-line-0_810-Brasilia-1702-851595-363856-0,-1.0,-15.9209,-48.10831,0.0,,,1,2023-06-17T00:41:30+00:00
BRA_339296,Brasília,5300108,,Urbi,0.056,https://moovitapp.com/index/pt-br/transporte_p%C3%BAblico-line-0_056-Brasilia-1702-851595-588804-0,-1.0,-15.88118,-48.0798,9.44,,,2,2023-06-17T14:07:25+00:00
BRA_336645,Brasília,5300108,,Urbi,380.2,https://moovitapp.com/index/pt-br/transporte_p%C3%BAblico-line-380_2-Brasilia-1702-851595-334086-0,-1.0,-15.84955,-48.06092,0.0,,,2,2023-06-17T14:10:20+00:00
BRA_340359,Brasília,5300108,,Urbi,0.367,https://moovitapp.com/index/pt-br/transporte_p%C3%BAblico-line-0_367-Brasilia-1702-851595-519380-0,-1.0,-15.85487,-48.04487,0.0,,,1,2023-06-17T14:15:20+00:00
BRA_337234,Brasília,5300108,,Urbi,872.1,https://moovitapp.com/index/pt-br/transporte_p%C3%BAblico-line-872_1-Brasilia-1702-851595-470760-0,-1.0,-15.86795,-48.03222,5.56,,,1,2023-06-17T14:16:47+00:00
BRA_338800,Brasília,5300108,,Urbi,0.806,https://moovitapp.com/index/pt-br/transporte_p%C3%BAblico-line-0_806-Brasilia-1702-851595-339299-0,-1.0,-15.95306,-48.02107,14.44,,,2,2023-06-17T14:18:22+00:00
BRA_337129,Brasília,5300108,,Urbi,0.883,https://moovitapp.com/index/pt-br/transporte_p%C3%BAblico-line-0_883-Brasilia-1702-851595-510239-0,-1.0,-15.81596,-48.08297,0.0,,,2,2023-06-17T14:18:31+00:00
BRA_337081,Brasília,5300108,,Urbi,0.806,https://moovitapp.com/index/pt-br/transporte_p%C3%BAblico-line-0_806-Brasilia-1702-851595-339299-0,-1.0,-15.86707,-48.05584,3.33,,,2,2023-06-17T14:18:50+00:00
BRA_336050,Brasília,5300108,,Urbi,366.7,https://moovitapp.com/index/pt-br/transporte_p%C3%BAblico-line-366_7-Brasilia-1702-851595-650086-0,-1.0,-15.86004,-48.07196,7.22,,,2,2023-06-17T14:19:12+00:00
BRA_335312,Brasília,5300108,,Urbi,394.1,https://moovitapp.com/index/pt-br/transporte_p%C3%BAblico-line-394_1-Brasilia-1702-851595-334089-0,-1.0,-15.83137,-48.04955,1.94,,,1,2023-06-17T14:19:20+00:00
BRA_338923,Brasília,5300108,,Urbi,812.1,https://moovitapp.com/index/pt-br/transporte_p%C3%BAblico-line-812_1-Brasilia-1702-851595-372386-0,-1.0,-15.90336,-48.06334,7.5,,,1,2023-06-17T14:19:49+00:00
BRA_337366,Brasília,5300108,,Urbi,084.1,https://moovitapp.com/index/pt-br/transporte_p%C3%BAblico-line-084_1-Brasilia-1702-851595-466292-0,-1.0,-15.87456,-47.97217,7.78,,,1,2023-06-17T14:19:51+00:00
BRA_337323,Brasília,5300108,,Urbi,0.087,https://moovitapp.com/index/pt-br/transporte_p%C3%BAblico-line-0_087-Brasilia-1702-851595-242519-0,-1.0,-15.88733,-48.01948,2.22,,,1,2023-06-17T14:19:56+00:00
BRA_337633,Brasília,5300108,,Urbi,807.8,https://moovitapp.com/index/pt-br/transporte_p%C3%BAblico-line-807_8-Brasilia-1702-851595-322408-0,-1.0,-15.90385,-48.07137,4.72,,,1,2023-06-17T14:19:58+00:00
BRA_340588,Brasília,5300108,,Urbi,391.3,https://moovitapp.com/index/pt-br/transporte_p%C3%BAblico-line-391_3-Brasilia-1702-851595-372373-0,-1.0,-15.86066,-48.06107,14.72,,,2,2023-06-17T14:20:00+00:00
BRA_338958,Brasília,5300108,,Urbi,0.805,https://moovitapp.com/index/pt-br/transporte_p%C3%BAblico-line-0_805-Brasilia-1702-851595-460800-0,-1.0,-15.87492,-48.03246,0.0,,,1,2023-06-17T14:20:02+00:00
BRA_336602,Brasília,5300108,,Urbi,0.813,https://moovitapp.com/index/pt-br/transporte_p%C3%BAblico-line-0_813-Brasilia-1702-851595-651523-0,-1.0,-15.90402,-48.06857,0.0,,,2,2023-06-17T14:20:07+00:00
BRA_340669,Brasília,5300108,,Urbi,0.163,https://moovitapp.com/index/pt-br/transporte_p%C3%BAblico-line-0_163-Brasilia-1702-851595-352629-0,-1.0,-15.81054,-47.94335,0.56,,,1,2023-06-17T14:20:08+00:00
BRA_337579,Brasília,5300108,,Urbi,806.1,https://moovitapp.com/index/pt-br/transporte_p%C3%BAblico-line-806_1-Brasilia-1702-851595-775104-0,-1.0,-15.86507,-48.05688,0.0,,,2,2023-06-17T14:20:11+00:00
BRA_337617,Brasília,5300108,,Urbi,807.8,https://moovitapp.com/index/pt-br/transporte_p%C3%BAblico-line-807_8-Brasilia-1702-851595-322408-0,-1.0,-15.94697,-48.03467,10.0,,,2,2023-06-17T14:20:12+00:00
BRA_337285,Brasília,5300108,,Urbi,874.4,https://moovitapp.com/index/pt-br/transporte_p%C3%BAblico-line-874_4-Brasilia-1702-851595-775106-0,-1.0,-15.90971,-48.06457,5.56,,,2,2023-06-17T14:20:12+00:00
BRA_338214,Brasília,5300108,,Urbi,871.3,https://moovitapp.com/index/pt-br/transporte_p%C3%BAblico-line-871_3-Brasilia-1702-851595-588820-0,-1.0,-15.89879,-48.05552,3.89,,,2,2023-06-17T14:20:12+00:00
BRA_340316,Brasília,5300108,,Urbi,0.161,https://moovitapp.com/index/pt-br/transporte_p%C3%BAblico-line-0_161-Brasilia-1702-851595-704023-0,-1.0,-15.87582,-47.97478,0.28,,,2,2023-06-17T14:20:12+00:00
BRA_338320,Brasília,5300108,,Urbi,872.9,https://moovitapp.com/index/pt-br/transporte_p%C3%BAblico-line-872_9-Brasilia-1702-851595-372394-0,-1.0,-15.85541,-48.04492,7.78,,,1,2023-06-17T14:20:13+00:00
BRA_336025,Brasília,5300108,,Urbi,0.821,https://moovitapp.com/index/pt-br/transporte_p%C3%BAblico-line-0_821-Brasilia-1702-851595-334080-0,-1.0,-15.87663,-48.08466,0.56,,,2,2023-06-17T14:20:13+00:00
BRA_336262,Brasília,5300108,,Urbi,394.1,https://moovitapp.com/index/pt-br/transporte_p%C3%BAblico-line-394_1-Brasilia-1702-851595-334089-0,-1.0,-15.83107,-48.05154,11.94,,,2,2023-06-17T14:20:14+00:00
BRA_335452,Brasília,5300108,,Urbi,0.399,https://moovitapp.com/index/pt-br/transporte_p%C3%BAblico-line-0_399-Brasilia-1702-851595-454964-0,-1.0,-15.83832,-48.09527,13.89,,,1,2023-06-17T14:20:15+00:00
BRA_340707,Brasília,5300108,,Urbi,372.5,https://moovitapp.com/index/pt-br/transporte_p%C3%BAblico-line-372_5-Brasilia-1702-851595-519391-0,-1.0,-15.88371,-48.14996,0.0,,,2,2023-06-17T14:20:15+00:00
BRA_340499,Brasília,5300108,,Urbi,0.366,https://moovitapp.com/index/pt-br/transporte_p%C3%BAblico-line-0_366-Brasilia-1702-851595-650085-0,-1.0,-15.88356,-48.09825,2.5,,,2,2023-06-17T14:20:16+00:00
BRA_336840,Brasília,5300108,,Urbi,0.881,https://moovitapp.com/index/pt-br/transporte_p%C3%BAblico-line-0_881-Brasilia-1702-851595-363857-0,-1.0,-15.83441,-48.04985,15.28,,,2,2023-06-17T14:20:16+00:00
BRA_339903,Brasília,5300108,,Urbi,0.171,https://moovitapp.com/index/pt-br/transporte_p%C3%BAblico-line-0_171-Brasilia-1702-851595-242524-0,-1.0,-15.8123,-47.9061,10.0,,,2,2023-06-17T14:20:16+00:00
BRA_339938,Brasília,5300108,,Urbi,0.056,https://moovitapp.com/index/pt-br/transporte_p%C3%BAblico-line-0_056-Brasilia-1702-851595-588804-0,-1.0,-15.81631,-48.10221,0.0,,,1,2023-06-17T14:20:16+00:00
BRA_335665,Brasília,5300108,,Urbi,0.391,https://moovitapp.com/index/pt-br/transporte_p%C3%BAblico-line-0_391-Brasilia-1702-851595-372354-0,-1.0,-15.73609,-47.90738,0.0,,,2,2023-06-17T14:20:16+00:00
BRA_337765,Brasília,5300108,,Urbi,874.4,https://moovitapp.com/index/pt-br/transporte_p%C3%BAblico-line-874_4-Brasilia-1702-851595-775106-0,-1.0,-15.86776,-47.96761,16.94,,,1,2023-06-17T14:20:17+00:00
BRA_339202,Brasília,5300108,,Urbi,393.4,https://moovitapp.com/index/pt-br/transporte_p%C3%BAblico-line-393_4-Brasilia-1702-851595-588816-0,-1.0,-15.82633,-48.05967,5.0,,,1,2023-06-17T14:20:19+00:00
BRA_337510,Brasília,5300108,,Urbi,0.812,https://moovitapp.com/index/pt-br/transporte_p%C3%BAblico-line-0_812-Brasilia-1702-851595-697958-0,-1.0,-15.91066,-48.09207,13.61,,,1,2023-06-17T14:20:19+00:00
BRA_336297,Brasília,5300108,,Urbi,380.2,https://moovitapp.com/index/pt-br/transporte_p%C3%BAblico-line-380_2-Brasilia-1702-851595-334086-0,-1.0,-15.79241,-47.88375,4.44,,,2,2023-06-17T14:20:19+00:00
BRA_336599,Brasília,5300108,,Urbi,813.1,https://moovitapp.com/index/pt-br/transporte_p%C3%BAblico-line-813_1-Brasilia-1702-851595-242635-0,-1.0,-15.87462,-48.03945,18.06,,,1,2023-06-17T14:20:20+00:00
BRA_338231,Brasília,5300108,,Urbi,870.7,https://moovitapp.com/index/pt-br/transporte_p%C3%BAblico-line-870_7-Brasilia-1702-851595-531037-0,-1.0,-15.91508,-48.06301,6.11,,,1,2023-06-17T14:20:21+00:00
BRA_338893,Brasília,5300108,,Urbi,084.1,https://moovitapp.com/index/pt-br/transporte_p%C3%BAblico-line-084_1-Brasilia-1702-851595-466292-0,-1.0,-15.85182,-47.95541,13.89,,,1,2023-06-17T14:20:24+00:00
BRA_337901,Brasília,5300108,,Urbi,0.873,https://moovitapp.com/index/pt-br/transporte_p%C3%BAblico-line-0_873-Brasilia-1702-851595-510238-0,-1.0,-15.85522,-48.07074,12.78,,,1,2023-06-17T14:20:25+00:00
BRA_335894,Brasília,5300108,,Urbi,397.2,https://moovitapp.com/index/pt-br/transporte_p%C3%BAblico-line-397_2-Brasilia-1702-851595-890938-0,-1.0,-15.88806,-48.1241,0.0,,,2,2023-06-17T14:20:26+00:00
BRA_335321,Brasília,5300108,,Urbi,0.340,https://moovitapp.com/index/pt-br/transporte_p%C3%BAblico-line-0_340-Brasilia-1702-851595-641378-0,-1.0,-15.93746,-48.22777,4.17,,,1,2023-06-17T14:20:26+00:00
BRA_338427,Brasília,5300108,,Urbi,807.1,https://moovitapp.com/index/pt-br/transporte_p%C3%BAblico-line-807_1-Brasilia-1702-851595-322407-0,-1.0,-15.92663,-48.10659,1.67,,,1,2023-06-17T14:20:26+00:00
BRA_340341,Brasília,5300108,,Urbi,366.1,https://moovitapp.com/index/pt-br/transporte_p%C3%BAblico-line-366_1-Brasilia-1702-851595-425249-0,-1.0,-15.88743,-48.1216,0.0,,,2,2023-06-17T14:20:26+00:00
BRA_340201,Brasília,5300108,,Urbi,056.2,https://moovitapp.com/index/pt-br/transporte_p%C3%BAblico-line-056_2-Brasilia-1702-851595-492982-0,-1.0,-15.83658,-48.11887,0.0,,,1,2023-06-17T14:20:27+00:00
BRA_340111,Brasília,5300108,,Urbi,0.053,https://moovitapp.com/index/pt-br/transporte_p%C3%BAblico-line-0_053-Brasilia-1702-851595-588803-0,-1.0,-15.82206,-48.06112,6.11,,,2,2023-06-17T14:20:27+00:00
BRA_337943,Brasília,5300108,,Urbi,813.2,https://moovitapp.com/index/pt-br/transporte_p%C3%BAblico-line-813_2-Brasilia-1702-851595-242636-0,-1.0,-15.79793,-47.89188,0.0,,,1,2023-06-17T14:20:27+00:00
BRA_338966,Brasília,5300108,,Urbi,0.810,https://moovitapp.com/index/pt-br/transporte_p%C3%BAblico-line-0_810-Brasilia-1702-851595-363856-0,-1.0,-15.87493,-48.03241,1.39,,,2,2023-06-17T14:20:27+00:00
BRA_335631,Brasília,5300108,,Urbi,366.1,https://moovitapp.com/index/pt-br/transporte_p%C3%BAblico-line-366_1-Brasilia-1702-851595-425249-0,-1.0,-15.88395,-48.15041,0.0,,,2,2023-06-17T14:20:27+00:00
BRA_339300,Brasília,5300108,,Urbi,0.825,https://moovitapp.com/index/pt-br/transporte_p%C3%BAblico-line-0_825-Brasilia-1702-851595-334081-0,-1.0,-15.88982,-48.09985,15.83,,,1,2023-06-17T14:20:28+00:00
BRA_340324,Brasília,5300108,,Urbi,393.7,https://moovitapp.com/index/pt-br/transporte_p%C3%BAblico-line-393_7-Brasilia-1702-851595-588818-0,-1.0,-15.89347,-48.118,13.33,,,1,2023-06-17T14:20:28+00:00
BRA_340570,Brasília,5300108,,Urbi,366.7,https://moovitapp.com/index/pt-br/transporte_p%C3%BAblico-line-366_7-Brasilia-1702-851595-650086-0,-1.0,-15.86863,-48.09145,11.39,,,1,2023-06-17T14:20:28+00:00
BRA_340529,Brasília,5300108,,Urbi,0.082,https://moovitapp.com/index/pt-br/transporte_p%C3%BAblico-line-0_082-Brasilia-1702-851595-781326-0,-1.0,-15.76495,-47.93449,0.0,,,1,2023-06-17T14:20:28+00:00
BRA_340715,Brasília,5300108,,Urbi,0.050,https://moovitapp.com/index/pt-br/transporte_p%C3%BAblico-line-0_050-Brasilia-1702-851595-781325-0,-1.0,-15.86951,-48.08756,15.0,,,1,2023-06-17T14:20:29+00:00
BRA_338401,Brasília,5300108,,Urbi,0.172,https://moovitapp.com/index/pt-br/transporte_p%C3%BAblico-line-0_172-Brasilia-1702-851595-470756-0,-1.0,-15.85341,-47.95572,2.22,,,2,2023-06-17T14:20:29+00:00
BRA_338524,Brasília,5300108,,Urbi,807.9,https://moovitapp.com/index/pt-br/transporte_p%C3%BAblico-line-807_9-Brasilia-1702-851595-322409-0,-1.0,-15.91978,-48.05511,0.83,,,1,2023-06-17T14:20:29+00:00
BRA_336548,Brasília,5300108,,Urbi,0.813,https://moovitapp.com/index/pt-br/transporte_p%C3%BAblico-line-0_813-Brasilia-1702-851595-651523-0,-1.0,-15.83729,-48.04769,11.11,,,1,2023-06-17T14:20:29+00:00
BRA_337757,Brasília,5300108,,Urbi,086.1,https://moovitapp.com/index/pt-br/transporte_p%C3%BAblico-line-086_1-Brasilia-1702-851595-481321-0,-1.0,-15.80923,-47.95655,15.0,,,1,2023-06-17T14:20:29+00:00
BRA_336980,Brasília,5300108,,Urbi,0.810,https://moovitapp.com/index/pt-br/transporte_p%C3%BAblico-line-0_810-Brasilia-1702-851595-363856-0,-1.0,-15.91019,-48.09098,0.0,,,1,2023-06-17T14:20:30+00:00
BRA_337536,Brasília,5300108,,Urbi,0.805,https://moovitapp.com/index/pt-br/transporte_p%C3%BAblico-line-0_805-Brasilia-1702-851595-460800-0,-1.0,-15.8272,-48.06281,0.0,,,1,2023-06-17T14:20:30+00:00
BRA_337790,Brasília,5300108,,Urbi,814.1,https://moovitapp.com/index/pt-br/transporte_p%C3%BAblico-line-814_1-Brasilia-1702-851595-492985-0,-1.0,-15.86994,-48.08852,3.33,,,1,2023-06-17T14:20:30+00:00
BRA_336131,Brasília,5300108,,Urbi,0.172,https://moovitapp.com/index/pt-br/transporte_p%C3%BAblico-line-0_172-Brasilia-1702-851595-470756-0,-1.0,-15.88095,-48.01851,8.06,,,1,2023-06-17T14:20:30+00:00
BRA_335363,Brasília,5300108,,Urbi,372.3,https://moovitapp.com/index/pt-br/transporte_p%C3%BAblico-line-372_3-Brasilia-1702-851595-641001-0,-1.0,-15.8627,-48.08798,0.0,,,1,2023-06-17T14:20:30+00:00
BRA_338664,Brasília,5300108,,Urbi,0.886,https://moovitapp.com/index/pt-br/transporte_p%C3%BAblico-line-0_886-Brasilia-1702-851595-704024-0,-1.0,-15.84894,-48.04239,7.22,,,2,2023-06-17T14:20:30+00:00
BRA_338184,Brasília,5300108,,Urbi,0.873,https://moovitapp.com/index/pt-br/transporte_p%C3%BAblico-line-0_873-Brasilia-1702-851595-510238-0,-1.0,-15.90293,-48.04585,7.22,,,2,2023-06-17T14:20:30+00:00
BRA_340367,Brasília,5300108,,Urbi,0.053,https://moovitapp.com/index/pt-br/transporte_p%C3%BAblico-line-0_053-Brasilia-1702-851595-588803-0,-1.0,-15.87286,-48.06952,0.0,,,1,2023-06-17T14:20:30+00:00
BRA_340537,Brasília,5300108,,Urbi,366.1,https://moovitapp.com/index/pt-br/transporte_p%C3%BAblico-line-366_1-Brasilia-1702-851595-425249-0,-1.0,-15.88686,-48.14371,10.83,,,2,2023-06-17T14:20:31+00:00
BRA_338281,Brasília,5300108,,Urbi,0.809,https://moovitapp.com/index/pt-br/transporte_p%C3%BAblico-line-0_809-Brasilia-1702-851595-516630-0,-1.0,-15.87591,-48.03006,16.94,,,1,2023-06-17T14:20:31+00:00
BRA_338044,Brasília,5300108,,Urbi,0.811,https://moovitapp.com/index/pt-br/transporte_p%C3%BAblico-line-0_811-Brasilia-1702-851595-334078-0,-1.0,-15.93893,-48.03495,6.67,,,1,2023-06-17T14:20:31+00:00
BRA_338630,Brasília,5300108,,Urbi,870.1,https://moovitapp.com/index/pt-br/transporte_p%C3%BAblico-line-870_1-Brasilia-1702-851595-715272-0,-1.0,-15.88231,-48.05376,8.33,,,2,2023-06-17T14:20:31+00:00
BRA_335339,Brasília,5300108,,,4730,,,-15.88369,-48.14993,0.0,,,1,2023-06-17T14:20:31+00:00
BRA_335983,Brasília,5300108,,Urbi,391.3,https://moovitapp.com/index/pt-br/transporte_p%C3%BAblico-line-391_3-Brasilia-1702-851595-372373-0,-1.0,-15.79814,-47.89234,0.0,,,2,2023-06-17T14:20:31+00:00
BRA_337820,Brasília,5300108,,Urbi,0.810,https://moovitapp.com/index/pt-br/transporte_p%C3%BAblico-line-0_810-Brasilia-1702-851595-363856-0,-1.0,-15.85176,-47.95477,8.33,,,1,2023-06-17T14:20:31+00:00
BRA_337692,Brasília,5300108,,Urbi,813.2,https://moovitapp.com/index/pt-br/transporte_p%C3%BAblico-line-813_2-Brasilia-1702-851595-242636-0,-1.0,-15.87536,-48.02972,18.33,,,2,2023-06-17T14:20:31+00:00
BRA_337528,Brasília,5300108,,Urbi,807.1,https://moovitapp.com/index/pt-br/transporte_p%C3%BAblico-line-807_1-Brasilia-1702-851595-322407-0,-1.0,-15.88061,-48.06124,12.78,,,2,2023-06-17T14:20:32+00:00
BRA_337404,Brasília,5300108,,Urbi,805.9,https://moovitapp.com/index/pt-br/transporte_p%C3%BAblico-line-805_9-Brasilia-1702-851595-454983-0,-1.0,-15.83849,-48.05838,6.94,,,1,2023-06-17T14:20:32+00:00
BRA_336076,Brasília,5300108,,Urbi,0.054,https://moovitapp.com/index/pt-br/transporte_p%C3%BAblico-line-0_054-Brasilia-1702-851595-454960-0,-1.0,-15.82923,-48.05859,0.56,,,2,2023-06-17T14:20:32+00:00
BRA_336483,Brasília,5300108,,Urbi,813.1,https://moovitapp.com/index/pt-br/transporte_p%C3%BAblico-line-813_1-Brasilia-1702-851595-242635-0,-1.0,-15.81158,-47.99789,19.44,,,2,2023-06-17T14:20:32+00:00
BRA_335371,Brasília,5300108,,Urbi,0.160,https://moovitapp.com/index/pt-br/transporte_p%C3%BAblico-line-0_160-Brasilia-1702-851595-470755-0,-1.0,-15.79316,-47.88228,0.0,,,2,2023-06-17T14:20:32+00:00
BRA_338150,Brasília,5300108,,Urbi,0.087,https://moovitapp.com/index/pt-br/transporte_p%C3%BAblico-line-0_087-Brasilia-1702-851595-242519-0,-1.0,-15.91516,-48.04722,1.11,,,1,2023-06-17T14:20:32+00:00
BRA_340618,Brasília,5300108,,Urbi,0.347,https://moovitapp.com/index/pt-br/transporte_p%C3%BAblico-line-0_347-Brasilia-1702-851595-347128-0,-1.0,-15.83121,-48.03937,0.0,,,1,2023-06-17T14:20:32+00:00
BRA_338192,Brasília,5300108,,Urbi,0.814,https://moovitapp.com/index/pt-br/transporte_p%C3%BAblico-line-0_814-Brasilia-1702-851595-492980-0,-1.0,-15.87604,-48.05983,16.39,,,1,2023-06-17T14:20:33+00:00
BRA_338737,Brasília,5300108,,Urbi,0.809,https://moovitapp.com/index/pt-br/transporte_p%C3%BAblico-line-0_809-Brasilia-1702-851595-516630-0,-1.0,-15.92931,-48.10915,15.83,,,1,2023-06-17T14:20:33+00:00
BRA_339164,Brasília,5300108,,Urbi,0.812,https://moovitapp.com/index/pt-br/transporte_p%C3%BAblico-line-0_812-Brasilia-1702-851595-697958-0,-1.0,-15.80816,-48.13293,0.0,,,1,2023-06-17T14:20:33+00:00
BRA_339229,Brasília,5300108,,Urbi,366.1,https://moovitapp.com/index/pt-br/transporte_p%C3%BAblico-line-366_1-Brasilia-1702-851595-425249-0,-1.0,-15.86799,-48.05553,6.11,,,1,2023-06-17T14:20:33+00:00
BRA_335924,Brasília,5300108,,Urbi,0.366,https://moovitapp.com/index/pt-br/transporte_p%C3%BAblico-line-0_366-Brasilia-1702-851595-650085-0,-1.0,-15.87646,-48.0827,4.44,,,1,2023-06-17T14:20:34+00:00
BRA_336033,Brasília,5300108,,Urbi,396.3,https://moovitapp.com/index/pt-br/transporte_p%C3%BAblico-line-396_3-Brasilia-1702-851595-372378-0,-1.0,-15.82404,-47.95097,13.61,,,2,2023-06-17T14:20:34+00:00
BRA_336343,Brasília,5300108,,Urbi,394.1,https://moovitapp.com/index/pt-br/transporte_p%C3%BAblico-line-394_1-Brasilia-1702-851595-334089-0,-1.0,-15.83079,-48.04163,15.28,,,1,2023-06-17T14:20:34+00:00
BRA_335479,Brasília,5300108,,Urbi,0.129,https://moovitapp.com/index/pt-br/transporte_p%C3%BAblico-line-0_129-Brasilia-1702-851595-775097-0,-1.0,-15.85133,-47.85613,0.0,,,1,2023-06-17T14:20:34+00:00
BRA_337277,Brasília,5300108,,Urbi,0.818,https://moovitapp.com/index/pt-br/transporte_p%C3%BAblico-line-0_818-Brasilia-1702-851595-242550-0,-1.0,-15.85244,-47.95536,8.33,,,2,2023-06-17T14:20:34+00:00
BRA_340251,Brasília,5300108,,Urbi,0.171,https://moovitapp.com/index/pt-br/transporte_p%C3%BAblico-line-0_171-Brasilia-1702-851595-242524-0,-1.0,-15.86449,-47.9611,2.5,,,1,2023-06-17T14:20:34+00:00
BRA_336670,Brasília,5300108,,Urbi,0.821,https://moovitapp.com/index/pt-br/transporte_p%C3%BAblico-line-0_821-Brasilia-1702-851595-334080-0,-1.0,-15.84682,-47.95444,18.61,,,2,2023-06-17T14:20:34+00:00
BRA_336858,Brasília,5300108,,Urbi,813.1,https://moovitapp.com/index/pt-br/transporte_p%C3%BAblico-line-813_1-Brasilia-1702-851595-242635-0,-1.0,-15.904,-48.0686,0.0,,,2,2023-06-17T14:20:35+00:00
BRA_336688,Brasília,5300108,,Urbi,0.380,https://moovitapp.com/index/pt-br/transporte_p%C3%BAblico-line-0_380-Brasilia-1702-851595-334073-0,-1.0,-15.81009,-47.94876,18.33,,,2,2023-06-17T14:20:35+00:00
BRA_338575,Brasília,5300108,,Urbi,0.809,https://moovitapp.com/index/pt-br/transporte_p%C3%BAblico-line-0_809-Brasilia-1702-851595-516630-0,-1.0,-15.79317,-47.88289,0.0,,,2,2023-06-17T14:20:35+00:00
BRA_339075,Brasília,5300108,,Urbi,0.808,https://moovitapp.com/index/pt-br/transporte_p%C3%BAblico-line-0_808-Brasilia-1702-851595-372359-0,-1.0,-15.79784,-48.12474,1.67,,,2,2023-06-17T14:20:35+00:00
BRA_339091,Brasília,5300108,,Urbi,870.7,https://moovitapp.com/index/pt-br/transporte_p%C3%BAblico-line-870_7-Brasilia-1702-851595-531037-0,-1.0,-15.79379,-47.88062,6.11,,,1,2023-06-17T14:20:35+00:00
BRA_337226,Brasília,5300108,,Urbi,0.882,https://moovitapp.com/index/pt-br/transporte_p%C3%BAblico-line-0_882-Brasilia-1702-851595-363858-0,-1.0,-15.88106,-48.05365,11.94,,,2,2023-06-17T14:20:35+00:00
BRA_336963,Brasília,5300108,,Urbi,874.4,https://moovitapp.com/index/pt-br/transporte_p%C3%BAblico-line-874_4-Brasilia-1702-851595-775106-0,-1.0,-15.80267,-47.92153,5.56,,,2,2023-06-17T14:20:35+00:00
BRA_335738,Brasília,5300108,,Urbi,0.393,https://moovitapp.com/index/pt-br/transporte_p%C3%BAblico-line-0_393-Brasilia-1702-851595-588805-0,-1.0,-15.87281,-48.07068,12.22,,,1,2023-06-17T14:20:35+00:00
BRA_336041,Brasília,5300108,,Urbi,396.2,https://moovitapp.com/index/pt-br/transporte_p%C3%BAblico-line-396_2-Brasilia-1702-851595-372377-0,-1.0,-15.73938,-47.89869,0.0,,,1,2023-06-17T14:20:35+00:00
BRA_335673,Brasília,5300108,,Urbi,0.346,https://moovitapp.com/index/pt-br/transporte_p%C3%BAblico-line-0_346-Brasilia-1702-851595-46461186-0,-1.0,-15.82199,-48.12758,6.94,,,1,2023-06-17T14:20:36+00:00
BRA_337897,Brasília,5300108,,Urbi,0.177,https://moovitapp.com/index/pt-br/transporte_p%C3%BAblico-line-0_177-Brasilia-1702-851595-242528-0,-1.0,-15.88296,-48.01667,0.0,,,1,2023-06-17T14:20:36+00:00
BRA_337544,Brasília,5300108,,Urbi,0.038,https://moovitapp.com/index/pt-br/transporte_p%C3%BAblico-line-0_038-Brasilia-1702-851595-687419-0,-1.0,-15.85952,-48.03673,16.67,,,1,2023-06-17T14:20:36+00:00
BRA_337196,Brasília,5300108,,Urbi,0.882,https://moovitapp.com/index/pt-br/transporte_p%C3%BAblico-line-0_882-Brasilia-1702-851595-363858-0,-1.0,-15.87409,-48.04298,11.11,,,1,2023-06-17T14:20:36+00:00
BRA_338851,Brasília,5300108,,Urbi,0.808,https://moovitapp.com/index/pt-br/transporte_p%C3%BAblico-line-0_808-Brasilia-1702-851595-372359-0,-1.0,-15.85117,-48.07317,0.0,,,2,2023-06-17T14:20:36+00:00
BRA_338541,Brasília,5300108,,Urbi,0.087,https://moovitapp.com/index/pt-br/transporte_p%C3%BAblico-line-0_087-Brasilia-1702-851595-242519-0,-1.0,-15.87399,-47.97312,8.89,,,1,2023-06-17T14:20:36+00:00
BRA_340502,Brasília,5300108,,Urbi,393.7,https://moovitapp.com/index/pt-br/transporte_p%C3%BAblico-line-393_7-Brasilia-1702-851595-588818-0,-1.0,-15.85207,-48.04082,0.0,,,1,2023-06-17T14:20:36+00:00
BRA_340511,Brasília,5300108,,Urbi,398.3,https://moovitapp.com/index/pt-br/transporte_p%C3%BAblico-line-398_3-Brasilia-1702-851595-706973-0,-1.0,-15.78765,-48.13465,9.17,,,2,2023-06-17T14:20:36+00:00
BRA_340545,Brasília,5300108,,Urbi,393.4,https://moovitapp.com/index/pt-br/transporte_p%C3%BAblico-line-393_4-Brasilia-1702-851595-588816-0,-1.0,-15.87607,-47.97466,0.28,,,1,2023-06-17T14:20:36+00:00
BRA_340553,Brasília,5300108,,Urbi,396.2,https://moovitapp.com/index/pt-br/transporte_p%C3%BAblico-line-396_2-Brasilia-1702-851595-372377-0,-1.0,-15.73855,-47.89932,0.0,,,2,2023-06-17T14:20:36+00:00
BRA_340740,Brasília,5300108,,Urbi,056.4,https://moovitapp.com/index/pt-br/transporte_p%C3%BAblico-line-056_4-Brasilia-1702-851595-519387-0,-1.0,-15.81118,-48.09192,0.0,,,1,2023-06-17T14:20:37+00:00
BRA_339288,Brasília,5300108,,Urbi,0.397,https://moovitapp.com/index/pt-br/transporte_p%C3%BAblico-line-0_397-Brasilia-1702-851595-890857-0,-1.0,-15.88805,-48.1498,13.06,,,1,2023-06-17T14:20:37+00:00
BRA_336581,Brasília,5300108,,Urbi,0.813,https://moovitapp.com/index/pt-br/transporte_p%C3%BAblico-line-0_813-Brasilia-1702-851595-651523-0,-1.0,-15.7853,-47.88793,4.44,,,2,2023-06-17T14:20:38+00:00
BRA_335550,Brasília,5300108,,Urbi,0.373,https://moovitapp.com/index/pt-br/transporte_p%C3%BAblico-line-0_373-Brasilia-1702-851595-334072-0,-1.0,-15.88372,-48.15002,0.0,,,2,2023-06-17T14:20:38+00:00
BRA_337625,Brasília,5300108,,Urbi,038.1,https://moovitapp.com/index/pt-br/transporte_p%C3%BAblico-line-038_1-Brasilia-1702-851595-781327-0,-1.0,-15.80764,-48.08176,12.78,,,1,2023-06-17T14:20:38+00:00
BRA_337005,Brasília,5300108,,Urbi,805.9,https://moovitapp.com/index/pt-br/transporte_p%C3%BAblico-line-805_9-Brasilia-1702-851595-454983-0,-1.0,-15.91311,-48.09887,8.06,,,1,2023-06-17T14:20:38+00:00
BRA_337021,Brasília,5300108,,Urbi,0.808,https://moovitapp.com/index/pt-br/transporte_p%C3%BAblico-line-0_808-Brasilia-1702-851595-372359-0,-1.0,-15.92127,-48.10752,0.0,,,1,2023-06-17T14:20:38+00:00
BRA_339377,Brasília,5300108,,Urbi,398.1,https://moovitapp.com/index/pt-br/transporte_p%C3%BAblico-line-398_1-Brasilia-1702-851595-510241-0,-1.0,-15.92123,-48.10848,0.56,,,1,2023-06-17T14:20:38+00:00
BRA_340294,Brasília,5300108,,Urbi,0.341,https://moovitapp.com/index/pt-br/transporte_p%C3%BAblico-line-0_341-Brasilia-1702-851595-37928003-0,-1.0,-15.8244,-47.97765,0.0,,,1,2023-06-17T14:20:38+00:00
BRA_338991,Brasília,5300108,,Urbi,0.806,https://moovitapp.com/index/pt-br/transporte_p%C3%BAblico-line-0_806-Brasilia-1702-851595-339299-0,-1.0,-15.94949,-48.03377,0.0,,,2,2023-06-17T14:20:39+00:00
BRA_337811,Brasília,5300108,,Urbi,807.9,https://moovitapp.com/index/pt-br/transporte_p%C3%BAblico-line-807_9-Brasilia-1702-851595-322409-0,-1.0,-15.91359,-48.0633,10.56,,,2,2023-06-17T14:20:39+00:00
BRA_336301,Brasília,5300108,,Urbi,380.2,https://moovitapp.com/index/pt-br/transporte_p%C3%BAblico-line-380_2-Brasilia-1702-851595-334086-0,-1.0,-15.79375,-47.8877,19.17,,,1,2023-06-17T14:20:39+00:00
BRA_336254,Brasília,5300108,,Urbi,0.394,https://moovitapp.com/index/pt-br/transporte_p%C3%BAblico-line-0_394-Brasilia-1702-851595-334076-0,-1.0,-15.87709,-48.06001,11.94,,,2,2023-06-17T14:20:40+00:00
BRA_335991,Brasília,5300108,,Urbi,366.1,https://moovitapp.com/index/pt-br/transporte_p%C3%BAblico-line-366_1-Brasilia-1702-851595-425249-0,-1.0,-15.89327,-48.13529,0.0,,,1,2023-06-17T14:20:40+00:00
BRA_335380,Brasília,5300108,,Urbi,366.1,https://moovitapp.com/index/pt-br/transporte_p%C3%BAblico-line-366_1-Brasilia-1702-851595-425249-0,-1.0,-15.9017,-48.1274,5.28,,,1,2023-06-17T14:20:40+00:00
BRA_337978,Brasília,5300108,,Urbi,0.898,https://moovitapp.com/index/pt-br/transporte_p%C3%BAblico-line-0_898-Brasilia-1702-851595-322394-0,-1.0,-15.83825,-48.04727,1.67,,,1,2023-06-17T14:20:40+00:00
BRA_338460,Brasília,5300108,,Urbi,807.2,https://moovitapp.com/index/pt-br/transporte_p%C3%BAblico-line-807_2-Brasilia-1702-851595-781329-0,-1.0,-15.93303,-48.10909,0.0,,,1,2023-06-17T14:20:40+00:00
BRA_340154,Brasília,5300108,,Urbi,367.2,https://moovitapp.com/index/pt-br/transporte_p%C3%BAblico-line-367_2-Brasilia-1702-851595-454971-0,-1.0,-15.83248,-48.0609,5.28,,,1,2023-06-17T14:20:40+00:00
BRA_340391,Brasília,5300108,,Urbi,0.366,https://moovitapp.com/index/pt-br/transporte_p%C3%BAblico-line-0_366-Brasilia-1702-851595-650085-0,-1.0,-15.87722,-48.11562,16.94,,,2,2023-06-17T14:20:40+00:00
BRA_340774,Brasília,5300108,,Urbi,397.2,https://moovitapp.com/index/pt-br/transporte_p%C3%BAblico-line-397_2-Brasilia-1702-851595-890938-0,-1.0,-15.78854,-48.13437,0.0,,,2,2023-06-17T14:20:41+00:00
BRA_338176,Brasília,5300108,,Urbi,0.811,https://moovitapp.com/index/pt-br/transporte_p%C3%BAblico-line-0_811-Brasilia-1702-851595-334078-0,-1.0,-15.84881,-47.95484,16.39,,,2,2023-06-17T14:20:41+00:00
BRA_338621,Brasília,5300108,,Urbi,0.809,https://moovitapp.com/index/pt-br/transporte_p%C3%BAblico-line-0_809-Brasilia-1702-851595-516630-0,-1.0,-15.88177,-48.06072,10.56,,,2,2023-06-17T14:20:41+00:00
BRA_337927,Brasília,5300108,,Urbi,0.898,https://moovitapp.com/index/pt-br/transporte_p%C3%BAblico-line-0_898-Brasilia-1702-851595-322394-0,-1.0,-15.86779,-48.03233,13.06,,,1,2023-06-17T14:20:41+00:00
BRA_335681,Brasília,5300108,,Urbi,0.367,https://moovitapp.com/index/pt-br/transporte_p%C3%BAblico-line-0_367-Brasilia-1702-851595-519380-0,-1.0,-15.88871,-48.14264,2.78,,,1,2023-06-17T14:20:41+00:00
BRA_336190,Brasília,5300108,,Urbi,0.394,https://moovitapp.com/index/pt-br/transporte_p%C3%BAblico-line-0_394-Brasilia-1702-851595-334076-0,-1.0,-15.87231,-48.06767,0.0,,,1,2023-06-17T14:20:41+00:00
BRA_336513,Brasília,5300108,,Urbi,805.2,https://moovitapp.com/index/pt-br/transporte_p%C3%BAblico-line-805_2-Brasilia-1702-851595-454981-0,-1.0,-15.90942,-48.08874,10.56,,,1,2023-06-17T14:20:42+00:00
BRA_335606,Brasília,5300108,,Urbi,0.050,https://moovitapp.com/index/pt-br/transporte_p%C3%BAblico-line-0_050-Brasilia-1702-851595-781325-0,-1.0,-15.83589,-48.05613,7.78,,,1,2023-06-17T14:20:42+00:00
BRA_338265,Brasília,5300108,,Urbi,0.882,https://moovitapp.com/index/pt-br/transporte_p%C3%BAblico-line-0_882-Brasilia-1702-851595-363858-0,-1.0,-15.82491,-47.91046,18.89,,,1,2023-06-17T14:20:42+00:00
BRA_335851,Brasília,5300108,,Urbi,0.366,https://moovitapp.com/index/pt-br/transporte_p%C3%BAblico-line-0_366-Brasilia-1702-851595-650085-0,-1.0,-15.88853,-48.12834,0.0,,,1,2023-06-17T14:20:42+00:00
BRA_340600,Brasília,5300108,,Urbi,396.2,https://moovitapp.com/index/pt-br/transporte_p%C3%BAblico-line-396_2-Brasilia-1702-851595-372377-0,-1.0,-15.87659,-48.08604,5.28,,,2,2023-06-17T14:20:43+00:00
BRA_340448,Brasília,5300108,,Urbi,372.4,https://moovitapp.com/index/pt-br/transporte_p%C3%BAblico-line-372_4-Brasilia-1702-851595-650087-0,-1.0,-15.84051,-48.04985,0.0,,,1,2023-06-17T14:20:43+00:00
BRA_338885,Brasília,5300108,,Urbi,805.1,https://moovitapp.com/index/pt-br/transporte_p%C3%BAblico-line-805_1-Brasilia-1702-851595-454980-0,-1.0,-15.90423,-48.06534,5.0,,,1,2023-06-17T14:20:43+00:00
BRA_336165,Brasília,5300108,,Urbi,0.809,https://moovitapp.com/index/pt-br/transporte_p%C3%BAblico-line-0_809-Brasilia-1702-851595-516630-0,-1.0,-15.82511,-47.91319,16.11,,,2,2023-06-17T14:20:44+00:00
BRA_336971,Brasília,5300108,,Urbi,871.3,https://moovitapp.com/index/pt-br/transporte_p%C3%BAblico-line-871_3-Brasilia-1702-851595-588820-0,-1.0,-15.86309,-47.95859,1.39,,,1,2023-06-17T14:20:44+00:00
BRA_338486,Brasília,5300108,,Urbi,813.2,https://moovitapp.com/index/pt-br/transporte_p%C3%BAblico-line-813_2-Brasilia-1702-851595-242636-0,-1.0,-15.92369,-48.10435,0.0,,,1,2023-06-17T14:20:44+00:00
BRA_338508,Brasília,5300108,,Urbi,0.808,https://moovitapp.com/index/pt-br/transporte_p%C3%BAblico-line-0_808-Brasilia-1702-851595-372359-0,-1.0,-15.93345,-48.10883,0.0,,,1,2023-06-17T14:20:44+00:00
BRA_340057,Brasília,5300108,,Urbi,391.3,https://moovitapp.com/index/pt-br/transporte_p%C3%BAblico-line-391_3-Brasilia-1702-851595-372373-0,-1.0,-15.89433,-48.13657,16.39,,,1,2023-06-17T14:20:44+00:00
BRA_335878,Brasília,5300108,,Urbi,056.2,https://moovitapp.com/index/pt-br/transporte_p%C3%BAblico-line-056_2-Brasilia-1702-851595-492982-0,-1.0,-15.89112,-48.13066,19.44,,,1,2023-06-17T14:20:45+00:00
BRA_336009,Brasília,5300108,,Urbi,366.1,https://moovitapp.com/index/pt-br/transporte_p%C3%BAblico-line-366_1-Brasilia-1702-851595-425249-0,-1.0,-15.8855,-48.09247,15.56,,,2,2023-06-17T14:20:45+00:00
BRA_336530,Brasília,5300108,,Urbi,0.813,https://moovitapp.com/index/pt-br/transporte_p%C3%BAblico-line-0_813-Brasilia-1702-851595-651523-0,-1.0,-15.73619,-47.90632,2.5,,,2,2023-06-17T14:20:45+00:00
BRA_335401,Brasília,5300108,,Urbi,0.391,https://moovitapp.com/index/pt-br/transporte_p%C3%BAblico-line-0_391-Brasilia-1702-851595-372354-0,-1.0,-15.83313,-47.95266,9.44,,,2,2023-06-17T14:20:46+00:00
BRA_337609,Brasília,5300108,,Urbi,0.809,https://moovitapp.com/index/pt-br/transporte_p%C3%BAblico-line-0_809-Brasilia-1702-851595-516630-0,-1.0,-15.90322,-48.06203,0.0,,,1,2023-06-17T14:20:46+00:00
BRA_337587,Brasília,5300108,,Urbi,0.087,https://moovitapp.com/index/pt-br/transporte_p%C3%BAblico-line-0_087-Brasilia-1702-851595-242519-0,-1.0,-15.79568,-47.93381,3.06,,,1,2023-06-17T14:20:46+00:00
BRA_340031,Brasília,5300108,,Urbi,366.1,https://moovitapp.com/index/pt-br/transporte_p%C3%BAblico-line-366_1-Brasilia-1702-851595-425249-0,-1.0,-15.87693,-48.09979,13.89,,,1,2023-06-17T14:20:46+00:00
BRA_340413,Brasília,5300108,,Urbi,373.2,https://moovitapp.com/index/pt-br/transporte_p%C3%BAblico-line-373_2-Brasilia-1702-851595-334084-0,-1.0,-15.87466,-48.03922,0.0,,,1,2023-06-17T14:20:46+00:00
BRA_340685,Brasília,5300108,,Urbi,396.3,https://moovitapp.com/index/pt-br/transporte_p%C3%BAblico-line-396_3-Brasilia-1702-851595-372378-0,-1.0,-15.8651,-47.96243,12.22,,,1,2023-06-17T14:20:46+00:00
BRA_340375,Brasília,5300108,,Urbi,0.373,https://moovitapp.com/index/pt-br/transporte_p%C3%BAblico-line-0_373-Brasilia-1702-851595-334072-0,-1.0,-15.87629,-48.11361,11.11,,,2,2023-06-17T14:20:47+00:00
BRA_340197,Brasília,5300108,,Urbi,373.2,https://moovitapp.com/index/pt-br/transporte_p%C3%BAblico-line-373_2-Brasilia-1702-851595-334084-0,-1.0,-15.79312,-47.88265,0.0,,,2,2023-06-17T14:20:47+00:00
BRA_337684,Brasília,5300108,,Urbi,870.1,https://moovitapp.com/index/pt-br/transporte_p%C3%BAblico-line-870_1-Brasilia-1702-851595-715272-0,-1.0,-15.94036,-48.03851,10.83,,,1,2023-06-17T14:20:47+00:00
BRA_337218,Brasília,5300108,,Urbi,0.807,https://moovitapp.com/index/pt-br/transporte_p%C3%BAblico-line-0_807-Brasilia-1702-851595-6677121-0,-1.0,-15.90986,-48.08996,10.83,,,1,2023-06-17T14:20:47+00:00
BRA_337501,Brasília,5300108,,Urbi,870.7,https://moovitapp.com/index/pt-br/transporte_p%C3%BAblico-line-870_7-Brasilia-1702-851595-531037-0,-1.0,-15.88722,-48.05895,14.44,,,2,2023-06-17T14:20:47+00:00
BRA_336378,Brasília,5300108,,Urbi,0.380,https://moovitapp.com/index/pt-br/transporte_p%C3%BAblico-line-0_380-Brasilia-1702-851595-334073-0,-1.0,-15.84585,-48.075,4.44,,,1,2023-06-17T14:20:48+00:00
BRA_339083,Brasília,5300108,,Urbi,0.872,https://moovitapp.com/index/pt-br/transporte_p%C3%BAblico-line-0_872-Brasilia-1702-851595-466291-0,-1.0,-15.876,-48.04875,14.44,,,1,2023-06-17T14:20:48+00:00
BRA_338117,Brasília,5300108,,Urbi,807.9,https://moovitapp.com/index/pt-br/transporte_p%C3%BAblico-line-807_9-Brasilia-1702-851595-322409-0,-1.0,-15.87892,-48.0616,11.67,,,2,2023-06-17T14:20:48+00:00
BRA_340677,Brasília,5300108,,Urbi,056.4,https://moovitapp.com/index/pt-br/transporte_p%C3%BAblico-line-056_4-Brasilia-1702-851595-519387-0,-1.0,-15.8948,-48.14809,11.39,,,1,2023-06-17T14:20:48+00:00
BRA_340332,Brasília,5300108,,Urbi,056.2,https://moovitapp.com/index/pt-br/transporte_p%C3%BAblico-line-056_2-Brasilia-1702-851595-492982-0,-1.0,-15.88985,-48.14072,13.06,,,1,2023-06-17T14:21:37+00:00
BRA_441279,Brasília,5300108,,Marechal,157.6,https://moovitapp.com/index/pt-br/transporte_p%C3%BAblico-line-157_6-Brasilia-1702-851940-419627-0,-1.0,-15.81205,-47.983187,59.0,,,2,2023-06-17T14:20:32+00:00
BRA_442771,Brasília,5300108,,Marechal,0.942,https://moovitapp.com/index/pt-br/transporte_p%C3%BAblico-line-0_942-Brasilia-1702-851940-347158-0,-1.0,-15.793697,-47.95809,60.0,,,2,2023-06-17T14:20:32+00:00
BRA_444154,Brasília,5300108,,Marechal,0.363,https://moovitapp.com/index/pt-br/transporte_p%C3%BAblico-line-0_363-Brasilia-1702-851940-504339-0,-1.0,-15.839737,-48.130103,0.0,,,2,2023-06-17T14:20:32+00:00
BRA_440469,Brasília,5300108,,São José,0.092,https://moovitapp.com/index/pt-br/transporte_p%C3%BAblico-line-0_092-Brasilia-1702-851943-496589-0,-1.0,-15.82465,-47.978107,34.0,,,2,2023-06-17T14:20:32+00:00
BRA_442861,Brasília,5300108,,Marechal,363.2,https://moovitapp.com/index/pt-br/transporte_p%C3%BAblico-line-363_2-Brasilia-1702-851940-725443-0,-1.0,-15.81787,-48.10917,0.0,,,2,2023-06-17T14:20:32+00:00
BRA_440701,Brasília,5300108,,Marechal,355.3,https://moovitapp.com/index/pt-br/transporte_p%C3%BAblico-line-355_3-Brasilia-1702-851940-504343-0,-1.0,-15.79924,-48.01633,22.0,,,2,2023-06-17T14:06:39+00:00
BRA_440744,Brasília,5300108,,Marechal,351.3,https://moovitapp.com/index/pt-br/transporte_p%C3%BAblico-line-351_3-Brasilia-1702-851940-510249-0,-1.0,-15.864073,-48.034187,25.0,,,2,2023-06-17T14:20:32+00:00
BRA_442453,Brasília,5300108,,Urbi,056.2,https://moovitapp.com/index/pt-br/transporte_p%C3%BAblico-line-056_2-Brasilia-1702-851595-492982-0,-1.0,-15.85948,-48.069113,20.0,,,2,2023-06-17T14:20:32+00:00
BRA_440272,Brasília,5300108,,Urbi,805.1,https://moovitapp.com/index/pt-br/transporte_p%C3%BAblico-line-805_1-Brasilia-1702-851595-454980-0,-1.0,-15.904267,-48.065413,8.0,,,2,2023-06-17T14:20:32+00:00
BRA_442313,Brasília,5300108,,São José,350.1,https://moovitapp.com/index/pt-br/transporte_p%C3%BAblico-line-350_1-Brasilia-1702-851943-2068450-0,-1.0,-15.841043,-48.045837,46.0,,,2,2023-06-17T14:20:32+00:00
BRA_440311,Brasília,5300108,,Marechal,0.090,https://moovitapp.com/index/pt-br/transporte_p%C3%BAblico-line-0_090-Brasilia-1702-851940-242702-0,-1.0,-15.80239,-47.95089,21.0,,,2,2023-06-17T14:20:32+00:00
BRA_440655,Brasília,5300108,,Marechal,0.090,https://moovitapp.com/index/pt-br/transporte_p%C3%BAblico-line-0_090-Brasilia-1702-851940-242702-0,-1.0,-15.801717,-47.971317,34.0,,,2,2023-06-17T14:20:32+00:00
BRA_440680,Brasília,5300108,,Marechal,260.3,https://moovitapp.com/index/pt-br/transporte_p%C3%BAblico-line-260_3-Brasilia-1702-851940-393566-0,-1.0,-15.822623,-48.114917,0.0,,,2,2023-06-17T14:20:32+00:00
BRA_444707,Brasília,5300108,,Marechal,0.043,https://moovitapp.com/index/pt-br/transporte_p%C3%BAblico-line-0_043-Brasilia-1702-851940-781330-0,-1.0,-15.8394,-48.129503,0.0,,,2,2023-06-17T14:20:32+00:00
BRA_441031,Brasília,5300108,,Marechal,260.3,https://moovitapp.com/index/pt-br/transporte_p%C3%BAblico-line-260_3-Brasilia-1702-851940-393566-0,-1.0,-16.047363,-48.032043,3.0,,,2,2023-06-17T14:05:10+00:00
BRA_441562,Brasília,5300108,,Marechal,933.6,https://moovitapp.com/index/pt-br/transporte_p%C3%BAblico-line-933_6-Brasilia-1702-851940-3494672-0,-1.0,-15.816207,-48.102003,0.0,,,2,2023-06-17T14:20:32+00:00
BRA_440841,Brasília,5300108,,Urbi,805.2,https://moovitapp.com/index/pt-br/transporte_p%C3%BAblico-line-805_2-Brasilia-1702-851595-454981-0,-1.0,-15.863917,-48.034387,34.0,,,2,2023-06-17T12:54:13+00:00
BRA_440418,Brasília,5300108,,Marechal,154.2,https://moovitapp.com/index/pt-br/transporte_p%C3%BAblico-line-154_2-Brasilia-1702-851940-527234-0,-1.0,-15.838963,-47.93045,60.0,,,2,2023-06-17T14:20:32+00:00
BRA_442127,Brasília,5300108,,Marechal,0.942,https://moovitapp.com/index/pt-br/transporte_p%C3%BAblico-line-0_942-Brasilia-1702-851940-347158-0,-1.0,-15.84097,-48.12727,0.0,,,2,2023-06-17T14:20:27+00:00
BRA_443395,Brasília,5300108,,Urbi,0.050,https://moovitapp.com/index/pt-br/transporte_p%C3%BAblico-line-0_050-Brasilia-1702-851595-781325-0,-1.0,-15.870023,-48.0898,5.0,,,2,2023-06-17T14:20:32+00:00
BRA_440990,Brasília,5300108,,Marechal,156.1,https://moovitapp.com/index/pt-br/transporte_p%C3%BAblico-line-156_1-Brasilia-1702-851940-242750-0,-1.0,-15.82679,-47.982423,0.0,,,2,2023-06-17T14:20:32+00:00
BRA_440931,Brasília,5300108,,Marechal,355.2,https://moovitapp.com/index/pt-br/transporte_p%C3%BAblico-line-355_2-Brasilia-1702-851940-510251-0,-1.0,-15.867277,-48.037457,0.0,,,2,2023-06-17T14:20:32+00:00
BRA_440281,Brasília,5300108,,Marechal,157.6,https://moovitapp.com/index/pt-br/transporte_p%C3%BAblico-line-157_6-Brasilia-1702-851940-419627-0,-1.0,-15.837127,-47.985773,41.0,,,2,2023-06-17T14:20:32+00:00
BRA_442062,Brasília,5300108,,Urbi,056.4,https://moovitapp.com/index/pt-br/transporte_p%C3%BAblico-line-056_4-Brasilia-1702-851595-519387-0,-1.0,-15.882583,-48.127237,22.0,,,2,2023-06-17T14:20:32+00:00
BRA_440141,Brasília,5300108,,Urbi,872.9,https://moovitapp.com/index/pt-br/transporte_p%C3%BAblico-line-872_9-Brasilia-1702-851595-372394-0,-1.0,-15.839737,-48.051147,36.0,,,2,2023-06-17T14:20:32+00:00
BRA_443166,Brasília,5300108,,Marechal,933.6,https://moovitapp.com/index/pt-br/transporte_p%C3%BAblico-line-933_6-Brasilia-1702-851940-3494672-0,-1.0,-15.82653,-48.059513,6.0,,,2,2023-06-17T14:20:32+00:00
BRA_443191,Brasília,5300108,,Marechal,933.5,https://moovitapp.com/index/pt-br/transporte_p%C3%BAblico-line-933_5-Brasilia-1702-851940-766837-0,-1.0,-15.82998,-48.12657,25.0,,,2,2023-06-17T14:20:32+00:00
BRA_443174,Brasília,5300108,,Urbi,0.367,https://moovitapp.com/index/pt-br/transporte_p%C3%BAblico-line-0_367-Brasilia-1702-851595-519380-0,-1.0,-15.849643,-48.06089,33.0,,,2,2023-06-17T14:20:32+00:00
BRA_441147,Brasília,5300108,,Marechal,355.1,https://moovitapp.com/index/pt-br/transporte_p%C3%BAblico-line-355_1-Brasilia-1702-851940-729097-0,-1.0,-15.861167,-48.041883,36.0,,,2,2023-06-17T14:20:32+00:00
BRA_443441,Brasília,5300108,,Urbi,0.367,https://moovitapp.com/index/pt-br/transporte_p%C3%BAblico-line-0_367-Brasilia-1702-851595-519380-0,-1.0,-15.83921,-48.128977,0.0,,,2,2023-06-17T14:20:32+00:00
BRA_441040,Brasília,5300108,,Marechal,0.205,https://moovitapp.com/index/pt-br/transporte_p%C3%BAblico-line-0_205-Brasilia-1702-851940-463646-0,-1.0,-16.017373,-48.055837,8.0,,,2,2023-06-17T14:20:32+00:00
BRA_441503,Brasília,5300108,,Marechal,933.1,https://moovitapp.com/index/pt-br/transporte_p%C3%BAblico-line-933_1-Brasilia-1702-851940-358307-0,-1.0,-15.844527,-48.10414,0.0,,,2,2023-06-17T14:20:32+00:00
BRA_441121,Brasília,5300108,,Marechal,355.3,https://moovitapp.com/index/pt-br/transporte_p%C3%BAblico-line-355_3-Brasilia-1702-851940-504343-0,-1.0,-15.867283,-48.037277,0.0,,,2,2023-06-17T14:20:27+00:00
BRA_443981,Brasília,5300108,,Marechal,361.1,https://moovitapp.com/index/pt-br/transporte_p%C3%BAblico-line-361_1-Brasilia-1702-851940-363861-0,-1.0,-15.839773,-48.1301,0.0,,,2,2023-06-17T14:20:32+00:00
BRA_441724,Brasília,5300108,,Marechal,933.6,https://moovitapp.com/index/pt-br/transporte_p%C3%BAblico-line-933_6-Brasilia-1702-851940-3494672-0,-1.0,-15.840287,-48.124833,20.0,,,2,2023-06-17T14:20:32+00:00
BRA_440574,Brasília,5300108,,Marechal,355.3,https://moovitapp.com/index/pt-br/transporte_p%C3%BAblico-line-355_3-Brasilia-1702-851940-504343-0,-1.0,-15.835533,-48.060033,37.0,,,2,2023-06-17T14:20:32+00:00
BRA_440388,Brasília,5300108,,Marechal,0.090,https://moovitapp.com/index/pt-br/transporte_p%C3%BAblico-line-0_090-Brasilia-1702-851940-242702-0,-1.0,-15.801637,-47.942,24.0,,,2,2023-06-17T14:20:32+00:00
BRA_441082,Brasília,5300108,,Marechal,0.162,https://moovitapp.com/index/pt-br/transporte_p%C3%BAblico-line-0_162-Brasilia-1702-851940-766836-0,-1.0,-15.806023,-47.89845,41.0,,,2,2023-06-17T14:20:32+00:00
BRA_443786,Brasília,5300108,,Marechal,351.3,https://moovitapp.com/index/pt-br/transporte_p%C3%BAblico-line-351_3-Brasilia-1702-851940-510249-0,-1.0,-15.86964,-48.019143,26.0,,,2,2023-06-17T14:20:32+00:00
BRA_445240,Brasília,5300108,,Marechal,0.378,https://moovitapp.com/index/pt-br/transporte_p%C3%BAblico-line-0_378-Brasilia-1702-851940-347150-0,-1.0,-15.836397,-48.11941,37.0,,,2,2023-06-17T14:20:32+00:00
BRA_440434,Brasília,5300108,,Marechal,260.3,https://moovitapp.com/index/pt-br/transporte_p%C3%BAblico-line-260_3-Brasilia-1702-851940-393566-0,-1.0,-15.99397,-47.9862,36.0,,,2,2023-06-17T14:20:32+00:00
BRA_440108,Brasília,5300108,,Marechal,355.3,https://moovitapp.com/index/pt-br/transporte_p%C3%BAblico-line-355_3-Brasilia-1702-851940-504343-0,-1.0,-15.803257,-48.023953,0.0,,,2,2023-06-17T14:20:32+00:00
BRA_440205,Brasília,5300108,,Marechal,0.205,https://moovitapp.com/index/pt-br/transporte_p%C3%BAblico-line-0_205-Brasilia-1702-851940-463646-0,-1.0,-15.827223,-48.062853,22.0,,,2,2023-06-17T14:20:32+00:00
BRA_442437,Brasília,5300108,,Urbi,0.347,https://moovitapp.com/index/pt-br/transporte_p%C3%BAblico-line-0_347-Brasilia-1702-851595-347128-0,-1.0,-15.818703,-47.98374,15.0,,,2,2023-06-17T14:20:32+00:00
BRA_440451,Brasília,5300108,,Marechal,959.1,https://moovitapp.com/index/pt-br/transporte_p%C3%BAblico-line-959_1-Brasilia-1702-851940-789939-0,-1.0,-15.865613,-48.033613,16.0,,,2,2023-06-17T14:20:32+00:00
BRA_440671,Brasília,5300108,,Urbi,805.9,https://moovitapp.com/index/pt-br/transporte_p%C3%BAblico-line-805_9-Brasilia-1702-851595-454983-0,-1.0,-15.85756,-48.04373,16.0,,,2,2023-06-17T14:20:32+00:00
BRA_440230,Brasília,5300108,,Marechal,0.234,https://moovitapp.com/index/pt-br/transporte_p%C3%BAblico-line-0_234-Brasilia-1702-851940-419623-0,-1.0,-15.869707,-48.037727,0.0,,,2,2023-06-17T13:52:19+00:00
BRA_444944,Brasília,5300108,,Marechal,304.1,https://moovitapp.com/index/pt-br/transporte_p%C3%BAblico-line-304_1-Brasilia-1702-851940-516636-0,-1.0,-15.81537,-48.101013,0.0,,,2,2023-06-17T14:20:32+00:00
BRA_445011,Brasília,5300108,,São José,359.2,https://moovitapp.com/index/pt-br/transporte_p%C3%BAblico-line-359_2-Brasilia-1702-851943-2068453-0,-1.0,-15.794033,-48.13794,31.0,,,2,2023-06-17T14:20:32+00:00
BRA_440019,Brasília,5300108,,Marechal,959.1,https://moovitapp.com/index/pt-br/transporte_p%C3%BAblico-line-959_1-Brasilia-1702-851940-789939-0,-1.0,-15.84987,-48.04189,24.0,,,2,2023-06-17T14:20:32+00:00
BRA_440736,Brasília,5300108,,Marechal,0.156,https://moovitapp.com/index/pt-br/transporte_p%C3%BAblico-line-0_156-Brasilia-1702-851940-242705-0,-1.0,-15.824913,-47.98052,0.0,,,2,2023-06-17T14:20:32+00:00
BRA_441201,Brasília,5300108,,Marechal,0.205,https://moovitapp.com/index/pt-br/transporte_p%C3%BAblico-line-0_205-Brasilia-1702-851940-463646-0,-1.0,-15.84917,-48.042263,26.0,,,2,2023-06-17T14:20:32+00:00
BRA_443701,Brasília,5300108,,Marechal,0.355,https://moovitapp.com/index/pt-br/transporte_p%C3%BAblico-line-0_355-Brasilia-1702-851940-504338-0,-1.0,-15.826173,-48.059617,4.0,,,2,2023-06-17T14:20:32+00:00
BRA_441431,Brasília,5300108,,Marechal,933.4,https://moovitapp.com/index/pt-br/transporte_p%C3%BAblico-line-933_4-Brasilia-1702-851940-656766-0,-1.0,-15.816637,-48.102823,31.0,,,2,2023-06-17T14:20:27+00:00
BRA_442399,Brasília,5300108,,Marechal,0.361,https://moovitapp.com/index/pt-br/transporte_p%C3%BAblico-line-0_361-Brasilia-1702-851940-376158-0,-1.0,-15.840797,-48.126733,0.0,,,2,2023-06-17T14:20:27+00:00
BRA_445304,Brasília,5300108,,Marechal,0.378,https://moovitapp.com/index/pt-br/transporte_p%C3%BAblico-line-0_378-Brasilia-1702-851940-347150-0,-1.0,-15.738023,-47.89931,0.0,,,2,2023-06-17T14:20:32+00:00
BRA_440337,Brasília,5300108,,Marechal,156.1,https://moovitapp.com/index/pt-br/transporte_p%C3%BAblico-line-156_1-Brasilia-1702-851940-242750-0,-1.0,-15.793547,-47.890317,67.0,,,2,2023-06-17T14:20:32+00:00
BRA_445258,Brasília,5300108,,Marechal,336.1,https://moovitapp.com/index/pt-br/transporte_p%C3%BAblico-line-336_1-Brasilia-1702-851940-347163-0,-1.0,-15.845003,-47.935417,59.0,,,2,2023-06-17T14:20:32+00:00
BRA_441481,Brasília,5300108,,Urbi,0.056,https://moovitapp.com/index/pt-br/transporte_p%C3%BAblico-line-0_056-Brasilia-1702-851595-588804-0,-1.0,-15.809563,-48.08859,11.0,,,2,2023-06-17T14:20:32+00:00
BRA_445274,Brasília,5300108,,Marechal,0.336,https://moovitapp.com/index/pt-br/transporte_p%C3%BAblico-line-0_336-Brasilia-1702-851940-347142-0,-1.0,-15.834643,-48.126607,20.0,,,2,2023-06-17T14:20:32+00:00
BRA_445371,Brasília,5300108,,Marechal,337.1,https://moovitapp.com/index/pt-br/transporte_p%C3%BAblico-line-337_1-Brasilia-1702-851940-347165-0,-1.0,-15.817747,-47.913347,15.0,,,2,2023-06-17T14:20:32+00:00
BRA_441465,Brasília,5300108,,Marechal,363.1,https://moovitapp.com/index/pt-br/transporte_p%C3%BAblico-line-363_1-Brasilia-1702-851940-504344-0,-1.0,-15.816827,-48.066393,45.0,,,2,2023-06-17T13:56:26+00:00
BRA_440043,Brasília,5300108,,Marechal,260.3,https://moovitapp.com/index/pt-br/transporte_p%C3%BAblico-line-260_3-Brasilia-1702-851940-393566-0,-1.0,-15.95949,-48.026187,38.0,,,2,2023-06-17T14:20:32+00:00
BRA_442411,Brasília,5300108,,Marechal,0.361,https://moovitapp.com/index/pt-br/transporte_p%C3%BAblico-line-0_361-Brasilia-1702-851940-376158-0,-1.0,-15.83901,-48.128617,0.0,,,2,2023-06-17T14:20:27+00:00
BRA_440264,Brasília,5300108,,Marechal,260.3,https://moovitapp.com/index/pt-br/transporte_p%C3%BAblico-line-260_3-Brasilia-1702-851940-393566-0,-1.0,-15.846527,-48.04333,10.0,,,2,2023-06-17T14:20:32+00:00
BRA_443247,Brasília,5300108,,Urbi,056.2,https://moovitapp.com/index/pt-br/transporte_p%C3%BAblico-line-056_2-Brasilia-1702-851595-492982-0,-1.0,-15.842113,-48.114593,40.0,,,2,2023-06-17T14:20:32+00:00
BRA_442445,Brasília,5300108,,Urbi,0.050,https://moovitapp.com/index/pt-br/transporte_p%C3%BAblico-line-0_050-Brasilia-1702-851595-781325-0,-1.0,-15.80671,-48.078833,21.0,,,2,2023-06-17T14:20:32+00:00
BRA_442267,Brasília,5300108,,Marechal,0.369,https://moovitapp.com/index/pt-br/transporte_p%C3%BAblico-line-0_369-Brasilia-1702-851940-500060-0,-1.0,-15.861513,-48.0412,20.0,,,2,2023-06-17T14:20:32+00:00
BRA_440035,Brasília,5300108,,Marechal,157.6,https://moovitapp.com/index/pt-br/transporte_p%C3%BAblico-line-157_6-Brasilia-1702-851940-419627-0,-1.0,-15.82179,-47.981213,48.0,,,2,2023-06-17T14:20:32+00:00
BRA_445398,Brasília,5300108,,Marechal,337.1,https://moovitapp.com/index/pt-br/transporte_p%C3%BAblico-line-337_1-Brasilia-1702-851940-347165-0,-1.0,-15.83429,-48.05949,0.0,,,2,2023-06-17T14:20:32+00:00
BRA_440027,Brasília,5300108,,Urbi,805.8,https://moovitapp.com/index/pt-br/transporte_p%C3%BAblico-line-805_8-Brasilia-1702-851595-454982-0,-1.0,-15.865367,-48.056027,0.0,,,2,2023-06-17T14:20:32+00:00
BRA_440248,Brasília,5300108,,Piracicabana,099.1,https://moovitapp.com/index/pt-br/transporte_p%C3%BAblico-line-099_1-Brasilia-1702-850942-775090-0,-1.0,-15.861593,-48.026197,29.0,,,2,2023-06-17T14:20:32+00:00
BRA_440426,Brasília,5300108,,Urbi,038.1,https://moovitapp.com/index/pt-br/transporte_p%C3%BAblico-line-038_1-Brasilia-1702-851595-781327-0,-1.0,-15.8076,-48.06605,0.0,,,2,2023-06-17T14:20:32+00:00
BRA_441856,Brasília,5300108,,Marechal,0.369,https://moovitapp.com/index/pt-br/transporte_p%C3%BAblico-line-0_369-Brasilia-1702-851940-500060-0,-1.0,-15.840603,-48.126797,0.0,,,2,2023-06-17T14:20:32+00:00
BRA_440795,Brasília,5300108,,Marechal,306.1,https://moovitapp.com/index/pt-br/transporte_p%C3%BAblico-line-306_1-Brasilia-1702-851940-510248-0,-1.0,-15.844583,-48.02078,45.0,,,2,2023-06-17T14:20:32+00:00
BRA_441511,Brasília,5300108,,Marechal,0.363,https://moovitapp.com/index/pt-br/transporte_p%C3%BAblico-line-0_363-Brasilia-1702-851940-504339-0,-1.0,-15.806183,-48.07005,22.0,,,2,2023-06-17T14:20:32+00:00
BRA_441830,Brasília,5300108,,Urbi,0.056,https://moovitapp.com/index/pt-br/transporte_p%C3%BAblico-line-0_056-Brasilia-1702-851595-588804-0,-1.0,-15.859327,-48.065467,58.0,,,2,2023-06-17T14:20:32+00:00
BRA_442623,Brasília,5300108,,Urbi,367.2,https://moovitapp.com/index/pt-br/transporte_p%C3%BAblico-line-367_2-Brasilia-1702-851595-454971-0,-1.0,-15.839847,-48.12944,0.0,,,2,2023-06-17T14:20:27+00:00
BRA_444715,Brasília,5300108,,Marechal,0.089,https://moovitapp.com/index/pt-br/transporte_p%C3%BAblico-line-0_089-Brasilia-1702-851940-706977-0,-1.0,-15.822553,-48.114793,0.0,,,2,2023-06-17T14:20:32+00:00
BRA_444723,Brasília,5300108,,Marechal,304.1,https://moovitapp.com/index/pt-br/transporte_p%C3%BAblico-line-304_1-Brasilia-1702-851940-516636-0,-1.0,-15.83693,-48.09376,0.0,,,2,2023-06-17T14:20:32+00:00
BRA_443051,Brasília,5300108,,Marechal,386.1,https://moovitapp.com/index/pt-br/transporte_p%C3%BAblico-line-386_1-Brasilia-1702-851940-775114-0,-1.0,-15.838927,-48.128797,0.0,,,2,2023-06-17T14:20:32+00:00
BRA_445126,Brasília,5300108,,Marechal,0.306,https://moovitapp.com/index/pt-br/transporte_p%C3%BAblico-line-0_306-Brasilia-1702-851940-242714-0,-1.0,-15.79402,-47.883183,0.0,,,2,2023-06-17T14:20:32+00:00
BRA_441660,Brasília,5300108,,São José,333.7,https://moovitapp.com/index/pt-br/transporte_p%C3%BAblico-line-333_7-Brasilia-1702-851943-2068454-0,-1.0,-15.801117,-48.134883,7.0,,,2,2023-06-17T14:20:32+00:00
BRA_442577,Brasília,5300108,,Urbi,056.4,https://moovitapp.com/index/pt-br/transporte_p%C3%BAblico-line-056_4-Brasilia-1702-851595-519387-0,-1.0,-15.862373,-48.076957,44.0,,,2,2023-06-17T14:20:32+00:00
BRA_443123,Brasília,5300108,,Marechal,361.1,https://moovitapp.com/index/pt-br/transporte_p%C3%BAblico-line-361_1-Brasilia-1702-851940-363861-0,-1.0,-15.83923,-48.127373,13.0,,,2,2023-06-17T14:20:32+00:00
BRA_443778,Brasília,5300108,,Marechal,0.951,https://moovitapp.com/index/pt-br/transporte_p%C3%BAblico-line-0_951-Brasilia-1702-851940-783578-0,-1.0,-15.867057,-48.037313,0.0,,,2,2023-06-17T14:20:32+00:00
BRA_440591,Brasília,5300108,,Marechal,355.3,https://moovitapp.com/index/pt-br/transporte_p%C3%BAblico-line-355_3-Brasilia-1702-851940-504343-0,-1.0,-15.867003,-48.037467,0.0,,,2,2023-06-17T14:20:27+00:00
BRA_440922,Brasília,5300108,,São José,0.092,https://moovitapp.com/index/pt-br/transporte_p%C3%BAblico-line-0_092-Brasilia-1702-851943-496589-0,-1.0,-15.874613,-47.972113,22.0,,,2,2023-06-17T14:20:32+00:00
BRA_444219,Brasília,5300108,,Marechal,363.2,https://moovitapp.com/index/pt-br/transporte_p%C3%BAblico-line-363_2-Brasilia-1702-851940-725443-0,-1.0,-15.839103,-48.129507,0.0,,,2,2023-06-17T13:53:01+00:00
BRA_440400,Brasília,5300108,,Marechal,154.2,https://moovitapp.com/index/pt-br/transporte_p%C3%BAblico-line-154_2-Brasilia-1702-851940-527234-0,-1.0,-15.869597,-48.037933,0.0,,,2,2023-06-17T14:20:27+00:00
BRA_444731,Brasília,5300108,,Marechal,0.383,https://moovitapp.com/index/pt-br/transporte_p%C3%BAblico-line-0_383-Brasilia-1702-851940-347151-0,-1.0,-15.839183,-48.127577,60.0,,,2,2023-06-17T14:20:32+00:00
BRA_440639,Brasília,5300108,,São José,157.8,https://moovitapp.com/index/pt-br/transporte_p%C3%BAblico-line-157_8-Brasilia-1702-851943-759503-0,-1.0,-15.840523,-47.965893,0.0,,,2,2023-06-17T14:20:27+00:00
BRA_440752,Brasília,5300108,,Marechal,959.1,https://moovitapp.com/index/pt-br/transporte_p%C3%BAblico-line-959_1-Brasilia-1702-851940-789939-0,-1.0,-15.820727,-48.068497,25.0,,,2,2023-06-17T14:20:32+00:00
BRA_440868,Brasília,5300108,,São José,0.092,https://moovitapp.com/index/pt-br/transporte_p%C3%BAblico-line-0_092-Brasilia-1702-851943-496589-0,-1.0,-15.831773,-48.058293,11.0,,,2,2023-06-17T14:13:07+00:00
BRA_440299,Brasília,5300108,,Marechal,0.205,https://moovitapp.com/index/pt-br/transporte_p%C3%BAblico-line-0_205-Brasilia-1702-851940-463646-0,-1.0,-15.91462,-48.0499,40.0,,,2,2023-06-17T14:20:32+00:00
BRA_441007,Brasília,5300108,,Marechal,355.2,https://moovitapp.com/index/pt-br/transporte_p%C3%BAblico-line-355_2-Brasilia-1702-851940-510251-0,-1.0,-15.8668,-48.032833,64.0,,,2,2023-06-17T13:32:39+00:00
BRA_444111,Brasília,5300108,,Marechal,933.3,https://moovitapp.com/index/pt-br/transporte_p%C3%BAblico-line-933_3-Brasilia-1702-851940-450287-0,-1.0,-15.83639,-48.11863,9.0,,,2,2023-06-17T14:20:32+00:00
BRA_443085,Brasília,5300108,,Marechal,363.1,https://moovitapp.com/index/pt-br/transporte_p%C3%BAblico-line-363_1-Brasilia-1702-851940-504344-0,-1.0,-15.839153,-48.129003,0.0,,,2,2023-06-17T14:20:27+00:00
BRA_442674,Brasília,5300108,,Marechal,0.089,https://moovitapp.com/index/pt-br/transporte_p%C3%BAblico-line-0_089-Brasilia-1702-851940-706977-0,-1.0,-15.82463,-47.977673,24.0,,,2,2023-06-17T14:20:32+00:00
BRA_440086,Brasília,5300108,,Marechal,0.162,https://moovitapp.com/index/pt-br/transporte_p%C3%BAblico-line-0_162-Brasilia-1702-851940-766836-0,-1.0,-15.84094,-47.965807,0.0,,,2,2023-06-17T14:20:32+00:00
BRA_442534,Brasília,5300108,,Urbi,372.4,https://moovitapp.com/index/pt-br/transporte_p%C3%BAblico-line-372_4-Brasilia-1702-851595-650087-0,-1.0,-15.879517,-48.1195,61.0,,,2,2023-06-17T14:20:32+00:00
BRA_444740,Brasília,5300108,,São José,332.1,https://moovitapp.com/index/pt-br/transporte_p%C3%BAblico-line-332_1-Brasilia-1702-851943-2068455-0,-1.0,-15.80443,-48.071613,0.0,,,2,2023-06-17T14:20:32+00:00
BRA_442879,Brasília,5300108,,Marechal,933.5,https://moovitapp.com/index/pt-br/transporte_p%C3%BAblico-line-933_5-Brasilia-1702-851940-766837-0,-1.0,-15.823583,-48.060537,28.0,,,2,2023-06-17T14:20:32+00:00
BRA_443417,Brasília,5300108,,Marechal,933.3,https://moovitapp.com/index/pt-br/transporte_p%C3%BAblico-line-933_3-Brasilia-1702-851940-450287-0,-1.0,-15.80398,-48.07109,37.0,,,2,2023-06-17T14:20:32+00:00
BRA_441333,Brasília,5300108,,Piracicabana,099.1,https://moovitapp.com/index/pt-br/transporte_p%C3%BAblico-line-099_1-Brasilia-1702-850942-775090-0,-1.0,-15.794923,-47.93396,0.0,,,2,2023-06-17T14:20:32+00:00
BRA_441295,Brasília,5300108,,Marechal,0.351,https://moovitapp.com/index/pt-br/transporte_p%C3%BAblico-line-0_351-Brasilia-1702-851940-510246-0,-1.0,-15.866873,-48.037477,0.0,,,2,2023-06-17T14:20:32+00:00
BRA_441104,Brasília,5300108,,Urbi,0.823,https://moovitapp.com/index/pt-br/transporte_p%C3%BAblico-line-0_823-Brasilia-1702-851595-401625-0,-1.0,-15.93329,-48.10846,0.0,,,2,2023-06-17T14:20:27+00:00
BRA_443069,Brasília,5300108,,Urbi,056.4,https://moovitapp.com/index/pt-br/transporte_p%C3%BAblico-line-056_4-Brasilia-1702-851595-519387-0,-1.0,-15.822483,-48.114657,0.0,,,2,2023-06-17T14:20:32+00:00
BRA_442640,Brasília,5300108,,São José,333.6,https://moovitapp.com/index/pt-br/transporte_p%C3%BAblico-line-333_6-Brasilia-1702-851943-2068452-0,-1.0,-15.83572,-48.088333,42.0,,,2,2023-06-17T14:20:32+00:00
BRA_440191,Brasília,5300108,,Marechal,351.3,https://moovitapp.com/index/pt-br/transporte_p%C3%BAblico-line-351_3-Brasilia-1702-851940-510249-0,-1.0,-15.805857,-48.070143,0.0,,,2,2023-06-17T14:20:32+00:00
BRA_444120,Brasília,5300108,,Marechal,933.2,https://moovitapp.com/index/pt-br/transporte_p%C3%BAblico-line-933_2-Brasilia-1702-851940-717428-0,-1.0,-15.851647,-48.115147,6.0,,,2,2023-06-17T14:20:32+00:00
BRA_440663,Brasília,5300108,,Marechal,206.1,https://moovitapp.com/index/pt-br/transporte_p%C3%BAblico-line-206_1-Brasilia-1702-851940-137149861-0,-1.0,-15.869567,-48.03763,0.0,,,2,2023-06-17T14:20:32+00:00
BRA_440825,Brasília,5300108,,Marechal,260.3,https://moovitapp.com/index/pt-br/transporte_p%C3%BAblico-line-260_3-Brasilia-1702-851940-393566-0,-1.0,-15.828027,-48.058987,32.0,,,2,2023-06-17T14:20:32+00:00
BRA_440761,Brasília,5300108,,Urbi,038.1,https://moovitapp.com/index/pt-br/transporte_p%C3%BAblico-line-038_1-Brasilia-1702-851595-781327-0,-1.0,-15.876317,-48.017123,45.0,,,2,2023-06-17T14:18:11+00:00
BRA_445312,Brasília,5300108,,Marechal,0.378,https://moovitapp.com/index/pt-br/transporte_p%C3%BAblico-line-0_378-Brasilia-1702-851940-347150-0,-1.0,-15.846063,-48.10714,39.0,,,2,2023-06-17T14:20:32+00:00
BRA_440779,Brasília,5300108,,Marechal,355.1,https://moovitapp.com/index/pt-br/transporte_p%C3%BAblico-line-355_1-Brasilia-1702-851940-729097-0,-1.0,-15.80569,-48.070243,30.0,,,2,2023-06-17T14:20:32+00:00
BRA_443883,Brasília,5300108,,Marechal,959.2,https://moovitapp.com/index/pt-br/transporte_p%C3%BAblico-line-959_2-Brasilia-1702-851940-66561063-0,-1.0,-15.867273,-48.02172,21.0,,,2,2023-06-17T14:20:32+00:00
BRA_440621,Brasília,5300108,,Marechal,0.376,https://moovitapp.com/index/pt-br/transporte_p%C3%BAblico-line-0_376-Brasilia-1702-851940-242726-0,-1.0,-15.7366,-47.89826,0.0,,,2,2023-06-17T14:20:32+00:00
BRA_441805,Brasília,5300108,,Marechal,933.5,https://moovitapp.com/index/pt-br/transporte_p%C3%BAblico-line-933_5-Brasilia-1702-851940-766837-0,-1.0,-15.862533,-48.034713,56.0,,,2,2023-06-17T14:20:32+00:00
BRA_443387,Brasília,5300108,,Marechal,0.043,https://moovitapp.com/index/pt-br/transporte_p%C3%BAblico-line-0_043-Brasilia-1702-851940-781330-0,-1.0,-15.79758,-48.01702,41.0,,,2,2023-06-17T14:20:32+00:00
BRA_441422,Brasília,5300108,,Marechal,0.363,https://moovitapp.com/index/pt-br/transporte_p%C3%BAblico-line-0_363-Brasilia-1702-851940-504339-0,-1.0,-15.833657,-48.060227,29.0,,,2,2023-06-17T14:20:32+00:00
BRA_445266,Brasília,5300108,,Marechal,0.336,https://moovitapp.com/index/pt-br/transporte_p%C3%BAblico-line-0_336-Brasilia-1702-851940-347142-0,-1.0,-15.835877,-48.069113,51.0,,,2,2023-06-17T14:20:32+00:00
BRA_440833,Brasília,5300108,,Marechal,156.1,https://moovitapp.com/index/pt-br/transporte_p%C3%BAblico-line-156_1-Brasilia-1702-851940-242750-0,-1.0,-15.73924,-47.89872,0.0,,,2,2023-06-17T14:20:32+00:00
BRA_443301,Brasília,5300108,,Marechal,0.089,https://moovitapp.com/index/pt-br/transporte_p%C3%BAblico-line-0_089-Brasilia-1702-851940-706977-0,-1.0,-15.823617,-48.096027,13.0,,,2,2023-06-17T14:20:32+00:00
BRA_445321,Brasília,5300108,,Marechal,337.1,https://moovitapp.com/index/pt-br/transporte_p%C3%BAblico-line-337_1-Brasilia-1702-851940-347165-0,-1.0,-15.839163,-48.129007,0.0,,,2,2023-06-17T14:20:32+00:00
BRA_445142,Brasília,5300108,,Marechal,0.306,https://moovitapp.com/index/pt-br/transporte_p%C3%BAblico-line-0_306-Brasilia-1702-851940-242714-0,-1.0,-15.867133,-48.03735,0.0,,,2,2023-06-17T14:20:32+00:00
BRA_440566,Brasília,5300108,,Urbi,805.2,https://moovitapp.com/index/pt-br/transporte_p%C3%BAblico-line-805_2-Brasilia-1702-851595-454981-0,-1.0,-15.903277,-48.062313,26.0,,,2,2023-06-17T14:20:32+00:00
BRA_442119,Brasília,5300108,,Marechal,0.383,https://moovitapp.com/index/pt-br/transporte_p%C3%BAblico-line-0_383-Brasilia-1702-851940-347151-0,-1.0,-15.79766,-48.05598,11.0,,,2,2023-06-17T14:20:32+00:00
BRA_441376,Brasília,5300108,,Marechal,157.6,https://moovitapp.com/index/pt-br/transporte_p%C3%BAblico-line-157_6-Brasilia-1702-851940-419627-0,-1.0,-15.845663,-47.96806,19.0,,,2,2023-06-17T14:20:32+00:00
BRA_445231,Brasília,5300108,,Marechal,337.1,https://moovitapp.com/index/pt-br/transporte_p%C3%BAblico-line-337_1-Brasilia-1702-851940-347165-0,-1.0,-15.830627,-48.054693,0.0,,,2,2023-06-17T14:20:32+00:00
BRA_442208,Brasília,5300108,,Marechal,0.361,https://moovitapp.com/index/pt-br/transporte_p%C3%BAblico-line-0_361-Brasilia-1702-851940-376158-0,-1.0,-15.840307,-48.12969,0.0,,,2,2023-06-17T14:20:32+00:00
BRA_441759,Brasília,5300108,,Marechal,0.942,https://moovitapp.com/index/pt-br/transporte_p%C3%BAblico-line-0_942-Brasilia-1702-851940-347158-0,-1.0,-15.839967,-48.129593,0.0,,,2,2023-06-17T14:20:32+00:00
BRA_442542,Brasília,5300108,,São José,332.1,https://moovitapp.com/index/pt-br/transporte_p%C3%BAblico-line-332_1-Brasilia-1702-851943-2068455-0,-1.0,-15.819073,-48.108743,25.0,,,2,2023-06-17T11:27:15+00:00
BRA_443298,Brasília,5300108,,Urbi,0.050,https://moovitapp.com/index/pt-br/transporte_p%C3%BAblico-line-0_050-Brasilia-1702-851595-781325-0,-1.0,-15.880803,-48.122543,26.0,,,2,2023-06-17T14:20:32+00:00
BRA_441244,Brasília,5300108,,São José,0.092,https://moovitapp.com/index/pt-br/transporte_p%C3%BAblico-line-0_092-Brasilia-1702-851943-496589-0,-1.0,-15.839267,-48.04363,22.0,,,2,2023-06-17T14:20:27+00:00
BRA_440132,Brasília,5300108,,Piracicabana,099.1,https://moovitapp.com/index/pt-br/transporte_p%C3%BAblico-line-099_1-Brasilia-1702-850942-775090-0,-1.0,-15.837073,-48.047857,4.0,,,2,2023-06-17T14:20:32+00:00
BRA_440124,Brasília,5300108,,Marechal,0.090,https://moovitapp.com/index/pt-br/transporte_p%C3%BAblico-line-0_090-Brasilia-1702-851940-242702-0,-1.0,-15.848807,-47.962867,0.0,,,2,2023-06-17T14:20:32+00:00
BRA_441767,Brasília,5300108,,Marechal,0.361,https://moovitapp.com/index/pt-br/transporte_p%C3%BAblico-line-0_361-Brasilia-1702-851940-376158-0,-1.0,-15.84258,-48.10878,23.0,,,2,2023-06-17T14:20:32+00:00
BRA_443344,Brasília,5300108,,Marechal,932.2,https://moovitapp.com/index/pt-br/transporte_p%C3%BAblico-line-932_2-Brasilia-1702-851940-3494666-0,-1.0,-15.815103,-47.91,41.0,,,2,2023-06-17T14:20:32+00:00
BRA_441155,Brasília,5300108,,Marechal,0.205,https://moovitapp.com/index/pt-br/transporte_p%C3%BAblico-line-0_205-Brasilia-1702-851940-463646-0,-1.0,-16.019977,-48.06681,0.0,,,2,2023-06-17T14:20:32+00:00
BRA_441236,Brasília,5300108,,Marechal,355.2,https://moovitapp.com/index/pt-br/transporte_p%C3%BAblico-line-355_2-Brasilia-1702-851940-510251-0,-1.0,-15.797623,-48.018677,27.0,,,2,2023-06-17T14:20:32+00:00
BRA_442631,Brasília,5300108,,Marechal,383.3,https://moovitapp.com/index/pt-br/transporte_p%C3%BAblico-line-383_3-Brasilia-1702-851940-88144102-0,-1.0,-15.853167,-48.131087,4.0,,,2,2023-06-17T14:20:32+00:00
BRA_443603,Brasília,5300108,,Marechal,0.357,https://moovitapp.com/index/pt-br/transporte_p%C3%BAblico-line-0_357-Brasilia-1702-851940-775109-0,-1.0,-15.820967,-48.06496,50.0,,,2,2023-06-17T14:12:25+00:00
BRA_443689,Brasília,5300108,,Marechal,959.2,https://moovitapp.com/index/pt-br/transporte_p%C3%BAblico-line-959_2-Brasilia-1702-851940-66561063-0,-1.0,-15.867157,-48.037563,0.0,,,2,2023-06-17T14:20:32+00:00
BRA_444162,Brasília,5300108,,Marechal,933.2,https://moovitapp.com/index/pt-br/transporte_p%C3%BAblico-line-933_2-Brasilia-1702-851940-717428-0,-1.0,-15.839827,-48.13023,0.0,,,2,2023-06-17T14:20:32+00:00
BRA_443204,Brasília,5300108,,Urbi,0.054,https://moovitapp.com/index/pt-br/transporte_p%C3%BAblico-line-0_054-Brasilia-1702-851595-454960-0,-1.0,-15.865007,-48.055533,36.0,,,2,2023-06-17T14:20:27+00:00
BRA_441317,Brasília,5300108,,Marechal,959.1,https://moovitapp.com/index/pt-br/transporte_p%C3%BAblico-line-959_1-Brasilia-1702-851940-789939-0,-1.0,-15.81213,-48.09394,17.0,,,2,2023-06-17T14:20:32+00:00
BRA_443492,Brasília,5300108,,Marechal,361.1,https://moovitapp.com/index/pt-br/transporte_p%C3%BAblico-line-361_1-Brasilia-1702-851940-363861-0,-1.0,-15.84106,-48.04584,39.0,,,2,2023-06-17T14:20:32+00:00
BRA_443379,Brasília,5300108,,Marechal,0.089,https://moovitapp.com/index/pt-br/transporte_p%C3%BAblico-line-0_089-Brasilia-1702-851940-706977-0,-1.0,-15.80502,-48.074533,22.0,,,2,2023-06-17T14:20:32+00:00
BRA_441694,Brasília,5300108,,Marechal,336.1,https://moovitapp.com/index/pt-br/transporte_p%C3%BAblico-line-336_1-Brasilia-1702-851940-347163-0,-1.0,-15.840733,-48.126713,0.0,,,2,2023-06-17T14:20:32+00:00
BRA_441864,Brasília,5300108,,Marechal,0.383,https://moovitapp.com/index/pt-br/transporte_p%C3%BAblico-line-0_383-Brasilia-1702-851940-347151-0,-1.0,-15.82257,-48.10658,26.0,,,2,2023-06-17T14:20:32+00:00
BRA_441171,Brasília,5300108,,Marechal,355.2,https://moovitapp.com/index/pt-br/transporte_p%C3%BAblico-line-355_2-Brasilia-1702-851940-510251-0,-1.0,-15.81155,-48.064683,0.0,,,2,2023-06-17T14:20:32+00:00
BRA_441414,Brasília,5300108,,Marechal,933.4,https://moovitapp.com/index/pt-br/transporte_p%C3%BAblico-line-933_4-Brasilia-1702-851940-656766-0,-1.0,-15.835537,-48.12787,28.0,,,2,2023-06-17T14:20:32+00:00
BRA_441783,Brasília,5300108,,Urbi,0.399,https://moovitapp.com/index/pt-br/transporte_p%C3%BAblico-line-0_399-Brasilia-1702-851595-454964-0,-1.0,-15.895483,-48.123323,4.0,,,2,2023-06-17T14:20:32+00:00
BRA_442330,Brasília,5300108,,Marechal,933.5,https://moovitapp.com/index/pt-br/transporte_p%C3%BAblico-line-933_5-Brasilia-1702-851940-766837-0,-1.0,-15.837027,-48.13746,43.0,,,2,2023-06-17T14:20:32+00:00
BRA_443662,Brasília,5300108,,São José,157.5,https://moovitapp.com/index/pt-br/transporte_p%C3%BAblico-line-157_5-Brasilia-1702-851943-57327146-0,-1.0,-15.84077,-47.965773,0.0,,,2,2023-06-17T14:20:32+00:00
BRA_443999,Brasília,5300108,,Urbi,0.898,https://moovitapp.com/index/pt-br/transporte_p%C3%BAblico-line-0_898-Brasilia-1702-851595-322394-0,-1.0,-15.839847,-48.129933,0.0,,,2,2023-06-17T14:20:32+00:00
BRA_441350,Brasília,5300108,,São José,0.092,https://moovitapp.com/index/pt-br/transporte_p%C3%BAblico-line-0_092-Brasilia-1702-851943-496589-0,-1.0,-15.849787,-48.04195,35.0,,,2,2023-06-17T14:20:32+00:00
BRA_445045,Brasília,5300108,,Urbi,0.898,https://moovitapp.com/index/pt-br/transporte_p%C3%BAblico-line-0_898-Brasilia-1702-851595-322394-0,-1.0,-15.84109,-48.126887,0.0,,,2,2023-06-17T14:20:32+00:00
BRA_444791,Brasília,5300108,,Marechal,304.1,https://moovitapp.com/index/pt-br/transporte_p%C3%BAblico-line-304_1-Brasilia-1702-851940-516636-0,-1.0,-15.819403,-48.01665,71.0,,,2,2023-06-17T14:20:32+00:00
BRA_444804,Brasília,5300108,,Marechal,0.089,https://moovitapp.com/index/pt-br/transporte_p%C3%BAblico-line-0_089-Brasilia-1702-851940-706977-0,-1.0,-15.845943,-47.970353,58.0,,,2,2023-06-17T14:20:32+00:00
BRA_444979,Brasília,5300108,,Urbi,367.2,https://moovitapp.com/index/pt-br/transporte_p%C3%BAblico-line-367_2-Brasilia-1702-851595-454971-0,-1.0,-15.85444,-48.071563,8.0,,,2,2023-06-17T14:18:37+00:00
BRA_444910,Brasília,5300108,,Marechal,0.089,https://moovitapp.com/index/pt-br/transporte_p%C3%BAblico-line-0_089-Brasilia-1702-851940-706977-0,-1.0,-15.846377,-48.122187,22.0,,,2,2023-06-17T14:20:32+00:00
BRA_445096,Brasília,5300108,,Urbi,0.054,https://moovitapp.com/index/pt-br/transporte_p%C3%BAblico-line-0_054-Brasilia-1702-851595-454960-0,-1.0,-15.892593,-48.10886,0.0,,,2,2023-06-17T14:11:54+00:00
BRA_445088,Brasília,5300108,,São José,332.1,https://moovitapp.com/index/pt-br/transporte_p%C3%BAblico-line-332_1-Brasilia-1702-851943-2068455-0,-1.0,-15.801543,-48.135237,27.0,,,2,2023-06-17T14:20:32+00:00
BRA_444855,Brasília,5300108,,Marechal,0.043,https://moovitapp.com/index/pt-br/transporte_p%C3%BAblico-line-0_043-Brasilia-1702-851940-781330-0,-1.0,-15.794513,-48.046677,0.0,,,2,2023-06-17T14:20:32+00:00
BRA_444987,Brasília,5300108,,Marechal,0.383,https://moovitapp.com/index/pt-br/transporte_p%C3%BAblico-line-0_383-Brasilia-1702-851940-347151-0,-1.0,-15.805997,-48.0766,7.0,,,2,2023-06-17T14:18:26+00:00
BRA_444928,Brasília,5300108,,Marechal,0.383,https://moovitapp.com/index/pt-br/transporte_p%C3%BAblico-line-0_383-Brasilia-1702-851940-347151-0,-1.0,-15.840877,-48.12658,10.0,,,2,2023-06-17T14:20:32+00:00
BRA_444863,Brasília,5300108,,Marechal,361.1,https://moovitapp.com/index/pt-br/transporte_p%C3%BAblico-line-361_1-Brasilia-1702-851940-363861-0,-1.0,-15.848207,-48.11014,33.0,,,2,2023-06-17T14:20:32+00:00
BRA_445029,Brasília,5300108,,Marechal,0.089,https://moovitapp.com/index/pt-br/transporte_p%C3%BAblico-line-0_089-Brasilia-1702-851940-706977-0,-1.0,-15.833877,-47.986667,47.0,,,2,2023-06-17T14:20:27+00:00
BRA_445070,Brasília,5300108,,São José,350.1,https://moovitapp.com/index/pt-br/transporte_p%C3%BAblico-line-350_1-Brasilia-1702-851943-2068450-0,-1.0,-15.840617,-48.126863,0.0,,,2,2023-06-17T14:20:06+00:00
BRA_445037,Brasília,5300108,,Marechal,0.383,https://moovitapp.com/index/pt-br/transporte_p%C3%BAblico-line-0_383-Brasilia-1702-851940-347151-0,-1.0,-15.792637,-47.95538,66.0,,,2,2023-06-17T14:20:32+00:00
BRA_444758,Brasília,5300108,,Marechal,361.1,https://moovitapp.com/index/pt-br/transporte_p%C3%BAblico-line-361_1-Brasilia-1702-851940-363861-0,-1.0,-15.833363,-48.06075,41.0,,,2,2023-06-17T14:03:15+00:00
BRA_444782,Brasília,5300108,,Urbi,393.6,https://moovitapp.com/index/pt-br/transporte_p%C3%BAblico-line-393_6-Brasilia-1702-851595-588817-0,-1.0,-15.871733,-48.0298,37.0,,,2,2023-06-17T14:20:32+00:00
BRA_444812,Brasília,5300108,,Urbi,0.367,https://moovitapp.com/index/pt-br/transporte_p%C3%BAblico-line-0_367-Brasilia-1702-851595-519380-0,-1.0,-15.865697,-48.09544,6.0,,,2,2023-06-17T14:20:32+00:00
BRA_444961,Brasília,5300108,,Marechal,304.1,https://moovitapp.com/index/pt-br/transporte_p%C3%BAblico-line-304_1-Brasilia-1702-851940-516636-0,-1.0,-15.76723,-47.935717,18.0,,,2,2023-06-17T14:20:32+00:00
BRA_444871,Brasília,5300108,,Marechal,363.2,https://moovitapp.com/index/pt-br/transporte_p%C3%BAblico-line-363_2-Brasilia-1702-851940-725443-0,-1.0,-15.808817,-48.085217,24.0,,,2,2023-06-17T14:20:32+00:00
BRA_444766,Brasília,5300108,,Urbi,372.5,https://moovitapp.com/index/pt-br/transporte_p%C3%BAblico-line-372_5-Brasilia-1702-851595-519391-0,-1.0,-15.885603,-48.118613,23.0,,,2,2023-06-17T14:20:32+00:00
BRA_445118,Brasília,5300108,,Marechal,0.305,https://moovitapp.com/index/pt-br/transporte_p%C3%BAblico-line-0_305-Brasilia-1702-851940-775108-0,-1.0,-15.84382,-48.049787,18.0,,,2,2023-06-17T14:20:32+00:00
BRA_443611,Brasília,5300108,,Marechal,0.355,https://moovitapp.com/index/pt-br/transporte_p%C3%BAblico-line-0_355-Brasilia-1702-851940-504338-0,-1.0,-15.862997,-48.03456,55.0,,,2,2023-06-17T14:20:32+00:00
BRA_440647,Brasília,5300108,,Piracicabana,099.1,https://moovitapp.com/index/pt-br/transporte_p%C3%BAblico-line-099_1-Brasilia-1702-850942-775090-0,-1.0,-15.793383,-47.94369,32.0,,,2,2023-06-17T14:20:32+00:00
BRA_444880,Brasília,5300108,,São José,359.2,https://moovitapp.com/index/pt-br/transporte_p%C3%BAblico-line-359_2-Brasilia-1702-851943-2068453-0,-1.0,-15.80787,-48.157147,0.0,,,2,2023-06-17T14:20:32+00:00
BRA_440884,Brasília,5300108,,Marechal,206.1,https://moovitapp.com/index/pt-br/transporte_p%C3%BAblico-line-206_1-Brasilia-1702-851940-137149861-0,-1.0,-16.020403,-48.06712,0.0,,,2,2023-06-17T14:20:27+00:00
BRA_444651,Brasília,5300108,,Marechal,363.2,https://moovitapp.com/index/pt-br/transporte_p%C3%BAblico-line-363_2-Brasilia-1702-851940-725443-0,-1.0,-15.847537,-48.121377,46.0,,,2,2023-06-17T14:20:32+00:00
BRA_440442,Brasília,5300108,,Marechal,156.8,https://moovitapp.com/index/pt-br/transporte_p%C3%BAblico-line-156_8-Brasilia-1702-851940-312445-0,-1.0,-15.820323,-47.98669,0.0,,,2,2023-06-17T14:20:32+00:00
BRA_440914,Brasília,5300108,,São José,157.8,https://moovitapp.com/index/pt-br/transporte_p%C3%BAblico-line-157_8-Brasilia-1702-851943-759503-0,-1.0,-15.837723,-47.98551,23.0,,,2,2023-06-17T14:20:32+00:00
BRA_440256,Brasília,5300108,,Urbi,805.9,https://moovitapp.com/index/pt-br/transporte_p%C3%BAblico-line-805_9-Brasilia-1702-851595-454983-0,-1.0,-15.869583,-48.03778,0.0,,,2,2023-06-17T14:20:32+00:00
BRA_442682,Brasília,5300108,,Marechal,933.6,https://moovitapp.com/index/pt-br/transporte_p%C3%BAblico-line-933_6-Brasilia-1702-851940-3494672-0,-1.0,-15.834347,-48.11979,29.0,,,2,2023-06-17T14:20:32+00:00
BRA_444901,Brasília,5300108,,Marechal,383.3,https://moovitapp.com/index/pt-br/transporte_p%C3%BAblico-line-383_3-Brasilia-1702-851940-88144102-0,-1.0,-15.79057,-47.89956,39.0,,,2,2023-06-17T14:18:58+00:00
BRA_441309,Brasília,5300108,,Urbi,0.872,https://moovitapp.com/index/pt-br/transporte_p%C3%BAblico-line-0_872-Brasilia-1702-851595-466291-0,-1.0,-15.92062,-48.05212,0.0,,,2,2023-06-17T14:20:32+00:00
BRA_443913,Brasília,5300108,,Marechal,363.1,https://moovitapp.com/index/pt-br/transporte_p%C3%BAblico-line-363_1-Brasilia-1702-851940-504344-0,-1.0,-15.839787,-48.130057,0.0,,,2,2023-06-17T14:20:32+00:00
BRA_443638,Brasília,5300108,,Marechal,0.951,https://moovitapp.com/index/pt-br/transporte_p%C3%BAblico-line-0_951-Brasilia-1702-851940-783578-0,-1.0,-15.842003,-48.04611,46.0,,,2,2023-06-17T14:20:32+00:00
BRA_442518,Brasília,5300108,,Marechal,933.5,https://moovitapp.com/index/pt-br/transporte_p%C3%BAblico-line-933_5-Brasilia-1702-851940-766837-0,-1.0,-15.83992,-48.129367,0.0,,,2,2023-06-17T13:23:04+00:00
BRA_443808,Brasília,5300108,,Marechal,157.1,https://moovitapp.com/index/pt-br/transporte_p%C3%BAblico-line-157_1-Brasilia-1702-851940-88144062-0,-1.0,-15.798133,-47.955153,26.0,,,2,2023-06-17T14:20:32+00:00
BRA_445169,Brasília,5300108,,Marechal,0.305,https://moovitapp.com/index/pt-br/transporte_p%C3%BAblico-line-0_305-Brasilia-1702-851940-775108-0,-1.0,-15.830133,-48.036573,63.0,,,2,2023-06-17T14:20:32+00:00
BRA_441341,Brasília,5300108,,Marechal,959.1,https://moovitapp.com/index/pt-br/transporte_p%C3%BAblico-line-959_1-Brasilia-1702-851940-789939-0,-1.0,-15.869703,-48.03121,59.0,,,2,2023-06-17T13:30:55+00:00
BRA_230189,Brasília,5300108,,Pioneira,0.255,https://moovitapp.com/index/pt-br/transporte_p%C3%BAblico-line-0_255-Brasilia-1702-851941-706978-0,-1.0,-16.003754,-47.98711,,,,1,2023-06-17T14:20:10+00:00
BRA_227676,Brasília,5300108,,Pioneira,147.5,https://moovitapp.com/index/pt-br/transporte_p%C3%BAblico-line-147_5-Brasilia-1702-851941-519406-0,-1.0,-15.840648,-47.823822,,,,2,2023-06-17T14:20:28+00:00
BRA_223930,Brasília,5300108,,Pioneira,2307,https://moovitapp.com/index/pt-br/transporte_p%C3%BAblico-line-2307-Brasilia-1702-851941-18556638-0,-1.0,-15.953064,-47.994345,,,,1,2023-06-14T10:16:34+00:00
BRA_227901,Brasília,5300108,,Pioneira,147.5,https://moovitapp.com/index/pt-br/transporte_p%C3%BAblico-line-147_5-Brasilia-1702-851941-519406-0,-1.0,-15.902568,-47.767574,,,,1,2023-06-17T13:46:14+00:00
BRA_228770,Brasília,5300108,,Pioneira,183.2,https://moovitapp.com/index/pt-br/transporte_p%C3%BAblico-line-183_2-Brasilia-1702-851941-242920-0,-1.0,-15.908545,-47.760365,,,,1,2023-06-17T14:20:12+00:00
BRA_231967,Brasília,5300108,,Pioneira,197.3,https://moovitapp.com/index/pt-br/transporte_p%C3%BAblico-line-197_3-Brasilia-1702-851941-519409-0,-1.0,-15.806863,-47.85303,,,,2,2023-06-17T14:00:46+00:00
BRA_231321,Brasília,5300108,,Taguatur,3304,https://moovitapp.com/index/pt-br/transporte_p%C3%BAblico-line-3304-Brasilia-1702-854428-21462346-0,-1.0,-16.002028,-47.985972,,,,1,2023-06-17T14:20:38+00:00
BRA_228508,Brasília,5300108,,Pioneira,0.253,https://moovitapp.com/index/pt-br/transporte_p%C3%BAblico-line-0_253-Brasilia-1702-851941-510254-0,-1.0,-15.865116,-48.056324,,,,1,2023-06-17T14:20:32+00:00
BRA_232165,Brasília,5300108,,Pioneira,205.1,https://moovitapp.com/index/pt-br/transporte_p%C3%BAblico-line-205_1-Brasilia-1702-851941-393571-0,-1.0,-15.8383,-48.047213,,,,1,2023-06-17T14:20:16+00:00
BRA_232521,Brasília,5300108,,Pioneira,2207,https://moovitapp.com/index/pt-br/transporte_p%C3%BAblico-line-2207-Brasilia-1702-851941-422078-0,-1.0,-15.794336,-47.890312,,,,1,2023-06-17T14:20:40+00:00
BRA_229954,Brasília,5300108,,Pioneira,205.1,https://moovitapp.com/index/pt-br/transporte_p%C3%BAblico-line-205_1-Brasilia-1702-851941-393571-0,-1.0,-15.807605,-48.066026,,,,2,2023-06-17T14:20:24+00:00
BRA_228265,Brasília,5300108,,Taguatur,3305,https://moovitapp.com/index/pt-br/transporte_p%C3%BAblico-line-3305-Brasilia-1702-854428-77810673-0,-1.0,-16.049216,-47.99404,,,,1,2023-06-17T14:20:38+00:00
BRA_226220,Brasília,5300108,,UTB,2302,https://moovitapp.com/index/pt-br/transporte_p%C3%BAblico-line-2302-Brasilia-1702-854427-744298-0,-1.0,-15.845219,-47.931447,,,,1,2023-06-16T12:33:00+00:00
BRA_229385,Brasília,5300108,,Pioneira,764.2,https://moovitapp.com/index/pt-br/transporte_p%C3%BAblico-line-764_2-Brasilia-1702-851941-527246-0,-1.0,-15.815223,-47.839341,,,,2,2023-06-17T14:20:30+00:00
BRA_227269,Brasília,5300108,,Pioneira,147.5,https://moovitapp.com/index/pt-br/transporte_p%C3%BAblico-line-147_5-Brasilia-1702-851941-519406-0,-1.0,-15.783854,-47.895214,,,,1,2023-06-17T14:21:12+00:00
BRA_231444,Brasília,5300108,,Pioneira,183.8,https://moovitapp.com/index/pt-br/transporte_p%C3%BAblico-line-183_8-Brasilia-1702-851941-719958-0,-1.0,-15.904805,-47.77371,,,,1,2023-06-17T14:19:56+00:00
BRA_230111,Brasília,5300108,,Taguatur,3302,https://moovitapp.com/index/pt-br/transporte_p%C3%BAblico-line-3302-Brasilia-1702-854428-3135322-0,-1.0,-16.011899,-48.010834,,,,1,2023-06-17T14:20:28+00:00
BRA_230120,Brasília,5300108,,Taguatur,3303,https://moovitapp.com/index/pt-br/transporte_p%C3%BAblico-line-3303-Brasilia-1702-854428-2224148-0,-1.0,-16.014693,-48.005875,,,,1,2023-06-17T14:19:46+00:00
BRA_232297,Brasília,5300108,,Pioneira,020.2,https://moovitapp.com/index/pt-br/transporte_p%C3%BAblico-line-020_2-Brasilia-1702-851941-708653-0,-1.0,-16.033414,-48.027065,,,,1,2023-06-17T14:15:50+00:00
BRA_229032,Brasília,5300108,,Urbi,119.0,https://moovitapp.com/index/pt-br/transporte_p%C3%BAblico-line-119_0-Brasilia-1702-851595-139513625-0,-1.0,-15.87012,-47.957902,,,,1,2023-06-17T14:19:58+00:00
BRA_232629,Brasília,5300108,,,2202,,,-15.875684,-47.957781,,,,1,2023-06-17T14:20:54+00:00
BRA_228249,Brasília,5300108,,Pioneira,2310,https://moovitapp.com/index/pt-br/transporte_p%C3%BAblico-line-2310-Brasilia-1702-851941-57764377-0,-1.0,-15.783304,-47.895246,,,,2,2023-06-17T14:20:40+00:00
BRA_228516,Brasília,5300108,,Pioneira,784.3,https://moovitapp.com/index/pt-br/transporte_p%C3%BAblico-line-784_3-Brasilia-1702-851941-46904557-0,-1.0,-15.747712,-47.767237,,,,1,2023-06-17T14:19:44+00:00
BRA_231754,Brasília,5300108,,Pioneira,0.102,https://moovitapp.com/index/pt-br/transporte_p%C3%BAblico-line-0_102-Brasilia-1702-851941-775119-0,-1.0,-15.858197,-47.926838,,,,1,2023-06-17T14:20:46+00:00
BRA_228303,Brasília,5300108,,,3206,,,-15.99236,-48.049928,,,,1,2023-06-17T14:19:52+00:00
BRA_232432,Brasília,5300108,,,3301,,,-16.002089,-47.987199,,,,1,2023-06-17T14:20:20+00:00
BRA_232025,Brasília,5300108,,Pioneira,197.3,https://moovitapp.com/index/pt-br/transporte_p%C3%BAblico-line-197_3-Brasilia-1702-851941-519409-0,-1.0,-15.840694,-47.839005,,,,1,2023-06-17T14:20:28+00:00
BRA_226823,Brasília,5300108,,Pioneira,0.765,https://moovitapp.com/index/pt-br/transporte_p%C3%BAblico-line-0_765-Brasilia-1702-851941-576190-0,-1.0,-15.846275,-47.855217,,,,1,2023-06-17T14:20:44+00:00
BRA_229016,Brasília,5300108,,Pioneira,0.255,https://moovitapp.com/index/pt-br/transporte_p%C3%BAblico-line-0_255-Brasilia-1702-851941-706978-0,-1.0,-16.022109,-48.025775,,,,2,2023-06-17T14:20:42+00:00
BRA_226963,Brasília,5300108,,,2202,,,-15.883091,-47.960159,,,,2,2023-06-17T14:20:58+00:00
BRA_228133,Brasília,5300108,,Pioneira,780.1,https://moovitapp.com/index/pt-br/transporte_p%C3%BAblico-line-780_1-Brasilia-1702-851941-531040-0,-1.0,-15.741496,-47.765877,,,,1,2023-06-17T14:19:44+00:00
BRA_232254,Brasília,5300108,,,3301,,,-16.042264,-48.026188,,,,1,2023-06-17T14:20:00+00:00
BRA_227765,Brasília,5300108,,,2202,,,-15.793735,-47.882365,,,,1,2023-06-17T14:20:32+00:00
BRA_228877,Brasília,5300108,,Pioneira,251.8,https://moovitapp.com/index/pt-br/transporte_p%C3%BAblico-line-251_8-Brasilia-1702-851941-708654-0,-1.0,-16.002699,-47.986627,,,,1,2023-06-17T14:21:08+00:00
BRA_229601,Brasília,5300108,,Urbi,0.129,https://moovitapp.com/index/pt-br/transporte_p%C3%BAblico-line-0_129-Brasilia-1702-851595-775097-0,-1.0,-15.852284,-47.856749,,,,2,2023-06-17T14:20:38+00:00
BRA_229024,Brasília,5300108,,Pioneira,251.8,https://moovitapp.com/index/pt-br/transporte_p%C3%BAblico-line-251_8-Brasilia-1702-851941-708654-0,-1.0,-16.035686,-48.059872,,,,1,2023-06-17T14:20:34+00:00
BRA_229393,Brasília,5300108,,Pioneira,0.253,https://moovitapp.com/index/pt-br/transporte_p%C3%BAblico-line-0_253-Brasilia-1702-851941-510254-0,-1.0,-15.814505,-48.083415,,,,1,2023-06-17T14:20:48+00:00
BRA_230014,Brasília,5300108,,,3204,,,-15.996207,-48.055307,,,,1,2023-06-17T14:21:20+00:00
BRA_229741,Brasília,5300108,,Pioneira,759.1,https://moovitapp.com/index/pt-br/transporte_p%C3%BAblico-line-759_1-Brasilia-1702-851941-616183-0,-1.0,-15.764392,-47.890897,,,,1,2023-06-17T14:20:44+00:00
BRA_231932,Brasília,5300108,,Pioneira,180.1,https://moovitapp.com/index/pt-br/transporte_p%C3%BAblico-line-180_1-Brasilia-1702-851941-339336-0,-1.0,-15.909224,-47.760123,,,,2,2023-06-17T14:20:02+00:00
BRA_232475,Brasília,5300108,,Pioneira,3307,https://moovitapp.com/index/pt-br/transporte_p%C3%BAblico-line-3307-Brasilia-1702-851941-519400-0,-1.0,-16.016454,-47.991192,,,,1,2023-06-17T14:19:58+00:00
BRA_228834,Brasília,5300108,,Pioneira,0.255,https://moovitapp.com/index/pt-br/transporte_p%C3%BAblico-line-0_255-Brasilia-1702-851941-706978-0,-1.0,-15.795177,-48.110766,,,,1,2023-06-17T14:20:12+00:00
BRA_225720,Brasília,5300108,,Pioneira,764.2,https://moovitapp.com/index/pt-br/transporte_p%C3%BAblico-line-764_2-Brasilia-1702-851941-527246-0,-1.0,-15.752589,-47.763969,,,,2,2023-06-17T14:19:36+00:00
BRA_231631,Brasília,5300108,,Pioneira,0.762,https://moovitapp.com/index/pt-br/transporte_p%C3%BAblico-line-0_762-Brasilia-1702-851941-576189-0,-1.0,-15.736016,-47.765285,,,,1,2023-06-15T08:20:24+00:00
BRA_225711,Brasília,5300108,,Pioneira,764.2,https://moovitapp.com/index/pt-br/transporte_p%C3%BAblico-line-764_2-Brasilia-1702-851941-527246-0,-1.0,-15.802054,-47.79277,,,,1,2023-06-17T14:19:52+00:00
BRA_232050,Brasília,5300108,,Pioneira,180.2,https://moovitapp.com/index/pt-br/transporte_p%C3%BAblico-line-180_2-Brasilia-1702-851941-514539-0,-1.0,-15.881108,-47.82269,,,,1,2023-06-17T14:20:18+00:00
BRA_227609,Brasília,5300108,,Pioneira,2209,https://moovitapp.com/index/pt-br/transporte_p%C3%BAblico-line-2209-Brasilia-1702-851941-18556640-0,-1.0,-15.870892,-47.95822,,,,1,2023-06-17T14:20:36+00:00
BRA_232203,Brasília,5300108,,Taguatur,3302,https://moovitapp.com/index/pt-br/transporte_p%C3%BAblico-line-3302-Brasilia-1702-854428-3135322-0,-1.0,-16.024856,-48.029354,,,,1,2023-06-17T14:19:38+00:00
BRA_228281,Brasília,5300108,,,3202,,,-16.004911,-48.048587,,,,1,2023-06-17T14:20:18+00:00
BRA_228389,Brasília,5300108,,Pioneira,0.253,https://moovitapp.com/index/pt-br/transporte_p%C3%BAblico-line-0_253-Brasilia-1702-851941-510254-0,-1.0,-16.006647,-48.001411,,,,2,2023-06-17T14:20:06+00:00
BRA_229482,Brasília,5300108,,Pioneira,0.181,https://moovitapp.com/index/pt-br/transporte_p%C3%BAblico-line-0_181-Brasilia-1702-851941-242838-0,-1.0,-15.913129,-47.756842,,,,1,2023-06-16T18:25:48+00:00
BRA_228915,Brasília,5300108,,Pioneira,0.255,https://moovitapp.com/index/pt-br/transporte_p%C3%BAblico-line-0_255-Brasilia-1702-851941-706978-0,-1.0,-15.846295,-48.043926,,,,2,2023-06-17T14:20:28+00:00
BRA_230049,Brasília,5300108,,Taguatur,3305,https://moovitapp.com/index/pt-br/transporte_p%C3%BAblico-line-3305-Brasilia-1702-854428-77810673-0,-1.0,-16.048736,-47.965894,,,,1,2023-06-17T14:19:40+00:00
BRA_232602,Brasília,5300108,,Pioneira,2207,https://moovitapp.com/index/pt-br/transporte_p%C3%BAblico-line-2207-Brasilia-1702-851941-422078-0,-1.0,-15.879703,-47.959498,,,,1,2023-06-17T14:20:18+00:00
BRA_228192,Brasília,5300108,,,3201,,,-16.03733,-48.056299,,,,1,2023-06-17T13:10:10+00:00
BRA_226556,Brasília,5300108,,Pioneira,0.765,https://moovitapp.com/index/pt-br/transporte_p%C3%BAblico-line-0_765-Brasilia-1702-851941-576190-0,-1.0,-15.844787,-47.893084,,,,2,2023-06-17T14:21:02+00:00
BRA_226424,Brasília,5300108,,Pioneira,760.1,https://moovitapp.com/index/pt-br/transporte_p%C3%BAblico-line-760_1-Brasilia-1702-851941-576193-0,-1.0,-15.759007,-47.77975,,,,1,2023-06-17T14:19:48+00:00
BRA_230065,Brasília,5300108,,Taguatur,3302,https://moovitapp.com/index/pt-br/transporte_p%C3%BAblico-line-3302-Brasilia-1702-854428-3135322-0,-1.0,-16.00795,-48.004101,,,,1,2023-06-17T14:20:16+00:00
BRA_229555,Brasília,5300108,,,3206,,,-16.037174,-48.059255,,,,1,2023-06-17T14:21:12+00:00
BRA_229008,Brasília,5300108,,Pioneira,0.255,https://moovitapp.com/index/pt-br/transporte_p%C3%BAblico-line-0_255-Brasilia-1702-851941-706978-0,-1.0,-15.847743,-48.04317,,,,2,2023-06-17T14:21:22+00:00
BRA_229849,Brasília,5300108,,Pioneira,0.147,https://moovitapp.com/index/pt-br/transporte_p%C3%BAblico-line-0_147-Brasilia-1702-851941-519401-0,-1.0,-15.91204,-47.756137,,,,2,2023-06-17T14:20:00+00:00
BRA_232084,Brasília,5300108,,Pioneira,180.1,https://moovitapp.com/index/pt-br/transporte_p%C3%BAblico-line-180_1-Brasilia-1702-851941-339336-0,-1.0,-15.824855,-47.828832,,,,1,2023-06-17T14:20:14+00:00
BRA_229652,Brasília,5300108,,Pioneira,759.1,https://moovitapp.com/index/pt-br/transporte_p%C3%BAblico-line-759_1-Brasilia-1702-851941-616183-0,-1.0,-15.751066,-47.777588,,,,1,2023-06-17T14:20:42+00:00
BRA_226831,Brasília,5300108,,Pioneira,0.510,https://moovitapp.com/index/pt-br/transporte_p%C3%BAblico-line-0_510-Brasilia-1702-851941-16483906-0,-1.0,-15.76021,-47.780773,,,,1,2023-06-15T13:15:44+00:00
BRA_227480,Brasília,5300108,,,3201,,,-15.998349,-48.058562,,,,1,2023-06-15T21:20:48+00:00
BRA_230103,Brasília,5300108,,Pioneira,0.253,https://moovitapp.com/index/pt-br/transporte_p%C3%BAblico-line-0_253-Brasilia-1702-851941-510254-0,-1.0,-15.78764,-48.129992,,,,2,2023-06-17T14:19:52+00:00
BRA_228125,Brasília,5300108,,Pioneira,205.1,https://moovitapp.com/index/pt-br/transporte_p%C3%BAblico-line-205_1-Brasilia-1702-851941-393571-0,-1.0,-16.026557,-48.067298,,,,1,2023-06-17T14:20:44+00:00
BRA_227099,Brasília,5300108,,Pioneira,183.2,https://moovitapp.com/index/pt-br/transporte_p%C3%BAblico-line-183_2-Brasilia-1702-851941-242920-0,-1.0,-15.912271,-47.758661,,,,1,2023-06-17T14:20:46+00:00
BRA_231703,Brasília,5300108,,Pioneira,780.1,https://moovitapp.com/index/pt-br/transporte_p%C3%BAblico-line-780_1-Brasilia-1702-851941-531040-0,-1.0,-15.801929,-47.853456,,,,1,2023-06-17T10:44:08+00:00
BRA_230138,Brasília,5300108,,Pioneira,0.253,https://moovitapp.com/index/pt-br/transporte_p%C3%BAblico-line-0_253-Brasilia-1702-851941-510254-0,-1.0,-16.011778,-48.010986,,,,2,2023-06-17T14:20:44+00:00
BRA_228583,Brasília,5300108,,Pioneira,0.255,https://moovitapp.com/index/pt-br/transporte_p%C3%BAblico-line-0_255-Brasilia-1702-851941-706978-0,-1.0,-15.795495,-48.109145,,,,2,2023-06-17T14:21:02+00:00
BRA_230171,Brasília,5300108,,Pioneira,0.255,https://moovitapp.com/index/pt-br/transporte_p%C3%BAblico-line-0_255-Brasilia-1702-851941-706978-0,-1.0,-15.842279,-48.053368,,,,1,2023-06-17T14:20:54+00:00
BRA_232394,Brasília,5300108,,Pioneira,3308,https://moovitapp.com/index/pt-br/transporte_p%C3%BAblico-line-3308-Brasilia-1702-851941-577772-0,-1.0,-16.001904,-47.985559,,,,1,2023-06-17T14:21:32+00:00
BRA_229512,Brasília,5300108,,Urbi,206.2,https://moovitapp.com/index/pt-br/transporte_p%C3%BAblico-line-206_2-Brasilia-1702-851595-781328-0,-1.0,-16.029256,-48.081437,,,,1,2023-06-17T14:20:22+00:00
BRA_229083,Brasília,5300108,,Pioneira,147.5,https://moovitapp.com/index/pt-br/transporte_p%C3%BAblico-line-147_5-Brasilia-1702-851941-519406-0,-1.0,-15.91253,-47.755113,,,,1,2023-06-17T14:20:46+00:00
BRA_231649,Brasília,5300108,,Pioneira,759.1,https://moovitapp.com/index/pt-br/transporte_p%C3%BAblico-line-759_1-Brasilia-1702-851941-616183-0,-1.0,-15.759328,-47.781282,,,,1,2023-06-17T14:19:46+00:00
BRA_232335,Brasília,5300108,,Pioneira,251.7,https://moovitapp.com/index/pt-br/transporte_p%C3%BAblico-line-251_7-Brasilia-1702-851941-651524-0,-1.0,-16.036243,-48.051505,,,,1,2023-06-17T14:19:38+00:00
BRA_228222,Brasília,5300108,,Pioneira,0.225,https://moovitapp.com/index/pt-br/transporte_p%C3%BAblico-line-0_225-Brasilia-1702-851941-510253-0,-1.0,-15.898498,-48.054518,,,,1,2023-06-17T14:20:58+00:00
BRA_229938,Brasília,5300108,,,3206,,,-15.996157,-48.055269,,,,1,2023-06-17T14:20:12+00:00
BRA_231827,Brasília,5300108,,Pioneira,180.1,https://moovitapp.com/index/pt-br/transporte_p%C3%BAblico-line-180_1-Brasilia-1702-851941-339336-0,-1.0,-15.908494,-47.754388,,,,1,2023-06-17T13:47:42+00:00
BRA_231789,Brasília,5300108,,Urbi,0.129,https://moovitapp.com/index/pt-br/transporte_p%C3%BAblico-line-0_129-Brasilia-1702-851595-775097-0,-1.0,-15.770082,-47.779565,,,,1,2023-06-17T13:17:10+00:00
BRA_227889,Brasília,5300108,,Pioneira,0.225,https://moovitapp.com/index/pt-br/transporte_p%C3%BAblico-line-0_225-Brasilia-1702-851941-510253-0,-1.0,-16.01682,-48.052942,,,,1,2023-06-17T14:19:52+00:00
BRA_227137,Brasília,5300108,,Pioneira,199.1,https://moovitapp.com/index/pt-br/transporte_p%C3%BAblico-line-199_1-Brasilia-1702-851941-770034-0,-1.0,-15.783626,-47.89522,,,,1,2023-06-17T14:20:36+00:00
BRA_227498,Brasília,5300108,,Pioneira,147.3,https://moovitapp.com/index/pt-br/transporte_p%C3%BAblico-line-147_3-Brasilia-1702-851941-574203-0,-1.0,-15.857813,-47.834255,,,,2,2023-06-17T14:20:26+00:00
BRA_227013,Brasília,5300108,,Pioneira,0.765,https://moovitapp.com/index/pt-br/transporte_p%C3%BAblico-line-0_765-Brasilia-1702-851941-576190-0,-1.0,-15.750818,-47.776869,,,,1,2023-06-17T14:21:24+00:00
BRA_227307,Brasília,5300108,,Pioneira,147.2,https://moovitapp.com/index/pt-br/transporte_p%C3%BAblico-line-147_2-Brasilia-1702-851941-519403-0,-1.0,-15.911382,-47.759144,,,,2,2023-06-17T14:20:56+00:00
BRA_227234,Brasília,5300108,,Pioneira,181.2,https://moovitapp.com/index/pt-br/transporte_p%C3%BAblico-line-181_2-Brasilia-1702-851941-339338-0,-1.0,-15.909308,-47.752659,,,,1,2023-06-17T14:20:08+00:00
BRA_229971,Brasília,5300108,,Pioneira,205.1,https://moovitapp.com/index/pt-br/transporte_p%C3%BAblico-line-205_1-Brasilia-1702-851941-393571-0,-1.0,-15.914981,-48.049795,,,,1,2023-06-17T14:19:32+00:00
BRA_227391,Brasília,5300108,,Pioneira,170.4,https://moovitapp.com/index/pt-br/transporte_p%C3%BAblico-line-170_4-Brasilia-1702-851941-379787-0,-1.0,-15.907138,-47.820808,,,,1,2023-06-17T14:19:44+00:00
BRA_228435,Brasília,5300108,,,3204,,,-16.0219,-48.075092,,,,1,2023-06-17T14:20:44+00:00
BRA_229920,Brasília,5300108,,,3207,,,-16.021261,-48.068843,,,,1,2023-06-17T14:19:34+00:00
BRA_225533,Brasília,5300108,,,2201,,,-15.970205,-48.025457,,,,2,2023-06-17T10:57:40+00:00
BRA_225959,Brasília,5300108,,UTB,2302,https://moovitapp.com/index/pt-br/transporte_p%C3%BAblico-line-2302-Brasilia-1702-854427-744298-0,-1.0,-15.844026,-47.931346,,,,1,2023-06-17T14:21:24+00:00
BRA_227111,Brasília,5300108,,Pioneira,183.6,https://moovitapp.com/index/pt-br/transporte_p%C3%BAblico-line-183_6-Brasilia-1702-851941-242921-0,-1.0,-15.913204,-47.757605,,,,1,2023-06-17T14:20:18+00:00
BRA_228869,Brasília,5300108,,Pioneira,251.7,https://moovitapp.com/index/pt-br/transporte_p%C3%BAblico-line-251_7-Brasilia-1702-851941-651524-0,-1.0,-16.006866,-48.082397,,,,1,2023-06-17T14:19:50+00:00
BRA_229059,Brasília,5300108,,Pioneira,020.2,https://moovitapp.com/index/pt-br/transporte_p%C3%BAblico-line-020_2-Brasilia-1702-851941-708653-0,-1.0,-16.01289,-48.009365,,,,1,2023-06-17T14:20:34+00:00
BRA_228079,Brasília,5300108,,,3201,,,-16.015647,-48.06024,,,,1,2023-06-17T14:20:34+00:00
BRA_228044,Brasília,5300108,,Pioneira,170.4,https://moovitapp.com/index/pt-br/transporte_p%C3%BAblico-line-170_4-Brasilia-1702-851941-379787-0,-1.0,-15.907811,-47.821044,,,,1,2023-06-17T14:20:26+00:00
BRA_226785,Brasília,5300108,,Pioneira,124.6,https://moovitapp.com/index/pt-br/transporte_p%C3%BAblico-line-124_6-Brasilia-1702-851941-425282-0,-1.0,-15.810405,-47.947914,,,,1,2023-06-17T14:20:12+00:00
BRA_229261,Brasília,5300108,,Pioneira,255.2,https://moovitapp.com/index/pt-br/transporte_p%C3%BAblico-line-255_2-Brasilia-1702-851941-312453-0,-1.0,-15.962855,-48.02334,,,,1,2023-06-17T14:19:48+00:00
BRA_227595,Brasília,5300108,,Pioneira,147.2,https://moovitapp.com/index/pt-br/transporte_p%C3%BAblico-line-147_2-Brasilia-1702-851941-519403-0,-1.0,-15.867403,-47.821622,,,,2,2023-06-17T14:20:48+00:00
BRA_232483,Brasília,5300108,,Pioneira,0.273,https://moovitapp.com/index/pt-br/transporte_p%C3%BAblico-line-0_273-Brasilia-1702-851941-510255-0,-1.0,-15.943689,-48.039603,,,,2,2023-06-17T14:20:20+00:00
BRA_227455,Brasília,5300108,,Pioneira,183.6,https://moovitapp.com/index/pt-br/transporte_p%C3%BAblico-line-183_6-Brasilia-1702-851941-242921-0,-1.0,-15.881489,-47.822665,,,,1,2023-06-17T14:19:48+00:00
BRA_229792,Brasília,5300108,,Pioneira,0.181,https://moovitapp.com/index/pt-br/transporte_p%C3%BAblico-line-0_181-Brasilia-1702-851941-242838-0,-1.0,-15.803308,-47.794296,,,,2,2023-06-17T14:19:54+00:00
BRA_228168,Brasília,5300108,,Pioneira,2207,https://moovitapp.com/index/pt-br/transporte_p%C3%BAblico-line-2207-Brasilia-1702-851941-422078-0,-1.0,-15.865094,-47.942097,,,,1,2023-06-17T14:20:00+00:00
BRA_226238,Brasília,5300108,,UTB,2302,https://moovitapp.com/index/pt-br/transporte_p%C3%BAblico-line-2302-Brasilia-1702-854427-744298-0,-1.0,-16.000264,-47.98472,,,,2,2023-06-17T14:21:04+00:00
BRA_231941,Brasília,5300108,,Pioneira,181.2,https://moovitapp.com/index/pt-br/transporte_p%C3%BAblico-line-181_2-Brasilia-1702-851941-339338-0,-1.0,-15.905139,-47.773303,,,,1,2023-06-17T14:20:04+00:00
BRA_228001,Brasília,5300108,,Pioneira,2207,https://moovitapp.com/index/pt-br/transporte_p%C3%BAblico-line-2207-Brasilia-1702-851941-422078-0,-1.0,-15.820228,-47.949605,,,,1,2023-06-16T21:51:04+00:00
BRA_230073,Brasília,5300108,,Pioneira,0.253,https://moovitapp.com/index/pt-br/transporte_p%C3%BAblico-line-0_253-Brasilia-1702-851941-510254-0,-1.0,-15.823191,-48.115197,,,,2,2023-06-17T14:20:14+00:00
BRA_232581,Brasília,5300108,,Pioneira,2207,https://moovitapp.com/index/pt-br/transporte_p%C3%BAblico-line-2207-Brasilia-1702-851941-422078-0,-1.0,-15.836347,-47.926488,,,,1,2023-06-17T14:20:10+00:00
BRA_226271,Brasília,5300108,,,2202,,,-15.961695,-48.01564,,,,1,2023-06-17T14:20:12+00:00
BRA_227790,Brasília,5300108,,,3207,,,-16.010583,-48.069478,,,,1,2023-06-17T14:20:24+00:00
BRA_228991,Brasília,5300108,,Pioneira,251.7,https://moovitapp.com/index/pt-br/transporte_p%C3%BAblico-line-251_7-Brasilia-1702-851941-651524-0,-1.0,-16.002426,-47.986373,,,,1,2023-06-17T14:20:44+00:00
BRA_226653,Brasília,5300108,,Pioneira,784.4,https://moovitapp.com/index/pt-br/transporte_p%C3%BAblico-line-784_4-Brasilia-1702-851941-97613727-0,-1.0,-15.764178,-47.796394,,,,1,2023-06-17T14:20:22+00:00
BRA_228940,Brasília,5300108,,Pioneira,271.3,https://moovitapp.com/index/pt-br/transporte_p%C3%BAblico-line-271_3-Brasilia-1702-851941-669626-0,-1.0,-16.016289,-48.012366,,,,1,2023-06-17T14:20:50+00:00
BRA_228206,Brasília,5300108,,,3207,,,-16.011508,-48.065339,,,,1,2023-06-17T14:20:26+00:00
BRA_227561,Brasília,5300108,,Taguatur,3305,https://moovitapp.com/index/pt-br/transporte_p%C3%BAblico-line-3305-Brasilia-1702-854428-77810673-0,-1.0,-16.045843,-48.043513,,,,1,2023-06-17T14:19:12+00:00
BRA_226211,Brasília,5300108,,UTB,2302,https://moovitapp.com/index/pt-br/transporte_p%C3%BAblico-line-2302-Brasilia-1702-854427-744298-0,-1.0,-15.833069,-47.923964,,,,2,2023-06-17T14:20:16+00:00
BRA_232181,Brasília,5300108,,Pioneira,205.1,https://moovitapp.com/index/pt-br/transporte_p%C3%BAblico-line-205_1-Brasilia-1702-851941-393571-0,-1.0,-15.829349,-48.058568,,,,2,2023-06-17T14:20:16+00:00
BRA_226840,Brasília,5300108,,Pioneira,759.1,https://moovitapp.com/index/pt-br/transporte_p%C3%BAblico-line-759_1-Brasilia-1702-851941-616183-0,-1.0,-15.751538,-47.778859,,,,2,2023-06-17T14:20:54+00:00
BRA_232041,Brasília,5300108,,Pioneira,147.6,https://moovitapp.com/index/pt-br/transporte_p%C3%BAblico-line-147_6-Brasilia-1702-851941-516646-0,-1.0,-15.847516,-47.889575,,,,2,2023-06-17T14:20:38+00:00
BRA_229865,Brasília,5300108,,Pioneira,0.147,https://moovitapp.com/index/pt-br/transporte_p%C3%BAblico-line-0_147-Brasilia-1702-851941-519401-0,-1.0,-15.913296,-47.757434,,,,2,2023-06-17T12:39:04+00:00
BRA_227668,Brasília,5300108,,Pioneira,111.1,https://moovitapp.com/index/pt-br/transporte_p%C3%BAblico-line-111_1-Brasilia-1702-851941-75742769-0,-1.0,-15.937613,-47.756696,,,,1,2023-06-17T14:18:18+00:00
BRA_228923,Brasília,5300108,,Pioneira,073.1,https://moovitapp.com/index/pt-br/transporte_p%C3%BAblico-line-073_1-Brasilia-1702-851941-775123-0,-1.0,-15.861034,-47.956434,,,,1,2023-06-17T14:20:56+00:00
BRA_232122,Brasília,5300108,,Pioneira,147.2,https://moovitapp.com/index/pt-br/transporte_p%C3%BAblico-line-147_2-Brasilia-1702-851941-519403-0,-1.0,-15.90934,-47.754445,,,,1,2023-06-17T14:19:18+00:00
BRA_231614,Brasília,5300108,,Pioneira,0.762,https://moovitapp.com/index/pt-br/transporte_p%C3%BAblico-line-0_762-Brasilia-1702-851941-576189-0,-1.0,-15.794454,-47.882041,,,,1,2023-06-17T14:21:06+00:00
BRA_228974,Brasília,5300108,,Pioneira,0.253,https://moovitapp.com/index/pt-br/transporte_p%C3%BAblico-line-0_253-Brasilia-1702-851941-510254-0,-1.0,-16.001933,-47.984033,,,,1,2023-06-17T14:19:42+00:00
BRA_227617,Brasília,5300108,,,3202,,,-16.025978,-48.054111,,,,1,2023-06-17T14:20:12+00:00
BRA_231681,Brasília,5300108,,Pioneira,0.102,https://moovitapp.com/index/pt-br/transporte_p%C3%BAblico-line-0_102-Brasilia-1702-851941-775119-0,-1.0,-15.794113,-47.882645,,,,1,2023-06-17T14:20:34+00:00
BRA_231894,Brasília,5300108,,Pioneira,180.1,https://moovitapp.com/index/pt-br/transporte_p%C3%BAblico-line-180_1-Brasilia-1702-851941-339336-0,-1.0,-15.906585,-47.754674,,,,1,2023-06-17T14:18:30+00:00
BRA_232131,Brasília,5300108,,Pioneira,0.225,https://moovitapp.com/index/pt-br/transporte_p%C3%BAblico-line-0_225-Brasilia-1702-851941-510253-0,-1.0,-16.033277,-48.058263,,,,1,2023-06-17T14:19:58+00:00
BRA_228354,Brasília,5300108,,Taguatur,3303,https://moovitapp.com/index/pt-br/transporte_p%C3%BAblico-line-3303-Brasilia-1702-854428-2224148-0,-1.0,-16.047754,-48.038433,,,,1,2023-06-17T14:20:18+00:00
BRA_232572,Brasília,5300108,,Pioneira,2211,https://moovitapp.com/index/pt-br/transporte_p%C3%BAblico-line-2211-Brasilia-1702-851941-57764371-0,-1.0,-15.800085,-47.950457,,,,1,2023-06-17T14:20:46+00:00
BRA_227927,Brasília,5300108,,Pioneira,2207,https://moovitapp.com/index/pt-br/transporte_p%C3%BAblico-line-2207-Brasilia-1702-851941-422078-0,-1.0,-15.865262,-47.942237,,,,1,2023-06-17T14:20:46+00:00
BRA_232611,Brasília,5300108,,Pioneira,2207,https://moovitapp.com/index/pt-br/transporte_p%C3%BAblico-line-2207-Brasilia-1702-851941-422078-0,-1.0,-15.739175,-47.898679,,,,1,2023-06-17T14:20:20+00:00
BRA_226751,Brasília,5300108,,Pioneira,780.1,https://moovitapp.com/index/pt-br/transporte_p%C3%BAblico-line-780_1-Brasilia-1702-851941-531040-0,-1.0,-15.745873,-47.768649,,,,1,2023-06-17T14:19:46+00:00
BRA_227196,Brasília,5300108,,Pioneira,183.2,https://moovitapp.com/index/pt-br/transporte_p%C3%BAblico-line-183_2-Brasilia-1702-851941-242920-0,-1.0,-15.872636,-47.823027,,,,1,2023-06-17T14:19:50+00:00
BRA_229342,Brasília,5300108,,Pioneira,163.1,https://moovitapp.com/index/pt-br/transporte_p%C3%BAblico-line-163_1-Brasilia-1702-851941-242911-0,-1.0,-15.816989,-47.912298,,,,1,2023-06-17T14:20:12+00:00
BRA_227226,Brasília,5300108,,Pioneira,170.4,https://moovitapp.com/index/pt-br/transporte_p%C3%BAblico-line-170_4-Brasilia-1702-851941-379787-0,-1.0,-15.891571,-47.820586,,,,1,2023-06-17T14:19:32+00:00
BRA_229776,Brasília,5300108,,Pioneira,197.3,https://moovitapp.com/index/pt-br/transporte_p%C3%BAblico-line-197_3-Brasilia-1702-851941-519409-0,-1.0,-15.796952,-47.876662,,,,2,2023-06-17T14:20:40+00:00
BRA_231436,Brasília,5300108,,Pioneira,183.0,https://moovitapp.com/index/pt-br/transporte_p%C3%BAblico-line-183_0-Brasilia-1702-851941-26502248-0,-1.0,-15.913343,-47.757504,,,,1,2023-06-17T14:20:28+00:00
BRA_228575,Brasília,5300108,,Pioneira,0.255,https://moovitapp.com/index/pt-br/transporte_p%C3%BAblico-line-0_255-Brasilia-1702-851941-706978-0,-1.0,-16.015341,-48.015106,,,,1,2023-06-14T10:14:20+00:00
BRA_229709,Brasília,5300108,,Pioneira,181.2,https://moovitapp.com/index/pt-br/transporte_p%C3%BAblico-line-181_2-Brasilia-1702-851941-339338-0,-1.0,-15.853526,-47.843417,,,,1,2023-06-17T14:20:30+00:00
BRA_232211,Brasília,5300108,,,3204,,,-15.999705,-48.056616,,,,1,2023-06-17T14:20:30+00:00
BRA_223930,Brasília,5300108,,Pioneira,2306,https://moovitapp.com/index/pt-br/transporte_p%C3%BAblico-line-2306-Brasilia-1702-851941-18556641-0,-1.0,-15.795288,-47.883077,,,,1,2023-06-16T20:31:08+00:00
BRA_223930,Brasília,5300108,,Pioneira,2207,https://moovitapp.com/index/pt-br/transporte_p%C3%BAblico-line-2207-Brasilia-1702-851941-422078-0,-1.0,-15.763694,-47.890859,,,,1,2023-06-14T12:55:10+00:00
BRA_229504,Brasília,5300108,,Pioneira,0.780,https://moovitapp.com/index/pt-br/transporte_p%C3%BAblico-line-0_780-Brasilia-1702-851941-514537-0,-1.0,-15.796309,-47.87855,,,,2,2023-06-14T19:24:22+00:00
BRA_229881,Brasília,5300108,,Pioneira,147.3,https://moovitapp.com/index/pt-br/transporte_p%C3%BAblico-line-147_3-Brasilia-1702-851941-574203-0,-1.0,-15.91269,-47.757078,,,,2,2023-06-17T14:20:36+00:00
BRA_226831,Brasília,5300108,,Urbi,0.129,https://moovitapp.com/index/pt-br/transporte_p%C3%BAblico-line-0_129-Brasilia-1702-851595-775097-0,-1.0,-15.871798,-47.958017,,,,1,2023-06-15T19:41:04+00:00
BRA_229008,Brasília,5300108,,Pioneira,251.8,https://moovitapp.com/index/pt-br/transporte_p%C3%BAblico-line-251_8-Brasilia-1702-851941-708654-0,-1.0,-16.023349,-48.053813,,,,1,2023-06-17T01:28:22+00:00
BRA_232033,Brasília,5300108,,Pioneira,180.2,https://moovitapp.com/index/pt-br/transporte_p%C3%BAblico-line-180_2-Brasilia-1702-851941-514539-0,-1.0,-15.8143,-47.841338,,,,1,2023-06-17T14:19:32+00:00
BRA_229547,Brasília,5300108,,Pioneira,197.3,https://moovitapp.com/index/pt-br/transporte_p%C3%BAblico-line-197_3-Brasilia-1702-851941-519409-0,-1.0,-15.888888,-47.779463,,,,1,2023-06-17T14:19:36+00:00
BRA_229636,Brasília,5300108,,Pioneira,0.762,https://moovitapp.com/index/pt-br/transporte_p%C3%BAblico-line-0_762-Brasilia-1702-851941-576189-0,-1.0,-15.785206,-47.805086,,,,2,2023-06-17T14:20:52+00:00
BRA_232092,Brasília,5300108,,Pioneira,181.2,https://moovitapp.com/index/pt-br/transporte_p%C3%BAblico-line-181_2-Brasilia-1702-851941-339338-0,-1.0,-15.830282,-47.877031,,,,1,2023-06-16T22:12:22+00:00
BRA_226254,Brasília,5300108,,,2202,,,-15.998905,-48.057945,,,,1,2023-06-17T14:20:10+00:00
BRA_229067,Brasília,5300108,,Pioneira,251.8,https://moovitapp.com/index/pt-br/transporte_p%C3%BAblico-line-251_8-Brasilia-1702-851941-708654-0,-1.0,-16.002197,-48.059605,,,,1,2023-06-17T14:20:40+00:00
BRA_228486,Brasília,5300108,,Pioneira,2211,https://moovitapp.com/index/pt-br/transporte_p%C3%BAblico-line-2211-Brasilia-1702-851941-57764371-0,-1.0,-15.862099,-47.956643,,,,1,2023-06-17T14:21:36+00:00
BRA_229750,Brasília,5300108,,Pioneira,784.3,https://moovitapp.com/index/pt-br/transporte_p%C3%BAblico-line-784_3-Brasilia-1702-851941-46904557-0,-1.0,-15.763402,-47.780354,,,,1,2023-06-17T14:20:32+00:00
BRA_231908,Brasília,5300108,,Pioneira,180.1,https://moovitapp.com/index/pt-br/transporte_p%C3%BAblico-line-180_1-Brasilia-1702-851941-339336-0,-1.0,-15.886515,-47.812454,,,,2,2023-06-17T14:20:04+00:00
BRA_230006,Brasília,5300108,,,3204,,,-16.01901,-48.067374,,,,1,2023-06-17T14:19:54+00:00
BRA_232271,Brasília,5300108,,Pioneira,205.1,https://moovitapp.com/index/pt-br/transporte_p%C3%BAblico-line-205_1-Brasilia-1702-851941-393571-0,-1.0,-15.85045,-48.041599,,,,2,2023-06-17T14:21:28+00:00
BRA_226351,Brasília,5300108,,,2202,,,-15.818841,-47.904528,,,,2,2023-06-17T14:20:40+00:00
BRA_229041,Brasília,5300108,,Pioneira,2207,https://moovitapp.com/index/pt-br/transporte_p%C3%BAblico-line-2207-Brasilia-1702-851941-422078-0,-1.0,-15.775758,-47.888246,,,,1,2023-06-17T14:20:50+00:00
BRA_226700,Brasília,5300108,,Pioneira,163.1,https://moovitapp.com/index/pt-br/transporte_p%C3%BAblico-line-163_1-Brasilia-1702-851941-242911-0,-1.0,-15.8448,-47.94106,,,,2,2023-06-16T00:12:20+00:00
BRA_229504,Brasília,5300108,,Pioneira,124.6,https://moovitapp.com/index/pt-br/transporte_p%C3%BAblico-line-124_6-Brasilia-1702-851941-425282-0,-1.0,-15.801891,-47.939541,,,,1,2023-06-17T14:21:14+00:00
BRA_229504,Brasília,5300108,,Pioneira,0.780,https://moovitapp.com/index/pt-br/transporte_p%C3%BAblico-line-0_780-Brasilia-1702-851941-514537-0,-1.0,-15.752327,-47.763899,,,,1,2023-06-15T20:32:26+00:00
BRA_225649,Brasília,5300108,,,2202,,,-15.952107,-48.005182,,,,2,2023-06-17T14:20:50+00:00
BRA_228354,Brasília,5300108,,Pioneira,0.253,https://moovitapp.com/index/pt-br/transporte_p%C3%BAblico-line-0_253-Brasilia-1702-851941-510254-0,-1.0,-16.044734,-48.029316,,,,1,2023-06-16T21:49:36+00:00
BRA_231380,Brasília,5300108,,Pioneira,3209,https://moovitapp.com/index/pt-br/transporte_p%C3%BAblico-line-3209-Brasilia-1702-851941-705116-0,-1.0,-16.033808,-48.058683,,,,1,2023-06-17T14:20:20+00:00
BRA_228117,Brasília,5300108,,Pioneira,205.1,https://moovitapp.com/index/pt-br/transporte_p%C3%BAblico-line-205_1-Brasilia-1702-851941-393571-0,-1.0,-16.03589,-48.05998,,,,1,2023-06-17T14:20:54+00:00
BRA_231703,Brasília,5300108,,Pioneira,780.1,https://moovitapp.com/index/pt-br/transporte_p%C3%BAblico-line-780_1-Brasilia-1702-851941-531040-0,-1.0,-15.751985,-47.757802,,,,1,2023-06-17T14:19:34+00:00
BRA_229466,Brasília,5300108,,Pioneira,180.1,https://moovitapp.com/index/pt-br/transporte_p%C3%BAblico-line-180_1-Brasilia-1702-851941-339336-0,-1.0,-15.795205,-47.87485,,,,1,2023-06-17T14:20:32+00:00
BRA_227706,Brasília,5300108,,Pioneira,147.2,https://moovitapp.com/index/pt-br/transporte_p%C3%BAblico-line-147_2-Brasilia-1702-851941-519403-0,-1.0,-15.806977,-47.899734,,,,1,2023-06-17T14:20:22+00:00
BRA_226319,Brasília,5300108,,,2202,,,-15.825103,-47.910791,,,,1,2023-06-17T14:19:48+00:00
BRA_232408,Brasília,5300108,,,3301,,,-16.041507,-48.016975,,,,1,2023-06-17T14:20:24+00:00
BRA_229679,Brasília,5300108,,Pioneira,0.784,https://moovitapp.com/index/pt-br/transporte_p%C3%BAblico-line-0_784-Brasilia-1702-851941-372405-0,-1.0,-15.779395,-47.780621,,,,1,2023-06-17T14:20:40+00:00
BRA_232289,Brasília,5300108,,Marechal,206.1,https://moovitapp.com/index/pt-br/transporte_p%C3%BAblico-line-206_1-Brasilia-1702-851940-137149861-0,-1.0,-15.851974,-48.040792,,,,2,2023-06-17T14:20:28+00:00
BRA_229377,Brasília,5300108,,Pioneira,0.765,https://moovitapp.com/index/pt-br/transporte_p%C3%BAblico-line-0_765-Brasilia-1702-851941-576190-0,-1.0,-15.856133,-47.859534,,,,2,2023-06-17T14:20:38+00:00
BRA_226475,Brasília,5300108,,Pioneira,764.2,https://moovitapp.com/index/pt-br/transporte_p%C3%BAblico-line-764_2-Brasilia-1702-851941-527246-0,-1.0,-15.762647,-47.780436,,,,2,2023-06-17T14:20:12+00:00
BRA_227731,Brasília,5300108,,Pioneira,181.2,https://moovitapp.com/index/pt-br/transporte_p%C3%BAblico-line-181_2-Brasilia-1702-851941-339338-0,-1.0,-15.908457,-47.754356,,,,1,2023-06-17T14:20:04+00:00
BRA_226131,Brasília,5300108,,UTB,2302,https://moovitapp.com/index/pt-br/transporte_p%C3%BAblico-line-2302-Brasilia-1702-854427-744298-0,-1.0,-15.794171,-47.882581,,,,1,2023-06-17T14:20:06+00:00
BRA_226785,Brasília,5300108,,Urbi,0.129,https://moovitapp.com/index/pt-br/transporte_p%C3%BAblico-line-0_129-Brasilia-1702-851595-775097-0,-1.0,-15.857808,-47.922941,,,,2,2023-06-15T10:14:04+00:00
BRA_228541,Brasília,5300108,,Pioneira,180.3,https://moovitapp.com/index/pt-br/transporte_p%C3%BAblico-line-180_3-Brasilia-1702-851941-546212-0,-1.0,-15.827263,-47.827738,,,,1,2023-06-17T14:20:10+00:00
BRA_232106,Brasília,5300108,,Pioneira,181.2,https://moovitapp.com/index/pt-br/transporte_p%C3%BAblico-line-181_2-Brasilia-1702-851941-339338-0,-1.0,-15.85163,-47.856241,,,,1,2023-06-17T14:19:58+00:00
BRA_232505,Brasília,5300108,,Pioneira,3307,https://moovitapp.com/index/pt-br/transporte_p%C3%BAblico-line-3307-Brasilia-1702-851941-519400-0,-1.0,-16.008456,-47.986125,,,,1,2023-06-17T14:20:30+00:00
BRA_228982,Brasília,5300108,,Pioneira,0.255,https://moovitapp.com/index/pt-br/transporte_p%C3%BAblico-line-0_255-Brasilia-1702-851941-706978-0,-1.0,-15.804351,-48.071265,,,,2,2023-06-17T14:20:02+00:00
BRA_226912,Brasília,5300108,,Pioneira,0.759,https://moovitapp.com/index/pt-br/transporte_p%C3%BAblico-line-0_759-Brasilia-1702-851941-775121-0,-1.0,-15.764249,-47.890687,,,,2,2023-06-16T20:31:02+00:00
BRA_227242,Brasília,5300108,,Pioneira,181.2,https://moovitapp.com/index/pt-br/transporte_p%C3%BAblico-line-181_2-Brasilia-1702-851941-339338-0,-1.0,-15.877945,-47.823021,,,,1,2023-06-17T14:20:36+00:00
BRA_231592,Brasília,5300108,,Pioneira,759.1,https://moovitapp.com/index/pt-br/transporte_p%C3%BAblico-line-759_1-Brasilia-1702-851941-616183-0,-1.0,-15.779702,-47.887616,,,,2,2023-06-17T14:20:14+00:00
BRA_226891,Brasília,5300108,,Pioneira,0.762,https://moovitapp.com/index/pt-br/transporte_p%C3%BAblico-line-0_762-Brasilia-1702-851941-576189-0,-1.0,-15.792618,-47.882492,,,,1,2023-06-17T14:20:46+00:00
BRA_231886,Brasília,5300108,,Pioneira,181.4,https://moovitapp.com/index/pt-br/transporte_p%C3%BAblico-line-181_4-Brasilia-1702-851941-775126-0,-1.0,-15.912471,-47.753161,,,,1,2023-06-17T14:18:14+00:00
BRA_227285,Brasília,5300108,,Pioneira,2209,https://moovitapp.com/index/pt-br/transporte_p%C3%BAblico-line-2209-Brasilia-1702-851941-18556640-0,-1.0,-15.832233,-47.951424,,,,1,2023-06-17T14:20:48+00:00
BRA_232378,Brasília,5300108,,Pioneira,073.1,https://moovitapp.com/index/pt-br/transporte_p%C3%BAblico-line-073_1-Brasilia-1702-851941-775123-0,-1.0,-15.888017,-47.960744,,,,1,2023-06-17T14:20:36+00:00
BRA_225789,Brasília,5300108,,Pioneira,764.2,https://moovitapp.com/index/pt-br/transporte_p%C3%BAblico-line-764_2-Brasilia-1702-851941-527246-0,-1.0,-15.793306,-47.78022,,,,2,2023-06-17T14:20:36+00:00
BRA_231711,Brasília,5300108,,Pioneira,0.102,https://moovitapp.com/index/pt-br/transporte_p%C3%BAblico-line-0_102-Brasilia-1702-851941-775119-0,-1.0,-15.811749,-47.905431,,,,1,2023-06-17T14:20:06+00:00
BRA_228290,Brasília,5300108,,,3207,,,-15.992301,-48.049801,,,,1,2023-06-17T14:20:42+00:00
BRA_226980,Brasília,5300108,,Pioneira,784.4,https://moovitapp.com/index/pt-br/transporte_p%C3%BAblico-line-784_4-Brasilia-1702-851941-97613727-0,-1.0,-15.762831,-47.792948,,,,1,2023-06-17T14:19:46+00:00
BRA_228494,Brasília,5300108,,Taguatur,3303,https://moovitapp.com/index/pt-br/transporte_p%C3%BAblico-line-3303-Brasilia-1702-854428-2224148-0,-1.0,-16.002136,-47.98746,,,,1,2023-06-17T14:19:30+00:00
BRA_229725,Brasília,5300108,,Pioneira,760.1,https://moovitapp.com/index/pt-br/transporte_p%C3%BAblico-line-760_1-Brasilia-1702-851941-576193-0,-1.0,-15.758991,-47.779635,,,,2,2023-06-17T14:20:42+00:00
BRA_229423,Brasília,5300108,,Pioneira,0.273,https://moovitapp.com/index/pt-br/transporte_p%C3%BAblico-line-0_273-Brasilia-1702-851941-510255-0,-1.0,-15.854424,-48.071106,,,,1,2023-06-17T14:20:32+00:00
BRA_232360,Brasília,5300108,,Pioneira,3310,https://moovitapp.com/index/pt-br/transporte_p%C3%BAblico-line-3310-Brasilia-1702-851941-616180-0,-1.0,-16.028219,-48.022786,,,,2,2023-06-17T14:21:18+00:00
BRA_225738,Brasília,5300108,,Pioneira,764.2,https://moovitapp.com/index/pt-br/transporte_p%C3%BAblico-line-764_2-Brasilia-1702-851941-527246-0,-1.0,-15.779203,-47.780818,,,,1,2023-06-17T14:20:34+00:00
BRA_228371,Brasília,5300108,,Taguatur,3302,https://moovitapp.com/index/pt-br/transporte_p%C3%BAblico-line-3302-Brasilia-1702-854428-3135322-0,-1.0,-16.048819,-48.0313,,,,1,2023-06-17T14:18:50+00:00
BRA_230090,Brasília,5300108,,Taguatur,3302,https://moovitapp.com/index/pt-br/transporte_p%C3%BAblico-line-3302-Brasilia-1702-854428-3135322-0,-1.0,-16.006673,-48.001303,,,,1,2023-06-17T14:20:44+00:00
BRA_229822,Brasília,5300108,,Pioneira,147.3,https://moovitapp.com/index/pt-br/transporte_p%C3%BAblico-line-147_3-Brasilia-1702-851941-574203-0,-1.0,-15.859211,-47.871938,,,,1,2023-06-17T14:20:44+00:00
BRA_228524,Brasília,5300108,,Taguatur,3302,https://moovitapp.com/index/pt-br/transporte_p%C3%BAblico-line-3302-Brasilia-1702-854428-3135322-0,-1.0,-16.042187,-48.026824,,,,1,2023-06-17T14:18:48+00:00
BRA_227692,Brasília,5300108,,Pioneira,147.2,https://moovitapp.com/index/pt-br/transporte_p%C3%BAblico-line-147_2-Brasilia-1702-851941-519403-0,-1.0,-15.896233,-47.776183,,,,2,2023-06-17T13:12:38+00:00
BRA_229695,Brasília,5300108,,Pioneira,124.6,https://moovitapp.com/index/pt-br/transporte_p%C3%BAblico-line-124_6-Brasilia-1702-851941-425282-0,-1.0,-15.853338,-47.955639,,,,1,2023-06-17T14:20:38+00:00
BRA_226777,Brasília,5300108,,Pioneira,100.2,https://moovitapp.com/index/pt-br/transporte_p%C3%BAblico-line-100_2-Brasilia-1702-851941-620160-0,-1.0,-15.833114,-47.912209,,,,2,2023-06-17T14:08:02+00:00
BRA_227951,Brasília,5300108,,Pioneira,180.1,https://moovitapp.com/index/pt-br/transporte_p%C3%BAblico-line-180_1-Brasilia-1702-851941-339336-0,-1.0,-15.873513,-47.823154,,,,2,2023-06-17T14:20:06+00:00
BRA_227579,Brasília,5300108,,Pioneira,0.147,https://moovitapp.com/index/pt-br/transporte_p%C3%BAblico-line-0_147-Brasilia-1702-851941-519401-0,-1.0,-15.896804,-47.790749,,,,1,2023-06-17T14:20:14+00:00
BRA_232017,Brasília,5300108,,Pioneira,197.3,https://moovitapp.com/index/pt-br/transporte_p%C3%BAblico-line-197_3-Brasilia-1702-851941-519409-0,-1.0,-15.915133,-47.760415,,,,2,2023-06-17T14:19:30+00:00
BRA_231762,Brasília,5300108,,Pioneira,780.1,https://moovitapp.com/index/pt-br/transporte_p%C3%BAblico-line-780_1-Brasilia-1702-851941-531040-0,-1.0,-15.794301,-47.783399,,,,1,2023-06-17T14:21:08+00:00
BRA_231771,Brasília,5300108,,Pioneira,0.765,https://moovitapp.com/index/pt-br/transporte_p%C3%BAblico-line-0_765-Brasilia-1702-851941-576190-0,-1.0,-15.793997,-47.880483,,,,2,2023-06-17T14:19:56+00:00
BRA_232653,Brasília,5300108,,Pioneira,2209,https://moovitapp.com/index/pt-br/transporte_p%C3%BAblico-line-2209-Brasilia-1702-851941-18556640-0,-1.0,-15.784232,-47.910606,,,,1,2023-06-17T14:20:12+00:00
BRA_230081,Brasília,5300108,,Pioneira,0.253,https://moovitapp.com/index/pt-br/transporte_p%C3%BAblico-line-0_253-Brasilia-1702-851941-510254-0,-1.0,-15.926606,-48.046056,,,,1,2023-06-17T14:20:44+00:00
BRA_229628,Brasília,5300108,,Pioneira,759.1,https://moovitapp.com/index/pt-br/transporte_p%C3%BAblico-line-759_1-Brasilia-1702-851941-616183-0,-1.0,-15.722119,-47.88328,,,,1,2023-06-17T14:20:32+00:00
BRA_226734,Brasília,5300108,,Pioneira,100.2,https://moovitapp.com/index/pt-br/transporte_p%C3%BAblico-line-100_2-Brasilia-1702-851941-620160-0,-1.0,-15.79405,-47.881977,,,,1,2023-06-17T14:19:40+00:00
BRA_227366,Brasília,5300108,,Pioneira,2209,https://moovitapp.com/index/pt-br/transporte_p%C3%BAblico-line-2209-Brasilia-1702-851941-18556640-0,-1.0,-15.881197,-47.959848,,,,1,2023-06-17T14:20:46+00:00
BRA_227323,Brasília,5300108,,Pioneira,180.2,https://moovitapp.com/index/pt-br/transporte_p%C3%BAblico-line-180_2-Brasilia-1702-851941-514539-0,-1.0,-15.795263,-47.881354,,,,2,2023-06-17T14:20:32+00:00
BRA_79189,Brasília,5300108,,Urbi,0.808,https://moovitapp.com/index/pt-br/transporte_p%C3%BAblico-line-0_808-Brasilia-1702-851595-372359-0,-1.0,-15.817871,-48.105133,,,,1,2023-06-14T22:31:20+00:00
BRA_77283,Brasília,5300108,,Urbi,0.873,https://moovitapp.com/index/pt-br/transporte_p%C3%BAblico-line-0_873-Brasilia-1702-851595-510238-0,-1.0,-15.919762,-48.061296,,,,1,2023-06-17T14:20:26+00:00
BRA_78590,Brasília,5300108,,Urbi,397.2,https://moovitapp.com/index/pt-br/transporte_p%C3%BAblico-line-397_2-Brasilia-1702-851595-890938-0,-1.0,-15.897781,-48.146758,,,,2,2023-06-17T14:18:32+00:00
BRA_710571,Brasília,5300108,,São José,0.310,https://moovitapp.com/index/pt-br/transporte_p%C3%BAblico-line-0_310-Brasilia-1702-851943-775131-0,-1.0,-15.831235,-47.928841,,,,2,2023-06-17T14:19:32+00:00
BRA_78140,Brasília,5300108,,São José,0.312,https://moovitapp.com/index/pt-br/transporte_p%C3%BAblico-line-0_312-Brasilia-1702-851943-706987-0,-1.0,-15.81329,-48.09704,,,,2,2023-06-17T14:20:12+00:00
BRA_710393,Brasília,5300108,,São José,0.313,https://moovitapp.com/index/pt-br/transporte_p%C3%BAblico-line-0_313-Brasilia-1702-851943-5294586-0,-1.0,-15.805343,-47.898158,,,,1,2023-06-17T14:20:20+00:00
BRA_78093,Brasília,5300108,,São José,0.331,https://moovitapp.com/index/pt-br/transporte_p%C3%BAblico-line-0_331-Brasilia-1702-851943-775133-0,-1.0,-15.803383,-48.069351,,,,2,2023-06-16T18:00:52+00:00
BRA_710351,Brasília,5300108,,São José,0.335,https://moovitapp.com/index/pt-br/transporte_p%C3%BAblico-line-0_335-Brasilia-1702-851943-775135-0,-1.0,-15.813575,-48.130812,,,,1,2023-06-17T12:31:32+00:00
BRA_77062,Brasília,5300108,,Urbi,0.805,https://moovitapp.com/index/pt-br/transporte_p%C3%BAblico-line-0_805-Brasilia-1702-851595-460800-0,-1.0,-15.807519,-48.066121,,,,1,2023-06-17T14:20:12+00:00
BRA_77356,Brasília,5300108,,Urbi,0.812,https://moovitapp.com/index/pt-br/transporte_p%C3%BAblico-line-0_812-Brasilia-1702-851595-697958-0,-1.0,-15.805631,-48.135867,,,,1,2023-06-17T14:20:38+00:00
BRA_76589,Brasília,5300108,,São José,0.385,https://moovitapp.com/index/pt-br/transporte_p%C3%BAblico-line-0_385-Brasilia-1702-851943-516651-0,-1.0,-15.793977,-47.883007,,,,1,2023-06-17T14:20:14+00:00
BRA_711004,Brasília,5300108,,São José,0.411,https://moovitapp.com/index/pt-br/transporte_p%C3%BAblico-line-0_411-Brasilia-1702-851943-788977-0,-1.0,-15.680539,-48.188503,,,,1,2023-06-17T00:20:44+00:00
BRA_500143,Brasília,5300108,,São José,0.411,https://moovitapp.com/index/pt-br/transporte_p%C3%BAblico-line-0_411-Brasilia-1702-851943-788977-0,-1.0,-15.786586,-47.909119,,,,1,2023-06-17T14:20:22+00:00
BRA_711039,Brasília,5300108,,São José,0.413,https://moovitapp.com/index/pt-br/transporte_p%C3%BAblico-line-0_413-Brasilia-1702-851943-781649-0,-1.0,-15.680327,-48.188084,,,,2,2023-06-17T08:38:20+00:00
BRA_78646,Brasília,5300108,,São José,0.382,https://moovitapp.com/index/pt-br/transporte_p%C3%BAblico-line-0_382-Brasilia-1702-851943-775140-0,-1.0,-15.794187,-47.885404,,,,2,2023-06-17T14:19:42+00:00
BRA_79049,Brasília,5300108,,São José,0.926,https://moovitapp.com/index/pt-br/transporte_p%C3%BAblico-line-0_926-Brasilia-1702-851943-775154-0,-1.0,-15.823515,-48.114581,,,,1,2023-06-15T11:23:02+00:00
BRA_78051,Brasília,5300108,,São José,0.926,https://moovitapp.com/index/pt-br/transporte_p%C3%BAblico-line-0_926-Brasilia-1702-851943-775154-0,-1.0,-15.78784,-48.134029,,,,1,2023-06-17T12:50:42+00:00
BRA_78531,Brasília,5300108,,São José,364.2,https://moovitapp.com/index/pt-br/transporte_p%C3%BAblico-line-364_2-Brasilia-1702-851943-707050-0,-1.0,-15.800371,-48.101852,,,,1,2023-06-17T14:19:48+00:00
BRA_75710,Brasília,5300108,,São José,332.1,https://moovitapp.com/index/pt-br/transporte_p%C3%BAblico-line-332_1-Brasilia-1702-851943-2068455-0,-1.0,-15.818734,-48.107466,,,,1,2023-06-17T14:10:52+00:00
BRA_711209,Brasília,5300108,,São José,157.8,https://moovitapp.com/index/pt-br/transporte_p%C3%BAblico-line-157_8-Brasilia-1702-851943-759503-0,-1.0,-15.840162,-47.971826,,,,1,2023-06-17T14:19:56+00:00
BRA_711179,Brasília,5300108,,São José,0.159,https://moovitapp.com/index/pt-br/transporte_p%C3%BAblico-line-0_159-Brasilia-1702-851943-375523-0,-1.0,-15.832849,-48.054824,,,,2,2023-06-17T14:19:32+00:00
BRA_711225,Brasília,5300108,,São José,0.159,https://moovitapp.com/index/pt-br/transporte_p%C3%BAblico-line-0_159-Brasilia-1702-851943-375523-0,-1.0,-15.83075,-48.139999,,,,1,2023-06-17T14:20:36+00:00
BRA_711250,Brasília,5300108,,São José,0.159,https://moovitapp.com/index/pt-br/transporte_p%C3%BAblico-line-0_159-Brasilia-1702-851943-375523-0,-1.0,-15.827951,-48.145334,,,,1,2023-06-17T14:17:52+00:00
BRA_77534,Brasília,5300108,,Urbi,393.4,https://moovitapp.com/index/pt-br/transporte_p%C3%BAblico-line-393_4-Brasilia-1702-851595-588816-0,-1.0,-15.885612,-48.020771,,,,1,2023-06-16T14:04:06+00:00
BRA_710873,Brasília,5300108,,São José,0.404,https://moovitapp.com/index/pt-br/transporte_p%C3%BAblico-line-0_404-Brasilia-1702-851943-783025-0,-1.0,-15.676959,-48.195446,,,,2,2023-06-17T14:20:00+00:00
BRA_500054,Brasília,5300108,,São José,0.406,https://moovitapp.com/index/pt-br/transporte_p%C3%BAblico-line-0_406-Brasilia-1702-851943-717430-0,-1.0,-15.679946,-48.187461,,,,2,2023-06-16T22:38:14+00:00
BRA_500135,Brasília,5300108,,São José,0.406,https://moovitapp.com/index/pt-br/transporte_p%C3%BAblico-line-0_406-Brasilia-1702-851943-717430-0,-1.0,-15.669993,-48.19165,,,,1,2023-06-17T14:19:50+00:00
BRA_500020,Brasília,5300108,,São José,0.401,https://moovitapp.com/index/pt-br/transporte_p%C3%BAblico-line-0_401-Brasilia-1702-851943-788976-0,-1.0,-15.739376,-48.059408,,,,2,2023-06-17T13:42:16+00:00
BRA_500089,Brasília,5300108,,São José,0.401,https://moovitapp.com/index/pt-br/transporte_p%C3%BAblico-line-0_401-Brasilia-1702-851943-788976-0,-1.0,-15.842659,-48.0479,,,,2,2023-06-17T11:07:30+00:00
BRA_500321,Brasília,5300108,,São José,0.402,https://moovitapp.com/index/pt-br/transporte_p%C3%BAblico-line-0_402-Brasilia-1702-851943-781335-0,-1.0,-15.759409,-48.16758,,,,1,2023-06-17T14:20:02+00:00
BRA_500267,Brasília,5300108,,São José,0.402,https://moovitapp.com/index/pt-br/transporte_p%C3%BAblico-line-0_402-Brasilia-1702-851943-781335-0,-1.0,-15.712988,-48.198638,,,,1,2023-06-17T14:20:30+00:00
BRA_79707,Brasília,5300108,,São José,928.1,https://moovitapp.com/index/pt-br/transporte_p%C3%BAblico-line-928_1-Brasilia-1702-851943-707067-0,-1.0,-15.817024,-48.153446,,,,1,2023-06-17T14:19:08+00:00
BRA_75841,Brasília,5300108,,São José,333.8,https://moovitapp.com/index/pt-br/transporte_p%C3%BAblico-line-333_8-Brasilia-1702-851943-376187-0,-1.0,-15.816482,-48.153065,,,,1,2023-06-17T14:20:14+00:00
BRA_79511,Brasília,5300108,,São José,333.8,https://moovitapp.com/index/pt-br/transporte_p%C3%BAblico-line-333_8-Brasilia-1702-851943-376187-0,-1.0,-15.830854,-48.055059,,,,1,2023-06-17T14:20:18+00:00
BRA_77071,Brasília,5300108,,Urbi,084.1,https://moovitapp.com/index/pt-br/transporte_p%C3%BAblico-line-084_1-Brasilia-1702-851595-466292-0,-1.0,-15.842698,-47.953738,,,,2,2023-06-17T14:20:12+00:00
BRA_77089,Brasília,5300108,,Urbi,086.1,https://moovitapp.com/index/pt-br/transporte_p%C3%BAblico-line-086_1-Brasilia-1702-851595-481321-0,-1.0,-15.88354,-48.017433,,,,2,2023-06-17T14:20:16+00:00
BRA_76988,Brasília,5300108,,Urbi,0.053,https://moovitapp.com/index/pt-br/transporte_p%C3%BAblico-line-0_053-Brasilia-1702-851595-588803-0,-1.0,-15.844695,-48.044193,,,,1,2023-06-17T14:18:28+00:00
BRA_711292,Brasília,5300108,,São José,0.092,https://moovitapp.com/index/pt-br/transporte_p%C3%BAblico-line-0_092-Brasilia-1702-851943-496589-0,-1.0,-15.867724,-48.031948,,,,1,2023-06-17T14:20:14+00:00
BRA_77852,Brasília,5300108,,São José,963.1,https://moovitapp.com/index/pt-br/transporte_p%C3%BAblico-line-963_1-Brasilia-1702-851943-669629-0,-1.0,-15.814838,-48.208047,,,,2,2023-06-17T14:18:32+00:00
BRA_75973,Brasília,5300108,,São José,928.3,https://moovitapp.com/index/pt-br/transporte_p%C3%BAblico-line-928_3-Brasilia-1702-851943-707068-0,-1.0,-15.796653,-48.159734,,,,1,2023-06-17T14:19:38+00:00
BRA_117757,Brasília,5300108,,Piracicabana,158.1,https://moovitapp.com/index/pt-br/transporte_p%C3%BAblico-line-158_1-Brasilia-1702-850942-775094-0,-1.0,-15.83692,-47.93344,,,,1,2023-06-15T18:26:38+00:00
BRA_120529,Brasília,5300108,,Piracicabana,107.1,https://moovitapp.com/index/pt-br/transporte_p%C3%BAblico-line-107_1-Brasilia-1702-850942-242434-0,-1.0,-15.61264,-47.64064,,,,1,2023-06-16T03:20:09+00:00
BRA_119652,Brasília,5300108,,Piracicabana,0.509,https://moovitapp.com/index/pt-br/transporte_p%C3%BAblico-line-0_509-Brasilia-1702-850942-242397-0,-1.0,-15.83578,-47.93201,,,,1,2023-06-16T15:45:21+00:00
BRA_118320,Brasília,5300108,,Piracicabana,158.1,https://moovitapp.com/index/pt-br/transporte_p%C3%BAblico-line-158_1-Brasilia-1702-850942-775094-0,-1.0,-15.79475,-47.88422,,,,,2023-06-17T09:14:09+00:00
BRA_118991,Brasília,5300108,,Piracicabana,0.143,https://moovitapp.com/index/pt-br/transporte_p%C3%BAblico-line-0_143-Brasilia-1702-850942-470747-0,-1.0,-15.76675,-47.9353,,,,,2023-06-17T10:27:40+00:00
BRA_118826,Brasília,5300108,,Piracicabana,105.2,https://moovitapp.com/index/pt-br/transporte_p%C3%BAblico-line-105_2-Brasilia-1702-850942-12015265-0,-1.0,-15.77175,-47.88902,,,,1,2023-06-17T12:20:39+00:00
BRA_119547,Brasília,5300108,,Piracicabana,062.6,https://moovitapp.com/index/pt-br/transporte_p%C3%BAblico-line-062_6-Brasilia-1702-850942-339289-0,-1.0,-15.64324,-47.80139,,,,,2023-06-17T13:27:16+00:00
BRA_119342,Brasília,5300108,,Piracicabana,512.1,https://moovitapp.com/index/pt-br/transporte_p%C3%BAblico-line-512_1-Brasilia-1702-850942-474401-0,-1.0,-15.66015,-47.80595,,,,,2023-06-17T13:30:12+00:00
BRA_119270,Brasília,5300108,,Piracicabana,0.509,https://moovitapp.com/index/pt-br/transporte_p%C3%BAblico-line-0_509-Brasilia-1702-850942-242397-0,-1.0,-15.65785,-47.80532,,,,,2023-06-17T13:31:25+00:00
BRA_119687,Brasília,5300108,,Piracicabana,512.1,https://moovitapp.com/index/pt-br/transporte_p%C3%BAblico-line-512_1-Brasilia-1702-850942-474401-0,-1.0,-15.66994,-47.81607,,,,,2023-06-17T13:37:11+00:00
BRA_119563,Brasília,5300108,,Piracicabana,505.3,https://moovitapp.com/index/pt-br/transporte_p%C3%BAblico-line-505_3-Brasilia-1702-850942-352626-0,-1.0,-15.65486,-47.8132,,,,,2023-06-17T13:43:17+00:00
BRA_119903,Brasília,5300108,,Piracicabana,158.1,https://moovitapp.com/index/pt-br/transporte_p%C3%BAblico-line-158_1-Brasilia-1702-850942-775094-0,-1.0,-15.77572,-48.00003,,,,,2023-06-17T13:56:20+00:00
BRA_119971,Brasília,5300108,,Piracicabana,600.7,https://moovitapp.com/index/pt-br/transporte_p%C3%BAblico-line-600_7-Brasilia-1702-850942-698442-0,-1.0,-15.83306,-47.92843,,,,,2023-06-17T13:58:55+00:00
BRA_118931,Brasília,5300108,,Piracicabana,0.116,https://moovitapp.com/index/pt-br/transporte_p%C3%BAblico-line-0_116-Brasilia-1702-850942-242381-0,-1.0,-15.78321,-47.88748,,,,,2023-06-17T14:03:27+00:00
BRA_119610,Brasília,5300108,,Piracicabana,0.515,https://moovitapp.com/index/pt-br/transporte_p%C3%BAblico-line-0_515-Brasilia-1702-850942-26501707-0,-1.0,-15.65005,-47.78626,,,,1,2023-06-17T14:08:08+00:00
BRA_119300,Brasília,5300108,,Piracicabana,512.1,https://moovitapp.com/index/pt-br/transporte_p%C3%BAblico-line-512_1-Brasilia-1702-850942-474401-0,-1.0,-15.71754,-47.89812,,,,,2023-06-17T14:10:37+00:00
BRA_118508,Brasília,5300108,,Piracicabana,0.114,https://moovitapp.com/index/pt-br/transporte_p%C3%BAblico-line-0_114-Brasilia-1702-850942-242379-0,-1.0,-15.79383,-47.88293,,,,1,2023-06-17T14:11:23+00:00
BRA_117871,Brasília,5300108,,Piracicabana,501.3,https://moovitapp.com/index/pt-br/transporte_p%C3%BAblico-line-501_3-Brasilia-1702-850942-242472-0,-1.0,-15.81651,-47.90127,,,,,2023-06-17T14:11:37+00:00
BRA_121011,Brasília,5300108,,Piracicabana,519.2,https://moovitapp.com/index/pt-br/transporte_p%C3%BAblico-line-519_2-Brasilia-1702-850942-242483-0,-1.0,-15.70239,-47.8861,,,,,2023-06-17T14:12:48+00:00
BRA_120758,Brasília,5300108,,Piracicabana,0.136,https://moovitapp.com/index/pt-br/transporte_p%C3%BAblico-line-0_136-Brasilia-1702-850942-719957-0,-1.0,-15.79381,-47.88174,,,,1,2023-06-17T14:13:34+00:00
BRA_118958,Brasília,5300108,,Piracicabana,601.2,https://moovitapp.com/index/pt-br/transporte_p%C3%BAblico-line-601_2-Brasilia-1702-850942-322378-0,-1.0,-15.60237,-47.64637,,,,,2023-06-17T14:14:00+00:00
BRA_120979,Brasília,5300108,,Piracicabana,611.1,https://moovitapp.com/index/pt-br/transporte_p%C3%BAblico-line-611_1-Brasilia-1702-850942-25771161-0,-1.0,-15.63336,-47.51964,,,,1,2023-06-17T14:14:09+00:00
BRA_119504,Brasília,5300108,,Piracicabana,062.7,https://moovitapp.com/index/pt-br/transporte_p%C3%BAblico-line-062_7-Brasilia-1702-850942-494154-0,-1.0,-15.62691,-47.83752,,,,1,2023-06-17T14:14:59+00:00
BRA_119377,Brasília,5300108,,Piracicabana,0.517,https://moovitapp.com/index/pt-br/transporte_p%C3%BAblico-line-0_517-Brasilia-1702-850942-242400-0,-1.0,-15.83591,-47.93226,,,,1,2023-06-17T14:15:50+00:00
BRA_120596,Brasília,5300108,,Piracicabana,600.7,https://moovitapp.com/index/pt-br/transporte_p%C3%BAblico-line-600_7-Brasilia-1702-850942-698442-0,-1.0,-15.61847,-47.65456,,,,,2023-06-17T14:16:21+00:00
BRA_120430,Brasília,5300108,,Piracicabana,0.116,https://moovitapp.com/index/pt-br/transporte_p%C3%BAblico-line-0_116-Brasilia-1702-850942-242381-0,-1.0,-15.79723,-47.87962,,,,1,2023-06-17T14:17:06+00:00
BRA_119024,Brasília,5300108,,Piracicabana,158.1,https://moovitapp.com/index/pt-br/transporte_p%C3%BAblico-line-158_1-Brasilia-1702-850942-775094-0,-1.0,-15.78096,-47.98647,,,,,2023-06-17T14:17:55+00:00
BRA_119041,Brasília,5300108,,Piracicabana,601.1,https://moovitapp.com/index/pt-br/transporte_p%C3%BAblico-line-601_1-Brasilia-1702-850942-322377-0,-1.0,-15.61872,-47.65364,,,,1,2023-06-17T14:17:59+00:00
BRA_119202,Brasília,5300108,,Piracicabana,501.7,https://moovitapp.com/index/pt-br/transporte_p%C3%BAblico-line-501_7-Brasilia-1702-850942-519379-0,-1.0,-15.71512,-47.89948,,,,,2023-06-17T14:18:20+00:00
BRA_118486,Brasília,5300108,,Piracicabana,107.1,https://moovitapp.com/index/pt-br/transporte_p%C3%BAblico-line-107_1-Brasilia-1702-850942-242434-0,-1.0,-15.79372,-47.88295,,,,1,2023-06-17T14:18:32+00:00
BRA_118460,Brasília,5300108,,Piracicabana,066.6,https://moovitapp.com/index/pt-br/transporte_p%C3%BAblico-line-066_6-Brasilia-1702-850942-770027-0,-1.0,-15.63762,-47.63472,,,,,2023-06-17T14:19:08+00:00
BRA_120804,Brasília,5300108,,Piracicabana,104.1,https://moovitapp.com/index/pt-br/transporte_p%C3%BAblico-line-104_1-Brasilia-1702-850942-242430-0,-1.0,-15.79405,-47.88205,,,,1,2023-06-17T14:19:24+00:00
BRA_119318,Brasília,5300108,,Piracicabana,501.3,https://moovitapp.com/index/pt-br/transporte_p%C3%BAblico-line-501_3-Brasilia-1702-850942-242472-0,-1.0,-15.64126,-47.82637,,,,,2023-06-17T14:19:28+00:00
BRA_119644,Brasília,5300108,,Piracicabana,531.1,https://moovitapp.com/index/pt-br/transporte_p%C3%BAblico-line-531_1-Brasilia-1702-850942-476289-0,-1.0,-15.59016,-47.8773,,,,,2023-06-17T14:19:47+00:00
BRA_119113,Brasília,5300108,,Piracicabana,519.2,https://moovitapp.com/index/pt-br/transporte_p%C3%BAblico-line-519_2-Brasilia-1702-850942-242483-0,-1.0,-15.66442,-47.842,,,,,2023-06-17T14:19:54+00:00
BRA_118770,Brasília,5300108,,Piracicabana,102.6,https://moovitapp.com/index/pt-br/transporte_p%C3%BAblico-line-102_6-Brasilia-1702-850942-775091-0,-1.0,-15.85815,-47.93342,,,,,2023-06-17T14:19:55+00:00
BRA_120090,Brasília,5300108,,Piracicabana,620.1,https://moovitapp.com/index/pt-br/transporte_p%C3%BAblico-line-620_1-Brasilia-1702-850942-697955-0,-1.0,-15.69339,-47.86934,,,,,2023-06-17T14:19:57+00:00
BRA_118346,Brasília,5300108,,Piracicabana,099.1,https://moovitapp.com/index/pt-br/transporte_p%C3%BAblico-line-099_1-Brasilia-1702-850942-775090-0,-1.0,-15.83663,-48.02105,,,,,2023-06-17T14:19:57+00:00
BRA_120146,Brasília,5300108,,Piracicabana,501.7,https://moovitapp.com/index/pt-br/transporte_p%C3%BAblico-line-501_7-Brasilia-1702-850942-519379-0,-1.0,-15.65029,-47.80397,,,,,2023-06-17T14:19:58+00:00
BRA_120626,Brasília,5300108,,Piracicabana,099.1,https://moovitapp.com/index/pt-br/transporte_p%C3%BAblico-line-099_1-Brasilia-1702-850942-775090-0,-1.0,-15.81377,-48.00146,,,,,2023-06-17T14:19:59+00:00
BRA_120600,Brasília,5300108,,Piracicabana,153.2,https://moovitapp.com/index/pt-br/transporte_p%C3%BAblico-line-153_2-Brasilia-1702-850942-775093-0,-1.0,-15.79442,-47.88328,,,,1,2023-06-17T14:19:59+00:00
BRA_120499,Brasília,5300108,,Piracicabana,0.114,https://moovitapp.com/index/pt-br/transporte_p%C3%BAblico-line-0_114-Brasilia-1702-850942-242379-0,-1.0,-15.82846,-47.90572,,,,,2023-06-17T14:19:59+00:00
BRA_118541,Brasília,5300108,,Piracicabana,153.2,https://moovitapp.com/index/pt-br/transporte_p%C3%BAblico-line-153_2-Brasilia-1702-850942-775093-0,-1.0,-15.83613,-47.92679,,,,,2023-06-17T14:19:59+00:00
BRA_119059,Brasília,5300108,,Piracicabana,0.103,https://moovitapp.com/index/pt-br/transporte_p%C3%BAblico-line-0_103-Brasilia-1702-850942-335705-0,-1.0,-15.80462,-47.89717,,,,,2023-06-17T14:20:00+00:00
BRA_119733,Brasília,5300108,,Piracicabana,0.143,https://moovitapp.com/index/pt-br/transporte_p%C3%BAblico-line-0_143-Brasilia-1702-850942-470747-0,-1.0,-15.75914,-47.93301,,,,,2023-06-17T14:20:00+00:00
BRA_120693,Brasília,5300108,,Piracicabana,640.2,https://moovitapp.com/index/pt-br/transporte_p%C3%BAblico-line-640_2-Brasilia-1702-850942-697957-0,-1.0,-15.66292,-47.80215,,,,,2023-06-17T14:20:00+00:00
BRA_118974,Brasília,5300108,,Piracicabana,136.7,https://moovitapp.com/index/pt-br/transporte_p%C3%BAblico-line-136_7-Brasilia-1702-850942-242451-0,-1.0,-15.71065,-47.87926,,,,,2023-06-17T14:20:01+00:00
BRA_118796,Brasília,5300108,,Piracicabana,106.2,https://moovitapp.com/index/pt-br/transporte_p%C3%BAblico-line-106_2-Brasilia-1702-850942-242433-0,-1.0,-15.7341,-47.90146,,,,,2023-06-17T14:20:02+00:00
BRA_119121,Brasília,5300108,,Piracicabana,501.3,https://moovitapp.com/index/pt-br/transporte_p%C3%BAblico-line-501_3-Brasilia-1702-850942-242472-0,-1.0,-15.71751,-47.89861,,,,,2023-06-17T14:20:02+00:00
BRA_118885,Brasília,5300108,,Piracicabana,128.1,https://moovitapp.com/index/pt-br/transporte_p%C3%BAblico-line-128_1-Brasilia-1702-850942-53234107-0,-1.0,-15.72881,-47.91012,,,,,2023-06-17T14:20:03+00:00
BRA_120561,Brasília,5300108,,Piracicabana,601.1,https://moovitapp.com/index/pt-br/transporte_p%C3%BAblico-line-601_1-Brasilia-1702-850942-322377-0,-1.0,-15.61687,-47.65514,,,,,2023-06-17T14:20:03+00:00
BRA_119717,Brasília,5300108,,Piracicabana,063.1,https://moovitapp.com/index/pt-br/transporte_p%C3%BAblico-line-063_1-Brasilia-1702-850942-339291-0,-1.0,-15.65065,-47.78429,,,,,2023-06-17T14:20:07+00:00
BRA_119857,Brasília,5300108,,Piracicabana,640.2,https://moovitapp.com/index/pt-br/transporte_p%C3%BAblico-line-640_2-Brasilia-1702-850942-697957-0,-1.0,-15.75736,-47.8929,,,,,2023-06-17T14:20:07+00:00
BRA_120570,Brasília,5300108,,Piracicabana,504.1,https://moovitapp.com/index/pt-br/transporte_p%C3%BAblico-line-504_1-Brasilia-1702-850942-242476-0,-1.0,-15.64991,-47.79159,,,,,2023-06-17T14:20:07+00:00
BRA_120219,Brasília,5300108,,Piracicabana,0.114,https://moovitapp.com/index/pt-br/transporte_p%C3%BAblico-line-0_114-Brasilia-1702-850942-242379-0,-1.0,-15.80405,-47.89662,,,,,2023-06-17T14:20:08+00:00
BRA_119261,Brasília,5300108,,Piracicabana,0.517,https://moovitapp.com/index/pt-br/transporte_p%C3%BAblico-line-0_517-Brasilia-1702-850942-242400-0,-1.0,-15.64714,-47.82395,,,,,2023-06-17T14:20:08+00:00
BRA_118575,Brasília,5300108,,Piracicabana,115.1,https://moovitapp.com/index/pt-br/transporte_p%C3%BAblico-line-115_1-Brasilia-1702-850942-242436-0,-1.0,-15.73932,-47.88443,,,,,2023-06-17T14:20:09+00:00
BRA_120197,Brasília,5300108,,Piracicabana,616.8,https://moovitapp.com/index/pt-br/transporte_p%C3%BAblico-line-616_8-Brasilia-1702-850942-128977718-0,-1.0,-15.77568,-47.8803,,,,,2023-06-17T14:20:10+00:00
BRA_120111,Brasília,5300108,,Piracicabana,136.9,https://moovitapp.com/index/pt-br/transporte_p%C3%BAblico-line-136_9-Brasilia-1702-850942-773702-0,-1.0,-15.70879,-47.87956,,,,,2023-06-17T14:20:10+00:00
BRA_120308,Brasília,5300108,,Piracicabana,620.1,https://moovitapp.com/index/pt-br/transporte_p%C3%BAblico-line-620_1-Brasilia-1702-850942-697955-0,-1.0,-15.60576,-47.68892,,,,,2023-06-17T14:20:10+00:00
BRA_120669,Brasília,5300108,,Piracicabana,066.2,https://moovitapp.com/index/pt-br/transporte_p%C3%BAblico-line-066_2-Brasilia-1702-850942-339293-0,-1.0,-15.6165,-47.68687,,,,,2023-06-17T14:20:10+00:00
BRA_120774,Brasília,5300108,,Piracicabana,136.5,https://moovitapp.com/index/pt-br/transporte_p%C3%BAblico-line-136_5-Brasilia-1702-850942-516628-0,-1.0,-15.74269,-47.85307,,,,,2023-06-17T14:20:10+00:00
BRA_120782,Brasília,5300108,,Piracicabana,110.2,https://moovitapp.com/index/pt-br/transporte_p%C3%BAblico-line-110_2-Brasilia-1702-850942-339295-0,-1.0,-15.76341,-47.86445,,,,,2023-06-17T14:20:10+00:00
BRA_120456,Brasília,5300108,,Piracicabana,156.6,https://moovitapp.com/index/pt-br/transporte_p%C3%BAblico-line-156_6-Brasilia-1702-850942-516629-0,-1.0,-15.82508,-47.97905,,,,,2023-06-17T14:20:11+00:00
BRA_120511,Brasília,5300108,,Piracicabana,620.1,https://moovitapp.com/index/pt-br/transporte_p%C3%BAblico-line-620_1-Brasilia-1702-850942-697955-0,-1.0,-15.78863,-47.88042,,,,,2023-06-17T14:20:12+00:00
BRA_120821,Brasília,5300108,,Piracicabana,115.1,https://moovitapp.com/index/pt-br/transporte_p%C3%BAblico-line-115_1-Brasilia-1702-850942-242436-0,-1.0,-15.79475,-47.8821,,,,,2023-06-17T14:20:12+00:00
BRA_118532,Brasília,5300108,,Piracicabana,0.104,https://moovitapp.com/index/pt-br/transporte_p%C3%BAblico-line-0_104-Brasilia-1702-850942-242376-0,-1.0,-15.79341,-47.85428,,,,,2023-06-17T14:20:12+00:00
BRA_118478,Brasília,5300108,,Piracicabana,0.143,https://moovitapp.com/index/pt-br/transporte_p%C3%BAblico-line-0_143-Brasilia-1702-850942-470747-0,-1.0,-15.77572,-47.9402,,,,,2023-06-17T14:20:13+00:00
BRA_120766,Brasília,5300108,,Piracicabana,128.1,https://moovitapp.com/index/pt-br/transporte_p%C3%BAblico-line-128_1-Brasilia-1702-850942-53234107-0,-1.0,-15.78045,-47.88754,,,,,2023-06-17T14:20:13+00:00
BRA_120715,Brasília,5300108,,Piracicabana,0.504,https://moovitapp.com/index/pt-br/transporte_p%C3%BAblico-line-0_504-Brasilia-1702-850942-781321-0,-1.0,-15.62384,-47.65903,,,,,2023-06-17T14:20:13+00:00
BRA_120723,Brasília,5300108,,Piracicabana,616.8,https://moovitapp.com/index/pt-br/transporte_p%C3%BAblico-line-616_8-Brasilia-1702-850942-128977718-0,-1.0,-15.65545,-47.78658,,,,,2023-06-17T14:20:13+00:00
BRA_119881,Brasília,5300108,,Piracicabana,136.6,https://moovitapp.com/index/pt-br/transporte_p%C3%BAblico-line-136_6-Brasilia-1702-850942-773700-0,-1.0,-15.80425,-47.89677,,,,,2023-06-17T14:20:13+00:00
BRA_120642,Brasília,5300108,,Piracicabana,601.1,https://moovitapp.com/index/pt-br/transporte_p%C3%BAblico-line-601_1-Brasilia-1702-850942-322377-0,-1.0,-15.61754,-47.63426,,,,,2023-06-17T14:20:14+00:00
BRA_120464,Brasília,5300108,,Piracicabana,158.1,https://moovitapp.com/index/pt-br/transporte_p%C3%BAblico-line-158_1-Brasilia-1702-850942-775094-0,-1.0,-15.80549,-47.89796,,,,,2023-06-17T14:20:15+00:00
BRA_120367,Brasília,5300108,,Piracicabana,600.7,https://moovitapp.com/index/pt-br/transporte_p%C3%BAblico-line-600_7-Brasilia-1702-850942-698442-0,-1.0,-15.83518,-47.92549,,,,,2023-06-17T14:20:15+00:00
BRA_121045,Brasília,5300108,,Piracicabana,0.504,https://moovitapp.com/index/pt-br/transporte_p%C3%BAblico-line-0_504-Brasilia-1702-850942-781321-0,-1.0,-15.65185,-47.77798,,,,,2023-06-17T14:20:15+00:00
BRA_118699,Brasília,5300108,,Piracicabana,152.5,https://moovitapp.com/index/pt-br/transporte_p%C3%BAblico-line-152_5-Brasilia-1702-850942-542828-0,-1.0,-15.80232,-47.94064,,,,,2023-06-17T14:20:16+00:00
BRA_118249,Brasília,5300108,,Piracicabana,152.1,https://moovitapp.com/index/pt-br/transporte_p%C3%BAblico-line-152_1-Brasilia-1702-850942-542827-0,-1.0,-15.78428,-47.93083,,,,,2023-06-17T14:20:16+00:00
BRA_117765,Brasília,5300108,,Piracicabana,501.3,https://moovitapp.com/index/pt-br/transporte_p%C3%BAblico-line-501_3-Brasilia-1702-850942-242472-0,-1.0,-15.80963,-47.89146,,,,,2023-06-17T14:20:17+00:00
BRA_118800,Brasília,5300108,,Piracicabana,066.4,https://moovitapp.com/index/pt-br/transporte_p%C3%BAblico-line-066_4-Brasilia-1702-850942-763557-0,-1.0,-15.61891,-47.65404,,,,,2023-06-17T14:20:17+00:00
BRA_120065,Brasília,5300108,,Piracicabana,620.1,https://moovitapp.com/index/pt-br/transporte_p%C3%BAblico-line-620_1-Brasilia-1702-850942-697955-0,-1.0,-15.61853,-47.65465,,,,,2023-06-17T14:20:17+00:00
BRA_120952,Brasília,5300108,,Piracicabana,063.1,https://moovitapp.com/index/pt-br/transporte_p%C3%BAblico-line-063_1-Brasilia-1702-850942-339291-0,-1.0,-15.64541,-47.83614,,,,,2023-06-17T14:20:18+00:00
BRA_118214,Brasília,5300108,,Piracicabana,162.1,https://moovitapp.com/index/pt-br/transporte_p%C3%BAblico-line-162_1-Brasilia-1702-850942-762425-0,-1.0,-15.81691,-47.91219,,,,,2023-06-17T14:20:19+00:00
BRA_119253,Brasília,5300108,,Piracicabana,505.3,https://moovitapp.com/index/pt-br/transporte_p%C3%BAblico-line-505_3-Brasilia-1702-850942-352626-0,-1.0,-15.64972,-47.81318,,,,,2023-06-17T14:20:19+00:00
BRA_119831,Brasília,5300108,,Piracicabana,066.4,https://moovitapp.com/index/pt-br/transporte_p%C3%BAblico-line-066_4-Brasilia-1702-850942-763557-0,-1.0,-15.63023,-47.67329,,,,,2023-06-17T14:20:19+00:00
BRA_121070,Brasília,5300108,,Piracicabana,504.1,https://moovitapp.com/index/pt-br/transporte_p%C3%BAblico-line-504_1-Brasilia-1702-850942-242476-0,-1.0,-15.61669,-47.63761,,,,,2023-06-17T14:20:19+00:00
BRA_121096,Brasília,5300108,,Piracicabana,616.8,https://moovitapp.com/index/pt-br/transporte_p%C3%BAblico-line-616_8-Brasilia-1702-850942-128977718-0,-1.0,-15.63793,-47.64376,,,,,2023-06-17T14:20:20+00:00
BRA_120421,Brasília,5300108,,Piracicabana,0.110,https://moovitapp.com/index/pt-br/transporte_p%C3%BAblico-line-0_110-Brasilia-1702-850942-339284-0,-1.0,-15.79546,-47.87477,,,,,2023-06-17T14:20:20+00:00
BRA_119351,Brasília,5300108,,Piracicabana,512.1,https://moovitapp.com/index/pt-br/transporte_p%C3%BAblico-line-512_1-Brasilia-1702-850942-474401-0,-1.0,-15.80974,-47.90258,,,,,2023-06-17T14:20:20+00:00
BRA_119725,Brasília,5300108,,Piracicabana,162.1,https://moovitapp.com/index/pt-br/transporte_p%C3%BAblico-line-162_1-Brasilia-1702-850942-762425-0,-1.0,-15.84619,-47.97317,,,,,2023-06-17T14:20:20+00:00
BRA_120162,Brasília,5300108,,Piracicabana,0.509,https://moovitapp.com/index/pt-br/transporte_p%C3%BAblico-line-0_509-Brasilia-1702-850942-242397-0,-1.0,-15.8321,-47.9287,,,,,2023-06-17T14:20:21+00:00
BRA_118290,Brasília,5300108,,Piracicabana,105.2,https://moovitapp.com/index/pt-br/transporte_p%C3%BAblico-line-105_2-Brasilia-1702-850942-12015265-0,-1.0,-15.76345,-47.89134,,,,1,2023-06-17T14:20:21+00:00
BRA_118354,Brasília,5300108,,Piracicabana,066.3,https://moovitapp.com/index/pt-br/transporte_p%C3%BAblico-line-066_3-Brasilia-1702-850942-513542-0,-1.0,-15.61815,-47.65096,,,,,2023-06-17T14:20:21+00:00
BRA_117331,Brasília,5300108,,Piracicabana,099.1,https://moovitapp.com/index/pt-br/transporte_p%C3%BAblico-line-099_1-Brasilia-1702-850942-775090-0,-1.0,-15.78744,-47.93608,,,,,2023-06-17T14:20:21+00:00
BRA_118648,Brasília,5300108,,Piracicabana,620.1,https://moovitapp.com/index/pt-br/transporte_p%C3%BAblico-line-620_1-Brasilia-1702-850942-697955-0,-1.0,-15.59469,-47.66603,,,,,2023-06-17T14:20:22+00:00
BRA_118702,Brasília,5300108,,Piracicabana,102.6,https://moovitapp.com/index/pt-br/transporte_p%C3%BAblico-line-102_6-Brasilia-1702-850942-775091-0,-1.0,-15.83639,-47.93317,,,,,2023-06-17T14:20:23+00:00
BRA_119750,Brasília,5300108,,Piracicabana,062.6,https://moovitapp.com/index/pt-br/transporte_p%C3%BAblico-line-062_6-Brasilia-1702-850942-339289-0,-1.0,-15.64695,-47.8241,,,,,2023-06-17T14:20:23+00:00
BRA_119911,Brasília,5300108,,Piracicabana,158.1,https://moovitapp.com/index/pt-br/transporte_p%C3%BAblico-line-158_1-Brasilia-1702-850942-775094-0,-1.0,-15.80304,-47.89572,,,,,2023-06-17T14:20:23+00:00
BRA_121029,Brasília,5300108,,Piracicabana,600.7,https://moovitapp.com/index/pt-br/transporte_p%C3%BAblico-line-600_7-Brasilia-1702-850942-698442-0,-1.0,-15.7851,-47.88137,,,,,2023-06-17T14:20:23+00:00
BRA_120812,Brasília,5300108,,Piracicabana,0.150,https://moovitapp.com/index/pt-br/transporte_p%C3%BAblico-line-0_150-Brasilia-1702-850942-775086-0,-1.0,-15.79436,-47.94377,,,,1,2023-06-17T14:20:23+00:00
BRA_120405,Brasília,5300108,,Piracicabana,600.7,https://moovitapp.com/index/pt-br/transporte_p%C3%BAblico-line-600_7-Brasilia-1702-850942-698442-0,-1.0,-15.60165,-47.65435,,,,,2023-06-17T14:20:24+00:00
BRA_118893,Brasília,5300108,,Piracicabana,0.116,https://moovitapp.com/index/pt-br/transporte_p%C3%BAblico-line-0_116-Brasilia-1702-850942-242381-0,-1.0,-15.74634,-47.89647,,,,,2023-06-17T14:20:24+00:00
BRA_118907,Brasília,5300108,,Piracicabana,640.2,https://moovitapp.com/index/pt-br/transporte_p%C3%BAblico-line-640_2-Brasilia-1702-850942-697957-0,-1.0,-15.76428,-47.8909,,,,,2023-06-17T14:20:25+00:00
BRA_120294,Brasília,5300108,,Piracicabana,153.2,https://moovitapp.com/index/pt-br/transporte_p%C3%BAblico-line-153_2-Brasilia-1702-850942-775093-0,-1.0,-15.84612,-47.9785,,,,,2023-06-17T14:20:25+00:00
BRA_118222,Brasília,5300108,,Piracicabana,152.5,https://moovitapp.com/index/pt-br/transporte_p%C3%BAblico-line-152_5-Brasilia-1702-850942-542828-0,-1.0,-15.80409,-47.93058,,,,,2023-06-17T14:20:25+00:00
BRA_121002,Brasília,5300108,,Piracicabana,0.504,https://moovitapp.com/index/pt-br/transporte_p%C3%BAblico-line-0_504-Brasilia-1702-850942-781321-0,-1.0,-15.62255,-47.71961,,,,,2023-06-17T14:20:26+00:00
BRA_119989,Brasília,5300108,,Piracicabana,600.7,https://moovitapp.com/index/pt-br/transporte_p%C3%BAblico-line-600_7-Brasilia-1702-850942-698442-0,-1.0,-15.62755,-47.72798,,,,,2023-06-17T14:20:27+00:00
BRA_119032,Brasília,5300108,,Piracicabana,116.2,https://moovitapp.com/index/pt-br/transporte_p%C3%BAblico-line-116_2-Brasilia-1702-850942-60842780-0,-1.0,-15.73677,-47.89838,,,,1,2023-06-17T14:20:27+00:00
BRA_118877,Brasília,5300108,,Piracicabana,105.2,https://moovitapp.com/index/pt-br/transporte_p%C3%BAblico-line-105_2-Brasilia-1702-850942-12015265-0,-1.0,-15.83698,-47.91766,,,,,2023-06-17T14:20:27+00:00
BRA_119199,Brasília,5300108,,Piracicabana,501.3,https://moovitapp.com/index/pt-br/transporte_p%C3%BAblico-line-501_3-Brasilia-1702-850942-242472-0,-1.0,-15.69416,-47.87048,,,,,2023-06-17T14:20:27+00:00
BRA_118966,Brasília,5300108,,Piracicabana,0.617,https://moovitapp.com/index/pt-br/transporte_p%C3%BAblico-line-0_617-Brasilia-1702-850942-242417-0,-1.0,-15.68065,-47.65818,,,,,2023-06-17T14:20:28+00:00
BRA_119709,Brasília,5300108,,Piracicabana,601.2,https://moovitapp.com/index/pt-br/transporte_p%C3%BAblico-line-601_2-Brasilia-1702-850942-322378-0,-1.0,-15.61854,-47.65393,,,,,2023-06-17T14:20:28+00:00
BRA_119636,Brasília,5300108,,Piracicabana,505.8,https://moovitapp.com/index/pt-br/transporte_p%C3%BAblico-line-505_8-Brasilia-1702-850942-339297-0,-1.0,-15.65036,-47.78602,,,,1,2023-06-17T14:20:28+00:00
BRA_120898,Brasília,5300108,,Piracicabana,106.2,https://moovitapp.com/index/pt-br/transporte_p%C3%BAblico-line-106_2-Brasilia-1702-850942-242433-0,-1.0,-15.8097,-47.90247,,,,,2023-06-17T14:20:28+00:00
BRA_117315,Brasília,5300108,,Piracicabana,158.1,https://moovitapp.com/index/pt-br/transporte_p%C3%BAblico-line-158_1-Brasilia-1702-850942-775094-0,-1.0,-15.78947,-47.94287,,,,,2023-06-17T14:20:29+00:00
BRA_118311,Brasília,5300108,,Piracicabana,0.151,https://moovitapp.com/index/pt-br/transporte_p%C3%BAblico-line-0_151-Brasilia-1702-850942-775087-0,-1.0,-15.79615,-47.93364,,,,,2023-06-17T14:20:30+00:00
BRA_119083,Brasília,5300108,,Piracicabana,062.5,https://moovitapp.com/index/pt-br/transporte_p%C3%BAblico-line-062_5-Brasilia-1702-850942-339835-0,-1.0,-15.6641,-47.84203,,,,,2023-06-17T14:20:31+00:00
BRA_118940,Brasília,5300108,,Piracicabana,0.116,https://moovitapp.com/index/pt-br/transporte_p%C3%BAblico-line-0_116-Brasilia-1702-850942-242381-0,-1.0,-15.79324,-47.88186,,,,1,2023-06-17T14:20:31+00:00
BRA_119873,Brasília,5300108,,Piracicabana,064.1,https://moovitapp.com/index/pt-br/transporte_p%C3%BAblico-line-064_1-Brasilia-1702-850942-339292-0,-1.0,-15.64377,-47.64894,,,,1,2023-06-17T14:20:31+00:00
BRA_120324,Brasília,5300108,,Piracicabana,136.9,https://moovitapp.com/index/pt-br/transporte_p%C3%BAblico-line-136_9-Brasilia-1702-850942-773702-0,-1.0,-15.83673,-47.93348,,,,1,2023-06-17T14:20:32+00:00
BRA_121053,Brasília,5300108,,Piracicabana,162.1,https://moovitapp.com/index/pt-br/transporte_p%C3%BAblico-line-162_1-Brasilia-1702-850942-762425-0,-1.0,-15.79371,-47.88293,,,,1,2023-06-17T14:20:32+00:00
BRA_119580,Brasília,5300108,,Piracicabana,062.7,https://moovitapp.com/index/pt-br/transporte_p%C3%BAblico-line-062_7-Brasilia-1702-850942-494154-0,-1.0,-15.65001,-47.78762,,,,,2023-06-17T14:20:32+00:00
BRA_119482,Brasília,5300108,,Piracicabana,505.5,https://moovitapp.com/index/pt-br/transporte_p%C3%BAblico-line-505_5-Brasilia-1702-850942-651521-0,-1.0,-15.64538,-47.82501,,,,,2023-06-17T14:20:32+00:00
BRA_118435,Brasília,5300108,,Piracicabana,600.7,https://moovitapp.com/index/pt-br/transporte_p%C3%BAblico-line-600_7-Brasilia-1702-850942-698442-0,-1.0,-15.65649,-47.78798,,,,,2023-06-17T14:20:32+00:00
BRA_119211,Brasília,5300108,,Piracicabana,501.7,https://moovitapp.com/index/pt-br/transporte_p%C3%BAblico-line-501_7-Brasilia-1702-850942-519379-0,-1.0,-15.64466,-47.77351,,,,,2023-06-17T14:20:33+00:00
BRA_119164,Brasília,5300108,,Piracicabana,062.5,https://moovitapp.com/index/pt-br/transporte_p%C3%BAblico-line-062_5-Brasilia-1702-850942-339835-0,-1.0,-15.65023,-47.81268,,,,,2023-06-17T14:20:33+00:00
BRA_120588,Brasília,5300108,,Piracicabana,136.9,https://moovitapp.com/index/pt-br/transporte_p%C3%BAblico-line-136_9-Brasilia-1702-850942-773702-0,-1.0,-15.75928,-47.88576,,,,,2023-06-17T14:20:33+00:00
BRA_118150,Brasília,5300108,,Piracicabana,600.7,https://moovitapp.com/index/pt-br/transporte_p%C3%BAblico-line-600_7-Brasilia-1702-850942-698442-0,-1.0,-15.62232,-47.71922,,,,,2023-06-17T14:20:34+00:00
BRA_116149,Brasília,5300108,,Piracicabana,601.5,https://moovitapp.com/index/pt-br/transporte_p%C3%BAblico-line-601_5-Brasilia-1702-850942-697953-0,-1.0,-15.61876,-47.65417,,,,1,2023-06-17T14:20:35+00:00
BRA_120332,Brasília,5300108,,Piracicabana,103.2,https://moovitapp.com/index/pt-br/transporte_p%C3%BAblico-line-103_2-Brasilia-1702-850942-474397-0,-1.0,-15.80817,-47.90067,,,,,2023-06-17T14:20:36+00:00
BRA_120341,Brasília,5300108,,Piracicabana,600.7,https://moovitapp.com/index/pt-br/transporte_p%C3%BAblico-line-600_7-Brasilia-1702-850942-698442-0,-1.0,-15.7254,-47.89617,,,,,2023-06-17T14:20:36+00:00
BRA_119814,Brasília,5300108,,Piracicabana,640.2,https://moovitapp.com/index/pt-br/transporte_p%C3%BAblico-line-640_2-Brasilia-1702-850942-697957-0,-1.0,-15.64398,-47.7603,,,,,2023-06-17T14:20:36+00:00
BRA_120871,Brasília,5300108,,Piracicabana,115.1,https://moovitapp.com/index/pt-br/transporte_p%C3%BAblico-line-115_1-Brasilia-1702-850942-242436-0,-1.0,-15.79373,-47.88169,,,,1,2023-06-17T14:20:36+00:00
BRA_121088,Brasília,5300108,,Piracicabana,601.3,https://moovitapp.com/index/pt-br/transporte_p%C3%BAblico-line-601_3-Brasilia-1702-850942-339836-0,-1.0,-15.61889,-47.65401,,,,1,2023-06-17T14:20:36+00:00
BRA_120413,Brasília,5300108,,Piracicabana,064.1,https://moovitapp.com/index/pt-br/transporte_p%C3%BAblico-line-064_1-Brasilia-1702-850942-339292-0,-1.0,-15.60691,-47.64252,,,,,2023-06-17T14:20:37+00:00
BRA_119555,Brasília,5300108,,Piracicabana,501.2,https://moovitapp.com/index/pt-br/transporte_p%C3%BAblico-line-501_2-Brasilia-1702-850942-786258-0,-1.0,-15.8072,-47.88964,,,,,2023-06-17T14:20:37+00:00
BRA_119491,Brasília,5300108,,Piracicabana,063.1,https://moovitapp.com/index/pt-br/transporte_p%C3%BAblico-line-063_1-Brasilia-1702-850942-339291-0,-1.0,-15.65033,-47.75432,,,,,2023-06-17T14:20:37+00:00
BRA_118664,Brasília,5300108,,Piracicabana,067.3,https://moovitapp.com/index/pt-br/transporte_p%C3%BAblico-line-067_3-Brasilia-1702-850942-339294-0,-1.0,-15.67171,-47.64729,,,,,2023-06-17T14:20:37+00:00
BRA_119521,Brasília,5300108,,Piracicabana,107.1,https://moovitapp.com/index/pt-br/transporte_p%C3%BAblico-line-107_1-Brasilia-1702-850942-242434-0,-1.0,-15.84041,-47.92177,,,,1,2023-06-17T14:20:38+00:00
BRA_119016,Brasília,5300108,,Piracicabana,152.5,https://moovitapp.com/index/pt-br/transporte_p%C3%BAblico-line-152_5-Brasilia-1702-850942-542828-0,-1.0,-15.78511,-47.91228,,,,,2023-06-17T14:20:38+00:00
BRA_120278,Brasília,5300108,,Piracicabana,504.1,https://moovitapp.com/index/pt-br/transporte_p%C3%BAblico-line-504_1-Brasilia-1702-850942-242476-0,-1.0,-15.60229,-47.64814,,,,,2023-06-17T14:20:38+00:00
BRA_118206,Brasília,5300108,,Piracicabana,115.1,https://moovitapp.com/index/pt-br/transporte_p%C3%BAblico-line-115_1-Brasilia-1702-850942-242436-0,-1.0,-15.75099,-47.89572,,,,1,2023-06-17T14:20:39+00:00
BRA_119741,Brasília,5300108,,Piracicabana,505.8,https://moovitapp.com/index/pt-br/transporte_p%C3%BAblico-line-505_8-Brasilia-1702-850942-339297-0,-1.0,-15.65805,-47.85557,,,,,2023-06-17T14:20:40+00:00
BRA_120251,Brasília,5300108,,Piracicabana,116.2,https://moovitapp.com/index/pt-br/transporte_p%C3%BAblico-line-116_2-Brasilia-1702-850942-60842780-0,-1.0,-15.79302,-47.88211,,,,,2023-06-17T14:20:48+00:00
BRA_120901,Brasília,5300108,,Piracicabana,0.169,https://moovitapp.com/index/pt-br/transporte_p%C3%BAblico-line-0_169-Brasilia-1702-850942-242393-0,-1.0,-15.73935,-47.89863,,,,,2023-06-17T14:20:48+00:00
BRA_118745,Brasília,5300108,,Piracicabana,0.110,https://moovitapp.com/index/pt-br/transporte_p%C3%BAblico-line-0_110-Brasilia-1702-850942-339284-0,-1.0,-15.79428,-47.88261,,,,1,2023-06-17T14:20:48+00:00
BRA_120839,Brasília,5300108,,Piracicabana,099.1,https://moovitapp.com/index/pt-br/transporte_p%C3%BAblico-line-099_1-Brasilia-1702-850942-775090-0,-1.0,-15.8363,-48.05587,,,,1,2023-06-17T14:20:51+00:00
