bus_id,city,city_code,adapted,agency,line_code,line_url,line_fare,latitude,longitude,bus_speed,is_eletric,bus_type,bus_direction,updated_at
BRA_340235,Brasília,5300108,,Urbi,0.053,https://moovitapp.com/index/pt-br/transporte_p%C3%BAblico-line-0_053-Brasilia-1702-851595-588803-0,-1.0,-15.80777,-48.06603,0.0,,,1,2023-06-18T10:45:59+00:00
BRA_336980,Brasília,5300108,,Urbi,813.2,https://moovitapp.com/index/pt-br/transporte_p%C3%BAblico-line-813_2-Brasilia-1702-851595-242636-0,-1.0,-15.73596,-47.90733,0.0,,,2,2023-06-18T10:50:11+00:00
BRA_335681,Brasília,5300108,,Urbi,366.1,https://moovitapp.com/index/pt-br/transporte_p%C3%BAblico-line-366_1-Brasilia-1702-851595-425249-0,-1.0,-15.88032,-48.07587,0.0,,,1,2023-06-18T10:54:19+00:00
BRA_336343,Brasília,5300108,,Urbi,394.1,https://moovitapp.com/index/pt-br/transporte_p%C3%BAblico-line-394_1-Brasilia-1702-851595-334089-0,-1.0,-15.81173,-47.97781,19.44,,,1,2023-06-18T10:54:53+00:00
BRA_338010,Brasília,5300108,,Urbi,814.1,https://moovitapp.com/index/pt-br/transporte_p%C3%BAblico-line-814_1-Brasilia-1702-851595-492985-0,-1.0,-15.88906,-48.05825,20.28,,,1,2023-06-18T10:56:29+00:00
BRA_335312,Brasília,5300108,,Urbi,0.394,https://moovitapp.com/index/pt-br/transporte_p%C3%BAblico-line-0_394-Brasilia-1702-851595-334076-0,-1.0,-15.87156,-48.06536,11.67,,,1,2023-06-18T10:56:46+00:00
BRA_339075,Brasília,5300108,,Urbi,0.882,https://moovitapp.com/index/pt-br/transporte_p%C3%BAblico-line-0_882-Brasilia-1702-851595-363858-0,-1.0,-15.91522,-48.04715,6.39,,,1,2023-06-18T10:57:00+00:00
BRA_339032,Brasília,5300108,,Urbi,0.810,https://moovitapp.com/index/pt-br/transporte_p%C3%BAblico-line-0_810-Brasilia-1702-851595-363856-0,-1.0,-15.83891,-47.95325,19.72,,,2,2023-06-18T10:57:14+00:00
BRA_338168,Brasília,5300108,,Urbi,0.814,https://moovitapp.com/index/pt-br/transporte_p%C3%BAblico-line-0_814-Brasilia-1702-851595-492980-0,-1.0,-15.85878,-48.06804,0.28,,,1,2023-06-18T10:57:14+00:00
BRA_340481,Brasília,5300108,,Urbi,373.2,https://moovitapp.com/index/pt-br/transporte_p%C3%BAblico-line-373_2-Brasilia-1702-851595-334084-0,-1.0,-15.81992,-47.90607,18.89,,,2,2023-06-18T10:57:16+00:00
BRA_339385,Brasília,5300108,,Urbi,366.7,https://moovitapp.com/index/pt-br/transporte_p%C3%BAblico-line-366_7-Brasilia-1702-851595-650086-0,-1.0,-15.85857,-48.06942,12.78,,,2,2023-06-18T10:57:23+00:00
BRA_338443,Brasília,5300108,,Urbi,0.172,https://moovitapp.com/index/pt-br/transporte_p%C3%BAblico-line-0_172-Brasilia-1702-851595-470756-0,-1.0,-15.79803,-47.88358,13.06,,,1,2023-06-18T10:57:24+00:00
BRA_337081,Brasília,5300108,,Urbi,0.810,https://moovitapp.com/index/pt-br/transporte_p%C3%BAblico-line-0_810-Brasilia-1702-851595-363856-0,-1.0,-15.92971,-48.10958,13.06,,,1,2023-06-18T10:57:24+00:00
BRA_337226,Brasília,5300108,,Urbi,0.882,https://moovitapp.com/index/pt-br/transporte_p%C3%BAblico-line-0_882-Brasilia-1702-851595-363858-0,-1.0,-15.78573,-47.91175,16.11,,,2,2023-06-18T10:57:25+00:00
BRA_338494,Brasília,5300108,,Urbi,084.1,https://moovitapp.com/index/pt-br/transporte_p%C3%BAblico-line-084_1-Brasilia-1702-851595-466292-0,-1.0,-15.87673,-47.99285,21.67,,,1,2023-06-18T10:57:28+00:00
BRA_333972,Brasília,5300108,,Urbi,366.1,https://moovitapp.com/index/pt-br/transporte_p%C3%BAblico-line-366_1-Brasilia-1702-851595-425249-0,-1.0,-15.87698,-48.09905,10.56,,,2,2023-06-18T10:57:29+00:00
BRA_336378,Brasília,5300108,,Urbi,0.380,https://moovitapp.com/index/pt-br/transporte_p%C3%BAblico-line-0_380-Brasilia-1702-851595-334073-0,-1.0,-15.83037,-48.05391,10.56,,,1,2023-06-18T10:57:29+00:00
BRA_339229,Brasília,5300108,,Urbi,0.163,https://moovitapp.com/index/pt-br/transporte_p%C3%BAblico-line-0_163-Brasilia-1702-851595-352629-0,-1.0,-15.78688,-47.90803,0.0,,,1,2023-06-18T10:57:31+00:00
BRA_340464,Brasília,5300108,,Urbi,391.3,https://moovitapp.com/index/pt-br/transporte_p%C3%BAblico-line-391_3-Brasilia-1702-851595-372373-0,-1.0,-15.82497,-47.93354,0.0,,,2,2023-06-18T10:57:31+00:00
BRA_336670,Brasília,5300108,,Urbi,0.394,https://moovitapp.com/index/pt-br/transporte_p%C3%BAblico-line-0_394-Brasilia-1702-851595-334076-0,-1.0,-15.82187,-48.02208,18.33,,,2,2023-06-18T10:57:32+00:00
BRA_338257,Brasília,5300108,,Urbi,0.883,https://moovitapp.com/index/pt-br/transporte_p%C3%BAblico-line-0_883-Brasilia-1702-851595-510239-0,-1.0,-15.84167,-48.07549,16.39,,,2,2023-06-18T10:57:32+00:00
BRA_336424,Brasília,5300108,,Urbi,0.871,https://moovitapp.com/index/pt-br/transporte_p%C3%BAblico-line-0_871-Brasilia-1702-851595-418741-0,-1.0,-15.79301,-47.88269,2.5,,,2,2023-06-18T10:57:33+00:00
BRA_339253,Brasília,5300108,,Urbi,0.367,https://moovitapp.com/index/pt-br/transporte_p%C3%BAblico-line-0_367-Brasilia-1702-851595-519380-0,-1.0,-15.87795,-48.11731,7.22,,,1,2023-06-18T10:57:34+00:00
BRA_340251,Brasília,5300108,,Urbi,372.3,https://moovitapp.com/index/pt-br/transporte_p%C3%BAblico-line-372_3-Brasilia-1702-851595-641001-0,-1.0,-15.81096,-48.06492,17.22,,,1,2023-06-18T10:57:34+00:00
BRA_339041,Brasília,5300108,,Urbi,0.808,https://moovitapp.com/index/pt-br/transporte_p%C3%BAblico-line-0_808-Brasilia-1702-851595-372359-0,-1.0,-15.91124,-48.09323,12.5,,,1,2023-06-18T10:57:34+00:00
BRA_338001,Brasília,5300108,,Urbi,038.1,https://moovitapp.com/index/pt-br/transporte_p%C3%BAblico-line-038_1-Brasilia-1702-851595-781327-0,-1.0,-15.83207,-48.05239,18.61,,,1,2023-06-18T10:57:34+00:00
BRA_338401,Brasília,5300108,,Urbi,807.9,https://moovitapp.com/index/pt-br/transporte_p%C3%BAblico-line-807_9-Brasilia-1702-851595-322409-0,-1.0,-15.91665,-48.05634,17.22,,,1,2023-06-18T10:57:34+00:00
BRA_338958,Brasília,5300108,,Urbi,0.808,https://moovitapp.com/index/pt-br/transporte_p%C3%BAblico-line-0_808-Brasilia-1702-851595-372359-0,-1.0,-15.78853,-48.1343,1.39,,,2,2023-06-18T10:57:35+00:00
BRA_338893,Brasília,5300108,,Urbi,871.3,https://moovitapp.com/index/pt-br/transporte_p%C3%BAblico-line-871_3-Brasilia-1702-851595-588820-0,-1.0,-15.82828,-47.92798,17.22,,,1,2023-06-18T10:57:35+00:00
BRA_340324,Brasília,5300108,,Urbi,0.399,https://moovitapp.com/index/pt-br/transporte_p%C3%BAblico-line-0_399-Brasilia-1702-851595-454964-0,-1.0,-15.83594,-48.09929,11.39,,,2,2023-06-18T10:57:35+00:00
BRA_336718,Brasília,5300108,,Urbi,0.347,https://moovitapp.com/index/pt-br/transporte_p%C3%BAblico-line-0_347-Brasilia-1702-851595-347128-0,-1.0,-15.83652,-48.06555,18.61,,,1,2023-06-18T10:57:35+00:00
BRA_337161,Brasília,5300108,,Urbi,874.4,https://moovitapp.com/index/pt-br/transporte_p%C3%BAblico-line-874_4-Brasilia-1702-851595-775106-0,-1.0,-15.92412,-48.04684,15.0,,,1,2023-06-18T10:57:35+00:00
BRA_336262,Brasília,5300108,,Urbi,0.391,https://moovitapp.com/index/pt-br/transporte_p%C3%BAblico-line-0_391-Brasilia-1702-851595-372354-0,-1.0,-15.86869,-48.05587,6.94,,,2,2023-06-18T10:57:35+00:00
BRA_336416,Brasília,5300108,,Urbi,0.813,https://moovitapp.com/index/pt-br/transporte_p%C3%BAblico-line-0_813-Brasilia-1702-851595-651523-0,-1.0,-15.83024,-48.03879,16.39,,,2,2023-06-18T10:57:35+00:00
BRA_337463,Brasília,5300108,,Urbi,0.809,https://moovitapp.com/index/pt-br/transporte_p%C3%BAblico-line-0_809-Brasilia-1702-851595-516630-0,-1.0,-15.9118,-48.09408,0.0,,,1,2023-06-18T10:57:36+00:00
BRA_336700,Brasília,5300108,,Urbi,0.825,https://moovitapp.com/index/pt-br/transporte_p%C3%BAblico-line-0_825-Brasilia-1702-851595-334081-0,-1.0,-15.88969,-48.1026,10.83,,,2,2023-06-18T10:57:36+00:00
BRA_338028,Brasília,5300108,,Urbi,0.368,https://moovitapp.com/index/pt-br/transporte_p%C3%BAblico-line-0_368-Brasilia-1702-851595-706971-0,-1.0,-15.8376,-48.05904,0.0,,,1,2023-06-18T10:57:37+00:00
BRA_339121,Brasília,5300108,,Urbi,806.1,https://moovitapp.com/index/pt-br/transporte_p%C3%BAblico-line-806_1-Brasilia-1702-851595-775104-0,-1.0,-15.86442,-48.0579,8.06,,,1,2023-06-18T10:57:37+00:00
BRA_340499,Brasília,5300108,,Urbi,0.391,https://moovitapp.com/index/pt-br/transporte_p%C3%BAblico-line-0_391-Brasilia-1702-851595-372354-0,-1.0,-15.87837,-48.05136,11.67,,,1,2023-06-18T10:57:37+00:00
BRA_337773,Brasília,5300108,,Urbi,0.873,https://moovitapp.com/index/pt-br/transporte_p%C3%BAblico-line-0_873-Brasilia-1702-851595-510238-0,-1.0,-15.83239,-48.07747,9.17,,,1,2023-06-18T10:57:37+00:00
BRA_335967,Brasília,5300108,,Urbi,0.082,https://moovitapp.com/index/pt-br/transporte_p%C3%BAblico-line-0_082-Brasilia-1702-851595-781326-0,-1.0,-15.7487,-47.92201,20.56,,,1,2023-06-18T10:57:37+00:00
BRA_340600,Brasília,5300108,,Urbi,0.054,https://moovitapp.com/index/pt-br/transporte_p%C3%BAblico-line-0_054-Brasilia-1702-851595-454960-0,-1.0,-15.90087,-48.12682,0.0,,,1,2023-06-18T10:57:38+00:00
BRA_339148,Brasília,5300108,,Urbi,874.4,https://moovitapp.com/index/pt-br/transporte_p%C3%BAblico-line-874_4-Brasilia-1702-851595-775106-0,-1.0,-15.84939,-47.95497,15.0,,,2,2023-06-18T10:57:38+00:00
BRA_338516,Brasília,5300108,,Urbi,872.1,https://moovitapp.com/index/pt-br/transporte_p%C3%BAblico-line-872_1-Brasilia-1702-851595-470760-0,-1.0,-15.86135,-48.03717,6.94,,,1,2023-06-18T10:57:39+00:00
BRA_340430,Brasília,5300108,,Urbi,396.3,https://moovitapp.com/index/pt-br/transporte_p%C3%BAblico-line-396_3-Brasilia-1702-851595-372378-0,-1.0,-15.8993,-48.12172,8.06,,,2,2023-06-18T10:57:39+00:00
BRA_336254,Brasília,5300108,,Urbi,0.825,https://moovitapp.com/index/pt-br/transporte_p%C3%BAblico-line-0_825-Brasilia-1702-851595-334081-0,-1.0,-15.87872,-48.07061,0.0,,,1,2023-06-18T10:57:39+00:00
BRA_336076,Brasília,5300108,,Urbi,0.373,https://moovitapp.com/index/pt-br/transporte_p%C3%BAblico-line-0_373-Brasilia-1702-851595-334072-0,-1.0,-15.87711,-48.01919,16.39,,,2,2023-06-18T10:57:39+00:00
BRA_336131,Brasília,5300108,,Urbi,0.087,https://moovitapp.com/index/pt-br/transporte_p%C3%BAblico-line-0_087-Brasilia-1702-851595-242519-0,-1.0,-15.92863,-48.04142,19.17,,,1,2023-06-18T10:57:40+00:00
BRA_335789,Brasília,5300108,,Urbi,366.7,https://moovitapp.com/index/pt-br/transporte_p%C3%BAblico-line-366_7-Brasilia-1702-851595-650086-0,-1.0,-15.89433,-48.14828,5.0,,,1,2023-06-18T10:57:40+00:00
BRA_340448,Brasília,5300108,,Urbi,0.366,https://moovitapp.com/index/pt-br/transporte_p%C3%BAblico-line-0_366-Brasilia-1702-851595-650085-0,-1.0,-15.88641,-48.1466,7.78,,,2,2023-06-18T10:57:41+00:00
BRA_337561,Brasília,5300108,,Urbi,872.9,https://moovitapp.com/index/pt-br/transporte_p%C3%BAblico-line-872_9-Brasilia-1702-851595-372394-0,-1.0,-15.90071,-48.04653,2.22,,,1,2023-06-18T10:57:41+00:00
BRA_336831,Brasília,5300108,,Urbi,0.805,https://moovitapp.com/index/pt-br/transporte_p%C3%BAblico-line-0_805-Brasilia-1702-851595-460800-0,-1.0,-15.82048,-48.06512,13.06,,,1,2023-06-18T10:57:42+00:00
BRA_340243,Brasília,5300108,,Urbi,393.7,https://moovitapp.com/index/pt-br/transporte_p%C3%BAblico-line-393_7-Brasilia-1702-851595-588818-0,-1.0,-15.89539,-48.12232,4.17,,,1,2023-06-18T10:57:42+00:00
BRA_338061,Brasília,5300108,,Urbi,086.1,https://moovitapp.com/index/pt-br/transporte_p%C3%BAblico-line-086_1-Brasilia-1702-851595-481321-0,-1.0,-15.87544,-47.98364,17.78,,,1,2023-06-18T10:57:43+00:00
BRA_337269,Brasília,5300108,,Urbi,0.809,https://moovitapp.com/index/pt-br/transporte_p%C3%BAblico-line-0_809-Brasilia-1702-851595-516630-0,-1.0,-15.87771,-48.0081,6.67,,,2,2023-06-18T10:57:43+00:00
BRA_336602,Brasília,5300108,,Urbi,0.087,https://moovitapp.com/index/pt-br/transporte_p%C3%BAblico-line-0_087-Brasilia-1702-851595-242519-0,-1.0,-15.80643,-47.96839,3.61,,,1,2023-06-18T10:57:44+00:00
BRA_339067,Brasília,5300108,,Urbi,0.808,https://moovitapp.com/index/pt-br/transporte_p%C3%BAblico-line-0_808-Brasilia-1702-851595-372359-0,-1.0,-15.85765,-48.06998,12.78,,,2,2023-06-18T10:57:44+00:00
BRA_338664,Brasília,5300108,,Urbi,807.9,https://moovitapp.com/index/pt-br/transporte_p%C3%BAblico-line-807_9-Brasilia-1702-851595-322409-0,-1.0,-15.86915,-48.0566,7.78,,,2,2023-06-18T10:57:45+00:00
BRA_338435,Brasília,5300108,,Urbi,807.8,https://moovitapp.com/index/pt-br/transporte_p%C3%BAblico-line-807_8-Brasilia-1702-851595-322408-0,-1.0,-15.92873,-48.10865,4.44,,,1,2023-06-18T10:57:45+00:00
BRA_340278,Brasília,5300108,,Urbi,056.4,https://moovitapp.com/index/pt-br/transporte_p%C3%BAblico-line-056_4-Brasilia-1702-851595-519387-0,-1.0,-15.82602,-48.11819,5.83,,,1,2023-06-18T10:57:45+00:00
BRA_336360,Brasília,5300108,,Urbi,396.2,https://moovitapp.com/index/pt-br/transporte_p%C3%BAblico-line-396_2-Brasilia-1702-851595-372377-0,-1.0,-15.73592,-47.9072,0.0,,,2,2023-06-18T10:57:45+00:00
BRA_336467,Brasília,5300108,,Urbi,0.811,https://moovitapp.com/index/pt-br/transporte_p%C3%BAblico-line-0_811-Brasilia-1702-851595-334078-0,-1.0,-15.89116,-48.04926,5.56,,,1,2023-06-18T10:57:45+00:00
BRA_337676,Brasília,5300108,,Urbi,0.898,https://moovitapp.com/index/pt-br/transporte_p%C3%BAblico-line-0_898-Brasilia-1702-851595-322394-0,-1.0,-15.84505,-48.10579,8.61,,,1,2023-06-18T10:57:45+00:00
BRA_335916,Brasília,5300108,,Urbi,398.1,https://moovitapp.com/index/pt-br/transporte_p%C3%BAblico-line-398_1-Brasilia-1702-851595-510241-0,-1.0,-15.82927,-48.07827,15.0,,,2,2023-06-18T10:57:46+00:00
BRA_339181,Brasília,5300108,,Urbi,373.2,https://moovitapp.com/index/pt-br/transporte_p%C3%BAblico-line-373_2-Brasilia-1702-851595-334084-0,-1.0,-15.879,-48.05211,0.0,,,1,2023-06-18T10:57:46+00:00
BRA_338320,Brasília,5300108,,Urbi,812.1,https://moovitapp.com/index/pt-br/transporte_p%C3%BAblico-line-812_1-Brasilia-1702-851595-372386-0,-1.0,-15.83948,-48.09739,5.0,,,1,2023-06-18T10:57:47+00:00
BRA_336394,Brasília,5300108,,Urbi,380.2,https://moovitapp.com/index/pt-br/transporte_p%C3%BAblico-line-380_2-Brasilia-1702-851595-334086-0,-1.0,-15.86759,-48.0845,9.72,,,2,2023-06-18T10:57:47+00:00
BRA_336891,Brasília,5300108,,Urbi,871.3,https://moovitapp.com/index/pt-br/transporte_p%C3%BAblico-line-871_3-Brasilia-1702-851595-588820-0,-1.0,-15.89662,-48.05623,16.39,,,2,2023-06-18T10:57:47+00:00
BRA_336459,Brasília,5300108,,Urbi,0.871,https://moovitapp.com/index/pt-br/transporte_p%C3%BAblico-line-0_871-Brasilia-1702-851595-418741-0,-1.0,-15.91142,-48.05583,12.22,,,1,2023-06-18T10:57:48+00:00
BRA_335843,Brasília,5300108,,Urbi,0.346,https://moovitapp.com/index/pt-br/transporte_p%C3%BAblico-line-0_346-Brasilia-1702-851595-46461186-0,-1.0,-15.84022,-47.96637,6.67,,,1,2023-06-18T10:57:48+00:00
BRA_335487,Brasília,5300108,,Urbi,0.393,https://moovitapp.com/index/pt-br/transporte_p%C3%BAblico-line-0_393-Brasilia-1702-851595-588805-0,-1.0,-15.80363,-48.0691,11.11,,,1,2023-06-18T10:57:48+00:00
BRA_339164,Brasília,5300108,,Urbi,0.872,https://moovitapp.com/index/pt-br/transporte_p%C3%BAblico-line-0_872-Brasilia-1702-851595-466291-0,-1.0,-15.80729,-48.08064,5.83,,,1,2023-06-18T10:57:48+00:00
BRA_338231,Brasília,5300108,,Urbi,870.7,https://moovitapp.com/index/pt-br/transporte_p%C3%BAblico-line-870_7-Brasilia-1702-851595-531037-0,-1.0,-15.83488,-47.92433,15.83,,,1,2023-06-18T10:57:49+00:00
BRA_337811,Brasília,5300108,,Urbi,870.7,https://moovitapp.com/index/pt-br/transporte_p%C3%BAblico-line-870_7-Brasilia-1702-851595-531037-0,-1.0,-15.90863,-48.0625,5.28,,,2,2023-06-18T10:57:49+00:00
BRA_338150,Brasília,5300108,,Urbi,870.1,https://moovitapp.com/index/pt-br/transporte_p%C3%BAblico-line-870_1-Brasilia-1702-851595-715272-0,-1.0,-15.92626,-48.04407,13.06,,,2,2023-06-18T10:57:49+00:00
BRA_339270,Brasília,5300108,,Urbi,396.3,https://moovitapp.com/index/pt-br/transporte_p%C3%BAblico-line-396_3-Brasilia-1702-851595-372378-0,-1.0,-15.87741,-48.01713,11.67,,,2,2023-06-18T10:57:49+00:00
BRA_336696,Brasília,5300108,,Urbi,394.1,https://moovitapp.com/index/pt-br/transporte_p%C3%BAblico-line-394_1-Brasilia-1702-851595-334089-0,-1.0,-15.79374,-47.88057,0.0,,,1,2023-06-18T10:57:49+00:00
BRA_336581,Brasília,5300108,,Urbi,0.813,https://moovitapp.com/index/pt-br/transporte_p%C3%BAblico-line-0_813-Brasilia-1702-851595-651523-0,-1.0,-15.82958,-48.03482,13.33,,,1,2023-06-18T10:57:49+00:00
BRA_335452,Brasília,5300108,,Urbi,0.050,https://moovitapp.com/index/pt-br/transporte_p%C3%BAblico-line-0_050-Brasilia-1702-851595-781325-0,-1.0,-15.85163,-48.06287,14.17,,,1,2023-06-18T10:57:50+00:00
BRA_336521,Brasília,5300108,,Urbi,807.8,https://moovitapp.com/index/pt-br/transporte_p%C3%BAblico-line-807_8-Brasilia-1702-851595-322408-0,-1.0,-15.94932,-48.03364,0.0,,,2,2023-06-18T10:57:50+00:00
BRA_336726,Brasília,5300108,,Urbi,380.2,https://moovitapp.com/index/pt-br/transporte_p%C3%BAblico-line-380_2-Brasilia-1702-851595-334086-0,-1.0,-15.79485,-47.88293,12.78,,,1,2023-06-18T10:57:50+00:00
BRA_338125,Brasília,5300108,,Urbi,0.806,https://moovitapp.com/index/pt-br/transporte_p%C3%BAblico-line-0_806-Brasilia-1702-851595-339299-0,-1.0,-15.89228,-48.04873,9.17,,,2,2023-06-18T10:57:50+00:00
BRA_338877,Brasília,5300108,,Urbi,0.812,https://moovitapp.com/index/pt-br/transporte_p%C3%BAblico-line-0_812-Brasilia-1702-851595-697958-0,-1.0,-15.81966,-48.12378,4.44,,,1,2023-06-18T10:57:50+00:00
BRA_338842,Brasília,5300108,,Urbi,0.809,https://moovitapp.com/index/pt-br/transporte_p%C3%BAblico-line-0_809-Brasilia-1702-851595-516630-0,-1.0,-15.83005,-47.92008,9.17,,,2,2023-06-18T10:57:51+00:00
BRA_337871,Brasília,5300108,,Urbi,0.809,https://moovitapp.com/index/pt-br/transporte_p%C3%BAblico-line-0_809-Brasilia-1702-851595-516630-0,-1.0,-15.84861,-47.95425,20.28,,,1,2023-06-18T10:57:51+00:00
BRA_338371,Brasília,5300108,,Urbi,0.811,https://moovitapp.com/index/pt-br/transporte_p%C3%BAblico-line-0_811-Brasilia-1702-851595-334078-0,-1.0,-15.81647,-47.91197,6.11,,,2,2023-06-18T10:57:51+00:00
BRA_339920,Brasília,5300108,,Urbi,0.373,https://moovitapp.com/index/pt-br/transporte_p%C3%BAblico-line-0_373-Brasilia-1702-851595-334072-0,-1.0,-15.89663,-48.14738,7.5,,,1,2023-06-18T10:57:51+00:00
BRA_335541,Brasília,5300108,,Urbi,0.397,https://moovitapp.com/index/pt-br/transporte_p%C3%BAblico-line-0_397-Brasilia-1702-851595-890857-0,-1.0,-15.86245,-48.08847,2.22,,,2,2023-06-18T10:57:51+00:00
BRA_335584,Brasília,5300108,,Urbi,0.366,https://moovitapp.com/index/pt-br/transporte_p%C3%BAblico-line-0_366-Brasilia-1702-851595-650085-0,-1.0,-15.87548,-48.07948,0.0,,,1,2023-06-18T10:57:52+00:00
BRA_337145,Brasília,5300108,,Urbi,807.6,https://moovitapp.com/index/pt-br/transporte_p%C3%BAblico-line-807_6-Brasilia-1702-851595-334092-0,-1.0,-15.91432,-48.06313,8.06,,,1,2023-06-18T10:57:52+00:00
BRA_336564,Brasília,5300108,,Urbi,0.087,https://moovitapp.com/index/pt-br/transporte_p%C3%BAblico-line-0_087-Brasilia-1702-851595-242519-0,-1.0,-15.87452,-47.972,6.11,,,1,2023-06-18T10:57:53+00:00
BRA_444154,Brasília,5300108,,Marechal,933.3,https://moovitapp.com/index/pt-br/transporte_p%C3%BAblico-line-933_3-Brasilia-1702-851940-450287-0,-1.0,-15.84077,-48.126797,0.0,,,2,2023-06-18T10:57:53+00:00
BRA_440469,Brasília,5300108,,Marechal,355.3,https://moovitapp.com/index/pt-br/transporte_p%C3%BAblico-line-355_3-Brasilia-1702-851940-504343-0,-1.0,-15.79751,-48.047003,46.0,,,2,2023-06-18T10:57:53+00:00
BRA_442887,Brasília,5300108,,Marechal,363.2,https://moovitapp.com/index/pt-br/transporte_p%C3%BAblico-line-363_2-Brasilia-1702-851940-725443-0,-1.0,-15.856717,-48.113367,20.0,,,2,2023-06-18T10:57:53+00:00
BRA_442861,Brasília,5300108,,Marechal,361.1,https://moovitapp.com/index/pt-br/transporte_p%C3%BAblico-line-361_1-Brasilia-1702-851940-363861-0,-1.0,-15.84143,-48.046403,0.0,,,2,2023-06-18T10:57:53+00:00
BRA_440701,Brasília,5300108,,Urbi,038.1,https://moovitapp.com/index/pt-br/transporte_p%C3%BAblico-line-038_1-Brasilia-1702-851595-781327-0,-1.0,-15.887753,-48.020603,0.0,,,2,2023-06-18T10:53:47+00:00
BRA_442453,Brasília,5300108,,Marechal,363.1,https://moovitapp.com/index/pt-br/transporte_p%C3%BAblico-line-363_1-Brasilia-1702-851940-504344-0,-1.0,-15.818597,-48.106523,3.0,,,2,2023-06-18T10:57:53+00:00
BRA_440311,Brasília,5300108,,Marechal,306.1,https://moovitapp.com/index/pt-br/transporte_p%C3%BAblico-line-306_1-Brasilia-1702-851940-510248-0,-1.0,-15.837583,-48.023133,46.0,,,2,2023-06-18T10:57:53+00:00
BRA_440892,Brasília,5300108,,Marechal,157.6,https://moovitapp.com/index/pt-br/transporte_p%C3%BAblico-line-157_6-Brasilia-1702-851940-419627-0,-1.0,-15.822903,-47.98061,2.0,,,2,2023-06-18T10:57:53+00:00
BRA_440680,Brasília,5300108,,Marechal,357.1,https://moovitapp.com/index/pt-br/transporte_p%C3%BAblico-line-357_1-Brasilia-1702-851940-775113-0,-1.0,-15.86278,-48.03461,40.0,,,2,2023-06-18T10:57:53+00:00
BRA_445185,Brasília,5300108,,Marechal,337.1,https://moovitapp.com/index/pt-br/transporte_p%C3%BAblico-line-337_1-Brasilia-1702-851940-347165-0,-1.0,-15.840593,-48.127053,0.0,,,2,2023-06-18T10:57:53+00:00
BRA_440418,Brasília,5300108,,Marechal,154.2,https://moovitapp.com/index/pt-br/transporte_p%C3%BAblico-line-154_2-Brasilia-1702-851940-527234-0,-1.0,-15.811887,-47.89368,51.0,,,2,2023-06-18T10:57:53+00:00
BRA_440981,Brasília,5300108,,Marechal,959.1,https://moovitapp.com/index/pt-br/transporte_p%C3%BAblico-line-959_1-Brasilia-1702-851940-789939-0,-1.0,-15.81786,-48.06605,47.0,,,2,2023-06-18T10:57:53+00:00
BRA_440604,Brasília,5300108,,Marechal,355.3,https://moovitapp.com/index/pt-br/transporte_p%C3%BAblico-line-355_3-Brasilia-1702-851940-504343-0,-1.0,-15.86955,-48.024383,47.0,,,2,2023-06-18T10:57:53+00:00
BRA_443166,Brasília,5300108,,Marechal,0.383,https://moovitapp.com/index/pt-br/transporte_p%C3%BAblico-line-0_383-Brasilia-1702-851940-347151-0,-1.0,-15.785577,-47.9027,36.0,,,2,2023-06-18T10:56:26+00:00
BRA_443191,Brasília,5300108,,Marechal,933.1,https://moovitapp.com/index/pt-br/transporte_p%C3%BAblico-line-933_1-Brasilia-1702-851940-358307-0,-1.0,-15.806393,-48.07879,49.0,,,2,2023-06-18T10:57:53+00:00
BRA_441040,Brasília,5300108,,Marechal,351.3,https://moovitapp.com/index/pt-br/transporte_p%C3%BAblico-line-351_3-Brasilia-1702-851940-510249-0,-1.0,-15.86683,-48.037537,0.0,,,2,2023-06-18T10:57:53+00:00
BRA_440574,Brasília,5300108,,Marechal,0.205,https://moovitapp.com/index/pt-br/transporte_p%C3%BAblico-line-0_205-Brasilia-1702-851940-463646-0,-1.0,-16.02451,-48.070863,36.0,,,2,2023-06-18T10:57:53+00:00
BRA_440388,Brasília,5300108,,Marechal,260.3,https://moovitapp.com/index/pt-br/transporte_p%C3%BAblico-line-260_3-Brasilia-1702-851940-393566-0,-1.0,-16.016523,-48.016917,5.0,,,2,2023-06-18T10:57:53+00:00
BRA_440523,Brasília,5300108,,Marechal,156.1,https://moovitapp.com/index/pt-br/transporte_p%C3%BAblico-line-156_1-Brasilia-1702-851940-242750-0,-1.0,-15.815083,-47.93746,55.0,,,2,2023-06-18T10:57:53+00:00
BRA_440973,Brasília,5300108,,Marechal,260.3,https://moovitapp.com/index/pt-br/transporte_p%C3%BAblico-line-260_3-Brasilia-1702-851940-393566-0,-1.0,-15.808453,-48.157387,0.0,,,2,2023-06-18T10:57:53+00:00
BRA_445240,Brasília,5300108,,Marechal,0.336,https://moovitapp.com/index/pt-br/transporte_p%C3%BAblico-line-0_336-Brasilia-1702-851940-347142-0,-1.0,-15.85228,-48.11745,9.0,,,2,2023-06-18T10:57:53+00:00
BRA_442437,Brasília,5300108,,Marechal,0.363,https://moovitapp.com/index/pt-br/transporte_p%C3%BAblico-line-0_363-Brasilia-1702-851940-504339-0,-1.0,-15.81357,-48.067517,59.0,,,2,2023-06-18T10:57:53+00:00
BRA_440451,Brasília,5300108,,Piracicabana,099.1,https://moovitapp.com/index/pt-br/transporte_p%C3%BAblico-line-099_1-Brasilia-1702-850942-775090-0,-1.0,-15.828103,-48.03309,60.0,,,2,2023-06-18T10:57:53+00:00
BRA_445011,Brasília,5300108,,Marechal,0.361,https://moovitapp.com/index/pt-br/transporte_p%C3%BAblico-line-0_361-Brasilia-1702-851940-376158-0,-1.0,-15.84654,-48.10805,0.0,,,2,2023-06-18T10:57:53+00:00
BRA_440019,Brasília,5300108,,Urbi,872.9,https://moovitapp.com/index/pt-br/transporte_p%C3%BAblico-line-872_9-Brasilia-1702-851595-372394-0,-1.0,-15.847913,-48.04831,31.0,,,2,2023-06-18T10:57:53+00:00
BRA_441201,Brasília,5300108,,Marechal,0.156,https://moovitapp.com/index/pt-br/transporte_p%C3%BAblico-line-0_156-Brasilia-1702-851940-242705-0,-1.0,-15.820097,-47.98217,5.0,,,2,2023-06-18T10:57:53+00:00
BRA_441058,Brasília,5300108,,Marechal,0.162,https://moovitapp.com/index/pt-br/transporte_p%C3%BAblico-line-0_162-Brasilia-1702-851940-766836-0,-1.0,-15.86997,-48.037723,0.0,,,2,2023-06-18T10:57:53+00:00
BRA_440337,Brasília,5300108,,São José,0.092,https://moovitapp.com/index/pt-br/transporte_p%C3%BAblico-line-0_092-Brasilia-1702-851943-496589-0,-1.0,-15.852233,-48.040693,15.0,,,2,2023-06-18T10:57:53+00:00
BRA_440361,Brasília,5300108,,Marechal,154.2,https://moovitapp.com/index/pt-br/transporte_p%C3%BAblico-line-154_2-Brasilia-1702-851940-527234-0,-1.0,-15.820417,-47.986783,0.0,,,2,2023-06-18T10:57:53+00:00
BRA_445258,Brasília,5300108,,Marechal,336.1,https://moovitapp.com/index/pt-br/transporte_p%C3%BAblico-line-336_1-Brasilia-1702-851940-347163-0,-1.0,-15.83155,-48.045857,0.0,,,2,2023-06-18T10:57:53+00:00
BRA_441481,Brasília,5300108,,Urbi,0.056,https://moovitapp.com/index/pt-br/transporte_p%C3%BAblico-line-0_056-Brasilia-1702-851595-588804-0,-1.0,-15.898373,-48.121113,31.0,,,2,2023-06-18T10:57:53+00:00
BRA_442054,Brasília,5300108,,Urbi,367.2,https://moovitapp.com/index/pt-br/transporte_p%C3%BAblico-line-367_2-Brasilia-1702-851595-454971-0,-1.0,-15.870223,-48.030603,55.0,,,2,2023-06-18T10:57:53+00:00
BRA_445215,Brasília,5300108,,Marechal,337.1,https://moovitapp.com/index/pt-br/transporte_p%C3%BAblico-line-337_1-Brasilia-1702-851940-347165-0,-1.0,-15.79407,-47.88328,0.0,,,2,2023-06-18T10:57:53+00:00
BRA_440264,Brasília,5300108,,Marechal,156.1,https://moovitapp.com/index/pt-br/transporte_p%C3%BAblico-line-156_1-Brasilia-1702-851940-242750-0,-1.0,-15.824013,-47.980093,51.0,,,2,2023-06-18T10:57:53+00:00
BRA_442267,Brasília,5300108,,Marechal,0.383,https://moovitapp.com/index/pt-br/transporte_p%C3%BAblico-line-0_383-Brasilia-1702-851940-347151-0,-1.0,-15.84104,-48.126747,0.0,,,2,2023-06-18T10:57:53+00:00
BRA_440027,Brasília,5300108,,Marechal,351.3,https://moovitapp.com/index/pt-br/transporte_p%C3%BAblico-line-351_3-Brasilia-1702-851940-510249-0,-1.0,-15.81627,-48.082877,27.0,,,2,2023-06-18T10:57:53+00:00
BRA_440906,Brasília,5300108,,Marechal,0.205,https://moovitapp.com/index/pt-br/transporte_p%C3%BAblico-line-0_205-Brasilia-1702-851940-463646-0,-1.0,-15.89112,-48.05741,44.0,,,2,2023-06-18T10:57:53+00:00
BRA_440248,Brasília,5300108,,São José,157.8,https://moovitapp.com/index/pt-br/transporte_p%C3%BAblico-line-157_8-Brasilia-1702-851943-759503-0,-1.0,-15.8044,-48.00093,57.0,,,2,2023-06-18T10:29:40+00:00
BRA_440795,Brasília,5300108,,Marechal,0.153,https://moovitapp.com/index/pt-br/transporte_p%C3%BAblico-line-0_153-Brasilia-1702-851940-766835-0,-1.0,-15.82716,-47.984203,47.0,,,2,2023-06-18T10:57:53+00:00
BRA_444715,Brasília,5300108,,Urbi,0.898,https://moovitapp.com/index/pt-br/transporte_p%C3%BAblico-line-0_898-Brasilia-1702-851595-322394-0,-1.0,-15.940697,-48.036133,35.0,,,2,2023-06-18T10:57:53+00:00
BRA_443123,Brasília,5300108,,Marechal,933.5,https://moovitapp.com/index/pt-br/transporte_p%C3%BAblico-line-933_5-Brasilia-1702-851940-766837-0,-1.0,-15.842717,-48.14336,24.0,,,2,2023-06-18T10:57:53+00:00
BRA_440591,Brasília,5300108,,Piracicabana,099.1,https://moovitapp.com/index/pt-br/transporte_p%C3%BAblico-line-099_1-Brasilia-1702-850942-775090-0,-1.0,-15.778337,-47.938557,54.0,,,2,2023-06-18T10:57:53+00:00
BRA_444731,Brasília,5300108,,Urbi,393.6,https://moovitapp.com/index/pt-br/transporte_p%C3%BAblico-line-393_6-Brasilia-1702-851595-588817-0,-1.0,-15.83937,-48.12933,47.0,,,2,2023-06-18T10:57:53+00:00
BRA_440752,Brasília,5300108,,Marechal,0.205,https://moovitapp.com/index/pt-br/transporte_p%C3%BAblico-line-0_205-Brasilia-1702-851940-463646-0,-1.0,-15.80955,-48.088627,52.0,,,2,2023-06-18T10:57:53+00:00
BRA_445193,Brasília,5300108,,Marechal,0.378,https://moovitapp.com/index/pt-br/transporte_p%C3%BAblico-line-0_378-Brasilia-1702-851940-347150-0,-1.0,-15.84129,-48.11521,28.0,,,2,2023-06-18T10:48:24+00:00
BRA_441007,Brasília,5300108,,Marechal,0.153,https://moovitapp.com/index/pt-br/transporte_p%C3%BAblico-line-0_153-Brasilia-1702-851940-766835-0,-1.0,-15.840427,-47.9659,0.0,,,2,2023-06-18T10:57:53+00:00
BRA_440078,Brasília,5300108,,Marechal,0.090,https://moovitapp.com/index/pt-br/transporte_p%C3%BAblico-line-0_090-Brasilia-1702-851940-242702-0,-1.0,-15.804737,-47.96796,0.0,,,2,2023-06-18T10:57:53+00:00
BRA_443026,Brasília,5300108,,Marechal,0.383,https://moovitapp.com/index/pt-br/transporte_p%C3%BAblico-line-0_383-Brasilia-1702-851940-347151-0,-1.0,-15.845497,-48.117197,49.0,,,2,2023-06-18T10:57:53+00:00
BRA_442534,Brasília,5300108,,Marechal,0.383,https://moovitapp.com/index/pt-br/transporte_p%C3%BAblico-line-0_383-Brasilia-1702-851940-347151-0,-1.0,-15.809207,-48.086593,40.0,,,2,2023-06-18T10:57:53+00:00
BRA_444740,Brasília,5300108,,Urbi,056.4,https://moovitapp.com/index/pt-br/transporte_p%C3%BAblico-line-056_4-Brasilia-1702-851595-519387-0,-1.0,-15.883657,-48.149867,0.0,,,2,2023-06-18T10:57:53+00:00
BRA_443417,Brasília,5300108,,Marechal,933.2,https://moovitapp.com/index/pt-br/transporte_p%C3%BAblico-line-933_2-Brasilia-1702-851940-717428-0,-1.0,-15.858323,-48.115783,22.0,,,2,2023-06-18T10:57:53+00:00
BRA_441333,Brasília,5300108,,Marechal,959.1,https://moovitapp.com/index/pt-br/transporte_p%C3%BAblico-line-959_1-Brasilia-1702-851940-789939-0,-1.0,-15.846997,-47.999467,58.0,,,2,2023-06-18T10:57:53+00:00
BRA_443310,Brasília,5300108,,Marechal,0.383,https://moovitapp.com/index/pt-br/transporte_p%C3%BAblico-line-0_383-Brasilia-1702-851940-347151-0,-1.0,-15.80291,-48.067993,38.0,,,2,2023-06-18T10:57:53+00:00
BRA_443069,Brasília,5300108,,Marechal,0.369,https://moovitapp.com/index/pt-br/transporte_p%C3%BAblico-line-0_369-Brasilia-1702-851940-500060-0,-1.0,-15.8588,-48.029007,31.0,,,2,2023-06-18T10:57:48+00:00
BRA_442640,Brasília,5300108,,Urbi,0.050,https://moovitapp.com/index/pt-br/transporte_p%C3%BAblico-line-0_050-Brasilia-1702-851595-781325-0,-1.0,-15.851583,-48.06458,36.0,,,2,2023-06-18T10:57:53+00:00
BRA_444316,Brasília,5300108,,Marechal,933.3,https://moovitapp.com/index/pt-br/transporte_p%C3%BAblico-line-933_3-Brasilia-1702-851940-450287-0,-1.0,-15.840293,-48.129543,0.0,,,2,2023-06-18T10:57:53+00:00
BRA_440663,Brasília,5300108,,Marechal,206.1,https://moovitapp.com/index/pt-br/transporte_p%C3%BAblico-line-206_1-Brasilia-1702-851940-137149861-0,-1.0,-16.03637,-48.25523,52.0,,,2,2023-06-18T10:57:53+00:00
BRA_443387,Brasília,5300108,,Marechal,0.043,https://moovitapp.com/index/pt-br/transporte_p%C3%BAblico-line-0_043-Brasilia-1702-851940-781330-0,-1.0,-15.84109,-48.12688,0.0,,,2,2023-06-18T10:57:53+00:00
BRA_444677,Brasília,5300108,,Urbi,0.367,https://moovitapp.com/index/pt-br/transporte_p%C3%BAblico-line-0_367-Brasilia-1702-851595-519380-0,-1.0,-15.84576,-48.059793,22.0,,,2,2023-06-18T10:57:38+00:00
BRA_444685,Brasília,5300108,,São José,332.1,https://moovitapp.com/index/pt-br/transporte_p%C3%BAblico-line-332_1-Brasilia-1702-851943-2068455-0,-1.0,-15.807837,-48.15718,0.0,,,2,2023-06-18T10:57:48+00:00
BRA_440566,Brasília,5300108,,Urbi,0.872,https://moovitapp.com/index/pt-br/transporte_p%C3%BAblico-line-0_872-Brasilia-1702-851595-466291-0,-1.0,-15.922677,-48.052373,15.0,,,2,2023-06-18T10:57:53+00:00
BRA_442119,Brasília,5300108,,Marechal,933.1,https://moovitapp.com/index/pt-br/transporte_p%C3%BAblico-line-933_1-Brasilia-1702-851940-358307-0,-1.0,-15.840903,-48.126803,0.0,,,2,2023-06-18T10:57:53+00:00
BRA_445231,Brasília,5300108,,Marechal,0.378,https://moovitapp.com/index/pt-br/transporte_p%C3%BAblico-line-0_378-Brasilia-1702-851940-347150-0,-1.0,-15.807473,-47.96564,1.0,,,2,2023-06-18T10:57:53+00:00
BRA_442208,Brasília,5300108,,Urbi,0.054,https://moovitapp.com/index/pt-br/transporte_p%C3%BAblico-line-0_054-Brasilia-1702-851595-454960-0,-1.0,-15.823723,-48.068603,36.0,,,2,2023-06-18T10:57:53+00:00
BRA_441759,Brasília,5300108,,Urbi,372.4,https://moovitapp.com/index/pt-br/transporte_p%C3%BAblico-line-372_4-Brasilia-1702-851595-650087-0,-1.0,-15.869283,-48.100497,46.0,,,2,2023-06-18T10:57:53+00:00
BRA_443654,Brasília,5300108,,Marechal,0.951,https://moovitapp.com/index/pt-br/transporte_p%C3%BAblico-line-0_951-Brasilia-1702-851940-783578-0,-1.0,-15.842193,-48.045487,0.0,,,2,2023-06-18T10:57:53+00:00
BRA_441872,Brasília,5300108,,Marechal,383.3,https://moovitapp.com/index/pt-br/transporte_p%C3%BAblico-line-383_3-Brasilia-1702-851940-88144102-0,-1.0,-15.83944,-48.128807,0.0,,,2,2023-06-18T10:57:53+00:00
BRA_443344,Brasília,5300108,,Urbi,0.399,https://moovitapp.com/index/pt-br/transporte_p%C3%BAblico-line-0_399-Brasilia-1702-851595-454964-0,-1.0,-15.83627,-48.075133,39.0,,,2,2023-06-18T10:57:53+00:00
BRA_440698,Brasília,5300108,,Marechal,154.2,https://moovitapp.com/index/pt-br/transporte_p%C3%BAblico-line-154_2-Brasilia-1702-851940-527234-0,-1.0,-15.823663,-47.980213,60.0,,,2,2023-06-18T10:57:53+00:00
BRA_443646,Brasília,5300108,,Marechal,0.951,https://moovitapp.com/index/pt-br/transporte_p%C3%BAblico-line-0_951-Brasilia-1702-851940-783578-0,-1.0,-15.835457,-48.060083,0.0,,,2,2023-06-18T10:57:53+00:00
BRA_440175,Brasília,5300108,,Marechal,0.205,https://moovitapp.com/index/pt-br/transporte_p%C3%BAblico-line-0_205-Brasilia-1702-851940-463646-0,-1.0,-15.8749,-48.03241,0.0,,,2,2023-06-18T10:57:53+00:00
BRA_443182,Brasília,5300108,,Marechal,933.5,https://moovitapp.com/index/pt-br/transporte_p%C3%BAblico-line-933_5-Brasilia-1702-851940-766837-0,-1.0,-15.841573,-48.046323,0.0,,,2,2023-06-18T10:57:53+00:00
BRA_441902,Brasília,5300108,,Marechal,933.2,https://moovitapp.com/index/pt-br/transporte_p%C3%BAblico-line-933_2-Brasilia-1702-851940-717428-0,-1.0,-15.841013,-48.12657,0.0,,,2,2023-06-18T10:57:48+00:00
BRA_443379,Brasília,5300108,,Marechal,0.089,https://moovitapp.com/index/pt-br/transporte_p%C3%BAblico-line-0_089-Brasilia-1702-851940-706977-0,-1.0,-15.842147,-48.125443,16.0,,,2,2023-06-18T10:57:53+00:00
BRA_441171,Brasília,5300108,,Marechal,0.205,https://moovitapp.com/index/pt-br/transporte_p%C3%BAblico-line-0_205-Brasilia-1702-851940-463646-0,-1.0,-16.02638,-48.066973,46.0,,,2,2023-06-18T10:57:53+00:00
BRA_443549,Brasília,5300108,,Marechal,0.357,https://moovitapp.com/index/pt-br/transporte_p%C3%BAblico-line-0_357-Brasilia-1702-851940-775109-0,-1.0,-15.86709,-48.037587,0.0,,,2,2023-06-18T10:57:48+00:00
BRA_445045,Brasília,5300108,,Marechal,0.089,https://moovitapp.com/index/pt-br/transporte_p%C3%BAblico-line-0_089-Brasilia-1702-851940-706977-0,-1.0,-15.83738,-48.093497,0.0,,,2,2023-06-18T10:40:16+00:00
BRA_444791,Brasília,5300108,,Urbi,0.347,https://moovitapp.com/index/pt-br/transporte_p%C3%BAblico-line-0_347-Brasilia-1702-851595-347128-0,-1.0,-15.840593,-47.97295,24.0,,,2,2023-06-18T10:50:32+00:00
BRA_444979,Brasília,5300108,,Urbi,0.898,https://moovitapp.com/index/pt-br/transporte_p%C3%BAblico-line-0_898-Brasilia-1702-851595-322394-0,-1.0,-15.835207,-48.082603,55.0,,,2,2023-06-18T10:56:41+00:00
BRA_444910,Brasília,5300108,,Marechal,383.3,https://moovitapp.com/index/pt-br/transporte_p%C3%BAblico-line-383_3-Brasilia-1702-851940-88144102-0,-1.0,-15.782743,-47.921157,59.0,,,2,2023-06-18T10:57:53+00:00
BRA_445088,Brasília,5300108,,Marechal,304.1,https://moovitapp.com/index/pt-br/transporte_p%C3%BAblico-line-304_1-Brasilia-1702-851940-516636-0,-1.0,-15.80575,-48.076827,1.0,,,2,2023-06-18T10:57:53+00:00
BRA_444855,Brasília,5300108,,Urbi,0.050,https://moovitapp.com/index/pt-br/transporte_p%C3%BAblico-line-0_050-Brasilia-1702-851595-781325-0,-1.0,-15.883893,-48.150043,0.0,,,2,2023-06-18T10:23:47+00:00
BRA_444928,Brasília,5300108,,Marechal,933.5,https://moovitapp.com/index/pt-br/transporte_p%C3%BAblico-line-933_5-Brasilia-1702-851940-766837-0,-1.0,-15.876603,-48.052413,48.0,,,2,2023-06-18T10:57:53+00:00
BRA_444758,Brasília,5300108,,Marechal,361.1,https://moovitapp.com/index/pt-br/transporte_p%C3%BAblico-line-361_1-Brasilia-1702-851940-363861-0,-1.0,-15.837407,-48.093313,40.0,,,2,2023-06-18T10:57:53+00:00
BRA_444812,Brasília,5300108,,Urbi,056.2,https://moovitapp.com/index/pt-br/transporte_p%C3%BAblico-line-056_2-Brasilia-1702-851595-492982-0,-1.0,-15.854947,-48.11958,25.0,,,2,2023-06-18T10:57:53+00:00
BRA_444961,Brasília,5300108,,Marechal,0.369,https://moovitapp.com/index/pt-br/transporte_p%C3%BAblico-line-0_369-Brasilia-1702-851940-500060-0,-1.0,-15.849363,-48.112117,31.0,,,2,2023-06-18T10:57:53+00:00
BRA_444766,Brasília,5300108,,São José,332.1,https://moovitapp.com/index/pt-br/transporte_p%C3%BAblico-line-332_1-Brasilia-1702-851943-2068455-0,-1.0,-15.806453,-48.078,18.0,,,2,2023-06-18T10:57:53+00:00
BRA_444774,Brasília,5300108,,Marechal,0.089,https://moovitapp.com/index/pt-br/transporte_p%C3%BAblico-line-0_089-Brasilia-1702-851940-706977-0,-1.0,-15.840203,-47.98423,0.0,,,2,2023-06-18T10:57:53+00:00
BRA_440817,Brasília,5300108,,Marechal,260.3,https://moovitapp.com/index/pt-br/transporte_p%C3%BAblico-line-260_3-Brasilia-1702-851940-393566-0,-1.0,-15.873933,-48.045487,59.0,,,2,2023-06-18T10:57:53+00:00
BRA_440647,Brasília,5300108,,Marechal,0.153,https://moovitapp.com/index/pt-br/transporte_p%C3%BAblico-line-0_153-Brasilia-1702-851940-766835-0,-1.0,-15.793877,-47.883043,14.0,,,2,2023-06-18T10:57:53+00:00
BRA_444839,Brasília,5300108,,Marechal,0.089,https://moovitapp.com/index/pt-br/transporte_p%C3%BAblico-line-0_089-Brasilia-1702-851940-706977-0,-1.0,-15.823483,-48.064113,6.0,,,2,2023-06-18T10:57:53+00:00
BRA_440256,Brasília,5300108,,São José,0.092,https://moovitapp.com/index/pt-br/transporte_p%C3%BAblico-line-0_092-Brasilia-1702-851943-496589-0,-1.0,-15.83263,-47.951473,8.0,,,2,2023-06-18T10:57:53+00:00
BRA_444901,Brasília,5300108,,Marechal,0.383,https://moovitapp.com/index/pt-br/transporte_p%C3%BAblico-line-0_383-Brasilia-1702-851940-347151-0,-1.0,-15.78364,-47.91842,59.0,,,2,2023-06-18T10:57:53+00:00
BRA_441309,Brasília,5300108,,Marechal,0.090,https://moovitapp.com/index/pt-br/transporte_p%C3%BAblico-line-0_090-Brasilia-1702-851940-242702-0,-1.0,-15.800533,-47.944647,54.0,,,2,2023-06-18T10:57:53+00:00
BRA_441252,Brasília,5300108,,Marechal,157.6,https://moovitapp.com/index/pt-br/transporte_p%C3%BAblico-line-157_6-Brasilia-1702-851940-419627-0,-1.0,-15.856627,-47.976613,31.0,,,2,2023-06-18T10:57:53+00:00
BRA_443808,Brasília,5300108,,Marechal,157.1,https://moovitapp.com/index/pt-br/transporte_p%C3%BAblico-line-157_1-Brasilia-1702-851940-88144062-0,-1.0,-15.819413,-47.987153,8.0,,,2,2023-06-18T10:57:53+00:00
BRA_231967,Brasília,5300108,,Pioneira,197.3,https://moovitapp.com/index/pt-br/transporte_p%C3%BAblico-line-197_3-Brasilia-1702-851941-519409-0,-1.0,-15.913375,-47.75758,,,,2,2023-06-18T10:22:44+00:00
BRA_232149,Brasília,5300108,,Pioneira,205.1,https://moovitapp.com/index/pt-br/transporte_p%C3%BAblico-line-205_1-Brasilia-1702-851941-393571-0,-1.0,-15.895251,-48.055962,,,,1,2023-06-18T10:57:36+00:00
BRA_231321,Brasília,5300108,,Taguatur,3304,https://moovitapp.com/index/pt-br/transporte_p%C3%BAblico-line-3304-Brasilia-1702-854428-21462346-0,-1.0,-15.99484,-47.987371,,,,1,2023-06-18T10:57:44+00:00
BRA_231801,Brasília,5300108,,Pioneira,780.1,https://moovitapp.com/index/pt-br/transporte_p%C3%BAblico-line-780_1-Brasilia-1702-851941-531040-0,-1.0,-15.80229,-47.792987,,,,2,2023-06-18T10:57:52+00:00
BRA_229954,Brasília,5300108,,,3201,,,-16.002368,-48.059598,,,,1,2023-06-18T10:57:44+00:00
BRA_230120,Brasília,5300108,,Pioneira,073.2,https://moovitapp.com/index/pt-br/transporte_p%C3%BAblico-line-073_2-Brasilia-1702-851941-775124-0,-1.0,-15.880478,-47.959263,,,,1,2023-06-18T10:57:02+00:00
BRA_229032,Brasília,5300108,,Pioneira,0.255,https://moovitapp.com/index/pt-br/transporte_p%C3%BAblico-line-0_255-Brasilia-1702-851941-706978-0,-1.0,-15.802437,-48.098871,,,,2,2023-06-18T10:57:20+00:00
BRA_232629,Brasília,5300108,,,2202,,,-15.843846,-47.931435,,,,2,2023-06-18T10:58:34+00:00
BRA_228249,Brasília,5300108,,UTB,2302,https://moovitapp.com/index/pt-br/transporte_p%C3%BAblico-line-2302-Brasilia-1702-854427-744298-0,-1.0,-15.846171,-47.931587,,,,2,2023-06-18T10:57:48+00:00
BRA_231754,Brasília,5300108,,Pioneira,780.1,https://moovitapp.com/index/pt-br/transporte_p%C3%BAblico-line-780_1-Brasilia-1702-851941-531040-0,-1.0,-15.759341,-47.74379,,,,1,2023-06-18T10:58:02+00:00
BRA_228648,Brasília,5300108,,UTB,2302,https://moovitapp.com/index/pt-br/transporte_p%C3%BAblico-line-2302-Brasilia-1702-854427-744298-0,-1.0,-15.794058,-47.882607,,,,1,2023-06-18T10:58:16+00:00
BRA_228303,Brasília,5300108,,Pioneira,205.1,https://moovitapp.com/index/pt-br/transporte_p%C3%BAblico-line-205_1-Brasilia-1702-851941-393571-0,-1.0,-15.79521,-48.110722,,,,1,2023-06-18T10:57:02+00:00
BRA_232025,Brasília,5300108,,Pioneira,197.3,https://moovitapp.com/index/pt-br/transporte_p%C3%BAblico-line-197_3-Brasilia-1702-851941-519409-0,-1.0,-15.913369,-47.756989,,,,2,2023-06-18T10:02:08+00:00
BRA_232220,Brasília,5300108,,,3211,,,-16.012341,-48.068417,,,,1,2023-06-18T10:58:12+00:00
BRA_229563,Brasília,5300108,,Pioneira,183.2,https://moovitapp.com/index/pt-br/transporte_p%C3%BAblico-line-183_2-Brasilia-1702-851941-242920-0,-1.0,-15.911088,-47.758959,,,,1,2023-06-18T10:58:26+00:00
BRA_226963,Brasília,5300108,,,2202,,,-15.961068,-48.015195,,,,2,2023-06-18T10:58:08+00:00
BRA_227765,Brasília,5300108,,,2202,,,-15.793969,-47.882454,,,,1,2023-06-18T10:58:10+00:00
BRA_229601,Brasília,5300108,,Pioneira,0.765,https://moovitapp.com/index/pt-br/transporte_p%C3%BAblico-line-0_765-Brasilia-1702-851941-576190-0,-1.0,-15.801652,-47.792122,,,,2,2023-06-18T10:57:26+00:00
BRA_231932,Brasília,5300108,,Pioneira,180.1,https://moovitapp.com/index/pt-br/transporte_p%C3%BAblico-line-180_1-Brasilia-1702-851941-339336-0,-1.0,-15.881885,-47.822932,,,,2,2023-06-18T10:57:40+00:00
BRA_232475,Brasília,5300108,,,3301,,,-16.012744,-47.997868,,,,1,2023-06-18T10:57:20+00:00
BRA_231843,Brasília,5300108,,Pioneira,181.2,https://moovitapp.com/index/pt-br/transporte_p%C3%BAblico-line-181_2-Brasilia-1702-851941-339338-0,-1.0,-15.910145,-47.75456,,,,1,2023-06-18T10:57:28+00:00
BRA_231631,Brasília,5300108,,Pioneira,0.762,https://moovitapp.com/index/pt-br/transporte_p%C3%BAblico-line-0_762-Brasilia-1702-851941-576189-0,-1.0,-15.736016,-47.765285,,,,1,2023-06-15T08:20:24+00:00
BRA_226947,Brasília,5300108,,Pioneira,0.510,https://moovitapp.com/index/pt-br/transporte_p%C3%BAblico-line-0_510-Brasilia-1702-851941-16483906-0,-1.0,-15.759247,-47.743974,,,,1,2023-06-18T10:58:28+00:00
BRA_226262,Brasília,5300108,,Pioneira,2308,https://moovitapp.com/index/pt-br/transporte_p%C3%BAblico-line-2308-Brasilia-1702-851941-18556636-0,-1.0,-16.002158,-47.98643,,,,2,2023-06-18T10:57:42+00:00
BRA_226441,Brasília,5300108,,Pioneira,100.2,https://moovitapp.com/index/pt-br/transporte_p%C3%BAblico-line-100_2-Brasilia-1702-851941-620160-0,-1.0,-15.762674,-47.785516,,,,2,2023-06-18T10:57:28+00:00
BRA_230057,Brasília,5300108,,Taguatur,3305,https://moovitapp.com/index/pt-br/transporte_p%C3%BAblico-line-3305-Brasilia-1702-854428-77810673-0,-1.0,-16.048923,-48.009918,,,,1,2023-06-18T10:58:14+00:00
BRA_227897,Brasília,5300108,,,3201,,,-16.037381,-48.056343,,,,1,2023-06-18T10:58:12+00:00
BRA_228885,Brasília,5300108,,UTB,2303,https://moovitapp.com/index/pt-br/transporte_p%C3%BAblico-line-2303-Brasilia-1702-854427-744299-0,-1.0,-15.890926,-47.961405,,,,2,2023-06-18T10:57:30+00:00
BRA_232084,Brasília,5300108,,Pioneira,181.2,https://moovitapp.com/index/pt-br/transporte_p%C3%BAblico-line-181_2-Brasilia-1702-851941-339338-0,-1.0,-15.881371,-47.82269,,,,1,2023-06-18T10:57:22+00:00
BRA_230031,Brasília,5300108,,,3204,,,-16.015367,-48.073007,,,,1,2023-06-18T10:57:48+00:00
BRA_226831,Brasília,5300108,,Pioneira,0.510,https://moovitapp.com/index/pt-br/transporte_p%C3%BAblico-line-0_510-Brasilia-1702-851941-16483906-0,-1.0,-15.76021,-47.780773,,,,1,2023-06-15T13:15:44+00:00
BRA_227480,Brasília,5300108,,,3201,,,-15.998349,-48.058562,,,,1,2023-06-15T21:20:48+00:00
BRA_227480,Brasília,5300108,,,3206,,,-16.035178,-48.059516,,,,1,2023-06-18T10:57:52+00:00
BRA_228125,Brasília,5300108,,Taguatur,3305,https://moovitapp.com/index/pt-br/transporte_p%C3%BAblico-line-3305-Brasilia-1702-854428-77810673-0,-1.0,-16.049162,-48.02737,,,,1,2023-06-18T10:58:06+00:00
BRA_231703,Brasília,5300108,,Pioneira,0.762,https://moovitapp.com/index/pt-br/transporte_p%C3%BAblico-line-0_762-Brasilia-1702-851941-576189-0,-1.0,-15.73616,-47.765266,,,,1,2023-06-18T10:56:58+00:00
BRA_226343,Brasília,5300108,,,2202,,,-15.896724,-47.962353,,,,2,2023-06-18T10:57:46+00:00
BRA_230138,Brasília,5300108,,Pioneira,0.255,https://moovitapp.com/index/pt-br/transporte_p%C3%BAblico-line-0_255-Brasilia-1702-851941-706978-0,-1.0,-16.023155,-48.02739,,,,2,2023-06-18T10:57:58+00:00
BRA_228583,Brasília,5300108,,Pioneira,0.253,https://moovitapp.com/index/pt-br/transporte_p%C3%BAblico-line-0_253-Brasilia-1702-851941-510254-0,-1.0,-15.828934,-48.078411,,,,1,2023-06-18T10:58:40+00:00
BRA_230171,Brasília,5300108,,Taguatur,3302,https://moovitapp.com/index/pt-br/transporte_p%C3%BAblico-line-3302-Brasilia-1702-854428-3135322-0,-1.0,-16.042168,-48.026538,,,,1,2023-06-18T10:58:20+00:00
BRA_232394,Brasília,5300108,,Pioneira,073.1,https://moovitapp.com/index/pt-br/transporte_p%C3%BAblico-line-073_1-Brasilia-1702-851941-775123-0,-1.0,-15.836054,-47.866413,,,,1,2023-06-18T10:58:38+00:00
BRA_229512,Brasília,5300108,,,3204,,,-15.993234,-48.051079,,,,1,2023-06-18T10:57:48+00:00
BRA_231649,Brasília,5300108,,Pioneira,764.2,https://moovitapp.com/index/pt-br/transporte_p%C3%BAblico-line-764_2-Brasilia-1702-851941-527246-0,-1.0,-15.814803,-47.806185,,,,1,2023-06-18T10:57:18+00:00
BRA_232335,Brasília,5300108,,,3301,,,-16.025902,-48.019188,,,,1,2023-06-18T10:46:04+00:00
BRA_229440,Brasília,5300108,,UTB,2302,https://moovitapp.com/index/pt-br/transporte_p%C3%BAblico-line-2302-Brasilia-1702-854427-744298-0,-1.0,-15.927696,-47.978533,,,,1,2023-06-18T10:57:32+00:00
BRA_225665,Brasília,5300108,,,2202,,,-15.992066,-48.049343,,,,2,2023-06-18T10:58:46+00:00
BRA_227498,Brasília,5300108,,Pioneira,180.1,https://moovitapp.com/index/pt-br/transporte_p%C3%BAblico-line-180_1-Brasilia-1702-851941-339336-0,-1.0,-15.906431,-47.771319,,,,1,2023-06-18T10:58:02+00:00
BRA_229202,Brasília,5300108,,UTB,2302,https://moovitapp.com/index/pt-br/transporte_p%C3%BAblico-line-2302-Brasilia-1702-854427-744298-0,-1.0,-15.862975,-47.939058,,,,1,2023-06-18T10:55:12+00:00
BRA_226637,Brasília,5300108,,Pioneira,0.784,https://moovitapp.com/index/pt-br/transporte_p%C3%BAblico-line-0_784-Brasilia-1702-851941-372405-0,-1.0,-15.768191,-47.77961,,,,1,2023-06-18T10:58:00+00:00
BRA_227307,Brasília,5300108,,Pioneira,180.1,https://moovitapp.com/index/pt-br/transporte_p%C3%BAblico-line-180_1-Brasilia-1702-851941-339336-0,-1.0,-15.913283,-47.757236,,,,2,2023-06-18T10:55:06+00:00
BRA_229971,Brasília,5300108,,,3204,,,-16.01442,-48.053762,,,,1,2023-06-18T10:57:38+00:00
BRA_227587,Brasília,5300108,,Pioneira,0.147,https://moovitapp.com/index/pt-br/transporte_p%C3%BAblico-line-0_147-Brasilia-1702-851941-519401-0,-1.0,-15.908456,-47.754407,,,,2,2023-06-18T10:57:24+00:00
BRA_232491,Brasília,5300108,,Taguatur,3302,https://moovitapp.com/index/pt-br/transporte_p%C3%BAblico-line-3302-Brasilia-1702-854428-3135322-0,-1.0,-16.044158,-48.028241,,,,1,2023-06-18T10:57:26+00:00
BRA_232068,Brasília,5300108,,Pioneira,180.2,https://moovitapp.com/index/pt-br/transporte_p%C3%BAblico-line-180_2-Brasilia-1702-851941-514539-0,-1.0,-15.793716,-47.881793,,,,1,2023-06-18T10:57:20+00:00
BRA_229920,Brasília,5300108,,,3207,,,-16.006282,-48.059662,,,,1,2023-06-18T10:58:04+00:00
BRA_225533,Brasília,5300108,,,2201,,,-15.970205,-48.025457,,,,2,2023-06-17T10:57:40+00:00
BRA_232009,Brasília,5300108,,Pioneira,197.3,https://moovitapp.com/index/pt-br/transporte_p%C3%BAblico-line-197_3-Brasilia-1702-851941-519409-0,-1.0,-15.90631,-47.771523,,,,1,2023-06-18T10:57:48+00:00
BRA_229091,Brasília,5300108,,Pioneira,784.3,https://moovitapp.com/index/pt-br/transporte_p%C3%BAblico-line-784_3-Brasilia-1702-851941-46904557-0,-1.0,-15.7361,-47.76437,,,,1,2023-06-18T10:58:00+00:00
BRA_228869,Brasília,5300108,,Pioneira,251.7,https://moovitapp.com/index/pt-br/transporte_p%C3%BAblico-line-251_7-Brasilia-1702-851941-651524-0,-1.0,-16.035159,-48.060647,,,,1,2023-06-18T10:57:16+00:00
BRA_227404,Brasília,5300108,,Pioneira,147.5,https://moovitapp.com/index/pt-br/transporte_p%C3%BAblico-line-147_5-Brasilia-1702-851941-519406-0,-1.0,-15.907431,-47.760867,,,,2,2023-06-18T10:57:26+00:00
BRA_229059,Brasília,5300108,,Pioneira,251.8,https://moovitapp.com/index/pt-br/transporte_p%C3%BAblico-line-251_8-Brasilia-1702-851941-708654-0,-1.0,-16.001926,-47.985266,,,,1,2023-06-18T10:58:10+00:00
BRA_229989,Brasília,5300108,,,3207,,,-15.991619,-48.049102,,,,1,2023-06-18T10:57:38+00:00
BRA_229261,Brasília,5300108,,Pioneira,0.255,https://moovitapp.com/index/pt-br/transporte_p%C3%BAblico-line-0_255-Brasilia-1702-851941-706978-0,-1.0,-16.036761,-48.034084,,,,1,2023-06-18T10:56:56+00:00
BRA_232483,Brasília,5300108,,Pioneira,020.2,https://moovitapp.com/index/pt-br/transporte_p%C3%BAblico-line-020_2-Brasilia-1702-851941-708653-0,-1.0,-16.002133,-47.986029,,,,1,2023-06-18T10:57:56+00:00
BRA_228168,Brasília,5300108,,UTB,2303,https://moovitapp.com/index/pt-br/transporte_p%C3%BAblico-line-2303-Brasilia-1702-854427-744299-0,-1.0,-15.796884,-47.89166,,,,1,2023-06-18T10:57:18+00:00
BRA_227030,Brasília,5300108,,Pioneira,759.1,https://moovitapp.com/index/pt-br/transporte_p%C3%BAblico-line-759_1-Brasilia-1702-851941-616183-0,-1.0,-15.718209,-47.862446,,,,2,2023-06-18T10:57:52+00:00
BRA_227439,Brasília,5300108,,Pioneira,111.1,https://moovitapp.com/index/pt-br/transporte_p%C3%BAblico-line-111_1-Brasilia-1702-851941-75742769-0,-1.0,-15.938581,-47.760797,,,,1,2023-06-18T10:57:30+00:00
BRA_226238,Brasília,5300108,,Pioneira,2308,https://moovitapp.com/index/pt-br/transporte_p%C3%BAblico-line-2308-Brasilia-1702-851941-18556636-0,-1.0,-15.901949,-47.963236,,,,2,2023-06-18T10:58:22+00:00
BRA_227790,Brasília,5300108,,,3202,,,-16.014108,-48.047118,,,,1,2023-06-18T10:57:54+00:00
BRA_229946,Brasília,5300108,,Pioneira,073.1,https://moovitapp.com/index/pt-br/transporte_p%C3%BAblico-line-073_1-Brasilia-1702-851941-775123-0,-1.0,-15.847767,-47.947196,,,,1,2023-06-18T10:57:46+00:00
BRA_228907,Brasília,5300108,,Pioneira,0.255,https://moovitapp.com/index/pt-br/transporte_p%C3%BAblico-line-0_255-Brasilia-1702-851941-706978-0,-1.0,-15.823344,-48.064144,,,,1,2023-06-18T10:58:30+00:00
BRA_226521,Brasília,5300108,,Pioneira,510.1,https://moovitapp.com/index/pt-br/transporte_p%C3%BAblico-line-510_1-Brasilia-1702-851941-770035-0,-1.0,-15.760105,-47.781384,,,,1,2023-06-18T10:57:38+00:00
BRA_232301,Brasília,5300108,,Pioneira,020.2,https://moovitapp.com/index/pt-br/transporte_p%C3%BAblico-line-020_2-Brasilia-1702-851941-708653-0,-1.0,-16.00954,-48.053533,,,,1,2023-06-18T10:57:46+00:00
BRA_228109,Brasília,5300108,,,3206,,,-16.037613,-48.056375,,,,1,2023-06-18T10:57:56+00:00
BRA_226190,Brasília,5300108,,,2202,,,-15.891102,-47.961367,,,,1,2023-06-18T10:57:56+00:00
BRA_226904,Brasília,5300108,,Pioneira,764.2,https://moovitapp.com/index/pt-br/transporte_p%C3%BAblico-line-764_2-Brasilia-1702-851941-527246-0,-1.0,-15.803046,-47.793921,,,,2,2023-06-18T10:57:02+00:00
BRA_226211,Brasília,5300108,,Pioneira,2308,https://moovitapp.com/index/pt-br/transporte_p%C3%BAblico-line-2308-Brasilia-1702-851941-18556636-0,-1.0,-15.79011,-47.889632,,,,2,2023-06-18T10:58:00+00:00
BRA_226581,Brasília,5300108,,Pioneira,764.2,https://moovitapp.com/index/pt-br/transporte_p%C3%BAblico-line-764_2-Brasilia-1702-851941-527246-0,-1.0,-15.802186,-47.853202,,,,2,2023-06-18T10:58:14+00:00
BRA_229865,Brasília,5300108,,Pioneira,147.2,https://moovitapp.com/index/pt-br/transporte_p%C3%BAblico-line-147_2-Brasilia-1702-851941-519403-0,-1.0,-15.836287,-47.934219,,,,1,2023-06-18T10:57:54+00:00
BRA_227722,Brasília,5300108,,Pioneira,180.1,https://moovitapp.com/index/pt-br/transporte_p%C3%BAblico-line-180_1-Brasilia-1702-851941-339336-0,-1.0,-15.793837,-47.879695,,,,1,2023-06-18T00:28:16+00:00
BRA_226742,Brasília,5300108,,Pioneira,764.2,https://moovitapp.com/index/pt-br/transporte_p%C3%BAblico-line-764_2-Brasilia-1702-851941-527246-0,-1.0,-15.760218,-47.78263,,,,1,2023-06-18T10:57:34+00:00
BRA_226203,Brasília,5300108,,Pioneira,2308,https://moovitapp.com/index/pt-br/transporte_p%C3%BAblico-line-2308-Brasilia-1702-851941-18556636-0,-1.0,-15.736775,-47.898965,,,,1,2023-06-18T10:57:28+00:00
BRA_231681,Brasília,5300108,,Pioneira,764.2,https://moovitapp.com/index/pt-br/transporte_p%C3%BAblico-line-764_2-Brasilia-1702-851941-527246-0,-1.0,-15.761878,-47.780602,,,,2,2023-06-18T10:58:04+00:00
BRA_228818,Brasília,5300108,,Pioneira,100.2,https://moovitapp.com/index/pt-br/transporte_p%C3%BAblico-line-100_2-Brasilia-1702-851941-620160-0,-1.0,-15.81116,-47.884819,,,,1,2023-06-18T10:57:16+00:00
BRA_231851,Brasília,5300108,,Pioneira,180.1,https://moovitapp.com/index/pt-br/transporte_p%C3%BAblico-line-180_1-Brasilia-1702-851941-339336-0,-1.0,-15.865483,-47.820726,,,,1,2023-06-18T10:57:58+00:00
BRA_227757,Brasília,5300108,,Pioneira,124.6,https://moovitapp.com/index/pt-br/transporte_p%C3%BAblico-line-124_6-Brasilia-1702-851941-425282-0,-1.0,-15.857466,-47.954838,,,,1,2023-06-18T10:57:30+00:00
BRA_226921,Brasília,5300108,,Pioneira,0.765,https://moovitapp.com/index/pt-br/transporte_p%C3%BAblico-line-0_765-Brasilia-1702-851941-576190-0,-1.0,-15.810663,-47.903982,,,,2,2023-06-18T10:58:18+00:00
BRA_230197,Brasília,5300108,,Pioneira,0.253,https://moovitapp.com/index/pt-br/transporte_p%C3%BAblico-line-0_253-Brasilia-1702-851941-510254-0,-1.0,-15.947243,-48.036621,,,,1,2023-06-18T10:57:40+00:00
BRA_227927,Brasília,5300108,,UTB,2303,https://moovitapp.com/index/pt-br/transporte_p%C3%BAblico-line-2303-Brasilia-1702-854427-744299-0,-1.0,-16.002365,-47.986042,,,,2,2023-06-18T10:58:10+00:00
BRA_232611,Brasília,5300108,,UTB,2303,https://moovitapp.com/index/pt-br/transporte_p%C3%BAblico-line-2303-Brasilia-1702-854427-744299-0,-1.0,-15.836334,-47.927086,,,,1,2023-06-18T10:57:48+00:00
BRA_231878,Brasília,5300108,,Pioneira,180.1,https://moovitapp.com/index/pt-br/transporte_p%C3%BAblico-line-180_1-Brasilia-1702-851941-339336-0,-1.0,-15.908286,-47.752831,,,,2,2023-06-18T10:58:10+00:00
BRA_229415,Brasília,5300108,,Pioneira,0.253,https://moovitapp.com/index/pt-br/transporte_p%C3%BAblico-line-0_253-Brasilia-1702-851941-510254-0,-1.0,-15.788709,-48.134856,,,,1,2023-06-18T10:57:08+00:00
BRA_227226,Brasília,5300108,,Pioneira,170.4,https://moovitapp.com/index/pt-br/transporte_p%C3%BAblico-line-170_4-Brasilia-1702-851941-379787-0,-1.0,-15.913266,-47.75627,,,,1,2023-06-18T10:57:14+00:00
BRA_231436,Brasília,5300108,,Pioneira,183.0,https://moovitapp.com/index/pt-br/transporte_p%C3%BAblico-line-183_0-Brasilia-1702-851941-26502248-0,-1.0,-15.91366,-47.757472,,,,1,2023-06-18T10:57:44+00:00
BRA_231622,Brasília,5300108,,Pioneira,102.1,https://moovitapp.com/index/pt-br/transporte_p%C3%BAblico-line-102_1-Brasilia-1702-851941-775125-0,-1.0,-15.796545,-47.891202,,,,1,2023-06-18T10:58:02+00:00
BRA_229709,Brasília,5300108,,Pioneira,180.2,https://moovitapp.com/index/pt-br/transporte_p%C3%BAblico-line-180_2-Brasilia-1702-851941-514539-0,-1.0,-15.89622,-47.797138,,,,2,2023-06-18T10:57:54+00:00
BRA_232211,Brasília,5300108,,,3202,,,-16.035222,-48.05518,,,,1,2023-06-18T10:58:00+00:00
BRA_223930,Brasília,5300108,,Pioneira,2306,https://moovitapp.com/index/pt-br/transporte_p%C3%BAblico-line-2306-Brasilia-1702-851941-18556641-0,-1.0,-16.022764,-48.031408,,,,1,2023-06-18T10:57:46+00:00
BRA_226831,Brasília,5300108,,Urbi,0.129,https://moovitapp.com/index/pt-br/transporte_p%C3%BAblico-line-0_129-Brasilia-1702-851595-775097-0,-1.0,-15.871798,-47.958017,,,,1,2023-06-15T19:41:04+00:00
BRA_229008,Brasília,5300108,,Pioneira,251.8,https://moovitapp.com/index/pt-br/transporte_p%C3%BAblico-line-251_8-Brasilia-1702-851941-708654-0,-1.0,-16.023349,-48.053813,,,,1,2023-06-17T01:28:22+00:00
BRA_226645,Brasília,5300108,,,2202,,,-15.803987,-47.886739,,,,1,2023-06-18T10:58:14+00:00
BRA_229636,Brasília,5300108,,Pioneira,124.6,https://moovitapp.com/index/pt-br/transporte_p%C3%BAblico-line-124_6-Brasilia-1702-851941-425282-0,-1.0,-15.854694,-47.95012,,,,1,2023-06-18T10:57:50+00:00
BRA_232092,Brasília,5300108,,Pioneira,181.2,https://moovitapp.com/index/pt-br/transporte_p%C3%BAblico-line-181_2-Brasilia-1702-851941-339338-0,-1.0,-15.830282,-47.877031,,,,1,2023-06-16T22:12:22+00:00
BRA_229067,Brasília,5300108,,Taguatur,3302,https://moovitapp.com/index/pt-br/transporte_p%C3%BAblico-line-3302-Brasilia-1702-854428-3135322-0,-1.0,-16.015907,-48.016041,,,,1,2023-06-18T10:57:50+00:00
BRA_228486,Brasília,5300108,,UTB,2302,https://moovitapp.com/index/pt-br/transporte_p%C3%BAblico-line-2302-Brasilia-1702-854427-744298-0,-1.0,-16.002476,-47.986716,,,,2,2023-06-18T10:58:38+00:00
BRA_226530,Brasília,5300108,,Pioneira,764.2,https://moovitapp.com/index/pt-br/transporte_p%C3%BAblico-line-764_2-Brasilia-1702-851941-527246-0,-1.0,-15.750233,-47.77542,,,,2,2023-06-18T10:58:00+00:00
BRA_227994,Brasília,5300108,,Pioneira,0.181,https://moovitapp.com/index/pt-br/transporte_p%C3%BAblico-line-0_181-Brasilia-1702-851941-242838-0,-1.0,-15.768669,-47.77973,,,,2,2023-06-18T10:56:54+00:00
BRA_231720,Brasília,5300108,,Pioneira,0.102,https://moovitapp.com/index/pt-br/transporte_p%C3%BAblico-line-0_102-Brasilia-1702-851941-775119-0,-1.0,-15.858804,-47.929712,,,,1,2023-06-18T10:58:20+00:00
BRA_228087,Brasília,5300108,,UTB,2302,https://moovitapp.com/index/pt-br/transporte_p%C3%BAblico-line-2302-Brasilia-1702-854427-744298-0,-1.0,-15.945099,-47.990372,,,,2,2023-06-18T10:58:12+00:00
BRA_226351,Brasília,5300108,,,2202,,,-15.960363,-48.01421,,,,1,2023-06-18T10:57:56+00:00
BRA_226700,Brasília,5300108,,Pioneira,163.1,https://moovitapp.com/index/pt-br/transporte_p%C3%BAblico-line-163_1-Brasilia-1702-851941-242911-0,-1.0,-15.8448,-47.94106,,,,2,2023-06-16T00:12:20+00:00
BRA_232157,Brasília,5300108,,Pioneira,205.1,https://moovitapp.com/index/pt-br/transporte_p%C3%BAblico-line-205_1-Brasilia-1702-851941-393571-0,-1.0,-15.995164,-48.053819,,,,2,2023-06-18T10:45:26+00:00
BRA_229504,Brasília,5300108,,Pioneira,0.780,https://moovitapp.com/index/pt-br/transporte_p%C3%BAblico-line-0_780-Brasilia-1702-851941-514537-0,-1.0,-15.752327,-47.763899,,,,1,2023-06-15T20:32:26+00:00
BRA_228354,Brasília,5300108,,Pioneira,0.253,https://moovitapp.com/index/pt-br/transporte_p%C3%BAblico-line-0_253-Brasilia-1702-851941-510254-0,-1.0,-16.044734,-48.029316,,,,1,2023-06-16T21:49:36+00:00
BRA_226769,Brasília,5300108,,Pioneira,764.2,https://moovitapp.com/index/pt-br/transporte_p%C3%BAblico-line-764_2-Brasilia-1702-851941-527246-0,-1.0,-15.793985,-47.881799,,,,1,2023-06-18T10:58:02+00:00
BRA_231380,Brasília,5300108,,Pioneira,073.4,https://moovitapp.com/index/pt-br/transporte_p%C3%BAblico-line-073_4-Brasilia-1702-851941-77944646-0,-1.0,-15.879989,-47.959174,,,,1,2023-06-18T10:55:28+00:00
BRA_226289,Brasília,5300108,,Pioneira,2308,https://moovitapp.com/index/pt-br/transporte_p%C3%BAblico-line-2308-Brasilia-1702-851941-18556636-0,-1.0,-15.94255,-47.98849,,,,1,2023-06-18T10:57:40+00:00
BRA_232408,Brasília,5300108,,Pioneira,251.8,https://moovitapp.com/index/pt-br/transporte_p%C3%BAblico-line-251_8-Brasilia-1702-851941-708654-0,-1.0,-16.019245,-48.050602,,,,1,2023-06-18T10:57:46+00:00
BRA_229679,Brasília,5300108,,Pioneira,759.1,https://moovitapp.com/index/pt-br/transporte_p%C3%BAblico-line-759_1-Brasilia-1702-851941-616183-0,-1.0,-15.750718,-47.776672,,,,2,2023-06-18T10:57:38+00:00
BRA_231819,Brasília,5300108,,Pioneira,197.3,https://moovitapp.com/index/pt-br/transporte_p%C3%BAblico-line-197_3-Brasilia-1702-851941-519409-0,-1.0,-15.900505,-47.773258,,,,2,2023-06-18T10:57:40+00:00
BRA_232289,Brasília,5300108,,Pioneira,205.1,https://moovitapp.com/index/pt-br/transporte_p%C3%BAblico-line-205_1-Brasilia-1702-851941-393571-0,-1.0,-16.026665,-48.074145,,,,1,2023-06-18T10:57:58+00:00
BRA_226041,Brasília,5300108,,Pioneira,2308,https://moovitapp.com/index/pt-br/transporte_p%C3%BAblico-line-2308-Brasilia-1702-851941-18556636-0,-1.0,-15.787083,-47.907618,,,,1,2023-06-18T10:57:40+00:00
BRA_226785,Brasília,5300108,,Urbi,0.129,https://moovitapp.com/index/pt-br/transporte_p%C3%BAblico-line-0_129-Brasilia-1702-851595-775097-0,-1.0,-15.857808,-47.922941,,,,2,2023-06-15T10:14:04+00:00
BRA_229407,Brasília,5300108,,Pioneira,0.275,https://moovitapp.com/index/pt-br/transporte_p%C3%BAblico-line-0_275-Brasilia-1702-851941-706979-0,-1.0,-15.840515,-48.056356,,,,1,2023-06-18T10:57:58+00:00
BRA_232505,Brasília,5300108,,Taguatur,3303,https://moovitapp.com/index/pt-br/transporte_p%C3%BAblico-line-3303-Brasilia-1702-854428-2224148-0,-1.0,-16.017509,-47.986315,,,,1,2023-06-18T10:57:56+00:00
BRA_228982,Brasília,5300108,,Taguatur,3303,https://moovitapp.com/index/pt-br/transporte_p%C3%BAblico-line-3303-Brasilia-1702-854428-2224148-0,-1.0,-16.038274,-48.027065,,,,1,2023-06-18T10:57:34+00:00
BRA_226912,Brasília,5300108,,Pioneira,0.759,https://moovitapp.com/index/pt-br/transporte_p%C3%BAblico-line-0_759-Brasilia-1702-851941-775121-0,-1.0,-15.764249,-47.890687,,,,2,2023-06-16T20:31:02+00:00
BRA_227633,Brasília,5300108,,Pioneira,183.2,https://moovitapp.com/index/pt-br/transporte_p%C3%BAblico-line-183_2-Brasilia-1702-851941-242920-0,-1.0,-15.878986,-47.779171,,,,1,2023-06-18T10:57:48+00:00
BRA_231592,Brasília,5300108,,Pioneira,764.2,https://moovitapp.com/index/pt-br/transporte_p%C3%BAblico-line-764_2-Brasilia-1702-851941-527246-0,-1.0,-15.760132,-47.78125,,,,2,2023-06-18T10:57:40+00:00
BRA_232378,Brasília,5300108,,Pioneira,3307,https://moovitapp.com/index/pt-br/transporte_p%C3%BAblico-line-3307-Brasilia-1702-851941-519400-0,-1.0,-16.028909,-47.987816,,,,1,2023-06-18T10:57:44+00:00
BRA_230146,Brasília,5300108,,Taguatur,3302,https://moovitapp.com/index/pt-br/transporte_p%C3%BAblico-line-3302-Brasilia-1702-854428-3135322-0,-1.0,-16.018851,-48.020803,,,,1,2023-06-18T10:58:04+00:00
BRA_228419,Brasília,5300108,,Pioneira,0.147,https://moovitapp.com/index/pt-br/transporte_p%C3%BAblico-line-0_147-Brasilia-1702-851941-519401-0,-1.0,-15.825025,-47.900542,,,,1,2023-06-18T10:57:06+00:00
BRA_229423,Brasília,5300108,,Pioneira,0.255,https://moovitapp.com/index/pt-br/transporte_p%C3%BAblico-line-0_255-Brasilia-1702-851941-706978-0,-1.0,-15.935928,-48.043062,,,,1,2023-06-18T10:58:18+00:00
BRA_229890,Brasília,5300108,,Pioneira,197.3,https://moovitapp.com/index/pt-br/transporte_p%C3%BAblico-line-197_3-Brasilia-1702-851941-519409-0,-1.0,-15.85873,-47.832189,,,,2,2023-06-18T10:57:24+00:00
BRA_227803,Brasília,5300108,,Pioneira,0.181,https://moovitapp.com/index/pt-br/transporte_p%C3%BAblico-line-0_181-Brasilia-1702-851941-242838-0,-1.0,-15.775008,-47.779489,,,,1,2023-06-18T10:58:00+00:00
BRA_229903,Brasília,5300108,,Pioneira,170.4,https://moovitapp.com/index/pt-br/transporte_p%C3%BAblico-line-170_4-Brasilia-1702-851941-379787-0,-1.0,-15.913599,-47.75772,,,,1,2023-06-18T10:57:16+00:00
BRA_227986,Brasília,5300108,,Pioneira,147.5,https://moovitapp.com/index/pt-br/transporte_p%C3%BAblico-line-147_5-Brasilia-1702-851941-519406-0,-1.0,-15.912925,-47.757071,,,,1,2023-06-18T10:05:20+00:00
BRA_229911,Brasília,5300108,,Pioneira,205.1,https://moovitapp.com/index/pt-br/transporte_p%C3%BAblico-line-205_1-Brasilia-1702-851941-393571-0,-1.0,-15.873531,-48.029316,,,,2,2023-06-18T10:57:04+00:00
BRA_230081,Brasília,5300108,,Pioneira,0.255,https://moovitapp.com/index/pt-br/transporte_p%C3%BAblico-line-0_255-Brasilia-1702-851941-706978-0,-1.0,-15.876319,-48.049343,,,,2,2023-06-18T10:58:20+00:00
BRA_227919,Brasília,5300108,,,3206,,,-15.998413,-48.060126,,,,1,2023-06-18T10:58:08+00:00
BRA_228214,Brasília,5300108,,,3207,,,-16.012913,-48.077934,,,,1,2023-06-18T10:57:12+00:00
BRA_77534,Brasília,5300108,,Urbi,0.808,https://moovitapp.com/index/pt-br/transporte_p%C3%BAblico-line-0_808-Brasilia-1702-851595-372359-0,-1.0,-15.831718,-48.077457,,,,1,2023-06-18T10:57:04+00:00
BRA_710571,Brasília,5300108,,São José,0.311,https://moovitapp.com/index/pt-br/transporte_p%C3%BAblico-line-0_311-Brasilia-1702-851943-706986-0,-1.0,-15.788619,-48.134627,,,,1,2023-06-18T10:56:54+00:00
BRA_78140,Brasília,5300108,,São José,0.312,https://moovitapp.com/index/pt-br/transporte_p%C3%BAblico-line-0_312-Brasilia-1702-851943-706987-0,-1.0,-15.790086,-47.980689,,,,2,2023-06-18T10:57:38+00:00
BRA_78093,Brasília,5300108,,São José,0.331,https://moovitapp.com/index/pt-br/transporte_p%C3%BAblico-line-0_331-Brasilia-1702-851943-775133-0,-1.0,-15.803383,-48.069351,,,,2,2023-06-16T18:00:52+00:00
BRA_77518,Brasília,5300108,,Urbi,0.805,https://moovitapp.com/index/pt-br/transporte_p%C3%BAblico-line-0_805-Brasilia-1702-851595-460800-0,-1.0,-15.876344,-48.02704,,,,1,2023-06-18T10:57:48+00:00
BRA_79693,Brasília,5300108,,São José,0.353,https://moovitapp.com/index/pt-br/transporte_p%C3%BAblico-line-0_353-Brasilia-1702-851943-706998-0,-1.0,-15.812372,-48.06443,,,,1,2023-06-18T10:57:32+00:00
BRA_78051,Brasília,5300108,,São José,0.343,https://moovitapp.com/index/pt-br/transporte_p%C3%BAblico-line-0_343-Brasilia-1702-851943-706996-0,-1.0,-15.787587,-48.134112,,,,1,2023-06-18T09:40:26+00:00
BRA_77798,Brasília,5300108,,São José,0.364,https://moovitapp.com/index/pt-br/transporte_p%C3%BAblico-line-0_364-Brasilia-1702-851943-707002-0,-1.0,-15.809253,-48.090618,,,,1,2023-06-18T10:57:40+00:00
BRA_78590,Brasília,5300108,,São José,0.382,https://moovitapp.com/index/pt-br/transporte_p%C3%BAblico-line-0_382-Brasilia-1702-851943-775140-0,-1.0,-15.803634,-48.07026,,,,2,2023-06-18T10:57:18+00:00
BRA_710393,Brasília,5300108,,São José,0.920,https://moovitapp.com/index/pt-br/transporte_p%C3%BAblico-line-0_920-Brasilia-1702-851943-707019-0,-1.0,-15.8313,-48.101954,,,,1,2023-06-18T10:57:50+00:00
BRA_79049,Brasília,5300108,,São José,0.926,https://moovitapp.com/index/pt-br/transporte_p%C3%BAblico-line-0_926-Brasilia-1702-851943-775154-0,-1.0,-15.823515,-48.114581,,,,1,2023-06-15T11:23:02+00:00
BRA_79901,Brasília,5300108,,São José,0.927,https://moovitapp.com/index/pt-br/transporte_p%C3%BAblico-line-0_927-Brasilia-1702-851943-775155-0,-1.0,-15.788608,-48.134951,,,,1,2023-06-18T10:54:44+00:00
BRA_78603,Brasília,5300108,,São José,949.1,https://moovitapp.com/index/pt-br/transporte_p%C3%BAblico-line-949_1-Brasilia-1702-851943-707069-0,-1.0,-15.804362,-48.070699,,,,1,2023-06-18T10:56:58+00:00
BRA_711225,Brasília,5300108,,São José,0.159,https://moovitapp.com/index/pt-br/transporte_p%C3%BAblico-line-0_159-Brasilia-1702-851943-375523-0,-1.0,-15.828009,-48.145346,,,,1,2023-06-18T10:57:36+00:00
BRA_711250,Brasília,5300108,,São José,0.159,https://moovitapp.com/index/pt-br/transporte_p%C3%BAblico-line-0_159-Brasilia-1702-851943-375523-0,-1.0,-15.815247,-48.005614,,,,2,2023-06-18T10:57:34+00:00
BRA_500143,Brasília,5300108,,São José,0.402,https://moovitapp.com/index/pt-br/transporte_p%C3%BAblico-line-0_402-Brasilia-1702-851943-781335-0,-1.0,-15.681529,-48.194143,,,,1,2023-06-18T10:57:52+00:00
BRA_500135,Brasília,5300108,,São José,0.402,https://moovitapp.com/index/pt-br/transporte_p%C3%BAblico-line-0_402-Brasilia-1702-851943-781335-0,-1.0,-15.80531,-48.075677,,,,1,2023-06-18T10:56:42+00:00
BRA_500054,Brasília,5300108,,São José,0.402,https://moovitapp.com/index/pt-br/transporte_p%C3%BAblico-line-0_402-Brasilia-1702-851943-781335-0,-1.0,-15.790172,-48.151323,,,,1,2023-06-18T10:57:44+00:00
BRA_76651,Brasília,5300108,,São José,928.1,https://moovitapp.com/index/pt-br/transporte_p%C3%BAblico-line-928_1-Brasilia-1702-851943-707067-0,-1.0,-15.814203,-48.098178,,,,1,2023-06-18T10:44:36+00:00
BRA_79707,Brasília,5300108,,São José,333.8,https://moovitapp.com/index/pt-br/transporte_p%C3%BAblico-line-333_8-Brasilia-1702-851943-376187-0,-1.0,-15.80641,-48.1566,,,,1,2023-06-18T10:56:58+00:00
BRA_76708,Brasília,5300108,,São José,0.956,https://moovitapp.com/index/pt-br/transporte_p%C3%BAblico-line-0_956-Brasilia-1702-851943-347190-0,-1.0,-15.81703,-48.024821,,,,1,2023-06-18T10:56:52+00:00
BRA_76988,Brasília,5300108,,Urbi,086.1,https://moovitapp.com/index/pt-br/transporte_p%C3%BAblico-line-086_1-Brasilia-1702-851595-481321-0,-1.0,-15.842956,-47.982475,,,,1,2023-06-18T10:57:52+00:00
BRA_75973,Brasília,5300108,,São José,0.039,https://moovitapp.com/index/pt-br/transporte_p%C3%BAblico-line-0_039-Brasilia-1702-851943-781333-0,-1.0,-15.816197,-48.117728,,,,1,2023-06-18T10:56:54+00:00
BRA_711292,Brasília,5300108,,São José,0.092,https://moovitapp.com/index/pt-br/transporte_p%C3%BAblico-line-0_092-Brasilia-1702-851943-496589-0,-1.0,-15.793664,-48.054264,,,,1,2023-06-18T10:57:48+00:00
BRA_77071,Brasília,5300108,,Urbi,0.886,https://moovitapp.com/index/pt-br/transporte_p%C3%BAblico-line-0_886-Brasilia-1702-851595-704024-0,-1.0,-15.78798,-48.134646,,,,1,2023-06-18T10:57:36+00:00
BRA_78646,Brasília,5300108,,São José,0.965,https://moovitapp.com/index/pt-br/transporte_p%C3%BAblico-line-0_965-Brasilia-1702-851943-771760-0,-1.0,-15.813878,-48.098267,,,,2,2023-06-18T10:57:34+00:00
BRA_120529,Brasília,5300108,,Piracicabana,152.1,https://moovitapp.com/index/pt-br/transporte_p%C3%BAblico-line-152_1-Brasilia-1702-850942-542827-0,-1.0,-15.61264,-47.64064,,,,1,2023-06-16T03:20:09+00:00
BRA_118966,Brasília,5300108,,Piracicabana,0.611,https://moovitapp.com/index/pt-br/transporte_p%C3%BAblico-line-0_611-Brasilia-1702-850942-25771159-0,-1.0,-15.64834,-47.55331,,,,,2023-06-18T10:07:22+00:00
BRA_119431,Brasília,5300108,,Piracicabana,0.515,https://moovitapp.com/index/pt-br/transporte_p%C3%BAblico-line-0_515-Brasilia-1702-850942-26501707-0,-1.0,-15.6573,-47.89797,,,,,2023-06-18T10:35:08+00:00
BRA_119377,Brasília,5300108,,Piracicabana,501.3,https://moovitapp.com/index/pt-br/transporte_p%C3%BAblico-line-501_3-Brasilia-1702-850942-242472-0,-1.0,-15.70531,-47.88991,,,,,2023-06-18T10:36:33+00:00
BRA_119504,Brasília,5300108,,Piracicabana,531.1,https://moovitapp.com/index/pt-br/transporte_p%C3%BAblico-line-531_1-Brasilia-1702-850942-476289-0,-1.0,-15.63818,-47.8473,,,,1,2023-06-18T10:40:46+00:00
BRA_119334,Brasília,5300108,,Piracicabana,501.3,https://moovitapp.com/index/pt-br/transporte_p%C3%BAblico-line-501_3-Brasilia-1702-850942-242472-0,-1.0,-15.71681,-47.89832,,,,,2023-06-18T10:48:24+00:00
BRA_119687,Brasília,5300108,,Piracicabana,501.2,https://moovitapp.com/index/pt-br/transporte_p%C3%BAblico-line-501_2-Brasilia-1702-850942-786258-0,-1.0,-15.69853,-47.83033,,,,1,2023-06-18T10:49:20+00:00
BRA_119237,Brasília,5300108,,Piracicabana,501.3,https://moovitapp.com/index/pt-br/transporte_p%C3%BAblico-line-501_3-Brasilia-1702-850942-242472-0,-1.0,-15.83422,-47.9234,,,,1,2023-06-18T10:50:55+00:00
BRA_120961,Brasília,5300108,,Piracicabana,104.1,https://moovitapp.com/index/pt-br/transporte_p%C3%BAblico-line-104_1-Brasilia-1702-850942-242430-0,-1.0,-15.79373,-47.88174,,,,1,2023-06-18T10:50:57+00:00
BRA_119288,Brasília,5300108,,Piracicabana,062.7,https://moovitapp.com/index/pt-br/transporte_p%C3%BAblico-line-062_7-Brasilia-1702-850942-494154-0,-1.0,-15.6436,-47.78782,,,,1,2023-06-18T10:51:00+00:00
BRA_118214,Brasília,5300108,,Piracicabana,0.103,https://moovitapp.com/index/pt-br/transporte_p%C3%BAblico-line-0_103-Brasilia-1702-850942-335705-0,-1.0,-15.79385,-47.8817,,,,1,2023-06-18T10:53:02+00:00
BRA_119776,Brasília,5300108,,Piracicabana,501.3,https://moovitapp.com/index/pt-br/transporte_p%C3%BAblico-line-501_3-Brasilia-1702-850942-242472-0,-1.0,-15.64356,-47.81429,,,,1,2023-06-18T10:53:35+00:00
BRA_119318,Brasília,5300108,,Piracicabana,501.7,https://moovitapp.com/index/pt-br/transporte_p%C3%BAblico-line-501_7-Brasilia-1702-850942-519379-0,-1.0,-15.65268,-47.80439,,,,,2023-06-18T10:53:50+00:00
BRA_119989,Brasília,5300108,,Piracicabana,0.504,https://moovitapp.com/index/pt-br/transporte_p%C3%BAblico-line-0_504-Brasilia-1702-850942-781321-0,-1.0,-15.65271,-47.80074,,,,,2023-06-18T10:53:52+00:00
BRA_119521,Brasília,5300108,,Piracicabana,062.5,https://moovitapp.com/index/pt-br/transporte_p%C3%BAblico-line-062_5-Brasilia-1702-850942-339835-0,-1.0,-15.66996,-47.81618,,,,,2023-06-18T10:55:19+00:00
BRA_119342,Brasília,5300108,,Piracicabana,512.1,https://moovitapp.com/index/pt-br/transporte_p%C3%BAblico-line-512_1-Brasilia-1702-850942-474401-0,-1.0,-15.65376,-47.80463,,,,,2023-06-18T10:56:20+00:00
BRA_118249,Brasília,5300108,,Piracicabana,115.1,https://moovitapp.com/index/pt-br/transporte_p%C3%BAblico-line-115_1-Brasilia-1702-850942-242436-0,-1.0,-15.79263,-47.89037,,,,,2023-06-18T10:56:23+00:00
BRA_118311,Brasília,5300108,,Piracicabana,107.1,https://moovitapp.com/index/pt-br/transporte_p%C3%BAblico-line-107_1-Brasilia-1702-850942-242434-0,-1.0,-15.79325,-47.88195,,,,1,2023-06-18T10:56:32+00:00
BRA_120791,Brasília,5300108,,Piracicabana,158.1,https://moovitapp.com/index/pt-br/transporte_p%C3%BAblico-line-158_1-Brasilia-1702-850942-775094-0,-1.0,-15.80508,-47.95143,,,,,2023-06-18T10:56:45+00:00
BRA_119636,Brasília,5300108,,Piracicabana,0.150,https://moovitapp.com/index/pt-br/transporte_p%C3%BAblico-line-0_150-Brasilia-1702-850942-775086-0,-1.0,-15.8249,-47.91294,,,,,2023-06-18T10:56:52+00:00
BRA_120448,Brasília,5300108,,Piracicabana,600.7,https://moovitapp.com/index/pt-br/transporte_p%C3%BAblico-line-600_7-Brasilia-1702-850942-698442-0,-1.0,-15.74204,-47.88974,,,,1,2023-06-18T10:57:16+00:00
BRA_120588,Brasília,5300108,,Piracicabana,616.2,https://moovitapp.com/index/pt-br/transporte_p%C3%BAblico-line-616_2-Brasilia-1702-850942-470754-0,-1.0,-15.79243,-47.88294,,,,,2023-06-18T10:57:17+00:00
BRA_120782,Brasília,5300108,,Piracicabana,158.1,https://moovitapp.com/index/pt-br/transporte_p%C3%BAblico-line-158_1-Brasilia-1702-850942-775094-0,-1.0,-15.77983,-47.99222,,,,1,2023-06-18T10:57:18+00:00
BRA_120693,Brasília,5300108,,Piracicabana,0.504,https://moovitapp.com/index/pt-br/transporte_p%C3%BAblico-line-0_504-Brasilia-1702-850942-781321-0,-1.0,-15.619,-47.64602,,,,,2023-06-18T10:57:18+00:00
BRA_120723,Brasília,5300108,,Piracicabana,0.620,https://moovitapp.com/index/pt-br/transporte_p%C3%BAblico-line-0_620-Brasilia-1702-850942-470748-0,-1.0,-15.67029,-47.81682,,,,,2023-06-18T10:57:18+00:00
BRA_120081,Brasília,5300108,,Piracicabana,616.2,https://moovitapp.com/index/pt-br/transporte_p%C3%BAblico-line-616_2-Brasilia-1702-850942-470754-0,-1.0,-15.59812,-47.67498,,,,,2023-06-18T10:57:19+00:00
BRA_120146,Brasília,5300108,,Piracicabana,512.1,https://moovitapp.com/index/pt-br/transporte_p%C3%BAblico-line-512_1-Brasilia-1702-850942-474401-0,-1.0,-15.79432,-47.89035,,,,,2023-06-18T10:57:21+00:00
BRA_120154,Brasília,5300108,,Piracicabana,601.2,https://moovitapp.com/index/pt-br/transporte_p%C3%BAblico-line-601_2-Brasilia-1702-850942-322378-0,-1.0,-15.60258,-47.64244,,,,,2023-06-18T10:57:22+00:00
BRA_121053,Brasília,5300108,,Piracicabana,0.504,https://moovitapp.com/index/pt-br/transporte_p%C3%BAblico-line-0_504-Brasilia-1702-850942-781321-0,-1.0,-15.63037,-47.65178,,,,,2023-06-18T10:57:22+00:00
BRA_118290,Brasília,5300108,,Piracicabana,107.1,https://moovitapp.com/index/pt-br/transporte_p%C3%BAblico-line-107_1-Brasilia-1702-850942-242434-0,-1.0,-15.80116,-47.89436,,,,,2023-06-18T10:57:22+00:00
BRA_121096,Brasília,5300108,,Piracicabana,600.7,https://moovitapp.com/index/pt-br/transporte_p%C3%BAblico-line-600_7-Brasilia-1702-850942-698442-0,-1.0,-15.60413,-47.68598,,,,,2023-06-18T10:57:24+00:00
BRA_120715,Brasília,5300108,,Piracicabana,601.6,https://moovitapp.com/index/pt-br/transporte_p%C3%BAblico-line-601_6-Brasilia-1702-850942-697954-0,-1.0,-15.62983,-47.65252,,,,,2023-06-18T10:57:24+00:00
BRA_120421,Brasília,5300108,,Piracicabana,066.5,https://moovitapp.com/index/pt-br/transporte_p%C3%BAblico-line-066_5-Brasilia-1702-850942-770026-0,-1.0,-15.62445,-47.64686,,,,,2023-06-18T10:57:24+00:00
BRA_120243,Brasília,5300108,,Piracicabana,616.8,https://moovitapp.com/index/pt-br/transporte_p%C3%BAblico-line-616_8-Brasilia-1702-850942-128977718-0,-1.0,-15.62767,-47.64368,,,,,2023-06-18T10:57:27+00:00
BRA_120626,Brasília,5300108,,Piracicabana,152.5,https://moovitapp.com/index/pt-br/transporte_p%C3%BAblico-line-152_5-Brasilia-1702-850942-542828-0,-1.0,-15.78613,-47.93436,,,,,2023-06-18T10:57:27+00:00
BRA_120111,Brasília,5300108,,Piracicabana,102.6,https://moovitapp.com/index/pt-br/transporte_p%C3%BAblico-line-102_6-Brasilia-1702-850942-775091-0,-1.0,-15.87022,-47.93155,,,,,2023-06-18T10:57:27+00:00
BRA_120812,Brasília,5300108,,Piracicabana,153.2,https://moovitapp.com/index/pt-br/transporte_p%C3%BAblico-line-153_2-Brasilia-1702-850942-775093-0,-1.0,-15.79369,-47.88316,,,,,2023-06-18T10:57:27+00:00
BRA_120731,Brasília,5300108,,Piracicabana,0.136,https://moovitapp.com/index/pt-br/transporte_p%C3%BAblico-line-0_136-Brasilia-1702-850942-719957-0,-1.0,-15.74674,-47.84731,,,,,2023-06-18T10:57:29+00:00
BRA_120740,Brasília,5300108,,Piracicabana,0.600,https://moovitapp.com/index/pt-br/transporte_p%C3%BAblico-line-0_600-Brasilia-1702-850942-242410-0,-1.0,-15.82221,-47.90914,,,,,2023-06-18T10:57:30+00:00
BRA_119661,Brasília,5300108,,Piracicabana,505.5,https://moovitapp.com/index/pt-br/transporte_p%C3%BAblico-line-505_5-Brasilia-1702-850942-651521-0,-1.0,-15.64904,-47.77131,,,,,2023-06-18T10:57:31+00:00
BRA_119733,Brasília,5300108,,Piracicabana,064.1,https://moovitapp.com/index/pt-br/transporte_p%C3%BAblico-line-064_1-Brasilia-1702-850942-339292-0,-1.0,-15.64343,-47.64289,,,,,2023-06-18T10:57:32+00:00
BRA_119059,Brasília,5300108,,Piracicabana,0.114,https://moovitapp.com/index/pt-br/transporte_p%C3%BAblico-line-0_114-Brasilia-1702-850942-242379-0,-1.0,-15.79359,-47.88267,,,,1,2023-06-18T10:57:32+00:00
BRA_119113,Brasília,5300108,,Piracicabana,063.1,https://moovitapp.com/index/pt-br/transporte_p%C3%BAblico-line-063_1-Brasilia-1702-850942-339291-0,-1.0,-15.64733,-47.78646,,,,,2023-06-18T10:57:32+00:00
BRA_120189,Brasília,5300108,,Piracicabana,066.6,https://moovitapp.com/index/pt-br/transporte_p%C3%BAblico-line-066_6-Brasilia-1702-850942-770027-0,-1.0,-15.64003,-47.64833,,,,,2023-06-18T10:57:32+00:00
BRA_120987,Brasília,5300108,,Piracicabana,620.1,https://moovitapp.com/index/pt-br/transporte_p%C3%BAblico-line-620_1-Brasilia-1702-850942-697955-0,-1.0,-15.67559,-47.82281,,,,,2023-06-18T10:57:33+00:00
BRA_119202,Brasília,5300108,,Piracicabana,0.509,https://moovitapp.com/index/pt-br/transporte_p%C3%BAblico-line-0_509-Brasilia-1702-850942-242397-0,-1.0,-15.78508,-47.88131,,,,,2023-06-18T10:57:33+00:00
BRA_118745,Brasília,5300108,,Piracicabana,128.1,https://moovitapp.com/index/pt-br/transporte_p%C3%BAblico-line-128_1-Brasilia-1702-850942-53234107-0,-1.0,-15.79333,-47.88219,,,,1,2023-06-18T10:57:34+00:00
BRA_121088,Brasília,5300108,,Piracicabana,600.7,https://moovitapp.com/index/pt-br/transporte_p%C3%BAblico-line-600_7-Brasilia-1702-850942-698442-0,-1.0,-15.83148,-47.91949,,,,1,2023-06-18T10:57:34+00:00
BRA_120090,Brasília,5300108,,Piracicabana,162.1,https://moovitapp.com/index/pt-br/transporte_p%C3%BAblico-line-162_1-Brasilia-1702-850942-762425-0,-1.0,-15.83723,-47.96383,,,,,2023-06-18T10:57:34+00:00
BRA_120219,Brasília,5300108,,Piracicabana,0.640,https://moovitapp.com/index/pt-br/transporte_p%C3%BAblico-line-0_640-Brasilia-1702-850942-242423-0,-1.0,-15.77892,-47.8878,,,,,2023-06-18T10:57:35+00:00
BRA_120464,Brasília,5300108,,Piracicabana,099.1,https://moovitapp.com/index/pt-br/transporte_p%C3%BAblico-line-099_1-Brasilia-1702-850942-775090-0,-1.0,-15.83774,-48.03811,,,,,2023-06-18T10:57:35+00:00
BRA_120898,Brasília,5300108,,Piracicabana,106.2,https://moovitapp.com/index/pt-br/transporte_p%C3%BAblico-line-106_2-Brasilia-1702-850942-242433-0,-1.0,-15.73509,-47.89804,,,,,2023-06-18T10:57:35+00:00
BRA_119393,Brasília,5300108,,Piracicabana,505.5,https://moovitapp.com/index/pt-br/transporte_p%C3%BAblico-line-505_5-Brasilia-1702-850942-651521-0,-1.0,-15.63398,-47.82325,,,,,2023-06-18T10:57:36+00:00
BRA_120871,Brasília,5300108,,Piracicabana,158.1,https://moovitapp.com/index/pt-br/transporte_p%C3%BAblico-line-158_1-Brasilia-1702-850942-775094-0,-1.0,-15.78008,-47.99049,,,,,2023-06-18T10:57:36+00:00
BRA_120197,Brasília,5300108,,Piracicabana,103.2,https://moovitapp.com/index/pt-br/transporte_p%C3%BAblico-line-103_2-Brasilia-1702-850942-474397-0,-1.0,-15.81732,-47.84103,,,,,2023-06-18T10:57:36+00:00
BRA_118486,Brasília,5300108,,Piracicabana,128.1,https://moovitapp.com/index/pt-br/transporte_p%C3%BAblico-line-128_1-Brasilia-1702-850942-53234107-0,-1.0,-15.72409,-47.90673,,,,,2023-06-18T10:57:38+00:00
BRA_120600,Brasília,5300108,,Piracicabana,136.7,https://moovitapp.com/index/pt-br/transporte_p%C3%BAblico-line-136_7-Brasilia-1702-850942-242451-0,-1.0,-15.7309,-47.89352,,,,,2023-06-18T10:57:39+00:00
BRA_121061,Brasília,5300108,,Piracicabana,620.1,https://moovitapp.com/index/pt-br/transporte_p%C3%BAblico-line-620_1-Brasilia-1702-850942-697955-0,-1.0,-15.79453,-47.88046,,,,,2023-06-18T10:57:40+00:00
BRA_121070,Brasília,5300108,,Piracicabana,643.1,https://moovitapp.com/index/pt-br/transporte_p%C3%BAblico-line-643_1-Brasilia-1702-850942-772850-0,-1.0,-15.64324,-47.6389,,,,,2023-06-18T10:57:41+00:00
BRA_120481,Brasília,5300108,,Piracicabana,110.2,https://moovitapp.com/index/pt-br/transporte_p%C3%BAblico-line-110_2-Brasilia-1702-850942-339295-0,-1.0,-15.76367,-47.86292,,,,,2023-06-18T10:57:41+00:00
BRA_120561,Brasília,5300108,,Piracicabana,066.4,https://moovitapp.com/index/pt-br/transporte_p%C3%BAblico-line-066_4-Brasilia-1702-850942-763557-0,-1.0,-15.63636,-47.67625,,,,,2023-06-18T10:57:41+00:00
BRA_120227,Brasília,5300108,,Piracicabana,620.1,https://moovitapp.com/index/pt-br/transporte_p%C3%BAblico-line-620_1-Brasilia-1702-850942-697955-0,-1.0,-15.61841,-47.65458,,,,1,2023-06-18T10:57:41+00:00
BRA_120901,Brasília,5300108,,Piracicabana,136.6,https://moovitapp.com/index/pt-br/transporte_p%C3%BAblico-line-136_6-Brasilia-1702-850942-773700-0,-1.0,-15.82801,-47.92808,,,,,2023-06-18T10:57:42+00:00
BRA_118605,Brasília,5300108,,Piracicabana,0.114,https://moovitapp.com/index/pt-br/transporte_p%C3%BAblico-line-0_114-Brasilia-1702-850942-242379-0,-1.0,-15.82859,-47.9285,,,,,2023-06-18T10:57:42+00:00
BRA_119172,Brasília,5300108,,Piracicabana,505.3,https://moovitapp.com/index/pt-br/transporte_p%C3%BAblico-line-505_3-Brasilia-1702-850942-352626-0,-1.0,-15.6359,-47.82995,,,,,2023-06-18T10:57:42+00:00
BRA_119164,Brasília,5300108,,Piracicabana,062.6,https://moovitapp.com/index/pt-br/transporte_p%C3%BAblico-line-062_6-Brasilia-1702-850942-339289-0,-1.0,-15.64574,-47.82793,,,,,2023-06-18T10:57:42+00:00
BRA_120341,Brasília,5300108,,Piracicabana,0.600,https://moovitapp.com/index/pt-br/transporte_p%C3%BAblico-line-0_600-Brasilia-1702-850942-242410-0,-1.0,-15.68694,-47.8586,,,,,2023-06-18T10:57:43+00:00
BRA_118222,Brasília,5300108,,Piracicabana,104.2,https://moovitapp.com/index/pt-br/transporte_p%C3%BAblico-line-104_2-Brasilia-1702-850942-242431-0,-1.0,-15.80001,-47.84566,,,,,2023-06-18T10:57:43+00:00
BRA_117099,Brasília,5300108,,,628.2,,,-15.93092,-47.55147,,,,,2023-06-18T10:57:43+00:00
BRA_120499,Brasília,5300108,,Piracicabana,115.1,https://moovitapp.com/index/pt-br/transporte_p%C3%BAblico-line-115_1-Brasilia-1702-850942-242436-0,-1.0,-15.74857,-47.88145,,,,,2023-06-18T10:57:44+00:00
BRA_120928,Brasília,5300108,,Piracicabana,0.151,https://moovitapp.com/index/pt-br/transporte_p%C3%BAblico-line-0_151-Brasilia-1702-850942-775087-0,-1.0,-15.78389,-47.93026,,,,,2023-06-18T10:57:44+00:00
BRA_120758,Brasília,5300108,,Piracicabana,0.600,https://moovitapp.com/index/pt-br/transporte_p%C3%BAblico-line-0_600-Brasilia-1702-850942-242410-0,-1.0,-15.62994,-47.73286,,,,,2023-06-18T10:57:44+00:00
BRA_120677,Brasília,5300108,,Piracicabana,0.643,https://moovitapp.com/index/pt-br/transporte_p%C3%BAblico-line-0_643-Brasilia-1702-850942-585284-0,-1.0,-15.72188,-47.89717,,,,,2023-06-18T10:57:44+00:00
BRA_119482,Brasília,5300108,,Piracicabana,0.509,https://moovitapp.com/index/pt-br/transporte_p%C3%BAblico-line-0_509-Brasilia-1702-850942-242397-0,-1.0,-15.7848,-47.87974,,,,,2023-06-18T10:57:44+00:00
BRA_119474,Brasília,5300108,,Piracicabana,0.509,https://moovitapp.com/index/pt-br/transporte_p%C3%BAblico-line-0_509-Brasilia-1702-850942-242397-0,-1.0,-15.64696,-47.77094,,,,,2023-06-18T10:57:45+00:00
BRA_118770,Brasília,5300108,,Piracicabana,158.1,https://moovitapp.com/index/pt-br/transporte_p%C3%BAblico-line-158_1-Brasilia-1702-850942-775094-0,-1.0,-15.81258,-47.90659,,,,,2023-06-18T10:57:45+00:00
BRA_119784,Brasília,5300108,,Piracicabana,0.620,https://moovitapp.com/index/pt-br/transporte_p%C3%BAblico-line-0_620-Brasilia-1702-850942-470748-0,-1.0,-15.62424,-47.6507,,,,,2023-06-18T10:57:45+00:00
BRA_116432,Brasília,5300108,,Piracicabana,601.3,https://moovitapp.com/index/pt-br/transporte_p%C3%BAblico-line-601_3-Brasilia-1702-850942-339836-0,-1.0,-15.62432,-47.6464,,,,,2023-06-18T10:57:45+00:00
BRA_120073,Brasília,5300108,,Piracicabana,0.620,https://moovitapp.com/index/pt-br/transporte_p%C3%BAblico-line-0_620-Brasilia-1702-850942-470748-0,-1.0,-15.60076,-47.68062,,,,,2023-06-18T10:57:46+00:00
BRA_120456,Brasília,5300108,,Piracicabana,067.3,https://moovitapp.com/index/pt-br/transporte_p%C3%BAblico-line-067_3-Brasilia-1702-850942-339294-0,-1.0,-15.66771,-47.64528,,,,,2023-06-18T10:57:46+00:00
BRA_120642,Brasília,5300108,,Piracicabana,601.1,https://moovitapp.com/index/pt-br/transporte_p%C3%BAblico-line-601_1-Brasilia-1702-850942-322377-0,-1.0,-15.60418,-47.64632,,,,,2023-06-18T10:57:47+00:00
BRA_116297,Brasília,5300108,,Piracicabana,0.649,https://moovitapp.com/index/pt-br/transporte_p%C3%BAblico-line-0_649-Brasilia-1702-850942-771758-0,-1.0,-15.52844,-47.64456,,,,,2023-06-18T10:57:47+00:00
BRA_119407,Brasília,5300108,,Piracicabana,063.1,https://moovitapp.com/index/pt-br/transporte_p%C3%BAblico-line-063_1-Brasilia-1702-850942-339291-0,-1.0,-15.64916,-47.78574,,,,,2023-06-18T10:57:49+00:00
BRA_120316,Brasília,5300108,,Piracicabana,066.3,https://moovitapp.com/index/pt-br/transporte_p%C3%BAblico-line-066_3-Brasilia-1702-850942-513542-0,-1.0,-15.62089,-47.65797,,,,,2023-06-18T10:57:50+00:00
BRA_119270,Brasília,5300108,,Piracicabana,136.9,https://moovitapp.com/index/pt-br/transporte_p%C3%BAblico-line-136_9-Brasilia-1702-850942-773702-0,-1.0,-15.73812,-47.89275,,,,,2023-06-18T10:57:50+00:00
BRA_118991,Brasília,5300108,,Piracicabana,152.1,https://moovitapp.com/index/pt-br/transporte_p%C3%BAblico-line-152_1-Brasilia-1702-850942-542827-0,-1.0,-15.78532,-47.90487,,,,,2023-06-18T10:57:51+00:00
BRA_119547,Brasília,5300108,,Piracicabana,505.8,https://moovitapp.com/index/pt-br/transporte_p%C3%BAblico-line-505_8-Brasilia-1702-850942-339297-0,-1.0,-15.63878,-47.82273,,,,,2023-06-18T10:57:51+00:00
BRA_120324,Brasília,5300108,,Piracicabana,0.617,https://moovitapp.com/index/pt-br/transporte_p%C3%BAblico-line-0_617-Brasilia-1702-850942-242417-0,-1.0,-15.82672,-47.91546,,,,,2023-06-18T10:57:51+00:00
BRA_120260,Brasília,5300108,,Piracicabana,620.1,https://moovitapp.com/index/pt-br/transporte_p%C3%BAblico-line-620_1-Brasilia-1702-850942-697955-0,-1.0,-15.67507,-47.82225,,,,,2023-06-18T10:57:51+00:00
BRA_120472,Brasília,5300108,,Piracicabana,064.1,https://moovitapp.com/index/pt-br/transporte_p%C3%BAblico-line-064_1-Brasilia-1702-850942-339292-0,-1.0,-15.61859,-47.65394,,,,1,2023-06-18T10:57:51+00:00
BRA_120979,Brasília,5300108,,Piracicabana,0.620,https://moovitapp.com/index/pt-br/transporte_p%C3%BAblico-line-0_620-Brasilia-1702-850942-470748-0,-1.0,-15.79241,-47.88242,,,,,2023-06-18T10:57:51+00:00
BRA_118711,Brasília,5300108,,Piracicabana,0.116,https://moovitapp.com/index/pt-br/transporte_p%C3%BAblico-line-0_116-Brasilia-1702-850942-242381-0,-1.0,-15.75362,-47.89396,,,,,2023-06-18T10:57:52+00:00
BRA_118923,Brasília,5300108,,Piracicabana,062.7,https://moovitapp.com/index/pt-br/transporte_p%C3%BAblico-line-062_7-Brasilia-1702-850942-494154-0,-1.0,-15.64682,-47.82279,,,,,2023-06-18T10:57:53+00:00
BRA_120405,Brasília,5300108,,Piracicabana,600.7,https://moovitapp.com/index/pt-br/transporte_p%C3%BAblico-line-600_7-Brasilia-1702-850942-698442-0,-1.0,-15.61848,-47.65503,,,,,2023-06-18T10:57:53+00:00
BRA_121029,Brasília,5300108,,Piracicabana,600.2,https://moovitapp.com/index/pt-br/transporte_p%C3%BAblico-line-600_2-Brasilia-1702-850942-242486-0,-1.0,-15.79386,-47.88349,,,,,2023-06-18T10:57:55+00:00
BRA_119814,Brasília,5300108,,Piracicabana,643.1,https://moovitapp.com/index/pt-br/transporte_p%C3%BAblico-line-643_1-Brasilia-1702-850942-772850-0,-1.0,-15.68634,-47.85323,,,,,2023-06-18T10:57:56+00:00
BRA_120162,Brasília,5300108,,Piracicabana,519.2,https://moovitapp.com/index/pt-br/transporte_p%C3%BAblico-line-519_2-Brasilia-1702-850942-242483-0,-1.0,-15.74043,-47.89031,,,,,2023-06-18T10:57:57+00:00
BRA_120375,Brasília,5300108,,Piracicabana,066.2,https://moovitapp.com/index/pt-br/transporte_p%C3%BAblico-line-066_2-Brasilia-1702-850942-339293-0,-1.0,-15.60541,-47.68831,,,,,2023-06-18T10:57:57+00:00
BRA_120286,Brasília,5300108,,Piracicabana,640.2,https://moovitapp.com/index/pt-br/transporte_p%C3%BAblico-line-640_2-Brasilia-1702-850942-697957-0,-1.0,-15.60805,-47.69272,,,,,2023-06-18T10:57:57+00:00
BRA_119083,Brasília,5300108,,Piracicabana,501.3,https://moovitapp.com/index/pt-br/transporte_p%C3%BAblico-line-501_3-Brasilia-1702-850942-242472-0,-1.0,-15.67274,-47.8409,,,,,2023-06-18T10:57:58+00:00
BRA_121045,Brasília,5300108,,Piracicabana,0.150,https://moovitapp.com/index/pt-br/transporte_p%C3%BAblico-line-0_150-Brasilia-1702-850942-775086-0,-1.0,-15.82107,-47.90518,,,,,2023-06-18T10:57:58+00:00
BRA_120804,Brasília,5300108,,Piracicabana,158.1,https://moovitapp.com/index/pt-br/transporte_p%C3%BAblico-line-158_1-Brasilia-1702-850942-775094-0,-1.0,-15.81782,-47.91336,,,,,2023-06-18T10:57:58+00:00
BRA_120596,Brasília,5300108,,Piracicabana,0.104,https://moovitapp.com/index/pt-br/transporte_p%C3%BAblico-line-0_104-Brasilia-1702-850942-242376-0,-1.0,-15.79033,-47.83572,,,,,2023-06-18T10:57:59+00:00
BRA_118206,Brasília,5300108,,Piracicabana,136.5,https://moovitapp.com/index/pt-br/transporte_p%C3%BAblico-line-136_5-Brasilia-1702-850942-516628-0,-1.0,-15.79511,-47.88204,,,,,2023-06-18T10:57:59+00:00
BRA_119938,Brasília,5300108,,Piracicabana,0.143,https://moovitapp.com/index/pt-br/transporte_p%C3%BAblico-line-0_143-Brasilia-1702-850942-470747-0,-1.0,-15.75528,-47.93394,,,,,2023-06-18T10:58:01+00:00
BRA_120821,Brasília,5300108,,Piracicabana,0.116,https://moovitapp.com/index/pt-br/transporte_p%C3%BAblico-line-0_116-Brasilia-1702-850942-242381-0,-1.0,-15.79319,-47.88219,,,,1,2023-06-18T10:58:02+00:00
BRA_120618,Brasília,5300108,,Piracicabana,136.9,https://moovitapp.com/index/pt-br/transporte_p%C3%BAblico-line-136_9-Brasilia-1702-850942-773702-0,-1.0,-15.72773,-47.89475,,,,,2023-06-18T10:58:11+00:00
