bus_id,city,city_code,adapted,agency,line_code,line_url,line_fare,latitude,longitude,bus_speed,is_eletric,bus_type,bus_direction,updated_at
BRA_337471,Brasília,5300108,,Urbi,0.882,https://moovitapp.com/index/pt-br/transporte_p%C3%BAblico-line-0_882-Brasilia-1702-851595-363858-0,-1.0,-15.87676,-48.04883,18.61,,,1,2023-06-18T16:29:27+00:00
BRA_335584,Brasília,5300108,,Urbi,0.366,https://moovitapp.com/index/pt-br/transporte_p%C3%BAblico-line-0_366-Brasilia-1702-851595-650085-0,-1.0,-15.87411,-48.08518,3.89,,,2,2023-06-18T16:31:03+00:00
BRA_339385,Brasília,5300108,,Urbi,372.3,https://moovitapp.com/index/pt-br/transporte_p%C3%BAblico-line-372_3-Brasilia-1702-851595-641001-0,-1.0,-15.83526,-48.06125,15.28,,,1,2023-06-18T16:31:03+00:00
BRA_338893,Brasília,5300108,,Urbi,871.3,https://moovitapp.com/index/pt-br/transporte_p%C3%BAblico-line-871_3-Brasilia-1702-851595-588820-0,-1.0,-15.87692,-47.99457,19.17,,,1,2023-06-18T16:31:18+00:00
BRA_336602,Brasília,5300108,,Urbi,870.1,https://moovitapp.com/index/pt-br/transporte_p%C3%BAblico-line-870_1-Brasilia-1702-851595-715272-0,-1.0,-15.94973,-48.0332,0.0,,,1,2023-06-18T16:31:56+00:00
BRA_338605,Brasília,5300108,,Urbi,0.805,https://moovitapp.com/index/pt-br/transporte_p%C3%BAblico-line-0_805-Brasilia-1702-851595-460800-0,-1.0,-15.85119,-48.04663,13.06,,,1,2023-06-18T16:32:26+00:00
BRA_338516,Brasília,5300108,,Urbi,807.9,https://moovitapp.com/index/pt-br/transporte_p%C3%BAblico-line-807_9-Brasilia-1702-851595-322409-0,-1.0,-15.90321,-48.06199,0.0,,,1,2023-06-18T16:32:41+00:00
BRA_335991,Brasília,5300108,,Urbi,0.053,https://moovitapp.com/index/pt-br/transporte_p%C3%BAblico-line-0_053-Brasilia-1702-851595-588803-0,-1.0,-15.88462,-48.10028,0.0,,,1,2023-06-18T16:32:45+00:00
BRA_338826,Brasília,5300108,,Urbi,0.809,https://moovitapp.com/index/pt-br/transporte_p%C3%BAblico-line-0_809-Brasilia-1702-851595-516630-0,-1.0,-15.87671,-48.02464,19.44,,,1,2023-06-18T16:32:55+00:00
BRA_339121,Brasília,5300108,,Urbi,874.4,https://moovitapp.com/index/pt-br/transporte_p%C3%BAblico-line-874_4-Brasilia-1702-851595-775106-0,-1.0,-15.87706,-47.99607,18.33,,,1,2023-06-18T16:33:00+00:00
BRA_339997,Brasília,5300108,,Urbi,0.082,https://moovitapp.com/index/pt-br/transporte_p%C3%BAblico-line-0_082-Brasilia-1702-851595-781326-0,-1.0,-15.86234,-47.95699,17.5,,,1,2023-06-18T16:33:05+00:00
BRA_339911,Brasília,5300108,,Urbi,0.050,https://moovitapp.com/index/pt-br/transporte_p%C3%BAblico-line-0_050-Brasilia-1702-851595-781325-0,-1.0,-15.89351,-48.14861,10.28,,,1,2023-06-18T16:33:09+00:00
BRA_335312,Brasília,5300108,,Urbi,366.1,https://moovitapp.com/index/pt-br/transporte_p%C3%BAblico-line-366_1-Brasilia-1702-851595-425249-0,-1.0,-15.87701,-48.0611,1.11,,,1,2023-06-18T16:33:13+00:00
BRA_335681,Brasília,5300108,,Urbi,366.1,https://moovitapp.com/index/pt-br/transporte_p%C3%BAblico-line-366_1-Brasilia-1702-851595-425249-0,-1.0,-15.88423,-48.15099,0.0,,,2,2023-06-18T16:33:14+00:00
BRA_338001,Brasília,5300108,,Urbi,0.886,https://moovitapp.com/index/pt-br/transporte_p%C3%BAblico-line-0_886-Brasilia-1702-851595-704024-0,-1.0,-15.8272,-48.0628,1.11,,,1,2023-06-18T16:33:16+00:00
BRA_336645,Brasília,5300108,,Urbi,396.2,https://moovitapp.com/index/pt-br/transporte_p%C3%BAblico-line-396_2-Brasilia-1702-851595-372377-0,-1.0,-15.78528,-47.88793,0.0,,,2,2023-06-18T16:33:17+00:00
BRA_336416,Brasília,5300108,,Urbi,0.813,https://moovitapp.com/index/pt-br/transporte_p%C3%BAblico-line-0_813-Brasilia-1702-851595-651523-0,-1.0,-15.79276,-47.88997,17.5,,,2,2023-06-18T16:33:17+00:00
BRA_336726,Brasília,5300108,,Urbi,0.380,https://moovitapp.com/index/pt-br/transporte_p%C3%BAblico-line-0_380-Brasilia-1702-851595-334073-0,-1.0,-15.79426,-47.88523,0.0,,,1,2023-06-18T16:33:18+00:00
BRA_336840,Brasília,5300108,,Urbi,0.881,https://moovitapp.com/index/pt-br/transporte_p%C3%BAblico-line-0_881-Brasilia-1702-851595-363857-0,-1.0,-15.7933,-47.88298,3.33,,,2,2023-06-18T16:33:19+00:00
BRA_335967,Brasília,5300108,,Urbi,373.2,https://moovitapp.com/index/pt-br/transporte_p%C3%BAblico-line-373_2-Brasilia-1702-851595-334084-0,-1.0,-15.86005,-47.95684,16.67,,,2,2023-06-18T16:33:20+00:00
BRA_339253,Brasília,5300108,,Urbi,0.367,https://moovitapp.com/index/pt-br/transporte_p%C3%BAblico-line-0_367-Brasilia-1702-851595-519380-0,-1.0,-15.84805,-48.06042,5.83,,,1,2023-06-18T16:33:20+00:00
BRA_338231,Brasília,5300108,,Urbi,806.1,https://moovitapp.com/index/pt-br/transporte_p%C3%BAblico-line-806_1-Brasilia-1702-851595-775104-0,-1.0,-15.8804,-48.05396,7.22,,,2,2023-06-18T16:33:22+00:00
BRA_333972,Brasília,5300108,,Urbi,366.1,https://moovitapp.com/index/pt-br/transporte_p%C3%BAblico-line-366_1-Brasilia-1702-851595-425249-0,-1.0,-15.89796,-48.12057,13.06,,,1,2023-06-18T16:33:26+00:00
BRA_339270,Brasília,5300108,,Urbi,056.2,https://moovitapp.com/index/pt-br/transporte_p%C3%BAblico-line-056_2-Brasilia-1702-851595-492982-0,-1.0,-15.89857,-48.12172,3.61,,,1,2023-06-18T16:33:28+00:00
BRA_339326,Brasília,5300108,,Urbi,0.373,https://moovitapp.com/index/pt-br/transporte_p%C3%BAblico-line-0_373-Brasilia-1702-851595-334072-0,-1.0,-15.86324,-48.05791,13.33,,,2,2023-06-18T16:33:28+00:00
BRA_336521,Brasília,5300108,,Urbi,0.898,https://moovitapp.com/index/pt-br/transporte_p%C3%BAblico-line-0_898-Brasilia-1702-851595-322394-0,-1.0,-15.87885,-48.0519,18.33,,,1,2023-06-18T16:33:29+00:00
BRA_339873,Brasília,5300108,,Urbi,0.160,https://moovitapp.com/index/pt-br/transporte_p%C3%BAblico-line-0_160-Brasilia-1702-851595-470755-0,-1.0,-15.87511,-47.97757,8.89,,,1,2023-06-18T16:33:30+00:00
BRA_335843,Brasília,5300108,,Urbi,0.346,https://moovitapp.com/index/pt-br/transporte_p%C3%BAblico-line-0_346-Brasilia-1702-851595-46461186-0,-1.0,-15.80473,-48.12698,12.78,,,2,2023-06-18T16:33:31+00:00
BRA_336467,Brasília,5300108,,Urbi,0.811,https://moovitapp.com/index/pt-br/transporte_p%C3%BAblico-line-0_811-Brasilia-1702-851595-334078-0,-1.0,-15.94983,-48.03343,0.0,,,1,2023-06-18T16:33:31+00:00
BRA_336301,Brasília,5300108,,Urbi,0.394,https://moovitapp.com/index/pt-br/transporte_p%C3%BAblico-line-0_394-Brasilia-1702-851595-334076-0,-1.0,-15.84207,-48.04549,0.0,,,1,2023-06-18T16:33:31+00:00
BRA_337561,Brasília,5300108,,Urbi,807.9,https://moovitapp.com/index/pt-br/transporte_p%C3%BAblico-line-807_9-Brasilia-1702-851595-322409-0,-1.0,-15.91842,-48.06175,0.0,,,2,2023-06-18T16:33:31+00:00
BRA_340278,Brasília,5300108,,Urbi,0.391,https://moovitapp.com/index/pt-br/transporte_p%C3%BAblico-line-0_391-Brasilia-1702-851595-372354-0,-1.0,-15.84661,-47.95399,16.39,,,1,2023-06-18T16:33:31+00:00
BRA_339059,Brasília,5300108,,Urbi,0.898,https://moovitapp.com/index/pt-br/transporte_p%C3%BAblico-line-0_898-Brasilia-1702-851595-322394-0,-1.0,-15.84793,-48.04298,0.0,,,1,2023-06-18T16:33:31+00:00
BRA_338583,Brasília,5300108,,Urbi,813.2,https://moovitapp.com/index/pt-br/transporte_p%C3%BAblico-line-813_2-Brasilia-1702-851595-242636-0,-1.0,-15.84459,-47.95361,17.22,,,2,2023-06-18T16:33:31+00:00
BRA_338061,Brasília,5300108,,Urbi,0.038,https://moovitapp.com/index/pt-br/transporte_p%C3%BAblico-line-0_038-Brasilia-1702-851595-687419-0,-1.0,-15.88228,-48.01795,4.44,,,1,2023-06-18T16:33:32+00:00
BRA_339083,Brasília,5300108,,Urbi,0.809,https://moovitapp.com/index/pt-br/transporte_p%C3%BAblico-line-0_809-Brasilia-1702-851595-516630-0,-1.0,-15.90424,-48.06718,15.28,,,2,2023-06-18T16:33:32+00:00
BRA_339261,Brasília,5300108,,Urbi,393.7,https://moovitapp.com/index/pt-br/transporte_p%C3%BAblico-line-393_7-Brasilia-1702-851595-588818-0,-1.0,-15.84576,-48.04373,12.78,,,1,2023-06-18T16:33:32+00:00
BRA_336408,Brasília,5300108,,Urbi,0.881,https://moovitapp.com/index/pt-br/transporte_p%C3%BAblico-line-0_881-Brasilia-1702-851595-363857-0,-1.0,-15.93551,-48.04027,3.89,,,1,2023-06-18T16:33:32+00:00
BRA_337269,Brasília,5300108,,Urbi,0.807,https://moovitapp.com/index/pt-br/transporte_p%C3%BAblico-line-0_807-Brasilia-1702-851595-6677121-0,-1.0,-15.91941,-48.1023,12.22,,,1,2023-06-18T16:33:32+00:00
BRA_336360,Brasília,5300108,,Urbi,0.399,https://moovitapp.com/index/pt-br/transporte_p%C3%BAblico-line-0_399-Brasilia-1702-851595-454964-0,-1.0,-15.87438,-48.07562,12.78,,,2,2023-06-18T16:33:33+00:00
BRA_338877,Brasília,5300108,,Urbi,807.6,https://moovitapp.com/index/pt-br/transporte_p%C3%BAblico-line-807_6-Brasilia-1702-851595-334092-0,-1.0,-15.92152,-48.10349,12.5,,,1,2023-06-18T16:33:33+00:00
BRA_338699,Brasília,5300108,,Urbi,807.8,https://moovitapp.com/index/pt-br/transporte_p%C3%BAblico-line-807_8-Brasilia-1702-851595-322408-0,-1.0,-15.91535,-48.04747,12.5,,,1,2023-06-18T16:33:34+00:00
BRA_338028,Brasília,5300108,,Urbi,0.368,https://moovitapp.com/index/pt-br/transporte_p%C3%BAblico-line-0_368-Brasilia-1702-851595-706971-0,-1.0,-15.88154,-48.01114,5.56,,,1,2023-06-18T16:33:34+00:00
BRA_336114,Brasília,5300108,,Urbi,038.1,https://moovitapp.com/index/pt-br/transporte_p%C3%BAblico-line-038_1-Brasilia-1702-851595-781327-0,-1.0,-15.88567,-48.02296,0.0,,,1,2023-06-18T16:33:35+00:00
BRA_338168,Brasília,5300108,,Urbi,0.808,https://moovitapp.com/index/pt-br/transporte_p%C3%BAblico-line-0_808-Brasilia-1702-851595-372359-0,-1.0,-15.81032,-48.0898,9.72,,,2,2023-06-18T16:33:35+00:00
BRA_340324,Brasília,5300108,,Urbi,0.054,https://moovitapp.com/index/pt-br/transporte_p%C3%BAblico-line-0_054-Brasilia-1702-851595-454960-0,-1.0,-15.82363,-48.07005,4.17,,,1,2023-06-18T16:33:36+00:00
BRA_336190,Brasília,5300108,,Urbi,380.2,https://moovitapp.com/index/pt-br/transporte_p%C3%BAblico-line-380_2-Brasilia-1702-851595-334086-0,-1.0,-15.85192,-48.0689,10.28,,,2,2023-06-18T16:33:36+00:00
BRA_336319,Brasília,5300108,,Urbi,0.825,https://moovitapp.com/index/pt-br/transporte_p%C3%BAblico-line-0_825-Brasilia-1702-851595-334081-0,-1.0,-15.84371,-47.94481,17.78,,,1,2023-06-18T16:33:36+00:00
BRA_340499,Brasília,5300108,,Urbi,366.1,https://moovitapp.com/index/pt-br/transporte_p%C3%BAblico-line-366_1-Brasilia-1702-851595-425249-0,-1.0,-15.8743,-48.0593,9.72,,,2,2023-06-18T16:33:37+00:00
BRA_338371,Brasília,5300108,,Urbi,0.087,https://moovitapp.com/index/pt-br/transporte_p%C3%BAblico-line-0_087-Brasilia-1702-851595-242519-0,-1.0,-15.80535,-47.96538,13.61,,,1,2023-06-18T16:33:37+00:00
BRA_339181,Brasília,5300108,,Urbi,0.340,https://moovitapp.com/index/pt-br/transporte_p%C3%BAblico-line-0_340-Brasilia-1702-851595-641378-0,-1.0,-15.89091,-48.12765,1.67,,,1,2023-06-18T16:33:38+00:00
BRA_338435,Brasília,5300108,,Urbi,812.1,https://moovitapp.com/index/pt-br/transporte_p%C3%BAblico-line-812_1-Brasilia-1702-851595-372386-0,-1.0,-15.80016,-48.11934,3.89,,,1,2023-06-18T16:33:38+00:00
BRA_337846,Brasília,5300108,,Urbi,871.3,https://moovitapp.com/index/pt-br/transporte_p%C3%BAblico-line-871_3-Brasilia-1702-851595-588820-0,-1.0,-15.83926,-47.95324,18.89,,,2,2023-06-18T16:33:38+00:00
BRA_335614,Brasília,5300108,,Urbi,366.7,https://moovitapp.com/index/pt-br/transporte_p%C3%BAblico-line-366_7-Brasilia-1702-851595-650086-0,-1.0,-15.87529,-48.08285,11.11,,,1,2023-06-18T16:33:38+00:00
BRA_336386,Brasília,5300108,,Urbi,0.809,https://moovitapp.com/index/pt-br/transporte_p%C3%BAblico-line-0_809-Brasilia-1702-851595-516630-0,-1.0,-15.84213,-47.95168,16.94,,,2,2023-06-18T16:33:38+00:00
BRA_336394,Brasília,5300108,,Urbi,380.2,https://moovitapp.com/index/pt-br/transporte_p%C3%BAblico-line-380_2-Brasilia-1702-851595-334086-0,-1.0,-15.8908,-48.14415,10.56,,,1,2023-06-18T16:33:39+00:00
BRA_336424,Brasília,5300108,,Urbi,0.871,https://moovitapp.com/index/pt-br/transporte_p%C3%BAblico-line-0_871-Brasilia-1702-851595-418741-0,-1.0,-15.80994,-47.93742,13.89,,,2,2023-06-18T16:33:39+00:00
BRA_336581,Brasília,5300108,,Urbi,0.813,https://moovitapp.com/index/pt-br/transporte_p%C3%BAblico-line-0_813-Brasilia-1702-851595-651523-0,-1.0,-15.90909,-48.08649,8.89,,,1,2023-06-18T16:33:39+00:00
BRA_336980,Brasília,5300108,,Urbi,0.808,https://moovitapp.com/index/pt-br/transporte_p%C3%BAblico-line-0_808-Brasilia-1702-851595-372359-0,-1.0,-15.81482,-48.09941,3.61,,,1,2023-06-18T16:33:39+00:00
BRA_339334,Brasília,5300108,,Urbi,373.2,https://moovitapp.com/index/pt-br/transporte_p%C3%BAblico-line-373_2-Brasilia-1702-851595-334084-0,-1.0,-15.84368,-47.94491,18.33,,,2,2023-06-18T16:33:39+00:00
BRA_340260,Brasília,5300108,,Urbi,0.050,https://moovitapp.com/index/pt-br/transporte_p%C3%BAblico-line-0_050-Brasilia-1702-851595-781325-0,-1.0,-15.84387,-48.05922,8.06,,,1,2023-06-18T16:33:39+00:00
BRA_339041,Brasília,5300108,,Urbi,0.810,https://moovitapp.com/index/pt-br/transporte_p%C3%BAblico-line-0_810-Brasilia-1702-851595-363856-0,-1.0,-15.84593,-47.95383,16.11,,,1,2023-06-18T16:33:39+00:00
BRA_339067,Brasília,5300108,,Urbi,807.8,https://moovitapp.com/index/pt-br/transporte_p%C3%BAblico-line-807_8-Brasilia-1702-851595-322408-0,-1.0,-15.91786,-48.04672,14.44,,,2,2023-06-18T16:33:40+00:00
BRA_339148,Brasília,5300108,,Urbi,874.4,https://moovitapp.com/index/pt-br/transporte_p%C3%BAblico-line-874_4-Brasilia-1702-851595-775106-0,-1.0,-15.88182,-48.05901,15.56,,,2,2023-06-18T16:33:40+00:00
BRA_336670,Brasília,5300108,,Urbi,0.394,https://moovitapp.com/index/pt-br/transporte_p%C3%BAblico-line-0_394-Brasilia-1702-851595-334076-0,-1.0,-15.87078,-48.06409,12.5,,,2,2023-06-18T16:33:40+00:00
BRA_337081,Brasília,5300108,,Urbi,0.812,https://moovitapp.com/index/pt-br/transporte_p%C3%BAblico-line-0_812-Brasilia-1702-851595-697958-0,-1.0,-15.83648,-48.11942,7.78,,,1,2023-06-18T16:33:40+00:00
BRA_335789,Brasília,5300108,,Urbi,0.821,https://moovitapp.com/index/pt-br/transporte_p%C3%BAblico-line-0_821-Brasilia-1702-851595-334080-0,-1.0,-15.89928,-48.12334,13.89,,,2,2023-06-18T16:33:40+00:00
BRA_336262,Brasília,5300108,,Urbi,0.373,https://moovitapp.com/index/pt-br/transporte_p%C3%BAblico-line-0_373-Brasilia-1702-851595-334072-0,-1.0,-15.87693,-48.11411,5.0,,,1,2023-06-18T16:33:41+00:00
BRA_336891,Brasília,5300108,,Urbi,0.806,https://moovitapp.com/index/pt-br/transporte_p%C3%BAblico-line-0_806-Brasilia-1702-851595-339299-0,-1.0,-15.90127,-48.04612,1.94,,,1,2023-06-18T16:33:41+00:00
BRA_337463,Brasília,5300108,,Urbi,814.1,https://moovitapp.com/index/pt-br/transporte_p%C3%BAblico-line-814_1-Brasilia-1702-851595-492985-0,-1.0,-15.9118,-48.09408,11.94,,,1,2023-06-18T16:33:41+00:00
BRA_339075,Brasília,5300108,,Urbi,0.087,https://moovitapp.com/index/pt-br/transporte_p%C3%BAblico-line-0_087-Brasilia-1702-851595-242519-0,-1.0,-15.87016,-47.96577,8.06,,,2,2023-06-18T16:33:41+00:00
BRA_338842,Brasília,5300108,,Urbi,0.810,https://moovitapp.com/index/pt-br/transporte_p%C3%BAblico-line-0_810-Brasilia-1702-851595-363856-0,-1.0,-15.92818,-48.10835,8.06,,,2,2023-06-18T16:33:41+00:00
BRA_339032,Brasília,5300108,,Urbi,0.809,https://moovitapp.com/index/pt-br/transporte_p%C3%BAblico-line-0_809-Brasilia-1702-851595-516630-0,-1.0,-15.85341,-47.95572,0.0,,,2,2023-06-18T16:33:42+00:00
BRA_338958,Brasília,5300108,,Urbi,0.805,https://moovitapp.com/index/pt-br/transporte_p%C3%BAblico-line-0_805-Brasilia-1702-851595-460800-0,-1.0,-15.93046,-48.11051,18.61,,,1,2023-06-18T16:33:42+00:00
BRA_339130,Brasília,5300108,,Urbi,086.1,https://moovitapp.com/index/pt-br/transporte_p%C3%BAblico-line-086_1-Brasilia-1702-851595-481321-0,-1.0,-15.81851,-47.98376,17.5,,,1,2023-06-18T16:33:42+00:00
BRA_336459,Brasília,5300108,,Urbi,0.871,https://moovitapp.com/index/pt-br/transporte_p%C3%BAblico-line-0_871-Brasilia-1702-851595-418741-0,-1.0,-15.92461,-48.05173,9.44,,,1,2023-06-18T16:33:43+00:00
BRA_336564,Brasília,5300108,,Urbi,0.882,https://moovitapp.com/index/pt-br/transporte_p%C3%BAblico-line-0_882-Brasilia-1702-851595-363858-0,-1.0,-15.94974,-48.03354,0.0,,,2,2023-06-18T16:33:43+00:00
BRA_338664,Brasília,5300108,,Urbi,0.808,https://moovitapp.com/index/pt-br/transporte_p%C3%BAblico-line-0_808-Brasilia-1702-851595-372359-0,-1.0,-15.9144,-48.09757,6.67,,,1,2023-06-18T16:33:43+00:00
BRA_338419,Brasília,5300108,,Urbi,807.1,https://moovitapp.com/index/pt-br/transporte_p%C3%BAblico-line-807_1-Brasilia-1702-851595-322407-0,-1.0,-15.90819,-48.0856,13.33,,,1,2023-06-18T16:33:43+00:00
BRA_338150,Brasília,5300108,,Urbi,0.882,https://moovitapp.com/index/pt-br/transporte_p%C3%BAblico-line-0_882-Brasilia-1702-851595-363858-0,-1.0,-15.86069,-47.9571,18.61,,,2,2023-06-18T16:33:44+00:00
BRA_337871,Brasília,5300108,,Urbi,0.814,https://moovitapp.com/index/pt-br/transporte_p%C3%BAblico-line-0_814-Brasilia-1702-851595-492980-0,-1.0,-15.87325,-48.10421,0.0,,,1,2023-06-18T16:33:44+00:00
BRA_337854,Brasília,5300108,,Urbi,0.172,https://moovitapp.com/index/pt-br/transporte_p%C3%BAblico-line-0_172-Brasilia-1702-851595-470756-0,-1.0,-15.86773,-47.96815,0.56,,,2,2023-06-18T16:33:44+00:00
BRA_335916,Brasília,5300108,,Urbi,396.3,https://moovitapp.com/index/pt-br/transporte_p%C3%BAblico-line-396_3-Brasilia-1702-851595-372378-0,-1.0,-15.87872,-48.07061,0.56,,,1,2023-06-18T16:33:45+00:00
BRA_340251,Brasília,5300108,,Urbi,056.4,https://moovitapp.com/index/pt-br/transporte_p%C3%BAblico-line-056_4-Brasilia-1702-851595-519387-0,-1.0,-15.81889,-48.08183,9.44,,,1,2023-06-18T16:33:45+00:00
BRA_338401,Brasília,5300108,,Urbi,0.873,https://moovitapp.com/index/pt-br/transporte_p%C3%BAblico-line-0_873-Brasilia-1702-851595-510238-0,-1.0,-15.81379,-48.09728,17.5,,,2,2023-06-18T16:33:46+00:00
BRA_337161,Brasília,5300108,,Urbi,872.9,https://moovitapp.com/index/pt-br/transporte_p%C3%BAblico-line-872_9-Brasilia-1702-851595-372394-0,-1.0,-15.83902,-48.05259,2.5,,,1,2023-06-18T16:33:46+00:00
BRA_337226,Brasília,5300108,,Urbi,872.1,https://moovitapp.com/index/pt-br/transporte_p%C3%BAblico-line-872_1-Brasilia-1702-851595-470760-0,-1.0,-15.85325,-48.04564,2.22,,,1,2023-06-18T16:33:46+00:00
BRA_338257,Brasília,5300108,,Urbi,0.883,https://moovitapp.com/index/pt-br/transporte_p%C3%BAblico-line-0_883-Brasilia-1702-851595-510239-0,-1.0,-15.94927,-48.03279,7.78,,,1,2023-06-18T16:33:47+00:00
BRA_338443,Brasília,5300108,,Urbi,0.172,https://moovitapp.com/index/pt-br/transporte_p%C3%BAblico-line-0_172-Brasilia-1702-851595-470756-0,-1.0,-15.88157,-48.01113,4.17,,,2,2023-06-18T16:33:47+00:00
BRA_339229,Brasília,5300108,,Urbi,0.163,https://moovitapp.com/index/pt-br/transporte_p%C3%BAblico-line-0_163-Brasilia-1702-851595-352629-0,-1.0,-15.82503,-47.93356,0.0,,,1,2023-06-18T16:33:48+00:00
BRA_340430,Brasília,5300108,,Urbi,391.3,https://moovitapp.com/index/pt-br/transporte_p%C3%BAblico-line-391_3-Brasilia-1702-851595-372373-0,-1.0,-15.87771,-48.0081,7.22,,,2,2023-06-18T16:33:48+00:00
BRA_340448,Brasília,5300108,,Urbi,0.366,https://moovitapp.com/index/pt-br/transporte_p%C3%BAblico-line-0_366-Brasilia-1702-851595-650085-0,-1.0,-15.86966,-48.10074,16.67,,,1,2023-06-18T16:33:48+00:00
BRA_335541,Brasília,5300108,,Urbi,0.346,https://moovitapp.com/index/pt-br/transporte_p%C3%BAblico-line-0_346-Brasilia-1702-851595-46461186-0,-1.0,-15.81338,-48.13093,0.0,,,1,2023-06-18T16:33:50+00:00
BRA_337145,Brasília,5300108,,Urbi,813.2,https://moovitapp.com/index/pt-br/transporte_p%C3%BAblico-line-813_2-Brasilia-1702-851595-242636-0,-1.0,-15.91542,-48.10164,15.28,,,2,2023-06-18T16:33:50+00:00
BRA_335509,Brasília,5300108,,Urbi,367.2,https://moovitapp.com/index/pt-br/transporte_p%C3%BAblico-line-367_2-Brasilia-1702-851595-454971-0,-1.0,-15.8875,-48.14808,11.94,,,1,2023-06-18T16:33:51+00:00
BRA_444154,Brasília,5300108,,Marechal,933.3,https://moovitapp.com/index/pt-br/transporte_p%C3%BAblico-line-933_3-Brasilia-1702-851940-450287-0,-1.0,-15.824407,-48.105747,53.0,,,2,2023-06-18T16:33:48+00:00
BRA_442887,Brasília,5300108,,Marechal,363.2,https://moovitapp.com/index/pt-br/transporte_p%C3%BAblico-line-363_2-Brasilia-1702-851940-725443-0,-1.0,-15.824683,-48.105573,51.0,,,2,2023-06-18T16:33:49+00:00
BRA_442861,Brasília,5300108,,Marechal,361.1,https://moovitapp.com/index/pt-br/transporte_p%C3%BAblico-line-361_1-Brasilia-1702-851940-363861-0,-1.0,-15.841823,-48.101197,1.0,,,2,2023-06-18T16:33:48+00:00
BRA_440744,Brasília,5300108,,Marechal,355.3,https://moovitapp.com/index/pt-br/transporte_p%C3%BAblico-line-355_3-Brasilia-1702-851940-504343-0,-1.0,-15.869793,-48.03861,0.0,,,2,2023-06-18T16:33:48+00:00
BRA_440311,Brasília,5300108,,Marechal,306.1,https://moovitapp.com/index/pt-br/transporte_p%C3%BAblico-line-306_1-Brasilia-1702-851940-510248-0,-1.0,-15.810703,-47.89446,59.0,,,2,2023-06-18T16:33:48+00:00
BRA_440680,Brasília,5300108,,Marechal,0.156,https://moovitapp.com/index/pt-br/transporte_p%C3%BAblico-line-0_156-Brasilia-1702-851940-242705-0,-1.0,-15.867127,-48.037363,0.0,,,2,2023-06-18T16:33:48+00:00
BRA_445185,Brasília,5300108,,Marechal,337.1,https://moovitapp.com/index/pt-br/transporte_p%C3%BAblico-line-337_1-Brasilia-1702-851940-347165-0,-1.0,-15.838297,-48.121973,23.0,,,2,2023-06-18T16:33:48+00:00
BRA_440281,Brasília,5300108,,Marechal,355.3,https://moovitapp.com/index/pt-br/transporte_p%C3%BAblico-line-355_3-Brasilia-1702-851940-504343-0,-1.0,-15.862513,-48.035103,58.0,,,2,2023-06-18T16:23:47+00:00
BRA_443191,Brasília,5300108,,Marechal,933.1,https://moovitapp.com/index/pt-br/transporte_p%C3%BAblico-line-933_1-Brasilia-1702-851940-358307-0,-1.0,-15.824143,-48.117783,0.0,,,2,2023-06-18T16:33:48+00:00
BRA_441091,Brasília,5300108,,Marechal,157.6,https://moovitapp.com/index/pt-br/transporte_p%C3%BAblico-line-157_6-Brasilia-1702-851940-419627-0,-1.0,-15.819937,-48.0189,60.0,,,2,2023-06-18T16:17:09+00:00
BRA_443174,Brasília,5300108,,Urbi,393.6,https://moovitapp.com/index/pt-br/transporte_p%C3%BAblico-line-393_6-Brasilia-1702-851595-588817-0,-1.0,-15.839437,-48.12872,0.0,,,2,2023-06-18T16:33:43+00:00
BRA_440388,Brasília,5300108,,Marechal,260.3,https://moovitapp.com/index/pt-br/transporte_p%C3%BAblico-line-260_3-Brasilia-1702-851940-393566-0,-1.0,-15.802967,-48.158113,60.0,,,2,2023-06-18T16:33:48+00:00
BRA_440973,Brasília,5300108,,Marechal,260.3,https://moovitapp.com/index/pt-br/transporte_p%C3%BAblico-line-260_3-Brasilia-1702-851940-393566-0,-1.0,-15.8418,-48.0462,0.0,,,2,2023-06-18T16:33:48+00:00
BRA_443786,Brasília,5300108,,Marechal,0.357,https://moovitapp.com/index/pt-br/transporte_p%C3%BAblico-line-0_357-Brasilia-1702-851940-775109-0,-1.0,-15.870053,-48.037583,0.0,,,2,2023-06-18T16:32:37+00:00
BRA_445240,Brasília,5300108,,Marechal,336.1,https://moovitapp.com/index/pt-br/transporte_p%C3%BAblico-line-336_1-Brasilia-1702-851940-347163-0,-1.0,-15.81668,-48.011863,0.0,,,2,2023-06-18T16:33:48+00:00
BRA_440108,Brasília,5300108,,Marechal,355.3,https://moovitapp.com/index/pt-br/transporte_p%C3%BAblico-line-355_3-Brasilia-1702-851940-504343-0,-1.0,-15.869867,-48.037363,0.0,,,2,2023-06-18T16:33:48+00:00
BRA_442437,Brasília,5300108,,Marechal,0.363,https://moovitapp.com/index/pt-br/transporte_p%C3%BAblico-line-0_363-Brasilia-1702-851940-504339-0,-1.0,-15.817207,-48.062747,10.0,,,2,2023-06-18T16:33:48+00:00
BRA_444049,Brasília,5300108,,Marechal,933.1,https://moovitapp.com/index/pt-br/transporte_p%C3%BAblico-line-933_1-Brasilia-1702-851940-358307-0,-1.0,-15.839867,-48.130273,0.0,,,2,2023-06-18T16:33:48+00:00
BRA_440493,Brasília,5300108,,Urbi,038.1,https://moovitapp.com/index/pt-br/transporte_p%C3%BAblico-line-038_1-Brasilia-1702-851595-781327-0,-1.0,-15.86986,-48.03815,0.0,,,2,2023-06-18T16:33:48+00:00
BRA_445011,Brasília,5300108,,Marechal,0.361,https://moovitapp.com/index/pt-br/transporte_p%C3%BAblico-line-0_361-Brasilia-1702-851940-376158-0,-1.0,-15.84102,-48.126967,0.0,,,2,2023-06-18T16:33:13+00:00
BRA_441058,Brasília,5300108,,Marechal,0.162,https://moovitapp.com/index/pt-br/transporte_p%C3%BAblico-line-0_162-Brasilia-1702-851940-766836-0,-1.0,-15.86997,-48.037723,0.0,,,2,2023-06-18T16:33:48+00:00
BRA_440337,Brasília,5300108,,Marechal,154.2,https://moovitapp.com/index/pt-br/transporte_p%C3%BAblico-line-154_2-Brasilia-1702-851940-527234-0,-1.0,-15.82041,-47.986637,0.0,,,2,2023-06-18T16:33:48+00:00
BRA_440361,Brasília,5300108,,Marechal,154.2,https://moovitapp.com/index/pt-br/transporte_p%C3%BAblico-line-154_2-Brasilia-1702-851940-527234-0,-1.0,-15.809343,-47.893127,59.0,,,2,2023-06-18T16:33:48+00:00
BRA_445258,Brasília,5300108,,Marechal,0.336,https://moovitapp.com/index/pt-br/transporte_p%C3%BAblico-line-0_336-Brasilia-1702-851940-347142-0,-1.0,-15.83275,-48.051017,41.0,,,2,2023-06-18T16:33:48+00:00
BRA_442054,Brasília,5300108,,Urbi,0.367,https://moovitapp.com/index/pt-br/transporte_p%C3%BAblico-line-0_367-Brasilia-1702-851595-519380-0,-1.0,-15.883693,-48.149813,0.0,,,2,2023-06-18T16:33:48+00:00
BRA_445215,Brasília,5300108,,Marechal,337.1,https://moovitapp.com/index/pt-br/transporte_p%C3%BAblico-line-337_1-Brasilia-1702-851940-347165-0,-1.0,-15.792533,-47.883623,12.0,,,2,2023-06-18T16:33:48+00:00
BRA_442712,Brasília,5300108,,Urbi,0.399,https://moovitapp.com/index/pt-br/transporte_p%C3%BAblico-line-0_399-Brasilia-1702-851595-454964-0,-1.0,-15.83983,-48.129323,0.0,,,2,2023-06-18T16:33:43+00:00
BRA_442267,Brasília,5300108,,Marechal,0.383,https://moovitapp.com/index/pt-br/transporte_p%C3%BAblico-line-0_383-Brasilia-1702-851940-347151-0,-1.0,-15.826013,-48.104847,54.0,,,2,2023-06-18T16:33:48+00:00
BRA_440248,Brasília,5300108,,São José,157.8,https://moovitapp.com/index/pt-br/transporte_p%C3%BAblico-line-157_8-Brasilia-1702-851943-759503-0,-1.0,-15.811447,-47.99216,54.0,,,2,2023-06-18T16:33:49+00:00
BRA_444715,Brasília,5300108,,Urbi,0.898,https://moovitapp.com/index/pt-br/transporte_p%C3%BAblico-line-0_898-Brasilia-1702-851595-322394-0,-1.0,-15.835403,-48.062183,46.0,,,2,2023-06-18T16:33:48+00:00
BRA_443123,Brasília,5300108,,Marechal,933.5,https://moovitapp.com/index/pt-br/transporte_p%C3%BAblico-line-933_5-Brasilia-1702-851940-766837-0,-1.0,-15.82524,-48.063483,46.0,,,2,2023-06-18T16:33:48+00:00
BRA_440752,Brasília,5300108,,Marechal,0.205,https://moovitapp.com/index/pt-br/transporte_p%C3%BAblico-line-0_205-Brasilia-1702-851940-463646-0,-1.0,-15.915453,-48.04981,13.0,,,2,2023-06-18T16:14:46+00:00
BRA_445193,Brasília,5300108,,Marechal,0.378,https://moovitapp.com/index/pt-br/transporte_p%C3%BAblico-line-0_378-Brasilia-1702-851940-347150-0,-1.0,-15.849217,-48.119833,51.0,,,2,2023-06-18T16:04:38+00:00
BRA_440078,Brasília,5300108,,Marechal,090.1,https://moovitapp.com/index/pt-br/transporte_p%C3%BAblico-line-090_1-Brasilia-1702-851940-103863101-0,-1.0,-15.840367,-47.965837,0.0,,,2,2023-06-18T16:33:48+00:00
BRA_444111,Brasília,5300108,,Marechal,933.3,https://moovitapp.com/index/pt-br/transporte_p%C3%BAblico-line-933_3-Brasilia-1702-851940-450287-0,-1.0,-15.839793,-48.13017,0.0,,,2,2023-06-18T16:33:43+00:00
BRA_442984,Brasília,5300108,,Urbi,372.4,https://moovitapp.com/index/pt-br/transporte_p%C3%BAblico-line-372_4-Brasilia-1702-851595-650087-0,-1.0,-15.839167,-48.057877,44.0,,,2,2023-06-18T16:33:48+00:00
BRA_443026,Brasília,5300108,,Marechal,0.383,https://moovitapp.com/index/pt-br/transporte_p%C3%BAblico-line-0_383-Brasilia-1702-851940-347151-0,-1.0,-15.841157,-48.126853,0.0,,,2,2023-06-18T16:33:43+00:00
BRA_440086,Brasília,5300108,,Marechal,0.205,https://moovitapp.com/index/pt-br/transporte_p%C3%BAblico-line-0_205-Brasilia-1702-851940-463646-0,-1.0,-15.870033,-48.03835,0.0,,,2,2023-06-18T16:33:48+00:00
BRA_444740,Brasília,5300108,,Urbi,056.2,https://moovitapp.com/index/pt-br/transporte_p%C3%BAblico-line-056_2-Brasilia-1702-851595-492982-0,-1.0,-15.88425,-48.11565,38.0,,,2,2023-06-18T16:33:48+00:00
BRA_443417,Brasília,5300108,,Marechal,933.2,https://moovitapp.com/index/pt-br/transporte_p%C3%BAblico-line-933_2-Brasilia-1702-851940-717428-0,-1.0,-15.826493,-48.112437,58.0,,,2,2023-06-18T16:33:50+00:00
BRA_441333,Brasília,5300108,,Marechal,959.1,https://moovitapp.com/index/pt-br/transporte_p%C3%BAblico-line-959_1-Brasilia-1702-851940-789939-0,-1.0,-15.86349,-48.03472,8.0,,,2,2023-06-18T16:33:48+00:00
BRA_441295,Brasília,5300108,,Urbi,872.9,https://moovitapp.com/index/pt-br/transporte_p%C3%BAblico-line-872_9-Brasilia-1702-851595-372394-0,-1.0,-15.869773,-48.03811,0.0,,,2,2023-06-18T16:33:48+00:00
BRA_443310,Brasília,5300108,,Marechal,0.383,https://moovitapp.com/index/pt-br/transporte_p%C3%BAblico-line-0_383-Brasilia-1702-851940-347151-0,-1.0,-15.789673,-47.890867,22.0,,,2,2023-06-18T16:33:43+00:00
BRA_442640,Brasília,5300108,,Urbi,0.050,https://moovitapp.com/index/pt-br/transporte_p%C3%BAblico-line-0_050-Brasilia-1702-851595-781325-0,-1.0,-15.884137,-48.150247,0.0,,,2,2023-06-18T16:33:43+00:00
BRA_444316,Brasília,5300108,,Marechal,363.1,https://moovitapp.com/index/pt-br/transporte_p%C3%BAblico-line-363_1-Brasilia-1702-851940-504344-0,-1.0,-15.840293,-48.129543,29.0,,,2,2023-06-18T16:33:48+00:00
BRA_440825,Brasília,5300108,,Marechal,260.3,https://moovitapp.com/index/pt-br/transporte_p%C3%BAblico-line-260_3-Brasilia-1702-851940-393566-0,-1.0,-15.86968,-48.03853,0.0,,,2,2023-06-18T16:33:48+00:00
BRA_440558,Brasília,5300108,,Marechal,351.3,https://moovitapp.com/index/pt-br/transporte_p%C3%BAblico-line-351_3-Brasilia-1702-851940-510249-0,-1.0,-15.869853,-48.038673,0.0,,,2,2023-06-18T16:33:48+00:00
BRA_443387,Brasília,5300108,,Marechal,0.043,https://moovitapp.com/index/pt-br/transporte_p%C3%BAblico-line-0_043-Brasilia-1702-851940-781330-0,-1.0,-15.841923,-48.125617,33.0,,,2,2023-06-18T16:33:48+00:00
BRA_440833,Brasília,5300108,,Piracicabana,099.1,https://moovitapp.com/index/pt-br/transporte_p%C3%BAblico-line-099_1-Brasilia-1702-850942-775090-0,-1.0,-15.869917,-48.03836,0.0,,,2,2023-06-18T16:33:48+00:00
BRA_443301,Brasília,5300108,,Marechal,933.5,https://moovitapp.com/index/pt-br/transporte_p%C3%BAblico-line-933_5-Brasilia-1702-851940-766837-0,-1.0,-15.83291,-48.131577,34.0,,,2,2023-06-18T16:33:48+00:00
BRA_444677,Brasília,5300108,,Urbi,056.4,https://moovitapp.com/index/pt-br/transporte_p%C3%BAblico-line-056_4-Brasilia-1702-851595-519387-0,-1.0,-15.8837,-48.14987,0.0,,,2,2023-06-18T16:33:48+00:00
BRA_444685,Brasília,5300108,,São José,332.1,https://moovitapp.com/index/pt-br/transporte_p%C3%BAblico-line-332_1-Brasilia-1702-851943-2068455-0,-1.0,-15.814563,-48.099443,12.0,,,2,2023-06-18T16:33:48+00:00
BRA_440485,Brasília,5300108,,Marechal,156.1,https://moovitapp.com/index/pt-br/transporte_p%C3%BAblico-line-156_1-Brasilia-1702-851940-242750-0,-1.0,-15.869797,-48.03856,0.0,,,2,2023-06-18T16:33:43+00:00
BRA_441368,Brasília,5300108,,Marechal,154.2,https://moovitapp.com/index/pt-br/transporte_p%C3%BAblico-line-154_2-Brasilia-1702-851940-527234-0,-1.0,-15.870043,-48.037797,0.0,,,2,2023-06-18T16:33:48+00:00
BRA_445231,Brasília,5300108,,Marechal,0.378,https://moovitapp.com/index/pt-br/transporte_p%C3%BAblico-line-0_378-Brasilia-1702-851940-347150-0,-1.0,-15.738373,-47.912207,28.0,,,2,2023-06-18T16:33:48+00:00
BRA_443948,Brasília,5300108,,Marechal,0.369,https://moovitapp.com/index/pt-br/transporte_p%C3%BAblico-line-0_369-Brasilia-1702-851940-500060-0,-1.0,-15.838803,-48.128847,0.0,,,2,2023-06-18T16:26:09+00:00
BRA_441759,Brasília,5300108,,Urbi,0.056,https://moovitapp.com/index/pt-br/transporte_p%C3%BAblico-line-0_056-Brasilia-1702-851595-588804-0,-1.0,-15.844027,-48.104513,36.0,,,2,2023-06-18T16:33:48+00:00
BRA_441872,Brasília,5300108,,Marechal,383.3,https://moovitapp.com/index/pt-br/transporte_p%C3%BAblico-line-383_3-Brasilia-1702-851940-88144102-0,-1.0,-15.83944,-48.128807,0.0,,,2,2023-06-18T16:33:48+00:00
BRA_440124,Brasília,5300108,,Marechal,0.205,https://moovitapp.com/index/pt-br/transporte_p%C3%BAblico-line-0_205-Brasilia-1702-851940-463646-0,-1.0,-15.870043,-48.038807,0.0,,,2,2023-06-18T16:33:48+00:00
BRA_440094,Brasília,5300108,,Marechal,0.205,https://moovitapp.com/index/pt-br/transporte_p%C3%BAblico-line-0_205-Brasilia-1702-851940-463646-0,-1.0,-15.869913,-48.038317,0.0,,,2,2023-06-18T16:33:43+00:00
BRA_443620,Brasília,5300108,,Marechal,0.951,https://moovitapp.com/index/pt-br/transporte_p%C3%BAblico-line-0_951-Brasilia-1702-851940-783578-0,-1.0,-15.87018,-48.037733,0.0,,,2,2023-06-18T16:33:43+00:00
BRA_440051,Brasília,5300108,,Marechal,351.3,https://moovitapp.com/index/pt-br/transporte_p%C3%BAblico-line-351_3-Brasilia-1702-851940-510249-0,-1.0,-15.869667,-48.038507,0.0,,,2,2023-06-18T16:33:43+00:00
BRA_441902,Brasília,5300108,,Marechal,933.2,https://moovitapp.com/index/pt-br/transporte_p%C3%BAblico-line-933_2-Brasilia-1702-851940-717428-0,-1.0,-15.848383,-48.12069,32.0,,,2,2023-06-18T16:33:48+00:00
BRA_443379,Brasília,5300108,,Marechal,0.089,https://moovitapp.com/index/pt-br/transporte_p%C3%BAblico-line-0_089-Brasilia-1702-851940-706977-0,-1.0,-15.810967,-47.98904,35.0,,,2,2023-06-18T16:33:48+00:00
BRA_441864,Brasília,5300108,,Marechal,0.089,https://moovitapp.com/index/pt-br/transporte_p%C3%BAblico-line-0_089-Brasilia-1702-851940-706977-0,-1.0,-15.83969,-48.129163,0.0,,,2,2023-06-18T16:33:48+00:00
BRA_441171,Brasília,5300108,,Marechal,0.205,https://moovitapp.com/index/pt-br/transporte_p%C3%BAblico-line-0_205-Brasilia-1702-851940-463646-0,-1.0,-15.92376,-48.046957,52.0,,,2,2023-06-18T16:33:48+00:00
BRA_443531,Brasília,5300108,,Urbi,0.872,https://moovitapp.com/index/pt-br/transporte_p%C3%BAblico-line-0_872-Brasilia-1702-851595-466291-0,-1.0,-15.869793,-48.037417,0.0,,,2,2023-06-18T16:33:48+00:00
BRA_441287,Brasília,5300108,,Marechal,959.1,https://moovitapp.com/index/pt-br/transporte_p%C3%BAblico-line-959_1-Brasilia-1702-851940-789939-0,-1.0,-15.86972,-48.038027,0.0,,,2,2023-06-18T16:33:48+00:00
BRA_444791,Brasília,5300108,,Urbi,0.347,https://moovitapp.com/index/pt-br/transporte_p%C3%BAblico-line-0_347-Brasilia-1702-851595-347128-0,-1.0,-15.853753,-47.9557,26.0,,,2,2023-06-18T16:33:48+00:00
BRA_444804,Brasília,5300108,,Marechal,304.1,https://moovitapp.com/index/pt-br/transporte_p%C3%BAblico-line-304_1-Brasilia-1702-851940-516636-0,-1.0,-15.758813,-47.934563,40.0,,,2,2023-06-18T16:33:48+00:00
BRA_444979,Brasília,5300108,,Urbi,0.898,https://moovitapp.com/index/pt-br/transporte_p%C3%BAblico-line-0_898-Brasilia-1702-851595-322394-0,-1.0,-15.94921,-48.03376,0.0,,,2,2023-06-18T16:33:48+00:00
BRA_444855,Brasília,5300108,,Urbi,0.050,https://moovitapp.com/index/pt-br/transporte_p%C3%BAblico-line-0_050-Brasilia-1702-851595-781325-0,-1.0,-15.812563,-48.06785,61.0,,,2,2023-06-18T16:33:48+00:00
BRA_444987,Brasília,5300108,,Marechal,0.383,https://moovitapp.com/index/pt-br/transporte_p%C3%BAblico-line-0_383-Brasilia-1702-851940-347151-0,-1.0,-15.820327,-48.107823,0.0,,,2,2023-06-18T16:23:21+00:00
BRA_445061,Brasília,5300108,,Urbi,0.054,https://moovitapp.com/index/pt-br/transporte_p%C3%BAblico-line-0_054-Brasilia-1702-851595-454960-0,-1.0,-15.898513,-48.121657,0.0,,,2,2023-06-18T16:33:48+00:00
BRA_444758,Brasília,5300108,,Marechal,361.1,https://moovitapp.com/index/pt-br/transporte_p%C3%BAblico-line-361_1-Brasilia-1702-851940-363861-0,-1.0,-15.842277,-48.045443,0.0,,,2,2023-06-18T16:33:48+00:00
BRA_444782,Brasília,5300108,,Marechal,0.383,https://moovitapp.com/index/pt-br/transporte_p%C3%BAblico-line-0_383-Brasilia-1702-851940-347151-0,-1.0,-15.794027,-47.88305,0.0,,,2,2023-06-18T16:33:48+00:00
BRA_444812,Brasília,5300108,,Urbi,367.2,https://moovitapp.com/index/pt-br/transporte_p%C3%BAblico-line-367_2-Brasilia-1702-851595-454971-0,-1.0,-15.859523,-48.069267,48.0,,,2,2023-06-18T16:33:48+00:00
BRA_444961,Brasília,5300108,,Marechal,0.369,https://moovitapp.com/index/pt-br/transporte_p%C3%BAblico-line-0_369-Brasilia-1702-851940-500060-0,-1.0,-15.83841,-48.05359,35.0,,,2,2023-06-18T16:33:48+00:00
BRA_444774,Brasília,5300108,,Marechal,0.089,https://moovitapp.com/index/pt-br/transporte_p%C3%BAblico-line-0_089-Brasilia-1702-851940-706977-0,-1.0,-15.808287,-48.083627,33.0,,,2,2023-06-18T16:33:48+00:00
BRA_444839,Brasília,5300108,,Marechal,0.089,https://moovitapp.com/index/pt-br/transporte_p%C3%BAblico-line-0_089-Brasilia-1702-851940-706977-0,-1.0,-15.846687,-47.97357,30.0,,,2,2023-06-18T16:33:48+00:00
BRA_441309,Brasília,5300108,,Marechal,090.1,https://moovitapp.com/index/pt-br/transporte_p%C3%BAblico-line-090_1-Brasilia-1702-851940-103863101-0,-1.0,-15.829763,-47.987513,56.0,,,2,2023-06-18T16:33:48+00:00
BRA_441252,Brasília,5300108,,Marechal,0.951,https://moovitapp.com/index/pt-br/transporte_p%C3%BAblico-line-0_951-Brasilia-1702-851940-783578-0,-1.0,-15.840783,-47.965973,0.0,,,2,2023-06-18T16:33:48+00:00
BRA_443808,Brasília,5300108,,Marechal,157.1,https://moovitapp.com/index/pt-br/transporte_p%C3%BAblico-line-157_1-Brasilia-1702-851940-88144062-0,-1.0,-15.840467,-47.965787,0.0,,,2,2023-06-18T16:33:48+00:00
BRA_230189,Brasília,5300108,,Taguatur,3303,https://moovitapp.com/index/pt-br/transporte_p%C3%BAblico-line-3303-Brasilia-1702-854428-2224148-0,-1.0,-16.013917,-48.000394,,,,1,2023-06-18T16:33:42+00:00
BRA_232149,Brasília,5300108,,Pioneira,3210,https://moovitapp.com/index/pt-br/transporte_p%C3%BAblico-line-3210-Brasilia-1702-851941-14518504-0,-1.0,-16.037921,-48.056674,,,,1,2023-06-18T16:33:26+00:00
BRA_229768,Brasília,5300108,,Pioneira,100.2,https://moovitapp.com/index/pt-br/transporte_p%C3%BAblico-line-100_2-Brasilia-1702-851941-620160-0,-1.0,-15.856851,-47.875835,,,,2,2023-06-18T16:33:30+00:00
BRA_231321,Brasília,5300108,,Taguatur,3304,https://moovitapp.com/index/pt-br/transporte_p%C3%BAblico-line-3304-Brasilia-1702-854428-21462346-0,-1.0,-16.001704,-47.985088,,,,1,2023-06-18T16:33:28+00:00
BRA_231801,Brasília,5300108,,Pioneira,780.1,https://moovitapp.com/index/pt-br/transporte_p%C3%BAblico-line-780_1-Brasilia-1702-851941-531040-0,-1.0,-15.742162,-47.76774,,,,1,2023-06-18T16:33:46+00:00
BRA_229954,Brasília,5300108,,,3201,,,-16.035909,-48.05998,,,,1,2023-06-18T16:33:10+00:00
BRA_230120,Brasília,5300108,,Pioneira,073.2,https://moovitapp.com/index/pt-br/transporte_p%C3%BAblico-line-073_2-Brasilia-1702-851941-775124-0,-1.0,-15.880057,-47.959155,,,,1,2023-06-18T14:39:00+00:00
BRA_227650,Brasília,5300108,,Pioneira,181.2,https://moovitapp.com/index/pt-br/transporte_p%C3%BAblico-line-181_2-Brasilia-1702-851941-339338-0,-1.0,-15.896292,-47.786304,,,,1,2023-06-18T16:33:00+00:00
BRA_229032,Brasília,5300108,,Pioneira,0.275,https://moovitapp.com/index/pt-br/transporte_p%C3%BAblico-line-0_275-Brasilia-1702-851941-706979-0,-1.0,-15.934532,-48.043513,,,,1,2023-06-18T16:33:06+00:00
BRA_232629,Brasília,5300108,,,2202,,,-15.883301,-47.960159,,,,2,2023-06-18T16:34:12+00:00
BRA_228648,Brasília,5300108,,Pioneira,2308,https://moovitapp.com/index/pt-br/transporte_p%C3%BAblico-line-2308-Brasilia-1702-851941-18556636-0,-1.0,-15.903665,-47.963357,,,,1,2023-06-18T16:33:42+00:00
BRA_228303,Brasília,5300108,,,3211,,,-16.033073,-48.05703,,,,1,2023-06-18T16:33:02+00:00
BRA_232025,Brasília,5300108,,Pioneira,197.3,https://moovitapp.com/index/pt-br/transporte_p%C3%BAblico-line-197_3-Brasilia-1702-851941-519409-0,-1.0,-15.802348,-47.852776,,,,2,2023-06-18T16:33:46+00:00
BRA_229016,Brasília,5300108,,Taguatur,3302,https://moovitapp.com/index/pt-br/transporte_p%C3%BAblico-line-3302-Brasilia-1702-854428-3135322-0,-1.0,-16.047363,-48.031751,,,,1,2023-06-18T16:34:02+00:00
BRA_229563,Brasília,5300108,,Pioneira,183.2,https://moovitapp.com/index/pt-br/transporte_p%C3%BAblico-line-183_2-Brasilia-1702-851941-242920-0,-1.0,-15.913377,-47.757561,,,,1,2023-06-18T16:34:34+00:00
BRA_229601,Brasília,5300108,,Pioneira,764.2,https://moovitapp.com/index/pt-br/transporte_p%C3%BAblico-line-764_2-Brasilia-1702-851941-527246-0,-1.0,-15.746746,-47.764465,,,,2,2023-06-18T16:33:54+00:00
BRA_232556,Brasília,5300108,,UTB,2302,https://moovitapp.com/index/pt-br/transporte_p%C3%BAblico-line-2302-Brasilia-1702-854427-744298-0,-1.0,-15.88088,-47.96,,,,2,2023-06-18T16:32:50+00:00
BRA_231932,Brasília,5300108,,Pioneira,180.1,https://moovitapp.com/index/pt-br/transporte_p%C3%BAblico-line-180_1-Brasilia-1702-851941-339336-0,-1.0,-15.79384,-47.881786,,,,1,2023-06-18T16:33:22+00:00
BRA_232475,Brasília,5300108,,Pioneira,0.255,https://moovitapp.com/index/pt-br/transporte_p%C3%BAblico-line-0_255-Brasilia-1702-851941-706978-0,-1.0,-15.809716,-48.065308,,,,2,2023-06-18T16:33:14+00:00
BRA_231843,Brasília,5300108,,Pioneira,181.2,https://moovitapp.com/index/pt-br/transporte_p%C3%BAblico-line-181_2-Brasilia-1702-851941-339338-0,-1.0,-15.851965,-47.876102,,,,1,2023-06-18T16:33:16+00:00
BRA_231631,Brasília,5300108,,Pioneira,0.762,https://moovitapp.com/index/pt-br/transporte_p%C3%BAblico-line-0_762-Brasilia-1702-851941-576189-0,-1.0,-15.736016,-47.765285,,,,1,2023-06-15T08:20:24+00:00
BRA_232602,Brasília,5300108,,Pioneira,2308,https://moovitapp.com/index/pt-br/transporte_p%C3%BAblico-line-2308-Brasilia-1702-851941-18556636-0,-1.0,-15.790958,-47.898539,,,,1,2023-06-18T16:33:24+00:00
BRA_226441,Brasília,5300108,,Pioneira,100.2,https://moovitapp.com/index/pt-br/transporte_p%C3%BAblico-line-100_2-Brasilia-1702-851941-620160-0,-1.0,-15.769925,-47.779661,,,,1,2023-06-18T16:32:48+00:00
BRA_226556,Brasília,5300108,,Pioneira,0.765,https://moovitapp.com/index/pt-br/transporte_p%C3%BAblico-line-0_765-Brasilia-1702-851941-576190-0,-1.0,-15.83125,-47.878951,,,,1,2023-06-18T16:33:10+00:00
BRA_230057,Brasília,5300108,,Pioneira,205.1,https://moovitapp.com/index/pt-br/transporte_p%C3%BAblico-line-205_1-Brasilia-1702-851941-393571-0,-1.0,-16.012156,-48.077845,,,,1,2023-06-18T16:33:44+00:00
BRA_227897,Brasília,5300108,,,3201,,,-16.039949,-48.058804,,,,1,2023-06-18T16:33:34+00:00
BRA_229008,Brasília,5300108,,Pioneira,0.253,https://moovitapp.com/index/pt-br/transporte_p%C3%BAblico-line-0_253-Brasilia-1702-851941-510254-0,-1.0,-15.788811,-48.128485,,,,2,2023-06-18T16:34:12+00:00
BRA_230031,Brasília,5300108,,,3204,,,-16.014957,-48.067196,,,,1,2023-06-18T16:33:44+00:00
BRA_226831,Brasília,5300108,,Pioneira,0.510,https://moovitapp.com/index/pt-br/transporte_p%C3%BAblico-line-0_510-Brasilia-1702-851941-16483906-0,-1.0,-15.76021,-47.780773,,,,1,2023-06-15T13:15:44+00:00
BRA_227480,Brasília,5300108,,,3201,,,-15.998349,-48.058562,,,,1,2023-06-15T21:20:48+00:00
BRA_227480,Brasília,5300108,,,3206,,,-16.037683,-48.056508,,,,1,2023-06-18T16:33:36+00:00
BRA_228125,Brasília,5300108,,Taguatur,3305,https://moovitapp.com/index/pt-br/transporte_p%C3%BAblico-line-3305-Brasilia-1702-854428-77810673-0,-1.0,-16.047083,-48.039794,,,,1,2023-06-18T16:33:34+00:00
BRA_231703,Brasília,5300108,,Pioneira,0.762,https://moovitapp.com/index/pt-br/transporte_p%C3%BAblico-line-0_762-Brasilia-1702-851941-576189-0,-1.0,-15.736194,-47.765254,,,,1,2023-06-18T16:32:58+00:00
BRA_230138,Brasília,5300108,,Pioneira,0.253,https://moovitapp.com/index/pt-br/transporte_p%C3%BAblico-line-0_253-Brasilia-1702-851941-510254-0,-1.0,-15.874933,-48.059573,,,,2,2023-06-18T16:33:30+00:00
BRA_228583,Brasília,5300108,,Pioneira,0.253,https://moovitapp.com/index/pt-br/transporte_p%C3%BAblico-line-0_253-Brasilia-1702-851941-510254-0,-1.0,-16.042276,-48.025724,,,,1,2023-06-18T16:34:22+00:00
BRA_230171,Brasília,5300108,,Pioneira,0.255,https://moovitapp.com/index/pt-br/transporte_p%C3%BAblico-line-0_255-Brasilia-1702-851941-706978-0,-1.0,-15.804256,-48.070686,,,,1,2023-06-18T16:33:44+00:00
BRA_229512,Brasília,5300108,,,3204,,,-16.017618,-48.055803,,,,1,2023-06-18T16:33:20+00:00
BRA_231649,Brasília,5300108,,Pioneira,764.2,https://moovitapp.com/index/pt-br/transporte_p%C3%BAblico-line-764_2-Brasilia-1702-851941-527246-0,-1.0,-15.745931,-47.761573,,,,1,2023-06-18T16:33:22+00:00
BRA_229440,Brasília,5300108,,Pioneira,2308,https://moovitapp.com/index/pt-br/transporte_p%C3%BAblico-line-2308-Brasilia-1702-851941-18556636-0,-1.0,-15.787697,-47.888348,,,,2,2023-06-18T16:33:16+00:00
BRA_227498,Brasília,5300108,,Pioneira,180.1,https://moovitapp.com/index/pt-br/transporte_p%C3%BAblico-line-180_1-Brasilia-1702-851941-339336-0,-1.0,-15.913266,-47.75676,,,,2,2023-06-18T16:33:42+00:00
BRA_229202,Brasília,5300108,,UTB,2302,https://moovitapp.com/index/pt-br/transporte_p%C3%BAblico-line-2302-Brasilia-1702-854427-744298-0,-1.0,-16.002673,-47.986799,,,,2,2023-06-18T16:33:56+00:00
BRA_227447,Brasília,5300108,,,2202,,,-15.956985,-48.010363,,,,1,2023-06-18T16:33:42+00:00
BRA_227307,Brasília,5300108,,Pioneira,180.1,https://moovitapp.com/index/pt-br/transporte_p%C3%BAblico-line-180_1-Brasilia-1702-851941-339336-0,-1.0,-15.902658,-47.767066,,,,2,2023-06-18T16:33:40+00:00
BRA_229971,Brasília,5300108,,,3204,,,-15.991864,-48.049311,,,,1,2023-06-18T16:33:30+00:00
BRA_227587,Brasília,5300108,,Pioneira,197.3,https://moovitapp.com/index/pt-br/transporte_p%C3%BAblico-line-197_3-Brasilia-1702-851941-519409-0,-1.0,-15.835226,-47.83395,,,,1,2023-06-18T16:29:30+00:00
BRA_232491,Brasília,5300108,,,3301,,,-16.004193,-47.987129,,,,1,2023-06-18T16:13:56+00:00
BRA_232068,Brasília,5300108,,Pioneira,180.2,https://moovitapp.com/index/pt-br/transporte_p%C3%BAblico-line-180_2-Brasilia-1702-851941-514539-0,-1.0,-15.845364,-47.818119,,,,2,2023-06-18T16:33:14+00:00
BRA_232009,Brasília,5300108,,Pioneira,0.181,https://moovitapp.com/index/pt-br/transporte_p%C3%BAblico-line-0_181-Brasilia-1702-851941-242838-0,-1.0,-15.75633,-47.771637,,,,2,2023-06-18T16:33:50+00:00
BRA_229091,Brasília,5300108,,Pioneira,784.3,https://moovitapp.com/index/pt-br/transporte_p%C3%BAblico-line-784_3-Brasilia-1702-851941-46904557-0,-1.0,-15.764036,-47.780226,,,,1,2023-06-18T16:33:26+00:00
BRA_227404,Brasília,5300108,,Pioneira,147.5,https://moovitapp.com/index/pt-br/transporte_p%C3%BAblico-line-147_5-Brasilia-1702-851941-519406-0,-1.0,-15.901017,-47.772858,,,,1,2023-06-18T16:33:20+00:00
BRA_229059,Brasília,5300108,,Pioneira,251.8,https://moovitapp.com/index/pt-br/transporte_p%C3%BAblico-line-251_8-Brasilia-1702-851941-708654-0,-1.0,-16.002664,-47.986462,,,,1,2023-06-18T16:33:30+00:00
BRA_229989,Brasília,5300108,,,3207,,,-16.008376,-48.072568,,,,1,2023-06-18T16:33:42+00:00
BRA_228923,Brasília,5300108,,Pioneira,3307,https://moovitapp.com/index/pt-br/transporte_p%C3%BAblico-line-3307-Brasilia-1702-851941-519400-0,-1.0,-16.018517,-47.990976,,,,1,2023-06-18T16:34:12+00:00
BRA_229261,Brasília,5300108,,Pioneira,0.255,https://moovitapp.com/index/pt-br/transporte_p%C3%BAblico-line-0_255-Brasilia-1702-851941-706978-0,-1.0,-15.978448,-47.999368,,,,2,2023-06-18T16:32:46+00:00
BRA_232483,Brasília,5300108,,Pioneira,020.2,https://moovitapp.com/index/pt-br/transporte_p%C3%BAblico-line-020_2-Brasilia-1702-851941-708653-0,-1.0,-16.011269,-48.064685,,,,1,2023-06-18T16:33:42+00:00
BRA_228168,Brasília,5300108,,UTB,2303,https://moovitapp.com/index/pt-br/transporte_p%C3%BAblico-line-2303-Brasilia-1702-854427-744299-0,-1.0,-16.002524,-47.986671,,,,2,2023-06-18T16:33:28+00:00
BRA_227030,Brasília,5300108,,Pioneira,759.1,https://moovitapp.com/index/pt-br/transporte_p%C3%BAblico-line-759_1-Brasilia-1702-851941-616183-0,-1.0,-15.717438,-47.864048,,,,2,2023-06-18T12:43:04+00:00
BRA_227439,Brasília,5300108,,Pioneira,111.1,https://moovitapp.com/index/pt-br/transporte_p%C3%BAblico-line-111_1-Brasilia-1702-851941-75742769-0,-1.0,-15.808601,-47.849101,,,,1,2023-06-18T16:33:26+00:00
BRA_231941,Brasília,5300108,,Pioneira,147.2,https://moovitapp.com/index/pt-br/transporte_p%C3%BAblico-line-147_2-Brasilia-1702-851941-519403-0,-1.0,-15.830979,-47.826066,,,,1,2023-06-18T16:33:12+00:00
BRA_232581,Brasília,5300108,,Pioneira,2308,https://moovitapp.com/index/pt-br/transporte_p%C3%BAblico-line-2308-Brasilia-1702-851941-18556636-0,-1.0,-15.928876,-47.979392,,,,2,2023-06-18T16:33:18+00:00
BRA_227790,Brasília,5300108,,,3202,,,-16.037486,-48.056388,,,,1,2023-06-18T16:33:02+00:00
BRA_226521,Brasília,5300108,,Pioneira,0.765,https://moovitapp.com/index/pt-br/transporte_p%C3%BAblico-line-0_765-Brasilia-1702-851941-576190-0,-1.0,-15.802188,-47.895265,,,,2,2023-06-18T16:33:28+00:00
BRA_232301,Brasília,5300108,,Pioneira,020.2,https://moovitapp.com/index/pt-br/transporte_p%C3%BAblico-line-020_2-Brasilia-1702-851941-708653-0,-1.0,-15.991963,-47.987816,,,,1,2023-06-18T16:33:38+00:00
BRA_228109,Brasília,5300108,,,3207,,,-15.991634,-48.049089,,,,1,2023-06-18T16:33:46+00:00
BRA_228940,Brasília,5300108,,Pioneira,271.3,https://moovitapp.com/index/pt-br/transporte_p%C3%BAblico-line-271_3-Brasilia-1702-851941-669626-0,-1.0,-15.824086,-47.930818,,,,1,2023-06-18T16:34:00+00:00
BRA_226904,Brasília,5300108,,Pioneira,764.2,https://moovitapp.com/index/pt-br/transporte_p%C3%BAblico-line-764_2-Brasilia-1702-851941-527246-0,-1.0,-15.794363,-47.881983,,,,1,2023-06-18T16:32:52+00:00
BRA_226581,Brasília,5300108,,Pioneira,764.2,https://moovitapp.com/index/pt-br/transporte_p%C3%BAblico-line-764_2-Brasilia-1702-851941-527246-0,-1.0,-15.821625,-47.805219,,,,1,2023-06-18T16:34:02+00:00
BRA_229865,Brasília,5300108,,Pioneira,147.2,https://moovitapp.com/index/pt-br/transporte_p%C3%BAblico-line-147_2-Brasilia-1702-851941-519403-0,-1.0,-15.912649,-47.756791,,,,1,2023-06-18T16:33:36+00:00
BRA_226742,Brasília,5300108,,Pioneira,780.1,https://moovitapp.com/index/pt-br/transporte_p%C3%BAblico-line-780_1-Brasilia-1702-851941-531040-0,-1.0,-15.746841,-47.768261,,,,2,2023-06-18T16:33:24+00:00
BRA_228923,Brasília,5300108,,Pioneira,3307,https://moovitapp.com/index/pt-br/transporte_p%C3%BAblico-line-3307-Brasilia-1702-851941-519400-0,-1.0,-16.029434,-47.985959,,,,1,2023-06-18T16:01:30+00:00
BRA_231681,Brasília,5300108,,Pioneira,780.1,https://moovitapp.com/index/pt-br/transporte_p%C3%BAblico-line-780_1-Brasilia-1702-851941-531040-0,-1.0,-15.79419,-47.881869,,,,1,2023-06-18T16:33:52+00:00
BRA_231894,Brasília,5300108,,Pioneira,0.111,https://moovitapp.com/index/pt-br/transporte_p%C3%BAblico-line-0_111-Brasilia-1702-851941-432834-0,-1.0,-15.794361,-47.881882,,,,1,2023-06-18T16:33:10+00:00
BRA_228818,Brasília,5300108,,Pioneira,759.1,https://moovitapp.com/index/pt-br/transporte_p%C3%BAblico-line-759_1-Brasilia-1702-851941-616183-0,-1.0,-15.725444,-47.89454,,,,2,2023-06-18T16:32:48+00:00
BRA_231851,Brasília,5300108,,Pioneira,180.1,https://moovitapp.com/index/pt-br/transporte_p%C3%BAblico-line-180_1-Brasilia-1702-851941-339336-0,-1.0,-15.906084,-47.761305,,,,1,2023-06-18T16:33:46+00:00
BRA_227757,Brasília,5300108,,Pioneira,124.6,https://moovitapp.com/index/pt-br/transporte_p%C3%BAblico-line-124_6-Brasilia-1702-851941-425282-0,-1.0,-15.87063,-47.949694,,,,1,2023-06-18T16:33:26+00:00
BRA_226921,Brasília,5300108,,Pioneira,510.1,https://moovitapp.com/index/pt-br/transporte_p%C3%BAblico-line-510_1-Brasilia-1702-851941-770035-0,-1.0,-15.779379,-47.780983,,,,1,2023-06-18T15:54:06+00:00
BRA_230197,Brasília,5300108,,Pioneira,0.255,https://moovitapp.com/index/pt-br/transporte_p%C3%BAblico-line-0_255-Brasilia-1702-851941-706978-0,-1.0,-15.912186,-48.050888,,,,2,2023-06-18T16:33:36+00:00
BRA_227927,Brasília,5300108,,UTB,2303,https://moovitapp.com/index/pt-br/transporte_p%C3%BAblico-line-2303-Brasilia-1702-854427-744299-0,-1.0,-15.84404,-47.93132,,,,1,2023-06-18T16:33:50+00:00
BRA_232611,Brasília,5300108,,UTB,2302,https://moovitapp.com/index/pt-br/transporte_p%C3%BAblico-line-2302-Brasilia-1702-854427-744298-0,-1.0,-15.880221,-47.959714,,,,1,2023-06-18T16:33:08+00:00
BRA_232416,Brasília,5300108,,Taguatur,3302,https://moovitapp.com/index/pt-br/transporte_p%C3%BAblico-line-3302-Brasilia-1702-854428-3135322-0,-1.0,-16.044775,-48.032088,,,,1,2023-06-18T16:34:14+00:00
BRA_231878,Brasília,5300108,,Pioneira,180.1,https://moovitapp.com/index/pt-br/transporte_p%C3%BAblico-line-180_1-Brasilia-1702-851941-339336-0,-1.0,-15.845752,-47.817865,,,,2,2023-06-18T16:33:46+00:00
BRA_229415,Brasília,5300108,,Pioneira,0.253,https://moovitapp.com/index/pt-br/transporte_p%C3%BAblico-line-0_253-Brasilia-1702-851941-510254-0,-1.0,-15.941116,-48.040887,,,,1,2023-06-18T16:33:06+00:00
BRA_227226,Brasília,5300108,,Pioneira,170.4,https://moovitapp.com/index/pt-br/transporte_p%C3%BAblico-line-170_4-Brasilia-1702-851941-379787-0,-1.0,-15.913507,-47.756003,,,,1,2023-06-18T16:32:52+00:00
BRA_231436,Brasília,5300108,,Pioneira,183.0,https://moovitapp.com/index/pt-br/transporte_p%C3%BAblico-line-183_0-Brasilia-1702-851941-26502248-0,-1.0,-15.913329,-47.757478,,,,1,2023-06-18T16:33:34+00:00
BRA_231622,Brasília,5300108,,Pioneira,0.102,https://moovitapp.com/index/pt-br/transporte_p%C3%BAblico-line-0_102-Brasilia-1702-851941-775119-0,-1.0,-15.836201,-47.926692,,,,1,2023-06-18T16:33:54+00:00
BRA_229709,Brasília,5300108,,Pioneira,180.2,https://moovitapp.com/index/pt-br/transporte_p%C3%BAblico-line-180_2-Brasilia-1702-851941-514539-0,-1.0,-15.896225,-47.797125,,,,1,2023-06-18T13:27:52+00:00
BRA_232211,Brasília,5300108,,,3202,,,-16.014569,-48.047162,,,,1,2023-06-18T16:33:30+00:00
BRA_223930,Brasília,5300108,,Pioneira,2306,https://moovitapp.com/index/pt-br/transporte_p%C3%BAblico-line-2306-Brasilia-1702-851941-18556641-0,-1.0,-16.022764,-48.031319,,,,1,2023-06-18T15:55:50+00:00
BRA_226831,Brasília,5300108,,Urbi,0.129,https://moovitapp.com/index/pt-br/transporte_p%C3%BAblico-line-0_129-Brasilia-1702-851595-775097-0,-1.0,-15.871798,-47.958017,,,,1,2023-06-15T19:41:04+00:00
BRA_229008,Brasília,5300108,,Pioneira,251.8,https://moovitapp.com/index/pt-br/transporte_p%C3%BAblico-line-251_8-Brasilia-1702-851941-708654-0,-1.0,-16.023349,-48.053813,,,,1,2023-06-17T01:28:22+00:00
BRA_226645,Brasília,5300108,,,2202,,,-15.794002,-47.88246,,,,1,2023-06-18T16:33:48+00:00
BRA_229636,Brasília,5300108,,Pioneira,124.6,https://moovitapp.com/index/pt-br/transporte_p%C3%BAblico-line-124_6-Brasilia-1702-851941-425282-0,-1.0,-15.799971,-47.945721,,,,1,2023-06-18T16:33:48+00:00
BRA_232092,Brasília,5300108,,Pioneira,181.2,https://moovitapp.com/index/pt-br/transporte_p%C3%BAblico-line-181_2-Brasilia-1702-851941-339338-0,-1.0,-15.830282,-47.877031,,,,1,2023-06-16T22:12:22+00:00
BRA_229067,Brasília,5300108,,Taguatur,3302,https://moovitapp.com/index/pt-br/transporte_p%C3%BAblico-line-3302-Brasilia-1702-854428-3135322-0,-1.0,-16.004533,-47.991433,,,,1,2023-06-18T16:33:52+00:00
BRA_228486,Brasília,5300108,,UTB,2302,https://moovitapp.com/index/pt-br/transporte_p%C3%BAblico-line-2302-Brasilia-1702-854427-744298-0,-1.0,-15.819119,-47.904853,,,,2,2023-06-18T16:34:38+00:00
BRA_226530,Brasília,5300108,,Pioneira,764.2,https://moovitapp.com/index/pt-br/transporte_p%C3%BAblico-line-764_2-Brasilia-1702-851941-527246-0,-1.0,-15.749895,-47.762761,,,,2,2023-06-18T16:33:36+00:00
BRA_231908,Brasília,5300108,,Pioneira,0.147,https://moovitapp.com/index/pt-br/transporte_p%C3%BAblico-line-0_147-Brasilia-1702-851941-519401-0,-1.0,-15.888629,-47.805594,,,,2,2023-06-18T16:33:00+00:00
BRA_231720,Brasília,5300108,,Pioneira,0.102,https://moovitapp.com/index/pt-br/transporte_p%C3%BAblico-line-0_102-Brasilia-1702-851941-775119-0,-1.0,-15.796391,-47.891355,,,,1,2023-06-18T16:34:12+00:00
BRA_228087,Brasília,5300108,,UTB,2303,https://moovitapp.com/index/pt-br/transporte_p%C3%BAblico-line-2303-Brasilia-1702-854427-744299-0,-1.0,-15.83384,-47.928313,,,,2,2023-06-18T16:34:06+00:00
BRA_232271,Brasília,5300108,,Marechal,206.1,https://moovitapp.com/index/pt-br/transporte_p%C3%BAblico-line-206_1-Brasilia-1702-851940-137149861-0,-1.0,-15.83471,-48.08323,,,,1,2023-06-18T16:34:32+00:00
BRA_226700,Brasília,5300108,,Pioneira,163.1,https://moovitapp.com/index/pt-br/transporte_p%C3%BAblico-line-163_1-Brasilia-1702-851941-242911-0,-1.0,-15.8448,-47.94106,,,,2,2023-06-16T00:12:20+00:00
BRA_232157,Brasília,5300108,,Pioneira,205.1,https://moovitapp.com/index/pt-br/transporte_p%C3%BAblico-line-205_1-Brasilia-1702-851941-393571-0,-1.0,-15.804335,-48.095984,,,,2,2023-06-18T16:33:30+00:00
BRA_229504,Brasília,5300108,,Pioneira,0.780,https://moovitapp.com/index/pt-br/transporte_p%C3%BAblico-line-0_780-Brasilia-1702-851941-514537-0,-1.0,-15.752327,-47.763899,,,,1,2023-06-15T20:32:26+00:00
BRA_228354,Brasília,5300108,,Pioneira,0.253,https://moovitapp.com/index/pt-br/transporte_p%C3%BAblico-line-0_253-Brasilia-1702-851941-510254-0,-1.0,-16.044734,-48.029316,,,,1,2023-06-16T21:49:36+00:00
BRA_226769,Brasília,5300108,,Pioneira,764.2,https://moovitapp.com/index/pt-br/transporte_p%C3%BAblico-line-764_2-Brasilia-1702-851941-527246-0,-1.0,-15.793905,-47.781167,,,,1,2023-06-18T16:33:40+00:00
BRA_231380,Brasília,5300108,,Pioneira,073.4,https://moovitapp.com/index/pt-br/transporte_p%C3%BAblico-line-073_4-Brasilia-1702-851941-77944646-0,-1.0,-15.880774,-47.959504,,,,1,2023-06-18T16:33:36+00:00
BRA_232173,Brasília,5300108,,Pioneira,3308,https://moovitapp.com/index/pt-br/transporte_p%C3%BAblico-line-3308-Brasilia-1702-851941-577772-0,-1.0,-16.033175,-48.033855,,,,1,2023-06-18T16:33:42+00:00
BRA_226866,Brasília,5300108,,Pioneira,183.6,https://moovitapp.com/index/pt-br/transporte_p%C3%BAblico-line-183_6-Brasilia-1702-851941-242921-0,-1.0,-15.915823,-47.769825,,,,1,2023-06-18T16:33:40+00:00
BRA_227706,Brasília,5300108,,Pioneira,197.3,https://moovitapp.com/index/pt-br/transporte_p%C3%BAblico-line-197_3-Brasilia-1702-851941-519409-0,-1.0,-15.895445,-47.791276,,,,1,2023-06-18T16:33:50+00:00
BRA_226726,Brasília,5300108,,,2202,,,-15.992514,-48.050379,,,,2,2023-06-18T16:33:42+00:00
BRA_232408,Brasília,5300108,,Pioneira,251.8,https://moovitapp.com/index/pt-br/transporte_p%C3%BAblico-line-251_8-Brasilia-1702-851941-708654-0,-1.0,-16.004438,-47.992018,,,,1,2023-06-18T16:33:42+00:00
BRA_232238,Brasília,5300108,,Pioneira,205.1,https://moovitapp.com/index/pt-br/transporte_p%C3%BAblico-line-205_1-Brasilia-1702-851941-393571-0,-1.0,-16.017049,-48.064805,,,,2,2023-06-18T16:33:34+00:00
BRA_229679,Brasília,5300108,,Pioneira,759.1,https://moovitapp.com/index/pt-br/transporte_p%C3%BAblico-line-759_1-Brasilia-1702-851941-616183-0,-1.0,-15.720553,-47.854015,,,,1,2023-06-18T16:33:32+00:00
BRA_231819,Brasília,5300108,,Pioneira,197.3,https://moovitapp.com/index/pt-br/transporte_p%C3%BAblico-line-197_3-Brasilia-1702-851941-519409-0,-1.0,-15.913313,-47.756989,,,,2,2023-06-18T16:33:02+00:00
BRA_232289,Brasília,5300108,,Pioneira,205.1,https://moovitapp.com/index/pt-br/transporte_p%C3%BAblico-line-205_1-Brasilia-1702-851941-393571-0,-1.0,-15.905205,-48.05319,,,,2,2023-06-18T16:33:34+00:00
BRA_226785,Brasília,5300108,,Urbi,0.129,https://moovitapp.com/index/pt-br/transporte_p%C3%BAblico-line-0_129-Brasilia-1702-851595-775097-0,-1.0,-15.857808,-47.922941,,,,2,2023-06-15T10:14:04+00:00
BRA_229407,Brasília,5300108,,Pioneira,0.255,https://moovitapp.com/index/pt-br/transporte_p%C3%BAblico-line-0_255-Brasilia-1702-851941-706978-0,-1.0,-16.015427,-48.015227,,,,1,2023-06-18T16:33:48+00:00
BRA_228982,Brasília,5300108,,Pioneira,251.7,https://moovitapp.com/index/pt-br/transporte_p%C3%BAblico-line-251_7-Brasilia-1702-851941-651524-0,-1.0,-16.003812,-47.988623,,,,1,2023-06-18T16:32:58+00:00
BRA_226912,Brasília,5300108,,Pioneira,0.759,https://moovitapp.com/index/pt-br/transporte_p%C3%BAblico-line-0_759-Brasilia-1702-851941-775121-0,-1.0,-15.764249,-47.890687,,,,2,2023-06-16T20:31:02+00:00
BRA_227633,Brasília,5300108,,Pioneira,183.2,https://moovitapp.com/index/pt-br/transporte_p%C3%BAblico-line-183_2-Brasilia-1702-851941-242920-0,-1.0,-15.866125,-47.821266,,,,1,2023-06-18T16:33:56+00:00
BRA_231592,Brasília,5300108,,Pioneira,764.2,https://moovitapp.com/index/pt-br/transporte_p%C3%BAblico-line-764_2-Brasilia-1702-851941-527246-0,-1.0,-15.781768,-47.778859,,,,2,2023-06-18T16:33:00+00:00
BRA_231886,Brasília,5300108,,Pioneira,180.2,https://moovitapp.com/index/pt-br/transporte_p%C3%BAblico-line-180_2-Brasilia-1702-851941-514539-0,-1.0,-15.888084,-47.818583,,,,1,2023-06-18T16:32:42+00:00
BRA_226815,Brasília,5300108,,Pioneira,0.126,https://moovitapp.com/index/pt-br/transporte_p%C3%BAblico-line-0_126-Brasilia-1702-851941-7879579-0,-1.0,-15.917236,-47.758565,,,,1,2023-06-18T16:33:42+00:00
BRA_232378,Brasília,5300108,,Pioneira,3307,https://moovitapp.com/index/pt-br/transporte_p%C3%BAblico-line-3307-Brasilia-1702-851941-519400-0,-1.0,-16.016886,-47.991109,,,,1,2023-06-18T16:33:34+00:00
BRA_230146,Brasília,5300108,,Taguatur,3302,https://moovitapp.com/index/pt-br/transporte_p%C3%BAblico-line-3302-Brasilia-1702-854428-3135322-0,-1.0,-16.029236,-48.032851,,,,1,2023-06-18T16:33:40+00:00
BRA_228419,Brasília,5300108,,Pioneira,0.147,https://moovitapp.com/index/pt-br/transporte_p%C3%BAblico-line-0_147-Brasilia-1702-851941-519401-0,-1.0,-15.853729,-47.84252,,,,1,2023-06-18T16:33:04+00:00
BRA_228761,Brasília,5300108,,Pioneira,251.7,https://moovitapp.com/index/pt-br/transporte_p%C3%BAblico-line-251_7-Brasilia-1702-851941-651524-0,-1.0,-16.048685,-48.037193,,,,1,2023-06-18T16:12:22+00:00
BRA_229521,Brasília,5300108,,UTB,2302,https://moovitapp.com/index/pt-br/transporte_p%C3%BAblico-line-2302-Brasilia-1702-854427-744298-0,-1.0,-15.988081,-47.98711,,,,1,2023-06-18T16:34:04+00:00
BRA_229423,Brasília,5300108,,Pioneira,0.255,https://moovitapp.com/index/pt-br/transporte_p%C3%BAblico-line-0_255-Brasilia-1702-851941-706978-0,-1.0,-16.044937,-48.029818,,,,2,2023-06-18T16:34:06+00:00
BRA_229890,Brasília,5300108,,Pioneira,197.3,https://moovitapp.com/index/pt-br/transporte_p%C3%BAblico-line-197_3-Brasilia-1702-851941-519409-0,-1.0,-15.891137,-47.797323,,,,1,2023-06-18T16:33:24+00:00
BRA_228371,Brasília,5300108,,Pioneira,0.253,https://moovitapp.com/index/pt-br/transporte_p%C3%BAblico-line-0_253-Brasilia-1702-851941-510254-0,-1.0,-16.005026,-47.995248,,,,2,2023-06-18T16:33:02+00:00
BRA_227986,Brasília,5300108,,Pioneira,147.5,https://moovitapp.com/index/pt-br/transporte_p%C3%BAblico-line-147_5-Brasilia-1702-851941-519406-0,-1.0,-15.91332,-47.756944,,,,2,2023-06-18T14:59:44+00:00
BRA_229911,Brasília,5300108,,Pioneira,205.1,https://moovitapp.com/index/pt-br/transporte_p%C3%BAblico-line-205_1-Brasilia-1702-851941-393571-0,-1.0,-15.874651,-48.039094,,,,1,2023-06-18T16:32:56+00:00
BRA_226971,Brasília,5300108,,Pioneira,764.2,https://moovitapp.com/index/pt-br/transporte_p%C3%BAblico-line-764_2-Brasilia-1702-851941-527246-0,-1.0,-15.796278,-47.878614,,,,2,2023-06-18T16:33:28+00:00
BRA_230081,Brasília,5300108,,Pioneira,0.253,https://moovitapp.com/index/pt-br/transporte_p%C3%BAblico-line-0_253-Brasilia-1702-851941-510254-0,-1.0,-15.818572,-48.107155,,,,1,2023-06-18T16:34:00+00:00
BRA_227919,Brasília,5300108,,,3206,,,-15.992117,-48.049636,,,,1,2023-06-18T16:33:18+00:00
BRA_228214,Brasília,5300108,,,3207,,,-16.009476,-48.082181,,,,1,2023-06-18T16:32:56+00:00
BRA_227200,Brasília,5300108,,,2202,,,-15.830913,-47.9187,,,,1,2023-06-18T16:33:26+00:00
BRA_77534,Brasília,5300108,,Urbi,0.808,https://moovitapp.com/index/pt-br/transporte_p%C3%BAblico-line-0_808-Brasilia-1702-851595-372359-0,-1.0,-15.818006,-48.105483,,,,2,2023-06-18T11:53:50+00:00
BRA_78093,Brasília,5300108,,São José,0.331,https://moovitapp.com/index/pt-br/transporte_p%C3%BAblico-line-0_331-Brasilia-1702-851943-775133-0,-1.0,-15.803383,-48.069351,,,,2,2023-06-16T18:00:52+00:00
BRA_77518,Brasília,5300108,,Urbi,0.805,https://moovitapp.com/index/pt-br/transporte_p%C3%BAblico-line-0_805-Brasilia-1702-851595-460800-0,-1.0,-15.852652,-48.045916,,,,1,2023-06-18T16:33:18+00:00
BRA_79693,Brasília,5300108,,São José,0.353,https://moovitapp.com/index/pt-br/transporte_p%C3%BAblico-line-0_353-Brasilia-1702-851943-706998-0,-1.0,-15.78811,-48.131404,,,,1,2023-06-18T16:33:06+00:00
BRA_78140,Brasília,5300108,,São José,0.379,https://moovitapp.com/index/pt-br/transporte_p%C3%BAblico-line-0_379-Brasilia-1702-851943-707007-0,-1.0,-15.790478,-48.138429,,,,1,2023-06-18T16:32:36+00:00
BRA_78531,Brasília,5300108,,São José,0.382,https://moovitapp.com/index/pt-br/transporte_p%C3%BAblico-line-0_382-Brasilia-1702-851943-775140-0,-1.0,-15.792065,-48.050309,,,,1,2023-06-18T16:33:24+00:00
BRA_710571,Brasília,5300108,,São José,0.920,https://moovitapp.com/index/pt-br/transporte_p%C3%BAblico-line-0_920-Brasilia-1702-851943-707019-0,-1.0,-15.794339,-47.883338,,,,1,2023-06-18T16:32:54+00:00
BRA_79049,Brasília,5300108,,São José,0.926,https://moovitapp.com/index/pt-br/transporte_p%C3%BAblico-line-0_926-Brasilia-1702-851943-775154-0,-1.0,-15.823515,-48.114581,,,,1,2023-06-15T11:23:02+00:00
BRA_75973,Brasília,5300108,,São José,333.2,https://moovitapp.com/index/pt-br/transporte_p%C3%BAblico-line-333_2-Brasilia-1702-851943-527251-0,-1.0,-15.819289,-48.108465,,,,1,2023-06-18T16:32:52+00:00
BRA_711250,Brasília,5300108,,São José,0.159,https://moovitapp.com/index/pt-br/transporte_p%C3%BAblico-line-0_159-Brasilia-1702-851943-375523-0,-1.0,-15.83166,-48.138435,,,,2,2023-06-18T16:33:46+00:00
BRA_710407,Brasília,5300108,,São José,0.404,https://moovitapp.com/index/pt-br/transporte_p%C3%BAblico-line-0_404-Brasilia-1702-851943-783025-0,-1.0,-15.808876,-48.058727,,,,1,2023-06-18T16:33:44+00:00
BRA_500054,Brasília,5300108,,São José,0.406,https://moovitapp.com/index/pt-br/transporte_p%C3%BAblico-line-0_406-Brasilia-1702-851943-717430-0,-1.0,-15.660728,-48.199623,,,,1,2023-06-18T14:14:10+00:00
BRA_500143,Brasília,5300108,,São José,0.402,https://moovitapp.com/index/pt-br/transporte_p%C3%BAblico-line-0_402-Brasilia-1702-851943-781335-0,-1.0,-15.6717,-48.20085,,,,1,2023-06-18T16:33:26+00:00
BRA_79707,Brasília,5300108,,São José,928.1,https://moovitapp.com/index/pt-br/transporte_p%C3%BAblico-line-928_1-Brasilia-1702-851943-707067-0,-1.0,-15.808783,-48.146688,,,,1,2023-06-18T16:26:38+00:00
BRA_76651,Brasília,5300108,,São José,333.8,https://moovitapp.com/index/pt-br/transporte_p%C3%BAblico-line-333_8-Brasilia-1702-851943-376187-0,-1.0,-15.799446,-48.149371,,,,1,2023-06-18T16:33:10+00:00
BRA_77283,Brasília,5300108,,Urbi,0.038,https://moovitapp.com/index/pt-br/transporte_p%C3%BAblico-line-0_038-Brasilia-1702-851595-687419-0,-1.0,-15.854541,-48.039018,,,,1,2023-06-18T16:33:32+00:00
BRA_76988,Brasília,5300108,,Urbi,086.1,https://moovitapp.com/index/pt-br/transporte_p%C3%BAblico-line-086_1-Brasilia-1702-851595-481321-0,-1.0,-15.885604,-48.022825,,,,1,2023-06-18T16:33:30+00:00
BRA_76589,Brasília,5300108,,São José,0.039,https://moovitapp.com/index/pt-br/transporte_p%C3%BAblico-line-0_039-Brasilia-1702-851943-781333-0,-1.0,-15.871094,-48.028318,,,,1,2023-06-18T16:33:34+00:00
BRA_711292,Brasília,5300108,,São José,0.092,https://moovitapp.com/index/pt-br/transporte_p%C3%BAblico-line-0_092-Brasilia-1702-851943-496589-0,-1.0,-15.838248,-47.960789,,,,1,2023-06-18T16:33:28+00:00
BRA_77071,Brasília,5300108,,Urbi,0.886,https://moovitapp.com/index/pt-br/transporte_p%C3%BAblico-line-0_886-Brasilia-1702-851595-704024-0,-1.0,-15.829698,-48.058448,,,,2,2023-06-18T16:33:06+00:00
BRA_120529,Brasília,5300108,,Piracicabana,153.2,https://moovitapp.com/index/pt-br/transporte_p%C3%BAblico-line-153_2-Brasilia-1702-850942-775093-0,-1.0,-15.61264,-47.64064,,,,1,2023-06-16T03:20:09+00:00
BRA_119652,Brasília,5300108,,Piracicabana,505.8,https://moovitapp.com/index/pt-br/transporte_p%C3%BAblico-line-505_8-Brasilia-1702-850942-339297-0,-1.0,-15.83578,-47.93201,,,,1,2023-06-16T15:45:21+00:00
BRA_121037,Brasília,5300108,,Piracicabana,152.1,https://moovitapp.com/index/pt-br/transporte_p%C3%BAblico-line-152_1-Brasilia-1702-850942-542827-0,-1.0,-15.7402,-47.88434,,,,,2023-06-18T13:21:24+00:00
BRA_120481,Brasília,5300108,,Piracicabana,0.103,https://moovitapp.com/index/pt-br/transporte_p%C3%BAblico-line-0_103-Brasilia-1702-850942-335705-0,-1.0,-15.79403,-47.88195,,,,,2023-06-18T14:30:38+00:00
BRA_119580,Brasília,5300108,,Piracicabana,505.3,https://moovitapp.com/index/pt-br/transporte_p%C3%BAblico-line-505_3-Brasilia-1702-850942-352626-0,-1.0,-15.64233,-47.8268,,,,,2023-06-18T14:58:35+00:00
BRA_119814,Brasília,5300108,,Piracicabana,114.1,https://moovitapp.com/index/pt-br/transporte_p%C3%BAblico-line-114_1-Brasilia-1702-850942-781323-0,-1.0,-15.80165,-47.91877,,,,,2023-06-18T14:59:23+00:00
BRA_119504,Brasília,5300108,,Piracicabana,531.1,https://moovitapp.com/index/pt-br/transporte_p%C3%BAblico-line-531_1-Brasilia-1702-850942-476289-0,-1.0,-15.63809,-47.83978,,,,1,2023-06-18T15:40:14+00:00
BRA_119270,Brasília,5300108,,Piracicabana,0.509,https://moovitapp.com/index/pt-br/transporte_p%C3%BAblico-line-0_509-Brasilia-1702-850942-242397-0,-1.0,-15.71766,-47.89811,,,,,2023-06-18T15:56:03+00:00
BRA_119237,Brasília,5300108,,Piracicabana,501.3,https://moovitapp.com/index/pt-br/transporte_p%C3%BAblico-line-501_3-Brasilia-1702-850942-242472-0,-1.0,-15.70537,-47.88962,,,,1,2023-06-18T15:56:50+00:00
BRA_119687,Brasília,5300108,,Piracicabana,501.7,https://moovitapp.com/index/pt-br/transporte_p%C3%BAblico-line-501_7-Brasilia-1702-850942-519379-0,-1.0,-15.64769,-47.77053,,,,1,2023-06-18T16:15:28+00:00
BRA_119334,Brasília,5300108,,Piracicabana,501.3,https://moovitapp.com/index/pt-br/transporte_p%C3%BAblico-line-501_3-Brasilia-1702-850942-242472-0,-1.0,-15.64319,-47.81836,,,,1,2023-06-18T16:21:02+00:00
BRA_119377,Brasília,5300108,,Piracicabana,501.3,https://moovitapp.com/index/pt-br/transporte_p%C3%BAblico-line-501_3-Brasilia-1702-850942-242472-0,-1.0,-15.71751,-47.89813,,,,,2023-06-18T16:21:13+00:00
BRA_120286,Brasília,5300108,,Piracicabana,640.2,https://moovitapp.com/index/pt-br/transporte_p%C3%BAblico-line-640_2-Brasilia-1702-850942-697957-0,-1.0,-15.61844,-47.65424,,,,1,2023-06-18T16:22:29+00:00
BRA_120596,Brasília,5300108,,Piracicabana,104.1,https://moovitapp.com/index/pt-br/transporte_p%C3%BAblico-line-104_1-Brasilia-1702-850942-242430-0,-1.0,-15.79387,-47.88197,,,,1,2023-06-18T16:29:29+00:00
BRA_119431,Brasília,5300108,,Piracicabana,0.515,https://moovitapp.com/index/pt-br/transporte_p%C3%BAblico-line-0_515-Brasilia-1702-850942-26501707-0,-1.0,-15.65182,-47.90548,,,,,2023-06-18T16:30:32+00:00
BRA_121029,Brasília,5300108,,Piracicabana,136.6,https://moovitapp.com/index/pt-br/transporte_p%C3%BAblico-line-136_6-Brasilia-1702-850942-773700-0,-1.0,-15.72426,-47.89606,,,,,2023-06-18T16:30:36+00:00
BRA_119393,Brasília,5300108,,Piracicabana,505.5,https://moovitapp.com/index/pt-br/transporte_p%C3%BAblico-line-505_5-Brasilia-1702-850942-651521-0,-1.0,-15.65032,-47.78606,,,,1,2023-06-18T16:30:44+00:00
BRA_121100,Brasília,5300108,,Piracicabana,0.116,https://moovitapp.com/index/pt-br/transporte_p%C3%BAblico-line-0_116-Brasilia-1702-850942-242381-0,-1.0,-15.75839,-47.87856,,,,,2023-06-18T16:31:12+00:00
BRA_120197,Brasília,5300108,,Piracicabana,0.104,https://moovitapp.com/index/pt-br/transporte_p%C3%BAblico-line-0_104-Brasilia-1702-850942-242376-0,-1.0,-15.79679,-47.87715,,,,,2023-06-18T16:32:30+00:00
BRA_119288,Brasília,5300108,,Piracicabana,062.7,https://moovitapp.com/index/pt-br/transporte_p%C3%BAblico-line-062_7-Brasilia-1702-850942-494154-0,-1.0,-15.65211,-47.80379,,,,1,2023-06-18T16:33:00+00:00
BRA_118320,Brasília,5300108,,Piracicabana,0.151,https://moovitapp.com/index/pt-br/transporte_p%C3%BAblico-line-0_151-Brasilia-1702-850942-775087-0,-1.0,-15.80215,-47.94026,,,,,2023-06-18T16:33:04+00:00
BRA_120901,Brasília,5300108,,Piracicabana,105.2,https://moovitapp.com/index/pt-br/transporte_p%C3%BAblico-line-105_2-Brasilia-1702-850942-12015265-0,-1.0,-15.7774,-47.88804,,,,,2023-06-18T16:33:12+00:00
BRA_120731,Brasília,5300108,,Piracicabana,0.136,https://moovitapp.com/index/pt-br/transporte_p%C3%BAblico-line-0_136-Brasilia-1702-850942-719957-0,-1.0,-15.77625,-47.87438,,,,,2023-06-18T16:33:12+00:00
BRA_116319,Brasília,5300108,,Piracicabana,0.649,https://moovitapp.com/index/pt-br/transporte_p%C3%BAblico-line-0_649-Brasilia-1702-850942-771758-0,-1.0,-15.53683,-47.6312,,,,,2023-06-18T16:33:12+00:00
BRA_119636,Brasília,5300108,,Piracicabana,107.1,https://moovitapp.com/index/pt-br/transporte_p%C3%BAblico-line-107_1-Brasilia-1702-850942-242434-0,-1.0,-15.79553,-47.8748,,,,1,2023-06-18T16:33:14+00:00
BRA_120626,Brasília,5300108,,Piracicabana,107.1,https://moovitapp.com/index/pt-br/transporte_p%C3%BAblico-line-107_1-Brasilia-1702-850942-242434-0,-1.0,-15.80556,-47.89836,,,,,2023-06-18T16:33:15+00:00
BRA_118214,Brasília,5300108,,Piracicabana,0.143,https://moovitapp.com/index/pt-br/transporte_p%C3%BAblico-line-0_143-Brasilia-1702-850942-470747-0,-1.0,-15.7849,-47.91217,,,,,2023-06-18T16:33:16+00:00
BRA_120561,Brasília,5300108,,Piracicabana,620.1,https://moovitapp.com/index/pt-br/transporte_p%C3%BAblico-line-620_1-Brasilia-1702-850942-697955-0,-1.0,-15.66259,-47.80065,,,,,2023-06-18T16:33:16+00:00
BRA_120359,Brasília,5300108,,Piracicabana,099.1,https://moovitapp.com/index/pt-br/transporte_p%C3%BAblico-line-099_1-Brasilia-1702-850942-775090-0,-1.0,-15.79328,-47.9441,,,,,2023-06-18T16:33:16+00:00
BRA_120812,Brasília,5300108,,Piracicabana,162.1,https://moovitapp.com/index/pt-br/transporte_p%C3%BAblico-line-162_1-Brasilia-1702-850942-762425-0,-1.0,-15.81163,-47.93975,,,,,2023-06-18T16:33:16+00:00
BRA_120863,Brasília,5300108,,Piracicabana,0.143,https://moovitapp.com/index/pt-br/transporte_p%C3%BAblico-line-0_143-Brasilia-1702-850942-470747-0,-1.0,-15.75867,-47.94418,,,,,2023-06-18T16:33:16+00:00
BRA_119733,Brasília,5300108,,Piracicabana,066.5,https://moovitapp.com/index/pt-br/transporte_p%C3%BAblico-line-066_5-Brasilia-1702-850942-770026-0,-1.0,-15.61912,-47.6516,,,,,2023-06-18T16:33:17+00:00
BRA_120472,Brasília,5300108,,Piracicabana,601.2,https://moovitapp.com/index/pt-br/transporte_p%C3%BAblico-line-601_2-Brasilia-1702-850942-322378-0,-1.0,-15.60229,-47.64362,,,,,2023-06-18T16:33:17+00:00
BRA_120979,Brasília,5300108,,Piracicabana,152.5,https://moovitapp.com/index/pt-br/transporte_p%C3%BAblico-line-152_5-Brasilia-1702-850942-542828-0,-1.0,-15.79776,-47.92002,,,,,2023-06-18T16:33:19+00:00
BRA_118541,Brasília,5300108,,Piracicabana,106.2,https://moovitapp.com/index/pt-br/transporte_p%C3%BAblico-line-106_2-Brasilia-1702-850942-242433-0,-1.0,-15.83309,-47.91204,,,,,2023-06-18T16:33:19+00:00
BRA_120111,Brasília,5300108,,Piracicabana,102.6,https://moovitapp.com/index/pt-br/transporte_p%C3%BAblico-line-102_6-Brasilia-1702-850942-775091-0,-1.0,-15.82982,-47.92982,,,,,2023-06-18T16:33:20+00:00
BRA_119865,Brasília,5300108,,Piracicabana,620.1,https://moovitapp.com/index/pt-br/transporte_p%C3%BAblico-line-620_1-Brasilia-1702-850942-697955-0,-1.0,-15.6848,-47.84823,,,,,2023-06-18T16:33:21+00:00
BRA_120464,Brasília,5300108,,Piracicabana,099.1,https://moovitapp.com/index/pt-br/transporte_p%C3%BAblico-line-099_1-Brasilia-1702-850942-775090-0,-1.0,-15.84152,-48.03197,,,,,2023-06-18T16:33:21+00:00
BRA_119059,Brasília,5300108,,Piracicabana,0.150,https://moovitapp.com/index/pt-br/transporte_p%C3%BAblico-line-0_150-Brasilia-1702-850942-775086-0,-1.0,-15.82337,-47.90828,,,,,2023-06-18T16:33:22+00:00
BRA_119474,Brasília,5300108,,Piracicabana,0.509,https://moovitapp.com/index/pt-br/transporte_p%C3%BAblico-line-0_509-Brasilia-1702-850942-242397-0,-1.0,-15.75972,-47.88575,,,,,2023-06-18T16:33:23+00:00
BRA_120146,Brasília,5300108,,Piracicabana,512.1,https://moovitapp.com/index/pt-br/transporte_p%C3%BAblico-line-512_1-Brasilia-1702-850942-474401-0,-1.0,-15.70502,-47.88917,,,,,2023-06-18T16:33:23+00:00
BRA_121096,Brasília,5300108,,Piracicabana,600.7,https://moovitapp.com/index/pt-br/transporte_p%C3%BAblico-line-600_7-Brasilia-1702-850942-698442-0,-1.0,-15.82885,-47.91596,,,,,2023-06-18T16:33:23+00:00
BRA_120782,Brasília,5300108,,Piracicabana,158.1,https://moovitapp.com/index/pt-br/transporte_p%C3%BAblico-line-158_1-Brasilia-1702-850942-775094-0,-1.0,-15.79496,-47.94519,,,,,2023-06-18T16:33:24+00:00
BRA_120715,Brasília,5300108,,Piracicabana,601.5,https://moovitapp.com/index/pt-br/transporte_p%C3%BAblico-line-601_5-Brasilia-1702-850942-697953-0,-1.0,-15.62734,-47.65415,,,,,2023-06-18T16:33:25+00:00
BRA_120120,Brasília,5300108,,Piracicabana,067.3,https://moovitapp.com/index/pt-br/transporte_p%C3%BAblico-line-067_3-Brasilia-1702-850942-339294-0,-1.0,-15.64378,-47.65084,,,,,2023-06-18T16:33:25+00:00
BRA_119784,Brasília,5300108,,Piracicabana,600.7,https://moovitapp.com/index/pt-br/transporte_p%C3%BAblico-line-600_7-Brasilia-1702-850942-698442-0,-1.0,-15.65626,-47.78773,,,,,2023-06-18T16:33:27+00:00
BRA_121088,Brasília,5300108,,Piracicabana,0.504,https://moovitapp.com/index/pt-br/transporte_p%C3%BAblico-line-0_504-Brasilia-1702-850942-781321-0,-1.0,-15.621,-47.66308,,,,,2023-06-18T16:33:27+00:00
BRA_120073,Brasília,5300108,,Piracicabana,128.1,https://moovitapp.com/index/pt-br/transporte_p%C3%BAblico-line-128_1-Brasilia-1702-850942-53234107-0,-1.0,-15.70933,-47.91173,,,,,2023-06-18T16:33:28+00:00
BRA_120294,Brasília,5300108,,Piracicabana,066.2,https://moovitapp.com/index/pt-br/transporte_p%C3%BAblico-line-066_2-Brasilia-1702-850942-339293-0,-1.0,-15.62099,-47.66321,,,,,2023-06-18T16:33:30+00:00
BRA_119661,Brasília,5300108,,Piracicabana,505.5,https://moovitapp.com/index/pt-br/transporte_p%C3%BAblico-line-505_5-Brasilia-1702-850942-651521-0,-1.0,-15.65026,-47.788,,,,,2023-06-18T16:33:31+00:00
BRA_120618,Brasília,5300108,,Piracicabana,136.9,https://moovitapp.com/index/pt-br/transporte_p%C3%BAblico-line-136_9-Brasilia-1702-850942-773702-0,-1.0,-15.70747,-47.88086,,,,,2023-06-18T16:33:31+00:00
BRA_120316,Brasília,5300108,,Piracicabana,067.3,https://moovitapp.com/index/pt-br/transporte_p%C3%BAblico-line-067_3-Brasilia-1702-850942-339294-0,-1.0,-15.62113,-47.65017,,,,,2023-06-18T16:33:31+00:00
BRA_120642,Brasília,5300108,,Piracicabana,601.1,https://moovitapp.com/index/pt-br/transporte_p%C3%BAblico-line-601_1-Brasilia-1702-850942-322377-0,-1.0,-15.61833,-47.64575,,,,,2023-06-18T16:33:32+00:00
BRA_120154,Brasília,5300108,,Piracicabana,601.1,https://moovitapp.com/index/pt-br/transporte_p%C3%BAblico-line-601_1-Brasilia-1702-850942-322377-0,-1.0,-15.62419,-47.6551,,,,,2023-06-18T16:33:32+00:00
BRA_120693,Brasília,5300108,,Piracicabana,066.4,https://moovitapp.com/index/pt-br/transporte_p%C3%BAblico-line-066_4-Brasilia-1702-850942-763557-0,-1.0,-15.63945,-47.65477,,,,,2023-06-18T16:33:32+00:00
BRA_120871,Brasília,5300108,,Piracicabana,158.1,https://moovitapp.com/index/pt-br/transporte_p%C3%BAblico-line-158_1-Brasilia-1702-850942-775094-0,-1.0,-15.77824,-48.00211,,,,,2023-06-18T16:33:32+00:00
BRA_118257,Brasília,5300108,,Piracicabana,0.116,https://moovitapp.com/index/pt-br/transporte_p%C3%BAblico-line-0_116-Brasilia-1702-850942-242381-0,-1.0,-15.76374,-47.89078,,,,1,2023-06-18T16:33:32+00:00
BRA_120375,Brasília,5300108,,Piracicabana,601.3,https://moovitapp.com/index/pt-br/transporte_p%C3%BAblico-line-601_3-Brasilia-1702-850942-339836-0,-1.0,-15.62155,-47.65537,,,,,2023-06-18T16:33:33+00:00
BRA_119121,Brasília,5300108,,Piracicabana,501.7,https://moovitapp.com/index/pt-br/transporte_p%C3%BAblico-line-501_7-Brasilia-1702-850942-519379-0,-1.0,-15.66482,-47.80442,,,,,2023-06-18T16:33:33+00:00
BRA_119113,Brasília,5300108,,Piracicabana,063.1,https://moovitapp.com/index/pt-br/transporte_p%C3%BAblico-line-063_1-Brasilia-1702-850942-339291-0,-1.0,-15.65187,-47.75561,,,,,2023-06-18T16:33:34+00:00
BRA_118206,Brasília,5300108,,Piracicabana,136.5,https://moovitapp.com/index/pt-br/transporte_p%C3%BAblico-line-136_5-Brasilia-1702-850942-516628-0,-1.0,-15.76544,-47.87635,,,,,2023-06-18T16:33:35+00:00
BRA_120740,Brasília,5300108,,Piracicabana,152.1,https://moovitapp.com/index/pt-br/transporte_p%C3%BAblico-line-152_1-Brasilia-1702-850942-542827-0,-1.0,-15.79396,-47.88311,,,,,2023-06-18T16:33:35+00:00
BRA_120821,Brasília,5300108,,Piracicabana,158.1,https://moovitapp.com/index/pt-br/transporte_p%C3%BAblico-line-158_1-Brasilia-1702-850942-775094-0,-1.0,-15.80147,-47.97158,,,,,2023-06-18T16:33:36+00:00
BRA_120219,Brasília,5300108,,Piracicabana,0.504,https://moovitapp.com/index/pt-br/transporte_p%C3%BAblico-line-0_504-Brasilia-1702-850942-781321-0,-1.0,-15.62691,-47.65509,,,,,2023-06-18T16:33:36+00:00
BRA_120898,Brasília,5300108,,Piracicabana,106.2,https://moovitapp.com/index/pt-br/transporte_p%C3%BAblico-line-106_2-Brasilia-1702-850942-242433-0,-1.0,-15.83549,-47.93136,,,,,2023-06-18T16:33:38+00:00
BRA_120511,Brasília,5300108,,Piracicabana,620.1,https://moovitapp.com/index/pt-br/transporte_p%C3%BAblico-line-620_1-Brasilia-1702-850942-697955-0,-1.0,-15.79015,-47.88102,,,,,2023-06-18T16:33:38+00:00
BRA_120189,Brasília,5300108,,Piracicabana,066.6,https://moovitapp.com/index/pt-br/transporte_p%C3%BAblico-line-066_6-Brasilia-1702-850942-770027-0,-1.0,-15.6437,-47.64618,,,,,2023-06-18T16:33:40+00:00
BRA_121061,Brasília,5300108,,Piracicabana,115.1,https://moovitapp.com/index/pt-br/transporte_p%C3%BAblico-line-115_1-Brasilia-1702-850942-242436-0,-1.0,-15.73792,-47.89933,,,,,2023-06-18T16:33:41+00:00
BRA_120332,Brasília,5300108,,Piracicabana,066.4,https://moovitapp.com/index/pt-br/transporte_p%C3%BAblico-line-066_4-Brasilia-1702-850942-763557-0,-1.0,-15.63928,-47.66026,,,,,2023-06-18T16:33:43+00:00
BRA_120227,Brasília,5300108,,Piracicabana,600.7,https://moovitapp.com/index/pt-br/transporte_p%C3%BAblico-line-600_7-Brasilia-1702-850942-698442-0,-1.0,-15.61852,-47.65463,,,,,2023-06-18T16:33:44+00:00
BRA_119407,Brasília,5300108,,Piracicabana,063.1,https://moovitapp.com/index/pt-br/transporte_p%C3%BAblico-line-063_1-Brasilia-1702-850942-339291-0,-1.0,-15.64103,-47.82589,,,,,2023-06-18T16:33:46+00:00
BRA_119342,Brasília,5300108,,Piracicabana,512.1,https://moovitapp.com/index/pt-br/transporte_p%C3%BAblico-line-512_1-Brasilia-1702-850942-474401-0,-1.0,-15.74805,-47.89628,,,,,2023-06-18T16:33:46+00:00
BRA_120090,Brasília,5300108,,Piracicabana,162.1,https://moovitapp.com/index/pt-br/transporte_p%C3%BAblico-line-162_1-Brasilia-1702-850942-762425-0,-1.0,-15.79361,-47.88293,,,,,2023-06-18T16:33:47+00:00
BRA_116343,Brasília,5300108,,,628.2,,,-15.89955,-47.3934,,,,,2023-06-18T16:33:48+00:00
BRA_120791,Brasília,5300108,,Piracicabana,158.1,https://moovitapp.com/index/pt-br/transporte_p%C3%BAblico-line-158_1-Brasilia-1702-850942-775094-0,-1.0,-15.79703,-47.89164,,,,,2023-06-18T16:33:48+00:00
BRA_120065,Brasília,5300108,,Piracicabana,620.1,https://moovitapp.com/index/pt-br/transporte_p%C3%BAblico-line-620_1-Brasilia-1702-850942-697955-0,-1.0,-15.60057,-47.68056,,,,,2023-06-18T16:33:49+00:00
BRA_119822,Brasília,5300108,,Piracicabana,064.1,https://moovitapp.com/index/pt-br/transporte_p%C3%BAblico-line-064_1-Brasilia-1702-850942-339292-0,-1.0,-15.60649,-47.64462,,,,,2023-06-18T16:33:49+00:00
BRA_119083,Brasília,5300108,,Piracicabana,501.3,https://moovitapp.com/index/pt-br/transporte_p%C3%BAblico-line-501_3-Brasilia-1702-850942-242472-0,-1.0,-15.83152,-47.91962,,,,,2023-06-18T16:33:50+00:00
BRA_121011,Brasília,5300108,,Piracicabana,620.1,https://moovitapp.com/index/pt-br/transporte_p%C3%BAblico-line-620_1-Brasilia-1702-850942-697955-0,-1.0,-15.61312,-47.65471,,,,,2023-06-18T16:33:50+00:00
BRA_120677,Brasília,5300108,,Piracicabana,0.114,https://moovitapp.com/index/pt-br/transporte_p%C3%BAblico-line-0_114-Brasilia-1702-850942-242379-0,-1.0,-15.80977,-47.90174,,,,,2023-06-18T16:33:51+00:00
BRA_120961,Brasília,5300108,,Piracicabana,110.2,https://moovitapp.com/index/pt-br/transporte_p%C3%BAblico-line-110_2-Brasilia-1702-850942-339295-0,-1.0,-15.79386,-47.8819,,,,1,2023-06-18T16:33:52+00:00
BRA_120600,Brasília,5300108,,Piracicabana,136.7,https://moovitapp.com/index/pt-br/transporte_p%C3%BAblico-line-136_7-Brasilia-1702-850942-242451-0,-1.0,-15.76614,-47.87621,,,,,2023-06-18T16:33:52+00:00
BRA_120588,Brasília,5300108,,Piracicabana,600.7,https://moovitapp.com/index/pt-br/transporte_p%C3%BAblico-line-600_7-Brasilia-1702-850942-698442-0,-1.0,-15.75471,-47.88729,,,,1,2023-06-18T16:33:53+00:00
BRA_120081,Brasília,5300108,,Piracicabana,136.9,https://moovitapp.com/index/pt-br/transporte_p%C3%BAblico-line-136_9-Brasilia-1702-850942-773702-0,-1.0,-15.83634,-47.9334,,,,1,2023-06-18T16:33:54+00:00
BRA_119172,Brasília,5300108,,Piracicabana,062.6,https://moovitapp.com/index/pt-br/transporte_p%C3%BAblico-line-062_6-Brasilia-1702-850942-339289-0,-1.0,-15.63878,-47.82273,,,,,2023-06-18T16:33:54+00:00
BRA_119202,Brasília,5300108,,Piracicabana,0.509,https://moovitapp.com/index/pt-br/transporte_p%C3%BAblico-line-0_509-Brasilia-1702-850942-242397-0,-1.0,-15.75901,-47.88432,,,,,2023-06-18T16:33:54+00:00
BRA_120341,Brasília,5300108,,Piracicabana,0.504,https://moovitapp.com/index/pt-br/transporte_p%C3%BAblico-line-0_504-Brasilia-1702-850942-781321-0,-1.0,-15.65311,-47.799,,,,,2023-06-18T16:33:56+00:00
BRA_118311,Brasília,5300108,,Piracicabana,0.143,https://moovitapp.com/index/pt-br/transporte_p%C3%BAblico-line-0_143-Brasilia-1702-850942-470747-0,-1.0,-15.79096,-47.8868,,,,,2023-06-18T16:33:56+00:00
BRA_120804,Brasília,5300108,,Piracicabana,158.1,https://moovitapp.com/index/pt-br/transporte_p%C3%BAblico-line-158_1-Brasilia-1702-850942-775094-0,-1.0,-15.82684,-47.92601,,,,,2023-06-18T16:33:57+00:00
BRA_119890,Brasília,5300108,,Piracicabana,0.611,https://moovitapp.com/index/pt-br/transporte_p%C3%BAblico-line-0_611-Brasilia-1702-850942-25771159-0,-1.0,-15.55677,-47.52105,,,,,2023-06-18T16:33:59+00:00
BRA_121070,Brasília,5300108,,Piracicabana,128.1,https://moovitapp.com/index/pt-br/transporte_p%C3%BAblico-line-128_1-Brasilia-1702-850942-53234107-0,-1.0,-15.75147,-47.89473,,,,,2023-06-18T16:33:59+00:00
BRA_120405,Brasília,5300108,,Piracicabana,640.2,https://moovitapp.com/index/pt-br/transporte_p%C3%BAblico-line-640_2-Brasilia-1702-850942-697957-0,-1.0,-15.81918,-47.91525,,,,,2023-06-18T16:33:59+00:00
BRA_119806,Brasília,5300108,,Piracicabana,600.7,https://moovitapp.com/index/pt-br/transporte_p%C3%BAblico-line-600_7-Brasilia-1702-850942-698442-0,-1.0,-15.69379,-47.86998,,,,,2023-06-18T16:34:00+00:00
BRA_119521,Brasília,5300108,,Piracicabana,062.5,https://moovitapp.com/index/pt-br/transporte_p%C3%BAblico-line-062_5-Brasilia-1702-850942-339835-0,-1.0,-15.64917,-47.78589,,,,,2023-06-18T16:34:00+00:00
