bus_id,city,city_code,adapted,agency,line_code,line_url,line_fare,latitude,longitude,bus_speed,is_eletric,bus_type,bus_direction,updated_at
BRA_337897,Brasília,5300108,,Urbi,813.2,https://moovitapp.com/index/pt-br/transporte_p%C3%BAblico-line-813_2-Brasilia-1702-851595-242636-0,-1.0,-15.73595,-47.90727,0.0,,,2,2023-06-14T23:13:54+00:00
BRA_333832,Brasília,5300108,,Urbi,0.347,https://moovitapp.com/index/pt-br/transporte_p%C3%BAblico-line-0_347-Brasilia-1702-851595-347128-0,-1.0,-15.89923,-48.1222,0.0,,,1,2023-06-14T23:22:29+00:00
BRA_340014,Brasília,5300108,,Urbi,0.366,https://moovitapp.com/index/pt-br/transporte_p%C3%BAblico-line-0_366-Brasilia-1702-851595-650085-0,-1.0,-15.8838,-48.14963,4.44,,,2,2023-06-14T23:24:39+00:00
BRA_335819,Brasília,5300108,,Urbi,396.2,https://moovitapp.com/index/pt-br/transporte_p%C3%BAblico-line-396_2-Brasilia-1702-851595-372377-0,-1.0,-15.87442,-48.04654,0.0,,,2,2023-06-14T23:27:21+00:00
BRA_339164,Brasília,5300108,,Urbi,0.814,https://moovitapp.com/index/pt-br/transporte_p%C3%BAblico-line-0_814-Brasilia-1702-851595-492980-0,-1.0,-15.85864,-48.06944,13.06,,,1,2023-06-14T23:28:08+00:00
BRA_338796,Brasília,5300108,,Urbi,806.1,https://moovitapp.com/index/pt-br/transporte_p%C3%BAblico-line-806_1-Brasilia-1702-851595-775104-0,-1.0,-15.8919,-48.0481,7.22,,,2,2023-06-14T23:29:17+00:00
BRA_337340,Brasília,5300108,,Urbi,874.4,https://moovitapp.com/index/pt-br/transporte_p%C3%BAblico-line-874_4-Brasilia-1702-851595-775106-0,-1.0,-15.78751,-47.89682,11.67,,,2,2023-06-14T23:29:32+00:00
BRA_338567,Brasília,5300108,,Urbi,0.176,https://moovitapp.com/index/pt-br/transporte_p%C3%BAblico-line-0_176-Brasilia-1702-851595-242527-0,-1.0,-15.85436,-47.95517,6.11,,,1,2023-06-14T23:30:13+00:00
BRA_340073,Brasília,5300108,,Urbi,366.1,https://moovitapp.com/index/pt-br/transporte_p%C3%BAblico-line-366_1-Brasilia-1702-851595-425249-0,-1.0,-15.85886,-48.0658,18.06,,,1,2023-06-14T23:30:24+00:00
BRA_339199,Brasília,5300108,,Urbi,367.2,https://moovitapp.com/index/pt-br/transporte_p%C3%BAblico-line-367_2-Brasilia-1702-851595-454971-0,-1.0,-15.89923,-48.12239,0.0,,,1,2023-06-14T23:30:29+00:00
BRA_338541,Brasília,5300108,,Urbi,0.882,https://moovitapp.com/index/pt-br/transporte_p%C3%BAblico-line-0_882-Brasilia-1702-851595-363858-0,-1.0,-15.94941,-48.03352,0.0,,,1,2023-06-14T23:30:30+00:00
BRA_338443,Brasília,5300108,,Urbi,0.038,https://moovitapp.com/index/pt-br/transporte_p%C3%BAblico-line-0_038-Brasilia-1702-851595-687419-0,-1.0,-15.86954,-48.01921,3.06,,,1,2023-06-14T23:30:34+00:00
BRA_337960,Brasília,5300108,,Urbi,870.1,https://moovitapp.com/index/pt-br/transporte_p%C3%BAblico-line-870_1-Brasilia-1702-851595-715272-0,-1.0,-15.88838,-48.05297,5.0,,,2,2023-06-14T23:30:39+00:00
BRA_335827,Brasília,5300108,,Urbi,0.845,https://moovitapp.com/index/pt-br/transporte_p%C3%BAblico-line-0_845-Brasilia-1702-851595-339304-0,-1.0,-15.9021,-48.12861,0.0,,,1,2023-06-14T23:30:39+00:00
BRA_336891,Brasília,5300108,,Urbi,0.809,https://moovitapp.com/index/pt-br/transporte_p%C3%BAblico-line-0_809-Brasilia-1702-851595-516630-0,-1.0,-15.90119,-48.05627,9.72,,,2,2023-06-14T23:30:47+00:00
BRA_339172,Brasília,5300108,,Urbi,3964,https://moovitapp.com/index/pt-br/transporte_p%C3%BAblico-line-3964-Brasilia-1702-851595-91525612-0,-1.0,-15.87691,-47.99847,16.11,,,2,2023-06-14T23:30:48+00:00
BRA_340154,Brasília,5300108,,Urbi,0.825,https://moovitapp.com/index/pt-br/transporte_p%C3%BAblico-line-0_825-Brasilia-1702-851595-334081-0,-1.0,-15.87675,-47.99634,10.83,,,2,2023-06-14T23:30:51+00:00
BRA_339041,Brasília,5300108,,Urbi,0.883,https://moovitapp.com/index/pt-br/transporte_p%C3%BAblico-line-0_883-Brasilia-1702-851595-510239-0,-1.0,-15.82134,-48.11178,12.5,,,2,2023-06-14T23:30:55+00:00
BRA_336432,Brasília,5300108,,Urbi,0.881,https://moovitapp.com/index/pt-br/transporte_p%C3%BAblico-line-0_881-Brasilia-1702-851595-363857-0,-1.0,-15.78963,-47.89067,14.44,,,2,2023-06-14T23:30:56+00:00
BRA_336602,Brasília,5300108,,Urbi,0.881,https://moovitapp.com/index/pt-br/transporte_p%C3%BAblico-line-0_881-Brasilia-1702-851595-363857-0,-1.0,-15.80855,-47.93265,12.22,,,1,2023-06-14T23:30:57+00:00
BRA_339288,Brasília,5300108,,Urbi,0.056,https://moovitapp.com/index/pt-br/transporte_p%C3%BAblico-line-0_056-Brasilia-1702-851595-588804-0,-1.0,-15.83124,-48.07784,10.0,,,2,2023-06-14T23:31:00+00:00
BRA_338699,Brasília,5300108,,Urbi,870.7,https://moovitapp.com/index/pt-br/transporte_p%C3%BAblico-line-870_7-Brasilia-1702-851595-531037-0,-1.0,-15.9135,-48.05044,8.89,,,1,2023-06-14T23:31:00+00:00
BRA_338435,Brasília,5300108,,Urbi,0.809,https://moovitapp.com/index/pt-br/transporte_p%C3%BAblico-line-0_809-Brasilia-1702-851595-516630-0,-1.0,-15.85447,-47.95514,10.56,,,1,2023-06-14T23:31:02+00:00
BRA_338478,Brasília,5300108,,Urbi,0.038,https://moovitapp.com/index/pt-br/transporte_p%C3%BAblico-line-0_038-Brasilia-1702-851595-687419-0,-1.0,-15.83062,-48.06161,12.5,,,1,2023-06-14T23:31:03+00:00
BRA_340537,Brasília,5300108,,Urbi,0.391,https://moovitapp.com/index/pt-br/transporte_p%C3%BAblico-line-0_391-Brasilia-1702-851595-372354-0,-1.0,-15.88151,-48.12486,10.28,,,2,2023-06-14T23:31:03+00:00
BRA_340502,Brasília,5300108,,Urbi,396.2,https://moovitapp.com/index/pt-br/transporte_p%C3%BAblico-line-396_2-Brasilia-1702-851595-372377-0,-1.0,-15.75155,-47.89478,15.0,,,1,2023-06-14T23:31:04+00:00
BRA_335436,Brasília,5300108,,Urbi,0.391,https://moovitapp.com/index/pt-br/transporte_p%C3%BAblico-line-0_391-Brasilia-1702-851595-372354-0,-1.0,-15.85861,-48.08332,18.61,,,2,2023-06-14T23:31:04+00:00
BRA_336688,Brasília,5300108,,Urbi,0.813,https://moovitapp.com/index/pt-br/transporte_p%C3%BAblico-line-0_813-Brasilia-1702-851595-651523-0,-1.0,-15.82149,-47.93619,7.22,,,1,2023-06-14T23:31:05+00:00
BRA_339491,Brasília,5300108,,Urbi,872.5,https://moovitapp.com/index/pt-br/transporte_p%C3%BAblico-line-872_5-Brasilia-1702-851595-372393-0,-1.0,-15.90735,-48.05242,8.89,,,1,2023-06-14T23:31:06+00:00
BRA_336904,Brasília,5300108,,Urbi,0.175,https://moovitapp.com/index/pt-br/transporte_p%C3%BAblico-line-0_175-Brasilia-1702-851595-242526-0,-1.0,-15.87634,-47.98777,18.06,,,1,2023-06-14T23:31:07+00:00
BRA_339245,Brasília,5300108,,Urbi,056.4,https://moovitapp.com/index/pt-br/transporte_p%C3%BAblico-line-056_4-Brasilia-1702-851595-519387-0,-1.0,-15.8524,-48.07248,10.0,,,1,2023-06-14T23:31:08+00:00
BRA_337820,Brasília,5300108,,Urbi,0.882,https://moovitapp.com/index/pt-br/transporte_p%C3%BAblico-line-0_882-Brasilia-1702-851595-363858-0,-1.0,-15.84004,-47.95323,19.44,,,2,2023-06-14T23:31:10+00:00
BRA_335649,Brasília,5300108,,Urbi,0.050,https://moovitapp.com/index/pt-br/transporte_p%C3%BAblico-line-0_050-Brasilia-1702-851595-781325-0,-1.0,-15.84816,-48.06045,6.67,,,1,2023-06-14T23:31:10+00:00
BRA_336572,Brasília,5300108,,Urbi,0.813,https://moovitapp.com/index/pt-br/transporte_p%C3%BAblico-line-0_813-Brasilia-1702-851595-651523-0,-1.0,-15.78855,-47.88866,13.89,,,2,2023-06-14T23:31:12+00:00
BRA_338222,Brasília,5300108,,Urbi,0.811,https://moovitapp.com/index/pt-br/transporte_p%C3%BAblico-line-0_811-Brasilia-1702-851595-334078-0,-1.0,-15.79645,-47.89108,0.0,,,1,2023-06-14T23:31:13+00:00
BRA_337188,Brasília,5300108,,Urbi,0.872,https://moovitapp.com/index/pt-br/transporte_p%C3%BAblico-line-0_872-Brasilia-1702-851595-466291-0,-1.0,-15.9137,-48.04789,15.28,,,1,2023-06-14T23:31:15+00:00
BRA_337676,Brasília,5300108,,Urbi,807.9,https://moovitapp.com/index/pt-br/transporte_p%C3%BAblico-line-807_9-Brasilia-1702-851595-322409-0,-1.0,-15.86761,-48.05545,13.33,,,1,2023-06-14T23:31:15+00:00
BRA_339181,Brasília,5300108,,Urbi,0.347,https://moovitapp.com/index/pt-br/transporte_p%C3%BAblico-line-0_347-Brasilia-1702-851595-347128-0,-1.0,-15.83246,-47.9801,7.22,,,1,2023-06-14T23:31:16+00:00
BRA_335398,Brasília,5300108,,Urbi,366.7,https://moovitapp.com/index/pt-br/transporte_p%C3%BAblico-line-366_7-Brasilia-1702-851595-650086-0,-1.0,-15.89289,-48.14885,13.33,,,2,2023-06-14T23:31:17+00:00
BRA_340081,Brasília,5300108,,Urbi,0.373,https://moovitapp.com/index/pt-br/transporte_p%C3%BAblico-line-0_373-Brasilia-1702-851595-334072-0,-1.0,-15.86922,-48.10092,15.83,,,2,2023-06-14T23:31:19+00:00
BRA_340642,Brasília,5300108,,Urbi,0.391,https://moovitapp.com/index/pt-br/transporte_p%C3%BAblico-line-0_391-Brasilia-1702-851595-372354-0,-1.0,-15.86849,-47.96892,9.44,,,1,2023-06-14T23:31:20+00:00
BRA_336696,Brasília,5300108,,Urbi,394.1,https://moovitapp.com/index/pt-br/transporte_p%C3%BAblico-line-394_1-Brasilia-1702-851595-334089-0,-1.0,-15.78519,-47.91355,12.5,,,2,2023-06-14T23:31:20+00:00
BRA_336203,Brasília,5300108,,Urbi,380.2,https://moovitapp.com/index/pt-br/transporte_p%C3%BAblico-line-380_2-Brasilia-1702-851595-334086-0,-1.0,-15.89956,-48.12289,0.0,,,1,2023-06-14T23:31:20+00:00
BRA_335690,Brasília,5300108,,Urbi,391.3,https://moovitapp.com/index/pt-br/transporte_p%C3%BAblico-line-391_3-Brasilia-1702-851595-372373-0,-1.0,-15.75206,-47.89481,14.72,,,2,2023-06-14T23:31:22+00:00
BRA_339377,Brasília,5300108,,Urbi,0.821,https://moovitapp.com/index/pt-br/transporte_p%C3%BAblico-line-0_821-Brasilia-1702-851595-334080-0,-1.0,-15.87157,-47.97483,7.5,,,1,2023-06-14T23:31:23+00:00
BRA_339890,Brasília,5300108,,Urbi,366.7,https://moovitapp.com/index/pt-br/transporte_p%C3%BAblico-line-366_7-Brasilia-1702-851595-650086-0,-1.0,-15.90179,-48.12863,0.0,,,2,2023-06-14T23:31:23+00:00
BRA_340057,Brasília,5300108,,Urbi,0.366,https://moovitapp.com/index/pt-br/transporte_p%C3%BAblico-line-0_366-Brasilia-1702-851595-650085-0,-1.0,-15.86515,-48.059,2.78,,,1,2023-06-14T23:31:23+00:00
BRA_336254,Brasília,5300108,,Urbi,373.2,https://moovitapp.com/index/pt-br/transporte_p%C3%BAblico-line-373_2-Brasilia-1702-851595-334084-0,-1.0,-15.8993,-48.12172,0.0,,,1,2023-06-14T23:31:23+00:00
BRA_335860,Brasília,5300108,,Urbi,391.3,https://moovitapp.com/index/pt-br/transporte_p%C3%BAblico-line-391_3-Brasilia-1702-851595-372373-0,-1.0,-15.75824,-47.89257,16.39,,,1,2023-06-14T23:31:24+00:00
BRA_335363,Brasília,5300108,,Urbi,0.050,https://moovitapp.com/index/pt-br/transporte_p%C3%BAblico-line-0_050-Brasilia-1702-851595-781325-0,-1.0,-15.84081,-48.05666,0.28,,,1,2023-06-14T23:31:24+00:00
BRA_336343,Brasília,5300108,,Urbi,380.2,https://moovitapp.com/index/pt-br/transporte_p%C3%BAblico-line-380_2-Brasilia-1702-851595-334086-0,-1.0,-15.8734,-48.09622,15.56,,,1,2023-06-14T23:31:24+00:00
BRA_340251,Brasília,5300108,,Urbi,0.171,https://moovitapp.com/index/pt-br/transporte_p%C3%BAblico-line-0_171-Brasilia-1702-851595-242524-0,-1.0,-15.80531,-47.89783,14.72,,,1,2023-06-14T23:31:24+00:00
BRA_340456,Brasília,5300108,,Urbi,0.391,https://moovitapp.com/index/pt-br/transporte_p%C3%BAblico-line-0_391-Brasilia-1702-851595-372354-0,-1.0,-15.78349,-47.88768,14.72,,,2,2023-06-14T23:31:24+00:00
BRA_340731,Brasília,5300108,,Urbi,366.1,https://moovitapp.com/index/pt-br/transporte_p%C3%BAblico-line-366_1-Brasilia-1702-851595-425249-0,-1.0,-15.89962,-48.12212,0.28,,,2,2023-06-14T23:31:24+00:00
BRA_338311,Brasília,5300108,,Urbi,0.809,https://moovitapp.com/index/pt-br/transporte_p%C3%BAblico-line-0_809-Brasilia-1702-851595-516630-0,-1.0,-15.79495,-47.88068,9.72,,,1,2023-06-14T23:31:24+00:00
BRA_337901,Brasília,5300108,,Urbi,874.4,https://moovitapp.com/index/pt-br/transporte_p%C3%BAblico-line-874_4-Brasilia-1702-851595-775106-0,-1.0,-15.87638,-47.98877,20.83,,,1,2023-06-14T23:31:24+00:00
BRA_338559,Brasília,5300108,,Urbi,874.4,https://moovitapp.com/index/pt-br/transporte_p%C3%BAblico-line-874_4-Brasilia-1702-851595-775106-0,-1.0,-15.87625,-47.99101,13.61,,,2,2023-06-14T23:31:25+00:00
BRA_339334,Brasília,5300108,,Urbi,366.7,https://moovitapp.com/index/pt-br/transporte_p%C3%BAblico-line-366_7-Brasilia-1702-851595-650086-0,-1.0,-15.90214,-48.12925,0.0,,,2,2023-06-14T23:31:25+00:00
BRA_335738,Brasília,5300108,,Urbi,393.4,https://moovitapp.com/index/pt-br/transporte_p%C3%BAblico-line-393_4-Brasilia-1702-851595-588816-0,-1.0,-15.85583,-48.04474,10.28,,,1,2023-06-14T23:31:25+00:00
BRA_340782,Brasília,5300108,,Urbi,3944,https://moovitapp.com/index/pt-br/transporte_p%C3%BAblico-line-3944-Brasilia-1702-851595-90452197-0,-1.0,-15.88754,-48.1016,6.11,,,2,2023-06-14T23:31:26+00:00
BRA_339121,Brasília,5300108,,Urbi,807.8,https://moovitapp.com/index/pt-br/transporte_p%C3%BAblico-line-807_8-Brasilia-1702-851595-322408-0,-1.0,-15.91701,-48.04665,7.5,,,2,2023-06-14T23:31:26+00:00
BRA_338192,Brasília,5300108,,Urbi,0.087,https://moovitapp.com/index/pt-br/transporte_p%C3%BAblico-line-0_087-Brasilia-1702-851595-242519-0,-1.0,-15.80298,-47.9662,7.22,,,1,2023-06-14T23:31:26+00:00
BRA_337871,Brasília,5300108,,Urbi,813.2,https://moovitapp.com/index/pt-br/transporte_p%C3%BAblico-line-813_2-Brasilia-1702-851595-242636-0,-1.0,-15.92324,-48.10437,12.22,,,2,2023-06-14T23:31:27+00:00
BRA_337854,Brasília,5300108,,Urbi,0.886,https://moovitapp.com/index/pt-br/transporte_p%C3%BAblico-line-0_886-Brasilia-1702-851595-704024-0,-1.0,-15.79333,-48.12667,11.94,,,2,2023-06-14T23:31:27+00:00
BRA_336491,Brasília,5300108,,Urbi,0.871,https://moovitapp.com/index/pt-br/transporte_p%C3%BAblico-line-0_871-Brasilia-1702-851595-418741-0,-1.0,-15.81208,-47.98369,15.28,,,2,2023-06-14T23:31:27+00:00
BRA_336289,Brasília,5300108,,Urbi,380.2,https://moovitapp.com/index/pt-br/transporte_p%C3%BAblico-line-380_2-Brasilia-1702-851595-334086-0,-1.0,-15.89916,-48.12232,0.0,,,2,2023-06-14T23:31:28+00:00
BRA_335908,Brasília,5300108,,Urbi,397.2,https://moovitapp.com/index/pt-br/transporte_p%C3%BAblico-line-397_2-Brasilia-1702-851595-890938-0,-1.0,-15.85709,-48.07027,9.44,,,2,2023-06-14T23:31:28+00:00
BRA_337501,Brasília,5300108,,Urbi,871.3,https://moovitapp.com/index/pt-br/transporte_p%C3%BAblico-line-871_3-Brasilia-1702-851595-588820-0,-1.0,-15.82743,-47.95145,13.33,,,2,2023-06-14T23:31:28+00:00
BRA_337579,Brasília,5300108,,Urbi,038.1,https://moovitapp.com/index/pt-br/transporte_p%C3%BAblico-line-038_1-Brasilia-1702-851595-781327-0,-1.0,-15.81779,-48.06256,14.72,,,1,2023-06-14T23:31:28+00:00
BRA_339466,Brasília,5300108,,Urbi,872.9,https://moovitapp.com/index/pt-br/transporte_p%C3%BAblico-line-872_9-Brasilia-1702-851595-372394-0,-1.0,-15.84892,-48.0478,11.67,,,1,2023-06-14T23:31:28+00:00
BRA_339253,Brasília,5300108,,Urbi,373.2,https://moovitapp.com/index/pt-br/transporte_p%C3%BAblico-line-373_2-Brasilia-1702-851595-334084-0,-1.0,-15.86542,-48.08095,0.0,,,1,2023-06-14T23:31:28+00:00
BRA_338761,Brasília,5300108,,Urbi,0.811,https://moovitapp.com/index/pt-br/transporte_p%C3%BAblico-line-0_811-Brasilia-1702-851595-334078-0,-1.0,-15.79119,-47.88951,18.06,,,2,2023-06-14T23:31:28+00:00
BRA_337943,Brasília,5300108,,Urbi,871.3,https://moovitapp.com/index/pt-br/transporte_p%C3%BAblico-line-871_3-Brasilia-1702-851595-588820-0,-1.0,-15.78995,-47.88907,20.28,,,2,2023-06-14T23:31:28+00:00
BRA_337994,Brasília,5300108,,Urbi,813.2,https://moovitapp.com/index/pt-br/transporte_p%C3%BAblico-line-813_2-Brasilia-1702-851595-242636-0,-1.0,-15.83925,-47.95409,12.5,,,2,2023-06-14T23:31:28+00:00
BRA_338354,Brasília,5300108,,Urbi,0.898,https://moovitapp.com/index/pt-br/transporte_p%C3%BAblico-line-0_898-Brasilia-1702-851595-322394-0,-1.0,-15.83774,-48.09261,19.72,,,1,2023-06-14T23:31:29+00:00
BRA_339067,Brasília,5300108,,Urbi,870.7,https://moovitapp.com/index/pt-br/transporte_p%C3%BAblico-line-870_7-Brasilia-1702-851595-531037-0,-1.0,-15.92313,-48.05225,0.0,,,2,2023-06-14T23:31:29+00:00
BRA_339954,Brasília,5300108,,Urbi,391.3,https://moovitapp.com/index/pt-br/transporte_p%C3%BAblico-line-391_3-Brasilia-1702-851595-372373-0,-1.0,-15.85964,-48.071,9.72,,,2,2023-06-14T23:31:29+00:00
BRA_337641,Brasília,5300108,,Urbi,0.087,https://moovitapp.com/index/pt-br/transporte_p%C3%BAblico-line-0_087-Brasilia-1702-851595-242519-0,-1.0,-15.87452,-48.04691,9.17,,,1,2023-06-14T23:31:29+00:00
BRA_337765,Brasília,5300108,,Urbi,0.882,https://moovitapp.com/index/pt-br/transporte_p%C3%BAblico-line-0_882-Brasilia-1702-851595-363858-0,-1.0,-15.78818,-47.91005,14.44,,,1,2023-06-14T23:31:29+00:00
BRA_335801,Brasília,5300108,,Urbi,0.367,https://moovitapp.com/index/pt-br/transporte_p%C3%BAblico-line-0_367-Brasilia-1702-851595-519380-0,-1.0,-15.84211,-48.05785,6.11,,,1,2023-06-14T23:31:30+00:00
BRA_337374,Brasília,5300108,,Urbi,0.811,https://moovitapp.com/index/pt-br/transporte_p%C3%BAblico-line-0_811-Brasilia-1702-851595-334078-0,-1.0,-15.88103,-48.05708,17.78,,,2,2023-06-14T23:31:30+00:00
BRA_339717,Brasília,5300108,,Urbi,0.054,https://moovitapp.com/index/pt-br/transporte_p%C3%BAblico-line-0_054-Brasilia-1702-851595-454960-0,-1.0,-15.85886,-48.0463,5.0,,,1,2023-06-14T23:31:30+00:00
BRA_339601,Brasília,5300108,,Urbi,086.1,https://moovitapp.com/index/pt-br/transporte_p%C3%BAblico-line-086_1-Brasilia-1702-851595-481321-0,-1.0,-15.81015,-47.95026,18.89,,,2,2023-06-14T23:31:30+00:00
BRA_339903,Brasília,5300108,,Urbi,0.163,https://moovitapp.com/index/pt-br/transporte_p%C3%BAblico-line-0_163-Brasilia-1702-851595-352629-0,-1.0,-15.87069,-47.96883,11.94,,,1,2023-06-14T23:31:30+00:00
BRA_339105,Brasília,5300108,,Urbi,0.872,https://moovitapp.com/index/pt-br/transporte_p%C3%BAblico-line-0_872-Brasilia-1702-851595-466291-0,-1.0,-15.87365,-48.04459,9.44,,,1,2023-06-14T23:31:30+00:00
BRA_338770,Brasília,5300108,,Urbi,0.811,https://moovitapp.com/index/pt-br/transporte_p%C3%BAblico-line-0_811-Brasilia-1702-851595-334078-0,-1.0,-15.85698,-47.95626,13.06,,,2,2023-06-14T23:31:30+00:00
BRA_338788,Brasília,5300108,,Urbi,807.1,https://moovitapp.com/index/pt-br/transporte_p%C3%BAblico-line-807_1-Brasilia-1702-851595-322407-0,-1.0,-15.91764,-48.10099,11.67,,,1,2023-06-14T23:31:30+00:00
BRA_338508,Brasília,5300108,,Urbi,0.873,https://moovitapp.com/index/pt-br/transporte_p%C3%BAblico-line-0_873-Brasilia-1702-851595-510238-0,-1.0,-15.89796,-48.04731,6.94,,,2,2023-06-14T23:31:30+00:00
BRA_338486,Brasília,5300108,,Urbi,0.808,https://moovitapp.com/index/pt-br/transporte_p%C3%BAblico-line-0_808-Brasilia-1702-851595-372359-0,-1.0,-15.78827,-48.13424,0.0,,,2,2023-06-14T23:31:31+00:00
BRA_338656,Brasília,5300108,,Urbi,805.9,https://moovitapp.com/index/pt-br/transporte_p%C3%BAblico-line-805_9-Brasilia-1702-851595-454983-0,-1.0,-15.8376,-48.05904,0.0,,,1,2023-06-14T23:31:31+00:00
BRA_338940,Brasília,5300108,,Urbi,870.1,https://moovitapp.com/index/pt-br/transporte_p%C3%BAblico-line-870_1-Brasilia-1702-851595-715272-0,-1.0,-15.90634,-48.04687,3.89,,,2,2023-06-14T23:31:31+00:00
BRA_340197,Brasília,5300108,,Urbi,0.171,https://moovitapp.com/index/pt-br/transporte_p%C3%BAblico-line-0_171-Brasilia-1702-851595-242524-0,-1.0,-15.79543,-47.89091,14.17,,,2,2023-06-14T23:31:31+00:00
BRA_340103,Brasília,5300108,,Urbi,373.2,https://moovitapp.com/index/pt-br/transporte_p%C3%BAblico-line-373_2-Brasilia-1702-851595-334084-0,-1.0,-15.88198,-48.11079,16.11,,,2,2023-06-14T23:31:31+00:00
BRA_339351,Brasília,5300108,,Urbi,056.2,https://moovitapp.com/index/pt-br/transporte_p%C3%BAblico-line-056_2-Brasilia-1702-851595-492982-0,-1.0,-15.81705,-48.10355,11.94,,,1,2023-06-14T23:31:31+00:00
BRA_336874,Brasília,5300108,,Urbi,813.1,https://moovitapp.com/index/pt-br/transporte_p%C3%BAblico-line-813_1-Brasilia-1702-851595-242635-0,-1.0,-15.88071,-48.05621,18.89,,,2,2023-06-14T23:31:31+00:00
BRA_335517,Brasília,5300108,,Urbi,391.3,https://moovitapp.com/index/pt-br/transporte_p%C3%BAblico-line-391_3-Brasilia-1702-851595-372373-0,-1.0,-15.88391,-48.11502,17.22,,,1,2023-06-14T23:31:31+00:00
BRA_336327,Brasília,5300108,,Urbi,0.380,https://moovitapp.com/index/pt-br/transporte_p%C3%BAblico-line-0_380-Brasilia-1702-851595-334073-0,-1.0,-15.80536,-47.92511,0.0,,,1,2023-06-14T23:31:31+00:00
BRA_336467,Brasília,5300108,,Urbi,813.1,https://moovitapp.com/index/pt-br/transporte_p%C3%BAblico-line-813_1-Brasilia-1702-851595-242635-0,-1.0,-15.88005,-48.05373,18.61,,,1,2023-06-14T23:31:31+00:00
BRA_336548,Brasília,5300108,,Urbi,0.809,https://moovitapp.com/index/pt-br/transporte_p%C3%BAblico-line-0_809-Brasilia-1702-851595-516630-0,-1.0,-15.86478,-47.96252,16.39,,,2,2023-06-14T23:31:32+00:00
BRA_336611,Brasília,5300108,,Urbi,0.881,https://moovitapp.com/index/pt-br/transporte_p%C3%BAblico-line-0_881-Brasilia-1702-851595-363857-0,-1.0,-15.84141,-48.04648,10.0,,,2,2023-06-14T23:31:32+00:00
BRA_335681,Brasília,5300108,,Urbi,0.393,https://moovitapp.com/index/pt-br/transporte_p%C3%BAblico-line-0_393-Brasilia-1702-851595-588805-0,-1.0,-15.86758,-48.09859,12.22,,,1,2023-06-14T23:31:32+00:00
BRA_335339,Brasília,5300108,,Urbi,0.366,https://moovitapp.com/index/pt-br/transporte_p%C3%BAblico-line-0_366-Brasilia-1702-851595-650085-0,-1.0,-15.85618,-48.07875,12.22,,,2,2023-06-14T23:31:32+00:00
BRA_339733,Brasília,5300108,,Urbi,119.0,https://moovitapp.com/index/pt-br/transporte_p%C3%BAblico-line-119_0-Brasilia-1702-851595-139513625-0,-1.0,-15.87245,-47.95828,20.28,,,1,2023-06-14T23:31:32+00:00
BRA_335835,Brasília,5300108,,Urbi,398.3,https://moovitapp.com/index/pt-br/transporte_p%C3%BAblico-line-398_3-Brasilia-1702-851595-706973-0,-1.0,-15.78867,-48.13431,0.56,,,2,2023-06-14T23:31:32+00:00
BRA_340430,Brasília,5300108,,Urbi,0.129,https://moovitapp.com/index/pt-br/transporte_p%C3%BAblico-line-0_129-Brasilia-1702-851595-775097-0,-1.0,-15.85697,-47.92107,16.67,,,2,2023-06-14T23:31:32+00:00
BRA_340481,Brasília,5300108,,Urbi,366.1,https://moovitapp.com/index/pt-br/transporte_p%C3%BAblico-line-366_1-Brasilia-1702-851595-425249-0,-1.0,-15.87598,-48.09773,10.28,,,2,2023-06-14T23:31:32+00:00
BRA_338591,Brasília,5300108,,Urbi,807.8,https://moovitapp.com/index/pt-br/transporte_p%C3%BAblico-line-807_8-Brasilia-1702-851595-322408-0,-1.0,-15.92589,-48.10623,9.17,,,1,2023-06-14T23:31:32+00:00
BRA_338753,Brasília,5300108,,Urbi,807.9,https://moovitapp.com/index/pt-br/transporte_p%C3%BAblico-line-807_9-Brasilia-1702-851595-322409-0,-1.0,-15.92313,-48.05225,8.61,,,2,2023-06-14T23:31:33+00:00
BRA_338150,Brasília,5300108,,Urbi,812.2,https://moovitapp.com/index/pt-br/transporte_p%C3%BAblico-line-812_2-Brasilia-1702-851595-418746-0,-1.0,-15.89939,-48.04682,11.39,,,1,2023-06-14T23:31:33+00:00
BRA_339326,Brasília,5300108,,Urbi,0.082,https://moovitapp.com/index/pt-br/transporte_p%C3%BAblico-line-0_082-Brasilia-1702-851595-781326-0,-1.0,-15.88013,-47.97423,7.22,,,1,2023-06-14T23:31:33+00:00
BRA_339873,Brasília,5300108,,Urbi,391.3,https://moovitapp.com/index/pt-br/transporte_p%C3%BAblico-line-391_3-Brasilia-1702-851595-372373-0,-1.0,-15.88373,-48.14993,0.0,,,1,2023-06-14T23:31:33+00:00
BRA_339971,Brasília,5300108,,Urbi,0.160,https://moovitapp.com/index/pt-br/transporte_p%C3%BAblico-line-0_160-Brasilia-1702-851595-470755-0,-1.0,-15.89965,-48.12214,0.0,,,1,2023-06-14T23:31:33+00:00
BRA_335673,Brasília,5300108,,Urbi,0.373,https://moovitapp.com/index/pt-br/transporte_p%C3%BAblico-line-0_373-Brasilia-1702-851595-334072-0,-1.0,-15.87801,-48.01291,13.06,,,2,2023-06-14T23:31:33+00:00
BRA_336084,Brasília,5300108,,Urbi,084.1,https://moovitapp.com/index/pt-br/transporte_p%C3%BAblico-line-084_1-Brasilia-1702-851595-466292-0,-1.0,-15.88955,-48.01983,6.39,,,1,2023-06-14T23:31:33+00:00
BRA_336505,Brasília,5300108,,Urbi,0.172,https://moovitapp.com/index/pt-br/transporte_p%C3%BAblico-line-0_172-Brasilia-1702-851595-470756-0,-1.0,-15.84817,-47.95417,20.0,,,1,2023-06-14T23:31:33+00:00
BRA_336513,Brasília,5300108,,Urbi,0.871,https://moovitapp.com/index/pt-br/transporte_p%C3%BAblico-line-0_871-Brasilia-1702-851595-418741-0,-1.0,-15.91955,-48.05543,12.5,,,1,2023-06-14T23:31:33+00:00
BRA_336271,Brasília,5300108,,Urbi,0.380,https://moovitapp.com/index/pt-br/transporte_p%C3%BAblico-line-0_380-Brasilia-1702-851595-334073-0,-1.0,-15.87254,-48.10353,15.56,,,2,2023-06-14T23:31:33+00:00
BRA_336114,Brasília,5300108,,Urbi,871.3,https://moovitapp.com/index/pt-br/transporte_p%C3%BAblico-line-871_3-Brasilia-1702-851595-588820-0,-1.0,-15.87062,-47.97314,15.28,,,1,2023-06-14T23:31:34+00:00
BRA_339741,Brasília,5300108,,Urbi,0.340,https://moovitapp.com/index/pt-br/transporte_p%C3%BAblico-line-0_340-Brasilia-1702-851595-641378-0,-1.0,-15.94905,-48.23034,7.22,,,1,2023-06-14T23:31:34+00:00
BRA_339881,Brasília,5300108,,Urbi,396.3,https://moovitapp.com/index/pt-br/transporte_p%C3%BAblico-line-396_3-Brasilia-1702-851595-372378-0,-1.0,-15.8823,-48.08361,0.0,,,2,2023-06-14T23:31:34+00:00
BRA_336777,Brasília,5300108,,Urbi,0.380,https://moovitapp.com/index/pt-br/transporte_p%C3%BAblico-line-0_380-Brasilia-1702-851595-334073-0,-1.0,-15.89483,-48.14805,7.5,,,2,2023-06-14T23:31:34+00:00
BRA_339211,Brasília,5300108,,Urbi,372.4,https://moovitapp.com/index/pt-br/transporte_p%C3%BAblico-line-372_4-Brasilia-1702-851595-650087-0,-1.0,-15.85163,-48.06293,10.56,,,1,2023-06-14T23:31:34+00:00
BRA_340588,Brasília,5300108,,Urbi,366.1,https://moovitapp.com/index/pt-br/transporte_p%C3%BAblico-line-366_1-Brasilia-1702-851595-425249-0,-1.0,-15.88518,-48.14495,3.33,,,1,2023-06-14T23:31:34+00:00
BRA_340189,Brasília,5300108,,Urbi,391.3,https://moovitapp.com/index/pt-br/transporte_p%C3%BAblico-line-391_3-Brasilia-1702-851595-372373-0,-1.0,-15.73785,-47.91064,15.0,,,2,2023-06-14T23:31:35+00:00
BRA_340138,Brasília,5300108,,Urbi,3804,https://moovitapp.com/index/pt-br/transporte_p%C3%BAblico-line-3804-Brasilia-1702-851595-91943130-0,-1.0,-15.85012,-48.061,4.17,,,2,2023-06-14T23:31:35+00:00
BRA_337668,Brasília,5300108,,Urbi,0.087,https://moovitapp.com/index/pt-br/transporte_p%C3%BAblico-line-0_087-Brasilia-1702-851595-242519-0,-1.0,-15.87943,-48.05285,15.0,,,1,2023-06-14T23:31:35+00:00
BRA_335444,Brasília,5300108,,Urbi,367.2,https://moovitapp.com/index/pt-br/transporte_p%C3%BAblico-line-367_2-Brasilia-1702-851595-454971-0,-1.0,-15.87925,-48.10553,11.94,,,1,2023-06-14T23:31:35+00:00
BRA_336106,Brasília,5300108,,Urbi,0.810,https://moovitapp.com/index/pt-br/transporte_p%C3%BAblico-line-0_810-Brasilia-1702-851595-363856-0,-1.0,-15.82002,-47.95024,18.33,,,2,2023-06-14T23:31:35+00:00
BRA_336335,Brasília,5300108,,Urbi,394.1,https://moovitapp.com/index/pt-br/transporte_p%C3%BAblico-line-394_1-Brasilia-1702-851595-334089-0,-1.0,-15.84146,-48.04572,7.5,,,1,2023-06-14T23:31:35+00:00
BRA_337790,Brasília,5300108,,Urbi,813.2,https://moovitapp.com/index/pt-br/transporte_p%C3%BAblico-line-813_2-Brasilia-1702-851595-242636-0,-1.0,-15.84053,-47.95296,17.22,,,2,2023-06-14T23:31:36+00:00
BRA_336785,Brasília,5300108,,Urbi,0.394,https://moovitapp.com/index/pt-br/transporte_p%C3%BAblico-line-0_394-Brasilia-1702-851595-334076-0,-1.0,-15.81213,-47.98179,18.06,,,2,2023-06-14T23:31:36+00:00
BRA_340618,Brasília,5300108,,Urbi,396.3,https://moovitapp.com/index/pt-br/transporte_p%C3%BAblico-line-396_3-Brasilia-1702-851595-372378-0,-1.0,-15.88943,-48.09972,17.5,,,2,2023-06-14T23:31:36+00:00
BRA_338966,Brasília,5300108,,Urbi,807.9,https://moovitapp.com/index/pt-br/transporte_p%C3%BAblico-line-807_9-Brasilia-1702-851595-322409-0,-1.0,-15.8655,-48.05886,1.39,,,2,2023-06-14T23:31:36+00:00
BRA_339083,Brasília,5300108,,Urbi,805.2,https://moovitapp.com/index/pt-br/transporte_p%C3%BAblico-line-805_2-Brasilia-1702-851595-454981-0,-1.0,-15.85703,-48.0441,7.78,,,1,2023-06-14T23:31:36+00:00
BRA_338117,Brasília,5300108,,Urbi,805.8,https://moovitapp.com/index/pt-br/transporte_p%C3%BAblico-line-805_8-Brasilia-1702-851595-454982-0,-1.0,-15.84447,-48.04999,5.0,,,1,2023-06-14T23:31:36+00:00
BRA_338923,Brasília,5300108,,Urbi,0.808,https://moovitapp.com/index/pt-br/transporte_p%C3%BAblico-line-0_808-Brasilia-1702-851595-372359-0,-1.0,-15.90367,-48.07243,12.22,,,2,2023-06-14T23:31:37+00:00
BRA_338648,Brasília,5300108,,Urbi,805.1,https://moovitapp.com/index/pt-br/transporte_p%C3%BAblico-line-805_1-Brasilia-1702-851595-454980-0,-1.0,-15.85224,-48.04063,3.06,,,1,2023-06-14T23:31:37+00:00
BRA_340375,Brasília,5300108,,Urbi,0.129,https://moovitapp.com/index/pt-br/transporte_p%C3%BAblico-line-0_129-Brasilia-1702-851595-775097-0,-1.0,-15.79493,-47.78271,11.67,,,1,2023-06-14T23:31:37+00:00
BRA_336726,Brasília,5300108,,Urbi,396.2,https://moovitapp.com/index/pt-br/transporte_p%C3%BAblico-line-396_2-Brasilia-1702-851595-372377-0,-1.0,-15.87561,-48.07961,11.67,,,2,2023-06-14T23:31:38+00:00
BRA_336793,Brasília,5300108,,Urbi,0.394,https://moovitapp.com/index/pt-br/transporte_p%C3%BAblico-line-0_394-Brasilia-1702-851595-334076-0,-1.0,-15.9017,-48.1274,6.11,,,1,2023-06-14T23:31:38+00:00
BRA_338516,Brasília,5300108,,Urbi,813.2,https://moovitapp.com/index/pt-br/transporte_p%C3%BAblico-line-813_2-Brasilia-1702-851595-242636-0,-1.0,-15.80599,-47.89847,13.33,,,1,2023-06-14T23:31:38+00:00
BRA_338851,Brasília,5300108,,Urbi,0.176,https://moovitapp.com/index/pt-br/transporte_p%C3%BAblico-line-0_176-Brasilia-1702-851595-242527-0,-1.0,-15.75942,-47.8676,9.17,,,2,2023-06-14T23:31:39+00:00
BRA_339059,Brasília,5300108,,Urbi,0.809,https://moovitapp.com/index/pt-br/transporte_p%C3%BAblico-line-0_809-Brasilia-1702-851595-516630-0,-1.0,-15.93187,-48.10878,4.17,,,1,2023-06-14T23:31:39+00:00
BRA_337757,Brasília,5300108,,Urbi,870.1,https://moovitapp.com/index/pt-br/transporte_p%C3%BAblico-line-870_1-Brasilia-1702-851595-715272-0,-1.0,-15.84249,-47.93143,16.94,,,2,2023-06-14T23:31:39+00:00
BRA_336599,Brasília,5300108,,Urbi,0.813,https://moovitapp.com/index/pt-br/transporte_p%C3%BAblico-line-0_813-Brasilia-1702-851595-651523-0,-1.0,-15.78427,-47.88781,14.72,,,2,2023-06-14T23:31:39+00:00
BRA_333883,Brasília,5300108,,Urbi,0.373,https://moovitapp.com/index/pt-br/transporte_p%C3%BAblico-line-0_373-Brasilia-1702-851595-334072-0,-1.0,-15.88659,-48.14393,8.61,,,1,2023-06-14T23:31:39+00:00
BRA_336424,Brasília,5300108,,Urbi,0.813,https://moovitapp.com/index/pt-br/transporte_p%C3%BAblico-line-0_813-Brasilia-1702-851595-651523-0,-1.0,-15.87841,-48.05246,13.33,,,2,2023-06-14T23:31:40+00:00
BRA_336262,Brasília,5300108,,Urbi,0.053,https://moovitapp.com/index/pt-br/transporte_p%C3%BAblico-line-0_053-Brasilia-1702-851595-588803-0,-1.0,-15.83334,-48.06067,8.33,,,1,2023-06-14T23:31:40+00:00
BRA_337439,Brasília,5300108,,Urbi,0.886,https://moovitapp.com/index/pt-br/transporte_p%C3%BAblico-line-0_886-Brasilia-1702-851595-704024-0,-1.0,-15.81779,-48.06256,13.06,,,2,2023-06-14T23:31:40+00:00
BRA_337480,Brasília,5300108,,Urbi,870.7,https://moovitapp.com/index/pt-br/transporte_p%C3%BAblico-line-870_7-Brasilia-1702-851595-531037-0,-1.0,-15.89076,-48.05772,14.17,,,2,2023-06-14T23:31:40+00:00
BRA_340723,Brasília,5300108,,Urbi,396.2,https://moovitapp.com/index/pt-br/transporte_p%C3%BAblico-line-396_2-Brasilia-1702-851595-372377-0,-1.0,-15.88586,-48.10398,1.11,,,2,2023-06-14T23:31:40+00:00
BRA_338575,Brasília,5300108,,Urbi,0.808,https://moovitapp.com/index/pt-br/transporte_p%C3%BAblico-line-0_808-Brasilia-1702-851595-372359-0,-1.0,-15.82176,-48.11327,0.0,,,1,2023-06-14T23:31:40+00:00
BRA_338087,Brasília,5300108,,Urbi,0.898,https://moovitapp.com/index/pt-br/transporte_p%C3%BAblico-line-0_898-Brasilia-1702-851595-322394-0,-1.0,-15.9493,-48.03368,0.0,,,2,2023-06-14T23:31:40+00:00
BRA_337935,Brasília,5300108,,Urbi,084.1,https://moovitapp.com/index/pt-br/transporte_p%C3%BAblico-line-084_1-Brasilia-1702-851595-466292-0,-1.0,-15.85653,-47.95613,14.72,,,1,2023-06-14T23:31:40+00:00
BRA_340529,Brasília,5300108,,Urbi,160.2,https://moovitapp.com/index/pt-br/transporte_p%C3%BAblico-line-160_2-Brasilia-1702-851595-242581-0,-1.0,-15.84486,-47.92144,13.89,,,2,2023-06-14T23:31:41+00:00
BRA_340065,Brasília,5300108,,Urbi,056.2,https://moovitapp.com/index/pt-br/transporte_p%C3%BAblico-line-056_2-Brasilia-1702-851595-492982-0,-1.0,-15.88685,-48.14676,6.67,,,2,2023-06-14T23:31:41+00:00
BRA_340146,Brasília,5300108,,Urbi,372.4,https://moovitapp.com/index/pt-br/transporte_p%C3%BAblico-line-372_4-Brasilia-1702-851595-650087-0,-1.0,-15.88486,-48.11755,11.94,,,2,2023-06-14T23:31:41+00:00
BRA_336734,Brasília,5300108,,Urbi,0.367,https://moovitapp.com/index/pt-br/transporte_p%C3%BAblico-line-0_367-Brasilia-1702-851595-519380-0,-1.0,-15.88706,-48.12957,11.94,,,2,2023-06-14T23:31:41+00:00
BRA_339229,Brasília,5300108,,Urbi,0.161,https://moovitapp.com/index/pt-br/transporte_p%C3%BAblico-line-0_161-Brasilia-1702-851595-704023-0,-1.0,-15.86728,-47.96253,5.83,,,2,2023-06-14T23:31:41+00:00
BRA_339318,Brasília,5300108,,Urbi,396.2,https://moovitapp.com/index/pt-br/transporte_p%C3%BAblico-line-396_2-Brasilia-1702-851595-372377-0,-1.0,-15.78627,-47.88797,12.22,,,2,2023-06-14T23:31:41+00:00
BRA_339687,Brasília,5300108,,Urbi,2068,https://moovitapp.com/index/pt-br/transporte_p%C3%BAblico-line-2068-Brasilia-1702-851595-137934736-0,-1.0,-15.94185,-48.23774,0.0,,,2,2023-06-14T23:31:41+00:00
BRA_336971,Brasília,5300108,,Urbi,0.172,https://moovitapp.com/index/pt-br/transporte_p%C3%BAblico-line-0_172-Brasilia-1702-851595-470756-0,-1.0,-15.88731,-48.01942,0.0,,,2,2023-06-14T23:31:41+00:00
BRA_336301,Brasília,5300108,,Urbi,0.394,https://moovitapp.com/index/pt-br/transporte_p%C3%BAblico-line-0_394-Brasilia-1702-851595-334076-0,-1.0,-15.78665,-47.9096,0.0,,,1,2023-06-14T23:31:41+00:00
BRA_335592,Brasília,5300108,,Urbi,0.391,https://moovitapp.com/index/pt-br/transporte_p%C3%BAblico-line-0_391-Brasilia-1702-851595-372354-0,-1.0,-15.85941,-48.08441,7.5,,,2,2023-06-14T23:31:41+00:00
BRA_333956,Brasília,5300108,,Urbi,056.4,https://moovitapp.com/index/pt-br/transporte_p%C3%BAblico-line-056_4-Brasilia-1702-851595-519387-0,-1.0,-15.88436,-48.13037,7.22,,,2,2023-06-14T23:31:41+00:00
BRA_335371,Brasília,5300108,,Urbi,0.392,https://moovitapp.com/index/pt-br/transporte_p%C3%BAblico-line-0_392-Brasilia-1702-851595-334075-0,-1.0,-15.88833,-48.15042,8.89,,,2,2023-06-14T23:31:41+00:00
BRA_336530,Brasília,5300108,,Urbi,0.813,https://moovitapp.com/index/pt-br/transporte_p%C3%BAblico-line-0_813-Brasilia-1702-851595-651523-0,-1.0,-15.90453,-48.07421,8.61,,,1,2023-06-14T23:31:42+00:00
BRA_337277,Brasília,5300108,,Urbi,0.175,https://moovitapp.com/index/pt-br/transporte_p%C3%BAblico-line-0_175-Brasilia-1702-851595-242526-0,-1.0,-15.84177,-47.94906,15.28,,,2,2023-06-14T23:31:42+00:00
BRA_337471,Brasília,5300108,,Urbi,0.087,https://moovitapp.com/index/pt-br/transporte_p%C3%BAblico-line-0_087-Brasilia-1702-851595-242519-0,-1.0,-15.87271,-47.97796,16.11,,,1,2023-06-14T23:31:42+00:00
BRA_339482,Brasília,5300108,,Urbi,038.1,https://moovitapp.com/index/pt-br/transporte_p%C3%BAblico-line-038_1-Brasilia-1702-851595-781327-0,-1.0,-15.83169,-48.05006,7.78,,,1,2023-06-14T23:31:42+00:00
BRA_337889,Brasília,5300108,,Urbi,814.1,https://moovitapp.com/index/pt-br/transporte_p%C3%BAblico-line-814_1-Brasilia-1702-851595-492985-0,-1.0,-15.86551,-48.05838,6.94,,,1,2023-06-14T23:31:43+00:00
BRA_338265,Brasília,5300108,,Urbi,0.810,https://moovitapp.com/index/pt-br/transporte_p%C3%BAblico-line-0_810-Brasilia-1702-851595-363856-0,-1.0,-15.79168,-47.89545,19.17,,,1,2023-06-14T23:31:43+00:00
BRA_337862,Brasília,5300108,,Urbi,0.898,https://moovitapp.com/index/pt-br/transporte_p%C3%BAblico-line-0_898-Brasilia-1702-851595-322394-0,-1.0,-15.83082,-48.05526,9.44,,,1,2023-06-14T23:31:43+00:00
BRA_339679,Brasília,5300108,,Urbi,393.7,https://moovitapp.com/index/pt-br/transporte_p%C3%BAblico-line-393_7-Brasilia-1702-851595-588818-0,-1.0,-15.87658,-48.08529,14.72,,,1,2023-06-14T23:31:43+00:00
BRA_337463,Brasília,5300108,,Urbi,0.812,https://moovitapp.com/index/pt-br/transporte_p%C3%BAblico-line-0_812-Brasilia-1702-851595-697958-0,-1.0,-15.80776,-48.13302,6.11,,,1,2023-06-14T23:31:43+00:00
BRA_337137,Brasília,5300108,,Urbi,0.808,https://moovitapp.com/index/pt-br/transporte_p%C3%BAblico-line-0_808-Brasilia-1702-851595-372359-0,-1.0,-15.93298,-48.1089,7.22,,,1,2023-06-14T23:31:43+00:00
BRA_336360,Brasília,5300108,,Urbi,394.1,https://moovitapp.com/index/pt-br/transporte_p%C3%BAblico-line-394_1-Brasilia-1702-851595-334089-0,-1.0,-15.81212,-47.98421,2.78,,,2,2023-06-14T23:31:43+00:00
BRA_335657,Brasília,5300108,,Urbi,056.2,https://moovitapp.com/index/pt-br/transporte_p%C3%BAblico-line-056_2-Brasilia-1702-851595-492982-0,-1.0,-15.80857,-48.08552,13.06,,,1,2023-06-14T23:31:44+00:00
BRA_333875,Brasília,5300108,,Urbi,0.082,https://moovitapp.com/index/pt-br/transporte_p%C3%BAblico-line-0_082-Brasilia-1702-851595-781326-0,-1.0,-15.75669,-47.93428,8.89,,,2,2023-06-14T23:31:44+00:00
BRA_336378,Brasília,5300108,,Urbi,0.050,https://moovitapp.com/index/pt-br/transporte_p%C3%BAblico-line-0_050-Brasilia-1702-851595-781325-0,-1.0,-15.87617,-48.11004,5.83,,,1,2023-06-14T23:31:44+00:00
BRA_336351,Brasília,5300108,,Urbi,0.399,https://moovitapp.com/index/pt-br/transporte_p%C3%BAblico-line-0_399-Brasilia-1702-851595-454964-0,-1.0,-15.89913,-48.12291,11.67,,,1,2023-06-14T23:31:44+00:00
BRA_337242,Brasília,5300108,,Urbi,807.8,https://moovitapp.com/index/pt-br/transporte_p%C3%BAblico-line-807_8-Brasilia-1702-851595-322408-0,-1.0,-15.9226,-48.10413,14.44,,,2,2023-06-14T23:31:44+00:00
BRA_339296,Brasília,5300108,,Urbi,396.3,https://moovitapp.com/index/pt-br/transporte_p%C3%BAblico-line-396_3-Brasilia-1702-851595-372378-0,-1.0,-15.81163,-47.9478,18.61,,,1,2023-06-14T23:31:44+00:00
BRA_339997,Brasília,5300108,,Urbi,0.399,https://moovitapp.com/index/pt-br/transporte_p%C3%BAblico-line-0_399-Brasilia-1702-851595-454964-0,-1.0,-15.88426,-48.10049,10.28,,,2,2023-06-14T23:31:44+00:00
BRA_340359,Brasília,5300108,,Urbi,393.4,https://moovitapp.com/index/pt-br/transporte_p%C3%BAblico-line-393_4-Brasilia-1702-851595-588816-0,-1.0,-15.90251,-48.12959,0.0,,,2,2023-06-14T23:31:44+00:00
BRA_338834,Brasília,5300108,,Urbi,0.810,https://moovitapp.com/index/pt-br/transporte_p%C3%BAblico-line-0_810-Brasilia-1702-851595-363856-0,-1.0,-15.91097,-48.09328,0.0,,,2,2023-06-14T23:31:44+00:00
BRA_337951,Brasília,5300108,,Urbi,0.368,https://moovitapp.com/index/pt-br/transporte_p%C3%BAblico-line-0_368-Brasilia-1702-851595-706971-0,-1.0,-15.88246,-48.013,2.5,,,1,2023-06-14T23:31:44+00:00
BRA_339016,Brasília,5300108,,Urbi,0.805,https://moovitapp.com/index/pt-br/transporte_p%C3%BAblico-line-0_805-Brasilia-1702-851595-460800-0,-1.0,-15.90439,-48.06811,1.67,,,1,2023-06-14T23:31:45+00:00
BRA_337102,Brasília,5300108,,Urbi,807.8,https://moovitapp.com/index/pt-br/transporte_p%C3%BAblico-line-807_8-Brasilia-1702-851595-322408-0,-1.0,-15.92914,-48.10898,13.61,,,1,2023-06-14T23:31:45+00:00
BRA_335983,Brasília,5300108,,Urbi,396.3,https://moovitapp.com/index/pt-br/transporte_p%C3%BAblico-line-396_3-Brasilia-1702-851595-372378-0,-1.0,-15.82321,-47.95076,12.5,,,2,2023-06-14T23:31:45+00:00
BRA_337153,Brasília,5300108,,Urbi,871.3,https://moovitapp.com/index/pt-br/transporte_p%C3%BAblico-line-871_3-Brasilia-1702-851595-588820-0,-1.0,-15.92472,-48.05174,0.0,,,2,2023-06-14T23:31:46+00:00
BRA_337510,Brasília,5300108,,Urbi,818.1,https://moovitapp.com/index/pt-br/transporte_p%C3%BAblico-line-818_1-Brasilia-1702-851595-242639-0,-1.0,-15.88357,-48.06,16.94,,,2,2023-06-14T23:31:46+00:00
BRA_339237,Brasília,5300108,,Urbi,0.821,https://moovitapp.com/index/pt-br/transporte_p%C3%BAblico-line-0_821-Brasilia-1702-851595-334080-0,-1.0,-15.88387,-48.09959,11.94,,,2,2023-06-14T23:31:46+00:00
BRA_338958,Brasília,5300108,,Urbi,813.2,https://moovitapp.com/index/pt-br/transporte_p%C3%BAblico-line-813_2-Brasilia-1702-851595-242636-0,-1.0,-15.91613,-48.09949,0.0,,,1,2023-06-14T23:31:46+00:00
BRA_339440,Brasília,5300108,,Urbi,806.1,https://moovitapp.com/index/pt-br/transporte_p%C3%BAblico-line-806_1-Brasilia-1702-851595-775104-0,-1.0,-15.90557,-48.04335,16.94,,,1,2023-06-14T23:31:47+00:00
BRA_339458,Brasília,5300108,,Urbi,807.6,https://moovitapp.com/index/pt-br/transporte_p%C3%BAblico-line-807_6-Brasilia-1702-851595-334092-0,-1.0,-15.91097,-48.09328,6.39,,,1,2023-06-14T23:31:47+00:00
BRA_337404,Brasília,5300108,,Urbi,0.886,https://moovitapp.com/index/pt-br/transporte_p%C3%BAblico-line-0_886-Brasilia-1702-851595-704024-0,-1.0,-15.78818,-48.13484,6.11,,,2,2023-06-14T23:31:47+00:00
BRA_441279,Brasília,5300108,,Marechal,157.6,https://moovitapp.com/index/pt-br/transporte_p%C3%BAblico-line-157_6-Brasilia-1702-851940-419627-0,-1.0,-15.846687,-47.974063,33.0,,,2,2023-06-14T23:31:31+00:00
BRA_440850,Brasília,5300108,,Marechal,959.1,https://moovitapp.com/index/pt-br/transporte_p%C3%BAblico-line-959_1-Brasilia-1702-851940-789939-0,-1.0,-15.869487,-48.038047,0.0,,,2,2023-06-14T23:31:29+00:00
BRA_444154,Brasília,5300108,,Urbi,0.054,https://moovitapp.com/index/pt-br/transporte_p%C3%BAblico-line-0_054-Brasilia-1702-851595-454960-0,-1.0,-15.878717,-48.071753,42.0,,,2,2023-06-14T23:31:29+00:00
BRA_440469,Brasília,5300108,,Marechal,355.3,https://moovitapp.com/index/pt-br/transporte_p%C3%BAblico-line-355_3-Brasilia-1702-851940-504343-0,-1.0,-15.80328,-48.04269,18.0,,,2,2023-06-14T23:31:29+00:00
BRA_445347,Brasília,5300108,,Marechal,337.1,https://moovitapp.com/index/pt-br/transporte_p%C3%BAblico-line-337_1-Brasilia-1702-851940-347165-0,-1.0,-15.85389,-48.118047,35.0,,,2,2023-06-14T23:31:28+00:00
BRA_442861,Brasília,5300108,,Marechal,933.1,https://moovitapp.com/index/pt-br/transporte_p%C3%BAblico-line-933_1-Brasilia-1702-851940-358307-0,-1.0,-15.808077,-48.083063,36.0,,,2,2023-06-14T23:31:28+00:00
BRA_440744,Brasília,5300108,,Marechal,156.1,https://moovitapp.com/index/pt-br/transporte_p%C3%BAblico-line-156_1-Brasilia-1702-851940-242750-0,-1.0,-15.84054,-47.965897,0.0,,,2,2023-06-14T23:31:28+00:00
BRA_441881,Brasília,5300108,,Marechal,932.1,https://moovitapp.com/index/pt-br/transporte_p%C3%BAblico-line-932_1-Brasilia-1702-851940-470763-0,-1.0,-15.840283,-48.126793,16.0,,,2,2023-06-14T23:31:34+00:00
BRA_442453,Brasília,5300108,,Urbi,0.367,https://moovitapp.com/index/pt-br/transporte_p%C3%BAblico-line-0_367-Brasilia-1702-851595-519380-0,-1.0,-15.832643,-48.057437,29.0,,,2,2023-06-14T23:31:29+00:00
BRA_440311,Brasília,5300108,,Piracicabana,099.1,https://moovitapp.com/index/pt-br/transporte_p%C3%BAblico-line-099_1-Brasilia-1702-850942-775090-0,-1.0,-15.789357,-47.942773,40.0,,,2,2023-06-14T23:31:29+00:00
BRA_440680,Brasília,5300108,,Marechal,0.205,https://moovitapp.com/index/pt-br/transporte_p%C3%BAblico-line-0_205-Brasilia-1702-851940-463646-0,-1.0,-15.99602,-48.055447,58.0,,,2,2023-06-14T23:31:35+00:00
BRA_444707,Brasília,5300108,,Marechal,0.942,https://moovitapp.com/index/pt-br/transporte_p%C3%BAblico-line-0_942-Brasilia-1702-851940-347158-0,-1.0,-15.841103,-48.126857,0.0,,,2,2023-06-14T23:31:29+00:00
BRA_441031,Brasília,5300108,,Marechal,260.3,https://moovitapp.com/index/pt-br/transporte_p%C3%BAblico-line-260_3-Brasilia-1702-851940-393566-0,-1.0,-15.970427,-48.01717,59.0,,,2,2023-06-14T22:48:32+00:00
BRA_440582,Brasília,5300108,,Marechal,162.2,https://moovitapp.com/index/pt-br/transporte_p%C3%BAblico-line-162_2-Brasilia-1702-851940-312446-0,-1.0,-15.819543,-47.98719,0.0,,,2,2023-06-14T23:31:29+00:00
BRA_445185,Brasília,5300108,,Marechal,0.300,https://moovitapp.com/index/pt-br/transporte_p%C3%BAblico-line-0_300-Brasilia-1702-851940-419624-0,-1.0,-15.79365,-47.882847,0.0,,,2,2023-06-14T23:31:24+00:00
BRA_440841,Brasília,5300108,,Urbi,872.9,https://moovitapp.com/index/pt-br/transporte_p%C3%BAblico-line-872_9-Brasilia-1702-851595-372394-0,-1.0,-15.929137,-48.045233,37.0,,,2,2023-06-14T23:31:29+00:00
BRA_440981,Brasília,5300108,,Marechal,305.4,https://moovitapp.com/index/pt-br/transporte_p%C3%BAblico-line-305_4-Brasilia-1702-851940-393567-0,-1.0,-15.83913,-48.018533,16.0,,,2,2023-06-14T23:31:29+00:00
BRA_442496,Brasília,5300108,,Marechal,0.363,https://moovitapp.com/index/pt-br/transporte_p%C3%BAblico-line-0_363-Brasilia-1702-851940-504339-0,-1.0,-15.840787,-48.12664,0.0,,,2,2023-06-14T23:31:29+00:00
BRA_443395,Brasília,5300108,,Marechal,361.1,https://moovitapp.com/index/pt-br/transporte_p%C3%BAblico-line-361_1-Brasilia-1702-851940-363861-0,-1.0,-15.83855,-48.11724,1.0,,,2,2023-06-14T23:31:28+00:00
BRA_443671,Brasília,5300108,,Marechal,0.959,https://moovitapp.com/index/pt-br/transporte_p%C3%BAblico-line-0_959-Brasilia-1702-851940-546208-0,-1.0,-15.826013,-48.051407,31.0,,,2,2023-06-14T23:31:28+00:00
BRA_440604,Brasília,5300108,,Marechal,156.1,https://moovitapp.com/index/pt-br/transporte_p%C3%BAblico-line-156_1-Brasilia-1702-851940-242750-0,-1.0,-15.8395,-47.96658,34.0,,,2,2023-06-14T23:31:42+00:00
BRA_441163,Brasília,5300108,,Marechal,0.900,https://moovitapp.com/index/pt-br/transporte_p%C3%BAblico-line-0_900-Brasilia-1702-851940-242733-0,-1.0,-15.837903,-48.054367,24.0,,,2,2023-06-14T23:31:28+00:00
BRA_440965,Brasília,5300108,,Marechal,355.3,https://moovitapp.com/index/pt-br/transporte_p%C3%BAblico-line-355_3-Brasilia-1702-851940-504343-0,-1.0,-15.80822,-48.065863,36.0,,,2,2023-06-14T23:31:29+00:00
BRA_444171,Brasília,5300108,,Marechal,933.3,https://moovitapp.com/index/pt-br/transporte_p%C3%BAblico-line-933_3-Brasilia-1702-851940-450287-0,-1.0,-15.84067,-48.126987,0.0,,,2,2023-06-14T23:31:29+00:00
BRA_440141,Brasília,5300108,,Marechal,0.355,https://moovitapp.com/index/pt-br/transporte_p%C3%BAblico-line-0_355-Brasilia-1702-851940-504338-0,-1.0,-15.804723,-47.94765,39.0,,,2,2023-06-14T23:31:32+00:00
BRA_441147,Brasília,5300108,,Marechal,0.205,https://moovitapp.com/index/pt-br/transporte_p%C3%BAblico-line-0_205-Brasilia-1702-851940-463646-0,-1.0,-15.83068,-48.078307,18.0,,,2,2023-06-14T23:31:28+00:00
BRA_443441,Brasília,5300108,,Marechal,0.383,https://moovitapp.com/index/pt-br/transporte_p%C3%BAblico-line-0_383-Brasilia-1702-851940-347151-0,-1.0,-15.79484,-47.880693,39.0,,,2,2023-06-14T23:31:28+00:00
BRA_441911,Brasília,5300108,,Marechal,932.2,https://moovitapp.com/index/pt-br/transporte_p%C3%BAblico-line-932_2-Brasilia-1702-851940-3494666-0,-1.0,-15.821723,-48.064697,43.0,,,2,2023-06-14T23:31:33+00:00
BRA_440574,Brasília,5300108,,Marechal,0.153,https://moovitapp.com/index/pt-br/transporte_p%C3%BAblico-line-0_153-Brasilia-1702-851940-766835-0,-1.0,-15.840357,-47.965813,12.0,,,2,2023-06-14T23:31:28+00:00
BRA_440523,Brasília,5300108,,Marechal,0.205,https://moovitapp.com/index/pt-br/transporte_p%C3%BAblico-line-0_205-Brasilia-1702-851940-463646-0,-1.0,-16.020003,-48.066827,0.0,,,2,2023-06-14T23:31:28+00:00
BRA_441082,Brasília,5300108,,Marechal,0.205,https://moovitapp.com/index/pt-br/transporte_p%C3%BAblico-line-0_205-Brasilia-1702-851940-463646-0,-1.0,-15.853547,-48.03993,43.0,,,2,2023-06-14T23:31:28+00:00
BRA_443786,Brasília,5300108,,Marechal,0.951,https://moovitapp.com/index/pt-br/transporte_p%C3%BAblico-line-0_951-Brasilia-1702-851940-783578-0,-1.0,-15.869607,-48.037493,0.0,,,2,2023-06-14T23:31:28+00:00
BRA_445240,Brasília,5300108,,Marechal,0.336,https://moovitapp.com/index/pt-br/transporte_p%C3%BAblico-line-0_336-Brasilia-1702-851940-347142-0,-1.0,-15.838953,-48.128617,0.0,,,2,2023-06-14T23:31:28+00:00
BRA_441716,Brasília,5300108,,Urbi,0.399,https://moovitapp.com/index/pt-br/transporte_p%C3%BAblico-line-0_399-Brasilia-1702-851595-454964-0,-1.0,-15.83984,-48.129333,1.0,,,2,2023-06-14T23:31:28+00:00
BRA_440540,Brasília,5300108,,Marechal,0.205,https://moovitapp.com/index/pt-br/transporte_p%C3%BAblico-line-0_205-Brasilia-1702-851940-463646-0,-1.0,-15.864343,-48.056903,0.0,,,2,2023-06-14T23:31:28+00:00
BRA_440396,Brasília,5300108,,Marechal,355.2,https://moovitapp.com/index/pt-br/transporte_p%C3%BAblico-line-355_2-Brasilia-1702-851940-510251-0,-1.0,-15.860837,-48.036023,40.0,,,2,2023-06-14T23:31:28+00:00
BRA_440205,Brasília,5300108,,Piracicabana,099.1,https://moovitapp.com/index/pt-br/transporte_p%C3%BAblico-line-099_1-Brasilia-1702-850942-775090-0,-1.0,-15.848483,-48.04801,42.0,,,2,2023-06-14T23:31:28+00:00
BRA_442437,Brasília,5300108,,Marechal,933.4,https://moovitapp.com/index/pt-br/transporte_p%C3%BAblico-line-933_4-Brasilia-1702-851940-656766-0,-1.0,-15.822967,-48.114943,50.0,,,2,2023-06-14T23:31:28+00:00
BRA_440451,Brasília,5300108,,Marechal,355.3,https://moovitapp.com/index/pt-br/transporte_p%C3%BAblico-line-355_3-Brasilia-1702-851940-504343-0,-1.0,-15.87645,-47.992833,54.0,,,2,2023-06-14T23:31:28+00:00
BRA_440671,Brasília,5300108,,Marechal,355.2,https://moovitapp.com/index/pt-br/transporte_p%C3%BAblico-line-355_2-Brasilia-1702-851940-510251-0,-1.0,-15.866563,-48.037713,0.0,,,2,2023-06-14T23:31:28+00:00
BRA_440230,Brasília,5300108,,Marechal,0.090,https://moovitapp.com/index/pt-br/transporte_p%C3%BAblico-line-0_090-Brasilia-1702-851940-242702-0,-1.0,-15.783563,-47.930307,29.0,,,2,2023-06-14T23:31:28+00:00
BRA_445134,Brasília,5300108,,Marechal,0.305,https://moovitapp.com/index/pt-br/transporte_p%C3%BAblico-line-0_305-Brasilia-1702-851940-775108-0,-1.0,-15.86158,-48.04195,19.0,,,2,2023-06-14T23:31:34+00:00
BRA_440019,Brasília,5300108,,Urbi,805.2,https://moovitapp.com/index/pt-br/transporte_p%C3%BAblico-line-805_2-Brasilia-1702-851595-454981-0,-1.0,-15.933333,-48.108307,8.0,,,2,2023-06-14T23:31:28+00:00
BRA_440736,Brasília,5300108,,Marechal,357.1,https://moovitapp.com/index/pt-br/transporte_p%C3%BAblico-line-357_1-Brasilia-1702-851940-775113-0,-1.0,-15.827903,-48.059097,0.0,,,2,2023-06-14T23:31:29+00:00
BRA_443701,Brasília,5300108,,Marechal,0.959,https://moovitapp.com/index/pt-br/transporte_p%C3%BAblico-line-0_959-Brasilia-1702-851940-546208-0,-1.0,-15.86685,-48.03771,0.0,,,2,2023-06-14T23:31:23+00:00
BRA_440728,Brasília,5300108,,Marechal,0.162,https://moovitapp.com/index/pt-br/transporte_p%C3%BAblico-line-0_162-Brasilia-1702-851940-766836-0,-1.0,-15.836537,-47.98578,47.0,,,2,2023-06-14T23:31:32+00:00
BRA_440361,Brasília,5300108,,Urbi,805.8,https://moovitapp.com/index/pt-br/transporte_p%C3%BAblico-line-805_8-Brasilia-1702-851595-454982-0,-1.0,-15.90169,-48.05776,40.0,,,2,2023-06-14T23:31:28+00:00
BRA_445258,Brasília,5300108,,Marechal,0.336,https://moovitapp.com/index/pt-br/transporte_p%C3%BAblico-line-0_336-Brasilia-1702-851940-347142-0,-1.0,-15.843473,-48.11874,39.0,,,2,2023-06-14T23:31:30+00:00
BRA_440329,Brasília,5300108,,Marechal,0.205,https://moovitapp.com/index/pt-br/transporte_p%C3%BAblico-line-0_205-Brasilia-1702-851940-463646-0,-1.0,-15.869257,-48.03768,40.0,,,2,2023-06-14T23:31:23+00:00
BRA_440531,Brasília,5300108,,Marechal,0.090,https://moovitapp.com/index/pt-br/transporte_p%C3%BAblico-line-0_090-Brasilia-1702-851940-242702-0,-1.0,-15.78943,-47.942773,53.0,,,2,2023-06-14T23:31:28+00:00
BRA_441481,Brasília,5300108,,Urbi,0.050,https://moovitapp.com/index/pt-br/transporte_p%C3%BAblico-line-0_050-Brasilia-1702-851595-781325-0,-1.0,-15.822033,-48.113743,40.0,,,2,2023-06-14T23:31:30+00:00
BRA_445274,Brasília,5300108,,Marechal,0.336,https://moovitapp.com/index/pt-br/transporte_p%C3%BAblico-line-0_336-Brasilia-1702-851940-347142-0,-1.0,-15.809763,-47.950587,65.0,,,2,2023-06-14T23:31:28+00:00
BRA_445282,Brasília,5300108,,Marechal,337.1,https://moovitapp.com/index/pt-br/transporte_p%C3%BAblico-line-337_1-Brasilia-1702-851940-347165-0,-1.0,-15.82771,-47.927563,32.0,,,2,2023-06-14T23:31:28+00:00
BRA_445371,Brasília,5300108,,Marechal,0.378,https://moovitapp.com/index/pt-br/transporte_p%C3%BAblico-line-0_378-Brasilia-1702-851940-347150-0,-1.0,-15.812157,-47.982463,59.0,,,2,2023-06-14T23:31:28+00:00
BRA_441465,Brasília,5300108,,Marechal,336.1,https://moovitapp.com/index/pt-br/transporte_p%C3%BAblico-line-336_1-Brasilia-1702-851940-347163-0,-1.0,-15.810623,-47.994837,58.0,,,2,2023-06-14T23:28:01+00:00
BRA_445215,Brasília,5300108,,Marechal,0.378,https://moovitapp.com/index/pt-br/transporte_p%C3%BAblico-line-0_378-Brasilia-1702-851940-347150-0,-1.0,-15.7359,-47.9072,0.0,,,2,2023-06-14T23:31:28+00:00
BRA_440043,Brasília,5300108,,Urbi,805.1,https://moovitapp.com/index/pt-br/transporte_p%C3%BAblico-line-805_1-Brasilia-1702-851595-454980-0,-1.0,-15.865643,-48.03305,23.0,,,2,2023-06-14T23:30:36+00:00
BRA_441678,Brasília,5300108,,Marechal,0.089,https://moovitapp.com/index/pt-br/transporte_p%C3%BAblico-line-0_089-Brasilia-1702-851940-706977-0,-1.0,-15.81311,-48.067623,46.0,,,2,2023-06-14T23:31:28+00:00
BRA_444278,Brasília,5300108,,Urbi,056.2,https://moovitapp.com/index/pt-br/transporte_p%C3%BAblico-line-056_2-Brasilia-1702-851595-492982-0,-1.0,-15.890957,-48.144583,57.0,,,2,2023-06-14T23:31:30+00:00
BRA_445380,Brasília,5300108,,Marechal,0.378,https://moovitapp.com/index/pt-br/transporte_p%C3%BAblico-line-0_378-Brasilia-1702-851940-347150-0,-1.0,-15.809203,-47.935203,31.0,,,2,2023-06-14T23:31:28+00:00
BRA_442411,Brasília,5300108,,Urbi,0.050,https://moovitapp.com/index/pt-br/transporte_p%C3%BAblico-line-0_050-Brasilia-1702-851595-781325-0,-1.0,-15.89525,-48.138107,45.0,,,2,2023-06-14T23:31:28+00:00
BRA_440345,Brasília,5300108,,Marechal,260.3,https://moovitapp.com/index/pt-br/transporte_p%C3%BAblico-line-260_3-Brasilia-1702-851940-393566-0,-1.0,-15.87034,-48.038577,0.0,,,2,2023-06-14T23:31:28+00:00
BRA_442755,Brasília,5300108,,Marechal,0.339,https://moovitapp.com/index/pt-br/transporte_p%C3%BAblico-line-0_339-Brasilia-1702-851940-419625-0,-1.0,-15.801253,-48.061583,55.0,,,2,2023-06-14T23:31:28+00:00
BRA_445339,Brasília,5300108,,Marechal,0.336,https://moovitapp.com/index/pt-br/transporte_p%C3%BAblico-line-0_336-Brasilia-1702-851940-347142-0,-1.0,-15.846213,-48.10767,39.0,,,2,2023-06-14T23:31:28+00:00
BRA_443247,Brasília,5300108,,Marechal,0.043,https://moovitapp.com/index/pt-br/transporte_p%C3%BAblico-line-0_043-Brasilia-1702-851940-781330-0,-1.0,-15.832537,-48.05256,43.0,,,2,2023-06-14T23:31:28+00:00
BRA_442445,Brasília,5300108,,Marechal,0.942,https://moovitapp.com/index/pt-br/transporte_p%C3%BAblico-line-0_942-Brasilia-1702-851940-347158-0,-1.0,-15.79429,-47.972813,61.0,,,2,2023-06-14T23:31:28+00:00
BRA_442267,Brasília,5300108,,Marechal,0.554,https://moovitapp.com/index/pt-br/transporte_p%C3%BAblico-line-0_554-Brasilia-1702-851940-504340-0,-1.0,-15.786583,-47.908993,40.0,,,2,2023-06-14T23:31:28+00:00
BRA_442275,Brasília,5300108,,Marechal,0.089,https://moovitapp.com/index/pt-br/transporte_p%C3%BAblico-line-0_089-Brasilia-1702-851940-706977-0,-1.0,-15.816583,-48.00931,59.0,,,2,2023-06-14T23:31:28+00:00
BRA_442241,Brasília,5300108,,Urbi,056.4,https://moovitapp.com/index/pt-br/transporte_p%C3%BAblico-line-056_4-Brasilia-1702-851595-519387-0,-1.0,-15.88279,-48.126907,34.0,,,2,2023-06-14T23:31:28+00:00
BRA_440906,Brasília,5300108,,Marechal,0.205,https://moovitapp.com/index/pt-br/transporte_p%C3%BAblico-line-0_205-Brasilia-1702-851940-463646-0,-1.0,-15.79523,-48.11063,0.0,,,2,2023-06-14T23:31:28+00:00
BRA_444618,Brasília,5300108,,Marechal,0.554,https://moovitapp.com/index/pt-br/transporte_p%C3%BAblico-line-0_554-Brasilia-1702-851940-504340-0,-1.0,-15.841023,-48.12693,0.0,,,2,2023-06-14T23:31:28+00:00
BRA_441937,Brasília,5300108,,Marechal,932.2,https://moovitapp.com/index/pt-br/transporte_p%C3%BAblico-line-932_2-Brasilia-1702-851940-3494666-0,-1.0,-15.819973,-47.916853,34.0,,,2,2023-06-14T23:31:31+00:00
BRA_441392,Brasília,5300108,,Urbi,367.2,https://moovitapp.com/index/pt-br/transporte_p%C3%BAblico-line-367_2-Brasilia-1702-851595-454971-0,-1.0,-15.83937,-48.12861,0.0,,,2,2023-06-14T23:31:32+00:00
BRA_440248,Brasília,5300108,,Marechal,355.2,https://moovitapp.com/index/pt-br/transporte_p%C3%BAblico-line-355_2-Brasilia-1702-851940-510251-0,-1.0,-15.79453,-48.050333,0.0,,,2,2023-06-14T23:31:28+00:00
BRA_440426,Brasília,5300108,,Marechal,260.3,https://moovitapp.com/index/pt-br/transporte_p%C3%BAblico-line-260_3-Brasilia-1702-851940-393566-0,-1.0,-16.015817,-48.017183,18.0,,,2,2023-06-14T23:31:29+00:00
BRA_444103,Brasília,5300108,,Marechal,933.5,https://moovitapp.com/index/pt-br/transporte_p%C3%BAblico-line-933_5-Brasilia-1702-851940-766837-0,-1.0,-15.839563,-48.140377,11.0,,,2,2023-06-14T23:31:29+00:00
BRA_441856,Brasília,5300108,,Urbi,0.056,https://moovitapp.com/index/pt-br/transporte_p%C3%BAblico-line-0_056-Brasilia-1702-851595-588804-0,-1.0,-15.81183,-48.084343,60.0,,,2,2023-06-14T23:31:29+00:00
BRA_442003,Brasília,5300108,,Marechal,363.2,https://moovitapp.com/index/pt-br/transporte_p%C3%BAblico-line-363_2-Brasilia-1702-851940-725443-0,-1.0,-15.856173,-48.113333,25.0,,,2,2023-06-14T23:31:29+00:00
BRA_443557,Brasília,5300108,,Marechal,355.3,https://moovitapp.com/index/pt-br/transporte_p%C3%BAblico-line-355_3-Brasilia-1702-851940-504343-0,-1.0,-15.86995,-48.037527,0.0,,,2,2023-06-14T23:31:29+00:00
BRA_441511,Brasília,5300108,,Marechal,0.363,https://moovitapp.com/index/pt-br/transporte_p%C3%BAblico-line-0_363-Brasilia-1702-851940-504339-0,-1.0,-15.831863,-48.05174,44.0,,,2,2023-06-14T23:31:30+00:00
BRA_441830,Brasília,5300108,,São José,332.1,https://moovitapp.com/index/pt-br/transporte_p%C3%BAblico-line-332_1-Brasilia-1702-851943-2068455-0,-1.0,-15.814927,-48.063527,27.0,,,2,2023-06-14T23:31:29+00:00
BRA_444570,Brasília,5300108,,Marechal,0.942,https://moovitapp.com/index/pt-br/transporte_p%C3%BAblico-line-0_942-Brasilia-1702-851940-347158-0,-1.0,-15.840977,-48.12671,0.0,,,2,2023-06-14T23:31:28+00:00
BRA_443051,Brasília,5300108,,Marechal,0.903,https://moovitapp.com/index/pt-br/transporte_p%C3%BAblico-line-0_903-Brasilia-1702-851940-347155-0,-1.0,-15.79749,-47.867577,42.0,,,2,2023-06-14T23:31:28+00:00
BRA_442801,Brasília,5300108,,Marechal,933.2,https://moovitapp.com/index/pt-br/transporte_p%C3%BAblico-line-933_2-Brasilia-1702-851940-717428-0,-1.0,-15.844307,-48.10473,3.0,,,2,2023-06-14T23:31:28+00:00
BRA_442615,Brasília,5300108,,Urbi,0.050,https://moovitapp.com/index/pt-br/transporte_p%C3%BAblico-line-0_050-Brasilia-1702-851595-781325-0,-1.0,-15.88984,-48.14297,24.0,,,2,2023-06-14T23:31:28+00:00
BRA_441660,Brasília,5300108,,Urbi,056.4,https://moovitapp.com/index/pt-br/transporte_p%C3%BAblico-line-056_4-Brasilia-1702-851595-519387-0,-1.0,-15.883893,-48.150583,0.0,,,2,2023-06-14T23:31:28+00:00
BRA_443123,Brasília,5300108,,Marechal,361.1,https://moovitapp.com/index/pt-br/transporte_p%C3%BAblico-line-361_1-Brasilia-1702-851940-363861-0,-1.0,-15.840647,-48.12718,0.0,,,2,2023-06-14T23:31:28+00:00
BRA_440591,Brasília,5300108,,Piracicabana,099.1,https://moovitapp.com/index/pt-br/transporte_p%C3%BAblico-line-099_1-Brasilia-1702-850942-775090-0,-1.0,-15.84223,-48.02773,31.0,,,2,2023-06-14T23:31:29+00:00
BRA_440957,Brasília,5300108,,Marechal,0.376,https://moovitapp.com/index/pt-br/transporte_p%C3%BAblico-line-0_376-Brasilia-1702-851940-242726-0,-1.0,-15.832677,-48.057467,15.0,,,2,2023-06-14T23:31:29+00:00
BRA_444219,Brasília,5300108,,Marechal,933.5,https://moovitapp.com/index/pt-br/transporte_p%C3%BAblico-line-933_5-Brasilia-1702-851940-766837-0,-1.0,-15.818503,-48.107063,34.0,,,2,2023-06-14T23:31:32+00:00
BRA_440400,Brasília,5300108,,São José,0.092,https://moovitapp.com/index/pt-br/transporte_p%C3%BAblico-line-0_092-Brasilia-1702-851943-496589-0,-1.0,-15.869857,-48.03762,0.0,,,2,2023-06-14T23:31:29+00:00
BRA_444031,Brasília,5300108,,Urbi,393.7,https://moovitapp.com/index/pt-br/transporte_p%C3%BAblico-line-393_7-Brasilia-1702-851595-588818-0,-1.0,-15.83892,-48.129037,0.0,,,2,2023-06-14T23:31:29+00:00
BRA_440752,Brasília,5300108,,Marechal,154.2,https://moovitapp.com/index/pt-br/transporte_p%C3%BAblico-line-154_2-Brasilia-1702-851940-527234-0,-1.0,-15.83834,-47.923243,59.0,,,2,2023-06-14T23:31:29+00:00
BRA_441708,Brasília,5300108,,Urbi,367.2,https://moovitapp.com/index/pt-br/transporte_p%C3%BAblico-line-367_2-Brasilia-1702-851595-454971-0,-1.0,-15.83995,-48.129683,0.0,,,2,2023-06-14T23:31:24+00:00
BRA_445193,Brasília,5300108,,Marechal,0.300,https://moovitapp.com/index/pt-br/transporte_p%C3%BAblico-line-0_300-Brasilia-1702-851940-419624-0,-1.0,-15.83072,-48.055137,44.0,,,2,2023-06-14T23:29:29+00:00
BRA_440078,Brasília,5300108,,Marechal,154.2,https://moovitapp.com/index/pt-br/transporte_p%C3%BAblico-line-154_2-Brasilia-1702-851940-527234-0,-1.0,-15.820387,-47.986607,0.0,,,2,2023-06-14T23:31:32+00:00
BRA_444111,Brasília,5300108,,Marechal,0.043,https://moovitapp.com/index/pt-br/transporte_p%C3%BAblico-line-0_043-Brasilia-1702-851940-781330-0,-1.0,-15.840373,-48.126967,0.0,,,2,2023-06-14T23:31:24+00:00
BRA_443085,Brasília,5300108,,Marechal,850.1,https://moovitapp.com/index/pt-br/transporte_p%C3%BAblico-line-850_1-Brasilia-1702-851940-519398-0,-1.0,-15.849203,-48.09871,30.0,,,2,2023-06-14T23:31:28+00:00
BRA_442674,Brasília,5300108,,Marechal,363.1,https://moovitapp.com/index/pt-br/transporte_p%C3%BAblico-line-363_1-Brasilia-1702-851940-504344-0,-1.0,-15.839867,-48.129173,0.0,,,2,2023-06-14T23:31:23+00:00
BRA_440086,Brasília,5300108,,Marechal,0.090,https://moovitapp.com/index/pt-br/transporte_p%C3%BAblico-line-0_090-Brasilia-1702-851940-242702-0,-1.0,-15.840513,-47.965963,0.0,,,2,2023-06-14T23:31:28+00:00
BRA_442534,Brasília,5300108,,Marechal,932.2,https://moovitapp.com/index/pt-br/transporte_p%C3%BAblico-line-932_2-Brasilia-1702-851940-3494666-0,-1.0,-15.79396,-47.883233,0.0,,,2,2023-06-14T23:31:34+00:00
BRA_442704,Brasília,5300108,,Marechal,0.383,https://moovitapp.com/index/pt-br/transporte_p%C3%BAblico-line-0_383-Brasilia-1702-851940-347151-0,-1.0,-15.78107,-47.939327,49.0,,,2,2023-06-14T23:31:28+00:00
BRA_442879,Brasília,5300108,,Marechal,933.5,https://moovitapp.com/index/pt-br/transporte_p%C3%BAblico-line-933_5-Brasilia-1702-851940-766837-0,-1.0,-15.85412,-48.03924,32.0,,,2,2023-06-14T23:31:28+00:00
BRA_441449,Brasília,5300108,,São José,332.1,https://moovitapp.com/index/pt-br/transporte_p%C3%BAblico-line-332_1-Brasilia-1702-851943-2068455-0,-1.0,-15.839147,-48.128647,0.0,,,2,2023-06-14T23:31:28+00:00
BRA_443417,Brasília,5300108,,Marechal,933.2,https://moovitapp.com/index/pt-br/transporte_p%C3%BAblico-line-933_2-Brasilia-1702-851940-717428-0,-1.0,-15.84087,-48.126633,0.0,,,2,2023-06-14T23:31:34+00:00
BRA_441384,Brasília,5300108,,Urbi,372.5,https://moovitapp.com/index/pt-br/transporte_p%C3%BAblico-line-372_5-Brasilia-1702-851595-519391-0,-1.0,-15.875813,-48.097687,39.0,,,2,2023-06-14T23:31:31+00:00
BRA_441333,Brasília,5300108,,São José,157.8,https://moovitapp.com/index/pt-br/transporte_p%C3%BAblico-line-157_8-Brasilia-1702-851943-759503-0,-1.0,-15.82537,-47.980427,0.0,,,2,2023-06-14T23:31:28+00:00
BRA_443310,Brasília,5300108,,Marechal,0.903,https://moovitapp.com/index/pt-br/transporte_p%C3%BAblico-line-0_903-Brasilia-1702-851940-347155-0,-1.0,-15.84829,-48.120553,12.0,,,2,2023-06-14T23:31:23+00:00
BRA_441180,Brasília,5300108,,Marechal,260.3,https://moovitapp.com/index/pt-br/transporte_p%C3%BAblico-line-260_3-Brasilia-1702-851940-393566-0,-1.0,-16.041957,-48.025623,0.0,,,2,2023-06-14T23:31:28+00:00
BRA_441261,Brasília,5300108,,Marechal,0.357,https://moovitapp.com/index/pt-br/transporte_p%C3%BAblico-line-0_357-Brasilia-1702-851940-775109-0,-1.0,-15.872813,-48.03373,28.0,,,2,2023-06-14T23:30:52+00:00
BRA_444316,Brasília,5300108,,Marechal,933.2,https://moovitapp.com/index/pt-br/transporte_p%C3%BAblico-line-933_2-Brasilia-1702-851940-717428-0,-1.0,-15.83572,-48.089377,0.0,,,2,2023-06-14T23:31:29+00:00
BRA_440116,Brasília,5300108,,Marechal,0.156,https://moovitapp.com/index/pt-br/transporte_p%C3%BAblico-line-0_156-Brasilia-1702-851940-242705-0,-1.0,-15.869513,-48.037457,0.0,,,2,2023-06-14T23:31:24+00:00
BRA_440809,Brasília,5300108,,Marechal,156.1,https://moovitapp.com/index/pt-br/transporte_p%C3%BAblico-line-156_1-Brasilia-1702-851940-242750-0,-1.0,-15.840297,-47.965677,0.0,,,2,2023-06-14T23:31:29+00:00
BRA_440663,Brasília,5300108,,Marechal,206.1,https://moovitapp.com/index/pt-br/transporte_p%C3%BAblico-line-206_1-Brasilia-1702-851940-137149861-0,-1.0,-15.834327,-48.056837,4.0,,,2,2023-06-14T23:31:29+00:00
BRA_440825,Brasília,5300108,,Marechal,156.1,https://moovitapp.com/index/pt-br/transporte_p%C3%BAblico-line-156_1-Brasilia-1702-851940-242750-0,-1.0,-15.82765,-47.92709,49.0,,,2,2023-06-14T23:31:29+00:00
BRA_444090,Brasília,5300108,,Marechal,933.6,https://moovitapp.com/index/pt-br/transporte_p%C3%BAblico-line-933_6-Brasilia-1702-851940-3494672-0,-1.0,-15.840903,-48.12701,0.0,,,2,2023-06-14T23:20:49+00:00
BRA_445312,Brasília,5300108,,Marechal,337.1,https://moovitapp.com/index/pt-br/transporte_p%C3%BAblico-line-337_1-Brasilia-1702-851940-347165-0,-1.0,-15.799167,-47.892887,46.0,,,2,2023-06-14T23:31:28+00:00
BRA_445177,Brasília,5300108,,Marechal,0.378,https://moovitapp.com/index/pt-br/transporte_p%C3%BAblico-line-0_378-Brasilia-1702-851940-347150-0,-1.0,-15.830797,-48.055283,40.0,,,2,2023-06-14T23:31:33+00:00
BRA_441554,Brasília,5300108,,Marechal,0.339,https://moovitapp.com/index/pt-br/transporte_p%C3%BAblico-line-0_339-Brasilia-1702-851940-419625-0,-1.0,-15.840973,-48.126977,0.0,,,2,2023-06-14T23:31:30+00:00
BRA_442194,Brasília,5300108,,Urbi,0.054,https://moovitapp.com/index/pt-br/transporte_p%C3%BAblico-line-0_054-Brasilia-1702-851595-454960-0,-1.0,-15.891833,-48.107007,18.0,,,2,2023-06-14T23:31:28+00:00
BRA_440221,Brasília,5300108,,São José,0.092,https://moovitapp.com/index/pt-br/transporte_p%C3%BAblico-line-0_092-Brasilia-1702-851943-496589-0,-1.0,-15.826913,-48.05379,50.0,,,2,2023-06-14T23:31:28+00:00
BRA_443883,Brasília,5300108,,Marechal,959.1,https://moovitapp.com/index/pt-br/transporte_p%C3%BAblico-line-959_1-Brasilia-1702-851940-789939-0,-1.0,-15.87001,-48.037707,0.0,,,2,2023-06-14T23:31:28+00:00
BRA_441791,Brasília,5300108,,Marechal,0.369,https://moovitapp.com/index/pt-br/transporte_p%C3%BAblico-line-0_369-Brasilia-1702-851940-500060-0,-1.0,-15.88912,-48.082573,69.0,,,2,2023-06-14T23:31:32+00:00
BRA_445355,Brasília,5300108,,Marechal,337.1,https://moovitapp.com/index/pt-br/transporte_p%C3%BAblico-line-337_1-Brasilia-1702-851940-347165-0,-1.0,-15.844987,-48.106,9.0,,,2,2023-06-14T23:31:28+00:00
BRA_445266,Brasília,5300108,,Marechal,0.336,https://moovitapp.com/index/pt-br/transporte_p%C3%BAblico-line-0_336-Brasilia-1702-851940-347142-0,-1.0,-15.814437,-48.004197,58.0,,,2,2023-06-14T23:01:31+00:00
BRA_445142,Brasília,5300108,,Marechal,0.306,https://moovitapp.com/index/pt-br/transporte_p%C3%BAblico-line-0_306-Brasilia-1702-851940-242714-0,-1.0,-15.85017,-48.047163,44.0,,,2,2023-06-14T23:31:32+00:00
BRA_441473,Brasília,5300108,,Marechal,0.089,https://moovitapp.com/index/pt-br/transporte_p%C3%BAblico-line-0_089-Brasilia-1702-851940-706977-0,-1.0,-15.844347,-47.966353,41.0,,,2,2023-06-14T23:31:30+00:00
BRA_441571,Brasília,5300108,,Marechal,0.555,https://moovitapp.com/index/pt-br/transporte_p%C3%BAblico-line-0_555-Brasilia-1702-851940-504341-0,-1.0,-15.812167,-47.982757,58.0,,,2,2023-06-14T23:31:28+00:00
BRA_444677,Brasília,5300108,,São José,359.2,https://moovitapp.com/index/pt-br/transporte_p%C3%BAblico-line-359_2-Brasilia-1702-851943-2068453-0,-1.0,-15.808053,-48.157067,0.0,,,2,2023-06-14T23:26:27+00:00
BRA_444685,Brasília,5300108,,São José,359.2,https://moovitapp.com/index/pt-br/transporte_p%C3%BAblico-line-359_2-Brasilia-1702-851943-2068453-0,-1.0,-15.834617,-48.03653,0.0,,,2,2023-06-14T23:31:28+00:00
BRA_444669,Brasília,5300108,,Marechal,0.043,https://moovitapp.com/index/pt-br/transporte_p%C3%BAblico-line-0_043-Brasilia-1702-851940-781330-0,-1.0,-15.83569,-48.088337,32.0,,,2,2023-06-14T23:31:35+00:00
BRA_440485,Brasília,5300108,,Piracicabana,099.1,https://moovitapp.com/index/pt-br/transporte_p%C3%BAblico-line-099_1-Brasilia-1702-850942-775090-0,-1.0,-15.857783,-48.037277,40.0,,,2,2023-06-14T23:31:28+00:00
BRA_441023,Brasília,5300108,,São José,0.092,https://moovitapp.com/index/pt-br/transporte_p%C3%BAblico-line-0_092-Brasilia-1702-851943-496589-0,-1.0,-15.84642,-47.94921,20.0,,,2,2023-06-14T23:31:28+00:00
BRA_442119,Brasília,5300108,,Marechal,933.5,https://moovitapp.com/index/pt-br/transporte_p%C3%BAblico-line-933_5-Brasilia-1702-851940-766837-0,-1.0,-15.840747,-48.12678,0.0,,,2,2023-06-14T23:31:28+00:00
BRA_443948,Brasília,5300108,,Marechal,0.363,https://moovitapp.com/index/pt-br/transporte_p%C3%BAblico-line-0_363-Brasilia-1702-851940-504339-0,-1.0,-15.83883,-48.12882,0.0,,,2,2023-06-14T23:31:23+00:00
BRA_442208,Brasília,5300108,,Urbi,056.4,https://moovitapp.com/index/pt-br/transporte_p%C3%BAblico-line-056_4-Brasilia-1702-851595-519387-0,-1.0,-15.884167,-48.150927,0.0,,,2,2023-06-14T23:31:28+00:00
BRA_441759,Brasília,5300108,,Urbi,0.050,https://moovitapp.com/index/pt-br/transporte_p%C3%BAblico-line-0_050-Brasilia-1702-851595-781325-0,-1.0,-15.883693,-48.14987,0.0,,,2,2023-06-14T23:31:28+00:00
BRA_443654,Brasília,5300108,,Marechal,959.2,https://moovitapp.com/index/pt-br/transporte_p%C3%BAblico-line-959_2-Brasilia-1702-851940-66561063-0,-1.0,-15.856577,-47.99526,31.0,,,2,2023-06-14T23:29:03+00:00
BRA_442542,Brasília,5300108,,Marechal,0.383,https://moovitapp.com/index/pt-br/transporte_p%C3%BAblico-line-0_383-Brasilia-1702-851940-347151-0,-1.0,-15.839807,-48.129287,0.0,,,2,2023-06-14T23:31:28+00:00
BRA_441457,Brasília,5300108,,Urbi,393.6,https://moovitapp.com/index/pt-br/transporte_p%C3%BAblico-line-393_6-Brasilia-1702-851595-588817-0,-1.0,-15.842317,-48.045963,50.0,,,2,2023-06-14T23:31:28+00:00
BRA_441244,Brasília,5300108,,Marechal,0.205,https://moovitapp.com/index/pt-br/transporte_p%C3%BAblico-line-0_205-Brasilia-1702-851940-463646-0,-1.0,-16.015967,-48.054027,54.0,,,2,2023-06-14T23:31:28+00:00
BRA_440132,Brasília,5300108,,Marechal,154.2,https://moovitapp.com/index/pt-br/transporte_p%C3%BAblico-line-154_2-Brasilia-1702-851940-527234-0,-1.0,-15.828823,-47.918327,58.0,,,2,2023-06-14T23:31:28+00:00
BRA_443565,Brasília,5300108,,Marechal,0.951,https://moovitapp.com/index/pt-br/transporte_p%C3%BAblico-line-0_951-Brasilia-1702-851940-783578-0,-1.0,-15.869297,-48.031457,51.0,,,2,2023-06-14T23:09:25+00:00
BRA_444693,Brasília,5300108,,São José,333.6,https://moovitapp.com/index/pt-br/transporte_p%C3%BAblico-line-333_6-Brasilia-1702-851943-2068452-0,-1.0,-15.834253,-48.08019,63.0,,,2,2023-06-14T23:31:30+00:00
BRA_441627,Brasília,5300108,,Urbi,367.2,https://moovitapp.com/index/pt-br/transporte_p%C3%BAblico-line-367_2-Brasilia-1702-851595-454971-0,-1.0,-15.884147,-48.149807,0.0,,,2,2023-06-14T23:31:28+00:00
BRA_440698,Brasília,5300108,,Marechal,157.6,https://moovitapp.com/index/pt-br/transporte_p%C3%BAblico-line-157_6-Brasilia-1702-851940-419627-0,-1.0,-15.810493,-47.989447,31.0,,,2,2023-06-14T23:31:34+00:00
BRA_441732,Brasília,5300108,,Urbi,056.2,https://moovitapp.com/index/pt-br/transporte_p%C3%BAblico-line-056_2-Brasilia-1702-851595-492982-0,-1.0,-15.85255,-48.072473,28.0,,,2,2023-06-14T23:09:51+00:00
BRA_441155,Brasília,5300108,,Marechal,260.3,https://moovitapp.com/index/pt-br/transporte_p%C3%BAblico-line-260_3-Brasilia-1702-851940-393566-0,-1.0,-15.818817,-48.107627,50.0,,,2,2023-06-14T23:31:28+00:00
BRA_442631,Brasília,5300108,,Marechal,933.3,https://moovitapp.com/index/pt-br/transporte_p%C3%BAblico-line-933_3-Brasilia-1702-851940-450287-0,-1.0,-15.841167,-48.12683,0.0,,,2,2023-06-14T23:31:28+00:00
BRA_443697,Brasília,5300108,,Marechal,351.3,https://moovitapp.com/index/pt-br/transporte_p%C3%BAblico-line-351_3-Brasilia-1702-851940-510249-0,-1.0,-15.87012,-48.037473,0.0,,,2,2023-06-14T23:31:28+00:00
BRA_443603,Brasília,5300108,,Marechal,351.3,https://moovitapp.com/index/pt-br/transporte_p%C3%BAblico-line-351_3-Brasilia-1702-851940-510249-0,-1.0,-15.866937,-48.037217,11.0,,,2,2023-06-14T23:28:58+00:00
BRA_440175,Brasília,5300108,,Urbi,038.1,https://moovitapp.com/index/pt-br/transporte_p%C3%BAblico-line-038_1-Brasilia-1702-851595-781327-0,-1.0,-15.806437,-48.077963,47.0,,,2,2023-06-14T23:31:29+00:00
BRA_444511,Brasília,5300108,,Marechal,0.089,https://moovitapp.com/index/pt-br/transporte_p%C3%BAblico-line-0_089-Brasilia-1702-851940-706977-0,-1.0,-15.83945,-48.129863,0.0,,,2,2023-06-14T23:31:34+00:00
BRA_442224,Brasília,5300108,,Marechal,933.4,https://moovitapp.com/index/pt-br/transporte_p%C3%BAblico-line-933_4-Brasilia-1702-851940-656766-0,-1.0,-15.840063,-48.129443,0.0,,,2,2023-06-14T23:31:28+00:00
BRA_443204,Brasília,5300108,,Marechal,933.1,https://moovitapp.com/index/pt-br/transporte_p%C3%BAblico-line-933_1-Brasilia-1702-851940-358307-0,-1.0,-15.83878,-48.129057,0.0,,,2,2023-06-14T23:31:29+00:00
BRA_441228,Brasília,5300108,,São José,157.8,https://moovitapp.com/index/pt-br/transporte_p%C3%BAblico-line-157_8-Brasilia-1702-851943-759503-0,-1.0,-15.78468,-47.994377,15.0,,,2,2023-06-14T23:31:29+00:00
BRA_443573,Brasília,5300108,,Marechal,959.3,https://moovitapp.com/index/pt-br/transporte_p%C3%BAblico-line-959_3-Brasilia-1702-851940-103863179-0,-1.0,-15.869073,-48.038397,0.0,,,2,2023-06-14T23:31:29+00:00
BRA_443379,Brasília,5300108,,Marechal,0.554,https://moovitapp.com/index/pt-br/transporte_p%C3%BAblico-line-0_554-Brasilia-1702-851940-504340-0,-1.0,-15.840903,-48.126613,0.0,,,2,2023-06-14T23:31:29+00:00
BRA_443280,Brasília,5300108,,Urbi,0.054,https://moovitapp.com/index/pt-br/transporte_p%C3%BAblico-line-0_054-Brasilia-1702-851595-454960-0,-1.0,-15.85854,-48.045727,42.0,,,2,2023-06-14T23:31:29+00:00
BRA_441171,Brasília,5300108,,Marechal,260.3,https://moovitapp.com/index/pt-br/transporte_p%C3%BAblico-line-260_3-Brasilia-1702-851940-393566-0,-1.0,-15.807873,-48.156857,0.0,,,2,2023-06-14T23:31:29+00:00
BRA_442038,Brasília,5300108,,Urbi,372.4,https://moovitapp.com/index/pt-br/transporte_p%C3%BAblico-line-372_4-Brasilia-1702-851595-650087-0,-1.0,-15.842613,-48.058227,28.0,,,2,2023-06-14T23:31:29+00:00
BRA_441414,Brasília,5300108,,Urbi,0.898,https://moovitapp.com/index/pt-br/transporte_p%C3%BAblico-line-0_898-Brasilia-1702-851595-322394-0,-1.0,-15.831137,-48.056387,26.0,,,2,2023-06-14T23:31:29+00:00
BRA_443549,Brasília,5300108,,Marechal,355.2,https://moovitapp.com/index/pt-br/transporte_p%C3%BAblico-line-355_2-Brasilia-1702-851940-510251-0,-1.0,-15.83884,-48.058123,40.0,,,2,2023-06-14T23:31:28+00:00
BRA_444502,Brasília,5300108,,Marechal,361.1,https://moovitapp.com/index/pt-br/transporte_p%C3%BAblico-line-361_1-Brasilia-1702-851940-363861-0,-1.0,-15.839467,-48.130077,0.0,,,2,2023-06-14T23:31:28+00:00
BRA_441287,Brasília,5300108,,Marechal,0.205,https://moovitapp.com/index/pt-br/transporte_p%C3%BAblico-line-0_205-Brasilia-1702-851940-463646-0,-1.0,-16.020463,-48.023247,45.0,,,2,2023-06-14T23:31:33+00:00
BRA_443999,Brasília,5300108,,Marechal,933.6,https://moovitapp.com/index/pt-br/transporte_p%C3%BAblico-line-933_6-Brasilia-1702-851940-3494672-0,-1.0,-15.811,-48.068363,0.0,,,2,2023-06-14T23:31:28+00:00
BRA_443221,Brasília,5300108,,Marechal,0.555,https://moovitapp.com/index/pt-br/transporte_p%C3%BAblico-line-0_555-Brasilia-1702-851940-504341-0,-1.0,-15.847637,-48.110137,24.0,,,2,2023-06-14T23:06:48+00:00
BRA_444898,Brasília,5300108,,Marechal,386.1,https://moovitapp.com/index/pt-br/transporte_p%C3%BAblico-line-386_1-Brasilia-1702-851940-775114-0,-1.0,-15.840667,-48.126823,0.0,,,2,2023-06-14T23:31:28+00:00
BRA_445053,Brasília,5300108,,Urbi,0.898,https://moovitapp.com/index/pt-br/transporte_p%C3%BAblico-line-0_898-Brasilia-1702-851595-322394-0,-1.0,-15.839043,-48.12917,0.0,,,2,2023-06-14T23:31:28+00:00
BRA_444979,Brasília,5300108,,Urbi,0.898,https://moovitapp.com/index/pt-br/transporte_p%C3%BAblico-line-0_898-Brasilia-1702-851595-322394-0,-1.0,-15.831123,-48.050477,39.0,,,2,2023-06-14T23:31:28+00:00
BRA_444910,Brasília,5300108,,Urbi,0.898,https://moovitapp.com/index/pt-br/transporte_p%C3%BAblico-line-0_898-Brasilia-1702-851595-322394-0,-1.0,-15.88067,-48.054723,48.0,,,2,2023-06-14T23:31:28+00:00
BRA_445096,Brasília,5300108,,São José,332.1,https://moovitapp.com/index/pt-br/transporte_p%C3%BAblico-line-332_1-Brasilia-1702-851943-2068455-0,-1.0,-15.79123,-48.13893,13.0,,,2,2023-06-14T23:31:29+00:00
BRA_444936,Brasília,5300108,,Marechal,0.089,https://moovitapp.com/index/pt-br/transporte_p%C3%BAblico-line-0_089-Brasilia-1702-851940-706977-0,-1.0,-15.83762,-47.96261,51.0,,,2,2023-06-14T23:31:18+00:00
BRA_445088,Brasília,5300108,,São José,350.1,https://moovitapp.com/index/pt-br/transporte_p%C3%BAblico-line-350_1-Brasilia-1702-851943-2068450-0,-1.0,-15.834757,-48.036383,0.0,,,2,2023-06-14T23:31:29+00:00
BRA_444855,Brasília,5300108,,Marechal,0.089,https://moovitapp.com/index/pt-br/transporte_p%C3%BAblico-line-0_089-Brasilia-1702-851940-706977-0,-1.0,-15.840823,-48.126903,0.0,,,2,2023-06-14T23:31:29+00:00
BRA_445100,Brasília,5300108,,São José,333.6,https://moovitapp.com/index/pt-br/transporte_p%C3%BAblico-line-333_6-Brasilia-1702-851943-2068452-0,-1.0,-15.80923,-48.069023,11.0,,,2,2023-06-14T22:57:20+00:00
BRA_444987,Brasília,5300108,,São José,359.2,https://moovitapp.com/index/pt-br/transporte_p%C3%BAblico-line-359_2-Brasilia-1702-851943-2068453-0,-1.0,-15.786083,-48.125817,46.0,,,2,2023-06-14T23:26:22+00:00
BRA_445029,Brasília,5300108,,Marechal,933.1,https://moovitapp.com/index/pt-br/transporte_p%C3%BAblico-line-933_1-Brasilia-1702-851940-358307-0,-1.0,-15.83951,-48.128583,0.0,,,2,2023-06-14T23:31:29+00:00
BRA_445061,Brasília,5300108,,Marechal,0.361,https://moovitapp.com/index/pt-br/transporte_p%C3%BAblico-line-0_361-Brasilia-1702-851940-376158-0,-1.0,-15.834877,-48.07779,61.0,,,2,2023-06-14T23:26:43+00:00
BRA_445070,Brasília,5300108,,Marechal,933.3,https://moovitapp.com/index/pt-br/transporte_p%C3%BAblico-line-933_3-Brasilia-1702-851940-450287-0,-1.0,-15.84782,-48.110197,0.0,,,2,2023-06-14T23:31:29+00:00
BRA_445037,Brasília,5300108,,Marechal,933.6,https://moovitapp.com/index/pt-br/transporte_p%C3%BAblico-line-933_6-Brasilia-1702-851940-3494672-0,-1.0,-15.840897,-48.126553,1.0,,,2,2023-06-14T23:31:29+00:00
BRA_444961,Brasília,5300108,,Urbi,0.347,https://moovitapp.com/index/pt-br/transporte_p%C3%BAblico-line-0_347-Brasilia-1702-851595-347128-0,-1.0,-15.84016,-47.96642,20.0,,,2,2023-06-14T23:31:31+00:00
BRA_444847,Brasília,5300108,,São José,359.2,https://moovitapp.com/index/pt-br/transporte_p%C3%BAblico-line-359_2-Brasilia-1702-851943-2068453-0,-1.0,-15.840607,-48.046877,1.0,,,2,2023-06-14T23:31:29+00:00
BRA_444821,Brasília,5300108,,São José,332.1,https://moovitapp.com/index/pt-br/transporte_p%C3%BAblico-line-332_1-Brasilia-1702-851943-2068455-0,-1.0,-15.81567,-48.101637,2.0,,,2,2023-06-14T23:31:29+00:00
BRA_444871,Brasília,5300108,,São José,350.1,https://moovitapp.com/index/pt-br/transporte_p%C3%BAblico-line-350_1-Brasilia-1702-851943-2068450-0,-1.0,-15.789577,-48.13512,21.0,,,2,2023-06-14T23:31:33+00:00
BRA_444766,Brasília,5300108,,Marechal,0.383,https://moovitapp.com/index/pt-br/transporte_p%C3%BAblico-line-0_383-Brasilia-1702-851940-347151-0,-1.0,-15.791887,-47.953863,62.0,,,2,2023-06-14T23:31:32+00:00
BRA_440817,Brasília,5300108,,São José,157.8,https://moovitapp.com/index/pt-br/transporte_p%C3%BAblico-line-157_8-Brasilia-1702-851943-759503-0,-1.0,-15.80181,-48.001173,58.0,,,2,2023-06-14T23:27:56+00:00
BRA_441651,Brasília,5300108,,Urbi,0.347,https://moovitapp.com/index/pt-br/transporte_p%C3%BAblico-line-0_347-Brasilia-1702-851595-347128-0,-1.0,-15.840673,-48.12719,0.0,,,2,2023-06-14T23:31:28+00:00
BRA_441406,Brasília,5300108,,Marechal,0.089,https://moovitapp.com/index/pt-br/transporte_p%C3%BAblico-line-0_089-Brasilia-1702-851940-706977-0,-1.0,-15.883813,-48.15002,0.0,,,2,2023-06-14T23:31:28+00:00
BRA_443611,Brasília,5300108,,Marechal,355.2,https://moovitapp.com/index/pt-br/transporte_p%C3%BAblico-line-355_2-Brasilia-1702-851940-510251-0,-1.0,-15.870287,-48.03804,7.0,,,2,2023-06-14T23:16:12+00:00
BRA_444839,Brasília,5300108,,Marechal,363.2,https://moovitapp.com/index/pt-br/transporte_p%C3%BAblico-line-363_2-Brasilia-1702-851940-725443-0,-1.0,-15.839163,-48.128453,0.0,,,2,2023-06-14T23:31:29+00:00
BRA_440884,Brasília,5300108,,Marechal,260.3,https://moovitapp.com/index/pt-br/transporte_p%C3%BAblico-line-260_3-Brasilia-1702-851940-393566-0,-1.0,-15.807097,-48.14121,12.0,,,2,2023-06-14T23:31:29+00:00
BRA_440302,Brasília,5300108,,Urbi,0.872,https://moovitapp.com/index/pt-br/transporte_p%C3%BAblico-line-0_872-Brasilia-1702-851595-466291-0,-1.0,-15.8699,-48.037527,11.0,,,2,2023-06-14T23:31:29+00:00
BRA_440914,Brasília,5300108,,Marechal,162.2,https://moovitapp.com/index/pt-br/transporte_p%C3%BAblico-line-162_2-Brasilia-1702-851940-312446-0,-1.0,-15.79524,-47.890637,60.0,,,2,2023-06-14T23:31:29+00:00
BRA_444901,Brasília,5300108,,Marechal,0.383,https://moovitapp.com/index/pt-br/transporte_p%C3%BAblico-line-0_383-Brasilia-1702-851940-347151-0,-1.0,-15.848917,-48.111117,37.0,,,2,2023-06-14T23:31:29+00:00
BRA_441643,Brasília,5300108,,Urbi,056.2,https://moovitapp.com/index/pt-br/transporte_p%C3%BAblico-line-056_2-Brasilia-1702-851595-492982-0,-1.0,-15.839423,-48.128113,0.0,,,2,2023-06-14T23:31:33+00:00
BRA_443913,Brasília,5300108,,Urbi,367.2,https://moovitapp.com/index/pt-br/transporte_p%C3%BAblico-line-367_2-Brasilia-1702-851595-454971-0,-1.0,-15.839943,-48.13021,0.0,,,2,2023-06-14T23:31:29+00:00
BRA_444456,Brasília,5300108,,Marechal,0.361,https://moovitapp.com/index/pt-br/transporte_p%C3%BAblico-line-0_361-Brasilia-1702-851940-376158-0,-1.0,-15.83859,-48.12885,0.0,,,2,2023-06-14T23:31:29+00:00
BRA_443638,Brasília,5300108,,Marechal,351.3,https://moovitapp.com/index/pt-br/transporte_p%C3%BAblico-line-351_3-Brasilia-1702-851940-510249-0,-1.0,-15.860097,-48.042453,41.0,,,2,2023-06-14T23:31:30+00:00
BRA_442488,Brasília,5300108,,Marechal,361.1,https://moovitapp.com/index/pt-br/transporte_p%C3%BAblico-line-361_1-Brasilia-1702-851940-363861-0,-1.0,-15.840737,-48.12695,0.0,,,2,2023-06-14T23:31:24+00:00
BRA_442518,Brasília,5300108,,Urbi,0.050,https://moovitapp.com/index/pt-br/transporte_p%C3%BAblico-line-0_050-Brasilia-1702-851595-781325-0,-1.0,-15.83902,-48.12852,0.0,,,2,2023-06-14T23:31:24+00:00
BRA_445169,Brasília,5300108,,Marechal,0.305,https://moovitapp.com/index/pt-br/transporte_p%C3%BAblico-line-0_305-Brasilia-1702-851940-775108-0,-1.0,-15.84886,-48.04777,56.0,,,2,2023-06-14T23:31:30+00:00
BRA_441341,Brasília,5300108,,Marechal,0.205,https://moovitapp.com/index/pt-br/transporte_p%C3%BAblico-line-0_205-Brasilia-1702-851940-463646-0,-1.0,-15.910823,-48.05109,60.0,,,2,2023-06-14T23:31:28+00:00
BRA_229229,Brasília,5300108,,Pioneira,251.7,https://moovitapp.com/index/pt-br/transporte_p%C3%BAblico-line-251_7-Brasilia-1702-851941-651524-0,-1.0,-16.024557,-48.077775,,,,1,2023-06-14T23:31:02+00:00
BRA_226793,Brasília,5300108,,Pioneira,0.101,https://moovitapp.com/index/pt-br/transporte_p%C3%BAblico-line-0_101-Brasilia-1702-851941-587082-0,-1.0,-15.785302,-47.79958,,,,2,2023-06-14T23:31:54+00:00
BRA_227676,Brasília,5300108,,Pioneira,147.5,https://moovitapp.com/index/pt-br/transporte_p%C3%BAblico-line-147_5-Brasilia-1702-851941-519406-0,-1.0,-15.844313,-47.819035,,,,2,2023-06-14T23:31:10+00:00
BRA_223930,Brasília,5300108,,Pioneira,2307,https://moovitapp.com/index/pt-br/transporte_p%C3%BAblico-line-2307-Brasilia-1702-851941-18556638-0,-1.0,-15.953064,-47.994345,,,,1,2023-06-14T10:16:34+00:00
BRA_223654,Brasília,5300108,,Pioneira,2206,https://moovitapp.com/index/pt-br/transporte_p%C3%BAblico-line-2206-Brasilia-1702-851941-18556637-0,-1.0,-15.992448,-48.050405,,,,2,2023-06-14T23:31:22+00:00
BRA_229075,Brasília,5300108,,Pioneira,0.255,https://moovitapp.com/index/pt-br/transporte_p%C3%BAblico-line-0_255-Brasilia-1702-851941-706978-0,-1.0,-15.819257,-48.062014,,,,2,2023-06-14T23:31:38+00:00
BRA_229300,Brasília,5300108,,Pioneira,197.3,https://moovitapp.com/index/pt-br/transporte_p%C3%BAblico-line-197_3-Brasilia-1702-851941-519409-0,-1.0,-15.913204,-47.758419,,,,1,2023-06-14T23:31:40+00:00
BRA_228681,Brasília,5300108,,Pioneira,180.0,https://moovitapp.com/index/pt-br/transporte_p%C3%BAblico-line-180_0-Brasilia-1702-851941-77097780-0,-1.0,-15.793603,-47.881704,,,,2,2023-06-14T23:24:38+00:00
BRA_232149,Brasília,5300108,,Pioneira,205.1,https://moovitapp.com/index/pt-br/transporte_p%C3%BAblico-line-205_1-Brasilia-1702-851941-393571-0,-1.0,-16.032889,-48.058002,,,,1,2023-06-14T23:31:10+00:00
BRA_229768,Brasília,5300108,,Pioneira,0.762,https://moovitapp.com/index/pt-br/transporte_p%C3%BAblico-line-0_762-Brasilia-1702-851941-576189-0,-1.0,-15.752695,-47.780144,,,,2,2023-06-14T23:30:58+00:00
BRA_231321,Brasília,5300108,,Taguatur,3304,https://moovitapp.com/index/pt-br/transporte_p%C3%BAblico-line-3304-Brasilia-1702-854428-21462346-0,-1.0,-15.995185,-47.989367,,,,1,2023-06-14T23:31:16+00:00
BRA_231801,Brasília,5300108,,Pioneira,100.8,https://moovitapp.com/index/pt-br/transporte_p%C3%BAblico-line-100_8-Brasilia-1702-851941-576191-0,-1.0,-15.753104,-47.762755,,,,1,2023-06-14T23:31:24+00:00
BRA_232165,Brasília,5300108,,Pioneira,205.1,https://moovitapp.com/index/pt-br/transporte_p%C3%BAblico-line-205_1-Brasilia-1702-851941-393571-0,-1.0,-15.862405,-48.035197,,,,2,2023-06-14T23:31:12+00:00
BRA_229954,Brasília,5300108,,,3202,,,-16.037212,-48.056559,,,,1,2023-06-14T23:30:58+00:00
BRA_228265,Brasília,5300108,,,3206,,,-16.004692,-48.079969,,,,1,2023-06-14T23:31:48+00:00
BRA_226874,Brasília,5300108,,Pioneira,764.2,https://moovitapp.com/index/pt-br/transporte_p%C3%BAblico-line-764_2-Brasilia-1702-851941-527246-0,-1.0,-15.772314,-47.779686,,,,1,2023-06-14T23:30:52+00:00
BRA_231444,Brasília,5300108,,Pioneira,183.8,https://moovitapp.com/index/pt-br/transporte_p%C3%BAblico-line-183_8-Brasilia-1702-851941-719958-0,-1.0,-15.914939,-47.769463,,,,1,2023-06-14T23:30:56+00:00
BRA_230120,Brasília,5300108,,Pioneira,3314,https://moovitapp.com/index/pt-br/transporte_p%C3%BAblico-line-3314-Brasilia-1702-851941-645996-0,-1.0,-16.042143,-48.028203,,,,1,2023-06-14T23:30:46+00:00
BRA_232297,Brasília,5300108,,Pioneira,3313,https://moovitapp.com/index/pt-br/transporte_p%C3%BAblico-line-3313-Brasilia-1702-851941-616182-0,-1.0,-16.023848,-48.031719,,,,1,2023-06-14T23:31:32+00:00
BRA_229032,Brasília,5300108,,Pioneira,271.3,https://moovitapp.com/index/pt-br/transporte_p%C3%BAblico-line-271_3-Brasilia-1702-851941-669626-0,-1.0,-16.002626,-47.987066,,,,1,2023-06-14T23:30:58+00:00
BRA_227331,Brasília,5300108,,Pioneira,181.2,https://moovitapp.com/index/pt-br/transporte_p%C3%BAblico-line-181_2-Brasilia-1702-851941-339338-0,-1.0,-15.912302,-47.758661,,,,1,2023-06-14T23:31:38+00:00
BRA_229253,Brasília,5300108,,Pioneira,759.1,https://moovitapp.com/index/pt-br/transporte_p%C3%BAblico-line-759_1-Brasilia-1702-851941-616183-0,-1.0,-15.787153,-47.887985,,,,2,2023-06-14T23:31:40+00:00
BRA_232629,Brasília,5300108,,Pioneira,2208,https://moovitapp.com/index/pt-br/transporte_p%C3%BAblico-line-2208-Brasilia-1702-851941-18556642-0,-1.0,-15.806478,-47.927213,,,,1,2023-06-14T23:31:48+00:00
BRA_225941,Brasília,5300108,,UTB,2303,https://moovitapp.com/index/pt-br/transporte_p%C3%BAblico-line-2303-Brasilia-1702-854427-744299-0,-1.0,-16.002677,-47.986239,,,,1,2023-06-14T23:30:34+00:00
BRA_231754,Brasília,5300108,,Pioneira,764.2,https://moovitapp.com/index/pt-br/transporte_p%C3%BAblico-line-764_2-Brasilia-1702-851941-527246-0,-1.0,-15.835021,-47.817674,,,,2,2023-06-14T23:31:32+00:00
BRA_231495,Brasília,5300108,,Pioneira,0.018,https://moovitapp.com/index/pt-br/transporte_p%C3%BAblico-line-0_018-Brasilia-1702-851941-75742713-0,-1.0,-15.783372,-47.776927,,,,2,2023-06-14T23:31:26+00:00
BRA_227714,Brasília,5300108,,,3201,,,-16.038551,-48.061773,,,,1,2023-06-14T23:31:14+00:00
BRA_227218,Brasília,5300108,,,3202,,,-15.995032,-48.05345,,,,1,2023-06-14T23:31:00+00:00
BRA_228303,Brasília,5300108,,Pioneira,205.1,https://moovitapp.com/index/pt-br/transporte_p%C3%BAblico-line-205_1-Brasilia-1702-851941-393571-0,-1.0,-15.809469,-48.088323,,,,1,2023-06-14T23:30:40+00:00
BRA_232432,Brasília,5300108,,Pioneira,3315,https://moovitapp.com/index/pt-br/transporte_p%C3%BAblico-line-3315-Brasilia-1702-851941-645997-0,-1.0,-16.001907,-47.985819,,,,1,2023-06-14T23:31:34+00:00
BRA_231525,Brasília,5300108,,Pioneira,0.018,https://moovitapp.com/index/pt-br/transporte_p%C3%BAblico-line-0_018-Brasilia-1702-851941-75742713-0,-1.0,-15.737031,-47.766506,,,,1,2023-06-11T17:27:18+00:00
BRA_226823,Brasília,5300108,,Pioneira,784.3,https://moovitapp.com/index/pt-br/transporte_p%C3%BAblico-line-784_3-Brasilia-1702-851941-46904557-0,-1.0,-15.735599,-47.786934,,,,1,2023-06-14T23:31:46+00:00
BRA_227382,Brasília,5300108,,Pioneira,180.3,https://moovitapp.com/index/pt-br/transporte_p%C3%BAblico-line-180_3-Brasilia-1702-851941-546212-0,-1.0,-15.794528,-47.8822,,,,1,2023-06-14T23:30:50+00:00
BRA_232220,Brasília,5300108,,Pioneira,205.1,https://moovitapp.com/index/pt-br/transporte_p%C3%BAblico-line-205_1-Brasilia-1702-851941-393571-0,-1.0,-16.037422,-48.05621,,,,2,2023-06-14T23:31:32+00:00
BRA_223816,Brasília,5300108,,Pioneira,2208,https://moovitapp.com/index/pt-br/transporte_p%C3%BAblico-line-2208-Brasilia-1702-851941-18556642-0,-1.0,-15.962936,-48.017287,,,,2,2023-06-14T23:31:04+00:00
BRA_229016,Brasília,5300108,,Pioneira,251.8,https://moovitapp.com/index/pt-br/transporte_p%C3%BAblico-line-251_8-Brasilia-1702-851941-708654-0,-1.0,-16.026004,-48.030518,,,,1,2023-06-14T23:31:26+00:00
BRA_228621,Brasília,5300108,,Pioneira,170.6,https://moovitapp.com/index/pt-br/transporte_p%C3%BAblico-line-170_6-Brasilia-1702-851941-83224061-0,-1.0,-15.888982,-47.820853,,,,2,2023-06-14T23:30:52+00:00
BRA_226963,Brasília,5300108,,Pioneira,2208,https://moovitapp.com/index/pt-br/transporte_p%C3%BAblico-line-2208-Brasilia-1702-851941-18556642-0,-1.0,-15.960703,-48.014566,,,,1,2023-06-14T23:31:28+00:00
BRA_231410,Brasília,5300108,,Pioneira,183.8,https://moovitapp.com/index/pt-br/transporte_p%C3%BAblico-line-183_8-Brasilia-1702-851941-719958-0,-1.0,-15.911784,-47.758947,,,,1,2023-06-14T23:31:24+00:00
BRA_227765,Brasília,5300108,,,2202,,,-15.820785,-47.907205,,,,2,2023-06-14T23:31:20+00:00
BRA_232556,Brasília,5300108,,Pioneira,2306,https://moovitapp.com/index/pt-br/transporte_p%C3%BAblico-line-2306-Brasilia-1702-851941-18556641-0,-1.0,-15.801962,-47.886364,,,,2,2023-06-14T23:31:54+00:00
BRA_228397,Brasília,5300108,,Pioneira,0.253,https://moovitapp.com/index/pt-br/transporte_p%C3%BAblico-line-0_253-Brasilia-1702-851941-510254-0,-1.0,-15.879869,-48.061518,,,,2,2023-06-14T23:30:54+00:00
BRA_229741,Brasília,5300108,,Pioneira,0.765,https://moovitapp.com/index/pt-br/transporte_p%C3%BAblico-line-0_765-Brasilia-1702-851941-576190-0,-1.0,-15.755121,-47.769138,,,,2,2023-06-14T23:31:46+00:00
BRA_231533,Brasília,5300108,,Pioneira,0.030,https://moovitapp.com/index/pt-br/transporte_p%C3%BAblico-line-0_030-Brasilia-1702-851941-775118-0,-1.0,-15.825141,-47.924002,,,,1,2023-06-14T23:31:44+00:00
BRA_227072,Brasília,5300108,,Pioneira,197.3,https://moovitapp.com/index/pt-br/transporte_p%C3%BAblico-line-197_3-Brasilia-1702-851941-519409-0,-1.0,-15.835253,-47.834955,,,,2,2023-06-14T23:31:18+00:00
BRA_226360,Brasília,5300108,,Pioneira,2206,https://moovitapp.com/index/pt-br/transporte_p%C3%BAblico-line-2206-Brasilia-1702-851941-18556637-0,-1.0,-15.769164,-47.889219,,,,1,2023-06-14T23:31:20+00:00
BRA_226432,Brasília,5300108,,Pioneira,761.1,https://moovitapp.com/index/pt-br/transporte_p%C3%BAblico-line-761_1-Brasilia-1702-851941-620161-0,-1.0,-15.803283,-47.794188,,,,2,2023-06-14T23:31:54+00:00
BRA_228567,Brasília,5300108,,Pioneira,2306,https://moovitapp.com/index/pt-br/transporte_p%C3%BAblico-line-2306-Brasilia-1702-851941-18556641-0,-1.0,-15.976292,-47.990143,,,,2,2023-06-14T23:32:00+00:00
BRA_231932,Brasília,5300108,,Pioneira,180.0,https://moovitapp.com/index/pt-br/transporte_p%C3%BAblico-line-180_0-Brasilia-1702-851941-77097780-0,-1.0,-15.906385,-47.771548,,,,2,2023-06-14T23:30:58+00:00
BRA_232475,Brasília,5300108,,Pioneira,251.7,https://moovitapp.com/index/pt-br/transporte_p%C3%BAblico-line-251_7-Brasilia-1702-851941-651524-0,-1.0,-16.038729,-48.061817,,,,1,2023-06-14T23:30:48+00:00
BRA_228834,Brasília,5300108,,Pioneira,0.255,https://moovitapp.com/index/pt-br/transporte_p%C3%BAblico-line-0_255-Brasilia-1702-851941-706978-0,-1.0,-15.837674,-48.054626,,,,2,2023-06-14T23:32:12+00:00
BRA_231631,Brasília,5300108,,Pioneira,0.762,https://moovitapp.com/index/pt-br/transporte_p%C3%BAblico-line-0_762-Brasilia-1702-851941-576189-0,-1.0,-15.750744,-47.77666,,,,1,2023-06-14T20:06:34+00:00
BRA_226467,Brasília,5300108,,Pioneira,510.1,https://moovitapp.com/index/pt-br/transporte_p%C3%BAblico-line-510_1-Brasilia-1702-851941-770035-0,-1.0,-15.784958,-47.705738,,,,1,2023-06-14T23:30:36+00:00
BRA_229491,Brasília,5300108,,Pioneira,0.510,https://moovitapp.com/index/pt-br/transporte_p%C3%BAblico-line-0_510-Brasilia-1702-851941-16483906-0,-1.0,-15.756267,-47.772285,,,,1,2023-06-14T23:31:22+00:00
BRA_228605,Brasília,5300108,,Pioneira,251.8,https://moovitapp.com/index/pt-br/transporte_p%C3%BAblico-line-251_8-Brasilia-1702-851941-708654-0,-1.0,-16.023934,-48.031726,,,,1,2023-06-14T23:31:34+00:00
BRA_223794,Brasília,5300108,,Pioneira,2306,https://moovitapp.com/index/pt-br/transporte_p%C3%BAblico-line-2306-Brasilia-1702-851941-18556641-0,-1.0,-15.747666,-47.896327,,,,2,2023-06-14T23:31:26+00:00
BRA_232203,Brasília,5300108,,Pioneira,124.6,https://moovitapp.com/index/pt-br/transporte_p%C3%BAblico-line-124_6-Brasilia-1702-851941-425282-0,-1.0,-15.853902,-47.949001,,,,1,2023-06-14T23:31:00+00:00
BRA_228389,Brasília,5300108,,Pioneira,0.255,https://moovitapp.com/index/pt-br/transporte_p%C3%BAblico-line-0_255-Brasilia-1702-851941-706978-0,-1.0,-16.024048,-48.031687,,,,1,2023-06-14T23:31:22+00:00
BRA_229482,Brasília,5300108,,Pioneira,147.2,https://moovitapp.com/index/pt-br/transporte_p%C3%BAblico-line-147_2-Brasilia-1702-851941-519403-0,-1.0,-15.802099,-47.852903,,,,1,2023-06-14T23:30:56+00:00
BRA_228915,Brasília,5300108,,Pioneira,0.255,https://moovitapp.com/index/pt-br/transporte_p%C3%BAblico-line-0_255-Brasilia-1702-851941-706978-0,-1.0,-16.02382,-48.031802,,,,2,2023-06-14T23:31:50+00:00
BRA_232602,Brasília,5300108,,UTB,2302,https://moovitapp.com/index/pt-br/transporte_p%C3%BAblico-line-2302-Brasilia-1702-854427-744298-0,-1.0,-15.88671,-47.960662,,,,1,2023-06-14T23:31:44+00:00
BRA_226301,Brasília,5300108,,,2201,,,-15.967345,-48.022227,,,,2,2023-06-14T23:31:20+00:00
BRA_228192,Brasília,5300108,,,3206,,,-16.033007,-48.058091,,,,1,2023-06-14T23:31:32+00:00
BRA_226556,Brasília,5300108,,Pioneira,0.102,https://moovitapp.com/index/pt-br/transporte_p%C3%BAblico-line-0_102-Brasilia-1702-851941-775119-0,-1.0,-15.871758,-47.922852,,,,1,2023-06-14T23:31:52+00:00
BRA_230057,Brasília,5300108,,,3207,,,-15.991686,-48.049127,,,,1,2023-06-14T23:31:32+00:00
BRA_230065,Brasília,5300108,,Taguatur,3302,https://moovitapp.com/index/pt-br/transporte_p%C3%BAblico-line-3302-Brasilia-1702-854428-3135322-0,-1.0,-16.022004,-48.025317,,,,1,2023-06-14T23:31:24+00:00
BRA_229555,Brasília,5300108,,,3206,,,-16.037174,-48.05654,,,,1,2023-06-14T23:31:54+00:00
BRA_227897,Brasília,5300108,,,3206,,,-16.00198,-48.071011,,,,1,2023-06-14T23:31:40+00:00
BRA_228885,Brasília,5300108,,Pioneira,2307,https://moovitapp.com/index/pt-br/transporte_p%C3%BAblico-line-2307-Brasilia-1702-851941-18556638-0,-1.0,-15.78592,-47.901718,,,,2,2023-06-14T23:30:06+00:00
BRA_229008,Brasília,5300108,,Pioneira,0.255,https://moovitapp.com/index/pt-br/transporte_p%C3%BAblico-line-0_255-Brasilia-1702-851941-706978-0,-1.0,-15.907453,-48.052382,,,,2,2023-06-14T23:32:06+00:00
BRA_229849,Brasília,5300108,,Pioneira,147.2,https://moovitapp.com/index/pt-br/transporte_p%C3%BAblico-line-147_2-Brasilia-1702-851941-519403-0,-1.0,-15.84232,-47.821743,,,,2,2023-06-14T23:31:12+00:00
BRA_228575,Brasília,5300108,,Pioneira,0.255,https://moovitapp.com/index/pt-br/transporte_p%C3%BAblico-line-0_255-Brasilia-1702-851941-706978-0,-1.0,-16.003958,-47.988464,,,,1,2023-06-14T23:31:44+00:00
BRA_228401,Brasília,5300108,,Pioneira,2306,https://moovitapp.com/index/pt-br/transporte_p%C3%BAblico-line-2306-Brasilia-1702-851941-18556641-0,-1.0,-15.737383,-47.898641,,,,1,2023-06-14T23:31:22+00:00
BRA_232084,Brasília,5300108,,Pioneira,0.147,https://moovitapp.com/index/pt-br/transporte_p%C3%BAblico-line-0_147-Brasilia-1702-851941-519401-0,-1.0,-15.885804,-47.822201,,,,2,2023-06-14T23:30:52+00:00
BRA_229652,Brasília,5300108,,Pioneira,0.763,https://moovitapp.com/index/pt-br/transporte_p%C3%BAblico-line-0_763-Brasilia-1702-851941-468878-0,-1.0,-15.751446,-47.763524,,,,1,2023-06-14T23:31:28+00:00
BRA_230031,Brasília,5300108,,,3207,,,-15.991735,-48.049241,,,,1,2023-06-14T23:31:28+00:00
BRA_226831,Brasília,5300108,,Pioneira,0.762,https://moovitapp.com/index/pt-br/transporte_p%C3%BAblico-line-0_762-Brasilia-1702-851941-576189-0,-1.0,-15.791046,-47.882022,,,,2,2023-06-14T23:31:14+00:00
BRA_227480,Brasília,5300108,,Pioneira,0.225,https://moovitapp.com/index/pt-br/transporte_p%C3%BAblico-line-0_225-Brasilia-1702-851941-510253-0,-1.0,-15.916859,-48.049356,,,,2,2023-06-14T23:31:22+00:00
BRA_231703,Brasília,5300108,,Pioneira,100.6,https://moovitapp.com/index/pt-br/transporte_p%C3%BAblico-line-100_6-Brasilia-1702-851941-767605-0,-1.0,-15.794981,-47.853634,,,,2,2023-06-14T23:30:32+00:00
BRA_231983,Brasília,5300108,,Pioneira,147.2,https://moovitapp.com/index/pt-br/transporte_p%C3%BAblico-line-147_2-Brasilia-1702-851941-519403-0,-1.0,-15.913367,-47.756798,,,,2,2023-06-14T23:30:54+00:00
BRA_223689,Brasília,5300108,,Pioneira,2307,https://moovitapp.com/index/pt-br/transporte_p%C3%BAblico-line-2307-Brasilia-1702-851941-18556638-0,-1.0,-15.807994,-47.932846,,,,2,2023-06-14T23:27:00+00:00
BRA_230138,Brasília,5300108,,Pioneira,3312,https://moovitapp.com/index/pt-br/transporte_p%C3%BAblico-line-3312-Brasilia-1702-851941-616181-0,-1.0,-16.023991,-48.031662,,,,1,2023-06-14T23:30:32+00:00
BRA_230171,Brasília,5300108,,Taguatur,3302,https://moovitapp.com/index/pt-br/transporte_p%C3%BAblico-line-3302-Brasilia-1702-854428-3135322-0,-1.0,-16.002178,-47.98601,,,,1,2023-06-14T23:31:54+00:00
BRA_232394,Brasília,5300108,,Pioneira,0.253,https://moovitapp.com/index/pt-br/transporte_p%C3%BAblico-line-0_253-Brasilia-1702-851941-510254-0,-1.0,-15.827529,-48.078882,,,,1,2023-06-14T23:32:12+00:00
BRA_229512,Brasília,5300108,,,3204,,,-16.013186,-48.053806,,,,1,2023-06-14T23:31:04+00:00
BRA_229083,Brasília,5300108,,Pioneira,197.3,https://moovitapp.com/index/pt-br/transporte_p%C3%BAblico-line-197_3-Brasilia-1702-851941-519409-0,-1.0,-15.866756,-47.821088,,,,1,2023-06-14T23:31:36+00:00
BRA_231649,Brasília,5300108,,Pioneira,0.762,https://moovitapp.com/index/pt-br/transporte_p%C3%BAblico-line-0_762-Brasilia-1702-851941-576189-0,-1.0,-15.774686,-47.7798,,,,1,2023-06-14T23:30:48+00:00
BRA_226009,Brasília,5300108,,,2201,,,-16.004327,-48.058022,,,,2,2023-06-14T23:31:04+00:00
BRA_227129,Brasília,5300108,,,2202,,,-15.880423,-47.959829,,,,1,2023-06-14T23:31:26+00:00
BRA_229440,Brasília,5300108,,Pioneira,2306,https://moovitapp.com/index/pt-br/transporte_p%C3%BAblico-line-2306-Brasilia-1702-851941-18556641-0,-1.0,-16.002778,-47.986347,,,,2,2023-06-14T23:31:40+00:00
BRA_232190,Brasília,5300108,,Pioneira,205.1,https://moovitapp.com/index/pt-br/transporte_p%C3%BAblico-line-205_1-Brasilia-1702-851941-393571-0,-1.0,-15.843167,-48.044963,,,,1,2023-06-14T23:31:40+00:00
BRA_226882,Brasília,5300108,,,2202,,,-15.891698,-47.96152,,,,2,2023-06-14T23:31:52+00:00
BRA_227862,Brasília,5300108,,,3206,,,-16.037743,-48.056508,,,,1,2023-06-14T17:37:18+00:00
BRA_228222,Brasília,5300108,,,3204,,,-15.992538,-48.050144,,,,1,2023-06-14T23:31:44+00:00
BRA_232459,Brasília,5300108,,Taguatur,3303,https://moovitapp.com/index/pt-br/transporte_p%C3%BAblico-line-3303-Brasilia-1702-854428-2224148-0,-1.0,-16.024115,-48.032412,,,,1,2023-06-14T08:34:58+00:00
BRA_231827,Brasília,5300108,,Pioneira,180.0,https://moovitapp.com/index/pt-br/transporte_p%C3%BAblico-line-180_0-Brasilia-1702-851941-77097780-0,-1.0,-15.794222,-47.882111,,,,1,2023-06-14T23:31:36+00:00
BRA_231789,Brasília,5300108,,Pioneira,0.760,https://moovitapp.com/index/pt-br/transporte_p%C3%BAblico-line-0_760-Brasilia-1702-851941-775122-0,-1.0,-15.753916,-47.752716,,,,2,2023-06-14T22:56:58+00:00
BRA_228702,Brasília,5300108,,Pioneira,0.253,https://moovitapp.com/index/pt-br/transporte_p%C3%BAblico-line-0_253-Brasilia-1702-851941-510254-0,-1.0,-16.043812,-48.034103,,,,1,2023-06-14T23:32:24+00:00
BRA_229873,Brasília,5300108,,Pioneira,180.2,https://moovitapp.com/index/pt-br/transporte_p%C3%BAblico-line-180_2-Brasilia-1702-851941-514539-0,-1.0,-15.808137,-47.849635,,,,1,2023-06-14T23:31:18+00:00
BRA_223956,Brasília,5300108,,UTB,2302,https://moovitapp.com/index/pt-br/transporte_p%C3%BAblico-line-2302-Brasilia-1702-854427-744298-0,-1.0,-15.998066,-47.98512,,,,2,2023-06-14T23:30:52+00:00
BRA_227498,Brasília,5300108,,Pioneira,180.1,https://moovitapp.com/index/pt-br/transporte_p%C3%BAblico-line-180_1-Brasilia-1702-851941-339336-0,-1.0,-15.794307,-47.878258,,,,1,2023-06-14T23:31:32+00:00
BRA_229202,Brasília,5300108,,UTB,2302,https://moovitapp.com/index/pt-br/transporte_p%C3%BAblico-line-2302-Brasilia-1702-854427-744298-0,-1.0,-15.832632,-47.921179,,,,1,2023-06-14T23:29:08+00:00
BRA_225568,Brasília,5300108,,UTB,2303,https://moovitapp.com/index/pt-br/transporte_p%C3%BAblico-line-2303-Brasilia-1702-854427-744299-0,-1.0,-15.823557,-47.921427,,,,1,2023-06-14T23:31:00+00:00
BRA_227447,Brasília,5300108,,Pioneira,2206,https://moovitapp.com/index/pt-br/transporte_p%C3%BAblico-line-2206-Brasilia-1702-851941-18556637-0,-1.0,-15.799905,-47.885175,,,,2,2023-06-14T23:31:24+00:00
BRA_223697,Brasília,5300108,,,2202,,,-15.990837,-48.048256,,,,1,2023-06-14T23:32:22+00:00
BRA_227234,Brasília,5300108,,Pioneira,147.2,https://moovitapp.com/index/pt-br/transporte_p%C3%BAblico-line-147_2-Brasilia-1702-851941-519403-0,-1.0,-15.905415,-47.761986,,,,2,2023-06-14T23:31:34+00:00
BRA_229971,Brasília,5300108,,,3207,,,-16.013212,-48.068696,,,,1,2023-06-14T23:30:44+00:00
BRA_232491,Brasília,5300108,,Pioneira,251.8,https://moovitapp.com/index/pt-br/transporte_p%C3%BAblico-line-251_8-Brasilia-1702-851941-708654-0,-1.0,-16.037584,-48.034256,,,,1,2023-06-14T23:19:12+00:00
BRA_228435,Brasília,5300108,,,3204,,,-16.014874,-48.067024,,,,1,2023-06-14T23:31:34+00:00
BRA_232068,Brasília,5300108,,Pioneira,180.2,https://moovitapp.com/index/pt-br/transporte_p%C3%BAblico-line-180_2-Brasilia-1702-851941-514539-0,-1.0,-15.800463,-47.858123,,,,2,2023-06-14T23:31:00+00:00
BRA_229920,Brasília,5300108,,,3204,,,-16.019471,-48.067883,,,,1,2023-06-14T23:31:32+00:00
BRA_225533,Brasília,5300108,,Pioneira,2205,https://moovitapp.com/index/pt-br/transporte_p%C3%BAblico-line-2205-Brasilia-1702-851941-393568-0,-1.0,-15.942774,-47.988661,,,,2,2023-06-14T20:52:22+00:00
BRA_227111,Brasília,5300108,,Pioneira,180.0,https://moovitapp.com/index/pt-br/transporte_p%C3%BAblico-line-180_0-Brasilia-1702-851941-77097780-0,-1.0,-15.913278,-47.756238,,,,2,2023-06-14T23:31:44+00:00
BRA_229091,Brasília,5300108,,Pioneira,0.761,https://moovitapp.com/index/pt-br/transporte_p%C3%BAblico-line-0_761-Brasilia-1702-851941-605389-0,-1.0,-15.748482,-47.762164,,,,1,2023-06-14T23:31:30+00:00
BRA_228869,Brasília,5300108,,Pioneira,251.7,https://moovitapp.com/index/pt-br/transporte_p%C3%BAblico-line-251_7-Brasilia-1702-851941-651524-0,-1.0,-16.002228,-47.986118,,,,1,2023-06-14T23:30:28+00:00
BRA_229989,Brasília,5300108,,,3204,,,-16.030654,-48.056566,,,,1,2023-06-14T23:31:16+00:00
BRA_229610,Brasília,5300108,,,3204,,,-15.991309,-48.048904,,,,1,2023-06-14T23:30:54+00:00
BRA_228044,Brasília,5300108,,Pioneira,0.181,https://moovitapp.com/index/pt-br/transporte_p%C3%BAblico-line-0_181-Brasilia-1702-851941-242838-0,-1.0,-15.768619,-47.779476,,,,1,2023-06-14T23:31:22+00:00
BRA_226785,Brasília,5300108,,Pioneira,100.2,https://moovitapp.com/index/pt-br/transporte_p%C3%BAblico-line-100_2-Brasilia-1702-851941-620160-0,-1.0,-15.810412,-47.802396,,,,2,2023-06-14T09:34:00+00:00
BRA_229261,Brasília,5300108,,Pioneira,0.253,https://moovitapp.com/index/pt-br/transporte_p%C3%BAblico-line-0_253-Brasilia-1702-851941-510254-0,-1.0,-15.797106,-48.125268,,,,2,2023-06-14T23:31:06+00:00
BRA_227595,Brasília,5300108,,Pioneira,181.1,https://moovitapp.com/index/pt-br/transporte_p%C3%BAblico-line-181_1-Brasilia-1702-851941-242915-0,-1.0,-15.897423,-47.787455,,,,2,2023-06-14T23:31:46+00:00
BRA_231355,Brasília,5300108,,Pioneira,183.8,https://moovitapp.com/index/pt-br/transporte_p%C3%BAblico-line-183_8-Brasilia-1702-851941-719958-0,-1.0,-15.923057,-47.77514,,,,1,2023-06-14T23:31:32+00:00
BRA_227030,Brasília,5300108,,Pioneira,0.102,https://moovitapp.com/index/pt-br/transporte_p%C3%BAblico-line-0_102-Brasilia-1702-851941-775119-0,-1.0,-15.849188,-47.905978,,,,1,2023-06-14T21:26:40+00:00
BRA_227439,Brasília,5300108,,Pioneira,183.2,https://moovitapp.com/index/pt-br/transporte_p%C3%BAblico-line-183_2-Brasilia-1702-851941-242920-0,-1.0,-15.912684,-47.757084,,,,1,2023-06-14T23:31:16+00:00
BRA_228061,Brasília,5300108,,Pioneira,0.181,https://moovitapp.com/index/pt-br/transporte_p%C3%BAblico-line-0_181-Brasilia-1702-851941-242838-0,-1.0,-15.844682,-47.853863,,,,2,2023-06-14T23:31:24+00:00
BRA_223778,Brasília,5300108,,Pioneira,2208,https://moovitapp.com/index/pt-br/transporte_p%C3%BAblico-line-2208-Brasilia-1702-851941-18556642-0,-1.0,-15.814331,-47.949364,,,,2,2023-06-14T23:31:00+00:00
BRA_230073,Brasília,5300108,,Taguatur,3302,https://moovitapp.com/index/pt-br/transporte_p%C3%BAblico-line-3302-Brasilia-1702-854428-3135322-0,-1.0,-16.042219,-48.026035,,,,1,2023-06-14T23:31:10+00:00
BRA_232581,Brasília,5300108,,UTB,2302,https://moovitapp.com/index/pt-br/transporte_p%C3%BAblico-line-2302-Brasilia-1702-854427-744298-0,-1.0,-15.818049,-47.900974,,,,1,2023-06-14T23:31:02+00:00
BRA_226271,Brasília,5300108,,Pioneira,2205,https://moovitapp.com/index/pt-br/transporte_p%C3%BAblico-line-2205-Brasilia-1702-851941-393568-0,-1.0,-15.958842,-48.012697,,,,2,2023-06-14T23:31:26+00:00
BRA_227790,Brasília,5300108,,Taguatur,3305,https://moovitapp.com/index/pt-br/transporte_p%C3%BAblico-line-3305-Brasilia-1702-854428-77810673-0,-1.0,-16.04921,-48.002581,,,,1,2023-06-14T23:31:16+00:00
BRA_229946,Brasília,5300108,,Pioneira,073.1,https://moovitapp.com/index/pt-br/transporte_p%C3%BAblico-line-073_1-Brasilia-1702-851941-775123-0,-1.0,-15.851086,-47.951366,,,,1,2023-06-14T23:31:32+00:00
BRA_230219,Brasília,5300108,,Taguatur,3303,https://moovitapp.com/index/pt-br/transporte_p%C3%BAblico-line-3303-Brasilia-1702-854428-2224148-0,-1.0,-16.048151,-48.045567,,,,1,2023-06-14T23:30:50+00:00
BRA_228907,Brasília,5300108,,Pioneira,0.255,https://moovitapp.com/index/pt-br/transporte_p%C3%BAblico-line-0_255-Brasilia-1702-851941-706978-0,-1.0,-15.833549,-48.057163,,,,2,2023-06-14T23:31:58+00:00
BRA_227064,Brasília,5300108,,Pioneira,147.5,https://moovitapp.com/index/pt-br/transporte_p%C3%BAblico-line-147_5-Brasilia-1702-851941-519406-0,-1.0,-15.913423,-47.75627,,,,2,2023-06-14T23:31:14+00:00
BRA_226653,Brasília,5300108,,Pioneira,0.759,https://moovitapp.com/index/pt-br/transporte_p%C3%BAblico-line-0_759-Brasilia-1702-851941-775121-0,-1.0,-15.748336,-47.768948,,,,2,2023-06-14T23:31:28+00:00
BRA_227587,Brasília,5300108,,Pioneira,147.5,https://moovitapp.com/index/pt-br/transporte_p%C3%BAblico-line-147_5-Brasilia-1702-851941-519406-0,-1.0,-15.736845,-47.899232,,,,2,2023-06-14T23:31:40+00:00
BRA_228109,Brasília,5300108,,,3202,,,-16.037483,-48.056362,,,,1,2023-06-14T23:30:28+00:00
BRA_228206,Brasília,5300108,,,3207,,,-16.008163,-48.082569,,,,1,2023-06-14T23:31:34+00:00
BRA_226904,Brasília,5300108,,Pioneira,760.1,https://moovitapp.com/index/pt-br/transporte_p%C3%BAblico-line-760_1-Brasilia-1702-851941-576193-0,-1.0,-15.830901,-47.870819,,,,2,2023-06-14T23:30:54+00:00
BRA_227552,Brasília,5300108,,Pioneira,147.5,https://moovitapp.com/index/pt-br/transporte_p%C3%BAblico-line-147_5-Brasilia-1702-851941-519406-0,-1.0,-15.80989,-47.847492,,,,2,2023-06-14T23:31:26+00:00
BRA_228613,Brasília,5300108,,Pioneira,073.1,https://moovitapp.com/index/pt-br/transporte_p%C3%BAblico-line-073_1-Brasilia-1702-851941-775123-0,-1.0,-15.870511,-47.926374,,,,1,2023-06-14T23:30:28+00:00
BRA_230049,Brasília,5300108,,Taguatur,3305,https://moovitapp.com/index/pt-br/transporte_p%C3%BAblico-line-3305-Brasilia-1702-854428-77810673-0,-1.0,-16.031913,-48.05799,,,,1,2023-06-14T23:18:52+00:00
BRA_228346,Brasília,5300108,,Pioneira,3312,https://moovitapp.com/index/pt-br/transporte_p%C3%BAblico-line-3312-Brasilia-1702-851941-616181-0,-1.0,-16.041749,-48.027122,,,,1,2023-06-14T23:29:10+00:00
BRA_232181,Brasília,5300108,,Pioneira,205.1,https://moovitapp.com/index/pt-br/transporte_p%C3%BAblico-line-205_1-Brasilia-1702-851941-393571-0,-1.0,-16.006994,-48.059681,,,,1,2023-06-14T23:31:24+00:00
BRA_231479,Brasília,5300108,,Pioneira,0.018,https://moovitapp.com/index/pt-br/transporte_p%C3%BAblico-line-0_018-Brasilia-1702-851941-75742713-0,-1.0,-15.81481,-47.896867,,,,1,2023-06-14T15:15:20+00:00
BRA_231401,Brasília,5300108,,Pioneira,183.7,https://moovitapp.com/index/pt-br/transporte_p%C3%BAblico-line-183_7-Brasilia-1702-851941-242922-0,-1.0,-15.910028,-47.736949,,,,1,2023-06-14T23:31:06+00:00
BRA_228338,Brasília,5300108,,Pioneira,180.2,https://moovitapp.com/index/pt-br/transporte_p%C3%BAblico-line-180_2-Brasilia-1702-851941-514539-0,-1.0,-15.913296,-47.756919,,,,1,2023-06-14T23:30:44+00:00
BRA_226581,Brasília,5300108,,Pioneira,764.2,https://moovitapp.com/index/pt-br/transporte_p%C3%BAblico-line-764_2-Brasilia-1702-851941-527246-0,-1.0,-15.7757,-47.779514,,,,2,2023-06-14T23:31:48+00:00
BRA_225614,Brasília,5300108,,UTB,2302,https://moovitapp.com/index/pt-br/transporte_p%C3%BAblico-line-2302-Brasilia-1702-854427-744298-0,-1.0,-15.833292,-47.924428,,,,2,2023-06-14T23:31:38+00:00
BRA_229105,Brasília,5300108,,Pioneira,3312,https://moovitapp.com/index/pt-br/transporte_p%C3%BAblico-line-3312-Brasilia-1702-851941-616181-0,-1.0,-16.043275,-48.034072,,,,1,2023-06-14T23:31:34+00:00
BRA_230154,Brasília,5300108,,Pioneira,3312,https://moovitapp.com/index/pt-br/transporte_p%C3%BAblico-line-3312-Brasilia-1702-851941-616181-0,-1.0,-16.025895,-48.030371,,,,1,2023-06-14T23:31:20+00:00
BRA_223948,Brasília,5300108,,Pioneira,2307,https://moovitapp.com/index/pt-br/transporte_p%C3%BAblico-line-2307-Brasilia-1702-851941-18556638-0,-1.0,-15.805782,-47.925948,,,,1,2023-06-14T23:30:36+00:00
BRA_229458,Brasília,5300108,,Pioneira,181.2,https://moovitapp.com/index/pt-br/transporte_p%C3%BAblico-line-181_2-Brasilia-1702-851941-339338-0,-1.0,-15.859337,-47.870628,,,,1,2023-06-14T23:31:00+00:00
BRA_228923,Brasília,5300108,,Pioneira,073.2,https://moovitapp.com/index/pt-br/transporte_p%C3%BAblico-line-073_2-Brasilia-1702-851941-775124-0,-1.0,-15.885887,-47.959746,,,,1,2023-06-14T23:32:08+00:00
BRA_232122,Brasília,5300108,,Pioneira,180.0,https://moovitapp.com/index/pt-br/transporte_p%C3%BAblico-line-180_0-Brasilia-1702-851941-77097780-0,-1.0,-15.913355,-47.756715,,,,2,2023-06-14T23:31:00+00:00
BRA_228478,Brasília,5300108,,Taguatur,3305,https://moovitapp.com/index/pt-br/transporte_p%C3%BAblico-line-3305-Brasilia-1702-854428-77810673-0,-1.0,-16.004161,-47.987116,,,,1,2023-06-14T23:30:56+00:00
BRA_226173,Brasília,5300108,,Taguatur,2301,https://moovitapp.com/index/pt-br/transporte_p%C3%BAblico-line-2301-Brasilia-1702-854428-81537943-0,-1.0,-16.02388,-48.031948,,,,1,2023-06-14T23:29:44+00:00
BRA_226548,Brasília,5300108,,Pioneira,764.2,https://moovitapp.com/index/pt-br/transporte_p%C3%BAblico-line-764_2-Brasilia-1702-851941-527246-0,-1.0,-15.748248,-47.769501,,,,1,2023-06-14T23:30:26+00:00
BRA_227617,Brasília,5300108,,Taguatur,3305,https://moovitapp.com/index/pt-br/transporte_p%C3%BAblico-line-3305-Brasilia-1702-854428-77810673-0,-1.0,-16.048911,-47.995566,,,,1,2023-06-14T23:31:12+00:00
BRA_223662,Brasília,5300108,,Pioneira,2206,https://moovitapp.com/index/pt-br/transporte_p%C3%BAblico-line-2206-Brasilia-1702-851941-18556637-0,-1.0,-15.943802,-47.989265,,,,1,2023-06-14T23:31:34+00:00
BRA_231681,Brasília,5300108,,Pioneira,759.1,https://moovitapp.com/index/pt-br/transporte_p%C3%BAblico-line-759_1-Brasilia-1702-851941-616183-0,-1.0,-15.760404,-47.781059,,,,2,2023-06-14T23:31:06+00:00
BRA_231894,Brasília,5300108,,Pioneira,197.3,https://moovitapp.com/index/pt-br/transporte_p%C3%BAblico-line-197_3-Brasilia-1702-851941-519409-0,-1.0,-15.913364,-47.758038,,,,2,2023-06-14T23:31:20+00:00
BRA_228818,Brasília,5300108,,Urbi,0.129,https://moovitapp.com/index/pt-br/transporte_p%C3%BAblico-line-0_129-Brasilia-1702-851595-775097-0,-1.0,-15.747633,-47.761789,,,,1,2023-06-14T23:31:04+00:00
BRA_232131,Brasília,5300108,,Pioneira,205.1,https://moovitapp.com/index/pt-br/transporte_p%C3%BAblico-line-205_1-Brasilia-1702-851941-393571-0,-1.0,-16.00528,-48.077502,,,,2,2023-06-14T23:31:06+00:00
BRA_223603,Brasília,5300108,,Pioneira,2307,https://moovitapp.com/index/pt-br/transporte_p%C3%BAblico-line-2307-Brasilia-1702-851941-18556638-0,-1.0,-15.951641,-47.994409,,,,2,2023-06-14T23:31:26+00:00
BRA_228354,Brasília,5300108,,Pioneira,3307,https://moovitapp.com/index/pt-br/transporte_p%C3%BAblico-line-3307-Brasilia-1702-851941-519400-0,-1.0,-16.016715,-47.991103,,,,1,2023-06-14T23:32:06+00:00
BRA_227315,Brasília,5300108,,,3207,,,-16.007798,-48.07349,,,,1,2023-06-14T23:30:54+00:00
BRA_228826,Brasília,5300108,,Pioneira,147.5,https://moovitapp.com/index/pt-br/transporte_p%C3%BAblico-line-147_5-Brasilia-1702-851941-519406-0,-1.0,-15.854344,-47.817382,,,,2,2023-06-14T22:13:24+00:00
BRA_229318,Brasília,5300108,,Pioneira,100.2,https://moovitapp.com/index/pt-br/transporte_p%C3%BAblico-line-100_2-Brasilia-1702-851941-620160-0,-1.0,-15.783291,-47.776901,,,,2,2023-06-14T23:31:36+00:00
BRA_230197,Brasília,5300108,,Taguatur,3303,https://moovitapp.com/index/pt-br/transporte_p%C3%BAblico-line-3303-Brasilia-1702-854428-2224148-0,-1.0,-16.002515,-47.986328,,,,1,2023-06-14T23:31:48+00:00
BRA_232611,Brasília,5300108,,Pioneira,2309,https://moovitapp.com/index/pt-br/transporte_p%C3%BAblico-line-2309-Brasilia-1702-851941-57764376-0,-1.0,-15.914933,-47.970103,,,,2,2023-06-14T23:31:02+00:00
BRA_232548,Brasília,5300108,,Pioneira,2306,https://moovitapp.com/index/pt-br/transporte_p%C3%BAblico-line-2306-Brasilia-1702-851941-18556641-0,-1.0,-15.783852,-47.887502,,,,1,2023-06-14T23:30:56+00:00
BRA_232416,Brasília,5300108,,Pioneira,020.2,https://moovitapp.com/index/pt-br/transporte_p%C3%BAblico-line-020_2-Brasilia-1702-851941-708653-0,-1.0,-16.002661,-47.986614,,,,1,2023-06-14T23:31:58+00:00
BRA_231878,Brasília,5300108,,Pioneira,197.3,https://moovitapp.com/index/pt-br/transporte_p%C3%BAblico-line-197_3-Brasilia-1702-851941-519409-0,-1.0,-15.888352,-47.806344,,,,2,2023-06-14T23:31:40+00:00
BRA_231576,Brasília,5300108,,Pioneira,0.765,https://moovitapp.com/index/pt-br/transporte_p%C3%BAblico-line-0_765-Brasilia-1702-851941-576190-0,-1.0,-15.855629,-47.858746,,,,2,2023-06-14T23:31:48+00:00
BRA_228150,Brasília,5300108,,Pioneira,181.2,https://moovitapp.com/index/pt-br/transporte_p%C3%BAblico-line-181_2-Brasilia-1702-851941-339338-0,-1.0,-15.905037,-47.755011,,,,1,2023-06-14T23:31:28+00:00
BRA_229415,Brasília,5300108,,Pioneira,255.1,https://moovitapp.com/index/pt-br/transporte_p%C3%BAblico-line-255_1-Brasilia-1702-851941-706982-0,-1.0,-15.826238,-48.059662,,,,2,2023-06-14T23:30:58+00:00
BRA_229156,Brasília,5300108,,Pioneira,255.2,https://moovitapp.com/index/pt-br/transporte_p%C3%BAblico-line-255_2-Brasilia-1702-851941-312453-0,-1.0,-16.042149,-48.026455,,,,1,2023-06-14T23:30:48+00:00
BRA_227226,Brasília,5300108,,Pioneira,181.2,https://moovitapp.com/index/pt-br/transporte_p%C3%BAblico-line-181_2-Brasilia-1702-851941-339338-0,-1.0,-15.927043,-47.831369,,,,1,2023-06-14T16:06:06+00:00
BRA_231550,Brasília,5300108,,Pioneira,0.018,https://moovitapp.com/index/pt-br/transporte_p%C3%BAblico-line-0_018-Brasilia-1702-851941-75742713-0,-1.0,-15.796572,-47.877711,,,,2,2023-06-14T23:30:56+00:00
BRA_231436,Brasília,5300108,,Pioneira,183.0,https://moovitapp.com/index/pt-br/transporte_p%C3%BAblico-line-183_0-Brasilia-1702-851941-26502248-0,-1.0,-15.914931,-47.76025,,,,1,2023-06-14T23:31:08+00:00
BRA_228842,Brasília,5300108,,Pioneira,147.5,https://moovitapp.com/index/pt-br/transporte_p%C3%BAblico-line-147_5-Brasilia-1702-851941-519406-0,-1.0,-15.909119,-47.75442,,,,1,2023-06-14T23:30:56+00:00
BRA_225622,Brasília,5300108,,UTB,2302,https://moovitapp.com/index/pt-br/transporte_p%C3%BAblico-line-2302-Brasilia-1702-854427-744298-0,-1.0,-16.001793,-47.986029,,,,2,2023-06-14T23:30:46+00:00
BRA_228575,Brasília,5300108,,Pioneira,0.255,https://moovitapp.com/index/pt-br/transporte_p%C3%BAblico-line-0_255-Brasilia-1702-851941-706978-0,-1.0,-16.015341,-48.015106,,,,1,2023-06-14T10:14:20+00:00
BRA_229709,Brasília,5300108,,Pioneira,147.6,https://moovitapp.com/index/pt-br/transporte_p%C3%BAblico-line-147_6-Brasilia-1702-851941-516646-0,-1.0,-15.889581,-47.802301,,,,2,2023-06-14T23:31:16+00:00
BRA_223930,Brasília,5300108,,UTB,2302,https://moovitapp.com/index/pt-br/transporte_p%C3%BAblico-line-2302-Brasilia-1702-854427-744298-0,-1.0,-15.992014,-47.986271,,,,1,2023-06-14T23:31:24+00:00
BRA_223930,Brasília,5300108,,Pioneira,2310,https://moovitapp.com/index/pt-br/transporte_p%C3%BAblico-line-2310-Brasilia-1702-851941-57764377-0,-1.0,-15.813036,-47.949141,,,,2,2023-06-13T21:56:00+00:00
BRA_223930,Brasília,5300108,,Pioneira,2207,https://moovitapp.com/index/pt-br/transporte_p%C3%BAblico-line-2207-Brasilia-1702-851941-422078-0,-1.0,-15.763694,-47.890859,,,,1,2023-06-14T12:55:10+00:00
BRA_229504,Brasília,5300108,,Pioneira,0.780,https://moovitapp.com/index/pt-br/transporte_p%C3%BAblico-line-0_780-Brasilia-1702-851941-514537-0,-1.0,-15.796309,-47.87855,,,,2,2023-06-14T19:24:22+00:00
BRA_226645,Brasília,5300108,,Pioneira,2205,https://moovitapp.com/index/pt-br/transporte_p%C3%BAblico-line-2205-Brasilia-1702-851941-393568-0,-1.0,-15.827839,-47.92776,,,,2,2023-06-14T23:31:44+00:00
BRA_223972,Brasília,5300108,,Pioneira,2307,https://moovitapp.com/index/pt-br/transporte_p%C3%BAblico-line-2307-Brasilia-1702-851941-18556638-0,-1.0,-15.845014,-47.954094,,,,2,2023-06-14T23:31:42+00:00
BRA_228427,Brasília,5300108,,Taguatur,3305,https://moovitapp.com/index/pt-br/transporte_p%C3%BAblico-line-3305-Brasilia-1702-854428-77810673-0,-1.0,-16.037546,-48.056248,,,,1,2023-06-14T23:30:52+00:00
BRA_229636,Brasília,5300108,,Pioneira,0.784,https://moovitapp.com/index/pt-br/transporte_p%C3%BAblico-line-0_784-Brasilia-1702-851941-372405-0,-1.0,-15.776873,-47.780989,,,,1,2023-06-14T23:31:42+00:00
BRA_229130,Brasília,5300108,,Pioneira,0.102,https://moovitapp.com/index/pt-br/transporte_p%C3%BAblico-line-0_102-Brasilia-1702-851941-775119-0,-1.0,-15.827613,-47.927016,,,,1,2023-06-14T23:29:06+00:00
BRA_227684,Brasília,5300108,,Pioneira,2206,https://moovitapp.com/index/pt-br/transporte_p%C3%BAblico-line-2206-Brasilia-1702-851941-18556637-0,-1.0,-15.879728,-47.959803,,,,2,2023-06-14T23:24:42+00:00
BRA_231908,Brasília,5300108,,Pioneira,0.195,https://moovitapp.com/index/pt-br/transporte_p%C3%BAblico-line-0_195-Brasilia-1702-851941-242845-0,-1.0,-15.852141,-47.845928,,,,2,2023-06-14T23:31:12+00:00
BRA_223751,Brasília,5300108,,Pioneira,2306,https://moovitapp.com/index/pt-br/transporte_p%C3%BAblico-line-2306-Brasilia-1702-851941-18556641-0,-1.0,-15.906647,-47.964553,,,,1,2023-06-14T23:31:10+00:00
BRA_231720,Brasília,5300108,,Pioneira,100.2,https://moovitapp.com/index/pt-br/transporte_p%C3%BAblico-line-100_2-Brasilia-1702-851941-620160-0,-1.0,-15.840055,-47.921752,,,,2,2023-06-14T23:31:50+00:00
BRA_228087,Brasília,5300108,,Pioneira,2307,https://moovitapp.com/index/pt-br/transporte_p%C3%BAblico-line-2307-Brasilia-1702-851941-18556638-0,-1.0,-15.788326,-47.905558,,,,1,2023-06-14T23:32:12+00:00
BRA_227048,Brasília,5300108,,Pioneira,2205,https://moovitapp.com/index/pt-br/transporte_p%C3%BAblico-line-2205-Brasilia-1702-851941-393568-0,-1.0,-15.911622,-47.967884,,,,1,2023-06-14T23:31:02+00:00
BRA_230006,Brasília,5300108,,Pioneira,3210,https://moovitapp.com/index/pt-br/transporte_p%C3%BAblico-line-3210-Brasilia-1702-851941-14518504-0,-1.0,-16.033979,-48.058734,,,,1,2023-06-14T23:31:24+00:00
BRA_232271,Brasília,5300108,,Pioneira,0.225,https://moovitapp.com/index/pt-br/transporte_p%C3%BAblico-line-0_225-Brasilia-1702-851941-510253-0,-1.0,-16.018921,-48.067298,,,,2,2023-06-14T23:32:28+00:00
BRA_226351,Brasília,5300108,,Pioneira,2205,https://moovitapp.com/index/pt-br/transporte_p%C3%BAblico-line-2205-Brasilia-1702-851941-393568-0,-1.0,-15.793516,-47.890058,,,,1,2023-06-14T23:31:28+00:00
BRA_228273,Brasília,5300108,,Pioneira,197.3,https://moovitapp.com/index/pt-br/transporte_p%C3%BAblico-line-197_3-Brasilia-1702-851941-519409-0,-1.0,-15.794236,-47.881875,,,,1,2023-06-14T23:31:34+00:00
BRA_226700,Brasília,5300108,,Pioneira,163.1,https://moovitapp.com/index/pt-br/transporte_p%C3%BAblico-line-163_1-Brasilia-1702-851941-242911-0,-1.0,-15.804337,-47.897198,,,,2,2023-06-14T23:30:58+00:00
BRA_229504,Brasília,5300108,,Pioneira,0.761,https://moovitapp.com/index/pt-br/transporte_p%C3%BAblico-line-0_761-Brasilia-1702-851941-605389-0,-1.0,-15.773223,-47.779527,,,,2,2023-06-14T23:32:08+00:00
BRA_232157,Brasília,5300108,,Pioneira,205.1,https://moovitapp.com/index/pt-br/transporte_p%C3%BAblico-line-205_1-Brasilia-1702-851941-393571-0,-1.0,-15.952682,-48.031961,,,,1,2023-06-14T23:30:40+00:00
BRA_227340,Brasília,5300108,,Pioneira,180.1,https://moovitapp.com/index/pt-br/transporte_p%C3%BAblico-line-180_1-Brasilia-1702-851941-339336-0,-1.0,-15.887429,-47.808531,,,,1,2023-06-14T23:31:18+00:00
BRA_232424,Brasília,5300108,,Taguatur,3306,https://moovitapp.com/index/pt-br/transporte_p%C3%BAblico-line-3306-Brasilia-1702-854428-755287-0,-1.0,-16.029564,-47.987377,,,,1,2023-06-14T23:29:04+00:00
BRA_226408,Brasília,5300108,,UTB,2302,https://moovitapp.com/index/pt-br/transporte_p%C3%BAblico-line-2302-Brasilia-1702-854427-744298-0,-1.0,-15.885072,-47.960464,,,,2,2023-06-14T23:26:34+00:00
BRA_225606,Brasília,5300108,,UTB,2303,https://moovitapp.com/index/pt-br/transporte_p%C3%BAblico-line-2303-Brasilia-1702-854427-744299-0,-1.0,-15.797795,-47.892086,,,,1,2023-06-14T23:31:40+00:00
BRA_232343,Brasília,5300108,,,3301,,,-16.016276,-48.017541,,,,1,2023-06-14T23:31:56+00:00
BRA_228184,Brasília,5300108,,,3204,,,-16.005585,-48.056636,,,,1,2023-06-14T23:31:20+00:00
BRA_232173,Brasília,5300108,,Pioneira,124.6,https://moovitapp.com/index/pt-br/transporte_p%C3%BAblico-line-124_6-Brasilia-1702-851941-425282-0,-1.0,-15.852063,-47.946325,,,,1,2023-06-14T23:31:40+00:00
BRA_228117,Brasília,5300108,,,3202,,,-16.001698,-48.052999,,,,1,2023-06-14T23:31:46+00:00
BRA_226866,Brasília,5300108,,Pioneira,183.6,https://moovitapp.com/index/pt-br/transporte_p%C3%BAblico-line-183_6-Brasilia-1702-851941-242921-0,-1.0,-15.91159,-47.767949,,,,1,2023-06-14T23:31:34+00:00
BRA_228231,Brasília,5300108,,,3204,,,-16.019811,-48.050621,,,,1,2023-06-14T23:31:02+00:00
BRA_227510,Brasília,5300108,,Urbi,0.129,https://moovitapp.com/index/pt-br/transporte_p%C3%BAblico-line-0_129-Brasilia-1702-851595-775097-0,-1.0,-15.870651,-47.929127,,,,2,2023-06-14T23:31:52+00:00
BRA_226289,Brasília,5300108,,UTB,2303,https://moovitapp.com/index/pt-br/transporte_p%C3%BAblico-line-2303-Brasilia-1702-854427-744299-0,-1.0,-15.897024,-47.962372,,,,2,2023-06-14T23:31:26+00:00
BRA_228711,Brasília,5300108,,,3301,,,-16.021477,-48.012627,,,,1,2023-06-14T23:31:18+00:00
BRA_229334,Brasília,5300108,,Pioneira,181.2,https://moovitapp.com/index/pt-br/transporte_p%C3%BAblico-line-181_2-Brasilia-1702-851941-339338-0,-1.0,-15.912164,-47.758699,,,,1,2023-06-14T23:30:34+00:00
BRA_226726,Brasília,5300108,,Pioneira,2208,https://moovitapp.com/index/pt-br/transporte_p%C3%BAblico-line-2208-Brasilia-1702-851941-18556642-0,-1.0,-15.788337,-47.905469,,,,1,2023-06-14T23:31:22+00:00
BRA_232408,Brasília,5300108,,Pioneira,020.2,https://moovitapp.com/index/pt-br/transporte_p%C3%BAblico-line-020_2-Brasilia-1702-851941-708653-0,-1.0,-15.993878,-47.995591,,,,1,2023-06-14T23:31:40+00:00
BRA_232238,Brasília,5300108,,Pioneira,0.225,https://moovitapp.com/index/pt-br/transporte_p%C3%BAblico-line-0_225-Brasilia-1702-851941-510253-0,-1.0,-16.01893,-48.067514,,,,2,2023-06-14T23:31:26+00:00
BRA_232289,Brasília,5300108,,Marechal,206.1,https://moovitapp.com/index/pt-br/transporte_p%C3%BAblico-line-206_1-Brasilia-1702-851940-137149861-0,-1.0,-16.010392,-48.168209,,,,2,2023-06-14T23:31:28+00:00
BRA_228451,Brasília,5300108,,Pioneira,784.3,https://moovitapp.com/index/pt-br/transporte_p%C3%BAblico-line-784_3-Brasilia-1702-851941-46904557-0,-1.0,-15.738686,-47.76177,,,,1,2023-06-14T23:31:46+00:00
BRA_226661,Brasília,5300108,,Pioneira,759.1,https://moovitapp.com/index/pt-br/transporte_p%C3%BAblico-line-759_1-Brasilia-1702-851941-616183-0,-1.0,-15.738651,-47.899143,,,,1,2023-06-14T23:31:44+00:00
BRA_228931,Brasília,5300108,,Pioneira,3314,https://moovitapp.com/index/pt-br/transporte_p%C3%BAblico-line-3314-Brasilia-1702-851941-645996-0,-1.0,-16.002581,-47.98643,,,,1,2023-06-14T23:32:16+00:00
BRA_226475,Brasília,5300108,,Pioneira,759.1,https://moovitapp.com/index/pt-br/transporte_p%C3%BAblico-line-759_1-Brasilia-1702-851941-616183-0,-1.0,-15.715014,-47.874659,,,,2,2023-06-14T23:31:28+00:00
BRA_227731,Brasília,5300108,,Pioneira,147.2,https://moovitapp.com/index/pt-br/transporte_p%C3%BAblico-line-147_2-Brasilia-1702-851941-519403-0,-1.0,-15.913315,-47.756925,,,,1,2023-06-14T23:30:56+00:00
BRA_228541,Brasília,5300108,,Pioneira,180.1,https://moovitapp.com/index/pt-br/transporte_p%C3%BAblico-line-180_1-Brasilia-1702-851941-339336-0,-1.0,-15.906256,-47.754744,,,,2,2023-06-14T23:31:06+00:00
BRA_229407,Brasília,5300108,,Pioneira,251.8,https://moovitapp.com/index/pt-br/transporte_p%C3%BAblico-line-251_8-Brasilia-1702-851941-708654-0,-1.0,-16.013183,-48.061563,,,,1,2023-06-14T23:30:26+00:00
BRA_232505,Brasília,5300108,,Pioneira,3308,https://moovitapp.com/index/pt-br/transporte_p%C3%BAblico-line-3308-Brasilia-1702-851941-577772-0,-1.0,-16.049219,-48.003599,,,,1,2023-06-14T23:31:12+00:00
BRA_228982,Brasília,5300108,,Pioneira,271.3,https://moovitapp.com/index/pt-br/transporte_p%C3%BAblico-line-271_3-Brasilia-1702-851941-669626-0,-1.0,-16.037317,-48.019792,,,,1,2023-06-14T23:30:46+00:00
BRA_226912,Brasília,5300108,,Pioneira,0.765,https://moovitapp.com/index/pt-br/transporte_p%C3%BAblico-line-0_765-Brasilia-1702-851941-576190-0,-1.0,-15.760616,-47.781301,,,,2,2023-06-14T23:31:28+00:00
BRA_229199,Brasília,5300108,,Pioneira,3312,https://moovitapp.com/index/pt-br/transporte_p%C3%BAblico-line-3312-Brasilia-1702-851941-616181-0,-1.0,-16.032714,-48.034033,,,,2,2023-06-14T23:31:40+00:00
BRA_223841,Brasília,5300108,,Pioneira,2210,https://moovitapp.com/index/pt-br/transporte_p%C3%BAblico-line-2210-Brasilia-1702-851941-57764370-0,-1.0,-15.857177,-47.955766,,,,1,2023-06-14T09:15:02+00:00
BRA_227242,Brasília,5300108,,Pioneira,0.195,https://moovitapp.com/index/pt-br/transporte_p%C3%BAblico-line-0_195-Brasilia-1702-851941-242845-0,-1.0,-15.907496,-47.754464,,,,1,2023-06-14T23:31:34+00:00
BRA_231592,Brasília,5300108,,Pioneira,102.1,https://moovitapp.com/index/pt-br/transporte_p%C3%BAblico-line-102_1-Brasilia-1702-851941-775125-0,-1.0,-15.792936,-47.88227,,,,1,2023-06-14T23:30:58+00:00
BRA_227528,Brasília,5300108,,,2202,,,-15.976386,-48.032342,,,,2,2023-06-14T23:31:10+00:00
BRA_232386,Brasília,5300108,,,3301,,,-16.04214,-48.026321,,,,1,2023-06-14T23:31:04+00:00
BRA_227285,Brasília,5300108,,,2202,,,-15.793786,-47.88225,,,,1,2023-06-14T23:31:48+00:00
BRA_226815,Brasília,5300108,,Pioneira,0.126,https://moovitapp.com/index/pt-br/transporte_p%C3%BAblico-line-0_126-Brasilia-1702-851941-7879579-0,-1.0,-15.902483,-47.767523,,,,1,2023-06-14T23:31:16+00:00
BRA_232378,Brasília,5300108,,Taguatur,3302,https://moovitapp.com/index/pt-br/transporte_p%C3%BAblico-line-3302-Brasilia-1702-854428-3135322-0,-1.0,-16.042213,-48.025934,,,,1,2023-06-14T23:31:22+00:00
BRA_230146,Brasília,5300108,,Taguatur,3305,https://moovitapp.com/index/pt-br/transporte_p%C3%BAblico-line-3305-Brasilia-1702-854428-77810673-0,-1.0,-16.048923,-47.995471,,,,1,2023-06-14T23:31:34+00:00
BRA_228575,Brasília,5300108,,Pioneira,0.255,https://moovitapp.com/index/pt-br/transporte_p%C3%BAblico-line-0_255-Brasilia-1702-851941-706978-0,-1.0,-15.805875,-48.076001,,,,2,2023-06-12T15:58:20+00:00
BRA_229521,Brasília,5300108,,UTB,2302,https://moovitapp.com/index/pt-br/transporte_p%C3%BAblico-line-2302-Brasilia-1702-854427-744298-0,-1.0,-15.798685,-47.885328,,,,2,2023-06-14T23:31:44+00:00
BRA_232599,Brasília,5300108,,Pioneira,2309,https://moovitapp.com/index/pt-br/transporte_p%C3%BAblico-line-2309-Brasilia-1702-851941-57764376-0,-1.0,-15.991654,-47.986462,,,,2,2023-06-14T23:31:48+00:00
BRA_229725,Brasília,5300108,,Pioneira,0.765,https://moovitapp.com/index/pt-br/transporte_p%C3%BAblico-line-0_765-Brasilia-1702-851941-576190-0,-1.0,-15.829843,-47.902309,,,,2,2023-06-14T23:31:50+00:00
BRA_223786,Brasília,5300108,,Pioneira,2206,https://moovitapp.com/index/pt-br/transporte_p%C3%BAblico-line-2206-Brasilia-1702-851941-18556637-0,-1.0,-15.938573,-47.985851,,,,1,2023-06-14T23:30:58+00:00
BRA_230022,Brasília,5300108,,,3207,,,-15.992406,-48.049947,,,,1,2023-06-14T23:30:58+00:00
BRA_226165,Brasília,5300108,,Taguatur,2301,https://moovitapp.com/index/pt-br/transporte_p%C3%BAblico-line-2301-Brasilia-1702-854428-81537943-0,-1.0,-16.024261,-48.032946,,,,2,2023-06-14T23:32:16+00:00
BRA_229601,Brasília,5300108,,Pioneira,784.3,https://moovitapp.com/index/pt-br/transporte_p%C3%BAblico-line-784_3-Brasilia-1702-851941-46904557-0,-1.0,-15.74693,-47.782534,,,,1,2023-06-13T16:18:12+00:00
BRA_229644,Brasília,5300108,,Pioneira,0.781,https://moovitapp.com/index/pt-br/transporte_p%C3%BAblico-line-0_781-Brasilia-1702-851941-242889-0,-1.0,-15.736788,-47.765756,,,,1,2023-06-14T23:30:40+00:00
BRA_229474,Brasília,5300108,,Pioneira,147.2,https://moovitapp.com/index/pt-br/transporte_p%C3%BAblico-line-147_2-Brasilia-1702-851941-519403-0,-1.0,-15.86544,-47.820681,,,,1,2023-06-14T23:30:36+00:00
BRA_229423,Brasília,5300108,,Pioneira,0.255,https://moovitapp.com/index/pt-br/transporte_p%C3%BAblico-line-0_255-Brasilia-1702-851941-706978-0,-1.0,-15.974795,-47.989787,,,,1,2023-06-14T23:31:42+00:00
BRA_232360,Brasília,5300108,,Taguatur,3302,https://moovitapp.com/index/pt-br/transporte_p%C3%BAblico-line-3302-Brasilia-1702-854428-3135322-0,-1.0,-16.018791,-48.020714,,,,1,2023-06-14T23:32:06+00:00
BRA_228257,Brasília,5300108,,Pioneira,205.1,https://moovitapp.com/index/pt-br/transporte_p%C3%BAblico-line-205_1-Brasilia-1702-851941-393571-0,-1.0,-16.005325,-48.081628,,,,2,2023-06-14T23:31:32+00:00
BRA_229113,Brasília,5300108,,Pioneira,0.253,https://moovitapp.com/index/pt-br/transporte_p%C3%BAblico-line-0_253-Brasilia-1702-851941-510254-0,-1.0,-15.94591,-48.037905,,,,2,2023-06-14T23:31:34+00:00
BRA_232351,Brasília,5300108,,,3301,,,-16.034691,-48.021909,,,,1,2023-06-14T23:31:00+00:00
BRA_227803,Brasília,5300108,,Pioneira,180.1,https://moovitapp.com/index/pt-br/transporte_p%C3%BAblico-line-180_1-Brasilia-1702-851941-339336-0,-1.0,-15.842373,-47.821679,,,,2,2023-06-14T23:31:36+00:00
BRA_228753,Brasília,5300108,,Pioneira,3312,https://moovitapp.com/index/pt-br/transporte_p%C3%BAblico-line-3312-Brasilia-1702-851941-616181-0,-1.0,-16.012121,-48.011565,,,,2,2023-06-14T23:31:22+00:00
BRA_230090,Brasília,5300108,,,3301,,,-16.00981,-47.985978,,,,1,2023-06-14T23:31:36+00:00
BRA_229903,Brasília,5300108,,Pioneira,160.3,https://moovitapp.com/index/pt-br/transporte_p%C3%BAblico-line-160_3-Brasilia-1702-851941-242910-0,-1.0,-15.835737,-47.927283,,,,2,2023-06-14T23:31:28+00:00
BRA_228524,Brasília,5300108,,Pioneira,020.2,https://moovitapp.com/index/pt-br/transporte_p%C3%BAblico-line-020_2-Brasilia-1702-851941-708653-0,-1.0,-16.017955,-48.051117,,,,1,2023-06-14T23:31:52+00:00
BRA_229181,Brasília,5300108,,Pioneira,0.255,https://moovitapp.com/index/pt-br/transporte_p%C3%BAblico-line-0_255-Brasilia-1702-851941-706978-0,-1.0,-16.047366,-48.032082,,,,2,2023-06-14T23:30:52+00:00
BRA_227692,Brasília,5300108,,Pioneira,197.3,https://moovitapp.com/index/pt-br/transporte_p%C3%BAblico-line-197_3-Brasilia-1702-851941-519409-0,-1.0,-15.8191,-47.832767,,,,1,2023-06-14T23:30:44+00:00
BRA_227986,Brasília,5300108,,Pioneira,180.1,https://moovitapp.com/index/pt-br/transporte_p%C3%BAblico-line-180_1-Brasilia-1702-851941-339336-0,-1.0,-15.913579,-47.757389,,,,2,2023-06-14T21:27:10+00:00
BRA_229695,Brasília,5300108,,Pioneira,0.765,https://moovitapp.com/index/pt-br/transporte_p%C3%BAblico-line-0_765-Brasilia-1702-851941-576190-0,-1.0,-15.79834,-47.892436,,,,2,2023-06-14T23:31:30+00:00
BRA_229911,Brasília,5300108,,Pioneira,205.1,https://moovitapp.com/index/pt-br/transporte_p%C3%BAblico-line-205_1-Brasilia-1702-851941-393571-0,-1.0,-16.032759,-48.057939,,,,1,2023-06-14T23:30:36+00:00
BRA_227005,Brasília,5300108,,Pioneira,170.4,https://moovitapp.com/index/pt-br/transporte_p%C3%BAblico-line-170_4-Brasilia-1702-851941-379787-0,-1.0,-15.904614,-47.763105,,,,1,2023-06-14T23:07:02+00:00
BRA_229962,Brasília,5300108,,,3201,,,-16.024916,-48.063769,,,,1,2023-06-14T23:31:40+00:00
BRA_227951,Brasília,5300108,,Pioneira,0.195,https://moovitapp.com/index/pt-br/transporte_p%C3%BAblico-line-0_195-Brasilia-1702-851941-242845-0,-1.0,-15.913356,-47.757383,,,,2,2023-06-14T23:30:46+00:00
BRA_225746,Brasília,5300108,,Pioneira,0.764,https://moovitapp.com/index/pt-br/transporte_p%C3%BAblico-line-0_764-Brasilia-1702-851941-516641-0,-1.0,-15.736446,-47.765565,,,,1,2023-06-14T23:30:40+00:00
BRA_227579,Brasília,5300108,,Pioneira,183.2,https://moovitapp.com/index/pt-br/transporte_p%C3%BAblico-line-183_2-Brasilia-1702-851941-242920-0,-1.0,-15.875751,-47.780875,,,,1,2023-06-14T23:30:58+00:00
BRA_229857,Brasília,5300108,,Pioneira,147.3,https://moovitapp.com/index/pt-br/transporte_p%C3%BAblico-line-147_3-Brasilia-1702-851941-574203-0,-1.0,-15.794272,-47.881894,,,,1,2023-06-14T23:30:56+00:00
BRA_227749,Brasília,5300108,,Pioneira,147.2,https://moovitapp.com/index/pt-br/transporte_p%C3%BAblico-line-147_2-Brasilia-1702-851941-519403-0,-1.0,-15.821651,-47.918744,,,,2,2023-06-14T23:31:46+00:00
BRA_226971,Brasília,5300108,,Pioneira,0.780,https://moovitapp.com/index/pt-br/transporte_p%C3%BAblico-line-0_780-Brasilia-1702-851941-514537-0,-1.0,-15.740984,-47.764516,,,,2,2023-06-14T23:31:30+00:00
BRA_226718,Brasília,5300108,,Pioneira,101.8,https://moovitapp.com/index/pt-br/transporte_p%C3%BAblico-line-101_8-Brasilia-1702-851941-663231-0,-1.0,-15.736073,-47.765057,,,,2,2023-06-14T23:31:20+00:00
BRA_223921,Brasília,5300108,,Pioneira,2306,https://moovitapp.com/index/pt-br/transporte_p%C3%BAblico-line-2306-Brasilia-1702-851941-18556641-0,-1.0,-15.88469,-47.960407,,,,2,2023-06-14T23:31:16+00:00
BRA_232653,Brasília,5300108,,,2202,,,-15.921996,-47.974731,,,,1,2023-06-14T23:31:12+00:00
BRA_223832,Brasília,5300108,,Pioneira,2206,https://moovitapp.com/index/pt-br/transporte_p%C3%BAblico-line-2206-Brasilia-1702-851941-18556637-0,-1.0,-15.917859,-47.972106,,,,2,2023-06-14T23:31:12+00:00
BRA_230081,Brasília,5300108,,Taguatur,3306,https://moovitapp.com/index/pt-br/transporte_p%C3%BAblico-line-3306-Brasilia-1702-854428-755287-0,-1.0,-16.008233,-47.986284,,,,1,2023-06-14T23:31:40+00:00
BRA_229628,Brasília,5300108,,Pioneira,0.101,https://moovitapp.com/index/pt-br/transporte_p%C3%BAblico-line-0_101-Brasilia-1702-851941-587082-0,-1.0,-15.736523,-47.765629,,,,1,2023-06-14T23:31:14+00:00
BRA_228214,Brasília,5300108,,Pioneira,205.1,https://moovitapp.com/index/pt-br/transporte_p%C3%BAblico-line-205_1-Brasilia-1702-851941-393571-0,-1.0,-15.852024,-48.040716,,,,2,2023-06-14T23:31:02+00:00
BRA_227200,Brasília,5300108,,Pioneira,2206,https://moovitapp.com/index/pt-br/transporte_p%C3%BAblico-line-2206-Brasilia-1702-851941-18556637-0,-1.0,-15.736699,-47.898946,,,,1,2023-06-14T23:31:42+00:00
BRA_77534,Brasília,5300108,,Urbi,0.808,https://moovitapp.com/index/pt-br/transporte_p%C3%BAblico-line-0_808-Brasilia-1702-851595-372359-0,-1.0,-15.910687,-48.092614,,,,1,2023-06-14T23:30:42+00:00
BRA_77356,Brasília,5300108,,Urbi,0.808,https://moovitapp.com/index/pt-br/transporte_p%C3%BAblico-line-0_808-Brasilia-1702-851595-372359-0,-1.0,-15.814589,-48.099513,,,,1,2023-06-14T23:26:18+00:00
BRA_710415,Brasília,5300108,,São José,0.310,https://moovitapp.com/index/pt-br/transporte_p%C3%BAblico-line-0_310-Brasilia-1702-851943-775131-0,-1.0,-15.787665,-48.134595,,,,1,2023-06-13T02:43:20+00:00
BRA_710474,Brasília,5300108,,São José,0.310,https://moovitapp.com/index/pt-br/transporte_p%C3%BAblico-line-0_310-Brasilia-1702-851943-775131-0,-1.0,-15.793955,-47.882975,,,,2,2023-06-14T23:17:06+00:00
BRA_710342,Brasília,5300108,,São José,0.311,https://moovitapp.com/index/pt-br/transporte_p%C3%BAblico-line-0_311-Brasilia-1702-851943-706986-0,-1.0,-15.788,-48.134786,,,,1,2023-06-14T23:17:36+00:00
BRA_710369,Brasília,5300108,,São José,0.311,https://moovitapp.com/index/pt-br/transporte_p%C3%BAblico-line-0_311-Brasilia-1702-851943-706986-0,-1.0,-15.814834,-47.909678,,,,1,2023-06-14T23:30:56+00:00
BRA_76660,Brasília,5300108,,São José,0.314,https://moovitapp.com/index/pt-br/transporte_p%C3%BAblico-line-0_314-Brasilia-1702-851943-715275-0,-1.0,-15.797998,-48.124925,,,,1,2023-06-14T23:31:08+00:00
BRA_710571,Brasília,5300108,,São José,0.334,https://moovitapp.com/index/pt-br/transporte_p%C3%BAblico-line-0_334-Brasilia-1702-851943-706993-0,-1.0,-15.831989,-48.050214,,,,1,2023-06-14T23:30:58+00:00
BRA_710351,Brasília,5300108,,São José,0.335,https://moovitapp.com/index/pt-br/transporte_p%C3%BAblico-line-0_335-Brasilia-1702-851943-775135-0,-1.0,-15.794271,-47.883013,,,,1,2023-06-14T19:15:14+00:00
BRA_76724,Brasília,5300108,,Urbi,0.341,https://moovitapp.com/index/pt-br/transporte_p%C3%BAblico-line-0_341-Brasilia-1702-851595-37928003-0,-1.0,-15.835341,-48.076256,,,,1,2023-06-14T23:31:08+00:00
BRA_77097,Brasília,5300108,,Urbi,0.805,https://moovitapp.com/index/pt-br/transporte_p%C3%BAblico-line-0_805-Brasilia-1702-851595-460800-0,-1.0,-15.83614,-48.056095,,,,1,2023-06-14T23:26:10+00:00
BRA_77666,Brasília,5300108,,Urbi,0.812,https://moovitapp.com/index/pt-br/transporte_p%C3%BAblico-line-0_812-Brasilia-1702-851595-697958-0,-1.0,-15.825858,-48.118249,,,,1,2023-06-14T23:30:58+00:00
BRA_76783,Brasília,5300108,,Urbi,0.346,https://moovitapp.com/index/pt-br/transporte_p%C3%BAblico-line-0_346-Brasilia-1702-851595-46461186-0,-1.0,-15.799127,-48.14836,,,,1,2023-06-13T01:50:28+00:00
BRA_76724,Brasília,5300108,,São José,0.350,https://moovitapp.com/index/pt-br/transporte_p%C3%BAblico-line-0_350-Brasilia-1702-851943-376176-0,-1.0,-15.808245,-48.157102,,,,1,2023-06-14T17:53:18+00:00
BRA_710539,Brasília,5300108,,São José,0.375,https://moovitapp.com/index/pt-br/transporte_p%C3%BAblico-line-0_375-Brasilia-1702-851943-39496914-0,-1.0,-15.829419,-48.034828,,,,2,2023-06-14T23:31:14+00:00
BRA_710393,Brasília,5300108,,São José,0.375,https://moovitapp.com/index/pt-br/transporte_p%C3%BAblico-line-0_375-Brasilia-1702-851943-39496914-0,-1.0,-15.840079,-48.098057,,,,1,2023-06-14T23:31:28+00:00
BRA_710407,Brasília,5300108,,São José,0.377,https://moovitapp.com/index/pt-br/transporte_p%C3%BAblico-line-0_377-Brasilia-1702-851943-707006-0,-1.0,-15.76618,-47.890388,,,,2,2023-06-14T23:30:58+00:00
BRA_76589,Brasília,5300108,,São José,0.385,https://moovitapp.com/index/pt-br/transporte_p%C3%BAblico-line-0_385-Brasilia-1702-851943-516651-0,-1.0,-15.802425,-48.157935,,,,1,2023-06-14T23:31:34+00:00
BRA_78514,Brasília,5300108,,São José,0.343,https://moovitapp.com/index/pt-br/transporte_p%C3%BAblico-line-0_343-Brasilia-1702-851943-706996-0,-1.0,-15.807811,-48.133057,,,,2,2023-06-14T23:31:28+00:00
BRA_77798,Brasília,5300108,,São José,0.364,https://moovitapp.com/index/pt-br/transporte_p%C3%BAblico-line-0_364-Brasilia-1702-851943-707002-0,-1.0,-15.81889,-48.087026,,,,1,2023-06-14T14:15:36+00:00
BRA_77909,Brasília,5300108,,Urbi,0.368,https://moovitapp.com/index/pt-br/transporte_p%C3%BAblico-line-0_368-Brasilia-1702-851595-706971-0,-1.0,-15.882222,-48.012455,,,,1,2023-06-14T23:31:38+00:00
BRA_78140,Brasília,5300108,,São José,0.379,https://moovitapp.com/index/pt-br/transporte_p%C3%BAblico-line-0_379-Brasilia-1702-851943-707007-0,-1.0,-15.77819,-47.939681,,,,2,2023-06-14T23:30:42+00:00
BRA_78344,Brasília,5300108,,São José,0.929,https://moovitapp.com/index/pt-br/transporte_p%C3%BAblico-line-0_929-Brasilia-1702-851943-5294667-0,-1.0,-15.787721,-48.134284,,,,1,2023-06-14T23:30:44+00:00
BRA_78051,Brasília,5300108,,São José,0.929,https://moovitapp.com/index/pt-br/transporte_p%C3%BAblico-line-0_929-Brasilia-1702-851943-5294667-0,-1.0,-15.787729,-48.133991,,,,1,2023-06-14T23:31:30+00:00
BRA_78590,Brasília,5300108,,São José,0.949,https://moovitapp.com/index/pt-br/transporte_p%C3%BAblico-line-0_949-Brasilia-1702-851943-707026-0,-1.0,-15.78814,-48.134977,,,,1,2023-06-14T23:31:12+00:00
BRA_77852,Brasília,5300108,,São José,0.949,https://moovitapp.com/index/pt-br/transporte_p%C3%BAblico-line-0_949-Brasilia-1702-851943-707026-0,-1.0,-15.806559,-48.079295,,,,1,2023-06-14T23:30:56+00:00
BRA_79740,Brasília,5300108,,São José,0.926,https://moovitapp.com/index/pt-br/transporte_p%C3%BAblico-line-0_926-Brasilia-1702-851943-775154-0,-1.0,-15.785813,-48.139599,,,,1,2023-06-14T23:31:16+00:00
BRA_76538,Brasília,5300108,,São José,0.928,https://moovitapp.com/index/pt-br/transporte_p%C3%BAblico-line-0_928-Brasilia-1702-851943-756868-0,-1.0,-15.805519,-48.136089,,,,1,2023-06-14T23:31:22+00:00
BRA_77721,Brasília,5300108,,São José,0.946,https://moovitapp.com/index/pt-br/transporte_p%C3%BAblico-line-0_946-Brasilia-1702-851943-669627-0,-1.0,-15.807403,-47.965023,,,,2,2023-06-14T22:54:46+00:00
BRA_79529,Brasília,5300108,,São José,364.1,https://moovitapp.com/index/pt-br/transporte_p%C3%BAblico-line-364_1-Brasilia-1702-851943-789941-0,-1.0,-15.827696,-48.130539,,,,1,2023-06-14T23:31:16+00:00
BRA_78417,Brasília,5300108,,São José,949.1,https://moovitapp.com/index/pt-br/transporte_p%C3%BAblico-line-949_1-Brasilia-1702-851943-707069-0,-1.0,-15.859582,-47.999711,,,,1,2023-06-14T23:20:34+00:00
BRA_79171,Brasília,5300108,,São José,949.1,https://moovitapp.com/index/pt-br/transporte_p%C3%BAblico-line-949_1-Brasilia-1702-851943-707069-0,-1.0,-15.787972,-48.134767,,,,1,2023-06-14T23:31:28+00:00
BRA_78531,Brasília,5300108,,São José,949.1,https://moovitapp.com/index/pt-br/transporte_p%C3%BAblico-line-949_1-Brasilia-1702-851943-707069-0,-1.0,-15.837398,-48.014451,,,,1,2023-06-14T20:25:26+00:00
BRA_76651,Brasília,5300108,,São José,333.2,https://moovitapp.com/index/pt-br/transporte_p%C3%BAblico-line-333_2-Brasilia-1702-851943-527251-0,-1.0,-15.815492,-48.152575,,,,1,2023-06-14T23:31:10+00:00
BRA_79511,Brasília,5300108,,São José,359.2,https://moovitapp.com/index/pt-br/transporte_p%C3%BAblico-line-359_2-Brasilia-1702-851943-2068453-0,-1.0,-15.796897,-48.121301,,,,1,2023-06-14T23:27:12+00:00
BRA_711225,Brasília,5300108,,São José,0.159,https://moovitapp.com/index/pt-br/transporte_p%C3%BAblico-line-0_159-Brasilia-1702-851943-375523-0,-1.0,-15.817277,-48.062752,,,,1,2023-06-14T23:31:26+00:00
BRA_711179,Brasília,5300108,,São José,0.159,https://moovitapp.com/index/pt-br/transporte_p%C3%BAblico-line-0_159-Brasilia-1702-851943-375523-0,-1.0,-15.829841,-48.141296,,,,2,2023-06-14T21:59:56+00:00
BRA_76465,Brasília,5300108,,São José,0.159,https://moovitapp.com/index/pt-br/transporte_p%C3%BAblico-line-0_159-Brasilia-1702-851943-375523-0,-1.0,-15.824731,-48.027428,,,,2,2023-06-14T23:30:56+00:00
BRA_711209,Brasília,5300108,,São José,0.159,https://moovitapp.com/index/pt-br/transporte_p%C3%BAblico-line-0_159-Brasilia-1702-851943-375523-0,-1.0,-15.785673,-47.988636,,,,1,2023-06-14T23:31:12+00:00
BRA_77585,Brasília,5300108,,Urbi,0.841,https://moovitapp.com/index/pt-br/transporte_p%C3%BAblico-line-0_841-Brasilia-1702-851595-339302-0,-1.0,-15.902106,-48.129369,,,,1,2023-06-14T23:31:14+00:00
BRA_710873,Brasília,5300108,,São José,0.400,https://moovitapp.com/index/pt-br/transporte_p%C3%BAblico-line-0_400-Brasilia-1702-851943-481325-0,-1.0,-15.730929,-48.176792,,,,2,2023-06-14T23:31:24+00:00
BRA_79197,Brasília,5300108,,São José,0.403,https://moovitapp.com/index/pt-br/transporte_p%C3%BAblico-line-0_403-Brasilia-1702-851943-476296-0,-1.0,-15.681065,-48.190061,,,,1,2023-06-14T23:13:56+00:00
BRA_711080,Brasília,5300108,,São José,0.405,https://moovitapp.com/index/pt-br/transporte_p%C3%BAblico-line-0_405-Brasilia-1702-851943-476297-0,-1.0,-15.66975,-48.200812,,,,2,2023-06-14T23:30:58+00:00
BRA_500321,Brasília,5300108,,São José,0.401,https://moovitapp.com/index/pt-br/transporte_p%C3%BAblico-line-0_401-Brasilia-1702-851943-788976-0,-1.0,-15.839686,-48.057379,,,,2,2023-06-14T22:07:52+00:00
BRA_76406,Brasília,5300108,,São José,928.1,https://moovitapp.com/index/pt-br/transporte_p%C3%BAblico-line-928_1-Brasilia-1702-851943-707067-0,-1.0,-15.818415,-48.128714,,,,1,2023-06-14T23:30:56+00:00
BRA_76902,Brasília,5300108,,São José,333.8,https://moovitapp.com/index/pt-br/transporte_p%C3%BAblico-line-333_8-Brasilia-1702-851943-376187-0,-1.0,-15.813112,-48.096709,,,,1,2023-06-14T23:31:26+00:00
BRA_78603,Brasília,5300108,,São José,0.360,https://moovitapp.com/index/pt-br/transporte_p%C3%BAblico-line-0_360-Brasilia-1702-851943-707000-0,-1.0,-15.804189,-48.070667,,,,1,2023-06-14T23:29:58+00:00
BRA_79383,Brasília,5300108,,São José,158.6,https://moovitapp.com/index/pt-br/transporte_p%C3%BAblico-line-158_6-Brasilia-1702-851943-427161-0,-1.0,-15.779314,-47.998732,,,,1,2023-06-14T23:31:12+00:00
BRA_77321,Brasília,5300108,,Urbi,0.038,https://moovitapp.com/index/pt-br/transporte_p%C3%BAblico-line-0_038-Brasilia-1702-851595-687419-0,-1.0,-15.907815,-48.08489,,,,1,2023-06-14T23:31:22+00:00
BRA_77607,Brasília,5300108,,Urbi,0.038,https://moovitapp.com/index/pt-br/transporte_p%C3%BAblico-line-0_038-Brasilia-1702-851595-687419-0,-1.0,-15.835377,-48.061868,,,,1,2023-06-14T23:30:40+00:00
BRA_77372,Brasília,5300108,,Urbi,084.1,https://moovitapp.com/index/pt-br/transporte_p%C3%BAblico-line-084_1-Brasilia-1702-851595-466292-0,-1.0,-15.869732,-47.971635,,,,2,2023-06-14T23:31:04+00:00
BRA_77691,Brasília,5300108,,Urbi,086.1,https://moovitapp.com/index/pt-br/transporte_p%C3%BAblico-line-086_1-Brasilia-1702-851595-481321-0,-1.0,-15.866191,-47.975596,,,,2,2023-06-14T23:31:30+00:00
BRA_75973,Brasília,5300108,,São José,0.039,https://moovitapp.com/index/pt-br/transporte_p%C3%BAblico-line-0_039-Brasilia-1702-851943-781333-0,-1.0,-15.820468,-48.110035,,,,1,2023-06-14T23:30:48+00:00
BRA_711250,Brasília,5300108,,São José,0.092,https://moovitapp.com/index/pt-br/transporte_p%C3%BAblico-line-0_092-Brasilia-1702-851943-496589-0,-1.0,-15.821139,-47.954781,,,,1,2023-06-14T02:47:44+00:00
BRA_710962,Brasília,5300108,,São José,406.1,https://moovitapp.com/index/pt-br/transporte_p%C3%BAblico-line-406_1-Brasilia-1702-851943-707061-0,-1.0,-15.67156,-48.199172,,,,2,2023-06-14T23:31:06+00:00
BRA_500089,Brasília,5300108,,São José,413.4,https://moovitapp.com/index/pt-br/transporte_p%C3%BAblico-line-413_4-Brasilia-1702-851943-775174-0,-1.0,-15.680334,-48.189508,,,,1,2023-06-14T23:05:42+00:00
BRA_79081,Brasília,5300108,,Urbi,0.886,https://moovitapp.com/index/pt-br/transporte_p%C3%BAblico-line-0_886-Brasilia-1702-851595-704024-0,-1.0,-15.787927,-48.134659,,,,2,2023-06-12T15:13:30+00:00
BRA_79189,Brasília,5300108,,Urbi,0.886,https://moovitapp.com/index/pt-br/transporte_p%C3%BAblico-line-0_886-Brasilia-1702-851595-704024-0,-1.0,-15.817871,-48.105133,,,,1,2023-06-14T22:31:20+00:00
BRA_77623,Brasília,5300108,,Urbi,0.878,https://moovitapp.com/index/pt-br/transporte_p%C3%BAblico-line-0_878-Brasilia-1702-851595-418743-0,-1.0,-15.919484,-48.057729,,,,2,2023-06-14T23:31:42+00:00
BRA_711039,Brasília,5300108,,São José,0.424,https://moovitapp.com/index/pt-br/transporte_p%C3%BAblico-line-0_424-Brasilia-1702-851943-514543-0,-1.0,-15.789599,-47.903371,,,,1,2023-06-14T14:39:46+00:00
BRA_500135,Brasília,5300108,,São José,0.424,https://moovitapp.com/index/pt-br/transporte_p%C3%BAblico-line-0_424-Brasilia-1702-851943-514543-0,-1.0,-15.800287,-47.893758,,,,2,2023-06-14T23:30:58+00:00
BRA_79774,Brasília,5300108,,São José,0.414,https://moovitapp.com/index/pt-br/transporte_p%C3%BAblico-line-0_414-Brasilia-1702-851943-773707-0,-1.0,-15.599775,-48.141563,,,,1,2023-06-14T23:16:44+00:00
BRA_78441,Brasília,5300108,,São José,0.558,https://moovitapp.com/index/pt-br/transporte_p%C3%BAblico-line-0_558-Brasilia-1702-851943-775149-0,-1.0,-15.787574,-48.134455,,,,1,2023-06-14T23:12:10+00:00
BRA_711306,Brasília,5300108,,São José,158.8,https://moovitapp.com/index/pt-br/transporte_p%C3%BAblico-line-158_8-Brasilia-1702-851943-243046-0,-1.0,-15.785076,-47.991789,,,,1,2023-06-14T23:29:18+00:00
BRA_711004,Brasília,5300108,,São José,0.416,https://moovitapp.com/index/pt-br/transporte_p%C3%BAblico-line-0_416-Brasilia-1702-851943-707011-0,-1.0,-15.671403,-48.199089,,,,2,2023-06-14T23:30:52+00:00
BRA_79901,Brasília,5300108,,São José,929.1,https://moovitapp.com/index/pt-br/transporte_p%C3%BAblico-line-929_1-Brasilia-1702-851943-5294764-0,-1.0,-15.799885,-48.135142,,,,1,2023-06-14T23:30:44+00:00
BRA_120553,Brasília,5300108,,Piracicabana,152.5,https://moovitapp.com/index/pt-br/transporte_p%C3%BAblico-line-152_5-Brasilia-1702-850942-542828-0,-1.0,-15.77448,-47.90736,,,,1,2023-06-12T08:11:22+00:00
BRA_115703,Brasília,5300108,,Piracicabana,600.3,https://moovitapp.com/index/pt-br/transporte_p%C3%BAblico-line-600_3-Brasilia-1702-850942-494156-0,-1.0,-15.73779,-47.89936,,,,1,2023-06-14T11:19:50+00:00
BRA_120235,Brasília,5300108,,Piracicabana,066.3,https://moovitapp.com/index/pt-br/transporte_p%C3%BAblico-line-066_3-Brasilia-1702-850942-513542-0,-1.0,-15.79574,-47.88405,,,,,2023-06-14T11:53:30+00:00
BRA_117463,Brasília,5300108,,Piracicabana,511.4,https://moovitapp.com/index/pt-br/transporte_p%C3%BAblico-line-511_4-Brasilia-1702-850942-770030-0,-1.0,-15.66375,-47.84241,,,,,2023-06-14T20:24:25+00:00
BRA_117684,Brasília,5300108,,Piracicabana,0.518,https://moovitapp.com/index/pt-br/transporte_p%C3%BAblico-line-0_518-Brasilia-1702-850942-580670-0,-1.0,-15.69386,-47.87018,,,,,2023-06-14T20:44:45+00:00
BRA_118621,Brasília,5300108,,Piracicabana,0.116,https://moovitapp.com/index/pt-br/transporte_p%C3%BAblico-line-0_116-Brasilia-1702-850942-242381-0,-1.0,-15.76309,-47.8909,,,,,2023-06-14T21:34:40+00:00
BRA_119342,Brasília,5300108,,Piracicabana,0.519,https://moovitapp.com/index/pt-br/transporte_p%C3%BAblico-line-0_519-Brasilia-1702-850942-556805-0,-1.0,-15.69328,-47.86978,,,,,2023-06-14T22:05:15+00:00
BRA_117251,Brasília,5300108,,Piracicabana,643.1,https://moovitapp.com/index/pt-br/transporte_p%C3%BAblico-line-643_1-Brasilia-1702-850942-772850-0,-1.0,-15.79394,-47.88197,,,,,2023-06-14T22:18:34+00:00
BRA_117544,Brasília,5300108,,Piracicabana,531.1,https://moovitapp.com/index/pt-br/transporte_p%C3%BAblico-line-531_1-Brasilia-1702-850942-476289-0,-1.0,-15.59041,-47.87688,,,,,2023-06-14T22:33:24+00:00
BRA_118338,Brasília,5300108,,Piracicabana,136.9,https://moovitapp.com/index/pt-br/transporte_p%C3%BAblico-line-136_9-Brasilia-1702-850942-773702-0,-1.0,-15.77099,-47.88094,,,,,2023-06-14T22:36:17+00:00
BRA_119687,Brasília,5300108,,Piracicabana,063.1,https://moovitapp.com/index/pt-br/transporte_p%C3%BAblico-line-063_1-Brasilia-1702-850942-339291-0,-1.0,-15.6533,-47.76316,,,,,2023-06-14T22:46:08+00:00
BRA_119091,Brasília,5300108,,Piracicabana,062.6,https://moovitapp.com/index/pt-br/transporte_p%C3%BAblico-line-062_6-Brasilia-1702-850942-339289-0,-1.0,-15.64217,-47.80719,,,,,2023-06-14T22:48:24+00:00
BRA_118583,Brasília,5300108,,Piracicabana,0.640,https://moovitapp.com/index/pt-br/transporte_p%C3%BAblico-line-0_640-Brasilia-1702-850942-242423-0,-1.0,-15.76011,-47.89202,,,,,2023-06-14T22:55:47+00:00
BRA_118125,Brasília,5300108,,Piracicabana,504.1,https://moovitapp.com/index/pt-br/transporte_p%C3%BAblico-line-504_1-Brasilia-1702-850942-242476-0,-1.0,-14.25858,-48.63247,,,,1,2023-06-14T22:57:52+00:00
BRA_117234,Brasília,5300108,,Piracicabana,136.7,https://moovitapp.com/index/pt-br/transporte_p%C3%BAblico-line-136_7-Brasilia-1702-850942-242451-0,-1.0,-15.83638,-47.93377,,,,,2023-06-14T23:03:37+00:00
BRA_119181,Brasília,5300108,,Piracicabana,062.9,https://moovitapp.com/index/pt-br/transporte_p%C3%BAblico-line-062_9-Brasilia-1702-850942-77230028-0,-1.0,-15.63609,-47.83102,,,,,2023-06-14T23:06:29+00:00
BRA_118389,Brasília,5300108,,Piracicabana,630.1,https://moovitapp.com/index/pt-br/transporte_p%C3%BAblico-line-630_1-Brasilia-1702-850942-476290-0,-1.0,-15.69944,-47.88113,,,,,2023-06-14T23:06:45+00:00
BRA_120898,Brasília,5300108,,Piracicabana,0.151,https://moovitapp.com/index/pt-br/transporte_p%C3%BAblico-line-0_151-Brasilia-1702-850942-775087-0,-1.0,-15.78395,-47.9379,,,,,2023-06-14T23:06:57+00:00
BRA_119504,Brasília,5300108,,Piracicabana,0.517,https://moovitapp.com/index/pt-br/transporte_p%C3%BAblico-line-0_517-Brasilia-1702-850942-242400-0,-1.0,-15.62166,-47.84898,,,,1,2023-06-14T23:09:04+00:00
BRA_119750,Brasília,5300108,,Piracicabana,512.1,https://moovitapp.com/index/pt-br/transporte_p%C3%BAblico-line-512_1-Brasilia-1702-850942-474401-0,-1.0,-15.64758,-47.77058,,,,1,2023-06-14T23:14:00+00:00
BRA_119385,Brasília,5300108,,Piracicabana,501.3,https://moovitapp.com/index/pt-br/transporte_p%C3%BAblico-line-501_3-Brasilia-1702-850942-242472-0,-1.0,-15.69277,-47.86818,,,,,2023-06-14T23:16:03+00:00
BRA_117641,Brasília,5300108,,Piracicabana,158.1,https://moovitapp.com/index/pt-br/transporte_p%C3%BAblico-line-158_1-Brasilia-1702-850942-775094-0,-1.0,-15.8034,-47.96421,,,,1,2023-06-14T23:17:36+00:00
BRA_121100,Brasília,5300108,,Piracicabana,0.641,https://moovitapp.com/index/pt-br/transporte_p%C3%BAblico-line-0_641-Brasilia-1702-850942-242424-0,-1.0,-15.71696,-47.89822,,,,,2023-06-14T23:18:21+00:00
BRA_118915,Brasília,5300108,,Piracicabana,0.620,https://moovitapp.com/index/pt-br/transporte_p%C3%BAblico-line-0_620-Brasilia-1702-850942-470748-0,-1.0,-15.77771,-47.88005,,,,,2023-06-14T23:20:22+00:00
BRA_115886,Brasília,5300108,,Piracicabana,062.7,https://moovitapp.com/index/pt-br/transporte_p%C3%BAblico-line-062_7-Brasilia-1702-850942-494154-0,-1.0,-15.65005,-47.78626,,,,1,2023-06-14T23:23:48+00:00
BRA_118591,Brasília,5300108,,Piracicabana,0.641,https://moovitapp.com/index/pt-br/transporte_p%C3%BAblico-line-0_641-Brasilia-1702-850942-242424-0,-1.0,-15.83611,-47.93342,,,,1,2023-06-14T23:24:11+00:00
BRA_116041,Brasília,5300108,,Piracicabana,062.5,https://moovitapp.com/index/pt-br/transporte_p%C3%BAblico-line-062_5-Brasilia-1702-850942-339835-0,-1.0,-15.65099,-47.80399,,,,,2023-06-14T23:26:16+00:00
BRA_120430,Brasília,5300108,,Piracicabana,0.116,https://moovitapp.com/index/pt-br/transporte_p%C3%BAblico-line-0_116-Brasilia-1702-850942-242381-0,-1.0,-15.79377,-47.88271,,,,,2023-06-14T23:26:23+00:00
BRA_118265,Brasília,5300108,,Piracicabana,0.110,https://moovitapp.com/index/pt-br/transporte_p%C3%BAblico-line-0_110-Brasilia-1702-850942-339284-0,-1.0,-15.79404,-47.88295,,,,1,2023-06-14T23:28:09+00:00
BRA_118010,Brasília,5300108,,Piracicabana,602.1,https://moovitapp.com/index/pt-br/transporte_p%C3%BAblico-line-602_1-Brasilia-1702-850942-242491-0,-1.0,-15.83563,-47.93248,,,,1,2023-06-14T23:28:18+00:00
BRA_120286,Brasília,5300108,,Piracicabana,162.1,https://moovitapp.com/index/pt-br/transporte_p%C3%BAblico-line-162_1-Brasilia-1702-850942-762425-0,-1.0,-15.82253,-47.9507,,,,,2023-06-14T23:29:30+00:00
BRA_119202,Brasília,5300108,,Piracicabana,152.5,https://moovitapp.com/index/pt-br/transporte_p%C3%BAblico-line-152_5-Brasilia-1702-850942-542828-0,-1.0,-15.80947,-47.94078,,,,,2023-06-14T23:29:55+00:00
BRA_115363,Brasília,5300108,,Piracicabana,0.114,https://moovitapp.com/index/pt-br/transporte_p%C3%BAblico-line-0_114-Brasilia-1702-850942-242379-0,-1.0,-15.79354,-47.88298,,,,1,2023-06-14T23:30:03+00:00
BRA_118851,Brasília,5300108,,Piracicabana,0.109,https://moovitapp.com/index/pt-br/transporte_p%C3%BAblico-line-0_109-Brasilia-1702-850942-139332631-0,-1.0,-15.78941,-47.89132,,,,,2023-06-14T23:30:06+00:00
BRA_118508,Brasília,5300108,,Piracicabana,0.110,https://moovitapp.com/index/pt-br/transporte_p%C3%BAblico-line-0_110-Brasilia-1702-850942-339284-0,-1.0,-15.7927,-47.87449,,,,,2023-06-14T23:30:17+00:00
BRA_119237,Brasília,5300108,,Piracicabana,512.1,https://moovitapp.com/index/pt-br/transporte_p%C3%BAblico-line-512_1-Brasilia-1702-850942-474401-0,-1.0,-15.78385,-47.88749,,,,1,2023-06-14T23:30:26+00:00
BRA_116548,Brasília,5300108,,Piracicabana,0.007,https://moovitapp.com/index/pt-br/transporte_p%C3%BAblico-line-0_007-Brasilia-1702-850942-775080-0,-1.0,-15.78164,-47.88772,,,,,2023-06-14T23:30:38+00:00
BRA_120880,Brasília,5300108,,Piracicabana,158.1,https://moovitapp.com/index/pt-br/transporte_p%C3%BAblico-line-158_1-Brasilia-1702-850942-775094-0,-1.0,-15.79142,-47.88804,,,,,2023-06-14T23:30:38+00:00
BRA_120464,Brasília,5300108,,Piracicabana,128.1,https://moovitapp.com/index/pt-br/transporte_p%C3%BAblico-line-128_1-Brasilia-1702-850942-53234107-0,-1.0,-15.79453,-47.88046,,,,,2023-06-14T23:30:40+00:00
BRA_118605,Brasília,5300108,,Piracicabana,136.9,https://moovitapp.com/index/pt-br/transporte_p%C3%BAblico-line-136_9-Brasilia-1702-850942-773702-0,-1.0,-15.71528,-47.87272,,,,,2023-06-14T23:30:40+00:00
BRA_117994,Brasília,5300108,,Piracicabana,0.620,https://moovitapp.com/index/pt-br/transporte_p%C3%BAblico-line-0_620-Brasilia-1702-850942-470748-0,-1.0,-15.76121,-47.88365,,,,,2023-06-14T23:30:40+00:00
BRA_119032,Brasília,5300108,,Piracicabana,0.110,https://moovitapp.com/index/pt-br/transporte_p%C3%BAblico-line-0_110-Brasilia-1702-850942-339284-0,-1.0,-15.79321,-47.88179,,,,,2023-06-14T23:30:42+00:00
BRA_119539,Brasília,5300108,,Piracicabana,062.6,https://moovitapp.com/index/pt-br/transporte_p%C3%BAblico-line-062_6-Brasilia-1702-850942-339289-0,-1.0,-15.64536,-47.77473,,,,,2023-06-14T23:30:42+00:00
BRA_118354,Brasília,5300108,,Piracicabana,643.1,https://moovitapp.com/index/pt-br/transporte_p%C3%BAblico-line-643_1-Brasilia-1702-850942-772850-0,-1.0,-15.79377,-47.88271,,,,,2023-06-14T23:30:42+00:00
BRA_115843,Brasília,5300108,,Piracicabana,602.1,https://moovitapp.com/index/pt-br/transporte_p%C3%BAblico-line-602_1-Brasilia-1702-850942-242491-0,-1.0,-15.60259,-47.64189,,,,,2023-06-14T23:30:43+00:00
BRA_120332,Brasília,5300108,,Piracicabana,153.2,https://moovitapp.com/index/pt-br/transporte_p%C3%BAblico-line-153_2-Brasilia-1702-850942-775093-0,-1.0,-15.79337,-47.88275,,,,,2023-06-14T23:30:43+00:00
BRA_120928,Brasília,5300108,,Piracicabana,099.1,https://moovitapp.com/index/pt-br/transporte_p%C3%BAblico-line-099_1-Brasilia-1702-850942-775090-0,-1.0,-15.83002,-48.0527,,,,,2023-06-14T23:30:43+00:00
BRA_120243,Brasília,5300108,,Piracicabana,504.4,https://moovitapp.com/index/pt-br/transporte_p%C3%BAblico-line-504_4-Brasilia-1702-850942-771759-0,-1.0,-15.65005,-47.78626,,,,,2023-06-14T23:30:44+00:00
BRA_120731,Brasília,5300108,,Piracicabana,616.1,https://moovitapp.com/index/pt-br/transporte_p%C3%BAblico-line-616_1-Brasilia-1702-850942-242498-0,-1.0,-15.64286,-47.63333,,,,,2023-06-14T23:30:45+00:00
BRA_118818,Brasília,5300108,,Piracicabana,136.6,https://moovitapp.com/index/pt-br/transporte_p%C3%BAblico-line-136_6-Brasilia-1702-850942-773700-0,-1.0,-15.81548,-47.91042,,,,,2023-06-14T23:30:45+00:00
BRA_116408,Brasília,5300108,,Piracicabana,0.032,https://moovitapp.com/index/pt-br/transporte_p%C3%BAblico-line-0_032-Brasilia-1702-850942-786257-0,-1.0,-15.83221,-47.93166,,,,,2023-06-14T23:30:45+00:00
BRA_116874,Brasília,5300108,,Piracicabana,0.031,https://moovitapp.com/index/pt-br/transporte_p%C3%BAblico-line-0_031-Brasilia-1702-850942-786256-0,-1.0,-15.83551,-47.93177,,,,,2023-06-14T23:30:46+00:00
BRA_116629,Brasília,5300108,,Piracicabana,0.023,https://moovitapp.com/index/pt-br/transporte_p%C3%BAblico-line-0_023-Brasilia-1702-850942-775082-0,-1.0,-15.80159,-47.87812,,,,,2023-06-14T23:30:47+00:00
BRA_120651,Brasília,5300108,,Piracicabana,062.5,https://moovitapp.com/index/pt-br/transporte_p%C3%BAblico-line-062_5-Brasilia-1702-850942-339835-0,-1.0,-15.67254,-47.81857,,,,,2023-06-14T23:30:47+00:00
BRA_117242,Brasília,5300108,,Piracicabana,616.8,https://moovitapp.com/index/pt-br/transporte_p%C3%BAblico-line-616_8-Brasilia-1702-850942-128977718-0,-1.0,-15.83503,-47.93159,,,,,2023-06-14T23:30:48+00:00
BRA_117943,Brasília,5300108,,Piracicabana,162.1,https://moovitapp.com/index/pt-br/transporte_p%C3%BAblico-line-162_1-Brasilia-1702-850942-762425-0,-1.0,-15.81869,-47.91457,,,,,2023-06-14T23:30:49+00:00
BRA_120073,Brasília,5300108,,Piracicabana,643.2,https://moovitapp.com/index/pt-br/transporte_p%C3%BAblico-line-643_2-Brasilia-1702-850942-128977732-0,-1.0,-15.63756,-47.63391,,,,1,2023-06-14T23:30:49+00:00
BRA_120812,Brasília,5300108,,Piracicabana,136.9,https://moovitapp.com/index/pt-br/transporte_p%C3%BAblico-line-136_9-Brasilia-1702-850942-773702-0,-1.0,-15.82977,-47.91974,,,,,2023-06-14T23:30:50+00:00
BRA_117625,Brasília,5300108,,Piracicabana,110.2,https://moovitapp.com/index/pt-br/transporte_p%C3%BAblico-line-110_2-Brasilia-1702-850942-339295-0,-1.0,-15.79497,-47.87616,,,,,2023-06-14T23:30:51+00:00
BRA_120537,Brasília,5300108,,Piracicabana,107.1,https://moovitapp.com/index/pt-br/transporte_p%C3%BAblico-line-107_1-Brasilia-1702-850942-242434-0,-1.0,-15.80025,-47.89379,,,,,2023-06-14T23:30:51+00:00
BRA_118745,Brasília,5300108,,Piracicabana,158.1,https://moovitapp.com/index/pt-br/transporte_p%C3%BAblico-line-158_1-Brasilia-1702-850942-775094-0,-1.0,-15.81014,-47.90292,,,,,2023-06-14T23:30:51+00:00
BRA_116645,Brasília,5300108,,Piracicabana,0.031,https://moovitapp.com/index/pt-br/transporte_p%C3%BAblico-line-0_031-Brasilia-1702-850942-786256-0,-1.0,-15.83504,-47.91507,,,,,2023-06-14T23:30:52+00:00
BRA_116653,Brasília,5300108,,Piracicabana,0.031,https://moovitapp.com/index/pt-br/transporte_p%C3%BAblico-line-0_031-Brasilia-1702-850942-786256-0,-1.0,-15.81913,-47.89315,,,,,2023-06-14T23:30:52+00:00
BRA_116386,Brasília,5300108,,Piracicabana,0.007,https://moovitapp.com/index/pt-br/transporte_p%C3%BAblico-line-0_007-Brasilia-1702-850942-775080-0,-1.0,-15.82784,-47.92793,,,,,2023-06-14T23:30:52+00:00
BRA_116947,Brasília,5300108,,Piracicabana,0.024,https://moovitapp.com/index/pt-br/transporte_p%C3%BAblico-line-0_024-Brasilia-1702-850942-781320-0,-1.0,-15.78893,-47.8819,,,,,2023-06-14T23:30:53+00:00
BRA_119474,Brasília,5300108,,Piracicabana,505.3,https://moovitapp.com/index/pt-br/transporte_p%C3%BAblico-line-505_3-Brasilia-1702-850942-352626-0,-1.0,-15.65703,-47.80202,,,,,2023-06-14T23:30:53+00:00
BRA_120782,Brasília,5300108,,Piracicabana,158.1,https://moovitapp.com/index/pt-br/transporte_p%C3%BAblico-line-158_1-Brasilia-1702-850942-775094-0,-1.0,-15.81197,-47.90523,,,,,2023-06-14T23:30:53+00:00
BRA_119148,Brasília,5300108,,Piracicabana,062.7,https://moovitapp.com/index/pt-br/transporte_p%C3%BAblico-line-062_7-Brasilia-1702-850942-494154-0,-1.0,-15.63649,-47.83152,,,,,2023-06-14T23:30:54+00:00
BRA_116840,Brasília,5300108,,Piracicabana,0.031,https://moovitapp.com/index/pt-br/transporte_p%C3%BAblico-line-0_031-Brasilia-1702-850942-786256-0,-1.0,-15.78889,-47.87335,,,,,2023-06-14T23:30:54+00:00
BRA_117978,Brasília,5300108,,Piracicabana,616.8,https://moovitapp.com/index/pt-br/transporte_p%C3%BAblico-line-616_8-Brasilia-1702-850942-128977718-0,-1.0,-15.62303,-47.71984,,,,,2023-06-14T23:30:55+00:00
BRA_120421,Brasília,5300108,,Piracicabana,0.640,https://moovitapp.com/index/pt-br/transporte_p%C3%BAblico-line-0_640-Brasilia-1702-850942-242423-0,-1.0,-15.6528,-47.78109,,,,,2023-06-14T23:30:55+00:00
BRA_120120,Brasília,5300108,,Piracicabana,0.143,https://moovitapp.com/index/pt-br/transporte_p%C3%BAblico-line-0_143-Brasilia-1702-850942-470747-0,-1.0,-15.76817,-47.93554,,,,,2023-06-14T23:30:55+00:00
BRA_120634,Brasília,5300108,,Piracicabana,0.601,https://moovitapp.com/index/pt-br/transporte_p%C3%BAblico-line-0_601-Brasilia-1702-850942-242411-0,-1.0,-15.69618,-47.87501,,,,,2023-06-14T23:30:55+00:00
BRA_120090,Brasília,5300108,,Piracicabana,153.2,https://moovitapp.com/index/pt-br/transporte_p%C3%BAblico-line-153_2-Brasilia-1702-850942-775093-0,-1.0,-15.80843,-47.95773,,,,,2023-06-14T23:30:56+00:00
BRA_119997,Brasília,5300108,,Piracicabana,616.8,https://moovitapp.com/index/pt-br/transporte_p%C3%BAblico-line-616_8-Brasilia-1702-850942-128977718-0,-1.0,-15.71282,-47.9007,,,,,2023-06-14T23:30:56+00:00
BRA_118117,Brasília,5300108,,Piracicabana,067.3,https://moovitapp.com/index/pt-br/transporte_p%C3%BAblico-line-067_3-Brasilia-1702-850942-339294-0,-1.0,-15.62106,-47.65053,,,,,2023-06-14T23:30:56+00:00
BRA_118320,Brasília,5300108,,Piracicabana,0.110,https://moovitapp.com/index/pt-br/transporte_p%C3%BAblico-line-0_110-Brasilia-1702-850942-339284-0,-1.0,-15.79358,-47.88281,,,,,2023-06-14T23:30:57+00:00
BRA_118001,Brasília,5300108,,Piracicabana,643.1,https://moovitapp.com/index/pt-br/transporte_p%C3%BAblico-line-643_1-Brasilia-1702-850942-772850-0,-1.0,-15.65071,-47.77483,,,,,2023-06-14T23:30:59+00:00
BRA_120863,Brasília,5300108,,Piracicabana,099.1,https://moovitapp.com/index/pt-br/transporte_p%C3%BAblico-line-099_1-Brasilia-1702-850942-775090-0,-1.0,-15.83438,-48.01543,,,,,2023-06-14T23:30:59+00:00
BRA_118681,Brasília,5300108,,Piracicabana,158.1,https://moovitapp.com/index/pt-br/transporte_p%C3%BAblico-line-158_1-Brasilia-1702-850942-775094-0,-1.0,-15.79964,-47.94984,,,,,2023-06-14T23:30:59+00:00
BRA_118885,Brasília,5300108,,Piracicabana,0.104,https://moovitapp.com/index/pt-br/transporte_p%C3%BAblico-line-0_104-Brasilia-1702-850942-242376-0,-1.0,-15.79035,-47.83323,,,,,2023-06-14T23:31:00+00:00
BRA_116602,Brasília,5300108,,Piracicabana,151.2,https://moovitapp.com/index/pt-br/transporte_p%C3%BAblico-line-151_2-Brasilia-1702-850942-242458-0,-1.0,-15.82262,-47.92044,,,,,2023-06-14T23:31:00+00:00
BRA_118346,Brasília,5300108,,Piracicabana,0.143,https://moovitapp.com/index/pt-br/transporte_p%C3%BAblico-line-0_143-Brasilia-1702-850942-470747-0,-1.0,-15.77114,-47.91034,,,,,2023-06-14T23:31:01+00:00
BRA_121096,Brasília,5300108,,Piracicabana,0.620,https://moovitapp.com/index/pt-br/transporte_p%C3%BAblico-line-0_620-Brasilia-1702-850942-470748-0,-1.0,-15.6085,-47.69352,,,,1,2023-06-14T23:31:01+00:00
BRA_120774,Brasília,5300108,,Piracicabana,158.1,https://moovitapp.com/index/pt-br/transporte_p%C3%BAblico-line-158_1-Brasilia-1702-850942-775094-0,-1.0,-15.80289,-47.96569,,,,,2023-06-14T23:31:01+00:00
BRA_120821,Brasília,5300108,,Piracicabana,0.136,https://moovitapp.com/index/pt-br/transporte_p%C3%BAblico-line-0_136-Brasilia-1702-850942-719957-0,-1.0,-15.7334,-47.89317,,,,,2023-06-14T23:31:02+00:00
BRA_118168,Brasília,5300108,,Piracicabana,616.8,https://moovitapp.com/index/pt-br/transporte_p%C3%BAblico-line-616_8-Brasilia-1702-850942-128977718-0,-1.0,-15.64777,-47.65174,,,,,2023-06-14T23:31:02+00:00
BRA_118028,Brasília,5300108,,Piracicabana,501.4,https://moovitapp.com/index/pt-br/transporte_p%C3%BAblico-line-501_4-Brasilia-1702-850942-775096-0,-1.0,-15.64445,-47.81482,,,,,2023-06-14T23:31:02+00:00
BRA_117986,Brasília,5300108,,Piracicabana,643.2,https://moovitapp.com/index/pt-br/transporte_p%C3%BAblico-line-643_2-Brasilia-1702-850942-128977732-0,-1.0,-15.63986,-47.64698,,,,,2023-06-14T23:31:02+00:00
BRA_118648,Brasília,5300108,,Piracicabana,620.1,https://moovitapp.com/index/pt-br/transporte_p%C3%BAblico-line-620_1-Brasilia-1702-850942-697955-0,-1.0,-15.64999,-47.77386,,,,,2023-06-14T23:31:03+00:00
BRA_120871,Brasília,5300108,,Piracicabana,099.1,https://moovitapp.com/index/pt-br/transporte_p%C3%BAblico-line-099_1-Brasilia-1702-850942-775090-0,-1.0,-15.8466,-48.0261,,,,,2023-06-14T23:31:03+00:00
BRA_120189,Brasília,5300108,,Piracicabana,066.2,https://moovitapp.com/index/pt-br/transporte_p%C3%BAblico-line-066_2-Brasilia-1702-850942-339293-0,-1.0,-15.60411,-47.69099,,,,,2023-06-14T23:31:03+00:00
BRA_120081,Brasília,5300108,,Piracicabana,0.107,https://moovitapp.com/index/pt-br/transporte_p%C3%BAblico-line-0_107-Brasilia-1702-850942-242377-0,-1.0,-15.80091,-47.86203,,,,,2023-06-14T23:31:04+00:00
BRA_120529,Brasília,5300108,,Piracicabana,616.9,https://moovitapp.com/index/pt-br/transporte_p%C3%BAblico-line-616_9-Brasilia-1702-850942-128977719-0,-1.0,-15.62344,-47.6432,,,,,2023-06-14T23:31:04+00:00
BRA_118532,Brasília,5300108,,Piracicabana,105.2,https://moovitapp.com/index/pt-br/transporte_p%C3%BAblico-line-105_2-Brasilia-1702-850942-12015265-0,-1.0,-15.77784,-47.88816,,,,,2023-06-14T23:31:04+00:00
BRA_116149,Brasília,5300108,,Piracicabana,601.1,https://moovitapp.com/index/pt-br/transporte_p%C3%BAblico-line-601_1-Brasilia-1702-850942-322377-0,-1.0,-15.61594,-47.62956,,,,,2023-06-14T23:31:05+00:00
BRA_118567,Brasília,5300108,,Piracicabana,0.169,https://moovitapp.com/index/pt-br/transporte_p%C3%BAblico-line-0_169-Brasilia-1702-850942-242393-0,-1.0,-15.78268,-47.93456,,,,,2023-06-14T23:31:05+00:00
BRA_118362,Brasília,5300108,,Piracicabana,128.1,https://moovitapp.com/index/pt-br/transporte_p%C3%BAblico-line-128_1-Brasilia-1702-850942-53234107-0,-1.0,-15.74182,-47.89829,,,,,2023-06-14T23:31:06+00:00
BRA_116394,Brasília,5300108,,Piracicabana,0.007,https://moovitapp.com/index/pt-br/transporte_p%C3%BAblico-line-0_007-Brasilia-1702-850942-775080-0,-1.0,-15.76884,-47.88925,,,,,2023-06-14T23:31:06+00:00
BRA_118427,Brasília,5300108,,Piracicabana,136.6,https://moovitapp.com/index/pt-br/transporte_p%C3%BAblico-line-136_6-Brasilia-1702-850942-773700-0,-1.0,-15.76309,-47.8909,,,,,2023-06-14T23:31:06+00:00
BRA_117218,Brasília,5300108,,Piracicabana,0.620,https://moovitapp.com/index/pt-br/transporte_p%C3%BAblico-line-0_620-Brasilia-1702-850942-470748-0,-1.0,-15.62954,-47.65064,,,,,2023-06-14T23:31:07+00:00
BRA_117323,Brasília,5300108,,Piracicabana,630.1,https://moovitapp.com/index/pt-br/transporte_p%C3%BAblico-line-630_1-Brasilia-1702-850942-476290-0,-1.0,-15.6781,-47.82661,,,,,2023-06-14T23:31:07+00:00
BRA_116661,Brasília,5300108,,Piracicabana,0.150,https://moovitapp.com/index/pt-br/transporte_p%C3%BAblico-line-0_150-Brasilia-1702-850942-775086-0,-1.0,-15.78466,-47.93083,,,,,2023-06-14T23:31:07+00:00
BRA_120481,Brasília,5300108,,Piracicabana,103.2,https://moovitapp.com/index/pt-br/transporte_p%C3%BAblico-line-103_2-Brasilia-1702-850942-474397-0,-1.0,-15.81205,-47.90622,,,,,2023-06-14T23:31:08+00:00
BRA_116823,Brasília,5300108,,Piracicabana,0.032,https://moovitapp.com/index/pt-br/transporte_p%C3%BAblico-line-0_032-Brasilia-1702-850942-786257-0,-1.0,-15.79729,-47.87604,,,,1,2023-06-14T23:31:08+00:00
BRA_116939,Brasília,5300108,,Piracicabana,0.023,https://moovitapp.com/index/pt-br/transporte_p%C3%BAblico-line-0_023-Brasilia-1702-850942-775082-0,-1.0,-15.80269,-47.88068,,,,,2023-06-14T23:31:08+00:00
BRA_117617,Brasília,5300108,,Piracicabana,099.1,https://moovitapp.com/index/pt-br/transporte_p%C3%BAblico-line-099_1-Brasilia-1702-850942-775090-0,-1.0,-15.79149,-47.93326,,,,,2023-06-14T23:31:08+00:00
BRA_117404,Brasília,5300108,,Piracicabana,0.600,https://moovitapp.com/index/pt-br/transporte_p%C3%BAblico-line-0_600-Brasilia-1702-850942-242410-0,-1.0,-15.77466,-47.88033,,,,,2023-06-14T23:31:08+00:00
BRA_117153,Brasília,5300108,,Piracicabana,0.511,https://moovitapp.com/index/pt-br/transporte_p%C3%BAblico-line-0_511-Brasilia-1702-850942-770023-0,-1.0,-15.64919,-47.7858,,,,,2023-06-14T23:31:09+00:00
BRA_116785,Brasília,5300108,,Piracicabana,0.006,https://moovitapp.com/index/pt-br/transporte_p%C3%BAblico-line-0_006-Brasilia-1702-850942-775079-0,-1.0,-15.79293,-47.93356,,,,,2023-06-14T23:31:09+00:00
BRA_119636,Brasília,5300108,,Piracicabana,062.7,https://moovitapp.com/index/pt-br/transporte_p%C3%BAblico-line-062_7-Brasilia-1702-850942-494154-0,-1.0,-15.64808,-47.81234,,,,,2023-06-14T23:31:10+00:00
BRA_117668,Brasília,5300108,,Piracicabana,136.7,https://moovitapp.com/index/pt-br/transporte_p%C3%BAblico-line-136_7-Brasilia-1702-850942-242451-0,-1.0,-15.70994,-47.87835,,,,,2023-06-14T23:31:10+00:00
BRA_117862,Brasília,5300108,,Piracicabana,0.620,https://moovitapp.com/index/pt-br/transporte_p%C3%BAblico-line-0_620-Brasilia-1702-850942-470748-0,-1.0,-15.61723,-47.64584,,,,,2023-06-14T23:31:10+00:00
BRA_117811,Brasília,5300108,,Piracicabana,501.7,https://moovitapp.com/index/pt-br/transporte_p%C3%BAblico-line-501_7-Brasilia-1702-850942-519379-0,-1.0,-15.68131,-47.83538,,,,,2023-06-14T23:31:11+00:00
BRA_118061,Brasília,5300108,,Piracicabana,0.641,https://moovitapp.com/index/pt-br/transporte_p%C3%BAblico-line-0_641-Brasilia-1702-850942-242424-0,-1.0,-15.61837,-47.6542,,,,,2023-06-14T23:31:11+00:00
BRA_118311,Brasília,5300108,,Piracicabana,102.6,https://moovitapp.com/index/pt-br/transporte_p%C3%BAblico-line-102_6-Brasilia-1702-850942-775091-0,-1.0,-15.84405,-47.93128,,,,,2023-06-14T23:31:11+00:00
BRA_118150,Brasília,5300108,,Piracicabana,0.103,https://moovitapp.com/index/pt-br/transporte_p%C3%BAblico-line-0_103-Brasilia-1702-850942-335705-0,-1.0,-15.8344,-47.92743,,,,,2023-06-14T23:31:11+00:00
BRA_120669,Brasília,5300108,,Piracicabana,064.1,https://moovitapp.com/index/pt-br/transporte_p%C3%BAblico-line-064_1-Brasilia-1702-850942-339292-0,-1.0,-15.64357,-47.64259,,,,,2023-06-14T23:31:12+00:00
BRA_121061,Brasília,5300108,,Piracicabana,602.1,https://moovitapp.com/index/pt-br/transporte_p%C3%BAblico-line-602_1-Brasilia-1702-850942-242491-0,-1.0,-15.61538,-47.63361,,,,,2023-06-14T23:31:12+00:00
BRA_119725,Brasília,5300108,,Piracicabana,0.617,https://moovitapp.com/index/pt-br/transporte_p%C3%BAblico-line-0_617-Brasilia-1702-850942-242417-0,-1.0,-15.64795,-47.65135,,,,,2023-06-14T23:31:12+00:00
BRA_117749,Brasília,5300108,,Piracicabana,0.509,https://moovitapp.com/index/pt-br/transporte_p%C3%BAblico-line-0_509-Brasilia-1702-850942-242397-0,-1.0,-15.65732,-47.80067,,,,,2023-06-14T23:31:12+00:00
BRA_117307,Brasília,5300108,,Piracicabana,616.3,https://moovitapp.com/index/pt-br/transporte_p%C3%BAblico-line-616_3-Brasilia-1702-850942-242500-0,-1.0,-15.62875,-47.73017,,,,,2023-06-14T23:31:12+00:00
BRA_117498,Brasília,5300108,,Piracicabana,062.7,https://moovitapp.com/index/pt-br/transporte_p%C3%BAblico-line-062_7-Brasilia-1702-850942-494154-0,-1.0,-15.63419,-47.82738,,,,,2023-06-14T23:31:13+00:00
BRA_115860,Brasília,5300108,,Piracicabana,531.1,https://moovitapp.com/index/pt-br/transporte_p%C3%BAblico-line-531_1-Brasilia-1702-850942-476289-0,-1.0,-15.60461,-47.86947,,,,,2023-06-14T23:31:14+00:00
BRA_115631,Brasília,5300108,,Piracicabana,0.620,https://moovitapp.com/index/pt-br/transporte_p%C3%BAblico-line-0_620-Brasilia-1702-850942-470748-0,-1.0,-15.62141,-47.64602,,,,,2023-06-14T23:31:14+00:00
BRA_119547,Brasília,5300108,,Piracicabana,0.517,https://moovitapp.com/index/pt-br/transporte_p%C3%BAblico-line-0_517-Brasilia-1702-850942-242400-0,-1.0,-15.64441,-47.81896,,,,,2023-06-14T23:31:14+00:00
BRA_120936,Brasília,5300108,,Piracicabana,501.7,https://moovitapp.com/index/pt-br/transporte_p%C3%BAblico-line-501_7-Brasilia-1702-850942-519379-0,-1.0,-15.64667,-47.77771,,,,,2023-06-14T23:31:14+00:00
BRA_120375,Brasília,5300108,,Piracicabana,602.1,https://moovitapp.com/index/pt-br/transporte_p%C3%BAblico-line-602_1-Brasilia-1702-850942-242491-0,-1.0,-15.71626,-47.89845,,,,,2023-06-14T23:31:14+00:00
BRA_120588,Brasília,5300108,,Piracicabana,0.617,https://moovitapp.com/index/pt-br/transporte_p%C3%BAblico-line-0_617-Brasilia-1702-850942-242417-0,-1.0,-15.64821,-47.65934,,,,,2023-06-14T23:31:15+00:00
BRA_117285,Brasília,5300108,,Piracicabana,0.504,https://moovitapp.com/index/pt-br/transporte_p%C3%BAblico-line-0_504-Brasilia-1702-850942-781321-0,-1.0,-15.62436,-47.64743,,,,,2023-06-14T23:31:15+00:00
BRA_117820,Brasília,5300108,,Piracicabana,128.1,https://moovitapp.com/index/pt-br/transporte_p%C3%BAblico-line-128_1-Brasilia-1702-850942-53234107-0,-1.0,-15.75234,-47.92406,,,,,2023-06-14T23:31:15+00:00
BRA_116050,Brasília,5300108,,Piracicabana,0.509,https://moovitapp.com/index/pt-br/transporte_p%C3%BAblico-line-0_509-Brasilia-1702-850942-242397-0,-1.0,-15.77246,-47.88216,,,,,2023-06-14T23:31:16+00:00
BRA_116521,Brasília,5300108,,Piracicabana,0.151,https://moovitapp.com/index/pt-br/transporte_p%C3%BAblico-line-0_151-Brasilia-1702-850942-775087-0,-1.0,-15.79493,-47.93382,,,,1,2023-06-14T23:31:16+00:00
BRA_117595,Brasília,5300108,,Piracicabana,511.4,https://moovitapp.com/index/pt-br/transporte_p%C3%BAblico-line-511_4-Brasilia-1702-850942-770030-0,-1.0,-15.75629,-47.77811,,,,,2023-06-14T23:31:17+00:00
BRA_119598,Brasília,5300108,,Piracicabana,505.5,https://moovitapp.com/index/pt-br/transporte_p%C3%BAblico-line-505_5-Brasilia-1702-850942-651521-0,-1.0,-15.65292,-47.79879,,,,,2023-06-14T23:31:17+00:00
BRA_120855,Brasília,5300108,,Piracicabana,115.1,https://moovitapp.com/index/pt-br/transporte_p%C3%BAblico-line-115_1-Brasilia-1702-850942-242436-0,-1.0,-15.74795,-47.88163,,,,,2023-06-14T23:31:17+00:00
BRA_118991,Brasília,5300108,,Piracicabana,158.1,https://moovitapp.com/index/pt-br/transporte_p%C3%BAblico-line-158_1-Brasilia-1702-850942-775094-0,-1.0,-15.78699,-47.98167,,,,,2023-06-14T23:31:18+00:00
BRA_117927,Brasília,5300108,,Piracicabana,616.5,https://moovitapp.com/index/pt-br/transporte_p%C3%BAblico-line-616_5-Brasilia-1702-850942-504336-0,-1.0,-15.64357,-47.64259,,,,,2023-06-14T23:31:19+00:00
BRA_118966,Brasília,5300108,,Piracicabana,616.8,https://moovitapp.com/index/pt-br/transporte_p%C3%BAblico-line-616_8-Brasilia-1702-850942-128977718-0,-1.0,-15.77114,-47.88092,,,,,2023-06-14T23:31:19+00:00
BRA_119881,Brasília,5300108,,Piracicabana,0.600,https://moovitapp.com/index/pt-br/transporte_p%C3%BAblico-line-0_600-Brasilia-1702-850942-242410-0,-1.0,-15.62181,-47.65881,,,,,2023-06-14T23:31:19+00:00
BRA_117277,Brasília,5300108,,Piracicabana,0.641,https://moovitapp.com/index/pt-br/transporte_p%C3%BAblico-line-0_641-Brasilia-1702-850942-242424-0,-1.0,-15.61814,-47.6465,,,,,2023-06-14T23:31:20+00:00
BRA_117391,Brasília,5300108,,Piracicabana,0.110,https://moovitapp.com/index/pt-br/transporte_p%C3%BAblico-line-0_110-Brasilia-1702-850942-339284-0,-1.0,-15.79094,-47.87472,,,,,2023-06-14T23:31:21+00:00
BRA_115959,Brasília,5300108,,Piracicabana,519.2,https://moovitapp.com/index/pt-br/transporte_p%C3%BAblico-line-519_2-Brasilia-1702-850942-242483-0,-1.0,-15.67754,-47.84578,,,,,2023-06-14T23:31:21+00:00
BRA_119776,Brasília,5300108,,Piracicabana,0.517,https://moovitapp.com/index/pt-br/transporte_p%C3%BAblico-line-0_517-Brasilia-1702-850942-242400-0,-1.0,-15.79814,-47.89234,,,,,2023-06-14T23:31:21+00:00
BRA_120138,Brasília,5300108,,Piracicabana,152.1,https://moovitapp.com/index/pt-br/transporte_p%C3%BAblico-line-152_1-Brasilia-1702-850942-542827-0,-1.0,-15.79878,-47.91426,,,,,2023-06-14T23:31:21+00:00
BRA_118753,Brasília,5300108,,Piracicabana,0.640,https://moovitapp.com/index/pt-br/transporte_p%C3%BAblico-line-0_640-Brasilia-1702-850942-242423-0,-1.0,-15.63261,-47.73702,,,,,2023-06-14T23:31:21+00:00
BRA_119270,Brasília,5300108,,Piracicabana,0.517,https://moovitapp.com/index/pt-br/transporte_p%C3%BAblico-line-0_517-Brasilia-1702-850942-242400-0,-1.0,-15.83587,-47.93218,,,,,2023-06-14T23:31:22+00:00
BRA_119903,Brasília,5300108,,Piracicabana,152.1,https://moovitapp.com/index/pt-br/transporte_p%C3%BAblico-line-152_1-Brasilia-1702-850942-542827-0,-1.0,-15.79131,-47.89696,,,,,2023-06-14T23:31:22+00:00
BRA_115711,Brasília,5300108,,Piracicabana,501.3,https://moovitapp.com/index/pt-br/transporte_p%C3%BAblico-line-501_3-Brasilia-1702-850942-242472-0,-1.0,-15.81239,-47.89407,,,,,2023-06-14T23:31:22+00:00
BRA_116696,Brasília,5300108,,Piracicabana,151.2,https://moovitapp.com/index/pt-br/transporte_p%C3%BAblico-line-151_2-Brasilia-1702-850942-242458-0,-1.0,-15.80405,-47.89662,,,,,2023-06-14T23:31:22+00:00
BRA_117382,Brasília,5300108,,Piracicabana,136.5,https://moovitapp.com/index/pt-br/transporte_p%C3%BAblico-line-136_5-Brasilia-1702-850942-516628-0,-1.0,-15.73155,-47.89072,,,,,2023-06-14T23:31:22+00:00
BRA_120413,Brasília,5300108,,Piracicabana,601.2,https://moovitapp.com/index/pt-br/transporte_p%C3%BAblico-line-601_2-Brasilia-1702-850942-322378-0,-1.0,-15.61309,-47.64116,,,,,2023-06-14T23:31:23+00:00
BRA_120065,Brasília,5300108,,Piracicabana,611.1,https://moovitapp.com/index/pt-br/transporte_p%C3%BAblico-line-611_1-Brasilia-1702-850942-25771161-0,-1.0,-15.62372,-47.65532,,,,,2023-06-14T23:31:26+00:00
BRA_116122,Brasília,5300108,,Piracicabana,067.3,https://moovitapp.com/index/pt-br/transporte_p%C3%BAblico-line-067_3-Brasilia-1702-850942-339294-0,-1.0,-15.67171,-47.64729,,,,,2023-06-14T23:31:26+00:00
BRA_115657,Brasília,5300108,,Piracicabana,616.8,https://moovitapp.com/index/pt-br/transporte_p%C3%BAblico-line-616_8-Brasilia-1702-850942-128977718-0,-1.0,-15.62785,-47.64367,,,,,2023-06-14T23:31:26+00:00
BRA_117633,Brasília,5300108,,Piracicabana,505.8,https://moovitapp.com/index/pt-br/transporte_p%C3%BAblico-line-505_8-Brasilia-1702-850942-339297-0,-1.0,-15.63845,-47.84471,,,,,2023-06-14T23:31:26+00:00
BRA_115908,Brasília,5300108,,Piracicabana,505.8,https://moovitapp.com/index/pt-br/transporte_p%C3%BAblico-line-505_8-Brasilia-1702-850942-339297-0,-1.0,-15.64289,-47.81476,,,,,2023-06-14T23:31:27+00:00
BRA_117005,Brasília,5300108,,Piracicabana,0.022,https://moovitapp.com/index/pt-br/transporte_p%C3%BAblico-line-0_022-Brasilia-1702-850942-788975-0,-1.0,-15.78183,-47.87385,,,,,2023-06-14T23:31:27+00:00
BRA_120791,Brasília,5300108,,Piracicabana,136.5,https://moovitapp.com/index/pt-br/transporte_p%C3%BAblico-line-136_5-Brasilia-1702-850942-516628-0,-1.0,-15.77119,-47.88897,,,,,2023-06-14T23:31:27+00:00
BRA_119172,Brasília,5300108,,Piracicabana,505.5,https://moovitapp.com/index/pt-br/transporte_p%C3%BAblico-line-505_5-Brasilia-1702-850942-651521-0,-1.0,-15.65049,-47.78619,,,,,2023-06-14T23:31:28+00:00
BRA_119610,Brasília,5300108,,Piracicabana,0.509,https://moovitapp.com/index/pt-br/transporte_p%C3%BAblico-line-0_509-Brasilia-1702-850942-242397-0,-1.0,-15.82372,-47.90883,,,,,2023-06-14T23:31:28+00:00
BRA_118494,Brasília,5300108,,Piracicabana,0.504,https://moovitapp.com/index/pt-br/transporte_p%C3%BAblico-line-0_504-Brasilia-1702-850942-781321-0,-1.0,-15.62099,-47.66321,,,,,2023-06-14T23:31:28+00:00
BRA_115991,Brasília,5300108,,Piracicabana,512.1,https://moovitapp.com/index/pt-br/transporte_p%C3%BAblico-line-512_1-Brasilia-1702-850942-474401-0,-1.0,-15.64492,-47.79343,,,,,2023-06-14T23:31:28+00:00
BRA_117480,Brasília,5300108,,Piracicabana,501.3,https://moovitapp.com/index/pt-br/transporte_p%C3%BAblico-line-501_3-Brasilia-1702-850942-242472-0,-1.0,-15.63773,-47.84821,,,,,2023-06-14T23:31:28+00:00
BRA_117471,Brasília,5300108,,Piracicabana,063.1,https://moovitapp.com/index/pt-br/transporte_p%C3%BAblico-line-063_1-Brasilia-1702-850942-339291-0,-1.0,-15.6482,-47.75655,,,,,2023-06-14T23:31:28+00:00
BRA_118435,Brasília,5300108,,Piracicabana,0.640,https://moovitapp.com/index/pt-br/transporte_p%C3%BAblico-line-0_640-Brasilia-1702-850942-242423-0,-1.0,-15.79193,-47.88945,,,,,2023-06-14T23:31:28+00:00
BRA_117579,Brasília,5300108,,Piracicabana,0.515,https://moovitapp.com/index/pt-br/transporte_p%C3%BAblico-line-0_515-Brasilia-1702-850942-26501707-0,-1.0,-15.60655,-47.96713,,,,,2023-06-14T23:31:29+00:00
BRA_117196,Brasília,5300108,,Piracicabana,136.9,https://moovitapp.com/index/pt-br/transporte_p%C3%BAblico-line-136_9-Brasilia-1702-850942-773702-0,-1.0,-15.82076,-47.9046,,,,,2023-06-14T23:31:29+00:00
BRA_117293,Brasília,5300108,,Piracicabana,512.1,https://moovitapp.com/index/pt-br/transporte_p%C3%BAblico-line-512_1-Brasilia-1702-850942-474401-0,-1.0,-15.80696,-47.89978,,,,,2023-06-14T23:31:29+00:00
BRA_115738,Brasília,5300108,,Piracicabana,110.2,https://moovitapp.com/index/pt-br/transporte_p%C3%BAblico-line-110_2-Brasilia-1702-850942-339295-0,-1.0,-15.79557,-47.87472,,,,1,2023-06-14T23:31:29+00:00
BRA_120596,Brasília,5300108,,Piracicabana,0.600,https://moovitapp.com/index/pt-br/transporte_p%C3%BAblico-line-0_600-Brasilia-1702-850942-242410-0,-1.0,-15.6082,-47.69383,,,,,2023-06-14T23:31:29+00:00
BRA_120677,Brasília,5300108,,Piracicabana,0.116,https://moovitapp.com/index/pt-br/transporte_p%C3%BAblico-line-0_116-Brasilia-1702-850942-242381-0,-1.0,-15.75974,-47.87811,,,,,2023-06-14T23:31:30+00:00
BRA_119326,Brasília,5300108,,Piracicabana,505.3,https://moovitapp.com/index/pt-br/transporte_p%C3%BAblico-line-505_3-Brasilia-1702-850942-352626-0,-1.0,-15.64395,-47.8111,,,,,2023-06-14T23:31:31+00:00
