bus_id,city,city_code,adapted,agency,line_code,line_url,line_fare,latitude,longitude,bus_speed,is_eletric,bus_type,bus_direction,updated_at
BRA_337790,Brasília,5300108,,Urbi,813.2,https://moovitapp.com/index/pt-br/transporte_p%C3%BAblico-line-813_2-Brasilia-1702-851595-242636-0,-1.0,-15.77967,-47.88786,12.5,,,1,2023-06-16T23:10:37+00:00
BRA_337901,Brasília,5300108,,Urbi,874.4,https://moovitapp.com/index/pt-br/transporte_p%C3%BAblico-line-874_4-Brasilia-1702-851595-775106-0,-1.0,-15.87462,-48.03945,19.17,,,1,2023-06-16T23:35:34+00:00
BRA_337579,Brasília,5300108,,Urbi,038.1,https://moovitapp.com/index/pt-br/transporte_p%C3%BAblico-line-038_1-Brasilia-1702-851595-781327-0,-1.0,-15.8363,-48.05587,0.0,,,1,2023-06-16T23:36:30+00:00
BRA_335444,Brasília,5300108,,Urbi,367.2,https://moovitapp.com/index/pt-br/transporte_p%C3%BAblico-line-367_2-Brasilia-1702-851595-454971-0,-1.0,-15.86039,-48.07268,8.33,,,1,2023-06-16T23:39:15+00:00
BRA_337251,Brasília,5300108,,Urbi,870.7,https://moovitapp.com/index/pt-br/transporte_p%C3%BAblico-line-870_7-Brasilia-1702-851595-531037-0,-1.0,-15.87413,-48.03774,3.89,,,2,2023-06-16T23:40:50+00:00
BRA_338516,Brasília,5300108,,Urbi,871.3,https://moovitapp.com/index/pt-br/transporte_p%C3%BAblico-line-871_3-Brasilia-1702-851595-588820-0,-1.0,-15.76641,-47.89004,18.06,,,1,2023-06-16T23:41:21+00:00
BRA_336734,Brasília,5300108,,Urbi,0.380,https://moovitapp.com/index/pt-br/transporte_p%C3%BAblico-line-0_380-Brasilia-1702-851595-334073-0,-1.0,-15.87134,-48.10264,8.89,,,2,2023-06-16T23:41:29+00:00
BRA_338052,Brasília,5300108,,Urbi,874.4,https://moovitapp.com/index/pt-br/transporte_p%C3%BAblico-line-874_4-Brasilia-1702-851595-775106-0,-1.0,-15.78591,-47.91119,13.89,,,2,2023-06-16T23:41:33+00:00
BRA_338966,Brasília,5300108,,Urbi,807.9,https://moovitapp.com/index/pt-br/transporte_p%C3%BAblico-line-807_9-Brasilia-1702-851595-322409-0,-1.0,-15.90002,-48.05516,10.28,,,2,2023-06-16T23:41:33+00:00
BRA_336912,Brasília,5300108,,Urbi,0.176,https://moovitapp.com/index/pt-br/transporte_p%C3%BAblico-line-0_176-Brasilia-1702-851595-242527-0,-1.0,-15.92139,-48.10777,0.0,,,1,2023-06-16T23:41:37+00:00
BRA_340120,Brasília,5300108,,Urbi,396.2,https://moovitapp.com/index/pt-br/transporte_p%C3%BAblico-line-396_2-Brasilia-1702-851595-372377-0,-1.0,-15.88431,-48.0996,9.72,,,1,2023-06-16T23:41:50+00:00
BRA_336441,Brasília,5300108,,Urbi,0.881,https://moovitapp.com/index/pt-br/transporte_p%C3%BAblico-line-0_881-Brasilia-1702-851595-363857-0,-1.0,-15.80329,-47.92263,8.33,,,2,2023-06-16T23:42:28+00:00
BRA_339954,Brasília,5300108,,Urbi,391.3,https://moovitapp.com/index/pt-br/transporte_p%C3%BAblico-line-391_3-Brasilia-1702-851595-372373-0,-1.0,-15.85881,-48.06661,14.17,,,2,2023-06-16T23:42:31+00:00
BRA_336599,Brasília,5300108,,Urbi,0.813,https://moovitapp.com/index/pt-br/transporte_p%C3%BAblico-line-0_813-Brasilia-1702-851595-651523-0,-1.0,-15.82646,-47.92579,12.22,,,2,2023-06-16T23:42:31+00:00
BRA_335975,Brasília,5300108,,Urbi,0.050,https://moovitapp.com/index/pt-br/transporte_p%C3%BAblico-line-0_050-Brasilia-1702-851595-781325-0,-1.0,-15.88989,-48.1504,9.72,,,1,2023-06-16T23:42:31+00:00
BRA_335339,Brasília,5300108,,Urbi,0.366,https://moovitapp.com/index/pt-br/transporte_p%C3%BAblico-line-0_366-Brasilia-1702-851595-650085-0,-1.0,-15.88055,-48.12286,4.17,,,2,2023-06-16T23:42:32+00:00
BRA_336432,Brasília,5300108,,Urbi,870.1,https://moovitapp.com/index/pt-br/transporte_p%C3%BAblico-line-870_1-Brasilia-1702-851595-715272-0,-1.0,-15.85795,-47.95573,7.22,,,1,2023-06-16T23:42:33+00:00
BRA_336416,Brasília,5300108,,Urbi,0.871,https://moovitapp.com/index/pt-br/transporte_p%C3%BAblico-line-0_871-Brasilia-1702-851595-418741-0,-1.0,-15.78802,-47.8952,15.83,,,2,2023-06-16T23:42:33+00:00
BRA_336670,Brasília,5300108,,Urbi,0.050,https://moovitapp.com/index/pt-br/transporte_p%C3%BAblico-line-0_050-Brasilia-1702-851595-781325-0,-1.0,-15.88009,-48.12112,12.22,,,1,2023-06-16T23:42:34+00:00
BRA_339466,Brasília,5300108,,Urbi,872.9,https://moovitapp.com/index/pt-br/transporte_p%C3%BAblico-line-872_9-Brasilia-1702-851595-372394-0,-1.0,-15.85749,-48.04383,0.28,,,1,2023-06-16T23:42:37+00:00
BRA_338923,Brasília,5300108,,Urbi,0.808,https://moovitapp.com/index/pt-br/transporte_p%C3%BAblico-line-0_808-Brasilia-1702-851595-372359-0,-1.0,-15.90119,-48.05617,1.94,,,2,2023-06-16T23:42:39+00:00
BRA_335703,Brasília,5300108,,Urbi,0.845,https://moovitapp.com/index/pt-br/transporte_p%C3%BAblico-line-0_845-Brasilia-1702-851595-339304-0,-1.0,-15.89915,-48.12223,0.0,,,1,2023-06-16T23:42:39+00:00
BRA_335584,Brasília,5300108,,Urbi,0.821,https://moovitapp.com/index/pt-br/transporte_p%C3%BAblico-line-0_821-Brasilia-1702-851595-334080-0,-1.0,-15.79779,-47.88486,5.83,,,2,2023-06-16T23:42:40+00:00
BRA_337102,Brasília,5300108,,Urbi,807.8,https://moovitapp.com/index/pt-br/transporte_p%C3%BAblico-line-807_8-Brasilia-1702-851595-322408-0,-1.0,-15.93329,-48.10859,0.0,,,1,2023-06-16T23:42:40+00:00
BRA_340189,Brasília,5300108,,Urbi,391.3,https://moovitapp.com/index/pt-br/transporte_p%C3%BAblico-line-391_3-Brasilia-1702-851595-372373-0,-1.0,-15.7359,-47.90718,0.0,,,2,2023-06-16T23:42:41+00:00
BRA_339946,Brasília,5300108,,Urbi,0.082,https://moovitapp.com/index/pt-br/transporte_p%C3%BAblico-line-0_082-Brasilia-1702-851595-781326-0,-1.0,-15.85443,-47.95016,4.44,,,1,2023-06-16T23:42:42+00:00
BRA_335398,Brasília,5300108,,Urbi,366.1,https://moovitapp.com/index/pt-br/transporte_p%C3%BAblico-line-366_1-Brasilia-1702-851595-425249-0,-1.0,-15.8863,-48.15091,7.22,,,2,2023-06-16T23:42:44+00:00
BRA_336327,Brasília,5300108,,Urbi,0.380,https://moovitapp.com/index/pt-br/transporte_p%C3%BAblico-line-0_380-Brasilia-1702-851595-334073-0,-1.0,-15.80505,-47.92467,16.39,,,1,2023-06-16T23:42:44+00:00
BRA_338192,Brasília,5300108,,Urbi,0.087,https://moovitapp.com/index/pt-br/transporte_p%C3%BAblico-line-0_087-Brasilia-1702-851595-242519-0,-1.0,-15.80207,-47.94092,11.11,,,1,2023-06-16T23:42:46+00:00
BRA_338354,Brasília,5300108,,Urbi,0.898,https://moovitapp.com/index/pt-br/transporte_p%C3%BAblico-line-0_898-Brasilia-1702-851595-322394-0,-1.0,-15.83477,-48.07804,15.28,,,1,2023-06-16T23:42:47+00:00
BRA_340430,Brasília,5300108,,Urbi,0.129,https://moovitapp.com/index/pt-br/transporte_p%C3%BAblico-line-0_129-Brasilia-1702-851595-775097-0,-1.0,-15.87643,-47.9599,2.78,,,2,2023-06-16T23:42:49+00:00
BRA_339318,Brasília,5300108,,Urbi,396.2,https://moovitapp.com/index/pt-br/transporte_p%C3%BAblico-line-396_2-Brasilia-1702-851595-372377-0,-1.0,-15.76872,-47.88963,0.83,,,1,2023-06-16T23:42:49+00:00
BRA_339113,Brasília,5300108,,Urbi,806.1,https://moovitapp.com/index/pt-br/transporte_p%C3%BAblico-line-806_1-Brasilia-1702-851595-775104-0,-1.0,-15.89153,-48.04816,5.83,,,1,2023-06-16T23:42:50+00:00
BRA_336874,Brasília,5300108,,Urbi,813.1,https://moovitapp.com/index/pt-br/transporte_p%C3%BAblico-line-813_1-Brasilia-1702-851595-242635-0,-1.0,-15.89921,-48.05542,1.11,,,2,2023-06-16T23:42:51+00:00
BRA_336581,Brasília,5300108,,Urbi,0.813,https://moovitapp.com/index/pt-br/transporte_p%C3%BAblico-line-0_813-Brasilia-1702-851595-651523-0,-1.0,-15.87551,-48.03269,18.33,,,1,2023-06-16T23:42:54+00:00
BRA_337731,Brasília,5300108,,Urbi,870.1,https://moovitapp.com/index/pt-br/transporte_p%C3%BAblico-line-870_1-Brasilia-1702-851595-715272-0,-1.0,-15.93892,-48.03928,1.39,,,2,2023-06-16T23:42:54+00:00
BRA_333948,Brasília,5300108,,Urbi,396.3,https://moovitapp.com/index/pt-br/transporte_p%C3%BAblico-line-396_3-Brasilia-1702-851595-372378-0,-1.0,-15.89961,-48.12283,0.0,,,1,2023-06-16T23:42:56+00:00
BRA_339059,Brasília,5300108,,Urbi,0.809,https://moovitapp.com/index/pt-br/transporte_p%C3%BAblico-line-0_809-Brasilia-1702-851595-516630-0,-1.0,-15.90492,-48.07603,11.67,,,1,2023-06-16T23:42:57+00:00
BRA_337617,Brasília,5300108,,Urbi,813.2,https://moovitapp.com/index/pt-br/transporte_p%C3%BAblico-line-813_2-Brasilia-1702-851595-242636-0,-1.0,-15.93325,-48.10831,3.61,,,1,2023-06-16T23:42:58+00:00
BRA_338656,Brasília,5300108,,Urbi,805.9,https://moovitapp.com/index/pt-br/transporte_p%C3%BAblico-line-805_9-Brasilia-1702-851595-454983-0,-1.0,-15.80915,-48.06555,13.06,,,1,2023-06-16T23:42:59+00:00
BRA_338851,Brasília,5300108,,Urbi,0.176,https://moovitapp.com/index/pt-br/transporte_p%C3%BAblico-line-0_176-Brasilia-1702-851595-242527-0,-1.0,-15.79873,-47.87079,15.28,,,2,2023-06-16T23:43:00+00:00
BRA_338508,Brasília,5300108,,Urbi,0.873,https://moovitapp.com/index/pt-br/transporte_p%C3%BAblico-line-0_873-Brasilia-1702-851595-510238-0,-1.0,-15.91455,-48.04766,12.78,,,2,2023-06-16T23:43:00+00:00
BRA_340022,Brasília,5300108,,Urbi,0.367,https://moovitapp.com/index/pt-br/transporte_p%C3%BAblico-line-0_367-Brasilia-1702-851595-519380-0,-1.0,-15.86651,-48.09723,10.28,,,1,2023-06-16T23:43:01+00:00
BRA_339288,Brasília,5300108,,Urbi,0.056,https://moovitapp.com/index/pt-br/transporte_p%C3%BAblico-line-0_056-Brasilia-1702-851595-588804-0,-1.0,-15.86239,-48.05925,17.5,,,1,2023-06-16T23:43:05+00:00
BRA_340481,Brasília,5300108,,Urbi,0.391,https://moovitapp.com/index/pt-br/transporte_p%C3%BAblico-line-0_391-Brasilia-1702-851595-372354-0,-1.0,-15.88254,-48.12635,11.94,,,1,2023-06-16T23:43:05+00:00
BRA_333832,Brasília,5300108,,Urbi,366.7,https://moovitapp.com/index/pt-br/transporte_p%C3%BAblico-line-366_7-Brasilia-1702-851595-650086-0,-1.0,-15.86729,-48.08338,7.5,,,1,2023-06-16T23:43:06+00:00
BRA_339326,Brasília,5300108,,Urbi,0.163,https://moovitapp.com/index/pt-br/transporte_p%C3%BAblico-line-0_163-Brasilia-1702-851595-352629-0,-1.0,-15.82156,-47.94981,16.94,,,1,2023-06-16T23:43:06+00:00
BRA_338664,Brasília,5300108,,Urbi,0.808,https://moovitapp.com/index/pt-br/transporte_p%C3%BAblico-line-0_808-Brasilia-1702-851595-372359-0,-1.0,-15.92369,-48.10435,7.5,,,1,2023-06-16T23:43:07+00:00
BRA_339334,Brasília,5300108,,Urbi,366.7,https://moovitapp.com/index/pt-br/transporte_p%C3%BAblico-line-366_7-Brasilia-1702-851595-650086-0,-1.0,-15.88964,-48.1003,12.78,,,2,2023-06-16T23:43:07+00:00
BRA_339903,Brasília,5300108,,Urbi,0.082,https://moovitapp.com/index/pt-br/transporte_p%C3%BAblico-line-0_082-Brasilia-1702-851595-781326-0,-1.0,-15.80349,-47.94751,15.56,,,1,2023-06-16T23:43:07+00:00
BRA_340375,Brasília,5300108,,Urbi,0.129,https://moovitapp.com/index/pt-br/transporte_p%C3%BAblico-line-0_129-Brasilia-1702-851595-775097-0,-1.0,-15.75972,-47.78131,4.17,,,1,2023-06-16T23:43:07+00:00
BRA_336220,Brasília,5300108,,Urbi,394.1,https://moovitapp.com/index/pt-br/transporte_p%C3%BAblico-line-394_1-Brasilia-1702-851595-334089-0,-1.0,-15.84433,-48.04445,10.0,,,1,2023-06-16T23:43:07+00:00
BRA_336424,Brasília,5300108,,Urbi,0.813,https://moovitapp.com/index/pt-br/transporte_p%C3%BAblico-line-0_813-Brasilia-1702-851595-651523-0,-1.0,-15.89491,-48.05648,12.78,,,2,2023-06-16T23:43:08+00:00
BRA_335860,Brasília,5300108,,Urbi,0.393,https://moovitapp.com/index/pt-br/transporte_p%C3%BAblico-line-0_393-Brasilia-1702-851595-588805-0,-1.0,-15.89285,-48.11758,8.33,,,1,2023-06-16T23:43:08+00:00
BRA_340260,Brasília,5300108,,Urbi,0.160,https://moovitapp.com/index/pt-br/transporte_p%C3%BAblico-line-0_160-Brasilia-1702-851595-470755-0,-1.0,-15.83529,-47.92776,8.33,,,2,2023-06-16T23:43:08+00:00
BRA_338575,Brasília,5300108,,Urbi,0.808,https://moovitapp.com/index/pt-br/transporte_p%C3%BAblico-line-0_808-Brasilia-1702-851595-372359-0,-1.0,-15.81888,-48.11666,18.06,,,1,2023-06-16T23:43:08+00:00
BRA_338745,Brasília,5300108,,Urbi,805.8,https://moovitapp.com/index/pt-br/transporte_p%C3%BAblico-line-805_8-Brasilia-1702-851595-454982-0,-1.0,-15.8488,-48.0479,13.33,,,1,2023-06-16T23:43:08+00:00
BRA_339342,Brasília,5300108,,Urbi,0.821,https://moovitapp.com/index/pt-br/transporte_p%C3%BAblico-line-0_821-Brasilia-1702-851595-334080-0,-1.0,-15.84475,-47.94169,17.5,,,1,2023-06-16T23:43:09+00:00
BRA_337439,Brasília,5300108,,Urbi,0.886,https://moovitapp.com/index/pt-br/transporte_p%C3%BAblico-line-0_886-Brasilia-1702-851595-704024-0,-1.0,-15.87789,-48.01593,7.78,,,2,2023-06-16T23:43:09+00:00
BRA_337242,Brasília,5300108,,Urbi,807.2,https://moovitapp.com/index/pt-br/transporte_p%C3%BAblico-line-807_2-Brasilia-1702-851595-781329-0,-1.0,-15.93053,-48.11064,0.0,,,2,2023-06-16T23:43:09+00:00
BRA_337951,Brasília,5300108,,Urbi,0.368,https://moovitapp.com/index/pt-br/transporte_p%C3%BAblico-line-0_368-Brasilia-1702-851595-706971-0,-1.0,-15.8343,-48.08168,8.06,,,1,2023-06-16T23:43:10+00:00
BRA_336891,Brasília,5300108,,Urbi,0.812,https://moovitapp.com/index/pt-br/transporte_p%C3%BAblico-line-0_812-Brasilia-1702-851595-697958-0,-1.0,-15.80314,-48.13899,7.22,,,1,2023-06-16T23:43:10+00:00
BRA_336726,Brasília,5300108,,Urbi,396.2,https://moovitapp.com/index/pt-br/transporte_p%C3%BAblico-line-396_2-Brasilia-1702-851595-372377-0,-1.0,-15.88241,-48.09747,2.22,,,2,2023-06-16T23:43:10+00:00
BRA_340014,Brasília,5300108,,Urbi,0.366,https://moovitapp.com/index/pt-br/transporte_p%C3%BAblico-line-0_366-Brasilia-1702-851595-650085-0,-1.0,-15.87639,-48.11272,7.22,,,1,2023-06-16T23:43:10+00:00
BRA_339181,Brasília,5300108,,Urbi,0.347,https://moovitapp.com/index/pt-br/transporte_p%C3%BAblico-line-0_347-Brasilia-1702-851595-347128-0,-1.0,-15.81153,-47.97916,1.94,,,1,2023-06-16T23:43:10+00:00
BRA_338559,Brasília,5300108,,Urbi,874.4,https://moovitapp.com/index/pt-br/transporte_p%C3%BAblico-line-874_4-Brasilia-1702-851595-775106-0,-1.0,-15.89909,-48.0555,0.0,,,2,2023-06-16T23:43:10+00:00
BRA_338087,Brasília,5300108,,Urbi,0.898,https://moovitapp.com/index/pt-br/transporte_p%C3%BAblico-line-0_898-Brasilia-1702-851595-322394-0,-1.0,-15.88728,-48.08464,10.83,,,1,2023-06-16T23:43:10+00:00
BRA_338311,Brasília,5300108,,Urbi,0.809,https://moovitapp.com/index/pt-br/transporte_p%C3%BAblico-line-0_809-Brasilia-1702-851595-516630-0,-1.0,-15.81835,-47.9039,3.61,,,2,2023-06-16T23:43:10+00:00
BRA_338338,Brasília,5300108,,Urbi,0.811,https://moovitapp.com/index/pt-br/transporte_p%C3%BAblico-line-0_811-Brasilia-1702-851595-334078-0,-1.0,-15.94963,-48.03338,0.0,,,2,2023-06-16T23:43:10+00:00
BRA_338486,Brasília,5300108,,Urbi,0.808,https://moovitapp.com/index/pt-br/transporte_p%C3%BAblico-line-0_808-Brasilia-1702-851595-372359-0,-1.0,-15.78841,-48.13408,0.0,,,2,2023-06-16T23:43:11+00:00
BRA_339725,Brasília,5300108,,Urbi,398.3,https://moovitapp.com/index/pt-br/transporte_p%C3%BAblico-line-398_3-Brasilia-1702-851595-706973-0,-1.0,-15.80852,-48.15739,0.0,,,1,2023-06-16T23:43:11+00:00
BRA_336009,Brasília,5300108,,Urbi,0.347,https://moovitapp.com/index/pt-br/transporte_p%C3%BAblico-line-0_347-Brasilia-1702-851595-347128-0,-1.0,-15.81517,-47.97958,7.78,,,1,2023-06-16T23:43:12+00:00
BRA_340103,Brasília,5300108,,Urbi,373.2,https://moovitapp.com/index/pt-br/transporte_p%C3%BAblico-line-373_2-Brasilia-1702-851595-334084-0,-1.0,-15.88861,-48.12522,8.06,,,2,2023-06-16T23:43:12+00:00
BRA_338184,Brasília,5300108,,Urbi,0.898,https://moovitapp.com/index/pt-br/transporte_p%C3%BAblico-line-0_898-Brasilia-1702-851595-322394-0,-1.0,-15.9495,-48.03369,0.0,,,1,2023-06-16T23:43:12+00:00
BRA_339296,Brasília,5300108,,Urbi,396.3,https://moovitapp.com/index/pt-br/transporte_p%C3%BAblico-line-396_3-Brasilia-1702-851595-372378-0,-1.0,-15.81389,-47.90801,5.83,,,1,2023-06-16T23:43:13+00:00
BRA_339083,Brasília,5300108,,Urbi,0.175,https://moovitapp.com/index/pt-br/transporte_p%C3%BAblico-line-0_175-Brasilia-1702-851595-242526-0,-1.0,-15.73855,-47.89932,11.39,,,2,2023-06-16T23:43:13+00:00
BRA_338061,Brasília,5300108,,Urbi,0.038,https://moovitapp.com/index/pt-br/transporte_p%C3%BAblico-line-0_038-Brasilia-1702-851595-687419-0,-1.0,-15.84237,-48.04539,8.61,,,1,2023-06-16T23:43:13+00:00
BRA_340081,Brasília,5300108,,Urbi,0.373,https://moovitapp.com/index/pt-br/transporte_p%C3%BAblico-line-0_373-Brasilia-1702-851595-334072-0,-1.0,-15.86463,-48.09358,11.39,,,2,2023-06-16T23:43:13+00:00
BRA_333964,Brasília,5300108,,Urbi,393.4,https://moovitapp.com/index/pt-br/transporte_p%C3%BAblico-line-393_4-Brasilia-1702-851595-588816-0,-1.0,-15.9022,-48.12836,0.0,,,2,2023-06-16T23:43:13+00:00
BRA_335550,Brasília,5300108,,Urbi,056.2,https://moovitapp.com/index/pt-br/transporte_p%C3%BAblico-line-056_2-Brasilia-1702-851595-492982-0,-1.0,-15.82623,-48.11821,13.06,,,1,2023-06-16T23:43:13+00:00
BRA_337501,Brasília,5300108,,Urbi,871.3,https://moovitapp.com/index/pt-br/transporte_p%C3%BAblico-line-871_3-Brasilia-1702-851595-588820-0,-1.0,-15.81033,-47.94579,10.83,,,2,2023-06-16T23:43:14+00:00
BRA_338168,Brasília,5300108,,Urbi,870.1,https://moovitapp.com/index/pt-br/transporte_p%C3%BAblico-line-870_1-Brasilia-1702-851595-715272-0,-1.0,-15.81854,-47.90414,3.61,,,2,2023-06-16T23:43:14+00:00
BRA_338770,Brasília,5300108,,Urbi,0.811,https://moovitapp.com/index/pt-br/transporte_p%C3%BAblico-line-0_811-Brasilia-1702-851595-334078-0,-1.0,-15.876,-48.04875,15.28,,,2,2023-06-16T23:43:14+00:00
BRA_336700,Brasília,5300108,,Urbi,3914,https://moovitapp.com/index/pt-br/transporte_p%C3%BAblico-line-3914-Brasilia-1702-851595-91201009-0,-1.0,-15.8298,-47.95209,8.89,,,2,2023-06-16T23:43:15+00:00
BRA_336661,Brasília,5300108,,Urbi,380.2,https://moovitapp.com/index/pt-br/transporte_p%C3%BAblico-line-380_2-Brasilia-1702-851595-334086-0,-1.0,-15.89791,-48.14693,3.06,,,1,2023-06-16T23:43:15+00:00
BRA_336262,Brasília,5300108,,Urbi,0.053,https://moovitapp.com/index/pt-br/transporte_p%C3%BAblico-line-0_053-Brasilia-1702-851595-588803-0,-1.0,-15.8209,-48.06494,10.28,,,1,2023-06-16T23:43:15+00:00
BRA_335738,Brasília,5300108,,Urbi,393.6,https://moovitapp.com/index/pt-br/transporte_p%C3%BAblico-line-393_6-Brasilia-1702-851595-588817-0,-1.0,-15.87611,-48.0634,0.0,,,1,2023-06-16T23:43:15+00:00
BRA_337943,Brasília,5300108,,Urbi,871.3,https://moovitapp.com/index/pt-br/transporte_p%C3%BAblico-line-871_3-Brasilia-1702-851595-588820-0,-1.0,-15.8102,-47.90337,10.56,,,2,2023-06-16T23:43:15+00:00
BRA_337404,Brasília,5300108,,Urbi,0.886,https://moovitapp.com/index/pt-br/transporte_p%C3%BAblico-line-0_886-Brasilia-1702-851595-704024-0,-1.0,-15.78821,-48.12869,11.11,,,2,2023-06-16T23:43:16+00:00
BRA_335983,Brasília,5300108,,Urbi,396.3,https://moovitapp.com/index/pt-br/transporte_p%C3%BAblico-line-396_3-Brasilia-1702-851595-372378-0,-1.0,-15.81046,-47.94503,12.22,,,2,2023-06-16T23:43:16+00:00
BRA_336246,Brasília,5300108,,Urbi,0.394,https://moovitapp.com/index/pt-br/transporte_p%C3%BAblico-line-0_394-Brasilia-1702-851595-334076-0,-1.0,-15.84084,-48.04675,4.17,,,2,2023-06-16T23:43:16+00:00
BRA_340405,Brasília,5300108,,Urbi,056.4,https://moovitapp.com/index/pt-br/transporte_p%C3%BAblico-line-056_4-Brasilia-1702-851595-519387-0,-1.0,-15.83321,-48.07693,11.94,,,1,2023-06-16T23:43:16+00:00
BRA_340251,Brasília,5300108,,Urbi,0.171,https://moovitapp.com/index/pt-br/transporte_p%C3%BAblico-line-0_171-Brasilia-1702-851595-242524-0,-1.0,-15.78116,-47.88751,13.33,,,1,2023-06-16T23:43:16+00:00
BRA_340308,Brasília,5300108,,Urbi,0.054,https://moovitapp.com/index/pt-br/transporte_p%C3%BAblico-line-0_054-Brasilia-1702-851595-454960-0,-1.0,-15.84238,-48.04796,3.61,,,1,2023-06-16T23:43:16+00:00
BRA_340138,Brasília,5300108,,Urbi,3804,https://moovitapp.com/index/pt-br/transporte_p%C3%BAblico-line-3804-Brasilia-1702-851595-91943130-0,-1.0,-15.87754,-48.10123,6.11,,,2,2023-06-16T23:43:16+00:00
BRA_340111,Brasília,5300108,,Urbi,366.1,https://moovitapp.com/index/pt-br/transporte_p%C3%BAblico-line-366_1-Brasilia-1702-851595-425249-0,-1.0,-15.89281,-48.13342,14.72,,,2,2023-06-16T23:43:16+00:00
BRA_340073,Brasília,5300108,,Urbi,366.1,https://moovitapp.com/index/pt-br/transporte_p%C3%BAblico-line-366_1-Brasilia-1702-851595-425249-0,-1.0,-15.88806,-48.1241,7.78,,,1,2023-06-16T23:43:16+00:00
BRA_336785,Brasília,5300108,,Urbi,0.394,https://moovitapp.com/index/pt-br/transporte_p%C3%BAblico-line-0_394-Brasilia-1702-851595-334076-0,-1.0,-15.83091,-48.05102,2.22,,,2,2023-06-16T23:43:16+00:00
BRA_336742,Brasília,5300108,,Urbi,394.1,https://moovitapp.com/index/pt-br/transporte_p%C3%BAblico-line-394_1-Brasilia-1702-851595-334089-0,-1.0,-15.78434,-47.91607,6.39,,,2,2023-06-16T23:43:16+00:00
BRA_338605,Brasília,5300108,,Urbi,0.810,https://moovitapp.com/index/pt-br/transporte_p%C3%BAblico-line-0_810-Brasilia-1702-851595-363856-0,-1.0,-15.87358,-47.97964,20.56,,,2,2023-06-16T23:43:16+00:00
BRA_338788,Brasília,5300108,,Urbi,807.1,https://moovitapp.com/index/pt-br/transporte_p%C3%BAblico-line-807_1-Brasilia-1702-851595-322407-0,-1.0,-15.90904,-48.08681,5.83,,,1,2023-06-16T23:43:16+00:00
BRA_338648,Brasília,5300108,,Urbi,805.1,https://moovitapp.com/index/pt-br/transporte_p%C3%BAblico-line-805_1-Brasilia-1702-851595-454980-0,-1.0,-15.90119,-48.05627,9.72,,,1,2023-06-16T23:43:16+00:00
BRA_336254,Brasília,5300108,,Urbi,373.2,https://moovitapp.com/index/pt-br/transporte_p%C3%BAblico-line-373_2-Brasilia-1702-851595-334084-0,-1.0,-15.84192,-47.95361,14.17,,,2,2023-06-16T23:43:17+00:00
BRA_336033,Brasília,5300108,,Urbi,373.2,https://moovitapp.com/index/pt-br/transporte_p%C3%BAblico-line-373_2-Brasilia-1702-851595-334084-0,-1.0,-15.88386,-48.14961,5.83,,,1,2023-06-16T23:43:17+00:00
BRA_333859,Brasília,5300108,,Urbi,0.391,https://moovitapp.com/index/pt-br/transporte_p%C3%BAblico-line-0_391-Brasilia-1702-851595-372354-0,-1.0,-15.87697,-48.01992,0.0,,,2,2023-06-16T23:43:17+00:00
BRA_339512,Brasília,5300108,,Urbi,0.806,https://moovitapp.com/index/pt-br/transporte_p%C3%BAblico-line-0_806-Brasilia-1702-851595-339299-0,-1.0,-15.86908,-48.05653,9.72,,,2,2023-06-16T23:43:17+00:00
BRA_339598,Brasília,5300108,,Urbi,0.806,https://moovitapp.com/index/pt-br/transporte_p%C3%BAblico-line-0_806-Brasilia-1702-851595-339299-0,-1.0,-15.95449,-48.02273,8.61,,,1,2023-06-16T23:43:17+00:00
BRA_337978,Brasília,5300108,,Urbi,813.2,https://moovitapp.com/index/pt-br/transporte_p%C3%BAblico-line-813_2-Brasilia-1702-851595-242636-0,-1.0,-15.76338,-47.89122,0.0,,,2,2023-06-16T23:43:17+00:00
BRA_337820,Brasília,5300108,,Urbi,0.882,https://moovitapp.com/index/pt-br/transporte_p%C3%BAblico-line-0_882-Brasilia-1702-851595-363858-0,-1.0,-15.87501,-48.03201,18.89,,,2,2023-06-16T23:43:18+00:00
BRA_337757,Brasília,5300108,,Urbi,870.1,https://moovitapp.com/index/pt-br/transporte_p%C3%BAblico-line-870_1-Brasilia-1702-851595-715272-0,-1.0,-15.83952,-47.95436,10.28,,,2,2023-06-16T23:43:18+00:00
BRA_336611,Brasília,5300108,,Urbi,0.881,https://moovitapp.com/index/pt-br/transporte_p%C3%BAblico-line-0_881-Brasilia-1702-851595-363857-0,-1.0,-15.88204,-48.06001,6.94,,,2,2023-06-16T23:43:18+00:00
BRA_339164,Brasília,5300108,,Urbi,0.814,https://moovitapp.com/index/pt-br/transporte_p%C3%BAblico-line-0_814-Brasilia-1702-851595-492980-0,-1.0,-15.89226,-48.13919,9.72,,,1,2023-06-16T23:43:18+00:00
BRA_339105,Brasília,5300108,,Urbi,0.872,https://moovitapp.com/index/pt-br/transporte_p%C3%BAblico-line-0_872-Brasilia-1702-851595-466291-0,-1.0,-15.88326,-48.06015,11.11,,,1,2023-06-16T23:43:18+00:00
BRA_336521,Brasília,5300108,,Urbi,0.871,https://moovitapp.com/index/pt-br/transporte_p%C3%BAblico-line-0_871-Brasilia-1702-851595-418741-0,-1.0,-15.91973,-48.0551,0.0,,,2,2023-06-16T23:43:18+00:00
BRA_340413,Brasília,5300108,,Urbi,0.391,https://moovitapp.com/index/pt-br/transporte_p%C3%BAblico-line-0_391-Brasilia-1702-851595-372354-0,-1.0,-15.85448,-47.95517,8.89,,,1,2023-06-16T23:43:18+00:00
BRA_339881,Brasília,5300108,,Urbi,396.3,https://moovitapp.com/index/pt-br/transporte_p%C3%BAblico-line-396_3-Brasilia-1702-851595-372378-0,-1.0,-15.88943,-48.09972,3.89,,,2,2023-06-16T23:43:19+00:00
BRA_336793,Brasília,5300108,,Urbi,0.394,https://moovitapp.com/index/pt-br/transporte_p%C3%BAblico-line-0_394-Brasilia-1702-851595-334076-0,-1.0,-15.87399,-48.07347,15.56,,,1,2023-06-16T23:43:19+00:00
BRA_335851,Brasília,5300108,,Urbi,0.825,https://moovitapp.com/index/pt-br/transporte_p%C3%BAblico-line-0_825-Brasilia-1702-851595-334081-0,-1.0,-15.88887,-48.10068,16.11,,,2,2023-06-16T23:43:19+00:00
BRA_340171,Brasília,5300108,,Urbi,0.391,https://moovitapp.com/index/pt-br/transporte_p%C3%BAblico-line-0_391-Brasilia-1702-851595-372354-0,-1.0,-15.80111,-47.89439,7.22,,,2,2023-06-16T23:43:19+00:00
BRA_338877,Brasília,5300108,,Urbi,805.2,https://moovitapp.com/index/pt-br/transporte_p%C3%BAblico-line-805_2-Brasilia-1702-851595-454981-0,-1.0,-15.90119,-48.05627,10.83,,,1,2023-06-16T23:43:19+00:00
BRA_338303,Brasília,5300108,,Urbi,0.805,https://moovitapp.com/index/pt-br/transporte_p%C3%BAblico-line-0_805-Brasilia-1702-851595-460800-0,-1.0,-15.89844,-48.05455,0.56,,,1,2023-06-16T23:43:19+00:00
BRA_336084,Brasília,5300108,,Urbi,084.1,https://moovitapp.com/index/pt-br/transporte_p%C3%BAblico-line-084_1-Brasilia-1702-851595-466292-0,-1.0,-15.87673,-48.02257,11.67,,,1,2023-06-16T23:43:19+00:00
BRA_337811,Brasília,5300108,,Urbi,870.7,https://moovitapp.com/index/pt-br/transporte_p%C3%BAblico-line-870_7-Brasilia-1702-851595-531037-0,-1.0,-15.91818,-48.04948,3.33,,,1,2023-06-16T23:43:19+00:00
BRA_339601,Brasília,5300108,,Urbi,086.1,https://moovitapp.com/index/pt-br/transporte_p%C3%BAblico-line-086_1-Brasilia-1702-851595-481321-0,-1.0,-15.80737,-47.95163,11.39,,,1,2023-06-16T23:43:19+00:00
BRA_337463,Brasília,5300108,,Urbi,0.809,https://moovitapp.com/index/pt-br/transporte_p%C3%BAblico-line-0_809-Brasilia-1702-851595-516630-0,-1.0,-15.8774,-48.01734,11.39,,,2,2023-06-16T23:43:19+00:00
BRA_336904,Brasília,5300108,,Urbi,0.175,https://moovitapp.com/index/pt-br/transporte_p%C3%BAblico-line-0_175-Brasilia-1702-851595-242526-0,-1.0,-15.84348,-47.91763,0.0,,,1,2023-06-16T23:43:19+00:00
BRA_337277,Brasília,5300108,,Urbi,805.9,https://moovitapp.com/index/pt-br/transporte_p%C3%BAblico-line-805_9-Brasilia-1702-851595-454983-0,-1.0,-15.92838,-48.1083,6.39,,,1,2023-06-16T23:43:20+00:00
BRA_337994,Brasília,5300108,,Urbi,813.2,https://moovitapp.com/index/pt-br/transporte_p%C3%BAblico-line-813_2-Brasilia-1702-851595-242636-0,-1.0,-15.85341,-47.95572,5.0,,,2,2023-06-16T23:43:20+00:00
BRA_337854,Brasília,5300108,,Urbi,0.886,https://moovitapp.com/index/pt-br/transporte_p%C3%BAblico-line-0_886-Brasilia-1702-851595-704024-0,-1.0,-15.80434,-48.12245,9.72,,,2,2023-06-16T23:43:20+00:00
BRA_335673,Brasília,5300108,,Urbi,0.373,https://moovitapp.com/index/pt-br/transporte_p%C3%BAblico-line-0_373-Brasilia-1702-851595-334072-0,-1.0,-15.87527,-48.04779,12.78,,,2,2023-06-16T23:43:20+00:00
BRA_338443,Brasília,5300108,,Urbi,0.038,https://moovitapp.com/index/pt-br/transporte_p%C3%BAblico-line-0_038-Brasilia-1702-851595-687419-0,-1.0,-15.87727,-48.0023,12.22,,,1,2023-06-16T23:43:20+00:00
BRA_338958,Brasília,5300108,,Urbi,813.2,https://moovitapp.com/index/pt-br/transporte_p%C3%BAblico-line-813_2-Brasilia-1702-851595-242636-0,-1.0,-15.89707,-48.09885,12.22,,,1,2023-06-16T23:43:20+00:00
BRA_338761,Brasília,5300108,,Urbi,0.811,https://moovitapp.com/index/pt-br/transporte_p%C3%BAblico-line-0_811-Brasilia-1702-851595-334078-0,-1.0,-15.80979,-47.90279,6.67,,,2,2023-06-16T23:43:20+00:00
BRA_339873,Brasília,5300108,,Urbi,391.3,https://moovitapp.com/index/pt-br/transporte_p%C3%BAblico-line-391_3-Brasilia-1702-851595-372373-0,-1.0,-15.89682,-48.14719,4.17,,,1,2023-06-16T23:43:20+00:00
BRA_340197,Brasília,5300108,,Urbi,373.2,https://moovitapp.com/index/pt-br/transporte_p%C3%BAblico-line-373_2-Brasilia-1702-851595-334084-0,-1.0,-15.87736,-47.99983,21.11,,,1,2023-06-16T23:43:20+00:00
BRA_339121,Brasília,5300108,,Urbi,0.087,https://moovitapp.com/index/pt-br/transporte_p%C3%BAblico-line-0_087-Brasilia-1702-851595-242519-0,-1.0,-15.88333,-48.01528,6.67,,,1,2023-06-16T23:43:21+00:00
BRA_336114,Brasília,5300108,,Urbi,871.3,https://moovitapp.com/index/pt-br/transporte_p%C3%BAblico-line-871_3-Brasilia-1702-851595-588820-0,-1.0,-15.80817,-47.90067,15.0,,,1,2023-06-16T23:43:21+00:00
BRA_335991,Brasília,5300108,,Urbi,2068,https://moovitapp.com/index/pt-br/transporte_p%C3%BAblico-line-2068-Brasilia-1702-851595-137934736-0,-1.0,-15.94159,-48.23719,4.44,,,2,2023-06-16T23:43:21+00:00
BRA_335908,Brasília,5300108,,Urbi,397.2,https://moovitapp.com/index/pt-br/transporte_p%C3%BAblico-line-397_2-Brasilia-1702-851595-890938-0,-1.0,-15.79133,-48.12722,8.89,,,1,2023-06-16T23:43:21+00:00
BRA_333883,Brasília,5300108,,Urbi,0.373,https://moovitapp.com/index/pt-br/transporte_p%C3%BAblico-line-0_373-Brasilia-1702-851595-334072-0,-1.0,-15.86531,-48.09295,6.94,,,1,2023-06-16T23:43:22+00:00
BRA_336467,Brasília,5300108,,Urbi,813.1,https://moovitapp.com/index/pt-br/transporte_p%C3%BAblico-line-813_1-Brasilia-1702-851595-242635-0,-1.0,-15.84516,-48.04394,9.17,,,1,2023-06-16T23:43:22+00:00
BRA_338435,Brasília,5300108,,Urbi,0.809,https://moovitapp.com/index/pt-br/transporte_p%C3%BAblico-line-0_809-Brasilia-1702-851595-516630-0,-1.0,-15.82681,-47.91314,12.5,,,1,2023-06-16T23:43:22+00:00
BRA_339041,Brasília,5300108,,Urbi,0.883,https://moovitapp.com/index/pt-br/transporte_p%C3%BAblico-line-0_883-Brasilia-1702-851595-510239-0,-1.0,-15.8227,-48.11526,0.0,,,2,2023-06-16T23:43:22+00:00
BRA_339156,Brasília,5300108,,Urbi,0.087,https://moovitapp.com/index/pt-br/transporte_p%C3%BAblico-line-0_087-Brasilia-1702-851595-242519-0,-1.0,-15.88085,-48.05682,8.06,,,1,2023-06-16T23:43:22+00:00
BRA_336840,Brasília,5300108,,Urbi,0.811,https://moovitapp.com/index/pt-br/transporte_p%C3%BAblico-line-0_811-Brasilia-1702-851595-334078-0,-1.0,-15.73827,-47.91257,1.11,,,2,2023-06-16T23:43:22+00:00
BRA_340154,Brasília,5300108,,Urbi,0.825,https://moovitapp.com/index/pt-br/transporte_p%C3%BAblico-line-0_825-Brasilia-1702-851595-334081-0,-1.0,-15.88159,-48.0813,1.11,,,2,2023-06-16T23:43:22+00:00
BRA_340669,Brasília,5300108,,Urbi,3964,https://moovitapp.com/index/pt-br/transporte_p%C3%BAblico-line-3964-Brasilia-1702-851595-91525612-0,-1.0,-15.86907,-47.97078,16.94,,,2,2023-06-16T23:43:22+00:00
BRA_336645,Brasília,5300108,,Urbi,0.399,https://moovitapp.com/index/pt-br/transporte_p%C3%BAblico-line-0_399-Brasilia-1702-851595-454964-0,-1.0,-15.8774,-48.01703,10.56,,,2,2023-06-16T23:43:23+00:00
BRA_339199,Brasília,5300108,,Urbi,367.2,https://moovitapp.com/index/pt-br/transporte_p%C3%BAblico-line-367_2-Brasilia-1702-851595-454971-0,-1.0,-15.89954,-48.12286,0.0,,,1,2023-06-16T23:43:23+00:00
BRA_338893,Brasília,5300108,,Urbi,806.1,https://moovitapp.com/index/pt-br/transporte_p%C3%BAblico-line-806_1-Brasilia-1702-851595-775104-0,-1.0,-15.91099,-48.05102,6.94,,,2,2023-06-16T23:43:23+00:00
BRA_336041,Brasília,5300108,,Urbi,391.3,https://moovitapp.com/index/pt-br/transporte_p%C3%BAblico-line-391_3-Brasilia-1702-851595-372373-0,-1.0,-15.80025,-47.89379,12.22,,,2,2023-06-16T23:43:23+00:00
BRA_336602,Brasília,5300108,,Urbi,807.8,https://moovitapp.com/index/pt-br/transporte_p%C3%BAblico-line-807_8-Brasilia-1702-851595-322408-0,-1.0,-15.89765,-48.05173,9.17,,,2,2023-06-16T23:43:23+00:00
BRA_335363,Brasília,5300108,,Urbi,0.050,https://moovitapp.com/index/pt-br/transporte_p%C3%BAblico-line-0_050-Brasilia-1702-851595-781325-0,-1.0,-15.80565,-48.07545,8.33,,,1,2023-06-16T23:43:23+00:00
BRA_337862,Brasília,5300108,,Urbi,0.898,https://moovitapp.com/index/pt-br/transporte_p%C3%BAblico-line-0_898-Brasilia-1702-851595-322394-0,-1.0,-15.83113,-48.05621,3.06,,,1,2023-06-16T23:43:23+00:00
BRA_339741,Brasília,5300108,,Urbi,0.340,https://moovitapp.com/index/pt-br/transporte_p%C3%BAblico-line-0_340-Brasilia-1702-851595-641378-0,-1.0,-15.94888,-48.23293,2.22,,,1,2023-06-16T23:43:24+00:00
BRA_336572,Brasília,5300108,,Urbi,0.813,https://moovitapp.com/index/pt-br/transporte_p%C3%BAblico-line-0_813-Brasilia-1702-851595-651523-0,-1.0,-15.82892,-47.92943,11.39,,,2,2023-06-16T23:43:24+00:00
BRA_336491,Brasília,5300108,,Urbi,0.871,https://moovitapp.com/index/pt-br/transporte_p%C3%BAblico-line-0_871-Brasilia-1702-851595-418741-0,-1.0,-15.84084,-48.04675,8.89,,,2,2023-06-16T23:43:24+00:00
BRA_339261,Brasília,5300108,,Urbi,0.367,https://moovitapp.com/index/pt-br/transporte_p%C3%BAblico-line-0_367-Brasilia-1702-851595-519380-0,-1.0,-15.8839,-48.15003,0.0,,,2,2023-06-16T23:43:24+00:00
BRA_339351,Brasília,5300108,,Urbi,056.2,https://moovitapp.com/index/pt-br/transporte_p%C3%BAblico-line-056_2-Brasilia-1702-851595-492982-0,-1.0,-15.81684,-48.10328,0.56,,,1,2023-06-16T23:43:24+00:00
BRA_340146,Brasília,5300108,,Urbi,372.4,https://moovitapp.com/index/pt-br/transporte_p%C3%BAblico-line-372_4-Brasilia-1702-851595-650087-0,-1.0,-15.89791,-48.14693,9.17,,,2,2023-06-16T23:43:24+00:00
BRA_338141,Brasília,5300108,,Urbi,0.882,https://moovitapp.com/index/pt-br/transporte_p%C3%BAblico-line-0_882-Brasilia-1702-851595-363858-0,-1.0,-15.92186,-48.10888,0.28,,,1,2023-06-16T23:43:25+00:00
BRA_336513,Brasília,5300108,,Urbi,0.871,https://moovitapp.com/index/pt-br/transporte_p%C3%BAblico-line-0_871-Brasilia-1702-851595-418741-0,-1.0,-15.92572,-48.04628,12.78,,,1,2023-06-16T23:43:25+00:00
BRA_339482,Brasília,5300108,,Urbi,038.1,https://moovitapp.com/index/pt-br/transporte_p%C3%BAblico-line-038_1-Brasilia-1702-851595-781327-0,-1.0,-15.83471,-48.06019,0.0,,,1,2023-06-16T23:43:25+00:00
BRA_337676,Brasília,5300108,,Urbi,807.9,https://moovitapp.com/index/pt-br/transporte_p%C3%BAblico-line-807_9-Brasilia-1702-851595-322409-0,-1.0,-15.87935,-48.06122,6.67,,,1,2023-06-16T23:43:25+00:00
BRA_337471,Brasília,5300108,,Urbi,0.087,https://moovitapp.com/index/pt-br/transporte_p%C3%BAblico-line-0_087-Brasilia-1702-851595-242519-0,-1.0,-15.88061,-48.01039,2.22,,,1,2023-06-16T23:43:25+00:00
BRA_337510,Brasília,5300108,,Urbi,807.6,https://moovitapp.com/index/pt-br/transporte_p%C3%BAblico-line-807_6-Brasilia-1702-851595-334092-0,-1.0,-15.90953,-48.08931,9.72,,,2,2023-06-16T23:43:25+00:00
BRA_336343,Brasília,5300108,,Urbi,0.380,https://moovitapp.com/index/pt-br/transporte_p%C3%BAblico-line-0_380-Brasilia-1702-851595-334073-0,-1.0,-15.79461,-47.91261,0.0,,,2,2023-06-16T23:43:26+00:00
BRA_336866,Brasília,5300108,,Urbi,0.813,https://moovitapp.com/index/pt-br/transporte_p%C3%BAblico-line-0_813-Brasilia-1702-851595-651523-0,-1.0,-15.80817,-47.90067,14.72,,,1,2023-06-16T23:43:26+00:00
BRA_339695,Brasília,5300108,,Urbi,0.171,https://moovitapp.com/index/pt-br/transporte_p%C3%BAblico-line-0_171-Brasilia-1702-851595-242524-0,-1.0,-15.82309,-47.9212,13.89,,,2,2023-06-16T23:43:27+00:00
BRA_337935,Brasília,5300108,,Urbi,084.1,https://moovitapp.com/index/pt-br/transporte_p%C3%BAblico-line-084_1-Brasilia-1702-851595-466292-0,-1.0,-15.87096,-47.96777,8.33,,,1,2023-06-16T23:43:27+00:00
BRA_337650,Brasília,5300108,,Urbi,0.175,https://moovitapp.com/index/pt-br/transporte_p%C3%BAblico-line-0_175-Brasilia-1702-851595-242526-0,-1.0,-15.87373,-47.98017,18.61,,,2,2023-06-16T23:43:28+00:00
BRA_339491,Brasília,5300108,,Urbi,872.5,https://moovitapp.com/index/pt-br/transporte_p%C3%BAblico-line-872_5-Brasilia-1702-851595-372393-0,-1.0,-15.9156,-48.06268,3.89,,,2,2023-06-16T23:43:28+00:00
BRA_444006,Brasília,5300108,,Marechal,933.5,https://moovitapp.com/index/pt-br/transporte_p%C3%BAblico-line-933_5-Brasilia-1702-851940-766837-0,-1.0,-15.839147,-48.127563,0.0,,,2,2023-06-16T23:43:09+00:00
BRA_443972,Brasília,5300108,,Marechal,363.2,https://moovitapp.com/index/pt-br/transporte_p%C3%BAblico-line-363_2-Brasilia-1702-851940-725443-0,-1.0,-15.838827,-48.128783,0.0,,,2,2023-06-16T23:43:09+00:00
BRA_445347,Brasília,5300108,,Marechal,337.1,https://moovitapp.com/index/pt-br/transporte_p%C3%BAblico-line-337_1-Brasilia-1702-851940-347165-0,-1.0,-15.84289,-48.10284,51.0,,,2,2023-06-16T23:43:09+00:00
BRA_442887,Brasília,5300108,,Marechal,932.1,https://moovitapp.com/index/pt-br/transporte_p%C3%BAblico-line-932_1-Brasilia-1702-851940-470763-0,-1.0,-15.841577,-48.101257,58.0,,,2,2023-06-16T23:43:09+00:00
BRA_440701,Brasília,5300108,,Marechal,260.3,https://moovitapp.com/index/pt-br/transporte_p%C3%BAblico-line-260_3-Brasilia-1702-851940-393566-0,-1.0,-16.042043,-48.02562,0.0,,,2,2023-06-16T23:43:09+00:00
BRA_441597,Brasília,5300108,,São José,332.1,https://moovitapp.com/index/pt-br/transporte_p%C3%BAblico-line-332_1-Brasilia-1702-851943-2068455-0,-1.0,-15.799713,-48.135233,22.0,,,2,2023-06-16T23:43:09+00:00
BRA_441881,Brasília,5300108,,Urbi,0.898,https://moovitapp.com/index/pt-br/transporte_p%C3%BAblico-line-0_898-Brasilia-1702-851595-322394-0,-1.0,-15.840013,-48.127257,0.0,,,2,2023-06-16T23:37:21+00:00
BRA_442453,Brasília,5300108,,Urbi,0.367,https://moovitapp.com/index/pt-br/transporte_p%C3%BAblico-line-0_367-Brasilia-1702-851595-519380-0,-1.0,-15.859147,-48.0366,48.0,,,2,2023-06-16T23:43:09+00:00
BRA_440311,Brasília,5300108,,Marechal,0.376,https://moovitapp.com/index/pt-br/transporte_p%C3%BAblico-line-0_376-Brasilia-1702-851940-242726-0,-1.0,-15.861153,-48.0373,31.0,,,2,2023-06-16T23:43:09+00:00
BRA_440680,Brasília,5300108,,Marechal,260.3,https://moovitapp.com/index/pt-br/transporte_p%C3%BAblico-line-260_3-Brasilia-1702-851940-393566-0,-1.0,-15.843313,-47.917553,0.0,,,2,2023-06-16T23:43:09+00:00
BRA_444707,Brasília,5300108,,Marechal,933.3,https://moovitapp.com/index/pt-br/transporte_p%C3%BAblico-line-933_3-Brasilia-1702-851940-450287-0,-1.0,-15.839413,-48.128093,0.0,,,2,2023-06-16T23:43:09+00:00
BRA_440507,Brasília,5300108,,Marechal,357.1,https://moovitapp.com/index/pt-br/transporte_p%C3%BAblico-line-357_1-Brasilia-1702-851940-775113-0,-1.0,-15.844047,-48.045033,0.0,,,2,2023-06-16T23:43:09+00:00
BRA_441562,Brasília,5300108,,Marechal,0.043,https://moovitapp.com/index/pt-br/transporte_p%C3%BAblico-line-0_043-Brasilia-1702-851940-781330-0,-1.0,-15.840763,-48.12666,0.0,,,2,2023-06-16T23:43:09+00:00
BRA_440582,Brasília,5300108,,Marechal,0.156,https://moovitapp.com/index/pt-br/transporte_p%C3%BAblico-line-0_156-Brasilia-1702-851940-242705-0,-1.0,-15.86951,-48.038193,0.0,,,2,2023-06-16T23:17:06+00:00
BRA_445185,Brasília,5300108,,Marechal,0.300,https://moovitapp.com/index/pt-br/transporte_p%C3%BAblico-line-0_300-Brasilia-1702-851940-419624-0,-1.0,-15.847823,-48.12096,38.0,,,2,2023-06-16T23:43:09+00:00
BRA_440841,Brasília,5300108,,Urbi,872.9,https://moovitapp.com/index/pt-br/transporte_p%C3%BAblico-line-872_9-Brasilia-1702-851595-372394-0,-1.0,-15.850317,-48.047103,42.0,,,2,2023-06-16T23:19:11+00:00
BRA_442127,Brasília,5300108,,Marechal,0.369,https://moovitapp.com/index/pt-br/transporte_p%C3%BAblico-line-0_369-Brasilia-1702-851940-500060-0,-1.0,-15.84746,-48.121287,14.0,,,2,2023-06-16T23:43:09+00:00
BRA_440981,Brasília,5300108,,Marechal,305.4,https://moovitapp.com/index/pt-br/transporte_p%C3%BAblico-line-305_4-Brasilia-1702-851940-393567-0,-1.0,-15.84161,-48.03038,9.0,,,2,2023-06-16T23:43:09+00:00
BRA_442160,Brasília,5300108,,Marechal,0.363,https://moovitapp.com/index/pt-br/transporte_p%C3%BAblico-line-0_363-Brasilia-1702-851940-504339-0,-1.0,-15.83892,-48.12851,0.0,,,2,2023-06-16T23:43:09+00:00
BRA_442496,Brasília,5300108,,Urbi,0.898,https://moovitapp.com/index/pt-br/transporte_p%C3%BAblico-line-0_898-Brasilia-1702-851595-322394-0,-1.0,-15.831657,-48.058117,13.0,,,2,2023-06-16T23:43:09+00:00
BRA_443395,Brasília,5300108,,Marechal,933.4,https://moovitapp.com/index/pt-br/transporte_p%C3%BAblico-line-933_4-Brasilia-1702-851940-656766-0,-1.0,-15.83231,-48.12361,28.0,,,2,2023-06-16T23:43:09+00:00
BRA_443671,Brasília,5300108,,Marechal,0.959,https://moovitapp.com/index/pt-br/transporte_p%C3%BAblico-line-0_959-Brasilia-1702-851940-546208-0,-1.0,-15.82817,-48.050083,31.0,,,2,2023-06-16T23:43:09+00:00
BRA_444251,Brasília,5300108,,Urbi,0.054,https://moovitapp.com/index/pt-br/transporte_p%C3%BAblico-line-0_054-Brasilia-1702-851595-454960-0,-1.0,-15.83976,-48.128993,0.0,,,2,2023-06-16T23:43:09+00:00
BRA_440965,Brasília,5300108,,Marechal,0.090,https://moovitapp.com/index/pt-br/transporte_p%C3%BAblico-line-0_090-Brasilia-1702-851940-242702-0,-1.0,-15.82157,-47.98128,37.0,,,2,2023-06-16T23:43:09+00:00
BRA_444171,Brasília,5300108,,Marechal,933.3,https://moovitapp.com/index/pt-br/transporte_p%C3%BAblico-line-933_3-Brasilia-1702-851940-450287-0,-1.0,-15.840887,-48.126917,0.0,,,2,2023-06-16T23:43:09+00:00
BRA_440141,Brasília,5300108,,Marechal,0.205,https://moovitapp.com/index/pt-br/transporte_p%C3%BAblico-line-0_205-Brasilia-1702-851940-463646-0,-1.0,-15.8335,-48.056317,0.0,,,2,2023-06-16T23:18:45+00:00
BRA_443166,Brasília,5300108,,Marechal,0.383,https://moovitapp.com/index/pt-br/transporte_p%C3%BAblico-line-0_383-Brasilia-1702-851940-347151-0,-1.0,-15.778023,-47.93846,32.0,,,2,2023-06-16T23:40:12+00:00
BRA_443174,Brasília,5300108,,Marechal,932.2,https://moovitapp.com/index/pt-br/transporte_p%C3%BAblico-line-932_2-Brasilia-1702-851940-3494666-0,-1.0,-15.80493,-48.074243,29.0,,,2,2023-06-16T23:43:09+00:00
BRA_443441,Brasília,5300108,,Marechal,933.2,https://moovitapp.com/index/pt-br/transporte_p%C3%BAblico-line-933_2-Brasilia-1702-851940-717428-0,-1.0,-15.840947,-48.12657,12.0,,,2,2023-06-16T23:43:09+00:00
BRA_441121,Brasília,5300108,,Marechal,355.2,https://moovitapp.com/index/pt-br/transporte_p%C3%BAblico-line-355_2-Brasilia-1702-851940-510251-0,-1.0,-15.803113,-48.040593,34.0,,,2,2023-06-16T23:43:09+00:00
BRA_443271,Brasília,5300108,,Marechal,0.903,https://moovitapp.com/index/pt-br/transporte_p%C3%BAblico-line-0_903-Brasilia-1702-851940-347155-0,-1.0,-15.84101,-48.126467,0.0,,,2,2023-06-16T23:43:09+00:00
BRA_443140,Brasília,5300108,,Marechal,363.2,https://moovitapp.com/index/pt-br/transporte_p%C3%BAblico-line-363_2-Brasilia-1702-851940-725443-0,-1.0,-15.839777,-48.128847,0.0,,,2,2023-06-16T23:43:04+00:00
BRA_443981,Brasília,5300108,,Urbi,367.2,https://moovitapp.com/index/pt-br/transporte_p%C3%BAblico-line-367_2-Brasilia-1702-851595-454971-0,-1.0,-15.84752,-48.06029,18.0,,,2,2023-06-16T23:43:09+00:00
BRA_444405,Brasília,5300108,,Marechal,0.205,https://moovitapp.com/index/pt-br/transporte_p%C3%BAblico-line-0_205-Brasilia-1702-851940-463646-0,-1.0,-16.013767,-48.053867,59.0,,,2,2023-06-16T23:43:09+00:00
BRA_441911,Brasília,5300108,,Marechal,0.089,https://moovitapp.com/index/pt-br/transporte_p%C3%BAblico-line-0_089-Brasilia-1702-851940-706977-0,-1.0,-15.839253,-48.12775,0.0,,,2,2023-06-16T23:43:09+00:00
BRA_441724,Brasília,5300108,,Marechal,0.554,https://moovitapp.com/index/pt-br/transporte_p%C3%BAblico-line-0_554-Brasilia-1702-851940-504340-0,-1.0,-15.840753,-48.127143,0.0,,,2,2023-06-16T23:43:09+00:00
BRA_440388,Brasília,5300108,,Marechal,959.1,https://moovitapp.com/index/pt-br/transporte_p%C3%BAblico-line-959_1-Brasilia-1702-851940-789939-0,-1.0,-15.87104,-48.01396,24.0,,,2,2023-06-16T23:34:56+00:00
BRA_440523,Brasília,5300108,,Marechal,0.162,https://moovitapp.com/index/pt-br/transporte_p%C3%BAblico-line-0_162-Brasilia-1702-851940-766836-0,-1.0,-15.79391,-47.88302,0.0,,,2,2023-06-16T23:43:09+00:00
BRA_443786,Brasília,5300108,,Marechal,0.951,https://moovitapp.com/index/pt-br/transporte_p%C3%BAblico-line-0_951-Brasilia-1702-851940-783578-0,-1.0,-15.832377,-48.06105,35.0,,,2,2023-06-16T23:43:09+00:00
BRA_445240,Brasília,5300108,,Marechal,0.336,https://moovitapp.com/index/pt-br/transporte_p%C3%BAblico-line-0_336-Brasilia-1702-851940-347142-0,-1.0,-15.834967,-48.06028,0.0,,,2,2023-06-16T23:43:09+00:00
BRA_440108,Brasília,5300108,,Marechal,157.6,https://moovitapp.com/index/pt-br/transporte_p%C3%BAblico-line-157_6-Brasilia-1702-851940-419627-0,-1.0,-15.8204,-47.986787,0.0,,,2,2023-06-16T23:43:09+00:00
BRA_440396,Brasília,5300108,,Marechal,156.1,https://moovitapp.com/index/pt-br/transporte_p%C3%BAblico-line-156_1-Brasilia-1702-851940-242750-0,-1.0,-15.87052,-48.038207,11.0,,,2,2023-06-16T23:43:09+00:00
BRA_440451,Brasília,5300108,,Marechal,355.2,https://moovitapp.com/index/pt-br/transporte_p%C3%BAblico-line-355_2-Brasilia-1702-851940-510251-0,-1.0,-15.865873,-48.022987,31.0,,,2,2023-06-16T23:43:04+00:00
BRA_440019,Brasília,5300108,,Marechal,0.951,https://moovitapp.com/index/pt-br/transporte_p%C3%BAblico-line-0_951-Brasilia-1702-851940-783578-0,-1.0,-15.86679,-48.037753,0.0,,,2,2023-06-16T23:43:09+00:00
BRA_440736,Brasília,5300108,,Piracicabana,099.1,https://moovitapp.com/index/pt-br/transporte_p%C3%BAblico-line-099_1-Brasilia-1702-850942-775090-0,-1.0,-15.81075,-47.904083,30.0,,,2,2023-06-16T23:43:09+00:00
BRA_441201,Brasília,5300108,,Marechal,0.090,https://moovitapp.com/index/pt-br/transporte_p%C3%BAblico-line-0_090-Brasilia-1702-851940-242702-0,-1.0,-15.858017,-47.957363,12.0,,,2,2023-06-16T23:43:09+00:00
BRA_443701,Brasília,5300108,,Marechal,0.959,https://moovitapp.com/index/pt-br/transporte_p%C3%BAblico-line-0_959-Brasilia-1702-851940-546208-0,-1.0,-15.868687,-48.037653,0.0,,,2,2023-06-16T23:22:33+00:00
BRA_442399,Brasília,5300108,,Marechal,0.339,https://moovitapp.com/index/pt-br/transporte_p%C3%BAblico-line-0_339-Brasilia-1702-851940-419625-0,-1.0,-15.85312,-48.117303,26.0,,,2,2023-06-16T23:43:09+00:00
BRA_440728,Brasília,5300108,,Marechal,0.357,https://moovitapp.com/index/pt-br/transporte_p%C3%BAblico-line-0_357-Brasilia-1702-851940-775109-0,-1.0,-15.833847,-48.058063,27.0,,,2,2023-06-16T23:43:09+00:00
BRA_440361,Brasília,5300108,,Urbi,805.8,https://moovitapp.com/index/pt-br/transporte_p%C3%BAblico-line-805_8-Brasilia-1702-851595-454982-0,-1.0,-15.909177,-48.087727,0.0,,,2,2023-06-16T23:43:09+00:00
BRA_440531,Brasília,5300108,,Marechal,355.3,https://moovitapp.com/index/pt-br/transporte_p%C3%BAblico-line-355_3-Brasilia-1702-851940-504343-0,-1.0,-15.842293,-48.048047,12.0,,,2,2023-06-16T23:43:09+00:00
BRA_440159,Brasília,5300108,,Marechal,0.205,https://moovitapp.com/index/pt-br/transporte_p%C3%BAblico-line-0_205-Brasilia-1702-851940-463646-0,-1.0,-15.8064,-48.077803,23.0,,,2,2023-06-16T23:43:09+00:00
BRA_441481,Brasília,5300108,,Urbi,0.050,https://moovitapp.com/index/pt-br/transporte_p%C3%BAblico-line-0_050-Brasilia-1702-851595-781325-0,-1.0,-15.847423,-48.060257,35.0,,,2,2023-06-16T23:43:09+00:00
BRA_445274,Brasília,5300108,,Marechal,0.300,https://moovitapp.com/index/pt-br/transporte_p%C3%BAblico-line-0_300-Brasilia-1702-851940-419624-0,-1.0,-15.81682,-48.011387,53.0,,,2,2023-06-16T23:43:09+00:00
BRA_444600,Brasília,5300108,,Marechal,0.942,https://moovitapp.com/index/pt-br/transporte_p%C3%BAblico-line-0_942-Brasilia-1702-851940-347158-0,-1.0,-15.840907,-48.12681,0.0,,,2,2023-06-16T23:43:09+00:00
BRA_445282,Brasília,5300108,,Marechal,0.336,https://moovitapp.com/index/pt-br/transporte_p%C3%BAblico-line-0_336-Brasilia-1702-851940-347142-0,-1.0,-15.840707,-48.127187,0.0,,,2,2023-06-16T23:43:04+00:00
BRA_441465,Brasília,5300108,,Marechal,336.1,https://moovitapp.com/index/pt-br/transporte_p%C3%BAblico-line-336_1-Brasilia-1702-851940-347163-0,-1.0,-15.836207,-48.11884,4.0,,,2,2023-06-16T23:43:09+00:00
BRA_440043,Brasília,5300108,,Urbi,805.1,https://moovitapp.com/index/pt-br/transporte_p%C3%BAblico-line-805_1-Brasilia-1702-851595-454980-0,-1.0,-15.876923,-48.026937,39.0,,,2,2023-06-16T23:43:09+00:00
BRA_445380,Brasília,5300108,,Marechal,0.378,https://moovitapp.com/index/pt-br/transporte_p%C3%BAblico-line-0_378-Brasilia-1702-851940-347150-0,-1.0,-15.794113,-47.912437,40.0,,,2,2023-06-16T23:43:09+00:00
BRA_442411,Brasília,5300108,,Urbi,0.050,https://moovitapp.com/index/pt-br/transporte_p%C3%BAblico-line-0_050-Brasilia-1702-851595-781325-0,-1.0,-15.886397,-48.092827,4.0,,,2,2023-06-16T23:43:09+00:00
BRA_440264,Brasília,5300108,,Marechal,260.3,https://moovitapp.com/index/pt-br/transporte_p%C3%BAblico-line-260_3-Brasilia-1702-851940-393566-0,-1.0,-15.798267,-48.15919,0.0,,,2,2023-06-16T23:43:09+00:00
BRA_440345,Brasília,5300108,,Marechal,260.3,https://moovitapp.com/index/pt-br/transporte_p%C3%BAblico-line-260_3-Brasilia-1702-851940-393566-0,-1.0,-15.829027,-48.05291,36.0,,,2,2023-06-16T23:43:09+00:00
BRA_445339,Brasília,5300108,,Marechal,337.1,https://moovitapp.com/index/pt-br/transporte_p%C3%BAblico-line-337_1-Brasilia-1702-851940-347165-0,-1.0,-15.83132,-48.047083,59.0,,,2,2023-06-16T23:43:09+00:00
BRA_443000,Brasília,5300108,,Marechal,363.2,https://moovitapp.com/index/pt-br/transporte_p%C3%BAblico-line-363_2-Brasilia-1702-851940-725443-0,-1.0,-15.84071,-48.126343,20.0,,,2,2023-06-16T23:43:09+00:00
BRA_443247,Brasília,5300108,,Marechal,0.043,https://moovitapp.com/index/pt-br/transporte_p%C3%BAblico-line-0_043-Brasilia-1702-851940-781330-0,-1.0,-15.834353,-48.058527,44.0,,,2,2023-06-16T23:43:09+00:00
BRA_442445,Brasília,5300108,,Marechal,933.1,https://moovitapp.com/index/pt-br/transporte_p%C3%BAblico-line-933_1-Brasilia-1702-851940-358307-0,-1.0,-15.83746,-48.109787,30.0,,,2,2023-06-16T23:43:09+00:00
BRA_442267,Brasília,5300108,,São José,332.1,https://moovitapp.com/index/pt-br/transporte_p%C3%BAblico-line-332_1-Brasilia-1702-851943-2068455-0,-1.0,-15.814213,-48.111453,58.0,,,2,2023-06-16T23:43:09+00:00
BRA_442241,Brasília,5300108,,Urbi,056.4,https://moovitapp.com/index/pt-br/transporte_p%C3%BAblico-line-056_4-Brasilia-1702-851595-519387-0,-1.0,-15.87508,-48.10687,46.0,,,2,2023-06-16T23:43:09+00:00
BRA_440906,Brasília,5300108,,Marechal,0.205,https://moovitapp.com/index/pt-br/transporte_p%C3%BAblico-line-0_205-Brasilia-1702-851940-463646-0,-1.0,-16.01997,-48.06682,0.0,,,2,2023-06-16T23:43:09+00:00
BRA_441937,Brasília,5300108,,Marechal,932.2,https://moovitapp.com/index/pt-br/transporte_p%C3%BAblico-line-932_2-Brasilia-1702-851940-3494666-0,-1.0,-15.807503,-47.96972,41.0,,,2,2023-06-16T23:43:09+00:00
BRA_445207,Brasília,5300108,,Marechal,0.378,https://moovitapp.com/index/pt-br/transporte_p%C3%BAblico-line-0_378-Brasilia-1702-851940-347150-0,-1.0,-15.76843,-47.88966,17.0,,,2,2023-06-16T23:43:09+00:00
BRA_444341,Brasília,5300108,,Marechal,355.3,https://moovitapp.com/index/pt-br/transporte_p%C3%BAblico-line-355_3-Brasilia-1702-851940-504343-0,-1.0,-15.87051,-48.038047,0.0,,,2,2023-06-16T23:43:09+00:00
BRA_441856,Brasília,5300108,,Marechal,0.339,https://moovitapp.com/index/pt-br/transporte_p%C3%BAblico-line-0_339-Brasilia-1702-851940-419625-0,-1.0,-15.800293,-48.058633,0.0,,,2,2023-06-16T23:43:09+00:00
BRA_443557,Brasília,5300108,,Marechal,355.3,https://moovitapp.com/index/pt-br/transporte_p%C3%BAblico-line-355_3-Brasilia-1702-851940-504343-0,-1.0,-15.869903,-48.03749,0.0,,,2,2023-06-16T23:41:35+00:00
BRA_442623,Brasília,5300108,,Urbi,393.7,https://moovitapp.com/index/pt-br/transporte_p%C3%BAblico-line-393_7-Brasilia-1702-851595-588818-0,-1.0,-15.87375,-48.072557,30.0,,,2,2023-06-16T23:43:09+00:00
BRA_444570,Brasília,5300108,,Marechal,0.089,https://moovitapp.com/index/pt-br/transporte_p%C3%BAblico-line-0_089-Brasilia-1702-851940-706977-0,-1.0,-15.839403,-48.12987,0.0,,,2,2023-06-16T23:43:09+00:00
BRA_444723,Brasília,5300108,,São José,350.1,https://moovitapp.com/index/pt-br/transporte_p%C3%BAblico-line-350_1-Brasilia-1702-851943-2068450-0,-1.0,-15.7888,-48.135363,33.0,,,2,2023-06-16T23:43:09+00:00
BRA_445223,Brasília,5300108,,Marechal,0.336,https://moovitapp.com/index/pt-br/transporte_p%C3%BAblico-line-0_336-Brasilia-1702-851940-347142-0,-1.0,-15.7974,-47.88379,32.0,,,2,2023-06-16T23:43:09+00:00
BRA_442801,Brasília,5300108,,Marechal,933.2,https://moovitapp.com/index/pt-br/transporte_p%C3%BAblico-line-933_2-Brasilia-1702-851940-717428-0,-1.0,-15.816343,-48.096893,12.0,,,2,2023-06-16T23:43:09+00:00
BRA_442852,Brasília,5300108,,Marechal,932.2,https://moovitapp.com/index/pt-br/transporte_p%C3%BAblico-line-932_2-Brasilia-1702-851940-3494666-0,-1.0,-15.793977,-47.883243,0.0,,,2,2023-06-16T23:43:09+00:00
BRA_442747,Brasília,5300108,,São José,332.1,https://moovitapp.com/index/pt-br/transporte_p%C3%BAblico-line-332_1-Brasilia-1702-851943-2068455-0,-1.0,-15.800897,-48.123513,9.0,,,2,2023-06-16T23:43:09+00:00
BRA_441660,Brasília,5300108,,Urbi,056.4,https://moovitapp.com/index/pt-br/transporte_p%C3%BAblico-line-056_4-Brasilia-1702-851595-519387-0,-1.0,-15.884263,-48.149707,0.0,,,2,2023-06-16T23:43:09+00:00
BRA_443123,Brasília,5300108,,Marechal,361.1,https://moovitapp.com/index/pt-br/transporte_p%C3%BAblico-line-361_1-Brasilia-1702-851940-363861-0,-1.0,-15.840887,-48.126657,0.0,,,2,2023-06-16T23:43:09+00:00
BRA_443778,Brasília,5300108,,Marechal,959.1,https://moovitapp.com/index/pt-br/transporte_p%C3%BAblico-line-959_1-Brasilia-1702-851940-789939-0,-1.0,-15.869893,-48.037413,0.0,,,2,2023-06-16T23:43:09+00:00
BRA_440591,Brasília,5300108,,Piracicabana,099.1,https://moovitapp.com/index/pt-br/transporte_p%C3%BAblico-line-099_1-Brasilia-1702-850942-775090-0,-1.0,-15.85076,-48.041053,52.0,,,2,2023-06-16T23:43:09+00:00
BRA_440400,Brasília,5300108,,São José,0.092,https://moovitapp.com/index/pt-br/transporte_p%C3%BAblico-line-0_092-Brasilia-1702-851943-496589-0,-1.0,-15.825113,-47.979773,26.0,,,2,2023-06-16T23:43:09+00:00
BRA_444031,Brasília,5300108,,Urbi,0.050,https://moovitapp.com/index/pt-br/transporte_p%C3%BAblico-line-0_050-Brasilia-1702-851595-781325-0,-1.0,-15.840647,-48.056333,24.0,,,2,2023-06-16T23:43:09+00:00
BRA_443891,Brasília,5300108,,Marechal,351.3,https://moovitapp.com/index/pt-br/transporte_p%C3%BAblico-line-351_3-Brasilia-1702-851940-510249-0,-1.0,-15.870303,-48.03785,0.0,,,2,2023-06-16T23:43:09+00:00
BRA_440868,Brasília,5300108,,Marechal,959.1,https://moovitapp.com/index/pt-br/transporte_p%C3%BAblico-line-959_1-Brasilia-1702-851940-789939-0,-1.0,-15.823833,-48.063973,12.0,,,2,2023-06-16T22:57:35+00:00
BRA_440078,Brasília,5300108,,São José,157.8,https://moovitapp.com/index/pt-br/transporte_p%C3%BAblico-line-157_8-Brasilia-1702-851943-759503-0,-1.0,-15.824537,-47.98073,38.0,,,2,2023-06-16T23:43:09+00:00
BRA_442674,Brasília,5300108,,Marechal,363.1,https://moovitapp.com/index/pt-br/transporte_p%C3%BAblico-line-363_1-Brasilia-1702-851940-504344-0,-1.0,-15.839803,-48.12955,0.0,,,2,2023-06-16T23:43:09+00:00
BRA_443026,Brasília,5300108,,Urbi,056.2,https://moovitapp.com/index/pt-br/transporte_p%C3%BAblico-line-056_2-Brasilia-1702-851595-492982-0,-1.0,-15.87374,-48.095987,54.0,,,2,2023-06-16T23:43:04+00:00
BRA_444740,Brasília,5300108,,Marechal,363.1,https://moovitapp.com/index/pt-br/transporte_p%C3%BAblico-line-363_1-Brasilia-1702-851940-504344-0,-1.0,-15.84096,-48.126557,11.0,,,2,2023-06-16T23:43:09+00:00
BRA_442879,Brasília,5300108,,Marechal,933.5,https://moovitapp.com/index/pt-br/transporte_p%C3%BAblico-line-933_5-Brasilia-1702-851940-766837-0,-1.0,-15.834087,-48.058827,35.0,,,2,2023-06-16T23:43:09+00:00
BRA_441449,Brasília,5300108,,São José,332.1,https://moovitapp.com/index/pt-br/transporte_p%C3%BAblico-line-332_1-Brasilia-1702-851943-2068455-0,-1.0,-15.854087,-48.127273,7.0,,,2,2023-06-16T23:43:09+00:00
BRA_443417,Brasília,5300108,,Marechal,0.089,https://moovitapp.com/index/pt-br/transporte_p%C3%BAblico-line-0_089-Brasilia-1702-851940-706977-0,-1.0,-15.831563,-48.045267,59.0,,,2,2023-06-16T23:43:09+00:00
BRA_441384,Brasília,5300108,,Urbi,372.5,https://moovitapp.com/index/pt-br/transporte_p%C3%BAblico-line-372_5-Brasilia-1702-851595-519391-0,-1.0,-15.87182,-48.09264,21.0,,,2,2023-06-16T23:43:09+00:00
BRA_443310,Brasília,5300108,,Marechal,0.554,https://moovitapp.com/index/pt-br/transporte_p%C3%BAblico-line-0_554-Brasilia-1702-851940-504340-0,-1.0,-15.835383,-48.08719,0.0,,,2,2023-06-16T23:43:09+00:00
BRA_441180,Brasília,5300108,,Marechal,260.3,https://moovitapp.com/index/pt-br/transporte_p%C3%BAblico-line-260_3-Brasilia-1702-851940-393566-0,-1.0,-16.02592,-48.03065,40.0,,,2,2023-06-16T23:43:09+00:00
BRA_441198,Brasília,5300108,,Marechal,157.6,https://moovitapp.com/index/pt-br/transporte_p%C3%BAblico-line-157_6-Brasilia-1702-851940-419627-0,-1.0,-15.84436,-47.981653,46.0,,,2,2023-06-16T23:43:09+00:00
BRA_443425,Brasília,5300108,,São José,333.7,https://moovitapp.com/index/pt-br/transporte_p%C3%BAblico-line-333_7-Brasilia-1702-851943-2068454-0,-1.0,-15.822627,-48.114177,48.0,,,2,2023-06-16T23:43:09+00:00
BRA_440612,Brasília,5300108,,Marechal,355.3,https://moovitapp.com/index/pt-br/transporte_p%C3%BAblico-line-355_3-Brasilia-1702-851940-504343-0,-1.0,-15.812757,-48.014947,26.0,,,2,2023-06-16T23:43:09+00:00
BRA_440191,Brasília,5300108,,Marechal,0.205,https://moovitapp.com/index/pt-br/transporte_p%C3%BAblico-line-0_205-Brasilia-1702-851940-463646-0,-1.0,-15.876197,-48.048057,6.0,,,2,2023-06-16T22:54:27+00:00
BRA_440809,Brasília,5300108,,Marechal,156.1,https://moovitapp.com/index/pt-br/transporte_p%C3%BAblico-line-156_1-Brasilia-1702-851940-242750-0,-1.0,-15.809697,-47.902743,51.0,,,2,2023-06-16T23:43:09+00:00
BRA_440663,Brasília,5300108,,Marechal,206.1,https://moovitapp.com/index/pt-br/transporte_p%C3%BAblico-line-206_1-Brasilia-1702-851940-137149861-0,-1.0,-15.865687,-48.03337,49.0,,,2,2023-06-16T23:43:04+00:00
BRA_440825,Brasília,5300108,,Marechal,0.205,https://moovitapp.com/index/pt-br/transporte_p%C3%BAblico-line-0_205-Brasilia-1702-851940-463646-0,-1.0,-15.811753,-48.05874,44.0,,,2,2023-06-16T23:43:09+00:00
BRA_444260,Brasília,5300108,,Marechal,933.6,https://moovitapp.com/index/pt-br/transporte_p%C3%BAblico-line-933_6-Brasilia-1702-851940-3494672-0,-1.0,-15.80522,-48.075193,3.0,,,2,2023-06-16T23:43:09+00:00
BRA_440761,Brasília,5300108,,Urbi,805.2,https://moovitapp.com/index/pt-br/transporte_p%C3%BAblico-line-805_2-Brasilia-1702-851595-454981-0,-1.0,-15.903927,-48.064497,40.0,,,2,2023-06-16T23:43:09+00:00
BRA_444022,Brasília,5300108,,Marechal,933.6,https://moovitapp.com/index/pt-br/transporte_p%C3%BAblico-line-933_6-Brasilia-1702-851940-3494672-0,-1.0,-15.839167,-48.128247,0.0,,,2,2023-06-16T23:05:24+00:00
BRA_440558,Brasília,5300108,,Marechal,0.090,https://moovitapp.com/index/pt-br/transporte_p%C3%BAblico-line-0_090-Brasilia-1702-851940-242702-0,-1.0,-15.869613,-48.03794,0.0,,,2,2023-06-16T23:43:09+00:00
BRA_445177,Brasília,5300108,,Marechal,0.378,https://moovitapp.com/index/pt-br/transporte_p%C3%BAblico-line-0_378-Brasilia-1702-851940-347150-0,-1.0,-15.807777,-47.930427,44.0,,,2,2023-06-16T23:43:09+00:00
BRA_441554,Brasília,5300108,,Marechal,933.6,https://moovitapp.com/index/pt-br/transporte_p%C3%BAblico-line-933_6-Brasilia-1702-851940-3494672-0,-1.0,-15.844233,-48.112947,47.0,,,2,2023-06-16T23:43:09+00:00
BRA_440221,Brasília,5300108,,Marechal,154.2,https://moovitapp.com/index/pt-br/transporte_p%C3%BAblico-line-154_2-Brasilia-1702-851940-527234-0,-1.0,-15.82142,-47.981357,56.0,,,2,2023-06-16T23:43:04+00:00
BRA_440779,Brasília,5300108,,Marechal,0.156,https://moovitapp.com/index/pt-br/transporte_p%C3%BAblico-line-0_156-Brasilia-1702-851940-242705-0,-1.0,-15.8404,-47.9658,0.0,,,2,2023-06-16T23:43:09+00:00
BRA_443883,Brasília,5300108,,Marechal,959.2,https://moovitapp.com/index/pt-br/transporte_p%C3%BAblico-line-959_2-Brasilia-1702-851940-66561063-0,-1.0,-15.845947,-48.043653,38.0,,,2,2023-06-16T23:43:09+00:00
BRA_445355,Brasília,5300108,,Marechal,0.378,https://moovitapp.com/index/pt-br/transporte_p%C3%BAblico-line-0_378-Brasilia-1702-851940-347150-0,-1.0,-15.840767,-48.12672,0.0,,,2,2023-06-16T23:43:09+00:00
BRA_445266,Brasília,5300108,,Marechal,0.300,https://moovitapp.com/index/pt-br/transporte_p%C3%BAblico-line-0_300-Brasilia-1702-851940-419624-0,-1.0,-15.825723,-48.02806,66.0,,,2,2023-06-16T23:35:06+00:00
BRA_443450,Brasília,5300108,,Marechal,361.1,https://moovitapp.com/index/pt-br/transporte_p%C3%BAblico-line-361_1-Brasilia-1702-851940-363861-0,-1.0,-15.839883,-48.12965,0.0,,,2,2023-06-16T23:43:04+00:00
BRA_445321,Brasília,5300108,,Marechal,0.336,https://moovitapp.com/index/pt-br/transporte_p%C3%BAblico-line-0_336-Brasilia-1702-851940-347142-0,-1.0,-15.826313,-47.91492,8.0,,,2,2023-06-16T23:43:09+00:00
BRA_445151,Brasília,5300108,,Marechal,154.2,https://moovitapp.com/index/pt-br/transporte_p%C3%BAblico-line-154_2-Brasilia-1702-851940-527234-0,-1.0,-15.837257,-47.967007,47.0,,,2,2023-06-16T23:43:09+00:00
BRA_445142,Brasília,5300108,,Marechal,0.306,https://moovitapp.com/index/pt-br/transporte_p%C3%BAblico-line-0_306-Brasilia-1702-851940-242714-0,-1.0,-15.86697,-48.037423,0.0,,,2,2023-06-16T23:43:09+00:00
BRA_441074,Brasília,5300108,,Marechal,260.3,https://moovitapp.com/index/pt-br/transporte_p%C3%BAblico-line-260_3-Brasilia-1702-851940-393566-0,-1.0,-16.02108,-48.023857,21.0,,,2,2023-06-16T23:43:09+00:00
BRA_441473,Brasília,5300108,,Marechal,0.089,https://moovitapp.com/index/pt-br/transporte_p%C3%BAblico-line-0_089-Brasilia-1702-851940-706977-0,-1.0,-15.816387,-48.008787,14.0,,,2,2023-06-16T23:40:02+00:00
BRA_443760,Brasília,5300108,,Marechal,0.357,https://moovitapp.com/index/pt-br/transporte_p%C3%BAblico-line-0_357-Brasilia-1702-851940-775109-0,-1.0,-15.86654,-48.037717,0.0,,,2,2023-06-16T23:43:09+00:00
BRA_444677,Brasília,5300108,,São José,359.2,https://moovitapp.com/index/pt-br/transporte_p%C3%BAblico-line-359_2-Brasilia-1702-851943-2068453-0,-1.0,-15.789573,-48.132633,31.0,,,2,2023-06-16T23:40:02+00:00
BRA_444685,Brasília,5300108,,São José,333.6,https://moovitapp.com/index/pt-br/transporte_p%C3%BAblico-line-333_6-Brasilia-1702-851943-2068452-0,-1.0,-15.800543,-48.13968,13.0,,,2,2023-06-16T23:43:09+00:00
BRA_444669,Brasília,5300108,,Marechal,933.2,https://moovitapp.com/index/pt-br/transporte_p%C3%BAblico-line-933_2-Brasilia-1702-851940-717428-0,-1.0,-15.8076,-48.08252,3.0,,,2,2023-06-16T23:43:09+00:00
BRA_441015,Brasília,5300108,,Piracicabana,099.1,https://moovitapp.com/index/pt-br/transporte_p%C3%BAblico-line-099_1-Brasilia-1702-850942-775090-0,-1.0,-15.810943,-47.988983,46.0,,,2,2023-06-16T23:43:09+00:00
BRA_441368,Brasília,5300108,,Urbi,038.1,https://moovitapp.com/index/pt-br/transporte_p%C3%BAblico-line-038_1-Brasilia-1702-851595-781327-0,-1.0,-15.88566,-48.022957,0.0,,,2,2023-06-16T23:43:09+00:00
BRA_441023,Brasília,5300108,,Marechal,0.205,https://moovitapp.com/index/pt-br/transporte_p%C3%BAblico-line-0_205-Brasilia-1702-851940-463646-0,-1.0,-15.795073,-48.11063,0.0,,,2,2023-06-16T23:38:28+00:00
BRA_442119,Brasília,5300108,,Marechal,933.5,https://moovitapp.com/index/pt-br/transporte_p%C3%BAblico-line-933_5-Brasilia-1702-851940-766837-0,-1.0,-15.841053,-48.1265,0.0,,,2,2023-06-16T23:43:09+00:00
BRA_445231,Brasília,5300108,,Marechal,337.1,https://moovitapp.com/index/pt-br/transporte_p%C3%BAblico-line-337_1-Brasilia-1702-851940-347165-0,-1.0,-15.82272,-47.920643,46.0,,,2,2023-06-16T23:43:09+00:00
BRA_443948,Brasília,5300108,,Marechal,0.363,https://moovitapp.com/index/pt-br/transporte_p%C3%BAblico-line-0_363-Brasilia-1702-851940-504339-0,-1.0,-15.838803,-48.128847,0.0,,,2,2023-06-16T23:43:09+00:00
BRA_442208,Brasília,5300108,,Urbi,056.4,https://moovitapp.com/index/pt-br/transporte_p%C3%BAblico-line-056_4-Brasilia-1702-851595-519387-0,-1.0,-15.898827,-48.147397,28.0,,,2,2023-06-16T23:43:09+00:00
BRA_441759,Brasília,5300108,,Urbi,0.050,https://moovitapp.com/index/pt-br/transporte_p%C3%BAblico-line-0_050-Brasilia-1702-851595-781325-0,-1.0,-15.851523,-48.062493,22.0,,,2,2023-06-16T23:43:09+00:00
BRA_443654,Brasília,5300108,,Marechal,0.951,https://moovitapp.com/index/pt-br/transporte_p%C3%BAblico-line-0_951-Brasilia-1702-851940-783578-0,-1.0,-15.86727,-48.037417,0.0,,,2,2023-06-16T23:43:09+00:00
BRA_442542,Brasília,5300108,,Marechal,933.1,https://moovitapp.com/index/pt-br/transporte_p%C3%BAblico-line-933_1-Brasilia-1702-851940-358307-0,-1.0,-15.83886,-48.128893,0.0,,,2,2023-06-16T23:43:04+00:00
BRA_443298,Brasília,5300108,,Marechal,0.089,https://moovitapp.com/index/pt-br/transporte_p%C3%BAblico-line-0_089-Brasilia-1702-851940-706977-0,-1.0,-15.826127,-47.981297,16.0,,,2,2023-06-16T23:43:09+00:00
BRA_441457,Brasília,5300108,,Urbi,393.6,https://moovitapp.com/index/pt-br/transporte_p%C3%BAblico-line-393_6-Brasilia-1702-851595-588817-0,-1.0,-15.88014,-48.076467,58.0,,,2,2023-06-16T23:43:09+00:00
BRA_441244,Brasília,5300108,,Marechal,0.376,https://moovitapp.com/index/pt-br/transporte_p%C3%BAblico-line-0_376-Brasilia-1702-851940-242726-0,-1.0,-15.80492,-48.067,45.0,,,2,2023-06-16T23:43:09+00:00
BRA_440124,Brasília,5300108,,Piracicabana,099.1,https://moovitapp.com/index/pt-br/transporte_p%C3%BAblico-line-099_1-Brasilia-1702-850942-775090-0,-1.0,-15.794783,-47.933957,0.0,,,2,2023-06-16T23:43:04+00:00
BRA_444693,Brasília,5300108,,São José,333.6,https://moovitapp.com/index/pt-br/transporte_p%C3%BAblico-line-333_6-Brasilia-1702-851943-2068452-0,-1.0,-15.83523,-48.07483,35.0,,,2,2023-06-16T23:43:09+00:00
BRA_443522,Brasília,5300108,,Urbi,367.2,https://moovitapp.com/index/pt-br/transporte_p%C3%BAblico-line-367_2-Brasilia-1702-851595-454971-0,-1.0,-15.886147,-48.145773,34.0,,,2,2023-06-16T23:43:09+00:00
BRA_440698,Brasília,5300108,,São José,157.8,https://moovitapp.com/index/pt-br/transporte_p%C3%BAblico-line-157_8-Brasilia-1702-851943-759503-0,-1.0,-15.840053,-47.984297,0.0,,,2,2023-06-16T23:43:09+00:00
BRA_440094,Brasília,5300108,,Marechal,0.205,https://moovitapp.com/index/pt-br/transporte_p%C3%BAblico-line-0_205-Brasilia-1702-851940-463646-0,-1.0,-15.953843,-48.03126,60.0,,,2,2023-06-16T23:43:09+00:00
BRA_440175,Brasília,5300108,,Urbi,038.1,https://moovitapp.com/index/pt-br/transporte_p%C3%BAblico-line-038_1-Brasilia-1702-851595-781327-0,-1.0,-15.831183,-48.05796,0.0,,,2,2023-06-16T23:43:09+00:00
BRA_444511,Brasília,5300108,,Marechal,0.361,https://moovitapp.com/index/pt-br/transporte_p%C3%BAblico-line-0_361-Brasilia-1702-851940-376158-0,-1.0,-15.838627,-48.128897,0.0,,,2,2023-06-16T23:43:04+00:00
BRA_444014,Brasília,5300108,,Marechal,933.5,https://moovitapp.com/index/pt-br/transporte_p%C3%BAblico-line-933_5-Brasilia-1702-851940-766837-0,-1.0,-15.841253,-48.126603,0.0,,,2,2023-06-16T23:43:09+00:00
BRA_444529,Brasília,5300108,,Marechal,363.2,https://moovitapp.com/index/pt-br/transporte_p%C3%BAblico-line-363_2-Brasilia-1702-851940-725443-0,-1.0,-15.839163,-48.128293,0.0,,,2,2023-06-16T23:43:09+00:00
BRA_442224,Brasília,5300108,,Marechal,933.4,https://moovitapp.com/index/pt-br/transporte_p%C3%BAblico-line-933_4-Brasilia-1702-851940-656766-0,-1.0,-15.840663,-48.126987,0.0,,,2,2023-06-16T23:43:09+00:00
BRA_443182,Brasília,5300108,,Marechal,0.363,https://moovitapp.com/index/pt-br/transporte_p%C3%BAblico-line-0_363-Brasilia-1702-851940-504339-0,-1.0,-15.83504,-48.104573,33.0,,,2,2023-06-16T23:43:09+00:00
BRA_441228,Brasília,5300108,,Marechal,0.156,https://moovitapp.com/index/pt-br/transporte_p%C3%BAblico-line-0_156-Brasilia-1702-851940-242705-0,-1.0,-15.841297,-47.97103,35.0,,,2,2023-06-16T23:43:09+00:00
BRA_441538,Brasília,5300108,,Urbi,0.056,https://moovitapp.com/index/pt-br/transporte_p%C3%BAblico-line-0_056-Brasilia-1702-851595-588804-0,-1.0,-15.818783,-48.10757,35.0,,,2,2023-06-16T23:43:09+00:00
BRA_443492,Brasília,5300108,,Marechal,933.1,https://moovitapp.com/index/pt-br/transporte_p%C3%BAblico-line-933_1-Brasilia-1702-851940-358307-0,-1.0,-15.815437,-48.10057,57.0,,,2,2023-06-16T23:43:09+00:00
BRA_441694,Brasília,5300108,,Marechal,0.554,https://moovitapp.com/index/pt-br/transporte_p%C3%BAblico-line-0_554-Brasilia-1702-851940-504340-0,-1.0,-15.808363,-47.959563,60.0,,,2,2023-06-16T23:43:09+00:00
BRA_441741,Brasília,5300108,,Marechal,0.383,https://moovitapp.com/index/pt-br/transporte_p%C3%BAblico-line-0_383-Brasilia-1702-851940-347151-0,-1.0,-15.787037,-47.945813,60.0,,,2,2023-06-16T23:43:09+00:00
BRA_441414,Brasília,5300108,,Urbi,372.4,https://moovitapp.com/index/pt-br/transporte_p%C3%BAblico-line-372_4-Brasilia-1702-851595-650087-0,-1.0,-15.80562,-48.076337,40.0,,,2,2023-06-16T23:43:09+00:00
BRA_443549,Brasília,5300108,,Marechal,959.3,https://moovitapp.com/index/pt-br/transporte_p%C3%BAblico-line-959_3-Brasilia-1702-851940-103863179-0,-1.0,-15.845553,-48.043883,27.0,,,2,2023-06-16T23:43:09+00:00
BRA_444502,Brasília,5300108,,Marechal,361.1,https://moovitapp.com/index/pt-br/transporte_p%C3%BAblico-line-361_1-Brasilia-1702-851940-363861-0,-1.0,-15.839693,-48.12188,36.0,,,2,2023-06-16T23:43:04+00:00
BRA_441287,Brasília,5300108,,Marechal,0.205,https://moovitapp.com/index/pt-br/transporte_p%C3%BAblico-line-0_205-Brasilia-1702-851940-463646-0,-1.0,-15.869743,-48.037263,0.0,,,2,2023-06-16T16:26:40+00:00
BRA_444995,Brasília,5300108,,Marechal,336.1,https://moovitapp.com/index/pt-br/transporte_p%C3%BAblico-line-336_1-Brasilia-1702-851940-347163-0,-1.0,-15.84102,-48.126947,0.0,,,2,2023-06-16T23:43:09+00:00
BRA_445053,Brasília,5300108,,Urbi,0.054,https://moovitapp.com/index/pt-br/transporte_p%C3%BAblico-line-0_054-Brasilia-1702-851595-454960-0,-1.0,-15.875443,-48.108563,51.0,,,2,2023-06-16T23:43:09+00:00
BRA_444791,Brasília,5300108,,São José,359.2,https://moovitapp.com/index/pt-br/transporte_p%C3%BAblico-line-359_2-Brasilia-1702-851943-2068453-0,-1.0,-15.846913,-48.04355,0.0,,,2,2023-06-16T23:43:09+00:00
BRA_444979,Brasília,5300108,,Urbi,0.898,https://moovitapp.com/index/pt-br/transporte_p%C3%BAblico-line-0_898-Brasilia-1702-851595-322394-0,-1.0,-15.83161,-48.04979,27.0,,,2,2023-06-16T23:43:09+00:00
BRA_444910,Brasília,5300108,,Marechal,933.3,https://moovitapp.com/index/pt-br/transporte_p%C3%BAblico-line-933_3-Brasilia-1702-851940-450287-0,-1.0,-15.840717,-48.127017,0.0,,,2,2023-06-16T23:43:09+00:00
BRA_445096,Brasília,5300108,,São José,359.2,https://moovitapp.com/index/pt-br/transporte_p%C3%BAblico-line-359_2-Brasilia-1702-851943-2068453-0,-1.0,-15.793257,-48.138243,32.0,,,2,2023-06-16T23:43:09+00:00
BRA_445002,Brasília,5300108,,Marechal,0.383,https://moovitapp.com/index/pt-br/transporte_p%C3%BAblico-line-0_383-Brasilia-1702-851940-347151-0,-1.0,-15.81935,-48.108017,37.0,,,2,2023-06-16T23:43:09+00:00
BRA_444936,Brasília,5300108,,Marechal,361.1,https://moovitapp.com/index/pt-br/transporte_p%C3%BAblico-line-361_1-Brasilia-1702-851940-363861-0,-1.0,-15.850043,-48.112767,47.0,,,2,2023-06-16T23:43:09+00:00
BRA_445088,Brasília,5300108,,São José,350.1,https://moovitapp.com/index/pt-br/transporte_p%C3%BAblico-line-350_1-Brasilia-1702-851943-2068450-0,-1.0,-15.83706,-48.092447,0.0,,,2,2023-06-16T23:43:09+00:00
BRA_445100,Brasília,5300108,,São José,333.6,https://moovitapp.com/index/pt-br/transporte_p%C3%BAblico-line-333_6-Brasilia-1702-851943-2068452-0,-1.0,-15.806163,-48.156847,25.0,,,2,2023-06-16T23:43:09+00:00
BRA_445029,Brasília,5300108,,São José,359.2,https://moovitapp.com/index/pt-br/transporte_p%C3%BAblico-line-359_2-Brasilia-1702-851943-2068453-0,-1.0,-15.839057,-48.12924,0.0,,,2,2023-06-16T23:43:09+00:00
BRA_445061,Brasília,5300108,,Marechal,0.361,https://moovitapp.com/index/pt-br/transporte_p%C3%BAblico-line-0_361-Brasilia-1702-851940-376158-0,-1.0,-15.83643,-48.065197,47.0,,,2,2023-06-16T23:43:09+00:00
BRA_445037,Brasília,5300108,,Marechal,933.6,https://moovitapp.com/index/pt-br/transporte_p%C3%BAblico-line-933_6-Brasilia-1702-851940-3494672-0,-1.0,-15.81956,-48.108503,28.0,,,2,2023-06-16T23:43:09+00:00
BRA_444758,Brasília,5300108,,Marechal,0.089,https://moovitapp.com/index/pt-br/transporte_p%C3%BAblico-line-0_089-Brasilia-1702-851940-706977-0,-1.0,-15.845503,-47.92629,49.0,,,2,2023-06-16T23:00:02+00:00
BRA_444961,Brasília,5300108,,Urbi,0.347,https://moovitapp.com/index/pt-br/transporte_p%C3%BAblico-line-0_347-Brasilia-1702-851595-347128-0,-1.0,-15.86926,-47.96645,5.0,,,2,2023-06-16T23:31:23+00:00
BRA_444821,Brasília,5300108,,Marechal,0.942,https://moovitapp.com/index/pt-br/transporte_p%C3%BAblico-line-0_942-Brasilia-1702-851940-347158-0,-1.0,-15.800497,-48.0593,46.0,,,2,2023-06-16T23:43:09+00:00
BRA_444766,Brasília,5300108,,Marechal,0.383,https://moovitapp.com/index/pt-br/transporte_p%C3%BAblico-line-0_383-Brasilia-1702-851940-347151-0,-1.0,-15.794183,-48.054457,52.0,,,2,2023-06-16T23:43:09+00:00
BRA_440817,Brasília,5300108,,São José,157.8,https://moovitapp.com/index/pt-br/transporte_p%C3%BAblico-line-157_8-Brasilia-1702-851943-759503-0,-1.0,-15.82519,-47.979243,18.0,,,2,2023-06-16T23:43:09+00:00
BRA_441651,Brasília,5300108,,Urbi,0.347,https://moovitapp.com/index/pt-br/transporte_p%C3%BAblico-line-0_347-Brasilia-1702-851595-347128-0,-1.0,-15.840627,-48.12682,0.0,,,2,2023-06-16T23:43:04+00:00
BRA_441406,Brasília,5300108,,Marechal,0.089,https://moovitapp.com/index/pt-br/transporte_p%C3%BAblico-line-0_089-Brasilia-1702-851940-706977-0,-1.0,-15.884163,-48.149803,0.0,,,2,2023-06-16T23:43:04+00:00
BRA_443611,Brasília,5300108,,Marechal,355.2,https://moovitapp.com/index/pt-br/transporte_p%C3%BAblico-line-355_2-Brasilia-1702-851940-510251-0,-1.0,-15.869723,-48.03729,0.0,,,2,2023-06-16T23:43:09+00:00
BRA_443255,Brasília,5300108,,Marechal,0.942,https://moovitapp.com/index/pt-br/transporte_p%C3%BAblico-line-0_942-Brasilia-1702-851940-347158-0,-1.0,-15.790887,-48.03956,44.0,,,2,2023-06-16T23:43:04+00:00
BRA_440884,Brasília,5300108,,Marechal,0.205,https://moovitapp.com/index/pt-br/transporte_p%C3%BAblico-line-0_205-Brasilia-1702-851940-463646-0,-1.0,-15.86961,-48.03835,0.0,,,2,2023-06-16T23:43:04+00:00
BRA_440302,Brasília,5300108,,Urbi,0.872,https://moovitapp.com/index/pt-br/transporte_p%C3%BAblico-line-0_872-Brasilia-1702-851595-466291-0,-1.0,-15.848737,-48.047887,43.0,,,2,2023-06-16T23:43:09+00:00
BRA_440914,Brasília,5300108,,Marechal,162.2,https://moovitapp.com/index/pt-br/transporte_p%C3%BAblico-line-162_2-Brasilia-1702-851940-312446-0,-1.0,-15.800573,-47.864873,51.0,,,2,2023-06-16T23:43:04+00:00
BRA_443816,Brasília,5300108,,Marechal,959.1,https://moovitapp.com/index/pt-br/transporte_p%C3%BAblico-line-959_1-Brasilia-1702-851940-789939-0,-1.0,-15.817033,-48.062837,0.0,,,2,2023-06-16T23:43:09+00:00
BRA_444901,Brasília,5300108,,Urbi,0.898,https://moovitapp.com/index/pt-br/transporte_p%C3%BAblico-line-0_898-Brasilia-1702-851595-322394-0,-1.0,-15.890117,-48.05179,9.0,,,2,2023-06-16T23:43:09+00:00
BRA_441643,Brasília,5300108,,Urbi,056.2,https://moovitapp.com/index/pt-br/transporte_p%C3%BAblico-line-056_2-Brasilia-1702-851595-492982-0,-1.0,-15.88368,-48.14986,0.0,,,2,2023-06-16T23:43:04+00:00
BRA_443638,Brasília,5300108,,Marechal,351.3,https://moovitapp.com/index/pt-br/transporte_p%C3%BAblico-line-351_3-Brasilia-1702-851940-510249-0,-1.0,-15.86756,-48.02323,22.0,,,2,2023-06-16T23:43:09+00:00
BRA_442518,Brasília,5300108,,Urbi,056.2,https://moovitapp.com/index/pt-br/transporte_p%C3%BAblico-line-056_2-Brasilia-1702-851595-492982-0,-1.0,-15.840277,-48.1296,0.0,,,2,2023-06-16T23:43:04+00:00
BRA_441490,Brasília,5300108,,Marechal,0.383,https://moovitapp.com/index/pt-br/transporte_p%C3%BAblico-line-0_383-Brasilia-1702-851940-347151-0,-1.0,-15.84102,-48.126073,30.0,,,2,2023-06-16T23:43:09+00:00
BRA_443808,Brasília,5300108,,Marechal,0.951,https://moovitapp.com/index/pt-br/transporte_p%C3%BAblico-line-0_951-Brasilia-1702-851940-783578-0,-1.0,-15.866633,-48.03807,17.0,,,2,2023-06-16T23:43:09+00:00
BRA_445169,Brasília,5300108,,Marechal,0.305,https://moovitapp.com/index/pt-br/transporte_p%C3%BAblico-line-0_305-Brasilia-1702-851940-775108-0,-1.0,-15.831153,-48.050777,34.0,,,2,2023-06-16T23:43:09+00:00
BRA_441341,Brasília,5300108,,Marechal,260.3,https://moovitapp.com/index/pt-br/transporte_p%C3%BAblico-line-260_3-Brasilia-1702-851940-393566-0,-1.0,-15.873013,-48.089297,41.0,,,2,2023-06-16T23:42:22+00:00
BRA_228800,Brasília,5300108,,Pioneira,2307,https://moovitapp.com/index/pt-br/transporte_p%C3%BAblico-line-2307-Brasilia-1702-851941-18556638-0,-1.0,-15.788404,-47.905329,,,,1,2023-06-16T23:42:34+00:00
BRA_228656,Brasília,5300108,,Pioneira,3312,https://moovitapp.com/index/pt-br/transporte_p%C3%BAblico-line-3312-Brasilia-1702-851941-616181-0,-1.0,-16.021216,-48.024471,,,,2,2023-06-16T23:43:38+00:00
BRA_229229,Brasília,5300108,,Pioneira,251.7,https://moovitapp.com/index/pt-br/transporte_p%C3%BAblico-line-251_7-Brasilia-1702-851941-651524-0,-1.0,-16.049362,-48.030975,,,,1,2023-06-16T23:42:28+00:00
BRA_230189,Brasília,5300108,,Pioneira,3308,https://moovitapp.com/index/pt-br/transporte_p%C3%BAblico-line-3308-Brasilia-1702-851941-577772-0,-1.0,-16.041482,-47.964375,,,,1,2023-06-16T23:43:06+00:00
BRA_227676,Brasília,5300108,,Pioneira,147.5,https://moovitapp.com/index/pt-br/transporte_p%C3%BAblico-line-147_5-Brasilia-1702-851941-519406-0,-1.0,-15.827737,-47.827637,,,,2,2023-06-16T23:43:08+00:00
BRA_223930,Brasília,5300108,,Pioneira,2307,https://moovitapp.com/index/pt-br/transporte_p%C3%BAblico-line-2307-Brasilia-1702-851941-18556638-0,-1.0,-15.953064,-47.994345,,,,1,2023-06-14T10:16:34+00:00
BRA_223654,Brasília,5300108,,Pioneira,2208,https://moovitapp.com/index/pt-br/transporte_p%C3%BAblico-line-2208-Brasilia-1702-851941-18556642-0,-1.0,-15.880427,-47.95993,,,,2,2023-06-16T23:42:30+00:00
BRA_228681,Brasília,5300108,,Pioneira,180.2,https://moovitapp.com/index/pt-br/transporte_p%C3%BAblico-line-180_2-Brasilia-1702-851941-514539-0,-1.0,-15.869611,-47.821902,,,,1,2023-06-16T23:43:04+00:00
BRA_229768,Brasília,5300108,,Pioneira,0.762,https://moovitapp.com/index/pt-br/transporte_p%C3%BAblico-line-0_762-Brasilia-1702-851941-576189-0,-1.0,-15.75551,-47.770232,,,,2,2023-06-16T23:42:08+00:00
BRA_231321,Brasília,5300108,,Taguatur,3304,https://moovitapp.com/index/pt-br/transporte_p%C3%BAblico-line-3304-Brasilia-1702-854428-21462346-0,-1.0,-16.002406,-47.987422,,,,1,2023-06-16T23:42:58+00:00
BRA_232165,Brasília,5300108,,Taguatur,3305,https://moovitapp.com/index/pt-br/transporte_p%C3%BAblico-line-3305-Brasilia-1702-854428-77810673-0,-1.0,-16.029144,-47.978934,,,,1,2023-06-16T23:43:12+00:00
BRA_229954,Brasília,5300108,,,3201,,,-16.035639,-48.05984,,,,1,2023-06-16T23:42:44+00:00
BRA_228265,Brasília,5300108,,,3206,,,-16.024055,-48.078475,,,,1,2023-06-16T23:43:36+00:00
BRA_226599,Brasília,5300108,,Pioneira,759.1,https://moovitapp.com/index/pt-br/transporte_p%C3%BAblico-line-759_1-Brasilia-1702-851941-616183-0,-1.0,-15.750267,-47.814419,,,,1,2023-06-16T23:42:44+00:00
BRA_226874,Brasília,5300108,,Pioneira,764.2,https://moovitapp.com/index/pt-br/transporte_p%C3%BAblico-line-764_2-Brasilia-1702-851941-527246-0,-1.0,-15.83471,-47.817636,,,,1,2023-06-16T23:42:26+00:00
BRA_231444,Brasília,5300108,,Pioneira,183.8,https://moovitapp.com/index/pt-br/transporte_p%C3%BAblico-line-183_8-Brasilia-1702-851941-719958-0,-1.0,-15.923816,-47.775693,,,,1,2023-06-16T23:42:14+00:00
BRA_231541,Brasília,5300108,,Pioneira,0.018,https://moovitapp.com/index/pt-br/transporte_p%C3%BAblico-line-0_018-Brasilia-1702-851941-75742713-0,-1.0,-15.735892,-47.907097,,,,2,2023-06-16T23:43:10+00:00
BRA_230120,Brasília,5300108,,Pioneira,3316,https://moovitapp.com/index/pt-br/transporte_p%C3%BAblico-line-3316-Brasilia-1702-851941-59965195-0,-1.0,-16.04475,-48.028687,,,,1,2023-06-16T23:42:26+00:00
BRA_232297,Brasília,5300108,,Pioneira,3312,https://moovitapp.com/index/pt-br/transporte_p%C3%BAblico-line-3312-Brasilia-1702-851941-616181-0,-1.0,-16.044076,-48.02821,,,,2,2023-06-16T23:43:06+00:00
BRA_229032,Brasília,5300108,,Pioneira,271.3,https://moovitapp.com/index/pt-br/transporte_p%C3%BAblico-line-271_3-Brasilia-1702-851941-669626-0,-1.0,-16.017544,-47.990963,,,,1,2023-06-16T23:42:30+00:00
BRA_227331,Brasília,5300108,,Pioneira,147.4,https://moovitapp.com/index/pt-br/transporte_p%C3%BAblico-line-147_4-Brasilia-1702-851941-574204-0,-1.0,-15.91218,-47.752112,,,,1,2023-06-16T23:43:02+00:00
BRA_229253,Brasília,5300108,,Pioneira,759.1,https://moovitapp.com/index/pt-br/transporte_p%C3%BAblico-line-759_1-Brasilia-1702-851941-616183-0,-1.0,-15.752064,-47.894604,,,,2,2023-06-16T23:42:44+00:00
BRA_232629,Brasília,5300108,,Pioneira,2208,https://moovitapp.com/index/pt-br/transporte_p%C3%BAblico-line-2208-Brasilia-1702-851941-18556642-0,-1.0,-15.788282,-47.905552,,,,1,2023-06-16T23:43:34+00:00
BRA_225941,Brasília,5300108,,UTB,2303,https://moovitapp.com/index/pt-br/transporte_p%C3%BAblico-line-2303-Brasilia-1702-854427-744299-0,-1.0,-15.937449,-47.984987,,,,1,2023-06-16T23:42:42+00:00
BRA_231754,Brasília,5300108,,Pioneira,784.3,https://moovitapp.com/index/pt-br/transporte_p%C3%BAblico-line-784_3-Brasilia-1702-851941-46904557-0,-1.0,-15.739368,-47.761356,,,,1,2023-06-16T23:43:22+00:00
BRA_227820,Brasília,5300108,,Pioneira,180.1,https://moovitapp.com/index/pt-br/transporte_p%C3%BAblico-line-180_1-Brasilia-1702-851941-339336-0,-1.0,-15.885901,-47.821851,,,,2,2023-06-16T23:42:30+00:00
BRA_227714,Brasília,5300108,,Pioneira,205.1,https://moovitapp.com/index/pt-br/transporte_p%C3%BAblico-line-205_1-Brasilia-1702-851941-393571-0,-1.0,-15.831046,-48.050805,,,,2,2023-06-16T23:43:00+00:00
BRA_228648,Brasília,5300108,,Pioneira,2306,https://moovitapp.com/index/pt-br/transporte_p%C3%BAblico-line-2306-Brasilia-1702-851941-18556641-0,-1.0,-15.937161,-47.984936,,,,2,2023-06-16T23:43:22+00:00
BRA_228303,Brasília,5300108,,,3206,,,-15.992335,-48.049934,,,,1,2023-06-16T23:38:34+00:00
BRA_232432,Brasília,5300108,,Pioneira,3315,https://moovitapp.com/index/pt-br/transporte_p%C3%BAblico-line-3315-Brasilia-1702-851941-645997-0,-1.0,-16.029278,-47.984879,,,,1,2023-06-16T23:41:54+00:00
BRA_227382,Brasília,5300108,,Pioneira,180.3,https://moovitapp.com/index/pt-br/transporte_p%C3%BAblico-line-180_3-Brasilia-1702-851941-546212-0,-1.0,-15.831726,-47.825577,,,,2,2023-06-16T23:43:08+00:00
BRA_232220,Brasília,5300108,,Pioneira,205.1,https://moovitapp.com/index/pt-br/transporte_p%C3%BAblico-line-205_1-Brasilia-1702-851941-393571-0,-1.0,-16.021903,-48.069485,,,,2,2023-06-16T23:43:18+00:00
BRA_223816,Brasília,5300108,,Pioneira,2206,https://moovitapp.com/index/pt-br/transporte_p%C3%BAblico-line-2206-Brasilia-1702-851941-18556637-0,-1.0,-15.84061,-47.931091,,,,2,2023-06-16T23:42:42+00:00
BRA_229563,Brasília,5300108,,Pioneira,197.3,https://moovitapp.com/index/pt-br/transporte_p%C3%BAblico-line-197_3-Brasilia-1702-851941-519409-0,-1.0,-15.913304,-47.757084,,,,2,2023-06-16T23:44:04+00:00
BRA_226963,Brasília,5300108,,Pioneira,2208,https://moovitapp.com/index/pt-br/transporte_p%C3%BAblico-line-2208-Brasilia-1702-851941-18556642-0,-1.0,-15.889576,-47.961107,,,,1,2023-06-16T23:43:14+00:00
BRA_227765,Brasília,5300108,,Pioneira,2206,https://moovitapp.com/index/pt-br/transporte_p%C3%BAblico-line-2206-Brasilia-1702-851941-18556637-0,-1.0,-15.992441,-48.050424,,,,2,2023-06-16T23:43:04+00:00
BRA_228877,Brasília,5300108,,Taguatur,3302,https://moovitapp.com/index/pt-br/transporte_p%C3%BAblico-line-3302-Brasilia-1702-854428-3135322-0,-1.0,-16.024455,-48.029221,,,,1,2023-06-16T23:43:02+00:00
BRA_232556,Brasília,5300108,,Pioneira,2306,https://moovitapp.com/index/pt-br/transporte_p%C3%BAblico-line-2306-Brasilia-1702-851941-18556641-0,-1.0,-15.839308,-47.93064,,,,2,2023-06-16T23:42:24+00:00
BRA_229393,Brasília,5300108,,Pioneira,0.255,https://moovitapp.com/index/pt-br/transporte_p%C3%BAblico-line-0_255-Brasilia-1702-851941-706978-0,-1.0,-15.811912,-48.064551,,,,2,2023-06-16T23:43:36+00:00
BRA_230014,Brasília,5300108,,Pioneira,207.2,https://moovitapp.com/index/pt-br/transporte_p%C3%BAblico-line-207_2-Brasilia-1702-851941-137149862-0,-1.0,-16.015608,-48.11198,,,,1,2023-06-16T23:43:42+00:00
BRA_229741,Brasília,5300108,,Pioneira,0.765,https://moovitapp.com/index/pt-br/transporte_p%C3%BAblico-line-0_765-Brasilia-1702-851941-576190-0,-1.0,-15.749477,-47.762615,,,,1,2023-06-16T23:43:30+00:00
BRA_231533,Brasília,5300108,,Pioneira,0.030,https://moovitapp.com/index/pt-br/transporte_p%C3%BAblico-line-0_030-Brasilia-1702-851941-775118-0,-1.0,-15.827456,-47.926755,,,,1,2023-06-16T23:43:18+00:00
BRA_227072,Brasília,5300108,,Pioneira,197.3,https://moovitapp.com/index/pt-br/transporte_p%C3%BAblico-line-197_3-Brasilia-1702-851941-519409-0,-1.0,-15.861591,-47.825977,,,,2,2023-06-16T23:43:08+00:00
BRA_226360,Brasília,5300108,,Pioneira,2205,https://moovitapp.com/index/pt-br/transporte_p%C3%BAblico-line-2205-Brasilia-1702-851941-393568-0,-1.0,-15.884789,-47.960414,,,,2,2023-06-16T23:42:42+00:00
BRA_226432,Brasília,5300108,,Pioneira,761.1,https://moovitapp.com/index/pt-br/transporte_p%C3%BAblico-line-761_1-Brasilia-1702-851941-620161-0,-1.0,-15.771003,-47.779521,,,,2,2023-06-16T23:43:22+00:00
BRA_228567,Brasília,5300108,,UTB,2302,https://moovitapp.com/index/pt-br/transporte_p%C3%BAblico-line-2302-Brasilia-1702-854427-744298-0,-1.0,-15.845156,-47.931492,,,,2,2023-06-16T23:43:42+00:00
BRA_231932,Brasília,5300108,,Pioneira,180.1,https://moovitapp.com/index/pt-br/transporte_p%C3%BAblico-line-180_1-Brasilia-1702-851941-339336-0,-1.0,-15.904536,-47.754585,,,,1,2023-06-16T23:43:10+00:00
BRA_232475,Brasília,5300108,,Pioneira,3314,https://moovitapp.com/index/pt-br/transporte_p%C3%BAblico-line-3314-Brasilia-1702-851941-645996-0,-1.0,-16.027059,-48.031592,,,,1,2023-06-16T23:42:32+00:00
BRA_228834,Brasília,5300108,,Pioneira,0.255,https://moovitapp.com/index/pt-br/transporte_p%C3%BAblico-line-0_255-Brasilia-1702-851941-706978-0,-1.0,-15.982029,-47.988852,,,,2,2023-06-16T23:43:48+00:00
BRA_231843,Brasília,5300108,,Pioneira,197.3,https://moovitapp.com/index/pt-br/transporte_p%C3%BAblico-line-197_3-Brasilia-1702-851941-519409-0,-1.0,-15.913019,-47.757758,,,,2,2023-06-16T23:43:20+00:00
BRA_231631,Brasília,5300108,,Pioneira,0.762,https://moovitapp.com/index/pt-br/transporte_p%C3%BAblico-line-0_762-Brasilia-1702-851941-576189-0,-1.0,-15.736016,-47.765285,,,,1,2023-06-15T08:20:24+00:00
BRA_227609,Brasília,5300108,,Pioneira,2205,https://moovitapp.com/index/pt-br/transporte_p%C3%BAblico-line-2205-Brasilia-1702-851941-393568-0,-1.0,-15.849749,-47.931924,,,,1,2023-06-16T23:43:16+00:00
BRA_226467,Brasília,5300108,,Pioneira,510.1,https://moovitapp.com/index/pt-br/transporte_p%C3%BAblico-line-510_1-Brasilia-1702-851941-770035-0,-1.0,-15.780001,-47.705872,,,,1,2023-06-16T23:42:38+00:00
BRA_229491,Brasília,5300108,,Pioneira,0.510,https://moovitapp.com/index/pt-br/transporte_p%C3%BAblico-line-0_510-Brasilia-1702-851941-16483906-0,-1.0,-15.760148,-47.780837,,,,1,2023-06-16T23:43:28+00:00
BRA_226092,Brasília,5300108,,UTB,2303,https://moovitapp.com/index/pt-br/transporte_p%C3%BAblico-line-2303-Brasilia-1702-854427-744299-0,-1.0,-15.807964,-47.900472,,,,1,2023-06-16T23:43:32+00:00
BRA_232203,Brasília,5300108,,Pioneira,124.6,https://moovitapp.com/index/pt-br/transporte_p%C3%BAblico-line-124_6-Brasilia-1702-851941-425282-0,-1.0,-15.84517,-47.953744,,,,1,2023-06-16T23:42:50+00:00
BRA_228281,Brasília,5300108,,,3202,,,-16.006501,-48.045897,,,,1,2023-06-16T23:42:18+00:00
BRA_228389,Brasília,5300108,,Pioneira,0.255,https://moovitapp.com/index/pt-br/transporte_p%C3%BAblico-line-0_255-Brasilia-1702-851941-706978-0,-1.0,-16.004387,-47.992095,,,,2,2023-06-16T23:43:04+00:00
BRA_229482,Brasília,5300108,,Pioneira,180.0,https://moovitapp.com/index/pt-br/transporte_p%C3%BAblico-line-180_0-Brasilia-1702-851941-77097780-0,-1.0,-15.913129,-47.756842,,,,2,2023-06-16T18:25:48+00:00
BRA_227838,Brasília,5300108,,Pioneira,180.2,https://moovitapp.com/index/pt-br/transporte_p%C3%BAblico-line-180_2-Brasilia-1702-851941-514539-0,-1.0,-15.888917,-47.815779,,,,1,2023-06-16T23:42:32+00:00
BRA_228915,Brasília,5300108,,Pioneira,251.7,https://moovitapp.com/index/pt-br/transporte_p%C3%BAblico-line-251_7-Brasilia-1702-851941-651524-0,-1.0,-16.006943,-48.001984,,,,1,2023-06-16T23:43:14+00:00
BRA_230049,Brasília,5300108,,Taguatur,3305,https://moovitapp.com/index/pt-br/transporte_p%C3%BAblico-line-3305-Brasilia-1702-854428-77810673-0,-1.0,-16.005738,-47.986818,,,,1,2023-06-16T23:42:32+00:00
BRA_232602,Brasília,5300108,,UTB,2302,https://moovitapp.com/index/pt-br/transporte_p%C3%BAblico-line-2302-Brasilia-1702-854427-744298-0,-1.0,-15.829593,-47.916951,,,,1,2023-06-16T23:43:10+00:00
BRA_226262,Brasília,5300108,,Taguatur,2301,https://moovitapp.com/index/pt-br/transporte_p%C3%BAblico-line-2301-Brasilia-1702-854428-81537943-0,-1.0,-16.016216,-48.017503,,,,1,2023-06-16T23:43:00+00:00
BRA_228192,Brasília,5300108,,,3206,,,-16.014238,-48.056839,,,,1,2023-06-16T23:43:04+00:00
BRA_226556,Brasília,5300108,,Pioneira,0.102,https://moovitapp.com/index/pt-br/transporte_p%C3%BAblico-line-0_102-Brasilia-1702-851941-775119-0,-1.0,-15.856663,-47.918217,,,,1,2023-06-16T23:43:30+00:00
BRA_226424,Brasília,5300108,,Pioneira,0.765,https://moovitapp.com/index/pt-br/transporte_p%C3%BAblico-line-0_765-Brasilia-1702-851941-576190-0,-1.0,-15.834913,-47.825666,,,,2,2023-06-16T23:42:40+00:00
BRA_230057,Brasília,5300108,,Taguatur,3305,https://moovitapp.com/index/pt-br/transporte_p%C3%BAblico-line-3305-Brasilia-1702-854428-77810673-0,-1.0,-16.032635,-48.057252,,,,1,2023-06-16T23:43:24+00:00
BRA_230065,Brasília,5300108,,Taguatur,3302,https://moovitapp.com/index/pt-br/transporte_p%C3%BAblico-line-3302-Brasilia-1702-854428-3135322-0,-1.0,-16.022974,-48.026811,,,,1,2023-06-16T23:43:12+00:00
BRA_223743,Brasília,5300108,,Pioneira,2307,https://moovitapp.com/index/pt-br/transporte_p%C3%BAblico-line-2307-Brasilia-1702-851941-18556638-0,-1.0,-15.788403,-47.905457,,,,1,2023-06-16T23:43:02+00:00
BRA_226025,Brasília,5300108,,UTB,2302,https://moovitapp.com/index/pt-br/transporte_p%C3%BAblico-line-2302-Brasilia-1702-854427-744298-0,-1.0,-15.998758,-47.984968,,,,2,2023-06-16T23:43:26+00:00
BRA_228885,Brasília,5300108,,Pioneira,2307,https://moovitapp.com/index/pt-br/transporte_p%C3%BAblico-line-2307-Brasilia-1702-851941-18556638-0,-1.0,-15.807885,-47.932382,,,,2,2023-06-16T23:42:38+00:00
BRA_229008,Brasília,5300108,,Pioneira,255.2,https://moovitapp.com/index/pt-br/transporte_p%C3%BAblico-line-255_2-Brasilia-1702-851941-312453-0,-1.0,-16.016642,-48.012232,,,,1,2023-06-16T23:42:24+00:00
BRA_229849,Brasília,5300108,,Pioneira,147.2,https://moovitapp.com/index/pt-br/transporte_p%C3%BAblico-line-147_2-Brasilia-1702-851941-519403-0,-1.0,-15.885345,-47.820891,,,,2,2023-06-16T23:42:54+00:00
BRA_228575,Brasília,5300108,,Pioneira,0.253,https://moovitapp.com/index/pt-br/transporte_p%C3%BAblico-line-0_253-Brasilia-1702-851941-510254-0,-1.0,-15.814605,-48.099678,,,,1,2023-06-16T23:43:36+00:00
BRA_232084,Brasília,5300108,,Pioneira,0.147,https://moovitapp.com/index/pt-br/transporte_p%C3%BAblico-line-0_147-Brasilia-1702-851941-519401-0,-1.0,-15.900207,-47.779877,,,,2,2023-06-16T23:42:46+00:00
BRA_229652,Brasília,5300108,,Pioneira,0.763,https://moovitapp.com/index/pt-br/transporte_p%C3%BAblico-line-0_763-Brasilia-1702-851941-468878-0,-1.0,-15.793959,-47.78263,,,,1,2023-06-16T23:42:56+00:00
BRA_230031,Brasília,5300108,,,3207,,,-16.012293,-48.066884,,,,1,2023-06-16T23:43:16+00:00
BRA_226831,Brasília,5300108,,Pioneira,0.510,https://moovitapp.com/index/pt-br/transporte_p%C3%BAblico-line-0_510-Brasilia-1702-851941-16483906-0,-1.0,-15.76021,-47.780773,,,,1,2023-06-15T13:15:44+00:00
BRA_227480,Brasília,5300108,,,3201,,,-15.998349,-48.058562,,,,1,2023-06-15T21:20:48+00:00
BRA_227480,Brasília,5300108,,Taguatur,3305,https://moovitapp.com/index/pt-br/transporte_p%C3%BAblico-line-3305-Brasilia-1702-854428-77810673-0,-1.0,-16.03252,-48.057627,,,,1,2023-06-16T23:42:52+00:00
BRA_230103,Brasília,5300108,,Taguatur,3302,https://moovitapp.com/index/pt-br/transporte_p%C3%BAblico-line-3302-Brasilia-1702-854428-3135322-0,-1.0,-16.023947,-48.028566,,,,1,2023-06-16T23:43:12+00:00
BRA_228125,Brasília,5300108,,,3202,,,-16.037327,-48.056311,,,,1,2023-06-16T23:44:14+00:00
BRA_227099,Brasília,5300108,,Pioneira,0.195,https://moovitapp.com/index/pt-br/transporte_p%C3%BAblico-line-0_195-Brasilia-1702-851941-242845-0,-1.0,-15.912679,-47.757033,,,,1,2023-06-16T23:43:28+00:00
BRA_231703,Brasília,5300108,,Pioneira,102.1,https://moovitapp.com/index/pt-br/transporte_p%C3%BAblico-line-102_1-Brasilia-1702-851941-775125-0,-1.0,-15.835191,-47.914745,,,,1,2023-06-16T23:42:30+00:00
BRA_226343,Brasília,5300108,,Pioneira,2205,https://moovitapp.com/index/pt-br/transporte_p%C3%BAblico-line-2205-Brasilia-1702-851941-393568-0,-1.0,-15.803954,-47.896893,,,,2,2023-06-16T23:43:12+00:00
BRA_229512,Brasília,5300108,,,3204,,,-16.016797,-48.060361,,,,1,2023-06-16T23:42:48+00:00
BRA_229083,Brasília,5300108,,Pioneira,197.3,https://moovitapp.com/index/pt-br/transporte_p%C3%BAblico-line-197_3-Brasilia-1702-851941-519409-0,-1.0,-15.813435,-47.842667,,,,1,2023-06-16T23:43:28+00:00
BRA_231649,Brasília,5300108,,Pioneira,0.762,https://moovitapp.com/index/pt-br/transporte_p%C3%BAblico-line-0_762-Brasilia-1702-851941-576189-0,-1.0,-15.760482,-47.78125,,,,1,2023-06-16T23:42:40+00:00
BRA_232076,Brasília,5300108,,Pioneira,180.1,https://moovitapp.com/index/pt-br/transporte_p%C3%BAblico-line-180_1-Brasilia-1702-851941-339336-0,-1.0,-15.910699,-47.752373,,,,2,2023-06-16T23:42:52+00:00
BRA_232190,Brasília,5300108,,Pioneira,0.225,https://moovitapp.com/index/pt-br/transporte_p%C3%BAblico-line-0_225-Brasilia-1702-851941-510253-0,-1.0,-16.005026,-48.077871,,,,2,2023-06-16T23:43:26+00:00
BRA_226882,Brasília,5300108,,,2202,,,-15.954579,-48.007884,,,,2,2023-06-16T23:43:12+00:00
BRA_227862,Brasília,5300108,,Pioneira,3210,https://moovitapp.com/index/pt-br/transporte_p%C3%BAblico-line-3210-Brasilia-1702-851941-14518504-0,-1.0,-15.994747,-48.05476,,,,1,2023-06-16T23:43:34+00:00
BRA_228222,Brasília,5300108,,,3206,,,-16.03067,-48.067889,,,,1,2023-06-16T23:43:30+00:00
BRA_229938,Brasília,5300108,,,3202,,,-16.037467,-48.056407,,,,1,2023-06-16T23:42:46+00:00
BRA_231827,Brasília,5300108,,Pioneira,180.1,https://moovitapp.com/index/pt-br/transporte_p%C3%BAblico-line-180_1-Brasilia-1702-851941-339336-0,-1.0,-15.903999,-47.774721,,,,2,2023-06-16T23:42:48+00:00
BRA_231789,Brasília,5300108,,Pioneira,0.764,https://moovitapp.com/index/pt-br/transporte_p%C3%BAblico-line-0_764-Brasilia-1702-851941-516641-0,-1.0,-15.752454,-47.780226,,,,2,2023-06-16T21:57:20+00:00
BRA_228702,Brasília,5300108,,Taguatur,3302,https://moovitapp.com/index/pt-br/transporte_p%C3%BAblico-line-3302-Brasilia-1702-854428-3135322-0,-1.0,-16.006266,-48.000267,,,,1,2023-06-16T23:43:58+00:00
BRA_229873,Brasília,5300108,,Pioneira,147.5,https://moovitapp.com/index/pt-br/transporte_p%C3%BAblico-line-147_5-Brasilia-1702-851941-519406-0,-1.0,-15.749807,-47.895329,,,,1,2023-06-16T23:43:06+00:00
BRA_223956,Brasília,5300108,,Pioneira,2306,https://moovitapp.com/index/pt-br/transporte_p%C3%BAblico-line-2306-Brasilia-1702-851941-18556641-0,-1.0,-16.002604,-47.9869,,,,2,2023-06-16T23:42:12+00:00
BRA_229202,Brasília,5300108,,Pioneira,2309,https://moovitapp.com/index/pt-br/transporte_p%C3%BAblico-line-2309-Brasilia-1702-851941-57764376-0,-1.0,-15.959158,-47.993487,,,,2,2023-06-16T23:43:40+00:00
BRA_225568,Brasília,5300108,,UTB,2303,https://moovitapp.com/index/pt-br/transporte_p%C3%BAblico-line-2303-Brasilia-1702-854427-744299-0,-1.0,-15.984414,-47.987943,,,,2,2023-06-16T23:42:46+00:00
BRA_223697,Brasília,5300108,,,2202,,,-15.900071,-47.962785,,,,1,2023-06-16T23:44:22+00:00
BRA_227234,Brasília,5300108,,Pioneira,180.1,https://moovitapp.com/index/pt-br/transporte_p%C3%BAblico-line-180_1-Brasilia-1702-851941-339336-0,-1.0,-15.904199,-47.764949,,,,1,2023-06-16T23:43:08+00:00
BRA_229971,Brasília,5300108,,,3207,,,-16.016419,-48.065867,,,,1,2023-06-16T23:42:06+00:00
BRA_227587,Brasília,5300108,,Pioneira,147.5,https://moovitapp.com/index/pt-br/transporte_p%C3%BAblico-line-147_5-Brasilia-1702-851941-519406-0,-1.0,-15.734922,-47.901718,,,,1,2023-06-16T23:42:34+00:00
BRA_232491,Brasília,5300108,,Pioneira,0.253,https://moovitapp.com/index/pt-br/transporte_p%C3%BAblico-line-0_253-Brasilia-1702-851941-510254-0,-1.0,-15.927172,-48.046062,,,,2,2023-06-16T23:15:04+00:00
BRA_232068,Brasília,5300108,,Pioneira,180.2,https://moovitapp.com/index/pt-br/transporte_p%C3%BAblico-line-180_2-Brasilia-1702-851941-514539-0,-1.0,-15.869463,-47.82187,,,,1,2023-06-16T23:42:42+00:00
BRA_229920,Brasília,5300108,,,3204,,,-16.023568,-48.060717,,,,1,2023-06-16T23:43:16+00:00
BRA_225533,Brasília,5300108,,,2202,,,-15.80331,-47.886199,,,,1,2023-06-16T22:08:24+00:00
BRA_225959,Brasília,5300108,,UTB,2303,https://moovitapp.com/index/pt-br/transporte_p%C3%BAblico-line-2303-Brasilia-1702-854427-744299-0,-1.0,-15.79672,-47.891654,,,,1,2023-06-16T23:43:46+00:00
BRA_227111,Brasília,5300108,,Pioneira,170.6,https://moovitapp.com/index/pt-br/transporte_p%C3%BAblico-line-170_6-Brasilia-1702-851941-83224061-0,-1.0,-15.897535,-47.783742,,,,2,2023-06-16T23:43:00+00:00
BRA_228869,Brasília,5300108,,Taguatur,3303,https://moovitapp.com/index/pt-br/transporte_p%C3%BAblico-line-3303-Brasilia-1702-854428-2224148-0,-1.0,-16.040197,-48.027122,,,,1,2023-06-16T23:42:20+00:00
BRA_227404,Brasília,5300108,,Pioneira,147.2,https://moovitapp.com/index/pt-br/transporte_p%C3%BAblico-line-147_2-Brasilia-1702-851941-519403-0,-1.0,-15.889227,-47.802555,,,,1,2023-06-16T23:42:54+00:00
BRA_229059,Brasília,5300108,,Pioneira,3312,https://moovitapp.com/index/pt-br/transporte_p%C3%BAblico-line-3312-Brasilia-1702-851941-616181-0,-1.0,-16.046959,-48.028191,,,,2,2023-06-16T23:43:16+00:00
BRA_229989,Brasília,5300108,,,3207,,,-15.991909,-48.049477,,,,1,2023-06-16T23:42:48+00:00
BRA_228079,Brasília,5300108,,Pioneira,205.1,https://moovitapp.com/index/pt-br/transporte_p%C3%BAblico-line-205_1-Brasilia-1702-851941-393571-0,-1.0,-15.928349,-48.045497,,,,1,2023-06-16T23:43:30+00:00
BRA_229610,Brasília,5300108,,,3204,,,-16.024487,-48.058537,,,,1,2023-06-16T23:42:56+00:00
BRA_228044,Brasília,5300108,,Pioneira,0.181,https://moovitapp.com/index/pt-br/transporte_p%C3%BAblico-line-0_181-Brasilia-1702-851941-242838-0,-1.0,-15.785586,-47.777378,,,,1,2023-06-16T23:43:12+00:00
BRA_230201,Brasília,5300108,,Pioneira,0.255,https://moovitapp.com/index/pt-br/transporte_p%C3%BAblico-line-0_255-Brasilia-1702-851941-706978-0,-1.0,-15.922017,-48.047499,,,,1,2023-06-16T23:42:48+00:00
BRA_227056,Brasília,5300108,,Pioneira,780.1,https://moovitapp.com/index/pt-br/transporte_p%C3%BAblico-line-780_1-Brasilia-1702-851941-531040-0,-1.0,-15.824313,-47.805594,,,,2,2023-06-16T23:43:16+00:00
BRA_229261,Brasília,5300108,,Pioneira,0.255,https://moovitapp.com/index/pt-br/transporte_p%C3%BAblico-line-0_255-Brasilia-1702-851941-706978-0,-1.0,-15.875096,-48.035585,,,,1,2023-06-16T23:42:34+00:00
BRA_227595,Brasília,5300108,,Pioneira,181.1,https://moovitapp.com/index/pt-br/transporte_p%C3%BAblico-line-181_1-Brasilia-1702-851941-242915-0,-1.0,-15.89743,-47.787525,,,,2,2023-06-16T23:43:08+00:00
BRA_228591,Brasília,5300108,,Pioneira,251.8,https://moovitapp.com/index/pt-br/transporte_p%C3%BAblico-line-251_8-Brasilia-1702-851941-708654-0,-1.0,-16.004943,-47.995216,,,,1,2023-06-16T23:43:18+00:00
BRA_231355,Brasília,5300108,,Pioneira,183.8,https://moovitapp.com/index/pt-br/transporte_p%C3%BAblico-line-183_8-Brasilia-1702-851941-719958-0,-1.0,-15.911315,-47.767848,,,,1,2023-06-16T23:42:54+00:00
BRA_226611,Brasília,5300108,,Pioneira,0.765,https://moovitapp.com/index/pt-br/transporte_p%C3%BAblico-line-0_765-Brasilia-1702-851941-576190-0,-1.0,-15.809657,-47.902691,,,,2,2023-06-16T23:43:42+00:00
BRA_227030,Brasília,5300108,,Pioneira,764.2,https://moovitapp.com/index/pt-br/transporte_p%C3%BAblico-line-764_2-Brasilia-1702-851941-527246-0,-1.0,-15.794306,-47.882079,,,,2,2023-06-16T23:43:08+00:00
BRA_227439,Brasília,5300108,,Pioneira,183.2,https://moovitapp.com/index/pt-br/transporte_p%C3%BAblico-line-183_2-Brasilia-1702-851941-242920-0,-1.0,-15.910915,-47.754808,,,,1,2023-06-16T23:42:46+00:00
BRA_228061,Brasília,5300108,,Pioneira,0.181,https://moovitapp.com/index/pt-br/transporte_p%C3%BAblico-line-0_181-Brasilia-1702-851941-242838-0,-1.0,-15.834931,-47.834427,,,,2,2023-06-16T23:42:20+00:00
BRA_228001,Brasília,5300108,,UTB,2302,https://moovitapp.com/index/pt-br/transporte_p%C3%BAblico-line-2302-Brasilia-1702-854427-744298-0,-1.0,-15.820228,-47.949605,,,,1,2023-06-16T21:51:04+00:00
BRA_223719,Brasília,5300108,,Pioneira,2206,https://moovitapp.com/index/pt-br/transporte_p%C3%BAblico-line-2206-Brasilia-1702-851941-18556637-0,-1.0,-15.864304,-47.940774,,,,1,2023-06-16T23:42:44+00:00
BRA_230073,Brasília,5300108,,Taguatur,3302,https://moovitapp.com/index/pt-br/transporte_p%C3%BAblico-line-3302-Brasilia-1702-854428-3135322-0,-1.0,-16.0422,-48.025934,,,,1,2023-06-16T23:43:04+00:00
BRA_227790,Brasília,5300108,,,3207,,,-16.005678,-48.08166,,,,1,2023-06-16T23:42:24+00:00
BRA_229946,Brasília,5300108,,Pioneira,073.1,https://moovitapp.com/index/pt-br/transporte_p%C3%BAblico-line-073_1-Brasilia-1702-851941-775123-0,-1.0,-15.875222,-47.959021,,,,1,2023-06-16T23:43:14+00:00
BRA_230219,Brasília,5300108,,Taguatur,3303,https://moovitapp.com/index/pt-br/transporte_p%C3%BAblico-line-3303-Brasilia-1702-854428-2224148-0,-1.0,-16.048895,-48.03259,,,,1,2023-06-16T23:42:30+00:00
BRA_228907,Brasília,5300108,,Pioneira,0.253,https://moovitapp.com/index/pt-br/transporte_p%C3%BAblico-line-0_253-Brasilia-1702-851941-510254-0,-1.0,-15.975326,-48.011533,,,,2,2023-06-16T23:43:32+00:00
BRA_232301,Brasília,5300108,,Pioneira,073.1,https://moovitapp.com/index/pt-br/transporte_p%C3%BAblico-line-073_1-Brasilia-1702-851941-775123-0,-1.0,-15.875174,-47.956535,,,,1,2023-06-16T23:43:02+00:00
BRA_229369,Brasília,5300108,,Pioneira,2306,https://moovitapp.com/index/pt-br/transporte_p%C3%BAblico-line-2306-Brasilia-1702-851941-18556641-0,-1.0,-15.735455,-47.898361,,,,1,2023-06-16T23:42:44+00:00
BRA_226670,Brasília,5300108,,Pioneira,0.765,https://moovitapp.com/index/pt-br/transporte_p%C3%BAblico-line-0_765-Brasilia-1702-851941-576190-0,-1.0,-15.758298,-47.746187,,,,1,2023-06-16T23:43:40+00:00
BRA_226904,Brasília,5300108,,Pioneira,0.765,https://moovitapp.com/index/pt-br/transporte_p%C3%BAblico-line-0_765-Brasilia-1702-851941-576190-0,-1.0,-15.85187,-47.856349,,,,2,2023-06-16T23:42:34+00:00
BRA_228010,Brasília,5300108,,Marechal,206.1,https://moovitapp.com/index/pt-br/transporte_p%C3%BAblico-line-206_1-Brasilia-1702-851940-137149861-0,-1.0,-16.058419,-48.262171,,,,2,2023-06-16T23:43:02+00:00
BRA_228346,Brasília,5300108,,Pioneira,0.255,https://moovitapp.com/index/pt-br/transporte_p%C3%BAblico-line-0_255-Brasilia-1702-851941-706978-0,-1.0,-16.036068,-48.034237,,,,2,2023-06-16T23:43:08+00:00
BRA_231479,Brasília,5300108,,Pioneira,0.011,https://moovitapp.com/index/pt-br/transporte_p%C3%BAblico-line-0_011-Brasilia-1702-851941-775117-0,-1.0,-15.832081,-47.920417,,,,1,2023-06-16T23:14:50+00:00
BRA_231401,Brasília,5300108,,Pioneira,183.8,https://moovitapp.com/index/pt-br/transporte_p%C3%BAblico-line-183_8-Brasilia-1702-851941-719958-0,-1.0,-15.913035,-47.757046,,,,1,2023-06-16T23:42:30+00:00
BRA_228338,Brasília,5300108,,Pioneira,180.2,https://moovitapp.com/index/pt-br/transporte_p%C3%BAblico-line-180_2-Brasilia-1702-851941-514539-0,-1.0,-15.913366,-47.7569,,,,2,2023-06-16T23:42:24+00:00
BRA_232041,Brasília,5300108,,Pioneira,0.180,https://moovitapp.com/index/pt-br/transporte_p%C3%BAblico-line-0_180-Brasilia-1702-851941-496588-0,-1.0,-15.913281,-47.757192,,,,2,2023-06-16T23:43:20+00:00
BRA_229105,Brasília,5300108,,Pioneira,3312,https://moovitapp.com/index/pt-br/transporte_p%C3%BAblico-line-3312-Brasilia-1702-851941-616181-0,-1.0,-16.025368,-48.030829,,,,1,2023-06-16T23:42:58+00:00
BRA_223948,Brasília,5300108,,Pioneira,2307,https://moovitapp.com/index/pt-br/transporte_p%C3%BAblico-line-2307-Brasilia-1702-851941-18556638-0,-1.0,-15.879091,-47.959524,,,,1,2023-06-16T23:34:52+00:00
BRA_226742,Brasília,5300108,,Pioneira,0.781,https://moovitapp.com/index/pt-br/transporte_p%C3%BAblico-line-0_781-Brasilia-1702-851941-242889-0,-1.0,-15.742577,-47.76889,,,,1,2023-06-16T22:29:44+00:00
BRA_229458,Brasília,5300108,,Pioneira,181.2,https://moovitapp.com/index/pt-br/transporte_p%C3%BAblico-line-181_2-Brasilia-1702-851941-339338-0,-1.0,-15.838836,-47.883535,,,,1,2023-06-16T23:42:50+00:00
BRA_229806,Brasília,5300108,,Pioneira,147.2,https://moovitapp.com/index/pt-br/transporte_p%C3%BAblico-line-147_2-Brasilia-1702-851941-519403-0,-1.0,-15.906795,-47.754642,,,,2,2023-06-16T23:42:18+00:00
BRA_228923,Brasília,5300108,,Pioneira,073.2,https://moovitapp.com/index/pt-br/transporte_p%C3%BAblico-line-073_2-Brasilia-1702-851941-775124-0,-1.0,-15.868661,-47.922387,,,,1,2023-06-16T23:43:10+00:00
BRA_232122,Brasília,5300108,,Pioneira,180.1,https://moovitapp.com/index/pt-br/transporte_p%C3%BAblico-line-180_1-Brasilia-1702-851941-339336-0,-1.0,-15.904415,-47.75428,,,,2,2023-06-16T23:42:42+00:00
BRA_228478,Brasília,5300108,,,3207,,,-15.991764,-48.049229,,,,1,2023-06-16T23:42:34+00:00
BRA_226173,Brasília,5300108,,UTB,2302,https://moovitapp.com/index/pt-br/transporte_p%C3%BAblico-line-2302-Brasilia-1702-854427-744298-0,-1.0,-15.882374,-47.960172,,,,2,2023-06-16T23:42:58+00:00
BRA_226548,Brasília,5300108,,Pioneira,100.6,https://moovitapp.com/index/pt-br/transporte_p%C3%BAblico-line-100_6-Brasilia-1702-851941-767605-0,-1.0,-15.773182,-47.77954,,,,2,2023-06-16T23:42:18+00:00
BRA_227617,Brasília,5300108,,Pioneira,205.1,https://moovitapp.com/index/pt-br/transporte_p%C3%BAblico-line-205_1-Brasilia-1702-851941-393571-0,-1.0,-15.92906,-48.045274,,,,1,2023-06-16T23:43:02+00:00
BRA_231681,Brasília,5300108,,Pioneira,759.1,https://moovitapp.com/index/pt-br/transporte_p%C3%BAblico-line-759_1-Brasilia-1702-851941-616183-0,-1.0,-15.756388,-47.778166,,,,1,2023-06-16T23:42:36+00:00
BRA_228818,Brasília,5300108,,Pioneira,764.2,https://moovitapp.com/index/pt-br/transporte_p%C3%BAblico-line-764_2-Brasilia-1702-851941-527246-0,-1.0,-15.78016,-47.779514,,,,2,2023-06-16T23:42:28+00:00
BRA_232131,Brasília,5300108,,Pioneira,205.1,https://moovitapp.com/index/pt-br/transporte_p%C3%BAblico-line-205_1-Brasilia-1702-851941-393571-0,-1.0,-15.797009,-48.106366,,,,1,2023-06-16T23:39:08+00:00
BRA_223603,Brasília,5300108,,Pioneira,2307,https://moovitapp.com/index/pt-br/transporte_p%C3%BAblico-line-2307-Brasilia-1702-851941-18556638-0,-1.0,-15.878296,-47.959682,,,,2,2023-06-16T23:43:10+00:00
BRA_228354,Brasília,5300108,,Pioneira,0.253,https://moovitapp.com/index/pt-br/transporte_p%C3%BAblico-line-0_253-Brasilia-1702-851941-510254-0,-1.0,-15.792818,-48.126928,,,,2,2023-06-16T23:44:06+00:00
BRA_228826,Brasília,5300108,,Pioneira,147.3,https://moovitapp.com/index/pt-br/transporte_p%C3%BAblico-line-147_3-Brasilia-1702-851941-574203-0,-1.0,-15.80838,-47.882721,,,,2,2023-06-16T22:25:58+00:00
BRA_229318,Brasília,5300108,,Pioneira,100.2,https://moovitapp.com/index/pt-br/transporte_p%C3%BAblico-line-100_2-Brasilia-1702-851941-620160-0,-1.0,-15.760469,-47.781225,,,,2,2023-06-16T23:42:40+00:00
BRA_226921,Brasília,5300108,,Pioneira,101.8,https://moovitapp.com/index/pt-br/transporte_p%C3%BAblico-line-101_8-Brasilia-1702-851941-663231-0,-1.0,-15.755971,-47.771497,,,,1,2023-06-16T23:36:24+00:00
BRA_230197,Brasília,5300108,,Taguatur,3303,https://moovitapp.com/index/pt-br/transporte_p%C3%BAblico-line-3303-Brasilia-1702-854428-2224148-0,-1.0,-16.016066,-47.98465,,,,1,2023-06-16T23:42:58+00:00
BRA_226564,Brasília,5300108,,Pioneira,764.2,https://moovitapp.com/index/pt-br/transporte_p%C3%BAblico-line-764_2-Brasilia-1702-851941-527246-0,-1.0,-15.801476,-47.791925,,,,1,2023-06-16T23:43:32+00:00
BRA_232548,Brasília,5300108,,Pioneira,2306,https://moovitapp.com/index/pt-br/transporte_p%C3%BAblico-line-2306-Brasilia-1702-851941-18556641-0,-1.0,-15.737341,-47.898647,,,,1,2023-06-16T23:43:24+00:00
BRA_226751,Brasília,5300108,,Pioneira,764.2,https://moovitapp.com/index/pt-br/transporte_p%C3%BAblico-line-764_2-Brasilia-1702-851941-527246-0,-1.0,-15.797669,-47.867017,,,,1,2023-06-16T23:42:14+00:00
BRA_223808,Brasília,5300108,,Pioneira,2309,https://moovitapp.com/index/pt-br/transporte_p%C3%BAblico-line-2309-Brasilia-1702-851941-57764376-0,-1.0,-16.025148,-48.031026,,,,1,2023-06-16T23:36:10+00:00
BRA_228150,Brasília,5300108,,Pioneira,183.6,https://moovitapp.com/index/pt-br/transporte_p%C3%BAblico-line-183_6-Brasilia-1702-851941-242921-0,-1.0,-15.91262,-47.757726,,,,1,2023-06-16T23:43:04+00:00
BRA_229156,Brasília,5300108,,Pioneira,0.255,https://moovitapp.com/index/pt-br/transporte_p%C3%BAblico-line-0_255-Brasilia-1702-851941-706978-0,-1.0,-15.816607,-48.062987,,,,2,2023-06-16T23:42:22+00:00
BRA_227226,Brasília,5300108,,Pioneira,170.4,https://moovitapp.com/index/pt-br/transporte_p%C3%BAblico-line-170_4-Brasilia-1702-851941-379787-0,-1.0,-15.79422,-47.881882,,,,1,2023-06-16T23:42:34+00:00
BRA_229776,Brasília,5300108,,Pioneira,147.5,https://moovitapp.com/index/pt-br/transporte_p%C3%BAblico-line-147_5-Brasilia-1702-851941-519406-0,-1.0,-15.88493,-47.817382,,,,2,2023-06-16T22:09:34+00:00
BRA_231550,Brasília,5300108,,Pioneira,0.030,https://moovitapp.com/index/pt-br/transporte_p%C3%BAblico-line-0_030-Brasilia-1702-851941-775118-0,-1.0,-15.79246,-47.89063,,,,1,2023-06-16T23:43:00+00:00
BRA_231436,Brasília,5300108,,Pioneira,183.0,https://moovitapp.com/index/pt-br/transporte_p%C3%BAblico-line-183_0-Brasilia-1702-851941-26502248-0,-1.0,-15.914234,-47.760104,,,,1,2023-06-16T23:43:12+00:00
BRA_228575,Brasília,5300108,,Pioneira,0.255,https://moovitapp.com/index/pt-br/transporte_p%C3%BAblico-line-0_255-Brasilia-1702-851941-706978-0,-1.0,-16.015341,-48.015106,,,,1,2023-06-14T10:14:20+00:00
BRA_229709,Brasília,5300108,,Pioneira,147.5,https://moovitapp.com/index/pt-br/transporte_p%C3%BAblico-line-147_5-Brasilia-1702-851941-519406-0,-1.0,-15.825243,-47.828756,,,,2,2023-06-16T23:43:20+00:00
BRA_232211,Brasília,5300108,,Pioneira,205.1,https://moovitapp.com/index/pt-br/transporte_p%C3%BAblico-line-205_1-Brasilia-1702-851941-393571-0,-1.0,-15.840513,-48.046914,,,,2,2023-06-16T23:43:14+00:00
BRA_223930,Brasília,5300108,,Pioneira,2306,https://moovitapp.com/index/pt-br/transporte_p%C3%BAblico-line-2306-Brasilia-1702-851941-18556641-0,-1.0,-15.787808,-47.888392,,,,2,2023-06-16T23:43:08+00:00
BRA_223930,Brasília,5300108,,Pioneira,2306,https://moovitapp.com/index/pt-br/transporte_p%C3%BAblico-line-2306-Brasilia-1702-851941-18556641-0,-1.0,-15.795288,-47.883077,,,,1,2023-06-16T20:31:08+00:00
BRA_223930,Brasília,5300108,,Pioneira,2207,https://moovitapp.com/index/pt-br/transporte_p%C3%BAblico-line-2207-Brasilia-1702-851941-422078-0,-1.0,-15.763694,-47.890859,,,,1,2023-06-14T12:55:10+00:00
BRA_229504,Brasília,5300108,,Pioneira,0.780,https://moovitapp.com/index/pt-br/transporte_p%C3%BAblico-line-0_780-Brasilia-1702-851941-514537-0,-1.0,-15.796309,-47.87855,,,,2,2023-06-14T19:24:22+00:00
BRA_226572,Brasília,5300108,,Urbi,0.129,https://moovitapp.com/index/pt-br/transporte_p%C3%BAblico-line-0_129-Brasilia-1702-851595-775097-0,-1.0,-15.87431,-47.959441,,,,2,2023-06-16T23:43:10+00:00
BRA_226831,Brasília,5300108,,Urbi,0.129,https://moovitapp.com/index/pt-br/transporte_p%C3%BAblico-line-0_129-Brasilia-1702-851595-775097-0,-1.0,-15.871798,-47.958017,,,,1,2023-06-15T19:41:04+00:00
BRA_226831,Brasília,5300108,,Urbi,0.129,https://moovitapp.com/index/pt-br/transporte_p%C3%BAblico-line-0_129-Brasilia-1702-851595-775097-0,-1.0,-15.835247,-47.821139,,,,1,2023-06-16T23:43:30+00:00
BRA_228842,Brasília,5300108,,Pioneira,147.5,https://moovitapp.com/index/pt-br/transporte_p%C3%BAblico-line-147_5-Brasilia-1702-851941-519406-0,-1.0,-15.907472,-47.760822,,,,2,2023-06-16T23:43:10+00:00
BRA_226645,Brasília,5300108,,,2202,,,-15.793784,-47.882327,,,,1,2023-06-16T23:43:30+00:00
BRA_232637,Brasília,5300108,,Pioneira,2206,https://moovitapp.com/index/pt-br/transporte_p%C3%BAblico-line-2206-Brasilia-1702-851941-18556637-0,-1.0,-15.761434,-47.891577,,,,1,2023-06-16T23:43:10+00:00
BRA_228427,Brasília,5300108,,Taguatur,3305,https://moovitapp.com/index/pt-br/transporte_p%C3%BAblico-line-3305-Brasilia-1702-854428-77810673-0,-1.0,-16.03376,-48.055974,,,,1,2023-06-16T23:42:40+00:00
BRA_227811,Brasília,5300108,,Pioneira,180.1,https://moovitapp.com/index/pt-br/transporte_p%C3%BAblico-line-180_1-Brasilia-1702-851941-339336-0,-1.0,-15.794406,-47.881907,,,,1,2023-06-16T23:43:34+00:00
BRA_232092,Brasília,5300108,,Pioneira,181.2,https://moovitapp.com/index/pt-br/transporte_p%C3%BAblico-line-181_2-Brasilia-1702-851941-339338-0,-1.0,-15.830282,-47.877031,,,,1,2023-06-16T22:12:22+00:00
BRA_226033,Brasília,5300108,,UTB,2303,https://moovitapp.com/index/pt-br/transporte_p%C3%BAblico-line-2303-Brasilia-1702-854427-744299-0,-1.0,-15.820994,-47.918274,,,,2,2023-06-16T23:42:12+00:00
BRA_229130,Brasília,5300108,,Pioneira,0.102,https://moovitapp.com/index/pt-br/transporte_p%C3%BAblico-line-0_102-Brasilia-1702-851941-775119-0,-1.0,-15.798728,-47.892353,,,,1,2023-06-16T23:42:44+00:00
BRA_229750,Brasília,5300108,,Pioneira,780.1,https://moovitapp.com/index/pt-br/transporte_p%C3%BAblico-line-780_1-Brasilia-1702-851941-531040-0,-1.0,-15.801191,-47.788708,,,,1,2023-06-16T23:42:36+00:00
BRA_228362,Brasília,5300108,,Pioneira,255.1,https://moovitapp.com/index/pt-br/transporte_p%C3%BAblico-line-255_1-Brasilia-1702-851941-706982-0,-1.0,-15.813643,-48.064017,,,,2,2023-06-16T23:42:56+00:00
BRA_226378,Brasília,5300108,,Pioneira,2205,https://moovitapp.com/index/pt-br/transporte_p%C3%BAblico-line-2205-Brasilia-1702-851941-393568-0,-1.0,-15.992284,-48.049547,,,,2,2023-06-16T23:42:28+00:00
BRA_227684,Brasília,5300108,,,2202,,,-15.814872,-47.8992,,,,2,2023-06-16T23:42:46+00:00
BRA_228460,Brasília,5300108,,Pioneira,147.6,https://moovitapp.com/index/pt-br/transporte_p%C3%BAblico-line-147_6-Brasilia-1702-851941-516646-0,-1.0,-15.821892,-47.878372,,,,2,2023-06-16T23:42:18+00:00
BRA_223751,Brasília,5300108,,Pioneira,2306,https://moovitapp.com/index/pt-br/transporte_p%C3%BAblico-line-2306-Brasilia-1702-851941-18556641-0,-1.0,-15.814524,-47.897458,,,,1,2023-06-16T23:42:54+00:00
BRA_227994,Brasília,5300108,,Pioneira,180.0,https://moovitapp.com/index/pt-br/transporte_p%C3%BAblico-line-180_0-Brasilia-1702-851941-77097780-0,-1.0,-15.794374,-47.882028,,,,2,2023-06-16T23:42:42+00:00
BRA_228087,Brasília,5300108,,UTB,2302,https://moovitapp.com/index/pt-br/transporte_p%C3%BAblico-line-2302-Brasilia-1702-854427-744298-0,-1.0,-15.801967,-47.887127,,,,2,2023-06-16T23:43:48+00:00
BRA_227048,Brasília,5300108,,,2202,,,-15.868573,-47.944627,,,,2,2023-06-16T23:43:02+00:00
BRA_230006,Brasília,5300108,,,3204,,,-16.024198,-48.07103,,,,1,2023-06-16T23:43:26+00:00
BRA_232271,Brasília,5300108,,Pioneira,205.1,https://moovitapp.com/index/pt-br/transporte_p%C3%BAblico-line-205_1-Brasilia-1702-851941-393571-0,-1.0,-15.89348,-48.056896,,,,2,2023-06-16T23:44:04+00:00
BRA_229431,Brasília,5300108,,Pioneira,0.253,https://moovitapp.com/index/pt-br/transporte_p%C3%BAblico-line-0_253-Brasilia-1702-851941-510254-0,-1.0,-15.812414,-48.094636,,,,2,2023-06-16T23:43:38+00:00
BRA_226106,Brasília,5300108,,UTB,2302,https://moovitapp.com/index/pt-br/transporte_p%C3%BAblico-line-2302-Brasilia-1702-854427-744298-0,-1.0,-16.024424,-48.03259,,,,2,2023-06-16T23:43:32+00:00
BRA_228273,Brasília,5300108,,Pioneira,197.3,https://moovitapp.com/index/pt-br/transporte_p%C3%BAblico-line-197_3-Brasilia-1702-851941-519409-0,-1.0,-15.800249,-47.861785,,,,2,2023-06-16T23:43:06+00:00
BRA_226700,Brasília,5300108,,Pioneira,163.1,https://moovitapp.com/index/pt-br/transporte_p%C3%BAblico-line-163_1-Brasilia-1702-851941-242911-0,-1.0,-15.8448,-47.94106,,,,2,2023-06-16T00:12:20+00:00
BRA_229504,Brasília,5300108,,Pioneira,0.761,https://moovitapp.com/index/pt-br/transporte_p%C3%BAblico-line-0_761-Brasilia-1702-851941-605389-0,-1.0,-15.780029,-47.779667,,,,2,2023-06-16T23:43:36+00:00
BRA_232157,Brasília,5300108,,Pioneira,205.1,https://moovitapp.com/index/pt-br/transporte_p%C3%BAblico-line-205_1-Brasilia-1702-851941-393571-0,-1.0,-15.83423,-48.05928,,,,1,2023-06-16T23:43:08+00:00
BRA_229504,Brasília,5300108,,Pioneira,0.780,https://moovitapp.com/index/pt-br/transporte_p%C3%BAblico-line-0_780-Brasilia-1702-851941-514537-0,-1.0,-15.752327,-47.763899,,,,1,2023-06-15T20:32:26+00:00
BRA_232424,Brasília,5300108,,Taguatur,3306,https://moovitapp.com/index/pt-br/transporte_p%C3%BAblico-line-3306-Brasilia-1702-854428-755287-0,-1.0,-16.002569,-47.986436,,,,1,2023-06-16T23:43:06+00:00
BRA_228354,Brasília,5300108,,Pioneira,0.253,https://moovitapp.com/index/pt-br/transporte_p%C3%BAblico-line-0_253-Brasilia-1702-851941-510254-0,-1.0,-16.044734,-48.029316,,,,1,2023-06-16T21:49:36+00:00
BRA_229580,Brasília,5300108,,,3202,,,-16.005795,-48.047175,,,,1,2023-06-16T23:42:14+00:00
BRA_232173,Brasília,5300108,,Pioneira,124.6,https://moovitapp.com/index/pt-br/transporte_p%C3%BAblico-line-124_6-Brasilia-1702-851941-425282-0,-1.0,-15.858423,-47.955626,,,,1,2023-06-16T23:43:20+00:00
BRA_228117,Brasília,5300108,,,3207,,,-15.991683,-48.049121,,,,1,2023-06-16T23:43:18+00:00
BRA_229695,Brasília,5300108,,Urbi,0.129,https://moovitapp.com/index/pt-br/transporte_p%C3%BAblico-line-0_129-Brasilia-1702-851595-775097-0,-1.0,-15.751667,-47.77912,,,,1,2023-06-16T21:48:42+00:00
BRA_226866,Brasília,5300108,,Pioneira,183.6,https://moovitapp.com/index/pt-br/transporte_p%C3%BAblico-line-183_6-Brasilia-1702-851941-242921-0,-1.0,-15.897509,-47.788809,,,,1,2023-06-16T23:43:18+00:00
BRA_227706,Brasília,5300108,,Pioneira,147.2,https://moovitapp.com/index/pt-br/transporte_p%C3%BAblico-line-147_2-Brasilia-1702-851941-519403-0,-1.0,-15.905844,-47.754808,,,,2,2023-06-16T23:43:10+00:00
BRA_228711,Brasília,5300108,,Pioneira,0.253,https://moovitapp.com/index/pt-br/transporte_p%C3%BAblico-line-0_253-Brasilia-1702-851941-510254-0,-1.0,-16.04412,-48.034065,,,,1,2023-06-16T23:42:54+00:00
BRA_229334,Brasília,5300108,,Pioneira,181.2,https://moovitapp.com/index/pt-br/transporte_p%C3%BAblico-line-181_2-Brasilia-1702-851941-339338-0,-1.0,-15.901068,-47.778542,,,,1,2023-06-16T23:42:38+00:00
BRA_226726,Brasília,5300108,,Pioneira,2208,https://moovitapp.com/index/pt-br/transporte_p%C3%BAblico-line-2208-Brasilia-1702-851941-18556642-0,-1.0,-15.796375,-47.913181,,,,2,2023-06-16T23:43:14+00:00
BRA_232408,Brasília,5300108,,Pioneira,3312,https://moovitapp.com/index/pt-br/transporte_p%C3%BAblico-line-3312-Brasilia-1702-851941-616181-0,-1.0,-16.002136,-47.985998,,,,2,2023-06-16T23:43:16+00:00
BRA_232238,Brasília,5300108,,Pioneira,205.1,https://moovitapp.com/index/pt-br/transporte_p%C3%BAblico-line-205_1-Brasilia-1702-851941-393571-0,-1.0,-16.037136,-48.056419,,,,2,2023-06-16T23:43:22+00:00
BRA_231819,Brasília,5300108,,Pioneira,180.0,https://moovitapp.com/index/pt-br/transporte_p%C3%BAblico-line-180_0-Brasilia-1702-851941-77097780-0,-1.0,-15.913297,-47.757084,,,,1,2023-06-16T21:05:20+00:00
BRA_232289,Brasília,5300108,,Pioneira,205.1,https://moovitapp.com/index/pt-br/transporte_p%C3%BAblico-line-205_1-Brasilia-1702-851941-393571-0,-1.0,-16.008462,-48.07239,,,,2,2023-06-16T23:42:56+00:00
BRA_229377,Brasília,5300108,,Pioneira,0.101,https://moovitapp.com/index/pt-br/transporte_p%C3%BAblico-line-0_101-Brasilia-1702-851941-587082-0,-1.0,-15.767493,-47.779705,,,,2,2023-06-16T23:43:34+00:00
BRA_228893,Brasília,5300108,,Pioneira,3307,https://moovitapp.com/index/pt-br/transporte_p%C3%BAblico-line-3307-Brasilia-1702-851941-519400-0,-1.0,-16.018133,-47.98753,,,,1,2023-06-16T23:43:22+00:00
BRA_228451,Brasília,5300108,,Pioneira,100.2,https://moovitapp.com/index/pt-br/transporte_p%C3%BAblico-line-100_2-Brasilia-1702-851941-620160-0,-1.0,-15.8442,-47.891418,,,,2,2023-06-16T23:43:08+00:00
BRA_226661,Brasília,5300108,,Pioneira,759.1,https://moovitapp.com/index/pt-br/transporte_p%C3%BAblico-line-759_1-Brasilia-1702-851941-616183-0,-1.0,-15.753654,-47.89433,,,,1,2023-06-16T23:43:24+00:00
BRA_226475,Brasília,5300108,,Pioneira,759.1,https://moovitapp.com/index/pt-br/transporte_p%C3%BAblico-line-759_1-Brasilia-1702-851941-616183-0,-1.0,-15.761827,-47.810038,,,,2,2023-06-16T23:42:44+00:00
BRA_226785,Brasília,5300108,,Urbi,0.129,https://moovitapp.com/index/pt-br/transporte_p%C3%BAblico-line-0_129-Brasilia-1702-851595-775097-0,-1.0,-15.857808,-47.922941,,,,2,2023-06-15T10:14:04+00:00
BRA_228541,Brasília,5300108,,Pioneira,0.147,https://moovitapp.com/index/pt-br/transporte_p%C3%BAblico-line-0_147-Brasilia-1702-851941-519401-0,-1.0,-15.866655,-47.821063,,,,1,2023-06-16T23:42:56+00:00
BRA_229407,Brasília,5300108,,,3301,,,-16.008087,-47.986341,,,,1,2023-06-16T23:42:58+00:00
BRA_232106,Brasília,5300108,,Pioneira,180.0,https://moovitapp.com/index/pt-br/transporte_p%C3%BAblico-line-180_0-Brasilia-1702-851941-77097780-0,-1.0,-15.903495,-47.768477,,,,1,2023-06-16T23:42:36+00:00
BRA_232505,Brasília,5300108,,Pioneira,3312,https://moovitapp.com/index/pt-br/transporte_p%C3%BAblico-line-3312-Brasilia-1702-851941-616181-0,-1.0,-16.047251,-48.029068,,,,1,2023-06-16T23:42:56+00:00
BRA_228982,Brasília,5300108,,Pioneira,271.3,https://moovitapp.com/index/pt-br/transporte_p%C3%BAblico-line-271_3-Brasilia-1702-851941-669626-0,-1.0,-16.002095,-47.986029,,,,1,2023-06-16T23:42:32+00:00
BRA_226629,Brasília,5300108,,Pioneira,0.765,https://moovitapp.com/index/pt-br/transporte_p%C3%BAblico-line-0_765-Brasilia-1702-851941-576190-0,-1.0,-15.760558,-47.781352,,,,2,2023-06-16T23:43:28+00:00
BRA_226912,Brasília,5300108,,Pioneira,0.759,https://moovitapp.com/index/pt-br/transporte_p%C3%BAblico-line-0_759-Brasilia-1702-851941-775121-0,-1.0,-15.764249,-47.890687,,,,2,2023-06-16T20:31:02+00:00
BRA_231797,Brasília,5300108,,Pioneira,0.765,https://moovitapp.com/index/pt-br/transporte_p%C3%BAblico-line-0_765-Brasilia-1702-851941-576190-0,-1.0,-15.741135,-47.760415,,,,1,2023-06-16T22:43:28+00:00
BRA_227528,Brasília,5300108,,,2202,,,-15.992246,-48.049616,,,,1,2023-06-16T23:42:48+00:00
BRA_232386,Brasília,5300108,,,3301,,,-16.036758,-48.020212,,,,1,2023-06-16T23:41:36+00:00
BRA_226815,Brasília,5300108,,Pioneira,0.126,https://moovitapp.com/index/pt-br/transporte_p%C3%BAblico-line-0_126-Brasilia-1702-851941-7879579-0,-1.0,-15.91526,-47.760008,,,,1,2023-06-16T23:42:28+00:00
BRA_232378,Brasília,5300108,,,3301,,,-16.012566,-48.009079,,,,1,2023-06-16T23:43:22+00:00
BRA_228290,Brasília,5300108,,,3204,,,-15.996386,-48.056273,,,,1,2023-06-16T23:43:30+00:00
BRA_226980,Brasília,5300108,,Urbi,0.129,https://moovitapp.com/index/pt-br/transporte_p%C3%BAblico-line-0_129-Brasilia-1702-851595-775097-0,-1.0,-15.753613,-47.764993,,,,2,2023-06-16T23:42:32+00:00
BRA_228494,Brasília,5300108,,Pioneira,020.2,https://moovitapp.com/index/pt-br/transporte_p%C3%BAblico-line-020_2-Brasilia-1702-851941-708653-0,-1.0,-16.046542,-48.04001,,,,1,2023-06-16T23:13:18+00:00
BRA_228419,Brasília,5300108,,Pioneira,147.5,https://moovitapp.com/index/pt-br/transporte_p%C3%BAblico-line-147_5-Brasilia-1702-851941-519406-0,-1.0,-15.911469,-47.755399,,,,2,2023-06-16T23:42:18+00:00
BRA_228761,Brasília,5300108,,Pioneira,251.8,https://moovitapp.com/index/pt-br/transporte_p%C3%BAblico-line-251_8-Brasilia-1702-851941-708654-0,-1.0,-16.002438,-47.986296,,,,1,2023-06-16T23:03:06+00:00
BRA_232599,Brasília,5300108,,Pioneira,2307,https://moovitapp.com/index/pt-br/transporte_p%C3%BAblico-line-2307-Brasilia-1702-851941-18556638-0,-1.0,-16.002759,-47.986932,,,,2,2023-06-16T23:43:40+00:00
BRA_229725,Brasília,5300108,,Pioneira,100.2,https://moovitapp.com/index/pt-br/transporte_p%C3%BAblico-line-100_2-Brasilia-1702-851941-620160-0,-1.0,-15.838968,-47.883541,,,,2,2023-06-16T23:43:38+00:00
BRA_230022,Brasília,5300108,,,3206,,,-16.002591,-48.075728,,,,1,2023-06-16T23:42:40+00:00
BRA_229601,Brasília,5300108,,Pioneira,784.3,https://moovitapp.com/index/pt-br/transporte_p%C3%BAblico-line-784_3-Brasilia-1702-851941-46904557-0,-1.0,-15.74693,-47.782534,,,,1,2023-06-13T16:18:12+00:00
BRA_229474,Brasília,5300108,,Pioneira,147.2,https://moovitapp.com/index/pt-br/transporte_p%C3%BAblico-line-147_2-Brasilia-1702-851941-519403-0,-1.0,-15.819119,-47.832653,,,,1,2023-06-16T23:43:10+00:00
BRA_232360,Brasília,5300108,,Pioneira,251.7,https://moovitapp.com/index/pt-br/transporte_p%C3%BAblico-line-251_7-Brasilia-1702-851941-651524-0,-1.0,-16.009082,-48.071367,,,,1,2023-06-16T23:43:46+00:00
BRA_228257,Brasília,5300108,,Pioneira,0.225,https://moovitapp.com/index/pt-br/transporte_p%C3%BAblico-line-0_225-Brasilia-1702-851941-510253-0,-1.0,-15.858692,-48.069612,,,,2,2023-06-16T23:43:04+00:00
BRA_229113,Brasília,5300108,,Pioneira,020.2,https://moovitapp.com/index/pt-br/transporte_p%C3%BAblico-line-020_2-Brasilia-1702-851941-708653-0,-1.0,-15.99202,-47.987593,,,,1,2023-06-16T23:43:36+00:00
BRA_229717,Brasília,5300108,,Pioneira,0.784,https://moovitapp.com/index/pt-br/transporte_p%C3%BAblico-line-0_784-Brasilia-1702-851941-372405-0,-1.0,-15.776238,-47.779552,,,,1,2023-06-16T23:42:42+00:00
BRA_232351,Brasília,5300108,,,3301,,,-16.042232,-48.025749,,,,1,2023-06-16T23:43:14+00:00
BRA_230090,Brasília,5300108,,Taguatur,3302,https://moovitapp.com/index/pt-br/transporte_p%C3%BAblico-line-3302-Brasilia-1702-854428-3135322-0,-1.0,-16.048389,-48.030263,,,,1,2023-06-16T23:43:28+00:00
BRA_229903,Brasília,5300108,,Pioneira,160.3,https://moovitapp.com/index/pt-br/transporte_p%C3%BAblico-line-160_3-Brasilia-1702-851941-242910-0,-1.0,-15.849546,-47.949891,,,,2,2023-06-16T23:43:20+00:00
BRA_227102,Brasília,5300108,,Pioneira,183.2,https://moovitapp.com/index/pt-br/transporte_p%C3%BAblico-line-183_2-Brasilia-1702-851941-242920-0,-1.0,-15.906488,-47.761108,,,,1,2023-06-16T23:42:46+00:00
BRA_227846,Brasília,5300108,,Pioneira,2307,https://moovitapp.com/index/pt-br/transporte_p%C3%BAblico-line-2307-Brasilia-1702-851941-18556638-0,-1.0,-15.986727,-47.987409,,,,1,2023-06-16T23:43:20+00:00
BRA_226513,Brasília,5300108,,Pioneira,0.762,https://moovitapp.com/index/pt-br/transporte_p%C3%BAblico-line-0_762-Brasilia-1702-851941-576189-0,-1.0,-15.746153,-47.888462,,,,2,2023-06-16T23:42:48+00:00
BRA_229181,Brasília,5300108,,Pioneira,0.255,https://moovitapp.com/index/pt-br/transporte_p%C3%BAblico-line-0_255-Brasilia-1702-851941-706978-0,-1.0,-15.977154,-47.991427,,,,2,2023-06-16T23:42:36+00:00
BRA_227692,Brasília,5300108,,Pioneira,197.3,https://moovitapp.com/index/pt-br/transporte_p%C3%BAblico-line-197_3-Brasilia-1702-851941-519409-0,-1.0,-15.816148,-47.837034,,,,1,2023-06-16T23:43:08+00:00
BRA_231452,Brasília,5300108,,Pioneira,784.3,https://moovitapp.com/index/pt-br/transporte_p%C3%BAblico-line-784_3-Brasilia-1702-851941-46904557-0,-1.0,-15.735927,-47.764847,,,,1,2023-06-16T23:43:22+00:00
BRA_229911,Brasília,5300108,,Pioneira,0.225,https://moovitapp.com/index/pt-br/transporte_p%C3%BAblico-line-0_225-Brasilia-1702-851941-510253-0,-1.0,-16.013196,-48.068658,,,,2,2023-06-16T23:42:46+00:00
BRA_227005,Brasília,5300108,,Pioneira,170.4,https://moovitapp.com/index/pt-br/transporte_p%C3%BAblico-line-170_4-Brasilia-1702-851941-379787-0,-1.0,-15.902863,-47.767879,,,,1,2023-06-16T23:43:24+00:00
BRA_229962,Brasília,5300108,,,3204,,,-15.992227,-48.049737,,,,1,2023-06-16T23:43:12+00:00
BRA_223859,Brasília,5300108,,Pioneira,2208,https://moovitapp.com/index/pt-br/transporte_p%C3%BAblico-line-2208-Brasilia-1702-851941-18556642-0,-1.0,-15.992436,-48.050418,,,,2,2023-06-16T23:42:32+00:00
BRA_227579,Brasília,5300108,,Pioneira,183.2,https://moovitapp.com/index/pt-br/transporte_p%C3%BAblico-line-183_2-Brasilia-1702-851941-242920-0,-1.0,-15.867863,-47.779998,,,,1,2023-06-16T23:43:04+00:00
BRA_229288,Brasília,5300108,,Pioneira,2306,https://moovitapp.com/index/pt-br/transporte_p%C3%BAblico-line-2306-Brasilia-1702-851941-18556641-0,-1.0,-15.941339,-47.987631,,,,1,2023-06-16T23:43:52+00:00
BRA_229857,Brasília,5300108,,Pioneira,147.3,https://moovitapp.com/index/pt-br/transporte_p%C3%BAblico-line-147_3-Brasilia-1702-851941-574203-0,-1.0,-15.804782,-47.879606,,,,2,2023-06-16T23:42:20+00:00
BRA_232530,Brasília,5300108,,Pioneira,2307,https://moovitapp.com/index/pt-br/transporte_p%C3%BAblico-line-2307-Brasilia-1702-851941-18556638-0,-1.0,-15.940749,-47.987237,,,,2,2023-06-16T23:42:38+00:00
BRA_227749,Brasília,5300108,,Pioneira,147.2,https://moovitapp.com/index/pt-br/transporte_p%C3%BAblico-line-147_2-Brasilia-1702-851941-519403-0,-1.0,-15.801315,-47.89421,,,,2,2023-06-16T23:43:00+00:00
BRA_226718,Brasília,5300108,,Pioneira,764.2,https://moovitapp.com/index/pt-br/transporte_p%C3%BAblico-line-764_2-Brasilia-1702-851941-527246-0,-1.0,-15.755582,-47.769577,,,,2,2023-06-16T23:43:02+00:00
BRA_223921,Brasília,5300108,,UTB,2302,https://moovitapp.com/index/pt-br/transporte_p%C3%BAblico-line-2302-Brasilia-1702-854427-744298-0,-1.0,-16.006523,-48.000979,,,,1,2023-06-16T23:43:18+00:00
BRA_232653,Brasília,5300108,,,2202,,,-15.886385,-47.960592,,,,1,2023-06-16T23:37:52+00:00
BRA_223832,Brasília,5300108,,Pioneira,2206,https://moovitapp.com/index/pt-br/transporte_p%C3%BAblico-line-2206-Brasilia-1702-851941-18556637-0,-1.0,-15.965838,-48.020453,,,,2,2023-06-16T23:42:42+00:00
BRA_230081,Brasília,5300108,,Pioneira,251.8,https://moovitapp.com/index/pt-br/transporte_p%C3%BAblico-line-251_8-Brasilia-1702-851941-708654-0,-1.0,-16.049159,-48.033016,,,,1,2023-06-16T23:43:26+00:00
BRA_227919,Brasília,5300108,,,3201,,,-16.035133,-48.05949,,,,1,2023-06-16T23:43:08+00:00
BRA_229628,Brasília,5300108,,Pioneira,0.101,https://moovitapp.com/index/pt-br/transporte_p%C3%BAblico-line-0_101-Brasilia-1702-851941-587082-0,-1.0,-15.73991,-47.760994,,,,1,2023-06-16T23:43:10+00:00
BRA_228214,Brasília,5300108,,Pioneira,205.1,https://moovitapp.com/index/pt-br/transporte_p%C3%BAblico-line-205_1-Brasilia-1702-851941-393571-0,-1.0,-16.007423,-48.058155,,,,1,2023-06-16T23:42:36+00:00
BRA_227200,Brasília,5300108,,Pioneira,2206,https://moovitapp.com/index/pt-br/transporte_p%C3%BAblico-line-2206-Brasilia-1702-851941-18556637-0,-1.0,-15.75129,-47.895125,,,,2,2023-06-16T23:43:00+00:00
BRA_77071,Brasília,5300108,,Urbi,0.873,https://moovitapp.com/index/pt-br/transporte_p%C3%BAblico-line-0_873-Brasilia-1702-851595-510238-0,-1.0,-15.917144,-48.062122,,,,2,2023-06-16T23:42:58+00:00
BRA_710474,Brasília,5300108,,São José,0.310,https://moovitapp.com/index/pt-br/transporte_p%C3%BAblico-line-0_310-Brasilia-1702-851943-775131-0,-1.0,-15.813281,-48.001748,,,,2,2023-06-16T23:42:48+00:00
BRA_710393,Brasília,5300108,,São José,0.311,https://moovitapp.com/index/pt-br/transporte_p%C3%BAblico-line-0_311-Brasilia-1702-851943-706986-0,-1.0,-15.802981,-48.111554,,,,1,2023-06-16T23:43:26+00:00
BRA_78182,Brasília,5300108,,São José,0.331,https://moovitapp.com/index/pt-br/transporte_p%C3%BAblico-line-0_331-Brasilia-1702-851943-775133-0,-1.0,-15.783769,-47.917975,,,,1,2023-06-16T23:42:14+00:00
BRA_78093,Brasília,5300108,,São José,0.331,https://moovitapp.com/index/pt-br/transporte_p%C3%BAblico-line-0_331-Brasilia-1702-851943-775133-0,-1.0,-15.803383,-48.069351,,,,2,2023-06-16T18:00:52+00:00
BRA_76406,Brasília,5300108,,São José,0.333,https://moovitapp.com/index/pt-br/transporte_p%C3%BAblico-line-0_333-Brasilia-1702-851943-527247-0,-1.0,-15.834421,-48.078882,,,,1,2023-06-16T23:42:36+00:00
BRA_76988,Brasília,5300108,,Urbi,0.805,https://moovitapp.com/index/pt-br/transporte_p%C3%BAblico-line-0_805-Brasilia-1702-851595-460800-0,-1.0,-15.929165,-48.111885,,,,1,2023-06-16T23:42:56+00:00
BRA_77089,Brasília,5300108,,Urbi,0.805,https://moovitapp.com/index/pt-br/transporte_p%C3%BAblico-line-0_805-Brasilia-1702-851595-460800-0,-1.0,-15.90106,-48.055815,,,,1,2023-06-16T23:42:40+00:00
BRA_76431,Brasília,5300108,,São José,0.344,https://moovitapp.com/index/pt-br/transporte_p%C3%BAblico-line-0_344-Brasilia-1702-851943-775137-0,-1.0,-15.808595,-48.085691,,,,1,2023-06-16T23:42:28+00:00
BRA_77283,Brasília,5300108,,Urbi,0.812,https://moovitapp.com/index/pt-br/transporte_p%C3%BAblico-line-0_812-Brasilia-1702-851595-697958-0,-1.0,-15.933053,-48.109431,,,,1,2023-06-16T23:43:04+00:00
BRA_710539,Brasília,5300108,,São José,0.375,https://moovitapp.com/index/pt-br/transporte_p%C3%BAblico-line-0_375-Brasilia-1702-851943-39496914-0,-1.0,-15.835527,-48.087802,,,,2,2023-06-16T23:42:44+00:00
BRA_78417,Brasília,5300108,,São José,0.343,https://moovitapp.com/index/pt-br/transporte_p%C3%BAblico-line-0_343-Brasilia-1702-851943-706996-0,-1.0,-15.794484,-47.883503,,,,1,2023-06-16T23:37:28+00:00
BRA_78603,Brasília,5300108,,São José,0.343,https://moovitapp.com/index/pt-br/transporte_p%C3%BAblico-line-0_343-Brasilia-1702-851943-706996-0,-1.0,-15.787557,-48.134335,,,,1,2023-06-16T23:42:34+00:00
BRA_711004,Brasília,5300108,,São José,0.411,https://moovitapp.com/index/pt-br/transporte_p%C3%BAblico-line-0_411-Brasilia-1702-851943-788977-0,-1.0,-15.683622,-48.193335,,,,2,2023-06-16T23:42:14+00:00
BRA_500321,Brasília,5300108,,São José,0.413,https://moovitapp.com/index/pt-br/transporte_p%C3%BAblico-line-0_413-Brasilia-1702-851943-781649-0,-1.0,-15.737039,-48.167777,,,,1,2023-06-16T23:43:26+00:00
BRA_77909,Brasília,5300108,,Urbi,0.368,https://moovitapp.com/index/pt-br/transporte_p%C3%BAblico-line-0_368-Brasilia-1702-851595-706971-0,-1.0,-15.877376,-48.0173,,,,1,2023-06-16T23:42:14+00:00
BRA_78140,Brasília,5300108,,São José,0.379,https://moovitapp.com/index/pt-br/transporte_p%C3%BAblico-line-0_379-Brasilia-1702-851943-707007-0,-1.0,-15.786991,-48.008793,,,,2,2023-06-16T23:43:18+00:00
BRA_710571,Brasília,5300108,,São José,0.920,https://moovitapp.com/index/pt-br/transporte_p%C3%BAblico-line-0_920-Brasilia-1702-851943-707019-0,-1.0,-15.8277,-47.931873,,,,2,2023-06-16T23:42:28+00:00
BRA_78301,Brasília,5300108,,São José,0.949,https://moovitapp.com/index/pt-br/transporte_p%C3%BAblico-line-0_949-Brasilia-1702-851943-707026-0,-1.0,-15.798966,-48.10348,,,,1,2023-06-16T23:25:00+00:00
BRA_79049,Brasília,5300108,,São José,0.926,https://moovitapp.com/index/pt-br/transporte_p%C3%BAblico-line-0_926-Brasilia-1702-851943-775154-0,-1.0,-15.823515,-48.114581,,,,1,2023-06-15T11:23:02+00:00
BRA_78999,Brasília,5300108,,São José,0.926,https://moovitapp.com/index/pt-br/transporte_p%C3%BAblico-line-0_926-Brasilia-1702-851943-775154-0,-1.0,-15.825653,-48.120646,,,,1,2023-06-16T23:43:00+00:00
BRA_78522,Brasília,5300108,,São José,0.927,https://moovitapp.com/index/pt-br/transporte_p%C3%BAblico-line-0_927-Brasilia-1702-851943-775155-0,-1.0,-15.788163,-48.135028,,,,1,2023-06-16T23:42:28+00:00
BRA_79693,Brasília,5300108,,São José,0.928,https://moovitapp.com/index/pt-br/transporte_p%C3%BAblico-line-0_928-Brasilia-1702-851943-756868-0,-1.0,-15.835385,-48.089575,,,,1,2023-06-16T23:42:50+00:00
BRA_500143,Brasília,5300108,,São José,413.2,https://moovitapp.com/index/pt-br/transporte_p%C3%BAblico-line-413_2-Brasilia-1702-851943-775173-0,-1.0,-15.68083,-48.189273,,,,1,2023-06-16T22:30:00+00:00
BRA_76589,Brasília,5300108,,São José,333.2,https://moovitapp.com/index/pt-br/transporte_p%C3%BAblico-line-333_2-Brasilia-1702-851943-527251-0,-1.0,-15.808482,-48.157102,,,,1,2023-06-16T23:43:10+00:00
BRA_78042,Brasília,5300108,,São José,333.7,https://moovitapp.com/index/pt-br/transporte_p%C3%BAblico-line-333_7-Brasilia-1702-851943-2068454-0,-1.0,-15.811149,-48.068334,,,,1,2023-06-16T23:41:28+00:00
BRA_79707,Brasília,5300108,,São José,359.2,https://moovitapp.com/index/pt-br/transporte_p%C3%BAblico-line-359_2-Brasilia-1702-851943-2068453-0,-1.0,-15.835344,-48.083434,,,,1,2023-06-16T23:42:22+00:00
BRA_711209,Brasília,5300108,,São José,0.159,https://moovitapp.com/index/pt-br/transporte_p%C3%BAblico-line-0_159-Brasilia-1702-851943-375523-0,-1.0,-15.795859,-47.999031,,,,2,2023-06-16T23:42:30+00:00
BRA_711217,Brasília,5300108,,São José,0.159,https://moovitapp.com/index/pt-br/transporte_p%C3%BAblico-line-0_159-Brasilia-1702-851943-375523-0,-1.0,-15.795549,-47.998878,,,,1,2023-06-16T23:42:30+00:00
BRA_711179,Brasília,5300108,,São José,0.159,https://moovitapp.com/index/pt-br/transporte_p%C3%BAblico-line-0_159-Brasilia-1702-851943-375523-0,-1.0,-15.78475,-47.99734,,,,2,2023-06-16T23:42:18+00:00
BRA_711225,Brasília,5300108,,São José,0.159,https://moovitapp.com/index/pt-br/transporte_p%C3%BAblico-line-0_159-Brasilia-1702-851943-375523-0,-1.0,-15.831388,-48.039152,,,,1,2023-06-16T23:43:24+00:00
BRA_77445,Brasília,5300108,,Urbi,0.393,https://moovitapp.com/index/pt-br/transporte_p%C3%BAblico-line-0_393-Brasilia-1702-851595-588805-0,-1.0,-15.870889,-48.06319,,,,1,2023-06-16T23:43:04+00:00
BRA_79448,Brasília,5300108,,Urbi,398.1,https://moovitapp.com/index/pt-br/transporte_p%C3%BAblico-line-398_1-Brasilia-1702-851595-510241-0,-1.0,-15.81684,-48.103881,,,,2,2023-06-16T23:42:40+00:00
BRA_710873,Brasília,5300108,,São José,0.404,https://moovitapp.com/index/pt-br/transporte_p%C3%BAblico-line-0_404-Brasilia-1702-851943-783025-0,-1.0,-15.671708,-48.198962,,,,1,2023-06-16T23:42:50+00:00
BRA_711080,Brasília,5300108,,São José,0.406,https://moovitapp.com/index/pt-br/transporte_p%C3%BAblico-line-0_406-Brasilia-1702-851943-717430-0,-1.0,-15.67159,-48.199153,,,,1,2023-06-16T23:42:16+00:00
BRA_500267,Brasília,5300108,,São José,0.402,https://moovitapp.com/index/pt-br/transporte_p%C3%BAblico-line-0_402-Brasilia-1702-851943-781335-0,-1.0,-15.680065,-48.187715,,,,1,2023-06-16T23:43:08+00:00
BRA_500089,Brasília,5300108,,São José,402.1,https://moovitapp.com/index/pt-br/transporte_p%C3%BAblico-line-402_1-Brasilia-1702-851943-707060-0,-1.0,-15.78749,-48.140743,,,,2,2023-06-16T23:01:02+00:00
BRA_79511,Brasília,5300108,,São José,928.1,https://moovitapp.com/index/pt-br/transporte_p%C3%BAblico-line-928_1-Brasilia-1702-851943-707067-0,-1.0,-15.812421,-48.151577,,,,1,2023-06-16T23:42:50+00:00
BRA_75841,Brasília,5300108,,São José,333.8,https://moovitapp.com/index/pt-br/transporte_p%C3%BAblico-line-333_8-Brasilia-1702-851943-376187-0,-1.0,-15.802318,-48.158329,,,,1,2023-06-16T23:43:16+00:00
BRA_76091,Brasília,5300108,,São José,333.8,https://moovitapp.com/index/pt-br/transporte_p%C3%BAblico-line-333_8-Brasilia-1702-851943-376187-0,-1.0,-15.806276,-48.138442,,,,1,2023-06-16T23:42:12+00:00
BRA_711306,Brasília,5300108,,São José,158.5,https://moovitapp.com/index/pt-br/transporte_p%C3%BAblico-line-158_5-Brasilia-1702-851943-243043-0,-1.0,-15.785942,-47.995954,,,,2,2023-06-16T23:40:44+00:00
BRA_77330,Brasília,5300108,,Urbi,0.038,https://moovitapp.com/index/pt-br/transporte_p%C3%BAblico-line-0_038-Brasilia-1702-851595-687419-0,-1.0,-15.862552,-47.958379,,,,1,2023-06-16T12:23:04+00:00
BRA_76651,Brasília,5300108,,São José,0.041,https://moovitapp.com/index/pt-br/transporte_p%C3%BAblico-line-0_041-Brasilia-1702-851943-781334-0,-1.0,-15.808434,-48.157019,,,,1,2023-06-16T23:43:14+00:00
BRA_77585,Brasília,5300108,,Urbi,0.053,https://moovitapp.com/index/pt-br/transporte_p%C3%BAblico-line-0_053-Brasilia-1702-851595-588803-0,-1.0,-15.830112,-48.051371,,,,1,2023-06-16T23:42:54+00:00
BRA_77062,Brasília,5300108,,Urbi,0.053,https://moovitapp.com/index/pt-br/transporte_p%C3%BAblico-line-0_053-Brasilia-1702-851595-588803-0,-1.0,-15.876738,-48.087217,,,,1,2023-06-16T23:42:54+00:00
BRA_711250,Brasília,5300108,,São José,0.092,https://moovitapp.com/index/pt-br/transporte_p%C3%BAblico-line-0_092-Brasilia-1702-851943-496589-0,-1.0,-15.856198,-47.952867,,,,2,2023-06-16T16:58:46+00:00
BRA_711292,Brasília,5300108,,São José,0.092,https://moovitapp.com/index/pt-br/transporte_p%C3%BAblico-line-0_092-Brasilia-1702-851943-496589-0,-1.0,-15.851951,-48.040366,,,,1,2023-06-16T23:42:54+00:00
BRA_79197,Brasília,5300108,,São José,406.1,https://moovitapp.com/index/pt-br/transporte_p%C3%BAblico-line-406_1-Brasilia-1702-851943-707061-0,-1.0,-15.671414,-48.199134,,,,1,2023-06-16T23:42:52+00:00
BRA_77852,Brasília,5300108,,São José,963.1,https://moovitapp.com/index/pt-br/transporte_p%C3%BAblico-line-963_1-Brasilia-1702-851943-669629-0,-1.0,-15.819432,-48.10884,,,,1,2023-06-16T23:42:44+00:00
BRA_79774,Brasília,5300108,,São José,0.414,https://moovitapp.com/index/pt-br/transporte_p%C3%BAblico-line-0_414-Brasilia-1702-851943-773707-0,-1.0,-15.680656,-48.188471,,,,1,2023-06-16T21:43:48+00:00
BRA_79383,Brasília,5300108,,São José,158.8,https://moovitapp.com/index/pt-br/transporte_p%C3%BAblico-line-158_8-Brasilia-1702-851943-243046-0,-1.0,-15.784392,-47.997321,,,,1,2023-06-16T23:32:12+00:00
BRA_79901,Brasília,5300108,,São José,929.1,https://moovitapp.com/index/pt-br/transporte_p%C3%BAblico-line-929_1-Brasilia-1702-851943-5294764-0,-1.0,-15.787962,-48.134563,,,,1,2023-06-16T23:42:56+00:00
BRA_117714,Brasília,5300108,,Piracicabana,115.1,https://moovitapp.com/index/pt-br/transporte_p%C3%BAblico-line-115_1-Brasilia-1702-850942-242436-0,-1.0,-15.77349,-47.90688,,,,,2023-06-13T19:59:54+00:00
BRA_120235,Brasília,5300108,,Piracicabana,066.3,https://moovitapp.com/index/pt-br/transporte_p%C3%BAblico-line-066_3-Brasilia-1702-850942-513542-0,-1.0,-15.80244,-47.88623,,,,,2023-06-16T11:58:18+00:00
BRA_118036,Brasília,5300108,,Piracicabana,602.1,https://moovitapp.com/index/pt-br/transporte_p%C3%BAblico-line-602_1-Brasilia-1702-850942-242491-0,-1.0,-15.79626,-47.88331,,,,,2023-06-16T19:59:29+00:00
BRA_118621,Brasília,5300108,,Piracicabana,0.143,https://moovitapp.com/index/pt-br/transporte_p%C3%BAblico-line-0_143-Brasilia-1702-850942-470747-0,-1.0,-15.79459,-47.88049,,,,1,2023-06-16T20:23:29+00:00
BRA_119938,Brasília,5300108,,Piracicabana,0.109,https://moovitapp.com/index/pt-br/transporte_p%C3%BAblico-line-0_109-Brasilia-1702-850942-139332631-0,-1.0,-15.78392,-47.91157,,,,,2023-06-16T21:33:11+00:00
BRA_118028,Brasília,5300108,,Piracicabana,501.4,https://moovitapp.com/index/pt-br/transporte_p%C3%BAblico-line-501_4-Brasilia-1702-850942-775096-0,-1.0,-15.76126,-47.87755,,,,,2023-06-16T21:34:38+00:00
BRA_117641,Brasília,5300108,,Piracicabana,151.2,https://moovitapp.com/index/pt-br/transporte_p%C3%BAblico-line-151_2-Brasilia-1702-850942-242458-0,-1.0,-15.7336,-47.88789,,,,,2023-06-16T22:07:31+00:00
BRA_119342,Brasília,5300108,,Piracicabana,0.519,https://moovitapp.com/index/pt-br/transporte_p%C3%BAblico-line-0_519-Brasilia-1702-850942-556805-0,-1.0,-15.70678,-47.89191,,,,,2023-06-16T22:09:55+00:00
BRA_119237,Brasília,5300108,,Piracicabana,512.1,https://moovitapp.com/index/pt-br/transporte_p%C3%BAblico-line-512_1-Brasilia-1702-850942-474401-0,-1.0,-15.65005,-47.78626,,,,1,2023-06-16T22:12:19+00:00
BRA_118176,Brasília,5300108,,Piracicabana,066.6,https://moovitapp.com/index/pt-br/transporte_p%C3%BAblico-line-066_6-Brasilia-1702-850942-770027-0,-1.0,-15.71751,-47.89809,,,,,2023-06-16T22:17:15+00:00
BRA_117935,Brasília,5300108,,Piracicabana,531.1,https://moovitapp.com/index/pt-br/transporte_p%C3%BAblico-line-531_1-Brasilia-1702-850942-476289-0,-1.0,-15.6426,-47.81464,,,,,2023-06-16T22:48:39+00:00
BRA_119091,Brasília,5300108,,Piracicabana,062.6,https://moovitapp.com/index/pt-br/transporte_p%C3%BAblico-line-062_6-Brasilia-1702-850942-339289-0,-1.0,-15.64222,-47.81772,,,,,2023-06-16T22:51:56+00:00
BRA_117153,Brasília,5300108,,Piracicabana,512.1,https://moovitapp.com/index/pt-br/transporte_p%C3%BAblico-line-512_1-Brasilia-1702-850942-474401-0,-1.0,-15.76001,-47.89216,,,,,2023-06-16T23:01:04+00:00
BRA_118583,Brasília,5300108,,Piracicabana,0.640,https://moovitapp.com/index/pt-br/transporte_p%C3%BAblico-line-0_640-Brasilia-1702-850942-242423-0,-1.0,-15.71668,-47.89841,,,,,2023-06-16T23:15:46+00:00
BRA_117633,Brasília,5300108,,Piracicabana,0.518,https://moovitapp.com/index/pt-br/transporte_p%C3%BAblico-line-0_518-Brasilia-1702-850942-580670-0,-1.0,-15.70277,-47.88624,,,,,2023-06-16T23:21:13+00:00
BRA_117382,Brasília,5300108,,Piracicabana,0.640,https://moovitapp.com/index/pt-br/transporte_p%C3%BAblico-line-0_640-Brasilia-1702-850942-242423-0,-1.0,-15.83557,-47.93189,,,,1,2023-06-16T23:22:38+00:00
BRA_116041,Brasília,5300108,,Piracicabana,062.5,https://moovitapp.com/index/pt-br/transporte_p%C3%BAblico-line-062_5-Brasilia-1702-850942-339835-0,-1.0,-15.65091,-47.80398,,,,,2023-06-16T23:23:52+00:00
BRA_118133,Brasília,5300108,,Piracicabana,0.620,https://moovitapp.com/index/pt-br/transporte_p%C3%BAblico-line-0_620-Brasilia-1702-850942-470748-0,-1.0,-15.79383,-47.88171,,,,1,2023-06-16T23:25:31+00:00
BRA_119431,Brasília,5300108,,Piracicabana,062.6,https://moovitapp.com/index/pt-br/transporte_p%C3%BAblico-line-062_6-Brasilia-1702-850942-339289-0,-1.0,-15.64205,-47.8078,,,,,2023-06-16T23:28:02+00:00
BRA_119181,Brasília,5300108,,Piracicabana,062.9,https://moovitapp.com/index/pt-br/transporte_p%C3%BAblico-line-062_9-Brasilia-1702-850942-77230028-0,-1.0,-15.62329,-47.8467,,,,1,2023-06-16T23:29:00+00:00
BRA_118338,Brasília,5300108,,Piracicabana,136.9,https://moovitapp.com/index/pt-br/transporte_p%C3%BAblico-line-136_9-Brasilia-1702-850942-773702-0,-1.0,-15.70789,-47.88129,,,,,2023-06-16T23:29:02+00:00
BRA_117951,Brasília,5300108,,Piracicabana,616.8,https://moovitapp.com/index/pt-br/transporte_p%C3%BAblico-line-616_8-Brasilia-1702-850942-128977718-0,-1.0,-15.64704,-47.67693,,,,,2023-06-16T23:34:00+00:00
BRA_118591,Brasília,5300108,,Piracicabana,0.641,https://moovitapp.com/index/pt-br/transporte_p%C3%BAblico-line-0_641-Brasilia-1702-850942-242424-0,-1.0,-15.83579,-47.93326,,,,1,2023-06-16T23:34:47+00:00
BRA_115291,Brasília,5300108,,Piracicabana,0.110,https://moovitapp.com/index/pt-br/transporte_p%C3%BAblico-line-0_110-Brasilia-1702-850942-339284-0,-1.0,-15.79414,-47.88306,,,,1,2023-06-16T23:35:29+00:00
BRA_118389,Brasília,5300108,,Piracicabana,602.1,https://moovitapp.com/index/pt-br/transporte_p%C3%BAblico-line-602_1-Brasilia-1702-850942-242491-0,-1.0,-15.69923,-47.88084,,,,,2023-06-16T23:36:04+00:00
BRA_117846,Brasília,5300108,,Piracicabana,504.1,https://moovitapp.com/index/pt-br/transporte_p%C3%BAblico-line-504_1-Brasilia-1702-850942-242476-0,-1.0,-15.60227,-47.64834,,,,,2023-06-16T23:36:14+00:00
BRA_118915,Brasília,5300108,,Piracicabana,0.620,https://moovitapp.com/index/pt-br/transporte_p%C3%BAblico-line-0_620-Brasilia-1702-850942-470748-0,-1.0,-15.71247,-47.89783,,,,,2023-06-16T23:39:12+00:00
BRA_117561,Brasília,5300108,,Piracicabana,501.7,https://moovitapp.com/index/pt-br/transporte_p%C3%BAblico-line-501_7-Brasilia-1702-850942-519379-0,-1.0,-15.6603,-47.80596,,,,,2023-06-16T23:39:47+00:00
BRA_115916,Brasília,5300108,,Piracicabana,0.517,https://moovitapp.com/index/pt-br/transporte_p%C3%BAblico-line-0_517-Brasilia-1702-850942-242400-0,-1.0,-15.69758,-47.87629,,,,,2023-06-16T23:41:43+00:00
BRA_119318,Brasília,5300108,,Piracicabana,512.1,https://moovitapp.com/index/pt-br/transporte_p%C3%BAblico-line-512_1-Brasilia-1702-850942-474401-0,-1.0,-15.83593,-47.93221,,,,1,2023-06-16T23:41:49+00:00
BRA_119687,Brasília,5300108,,Piracicabana,063.1,https://moovitapp.com/index/pt-br/transporte_p%C3%BAblico-line-063_1-Brasilia-1702-850942-339291-0,-1.0,-15.6419,-47.82697,,,,1,2023-06-16T23:41:58+00:00
BRA_118851,Brasília,5300108,,Piracicabana,0.109,https://moovitapp.com/index/pt-br/transporte_p%C3%BAblico-line-0_109-Brasilia-1702-850942-139332631-0,-1.0,-15.79389,-47.8818,,,,,2023-06-16T23:42:05+00:00
BRA_115894,Brasília,5300108,,Piracicabana,501.7,https://moovitapp.com/index/pt-br/transporte_p%C3%BAblico-line-501_7-Brasilia-1702-850942-519379-0,-1.0,-15.83606,-47.93274,,,,1,2023-06-16T23:42:23+00:00
BRA_120316,Brasília,5300108,,Piracicabana,153.2,https://moovitapp.com/index/pt-br/transporte_p%C3%BAblico-line-153_2-Brasilia-1702-850942-775093-0,-1.0,-15.83358,-47.92827,,,,,2023-06-16T23:42:29+00:00
BRA_117676,Brasília,5300108,,Piracicabana,505.5,https://moovitapp.com/index/pt-br/transporte_p%C3%BAblico-line-505_5-Brasilia-1702-850942-651521-0,-1.0,-15.65018,-47.78607,,,,1,2023-06-16T23:42:29+00:00
BRA_117994,Brasília,5300108,,Piracicabana,0.620,https://moovitapp.com/index/pt-br/transporte_p%C3%BAblico-line-0_620-Brasilia-1702-850942-470748-0,-1.0,-15.69493,-47.87247,,,,,2023-06-16T23:42:30+00:00
BRA_116548,Brasília,5300108,,Piracicabana,0.007,https://moovitapp.com/index/pt-br/transporte_p%C3%BAblico-line-0_007-Brasilia-1702-850942-775080-0,-1.0,-15.82121,-47.91864,,,,1,2023-06-16T23:42:30+00:00
BRA_120464,Brasília,5300108,,Piracicabana,128.1,https://moovitapp.com/index/pt-br/transporte_p%C3%BAblico-line-128_1-Brasilia-1702-850942-53234107-0,-1.0,-15.79283,-47.88311,,,,,2023-06-16T23:42:31+00:00
BRA_116793,Brasília,5300108,,Piracicabana,0.023,https://moovitapp.com/index/pt-br/transporte_p%C3%BAblico-line-0_023-Brasilia-1702-850942-775082-0,-1.0,-15.73307,-47.89063,,,,,2023-06-16T23:42:31+00:00
BRA_120090,Brasília,5300108,,Piracicabana,153.2,https://moovitapp.com/index/pt-br/transporte_p%C3%BAblico-line-153_2-Brasilia-1702-850942-775093-0,-1.0,-15.82582,-47.98048,,,,,2023-06-16T23:42:33+00:00
BRA_116939,Brasília,5300108,,Piracicabana,0.023,https://moovitapp.com/index/pt-br/transporte_p%C3%BAblico-line-0_023-Brasilia-1702-850942-775082-0,-1.0,-15.7979,-47.88493,,,,,2023-06-16T23:42:34+00:00
BRA_118818,Brasília,5300108,,Piracicabana,136.6,https://moovitapp.com/index/pt-br/transporte_p%C3%BAblico-line-136_6-Brasilia-1702-850942-773700-0,-1.0,-15.8362,-47.93318,,,,,2023-06-16T23:42:35+00:00
BRA_118265,Brasília,5300108,,Piracicabana,099.1,https://moovitapp.com/index/pt-br/transporte_p%C3%BAblico-line-099_1-Brasilia-1702-850942-775090-0,-1.0,-15.79597,-47.94448,,,,,2023-06-16T23:42:37+00:00
BRA_120073,Brasília,5300108,,Piracicabana,0.504,https://moovitapp.com/index/pt-br/transporte_p%C3%BAblico-line-0_504-Brasilia-1702-850942-781321-0,-1.0,-15.62893,-47.65203,,,,,2023-06-16T23:42:37+00:00
BRA_120774,Brasília,5300108,,Piracicabana,158.1,https://moovitapp.com/index/pt-br/transporte_p%C3%BAblico-line-158_1-Brasilia-1702-850942-775094-0,-1.0,-15.78504,-47.99188,,,,,2023-06-16T23:42:38+00:00
BRA_120715,Brasília,5300108,,Piracicabana,620.1,https://moovitapp.com/index/pt-br/transporte_p%C3%BAblico-line-620_1-Brasilia-1702-850942-697955-0,-1.0,-15.64862,-47.78161,,,,,2023-06-16T23:42:38+00:00
BRA_117145,Brasília,5300108,,Piracicabana,511.4,https://moovitapp.com/index/pt-br/transporte_p%C3%BAblico-line-511_4-Brasilia-1702-850942-770030-0,-1.0,-15.74338,-47.78387,,,,,2023-06-16T23:42:38+00:00
BRA_118427,Brasília,5300108,,Piracicabana,136.6,https://moovitapp.com/index/pt-br/transporte_p%C3%BAblico-line-136_6-Brasilia-1702-850942-773700-0,-1.0,-15.72148,-47.88402,,,,,2023-06-16T23:42:39+00:00
BRA_117943,Brasília,5300108,,Piracicabana,162.1,https://moovitapp.com/index/pt-br/transporte_p%C3%BAblico-line-162_1-Brasilia-1702-850942-762425-0,-1.0,-15.80208,-47.89488,,,,,2023-06-16T23:42:40+00:00
BRA_120537,Brasília,5300108,,Piracicabana,107.1,https://moovitapp.com/index/pt-br/transporte_p%C3%BAblico-line-107_1-Brasilia-1702-850942-242434-0,-1.0,-15.82784,-47.92793,,,,,2023-06-16T23:42:43+00:00
BRA_116521,Brasília,5300108,,Piracicabana,0.151,https://moovitapp.com/index/pt-br/transporte_p%C3%BAblico-line-0_151-Brasilia-1702-850942-775087-0,-1.0,-15.78319,-47.9342,,,,,2023-06-16T23:42:43+00:00
BRA_118478,Brasília,5300108,,Piracicabana,0.169,https://moovitapp.com/index/pt-br/transporte_p%C3%BAblico-line-0_169-Brasilia-1702-850942-242393-0,-1.0,-15.78549,-47.91249,,,,1,2023-06-16T23:42:45+00:00
BRA_118745,Brasília,5300108,,Piracicabana,136.5,https://moovitapp.com/index/pt-br/transporte_p%C3%BAblico-line-136_5-Brasilia-1702-850942-516628-0,-1.0,-15.7749,-47.88853,,,,,2023-06-16T23:42:45+00:00
BRA_116394,Brasília,5300108,,Piracicabana,0.007,https://moovitapp.com/index/pt-br/transporte_p%C3%BAblico-line-0_007-Brasilia-1702-850942-775080-0,-1.0,-15.73302,-47.89201,,,,,2023-06-16T23:42:45+00:00
BRA_116653,Brasília,5300108,,Piracicabana,0.031,https://moovitapp.com/index/pt-br/transporte_p%C3%BAblico-line-0_031-Brasilia-1702-850942-786256-0,-1.0,-15.8353,-47.92727,,,,,2023-06-16T23:42:45+00:00
BRA_120146,Brasília,5300108,,Piracicabana,501.3,https://moovitapp.com/index/pt-br/transporte_p%C3%BAblico-line-501_3-Brasilia-1702-850942-242472-0,-1.0,-15.64655,-47.82212,,,,,2023-06-16T23:42:46+00:00
BRA_118648,Brasília,5300108,,Piracicabana,064.1,https://moovitapp.com/index/pt-br/transporte_p%C3%BAblico-line-064_1-Brasilia-1702-850942-339292-0,-1.0,-15.66716,-47.81113,,,,,2023-06-16T23:42:46+00:00
BRA_118770,Brasília,5300108,,Piracicabana,0.110,https://moovitapp.com/index/pt-br/transporte_p%C3%BAblico-line-0_110-Brasilia-1702-850942-339284-0,-1.0,-15.76907,-47.87281,,,,,2023-06-16T23:42:47+00:00
BRA_120651,Brasília,5300108,,Piracicabana,062.5,https://moovitapp.com/index/pt-br/transporte_p%C3%BAblico-line-062_5-Brasilia-1702-850942-339835-0,-1.0,-15.65112,-47.80854,,,,,2023-06-16T23:42:47+00:00
BRA_118010,Brasília,5300108,,Piracicabana,602.1,https://moovitapp.com/index/pt-br/transporte_p%C3%BAblico-line-602_1-Brasilia-1702-850942-242491-0,-1.0,-15.83605,-47.93355,,,,1,2023-06-16T23:42:47+00:00
BRA_116742,Brasília,5300108,,Piracicabana,115.1,https://moovitapp.com/index/pt-br/transporte_p%C3%BAblico-line-115_1-Brasilia-1702-850942-242436-0,-1.0,-15.79384,-47.88175,,,,1,2023-06-16T23:42:48+00:00
BRA_116602,Brasília,5300108,,Piracicabana,0.168,https://moovitapp.com/index/pt-br/transporte_p%C3%BAblico-line-0_168-Brasilia-1702-850942-242392-0,-1.0,-15.80139,-47.94197,,,,,2023-06-16T23:42:48+00:00
BRA_120821,Brasília,5300108,,Piracicabana,0.136,https://moovitapp.com/index/pt-br/transporte_p%C3%BAblico-line-0_136-Brasilia-1702-850942-719957-0,-1.0,-15.77695,-47.87433,,,,,2023-06-16T23:42:48+00:00
BRA_120367,Brasília,5300108,,Piracicabana,600.3,https://moovitapp.com/index/pt-br/transporte_p%C3%BAblico-line-600_3-Brasilia-1702-850942-494156-0,-1.0,-15.68088,-47.83385,,,,,2023-06-16T23:42:48+00:00
BRA_119300,Brasília,5300108,,Piracicabana,0.509,https://moovitapp.com/index/pt-br/transporte_p%C3%BAblico-line-0_509-Brasilia-1702-850942-242397-0,-1.0,-15.82678,-47.91307,,,,,2023-06-16T23:42:48+00:00
BRA_119539,Brasília,5300108,,Piracicabana,0.517,https://moovitapp.com/index/pt-br/transporte_p%C3%BAblico-line-0_517-Brasilia-1702-850942-242400-0,-1.0,-15.64036,-47.8209,,,,,2023-06-16T23:42:48+00:00
BRA_119296,Brasília,5300108,,Piracicabana,062.7,https://moovitapp.com/index/pt-br/transporte_p%C3%BAblico-line-062_7-Brasilia-1702-850942-494154-0,-1.0,-15.64889,-47.78519,,,,,2023-06-16T23:42:49+00:00
BRA_120219,Brasília,5300108,,Piracicabana,0.620,https://moovitapp.com/index/pt-br/transporte_p%C3%BAblico-line-0_620-Brasilia-1702-850942-470748-0,-1.0,-15.75788,-47.88561,,,,,2023-06-16T23:42:49+00:00
BRA_120685,Brasília,5300108,,Piracicabana,643.2,https://moovitapp.com/index/pt-br/transporte_p%C3%BAblico-line-643_2-Brasilia-1702-850942-128977732-0,-1.0,-15.64366,-47.64857,,,,,2023-06-16T23:42:49+00:00
BRA_120626,Brasília,5300108,,Piracicabana,0.104,https://moovitapp.com/index/pt-br/transporte_p%C3%BAblico-line-0_104-Brasilia-1702-850942-242376-0,-1.0,-15.79999,-47.85957,,,,,2023-06-16T23:42:49+00:00
BRA_116904,Brasília,5300108,,Piracicabana,0.031,https://moovitapp.com/index/pt-br/transporte_p%C3%BAblico-line-0_031-Brasilia-1702-850942-786256-0,-1.0,-15.8388,-47.92005,,,,,2023-06-16T23:42:49+00:00
BRA_117692,Brasília,5300108,,Piracicabana,505.5,https://moovitapp.com/index/pt-br/transporte_p%C3%BAblico-line-505_5-Brasilia-1702-850942-651521-0,-1.0,-15.64562,-47.77164,,,,,2023-06-16T23:42:49+00:00
BRA_118796,Brasília,5300108,,Piracicabana,0.150,https://moovitapp.com/index/pt-br/transporte_p%C3%BAblico-line-0_150-Brasilia-1702-850942-775086-0,-1.0,-15.80447,-47.9466,,,,,2023-06-16T23:42:51+00:00
BRA_117897,Brasília,5300108,,Piracicabana,066.2,https://moovitapp.com/index/pt-br/transporte_p%C3%BAblico-line-066_2-Brasilia-1702-850942-339293-0,-1.0,-15.62061,-47.65054,,,,,2023-06-16T23:42:51+00:00
BRA_117986,Brasília,5300108,,Piracicabana,643.2,https://moovitapp.com/index/pt-br/transporte_p%C3%BAblico-line-643_2-Brasilia-1702-850942-128977732-0,-1.0,-15.64366,-47.64857,,,,,2023-06-16T23:42:51+00:00
BRA_117242,Brasília,5300108,,Piracicabana,616.8,https://moovitapp.com/index/pt-br/transporte_p%C3%BAblico-line-616_8-Brasilia-1702-850942-128977718-0,-1.0,-15.7996,-47.88411,,,,,2023-06-16T23:42:51+00:00
BRA_117056,Brasília,5300108,,Piracicabana,0.032,https://moovitapp.com/index/pt-br/transporte_p%C3%BAblico-line-0_032-Brasilia-1702-850942-786257-0,-1.0,-15.80809,-47.88219,,,,,2023-06-16T23:42:51+00:00
BRA_117625,Brasília,5300108,,Piracicabana,158.1,https://moovitapp.com/index/pt-br/transporte_p%C3%BAblico-line-158_1-Brasilia-1702-850942-775094-0,-1.0,-15.81929,-47.91597,,,,,2023-06-16T23:42:52+00:00
BRA_117854,Brasília,5300108,,Piracicabana,0.600,https://moovitapp.com/index/pt-br/transporte_p%C3%BAblico-line-0_600-Brasilia-1702-850942-242410-0,-1.0,-15.83577,-47.93279,,,,,2023-06-16T23:42:52+00:00
BRA_120154,Brasília,5300108,,Piracicabana,136.7,https://moovitapp.com/index/pt-br/transporte_p%C3%BAblico-line-136_7-Brasilia-1702-850942-242451-0,-1.0,-15.80871,-47.88272,,,,,2023-06-16T23:42:52+00:00
BRA_120561,Brasília,5300108,,Piracicabana,0.504,https://moovitapp.com/index/pt-br/transporte_p%C3%BAblico-line-0_504-Brasilia-1702-850942-781321-0,-1.0,-15.62257,-47.66014,,,,,2023-06-16T23:42:53+00:00
BRA_117307,Brasília,5300108,,Piracicabana,616.3,https://moovitapp.com/index/pt-br/transporte_p%C3%BAblico-line-616_3-Brasilia-1702-850942-242500-0,-1.0,-15.68313,-47.84081,,,,,2023-06-16T23:42:53+00:00
BRA_116971,Brasília,5300108,,Piracicabana,0.006,https://moovitapp.com/index/pt-br/transporte_p%C3%BAblico-line-0_006-Brasilia-1702-850942-775079-0,-1.0,-15.81872,-47.91516,,,,,2023-06-16T23:42:53+00:00
BRA_118681,Brasília,5300108,,Piracicabana,158.1,https://moovitapp.com/index/pt-br/transporte_p%C3%BAblico-line-158_1-Brasilia-1702-850942-775094-0,-1.0,-15.80126,-47.97161,,,,,2023-06-16T23:42:55+00:00
BRA_121045,Brasília,5300108,,Piracicabana,0.150,https://moovitapp.com/index/pt-br/transporte_p%C3%BAblico-line-0_150-Brasilia-1702-850942-775086-0,-1.0,-15.80753,-47.89149,,,,,2023-06-16T23:42:55+00:00
BRA_118117,Brasília,5300108,,Piracicabana,067.3,https://moovitapp.com/index/pt-br/transporte_p%C3%BAblico-line-067_3-Brasilia-1702-850942-339294-0,-1.0,-15.66879,-47.64484,,,,,2023-06-16T23:42:55+00:00
BRA_120308,Brasília,5300108,,Piracicabana,0.143,https://moovitapp.com/index/pt-br/transporte_p%C3%BAblico-line-0_143-Brasilia-1702-850942-470747-0,-1.0,-15.76766,-47.95322,,,,,2023-06-16T23:42:56+00:00
BRA_120421,Brasília,5300108,,Piracicabana,0.640,https://moovitapp.com/index/pt-br/transporte_p%C3%BAblico-line-0_640-Brasilia-1702-850942-242423-0,-1.0,-15.61285,-47.70231,,,,,2023-06-16T23:42:56+00:00
BRA_118541,Brasília,5300108,,Piracicabana,0.110,https://moovitapp.com/index/pt-br/transporte_p%C3%BAblico-line-0_110-Brasilia-1702-850942-339284-0,-1.0,-15.78183,-47.87229,,,,,2023-06-16T23:42:56+00:00
BRA_119113,Brasília,5300108,,Piracicabana,0.509,https://moovitapp.com/index/pt-br/transporte_p%C3%BAblico-line-0_509-Brasilia-1702-850942-242397-0,-1.0,-15.72787,-47.89481,,,,,2023-06-16T23:42:57+00:00
BRA_118605,Brasília,5300108,,Piracicabana,136.9,https://moovitapp.com/index/pt-br/transporte_p%C3%BAblico-line-136_9-Brasilia-1702-850942-773702-0,-1.0,-15.70729,-47.88085,,,,1,2023-06-16T23:42:58+00:00
BRA_118494,Brasília,5300108,,Piracicabana,601.2,https://moovitapp.com/index/pt-br/transporte_p%C3%BAblico-line-601_2-Brasilia-1702-850942-322378-0,-1.0,-15.61541,-47.65022,,,,,2023-06-16T23:42:58+00:00
BRA_119709,Brasília,5300108,,Piracicabana,600.2,https://moovitapp.com/index/pt-br/transporte_p%C3%BAblico-line-600_2-Brasilia-1702-850942-242486-0,-1.0,-15.83151,-47.93082,,,,,2023-06-16T23:42:58+00:00
BRA_120669,Brasília,5300108,,Piracicabana,642.1,https://moovitapp.com/index/pt-br/transporte_p%C3%BAblico-line-642_1-Brasilia-1702-850942-242510-0,-1.0,-15.68389,-47.84324,,,,,2023-06-16T23:42:58+00:00
BRA_121061,Brasília,5300108,,Piracicabana,602.1,https://moovitapp.com/index/pt-br/transporte_p%C3%BAblico-line-602_1-Brasilia-1702-850942-242491-0,-1.0,-15.60096,-47.65398,,,,,2023-06-16T23:42:59+00:00
BRA_120481,Brasília,5300108,,Piracicabana,103.2,https://moovitapp.com/index/pt-br/transporte_p%C3%BAblico-line-103_2-Brasilia-1702-850942-474397-0,-1.0,-15.83485,-47.89749,,,,,2023-06-16T23:42:59+00:00
BRA_116696,Brasília,5300108,,Piracicabana,0.110,https://moovitapp.com/index/pt-br/transporte_p%C3%BAblico-line-0_110-Brasilia-1702-850942-339284-0,-1.0,-15.79738,-47.87522,,,,,2023-06-16T23:42:59+00:00
BRA_120812,Brasília,5300108,,Piracicabana,136.9,https://moovitapp.com/index/pt-br/transporte_p%C3%BAblico-line-136_9-Brasilia-1702-850942-773702-0,-1.0,-15.8362,-47.93341,,,,1,2023-06-16T23:43:00+00:00
BRA_118966,Brasília,5300108,,Piracicabana,616.8,https://moovitapp.com/index/pt-br/transporte_p%C3%BAblico-line-616_8-Brasilia-1702-850942-128977718-0,-1.0,-15.75225,-47.88649,,,,,2023-06-16T23:43:01+00:00
BRA_117111,Brasília,5300108,,Piracicabana,099.1,https://moovitapp.com/index/pt-br/transporte_p%C3%BAblico-line-099_1-Brasilia-1702-850942-775090-0,-1.0,-15.83695,-48.04792,,,,1,2023-06-16T23:43:01+00:00
BRA_116475,Brasília,5300108,,Piracicabana,0.007,https://moovitapp.com/index/pt-br/transporte_p%C3%BAblico-line-0_007-Brasilia-1702-850942-775080-0,-1.0,-15.83652,-47.93265,,,,1,2023-06-16T23:43:01+00:00
BRA_115975,Brasília,5300108,,Piracicabana,519.2,https://moovitapp.com/index/pt-br/transporte_p%C3%BAblico-line-519_2-Brasilia-1702-850942-242483-0,-1.0,-15.63496,-47.83751,,,,,2023-06-16T23:43:01+00:00
BRA_117579,Brasília,5300108,,Piracicabana,0.515,https://moovitapp.com/index/pt-br/transporte_p%C3%BAblico-line-0_515-Brasilia-1702-850942-26501707-0,-1.0,-15.57965,-48.01402,,,,,2023-06-16T23:43:02+00:00
BRA_121118,Brasília,5300108,,Piracicabana,104.1,https://moovitapp.com/index/pt-br/transporte_p%C3%BAblico-line-104_1-Brasilia-1702-850942-242430-0,-1.0,-15.79411,-47.88204,,,,1,2023-06-16T23:43:02+00:00
BRA_117421,Brasília,5300108,,Piracicabana,616.8,https://moovitapp.com/index/pt-br/transporte_p%C3%BAblico-line-616_8-Brasilia-1702-850942-128977718-0,-1.0,-15.74802,-47.88876,,,,,2023-06-16T23:43:03+00:00
BRA_117820,Brasília,5300108,,Piracicabana,128.1,https://moovitapp.com/index/pt-br/transporte_p%C3%BAblico-line-128_1-Brasilia-1702-850942-53234107-0,-1.0,-15.7117,-47.91164,,,,,2023-06-16T23:43:04+00:00
BRA_120227,Brasília,5300108,,Piracicabana,0.504,https://moovitapp.com/index/pt-br/transporte_p%C3%BAblico-line-0_504-Brasilia-1702-850942-781321-0,-1.0,-15.61285,-47.64049,,,,1,2023-06-16T23:43:04+00:00
BRA_117552,Brasília,5300108,,Piracicabana,0.509,https://moovitapp.com/index/pt-br/transporte_p%C3%BAblico-line-0_509-Brasilia-1702-850942-242397-0,-1.0,-15.65414,-47.79338,,,,,2023-06-16T23:43:05+00:00
BRA_117595,Brasília,5300108,,Piracicabana,062.7,https://moovitapp.com/index/pt-br/transporte_p%C3%BAblico-line-062_7-Brasilia-1702-850942-494154-0,-1.0,-15.63549,-47.83749,,,,,2023-06-16T23:43:05+00:00
BRA_117234,Brasília,5300108,,Piracicabana,643.1,https://moovitapp.com/index/pt-br/transporte_p%C3%BAblico-line-643_1-Brasilia-1702-850942-772850-0,-1.0,-15.75142,-47.88674,,,,,2023-06-16T23:43:05+00:00
BRA_116190,Brasília,5300108,,Piracicabana,067.3,https://moovitapp.com/index/pt-br/transporte_p%C3%BAblico-line-067_3-Brasilia-1702-850942-339294-0,-1.0,-15.62968,-47.65106,,,,,2023-06-16T23:43:05+00:00
BRA_116149,Brasília,5300108,,Piracicabana,601.1,https://moovitapp.com/index/pt-br/transporte_p%C3%BAblico-line-601_1-Brasilia-1702-850942-322377-0,-1.0,-15.60382,-47.65369,,,,,2023-06-16T23:43:05+00:00
BRA_116513,Brasília,5300108,,Piracicabana,151.2,https://moovitapp.com/index/pt-br/transporte_p%C3%BAblico-line-151_2-Brasilia-1702-850942-242458-0,-1.0,-15.80905,-47.93939,,,,,2023-06-16T23:43:05+00:00
BRA_117374,Brasília,5300108,,Piracicabana,630.1,https://moovitapp.com/index/pt-br/transporte_p%C3%BAblico-line-630_1-Brasilia-1702-850942-476290-0,-1.0,-15.61436,-47.63976,,,,,2023-06-16T23:43:06+00:00
BRA_118303,Brasília,5300108,,Piracicabana,0.641,https://moovitapp.com/index/pt-br/transporte_p%C3%BAblico-line-0_641-Brasilia-1702-850942-242424-0,-1.0,-15.61772,-47.64109,,,,,2023-06-16T23:43:06+00:00
BRA_118991,Brasília,5300108,,Piracicabana,105.2,https://moovitapp.com/index/pt-br/transporte_p%C3%BAblico-line-105_2-Brasilia-1702-850942-12015265-0,-1.0,-15.81595,-47.91129,,,,,2023-06-16T23:43:07+00:00
BRA_119024,Brasília,5300108,,Piracicabana,099.1,https://moovitapp.com/index/pt-br/transporte_p%C3%BAblico-line-099_1-Brasilia-1702-850942-775090-0,-1.0,-15.84786,-48.04305,,,,,2023-06-16T23:43:07+00:00
BRA_121037,Brasília,5300108,,Piracicabana,162.1,https://moovitapp.com/index/pt-br/transporte_p%C3%BAblico-line-162_1-Brasilia-1702-850942-762425-0,-1.0,-15.81559,-47.91071,,,,,2023-06-16T23:43:07+00:00
BRA_117960,Brasília,5300108,,Piracicabana,0.620,https://moovitapp.com/index/pt-br/transporte_p%C3%BAblico-line-0_620-Brasilia-1702-850942-470748-0,-1.0,-15.61568,-47.70681,,,,,2023-06-16T23:43:07+00:00
BRA_115983,Brasília,5300108,,Piracicabana,512.1,https://moovitapp.com/index/pt-br/transporte_p%C3%BAblico-line-512_1-Brasilia-1702-850942-474401-0,-1.0,-15.83607,-47.93274,,,,,2023-06-16T23:43:07+00:00
BRA_115657,Brasília,5300108,,Piracicabana,643.1,https://moovitapp.com/index/pt-br/transporte_p%C3%BAblico-line-643_1-Brasilia-1702-850942-772850-0,-1.0,-15.63812,-47.74701,,,,,2023-06-16T23:43:08+00:00
BRA_120596,Brasília,5300108,,Piracicabana,0.600,https://moovitapp.com/index/pt-br/transporte_p%C3%BAblico-line-0_600-Brasilia-1702-850942-242410-0,-1.0,-15.59474,-47.65619,,,,,2023-06-16T23:43:08+00:00
BRA_120677,Brasília,5300108,,Piracicabana,0.116,https://moovitapp.com/index/pt-br/transporte_p%C3%BAblico-line-0_116-Brasilia-1702-850942-242381-0,-1.0,-15.77805,-47.87448,,,,,2023-06-16T23:43:08+00:00
BRA_120430,Brasília,5300108,,Piracicabana,0.116,https://moovitapp.com/index/pt-br/transporte_p%C3%BAblico-line-0_116-Brasilia-1702-850942-242381-0,-1.0,-15.77476,-47.88797,,,,,2023-06-16T23:43:08+00:00
BRA_118435,Brasília,5300108,,Piracicabana,0.640,https://moovitapp.com/index/pt-br/transporte_p%C3%BAblico-line-0_640-Brasilia-1702-850942-242423-0,-1.0,-15.75233,-47.89451,,,,,2023-06-16T23:43:08+00:00
BRA_115991,Brasília,5300108,,Piracicabana,512.1,https://moovitapp.com/index/pt-br/transporte_p%C3%BAblico-line-512_1-Brasilia-1702-850942-474401-0,-1.0,-15.65002,-47.78671,,,,1,2023-06-16T23:43:09+00:00
BRA_117889,Brasília,5300108,,Piracicabana,616.8,https://moovitapp.com/index/pt-br/transporte_p%C3%BAblico-line-616_8-Brasilia-1702-850942-128977718-0,-1.0,-15.63008,-47.67314,,,,,2023-06-16T23:43:09+00:00
BRA_118087,Brasília,5300108,,Piracicabana,512.1,https://moovitapp.com/index/pt-br/transporte_p%C3%BAblico-line-512_1-Brasilia-1702-850942-474401-0,-1.0,-15.64985,-47.78518,,,,,2023-06-16T23:43:09+00:00
BRA_117650,Brasília,5300108,,Piracicabana,099.1,https://moovitapp.com/index/pt-br/transporte_p%C3%BAblico-line-099_1-Brasilia-1702-850942-775090-0,-1.0,-15.81073,-47.9761,,,,,2023-06-16T23:43:09+00:00
BRA_117781,Brasília,5300108,,Piracicabana,630.1,https://moovitapp.com/index/pt-br/transporte_p%C3%BAblico-line-630_1-Brasilia-1702-850942-476290-0,-1.0,-15.60556,-47.68874,,,,,2023-06-16T23:43:10+00:00
BRA_117471,Brasília,5300108,,Piracicabana,063.1,https://moovitapp.com/index/pt-br/transporte_p%C3%BAblico-line-063_1-Brasilia-1702-850942-339291-0,-1.0,-15.64225,-47.8278,,,,,2023-06-16T23:43:10+00:00
BRA_116874,Brasília,5300108,,Piracicabana,0.031,https://moovitapp.com/index/pt-br/transporte_p%C3%BAblico-line-0_031-Brasilia-1702-850942-786256-0,-1.0,-15.79639,-47.89111,,,,,2023-06-16T23:43:10+00:00
BRA_118753,Brasília,5300108,,Piracicabana,0.640,https://moovitapp.com/index/pt-br/transporte_p%C3%BAblico-line-0_640-Brasilia-1702-850942-242423-0,-1.0,-15.61395,-47.70341,,,,,2023-06-16T23:43:11+00:00
BRA_120804,Brasília,5300108,,Piracicabana,0.114,https://moovitapp.com/index/pt-br/transporte_p%C3%BAblico-line-0_114-Brasilia-1702-850942-242379-0,-1.0,-15.83199,-47.9106,,,,1,2023-06-16T23:43:11+00:00
BRA_115711,Brasília,5300108,,Piracicabana,0.641,https://moovitapp.com/index/pt-br/transporte_p%C3%BAblico-line-0_641-Brasilia-1702-850942-242424-0,-1.0,-15.64433,-47.76087,,,,,2023-06-16T23:43:12+00:00
BRA_120961,Brasília,5300108,,Piracicabana,0.600,https://moovitapp.com/index/pt-br/transporte_p%C3%BAblico-line-0_600-Brasilia-1702-850942-242410-0,-1.0,-15.62992,-47.65176,,,,,2023-06-16T23:43:12+00:00
BRA_118737,Brasília,5300108,,Piracicabana,107.1,https://moovitapp.com/index/pt-br/transporte_p%C3%BAblico-line-107_1-Brasilia-1702-850942-242434-0,-1.0,-15.79465,-47.88384,,,,,2023-06-16T23:43:12+00:00
BRA_119679,Brasília,5300108,,Piracicabana,505.3,https://moovitapp.com/index/pt-br/transporte_p%C3%BAblico-line-505_3-Brasilia-1702-850942-352626-0,-1.0,-15.64059,-47.82536,,,,,2023-06-16T23:43:12+00:00
BRA_117412,Brasília,5300108,,Piracicabana,158.1,https://moovitapp.com/index/pt-br/transporte_p%C3%BAblico-line-158_1-Brasilia-1702-850942-775094-0,-1.0,-15.8238,-47.93469,,,,,2023-06-16T23:43:13+00:00
BRA_118192,Brasília,5300108,,Piracicabana,0.620,https://moovitapp.com/index/pt-br/transporte_p%C3%BAblico-line-0_620-Brasilia-1702-850942-470748-0,-1.0,-15.61847,-47.65467,,,,1,2023-06-16T23:43:13+00:00
BRA_120332,Brasília,5300108,,Piracicabana,153.2,https://moovitapp.com/index/pt-br/transporte_p%C3%BAblico-line-153_2-Brasilia-1702-850942-775093-0,-1.0,-15.79376,-47.88303,,,,1,2023-06-16T23:43:15+00:00
BRA_120171,Brasília,5300108,,Piracicabana,0.617,https://moovitapp.com/index/pt-br/transporte_p%C3%BAblico-line-0_617-Brasilia-1702-850942-242417-0,-1.0,-15.63213,-47.69633,,,,,2023-06-16T23:43:15+00:00
BRA_119270,Brasília,5300108,,Piracicabana,0.517,https://moovitapp.com/index/pt-br/transporte_p%C3%BAblico-line-0_517-Brasilia-1702-850942-242400-0,-1.0,-15.80791,-47.90063,,,,,2023-06-16T23:43:15+00:00
BRA_119199,Brasília,5300108,,Piracicabana,063.1,https://moovitapp.com/index/pt-br/transporte_p%C3%BAblico-line-063_1-Brasilia-1702-850942-339291-0,-1.0,-15.65542,-47.76023,,,,,2023-06-16T23:43:15+00:00
BRA_119750,Brasília,5300108,,Piracicabana,501.3,https://moovitapp.com/index/pt-br/transporte_p%C3%BAblico-line-501_3-Brasilia-1702-850942-242472-0,-1.0,-15.75482,-47.8857,,,,,2023-06-16T23:43:15+00:00
BRA_115932,Brasília,5300108,,Piracicabana,531.1,https://moovitapp.com/index/pt-br/transporte_p%C3%BAblico-line-531_1-Brasilia-1702-850942-476289-0,-1.0,-15.64059,-47.82536,,,,,2023-06-16T23:43:16+00:00
BRA_117251,Brasília,5300108,,Piracicabana,643.1,https://moovitapp.com/index/pt-br/transporte_p%C3%BAblico-line-643_1-Brasilia-1702-850942-772850-0,-1.0,-15.59907,-47.67646,,,,,2023-06-16T23:43:16+00:00
BRA_117790,Brasília,5300108,,Piracicabana,504.4,https://moovitapp.com/index/pt-br/transporte_p%C3%BAblico-line-504_4-Brasilia-1702-850942-771759-0,-1.0,-15.65233,-47.80317,,,,,2023-06-16T23:43:16+00:00
BRA_120286,Brasília,5300108,,Piracicabana,162.1,https://moovitapp.com/index/pt-br/transporte_p%C3%BAblico-line-162_1-Brasilia-1702-850942-762425-0,-1.0,-15.8462,-47.97824,,,,,2023-06-16T23:43:16+00:00
BRA_120944,Brasília,5300108,,Piracicabana,501.3,https://moovitapp.com/index/pt-br/transporte_p%C3%BAblico-line-501_3-Brasilia-1702-850942-242472-0,-1.0,-15.64687,-47.82367,,,,,2023-06-16T23:43:17+00:00
BRA_119130,Brasília,5300108,,Piracicabana,511.4,https://moovitapp.com/index/pt-br/transporte_p%C3%BAblico-line-511_4-Brasilia-1702-850942-770030-0,-1.0,-15.6509,-47.75853,,,,,2023-06-16T23:43:17+00:00
BRA_117455,Brasília,5300108,,Piracicabana,136.9,https://moovitapp.com/index/pt-br/transporte_p%C3%BAblico-line-136_9-Brasilia-1702-850942-773702-0,-1.0,-15.76766,-47.88169,,,,,2023-06-16T23:43:17+00:00
BRA_117269,Brasília,5300108,,Piracicabana,616.8,https://moovitapp.com/index/pt-br/transporte_p%C3%BAblico-line-616_8-Brasilia-1702-850942-128977718-0,-1.0,-15.6085,-47.69352,,,,,2023-06-16T23:43:17+00:00
BRA_116025,Brasília,5300108,,Piracicabana,501.7,https://moovitapp.com/index/pt-br/transporte_p%C3%BAblico-line-501_7-Brasilia-1702-850942-519379-0,-1.0,-15.64598,-47.77163,,,,,2023-06-16T23:43:17+00:00
BRA_117404,Brasília,5300108,,Piracicabana,0.600,https://moovitapp.com/index/pt-br/transporte_p%C3%BAblico-line-0_600-Brasilia-1702-850942-242410-0,-1.0,-15.79387,-47.88197,,,,,2023-06-16T23:43:18+00:00
BRA_117871,Brasília,5300108,,Piracicabana,505.8,https://moovitapp.com/index/pt-br/transporte_p%C3%BAblico-line-505_8-Brasilia-1702-850942-339297-0,-1.0,-15.63816,-47.84526,,,,,2023-06-16T23:43:18+00:00
BRA_119369,Brasília,5300108,,Piracicabana,0.620,https://moovitapp.com/index/pt-br/transporte_p%C3%BAblico-line-0_620-Brasilia-1702-850942-470748-0,-1.0,-15.6085,-47.69352,,,,,2023-06-16T23:43:18+00:00
BRA_119971,Brasília,5300108,,Piracicabana,066.2,https://moovitapp.com/index/pt-br/transporte_p%C3%BAblico-line-066_2-Brasilia-1702-850942-339293-0,-1.0,-15.59917,-47.68372,,,,,2023-06-16T23:43:18+00:00
BRA_120138,Brasília,5300108,,Piracicabana,152.1,https://moovitapp.com/index/pt-br/transporte_p%C3%BAblico-line-152_1-Brasilia-1702-850942-542827-0,-1.0,-15.78451,-47.93701,,,,,2023-06-16T23:43:19+00:00
BRA_118877,Brasília,5300108,,Piracicabana,158.1,https://moovitapp.com/index/pt-br/transporte_p%C3%BAblico-line-158_1-Brasilia-1702-850942-775094-0,-1.0,-15.77956,-47.99895,,,,,2023-06-16T23:43:19+00:00
BRA_118362,Brasília,5300108,,Piracicabana,0.110,https://moovitapp.com/index/pt-br/transporte_p%C3%BAblico-line-0_110-Brasilia-1702-850942-339284-0,-1.0,-15.79276,-47.88287,,,,1,2023-06-16T23:43:19+00:00
BRA_115878,Brasília,5300108,,Piracicabana,0.509,https://moovitapp.com/index/pt-br/transporte_p%C3%BAblico-line-0_509-Brasilia-1702-850942-242397-0,-1.0,-15.82294,-47.9103,,,,,2023-06-16T23:43:19+00:00
BRA_118150,Brasília,5300108,,Piracicabana,0.103,https://moovitapp.com/index/pt-br/transporte_p%C3%BAblico-line-0_103-Brasilia-1702-850942-335705-0,-1.0,-15.80041,-47.89356,,,,,2023-06-16T23:43:20+00:00
BRA_117480,Brasília,5300108,,Piracicabana,501.3,https://moovitapp.com/index/pt-br/transporte_p%C3%BAblico-line-501_3-Brasilia-1702-850942-242472-0,-1.0,-15.68051,-47.85012,,,,,2023-06-16T23:43:20+00:00
BRA_117617,Brasília,5300108,,Piracicabana,099.1,https://moovitapp.com/index/pt-br/transporte_p%C3%BAblico-line-099_1-Brasilia-1702-850942-775090-0,-1.0,-15.8243,-48.02658,,,,,2023-06-16T23:43:20+00:00
BRA_119393,Brasília,5300108,,Piracicabana,062.7,https://moovitapp.com/index/pt-br/transporte_p%C3%BAblico-line-062_7-Brasilia-1702-850942-494154-0,-1.0,-15.64057,-47.82505,,,,1,2023-06-16T23:43:20+00:00
BRA_119636,Brasília,5300108,,Piracicabana,152.5,https://moovitapp.com/index/pt-br/transporte_p%C3%BAblico-line-152_5-Brasilia-1702-850942-542828-0,-1.0,-15.79568,-47.91488,,,,,2023-06-16T23:43:20+00:00
BRA_120405,Brasília,5300108,,Piracicabana,136.5,https://moovitapp.com/index/pt-br/transporte_p%C3%BAblico-line-136_5-Brasilia-1702-850942-516628-0,-1.0,-15.74335,-47.85213,,,,,2023-06-16T23:43:20+00:00
BRA_120278,Brasília,5300108,,Piracicabana,616.9,https://moovitapp.com/index/pt-br/transporte_p%C3%BAblico-line-616_9-Brasilia-1702-850942-128977719-0,-1.0,-15.63152,-47.6968,,,,,2023-06-16T23:43:20+00:00
BRA_120898,Brasília,5300108,,Piracicabana,0.151,https://moovitapp.com/index/pt-br/transporte_p%C3%BAblico-line-0_151-Brasilia-1702-850942-775087-0,-1.0,-15.78974,-47.94161,,,,,2023-06-16T23:43:20+00:00
BRA_121029,Brasília,5300108,,Piracicabana,0.617,https://moovitapp.com/index/pt-br/transporte_p%C3%BAblico-line-0_617-Brasilia-1702-850942-242417-0,-1.0,-15.64838,-47.66611,,,,,2023-06-16T23:43:21+00:00
BRA_119881,Brasília,5300108,,Piracicabana,0.600,https://moovitapp.com/index/pt-br/transporte_p%C3%BAblico-line-0_600-Brasilia-1702-850942-242410-0,-1.0,-15.61092,-47.65484,,,,,2023-06-16T23:43:21+00:00
BRA_117323,Brasília,5300108,,Piracicabana,630.1,https://moovitapp.com/index/pt-br/transporte_p%C3%BAblico-line-630_1-Brasilia-1702-850942-476290-0,-1.0,-15.64657,-47.76601,,,,,2023-06-16T23:43:21+00:00
BRA_116947,Brasília,5300108,,Piracicabana,0.024,https://moovitapp.com/index/pt-br/transporte_p%C3%BAblico-line-0_024-Brasilia-1702-850942-781320-0,-1.0,-15.80133,-47.93222,,,,,2023-06-16T23:43:21+00:00
BRA_117293,Brasília,5300108,,Piracicabana,0.517,https://moovitapp.com/index/pt-br/transporte_p%C3%BAblico-line-0_517-Brasilia-1702-850942-242400-0,-1.0,-15.82356,-47.92136,,,,,2023-06-16T23:43:22+00:00
BRA_117901,Brasília,5300108,,Piracicabana,0.517,https://moovitapp.com/index/pt-br/transporte_p%C3%BAblico-line-0_517-Brasilia-1702-850942-242400-0,-1.0,-15.64271,-47.81787,,,,,2023-06-16T23:43:22+00:00
