bus_id,city,city_code,adapted,agency,line_code,line_url,line_fare,latitude,longitude,bus_speed,is_eletric,bus_type,bus_direction,updated_at
BRA_337820,Brasília,5300108,,Urbi,0.882,https://moovitapp.com/index/pt-br/transporte_p%C3%BAblico-line-0_882-Brasilia-1702-851595-363858-0,-1.0,-15.81036,-47.94596,1.94,,,2,2023-06-16T20:36:41+00:00
BRA_336874,Brasília,5300108,,Urbi,813.1,https://moovitapp.com/index/pt-br/transporte_p%C3%BAblico-line-813_1-Brasilia-1702-851595-242635-0,-1.0,-15.93325,-48.10854,0.0,,,1,2023-06-16T20:47:17+00:00
BRA_337323,Brasília,5300108,,Urbi,0.177,https://moovitapp.com/index/pt-br/transporte_p%C3%BAblico-line-0_177-Brasilia-1702-851595-242528-0,-1.0,-15.88559,-48.02274,0.0,,,1,2023-06-16T20:52:02+00:00
BRA_340740,Brasília,5300108,,Urbi,391.3,https://moovitapp.com/index/pt-br/transporte_p%C3%BAblico-line-391_3-Brasilia-1702-851595-372373-0,-1.0,-15.86666,-48.08328,8.06,,,2,2023-06-16T20:52:41+00:00
BRA_335673,Brasília,5300108,,Urbi,160.2,https://moovitapp.com/index/pt-br/transporte_p%C3%BAblico-line-160_2-Brasilia-1702-851595-242581-0,-1.0,-15.76665,-47.86711,7.78,,,2,2023-06-16T20:53:11+00:00
BRA_340316,Brasília,5300108,,Urbi,0.082,https://moovitapp.com/index/pt-br/transporte_p%C3%BAblico-line-0_082-Brasilia-1702-851595-781326-0,-1.0,-15.84094,-47.97292,1.11,,,1,2023-06-16T20:56:21+00:00
BRA_338834,Brasília,5300108,,Urbi,0.816,https://moovitapp.com/index/pt-br/transporte_p%C3%BAblico-line-0_816-Brasilia-1702-851595-322387-0,-1.0,-15.8848,-48.05964,16.39,,,2,2023-06-16T20:57:48+00:00
BRA_339831,Brasília,5300108,,Urbi,844.1,https://moovitapp.com/index/pt-br/transporte_p%C3%BAblico-line-844_1-Brasilia-1702-851595-669623-0,-1.0,-15.73622,-47.90656,0.0,,,1,2023-06-16T20:58:32+00:00
BRA_335975,Brasília,5300108,,Urbi,0.050,https://moovitapp.com/index/pt-br/transporte_p%C3%BAblico-line-0_050-Brasilia-1702-851595-781325-0,-1.0,-15.86004,-48.07196,0.0,,,1,2023-06-16T20:59:34+00:00
BRA_337773,Brasília,5300108,,Urbi,0.882,https://moovitapp.com/index/pt-br/transporte_p%C3%BAblico-line-0_882-Brasilia-1702-851595-363858-0,-1.0,-15.79899,-47.91412,15.28,,,1,2023-06-16T21:01:12+00:00
BRA_339407,Brasília,5300108,,Urbi,807.6,https://moovitapp.com/index/pt-br/transporte_p%C3%BAblico-line-807_6-Brasilia-1702-851595-334092-0,-1.0,-15.91439,-48.10132,7.5,,,1,2023-06-16T21:05:06+00:00
BRA_336319,Brasília,5300108,,Urbi,0.394,https://moovitapp.com/index/pt-br/transporte_p%C3%BAblico-line-0_394-Brasilia-1702-851595-334076-0,-1.0,-15.8084,-47.93219,7.22,,,1,2023-06-16T21:05:40+00:00
BRA_340286,Brasília,5300108,,Urbi,396.3,https://moovitapp.com/index/pt-br/transporte_p%C3%BAblico-line-396_3-Brasilia-1702-851595-372378-0,-1.0,-15.88808,-48.10109,12.78,,,2,2023-06-16T21:05:48+00:00
BRA_337218,Brasília,5300108,,Urbi,0.172,https://moovitapp.com/index/pt-br/transporte_p%C3%BAblico-line-0_172-Brasilia-1702-851595-470756-0,-1.0,-15.8857,-48.02274,0.0,,,1,2023-06-16T21:06:01+00:00
BRA_338915,Brasília,5300108,,Urbi,874.4,https://moovitapp.com/index/pt-br/transporte_p%C3%BAblico-line-874_4-Brasilia-1702-851595-775106-0,-1.0,-15.78438,-47.91608,6.94,,,2,2023-06-16T21:06:15+00:00
BRA_339440,Brasília,5300108,,Urbi,805.9,https://moovitapp.com/index/pt-br/transporte_p%C3%BAblico-line-805_9-Brasilia-1702-851595-454983-0,-1.0,-15.90424,-48.06534,0.0,,,1,2023-06-16T21:06:17+00:00
BRA_337846,Brasília,5300108,,Urbi,0.809,https://moovitapp.com/index/pt-br/transporte_p%C3%BAblico-line-0_809-Brasilia-1702-851595-516630-0,-1.0,-15.90423,-48.06534,11.11,,,1,2023-06-16T21:06:30+00:00
BRA_339989,Brasília,5300108,,Urbi,825.1,https://moovitapp.com/index/pt-br/transporte_p%C3%BAblico-line-825_1-Brasilia-1702-851595-16483903-0,-1.0,-15.9232,-48.18327,18.33,,,2,2023-06-16T21:06:41+00:00
BRA_337897,Brasília,5300108,,Urbi,813.2,https://moovitapp.com/index/pt-br/transporte_p%C3%BAblico-line-813_2-Brasilia-1702-851595-242636-0,-1.0,-15.84373,-47.94162,0.0,,,2,2023-06-16T21:06:53+00:00
BRA_340464,Brasília,5300108,,Urbi,391.3,https://moovitapp.com/index/pt-br/transporte_p%C3%BAblico-line-391_3-Brasilia-1702-851595-372373-0,-1.0,-15.85889,-48.06708,3.61,,,2,2023-06-16T21:07:31+00:00
BRA_337439,Brasília,5300108,,Urbi,0.886,https://moovitapp.com/index/pt-br/transporte_p%C3%BAblico-line-0_886-Brasilia-1702-851595-704024-0,-1.0,-15.88326,-48.01745,3.89,,,2,2023-06-16T21:07:39+00:00
BRA_335517,Brasília,5300108,,Urbi,056.2,https://moovitapp.com/index/pt-br/transporte_p%C3%BAblico-line-056_2-Brasilia-1702-851595-492982-0,-1.0,-15.82674,-48.07941,16.67,,,1,2023-06-16T21:07:53+00:00
BRA_339351,Brasília,5300108,,Urbi,391.3,https://moovitapp.com/index/pt-br/transporte_p%C3%BAblico-line-391_3-Brasilia-1702-851595-372373-0,-1.0,-15.85862,-48.06938,10.83,,,2,2023-06-16T21:07:55+00:00
BRA_339130,Brasília,5300108,,Urbi,805.8,https://moovitapp.com/index/pt-br/transporte_p%C3%BAblico-line-805_8-Brasilia-1702-851595-454982-0,-1.0,-15.91278,-48.05573,0.0,,,1,2023-06-16T21:08:01+00:00
BRA_336254,Brasília,5300108,,Urbi,373.2,https://moovitapp.com/index/pt-br/transporte_p%C3%BAblico-line-373_2-Brasilia-1702-851595-334084-0,-1.0,-15.85971,-48.07115,9.44,,,2,2023-06-16T21:08:03+00:00
BRA_338826,Brasília,5300108,,Urbi,0.809,https://moovitapp.com/index/pt-br/transporte_p%C3%BAblico-line-0_809-Brasilia-1702-851595-516630-0,-1.0,-15.79303,-47.8828,0.0,,,2,2023-06-16T21:08:07+00:00
BRA_337862,Brasília,5300108,,Urbi,0.087,https://moovitapp.com/index/pt-br/transporte_p%C3%BAblico-line-0_087-Brasilia-1702-851595-242519-0,-1.0,-15.88676,-48.01771,3.61,,,1,2023-06-16T21:08:08+00:00
BRA_335916,Brasília,5300108,,Urbi,366.1,https://moovitapp.com/index/pt-br/transporte_p%C3%BAblico-line-366_1-Brasilia-1702-851595-425249-0,-1.0,-15.8628,-48.07795,8.06,,,1,2023-06-16T21:08:12+00:00
BRA_340120,Brasília,5300108,,Urbi,0.844,https://moovitapp.com/index/pt-br/transporte_p%C3%BAblico-line-0_844-Brasilia-1702-851595-519386-0,-1.0,-15.81536,-48.00577,15.0,,,1,2023-06-16T21:08:20+00:00
BRA_339318,Brasília,5300108,,Urbi,0.391,https://moovitapp.com/index/pt-br/transporte_p%C3%BAblico-line-0_391-Brasilia-1702-851595-372354-0,-1.0,-15.87402,-48.03898,14.17,,,2,2023-06-16T21:08:33+00:00
BRA_337340,Brasília,5300108,,Urbi,084.1,https://moovitapp.com/index/pt-br/transporte_p%C3%BAblico-line-084_1-Brasilia-1702-851595-466292-0,-1.0,-15.88278,-48.01605,7.78,,,1,2023-06-16T21:08:39+00:00
BRA_339661,Brasília,5300108,,Urbi,0.340,https://moovitapp.com/index/pt-br/transporte_p%C3%BAblico-line-0_340-Brasilia-1702-851595-641378-0,-1.0,-15.92237,-48.17987,17.5,,,1,2023-06-16T21:08:56+00:00
BRA_335746,Brasília,5300108,,Urbi,396.2,https://moovitapp.com/index/pt-br/transporte_p%C3%BAblico-line-396_2-Brasilia-1702-851595-372377-0,-1.0,-15.82681,-47.92628,0.28,,,2,2023-06-16T21:08:59+00:00
BRA_338982,Brasília,5300108,,Urbi,871.3,https://moovitapp.com/index/pt-br/transporte_p%C3%BAblico-line-871_3-Brasilia-1702-851595-588820-0,-1.0,-15.81635,-47.94975,8.06,,,2,2023-06-16T21:09:03+00:00
BRA_338761,Brasília,5300108,,Urbi,0.811,https://moovitapp.com/index/pt-br/transporte_p%C3%BAblico-line-0_811-Brasilia-1702-851595-334078-0,-1.0,-15.87505,-48.0321,11.39,,,2,2023-06-16T21:09:14+00:00
BRA_337358,Brasília,5300108,,Urbi,870.1,https://moovitapp.com/index/pt-br/transporte_p%C3%BAblico-line-870_1-Brasilia-1702-851595-715272-0,-1.0,-15.89518,-48.04807,1.11,,,1,2023-06-16T21:09:19+00:00
BRA_337871,Brasília,5300108,,Urbi,870.1,https://moovitapp.com/index/pt-br/transporte_p%C3%BAblico-line-870_1-Brasilia-1702-851595-715272-0,-1.0,-15.89522,-48.04799,4.44,,,2,2023-06-16T21:09:25+00:00
BRA_336629,Brasília,5300108,,Urbi,813.1,https://moovitapp.com/index/pt-br/transporte_p%C3%BAblico-line-813_1-Brasilia-1702-851595-242635-0,-1.0,-15.82802,-48.03178,19.44,,,1,2023-06-16T21:09:26+00:00
BRA_340553,Brasília,5300108,,Urbi,391.3,https://moovitapp.com/index/pt-br/transporte_p%C3%BAblico-line-391_3-Brasilia-1702-851595-372373-0,-1.0,-15.73855,-47.89932,3.89,,,2,2023-06-16T21:09:28+00:00
BRA_340375,Brasília,5300108,,Urbi,0.171,https://moovitapp.com/index/pt-br/transporte_p%C3%BAblico-line-0_171-Brasilia-1702-851595-242524-0,-1.0,-15.77784,-47.88816,3.06,,,2,2023-06-16T21:09:31+00:00
BRA_336785,Brasília,5300108,,Urbi,0.380,https://moovitapp.com/index/pt-br/transporte_p%C3%BAblico-line-0_380-Brasilia-1702-851595-334073-0,-1.0,-15.86301,-48.08959,0.0,,,2,2023-06-16T21:09:42+00:00
BRA_337757,Brasília,5300108,,Urbi,0.810,https://moovitapp.com/index/pt-br/transporte_p%C3%BAblico-line-0_810-Brasilia-1702-851595-363856-0,-1.0,-15.87549,-48.04801,13.33,,,2,2023-06-16T21:09:42+00:00
BRA_335631,Brasília,5300108,,Urbi,0.835,https://moovitapp.com/index/pt-br/transporte_p%C3%BAblico-line-0_835-Brasilia-1702-851595-775100-0,-1.0,-15.87026,-47.9326,0.0,,,2,2023-06-16T21:09:52+00:00
BRA_338494,Brasília,5300108,,Urbi,872.9,https://moovitapp.com/index/pt-br/transporte_p%C3%BAblico-line-872_9-Brasilia-1702-851595-372394-0,-1.0,-15.82937,-48.05854,0.0,,,1,2023-06-16T21:10:00+00:00
BRA_340600,Brasília,5300108,,Urbi,373.2,https://moovitapp.com/index/pt-br/transporte_p%C3%BAblico-line-373_2-Brasilia-1702-851595-334084-0,-1.0,-15.8685,-47.97004,0.0,,,2,2023-06-16T21:10:03+00:00
BRA_336611,Brasília,5300108,,Urbi,0.871,https://moovitapp.com/index/pt-br/transporte_p%C3%BAblico-line-0_871-Brasilia-1702-851595-418741-0,-1.0,-15.91294,-48.05573,0.0,,,1,2023-06-16T21:10:07+00:00
BRA_339113,Brasília,5300108,,Urbi,806.1,https://moovitapp.com/index/pt-br/transporte_p%C3%BAblico-line-806_1-Brasilia-1702-851595-775104-0,-1.0,-15.91306,-48.05558,4.17,,,1,2023-06-16T21:10:07+00:00
BRA_339741,Brasília,5300108,,Urbi,398.1,https://moovitapp.com/index/pt-br/transporte_p%C3%BAblico-line-398_1-Brasilia-1702-851595-510241-0,-1.0,-15.81593,-48.08284,0.0,,,1,2023-06-16T21:10:09+00:00
BRA_337200,Brasília,5300108,,Urbi,0.811,https://moovitapp.com/index/pt-br/transporte_p%C3%BAblico-line-0_811-Brasilia-1702-851595-334078-0,-1.0,-15.77182,-47.88885,2.78,,,2,2023-06-16T21:10:10+00:00
BRA_338346,Brasília,5300108,,Urbi,0.038,https://moovitapp.com/index/pt-br/transporte_p%C3%BAblico-line-0_038-Brasilia-1702-851595-687419-0,-1.0,-15.87661,-48.00455,7.78,,,1,2023-06-16T21:10:11+00:00
BRA_338028,Brasília,5300108,,Urbi,0.368,https://moovitapp.com/index/pt-br/transporte_p%C3%BAblico-line-0_368-Brasilia-1702-851595-706971-0,-1.0,-15.81046,-48.08991,0.0,,,1,2023-06-16T21:10:14+00:00
BRA_338389,Brasília,5300108,,Urbi,807.1,https://moovitapp.com/index/pt-br/transporte_p%C3%BAblico-line-807_1-Brasilia-1702-851595-322407-0,-1.0,-15.89207,-48.09201,17.78,,,2,2023-06-16T21:10:15+00:00
BRA_340723,Brasília,5300108,,Urbi,391.3,https://moovitapp.com/index/pt-br/transporte_p%C3%BAblico-line-391_3-Brasilia-1702-851595-372373-0,-1.0,-15.83208,-47.95245,0.0,,,2,2023-06-16T21:10:15+00:00
BRA_339431,Brasília,5300108,,Urbi,814.1,https://moovitapp.com/index/pt-br/transporte_p%C3%BAblico-line-814_1-Brasilia-1702-851595-492985-0,-1.0,-15.87673,-48.0839,2.5,,,1,2023-06-16T21:10:15+00:00
BRA_335410,Brasília,5300108,,Urbi,0.853,https://moovitapp.com/index/pt-br/transporte_p%C3%BAblico-line-0_853-Brasilia-1702-851595-454968-0,-1.0,-15.73641,-47.90725,0.0,,,2,2023-06-16T21:10:17+00:00
BRA_333964,Brasília,5300108,,Urbi,0.393,https://moovitapp.com/index/pt-br/transporte_p%C3%BAblico-line-0_393-Brasilia-1702-851595-588805-0,-1.0,-15.89416,-48.11948,0.0,,,1,2023-06-16T21:10:17+00:00
BRA_336084,Brasília,5300108,,Urbi,0.175,https://moovitapp.com/index/pt-br/transporte_p%C3%BAblico-line-0_175-Brasilia-1702-851595-242526-0,-1.0,-15.8649,-47.96376,5.0,,,2,2023-06-16T21:10:17+00:00
BRA_339156,Brasília,5300108,,Urbi,0.087,https://moovitapp.com/index/pt-br/transporte_p%C3%BAblico-line-0_087-Brasilia-1702-851595-242519-0,-1.0,-15.88207,-48.01435,13.06,,,1,2023-06-16T21:10:18+00:00
BRA_336165,Brasília,5300108,,Urbi,0.960,https://moovitapp.com/index/pt-br/transporte_p%C3%BAblico-line-0_960-Brasilia-1702-851595-29427890-0,-1.0,-15.90321,-48.06199,0.83,,,2,2023-06-16T21:10:18+00:00
BRA_336548,Brasília,5300108,,Urbi,0.810,https://moovitapp.com/index/pt-br/transporte_p%C3%BAblico-line-0_810-Brasilia-1702-851595-363856-0,-1.0,-15.85171,-47.95531,2.5,,,2,2023-06-16T21:10:18+00:00
BRA_337111,Brasília,5300108,,Urbi,0.809,https://moovitapp.com/index/pt-br/transporte_p%C3%BAblico-line-0_809-Brasilia-1702-851595-516630-0,-1.0,-15.90689,-48.08297,0.0,,,2,2023-06-16T21:10:18+00:00
BRA_339539,Brasília,5300108,,Urbi,0.806,https://moovitapp.com/index/pt-br/transporte_p%C3%BAblico-line-0_806-Brasilia-1702-851595-339299-0,-1.0,-15.90353,-48.04564,8.89,,,1,2023-06-16T21:10:19+00:00
BRA_340014,Brasília,5300108,,Urbi,056.2,https://moovitapp.com/index/pt-br/transporte_p%C3%BAblico-line-056_2-Brasilia-1702-851595-492982-0,-1.0,-15.80766,-48.08276,0.56,,,1,2023-06-16T21:10:19+00:00
BRA_339733,Brasília,5300108,,Urbi,0.161,https://moovitapp.com/index/pt-br/transporte_p%C3%BAblico-line-0_161-Brasilia-1702-851595-704023-0,-1.0,-15.77517,-47.92766,0.0,,,1,2023-06-16T21:10:21+00:00
BRA_338338,Brasília,5300108,,Urbi,812.1,https://moovitapp.com/index/pt-br/transporte_p%C3%BAblico-line-812_1-Brasilia-1702-851595-372386-0,-1.0,-15.94981,-48.03339,0.0,,,2,2023-06-16T21:10:22+00:00
BRA_339075,Brasília,5300108,,Urbi,807.9,https://moovitapp.com/index/pt-br/transporte_p%C3%BAblico-line-807_9-Brasilia-1702-851595-322409-0,-1.0,-15.8987,-48.0555,1.94,,,2,2023-06-16T21:10:22+00:00
BRA_336912,Brasília,5300108,,Urbi,086.1,https://moovitapp.com/index/pt-br/transporte_p%C3%BAblico-line-086_1-Brasilia-1702-851595-481321-0,-1.0,-15.84609,-47.96951,11.39,,,1,2023-06-16T21:10:22+00:00
BRA_337978,Brasília,5300108,,Urbi,870.1,https://moovitapp.com/index/pt-br/transporte_p%C3%BAblico-line-870_1-Brasilia-1702-851595-715272-0,-1.0,-15.90071,-48.04653,7.5,,,2,2023-06-16T21:10:24+00:00
BRA_338664,Brasília,5300108,,Urbi,0.886,https://moovitapp.com/index/pt-br/transporte_p%C3%BAblico-line-0_886-Brasilia-1702-851595-704024-0,-1.0,-15.82358,-48.06407,0.0,,,1,2023-06-16T21:10:25+00:00
BRA_340537,Brasília,5300108,,Urbi,0.171,https://moovitapp.com/index/pt-br/transporte_p%C3%BAblico-line-0_171-Brasilia-1702-851595-242524-0,-1.0,-15.87586,-47.9748,0.0,,,1,2023-06-16T21:10:25+00:00
BRA_336394,Brasília,5300108,,Urbi,380.2,https://moovitapp.com/index/pt-br/transporte_p%C3%BAblico-line-380_2-Brasilia-1702-851595-334086-0,-1.0,-15.85655,-48.07055,1.11,,,2,2023-06-16T21:10:25+00:00
BRA_335967,Brasília,5300108,,Urbi,396.2,https://moovitapp.com/index/pt-br/transporte_p%C3%BAblico-line-396_2-Brasilia-1702-851595-372377-0,-1.0,-15.79814,-47.89234,5.28,,,2,2023-06-16T21:10:25+00:00
BRA_336106,Brasília,5300108,,Urbi,0.176,https://moovitapp.com/index/pt-br/transporte_p%C3%BAblico-line-0_176-Brasilia-1702-851595-242527-0,-1.0,-15.75492,-47.87963,7.5,,,2,2023-06-16T21:10:26+00:00
BRA_336726,Brasília,5300108,,Urbi,0.129,https://moovitapp.com/index/pt-br/transporte_p%C3%BAblico-line-0_129-Brasilia-1702-851595-775097-0,-1.0,-15.75924,-47.78024,8.33,,,1,2023-06-16T21:10:26+00:00
BRA_339849,Brasília,5300108,,Urbi,372.9,https://moovitapp.com/index/pt-br/transporte_p%C3%BAblico-line-372_9-Brasilia-1702-851595-519392-0,-1.0,-15.8088,-48.02168,5.0,,,2,2023-06-16T21:10:27+00:00
BRA_337951,Brasília,5300108,,Urbi,0.368,https://moovitapp.com/index/pt-br/transporte_p%C3%BAblico-line-0_368-Brasilia-1702-851595-706971-0,-1.0,-15.85102,-48.04088,11.67,,,1,2023-06-16T21:10:27+00:00
BRA_339369,Brasília,5300108,,Urbi,0.367,https://moovitapp.com/index/pt-br/transporte_p%C3%BAblico-line-0_367-Brasilia-1702-851595-519380-0,-1.0,-15.85476,-48.07455,11.39,,,1,2023-06-16T21:10:28+00:00
BRA_339636,Brasília,5300108,,Urbi,0.367,https://moovitapp.com/index/pt-br/transporte_p%C3%BAblico-line-0_367-Brasilia-1702-851595-519380-0,-1.0,-15.86693,-48.09807,0.0,,,1,2023-06-16T21:10:28+00:00
BRA_336521,Brasília,5300108,,Urbi,0.813,https://moovitapp.com/index/pt-br/transporte_p%C3%BAblico-line-0_813-Brasilia-1702-851595-651523-0,-1.0,-15.81736,-48.01238,19.44,,,1,2023-06-16T21:10:29+00:00
BRA_338621,Brasília,5300108,,Urbi,807.8,https://moovitapp.com/index/pt-br/transporte_p%C3%BAblico-line-807_8-Brasilia-1702-851595-322408-0,-1.0,-15.94494,-48.03637,8.61,,,1,2023-06-16T21:10:29+00:00
BRA_339881,Brasília,5300108,,Urbi,396.3,https://moovitapp.com/index/pt-br/transporte_p%C3%BAblico-line-396_3-Brasilia-1702-851595-372378-0,-1.0,-15.88546,-48.09174,13.89,,,1,2023-06-16T21:10:30+00:00
BRA_339237,Brasília,5300108,,Urbi,396.2,https://moovitapp.com/index/pt-br/transporte_p%C3%BAblico-line-396_2-Brasilia-1702-851595-372377-0,-1.0,-15.87658,-48.08286,0.83,,,2,2023-06-16T21:10:30+00:00
BRA_340235,Brasília,5300108,,Urbi,398.1,https://moovitapp.com/index/pt-br/transporte_p%C3%BAblico-line-398_1-Brasilia-1702-851595-510241-0,-1.0,-15.90217,-48.12866,0.0,,,1,2023-06-16T21:10:30+00:00
BRA_335533,Brasília,5300108,,Urbi,0.392,https://moovitapp.com/index/pt-br/transporte_p%C3%BAblico-line-0_392-Brasilia-1702-851595-334075-0,-1.0,-15.86488,-47.96377,3.89,,,2,2023-06-16T21:10:31+00:00
BRA_339253,Brasília,5300108,,Urbi,056.4,https://moovitapp.com/index/pt-br/transporte_p%C3%BAblico-line-056_4-Brasilia-1702-851595-519387-0,-1.0,-15.81554,-48.10138,0.0,,,1,2023-06-16T21:10:32+00:00
BRA_338966,Brasília,5300108,,Urbi,807.9,https://moovitapp.com/index/pt-br/transporte_p%C3%BAblico-line-807_9-Brasilia-1702-851595-322409-0,-1.0,-15.92104,-48.05349,5.56,,,1,2023-06-16T21:10:32+00:00
BRA_338800,Brasília,5300108,,Urbi,0.811,https://moovitapp.com/index/pt-br/transporte_p%C3%BAblico-line-0_811-Brasilia-1702-851595-334078-0,-1.0,-15.80176,-47.89454,0.0,,,1,2023-06-16T21:10:33+00:00
BRA_337684,Brasília,5300108,,Urbi,0.811,https://moovitapp.com/index/pt-br/transporte_p%C3%BAblico-line-0_811-Brasilia-1702-851595-334078-0,-1.0,-15.7857,-47.88768,12.22,,,1,2023-06-16T21:10:34+00:00
BRA_336475,Brasília,5300108,,Urbi,0.898,https://moovitapp.com/index/pt-br/transporte_p%C3%BAblico-line-0_898-Brasilia-1702-851595-322394-0,-1.0,-15.8437,-48.12432,0.0,,,2,2023-06-16T21:10:34+00:00
BRA_336335,Brasília,5300108,,Urbi,394.1,https://moovitapp.com/index/pt-br/transporte_p%C3%BAblico-line-394_1-Brasilia-1702-851595-334089-0,-1.0,-15.80419,-47.92415,0.0,,,2,2023-06-16T21:10:34+00:00
BRA_340570,Brasília,5300108,,Urbi,366.7,https://moovitapp.com/index/pt-br/transporte_p%C3%BAblico-line-366_7-Brasilia-1702-851595-650086-0,-1.0,-15.87386,-48.0846,1.94,,,1,2023-06-16T21:10:34+00:00
BRA_340642,Brasília,5300108,,Urbi,372.4,https://moovitapp.com/index/pt-br/transporte_p%C3%BAblico-line-372_4-Brasilia-1702-851595-650087-0,-1.0,-15.84059,-48.05655,3.61,,,1,2023-06-16T21:10:34+00:00
BRA_335380,Brasília,5300108,,Urbi,0.851,https://moovitapp.com/index/pt-br/transporte_p%C3%BAblico-line-0_851-Brasilia-1702-851595-372361-0,-1.0,-15.75943,-47.86758,8.33,,,2,2023-06-16T21:10:35+00:00
BRA_339466,Brasília,5300108,,Urbi,807.9,https://moovitapp.com/index/pt-br/transporte_p%C3%BAblico-line-807_9-Brasilia-1702-851595-322409-0,-1.0,-15.86524,-48.05897,1.67,,,2,2023-06-16T21:10:36+00:00
BRA_339032,Brasília,5300108,,Urbi,0.176,https://moovitapp.com/index/pt-br/transporte_p%C3%BAblico-line-0_176-Brasilia-1702-851595-242527-0,-1.0,-15.78064,-47.87386,0.0,,,1,2023-06-16T21:10:37+00:00
BRA_339601,Brasília,5300108,,Urbi,806.8,https://moovitapp.com/index/pt-br/transporte_p%C3%BAblico-line-806_8-Brasilia-1702-851595-74275051-0,-1.0,-15.95746,-48.02588,3.61,,,2,2023-06-16T21:10:37+00:00
BRA_339555,Brasília,5300108,,Urbi,807.9,https://moovitapp.com/index/pt-br/transporte_p%C3%BAblico-line-807_9-Brasilia-1702-851595-322409-0,-1.0,-15.92647,-48.05107,5.56,,,1,2023-06-16T21:10:37+00:00
BRA_335738,Brasília,5300108,,Urbi,0.825,https://moovitapp.com/index/pt-br/transporte_p%C3%BAblico-line-0_825-Brasilia-1702-851595-334081-0,-1.0,-15.83951,-47.95433,11.39,,,2,2023-06-16T21:10:37+00:00
BRA_337544,Brasília,5300108,,Urbi,0.087,https://moovitapp.com/index/pt-br/transporte_p%C3%BAblico-line-0_087-Brasilia-1702-851595-242519-0,-1.0,-15.85316,-47.95559,0.0,,,1,2023-06-16T21:10:38+00:00
BRA_339776,Brasília,5300108,,Urbi,398.1,https://moovitapp.com/index/pt-br/transporte_p%C3%BAblico-line-398_1-Brasilia-1702-851595-510241-0,-1.0,-15.88057,-48.07799,5.0,,,2,2023-06-16T21:10:38+00:00
BRA_338231,Brasília,5300108,,Urbi,8133,https://moovitapp.com/index/pt-br/transporte_p%C3%BAblico-line-8133-Brasilia-1702-851595-115849373-0,-1.0,-15.74182,-47.89829,5.0,,,2,2023-06-16T21:10:39+00:00
BRA_339938,Brasília,5300108,,Urbi,0.845,https://moovitapp.com/index/pt-br/transporte_p%C3%BAblico-line-0_845-Brasilia-1702-851595-339304-0,-1.0,-15.83532,-48.07642,13.89,,,1,2023-06-16T21:10:39+00:00
BRA_337528,Brasília,5300108,,Urbi,813.2,https://moovitapp.com/index/pt-br/transporte_p%C3%BAblico-line-813_2-Brasilia-1702-851595-242636-0,-1.0,-15.76419,-47.89068,8.89,,,1,2023-06-16T21:10:39+00:00
BRA_337170,Brasília,5300108,,Urbi,874.4,https://moovitapp.com/index/pt-br/transporte_p%C3%BAblico-line-874_4-Brasilia-1702-851595-775106-0,-1.0,-15.85244,-47.95536,0.0,,,2,2023-06-16T21:10:40+00:00
BRA_339679,Brasília,5300108,,Urbi,393.7,https://moovitapp.com/index/pt-br/transporte_p%C3%BAblico-line-393_7-Brasilia-1702-851595-588818-0,-1.0,-15.84084,-48.04675,3.33,,,1,2023-06-16T21:10:40+00:00
BRA_335428,Brasília,5300108,,Urbi,0.845,https://moovitapp.com/index/pt-br/transporte_p%C3%BAblico-line-0_845-Brasilia-1702-851595-339304-0,-1.0,-15.81097,-47.9896,0.0,,,2,2023-06-16T21:10:40+00:00
BRA_339067,Brasília,5300108,,Urbi,0.810,https://moovitapp.com/index/pt-br/transporte_p%C3%BAblico-line-0_810-Brasilia-1702-851595-363856-0,-1.0,-15.92368,-48.10463,4.44,,,2,2023-06-16T21:10:40+00:00
BRA_336840,Brasília,5300108,,Urbi,870.1,https://moovitapp.com/index/pt-br/transporte_p%C3%BAblico-line-870_1-Brasilia-1702-851595-715272-0,-1.0,-15.81948,-47.90535,13.61,,,2,2023-06-16T21:10:41+00:00
BRA_340103,Brasília,5300108,,Urbi,3944,https://moovitapp.com/index/pt-br/transporte_p%C3%BAblico-line-3944-Brasilia-1702-851595-90452197-0,-1.0,-15.90096,-48.12733,8.61,,,2,2023-06-16T21:10:41+00:00
BRA_336297,Brasília,5300108,,Urbi,0.394,https://moovitapp.com/index/pt-br/transporte_p%C3%BAblico-line-0_394-Brasilia-1702-851595-334076-0,-1.0,-15.89414,-48.12045,12.5,,,2,2023-06-16T21:10:41+00:00
BRA_339393,Brasília,5300108,,Urbi,0.807,https://moovitapp.com/index/pt-br/transporte_p%C3%BAblico-line-0_807-Brasilia-1702-851595-6677121-0,-1.0,-15.91406,-48.10086,4.72,,,1,2023-06-16T21:10:41+00:00
BRA_336360,Brasília,5300108,,Urbi,0.394,https://moovitapp.com/index/pt-br/transporte_p%C3%BAblico-line-0_394-Brasilia-1702-851595-334076-0,-1.0,-15.87401,-48.03929,15.0,,,2,2023-06-16T21:10:42+00:00
BRA_340197,Brasília,5300108,,Urbi,0.160,https://moovitapp.com/index/pt-br/transporte_p%C3%BAblico-line-0_160-Brasilia-1702-851595-470755-0,-1.0,-15.82372,-47.90883,8.33,,,1,2023-06-16T21:10:42+00:00
BRA_340391,Brasília,5300108,,Urbi,0.053,https://moovitapp.com/index/pt-br/transporte_p%C3%BAblico-line-0_053-Brasilia-1702-851595-588803-0,-1.0,-15.85946,-48.04779,13.33,,,1,2023-06-16T21:10:42+00:00
BRA_339181,Brasília,5300108,,Urbi,0.082,https://moovitapp.com/index/pt-br/transporte_p%C3%BAblico-line-0_082-Brasilia-1702-851595-781326-0,-1.0,-15.85181,-47.95536,4.72,,,1,2023-06-16T21:10:42+00:00
BRA_338737,Brasília,5300108,,Urbi,0.810,https://moovitapp.com/index/pt-br/transporte_p%C3%BAblico-line-0_810-Brasilia-1702-851595-363856-0,-1.0,-15.90158,-48.05662,1.39,,,1,2023-06-16T21:10:42+00:00
BRA_340367,Brasília,5300108,,Urbi,391.3,https://moovitapp.com/index/pt-br/transporte_p%C3%BAblico-line-391_3-Brasilia-1702-851595-372373-0,-1.0,-15.75422,-47.89424,1.11,,,2,2023-06-16T21:10:43+00:00
BRA_336181,Brasília,5300108,,Urbi,871.3,https://moovitapp.com/index/pt-br/transporte_p%C3%BAblico-line-871_3-Brasilia-1702-851595-588820-0,-1.0,-15.73553,-47.89871,5.56,,,2,2023-06-16T21:10:43+00:00
BRA_333930,Brasília,5300108,,Urbi,366.1,https://moovitapp.com/index/pt-br/transporte_p%C3%BAblico-line-366_1-Brasilia-1702-851595-425249-0,-1.0,-15.8593,-48.06617,13.06,,,2,2023-06-16T21:10:43+00:00
BRA_336602,Brasília,5300108,,Urbi,0.881,https://moovitapp.com/index/pt-br/transporte_p%C3%BAblico-line-0_881-Brasilia-1702-851595-363857-0,-1.0,-15.80984,-47.95028,12.5,,,2,2023-06-16T21:10:44+00:00
BRA_335321,Brasília,5300108,,Urbi,396.3,https://moovitapp.com/index/pt-br/transporte_p%C3%BAblico-line-396_3-Brasilia-1702-851595-372378-0,-1.0,-15.76262,-47.89141,6.94,,,2,2023-06-16T21:10:45+00:00
BRA_335797,Brasília,5300108,,Urbi,392.2,https://moovitapp.com/index/pt-br/transporte_p%C3%BAblico-line-392_2-Brasilia-1702-851595-372374-0,-1.0,-15.79555,-47.87434,0.0,,,2,2023-06-16T21:10:45+00:00
BRA_337293,Brasília,5300108,,Urbi,871.3,https://moovitapp.com/index/pt-br/transporte_p%C3%BAblico-line-871_3-Brasilia-1702-851595-588820-0,-1.0,-15.89893,-48.0555,0.28,,,2,2023-06-16T21:10:45+00:00
BRA_339288,Brasília,5300108,,Urbi,372.2,https://moovitapp.com/index/pt-br/transporte_p%C3%BAblico-line-372_2-Brasilia-1702-851595-242592-0,-1.0,-15.82241,-48.06095,0.0,,,2,2023-06-16T21:10:46+00:00
BRA_335819,Brasília,5300108,,Urbi,392.2,https://moovitapp.com/index/pt-br/transporte_p%C3%BAblico-line-392_2-Brasilia-1702-851595-372374-0,-1.0,-15.73598,-47.90686,0.83,,,2,2023-06-16T21:10:46+00:00
BRA_335401,Brasília,5300108,,Urbi,0.391,https://moovitapp.com/index/pt-br/transporte_p%C3%BAblico-line-0_391-Brasilia-1702-851595-372354-0,-1.0,-15.87529,-48.04771,10.56,,,2,2023-06-16T21:10:46+00:00
BRA_335886,Brasília,5300108,,Urbi,844.3,https://moovitapp.com/index/pt-br/transporte_p%C3%BAblico-line-844_3-Brasilia-1702-851595-372389-0,-1.0,-15.78598,-47.94163,12.5,,,2,2023-06-16T21:10:46+00:00
BRA_335894,Brasília,5300108,,Urbi,0.050,https://moovitapp.com/index/pt-br/transporte_p%C3%BAblico-line-0_050-Brasilia-1702-851595-781325-0,-1.0,-15.85477,-48.07557,0.0,,,1,2023-06-16T21:10:47+00:00
BRA_338702,Brasília,5300108,,Urbi,0.809,https://moovitapp.com/index/pt-br/transporte_p%C3%BAblico-line-0_809-Brasilia-1702-851595-516630-0,-1.0,-15.79739,-47.88425,3.61,,,2,2023-06-16T21:10:47+00:00
BRA_339024,Brasília,5300108,,Urbi,813.2,https://moovitapp.com/index/pt-br/transporte_p%C3%BAblico-line-813_2-Brasilia-1702-851595-242636-0,-1.0,-15.7998,-47.89297,15.28,,,1,2023-06-16T21:10:48+00:00
BRA_338281,Brasília,5300108,,Urbi,0.368,https://moovitapp.com/index/pt-br/transporte_p%C3%BAblico-line-0_368-Brasilia-1702-851595-706971-0,-1.0,-15.84249,-48.04678,0.0,,,1,2023-06-16T21:10:48+00:00
BRA_339792,Brasília,5300108,,Urbi,2068,https://moovitapp.com/index/pt-br/transporte_p%C3%BAblico-line-2068-Brasilia-1702-851595-137934736-0,-1.0,-15.87465,-48.03923,2.78,,,2,2023-06-16T21:10:48+00:00
BRA_336033,Brasília,5300108,,Urbi,396.3,https://moovitapp.com/index/pt-br/transporte_p%C3%BAblico-line-396_3-Brasilia-1702-851595-372378-0,-1.0,-15.89699,-48.11811,0.0,,,2,2023-06-16T21:10:48+00:00
BRA_333921,Brasília,5300108,,Urbi,0.129,https://moovitapp.com/index/pt-br/transporte_p%C3%BAblico-line-0_129-Brasilia-1702-851595-775097-0,-1.0,-15.8556,-47.85927,13.06,,,2,2023-06-16T21:10:49+00:00
BRA_340073,Brasília,5300108,,Urbi,366.1,https://moovitapp.com/index/pt-br/transporte_p%C3%BAblico-line-366_1-Brasilia-1702-851595-425249-0,-1.0,-15.85921,-48.06392,13.89,,,1,2023-06-16T21:10:49+00:00
BRA_336670,Brasília,5300108,,Urbi,0.050,https://moovitapp.com/index/pt-br/transporte_p%C3%BAblico-line-0_050-Brasilia-1702-851595-781325-0,-1.0,-15.86561,-48.09292,9.17,,,1,2023-06-16T21:10:49+00:00
BRA_336688,Brasília,5300108,,Urbi,056.2,https://moovitapp.com/index/pt-br/transporte_p%C3%BAblico-line-056_2-Brasilia-1702-851595-492982-0,-1.0,-15.88636,-48.1191,0.0,,,1,2023-06-16T21:10:49+00:00
BRA_339229,Brasília,5300108,,Urbi,0.347,https://moovitapp.com/index/pt-br/transporte_p%C3%BAblico-line-0_347-Brasilia-1702-851595-347128-0,-1.0,-15.87276,-47.9728,0.0,,,2,2023-06-16T21:10:49+00:00
BRA_338419,Brasília,5300108,,Urbi,0.805,https://moovitapp.com/index/pt-br/transporte_p%C3%BAblico-line-0_805-Brasilia-1702-851595-460800-0,-1.0,-15.81718,-48.06271,0.0,,,1,2023-06-16T21:10:49+00:00
BRA_338672,Brasília,5300108,,Urbi,0.175,https://moovitapp.com/index/pt-br/transporte_p%C3%BAblico-line-0_175-Brasilia-1702-851595-242526-0,-1.0,-15.88298,-48.01665,1.11,,,1,2023-06-16T21:10:50+00:00
BRA_339814,Brasília,5300108,,Urbi,367.2,https://moovitapp.com/index/pt-br/transporte_p%C3%BAblico-line-367_2-Brasilia-1702-851595-454971-0,-1.0,-15.89113,-48.13976,12.5,,,1,2023-06-16T21:10:50+00:00
BRA_338044,Brasília,5300108,,Urbi,086.1,https://moovitapp.com/index/pt-br/transporte_p%C3%BAblico-line-086_1-Brasilia-1702-851595-481321-0,-1.0,-15.80502,-47.95087,15.28,,,1,2023-06-16T21:10:50+00:00
BRA_337994,Brasília,5300108,,Urbi,813.2,https://moovitapp.com/index/pt-br/transporte_p%C3%BAblico-line-813_2-Brasilia-1702-851595-242636-0,-1.0,-15.93323,-48.1087,0.0,,,1,2023-06-16T21:10:50+00:00
BRA_339245,Brasília,5300108,,Urbi,366.7,https://moovitapp.com/index/pt-br/transporte_p%C3%BAblico-line-366_7-Brasilia-1702-851595-650086-0,-1.0,-15.88962,-48.10981,10.0,,,2,2023-06-16T21:10:50+00:00
BRA_336882,Brasília,5300108,,Urbi,870.7,https://moovitapp.com/index/pt-br/transporte_p%C3%BAblico-line-870_7-Brasilia-1702-851595-531037-0,-1.0,-15.82491,-47.91039,18.33,,,1,2023-06-16T21:10:50+00:00
BRA_336742,Brasília,5300108,,Urbi,394.1,https://moovitapp.com/index/pt-br/transporte_p%C3%BAblico-line-394_1-Brasilia-1702-851595-334089-0,-1.0,-15.8528,-48.04034,0.0,,,2,2023-06-16T21:10:50+00:00
BRA_340413,Brasília,5300108,,Urbi,0.391,https://moovitapp.com/index/pt-br/transporte_p%C3%BAblico-line-0_391-Brasilia-1702-851595-372354-0,-1.0,-15.82121,-47.91864,0.0,,,2,2023-06-16T21:10:50+00:00
BRA_340189,Brasília,5300108,,Urbi,396.2,https://moovitapp.com/index/pt-br/transporte_p%C3%BAblico-line-396_2-Brasilia-1702-851595-372377-0,-1.0,-15.86666,-47.96608,6.94,,,2,2023-06-16T21:10:50+00:00
BRA_340294,Brasília,5300108,,Urbi,396.3,https://moovitapp.com/index/pt-br/transporte_p%C3%BAblico-line-396_3-Brasilia-1702-851595-372378-0,-1.0,-15.82136,-47.93602,13.33,,,2,2023-06-16T21:10:50+00:00
BRA_333875,Brasília,5300108,,Urbi,160.1,https://moovitapp.com/index/pt-br/transporte_p%C3%BAblico-line-160_1-Brasilia-1702-851595-476292-0,-1.0,-15.82144,-47.90805,13.06,,,2,2023-06-16T21:10:50+00:00
BRA_336246,Brasília,5300108,,Urbi,0.391,https://moovitapp.com/index/pt-br/transporte_p%C3%BAblico-line-0_391-Brasilia-1702-851595-372354-0,-1.0,-15.87418,-48.05414,13.33,,,2,2023-06-16T21:10:50+00:00
BRA_336131,Brasília,5300108,,Urbi,870.7,https://moovitapp.com/index/pt-br/transporte_p%C3%BAblico-line-870_7-Brasilia-1702-851595-531037-0,-1.0,-15.79302,-47.883,0.0,,,2,2023-06-16T21:10:50+00:00
BRA_335789,Brasília,5300108,,Urbi,0.835,https://moovitapp.com/index/pt-br/transporte_p%C3%BAblico-line-0_835-Brasilia-1702-851595-775100-0,-1.0,-15.88189,-48.05791,13.06,,,2,2023-06-16T21:10:50+00:00
BRA_335991,Brasília,5300108,,Urbi,0.835,https://moovitapp.com/index/pt-br/transporte_p%C3%BAblico-line-0_835-Brasilia-1702-851595-775100-0,-1.0,-15.86467,-47.96261,1.39,,,2,2023-06-16T21:10:50+00:00
BRA_336343,Brasília,5300108,,Urbi,0.394,https://moovitapp.com/index/pt-br/transporte_p%C3%BAblico-line-0_394-Brasilia-1702-851595-334076-0,-1.0,-15.84093,-48.04679,5.56,,,2,2023-06-16T21:10:50+00:00
BRA_335924,Brasília,5300108,,Urbi,396.3,https://moovitapp.com/index/pt-br/transporte_p%C3%BAblico-line-396_3-Brasilia-1702-851595-372378-0,-1.0,-15.84269,-47.95368,12.5,,,2,2023-06-16T21:10:51+00:00
BRA_336441,Brasília,5300108,,Urbi,0.813,https://moovitapp.com/index/pt-br/transporte_p%C3%BAblico-line-0_813-Brasilia-1702-851595-651523-0,-1.0,-15.81681,-48.01119,12.22,,,2,2023-06-16T21:10:51+00:00
BRA_335592,Brasília,5300108,,Urbi,0.391,https://moovitapp.com/index/pt-br/transporte_p%C3%BAblico-line-0_391-Brasilia-1702-851595-372354-0,-1.0,-15.88812,-48.12854,0.0,,,1,2023-06-16T21:10:51+00:00
BRA_335720,Brasília,5300108,,Urbi,393.4,https://moovitapp.com/index/pt-br/transporte_p%C3%BAblico-line-393_4-Brasilia-1702-851595-588816-0,-1.0,-15.89506,-48.11224,0.0,,,1,2023-06-16T21:10:51+00:00
BRA_340171,Brasília,5300108,,Urbi,373.2,https://moovitapp.com/index/pt-br/transporte_p%C3%BAblico-line-373_2-Brasilia-1702-851595-334084-0,-1.0,-15.89351,-48.14861,12.78,,,2,2023-06-16T21:10:51+00:00
BRA_340090,Brasília,5300108,,Urbi,056.4,https://moovitapp.com/index/pt-br/transporte_p%C3%BAblico-line-056_4-Brasilia-1702-851595-519387-0,-1.0,-15.88394,-48.15006,0.0,,,1,2023-06-16T21:10:51+00:00
BRA_336858,Brasília,5300108,,Urbi,0.816,https://moovitapp.com/index/pt-br/transporte_p%C3%BAblico-line-0_816-Brasilia-1702-851595-322387-0,-1.0,-15.73662,-47.89823,0.0,,,1,2023-06-16T21:10:51+00:00
BRA_338192,Brasília,5300108,,Urbi,0.884,https://moovitapp.com/index/pt-br/transporte_p%C3%BAblico-line-0_884-Brasilia-1702-851595-322393-0,-1.0,-15.89228,-48.04873,7.22,,,2,2023-06-16T21:10:51+00:00
BRA_338320,Brasília,5300108,,Urbi,0.809,https://moovitapp.com/index/pt-br/transporte_p%C3%BAblico-line-0_809-Brasilia-1702-851595-516630-0,-1.0,-15.85295,-47.95555,0.0,,,2,2023-06-16T21:10:51+00:00
BRA_338214,Brasília,5300108,,Urbi,0.898,https://moovitapp.com/index/pt-br/transporte_p%C3%BAblico-line-0_898-Brasilia-1702-851595-322394-0,-1.0,-15.83611,-48.08712,10.83,,,1,2023-06-16T21:10:52+00:00
BRA_338222,Brasília,5300108,,Urbi,0.087,https://moovitapp.com/index/pt-br/transporte_p%C3%BAblico-line-0_087-Brasilia-1702-851595-242519-0,-1.0,-15.81005,-47.95111,10.56,,,1,2023-06-16T21:10:52+00:00
BRA_338923,Brasília,5300108,,Urbi,0.818,https://moovitapp.com/index/pt-br/transporte_p%C3%BAblico-line-0_818-Brasilia-1702-851595-242550-0,-1.0,-15.90366,-48.07111,13.33,,,2,2023-06-16T21:10:52+00:00
BRA_339890,Brasília,5300108,,Urbi,0.393,https://moovitapp.com/index/pt-br/transporte_p%C3%BAblico-line-0_393-Brasilia-1702-851595-588805-0,-1.0,-15.81735,-48.06275,3.61,,,1,2023-06-16T21:10:52+00:00
BRA_340502,Brasília,5300108,,Urbi,393.6,https://moovitapp.com/index/pt-br/transporte_p%C3%BAblico-line-393_6-Brasilia-1702-851595-588817-0,-1.0,-15.89694,-48.11856,4.44,,,1,2023-06-16T21:10:52+00:00
BRA_340634,Brasília,5300108,,Urbi,373.2,https://moovitapp.com/index/pt-br/transporte_p%C3%BAblico-line-373_2-Brasilia-1702-851595-334084-0,-1.0,-15.81282,-47.89674,19.17,,,1,2023-06-16T21:10:52+00:00
BRA_340243,Brasília,5300108,,Urbi,160.2,https://moovitapp.com/index/pt-br/transporte_p%C3%BAblico-line-160_2-Brasilia-1702-851595-242581-0,-1.0,-15.73311,-47.88858,16.39,,,1,2023-06-16T21:10:52+00:00
BRA_340219,Brasília,5300108,,Urbi,0.366,https://moovitapp.com/index/pt-br/transporte_p%C3%BAblico-line-0_366-Brasilia-1702-851595-650085-0,-1.0,-15.87646,-48.0827,10.28,,,1,2023-06-16T21:10:52+00:00
BRA_335657,Brasília,5300108,,Urbi,393.4,https://moovitapp.com/index/pt-br/transporte_p%C3%BAblico-line-393_4-Brasilia-1702-851595-588816-0,-1.0,-15.84381,-48.05085,0.0,,,1,2023-06-16T21:10:52+00:00
BRA_335339,Brasília,5300108,,Urbi,3804,https://moovitapp.com/index/pt-br/transporte_p%C3%BAblico-line-3804-Brasilia-1702-851595-91943130-0,-1.0,-15.89084,-48.13995,15.56,,,2,2023-06-16T21:10:52+00:00
BRA_335509,Brasília,5300108,,Urbi,396.3,https://moovitapp.com/index/pt-br/transporte_p%C3%BAblico-line-396_3-Brasilia-1702-851595-372378-0,-1.0,-15.87584,-48.02626,16.11,,,2,2023-06-16T21:10:52+00:00
BRA_336432,Brasília,5300108,,Urbi,0.813,https://moovitapp.com/index/pt-br/transporte_p%C3%BAblico-line-0_813-Brasilia-1702-851595-651523-0,-1.0,-15.89884,-48.05522,7.22,,,2,2023-06-16T21:10:52+00:00
BRA_336416,Brasília,5300108,,Urbi,0.871,https://moovitapp.com/index/pt-br/transporte_p%C3%BAblico-line-0_871-Brasilia-1702-851595-418741-0,-1.0,-15.87452,-48.04691,0.0,,,2,2023-06-16T21:10:52+00:00
BRA_336491,Brasília,5300108,,Urbi,0.822,https://moovitapp.com/index/pt-br/transporte_p%C3%BAblico-line-0_822-Brasilia-1702-851595-775098-0,-1.0,-15.92756,-48.10775,13.33,,,2,2023-06-16T21:10:52+00:00
BRA_335860,Brasília,5300108,,Urbi,0.853,https://moovitapp.com/index/pt-br/transporte_p%C3%BAblico-line-0_853-Brasilia-1702-851595-454968-0,-1.0,-15.87599,-47.98789,13.06,,,2,2023-06-16T21:10:52+00:00
BRA_336092,Brasília,5300108,,Urbi,870.1,https://moovitapp.com/index/pt-br/transporte_p%C3%BAblico-line-870_1-Brasilia-1702-851595-715272-0,-1.0,-15.82864,-47.91802,11.11,,,2,2023-06-16T21:10:52+00:00
BRA_337102,Brasília,5300108,,Urbi,0.808,https://moovitapp.com/index/pt-br/transporte_p%C3%BAblico-line-0_808-Brasilia-1702-851595-372359-0,-1.0,-15.86426,-48.05693,0.0,,,1,2023-06-16T21:10:52+00:00
BRA_337315,Brasília,5300108,,Urbi,0.810,https://moovitapp.com/index/pt-br/transporte_p%C3%BAblico-line-0_810-Brasilia-1702-851595-363856-0,-1.0,-15.82001,-47.95027,1.94,,,2,2023-06-16T21:10:52+00:00
BRA_337676,Brasília,5300108,,Urbi,874.4,https://moovitapp.com/index/pt-br/transporte_p%C3%BAblico-line-874_4-Brasilia-1702-851595-775106-0,-1.0,-15.91905,-48.04865,0.28,,,2,2023-06-16T21:10:52+00:00
BRA_337552,Brasília,5300108,,Urbi,0.882,https://moovitapp.com/index/pt-br/transporte_p%C3%BAblico-line-0_882-Brasilia-1702-851595-363858-0,-1.0,-15.87445,-48.03605,18.33,,,2,2023-06-16T21:10:53+00:00
BRA_337269,Brasília,5300108,,Urbi,871.3,https://moovitapp.com/index/pt-br/transporte_p%C3%BAblico-line-871_3-Brasilia-1702-851595-588820-0,-1.0,-15.86307,-47.95847,16.11,,,1,2023-06-16T21:10:53+00:00
BRA_336050,Brasília,5300108,,Urbi,0.171,https://moovitapp.com/index/pt-br/transporte_p%C3%BAblico-line-0_171-Brasilia-1702-851595-242524-0,-1.0,-15.8255,-47.92415,10.28,,,2,2023-06-16T21:10:53+00:00
BRA_340308,Brasília,5300108,,Urbi,0.054,https://moovitapp.com/index/pt-br/transporte_p%C3%BAblico-line-0_054-Brasilia-1702-851595-454960-0,-1.0,-15.84369,-48.05066,4.72,,,1,2023-06-16T21:10:53+00:00
BRA_340065,Brasília,5300108,,Urbi,367.2,https://moovitapp.com/index/pt-br/transporte_p%C3%BAblico-line-367_2-Brasilia-1702-851595-454971-0,-1.0,-15.86779,-48.03233,0.0,,,1,2023-06-16T21:10:53+00:00
BRA_340111,Brasília,5300108,,Urbi,366.1,https://moovitapp.com/index/pt-br/transporte_p%C3%BAblico-line-366_1-Brasilia-1702-851595-425249-0,-1.0,-15.87052,-48.08961,11.67,,,2,2023-06-16T21:10:53+00:00
BRA_340626,Brasília,5300108,,Urbi,0.366,https://moovitapp.com/index/pt-br/transporte_p%C3%BAblico-line-0_366-Brasilia-1702-851595-650085-0,-1.0,-15.87625,-48.11352,8.89,,,2,2023-06-16T21:10:53+00:00
BRA_339326,Brasília,5300108,,Urbi,0.129,https://moovitapp.com/index/pt-br/transporte_p%C3%BAblico-line-0_129-Brasilia-1702-851595-775097-0,-1.0,-15.76009,-47.7812,0.0,,,2,2023-06-16T21:10:53+00:00
BRA_338141,Brasília,5300108,,Urbi,871.3,https://moovitapp.com/index/pt-br/transporte_p%C3%BAblico-line-871_3-Brasilia-1702-851595-588820-0,-1.0,-15.76664,-47.89031,4.44,,,2,2023-06-16T21:10:53+00:00
BRA_338486,Brasília,5300108,,Urbi,813.2,https://moovitapp.com/index/pt-br/transporte_p%C3%BAblico-line-813_2-Brasilia-1702-851595-242636-0,-1.0,-15.84397,-47.9409,14.44,,,2,2023-06-16T21:10:53+00:00
BRA_338401,Brasília,5300108,,Urbi,0.823,https://moovitapp.com/index/pt-br/transporte_p%C3%BAblico-line-0_823-Brasilia-1702-851595-401625-0,-1.0,-15.82357,-47.9811,6.11,,,2,2023-06-16T21:10:53+00:00
BRA_338371,Brasília,5300108,,Urbi,0.810,https://moovitapp.com/index/pt-br/transporte_p%C3%BAblico-line-0_810-Brasilia-1702-851595-363856-0,-1.0,-15.78551,-47.90374,7.22,,,2,2023-06-16T21:10:53+00:00
BRA_338303,Brasília,5300108,,Urbi,813.2,https://moovitapp.com/index/pt-br/transporte_p%C3%BAblico-line-813_2-Brasilia-1702-851595-242636-0,-1.0,-15.87741,-48.05088,16.94,,,2,2023-06-16T21:10:53+00:00
BRA_338311,Brasília,5300108,,Urbi,807.4,https://moovitapp.com/index/pt-br/transporte_p%C3%BAblico-line-807_4-Brasilia-1702-851595-29767840-0,-1.0,-15.91059,-48.09539,2.5,,,1,2023-06-16T21:10:54+00:00
BRA_338109,Brasília,5300108,,Urbi,805.9,https://moovitapp.com/index/pt-br/transporte_p%C3%BAblico-line-805_9-Brasilia-1702-851595-454983-0,-1.0,-15.84474,-48.04985,7.78,,,1,2023-06-16T21:10:54+00:00
BRA_337889,Brasília,5300108,,Urbi,872.2,https://moovitapp.com/index/pt-br/transporte_p%C3%BAblico-line-872_2-Brasilia-1702-851595-425251-0,-1.0,-15.89442,-48.04494,2.78,,,1,2023-06-16T21:10:54+00:00
BRA_338176,Brasília,5300108,,Urbi,0.806,https://moovitapp.com/index/pt-br/transporte_p%C3%BAblico-line-0_806-Brasilia-1702-851595-339299-0,-1.0,-15.91535,-48.04747,5.56,,,2,2023-06-16T21:10:54+00:00
BRA_338575,Brasília,5300108,,Urbi,0.808,https://moovitapp.com/index/pt-br/transporte_p%C3%BAblico-line-0_808-Brasilia-1702-851595-372359-0,-1.0,-15.78833,-48.13412,0.28,,,2,2023-06-16T21:10:54+00:00
BRA_338656,Brasília,5300108,,Urbi,0.812,https://moovitapp.com/index/pt-br/transporte_p%C3%BAblico-line-0_812-Brasilia-1702-851595-697958-0,-1.0,-15.80101,-48.135,0.0,,,1,2023-06-16T21:10:54+00:00
BRA_339270,Brasília,5300108,,Urbi,397.2,https://moovitapp.com/index/pt-br/transporte_p%C3%BAblico-line-397_2-Brasilia-1702-851595-890938-0,-1.0,-15.81118,-48.09192,0.0,,,2,2023-06-16T21:10:54+00:00
BRA_336777,Brasília,5300108,,Urbi,0.380,https://moovitapp.com/index/pt-br/transporte_p%C3%BAblico-line-0_380-Brasilia-1702-851595-334073-0,-1.0,-15.86532,-48.09338,1.94,,,1,2023-06-16T21:10:54+00:00
BRA_340731,Brasília,5300108,,Urbi,396.3,https://moovitapp.com/index/pt-br/transporte_p%C3%BAblico-line-396_3-Brasilia-1702-851595-372378-0,-1.0,-15.82133,-47.93602,13.06,,,2,2023-06-16T21:10:54+00:00
BRA_340596,Brasília,5300108,,Urbi,391.3,https://moovitapp.com/index/pt-br/transporte_p%C3%BAblico-line-391_3-Brasilia-1702-851595-372373-0,-1.0,-15.79996,-47.89348,5.56,,,2,2023-06-16T21:10:54+00:00
BRA_340481,Brasília,5300108,,Urbi,0.391,https://moovitapp.com/index/pt-br/transporte_p%C3%BAblico-line-0_391-Brasilia-1702-851595-372354-0,-1.0,-15.74962,-47.89536,17.78,,,1,2023-06-16T21:10:54+00:00
BRA_340456,Brasília,5300108,,Urbi,0.821,https://moovitapp.com/index/pt-br/transporte_p%C3%BAblico-line-0_821-Brasilia-1702-851595-334080-0,-1.0,-15.87361,-48.0415,0.0,,,2,2023-06-16T21:10:54+00:00
BRA_335312,Brasília,5300108,,Urbi,380.2,https://moovitapp.com/index/pt-br/transporte_p%C3%BAblico-line-380_2-Brasilia-1702-851595-334086-0,-1.0,-15.82302,-48.02347,16.67,,,1,2023-06-16T21:10:54+00:00
BRA_337412,Brasília,5300108,,Urbi,874.4,https://moovitapp.com/index/pt-br/transporte_p%C3%BAblico-line-874_4-Brasilia-1702-851595-775106-0,-1.0,-15.78288,-47.91501,11.67,,,2,2023-06-16T21:10:54+00:00
BRA_337561,Brasília,5300108,,Urbi,818.1,https://moovitapp.com/index/pt-br/transporte_p%C3%BAblico-line-818_1-Brasilia-1702-851595-242639-0,-1.0,-15.78865,-48.01617,7.78,,,2,2023-06-16T21:10:54+00:00
BRA_337587,Brasília,5300108,,Urbi,813.2,https://moovitapp.com/index/pt-br/transporte_p%C3%BAblico-line-813_2-Brasilia-1702-851595-242636-0,-1.0,-15.87721,-47.99774,1.39,,,1,2023-06-16T21:10:54+00:00
BRA_339610,Brasília,5300108,,Urbi,806.1,https://moovitapp.com/index/pt-br/transporte_p%C3%BAblico-line-806_1-Brasilia-1702-851595-775104-0,-1.0,-15.89312,-48.04639,3.33,,,2,2023-06-16T21:10:54+00:00
BRA_337625,Brasília,5300108,,Urbi,805.9,https://moovitapp.com/index/pt-br/transporte_p%C3%BAblico-line-805_9-Brasilia-1702-851595-454983-0,-1.0,-15.86522,-48.0558,0.0,,,1,2023-06-16T21:10:55+00:00
BRA_337145,Brasília,5300108,,Urbi,0.873,https://moovitapp.com/index/pt-br/transporte_p%C3%BAblico-line-0_873-Brasilia-1702-851595-510238-0,-1.0,-15.91042,-48.05838,7.22,,,1,2023-06-16T21:10:55+00:00
BRA_333981,Brasília,5300108,,Urbi,397.2,https://moovitapp.com/index/pt-br/transporte_p%C3%BAblico-line-397_2-Brasilia-1702-851595-890938-0,-1.0,-15.88814,-48.12416,0.0,,,2,2023-06-16T21:10:55+00:00
BRA_333905,Brasília,5300108,,Urbi,0.054,https://moovitapp.com/index/pt-br/transporte_p%C3%BAblico-line-0_054-Brasilia-1702-851595-454960-0,-1.0,-15.88965,-48.10254,9.72,,,1,2023-06-16T21:10:55+00:00
BRA_335665,Brasília,5300108,,Urbi,0.393,https://moovitapp.com/index/pt-br/transporte_p%C3%BAblico-line-0_393-Brasilia-1702-851595-588805-0,-1.0,-15.87811,-48.08984,0.0,,,1,2023-06-16T21:10:55+00:00
BRA_335550,Brasília,5300108,,Urbi,0.844,https://moovitapp.com/index/pt-br/transporte_p%C3%BAblico-line-0_844-Brasilia-1702-851595-519386-0,-1.0,-15.83377,-48.05763,9.44,,,2,2023-06-16T21:10:55+00:00
BRA_335622,Brasília,5300108,,Urbi,0.392,https://moovitapp.com/index/pt-br/transporte_p%C3%BAblico-line-0_392-Brasilia-1702-851595-334075-0,-1.0,-15.78906,-47.87341,13.06,,,2,2023-06-16T21:10:55+00:00
BRA_335754,Brasília,5300108,,Urbi,844.2,https://moovitapp.com/index/pt-br/transporte_p%C3%BAblico-line-844_2-Brasilia-1702-851595-339307-0,-1.0,-15.73619,-47.90632,0.0,,,2,2023-06-16T21:10:55+00:00
BRA_335908,Brasília,5300108,,Urbi,391.3,https://moovitapp.com/index/pt-br/transporte_p%C3%BAblico-line-391_3-Brasilia-1702-851595-372373-0,-1.0,-15.87126,-47.97532,0.0,,,2,2023-06-16T21:10:55+00:00
BRA_340341,Brasília,5300108,,Urbi,396.2,https://moovitapp.com/index/pt-br/transporte_p%C3%BAblico-line-396_2-Brasilia-1702-851595-372377-0,-1.0,-15.87074,-48.06262,2.22,,,1,2023-06-16T21:10:55+00:00
BRA_336866,Brasília,5300108,,Urbi,0.813,https://moovitapp.com/index/pt-br/transporte_p%C3%BAblico-line-0_813-Brasilia-1702-851595-651523-0,-1.0,-15.82082,-47.91798,11.67,,,2,2023-06-16T21:10:55+00:00
BRA_336700,Brasília,5300108,,Urbi,0.347,https://moovitapp.com/index/pt-br/transporte_p%C3%BAblico-line-0_347-Brasilia-1702-851595-347128-0,-1.0,-15.84398,-48.1048,0.0,,,1,2023-06-16T21:10:55+00:00
BRA_339211,Brasília,5300108,,Urbi,0.391,https://moovitapp.com/index/pt-br/transporte_p%C3%BAblico-line-0_391-Brasilia-1702-851595-372354-0,-1.0,-15.73537,-47.90303,11.94,,,1,2023-06-16T21:10:55+00:00
BRA_339296,Brasília,5300108,,Urbi,396.3,https://moovitapp.com/index/pt-br/transporte_p%C3%BAblico-line-396_3-Brasilia-1702-851595-372378-0,-1.0,-15.73768,-47.89927,4.17,,,2,2023-06-16T21:10:55+00:00
BRA_338648,Brasília,5300108,,Urbi,0.818,https://moovitapp.com/index/pt-br/transporte_p%C3%BAblico-line-0_818-Brasilia-1702-851595-242550-0,-1.0,-15.80213,-47.97058,0.0,,,2,2023-06-16T21:10:55+00:00
BRA_338699,Brasília,5300108,,Urbi,872.2,https://moovitapp.com/index/pt-br/transporte_p%C3%BAblico-line-872_2-Brasilia-1702-851595-425251-0,-1.0,-15.8742,-48.04202,8.89,,,1,2023-06-16T21:10:55+00:00
BRA_338168,Brasília,5300108,,Urbi,870.1,https://moovitapp.com/index/pt-br/transporte_p%C3%BAblico-line-870_1-Brasilia-1702-851595-715272-0,-1.0,-15.85687,-47.95623,2.78,,,2,2023-06-16T21:10:55+00:00
BRA_337960,Brasília,5300108,,Urbi,872.1,https://moovitapp.com/index/pt-br/transporte_p%C3%BAblico-line-872_1-Brasilia-1702-851595-470760-0,-1.0,-15.88894,-48.05271,9.44,,,1,2023-06-16T21:10:55+00:00
BRA_337943,Brasília,5300108,,Urbi,871.3,https://moovitapp.com/index/pt-br/transporte_p%C3%BAblico-line-871_3-Brasilia-1702-851595-588820-0,-1.0,-15.92429,-48.05175,1.11,,,2,2023-06-16T21:10:56+00:00
BRA_338478,Brasília,5300108,,Urbi,0.886,https://moovitapp.com/index/pt-br/transporte_p%C3%BAblico-line-0_886-Brasilia-1702-851595-704024-0,-1.0,-15.80877,-48.08499,0.0,,,2,2023-06-16T21:10:56+00:00
BRA_338991,Brasília,5300108,,Urbi,0.822,https://moovitapp.com/index/pt-br/transporte_p%C3%BAblico-line-0_822-Brasilia-1702-851595-775098-0,-1.0,-15.90918,-48.08794,7.5,,,2,2023-06-16T21:10:56+00:00
BRA_338630,Brasília,5300108,,Urbi,0.038,https://moovitapp.com/index/pt-br/transporte_p%C3%BAblico-line-0_038-Brasilia-1702-851595-687419-0,-1.0,-15.81624,-48.06656,9.17,,,1,2023-06-16T21:10:56+00:00
BRA_338681,Brasília,5300108,,Urbi,872.9,https://moovitapp.com/index/pt-br/transporte_p%C3%BAblico-line-872_9-Brasilia-1702-851595-372394-0,-1.0,-15.87187,-48.05728,3.33,,,1,2023-06-16T21:10:56+00:00
BRA_338559,Brasília,5300108,,Urbi,0.172,https://moovitapp.com/index/pt-br/transporte_p%C3%BAblico-line-0_172-Brasilia-1702-851595-470756-0,-1.0,-15.79777,-47.8848,4.72,,,2,2023-06-16T21:10:56+00:00
BRA_339300,Brasília,5300108,,Urbi,3403,https://moovitapp.com/index/pt-br/transporte_p%C3%BAblico-line-3403-Brasilia-1702-851595-98259418-0,-1.0,-15.88202,-48.08628,5.28,,,1,2023-06-16T21:10:56+00:00
BRA_336815,Brasília,5300108,,Urbi,0.871,https://moovitapp.com/index/pt-br/transporte_p%C3%BAblico-line-0_871-Brasilia-1702-851595-418741-0,-1.0,-15.80979,-47.95049,18.06,,,2,2023-06-16T21:10:56+00:00
BRA_340162,Brasília,5300108,,Urbi,0.050,https://moovitapp.com/index/pt-br/transporte_p%C3%BAblico-line-0_050-Brasilia-1702-851595-781325-0,-1.0,-15.82234,-48.06103,0.0,,,1,2023-06-16T21:10:56+00:00
BRA_340146,Brasília,5300108,,Urbi,391.3,https://moovitapp.com/index/pt-br/transporte_p%C3%BAblico-line-391_3-Brasilia-1702-851595-372373-0,-1.0,-15.87443,-47.98058,17.78,,,1,2023-06-16T21:10:56+00:00
BRA_336173,Brasília,5300108,,Urbi,813.2,https://moovitapp.com/index/pt-br/transporte_p%C3%BAblico-line-813_2-Brasilia-1702-851595-242636-0,-1.0,-15.74483,-47.89734,0.0,,,2,2023-06-16T21:10:56+00:00
BRA_335827,Brasília,5300108,,Urbi,0.366,https://moovitapp.com/index/pt-br/transporte_p%C3%BAblico-line-0_366-Brasilia-1702-851595-650085-0,-1.0,-15.8837,-48.14991,0.0,,,2,2023-06-16T21:10:56+00:00
BRA_335584,Brasília,5300108,,Urbi,0.367,https://moovitapp.com/index/pt-br/transporte_p%C3%BAblico-line-0_367-Brasilia-1702-851595-519380-0,-1.0,-15.86543,-48.03354,4.44,,,1,2023-06-16T21:10:56+00:00
BRA_336963,Brasília,5300108,,Urbi,0.805,https://moovitapp.com/index/pt-br/transporte_p%C3%BAblico-line-0_805-Brasilia-1702-851595-460800-0,-1.0,-15.90388,-48.07138,0.0,,,1,2023-06-16T21:10:56+00:00
BRA_337650,Brasília,5300108,,Urbi,0.177,https://moovitapp.com/index/pt-br/transporte_p%C3%BAblico-line-0_177-Brasilia-1702-851595-242528-0,-1.0,-15.85441,-47.95581,8.89,,,1,2023-06-16T21:10:56+00:00
BRA_337731,Brasília,5300108,,Urbi,870.1,https://moovitapp.com/index/pt-br/transporte_p%C3%BAblico-line-870_1-Brasilia-1702-851595-715272-0,-1.0,-15.94892,-48.03365,11.39,,,2,2023-06-16T21:10:56+00:00
BRA_337811,Brasília,5300108,,Urbi,872.2,https://moovitapp.com/index/pt-br/transporte_p%C3%BAblico-line-872_2-Brasilia-1702-851595-425251-0,-1.0,-15.90905,-48.0639,10.56,,,1,2023-06-16T21:10:57+00:00
BRA_336572,Brasília,5300108,,Urbi,0.813,https://moovitapp.com/index/pt-br/transporte_p%C3%BAblico-line-0_813-Brasilia-1702-851595-651523-0,-1.0,-15.90301,-48.06092,4.72,,,1,2023-06-16T21:10:57+00:00
BRA_337196,Brasília,5300108,,Urbi,0.816,https://moovitapp.com/index/pt-br/transporte_p%C3%BAblico-line-0_816-Brasilia-1702-851595-322387-0,-1.0,-15.81613,-47.89009,10.56,,,2,2023-06-16T21:10:57+00:00
BRA_335398,Brasília,5300108,,Urbi,0.853,https://moovitapp.com/index/pt-br/transporte_p%C3%BAblico-line-0_853-Brasilia-1702-851595-454968-0,-1.0,-15.79491,-47.87632,6.39,,,2,2023-06-16T21:10:57+00:00
BRA_336017,Brasília,5300108,,Urbi,373.3,https://moovitapp.com/index/pt-br/transporte_p%C3%BAblico-line-373_3-Brasilia-1702-851595-708650-0,-1.0,-15.7861,-48.00155,6.67,,,2,2023-06-16T21:10:57+00:00
BRA_336483,Brasília,5300108,,Urbi,813.1,https://moovitapp.com/index/pt-br/transporte_p%C3%BAblico-line-813_1-Brasilia-1702-851595-242635-0,-1.0,-15.92111,-48.10769,0.0,,,1,2023-06-16T21:10:57+00:00
BRA_339920,Brasília,5300108,,Urbi,0.346,https://moovitapp.com/index/pt-br/transporte_p%C3%BAblico-line-0_346-Brasilia-1702-851595-46461186-0,-1.0,-15.80883,-48.14855,0.0,,,2,2023-06-16T21:10:57+00:00
BRA_335851,Brasília,5300108,,Urbi,0.082,https://moovitapp.com/index/pt-br/transporte_p%C3%BAblico-line-0_082-Brasilia-1702-851595-781326-0,-1.0,-15.76727,-47.93577,6.94,,,1,2023-06-16T21:10:57+00:00
BRA_339105,Brasília,5300108,,Urbi,870.9,https://moovitapp.com/index/pt-br/transporte_p%C3%BAblico-line-870_9-Brasilia-1702-851595-775105-0,-1.0,-15.89409,-48.04531,8.06,,,2,2023-06-16T21:10:57+00:00
BRA_338508,Brasília,5300108,,Urbi,0.808,https://moovitapp.com/index/pt-br/transporte_p%C3%BAblico-line-0_808-Brasilia-1702-851595-372359-0,-1.0,-15.90207,-48.05827,0.56,,,1,2023-06-16T21:10:57+00:00
BRA_337986,Brasília,5300108,,Urbi,807.1,https://moovitapp.com/index/pt-br/transporte_p%C3%BAblico-line-807_1-Brasilia-1702-851595-322407-0,-1.0,-15.92887,-48.10872,10.56,,,2,2023-06-16T21:10:58+00:00
BRA_338036,Brasília,5300108,,Urbi,0.808,https://moovitapp.com/index/pt-br/transporte_p%C3%BAblico-line-0_808-Brasilia-1702-851595-372359-0,-1.0,-15.81467,-48.09897,0.0,,,2,2023-06-16T21:10:58+00:00
BRA_338001,Brasília,5300108,,Urbi,0.809,https://moovitapp.com/index/pt-br/transporte_p%C3%BAblico-line-0_809-Brasilia-1702-851595-516630-0,-1.0,-15.88618,-48.05919,1.94,,,2,2023-06-16T21:10:58+00:00
BRA_338010,Brasília,5300108,,Urbi,0.812,https://moovitapp.com/index/pt-br/transporte_p%C3%BAblico-line-0_812-Brasilia-1702-851595-697958-0,-1.0,-15.91875,-48.10172,8.89,,,1,2023-06-16T21:10:58+00:00
BRA_339121,Brasília,5300108,,Urbi,0.884,https://moovitapp.com/index/pt-br/transporte_p%C3%BAblico-line-0_884-Brasilia-1702-851595-322393-0,-1.0,-15.79824,-47.87251,0.0,,,2,2023-06-16T21:10:58+00:00
BRA_339083,Brasília,5300108,,Urbi,0.175,https://moovitapp.com/index/pt-br/transporte_p%C3%BAblico-line-0_175-Brasilia-1702-851595-242526-0,-1.0,-15.82309,-47.9212,11.94,,,2,2023-06-16T21:10:58+00:00
BRA_338524,Brasília,5300108,,Urbi,0.819,https://moovitapp.com/index/pt-br/transporte_p%C3%BAblico-line-0_819-Brasilia-1702-851595-418739-0,-1.0,-15.80176,-47.87808,12.78,,,2,2023-06-16T21:10:58+00:00
BRA_339954,Brasília,5300108,,Urbi,0.825,https://moovitapp.com/index/pt-br/transporte_p%C3%BAblico-line-0_825-Brasilia-1702-851595-334081-0,-1.0,-15.87417,-48.04596,4.17,,,2,2023-06-16T21:10:58+00:00
BRA_340430,Brasília,5300108,,Urbi,0.129,https://moovitapp.com/index/pt-br/transporte_p%C3%BAblico-line-0_129-Brasilia-1702-851595-775097-0,-1.0,-15.8661,-47.96289,0.0,,,1,2023-06-16T21:10:58+00:00
BRA_335878,Brasília,5300108,,Urbi,3944,https://moovitapp.com/index/pt-br/transporte_p%C3%BAblico-line-3944-Brasilia-1702-851595-90452197-0,-1.0,-15.78581,-47.91177,0.0,,,2,2023-06-16T21:10:58+00:00
BRA_336157,Brasília,5300108,,Urbi,0.898,https://moovitapp.com/index/pt-br/transporte_p%C3%BAblico-line-0_898-Brasilia-1702-851595-322394-0,-1.0,-15.92646,-48.04378,8.61,,,1,2023-06-16T21:10:58+00:00
BRA_333832,Brasília,5300108,,Urbi,0.366,https://moovitapp.com/index/pt-br/transporte_p%C3%BAblico-line-0_366-Brasilia-1702-851595-650085-0,-1.0,-15.86046,-48.06226,8.33,,,1,2023-06-16T21:10:58+00:00
BRA_333891,Brasília,5300108,,Urbi,0.844,https://moovitapp.com/index/pt-br/transporte_p%C3%BAblico-line-0_844-Brasilia-1702-851595-519386-0,-1.0,-15.75913,-47.93637,3.61,,,2,2023-06-16T21:10:58+00:00
BRA_335576,Brasília,5300108,,Urbi,0.391,https://moovitapp.com/index/pt-br/transporte_p%C3%BAblico-line-0_391-Brasilia-1702-851595-372354-0,-1.0,-15.83299,-47.95258,9.44,,,2,2023-06-16T21:10:58+00:00
BRA_336939,Brasília,5300108,,Urbi,870.9,https://moovitapp.com/index/pt-br/transporte_p%C3%BAblico-line-870_9-Brasilia-1702-851595-775105-0,-1.0,-15.86319,-47.95909,5.28,,,2,2023-06-16T21:10:58+00:00
BRA_339628,Brasília,5300108,,Urbi,8111,https://moovitapp.com/index/pt-br/transporte_p%C3%BAblico-line-8111-Brasilia-1702-851595-98259424-0,-1.0,-15.82784,-47.92793,0.0,,,2,2023-06-16T21:10:58+00:00
BRA_339580,Brasília,5300108,,Urbi,807.6,https://moovitapp.com/index/pt-br/transporte_p%C3%BAblico-line-807_6-Brasilia-1702-851595-334092-0,-1.0,-15.90851,-48.06495,0.0,,,1,2023-06-16T21:10:58+00:00
BRA_337838,Brasília,5300108,,Urbi,0.809,https://moovitapp.com/index/pt-br/transporte_p%C3%BAblico-line-0_809-Brasilia-1702-851595-516630-0,-1.0,-15.92671,-48.10692,14.44,,,2,2023-06-16T21:10:59+00:00
BRA_336971,Brasília,5300108,,Urbi,0.172,https://moovitapp.com/index/pt-br/transporte_p%C3%BAblico-line-0_172-Brasilia-1702-851595-470756-0,-1.0,-15.85507,-47.95588,7.78,,,2,2023-06-16T21:10:59+00:00
BRA_337374,Brasília,5300108,,Urbi,0.873,https://moovitapp.com/index/pt-br/transporte_p%C3%BAblico-line-0_873-Brasilia-1702-851595-510238-0,-1.0,-15.89203,-48.04845,6.11,,,2,2023-06-16T21:10:59+00:00
BRA_335355,Brasília,5300108,,Urbi,373.2,https://moovitapp.com/index/pt-br/transporte_p%C3%BAblico-line-373_2-Brasilia-1702-851595-334084-0,-1.0,-15.88388,-48.14985,0.0,,,1,2023-06-16T21:10:59+00:00
BRA_336076,Brasília,5300108,,Urbi,0.391,https://moovitapp.com/index/pt-br/transporte_p%C3%BAblico-line-0_391-Brasilia-1702-851595-372354-0,-1.0,-15.78634,-47.88807,2.78,,,2,2023-06-16T21:10:59+00:00
BRA_336327,Brasília,5300108,,Urbi,0.380,https://moovitapp.com/index/pt-br/transporte_p%C3%BAblico-line-0_380-Brasilia-1702-851595-334073-0,-1.0,-15.79368,-47.88271,5.28,,,1,2023-06-16T21:10:59+00:00
BRA_340511,Brasília,5300108,,Urbi,391.3,https://moovitapp.com/index/pt-br/transporte_p%C3%BAblico-line-391_3-Brasilia-1702-851595-372373-0,-1.0,-15.83646,-47.95287,8.06,,,2,2023-06-16T21:10:59+00:00
BRA_340529,Brasília,5300108,,Urbi,0.347,https://moovitapp.com/index/pt-br/transporte_p%C3%BAblico-line-0_347-Brasilia-1702-851595-347128-0,-1.0,-15.84298,-48.10324,0.0,,,2,2023-06-16T21:10:59+00:00
BRA_340278,Brasília,5300108,,Urbi,0.056,https://moovitapp.com/index/pt-br/transporte_p%C3%BAblico-line-0_056-Brasilia-1702-851595-588804-0,-1.0,-15.86148,-48.06051,7.78,,,1,2023-06-16T21:10:59+00:00
BRA_339903,Brasília,5300108,,Urbi,0.171,https://moovitapp.com/index/pt-br/transporte_p%C3%BAblico-line-0_171-Brasilia-1702-851595-242524-0,-1.0,-15.7359,-47.90702,0.0,,,2,2023-06-16T21:10:59+00:00
BRA_339202,Brasília,5300108,,Urbi,396.2,https://moovitapp.com/index/pt-br/transporte_p%C3%BAblico-line-396_2-Brasilia-1702-851595-372377-0,-1.0,-15.73596,-47.90718,0.0,,,2,2023-06-16T21:10:59+00:00
BRA_339164,Brasília,5300108,,Urbi,0.960,https://moovitapp.com/index/pt-br/transporte_p%C3%BAblico-line-0_960-Brasilia-1702-851595-29427890-0,-1.0,-15.80506,-48.04266,1.11,,,2,2023-06-16T21:10:59+00:00
BRA_338583,Brasília,5300108,,Urbi,813.2,https://moovitapp.com/index/pt-br/transporte_p%C3%BAblico-line-813_2-Brasilia-1702-851595-242636-0,-1.0,-15.77175,-47.88902,9.72,,,2,2023-06-16T21:10:59+00:00
BRA_339059,Brasília,5300108,,Urbi,0.810,https://moovitapp.com/index/pt-br/transporte_p%C3%BAblico-line-0_810-Brasilia-1702-851595-363856-0,-1.0,-15.79329,-47.88296,0.56,,,2,2023-06-16T21:10:59+00:00
BRA_338290,Brasília,5300108,,Urbi,0.882,https://moovitapp.com/index/pt-br/transporte_p%C3%BAblico-line-0_882-Brasilia-1702-851595-363858-0,-1.0,-15.87618,-47.9897,10.83,,,2,2023-06-16T21:10:59+00:00
BRA_338150,Brasília,5300108,,Urbi,812.2,https://moovitapp.com/index/pt-br/transporte_p%C3%BAblico-line-812_2-Brasilia-1702-851595-418746-0,-1.0,-15.91905,-48.05621,0.83,,,1,2023-06-16T21:11:00+00:00
BRA_338397,Brasília,5300108,,Urbi,0.176,https://moovitapp.com/index/pt-br/transporte_p%C3%BAblico-line-0_176-Brasilia-1702-851595-242527-0,-1.0,-15.88599,-48.02293,0.0,,,1,2023-06-16T21:11:00+00:00
BRA_338877,Brasília,5300108,,Urbi,805.1,https://moovitapp.com/index/pt-br/transporte_p%C3%BAblico-line-805_1-Brasilia-1702-851595-454980-0,-1.0,-15.87463,-48.03923,13.06,,,1,2023-06-16T21:11:00+00:00
BRA_339334,Brasília,5300108,,Urbi,0.851,https://moovitapp.com/index/pt-br/transporte_p%C3%BAblico-line-0_851-Brasilia-1702-851595-372361-0,-1.0,-15.83315,-47.91222,0.0,,,2,2023-06-16T21:11:00+00:00
BRA_340022,Brasília,5300108,,Urbi,392.2,https://moovitapp.com/index/pt-br/transporte_p%C3%BAblico-line-392_2-Brasilia-1702-851595-372374-0,-1.0,-15.85892,-48.06743,9.17,,,2,2023-06-16T21:11:00+00:00
BRA_339997,Brasília,5300108,,Urbi,396.2,https://moovitapp.com/index/pt-br/transporte_p%C3%BAblico-line-396_2-Brasilia-1702-851595-372377-0,-1.0,-15.84635,-47.95428,12.78,,,2,2023-06-16T21:11:00+00:00
BRA_336220,Brasília,5300108,,Urbi,0.394,https://moovitapp.com/index/pt-br/transporte_p%C3%BAblico-line-0_394-Brasilia-1702-851595-334076-0,-1.0,-15.80402,-47.92389,0.0,,,2,2023-06-16T21:11:00+00:00
BRA_336203,Brasília,5300108,,Urbi,0.380,https://moovitapp.com/index/pt-br/transporte_p%C3%BAblico-line-0_380-Brasilia-1702-851595-334073-0,-1.0,-15.80838,-47.95966,16.39,,,2,2023-06-16T21:11:00+00:00
BRA_335444,Brasília,5300108,,Urbi,3804,https://moovitapp.com/index/pt-br/transporte_p%C3%BAblico-line-3804-Brasilia-1702-851595-91943130-0,-1.0,-15.84145,-48.05729,0.0,,,2,2023-06-16T21:11:00+00:00
BRA_335801,Brasília,5300108,,Urbi,0.373,https://moovitapp.com/index/pt-br/transporte_p%C3%BAblico-line-0_373-Brasilia-1702-851595-334072-0,-1.0,-15.85626,-48.07891,6.11,,,2,2023-06-16T21:11:00+00:00
BRA_336599,Brasília,5300108,,Urbi,0.813,https://moovitapp.com/index/pt-br/transporte_p%C3%BAblico-line-0_813-Brasilia-1702-851595-651523-0,-1.0,-15.90383,-48.07135,5.56,,,2,2023-06-16T21:11:00+00:00
BRA_337609,Brasília,5300108,,Urbi,0.811,https://moovitapp.com/index/pt-br/transporte_p%C3%BAblico-line-0_811-Brasilia-1702-851595-334078-0,-1.0,-15.7754,-47.88827,7.22,,,2,2023-06-16T21:11:00+00:00
BRA_337161,Brasília,5300108,,Urbi,0.810,https://moovitapp.com/index/pt-br/transporte_p%C3%BAblico-line-0_810-Brasilia-1702-851595-363856-0,-1.0,-15.82554,-47.95129,0.0,,,2,2023-06-16T21:11:01+00:00
BRA_336955,Brasília,5300108,,Urbi,084.1,https://moovitapp.com/index/pt-br/transporte_p%C3%BAblico-line-084_1-Brasilia-1702-851595-466292-0,-1.0,-15.87689,-47.99769,13.06,,,1,2023-06-16T21:11:01+00:00
BRA_333883,Brasília,5300108,,Urbi,0.373,https://moovitapp.com/index/pt-br/transporte_p%C3%BAblico-line-0_373-Brasilia-1702-851595-334072-0,-1.0,-15.87528,-47.9823,17.5,,,1,2023-06-16T21:11:01+00:00
BRA_336041,Brasília,5300108,,Urbi,391.3,https://moovitapp.com/index/pt-br/transporte_p%C3%BAblico-line-391_3-Brasilia-1702-851595-372373-0,-1.0,-15.89072,-48.14474,14.44,,,2,2023-06-16T21:11:01+00:00
BRA_336262,Brasília,5300108,,Urbi,380.2,https://moovitapp.com/index/pt-br/transporte_p%C3%BAblico-line-380_2-Brasilia-1702-851595-334086-0,-1.0,-15.78764,-47.89628,1.94,,,2,2023-06-16T21:11:01+00:00
BRA_339971,Brasília,5300108,,Urbi,0.171,https://moovitapp.com/index/pt-br/transporte_p%C3%BAblico-line-0_171-Brasilia-1702-851595-242524-0,-1.0,-15.80058,-47.89365,13.33,,,1,2023-06-16T21:11:01+00:00
BRA_336807,Brasília,5300108,,Urbi,0.851,https://moovitapp.com/index/pt-br/transporte_p%C3%BAblico-line-0_851-Brasilia-1702-851595-372361-0,-1.0,-15.87462,-48.07647,5.56,,,2,2023-06-16T21:11:01+00:00
BRA_340561,Brasília,5300108,,Urbi,0.821,https://moovitapp.com/index/pt-br/transporte_p%C3%BAblico-line-0_821-Brasilia-1702-851595-334080-0,-1.0,-15.85969,-47.95674,7.5,,,2,2023-06-16T21:11:01+00:00
BRA_340448,Brasília,5300108,,Urbi,0.373,https://moovitapp.com/index/pt-br/transporte_p%C3%BAblico-line-0_373-Brasilia-1702-851595-334072-0,-1.0,-15.87126,-47.97532,11.39,,,2,2023-06-16T21:11:01+00:00
BRA_339091,Brasília,5300108,,Urbi,805.1,https://moovitapp.com/index/pt-br/transporte_p%C3%BAblico-line-805_1-Brasilia-1702-851595-454980-0,-1.0,-15.84575,-48.04411,0.0,,,1,2023-06-16T21:11:01+00:00
BRA_338605,Brasília,5300108,,Urbi,813.2,https://moovitapp.com/index/pt-br/transporte_p%C3%BAblico-line-813_2-Brasilia-1702-851595-242636-0,-1.0,-15.86685,-47.9668,2.22,,,2,2023-06-16T21:11:01+00:00
BRA_339865,Brasília,5300108,,Urbi,0.391,https://moovitapp.com/index/pt-br/transporte_p%C3%BAblico-line-0_391-Brasilia-1702-851595-372354-0,-1.0,-15.81162,-47.94891,10.28,,,2,2023-06-16T21:11:01+00:00
BRA_338729,Brasília,5300108,,Urbi,0.872,https://moovitapp.com/index/pt-br/transporte_p%C3%BAblico-line-0_872-Brasilia-1702-851595-466291-0,-1.0,-15.82288,-48.06086,0.28,,,1,2023-06-16T21:11:01+00:00
BRA_338117,Brasília,5300108,,Urbi,0.809,https://moovitapp.com/index/pt-br/transporte_p%C3%BAblico-line-0_809-Brasilia-1702-851595-516630-0,-1.0,-15.84215,-47.95184,14.17,,,1,2023-06-16T21:11:01+00:00
BRA_338125,Brasília,5300108,,Urbi,0.808,https://moovitapp.com/index/pt-br/transporte_p%C3%BAblico-line-0_808-Brasilia-1702-851595-372359-0,-1.0,-15.81903,-48.10804,0.0,,,1,2023-06-16T21:11:02+00:00
BRA_339806,Brasília,5300108,,Urbi,372.5,https://moovitapp.com/index/pt-br/transporte_p%C3%BAblico-line-372_5-Brasilia-1702-851595-519391-0,-1.0,-15.83815,-48.07552,16.94,,,1,2023-06-16T21:11:02+00:00
BRA_338460,Brasília,5300108,,Urbi,0.172,https://moovitapp.com/index/pt-br/transporte_p%C3%BAblico-line-0_172-Brasilia-1702-851595-470756-0,-1.0,-15.87787,-48.0102,0.0,,,2,2023-06-16T21:11:02+00:00
BRA_338451,Brasília,5300108,,Urbi,0.809,https://moovitapp.com/index/pt-br/transporte_p%C3%BAblico-line-0_809-Brasilia-1702-851595-516630-0,-1.0,-15.87449,-48.04003,10.83,,,1,2023-06-16T21:11:02+00:00
BRA_338273,Brasília,5300108,,Urbi,0.809,https://moovitapp.com/index/pt-br/transporte_p%C3%BAblico-line-0_809-Brasilia-1702-851595-516630-0,-1.0,-15.87615,-47.98935,9.72,,,2,2023-06-16T21:11:02+00:00
BRA_338087,Brasília,5300108,,Urbi,0.898,https://moovitapp.com/index/pt-br/transporte_p%C3%BAblico-line-0_898-Brasilia-1702-851595-322394-0,-1.0,-15.8374,-48.04767,5.28,,,1,2023-06-16T21:11:02+00:00
BRA_340251,Brasília,5300108,,Urbi,0.129,https://moovitapp.com/index/pt-br/transporte_p%C3%BAblico-line-0_129-Brasilia-1702-851595-775097-0,-1.0,-15.87741,-47.95997,9.72,,,2,2023-06-16T21:11:02+00:00
BRA_340359,Brasília,5300108,,Urbi,119.0,https://moovitapp.com/index/pt-br/transporte_p%C3%BAblico-line-119_0-Brasilia-1702-851595-139513625-0,-1.0,-15.92249,-47.94893,8.33,,,1,2023-06-16T21:11:02+00:00
BRA_340405,Brasília,5300108,,Urbi,366.7,https://moovitapp.com/index/pt-br/transporte_p%C3%BAblico-line-366_7-Brasilia-1702-851595-650086-0,-1.0,-15.87655,-48.08556,0.28,,,2,2023-06-16T21:11:02+00:00
BRA_340031,Brasília,5300108,,Urbi,0.053,https://moovitapp.com/index/pt-br/transporte_p%C3%BAblico-line-0_053-Brasilia-1702-851595-588803-0,-1.0,-15.83173,-48.05046,9.44,,,1,2023-06-16T21:11:02+00:00
BRA_335932,Brasília,5300108,,Urbi,396.3,https://moovitapp.com/index/pt-br/transporte_p%C3%BAblico-line-396_3-Brasilia-1702-851595-372378-0,-1.0,-15.78404,-47.88777,6.67,,,2,2023-06-16T21:11:02+00:00
BRA_333867,Brasília,5300108,,Urbi,0.841,https://moovitapp.com/index/pt-br/transporte_p%C3%BAblico-line-0_841-Brasilia-1702-851595-339302-0,-1.0,-15.81826,-48.016,12.5,,,2,2023-06-16T21:11:02+00:00
BRA_335568,Brasília,5300108,,Urbi,845.2,https://moovitapp.com/index/pt-br/transporte_p%C3%BAblico-line-845_2-Brasilia-1702-851595-669624-0,-1.0,-15.84035,-47.96775,8.61,,,2,2023-06-16T21:11:02+00:00
BRA_335614,Brasília,5300108,,Urbi,393.4,https://moovitapp.com/index/pt-br/transporte_p%C3%BAblico-line-393_4-Brasilia-1702-851595-588816-0,-1.0,-15.85312,-48.04565,3.61,,,1,2023-06-16T21:11:02+00:00
BRA_337153,Brasília,5300108,,Urbi,874.4,https://moovitapp.com/index/pt-br/transporte_p%C3%BAblico-line-874_4-Brasilia-1702-851595-775106-0,-1.0,-15.89166,-48.05716,3.89,,,1,2023-06-16T21:11:02+00:00
BRA_337005,Brasília,5300108,,Urbi,870.7,https://moovitapp.com/index/pt-br/transporte_p%C3%BAblico-line-870_7-Brasilia-1702-851595-531037-0,-1.0,-15.86419,-47.96096,5.83,,,2,2023-06-16T21:11:02+00:00
BRA_337803,Brasília,5300108,,Urbi,0.960,https://moovitapp.com/index/pt-br/transporte_p%C3%BAblico-line-0_960-Brasilia-1702-851595-29427890-0,-1.0,-15.85877,-48.03714,10.0,,,2,2023-06-16T21:11:02+00:00
BRA_337617,Brasília,5300108,,Urbi,813.2,https://moovitapp.com/index/pt-br/transporte_p%C3%BAblico-line-813_2-Brasilia-1702-851595-242636-0,-1.0,-15.84593,-47.95385,17.5,,,1,2023-06-16T21:11:03+00:00
BRA_339482,Brasília,5300108,,Urbi,038.1,https://moovitapp.com/index/pt-br/transporte_p%C3%BAblico-line-038_1-Brasilia-1702-851595-781327-0,-1.0,-15.84847,-48.04231,0.0,,,1,2023-06-16T21:11:03+00:00
BRA_337081,Brasília,5300108,,Urbi,0.808,https://moovitapp.com/index/pt-br/transporte_p%C3%BAblico-line-0_808-Brasilia-1702-851595-372359-0,-1.0,-15.91312,-48.09911,3.89,,,2,2023-06-16T21:11:03+00:00
BRA_333948,Brasília,5300108,,Urbi,396.2,https://moovitapp.com/index/pt-br/transporte_p%C3%BAblico-line-396_2-Brasilia-1702-851595-372377-0,-1.0,-15.76407,-47.89101,9.72,,,2,2023-06-16T21:11:03+00:00
BRA_335461,Brasília,5300108,,Urbi,366.1,https://moovitapp.com/index/pt-br/transporte_p%C3%BAblico-line-366_1-Brasilia-1702-851595-425249-0,-1.0,-15.89094,-48.14534,4.44,,,2,2023-06-16T21:11:03+00:00
BRA_335479,Brasília,5300108,,Urbi,396.3,https://moovitapp.com/index/pt-br/transporte_p%C3%BAblico-line-396_3-Brasilia-1702-851595-372378-0,-1.0,-15.80232,-47.89539,13.33,,,2,2023-06-16T21:11:03+00:00
BRA_336149,Brasília,5300108,,Urbi,0.175,https://moovitapp.com/index/pt-br/transporte_p%C3%BAblico-line-0_175-Brasilia-1702-851595-242526-0,-1.0,-15.73765,-47.89933,0.0,,,2,2023-06-16T21:11:03+00:00
BRA_336513,Brasília,5300108,,Urbi,0.871,https://moovitapp.com/index/pt-br/transporte_p%C3%BAblico-line-0_871-Brasilia-1702-851595-418741-0,-1.0,-15.79017,-47.91079,9.44,,,1,2023-06-16T21:11:03+00:00
BRA_340201,Brasília,5300108,,Urbi,0.366,https://moovitapp.com/index/pt-br/transporte_p%C3%BAblico-line-0_366-Brasilia-1702-851595-650085-0,-1.0,-15.88702,-48.10543,7.22,,,1,2023-06-16T21:11:03+00:00
BRA_339148,Brasília,5300108,,Urbi,084.1,https://moovitapp.com/index/pt-br/transporte_p%C3%BAblico-line-084_1-Brasilia-1702-851595-466292-0,-1.0,-15.7745,-47.92725,3.89,,,1,2023-06-16T21:11:03+00:00
BRA_338770,Brasília,5300108,,Urbi,0.811,https://moovitapp.com/index/pt-br/transporte_p%C3%BAblico-line-0_811-Brasilia-1702-851595-334078-0,-1.0,-15.94055,-48.03843,8.89,,,1,2023-06-16T21:11:03+00:00
BRA_339857,Brasília,5300108,,Urbi,372.4,https://moovitapp.com/index/pt-br/transporte_p%C3%BAblico-line-372_4-Brasilia-1702-851595-650087-0,-1.0,-15.89839,-48.14648,1.67,,,1,2023-06-16T21:11:03+00:00
BRA_338907,Brasília,5300108,,Urbi,0.876,https://moovitapp.com/index/pt-br/transporte_p%C3%BAblico-line-0_876-Brasilia-1702-851595-639508-0,-1.0,-15.78337,-47.94079,13.33,,,2,2023-06-16T21:11:03+00:00
BRA_337714,Brasília,5300108,,Urbi,0.818,https://moovitapp.com/index/pt-br/transporte_p%C3%BAblico-line-0_818-Brasilia-1702-851595-242550-0,-1.0,-15.75717,-47.93364,12.22,,,1,2023-06-16T21:11:03+00:00
BRA_338940,Brasília,5300108,,Urbi,0.087,https://moovitapp.com/index/pt-br/transporte_p%C3%BAblico-line-0_087-Brasilia-1702-851595-242519-0,-1.0,-15.7987,-47.94994,2.22,,,1,2023-06-16T21:11:04+00:00
BRA_338591,Brasília,5300108,,Urbi,806.8,https://moovitapp.com/index/pt-br/transporte_p%C3%BAblico-line-806_8-Brasilia-1702-851595-74275051-0,-1.0,-15.95738,-48.02588,3.33,,,2,2023-06-16T21:11:04+00:00
BRA_340057,Brasília,5300108,,Urbi,0.391,https://moovitapp.com/index/pt-br/transporte_p%C3%BAblico-line-0_391-Brasilia-1702-851595-372354-0,-1.0,-15.81717,-47.91305,3.61,,,2,2023-06-16T21:11:04+00:00
BRA_340545,Brasília,5300108,,Urbi,391.3,https://moovitapp.com/index/pt-br/transporte_p%C3%BAblico-line-391_3-Brasilia-1702-851595-372373-0,-1.0,-15.77859,-47.88779,9.72,,,1,2023-06-16T21:11:04+00:00
BRA_336378,Brasília,5300108,,Urbi,394.1,https://moovitapp.com/index/pt-br/transporte_p%C3%BAblico-line-394_1-Brasilia-1702-851595-334089-0,-1.0,-15.88799,-48.09441,11.11,,,1,2023-06-16T21:11:04+00:00
BRA_336424,Brasília,5300108,,Urbi,813.1,https://moovitapp.com/index/pt-br/transporte_p%C3%BAblico-line-813_1-Brasilia-1702-851595-242635-0,-1.0,-15.88616,-48.05925,1.94,,,2,2023-06-16T21:11:04+00:00
BRA_336211,Brasília,5300108,,Urbi,0.380,https://moovitapp.com/index/pt-br/transporte_p%C3%BAblico-line-0_380-Brasilia-1702-851595-334073-0,-1.0,-15.80766,-47.96435,15.0,,,1,2023-06-16T21:11:04+00:00
BRA_336009,Brasília,5300108,,Urbi,0.053,https://moovitapp.com/index/pt-br/transporte_p%C3%BAblico-line-0_053-Brasilia-1702-851595-588803-0,-1.0,-15.89005,-48.11157,8.89,,,1,2023-06-16T21:11:04+00:00
BRA_335983,Brasília,5300108,,Urbi,0.825,https://moovitapp.com/index/pt-br/transporte_p%C3%BAblico-line-0_825-Brasilia-1702-851595-334081-0,-1.0,-15.89459,-48.11322,8.89,,,2,2023-06-16T21:11:04+00:00
BRA_335606,Brasília,5300108,,Urbi,391.3,https://moovitapp.com/index/pt-br/transporte_p%C3%BAblico-line-391_3-Brasilia-1702-851595-372373-0,-1.0,-15.81726,-47.91303,2.5,,,2,2023-06-16T21:11:04+00:00
BRA_335762,Brasília,5300108,,Urbi,0.821,https://moovitapp.com/index/pt-br/transporte_p%C3%BAblico-line-0_821-Brasilia-1702-851595-334080-0,-1.0,-15.79339,-47.88253,0.0,,,2,2023-06-16T21:11:04+00:00
BRA_335681,Brasília,5300108,,Urbi,0.844,https://moovitapp.com/index/pt-br/transporte_p%C3%BAblico-line-0_844-Brasilia-1702-851595-519386-0,-1.0,-15.80409,-47.95689,9.72,,,2,2023-06-16T21:11:04+00:00
BRA_335690,Brasília,5300108,,Urbi,825.1,https://moovitapp.com/index/pt-br/transporte_p%C3%BAblico-line-825_1-Brasilia-1702-851595-16483903-0,-1.0,-15.79743,-47.88435,6.39,,,2,2023-06-16T21:11:04+00:00
BRA_336947,Brasília,5300108,,Urbi,874.4,https://moovitapp.com/index/pt-br/transporte_p%C3%BAblico-line-874_4-Brasilia-1702-851595-775106-0,-1.0,-15.86685,-47.9668,4.17,,,2,2023-06-16T21:11:04+00:00
BRA_339504,Brasília,5300108,,Urbi,812.2,https://moovitapp.com/index/pt-br/transporte_p%C3%BAblico-line-812_2-Brasilia-1702-851595-418746-0,-1.0,-15.82163,-48.10728,11.67,,,1,2023-06-16T21:11:04+00:00
BRA_337633,Brasília,5300108,,Urbi,0.819,https://moovitapp.com/index/pt-br/transporte_p%C3%BAblico-line-0_819-Brasilia-1702-851595-418739-0,-1.0,-15.78607,-47.87391,10.28,,,2,2023-06-16T21:11:04+00:00
BRA_339709,Brasília,5300108,,Urbi,865.1,https://moovitapp.com/index/pt-br/transporte_p%C3%BAblico-line-865_1-Brasilia-1702-851595-339309-0,-1.0,-16.01785,-48.06326,9.17,,,2,2023-06-16T21:11:04+00:00
BRA_337501,Brasília,5300108,,Urbi,0.810,https://moovitapp.com/index/pt-br/transporte_p%C3%BAblico-line-0_810-Brasilia-1702-851595-363856-0,-1.0,-15.90406,-48.06859,2.5,,,2,2023-06-16T21:11:05+00:00
BRA_335371,Brasília,5300108,,Urbi,0.399,https://moovitapp.com/index/pt-br/transporte_p%C3%BAblico-line-0_399-Brasilia-1702-851595-454964-0,-1.0,-15.84513,-48.112,5.83,,,2,2023-06-16T21:11:05+00:00
BRA_336556,Brasília,5300108,,Urbi,0.881,https://moovitapp.com/index/pt-br/transporte_p%C3%BAblico-line-0_881-Brasilia-1702-851595-363857-0,-1.0,-15.90873,-48.04854,0.0,,,1,2023-06-16T21:11:05+00:00
BRA_336505,Brasília,5300108,,Urbi,0.881,https://moovitapp.com/index/pt-br/transporte_p%C3%BAblico-line-0_881-Brasilia-1702-851595-363857-0,-1.0,-15.88326,-48.06137,9.44,,,2,2023-06-16T21:11:05+00:00
BRA_339199,Brasília,5300108,,Urbi,367.2,https://moovitapp.com/index/pt-br/transporte_p%C3%BAblico-line-367_2-Brasilia-1702-851595-454971-0,-1.0,-15.89074,-48.12883,13.33,,,1,2023-06-16T21:11:05+00:00
BRA_339261,Brasília,5300108,,Urbi,0.053,https://moovitapp.com/index/pt-br/transporte_p%C3%BAblico-line-0_053-Brasilia-1702-851595-588803-0,-1.0,-15.88426,-48.15105,0.0,,,2,2023-06-16T21:11:05+00:00
BRA_336718,Brasília,5300108,,Urbi,0.050,https://moovitapp.com/index/pt-br/transporte_p%C3%BAblico-line-0_050-Brasilia-1702-851595-781325-0,-1.0,-15.86616,-48.09266,7.78,,,1,2023-06-16T21:11:05+00:00
BRA_336645,Brasília,5300108,,Urbi,396.2,https://moovitapp.com/index/pt-br/transporte_p%C3%BAblico-line-396_2-Brasilia-1702-851595-372377-0,-1.0,-15.87499,-48.03196,13.06,,,2,2023-06-16T21:11:05+00:00
BRA_338851,Brasília,5300108,,Urbi,807.9,https://moovitapp.com/index/pt-br/transporte_p%C3%BAblico-line-807_9-Brasilia-1702-851595-322409-0,-1.0,-15.90817,-48.06508,1.94,,,2,2023-06-16T21:11:05+00:00
BRA_339041,Brasília,5300108,,Urbi,0.811,https://moovitapp.com/index/pt-br/transporte_p%C3%BAblico-line-0_811-Brasilia-1702-851595-334078-0,-1.0,-15.85182,-47.95536,1.39,,,2,2023-06-16T21:11:05+00:00
BRA_338443,Brasília,5300108,,Urbi,0.176,https://moovitapp.com/index/pt-br/transporte_p%C3%BAblico-line-0_176-Brasilia-1702-851595-242527-0,-1.0,-15.86438,-47.96155,3.61,,,2,2023-06-16T21:11:05+00:00
BRA_338516,Brasília,5300108,,Urbi,813.2,https://moovitapp.com/index/pt-br/transporte_p%C3%BAblico-line-813_2-Brasilia-1702-851595-242636-0,-1.0,-15.81529,-47.91013,2.22,,,2,2023-06-16T21:11:06+00:00
BRA_338532,Brasília,5300108,,Urbi,0.886,https://moovitapp.com/index/pt-br/transporte_p%C3%BAblico-line-0_886-Brasilia-1702-851595-704024-0,-1.0,-15.79556,-48.12563,13.33,,,1,2023-06-16T21:11:06+00:00
BRA_338567,Brasília,5300108,,Urbi,0.177,https://moovitapp.com/index/pt-br/transporte_p%C3%BAblico-line-0_177-Brasilia-1702-851595-242528-0,-1.0,-15.85334,-47.95498,6.11,,,1,2023-06-16T21:11:06+00:00
BRA_338711,Brasília,5300108,,Urbi,0.873,https://moovitapp.com/index/pt-br/transporte_p%C3%BAblico-line-0_873-Brasilia-1702-851595-510238-0,-1.0,-15.80649,-48.12168,13.06,,,2,2023-06-16T21:11:06+00:00
BRA_336823,Brasília,5300108,,Urbi,807.1,https://moovitapp.com/index/pt-br/transporte_p%C3%BAblico-line-807_1-Brasilia-1702-851595-322407-0,-1.0,-15.86985,-48.05645,7.5,,,1,2023-06-16T21:11:06+00:00
BRA_340324,Brasília,5300108,,Urbi,396.3,https://moovitapp.com/index/pt-br/transporte_p%C3%BAblico-line-396_3-Brasilia-1702-851595-372378-0,-1.0,-15.83541,-47.95273,8.89,,,2,2023-06-16T21:11:06+00:00
BRA_336459,Brasília,5300108,,Urbi,0.882,https://moovitapp.com/index/pt-br/transporte_p%C3%BAblico-line-0_882-Brasilia-1702-851595-363858-0,-1.0,-15.80738,-47.93091,0.0,,,2,2023-06-16T21:11:06+00:00
BRA_335771,Brasília,5300108,,Urbi,0.391,https://moovitapp.com/index/pt-br/transporte_p%C3%BAblico-line-0_391-Brasilia-1702-851595-372354-0,-1.0,-15.86475,-48.09364,11.67,,,2,2023-06-16T21:11:06+00:00
BRA_337404,Brasília,5300108,,Urbi,0.177,https://moovitapp.com/index/pt-br/transporte_p%C3%BAblico-line-0_177-Brasilia-1702-851595-242528-0,-1.0,-15.82687,-47.92627,0.0,,,1,2023-06-16T21:11:06+00:00
BRA_337307,Brasília,5300108,,Urbi,813.2,https://moovitapp.com/index/pt-br/transporte_p%C3%BAblico-line-813_2-Brasilia-1702-851595-242636-0,-1.0,-15.90689,-48.08297,9.44,,,2,2023-06-16T21:11:06+00:00
BRA_337579,Brasília,5300108,,Urbi,806.8,https://moovitapp.com/index/pt-br/transporte_p%C3%BAblico-line-806_8-Brasilia-1702-851595-74275051-0,-1.0,-15.94126,-48.03653,8.06,,,2,2023-06-16T21:11:06+00:00
BRA_339458,Brasília,5300108,,Urbi,0.814,https://moovitapp.com/index/pt-br/transporte_p%C3%BAblico-line-0_814-Brasilia-1702-851595-492980-0,-1.0,-15.89631,-48.14087,6.39,,,1,2023-06-16T21:11:07+00:00
BRA_339423,Brasília,5300108,,Urbi,807.8,https://moovitapp.com/index/pt-br/transporte_p%C3%BAblico-line-807_8-Brasilia-1702-851595-322408-0,-1.0,-15.91075,-48.09268,4.44,,,2,2023-06-16T21:11:07+00:00
BRA_337455,Brasília,5300108,,Urbi,0.811,https://moovitapp.com/index/pt-br/transporte_p%C3%BAblico-line-0_811-Brasilia-1702-851595-334078-0,-1.0,-15.81029,-47.94671,15.56,,,2,2023-06-16T21:11:07+00:00
BRA_337226,Brasília,5300108,,Urbi,0.808,https://moovitapp.com/index/pt-br/transporte_p%C3%BAblico-line-0_808-Brasilia-1702-851595-372359-0,-1.0,-15.82347,-48.11634,0.0,,,2,2023-06-16T21:11:07+00:00
BRA_336581,Brasília,5300108,,Urbi,0.813,https://moovitapp.com/index/pt-br/transporte_p%C3%BAblico-line-0_813-Brasilia-1702-851595-651523-0,-1.0,-15.79656,-47.89153,0.0,,,2,2023-06-16T21:11:07+00:00
BRA_335703,Brasília,5300108,,Urbi,367.2,https://moovitapp.com/index/pt-br/transporte_p%C3%BAblico-line-367_2-Brasilia-1702-851595-454971-0,-1.0,-15.88398,-48.15014,0.0,,,1,2023-06-16T21:11:07+00:00
BRA_339911,Brasília,5300108,,Urbi,0.825,https://moovitapp.com/index/pt-br/transporte_p%C3%BAblico-line-0_825-Brasilia-1702-851595-334081-0,-1.0,-15.84297,-47.94723,18.33,,,1,2023-06-16T21:11:07+00:00
BRA_338788,Brasília,5300108,,Urbi,813.2,https://moovitapp.com/index/pt-br/transporte_p%C3%BAblico-line-813_2-Brasilia-1702-851595-242636-0,-1.0,-15.85695,-47.95627,4.72,,,2,2023-06-16T21:11:07+00:00
BRA_338257,Brasília,5300108,,Urbi,0.876,https://moovitapp.com/index/pt-br/transporte_p%C3%BAblico-line-0_876-Brasilia-1702-851595-639508-0,-1.0,-15.86862,-47.97002,0.0,,,2,2023-06-16T21:11:07+00:00
BRA_338249,Brasília,5300108,,Urbi,870.1,https://moovitapp.com/index/pt-br/transporte_p%C3%BAblico-line-870_1-Brasilia-1702-851595-715272-0,-1.0,-15.84207,-47.95079,14.17,,,1,2023-06-16T21:11:07+00:00
BRA_338061,Brasília,5300108,,Urbi,0.177,https://moovitapp.com/index/pt-br/transporte_p%C3%BAblico-line-0_177-Brasilia-1702-851595-242528-0,-1.0,-15.80401,-47.9229,12.78,,,1,2023-06-16T21:11:07+00:00
BRA_338052,Brasília,5300108,,Urbi,805.7,https://moovitapp.com/index/pt-br/transporte_p%C3%BAblico-line-805_7-Brasilia-1702-851595-75080175-0,-1.0,-15.89676,-48.04779,0.0,,,1,2023-06-16T21:11:07+00:00
BRA_340782,Brasília,5300108,,Urbi,0.056,https://moovitapp.com/index/pt-br/transporte_p%C3%BAblico-line-0_056-Brasilia-1702-851595-588804-0,-1.0,-15.89709,-48.11873,1.67,,,1,2023-06-16T21:11:07+00:00
BRA_340758,Brasília,5300108,,Urbi,0.372,https://moovitapp.com/index/pt-br/transporte_p%C3%BAblico-line-0_372-Brasilia-1702-851595-519381-0,-1.0,-15.8251,-48.06001,0.0,,,2,2023-06-16T21:11:07+00:00
BRA_340766,Brasília,5300108,,Urbi,0.367,https://moovitapp.com/index/pt-br/transporte_p%C3%BAblico-line-0_367-Brasilia-1702-851595-519380-0,-1.0,-15.88728,-48.14758,12.78,,,1,2023-06-16T21:11:07+00:00
BRA_340618,Brasília,5300108,,Urbi,0.082,https://moovitapp.com/index/pt-br/transporte_p%C3%BAblico-line-0_082-Brasilia-1702-851595-781326-0,-1.0,-15.76652,-47.93548,8.33,,,1,2023-06-16T21:11:07+00:00
BRA_338095,Brasília,5300108,,Urbi,870.1,https://moovitapp.com/index/pt-br/transporte_p%C3%BAblico-line-870_1-Brasilia-1702-851595-715272-0,-1.0,-15.88857,-48.05312,7.22,,,2,2023-06-16T21:11:08+00:00
BRA_338354,Brasília,5300108,,Urbi,807.8,https://moovitapp.com/index/pt-br/transporte_p%C3%BAblico-line-807_8-Brasilia-1702-851595-322408-0,-1.0,-15.9118,-48.09408,8.06,,,1,2023-06-16T21:11:08+00:00
BRA_338745,Brasília,5300108,,Urbi,0.816,https://moovitapp.com/index/pt-br/transporte_p%C3%BAblico-line-0_816-Brasilia-1702-851595-322387-0,-1.0,-15.76693,-47.87597,8.06,,,2,2023-06-16T21:11:08+00:00
BRA_339822,Brasília,5300108,,Urbi,0.340,https://moovitapp.com/index/pt-br/transporte_p%C3%BAblico-line-0_340-Brasilia-1702-851595-641378-0,-1.0,-15.94257,-48.24104,0.0,,,2,2023-06-16T21:11:08+00:00
BRA_338796,Brasília,5300108,,Urbi,0.038,https://moovitapp.com/index/pt-br/transporte_p%C3%BAblico-line-0_038-Brasilia-1702-851595-687419-0,-1.0,-15.88772,-48.0206,3.89,,,1,2023-06-16T21:11:08+00:00
BRA_339385,Brasília,5300108,,Urbi,366.7,https://moovitapp.com/index/pt-br/transporte_p%C3%BAblico-line-366_7-Brasilia-1702-851595-650086-0,-1.0,-15.87622,-48.11064,8.06,,,2,2023-06-16T21:11:08+00:00
BRA_336114,Brasília,5300108,,Urbi,871.3,https://moovitapp.com/index/pt-br/transporte_p%C3%BAblico-line-871_3-Brasilia-1702-851595-588820-0,-1.0,-15.82388,-47.93437,16.94,,,2,2023-06-16T21:11:08+00:00
BRA_335649,Brasília,5300108,,Urbi,0.821,https://moovitapp.com/index/pt-br/transporte_p%C3%BAblico-line-0_821-Brasilia-1702-851595-334080-0,-1.0,-15.87694,-48.08546,8.06,,,1,2023-06-16T21:11:08+00:00
BRA_337072,Brasília,5300108,,Urbi,870.7,https://moovitapp.com/index/pt-br/transporte_p%C3%BAblico-line-870_7-Brasilia-1702-851595-531037-0,-1.0,-15.80691,-47.89093,11.39,,,2,2023-06-16T21:11:08+00:00
BRA_337129,Brasília,5300108,,Urbi,0.872,https://moovitapp.com/index/pt-br/transporte_p%C3%BAblico-line-0_872-Brasilia-1702-851595-466291-0,-1.0,-15.83468,-48.06033,8.61,,,1,2023-06-16T21:11:08+00:00
BRA_337234,Brasília,5300108,,Urbi,0.805,https://moovitapp.com/index/pt-br/transporte_p%C3%BAblico-line-0_805-Brasilia-1702-851595-460800-0,-1.0,-15.83589,-48.05984,5.83,,,1,2023-06-16T21:11:08+00:00
BRA_337447,Brasília,5300108,,Urbi,0.816,https://moovitapp.com/index/pt-br/transporte_p%C3%BAblico-line-0_816-Brasilia-1702-851595-322387-0,-1.0,-15.87633,-47.99124,10.0,,,2,2023-06-16T21:11:08+00:00
BRA_337471,Brasília,5300108,,Urbi,0.087,https://moovitapp.com/index/pt-br/transporte_p%C3%BAblico-line-0_087-Brasilia-1702-851595-242519-0,-1.0,-15.92044,-48.04554,1.39,,,1,2023-06-16T21:11:08+00:00
BRA_339725,Brasília,5300108,,Urbi,0.341,https://moovitapp.com/index/pt-br/transporte_p%C3%BAblico-line-0_341-Brasilia-1702-851595-37928003-0,-1.0,-15.82596,-47.98106,0.0,,,1,2023-06-16T21:11:09+00:00
BRA_337790,Brasília,5300108,,Urbi,0.811,https://moovitapp.com/index/pt-br/transporte_p%C3%BAblico-line-0_811-Brasilia-1702-851595-334078-0,-1.0,-15.94971,-48.03336,0.0,,,1,2023-06-16T21:11:09+00:00
BRA_337765,Brasília,5300108,,Urbi,0.175,https://moovitapp.com/index/pt-br/transporte_p%C3%BAblico-line-0_175-Brasilia-1702-851595-242526-0,-1.0,-15.7507,-47.89486,0.83,,,1,2023-06-16T21:11:09+00:00
BRA_337595,Brasília,5300108,,Urbi,807.6,https://moovitapp.com/index/pt-br/transporte_p%C3%BAblico-line-807_6-Brasilia-1702-851595-334092-0,-1.0,-15.92127,-48.05279,5.56,,,1,2023-06-16T21:11:09+00:00
BRA_337137,Brasília,5300108,,Urbi,038.1,https://moovitapp.com/index/pt-br/transporte_p%C3%BAblico-line-038_1-Brasilia-1702-851595-781327-0,-1.0,-15.82931,-48.05857,1.94,,,1,2023-06-16T21:11:09+00:00
BRA_335363,Brasília,5300108,,Urbi,0.373,https://moovitapp.com/index/pt-br/transporte_p%C3%BAblico-line-0_373-Brasilia-1702-851595-334072-0,-1.0,-15.82833,-47.91758,8.33,,,2,2023-06-16T21:11:09+00:00
BRA_333824,Brasília,5300108,,Urbi,0.845,https://moovitapp.com/index/pt-br/transporte_p%C3%BAblico-line-0_845-Brasilia-1702-851595-339304-0,-1.0,-15.75445,-47.92612,9.72,,,2,2023-06-16T21:11:09+00:00
BRA_340227,Brasília,5300108,,Urbi,396.2,https://moovitapp.com/index/pt-br/transporte_p%C3%BAblico-line-396_2-Brasilia-1702-851595-372377-0,-1.0,-15.82591,-47.95134,10.56,,,2,2023-06-16T21:11:09+00:00
BRA_340693,Brasília,5300108,,Urbi,0.821,https://moovitapp.com/index/pt-br/transporte_p%C3%BAblico-line-0_821-Brasilia-1702-851595-334080-0,-1.0,-15.87716,-47.99702,11.94,,,1,2023-06-16T21:11:09+00:00
BRA_338869,Brasília,5300108,,Urbi,871.3,https://moovitapp.com/index/pt-br/transporte_p%C3%BAblico-line-871_3-Brasilia-1702-851595-588820-0,-1.0,-15.87126,-47.97532,0.0,,,2,2023-06-16T21:11:09+00:00
BRA_339768,Brasília,5300108,,Urbi,0.397,https://moovitapp.com/index/pt-br/transporte_p%C3%BAblico-line-0_397-Brasilia-1702-851595-890857-0,-1.0,-15.8132,-48.09673,0.28,,,1,2023-06-16T21:11:09+00:00
BRA_338753,Brasília,5300108,,Urbi,874.4,https://moovitapp.com/index/pt-br/transporte_p%C3%BAblico-line-874_4-Brasilia-1702-851595-775106-0,-1.0,-15.88602,-48.0593,0.83,,,2,2023-06-16T21:11:10+00:00
BRA_335452,Brasília,5300108,,Urbi,0.317,https://moovitapp.com/index/pt-br/transporte_p%C3%BAblico-line-0_317-Brasilia-1702-851595-484200-0,-1.0,-15.81168,-47.97925,1.11,,,2,2023-06-16T21:11:10+00:00
BRA_335525,Brasília,5300108,,Urbi,3804,https://moovitapp.com/index/pt-br/transporte_p%C3%BAblico-line-3804-Brasilia-1702-851595-91943130-0,-1.0,-15.89131,-48.13964,11.39,,,2,2023-06-16T21:11:10+00:00
BRA_337277,Brasília,5300108,,Urbi,805.6,https://moovitapp.com/index/pt-br/transporte_p%C3%BAblico-line-805_6-Brasilia-1702-851595-75080174-0,-1.0,-15.89885,-48.05551,2.22,,,1,2023-06-16T21:11:10+00:00
BRA_339695,Brasília,5300108,,Urbi,0.163,https://moovitapp.com/index/pt-br/transporte_p%C3%BAblico-line-0_163-Brasilia-1702-851595-352629-0,-1.0,-15.80872,-47.93313,10.56,,,1,2023-06-16T21:11:11+00:00
BRA_337285,Brasília,5300108,,Urbi,870.7,https://moovitapp.com/index/pt-br/transporte_p%C3%BAblico-line-870_7-Brasilia-1702-851595-531037-0,-1.0,-15.92144,-48.05274,3.06,,,1,2023-06-16T21:11:11+00:00
BRA_337510,Brasília,5300108,,Urbi,870.7,https://moovitapp.com/index/pt-br/transporte_p%C3%BAblico-line-870_7-Brasilia-1702-851595-531037-0,-1.0,-15.91638,-48.0501,1.94,,,2,2023-06-16T21:11:11+00:00
BRA_336025,Brasília,5300108,,Urbi,0.054,https://moovitapp.com/index/pt-br/transporte_p%C3%BAblico-line-0_054-Brasilia-1702-851595-454960-0,-1.0,-15.88088,-48.07881,10.28,,,1,2023-06-16T21:11:11+00:00
BRA_337668,Brasília,5300108,,Urbi,0.176,https://moovitapp.com/index/pt-br/transporte_p%C3%BAblico-line-0_176-Brasilia-1702-851595-242527-0,-1.0,-15.8159,-47.88957,16.67,,,2,2023-06-16T21:11:12+00:00
BRA_337536,Brasília,5300108,,Urbi,0.884,https://moovitapp.com/index/pt-br/transporte_p%C3%BAblico-line-0_884-Brasilia-1702-851595-322393-0,-1.0,-15.84735,-47.95455,12.78,,,2,2023-06-16T21:11:12+00:00
BRA_442771,Brasília,5300108,,Marechal,0.345,https://moovitapp.com/index/pt-br/transporte_p%C3%BAblico-line-0_345-Brasilia-1702-851940-347145-0,-1.0,-15.79181,-48.053403,25.0,,,2,2023-06-16T21:11:03+00:00
BRA_444006,Brasília,5300108,,Marechal,933.5,https://moovitapp.com/index/pt-br/transporte_p%C3%BAblico-line-933_5-Brasilia-1702-851940-766837-0,-1.0,-15.83573,-48.129703,0.0,,,2,2023-06-16T21:11:03+00:00
BRA_440850,Brasília,5300108,,Marechal,355.3,https://moovitapp.com/index/pt-br/transporte_p%C3%BAblico-line-355_3-Brasilia-1702-851940-504343-0,-1.0,-15.797567,-48.022523,12.0,,,2,2023-06-16T21:09:56+00:00
BRA_444154,Brasília,5300108,,Marechal,363.1,https://moovitapp.com/index/pt-br/transporte_p%C3%BAblico-line-363_1-Brasilia-1702-851940-504344-0,-1.0,-15.804537,-48.072943,20.0,,,2,2023-06-16T21:11:03+00:00
BRA_444359,Brasília,5300108,,Marechal,0.205,https://moovitapp.com/index/pt-br/transporte_p%C3%BAblico-line-0_205-Brasilia-1702-851940-463646-0,-1.0,-15.807893,-48.082363,36.0,,,2,2023-06-16T21:11:03+00:00
BRA_445291,Brasília,5300108,,Marechal,0.378,https://moovitapp.com/index/pt-br/transporte_p%C3%BAblico-line-0_378-Brasilia-1702-851940-347150-0,-1.0,-15.7875,-47.910197,26.0,,,2,2023-06-16T21:11:03+00:00
BRA_445347,Brasília,5300108,,Marechal,0.336,https://moovitapp.com/index/pt-br/transporte_p%C3%BAblico-line-0_336-Brasilia-1702-851940-347142-0,-1.0,-15.831067,-48.056267,0.0,,,2,2023-06-16T21:11:03+00:00
BRA_442887,Brasília,5300108,,Marechal,932.1,https://moovitapp.com/index/pt-br/transporte_p%C3%BAblico-line-932_1-Brasilia-1702-851940-470763-0,-1.0,-15.819423,-48.06199,13.0,,,2,2023-06-16T21:11:03+00:00
BRA_442861,Brasília,5300108,,Marechal,0.910,https://moovitapp.com/index/pt-br/transporte_p%C3%BAblico-line-0_910-Brasilia-1702-851940-347156-0,-1.0,-15.783807,-47.89666,0.0,,,2,2023-06-16T21:10:58+00:00
BRA_440744,Brasília,5300108,,Marechal,0.349,https://moovitapp.com/index/pt-br/transporte_p%C3%BAblico-line-0_349-Brasilia-1702-851940-677511-0,-1.0,-15.869463,-48.03748,0.0,,,2,2023-06-16T21:10:58+00:00
BRA_442453,Brasília,5300108,,Urbi,0.050,https://moovitapp.com/index/pt-br/transporte_p%C3%BAblico-line-0_050-Brasilia-1702-851595-781325-0,-1.0,-15.825153,-48.060027,0.0,,,2,2023-06-16T21:11:03+00:00
BRA_440272,Brasília,5300108,,Piracicabana,099.1,https://moovitapp.com/index/pt-br/transporte_p%C3%BAblico-line-099_1-Brasilia-1702-850942-775090-0,-1.0,-15.85556,-48.03848,42.0,,,2,2023-06-16T21:11:03+00:00
BRA_442313,Brasília,5300108,,Urbi,0.367,https://moovitapp.com/index/pt-br/transporte_p%C3%BAblico-line-0_367-Brasilia-1702-851595-519380-0,-1.0,-15.89722,-48.148103,22.0,,,2,2023-06-16T21:11:03+00:00
BRA_440311,Brasília,5300108,,Marechal,355.3,https://moovitapp.com/index/pt-br/transporte_p%C3%BAblico-line-355_3-Brasilia-1702-851940-504343-0,-1.0,-15.75912,-47.928483,60.0,,,2,2023-06-16T21:11:03+00:00
BRA_440655,Brasília,5300108,,Marechal,0.205,https://moovitapp.com/index/pt-br/transporte_p%C3%BAblico-line-0_205-Brasilia-1702-851940-463646-0,-1.0,-15.826133,-48.059693,0.0,,,2,2023-06-16T21:11:03+00:00
BRA_444448,Brasília,5300108,,Marechal,0.205,https://moovitapp.com/index/pt-br/transporte_p%C3%BAblico-line-0_205-Brasilia-1702-851940-463646-0,-1.0,-15.870187,-48.03883,0.0,,,2,2023-06-16T21:04:59+00:00
BRA_440680,Brasília,5300108,,Marechal,260.3,https://moovitapp.com/index/pt-br/transporte_p%C3%BAblico-line-260_3-Brasilia-1702-851940-393566-0,-1.0,-15.78418,-47.89493,24.0,,,2,2023-06-16T21:11:03+00:00
BRA_440353,Brasília,5300108,,Urbi,872.9,https://moovitapp.com/index/pt-br/transporte_p%C3%BAblico-line-872_9-Brasilia-1702-851595-372394-0,-1.0,-15.822587,-48.06093,0.0,,,2,2023-06-16T21:11:03+00:00
BRA_444375,Brasília,5300108,,Urbi,805.6,https://moovitapp.com/index/pt-br/transporte_p%C3%BAblico-line-805_6-Brasilia-1702-851595-75080174-0,-1.0,-15.797323,-47.884067,10.0,,,2,2023-06-16T21:11:03+00:00
BRA_444707,Brasília,5300108,,Marechal,933.5,https://moovitapp.com/index/pt-br/transporte_p%C3%BAblico-line-933_5-Brasilia-1702-851940-766837-0,-1.0,-15.87256,-48.029317,13.0,,,2,2023-06-16T21:10:53+00:00
BRA_441031,Brasília,5300108,,Marechal,260.3,https://moovitapp.com/index/pt-br/transporte_p%C3%BAblico-line-260_3-Brasilia-1702-851940-393566-0,-1.0,-15.808853,-48.14819,7.0,,,2,2023-06-16T20:38:13+00:00
BRA_440507,Brasília,5300108,,Marechal,355.2,https://moovitapp.com/index/pt-br/transporte_p%C3%BAblico-line-355_2-Brasilia-1702-851940-510251-0,-1.0,-15.806027,-48.042697,4.0,,,2,2023-06-16T21:11:03+00:00
BRA_441562,Brasília,5300108,,Marechal,0.363,https://moovitapp.com/index/pt-br/transporte_p%C3%BAblico-line-0_363-Brasilia-1702-851940-504339-0,-1.0,-15.825807,-48.11299,59.0,,,2,2023-06-16T21:11:03+00:00
BRA_440582,Brasília,5300108,,Marechal,162.2,https://moovitapp.com/index/pt-br/transporte_p%C3%BAblico-line-162_2-Brasilia-1702-851940-312446-0,-1.0,-15.816713,-48.016237,13.0,,,2,2023-06-16T21:11:03+00:00
BRA_445185,Brasília,5300108,,Marechal,0.300,https://moovitapp.com/index/pt-br/transporte_p%C3%BAblico-line-0_300-Brasilia-1702-851940-419624-0,-1.0,-15.838993,-48.095533,57.0,,,2,2023-06-16T21:11:03+00:00
BRA_440841,Brasília,5300108,,Urbi,0.872,https://moovitapp.com/index/pt-br/transporte_p%C3%BAblico-line-0_872-Brasilia-1702-851595-466291-0,-1.0,-15.861247,-48.060077,50.0,,,2,2023-06-16T21:06:48+00:00
BRA_440418,Brasília,5300108,,São José,157.8,https://moovitapp.com/index/pt-br/transporte_p%C3%BAblico-line-157_8-Brasilia-1702-851943-759503-0,-1.0,-15.81113,-47.987393,25.0,,,2,2023-06-16T21:11:03+00:00
BRA_442127,Brasília,5300108,,Marechal,336.1,https://moovitapp.com/index/pt-br/transporte_p%C3%BAblico-line-336_1-Brasilia-1702-851940-347163-0,-1.0,-15.84746,-48.121287,46.0,,,2,2023-06-16T21:11:03+00:00
BRA_440981,Brasília,5300108,,Marechal,305.4,https://moovitapp.com/index/pt-br/transporte_p%C3%BAblico-line-305_4-Brasilia-1702-851940-393567-0,-1.0,-15.872507,-48.029363,7.0,,,2,2023-06-16T20:56:49+00:00
BRA_442160,Brasília,5300108,,Marechal,932.2,https://moovitapp.com/index/pt-br/transporte_p%C3%BAblico-line-932_2-Brasilia-1702-851940-3494666-0,-1.0,-15.839417,-48.12866,0.0,,,2,2023-06-16T21:10:58+00:00
BRA_442496,Brasília,5300108,,Urbi,0.898,https://moovitapp.com/index/pt-br/transporte_p%C3%BAblico-line-0_898-Brasilia-1702-851595-322394-0,-1.0,-15.84707,-48.04352,0.0,,,2,2023-06-16T21:11:03+00:00
BRA_443395,Brasília,5300108,,Marechal,933.4,https://moovitapp.com/index/pt-br/transporte_p%C3%BAblico-line-933_4-Brasilia-1702-851940-656766-0,-1.0,-15.84285,-48.124893,25.0,,,2,2023-06-16T21:11:03+00:00
BRA_443671,Brasília,5300108,,Marechal,357.1,https://moovitapp.com/index/pt-br/transporte_p%C3%BAblico-line-357_1-Brasilia-1702-851940-775113-0,-1.0,-15.86197,-48.035393,29.0,,,2,2023-06-16T21:09:45+00:00
BRA_440990,Brasília,5300108,,Marechal,959.1,https://moovitapp.com/index/pt-br/transporte_p%C3%BAblico-line-959_1-Brasilia-1702-851940-789939-0,-1.0,-15.869333,-48.031433,47.0,,,2,2023-06-16T21:11:03+00:00
BRA_440931,Brasília,5300108,,Marechal,959.1,https://moovitapp.com/index/pt-br/transporte_p%C3%BAblico-line-959_1-Brasilia-1702-851940-789939-0,-1.0,-15.87453,-48.035543,55.0,,,2,2023-06-16T21:11:03+00:00
BRA_441163,Brasília,5300108,,Marechal,0.376,https://moovitapp.com/index/pt-br/transporte_p%C3%BAblico-line-0_376-Brasilia-1702-851940-242726-0,-1.0,-15.804143,-48.06725,43.0,,,2,2023-06-16T21:11:03+00:00
BRA_440281,Brasília,5300108,,Urbi,805.8,https://moovitapp.com/index/pt-br/transporte_p%C3%BAblico-line-805_8-Brasilia-1702-851595-454982-0,-1.0,-15.86935,-48.03144,51.0,,,2,2023-06-16T20:45:57+00:00
BRA_441848,Brasília,5300108,,Marechal,363.2,https://moovitapp.com/index/pt-br/transporte_p%C3%BAblico-line-363_2-Brasilia-1702-851940-725443-0,-1.0,-15.808937,-48.0867,0.0,,,2,2023-06-16T21:11:03+00:00
BRA_444251,Brasília,5300108,,Marechal,933.2,https://moovitapp.com/index/pt-br/transporte_p%C3%BAblico-line-933_2-Brasilia-1702-851940-717428-0,-1.0,-15.876607,-48.085253,3.0,,,2,2023-06-16T20:54:39+00:00
BRA_442062,Brasília,5300108,,Urbi,0.054,https://moovitapp.com/index/pt-br/transporte_p%C3%BAblico-line-0_054-Brasilia-1702-851595-454960-0,-1.0,-15.84414,-48.050163,30.0,,,2,2023-06-16T21:11:03+00:00
BRA_444171,Brasília,5300108,,Marechal,933.3,https://moovitapp.com/index/pt-br/transporte_p%C3%BAblico-line-933_3-Brasilia-1702-851940-450287-0,-1.0,-15.84084,-48.126473,0.0,,,2,2023-06-16T21:11:03+00:00
BRA_440141,Brasília,5300108,,Marechal,0.900,https://moovitapp.com/index/pt-br/transporte_p%C3%BAblico-line-0_900-Brasilia-1702-851940-242733-0,-1.0,-15.8335,-48.056317,0.0,,,2,2023-06-16T21:10:58+00:00
BRA_444197,Brasília,5300108,,Marechal,933.2,https://moovitapp.com/index/pt-br/transporte_p%C3%BAblico-line-933_2-Brasilia-1702-851940-717428-0,-1.0,-15.840387,-48.126633,22.0,,,2,2023-06-16T20:53:31+00:00
BRA_443166,Brasília,5300108,,Marechal,0.361,https://moovitapp.com/index/pt-br/transporte_p%C3%BAblico-line-0_361-Brasilia-1702-851940-376158-0,-1.0,-15.79551,-47.912873,14.0,,,2,2023-06-16T21:10:58+00:00
BRA_444472,Brasília,5300108,,Urbi,805.7,https://moovitapp.com/index/pt-br/transporte_p%C3%BAblico-line-805_7-Brasilia-1702-851595-75080175-0,-1.0,-15.834783,-48.00808,36.0,,,2,2023-06-16T21:11:03+00:00
BRA_441091,Brasília,5300108,,Marechal,0.162,https://moovitapp.com/index/pt-br/transporte_p%C3%BAblico-line-0_162-Brasilia-1702-851940-766836-0,-1.0,-15.79438,-47.8831,0.0,,,2,2023-06-16T21:11:03+00:00
BRA_443174,Brasília,5300108,,Marechal,932.2,https://moovitapp.com/index/pt-br/transporte_p%C3%BAblico-line-932_2-Brasilia-1702-851940-3494666-0,-1.0,-15.840653,-48.12688,0.0,,,2,2023-06-16T21:10:58+00:00
BRA_441040,Brasília,5300108,,Marechal,355.2,https://moovitapp.com/index/pt-br/transporte_p%C3%BAblico-line-355_2-Brasilia-1702-851940-510251-0,-1.0,-15.827073,-48.059353,0.0,,,2,2023-06-16T21:11:03+00:00
BRA_441503,Brasília,5300108,,Urbi,0.050,https://moovitapp.com/index/pt-br/transporte_p%C3%BAblico-line-0_050-Brasilia-1702-851595-781325-0,-1.0,-15.868913,-48.086203,17.0,,,2,2023-06-16T21:11:03+00:00
BRA_441121,Brasília,5300108,,Marechal,306.5,https://moovitapp.com/index/pt-br/transporte_p%C3%BAblico-line-306_5-Brasilia-1702-851940-556809-0,-1.0,-15.861407,-47.957477,29.0,,,2,2023-06-16T21:11:03+00:00
BRA_443271,Brasília,5300108,,Marechal,0.339,https://moovitapp.com/index/pt-br/transporte_p%C3%BAblico-line-0_339-Brasilia-1702-851940-419625-0,-1.0,-15.812183,-47.983013,58.0,,,2,2023-06-16T21:11:03+00:00
BRA_444405,Brasília,5300108,,Marechal,0.205,https://moovitapp.com/index/pt-br/transporte_p%C3%BAblico-line-0_205-Brasilia-1702-851940-463646-0,-1.0,-15.831603,-48.04969,4.0,,,2,2023-06-16T21:11:03+00:00
BRA_441911,Brasília,5300108,,Marechal,0.089,https://moovitapp.com/index/pt-br/transporte_p%C3%BAblico-line-0_089-Brasilia-1702-851940-706977-0,-1.0,-15.8272,-47.983713,44.0,,,2,2023-06-16T21:11:03+00:00
BRA_442429,Brasília,5300108,,Marechal,363.2,https://moovitapp.com/index/pt-br/transporte_p%C3%BAblico-line-363_2-Brasilia-1702-851940-725443-0,-1.0,-15.846817,-48.048857,8.0,,,2,2023-06-16T21:11:03+00:00
BRA_441724,Brasília,5300108,,Urbi,367.2,https://moovitapp.com/index/pt-br/transporte_p%C3%BAblico-line-367_2-Brasilia-1702-851595-454971-0,-1.0,-15.831243,-48.056637,15.0,,,2,2023-06-16T21:11:03+00:00
BRA_444642,Brasília,5300108,,Marechal,0.555,https://moovitapp.com/index/pt-br/transporte_p%C3%BAblico-line-0_555-Brasilia-1702-851940-504341-0,-1.0,-15.762483,-47.891517,2.0,,,2,2023-06-16T21:11:03+00:00
BRA_440574,Brasília,5300108,,Marechal,0.153,https://moovitapp.com/index/pt-br/transporte_p%C3%BAblico-line-0_153-Brasilia-1702-851940-766835-0,-1.0,-15.813437,-47.979373,47.0,,,2,2023-06-16T21:11:03+00:00
BRA_440388,Brasília,5300108,,São José,0.092,https://moovitapp.com/index/pt-br/transporte_p%C3%BAblico-line-0_092-Brasilia-1702-851943-496589-0,-1.0,-15.815,-47.90992,8.0,,,2,2023-06-16T21:11:03+00:00
BRA_440523,Brasília,5300108,,Marechal,167.1,https://moovitapp.com/index/pt-br/transporte_p%C3%BAblico-line-167_1-Brasilia-1702-851940-242758-0,-1.0,-15.83487,-47.927413,57.0,,,2,2023-06-16T21:11:03+00:00
BRA_440973,Brasília,5300108,,Piracicabana,099.1,https://moovitapp.com/index/pt-br/transporte_p%C3%BAblico-line-099_1-Brasilia-1702-850942-775090-0,-1.0,-15.841633,-48.030857,18.0,,,2,2023-06-16T21:11:03+00:00
BRA_441082,Brasília,5300108,,Marechal,0.951,https://moovitapp.com/index/pt-br/transporte_p%C3%BAblico-line-0_951-Brasilia-1702-851940-783578-0,-1.0,-15.86965,-48.037397,0.0,,,2,2023-06-16T21:10:58+00:00
BRA_443786,Brasília,5300108,,Marechal,0.951,https://moovitapp.com/index/pt-br/transporte_p%C3%BAblico-line-0_951-Brasilia-1702-851940-783578-0,-1.0,-15.834317,-48.07845,42.0,,,2,2023-06-16T21:11:03+00:00
BRA_445240,Brasília,5300108,,Marechal,337.1,https://moovitapp.com/index/pt-br/transporte_p%C3%BAblico-line-337_1-Brasilia-1702-851940-347165-0,-1.0,-15.839457,-48.12849,0.0,,,2,2023-06-16T21:11:03+00:00
BRA_440540,Brasília,5300108,,Marechal,260.3,https://moovitapp.com/index/pt-br/transporte_p%C3%BAblico-line-260_3-Brasilia-1702-851940-393566-0,-1.0,-15.82729,-47.984367,49.0,,,2,2023-06-16T21:11:03+00:00
BRA_440434,Brasília,5300108,,Marechal,0.357,https://moovitapp.com/index/pt-br/transporte_p%C3%BAblico-line-0_357-Brasilia-1702-851940-775109-0,-1.0,-15.835087,-48.060327,0.0,,,2,2023-06-16T21:11:03+00:00
BRA_440108,Brasília,5300108,,Marechal,0.090,https://moovitapp.com/index/pt-br/transporte_p%C3%BAblico-line-0_090-Brasilia-1702-851940-242702-0,-1.0,-15.85376,-47.975197,3.0,,,2,2023-06-16T20:55:05+00:00
BRA_440205,Brasília,5300108,,Marechal,0.090,https://moovitapp.com/index/pt-br/transporte_p%C3%BAblico-line-0_090-Brasilia-1702-851940-242702-0,-1.0,-15.79776,-47.949603,0.0,,,2,2023-06-16T21:11:03+00:00
BRA_442437,Brasília,5300108,,Marechal,932.4,https://moovitapp.com/index/pt-br/transporte_p%C3%BAblico-line-932_4-Brasilia-1702-851940-111057093-0,-1.0,-15.80795,-47.90075,27.0,,,2,2023-06-16T21:11:03+00:00
BRA_440451,Brasília,5300108,,Marechal,355.2,https://moovitapp.com/index/pt-br/transporte_p%C3%BAblico-line-355_2-Brasilia-1702-851940-510251-0,-1.0,-15.8654,-48.038093,12.0,,,2,2023-06-16T20:59:47+00:00
BRA_443794,Brasília,5300108,,Marechal,351.3,https://moovitapp.com/index/pt-br/transporte_p%C3%BAblico-line-351_3-Brasilia-1702-851940-510249-0,-1.0,-15.869917,-48.02651,35.0,,,2,2023-06-16T21:11:03+00:00
BRA_440230,Brasília,5300108,,Marechal,305.4,https://moovitapp.com/index/pt-br/transporte_p%C3%BAblico-line-305_4-Brasilia-1702-851940-393567-0,-1.0,-15.810963,-47.989887,10.0,,,2,2023-06-16T21:11:03+00:00
BRA_444944,Brasília,5300108,,Urbi,0.347,https://moovitapp.com/index/pt-br/transporte_p%C3%BAblico-line-0_347-Brasilia-1702-851595-347128-0,-1.0,-15.831703,-48.058327,22.0,,,2,2023-06-16T21:11:03+00:00
BRA_445011,Brasília,5300108,,Marechal,0.942,https://moovitapp.com/index/pt-br/transporte_p%C3%BAblico-line-0_942-Brasilia-1702-851940-347158-0,-1.0,-15.78469,-47.941787,58.0,,,2,2023-06-16T21:10:58+00:00
BRA_445134,Brasília,5300108,,Marechal,0.305,https://moovitapp.com/index/pt-br/transporte_p%C3%BAblico-line-0_305-Brasilia-1702-851940-775108-0,-1.0,-15.867003,-48.037637,0.0,,,2,2023-06-16T21:11:03+00:00
BRA_440019,Brasília,5300108,,Marechal,355.2,https://moovitapp.com/index/pt-br/transporte_p%C3%BAblico-line-355_2-Brasilia-1702-851940-510251-0,-1.0,-15.866303,-48.02237,28.0,,,2,2023-06-16T21:11:03+00:00
BRA_440736,Brasília,5300108,,São José,157.8,https://moovitapp.com/index/pt-br/transporte_p%C3%BAblico-line-157_8-Brasilia-1702-851943-759503-0,-1.0,-15.794813,-47.93393,0.0,,,2,2023-06-16T21:11:03+00:00
BRA_443701,Brasília,5300108,,Marechal,0.351,https://moovitapp.com/index/pt-br/transporte_p%C3%BAblico-line-0_351-Brasilia-1702-851940-510246-0,-1.0,-15.865547,-48.0335,6.0,,,2,2023-06-16T21:11:03+00:00
BRA_441431,Brasília,5300108,,Marechal,0.363,https://moovitapp.com/index/pt-br/transporte_p%C3%BAblico-line-0_363-Brasilia-1702-851940-504339-0,-1.0,-15.869973,-48.0189,12.0,,,2,2023-06-16T21:11:03+00:00
BRA_445304,Brasília,5300108,,Marechal,0.378,https://moovitapp.com/index/pt-br/transporte_p%C3%BAblico-line-0_378-Brasilia-1702-851940-347150-0,-1.0,-15.742113,-47.89781,64.0,,,2,2023-06-16T21:11:03+00:00
BRA_441058,Brasília,5300108,,Marechal,376.3,https://moovitapp.com/index/pt-br/transporte_p%C3%BAblico-line-376_3-Brasilia-1702-851940-528960-0,-1.0,-15.78372,-47.98755,0.0,,,2,2023-06-16T21:10:58+00:00
BRA_440337,Brasília,5300108,,Marechal,156.1,https://moovitapp.com/index/pt-br/transporte_p%C3%BAblico-line-156_1-Brasilia-1702-851940-242750-0,-1.0,-15.81858,-47.985397,15.0,,,2,2023-06-16T21:11:03+00:00
BRA_440183,Brasília,5300108,,Urbi,805.9,https://moovitapp.com/index/pt-br/transporte_p%C3%BAblico-line-805_9-Brasilia-1702-851595-454983-0,-1.0,-15.870433,-48.038227,0.0,,,2,2023-06-16T21:11:03+00:00
BRA_440361,Brasília,5300108,,Urbi,805.9,https://moovitapp.com/index/pt-br/transporte_p%C3%BAblico-line-805_9-Brasilia-1702-851595-454983-0,-1.0,-15.82783,-48.062593,26.0,,,2,2023-06-16T21:11:03+00:00
BRA_445258,Brasília,5300108,,Marechal,337.1,https://moovitapp.com/index/pt-br/transporte_p%C3%BAblico-line-337_1-Brasilia-1702-851940-347165-0,-1.0,-15.83639,-48.067103,59.0,,,2,2023-06-16T21:11:03+00:00
BRA_440531,Brasília,5300108,,Marechal,0.156,https://moovitapp.com/index/pt-br/transporte_p%C3%BAblico-line-0_156-Brasilia-1702-851940-242705-0,-1.0,-15.866903,-48.037677,0.0,,,2,2023-06-16T21:10:58+00:00
BRA_440159,Brasília,5300108,,Marechal,156.8,https://moovitapp.com/index/pt-br/transporte_p%C3%BAblico-line-156_8-Brasilia-1702-851940-312445-0,-1.0,-16.01773,-48.05611,8.0,,,2,2023-06-16T21:11:03+00:00
BRA_441481,Brasília,5300108,,Urbi,0.050,https://moovitapp.com/index/pt-br/transporte_p%C3%BAblico-line-0_050-Brasilia-1702-851595-781325-0,-1.0,-15.83697,-48.05539,35.0,,,2,2023-06-16T21:11:03+00:00
BRA_442054,Brasília,5300108,,Marechal,932.2,https://moovitapp.com/index/pt-br/transporte_p%C3%BAblico-line-932_2-Brasilia-1702-851940-3494666-0,-1.0,-15.838973,-48.128767,0.0,,,2,2023-06-16T21:11:03+00:00
BRA_444367,Brasília,5300108,,Marechal,0.376,https://moovitapp.com/index/pt-br/transporte_p%C3%BAblico-line-0_376-Brasilia-1702-851940-242726-0,-1.0,-15.8374,-47.91804,7.0,,,2,2023-06-16T21:11:03+00:00
BRA_440167,Brasília,5300108,,Marechal,0.156,https://moovitapp.com/index/pt-br/transporte_p%C3%BAblico-line-0_156-Brasilia-1702-851940-242705-0,-1.0,-15.840907,-47.965753,0.0,,,2,2023-06-16T21:10:58+00:00
BRA_445274,Brasília,5300108,,Marechal,0.336,https://moovitapp.com/index/pt-br/transporte_p%C3%BAblico-line-0_336-Brasilia-1702-851940-347142-0,-1.0,-15.840967,-48.126973,0.0,,,2,2023-06-16T21:11:03+00:00
BRA_444600,Brasília,5300108,,Marechal,0.555,https://moovitapp.com/index/pt-br/transporte_p%C3%BAblico-line-0_555-Brasilia-1702-851940-504341-0,-1.0,-15.835777,-48.06348,26.0,,,2,2023-06-16T21:11:03+00:00
BRA_445282,Brasília,5300108,,Marechal,0.336,https://moovitapp.com/index/pt-br/transporte_p%C3%BAblico-line-0_336-Brasilia-1702-851940-347142-0,-1.0,-15.841047,-48.12693,0.0,,,2,2023-06-16T21:10:58+00:00
BRA_445371,Brasília,5300108,,Marechal,337.1,https://moovitapp.com/index/pt-br/transporte_p%C3%BAblico-line-337_1-Brasilia-1702-851940-347165-0,-1.0,-15.81963,-47.91597,48.0,,,2,2023-06-16T21:11:03+00:00
BRA_441465,Brasília,5300108,,Marechal,383.1,https://moovitapp.com/index/pt-br/transporte_p%C3%BAblico-line-383_1-Brasilia-1702-851940-527238-0,-1.0,-15.826393,-48.059613,0.0,,,2,2023-06-16T21:11:03+00:00
BRA_445215,Brasília,5300108,,Marechal,0.300,https://moovitapp.com/index/pt-br/transporte_p%C3%BAblico-line-0_300-Brasilia-1702-851940-419624-0,-1.0,-15.8156,-48.08312,13.0,,,2,2023-06-16T21:11:03+00:00
BRA_442232,Brasília,5300108,,Marechal,0.339,https://moovitapp.com/index/pt-br/transporte_p%C3%BAblico-line-0_339-Brasilia-1702-851940-419625-0,-1.0,-15.81092,-47.990577,13.0,,,2,2023-06-16T21:11:03+00:00
BRA_445380,Brasília,5300108,,Marechal,0.378,https://moovitapp.com/index/pt-br/transporte_p%C3%BAblico-line-0_378-Brasilia-1702-851940-347150-0,-1.0,-15.834427,-48.078963,4.0,,,2,2023-06-16T21:11:03+00:00
BRA_440264,Brasília,5300108,,Marechal,260.3,https://moovitapp.com/index/pt-br/transporte_p%C3%BAblico-line-260_3-Brasilia-1702-851940-393566-0,-1.0,-16.044923,-48.02835,13.0,,,2,2023-06-16T21:11:03+00:00
BRA_440345,Brasília,5300108,,Marechal,260.3,https://moovitapp.com/index/pt-br/transporte_p%C3%BAblico-line-260_3-Brasilia-1702-851940-393566-0,-1.0,-15.942107,-48.040333,48.0,,,2,2023-06-16T21:11:03+00:00
BRA_442755,Brasília,5300108,,Urbi,0.399,https://moovitapp.com/index/pt-br/transporte_p%C3%BAblico-line-0_399-Brasilia-1702-851595-454964-0,-1.0,-15.886327,-48.103917,0.0,,,2,2023-06-16T21:11:03+00:00
BRA_445339,Brasília,5300108,,Marechal,337.1,https://moovitapp.com/index/pt-br/transporte_p%C3%BAblico-line-337_1-Brasilia-1702-851940-347165-0,-1.0,-15.834503,-48.0785,4.0,,,2,2023-06-16T21:10:58+00:00
BRA_443247,Brasília,5300108,,Marechal,336.2,https://moovitapp.com/index/pt-br/transporte_p%C3%BAblico-line-336_2-Brasilia-1702-851940-347164-0,-1.0,-15.797547,-47.884667,0.0,,,2,2023-06-16T21:11:03+00:00
BRA_442267,Brasília,5300108,,Marechal,0.339,https://moovitapp.com/index/pt-br/transporte_p%C3%BAblico-line-0_339-Brasilia-1702-851940-419625-0,-1.0,-15.78745,-47.988507,0.0,,,2,2023-06-16T21:11:03+00:00
BRA_440035,Brasília,5300108,,Marechal,355.3,https://moovitapp.com/index/pt-br/transporte_p%C3%BAblico-line-355_3-Brasilia-1702-851940-504343-0,-1.0,-15.822667,-48.060847,11.0,,,2,2023-06-16T21:10:58+00:00
BRA_442275,Brasília,5300108,,Marechal,361.1,https://moovitapp.com/index/pt-br/transporte_p%C3%BAblico-line-361_1-Brasilia-1702-851940-363861-0,-1.0,-15.83126,-48.05667,0.0,,,2,2023-06-16T21:11:03+00:00
BRA_442241,Brasília,5300108,,Marechal,0.850,https://moovitapp.com/index/pt-br/transporte_p%C3%BAblico-line-0_850-Brasilia-1702-851940-312434-0,-1.0,-15.826843,-47.983013,19.0,,,2,2023-06-16T21:11:03+00:00
BRA_445398,Brasília,5300108,,Marechal,0.300,https://moovitapp.com/index/pt-br/transporte_p%C3%BAblico-line-0_300-Brasilia-1702-851940-419624-0,-1.0,-15.810967,-47.976827,0.0,,,2,2023-06-16T21:11:03+00:00
BRA_440027,Brasília,5300108,,Urbi,805.2,https://moovitapp.com/index/pt-br/transporte_p%C3%BAblico-line-805_2-Brasilia-1702-851595-454981-0,-1.0,-15.831697,-48.05813,27.0,,,2,2023-06-16T21:11:03+00:00
BRA_440906,Brasília,5300108,,Marechal,0.205,https://moovitapp.com/index/pt-br/transporte_p%C3%BAblico-line-0_205-Brasilia-1702-851940-463646-0,-1.0,-15.80699,-48.092203,8.0,,,2,2023-06-16T21:11:03+00:00
BRA_445207,Brasília,5300108,,Marechal,0.378,https://moovitapp.com/index/pt-br/transporte_p%C3%BAblico-line-0_378-Brasilia-1702-851940-347150-0,-1.0,-15.835197,-48.074617,31.0,,,2,2023-06-16T21:11:03+00:00
BRA_441392,Brasília,5300108,,Urbi,367.2,https://moovitapp.com/index/pt-br/transporte_p%C3%BAblico-line-367_2-Brasilia-1702-851595-454971-0,-1.0,-15.839343,-48.12863,0.0,,,2,2023-06-16T21:11:03+00:00
BRA_440248,Brasília,5300108,,Marechal,305.4,https://moovitapp.com/index/pt-br/transporte_p%C3%BAblico-line-305_4-Brasilia-1702-851940-393567-0,-1.0,-15.86957,-48.03746,0.0,,,2,2023-06-16T21:10:58+00:00
BRA_440426,Brasília,5300108,,Marechal,0.205,https://moovitapp.com/index/pt-br/transporte_p%C3%BAblico-line-0_205-Brasilia-1702-851940-463646-0,-1.0,-15.805517,-48.076103,37.0,,,2,2023-06-16T21:11:03+00:00
BRA_441856,Brasília,5300108,,Marechal,0.383,https://moovitapp.com/index/pt-br/transporte_p%C3%BAblico-line-0_383-Brasilia-1702-851940-347151-0,-1.0,-15.79074,-48.03706,42.0,,,2,2023-06-16T20:55:26+00:00
BRA_440795,Brasília,5300108,,Marechal,156.7,https://moovitapp.com/index/pt-br/transporte_p%C3%BAblico-line-156_7-Brasilia-1702-851940-312444-0,-1.0,-15.83098,-47.980153,10.0,,,2,2023-06-16T21:11:03+00:00
BRA_443557,Brasília,5300108,,Marechal,355.3,https://moovitapp.com/index/pt-br/transporte_p%C3%BAblico-line-355_3-Brasilia-1702-851940-504343-0,-1.0,-15.829273,-48.045947,26.0,,,2,2023-06-16T21:11:03+00:00
BRA_441511,Brasília,5300108,,Marechal,0.339,https://moovitapp.com/index/pt-br/transporte_p%C3%BAblico-line-0_339-Brasilia-1702-851940-419625-0,-1.0,-15.840597,-48.126807,0.0,,,2,2023-06-16T21:11:03+00:00
BRA_441830,Brasília,5300108,,Marechal,0.555,https://moovitapp.com/index/pt-br/transporte_p%C3%BAblico-line-0_555-Brasilia-1702-851940-504341-0,-1.0,-15.81244,-47.999237,58.0,,,2,2023-06-16T21:11:03+00:00
BRA_441635,Brasília,5300108,,Marechal,932.1,https://moovitapp.com/index/pt-br/transporte_p%C3%BAblico-line-932_1-Brasilia-1702-851940-470763-0,-1.0,-15.826343,-47.914843,0.0,,,2,2023-06-16T21:11:03+00:00
BRA_444570,Brasília,5300108,,Marechal,0.942,https://moovitapp.com/index/pt-br/transporte_p%C3%BAblico-line-0_942-Brasilia-1702-851940-347158-0,-1.0,-15.78666,-48.00751,31.0,,,2,2023-06-16T21:11:03+00:00
BRA_444715,Brasília,5300108,,Marechal,0.089,https://moovitapp.com/index/pt-br/transporte_p%C3%BAblico-line-0_089-Brasilia-1702-851940-706977-0,-1.0,-15.845973,-47.968227,0.0,,,2,2023-06-16T21:11:03+00:00
BRA_443042,Brasília,5300108,,Marechal,0.089,https://moovitapp.com/index/pt-br/transporte_p%C3%BAblico-line-0_089-Brasilia-1702-851940-706977-0,-1.0,-15.829993,-48.05275,33.0,,,2,2023-06-16T20:36:03+00:00
BRA_444723,Brasília,5300108,,São José,359.2,https://moovitapp.com/index/pt-br/transporte_p%C3%BAblico-line-359_2-Brasilia-1702-851943-2068453-0,-1.0,-15.83117,-48.056463,0.0,,,2,2023-06-16T21:11:03+00:00
BRA_443051,Brasília,5300108,,Marechal,363.1,https://moovitapp.com/index/pt-br/transporte_p%C3%BAblico-line-363_1-Brasilia-1702-851940-504344-0,-1.0,-15.847163,-48.116207,39.0,,,2,2023-06-16T21:11:03+00:00
BRA_442828,Brasília,5300108,,Marechal,0.903,https://moovitapp.com/index/pt-br/transporte_p%C3%BAblico-line-0_903-Brasilia-1702-851940-347155-0,-1.0,-15.787497,-48.011713,0.0,,,2,2023-06-16T21:11:03+00:00
BRA_442801,Brasília,5300108,,Marechal,0.383,https://moovitapp.com/index/pt-br/transporte_p%C3%BAblico-line-0_383-Brasilia-1702-851940-347151-0,-1.0,-15.794257,-47.88302,0.0,,,2,2023-06-16T21:11:03+00:00
BRA_445126,Brasília,5300108,,Marechal,0.305,https://moovitapp.com/index/pt-br/transporte_p%C3%BAblico-line-0_305-Brasilia-1702-851940-775108-0,-1.0,-15.83217,-48.050913,20.0,,,2,2023-06-16T20:55:52+00:00
BRA_442852,Brasília,5300108,,Marechal,910.1,https://moovitapp.com/index/pt-br/transporte_p%C3%BAblico-line-910_1-Brasilia-1702-851940-419630-0,-1.0,-15.78678,-48.008113,34.0,,,2,2023-06-16T21:11:03+00:00
BRA_442747,Brasília,5300108,,São José,359.2,https://moovitapp.com/index/pt-br/transporte_p%C3%BAblico-line-359_2-Brasilia-1702-851943-2068453-0,-1.0,-15.80925,-48.153887,32.0,,,2,2023-06-16T20:22:49+00:00
BRA_442577,Brasília,5300108,,Marechal,933.1,https://moovitapp.com/index/pt-br/transporte_p%C3%BAblico-line-933_1-Brasilia-1702-851940-358307-0,-1.0,-15.80423,-48.07208,8.0,,,2,2023-06-16T21:11:03+00:00
BRA_443123,Brasília,5300108,,Marechal,361.1,https://moovitapp.com/index/pt-br/transporte_p%C3%BAblico-line-361_1-Brasilia-1702-851940-363861-0,-1.0,-15.83845,-48.122193,0.0,,,2,2023-06-16T21:11:03+00:00
BRA_443778,Brasília,5300108,,Marechal,157.6,https://moovitapp.com/index/pt-br/transporte_p%C3%BAblico-line-157_6-Brasilia-1702-851940-419627-0,-1.0,-15.858097,-48.029353,31.0,,,2,2023-06-16T21:11:03+00:00
BRA_440591,Brasília,5300108,,Piracicabana,099.1,https://moovitapp.com/index/pt-br/transporte_p%C3%BAblico-line-099_1-Brasilia-1702-850942-775090-0,-1.0,-15.825047,-48.026127,0.0,,,2,2023-06-16T21:11:03+00:00
BRA_444286,Brasília,5300108,,Marechal,933.2,https://moovitapp.com/index/pt-br/transporte_p%C3%BAblico-line-933_2-Brasilia-1702-851940-717428-0,-1.0,-15.856093,-48.120697,22.0,,,2,2023-06-16T21:11:03+00:00
BRA_440922,Brasília,5300108,,São José,0.092,https://moovitapp.com/index/pt-br/transporte_p%C3%BAblico-line-0_092-Brasilia-1702-851943-496589-0,-1.0,-15.825893,-47.981083,0.0,,,2,2023-06-16T21:11:03+00:00
BRA_440957,Brasília,5300108,,Marechal,376.2,https://moovitapp.com/index/pt-br/transporte_p%C3%BAblico-line-376_2-Brasilia-1702-851940-242799-0,-1.0,-15.869763,-48.037683,0.0,,,2,2023-06-16T21:10:58+00:00
BRA_440400,Brasília,5300108,,São José,0.092,https://moovitapp.com/index/pt-br/transporte_p%C3%BAblico-line-0_092-Brasilia-1702-851943-496589-0,-1.0,-15.80787,-47.96554,31.0,,,2,2023-06-16T21:11:03+00:00
BRA_444031,Brasília,5300108,,Urbi,056.2,https://moovitapp.com/index/pt-br/transporte_p%C3%BAblico-line-056_2-Brasilia-1702-851595-492982-0,-1.0,-15.817577,-48.082427,20.0,,,2,2023-06-16T21:11:03+00:00
BRA_444731,Brasília,5300108,,Marechal,0.914,https://moovitapp.com/index/pt-br/transporte_p%C3%BAblico-line-0_914-Brasilia-1702-851940-347157-0,-1.0,-15.839183,-48.127577,60.0,,,2,2023-06-16T21:11:03+00:00
BRA_443891,Brasília,5300108,,Marechal,0.355,https://moovitapp.com/index/pt-br/transporte_p%C3%BAblico-line-0_355-Brasilia-1702-851940-504338-0,-1.0,-15.871053,-48.032643,47.0,,,2,2023-06-16T21:11:03+00:00
BRA_440639,Brasília,5300108,,Marechal,0.234,https://moovitapp.com/index/pt-br/transporte_p%C3%BAblico-line-0_234-Brasilia-1702-851940-419623-0,-1.0,-15.883743,-48.059237,59.0,,,2,2023-06-16T20:44:03+00:00
BRA_440752,Brasília,5300108,,Marechal,154.2,https://moovitapp.com/index/pt-br/transporte_p%C3%BAblico-line-154_2-Brasilia-1702-851940-527234-0,-1.0,-15.822763,-47.909923,25.0,,,2,2023-06-16T21:11:03+00:00
BRA_440868,Brasília,5300108,,Marechal,0.357,https://moovitapp.com/index/pt-br/transporte_p%C3%BAblico-line-0_357-Brasilia-1702-851940-775109-0,-1.0,-15.82946,-48.058463,0.0,,,2,2023-06-16T21:06:43+00:00
BRA_441708,Brasília,5300108,,Urbi,367.2,https://moovitapp.com/index/pt-br/transporte_p%C3%BAblico-line-367_2-Brasilia-1702-851595-454971-0,-1.0,-15.883707,-48.149813,0.0,,,2,2023-06-16T21:11:03+00:00
BRA_440299,Brasília,5300108,,Marechal,156.7,https://moovitapp.com/index/pt-br/transporte_p%C3%BAblico-line-156_7-Brasilia-1702-851940-312444-0,-1.0,-15.76855,-47.889623,20.0,,,2,2023-06-16T21:11:03+00:00
BRA_445363,Brasília,5300108,,Marechal,337.1,https://moovitapp.com/index/pt-br/transporte_p%C3%BAblico-line-337_1-Brasilia-1702-851940-347165-0,-1.0,-15.840473,-48.12962,0.0,,,2,2023-06-16T21:10:58+00:00
BRA_445193,Brasília,5300108,,Marechal,0.300,https://moovitapp.com/index/pt-br/transporte_p%C3%BAblico-line-0_300-Brasilia-1702-851940-419624-0,-1.0,-15.814607,-47.89881,1.0,,,2,2023-06-16T20:56:33+00:00
BRA_441007,Brasília,5300108,,Marechal,0.234,https://moovitapp.com/index/pt-br/transporte_p%C3%BAblico-line-0_234-Brasilia-1702-851940-419623-0,-1.0,-15.974123,-48.029333,67.0,,,2,2023-06-16T21:11:03+00:00
BRA_440078,Brasília,5300108,,Marechal,0.153,https://moovitapp.com/index/pt-br/transporte_p%C3%BAblico-line-0_153-Brasilia-1702-851940-766835-0,-1.0,-15.742407,-47.883583,60.0,,,2,2023-06-16T21:11:03+00:00
BRA_444111,Brasília,5300108,,Marechal,0.363,https://moovitapp.com/index/pt-br/transporte_p%C3%BAblico-line-0_363-Brasilia-1702-851940-504339-0,-1.0,-15.840743,-48.12629,22.0,,,2,2023-06-16T21:11:03+00:00
BRA_442984,Brasília,5300108,,Urbi,0.367,https://moovitapp.com/index/pt-br/transporte_p%C3%BAblico-line-0_367-Brasilia-1702-851595-519380-0,-1.0,-15.86696,-48.09812,0.0,,,2,2023-06-16T21:11:03+00:00
BRA_442674,Brasília,5300108,,Marechal,0.089,https://moovitapp.com/index/pt-br/transporte_p%C3%BAblico-line-0_089-Brasilia-1702-851940-706977-0,-1.0,-15.842257,-48.04543,0.0,,,2,2023-06-16T21:11:03+00:00
BRA_443026,Brasília,5300108,,Urbi,056.4,https://moovitapp.com/index/pt-br/transporte_p%C3%BAblico-line-056_4-Brasilia-1702-851595-519387-0,-1.0,-15.851463,-48.118367,42.0,,,2,2023-06-16T21:11:03+00:00
BRA_440086,Brasília,5300108,,Marechal,0.216,https://moovitapp.com/index/pt-br/transporte_p%C3%BAblico-line-0_216-Brasilia-1702-851940-393562-0,-1.0,-15.866653,-48.038027,13.0,,,2,2023-06-16T21:11:03+00:00
BRA_442534,Brasília,5300108,,Marechal,0.903,https://moovitapp.com/index/pt-br/transporte_p%C3%BAblico-line-0_903-Brasilia-1702-851940-347155-0,-1.0,-15.798957,-47.950013,0.0,,,2,2023-06-16T21:11:03+00:00
BRA_444740,Brasília,5300108,,Marechal,942.1,https://moovitapp.com/index/pt-br/transporte_p%C3%BAblico-line-942_1-Brasilia-1702-851940-347177-0,-1.0,-15.823427,-48.01016,16.0,,,2,2023-06-16T21:11:03+00:00
BRA_442879,Brasília,5300108,,Marechal,933.4,https://moovitapp.com/index/pt-br/transporte_p%C3%BAblico-line-933_4-Brasilia-1702-851940-656766-0,-1.0,-15.820233,-48.10962,34.0,,,2,2023-06-16T21:11:03+00:00
BRA_443417,Brasília,5300108,,Marechal,0.345,https://moovitapp.com/index/pt-br/transporte_p%C3%BAblico-line-0_345-Brasilia-1702-851940-347145-0,-1.0,-15.808627,-47.882593,37.0,,,2,2023-06-16T21:11:03+00:00
BRA_441384,Brasília,5300108,,Urbi,372.5,https://moovitapp.com/index/pt-br/transporte_p%C3%BAblico-line-372_5-Brasilia-1702-851595-519391-0,-1.0,-15.890537,-48.127773,48.0,,,2,2023-06-16T21:11:03+00:00
BRA_441333,Brasília,5300108,,Marechal,154.3,https://moovitapp.com/index/pt-br/transporte_p%C3%BAblico-line-154_3-Brasilia-1702-851940-393565-0,-1.0,-15.795297,-47.88293,0.0,,,2,2023-06-16T21:11:03+00:00
BRA_441295,Brasília,5300108,,Marechal,162.2,https://moovitapp.com/index/pt-br/transporte_p%C3%BAblico-line-162_2-Brasilia-1702-851940-312446-0,-1.0,-15.84646,-47.974583,18.0,,,2,2023-06-16T21:11:03+00:00
BRA_443310,Brasília,5300108,,Marechal,942.1,https://moovitapp.com/index/pt-br/transporte_p%C3%BAblico-line-942_1-Brasilia-1702-851940-347177-0,-1.0,-15.811273,-48.06478,0.0,,,2,2023-06-16T21:11:03+00:00
BRA_441104,Brasília,5300108,,Urbi,038.1,https://moovitapp.com/index/pt-br/transporte_p%C3%BAblico-line-038_1-Brasilia-1702-851595-781327-0,-1.0,-15.884523,-48.01696,18.0,,,2,2023-06-16T21:11:03+00:00
BRA_441180,Brasília,5300108,,Marechal,260.3,https://moovitapp.com/index/pt-br/transporte_p%C3%BAblico-line-260_3-Brasilia-1702-851940-393566-0,-1.0,-15.8098,-48.132003,36.0,,,2,2023-06-16T21:10:42+00:00
BRA_443506,Brasília,5300108,,Marechal,361.1,https://moovitapp.com/index/pt-br/transporte_p%C3%BAblico-line-361_1-Brasilia-1702-851940-363861-0,-1.0,-15.83537,-48.086957,0.0,,,2,2023-06-16T21:11:03+00:00
BRA_441198,Brasília,5300108,,Marechal,157.6,https://moovitapp.com/index/pt-br/transporte_p%C3%BAblico-line-157_6-Brasilia-1702-851940-419627-0,-1.0,-15.8318,-47.952423,5.0,,,2,2023-06-16T21:11:03+00:00
BRA_443425,Brasília,5300108,,Marechal,910.1,https://moovitapp.com/index/pt-br/transporte_p%C3%BAblico-line-910_1-Brasilia-1702-851940-419630-0,-1.0,-15.73741,-47.915513,60.0,,,2,2023-06-16T21:11:03+00:00
BRA_441261,Brasília,5300108,,Marechal,0.205,https://moovitapp.com/index/pt-br/transporte_p%C3%BAblico-line-0_205-Brasilia-1702-851940-463646-0,-1.0,-15.86892,-48.037687,0.0,,,2,2023-06-16T21:10:58+00:00
BRA_443069,Brasília,5300108,,Marechal,933.1,https://moovitapp.com/index/pt-br/transporte_p%C3%BAblico-line-933_1-Brasilia-1702-851940-358307-0,-1.0,-15.840003,-48.10759,30.0,,,2,2023-06-16T21:11:03+00:00
BRA_442640,Brasília,5300108,,Marechal,933.1,https://moovitapp.com/index/pt-br/transporte_p%C3%BAblico-line-933_1-Brasilia-1702-851940-358307-0,-1.0,-15.825463,-48.119633,0.0,,,2,2023-06-16T21:11:03+00:00
BRA_440612,Brasília,5300108,,Marechal,0.153,https://moovitapp.com/index/pt-br/transporte_p%C3%BAblico-line-0_153-Brasilia-1702-851940-766835-0,-1.0,-15.842787,-48.045217,0.0,,,2,2023-06-16T21:11:03+00:00
BRA_440116,Brasília,5300108,,Marechal,162.2,https://moovitapp.com/index/pt-br/transporte_p%C3%BAblico-line-162_2-Brasilia-1702-851940-312446-0,-1.0,-15.761403,-47.891817,31.0,,,2,2023-06-16T21:11:03+00:00
BRA_440809,Brasília,5300108,,Marechal,154.2,https://moovitapp.com/index/pt-br/transporte_p%C3%BAblico-line-154_2-Brasilia-1702-851940-527234-0,-1.0,-15.842447,-47.94633,57.0,,,2,2023-06-16T21:03:25+00:00
BRA_443930,Brasília,5300108,,Marechal,933.2,https://moovitapp.com/index/pt-br/transporte_p%C3%BAblico-line-933_2-Brasilia-1702-851940-717428-0,-1.0,-15.82099,-48.111727,43.0,,,2,2023-06-16T21:08:01+00:00
BRA_440663,Brasília,5300108,,Marechal,206.1,https://moovitapp.com/index/pt-br/transporte_p%C3%BAblico-line-206_1-Brasilia-1702-851940-137149861-0,-1.0,-16.02045,-48.0671,0.0,,,2,2023-06-16T21:11:03+00:00
BRA_444260,Brasília,5300108,,Marechal,933.6,https://moovitapp.com/index/pt-br/transporte_p%C3%BAblico-line-933_6-Brasilia-1702-851940-3494672-0,-1.0,-15.830967,-48.058043,0.0,,,2,2023-06-16T21:11:03+00:00
BRA_440761,Brasília,5300108,,Marechal,0.376,https://moovitapp.com/index/pt-br/transporte_p%C3%BAblico-line-0_376-Brasilia-1702-851940-242726-0,-1.0,-15.855183,-47.9754,8.0,,,2,2023-06-16T21:11:03+00:00
BRA_442356,Brasília,5300108,,Urbi,393.6,https://moovitapp.com/index/pt-br/transporte_p%C3%BAblico-line-393_6-Brasilia-1702-851595-588817-0,-1.0,-15.88718,-48.093597,26.0,,,2,2023-06-16T21:11:03+00:00
BRA_444022,Brasília,5300108,,Marechal,933.6,https://moovitapp.com/index/pt-br/transporte_p%C3%BAblico-line-933_6-Brasilia-1702-851940-3494672-0,-1.0,-15.840777,-48.12666,0.0,,,2,2023-06-16T21:11:03+00:00
BRA_444090,Brasília,5300108,,Urbi,0.367,https://moovitapp.com/index/pt-br/transporte_p%C3%BAblico-line-0_367-Brasilia-1702-851595-519380-0,-1.0,-15.88816,-48.149887,5.0,,,2,2023-06-16T21:11:03+00:00
BRA_443956,Brasília,5300108,,Marechal,0.369,https://moovitapp.com/index/pt-br/transporte_p%C3%BAblico-line-0_369-Brasilia-1702-851940-500060-0,-1.0,-15.835407,-48.061593,31.0,,,2,2023-06-16T21:11:03+00:00
BRA_445312,Brasília,5300108,,Marechal,0.378,https://moovitapp.com/index/pt-br/transporte_p%C3%BAblico-line-0_378-Brasilia-1702-851940-347150-0,-1.0,-15.84522,-48.123113,40.0,,,2,2023-06-16T21:11:03+00:00
BRA_440558,Brasília,5300108,,São José,0.092,https://moovitapp.com/index/pt-br/transporte_p%C3%BAblico-line-0_092-Brasilia-1702-851943-496589-0,-1.0,-15.83991,-47.921527,19.0,,,2,2023-06-16T21:11:03+00:00
BRA_444588,Brasília,5300108,,Marechal,0.554,https://moovitapp.com/index/pt-br/transporte_p%C3%BAblico-line-0_554-Brasilia-1702-851940-504340-0,-1.0,-15.83758,-48.121023,20.0,,,2,2023-06-16T21:11:03+00:00
BRA_441554,Brasília,5300108,,Marechal,363.1,https://moovitapp.com/index/pt-br/transporte_p%C3%BAblico-line-363_1-Brasilia-1702-851940-504344-0,-1.0,-15.810237,-48.089547,40.0,,,2,2023-06-16T21:11:03+00:00
BRA_442194,Brasília,5300108,,Urbi,367.2,https://moovitapp.com/index/pt-br/transporte_p%C3%BAblico-line-367_2-Brasilia-1702-851595-454971-0,-1.0,-15.840377,-48.129727,0.0,,,2,2023-06-16T21:11:03+00:00
BRA_440779,Brasília,5300108,,Marechal,156.7,https://moovitapp.com/index/pt-br/transporte_p%C3%BAblico-line-156_7-Brasilia-1702-851940-312444-0,-1.0,-15.8404,-47.9658,0.0,,,2,2023-06-16T21:10:58+00:00
BRA_444545,Brasília,5300108,,Marechal,942.2,https://moovitapp.com/index/pt-br/transporte_p%C3%BAblico-line-942_2-Brasilia-1702-851940-53406783-0,-1.0,-15.80267,-47.921427,19.0,,,2,2023-06-16T21:11:03+00:00
BRA_443883,Brasília,5300108,,Marechal,959.2,https://moovitapp.com/index/pt-br/transporte_p%C3%BAblico-line-959_2-Brasilia-1702-851940-66561063-0,-1.0,-15.858017,-47.99887,22.0,,,2,2023-06-16T21:11:03+00:00
BRA_444537,Brasília,5300108,,Marechal,0.555,https://moovitapp.com/index/pt-br/transporte_p%C3%BAblico-line-0_555-Brasilia-1702-851940-504341-0,-1.0,-15.84071,-48.127007,0.0,,,2,2023-06-16T21:11:03+00:00
BRA_440621,Brasília,5300108,,Urbi,805.8,https://moovitapp.com/index/pt-br/transporte_p%C3%BAblico-line-805_8-Brasilia-1702-851595-454982-0,-1.0,-15.8701,-48.037527,0.0,,,2,2023-06-16T21:11:03+00:00
BRA_441775,Brasília,5300108,,Marechal,0.089,https://moovitapp.com/index/pt-br/transporte_p%C3%BAblico-line-0_089-Brasilia-1702-851940-706977-0,-1.0,-15.832213,-47.952493,0.0,,,2,2023-06-16T21:11:03+00:00
BRA_443387,Brasília,5300108,,Urbi,367.8,https://moovitapp.com/index/pt-br/transporte_p%C3%BAblico-line-367_8-Brasilia-1702-851595-681293-0,-1.0,-15.860973,-48.035587,32.0,,,2,2023-06-16T21:10:32+00:00
BRA_443361,Brasília,5300108,,Marechal,933.1,https://moovitapp.com/index/pt-br/transporte_p%C3%BAblico-line-933_1-Brasilia-1702-851940-358307-0,-1.0,-15.833123,-48.11307,31.0,,,2,2023-06-16T21:11:03+00:00
BRA_441422,Brasília,5300108,,Marechal,933.1,https://moovitapp.com/index/pt-br/transporte_p%C3%BAblico-line-933_1-Brasilia-1702-851940-358307-0,-1.0,-15.85146,-48.118347,36.0,,,2,2023-06-16T21:11:03+00:00
BRA_445355,Brasília,5300108,,Marechal,0.378,https://moovitapp.com/index/pt-br/transporte_p%C3%BAblico-line-0_378-Brasilia-1702-851940-347150-0,-1.0,-15.852953,-48.116723,52.0,,,2,2023-06-16T21:10:58+00:00
BRA_445266,Brasília,5300108,,Marechal,0.301,https://moovitapp.com/index/pt-br/transporte_p%C3%BAblico-line-0_301-Brasilia-1702-851940-339319-0,-1.0,-15.827583,-47.931533,21.0,,,2,2023-06-16T21:11:03+00:00
BRA_440833,Brasília,5300108,,Marechal,156.1,https://moovitapp.com/index/pt-br/transporte_p%C3%BAblico-line-156_1-Brasilia-1702-851940-242750-0,-1.0,-15.73605,-47.90733,0.0,,,2,2023-06-16T21:10:58+00:00
BRA_443450,Brasília,5300108,,Marechal,0.363,https://moovitapp.com/index/pt-br/transporte_p%C3%BAblico-line-0_363-Brasilia-1702-851940-504339-0,-1.0,-15.84144,-48.10127,0.0,,,2,2023-06-16T21:11:03+00:00
BRA_443301,Brasília,5300108,,Marechal,933.5,https://moovitapp.com/index/pt-br/transporte_p%C3%BAblico-line-933_5-Brasilia-1702-851940-766837-0,-1.0,-15.835983,-48.13587,25.0,,,2,2023-06-16T21:11:03+00:00
BRA_445321,Brasília,5300108,,Marechal,337.1,https://moovitapp.com/index/pt-br/transporte_p%C3%BAblico-line-337_1-Brasilia-1702-851940-347165-0,-1.0,-15.83436,-48.079383,4.0,,,2,2023-06-16T21:11:03+00:00
BRA_445151,Brasília,5300108,,Marechal,162.2,https://moovitapp.com/index/pt-br/transporte_p%C3%BAblico-line-162_2-Brasilia-1702-851940-312446-0,-1.0,-15.785147,-47.887867,0.0,,,2,2023-06-16T21:11:03+00:00
BRA_441473,Brasília,5300108,,Marechal,0.089,https://moovitapp.com/index/pt-br/transporte_p%C3%BAblico-line-0_089-Brasilia-1702-851940-706977-0,-1.0,-15.807357,-48.081597,7.0,,,2,2023-06-16T21:11:03+00:00
BRA_441571,Brasília,5300108,,Marechal,336.1,https://moovitapp.com/index/pt-br/transporte_p%C3%BAblico-line-336_1-Brasilia-1702-851940-347163-0,-1.0,-15.809303,-47.952487,19.0,,,2,2023-06-16T21:11:03+00:00
BRA_443760,Brasília,5300108,,Marechal,351.3,https://moovitapp.com/index/pt-br/transporte_p%C3%BAblico-line-351_3-Brasilia-1702-851940-510249-0,-1.0,-15.854757,-48.04497,25.0,,,2,2023-06-16T21:11:03+00:00
BRA_444677,Brasília,5300108,,São José,350.1,https://moovitapp.com/index/pt-br/transporte_p%C3%BAblico-line-350_1-Brasilia-1702-851943-2068450-0,-1.0,-15.836113,-48.087347,49.0,,,2,2023-06-16T21:10:01+00:00
BRA_444685,Brasília,5300108,,São José,332.1,https://moovitapp.com/index/pt-br/transporte_p%C3%BAblico-line-332_1-Brasilia-1702-851943-2068455-0,-1.0,-15.814827,-48.099333,0.0,,,2,2023-06-16T21:11:03+00:00
BRA_440566,Brasília,5300108,,Urbi,872.9,https://moovitapp.com/index/pt-br/transporte_p%C3%BAblico-line-872_9-Brasilia-1702-851595-372394-0,-1.0,-15.908527,-48.062043,22.0,,,2,2023-06-16T21:11:03+00:00
BRA_440485,Brasília,5300108,,Piracicabana,099.1,https://moovitapp.com/index/pt-br/transporte_p%C3%BAblico-line-099_1-Brasilia-1702-850942-775090-0,-1.0,-15.736213,-47.898893,24.0,,,2,2023-06-16T21:11:03+00:00
BRA_441023,Brasília,5300108,,Marechal,156.7,https://moovitapp.com/index/pt-br/transporte_p%C3%BAblico-line-156_7-Brasilia-1702-851940-312444-0,-1.0,-15.911923,-48.05101,13.0,,,2,2023-06-16T21:11:03+00:00
BRA_442119,Brasília,5300108,,Marechal,933.5,https://moovitapp.com/index/pt-br/transporte_p%C3%BAblico-line-933_5-Brasilia-1702-851940-766837-0,-1.0,-15.820907,-48.110957,23.0,,,2,2023-06-16T21:11:03+00:00
BRA_441376,Brasília,5300108,,Marechal,0.900,https://moovitapp.com/index/pt-br/transporte_p%C3%BAblico-line-0_900-Brasilia-1702-851940-242733-0,-1.0,-15.793083,-47.975007,35.0,,,2,2023-06-16T21:11:03+00:00
BRA_445231,Brasília,5300108,,Marechal,0.301,https://moovitapp.com/index/pt-br/transporte_p%C3%BAblico-line-0_301-Brasilia-1702-851940-339319-0,-1.0,-15.814267,-48.08355,31.0,,,2,2023-06-16T21:11:03+00:00
BRA_443948,Brasília,5300108,,Marechal,0.363,https://moovitapp.com/index/pt-br/transporte_p%C3%BAblico-line-0_363-Brasilia-1702-851940-504339-0,-1.0,-15.838803,-48.128847,0.0,,,2,2023-06-16T21:10:58+00:00
BRA_444421,Brasília,5300108,,Urbi,823.2,https://moovitapp.com/index/pt-br/transporte_p%C3%BAblico-line-823_2-Brasilia-1702-851595-736295-0,-1.0,-15.848603,-47.975293,57.0,,,2,2023-06-16T21:08:06+00:00
BRA_443727,Brasília,5300108,,Marechal,959.2,https://moovitapp.com/index/pt-br/transporte_p%C3%BAblico-line-959_2-Brasilia-1702-851940-66561063-0,-1.0,-15.857853,-47.989223,33.0,,,2,2023-06-16T21:10:58+00:00
BRA_444189,Brasília,5300108,,Marechal,933.6,https://moovitapp.com/index/pt-br/transporte_p%C3%BAblico-line-933_6-Brasilia-1702-851940-3494672-0,-1.0,-15.803677,-48.06915,0.0,,,2,2023-06-16T21:11:03+00:00
BRA_442208,Brasília,5300108,,Urbi,056.2,https://moovitapp.com/index/pt-br/transporte_p%C3%BAblico-line-056_2-Brasilia-1702-851595-492982-0,-1.0,-15.862313,-48.07578,18.0,,,2,2023-06-16T21:10:16+00:00
BRA_441759,Brasília,5300108,,Urbi,0.050,https://moovitapp.com/index/pt-br/transporte_p%C3%BAblico-line-0_050-Brasilia-1702-851595-781325-0,-1.0,-15.856693,-48.04362,26.0,,,2,2023-06-16T21:11:03+00:00
BRA_443654,Brasília,5300108,,Marechal,355.3,https://moovitapp.com/index/pt-br/transporte_p%C3%BAblico-line-355_3-Brasilia-1702-851940-504343-0,-1.0,-15.801873,-48.067967,0.0,,,2,2023-06-16T21:11:03+00:00
BRA_442542,Brasília,5300108,,Marechal,933.1,https://moovitapp.com/index/pt-br/transporte_p%C3%BAblico-line-933_1-Brasilia-1702-851940-358307-0,-1.0,-15.82086,-48.110697,10.0,,,2,2023-06-16T21:11:03+00:00
BRA_441872,Brasília,5300108,,Marechal,932.2,https://moovitapp.com/index/pt-br/transporte_p%C3%BAblico-line-932_2-Brasilia-1702-851940-3494666-0,-1.0,-15.7938,-47.883147,9.0,,,2,2023-06-16T21:11:03+00:00
BRA_441457,Brasília,5300108,,Urbi,0.367,https://moovitapp.com/index/pt-br/transporte_p%C3%BAblico-line-0_367-Brasilia-1702-851595-519380-0,-1.0,-15.837323,-48.05511,35.0,,,2,2023-06-16T21:11:03+00:00
BRA_440787,Brasília,5300108,,São José,0.092,https://moovitapp.com/index/pt-br/transporte_p%C3%BAblico-line-0_092-Brasilia-1702-851943-496589-0,-1.0,-15.82467,-47.97746,0.0,,,2,2023-06-16T21:11:03+00:00
BRA_441139,Brasília,5300108,,Marechal,306.2,https://moovitapp.com/index/pt-br/transporte_p%C3%BAblico-line-306_2-Brasilia-1702-851940-527237-0,-1.0,-15.855607,-47.996527,16.0,,,2,2023-06-16T21:11:03+00:00
BRA_444324,Brasília,5300108,,Marechal,156.1,https://moovitapp.com/index/pt-br/transporte_p%C3%BAblico-line-156_1-Brasilia-1702-851940-242750-0,-1.0,-15.767727,-47.889867,37.0,,,2,2023-06-16T21:11:03+00:00
BRA_440132,Brasília,5300108,,Marechal,154.2,https://moovitapp.com/index/pt-br/transporte_p%C3%BAblico-line-154_2-Brasilia-1702-851940-527234-0,-1.0,-15.846237,-47.979013,6.0,,,2,2023-06-16T21:11:03+00:00
BRA_444413,Brasília,5300108,,Marechal,376.1,https://moovitapp.com/index/pt-br/transporte_p%C3%BAblico-line-376_1-Brasilia-1702-851940-242798-0,-1.0,-15.783933,-47.896583,0.0,,,2,2023-06-16T21:11:03+00:00
BRA_443565,Brasília,5300108,,Marechal,0.951,https://moovitapp.com/index/pt-br/transporte_p%C3%BAblico-line-0_951-Brasilia-1702-851940-783578-0,-1.0,-15.863517,-48.034733,0.0,,,2,2023-06-16T20:52:44+00:00
BRA_444693,Brasília,5300108,,São José,350.1,https://moovitapp.com/index/pt-br/transporte_p%C3%BAblico-line-350_1-Brasilia-1702-851943-2068450-0,-1.0,-15.797317,-48.11563,24.0,,,2,2023-06-16T21:10:58+00:00
BRA_441686,Brasília,5300108,,Marechal,0.369,https://moovitapp.com/index/pt-br/transporte_p%C3%BAblico-line-0_369-Brasilia-1702-851940-500060-0,-1.0,-15.81664,-48.103477,0.0,,,2,2023-06-16T21:11:03+00:00
BRA_441767,Brasília,5300108,,Urbi,056.2,https://moovitapp.com/index/pt-br/transporte_p%C3%BAblico-line-056_2-Brasilia-1702-851595-492982-0,-1.0,-15.891537,-48.130527,55.0,,,2,2023-06-16T21:11:03+00:00
BRA_444634,Brasília,5300108,,Marechal,0.903,https://moovitapp.com/index/pt-br/transporte_p%C3%BAblico-line-0_903-Brasilia-1702-851940-347155-0,-1.0,-15.78633,-47.99513,30.0,,,2,2023-06-16T20:57:20+00:00
BRA_443344,Brasília,5300108,,Marechal,0.942,https://moovitapp.com/index/pt-br/transporte_p%C3%BAblico-line-0_942-Brasilia-1702-851940-347158-0,-1.0,-15.807037,-48.080667,12.0,,,2,2023-06-16T21:11:03+00:00
BRA_440698,Brasília,5300108,,Marechal,156.1,https://moovitapp.com/index/pt-br/transporte_p%C3%BAblico-line-156_1-Brasilia-1702-851940-242750-0,-1.0,-15.845133,-47.980823,18.0,,,2,2023-06-16T21:11:03+00:00
BRA_441732,Brasília,5300108,,Urbi,056.2,https://moovitapp.com/index/pt-br/transporte_p%C3%BAblico-line-056_2-Brasilia-1702-851595-492982-0,-1.0,-15.88783,-48.148923,16.0,,,2,2023-06-16T21:11:03+00:00
BRA_441155,Brasília,5300108,,Piracicabana,099.1,https://moovitapp.com/index/pt-br/transporte_p%C3%BAblico-line-099_1-Brasilia-1702-850942-775090-0,-1.0,-15.796627,-47.944613,0.0,,,2,2023-06-16T21:11:03+00:00
BRA_441236,Brasília,5300108,,Marechal,376.3,https://moovitapp.com/index/pt-br/transporte_p%C3%BAblico-line-376_3-Brasilia-1702-851940-528960-0,-1.0,-15.80332,-48.068083,25.0,,,2,2023-06-16T21:11:03+00:00
BRA_440175,Brasília,5300108,,Urbi,038.1,https://moovitapp.com/index/pt-br/transporte_p%C3%BAblico-line-038_1-Brasilia-1702-851595-781327-0,-1.0,-15.807477,-48.081087,2.0,,,2,2023-06-16T21:11:03+00:00
BRA_444511,Brasília,5300108,,Marechal,383.3,https://moovitapp.com/index/pt-br/transporte_p%C3%BAblico-line-383_3-Brasilia-1702-851940-88144102-0,-1.0,-15.78541,-47.904617,34.0,,,2,2023-06-16T21:10:58+00:00
BRA_443620,Brasília,5300108,,Marechal,0.357,https://moovitapp.com/index/pt-br/transporte_p%C3%BAblico-line-0_357-Brasilia-1702-851940-775109-0,-1.0,-15.867763,-48.03189,0.0,,,2,2023-06-16T21:10:11+00:00
BRA_444529,Brasília,5300108,,Marechal,386.1,https://moovitapp.com/index/pt-br/transporte_p%C3%BAblico-line-386_1-Brasilia-1702-851940-775114-0,-1.0,-15.870567,-47.921883,9.0,,,2,2023-06-16T21:11:03+00:00
BRA_442224,Brasília,5300108,,Marechal,0.043,https://moovitapp.com/index/pt-br/transporte_p%C3%BAblico-line-0_043-Brasilia-1702-851940-781330-0,-1.0,-15.835017,-48.08527,6.0,,,2,2023-06-16T21:11:03+00:00
BRA_444081,Brasília,5300108,,Marechal,363.1,https://moovitapp.com/index/pt-br/transporte_p%C3%BAblico-line-363_1-Brasilia-1702-851940-504344-0,-1.0,-15.840943,-48.126827,0.0,,,2,2023-06-16T21:10:58+00:00
BRA_443182,Brasília,5300108,,Marechal,0.954,https://moovitapp.com/index/pt-br/transporte_p%C3%BAblico-line-0_954-Brasilia-1702-851940-242742-0,-1.0,-15.73907,-47.85851,50.0,,,2,2023-06-16T21:11:03+00:00
BRA_443689,Brasília,5300108,,Marechal,959.2,https://moovitapp.com/index/pt-br/transporte_p%C3%BAblico-line-959_2-Brasilia-1702-851940-66561063-0,-1.0,-15.86929,-48.037673,0.0,,,2,2023-06-16T21:11:03+00:00
BRA_444162,Brasília,5300108,,Marechal,933.4,https://moovitapp.com/index/pt-br/transporte_p%C3%BAblico-line-933_4-Brasilia-1702-851940-656766-0,-1.0,-15.841033,-48.12672,0.0,,,2,2023-06-16T21:11:03+00:00
BRA_443204,Brasília,5300108,,Marechal,0.554,https://moovitapp.com/index/pt-br/transporte_p%C3%BAblico-line-0_554-Brasilia-1702-851940-504340-0,-1.0,-15.800427,-47.88611,41.0,,,2,2023-06-16T21:11:03+00:00
BRA_441228,Brasília,5300108,,Marechal,0.162,https://moovitapp.com/index/pt-br/transporte_p%C3%BAblico-line-0_162-Brasilia-1702-851940-766836-0,-1.0,-15.828117,-47.9281,0.0,,,2,2023-06-16T21:11:03+00:00
BRA_441538,Brasília,5300108,,Urbi,0.056,https://moovitapp.com/index/pt-br/transporte_p%C3%BAblico-line-0_056-Brasilia-1702-851595-588804-0,-1.0,-15.83536,-48.11791,33.0,,,2,2023-06-16T21:11:03+00:00
BRA_440051,Brasília,5300108,,Marechal,0.153,https://moovitapp.com/index/pt-br/transporte_p%C3%BAblico-line-0_153-Brasilia-1702-851940-766835-0,-1.0,-15.793677,-47.88308,0.0,,,2,2023-06-16T21:10:58+00:00
BRA_442526,Brasília,5300108,,Marechal,0.555,https://moovitapp.com/index/pt-br/transporte_p%C3%BAblico-line-0_555-Brasilia-1702-851940-504341-0,-1.0,-15.808083,-48.144823,3.0,,,2,2023-06-16T21:10:58+00:00
BRA_444464,Brasília,5300108,,Marechal,0.554,https://moovitapp.com/index/pt-br/transporte_p%C3%BAblico-line-0_554-Brasilia-1702-851940-504340-0,-1.0,-15.83809,-48.094617,31.0,,,2,2023-06-16T21:10:58+00:00
BRA_443859,Brasília,5300108,,Marechal,355.3,https://moovitapp.com/index/pt-br/transporte_p%C3%BAblico-line-355_3-Brasilia-1702-851940-504343-0,-1.0,-15.808987,-48.01986,14.0,,,2,2023-06-16T21:11:03+00:00
BRA_443492,Brasília,5300108,,Marechal,0.361,https://moovitapp.com/index/pt-br/transporte_p%C3%BAblico-line-0_361-Brasilia-1702-851940-376158-0,-1.0,-15.836583,-48.066777,43.0,,,2,2023-06-16T21:09:30+00:00
BRA_441902,Brasília,5300108,,Marechal,933.4,https://moovitapp.com/index/pt-br/transporte_p%C3%BAblico-line-933_4-Brasilia-1702-851940-656766-0,-1.0,-15.8408,-48.12672,0.0,,,2,2023-06-16T21:10:58+00:00
BRA_443379,Brasília,5300108,,Marechal,336.1,https://moovitapp.com/index/pt-br/transporte_p%C3%BAblico-line-336_1-Brasilia-1702-851940-347163-0,-1.0,-15.805257,-48.134,25.0,,,2,2023-06-16T21:11:03+00:00
BRA_441694,Brasília,5300108,,Marechal,0.954,https://moovitapp.com/index/pt-br/transporte_p%C3%BAblico-line-0_954-Brasilia-1702-851940-242742-0,-1.0,-15.810753,-48.13187,16.0,,,2,2023-06-16T21:11:03+00:00
BRA_441864,Brasília,5300108,,São José,359.2,https://moovitapp.com/index/pt-br/transporte_p%C3%BAblico-line-359_2-Brasilia-1702-851943-2068453-0,-1.0,-15.838567,-48.047037,13.0,,,2,2023-06-16T21:11:03+00:00
BRA_441171,Brasília,5300108,,Marechal,0.234,https://moovitapp.com/index/pt-br/transporte_p%C3%BAblico-line-0_234-Brasilia-1702-851940-419623-0,-1.0,-15.88274,-48.06034,38.0,,,2,2023-06-16T21:11:03+00:00
BRA_441741,Brasília,5300108,,Marechal,0.903,https://moovitapp.com/index/pt-br/transporte_p%C3%BAblico-line-0_903-Brasilia-1702-851940-347155-0,-1.0,-15.819807,-48.108803,0.0,,,2,2023-06-16T21:11:03+00:00
BRA_441414,Brasília,5300108,,Urbi,372.4,https://moovitapp.com/index/pt-br/transporte_p%C3%BAblico-line-372_4-Brasilia-1702-851595-650087-0,-1.0,-15.80651,-48.078047,0.0,,,2,2023-06-16T21:11:03+00:00
BRA_441783,Brasília,5300108,,Marechal,0.942,https://moovitapp.com/index/pt-br/transporte_p%C3%BAblico-line-0_942-Brasilia-1702-851940-347158-0,-1.0,-15.736627,-47.90637,0.0,,,2,2023-06-16T21:10:58+00:00
BRA_442658,Brasília,5300108,,Marechal,0.554,https://moovitapp.com/index/pt-br/transporte_p%C3%BAblico-line-0_554-Brasilia-1702-851940-504340-0,-1.0,-15.83929,-48.129633,0.0,,,2,2023-06-16T21:10:58+00:00
BRA_442330,Brasília,5300108,,Marechal,933.1,https://moovitapp.com/index/pt-br/transporte_p%C3%BAblico-line-933_1-Brasilia-1702-851940-358307-0,-1.0,-15.84725,-48.10912,41.0,,,2,2023-06-16T21:11:03+00:00
BRA_444243,Brasília,5300108,,Marechal,933.6,https://moovitapp.com/index/pt-br/transporte_p%C3%BAblico-line-933_6-Brasilia-1702-851940-3494672-0,-1.0,-15.827073,-48.120427,0.0,,,2,2023-06-16T21:11:03+00:00
BRA_441619,Brasília,5300108,,Marechal,0.554,https://moovitapp.com/index/pt-br/transporte_p%C3%BAblico-line-0_554-Brasilia-1702-851940-504340-0,-1.0,-15.81218,-47.981923,53.0,,,2,2023-06-16T21:10:58+00:00
BRA_443549,Brasília,5300108,,Marechal,959.3,https://moovitapp.com/index/pt-br/transporte_p%C3%BAblico-line-959_3-Brasilia-1702-851940-103863179-0,-1.0,-15.8749,-47.999373,7.0,,,2,2023-06-16T21:11:03+00:00
BRA_444502,Brasília,5300108,,Marechal,361.1,https://moovitapp.com/index/pt-br/transporte_p%C3%BAblico-line-361_1-Brasilia-1702-851940-363861-0,-1.0,-15.834517,-48.082413,22.0,,,2,2023-06-16T21:11:03+00:00
BRA_441287,Brasília,5300108,,Marechal,0.205,https://moovitapp.com/index/pt-br/transporte_p%C3%BAblico-line-0_205-Brasilia-1702-851940-463646-0,-1.0,-15.869743,-48.037263,0.0,,,2,2023-06-16T16:26:40+00:00
BRA_443999,Brasília,5300108,,Marechal,933.2,https://moovitapp.com/index/pt-br/transporte_p%C3%BAblico-line-933_2-Brasilia-1702-851940-717428-0,-1.0,-15.817997,-48.096233,42.0,,,2,2023-06-16T21:11:03+00:00
BRA_443875,Brasília,5300108,,Marechal,355.1,https://moovitapp.com/index/pt-br/transporte_p%C3%BAblico-line-355_1-Brasilia-1702-851940-729097-0,-1.0,-15.801953,-48.067927,0.0,,,2,2023-06-16T21:11:03+00:00
BRA_444430,Brasília,5300108,,Marechal,0.167,https://moovitapp.com/index/pt-br/transporte_p%C3%BAblico-line-0_167-Brasilia-1702-851940-242707-0,-1.0,-15.870567,-48.038167,0.0,,,2,2023-06-16T21:11:03+00:00
BRA_441066,Brasília,5300108,,Marechal,0.162,https://moovitapp.com/index/pt-br/transporte_p%C3%BAblico-line-0_162-Brasilia-1702-851940-766836-0,-1.0,-15.824687,-47.92297,47.0,,,2,2023-06-16T21:11:03+00:00
BRA_443336,Brasília,5300108,,Marechal,0.089,https://moovitapp.com/index/pt-br/transporte_p%C3%BAblico-line-0_089-Brasilia-1702-851940-706977-0,-1.0,-15.834903,-48.081167,23.0,,,2,2023-06-16T21:11:03+00:00
BRA_441350,Brasília,5300108,,Marechal,355.3,https://moovitapp.com/index/pt-br/transporte_p%C3%BAblico-line-355_3-Brasilia-1702-851940-504343-0,-1.0,-15.83192,-48.058933,5.0,,,2,2023-06-16T21:10:58+00:00
BRA_443221,Brasília,5300108,,Urbi,0.898,https://moovitapp.com/index/pt-br/transporte_p%C3%BAblico-line-0_898-Brasilia-1702-851595-322394-0,-1.0,-15.839193,-48.12857,0.0,,,2,2023-06-16T21:11:03+00:00
BRA_441325,Brasília,5300108,,Marechal,0.167,https://moovitapp.com/index/pt-br/transporte_p%C3%BAblico-line-0_167-Brasilia-1702-851940-242707-0,-1.0,-15.857857,-48.043653,0.0,,,2,2023-06-16T21:09:40+00:00
BRA_445045,Brasília,5300108,,Marechal,0.554,https://moovitapp.com/index/pt-br/transporte_p%C3%BAblico-line-0_554-Brasilia-1702-851940-504340-0,-1.0,-15.83157,-47.92894,38.0,,,2,2023-06-16T21:11:03+00:00
BRA_444791,Brasília,5300108,,São José,332.1,https://moovitapp.com/index/pt-br/transporte_p%C3%BAblico-line-332_1-Brasilia-1702-851943-2068455-0,-1.0,-15.816507,-48.066493,36.0,,,2,2023-06-16T21:11:03+00:00
BRA_444804,Brasília,5300108,,São José,359.2,https://moovitapp.com/index/pt-br/transporte_p%C3%BAblico-line-359_2-Brasilia-1702-851943-2068453-0,-1.0,-15.8465,-48.043357,0.0,,,2,2023-06-16T21:11:03+00:00
BRA_444979,Brasília,5300108,,Urbi,0.898,https://moovitapp.com/index/pt-br/transporte_p%C3%BAblico-line-0_898-Brasilia-1702-851595-322394-0,-1.0,-15.843467,-48.103963,0.0,,,2,2023-06-16T21:11:03+00:00
BRA_444910,Brasília,5300108,,Marechal,0.089,https://moovitapp.com/index/pt-br/transporte_p%C3%BAblico-line-0_089-Brasilia-1702-851940-706977-0,-1.0,-15.821067,-48.111897,43.0,,,2,2023-06-16T20:38:08+00:00
BRA_445002,Brasília,5300108,,Marechal,386.1,https://moovitapp.com/index/pt-br/transporte_p%C3%BAblico-line-386_1-Brasilia-1702-851940-775114-0,-1.0,-15.817873,-47.806,56.0,,,2,2023-06-16T20:58:18+00:00
BRA_445088,Brasília,5300108,,São José,333.6,https://moovitapp.com/index/pt-br/transporte_p%C3%BAblico-line-333_6-Brasilia-1702-851943-2068452-0,-1.0,-15.808123,-48.156917,0.0,,,2,2023-06-16T20:53:05+00:00
BRA_444855,Brasília,5300108,,Marechal,361.1,https://moovitapp.com/index/pt-br/transporte_p%C3%BAblico-line-361_1-Brasilia-1702-851940-363861-0,-1.0,-15.841643,-48.028767,0.0,,,2,2023-06-16T21:11:03+00:00
BRA_445100,Brasília,5300108,,São José,333.7,https://moovitapp.com/index/pt-br/transporte_p%C3%BAblico-line-333_7-Brasilia-1702-851943-2068454-0,-1.0,-15.81627,-48.102023,0.0,,,2,2023-06-16T21:11:03+00:00
BRA_444952,Brasília,5300108,,Marechal,0.554,https://moovitapp.com/index/pt-br/transporte_p%C3%BAblico-line-0_554-Brasilia-1702-851940-504340-0,-1.0,-15.82413,-47.909353,56.0,,,2,2023-06-16T21:11:03+00:00
BRA_444928,Brasília,5300108,,Marechal,932.1,https://moovitapp.com/index/pt-br/transporte_p%C3%BAblico-line-932_1-Brasilia-1702-851940-470763-0,-1.0,-15.816743,-47.899193,57.0,,,2,2023-06-16T20:56:44+00:00
BRA_444863,Brasília,5300108,,Marechal,0.089,https://moovitapp.com/index/pt-br/transporte_p%C3%BAblico-line-0_089-Brasilia-1702-851940-706977-0,-1.0,-15.8666,-48.032547,49.0,,,2,2023-06-16T21:11:03+00:00
BRA_445029,Brasília,5300108,,São José,332.1,https://moovitapp.com/index/pt-br/transporte_p%C3%BAblico-line-332_1-Brasilia-1702-851943-2068455-0,-1.0,-15.807747,-48.157307,0.0,,,2,2023-06-16T21:03:10+00:00
BRA_445070,Brasília,5300108,,Marechal,304.1,https://moovitapp.com/index/pt-br/transporte_p%C3%BAblico-line-304_1-Brasilia-1702-851940-516636-0,-1.0,-15.840703,-48.127163,0.0,,,2,2023-06-16T21:08:17+00:00
BRA_444758,Brasília,5300108,,São José,333.6,https://moovitapp.com/index/pt-br/transporte_p%C3%BAblico-line-333_6-Brasilia-1702-851943-2068452-0,-1.0,-15.83595,-48.094313,0.0,,,2,2023-06-16T21:11:03+00:00
BRA_444782,Brasília,5300108,,São José,350.1,https://moovitapp.com/index/pt-br/transporte_p%C3%BAblico-line-350_1-Brasilia-1702-851943-2068450-0,-1.0,-15.842093,-48.04549,0.0,,,2,2023-06-16T21:11:03+00:00
BRA_444812,Brasília,5300108,,São José,332.1,https://moovitapp.com/index/pt-br/transporte_p%C3%BAblico-line-332_1-Brasilia-1702-851943-2068455-0,-1.0,-15.83408,-48.01413,13.0,,,2,2023-06-16T21:11:03+00:00
BRA_444961,Brasília,5300108,,Urbi,0.347,https://moovitapp.com/index/pt-br/transporte_p%C3%BAblico-line-0_347-Brasilia-1702-851595-347128-0,-1.0,-15.831153,-48.046467,55.0,,,2,2023-06-16T21:11:03+00:00
BRA_444847,Brasília,5300108,,São José,333.7,https://moovitapp.com/index/pt-br/transporte_p%C3%BAblico-line-333_7-Brasilia-1702-851943-2068454-0,-1.0,-15.83483,-48.016613,0.0,,,2,2023-06-16T21:11:03+00:00
BRA_444821,Brasília,5300108,,Marechal,932.3,https://moovitapp.com/index/pt-br/transporte_p%C3%BAblico-line-932_3-Brasilia-1702-851940-56749130-0,-1.0,-15.83512,-48.08569,3.0,,,2,2023-06-16T21:02:23+00:00
BRA_444871,Brasília,5300108,,Marechal,0.383,https://moovitapp.com/index/pt-br/transporte_p%C3%BAblico-line-0_383-Brasilia-1702-851940-347151-0,-1.0,-15.802643,-48.066353,9.0,,,2,2023-06-16T21:11:03+00:00
BRA_444766,Brasília,5300108,,Marechal,383.1,https://moovitapp.com/index/pt-br/transporte_p%C3%BAblico-line-383_1-Brasilia-1702-851940-527238-0,-1.0,-15.842487,-48.143077,32.0,,,2,2023-06-16T21:11:03+00:00
BRA_444774,Brasília,5300108,,Marechal,383.1,https://moovitapp.com/index/pt-br/transporte_p%C3%BAblico-line-383_1-Brasilia-1702-851940-527238-0,-1.0,-15.8091,-47.957517,34.0,,,2,2023-06-16T21:11:03+00:00
BRA_440817,Brasília,5300108,,Marechal,0.156,https://moovitapp.com/index/pt-br/transporte_p%C3%BAblico-line-0_156-Brasilia-1702-851940-242705-0,-1.0,-15.795137,-47.882993,0.0,,,2,2023-06-16T21:11:03+00:00
BRA_441651,Brasília,5300108,,Marechal,0.363,https://moovitapp.com/index/pt-br/transporte_p%C3%BAblico-line-0_363-Brasilia-1702-851940-504339-0,-1.0,-15.80767,-48.081677,32.0,,,2,2023-06-16T21:11:03+00:00
BRA_445118,Brasília,5300108,,Marechal,0.306,https://moovitapp.com/index/pt-br/transporte_p%C3%BAblico-line-0_306-Brasilia-1702-851940-242714-0,-1.0,-15.806403,-47.888567,2.0,,,2,2023-06-16T21:11:03+00:00
BRA_443611,Brasília,5300108,,Marechal,357.1,https://moovitapp.com/index/pt-br/transporte_p%C3%BAblico-line-357_1-Brasilia-1702-851940-775113-0,-1.0,-15.869723,-48.03729,0.0,,,2,2023-06-16T21:11:03+00:00
BRA_440647,Brasília,5300108,,Marechal,959.1,https://moovitapp.com/index/pt-br/transporte_p%C3%BAblico-line-959_1-Brasilia-1702-851940-789939-0,-1.0,-15.83254,-48.057513,0.0,,,2,2023-06-16T21:11:03+00:00
BRA_443255,Brasília,5300108,,Marechal,942.1,https://moovitapp.com/index/pt-br/transporte_p%C3%BAblico-line-942_1-Brasilia-1702-851940-347177-0,-1.0,-15.84531,-48.111833,0.0,,,2,2023-06-16T21:11:03+00:00
BRA_444880,Brasília,5300108,,Urbi,0.898,https://moovitapp.com/index/pt-br/transporte_p%C3%BAblico-line-0_898-Brasilia-1702-851595-322394-0,-1.0,-15.90481,-48.044983,0.0,,,2,2023-06-16T21:06:17+00:00
BRA_440884,Brasília,5300108,,Marechal,0.205,https://moovitapp.com/index/pt-br/transporte_p%C3%BAblico-line-0_205-Brasilia-1702-851940-463646-0,-1.0,-15.794483,-48.052057,26.0,,,2,2023-06-16T21:11:03+00:00
BRA_440302,Brasília,5300108,,Urbi,823.1,https://moovitapp.com/index/pt-br/transporte_p%C3%BAblico-line-823_1-Brasilia-1702-851595-3494520-0,-1.0,-15.839037,-47.978053,13.0,,,2,2023-06-16T21:11:03+00:00
BRA_444651,Brasília,5300108,,Marechal,383.3,https://moovitapp.com/index/pt-br/transporte_p%C3%BAblico-line-383_3-Brasilia-1702-851940-88144102-0,-1.0,-15.79265,-47.882787,55.0,,,2,2023-06-16T21:11:03+00:00
BRA_440442,Brasília,5300108,,Marechal,0.167,https://moovitapp.com/index/pt-br/transporte_p%C3%BAblico-line-0_167-Brasilia-1702-851940-242707-0,-1.0,-15.819473,-47.987137,10.0,,,2,2023-06-16T21:11:03+00:00
BRA_440914,Brasília,5300108,,Marechal,162.2,https://moovitapp.com/index/pt-br/transporte_p%C3%BAblico-line-162_2-Brasilia-1702-851940-312446-0,-1.0,-15.814993,-47.90982,4.0,,,2,2023-06-16T21:11:03+00:00
BRA_443816,Brasília,5300108,,Marechal,355.1,https://moovitapp.com/index/pt-br/transporte_p%C3%BAblico-line-355_1-Brasilia-1702-851940-729097-0,-1.0,-15.866923,-48.037417,0.0,,,2,2023-06-16T21:11:03+00:00
BRA_440256,Brasília,5300108,,Marechal,167.1,https://moovitapp.com/index/pt-br/transporte_p%C3%BAblico-line-167_1-Brasilia-1702-851940-242758-0,-1.0,-15.81385,-47.908237,19.0,,,2,2023-06-16T21:11:03+00:00
BRA_442682,Brasília,5300108,,Marechal,933.4,https://moovitapp.com/index/pt-br/transporte_p%C3%BAblico-line-933_4-Brasilia-1702-851940-656766-0,-1.0,-15.803957,-48.071167,23.0,,,2,2023-06-16T21:11:03+00:00
BRA_441309,Brasília,5300108,,Marechal,0.215,https://moovitapp.com/index/pt-br/transporte_p%C3%BAblico-line-0_215-Brasilia-1702-851940-393561-0,-1.0,-15.83479,-47.97952,40.0,,,2,2023-06-16T21:11:03+00:00
BRA_441643,Brasília,5300108,,Urbi,056.2,https://moovitapp.com/index/pt-br/transporte_p%C3%BAblico-line-056_2-Brasilia-1702-851595-492982-0,-1.0,-15.846793,-48.075103,22.0,,,2,2023-06-16T21:11:03+00:00
BRA_443913,Brasília,5300108,,Urbi,0.050,https://moovitapp.com/index/pt-br/transporte_p%C3%BAblico-line-0_050-Brasilia-1702-851595-781325-0,-1.0,-15.891743,-48.146157,27.0,,,2,2023-06-16T21:11:03+00:00
BRA_444456,Brasília,5300108,,Marechal,0.902,https://moovitapp.com/index/pt-br/transporte_p%C3%BAblico-line-0_902-Brasilia-1702-851940-312435-0,-1.0,-15.79023,-47.95113,50.0,,,2,2023-06-16T21:11:03+00:00
BRA_443638,Brasília,5300108,,Marechal,351.3,https://moovitapp.com/index/pt-br/transporte_p%C3%BAblico-line-351_3-Brasilia-1702-851940-510249-0,-1.0,-15.866743,-48.037597,0.0,,,2,2023-06-16T21:10:58+00:00
BRA_442488,Brasília,5300108,,Marechal,363.2,https://moovitapp.com/index/pt-br/transporte_p%C3%BAblico-line-363_2-Brasilia-1702-851940-725443-0,-1.0,-15.829693,-48.058473,0.0,,,2,2023-06-16T21:11:03+00:00
BRA_442518,Brasília,5300108,,Urbi,0.050,https://moovitapp.com/index/pt-br/transporte_p%C3%BAblico-line-0_050-Brasilia-1702-851595-781325-0,-1.0,-15.883757,-48.15023,0.0,,,2,2023-06-16T21:11:03+00:00
BRA_441252,Brasília,5300108,,Marechal,0.090,https://moovitapp.com/index/pt-br/transporte_p%C3%BAblico-line-0_090-Brasilia-1702-851940-242702-0,-1.0,-15.848513,-47.962833,28.0,,,2,2023-06-16T21:11:03+00:00
BRA_441210,Brasília,5300108,,Marechal,306.2,https://moovitapp.com/index/pt-br/transporte_p%C3%BAblico-line-306_2-Brasilia-1702-851940-527237-0,-1.0,-15.850067,-47.951033,0.0,,,2,2023-06-16T21:11:03+00:00
BRA_441490,Brasília,5300108,,São José,332.1,https://moovitapp.com/index/pt-br/transporte_p%C3%BAblico-line-332_1-Brasilia-1702-851943-2068455-0,-1.0,-15.817567,-48.062643,31.0,,,2,2023-06-16T21:11:03+00:00
BRA_443808,Brasília,5300108,,Marechal,355.2,https://moovitapp.com/index/pt-br/transporte_p%C3%BAblico-line-355_2-Brasilia-1702-851940-510251-0,-1.0,-15.837457,-48.059147,0.0,,,2,2023-06-16T21:11:03+00:00
BRA_445169,Brasília,5300108,,Marechal,305.6,https://moovitapp.com/index/pt-br/transporte_p%C3%BAblico-line-305_6-Brasilia-1702-851940-242767-0,-1.0,-15.73599,-47.90731,0.0,,,2,2023-06-16T21:11:03+00:00
BRA_444553,Brasília,5300108,,Marechal,386.1,https://moovitapp.com/index/pt-br/transporte_p%C3%BAblico-line-386_1-Brasilia-1702-851940-775114-0,-1.0,-15.877923,-48.009663,28.0,,,2,2023-06-16T21:11:03+00:00
BRA_441341,Brasília,5300108,,Marechal,260.3,https://moovitapp.com/index/pt-br/transporte_p%C3%BAblico-line-260_3-Brasilia-1702-851940-393566-0,-1.0,-15.855067,-48.03912,21.0,,,2,2023-06-16T21:10:58+00:00
BRA_441112,Brasília,5300108,,Marechal,306.5,https://moovitapp.com/index/pt-br/transporte_p%C3%BAblico-line-306_5-Brasilia-1702-851940-556809-0,-1.0,-15.796663,-47.870273,0.0,,,2,2023-06-16T21:11:03+00:00
BRA_228800,Brasília,5300108,,Pioneira,2307,https://moovitapp.com/index/pt-br/transporte_p%C3%BAblico-line-2307-Brasilia-1702-851941-18556638-0,-1.0,-15.788452,-47.905323,,,,1,2023-06-16T21:10:34+00:00
BRA_228656,Brasília,5300108,,Pioneira,271.3,https://moovitapp.com/index/pt-br/transporte_p%C3%BAblico-line-271_3-Brasilia-1702-851941-669626-0,-1.0,-16.001723,-47.985031,,,,1,2023-06-16T21:11:38+00:00
BRA_229229,Brasília,5300108,,Pioneira,255.2,https://moovitapp.com/index/pt-br/transporte_p%C3%BAblico-line-255_2-Brasilia-1702-851941-312453-0,-1.0,-15.919449,-48.048523,,,,2,2023-06-16T21:10:30+00:00
BRA_230189,Brasília,5300108,,Pioneira,3308,https://moovitapp.com/index/pt-br/transporte_p%C3%BAblico-line-3308-Brasilia-1702-851941-577772-0,-1.0,-16.010312,-48.008729,,,,1,2023-06-16T21:10:46+00:00
BRA_225967,Brasília,5300108,,Taguatur,2301,https://moovitapp.com/index/pt-br/transporte_p%C3%BAblico-line-2301-Brasilia-1702-854428-81537943-0,-1.0,-15.794171,-47.882467,,,,1,2023-06-16T21:10:18+00:00
BRA_226793,Brasília,5300108,,Pioneira,784.1,https://moovitapp.com/index/pt-br/transporte_p%C3%BAblico-line-784_1-Brasilia-1702-851941-6677516-0,-1.0,-15.759937,-47.781841,,,,1,2023-06-16T21:11:08+00:00
BRA_227676,Brasília,5300108,,Pioneira,147.5,https://moovitapp.com/index/pt-br/transporte_p%C3%BAblico-line-147_5-Brasilia-1702-851941-519406-0,-1.0,-15.801606,-47.85509,,,,2,2023-06-16T21:10:46+00:00
BRA_223930,Brasília,5300108,,Pioneira,2307,https://moovitapp.com/index/pt-br/transporte_p%C3%BAblico-line-2307-Brasilia-1702-851941-18556638-0,-1.0,-15.953064,-47.994345,,,,1,2023-06-14T10:16:34+00:00
BRA_227901,Brasília,5300108,,Pioneira,194.1,https://moovitapp.com/index/pt-br/transporte_p%C3%BAblico-line-194_1-Brasilia-1702-851941-242923-0,-1.0,-15.795061,-47.882835,,,,2,2023-06-16T21:10:18+00:00
BRA_228770,Brasília,5300108,,Pioneira,147.2,https://moovitapp.com/index/pt-br/transporte_p%C3%BAblico-line-147_2-Brasilia-1702-851941-519403-0,-1.0,-15.871515,-47.822767,,,,2,2023-06-16T21:10:52+00:00
BRA_231967,Brasília,5300108,,Pioneira,197.6,https://moovitapp.com/index/pt-br/transporte_p%C3%BAblico-line-197_6-Brasilia-1702-851941-58708337-0,-1.0,-15.860469,-47.828387,,,,2,2023-06-16T21:00:48+00:00
BRA_223654,Brasília,5300108,,Pioneira,2208,https://moovitapp.com/index/pt-br/transporte_p%C3%BAblico-line-2208-Brasilia-1702-851941-18556642-0,-1.0,-15.810719,-47.943127,,,,2,2023-06-16T21:10:40+00:00
BRA_229075,Brasília,5300108,,Pioneira,255.2,https://moovitapp.com/index/pt-br/transporte_p%C3%BAblico-line-255_2-Brasilia-1702-851941-312453-0,-1.0,-15.84167,-48.02889,,,,2,2023-06-16T21:11:04+00:00
BRA_228681,Brasília,5300108,,Pioneira,180.2,https://moovitapp.com/index/pt-br/transporte_p%C3%BAblico-line-180_2-Brasilia-1702-851941-514539-0,-1.0,-15.803984,-47.852718,,,,2,2023-06-16T21:08:50+00:00
BRA_232149,Brasília,5300108,,Pioneira,205.1,https://moovitapp.com/index/pt-br/transporte_p%C3%BAblico-line-205_1-Brasilia-1702-851941-393571-0,-1.0,-15.794729,-48.110671,,,,1,2023-06-16T21:10:32+00:00
BRA_226696,Brasília,5300108,,Pioneira,163.1,https://moovitapp.com/index/pt-br/transporte_p%C3%BAblico-line-163_1-Brasilia-1702-851941-242911-0,-1.0,-15.854805,-47.950146,,,,2,2023-06-16T21:10:42+00:00
BRA_229768,Brasília,5300108,,Pioneira,0.780,https://moovitapp.com/index/pt-br/transporte_p%C3%BAblico-line-0_780-Brasilia-1702-851941-514537-0,-1.0,-15.763917,-47.775954,,,,2,2023-06-16T21:10:04+00:00
BRA_232327,Brasília,5300108,,Pioneira,0.255,https://moovitapp.com/index/pt-br/transporte_p%C3%BAblico-line-0_255-Brasilia-1702-851941-706978-0,-1.0,-15.865072,-48.033773,,,,2,2023-06-16T21:10:14+00:00
BRA_231321,Brasília,5300108,,Taguatur,3304,https://moovitapp.com/index/pt-br/transporte_p%C3%BAblico-line-3304-Brasilia-1702-854428-21462346-0,-1.0,-15.994094,-47.994676,,,,1,2023-06-16T21:11:10+00:00
BRA_228508,Brasília,5300108,,Pioneira,0.255,https://moovitapp.com/index/pt-br/transporte_p%C3%BAblico-line-0_255-Brasilia-1702-851941-706978-0,-1.0,-15.888821,-48.058359,,,,2,2023-06-16T21:10:54+00:00
BRA_231801,Brasília,5300108,,Pioneira,761.2,https://moovitapp.com/index/pt-br/transporte_p%C3%BAblico-line-761_2-Brasilia-1702-851941-620162-0,-1.0,-15.794207,-47.881952,,,,2,2023-06-16T21:11:24+00:00
BRA_232165,Brasília,5300108,,Pioneira,205.1,https://moovitapp.com/index/pt-br/transporte_p%C3%BAblico-line-205_1-Brasilia-1702-851941-393571-0,-1.0,-16.004276,-48.079041,,,,2,2023-06-16T21:10:48+00:00
BRA_232521,Brasília,5300108,,UTB,2303,https://moovitapp.com/index/pt-br/transporte_p%C3%BAblico-line-2303-Brasilia-1702-854427-744299-0,-1.0,-15.856756,-47.933698,,,,1,2023-06-16T21:11:06+00:00
BRA_229954,Brasília,5300108,,,3201,,,-16.032905,-48.05799,,,,1,2023-06-16T21:10:44+00:00
BRA_228265,Brasília,5300108,,,3206,,,-16.019999,-48.082868,,,,1,2023-06-16T21:11:26+00:00
BRA_226599,Brasília,5300108,,Pioneira,100.8,https://moovitapp.com/index/pt-br/transporte_p%C3%BAblico-line-100_8-Brasilia-1702-851941-576191-0,-1.0,-15.836225,-47.933952,,,,1,2023-06-16T21:10:52+00:00
BRA_226220,Brasília,5300108,,UTB,2302,https://moovitapp.com/index/pt-br/transporte_p%C3%BAblico-line-2302-Brasilia-1702-854427-744298-0,-1.0,-15.845219,-47.931447,,,,2,2023-06-16T12:33:00+00:00
BRA_231487,Brasília,5300108,,Pioneira,0.018,https://moovitapp.com/index/pt-br/transporte_p%C3%BAblico-line-0_018-Brasilia-1702-851941-75742713-0,-1.0,-15.762067,-47.783888,,,,2,2023-06-16T21:09:50+00:00
BRA_226874,Brasília,5300108,,Pioneira,0.764,https://moovitapp.com/index/pt-br/transporte_p%C3%BAblico-line-0_764-Brasilia-1702-851941-516641-0,-1.0,-15.748878,-47.771592,,,,1,2023-06-16T21:10:14+00:00
BRA_229385,Brasília,5300108,,Pioneira,100.3,https://moovitapp.com/index/pt-br/transporte_p%C3%BAblico-line-100_3-Brasilia-1702-851941-419631-0,-1.0,-15.834827,-47.834096,,,,1,2023-06-16T21:11:08+00:00
BRA_227269,Brasília,5300108,,Pioneira,170.4,https://moovitapp.com/index/pt-br/transporte_p%C3%BAblico-line-170_4-Brasilia-1702-851941-379787-0,-1.0,-15.950282,-47.822201,,,,1,2023-06-16T21:11:20+00:00
BRA_231444,Brasília,5300108,,Pioneira,183.8,https://moovitapp.com/index/pt-br/transporte_p%C3%BAblico-line-183_8-Brasilia-1702-851941-719958-0,-1.0,-15.907458,-47.770168,,,,1,2023-06-16T21:10:34+00:00
BRA_230111,Brasília,5300108,,Pioneira,0.255,https://moovitapp.com/index/pt-br/transporte_p%C3%BAblico-line-0_255-Brasilia-1702-851941-706978-0,-1.0,-15.827953,-48.059102,,,,2,2023-06-16T21:10:56+00:00
BRA_231541,Brasília,5300108,,Pioneira,0.030,https://moovitapp.com/index/pt-br/transporte_p%C3%BAblico-line-0_030-Brasilia-1702-851941-775118-0,-1.0,-15.7359,-47.906957,,,,1,2023-06-16T21:11:22+00:00
BRA_230120,Brasília,5300108,,Pioneira,3316,https://moovitapp.com/index/pt-br/transporte_p%C3%BAblico-line-3316-Brasilia-1702-851941-59965195-0,-1.0,-16.01193,-47.99404,,,,1,2023-06-16T21:10:26+00:00
BRA_232297,Brasília,5300108,,Pioneira,3316,https://moovitapp.com/index/pt-br/transporte_p%C3%BAblico-line-3316-Brasilia-1702-851941-59965195-0,-1.0,-16.031204,-48.033601,,,,1,2023-06-16T21:11:14+00:00
BRA_227650,Brasília,5300108,,Pioneira,170.4,https://moovitapp.com/index/pt-br/transporte_p%C3%BAblico-line-170_4-Brasilia-1702-851941-379787-0,-1.0,-15.917266,-47.826295,,,,1,2023-06-16T21:10:34+00:00
BRA_229032,Brasília,5300108,,Urbi,119.0,https://moovitapp.com/index/pt-br/transporte_p%C3%BAblico-line-119_0-Brasilia-1702-851595-139513625-0,-1.0,-15.87581,-47.97463,,,,1,2023-06-16T21:10:24+00:00
BRA_227331,Brasília,5300108,,Pioneira,147.4,https://moovitapp.com/index/pt-br/transporte_p%C3%BAblico-line-147_4-Brasilia-1702-851941-574204-0,-1.0,-15.903546,-47.769164,,,,2,2023-06-16T21:11:16+00:00
BRA_229253,Brasília,5300108,,Pioneira,100.9,https://moovitapp.com/index/pt-br/transporte_p%C3%BAblico-line-100_9-Brasilia-1702-851941-242897-0,-1.0,-15.800441,-47.858771,,,,2,2023-06-16T21:10:54+00:00
BRA_232629,Brasília,5300108,,Pioneira,2208,https://moovitapp.com/index/pt-br/transporte_p%C3%BAblico-line-2208-Brasilia-1702-851941-18556642-0,-1.0,-15.852102,-47.95499,,,,1,2023-06-16T21:11:28+00:00
BRA_228249,Brasília,5300108,,Pioneira,2212,https://moovitapp.com/index/pt-br/transporte_p%C3%BAblico-line-2212-Brasilia-1702-851941-69031052-0,-1.0,-15.817922,-47.913544,,,,1,2023-06-16T21:11:14+00:00
BRA_227145,Brasília,5300108,,Pioneira,0.198,https://moovitapp.com/index/pt-br/transporte_p%C3%BAblico-line-0_198-Brasilia-1702-851941-516639-0,-1.0,-15.840966,-47.973326,,,,2,2023-06-16T21:10:56+00:00
BRA_225941,Brasília,5300108,,UTB,2303,https://moovitapp.com/index/pt-br/transporte_p%C3%BAblico-line-2303-Brasilia-1702-854427-744299-0,-1.0,-15.8193,-47.916049,,,,2,2023-06-16T21:10:42+00:00
BRA_228516,Brasília,5300108,,Pioneira,784.3,https://moovitapp.com/index/pt-br/transporte_p%C3%BAblico-line-784_3-Brasilia-1702-851941-46904557-0,-1.0,-15.779163,-47.780862,,,,1,2023-06-16T21:10:12+00:00
BRA_231495,Brasília,5300108,,Pioneira,0.030,https://moovitapp.com/index/pt-br/transporte_p%C3%BAblico-line-0_030-Brasilia-1702-851941-775118-0,-1.0,-15.786893,-47.888163,,,,1,2023-06-16T21:10:50+00:00
BRA_227820,Brasília,5300108,,Pioneira,147.4,https://moovitapp.com/index/pt-br/transporte_p%C3%BAblico-line-147_4-Brasilia-1702-851941-574204-0,-1.0,-15.866235,-47.821292,,,,2,2023-06-16T21:10:20+00:00
BRA_227714,Brasília,5300108,,Pioneira,205.1,https://moovitapp.com/index/pt-br/transporte_p%C3%BAblico-line-205_1-Brasilia-1702-851941-393571-0,-1.0,-16.023486,-48.068728,,,,1,2023-06-16T21:10:52+00:00
BRA_228648,Brasília,5300108,,Pioneira,2306,https://moovitapp.com/index/pt-br/transporte_p%C3%BAblico-line-2306-Brasilia-1702-851941-18556641-0,-1.0,-15.83014,-47.919024,,,,2,2023-06-16T21:11:18+00:00
BRA_227218,Brasília,5300108,,Pioneira,3212,https://moovitapp.com/index/pt-br/transporte_p%C3%BAblico-line-3212-Brasilia-1702-851941-52014256-0,-1.0,-15.974291,-48.069955,,,,1,2023-06-16T21:08:34+00:00
BRA_228303,Brasília,5300108,,,3206,,,-15.996672,-48.05633,,,,1,2023-06-16T21:10:28+00:00
BRA_232432,Brasília,5300108,,Pioneira,3315,https://moovitapp.com/index/pt-br/transporte_p%C3%BAblico-line-3315-Brasilia-1702-851941-645997-0,-1.0,-16.012493,-47.985362,,,,1,2023-06-16T21:10:56+00:00
BRA_232025,Brasília,5300108,,Pioneira,197.7,https://moovitapp.com/index/pt-br/transporte_p%C3%BAblico-line-197_7-Brasilia-1702-851941-104814190-0,-1.0,-15.852861,-47.844765,,,,2,2023-06-16T21:11:22+00:00
BRA_226823,Brasília,5300108,,Pioneira,100.8,https://moovitapp.com/index/pt-br/transporte_p%C3%BAblico-line-100_8-Brasilia-1702-851941-576191-0,-1.0,-15.815209,-47.839424,,,,2,2023-06-16T21:11:32+00:00
BRA_231339,Brasília,5300108,,Pioneira,3208,https://moovitapp.com/index/pt-br/transporte_p%C3%BAblico-line-3208-Brasilia-1702-851941-704027-0,-1.0,-16.027933,-48.072206,,,,1,2023-06-16T21:10:40+00:00
BRA_227382,Brasília,5300108,,Pioneira,180.3,https://moovitapp.com/index/pt-br/transporte_p%C3%BAblico-line-180_3-Brasilia-1702-851941-546212-0,-1.0,-15.793873,-47.881672,,,,2,2023-06-16T20:57:40+00:00
BRA_232220,Brasília,5300108,,Pioneira,205.1,https://moovitapp.com/index/pt-br/transporte_p%C3%BAblico-line-205_1-Brasilia-1702-851941-393571-0,-1.0,-15.805764,-48.076758,,,,1,2023-06-16T21:11:16+00:00
BRA_223816,Brasília,5300108,,Pioneira,2206,https://moovitapp.com/index/pt-br/transporte_p%C3%BAblico-line-2206-Brasilia-1702-851941-18556637-0,-1.0,-15.786597,-47.888195,,,,2,2023-06-16T21:10:32+00:00
BRA_229016,Brasília,5300108,,Pioneira,251.8,https://moovitapp.com/index/pt-br/transporte_p%C3%BAblico-line-251_8-Brasilia-1702-851941-708654-0,-1.0,-16.013313,-48.061728,,,,1,2023-06-16T21:11:16+00:00
BRA_229563,Brasília,5300108,,Pioneira,197.3,https://moovitapp.com/index/pt-br/transporte_p%C3%BAblico-line-197_3-Brasilia-1702-851941-519409-0,-1.0,-15.872412,-47.822951,,,,2,2023-06-16T21:11:34+00:00
BRA_228621,Brasília,5300108,,Pioneira,0.181,https://moovitapp.com/index/pt-br/transporte_p%C3%BAblico-line-0_181-Brasilia-1702-851941-242838-0,-1.0,-15.83437,-47.829881,,,,2,2023-06-16T21:10:22+00:00
BRA_226963,Brasília,5300108,,Pioneira,2208,https://moovitapp.com/index/pt-br/transporte_p%C3%BAblico-line-2208-Brasilia-1702-851941-18556642-0,-1.0,-15.973854,-48.029132,,,,1,2023-06-16T21:11:22+00:00
BRA_228133,Brasília,5300108,,Pioneira,761.2,https://moovitapp.com/index/pt-br/transporte_p%C3%BAblico-line-761_2-Brasilia-1702-851941-620162-0,-1.0,-15.830822,-47.826365,,,,2,2023-06-16T21:10:56+00:00
BRA_232254,Brasília,5300108,,Pioneira,124.6,https://moovitapp.com/index/pt-br/transporte_p%C3%BAblico-line-124_6-Brasilia-1702-851941-425282-0,-1.0,-15.871472,-47.958125,,,,1,2023-06-16T21:10:26+00:00
BRA_225584,Brasília,5300108,,UTB,2302,https://moovitapp.com/index/pt-br/transporte_p%C3%BAblico-line-2302-Brasilia-1702-854427-744298-0,-1.0,-16.002855,-47.98629,,,,1,2023-06-16T21:11:04+00:00
BRA_227765,Brasília,5300108,,Pioneira,2206,https://moovitapp.com/index/pt-br/transporte_p%C3%BAblico-line-2206-Brasilia-1702-851941-18556637-0,-1.0,-15.948046,-48.000642,,,,2,2023-06-16T21:10:52+00:00
BRA_228877,Brasília,5300108,,Taguatur,3302,https://moovitapp.com/index/pt-br/transporte_p%C3%BAblico-line-3302-Brasilia-1702-854428-3135322-0,-1.0,-16.048898,-48.031382,,,,1,2023-06-16T21:11:20+00:00
BRA_231363,Brasília,5300108,,Pioneira,073.3,https://moovitapp.com/index/pt-br/transporte_p%C3%BAblico-line-073_3-Brasilia-1702-851941-762428-0,-1.0,-15.831362,-47.952301,,,,1,2023-06-16T21:10:34+00:00
BRA_229601,Brasília,5300108,,Pioneira,100.6,https://moovitapp.com/index/pt-br/transporte_p%C3%BAblico-line-100_6-Brasilia-1702-851941-767605-0,-1.0,-15.757499,-47.778402,,,,2,2023-06-16T21:10:08+00:00
BRA_232556,Brasília,5300108,,Pioneira,2307,https://moovitapp.com/index/pt-br/transporte_p%C3%BAblico-line-2307-Brasilia-1702-851941-18556638-0,-1.0,-15.815514,-47.949554,,,,2,2023-06-16T21:10:20+00:00
BRA_228397,Brasília,5300108,,Pioneira,0.253,https://moovitapp.com/index/pt-br/transporte_p%C3%BAblico-line-0_253-Brasilia-1702-851941-510254-0,-1.0,-15.870741,-48.057348,,,,2,2023-06-16T21:10:32+00:00
BRA_227781,Brasília,5300108,,,3202,,,-16.033887,-48.05572,,,,1,2023-06-16T21:11:06+00:00
BRA_228532,Brasília,5300108,,Pioneira,0.198,https://moovitapp.com/index/pt-br/transporte_p%C3%BAblico-line-0_198-Brasilia-1702-851941-516639-0,-1.0,-15.865906,-47.942357,,,,2,2023-06-16T21:11:04+00:00
BRA_229024,Brasília,5300108,,Pioneira,251.6,https://moovitapp.com/index/pt-br/transporte_p%C3%BAblico-line-251_6-Brasilia-1702-851941-35763436-0,-1.0,-16.048272,-48.030524,,,,1,2023-06-16T21:11:08+00:00
BRA_229393,Brasília,5300108,,Pioneira,0.255,https://moovitapp.com/index/pt-br/transporte_p%C3%BAblico-line-0_255-Brasilia-1702-851941-706978-0,-1.0,-16.006768,-48.001545,,,,2,2023-06-16T21:11:14+00:00
BRA_226602,Brasília,5300108,,Pioneira,0.780,https://moovitapp.com/index/pt-br/transporte_p%C3%BAblico-line-0_780-Brasilia-1702-851941-514537-0,-1.0,-15.85872,-47.955359,,,,1,2023-06-16T09:58:38+00:00
BRA_229164,Brasília,5300108,,Pioneira,147.2,https://moovitapp.com/index/pt-br/transporte_p%C3%BAblico-line-147_2-Brasilia-1702-851941-519403-0,-1.0,-15.800007,-47.893148,,,,2,2023-06-16T21:10:12+00:00
BRA_230014,Brasília,5300108,,,3206,,,-16.030994,-48.067317,,,,1,2023-06-16T21:11:44+00:00
BRA_229741,Brasília,5300108,,Pioneira,0.765,https://moovitapp.com/index/pt-br/transporte_p%C3%BAblico-line-0_765-Brasilia-1702-851941-576190-0,-1.0,-15.83477,-47.834096,,,,1,2023-06-16T21:11:32+00:00
BRA_231533,Brasília,5300108,,Pioneira,0.030,https://moovitapp.com/index/pt-br/transporte_p%C3%BAblico-line-0_030-Brasilia-1702-851941-775118-0,-1.0,-15.858852,-47.934537,,,,1,2023-06-16T21:11:02+00:00
BRA_227072,Brasília,5300108,,Pioneira,147.2,https://moovitapp.com/index/pt-br/transporte_p%C3%BAblico-line-147_2-Brasilia-1702-851941-519403-0,-1.0,-15.84226,-47.82187,,,,2,2023-06-16T21:11:08+00:00
BRA_226360,Brasília,5300108,,,2201,,,-15.794984,-47.882982,,,,1,2023-06-16T21:11:12+00:00
BRA_226432,Brasília,5300108,,Pioneira,0.780,https://moovitapp.com/index/pt-br/transporte_p%C3%BAblico-line-0_780-Brasilia-1702-851941-514537-0,-1.0,-15.809601,-47.801614,,,,1,2023-06-16T21:11:22+00:00
BRA_228567,Brasília,5300108,,UTB,2302,https://moovitapp.com/index/pt-br/transporte_p%C3%BAblico-line-2302-Brasilia-1702-854427-744298-0,-1.0,-15.971473,-47.990849,,,,1,2023-06-16T21:11:22+00:00
BRA_231932,Brasília,5300108,,Pioneira,180.1,https://moovitapp.com/index/pt-br/transporte_p%C3%BAblico-line-180_1-Brasilia-1702-851941-339336-0,-1.0,-15.913377,-47.756944,,,,1,2023-06-16T21:11:10+00:00
BRA_232475,Brasília,5300108,,Pioneira,3314,https://moovitapp.com/index/pt-br/transporte_p%C3%BAblico-line-3314-Brasilia-1702-851941-645996-0,-1.0,-16.017182,-48.018215,,,,1,2023-06-16T21:10:20+00:00
BRA_228141,Brasília,5300108,,Pioneira,180.3,https://moovitapp.com/index/pt-br/transporte_p%C3%BAblico-line-180_3-Brasilia-1702-851941-546212-0,-1.0,-15.794392,-47.88192,,,,1,2023-06-16T21:11:10+00:00
BRA_228834,Brasília,5300108,,Pioneira,0.255,https://moovitapp.com/index/pt-br/transporte_p%C3%BAblico-line-0_255-Brasilia-1702-851941-706978-0,-1.0,-15.900035,-48.051746,,,,1,2023-06-16T21:11:34+00:00
BRA_226688,Brasília,5300108,,Pioneira,0.759,https://moovitapp.com/index/pt-br/transporte_p%C3%BAblico-line-0_759-Brasilia-1702-851941-775121-0,-1.0,-15.744678,-47.896962,,,,2,2023-06-16T21:10:34+00:00
BRA_231843,Brasília,5300108,,Pioneira,197.3,https://moovitapp.com/index/pt-br/transporte_p%C3%BAblico-line-197_3-Brasilia-1702-851941-519409-0,-1.0,-15.91345,-47.757872,,,,2,2023-06-16T21:11:16+00:00
BRA_225720,Brasília,5300108,,Pioneira,764.2,https://moovitapp.com/index/pt-br/transporte_p%C3%BAblico-line-764_2-Brasilia-1702-851941-527246-0,-1.0,-15.793697,-47.881761,,,,1,2023-06-16T21:10:18+00:00
BRA_227021,Brasília,5300108,,Pioneira,760.2,https://moovitapp.com/index/pt-br/transporte_p%C3%BAblico-line-760_2-Brasilia-1702-851941-12987664-0,-1.0,-15.73799,-47.832793,,,,2,2023-06-16T21:10:16+00:00
BRA_231631,Brasília,5300108,,Pioneira,0.762,https://moovitapp.com/index/pt-br/transporte_p%C3%BAblico-line-0_762-Brasilia-1702-851941-576189-0,-1.0,-15.736016,-47.765285,,,,1,2023-06-15T08:20:24+00:00
BRA_225711,Brasília,5300108,,Pioneira,0.761,https://moovitapp.com/index/pt-br/transporte_p%C3%BAblico-line-0_761-Brasilia-1702-851941-605389-0,-1.0,-15.818675,-47.833085,,,,1,2023-06-16T21:10:36+00:00
BRA_232050,Brasília,5300108,,Pioneira,180.2,https://moovitapp.com/index/pt-br/transporte_p%C3%BAblico-line-180_2-Brasilia-1702-851941-514539-0,-1.0,-15.88802,-47.81941,,,,2,2023-06-16T21:10:58+00:00
BRA_227609,Brasília,5300108,,Pioneira,2205,https://moovitapp.com/index/pt-br/transporte_p%C3%BAblico-line-2205-Brasilia-1702-851941-393568-0,-1.0,-15.986711,-48.043736,,,,2,2023-06-16T21:01:56+00:00
BRA_226467,Brasília,5300108,,Pioneira,510.1,https://moovitapp.com/index/pt-br/transporte_p%C3%BAblico-line-510_1-Brasilia-1702-851941-770035-0,-1.0,-15.78471,-47.705757,,,,1,2023-06-16T21:10:34+00:00
BRA_229491,Brasília,5300108,,Pioneira,0.510,https://moovitapp.com/index/pt-br/transporte_p%C3%BAblico-line-0_510-Brasilia-1702-851941-16483906-0,-1.0,-15.731443,-47.701478,,,,1,2023-06-16T20:44:24+00:00
BRA_228605,Brasília,5300108,,Pioneira,3317,https://moovitapp.com/index/pt-br/transporte_p%C3%BAblico-line-3317-Brasilia-1702-851941-62597813-0,-1.0,-16.001767,-47.98505,,,,2,2023-06-16T21:10:50+00:00
BRA_223794,Brasília,5300108,,Pioneira,2309,https://moovitapp.com/index/pt-br/transporte_p%C3%BAblico-line-2309-Brasilia-1702-851941-57764376-0,-1.0,-15.808519,-47.948613,,,,2,2023-06-16T21:11:14+00:00
BRA_226092,Brasília,5300108,,UTB,2303,https://moovitapp.com/index/pt-br/transporte_p%C3%BAblico-line-2303-Brasilia-1702-854427-744299-0,-1.0,-15.872712,-47.952651,,,,2,2023-06-16T21:11:14+00:00
BRA_232203,Brasília,5300108,,Pioneira,124.6,https://moovitapp.com/index/pt-br/transporte_p%C3%BAblico-line-124_6-Brasilia-1702-851941-425282-0,-1.0,-15.79771,-47.949612,,,,1,2023-06-16T21:10:46+00:00
BRA_229539,Brasília,5300108,,Pioneira,147.5,https://moovitapp.com/index/pt-br/transporte_p%C3%BAblico-line-147_5-Brasilia-1702-851941-519406-0,-1.0,-15.863853,-47.820688,,,,2,2023-06-16T21:10:12+00:00
BRA_228281,Brasília,5300108,,,3202,,,-16.002832,-48.051505,,,,1,2023-06-16T21:11:02+00:00
BRA_228389,Brasília,5300108,,Pioneira,0.255,https://moovitapp.com/index/pt-br/transporte_p%C3%BAblico-line-0_255-Brasilia-1702-851941-706978-0,-1.0,-15.841335,-48.050023,,,,1,2023-06-16T21:10:48+00:00
BRA_229482,Brasília,5300108,,Pioneira,180.0,https://moovitapp.com/index/pt-br/transporte_p%C3%BAblico-line-180_0-Brasilia-1702-851941-77097780-0,-1.0,-15.913129,-47.756842,,,,2,2023-06-16T18:25:48+00:00
BRA_227838,Brasília,5300108,,Pioneira,180.2,https://moovitapp.com/index/pt-br/transporte_p%C3%BAblico-line-180_2-Brasilia-1702-851941-514539-0,-1.0,-15.794134,-47.881812,,,,1,2023-06-16T21:10:34+00:00
BRA_228915,Brasília,5300108,,Taguatur,3303,https://moovitapp.com/index/pt-br/transporte_p%C3%BAblico-line-3303-Brasilia-1702-854428-2224148-0,-1.0,-16.037521,-48.02711,,,,1,2023-06-16T21:11:00+00:00
BRA_230049,Brasília,5300108,,Taguatur,3305,https://moovitapp.com/index/pt-br/transporte_p%C3%BAblico-line-3305-Brasilia-1702-854428-77810673-0,-1.0,-16.034151,-48.055459,,,,1,2023-06-16T21:10:28+00:00
BRA_226947,Brasília,5300108,,Pioneira,0.773,https://moovitapp.com/index/pt-br/transporte_p%C3%BAblico-line-0_773-Brasilia-1702-851941-242887-0,-1.0,-15.770383,-47.779502,,,,1,2023-06-16T21:11:54+00:00
BRA_232602,Brasília,5300108,,UTB,2303,https://moovitapp.com/index/pt-br/transporte_p%C3%BAblico-line-2303-Brasilia-1702-854427-744299-0,-1.0,-15.948445,-47.99273,,,,2,2023-06-16T21:11:04+00:00
BRA_226301,Brasília,5300108,,,2202,,,-15.834816,-47.925783,,,,2,2023-06-16T21:11:18+00:00
BRA_226335,Brasília,5300108,,,2202,,,-15.971192,-48.026156,,,,1,2023-06-16T21:10:28+00:00
BRA_232441,Brasília,5300108,,Pioneira,271.3,https://moovitapp.com/index/pt-br/transporte_p%C3%BAblico-line-271_3-Brasilia-1702-851941-669626-0,-1.0,-16.039002,-48.027281,,,,1,2023-06-16T21:11:04+00:00
BRA_226262,Brasília,5300108,,Taguatur,2301,https://moovitapp.com/index/pt-br/transporte_p%C3%BAblico-line-2301-Brasilia-1702-854428-81537943-0,-1.0,-15.961426,-47.993023,,,,2,2023-06-16T20:54:56+00:00
BRA_226441,Brasília,5300108,,Pioneira,761.2,https://moovitapp.com/index/pt-br/transporte_p%C3%BAblico-line-761_2-Brasilia-1702-851941-620162-0,-1.0,-15.765877,-47.77994,,,,2,2023-06-16T21:10:22+00:00
BRA_228192,Brasília,5300108,,,3206,,,-15.996652,-48.056661,,,,1,2023-06-16T21:11:06+00:00
BRA_226424,Brasília,5300108,,Pioneira,0.765,https://moovitapp.com/index/pt-br/transporte_p%C3%BAblico-line-0_765-Brasilia-1702-851941-576190-0,-1.0,-15.755207,-47.779184,,,,1,2023-06-16T21:10:14+00:00
BRA_230057,Brasília,5300108,,Taguatur,3305,https://moovitapp.com/index/pt-br/transporte_p%C3%BAblico-line-3305-Brasilia-1702-854428-77810673-0,-1.0,-16.011943,-47.982094,,,,1,2023-06-16T21:11:18+00:00
BRA_230065,Brasília,5300108,,Pioneira,0.253,https://moovitapp.com/index/pt-br/transporte_p%C3%BAblico-line-0_253-Brasilia-1702-851941-510254-0,-1.0,-16.018543,-48.020256,,,,2,2023-06-16T21:11:04+00:00
BRA_223743,Brasília,5300108,,Pioneira,2307,https://moovitapp.com/index/pt-br/transporte_p%C3%BAblico-line-2307-Brasilia-1702-851941-18556638-0,-1.0,-15.792977,-47.911719,,,,1,2023-06-16T21:11:08+00:00
BRA_226025,Brasília,5300108,,UTB,2302,https://moovitapp.com/index/pt-br/transporte_p%C3%BAblico-line-2302-Brasilia-1702-854427-744298-0,-1.0,-15.825202,-47.910848,,,,1,2023-06-16T21:10:56+00:00
BRA_229555,Brasília,5300108,,Pioneira,3213,https://moovitapp.com/index/pt-br/transporte_p%C3%BAblico-line-3213-Brasilia-1702-851941-74051275-0,-1.0,-16.016578,-48.016874,,,,1,2023-06-16T21:11:46+00:00
BRA_229571,Brasília,5300108,,Pioneira,199.1,https://moovitapp.com/index/pt-br/transporte_p%C3%BAblico-line-199_1-Brasilia-1702-851941-770034-0,-1.0,-15.78969,-47.941537,,,,2,2023-06-16T21:10:38+00:00
BRA_227897,Brasília,5300108,,,3204,,,-16.017713,-48.073153,,,,1,2023-06-16T21:11:24+00:00
BRA_228885,Brasília,5300108,,Pioneira,2306,https://moovitapp.com/index/pt-br/transporte_p%C3%BAblico-line-2306-Brasilia-1702-851941-18556641-0,-1.0,-15.77374,-47.888526,,,,2,2023-06-16T21:10:28+00:00
BRA_229008,Brasília,5300108,,Pioneira,255.2,https://moovitapp.com/index/pt-br/transporte_p%C3%BAblico-line-255_2-Brasilia-1702-851941-312453-0,-1.0,-15.913172,-48.050322,,,,1,2023-06-16T21:11:40+00:00
BRA_231991,Brasília,5300108,,Pioneira,197.3,https://moovitapp.com/index/pt-br/transporte_p%C3%BAblico-line-197_3-Brasilia-1702-851941-519409-0,-1.0,-15.835781,-47.835508,,,,2,2023-06-16T21:09:16+00:00
BRA_225703,Brasília,5300108,,Pioneira,0.764,https://moovitapp.com/index/pt-br/transporte_p%C3%BAblico-line-0_764-Brasilia-1702-851941-516641-0,-1.0,-15.748041,-47.768013,,,,2,2023-06-16T21:11:02+00:00
BRA_223905,Brasília,5300108,,Pioneira,2307,https://moovitapp.com/index/pt-br/transporte_p%C3%BAblico-line-2307-Brasilia-1702-851941-18556638-0,-1.0,-15.823534,-47.95026,,,,1,2023-06-16T21:11:54+00:00
BRA_229849,Brasília,5300108,,Pioneira,0.147,https://moovitapp.com/index/pt-br/transporte_p%C3%BAblico-line-0_147-Brasilia-1702-851941-519401-0,-1.0,-15.902177,-47.77055,,,,2,2023-06-16T21:10:52+00:00
BRA_231916,Brasília,5300108,,Pioneira,180.1,https://moovitapp.com/index/pt-br/transporte_p%C3%BAblico-line-180_1-Brasilia-1702-851941-339336-0,-1.0,-15.80911,-47.848287,,,,2,2023-06-16T21:11:14+00:00
BRA_228575,Brasília,5300108,,,3301,,,-16.042156,-48.026277,,,,1,2023-06-16T21:11:24+00:00
BRA_232084,Brasília,5300108,,Pioneira,181.2,https://moovitapp.com/index/pt-br/transporte_p%C3%BAblico-line-181_2-Brasilia-1702-851941-339338-0,-1.0,-15.904735,-47.754992,,,,1,2023-06-16T21:10:38+00:00
BRA_229652,Brasília,5300108,,Pioneira,0.763,https://moovitapp.com/index/pt-br/transporte_p%C3%BAblico-line-0_763-Brasilia-1702-851941-468878-0,-1.0,-15.791483,-47.778802,,,,1,2023-06-16T21:11:08+00:00
BRA_230031,Brasília,5300108,,,3207,,,-16.00748,-48.074043,,,,1,2023-06-16T21:10:58+00:00
BRA_226831,Brasília,5300108,,Pioneira,0.510,https://moovitapp.com/index/pt-br/transporte_p%C3%BAblico-line-0_510-Brasilia-1702-851941-16483906-0,-1.0,-15.76021,-47.780773,,,,1,2023-06-15T13:15:44+00:00
BRA_227480,Brasília,5300108,,,3201,,,-15.998349,-48.058562,,,,1,2023-06-15T21:20:48+00:00
BRA_227480,Brasília,5300108,,,3201,,,-16.024137,-48.062154,,,,1,2023-06-16T21:10:46+00:00
BRA_230103,Brasília,5300108,,Taguatur,3302,https://moovitapp.com/index/pt-br/transporte_p%C3%BAblico-line-3302-Brasilia-1702-854428-3135322-0,-1.0,-16.02888,-48.032501,,,,1,2023-06-16T21:11:18+00:00
BRA_228125,Brasília,5300108,,Taguatur,3305,https://moovitapp.com/index/pt-br/transporte_p%C3%BAblico-line-3305-Brasilia-1702-854428-77810673-0,-1.0,-16.049117,-47.967433,,,,1,2023-06-16T21:12:00+00:00
BRA_227099,Brasília,5300108,,Pioneira,0.195,https://moovitapp.com/index/pt-br/transporte_p%C3%BAblico-line-0_195-Brasilia-1702-851941-242845-0,-1.0,-15.891372,-47.795829,,,,1,2023-06-16T21:11:04+00:00
BRA_231703,Brasília,5300108,,Pioneira,102.1,https://moovitapp.com/index/pt-br/transporte_p%C3%BAblico-line-102_1-Brasilia-1702-851941-775125-0,-1.0,-15.794593,-47.881971,,,,1,2023-06-16T21:10:24+00:00
BRA_231983,Brasília,5300108,,Pioneira,197.3,https://moovitapp.com/index/pt-br/transporte_p%C3%BAblico-line-197_3-Brasilia-1702-851941-519409-0,-1.0,-15.898223,-47.782312,,,,2,2023-06-16T21:10:18+00:00
BRA_226343,Brasília,5300108,,Pioneira,2205,https://moovitapp.com/index/pt-br/transporte_p%C3%BAblico-line-2205-Brasilia-1702-851941-393568-0,-1.0,-15.899345,-47.962658,,,,1,2023-06-16T21:11:00+00:00
BRA_223689,Brasília,5300108,,Pioneira,2309,https://moovitapp.com/index/pt-br/transporte_p%C3%BAblico-line-2309-Brasilia-1702-851941-57764376-0,-1.0,-15.80054,-47.924517,,,,1,2023-06-16T21:10:36+00:00
BRA_230138,Brasília,5300108,,Pioneira,3316,https://moovitapp.com/index/pt-br/transporte_p%C3%BAblico-line-3316-Brasilia-1702-851941-59965195-0,-1.0,-16.006695,-48.001367,,,,1,2023-06-16T21:11:06+00:00
BRA_228583,Brasília,5300108,,Pioneira,255.2,https://moovitapp.com/index/pt-br/transporte_p%C3%BAblico-line-255_2-Brasilia-1702-851941-312453-0,-1.0,-15.84253,-48.032107,,,,1,2023-06-16T21:11:48+00:00
BRA_230171,Brasília,5300108,,Pioneira,251.8,https://moovitapp.com/index/pt-br/transporte_p%C3%BAblico-line-251_8-Brasilia-1702-851941-708654-0,-1.0,-16.017338,-48.018044,,,,1,2023-06-16T21:11:18+00:00
BRA_232394,Brasília,5300108,,,3301,,,-16.027564,-48.02135,,,,1,2023-06-16T21:12:00+00:00
BRA_229512,Brasília,5300108,,,3204,,,-16.002416,-48.053132,,,,1,2023-06-16T21:11:04+00:00
BRA_226084,Brasília,5300108,,UTB,2302,https://moovitapp.com/index/pt-br/transporte_p%C3%BAblico-line-2302-Brasilia-1702-854427-744298-0,-1.0,-15.876495,-47.959009,,,,2,2023-06-16T21:10:58+00:00
BRA_229083,Brasília,5300108,,Pioneira,197.3,https://moovitapp.com/index/pt-br/transporte_p%C3%BAblico-line-197_3-Brasilia-1702-851941-519409-0,-1.0,-15.913819,-47.761369,,,,1,2023-06-16T21:08:38+00:00
BRA_231649,Brasília,5300108,,Pioneira,0.762,https://moovitapp.com/index/pt-br/transporte_p%C3%BAblico-line-0_762-Brasilia-1702-851941-576189-0,-1.0,-15.747878,-47.767879,,,,1,2023-06-16T21:03:04+00:00
BRA_228028,Brasília,5300108,,Pioneira,183.2,https://moovitapp.com/index/pt-br/transporte_p%C3%BAblico-line-183_2-Brasilia-1702-851941-242920-0,-1.0,-15.912533,-47.755272,,,,1,2023-06-16T21:10:26+00:00
BRA_226009,Brasília,5300108,,,2202,,,-15.992689,-48.050564,,,,1,2023-06-16T21:10:52+00:00
BRA_232335,Brasília,5300108,,,3301,,,-16.027431,-48.021477,,,,1,2023-06-16T21:11:34+00:00
BRA_227129,Brasília,5300108,,Pioneira,2206,https://moovitapp.com/index/pt-br/transporte_p%C3%BAblico-line-2206-Brasilia-1702-851941-18556637-0,-1.0,-15.946509,-47.996488,,,,1,2023-06-16T21:11:18+00:00
BRA_229440,Brasília,5300108,,Pioneira,2309,https://moovitapp.com/index/pt-br/transporte_p%C3%BAblico-line-2309-Brasilia-1702-851941-57764376-0,-1.0,-15.926375,-47.977631,,,,1,2023-06-16T21:11:26+00:00
BRA_232190,Brasília,5300108,,Pioneira,0.225,https://moovitapp.com/index/pt-br/transporte_p%C3%BAblico-line-0_225-Brasilia-1702-851941-510253-0,-1.0,-15.822622,-48.080566,,,,1,2023-06-16T21:11:02+00:00
BRA_226882,Brasília,5300108,,,2202,,,-15.889341,-47.961138,,,,2,2023-06-16T21:10:44+00:00
BRA_228664,Brasília,5300108,,Pioneira,0.199,https://moovitapp.com/index/pt-br/transporte_p%C3%BAblico-line-0_199-Brasilia-1702-851941-242849-0,-1.0,-15.859251,-47.867818,,,,2,2023-06-16T21:10:46+00:00
BRA_227935,Brasília,5300108,,Pioneira,0.199,https://moovitapp.com/index/pt-br/transporte_p%C3%BAblico-line-0_199-Brasilia-1702-851941-242849-0,-1.0,-15.804275,-47.924282,,,,1,2023-06-16T21:11:04+00:00
BRA_225762,Brasília,5300108,,Pioneira,0.761,https://moovitapp.com/index/pt-br/transporte_p%C3%BAblico-line-0_761-Brasilia-1702-851941-605389-0,-1.0,-15.834869,-47.823034,,,,1,2023-06-16T21:10:28+00:00
BRA_227862,Brasília,5300108,,Pioneira,3210,https://moovitapp.com/index/pt-br/transporte_p%C3%BAblico-line-3210-Brasilia-1702-851941-14518504-0,-1.0,-15.96357,-48.023085,,,,1,2023-06-16T21:11:52+00:00
BRA_228559,Brasília,5300108,,Pioneira,182.2,https://moovitapp.com/index/pt-br/transporte_p%C3%BAblico-line-182_2-Brasilia-1702-851941-242919-0,-1.0,-15.853203,-47.817038,,,,2,2023-06-16T21:10:42+00:00
BRA_228036,Brasília,5300108,,Pioneira,0.180,https://moovitapp.com/index/pt-br/transporte_p%C3%BAblico-line-0_180-Brasilia-1702-851941-496588-0,-1.0,-15.782922,-47.89524,,,,2,2023-06-16T21:11:20+00:00
BRA_228222,Brasília,5300108,,Taguatur,3305,https://moovitapp.com/index/pt-br/transporte_p%C3%BAblico-line-3305-Brasilia-1702-854428-77810673-0,-1.0,-16.027043,-47.980562,,,,1,2023-06-16T21:11:46+00:00
BRA_232459,Brasília,5300108,,Pioneira,3316,https://moovitapp.com/index/pt-br/transporte_p%C3%BAblico-line-3316-Brasilia-1702-851941-59965195-0,-1.0,-16.016457,-47.98334,,,,1,2023-06-16T09:33:24+00:00
BRA_225665,Brasília,5300108,,,2201,,,-15.965789,-48.020288,,,,2,2023-06-16T21:11:54+00:00
BRA_229938,Brasília,5300108,,,3206,,,-16.034065,-48.058759,,,,1,2023-06-16T21:10:30+00:00
BRA_231827,Brasília,5300108,,Pioneira,180.1,https://moovitapp.com/index/pt-br/transporte_p%C3%BAblico-line-180_1-Brasilia-1702-851941-339336-0,-1.0,-15.912668,-47.757624,,,,2,2023-06-16T21:11:06+00:00
BRA_231789,Brasília,5300108,,Pioneira,0.102,https://moovitapp.com/index/pt-br/transporte_p%C3%BAblico-line-0_102-Brasilia-1702-851941-775119-0,-1.0,-15.795104,-47.881685,,,,1,2023-06-16T19:40:46+00:00
BRA_227889,Brasília,5300108,,Pioneira,3213,https://moovitapp.com/index/pt-br/transporte_p%C3%BAblico-line-3213-Brasilia-1702-851941-74051275-0,-1.0,-16.0374,-48.034256,,,,1,2023-06-16T21:10:24+00:00
BRA_228702,Brasília,5300108,,Pioneira,0.273,https://moovitapp.com/index/pt-br/transporte_p%C3%BAblico-line-0_273-Brasilia-1702-851941-510255-0,-1.0,-16.011075,-47.990779,,,,2,2023-06-16T21:11:58+00:00
BRA_229873,Brasília,5300108,,Pioneira,147.5,https://moovitapp.com/index/pt-br/transporte_p%C3%BAblico-line-147_5-Brasilia-1702-851941-519406-0,-1.0,-15.735954,-47.907116,,,,2,2023-06-16T21:11:02+00:00
BRA_223956,Brasília,5300108,,Pioneira,2306,https://moovitapp.com/index/pt-br/transporte_p%C3%BAblico-line-2306-Brasilia-1702-851941-18556641-0,-1.0,-15.863177,-47.939248,,,,2,2023-06-16T21:09:50+00:00
BRA_226939,Brasília,5300108,,Pioneira,0.781,https://moovitapp.com/index/pt-br/transporte_p%C3%BAblico-line-0_781-Brasilia-1702-851941-242889-0,-1.0,-15.744705,-47.824114,,,,2,2023-06-16T21:11:08+00:00
BRA_227137,Brasília,5300108,,Pioneira,0.170,https://moovitapp.com/index/pt-br/transporte_p%C3%BAblico-line-0_170-Brasilia-1702-851941-546850-0,-1.0,-15.859189,-47.872904,,,,1,2023-06-16T21:10:46+00:00
BRA_227498,Brasília,5300108,,Pioneira,183.2,https://moovitapp.com/index/pt-br/transporte_p%C3%BAblico-line-183_2-Brasilia-1702-851941-242920-0,-1.0,-15.879779,-47.816561,,,,1,2023-06-16T21:10:52+00:00
BRA_229202,Brasília,5300108,,Pioneira,2309,https://moovitapp.com/index/pt-br/transporte_p%C3%BAblico-line-2309-Brasilia-1702-851941-57764376-0,-1.0,-15.882694,-47.960134,,,,2,2023-06-16T21:11:20+00:00
BRA_225681,Brasília,5300108,,Pioneira,0.761,https://moovitapp.com/index/pt-br/transporte_p%C3%BAblico-line-0_761-Brasilia-1702-851941-605389-0,-1.0,-15.754174,-47.765559,,,,1,2023-06-16T21:10:44+00:00
BRA_226637,Brasília,5300108,,Pioneira,100.9,https://moovitapp.com/index/pt-br/transporte_p%C3%BAblico-line-100_9-Brasilia-1702-851941-242897-0,-1.0,-15.793517,-47.880349,,,,1,2023-06-16T21:11:12+00:00
BRA_225568,Brasília,5300108,,UTB,2303,https://moovitapp.com/index/pt-br/transporte_p%C3%BAblico-line-2303-Brasilia-1702-854427-744299-0,-1.0,-15.813568,-47.907936,,,,2,2023-06-16T21:10:42+00:00
BRA_227854,Brasília,5300108,,Pioneira,181.5,https://moovitapp.com/index/pt-br/transporte_p%C3%BAblico-line-181_5-Brasilia-1702-851941-756866-0,-1.0,-15.893688,-47.792344,,,,1,2023-06-16T21:11:16+00:00
BRA_227447,Brasília,5300108,,Pioneira,2205,https://moovitapp.com/index/pt-br/transporte_p%C3%BAblico-line-2205-Brasilia-1702-851941-393568-0,-1.0,-15.866677,-47.942898,,,,2,2023-06-16T21:11:10+00:00
BRA_227013,Brasília,5300108,,Pioneira,163.1,https://moovitapp.com/index/pt-br/transporte_p%C3%BAblico-line-163_1-Brasilia-1702-851941-242911-0,-1.0,-15.775296,-47.938021,,,,2,2023-06-16T21:11:44+00:00
BRA_223697,Brasília,5300108,,,2202,,,-15.79371,-47.88239,,,,2,2023-06-16T21:12:08+00:00
BRA_227307,Brasília,5300108,,Pioneira,147.2,https://moovitapp.com/index/pt-br/transporte_p%C3%BAblico-line-147_2-Brasilia-1702-851941-519403-0,-1.0,-15.845601,-47.817928,,,,2,2023-06-16T21:10:52+00:00
BRA_227234,Brasília,5300108,,Pioneira,180.1,https://moovitapp.com/index/pt-br/transporte_p%C3%BAblico-line-180_1-Brasilia-1702-851941-339336-0,-1.0,-15.904411,-47.769234,,,,1,2023-06-16T21:11:18+00:00
BRA_229971,Brasília,5300108,,,3204,,,-15.992778,-48.050602,,,,1,2023-06-16T21:10:04+00:00
BRA_227587,Brasília,5300108,,Pioneira,147.5,https://moovitapp.com/index/pt-br/transporte_p%C3%BAblico-line-147_5-Brasilia-1702-851941-519406-0,-1.0,-15.785187,-47.887934,,,,2,2023-06-16T21:10:22+00:00
BRA_227391,Brasília,5300108,,Pioneira,183.2,https://moovitapp.com/index/pt-br/transporte_p%C3%BAblico-line-183_2-Brasilia-1702-851941-242920-0,-1.0,-15.879636,-47.812461,,,,1,2023-06-16T21:10:30+00:00
BRA_232491,Brasília,5300108,,Pioneira,0.253,https://moovitapp.com/index/pt-br/transporte_p%C3%BAblico-line-0_253-Brasilia-1702-851941-510254-0,-1.0,-16.004028,-47.988649,,,,1,2023-06-16T20:39:26+00:00
BRA_228435,Brasília,5300108,,,3202,,,-16.017427,-48.048777,,,,1,2023-06-16T21:11:22+00:00
BRA_232068,Brasília,5300108,,Pioneira,180.2,https://moovitapp.com/index/pt-br/transporte_p%C3%BAblico-line-180_2-Brasilia-1702-851941-514539-0,-1.0,-15.841692,-47.822716,,,,1,2023-06-16T21:10:40+00:00
BRA_229920,Brasília,5300108,,,3204,,,-15.992052,-48.04968,,,,1,2023-06-16T21:11:08+00:00
BRA_223841,Brasília,5300108,,Pioneira,2210,https://moovitapp.com/index/pt-br/transporte_p%C3%BAblico-line-2210-Brasilia-1702-851941-57764370-0,-1.0,-15.802169,-47.970453,,,,2,2023-06-16T21:10:52+00:00
BRA_226149,Brasília,5300108,,UTB,2302,https://moovitapp.com/index/pt-br/transporte_p%C3%BAblico-line-2302-Brasilia-1702-854427-744298-0,-1.0,-15.794156,-47.882734,,,,2,2023-06-16T21:11:00+00:00
BRA_225533,Brasília,5300108,,,2202,,,-15.954779,-48.008024,,,,1,2023-06-16T14:09:42+00:00
BRA_232009,Brasília,5300108,,Pioneira,197.3,https://moovitapp.com/index/pt-br/transporte_p%C3%BAblico-line-197_3-Brasilia-1702-851941-519409-0,-1.0,-15.808454,-47.848904,,,,1,2023-06-16T21:11:04+00:00
BRA_229211,Brasília,5300108,,Pioneira,0.253,https://moovitapp.com/index/pt-br/transporte_p%C3%BAblico-line-0_253-Brasilia-1702-851941-510254-0,-1.0,-15.899027,-48.055485,,,,2,2023-06-16T21:10:12+00:00
BRA_227111,Brasília,5300108,,Pioneira,0.170,https://moovitapp.com/index/pt-br/transporte_p%C3%BAblico-line-0_170-Brasilia-1702-851941-546850-0,-1.0,-15.787698,-47.892258,,,,1,2023-06-16T21:10:58+00:00
BRA_229091,Brasília,5300108,,Pioneira,163.1,https://moovitapp.com/index/pt-br/transporte_p%C3%BAblico-line-163_1-Brasilia-1702-851941-242911-0,-1.0,-15.74457,-47.897255,,,,2,2023-06-16T21:11:02+00:00
BRA_228869,Brasília,5300108,,Pioneira,251.7,https://moovitapp.com/index/pt-br/transporte_p%C3%BAblico-line-251_7-Brasilia-1702-851941-651524-0,-1.0,-16.003853,-47.987873,,,,1,2023-06-16T21:10:14+00:00
BRA_227404,Brasília,5300108,,Pioneira,147.2,https://moovitapp.com/index/pt-br/transporte_p%C3%BAblico-line-147_2-Brasilia-1702-851941-519403-0,-1.0,-15.82314,-47.921224,,,,1,2023-06-16T21:10:24+00:00
BRA_229059,Brasília,5300108,,Pioneira,3307,https://moovitapp.com/index/pt-br/transporte_p%C3%BAblico-line-3307-Brasilia-1702-851941-519400-0,-1.0,-16.011985,-47.992126,,,,1,2023-06-16T21:10:58+00:00
BRA_229989,Brasília,5300108,,,3207,,,-16.010198,-48.080999,,,,1,2023-06-16T21:10:38+00:00
BRA_228079,Brasília,5300108,,,3201,,,-16.035334,-48.059592,,,,1,2023-06-16T21:11:18+00:00
BRA_229610,Brasília,5300108,,,3204,,,-16.00542,-48.053507,,,,1,2023-06-16T20:42:34+00:00
BRA_228044,Brasília,5300108,,Pioneira,0.181,https://moovitapp.com/index/pt-br/transporte_p%C3%BAblico-line-0_181-Brasilia-1702-851941-242838-0,-1.0,-15.747582,-47.766837,,,,2,2023-06-16T21:11:10+00:00
BRA_230201,Brasília,5300108,,Taguatur,3302,https://moovitapp.com/index/pt-br/transporte_p%C3%BAblico-line-3302-Brasilia-1702-854428-3135322-0,-1.0,-16.042013,-48.028178,,,,1,2023-06-16T21:10:56+00:00
BRA_223727,Brasília,5300108,,Pioneira,2210,https://moovitapp.com/index/pt-br/transporte_p%C3%BAblico-line-2210-Brasilia-1702-851941-57764370-0,-1.0,-15.79594,-47.946814,,,,2,2023-06-16T21:11:22+00:00
BRA_227188,Brasília,5300108,,Pioneira,170.1,https://moovitapp.com/index/pt-br/transporte_p%C3%BAblico-line-170_1-Brasilia-1702-851941-242912-0,-1.0,-15.847467,-47.87436,,,,2,2023-06-16T21:11:06+00:00
BRA_226785,Brasília,5300108,,Pioneira,0.780,https://moovitapp.com/index/pt-br/transporte_p%C3%BAblico-line-0_780-Brasilia-1702-851941-514537-0,-1.0,-15.735826,-47.764592,,,,2,2023-06-16T19:08:30+00:00
BRA_227056,Brasília,5300108,,Pioneira,761.1,https://moovitapp.com/index/pt-br/transporte_p%C3%BAblico-line-761_1-Brasilia-1702-851941-620161-0,-1.0,-15.811362,-47.803655,,,,1,2023-06-16T21:11:32+00:00
BRA_229261,Brasília,5300108,,Pioneira,0.255,https://moovitapp.com/index/pt-br/transporte_p%C3%BAblico-line-0_255-Brasilia-1702-851941-706978-0,-1.0,-15.838908,-48.052827,,,,2,2023-06-16T21:10:06+00:00
BRA_227595,Brasília,5300108,,Pioneira,181.1,https://moovitapp.com/index/pt-br/transporte_p%C3%BAblico-line-181_1-Brasilia-1702-851941-242915-0,-1.0,-15.907553,-47.760657,,,,1,2023-06-16T21:11:20+00:00
BRA_232483,Brasília,5300108,,Taguatur,3303,https://moovitapp.com/index/pt-br/transporte_p%C3%BAblico-line-3303-Brasilia-1702-854428-2224148-0,-1.0,-16.029287,-48.023937,,,,1,2023-06-16T21:10:54+00:00
BRA_228443,Brasília,5300108,,Pioneira,784.3,https://moovitapp.com/index/pt-br/transporte_p%C3%BAblico-line-784_3-Brasilia-1702-851941-46904557-0,-1.0,-15.736065,-47.765012,,,,1,2023-06-16T21:10:54+00:00
BRA_231517,Brasília,5300108,,Pioneira,0.030,https://moovitapp.com/index/pt-br/transporte_p%C3%BAblico-line-0_030-Brasilia-1702-851941-775118-0,-1.0,-15.776429,-47.887896,,,,1,2023-06-16T21:10:12+00:00
BRA_231355,Brasília,5300108,,Pioneira,183.8,https://moovitapp.com/index/pt-br/transporte_p%C3%BAblico-line-183_8-Brasilia-1702-851941-719958-0,-1.0,-15.939776,-47.766271,,,,1,2023-06-16T21:07:30+00:00
BRA_226611,Brasília,5300108,,Pioneira,0.765,https://moovitapp.com/index/pt-br/transporte_p%C3%BAblico-line-0_765-Brasilia-1702-851941-576190-0,-1.0,-15.846039,-47.854638,,,,2,2023-06-16T21:11:52+00:00
BRA_226955,Brasília,5300108,,Pioneira,0.768,https://moovitapp.com/index/pt-br/transporte_p%C3%BAblico-line-0_768-Brasilia-1702-851941-770032-0,-1.0,-15.83142,-47.812778,,,,2,2023-06-16T21:10:30+00:00
BRA_227455,Brasília,5300108,,Pioneira,183.6,https://moovitapp.com/index/pt-br/transporte_p%C3%BAblico-line-183_6-Brasilia-1702-851941-242921-0,-1.0,-15.892847,-47.800063,,,,1,2023-06-16T19:27:48+00:00
BRA_229792,Brasília,5300108,,Pioneira,0.181,https://moovitapp.com/index/pt-br/transporte_p%C3%BAblico-line-0_181-Brasilia-1702-851941-242838-0,-1.0,-15.852583,-47.84542,,,,2,2023-06-16T21:10:08+00:00
BRA_228168,Brasília,5300108,,Pioneira,2212,https://moovitapp.com/index/pt-br/transporte_p%C3%BAblico-line-2212-Brasilia-1702-851941-69031052-0,-1.0,-15.825477,-47.923977,,,,1,2023-06-16T21:10:46+00:00
BRA_223701,Brasília,5300108,,Pioneira,2210,https://moovitapp.com/index/pt-br/transporte_p%C3%BAblico-line-2210-Brasilia-1702-851941-57764370-0,-1.0,-15.766137,-47.936705,,,,2,2023-06-16T21:10:14+00:00
BRA_226017,Brasília,5300108,,Taguatur,2301,https://moovitapp.com/index/pt-br/transporte_p%C3%BAblico-line-2301-Brasilia-1702-854428-81537943-0,-1.0,-15.909136,-47.966155,,,,1,2023-06-16T21:11:54+00:00
BRA_227030,Brasília,5300108,,Pioneira,102.1,https://moovitapp.com/index/pt-br/transporte_p%C3%BAblico-line-102_1-Brasilia-1702-851941-775125-0,-1.0,-15.812232,-47.906181,,,,1,2023-06-16T20:38:52+00:00
BRA_227439,Brasília,5300108,,Pioneira,147.5,https://moovitapp.com/index/pt-br/transporte_p%C3%BAblico-line-147_5-Brasilia-1702-851941-519406-0,-1.0,-15.893949,-47.792096,,,,2,2023-06-16T21:10:48+00:00
BRA_226238,Brasília,5300108,,UTB,2303,https://moovitapp.com/index/pt-br/transporte_p%C3%BAblico-line-2303-Brasilia-1702-854427-744299-0,-1.0,-15.825114,-47.923901,,,,2,2023-06-16T21:11:20+00:00
BRA_228061,Brasília,5300108,,Pioneira,0.181,https://moovitapp.com/index/pt-br/transporte_p%C3%BAblico-line-0_181-Brasilia-1702-851941-242838-0,-1.0,-15.881521,-47.822964,,,,2,2023-06-16T21:10:36+00:00
BRA_223778,Brasília,5300108,,Pioneira,2205,https://moovitapp.com/index/pt-br/transporte_p%C3%BAblico-line-2205-Brasilia-1702-851941-393568-0,-1.0,-15.791554,-47.88967,,,,1,2023-06-16T21:10:58+00:00
BRA_231746,Brasília,5300108,,Pioneira,0.769,https://moovitapp.com/index/pt-br/transporte_p%C3%BAblico-line-0_769-Brasilia-1702-851941-516642-0,-1.0,-15.776156,-47.874182,,,,2,2023-06-16T21:11:12+00:00
BRA_231941,Brasília,5300108,,Pioneira,180.0,https://moovitapp.com/index/pt-br/transporte_p%C3%BAblico-line-180_0-Brasilia-1702-851941-77097780-0,-1.0,-15.818844,-47.833206,,,,2,2023-06-16T21:10:38+00:00
BRA_228001,Brasília,5300108,,Pioneira,2307,https://moovitapp.com/index/pt-br/transporte_p%C3%BAblico-line-2307-Brasilia-1702-851941-18556638-0,-1.0,-15.964227,-47.992444,,,,2,2023-06-16T21:11:50+00:00
BRA_223638,Brasília,5300108,,Pioneira,2208,https://moovitapp.com/index/pt-br/transporte_p%C3%BAblico-line-2208-Brasilia-1702-851941-18556642-0,-1.0,-15.785155,-47.906893,,,,2,2023-06-16T21:10:34+00:00
BRA_229148,Brasília,5300108,,Pioneira,100.8,https://moovitapp.com/index/pt-br/transporte_p%C3%BAblico-line-100_8-Brasilia-1702-851941-576191-0,-1.0,-15.803982,-47.794938,,,,2,2023-06-16T21:10:28+00:00
BRA_223719,Brasília,5300108,,Pioneira,2206,https://moovitapp.com/index/pt-br/transporte_p%C3%BAblico-line-2206-Brasilia-1702-851941-18556637-0,-1.0,-15.837859,-47.929298,,,,1,2023-06-16T21:10:32+00:00
BRA_228311,Brasília,5300108,,Pioneira,0.225,https://moovitapp.com/index/pt-br/transporte_p%C3%BAblico-line-0_225-Brasilia-1702-851941-510253-0,-1.0,-15.899151,-48.05544,,,,2,2023-06-16T21:11:10+00:00
BRA_230073,Brasília,5300108,,Taguatur,3302,https://moovitapp.com/index/pt-br/transporte_p%C3%BAblico-line-3302-Brasilia-1702-854428-3135322-0,-1.0,-16.018899,-48.020866,,,,1,2023-06-16T21:10:54+00:00
BRA_229351,Brasília,5300108,,Pioneira,199.1,https://moovitapp.com/index/pt-br/transporte_p%C3%BAblico-line-199_1-Brasilia-1702-851941-770034-0,-1.0,-15.889155,-47.803928,,,,2,2023-06-16T21:10:58+00:00
BRA_226271,Brasília,5300108,,Pioneira,2205,https://moovitapp.com/index/pt-br/transporte_p%C3%BAblico-line-2205-Brasilia-1702-851941-393568-0,-1.0,-15.991942,-48.049133,,,,1,2023-06-16T21:11:04+00:00
BRA_227790,Brasília,5300108,,,3207,,,-16.01928,-48.067507,,,,1,2023-06-16T21:10:28+00:00
BRA_229946,Brasília,5300108,,Pioneira,073.1,https://moovitapp.com/index/pt-br/transporte_p%C3%BAblico-line-073_1-Brasilia-1702-851941-775123-0,-1.0,-15.84813,-47.94813,,,,1,2023-06-16T21:11:14+00:00
BRA_230219,Brasília,5300108,,Taguatur,3303,https://moovitapp.com/index/pt-br/transporte_p%C3%BAblico-line-3303-Brasilia-1702-854428-2224148-0,-1.0,-16.027911,-48.022163,,,,1,2023-06-16T21:10:28+00:00
BRA_228907,Brasília,5300108,,Pioneira,0.253,https://moovitapp.com/index/pt-br/transporte_p%C3%BAblico-line-0_253-Brasilia-1702-851941-510254-0,-1.0,-15.951622,-48.032857,,,,1,2023-06-16T21:10:44+00:00
BRA_226114,Brasília,5300108,,Taguatur,2301,https://moovitapp.com/index/pt-br/transporte_p%C3%BAblico-line-2301-Brasilia-1702-854428-81537943-0,-1.0,-15.940418,-47.987008,,,,2,2023-06-16T21:10:52+00:00
BRA_226521,Brasília,5300108,,Pioneira,0.761,https://moovitapp.com/index/pt-br/transporte_p%C3%BAblico-line-0_761-Brasilia-1702-851941-605389-0,-1.0,-15.835126,-47.820243,,,,1,2023-06-16T21:10:42+00:00
BRA_227064,Brasília,5300108,,Pioneira,183.6,https://moovitapp.com/index/pt-br/transporte_p%C3%BAblico-line-183_6-Brasilia-1702-851941-242921-0,-1.0,-15.892124,-47.806198,,,,1,2023-06-16T21:11:06+00:00
BRA_228991,Brasília,5300108,,Pioneira,251.7,https://moovitapp.com/index/pt-br/transporte_p%C3%BAblico-line-251_7-Brasilia-1702-851941-651524-0,-1.0,-16.040865,-48.062428,,,,1,2023-06-16T21:11:26+00:00
BRA_226653,Brasília,5300108,,Pioneira,0.759,https://moovitapp.com/index/pt-br/transporte_p%C3%BAblico-line-0_759-Brasilia-1702-851941-775121-0,-1.0,-15.752962,-47.780048,,,,2,2023-06-16T21:10:56+00:00
BRA_232301,Brasília,5300108,,Pioneira,073.1,https://moovitapp.com/index/pt-br/transporte_p%C3%BAblico-line-073_1-Brasilia-1702-851941-775123-0,-1.0,-15.870274,-47.932439,,,,1,2023-06-16T21:10:38+00:00
BRA_228109,Brasília,5300108,,,3206,,,-16.035127,-48.055122,,,,1,2023-06-16T21:11:20+00:00
BRA_229369,Brasília,5300108,,Pioneira,2306,https://moovitapp.com/index/pt-br/transporte_p%C3%BAblico-line-2306-Brasilia-1702-851941-18556641-0,-1.0,-15.772371,-47.888462,,,,1,2023-06-16T21:10:58+00:00
BRA_226190,Brasília,5300108,,,2201,,,-15.992303,-48.049572,,,,1,2023-06-16T21:11:10+00:00
BRA_226670,Brasília,5300108,,Pioneira,0.765,https://moovitapp.com/index/pt-br/transporte_p%C3%BAblico-line-0_765-Brasilia-1702-851941-576190-0,-1.0,-15.761442,-47.780614,,,,1,2023-06-16T21:11:10+00:00
BRA_228940,Brasília,5300108,,Pioneira,073.1,https://moovitapp.com/index/pt-br/transporte_p%C3%BAblico-line-073_1-Brasilia-1702-851941-775123-0,-1.0,-15.834351,-47.881259,,,,1,2023-06-16T21:11:10+00:00
BRA_226122,Brasília,5300108,,,2201,,,-15.869033,-47.94546,,,,1,2023-06-16T21:10:52+00:00
BRA_228206,Brasília,5300108,,,3207,,,-15.995933,-48.054779,,,,1,2023-06-16T21:11:06+00:00
BRA_227561,Brasília,5300108,,Taguatur,3305,https://moovitapp.com/index/pt-br/transporte_p%C3%BAblico-line-3305-Brasilia-1702-854428-77810673-0,-1.0,-16.048796,-48.036748,,,,1,2023-06-16T21:11:06+00:00
BRA_229245,Brasília,5300108,,Pioneira,0.784,https://moovitapp.com/index/pt-br/transporte_p%C3%BAblico-line-0_784-Brasilia-1702-851941-372405-0,-1.0,-15.762944,-47.792592,,,,1,2023-06-16T21:11:06+00:00
BRA_226904,Brasília,5300108,,Pioneira,0.765,https://moovitapp.com/index/pt-br/transporte_p%C3%BAblico-line-0_765-Brasilia-1702-851941-576190-0,-1.0,-15.777265,-47.779622,,,,2,2023-06-16T21:10:24+00:00
BRA_227552,Brasília,5300108,,Pioneira,0.197,https://moovitapp.com/index/pt-br/transporte_p%C3%BAblico-line-0_197-Brasilia-1702-851941-519402-0,-1.0,-15.850323,-47.815868,,,,2,2023-06-16T21:11:08+00:00
BRA_223913,Brasília,5300108,,Pioneira,2310,https://moovitapp.com/index/pt-br/transporte_p%C3%BAblico-line-2310-Brasilia-1702-851941-57764377-0,-1.0,-15.757631,-47.932948,,,,2,2023-06-16T21:11:32+00:00
BRA_228010,Brasília,5300108,,Marechal,206.1,https://moovitapp.com/index/pt-br/transporte_p%C3%BAblico-line-206_1-Brasilia-1702-851940-137149861-0,-1.0,-15.906692,-48.140082,,,,1,2023-06-16T21:11:16+00:00
BRA_228346,Brasília,5300108,,Pioneira,0.275,https://moovitapp.com/index/pt-br/transporte_p%C3%BAblico-line-0_275-Brasilia-1702-851941-706979-0,-1.0,-15.806138,-48.077877,,,,1,2023-06-16T21:10:48+00:00
BRA_226211,Brasília,5300108,,UTB,2302,https://moovitapp.com/index/pt-br/transporte_p%C3%BAblico-line-2302-Brasilia-1702-854427-744298-0,-1.0,-15.900593,-47.962976,,,,2,2023-06-16T21:11:08+00:00
BRA_232181,Brasília,5300108,,Pioneira,205.1,https://moovitapp.com/index/pt-br/transporte_p%C3%BAblico-line-205_1-Brasilia-1702-851941-393571-0,-1.0,-16.02485,-48.069612,,,,2,2023-06-16T21:11:00+00:00
BRA_223883,Brasília,5300108,,Pioneira,2310,https://moovitapp.com/index/pt-br/transporte_p%C3%BAblico-line-2310-Brasilia-1702-851941-57764377-0,-1.0,-15.806653,-47.957057,,,,2,2023-06-16T21:11:00+00:00
BRA_226840,Brasília,5300108,,Pioneira,0.759,https://moovitapp.com/index/pt-br/transporte_p%C3%BAblico-line-0_759-Brasilia-1702-851941-775121-0,-1.0,-15.794967,-47.8826,,,,1,2023-06-16T21:11:12+00:00
BRA_231479,Brasília,5300108,,Pioneira,0.011,https://moovitapp.com/index/pt-br/transporte_p%C3%BAblico-line-0_011-Brasilia-1702-851941-775117-0,-1.0,-15.798208,-47.872421,,,,1,2023-06-16T21:07:24+00:00
BRA_231401,Brasília,5300108,,Pioneira,183.8,https://moovitapp.com/index/pt-br/transporte_p%C3%BAblico-line-183_8-Brasilia-1702-851941-719958-0,-1.0,-15.907006,-47.760905,,,,1,2023-06-16T21:10:42+00:00
BRA_228338,Brasília,5300108,,Pioneira,180.2,https://moovitapp.com/index/pt-br/transporte_p%C3%BAblico-line-180_2-Brasilia-1702-851941-514539-0,-1.0,-15.798086,-47.873,,,,2,2023-06-16T21:10:24+00:00
BRA_226581,Brasília,5300108,,Pioneira,0.762,https://moovitapp.com/index/pt-br/transporte_p%C3%BAblico-line-0_762-Brasilia-1702-851941-576189-0,-1.0,-15.80915,-47.847988,,,,2,2023-06-16T21:11:24+00:00
BRA_225525,Brasília,5300108,,Taguatur,2301,https://moovitapp.com/index/pt-br/transporte_p%C3%BAblico-line-2301-Brasilia-1702-854428-81537943-0,-1.0,-15.829999,-47.918827,,,,2,2023-06-16T21:10:50+00:00
BRA_225614,Brasília,5300108,,Taguatur,2301,https://moovitapp.com/index/pt-br/transporte_p%C3%BAblico-line-2301-Brasilia-1702-854428-81537943-0,-1.0,-16.002607,-47.986118,,,,1,2023-06-16T21:11:12+00:00
BRA_232041,Brasília,5300108,,Pioneira,180.2,https://moovitapp.com/index/pt-br/transporte_p%C3%BAblico-line-180_2-Brasilia-1702-851941-514539-0,-1.0,-15.894148,-47.801455,,,,2,2023-06-16T21:11:10+00:00
BRA_229865,Brasília,5300108,,Pioneira,181.2,https://moovitapp.com/index/pt-br/transporte_p%C3%BAblico-line-181_2-Brasilia-1702-851941-339338-0,-1.0,-15.850444,-47.848961,,,,1,2023-06-16T21:11:06+00:00
BRA_228737,Brasília,5300108,,Pioneira,0.147,https://moovitapp.com/index/pt-br/transporte_p%C3%BAblico-line-0_147-Brasilia-1702-851941-519401-0,-1.0,-15.844647,-47.919914,,,,2,2023-06-16T21:10:06+00:00
BRA_229105,Brasília,5300108,,Pioneira,3316,https://moovitapp.com/index/pt-br/transporte_p%C3%BAblico-line-3316-Brasilia-1702-851941-59965195-0,-1.0,-16.016921,-48.017554,,,,1,2023-06-16T21:11:10+00:00
BRA_227170,Brasília,5300108,,Pioneira,147.2,https://moovitapp.com/index/pt-br/transporte_p%C3%BAblico-line-147_2-Brasilia-1702-851941-519403-0,-1.0,-15.897493,-47.7879,,,,2,2023-06-16T21:10:56+00:00
BRA_225541,Brasília,5300108,,UTB,2302,https://moovitapp.com/index/pt-br/transporte_p%C3%BAblico-line-2302-Brasilia-1702-854427-744298-0,-1.0,-16.002956,-47.987295,,,,1,2023-06-16T21:11:34+00:00
BRA_230154,Brasília,5300108,,Pioneira,251.8,https://moovitapp.com/index/pt-br/transporte_p%C3%BAblico-line-251_8-Brasilia-1702-851941-708654-0,-1.0,-16.017538,-48.018826,,,,1,2023-06-16T21:10:48+00:00
BRA_231924,Brasília,5300108,,Pioneira,180.1,https://moovitapp.com/index/pt-br/transporte_p%C3%BAblico-line-180_1-Brasilia-1702-851941-339336-0,-1.0,-15.897495,-47.783437,,,,1,2023-06-16T21:10:44+00:00
BRA_223948,Brasília,5300108,,Pioneira,2307,https://moovitapp.com/index/pt-br/transporte_p%C3%BAblico-line-2307-Brasilia-1702-851941-18556638-0,-1.0,-15.89735,-47.962334,,,,1,2023-06-16T21:10:14+00:00
BRA_226742,Brasília,5300108,,Pioneira,0.781,https://moovitapp.com/index/pt-br/transporte_p%C3%BAblico-line-0_781-Brasilia-1702-851941-242889-0,-1.0,-15.794536,-47.881952,,,,1,2023-06-16T21:11:00+00:00
BRA_229458,Brasília,5300108,,Pioneira,147.5,https://moovitapp.com/index/pt-br/transporte_p%C3%BAblico-line-147_5-Brasilia-1702-851941-519406-0,-1.0,-15.801665,-47.854734,,,,2,2023-06-16T21:10:34+00:00
BRA_227668,Brasília,5300108,,Pioneira,100.3,https://moovitapp.com/index/pt-br/transporte_p%C3%BAblico-line-100_3-Brasilia-1702-851941-419631-0,-1.0,-15.767088,-47.779769,,,,2,2023-06-16T21:10:40+00:00
BRA_229806,Brasília,5300108,,Pioneira,147.2,https://moovitapp.com/index/pt-br/transporte_p%C3%BAblico-line-147_2-Brasilia-1702-851941-519403-0,-1.0,-15.81483,-47.839806,,,,1,2023-06-16T21:10:26+00:00
BRA_228923,Brasília,5300108,,Pioneira,073.2,https://moovitapp.com/index/pt-br/transporte_p%C3%BAblico-line-073_2-Brasilia-1702-851941-775124-0,-1.0,-15.880111,-47.959053,,,,1,2023-06-16T21:11:28+00:00
BRA_232122,Brasília,5300108,,Pioneira,181.4,https://moovitapp.com/index/pt-br/transporte_p%C3%BAblico-line-181_4-Brasilia-1702-851941-775126-0,-1.0,-15.890751,-47.798512,,,,2,2023-06-16T21:10:36+00:00
BRA_228478,Brasília,5300108,,,3207,,,-16.014137,-48.075976,,,,1,2023-06-16T21:10:30+00:00
BRA_226173,Brasília,5300108,,UTB,2302,https://moovitapp.com/index/pt-br/transporte_p%C3%BAblico-line-2302-Brasilia-1702-854427-744298-0,-1.0,-15.859798,-47.936337,,,,1,2023-06-16T21:10:34+00:00
BRA_231614,Brasília,5300108,,Pioneira,0.762,https://moovitapp.com/index/pt-br/transporte_p%C3%BAblico-line-0_762-Brasilia-1702-851941-576189-0,-1.0,-15.801679,-47.792084,,,,1,2023-06-16T21:11:38+00:00
BRA_226548,Brasília,5300108,,Pioneira,100.6,https://moovitapp.com/index/pt-br/transporte_p%C3%BAblico-line-100_6-Brasilia-1702-851941-767605-0,-1.0,-15.827233,-47.827796,,,,2,2023-06-16T20:56:32+00:00
BRA_228974,Brasília,5300108,,Pioneira,020.2,https://moovitapp.com/index/pt-br/transporte_p%C3%BAblico-line-020_2-Brasilia-1702-851941-708653-0,-1.0,-16.026878,-48.05408,,,,1,2023-06-16T21:10:28+00:00
BRA_227617,Brasília,5300108,,,3201,,,-15.996906,-48.05675,,,,1,2023-06-16T21:10:50+00:00
BRA_226203,Brasília,5300108,,Taguatur,2301,https://moovitapp.com/index/pt-br/transporte_p%C3%BAblico-line-2301-Brasilia-1702-854428-81537943-0,-1.0,-15.834125,-47.924606,,,,2,2023-06-16T21:11:10+00:00
BRA_223662,Brasília,5300108,,Pioneira,2210,https://moovitapp.com/index/pt-br/transporte_p%C3%BAblico-line-2210-Brasilia-1702-851941-57764370-0,-1.0,-15.756043,-47.933781,,,,1,2023-06-16T21:11:06+00:00
BRA_231681,Brasília,5300108,,Pioneira,0.759,https://moovitapp.com/index/pt-br/transporte_p%C3%BAblico-line-0_759-Brasilia-1702-851941-775121-0,-1.0,-15.749186,-47.772463,,,,1,2023-06-16T21:08:52+00:00
BRA_231894,Brasília,5300108,,Pioneira,180.1,https://moovitapp.com/index/pt-br/transporte_p%C3%BAblico-line-180_1-Brasilia-1702-851941-339336-0,-1.0,-15.890422,-47.799681,,,,2,2023-06-16T21:10:54+00:00
BRA_229598,Brasília,5300108,,Pioneira,0.195,https://moovitapp.com/index/pt-br/transporte_p%C3%BAblico-line-0_195-Brasilia-1702-851941-242845-0,-1.0,-15.874093,-47.82318,,,,2,2023-06-16T21:10:02+00:00
BRA_228818,Brasília,5300108,,Pioneira,0.780,https://moovitapp.com/index/pt-br/transporte_p%C3%BAblico-line-0_780-Brasilia-1702-851941-514537-0,-1.0,-15.79411,-47.881837,,,,2,2023-06-16T21:10:22+00:00
BRA_232131,Brasília,5300108,,Urbi,206.2,https://moovitapp.com/index/pt-br/transporte_p%C3%BAblico-line-206_2-Brasilia-1702-851595-781328-0,-1.0,-15.985179,-48.118523,,,,2,2023-06-16T21:07:32+00:00
BRA_223603,Brasília,5300108,,Pioneira,2307,https://moovitapp.com/index/pt-br/transporte_p%C3%BAblico-line-2307-Brasilia-1702-851941-18556638-0,-1.0,-15.8042,-47.924053,,,,2,2023-06-16T21:11:12+00:00
BRA_228672,Brasília,5300108,,Pioneira,3308,https://moovitapp.com/index/pt-br/transporte_p%C3%BAblico-line-3308-Brasilia-1702-851941-577772-0,-1.0,-16.030158,-48.033048,,,,1,2023-06-16T21:10:10+00:00
BRA_228354,Brasília,5300108,,Pioneira,0.258,https://moovitapp.com/index/pt-br/transporte_p%C3%BAblico-line-0_258-Brasilia-1702-851941-242863-0,-1.0,-15.870417,-47.968221,,,,2,2023-06-16T20:32:02+00:00
BRA_227315,Brasília,5300108,,Pioneira,0.225,https://moovitapp.com/index/pt-br/transporte_p%C3%BAblico-line-0_225-Brasilia-1702-851941-510253-0,-1.0,-15.9139,-48.050379,,,,2,2023-06-16T21:10:34+00:00
BRA_232572,Brasília,5300108,,Pioneira,2306,https://moovitapp.com/index/pt-br/transporte_p%C3%BAblico-line-2306-Brasilia-1702-851941-18556641-0,-1.0,-15.975811,-47.990194,,,,2,2023-06-16T21:11:02+00:00
BRA_231851,Brasília,5300108,,Pioneira,180.1,https://moovitapp.com/index/pt-br/transporte_p%C3%BAblico-line-180_1-Brasilia-1702-851941-339336-0,-1.0,-15.857323,-47.818246,,,,2,2023-06-16T21:11:04+00:00
BRA_227757,Brasília,5300108,,Pioneira,0.784,https://moovitapp.com/index/pt-br/transporte_p%C3%BAblico-line-0_784-Brasilia-1702-851941-372405-0,-1.0,-15.762973,-47.788829,,,,1,2023-06-16T21:10:44+00:00
BRA_228826,Brasília,5300108,,Pioneira,147.2,https://moovitapp.com/index/pt-br/transporte_p%C3%BAblico-line-147_2-Brasilia-1702-851941-519403-0,-1.0,-15.901182,-47.772883,,,,2,2023-06-16T20:41:16+00:00
BRA_229318,Brasília,5300108,,Pioneira,100.2,https://moovitapp.com/index/pt-br/transporte_p%C3%BAblico-line-100_2-Brasilia-1702-851941-620160-0,-1.0,-15.763327,-47.780462,,,,1,2023-06-16T21:10:20+00:00
BRA_226921,Brasília,5300108,,Pioneira,101.8,https://moovitapp.com/index/pt-br/transporte_p%C3%BAblico-line-101_8-Brasilia-1702-851941-663231-0,-1.0,-15.743877,-47.760155,,,,2,2023-06-16T21:03:38+00:00
BRA_227722,Brasília,5300108,,Pioneira,197.1,https://moovitapp.com/index/pt-br/transporte_p%C3%BAblico-line-197_1-Brasilia-1702-851941-519408-0,-1.0,-15.850978,-47.848548,,,,2,2023-06-16T21:10:56+00:00
BRA_226246,Brasília,5300108,,,2201,,,-15.793602,-47.883013,,,,2,2023-06-16T21:11:00+00:00
BRA_227421,Brasília,5300108,,Pioneira,147.4,https://moovitapp.com/index/pt-br/transporte_p%C3%BAblico-line-147_4-Brasilia-1702-851941-574204-0,-1.0,-15.786126,-47.873744,,,,2,2023-06-16T21:10:16+00:00
BRA_227927,Brasília,5300108,,Pioneira,2307,https://moovitapp.com/index/pt-br/transporte_p%C3%BAblico-line-2307-Brasilia-1702-851941-18556638-0,-1.0,-15.801338,-47.918662,,,,2,2023-06-16T21:11:24+00:00
BRA_226564,Brasília,5300108,,Pioneira,0.764,https://moovitapp.com/index/pt-br/transporte_p%C3%BAblico-line-0_764-Brasilia-1702-851941-516641-0,-1.0,-15.785373,-47.777302,,,,2,2023-06-16T21:11:02+00:00
BRA_232611,Brasília,5300108,,UTB,2303,https://moovitapp.com/index/pt-br/transporte_p%C3%BAblico-line-2303-Brasilia-1702-854427-744299-0,-1.0,-15.831238,-47.928745,,,,1,2023-06-16T21:10:56+00:00
BRA_232548,Brasília,5300108,,Pioneira,2306,https://moovitapp.com/index/pt-br/transporte_p%C3%BAblico-line-2306-Brasilia-1702-851941-18556641-0,-1.0,-15.736356,-47.899111,,,,1,2023-06-16T21:11:02+00:00
BRA_232416,Brasília,5300108,,Pioneira,3308,https://moovitapp.com/index/pt-br/transporte_p%C3%BAblico-line-3308-Brasilia-1702-851941-577772-0,-1.0,-16.048024,-47.967814,,,,1,2023-06-16T21:11:40+00:00
BRA_231878,Brasília,5300108,,Pioneira,180.0,https://moovitapp.com/index/pt-br/transporte_p%C3%BAblico-line-180_0-Brasilia-1702-851941-77097780-0,-1.0,-15.867408,-47.821641,,,,2,2023-06-16T21:11:10+00:00
BRA_226416,Brasília,5300108,,Pioneira,100.4,https://moovitapp.com/index/pt-br/transporte_p%C3%BAblico-line-100_4-Brasilia-1702-851941-514538-0,-1.0,-15.809048,-47.948467,,,,2,2023-06-16T21:10:00+00:00
BRA_226751,Brasília,5300108,,Pioneira,0.765,https://moovitapp.com/index/pt-br/transporte_p%C3%BAblico-line-0_765-Brasilia-1702-851941-576190-0,-1.0,-15.817658,-47.913188,,,,1,2023-06-16T21:10:24+00:00
BRA_227196,Brasília,5300108,,Pioneira,147.9,https://moovitapp.com/index/pt-br/transporte_p%C3%BAblico-line-147_9-Brasilia-1702-851941-519407-0,-1.0,-15.760721,-47.866776,,,,2,2023-06-16T21:11:40+00:00
BRA_231576,Brasília,5300108,,Pioneira,0.102,https://moovitapp.com/index/pt-br/transporte_p%C3%BAblico-line-0_102-Brasilia-1702-851941-775119-0,-1.0,-15.836058,-47.916252,,,,1,2023-06-16T21:11:04+00:00
BRA_223808,Brasília,5300108,,Pioneira,2211,https://moovitapp.com/index/pt-br/transporte_p%C3%BAblico-line-2211-Brasilia-1702-851941-57764371-0,-1.0,-15.819832,-47.950228,,,,1,2023-06-16T21:11:12+00:00
BRA_228150,Brasília,5300108,,Pioneira,183.6,https://moovitapp.com/index/pt-br/transporte_p%C3%BAblico-line-183_6-Brasilia-1702-851941-242921-0,-1.0,-15.913583,-47.757319,,,,1,2023-06-16T21:11:04+00:00
BRA_232114,Brasília,5300108,,Pioneira,181.4,https://moovitapp.com/index/pt-br/transporte_p%C3%BAblico-line-181_4-Brasilia-1702-851941-775126-0,-1.0,-15.841235,-47.869249,,,,2,2023-06-16T21:10:50+00:00
BRA_229415,Brasília,5300108,,Pioneira,0.253,https://moovitapp.com/index/pt-br/transporte_p%C3%BAblico-line-0_253-Brasilia-1702-851941-510254-0,-1.0,-15.805326,-48.122128,,,,2,2023-06-16T21:10:44+00:00
BRA_229342,Brasília,5300108,,Pioneira,100.2,https://moovitapp.com/index/pt-br/transporte_p%C3%BAblico-line-100_2-Brasilia-1702-851941-620160-0,-1.0,-15.825218,-47.900714,,,,1,2023-06-16T21:10:42+00:00
BRA_227226,Brasília,5300108,,Pioneira,170.4,https://moovitapp.com/index/pt-br/transporte_p%C3%BAblico-line-170_4-Brasilia-1702-851941-379787-0,-1.0,-15.898314,-47.782261,,,,1,2023-06-16T21:10:14+00:00
BRA_229776,Brasília,5300108,,Pioneira,147.5,https://moovitapp.com/index/pt-br/transporte_p%C3%BAblico-line-147_5-Brasilia-1702-851941-519406-0,-1.0,-15.902894,-47.772095,,,,2,2023-06-16T21:09:40+00:00
BRA_226858,Brasília,5300108,,Pioneira,0.101,https://moovitapp.com/index/pt-br/transporte_p%C3%BAblico-line-0_101-Brasilia-1702-851941-587082-0,-1.0,-15.748164,-47.896117,,,,1,2023-06-16T21:12:10+00:00
BRA_231550,Brasília,5300108,,Pioneira,0.030,https://moovitapp.com/index/pt-br/transporte_p%C3%BAblico-line-0_030-Brasilia-1702-851941-775118-0,-1.0,-15.740272,-47.89379,,,,1,2023-06-16T21:10:30+00:00
BRA_231436,Brasília,5300108,,Pioneira,183.0,https://moovitapp.com/index/pt-br/transporte_p%C3%BAblico-line-183_0-Brasilia-1702-851941-26502248-0,-1.0,-15.913378,-47.759265,,,,1,2023-06-16T21:10:58+00:00
BRA_231622,Brasília,5300108,,Pioneira,0.102,https://moovitapp.com/index/pt-br/transporte_p%C3%BAblico-line-0_102-Brasilia-1702-851941-775119-0,-1.0,-15.856349,-47.918248,,,,1,2023-06-16T21:10:28+00:00
BRA_228575,Brasília,5300108,,Pioneira,0.255,https://moovitapp.com/index/pt-br/transporte_p%C3%BAblico-line-0_255-Brasilia-1702-851941-706978-0,-1.0,-16.015341,-48.015106,,,,1,2023-06-14T10:14:20+00:00
BRA_229709,Brasília,5300108,,Pioneira,147.5,https://moovitapp.com/index/pt-br/transporte_p%C3%BAblico-line-147_5-Brasilia-1702-851941-519406-0,-1.0,-15.853914,-47.81721,,,,2,2023-06-16T21:10:52+00:00
BRA_228095,Brasília,5300108,,Pioneira,0.147,https://moovitapp.com/index/pt-br/transporte_p%C3%BAblico-line-0_147-Brasilia-1702-851941-519401-0,-1.0,-15.795107,-47.875727,,,,1,2023-06-16T21:10:54+00:00
BRA_232211,Brasília,5300108,,Pioneira,205.1,https://moovitapp.com/index/pt-br/transporte_p%C3%BAblico-line-205_1-Brasilia-1702-851941-393571-0,-1.0,-16.005226,-48.080624,,,,1,2023-06-16T21:11:12+00:00
BRA_223930,Brasília,5300108,,Pioneira,2306,https://moovitapp.com/index/pt-br/transporte_p%C3%BAblico-line-2306-Brasilia-1702-851941-18556641-0,-1.0,-15.747285,-47.896384,,,,2,2023-06-16T21:10:56+00:00
BRA_223930,Brasília,5300108,,Pioneira,2306,https://moovitapp.com/index/pt-br/transporte_p%C3%BAblico-line-2306-Brasilia-1702-851941-18556641-0,-1.0,-15.795288,-47.883077,,,,1,2023-06-16T20:31:08+00:00
BRA_223930,Brasília,5300108,,Pioneira,2207,https://moovitapp.com/index/pt-br/transporte_p%C3%BAblico-line-2207-Brasilia-1702-851941-422078-0,-1.0,-15.763694,-47.890859,,,,1,2023-06-14T12:55:10+00:00
BRA_229504,Brasília,5300108,,Pioneira,0.780,https://moovitapp.com/index/pt-br/transporte_p%C3%BAblico-line-0_780-Brasilia-1702-851941-514537-0,-1.0,-15.796309,-47.87855,,,,2,2023-06-14T19:24:22+00:00
BRA_226572,Brasília,5300108,,Urbi,0.129,https://moovitapp.com/index/pt-br/transporte_p%C3%BAblico-line-0_129-Brasilia-1702-851595-775097-0,-1.0,-15.865504,-47.936483,,,,1,2023-06-16T21:11:20+00:00
BRA_229881,Brasília,5300108,,Pioneira,147.3,https://moovitapp.com/index/pt-br/transporte_p%C3%BAblico-line-147_3-Brasilia-1702-851941-574203-0,-1.0,-15.849312,-47.875543,,,,2,2023-06-16T21:11:18+00:00
BRA_226831,Brasília,5300108,,Urbi,0.129,https://moovitapp.com/index/pt-br/transporte_p%C3%BAblico-line-0_129-Brasilia-1702-851595-775097-0,-1.0,-15.871798,-47.958017,,,,1,2023-06-15T19:41:04+00:00
BRA_226831,Brasília,5300108,,Urbi,0.129,https://moovitapp.com/index/pt-br/transporte_p%C3%BAblico-line-0_129-Brasilia-1702-851595-775097-0,-1.0,-15.835128,-47.823561,,,,1,2023-06-16T20:38:16+00:00
BRA_228842,Brasília,5300108,,Pioneira,147.5,https://moovitapp.com/index/pt-br/transporte_p%C3%BAblico-line-147_5-Brasilia-1702-851941-519406-0,-1.0,-15.90229,-47.770238,,,,2,2023-06-16T21:10:36+00:00
BRA_226645,Brasília,5300108,,Pioneira,2206,https://moovitapp.com/index/pt-br/transporte_p%C3%BAblico-line-2206-Brasilia-1702-851941-18556637-0,-1.0,-15.736804,-47.898965,,,,1,2023-06-16T21:10:50+00:00
BRA_232033,Brasília,5300108,,Pioneira,197.5,https://moovitapp.com/index/pt-br/transporte_p%C3%BAblico-line-197_5-Brasilia-1702-851941-492988-0,-1.0,-15.794714,-47.882187,,,,2,2023-06-16T21:10:22+00:00
BRA_231371,Brasília,5300108,,Pioneira,3209,https://moovitapp.com/index/pt-br/transporte_p%C3%BAblico-line-3209-Brasilia-1702-851941-705116-0,-1.0,-16.021048,-48.07604,,,,1,2023-06-16T21:11:20+00:00
BRA_232637,Brasília,5300108,,Pioneira,2206,https://moovitapp.com/index/pt-br/transporte_p%C3%BAblico-line-2206-Brasilia-1702-851941-18556637-0,-1.0,-15.786268,-47.887744,,,,1,2023-06-16T21:11:18+00:00
BRA_229547,Brasília,5300108,,Pioneira,180.5,https://moovitapp.com/index/pt-br/transporte_p%C3%BAblico-line-180_5-Brasilia-1702-851941-58708318-0,-1.0,-15.814835,-47.909328,,,,2,2023-06-16T21:10:20+00:00
BRA_228796,Brasília,5300108,,Pioneira,199.1,https://moovitapp.com/index/pt-br/transporte_p%C3%BAblico-line-199_1-Brasilia-1702-851941-770034-0,-1.0,-15.856473,-47.86024,,,,2,2023-06-16T21:10:36+00:00
BRA_225754,Brasília,5300108,,Pioneira,0.761,https://moovitapp.com/index/pt-br/transporte_p%C3%BAblico-line-0_761-Brasilia-1702-851941-605389-0,-1.0,-15.830094,-47.826804,,,,2,2023-06-16T21:11:00+00:00
BRA_223891,Brasília,5300108,,Pioneira,2310,https://moovitapp.com/index/pt-br/transporte_p%C3%BAblico-line-2310-Brasilia-1702-851941-57764377-0,-1.0,-15.880691,-47.959962,,,,2,2023-06-16T21:10:26+00:00
BRA_223972,Brasília,5300108,,Pioneira,2310,https://moovitapp.com/index/pt-br/transporte_p%C3%BAblico-line-2310-Brasilia-1702-851941-57764377-0,-1.0,-15.800387,-47.967617,,,,2,2023-06-16T21:11:02+00:00
BRA_229296,Brasília,5300108,,Pioneira,3317,https://moovitapp.com/index/pt-br/transporte_p%C3%BAblico-line-3317-Brasilia-1702-851941-62597813-0,-1.0,-16.048704,-48.029653,,,,1,2023-06-16T21:10:24+00:00
BRA_228427,Brasília,5300108,,,3206,,,-16.005789,-48.081724,,,,1,2023-06-16T21:10:26+00:00
BRA_229636,Brasília,5300108,,Pioneira,100.8,https://moovitapp.com/index/pt-br/transporte_p%C3%BAblico-line-100_8-Brasilia-1702-851941-576191-0,-1.0,-15.761296,-47.780621,,,,2,2023-06-16T21:11:10+00:00
BRA_227811,Brasília,5300108,,Pioneira,180.1,https://moovitapp.com/index/pt-br/transporte_p%C3%BAblico-line-180_1-Brasilia-1702-851941-339336-0,-1.0,-15.838566,-47.824763,,,,1,2023-06-16T21:11:18+00:00
BRA_232092,Brasília,5300108,,Pioneira,181.2,https://moovitapp.com/index/pt-br/transporte_p%C3%BAblico-line-181_2-Brasilia-1702-851941-339338-0,-1.0,-15.90989,-47.75449,,,,1,2023-06-16T21:10:50+00:00
BRA_226254,Brasília,5300108,,,2202,,,-15.894922,-47.961933,,,,1,2023-06-16T21:10:52+00:00
BRA_229067,Brasília,5300108,,Pioneira,251.8,https://moovitapp.com/index/pt-br/transporte_p%C3%BAblico-line-251_8-Brasilia-1702-851941-708654-0,-1.0,-16.016804,-48.05319,,,,1,2023-06-16T21:11:36+00:00
BRA_228486,Brasília,5300108,,Pioneira,2310,https://moovitapp.com/index/pt-br/transporte_p%C3%BAblico-line-2310-Brasilia-1702-851941-57764377-0,-1.0,-15.81377,-47.948715,,,,1,2023-06-16T21:11:50+00:00
BRA_226033,Brasília,5300108,,UTB,2303,https://moovitapp.com/index/pt-br/transporte_p%C3%BAblico-line-2303-Brasilia-1702-854427-744299-0,-1.0,-15.919716,-47.973193,,,,1,2023-06-16T21:10:14+00:00
BRA_228745,Brasília,5300108,,Pioneira,180.5,https://moovitapp.com/index/pt-br/transporte_p%C3%BAblico-line-180_5-Brasilia-1702-851941-58708318-0,-1.0,-15.854678,-47.817426,,,,2,2023-06-16T21:10:18+00:00
BRA_229130,Brasília,5300108,,Pioneira,0.102,https://moovitapp.com/index/pt-br/transporte_p%C3%BAblico-line-0_102-Brasilia-1702-851941-775119-0,-1.0,-15.827746,-47.927601,,,,1,2023-06-16T21:10:20+00:00
BRA_227463,Brasília,5300108,,Pioneira,194.1,https://moovitapp.com/index/pt-br/transporte_p%C3%BAblico-line-194_1-Brasilia-1702-851941-242923-0,-1.0,-15.825712,-47.924339,,,,2,2023-06-16T21:10:30+00:00
BRA_229750,Brasília,5300108,,Pioneira,780.1,https://moovitapp.com/index/pt-br/transporte_p%C3%BAblico-line-780_1-Brasilia-1702-851941-531040-0,-1.0,-15.72454,-47.846348,,,,1,2023-06-16T21:10:52+00:00
BRA_226530,Brasília,5300108,,Pioneira,0.765,https://moovitapp.com/index/pt-br/transporte_p%C3%BAblico-line-0_765-Brasilia-1702-851941-576190-0,-1.0,-15.830801,-47.901814,,,,1,2023-06-16T21:10:56+00:00
BRA_228362,Brasília,5300108,,Pioneira,0.275,https://moovitapp.com/index/pt-br/transporte_p%C3%BAblico-line-0_275-Brasilia-1702-851941-706979-0,-1.0,-15.972721,-48.014998,,,,2,2023-06-16T21:10:42+00:00
BRA_226378,Brasília,5300108,,Pioneira,2205,https://moovitapp.com/index/pt-br/transporte_p%C3%BAblico-line-2205-Brasilia-1702-851941-393568-0,-1.0,-15.814999,-47.909894,,,,2,2023-06-16T21:10:28+00:00
BRA_231908,Brasília,5300108,,Pioneira,180.0,https://moovitapp.com/index/pt-br/transporte_p%C3%BAblico-line-180_0-Brasilia-1702-851941-77097780-0,-1.0,-15.794133,-47.881939,,,,1,2023-06-16T21:10:26+00:00
BRA_226157,Brasília,5300108,,UTB,2302,https://moovitapp.com/index/pt-br/transporte_p%C3%BAblico-line-2302-Brasilia-1702-854427-744298-0,-1.0,-15.811788,-47.89351,,,,1,2023-06-16T21:10:58+00:00
BRA_228460,Brasília,5300108,,Pioneira,147.6,https://moovitapp.com/index/pt-br/transporte_p%C3%BAblico-line-147_6-Brasilia-1702-851941-516646-0,-1.0,-15.851641,-47.847511,,,,2,2023-06-16T21:10:42+00:00
BRA_223751,Brasília,5300108,,Pioneira,2306,https://moovitapp.com/index/pt-br/transporte_p%C3%BAblico-line-2306-Brasilia-1702-851941-18556641-0,-1.0,-15.863806,-47.939916,,,,1,2023-06-16T21:11:08+00:00
BRA_227994,Brasília,5300108,,Pioneira,180.0,https://moovitapp.com/index/pt-br/transporte_p%C3%BAblico-line-180_0-Brasilia-1702-851941-77097780-0,-1.0,-15.814735,-47.840009,,,,1,2023-06-16T21:10:34+00:00
BRA_231720,Brasília,5300108,,Pioneira,0.780,https://moovitapp.com/index/pt-br/transporte_p%C3%BAblico-line-0_780-Brasilia-1702-851941-514537-0,-1.0,-15.794158,-47.781809,,,,2,2023-06-16T21:11:22+00:00
BRA_228087,Brasília,5300108,,Taguatur,2301,https://moovitapp.com/index/pt-br/transporte_p%C3%BAblico-line-2301-Brasilia-1702-854428-81537943-0,-1.0,-15.918199,-47.97215,,,,1,2023-06-16T21:11:42+00:00
BRA_227048,Brasília,5300108,,Pioneira,2212,https://moovitapp.com/index/pt-br/transporte_p%C3%BAblico-line-2212-Brasilia-1702-851941-69031052-0,-1.0,-15.858938,-47.935529,,,,1,2023-06-16T21:10:56+00:00
BRA_223760,Brasília,5300108,,Pioneira,2210,https://moovitapp.com/index/pt-br/transporte_p%C3%BAblico-line-2210-Brasilia-1702-851941-57764370-0,-1.0,-15.800096,-47.946878,,,,2,2023-06-16T21:10:52+00:00
BRA_230006,Brasília,5300108,,,3204,,,-15.999142,-48.059166,,,,1,2023-06-16T21:11:02+00:00
BRA_232271,Brasília,5300108,,Pioneira,205.1,https://moovitapp.com/index/pt-br/transporte_p%C3%BAblico-line-205_1-Brasilia-1702-851941-393571-0,-1.0,-15.996259,-48.055389,,,,1,2023-06-16T21:11:58+00:00
BRA_226351,Brasília,5300108,,,2201,,,-15.863256,-47.939293,,,,2,2023-06-16T21:11:10+00:00
BRA_226106,Brasília,5300108,,UTB,2302,https://moovitapp.com/index/pt-br/transporte_p%C3%BAblico-line-2302-Brasilia-1702-854427-744298-0,-1.0,-15.815992,-47.900536,,,,2,2023-06-16T21:11:40+00:00
BRA_228273,Brasília,5300108,,Pioneira,180.6,https://moovitapp.com/index/pt-br/transporte_p%C3%BAblico-line-180_6-Brasilia-1702-851941-58708319-0,-1.0,-15.841726,-47.82262,,,,2,2023-06-16T21:10:56+00:00
BRA_229041,Brasília,5300108,,UTB,2303,https://moovitapp.com/index/pt-br/transporte_p%C3%BAblico-line-2303-Brasilia-1702-854427-744299-0,-1.0,-15.824231,-47.922349,,,,1,2023-06-16T21:11:00+00:00
BRA_231673,Brasília,5300108,,Pioneira,760.1,https://moovitapp.com/index/pt-br/transporte_p%C3%BAblico-line-760_1-Brasilia-1702-851941-576193-0,-1.0,-15.781275,-47.795231,,,,1,2023-06-16T21:11:30+00:00
BRA_226700,Brasília,5300108,,Pioneira,163.1,https://moovitapp.com/index/pt-br/transporte_p%C3%BAblico-line-163_1-Brasilia-1702-851941-242911-0,-1.0,-15.8448,-47.94106,,,,2,2023-06-16T00:12:20+00:00
BRA_229661,Brasília,5300108,,Pioneira,100.3,https://moovitapp.com/index/pt-br/transporte_p%C3%BAblico-line-100_3-Brasilia-1702-851941-419631-0,-1.0,-15.845207,-47.895392,,,,1,2023-06-16T21:10:58+00:00
BRA_229504,Brasília,5300108,,Pioneira,0.780,https://moovitapp.com/index/pt-br/transporte_p%C3%BAblico-line-0_780-Brasilia-1702-851941-514537-0,-1.0,-15.741463,-47.890834,,,,1,2023-06-16T21:11:36+00:00
BRA_232157,Brasília,5300108,,Pioneira,205.1,https://moovitapp.com/index/pt-br/transporte_p%C3%BAblico-line-205_1-Brasilia-1702-851941-393571-0,-1.0,-15.874221,-48.037746,,,,2,2023-06-16T21:11:10+00:00
BRA_229504,Brasília,5300108,,Pioneira,0.780,https://moovitapp.com/index/pt-br/transporte_p%C3%BAblico-line-0_780-Brasilia-1702-851941-514537-0,-1.0,-15.752327,-47.763899,,,,1,2023-06-15T20:32:26+00:00
BRA_227340,Brasília,5300108,,Pioneira,180.0,https://moovitapp.com/index/pt-br/transporte_p%C3%BAblico-line-180_0-Brasilia-1702-851941-77097780-0,-1.0,-15.902934,-47.766589,,,,1,2023-06-16T21:10:38+00:00
BRA_232424,Brasília,5300108,,Taguatur,3306,https://moovitapp.com/index/pt-br/transporte_p%C3%BAblico-line-3306-Brasilia-1702-854428-755287-0,-1.0,-16.003875,-47.986964,,,,1,2023-06-16T21:11:16+00:00
BRA_225649,Brasília,5300108,,,2202,,,-15.990842,-48.048345,,,,2,2023-06-16T21:11:18+00:00
BRA_226408,Brasília,5300108,,UTB,2302,https://moovitapp.com/index/pt-br/transporte_p%C3%BAblico-line-2302-Brasilia-1702-854427-744298-0,-1.0,-15.793676,-47.882924,,,,1,2023-06-16T21:10:52+00:00
BRA_225606,Brasília,5300108,,Taguatur,2301,https://moovitapp.com/index/pt-br/transporte_p%C3%BAblico-line-2301-Brasilia-1702-854428-81537943-0,-1.0,-15.793951,-47.882645,,,,1,2023-06-16T18:39:34+00:00
BRA_229580,Brasília,5300108,,,3202,,,-16.033201,-48.05818,,,,1,2023-06-16T21:11:02+00:00
BRA_226769,Brasília,5300108,,Pioneira,100.8,https://moovitapp.com/index/pt-br/transporte_p%C3%BAblico-line-100_8-Brasilia-1702-851941-576191-0,-1.0,-15.834858,-47.823288,,,,1,2023-06-16T21:11:26+00:00
BRA_232343,Brasília,5300108,,Pioneira,0.255,https://moovitapp.com/index/pt-br/transporte_p%C3%BAblico-line-0_255-Brasilia-1702-851941-706978-0,-1.0,-15.808177,-48.091235,,,,2,2023-06-16T21:11:28+00:00
BRA_227277,Brasília,5300108,,Pioneira,147.5,https://moovitapp.com/index/pt-br/transporte_p%C3%BAblico-line-147_5-Brasilia-1702-851941-519406-0,-1.0,-15.873675,-47.823167,,,,2,2023-06-16T21:10:20+00:00
BRA_232173,Brasília,5300108,,Pioneira,124.6,https://moovitapp.com/index/pt-br/transporte_p%C3%BAblico-line-124_6-Brasilia-1702-851941-425282-0,-1.0,-15.802464,-47.950871,,,,1,2023-06-16T21:11:26+00:00
BRA_225550,Brasília,5300108,,Pioneira,2205,https://moovitapp.com/index/pt-br/transporte_p%C3%BAblico-line-2205-Brasilia-1702-851941-393568-0,-1.0,-15.790744,-47.895863,,,,1,2023-06-16T21:11:18+00:00
BRA_229695,Brasília,5300108,,Pioneira,124.6,https://moovitapp.com/index/pt-br/transporte_p%C3%BAblico-line-124_6-Brasilia-1702-851941-425282-0,-1.0,-15.843674,-47.85104,,,,1,2023-06-16T21:11:18+00:00
BRA_229237,Brasília,5300108,,Pioneira,100.6,https://moovitapp.com/index/pt-br/transporte_p%C3%BAblico-line-100_6-Brasilia-1702-851941-767605-0,-1.0,-15.794706,-47.853202,,,,2,2023-06-16T21:11:08+00:00
BRA_226483,Brasília,5300108,,Pioneira,0.756,https://moovitapp.com/index/pt-br/transporte_p%C3%BAblico-line-0_756-Brasilia-1702-851941-789940-0,-1.0,-15.808175,-47.931447,,,,2,2023-06-16T21:11:28+00:00
BRA_226866,Brasília,5300108,,Pioneira,183.6,https://moovitapp.com/index/pt-br/transporte_p%C3%BAblico-line-183_6-Brasilia-1702-851941-242921-0,-1.0,-15.889316,-47.803413,,,,1,2023-06-16T21:11:02+00:00
BRA_229466,Brasília,5300108,,Pioneira,181.2,https://moovitapp.com/index/pt-br/transporte_p%C3%BAblico-line-181_2-Brasilia-1702-851941-339338-0,-1.0,-15.847321,-47.874354,,,,1,2023-06-16T21:09:20+00:00
BRA_227978,Brasília,5300108,,Pioneira,147.6,https://moovitapp.com/index/pt-br/transporte_p%C3%BAblico-line-147_6-Brasilia-1702-851941-516646-0,-1.0,-15.865517,-47.820694,,,,1,2023-06-16T21:10:36+00:00
BRA_225631,Brasília,5300108,,UTB,2303,https://moovitapp.com/index/pt-br/transporte_p%C3%BAblico-line-2303-Brasilia-1702-854427-744299-0,-1.0,-15.807799,-47.900542,,,,2,2023-06-16T20:49:12+00:00
BRA_227706,Brasília,5300108,,Pioneira,147.2,https://moovitapp.com/index/pt-br/transporte_p%C3%BAblico-line-147_2-Brasilia-1702-851941-519403-0,-1.0,-15.912306,-47.756454,,,,1,2023-06-16T21:11:16+00:00
BRA_226319,Brasília,5300108,,,2201,,,-15.830016,-47.918865,,,,2,2023-06-16T21:10:30+00:00
BRA_228231,Brasília,5300108,,,3204,,,-16.016727,-48.05441,,,,1,2023-06-16T21:11:10+00:00
BRA_227510,Brasília,5300108,,Pioneira,196.2,https://moovitapp.com/index/pt-br/transporte_p%C3%BAblico-line-196_2-Brasilia-1702-851941-242925-0,-1.0,-15.81154,-47.845725,,,,2,2023-06-16T21:11:40+00:00
BRA_226327,Brasília,5300108,,,2202,,,-15.810912,-47.894667,,,,2,2023-06-16T21:10:14+00:00
BRA_226289,Brasília,5300108,,UTB,2303,https://moovitapp.com/index/pt-br/transporte_p%C3%BAblico-line-2303-Brasilia-1702-854427-744299-0,-1.0,-15.78687,-47.894413,,,,2,2023-06-16T20:21:20+00:00
BRA_228711,Brasília,5300108,,Pioneira,0.253,https://moovitapp.com/index/pt-br/transporte_p%C3%BAblico-line-0_253-Brasilia-1702-851941-510254-0,-1.0,-15.821894,-48.113455,,,,1,2023-06-16T21:10:48+00:00
BRA_227251,Brasília,5300108,,Pioneira,147.5,https://moovitapp.com/index/pt-br/transporte_p%C3%BAblico-line-147_5-Brasilia-1702-851941-519406-0,-1.0,-15.828377,-47.827262,,,,1,2023-06-16T21:11:06+00:00
BRA_225592,Brasília,5300108,,Taguatur,2301,https://moovitapp.com/index/pt-br/transporte_p%C3%BAblico-line-2301-Brasilia-1702-854428-81537943-0,-1.0,-15.863647,-47.939713,,,,1,2023-06-16T21:11:10+00:00
BRA_227943,Brasília,5300108,,Pioneira,147.2,https://moovitapp.com/index/pt-br/transporte_p%C3%BAblico-line-147_2-Brasilia-1702-851941-519403-0,-1.0,-15.836501,-47.933793,,,,1,2023-06-16T21:10:38+00:00
BRA_229334,Brasília,5300108,,Pioneira,147.4,https://moovitapp.com/index/pt-br/transporte_p%C3%BAblico-line-147_4-Brasilia-1702-851941-574204-0,-1.0,-15.902109,-47.777162,,,,1,2023-06-16T21:10:42+00:00
BRA_223671,Brasília,5300108,,,2203,,,-15.733089,-47.889231,,,,1,2023-06-16T21:11:02+00:00
BRA_226726,Brasília,5300108,,Pioneira,2208,https://moovitapp.com/index/pt-br/transporte_p%C3%BAblico-line-2208-Brasilia-1702-851941-18556642-0,-1.0,-15.788382,-47.905488,,,,1,2023-06-16T21:10:54+00:00
BRA_232408,Brasília,5300108,,Pioneira,020.2,https://moovitapp.com/index/pt-br/transporte_p%C3%BAblico-line-020_2-Brasilia-1702-851941-708653-0,-1.0,-15.994693,-47.997931,,,,1,2023-06-16T21:10:54+00:00
BRA_232238,Brasília,5300108,,Pioneira,205.1,https://moovitapp.com/index/pt-br/transporte_p%C3%BAblico-line-205_1-Brasilia-1702-851941-393571-0,-1.0,-15.825715,-48.059821,,,,2,2023-06-16T21:11:18+00:00
BRA_229679,Brasília,5300108,,Pioneira,190.2,https://moovitapp.com/index/pt-br/transporte_p%C3%BAblico-line-190_2-Brasilia-1702-851941-138553357-0,-1.0,-15.913603,-47.757618,,,,1,2023-06-16T21:11:20+00:00
BRA_231819,Brasília,5300108,,Pioneira,180.0,https://moovitapp.com/index/pt-br/transporte_p%C3%BAblico-line-180_0-Brasilia-1702-851941-77097780-0,-1.0,-15.913297,-47.757084,,,,1,2023-06-16T21:05:20+00:00
BRA_232289,Brasília,5300108,,Pioneira,205.1,https://moovitapp.com/index/pt-br/transporte_p%C3%BAblico-line-205_1-Brasilia-1702-851941-393571-0,-1.0,-15.867589,-48.031999,,,,1,2023-06-16T21:10:52+00:00
BRA_229377,Brasília,5300108,,Pioneira,0.101,https://moovitapp.com/index/pt-br/transporte_p%C3%BAblico-line-0_101-Brasilia-1702-851941-587082-0,-1.0,-15.777648,-47.779629,,,,2,2023-06-16T21:11:16+00:00
BRA_228893,Brasília,5300108,,Pioneira,251.6,https://moovitapp.com/index/pt-br/transporte_p%C3%BAblico-line-251_6-Brasilia-1702-851941-35763436-0,-1.0,-16.005226,-47.995051,,,,1,2023-06-16T21:11:28+00:00
BRA_226041,Brasília,5300108,,Taguatur,2301,https://moovitapp.com/index/pt-br/transporte_p%C3%BAblico-line-2301-Brasilia-1702-854428-81537943-0,-1.0,-15.866125,-47.942631,,,,2,2023-06-16T21:11:10+00:00
BRA_228451,Brasília,5300108,,Pioneira,760.2,https://moovitapp.com/index/pt-br/transporte_p%C3%BAblico-line-760_2-Brasilia-1702-851941-12987664-0,-1.0,-15.756338,-47.77809,,,,2,2023-06-16T21:10:58+00:00
BRA_226661,Brasília,5300108,,Pioneira,0.101,https://moovitapp.com/index/pt-br/transporte_p%C3%BAblico-line-0_101-Brasilia-1702-851941-587082-0,-1.0,-15.741207,-47.898062,,,,2,2023-06-16T21:11:12+00:00
BRA_223824,Brasília,5300108,,Pioneira,2309,https://moovitapp.com/index/pt-br/transporte_p%C3%BAblico-line-2309-Brasilia-1702-851941-57764376-0,-1.0,-15.80917,-47.948493,,,,2,2023-06-16T21:11:10+00:00
BRA_226807,Brasília,5300108,,,2202,,,-15.793864,-47.882613,,,,1,2023-06-16T21:10:46+00:00
BRA_228931,Brasília,5300108,,Pioneira,0.275,https://moovitapp.com/index/pt-br/transporte_p%C3%BAblico-line-0_275-Brasilia-1702-851941-706979-0,-1.0,-15.809566,-48.090485,,,,2,2023-06-16T21:12:00+00:00
BRA_226475,Brasília,5300108,,Pioneira,0.762,https://moovitapp.com/index/pt-br/transporte_p%C3%BAblico-line-0_762-Brasilia-1702-851941-576189-0,-1.0,-15.758996,-47.77968,,,,2,2023-06-16T21:10:40+00:00
BRA_227731,Brasília,5300108,,Pioneira,180.1,https://moovitapp.com/index/pt-br/transporte_p%C3%BAblico-line-180_1-Brasilia-1702-851941-339336-0,-1.0,-15.801911,-47.85406,,,,2,2023-06-16T21:10:58+00:00
BRA_226131,Brasília,5300108,,UTB,2302,https://moovitapp.com/index/pt-br/transporte_p%C3%BAblico-line-2302-Brasilia-1702-854427-744298-0,-1.0,-16.023238,-48.027396,,,,1,2023-06-16T21:10:34+00:00
BRA_226785,Brasília,5300108,,Urbi,0.129,https://moovitapp.com/index/pt-br/transporte_p%C3%BAblico-line-0_129-Brasilia-1702-851595-775097-0,-1.0,-15.857808,-47.922941,,,,2,2023-06-15T10:14:04+00:00
BRA_228541,Brasília,5300108,,Pioneira,0.195,https://moovitapp.com/index/pt-br/transporte_p%C3%BAblico-line-0_195-Brasilia-1702-851941-242845-0,-1.0,-15.799623,-47.877565,,,,2,2023-06-16T21:11:00+00:00
BRA_229407,Brasília,5300108,,,3301,,,-16.009305,-47.986093,,,,1,2023-06-16T21:11:02+00:00
BRA_232106,Brasília,5300108,,Pioneira,170.4,https://moovitapp.com/index/pt-br/transporte_p%C3%BAblico-line-170_4-Brasilia-1702-851941-379787-0,-1.0,-15.889942,-47.801182,,,,1,2023-06-16T21:10:46+00:00
BRA_232505,Brasília,5300108,,Pioneira,3315,https://moovitapp.com/index/pt-br/transporte_p%C3%BAblico-line-3315-Brasilia-1702-851941-645997-0,-1.0,-16.038926,-48.034059,,,,1,2023-06-16T21:10:46+00:00
BRA_228982,Brasília,5300108,,Taguatur,3303,https://moovitapp.com/index/pt-br/transporte_p%C3%BAblico-line-3303-Brasilia-1702-854428-2224148-0,-1.0,-16.0492,-48.034313,,,,1,2023-06-16T21:09:52+00:00
BRA_226629,Brasília,5300108,,Pioneira,0.781,https://moovitapp.com/index/pt-br/transporte_p%C3%BAblico-line-0_781-Brasilia-1702-851941-242889-0,-1.0,-15.759034,-47.77968,,,,2,2023-06-16T21:11:10+00:00
BRA_226912,Brasília,5300108,,Pioneira,0.759,https://moovitapp.com/index/pt-br/transporte_p%C3%BAblico-line-0_759-Brasilia-1702-851941-775121-0,-1.0,-15.764249,-47.890687,,,,2,2023-06-16T20:31:02+00:00
BRA_231797,Brasília,5300108,,Pioneira,0.765,https://moovitapp.com/index/pt-br/transporte_p%C3%BAblico-line-0_765-Brasilia-1702-851941-576190-0,-1.0,-15.829042,-47.929324,,,,2,2023-06-16T21:10:42+00:00
BRA_227633,Brasília,5300108,,Pioneira,147.6,https://moovitapp.com/index/pt-br/transporte_p%C3%BAblico-line-147_6-Brasilia-1702-851941-516646-0,-1.0,-15.857059,-47.835787,,,,2,2023-06-16T21:11:10+00:00
BRA_227641,Brasília,5300108,,Pioneira,0.182,https://moovitapp.com/index/pt-br/transporte_p%C3%BAblico-line-0_182-Brasilia-1702-851941-242839-0,-1.0,-15.851474,-47.848083,,,,2,2023-06-16T21:10:04+00:00
BRA_223875,Brasília,5300108,,,2203,,,-15.797879,-47.876706,,,,2,2023-06-16T21:10:50+00:00
BRA_227242,Brasília,5300108,,Pioneira,181.2,https://moovitapp.com/index/pt-br/transporte_p%C3%BAblico-line-181_2-Brasilia-1702-851941-339338-0,-1.0,-15.913382,-47.758572,,,,1,2023-06-16T21:11:14+00:00
BRA_227358,Brasília,5300108,,Pioneira,181.6,https://moovitapp.com/index/pt-br/transporte_p%C3%BAblico-line-181_6-Brasilia-1702-851941-408473-0,-1.0,-15.852343,-47.845915,,,,1,2023-06-16T21:10:52+00:00
BRA_226891,Brasília,5300108,,Pioneira,0.780,https://moovitapp.com/index/pt-br/transporte_p%C3%BAblico-line-0_780-Brasilia-1702-851941-514537-0,-1.0,-15.757151,-47.774759,,,,1,2023-06-16T21:11:26+00:00
BRA_225673,Brasília,5300108,,Pioneira,0.764,https://moovitapp.com/index/pt-br/transporte_p%C3%BAblico-line-0_764-Brasilia-1702-851941-516641-0,-1.0,-15.8178,-47.805709,,,,2,2023-06-16T21:11:20+00:00
BRA_231690,Brasília,5300108,,Pioneira,761.1,https://moovitapp.com/index/pt-br/transporte_p%C3%BAblico-line-761_1-Brasilia-1702-851941-620161-0,-1.0,-15.834713,-47.824903,,,,2,2023-06-16T21:10:34+00:00
BRA_227528,Brasília,5300108,,,2202,,,-15.8471,-47.931581,,,,1,2023-06-16T21:10:30+00:00
BRA_232386,Brasília,5300108,,,3301,,,-16.036656,-48.020339,,,,1,2023-06-16T21:10:22+00:00
BRA_231886,Brasília,5300108,,Pioneira,181.2,https://moovitapp.com/index/pt-br/transporte_p%C3%BAblico-line-181_2-Brasilia-1702-851941-339338-0,-1.0,-15.867057,-47.821152,,,,1,2023-06-16T21:10:12+00:00
BRA_227285,Brasília,5300108,,,2202,,,-15.807819,-47.889848,,,,1,2023-06-16T21:10:58+00:00
BRA_226815,Brasília,5300108,,Pioneira,0.126,https://moovitapp.com/index/pt-br/transporte_p%C3%BAblico-line-0_126-Brasilia-1702-851941-7879579-0,-1.0,-15.914307,-47.760104,,,,1,2023-06-16T21:10:30+00:00
BRA_232378,Brasília,5300108,,Taguatur,3302,https://moovitapp.com/index/pt-br/transporte_p%C3%BAblico-line-3302-Brasilia-1702-854428-3135322-0,-1.0,-16.027081,-48.031592,,,,1,2023-06-16T21:11:06+00:00
BRA_225789,Brasília,5300108,,Pioneira,0.761,https://moovitapp.com/index/pt-br/transporte_p%C3%BAblico-line-0_761-Brasilia-1702-851941-605389-0,-1.0,-15.801314,-47.862751,,,,2,2023-06-16T21:10:54+00:00
BRA_229831,Brasília,5300108,,Pioneira,183.2,https://moovitapp.com/index/pt-br/transporte_p%C3%BAblico-line-183_2-Brasilia-1702-851941-242920-0,-1.0,-15.910374,-47.752436,,,,1,2023-06-16T21:11:08+00:00
BRA_231711,Brasília,5300108,,Pioneira,100.2,https://moovitapp.com/index/pt-br/transporte_p%C3%BAblico-line-100_2-Brasilia-1702-851941-620160-0,-1.0,-15.762817,-47.780493,,,,2,2023-06-16T21:11:18+00:00
BRA_228290,Brasília,5300108,,,3204,,,-16.021588,-48.075442,,,,1,2023-06-16T21:11:18+00:00
BRA_230146,Brasília,5300108,,Taguatur,3303,https://moovitapp.com/index/pt-br/transporte_p%C3%BAblico-line-3303-Brasilia-1702-854428-2224148-0,-1.0,-16.012153,-47.99624,,,,1,2023-06-16T21:10:50+00:00
BRA_226980,Brasília,5300108,,Urbi,0.129,https://moovitapp.com/index/pt-br/transporte_p%C3%BAblico-line-0_129-Brasilia-1702-851595-775097-0,-1.0,-15.845111,-47.895131,,,,2,2023-06-16T21:10:24+00:00
BRA_228494,Brasília,5300108,,Pioneira,251.7,https://moovitapp.com/index/pt-br/transporte_p%C3%BAblico-line-251_7-Brasilia-1702-851941-651524-0,-1.0,-16.023305,-48.070165,,,,1,2023-06-16T21:09:08+00:00
BRA_228419,Brasília,5300108,,Pioneira,147.5,https://moovitapp.com/index/pt-br/transporte_p%C3%BAblico-line-147_5-Brasilia-1702-851941-519406-0,-1.0,-15.912646,-47.756963,,,,2,2023-06-16T21:10:16+00:00
BRA_228761,Brasília,5300108,,Pioneira,251.8,https://moovitapp.com/index/pt-br/transporte_p%C3%BAblico-line-251_8-Brasilia-1702-851941-708654-0,-1.0,-16.014187,-48.014706,,,,1,2023-06-16T21:10:28+00:00
BRA_229521,Brasília,5300108,,Pioneira,2309,https://moovitapp.com/index/pt-br/transporte_p%C3%BAblico-line-2309-Brasilia-1702-851941-57764376-0,-1.0,-15.788158,-47.937252,,,,2,2023-06-16T21:11:44+00:00
BRA_232599,Brasília,5300108,,Pioneira,2307,https://moovitapp.com/index/pt-br/transporte_p%C3%BAblico-line-2307-Brasilia-1702-851941-18556638-0,-1.0,-15.896912,-47.962359,,,,2,2023-06-16T21:11:22+00:00
BRA_229725,Brasília,5300108,,Pioneira,100.2,https://moovitapp.com/index/pt-br/transporte_p%C3%BAblico-line-100_2-Brasilia-1702-851941-620160-0,-1.0,-15.809882,-47.801436,,,,2,2023-06-16T21:11:18+00:00
BRA_223786,Brasília,5300108,,Pioneira,2208,https://moovitapp.com/index/pt-br/transporte_p%C3%BAblico-line-2208-Brasilia-1702-851941-18556642-0,-1.0,-15.879889,-47.959822,,,,2,2023-06-16T21:10:24+00:00
BRA_226165,Brasília,5300108,,Taguatur,2301,https://moovitapp.com/index/pt-br/transporte_p%C3%BAblico-line-2301-Brasilia-1702-854428-81537943-0,-1.0,-15.794586,-47.883141,,,,2,2023-06-16T21:11:44+00:00
BRA_226505,Brasília,5300108,,Pioneira,761.2,https://moovitapp.com/index/pt-br/transporte_p%C3%BAblico-line-761_2-Brasilia-1702-851941-620162-0,-1.0,-15.765603,-47.779998,,,,2,2023-06-16T21:10:24+00:00
BRA_229601,Brasília,5300108,,Pioneira,784.3,https://moovitapp.com/index/pt-br/transporte_p%C3%BAblico-line-784_3-Brasilia-1702-851941-46904557-0,-1.0,-15.74693,-47.782534,,,,1,2023-06-13T16:18:12+00:00
BRA_229644,Brasília,5300108,,Pioneira,0.762,https://moovitapp.com/index/pt-br/transporte_p%C3%BAblico-line-0_762-Brasilia-1702-851941-576189-0,-1.0,-15.722138,-47.883032,,,,2,2023-06-16T21:10:44+00:00
BRA_229474,Brasília,5300108,,Pioneira,147.2,https://moovitapp.com/index/pt-br/transporte_p%C3%BAblico-line-147_2-Brasilia-1702-851941-519403-0,-1.0,-15.835999,-47.933654,,,,2,2023-06-16T21:11:24+00:00
BRA_226491,Brasília,5300108,,Pioneira,181.1,https://moovitapp.com/index/pt-br/transporte_p%C3%BAblico-line-181_1-Brasilia-1702-851941-242915-0,-1.0,-15.761612,-47.780582,,,,1,2023-06-16T21:10:38+00:00
BRA_229423,Brasília,5300108,,Pioneira,0.258,https://moovitapp.com/index/pt-br/transporte_p%C3%BAblico-line-0_258-Brasilia-1702-851941-242863-0,-1.0,-15.848993,-47.975304,,,,2,2023-06-16T21:11:20+00:00
BRA_225657,Brasília,5300108,,,2201,,,-15.80884,-47.891596,,,,1,2023-06-16T21:10:54+00:00
BRA_232360,Brasília,5300108,,Pioneira,251.7,https://moovitapp.com/index/pt-br/transporte_p%C3%BAblico-line-251_7-Brasilia-1702-851941-651524-0,-1.0,-16.023772,-48.028261,,,,1,2023-06-16T21:12:00+00:00
BRA_228966,Brasília,5300108,,UTB,2303,https://moovitapp.com/index/pt-br/transporte_p%C3%BAblico-line-2303-Brasilia-1702-854427-744299-0,-1.0,-15.7944,-47.890586,,,,2,2023-06-16T21:11:04+00:00
BRA_229890,Brasília,5300108,,Pioneira,147.6,https://moovitapp.com/index/pt-br/transporte_p%C3%BAblico-line-147_6-Brasilia-1702-851941-516646-0,-1.0,-15.799424,-47.861568,,,,2,2023-06-16T21:10:48+00:00
BRA_228257,Brasília,5300108,,Pioneira,0.225,https://moovitapp.com/index/pt-br/transporte_p%C3%BAblico-line-0_225-Brasilia-1702-851941-510253-0,-1.0,-16.032571,-48.064913,,,,1,2023-06-16T21:11:06+00:00
BRA_229113,Brasília,5300108,,Pioneira,020.2,https://moovitapp.com/index/pt-br/transporte_p%C3%BAblico-line-020_2-Brasilia-1702-851941-708653-0,-1.0,-15.999811,-47.998917,,,,1,2023-06-16T21:00:34+00:00
BRA_225738,Brasília,5300108,,Pioneira,0.761,https://moovitapp.com/index/pt-br/transporte_p%C3%BAblico-line-0_761-Brasilia-1702-851941-605389-0,-1.0,-15.793257,-47.780176,,,,2,2023-06-16T21:10:56+00:00
BRA_228371,Brasília,5300108,,,3301,,,-16.015284,-48.0026,,,,1,2023-06-16T21:10:42+00:00
BRA_229717,Brasília,5300108,,Pioneira,0.764,https://moovitapp.com/index/pt-br/transporte_p%C3%BAblico-line-0_764-Brasilia-1702-851941-516641-0,-1.0,-15.794029,-47.88199,,,,1,2023-06-16T21:10:28+00:00
BRA_232351,Brasília,5300108,,,3301,,,-16.016998,-48.012767,,,,1,2023-06-16T21:11:24+00:00
BRA_227803,Brasília,5300108,,Pioneira,147.4,https://moovitapp.com/index/pt-br/transporte_p%C3%BAblico-line-147_4-Brasilia-1702-851941-574204-0,-1.0,-15.734978,-47.899582,,,,2,2023-06-16T21:11:04+00:00
BRA_228753,Brasília,5300108,,Pioneira,0.258,https://moovitapp.com/index/pt-br/transporte_p%C3%BAblico-line-0_258-Brasilia-1702-851941-242863-0,-1.0,-15.931071,-47.980988,,,,2,2023-06-16T21:10:20+00:00
BRA_230090,Brasília,5300108,,Taguatur,3302,https://moovitapp.com/index/pt-br/transporte_p%C3%BAblico-line-3302-Brasilia-1702-854428-3135322-0,-1.0,-16.004876,-47.993086,,,,1,2023-06-16T21:11:16+00:00
BRA_226998,Brasília,5300108,,Pioneira,0.764,https://moovitapp.com/index/pt-br/transporte_p%C3%BAblico-line-0_764-Brasilia-1702-851941-516641-0,-1.0,-15.749955,-47.774447,,,,2,2023-06-16T21:10:54+00:00
BRA_225975,Brasília,5300108,,,2201,,,-15.991605,-48.049337,,,,2,2023-06-16T21:11:16+00:00
BRA_227536,Brasília,5300108,,Pioneira,0.197,https://moovitapp.com/index/pt-br/transporte_p%C3%BAblico-line-0_197-Brasilia-1702-851941-519402-0,-1.0,-15.837404,-47.825094,,,,2,2023-06-16T21:11:12+00:00
BRA_229903,Brasília,5300108,,Pioneira,160.3,https://moovitapp.com/index/pt-br/transporte_p%C3%BAblico-line-160_3-Brasilia-1702-851941-242910-0,-1.0,-15.845585,-47.923519,,,,1,2023-06-16T21:11:00+00:00
BRA_226394,Brasília,5300108,,,2201,,,-15.965482,-48.019811,,,,1,2023-06-16T21:10:58+00:00
BRA_229687,Brasília,5300108,,Pioneira,0.170,https://moovitapp.com/index/pt-br/transporte_p%C3%BAblico-line-0_170-Brasilia-1702-851941-546850-0,-1.0,-15.946048,-47.824216,,,,1,2023-06-16T21:11:20+00:00
BRA_227102,Brasília,5300108,,Pioneira,180.6,https://moovitapp.com/index/pt-br/transporte_p%C3%BAblico-line-180_6-Brasilia-1702-851941-58708319-0,-1.0,-15.735995,-47.906766,,,,2,2023-06-16T21:08:34+00:00
BRA_229822,Brasília,5300108,,Pioneira,147.3,https://moovitapp.com/index/pt-br/transporte_p%C3%BAblico-line-147_3-Brasilia-1702-851941-574203-0,-1.0,-15.905873,-47.772317,,,,2,2023-06-16T21:10:48+00:00
BRA_227846,Brasília,5300108,,Pioneira,2307,https://moovitapp.com/index/pt-br/transporte_p%C3%BAblico-line-2307-Brasilia-1702-851941-18556638-0,-1.0,-15.786312,-47.900847,,,,2,2023-06-16T21:11:22+00:00
BRA_226513,Brasília,5300108,,Pioneira,100.3,https://moovitapp.com/index/pt-br/transporte_p%C3%BAblico-line-100_3-Brasilia-1702-851941-419631-0,-1.0,-15.859332,-47.868174,,,,2,2023-06-16T21:11:24+00:00
BRA_228524,Brasília,5300108,,Pioneira,251.6,https://moovitapp.com/index/pt-br/transporte_p%C3%BAblico-line-251_6-Brasilia-1702-851941-35763436-0,-1.0,-16.049124,-48.035489,,,,1,2023-06-16T21:11:32+00:00
BRA_229181,Brasília,5300108,,Pioneira,0.255,https://moovitapp.com/index/pt-br/transporte_p%C3%BAblico-line-0_255-Brasilia-1702-851941-706978-0,-1.0,-15.937422,-48.042534,,,,1,2023-06-16T21:10:18+00:00
BRA_227692,Brasília,5300108,,Pioneira,180.7,https://moovitapp.com/index/pt-br/transporte_p%C3%BAblico-line-180_7-Brasilia-1702-851941-66561183-0,-1.0,-15.823757,-47.740185,,,,1,2023-06-16T21:11:04+00:00
BRA_227986,Brasília,5300108,,Pioneira,147.7,https://moovitapp.com/index/pt-br/transporte_p%C3%BAblico-line-147_7-Brasilia-1702-851941-574205-0,-1.0,-15.794425,-47.881952,,,,1,2023-06-16T21:10:40+00:00
BRA_231452,Brasília,5300108,,Pioneira,784.3,https://moovitapp.com/index/pt-br/transporte_p%C3%BAblico-line-784_3-Brasilia-1702-851941-46904557-0,-1.0,-15.745328,-47.783183,,,,1,2023-06-16T21:10:48+00:00
BRA_229695,Brasília,5300108,,Urbi,0.129,https://moovitapp.com/index/pt-br/transporte_p%C3%BAblico-line-0_129-Brasilia-1702-851595-775097-0,-1.0,-15.88278,-47.959295,,,,1,2023-06-16T20:31:18+00:00
BRA_229911,Brasília,5300108,,Pioneira,0.225,https://moovitapp.com/index/pt-br/transporte_p%C3%BAblico-line-0_225-Brasilia-1702-851941-510253-0,-1.0,-15.823015,-48.080439,,,,1,2023-06-16T21:10:52+00:00
BRA_227005,Brasília,5300108,,Pioneira,147.2,https://moovitapp.com/index/pt-br/transporte_p%C3%BAblico-line-147_2-Brasilia-1702-851941-519403-0,-1.0,-15.904759,-47.773017,,,,2,2023-06-16T21:11:40+00:00
BRA_226777,Brasília,5300108,,Pioneira,0.101,https://moovitapp.com/index/pt-br/transporte_p%C3%BAblico-line-0_101-Brasilia-1702-851941-587082-0,-1.0,-15.792905,-47.882308,,,,2,2023-06-16T21:11:02+00:00
BRA_229962,Brasília,5300108,,,3204,,,-16.019557,-48.060272,,,,1,2023-06-16T21:10:56+00:00
BRA_227951,Brasília,5300108,,Pioneira,147.5,https://moovitapp.com/index/pt-br/transporte_p%C3%BAblico-line-147_5-Brasilia-1702-851941-519406-0,-1.0,-15.906591,-47.771033,,,,1,2023-06-16T21:10:42+00:00
BRA_223859,Brasília,5300108,,Pioneira,2208,https://moovitapp.com/index/pt-br/transporte_p%C3%BAblico-line-2208-Brasilia-1702-851941-18556642-0,-1.0,-15.922693,-47.975266,,,,2,2023-06-16T21:10:28+00:00
BRA_225746,Brasília,5300108,,Pioneira,0.761,https://moovitapp.com/index/pt-br/transporte_p%C3%BAblico-line-0_761-Brasilia-1702-851941-605389-0,-1.0,-15.79356,-47.881666,,,,1,2023-06-16T21:11:14+00:00
BRA_227579,Brasília,5300108,,Pioneira,181.5,https://moovitapp.com/index/pt-br/transporte_p%C3%BAblico-line-181_5-Brasilia-1702-851941-756866-0,-1.0,-15.835137,-47.820147,,,,1,2023-06-16T21:10:48+00:00
BRA_228176,Brasília,5300108,,Pioneira,205.1,https://moovitapp.com/index/pt-br/transporte_p%C3%BAblico-line-205_1-Brasilia-1702-851941-393571-0,-1.0,-15.87297,-48.029558,,,,2,2023-06-16T21:11:16+00:00
BRA_229288,Brasília,5300108,,Pioneira,2306,https://moovitapp.com/index/pt-br/transporte_p%C3%BAblico-line-2306-Brasilia-1702-851941-18556641-0,-1.0,-16.002979,-47.986481,,,,2,2023-06-16T21:11:42+00:00
BRA_229857,Brasília,5300108,,Pioneira,147.3,https://moovitapp.com/index/pt-br/transporte_p%C3%BAblico-line-147_3-Brasilia-1702-851941-574203-0,-1.0,-15.81083,-47.882664,,,,1,2023-06-16T21:10:32+00:00
BRA_223964,Brasília,5300108,,Pioneira,2310,https://moovitapp.com/index/pt-br/transporte_p%C3%BAblico-line-2310-Brasilia-1702-851941-57764377-0,-1.0,-15.808887,-47.948474,,,,2,2023-06-16T21:11:06+00:00
BRA_231762,Brasília,5300108,,Pioneira,760.1,https://moovitapp.com/index/pt-br/transporte_p%C3%BAblico-line-760_1-Brasilia-1702-851941-576193-0,-1.0,-15.724966,-47.846303,,,,2,2023-06-16T21:11:34+00:00
BRA_228958,Brasília,5300108,,Pioneira,181.1,https://moovitapp.com/index/pt-br/transporte_p%C3%BAblico-line-181_1-Brasilia-1702-851941-242915-0,-1.0,-15.748561,-47.77034,,,,1,2023-06-16T21:10:14+00:00
BRA_231771,Brasília,5300108,,Pioneira,101.1,https://moovitapp.com/index/pt-br/transporte_p%C3%BAblico-line-101_1-Brasilia-1702-851941-73123121-0,-1.0,-15.78719,-47.887966,,,,2,2023-06-16T21:10:42+00:00
BRA_232530,Brasília,5300108,,Pioneira,2307,https://moovitapp.com/index/pt-br/transporte_p%C3%BAblico-line-2307-Brasilia-1702-851941-18556638-0,-1.0,-15.850569,-47.955054,,,,2,2023-06-16T21:10:34+00:00
BRA_227749,Brasília,5300108,,Pioneira,170.5,https://moovitapp.com/index/pt-br/transporte_p%C3%BAblico-line-170_5-Brasilia-1702-851941-82385785-0,-1.0,-15.963488,-47.832958,,,,1,2023-06-16T21:11:06+00:00
BRA_226971,Brasília,5300108,,Pioneira,100.8,https://moovitapp.com/index/pt-br/transporte_p%C3%BAblico-line-100_8-Brasilia-1702-851941-576191-0,-1.0,-15.83408,-47.931981,,,,2,2023-06-16T21:11:04+00:00
BRA_226297,Brasília,5300108,,,2202,,,-15.835009,-47.926011,,,,2,2023-06-16T21:10:48+00:00
BRA_226718,Brasília,5300108,,Pioneira,0.764,https://moovitapp.com/index/pt-br/transporte_p%C3%BAblico-line-0_764-Brasilia-1702-851941-516641-0,-1.0,-15.799475,-47.8686,,,,2,2023-06-16T21:10:44+00:00
BRA_232653,Brasília,5300108,,Pioneira,2205,https://moovitapp.com/index/pt-br/transporte_p%C3%BAblico-line-2205-Brasilia-1702-851941-393568-0,-1.0,-15.946978,-47.992031,,,,2,2023-06-16T21:10:20+00:00
BRA_223832,Brasília,5300108,,Pioneira,2206,https://moovitapp.com/index/pt-br/transporte_p%C3%BAblico-line-2206-Brasilia-1702-851941-18556637-0,-1.0,-15.833791,-47.924085,,,,2,2023-06-16T21:10:42+00:00
BRA_230081,Brasília,5300108,,Pioneira,3307,https://moovitapp.com/index/pt-br/transporte_p%C3%BAblico-line-3307-Brasilia-1702-851941-519400-0,-1.0,-16.011101,-47.990003,,,,1,2023-06-16T21:11:22+00:00
BRA_227919,Brasília,5300108,,,3201,,,-16.032549,-48.057964,,,,1,2023-06-16T21:11:04+00:00
BRA_229628,Brasília,5300108,,Pioneira,0.101,https://moovitapp.com/index/pt-br/transporte_p%C3%BAblico-line-0_101-Brasilia-1702-851941-587082-0,-1.0,-15.757264,-47.747299,,,,1,2023-06-16T21:10:56+00:00
BRA_225690,Brasília,5300108,,Pioneira,0.771,https://moovitapp.com/index/pt-br/transporte_p%C3%BAblico-line-0_771-Brasilia-1702-851941-242885-0,-1.0,-15.802992,-47.876115,,,,2,2023-06-16T21:12:00+00:00
BRA_225576,Brasília,5300108,,UTB,2302,https://moovitapp.com/index/pt-br/transporte_p%C3%BAblico-line-2302-Brasilia-1702-854427-744298-0,-1.0,-15.927749,-47.978527,,,,1,2023-06-16T21:11:40+00:00
BRA_228214,Brasília,5300108,,Pioneira,205.1,https://moovitapp.com/index/pt-br/transporte_p%C3%BAblico-line-205_1-Brasilia-1702-851941-393571-0,-1.0,-15.795046,-48.110931,,,,1,2023-06-16T21:10:24+00:00
BRA_227200,Brasília,5300108,,Pioneira,2206,https://moovitapp.com/index/pt-br/transporte_p%C3%BAblico-line-2206-Brasilia-1702-851941-18556637-0,-1.0,-15.750537,-47.895367,,,,2,2023-06-16T21:11:10+00:00
BRA_226734,Brasília,5300108,,Pioneira,100.2,https://moovitapp.com/index/pt-br/transporte_p%C3%BAblico-line-100_2-Brasilia-1702-851941-620160-0,-1.0,-15.842867,-47.846786,,,,2,2023-06-16T21:10:02+00:00
BRA_227366,Brasília,5300108,,Pioneira,2205,https://moovitapp.com/index/pt-br/transporte_p%C3%BAblico-line-2205-Brasilia-1702-851941-393568-0,-1.0,-15.808118,-47.900917,,,,2,2023-06-16T21:11:38+00:00
BRA_227323,Brasília,5300108,,Pioneira,0.182,https://moovitapp.com/index/pt-br/transporte_p%C3%BAblico-line-0_182-Brasilia-1702-851941-242839-0,-1.0,-15.7969,-47.949281,,,,2,2023-06-16T21:10:50+00:00
BRA_79171,Brasília,5300108,,Urbi,0.808,https://moovitapp.com/index/pt-br/transporte_p%C3%BAblico-line-0_808-Brasilia-1702-851595-372359-0,-1.0,-15.923408,-48.109113,,,,1,2023-06-16T21:11:04+00:00
BRA_77534,Brasília,5300108,,Urbi,0.818,https://moovitapp.com/index/pt-br/transporte_p%C3%BAblico-line-0_818-Brasilia-1702-851595-242550-0,-1.0,-15.885612,-48.020771,,,,2,2023-06-16T14:04:06+00:00
BRA_77704,Brasília,5300108,,Urbi,0.818,https://moovitapp.com/index/pt-br/transporte_p%C3%BAblico-line-0_818-Brasilia-1702-851595-242550-0,-1.0,-15.836716,-47.952918,,,,2,2023-06-16T21:10:42+00:00
BRA_77356,Brasília,5300108,,Urbi,818.1,https://moovitapp.com/index/pt-br/transporte_p%C3%BAblico-line-818_1-Brasilia-1702-851595-242639-0,-1.0,-15.805043,-47.951595,,,,2,2023-06-16T21:11:34+00:00
BRA_77518,Brasília,5300108,,Urbi,818.1,https://moovitapp.com/index/pt-br/transporte_p%C3%BAblico-line-818_1-Brasilia-1702-851595-242639-0,-1.0,-15.75826,-47.932713,,,,2,2023-06-16T21:11:08+00:00
BRA_77071,Brasília,5300108,,Urbi,0.873,https://moovitapp.com/index/pt-br/transporte_p%C3%BAblico-line-0_873-Brasilia-1702-851595-510238-0,-1.0,-15.815355,-48.101077,,,,1,2023-06-16T21:10:48+00:00
BRA_76988,Brasília,5300108,,Urbi,0.873,https://moovitapp.com/index/pt-br/transporte_p%C3%BAblico-line-0_873-Brasilia-1702-851595-510238-0,-1.0,-15.933191,-48.108604,,,,1,2023-06-16T15:46:02+00:00
BRA_710369,Brasília,5300108,,São José,0.310,https://moovitapp.com/index/pt-br/transporte_p%C3%BAblico-line-0_310-Brasilia-1702-851943-775131-0,-1.0,-15.835419,-48.076103,,,,2,2023-06-16T21:09:10+00:00
BRA_710407,Brasília,5300108,,São José,0.311,https://moovitapp.com/index/pt-br/transporte_p%C3%BAblico-line-0_311-Brasilia-1702-851943-706986-0,-1.0,-15.803967,-47.897166,,,,1,2023-06-16T21:10:28+00:00
BRA_710393,Brasília,5300108,,São José,0.311,https://moovitapp.com/index/pt-br/transporte_p%C3%BAblico-line-0_311-Brasilia-1702-851943-706986-0,-1.0,-15.835562,-48.075626,,,,1,2023-06-16T21:11:12+00:00
BRA_78301,Brasília,5300108,,São José,0.312,https://moovitapp.com/index/pt-br/transporte_p%C3%BAblico-line-0_312-Brasilia-1702-851943-706987-0,-1.0,-15.789889,-47.981344,,,,2,2023-06-16T20:50:26+00:00
BRA_710351,Brasília,5300108,,São José,0.313,https://moovitapp.com/index/pt-br/transporte_p%C3%BAblico-line-0_313-Brasilia-1702-851943-5294586-0,-1.0,-15.788059,-48.134913,,,,1,2023-06-16T20:20:34+00:00
BRA_78182,Brasília,5300108,,São José,0.331,https://moovitapp.com/index/pt-br/transporte_p%C3%BAblico-line-0_331-Brasilia-1702-851943-775133-0,-1.0,-15.791221,-47.886536,,,,2,2023-06-16T21:08:52+00:00
BRA_78093,Brasília,5300108,,São José,0.331,https://moovitapp.com/index/pt-br/transporte_p%C3%BAblico-line-0_331-Brasilia-1702-851943-775133-0,-1.0,-15.803383,-48.069351,,,,2,2023-06-16T18:00:52+00:00
BRA_76406,Brasília,5300108,,São José,0.333,https://moovitapp.com/index/pt-br/transporte_p%C3%BAblico-line-0_333-Brasilia-1702-851943-527247-0,-1.0,-15.836442,-48.090599,,,,1,2023-06-16T21:10:34+00:00
BRA_710555,Brasília,5300108,,São José,0.334,https://moovitapp.com/index/pt-br/transporte_p%C3%BAblico-line-0_334-Brasilia-1702-851943-706993-0,-1.0,-15.82564,-48.120532,,,,1,2023-06-16T21:10:52+00:00
BRA_77089,Brasília,5300108,,Urbi,0.805,https://moovitapp.com/index/pt-br/transporte_p%C3%BAblico-line-0_805-Brasilia-1702-851595-460800-0,-1.0,-15.895155,-48.056375,,,,1,2023-06-16T21:10:58+00:00
BRA_77283,Brasília,5300108,,Urbi,0.805,https://moovitapp.com/index/pt-br/transporte_p%C3%BAblico-line-0_805-Brasilia-1702-851595-460800-0,-1.0,-15.901882,-48.05764,,,,1,2023-06-16T21:07:44+00:00
BRA_710539,Brasília,5300108,,São José,0.375,https://moovitapp.com/index/pt-br/transporte_p%C3%BAblico-line-0_375-Brasilia-1702-851943-39496914-0,-1.0,-15.788312,-48.134481,,,,1,2023-06-16T21:10:30+00:00
BRA_78417,Brasília,5300108,,São José,0.343,https://moovitapp.com/index/pt-br/transporte_p%C3%BAblico-line-0_343-Brasilia-1702-851943-706996-0,-1.0,-15.787269,-47.897325,,,,1,2023-06-16T21:10:24+00:00
BRA_78603,Brasília,5300108,,São José,0.343,https://moovitapp.com/index/pt-br/transporte_p%C3%BAblico-line-0_343-Brasilia-1702-851943-706996-0,-1.0,-15.824796,-48.11399,,,,1,2023-06-16T21:10:10+00:00
BRA_711004,Brasília,5300108,,São José,0.411,https://moovitapp.com/index/pt-br/transporte_p%C3%BAblico-line-0_411-Brasilia-1702-851943-788977-0,-1.0,-15.829962,-48.051568,,,,1,2023-06-16T21:00:40+00:00
BRA_77909,Brasília,5300108,,Urbi,0.368,https://moovitapp.com/index/pt-br/transporte_p%C3%BAblico-line-0_368-Brasilia-1702-851595-706971-0,-1.0,-15.876953,-48.02299,,,,1,2023-06-16T21:10:34+00:00
BRA_78140,Brasília,5300108,,São José,0.379,https://moovitapp.com/index/pt-br/transporte_p%C3%BAblico-line-0_379-Brasilia-1702-851943-707007-0,-1.0,-15.816696,-48.103556,,,,2,2023-06-16T21:11:16+00:00
BRA_710270,Brasília,5300108,,São José,0.379,https://moovitapp.com/index/pt-br/transporte_p%C3%BAblico-line-0_379-Brasilia-1702-851943-707007-0,-1.0,-15.786133,-47.997779,,,,2,2023-06-16T21:10:12+00:00
BRA_710016,Brasília,5300108,,São José,0.379,https://moovitapp.com/index/pt-br/transporte_p%C3%BAblico-line-0_379-Brasilia-1702-851943-707007-0,-1.0,-15.815496,-48.101248,,,,2,2023-06-16T21:10:52+00:00
BRA_710571,Brasília,5300108,,São José,0.920,https://moovitapp.com/index/pt-br/transporte_p%C3%BAblico-line-0_920-Brasilia-1702-851943-707019-0,-1.0,-15.794559,-47.883236,,,,2,2023-06-16T21:10:32+00:00
BRA_78221,Brasília,5300108,,São José,0.929,https://moovitapp.com/index/pt-br/transporte_p%C3%BAblico-line-0_929-Brasilia-1702-851943-5294667-0,-1.0,-15.79673,-48.136293,,,,1,2023-06-16T21:10:30+00:00
BRA_78042,Brasília,5300108,,São José,0.949,https://moovitapp.com/index/pt-br/transporte_p%C3%BAblico-line-0_949-Brasilia-1702-851943-707026-0,-1.0,-15.794913,-48.109539,,,,1,2023-06-16T21:10:30+00:00
BRA_79049,Brasília,5300108,,São José,0.926,https://moovitapp.com/index/pt-br/transporte_p%C3%BAblico-line-0_926-Brasilia-1702-851943-775154-0,-1.0,-15.823515,-48.114581,,,,1,2023-06-15T11:23:02+00:00
BRA_78999,Brasília,5300108,,São José,0.926,https://moovitapp.com/index/pt-br/transporte_p%C3%BAblico-line-0_926-Brasilia-1702-851943-775154-0,-1.0,-15.780562,-48.140591,,,,1,2023-06-16T21:10:54+00:00
BRA_79529,Brasília,5300108,,São José,364.1,https://moovitapp.com/index/pt-br/transporte_p%C3%BAblico-line-364_1-Brasilia-1702-851943-789941-0,-1.0,-15.829113,-48.145741,,,,1,2023-06-16T21:10:54+00:00
BRA_79138,Brasília,5300108,,São José,949.1,https://moovitapp.com/index/pt-br/transporte_p%C3%BAblico-line-949_1-Brasilia-1702-851943-707069-0,-1.0,-15.809034,-48.090733,,,,1,2023-06-16T21:10:44+00:00
BRA_500143,Brasília,5300108,,São José,413.2,https://moovitapp.com/index/pt-br/transporte_p%C3%BAblico-line-413_2-Brasilia-1702-851943-775173-0,-1.0,-15.815546,-48.057983,,,,2,2023-06-16T21:10:58+00:00
BRA_78719,Brasília,5300108,,São José,333.1,https://moovitapp.com/index/pt-br/transporte_p%C3%BAblico-line-333_1-Brasilia-1702-851943-707041-0,-1.0,-15.821892,-48.12296,,,,1,2023-06-16T21:10:52+00:00
BRA_76589,Brasília,5300108,,São José,333.2,https://moovitapp.com/index/pt-br/transporte_p%C3%BAblico-line-333_2-Brasilia-1702-851943-527251-0,-1.0,-15.808946,-48.150477,,,,1,2023-06-16T21:11:04+00:00
BRA_78590,Brasília,5300108,,São José,333.7,https://moovitapp.com/index/pt-br/transporte_p%C3%BAblico-line-333_7-Brasilia-1702-851943-2068454-0,-1.0,-15.841282,-48.046577,,,,1,2023-06-16T21:10:36+00:00
BRA_78522,Brasília,5300108,,São José,338.1,https://moovitapp.com/index/pt-br/transporte_p%C3%BAblico-line-338_1-Brasilia-1702-851943-707044-0,-1.0,-15.788843,-48.017083,,,,2,2023-06-16T21:10:32+00:00
BRA_710130,Brasília,5300108,,São José,348.1,https://moovitapp.com/index/pt-br/transporte_p%C3%BAblico-line-348_1-Brasilia-1702-851943-707046-0,-1.0,-15.760662,-47.872587,,,,1,2023-06-16T21:10:26+00:00
BRA_79707,Brasília,5300108,,São José,359.2,https://moovitapp.com/index/pt-br/transporte_p%C3%BAblico-line-359_2-Brasilia-1702-851943-2068453-0,-1.0,-15.826246,-48.118281,,,,1,2023-06-16T21:10:24+00:00
BRA_711209,Brasília,5300108,,São José,0.159,https://moovitapp.com/index/pt-br/transporte_p%C3%BAblico-line-0_159-Brasilia-1702-851943-375523-0,-1.0,-15.779835,-47.987555,,,,1,2023-06-16T20:51:48+00:00
BRA_711217,Brasília,5300108,,São José,0.159,https://moovitapp.com/index/pt-br/transporte_p%C3%BAblico-line-0_159-Brasilia-1702-851943-375523-0,-1.0,-15.784515,-47.997314,,,,2,2023-06-16T21:10:02+00:00
BRA_711179,Brasília,5300108,,São José,0.159,https://moovitapp.com/index/pt-br/transporte_p%C3%BAblico-line-0_159-Brasilia-1702-851943-375523-0,-1.0,-15.807586,-48.082556,,,,2,2023-06-16T21:10:28+00:00
BRA_711225,Brasília,5300108,,São José,0.159,https://moovitapp.com/index/pt-br/transporte_p%C3%BAblico-line-0_159-Brasilia-1702-851943-375523-0,-1.0,-15.779085,-47.99837,,,,2,2023-06-16T21:10:54+00:00
BRA_77445,Brasília,5300108,,Urbi,0.393,https://moovitapp.com/index/pt-br/transporte_p%C3%BAblico-line-0_393-Brasilia-1702-851595-588805-0,-1.0,-15.880775,-48.094446,,,,1,2023-06-16T21:11:02+00:00
BRA_77607,Brasília,5300108,,Urbi,393.4,https://moovitapp.com/index/pt-br/transporte_p%C3%BAblico-line-393_4-Brasilia-1702-851595-588816-0,-1.0,-15.848295,-48.048103,,,,1,2023-06-16T21:10:58+00:00
BRA_77682,Brasília,5300108,,Urbi,398.1,https://moovitapp.com/index/pt-br/transporte_p%C3%BAblico-line-398_1-Brasilia-1702-851595-510241-0,-1.0,-15.869238,-48.056585,,,,2,2023-06-16T21:10:26+00:00
BRA_79448,Brasília,5300108,,Urbi,398.1,https://moovitapp.com/index/pt-br/transporte_p%C3%BAblico-line-398_1-Brasilia-1702-851595-510241-0,-1.0,-15.805311,-48.122121,,,,1,2023-06-16T21:10:10+00:00
BRA_77623,Brasília,5300108,,Urbi,398.3,https://moovitapp.com/index/pt-br/transporte_p%C3%BAblico-line-398_3-Brasilia-1702-851595-706973-0,-1.0,-15.902556,-48.129776,,,,1,2023-06-16T20:26:12+00:00
BRA_77429,Brasília,5300108,,Urbi,0.841,https://moovitapp.com/index/pt-br/transporte_p%C3%BAblico-line-0_841-Brasilia-1702-851595-339302-0,-1.0,-15.796034,-47.933622,,,,2,2023-06-16T21:10:32+00:00
BRA_77062,Brasília,5300108,,Urbi,0.844,https://moovitapp.com/index/pt-br/transporte_p%C3%BAblico-line-0_844-Brasilia-1702-851595-519386-0,-1.0,-15.812362,-47.999775,,,,2,2023-06-16T21:10:32+00:00
BRA_77666,Brasília,5300108,,Urbi,0.844,https://moovitapp.com/index/pt-br/transporte_p%C3%BAblico-line-0_844-Brasilia-1702-851595-519386-0,-1.0,-15.734518,-47.913258,,,,1,2023-06-16T20:54:56+00:00
BRA_77399,Brasília,5300108,,Urbi,0.845,https://moovitapp.com/index/pt-br/transporte_p%C3%BAblico-line-0_845-Brasilia-1702-851595-339304-0,-1.0,-15.767466,-47.939172,,,,1,2023-06-16T21:10:30+00:00
BRA_710873,Brasília,5300108,,São José,0.404,https://moovitapp.com/index/pt-br/transporte_p%C3%BAblico-line-0_404-Brasilia-1702-851943-783025-0,-1.0,-15.67156,-48.199165,,,,1,2023-06-16T21:10:50+00:00
BRA_500267,Brasília,5300108,,São José,0.402,https://moovitapp.com/index/pt-br/transporte_p%C3%BAblico-line-0_402-Brasilia-1702-851943-781335-0,-1.0,-15.8087,-48.084833,,,,1,2023-06-16T21:11:24+00:00
BRA_79693,Brasília,5300108,,São José,928.1,https://moovitapp.com/index/pt-br/transporte_p%C3%BAblico-line-928_1-Brasilia-1702-851943-707067-0,-1.0,-15.825742,-48.120157,,,,1,2023-06-16T21:10:44+00:00
BRA_710288,Brasília,5300108,,São José,928.1,https://moovitapp.com/index/pt-br/transporte_p%C3%BAblico-line-928_1-Brasilia-1702-851943-707067-0,-1.0,-15.80747,-48.142771,,,,1,2023-06-16T20:58:04+00:00
BRA_75841,Brasília,5300108,,São José,333.8,https://moovitapp.com/index/pt-br/transporte_p%C3%BAblico-line-333_8-Brasilia-1702-851943-376187-0,-1.0,-15.823294,-48.115414,,,,1,2023-06-16T21:11:08+00:00
BRA_76091,Brasília,5300108,,São José,333.8,https://moovitapp.com/index/pt-br/transporte_p%C3%BAblico-line-333_8-Brasilia-1702-851943-376187-0,-1.0,-15.836061,-48.063833,,,,1,2023-06-16T21:08:54+00:00
BRA_75973,Brasília,5300108,,São José,0.956,https://moovitapp.com/index/pt-br/transporte_p%C3%BAblico-line-0_956-Brasilia-1702-851943-347190-0,-1.0,-15.806594,-48.079377,,,,1,2023-06-16T21:10:18+00:00
BRA_76724,Brasília,5300108,,São José,364.3,https://moovitapp.com/index/pt-br/transporte_p%C3%BAblico-line-364_3-Brasilia-1702-851943-707051-0,-1.0,-15.825493,-48.137107,,,,1,2023-06-16T21:11:00+00:00
BRA_500321,Brasília,5300108,,São José,0.420,https://moovitapp.com/index/pt-br/transporte_p%C3%BAblico-line-0_420-Brasilia-1702-851943-783026-0,-1.0,-15.809739,-47.950069,,,,2,2023-06-16T21:11:20+00:00
BRA_500054,Brasília,5300108,,São José,0.420,https://moovitapp.com/index/pt-br/transporte_p%C3%BAblico-line-0_420-Brasilia-1702-851943-783026-0,-1.0,-15.790826,-48.038376,,,,2,2023-06-16T21:10:44+00:00
BRA_711306,Brasília,5300108,,São José,158.6,https://moovitapp.com/index/pt-br/transporte_p%C3%BAblico-line-158_6-Brasilia-1702-851943-427161-0,-1.0,-15.794951,-47.880712,,,,2,2023-06-16T21:10:06+00:00
BRA_500089,Brasília,5300108,,São José,411.2,https://moovitapp.com/index/pt-br/transporte_p%C3%BAblico-line-411_2-Brasilia-1702-851943-481334-0,-1.0,-15.792332,-48.157623,,,,2,2023-06-16T17:51:56+00:00
BRA_76660,Brasília,5300108,,São José,343.2,https://moovitapp.com/index/pt-br/transporte_p%C3%BAblico-line-343_2-Brasilia-1702-851943-468884-0,-1.0,-15.790017,-48.022729,,,,2,2023-06-16T21:10:10+00:00
BRA_76431,Brasília,5300108,,São José,343.2,https://moovitapp.com/index/pt-br/transporte_p%C3%BAblico-line-343_2-Brasilia-1702-851943-468884-0,-1.0,-15.819615,-48.123755,,,,2,2023-06-16T21:10:20+00:00
BRA_77330,Brasília,5300108,,Urbi,0.038,https://moovitapp.com/index/pt-br/transporte_p%C3%BAblico-line-0_038-Brasilia-1702-851595-687419-0,-1.0,-15.862552,-47.958379,,,,1,2023-06-16T12:23:04+00:00
BRA_77691,Brasília,5300108,,Urbi,084.1,https://moovitapp.com/index/pt-br/transporte_p%C3%BAblico-line-084_1-Brasilia-1702-851595-466292-0,-1.0,-15.835183,-47.951958,,,,1,2023-06-16T21:10:20+00:00
BRA_76651,Brasília,5300108,,São José,0.041,https://moovitapp.com/index/pt-br/transporte_p%C3%BAblico-line-0_041-Brasilia-1702-851943-781334-0,-1.0,-15.823565,-48.116482,,,,1,2023-06-16T21:10:54+00:00
BRA_77585,Brasília,5300108,,Urbi,0.053,https://moovitapp.com/index/pt-br/transporte_p%C3%BAblico-line-0_053-Brasilia-1702-851595-588803-0,-1.0,-15.894618,-48.121466,,,,1,2023-06-16T21:10:58+00:00
BRA_711250,Brasília,5300108,,São José,0.092,https://moovitapp.com/index/pt-br/transporte_p%C3%BAblico-line-0_092-Brasilia-1702-851943-496589-0,-1.0,-15.856198,-47.952867,,,,2,2023-06-16T16:58:46+00:00
BRA_711292,Brasília,5300108,,São José,0.092,https://moovitapp.com/index/pt-br/transporte_p%C3%BAblico-line-0_092-Brasilia-1702-851943-496589-0,-1.0,-15.873601,-47.972404,,,,2,2023-06-16T21:10:48+00:00
BRA_710962,Brasília,5300108,,São José,406.1,https://moovitapp.com/index/pt-br/transporte_p%C3%BAblico-line-406_1-Brasilia-1702-851943-707061-0,-1.0,-15.679789,-48.194639,,,,2,2023-06-16T21:10:42+00:00
BRA_77852,Brasília,5300108,,São José,963.1,https://moovitapp.com/index/pt-br/transporte_p%C3%BAblico-line-963_1-Brasilia-1702-851943-669629-0,-1.0,-15.78798,-48.133241,,,,1,2023-06-16T21:10:44+00:00
BRA_77321,Brasília,5300108,,Urbi,0.878,https://moovitapp.com/index/pt-br/transporte_p%C3%BAblico-line-0_878-Brasilia-1702-851595-418743-0,-1.0,-15.804729,-47.9703,,,,2,2023-06-16T21:10:52+00:00
BRA_79774,Brasília,5300108,,São José,0.414,https://moovitapp.com/index/pt-br/transporte_p%C3%BAblico-line-0_414-Brasilia-1702-851943-773707-0,-1.0,-15.609864,-48.067317,,,,1,2023-06-16T20:52:34+00:00
BRA_78549,Brasília,5300108,,São José,926.1,https://moovitapp.com/index/pt-br/transporte_p%C3%BAblico-line-926_1-Brasilia-1702-851943-775178-0,-1.0,-15.801776,-48.123425,,,,1,2023-06-16T18:10:54+00:00
BRA_75680,Brasília,5300108,,São José,0.557,https://moovitapp.com/index/pt-br/transporte_p%C3%BAblico-line-0_557-Brasilia-1702-851943-775148-0,-1.0,-15.788298,-47.905679,,,,1,2023-06-16T21:10:54+00:00
BRA_79383,Brasília,5300108,,São José,158.8,https://moovitapp.com/index/pt-br/transporte_p%C3%BAblico-line-158_8-Brasilia-1702-851943-243046-0,-1.0,-15.797154,-47.949383,,,,1,2023-06-16T21:01:40+00:00
BRA_79197,Brasília,5300108,,São José,0.416,https://moovitapp.com/index/pt-br/transporte_p%C3%BAblico-line-0_416-Brasilia-1702-851943-707011-0,-1.0,-15.672158,-48.199471,,,,1,2023-06-16T21:10:34+00:00
BRA_78344,Brasília,5300108,,São José,965.1,https://moovitapp.com/index/pt-br/transporte_p%C3%BAblico-line-965_1-Brasilia-1702-851943-62598142-0,-1.0,-15.769269,-48.018285,,,,1,2023-06-16T21:03:06+00:00
BRA_119954,Brasília,5300108,,Piracicabana,0.128,https://moovitapp.com/index/pt-br/transporte_p%C3%BAblico-line-0_128-Brasilia-1702-850942-382511-0,-1.0,-15.80656,-47.89925,,,,1,2023-06-13T22:09:14+00:00
BRA_117757,Brasília,5300108,,Piracicabana,143.2,https://moovitapp.com/index/pt-br/transporte_p%C3%BAblico-line-143_2-Brasilia-1702-850942-556806-0,-1.0,-15.83692,-47.93344,,,,1,2023-06-15T18:26:38+00:00
BRA_120235,Brasília,5300108,,Piracicabana,066.6,https://moovitapp.com/index/pt-br/transporte_p%C3%BAblico-line-066_6-Brasilia-1702-850942-770027-0,-1.0,-15.80244,-47.88623,,,,,2023-06-16T11:58:18+00:00
BRA_118397,Brasília,5300108,,Piracicabana,143.2,https://moovitapp.com/index/pt-br/transporte_p%C3%BAblico-line-143_2-Brasilia-1702-850942-556806-0,-1.0,-15.79356,-47.88073,,,,,2023-06-16T12:09:11+00:00
BRA_118320,Brasília,5300108,,Piracicabana,158.1,https://moovitapp.com/index/pt-br/transporte_p%C3%BAblico-line-158_1-Brasilia-1702-850942-775094-0,-1.0,-15.79425,-47.88739,,,,,2023-06-16T12:44:20+00:00
BRA_119652,Brasília,5300108,,Piracicabana,519.2,https://moovitapp.com/index/pt-br/transporte_p%C3%BAblico-line-519_2-Brasilia-1702-850942-242483-0,-1.0,-15.83578,-47.93201,,,,1,2023-06-16T15:45:21+00:00
BRA_117510,Brasília,5300108,,Piracicabana,517.2,https://moovitapp.com/index/pt-br/transporte_p%C3%BAblico-line-517_2-Brasilia-1702-850942-242480-0,-1.0,-15.71261,-47.89782,,,,,2023-06-16T18:24:01+00:00
BRA_120430,Brasília,5300108,,Piracicabana,0.143,https://moovitapp.com/index/pt-br/transporte_p%C3%BAblico-line-0_143-Brasilia-1702-850942-470747-0,-1.0,-15.7937,-47.87967,,,,,2023-06-16T19:37:53+00:00
BRA_117463,Brasília,5300108,,Piracicabana,0.518,https://moovitapp.com/index/pt-br/transporte_p%C3%BAblico-line-0_518-Brasilia-1702-850942-580670-0,-1.0,-15.76564,-47.87631,,,,,2023-06-16T19:44:07+00:00
BRA_118036,Brasília,5300108,,Piracicabana,136.9,https://moovitapp.com/index/pt-br/transporte_p%C3%BAblico-line-136_9-Brasilia-1702-850942-773702-0,-1.0,-15.79626,-47.88331,,,,,2023-06-16T19:59:29+00:00
BRA_117641,Brasília,5300108,,Piracicabana,0.168,https://moovitapp.com/index/pt-br/transporte_p%C3%BAblico-line-0_168-Brasilia-1702-850942-242392-0,-1.0,-15.77416,-47.90788,,,,1,2023-06-16T20:12:57+00:00
BRA_118311,Brasília,5300108,,Piracicabana,136.6,https://moovitapp.com/index/pt-br/transporte_p%C3%BAblico-line-136_6-Brasilia-1702-850942-773700-0,-1.0,-15.75935,-47.89222,,,,,2023-06-16T20:16:24+00:00
BRA_119172,Brasília,5300108,,Piracicabana,063.2,https://moovitapp.com/index/pt-br/transporte_p%C3%BAblico-line-063_2-Brasilia-1702-850942-137934615-0,-1.0,-15.64694,-47.80564,,,,,2023-06-16T20:20:47+00:00
BRA_115363,Brasília,5300108,,Piracicabana,115.1,https://moovitapp.com/index/pt-br/transporte_p%C3%BAblico-line-115_1-Brasilia-1702-850942-242436-0,-1.0,-15.79038,-47.89977,,,,,2023-06-16T20:23:22+00:00
BRA_118621,Brasília,5300108,,Piracicabana,158.1,https://moovitapp.com/index/pt-br/transporte_p%C3%BAblico-line-158_1-Brasilia-1702-850942-775094-0,-1.0,-15.79459,-47.88049,,,,1,2023-06-16T20:23:29+00:00
BRA_119181,Brasília,5300108,,Piracicabana,062.9,https://moovitapp.com/index/pt-br/transporte_p%C3%BAblico-line-062_9-Brasilia-1702-850942-77230028-0,-1.0,-15.66164,-47.80593,,,,,2023-06-16T20:29:28+00:00
BRA_115843,Brasília,5300108,,Piracicabana,648.1,https://moovitapp.com/index/pt-br/transporte_p%C3%BAblico-line-648_1-Brasilia-1702-850942-242512-0,-1.0,-15.80266,-47.92039,,,,1,2023-06-16T20:34:00+00:00
BRA_118281,Brasília,5300108,,Piracicabana,603.1,https://moovitapp.com/index/pt-br/transporte_p%C3%BAblico-line-603_1-Brasilia-1702-850942-242492-0,-1.0,-15.71762,-47.89806,,,,,2023-06-16T20:43:40+00:00
BRA_119482,Brasília,5300108,,Piracicabana,136.9,https://moovitapp.com/index/pt-br/transporte_p%C3%BAblico-line-136_9-Brasilia-1702-850942-773702-0,-1.0,-15.83585,-47.93306,,,,1,2023-06-16T20:45:18+00:00
BRA_116041,Brasília,5300108,,Piracicabana,531.2,https://moovitapp.com/index/pt-br/transporte_p%C3%BAblico-line-531_2-Brasilia-1702-850942-48723591-0,-1.0,-15.67245,-47.81839,,,,,2023-06-16T20:47:01+00:00
BRA_119504,Brasília,5300108,,Piracicabana,512.1,https://moovitapp.com/index/pt-br/transporte_p%C3%BAblico-line-512_1-Brasilia-1702-850942-474401-0,-1.0,-15.82017,-47.91706,,,,1,2023-06-16T20:50:25+00:00
BRA_117854,Brasília,5300108,,Piracicabana,616.9,https://moovitapp.com/index/pt-br/transporte_p%C3%BAblico-line-616_9-Brasilia-1702-850942-128977719-0,-1.0,-15.64248,-47.68463,,,,,2023-06-16T20:52:04+00:00
BRA_118176,Brasília,5300108,,Piracicabana,616.3,https://moovitapp.com/index/pt-br/transporte_p%C3%BAblico-line-616_3-Brasilia-1702-850942-242500-0,-1.0,-15.69314,-47.86964,,,,,2023-06-16T20:52:36+00:00
BRA_115754,Brasília,5300108,,Piracicabana,600.6,https://moovitapp.com/index/pt-br/transporte_p%C3%BAblico-line-600_6-Brasilia-1702-850942-425243-0,-1.0,-15.8311,-47.93054,,,,,2023-06-16T20:53:04+00:00
BRA_118656,Brasília,5300108,,Piracicabana,616.4,https://moovitapp.com/index/pt-br/transporte_p%C3%BAblico-line-616_4-Brasilia-1702-850942-494158-0,-1.0,-15.83591,-47.93264,,,,1,2023-06-16T20:55:45+00:00
BRA_118826,Brasília,5300108,,Piracicabana,0.110,https://moovitapp.com/index/pt-br/transporte_p%C3%BAblico-line-0_110-Brasilia-1702-850942-339284-0,-1.0,-15.76654,-47.8692,,,,,2023-06-16T20:55:59+00:00
BRA_120995,Brasília,5300108,,Piracicabana,0.641,https://moovitapp.com/index/pt-br/transporte_p%C3%BAblico-line-0_641-Brasilia-1702-850942-242424-0,-1.0,-15.83571,-47.93238,,,,1,2023-06-16T20:58:07+00:00
BRA_119610,Brasília,5300108,,Piracicabana,062.5,https://moovitapp.com/index/pt-br/transporte_p%C3%BAblico-line-062_5-Brasilia-1702-850942-339835-0,-1.0,-15.68051,-47.84953,,,,,2023-06-16T20:59:04+00:00
BRA_119237,Brasília,5300108,,Piracicabana,512.1,https://moovitapp.com/index/pt-br/transporte_p%C3%BAblico-line-512_1-Brasilia-1702-850942-474401-0,-1.0,-15.71725,-47.89817,,,,1,2023-06-16T21:00:19+00:00
BRA_117421,Brasília,5300108,,Piracicabana,602.1,https://moovitapp.com/index/pt-br/transporte_p%C3%BAblico-line-602_1-Brasilia-1702-850942-242491-0,-1.0,-15.7092,-47.89453,,,,,2023-06-16T21:00:39+00:00
BRA_118249,Brasília,5300108,,Piracicabana,0.128,https://moovitapp.com/index/pt-br/transporte_p%C3%BAblico-line-0_128-Brasilia-1702-850942-382511-0,-1.0,-15.78722,-47.88799,,,,,2023-06-16T21:01:29+00:00
BRA_117951,Brasília,5300108,,Piracicabana,105.2,https://moovitapp.com/index/pt-br/transporte_p%C3%BAblico-line-105_2-Brasilia-1702-850942-12015265-0,-1.0,-15.79863,-47.89259,,,,,2023-06-16T21:01:35+00:00
BRA_116963,Brasília,5300108,,Piracicabana,0.006,https://moovitapp.com/index/pt-br/transporte_p%C3%BAblico-line-0_006-Brasilia-1702-850942-775079-0,-1.0,-15.78687,-47.9082,,,,1,2023-06-16T21:02:12+00:00
BRA_116181,Brasília,5300108,,Piracicabana,064.1,https://moovitapp.com/index/pt-br/transporte_p%C3%BAblico-line-064_1-Brasilia-1702-850942-339292-0,-1.0,-15.64338,-47.6371,,,,1,2023-06-16T21:02:15+00:00
BRA_116866,Brasília,5300108,,Piracicabana,0.023,https://moovitapp.com/index/pt-br/transporte_p%C3%BAblico-line-0_023-Brasilia-1702-850942-775082-0,-1.0,-15.79421,-47.88331,,,,,2023-06-16T21:02:21+00:00
BRA_116505,Brasília,5300108,,Piracicabana,151.2,https://moovitapp.com/index/pt-br/transporte_p%C3%BAblico-line-151_2-Brasilia-1702-850942-242458-0,-1.0,-15.79494,-47.93395,,,,1,2023-06-16T21:02:29+00:00
BRA_119687,Brasília,5300108,,Piracicabana,519.2,https://moovitapp.com/index/pt-br/transporte_p%C3%BAblico-line-519_2-Brasilia-1702-850942-242483-0,-1.0,-15.8319,-47.92878,,,,,2023-06-16T21:02:48+00:00
BRA_116661,Brasília,5300108,,Piracicabana,116.2,https://moovitapp.com/index/pt-br/transporte_p%C3%BAblico-line-116_2-Brasilia-1702-850942-60842780-0,-1.0,-15.77416,-47.90788,,,,1,2023-06-16T21:03:06+00:00
BRA_120804,Brasília,5300108,,Piracicabana,107.1,https://moovitapp.com/index/pt-br/transporte_p%C3%BAblico-line-107_1-Brasilia-1702-850942-242434-0,-1.0,-15.80817,-47.90067,,,,,2023-06-16T21:03:08+00:00
BRA_115886,Brasília,5300108,,Piracicabana,0.517,https://moovitapp.com/index/pt-br/transporte_p%C3%BAblico-line-0_517-Brasilia-1702-850942-242400-0,-1.0,-15.82106,-47.9179,,,,1,2023-06-16T21:03:17+00:00
BRA_116076,Brasília,5300108,,Piracicabana,0.109,https://moovitapp.com/index/pt-br/transporte_p%C3%BAblico-line-0_109-Brasilia-1702-850942-139332631-0,-1.0,-15.77496,-47.9081,,,,1,2023-06-16T21:03:36+00:00
BRA_121029,Brasília,5300108,,Piracicabana,640.2,https://moovitapp.com/index/pt-br/transporte_p%C3%BAblico-line-640_2-Brasilia-1702-850942-697957-0,-1.0,-15.65056,-47.77505,,,,,2023-06-16T21:03:55+00:00
BRA_119059,Brasília,5300108,,Piracicabana,0.116,https://moovitapp.com/index/pt-br/transporte_p%C3%BAblico-line-0_116-Brasilia-1702-850942-242381-0,-1.0,-15.77478,-47.90775,,,,1,2023-06-16T21:04:13+00:00
BRA_119253,Brasília,5300108,,Piracicabana,063.1,https://moovitapp.com/index/pt-br/transporte_p%C3%BAblico-line-063_1-Brasilia-1702-850942-339291-0,-1.0,-15.65515,-47.76026,,,,,2023-06-16T21:04:15+00:00
BRA_119288,Brasília,5300108,,Piracicabana,0.517,https://moovitapp.com/index/pt-br/transporte_p%C3%BAblico-line-0_517-Brasilia-1702-850942-242400-0,-1.0,-15.78722,-47.88799,,,,1,2023-06-16T21:04:55+00:00
BRA_120341,Brasília,5300108,,Piracicabana,630.1,https://moovitapp.com/index/pt-br/transporte_p%C3%BAblico-line-630_1-Brasilia-1702-850942-476290-0,-1.0,-15.79376,-47.88169,,,,1,2023-06-16T21:05:36+00:00
BRA_120936,Brasília,5300108,,Piracicabana,506.3,https://moovitapp.com/index/pt-br/transporte_p%C3%BAblico-line-506_3-Brasilia-1702-850942-139332758-0,-1.0,-15.71753,-47.8981,,,,,2023-06-16T21:06:01+00:00
BRA_119873,Brasília,5300108,,Piracicabana,617.2,https://moovitapp.com/index/pt-br/transporte_p%C3%BAblico-line-617_2-Brasilia-1702-850942-242504-0,-1.0,-15.83577,-47.93251,,,,1,2023-06-16T21:06:31+00:00
BRA_120588,Brasília,5300108,,Piracicabana,066.3,https://moovitapp.com/index/pt-br/transporte_p%C3%BAblico-line-066_3-Brasilia-1702-850942-513542-0,-1.0,-15.6185,-47.65379,,,,1,2023-06-16T21:06:46+00:00
BRA_121045,Brasília,5300108,,Piracicabana,115.1,https://moovitapp.com/index/pt-br/transporte_p%C3%BAblico-line-115_1-Brasilia-1702-850942-242436-0,-1.0,-15.79396,-47.88179,,,,1,2023-06-16T21:06:58+00:00
BRA_119199,Brasília,5300108,,Piracicabana,503.3,https://moovitapp.com/index/pt-br/transporte_p%C3%BAblico-line-503_3-Brasilia-1702-850942-542829-0,-1.0,-15.82736,-47.95599,,,,,2023-06-16T21:07:01+00:00
BRA_118401,Brasília,5300108,,Piracicabana,0.116,https://moovitapp.com/index/pt-br/transporte_p%C3%BAblico-line-0_116-Brasilia-1702-850942-242381-0,-1.0,-15.79345,-47.88102,,,,,2023-06-16T21:07:12+00:00
BRA_116955,Brasília,5300108,,Piracicabana,601.1,https://moovitapp.com/index/pt-br/transporte_p%C3%BAblico-line-601_1-Brasilia-1702-850942-322377-0,-1.0,-15.61887,-47.65375,,,,1,2023-06-16T21:07:44+00:00
BRA_118010,Brasília,5300108,,Piracicabana,600.7,https://moovitapp.com/index/pt-br/transporte_p%C3%BAblico-line-600_7-Brasilia-1702-850942-698442-0,-1.0,-15.60482,-47.65425,,,,,2023-06-16T21:07:52+00:00
BRA_117897,Brasília,5300108,,Piracicabana,066.1,https://moovitapp.com/index/pt-br/transporte_p%C3%BAblico-line-066_1-Brasilia-1702-850942-94478627-0,-1.0,-15.61872,-47.6538,,,,1,2023-06-16T21:07:54+00:00
BRA_119440,Brasília,5300108,,Piracicabana,506.4,https://moovitapp.com/index/pt-br/transporte_p%C3%BAblico-line-506_4-Brasilia-1702-850942-542830-0,-1.0,-15.60631,-47.88073,,,,,2023-06-16T21:08:02+00:00
BRA_117030,Brasília,5300108,,Piracicabana,601.2,https://moovitapp.com/index/pt-br/transporte_p%C3%BAblico-line-601_2-Brasilia-1702-850942-322378-0,-1.0,-15.6185,-47.65391,,,,,2023-06-16T21:08:13+00:00
BRA_117234,Brasília,5300108,,Piracicabana,115.1,https://moovitapp.com/index/pt-br/transporte_p%C3%BAblico-line-115_1-Brasilia-1702-850942-242436-0,-1.0,-15.79391,-47.88199,,,,,2023-06-16T21:08:24+00:00
BRA_115631,Brasília,5300108,,Piracicabana,0.600,https://moovitapp.com/index/pt-br/transporte_p%C3%BAblico-line-0_600-Brasilia-1702-850942-242410-0,-1.0,-15.78872,-47.88026,,,,1,2023-06-16T21:08:25+00:00
BRA_117579,Brasília,5300108,,Piracicabana,0.501,https://moovitapp.com/index/pt-br/transporte_p%C3%BAblico-line-0_501-Brasilia-1702-850942-663228-0,-1.0,-15.83624,-47.93245,,,,1,2023-06-16T21:08:41+00:00
BRA_117561,Brasília,5300108,,Piracicabana,501.3,https://moovitapp.com/index/pt-br/transporte_p%C3%BAblico-line-501_3-Brasilia-1702-850942-242472-0,-1.0,-15.6441,-47.81464,,,,1,2023-06-16T21:08:42+00:00
BRA_116980,Brasília,5300108,,Piracicabana,601.2,https://moovitapp.com/index/pt-br/transporte_p%C3%BAblico-line-601_2-Brasilia-1702-850942-322378-0,-1.0,-15.61874,-47.65377,,,,1,2023-06-16T21:08:43+00:00
BRA_119393,Brasília,5300108,,Piracicabana,501.4,https://moovitapp.com/index/pt-br/transporte_p%C3%BAblico-line-501_4-Brasilia-1702-850942-775096-0,-1.0,-15.67237,-47.83977,,,,,2023-06-16T21:08:52+00:00
BRA_116289,Brasília,5300108,,Piracicabana,0.649,https://moovitapp.com/index/pt-br/transporte_p%C3%BAblico-line-0_649-Brasilia-1702-850942-771758-0,-1.0,-15.61879,-47.6543,,,,1,2023-06-16T21:08:56+00:00
BRA_120952,Brasília,5300108,,Piracicabana,0.522,https://moovitapp.com/index/pt-br/transporte_p%C3%BAblico-line-0_522-Brasilia-1702-850942-242404-0,-1.0,-15.69602,-47.87457,,,,,2023-06-16T21:09:01+00:00
BRA_119270,Brasília,5300108,,Piracicabana,0.517,https://moovitapp.com/index/pt-br/transporte_p%C3%BAblico-line-0_517-Brasilia-1702-850942-242400-0,-1.0,-15.69416,-47.87075,,,,,2023-06-16T21:09:06+00:00
BRA_119351,Brasília,5300108,,Piracicabana,0.531,https://moovitapp.com/index/pt-br/transporte_p%C3%BAblico-line-0_531-Brasilia-1702-850942-494153-0,-1.0,-15.83572,-47.93172,,,,1,2023-06-16T21:09:09+00:00
BRA_118460,Brasília,5300108,,Piracicabana,616.7,https://moovitapp.com/index/pt-br/transporte_p%C3%BAblico-line-616_7-Brasilia-1702-850942-108976856-0,-1.0,-15.76303,-47.73225,,,,,2023-06-16T21:09:21+00:00
BRA_120472,Brasília,5300108,,Piracicabana,0.624,https://moovitapp.com/index/pt-br/transporte_p%C3%BAblico-line-0_624-Brasilia-1702-850942-470749-0,-1.0,-15.79831,-47.87246,,,,1,2023-06-16T21:09:37+00:00
BRA_116084,Brasília,5300108,,Piracicabana,0.109,https://moovitapp.com/index/pt-br/transporte_p%C3%BAblico-line-0_109-Brasilia-1702-850942-139332631-0,-1.0,-15.79387,-47.88174,,,,1,2023-06-16T21:09:40+00:00
BRA_119881,Brasília,5300108,,Piracicabana,105.2,https://moovitapp.com/index/pt-br/transporte_p%C3%BAblico-line-105_2-Brasilia-1702-850942-12015265-0,-1.0,-15.77405,-47.87445,,,,,2023-06-16T21:09:40+00:00
BRA_118435,Brasília,5300108,,Piracicabana,128.4,https://moovitapp.com/index/pt-br/transporte_p%C3%BAblico-line-128_4-Brasilia-1702-850942-401624-0,-1.0,-15.82687,-47.92661,,,,1,2023-06-16T21:09:42+00:00
BRA_117307,Brasília,5300108,,Piracicabana,600.7,https://moovitapp.com/index/pt-br/transporte_p%C3%BAblico-line-600_7-Brasilia-1702-850942-698442-0,-1.0,-15.61851,-47.65447,,,,1,2023-06-16T21:09:43+00:00
BRA_119300,Brasília,5300108,,Piracicabana,0.503,https://moovitapp.com/index/pt-br/transporte_p%C3%BAblico-line-0_503-Brasilia-1702-850942-556804-0,-1.0,-15.82704,-47.9567,,,,,2023-06-16T21:09:44+00:00
BRA_120669,Brasília,5300108,,Piracicabana,640.2,https://moovitapp.com/index/pt-br/transporte_p%C3%BAblico-line-640_2-Brasilia-1702-850942-697957-0,-1.0,-15.61834,-47.65467,,,,1,2023-06-16T21:09:51+00:00
BRA_115835,Brasília,5300108,,Piracicabana,0.504,https://moovitapp.com/index/pt-br/transporte_p%C3%BAblico-line-0_504-Brasilia-1702-850942-781321-0,-1.0,-15.6188,-47.65431,,,,,2023-06-16T21:09:59+00:00
BRA_117269,Brasília,5300108,,Piracicabana,105.2,https://moovitapp.com/index/pt-br/transporte_p%C3%BAblico-line-105_2-Brasilia-1702-850942-12015265-0,-1.0,-15.84342,-47.91746,,,,1,2023-06-16T21:09:59+00:00
BRA_116408,Brasília,5300108,,Piracicabana,0.007,https://moovitapp.com/index/pt-br/transporte_p%C3%BAblico-line-0_007-Brasilia-1702-850942-775080-0,-1.0,-15.7953,-47.87439,,,,1,2023-06-16T21:10:00+00:00
BRA_119911,Brasília,5300108,,Piracicabana,104.1,https://moovitapp.com/index/pt-br/transporte_p%C3%BAblico-line-104_1-Brasilia-1702-850942-242430-0,-1.0,-15.79276,-47.85456,,,,,2023-06-16T21:10:00+00:00
BRA_117439,Brasília,5300108,,Piracicabana,0.611,https://moovitapp.com/index/pt-br/transporte_p%C3%BAblico-line-0_611-Brasilia-1702-850942-25771159-0,-1.0,-15.57063,-47.49905,,,,,2023-06-16T21:10:18+00:00
BRA_118079,Brasília,5300108,,Piracicabana,616.9,https://moovitapp.com/index/pt-br/transporte_p%C3%BAblico-line-616_9-Brasilia-1702-850942-128977719-0,-1.0,-15.69559,-47.87372,,,,,2023-06-16T21:10:19+00:00
BRA_117331,Brasília,5300108,,Piracicabana,0.110,https://moovitapp.com/index/pt-br/transporte_p%C3%BAblico-line-0_110-Brasilia-1702-850942-339284-0,-1.0,-15.79435,-47.88213,,,,1,2023-06-16T21:10:24+00:00
BRA_119857,Brasília,5300108,,Piracicabana,0.620,https://moovitapp.com/index/pt-br/transporte_p%C3%BAblico-line-0_620-Brasilia-1702-850942-470748-0,-1.0,-15.69416,-47.87048,,,,,2023-06-16T21:10:27+00:00
BRA_121061,Brasília,5300108,,Piracicabana,642.1,https://moovitapp.com/index/pt-br/transporte_p%C3%BAblico-line-642_1-Brasilia-1702-850942-242510-0,-1.0,-15.68126,-47.83512,,,,1,2023-06-16T21:10:27+00:00
BRA_118702,Brasília,5300108,,Piracicabana,110.2,https://moovitapp.com/index/pt-br/transporte_p%C3%BAblico-line-110_2-Brasilia-1702-850942-339295-0,-1.0,-15.79448,-47.87574,,,,,2023-06-16T21:10:28+00:00
BRA_118818,Brasília,5300108,,Piracicabana,136.6,https://moovitapp.com/index/pt-br/transporte_p%C3%BAblico-line-136_6-Brasilia-1702-850942-773700-0,-1.0,-15.83667,-47.93357,,,,1,2023-06-16T21:10:28+00:00
BRA_117862,Brasília,5300108,,Piracicabana,105.2,https://moovitapp.com/index/pt-br/transporte_p%C3%BAblico-line-105_2-Brasilia-1702-850942-12015265-0,-1.0,-15.74143,-47.8983,,,,,2023-06-16T21:10:28+00:00
BRA_116556,Brasília,5300108,,Piracicabana,0.031,https://moovitapp.com/index/pt-br/transporte_p%C3%BAblico-line-0_031-Brasilia-1702-850942-786256-0,-1.0,-15.82984,-47.92986,,,,,2023-06-16T21:10:28+00:00
BRA_117021,Brasília,5300108,,Piracicabana,0.031,https://moovitapp.com/index/pt-br/transporte_p%C3%BAblico-line-0_031-Brasilia-1702-850942-786256-0,-1.0,-15.78385,-47.88749,,,,,2023-06-16T21:10:29+00:00
BRA_116530,Brasília,5300108,,Piracicabana,0.527,https://moovitapp.com/index/pt-br/transporte_p%C3%BAblico-line-0_527-Brasilia-1702-850942-242407-0,-1.0,-15.78611,-47.90766,,,,,2023-06-16T21:10:29+00:00
BRA_120782,Brasília,5300108,,Piracicabana,116.2,https://moovitapp.com/index/pt-br/transporte_p%C3%BAblico-line-116_2-Brasilia-1702-850942-60842780-0,-1.0,-15.73605,-47.89881,,,,,2023-06-16T21:10:29+00:00
BRA_120766,Brasília,5300108,,Piracicabana,156.6,https://moovitapp.com/index/pt-br/transporte_p%C3%BAblico-line-156_6-Brasilia-1702-850942-516629-0,-1.0,-15.78385,-47.88749,,,,,2023-06-16T21:10:30+00:00
BRA_120316,Brasília,5300108,,Piracicabana,136.8,https://moovitapp.com/index/pt-br/transporte_p%C3%BAblico-line-136_8-Brasilia-1702-850942-766833-0,-1.0,-15.72223,-47.88236,,,,,2023-06-16T21:10:30+00:00
BRA_120073,Brasília,5300108,,Piracicabana,066.2,https://moovitapp.com/index/pt-br/transporte_p%C3%BAblico-line-066_2-Brasilia-1702-850942-339293-0,-1.0,-15.61452,-47.68638,,,,,2023-06-16T21:10:30+00:00
BRA_120081,Brasília,5300108,,Piracicabana,600.6,https://moovitapp.com/index/pt-br/transporte_p%C3%BAblico-line-600_6-Brasilia-1702-850942-425243-0,-1.0,-15.77013,-47.91055,,,,,2023-06-16T21:10:30+00:00
BRA_116432,Brasília,5300108,,Piracicabana,066.3,https://moovitapp.com/index/pt-br/transporte_p%C3%BAblico-line-066_3-Brasilia-1702-850942-513542-0,-1.0,-15.61943,-47.65858,,,,,2023-06-16T21:10:30+00:00
BRA_117625,Brasília,5300108,,Piracicabana,158.1,https://moovitapp.com/index/pt-br/transporte_p%C3%BAblico-line-158_1-Brasilia-1702-850942-775094-0,-1.0,-15.80291,-47.89594,,,,,2023-06-16T21:10:30+00:00
BRA_120812,Brasília,5300108,,Piracicabana,136.9,https://moovitapp.com/index/pt-br/transporte_p%C3%BAblico-line-136_9-Brasilia-1702-850942-773702-0,-1.0,-15.82956,-47.91933,,,,,2023-06-16T21:10:31+00:00
BRA_119890,Brasília,5300108,,Piracicabana,630.1,https://moovitapp.com/index/pt-br/transporte_p%C3%BAblico-line-630_1-Brasilia-1702-850942-476290-0,-1.0,-15.65772,-47.78998,,,,1,2023-06-16T21:10:31+00:00
BRA_120189,Brasília,5300108,,Piracicabana,0.600,https://moovitapp.com/index/pt-br/transporte_p%C3%BAblico-line-0_600-Brasilia-1702-850942-242410-0,-1.0,-15.62847,-47.65486,,,,,2023-06-16T21:10:32+00:00
BRA_120227,Brasília,5300108,,Piracicabana,616.9,https://moovitapp.com/index/pt-br/transporte_p%C3%BAblico-line-616_9-Brasilia-1702-850942-128977719-0,-1.0,-15.6243,-47.72213,,,,1,2023-06-16T21:10:32+00:00
BRA_120308,Brasília,5300108,,Piracicabana,115.1,https://moovitapp.com/index/pt-br/transporte_p%C3%BAblico-line-115_1-Brasilia-1702-850942-242436-0,-1.0,-15.767,-47.87574,,,,1,2023-06-16T21:10:32+00:00
BRA_117935,Brasília,5300108,,Piracicabana,501.1,https://moovitapp.com/index/pt-br/transporte_p%C3%BAblico-line-501_1-Brasilia-1702-850942-574195-0,-1.0,-15.64717,-47.78662,,,,,2023-06-16T21:10:32+00:00
BRA_116998,Brasília,5300108,,Piracicabana,601.3,https://moovitapp.com/index/pt-br/transporte_p%C3%BAblico-line-601_3-Brasilia-1702-850942-339836-0,-1.0,-15.63266,-47.65612,,,,,2023-06-16T21:10:32+00:00
BRA_116904,Brasília,5300108,,Piracicabana,0.016,https://moovitapp.com/index/pt-br/transporte_p%C3%BAblico-line-0_016-Brasilia-1702-850942-5193084-0,-1.0,-15.80246,-47.9214,,,,,2023-06-16T21:10:33+00:00
BRA_116742,Brasília,5300108,,Piracicabana,0.114,https://moovitapp.com/index/pt-br/transporte_p%C3%BAblico-line-0_114-Brasilia-1702-850942-242379-0,-1.0,-15.8101,-47.90295,,,,,2023-06-16T21:10:33+00:00
BRA_118419,Brasília,5300108,,Piracicabana,0.104,https://moovitapp.com/index/pt-br/transporte_p%C3%BAblico-line-0_104-Brasilia-1702-850942-242376-0,-1.0,-15.79868,-47.86386,,,,,2023-06-16T21:10:33+00:00
BRA_117315,Brasília,5300108,,Piracicabana,158.1,https://moovitapp.com/index/pt-br/transporte_p%C3%BAblico-line-158_1-Brasilia-1702-850942-775094-0,-1.0,-15.79631,-47.94616,,,,,2023-06-16T21:10:33+00:00
BRA_118851,Brasília,5300108,,Piracicabana,0.109,https://moovitapp.com/index/pt-br/transporte_p%C3%BAblico-line-0_109-Brasilia-1702-850942-139332631-0,-1.0,-15.78726,-47.90773,,,,,2023-06-16T21:10:33+00:00
BRA_119067,Brasília,5300108,,Piracicabana,0.518,https://moovitapp.com/index/pt-br/transporte_p%C3%BAblico-line-0_518-Brasilia-1702-850942-580670-0,-1.0,-15.70537,-47.88964,,,,,2023-06-16T21:10:34+00:00
BRA_120456,Brasília,5300108,,Piracicabana,0.620,https://moovitapp.com/index/pt-br/transporte_p%C3%BAblico-line-0_620-Brasilia-1702-850942-470748-0,-1.0,-15.62706,-47.72707,,,,,2023-06-16T21:10:34+00:00
BRA_120537,Brasília,5300108,,Piracicabana,0.116,https://moovitapp.com/index/pt-br/transporte_p%C3%BAblico-line-0_116-Brasilia-1702-850942-242381-0,-1.0,-15.79292,-47.87526,,,,,2023-06-16T21:10:34+00:00
BRA_120570,Brasília,5300108,,Piracicabana,603.1,https://moovitapp.com/index/pt-br/transporte_p%C3%BAblico-line-603_1-Brasilia-1702-850942-242492-0,-1.0,-15.76195,-47.83194,,,,,2023-06-16T21:10:34+00:00
BRA_121118,Brasília,5300108,,Piracicabana,104.2,https://moovitapp.com/index/pt-br/transporte_p%C3%BAblico-line-104_2-Brasilia-1702-850942-242431-0,-1.0,-15.79947,-47.86872,,,,,2023-06-16T21:10:34+00:00
BRA_118265,Brasília,5300108,,Piracicabana,0.110,https://moovitapp.com/index/pt-br/transporte_p%C3%BAblico-line-0_110-Brasilia-1702-850942-339284-0,-1.0,-15.76491,-47.87381,,,,,2023-06-16T21:10:34+00:00
BRA_116939,Brasília,5300108,,Piracicabana,0.023,https://moovitapp.com/index/pt-br/transporte_p%C3%BAblico-line-0_023-Brasilia-1702-850942-775082-0,-1.0,-15.77519,-47.87452,,,,,2023-06-16T21:10:34+00:00
BRA_116637,Brasília,5300108,,Piracicabana,0.007,https://moovitapp.com/index/pt-br/transporte_p%C3%BAblico-line-0_007-Brasilia-1702-850942-775080-0,-1.0,-15.79656,-47.89153,,,,,2023-06-16T21:10:34+00:00
BRA_116807,Brasília,5300108,,Piracicabana,0.035,https://moovitapp.com/index/pt-br/transporte_p%C3%BAblico-line-0_035-Brasilia-1702-850942-775084-0,-1.0,-15.79723,-47.98877,,,,,2023-06-16T21:10:34+00:00
BRA_121088,Brasília,5300108,,Piracicabana,0.640,https://moovitapp.com/index/pt-br/transporte_p%C3%BAblico-line-0_640-Brasilia-1702-850942-242423-0,-1.0,-15.83556,-47.93188,,,,1,2023-06-16T21:10:35+00:00
BRA_118788,Brasília,5300108,,Piracicabana,0.620,https://moovitapp.com/index/pt-br/transporte_p%C3%BAblico-line-0_620-Brasilia-1702-850942-470748-0,-1.0,-15.68268,-47.83924,,,,,2023-06-16T21:10:35+00:00
BRA_118796,Brasília,5300108,,Piracicabana,0.143,https://moovitapp.com/index/pt-br/transporte_p%C3%BAblico-line-0_143-Brasilia-1702-850942-470747-0,-1.0,-15.79395,-47.87573,,,,,2023-06-16T21:10:35+00:00
BRA_119831,Brasília,5300108,,Piracicabana,600.6,https://moovitapp.com/index/pt-br/transporte_p%C3%BAblico-line-600_6-Brasilia-1702-850942-425243-0,-1.0,-15.65653,-47.7874,,,,,2023-06-16T21:10:36+00:00
BRA_120685,Brasília,5300108,,Piracicabana,640.2,https://moovitapp.com/index/pt-br/transporte_p%C3%BAblico-line-640_2-Brasilia-1702-850942-697957-0,-1.0,-15.76175,-47.89174,,,,,2023-06-16T21:10:36+00:00
BRA_120693,Brasília,5300108,,Piracicabana,0.640,https://moovitapp.com/index/pt-br/transporte_p%C3%BAblico-line-0_640-Brasilia-1702-850942-242423-0,-1.0,-15.6561,-47.786,,,,,2023-06-16T21:10:36+00:00
BRA_120090,Brasília,5300108,,Piracicabana,107.1,https://moovitapp.com/index/pt-br/transporte_p%C3%BAblico-line-107_1-Brasilia-1702-850942-242434-0,-1.0,-15.7952,-47.87545,,,,,2023-06-16T21:10:36+00:00
BRA_116858,Brasília,5300108,,Piracicabana,0.023,https://moovitapp.com/index/pt-br/transporte_p%C3%BAblico-line-0_023-Brasilia-1702-850942-775082-0,-1.0,-15.80112,-47.8769,,,,,2023-06-16T21:10:36+00:00
BRA_116921,Brasília,5300108,,Piracicabana,0.022,https://moovitapp.com/index/pt-br/transporte_p%C3%BAblico-line-0_022-Brasilia-1702-850942-788975-0,-1.0,-15.82808,-47.90516,,,,,2023-06-16T21:10:36+00:00
BRA_116386,Brasília,5300108,,Piracicabana,0.024,https://moovitapp.com/index/pt-br/transporte_p%C3%BAblico-line-0_024-Brasilia-1702-850942-781320-0,-1.0,-15.79247,-47.91618,,,,,2023-06-16T21:10:36+00:00
BRA_118001,Brasília,5300108,,Piracicabana,504.1,https://moovitapp.com/index/pt-br/transporte_p%C3%BAblico-line-504_1-Brasilia-1702-850942-242476-0,-1.0,-15.65618,-47.78641,,,,,2023-06-16T21:10:36+00:00
BRA_116653,Brasília,5300108,,Piracicabana,0.032,https://moovitapp.com/index/pt-br/transporte_p%C3%BAblico-line-0_032-Brasilia-1702-850942-786257-0,-1.0,-15.82087,-47.89481,,,,,2023-06-16T21:10:37+00:00
BRA_116441,Brasília,5300108,,Piracicabana,0.151,https://moovitapp.com/index/pt-br/transporte_p%C3%BAblico-line-0_151-Brasilia-1702-850942-775087-0,-1.0,-15.80275,-47.89578,,,,,2023-06-16T21:10:37+00:00
BRA_120120,Brasília,5300108,,Piracicabana,605.1,https://moovitapp.com/index/pt-br/transporte_p%C3%BAblico-line-605_1-Brasilia-1702-850942-242496-0,-1.0,-15.68196,-47.83681,,,,,2023-06-16T21:10:37+00:00
BRA_120499,Brasília,5300108,,Piracicabana,604.1,https://moovitapp.com/index/pt-br/transporte_p%C3%BAblico-line-604_1-Brasilia-1702-850942-528957-0,-1.0,-15.77015,-47.9369,,,,,2023-06-16T21:10:37+00:00
BRA_120651,Brasília,5300108,,Piracicabana,503.3,https://moovitapp.com/index/pt-br/transporte_p%C3%BAblico-line-503_3-Brasilia-1702-850942-542829-0,-1.0,-15.77017,-47.9366,,,,,2023-06-16T21:10:37+00:00
BRA_120774,Brasília,5300108,,Piracicabana,158.1,https://moovitapp.com/index/pt-br/transporte_p%C3%BAblico-line-158_1-Brasilia-1702-850942-775094-0,-1.0,-15.80245,-47.94667,,,,,2023-06-16T21:10:37+00:00
BRA_119733,Brasília,5300108,,Piracicabana,604.2,https://moovitapp.com/index/pt-br/transporte_p%C3%BAblico-line-604_2-Brasilia-1702-850942-242494-0,-1.0,-15.75148,-47.92356,,,,,2023-06-16T21:10:37+00:00
BRA_119539,Brasília,5300108,,Piracicabana,506.4,https://moovitapp.com/index/pt-br/transporte_p%C3%BAblico-line-506_4-Brasilia-1702-850942-542830-0,-1.0,-15.68339,-47.85324,,,,,2023-06-16T21:10:37+00:00
BRA_119962,Brasília,5300108,,Piracicabana,0.128,https://moovitapp.com/index/pt-br/transporte_p%C3%BAblico-line-0_128-Brasilia-1702-850942-382511-0,-1.0,-15.7574,-47.92741,,,,,2023-06-16T21:10:38+00:00
BRA_118061,Brasília,5300108,,Piracicabana,0.152,https://moovitapp.com/index/pt-br/transporte_p%C3%BAblico-line-0_152-Brasilia-1702-850942-504333-0,-1.0,-15.79108,-47.91098,,,,,2023-06-16T21:10:38+00:00
BRA_117986,Brasília,5300108,,Piracicabana,640.2,https://moovitapp.com/index/pt-br/transporte_p%C3%BAblico-line-640_2-Brasilia-1702-850942-697957-0,-1.0,-15.74068,-47.89851,,,,,2023-06-16T21:10:38+00:00
BRA_118052,Brasília,5300108,,Piracicabana,066.5,https://moovitapp.com/index/pt-br/transporte_p%C3%BAblico-line-066_5-Brasilia-1702-850942-770026-0,-1.0,-15.6399,-47.64444,,,,,2023-06-16T21:10:38+00:00
BRA_115321,Brasília,5300108,,Piracicabana,102.7,https://moovitapp.com/index/pt-br/transporte_p%C3%BAblico-line-102_7-Brasilia-1702-850942-6676988-0,-1.0,-15.87193,-47.92296,,,,,2023-06-16T21:10:39+00:00
BRA_119075,Brasília,5300108,,Piracicabana,531.3,https://moovitapp.com/index/pt-br/transporte_p%C3%BAblico-line-531_3-Brasilia-1702-850942-89667641-0,-1.0,-15.73547,-47.89738,,,,,2023-06-16T21:10:39+00:00
BRA_120600,Brasília,5300108,,Piracicabana,643.2,https://moovitapp.com/index/pt-br/transporte_p%C3%BAblico-line-643_2-Brasilia-1702-850942-128977732-0,-1.0,-15.66256,-47.80049,,,,1,2023-06-16T21:10:39+00:00
BRA_120448,Brasília,5300108,,Piracicabana,602.1,https://moovitapp.com/index/pt-br/transporte_p%C3%BAblico-line-602_1-Brasilia-1702-850942-242491-0,-1.0,-15.83152,-47.91962,,,,1,2023-06-16T21:10:40+00:00
BRA_120928,Brasília,5300108,,Piracicabana,0.143,https://moovitapp.com/index/pt-br/transporte_p%C3%BAblico-line-0_143-Brasilia-1702-850942-470747-0,-1.0,-15.76082,-47.92165,,,,,2023-06-16T21:10:40+00:00
BRA_119946,Brasília,5300108,,Piracicabana,162.1,https://moovitapp.com/index/pt-br/transporte_p%C3%BAblico-line-162_1-Brasilia-1702-850942-762425-0,-1.0,-15.80621,-47.89861,,,,,2023-06-16T21:10:40+00:00
BRA_118354,Brasília,5300108,,Piracicabana,616.8,https://moovitapp.com/index/pt-br/transporte_p%C3%BAblico-line-616_8-Brasilia-1702-850942-128977718-0,-1.0,-15.78876,-47.88042,,,,,2023-06-16T21:10:40+00:00
BRA_117340,Brasília,5300108,,Piracicabana,504.4,https://moovitapp.com/index/pt-br/transporte_p%C3%BAblico-line-504_4-Brasilia-1702-850942-771759-0,-1.0,-15.62421,-47.6501,,,,1,2023-06-16T21:10:40+00:00
BRA_117366,Brasília,5300108,,Piracicabana,162.1,https://moovitapp.com/index/pt-br/transporte_p%C3%BAblico-line-162_1-Brasilia-1702-850942-762425-0,-1.0,-15.84911,-47.96244,,,,,2023-06-16T21:10:40+00:00
BRA_119423,Brasília,5300108,,Piracicabana,0.515,https://moovitapp.com/index/pt-br/transporte_p%C3%BAblico-line-0_515-Brasilia-1702-850942-26501707-0,-1.0,-15.62525,-47.94203,,,,,2023-06-16T21:10:41+00:00
BRA_120821,Brasília,5300108,,Piracicabana,0.136,https://moovitapp.com/index/pt-br/transporte_p%C3%BAblico-line-0_136-Brasilia-1702-850942-719957-0,-1.0,-15.79469,-47.88222,,,,1,2023-06-16T21:10:41+00:00
BRA_120898,Brasília,5300108,,Piracicabana,0.103,https://moovitapp.com/index/pt-br/transporte_p%C3%BAblico-line-0_103-Brasilia-1702-850942-335705-0,-1.0,-15.79921,-47.86945,,,,1,2023-06-16T21:10:41+00:00
BRA_121096,Brasília,5300108,,Piracicabana,620.1,https://moovitapp.com/index/pt-br/transporte_p%C3%BAblico-line-620_1-Brasilia-1702-850942-697955-0,-1.0,-15.65619,-47.78626,,,,,2023-06-16T21:10:41+00:00
BRA_120464,Brasília,5300108,,Piracicabana,0.107,https://moovitapp.com/index/pt-br/transporte_p%C3%BAblico-line-0_107-Brasilia-1702-850942-242377-0,-1.0,-15.81178,-47.88541,,,,,2023-06-16T21:10:42+00:00
BRA_119717,Brasília,5300108,,Piracicabana,0.526,https://moovitapp.com/index/pt-br/transporte_p%C3%BAblico-line-0_526-Brasilia-1702-850942-242406-0,-1.0,-15.82699,-47.92656,,,,,2023-06-16T21:10:42+00:00
BRA_119296,Brasília,5300108,,Piracicabana,0.501,https://moovitapp.com/index/pt-br/transporte_p%C3%BAblico-line-0_501-Brasilia-1702-850942-663228-0,-1.0,-15.756,-47.88532,,,,,2023-06-16T21:10:42+00:00
BRA_118893,Brasília,5300108,,Piracicabana,116.2,https://moovitapp.com/index/pt-br/transporte_p%C3%BAblico-line-116_2-Brasilia-1702-850942-60842780-0,-1.0,-15.74294,-47.90911,,,,,2023-06-16T21:10:42+00:00
BRA_119474,Brasília,5300108,,Piracicabana,0.513,https://moovitapp.com/index/pt-br/transporte_p%C3%BAblico-line-0_513-Brasilia-1702-850942-242399-0,-1.0,-15.6867,-47.85184,,,,,2023-06-16T21:10:43+00:00
BRA_120481,Brasília,5300108,,Piracicabana,0.107,https://moovitapp.com/index/pt-br/transporte_p%C3%BAblico-line-0_107-Brasilia-1702-850942-242377-0,-1.0,-15.79386,-47.88319,,,,1,2023-06-16T21:10:43+00:00
BRA_120863,Brasília,5300108,,Piracicabana,0.169,https://moovitapp.com/index/pt-br/transporte_p%C3%BAblico-line-0_169-Brasilia-1702-850942-242393-0,-1.0,-15.7749,-47.88853,,,,,2023-06-16T21:10:43+00:00
BRA_117994,Brasília,5300108,,Piracicabana,067.1,https://moovitapp.com/index/pt-br/transporte_p%C3%BAblico-line-067_1-Brasilia-1702-850942-115849257-0,-1.0,-15.60995,-47.69635,,,,,2023-06-16T21:10:43+00:00
BRA_115975,Brasília,5300108,,Piracicabana,0.517,https://moovitapp.com/index/pt-br/transporte_p%C3%BAblico-line-0_517-Brasilia-1702-850942-242400-0,-1.0,-15.63578,-47.8297,,,,,2023-06-16T21:10:43+00:00
BRA_116394,Brasília,5300108,,Piracicabana,0.032,https://moovitapp.com/index/pt-br/transporte_p%C3%BAblico-line-0_032-Brasilia-1702-850942-786257-0,-1.0,-15.74807,-47.88143,,,,1,2023-06-16T21:10:43+00:00
BRA_116459,Brasília,5300108,,Piracicabana,0.151,https://moovitapp.com/index/pt-br/transporte_p%C3%BAblico-line-0_151-Brasilia-1702-850942-775087-0,-1.0,-15.80029,-47.94565,,,,,2023-06-16T21:10:43+00:00
BRA_117943,Brasília,5300108,,Piracicabana,0.136,https://moovitapp.com/index/pt-br/transporte_p%C3%BAblico-line-0_136-Brasilia-1702-850942-719957-0,-1.0,-15.76501,-47.83234,,,,,2023-06-16T21:10:44+00:00
BRA_117242,Brasília,5300108,,Piracicabana,640.2,https://moovitapp.com/index/pt-br/transporte_p%C3%BAblico-line-640_2-Brasilia-1702-850942-697957-0,-1.0,-15.6621,-47.79953,,,,,2023-06-16T21:10:44+00:00
BRA_121053,Brasília,5300108,,Piracicabana,642.1,https://moovitapp.com/index/pt-br/transporte_p%C3%BAblico-line-642_1-Brasilia-1702-850942-242510-0,-1.0,-15.76104,-47.89175,,,,,2023-06-16T21:10:44+00:00
BRA_120626,Brasília,5300108,,Piracicabana,0.116,https://moovitapp.com/index/pt-br/transporte_p%C3%BAblico-line-0_116-Brasilia-1702-850942-242381-0,-1.0,-15.766,-47.87621,,,,,2023-06-16T21:10:44+00:00
BRA_119091,Brasília,5300108,,Piracicabana,063.2,https://moovitapp.com/index/pt-br/transporte_p%C3%BAblico-line-063_2-Brasilia-1702-850942-137934615-0,-1.0,-15.64694,-47.80613,,,,,2023-06-16T21:10:44+00:00
BRA_119024,Brasília,5300108,,Piracicabana,116.2,https://moovitapp.com/index/pt-br/transporte_p%C3%BAblico-line-116_2-Brasilia-1702-850942-60842780-0,-1.0,-15.784,-47.90986,,,,1,2023-06-16T21:10:44+00:00
BRA_118974,Brasília,5300108,,Piracicabana,0.617,https://moovitapp.com/index/pt-br/transporte_p%C3%BAblico-line-0_617-Brasilia-1702-850942-242417-0,-1.0,-15.75865,-47.88447,,,,,2023-06-16T21:10:44+00:00
BRA_119415,Brasília,5300108,,Piracicabana,104.1,https://moovitapp.com/index/pt-br/transporte_p%C3%BAblico-line-104_1-Brasilia-1702-850942-242430-0,-1.0,-15.82692,-47.91458,,,,1,2023-06-16T21:10:45+00:00
BRA_119768,Brasília,5300108,,Piracicabana,0.504,https://moovitapp.com/index/pt-br/transporte_p%C3%BAblico-line-0_504-Brasilia-1702-850942-781321-0,-1.0,-15.65641,-47.78716,,,,,2023-06-16T21:10:45+00:00
BRA_120421,Brasília,5300108,,Piracicabana,504.1,https://moovitapp.com/index/pt-br/transporte_p%C3%BAblico-line-504_1-Brasilia-1702-850942-242476-0,-1.0,-15.6436,-47.78782,,,,,2023-06-16T21:10:45+00:00
BRA_120171,Brasília,5300108,,Piracicabana,106.2,https://moovitapp.com/index/pt-br/transporte_p%C3%BAblico-line-106_2-Brasilia-1702-850942-242433-0,-1.0,-15.80635,-47.89875,,,,,2023-06-16T21:10:45+00:00
BRA_120146,Brasília,5300108,,Piracicabana,519.2,https://moovitapp.com/index/pt-br/transporte_p%C3%BAblico-line-519_2-Brasilia-1702-850942-242483-0,-1.0,-15.63823,-47.83958,,,,,2023-06-16T21:10:45+00:00
BRA_118214,Brasília,5300108,,Piracicabana,136.7,https://moovitapp.com/index/pt-br/transporte_p%C3%BAblico-line-136_7-Brasilia-1702-850942-242451-0,-1.0,-15.80048,-47.8767,,,,,2023-06-16T21:10:45+00:00
BRA_117609,Brasília,5300108,,Piracicabana,0.517,https://moovitapp.com/index/pt-br/transporte_p%C3%BAblico-line-0_517-Brasilia-1702-850942-242400-0,-1.0,-15.65913,-47.84472,,,,,2023-06-16T21:10:46+00:00
BRA_117731,Brasília,5300108,,Piracicabana,617.2,https://moovitapp.com/index/pt-br/transporte_p%C3%BAblico-line-617_2-Brasilia-1702-850942-242504-0,-1.0,-15.66216,-47.79967,,,,,2023-06-16T21:10:46+00:00
BRA_119784,Brasília,5300108,,Piracicabana,620.1,https://moovitapp.com/index/pt-br/transporte_p%C3%BAblico-line-620_1-Brasilia-1702-850942-697955-0,-1.0,-15.66538,-47.80726,,,,,2023-06-16T21:10:46+00:00
BRA_120367,Brasília,5300108,,Piracicabana,640.2,https://moovitapp.com/index/pt-br/transporte_p%C3%BAblico-line-640_2-Brasilia-1702-850942-697957-0,-1.0,-15.6085,-47.69352,,,,,2023-06-16T21:10:46+00:00
BRA_120324,Brasília,5300108,,Piracicabana,067.3,https://moovitapp.com/index/pt-br/transporte_p%C3%BAblico-line-067_3-Brasilia-1702-850942-339294-0,-1.0,-15.61844,-47.64351,,,,,2023-06-16T21:10:46+00:00
BRA_118770,Brasília,5300108,,Piracicabana,115.1,https://moovitapp.com/index/pt-br/transporte_p%C3%BAblico-line-115_1-Brasilia-1702-850942-242436-0,-1.0,-15.78899,-47.88876,,,,,2023-06-16T21:10:46+00:00
BRA_118877,Brasília,5300108,,Piracicabana,158.1,https://moovitapp.com/index/pt-br/transporte_p%C3%BAblico-line-158_1-Brasilia-1702-850942-775094-0,-1.0,-15.7875,-47.94194,,,,1,2023-06-16T21:10:46+00:00
BRA_119121,Brasília,5300108,,Piracicabana,501.5,https://moovitapp.com/index/pt-br/transporte_p%C3%BAblico-line-501_5-Brasilia-1702-850942-414578-0,-1.0,-15.83055,-47.92953,,,,,2023-06-16T21:10:47+00:00
BRA_118486,Brasília,5300108,,Piracicabana,099.1,https://moovitapp.com/index/pt-br/transporte_p%C3%BAblico-line-099_1-Brasilia-1702-850942-775090-0,-1.0,-15.80043,-47.93762,,,,1,2023-06-16T21:10:47+00:00
BRA_119679,Brasília,5300108,,Piracicabana,0.501,https://moovitapp.com/index/pt-br/transporte_p%C3%BAblico-line-0_501-Brasilia-1702-850942-663228-0,-1.0,-15.69211,-47.8666,,,,,2023-06-16T21:10:47+00:00
BRA_120561,Brasília,5300108,,Piracicabana,504.5,https://moovitapp.com/index/pt-br/transporte_p%C3%BAblico-line-504_5-Brasilia-1702-850942-109439541-0,-1.0,-15.62271,-47.65754,,,,,2023-06-16T21:10:47+00:00
BRA_120154,Brasília,5300108,,Piracicabana,602.1,https://moovitapp.com/index/pt-br/transporte_p%C3%BAblico-line-602_1-Brasilia-1702-850942-242491-0,-1.0,-15.63923,-47.74993,,,,,2023-06-16T21:10:47+00:00
BRA_120731,Brasília,5300108,,Piracicabana,616.1,https://moovitapp.com/index/pt-br/transporte_p%C3%BAblico-line-616_1-Brasilia-1702-850942-242498-0,-1.0,-15.74106,-47.69944,,,,,2023-06-16T21:10:47+00:00
BRA_116831,Brasília,5300108,,Piracicabana,0.006,https://moovitapp.com/index/pt-br/transporte_p%C3%BAblico-line-0_006-Brasilia-1702-850942-775079-0,-1.0,-15.81588,-47.91067,,,,,2023-06-16T21:10:47+00:00
BRA_117692,Brasília,5300108,,Piracicabana,505.5,https://moovitapp.com/index/pt-br/transporte_p%C3%BAblico-line-505_5-Brasilia-1702-850942-651521-0,-1.0,-15.6347,-47.82281,,,,,2023-06-16T21:10:47+00:00
BRA_117200,Brasília,5300108,,Piracicabana,062.5,https://moovitapp.com/index/pt-br/transporte_p%C3%BAblico-line-062_5-Brasilia-1702-850942-339835-0,-1.0,-15.66514,-47.80701,,,,,2023-06-16T21:10:47+00:00
BRA_118842,Brasília,5300108,,Piracicabana,0.109,https://moovitapp.com/index/pt-br/transporte_p%C3%BAblico-line-0_109-Brasilia-1702-850942-139332631-0,-1.0,-15.79338,-47.88879,,,,,2023-06-16T21:10:48+00:00
BRA_118443,Brasília,5300108,,Piracicabana,0.116,https://moovitapp.com/index/pt-br/transporte_p%C3%BAblico-line-0_116-Brasilia-1702-850942-242381-0,-1.0,-15.79317,-47.88171,,,,,2023-06-16T21:10:48+00:00
BRA_118290,Brasília,5300108,,Piracicabana,0.110,https://moovitapp.com/index/pt-br/transporte_p%C3%BAblico-line-0_110-Brasilia-1702-850942-339284-0,-1.0,-15.79384,-47.88304,,,,,2023-06-16T21:10:48+00:00
BRA_120243,Brasília,5300108,,Piracicabana,0.641,https://moovitapp.com/index/pt-br/transporte_p%C3%BAblico-line-0_641-Brasilia-1702-850942-242424-0,-1.0,-15.63959,-47.75072,,,,,2023-06-16T21:10:48+00:00
BRA_118613,Brasília,5300108,,Piracicabana,504.4,https://moovitapp.com/index/pt-br/transporte_p%C3%BAblico-line-504_4-Brasilia-1702-850942-771759-0,-1.0,-15.64476,-47.7618,,,,,2023-06-16T21:10:48+00:00
BRA_119865,Brasília,5300108,,Piracicabana,601.6,https://moovitapp.com/index/pt-br/transporte_p%C3%BAblico-line-601_6-Brasilia-1702-850942-697954-0,-1.0,-15.62771,-47.65919,,,,,2023-06-16T21:10:49+00:00
BRA_120618,Brasília,5300108,,Piracicabana,0.617,https://moovitapp.com/index/pt-br/transporte_p%C3%BAblico-line-0_617-Brasilia-1702-850942-242417-0,-1.0,-15.67003,-47.81479,,,,,2023-06-16T21:10:49+00:00
BRA_120740,Brasília,5300108,,Piracicabana,0.116,https://moovitapp.com/index/pt-br/transporte_p%C3%BAblico-line-0_116-Brasilia-1702-850942-242381-0,-1.0,-15.79426,-47.8784,,,,,2023-06-16T21:10:49+00:00
BRA_118150,Brasília,5300108,,Piracicabana,0.107,https://moovitapp.com/index/pt-br/transporte_p%C3%BAblico-line-0_107-Brasilia-1702-850942-242377-0,-1.0,-15.80949,-47.88322,,,,,2023-06-16T21:10:49+00:00
BRA_118222,Brasília,5300108,,Piracicabana,158.1,https://moovitapp.com/index/pt-br/transporte_p%C3%BAblico-line-158_1-Brasilia-1702-850942-775094-0,-1.0,-15.78627,-47.98526,,,,,2023-06-16T21:10:49+00:00
BRA_117005,Brasília,5300108,,Piracicabana,0.007,https://moovitapp.com/index/pt-br/transporte_p%C3%BAblico-line-0_007-Brasilia-1702-850942-775080-0,-1.0,-15.79096,-47.88721,,,,,2023-06-16T21:10:50+00:00
BRA_115941,Brasília,5300108,,Piracicabana,0.509,https://moovitapp.com/index/pt-br/transporte_p%C3%BAblico-line-0_509-Brasilia-1702-850942-242397-0,-1.0,-15.70058,-47.88358,,,,,2023-06-16T21:10:50+00:00
BRA_120511,Brasília,5300108,,Piracicabana,616.8,https://moovitapp.com/index/pt-br/transporte_p%C3%BAblico-line-616_8-Brasilia-1702-850942-128977718-0,-1.0,-15.66829,-47.81256,,,,,2023-06-16T21:10:50+00:00
BRA_120219,Brasília,5300108,,Piracicabana,616.8,https://moovitapp.com/index/pt-br/transporte_p%C3%BAblico-line-616_8-Brasilia-1702-850942-128977718-0,-1.0,-15.60373,-47.68572,,,,,2023-06-16T21:10:50+00:00
BRA_120715,Brasília,5300108,,Piracicabana,067.3,https://moovitapp.com/index/pt-br/transporte_p%C3%BAblico-line-067_3-Brasilia-1702-850942-339294-0,-1.0,-15.62431,-47.65296,,,,,2023-06-16T21:10:51+00:00
BRA_119512,Brasília,5300108,,Piracicabana,0.525,https://moovitapp.com/index/pt-br/transporte_p%C3%BAblico-line-0_525-Brasilia-1702-850942-770024-0,-1.0,-15.77814,-47.87989,,,,,2023-06-16T21:10:51+00:00
BRA_118940,Brasília,5300108,,Piracicabana,0.116,https://moovitapp.com/index/pt-br/transporte_p%C3%BAblico-line-0_116-Brasilia-1702-850942-242381-0,-1.0,-15.79388,-47.8866,,,,,2023-06-16T21:10:51+00:00
BRA_119032,Brasília,5300108,,Piracicabana,0.143,https://moovitapp.com/index/pt-br/transporte_p%C3%BAblico-line-0_143-Brasilia-1702-850942-470747-0,-1.0,-15.76023,-47.95346,,,,,2023-06-16T21:10:51+00:00
BRA_117013,Brasília,5300108,,Piracicabana,0.166,https://moovitapp.com/index/pt-br/transporte_p%C3%BAblico-line-0_166-Brasilia-1702-850942-242391-0,-1.0,-15.78974,-47.94161,,,,,2023-06-16T21:10:51+00:00
BRA_116521,Brasília,5300108,,Piracicabana,0.151,https://moovitapp.com/index/pt-br/transporte_p%C3%BAblico-line-0_151-Brasilia-1702-850942-775087-0,-1.0,-15.80116,-47.94266,,,,,2023-06-16T21:10:51+00:00
BRA_117811,Brasília,5300108,,Piracicabana,0.533,https://moovitapp.com/index/pt-br/transporte_p%C3%BAblico-line-0_533-Brasilia-1702-850942-242409-0,-1.0,-15.64764,-47.78627,,,,,2023-06-16T21:10:52+00:00
BRA_117471,Brasília,5300108,,Piracicabana,063.1,https://moovitapp.com/index/pt-br/transporte_p%C3%BAblico-line-063_1-Brasilia-1702-850942-339291-0,-1.0,-15.65031,-47.78601,,,,1,2023-06-16T21:10:52+00:00
BRA_117056,Brasília,5300108,,Piracicabana,0.032,https://moovitapp.com/index/pt-br/transporte_p%C3%BAblico-line-0_032-Brasilia-1702-850942-786257-0,-1.0,-15.80964,-47.90257,,,,,2023-06-16T21:10:52+00:00
BRA_118575,Brasília,5300108,,Piracicabana,110.2,https://moovitapp.com/index/pt-br/transporte_p%C3%BAblico-line-110_2-Brasilia-1702-850942-339295-0,-1.0,-15.75004,-47.87422,,,,,2023-06-16T21:10:52+00:00
BRA_119261,Brasília,5300108,,Piracicabana,062.7,https://moovitapp.com/index/pt-br/transporte_p%C3%BAblico-line-062_7-Brasilia-1702-850942-494154-0,-1.0,-15.63863,-47.82149,,,,,2023-06-16T21:10:52+00:00
BRA_118907,Brasília,5300108,,Piracicabana,642.1,https://moovitapp.com/index/pt-br/transporte_p%C3%BAblico-line-642_1-Brasilia-1702-850942-242510-0,-1.0,-15.66086,-47.79689,,,,,2023-06-16T21:10:53+00:00
BRA_118371,Brasília,5300108,,Piracicabana,0.641,https://moovitapp.com/index/pt-br/transporte_p%C3%BAblico-line-0_641-Brasilia-1702-850942-242424-0,-1.0,-15.65798,-47.79056,,,,1,2023-06-16T21:10:53+00:00
BRA_118192,Brasília,5300108,,Piracicabana,0.136,https://moovitapp.com/index/pt-br/transporte_p%C3%BAblico-line-0_136-Brasilia-1702-850942-719957-0,-1.0,-15.79274,-47.87519,,,,,2023-06-16T21:10:53+00:00
BRA_116793,Brasília,5300108,,Piracicabana,0.022,https://moovitapp.com/index/pt-br/transporte_p%C3%BAblico-line-0_022-Brasilia-1702-850942-788975-0,-1.0,-15.84075,-47.92181,,,,,2023-06-16T21:10:53+00:00
BRA_116564,Brasília,5300108,,Piracicabana,0.035,https://moovitapp.com/index/pt-br/transporte_p%C3%BAblico-line-0_035-Brasilia-1702-850942-775084-0,-1.0,-15.78872,-47.8934,,,,,2023-06-16T21:10:53+00:00
BRA_115622,Brasília,5300108,,Piracicabana,0.641,https://moovitapp.com/index/pt-br/transporte_p%C3%BAblico-line-0_641-Brasilia-1702-850942-242424-0,-1.0,-15.79338,-47.88999,,,,,2023-06-16T21:10:53+00:00
BRA_115851,Brasília,5300108,,Piracicabana,600.3,https://moovitapp.com/index/pt-br/transporte_p%C3%BAblico-line-600_3-Brasilia-1702-850942-494156-0,-1.0,-15.77814,-47.87989,,,,,2023-06-16T21:10:54+00:00
BRA_116645,Brasília,5300108,,Piracicabana,0.006,https://moovitapp.com/index/pt-br/transporte_p%C3%BAblico-line-0_006-Brasilia-1702-850942-775079-0,-1.0,-15.78803,-47.93677,,,,,2023-06-16T21:10:54+00:00
BRA_118338,Brasília,5300108,,Piracicabana,136.9,https://moovitapp.com/index/pt-br/transporte_p%C3%BAblico-line-136_9-Brasilia-1702-850942-773702-0,-1.0,-15.72208,-47.88331,,,,,2023-06-16T21:10:54+00:00
BRA_118427,Brasília,5300108,,Piracicabana,136.6,https://moovitapp.com/index/pt-br/transporte_p%C3%BAblico-line-136_6-Brasilia-1702-850942-773700-0,-1.0,-15.76309,-47.8909,,,,,2023-06-16T21:10:54+00:00
BRA_120880,Brasília,5300108,,Piracicabana,116.2,https://moovitapp.com/index/pt-br/transporte_p%C3%BAblico-line-116_2-Brasilia-1702-850942-60842780-0,-1.0,-15.76872,-47.9124,,,,,2023-06-16T21:10:54+00:00
BRA_120294,Brasília,5300108,,Piracicabana,605.1,https://moovitapp.com/index/pt-br/transporte_p%C3%BAblico-line-605_1-Brasilia-1702-850942-242496-0,-1.0,-15.83592,-47.92707,,,,,2023-06-16T21:10:54+00:00
BRA_120391,Brasília,5300108,,Piracicabana,0.620,https://moovitapp.com/index/pt-br/transporte_p%C3%BAblico-line-0_620-Brasilia-1702-850942-470748-0,-1.0,-15.66317,-47.80171,,,,,2023-06-16T21:10:55+00:00
BRA_118699,Brasília,5300108,,Piracicabana,0.110,https://moovitapp.com/index/pt-br/transporte_p%C3%BAblico-line-0_110-Brasilia-1702-850942-339284-0,-1.0,-15.76503,-47.87054,,,,,2023-06-16T21:10:55+00:00
BRA_119016,Brasília,5300108,,Piracicabana,0.110,https://moovitapp.com/index/pt-br/transporte_p%C3%BAblico-line-0_110-Brasilia-1702-850942-339284-0,-1.0,-15.79395,-47.87891,,,,,2023-06-16T21:10:55+00:00
BRA_119148,Brasília,5300108,,Piracicabana,062.7,https://moovitapp.com/index/pt-br/transporte_p%C3%BAblico-line-062_7-Brasilia-1702-850942-494154-0,-1.0,-15.63822,-47.82161,,,,,2023-06-16T21:10:55+00:00
BRA_118362,Brasília,5300108,,Piracicabana,153.2,https://moovitapp.com/index/pt-br/transporte_p%C3%BAblico-line-153_2-Brasilia-1702-850942-775093-0,-1.0,-15.83569,-47.97424,,,,,2023-06-16T21:10:55+00:00
BRA_118257,Brasília,5300108,,Piracicabana,0.110,https://moovitapp.com/index/pt-br/transporte_p%C3%BAblico-line-0_110-Brasilia-1702-850942-339284-0,-1.0,-15.79327,-47.87474,,,,,2023-06-16T21:10:55+00:00
BRA_117323,Brasília,5300108,,Piracicabana,642.1,https://moovitapp.com/index/pt-br/transporte_p%C3%BAblico-line-642_1-Brasilia-1702-850942-242510-0,-1.0,-15.65524,-47.78405,,,,,2023-06-16T21:10:55+00:00
BRA_117528,Brasília,5300108,,Piracicabana,515.4,https://moovitapp.com/index/pt-br/transporte_p%C3%BAblico-line-515_4-Brasilia-1702-850942-65518229-0,-1.0,-15.6089,-47.96375,,,,,2023-06-16T21:10:55+00:00
BRA_116611,Brasília,5300108,,Piracicabana,062.5,https://moovitapp.com/index/pt-br/transporte_p%C3%BAblico-line-062_5-Brasilia-1702-850942-339835-0,-1.0,-15.66316,-47.8053,,,,,2023-06-16T21:10:55+00:00
BRA_115894,Brasília,5300108,,Piracicabana,501.1,https://moovitapp.com/index/pt-br/transporte_p%C3%BAblico-line-501_1-Brasilia-1702-850942-574195-0,-1.0,-15.80089,-47.86399,,,,,2023-06-16T21:10:55+00:00
BRA_115924,Brasília,5300108,,Piracicabana,519.3,https://moovitapp.com/index/pt-br/transporte_p%C3%BAblico-line-519_3-Brasilia-1702-850942-556807-0,-1.0,-15.83511,-47.92528,,,,,2023-06-16T21:10:55+00:00
BRA_116718,Brasília,5300108,,Piracicabana,0.024,https://moovitapp.com/index/pt-br/transporte_p%C3%BAblico-line-0_024-Brasilia-1702-850942-781320-0,-1.0,-15.79932,-47.93573,,,,,2023-06-16T21:10:56+00:00
BRA_117404,Brasília,5300108,,Piracicabana,0.601,https://moovitapp.com/index/pt-br/transporte_p%C3%BAblico-line-0_601-Brasilia-1702-850942-242411-0,-1.0,-15.65152,-47.77658,,,,,2023-06-16T21:10:56+00:00
BRA_119326,Brasília,5300108,,Piracicabana,501.2,https://moovitapp.com/index/pt-br/transporte_p%C3%BAblico-line-501_2-Brasilia-1702-850942-786258-0,-1.0,-15.83524,-47.92763,,,,,2023-06-16T21:10:56+00:00
BRA_118672,Brasília,5300108,,Piracicabana,0.620,https://moovitapp.com/index/pt-br/transporte_p%C3%BAblico-line-0_620-Brasilia-1702-850942-470748-0,-1.0,-15.72583,-47.89502,,,,,2023-06-16T21:10:56+00:00
BRA_118761,Brasília,5300108,,Piracicabana,152.2,https://moovitapp.com/index/pt-br/transporte_p%C3%BAblico-line-152_2-Brasilia-1702-850942-504334-0,-1.0,-15.79824,-47.87251,,,,,2023-06-16T21:10:56+00:00
BRA_118729,Brasília,5300108,,Piracicabana,0.152,https://moovitapp.com/index/pt-br/transporte_p%C3%BAblico-line-0_152-Brasilia-1702-850942-504333-0,-1.0,-15.80853,-47.93417,,,,,2023-06-16T21:10:56+00:00
BRA_118966,Brasília,5300108,,Piracicabana,640.2,https://moovitapp.com/index/pt-br/transporte_p%C3%BAblico-line-640_2-Brasilia-1702-850942-697957-0,-1.0,-15.7749,-47.88853,,,,,2023-06-16T21:10:56+00:00
BRA_120251,Brasília,5300108,,Piracicabana,0.604,https://moovitapp.com/index/pt-br/transporte_p%C3%BAblico-line-0_604-Brasilia-1702-850942-242414-0,-1.0,-15.68738,-47.85419,,,,,2023-06-16T21:10:56+00:00
BRA_120260,Brasília,5300108,,Piracicabana,616.1,https://moovitapp.com/index/pt-br/transporte_p%C3%BAblico-line-616_1-Brasilia-1702-850942-242498-0,-1.0,-15.81075,-47.84661,,,,,2023-06-16T21:10:56+00:00
BRA_120111,Brasília,5300108,,Piracicabana,642.1,https://moovitapp.com/index/pt-br/transporte_p%C3%BAblico-line-642_1-Brasilia-1702-850942-242510-0,-1.0,-15.81181,-47.9051,,,,,2023-06-16T21:10:56+00:00
BRA_120944,Brasília,5300108,,Piracicabana,0.517,https://moovitapp.com/index/pt-br/transporte_p%C3%BAblico-line-0_517-Brasilia-1702-850942-242400-0,-1.0,-15.80165,-47.89483,,,,,2023-06-16T21:10:57+00:00
BRA_119113,Brasília,5300108,,Piracicabana,0.513,https://moovitapp.com/index/pt-br/transporte_p%C3%BAblico-line-0_513-Brasilia-1702-850942-242399-0,-1.0,-15.65728,-47.80087,,,,,2023-06-16T21:10:57+00:00
BRA_118524,Brasília,5300108,,Piracicabana,0.605,https://moovitapp.com/index/pt-br/transporte_p%C3%BAblico-line-0_605-Brasilia-1702-850942-242415-0,-1.0,-15.72347,-47.89573,,,,,2023-06-16T21:10:57+00:00
BRA_117820,Brasília,5300108,,Piracicabana,0.150,https://moovitapp.com/index/pt-br/transporte_p%C3%BAblico-line-0_150-Brasilia-1702-850942-775086-0,-1.0,-15.83192,-47.92256,,,,,2023-06-16T21:10:57+00:00
BRA_116335,Brasília,5300108,,,628.2,,,-15.84525,-47.62611,,,,,2023-06-16T21:10:57+00:00
BRA_116688,Brasília,5300108,,Piracicabana,062.8,https://moovitapp.com/index/pt-br/transporte_p%C3%BAblico-line-062_8-Brasilia-1702-850942-393556-0,-1.0,-15.63902,-47.82277,,,,,2023-06-16T21:10:58+00:00
BRA_115916,Brasília,5300108,,Piracicabana,512.1,https://moovitapp.com/index/pt-br/transporte_p%C3%BAblico-line-512_1-Brasilia-1702-850942-474401-0,-1.0,-15.64762,-47.80294,,,,,2023-06-16T21:10:58+00:00
BRA_116297,Brasília,5300108,,Piracicabana,066.4,https://moovitapp.com/index/pt-br/transporte_p%C3%BAblico-line-066_4-Brasilia-1702-850942-763557-0,-1.0,-15.64959,-47.67256,,,,,2023-06-16T21:10:58+00:00
BRA_115665,Brasília,5300108,,Piracicabana,616.6,https://moovitapp.com/index/pt-br/transporte_p%C3%BAblico-line-616_6-Brasilia-1702-850942-242503-0,-1.0,-15.79877,-47.87085,,,,,2023-06-16T21:10:58+00:00
BRA_117919,Brasília,5300108,,Piracicabana,616.1,https://moovitapp.com/index/pt-br/transporte_p%C3%BAblico-line-616_1-Brasilia-1702-850942-242498-0,-1.0,-15.79566,-47.78322,,,,,2023-06-16T21:10:58+00:00
BRA_117552,Brasília,5300108,,Piracicabana,0.511,https://moovitapp.com/index/pt-br/transporte_p%C3%BAblico-line-0_511-Brasilia-1702-850942-770023-0,-1.0,-15.64871,-47.78185,,,,,2023-06-16T21:10:58+00:00
BRA_118745,Brasília,5300108,,Piracicabana,136.5,https://moovitapp.com/index/pt-br/transporte_p%C3%BAblico-line-136_5-Brasilia-1702-850942-516628-0,-1.0,-15.78019,-47.87388,,,,,2023-06-16T21:10:58+00:00
BRA_119202,Brasília,5300108,,Piracicabana,531.1,https://moovitapp.com/index/pt-br/transporte_p%C3%BAblico-line-531_1-Brasilia-1702-850942-476289-0,-1.0,-15.5692,-47.84854,,,,,2023-06-16T21:10:59+00:00
BRA_119491,Brasília,5300108,,Piracicabana,128.4,https://moovitapp.com/index/pt-br/transporte_p%C3%BAblico-line-128_4-Brasilia-1702-850942-401624-0,-1.0,-15.73514,-47.89715,,,,,2023-06-16T21:10:59+00:00
BRA_119750,Brasília,5300108,,Piracicabana,0.517,https://moovitapp.com/index/pt-br/transporte_p%C3%BAblico-line-0_517-Brasilia-1702-850942-242400-0,-1.0,-15.7504,-47.89512,,,,,2023-06-16T21:10:59+00:00
BRA_117064,Brasília,5300108,,Piracicabana,601.1,https://moovitapp.com/index/pt-br/transporte_p%C3%BAblico-line-601_1-Brasilia-1702-850942-322377-0,-1.0,-15.61947,-47.6432,,,,,2023-06-16T21:10:59+00:00
BRA_115746,Brasília,5300108,,Piracicabana,604.2,https://moovitapp.com/index/pt-br/transporte_p%C3%BAblico-line-604_2-Brasilia-1702-850942-242494-0,-1.0,-15.80487,-47.96719,,,,,2023-06-16T21:11:00+00:00
BRA_120677,Brasília,5300108,,Piracicabana,0.128,https://moovitapp.com/index/pt-br/transporte_p%C3%BAblico-line-0_128-Brasilia-1702-850942-382511-0,-1.0,-15.76652,-47.89022,,,,,2023-06-16T21:11:00+00:00
BRA_120286,Brasília,5300108,,Piracicabana,0.116,https://moovitapp.com/index/pt-br/transporte_p%C3%BAblico-line-0_116-Brasilia-1702-850942-242381-0,-1.0,-15.7875,-47.88804,,,,,2023-06-16T21:11:00+00:00
BRA_119466,Brasília,5300108,,Piracicabana,604.3,https://moovitapp.com/index/pt-br/transporte_p%C3%BAblico-line-604_3-Brasilia-1702-850942-242495-0,-1.0,-15.80508,-47.96588,,,,1,2023-06-16T21:11:01+00:00
BRA_119741,Brasília,5300108,,Piracicabana,0.518,https://moovitapp.com/index/pt-br/transporte_p%C3%BAblico-line-0_518-Brasilia-1702-850942-580670-0,-1.0,-15.78955,-47.88066,,,,,2023-06-16T21:11:01+00:00
BRA_118915,Brasília,5300108,,Piracicabana,153.2,https://moovitapp.com/index/pt-br/transporte_p%C3%BAblico-line-153_2-Brasilia-1702-850942-775093-0,-1.0,-15.80837,-47.96194,,,,,2023-06-16T21:11:01+00:00
BRA_119008,Brasília,5300108,,Piracicabana,158.1,https://moovitapp.com/index/pt-br/transporte_p%C3%BAblico-line-158_1-Brasilia-1702-850942-775094-0,-1.0,-15.80068,-47.97126,,,,,2023-06-16T21:11:01+00:00
BRA_115711,Brasília,5300108,,Piracicabana,600.7,https://moovitapp.com/index/pt-br/transporte_p%C3%BAblico-line-600_7-Brasilia-1702-850942-698442-0,-1.0,-15.59486,-47.66689,,,,,2023-06-16T21:11:01+00:00
BRA_116696,Brasília,5300108,,Piracicabana,162.1,https://moovitapp.com/index/pt-br/transporte_p%C3%BAblico-line-162_1-Brasilia-1702-850942-762425-0,-1.0,-15.80801,-47.90098,,,,,2023-06-16T21:11:01+00:00
BRA_117617,Brasília,5300108,,Piracicabana,099.1,https://moovitapp.com/index/pt-br/transporte_p%C3%BAblico-line-099_1-Brasilia-1702-850942-775090-0,-1.0,-15.85269,-48.04037,,,,1,2023-06-16T21:11:01+00:00
BRA_117170,Brasília,5300108,,Piracicabana,501.4,https://moovitapp.com/index/pt-br/transporte_p%C3%BAblico-line-501_4-Brasilia-1702-850942-775096-0,-1.0,-15.64303,-47.81433,,,,,2023-06-16T21:11:01+00:00
BRA_117587,Brasília,5300108,,Piracicabana,063.1,https://moovitapp.com/index/pt-br/transporte_p%C3%BAblico-line-063_1-Brasilia-1702-850942-339291-0,-1.0,-15.64758,-47.83841,,,,,2023-06-16T21:11:01+00:00
BRA_117978,Brasília,5300108,,Piracicabana,0.601,https://moovitapp.com/index/pt-br/transporte_p%C3%BAblico-line-0_601-Brasilia-1702-850942-242411-0,-1.0,-15.66546,-47.80664,,,,,2023-06-16T21:11:02+00:00
BRA_116726,Brasília,5300108,,Piracicabana,0.032,https://moovitapp.com/index/pt-br/transporte_p%C3%BAblico-line-0_032-Brasilia-1702-850942-786257-0,-1.0,-15.83635,-47.93335,,,,,2023-06-16T21:11:02+00:00
BRA_115347,Brasília,5300108,,Piracicabana,110.2,https://moovitapp.com/index/pt-br/transporte_p%C3%BAblico-line-110_2-Brasilia-1702-850942-339295-0,-1.0,-15.79331,-47.88224,,,,1,2023-06-16T21:11:02+00:00
BRA_120413,Brasília,5300108,,Piracicabana,643.2,https://moovitapp.com/index/pt-br/transporte_p%C3%BAblico-line-643_2-Brasilia-1702-850942-128977732-0,-1.0,-15.80345,-47.89638,,,,,2023-06-16T21:11:02+00:00
BRA_120871,Brasília,5300108,,Piracicabana,099.1,https://moovitapp.com/index/pt-br/transporte_p%C3%BAblico-line-099_1-Brasilia-1702-850942-775090-0,-1.0,-15.83614,-48.05611,,,,,2023-06-16T21:11:03+00:00
BRA_119245,Brasília,5300108,,Piracicabana,0.640,https://moovitapp.com/index/pt-br/transporte_p%C3%BAblico-line-0_640-Brasilia-1702-850942-242423-0,-1.0,-15.66191,-47.79875,,,,,2023-06-16T21:11:03+00:00
BRA_115827,Brasília,5300108,,Piracicabana,062.9,https://moovitapp.com/index/pt-br/transporte_p%C3%BAblico-line-062_9-Brasilia-1702-850942-77230028-0,-1.0,-15.64535,-47.82505,,,,,2023-06-16T21:11:03+00:00
BRA_116327,Brasília,5300108,,Piracicabana,601.2,https://moovitapp.com/index/pt-br/transporte_p%C3%BAblico-line-601_2-Brasilia-1702-850942-322378-0,-1.0,-15.62085,-47.65066,,,,,2023-06-16T21:11:03+00:00
BRA_117501,Brasília,5300108,,Piracicabana,600.3,https://moovitapp.com/index/pt-br/transporte_p%C3%BAblico-line-600_3-Brasilia-1702-850942-494156-0,-1.0,-15.66504,-47.80568,,,,,2023-06-16T21:11:03+00:00
BRA_117218,Brasília,5300108,,Piracicabana,0.601,https://moovitapp.com/index/pt-br/transporte_p%C3%BAblico-line-0_601-Brasilia-1702-850942-242411-0,-1.0,-15.76499,-47.88246,,,,,2023-06-16T21:11:03+00:00
BRA_117706,Brasília,5300108,,Piracicabana,103.2,https://moovitapp.com/index/pt-br/transporte_p%C3%BAblico-line-103_2-Brasilia-1702-850942-474397-0,-1.0,-15.83613,-47.92691,,,,,2023-06-16T21:11:04+00:00
BRA_118109,Brasília,5300108,,Piracicabana,505.8,https://moovitapp.com/index/pt-br/transporte_p%C3%BAblico-line-505_8-Brasilia-1702-850942-339297-0,-1.0,-15.67262,-47.84162,,,,,2023-06-16T21:11:04+00:00
BRA_116033,Brasília,5300108,,Piracicabana,604.1,https://moovitapp.com/index/pt-br/transporte_p%C3%BAblico-line-604_1-Brasilia-1702-850942-528957-0,-1.0,-15.68225,-47.83725,,,,,2023-06-16T21:11:04+00:00
BRA_119580,Brasília,5300108,,Piracicabana,501.3,https://moovitapp.com/index/pt-br/transporte_p%C3%BAblico-line-501_3-Brasilia-1702-850942-242472-0,-1.0,-15.77853,-47.88162,,,,,2023-06-16T21:11:04+00:00
BRA_119903,Brasília,5300108,,Piracicabana,156.6,https://moovitapp.com/index/pt-br/transporte_p%C3%BAblico-line-156_6-Brasilia-1702-850942-516629-0,-1.0,-15.83463,-47.97957,,,,,2023-06-16T21:11:05+00:00
BRA_118737,Brasília,5300108,,Piracicabana,0.114,https://moovitapp.com/index/pt-br/transporte_p%C3%BAblico-line-0_114-Brasilia-1702-850942-242379-0,-1.0,-15.82527,-47.90138,,,,,2023-06-16T21:11:05+00:00
BRA_118567,Brasília,5300108,,Piracicabana,158.1,https://moovitapp.com/index/pt-br/transporte_p%C3%BAblico-line-158_1-Brasilia-1702-850942-775094-0,-1.0,-15.80104,-47.97127,,,,,2023-06-16T21:11:05+00:00
BRA_120839,Brasília,5300108,,Piracicabana,156.5,https://moovitapp.com/index/pt-br/transporte_p%C3%BAblico-line-156_5-Brasilia-1702-850942-242464-0,-1.0,-15.7367,-47.8983,,,,1,2023-06-16T21:11:05+00:00
BRA_120901,Brasília,5300108,,Piracicabana,156.5,https://moovitapp.com/index/pt-br/transporte_p%C3%BAblico-line-156_5-Brasilia-1702-850942-242464-0,-1.0,-15.80788,-47.96173,,,,1,2023-06-16T21:11:05+00:00
BRA_116017,Brasília,5300108,,Piracicabana,0.513,https://moovitapp.com/index/pt-br/transporte_p%C3%BAblico-line-0_513-Brasilia-1702-850942-242399-0,-1.0,-15.64425,-47.77262,,,,,2023-06-16T21:11:05+00:00
BRA_115959,Brasília,5300108,,Piracicabana,0.509,https://moovitapp.com/index/pt-br/transporte_p%C3%BAblico-line-0_509-Brasilia-1702-850942-242397-0,-1.0,-15.81581,-47.89807,,,,1,2023-06-16T21:11:05+00:00
BRA_115649,Brasília,5300108,,Piracicabana,616.3,https://moovitapp.com/index/pt-br/transporte_p%C3%BAblico-line-616_3-Brasilia-1702-850942-242500-0,-1.0,-15.66296,-47.80133,,,,,2023-06-16T21:11:05+00:00
BRA_116734,Brasília,5300108,,Piracicabana,0.025,https://moovitapp.com/index/pt-br/transporte_p%C3%BAblico-line-0_025-Brasilia-1702-850942-11857219-0,-1.0,-15.78698,-47.90774,,,,,2023-06-16T21:11:05+00:00
BRA_116882,Brasília,5300108,,Piracicabana,0.016,https://moovitapp.com/index/pt-br/transporte_p%C3%BAblico-line-0_016-Brasilia-1702-850942-5193084-0,-1.0,-15.73696,-47.89833,,,,,2023-06-16T21:11:05+00:00
BRA_118133,Brasília,5300108,,Piracicabana,110.2,https://moovitapp.com/index/pt-br/transporte_p%C3%BAblico-line-110_2-Brasilia-1702-850942-339295-0,-1.0,-15.7937,-47.87967,,,,,2023-06-16T21:11:06+00:00
BRA_117072,Brasília,5300108,,Piracicabana,601.3,https://moovitapp.com/index/pt-br/transporte_p%C3%BAblico-line-601_3-Brasilia-1702-850942-339836-0,-1.0,-15.60413,-47.65467,,,,,2023-06-16T21:11:06+00:00
BRA_117226,Brasília,5300108,,Piracicabana,610.3,https://moovitapp.com/index/pt-br/transporte_p%C3%BAblico-line-610_3-Brasilia-1702-850942-138552889-0,-1.0,-15.84311,-47.61316,,,,,2023-06-16T21:11:06+00:00
BRA_115657,Brasília,5300108,,Piracicabana,620.1,https://moovitapp.com/index/pt-br/transporte_p%C3%BAblico-line-620_1-Brasilia-1702-850942-697955-0,-1.0,-15.60377,-47.68607,,,,,2023-06-16T21:11:06+00:00
BRA_116122,Brasília,5300108,,Piracicabana,601.1,https://moovitapp.com/index/pt-br/transporte_p%C3%BAblico-line-601_1-Brasilia-1702-850942-322377-0,-1.0,-15.61353,-47.63578,,,,,2023-06-16T21:11:06+00:00
BRA_120791,Brasília,5300108,,Piracicabana,0.109,https://moovitapp.com/index/pt-br/transporte_p%C3%BAblico-line-0_109-Brasilia-1702-850942-139332631-0,-1.0,-15.79812,-47.87283,,,,1,2023-06-16T21:11:06+00:00
BRA_120405,Brasília,5300108,,Piracicabana,136.5,https://moovitapp.com/index/pt-br/transporte_p%C3%BAblico-line-136_5-Brasilia-1702-850942-516628-0,-1.0,-15.72208,-47.88923,,,,,2023-06-16T21:11:06+00:00
BRA_120634,Brasília,5300108,,Piracicabana,064.1,https://moovitapp.com/index/pt-br/transporte_p%C3%BAblico-line-064_1-Brasilia-1702-850942-339292-0,-1.0,-15.60623,-47.65017,,,,,2023-06-16T21:11:06+00:00
BRA_119563,Brasília,5300108,,Piracicabana,519.1,https://moovitapp.com/index/pt-br/transporte_p%C3%BAblico-line-519_1-Brasilia-1702-850942-242482-0,-1.0,-15.82749,-47.92683,,,,,2023-06-16T21:11:06+00:00
BRA_118494,Brasília,5300108,,Piracicabana,0.143,https://moovitapp.com/index/pt-br/transporte_p%C3%BAblico-line-0_143-Brasilia-1702-850942-470747-0,-1.0,-15.77426,-47.9271,,,,,2023-06-16T21:11:07+00:00
BRA_118711,Brasília,5300108,,Piracicabana,152.1,https://moovitapp.com/index/pt-br/transporte_p%C3%BAblico-line-152_1-Brasilia-1702-850942-542827-0,-1.0,-15.79465,-47.88384,,,,,2023-06-16T21:11:07+00:00
BRA_119342,Brasília,5300108,,Piracicabana,515.3,https://moovitapp.com/index/pt-br/transporte_p%C3%BAblico-line-515_3-Brasilia-1702-850942-762426-0,-1.0,-15.7902,-47.88103,,,,,2023-06-16T21:11:07+00:00
BRA_119369,Brasília,5300108,,Piracicabana,0.622,https://moovitapp.com/index/pt-br/transporte_p%C3%BAblico-line-0_622-Brasilia-1702-850942-242419-0,-1.0,-15.64718,-47.69452,,,,,2023-06-16T21:11:07+00:00
BRA_119105,Brasília,5300108,,Piracicabana,511.4,https://moovitapp.com/index/pt-br/transporte_p%C3%BAblico-line-511_4-Brasilia-1702-850942-770030-0,-1.0,-15.70732,-47.7478,,,,,2023-06-16T21:11:07+00:00
BRA_118800,Brasília,5300108,,Piracicabana,0.605,https://moovitapp.com/index/pt-br/transporte_p%C3%BAblico-line-0_605-Brasilia-1702-850942-242415-0,-1.0,-15.8377,-47.91814,,,,,2023-06-16T21:11:07+00:00
BRA_119814,Brasília,5300108,,Piracicabana,640.2,https://moovitapp.com/index/pt-br/transporte_p%C3%BAblico-line-640_2-Brasilia-1702-850942-697957-0,-1.0,-15.78722,-47.88799,,,,,2023-06-16T21:11:07+00:00
BRA_119971,Brasília,5300108,,Piracicabana,0.624,https://moovitapp.com/index/pt-br/transporte_p%C3%BAblico-line-0_624-Brasilia-1702-850942-470749-0,-1.0,-15.69595,-47.87447,,,,,2023-06-16T21:11:07+00:00
BRA_121100,Brasília,5300108,,Piracicabana,600.7,https://moovitapp.com/index/pt-br/transporte_p%C3%BAblico-line-600_7-Brasilia-1702-850942-698442-0,-1.0,-15.64705,-47.76755,,,,,2023-06-16T21:11:07+00:00
BRA_121037,Brasília,5300108,,Piracicabana,0.116,https://moovitapp.com/index/pt-br/transporte_p%C3%BAblico-line-0_116-Brasilia-1702-850942-242381-0,-1.0,-15.76726,-47.87587,,,,,2023-06-16T21:11:07+00:00
BRA_115908,Brasília,5300108,,Piracicabana,501.4,https://moovitapp.com/index/pt-br/transporte_p%C3%BAblico-line-501_4-Brasilia-1702-850942-775096-0,-1.0,-15.70075,-47.88346,,,,,2023-06-16T21:11:07+00:00
BRA_115801,Brasília,5300108,,Piracicabana,0.640,https://moovitapp.com/index/pt-br/transporte_p%C3%BAblico-line-0_640-Brasilia-1702-850942-242423-0,-1.0,-15.75939,-47.89219,,,,,2023-06-16T21:11:07+00:00
BRA_116254,Brasília,5300108,,Piracicabana,601.5,https://moovitapp.com/index/pt-br/transporte_p%C3%BAblico-line-601_5-Brasilia-1702-850942-697953-0,-1.0,-15.61797,-47.65209,,,,,2023-06-16T21:11:07+00:00
BRA_118028,Brasília,5300108,,Piracicabana,116.1,https://moovitapp.com/index/pt-br/transporte_p%C3%BAblico-line-116_1-Brasilia-1702-850942-476288-0,-1.0,-15.78098,-47.88747,,,,,2023-06-16T21:11:07+00:00
BRA_118141,Brasília,5300108,,Piracicabana,0.620,https://moovitapp.com/index/pt-br/transporte_p%C3%BAblico-line-0_620-Brasilia-1702-850942-470748-0,-1.0,-15.63757,-47.74637,,,,,2023-06-16T21:11:08+00:00
BRA_118303,Brasília,5300108,,Piracicabana,504.1,https://moovitapp.com/index/pt-br/transporte_p%C3%BAblico-line-504_1-Brasilia-1702-850942-242476-0,-1.0,-15.61608,-47.63581,,,,1,2023-06-16T21:11:08+00:00
BRA_117251,Brasília,5300108,,Piracicabana,162.1,https://moovitapp.com/index/pt-br/transporte_p%C3%BAblico-line-162_1-Brasilia-1702-850942-762425-0,-1.0,-15.80904,-47.94923,,,,1,2023-06-16T21:11:08+00:00
BRA_117391,Brasília,5300108,,Piracicabana,0.169,https://moovitapp.com/index/pt-br/transporte_p%C3%BAblico-line-0_169-Brasilia-1702-850942-242393-0,-1.0,-15.79848,-47.93482,,,,,2023-06-16T21:11:08+00:00
BRA_116572,Brasília,5300108,,Piracicabana,0.031,https://moovitapp.com/index/pt-br/transporte_p%C3%BAblico-line-0_031-Brasilia-1702-850942-786256-0,-1.0,-15.73637,-47.89802,,,,,2023-06-16T21:11:08+00:00
BRA_116513,Brasília,5300108,,Piracicabana,151.2,https://moovitapp.com/index/pt-br/transporte_p%C3%BAblico-line-151_2-Brasilia-1702-850942-242458-0,-1.0,-15.73806,-47.89929,,,,1,2023-06-16T21:11:08+00:00
BRA_120723,Brasília,5300108,,Piracicabana,0.617,https://moovitapp.com/index/pt-br/transporte_p%C3%BAblico-line-0_617-Brasilia-1702-850942-242417-0,-1.0,-15.65788,-47.79039,,,,1,2023-06-16T21:11:08+00:00
BRA_119636,Brasília,5300108,,Piracicabana,152.5,https://moovitapp.com/index/pt-br/transporte_p%C3%BAblico-line-152_5-Brasilia-1702-850942-542828-0,-1.0,-15.79929,-47.86907,,,,,2023-06-16T21:11:08+00:00
BRA_119156,Brasília,5300108,,Piracicabana,063.1,https://moovitapp.com/index/pt-br/transporte_p%C3%BAblico-line-063_1-Brasilia-1702-850942-339291-0,-1.0,-15.63701,-47.8336,,,,,2023-06-16T21:11:09+00:00
BRA_120138,Brasília,5300108,,Piracicabana,158.1,https://moovitapp.com/index/pt-br/transporte_p%C3%BAblico-line-158_1-Brasilia-1702-850942-775094-0,-1.0,-15.82478,-47.93414,,,,,2023-06-16T21:11:09+00:00
BRA_116190,Brasília,5300108,,Piracicabana,066.4,https://moovitapp.com/index/pt-br/transporte_p%C3%BAblico-line-066_4-Brasilia-1702-850942-763557-0,-1.0,-15.64158,-47.66111,,,,,2023-06-16T21:11:09+00:00
BRA_116068,Brasília,5300108,,Piracicabana,0.501,https://moovitapp.com/index/pt-br/transporte_p%C3%BAblico-line-0_501-Brasilia-1702-850942-663228-0,-1.0,-15.65724,-47.80529,,,,,2023-06-16T21:11:10+00:00
BRA_115991,Brasília,5300108,,Piracicabana,512.1,https://moovitapp.com/index/pt-br/transporte_p%C3%BAblico-line-512_1-Brasilia-1702-850942-474401-0,-1.0,-15.64452,-47.77305,,,,,2023-06-16T21:11:10+00:00
BRA_115771,Brasília,5300108,,Piracicabana,0.648,https://moovitapp.com/index/pt-br/transporte_p%C3%BAblico-line-0_648-Brasilia-1702-850942-470750-0,-1.0,-15.77874,-47.90995,,,,,2023-06-16T21:11:10+00:00
BRA_117498,Brasília,5300108,,Piracicabana,0.620,https://moovitapp.com/index/pt-br/transporte_p%C3%BAblico-line-0_620-Brasilia-1702-850942-470748-0,-1.0,-15.79377,-47.88271,,,,,2023-06-16T21:11:10+00:00
BRA_117153,Brasília,5300108,,Piracicabana,0.501,https://moovitapp.com/index/pt-br/transporte_p%C3%BAblico-line-0_501-Brasilia-1702-850942-663228-0,-1.0,-15.64956,-47.78538,,,,,2023-06-16T21:11:10+00:00
BRA_120545,Brasília,5300108,,Piracicabana,616.1,https://moovitapp.com/index/pt-br/transporte_p%C3%BAblico-line-616_1-Brasilia-1702-850942-242498-0,-1.0,-15.79395,-47.88179,,,,1,2023-06-16T21:11:10+00:00
BRA_121002,Brasília,5300108,,Piracicabana,0.601,https://moovitapp.com/index/pt-br/transporte_p%C3%BAblico-line-0_601-Brasilia-1702-850942-242411-0,-1.0,-15.65493,-47.78339,,,,,2023-06-16T21:11:10+00:00
BRA_120961,Brasília,5300108,,Piracicabana,600.7,https://moovitapp.com/index/pt-br/transporte_p%C3%BAblico-line-600_7-Brasilia-1702-850942-698442-0,-1.0,-15.78651,-47.88149,,,,1,2023-06-16T21:11:10+00:00
BRA_118991,Brasília,5300108,,Piracicabana,106.2,https://moovitapp.com/index/pt-br/transporte_p%C3%BAblico-line-106_2-Brasilia-1702-850942-242433-0,-1.0,-15.82717,-47.92637,,,,,2023-06-16T21:11:10+00:00
BRA_119318,Brasília,5300108,,Piracicabana,0.513,https://moovitapp.com/index/pt-br/transporte_p%C3%BAblico-line-0_513-Brasilia-1702-850942-242399-0,-1.0,-15.81588,-47.91067,,,,1,2023-06-16T21:11:11+00:00
BRA_119806,Brasília,5300108,,Piracicabana,0.620,https://moovitapp.com/index/pt-br/transporte_p%C3%BAblico-line-0_620-Brasilia-1702-850942-470748-0,-1.0,-15.69596,-47.8745,,,,,2023-06-16T21:11:11+00:00
BRA_117111,Brasília,5300108,,Piracicabana,099.1,https://moovitapp.com/index/pt-br/transporte_p%C3%BAblico-line-099_1-Brasilia-1702-850942-775090-0,-1.0,-15.81124,-47.9481,,,,,2023-06-16T21:11:11+00:00
BRA_117676,Brasília,5300108,,Piracicabana,505.5,https://moovitapp.com/index/pt-br/transporte_p%C3%BAblico-line-505_5-Brasilia-1702-850942-651521-0,-1.0,-15.64749,-47.7705,,,,,2023-06-16T21:11:11+00:00
BRA_117480,Brasília,5300108,,Piracicabana,512.1,https://moovitapp.com/index/pt-br/transporte_p%C3%BAblico-line-512_1-Brasilia-1702-850942-474401-0,-1.0,-15.70707,-47.8924,,,,,2023-06-16T21:11:11+00:00
BRA_117285,Brasília,5300108,,Piracicabana,0.107,https://moovitapp.com/index/pt-br/transporte_p%C3%BAblico-line-0_107-Brasilia-1702-850942-242377-0,-1.0,-15.83995,-47.9212,,,,,2023-06-16T21:11:11+00:00
BRA_117277,Brasília,5300108,,Piracicabana,066.5,https://moovitapp.com/index/pt-br/transporte_p%C3%BAblico-line-066_5-Brasilia-1702-850942-770026-0,-1.0,-15.61844,-47.65424,,,,,2023-06-16T21:11:11+00:00
BRA_118125,Brasília,5300108,,Piracicabana,643.1,https://moovitapp.com/index/pt-br/transporte_p%C3%BAblico-line-643_1-Brasilia-1702-850942-772850-0,-1.0,-15.76113,-47.88362,,,,,2023-06-16T21:11:11+00:00
BRA_115819,Brasília,5300108,,Piracicabana,604.2,https://moovitapp.com/index/pt-br/transporte_p%C3%BAblico-line-604_2-Brasilia-1702-850942-242494-0,-1.0,-15.82442,-47.95089,,,,,2023-06-16T21:11:11+00:00
BRA_115291,Brasília,5300108,,Piracicabana,153.2,https://moovitapp.com/index/pt-br/transporte_p%C3%BAblico-line-153_2-Brasilia-1702-850942-775093-0,-1.0,-15.8326,-47.9276,,,,,2023-06-16T21:11:11+00:00
BRA_116131,Brasília,5300108,,Piracicabana,601.1,https://moovitapp.com/index/pt-br/transporte_p%C3%BAblico-line-601_1-Brasilia-1702-850942-322377-0,-1.0,-15.61427,-47.64978,,,,,2023-06-16T21:11:11+00:00
BRA_116149,Brasília,5300108,,Piracicabana,066.4,https://moovitapp.com/index/pt-br/transporte_p%C3%BAblico-line-066_4-Brasilia-1702-850942-763557-0,-1.0,-15.60735,-47.67205,,,,,2023-06-16T21:11:11+00:00
BRA_116092,Brasília,5300108,,Piracicabana,066.2,https://moovitapp.com/index/pt-br/transporte_p%C3%BAblico-line-066_2-Brasilia-1702-850942-339293-0,-1.0,-15.61801,-47.68654,,,,,2023-06-16T21:11:12+00:00
BRA_116343,Brasília,5300108,,Piracicabana,067.3,https://moovitapp.com/index/pt-br/transporte_p%C3%BAblico-line-067_3-Brasilia-1702-850942-339294-0,-1.0,-15.61844,-47.65424,,,,,2023-06-16T21:11:12+00:00
BRA_116025,Brasília,5300108,,Piracicabana,0.517,https://moovitapp.com/index/pt-br/transporte_p%C3%BAblico-line-0_517-Brasilia-1702-850942-242400-0,-1.0,-15.63755,-47.85091,,,,,2023-06-16T21:11:12+00:00
BRA_115282,Brasília,5300108,,Piracicabana,153.2,https://moovitapp.com/index/pt-br/transporte_p%C3%BAblico-line-153_2-Brasilia-1702-850942-775093-0,-1.0,-15.81855,-47.98504,,,,,2023-06-16T21:11:12+00:00
BRA_116971,Brasília,5300108,,Piracicabana,0.025,https://moovitapp.com/index/pt-br/transporte_p%C3%BAblico-line-0_025-Brasilia-1702-850942-11857219-0,-1.0,-15.80259,-47.95094,,,,1,2023-06-16T21:11:12+00:00
BRA_118389,Brasília,5300108,,Piracicabana,0.640,https://moovitapp.com/index/pt-br/transporte_p%C3%BAblico-line-0_640-Brasilia-1702-850942-242423-0,-1.0,-15.65698,-47.78832,,,,1,2023-06-16T21:11:12+00:00
BRA_119130,Brasília,5300108,,Piracicabana,511.4,https://moovitapp.com/index/pt-br/transporte_p%C3%BAblico-line-511_4-Brasilia-1702-850942-770030-0,-1.0,-15.64378,-47.82579,,,,,2023-06-16T21:11:12+00:00
BRA_118591,Brasília,5300108,,Piracicabana,106.2,https://moovitapp.com/index/pt-br/transporte_p%C3%BAblico-line-106_2-Brasilia-1702-850942-242433-0,-1.0,-15.73506,-47.89716,,,,,2023-06-16T21:11:12+00:00
BRA_119164,Brasília,5300108,,Piracicabana,501.5,https://moovitapp.com/index/pt-br/transporte_p%C3%BAblico-line-501_5-Brasilia-1702-850942-414578-0,-1.0,-15.72087,-47.89692,,,,,2023-06-16T21:11:12+00:00
BRA_118923,Brasília,5300108,,Piracicabana,152.2,https://moovitapp.com/index/pt-br/transporte_p%C3%BAblico-line-152_2-Brasilia-1702-850942-504334-0,-1.0,-15.7952,-47.93419,,,,,2023-06-16T21:11:12+00:00
BRA_119041,Brasília,5300108,,Piracicabana,0.620,https://moovitapp.com/index/pt-br/transporte_p%C3%BAblico-line-0_620-Brasilia-1702-850942-470748-0,-1.0,-15.66753,-47.81116,,,,,2023-06-16T21:11:13+00:00
BRA_120065,Brasília,5300108,,Piracicabana,066.6,https://moovitapp.com/index/pt-br/transporte_p%C3%BAblico-line-066_6-Brasilia-1702-850942-770027-0,-1.0,-15.64334,-47.63795,,,,,2023-06-16T21:11:13+00:00
BRA_120596,Brasília,5300108,,Piracicabana,0.504,https://moovitapp.com/index/pt-br/transporte_p%C3%BAblico-line-0_504-Brasilia-1702-850942-781321-0,-1.0,-15.61229,-47.70111,,,,,2023-06-16T21:11:13+00:00
BRA_118231,Brasília,5300108,,Piracicabana,115.1,https://moovitapp.com/index/pt-br/transporte_p%C3%BAblico-line-115_1-Brasilia-1702-850942-242436-0,-1.0,-15.74862,-47.88142,,,,,2023-06-16T21:11:13+00:00
BRA_117536,Brasília,5300108,,Piracicabana,505.4,https://moovitapp.com/index/pt-br/transporte_p%C3%BAblico-line-505_4-Brasilia-1702-850942-105369941-0,-1.0,-15.6499,-47.78761,,,,,2023-06-16T21:11:13+00:00
BRA_117455,Brasília,5300108,,Piracicabana,136.9,https://moovitapp.com/index/pt-br/transporte_p%C3%BAblico-line-136_9-Brasilia-1702-850942-773702-0,-1.0,-15.79344,-47.88172,,,,,2023-06-16T21:11:13+00:00
BRA_117102,Brasília,5300108,,Piracicabana,0.522,https://moovitapp.com/index/pt-br/transporte_p%C3%BAblico-line-0_522-Brasilia-1702-850942-242404-0,-1.0,-15.63814,-47.84702,,,,,2023-06-16T21:11:13+00:00
BRA_116912,Brasília,5300108,,Piracicabana,0.024,https://moovitapp.com/index/pt-br/transporte_p%C3%BAblico-line-0_024-Brasilia-1702-850942-781320-0,-1.0,-15.79009,-47.936,,,,,2023-06-16T21:11:13+00:00
BRA_115720,Brasília,5300108,,Piracicabana,616.5,https://moovitapp.com/index/pt-br/transporte_p%C3%BAblico-line-616_5-Brasilia-1702-850942-504336-0,-1.0,-15.67322,-47.81943,,,,,2023-06-16T21:11:13+00:00
BRA_115878,Brasília,5300108,,Piracicabana,0.521,https://moovitapp.com/index/pt-br/transporte_p%C3%BAblico-line-0_521-Brasilia-1702-850942-476285-0,-1.0,-15.83103,-47.90872,,,,,2023-06-16T21:11:14+00:00
BRA_117293,Brasília,5300108,,Piracicabana,517.2,https://moovitapp.com/index/pt-br/transporte_p%C3%BAblico-line-517_2-Brasilia-1702-850942-242480-0,-1.0,-15.82163,-47.91872,,,,,2023-06-16T21:11:14+00:00
BRA_118478,Brasília,5300108,,Piracicabana,136.9,https://moovitapp.com/index/pt-br/transporte_p%C3%BAblico-line-136_9-Brasilia-1702-850942-773702-0,-1.0,-15.83634,-47.93343,,,,1,2023-06-16T21:11:14+00:00
BRA_119377,Brasília,5300108,,Piracicabana,505.3,https://moovitapp.com/index/pt-br/transporte_p%C3%BAblico-line-505_3-Brasilia-1702-850942-352626-0,-1.0,-15.63736,-47.83623,,,,,2023-06-16T21:11:14+00:00
BRA_119571,Brasília,5300108,,Piracicabana,0.521,https://moovitapp.com/index/pt-br/transporte_p%C3%BAblico-line-0_521-Brasilia-1702-850942-476285-0,-1.0,-15.79909,-47.8694,,,,,2023-06-16T21:11:14+00:00
BRA_119598,Brasília,5300108,,Piracicabana,616.4,https://moovitapp.com/index/pt-br/transporte_p%C3%BAblico-line-616_4-Brasilia-1702-850942-494158-0,-1.0,-15.66388,-47.80323,,,,1,2023-06-16T21:11:15+00:00
BRA_119661,Brasília,5300108,,Piracicabana,501.3,https://moovitapp.com/index/pt-br/transporte_p%C3%BAblico-line-501_3-Brasilia-1702-850942-242472-0,-1.0,-15.74716,-47.88987,,,,,2023-06-16T21:11:15+00:00
BRA_118583,Brasília,5300108,,Piracicabana,640.2,https://moovitapp.com/index/pt-br/transporte_p%C3%BAblico-line-640_2-Brasilia-1702-850942-697957-0,-1.0,-15.60527,-47.65419,,,,,2023-06-16T21:11:15+00:00
BRA_118044,Brasília,5300108,,Piracicabana,616.8,https://moovitapp.com/index/pt-br/transporte_p%C3%BAblico-line-616_8-Brasilia-1702-850942-128977718-0,-1.0,-15.64346,-47.64537,,,,,2023-06-16T21:11:15+00:00
BRA_117633,Brasília,5300108,,Piracicabana,501.4,https://moovitapp.com/index/pt-br/transporte_p%C3%BAblico-line-501_4-Brasilia-1702-850942-775096-0,-1.0,-15.63496,-47.82343,,,,,2023-06-16T21:11:15+00:00
BRA_115762,Brasília,5300108,,Piracicabana,0.617,https://moovitapp.com/index/pt-br/transporte_p%C3%BAblico-line-0_617-Brasilia-1702-850942-242417-0,-1.0,-15.82852,-47.91539,,,,,2023-06-16T21:11:15+00:00
BRA_116050,Brasília,5300108,,Piracicabana,519.2,https://moovitapp.com/index/pt-br/transporte_p%C3%BAblico-line-519_2-Brasilia-1702-850942-242483-0,-1.0,-15.69498,-47.87244,,,,,2023-06-16T21:11:16+00:00
BRA_116009,Brasília,5300108,,Piracicabana,0.522,https://moovitapp.com/index/pt-br/transporte_p%C3%BAblico-line-0_522-Brasilia-1702-850942-242404-0,-1.0,-15.80139,-47.86243,,,,,2023-06-16T21:11:17+00:00
BRA_115983,Brasília,5300108,,Piracicabana,512.1,https://moovitapp.com/index/pt-br/transporte_p%C3%BAblico-line-512_1-Brasilia-1702-850942-474401-0,-1.0,-15.76309,-47.8909,,,,,2023-06-16T21:11:17+00:00
BRA_116751,Brasília,5300108,,Piracicabana,0.169,https://moovitapp.com/index/pt-br/transporte_p%C3%BAblico-line-0_169-Brasilia-1702-850942-242393-0,-1.0,-15.79111,-47.89771,,,,,2023-06-16T21:11:17+00:00
BRA_115339,Brasília,5300108,,Piracicabana,0.109,https://moovitapp.com/index/pt-br/transporte_p%C3%BAblico-line-0_109-Brasilia-1702-850942-139332631-0,-1.0,-15.79377,-47.88271,,,,,2023-06-16T21:11:17+00:00
BRA_116874,Brasília,5300108,,Piracicabana,0.032,https://moovitapp.com/index/pt-br/transporte_p%C3%BAblico-line-0_032-Brasilia-1702-850942-786257-0,-1.0,-15.81519,-47.91006,,,,,2023-06-16T21:11:17+00:00
BRA_119547,Brasília,5300108,,Piracicabana,0.517,https://moovitapp.com/index/pt-br/transporte_p%C3%BAblico-line-0_517-Brasilia-1702-850942-242400-0,-1.0,-15.6342,-47.82434,,,,,2023-06-16T21:11:17+00:00
BRA_119407,Brasília,5300108,,Piracicabana,0.516,https://moovitapp.com/index/pt-br/transporte_p%C3%BAblico-line-0_516-Brasilia-1702-850942-347121-0,-1.0,-15.80056,-47.86511,,,,,2023-06-16T21:11:17+00:00
BRA_120057,Brasília,5300108,,Piracicabana,158.1,https://moovitapp.com/index/pt-br/transporte_p%C3%BAblico-line-158_1-Brasilia-1702-850942-775094-0,-1.0,-15.8062,-47.89857,,,,,2023-06-16T21:11:17+00:00
BRA_119997,Brasília,5300108,,Piracicabana,616.6,https://moovitapp.com/index/pt-br/transporte_p%C3%BAblico-line-616_6-Brasilia-1702-850942-242503-0,-1.0,-15.69126,-47.86496,,,,,2023-06-16T21:11:18+00:00
BRA_120979,Brasília,5300108,,Piracicabana,616.9,https://moovitapp.com/index/pt-br/transporte_p%C3%BAblico-line-616_9-Brasilia-1702-850942-128977719-0,-1.0,-15.66191,-47.79875,,,,,2023-06-16T21:11:18+00:00
BRA_118605,Brasília,5300108,,Piracicabana,136.9,https://moovitapp.com/index/pt-br/transporte_p%C3%BAblico-line-136_9-Brasilia-1702-850942-773702-0,-1.0,-15.70568,-47.88048,,,,1,2023-06-16T21:11:18+00:00
BRA_119628,Brasília,5300108,,Piracicabana,0.517,https://moovitapp.com/index/pt-br/transporte_p%C3%BAblico-line-0_517-Brasilia-1702-850942-242400-0,-1.0,-15.82527,-47.92377,,,,,2023-06-16T21:11:18+00:00
BRA_115789,Brasília,5300108,,Piracicabana,643.2,https://moovitapp.com/index/pt-br/transporte_p%C3%BAblico-line-643_2-Brasilia-1702-850942-128977732-0,-1.0,-15.68282,-47.8396,,,,,2023-06-16T21:11:18+00:00
BRA_115967,Brasília,5300108,,Piracicabana,506.5,https://moovitapp.com/index/pt-br/transporte_p%C3%BAblico-line-506_5-Brasilia-1702-850942-139332760-0,-1.0,-15.81339,-47.8952,,,,,2023-06-16T21:11:18+00:00
BRA_117374,Brasília,5300108,,Piracicabana,0.116,https://moovitapp.com/index/pt-br/transporte_p%C3%BAblico-line-0_116-Brasilia-1702-850942-242381-0,-1.0,-15.78531,-47.8876,,,,,2023-06-16T21:11:18+00:00
BRA_117749,Brasília,5300108,,Piracicabana,501.3,https://moovitapp.com/index/pt-br/transporte_p%C3%BAblico-line-501_3-Brasilia-1702-850942-242472-0,-1.0,-15.67483,-47.84302,,,,,2023-06-16T21:11:18+00:00
BRA_117871,Brasília,5300108,,Piracicabana,505.8,https://moovitapp.com/index/pt-br/transporte_p%C3%BAblico-line-505_8-Brasilia-1702-850942-339297-0,-1.0,-15.65384,-47.79526,,,,,2023-06-16T21:11:18+00:00
BRA_117790,Brasília,5300108,,Piracicabana,0.624,https://moovitapp.com/index/pt-br/transporte_p%C3%BAblico-line-0_624-Brasilia-1702-850942-470749-0,-1.0,-15.65774,-47.78999,,,,,2023-06-16T21:11:19+00:00
BRA_117129,Brasília,5300108,,Piracicabana,062.7,https://moovitapp.com/index/pt-br/transporte_p%C3%BAblico-line-062_7-Brasilia-1702-850942-494154-0,-1.0,-15.65571,-47.78218,,,,,2023-06-16T21:11:19+00:00
BRA_116548,Brasília,5300108,,Piracicabana,0.007,https://moovitapp.com/index/pt-br/transporte_p%C3%BAblico-line-0_007-Brasilia-1702-850942-775080-0,-1.0,-15.73382,-47.89706,,,,1,2023-06-16T21:11:19+00:00
BRA_118753,Brasília,5300108,,Piracicabana,106.2,https://moovitapp.com/index/pt-br/transporte_p%C3%BAblico-line-106_2-Brasilia-1702-850942-242433-0,-1.0,-15.74511,-47.89683,,,,1,2023-06-16T21:11:19+00:00
BRA_118206,Brasília,5300108,,Piracicabana,0.150,https://moovitapp.com/index/pt-br/transporte_p%C3%BAblico-line-0_150-Brasilia-1702-850942-775086-0,-1.0,-15.80101,-47.94305,,,,,2023-06-16T21:11:19+00:00
BRA_121011,Brasília,5300108,,Piracicabana,616.8,https://moovitapp.com/index/pt-br/transporte_p%C3%BAblico-line-616_8-Brasilia-1702-850942-128977718-0,-1.0,-15.65395,-47.78126,,,,,2023-06-16T21:11:19+00:00
BRA_120758,Brasília,5300108,,Piracicabana,600.6,https://moovitapp.com/index/pt-br/transporte_p%C3%BAblico-line-600_6-Brasilia-1702-850942-425243-0,-1.0,-15.66043,-47.79588,,,,1,2023-06-16T21:11:19+00:00
BRA_121070,Brasília,5300108,,Piracicabana,616.9,https://moovitapp.com/index/pt-br/transporte_p%C3%BAblico-line-616_9-Brasilia-1702-850942-128977719-0,-1.0,-15.83014,-47.9297,,,,,2023-06-16T21:11:20+00:00
BRA_118958,Brasília,5300108,,Piracicabana,162.1,https://moovitapp.com/index/pt-br/transporte_p%C3%BAblico-line-162_1-Brasilia-1702-850942-762425-0,-1.0,-15.82472,-47.97768,,,,,2023-06-16T21:11:20+00:00
BRA_119431,Brasília,5300108,,Piracicabana,515.4,https://moovitapp.com/index/pt-br/transporte_p%C3%BAblico-line-515_4-Brasilia-1702-850942-65518229-0,-1.0,-15.6063,-47.967,,,,,2023-06-16T21:11:20+00:00
BRA_116424,Brasília,5300108,,Piracicabana,066.6,https://moovitapp.com/index/pt-br/transporte_p%C3%BAblico-line-066_6-Brasilia-1702-850942-770027-0,-1.0,-15.64316,-47.6343,,,,,2023-06-16T21:11:20+00:00
BRA_115797,Brasília,5300108,,Piracicabana,0.600,https://moovitapp.com/index/pt-br/transporte_p%C3%BAblico-line-0_600-Brasilia-1702-850942-242410-0,-1.0,-15.83634,-47.93398,,,,,2023-06-16T21:11:20+00:00
BRA_117161,Brasília,5300108,,Piracicabana,0.168,https://moovitapp.com/index/pt-br/transporte_p%C3%BAblico-line-0_168-Brasilia-1702-850942-242392-0,-1.0,-15.75105,-47.88069,,,,,2023-06-16T21:11:20+00:00
BRA_117595,Brasília,5300108,,Piracicabana,501.4,https://moovitapp.com/index/pt-br/transporte_p%C3%BAblico-line-501_4-Brasilia-1702-850942-775096-0,-1.0,-15.81287,-47.89466,,,,,2023-06-16T21:11:20+00:00
BRA_117889,Brasília,5300108,,Piracicabana,0.603,https://moovitapp.com/index/pt-br/transporte_p%C3%BAblico-line-0_603-Brasilia-1702-850942-242413-0,-1.0,-15.6542,-47.79377,,,,,2023-06-16T21:11:20+00:00
BRA_117846,Brasília,5300108,,Piracicabana,600.6,https://moovitapp.com/index/pt-br/transporte_p%C3%BAblico-line-600_6-Brasilia-1702-850942-425243-0,-1.0,-15.60159,-47.65435,,,,,2023-06-16T21:11:20+00:00
BRA_118346,Brasília,5300108,,Piracicabana,0.116,https://moovitapp.com/index/pt-br/transporte_p%C3%BAblico-line-0_116-Brasilia-1702-850942-242381-0,-1.0,-15.79195,-47.87492,,,,,2023-06-16T21:11:20+00:00
BRA_117901,Brasília,5300108,,Piracicabana,0.518,https://moovitapp.com/index/pt-br/transporte_p%C3%BAblico-line-0_518-Brasilia-1702-850942-580670-0,-1.0,-15.6386,-47.84138,,,,,2023-06-16T21:11:21+00:00
BRA_117412,Brasília,5300108,,Piracicabana,136.6,https://moovitapp.com/index/pt-br/transporte_p%C3%BAblico-line-136_6-Brasilia-1702-850942-773700-0,-1.0,-15.79858,-47.89223,,,,1,2023-06-16T21:11:21+00:00
BRA_117382,Brasília,5300108,,Piracicabana,066.5,https://moovitapp.com/index/pt-br/transporte_p%C3%BAblico-line-066_5-Brasilia-1702-850942-770026-0,-1.0,-15.6038,-47.68537,,,,,2023-06-16T21:11:21+00:00
BRA_117684,Brasília,5300108,,Piracicabana,066.2,https://moovitapp.com/index/pt-br/transporte_p%C3%BAblico-line-066_2-Brasilia-1702-850942-339293-0,-1.0,-15.60684,-47.67205,,,,,2023-06-16T21:11:21+00:00
BRA_117668,Brasília,5300108,,Piracicabana,136.7,https://moovitapp.com/index/pt-br/transporte_p%C3%BAblico-line-136_7-Brasilia-1702-850942-242451-0,-1.0,-15.72263,-47.88967,,,,,2023-06-16T21:11:21+00:00
BRA_117722,Brasília,5300108,,Piracicabana,0.503,https://moovitapp.com/index/pt-br/transporte_p%C3%BAblico-line-0_503-Brasilia-1702-850942-556804-0,-1.0,-15.70755,-47.89234,,,,,2023-06-16T21:11:21+00:00
BRA_116769,Brasília,5300108,,Piracicabana,151.2,https://moovitapp.com/index/pt-br/transporte_p%C3%BAblico-line-151_2-Brasilia-1702-850942-242458-0,-1.0,-15.80405,-47.89662,,,,,2023-06-16T21:11:21+00:00
BRA_119644,Brasília,5300108,,Piracicabana,505.3,https://moovitapp.com/index/pt-br/transporte_p%C3%BAblico-line-505_3-Brasilia-1702-850942-352626-0,-1.0,-15.64987,-47.79178,,,,,2023-06-16T21:11:21+00:00
BRA_118931,Brasília,5300108,,Piracicabana,114.1,https://moovitapp.com/index/pt-br/transporte_p%C3%BAblico-line-114_1-Brasilia-1702-850942-781323-0,-1.0,-15.84538,-47.92245,,,,,2023-06-16T21:11:21+00:00
BRA_119083,Brasília,5300108,,Piracicabana,0.515,https://moovitapp.com/index/pt-br/transporte_p%C3%BAblico-line-0_515-Brasilia-1702-850942-26501707-0,-1.0,-15.62397,-47.94343,,,,,2023-06-16T21:11:21+00:00
BRA_119211,Brasília,5300108,,Piracicabana,0.509,https://moovitapp.com/index/pt-br/transporte_p%C3%BAblico-line-0_509-Brasilia-1702-850942-242397-0,-1.0,-15.66634,-47.80802,,,,,2023-06-16T21:11:21+00:00
BRA_118508,Brasília,5300108,,Piracicabana,0.107,https://moovitapp.com/index/pt-br/transporte_p%C3%BAblico-line-0_107-Brasilia-1702-850942-242377-0,-1.0,-15.80405,-47.89662,,,,,2023-06-16T21:11:21+00:00
BRA_119776,Brasília,5300108,,Piracicabana,0.509,https://moovitapp.com/index/pt-br/transporte_p%C3%BAblico-line-0_509-Brasilia-1702-850942-242397-0,-1.0,-15.73966,-47.89049,,,,,2023-06-16T21:11:22+00:00
BRA_119938,Brasília,5300108,,Piracicabana,0.109,https://moovitapp.com/index/pt-br/transporte_p%C3%BAblico-line-0_109-Brasilia-1702-850942-139332631-0,-1.0,-15.80137,-47.86259,,,,1,2023-06-16T21:11:22+00:00
BRA_116211,Brasília,5300108,,Piracicabana,601.2,https://moovitapp.com/index/pt-br/transporte_p%C3%BAblico-line-601_2-Brasilia-1702-850942-322378-0,-1.0,-15.61615,-47.63671,,,,,2023-06-16T21:11:22+00:00
BRA_116947,Brasília,5300108,,Piracicabana,0.024,https://moovitapp.com/index/pt-br/transporte_p%C3%BAblico-line-0_024-Brasilia-1702-850942-781320-0,-1.0,-15.80059,-47.87798,,,,,2023-06-16T21:11:22+00:00
BRA_117544,Brasília,5300108,,Piracicabana,062.7,https://moovitapp.com/index/pt-br/transporte_p%C3%BAblico-line-062_7-Brasilia-1702-850942-494154-0,-1.0,-15.63746,-47.82167,,,,,2023-06-16T21:11:22+00:00
BRA_118117,Brasília,5300108,,Piracicabana,0.640,https://moovitapp.com/index/pt-br/transporte_p%C3%BAblico-line-0_640-Brasilia-1702-850942-242423-0,-1.0,-15.78722,-47.88799,,,,1,2023-06-16T21:11:23+00:00
BRA_116114,Brasília,5300108,,Piracicabana,064.1,https://moovitapp.com/index/pt-br/transporte_p%C3%BAblico-line-064_1-Brasilia-1702-850942-339292-0,-1.0,-15.61836,-47.65392,,,,1,2023-06-16T21:11:23+00:00
BRA_120359,Brasília,5300108,,Piracicabana,153.2,https://moovitapp.com/index/pt-br/transporte_p%C3%BAblico-line-153_2-Brasilia-1702-850942-775093-0,-1.0,-15.77456,-47.90758,,,,,2023-06-16T21:11:23+00:00
