bus_id,city,city_code,adapted,agency,line_code,line_url,line_fare,latitude,longitude,bus_speed,is_eletric,bus_type,bus_direction,updated_at
BRA_340138,Brasília,5300108,,Urbi,393.4,https://moovitapp.com/index/pt-br/transporte_p%C3%BAblico-line-393_4-Brasilia-1702-851595-588816-0,-1.0,-15.90234,-48.12897,0.0,,,2,2023-06-15T17:18:11+00:00
BRA_335312,Brasília,5300108,,Urbi,380.2,https://moovitapp.com/index/pt-br/transporte_p%C3%BAblico-line-380_2-Brasilia-1702-851595-334086-0,-1.0,-15.81936,-48.01728,18.89,,,1,2023-06-15T18:00:05+00:00
BRA_336912,Brasília,5300108,,Urbi,086.1,https://moovitapp.com/index/pt-br/transporte_p%C3%BAblico-line-086_1-Brasilia-1702-851595-481321-0,-1.0,-15.8771,-47.99664,13.06,,,1,2023-06-15T18:01:20+00:00
BRA_340618,Brasília,5300108,,Urbi,0.082,https://moovitapp.com/index/pt-br/transporte_p%C3%BAblico-line-0_082-Brasilia-1702-851595-781326-0,-1.0,-15.87581,-47.97476,0.0,,,2,2023-06-15T18:03:00+00:00
BRA_335401,Brasília,5300108,,Urbi,0.391,https://moovitapp.com/index/pt-br/transporte_p%C3%BAblico-line-0_391-Brasilia-1702-851595-372354-0,-1.0,-15.77784,-47.88816,7.78,,,2,2023-06-15T18:03:14+00:00
BRA_339407,Brasília,5300108,,Urbi,807.8,https://moovitapp.com/index/pt-br/transporte_p%C3%BAblico-line-807_8-Brasilia-1702-851595-322408-0,-1.0,-15.90071,-48.04653,0.0,,,2,2023-06-15T18:11:51+00:00
BRA_340634,Brasília,5300108,,Urbi,373.2,https://moovitapp.com/index/pt-br/transporte_p%C3%BAblico-line-373_2-Brasilia-1702-851595-334084-0,-1.0,-15.79292,-47.88263,0.0,,,2,2023-06-15T18:12:41+00:00
BRA_340588,Brasília,5300108,,Urbi,396.2,https://moovitapp.com/index/pt-br/transporte_p%C3%BAblico-line-396_2-Brasilia-1702-851595-372377-0,-1.0,-15.73594,-47.90707,0.0,,,2,2023-06-15T18:13:33+00:00
BRA_337021,Brasília,5300108,,Urbi,870.7,https://moovitapp.com/index/pt-br/transporte_p%C3%BAblico-line-870_7-Brasilia-1702-851595-531037-0,-1.0,-15.88708,-48.05863,4.72,,,1,2023-06-15T18:16:18+00:00
BRA_339148,Brasília,5300108,,Urbi,0.175,https://moovitapp.com/index/pt-br/transporte_p%C3%BAblico-line-0_175-Brasilia-1702-851595-242526-0,-1.0,-15.73601,-47.90699,0.0,,,2,2023-06-15T18:16:48+00:00
BRA_338931,Brasília,5300108,,Urbi,807.9,https://moovitapp.com/index/pt-br/transporte_p%C3%BAblico-line-807_9-Brasilia-1702-851595-322409-0,-1.0,-15.91312,-48.05523,0.0,,,1,2023-06-15T18:17:32+00:00
BRA_340545,Brasília,5300108,,Urbi,0.366,https://moovitapp.com/index/pt-br/transporte_p%C3%BAblico-line-0_366-Brasilia-1702-851595-650085-0,-1.0,-15.89052,-48.11166,6.11,,,2,2023-06-15T18:17:34+00:00
BRA_336793,Brasília,5300108,,Urbi,380.2,https://moovitapp.com/index/pt-br/transporte_p%C3%BAblico-line-380_2-Brasilia-1702-851595-334086-0,-1.0,-15.86242,-48.07605,10.56,,,1,2023-06-15T18:17:59+00:00
BRA_339911,Brasília,5300108,,Urbi,366.1,https://moovitapp.com/index/pt-br/transporte_p%C3%BAblico-line-366_1-Brasilia-1702-851595-425249-0,-1.0,-15.85879,-48.06818,0.0,,,1,2023-06-15T18:18:01+00:00
BRA_339016,Brasília,5300108,,Urbi,0.812,https://moovitapp.com/index/pt-br/transporte_p%C3%BAblico-line-0_812-Brasilia-1702-851595-697958-0,-1.0,-15.79949,-48.13533,6.39,,,1,2023-06-15T18:18:13+00:00
BRA_338737,Brasília,5300108,,Urbi,0.810,https://moovitapp.com/index/pt-br/transporte_p%C3%BAblico-line-0_810-Brasilia-1702-851595-363856-0,-1.0,-15.90323,-48.06199,0.0,,,1,2023-06-15T18:18:27+00:00
BRA_339814,Brasília,5300108,,Urbi,367.2,https://moovitapp.com/index/pt-br/transporte_p%C3%BAblico-line-367_2-Brasilia-1702-851595-454971-0,-1.0,-15.85495,-48.04485,8.89,,,1,2023-06-15T18:18:47+00:00
BRA_340472,Brasília,5300108,,Urbi,366.1,https://moovitapp.com/index/pt-br/transporte_p%C3%BAblico-line-366_1-Brasilia-1702-851595-425249-0,-1.0,-15.85963,-48.07112,10.83,,,1,2023-06-15T18:18:53+00:00
BRA_338125,Brasília,5300108,,Urbi,0.808,https://moovitapp.com/index/pt-br/transporte_p%C3%BAblico-line-0_808-Brasilia-1702-851595-372359-0,-1.0,-15.78829,-48.13422,0.0,,,2,2023-06-15T18:19:09+00:00
BRA_337145,Brasília,5300108,,Urbi,0.873,https://moovitapp.com/index/pt-br/transporte_p%C3%BAblico-line-0_873-Brasilia-1702-851595-510238-0,-1.0,-15.89916,-48.05335,3.89,,,1,2023-06-15T18:19:14+00:00
BRA_336254,Brasília,5300108,,Urbi,0.380,https://moovitapp.com/index/pt-br/transporte_p%C3%BAblico-line-0_380-Brasilia-1702-851595-334073-0,-1.0,-15.81473,-48.00494,10.28,,,1,2023-06-15T18:19:20+00:00
BRA_340570,Brasília,5300108,,Urbi,0.391,https://moovitapp.com/index/pt-br/transporte_p%C3%BAblico-line-0_391-Brasilia-1702-851595-372354-0,-1.0,-15.7449,-47.89718,0.0,,,2,2023-06-15T18:19:22+00:00
BRA_338427,Brasília,5300108,,Urbi,814.1,https://moovitapp.com/index/pt-br/transporte_p%C3%BAblico-line-814_1-Brasilia-1702-851595-492985-0,-1.0,-15.86877,-48.09141,0.0,,,1,2023-06-15T18:19:25+00:00
BRA_340235,Brasília,5300108,,Urbi,396.2,https://moovitapp.com/index/pt-br/transporte_p%C3%BAblico-line-396_2-Brasilia-1702-851595-372377-0,-1.0,-15.82972,-47.93013,11.39,,,1,2023-06-15T18:19:26+00:00
BRA_338010,Brasília,5300108,,Urbi,813.2,https://moovitapp.com/index/pt-br/transporte_p%C3%BAblico-line-813_2-Brasilia-1702-851595-242636-0,-1.0,-15.79858,-47.89223,0.0,,,1,2023-06-15T18:19:27+00:00
BRA_339504,Brasília,5300108,,Urbi,0.872,https://moovitapp.com/index/pt-br/transporte_p%C3%BAblico-line-0_872-Brasilia-1702-851595-466291-0,-1.0,-15.89368,-48.04849,8.61,,,1,2023-06-15T18:19:32+00:00
BRA_340448,Brasília,5300108,,Urbi,367.2,https://moovitapp.com/index/pt-br/transporte_p%C3%BAblico-line-367_2-Brasilia-1702-851595-454971-0,-1.0,-15.87258,-48.09416,6.94,,,1,2023-06-15T18:19:34+00:00
BRA_340162,Brasília,5300108,,Urbi,0.821,https://moovitapp.com/index/pt-br/transporte_p%C3%BAblico-line-0_821-Brasilia-1702-851595-334080-0,-1.0,-15.8769,-48.02105,11.11,,,2,2023-06-15T18:19:34+00:00
BRA_336891,Brasília,5300108,,Urbi,0.810,https://moovitapp.com/index/pt-br/transporte_p%C3%BAblico-line-0_810-Brasilia-1702-851595-363856-0,-1.0,-15.8775,-48.01656,8.06,,,2,2023-06-15T18:19:36+00:00
BRA_337137,Brasília,5300108,,Urbi,084.1,https://moovitapp.com/index/pt-br/transporte_p%C3%BAblico-line-084_1-Brasilia-1702-851595-466292-0,-1.0,-15.8742,-47.97369,1.11,,,1,2023-06-15T18:19:36+00:00
BRA_338095,Brasília,5300108,,Urbi,805.9,https://moovitapp.com/index/pt-br/transporte_p%C3%BAblico-line-805_9-Brasilia-1702-851595-454983-0,-1.0,-15.93298,-48.1089,9.17,,,2,2023-06-15T18:19:38+00:00
BRA_335894,Brasília,5300108,,Urbi,0.366,https://moovitapp.com/index/pt-br/transporte_p%C3%BAblico-line-0_366-Brasilia-1702-851595-650085-0,-1.0,-15.85888,-48.06755,10.83,,,2,2023-06-15T18:19:38+00:00
BRA_336611,Brasília,5300108,,Urbi,0.881,https://moovitapp.com/index/pt-br/transporte_p%C3%BAblico-line-0_881-Brasilia-1702-851595-363857-0,-1.0,-15.80771,-47.96641,18.33,,,1,2023-06-15T18:19:39+00:00
BRA_336424,Brasília,5300108,,Urbi,813.1,https://moovitapp.com/index/pt-br/transporte_p%C3%BAblico-line-813_1-Brasilia-1702-851595-242635-0,-1.0,-15.93226,-48.11032,13.33,,,1,2023-06-15T18:19:39+00:00
BRA_336742,Brasília,5300108,,Urbi,0.380,https://moovitapp.com/index/pt-br/transporte_p%C3%BAblico-line-0_380-Brasilia-1702-851595-334073-0,-1.0,-15.88393,-48.15018,0.0,,,1,2023-06-15T18:19:40+00:00
BRA_337536,Brasília,5300108,,Urbi,813.2,https://moovitapp.com/index/pt-br/transporte_p%C3%BAblico-line-813_2-Brasilia-1702-851595-242636-0,-1.0,-15.88868,-48.05841,17.22,,,2,2023-06-15T18:19:40+00:00
BRA_337455,Brasília,5300108,,Urbi,0.809,https://moovitapp.com/index/pt-br/transporte_p%C3%BAblico-line-0_809-Brasilia-1702-851595-516630-0,-1.0,-15.79878,-47.88538,0.0,,,2,2023-06-15T18:19:40+00:00
BRA_339598,Brasília,5300108,,Urbi,0.806,https://moovitapp.com/index/pt-br/transporte_p%C3%BAblico-line-0_806-Brasilia-1702-851595-339299-0,-1.0,-15.94732,-48.01474,6.39,,,1,2023-06-15T18:19:42+00:00
BRA_335916,Brasília,5300108,,Urbi,366.7,https://moovitapp.com/index/pt-br/transporte_p%C3%BAblico-line-366_7-Brasilia-1702-851595-650086-0,-1.0,-15.85945,-48.07069,6.39,,,2,2023-06-15T18:19:42+00:00
BRA_336238,Brasília,5300108,,Urbi,0.825,https://moovitapp.com/index/pt-br/transporte_p%C3%BAblico-line-0_825-Brasilia-1702-851595-334081-0,-1.0,-15.89388,-48.11124,11.11,,,1,2023-06-15T18:19:43+00:00
BRA_336025,Brasília,5300108,,Urbi,0.054,https://moovitapp.com/index/pt-br/transporte_p%C3%BAblico-line-0_054-Brasilia-1702-851595-454960-0,-1.0,-15.82794,-48.06253,0.0,,,1,2023-06-15T18:19:44+00:00
BRA_336718,Brasília,5300108,,Urbi,0.054,https://moovitapp.com/index/pt-br/transporte_p%C3%BAblico-line-0_054-Brasilia-1702-851595-454960-0,-1.0,-15.83938,-48.05183,15.0,,,1,2023-06-15T18:19:45+00:00
BRA_340031,Brasília,5300108,,Urbi,0.053,https://moovitapp.com/index/pt-br/transporte_p%C3%BAblico-line-0_053-Brasilia-1702-851595-588803-0,-1.0,-15.88898,-48.10881,6.67,,,1,2023-06-15T18:19:45+00:00
BRA_339997,Brasília,5300108,,Urbi,396.2,https://moovitapp.com/index/pt-br/transporte_p%C3%BAblico-line-396_2-Brasilia-1702-851595-372377-0,-1.0,-15.87548,-48.07948,0.0,,,2,2023-06-15T18:19:47+00:00
BRA_337544,Brasília,5300108,,Urbi,0.087,https://moovitapp.com/index/pt-br/transporte_p%C3%BAblico-line-0_087-Brasilia-1702-851595-242519-0,-1.0,-15.92853,-48.04177,9.72,,,1,2023-06-15T18:19:47+00:00
BRA_336203,Brasília,5300108,,Urbi,380.2,https://moovitapp.com/index/pt-br/transporte_p%C3%BAblico-line-380_2-Brasilia-1702-851595-334086-0,-1.0,-15.86456,-48.08058,12.78,,,2,2023-06-15T18:19:48+00:00
BRA_336327,Brasília,5300108,,Urbi,394.1,https://moovitapp.com/index/pt-br/transporte_p%C3%BAblico-line-394_1-Brasilia-1702-851595-334089-0,-1.0,-15.82234,-48.02233,19.44,,,1,2023-06-15T18:19:48+00:00
BRA_336556,Brasília,5300108,,Urbi,813.1,https://moovitapp.com/index/pt-br/transporte_p%C3%BAblico-line-813_1-Brasilia-1702-851595-242635-0,-1.0,-15.79435,-47.91216,11.67,,,1,2023-06-15T18:19:48+00:00
BRA_336700,Brasília,5300108,,Urbi,380.2,https://moovitapp.com/index/pt-br/transporte_p%C3%BAblico-line-380_2-Brasilia-1702-851595-334086-0,-1.0,-15.80104,-47.91845,10.28,,,2,2023-06-15T18:19:48+00:00
BRA_338401,Brasília,5300108,,Urbi,805.8,https://moovitapp.com/index/pt-br/transporte_p%C3%BAblico-line-805_8-Brasilia-1702-851595-454982-0,-1.0,-15.90321,-48.06199,2.22,,,1,2023-06-15T18:19:49+00:00
BRA_337293,Brasília,5300108,,Urbi,871.3,https://moovitapp.com/index/pt-br/transporte_p%C3%BAblico-line-871_3-Brasilia-1702-851595-588820-0,-1.0,-15.90073,-48.05383,2.78,,,1,2023-06-15T18:19:51+00:00
BRA_340782,Brasília,5300108,,Urbi,0.341,https://moovitapp.com/index/pt-br/transporte_p%C3%BAblico-line-0_341-Brasilia-1702-851595-37928003-0,-1.0,-15.83918,-47.96636,0.0,,,1,2023-06-15T18:19:51+00:00
BRA_340146,Brasília,5300108,,Urbi,0.397,https://moovitapp.com/index/pt-br/transporte_p%C3%BAblico-line-0_397-Brasilia-1702-851595-890857-0,-1.0,-15.80825,-48.08428,3.89,,,1,2023-06-15T18:19:52+00:00
BRA_336483,Brasília,5300108,,Urbi,813.1,https://moovitapp.com/index/pt-br/transporte_p%C3%BAblico-line-813_1-Brasilia-1702-851595-242635-0,-1.0,-15.88253,-48.06045,13.06,,,2,2023-06-15T18:19:52+00:00
BRA_337684,Brasília,5300108,,Urbi,0.811,https://moovitapp.com/index/pt-br/transporte_p%C3%BAblico-line-0_811-Brasilia-1702-851595-334078-0,-1.0,-15.79011,-47.88915,18.06,,,2,2023-06-15T18:19:52+00:00
BRA_339377,Brasília,5300108,,Urbi,0.391,https://moovitapp.com/index/pt-br/transporte_p%C3%BAblico-line-0_391-Brasilia-1702-851595-372354-0,-1.0,-15.87436,-48.10617,5.0,,,2,2023-06-15T18:19:54+00:00
BRA_339458,Brasília,5300108,,Urbi,0.814,https://moovitapp.com/index/pt-br/transporte_p%C3%BAblico-line-0_814-Brasilia-1702-851595-492980-0,-1.0,-15.90321,-48.06199,6.11,,,1,2023-06-15T18:19:54+00:00
BRA_336050,Brasília,5300108,,Urbi,373.2,https://moovitapp.com/index/pt-br/transporte_p%C3%BAblico-line-373_2-Brasilia-1702-851595-334084-0,-1.0,-15.86157,-48.07517,6.11,,,2,2023-06-15T18:19:54+00:00
BRA_337471,Brasília,5300108,,Urbi,0.898,https://moovitapp.com/index/pt-br/transporte_p%C3%BAblico-line-0_898-Brasilia-1702-851595-322394-0,-1.0,-15.94963,-48.03314,0.0,,,1,2023-06-15T18:19:55+00:00
BRA_340359,Brasília,5300108,,Urbi,0.346,https://moovitapp.com/index/pt-br/transporte_p%C3%BAblico-line-0_346-Brasilia-1702-851595-46461186-0,-1.0,-15.82521,-47.97926,5.56,,,1,2023-06-15T18:19:55+00:00
BRA_338109,Brasília,5300108,,Urbi,805.2,https://moovitapp.com/index/pt-br/transporte_p%C3%BAblico-line-805_2-Brasilia-1702-851595-454981-0,-1.0,-15.86434,-48.03653,8.33,,,1,2023-06-15T18:19:55+00:00
BRA_338133,Brasília,5300108,,Urbi,0.177,https://moovitapp.com/index/pt-br/transporte_p%C3%BAblico-line-0_177-Brasilia-1702-851595-242528-0,-1.0,-15.88118,-48.01244,4.44,,,1,2023-06-15T18:19:55+00:00
BRA_339369,Brasília,5300108,,Urbi,367.2,https://moovitapp.com/index/pt-br/transporte_p%C3%BAblico-line-367_2-Brasilia-1702-851595-454971-0,-1.0,-15.89504,-48.1488,8.33,,,1,2023-06-15T18:19:56+00:00
BRA_337072,Brasília,5300108,,Urbi,0.810,https://moovitapp.com/index/pt-br/transporte_p%C3%BAblico-line-0_810-Brasilia-1702-851595-363856-0,-1.0,-15.78513,-47.907,0.0,,,2,2023-06-15T18:19:56+00:00
BRA_337234,Brasília,5300108,,Urbi,084.1,https://moovitapp.com/index/pt-br/transporte_p%C3%BAblico-line-084_1-Brasilia-1702-851595-466292-0,-1.0,-15.88023,-48.00505,0.0,,,1,2023-06-15T18:19:57+00:00
BRA_339571,Brasília,5300108,,Urbi,807.2,https://moovitapp.com/index/pt-br/transporte_p%C3%BAblico-line-807_2-Brasilia-1702-851595-781329-0,-1.0,-15.93298,-48.1089,0.0,,,1,2023-06-15T18:19:57+00:00
BRA_338389,Brasília,5300108,,Urbi,0.882,https://moovitapp.com/index/pt-br/transporte_p%C3%BAblico-line-0_882-Brasilia-1702-851595-363858-0,-1.0,-15.79087,-47.91156,10.83,,,2,2023-06-15T18:19:57+00:00
BRA_338885,Brasília,5300108,,Urbi,0.176,https://moovitapp.com/index/pt-br/transporte_p%C3%BAblico-line-0_176-Brasilia-1702-851595-242527-0,-1.0,-15.78121,-47.87426,0.0,,,2,2023-06-15T18:19:57+00:00
BRA_336157,Brasília,5300108,,Urbi,0.175,https://moovitapp.com/index/pt-br/transporte_p%C3%BAblico-line-0_175-Brasilia-1702-851595-242526-0,-1.0,-15.84507,-47.93451,18.06,,,1,2023-06-15T18:19:58+00:00
BRA_335649,Brasília,5300108,,Urbi,393.4,https://moovitapp.com/index/pt-br/transporte_p%C3%BAblico-line-393_4-Brasilia-1702-851595-588816-0,-1.0,-15.84164,-48.04844,0.0,,,1,2023-06-15T18:19:59+00:00
BRA_339466,Brasília,5300108,,Urbi,807.9,https://moovitapp.com/index/pt-br/transporte_p%C3%BAblico-line-807_9-Brasilia-1702-851595-322409-0,-1.0,-15.91057,-48.06428,0.0,,,2,2023-06-15T18:19:59+00:00
BRA_337285,Brasília,5300108,,Urbi,0.809,https://moovitapp.com/index/pt-br/transporte_p%C3%BAblico-line-0_809-Brasilia-1702-851595-516630-0,-1.0,-15.87898,-48.05212,0.0,,,1,2023-06-15T18:20:00+00:00
BRA_338621,Brasília,5300108,,Urbi,0.808,https://moovitapp.com/index/pt-br/transporte_p%C3%BAblico-line-0_808-Brasilia-1702-851595-372359-0,-1.0,-15.81157,-48.1195,18.06,,,1,2023-06-15T18:20:00+00:00
BRA_336521,Brasília,5300108,,Urbi,806.1,https://moovitapp.com/index/pt-br/transporte_p%C3%BAblico-line-806_1-Brasilia-1702-851595-775104-0,-1.0,-15.86515,-48.05682,0.0,,,2,2023-06-15T18:20:01+00:00
BRA_340154,Brasília,5300108,,Urbi,391.3,https://moovitapp.com/index/pt-br/transporte_p%C3%BAblico-line-391_3-Brasilia-1702-851595-372373-0,-1.0,-15.73641,-47.90696,0.0,,,2,2023-06-15T18:20:01+00:00
BRA_337200,Brasília,5300108,,Urbi,872.1,https://moovitapp.com/index/pt-br/transporte_p%C3%BAblico-line-872_1-Brasilia-1702-851595-470760-0,-1.0,-15.82757,-48.06265,1.39,,,1,2023-06-15T18:20:01+00:00
BRA_338532,Brasília,5300108,,Urbi,0.886,https://moovitapp.com/index/pt-br/transporte_p%C3%BAblico-line-0_886-Brasilia-1702-851595-704024-0,-1.0,-15.81302,-48.11918,16.94,,,2,2023-06-15T18:20:02+00:00
BRA_338800,Brasília,5300108,,Urbi,0.811,https://moovitapp.com/index/pt-br/transporte_p%C3%BAblico-line-0_811-Brasilia-1702-851595-334078-0,-1.0,-15.73954,-47.89886,12.22,,,2,2023-06-15T18:20:02+00:00
BRA_339750,Brasília,5300108,,Urbi,398.1,https://moovitapp.com/index/pt-br/transporte_p%C3%BAblico-line-398_1-Brasilia-1702-851595-510241-0,-1.0,-15.89695,-48.12648,6.39,,,2,2023-06-15T18:20:03+00:00
BRA_340219,Brasília,5300108,,Urbi,056.2,https://moovitapp.com/index/pt-br/transporte_p%C3%BAblico-line-056_2-Brasilia-1702-851595-492982-0,-1.0,-15.82189,-48.0808,13.06,,,1,2023-06-15T18:20:03+00:00
BRA_337561,Brasília,5300108,,Urbi,0.175,https://moovitapp.com/index/pt-br/transporte_p%C3%BAblico-line-0_175-Brasilia-1702-851595-242526-0,-1.0,-15.85723,-47.95634,10.56,,,2,2023-06-15T18:20:03+00:00
BRA_337323,Brasília,5300108,,Urbi,807.8,https://moovitapp.com/index/pt-br/transporte_p%C3%BAblico-line-807_8-Brasilia-1702-851595-322408-0,-1.0,-15.90894,-48.049,0.0,,,1,2023-06-15T18:20:03+00:00
BRA_336769,Brasília,5300108,,Urbi,396.3,https://moovitapp.com/index/pt-br/transporte_p%C3%BAblico-line-396_3-Brasilia-1702-851595-372378-0,-1.0,-15.73595,-47.90687,0.0,,,2,2023-06-15T18:20:04+00:00
BRA_336009,Brasília,5300108,,Urbi,0.393,https://moovitapp.com/index/pt-br/transporte_p%C3%BAblico-line-0_393-Brasilia-1702-851595-588805-0,-1.0,-15.87367,-48.07329,11.67,,,1,2023-06-15T18:20:05+00:00
BRA_335657,Brasília,5300108,,Urbi,372.5,https://moovitapp.com/index/pt-br/transporte_p%C3%BAblico-line-372_5-Brasilia-1702-851595-519391-0,-1.0,-15.84805,-48.0747,14.44,,,1,2023-06-15T18:20:06+00:00
BRA_337412,Brasília,5300108,,Urbi,0.175,https://moovitapp.com/index/pt-br/transporte_p%C3%BAblico-line-0_175-Brasilia-1702-851595-242526-0,-1.0,-15.80021,-47.89333,0.0,,,1,2023-06-15T18:20:06+00:00
BRA_340073,Brasília,5300108,,Urbi,0.054,https://moovitapp.com/index/pt-br/transporte_p%C3%BAblico-line-0_054-Brasilia-1702-851595-454960-0,-1.0,-15.89519,-48.11407,11.94,,,1,2023-06-15T18:20:06+00:00
BRA_340529,Brasília,5300108,,Urbi,0.082,https://moovitapp.com/index/pt-br/transporte_p%C3%BAblico-line-0_082-Brasilia-1702-851595-781326-0,-1.0,-15.76371,-47.93416,0.28,,,1,2023-06-15T18:20:06+00:00
BRA_339962,Brasília,5300108,,Urbi,0.129,https://moovitapp.com/index/pt-br/transporte_p%C3%BAblico-line-0_129-Brasilia-1702-851595-775097-0,-1.0,-15.8359,-47.88171,1.67,,,1,2023-06-15T18:20:07+00:00
BRA_335665,Brasília,5300108,,Urbi,0.393,https://moovitapp.com/index/pt-br/transporte_p%C3%BAblico-line-0_393-Brasilia-1702-851595-588805-0,-1.0,-15.87699,-48.08855,11.94,,,1,2023-06-15T18:20:08+00:00
BRA_335461,Brasília,5300108,,Urbi,396.3,https://moovitapp.com/index/pt-br/transporte_p%C3%BAblico-line-396_3-Brasilia-1702-851595-372378-0,-1.0,-15.75102,-47.89521,1.11,,,2,2023-06-15T18:20:08+00:00
BRA_336301,Brasília,5300108,,Urbi,0.380,https://moovitapp.com/index/pt-br/transporte_p%C3%BAblico-line-0_380-Brasilia-1702-851595-334073-0,-1.0,-15.88807,-48.14956,1.11,,,2,2023-06-15T18:20:08+00:00
BRA_337773,Brasília,5300108,,Urbi,0.808,https://moovitapp.com/index/pt-br/transporte_p%C3%BAblico-line-0_808-Brasilia-1702-851595-372359-0,-1.0,-15.90359,-48.07175,0.0,,,2,2023-06-15T18:20:08+00:00
BRA_338303,Brasília,5300108,,Urbi,872.9,https://moovitapp.com/index/pt-br/transporte_p%C3%BAblico-line-872_9-Brasilia-1702-851595-372394-0,-1.0,-15.88409,-48.05971,17.78,,,1,2023-06-15T18:20:08+00:00
BRA_339083,Brasília,5300108,,Urbi,0.872,https://moovitapp.com/index/pt-br/transporte_p%C3%BAblico-line-0_872-Brasilia-1702-851595-466291-0,-1.0,-15.80447,-48.07067,3.61,,,1,2023-06-15T18:20:08+00:00
BRA_339300,Brasília,5300108,,Urbi,372.4,https://moovitapp.com/index/pt-br/transporte_p%C3%BAblico-line-372_4-Brasilia-1702-851595-650087-0,-1.0,-15.82621,-48.05967,0.28,,,1,2023-06-15T18:20:08+00:00
BRA_340651,Brasília,5300108,,Urbi,0.845,https://moovitapp.com/index/pt-br/transporte_p%C3%BAblico-line-0_845-Brasilia-1702-851595-339304-0,-1.0,-15.81121,-47.99361,18.89,,,1,2023-06-15T18:20:08+00:00
BRA_340774,Brasília,5300108,,Urbi,0.163,https://moovitapp.com/index/pt-br/transporte_p%C3%BAblico-line-0_163-Brasilia-1702-851595-352629-0,-1.0,-15.87585,-47.97482,0.0,,,2,2023-06-15T18:20:08+00:00
BRA_340499,Brasília,5300108,,Urbi,391.3,https://moovitapp.com/index/pt-br/transporte_p%C3%BAblico-line-391_3-Brasilia-1702-851595-372373-0,-1.0,-15.85888,-48.06619,16.39,,,2,2023-06-15T18:20:09+00:00
BRA_340227,Brasília,5300108,,Urbi,366.1,https://moovitapp.com/index/pt-br/transporte_p%C3%BAblico-line-366_1-Brasilia-1702-851595-425249-0,-1.0,-15.86502,-48.05759,5.56,,,2,2023-06-15T18:20:09+00:00
BRA_340324,Brasília,5300108,,Urbi,396.2,https://moovitapp.com/index/pt-br/transporte_p%C3%BAblico-line-396_2-Brasilia-1702-851595-372377-0,-1.0,-15.90211,-48.12877,0.0,,,2,2023-06-15T18:20:09+00:00
BRA_338729,Brasília,5300108,,Urbi,870.7,https://moovitapp.com/index/pt-br/transporte_p%C3%BAblico-line-870_7-Brasilia-1702-851595-531037-0,-1.0,-15.86844,-47.96968,9.44,,,2,2023-06-15T18:20:09+00:00
BRA_337366,Brasília,5300108,,Urbi,0.177,https://moovitapp.com/index/pt-br/transporte_p%C3%BAblico-line-0_177-Brasilia-1702-851595-242528-0,-1.0,-15.8813,-48.01243,1.94,,,1,2023-06-15T18:20:09+00:00
BRA_336564,Brasília,5300108,,Urbi,0.881,https://moovitapp.com/index/pt-br/transporte_p%C3%BAblico-line-0_881-Brasilia-1702-851595-363857-0,-1.0,-15.88258,-48.05981,17.22,,,2,2023-06-15T18:20:09+00:00
BRA_336271,Brasília,5300108,,Urbi,380.2,https://moovitapp.com/index/pt-br/transporte_p%C3%BAblico-line-380_2-Brasilia-1702-851595-334086-0,-1.0,-15.89293,-48.14888,10.56,,,1,2023-06-15T18:20:09+00:00
BRA_336106,Brasília,5300108,,Urbi,0.811,https://moovitapp.com/index/pt-br/transporte_p%C3%BAblico-line-0_811-Brasilia-1702-851595-334078-0,-1.0,-15.83251,-47.9514,0.56,,,1,2023-06-15T18:20:10+00:00
BRA_336319,Brasília,5300108,,Urbi,0.367,https://moovitapp.com/index/pt-br/transporte_p%C3%BAblico-line-0_367-Brasilia-1702-851595-519380-0,-1.0,-15.87622,-48.11064,10.28,,,1,2023-06-15T18:20:10+00:00
BRA_336459,Brasília,5300108,,Urbi,084.1,https://moovitapp.com/index/pt-br/transporte_p%C3%BAblico-line-084_1-Brasilia-1702-851595-466292-0,-1.0,-15.78869,-47.9387,6.39,,,1,2023-06-15T18:20:10+00:00
BRA_336343,Brasília,5300108,,Urbi,0.394,https://moovitapp.com/index/pt-br/transporte_p%C3%BAblico-line-0_394-Brasilia-1702-851595-334076-0,-1.0,-15.87476,-48.03401,18.33,,,2,2023-06-15T18:20:10+00:00
BRA_339440,Brasília,5300108,,Urbi,807.8,https://moovitapp.com/index/pt-br/transporte_p%C3%BAblico-line-807_8-Brasilia-1702-851595-322408-0,-1.0,-15.93296,-48.10907,0.0,,,2,2023-06-15T18:20:10+00:00
BRA_338478,Brasília,5300108,,Urbi,0.886,https://moovitapp.com/index/pt-br/transporte_p%C3%BAblico-line-0_886-Brasilia-1702-851595-704024-0,-1.0,-15.83123,-48.05791,3.06,,,2,2023-06-15T18:20:10+00:00
BRA_338397,Brasília,5300108,,Urbi,0.176,https://moovitapp.com/index/pt-br/transporte_p%C3%BAblico-line-0_176-Brasilia-1702-851595-242527-0,-1.0,-15.81059,-47.88421,20.0,,,1,2023-06-15T18:20:10+00:00
BRA_338966,Brasília,5300108,,Urbi,874.4,https://moovitapp.com/index/pt-br/transporte_p%C3%BAblico-line-874_4-Brasilia-1702-851595-775106-0,-1.0,-15.79158,-47.9113,11.94,,,1,2023-06-15T18:20:10+00:00
BRA_338672,Brasília,5300108,,Urbi,0.811,https://moovitapp.com/index/pt-br/transporte_p%C3%BAblico-line-0_811-Brasilia-1702-851595-334078-0,-1.0,-15.88426,-48.05389,7.78,,,2,2023-06-15T18:20:10+00:00
BRA_340278,Brasília,5300108,,Urbi,0.053,https://moovitapp.com/index/pt-br/transporte_p%C3%BAblico-line-0_053-Brasilia-1702-851595-588803-0,-1.0,-15.87377,-48.07384,12.22,,,1,2023-06-15T18:20:10+00:00
BRA_340111,Brasília,5300108,,Urbi,0.367,https://moovitapp.com/index/pt-br/transporte_p%C3%BAblico-line-0_367-Brasilia-1702-851595-519380-0,-1.0,-15.83608,-48.05978,9.17,,,1,2023-06-15T18:20:10+00:00
BRA_339229,Brasília,5300108,,Urbi,0.346,https://moovitapp.com/index/pt-br/transporte_p%C3%BAblico-line-0_346-Brasilia-1702-851595-46461186-0,-1.0,-15.82572,-48.05988,0.0,,,2,2023-06-15T18:20:10+00:00
BRA_340014,Brasília,5300108,,Urbi,0.050,https://moovitapp.com/index/pt-br/transporte_p%C3%BAblico-line-0_050-Brasilia-1702-851595-781325-0,-1.0,-15.87311,-48.10408,6.11,,,1,2023-06-15T18:20:10+00:00
BRA_336858,Brasília,5300108,,Urbi,874.4,https://moovitapp.com/index/pt-br/transporte_p%C3%BAblico-line-874_4-Brasilia-1702-851595-775106-0,-1.0,-15.90836,-48.05209,10.83,,,2,2023-06-15T18:20:11+00:00
BRA_336807,Brasília,5300108,,Urbi,366.1,https://moovitapp.com/index/pt-br/transporte_p%C3%BAblico-line-366_1-Brasilia-1702-851595-425249-0,-1.0,-15.88728,-48.14758,0.0,,,2,2023-06-15T18:20:11+00:00
BRA_336874,Brasília,5300108,,Urbi,813.1,https://moovitapp.com/index/pt-br/transporte_p%C3%BAblico-line-813_1-Brasilia-1702-851595-242635-0,-1.0,-15.82343,-48.02413,17.22,,,1,2023-06-15T18:20:11+00:00
BRA_340685,Brasília,5300108,,Urbi,0.393,https://moovitapp.com/index/pt-br/transporte_p%C3%BAblico-line-0_393-Brasilia-1702-851595-588805-0,-1.0,-15.83362,-48.06065,11.94,,,1,2023-06-15T18:20:11+00:00
BRA_338869,Brasília,5300108,,Urbi,0.811,https://moovitapp.com/index/pt-br/transporte_p%C3%BAblico-line-0_811-Brasilia-1702-851595-334078-0,-1.0,-15.93544,-48.0403,1.11,,,1,2023-06-15T18:20:11+00:00
BRA_338842,Brasília,5300108,,Urbi,813.2,https://moovitapp.com/index/pt-br/transporte_p%C3%BAblico-line-813_2-Brasilia-1702-851595-242636-0,-1.0,-15.84564,-47.9242,18.06,,,1,2023-06-15T18:20:11+00:00
BRA_338699,Brasília,5300108,,Urbi,872.2,https://moovitapp.com/index/pt-br/transporte_p%C3%BAblico-line-872_2-Brasilia-1702-851595-425251-0,-1.0,-15.86536,-48.03313,16.94,,,1,2023-06-15T18:20:11+00:00
BRA_338818,Brasília,5300108,,Urbi,870.1,https://moovitapp.com/index/pt-br/transporte_p%C3%BAblico-line-870_1-Brasilia-1702-851595-715272-0,-1.0,-15.79318,-47.8827,0.28,,,2,2023-06-15T18:20:11+00:00
BRA_338451,Brasília,5300108,,Urbi,0.809,https://moovitapp.com/index/pt-br/transporte_p%C3%BAblico-line-0_809-Brasilia-1702-851595-516630-0,-1.0,-15.91072,-48.09223,17.22,,,1,2023-06-15T18:20:11+00:00
BRA_337871,Brasília,5300108,,Urbi,870.1,https://moovitapp.com/index/pt-br/transporte_p%C3%BAblico-line-870_1-Brasilia-1702-851595-715272-0,-1.0,-15.87433,-47.98118,18.89,,,2,2023-06-15T18:20:11+00:00
BRA_337552,Brasília,5300108,,Urbi,0.882,https://moovitapp.com/index/pt-br/transporte_p%C3%BAblico-line-0_882-Brasilia-1702-851595-363858-0,-1.0,-15.91786,-48.04672,0.0,,,2,2023-06-15T18:20:11+00:00
BRA_337048,Brasília,5300108,,Urbi,0.883,https://moovitapp.com/index/pt-br/transporte_p%C3%BAblico-line-0_883-Brasilia-1702-851595-510239-0,-1.0,-15.90861,-48.04853,3.61,,,1,2023-06-15T18:20:11+00:00
BRA_337064,Brasília,5300108,,Urbi,807.9,https://moovitapp.com/index/pt-br/transporte_p%C3%BAblico-line-807_9-Brasilia-1702-851595-322409-0,-1.0,-15.87774,-48.01504,14.44,,,1,2023-06-15T18:20:11+00:00
BRA_337439,Brasília,5300108,,Urbi,0.886,https://moovitapp.com/index/pt-br/transporte_p%C3%BAblico-line-0_886-Brasilia-1702-851595-704024-0,-1.0,-15.88482,-48.01686,4.17,,,1,2023-06-15T18:20:11+00:00
BRA_336220,Brasília,5300108,,Urbi,0.380,https://moovitapp.com/index/pt-br/transporte_p%C3%BAblico-line-0_380-Brasilia-1702-851595-334073-0,-1.0,-15.81604,-48.00863,13.33,,,2,2023-06-15T18:20:11+00:00
BRA_335487,Brasília,5300108,,Urbi,366.7,https://moovitapp.com/index/pt-br/transporte_p%C3%BAblico-line-366_7-Brasilia-1702-851595-650086-0,-1.0,-15.89146,-48.13998,11.11,,,1,2023-06-15T18:20:11+00:00
BRA_336637,Brasília,5300108,,Urbi,0.871,https://moovitapp.com/index/pt-br/transporte_p%C3%BAblico-line-0_871-Brasilia-1702-851595-418741-0,-1.0,-15.8121,-47.98532,0.0,,,1,2023-06-15T18:20:12+00:00
BRA_336378,Brasília,5300108,,Urbi,0.394,https://moovitapp.com/index/pt-br/transporte_p%C3%BAblico-line-0_394-Brasilia-1702-851595-334076-0,-1.0,-15.87052,-48.06123,11.39,,,1,2023-06-15T18:20:12+00:00
BRA_337480,Brasília,5300108,,Urbi,807.9,https://moovitapp.com/index/pt-br/transporte_p%C3%BAblico-line-807_9-Brasilia-1702-851595-322409-0,-1.0,-15.9156,-48.06268,4.44,,,1,2023-06-15T18:20:12+00:00
BRA_337528,Brasília,5300108,,Urbi,870.1,https://moovitapp.com/index/pt-br/transporte_p%C3%BAblico-line-870_1-Brasilia-1702-851595-715272-0,-1.0,-15.81142,-47.89311,0.28,,,1,2023-06-15T18:20:12+00:00
BRA_337277,Brasília,5300108,,Urbi,0.886,https://moovitapp.com/index/pt-br/transporte_p%C3%BAblico-line-0_886-Brasilia-1702-851595-704024-0,-1.0,-15.80499,-48.07439,4.44,,,1,2023-06-15T18:20:12+00:00
BRA_339687,Brasília,5300108,,Urbi,397.2,https://moovitapp.com/index/pt-br/transporte_p%C3%BAblico-line-397_2-Brasilia-1702-851595-890938-0,-1.0,-15.81613,-48.08289,5.28,,,2,2023-06-15T18:20:12+00:00
BRA_338419,Brasília,5300108,,Urbi,805.9,https://moovitapp.com/index/pt-br/transporte_p%C3%BAblico-line-805_9-Brasilia-1702-851595-454983-0,-1.0,-15.80649,-48.078,6.11,,,1,2023-06-15T18:20:12+00:00
BRA_338176,Brasília,5300108,,Urbi,0.809,https://moovitapp.com/index/pt-br/transporte_p%C3%BAblico-line-0_809-Brasilia-1702-851595-516630-0,-1.0,-15.90127,-48.05632,3.06,,,2,2023-06-15T18:20:12+00:00
BRA_338711,Brasília,5300108,,Urbi,0.873,https://moovitapp.com/index/pt-br/transporte_p%C3%BAblico-line-0_873-Brasilia-1702-851595-510238-0,-1.0,-15.83244,-48.07744,0.0,,,2,2023-06-15T18:20:12+00:00
BRA_340758,Brasília,5300108,,Urbi,398.1,https://moovitapp.com/index/pt-br/transporte_p%C3%BAblico-line-398_1-Brasilia-1702-851595-510241-0,-1.0,-15.80212,-48.12332,10.28,,,1,2023-06-15T18:20:12+00:00
BRA_339351,Brasília,5300108,,Urbi,396.3,https://moovitapp.com/index/pt-br/transporte_p%C3%BAblico-line-396_3-Brasilia-1702-851595-372378-0,-1.0,-15.87635,-48.02711,18.61,,,1,2023-06-15T18:20:13+00:00
BRA_336823,Brasília,5300108,,Urbi,0.172,https://moovitapp.com/index/pt-br/transporte_p%C3%BAblico-line-0_172-Brasilia-1702-851595-470756-0,-1.0,-15.85174,-47.95533,14.72,,,2,2023-06-15T18:20:13+00:00
BRA_340456,Brasília,5300108,,Urbi,3944,https://moovitapp.com/index/pt-br/transporte_p%C3%BAblico-line-3944-Brasilia-1702-851595-90452197-0,-1.0,-15.84216,-48.0461,7.5,,,2,2023-06-15T18:20:13+00:00
BRA_339164,Brasília,5300108,,Urbi,0.805,https://moovitapp.com/index/pt-br/transporte_p%C3%BAblico-line-0_805-Brasilia-1702-851595-460800-0,-1.0,-15.80984,-48.06882,1.11,,,1,2023-06-15T18:20:13+00:00
BRA_338249,Brasília,5300108,,Urbi,0.898,https://moovitapp.com/index/pt-br/transporte_p%C3%BAblico-line-0_898-Brasilia-1702-851595-322394-0,-1.0,-15.8333,-48.05634,0.0,,,1,2023-06-15T18:20:13+00:00
BRA_339661,Brasília,5300108,,Urbi,0.340,https://moovitapp.com/index/pt-br/transporte_p%C3%BAblico-line-0_340-Brasilia-1702-851595-641378-0,-1.0,-15.94945,-48.23265,9.17,,,1,2023-06-15T18:20:13+00:00
BRA_339636,Brasília,5300108,,Urbi,0.399,https://moovitapp.com/index/pt-br/transporte_p%C3%BAblico-line-0_399-Brasilia-1702-851595-454964-0,-1.0,-15.83541,-48.08709,0.0,,,1,2023-06-15T18:20:13+00:00
BRA_335584,Brasília,5300108,,Urbi,0.366,https://moovitapp.com/index/pt-br/transporte_p%C3%BAblico-line-0_366-Brasilia-1702-851595-650085-0,-1.0,-15.85943,-48.06827,0.0,,,1,2023-06-15T18:20:13+00:00
BRA_336335,Brasília,5300108,,Urbi,0.394,https://moovitapp.com/index/pt-br/transporte_p%C3%BAblico-line-0_394-Brasilia-1702-851595-334076-0,-1.0,-15.78574,-47.9119,17.22,,,2,2023-06-15T18:20:14+00:00
BRA_336513,Brasília,5300108,,Urbi,0.871,https://moovitapp.com/index/pt-br/transporte_p%C3%BAblico-line-0_871-Brasilia-1702-851595-418741-0,-1.0,-15.84954,-48.04209,10.0,,,2,2023-06-15T18:20:14+00:00
BRA_337862,Brasília,5300108,,Urbi,0.087,https://moovitapp.com/index/pt-br/transporte_p%C3%BAblico-line-0_087-Brasilia-1702-851595-242519-0,-1.0,-15.88301,-48.01668,2.5,,,1,2023-06-15T18:20:14+00:00
BRA_337994,Brasília,5300108,,Urbi,0.810,https://moovitapp.com/index/pt-br/transporte_p%C3%BAblico-line-0_810-Brasilia-1702-851595-363856-0,-1.0,-15.92663,-48.10659,7.22,,,1,2023-06-15T18:20:14+00:00
BRA_340201,Brasília,5300108,,Urbi,0.056,https://moovitapp.com/index/pt-br/transporte_p%C3%BAblico-line-0_056-Brasilia-1702-851595-588804-0,-1.0,-15.8898,-48.09818,17.5,,,1,2023-06-15T18:20:14+00:00
BRA_339211,Brasília,5300108,,Urbi,056.2,https://moovitapp.com/index/pt-br/transporte_p%C3%BAblico-line-056_2-Brasilia-1702-851595-492982-0,-1.0,-15.82802,-48.07892,11.67,,,1,2023-06-15T18:20:14+00:00
BRA_339253,Brasília,5300108,,Urbi,0.373,https://moovitapp.com/index/pt-br/transporte_p%C3%BAblico-line-0_373-Brasilia-1702-851595-334072-0,-1.0,-15.83143,-47.92186,15.28,,,2,2023-06-15T18:20:15+00:00
BRA_339873,Brasília,5300108,,Urbi,0.821,https://moovitapp.com/index/pt-br/transporte_p%C3%BAblico-line-0_821-Brasilia-1702-851595-334080-0,-1.0,-15.83152,-47.91962,5.0,,,1,2023-06-15T18:20:15+00:00
BRA_340081,Brasília,5300108,,Urbi,396.2,https://moovitapp.com/index/pt-br/transporte_p%C3%BAblico-line-396_2-Brasilia-1702-851595-372377-0,-1.0,-15.78305,-47.88773,15.56,,,2,2023-06-15T18:20:15+00:00
BRA_340537,Brasília,5300108,,Urbi,0.171,https://moovitapp.com/index/pt-br/transporte_p%C3%BAblico-line-0_171-Brasilia-1702-851595-242524-0,-1.0,-15.82749,-47.92683,0.0,,,2,2023-06-15T18:20:15+00:00
BRA_339725,Brasília,5300108,,Urbi,397.2,https://moovitapp.com/index/pt-br/transporte_p%C3%BAblico-line-397_2-Brasilia-1702-851595-890938-0,-1.0,-15.88698,-48.14751,11.11,,,1,2023-06-15T18:20:15+00:00
BRA_336190,Brasília,5300108,,Urbi,394.1,https://moovitapp.com/index/pt-br/transporte_p%C3%BAblico-line-394_1-Brasilia-1702-851595-334089-0,-1.0,-15.79323,-47.8824,0.0,,,2,2023-06-15T18:20:15+00:00
BRA_335690,Brasília,5300108,,Urbi,0.056,https://moovitapp.com/index/pt-br/transporte_p%C3%BAblico-line-0_056-Brasilia-1702-851595-588804-0,-1.0,-15.82489,-48.11858,6.11,,,1,2023-06-15T18:20:15+00:00
BRA_335541,Brasília,5300108,,Urbi,0.373,https://moovitapp.com/index/pt-br/transporte_p%C3%BAblico-line-0_373-Brasilia-1702-851595-334072-0,-1.0,-15.86327,-48.08906,14.17,,,1,2023-06-15T18:20:16+00:00
BRA_336068,Brasília,5300108,,Urbi,366.1,https://moovitapp.com/index/pt-br/transporte_p%C3%BAblico-line-366_1-Brasilia-1702-851595-425249-0,-1.0,-15.87164,-48.09216,8.89,,,2,2023-06-15T18:20:16+00:00
BRA_340316,Brasília,5300108,,Urbi,0.347,https://moovitapp.com/index/pt-br/transporte_p%C3%BAblico-line-0_347-Brasilia-1702-851595-347128-0,-1.0,-15.81853,-47.98518,3.06,,,2,2023-06-15T18:20:16+00:00
BRA_340260,Brasília,5300108,,Urbi,0.163,https://moovitapp.com/index/pt-br/transporte_p%C3%BAblico-line-0_163-Brasilia-1702-851595-352629-0,-1.0,-15.86515,-47.96372,7.5,,,1,2023-06-15T18:20:16+00:00
BRA_340766,Brasília,5300108,,Urbi,056.4,https://moovitapp.com/index/pt-br/transporte_p%C3%BAblico-line-056_4-Brasilia-1702-851595-519387-0,-1.0,-15.82527,-48.11933,0.0,,,1,2023-06-15T18:20:17+00:00
BRA_340553,Brasília,5300108,,Urbi,056.4,https://moovitapp.com/index/pt-br/transporte_p%C3%BAblico-line-056_4-Brasilia-1702-851595-519387-0,-1.0,-15.81118,-48.09192,1.11,,,1,2023-06-15T18:20:17+00:00
BRA_339971,Brasília,5300108,,Urbi,160.2,https://moovitapp.com/index/pt-br/transporte_p%C3%BAblico-line-160_2-Brasilia-1702-851595-242581-0,-1.0,-15.73597,-47.90727,0.0,,,2,2023-06-15T18:20:17+00:00
BRA_338583,Brasília,5300108,,Urbi,0.805,https://moovitapp.com/index/pt-br/transporte_p%C3%BAblico-line-0_805-Brasilia-1702-851595-460800-0,-1.0,-15.86414,-48.03873,9.17,,,1,2023-06-15T18:20:17+00:00
BRA_337978,Brasília,5300108,,Urbi,0.177,https://moovitapp.com/index/pt-br/transporte_p%C3%BAblico-line-0_177-Brasilia-1702-851595-242528-0,-1.0,-15.79182,-47.89509,13.89,,,1,2023-06-15T18:20:17+00:00
BRA_338508,Brasília,5300108,,Urbi,0.808,https://moovitapp.com/index/pt-br/transporte_p%C3%BAblico-line-0_808-Brasilia-1702-851595-372359-0,-1.0,-15.90325,-48.06198,0.0,,,1,2023-06-15T18:20:17+00:00
BRA_336165,Brasília,5300108,,Urbi,0.038,https://moovitapp.com/index/pt-br/transporte_p%C3%BAblico-line-0_038-Brasilia-1702-851595-687419-0,-1.0,-15.80433,-48.07248,7.22,,,1,2023-06-15T18:20:17+00:00
BRA_335479,Brasília,5300108,,Urbi,396.3,https://moovitapp.com/index/pt-br/transporte_p%C3%BAblico-line-396_3-Brasilia-1702-851595-372378-0,-1.0,-15.8249,-47.95124,12.78,,,2,2023-06-15T18:20:17+00:00
BRA_333999,Brasília,5300108,,Urbi,0.050,https://moovitapp.com/index/pt-br/transporte_p%C3%BAblico-line-0_050-Brasilia-1702-851595-781325-0,-1.0,-15.82602,-48.05972,3.89,,,1,2023-06-15T18:20:17+00:00
BRA_337650,Brasília,5300108,,Urbi,872.5,https://moovitapp.com/index/pt-br/transporte_p%C3%BAblico-line-872_5-Brasilia-1702-851595-372393-0,-1.0,-15.81336,-48.06758,7.5,,,1,2023-06-15T18:20:17+00:00
BRA_339610,Brasília,5300108,,Urbi,806.1,https://moovitapp.com/index/pt-br/transporte_p%C3%BAblico-line-806_1-Brasilia-1702-851595-775104-0,-1.0,-15.91744,-48.04892,1.67,,,1,2023-06-15T18:20:17+00:00
BRA_337587,Brasília,5300108,,Urbi,0.813,https://moovitapp.com/index/pt-br/transporte_p%C3%BAblico-line-0_813-Brasilia-1702-851595-651523-0,-1.0,-15.73587,-47.90696,0.0,,,2,2023-06-15T18:20:18+00:00
BRA_336467,Brasília,5300108,,Urbi,813.1,https://moovitapp.com/index/pt-br/transporte_p%C3%BAblico-line-813_1-Brasilia-1702-851595-242635-0,-1.0,-15.81074,-47.94284,0.0,,,2,2023-06-15T18:20:18+00:00
BRA_338371,Brasília,5300108,,Urbi,0.809,https://moovitapp.com/index/pt-br/transporte_p%C3%BAblico-line-0_809-Brasilia-1702-851595-516630-0,-1.0,-15.80155,-47.88512,10.83,,,1,2023-06-15T18:20:18+00:00
BRA_339261,Brasília,5300108,,Urbi,0.391,https://moovitapp.com/index/pt-br/transporte_p%C3%BAblico-line-0_391-Brasilia-1702-851595-372354-0,-1.0,-15.88425,-48.15017,0.0,,,1,2023-06-15T18:20:18+00:00
BRA_340006,Brasília,5300108,,Urbi,366.1,https://moovitapp.com/index/pt-br/transporte_p%C3%BAblico-line-366_1-Brasilia-1702-851595-425249-0,-1.0,-15.89466,-48.11269,5.83,,,1,2023-06-15T18:20:19+00:00
BRA_336831,Brasília,5300108,,Urbi,0.898,https://moovitapp.com/index/pt-br/transporte_p%C3%BAblico-line-0_898-Brasilia-1702-851595-322394-0,-1.0,-15.851,-48.11404,10.28,,,2,2023-06-15T18:20:19+00:00
BRA_336785,Brasília,5300108,,Urbi,391.3,https://moovitapp.com/index/pt-br/transporte_p%C3%BAblico-line-391_3-Brasilia-1702-851595-372373-0,-1.0,-15.73628,-47.90701,0.0,,,2,2023-06-15T18:20:19+00:00
BRA_338346,Brasília,5300108,,Urbi,0.038,https://moovitapp.com/index/pt-br/transporte_p%C3%BAblico-line-0_038-Brasilia-1702-851595-687419-0,-1.0,-15.87615,-48.00962,8.33,,,1,2023-06-15T18:20:19+00:00
BRA_337986,Brasília,5300108,,Urbi,807.1,https://moovitapp.com/index/pt-br/transporte_p%C3%BAblico-line-807_1-Brasilia-1702-851595-322407-0,-1.0,-15.9118,-48.09408,8.33,,,1,2023-06-15T18:20:19+00:00
BRA_337838,Brasília,5300108,,Urbi,813.2,https://moovitapp.com/index/pt-br/transporte_p%C3%BAblico-line-813_2-Brasilia-1702-851595-242636-0,-1.0,-15.82515,-47.924,0.0,,,2,2023-06-15T18:20:19+00:00
BRA_337609,Brasília,5300108,,Urbi,0.175,https://moovitapp.com/index/pt-br/transporte_p%C3%BAblico-line-0_175-Brasilia-1702-851595-242526-0,-1.0,-15.76664,-47.89031,2.78,,,2,2023-06-15T18:20:20+00:00
BRA_337731,Brasília,5300108,,Urbi,813.2,https://moovitapp.com/index/pt-br/transporte_p%C3%BAblico-line-813_2-Brasilia-1702-851595-242636-0,-1.0,-15.73628,-47.90705,1.94,,,2,2023-06-15T18:20:20+00:00
BRA_337188,Brasília,5300108,,Urbi,0.368,https://moovitapp.com/index/pt-br/transporte_p%C3%BAblico-line-0_368-Brasilia-1702-851595-706971-0,-1.0,-15.87754,-48.02073,13.61,,,1,2023-06-15T18:20:20+00:00
BRA_336149,Brasília,5300108,,Urbi,870.1,https://moovitapp.com/index/pt-br/transporte_p%C3%BAblico-line-870_1-Brasilia-1702-851595-715272-0,-1.0,-15.93922,-48.03891,8.06,,,1,2023-06-15T18:20:20+00:00
BRA_333859,Brasília,5300108,,Urbi,366.7,https://moovitapp.com/index/pt-br/transporte_p%C3%BAblico-line-366_7-Brasilia-1702-851595-650086-0,-1.0,-15.87407,-48.08949,6.11,,,1,2023-06-15T18:20:20+00:00
BRA_338460,Brasília,5300108,,Urbi,0.172,https://moovitapp.com/index/pt-br/transporte_p%C3%BAblico-line-0_172-Brasilia-1702-851595-470756-0,-1.0,-15.88559,-48.02287,0.0,,,2,2023-06-15T18:20:20+00:00
BRA_338851,Brasília,5300108,,Urbi,874.4,https://moovitapp.com/index/pt-br/transporte_p%C3%BAblico-line-874_4-Brasilia-1702-851595-775106-0,-1.0,-15.78559,-47.90287,14.44,,,2,2023-06-15T18:20:20+00:00
BRA_338575,Brasília,5300108,,Urbi,808.1,https://moovitapp.com/index/pt-br/transporte_p%C3%BAblico-line-808_1-Brasilia-1702-851595-706974-0,-1.0,-15.79784,-48.12474,10.0,,,2,2023-06-15T18:20:20+00:00
BRA_340332,Brasília,5300108,,Urbi,393.7,https://moovitapp.com/index/pt-br/transporte_p%C3%BAblico-line-393_7-Brasilia-1702-851595-588818-0,-1.0,-15.87497,-48.07607,13.61,,,1,2023-06-15T18:20:20+00:00
BRA_340642,Brasília,5300108,,Urbi,0.373,https://moovitapp.com/index/pt-br/transporte_p%C3%BAblico-line-0_373-Brasilia-1702-851595-334072-0,-1.0,-15.85666,-48.07973,11.94,,,2,2023-06-15T18:20:20+00:00
BRA_340430,Brasília,5300108,,Urbi,160.2,https://moovitapp.com/index/pt-br/transporte_p%C3%BAblico-line-160_2-Brasilia-1702-851595-242581-0,-1.0,-15.83694,-47.91707,4.44,,,1,2023-06-15T18:20:20+00:00
BRA_340481,Brasília,5300108,,Urbi,0.050,https://moovitapp.com/index/pt-br/transporte_p%C3%BAblico-line-0_050-Brasilia-1702-851595-781325-0,-1.0,-15.80478,-48.07376,5.0,,,1,2023-06-15T18:20:20+00:00
BRA_339270,Brasília,5300108,,Urbi,0.367,https://moovitapp.com/index/pt-br/transporte_p%C3%BAblico-line-0_367-Brasilia-1702-851595-519380-0,-1.0,-15.88871,-48.15079,5.28,,,1,2023-06-15T18:20:21+00:00
BRA_339938,Brasília,5300108,,Urbi,0.160,https://moovitapp.com/index/pt-br/transporte_p%C3%BAblico-line-0_160-Brasilia-1702-851595-470755-0,-1.0,-15.84514,-47.92896,18.33,,,2,2023-06-15T18:20:21+00:00
BRA_336548,Brasília,5300108,,Urbi,0.807,https://moovitapp.com/index/pt-br/transporte_p%C3%BAblico-line-0_807-Brasilia-1702-851595-6677121-0,-1.0,-15.93294,-48.10902,0.0,,,2,2023-06-15T18:20:21+00:00
BRA_337625,Brasília,5300108,,Urbi,0.809,https://moovitapp.com/index/pt-br/transporte_p%C3%BAblico-line-0_809-Brasilia-1702-851595-516630-0,-1.0,-15.83467,-47.92561,16.39,,,2,2023-06-15T18:20:21+00:00
BRA_337307,Brasília,5300108,,Urbi,813.2,https://moovitapp.com/index/pt-br/transporte_p%C3%BAblico-line-813_2-Brasilia-1702-851595-242636-0,-1.0,-15.90568,-48.07841,0.83,,,1,2023-06-15T18:20:22+00:00
BRA_337358,Brasília,5300108,,Urbi,0.809,https://moovitapp.com/index/pt-br/transporte_p%C3%BAblico-line-0_809-Brasilia-1702-851595-516630-0,-1.0,-15.87618,-47.9899,13.89,,,2,2023-06-15T18:20:22+00:00
BRA_338826,Brasília,5300108,,Urbi,0.882,https://moovitapp.com/index/pt-br/transporte_p%C3%BAblico-line-0_882-Brasilia-1702-851595-363858-0,-1.0,-15.87702,-48.02266,8.06,,,1,2023-06-15T18:20:22+00:00
BRA_339954,Brasília,5300108,,Urbi,0.825,https://moovitapp.com/index/pt-br/transporte_p%C3%BAblico-line-0_825-Brasilia-1702-851595-334081-0,-1.0,-15.79225,-47.88403,4.72,,,2,2023-06-15T18:20:22+00:00
BRA_340715,Brasília,5300108,,Urbi,391.3,https://moovitapp.com/index/pt-br/transporte_p%C3%BAblico-line-391_3-Brasilia-1702-851595-372373-0,-1.0,-15.79656,-47.89153,0.28,,,1,2023-06-15T18:20:22+00:00
BRA_338044,Brasília,5300108,,Urbi,086.1,https://moovitapp.com/index/pt-br/transporte_p%C3%BAblico-line-086_1-Brasilia-1702-851595-481321-0,-1.0,-15.80708,-47.96683,19.44,,,1,2023-06-15T18:20:23+00:00
BRA_338494,Brasília,5300108,,Urbi,0.819,https://moovitapp.com/index/pt-br/transporte_p%C3%BAblico-line-0_819-Brasilia-1702-851595-418739-0,-1.0,-15.84007,-47.92193,3.61,,,2,2023-06-15T18:20:23+00:00
BRA_337226,Brasília,5300108,,Urbi,0.808,https://moovitapp.com/index/pt-br/transporte_p%C3%BAblico-line-0_808-Brasilia-1702-851595-372359-0,-1.0,-15.81268,-48.11929,18.61,,,2,2023-06-15T18:20:23+00:00
BRA_336998,Brasília,5300108,,Urbi,0.087,https://moovitapp.com/index/pt-br/transporte_p%C3%BAblico-line-0_087-Brasilia-1702-851595-242519-0,-1.0,-15.87744,-48.00555,12.78,,,1,2023-06-15T18:20:23+00:00
BRA_337641,Brasília,5300108,,Urbi,0.898,https://moovitapp.com/index/pt-br/transporte_p%C3%BAblico-line-0_898-Brasilia-1702-851595-322394-0,-1.0,-15.90468,-48.04528,10.56,,,1,2023-06-15T18:20:23+00:00
BRA_336530,Brasília,5300108,,Urbi,0.813,https://moovitapp.com/index/pt-br/transporte_p%C3%BAblico-line-0_813-Brasilia-1702-851595-651523-0,-1.0,-15.88609,-48.05901,15.0,,,1,2023-06-15T18:20:24+00:00
BRA_336475,Brasília,5300108,,Urbi,0.811,https://moovitapp.com/index/pt-br/transporte_p%C3%BAblico-line-0_811-Brasilia-1702-851595-334078-0,-1.0,-15.94968,-48.03332,0.28,,,2,2023-06-15T18:20:24+00:00
BRA_333875,Brasília,5300108,,Urbi,0.171,https://moovitapp.com/index/pt-br/transporte_p%C3%BAblico-line-0_171-Brasilia-1702-851595-242524-0,-1.0,-15.81058,-47.90351,0.0,,,1,2023-06-15T18:20:24+00:00
BRA_338524,Brasília,5300108,,Urbi,813.2,https://moovitapp.com/index/pt-br/transporte_p%C3%BAblico-line-813_2-Brasilia-1702-851595-242636-0,-1.0,-15.92125,-48.10303,15.28,,,2,2023-06-15T18:20:24+00:00
BRA_339091,Brasília,5300108,,Urbi,805.1,https://moovitapp.com/index/pt-br/transporte_p%C3%BAblico-line-805_1-Brasilia-1702-851595-454980-0,-1.0,-15.90689,-48.08297,11.94,,,1,2023-06-15T18:20:24+00:00
BRA_339199,Brasília,5300108,,Urbi,373.2,https://moovitapp.com/index/pt-br/transporte_p%C3%BAblico-line-373_2-Brasilia-1702-851595-334084-0,-1.0,-15.8711,-48.05752,7.5,,,1,2023-06-15T18:20:24+00:00
BRA_340561,Brasília,5300108,,Urbi,393.6,https://moovitapp.com/index/pt-br/transporte_p%C3%BAblico-line-393_6-Brasilia-1702-851595-588817-0,-1.0,-15.84801,-48.04251,0.0,,,1,2023-06-15T18:20:25+00:00
BRA_338745,Brasília,5300108,,Urbi,0.812,https://moovitapp.com/index/pt-br/transporte_p%C3%BAblico-line-0_812-Brasilia-1702-851595-697958-0,-1.0,-15.93298,-48.10927,0.0,,,1,2023-06-15T18:20:25+00:00
BRA_338362,Brasília,5300108,,Urbi,871.3,https://moovitapp.com/index/pt-br/transporte_p%C3%BAblico-line-871_3-Brasilia-1702-851595-588820-0,-1.0,-15.82505,-47.92401,0.0,,,2,2023-06-15T18:20:25+00:00
BRA_338117,Brasília,5300108,,Urbi,0.809,https://moovitapp.com/index/pt-br/transporte_p%C3%BAblico-line-0_809-Brasilia-1702-851595-516630-0,-1.0,-15.87024,-47.97242,15.28,,,1,2023-06-15T18:20:25+00:00
BRA_336408,Brasília,5300108,,Urbi,0.884,https://moovitapp.com/index/pt-br/transporte_p%C3%BAblico-line-0_884-Brasilia-1702-851595-322393-0,-1.0,-15.82645,-48.02963,10.56,,,2,2023-06-15T18:20:25+00:00
BRA_335941,Brasília,5300108,,Urbi,396.2,https://moovitapp.com/index/pt-br/transporte_p%C3%BAblico-line-396_2-Brasilia-1702-851595-372377-0,-1.0,-15.8743,-48.0593,0.0,,,1,2023-06-15T18:20:25+00:00
BRA_339539,Brasília,5300108,,Urbi,0.806,https://moovitapp.com/index/pt-br/transporte_p%C3%BAblico-line-0_806-Brasilia-1702-851595-339299-0,-1.0,-15.88759,-48.0552,5.83,,,2,2023-06-15T18:20:25+00:00
BRA_337790,Brasília,5300108,,Urbi,0.087,https://moovitapp.com/index/pt-br/transporte_p%C3%BAblico-line-0_087-Brasilia-1702-851595-242519-0,-1.0,-15.85639,-47.95332,0.0,,,1,2023-06-15T18:20:26+00:00
BRA_336955,Brasília,5300108,,Urbi,807.6,https://moovitapp.com/index/pt-br/transporte_p%C3%BAblico-line-807_6-Brasilia-1702-851595-334092-0,-1.0,-15.91875,-48.06161,8.33,,,1,2023-06-15T18:20:26+00:00
BRA_335681,Brasília,5300108,,Urbi,0.053,https://moovitapp.com/index/pt-br/transporte_p%C3%BAblico-line-0_053-Brasilia-1702-851595-588803-0,-1.0,-15.80003,-48.05914,0.0,,,1,2023-06-15T18:20:26+00:00
BRA_340464,Brasília,5300108,,Urbi,391.3,https://moovitapp.com/index/pt-br/transporte_p%C3%BAblico-line-391_3-Brasilia-1702-851595-372373-0,-1.0,-15.87227,-48.0935,0.0,,,1,2023-06-15T18:20:26+00:00
BRA_339946,Brasília,5300108,,Urbi,0.347,https://moovitapp.com/index/pt-br/transporte_p%C3%BAblico-line-0_347-Brasilia-1702-851595-347128-0,-1.0,-15.82021,-47.98232,0.0,,,1,2023-06-15T18:20:26+00:00
BRA_339326,Brasília,5300108,,Urbi,160.2,https://moovitapp.com/index/pt-br/transporte_p%C3%BAblico-line-160_2-Brasilia-1702-851595-242581-0,-1.0,-15.82469,-47.90042,14.72,,,2,2023-06-15T18:20:27+00:00
BRA_337960,Brasília,5300108,,Urbi,0.087,https://moovitapp.com/index/pt-br/transporte_p%C3%BAblico-line-0_087-Brasilia-1702-851595-242519-0,-1.0,-15.79574,-47.93385,3.06,,,1,2023-06-15T18:20:27+00:00
BRA_335614,Brasília,5300108,,Urbi,393.4,https://moovitapp.com/index/pt-br/transporte_p%C3%BAblico-line-393_4-Brasilia-1702-851595-588816-0,-1.0,-15.80565,-48.07545,13.33,,,1,2023-06-15T18:20:27+00:00
BRA_335924,Brasília,5300108,,Urbi,0.050,https://moovitapp.com/index/pt-br/transporte_p%C3%BAblico-line-0_050-Brasilia-1702-851595-781325-0,-1.0,-15.86887,-48.08612,11.39,,,1,2023-06-15T18:20:28+00:00
BRA_337854,Brasília,5300108,,Urbi,038.1,https://moovitapp.com/index/pt-br/transporte_p%C3%BAblico-line-038_1-Brasilia-1702-851595-781327-0,-1.0,-15.86324,-48.03425,0.0,,,1,2023-06-15T18:20:29+00:00
BRA_338028,Brasília,5300108,,Urbi,0.368,https://moovitapp.com/index/pt-br/transporte_p%C3%BAblico-line-0_368-Brasilia-1702-851595-706971-0,-1.0,-15.80549,-48.09378,9.17,,,2,2023-06-15T18:20:29+00:00
BRA_340596,Brasília,5300108,,Urbi,160.2,https://moovitapp.com/index/pt-br/transporte_p%C3%BAblico-line-160_2-Brasilia-1702-851595-242581-0,-1.0,-15.76699,-47.87555,4.72,,,1,2023-06-15T18:20:29+00:00
BRA_337030,Brasília,5300108,,Urbi,872.2,https://moovitapp.com/index/pt-br/transporte_p%C3%BAblico-line-872_2-Brasilia-1702-851595-425251-0,-1.0,-15.83468,-48.05676,7.5,,,1,2023-06-15T18:20:31+00:00
BRA_441279,Brasília,5300108,,Marechal,157.6,https://moovitapp.com/index/pt-br/transporte_p%C3%BAblico-line-157_6-Brasilia-1702-851940-419627-0,-1.0,-15.81858,-47.984937,0.0,,,2,2023-06-15T18:20:10+00:00
BRA_442771,Brasília,5300108,,Urbi,372.5,https://moovitapp.com/index/pt-br/transporte_p%C3%BAblico-line-372_5-Brasilia-1702-851595-519391-0,-1.0,-15.904803,-48.044973,1.0,,,2,2023-06-15T18:20:10+00:00
BRA_444006,Brasília,5300108,,Marechal,363.1,https://moovitapp.com/index/pt-br/transporte_p%C3%BAblico-line-363_1-Brasilia-1702-851940-504344-0,-1.0,-15.840603,-48.126813,0.0,,,2,2023-06-15T18:20:10+00:00
BRA_440850,Brasília,5300108,,Marechal,355.3,https://moovitapp.com/index/pt-br/transporte_p%C3%BAblico-line-355_3-Brasilia-1702-851940-504343-0,-1.0,-15.86446,-48.024207,21.0,,,2,2023-06-15T18:20:10+00:00
BRA_444154,Brasília,5300108,,Marechal,933.3,https://moovitapp.com/index/pt-br/transporte_p%C3%BAblico-line-933_3-Brasilia-1702-851940-450287-0,-1.0,-15.821783,-48.113317,2.0,,,2,2023-06-15T18:20:10+00:00
BRA_440469,Brasília,5300108,,Marechal,0.355,https://moovitapp.com/index/pt-br/transporte_p%C3%BAblico-line-0_355-Brasilia-1702-851940-504338-0,-1.0,-15.86728,-48.037457,0.0,,,2,2023-06-15T18:20:10+00:00
BRA_445291,Brasília,5300108,,Marechal,0.378,https://moovitapp.com/index/pt-br/transporte_p%C3%BAblico-line-0_378-Brasilia-1702-851940-347150-0,-1.0,-15.83581,-48.069317,47.0,,,2,2023-06-15T18:20:10+00:00
BRA_443972,Brasília,5300108,,Marechal,363.2,https://moovitapp.com/index/pt-br/transporte_p%C3%BAblico-line-363_2-Brasilia-1702-851940-725443-0,-1.0,-15.838827,-48.128783,28.0,,,2,2023-06-15T18:20:10+00:00
BRA_444626,Brasília,5300108,,Marechal,0.554,https://moovitapp.com/index/pt-br/transporte_p%C3%BAblico-line-0_554-Brasilia-1702-851940-504340-0,-1.0,-15.81205,-47.984673,54.0,,,2,2023-06-15T18:20:10+00:00
BRA_445347,Brasília,5300108,,Marechal,337.1,https://moovitapp.com/index/pt-br/transporte_p%C3%BAblico-line-337_1-Brasilia-1702-851940-347165-0,-1.0,-15.808247,-47.961523,60.0,,,2,2023-06-15T18:20:10+00:00
BRA_440701,Brasília,5300108,,São José,0.092,https://moovitapp.com/index/pt-br/transporte_p%C3%BAblico-line-0_092-Brasilia-1702-851943-496589-0,-1.0,-15.811607,-47.97975,41.0,,,2,2023-06-15T18:20:10+00:00
BRA_440744,Brasília,5300108,,Marechal,260.3,https://moovitapp.com/index/pt-br/transporte_p%C3%BAblico-line-260_3-Brasilia-1702-851940-393566-0,-1.0,-15.819347,-48.062037,0.0,,,2,2023-06-15T18:20:10+00:00
BRA_442453,Brasília,5300108,,Urbi,367.2,https://moovitapp.com/index/pt-br/transporte_p%C3%BAblico-line-367_2-Brasilia-1702-851595-454971-0,-1.0,-15.832703,-48.057403,0.0,,,2,2023-06-15T18:20:10+00:00
BRA_440272,Brasília,5300108,,Piracicabana,099.1,https://moovitapp.com/index/pt-br/transporte_p%C3%BAblico-line-099_1-Brasilia-1702-850942-775090-0,-1.0,-15.794743,-47.933957,0.0,,,2,2023-06-15T18:20:10+00:00
BRA_442313,Brasília,5300108,,Urbi,0.050,https://moovitapp.com/index/pt-br/transporte_p%C3%BAblico-line-0_050-Brasilia-1702-851595-781325-0,-1.0,-15.886553,-48.14632,36.0,,,2,2023-06-15T18:20:10+00:00
BRA_443719,Brasília,5300108,,Marechal,959.2,https://moovitapp.com/index/pt-br/transporte_p%C3%BAblico-line-959_2-Brasilia-1702-851940-66561063-0,-1.0,-15.86965,-48.037737,0.0,,,2,2023-06-15T18:20:10+00:00
BRA_440655,Brasília,5300108,,Marechal,0.205,https://moovitapp.com/index/pt-br/transporte_p%C3%BAblico-line-0_205-Brasilia-1702-851940-463646-0,-1.0,-15.80483,-48.07386,8.0,,,2,2023-06-15T18:20:10+00:00
BRA_444448,Brasília,5300108,,Marechal,0.205,https://moovitapp.com/index/pt-br/transporte_p%C3%BAblico-line-0_205-Brasilia-1702-851940-463646-0,-1.0,-15.953947,-48.030827,4.0,,,2,2023-06-15T18:20:10+00:00
BRA_440892,Brasília,5300108,,Marechal,162.2,https://moovitapp.com/index/pt-br/transporte_p%C3%BAblico-line-162_2-Brasilia-1702-851940-312446-0,-1.0,-15.819863,-48.06184,42.0,,,2,2023-06-15T18:20:10+00:00
BRA_440353,Brasília,5300108,,Urbi,872.9,https://moovitapp.com/index/pt-br/transporte_p%C3%BAblico-line-872_9-Brasilia-1702-851595-372394-0,-1.0,-15.805353,-48.070317,1.0,,,2,2023-06-15T18:20:10+00:00
BRA_441031,Brasília,5300108,,Marechal,260.3,https://moovitapp.com/index/pt-br/transporte_p%C3%BAblico-line-260_3-Brasilia-1702-851940-393566-0,-1.0,-15.830357,-48.05383,38.0,,,2,2023-06-15T17:15:16+00:00
BRA_440507,Brasília,5300108,,Marechal,355.3,https://moovitapp.com/index/pt-br/transporte_p%C3%BAblico-line-355_3-Brasilia-1702-851940-504343-0,-1.0,-15.872333,-47.970013,0.0,,,2,2023-06-15T18:20:10+00:00
BRA_441562,Brasília,5300108,,Marechal,0.363,https://moovitapp.com/index/pt-br/transporte_p%C3%BAblico-line-0_363-Brasilia-1702-851940-504339-0,-1.0,-15.819927,-48.10903,21.0,,,2,2023-06-15T18:20:10+00:00
BRA_445185,Brasília,5300108,,Marechal,0.300,https://moovitapp.com/index/pt-br/transporte_p%C3%BAblico-line-0_300-Brasilia-1702-851940-419624-0,-1.0,-15.828613,-48.058823,34.0,,,2,2023-06-15T18:20:10+00:00
BRA_442127,Brasília,5300108,,Marechal,933.1,https://moovitapp.com/index/pt-br/transporte_p%C3%BAblico-line-933_1-Brasilia-1702-851940-358307-0,-1.0,-15.839837,-48.129537,0.0,,,2,2023-06-15T18:20:10+00:00
BRA_440981,Brasília,5300108,,Marechal,355.3,https://moovitapp.com/index/pt-br/transporte_p%C3%BAblico-line-355_3-Brasilia-1702-851940-504343-0,-1.0,-15.86928,-48.037637,0.0,,,2,2023-06-15T18:16:52+00:00
BRA_442496,Brasília,5300108,,Urbi,0.898,https://moovitapp.com/index/pt-br/transporte_p%C3%BAblico-line-0_898-Brasilia-1702-851595-322394-0,-1.0,-15.949163,-48.033777,0.0,,,2,2023-06-15T18:20:10+00:00
BRA_443395,Brasília,5300108,,Marechal,363.1,https://moovitapp.com/index/pt-br/transporte_p%C3%BAblico-line-363_1-Brasilia-1702-851940-504344-0,-1.0,-15.808517,-48.084263,4.0,,,2,2023-06-15T18:20:10+00:00
BRA_443671,Brasília,5300108,,Marechal,357.1,https://moovitapp.com/index/pt-br/transporte_p%C3%BAblico-line-357_1-Brasilia-1702-851940-775113-0,-1.0,-15.8126,-48.093707,7.0,,,2,2023-06-15T18:20:10+00:00
BRA_440990,Brasília,5300108,,Marechal,355.2,https://moovitapp.com/index/pt-br/transporte_p%C3%BAblico-line-355_2-Brasilia-1702-851940-510251-0,-1.0,-15.86606,-48.023423,19.0,,,2,2023-06-15T18:20:10+00:00
BRA_440931,Brasília,5300108,,Marechal,959.1,https://moovitapp.com/index/pt-br/transporte_p%C3%BAblico-line-959_1-Brasilia-1702-851940-789939-0,-1.0,-15.80971,-48.065303,0.0,,,2,2023-06-15T18:20:10+00:00
BRA_441163,Brasília,5300108,,Marechal,0.355,https://moovitapp.com/index/pt-br/transporte_p%C3%BAblico-line-0_355-Brasilia-1702-851940-504338-0,-1.0,-15.854403,-48.045093,47.0,,,2,2023-06-15T17:03:50+00:00
BRA_440281,Brasília,5300108,,Urbi,805.9,https://moovitapp.com/index/pt-br/transporte_p%C3%BAblico-line-805_9-Brasilia-1702-851595-454983-0,-1.0,-15.886317,-48.058943,56.0,,,2,2023-06-15T18:07:39+00:00
BRA_441848,Brasília,5300108,,Marechal,0.089,https://moovitapp.com/index/pt-br/transporte_p%C3%BAblico-line-0_089-Brasilia-1702-851940-706977-0,-1.0,-15.83943,-48.12809,4.0,,,2,2023-06-15T18:20:10+00:00
BRA_442062,Brasília,5300108,,Urbi,0.054,https://moovitapp.com/index/pt-br/transporte_p%C3%BAblico-line-0_054-Brasilia-1702-851595-454960-0,-1.0,-15.901797,-48.128583,0.0,,,2,2023-06-15T18:20:10+00:00
BRA_444171,Brasília,5300108,,Marechal,0.369,https://moovitapp.com/index/pt-br/transporte_p%C3%BAblico-line-0_369-Brasilia-1702-851940-500060-0,-1.0,-15.84924,-48.1118,1.0,,,2,2023-06-15T18:20:10+00:00
BRA_444197,Brasília,5300108,,Marechal,933.2,https://moovitapp.com/index/pt-br/transporte_p%C3%BAblico-line-933_2-Brasilia-1702-851940-717428-0,-1.0,-15.841437,-48.101273,17.0,,,2,2023-06-15T18:13:49+00:00
BRA_443166,Brasília,5300108,,Marechal,0.361,https://moovitapp.com/index/pt-br/transporte_p%C3%BAblico-line-0_361-Brasilia-1702-851940-376158-0,-1.0,-15.79354,-48.0534,57.0,,,2,2023-06-15T18:16:05+00:00
BRA_443191,Brasília,5300108,,Marechal,933.1,https://moovitapp.com/index/pt-br/transporte_p%C3%BAblico-line-933_1-Brasilia-1702-851940-358307-0,-1.0,-15.83133,-48.114467,34.0,,,2,2023-06-15T18:20:10+00:00
BRA_441091,Brasília,5300108,,Marechal,0.162,https://moovitapp.com/index/pt-br/transporte_p%C3%BAblico-line-0_162-Brasilia-1702-851940-766836-0,-1.0,-15.793903,-47.88292,0.0,,,2,2023-06-15T18:20:05+00:00
BRA_443174,Brasília,5300108,,Marechal,361.1,https://moovitapp.com/index/pt-br/transporte_p%C3%BAblico-line-361_1-Brasilia-1702-851940-363861-0,-1.0,-15.840913,-48.126777,0.0,,,2,2023-06-15T18:20:10+00:00
BRA_441147,Brasília,5300108,,Marechal,0.205,https://moovitapp.com/index/pt-br/transporte_p%C3%BAblico-line-0_205-Brasilia-1702-851940-463646-0,-1.0,-15.869263,-48.038213,4.0,,,2,2023-06-15T18:17:49+00:00
BRA_441040,Brasília,5300108,,Marechal,355.2,https://moovitapp.com/index/pt-br/transporte_p%C3%BAblico-line-355_2-Brasilia-1702-851940-510251-0,-1.0,-15.846937,-48.04346,0.0,,,2,2023-06-15T18:20:10+00:00
BRA_441503,Brasília,5300108,,Urbi,0.050,https://moovitapp.com/index/pt-br/transporte_p%C3%BAblico-line-0_050-Brasilia-1702-851595-781325-0,-1.0,-15.871887,-48.102547,21.0,,,2,2023-06-15T18:20:10+00:00
BRA_441121,Brasília,5300108,,Marechal,154.2,https://moovitapp.com/index/pt-br/transporte_p%C3%BAblico-line-154_2-Brasilia-1702-851940-527234-0,-1.0,-15.783453,-47.896697,0.0,,,2,2023-06-15T18:20:10+00:00
BRA_443140,Brasília,5300108,,Marechal,932.2,https://moovitapp.com/index/pt-br/transporte_p%C3%BAblico-line-932_2-Brasilia-1702-851940-3494666-0,-1.0,-15.81261,-47.999737,56.0,,,2,2023-06-15T18:20:10+00:00
BRA_443981,Brasília,5300108,,Marechal,0.369,https://moovitapp.com/index/pt-br/transporte_p%C3%BAblico-line-0_369-Brasilia-1702-851940-500060-0,-1.0,-15.8675,-48.035933,42.0,,,2,2023-06-15T18:20:10+00:00
BRA_444405,Brasília,5300108,,Marechal,0.205,https://moovitapp.com/index/pt-br/transporte_p%C3%BAblico-line-0_205-Brasilia-1702-851940-463646-0,-1.0,-15.86976,-48.037647,0.0,,,2,2023-06-15T18:20:10+00:00
BRA_441911,Brasília,5300108,,Marechal,0.089,https://moovitapp.com/index/pt-br/transporte_p%C3%BAblico-line-0_089-Brasilia-1702-851940-706977-0,-1.0,-15.839103,-48.12863,0.0,,,2,2023-06-15T18:20:10+00:00
BRA_442429,Brasília,5300108,,Marechal,363.2,https://moovitapp.com/index/pt-br/transporte_p%C3%BAblico-line-363_2-Brasilia-1702-851940-725443-0,-1.0,-15.810353,-48.089817,41.0,,,2,2023-06-15T18:20:10+00:00
BRA_441724,Brasília,5300108,,Urbi,372.4,https://moovitapp.com/index/pt-br/transporte_p%C3%BAblico-line-372_4-Brasilia-1702-851595-650087-0,-1.0,-15.839607,-48.128817,0.0,,,2,2023-06-15T18:20:10+00:00
BRA_440388,Brasília,5300108,,São José,0.092,https://moovitapp.com/index/pt-br/transporte_p%C3%BAblico-line-0_092-Brasilia-1702-851943-496589-0,-1.0,-15.869807,-48.037793,0.0,,,2,2023-06-15T18:20:10+00:00
BRA_440973,Brasília,5300108,,Piracicabana,099.1,https://moovitapp.com/index/pt-br/transporte_p%C3%BAblico-line-099_1-Brasilia-1702-850942-775090-0,-1.0,-15.819847,-48.017503,55.0,,,2,2023-06-15T18:20:10+00:00
BRA_441082,Brasília,5300108,,Urbi,038.1,https://moovitapp.com/index/pt-br/transporte_p%C3%BAblico-line-038_1-Brasilia-1702-851595-781327-0,-1.0,-15.869713,-48.037737,0.0,,,2,2023-06-15T18:20:10+00:00
BRA_443786,Brasília,5300108,,Marechal,355.2,https://moovitapp.com/index/pt-br/transporte_p%C3%BAblico-line-355_2-Brasilia-1702-851940-510251-0,-1.0,-15.869557,-48.0382,0.0,,,2,2023-06-15T18:20:10+00:00
BRA_441716,Brasília,5300108,,Urbi,0.056,https://moovitapp.com/index/pt-br/transporte_p%C3%BAblico-line-0_056-Brasilia-1702-851595-588804-0,-1.0,-15.83543,-48.075827,12.0,,,2,2023-06-15T18:20:10+00:00
BRA_440540,Brasília,5300108,,Marechal,0.090,https://moovitapp.com/index/pt-br/transporte_p%C3%BAblico-line-0_090-Brasilia-1702-851940-242702-0,-1.0,-15.825067,-47.97895,47.0,,,2,2023-06-15T18:20:10+00:00
BRA_440434,Brasília,5300108,,Marechal,0.376,https://moovitapp.com/index/pt-br/transporte_p%C3%BAblico-line-0_376-Brasilia-1702-851940-242726-0,-1.0,-15.786767,-47.89894,40.0,,,2,2023-06-15T18:20:10+00:00
BRA_440108,Brasília,5300108,,Marechal,0.090,https://moovitapp.com/index/pt-br/transporte_p%C3%BAblico-line-0_090-Brasilia-1702-851940-242702-0,-1.0,-15.840997,-47.965893,0.0,,,2,2023-06-15T18:20:10+00:00
BRA_440205,Brasília,5300108,,Marechal,156.8,https://moovitapp.com/index/pt-br/transporte_p%C3%BAblico-line-156_8-Brasilia-1702-851940-312445-0,-1.0,-15.793943,-47.883193,0.0,,,2,2023-06-15T18:20:10+00:00
BRA_442437,Brasília,5300108,,Marechal,933.4,https://moovitapp.com/index/pt-br/transporte_p%C3%BAblico-line-933_4-Brasilia-1702-851940-656766-0,-1.0,-15.840627,-48.1268,0.0,,,2,2023-06-15T18:20:10+00:00
BRA_443794,Brasília,5300108,,Marechal,0.951,https://moovitapp.com/index/pt-br/transporte_p%C3%BAblico-line-0_951-Brasilia-1702-851940-783578-0,-1.0,-15.86731,-48.037703,0.0,,,2,2023-06-15T18:02:41+00:00
BRA_440671,Brasília,5300108,,Marechal,355.2,https://moovitapp.com/index/pt-br/transporte_p%C3%BAblico-line-355_2-Brasilia-1702-851940-510251-0,-1.0,-15.82813,-48.062477,10.0,,,2,2023-06-15T18:20:10+00:00
BRA_444944,Brasília,5300108,,Urbi,0.347,https://moovitapp.com/index/pt-br/transporte_p%C3%BAblico-line-0_347-Brasilia-1702-851595-347128-0,-1.0,-15.87582,-47.97462,0.0,,,2,2023-06-15T18:20:10+00:00
BRA_445011,Brasília,5300108,,Marechal,0.383,https://moovitapp.com/index/pt-br/transporte_p%C3%BAblico-line-0_383-Brasilia-1702-851940-347151-0,-1.0,-15.845717,-48.12272,55.0,,,2,2023-06-15T18:20:10+00:00
BRA_445134,Brasília,5300108,,Marechal,0.305,https://moovitapp.com/index/pt-br/transporte_p%C3%BAblico-line-0_305-Brasilia-1702-851940-775108-0,-1.0,-15.844187,-48.050177,22.0,,,2,2023-06-15T18:20:10+00:00
BRA_440736,Brasília,5300108,,São José,157.8,https://moovitapp.com/index/pt-br/transporte_p%C3%BAblico-line-157_8-Brasilia-1702-851943-759503-0,-1.0,-15.783303,-47.896547,0.0,,,2,2023-06-15T18:20:05+00:00
BRA_441431,Brasília,5300108,,Marechal,0.363,https://moovitapp.com/index/pt-br/transporte_p%C3%BAblico-line-0_363-Brasilia-1702-851940-504339-0,-1.0,-15.813187,-48.09682,37.0,,,2,2023-06-15T18:20:10+00:00
BRA_445304,Brasília,5300108,,Marechal,0.378,https://moovitapp.com/index/pt-br/transporte_p%C3%BAblico-line-0_378-Brasilia-1702-851940-347150-0,-1.0,-15.765137,-47.89064,45.0,,,2,2023-06-15T18:20:10+00:00
BRA_441058,Brasília,5300108,,Marechal,0.376,https://moovitapp.com/index/pt-br/transporte_p%C3%BAblico-line-0_376-Brasilia-1702-851940-242726-0,-1.0,-15.811613,-48.064683,0.0,,,2,2023-06-15T18:20:10+00:00
BRA_440728,Brasília,5300108,,Marechal,0.355,https://moovitapp.com/index/pt-br/transporte_p%C3%BAblico-line-0_355-Brasilia-1702-851940-504338-0,-1.0,-15.869527,-48.037023,0.0,,,2,2023-06-15T18:20:05+00:00
BRA_440337,Brasília,5300108,,Marechal,156.1,https://moovitapp.com/index/pt-br/transporte_p%C3%BAblico-line-156_1-Brasilia-1702-851940-242750-0,-1.0,-15.840807,-47.96578,0.0,,,2,2023-06-15T18:20:10+00:00
BRA_445258,Brasília,5300108,,Marechal,337.1,https://moovitapp.com/index/pt-br/transporte_p%C3%BAblico-line-337_1-Brasilia-1702-851940-347165-0,-1.0,-15.838463,-48.095377,16.0,,,2,2023-06-15T18:20:12+00:00
BRA_441481,Brasília,5300108,,Urbi,0.367,https://moovitapp.com/index/pt-br/transporte_p%C3%BAblico-line-0_367-Brasilia-1702-851595-519380-0,-1.0,-15.84799,-48.060417,18.0,,,2,2023-06-15T18:20:10+00:00
BRA_442054,Brasília,5300108,,Marechal,932.2,https://moovitapp.com/index/pt-br/transporte_p%C3%BAblico-line-932_2-Brasilia-1702-851940-3494666-0,-1.0,-15.81158,-47.939923,51.0,,,2,2023-06-15T18:20:10+00:00
BRA_440167,Brasília,5300108,,Marechal,0.156,https://moovitapp.com/index/pt-br/transporte_p%C3%BAblico-line-0_156-Brasilia-1702-851940-242705-0,-1.0,-15.783653,-47.896487,0.0,,,2,2023-06-15T18:20:10+00:00
BRA_445274,Brasília,5300108,,Marechal,0.301,https://moovitapp.com/index/pt-br/transporte_p%C3%BAblico-line-0_301-Brasilia-1702-851940-339319-0,-1.0,-15.80964,-47.952273,60.0,,,2,2023-06-15T18:20:10+00:00
BRA_445371,Brasília,5300108,,Marechal,337.1,https://moovitapp.com/index/pt-br/transporte_p%C3%BAblico-line-337_1-Brasilia-1702-851940-347165-0,-1.0,-15.7938,-47.882867,0.0,,,2,2023-06-15T18:20:10+00:00
BRA_441465,Brasília,5300108,,Marechal,0.363,https://moovitapp.com/index/pt-br/transporte_p%C3%BAblico-line-0_363-Brasilia-1702-851940-504339-0,-1.0,-15.808847,-48.085303,27.0,,,2,2023-06-15T18:20:10+00:00
BRA_445215,Brasília,5300108,,Marechal,0.300,https://moovitapp.com/index/pt-br/transporte_p%C3%BAblico-line-0_300-Brasilia-1702-851940-419624-0,-1.0,-15.840903,-48.126667,0.0,,,2,2023-06-15T18:20:10+00:00
BRA_440043,Brasília,5300108,,Marechal,872.8,https://moovitapp.com/index/pt-br/transporte_p%C3%BAblico-line-872_8-Brasilia-1702-851940-425260-0,-1.0,-15.895373,-48.048163,11.0,,,2,2023-06-15T18:20:10+00:00
BRA_441678,Brasília,5300108,,Marechal,0.339,https://moovitapp.com/index/pt-br/transporte_p%C3%BAblico-line-0_339-Brasilia-1702-851940-419625-0,-1.0,-15.80724,-48.081397,0.0,,,2,2023-06-15T18:20:10+00:00
BRA_442232,Brasília,5300108,,Marechal,932.1,https://moovitapp.com/index/pt-br/transporte_p%C3%BAblico-line-932_1-Brasilia-1702-851940-470763-0,-1.0,-15.793963,-47.883047,0.0,,,2,2023-06-15T18:20:10+00:00
BRA_445380,Brasília,5300108,,Marechal,0.378,https://moovitapp.com/index/pt-br/transporte_p%C3%BAblico-line-0_378-Brasilia-1702-851940-347150-0,-1.0,-15.840713,-48.12681,0.0,,,2,2023-06-15T18:20:10+00:00
BRA_442411,Brasília,5300108,,Urbi,0.050,https://moovitapp.com/index/pt-br/transporte_p%C3%BAblico-line-0_050-Brasilia-1702-851595-781325-0,-1.0,-15.874357,-48.10612,16.0,,,2,2023-06-15T18:20:12+00:00
BRA_440264,Brasília,5300108,,Marechal,260.3,https://moovitapp.com/index/pt-br/transporte_p%C3%BAblico-line-260_3-Brasilia-1702-851940-393566-0,-1.0,-15.79479,-48.160313,53.0,,,2,2023-06-15T18:20:10+00:00
BRA_440345,Brasília,5300108,,Marechal,0.205,https://moovitapp.com/index/pt-br/transporte_p%C3%BAblico-line-0_205-Brasilia-1702-851940-463646-0,-1.0,-16.019987,-48.06679,0.0,,,2,2023-06-15T18:20:11+00:00
BRA_442755,Brasília,5300108,,Marechal,933.1,https://moovitapp.com/index/pt-br/transporte_p%C3%BAblico-line-933_1-Brasilia-1702-851940-358307-0,-1.0,-15.84095,-48.1268,0.0,,,2,2023-06-15T18:20:05+00:00
BRA_445339,Brasília,5300108,,Marechal,0.383,https://moovitapp.com/index/pt-br/transporte_p%C3%BAblico-line-0_383-Brasilia-1702-851940-347151-0,-1.0,-15.78685,-47.945323,0.0,,,2,2023-06-15T18:20:10+00:00
BRA_443000,Brasília,5300108,,Marechal,0.554,https://moovitapp.com/index/pt-br/transporte_p%C3%BAblico-line-0_554-Brasilia-1702-851940-504340-0,-1.0,-15.815107,-48.09982,4.0,,,2,2023-06-15T18:20:11+00:00
BRA_443034,Brasília,5300108,,Marechal,0.554,https://moovitapp.com/index/pt-br/transporte_p%C3%BAblico-line-0_554-Brasilia-1702-851940-504340-0,-1.0,-15.840307,-48.129677,0.0,,,2,2023-06-15T18:20:05+00:00
BRA_442712,Brasília,5300108,,Marechal,383.3,https://moovitapp.com/index/pt-br/transporte_p%C3%BAblico-line-383_3-Brasilia-1702-851940-88144102-0,-1.0,-15.787087,-48.009087,9.0,,,2,2023-06-15T18:20:10+00:00
BRA_440035,Brasília,5300108,,Marechal,355.3,https://moovitapp.com/index/pt-br/transporte_p%C3%BAblico-line-355_3-Brasilia-1702-851940-504343-0,-1.0,-15.867313,-48.037253,0.0,,,2,2023-06-15T18:20:05+00:00
BRA_442241,Brasília,5300108,,Urbi,393.7,https://moovitapp.com/index/pt-br/transporte_p%C3%BAblico-line-393_7-Brasilia-1702-851595-588818-0,-1.0,-15.874767,-48.033993,46.0,,,2,2023-06-15T18:20:10+00:00
BRA_445398,Brasília,5300108,,Marechal,0.301,https://moovitapp.com/index/pt-br/transporte_p%C3%BAblico-line-0_301-Brasilia-1702-851940-339319-0,-1.0,-15.840963,-48.126917,0.0,,,2,2023-06-15T18:20:10+00:00
BRA_440027,Brasília,5300108,,Urbi,805.2,https://moovitapp.com/index/pt-br/transporte_p%C3%BAblico-line-805_2-Brasilia-1702-851595-454981-0,-1.0,-15.93334,-48.108427,0.0,,,2,2023-06-15T18:20:05+00:00
BRA_445207,Brasília,5300108,,Marechal,0.378,https://moovitapp.com/index/pt-br/transporte_p%C3%BAblico-line-0_378-Brasilia-1702-851940-347150-0,-1.0,-15.839027,-48.129267,0.0,,,2,2023-06-15T18:20:10+00:00
BRA_440426,Brasília,5300108,,Marechal,0.234,https://moovitapp.com/index/pt-br/transporte_p%C3%BAblico-line-0_234-Brasilia-1702-851940-419623-0,-1.0,-16.024457,-48.062947,20.0,,,2,2023-06-15T18:20:10+00:00
BRA_444341,Brasília,5300108,,Marechal,162.2,https://moovitapp.com/index/pt-br/transporte_p%C3%BAblico-line-162_2-Brasilia-1702-851940-312446-0,-1.0,-15.877233,-48.050623,59.0,,,2,2023-06-15T18:20:10+00:00
BRA_444103,Brasília,5300108,,Marechal,933.2,https://moovitapp.com/index/pt-br/transporte_p%C3%BAblico-line-933_2-Brasilia-1702-851940-717428-0,-1.0,-15.850583,-48.119037,0.0,,,2,2023-06-15T18:20:10+00:00
BRA_442003,Brasília,5300108,,Marechal,933.1,https://moovitapp.com/index/pt-br/transporte_p%C3%BAblico-line-933_1-Brasilia-1702-851940-358307-0,-1.0,-15.85356,-48.11792,40.0,,,2,2023-06-15T18:20:10+00:00
BRA_440795,Brasília,5300108,,Marechal,260.3,https://moovitapp.com/index/pt-br/transporte_p%C3%BAblico-line-260_3-Brasilia-1702-851940-393566-0,-1.0,-15.809943,-48.089517,0.0,,,2,2023-06-15T18:20:10+00:00
BRA_443557,Brasília,5300108,,Marechal,355.3,https://moovitapp.com/index/pt-br/transporte_p%C3%BAblico-line-355_3-Brasilia-1702-851940-504343-0,-1.0,-15.853787,-47.993303,0.0,,,2,2023-06-15T18:20:10+00:00
BRA_441511,Brasília,5300108,,Marechal,363.2,https://moovitapp.com/index/pt-br/transporte_p%C3%BAblico-line-363_2-Brasilia-1702-851940-725443-0,-1.0,-15.833163,-48.055643,40.0,,,2,2023-06-15T18:20:10+00:00
BRA_441635,Brasília,5300108,,Marechal,932.1,https://moovitapp.com/index/pt-br/transporte_p%C3%BAblico-line-932_1-Brasilia-1702-851940-470763-0,-1.0,-15.82272,-48.080783,0.0,,,2,2023-06-15T18:20:10+00:00
BRA_442623,Brasília,5300108,,Urbi,0.054,https://moovitapp.com/index/pt-br/transporte_p%C3%BAblico-line-0_054-Brasilia-1702-851595-454960-0,-1.0,-15.839203,-48.05219,49.0,,,2,2023-06-15T18:20:10+00:00
BRA_444570,Brasília,5300108,,Marechal,383.3,https://moovitapp.com/index/pt-br/transporte_p%C3%BAblico-line-383_3-Brasilia-1702-851940-88144102-0,-1.0,-15.838797,-48.128833,0.0,,,2,2023-06-15T18:20:10+00:00
BRA_444723,Brasília,5300108,,São José,332.1,https://moovitapp.com/index/pt-br/transporte_p%C3%BAblico-line-332_1-Brasilia-1702-851943-2068455-0,-1.0,-15.838307,-48.122007,20.0,,,2,2023-06-15T18:20:10+00:00
BRA_443051,Brasília,5300108,,Marechal,0.942,https://moovitapp.com/index/pt-br/transporte_p%C3%BAblico-line-0_942-Brasilia-1702-851940-347158-0,-1.0,-15.770043,-47.888973,1.0,,,2,2023-06-15T18:20:10+00:00
BRA_442801,Brasília,5300108,,Marechal,0.383,https://moovitapp.com/index/pt-br/transporte_p%C3%BAblico-line-0_383-Brasilia-1702-851940-347151-0,-1.0,-15.793933,-47.882883,0.0,,,2,2023-06-15T18:20:05+00:00
BRA_445126,Brasília,5300108,,Marechal,0.305,https://moovitapp.com/index/pt-br/transporte_p%C3%BAblico-line-0_305-Brasilia-1702-851940-775108-0,-1.0,-15.83025,-48.053547,45.0,,,2,2023-06-15T18:20:10+00:00
BRA_442747,Brasília,5300108,,Marechal,361.1,https://moovitapp.com/index/pt-br/transporte_p%C3%BAblico-line-361_1-Brasilia-1702-851940-363861-0,-1.0,-15.840203,-48.042973,4.0,,,2,2023-06-15T18:20:10+00:00
BRA_441660,Brasília,5300108,,Urbi,0.056,https://moovitapp.com/index/pt-br/transporte_p%C3%BAblico-line-0_056-Brasilia-1702-851595-588804-0,-1.0,-15.90242,-48.129553,0.0,,,2,2023-06-15T18:20:10+00:00
BRA_443123,Brasília,5300108,,Marechal,361.1,https://moovitapp.com/index/pt-br/transporte_p%C3%BAblico-line-361_1-Brasilia-1702-851940-363861-0,-1.0,-15.839527,-48.128643,0.0,,,2,2023-06-15T18:20:10+00:00
BRA_443778,Brasília,5300108,,Marechal,157.6,https://moovitapp.com/index/pt-br/transporte_p%C3%BAblico-line-157_6-Brasilia-1702-851940-419627-0,-1.0,-15.869667,-48.038587,0.0,,,2,2023-06-15T18:20:05+00:00
BRA_440591,Brasília,5300108,,Piracicabana,099.1,https://moovitapp.com/index/pt-br/transporte_p%C3%BAblico-line-099_1-Brasilia-1702-850942-775090-0,-1.0,-15.81071,-47.976267,45.0,,,2,2023-06-15T18:20:10+00:00
BRA_444286,Brasília,5300108,,Marechal,933.2,https://moovitapp.com/index/pt-br/transporte_p%C3%BAblico-line-933_2-Brasilia-1702-851940-717428-0,-1.0,-15.857437,-48.122527,17.0,,,2,2023-06-15T18:20:10+00:00
BRA_440922,Brasília,5300108,,São José,0.092,https://moovitapp.com/index/pt-br/transporte_p%C3%BAblico-line-0_092-Brasilia-1702-851943-496589-0,-1.0,-15.83837,-48.04713,25.0,,,2,2023-06-15T18:20:10+00:00
BRA_440400,Brasília,5300108,,São José,0.092,https://moovitapp.com/index/pt-br/transporte_p%C3%BAblico-line-0_092-Brasilia-1702-851943-496589-0,-1.0,-15.829727,-47.987477,57.0,,,2,2023-06-15T18:20:10+00:00
BRA_440639,Brasília,5300108,,Marechal,0.234,https://moovitapp.com/index/pt-br/transporte_p%C3%BAblico-line-0_234-Brasilia-1702-851940-419623-0,-1.0,-15.976867,-48.032913,49.0,,,2,2023-06-15T18:20:10+00:00
BRA_440868,Brasília,5300108,,Marechal,0.376,https://moovitapp.com/index/pt-br/transporte_p%C3%BAblico-line-0_376-Brasilia-1702-851940-242726-0,-1.0,-15.82362,-48.064047,0.0,,,2,2023-06-15T17:57:12+00:00
BRA_441708,Brasília,5300108,,Urbi,367.2,https://moovitapp.com/index/pt-br/transporte_p%C3%BAblico-line-367_2-Brasilia-1702-851595-454971-0,-1.0,-15.841353,-48.05719,18.0,,,2,2023-06-15T18:20:10+00:00
BRA_445193,Brasília,5300108,,Marechal,0.300,https://moovitapp.com/index/pt-br/transporte_p%C3%BAblico-line-0_300-Brasilia-1702-851940-419624-0,-1.0,-15.825053,-47.93352,13.0,,,2,2023-06-15T18:13:34+00:00
BRA_441007,Brasília,5300108,,Marechal,0.234,https://moovitapp.com/index/pt-br/transporte_p%C3%BAblico-line-0_234-Brasilia-1702-851940-419623-0,-1.0,-15.83721,-48.011837,4.0,,,2,2023-06-15T18:20:10+00:00
BRA_440078,Brasília,5300108,,Marechal,0.153,https://moovitapp.com/index/pt-br/transporte_p%C3%BAblico-line-0_153-Brasilia-1702-851940-766835-0,-1.0,-15.869787,-48.037643,0.0,,,2,2023-06-15T18:20:05+00:00
BRA_444111,Brasília,5300108,,Marechal,933.3,https://moovitapp.com/index/pt-br/transporte_p%C3%BAblico-line-933_3-Brasilia-1702-851940-450287-0,-1.0,-15.843547,-48.10405,0.0,,,2,2023-06-15T18:20:10+00:00
BRA_442984,Brasília,5300108,,Urbi,0.050,https://moovitapp.com/index/pt-br/transporte_p%C3%BAblico-line-0_050-Brasilia-1702-851595-781325-0,-1.0,-15.849973,-48.060973,19.0,,,2,2023-06-15T18:20:10+00:00
BRA_442674,Brasília,5300108,,Marechal,0.089,https://moovitapp.com/index/pt-br/transporte_p%C3%BAblico-line-0_089-Brasilia-1702-851940-706977-0,-1.0,-15.831537,-48.049107,34.0,,,2,2023-06-15T18:20:10+00:00
BRA_442666,Brasília,5300108,,Urbi,056.2,https://moovitapp.com/index/pt-br/transporte_p%C3%BAblico-line-056_2-Brasilia-1702-851595-492982-0,-1.0,-15.80875,-48.08494,12.0,,,2,2023-06-15T18:20:10+00:00
BRA_440086,Brasília,5300108,,Marechal,162.2,https://moovitapp.com/index/pt-br/transporte_p%C3%BAblico-line-162_2-Brasilia-1702-851940-312446-0,-1.0,-15.84014,-47.965527,0.0,,,2,2023-06-15T18:20:10+00:00
BRA_442534,Brasília,5300108,,Marechal,304.1,https://moovitapp.com/index/pt-br/transporte_p%C3%BAblico-line-304_1-Brasilia-1702-851940-516636-0,-1.0,-15.827677,-48.06267,0.0,,,2,2023-06-15T18:20:10+00:00
BRA_444740,Brasília,5300108,,Marechal,0.089,https://moovitapp.com/index/pt-br/transporte_p%C3%BAblico-line-0_089-Brasilia-1702-851940-706977-0,-1.0,-15.827553,-47.984917,37.0,,,2,2023-06-15T18:20:10+00:00
BRA_442879,Brasília,5300108,,Marechal,933.4,https://moovitapp.com/index/pt-br/transporte_p%C3%BAblico-line-933_4-Brasilia-1702-851940-656766-0,-1.0,-15.80852,-48.084293,25.0,,,2,2023-06-15T18:20:12+00:00
BRA_441449,Brasília,5300108,,Marechal,0.555,https://moovitapp.com/index/pt-br/transporte_p%C3%BAblico-line-0_555-Brasilia-1702-851940-504341-0,-1.0,-15.839147,-48.128647,0.0,,,2,2023-06-15T18:20:10+00:00
BRA_443417,Brasília,5300108,,Marechal,933.1,https://moovitapp.com/index/pt-br/transporte_p%C3%BAblico-line-933_1-Brasilia-1702-851940-358307-0,-1.0,-15.813637,-48.097097,0.0,,,2,2023-06-15T18:20:10+00:00
BRA_441384,Brasília,5300108,,Urbi,056.4,https://moovitapp.com/index/pt-br/transporte_p%C3%BAblico-line-056_4-Brasilia-1702-851595-519387-0,-1.0,-15.862697,-48.087967,6.0,,,2,2023-06-15T18:20:10+00:00
BRA_441333,Brasília,5300108,,Marechal,355.2,https://moovitapp.com/index/pt-br/transporte_p%C3%BAblico-line-355_2-Brasilia-1702-851940-510251-0,-1.0,-15.82514,-47.979537,0.0,,,2,2023-06-15T18:20:10+00:00
BRA_443310,Brasília,5300108,,Marechal,336.1,https://moovitapp.com/index/pt-br/transporte_p%C3%BAblico-line-336_1-Brasilia-1702-851940-347163-0,-1.0,-15.815633,-48.008887,49.0,,,2,2023-06-15T18:20:10+00:00
BRA_441104,Brasília,5300108,,Urbi,038.1,https://moovitapp.com/index/pt-br/transporte_p%C3%BAblico-line-038_1-Brasilia-1702-851595-781327-0,-1.0,-15.88567,-48.022907,0.0,,,2,2023-06-15T18:20:10+00:00
BRA_443506,Brasília,5300108,,São José,333.6,https://moovitapp.com/index/pt-br/transporte_p%C3%BAblico-line-333_6-Brasilia-1702-851943-2068452-0,-1.0,-15.83808,-48.015963,0.0,,,2,2023-06-15T18:20:10+00:00
BRA_441198,Brasília,5300108,,Marechal,0.234,https://moovitapp.com/index/pt-br/transporte_p%C3%BAblico-line-0_234-Brasilia-1702-851940-419623-0,-1.0,-15.964837,-48.020253,58.0,,,2,2023-06-15T18:20:10+00:00
BRA_444316,Brasília,5300108,,Marechal,933.2,https://moovitapp.com/index/pt-br/transporte_p%C3%BAblico-line-933_2-Brasilia-1702-851940-717428-0,-1.0,-15.857507,-48.122673,16.0,,,2,2023-06-15T18:20:12+00:00
BRA_444120,Brasília,5300108,,Marechal,933.2,https://moovitapp.com/index/pt-br/transporte_p%C3%BAblico-line-933_2-Brasilia-1702-851940-717428-0,-1.0,-15.815003,-48.099617,0.0,,,2,2023-06-15T18:20:12+00:00
BRA_440809,Brasília,5300108,,Marechal,154.2,https://moovitapp.com/index/pt-br/transporte_p%C3%BAblico-line-154_2-Brasilia-1702-851940-527234-0,-1.0,-15.843843,-47.944197,69.0,,,2,2023-06-15T18:17:29+00:00
BRA_443930,Brasília,5300108,,Marechal,933.6,https://moovitapp.com/index/pt-br/transporte_p%C3%BAblico-line-933_6-Brasilia-1702-851940-3494672-0,-1.0,-15.833417,-48.11708,40.0,,,2,2023-06-15T18:16:36+00:00
BRA_444260,Brasília,5300108,,Urbi,056.2,https://moovitapp.com/index/pt-br/transporte_p%C3%BAblico-line-056_2-Brasilia-1702-851595-492982-0,-1.0,-15.8475,-48.115657,32.0,,,2,2023-06-15T18:20:10+00:00
BRA_440761,Brasília,5300108,,Marechal,260.3,https://moovitapp.com/index/pt-br/transporte_p%C3%BAblico-line-260_3-Brasilia-1702-851940-393566-0,-1.0,-15.807937,-48.157137,0.0,,,2,2023-06-15T18:20:10+00:00
BRA_442356,Brasília,5300108,,Urbi,0.367,https://moovitapp.com/index/pt-br/transporte_p%C3%BAblico-line-0_367-Brasilia-1702-851595-519380-0,-1.0,-15.883977,-48.150133,0.0,,,2,2023-06-15T18:20:10+00:00
BRA_444022,Brasília,5300108,,Marechal,933.2,https://moovitapp.com/index/pt-br/transporte_p%C3%BAblico-line-933_2-Brasilia-1702-851940-717428-0,-1.0,-15.84287,-48.124683,52.0,,,2,2023-06-15T16:18:09+00:00
BRA_444090,Brasília,5300108,,Marechal,933.5,https://moovitapp.com/index/pt-br/transporte_p%C3%BAblico-line-933_5-Brasilia-1702-851940-766837-0,-1.0,-15.839577,-48.128113,0.0,,,2,2023-06-15T18:20:10+00:00
BRA_443956,Brasília,5300108,,Marechal,363.1,https://moovitapp.com/index/pt-br/transporte_p%C3%BAblico-line-363_1-Brasilia-1702-851940-504344-0,-1.0,-15.831627,-48.1142,37.0,,,2,2023-06-15T18:20:10+00:00
BRA_445312,Brasília,5300108,,Marechal,0.378,https://moovitapp.com/index/pt-br/transporte_p%C3%BAblico-line-0_378-Brasilia-1702-851940-347150-0,-1.0,-15.791243,-47.897253,29.0,,,2,2023-06-15T18:20:10+00:00
BRA_442194,Brasília,5300108,,Urbi,367.2,https://moovitapp.com/index/pt-br/transporte_p%C3%BAblico-line-367_2-Brasilia-1702-851595-454971-0,-1.0,-15.897657,-48.14706,19.0,,,2,2023-06-15T18:20:10+00:00
BRA_444545,Brasília,5300108,,Marechal,932.1,https://moovitapp.com/index/pt-br/transporte_p%C3%BAblico-line-932_1-Brasilia-1702-851940-470763-0,-1.0,-15.840773,-48.127,13.0,,,2,2023-06-15T18:20:10+00:00
BRA_443883,Brasília,5300108,,Marechal,0.351,https://moovitapp.com/index/pt-br/transporte_p%C3%BAblico-line-0_351-Brasilia-1702-851940-510246-0,-1.0,-15.866913,-48.037473,0.0,,,2,2023-06-15T18:20:11+00:00
BRA_444537,Brasília,5300108,,Marechal,0.383,https://moovitapp.com/index/pt-br/transporte_p%C3%BAblico-line-0_383-Brasilia-1702-851940-347151-0,-1.0,-15.840707,-48.12712,0.0,,,2,2023-06-15T18:20:10+00:00
BRA_440621,Brasília,5300108,,Urbi,805.9,https://moovitapp.com/index/pt-br/transporte_p%C3%BAblico-line-805_9-Brasilia-1702-851595-454983-0,-1.0,-15.839087,-48.052453,22.0,,,2,2023-06-15T18:20:12+00:00
BRA_441805,Brasília,5300108,,Marechal,0.043,https://moovitapp.com/index/pt-br/transporte_p%C3%BAblico-line-0_043-Brasilia-1702-851940-781330-0,-1.0,-15.803257,-48.02041,40.0,,,2,2023-06-15T18:20:11+00:00
BRA_441775,Brasília,5300108,,Marechal,0.903,https://moovitapp.com/index/pt-br/transporte_p%C3%BAblico-line-0_903-Brasilia-1702-851940-347155-0,-1.0,-15.798063,-48.055727,44.0,,,2,2023-06-15T16:53:02+00:00
BRA_443387,Brasília,5300108,,Urbi,0.050,https://moovitapp.com/index/pt-br/transporte_p%C3%BAblico-line-0_050-Brasilia-1702-851595-781325-0,-1.0,-15.869667,-48.087843,58.0,,,2,2023-06-15T18:20:10+00:00
BRA_443361,Brasília,5300108,,Marechal,933.1,https://moovitapp.com/index/pt-br/transporte_p%C3%BAblico-line-933_1-Brasilia-1702-851940-358307-0,-1.0,-15.82008,-48.109323,40.0,,,2,2023-06-15T18:20:10+00:00
BRA_441422,Brasília,5300108,,Marechal,0.363,https://moovitapp.com/index/pt-br/transporte_p%C3%BAblico-line-0_363-Brasilia-1702-851940-504339-0,-1.0,-15.841897,-48.12567,40.0,,,2,2023-06-15T18:20:10+00:00
BRA_445355,Brasília,5300108,,Marechal,337.1,https://moovitapp.com/index/pt-br/transporte_p%C3%BAblico-line-337_1-Brasilia-1702-851940-347165-0,-1.0,-15.840907,-48.126567,0.0,,,2,2023-06-15T18:20:10+00:00
BRA_440833,Brasília,5300108,,Marechal,156.1,https://moovitapp.com/index/pt-br/transporte_p%C3%BAblico-line-156_1-Brasilia-1702-851940-242750-0,-1.0,-15.870523,-48.03809,0.0,,,2,2023-06-15T18:20:05+00:00
BRA_443450,Brasília,5300108,,Marechal,0.363,https://moovitapp.com/index/pt-br/transporte_p%C3%BAblico-line-0_363-Brasilia-1702-851940-504339-0,-1.0,-15.840073,-48.115887,46.0,,,2,2023-06-15T18:20:10+00:00
BRA_443301,Brasília,5300108,,Marechal,933.5,https://moovitapp.com/index/pt-br/transporte_p%C3%BAblico-line-933_5-Brasilia-1702-851940-766837-0,-1.0,-15.84086,-48.12706,0.0,,,2,2023-06-15T18:20:10+00:00
BRA_445142,Brasília,5300108,,Marechal,0.306,https://moovitapp.com/index/pt-br/transporte_p%C3%BAblico-line-0_306-Brasilia-1702-851940-242714-0,-1.0,-15.866737,-48.037563,0.0,,,2,2023-06-15T18:20:10+00:00
BRA_441074,Brasília,5300108,,Marechal,260.3,https://moovitapp.com/index/pt-br/transporte_p%C3%BAblico-line-260_3-Brasilia-1702-851940-393566-0,-1.0,-15.941567,-48.040863,60.0,,,2,2023-06-15T18:20:10+00:00
BRA_441473,Brasília,5300108,,Marechal,0.089,https://moovitapp.com/index/pt-br/transporte_p%C3%BAblico-line-0_089-Brasilia-1702-851940-706977-0,-1.0,-15.830487,-48.036143,1.0,,,2,2023-06-15T18:20:10+00:00
BRA_443760,Brasília,5300108,,Marechal,0.951,https://moovitapp.com/index/pt-br/transporte_p%C3%BAblico-line-0_951-Brasilia-1702-851940-783578-0,-1.0,-15.834463,-48.036697,3.0,,,2,2023-06-15T18:20:10+00:00
BRA_444677,Brasília,5300108,,São José,333.7,https://moovitapp.com/index/pt-br/transporte_p%C3%BAblico-line-333_7-Brasilia-1702-851943-2068454-0,-1.0,-15.833447,-48.055283,40.0,,,2,2023-06-15T18:20:10+00:00
BRA_444685,Brasília,5300108,,São José,332.1,https://moovitapp.com/index/pt-br/transporte_p%C3%BAblico-line-332_1-Brasilia-1702-851943-2068455-0,-1.0,-15.839023,-48.128607,0.0,,,2,2023-06-15T18:20:05+00:00
BRA_444669,Brasília,5300108,,São José,359.2,https://moovitapp.com/index/pt-br/transporte_p%C3%BAblico-line-359_2-Brasilia-1702-851943-2068453-0,-1.0,-15.808513,-48.15719,0.0,,,2,2023-06-15T18:20:10+00:00
BRA_440566,Brasília,5300108,,Urbi,0.872,https://moovitapp.com/index/pt-br/transporte_p%C3%BAblico-line-0_872-Brasilia-1702-851595-466291-0,-1.0,-15.913053,-48.055723,0.0,,,2,2023-06-15T18:20:05+00:00
BRA_441015,Brasília,5300108,,Marechal,156.1,https://moovitapp.com/index/pt-br/transporte_p%C3%BAblico-line-156_1-Brasilia-1702-851940-242750-0,-1.0,-15.825033,-47.933523,0.0,,,2,2023-06-15T18:20:10+00:00
BRA_440485,Brasília,5300108,,Piracicabana,099.1,https://moovitapp.com/index/pt-br/transporte_p%C3%BAblico-line-099_1-Brasilia-1702-850942-775090-0,-1.0,-15.839973,-48.020317,22.0,,,2,2023-06-15T18:20:10+00:00
BRA_441368,Brasília,5300108,,Marechal,355.3,https://moovitapp.com/index/pt-br/transporte_p%C3%BAblico-line-355_3-Brasilia-1702-851940-504343-0,-1.0,-15.869313,-48.037333,0.0,,,2,2023-06-15T18:20:05+00:00
BRA_442119,Brasília,5300108,,Marechal,933.5,https://moovitapp.com/index/pt-br/transporte_p%C3%BAblico-line-933_5-Brasilia-1702-851940-766837-0,-1.0,-15.806687,-48.078593,21.0,,,2,2023-06-15T18:20:10+00:00
BRA_442780,Brasília,5300108,,Urbi,0.050,https://moovitapp.com/index/pt-br/transporte_p%C3%BAblico-line-0_050-Brasilia-1702-851595-781325-0,-1.0,-15.897003,-48.147117,32.0,,,2,2023-06-15T18:20:10+00:00
BRA_441376,Brasília,5300108,,Marechal,355.3,https://moovitapp.com/index/pt-br/transporte_p%C3%BAblico-line-355_3-Brasilia-1702-851940-504343-0,-1.0,-15.80796,-48.042713,30.0,,,2,2023-06-15T18:20:10+00:00
BRA_445231,Brasília,5300108,,Marechal,0.301,https://moovitapp.com/index/pt-br/transporte_p%C3%BAblico-line-0_301-Brasilia-1702-851940-339319-0,-1.0,-15.82008,-48.065263,0.0,,,2,2023-06-15T18:20:10+00:00
BRA_443948,Brasília,5300108,,Marechal,933.3,https://moovitapp.com/index/pt-br/transporte_p%C3%BAblico-line-933_3-Brasilia-1702-851940-450287-0,-1.0,-15.839043,-48.129093,0.0,,,2,2023-06-15T18:20:05+00:00
BRA_444189,Brasília,5300108,,Marechal,933.6,https://moovitapp.com/index/pt-br/transporte_p%C3%BAblico-line-933_6-Brasilia-1702-851940-3494672-0,-1.0,-15.84046,-48.126917,13.0,,,2,2023-06-15T18:20:13+00:00
BRA_444481,Brasília,5300108,,Marechal,0.942,https://moovitapp.com/index/pt-br/transporte_p%C3%BAblico-line-0_942-Brasilia-1702-851940-347158-0,-1.0,-15.789457,-48.019017,7.0,,,2,2023-06-15T18:03:44+00:00
BRA_441759,Brasília,5300108,,Urbi,0.050,https://moovitapp.com/index/pt-br/transporte_p%C3%BAblico-line-0_050-Brasilia-1702-851595-781325-0,-1.0,-15.804297,-48.07106,3.0,,,2,2023-06-15T18:20:10+00:00
BRA_442542,Brasília,5300108,,Marechal,0.361,https://moovitapp.com/index/pt-br/transporte_p%C3%BAblico-line-0_361-Brasilia-1702-851940-376158-0,-1.0,-15.80638,-48.07879,23.0,,,2,2023-06-15T18:20:10+00:00
BRA_443298,Brasília,5300108,,Marechal,933.4,https://moovitapp.com/index/pt-br/transporte_p%C3%BAblico-line-933_4-Brasilia-1702-851940-656766-0,-1.0,-15.832377,-48.123577,24.0,,,2,2023-06-15T18:20:10+00:00
BRA_441457,Brasília,5300108,,Urbi,0.367,https://moovitapp.com/index/pt-br/transporte_p%C3%BAblico-line-0_367-Brasilia-1702-851595-519380-0,-1.0,-15.835707,-48.05994,40.0,,,2,2023-06-15T18:20:10+00:00
BRA_440787,Brasília,5300108,,São José,0.092,https://moovitapp.com/index/pt-br/transporte_p%C3%BAblico-line-0_092-Brasilia-1702-851943-496589-0,-1.0,-15.875767,-47.97541,4.0,,,2,2023-06-15T18:20:10+00:00
BRA_441139,Brasília,5300108,,Marechal,0.357,https://moovitapp.com/index/pt-br/transporte_p%C3%BAblico-line-0_357-Brasilia-1702-851940-775109-0,-1.0,-15.933357,-48.10897,0.0,,,2,2023-06-15T18:20:10+00:00
BRA_441244,Brasília,5300108,,Marechal,959.2,https://moovitapp.com/index/pt-br/transporte_p%C3%BAblico-line-959_2-Brasilia-1702-851940-66561063-0,-1.0,-15.836833,-48.055577,35.0,,,2,2023-06-15T18:20:10+00:00
BRA_440132,Brasília,5300108,,São José,0.092,https://moovitapp.com/index/pt-br/transporte_p%C3%BAblico-line-0_092-Brasilia-1702-851943-496589-0,-1.0,-15.869573,-48.03753,0.0,,,2,2023-06-15T18:00:52+00:00
BRA_440124,Brasília,5300108,,Piracicabana,099.1,https://moovitapp.com/index/pt-br/transporte_p%C3%BAblico-line-099_1-Brasilia-1702-850942-775090-0,-1.0,-15.867303,-48.023383,42.0,,,2,2023-06-15T18:20:10+00:00
BRA_444693,Brasília,5300108,,São José,333.6,https://moovitapp.com/index/pt-br/transporte_p%C3%BAblico-line-333_6-Brasilia-1702-851943-2068452-0,-1.0,-15.838277,-48.094937,36.0,,,2,2023-06-15T18:20:10+00:00
BRA_441686,Brasília,5300108,,Marechal,0.369,https://moovitapp.com/index/pt-br/transporte_p%C3%BAblico-line-0_369-Brasilia-1702-851940-500060-0,-1.0,-15.841053,-48.1265,0.0,,,2,2023-06-15T18:20:10+00:00
BRA_441767,Brasília,5300108,,Urbi,372.4,https://moovitapp.com/index/pt-br/transporte_p%C3%BAblico-line-372_4-Brasilia-1702-851595-650087-0,-1.0,-15.894347,-48.138583,23.0,,,2,2023-06-15T18:20:10+00:00
BRA_443522,Brasília,5300108,,Marechal,383.3,https://moovitapp.com/index/pt-br/transporte_p%C3%BAblico-line-383_3-Brasilia-1702-851940-88144102-0,-1.0,-15.824463,-48.118383,0.0,,,2,2023-06-15T18:20:10+00:00
BRA_441732,Brasília,5300108,,Urbi,0.367,https://moovitapp.com/index/pt-br/transporte_p%C3%BAblico-line-0_367-Brasilia-1702-851595-519380-0,-1.0,-15.839343,-48.128857,0.0,,,2,2023-06-15T18:20:10+00:00
BRA_441155,Brasília,5300108,,Marechal,355.2,https://moovitapp.com/index/pt-br/transporte_p%C3%BAblico-line-355_2-Brasilia-1702-851940-510251-0,-1.0,-15.80827,-48.15696,0.0,,,2,2023-06-15T18:20:10+00:00
BRA_443646,Brasília,5300108,,Marechal,351.3,https://moovitapp.com/index/pt-br/transporte_p%C3%BAblico-line-351_3-Brasilia-1702-851940-510249-0,-1.0,-15.877167,-48.010757,16.0,,,2,2023-06-15T18:20:10+00:00
BRA_441236,Brasília,5300108,,Marechal,0.351,https://moovitapp.com/index/pt-br/transporte_p%C3%BAblico-line-0_351-Brasilia-1702-851940-510246-0,-1.0,-15.86702,-48.037887,0.0,,,2,2023-06-15T18:20:10+00:00
BRA_443697,Brasília,5300108,,Marechal,0.355,https://moovitapp.com/index/pt-br/transporte_p%C3%BAblico-line-0_355-Brasilia-1702-851940-504338-0,-1.0,-15.866797,-48.037973,0.0,,,2,2023-06-15T18:20:10+00:00
BRA_443603,Brasília,5300108,,Marechal,357.1,https://moovitapp.com/index/pt-br/transporte_p%C3%BAblico-line-357_1-Brasilia-1702-851940-775113-0,-1.0,-15.866797,-48.03749,0.0,,,2,2023-06-15T18:20:10+00:00
BRA_440094,Brasília,5300108,,Marechal,355.2,https://moovitapp.com/index/pt-br/transporte_p%C3%BAblico-line-355_2-Brasilia-1702-851940-510251-0,-1.0,-15.791887,-47.894307,53.0,,,2,2023-06-15T18:20:10+00:00
BRA_440175,Brasília,5300108,,Urbi,805.1,https://moovitapp.com/index/pt-br/transporte_p%C3%BAblico-line-805_1-Brasilia-1702-851595-454980-0,-1.0,-15.837593,-48.054773,34.0,,,2,2023-06-15T18:20:10+00:00
BRA_444511,Brasília,5300108,,Marechal,0.383,https://moovitapp.com/index/pt-br/transporte_p%C3%BAblico-line-0_383-Brasilia-1702-851940-347151-0,-1.0,-15.784027,-47.896657,0.0,,,2,2023-06-15T18:20:05+00:00
BRA_443735,Brasília,5300108,,Marechal,0.951,https://moovitapp.com/index/pt-br/transporte_p%C3%BAblico-line-0_951-Brasilia-1702-851940-783578-0,-1.0,-15.869793,-48.03724,0.0,,,2,2023-06-15T18:20:10+00:00
BRA_444014,Brasília,5300108,,Marechal,0.369,https://moovitapp.com/index/pt-br/transporte_p%C3%BAblico-line-0_369-Brasilia-1702-851940-500060-0,-1.0,-15.84061,-48.12682,0.0,,,2,2023-06-15T18:20:10+00:00
BRA_443620,Brasília,5300108,,Marechal,351.3,https://moovitapp.com/index/pt-br/transporte_p%C3%BAblico-line-351_3-Brasilia-1702-851940-510249-0,-1.0,-15.87615,-48.01412,31.0,,,2,2023-06-15T18:20:10+00:00
BRA_444391,Brasília,5300108,,Marechal,0.205,https://moovitapp.com/index/pt-br/transporte_p%C3%BAblico-line-0_205-Brasilia-1702-851940-463646-0,-1.0,-15.86958,-48.037557,0.0,,,2,2023-06-15T18:20:05+00:00
BRA_443263,Brasília,5300108,,Marechal,0.089,https://moovitapp.com/index/pt-br/transporte_p%C3%BAblico-line-0_089-Brasilia-1702-851940-706977-0,-1.0,-15.81988,-48.06534,5.0,,,2,2023-06-15T18:20:10+00:00
BRA_442224,Brasília,5300108,,Marechal,0.554,https://moovitapp.com/index/pt-br/transporte_p%C3%BAblico-line-0_554-Brasilia-1702-851940-504340-0,-1.0,-15.841137,-48.126827,0.0,,,2,2023-06-15T18:20:10+00:00
BRA_443689,Brasília,5300108,,Marechal,959.2,https://moovitapp.com/index/pt-br/transporte_p%C3%BAblico-line-959_2-Brasilia-1702-851940-66561063-0,-1.0,-15.867377,-48.037443,0.0,,,2,2023-06-15T18:20:10+00:00
BRA_441589,Brasília,5300108,,Marechal,363.2,https://moovitapp.com/index/pt-br/transporte_p%C3%BAblico-line-363_2-Brasilia-1702-851940-725443-0,-1.0,-15.838903,-48.128787,0.0,,,2,2023-06-15T18:20:10+00:00
BRA_441228,Brasília,5300108,,Marechal,0.162,https://moovitapp.com/index/pt-br/transporte_p%C3%BAblico-line-0_162-Brasilia-1702-851940-766836-0,-1.0,-15.79607,-47.87229,38.0,,,2,2023-06-15T18:20:10+00:00
BRA_441538,Brasília,5300108,,Urbi,0.056,https://moovitapp.com/index/pt-br/transporte_p%C3%BAblico-line-0_056-Brasilia-1702-851595-588804-0,-1.0,-15.839553,-48.12777,0.0,,,2,2023-06-15T18:20:05+00:00
BRA_443573,Brasília,5300108,,Marechal,959.3,https://moovitapp.com/index/pt-br/transporte_p%C3%BAblico-line-959_3-Brasilia-1702-851940-103863179-0,-1.0,-15.87022,-48.035577,0.0,,,2,2023-06-15T18:20:10+00:00
BRA_440051,Brasília,5300108,,Marechal,0.153,https://moovitapp.com/index/pt-br/transporte_p%C3%BAblico-line-0_153-Brasilia-1702-851940-766835-0,-1.0,-15.867693,-48.03559,0.0,,,2,2023-06-15T18:20:05+00:00
BRA_441317,Brasília,5300108,,Marechal,0.349,https://moovitapp.com/index/pt-br/transporte_p%C3%BAblico-line-0_349-Brasilia-1702-851940-677511-0,-1.0,-15.834533,-48.050037,22.0,,,2,2023-06-15T18:20:10+00:00
BRA_442089,Brasília,5300108,,São José,350.1,https://moovitapp.com/index/pt-br/transporte_p%C3%BAblico-line-350_1-Brasilia-1702-851943-2068450-0,-1.0,-15.808233,-48.15695,0.0,,,2,2023-06-15T18:20:10+00:00
BRA_443492,Brasília,5300108,,Marechal,0.383,https://moovitapp.com/index/pt-br/transporte_p%C3%BAblico-line-0_383-Brasilia-1702-851940-347151-0,-1.0,-15.793293,-47.88933,59.0,,,2,2023-06-15T18:20:10+00:00
BRA_441902,Brasília,5300108,,Marechal,933.4,https://moovitapp.com/index/pt-br/transporte_p%C3%BAblico-line-933_4-Brasilia-1702-851940-656766-0,-1.0,-15.840747,-48.126977,0.0,,,2,2023-06-15T18:20:10+00:00
BRA_441694,Brasília,5300108,,São José,350.1,https://moovitapp.com/index/pt-br/transporte_p%C3%BAblico-line-350_1-Brasilia-1702-851943-2068450-0,-1.0,-15.794553,-48.137617,6.0,,,2,2023-06-15T18:20:11+00:00
BRA_441171,Brasília,5300108,,Urbi,805.8,https://moovitapp.com/index/pt-br/transporte_p%C3%BAblico-line-805_8-Brasilia-1702-851595-454982-0,-1.0,-15.84545,-48.049497,30.0,,,2,2023-06-15T18:20:10+00:00
BRA_441520,Brasília,5300108,,Marechal,933.1,https://moovitapp.com/index/pt-br/transporte_p%C3%BAblico-line-933_1-Brasilia-1702-851940-358307-0,-1.0,-15.843767,-48.123973,7.0,,,2,2023-06-15T18:20:10+00:00
BRA_441783,Brasília,5300108,,Marechal,933.6,https://moovitapp.com/index/pt-br/transporte_p%C3%BAblico-line-933_6-Brasilia-1702-851940-3494672-0,-1.0,-15.840733,-48.127167,0.0,,,2,2023-06-15T18:20:05+00:00
BRA_442330,Brasília,5300108,,Marechal,933.1,https://moovitapp.com/index/pt-br/transporte_p%C3%BAblico-line-933_1-Brasilia-1702-851940-358307-0,-1.0,-15.816747,-48.102873,14.0,,,2,2023-06-15T18:20:10+00:00
BRA_443549,Brasília,5300108,,Marechal,351.3,https://moovitapp.com/index/pt-br/transporte_p%C3%BAblico-line-351_3-Brasilia-1702-851940-510249-0,-1.0,-15.845953,-48.043653,38.0,,,2,2023-06-15T18:20:10+00:00
BRA_444502,Brasília,5300108,,Marechal,361.1,https://moovitapp.com/index/pt-br/transporte_p%C3%BAblico-line-361_1-Brasilia-1702-851940-363861-0,-1.0,-15.83929,-48.036077,22.0,,,2,2023-06-15T18:20:13+00:00
BRA_443662,Brasília,5300108,,Marechal,0.351,https://moovitapp.com/index/pt-br/transporte_p%C3%BAblico-line-0_351-Brasilia-1702-851940-510246-0,-1.0,-15.86711,-48.037307,0.0,,,2,2023-06-15T18:20:10+00:00
BRA_441287,Brasília,5300108,,Marechal,0.205,https://moovitapp.com/index/pt-br/transporte_p%C3%BAblico-line-0_205-Brasilia-1702-851940-463646-0,-1.0,-15.902103,-48.053433,50.0,,,2,2023-06-15T18:20:10+00:00
BRA_443999,Brasília,5300108,,Marechal,0.043,https://moovitapp.com/index/pt-br/transporte_p%C3%BAblico-line-0_043-Brasilia-1702-851940-781330-0,-1.0,-15.834543,-48.059983,4.0,,,2,2023-06-15T18:20:10+00:00
BRA_443875,Brasília,5300108,,Marechal,0.951,https://moovitapp.com/index/pt-br/transporte_p%C3%BAblico-line-0_951-Brasilia-1702-851940-783578-0,-1.0,-15.830397,-47.989577,5.0,,,2,2023-06-15T18:20:10+00:00
BRA_441066,Brasília,5300108,,São José,157.8,https://moovitapp.com/index/pt-br/transporte_p%C3%BAblico-line-157_8-Brasilia-1702-851943-759503-0,-1.0,-15.84029,-47.965997,0.0,,,2,2023-06-15T18:20:05+00:00
BRA_443336,Brasília,5300108,,Marechal,0.089,https://moovitapp.com/index/pt-br/transporte_p%C3%BAblico-line-0_089-Brasilia-1702-851940-706977-0,-1.0,-15.846053,-47.97116,44.0,,,2,2023-06-15T18:20:10+00:00
BRA_443221,Brasília,5300108,,Urbi,0.898,https://moovitapp.com/index/pt-br/transporte_p%C3%BAblico-line-0_898-Brasilia-1702-851595-322394-0,-1.0,-15.850593,-48.041527,28.0,,,2,2023-06-15T18:17:55+00:00
BRA_444898,Brasília,5300108,,São José,359.2,https://moovitapp.com/index/pt-br/transporte_p%C3%BAblico-line-359_2-Brasilia-1702-851943-2068453-0,-1.0,-15.823973,-48.117457,0.0,,,2,2023-06-15T17:54:20+00:00
BRA_445045,Brasília,5300108,,Marechal,0.554,https://moovitapp.com/index/pt-br/transporte_p%C3%BAblico-line-0_554-Brasilia-1702-851940-504340-0,-1.0,-15.794223,-47.883273,0.0,,,2,2023-06-15T18:20:05+00:00
BRA_445053,Brasília,5300108,,Marechal,363.1,https://moovitapp.com/index/pt-br/transporte_p%C3%BAblico-line-363_1-Brasilia-1702-851940-504344-0,-1.0,-15.73545,-47.885837,37.0,,,2,2023-06-15T18:20:10+00:00
BRA_444804,Brasília,5300108,,São José,332.1,https://moovitapp.com/index/pt-br/transporte_p%C3%BAblico-line-332_1-Brasilia-1702-851943-2068455-0,-1.0,-15.818963,-48.065643,0.0,,,2,2023-06-15T18:20:10+00:00
BRA_444979,Brasília,5300108,,Urbi,0.898,https://moovitapp.com/index/pt-br/transporte_p%C3%BAblico-line-0_898-Brasilia-1702-851595-322394-0,-1.0,-15.83896,-48.12296,16.0,,,2,2023-06-15T18:20:10+00:00
BRA_444910,Brasília,5300108,,Marechal,0.089,https://moovitapp.com/index/pt-br/transporte_p%C3%BAblico-line-0_089-Brasilia-1702-851940-706977-0,-1.0,-15.804237,-48.07093,0.0,,,2,2023-06-15T18:20:10+00:00
BRA_445096,Brasília,5300108,,São José,350.1,https://moovitapp.com/index/pt-br/transporte_p%C3%BAblico-line-350_1-Brasilia-1702-851943-2068450-0,-1.0,-15.8356,-48.060397,0.0,,,2,2023-06-15T18:20:11+00:00
BRA_444936,Brasília,5300108,,Marechal,0.043,https://moovitapp.com/index/pt-br/transporte_p%C3%BAblico-line-0_043-Brasilia-1702-851940-781330-0,-1.0,-15.84057,-48.126873,14.0,,,2,2023-06-15T18:18:57+00:00
BRA_445088,Brasília,5300108,,São José,333.6,https://moovitapp.com/index/pt-br/transporte_p%C3%BAblico-line-333_6-Brasilia-1702-851943-2068452-0,-1.0,-15.80795,-48.132973,0.0,,,2,2023-06-15T18:20:10+00:00
BRA_444855,Brasília,5300108,,Marechal,0.942,https://moovitapp.com/index/pt-br/transporte_p%C3%BAblico-line-0_942-Brasilia-1702-851940-347158-0,-1.0,-15.777387,-47.88804,39.0,,,2,2023-06-15T18:20:11+00:00
BRA_445100,Brasília,5300108,,São José,359.2,https://moovitapp.com/index/pt-br/transporte_p%C3%BAblico-line-359_2-Brasilia-1702-851943-2068453-0,-1.0,-15.807777,-48.157297,0.0,,,2,2023-06-15T18:03:39+00:00
BRA_444952,Brasília,5300108,,Marechal,0.089,https://moovitapp.com/index/pt-br/transporte_p%C3%BAblico-line-0_089-Brasilia-1702-851940-706977-0,-1.0,-15.819963,-48.065293,3.0,,,2,2023-06-15T18:20:10+00:00
BRA_444987,Brasília,5300108,,São José,332.1,https://moovitapp.com/index/pt-br/transporte_p%C3%BAblico-line-332_1-Brasilia-1702-851943-2068455-0,-1.0,-15.8015,-48.1582,6.0,,,2,2023-06-15T18:20:10+00:00
BRA_444928,Brasília,5300108,,Marechal,932.1,https://moovitapp.com/index/pt-br/transporte_p%C3%BAblico-line-932_1-Brasilia-1702-851940-470763-0,-1.0,-15.808917,-47.956107,59.0,,,2,2023-06-15T18:20:10+00:00
BRA_445029,Brasília,5300108,,São José,332.1,https://moovitapp.com/index/pt-br/transporte_p%C3%BAblico-line-332_1-Brasilia-1702-851943-2068455-0,-1.0,-15.787013,-48.13363,0.0,,,2,2023-06-15T18:20:11+00:00
BRA_445061,Brasília,5300108,,Marechal,0.361,https://moovitapp.com/index/pt-br/transporte_p%C3%BAblico-line-0_361-Brasilia-1702-851940-376158-0,-1.0,-15.840693,-48.127137,0.0,,,2,2023-06-15T18:20:10+00:00
BRA_445070,Brasília,5300108,,Marechal,304.1,https://moovitapp.com/index/pt-br/transporte_p%C3%BAblico-line-304_1-Brasilia-1702-851940-516636-0,-1.0,-15.77356,-47.937447,0.0,,,2,2023-06-15T18:20:10+00:00
BRA_445037,Brasília,5300108,,Marechal,383.3,https://moovitapp.com/index/pt-br/transporte_p%C3%BAblico-line-383_3-Brasilia-1702-851940-88144102-0,-1.0,-15.79946,-48.0562,31.0,,,2,2023-06-15T18:20:10+00:00
BRA_444758,Brasília,5300108,,São José,350.1,https://moovitapp.com/index/pt-br/transporte_p%C3%BAblico-line-350_1-Brasilia-1702-851943-2068450-0,-1.0,-15.80235,-48.138603,19.0,,,2,2023-06-15T18:20:10+00:00
BRA_444812,Brasília,5300108,,São José,359.2,https://moovitapp.com/index/pt-br/transporte_p%C3%BAblico-line-359_2-Brasilia-1702-851943-2068453-0,-1.0,-15.82925,-48.10282,25.0,,,2,2023-06-15T18:20:10+00:00
BRA_444961,Brasília,5300108,,Urbi,0.347,https://moovitapp.com/index/pt-br/transporte_p%C3%BAblico-line-0_347-Brasilia-1702-851595-347128-0,-1.0,-15.849043,-48.120197,52.0,,,2,2023-06-15T18:20:10+00:00
BRA_444847,Brasília,5300108,,São José,350.1,https://moovitapp.com/index/pt-br/transporte_p%C3%BAblico-line-350_1-Brasilia-1702-851943-2068450-0,-1.0,-15.817883,-48.100773,0.0,,,2,2023-06-15T18:20:10+00:00
BRA_444766,Brasília,5300108,,Marechal,932.2,https://moovitapp.com/index/pt-br/transporte_p%C3%BAblico-line-932_2-Brasilia-1702-851940-3494666-0,-1.0,-15.81062,-48.090593,0.0,,,2,2023-06-15T18:20:10+00:00
BRA_444774,Brasília,5300108,,Marechal,383.3,https://moovitapp.com/index/pt-br/transporte_p%C3%BAblico-line-383_3-Brasilia-1702-851940-88144102-0,-1.0,-15.81566,-48.101477,0.0,,,2,2023-06-15T18:20:12+00:00
BRA_441651,Brasília,5300108,,Urbi,0.399,https://moovitapp.com/index/pt-br/transporte_p%C3%BAblico-line-0_399-Brasilia-1702-851595-454964-0,-1.0,-15.847787,-48.11542,0.0,,,2,2023-06-15T18:20:05+00:00
BRA_441406,Brasília,5300108,,Urbi,056.4,https://moovitapp.com/index/pt-br/transporte_p%C3%BAblico-line-056_4-Brasilia-1702-851595-519387-0,-1.0,-15.842723,-48.105523,44.0,,,2,2023-06-15T18:20:10+00:00
BRA_445118,Brasília,5300108,,Marechal,0.306,https://moovitapp.com/index/pt-br/transporte_p%C3%BAblico-line-0_306-Brasilia-1702-851940-242714-0,-1.0,-15.797627,-47.884723,17.0,,,2,2023-06-15T18:20:10+00:00
BRA_443611,Brasília,5300108,,Marechal,355.3,https://moovitapp.com/index/pt-br/transporte_p%C3%BAblico-line-355_3-Brasilia-1702-851940-504343-0,-1.0,-15.82364,-48.064063,0.0,,,2,2023-06-15T18:20:10+00:00
BRA_440647,Brasília,5300108,,Marechal,959.1,https://moovitapp.com/index/pt-br/transporte_p%C3%BAblico-line-959_1-Brasilia-1702-851940-789939-0,-1.0,-15.803113,-48.04237,0.0,,,2,2023-06-15T18:20:10+00:00
BRA_444839,Brasília,5300108,,Marechal,932.1,https://moovitapp.com/index/pt-br/transporte_p%C3%BAblico-line-932_1-Brasilia-1702-851940-470763-0,-1.0,-15.81385,-48.002503,53.0,,,2,2023-06-15T18:20:10+00:00
BRA_440302,Brasília,5300108,,São José,157.8,https://moovitapp.com/index/pt-br/transporte_p%C3%BAblico-line-157_8-Brasilia-1702-851943-759503-0,-1.0,-15.819463,-47.987147,0.0,,,2,2023-06-15T18:20:10+00:00
BRA_440442,Brasília,5300108,,Marechal,154.2,https://moovitapp.com/index/pt-br/transporte_p%C3%BAblico-line-154_2-Brasilia-1702-851940-527234-0,-1.0,-15.820407,-47.986577,0.0,,,2,2023-06-15T18:20:05+00:00
BRA_440914,Brasília,5300108,,Marechal,162.2,https://moovitapp.com/index/pt-br/transporte_p%C3%BAblico-line-162_2-Brasilia-1702-851940-312446-0,-1.0,-15.840363,-47.965887,0.0,,,2,2023-06-15T18:20:10+00:00
BRA_443816,Brasília,5300108,,Marechal,355.1,https://moovitapp.com/index/pt-br/transporte_p%C3%BAblico-line-355_1-Brasilia-1702-851940-729097-0,-1.0,-15.83655,-48.059583,33.0,,,2,2023-06-15T18:20:10+00:00
BRA_440256,Brasília,5300108,,Marechal,0.205,https://moovitapp.com/index/pt-br/transporte_p%C3%BAblico-line-0_205-Brasilia-1702-851940-463646-0,-1.0,-16.009077,-48.053657,0.0,,,2,2023-06-15T18:20:10+00:00
BRA_442682,Brasília,5300108,,Marechal,933.4,https://moovitapp.com/index/pt-br/transporte_p%C3%BAblico-line-933_4-Brasilia-1702-851940-656766-0,-1.0,-15.805007,-48.07441,10.0,,,2,2023-06-15T18:20:10+00:00
BRA_441309,Brasília,5300108,,Marechal,156.8,https://moovitapp.com/index/pt-br/transporte_p%C3%BAblico-line-156_8-Brasilia-1702-851940-312445-0,-1.0,-15.820427,-47.98674,0.0,,,2,2023-06-15T18:20:05+00:00
BRA_441643,Brasília,5300108,,Urbi,056.2,https://moovitapp.com/index/pt-br/transporte_p%C3%BAblico-line-056_2-Brasilia-1702-851595-492982-0,-1.0,-15.884247,-48.150583,0.0,,,2,2023-06-15T18:20:10+00:00
BRA_443638,Brasília,5300108,,Marechal,351.3,https://moovitapp.com/index/pt-br/transporte_p%C3%BAblico-line-351_3-Brasilia-1702-851940-510249-0,-1.0,-15.86711,-48.037323,0.0,,,2,2023-06-15T18:20:10+00:00
BRA_442488,Brasília,5300108,,Urbi,0.054,https://moovitapp.com/index/pt-br/transporte_p%C3%BAblico-line-0_054-Brasilia-1702-851595-454960-0,-1.0,-15.876013,-48.059753,56.0,,,2,2023-06-15T18:20:10+00:00
BRA_442518,Brasília,5300108,,Urbi,056.2,https://moovitapp.com/index/pt-br/transporte_p%C3%BAblico-line-056_2-Brasilia-1702-851595-492982-0,-1.0,-15.883807,-48.149777,0.0,,,2,2023-06-15T18:20:10+00:00
BRA_441252,Brasília,5300108,,Marechal,0.090,https://moovitapp.com/index/pt-br/transporte_p%C3%BAblico-line-0_090-Brasilia-1702-851940-242702-0,-1.0,-15.82659,-47.982917,4.0,,,2,2023-06-15T18:20:10+00:00
BRA_441210,Brasília,5300108,,Marechal,0.205,https://moovitapp.com/index/pt-br/transporte_p%C3%BAblico-line-0_205-Brasilia-1702-851940-463646-0,-1.0,-15.783337,-47.896693,0.0,,,2,2023-06-15T18:20:05+00:00
BRA_441490,Brasília,5300108,,Marechal,933.4,https://moovitapp.com/index/pt-br/transporte_p%C3%BAblico-line-933_4-Brasilia-1702-851940-656766-0,-1.0,-15.823217,-48.115327,0.0,,,2,2023-06-15T18:20:12+00:00
BRA_443808,Brasília,5300108,,Marechal,157.1,https://moovitapp.com/index/pt-br/transporte_p%C3%BAblico-line-157_1-Brasilia-1702-851940-88144062-0,-1.0,-15.868867,-48.037857,22.0,,,2,2023-06-15T18:20:10+00:00
BRA_441112,Brasília,5300108,,Marechal,355.2,https://moovitapp.com/index/pt-br/transporte_p%C3%BAblico-line-355_2-Brasilia-1702-851940-510251-0,-1.0,-15.86956,-48.037807,0.0,,,2,2023-06-15T17:49:48+00:00
BRA_228800,Brasília,5300108,,Pioneira,2207,https://moovitapp.com/index/pt-br/transporte_p%C3%BAblico-line-2207-Brasilia-1702-851941-422078-0,-1.0,-15.796591,-47.891164,,,,1,2023-06-15T18:19:44+00:00
BRA_229229,Brasília,5300108,,Pioneira,251.8,https://moovitapp.com/index/pt-br/transporte_p%C3%BAblico-line-251_8-Brasilia-1702-851941-708654-0,-1.0,-16.012941,-48.012722,,,,1,2023-06-15T18:19:32+00:00
BRA_230189,Brasília,5300108,,Pioneira,3308,https://moovitapp.com/index/pt-br/transporte_p%C3%BAblico-line-3308-Brasilia-1702-851941-577772-0,-1.0,-16.026077,-48.030759,,,,1,2023-06-15T18:19:52+00:00
BRA_226793,Brasília,5300108,,Pioneira,510.1,https://moovitapp.com/index/pt-br/transporte_p%C3%BAblico-line-510_1-Brasilia-1702-851941-770035-0,-1.0,-15.753943,-47.753301,,,,1,2023-06-15T18:20:24+00:00
BRA_227676,Brasília,5300108,,Pioneira,147.5,https://moovitapp.com/index/pt-br/transporte_p%C3%BAblico-line-147_5-Brasilia-1702-851941-519406-0,-1.0,-15.802843,-47.851924,,,,2,2023-06-15T18:19:56+00:00
BRA_223930,Brasília,5300108,,Pioneira,2307,https://moovitapp.com/index/pt-br/transporte_p%C3%BAblico-line-2307-Brasilia-1702-851941-18556638-0,-1.0,-15.953064,-47.994345,,,,1,2023-06-14T10:16:34+00:00
BRA_227901,Brasília,5300108,,Pioneira,180.7,https://moovitapp.com/index/pt-br/transporte_p%C3%BAblico-line-180_7-Brasilia-1702-851941-66561183-0,-1.0,-15.78266,-47.895233,,,,1,2023-06-15T18:12:34+00:00
BRA_232149,Brasília,5300108,,Pioneira,205.1,https://moovitapp.com/index/pt-br/transporte_p%C3%BAblico-line-205_1-Brasilia-1702-851941-393571-0,-1.0,-15.920258,-48.048275,,,,2,2023-06-15T18:20:00+00:00
BRA_229768,Brasília,5300108,,Pioneira,0.185,https://moovitapp.com/index/pt-br/transporte_p%C3%BAblico-line-0_185-Brasilia-1702-851941-691096-0,-1.0,-15.801587,-47.886892,,,,1,2023-06-15T07:33:22+00:00
BRA_231321,Brasília,5300108,,Pioneira,3309,https://moovitapp.com/index/pt-br/transporte_p%C3%BAblico-line-3309-Brasilia-1702-851941-8826948-0,-1.0,-16.001863,-47.985394,,,,1,2023-06-15T18:19:52+00:00
BRA_228508,Brasília,5300108,,Pioneira,0.255,https://moovitapp.com/index/pt-br/transporte_p%C3%BAblico-line-0_255-Brasilia-1702-851941-706978-0,-1.0,-15.882454,-48.0612,,,,2,2023-06-15T18:20:06+00:00
BRA_231801,Brasília,5300108,,Pioneira,100.8,https://moovitapp.com/index/pt-br/transporte_p%C3%BAblico-line-100_8-Brasilia-1702-851941-576191-0,-1.0,-15.794492,-47.877215,,,,1,2023-06-15T18:20:26+00:00
BRA_232165,Brasília,5300108,,Pioneira,205.1,https://moovitapp.com/index/pt-br/transporte_p%C3%BAblico-line-205_1-Brasilia-1702-851941-393571-0,-1.0,-15.808989,-48.069033,,,,1,2023-06-15T18:19:44+00:00
BRA_229954,Brasília,5300108,,,3201,,,-16.037394,-48.056273,,,,1,2023-06-15T18:20:10+00:00
BRA_228265,Brasília,5300108,,Pioneira,205.1,https://moovitapp.com/index/pt-br/transporte_p%C3%BAblico-line-205_1-Brasilia-1702-851941-393571-0,-1.0,-15.87539,-48.029341,,,,2,2023-06-15T18:20:40+00:00
BRA_226220,Brasília,5300108,,UTB,2302,https://moovitapp.com/index/pt-br/transporte_p%C3%BAblico-line-2302-Brasilia-1702-854427-744298-0,-1.0,-15.84106,-47.931231,,,,2,2023-06-15T14:41:28+00:00
BRA_231487,Brasília,5300108,,Pioneira,0.030,https://moovitapp.com/index/pt-br/transporte_p%C3%BAblico-line-0_030-Brasilia-1702-851941-775118-0,-1.0,-15.870927,-47.93228,,,,1,2023-06-15T18:19:50+00:00
BRA_229385,Brasília,5300108,,Pioneira,100.3,https://moovitapp.com/index/pt-br/transporte_p%C3%BAblico-line-100_3-Brasilia-1702-851941-419631-0,-1.0,-15.844035,-47.8918,,,,1,2023-06-15T18:19:46+00:00
BRA_227269,Brasília,5300108,,Pioneira,170.4,https://moovitapp.com/index/pt-br/transporte_p%C3%BAblico-line-170_4-Brasilia-1702-851941-379787-0,-1.0,-15.869327,-47.821794,,,,1,2023-06-15T18:20:26+00:00
BRA_231444,Brasília,5300108,,Pioneira,183.8,https://moovitapp.com/index/pt-br/transporte_p%C3%BAblico-line-183_8-Brasilia-1702-851941-719958-0,-1.0,-15.897141,-47.786737,,,,1,2023-06-15T18:19:32+00:00
BRA_230111,Brasília,5300108,,Pioneira,0.255,https://moovitapp.com/index/pt-br/transporte_p%C3%BAblico-line-0_255-Brasilia-1702-851941-706978-0,-1.0,-16.002788,-47.987371,,,,2,2023-06-15T18:17:14+00:00
BRA_231541,Brasília,5300108,,Pioneira,0.030,https://moovitapp.com/index/pt-br/transporte_p%C3%BAblico-line-0_030-Brasilia-1702-851941-775118-0,-1.0,-15.736485,-47.907021,,,,1,2023-06-15T18:20:04+00:00
BRA_230120,Brasília,5300108,,Pioneira,3312,https://moovitapp.com/index/pt-br/transporte_p%C3%BAblico-line-3312-Brasilia-1702-851941-616181-0,-1.0,-16.030937,-48.025622,,,,1,2023-06-15T18:19:30+00:00
BRA_232629,Brasília,5300108,,Pioneira,2209,https://moovitapp.com/index/pt-br/transporte_p%C3%BAblico-line-2209-Brasilia-1702-851941-18556640-0,-1.0,-15.785685,-47.902398,,,,1,2023-06-15T18:19:28+00:00
BRA_228249,Brasília,5300108,,Pioneira,2211,https://moovitapp.com/index/pt-br/transporte_p%C3%BAblico-line-2211-Brasilia-1702-851941-57764371-0,-1.0,-15.791402,-47.933259,,,,1,2023-06-15T18:20:02+00:00
BRA_225941,Brasília,5300108,,UTB,2302,https://moovitapp.com/index/pt-br/transporte_p%C3%BAblico-line-2302-Brasilia-1702-854427-744298-0,-1.0,-15.830477,-47.92055,,,,2,2023-06-15T18:19:28+00:00
BRA_228516,Brasília,5300108,,Pioneira,784.3,https://moovitapp.com/index/pt-br/transporte_p%C3%BAblico-line-784_3-Brasilia-1702-851941-46904557-0,-1.0,-15.755672,-47.778987,,,,1,2023-06-15T18:19:32+00:00
BRA_231754,Brasília,5300108,,Pioneira,780.1,https://moovitapp.com/index/pt-br/transporte_p%C3%BAblico-line-780_1-Brasilia-1702-851941-531040-0,-1.0,-15.764445,-47.780252,,,,1,2023-06-15T18:20:16+00:00
BRA_231495,Brasília,5300108,,Pioneira,0.030,https://moovitapp.com/index/pt-br/transporte_p%C3%BAblico-line-0_030-Brasilia-1702-851941-775118-0,-1.0,-15.738516,-47.8992,,,,1,2023-06-15T18:19:52+00:00
BRA_227714,Brasília,5300108,,,3202,,,-16.015291,-48.047207,,,,1,2023-06-15T18:20:00+00:00
BRA_228303,Brasília,5300108,,,3206,,,-15.999777,-48.062777,,,,1,2023-06-15T18:17:24+00:00
BRA_232432,Brasília,5300108,,Pioneira,3315,https://moovitapp.com/index/pt-br/transporte_p%C3%BAblico-line-3315-Brasilia-1702-851941-645997-0,-1.0,-16.002206,-47.986106,,,,1,2023-06-15T18:18:32+00:00
BRA_232025,Brasília,5300108,,Pioneira,197.3,https://moovitapp.com/index/pt-br/transporte_p%C3%BAblico-line-197_3-Brasilia-1702-851941-519409-0,-1.0,-15.794414,-47.88199,,,,1,2023-06-15T18:20:20+00:00
BRA_226823,Brasília,5300108,,Pioneira,780.1,https://moovitapp.com/index/pt-br/transporte_p%C3%BAblico-line-780_1-Brasilia-1702-851941-531040-0,-1.0,-15.778605,-47.779699,,,,2,2023-06-15T18:20:50+00:00
BRA_229016,Brasília,5300108,,Pioneira,0.253,https://moovitapp.com/index/pt-br/transporte_p%C3%BAblico-line-0_253-Brasilia-1702-851941-510254-0,-1.0,-16.003996,-47.989583,,,,2,2023-06-15T18:19:22+00:00
BRA_229563,Brasília,5300108,,Pioneira,180.2,https://moovitapp.com/index/pt-br/transporte_p%C3%BAblico-line-180_2-Brasilia-1702-851941-514539-0,-1.0,-15.783448,-47.894864,,,,1,2023-06-15T18:15:52+00:00
BRA_228133,Brasília,5300108,,Pioneira,761.1,https://moovitapp.com/index/pt-br/transporte_p%C3%BAblico-line-761_1-Brasilia-1702-851941-620161-0,-1.0,-15.794072,-47.878989,,,,1,2023-06-15T18:20:32+00:00
BRA_232254,Brasília,5300108,,Pioneira,124.6,https://moovitapp.com/index/pt-br/transporte_p%C3%BAblico-line-124_6-Brasilia-1702-851941-425282-0,-1.0,-15.854279,-47.955811,,,,1,2023-06-15T18:19:24+00:00
BRA_225584,Brasília,5300108,,UTB,2302,https://moovitapp.com/index/pt-br/transporte_p%C3%BAblico-line-2302-Brasilia-1702-854427-744298-0,-1.0,-15.793912,-47.883102,,,,1,2023-06-15T18:20:26+00:00
BRA_228877,Brasília,5300108,,Pioneira,0.255,https://moovitapp.com/index/pt-br/transporte_p%C3%BAblico-line-0_255-Brasilia-1702-851941-706978-0,-1.0,-15.805866,-48.093733,,,,2,2023-06-15T18:20:06+00:00
BRA_231363,Brasília,5300108,,Pioneira,073.4,https://moovitapp.com/index/pt-br/transporte_p%C3%BAblico-line-073_4-Brasilia-1702-851941-77944646-0,-1.0,-15.870094,-47.946916,,,,1,2023-06-15T18:19:14+00:00
BRA_229601,Brasília,5300108,,Pioneira,100.6,https://moovitapp.com/index/pt-br/transporte_p%C3%BAblico-line-100_6-Brasilia-1702-851941-767605-0,-1.0,-15.80294,-47.850665,,,,1,2023-06-15T18:19:42+00:00
BRA_232556,Brasília,5300108,,Pioneira,2207,https://moovitapp.com/index/pt-br/transporte_p%C3%BAblico-line-2207-Brasilia-1702-851941-422078-0,-1.0,-15.881615,-47.959924,,,,1,2023-06-15T18:20:28+00:00
BRA_228397,Brasília,5300108,,Pioneira,0.253,https://moovitapp.com/index/pt-br/transporte_p%C3%BAblico-line-0_253-Brasilia-1702-851941-510254-0,-1.0,-15.788507,-48.134773,,,,1,2023-06-15T18:19:22+00:00
BRA_227781,Brasília,5300108,,,3203,,,-15.993295,-48.05085,,,,1,2023-06-15T18:20:22+00:00
BRA_228532,Brasília,5300108,,Pioneira,0.199,https://moovitapp.com/index/pt-br/transporte_p%C3%BAblico-line-0_199-Brasilia-1702-851941-242849-0,-1.0,-15.783997,-47.895208,,,,1,2023-06-15T18:17:00+00:00
BRA_229024,Brasília,5300108,,Taguatur,3306,https://moovitapp.com/index/pt-br/transporte_p%C3%BAblico-line-3306-Brasilia-1702-854428-755287-0,-1.0,-16.016931,-48.017459,,,,1,2023-06-15T18:20:22+00:00
BRA_226602,Brasília,5300108,,Pioneira,163.1,https://moovitapp.com/index/pt-br/transporte_p%C3%BAblico-line-163_1-Brasilia-1702-851941-242911-0,-1.0,-15.778696,-47.887934,,,,2,2023-06-15T18:19:02+00:00
BRA_230014,Brasília,5300108,,Pioneira,207.2,https://moovitapp.com/index/pt-br/transporte_p%C3%BAblico-line-207_2-Brasilia-1702-851941-137149862-0,-1.0,-16.02717,-48.066592,,,,1,2023-06-15T18:20:46+00:00
BRA_229741,Brasília,5300108,,Pioneira,0.765,https://moovitapp.com/index/pt-br/transporte_p%C3%BAblico-line-0_765-Brasilia-1702-851941-576190-0,-1.0,-15.79411,-47.881812,,,,1,2023-06-15T18:20:16+00:00
BRA_231533,Brasília,5300108,,Pioneira,0.030,https://moovitapp.com/index/pt-br/transporte_p%C3%BAblico-line-0_030-Brasilia-1702-851941-775118-0,-1.0,-15.785292,-47.887909,,,,1,2023-06-15T18:20:14+00:00
BRA_231932,Brasília,5300108,,Pioneira,180.1,https://moovitapp.com/index/pt-br/transporte_p%C3%BAblico-line-180_1-Brasilia-1702-851941-339336-0,-1.0,-15.887543,-47.808996,,,,2,2023-06-15T18:19:16+00:00
BRA_232475,Brasília,5300108,,Pioneira,3314,https://moovitapp.com/index/pt-br/transporte_p%C3%BAblico-line-3314-Brasilia-1702-851941-645996-0,-1.0,-16.002219,-47.987428,,,,1,2023-06-15T18:19:48+00:00
BRA_228141,Brasília,5300108,,Pioneira,180.3,https://moovitapp.com/index/pt-br/transporte_p%C3%BAblico-line-180_3-Brasilia-1702-851941-546212-0,-1.0,-15.86463,-47.820363,,,,1,2023-06-15T18:20:16+00:00
BRA_228834,Brasília,5300108,,Pioneira,0.253,https://moovitapp.com/index/pt-br/transporte_p%C3%BAblico-line-0_253-Brasilia-1702-851941-510254-0,-1.0,-15.810854,-48.091133,,,,2,2023-06-15T18:20:38+00:00
BRA_226688,Brasília,5300108,,Pioneira,0.759,https://moovitapp.com/index/pt-br/transporte_p%C3%BAblico-line-0_759-Brasilia-1702-851941-775121-0,-1.0,-15.749583,-47.773455,,,,2,2023-06-15T18:19:40+00:00
BRA_231843,Brasília,5300108,,Pioneira,197.3,https://moovitapp.com/index/pt-br/transporte_p%C3%BAblico-line-197_3-Brasilia-1702-851941-519409-0,-1.0,-15.91397,-47.760002,,,,2,2023-06-15T18:20:08+00:00
BRA_225720,Brasília,5300108,,Pioneira,0.761,https://moovitapp.com/index/pt-br/transporte_p%C3%BAblico-line-0_761-Brasilia-1702-851941-605389-0,-1.0,-15.784235,-47.777086,,,,2,2023-06-15T18:19:36+00:00
BRA_231631,Brasília,5300108,,Pioneira,0.762,https://moovitapp.com/index/pt-br/transporte_p%C3%BAblico-line-0_762-Brasilia-1702-851941-576189-0,-1.0,-15.736016,-47.765285,,,,1,2023-06-15T08:20:24+00:00
BRA_232050,Brasília,5300108,,Pioneira,180.2,https://moovitapp.com/index/pt-br/transporte_p%C3%BAblico-line-180_2-Brasilia-1702-851941-514539-0,-1.0,-15.862195,-47.819429,,,,1,2023-06-15T18:20:14+00:00
BRA_227609,Brasília,5300108,,Pioneira,2209,https://moovitapp.com/index/pt-br/transporte_p%C3%BAblico-line-2209-Brasilia-1702-851941-18556640-0,-1.0,-15.800532,-47.91678,,,,1,2023-06-15T18:20:32+00:00
BRA_229491,Brasília,5300108,,Pioneira,0.510,https://moovitapp.com/index/pt-br/transporte_p%C3%BAblico-line-0_510-Brasilia-1702-851941-16483906-0,-1.0,-15.770048,-47.779521,,,,1,2023-06-15T18:15:06+00:00
BRA_228605,Brasília,5300108,,Pioneira,0.255,https://moovitapp.com/index/pt-br/transporte_p%C3%BAblico-line-0_255-Brasilia-1702-851941-706978-0,-1.0,-15.900526,-48.053876,,,,1,2023-06-15T18:18:30+00:00
BRA_226092,Brasília,5300108,,UTB,2302,https://moovitapp.com/index/pt-br/transporte_p%C3%BAblico-line-2302-Brasilia-1702-854427-744298-0,-1.0,-16.001043,-47.985063,,,,2,2023-06-15T18:19:04+00:00
BRA_232203,Brasília,5300108,,Pioneira,124.6,https://moovitapp.com/index/pt-br/transporte_p%C3%BAblico-line-124_6-Brasilia-1702-851941-425282-0,-1.0,-15.860518,-47.956027,,,,1,2023-06-15T18:19:36+00:00
BRA_229539,Brasília,5300108,,Pioneira,147.6,https://moovitapp.com/index/pt-br/transporte_p%C3%BAblico-line-147_6-Brasilia-1702-851941-516646-0,-1.0,-15.860702,-47.827395,,,,1,2023-06-15T18:19:20+00:00
BRA_226076,Brasília,5300108,,Taguatur,2301,https://moovitapp.com/index/pt-br/transporte_p%C3%BAblico-line-2301-Brasilia-1702-854428-81537943-0,-1.0,-15.834311,-47.924899,,,,2,2023-06-15T18:20:10+00:00
BRA_228281,Brasília,5300108,,,3202,,,-16.037537,-48.056419,,,,1,2023-06-15T18:19:48+00:00
BRA_228389,Brasília,5300108,,Pioneira,0.255,https://moovitapp.com/index/pt-br/transporte_p%C3%BAblico-line-0_255-Brasilia-1702-851941-706978-0,-1.0,-15.832804,-48.057418,,,,2,2023-06-15T18:19:52+00:00
BRA_230049,Brasília,5300108,,Taguatur,3305,https://moovitapp.com/index/pt-br/transporte_p%C3%BAblico-line-3305-Brasilia-1702-854428-77810673-0,-1.0,-16.049057,-47.971101,,,,1,2023-06-15T18:19:18+00:00
BRA_226947,Brasília,5300108,,Pioneira,0.102,https://moovitapp.com/index/pt-br/transporte_p%C3%BAblico-line-0_102-Brasilia-1702-851941-775119-0,-1.0,-15.794024,-47.881774,,,,1,2023-06-15T18:20:44+00:00
BRA_232602,Brasília,5300108,,Pioneira,2207,https://moovitapp.com/index/pt-br/transporte_p%C3%BAblico-line-2207-Brasilia-1702-851941-422078-0,-1.0,-15.831172,-47.928758,,,,1,2023-06-15T18:20:08+00:00
BRA_226301,Brasília,5300108,,,2202,,,-15.936772,-47.984592,,,,2,2023-06-15T18:20:22+00:00
BRA_232441,Brasília,5300108,,Pioneira,271.3,https://moovitapp.com/index/pt-br/transporte_p%C3%BAblico-line-271_3-Brasilia-1702-851941-669626-0,-1.0,-16.015484,-47.984777,,,,1,2023-06-15T18:19:14+00:00
BRA_226556,Brasília,5300108,,Pioneira,0.111,https://moovitapp.com/index/pt-br/transporte_p%C3%BAblico-line-0_111-Brasilia-1702-851941-432834-0,-1.0,-15.907599,-47.801843,,,,1,2023-06-15T18:20:30+00:00
BRA_230057,Brasília,5300108,,Taguatur,3305,https://moovitapp.com/index/pt-br/transporte_p%C3%BAblico-line-3305-Brasilia-1702-854428-77810673-0,-1.0,-16.047674,-48.044956,,,,1,2023-06-15T18:20:24+00:00
BRA_230065,Brasília,5300108,,Pioneira,0.253,https://moovitapp.com/index/pt-br/transporte_p%C3%BAblico-line-0_253-Brasilia-1702-851941-510254-0,-1.0,-15.931915,-48.044339,,,,1,2023-06-15T18:20:06+00:00
BRA_226025,Brasília,5300108,,UTB,2302,https://moovitapp.com/index/pt-br/transporte_p%C3%BAblico-line-2302-Brasilia-1702-854427-744298-0,-1.0,-15.928613,-47.979087,,,,1,2023-06-15T18:20:20+00:00
BRA_229555,Brasília,5300108,,Pioneira,3213,https://moovitapp.com/index/pt-br/transporte_p%C3%BAblico-line-3213-Brasilia-1702-851941-74051275-0,-1.0,-15.991995,-48.0494,,,,1,2023-06-15T18:20:18+00:00
BRA_227897,Brasília,5300108,,,3201,,,-16.011854,-48.059872,,,,1,2023-06-15T18:20:12+00:00
BRA_229008,Brasília,5300108,,Pioneira,255.2,https://moovitapp.com/index/pt-br/transporte_p%C3%BAblico-line-255_2-Brasilia-1702-851941-312453-0,-1.0,-15.960398,-48.02573,,,,2,2023-06-15T18:20:42+00:00
BRA_231991,Brasília,5300108,,Pioneira,197.3,https://moovitapp.com/index/pt-br/transporte_p%C3%BAblico-line-197_3-Brasilia-1702-851941-519409-0,-1.0,-15.800978,-47.851243,,,,1,2023-06-15T18:19:06+00:00
BRA_229849,Brasília,5300108,,Pioneira,0.147,https://moovitapp.com/index/pt-br/transporte_p%C3%BAblico-line-0_147-Brasilia-1702-851941-519401-0,-1.0,-15.900324,-47.779476,,,,2,2023-06-15T18:20:02+00:00
BRA_231916,Brasília,5300108,,Pioneira,180.1,https://moovitapp.com/index/pt-br/transporte_p%C3%BAblico-line-180_1-Brasilia-1702-851941-339336-0,-1.0,-15.861977,-47.81934,,,,1,2023-06-15T18:20:02+00:00
BRA_228575,Brasília,5300108,,Pioneira,0.255,https://moovitapp.com/index/pt-br/transporte_p%C3%BAblico-line-0_255-Brasilia-1702-851941-706978-0,-1.0,-15.795021,-48.110912,,,,1,2023-06-15T15:40:32+00:00
BRA_232084,Brasília,5300108,,Pioneira,181.2,https://moovitapp.com/index/pt-br/transporte_p%C3%BAblico-line-181_2-Brasilia-1702-851941-339338-0,-1.0,-15.892854,-47.793527,,,,1,2023-06-15T18:19:36+00:00
BRA_229652,Brasília,5300108,,Pioneira,0.781,https://moovitapp.com/index/pt-br/transporte_p%C3%BAblico-line-0_781-Brasilia-1702-851941-242889-0,-1.0,-15.720541,-47.884145,,,,1,2023-06-15T18:20:04+00:00
BRA_230031,Brasília,5300108,,,3204,,,-16.022526,-48.073821,,,,1,2023-06-15T18:19:56+00:00
BRA_226831,Brasília,5300108,,Pioneira,0.510,https://moovitapp.com/index/pt-br/transporte_p%C3%BAblico-line-0_510-Brasilia-1702-851941-16483906-0,-1.0,-15.76021,-47.780773,,,,1,2023-06-15T13:15:44+00:00
BRA_230103,Brasília,5300108,,Taguatur,3302,https://moovitapp.com/index/pt-br/transporte_p%C3%BAblico-line-3302-Brasilia-1702-854428-3135322-0,-1.0,-16.00212,-47.987384,,,,1,2023-06-15T18:17:52+00:00
BRA_228125,Brasília,5300108,,Taguatur,3305,https://moovitapp.com/index/pt-br/transporte_p%C3%BAblico-line-3305-Brasilia-1702-854428-77810673-0,-1.0,-16.038598,-48.04638,,,,1,2023-06-15T18:21:10+00:00
BRA_227099,Brasília,5300108,,Pioneira,183.2,https://moovitapp.com/index/pt-br/transporte_p%C3%BAblico-line-183_2-Brasilia-1702-851941-242920-0,-1.0,-15.913316,-47.757586,,,,1,2023-06-15T18:20:30+00:00
BRA_231983,Brasília,5300108,,Pioneira,197.3,https://moovitapp.com/index/pt-br/transporte_p%C3%BAblico-line-197_3-Brasilia-1702-851941-519409-0,-1.0,-15.913288,-47.757109,,,,2,2023-06-15T18:19:32+00:00
BRA_226343,Brasília,5300108,,,2202,,,-15.878154,-47.959435,,,,1,2023-06-15T18:20:14+00:00
BRA_230171,Brasília,5300108,,Taguatur,3302,https://moovitapp.com/index/pt-br/transporte_p%C3%BAblico-line-3302-Brasilia-1702-854428-3135322-0,-1.0,-16.03005,-48.03301,,,,1,2023-06-15T18:20:12+00:00
BRA_232394,Brasília,5300108,,,3301,,,-16.042273,-48.025705,,,,1,2023-06-15T18:21:00+00:00
BRA_226084,Brasília,5300108,,Taguatur,2301,https://moovitapp.com/index/pt-br/transporte_p%C3%BAblico-line-2301-Brasilia-1702-854428-81537943-0,-1.0,-15.86431,-47.940685,,,,1,2023-06-15T18:20:14+00:00
BRA_231649,Brasília,5300108,,Pioneira,759.1,https://moovitapp.com/index/pt-br/transporte_p%C3%BAblico-line-759_1-Brasilia-1702-851941-616183-0,-1.0,-15.7693,-47.889492,,,,1,2023-06-15T18:19:48+00:00
BRA_228028,Brasília,5300108,,Pioneira,0.195,https://moovitapp.com/index/pt-br/transporte_p%C3%BAblico-line-0_195-Brasilia-1702-851941-242845-0,-1.0,-15.85626,-47.837116,,,,1,2023-06-15T18:19:52+00:00
BRA_232076,Brasília,5300108,,Pioneira,181.4,https://moovitapp.com/index/pt-br/transporte_p%C3%BAblico-line-181_4-Brasilia-1702-851941-775126-0,-1.0,-15.89523,-47.791537,,,,2,2023-06-15T18:20:00+00:00
BRA_226009,Brasília,5300108,,,2201,,,-15.992907,-48.050214,,,,1,2023-06-15T18:19:42+00:00
BRA_232335,Brasília,5300108,,,3301,,,-16.013717,-47.999978,,,,1,2023-06-15T18:20:38+00:00
BRA_232190,Brasília,5300108,,Pioneira,205.1,https://moovitapp.com/index/pt-br/transporte_p%C3%BAblico-line-205_1-Brasilia-1702-851941-393571-0,-1.0,-15.917028,-48.049057,,,,1,2023-06-15T18:20:00+00:00
BRA_226882,Brasília,5300108,,,2202,,,-15.992683,-48.050049,,,,1,2023-06-15T18:20:02+00:00
BRA_232459,Brasília,5300108,,Pioneira,3316,https://moovitapp.com/index/pt-br/transporte_p%C3%BAblico-line-3316-Brasilia-1702-851941-59965195-0,-1.0,-16.024115,-48.032412,,,,1,2023-06-14T08:34:58+00:00
BRA_225665,Brasília,5300108,,,2201,,,-15.941203,-47.987504,,,,1,2023-06-15T18:20:40+00:00
BRA_229938,Brasília,5300108,,,3204,,,-15.992211,-48.049699,,,,1,2023-06-15T18:19:58+00:00
BRA_231827,Brasília,5300108,,Pioneira,180.1,https://moovitapp.com/index/pt-br/transporte_p%C3%BAblico-line-180_1-Brasilia-1702-851941-339336-0,-1.0,-15.913318,-47.757535,,,,2,2023-06-15T18:20:00+00:00
BRA_228729,Brasília,5300108,,Pioneira,2207,https://moovitapp.com/index/pt-br/transporte_p%C3%BAblico-line-2207-Brasilia-1702-851941-422078-0,-1.0,-15.811855,-47.905469,,,,1,2023-06-15T18:20:14+00:00
BRA_231789,Brasília,5300108,,Pioneira,0.102,https://moovitapp.com/index/pt-br/transporte_p%C3%BAblico-line-0_102-Brasilia-1702-851941-775119-0,-1.0,-15.794643,-47.882072,,,,1,2023-06-15T17:50:46+00:00
BRA_227889,Brasília,5300108,,Pioneira,3213,https://moovitapp.com/index/pt-br/transporte_p%C3%BAblico-line-3213-Brasilia-1702-851941-74051275-0,-1.0,-16.049117,-48.03547,,,,1,2023-06-15T18:20:12+00:00
BRA_228702,Brasília,5300108,,Pioneira,0.255,https://moovitapp.com/index/pt-br/transporte_p%C3%BAblico-line-0_255-Brasilia-1702-851941-706978-0,-1.0,-16.025819,-48.030524,,,,2,2023-06-15T18:20:50+00:00
BRA_227498,Brasília,5300108,,Pioneira,183.2,https://moovitapp.com/index/pt-br/transporte_p%C3%BAblico-line-183_2-Brasilia-1702-851941-242920-0,-1.0,-15.867896,-47.774854,,,,1,2023-06-15T18:20:00+00:00
BRA_225681,Brasília,5300108,,Pioneira,764.2,https://moovitapp.com/index/pt-br/transporte_p%C3%BAblico-line-764_2-Brasilia-1702-851941-527246-0,-1.0,-15.805758,-47.853341,,,,1,2023-06-15T18:20:00+00:00
BRA_226637,Brasília,5300108,,Pioneira,784.2,https://moovitapp.com/index/pt-br/transporte_p%C3%BAblico-line-784_2-Brasilia-1702-851941-8360792-0,-1.0,-15.772195,-47.779559,,,,1,2023-06-15T18:20:04+00:00
BRA_231606,Brasília,5300108,,Pioneira,759.1,https://moovitapp.com/index/pt-br/transporte_p%C3%BAblico-line-759_1-Brasilia-1702-851941-616183-0,-1.0,-15.757885,-47.776761,,,,1,2023-06-15T18:19:06+00:00
BRA_227013,Brasília,5300108,,Pioneira,163.1,https://moovitapp.com/index/pt-br/transporte_p%C3%BAblico-line-163_1-Brasilia-1702-851941-242911-0,-1.0,-15.826136,-47.924937,,,,1,2023-06-15T18:21:04+00:00
BRA_227307,Brasília,5300108,,Pioneira,147.2,https://moovitapp.com/index/pt-br/transporte_p%C3%BAblico-line-147_2-Brasilia-1702-851941-519403-0,-1.0,-15.904263,-47.764802,,,,2,2023-06-15T18:19:50+00:00
BRA_227234,Brasília,5300108,,Pioneira,147.3,https://moovitapp.com/index/pt-br/transporte_p%C3%BAblico-line-147_3-Brasilia-1702-851941-574203-0,-1.0,-15.885185,-47.821247,,,,1,2023-06-15T18:20:30+00:00
BRA_229971,Brasília,5300108,,,3204,,,-15.991762,-48.049216,,,,1,2023-06-15T18:19:24+00:00
BRA_227391,Brasília,5300108,,Pioneira,183.2,https://moovitapp.com/index/pt-br/transporte_p%C3%BAblico-line-183_2-Brasilia-1702-851941-242920-0,-1.0,-15.867284,-47.787023,,,,1,2023-06-15T18:19:10+00:00
BRA_232491,Brasília,5300108,,Taguatur,3302,https://moovitapp.com/index/pt-br/transporte_p%C3%BAblico-line-3302-Brasilia-1702-854428-3135322-0,-1.0,-16.019039,-48.020606,,,,1,2023-06-15T18:15:42+00:00
BRA_228435,Brasília,5300108,,,3206,,,-16.035286,-48.05956,,,,1,2023-06-15T18:20:08+00:00
BRA_232068,Brasília,5300108,,Pioneira,181.2,https://moovitapp.com/index/pt-br/transporte_p%C3%BAblico-line-181_2-Brasilia-1702-851941-339338-0,-1.0,-15.85666,-47.861734,,,,1,2023-06-15T18:19:48+00:00
BRA_229920,Brasília,5300108,,,3207,,,-15.997572,-48.058467,,,,1,2023-06-15T18:20:02+00:00
BRA_225533,Brasília,5300108,,,2202,,,-15.838205,-47.929375,,,,1,2023-06-15T16:49:56+00:00
BRA_232009,Brasília,5300108,,Pioneira,197.3,https://moovitapp.com/index/pt-br/transporte_p%C3%BAblico-line-197_3-Brasilia-1702-851941-519409-0,-1.0,-15.900194,-47.779661,,,,1,2023-06-15T18:20:22+00:00
BRA_225959,Brasília,5300108,,Taguatur,2301,https://moovitapp.com/index/pt-br/transporte_p%C3%BAblico-line-2301-Brasilia-1702-854428-81537943-0,-1.0,-16.002445,-47.985991,,,,1,2023-06-15T18:21:16+00:00
BRA_229211,Brasília,5300108,,Pioneira,0.253,https://moovitapp.com/index/pt-br/transporte_p%C3%BAblico-line-0_253-Brasilia-1702-851941-510254-0,-1.0,-16.03032,-48.033086,,,,1,2023-06-15T18:19:38+00:00
BRA_227111,Brasília,5300108,,Pioneira,197.3,https://moovitapp.com/index/pt-br/transporte_p%C3%BAblico-line-197_3-Brasilia-1702-851941-519409-0,-1.0,-15.858811,-47.8321,,,,2,2023-06-15T18:20:24+00:00
BRA_228869,Brasília,5300108,,Pioneira,251.7,https://moovitapp.com/index/pt-br/transporte_p%C3%BAblico-line-251_7-Brasilia-1702-851941-651524-0,-1.0,-16.011762,-48.068703,,,,1,2023-06-15T18:19:18+00:00
BRA_227404,Brasília,5300108,,Pioneira,147.2,https://moovitapp.com/index/pt-br/transporte_p%C3%BAblico-line-147_2-Brasilia-1702-851941-519403-0,-1.0,-15.912642,-47.752048,,,,1,2023-06-15T18:19:50+00:00
BRA_229059,Brasília,5300108,,Pioneira,020.2,https://moovitapp.com/index/pt-br/transporte_p%C3%BAblico-line-020_2-Brasilia-1702-851941-708653-0,-1.0,-16.004215,-47.987129,,,,1,2023-06-15T18:17:02+00:00
BRA_229989,Brasília,5300108,,,3207,,,-16.019337,-48.067533,,,,1,2023-06-15T18:19:40+00:00
BRA_228079,Brasília,5300108,,,3201,,,-16.03383,-48.058594,,,,1,2023-06-15T18:20:22+00:00
BRA_229610,Brasília,5300108,,,3207,,,-15.991708,-48.04926,,,,1,2023-06-15T18:19:30+00:00
BRA_230201,Brasília,5300108,,Pioneira,251.7,https://moovitapp.com/index/pt-br/transporte_p%C3%BAblico-line-251_7-Brasilia-1702-851941-651524-0,-1.0,-16.036157,-48.034237,,,,1,2023-06-15T18:19:46+00:00
BRA_226785,Brasília,5300108,,Pioneira,100.2,https://moovitapp.com/index/pt-br/transporte_p%C3%BAblico-line-100_2-Brasilia-1702-851941-620160-0,-1.0,-15.760619,-47.780188,,,,1,2023-06-15T12:25:48+00:00
BRA_232483,Brasília,5300108,,,3301,,,-16.042241,-48.025743,,,,1,2023-06-15T18:19:58+00:00
BRA_228443,Brasília,5300108,,Pioneira,784.3,https://moovitapp.com/index/pt-br/transporte_p%C3%BAblico-line-784_3-Brasilia-1702-851941-46904557-0,-1.0,-15.741685,-47.760199,,,,1,2023-06-15T18:19:44+00:00
BRA_228591,Brasília,5300108,,Taguatur,3303,https://moovitapp.com/index/pt-br/transporte_p%C3%BAblico-line-3303-Brasilia-1702-854428-2224148-0,-1.0,-16.001618,-47.985374,,,,1,2023-06-15T18:16:46+00:00
BRA_231517,Brasília,5300108,,Pioneira,0.030,https://moovitapp.com/index/pt-br/transporte_p%C3%BAblico-line-0_030-Brasilia-1702-851941-775118-0,-1.0,-15.813875,-47.907923,,,,1,2023-06-15T18:20:02+00:00
BRA_231355,Brasília,5300108,,Pioneira,183.8,https://moovitapp.com/index/pt-br/transporte_p%C3%BAblico-line-183_8-Brasilia-1702-851941-719958-0,-1.0,-15.918253,-47.761344,,,,1,2023-06-15T18:19:54+00:00
BRA_227455,Brasília,5300108,,Pioneira,183.6,https://moovitapp.com/index/pt-br/transporte_p%C3%BAblico-line-183_6-Brasilia-1702-851941-242921-0,-1.0,-15.897546,-47.788809,,,,1,2023-06-15T18:19:06+00:00
BRA_229792,Brasília,5300108,,Pioneira,0.181,https://moovitapp.com/index/pt-br/transporte_p%C3%BAblico-line-0_181-Brasilia-1702-851941-242838-0,-1.0,-15.912488,-47.754903,,,,2,2023-06-15T18:19:18+00:00
BRA_228168,Brasília,5300108,,Pioneira,2306,https://moovitapp.com/index/pt-br/transporte_p%C3%BAblico-line-2306-Brasilia-1702-851941-18556641-0,-1.0,-16.006574,-48.000381,,,,1,2023-06-15T18:19:48+00:00
BRA_226238,Brasília,5300108,,Taguatur,2301,https://moovitapp.com/index/pt-br/transporte_p%C3%BAblico-line-2301-Brasilia-1702-854428-81537943-0,-1.0,-15.794069,-47.883052,,,,2,2023-06-15T18:20:26+00:00
BRA_223778,Brasília,5300108,,Pioneira,2209,https://moovitapp.com/index/pt-br/transporte_p%C3%BAblico-line-2209-Brasilia-1702-851941-18556640-0,-1.0,-15.85752,-47.955791,,,,1,2023-06-15T18:19:36+00:00
BRA_231746,Brasília,5300108,,Pioneira,0.102,https://moovitapp.com/index/pt-br/transporte_p%C3%BAblico-line-0_102-Brasilia-1702-851941-775119-0,-1.0,-15.827235,-47.903149,,,,1,2023-06-15T18:20:02+00:00
BRA_231941,Brasília,5300108,,Pioneira,180.0,https://moovitapp.com/index/pt-br/transporte_p%C3%BAblico-line-180_0-Brasilia-1702-851941-77097780-0,-1.0,-15.900752,-47.778987,,,,1,2023-06-15T18:19:50+00:00
BRA_228001,Brasília,5300108,,Pioneira,2207,https://moovitapp.com/index/pt-br/transporte_p%C3%BAblico-line-2207-Brasilia-1702-851941-422078-0,-1.0,-15.859038,-47.935663,,,,1,2023-06-15T18:21:08+00:00
BRA_232581,Brasília,5300108,,Pioneira,2207,https://moovitapp.com/index/pt-br/transporte_p%C3%BAblico-line-2207-Brasilia-1702-851941-422078-0,-1.0,-15.769938,-47.888996,,,,1,2023-06-15T18:19:38+00:00
BRA_226271,Brasília,5300108,,,2201,,,-15.7936,-47.882581,,,,2,2023-06-15T18:20:04+00:00
BRA_227790,Brasília,5300108,,,3202,,,-16.03513,-48.059427,,,,1,2023-06-15T18:19:30+00:00
BRA_229946,Brasília,5300108,,Pioneira,073.1,https://moovitapp.com/index/pt-br/transporte_p%C3%BAblico-line-073_1-Brasilia-1702-851941-775123-0,-1.0,-15.834634,-47.952606,,,,1,2023-06-15T18:20:04+00:00
BRA_228907,Brasília,5300108,,Pioneira,0.255,https://moovitapp.com/index/pt-br/transporte_p%C3%BAblico-line-0_255-Brasilia-1702-851941-706978-0,-1.0,-16.017881,-48.01894,,,,1,2023-06-15T18:20:36+00:00
BRA_226114,Brasília,5300108,,Taguatur,2301,https://moovitapp.com/index/pt-br/transporte_p%C3%BAblico-line-2301-Brasilia-1702-854428-81537943-0,-1.0,-15.886889,-47.960751,,,,1,2023-06-15T18:20:22+00:00
BRA_226521,Brasília,5300108,,Pioneira,100.3,https://moovitapp.com/index/pt-br/transporte_p%C3%BAblico-line-100_3-Brasilia-1702-851941-419631-0,-1.0,-15.760606,-47.78132,,,,2,2023-06-15T16:59:46+00:00
BRA_227064,Brasília,5300108,,Pioneira,147.5,https://moovitapp.com/index/pt-br/transporte_p%C3%BAblico-line-147_5-Brasilia-1702-851941-519406-0,-1.0,-15.756801,-47.892963,,,,1,2023-06-15T18:19:54+00:00
BRA_228991,Brasília,5300108,,Pioneira,251.7,https://moovitapp.com/index/pt-br/transporte_p%C3%BAblico-line-251_7-Brasilia-1702-851941-651524-0,-1.0,-16.021515,-48.082569,,,,1,2023-06-15T18:20:14+00:00
BRA_232301,Brasília,5300108,,Pioneira,0.255,https://moovitapp.com/index/pt-br/transporte_p%C3%BAblico-line-0_255-Brasilia-1702-851941-706978-0,-1.0,-15.804996,-48.094496,,,,1,2023-06-15T18:19:54+00:00
BRA_228109,Brasília,5300108,,,3206,,,-16.038226,-48.057646,,,,1,2023-06-15T18:20:30+00:00
BRA_226190,Brasília,5300108,,,2201,,,-15.991977,-48.049788,,,,1,2023-06-15T18:20:10+00:00
BRA_226122,Brasília,5300108,,,2201,,,-15.855064,-47.933323,,,,2,2023-06-15T18:19:38+00:00
BRA_227561,Brasília,5300108,,Taguatur,3305,https://moovitapp.com/index/pt-br/transporte_p%C3%BAblico-line-3305-Brasilia-1702-854428-77810673-0,-1.0,-16.02772,-47.979176,,,,1,2023-06-15T18:20:00+00:00
BRA_229245,Brasília,5300108,,Pioneira,0.784,https://moovitapp.com/index/pt-br/transporte_p%C3%BAblico-line-0_784-Brasilia-1702-851941-372405-0,-1.0,-15.762504,-47.784957,,,,1,2023-06-15T18:20:04+00:00
BRA_223913,Brasília,5300108,,Pioneira,2306,https://moovitapp.com/index/pt-br/transporte_p%C3%BAblico-line-2306-Brasilia-1702-851941-18556641-0,-1.0,-15.743214,-47.90922,,,,1,2023-06-15T18:20:44+00:00
BRA_223611,Brasília,5300108,,Pioneira,2207,https://moovitapp.com/index/pt-br/transporte_p%C3%BAblico-line-2207-Brasilia-1702-851941-422078-0,-1.0,-15.781886,-47.88768,,,,1,2023-06-15T18:19:52+00:00
BRA_228010,Brasília,5300108,,,3204,,,-16.022955,-48.069936,,,,1,2023-06-15T18:20:10+00:00
BRA_228346,Brasília,5300108,,Pioneira,251.7,https://moovitapp.com/index/pt-br/transporte_p%C3%BAblico-line-251_7-Brasilia-1702-851941-651524-0,-1.0,-16.030276,-48.033073,,,,1,2023-06-15T18:19:54+00:00
BRA_226211,Brasília,5300108,,UTB,2302,https://moovitapp.com/index/pt-br/transporte_p%C3%BAblico-line-2302-Brasilia-1702-854427-744298-0,-1.0,-15.808547,-47.892448,,,,2,2023-06-15T18:20:12+00:00
BRA_226840,Brasília,5300108,,Pioneira,759.1,https://moovitapp.com/index/pt-br/transporte_p%C3%BAblico-line-759_1-Brasilia-1702-851941-616183-0,-1.0,-15.79459,-47.882181,,,,1,2023-06-15T18:20:30+00:00
BRA_231479,Brasília,5300108,,Pioneira,0.011,https://moovitapp.com/index/pt-br/transporte_p%C3%BAblico-line-0_011-Brasilia-1702-851941-775117-0,-1.0,-15.87038,-47.933501,,,,1,2023-06-15T18:05:06+00:00
BRA_232041,Brasília,5300108,,Pioneira,180.2,https://moovitapp.com/index/pt-br/transporte_p%C3%BAblico-line-180_2-Brasilia-1702-851941-514539-0,-1.0,-15.794193,-47.882015,,,,1,2023-06-15T18:20:02+00:00
BRA_229865,Brasília,5300108,,Pioneira,197.3,https://moovitapp.com/index/pt-br/transporte_p%C3%BAblico-line-197_3-Brasilia-1702-851941-519409-0,-1.0,-15.834459,-47.828489,,,,2,2023-06-15T18:20:20+00:00
BRA_229105,Brasília,5300108,,Pioneira,0.253,https://moovitapp.com/index/pt-br/transporte_p%C3%BAblico-line-0_253-Brasilia-1702-851941-510254-0,-1.0,-16.026592,-48.033506,,,,1,2023-06-15T18:20:12+00:00
BRA_225541,Brasília,5300108,,UTB,2302,https://moovitapp.com/index/pt-br/transporte_p%C3%BAblico-line-2302-Brasilia-1702-854427-744298-0,-1.0,-15.875506,-47.957381,,,,1,2023-06-15T18:04:00+00:00
BRA_230154,Brasília,5300108,,Pioneira,251.8,https://moovitapp.com/index/pt-br/transporte_p%C3%BAblico-line-251_8-Brasilia-1702-851941-708654-0,-1.0,-16.048882,-48.028693,,,,1,2023-06-15T18:19:42+00:00
BRA_231924,Brasília,5300108,,Pioneira,180.1,https://moovitapp.com/index/pt-br/transporte_p%C3%BAblico-line-180_1-Brasilia-1702-851941-339336-0,-1.0,-15.907207,-47.760746,,,,1,2023-06-15T18:19:28+00:00
BRA_223948,Brasília,5300108,,Pioneira,2211,https://moovitapp.com/index/pt-br/transporte_p%C3%BAblico-line-2211-Brasilia-1702-851941-57764371-0,-1.0,-15.799026,-47.950025,,,,1,2023-06-15T18:19:06+00:00
BRA_226742,Brasília,5300108,,Pioneira,0.781,https://moovitapp.com/index/pt-br/transporte_p%C3%BAblico-line-0_781-Brasilia-1702-851941-242889-0,-1.0,-15.794195,-47.881805,,,,1,2023-06-15T18:20:00+00:00
BRA_229806,Brasília,5300108,,Pioneira,147.7,https://moovitapp.com/index/pt-br/transporte_p%C3%BAblico-line-147_7-Brasilia-1702-851941-574205-0,-1.0,-15.913324,-47.756982,,,,2,2023-06-15T18:19:12+00:00
BRA_228923,Brasília,5300108,,Pioneira,073.2,https://moovitapp.com/index/pt-br/transporte_p%C3%BAblico-line-073_2-Brasilia-1702-851941-775124-0,-1.0,-15.854632,-47.914459,,,,1,2023-06-15T18:20:40+00:00
BRA_226173,Brasília,5300108,,Taguatur,2301,https://moovitapp.com/index/pt-br/transporte_p%C3%BAblico-line-2301-Brasilia-1702-854428-81537943-0,-1.0,-15.996596,-47.985374,,,,1,2023-06-15T18:11:54+00:00
BRA_231614,Brasília,5300108,,Pioneira,764.2,https://moovitapp.com/index/pt-br/transporte_p%C3%BAblico-line-764_2-Brasilia-1702-851941-527246-0,-1.0,-15.760185,-47.781377,,,,2,2023-06-15T18:20:44+00:00
BRA_228974,Brasília,5300108,,Taguatur,3303,https://moovitapp.com/index/pt-br/transporte_p%C3%BAblico-line-3303-Brasilia-1702-854428-2224148-0,-1.0,-16.044966,-48.032336,,,,1,2023-06-15T18:18:02+00:00
BRA_227617,Brasília,5300108,,Pioneira,0.225,https://moovitapp.com/index/pt-br/transporte_p%C3%BAblico-line-0_225-Brasilia-1702-851941-510253-0,-1.0,-16.018183,-48.066865,,,,1,2023-06-15T18:19:40+00:00
BRA_226203,Brasília,5300108,,Taguatur,2301,https://moovitapp.com/index/pt-br/transporte_p%C3%BAblico-line-2301-Brasilia-1702-854428-81537943-0,-1.0,-15.785125,-47.895602,,,,1,2023-06-15T11:38:18+00:00
BRA_231681,Brasília,5300108,,Pioneira,759.1,https://moovitapp.com/index/pt-br/transporte_p%C3%BAblico-line-759_1-Brasilia-1702-851941-616183-0,-1.0,-15.732346,-47.839151,,,,1,2023-06-15T18:19:38+00:00
BRA_231894,Brasília,5300108,,Pioneira,180.0,https://moovitapp.com/index/pt-br/transporte_p%C3%BAblico-line-180_0-Brasilia-1702-851941-77097780-0,-1.0,-15.913583,-47.757554,,,,2,2023-06-15T18:19:42+00:00
BRA_229598,Brasília,5300108,,Pioneira,764.2,https://moovitapp.com/index/pt-br/transporte_p%C3%BAblico-line-764_2-Brasilia-1702-851941-527246-0,-1.0,-15.809221,-47.848198,,,,2,2023-06-15T18:19:36+00:00
BRA_232131,Brasília,5300108,,Taguatur,3305,https://moovitapp.com/index/pt-br/transporte_p%C3%BAblico-line-3305-Brasilia-1702-854428-77810673-0,-1.0,-16.03768,-48.056737,,,,1,2023-06-15T18:19:22+00:00
BRA_223603,Brasília,5300108,,Pioneira,2306,https://moovitapp.com/index/pt-br/transporte_p%C3%BAblico-line-2306-Brasilia-1702-851941-18556641-0,-1.0,-16.002448,-47.986481,,,,1,2023-06-15T18:20:04+00:00
BRA_228672,Brasília,5300108,,Pioneira,3308,https://moovitapp.com/index/pt-br/transporte_p%C3%BAblico-line-3308-Brasilia-1702-851941-577772-0,-1.0,-16.002664,-47.987352,,,,1,2023-06-15T18:16:30+00:00
BRA_227315,Brasília,5300108,,Pioneira,0.225,https://moovitapp.com/index/pt-br/transporte_p%C3%BAblico-line-0_225-Brasilia-1702-851941-510253-0,-1.0,-16.027749,-48.072651,,,,1,2023-06-15T18:19:16+00:00
BRA_231851,Brasília,5300108,,Pioneira,180.1,https://moovitapp.com/index/pt-br/transporte_p%C3%BAblico-line-180_1-Brasilia-1702-851941-339336-0,-1.0,-15.822374,-47.830358,,,,2,2023-06-15T18:20:16+00:00
BRA_227757,Brasília,5300108,,Pioneira,0.784,https://moovitapp.com/index/pt-br/transporte_p%C3%BAblico-line-0_784-Brasilia-1702-851941-372405-0,-1.0,-15.761716,-47.780563,,,,1,2023-06-15T18:19:44+00:00
BRA_228826,Brasília,5300108,,Pioneira,147.2,https://moovitapp.com/index/pt-br/transporte_p%C3%BAblico-line-147_2-Brasilia-1702-851941-519403-0,-1.0,-15.868068,-47.82147,,,,1,2023-06-15T18:20:18+00:00
BRA_226921,Brasília,5300108,,Pioneira,100.8,https://moovitapp.com/index/pt-br/transporte_p%C3%BAblico-line-100_8-Brasilia-1702-851941-576191-0,-1.0,-15.762065,-47.783806,,,,1,2023-06-15T17:56:38+00:00
BRA_226246,Brasília,5300108,,,2201,,,-15.793905,-47.882454,,,,1,2023-06-15T18:19:22+00:00
BRA_227927,Brasília,5300108,,Pioneira,2207,https://moovitapp.com/index/pt-br/transporte_p%C3%BAblico-line-2207-Brasilia-1702-851941-422078-0,-1.0,-15.880842,-47.959784,,,,1,2023-06-15T18:20:26+00:00
BRA_232611,Brasília,5300108,,Pioneira,2211,https://moovitapp.com/index/pt-br/transporte_p%C3%BAblico-line-2211-Brasilia-1702-851941-57764371-0,-1.0,-15.857217,-47.955741,,,,1,2023-06-15T18:20:08+00:00
BRA_232548,Brasília,5300108,,Pioneira,2207,https://moovitapp.com/index/pt-br/transporte_p%C3%BAblico-line-2207-Brasilia-1702-851941-422078-0,-1.0,-15.7527,-47.894636,,,,1,2023-06-15T18:19:16+00:00
BRA_232416,Brasília,5300108,,Pioneira,3307,https://moovitapp.com/index/pt-br/transporte_p%C3%BAblico-line-3307-Brasilia-1702-851941-519400-0,-1.0,-16.002136,-47.986055,,,,1,2023-06-15T18:20:44+00:00
BRA_231878,Brasília,5300108,,Pioneira,180.0,https://moovitapp.com/index/pt-br/transporte_p%C3%BAblico-line-180_0-Brasilia-1702-851941-77097780-0,-1.0,-15.794285,-47.88199,,,,2,2023-06-15T18:20:20+00:00
BRA_226751,Brasília,5300108,,Pioneira,0.763,https://moovitapp.com/index/pt-br/transporte_p%C3%BAblico-line-0_763-Brasilia-1702-851941-468878-0,-1.0,-15.767401,-47.779724,,,,2,2023-06-15T18:19:06+00:00
BRA_231576,Brasília,5300108,,Pioneira,100.2,https://moovitapp.com/index/pt-br/transporte_p%C3%BAblico-line-100_2-Brasilia-1702-851941-620160-0,-1.0,-15.843801,-47.851593,,,,2,2023-06-15T18:20:10+00:00
BRA_228150,Brasília,5300108,,Pioneira,170.4,https://moovitapp.com/index/pt-br/transporte_p%C3%BAblico-line-170_4-Brasilia-1702-851941-379787-0,-1.0,-15.871388,-47.822728,,,,1,2023-06-15T18:20:00+00:00
BRA_232114,Brasília,5300108,,Pioneira,181.4,https://moovitapp.com/index/pt-br/transporte_p%C3%BAblico-line-181_4-Brasilia-1702-851941-775126-0,-1.0,-15.8706,-47.927289,,,,1,2023-06-15T18:19:58+00:00
BRA_229415,Brasília,5300108,,Pioneira,0.253,https://moovitapp.com/index/pt-br/transporte_p%C3%BAblico-line-0_253-Brasilia-1702-851941-510254-0,-1.0,-15.90923,-48.051867,,,,2,2023-06-15T18:19:34+00:00
BRA_229342,Brasília,5300108,,Pioneira,100.2,https://moovitapp.com/index/pt-br/transporte_p%C3%BAblico-line-100_2-Brasilia-1702-851941-620160-0,-1.0,-15.794916,-47.882009,,,,1,2023-06-15T18:19:42+00:00
BRA_229156,Brasília,5300108,,Pioneira,020.2,https://moovitapp.com/index/pt-br/transporte_p%C3%BAblico-line-020_2-Brasilia-1702-851941-708653-0,-1.0,-16.024913,-48.032883,,,,1,2023-06-15T18:19:18+00:00
BRA_227226,Brasília,5300108,,Pioneira,181.2,https://moovitapp.com/index/pt-br/transporte_p%C3%BAblico-line-181_2-Brasilia-1702-851941-339338-0,-1.0,-15.927043,-47.831369,,,,1,2023-06-14T16:06:06+00:00
BRA_229776,Brasília,5300108,,Pioneira,147.5,https://moovitapp.com/index/pt-br/transporte_p%C3%BAblico-line-147_5-Brasilia-1702-851941-519406-0,-1.0,-15.912422,-47.754267,,,,1,2023-06-15T18:20:08+00:00
BRA_231550,Brasília,5300108,,Pioneira,0.011,https://moovitapp.com/index/pt-br/transporte_p%C3%BAblico-line-0_011-Brasilia-1702-851941-775117-0,-1.0,-15.736534,-47.898158,,,,1,2023-06-15T18:19:40+00:00
BRA_231436,Brasília,5300108,,Pioneira,183.0,https://moovitapp.com/index/pt-br/transporte_p%C3%BAblico-line-183_0-Brasilia-1702-851941-26502248-0,-1.0,-15.913332,-47.758139,,,,1,2023-06-15T18:20:18+00:00
BRA_231622,Brasília,5300108,,Pioneira,0.102,https://moovitapp.com/index/pt-br/transporte_p%C3%BAblico-line-0_102-Brasilia-1702-851941-775119-0,-1.0,-15.798063,-47.891927,,,,1,2023-06-15T18:19:30+00:00
BRA_228575,Brasília,5300108,,Pioneira,0.255,https://moovitapp.com/index/pt-br/transporte_p%C3%BAblico-line-0_255-Brasilia-1702-851941-706978-0,-1.0,-16.015341,-48.015106,,,,1,2023-06-14T10:14:20+00:00
BRA_228095,Brasília,5300108,,Pioneira,147.5,https://moovitapp.com/index/pt-br/transporte_p%C3%BAblico-line-147_5-Brasilia-1702-851941-519406-0,-1.0,-15.849756,-47.81487,,,,1,2023-06-15T18:19:54+00:00
BRA_223930,Brasília,5300108,,Pioneira,2310,https://moovitapp.com/index/pt-br/transporte_p%C3%BAblico-line-2310-Brasilia-1702-851941-57764377-0,-1.0,-15.813036,-47.949141,,,,2,2023-06-13T21:56:00+00:00
BRA_223930,Brasília,5300108,,Pioneira,2207,https://moovitapp.com/index/pt-br/transporte_p%C3%BAblico-line-2207-Brasilia-1702-851941-422078-0,-1.0,-15.763694,-47.890859,,,,1,2023-06-14T12:55:10+00:00
BRA_229504,Brasília,5300108,,Pioneira,0.780,https://moovitapp.com/index/pt-br/transporte_p%C3%BAblico-line-0_780-Brasilia-1702-851941-514537-0,-1.0,-15.796309,-47.87855,,,,2,2023-06-14T19:24:22+00:00
BRA_226572,Brasília,5300108,,Pioneira,0.111,https://moovitapp.com/index/pt-br/transporte_p%C3%BAblico-line-0_111-Brasilia-1702-851941-432834-0,-1.0,-15.864684,-47.820402,,,,1,2023-06-15T18:20:12+00:00
BRA_229881,Brasília,5300108,,Pioneira,147.3,https://moovitapp.com/index/pt-br/transporte_p%C3%BAblico-line-147_3-Brasilia-1702-851941-574203-0,-1.0,-15.796692,-47.877387,,,,2,2023-06-15T18:20:04+00:00
BRA_226831,Brasília,5300108,,Urbi,0.129,https://moovitapp.com/index/pt-br/transporte_p%C3%BAblico-line-0_129-Brasilia-1702-851595-775097-0,-1.0,-15.834258,-47.830282,,,,2,2023-06-15T18:20:04+00:00
BRA_232033,Brasília,5300108,,Pioneira,181.4,https://moovitapp.com/index/pt-br/transporte_p%C3%BAblico-line-181_4-Brasilia-1702-851941-775126-0,-1.0,-15.843746,-47.850404,,,,1,2023-06-15T18:19:22+00:00
BRA_231371,Brasília,5300108,,Pioneira,3208,https://moovitapp.com/index/pt-br/transporte_p%C3%BAblico-line-3208-Brasilia-1702-851941-704027-0,-1.0,-16.022815,-48.06986,,,,1,2023-06-15T18:20:22+00:00
BRA_232637,Brasília,5300108,,Pioneira,2209,https://moovitapp.com/index/pt-br/transporte_p%C3%BAblico-line-2209-Brasilia-1702-851941-18556640-0,-1.0,-15.880941,-47.95981,,,,1,2023-06-15T18:17:04+00:00
BRA_225754,Brasília,5300108,,Pioneira,764.2,https://moovitapp.com/index/pt-br/transporte_p%C3%BAblico-line-764_2-Brasilia-1702-851941-527246-0,-1.0,-15.794183,-47.881907,,,,1,2023-06-15T18:20:28+00:00
BRA_229296,Brasília,5300108,,Pioneira,073.2,https://moovitapp.com/index/pt-br/transporte_p%C3%BAblico-line-073_2-Brasilia-1702-851941-775124-0,-1.0,-15.880788,-47.959511,,,,1,2023-06-15T18:19:34+00:00
BRA_227811,Brasília,5300108,,Pioneira,180.2,https://moovitapp.com/index/pt-br/transporte_p%C3%BAblico-line-180_2-Brasilia-1702-851941-514539-0,-1.0,-15.896443,-47.796782,,,,2,2023-06-15T18:20:34+00:00
BRA_232092,Brasília,5300108,,Pioneira,181.2,https://moovitapp.com/index/pt-br/transporte_p%C3%BAblico-line-181_2-Brasilia-1702-851941-339338-0,-1.0,-15.913679,-47.7573,,,,1,2023-06-15T18:20:00+00:00
BRA_226254,Brasília,5300108,,,2202,,,-15.805937,-47.890141,,,,2,2023-06-15T18:19:46+00:00
BRA_229067,Brasília,5300108,,Pioneira,251.8,https://moovitapp.com/index/pt-br/transporte_p%C3%BAblico-line-251_8-Brasilia-1702-851941-708654-0,-1.0,-16.01997,-48.050602,,,,1,2023-06-15T18:20:20+00:00
BRA_227463,Brasília,5300108,,Pioneira,147.5,https://moovitapp.com/index/pt-br/transporte_p%C3%BAblico-line-147_5-Brasilia-1702-851941-519406-0,-1.0,-15.783668,-47.895214,,,,1,2023-06-15T18:19:22+00:00
BRA_229750,Brasília,5300108,,Pioneira,0.781,https://moovitapp.com/index/pt-br/transporte_p%C3%BAblico-line-0_781-Brasilia-1702-851941-242889-0,-1.0,-15.757618,-47.892824,,,,2,2023-06-15T18:15:50+00:00
BRA_226530,Brasília,5300108,,Pioneira,0.111,https://moovitapp.com/index/pt-br/transporte_p%C3%BAblico-line-0_111-Brasilia-1702-851941-432834-0,-1.0,-15.794568,-47.882079,,,,1,2023-06-15T18:19:52+00:00
BRA_227684,Brasília,5300108,,,2202,,,-15.802477,-47.885658,,,,1,2023-06-15T18:19:58+00:00
BRA_231908,Brasília,5300108,,Pioneira,180.0,https://moovitapp.com/index/pt-br/transporte_p%C3%BAblico-line-180_0-Brasilia-1702-851941-77097780-0,-1.0,-15.90474,-47.773621,,,,1,2023-06-15T18:19:48+00:00
BRA_228460,Brasília,5300108,,Pioneira,180.2,https://moovitapp.com/index/pt-br/transporte_p%C3%BAblico-line-180_2-Brasilia-1702-851941-514539-0,-1.0,-15.890814,-47.810273,,,,2,2023-06-15T18:19:34+00:00
BRA_227048,Brasília,5300108,,Pioneira,2209,https://moovitapp.com/index/pt-br/transporte_p%C3%BAblico-line-2209-Brasilia-1702-851941-18556640-0,-1.0,-15.880675,-47.959797,,,,1,2023-06-15T18:19:14+00:00
BRA_230006,Brasília,5300108,,,3204,,,-16.006749,-48.053565,,,,1,2023-06-15T18:20:18+00:00
BRA_232271,Brasília,5300108,,Pioneira,0.225,https://moovitapp.com/index/pt-br/transporte_p%C3%BAblico-line-0_225-Brasilia-1702-851941-510253-0,-1.0,-15.981534,-48.038153,,,,2,2023-06-15T18:20:46+00:00
BRA_229431,Brasília,5300108,,Pioneira,251.7,https://moovitapp.com/index/pt-br/transporte_p%C3%BAblico-line-251_7-Brasilia-1702-851941-651524-0,-1.0,-16.00164,-47.985228,,,,1,2023-06-15T18:17:18+00:00
BRA_229041,Brasília,5300108,,Pioneira,2207,https://moovitapp.com/index/pt-br/transporte_p%C3%BAblico-line-2207-Brasilia-1702-851941-422078-0,-1.0,-15.781188,-47.887763,,,,1,2023-06-15T18:20:20+00:00
BRA_231673,Brasília,5300108,,Pioneira,759.1,https://moovitapp.com/index/pt-br/transporte_p%C3%BAblico-line-759_1-Brasilia-1702-851941-616183-0,-1.0,-15.760525,-47.781167,,,,2,2023-06-15T18:20:14+00:00
BRA_229661,Brasília,5300108,,Pioneira,100.3,https://moovitapp.com/index/pt-br/transporte_p%C3%BAblico-line-100_3-Brasilia-1702-851941-419631-0,-1.0,-15.794096,-47.881869,,,,1,2023-06-15T18:19:58+00:00
BRA_232157,Brasília,5300108,,Pioneira,205.1,https://moovitapp.com/index/pt-br/transporte_p%C3%BAblico-line-205_1-Brasilia-1702-851941-393571-0,-1.0,-16.017945,-48.073147,,,,1,2023-06-15T18:19:30+00:00
BRA_227340,Brasília,5300108,,Pioneira,0.181,https://moovitapp.com/index/pt-br/transporte_p%C3%BAblico-line-0_181-Brasilia-1702-851941-242838-0,-1.0,-15.785432,-47.777302,,,,1,2023-06-15T18:19:32+00:00
BRA_232424,Brasília,5300108,,Taguatur,3306,https://moovitapp.com/index/pt-br/transporte_p%C3%BAblico-line-3306-Brasilia-1702-854428-755287-0,-1.0,-16.003618,-47.987186,,,,1,2023-06-15T18:18:16+00:00
BRA_225649,Brasília,5300108,,,2202,,,-15.966767,-48.021369,,,,1,2023-06-15T18:20:30+00:00
BRA_229580,Brasília,5300108,,Pioneira,3212,https://moovitapp.com/index/pt-br/transporte_p%C3%BAblico-line-3212-Brasilia-1702-851941-52014256-0,-1.0,-15.958713,-48.051333,,,,1,2023-06-15T18:20:16+00:00
BRA_226769,Brasília,5300108,,Pioneira,0.765,https://moovitapp.com/index/pt-br/transporte_p%C3%BAblico-line-0_765-Brasilia-1702-851941-576190-0,-1.0,-15.834592,-47.817191,,,,1,2023-06-15T18:20:12+00:00
BRA_232343,Brasília,5300108,,Taguatur,3302,https://moovitapp.com/index/pt-br/transporte_p%C3%BAblico-line-3302-Brasilia-1702-854428-3135322-0,-1.0,-16.045954,-48.034205,,,,1,2023-06-15T18:20:30+00:00
BRA_228184,Brasília,5300108,,,3207,,,-16.019665,-48.067762,,,,1,2023-06-15T18:19:58+00:00
BRA_231380,Brasília,5300108,,Pioneira,3209,https://moovitapp.com/index/pt-br/transporte_p%C3%BAblico-line-3209-Brasilia-1702-851941-705116-0,-1.0,-16.038789,-48.061849,,,,1,2023-06-15T18:20:00+00:00
BRA_232173,Brasília,5300108,,Pioneira,124.6,https://moovitapp.com/index/pt-br/transporte_p%C3%BAblico-line-124_6-Brasilia-1702-851941-425282-0,-1.0,-15.824669,-47.950406,,,,1,2023-06-15T18:20:22+00:00
BRA_228117,Brasília,5300108,,,3206,,,-16.017074,-48.083021,,,,1,2023-06-15T18:20:24+00:00
BRA_225550,Brasília,5300108,,,2201,,,-15.920073,-47.973511,,,,2,2023-06-15T18:20:08+00:00
BRA_232408,Brasília,5300108,,Pioneira,020.2,https://moovitapp.com/index/pt-br/transporte_p%C3%BAblico-line-020_2-Brasilia-1702-851941-708653-0,-1.0,-16.037251,-48.027103,,,,1,2023-06-15T18:19:58+00:00
BRA_226866,Brasília,5300108,,Pioneira,183.6,https://moovitapp.com/index/pt-br/transporte_p%C3%BAblico-line-183_6-Brasilia-1702-851941-242921-0,-1.0,-15.890668,-47.79792,,,,1,2023-06-15T18:20:10+00:00
BRA_229466,Brasília,5300108,,Pioneira,181.2,https://moovitapp.com/index/pt-br/transporte_p%C3%BAblico-line-181_2-Brasilia-1702-851941-339338-0,-1.0,-15.887178,-47.809536,,,,1,2023-06-15T18:19:52+00:00
BRA_227978,Brasília,5300108,,Pioneira,147.6,https://moovitapp.com/index/pt-br/transporte_p%C3%BAblico-line-147_6-Brasilia-1702-851941-516646-0,-1.0,-15.826468,-47.874297,,,,1,2023-06-15T18:19:36+00:00
BRA_225631,Brasília,5300108,,UTB,2302,https://moovitapp.com/index/pt-br/transporte_p%C3%BAblico-line-2302-Brasilia-1702-854427-744298-0,-1.0,-15.987891,-47.987142,,,,1,2023-06-15T18:20:34+00:00
BRA_227706,Brasília,5300108,,Pioneira,147.2,https://moovitapp.com/index/pt-br/transporte_p%C3%BAblico-line-147_2-Brasilia-1702-851941-519403-0,-1.0,-15.816582,-47.912081,,,,1,2023-06-15T18:19:58+00:00
BRA_226327,Brasília,5300108,,,2202,,,-15.930659,-47.98053,,,,2,2023-06-15T18:19:08+00:00
BRA_226289,Brasília,5300108,,UTB,2302,https://moovitapp.com/index/pt-br/transporte_p%C3%BAblico-line-2302-Brasilia-1702-854427-744298-0,-1.0,-16.00227,-47.986449,,,,2,2023-06-15T18:19:46+00:00
BRA_228711,Brasília,5300108,,Pioneira,255.2,https://moovitapp.com/index/pt-br/transporte_p%C3%BAblico-line-255_2-Brasilia-1702-851941-312453-0,-1.0,-15.899177,-48.055434,,,,2,2023-06-15T18:19:52+00:00
BRA_227251,Brasília,5300108,,Pioneira,147.3,https://moovitapp.com/index/pt-br/transporte_p%C3%BAblico-line-147_3-Brasilia-1702-851941-574203-0,-1.0,-15.912355,-47.752074,,,,2,2023-06-15T18:20:32+00:00
BRA_225592,Brasília,5300108,,UTB,2302,https://moovitapp.com/index/pt-br/transporte_p%C3%BAblico-line-2302-Brasilia-1702-854427-744298-0,-1.0,-15.821312,-47.905425,,,,1,2023-06-15T18:20:08+00:00
BRA_226726,Brasília,5300108,,Pioneira,2208,https://moovitapp.com/index/pt-br/transporte_p%C3%BAblico-line-2208-Brasilia-1702-851941-18556642-0,-1.0,-15.784321,-47.895278,,,,1,2023-06-15T18:17:10+00:00
BRA_232408,Brasília,5300108,,Pioneira,251.8,https://moovitapp.com/index/pt-br/transporte_p%C3%BAblico-line-251_8-Brasilia-1702-851941-708654-0,-1.0,-16.014664,-48.014133,,,,1,2023-06-15T11:39:40+00:00
BRA_232238,Brasília,5300108,,Pioneira,205.1,https://moovitapp.com/index/pt-br/transporte_p%C3%BAblico-line-205_1-Brasilia-1702-851941-393571-0,-1.0,-16.022488,-48.073497,,,,2,2023-06-15T18:20:26+00:00
BRA_229679,Brasília,5300108,,Pioneira,190.2,https://moovitapp.com/index/pt-br/transporte_p%C3%BAblico-line-190_2-Brasilia-1702-851941-138553357-0,-1.0,-15.788752,-47.642255,,,,2,2023-06-15T18:15:12+00:00
BRA_231819,Brasília,5300108,,Pioneira,180.0,https://moovitapp.com/index/pt-br/transporte_p%C3%BAblico-line-180_0-Brasilia-1702-851941-77097780-0,-1.0,-15.907893,-47.760663,,,,2,2023-06-15T18:19:36+00:00
BRA_232289,Brasília,5300108,,Urbi,206.2,https://moovitapp.com/index/pt-br/transporte_p%C3%BAblico-line-206_2-Brasilia-1702-851595-781328-0,-1.0,-16.021807,-48.075239,,,,2,2023-06-15T18:20:10+00:00
BRA_229377,Brasília,5300108,,Pioneira,100.8,https://moovitapp.com/index/pt-br/transporte_p%C3%BAblico-line-100_8-Brasilia-1702-851941-576191-0,-1.0,-15.751227,-47.763385,,,,2,2023-06-15T18:20:08+00:00
BRA_226041,Brasília,5300108,,UTB,2302,https://moovitapp.com/index/pt-br/transporte_p%C3%BAblico-line-2302-Brasilia-1702-854427-744298-0,-1.0,-15.873583,-47.954024,,,,1,2023-06-15T18:20:00+00:00
BRA_228931,Brasília,5300108,,Urbi,119.0,https://moovitapp.com/index/pt-br/transporte_p%C3%BAblico-line-119_0-Brasilia-1702-851595-139513625-0,-1.0,-15.794965,-48.110156,,,,1,2023-06-15T18:20:38+00:00
BRA_226475,Brasília,5300108,,Pioneira,760.1,https://moovitapp.com/index/pt-br/transporte_p%C3%BAblico-line-760_1-Brasilia-1702-851941-576193-0,-1.0,-15.720342,-47.884158,,,,1,2023-06-15T18:19:38+00:00
BRA_226785,Brasília,5300108,,Urbi,0.129,https://moovitapp.com/index/pt-br/transporte_p%C3%BAblico-line-0_129-Brasilia-1702-851595-775097-0,-1.0,-15.857808,-47.922941,,,,2,2023-06-15T10:14:04+00:00
BRA_228541,Brasília,5300108,,Pioneira,0.195,https://moovitapp.com/index/pt-br/transporte_p%C3%BAblico-line-0_195-Brasilia-1702-851941-242845-0,-1.0,-15.782668,-47.895309,,,,1,2023-06-15T13:15:02+00:00
BRA_229407,Brasília,5300108,,Pioneira,0.255,https://moovitapp.com/index/pt-br/transporte_p%C3%BAblico-line-0_255-Brasilia-1702-851941-706978-0,-1.0,-15.842113,-48.045478,,,,1,2023-06-15T18:20:54+00:00
BRA_232106,Brasília,5300108,,Pioneira,181.2,https://moovitapp.com/index/pt-br/transporte_p%C3%BAblico-line-181_2-Brasilia-1702-851941-339338-0,-1.0,-15.856323,-47.860023,,,,1,2023-06-15T18:19:52+00:00
BRA_232505,Brasília,5300108,,Pioneira,3315,https://moovitapp.com/index/pt-br/transporte_p%C3%BAblico-line-3315-Brasilia-1702-851941-645997-0,-1.0,-16.041103,-48.027307,,,,1,2023-06-15T18:20:06+00:00
BRA_228982,Brasília,5300108,,Taguatur,3303,https://moovitapp.com/index/pt-br/transporte_p%C3%BAblico-line-3303-Brasilia-1702-854428-2224148-0,-1.0,-16.015062,-48.002575,,,,1,2023-06-15T18:19:32+00:00
BRA_226629,Brasília,5300108,,Pioneira,100.2,https://moovitapp.com/index/pt-br/transporte_p%C3%BAblico-line-100_2-Brasilia-1702-851941-620160-0,-1.0,-15.833564,-47.867144,,,,1,2023-06-15T18:21:12+00:00
BRA_231797,Brasília,5300108,,Pioneira,102.1,https://moovitapp.com/index/pt-br/transporte_p%C3%BAblico-line-102_1-Brasilia-1702-851941-775125-0,-1.0,-15.827637,-47.926997,,,,1,2023-06-15T18:19:54+00:00
BRA_229199,Brasília,5300108,,Pioneira,251.8,https://moovitapp.com/index/pt-br/transporte_p%C3%BAblico-line-251_8-Brasilia-1702-851941-708654-0,-1.0,-16.010805,-48.06354,,,,1,2023-06-15T18:20:26+00:00
BRA_227633,Brasília,5300108,,Pioneira,147.6,https://moovitapp.com/index/pt-br/transporte_p%C3%BAblico-line-147_6-Brasilia-1702-851941-516646-0,-1.0,-15.90268,-47.767059,,,,2,2023-06-15T18:20:02+00:00
BRA_231592,Brasília,5300108,,Pioneira,780.1,https://moovitapp.com/index/pt-br/transporte_p%C3%BAblico-line-780_1-Brasilia-1702-851941-531040-0,-1.0,-15.758902,-47.744502,,,,2,2023-06-15T18:19:46+00:00
BRA_226891,Brasília,5300108,,Pioneira,0.763,https://moovitapp.com/index/pt-br/transporte_p%C3%BAblico-line-0_763-Brasilia-1702-851941-468878-0,-1.0,-15.760605,-47.781301,,,,2,2023-06-15T17:30:04+00:00
BRA_225673,Brasília,5300108,,Pioneira,764.2,https://moovitapp.com/index/pt-br/transporte_p%C3%BAblico-line-764_2-Brasilia-1702-851941-527246-0,-1.0,-15.759166,-47.780849,,,,1,2023-06-15T18:20:36+00:00
BRA_231690,Brasília,5300108,,Pioneira,780.1,https://moovitapp.com/index/pt-br/transporte_p%C3%BAblico-line-780_1-Brasilia-1702-851941-531040-0,-1.0,-15.79432,-47.881964,,,,1,2023-06-15T18:19:32+00:00
BRA_232386,Brasília,5300108,,,3301,,,-16.015186,-48.005112,,,,1,2023-06-15T18:19:32+00:00
BRA_231886,Brasília,5300108,,Pioneira,181.2,https://moovitapp.com/index/pt-br/transporte_p%C3%BAblico-line-181_2-Brasilia-1702-851941-339338-0,-1.0,-15.898201,-47.782369,,,,1,2023-06-15T18:19:26+00:00
BRA_227285,Brasília,5300108,,Pioneira,2209,https://moovitapp.com/index/pt-br/transporte_p%C3%BAblico-line-2209-Brasilia-1702-851941-18556640-0,-1.0,-15.82555,-47.951309,,,,1,2023-06-15T18:20:14+00:00
BRA_232378,Brasília,5300108,,Taguatur,3302,https://moovitapp.com/index/pt-br/transporte_p%C3%BAblico-line-3302-Brasilia-1702-854428-3135322-0,-1.0,-16.042197,-48.026525,,,,1,2023-06-15T18:20:22+00:00
BRA_229831,Brasília,5300108,,Pioneira,0.147,https://moovitapp.com/index/pt-br/transporte_p%C3%BAblico-line-0_147-Brasilia-1702-851941-519401-0,-1.0,-15.840163,-47.921923,,,,2,2023-06-15T18:19:38+00:00
BRA_231711,Brasília,5300108,,Pioneira,102.1,https://moovitapp.com/index/pt-br/transporte_p%C3%BAblico-line-102_1-Brasilia-1702-851941-775125-0,-1.0,-15.807309,-47.900084,,,,1,2023-06-15T18:19:48+00:00
BRA_228290,Brasília,5300108,,,3206,,,-16.023912,-48.078812,,,,1,2023-06-15T18:20:36+00:00
BRA_230146,Brasília,5300108,,Taguatur,3303,https://moovitapp.com/index/pt-br/transporte_p%C3%BAblico-line-3303-Brasilia-1702-854428-2224148-0,-1.0,-16.049165,-48.032018,,,,1,2023-06-15T18:19:54+00:00
BRA_226980,Brasília,5300108,,Urbi,0.129,https://moovitapp.com/index/pt-br/transporte_p%C3%BAblico-line-0_129-Brasilia-1702-851595-775097-0,-1.0,-15.765357,-47.780004,,,,1,2023-06-15T18:19:24+00:00
BRA_228419,Brasília,5300108,,Pioneira,147.5,https://moovitapp.com/index/pt-br/transporte_p%C3%BAblico-line-147_5-Brasilia-1702-851941-519406-0,-1.0,-15.897023,-47.785414,,,,1,2023-06-15T18:19:18+00:00
BRA_228575,Brasília,5300108,,Pioneira,0.255,https://moovitapp.com/index/pt-br/transporte_p%C3%BAblico-line-0_255-Brasilia-1702-851941-706978-0,-1.0,-15.805875,-48.076001,,,,2,2023-06-12T15:58:20+00:00
BRA_228761,Brasília,5300108,,Pioneira,3316,https://moovitapp.com/index/pt-br/transporte_p%C3%BAblico-line-3316-Brasilia-1702-851941-59965195-0,-1.0,-16.004435,-47.992037,,,,1,2023-06-15T18:19:32+00:00
BRA_229521,Brasília,5300108,,Pioneira,2207,https://moovitapp.com/index/pt-br/transporte_p%C3%BAblico-line-2207-Brasilia-1702-851941-422078-0,-1.0,-15.881286,-47.959848,,,,1,2023-06-15T18:20:34+00:00
BRA_229725,Brasília,5300108,,Pioneira,0.765,https://moovitapp.com/index/pt-br/transporte_p%C3%BAblico-line-0_765-Brasilia-1702-851941-576190-0,-1.0,-15.753983,-47.765947,,,,1,2023-06-15T18:20:16+00:00
BRA_230022,Brasília,5300108,,,3207,,,-16.004059,-48.059516,,,,1,2023-06-15T18:19:42+00:00
BRA_229601,Brasília,5300108,,Pioneira,784.3,https://moovitapp.com/index/pt-br/transporte_p%C3%BAblico-line-784_3-Brasilia-1702-851941-46904557-0,-1.0,-15.74693,-47.782534,,,,1,2023-06-13T16:18:12+00:00
BRA_229644,Brasília,5300108,,Pioneira,0.762,https://moovitapp.com/index/pt-br/transporte_p%C3%BAblico-line-0_762-Brasilia-1702-851941-576189-0,-1.0,-15.782299,-47.785001,,,,2,2023-06-15T18:19:54+00:00
BRA_229423,Brasília,5300108,,Pioneira,0.255,https://moovitapp.com/index/pt-br/transporte_p%C3%BAblico-line-0_255-Brasilia-1702-851941-706978-0,-1.0,-15.880882,-48.056667,,,,2,2023-06-15T18:20:24+00:00
BRA_225657,Brasília,5300108,,,2201,,,-15.879941,-47.959695,,,,1,2023-06-15T18:19:50+00:00
BRA_232360,Brasília,5300108,,Pioneira,251.8,https://moovitapp.com/index/pt-br/transporte_p%C3%BAblico-line-251_8-Brasilia-1702-851941-708654-0,-1.0,-16.046816,-48.040201,,,,1,2023-06-15T18:20:58+00:00
BRA_228966,Brasília,5300108,,Pioneira,2207,https://moovitapp.com/index/pt-br/transporte_p%C3%BAblico-line-2207-Brasilia-1702-851941-422078-0,-1.0,-15.820823,-47.917517,,,,1,2023-06-15T18:19:06+00:00
BRA_229890,Brasília,5300108,,Pioneira,180.2,https://moovitapp.com/index/pt-br/transporte_p%C3%BAblico-line-180_2-Brasilia-1702-851941-514539-0,-1.0,-15.80435,-47.854511,,,,2,2023-06-15T18:19:44+00:00
BRA_228257,Brasília,5300108,,Pioneira,0.225,https://moovitapp.com/index/pt-br/transporte_p%C3%BAblico-line-0_225-Brasilia-1702-851941-510253-0,-1.0,-15.788622,-48.135002,,,,1,2023-06-15T18:20:04+00:00
BRA_229113,Brasília,5300108,,Pioneira,0.255,https://moovitapp.com/index/pt-br/transporte_p%C3%BAblico-line-0_255-Brasilia-1702-851941-706978-0,-1.0,-16.042102,-48.02636,,,,2,2023-06-15T18:20:32+00:00
BRA_225738,Brasília,5300108,,Pioneira,764.2,https://moovitapp.com/index/pt-br/transporte_p%C3%BAblico-line-764_2-Brasilia-1702-851941-527246-0,-1.0,-15.751425,-47.763416,,,,2,2023-06-15T18:19:28+00:00
BRA_228371,Brasília,5300108,,Pioneira,0.253,https://moovitapp.com/index/pt-br/transporte_p%C3%BAblico-line-0_253-Brasilia-1702-851941-510254-0,-1.0,-15.826192,-48.079295,,,,1,2023-06-15T18:19:12+00:00
BRA_229717,Brasília,5300108,,Urbi,0.129,https://moovitapp.com/index/pt-br/transporte_p%C3%BAblico-line-0_129-Brasilia-1702-851595-775097-0,-1.0,-15.760218,-47.781562,,,,1,2023-06-15T18:19:28+00:00
BRA_232351,Brasília,5300108,,,3301,,,-16.042464,-48.019023,,,,1,2023-06-15T18:19:58+00:00
BRA_227803,Brasília,5300108,,Pioneira,147.4,https://moovitapp.com/index/pt-br/transporte_p%C3%BAblico-line-147_4-Brasilia-1702-851941-574204-0,-1.0,-15.73342,-47.893917,,,,1,2023-06-15T18:20:00+00:00
BRA_230090,Brasília,5300108,,Taguatur,3302,https://moovitapp.com/index/pt-br/transporte_p%C3%BAblico-line-3302-Brasilia-1702-854428-3135322-0,-1.0,-16.021747,-48.025063,,,,1,2023-06-15T18:20:28+00:00
BRA_225975,Brasília,5300108,,,2202,,,-15.898089,-47.962442,,,,2,2023-06-15T18:20:20+00:00
BRA_229903,Brasília,5300108,,Pioneira,160.3,https://moovitapp.com/index/pt-br/transporte_p%C3%BAblico-line-160_3-Brasilia-1702-851941-242910-0,-1.0,-15.853224,-47.954933,,,,1,2023-06-15T18:20:08+00:00
BRA_229181,Brasília,5300108,,Pioneira,0.255,https://moovitapp.com/index/pt-br/transporte_p%C3%BAblico-line-0_255-Brasilia-1702-851941-706978-0,-1.0,-15.807649,-48.066109,,,,2,2023-06-15T18:19:48+00:00
BRA_227986,Brasília,5300108,,Pioneira,147.5,https://moovitapp.com/index/pt-br/transporte_p%C3%BAblico-line-147_5-Brasilia-1702-851941-519406-0,-1.0,-15.90378,-47.769018,,,,2,2023-06-15T18:19:36+00:00
BRA_231452,Brasília,5300108,,Pioneira,784.3,https://moovitapp.com/index/pt-br/transporte_p%C3%BAblico-line-784_3-Brasilia-1702-851941-46904557-0,-1.0,-15.771942,-47.779673,,,,1,2023-06-15T18:20:18+00:00
BRA_229695,Brasília,5300108,,Pioneira,0.765,https://moovitapp.com/index/pt-br/transporte_p%C3%BAblico-line-0_765-Brasilia-1702-851941-576190-0,-1.0,-15.752891,-47.780042,,,,2,2023-06-15T18:20:24+00:00
BRA_229911,Brasília,5300108,,Pioneira,205.1,https://moovitapp.com/index/pt-br/transporte_p%C3%BAblico-line-205_1-Brasilia-1702-851941-393571-0,-1.0,-15.809019,-48.085856,,,,2,2023-06-15T18:19:38+00:00
BRA_226777,Brasília,5300108,,Pioneira,760.1,https://moovitapp.com/index/pt-br/transporte_p%C3%BAblico-line-760_1-Brasilia-1702-851941-576193-0,-1.0,-15.78126,-47.795097,,,,2,2023-06-15T18:19:48+00:00
BRA_229962,Brasília,5300108,,,3204,,,-16.009362,-48.053482,,,,1,2023-06-15T18:19:52+00:00
BRA_227951,Brasília,5300108,,Pioneira,170.4,https://moovitapp.com/index/pt-br/transporte_p%C3%BAblico-line-170_4-Brasilia-1702-851941-379787-0,-1.0,-15.990788,-47.813484,,,,1,2023-06-15T18:19:32+00:00
BRA_227579,Brasília,5300108,,Pioneira,147.2,https://moovitapp.com/index/pt-br/transporte_p%C3%BAblico-line-147_2-Brasilia-1702-851941-519403-0,-1.0,-15.827413,-47.926679,,,,2,2023-06-15T18:20:06+00:00
BRA_228176,Brasília,5300108,,Pioneira,205.1,https://moovitapp.com/index/pt-br/transporte_p%C3%BAblico-line-205_1-Brasilia-1702-851941-393571-0,-1.0,-16.031366,-48.059528,,,,1,2023-06-15T18:20:00+00:00
BRA_232017,Brasília,5300108,,Pioneira,197.3,https://moovitapp.com/index/pt-br/transporte_p%C3%BAblico-line-197_3-Brasilia-1702-851941-519409-0,-1.0,-15.843852,-47.850385,,,,1,2023-06-15T18:20:18+00:00
BRA_229288,Brasília,5300108,,Pioneira,2207,https://moovitapp.com/index/pt-br/transporte_p%C3%BAblico-line-2207-Brasilia-1702-851941-422078-0,-1.0,-15.87338,-47.953751,,,,1,2023-06-15T18:20:54+00:00
BRA_231771,Brasília,5300108,,Pioneira,759.1,https://moovitapp.com/index/pt-br/transporte_p%C3%BAblico-line-759_1-Brasilia-1702-851941-616183-0,-1.0,-15.739072,-47.898768,,,,2,2023-06-15T18:19:46+00:00
BRA_232530,Brasília,5300108,,Pioneira,2211,https://moovitapp.com/index/pt-br/transporte_p%C3%BAblico-line-2211-Brasilia-1702-851941-57764371-0,-1.0,-15.809677,-47.948569,,,,1,2023-06-15T18:19:44+00:00
BRA_228788,Brasília,5300108,,Pioneira,100.3,https://moovitapp.com/index/pt-br/transporte_p%C3%BAblico-line-100_3-Brasilia-1702-851941-419631-0,-1.0,-15.760662,-47.781587,,,,2,2023-06-15T18:20:14+00:00
BRA_226971,Brasília,5300108,,Pioneira,764.2,https://moovitapp.com/index/pt-br/transporte_p%C3%BAblico-line-764_2-Brasilia-1702-851941-527246-0,-1.0,-15.760277,-47.781244,,,,1,2023-06-15T18:20:06+00:00
BRA_226718,Brasília,5300108,,Pioneira,759.1,https://moovitapp.com/index/pt-br/transporte_p%C3%BAblico-line-759_1-Brasilia-1702-851941-616183-0,-1.0,-15.719104,-47.883465,,,,2,2023-06-15T18:20:12+00:00
BRA_230081,Brasília,5300108,,Pioneira,3307,https://moovitapp.com/index/pt-br/transporte_p%C3%BAblico-line-3307-Brasilia-1702-851941-519400-0,-1.0,-16.018177,-47.990829,,,,1,2023-06-15T18:20:20+00:00
BRA_227919,Brasília,5300108,,,3201,,,-16.038274,-48.061461,,,,1,2023-06-15T18:20:04+00:00
BRA_229628,Brasília,5300108,,Pioneira,0.763,https://moovitapp.com/index/pt-br/transporte_p%C3%BAblico-line-0_763-Brasilia-1702-851941-468878-0,-1.0,-15.76018,-47.781485,,,,2,2023-06-15T18:20:18+00:00
BRA_225690,Brasília,5300108,,Pioneira,764.2,https://moovitapp.com/index/pt-br/transporte_p%C3%BAblico-line-764_2-Brasilia-1702-851941-527246-0,-1.0,-15.794349,-47.78338,,,,1,2023-06-15T18:21:14+00:00
BRA_225576,Brasília,5300108,,UTB,2302,https://moovitapp.com/index/pt-br/transporte_p%C3%BAblico-line-2302-Brasilia-1702-854427-744298-0,-1.0,-15.887073,-47.960763,,,,2,2023-06-15T18:20:48+00:00
BRA_226734,Brasília,5300108,,Pioneira,100.2,https://moovitapp.com/index/pt-br/transporte_p%C3%BAblico-line-100_2-Brasilia-1702-851941-620160-0,-1.0,-15.759185,-47.780627,,,,1,2023-06-15T18:19:10+00:00
BRA_227366,Brasília,5300108,,,2202,,,-15.830161,-47.920181,,,,2,2023-06-15T18:20:20+00:00
BRA_79448,Brasília,5300108,,Urbi,0.808,https://moovitapp.com/index/pt-br/transporte_p%C3%BAblico-line-0_808-Brasilia-1702-851595-372359-0,-1.0,-15.933199,-48.108566,,,,1,2023-06-15T18:19:22+00:00
BRA_77704,Brasília,5300108,,Urbi,0.808,https://moovitapp.com/index/pt-br/transporte_p%C3%BAblico-line-0_808-Brasilia-1702-851595-372359-0,-1.0,-15.905498,-48.07843,,,,1,2023-06-15T18:07:50+00:00
BRA_77097,Brasília,5300108,,Urbi,0.818,https://moovitapp.com/index/pt-br/transporte_p%C3%BAblico-line-0_818-Brasilia-1702-851595-242550-0,-1.0,-15.751947,-47.924568,,,,1,2023-06-15T18:19:32+00:00
BRA_77356,Brasília,5300108,,Urbi,818.1,https://moovitapp.com/index/pt-br/transporte_p%C3%BAblico-line-818_1-Brasilia-1702-851595-242639-0,-1.0,-15.899118,-48.054353,,,,1,2023-06-15T18:20:28+00:00
BRA_77283,Brasília,5300108,,Urbi,0.873,https://moovitapp.com/index/pt-br/transporte_p%C3%BAblico-line-0_873-Brasilia-1702-851595-510238-0,-1.0,-15.916419,-48.062383,,,,1,2023-06-15T18:20:08+00:00
BRA_77071,Brasília,5300108,,Urbi,0.883,https://moovitapp.com/index/pt-br/transporte_p%C3%BAblico-line-0_883-Brasilia-1702-851595-510239-0,-1.0,-15.819039,-48.107848,,,,1,2023-06-15T18:19:46+00:00
BRA_78441,Brasília,5300108,,Urbi,0.397,https://moovitapp.com/index/pt-br/transporte_p%C3%BAblico-line-0_397-Brasilia-1702-851595-890857-0,-1.0,-15.840576,-48.075537,,,,2,2023-06-15T18:18:04+00:00
BRA_78719,Brasília,5300108,,Urbi,397.2,https://moovitapp.com/index/pt-br/transporte_p%C3%BAblico-line-397_2-Brasilia-1702-851595-890938-0,-1.0,-15.787859,-48.134398,,,,2,2023-06-15T18:02:20+00:00
BRA_710369,Brasília,5300108,,São José,0.310,https://moovitapp.com/index/pt-br/transporte_p%C3%BAblico-line-0_310-Brasilia-1702-851943-775131-0,-1.0,-15.815266,-48.102094,,,,2,2023-06-15T18:19:54+00:00
BRA_710415,Brasília,5300108,,São José,0.310,https://moovitapp.com/index/pt-br/transporte_p%C3%BAblico-line-0_310-Brasilia-1702-851943-775131-0,-1.0,-15.787665,-48.134595,,,,1,2023-06-13T02:43:20+00:00
BRA_79171,Brasília,5300108,,São José,0.312,https://moovitapp.com/index/pt-br/transporte_p%C3%BAblico-line-0_312-Brasilia-1702-851943-706987-0,-1.0,-15.787708,-48.125256,,,,1,2023-06-15T17:56:14+00:00
BRA_710407,Brasília,5300108,,São José,0.323,https://moovitapp.com/index/pt-br/transporte_p%C3%BAblico-line-0_323-Brasilia-1702-851943-775132-0,-1.0,-15.830531,-48.0398,,,,1,2023-06-15T18:19:56+00:00
BRA_75973,Brasília,5300108,,São José,0.333,https://moovitapp.com/index/pt-br/transporte_p%C3%BAblico-line-0_333-Brasilia-1702-851943-527247-0,-1.0,-15.835972,-48.089143,,,,1,2023-06-15T18:19:26+00:00
BRA_710393,Brasília,5300108,,São José,0.335,https://moovitapp.com/index/pt-br/transporte_p%C3%BAblico-line-0_335-Brasilia-1702-851943-775135-0,-1.0,-15.810488,-47.946884,,,,1,2023-06-15T18:19:38+00:00
BRA_710474,Brasília,5300108,,São José,0.335,https://moovitapp.com/index/pt-br/transporte_p%C3%BAblico-line-0_335-Brasilia-1702-851943-775135-0,-1.0,-15.787873,-48.133489,,,,1,2023-06-15T18:19:56+00:00
BRA_77062,Brasília,5300108,,Urbi,0.812,https://moovitapp.com/index/pt-br/transporte_p%C3%BAblico-line-0_812-Brasilia-1702-851595-697958-0,-1.0,-15.835239,-48.082518,,,,1,2023-06-15T18:20:06+00:00
BRA_76783,Brasília,5300108,,Urbi,0.346,https://moovitapp.com/index/pt-br/transporte_p%C3%BAblico-line-0_346-Brasilia-1702-851595-46461186-0,-1.0,-15.799127,-48.14836,,,,1,2023-06-13T01:50:28+00:00
BRA_710571,Brasília,5300108,,São José,0.374,https://moovitapp.com/index/pt-br/transporte_p%C3%BAblico-line-0_374-Brasilia-1702-851943-775138-0,-1.0,-15.827441,-48.031192,,,,2,2023-06-15T18:19:48+00:00
BRA_710539,Brasília,5300108,,São José,0.375,https://moovitapp.com/index/pt-br/transporte_p%C3%BAblico-line-0_375-Brasilia-1702-851943-39496914-0,-1.0,-15.80794,-47.963434,,,,1,2023-06-15T18:19:58+00:00
BRA_78140,Brasília,5300108,,São José,0.343,https://moovitapp.com/index/pt-br/transporte_p%C3%BAblico-line-0_343-Brasilia-1702-851943-706996-0,-1.0,-15.788474,-48.134894,,,,2,2023-06-15T18:19:42+00:00
BRA_500089,Brasília,5300108,,São José,0.411,https://moovitapp.com/index/pt-br/transporte_p%C3%BAblico-line-0_411-Brasilia-1702-851943-788977-0,-1.0,-15.687302,-48.205479,,,,1,2023-06-15T17:26:34+00:00
BRA_78549,Brasília,5300108,,São José,0.362,https://moovitapp.com/index/pt-br/transporte_p%C3%BAblico-line-0_362-Brasilia-1702-851943-707001-0,-1.0,-15.840611,-48.09901,,,,1,2023-06-15T18:20:06+00:00
BRA_78590,Brasília,5300108,,São José,0.362,https://moovitapp.com/index/pt-br/transporte_p%C3%BAblico-line-0_362-Brasilia-1702-851943-707001-0,-1.0,-15.787918,-48.134583,,,,1,2023-06-15T18:19:48+00:00
BRA_77852,Brasília,5300108,,São José,0.371,https://moovitapp.com/index/pt-br/transporte_p%C3%BAblico-line-0_371-Brasilia-1702-851943-470770-0,-1.0,-15.795501,-48.108554,,,,2,2023-06-15T16:59:14+00:00
BRA_75841,Brasília,5300108,,São José,0.906,https://moovitapp.com/index/pt-br/transporte_p%C3%BAblico-line-0_906-Brasilia-1702-851943-3944979-0,-1.0,-15.790582,-47.980295,,,,2,2023-06-15T18:20:14+00:00
BRA_710342,Brasília,5300108,,São José,0.920,https://moovitapp.com/index/pt-br/transporte_p%C3%BAblico-line-0_920-Brasilia-1702-851943-707019-0,-1.0,-15.836131,-48.086575,,,,1,2023-06-15T17:59:26+00:00
BRA_78921,Brasília,5300108,,São José,0.929,https://moovitapp.com/index/pt-br/transporte_p%C3%BAblico-line-0_929-Brasilia-1702-851943-5294667-0,-1.0,-15.787948,-48.134563,,,,1,2023-06-15T18:19:28+00:00
BRA_78042,Brasília,5300108,,São José,0.949,https://moovitapp.com/index/pt-br/transporte_p%C3%BAblico-line-0_949-Brasilia-1702-851943-707026-0,-1.0,-15.788061,-48.135008,,,,1,2023-06-15T18:14:20+00:00
BRA_79049,Brasília,5300108,,São José,0.926,https://moovitapp.com/index/pt-br/transporte_p%C3%BAblico-line-0_926-Brasilia-1702-851943-775154-0,-1.0,-15.823515,-48.114581,,,,1,2023-06-15T11:23:02+00:00
BRA_79880,Brasília,5300108,,São José,0.927,https://moovitapp.com/index/pt-br/transporte_p%C3%BAblico-line-0_927-Brasilia-1702-851943-775155-0,-1.0,-15.81158,-48.093587,,,,1,2023-06-15T18:19:22+00:00
BRA_79529,Brasília,5300108,,São José,364.1,https://moovitapp.com/index/pt-br/transporte_p%C3%BAblico-line-364_1-Brasilia-1702-851943-789941-0,-1.0,-15.828137,-48.145493,,,,1,2023-06-15T18:20:00+00:00
BRA_77798,Brasília,5300108,,São José,364.2,https://moovitapp.com/index/pt-br/transporte_p%C3%BAblico-line-364_2-Brasilia-1702-851943-707050-0,-1.0,-15.794051,-48.111853,,,,1,2023-06-15T14:36:06+00:00
BRA_78221,Brasília,5300108,,São José,949.1,https://moovitapp.com/index/pt-br/transporte_p%C3%BAblico-line-949_1-Brasilia-1702-851943-707069-0,-1.0,-15.805289,-48.07527,,,,1,2023-06-15T18:01:40+00:00
BRA_78603,Brasília,5300108,,São José,949.1,https://moovitapp.com/index/pt-br/transporte_p%C3%BAblico-line-949_1-Brasilia-1702-851943-707069-0,-1.0,-15.877482,-48.010465,,,,1,2023-06-15T18:19:26+00:00
BRA_78051,Brasília,5300108,,São José,949.1,https://moovitapp.com/index/pt-br/transporte_p%C3%BAblico-line-949_1-Brasilia-1702-851943-707069-0,-1.0,-15.787902,-48.134405,,,,1,2023-06-15T16:12:34+00:00
BRA_74951,Brasília,5300108,,São José,332.1,https://moovitapp.com/index/pt-br/transporte_p%C3%BAblico-line-332_1-Brasilia-1702-851943-2068455-0,-1.0,-15.804238,-48.138276,,,,1,2023-06-15T11:33:52+00:00
BRA_76163,Brasília,5300108,,São José,332.1,https://moovitapp.com/index/pt-br/transporte_p%C3%BAblico-line-332_1-Brasilia-1702-851943-2068455-0,-1.0,-15.807467,-48.082003,,,,1,2023-06-15T18:20:12+00:00
BRA_78514,Brasília,5300108,,São José,338.1,https://moovitapp.com/index/pt-br/transporte_p%C3%BAblico-line-338_1-Brasilia-1702-851943-707044-0,-1.0,-15.788681,-47.873451,,,,2,2023-06-15T18:19:54+00:00
BRA_711217,Brasília,5300108,,São José,0.159,https://moovitapp.com/index/pt-br/transporte_p%C3%BAblico-line-0_159-Brasilia-1702-851943-375523-0,-1.0,-15.821899,-48.113494,,,,1,2023-06-15T18:19:16+00:00
BRA_711209,Brasília,5300108,,São José,0.159,https://moovitapp.com/index/pt-br/transporte_p%C3%BAblico-line-0_159-Brasilia-1702-851943-375523-0,-1.0,-15.827994,-48.145295,,,,1,2023-06-15T18:19:52+00:00
BRA_711179,Brasília,5300108,,São José,0.159,https://moovitapp.com/index/pt-br/transporte_p%C3%BAblico-line-0_159-Brasilia-1702-851943-375523-0,-1.0,-15.820541,-48.12811,,,,1,2023-06-15T18:19:26+00:00
BRA_711225,Brasília,5300108,,São José,0.159,https://moovitapp.com/index/pt-br/transporte_p%C3%BAblico-line-0_159-Brasilia-1702-851943-375523-0,-1.0,-15.819127,-48.065568,,,,1,2023-06-15T18:20:22+00:00
BRA_77691,Brasília,5300108,,Urbi,0.393,https://moovitapp.com/index/pt-br/transporte_p%C3%BAblico-line-0_393-Brasilia-1702-851595-588805-0,-1.0,-15.877911,-48.089582,,,,1,2023-06-15T18:19:34+00:00
BRA_76988,Brasília,5300108,,Urbi,0.393,https://moovitapp.com/index/pt-br/transporte_p%C3%BAblico-line-0_393-Brasilia-1702-851595-588805-0,-1.0,-15.888691,-48.080916,,,,1,2023-06-15T18:19:26+00:00
BRA_77682,Brasília,5300108,,Urbi,398.1,https://moovitapp.com/index/pt-br/transporte_p%C3%BAblico-line-398_1-Brasilia-1702-851595-510241-0,-1.0,-15.902298,-48.128962,,,,1,2023-06-15T18:19:50+00:00
BRA_77623,Brasília,5300108,,Urbi,398.3,https://moovitapp.com/index/pt-br/transporte_p%C3%BAblico-line-398_3-Brasilia-1702-851595-706973-0,-1.0,-15.802606,-48.138766,,,,1,2023-06-15T18:19:54+00:00
BRA_77534,Brasília,5300108,,Urbi,0.844,https://moovitapp.com/index/pt-br/transporte_p%C3%BAblico-line-0_844-Brasilia-1702-851595-519386-0,-1.0,-15.881575,-48.124194,,,,1,2023-06-15T17:50:22+00:00
BRA_710873,Brasília,5300108,,São José,0.404,https://moovitapp.com/index/pt-br/transporte_p%C3%BAblico-line-0_404-Brasilia-1702-851943-783025-0,-1.0,-15.778222,-48.171019,,,,2,2023-06-15T18:19:50+00:00
BRA_711004,Brasília,5300108,,São José,0.406,https://moovitapp.com/index/pt-br/transporte_p%C3%BAblico-line-0_406-Brasilia-1702-851943-717430-0,-1.0,-15.686413,-48.193278,,,,2,2023-06-15T18:19:12+00:00
BRA_500135,Brasília,5300108,,São José,0.401,https://moovitapp.com/index/pt-br/transporte_p%C3%BAblico-line-0_401-Brasilia-1702-851943-788976-0,-1.0,-15.658743,-48.199235,,,,1,2023-06-15T18:19:30+00:00
BRA_500143,Brasília,5300108,,São José,0.401,https://moovitapp.com/index/pt-br/transporte_p%C3%BAblico-line-0_401-Brasilia-1702-851943-788976-0,-1.0,-15.829465,-48.058505,,,,1,2023-06-15T04:04:26+00:00
BRA_500020,Brasília,5300108,,São José,0.402,https://moovitapp.com/index/pt-br/transporte_p%C3%BAblico-line-0_402-Brasilia-1702-851943-781335-0,-1.0,-15.731002,-48.16866,,,,1,2023-06-15T18:15:42+00:00
BRA_500321,Brasília,5300108,,São José,0.423,https://moovitapp.com/index/pt-br/transporte_p%C3%BAblico-line-0_423-Brasilia-1702-851943-783027-0,-1.0,-15.782639,-47.940552,,,,2,2023-06-15T18:20:20+00:00
BRA_76431,Brasília,5300108,,São José,928.1,https://moovitapp.com/index/pt-br/transporte_p%C3%BAblico-line-928_1-Brasilia-1702-851943-707067-0,-1.0,-15.805322,-48.13518,,,,1,2023-06-15T18:20:08+00:00
BRA_78182,Brasília,5300108,,São José,0.360,https://moovitapp.com/index/pt-br/transporte_p%C3%BAblico-line-0_360-Brasilia-1702-851943-707000-0,-1.0,-15.807405,-48.107931,,,,1,2023-06-15T17:55:56+00:00
BRA_75710,Brasília,5300108,,São José,364.3,https://moovitapp.com/index/pt-br/transporte_p%C3%BAblico-line-364_3-Brasilia-1702-851943-707051-0,-1.0,-15.82804,-48.145346,,,,1,2023-06-15T18:19:48+00:00
BRA_500054,Brasília,5300108,,São José,0.420,https://moovitapp.com/index/pt-br/transporte_p%C3%BAblico-line-0_420-Brasilia-1702-851943-783026-0,-1.0,-15.678267,-48.200189,,,,1,2023-06-15T18:19:54+00:00
BRA_711306,Brasília,5300108,,São José,158.6,https://moovitapp.com/index/pt-br/transporte_p%C3%BAblico-line-158_6-Brasilia-1702-851943-427161-0,-1.0,-15.793056,-47.882079,,,,1,2023-06-15T18:19:20+00:00
BRA_77330,Brasília,5300108,,Urbi,0.038,https://moovitapp.com/index/pt-br/transporte_p%C3%BAblico-line-0_038-Brasilia-1702-851595-687419-0,-1.0,-15.821385,-47.950438,,,,1,2023-06-15T10:54:32+00:00
BRA_77321,Brasília,5300108,,Urbi,084.1,https://moovitapp.com/index/pt-br/transporte_p%C3%BAblico-line-084_1-Brasilia-1702-851595-466292-0,-1.0,-15.796733,-47.945288,,,,2,2023-06-15T18:19:48+00:00
BRA_79782,Brasília,5300108,,São José,0.049,https://moovitapp.com/index/pt-br/transporte_p%C3%BAblico-line-0_049-Brasilia-1702-851943-775130-0,-1.0,-15.827287,-48.037912,,,,1,2023-06-15T18:20:14+00:00
BRA_77585,Brasília,5300108,,Urbi,0.053,https://moovitapp.com/index/pt-br/transporte_p%C3%BAblico-line-0_053-Brasilia-1702-851595-588803-0,-1.0,-15.895764,-48.123011,,,,1,2023-06-15T18:19:58+00:00
BRA_77607,Brasília,5300108,,Urbi,0.053,https://moovitapp.com/index/pt-br/transporte_p%C3%BAblico-line-0_053-Brasilia-1702-851595-588803-0,-1.0,-15.802113,-48.06457,,,,1,2023-06-15T18:19:12+00:00
BRA_711292,Brasília,5300108,,São José,0.092,https://moovitapp.com/index/pt-br/transporte_p%C3%BAblico-line-0_092-Brasilia-1702-851943-496589-0,-1.0,-15.818512,-48.057615,,,,2,2023-06-15T18:19:58+00:00
BRA_79197,Brasília,5300108,,São José,406.1,https://moovitapp.com/index/pt-br/transporte_p%C3%BAblico-line-406_1-Brasilia-1702-851943-707061-0,-1.0,-15.681186,-48.190449,,,,1,2023-06-15T10:58:16+00:00
BRA_710962,Brasília,5300108,,São José,406.1,https://moovitapp.com/index/pt-br/transporte_p%C3%BAblico-line-406_1-Brasilia-1702-851943-707061-0,-1.0,-15.673138,-48.200888,,,,1,2023-06-15T18:19:56+00:00
BRA_77909,Brasília,5300108,,São José,963.1,https://moovitapp.com/index/pt-br/transporte_p%C3%BAblico-line-963_1-Brasilia-1702-851943-669629-0,-1.0,-15.79374,-48.163555,,,,1,2023-06-15T18:19:16+00:00
BRA_79189,Brasília,5300108,,Urbi,0.886,https://moovitapp.com/index/pt-br/transporte_p%C3%BAblico-line-0_886-Brasilia-1702-851595-704024-0,-1.0,-15.817871,-48.105133,,,,1,2023-06-14T22:31:20+00:00
BRA_76406,Brasília,5300108,,São José,928.3,https://moovitapp.com/index/pt-br/transporte_p%C3%BAblico-line-928_3-Brasilia-1702-851943-707068-0,-1.0,-15.823456,-48.126769,,,,2,2023-06-15T18:20:04+00:00
BRA_79383,Brasília,5300108,,São José,157.5,https://moovitapp.com/index/pt-br/transporte_p%C3%BAblico-line-157_5-Brasilia-1702-851943-57327146-0,-1.0,-15.824472,-47.977573,,,,2,2023-06-15T18:15:30+00:00
BRA_711039,Brasília,5300108,,São José,423.1,https://moovitapp.com/index/pt-br/transporte_p%C3%BAblico-line-423_1-Brasilia-1702-851943-1399511-0,-1.0,-15.674896,-48.105127,,,,1,2023-06-15T09:58:54+00:00
BRA_76651,Brasília,5300108,,São José,928.2,https://moovitapp.com/index/pt-br/transporte_p%C3%BAblico-line-928_2-Brasilia-1702-851943-3945090-0,-1.0,-15.808643,-48.157248,,,,1,2023-06-15T18:20:04+00:00
BRA_79901,Brasília,5300108,,São José,929.1,https://moovitapp.com/index/pt-br/transporte_p%C3%BAblico-line-929_1-Brasilia-1702-851943-5294764-0,-1.0,-15.785675,-48.139084,,,,1,2023-06-15T18:18:52+00:00
BRA_78522,Brasília,5300108,,São José,929.2,https://moovitapp.com/index/pt-br/transporte_p%C3%BAblico-line-929_2-Brasilia-1702-851943-5294765-0,-1.0,-15.79878,-48.13553,,,,1,2023-06-15T18:20:00+00:00
BRA_79693,Brasília,5300108,,São José,929.3,https://moovitapp.com/index/pt-br/transporte_p%C3%BAblico-line-929_3-Brasilia-1702-851943-5294766-0,-1.0,-15.807546,-48.142949,,,,1,2023-06-15T18:19:32+00:00
BRA_120553,Brasília,5300108,,Piracicabana,153.2,https://moovitapp.com/index/pt-br/transporte_p%C3%BAblico-line-153_2-Brasilia-1702-850942-775093-0,-1.0,-15.77448,-47.90736,,,,1,2023-06-12T08:11:22+00:00
BRA_118516,Brasília,5300108,,Piracicabana,067.3,https://moovitapp.com/index/pt-br/transporte_p%C3%BAblico-line-067_3-Brasilia-1702-850942-339294-0,-1.0,-15.77436,-47.90843,,,,1,2023-06-12T14:32:25+00:00
BRA_119954,Brasília,5300108,,Piracicabana,0.128,https://moovitapp.com/index/pt-br/transporte_p%C3%BAblico-line-0_128-Brasilia-1702-850942-382511-0,-1.0,-15.80656,-47.89925,,,,1,2023-06-13T22:09:14+00:00
BRA_119156,Brasília,5300108,,Piracicabana,063.1,https://moovitapp.com/index/pt-br/transporte_p%C3%BAblico-line-063_1-Brasilia-1702-850942-339291-0,-1.0,-15.78566,-47.88765,,,,1,2023-06-14T00:26:39+00:00
BRA_118630,Brasília,5300108,,Piracicabana,067.3,https://moovitapp.com/index/pt-br/transporte_p%C3%BAblico-line-067_3-Brasilia-1702-850942-339294-0,-1.0,-15.64374,-47.76155,,,,,2023-06-14T19:15:02+00:00
BRA_120235,Brasília,5300108,,Piracicabana,640.2,https://moovitapp.com/index/pt-br/transporte_p%C3%BAblico-line-640_2-Brasilia-1702-850942-697957-0,-1.0,-15.64367,-47.75837,,,,,2023-06-15T12:17:29+00:00
BRA_117463,Brasília,5300108,,Piracicabana,501.3,https://moovitapp.com/index/pt-br/transporte_p%C3%BAblico-line-501_3-Brasilia-1702-850942-242472-0,-1.0,-15.64676,-47.82278,,,,,2023-06-15T13:31:00+00:00
BRA_119873,Brasília,5300108,,Piracicabana,600.7,https://moovitapp.com/index/pt-br/transporte_p%C3%BAblico-line-600_7-Brasilia-1702-850942-698442-0,-1.0,-15.82122,-47.91824,,,,,2023-06-15T14:21:38+00:00
BRA_118923,Brasília,5300108,,Piracicabana,152.2,https://moovitapp.com/index/pt-br/transporte_p%C3%BAblico-line-152_2-Brasilia-1702-850942-504334-0,-1.0,-15.80615,-47.93789,,,,,2023-06-15T16:36:58+00:00
BRA_118958,Brasília,5300108,,Piracicabana,640.2,https://moovitapp.com/index/pt-br/transporte_p%C3%BAblico-line-640_2-Brasilia-1702-850942-697957-0,-1.0,-15.71443,-47.89865,,,,,2023-06-15T16:37:09+00:00
BRA_119903,Brasília,5300108,,Piracicabana,156.6,https://moovitapp.com/index/pt-br/transporte_p%C3%BAblico-line-156_6-Brasilia-1702-850942-516629-0,-1.0,-15.79977,-47.91545,,,,,2023-06-15T16:53:44+00:00
BRA_116289,Brasília,5300108,,Piracicabana,611.1,https://moovitapp.com/index/pt-br/transporte_p%C3%BAblico-line-611_1-Brasilia-1702-850942-25771161-0,-1.0,-15.6415,-47.52784,,,,,2023-06-15T17:29:04+00:00
BRA_118338,Brasília,5300108,,Piracicabana,143.2,https://moovitapp.com/index/pt-br/transporte_p%C3%BAblico-line-143_2-Brasilia-1702-850942-556806-0,-1.0,-15.77446,-47.91026,,,,,2023-06-15T17:32:50+00:00
BRA_119687,Brasília,5300108,,Piracicabana,505.3,https://moovitapp.com/index/pt-br/transporte_p%C3%BAblico-line-505_3-Brasilia-1702-850942-352626-0,-1.0,-15.64647,-47.80912,,,,,2023-06-15T17:38:00+00:00
BRA_119202,Brasília,5300108,,Piracicabana,531.1,https://moovitapp.com/index/pt-br/transporte_p%C3%BAblico-line-531_1-Brasilia-1702-850942-476289-0,-1.0,-15.59041,-47.88058,,,,,2023-06-15T17:46:05+00:00
BRA_116505,Brasília,5300108,,Piracicabana,151.2,https://moovitapp.com/index/pt-br/transporte_p%C3%BAblico-line-151_2-Brasilia-1702-850942-242458-0,-1.0,-15.7573,-47.90811,,,,,2023-06-15T17:50:35+00:00
BRA_117510,Brasília,5300108,,Piracicabana,0.501,https://moovitapp.com/index/pt-br/transporte_p%C3%BAblico-line-0_501-Brasilia-1702-850942-663228-0,-1.0,-15.71694,-47.89829,,,,,2023-06-15T17:55:56+00:00
BRA_117641,Brasília,5300108,,Piracicabana,158.1,https://moovitapp.com/index/pt-br/transporte_p%C3%BAblico-line-158_1-Brasilia-1702-850942-775094-0,-1.0,-15.79375,-47.88054,,,,1,2023-06-15T17:58:24+00:00
BRA_120341,Brasília,5300108,,Piracicabana,0.116,https://moovitapp.com/index/pt-br/transporte_p%C3%BAblico-line-0_116-Brasilia-1702-850942-242381-0,-1.0,-15.78722,-47.88799,,,,,2023-06-15T18:00:17+00:00
BRA_117391,Brasília,5300108,,Piracicabana,0.169,https://moovitapp.com/index/pt-br/transporte_p%C3%BAblico-line-0_169-Brasilia-1702-850942-242393-0,-1.0,-15.78678,-47.91442,,,,,2023-06-15T18:02:21+00:00
BRA_119083,Brasília,5300108,,Piracicabana,0.515,https://moovitapp.com/index/pt-br/transporte_p%C3%BAblico-line-0_515-Brasilia-1702-850942-26501707-0,-1.0,-15.64661,-47.88923,,,,,2023-06-15T18:02:35+00:00
BRA_118974,Brasília,5300108,,Piracicabana,136.6,https://moovitapp.com/index/pt-br/transporte_p%C3%BAblico-line-136_6-Brasilia-1702-850942-773700-0,-1.0,-15.8366,-47.934,,,,1,2023-06-15T18:03:31+00:00
BRA_116751,Brasília,5300108,,Piracicabana,0.169,https://moovitapp.com/index/pt-br/transporte_p%C3%BAblico-line-0_169-Brasilia-1702-850942-242393-0,-1.0,-15.78668,-47.89914,,,,,2023-06-15T18:04:15+00:00
BRA_119504,Brasília,5300108,,Piracicabana,512.1,https://moovitapp.com/index/pt-br/transporte_p%C3%BAblico-line-512_1-Brasilia-1702-850942-474401-0,-1.0,-15.82972,-47.92992,,,,1,2023-06-15T18:04:27+00:00
BRA_119920,Brasília,5300108,,Piracicabana,158.1,https://moovitapp.com/index/pt-br/transporte_p%C3%BAblico-line-158_1-Brasilia-1702-850942-775094-0,-1.0,-15.77393,-48.00136,,,,,2023-06-15T18:07:54+00:00
BRA_117501,Brasília,5300108,,Piracicabana,501.3,https://moovitapp.com/index/pt-br/transporte_p%C3%BAblico-line-501_3-Brasilia-1702-850942-242472-0,-1.0,-15.6871,-47.85942,,,,,2023-06-15T18:08:55+00:00
BRA_119491,Brasília,5300108,,Piracicabana,0.515,https://moovitapp.com/index/pt-br/transporte_p%C3%BAblico-line-0_515-Brasilia-1702-850942-26501707-0,-1.0,-15.6458,-47.80285,,,,,2023-06-15T18:09:17+00:00
BRA_119415,Brasília,5300108,,Piracicabana,104.1,https://moovitapp.com/index/pt-br/transporte_p%C3%BAblico-line-104_1-Brasilia-1702-850942-242430-0,-1.0,-15.79392,-47.88181,,,,1,2023-06-15T18:10:13+00:00
BRA_120138,Brasília,5300108,,Piracicabana,158.1,https://moovitapp.com/index/pt-br/transporte_p%C3%BAblico-line-158_1-Brasilia-1702-850942-775094-0,-1.0,-15.77777,-47.99754,,,,1,2023-06-15T18:10:34+00:00
BRA_121061,Brasília,5300108,,Piracicabana,136.6,https://moovitapp.com/index/pt-br/transporte_p%C3%BAblico-line-136_6-Brasilia-1702-850942-773700-0,-1.0,-15.70896,-47.87943,,,,1,2023-06-15T18:10:42+00:00
BRA_117595,Brasília,5300108,,Piracicabana,062.9,https://moovitapp.com/index/pt-br/transporte_p%C3%BAblico-line-062_9-Brasilia-1702-850942-77230028-0,-1.0,-15.64964,-47.78628,,,,1,2023-06-15T18:12:13+00:00
BRA_115304,Brasília,5300108,,Piracicabana,102.6,https://moovitapp.com/index/pt-br/transporte_p%C3%BAblico-line-102_6-Brasilia-1702-850942-775091-0,-1.0,-15.83125,-47.93063,,,,,2023-06-15T18:12:45+00:00
BRA_120979,Brasília,5300108,,Piracicabana,640.2,https://moovitapp.com/index/pt-br/transporte_p%C3%BAblico-line-640_2-Brasilia-1702-850942-697957-0,-1.0,-15.61842,-47.65442,,,,1,2023-06-15T18:12:52+00:00
BRA_117331,Brasília,5300108,,Piracicabana,0.143,https://moovitapp.com/index/pt-br/transporte_p%C3%BAblico-line-0_143-Brasilia-1702-850942-470747-0,-1.0,-15.79367,-47.88294,,,,1,2023-06-15T18:13:00+00:00
BRA_120952,Brasília,5300108,,Piracicabana,0.509,https://moovitapp.com/index/pt-br/transporte_p%C3%BAblico-line-0_509-Brasilia-1702-850942-242397-0,-1.0,-15.68731,-47.85982,,,,,2023-06-15T18:13:27+00:00
BRA_120863,Brasília,5300108,,Piracicabana,099.1,https://moovitapp.com/index/pt-br/transporte_p%C3%BAblico-line-099_1-Brasilia-1702-850942-775090-0,-1.0,-15.77464,-47.90774,,,,1,2023-06-15T18:14:16+00:00
BRA_121045,Brasília,5300108,,Piracicabana,115.1,https://moovitapp.com/index/pt-br/transporte_p%C3%BAblico-line-115_1-Brasilia-1702-850942-242436-0,-1.0,-15.79377,-47.88173,,,,1,2023-06-15T18:14:55+00:00
BRA_119288,Brasília,5300108,,Piracicabana,0.509,https://moovitapp.com/index/pt-br/transporte_p%C3%BAblico-line-0_509-Brasilia-1702-850942-242397-0,-1.0,-15.81498,-47.89701,,,,1,2023-06-15T18:14:55+00:00
BRA_119598,Brasília,5300108,,Piracicabana,0.517,https://moovitapp.com/index/pt-br/transporte_p%C3%BAblico-line-0_517-Brasilia-1702-850942-242400-0,-1.0,-15.70555,-47.89026,,,,,2023-06-15T18:15:00+00:00
BRA_120065,Brasília,5300108,,Piracicabana,067.3,https://moovitapp.com/index/pt-br/transporte_p%C3%BAblico-line-067_3-Brasilia-1702-850942-339294-0,-1.0,-15.61865,-47.65393,,,,,2023-06-15T18:15:38+00:00
BRA_119024,Brasília,5300108,,Piracicabana,115.1,https://moovitapp.com/index/pt-br/transporte_p%C3%BAblico-line-115_1-Brasilia-1702-850942-242436-0,-1.0,-15.79313,-47.88193,,,,1,2023-06-15T18:15:47+00:00
BRA_119008,Brasília,5300108,,Piracicabana,158.1,https://moovitapp.com/index/pt-br/transporte_p%C3%BAblico-line-158_1-Brasilia-1702-850942-775094-0,-1.0,-15.81072,-47.9432,,,,,2023-06-15T18:16:17+00:00
BRA_120260,Brasília,5300108,,Piracicabana,116.2,https://moovitapp.com/index/pt-br/transporte_p%C3%BAblico-line-116_2-Brasilia-1702-850942-60842780-0,-1.0,-15.79318,-47.88225,,,,1,2023-06-15T18:16:21+00:00
BRA_118303,Brasília,5300108,,Piracicabana,116.2,https://moovitapp.com/index/pt-br/transporte_p%C3%BAblico-line-116_2-Brasilia-1702-850942-60842780-0,-1.0,-15.73643,-47.90689,,,,1,2023-06-15T18:16:37+00:00
BRA_116955,Brasília,5300108,,Piracicabana,601.1,https://moovitapp.com/index/pt-br/transporte_p%C3%BAblico-line-601_1-Brasilia-1702-850942-322377-0,-1.0,-15.61095,-47.65486,,,,1,2023-06-15T18:17:06+00:00
BRA_117480,Brasília,5300108,,Piracicabana,512.1,https://moovitapp.com/index/pt-br/transporte_p%C3%BAblico-line-512_1-Brasilia-1702-850942-474401-0,-1.0,-15.78382,-47.88772,,,,,2023-06-15T18:17:19+00:00
BRA_116769,Brasília,5300108,,Piracicabana,151.2,https://moovitapp.com/index/pt-br/transporte_p%C3%BAblico-line-151_2-Brasilia-1702-850942-242458-0,-1.0,-15.7951,-47.93389,,,,,2023-06-15T18:17:29+00:00
BRA_119466,Brasília,5300108,,Piracicabana,519.2,https://moovitapp.com/index/pt-br/transporte_p%C3%BAblico-line-519_2-Brasilia-1702-850942-242483-0,-1.0,-15.6638,-47.84241,,,,,2023-06-15T18:17:54+00:00
BRA_118702,Brasília,5300108,,Piracicabana,110.2,https://moovitapp.com/index/pt-br/transporte_p%C3%BAblico-line-110_2-Brasilia-1702-850942-339295-0,-1.0,-15.79431,-47.88189,,,,1,2023-06-15T18:18:00+00:00
BRA_118931,Brasília,5300108,,Piracicabana,0.114,https://moovitapp.com/index/pt-br/transporte_p%C3%BAblico-line-0_114-Brasilia-1702-850942-242379-0,-1.0,-15.79463,-47.88295,,,,1,2023-06-15T18:18:02+00:00
BRA_116718,Brasília,5300108,,Piracicabana,0.024,https://moovitapp.com/index/pt-br/transporte_p%C3%BAblico-line-0_024-Brasilia-1702-850942-781320-0,-1.0,-15.78864,-47.89385,,,,,2023-06-15T18:18:09+00:00
BRA_118877,Brasília,5300108,,Piracicabana,0.152,https://moovitapp.com/index/pt-br/transporte_p%C3%BAblico-line-0_152-Brasilia-1702-850942-504333-0,-1.0,-15.80923,-47.93579,,,,1,2023-06-15T18:18:20+00:00
BRA_120944,Brasília,5300108,,Piracicabana,620.1,https://moovitapp.com/index/pt-br/transporte_p%C3%BAblico-line-620_1-Brasilia-1702-850942-697955-0,-1.0,-15.79403,-47.88193,,,,1,2023-06-15T18:18:28+00:00
BRA_116866,Brasília,5300108,,Piracicabana,0.022,https://moovitapp.com/index/pt-br/transporte_p%C3%BAblico-line-0_022-Brasilia-1702-850942-788975-0,-1.0,-15.78752,-47.87673,,,,,2023-06-15T18:18:34+00:00
BRA_118834,Brasília,5300108,,Piracicabana,0.109,https://moovitapp.com/index/pt-br/transporte_p%C3%BAblico-line-0_109-Brasilia-1702-850942-139332631-0,-1.0,-15.79823,-47.87246,,,,1,2023-06-15T18:18:35+00:00
BRA_117099,Brasília,5300108,,Piracicabana,601.3,https://moovitapp.com/index/pt-br/transporte_p%C3%BAblico-line-601_3-Brasilia-1702-850942-339836-0,-1.0,-15.61337,-47.63993,,,,1,2023-06-15T18:18:36+00:00
BRA_121037,Brasília,5300108,,Piracicabana,0.116,https://moovitapp.com/index/pt-br/transporte_p%C3%BAblico-line-0_116-Brasilia-1702-850942-242381-0,-1.0,-15.79336,-47.88171,,,,1,2023-06-15T18:18:39+00:00
BRA_116793,Brasília,5300108,,Piracicabana,0.035,https://moovitapp.com/index/pt-br/transporte_p%C3%BAblico-line-0_035-Brasilia-1702-850942-775084-0,-1.0,-15.79558,-47.99082,,,,,2023-06-15T18:18:45+00:00
BRA_115291,Brasília,5300108,,Piracicabana,0.109,https://moovitapp.com/index/pt-br/transporte_p%C3%BAblico-line-0_109-Brasilia-1702-850942-139332631-0,-1.0,-15.79435,-47.8805,,,,1,2023-06-15T18:18:49+00:00
BRA_120073,Brasília,5300108,,Piracicabana,600.7,https://moovitapp.com/index/pt-br/transporte_p%C3%BAblico-line-600_7-Brasilia-1702-850942-698442-0,-1.0,-15.83572,-47.93251,,,,1,2023-06-15T18:19:04+00:00
BRA_120421,Brasília,5300108,,Piracicabana,504.1,https://moovitapp.com/index/pt-br/transporte_p%C3%BAblico-line-504_1-Brasilia-1702-850942-242476-0,-1.0,-15.61288,-47.63998,,,,1,2023-06-15T18:19:05+00:00
BRA_119733,Brasília,5300108,,Piracicabana,106.2,https://moovitapp.com/index/pt-br/transporte_p%C3%BAblico-line-106_2-Brasilia-1702-850942-242433-0,-1.0,-15.83613,-47.9334,,,,1,2023-06-15T18:19:22+00:00
BRA_119776,Brasília,5300108,,Piracicabana,501.3,https://moovitapp.com/index/pt-br/transporte_p%C3%BAblico-line-501_3-Brasilia-1702-850942-242472-0,-1.0,-15.83209,-47.92868,,,,,2023-06-15T18:19:27+00:00
BRA_120570,Brasília,5300108,,Piracicabana,640.2,https://moovitapp.com/index/pt-br/transporte_p%C3%BAblico-line-640_2-Brasilia-1702-850942-697957-0,-1.0,-15.64526,-47.76296,,,,,2023-06-15T18:19:30+00:00
BRA_119857,Brasília,5300108,,Piracicabana,620.1,https://moovitapp.com/index/pt-br/transporte_p%C3%BAblico-line-620_1-Brasilia-1702-850942-697955-0,-1.0,-15.6812,-47.83519,,,,,2023-06-15T18:19:30+00:00
BRA_119938,Brasília,5300108,,Piracicabana,0.109,https://moovitapp.com/index/pt-br/transporte_p%C3%BAblico-line-0_109-Brasilia-1702-850942-139332631-0,-1.0,-15.78459,-47.91206,,,,,2023-06-15T18:19:31+00:00
BRA_119440,Brasília,5300108,,Piracicabana,0.509,https://moovitapp.com/index/pt-br/transporte_p%C3%BAblico-line-0_509-Brasilia-1702-850942-242397-0,-1.0,-15.66347,-47.80513,,,,,2023-06-15T18:19:33+00:00
BRA_120618,Brasília,5300108,,Piracicabana,504.4,https://moovitapp.com/index/pt-br/transporte_p%C3%BAblico-line-504_4-Brasilia-1702-850942-771759-0,-1.0,-15.62208,-47.66317,,,,,2023-06-15T18:19:33+00:00
BRA_117021,Brasília,5300108,,Piracicabana,0.032,https://moovitapp.com/index/pt-br/transporte_p%C3%BAblico-line-0_032-Brasilia-1702-850942-786257-0,-1.0,-15.73409,-47.88615,,,,,2023-06-15T18:19:34+00:00
BRA_116602,Brasília,5300108,,Piracicabana,0.168,https://moovitapp.com/index/pt-br/transporte_p%C3%BAblico-line-0_168-Brasilia-1702-850942-242392-0,-1.0,-15.76159,-47.86608,,,,,2023-06-15T18:19:34+00:00
BRA_116858,Brasília,5300108,,Piracicabana,0.016,https://moovitapp.com/index/pt-br/transporte_p%C3%BAblico-line-0_016-Brasilia-1702-850942-5193084-0,-1.0,-15.78547,-47.90398,,,,,2023-06-15T18:19:34+00:00
BRA_116629,Brasília,5300108,,Piracicabana,0.023,https://moovitapp.com/index/pt-br/transporte_p%C3%BAblico-line-0_023-Brasilia-1702-850942-775082-0,-1.0,-15.82619,-47.92408,,,,,2023-06-15T18:19:35+00:00
BRA_118401,Brasília,5300108,,Piracicabana,128.4,https://moovitapp.com/index/pt-br/transporte_p%C3%BAblico-line-128_4-Brasilia-1702-850942-401624-0,-1.0,-15.72074,-47.91053,,,,,2023-06-15T18:19:35+00:00
BRA_120987,Brasília,5300108,,Piracicabana,0.143,https://moovitapp.com/index/pt-br/transporte_p%C3%BAblico-line-0_143-Brasilia-1702-850942-470747-0,-1.0,-15.76099,-47.93721,,,,,2023-06-15T18:19:35+00:00
BRA_120821,Brasília,5300108,,Piracicabana,0.136,https://moovitapp.com/index/pt-br/transporte_p%C3%BAblico-line-0_136-Brasilia-1702-850942-719957-0,-1.0,-15.76045,-47.8919,,,,,2023-06-15T18:19:35+00:00
BRA_120456,Brasília,5300108,,Piracicabana,640.2,https://moovitapp.com/index/pt-br/transporte_p%C3%BAblico-line-640_2-Brasilia-1702-850942-697957-0,-1.0,-15.59589,-47.67007,,,,,2023-06-15T18:19:36+00:00
BRA_120359,Brasília,5300108,,Piracicabana,0.109,https://moovitapp.com/index/pt-br/transporte_p%C3%BAblico-line-0_109-Brasilia-1702-850942-139332631-0,-1.0,-15.79565,-47.8806,,,,,2023-06-15T18:19:36+00:00
BRA_119962,Brasília,5300108,,Piracicabana,0.128,https://moovitapp.com/index/pt-br/transporte_p%C3%BAblico-line-0_128-Brasilia-1702-850942-382511-0,-1.0,-15.74805,-47.89628,,,,,2023-06-15T18:19:36+00:00
BRA_119946,Brasília,5300108,,Piracicabana,162.1,https://moovitapp.com/index/pt-br/transporte_p%C3%BAblico-line-162_1-Brasilia-1702-850942-762425-0,-1.0,-15.84629,-47.96646,,,,,2023-06-15T18:19:36+00:00
BRA_119911,Brasília,5300108,,Piracicabana,104.1,https://moovitapp.com/index/pt-br/transporte_p%C3%BAblico-line-104_1-Brasilia-1702-850942-242430-0,-1.0,-15.79347,-47.84636,,,,,2023-06-15T18:19:36+00:00
BRA_119997,Brasília,5300108,,Piracicabana,136.9,https://moovitapp.com/index/pt-br/transporte_p%C3%BAblico-line-136_9-Brasilia-1702-850942-773702-0,-1.0,-15.72532,-47.89451,,,,1,2023-06-15T18:19:36+00:00
BRA_118443,Brasília,5300108,,Piracicabana,116.2,https://moovitapp.com/index/pt-br/transporte_p%C3%BAblico-line-116_2-Brasilia-1702-850942-60842780-0,-1.0,-15.78087,-47.90982,,,,1,2023-06-15T18:19:36+00:00
BRA_119652,Brasília,5300108,,Piracicabana,519.2,https://moovitapp.com/index/pt-br/transporte_p%C3%BAblico-line-519_2-Brasilia-1702-850942-242483-0,-1.0,-15.79645,-47.88431,,,,,2023-06-15T18:19:36+00:00
BRA_116114,Brasília,5300108,,Piracicabana,066.6,https://moovitapp.com/index/pt-br/transporte_p%C3%BAblico-line-066_6-Brasilia-1702-850942-770027-0,-1.0,-15.62445,-47.64686,,,,,2023-06-15T18:19:36+00:00
BRA_118222,Brasília,5300108,,Piracicabana,0.109,https://moovitapp.com/index/pt-br/transporte_p%C3%BAblico-line-0_109-Brasilia-1702-850942-139332631-0,-1.0,-15.79524,-47.88159,,,,,2023-06-15T18:19:37+00:00
BRA_117366,Brasília,5300108,,Piracicabana,158.1,https://moovitapp.com/index/pt-br/transporte_p%C3%BAblico-line-158_1-Brasilia-1702-850942-775094-0,-1.0,-15.80251,-47.89527,,,,,2023-06-15T18:19:37+00:00
BRA_120324,Brasília,5300108,,Piracicabana,600.7,https://moovitapp.com/index/pt-br/transporte_p%C3%BAblico-line-600_7-Brasilia-1702-850942-698442-0,-1.0,-15.78973,-47.88213,,,,,2023-06-15T18:19:37+00:00
BRA_120561,Brasília,5300108,,Piracicabana,067.3,https://moovitapp.com/index/pt-br/transporte_p%C3%BAblico-line-067_3-Brasilia-1702-850942-339294-0,-1.0,-15.67334,-47.64536,,,,,2023-06-15T18:19:37+00:00
BRA_120243,Brasília,5300108,,Piracicabana,0.136,https://moovitapp.com/index/pt-br/transporte_p%C3%BAblico-line-0_136-Brasilia-1702-850942-719957-0,-1.0,-15.74823,-47.84549,,,,,2023-06-15T18:19:38+00:00
BRA_119717,Brasília,5300108,,Piracicabana,501.3,https://moovitapp.com/index/pt-br/transporte_p%C3%BAblico-line-501_3-Brasilia-1702-850942-242472-0,-1.0,-15.80402,-47.88665,,,,,2023-06-15T18:19:38+00:00
BRA_118192,Brasília,5300108,,Piracicabana,640.2,https://moovitapp.com/index/pt-br/transporte_p%C3%BAblico-line-640_2-Brasilia-1702-850942-697957-0,-1.0,-15.80817,-47.90067,,,,,2023-06-15T18:19:38+00:00
BRA_118346,Brasília,5300108,,Piracicabana,0.116,https://moovitapp.com/index/pt-br/transporte_p%C3%BAblico-line-0_116-Brasilia-1702-850942-242381-0,-1.0,-15.76953,-47.87539,,,,,2023-06-15T18:19:38+00:00
BRA_116653,Brasília,5300108,,Piracicabana,0.007,https://moovitapp.com/index/pt-br/transporte_p%C3%BAblico-line-0_007-Brasilia-1702-850942-775080-0,-1.0,-15.8106,-47.90381,,,,,2023-06-15T18:19:38+00:00
BRA_116726,Brasília,5300108,,Piracicabana,0.031,https://moovitapp.com/index/pt-br/transporte_p%C3%BAblico-line-0_031-Brasilia-1702-850942-786256-0,-1.0,-15.76219,-47.87727,,,,,2023-06-15T18:19:38+00:00
BRA_118061,Brasília,5300108,,Piracicabana,0.152,https://moovitapp.com/index/pt-br/transporte_p%C3%BAblico-line-0_152-Brasilia-1702-850942-504333-0,-1.0,-15.79465,-47.88384,,,,,2023-06-15T18:19:39+00:00
BRA_118761,Brasília,5300108,,Piracicabana,152.2,https://moovitapp.com/index/pt-br/transporte_p%C3%BAblico-line-152_2-Brasilia-1702-850942-504334-0,-1.0,-15.78529,-47.91227,,,,1,2023-06-15T18:19:39+00:00
BRA_119831,Brasília,5300108,,Piracicabana,105.2,https://moovitapp.com/index/pt-br/transporte_p%C3%BAblico-line-105_2-Brasilia-1702-850942-12015265-0,-1.0,-15.83182,-47.93131,,,,,2023-06-15T18:19:39+00:00
BRA_120901,Brasília,5300108,,Piracicabana,156.5,https://moovitapp.com/index/pt-br/transporte_p%C3%BAblico-line-156_5-Brasilia-1702-850942-242464-0,-1.0,-15.78193,-47.88773,,,,,2023-06-15T18:19:40+00:00
BRA_116572,Brasília,5300108,,Piracicabana,0.032,https://moovitapp.com/index/pt-br/transporte_p%C3%BAblico-line-0_032-Brasilia-1702-850942-786257-0,-1.0,-15.83653,-47.93264,,,,1,2023-06-15T18:19:40+00:00
BRA_116831,Brasília,5300108,,Piracicabana,0.006,https://moovitapp.com/index/pt-br/transporte_p%C3%BAblico-line-0_006-Brasilia-1702-850942-775079-0,-1.0,-15.78734,-47.93554,,,,,2023-06-15T18:19:40+00:00
BRA_116904,Brasília,5300108,,Piracicabana,0.031,https://moovitapp.com/index/pt-br/transporte_p%C3%BAblico-line-0_031-Brasilia-1702-850942-786256-0,-1.0,-15.83044,-47.92938,,,,1,2023-06-15T18:19:41+00:00
BRA_120626,Brasília,5300108,,Piracicabana,116.2,https://moovitapp.com/index/pt-br/transporte_p%C3%BAblico-line-116_2-Brasilia-1702-850942-60842780-0,-1.0,-15.73834,-47.91211,,,,,2023-06-15T18:19:41+00:00
BRA_120227,Brasília,5300108,,Piracicabana,643.2,https://moovitapp.com/index/pt-br/transporte_p%C3%BAblico-line-643_2-Brasilia-1702-850942-128977732-0,-1.0,-15.83029,-47.92999,,,,,2023-06-15T18:19:41+00:00
BRA_120634,Brasília,5300108,,Piracicabana,600.7,https://moovitapp.com/index/pt-br/transporte_p%C3%BAblico-line-600_7-Brasilia-1702-850942-698442-0,-1.0,-15.61736,-47.70967,,,,,2023-06-15T18:19:42+00:00
BRA_115355,Brasília,5300108,,Piracicabana,110.2,https://moovitapp.com/index/pt-br/transporte_p%C3%BAblico-line-110_2-Brasilia-1702-850942-339295-0,-1.0,-15.76003,-47.87062,,,,,2023-06-15T18:19:42+00:00
BRA_116084,Brasília,5300108,,Piracicabana,0.109,https://moovitapp.com/index/pt-br/transporte_p%C3%BAblico-line-0_109-Brasilia-1702-850942-139332631-0,-1.0,-15.79372,-47.88175,,,,1,2023-06-15T18:19:43+00:00
BRA_120693,Brasília,5300108,,Piracicabana,600.7,https://moovitapp.com/index/pt-br/transporte_p%C3%BAblico-line-600_7-Brasilia-1702-850942-698442-0,-1.0,-15.68736,-47.85719,,,,,2023-06-15T18:19:43+00:00
BRA_120545,Brasília,5300108,,Piracicabana,116.2,https://moovitapp.com/index/pt-br/transporte_p%C3%BAblico-line-116_2-Brasilia-1702-850942-60842780-0,-1.0,-15.78265,-47.90947,,,,,2023-06-15T18:19:43+00:00
BRA_119075,Brasília,5300108,,Piracicabana,0.501,https://moovitapp.com/index/pt-br/transporte_p%C3%BAblico-line-0_501-Brasilia-1702-850942-663228-0,-1.0,-15.72489,-47.89531,,,,,2023-06-15T18:19:43+00:00
BRA_116998,Brasília,5300108,,Piracicabana,601.6,https://moovitapp.com/index/pt-br/transporte_p%C3%BAblico-line-601_6-Brasilia-1702-850942-697954-0,-1.0,-15.6234,-47.65889,,,,,2023-06-15T18:19:44+00:00
BRA_116815,Brasília,5300108,,Piracicabana,0.007,https://moovitapp.com/index/pt-br/transporte_p%C3%BAblico-line-0_007-Brasilia-1702-850942-775080-0,-1.0,-15.79199,-47.89046,,,,,2023-06-15T18:19:44+00:00
BRA_116921,Brasília,5300108,,Piracicabana,0.023,https://moovitapp.com/index/pt-br/transporte_p%C3%BAblico-line-0_023-Brasilia-1702-850942-775082-0,-1.0,-15.77949,-47.87417,,,,,2023-06-15T18:19:44+00:00
BRA_119661,Brasília,5300108,,Piracicabana,115.1,https://moovitapp.com/index/pt-br/transporte_p%C3%BAblico-line-115_1-Brasilia-1702-850942-242436-0,-1.0,-15.74601,-47.88229,,,,,2023-06-15T18:19:45+00:00
BRA_120707,Brasília,5300108,,Piracicabana,600.7,https://moovitapp.com/index/pt-br/transporte_p%C3%BAblico-line-600_7-Brasilia-1702-850942-698442-0,-1.0,-15.64084,-47.75408,,,,,2023-06-15T18:19:45+00:00
BRA_120961,Brasília,5300108,,Piracicabana,620.1,https://moovitapp.com/index/pt-br/transporte_p%C3%BAblico-line-620_1-Brasilia-1702-850942-697955-0,-1.0,-15.78511,-47.88135,,,,,2023-06-15T18:19:45+00:00
BRA_120219,Brasília,5300108,,Piracicabana,616.8,https://moovitapp.com/index/pt-br/transporte_p%C3%BAblico-line-616_8-Brasilia-1702-850942-128977718-0,-1.0,-15.80114,-47.88483,,,,,2023-06-15T18:19:45+00:00
BRA_119032,Brasília,5300108,,Piracicabana,116.2,https://moovitapp.com/index/pt-br/transporte_p%C3%BAblico-line-116_2-Brasilia-1702-850942-60842780-0,-1.0,-15.79386,-47.88292,,,,1,2023-06-15T18:19:46+00:00
BRA_116980,Brasília,5300108,,Piracicabana,0.649,https://moovitapp.com/index/pt-br/transporte_p%C3%BAblico-line-0_649-Brasilia-1702-850942-771758-0,-1.0,-15.62096,-47.66322,,,,,2023-06-15T18:19:46+00:00
BRA_116611,Brasília,5300108,,Piracicabana,062.5,https://moovitapp.com/index/pt-br/transporte_p%C3%BAblico-line-062_5-Brasilia-1702-850942-339835-0,-1.0,-15.66626,-47.85122,,,,,2023-06-15T18:19:47+00:00
BRA_120367,Brasília,5300108,,Piracicabana,600.7,https://moovitapp.com/index/pt-br/transporte_p%C3%BAblico-line-600_7-Brasilia-1702-850942-698442-0,-1.0,-15.66288,-47.80119,,,,,2023-06-15T18:19:47+00:00
BRA_118893,Brasília,5300108,,Piracicabana,0.143,https://moovitapp.com/index/pt-br/transporte_p%C3%BAblico-line-0_143-Brasilia-1702-850942-470747-0,-1.0,-15.76162,-47.91933,,,,,2023-06-15T18:19:48+00:00
BRA_119580,Brasília,5300108,,Piracicabana,0.517,https://moovitapp.com/index/pt-br/transporte_p%C3%BAblico-line-0_517-Brasilia-1702-850942-242400-0,-1.0,-15.79877,-47.89268,,,,,2023-06-15T18:19:48+00:00
BRA_119741,Brasília,5300108,,Piracicabana,505.3,https://moovitapp.com/index/pt-br/transporte_p%C3%BAblico-line-505_3-Brasilia-1702-850942-352626-0,-1.0,-15.63852,-47.84093,,,,,2023-06-15T18:19:48+00:00
BRA_116637,Brasília,5300108,,Piracicabana,0.007,https://moovitapp.com/index/pt-br/transporte_p%C3%BAblico-line-0_007-Brasilia-1702-850942-775080-0,-1.0,-15.73309,-47.8904,,,,,2023-06-15T18:19:48+00:00
BRA_116548,Brasília,5300108,,Piracicabana,0.032,https://moovitapp.com/index/pt-br/transporte_p%C3%BAblico-line-0_032-Brasilia-1702-850942-786257-0,-1.0,-15.83631,-47.92678,,,,,2023-06-15T18:19:48+00:00
BRA_118419,Brasília,5300108,,Piracicabana,0.116,https://moovitapp.com/index/pt-br/transporte_p%C3%BAblico-line-0_116-Brasilia-1702-850942-242381-0,-1.0,-15.79317,-47.88171,,,,,2023-06-15T18:19:49+00:00
BRA_116378,Brasília,5300108,,Piracicabana,066.3,https://moovitapp.com/index/pt-br/transporte_p%C3%BAblico-line-066_3-Brasilia-1702-850942-513542-0,-1.0,-15.6207,-47.66768,,,,,2023-06-15T18:19:49+00:00
BRA_116459,Brasília,5300108,,Piracicabana,0.151,https://moovitapp.com/index/pt-br/transporte_p%C3%BAblico-line-0_151-Brasilia-1702-850942-775087-0,-1.0,-15.81507,-47.90997,,,,1,2023-06-15T18:19:49+00:00
BRA_118966,Brasília,5300108,,Piracicabana,640.2,https://moovitapp.com/index/pt-br/transporte_p%C3%BAblico-line-640_2-Brasilia-1702-850942-697957-0,-1.0,-15.80634,-47.89877,,,,,2023-06-15T18:19:49+00:00
BRA_120499,Brasília,5300108,,Piracicabana,0.150,https://moovitapp.com/index/pt-br/transporte_p%C3%BAblico-line-0_150-Brasilia-1702-850942-775086-0,-1.0,-15.82869,-47.93108,,,,,2023-06-15T18:19:49+00:00
BRA_120189,Brasília,5300108,,Piracicabana,0.504,https://moovitapp.com/index/pt-br/transporte_p%C3%BAblico-line-0_504-Brasilia-1702-850942-781321-0,-1.0,-15.62501,-47.65086,,,,,2023-06-15T18:19:49+00:00
BRA_120294,Brasília,5300108,,Piracicabana,0.150,https://moovitapp.com/index/pt-br/transporte_p%C3%BAblico-line-0_150-Brasilia-1702-850942-775086-0,-1.0,-15.80071,-47.94414,,,,,2023-06-15T18:19:50+00:00
BRA_120723,Brasília,5300108,,Piracicabana,107.1,https://moovitapp.com/index/pt-br/transporte_p%C3%BAblico-line-107_1-Brasilia-1702-850942-242434-0,-1.0,-15.83982,-47.92249,,,,,2023-06-15T18:19:50+00:00
BRA_120871,Brasília,5300108,,Piracicabana,099.1,https://moovitapp.com/index/pt-br/transporte_p%C3%BAblico-line-099_1-Brasilia-1702-850942-775090-0,-1.0,-15.83036,-48.03579,,,,,2023-06-15T18:19:50+00:00
BRA_116408,Brasília,5300108,,Piracicabana,0.006,https://moovitapp.com/index/pt-br/transporte_p%C3%BAblico-line-0_006-Brasilia-1702-850942-775079-0,-1.0,-15.79601,-47.89118,,,,,2023-06-15T18:19:50+00:00
BRA_117625,Brasília,5300108,,Piracicabana,153.2,https://moovitapp.com/index/pt-br/transporte_p%C3%BAblico-line-153_2-Brasilia-1702-850942-775093-0,-1.0,-15.80801,-47.96461,,,,,2023-06-15T18:19:50+00:00
BRA_118265,Brasília,5300108,,Piracicabana,0.110,https://moovitapp.com/index/pt-br/transporte_p%C3%BAblico-line-0_110-Brasilia-1702-850942-339284-0,-1.0,-15.76965,-47.86709,,,,1,2023-06-15T18:19:51+00:00
BRA_121118,Brasília,5300108,,Piracicabana,0.104,https://moovitapp.com/index/pt-br/transporte_p%C3%BAblico-line-0_104-Brasilia-1702-850942-242376-0,-1.0,-15.80054,-47.86514,,,,,2023-06-15T18:19:51+00:00
BRA_119784,Brasília,5300108,,Piracicabana,066.2,https://moovitapp.com/index/pt-br/transporte_p%C3%BAblico-line-066_2-Brasilia-1702-850942-339293-0,-1.0,-15.60125,-47.68132,,,,,2023-06-15T18:19:51+00:00
BRA_120880,Brasília,5300108,,Piracicabana,158.1,https://moovitapp.com/index/pt-br/transporte_p%C3%BAblico-line-158_1-Brasilia-1702-850942-775094-0,-1.0,-15.79858,-47.89223,,,,,2023-06-15T18:19:52+00:00
BRA_120839,Brasília,5300108,,Piracicabana,156.5,https://moovitapp.com/index/pt-br/transporte_p%C3%BAblico-line-156_5-Brasilia-1702-850942-242464-0,-1.0,-15.80882,-47.93327,,,,,2023-06-15T18:19:52+00:00
BRA_119423,Brasília,5300108,,Piracicabana,531.1,https://moovitapp.com/index/pt-br/transporte_p%C3%BAblico-line-531_1-Brasilia-1702-850942-476289-0,-1.0,-15.64784,-47.80215,,,,,2023-06-15T18:19:52+00:00
BRA_118257,Brasília,5300108,,Piracicabana,0.110,https://moovitapp.com/index/pt-br/transporte_p%C3%BAblico-line-0_110-Brasilia-1702-850942-339284-0,-1.0,-15.79468,-47.88261,,,,,2023-06-15T18:19:52+00:00
BRA_118079,Brasília,5300108,,Piracicabana,066.5,https://moovitapp.com/index/pt-br/transporte_p%C3%BAblico-line-066_5-Brasilia-1702-850942-770026-0,-1.0,-15.64367,-47.64745,,,,,2023-06-15T18:19:52+00:00
BRA_116441,Brasília,5300108,,Piracicabana,0.151,https://moovitapp.com/index/pt-br/transporte_p%C3%BAblico-line-0_151-Brasilia-1702-850942-775087-0,-1.0,-15.78793,-47.93661,,,,1,2023-06-15T18:19:52+00:00
BRA_118320,Brasília,5300108,,Piracicabana,0.107,https://moovitapp.com/index/pt-br/transporte_p%C3%BAblico-line-0_107-Brasilia-1702-850942-242377-0,-1.0,-15.79037,-47.88961,,,,,2023-06-15T18:19:53+00:00
BRA_119474,Brasília,5300108,,Piracicabana,501.3,https://moovitapp.com/index/pt-br/transporte_p%C3%BAblico-line-501_3-Brasilia-1702-850942-242472-0,-1.0,-15.6591,-47.84475,,,,,2023-06-15T18:19:53+00:00
BRA_118460,Brasília,5300108,,Piracicabana,115.1,https://moovitapp.com/index/pt-br/transporte_p%C3%BAblico-line-115_1-Brasilia-1702-850942-242436-0,-1.0,-15.74838,-47.89601,,,,,2023-06-15T18:19:53+00:00
BRA_118699,Brasília,5300108,,Piracicabana,0.110,https://moovitapp.com/index/pt-br/transporte_p%C3%BAblico-line-0_110-Brasilia-1702-850942-339284-0,-1.0,-15.79496,-47.88243,,,,,2023-06-15T18:19:53+00:00
BRA_121053,Brasília,5300108,,Piracicabana,640.2,https://moovitapp.com/index/pt-br/transporte_p%C3%BAblico-line-640_2-Brasilia-1702-850942-697957-0,-1.0,-15.79432,-47.89059,,,,,2023-06-15T18:19:53+00:00
BRA_119814,Brasília,5300108,,Piracicabana,640.2,https://moovitapp.com/index/pt-br/transporte_p%C3%BAblico-line-640_2-Brasilia-1702-850942-697957-0,-1.0,-15.8197,-47.916,,,,,2023-06-15T18:19:53+00:00
BRA_120308,Brasília,5300108,,Piracicabana,640.2,https://moovitapp.com/index/pt-br/transporte_p%C3%BAblico-line-640_2-Brasilia-1702-850942-697957-0,-1.0,-15.813,-47.90706,,,,,2023-06-15T18:19:53+00:00
BRA_120332,Brasília,5300108,,Piracicabana,162.1,https://moovitapp.com/index/pt-br/transporte_p%C3%BAblico-line-162_1-Brasilia-1702-850942-762425-0,-1.0,-15.80431,-47.89696,,,,,2023-06-15T18:19:53+00:00
BRA_120685,Brasília,5300108,,Piracicabana,0.504,https://moovitapp.com/index/pt-br/transporte_p%C3%BAblico-line-0_504-Brasilia-1702-850942-781321-0,-1.0,-15.64974,-47.78479,,,,,2023-06-15T18:19:54+00:00
BRA_120740,Brasília,5300108,,Piracicabana,616.8,https://moovitapp.com/index/pt-br/transporte_p%C3%BAblico-line-616_8-Brasilia-1702-850942-128977718-0,-1.0,-15.63853,-47.63332,,,,,2023-06-15T18:19:54+00:00
BRA_119148,Brasília,5300108,,Piracicabana,0.513,https://moovitapp.com/index/pt-br/transporte_p%C3%BAblico-line-0_513-Brasilia-1702-850942-242399-0,-1.0,-15.77874,-47.88796,,,,,2023-06-15T18:19:54+00:00
BRA_117854,Brasília,5300108,,Piracicabana,153.2,https://moovitapp.com/index/pt-br/transporte_p%C3%BAblico-line-153_2-Brasilia-1702-850942-775093-0,-1.0,-15.82422,-47.9809,,,,,2023-06-15T18:19:54+00:00
BRA_117030,Brasília,5300108,,Piracicabana,601.2,https://moovitapp.com/index/pt-br/transporte_p%C3%BAblico-line-601_2-Brasilia-1702-850942-322378-0,-1.0,-15.61819,-47.64317,,,,,2023-06-15T18:19:54+00:00
BRA_116432,Brasília,5300108,,Piracicabana,066.2,https://moovitapp.com/index/pt-br/transporte_p%C3%BAblico-line-066_2-Brasilia-1702-850942-339293-0,-1.0,-15.61797,-47.65209,,,,,2023-06-15T18:19:54+00:00
BRA_116823,Brasília,5300108,,Piracicabana,0.022,https://moovitapp.com/index/pt-br/transporte_p%C3%BAblico-line-0_022-Brasilia-1702-850942-788975-0,-1.0,-15.78641,-47.88012,,,,,2023-06-15T18:19:54+00:00
BRA_116807,Brasília,5300108,,Piracicabana,0.035,https://moovitapp.com/index/pt-br/transporte_p%C3%BAblico-line-0_035-Brasilia-1702-850942-775084-0,-1.0,-15.79377,-47.88271,,,,,2023-06-15T18:19:55+00:00
BRA_116785,Brasília,5300108,,Piracicabana,0.025,https://moovitapp.com/index/pt-br/transporte_p%C3%BAblico-line-0_025-Brasilia-1702-850942-11857219-0,-1.0,-15.78871,-47.92922,,,,,2023-06-15T18:19:55+00:00
BRA_117587,Brasília,5300108,,Piracicabana,063.1,https://moovitapp.com/index/pt-br/transporte_p%C3%BAblico-line-063_1-Brasilia-1702-850942-339291-0,-1.0,-15.63838,-47.84474,,,,1,2023-06-15T18:19:55+00:00
BRA_117838,Brasília,5300108,,Piracicabana,115.1,https://moovitapp.com/index/pt-br/transporte_p%C3%BAblico-line-115_1-Brasilia-1702-850942-242436-0,-1.0,-15.78266,-47.88766,,,,,2023-06-15T18:19:55+00:00
BRA_118613,Brasília,5300108,,Piracicabana,616.8,https://moovitapp.com/index/pt-br/transporte_p%C3%BAblico-line-616_8-Brasilia-1702-850942-128977718-0,-1.0,-15.68736,-47.85663,,,,,2023-06-15T18:19:55+00:00
BRA_118524,Brasília,5300108,,Piracicabana,115.1,https://moovitapp.com/index/pt-br/transporte_p%C3%BAblico-line-115_1-Brasilia-1702-850942-242436-0,-1.0,-15.7921,-47.87434,,,,,2023-06-15T18:19:55+00:00
BRA_120529,Brasília,5300108,,Piracicabana,136.5,https://moovitapp.com/index/pt-br/transporte_p%C3%BAblico-line-136_5-Brasilia-1702-850942-516628-0,-1.0,-15.74667,-47.89657,,,,,2023-06-15T18:19:55+00:00
BRA_119806,Brasília,5300108,,Piracicabana,600.7,https://moovitapp.com/index/pt-br/transporte_p%C3%BAblico-line-600_7-Brasilia-1702-850942-698442-0,-1.0,-15.80622,-47.88823,,,,,2023-06-15T18:19:55+00:00
BRA_120120,Brasília,5300108,,Piracicabana,0.107,https://moovitapp.com/index/pt-br/transporte_p%C3%BAblico-line-0_107-Brasilia-1702-850942-242377-0,-1.0,-15.82229,-47.8967,,,,,2023-06-15T18:19:56+00:00
BRA_119067,Brasília,5300108,,Piracicabana,512.1,https://moovitapp.com/index/pt-br/transporte_p%C3%BAblico-line-512_1-Brasilia-1702-850942-474401-0,-1.0,-15.66357,-47.8051,,,,,2023-06-15T18:19:56+00:00
BRA_117811,Brasília,5300108,,Piracicabana,062.6,https://moovitapp.com/index/pt-br/transporte_p%C3%BAblico-line-062_6-Brasilia-1702-850942-339289-0,-1.0,-15.64231,-47.80683,,,,,2023-06-15T18:19:56+00:00
BRA_117986,Brasília,5300108,,Piracicabana,616.8,https://moovitapp.com/index/pt-br/transporte_p%C3%BAblico-line-616_8-Brasilia-1702-850942-128977718-0,-1.0,-15.64353,-47.64182,,,,,2023-06-15T18:19:56+00:00
BRA_116696,Brasília,5300108,,Piracicabana,0.168,https://moovitapp.com/index/pt-br/transporte_p%C3%BAblico-line-0_168-Brasilia-1702-850942-242392-0,-1.0,-15.79298,-47.91666,,,,,2023-06-15T18:19:56+00:00
BRA_116645,Brasília,5300108,,Piracicabana,0.007,https://moovitapp.com/index/pt-br/transporte_p%C3%BAblico-line-0_007-Brasilia-1702-850942-775080-0,-1.0,-15.81857,-47.91446,,,,,2023-06-15T18:19:57+00:00
BRA_115321,Brasília,5300108,,Piracicabana,102.6,https://moovitapp.com/index/pt-br/transporte_p%C3%BAblico-line-102_6-Brasilia-1702-850942-775091-0,-1.0,-15.83648,-47.93304,,,,1,2023-06-15T18:19:57+00:00
BRA_119750,Brasília,5300108,,Piracicabana,0.509,https://moovitapp.com/index/pt-br/transporte_p%C3%BAblico-line-0_509-Brasilia-1702-850942-242397-0,-1.0,-15.83201,-47.92266,,,,,2023-06-15T18:19:57+00:00
BRA_120090,Brasília,5300108,,Piracicabana,0.617,https://moovitapp.com/index/pt-br/transporte_p%C3%BAblico-line-0_617-Brasilia-1702-850942-242417-0,-1.0,-15.68337,-47.84386,,,,,2023-06-15T18:19:57+00:00
BRA_120596,Brasília,5300108,,Piracicabana,504.4,https://moovitapp.com/index/pt-br/transporte_p%C3%BAblico-line-504_4-Brasilia-1702-850942-771759-0,-1.0,-15.64962,-47.79267,,,,,2023-06-15T18:19:58+00:00
BRA_120782,Brasília,5300108,,Piracicabana,116.2,https://moovitapp.com/index/pt-br/transporte_p%C3%BAblico-line-116_2-Brasilia-1702-850942-60842780-0,-1.0,-15.76374,-47.90768,,,,,2023-06-15T18:19:58+00:00
BRA_119261,Brasília,5300108,,Piracicabana,062.7,https://moovitapp.com/index/pt-br/transporte_p%C3%BAblico-line-062_7-Brasilia-1702-850942-494154-0,-1.0,-15.6542,-47.79377,,,,,2023-06-15T18:19:58+00:00
BRA_118800,Brasília,5300108,,Piracicabana,106.2,https://moovitapp.com/index/pt-br/transporte_p%C3%BAblico-line-106_2-Brasilia-1702-850942-242433-0,-1.0,-15.79858,-47.89223,,,,,2023-06-15T18:19:58+00:00
BRA_117013,Brasília,5300108,,Piracicabana,0.166,https://moovitapp.com/index/pt-br/transporte_p%C3%BAblico-line-0_166-Brasilia-1702-850942-242391-0,-1.0,-15.78727,-47.93562,,,,,2023-06-15T18:19:58+00:00
BRA_117072,Brasília,5300108,,Piracicabana,601.2,https://moovitapp.com/index/pt-br/transporte_p%C3%BAblico-line-601_2-Brasilia-1702-850942-322378-0,-1.0,-15.61895,-47.65382,,,,,2023-06-15T18:19:58+00:00
BRA_117978,Brasília,5300108,,Piracicabana,105.2,https://moovitapp.com/index/pt-br/transporte_p%C3%BAblico-line-105_2-Brasilia-1702-850942-12015265-0,-1.0,-15.79461,-47.89068,,,,,2023-06-15T18:19:59+00:00
BRA_116122,Brasília,5300108,,Piracicabana,066.4,https://moovitapp.com/index/pt-br/transporte_p%C3%BAblico-line-066_4-Brasilia-1702-850942-763557-0,-1.0,-15.6413,-47.65093,,,,,2023-06-15T18:19:59+00:00
BRA_119636,Brasília,5300108,,Piracicabana,152.2,https://moovitapp.com/index/pt-br/transporte_p%C3%BAblico-line-152_2-Brasilia-1702-850942-504334-0,-1.0,-15.79918,-47.86238,,,,1,2023-06-15T18:19:59+00:00
BRA_120669,Brasília,5300108,,Piracicabana,620.1,https://moovitapp.com/index/pt-br/transporte_p%C3%BAblico-line-620_1-Brasilia-1702-850942-697955-0,-1.0,-15.68185,-47.83929,,,,,2023-06-15T18:19:59+00:00
BRA_120464,Brasília,5300108,,Piracicabana,143.2,https://moovitapp.com/index/pt-br/transporte_p%C3%BAblico-line-143_2-Brasilia-1702-850942-556806-0,-1.0,-15.75966,-47.92376,,,,,2023-06-15T18:19:59+00:00
BRA_120430,Brasília,5300108,,Piracicabana,116.1,https://moovitapp.com/index/pt-br/transporte_p%C3%BAblico-line-116_1-Brasilia-1702-850942-476288-0,-1.0,-15.79828,-47.86528,,,,,2023-06-15T18:19:59+00:00
BRA_120448,Brasília,5300108,,Piracicabana,162.1,https://moovitapp.com/index/pt-br/transporte_p%C3%BAblico-line-162_1-Brasilia-1702-850942-762425-0,-1.0,-15.82603,-47.93318,,,,,2023-06-15T18:19:59+00:00
BRA_120588,Brasília,5300108,,Piracicabana,106.2,https://moovitapp.com/index/pt-br/transporte_p%C3%BAblico-line-106_2-Brasilia-1702-850942-242433-0,-1.0,-15.83772,-47.92374,,,,,2023-06-15T18:20:00+00:00
BRA_120898,Brasília,5300108,,Piracicabana,158.1,https://moovitapp.com/index/pt-br/transporte_p%C3%BAblico-line-158_1-Brasilia-1702-850942-775094-0,-1.0,-15.82791,-47.92744,,,,,2023-06-15T18:20:00+00:00
BRA_121096,Brasília,5300108,,Piracicabana,067.3,https://moovitapp.com/index/pt-br/transporte_p%C3%BAblico-line-067_3-Brasilia-1702-850942-339294-0,-1.0,-15.62518,-47.65077,,,,,2023-06-15T18:20:00+00:00
BRA_116131,Brasília,5300108,,Piracicabana,601.1,https://moovitapp.com/index/pt-br/transporte_p%C3%BAblico-line-601_1-Brasilia-1702-850942-322377-0,-1.0,-15.60419,-47.64607,,,,,2023-06-15T18:20:00+00:00
BRA_115959,Brasília,5300108,,Piracicabana,531.1,https://moovitapp.com/index/pt-br/transporte_p%C3%BAblico-line-531_1-Brasilia-1702-850942-476289-0,-1.0,-15.64967,-47.79213,,,,,2023-06-15T18:20:00+00:00
BRA_116050,Brasília,5300108,,Piracicabana,0.517,https://moovitapp.com/index/pt-br/transporte_p%C3%BAblico-line-0_517-Brasilia-1702-850942-242400-0,-1.0,-15.79879,-47.89234,,,,,2023-06-15T18:20:00+00:00
BRA_115894,Brasília,5300108,,Piracicabana,062.7,https://moovitapp.com/index/pt-br/transporte_p%C3%BAblico-line-062_7-Brasilia-1702-850942-494154-0,-1.0,-15.62947,-47.8375,,,,1,2023-06-15T18:20:00+00:00
BRA_118141,Brasília,5300108,,Piracicabana,0.128,https://moovitapp.com/index/pt-br/transporte_p%C3%BAblico-line-0_128-Brasilia-1702-850942-382511-0,-1.0,-15.77112,-47.88864,,,,,2023-06-15T18:20:00+00:00
BRA_117960,Brasília,5300108,,Piracicabana,0.104,https://moovitapp.com/index/pt-br/transporte_p%C3%BAblico-line-0_104-Brasilia-1702-850942-242376-0,-1.0,-15.80182,-47.85387,,,,,2023-06-15T18:20:01+00:00
BRA_121070,Brasília,5300108,,Piracicabana,643.2,https://moovitapp.com/index/pt-br/transporte_p%C3%BAblico-line-643_2-Brasilia-1702-850942-128977732-0,-1.0,-15.66374,-47.80272,,,,,2023-06-15T18:20:01+00:00
BRA_119768,Brasília,5300108,,Piracicabana,0.116,https://moovitapp.com/index/pt-br/transporte_p%C3%BAblico-line-0_116-Brasilia-1702-850942-242381-0,-1.0,-15.75035,-47.89515,,,,,2023-06-15T18:20:01+00:00
BRA_119059,Brasília,5300108,,Piracicabana,099.1,https://moovitapp.com/index/pt-br/transporte_p%C3%BAblico-line-099_1-Brasilia-1702-850942-775090-0,-1.0,-15.82974,-48.03893,,,,1,2023-06-15T18:20:02+00:00
BRA_119211,Brasília,5300108,,Piracicabana,153.2,https://moovitapp.com/index/pt-br/transporte_p%C3%BAblico-line-153_2-Brasilia-1702-850942-775093-0,-1.0,-15.80752,-47.89151,,,,,2023-06-15T18:20:02+00:00
BRA_120936,Brasília,5300108,,Piracicabana,0.501,https://moovitapp.com/index/pt-br/transporte_p%C3%BAblico-line-0_501-Brasilia-1702-850942-663228-0,-1.0,-15.82032,-47.90653,,,,,2023-06-15T18:20:02+00:00
BRA_120812,Brasília,5300108,,Piracicabana,136.9,https://moovitapp.com/index/pt-br/transporte_p%C3%BAblico-line-136_9-Brasilia-1702-850942-773702-0,-1.0,-15.7906,-47.88247,,,,,2023-06-15T18:20:02+00:00
BRA_120251,Brasília,5300108,,Piracicabana,0.107,https://moovitapp.com/index/pt-br/transporte_p%C3%BAblico-line-0_107-Brasilia-1702-850942-242377-0,-1.0,-15.81508,-47.91007,,,,,2023-06-15T18:20:02+00:00
BRA_116181,Brasília,5300108,,Piracicabana,066.4,https://moovitapp.com/index/pt-br/transporte_p%C3%BAblico-line-066_4-Brasilia-1702-850942-763557-0,-1.0,-15.63699,-47.65157,,,,,2023-06-15T18:20:02+00:00
BRA_116254,Brasília,5300108,,Piracicabana,601.5,https://moovitapp.com/index/pt-br/transporte_p%C3%BAblico-line-601_5-Brasilia-1702-850942-697953-0,-1.0,-15.61909,-47.6534,,,,,2023-06-15T18:20:02+00:00
BRA_120316,Brasília,5300108,,Piracicabana,0.501,https://moovitapp.com/index/pt-br/transporte_p%C3%BAblico-line-0_501-Brasilia-1702-850942-663228-0,-1.0,-15.68721,-47.85876,,,,,2023-06-15T18:20:03+00:00
BRA_120928,Brasília,5300108,,Piracicabana,099.1,https://moovitapp.com/index/pt-br/transporte_p%C3%BAblico-line-099_1-Brasilia-1702-850942-775090-0,-1.0,-15.80004,-47.95004,,,,,2023-06-15T18:20:03+00:00
BRA_119571,Brasília,5300108,,Piracicabana,512.1,https://moovitapp.com/index/pt-br/transporte_p%C3%BAblico-line-512_1-Brasilia-1702-850942-474401-0,-1.0,-15.73013,-47.89413,,,,,2023-06-15T18:20:03+00:00
BRA_119041,Brasília,5300108,,Piracicabana,103.2,https://moovitapp.com/index/pt-br/transporte_p%C3%BAblico-line-103_2-Brasilia-1702-850942-474397-0,-1.0,-15.84441,-47.91941,,,,,2023-06-15T18:20:04+00:00
BRA_118672,Brasília,5300108,,Piracicabana,640.2,https://moovitapp.com/index/pt-br/transporte_p%C3%BAblico-line-640_2-Brasilia-1702-850942-697957-0,-1.0,-15.76309,-47.8909,,,,,2023-06-15T18:20:04+00:00
BRA_120146,Brasília,5300108,,Piracicabana,0.517,https://moovitapp.com/index/pt-br/transporte_p%C3%BAblico-line-0_517-Brasilia-1702-850942-242400-0,-1.0,-15.69618,-47.87501,,,,,2023-06-15T18:20:04+00:00
BRA_116394,Brasília,5300108,,Piracicabana,0.032,https://moovitapp.com/index/pt-br/transporte_p%C3%BAblico-line-0_032-Brasilia-1702-850942-786257-0,-1.0,-15.81651,-47.912,,,,,2023-06-15T18:20:04+00:00
BRA_116351,Brasília,5300108,,Piracicabana,066.4,https://moovitapp.com/index/pt-br/transporte_p%C3%BAblico-line-066_4-Brasilia-1702-850942-763557-0,-1.0,-15.61299,-47.67236,,,,,2023-06-15T18:20:04+00:00
BRA_116556,Brasília,5300108,,Piracicabana,0.007,https://moovitapp.com/index/pt-br/transporte_p%C3%BAblico-line-0_007-Brasilia-1702-850942-775080-0,-1.0,-15.79581,-47.87295,,,,,2023-06-15T18:20:04+00:00
BRA_116076,Brasília,5300108,,Piracicabana,0.109,https://moovitapp.com/index/pt-br/transporte_p%C3%BAblico-line-0_109-Brasilia-1702-850942-139332631-0,-1.0,-15.79503,-47.88142,,,,1,2023-06-15T18:20:04+00:00
BRA_116203,Brasília,5300108,,Piracicabana,066.3,https://moovitapp.com/index/pt-br/transporte_p%C3%BAblico-line-066_3-Brasilia-1702-850942-513542-0,-1.0,-15.60044,-47.67402,,,,,2023-06-15T18:20:04+00:00
BRA_115282,Brasília,5300108,,Piracicabana,143.2,https://moovitapp.com/index/pt-br/transporte_p%C3%BAblico-line-143_2-Brasilia-1702-850942-556806-0,-1.0,-15.76448,-47.91608,,,,1,2023-06-15T18:20:04+00:00
BRA_117528,Brasília,5300108,,Piracicabana,062.5,https://moovitapp.com/index/pt-br/transporte_p%C3%BAblico-line-062_5-Brasilia-1702-850942-339835-0,-1.0,-15.66463,-47.8217,,,,,2023-06-15T18:20:04+00:00
BRA_117684,Brasília,5300108,,Piracicabana,0.116,https://moovitapp.com/index/pt-br/transporte_p%C3%BAblico-line-0_116-Brasilia-1702-850942-242381-0,-1.0,-15.73725,-47.89852,,,,,2023-06-15T18:20:04+00:00
BRA_117536,Brasília,5300108,,Piracicabana,505.5,https://moovitapp.com/index/pt-br/transporte_p%C3%BAblico-line-505_5-Brasilia-1702-850942-651521-0,-1.0,-15.62247,-47.8223,,,,,2023-06-15T18:20:05+00:00
BRA_116157,Brasília,5300108,,Piracicabana,601.1,https://moovitapp.com/index/pt-br/transporte_p%C3%BAblico-line-601_1-Brasilia-1702-850942-322377-0,-1.0,-15.61844,-47.64351,,,,,2023-06-15T18:20:05+00:00
BRA_121011,Brasília,5300108,,Piracicabana,640.2,https://moovitapp.com/index/pt-br/transporte_p%C3%BAblico-line-640_2-Brasilia-1702-850942-697957-0,-1.0,-15.6871,-47.85942,,,,,2023-06-15T18:20:05+00:00
BRA_118681,Brasília,5300108,,Piracicabana,0.116,https://moovitapp.com/index/pt-br/transporte_p%C3%BAblico-line-0_116-Brasilia-1702-850942-242381-0,-1.0,-15.79327,-47.8821,,,,1,2023-06-15T18:20:05+00:00
BRA_119407,Brasília,5300108,,Piracicabana,136.6,https://moovitapp.com/index/pt-br/transporte_p%C3%BAblico-line-136_6-Brasilia-1702-850942-773700-0,-1.0,-15.82356,-47.92136,,,,,2023-06-15T18:20:05+00:00
BRA_120511,Brasília,5300108,,Piracicabana,640.2,https://moovitapp.com/index/pt-br/transporte_p%C3%BAblico-line-640_2-Brasilia-1702-850942-697957-0,-1.0,-15.61829,-47.65461,,,,1,2023-06-15T18:20:06+00:00
BRA_116564,Brasília,5300108,,Piracicabana,0.024,https://moovitapp.com/index/pt-br/transporte_p%C3%BAblico-line-0_024-Brasilia-1702-850942-781320-0,-1.0,-15.79574,-47.89101,,,,,2023-06-15T18:20:06+00:00
BRA_118397,Brasília,5300108,,Piracicabana,0.143,https://moovitapp.com/index/pt-br/transporte_p%C3%BAblico-line-0_143-Brasilia-1702-850942-470747-0,-1.0,-15.76433,-47.93425,,,,,2023-06-15T18:20:06+00:00
BRA_117374,Brasília,5300108,,Piracicabana,116.1,https://moovitapp.com/index/pt-br/transporte_p%C3%BAblico-line-116_1-Brasilia-1702-850942-476288-0,-1.0,-15.78082,-47.88748,,,,,2023-06-15T18:20:07+00:00
BRA_117633,Brasília,5300108,,Piracicabana,0.501,https://moovitapp.com/index/pt-br/transporte_p%C3%BAblico-line-0_501-Brasilia-1702-850942-663228-0,-1.0,-15.64963,-47.78577,,,,1,2023-06-15T18:20:07+00:00
BRA_115339,Brasília,5300108,,Piracicabana,0.109,https://moovitapp.com/index/pt-br/transporte_p%C3%BAblico-line-0_109-Brasilia-1702-850942-139332631-0,-1.0,-15.79198,-47.88467,,,,,2023-06-15T18:20:07+00:00
BRA_119628,Brasília,5300108,,Piracicabana,519.2,https://moovitapp.com/index/pt-br/transporte_p%C3%BAblico-line-519_2-Brasilia-1702-850942-242483-0,-1.0,-15.82665,-47.91275,,,,,2023-06-15T18:20:07+00:00
BRA_119547,Brasília,5300108,,Piracicabana,501.3,https://moovitapp.com/index/pt-br/transporte_p%C3%BAblico-line-501_3-Brasilia-1702-850942-242472-0,-1.0,-15.64303,-47.8485,,,,,2023-06-15T18:20:07+00:00
BRA_118664,Brasília,5300108,,Piracicabana,0.504,https://moovitapp.com/index/pt-br/transporte_p%C3%BAblico-line-0_504-Brasilia-1702-850942-781321-0,-1.0,-15.64899,-47.77172,,,,,2023-06-15T18:20:08+00:00
BRA_116068,Brasília,5300108,,Piracicabana,136.6,https://moovitapp.com/index/pt-br/transporte_p%C3%BAblico-line-136_6-Brasilia-1702-850942-773700-0,-1.0,-15.81225,-47.90602,,,,,2023-06-15T18:20:08+00:00
BRA_116343,Brasília,5300108,,Piracicabana,064.1,https://moovitapp.com/index/pt-br/transporte_p%C3%BAblico-line-064_1-Brasilia-1702-850942-339292-0,-1.0,-15.64081,-47.63023,,,,,2023-06-15T18:20:08+00:00
BRA_118087,Brasília,5300108,,Piracicabana,531.2,https://moovitapp.com/index/pt-br/transporte_p%C3%BAblico-line-531_2-Brasilia-1702-850942-48723591-0,-1.0,-15.60878,-47.87018,,,,,2023-06-15T18:20:08+00:00
BRA_119164,Brasília,5300108,,Piracicabana,0.513,https://moovitapp.com/index/pt-br/transporte_p%C3%BAblico-line-0_513-Brasilia-1702-850942-242399-0,-1.0,-15.67865,-47.82746,,,,,2023-06-15T18:20:09+00:00
BRA_119016,Brasília,5300108,,Piracicabana,0.110,https://moovitapp.com/index/pt-br/transporte_p%C3%BAblico-line-0_110-Brasilia-1702-850942-339284-0,-1.0,-15.76317,-47.87186,,,,1,2023-06-15T18:20:09+00:00
BRA_120758,Brasília,5300108,,Piracicabana,620.1,https://moovitapp.com/index/pt-br/transporte_p%C3%BAblico-line-620_1-Brasilia-1702-850942-697955-0,-1.0,-15.64915,-47.77105,,,,,2023-06-15T18:20:09+00:00
BRA_120600,Brasília,5300108,,Piracicabana,640.2,https://moovitapp.com/index/pt-br/transporte_p%C3%BAblico-line-640_2-Brasilia-1702-850942-697957-0,-1.0,-15.64246,-47.7574,,,,,2023-06-15T18:20:10+00:00
BRA_119865,Brasília,5300108,,Piracicabana,600.7,https://moovitapp.com/index/pt-br/transporte_p%C3%BAblico-line-600_7-Brasilia-1702-850942-698442-0,-1.0,-15.68622,-47.85024,,,,,2023-06-15T18:20:10+00:00
BRA_117617,Brasília,5300108,,Piracicabana,099.1,https://moovitapp.com/index/pt-br/transporte_p%C3%BAblico-line-099_1-Brasilia-1702-850942-775090-0,-1.0,-15.86479,-48.02433,,,,1,2023-06-15T18:20:10+00:00
BRA_116688,Brasília,5300108,,Piracicabana,062.6,https://moovitapp.com/index/pt-br/transporte_p%C3%BAblico-line-062_6-Brasilia-1702-850942-339289-0,-1.0,-15.63863,-47.82231,,,,,2023-06-15T18:20:10+00:00
BRA_116530,Brasília,5300108,,Piracicabana,062.7,https://moovitapp.com/index/pt-br/transporte_p%C3%BAblico-line-062_7-Brasilia-1702-850942-494154-0,-1.0,-15.65158,-47.80662,,,,,2023-06-15T18:20:11+00:00
BRA_117455,Brasília,5300108,,Piracicabana,501.3,https://moovitapp.com/index/pt-br/transporte_p%C3%BAblico-line-501_3-Brasilia-1702-850942-242472-0,-1.0,-15.64406,-47.81466,,,,1,2023-06-15T18:20:11+00:00
BRA_119334,Brasília,5300108,,Piracicabana,511.4,https://moovitapp.com/index/pt-br/transporte_p%C3%BAblico-line-511_4-Brasilia-1702-850942-770030-0,-1.0,-15.647,-47.76668,,,,1,2023-06-15T18:20:11+00:00
BRA_119091,Brasília,5300108,,Piracicabana,063.2,https://moovitapp.com/index/pt-br/transporte_p%C3%BAblico-line-063_2-Brasilia-1702-850942-137934615-0,-1.0,-15.64498,-47.83557,,,,,2023-06-15T18:20:11+00:00
BRA_119229,Brasília,5300108,,Piracicabana,136.6,https://moovitapp.com/index/pt-br/transporte_p%C3%BAblico-line-136_6-Brasilia-1702-850942-773700-0,-1.0,-15.77076,-47.88887,,,,,2023-06-15T18:20:12+00:00
BRA_120111,Brasília,5300108,,Piracicabana,0.114,https://moovitapp.com/index/pt-br/transporte_p%C3%BAblico-line-0_114-Brasilia-1702-850942-242379-0,-1.0,-15.7934,-47.88306,,,,1,2023-06-15T18:20:12+00:00
BRA_120804,Brasília,5300108,,Piracicabana,0.114,https://moovitapp.com/index/pt-br/transporte_p%C3%BAblico-line-0_114-Brasilia-1702-850942-242379-0,-1.0,-15.81047,-47.90333,,,,1,2023-06-15T18:20:12+00:00
BRA_120995,Brasília,5300108,,Piracicabana,115.1,https://moovitapp.com/index/pt-br/transporte_p%C3%BAblico-line-115_1-Brasilia-1702-850942-242436-0,-1.0,-15.76345,-47.89134,,,,,2023-06-15T18:20:12+00:00
BRA_118214,Brasília,5300108,,Piracicabana,136.6,https://moovitapp.com/index/pt-br/transporte_p%C3%BAblico-line-136_6-Brasilia-1702-850942-773700-0,-1.0,-15.83648,-47.93394,,,,1,2023-06-15T18:20:12+00:00
BRA_117498,Brasília,5300108,,Piracicabana,0.501,https://moovitapp.com/index/pt-br/transporte_p%C3%BAblico-line-0_501-Brasilia-1702-850942-663228-0,-1.0,-15.83199,-47.9287,,,,,2023-06-15T18:20:12+00:00
BRA_117196,Brasília,5300108,,Piracicabana,505.8,https://moovitapp.com/index/pt-br/transporte_p%C3%BAblico-line-505_8-Brasilia-1702-850942-339297-0,-1.0,-15.63574,-47.83027,,,,,2023-06-15T18:20:12+00:00
BRA_116360,Brasília,5300108,,Piracicabana,066.6,https://moovitapp.com/index/pt-br/transporte_p%C3%BAblico-line-066_6-Brasilia-1702-850942-770027-0,-1.0,-15.62904,-47.65167,,,,,2023-06-15T18:20:12+00:00
BRA_116700,Brasília,5300108,,Piracicabana,601.2,https://moovitapp.com/index/pt-br/transporte_p%C3%BAblico-line-601_2-Brasilia-1702-850942-322378-0,-1.0,-15.61333,-47.65477,,,,,2023-06-15T18:20:13+00:00
BRA_116947,Brasília,5300108,,Piracicabana,0.024,https://moovitapp.com/index/pt-br/transporte_p%C3%BAblico-line-0_024-Brasilia-1702-850942-781320-0,-1.0,-15.78995,-47.93436,,,,,2023-06-15T18:20:13+00:00
BRA_117871,Brasília,5300108,,Piracicabana,0.517,https://moovitapp.com/index/pt-br/transporte_p%C3%BAblico-line-0_517-Brasilia-1702-850942-242400-0,-1.0,-15.64649,-47.82148,,,,,2023-06-15T18:20:13+00:00
BRA_118044,Brasília,5300108,,Piracicabana,136.6,https://moovitapp.com/index/pt-br/transporte_p%C3%BAblico-line-136_6-Brasilia-1702-850942-773700-0,-1.0,-15.76711,-47.88998,,,,,2023-06-15T18:20:13+00:00
BRA_120715,Brasília,5300108,,Piracicabana,640.2,https://moovitapp.com/index/pt-br/transporte_p%C3%BAblico-line-640_2-Brasilia-1702-850942-697957-0,-1.0,-15.68273,-47.83949,,,,,2023-06-15T18:20:13+00:00
BRA_120375,Brasília,5300108,,Piracicabana,620.1,https://moovitapp.com/index/pt-br/transporte_p%C3%BAblico-line-620_1-Brasilia-1702-850942-697955-0,-1.0,-15.61542,-47.65487,,,,,2023-06-15T18:20:13+00:00
BRA_118567,Brasília,5300108,,Piracicabana,158.1,https://moovitapp.com/index/pt-br/transporte_p%C3%BAblico-line-158_1-Brasilia-1702-850942-775094-0,-1.0,-15.79357,-47.94368,,,,,2023-06-15T18:20:13+00:00
BRA_119393,Brasília,5300108,,Piracicabana,501.3,https://moovitapp.com/index/pt-br/transporte_p%C3%BAblico-line-501_3-Brasilia-1702-850942-242472-0,-1.0,-15.64609,-47.82051,,,,,2023-06-15T18:20:13+00:00
BRA_119385,Brasília,5300108,,Piracicabana,0.617,https://moovitapp.com/index/pt-br/transporte_p%C3%BAblico-line-0_617-Brasilia-1702-850942-242417-0,-1.0,-15.67807,-47.65263,,,,,2023-06-15T18:20:14+00:00
BRA_117561,Brasília,5300108,,Piracicabana,062.5,https://moovitapp.com/index/pt-br/transporte_p%C3%BAblico-line-062_5-Brasilia-1702-850942-339835-0,-1.0,-15.64274,-47.77831,,,,,2023-06-15T18:20:14+00:00
BRA_118281,Brasília,5300108,,Piracicabana,504.1,https://moovitapp.com/index/pt-br/transporte_p%C3%BAblico-line-504_1-Brasilia-1702-850942-242476-0,-1.0,-15.64863,-47.77101,,,,,2023-06-15T18:20:15+00:00
BRA_117129,Brasília,5300108,,Piracicabana,501.2,https://moovitapp.com/index/pt-br/transporte_p%C3%BAblico-line-501_2-Brasilia-1702-850942-786258-0,-1.0,-15.79196,-47.88261,,,,,2023-06-15T18:20:16+00:00
BRA_117307,Brasília,5300108,,Piracicabana,0.114,https://moovitapp.com/index/pt-br/transporte_p%C3%BAblico-line-0_114-Brasilia-1702-850942-242379-0,-1.0,-15.79523,-47.88109,,,,,2023-06-15T18:20:16+00:00
BRA_116211,Brasília,5300108,,Piracicabana,601.2,https://moovitapp.com/index/pt-br/transporte_p%C3%BAblico-line-601_2-Brasilia-1702-850942-322378-0,-1.0,-15.61206,-47.64214,,,,,2023-06-15T18:20:16+00:00
BRA_118729,Brasília,5300108,,Piracicabana,0.152,https://moovitapp.com/index/pt-br/transporte_p%C3%BAblico-line-0_152-Brasilia-1702-850942-504333-0,-1.0,-15.80046,-47.93276,,,,,2023-06-15T18:20:16+00:00
BRA_121088,Brasília,5300108,,Piracicabana,600.8,https://moovitapp.com/index/pt-br/transporte_p%C3%BAblico-line-600_8-Brasilia-1702-850942-4740974-0,-1.0,-15.64463,-47.76157,,,,,2023-06-15T18:20:16+00:00
BRA_120791,Brasília,5300108,,Piracicabana,136.5,https://moovitapp.com/index/pt-br/transporte_p%C3%BAblico-line-136_5-Brasilia-1702-850942-516628-0,-1.0,-15.77072,-47.83288,,,,,2023-06-15T18:20:17+00:00
BRA_120278,Brasília,5300108,,Piracicabana,640.2,https://moovitapp.com/index/pt-br/transporte_p%C3%BAblico-line-640_2-Brasilia-1702-850942-697957-0,-1.0,-15.68559,-47.84842,,,,,2023-06-15T18:20:17+00:00
BRA_118842,Brasília,5300108,,Piracicabana,0.109,https://moovitapp.com/index/pt-br/transporte_p%C3%BAblico-line-0_109-Brasilia-1702-850942-139332631-0,-1.0,-15.79383,-47.88176,,,,1,2023-06-15T18:20:17+00:00
BRA_118711,Brasília,5300108,,Piracicabana,0.152,https://moovitapp.com/index/pt-br/transporte_p%C3%BAblico-line-0_152-Brasilia-1702-850942-504333-0,-1.0,-15.79391,-47.88302,,,,,2023-06-15T18:20:17+00:00
BRA_119555,Brasília,5300108,,Piracicabana,519.2,https://moovitapp.com/index/pt-br/transporte_p%C3%BAblico-line-519_2-Brasilia-1702-850942-242483-0,-1.0,-15.63504,-47.83745,,,,,2023-06-15T18:20:17+00:00
BRA_118982,Brasília,5300108,,Piracicabana,0.517,https://moovitapp.com/index/pt-br/transporte_p%C3%BAblico-line-0_517-Brasilia-1702-850942-242400-0,-1.0,-15.64223,-47.82681,,,,,2023-06-15T18:20:17+00:00
BRA_119172,Brasília,5300108,,Piracicabana,505.5,https://moovitapp.com/index/pt-br/transporte_p%C3%BAblico-line-505_5-Brasilia-1702-850942-651521-0,-1.0,-15.65282,-47.76407,,,,,2023-06-15T18:20:17+00:00
BRA_116963,Brasília,5300108,,Piracicabana,0.006,https://moovitapp.com/index/pt-br/transporte_p%C3%BAblico-line-0_006-Brasilia-1702-850942-775079-0,-1.0,-15.82796,-47.92746,,,,,2023-06-15T18:20:17+00:00
BRA_116912,Brasília,5300108,,Piracicabana,0.024,https://moovitapp.com/index/pt-br/transporte_p%C3%BAblico-line-0_024-Brasilia-1702-850942-781320-0,-1.0,-15.79777,-47.89131,,,,,2023-06-15T18:20:17+00:00
BRA_117102,Brasília,5300108,,Piracicabana,0.504,https://moovitapp.com/index/pt-br/transporte_p%C3%BAblico-line-0_504-Brasilia-1702-850942-781321-0,-1.0,-15.62427,-47.64698,,,,,2023-06-15T18:20:18+00:00
BRA_117781,Brasília,5300108,,Piracicabana,0.114,https://moovitapp.com/index/pt-br/transporte_p%C3%BAblico-line-0_114-Brasilia-1702-850942-242379-0,-1.0,-15.8251,-47.90103,,,,,2023-06-15T18:20:18+00:00
BRA_117901,Brasília,5300108,,Piracicabana,0.509,https://moovitapp.com/index/pt-br/transporte_p%C3%BAblico-line-0_509-Brasilia-1702-850942-242397-0,-1.0,-15.64898,-47.78292,,,,,2023-06-15T18:20:19+00:00
BRA_119245,Brasília,5300108,,Piracicabana,501.3,https://moovitapp.com/index/pt-br/transporte_p%C3%BAblico-line-501_3-Brasilia-1702-850942-242472-0,-1.0,-15.81481,-47.89917,,,,,2023-06-15T18:20:19+00:00
BRA_119644,Brasília,5300108,,Piracicabana,062.7,https://moovitapp.com/index/pt-br/transporte_p%C3%BAblico-line-062_7-Brasilia-1702-850942-494154-0,-1.0,-15.65252,-47.79021,,,,,2023-06-15T18:20:19+00:00
BRA_120057,Brasília,5300108,,Piracicabana,158.1,https://moovitapp.com/index/pt-br/transporte_p%C3%BAblico-line-158_1-Brasilia-1702-850942-775094-0,-1.0,-15.82476,-47.93415,,,,,2023-06-15T18:20:19+00:00
BRA_120405,Brasília,5300108,,Piracicabana,600.7,https://moovitapp.com/index/pt-br/transporte_p%C3%BAblico-line-600_7-Brasilia-1702-850942-698442-0,-1.0,-15.79403,-47.882,,,,,2023-06-15T18:20:19+00:00
BRA_120286,Brasília,5300108,,Piracicabana,620.1,https://moovitapp.com/index/pt-br/transporte_p%C3%BAblico-line-620_1-Brasilia-1702-850942-697955-0,-1.0,-15.73656,-47.89141,,,,,2023-06-15T18:20:20+00:00
BRA_119890,Brasília,5300108,,Piracicabana,0.140,https://moovitapp.com/index/pt-br/transporte_p%C3%BAblico-line-0_140-Brasilia-1702-850942-242386-0,-1.0,-15.75546,-47.87944,,,,,2023-06-15T18:20:20+00:00
BRA_118656,Brasília,5300108,,Piracicabana,136.7,https://moovitapp.com/index/pt-br/transporte_p%C3%BAblico-line-136_7-Brasilia-1702-850942-242451-0,-1.0,-15.81613,-47.89009,,,,,2023-06-15T18:20:20+00:00
BRA_117676,Brasília,5300108,,Piracicabana,512.1,https://moovitapp.com/index/pt-br/transporte_p%C3%BAblico-line-512_1-Brasilia-1702-850942-474401-0,-1.0,-15.64967,-47.7861,,,,1,2023-06-15T18:20:20+00:00
BRA_117471,Brasília,5300108,,Piracicabana,063.1,https://moovitapp.com/index/pt-br/transporte_p%C3%BAblico-line-063_1-Brasilia-1702-850942-339291-0,-1.0,-15.64053,-47.79237,,,,,2023-06-15T18:20:21+00:00
BRA_117111,Brasília,5300108,,Piracicabana,152.2,https://moovitapp.com/index/pt-br/transporte_p%C3%BAblico-line-152_2-Brasilia-1702-850942-504334-0,-1.0,-15.7849,-47.93729,,,,,2023-06-15T18:20:21+00:00
BRA_118249,Brasília,5300108,,Piracicabana,162.1,https://moovitapp.com/index/pt-br/transporte_p%C3%BAblico-line-162_1-Brasilia-1702-850942-762425-0,-1.0,-15.82617,-47.95144,,,,,2023-06-15T18:20:21+00:00
BRA_116734,Brasília,5300108,,Piracicabana,0.025,https://moovitapp.com/index/pt-br/transporte_p%C3%BAblico-line-0_025-Brasilia-1702-850942-11857219-0,-1.0,-15.80177,-47.94187,,,,,2023-06-15T18:20:21+00:00
BRA_116092,Brasília,5300108,,Piracicabana,066.2,https://moovitapp.com/index/pt-br/transporte_p%C3%BAblico-line-066_2-Brasilia-1702-850942-339293-0,-1.0,-15.62279,-47.65607,,,,,2023-06-15T18:20:21+00:00
BRA_118109,Brasília,5300108,,Piracicabana,505.8,https://moovitapp.com/index/pt-br/transporte_p%C3%BAblico-line-505_8-Brasilia-1702-850942-339297-0,-1.0,-15.65208,-47.80382,,,,,2023-06-15T18:20:22+00:00
BRA_121002,Brasília,5300108,,Piracicabana,600.7,https://moovitapp.com/index/pt-br/transporte_p%C3%BAblico-line-600_7-Brasilia-1702-850942-698442-0,-1.0,-15.59839,-47.67627,,,,,2023-06-15T18:20:22+00:00
BRA_118753,Brasília,5300108,,Piracicabana,136.7,https://moovitapp.com/index/pt-br/transporte_p%C3%BAblico-line-136_7-Brasilia-1702-850942-242451-0,-1.0,-15.81644,-47.88961,,,,,2023-06-15T18:20:23+00:00
BRA_117412,Brasília,5300108,,Piracicabana,0.168,https://moovitapp.com/index/pt-br/transporte_p%C3%BAblico-line-0_168-Brasilia-1702-850942-242392-0,-1.0,-15.80043,-47.9376,,,,,2023-06-15T18:20:23+00:00
BRA_118940,Brasília,5300108,,Piracicabana,140.1,https://moovitapp.com/index/pt-br/transporte_p%C3%BAblico-line-140_1-Brasilia-1702-850942-408805-0,-1.0,-15.79329,-47.882,,,,1,2023-06-15T18:20:26+00:00
BRA_118826,Brasília,5300108,,Piracicabana,0.109,https://moovitapp.com/index/pt-br/transporte_p%C3%BAblico-line-0_109-Brasilia-1702-850942-139332631-0,-1.0,-15.79383,-47.88173,,,,1,2023-06-15T18:20:30+00:00
