bus_id,city,city_code,adapted,agency,line_code,line_url,line_fare,latitude,longitude,bus_speed,is_eletric,bus_type,bus_direction,updated_at
BRA_338249,Brasília,5300108,,Urbi,870.1,https://moovitapp.com/index/pt-br/transporte_p%C3%BAblico-line-870_1-Brasilia-1702-851595-715272-0,-1.0,-15.92148,-48.10717,0.0,,,1,2023-06-15T02:45:43+00:00
BRA_335584,Brasília,5300108,,Urbi,366.7,https://moovitapp.com/index/pt-br/transporte_p%C3%BAblico-line-366_7-Brasilia-1702-851595-650086-0,-1.0,-15.85878,-48.06816,0.0,,,2,2023-06-15T12:25:27+00:00
BRA_338508,Brasília,5300108,,Urbi,814.1,https://moovitapp.com/index/pt-br/transporte_p%C3%BAblico-line-814_1-Brasilia-1702-851595-492985-0,-1.0,-15.86537,-48.08089,0.83,,,1,2023-06-15T12:40:34+00:00
BRA_337056,Brasília,5300108,,Urbi,0.816,https://moovitapp.com/index/pt-br/transporte_p%C3%BAblico-line-0_816-Brasilia-1702-851595-322387-0,-1.0,-15.79839,-47.87183,11.11,,,1,2023-06-15T12:40:41+00:00
BRA_339491,Brasília,5300108,,Urbi,807.6,https://moovitapp.com/index/pt-br/transporte_p%C3%BAblico-line-807_6-Brasilia-1702-851595-334092-0,-1.0,-15.90321,-48.06199,0.0,,,1,2023-06-15T12:41:12+00:00
BRA_337455,Brasília,5300108,,Urbi,807.2,https://moovitapp.com/index/pt-br/transporte_p%C3%BAblico-line-807_2-Brasilia-1702-851595-781329-0,-1.0,-15.92351,-48.09974,6.67,,,1,2023-06-15T12:41:28+00:00
BRA_340065,Brasília,5300108,,Urbi,0.050,https://moovitapp.com/index/pt-br/transporte_p%C3%BAblico-line-0_050-Brasilia-1702-851595-781325-0,-1.0,-15.8544,-48.07156,6.39,,,1,2023-06-15T12:42:24+00:00
BRA_337412,Brasília,5300108,,Urbi,084.1,https://moovitapp.com/index/pt-br/transporte_p%C3%BAblico-line-084_1-Brasilia-1702-851595-466292-0,-1.0,-15.76097,-47.92278,11.39,,,1,2023-06-15T12:42:27+00:00
BRA_337943,Brasília,5300108,,Urbi,0.811,https://moovitapp.com/index/pt-br/transporte_p%C3%BAblico-line-0_811-Brasilia-1702-851595-334078-0,-1.0,-15.77522,-47.88805,4.72,,,1,2023-06-15T12:42:41+00:00
BRA_339555,Brasília,5300108,,Urbi,807.9,https://moovitapp.com/index/pt-br/transporte_p%C3%BAblico-line-807_9-Brasilia-1702-851595-322409-0,-1.0,-15.90258,-48.06002,10.28,,,1,2023-06-15T12:43:17+00:00
BRA_337463,Brasília,5300108,,Urbi,813.2,https://moovitapp.com/index/pt-br/transporte_p%C3%BAblico-line-813_2-Brasilia-1702-851595-242636-0,-1.0,-15.81055,-47.9038,1.94,,,2,2023-06-15T12:43:54+00:00
BRA_340740,Brasília,5300108,,Urbi,373.2,https://moovitapp.com/index/pt-br/transporte_p%C3%BAblico-line-373_2-Brasilia-1702-851595-334084-0,-1.0,-15.87718,-48.0018,18.61,,,2,2023-06-15T12:43:55+00:00
BRA_336211,Brasília,5300108,,Urbi,0.380,https://moovitapp.com/index/pt-br/transporte_p%C3%BAblico-line-0_380-Brasilia-1702-851595-334073-0,-1.0,-15.81011,-47.97565,20.56,,,1,2023-06-15T12:43:58+00:00
BRA_337307,Brasília,5300108,,Urbi,0.810,https://moovitapp.com/index/pt-br/transporte_p%C3%BAblico-line-0_810-Brasilia-1702-851595-363856-0,-1.0,-15.93307,-48.10952,0.0,,,2,2023-06-15T12:44:05+00:00
BRA_337935,Brasília,5300108,,Urbi,0.808,https://moovitapp.com/index/pt-br/transporte_p%C3%BAblico-line-0_808-Brasilia-1702-851595-372359-0,-1.0,-15.84299,-48.07516,15.28,,,1,2023-06-15T12:44:16+00:00
BRA_335720,Brasília,5300108,,Urbi,0.853,https://moovitapp.com/index/pt-br/transporte_p%C3%BAblico-line-0_853-Brasilia-1702-851595-454968-0,-1.0,-15.78236,-47.87383,18.61,,,1,2023-06-15T12:44:17+00:00
BRA_337439,Brasília,5300108,,Urbi,0.176,https://moovitapp.com/index/pt-br/transporte_p%C3%BAblico-line-0_176-Brasilia-1702-851595-242527-0,-1.0,-15.7963,-47.87721,0.0,,,2,2023-06-15T12:44:19+00:00
BRA_338800,Brasília,5300108,,Urbi,0.811,https://moovitapp.com/index/pt-br/transporte_p%C3%BAblico-line-0_811-Brasilia-1702-851595-334078-0,-1.0,-15.8685,-47.97004,9.17,,,2,2023-06-15T12:44:21+00:00
BRA_338133,Brasília,5300108,,Urbi,0.038,https://moovitapp.com/index/pt-br/transporte_p%C3%BAblico-line-0_038-Brasilia-1702-851595-687419-0,-1.0,-15.83996,-48.04728,16.94,,,1,2023-06-15T12:44:22+00:00
BRA_336041,Brasília,5300108,,Urbi,056.2,https://moovitapp.com/index/pt-br/transporte_p%C3%BAblico-line-056_2-Brasilia-1702-851595-492982-0,-1.0,-15.85515,-48.07113,11.94,,,1,2023-06-15T12:44:39+00:00
BRA_333832,Brasília,5300108,,Urbi,0.171,https://moovitapp.com/index/pt-br/transporte_p%C3%BAblico-line-0_171-Brasilia-1702-851595-242524-0,-1.0,-15.73631,-47.90699,0.0,,,2,2023-06-15T12:44:45+00:00
BRA_333913,Brasília,5300108,,Urbi,0.825,https://moovitapp.com/index/pt-br/transporte_p%C3%BAblico-line-0_825-Brasilia-1702-851595-334081-0,-1.0,-15.80106,-47.88655,12.22,,,2,2023-06-15T12:44:46+00:00
BRA_337021,Brasília,5300108,,Urbi,0.812,https://moovitapp.com/index/pt-br/transporte_p%C3%BAblico-line-0_812-Brasilia-1702-851595-697958-0,-1.0,-15.78853,-48.13488,0.56,,,1,2023-06-15T12:44:49+00:00
BRA_336360,Brasília,5300108,,Urbi,394.1,https://moovitapp.com/index/pt-br/transporte_p%C3%BAblico-line-394_1-Brasilia-1702-851595-334089-0,-1.0,-15.78813,-47.91009,0.0,,,1,2023-06-15T12:44:50+00:00
BRA_338885,Brasília,5300108,,Urbi,0.882,https://moovitapp.com/index/pt-br/transporte_p%C3%BAblico-line-0_882-Brasilia-1702-851595-363858-0,-1.0,-15.80967,-47.93602,0.0,,,1,2023-06-15T12:44:51+00:00
BRA_336505,Brasília,5300108,,Urbi,0.881,https://moovitapp.com/index/pt-br/transporte_p%C3%BAblico-line-0_881-Brasilia-1702-851595-363857-0,-1.0,-15.88714,-48.0534,7.5,,,1,2023-06-15T12:44:51+00:00
BRA_340201,Brasília,5300108,,Urbi,372.5,https://moovitapp.com/index/pt-br/transporte_p%C3%BAblico-line-372_5-Brasilia-1702-851595-519391-0,-1.0,-15.86968,-48.08799,14.17,,,1,2023-06-15T12:44:54+00:00
BRA_336769,Brasília,5300108,,Urbi,0.825,https://moovitapp.com/index/pt-br/transporte_p%C3%BAblico-line-0_825-Brasilia-1702-851595-334081-0,-1.0,-15.87805,-48.06956,11.67,,,2,2023-06-15T12:44:54+00:00
BRA_335703,Brasília,5300108,,Urbi,380.3,https://moovitapp.com/index/pt-br/transporte_p%C3%BAblico-line-380_3-Brasilia-1702-851595-504337-0,-1.0,-15.88332,-48.12889,19.17,,,2,2023-06-15T12:44:56+00:00
BRA_340758,Brasília,5300108,,Urbi,0.821,https://moovitapp.com/index/pt-br/transporte_p%C3%BAblico-line-0_821-Brasilia-1702-851595-334080-0,-1.0,-15.81399,-47.89592,15.83,,,1,2023-06-15T12:44:56+00:00
BRA_337994,Brasília,5300108,,Urbi,805.1,https://moovitapp.com/index/pt-br/transporte_p%C3%BAblico-line-805_1-Brasilia-1702-851595-454980-0,-1.0,-15.86143,-48.03529,15.56,,,2,2023-06-15T12:44:57+00:00
BRA_339431,Brasília,5300108,,Urbi,0.814,https://moovitapp.com/index/pt-br/transporte_p%C3%BAblico-line-0_814-Brasilia-1702-851595-492980-0,-1.0,-15.86869,-48.05587,0.0,,,1,2023-06-15T12:44:57+00:00
BRA_337552,Brasília,5300108,,Urbi,0.898,https://moovitapp.com/index/pt-br/transporte_p%C3%BAblico-line-0_898-Brasilia-1702-851595-322394-0,-1.0,-15.83417,-48.08088,14.44,,,1,2023-06-15T12:44:58+00:00
BRA_340782,Brasília,5300108,,Urbi,0.171,https://moovitapp.com/index/pt-br/transporte_p%C3%BAblico-line-0_171-Brasilia-1702-851595-242524-0,-1.0,-15.81522,-47.91023,0.56,,,2,2023-06-15T12:44:58+00:00
BRA_337641,Brasília,5300108,,Urbi,0.811,https://moovitapp.com/index/pt-br/transporte_p%C3%BAblico-line-0_811-Brasilia-1702-851595-334078-0,-1.0,-15.73502,-47.89953,0.0,,,2,2023-06-15T12:44:59+00:00
BRA_337072,Brasília,5300108,,Urbi,0.882,https://moovitapp.com/index/pt-br/transporte_p%C3%BAblico-line-0_882-Brasilia-1702-851595-363858-0,-1.0,-15.88944,-48.05238,9.44,,,1,2023-06-15T12:44:59+00:00
BRA_339474,Brasília,5300108,,Urbi,806.1,https://moovitapp.com/index/pt-br/transporte_p%C3%BAblico-line-806_1-Brasilia-1702-851595-775104-0,-1.0,-15.91128,-48.05148,10.0,,,2,2023-06-15T12:45:00+00:00
BRA_336858,Brasília,5300108,,Urbi,874.4,https://moovitapp.com/index/pt-br/transporte_p%C3%BAblico-line-874_4-Brasilia-1702-851595-775106-0,-1.0,-15.91456,-48.06303,6.94,,,1,2023-06-15T12:45:01+00:00
BRA_340138,Brasília,5300108,,Urbi,393.4,https://moovitapp.com/index/pt-br/transporte_p%C3%BAblico-line-393_4-Brasilia-1702-851595-588816-0,-1.0,-15.88678,-48.10585,6.67,,,2,2023-06-15T12:45:01+00:00
BRA_337714,Brasília,5300108,,Urbi,812.1,https://moovitapp.com/index/pt-br/transporte_p%C3%BAblico-line-812_1-Brasilia-1702-851595-372386-0,-1.0,-15.83757,-48.09206,0.0,,,1,2023-06-15T12:45:01+00:00
BRA_336203,Brasília,5300108,,Urbi,0.394,https://moovitapp.com/index/pt-br/transporte_p%C3%BAblico-line-0_394-Brasilia-1702-851595-334076-0,-1.0,-15.86423,-48.03381,18.33,,,1,2023-06-15T12:45:02+00:00
BRA_340260,Brasília,5300108,,Urbi,393.7,https://moovitapp.com/index/pt-br/transporte_p%C3%BAblico-line-393_7-Brasilia-1702-851595-588818-0,-1.0,-15.842,-48.04554,0.0,,,1,2023-06-15T12:45:03+00:00
BRA_339253,Brasília,5300108,,Urbi,0.050,https://moovitapp.com/index/pt-br/transporte_p%C3%BAblico-line-0_050-Brasilia-1702-851595-781325-0,-1.0,-15.84181,-48.05756,5.28,,,1,2023-06-15T12:45:03+00:00
BRA_337960,Brasília,5300108,,Urbi,0.898,https://moovitapp.com/index/pt-br/transporte_p%C3%BAblico-line-0_898-Brasilia-1702-851595-322394-0,-1.0,-15.87247,-48.02986,0.0,,,1,2023-06-15T12:45:04+00:00
BRA_338419,Brasília,5300108,,Urbi,805.9,https://moovitapp.com/index/pt-br/transporte_p%C3%BAblico-line-805_9-Brasilia-1702-851595-454983-0,-1.0,-15.86882,-48.05639,12.78,,,1,2023-06-15T12:45:04+00:00
BRA_340162,Brasília,5300108,,Urbi,366.1,https://moovitapp.com/index/pt-br/transporte_p%C3%BAblico-line-366_1-Brasilia-1702-851595-425249-0,-1.0,-15.87101,-48.09064,2.78,,,2,2023-06-15T12:45:06+00:00
BRA_340031,Brasília,5300108,,Urbi,0.053,https://moovitapp.com/index/pt-br/transporte_p%C3%BAblico-line-0_053-Brasilia-1702-851595-588803-0,-1.0,-15.8333,-48.05634,6.67,,,1,2023-06-15T12:45:06+00:00
BRA_337765,Brasília,5300108,,Urbi,872.2,https://moovitapp.com/index/pt-br/transporte_p%C3%BAblico-line-872_2-Brasilia-1702-851595-425251-0,-1.0,-15.90796,-48.05225,12.78,,,1,2023-06-15T12:45:07+00:00
BRA_340669,Brasília,5300108,,Urbi,366.1,https://moovitapp.com/index/pt-br/transporte_p%C3%BAblico-line-366_1-Brasilia-1702-851595-425249-0,-1.0,-15.86828,-48.08592,6.94,,,1,2023-06-15T12:45:07+00:00
BRA_336807,Brasília,5300108,,Urbi,0.391,https://moovitapp.com/index/pt-br/transporte_p%C3%BAblico-line-0_391-Brasilia-1702-851595-372354-0,-1.0,-15.79507,-47.89086,6.39,,,2,2023-06-15T12:45:08+00:00
BRA_335894,Brasília,5300108,,Urbi,0.393,https://moovitapp.com/index/pt-br/transporte_p%C3%BAblico-line-0_393-Brasilia-1702-851595-588805-0,-1.0,-15.80526,-48.07533,0.0,,,1,2023-06-15T12:45:08+00:00
BRA_339571,Brasília,5300108,,Urbi,805.8,https://moovitapp.com/index/pt-br/transporte_p%C3%BAblico-line-805_8-Brasilia-1702-851595-454982-0,-1.0,-15.84845,-48.04795,10.83,,,1,2023-06-15T12:45:08+00:00
BRA_340359,Brasília,5300108,,Urbi,0.346,https://moovitapp.com/index/pt-br/transporte_p%C3%BAblico-line-0_346-Brasilia-1702-851595-46461186-0,-1.0,-15.808,-48.13266,3.33,,,2,2023-06-15T12:45:09+00:00
BRA_340499,Brasília,5300108,,Urbi,366.1,https://moovitapp.com/index/pt-br/transporte_p%C3%BAblico-line-366_1-Brasilia-1702-851595-425249-0,-1.0,-15.89416,-48.11269,4.72,,,2,2023-06-15T12:45:10+00:00
BRA_338524,Brasília,5300108,,Urbi,813.2,https://moovitapp.com/index/pt-br/transporte_p%C3%BAblico-line-813_2-Brasilia-1702-851595-242636-0,-1.0,-15.80704,-47.89957,10.83,,,1,2023-06-15T12:45:10+00:00
BRA_340651,Brasília,5300108,,Urbi,0.366,https://moovitapp.com/index/pt-br/transporte_p%C3%BAblico-line-0_366-Brasilia-1702-851595-650085-0,-1.0,-15.85612,-48.07064,5.28,,,1,2023-06-15T12:45:12+00:00
BRA_335401,Brasília,5300108,,Urbi,393.4,https://moovitapp.com/index/pt-br/transporte_p%C3%BAblico-line-393_4-Brasilia-1702-851595-588816-0,-1.0,-15.85843,-48.04552,4.72,,,1,2023-06-15T12:45:12+00:00
BRA_336271,Brasília,5300108,,Urbi,0.380,https://moovitapp.com/index/pt-br/transporte_p%C3%BAblico-line-0_380-Brasilia-1702-851595-334073-0,-1.0,-15.80972,-47.93664,14.17,,,2,2023-06-15T12:45:12+00:00
BRA_336301,Brasília,5300108,,Urbi,0.380,https://moovitapp.com/index/pt-br/transporte_p%C3%BAblico-line-0_380-Brasilia-1702-851595-334073-0,-1.0,-15.8928,-48.14868,10.56,,,1,2023-06-15T12:45:13+00:00
BRA_339091,Brasília,5300108,,Urbi,8133,https://moovitapp.com/index/pt-br/transporte_p%C3%BAblico-line-8133-Brasilia-1702-851595-115849373-0,-1.0,-15.80666,-47.89939,11.67,,,2,2023-06-15T12:45:13+00:00
BRA_339202,Brasília,5300108,,Urbi,391.3,https://moovitapp.com/index/pt-br/transporte_p%C3%BAblico-line-391_3-Brasilia-1702-851595-372373-0,-1.0,-15.80904,-47.90179,15.56,,,1,2023-06-15T12:45:13+00:00
BRA_335924,Brasília,5300108,,Urbi,0.373,https://moovitapp.com/index/pt-br/transporte_p%C3%BAblico-line-0_373-Brasilia-1702-851595-334072-0,-1.0,-15.85443,-48.07113,6.39,,,2,2023-06-15T12:45:14+00:00
BRA_335665,Brasília,5300108,,Urbi,0.393,https://moovitapp.com/index/pt-br/transporte_p%C3%BAblico-line-0_393-Brasilia-1702-851595-588805-0,-1.0,-15.87616,-48.08031,11.11,,,1,2023-06-15T12:45:14+00:00
BRA_340529,Brasília,5300108,,Urbi,0.082,https://moovitapp.com/index/pt-br/transporte_p%C3%BAblico-line-0_082-Brasilia-1702-851595-781326-0,-1.0,-15.82617,-47.95144,8.33,,,1,2023-06-15T12:45:16+00:00
BRA_335681,Brasília,5300108,,Urbi,0.821,https://moovitapp.com/index/pt-br/transporte_p%C3%BAblico-line-0_821-Brasilia-1702-851595-334080-0,-1.0,-15.79324,-47.88175,5.0,,,2,2023-06-15T12:45:16+00:00
BRA_338486,Brasília,5300108,,Urbi,0.812,https://moovitapp.com/index/pt-br/transporte_p%C3%BAblico-line-0_812-Brasilia-1702-851595-697958-0,-1.0,-15.83627,-48.08821,20.28,,,1,2023-06-15T12:45:18+00:00
BRA_336327,Brasília,5300108,,Urbi,394.1,https://moovitapp.com/index/pt-br/transporte_p%C3%BAblico-line-394_1-Brasilia-1702-851595-334089-0,-1.0,-15.81115,-47.99242,19.17,,,1,2023-06-15T12:45:18+00:00
BRA_336874,Brasília,5300108,,Urbi,0.871,https://moovitapp.com/index/pt-br/transporte_p%C3%BAblico-line-0_871-Brasilia-1702-851595-418741-0,-1.0,-15.78749,-47.89667,16.67,,,2,2023-06-15T12:45:20+00:00
BRA_339512,Brasília,5300108,,Urbi,0.806,https://moovitapp.com/index/pt-br/transporte_p%C3%BAblico-line-0_806-Brasilia-1702-851595-339299-0,-1.0,-15.91851,-48.04623,8.61,,,1,2023-06-15T12:45:20+00:00
BRA_339377,Brasília,5300108,,Urbi,366.1,https://moovitapp.com/index/pt-br/transporte_p%C3%BAblico-line-366_1-Brasilia-1702-851595-425249-0,-1.0,-15.89308,-48.10996,15.0,,,1,2023-06-15T12:45:21+00:00
BRA_339326,Brasília,5300108,,Urbi,160.2,https://moovitapp.com/index/pt-br/transporte_p%C3%BAblico-line-160_2-Brasilia-1702-851595-242581-0,-1.0,-15.84018,-47.95397,15.56,,,2,2023-06-15T12:45:22+00:00
BRA_335916,Brasília,5300108,,Urbi,372.4,https://moovitapp.com/index/pt-br/transporte_p%C3%BAblico-line-372_4-Brasilia-1702-851595-650087-0,-1.0,-15.85145,-48.06134,6.39,,,1,2023-06-15T12:45:22+00:00
BRA_333930,Brasília,5300108,,Urbi,0.054,https://moovitapp.com/index/pt-br/transporte_p%C3%BAblico-line-0_054-Brasilia-1702-851595-454960-0,-1.0,-15.87702,-48.06106,0.0,,,1,2023-06-15T12:45:22+00:00
BRA_337544,Brasília,5300108,,Urbi,0.811,https://moovitapp.com/index/pt-br/transporte_p%C3%BAblico-line-0_811-Brasilia-1702-851595-334078-0,-1.0,-15.80025,-47.89379,0.0,,,2,2023-06-15T12:45:22+00:00
BRA_336921,Brasília,5300108,,Urbi,807.8,https://moovitapp.com/index/pt-br/transporte_p%C3%BAblico-line-807_8-Brasilia-1702-851595-322408-0,-1.0,-15.93965,-48.03426,6.94,,,2,2023-06-15T12:45:22+00:00
BRA_335690,Brasília,5300108,,Urbi,0.056,https://moovitapp.com/index/pt-br/transporte_p%C3%BAblico-line-0_056-Brasilia-1702-851595-588804-0,-1.0,-15.82459,-48.1186,0.0,,,1,2023-06-15T12:45:23+00:00
BRA_336556,Brasília,5300108,,Urbi,813.1,https://moovitapp.com/index/pt-br/transporte_p%C3%BAblico-line-813_1-Brasilia-1702-851595-242635-0,-1.0,-15.83692,-48.04887,0.0,,,2,2023-06-15T12:45:23+00:00
BRA_339041,Brasília,5300108,,Urbi,0.175,https://moovitapp.com/index/pt-br/transporte_p%C3%BAblico-line-0_175-Brasilia-1702-851595-242526-0,-1.0,-15.80915,-47.90186,12.22,,,1,2023-06-15T12:45:23+00:00
BRA_338664,Brasília,5300108,,Urbi,0.886,https://moovitapp.com/index/pt-br/transporte_p%C3%BAblico-line-0_886-Brasilia-1702-851595-704024-0,-1.0,-15.88128,-48.01251,0.0,,,1,2023-06-15T12:45:23+00:00
BRA_338010,Brasília,5300108,,Urbi,805.2,https://moovitapp.com/index/pt-br/transporte_p%C3%BAblico-line-805_2-Brasilia-1702-851595-454981-0,-1.0,-15.84083,-48.05588,0.0,,,1,2023-06-15T12:45:24+00:00
BRA_338338,Brasília,5300108,,Urbi,0.882,https://moovitapp.com/index/pt-br/transporte_p%C3%BAblico-line-0_882-Brasilia-1702-851595-363858-0,-1.0,-15.87189,-47.97637,18.61,,,2,2023-06-15T12:45:24+00:00
BRA_340553,Brasília,5300108,,Urbi,056.4,https://moovitapp.com/index/pt-br/transporte_p%C3%BAblico-line-056_4-Brasilia-1702-851595-519387-0,-1.0,-15.8516,-48.1146,10.83,,,1,2023-06-15T12:45:24+00:00
BRA_333867,Brasília,5300108,,Urbi,0.053,https://moovitapp.com/index/pt-br/transporte_p%C3%BAblico-line-0_053-Brasilia-1702-851595-588803-0,-1.0,-15.88635,-48.10402,7.78,,,1,2023-06-15T12:45:25+00:00
BRA_339539,Brasília,5300108,,Urbi,806.1,https://moovitapp.com/index/pt-br/transporte_p%C3%BAblico-line-806_1-Brasilia-1702-851595-775104-0,-1.0,-15.8743,-48.0593,4.17,,,2,2023-06-15T12:45:25+00:00
BRA_339610,Brasília,5300108,,Urbi,806.1,https://moovitapp.com/index/pt-br/transporte_p%C3%BAblico-line-806_1-Brasilia-1702-851595-775104-0,-1.0,-15.91588,-48.05028,3.61,,,1,2023-06-15T12:45:26+00:00
BRA_336513,Brasília,5300108,,Urbi,0.871,https://moovitapp.com/index/pt-br/transporte_p%C3%BAblico-line-0_871-Brasilia-1702-851595-418741-0,-1.0,-15.90824,-48.05882,6.39,,,1,2023-06-15T12:45:26+00:00
BRA_336467,Brasília,5300108,,Urbi,0.871,https://moovitapp.com/index/pt-br/transporte_p%C3%BAblico-line-0_871-Brasilia-1702-851595-418741-0,-1.0,-15.90208,-48.05439,13.06,,,2,2023-06-15T12:45:27+00:00
BRA_335614,Brasília,5300108,,Urbi,0.373,https://moovitapp.com/index/pt-br/transporte_p%C3%BAblico-line-0_373-Brasilia-1702-851595-334072-0,-1.0,-15.854,-48.073,0.56,,,1,2023-06-15T12:45:27+00:00
BRA_339725,Brasília,5300108,,Urbi,0.397,https://moovitapp.com/index/pt-br/transporte_p%C3%BAblico-line-0_397-Brasilia-1702-851595-890857-0,-1.0,-15.81156,-48.09376,0.28,,,1,2023-06-15T12:45:27+00:00
BRA_336912,Brasília,5300108,,Urbi,086.1,https://moovitapp.com/index/pt-br/transporte_p%C3%BAblico-line-086_1-Brasilia-1702-851595-481321-0,-1.0,-15.84623,-47.97894,1.67,,,1,2023-06-15T12:45:27+00:00
BRA_340561,Brasília,5300108,,Urbi,366.7,https://moovitapp.com/index/pt-br/transporte_p%C3%BAblico-line-366_7-Brasilia-1702-851595-650086-0,-1.0,-15.87579,-47.98528,16.67,,,2,2023-06-15T12:45:27+00:00
BRA_336793,Brasília,5300108,,Urbi,380.2,https://moovitapp.com/index/pt-br/transporte_p%C3%BAblico-line-380_2-Brasilia-1702-851595-334086-0,-1.0,-15.83455,-48.05649,0.0,,,2,2023-06-15T12:45:27+00:00
BRA_338460,Brasília,5300108,,Urbi,084.1,https://moovitapp.com/index/pt-br/transporte_p%C3%BAblico-line-084_1-Brasilia-1702-851595-466292-0,-1.0,-15.8772,-47.99777,0.0,,,1,2023-06-15T12:45:27+00:00
BRA_338028,Brasília,5300108,,Urbi,0.368,https://moovitapp.com/index/pt-br/transporte_p%C3%BAblico-line-0_368-Brasilia-1702-851595-706971-0,-1.0,-15.81104,-48.08972,0.0,,,1,2023-06-15T12:45:27+00:00
BRA_337986,Brasília,5300108,,Urbi,0.805,https://moovitapp.com/index/pt-br/transporte_p%C3%BAblico-line-0_805-Brasilia-1702-851595-460800-0,-1.0,-15.88854,-48.05846,15.0,,,1,2023-06-15T12:45:27+00:00
BRA_338095,Brasília,5300108,,Urbi,0.809,https://moovitapp.com/index/pt-br/transporte_p%C3%BAblico-line-0_809-Brasilia-1702-851595-516630-0,-1.0,-15.91714,-48.10063,2.5,,,1,2023-06-15T12:45:28+00:00
BRA_338672,Brasília,5300108,,Urbi,086.1,https://moovitapp.com/index/pt-br/transporte_p%C3%BAblico-line-086_1-Brasilia-1702-851595-481321-0,-1.0,-15.84268,-47.96593,4.17,,,1,2023-06-15T12:45:28+00:00
BRA_338621,Brasília,5300108,,Urbi,813.2,https://moovitapp.com/index/pt-br/transporte_p%C3%BAblico-line-813_2-Brasilia-1702-851595-242636-0,-1.0,-15.91313,-48.09999,10.83,,,2,2023-06-15T12:45:28+00:00
BRA_339873,Brasília,5300108,,Urbi,0.821,https://moovitapp.com/index/pt-br/transporte_p%C3%BAblico-line-0_821-Brasilia-1702-851595-334080-0,-1.0,-15.88462,-48.10028,0.0,,,1,2023-06-15T12:45:28+00:00
BRA_340243,Brasília,5300108,,Urbi,0.347,https://moovitapp.com/index/pt-br/transporte_p%C3%BAblico-line-0_347-Brasilia-1702-851595-347128-0,-1.0,-15.87008,-47.96612,0.0,,,1,2023-06-15T12:45:28+00:00
BRA_340642,Brasília,5300108,,Urbi,367.2,https://moovitapp.com/index/pt-br/transporte_p%C3%BAblico-line-367_2-Brasilia-1702-851595-454971-0,-1.0,-15.8424,-48.04671,6.39,,,1,2023-06-15T12:45:28+00:00
BRA_337595,Brasília,5300108,,Urbi,874.4,https://moovitapp.com/index/pt-br/transporte_p%C3%BAblico-line-874_4-Brasilia-1702-851595-775106-0,-1.0,-15.80153,-47.91898,17.22,,,2,2023-06-15T12:45:28+00:00
BRA_336599,Brasília,5300108,,Urbi,0.871,https://moovitapp.com/index/pt-br/transporte_p%C3%BAblico-line-0_871-Brasilia-1702-851595-418741-0,-1.0,-15.80915,-47.95538,16.11,,,1,2023-06-15T12:45:29+00:00
BRA_336238,Brasília,5300108,,Urbi,0.394,https://moovitapp.com/index/pt-br/transporte_p%C3%BAblico-line-0_394-Brasilia-1702-851595-334076-0,-1.0,-15.78818,-47.91005,6.11,,,1,2023-06-15T12:45:29+00:00
BRA_337609,Brasília,5300108,,Urbi,871.3,https://moovitapp.com/index/pt-br/transporte_p%C3%BAblico-line-871_3-Brasilia-1702-851595-588820-0,-1.0,-15.92022,-48.04829,5.28,,,1,2023-06-15T12:45:29+00:00
BRA_337846,Brasília,5300108,,Urbi,0.809,https://moovitapp.com/index/pt-br/transporte_p%C3%BAblico-line-0_809-Brasilia-1702-851595-516630-0,-1.0,-15.79368,-47.88271,1.94,,,2,2023-06-15T12:45:29+00:00
BRA_340537,Brasília,5300108,,Urbi,0.171,https://moovitapp.com/index/pt-br/transporte_p%C3%BAblico-line-0_171-Brasilia-1702-851595-242524-0,-1.0,-15.84533,-47.92197,4.72,,,1,2023-06-15T12:45:29+00:00
BRA_340316,Brasília,5300108,,Urbi,0.129,https://moovitapp.com/index/pt-br/transporte_p%C3%BAblico-line-0_129-Brasilia-1702-851595-775097-0,-1.0,-15.86798,-47.92439,12.22,,,1,2023-06-15T12:45:29+00:00
BRA_339971,Brasília,5300108,,Urbi,0.082,https://moovitapp.com/index/pt-br/transporte_p%C3%BAblico-line-0_082-Brasilia-1702-851595-781326-0,-1.0,-15.80957,-47.94812,8.61,,,1,2023-06-15T12:45:29+00:00
BRA_336688,Brasília,5300108,,Urbi,367.2,https://moovitapp.com/index/pt-br/transporte_p%C3%BAblico-line-367_2-Brasilia-1702-851595-454971-0,-1.0,-15.85055,-48.04162,7.78,,,1,2023-06-15T12:45:29+00:00
BRA_338265,Brasília,5300108,,Urbi,368.1,https://moovitapp.com/index/pt-br/transporte_p%C3%BAblico-line-368_1-Brasilia-1702-851595-706972-0,-1.0,-15.83438,-48.07518,8.06,,,1,2023-06-15T12:45:29+00:00
BRA_339849,Brasília,5300108,,Urbi,0.399,https://moovitapp.com/index/pt-br/transporte_p%C3%BAblico-line-0_399-Brasilia-1702-851595-454964-0,-1.0,-15.89609,-48.14054,9.72,,,2,2023-06-15T12:45:29+00:00
BRA_338516,Brasília,5300108,,Urbi,0.808,https://moovitapp.com/index/pt-br/transporte_p%C3%BAblico-line-0_808-Brasilia-1702-851595-372359-0,-1.0,-15.92659,-48.10661,0.83,,,1,2023-06-15T12:45:29+00:00
BRA_339806,Brasília,5300108,,Urbi,397.2,https://moovitapp.com/index/pt-br/transporte_p%C3%BAblico-line-397_2-Brasilia-1702-851595-890938-0,-1.0,-15.89089,-48.14533,18.33,,,1,2023-06-15T12:45:30+00:00
BRA_340391,Brasília,5300108,,Urbi,396.2,https://moovitapp.com/index/pt-br/transporte_p%C3%BAblico-line-396_2-Brasilia-1702-851595-372377-0,-1.0,-15.85329,-47.95499,6.94,,,1,2023-06-15T12:45:30+00:00
BRA_337757,Brasília,5300108,,Urbi,870.1,https://moovitapp.com/index/pt-br/transporte_p%C3%BAblico-line-870_1-Brasilia-1702-851595-715272-0,-1.0,-15.82426,-47.90956,17.5,,,1,2023-06-15T12:45:30+00:00
BRA_336459,Brasília,5300108,,Urbi,0.886,https://moovitapp.com/index/pt-br/transporte_p%C3%BAblico-line-0_886-Brasilia-1702-851595-704024-0,-1.0,-15.81712,-48.10442,0.0,,,2,2023-06-15T12:45:31+00:00
BRA_335941,Brasília,5300108,,Urbi,0.391,https://moovitapp.com/index/pt-br/transporte_p%C3%BAblico-line-0_391-Brasilia-1702-851595-372354-0,-1.0,-15.82172,-47.93582,5.56,,,2,2023-06-15T12:45:31+00:00
BRA_336068,Brasília,5300108,,Urbi,393.4,https://moovitapp.com/index/pt-br/transporte_p%C3%BAblico-line-393_4-Brasilia-1702-851595-588816-0,-1.0,-15.89694,-48.11856,0.0,,,1,2023-06-15T12:45:31+00:00
BRA_336157,Brasília,5300108,,Urbi,0.886,https://moovitapp.com/index/pt-br/transporte_p%C3%BAblico-line-0_886-Brasilia-1702-851595-704024-0,-1.0,-15.78819,-48.13436,0.28,,,2,2023-06-15T12:45:31+00:00
BRA_336165,Brasília,5300108,,Urbi,0.886,https://moovitapp.com/index/pt-br/transporte_p%C3%BAblico-line-0_886-Brasilia-1702-851595-704024-0,-1.0,-15.83113,-48.05631,8.33,,,2,2023-06-15T12:45:31+00:00
BRA_337684,Brasília,5300108,,Urbi,0.811,https://moovitapp.com/index/pt-br/transporte_p%C3%BAblico-line-0_811-Brasilia-1702-851595-334078-0,-1.0,-15.94073,-48.03614,3.33,,,1,2023-06-15T12:45:31+00:00
BRA_337153,Brasília,5300108,,Urbi,0.087,https://moovitapp.com/index/pt-br/transporte_p%C3%BAblico-line-0_087-Brasilia-1702-851595-242519-0,-1.0,-15.9479,-48.03396,15.83,,,1,2023-06-15T12:45:31+00:00
BRA_340154,Brasília,5300108,,Urbi,373.2,https://moovitapp.com/index/pt-br/transporte_p%C3%BAblico-line-373_2-Brasilia-1702-851595-334084-0,-1.0,-15.83825,-47.92336,18.61,,,1,2023-06-15T12:45:31+00:00
BRA_340189,Brasília,5300108,,Urbi,0.391,https://moovitapp.com/index/pt-br/transporte_p%C3%BAblico-line-0_391-Brasilia-1702-851595-372354-0,-1.0,-15.85413,-47.95513,5.28,,,1,2023-06-15T12:45:31+00:00
BRA_338826,Brasília,5300108,,Urbi,0.883,https://moovitapp.com/index/pt-br/transporte_p%C3%BAblico-line-0_883-Brasilia-1702-851595-510239-0,-1.0,-15.94965,-48.03333,0.28,,,1,2023-06-15T12:45:31+00:00
BRA_338842,Brasília,5300108,,Urbi,0.810,https://moovitapp.com/index/pt-br/transporte_p%C3%BAblico-line-0_810-Brasilia-1702-851595-363856-0,-1.0,-15.86656,-47.96505,7.78,,,1,2023-06-15T12:45:32+00:00
BRA_339938,Brasília,5300108,,Urbi,0.163,https://moovitapp.com/index/pt-br/transporte_p%C3%BAblico-line-0_163-Brasilia-1702-851595-352629-0,-1.0,-15.81532,-47.91037,3.33,,,1,2023-06-15T12:45:32+00:00
BRA_340618,Brasília,5300108,,Urbi,0.346,https://moovitapp.com/index/pt-br/transporte_p%C3%BAblico-line-0_346-Brasilia-1702-851595-46461186-0,-1.0,-15.81686,-48.10403,0.0,,,2,2023-06-15T12:45:32+00:00
BRA_340341,Brasília,5300108,,Urbi,056.2,https://moovitapp.com/index/pt-br/transporte_p%C3%BAblico-line-056_2-Brasilia-1702-851595-492982-0,-1.0,-15.86887,-48.08612,4.17,,,1,2023-06-15T12:45:32+00:00
BRA_336190,Brasília,5300108,,Urbi,0.380,https://moovitapp.com/index/pt-br/transporte_p%C3%BAblico-line-0_380-Brasilia-1702-851595-334073-0,-1.0,-15.89052,-48.12942,13.89,,,2,2023-06-15T12:45:32+00:00
BRA_335452,Brasília,5300108,,Urbi,0.160,https://moovitapp.com/index/pt-br/transporte_p%C3%BAblico-line-0_160-Brasilia-1702-851595-470755-0,-1.0,-15.84524,-47.92758,18.33,,,2,2023-06-15T12:45:33+00:00
BRA_333905,Brasília,5300108,,Urbi,0.367,https://moovitapp.com/index/pt-br/transporte_p%C3%BAblico-line-0_367-Brasilia-1702-851595-519380-0,-1.0,-15.88422,-48.15011,0.0,,,2,2023-06-15T12:45:33+00:00
BRA_337625,Brasília,5300108,,Urbi,813.2,https://moovitapp.com/index/pt-br/transporte_p%C3%BAblico-line-813_2-Brasilia-1702-851595-242636-0,-1.0,-15.73532,-47.89906,0.0,,,2,2023-06-15T12:45:33+00:00
BRA_337064,Brasília,5300108,,Urbi,0.177,https://moovitapp.com/index/pt-br/transporte_p%C3%BAblico-line-0_177-Brasilia-1702-851595-242528-0,-1.0,-15.86593,-47.96467,18.61,,,1,2023-06-15T12:45:33+00:00
BRA_340324,Brasília,5300108,,Urbi,0.053,https://moovitapp.com/index/pt-br/transporte_p%C3%BAblico-line-0_053-Brasilia-1702-851595-588803-0,-1.0,-15.8306,-48.05466,0.0,,,1,2023-06-15T12:45:33+00:00
BRA_336882,Brasília,5300108,,Urbi,872.2,https://moovitapp.com/index/pt-br/transporte_p%C3%BAblico-line-872_2-Brasilia-1702-851595-425251-0,-1.0,-15.80613,-48.06651,13.61,,,1,2023-06-15T12:45:33+00:00
BRA_339245,Brasília,5300108,,Urbi,160.2,https://moovitapp.com/index/pt-br/transporte_p%C3%BAblico-line-160_2-Brasilia-1702-851595-242581-0,-1.0,-15.76226,-47.87452,8.61,,,2,2023-06-15T12:45:33+00:00
BRA_336700,Brasília,5300108,,Urbi,380.2,https://moovitapp.com/index/pt-br/transporte_p%C3%BAblico-line-380_2-Brasilia-1702-851595-334086-0,-1.0,-15.87001,-48.08871,0.0,,,1,2023-06-15T12:45:33+00:00
BRA_340219,Brasília,5300108,,Urbi,366.1,https://moovitapp.com/index/pt-br/transporte_p%C3%BAblico-line-366_1-Brasilia-1702-851595-425249-0,-1.0,-15.89222,-48.14732,13.06,,,2,2023-06-15T12:45:33+00:00
BRA_338567,Brasília,5300108,,Urbi,0.172,https://moovitapp.com/index/pt-br/transporte_p%C3%BAblico-line-0_172-Brasilia-1702-851595-470756-0,-1.0,-15.84495,-47.93974,19.72,,,1,2023-06-15T12:45:33+00:00
BRA_338389,Brasília,5300108,,Urbi,0.808,https://moovitapp.com/index/pt-br/transporte_p%C3%BAblico-line-0_808-Brasilia-1702-851595-372359-0,-1.0,-15.83743,-48.0752,10.56,,,1,2023-06-15T12:45:33+00:00
BRA_338397,Brasília,5300108,,Urbi,871.3,https://moovitapp.com/index/pt-br/transporte_p%C3%BAblico-line-871_3-Brasilia-1702-851595-588820-0,-1.0,-15.81197,-47.90523,9.44,,,1,2023-06-15T12:45:33+00:00
BRA_338061,Brasília,5300108,,Urbi,0.038,https://moovitapp.com/index/pt-br/transporte_p%C3%BAblico-line-0_038-Brasilia-1702-851595-687419-0,-1.0,-15.82521,-48.06351,11.67,,,1,2023-06-15T12:45:33+00:00
BRA_338044,Brasília,5300108,,Urbi,0.898,https://moovitapp.com/index/pt-br/transporte_p%C3%BAblico-line-0_898-Brasilia-1702-851595-322394-0,-1.0,-15.93888,-48.03931,8.33,,,1,2023-06-15T12:45:33+00:00
BRA_338443,Brasília,5300108,,Urbi,0.176,https://moovitapp.com/index/pt-br/transporte_p%C3%BAblico-line-0_176-Brasilia-1702-851595-242527-0,-1.0,-15.79768,-47.867,0.0,,,1,2023-06-15T12:45:34+00:00
BRA_339822,Brasília,5300108,,Urbi,372.3,https://moovitapp.com/index/pt-br/transporte_p%C3%BAblico-line-372_3-Brasilia-1702-851595-641001-0,-1.0,-15.86533,-48.09466,13.61,,,2,2023-06-15T12:45:34+00:00
BRA_339857,Brasília,5300108,,Urbi,0.366,https://moovitapp.com/index/pt-br/transporte_p%C3%BAblico-line-0_366-Brasilia-1702-851595-650085-0,-1.0,-15.884,-48.15061,0.0,,,2,2023-06-15T12:45:34+00:00
BRA_339865,Brasília,5300108,,Urbi,393.4,https://moovitapp.com/index/pt-br/transporte_p%C3%BAblico-line-393_4-Brasilia-1702-851595-588816-0,-1.0,-15.82969,-48.05844,0.0,,,1,2023-06-15T12:45:34+00:00
BRA_339300,Brasília,5300108,,Urbi,0.054,https://moovitapp.com/index/pt-br/transporte_p%C3%BAblico-line-0_054-Brasilia-1702-851595-454960-0,-1.0,-15.82605,-48.05973,0.0,,,1,2023-06-15T12:45:34+00:00
BRA_339261,Brasília,5300108,,Urbi,391.3,https://moovitapp.com/index/pt-br/transporte_p%C3%BAblico-line-391_3-Brasilia-1702-851595-372373-0,-1.0,-15.86828,-48.08592,5.0,,,2,2023-06-15T12:45:34+00:00
BRA_340073,Brasília,5300108,,Urbi,373.2,https://moovitapp.com/index/pt-br/transporte_p%C3%BAblico-line-373_2-Brasilia-1702-851595-334084-0,-1.0,-15.81787,-47.90318,15.83,,,2,2023-06-15T12:45:34+00:00
BRA_337480,Brasília,5300108,,Urbi,871.3,https://moovitapp.com/index/pt-br/transporte_p%C3%BAblico-line-871_3-Brasilia-1702-851595-588820-0,-1.0,-15.81157,-47.93801,11.67,,,2,2023-06-15T12:45:34+00:00
BRA_337404,Brasília,5300108,,Urbi,0.175,https://moovitapp.com/index/pt-br/transporte_p%C3%BAblico-line-0_175-Brasilia-1702-851595-242526-0,-1.0,-15.87791,-48.00554,1.94,,,1,2023-06-15T12:45:34+00:00
BRA_336441,Brasília,5300108,,Urbi,807.8,https://moovitapp.com/index/pt-br/transporte_p%C3%BAblico-line-807_8-Brasilia-1702-851595-322408-0,-1.0,-15.90438,-48.06819,0.0,,,1,2023-06-15T12:45:34+00:00
BRA_336092,Brasília,5300108,,Urbi,870.1,https://moovitapp.com/index/pt-br/transporte_p%C3%BAblico-line-870_1-Brasilia-1702-851595-715272-0,-1.0,-15.92682,-48.04394,6.94,,,2,2023-06-15T12:45:35+00:00
BRA_339661,Brasília,5300108,,Urbi,397.2,https://moovitapp.com/index/pt-br/transporte_p%C3%BAblico-line-397_2-Brasilia-1702-851595-890938-0,-1.0,-15.81697,-48.10423,0.0,,,1,2023-06-15T12:45:35+00:00
BRA_338699,Brasília,5300108,,Urbi,0.176,https://moovitapp.com/index/pt-br/transporte_p%C3%BAblico-line-0_176-Brasilia-1702-851595-242527-0,-1.0,-15.8447,-47.95366,14.72,,,1,2023-06-15T12:45:35+00:00
BRA_338290,Brasília,5300108,,Urbi,807.1,https://moovitapp.com/index/pt-br/transporte_p%C3%BAblico-line-807_1-Brasilia-1702-851595-322407-0,-1.0,-15.87124,-48.05769,11.94,,,2,2023-06-15T12:45:36+00:00
BRA_338109,Brasília,5300108,,Urbi,0.809,https://moovitapp.com/index/pt-br/transporte_p%C3%BAblico-line-0_809-Brasilia-1702-851595-516630-0,-1.0,-15.87604,-47.98484,16.39,,,1,2023-06-15T12:45:36+00:00
BRA_340235,Brasília,5300108,,Urbi,396.3,https://moovitapp.com/index/pt-br/transporte_p%C3%BAblico-line-396_3-Brasilia-1702-851595-372378-0,-1.0,-15.84277,-47.95373,17.22,,,2,2023-06-15T12:45:36+00:00
BRA_336718,Brasília,5300108,,Urbi,372.4,https://moovitapp.com/index/pt-br/transporte_p%C3%BAblico-line-372_4-Brasilia-1702-851595-650087-0,-1.0,-15.86341,-48.09052,7.5,,,1,2023-06-15T12:45:36+00:00
BRA_340596,Brasília,5300108,,Urbi,0.171,https://moovitapp.com/index/pt-br/transporte_p%C3%BAblico-line-0_171-Brasilia-1702-851595-242524-0,-1.0,-15.76299,-47.89134,8.06,,,2,2023-06-15T12:45:36+00:00
BRA_340766,Brasília,5300108,,Urbi,391.3,https://moovitapp.com/index/pt-br/transporte_p%C3%BAblico-line-391_3-Brasilia-1702-851595-372373-0,-1.0,-15.89226,-48.13919,8.89,,,1,2023-06-15T12:45:36+00:00
BRA_337668,Brasília,5300108,,Urbi,871.3,https://moovitapp.com/index/pt-br/transporte_p%C3%BAblico-line-871_3-Brasilia-1702-851595-588820-0,-1.0,-15.91532,-48.05045,0.0,,,2,2023-06-15T12:45:36+00:00
BRA_337048,Brasília,5300108,,Urbi,0.087,https://moovitapp.com/index/pt-br/transporte_p%C3%BAblico-line-0_087-Brasilia-1702-851595-242519-0,-1.0,-15.87472,-47.9727,10.56,,,1,2023-06-15T12:45:36+00:00
BRA_336149,Brasília,5300108,,Urbi,872.1,https://moovitapp.com/index/pt-br/transporte_p%C3%BAblico-line-872_1-Brasilia-1702-851595-470760-0,-1.0,-15.94935,-48.0338,0.0,,,2,2023-06-15T12:45:37+00:00
BRA_336939,Brasília,5300108,,Urbi,813.2,https://moovitapp.com/index/pt-br/transporte_p%C3%BAblico-line-813_2-Brasilia-1702-851595-242636-0,-1.0,-15.88094,-48.0552,13.89,,,1,2023-06-15T12:45:37+00:00
BRA_337587,Brasília,5300108,,Urbi,871.3,https://moovitapp.com/index/pt-br/transporte_p%C3%BAblico-line-871_3-Brasilia-1702-851595-588820-0,-1.0,-15.73619,-47.90632,3.33,,,2,2023-06-15T12:45:37+00:00
BRA_337889,Brasília,5300108,,Urbi,870.7,https://moovitapp.com/index/pt-br/transporte_p%C3%BAblico-line-870_7-Brasilia-1702-851595-531037-0,-1.0,-15.90534,-48.0528,3.61,,,1,2023-06-15T12:45:37+00:00
BRA_340774,Brasília,5300108,,Urbi,0.082,https://moovitapp.com/index/pt-br/transporte_p%C3%BAblico-line-0_082-Brasilia-1702-851595-781326-0,-1.0,-15.80988,-47.94845,19.17,,,1,2023-06-15T12:45:37+00:00
BRA_340146,Brasília,5300108,,Urbi,0.050,https://moovitapp.com/index/pt-br/transporte_p%C3%BAblico-line-0_050-Brasilia-1702-851595-781325-0,-1.0,-15.88399,-48.15097,0.0,,,1,2023-06-15T12:45:37+00:00
BRA_339172,Brasília,5300108,,Urbi,366.7,https://moovitapp.com/index/pt-br/transporte_p%C3%BAblico-line-366_7-Brasilia-1702-851595-650086-0,-1.0,-15.87639,-48.11264,4.44,,,1,2023-06-15T12:45:37+00:00
BRA_338052,Brasília,5300108,,Urbi,0.175,https://moovitapp.com/index/pt-br/transporte_p%C3%BAblico-line-0_175-Brasilia-1702-851595-242526-0,-1.0,-15.87788,-48.00588,18.06,,,2,2023-06-15T12:45:37+00:00
BRA_338303,Brasília,5300108,,Urbi,872.9,https://moovitapp.com/index/pt-br/transporte_p%C3%BAblico-line-872_9-Brasilia-1702-851595-372394-0,-1.0,-15.81728,-48.06626,2.5,,,1,2023-06-15T12:45:38+00:00
BRA_338281,Brasília,5300108,,Urbi,0.368,https://moovitapp.com/index/pt-br/transporte_p%C3%BAblico-line-0_368-Brasilia-1702-851595-706971-0,-1.0,-15.88601,-48.02198,10.0,,,1,2023-06-15T12:45:38+00:00
BRA_338478,Brasília,5300108,,Urbi,805.9,https://moovitapp.com/index/pt-br/transporte_p%C3%BAblico-line-805_9-Brasilia-1702-851595-454983-0,-1.0,-15.82951,-48.05854,0.0,,,1,2023-06-15T12:45:38+00:00
BRA_338931,Brasília,5300108,,Urbi,0.872,https://moovitapp.com/index/pt-br/transporte_p%C3%BAblico-line-0_872-Brasilia-1702-851595-466291-0,-1.0,-15.89001,-48.0515,0.83,,,1,2023-06-15T12:45:38+00:00
BRA_336297,Brasília,5300108,,Urbi,0.367,https://moovitapp.com/index/pt-br/transporte_p%C3%BAblico-line-0_367-Brasilia-1702-851595-519380-0,-1.0,-15.8376,-48.05904,9.17,,,1,2023-06-15T12:45:38+00:00
BRA_335738,Brasília,5300108,,Urbi,0.844,https://moovitapp.com/index/pt-br/transporte_p%C3%BAblico-line-0_844-Brasilia-1702-851595-519386-0,-1.0,-15.83513,-48.0603,3.06,,,1,2023-06-15T12:45:39+00:00
BRA_337242,Brasília,5300108,,Urbi,874.4,https://moovitapp.com/index/pt-br/transporte_p%C3%BAblico-line-874_4-Brasilia-1702-851595-775106-0,-1.0,-15.90863,-48.06261,6.94,,,2,2023-06-15T12:45:39+00:00
BRA_339547,Brasília,5300108,,Urbi,0.806,https://moovitapp.com/index/pt-br/transporte_p%C3%BAblico-line-0_806-Brasilia-1702-851595-339299-0,-1.0,-15.92093,-48.0457,13.33,,,2,2023-06-15T12:45:39+00:00
BRA_337838,Brasília,5300108,,Urbi,0.810,https://moovitapp.com/index/pt-br/transporte_p%C3%BAblico-line-0_810-Brasilia-1702-851595-363856-0,-1.0,-15.78519,-47.90613,4.44,,,2,2023-06-15T12:45:39+00:00
BRA_339920,Brasília,5300108,,Urbi,0.347,https://moovitapp.com/index/pt-br/transporte_p%C3%BAblico-line-0_347-Brasilia-1702-851595-347128-0,-1.0,-15.82847,-48.03197,18.89,,,1,2023-06-15T12:45:39+00:00
BRA_339296,Brasília,5300108,,Urbi,0.341,https://moovitapp.com/index/pt-br/transporte_p%C3%BAblico-line-0_341-Brasilia-1702-851595-37928003-0,-1.0,-15.83538,-48.07674,18.06,,,1,2023-06-15T12:45:39+00:00
BRA_338346,Brasília,5300108,,Urbi,0.175,https://moovitapp.com/index/pt-br/transporte_p%C3%BAblico-line-0_175-Brasilia-1702-851595-242526-0,-1.0,-15.79656,-47.89153,0.0,,,2,2023-06-15T12:45:39+00:00
BRA_340413,Brasília,5300108,,Urbi,056.2,https://moovitapp.com/index/pt-br/transporte_p%C3%BAblico-line-056_2-Brasilia-1702-851595-492982-0,-1.0,-15.84817,-48.12087,12.22,,,1,2023-06-15T12:45:40+00:00
BRA_339911,Brasília,5300108,,Urbi,367.2,https://moovitapp.com/index/pt-br/transporte_p%C3%BAblico-line-367_2-Brasilia-1702-851595-454971-0,-1.0,-15.84043,-48.04993,0.0,,,1,2023-06-15T12:45:40+00:00
BRA_339989,Brasília,5300108,,Urbi,0.373,https://moovitapp.com/index/pt-br/transporte_p%C3%BAblico-line-0_373-Brasilia-1702-851595-334072-0,-1.0,-15.86109,-47.95533,18.06,,,1,2023-06-15T12:45:40+00:00
BRA_337561,Brasília,5300108,,Urbi,871.3,https://moovitapp.com/index/pt-br/transporte_p%C3%BAblico-line-871_3-Brasilia-1702-851595-588820-0,-1.0,-15.79832,-47.89243,14.44,,,2,2023-06-15T12:45:40+00:00
BRA_337323,Brasília,5300108,,Urbi,0.176,https://moovitapp.com/index/pt-br/transporte_p%C3%BAblico-line-0_176-Brasilia-1702-851595-242527-0,-1.0,-15.87818,-48.0083,19.17,,,2,2023-06-15T12:45:40+00:00
BRA_333859,Brasília,5300108,,Urbi,367.2,https://moovitapp.com/index/pt-br/transporte_p%C3%BAblico-line-367_2-Brasilia-1702-851595-454971-0,-1.0,-15.89075,-48.14418,8.89,,,1,2023-06-15T12:45:40+00:00
BRA_336351,Brasília,5300108,,Urbi,0.394,https://moovitapp.com/index/pt-br/transporte_p%C3%BAblico-line-0_394-Brasilia-1702-851595-334076-0,-1.0,-15.785,-47.90711,9.44,,,2,2023-06-15T12:45:40+00:00
BRA_336106,Brasília,5300108,,Urbi,871.3,https://moovitapp.com/index/pt-br/transporte_p%C3%BAblico-line-871_3-Brasilia-1702-851595-588820-0,-1.0,-15.81549,-47.94885,16.67,,,1,2023-06-15T12:45:40+00:00
BRA_336254,Brasília,5300108,,Urbi,394.1,https://moovitapp.com/index/pt-br/transporte_p%C3%BAblico-line-394_1-Brasilia-1702-851595-334089-0,-1.0,-15.83166,-48.04972,14.44,,,2,2023-06-15T12:45:41+00:00
BRA_336572,Brasília,5300108,,Urbi,0.813,https://moovitapp.com/index/pt-br/transporte_p%C3%BAblico-line-0_813-Brasilia-1702-851595-651523-0,-1.0,-15.90994,-48.09022,11.67,,,1,2023-06-15T12:45:41+00:00
BRA_339482,Brasília,5300108,,Urbi,038.1,https://moovitapp.com/index/pt-br/transporte_p%C3%BAblico-line-038_1-Brasilia-1702-851595-781327-0,-1.0,-15.81343,-48.06422,3.33,,,1,2023-06-15T12:45:41+00:00
BRA_339369,Brasília,5300108,,Urbi,366.1,https://moovitapp.com/index/pt-br/transporte_p%C3%BAblico-line-366_1-Brasilia-1702-851595-425249-0,-1.0,-15.87018,-48.08917,10.0,,,2,2023-06-15T12:45:41+00:00
BRA_336742,Brasília,5300108,,Urbi,0.394,https://moovitapp.com/index/pt-br/transporte_p%C3%BAblico-line-0_394-Brasilia-1702-851595-334076-0,-1.0,-15.81154,-47.98811,18.33,,,2,2023-06-15T12:45:41+00:00
BRA_340456,Brasília,5300108,,Urbi,366.7,https://moovitapp.com/index/pt-br/transporte_p%C3%BAblico-line-366_7-Brasilia-1702-851595-650086-0,-1.0,-15.88426,-48.15102,0.0,,,2,2023-06-15T12:45:41+00:00
BRA_340634,Brasília,5300108,,Urbi,0.393,https://moovitapp.com/index/pt-br/transporte_p%C3%BAblico-line-0_393-Brasilia-1702-851595-588805-0,-1.0,-15.88789,-48.108,17.22,,,1,2023-06-15T12:45:41+00:00
BRA_340570,Brasília,5300108,,Urbi,0.391,https://moovitapp.com/index/pt-br/transporte_p%C3%BAblico-line-0_391-Brasilia-1702-851595-372354-0,-1.0,-15.85943,-48.06827,0.0,,,1,2023-06-15T12:45:41+00:00
BRA_338222,Brasília,5300108,,Urbi,0.898,https://moovitapp.com/index/pt-br/transporte_p%C3%BAblico-line-0_898-Brasilia-1702-851595-322394-0,-1.0,-15.8873,-48.05332,3.61,,,1,2023-06-15T12:45:41+00:00
BRA_339130,Brasília,5300108,,Urbi,0.809,https://moovitapp.com/index/pt-br/transporte_p%C3%BAblico-line-0_809-Brasilia-1702-851595-516630-0,-1.0,-15.91439,-48.10132,0.0,,,2,2023-06-15T12:45:42+00:00
BRA_340588,Brasília,5300108,,Urbi,393.6,https://moovitapp.com/index/pt-br/transporte_p%C3%BAblico-line-393_6-Brasilia-1702-851595-588817-0,-1.0,-15.84277,-48.05154,6.39,,,1,2023-06-15T12:45:42+00:00
BRA_337676,Brasília,5300108,,Urbi,0.811,https://moovitapp.com/index/pt-br/transporte_p%C3%BAblico-line-0_811-Brasilia-1702-851595-334078-0,-1.0,-15.8111,-47.94313,2.5,,,1,2023-06-15T12:45:42+00:00
BRA_336564,Brasília,5300108,,Urbi,813.1,https://moovitapp.com/index/pt-br/transporte_p%C3%BAblico-line-813_1-Brasilia-1702-851595-242635-0,-1.0,-15.85462,-48.03901,6.67,,,1,2023-06-15T12:45:42+00:00
BRA_336408,Brasília,5300108,,Urbi,0.813,https://moovitapp.com/index/pt-br/transporte_p%C3%BAblico-line-0_813-Brasilia-1702-851595-651523-0,-1.0,-15.73825,-47.89899,9.44,,,1,2023-06-15T12:45:43+00:00
BRA_337471,Brasília,5300108,,Urbi,0.811,https://moovitapp.com/index/pt-br/transporte_p%C3%BAblico-line-0_811-Brasilia-1702-851595-334078-0,-1.0,-15.94958,-48.03364,0.0,,,2,2023-06-15T12:45:43+00:00
BRA_339164,Brasília,5300108,,Urbi,0.808,https://moovitapp.com/index/pt-br/transporte_p%C3%BAblico-line-0_808-Brasilia-1702-851595-372359-0,-1.0,-15.81633,-48.10223,0.28,,,2,2023-06-15T12:45:43+00:00
BRA_339075,Brasília,5300108,,Urbi,0.177,https://moovitapp.com/index/pt-br/transporte_p%C3%BAblico-line-0_177-Brasilia-1702-851595-242528-0,-1.0,-15.91295,-48.05562,0.0,,,1,2023-06-15T12:45:43+00:00
BRA_338729,Brasília,5300108,,Urbi,0.882,https://moovitapp.com/index/pt-br/transporte_p%C3%BAblico-line-0_882-Brasilia-1702-851595-363858-0,-1.0,-15.94949,-48.03355,0.0,,,1,2023-06-15T12:45:43+00:00
BRA_338737,Brasília,5300108,,Urbi,870.1,https://moovitapp.com/index/pt-br/transporte_p%C3%BAblico-line-870_1-Brasilia-1702-851595-715272-0,-1.0,-15.92534,-48.04411,5.28,,,1,2023-06-15T12:45:43+00:00
BRA_340006,Brasília,5300108,,Urbi,0.391,https://moovitapp.com/index/pt-br/transporte_p%C3%BAblico-line-0_391-Brasilia-1702-851595-372354-0,-1.0,-15.748,-47.89585,10.83,,,1,2023-06-15T12:45:44+00:00
BRA_335444,Brasília,5300108,,Urbi,0.825,https://moovitapp.com/index/pt-br/transporte_p%C3%BAblico-line-0_825-Brasilia-1702-851595-334081-0,-1.0,-15.88992,-48.10284,5.83,,,1,2023-06-15T12:45:44+00:00
BRA_335479,Brasília,5300108,,Urbi,396.2,https://moovitapp.com/index/pt-br/transporte_p%C3%BAblico-line-396_2-Brasilia-1702-851595-372377-0,-1.0,-15.81646,-47.91201,10.0,,,2,2023-06-15T12:45:44+00:00
BRA_336378,Brasília,5300108,,Urbi,380.2,https://moovitapp.com/index/pt-br/transporte_p%C3%BAblico-line-380_2-Brasilia-1702-851595-334086-0,-1.0,-15.78631,-47.90025,13.06,,,2,2023-06-15T12:45:45+00:00
BRA_336581,Brasília,5300108,,Urbi,0.813,https://moovitapp.com/index/pt-br/transporte_p%C3%BAblico-line-0_813-Brasilia-1702-851595-651523-0,-1.0,-15.83086,-48.05109,3.06,,,2,2023-06-15T12:45:45+00:00
BRA_336009,Brasília,5300108,,Urbi,0.366,https://moovitapp.com/index/pt-br/transporte_p%C3%BAblico-line-0_366-Brasilia-1702-851595-650085-0,-1.0,-15.85616,-48.07876,1.94,,,2,2023-06-15T12:45:45+00:00
BRA_337030,Brasília,5300108,,Urbi,870.7,https://moovitapp.com/index/pt-br/transporte_p%C3%BAblico-line-870_7-Brasilia-1702-851595-531037-0,-1.0,-15.85755,-47.95643,0.0,,,2,2023-06-15T12:45:45+00:00
BRA_337366,Brasília,5300108,,Urbi,0.172,https://moovitapp.com/index/pt-br/transporte_p%C3%BAblico-line-0_172-Brasilia-1702-851595-470756-0,-1.0,-15.79321,-47.88219,0.28,,,2,2023-06-15T12:45:45+00:00
BRA_340022,Brasília,5300108,,Urbi,391.3,https://moovitapp.com/index/pt-br/transporte_p%C3%BAblico-line-391_3-Brasilia-1702-851595-372373-0,-1.0,-15.73484,-47.89977,0.0,,,2,2023-06-15T12:45:45+00:00
BRA_339351,Brasília,5300108,,Urbi,0.845,https://moovitapp.com/index/pt-br/transporte_p%C3%BAblico-line-0_845-Brasilia-1702-851595-339304-0,-1.0,-15.81085,-47.99071,13.89,,,2,2023-06-15T12:45:45+00:00
BRA_340677,Brasília,5300108,,Urbi,3804,https://moovitapp.com/index/pt-br/transporte_p%C3%BAblico-line-3804-Brasilia-1702-851595-91943130-0,-1.0,-15.8132,-48.00074,14.17,,,1,2023-06-15T12:45:45+00:00
BRA_337951,Brasília,5300108,,Urbi,871.3,https://moovitapp.com/index/pt-br/transporte_p%C3%BAblico-line-871_3-Brasilia-1702-851595-588820-0,-1.0,-15.81412,-47.93781,4.44,,,1,2023-06-15T12:45:45+00:00
BRA_337978,Brasília,5300108,,Urbi,0.172,https://moovitapp.com/index/pt-br/transporte_p%C3%BAblico-line-0_172-Brasilia-1702-851595-470756-0,-1.0,-15.81815,-47.90357,13.89,,,2,2023-06-15T12:45:46+00:00
BRA_338036,Brasília,5300108,,Urbi,805.9,https://moovitapp.com/index/pt-br/transporte_p%C3%BAblico-line-805_9-Brasilia-1702-851595-454983-0,-1.0,-15.93328,-48.10902,0.0,,,2,2023-06-15T12:45:46+00:00
BRA_339156,Brasília,5300108,,Urbi,0.087,https://moovitapp.com/index/pt-br/transporte_p%C3%BAblico-line-0_087-Brasilia-1702-851595-242519-0,-1.0,-15.80264,-47.96839,3.61,,,1,2023-06-15T12:45:46+00:00
BRA_339954,Brasília,5300108,,Urbi,398.1,https://moovitapp.com/index/pt-br/transporte_p%C3%BAblico-line-398_1-Brasilia-1702-851595-510241-0,-1.0,-15.85933,-48.06775,3.61,,,2,2023-06-15T12:45:46+00:00
BRA_340251,Brasília,5300108,,Urbi,0.129,https://moovitapp.com/index/pt-br/transporte_p%C3%BAblico-line-0_129-Brasilia-1702-851595-775097-0,-1.0,-15.85372,-47.87673,0.0,,,1,2023-06-15T12:45:46+00:00
BRA_339458,Brasília,5300108,,Urbi,807.6,https://moovitapp.com/index/pt-br/transporte_p%C3%BAblico-line-807_6-Brasilia-1702-851595-334092-0,-1.0,-15.90861,-48.06493,2.22,,,1,2023-06-15T12:45:46+00:00
BRA_339423,Brasília,5300108,,Urbi,0.807,https://moovitapp.com/index/pt-br/transporte_p%C3%BAblico-line-0_807-Brasilia-1702-851595-6677121-0,-1.0,-15.9269,-48.10688,5.28,,,1,2023-06-15T12:45:46+00:00
BRA_336980,Brasília,5300108,,Urbi,0.818,https://moovitapp.com/index/pt-br/transporte_p%C3%BAblico-line-0_818-Brasilia-1702-851595-242550-0,-1.0,-15.87194,-47.97583,17.22,,,1,2023-06-15T12:45:47+00:00
BRA_337102,Brasília,5300108,,Urbi,0.805,https://moovitapp.com/index/pt-br/transporte_p%C3%BAblico-line-0_805-Brasilia-1702-851595-460800-0,-1.0,-15.80152,-48.06244,0.0,,,1,2023-06-15T12:45:47+00:00
BRA_340448,Brasília,5300108,,Urbi,056.4,https://moovitapp.com/index/pt-br/transporte_p%C3%BAblico-line-056_4-Brasilia-1702-851595-519387-0,-1.0,-15.88862,-48.12532,6.67,,,1,2023-06-15T12:45:47+00:00
BRA_340731,Brasília,5300108,,Urbi,391.3,https://moovitapp.com/index/pt-br/transporte_p%C3%BAblico-line-391_3-Brasilia-1702-851595-372373-0,-1.0,-15.81112,-47.94282,3.06,,,1,2023-06-15T12:45:47+00:00
BRA_336971,Brasília,5300108,,Urbi,0.884,https://moovitapp.com/index/pt-br/transporte_p%C3%BAblico-line-0_884-Brasilia-1702-851595-322393-0,-1.0,-15.94963,-48.03351,0.0,,,1,2023-06-15T12:45:48+00:00
BRA_336891,Brasília,5300108,,Urbi,0.812,https://moovitapp.com/index/pt-br/transporte_p%C3%BAblico-line-0_812-Brasilia-1702-851595-697958-0,-1.0,-15.93335,-48.10919,0.56,,,1,2023-06-15T12:45:48+00:00
BRA_335649,Brasília,5300108,,Urbi,396.3,https://moovitapp.com/index/pt-br/transporte_p%C3%BAblico-line-396_3-Brasilia-1702-851595-372378-0,-1.0,-15.88982,-48.09985,0.0,,,1,2023-06-15T12:45:48+00:00
BRA_337200,Brasília,5300108,,Urbi,0.087,https://moovitapp.com/index/pt-br/transporte_p%C3%BAblico-line-0_087-Brasilia-1702-851595-242519-0,-1.0,-15.80044,-47.93767,5.28,,,1,2023-06-15T12:45:49+00:00
BRA_337170,Brasília,5300108,,Urbi,0.873,https://moovitapp.com/index/pt-br/transporte_p%C3%BAblico-line-0_873-Brasilia-1702-851595-510238-0,-1.0,-15.88298,-48.06105,9.17,,,2,2023-06-15T12:45:49+00:00
BRA_441279,Brasília,5300108,,Marechal,157.6,https://moovitapp.com/index/pt-br/transporte_p%C3%BAblico-line-157_6-Brasilia-1702-851940-419627-0,-1.0,-15.84973,-47.975093,0.0,,,2,2023-06-15T12:45:30+00:00
BRA_442771,Brasília,5300108,,Marechal,0.383,https://moovitapp.com/index/pt-br/transporte_p%C3%BAblico-line-0_383-Brasilia-1702-851940-347151-0,-1.0,-15.843107,-48.12473,45.0,,,2,2023-06-15T12:45:31+00:00
BRA_444006,Brasília,5300108,,Marechal,363.1,https://moovitapp.com/index/pt-br/transporte_p%C3%BAblico-line-363_1-Brasilia-1702-851940-504344-0,-1.0,-15.83922,-48.11678,38.0,,,2,2023-06-15T12:45:30+00:00
BRA_440850,Brasília,5300108,,Marechal,355.1,https://moovitapp.com/index/pt-br/transporte_p%C3%BAblico-line-355_1-Brasilia-1702-851940-729097-0,-1.0,-15.872057,-48.03337,25.0,,,2,2023-06-15T12:45:31+00:00
BRA_444154,Brasília,5300108,,Marechal,933.3,https://moovitapp.com/index/pt-br/transporte_p%C3%BAblico-line-933_3-Brasilia-1702-851940-450287-0,-1.0,-15.819147,-48.10762,31.0,,,2,2023-06-15T12:45:31+00:00
BRA_440469,Brasília,5300108,,Marechal,0.951,https://moovitapp.com/index/pt-br/transporte_p%C3%BAblico-line-0_951-Brasilia-1702-851940-783578-0,-1.0,-15.84646,-48.043793,0.0,,,2,2023-06-15T12:45:31+00:00
BRA_445291,Brasília,5300108,,Marechal,0.378,https://moovitapp.com/index/pt-br/transporte_p%C3%BAblico-line-0_378-Brasilia-1702-851940-347150-0,-1.0,-15.835973,-48.086693,0.0,,,2,2023-06-15T12:45:31+00:00
BRA_443972,Brasília,5300108,,Marechal,363.2,https://moovitapp.com/index/pt-br/transporte_p%C3%BAblico-line-363_2-Brasilia-1702-851940-725443-0,-1.0,-15.838827,-48.128783,21.0,,,2,2023-06-15T12:45:30+00:00
BRA_445347,Brasília,5300108,,Marechal,337.1,https://moovitapp.com/index/pt-br/transporte_p%C3%BAblico-line-337_1-Brasilia-1702-851940-347165-0,-1.0,-15.80718,-47.89961,41.0,,,2,2023-06-15T12:45:30+00:00
BRA_442861,Brasília,5300108,,Marechal,932.2,https://moovitapp.com/index/pt-br/transporte_p%C3%BAblico-line-932_2-Brasilia-1702-851940-3494666-0,-1.0,-15.79397,-47.882997,0.0,,,2,2023-06-15T12:27:23+00:00
BRA_440701,Brasília,5300108,,Marechal,156.1,https://moovitapp.com/index/pt-br/transporte_p%C3%BAblico-line-156_1-Brasilia-1702-851940-242750-0,-1.0,-15.824673,-47.97732,11.0,,,2,2023-06-15T12:45:31+00:00
BRA_440744,Brasília,5300108,,Marechal,260.3,https://moovitapp.com/index/pt-br/transporte_p%C3%BAblico-line-260_3-Brasilia-1702-851940-393566-0,-1.0,-15.806977,-48.141087,23.0,,,2,2023-06-15T12:45:31+00:00
BRA_442453,Brasília,5300108,,Urbi,367.2,https://moovitapp.com/index/pt-br/transporte_p%C3%BAblico-line-367_2-Brasilia-1702-851595-454971-0,-1.0,-15.8841,-48.150687,0.0,,,2,2023-06-15T12:45:26+00:00
BRA_440272,Brasília,5300108,,Piracicabana,099.1,https://moovitapp.com/index/pt-br/transporte_p%C3%BAblico-line-099_1-Brasilia-1702-850942-775090-0,-1.0,-15.84214,-48.046073,19.0,,,2,2023-06-15T12:45:31+00:00
BRA_442313,Brasília,5300108,,Urbi,0.050,https://moovitapp.com/index/pt-br/transporte_p%C3%BAblico-line-0_050-Brasilia-1702-851595-781325-0,-1.0,-15.840603,-47.965463,0.0,,,2,2023-06-15T12:45:26+00:00
BRA_440311,Brasília,5300108,,Marechal,0.205,https://moovitapp.com/index/pt-br/transporte_p%C3%BAblico-line-0_205-Brasilia-1702-851940-463646-0,-1.0,-15.860043,-48.036467,21.0,,,2,2023-06-15T12:45:31+00:00
BRA_440655,Brasília,5300108,,Marechal,156.1,https://moovitapp.com/index/pt-br/transporte_p%C3%BAblico-line-156_1-Brasilia-1702-851940-242750-0,-1.0,-15.769253,-47.889513,0.0,,,2,2023-06-15T12:45:31+00:00
BRA_444448,Brasília,5300108,,Marechal,0.205,https://moovitapp.com/index/pt-br/transporte_p%C3%BAblico-line-0_205-Brasilia-1702-851940-463646-0,-1.0,-16.038427,-48.061677,25.0,,,2,2023-06-15T12:45:31+00:00
BRA_440353,Brasília,5300108,,Urbi,872.9,https://moovitapp.com/index/pt-br/transporte_p%C3%BAblico-line-872_9-Brasilia-1702-851595-372394-0,-1.0,-15.93326,-48.108523,0.0,,,2,2023-06-15T12:45:31+00:00
BRA_444375,Brasília,5300108,,Marechal,0.205,https://moovitapp.com/index/pt-br/transporte_p%C3%BAblico-line-0_205-Brasilia-1702-851940-463646-0,-1.0,-15.95316,-48.03154,33.0,,,2,2023-06-15T12:45:31+00:00
BRA_441562,Brasília,5300108,,Marechal,0.363,https://moovitapp.com/index/pt-br/transporte_p%C3%BAblico-line-0_363-Brasilia-1702-851940-504339-0,-1.0,-15.806323,-48.070043,23.0,,,2,2023-06-15T12:45:31+00:00
BRA_440582,Brasília,5300108,,Marechal,0.162,https://moovitapp.com/index/pt-br/transporte_p%C3%BAblico-line-0_162-Brasilia-1702-851940-766836-0,-1.0,-15.802197,-47.895017,37.0,,,2,2023-06-15T12:45:31+00:00
BRA_445185,Brasília,5300108,,Marechal,0.300,https://moovitapp.com/index/pt-br/transporte_p%C3%BAblico-line-0_300-Brasilia-1702-851940-419624-0,-1.0,-15.81023,-47.947833,57.0,,,2,2023-06-15T12:45:31+00:00
BRA_440841,Brasília,5300108,,Marechal,162.2,https://moovitapp.com/index/pt-br/transporte_p%C3%BAblico-line-162_2-Brasilia-1702-851940-312446-0,-1.0,-15.84336,-47.982187,34.0,,,2,2023-06-15T12:10:05+00:00
BRA_440418,Brasília,5300108,,São José,0.092,https://moovitapp.com/index/pt-br/transporte_p%C3%BAblico-line-0_092-Brasilia-1702-851943-496589-0,-1.0,-15.803867,-48.05787,9.0,,,2,2023-06-15T12:45:31+00:00
BRA_442127,Brasília,5300108,,Marechal,933.1,https://moovitapp.com/index/pt-br/transporte_p%C3%BAblico-line-933_1-Brasilia-1702-851940-358307-0,-1.0,-15.839837,-48.129537,0.0,,,2,2023-06-15T12:45:31+00:00
BRA_440981,Brasília,5300108,,Marechal,355.2,https://moovitapp.com/index/pt-br/transporte_p%C3%BAblico-line-355_2-Brasilia-1702-851940-510251-0,-1.0,-15.870377,-48.030873,60.0,,,2,2023-06-15T12:28:21+00:00
BRA_442496,Brasília,5300108,,Urbi,0.898,https://moovitapp.com/index/pt-br/transporte_p%C3%BAblico-line-0_898-Brasilia-1702-851595-322394-0,-1.0,-15.941923,-48.038157,17.0,,,2,2023-06-15T12:45:31+00:00
BRA_443395,Brasília,5300108,,Marechal,933.4,https://moovitapp.com/index/pt-br/transporte_p%C3%BAblico-line-933_4-Brasilia-1702-851940-656766-0,-1.0,-15.80757,-48.08253,0.0,,,2,2023-06-15T12:45:30+00:00
BRA_443671,Brasília,5300108,,Marechal,0.357,https://moovitapp.com/index/pt-br/transporte_p%C3%BAblico-line-0_357-Brasilia-1702-851940-775109-0,-1.0,-15.87107,-48.034993,55.0,,,2,2023-06-15T12:07:32+00:00
BRA_440990,Brasília,5300108,,Marechal,355.2,https://moovitapp.com/index/pt-br/transporte_p%C3%BAblico-line-355_2-Brasilia-1702-851940-510251-0,-1.0,-15.80312,-48.034817,30.0,,,2,2023-06-15T12:45:31+00:00
BRA_440931,Brasília,5300108,,Marechal,959.1,https://moovitapp.com/index/pt-br/transporte_p%C3%BAblico-line-959_1-Brasilia-1702-851940-789939-0,-1.0,-15.849913,-48.0178,13.0,,,2,2023-06-15T12:45:30+00:00
BRA_441163,Brasília,5300108,,Marechal,355.2,https://moovitapp.com/index/pt-br/transporte_p%C3%BAblico-line-355_2-Brasilia-1702-851940-510251-0,-1.0,-15.867183,-48.037323,0.0,,,2,2023-06-15T12:45:30+00:00
BRA_440281,Brasília,5300108,,Marechal,872.8,https://moovitapp.com/index/pt-br/transporte_p%C3%BAblico-line-872_8-Brasilia-1702-851940-425260-0,-1.0,-15.909043,-48.048947,33.0,,,2,2023-06-15T12:45:31+00:00
BRA_441848,Brasília,5300108,,Marechal,0.339,https://moovitapp.com/index/pt-br/transporte_p%C3%BAblico-line-0_339-Brasilia-1702-851940-419625-0,-1.0,-15.756203,-47.879033,61.0,,,2,2023-06-15T12:45:31+00:00
BRA_442062,Brasília,5300108,,Urbi,0.056,https://moovitapp.com/index/pt-br/transporte_p%C3%BAblico-line-0_056-Brasilia-1702-851595-588804-0,-1.0,-15.847297,-48.10887,45.0,,,2,2023-06-15T12:45:31+00:00
BRA_440965,Brasília,5300108,,Marechal,0.900,https://moovitapp.com/index/pt-br/transporte_p%C3%BAblico-line-0_900-Brasilia-1702-851940-242733-0,-1.0,-15.78963,-48.018513,0.0,,,2,2023-06-15T12:45:31+00:00
BRA_444171,Brasília,5300108,,Marechal,0.043,https://moovitapp.com/index/pt-br/transporte_p%C3%BAblico-line-0_043-Brasilia-1702-851940-781330-0,-1.0,-15.80317,-48.030737,49.0,,,2,2023-06-15T12:45:31+00:00
BRA_440141,Brasília,5300108,,Marechal,0.090,https://moovitapp.com/index/pt-br/transporte_p%C3%BAblico-line-0_090-Brasilia-1702-851940-242702-0,-1.0,-15.84075,-47.965943,0.0,,,2,2023-06-15T12:45:31+00:00
BRA_444197,Brasília,5300108,,Marechal,933.2,https://moovitapp.com/index/pt-br/transporte_p%C3%BAblico-line-933_2-Brasilia-1702-851940-717428-0,-1.0,-15.840607,-48.126883,0.0,,,2,2023-06-15T12:44:06+00:00
BRA_443166,Brasília,5300108,,Marechal,336.1,https://moovitapp.com/index/pt-br/transporte_p%C3%BAblico-line-336_1-Brasilia-1702-851940-347163-0,-1.0,-15.836303,-48.118763,4.0,,,2,2023-06-15T12:45:30+00:00
BRA_443191,Brasília,5300108,,Marechal,933.1,https://moovitapp.com/index/pt-br/transporte_p%C3%BAblico-line-933_1-Brasilia-1702-851940-358307-0,-1.0,-15.840833,-48.126613,0.0,,,2,2023-06-15T12:45:30+00:00
BRA_441091,Brasília,5300108,,São José,157.8,https://moovitapp.com/index/pt-br/transporte_p%C3%BAblico-line-157_8-Brasilia-1702-851943-759503-0,-1.0,-15.846613,-47.973173,6.0,,,2,2023-06-15T12:45:30+00:00
BRA_443174,Brasília,5300108,,Marechal,361.1,https://moovitapp.com/index/pt-br/transporte_p%C3%BAblico-line-361_1-Brasilia-1702-851940-363861-0,-1.0,-15.837453,-48.093387,4.0,,,2,2023-06-15T12:45:25+00:00
BRA_441147,Brasília,5300108,,Marechal,0.205,https://moovitapp.com/index/pt-br/transporte_p%C3%BAblico-line-0_205-Brasilia-1702-851940-463646-0,-1.0,-15.946707,-48.037043,56.0,,,2,2023-06-15T12:45:30+00:00
BRA_441040,Brasília,5300108,,Marechal,355.2,https://moovitapp.com/index/pt-br/transporte_p%C3%BAblico-line-355_2-Brasilia-1702-851940-510251-0,-1.0,-15.858477,-48.03694,43.0,,,2,2023-06-15T12:45:30+00:00
BRA_441503,Brasília,5300108,,Urbi,056.2,https://moovitapp.com/index/pt-br/transporte_p%C3%BAblico-line-056_2-Brasilia-1702-851595-492982-0,-1.0,-15.868147,-48.085597,4.0,,,2,2023-06-15T12:45:30+00:00
BRA_443271,Brasília,5300108,,Marechal,0.363,https://moovitapp.com/index/pt-br/transporte_p%C3%BAblico-line-0_363-Brasilia-1702-851940-504339-0,-1.0,-15.79053,-48.10689,60.0,,,2,2023-06-15T12:45:30+00:00
BRA_443140,Brasília,5300108,,Marechal,932.2,https://moovitapp.com/index/pt-br/transporte_p%C3%BAblico-line-932_2-Brasilia-1702-851940-3494666-0,-1.0,-15.816833,-48.103127,0.0,,,2,2023-06-15T12:45:30+00:00
BRA_444405,Brasília,5300108,,Marechal,0.205,https://moovitapp.com/index/pt-br/transporte_p%C3%BAblico-line-0_205-Brasilia-1702-851940-463646-0,-1.0,-15.806527,-48.079263,22.0,,,2,2023-06-15T12:45:30+00:00
BRA_441911,Brasília,5300108,,Marechal,0.089,https://moovitapp.com/index/pt-br/transporte_p%C3%BAblico-line-0_089-Brasilia-1702-851940-706977-0,-1.0,-15.839173,-48.12901,0.0,,,2,2023-06-15T12:45:25+00:00
BRA_442429,Brasília,5300108,,Marechal,933.5,https://moovitapp.com/index/pt-br/transporte_p%C3%BAblico-line-933_5-Brasilia-1702-851940-766837-0,-1.0,-15.838977,-48.128437,24.0,,,2,2023-06-15T12:45:30+00:00
BRA_441724,Brasília,5300108,,Urbi,0.050,https://moovitapp.com/index/pt-br/transporte_p%C3%BAblico-line-0_050-Brasilia-1702-851595-781325-0,-1.0,-15.805347,-48.074577,30.0,,,2,2023-06-15T12:45:30+00:00
BRA_440574,Brasília,5300108,,Marechal,0.090,https://moovitapp.com/index/pt-br/transporte_p%C3%BAblico-line-0_090-Brasilia-1702-851940-242702-0,-1.0,-15.82465,-47.977467,13.0,,,2,2023-06-15T12:45:30+00:00
BRA_440523,Brasília,5300108,,Marechal,357.1,https://moovitapp.com/index/pt-br/transporte_p%C3%BAblico-line-357_1-Brasilia-1702-851940-775113-0,-1.0,-15.870187,-48.03062,59.0,,,2,2023-06-15T12:45:30+00:00
BRA_444332,Brasília,5300108,,Marechal,0.205,https://moovitapp.com/index/pt-br/transporte_p%C3%BAblico-line-0_205-Brasilia-1702-851940-463646-0,-1.0,-15.833467,-48.056813,0.0,,,2,2023-06-15T12:45:30+00:00
BRA_440973,Brasília,5300108,,Piracicabana,099.1,https://moovitapp.com/index/pt-br/transporte_p%C3%BAblico-line-099_1-Brasilia-1702-850942-775090-0,-1.0,-15.810633,-47.94823,16.0,,,2,2023-06-15T12:45:30+00:00
BRA_443786,Brasília,5300108,,Marechal,0.357,https://moovitapp.com/index/pt-br/transporte_p%C3%BAblico-line-0_357-Brasilia-1702-851940-775109-0,-1.0,-15.869557,-48.037477,0.0,,,2,2023-06-15T12:16:42+00:00
BRA_441716,Brasília,5300108,,Urbi,393.6,https://moovitapp.com/index/pt-br/transporte_p%C3%BAblico-line-393_6-Brasilia-1702-851595-588817-0,-1.0,-15.844603,-48.049953,35.0,,,2,2023-06-15T12:45:30+00:00
BRA_440434,Brasília,5300108,,Marechal,0.351,https://moovitapp.com/index/pt-br/transporte_p%C3%BAblico-line-0_351-Brasilia-1702-851940-510246-0,-1.0,-15.866987,-48.037703,0.0,,,2,2023-06-15T12:45:30+00:00
BRA_440108,Brasília,5300108,,Marechal,0.153,https://moovitapp.com/index/pt-br/transporte_p%C3%BAblico-line-0_153-Brasilia-1702-851940-766835-0,-1.0,-15.831373,-47.98716,22.0,,,2,2023-06-15T12:45:30+00:00
BRA_440396,Brasília,5300108,,Marechal,355.3,https://moovitapp.com/index/pt-br/transporte_p%C3%BAblico-line-355_3-Brasilia-1702-851940-504343-0,-1.0,-15.866807,-48.03778,0.0,,,2,2023-06-15T12:45:25+00:00
BRA_442437,Brasília,5300108,,Marechal,933.4,https://moovitapp.com/index/pt-br/transporte_p%C3%BAblico-line-933_4-Brasilia-1702-851940-656766-0,-1.0,-15.825817,-48.120403,5.0,,,2,2023-06-15T12:45:30+00:00
BRA_440451,Brasília,5300108,,Marechal,0.153,https://moovitapp.com/index/pt-br/transporte_p%C3%BAblico-line-0_153-Brasilia-1702-851940-766835-0,-1.0,-15.8167,-47.98101,14.0,,,2,2023-06-15T12:45:30+00:00
BRA_443794,Brasília,5300108,,Marechal,0.951,https://moovitapp.com/index/pt-br/transporte_p%C3%BAblico-line-0_951-Brasilia-1702-851940-783578-0,-1.0,-15.83411,-48.0432,19.0,,,2,2023-06-15T12:45:30+00:00
BRA_444049,Brasília,5300108,,Marechal,933.6,https://moovitapp.com/index/pt-br/transporte_p%C3%BAblico-line-933_6-Brasilia-1702-851940-3494672-0,-1.0,-15.840377,-48.129693,0.0,,,2,2023-06-15T12:45:30+00:00
BRA_440671,Brasília,5300108,,Marechal,355.2,https://moovitapp.com/index/pt-br/transporte_p%C3%BAblico-line-355_2-Brasilia-1702-851940-510251-0,-1.0,-15.805353,-48.066853,0.0,,,2,2023-06-15T12:45:30+00:00
BRA_440493,Brasília,5300108,,Marechal,156.1,https://moovitapp.com/index/pt-br/transporte_p%C3%BAblico-line-156_1-Brasilia-1702-851940-242750-0,-1.0,-15.78074,-47.887537,0.0,,,2,2023-06-15T12:45:30+00:00
BRA_444944,Brasília,5300108,,Urbi,0.347,https://moovitapp.com/index/pt-br/transporte_p%C3%BAblico-line-0_347-Brasilia-1702-851595-347128-0,-1.0,-15.840953,-48.126587,0.0,,,2,2023-06-15T12:45:25+00:00
BRA_445134,Brasília,5300108,,Marechal,0.305,https://moovitapp.com/index/pt-br/transporte_p%C3%BAblico-line-0_305-Brasilia-1702-851940-775108-0,-1.0,-15.786917,-47.90806,0.0,,,2,2023-06-15T12:45:30+00:00
BRA_440019,Brasília,5300108,,São José,0.092,https://moovitapp.com/index/pt-br/transporte_p%C3%BAblico-line-0_092-Brasilia-1702-851943-496589-0,-1.0,-15.839677,-47.984477,0.0,,,2,2023-06-15T12:45:30+00:00
BRA_441201,Brasília,5300108,,Marechal,156.1,https://moovitapp.com/index/pt-br/transporte_p%C3%BAblico-line-156_1-Brasilia-1702-851940-242750-0,-1.0,-15.778787,-47.939303,49.0,,,2,2023-06-15T12:45:30+00:00
BRA_443701,Brasília,5300108,,Marechal,355.1,https://moovitapp.com/index/pt-br/transporte_p%C3%BAblico-line-355_1-Brasilia-1702-851940-729097-0,-1.0,-15.865387,-48.056093,34.0,,,2,2023-06-15T12:44:17+00:00
BRA_441431,Brasília,5300108,,Marechal,0.043,https://moovitapp.com/index/pt-br/transporte_p%C3%BAblico-line-0_043-Brasilia-1702-851940-781330-0,-1.0,-15.8408,-48.127123,0.0,,,2,2023-06-15T12:45:30+00:00
BRA_442399,Brasília,5300108,,Marechal,0.361,https://moovitapp.com/index/pt-br/transporte_p%C3%BAblico-line-0_361-Brasilia-1702-851940-376158-0,-1.0,-15.844603,-48.123563,38.0,,,2,2023-06-15T12:45:30+00:00
BRA_440337,Brasília,5300108,,Marechal,156.1,https://moovitapp.com/index/pt-br/transporte_p%C3%BAblico-line-156_1-Brasilia-1702-851940-242750-0,-1.0,-15.819197,-47.936983,66.0,,,2,2023-06-15T12:45:30+00:00
BRA_440183,Brasília,5300108,,Urbi,805.9,https://moovitapp.com/index/pt-br/transporte_p%C3%BAblico-line-805_9-Brasilia-1702-851595-454983-0,-1.0,-15.869837,-48.039177,22.0,,,2,2023-06-15T12:45:30+00:00
BRA_445258,Brasília,5300108,,Marechal,337.1,https://moovitapp.com/index/pt-br/transporte_p%C3%BAblico-line-337_1-Brasilia-1702-851940-347165-0,-1.0,-15.819837,-48.018603,61.0,,,2,2023-06-15T12:45:30+00:00
BRA_440159,Brasília,5300108,,Marechal,162.2,https://moovitapp.com/index/pt-br/transporte_p%C3%BAblico-line-162_2-Brasilia-1702-851940-312446-0,-1.0,-15.840833,-47.96595,0.0,,,2,2023-06-15T12:45:25+00:00
BRA_441481,Brasília,5300108,,Urbi,0.050,https://moovitapp.com/index/pt-br/transporte_p%C3%BAblico-line-0_050-Brasilia-1702-851595-781325-0,-1.0,-15.85455,-48.071473,30.0,,,2,2023-06-15T12:42:31+00:00
BRA_442054,Brasília,5300108,,Marechal,932.2,https://moovitapp.com/index/pt-br/transporte_p%C3%BAblico-line-932_2-Brasilia-1702-851940-3494666-0,-1.0,-15.84082,-48.115293,0.0,,,2,2023-06-15T12:45:30+00:00
BRA_445274,Brasília,5300108,,Marechal,0.383,https://moovitapp.com/index/pt-br/transporte_p%C3%BAblico-line-0_383-Brasilia-1702-851940-347151-0,-1.0,-15.84101,-48.12696,0.0,,,2,2023-06-15T12:45:30+00:00
BRA_445371,Brasília,5300108,,Marechal,337.1,https://moovitapp.com/index/pt-br/transporte_p%C3%BAblico-line-337_1-Brasilia-1702-851940-347165-0,-1.0,-15.82534,-47.924287,26.0,,,2,2023-06-15T12:45:30+00:00
BRA_441465,Brasília,5300108,,Marechal,0.363,https://moovitapp.com/index/pt-br/transporte_p%C3%BAblico-line-0_363-Brasilia-1702-851940-504339-0,-1.0,-15.812883,-48.096333,49.0,,,2,2023-06-15T12:44:43+00:00
BRA_445215,Brasília,5300108,,Marechal,0.300,https://moovitapp.com/index/pt-br/transporte_p%C3%BAblico-line-0_300-Brasilia-1702-851940-419624-0,-1.0,-15.839833,-48.09813,49.0,,,2,2023-06-15T12:45:30+00:00
BRA_440043,Brasília,5300108,,Urbi,0.872,https://moovitapp.com/index/pt-br/transporte_p%C3%BAblico-line-0_872-Brasilia-1702-851595-466291-0,-1.0,-15.913183,-48.055593,0.0,,,2,2023-06-15T12:45:30+00:00
BRA_441678,Brasília,5300108,,Marechal,361.1,https://moovitapp.com/index/pt-br/transporte_p%C3%BAblico-line-361_1-Brasilia-1702-851940-363861-0,-1.0,-15.846583,-48.12214,32.0,,,2,2023-06-15T12:45:30+00:00
BRA_445380,Brasília,5300108,,Marechal,0.378,https://moovitapp.com/index/pt-br/transporte_p%C3%BAblico-line-0_378-Brasilia-1702-851940-347150-0,-1.0,-15.751837,-47.89492,46.0,,,2,2023-06-15T12:45:30+00:00
BRA_442411,Brasília,5300108,,Urbi,0.367,https://moovitapp.com/index/pt-br/transporte_p%C3%BAblico-line-0_367-Brasilia-1702-851595-519380-0,-1.0,-15.894537,-48.148197,11.0,,,2,2023-06-15T12:45:30+00:00
BRA_440264,Brasília,5300108,,Marechal,260.3,https://moovitapp.com/index/pt-br/transporte_p%C3%BAblico-line-260_3-Brasilia-1702-851940-393566-0,-1.0,-15.822497,-48.114707,24.0,,,2,2023-06-15T12:45:30+00:00
BRA_442755,Brasília,5300108,,Marechal,933.1,https://moovitapp.com/index/pt-br/transporte_p%C3%BAblico-line-933_1-Brasilia-1702-851940-358307-0,-1.0,-15.840993,-48.12654,0.0,,,2,2023-06-15T12:45:25+00:00
BRA_445339,Brasília,5300108,,Marechal,932.1,https://moovitapp.com/index/pt-br/transporte_p%C3%BAblico-line-932_1-Brasilia-1702-851940-470763-0,-1.0,-15.79513,-47.883017,0.0,,,2,2023-06-15T12:45:30+00:00
BRA_442712,Brasília,5300108,,Marechal,0.383,https://moovitapp.com/index/pt-br/transporte_p%C3%BAblico-line-0_383-Brasilia-1702-851940-347151-0,-1.0,-15.791587,-48.046827,35.0,,,2,2023-06-15T12:45:30+00:00
BRA_440035,Brasília,5300108,,Marechal,355.2,https://moovitapp.com/index/pt-br/transporte_p%C3%BAblico-line-355_2-Brasilia-1702-851940-510251-0,-1.0,-15.818343,-48.01417,0.0,,,2,2023-06-15T12:45:31+00:00
BRA_445398,Brasília,5300108,,Marechal,0.301,https://moovitapp.com/index/pt-br/transporte_p%C3%BAblico-line-0_301-Brasilia-1702-851940-339319-0,-1.0,-15.811517,-47.996153,60.0,,,2,2023-06-15T12:45:26+00:00
BRA_440027,Brasília,5300108,,Urbi,805.2,https://moovitapp.com/index/pt-br/transporte_p%C3%BAblico-line-805_2-Brasilia-1702-851595-454981-0,-1.0,-15.840587,-48.049737,0.0,,,2,2023-06-15T12:45:31+00:00
BRA_441937,Brasília,5300108,,Marechal,363.1,https://moovitapp.com/index/pt-br/transporte_p%C3%BAblico-line-363_1-Brasilia-1702-851940-504344-0,-1.0,-15.846623,-48.10827,21.0,,,2,2023-06-15T12:45:31+00:00
BRA_445207,Brasília,5300108,,Marechal,0.378,https://moovitapp.com/index/pt-br/transporte_p%C3%BAblico-line-0_378-Brasilia-1702-851940-347150-0,-1.0,-15.792583,-47.888927,40.0,,,2,2023-06-15T12:45:31+00:00
BRA_440248,Brasília,5300108,,Marechal,156.8,https://moovitapp.com/index/pt-br/transporte_p%C3%BAblico-line-156_8-Brasilia-1702-851940-312445-0,-1.0,-15.80984,-47.975647,52.0,,,2,2023-06-15T12:45:31+00:00
BRA_440426,Brasília,5300108,,Marechal,0.205,https://moovitapp.com/index/pt-br/transporte_p%C3%BAblico-line-0_205-Brasilia-1702-851940-463646-0,-1.0,-16.020067,-48.06689,0.0,,,2,2023-06-15T12:45:26+00:00
BRA_444103,Brasília,5300108,,Marechal,363.2,https://moovitapp.com/index/pt-br/transporte_p%C3%BAblico-line-363_2-Brasilia-1702-851940-725443-0,-1.0,-15.84094,-48.126643,0.0,,,2,2023-06-15T12:45:26+00:00
BRA_442003,Brasília,5300108,,Marechal,933.1,https://moovitapp.com/index/pt-br/transporte_p%C3%BAblico-line-933_1-Brasilia-1702-851940-358307-0,-1.0,-15.81098,-48.091537,32.0,,,2,2023-06-15T12:45:31+00:00
BRA_440795,Brasília,5300108,,Marechal,260.3,https://moovitapp.com/index/pt-br/transporte_p%C3%BAblico-line-260_3-Brasilia-1702-851940-393566-0,-1.0,-15.971653,-48.01567,59.0,,,2,2023-06-15T12:45:31+00:00
BRA_443557,Brasília,5300108,,Marechal,355.2,https://moovitapp.com/index/pt-br/transporte_p%C3%BAblico-line-355_2-Brasilia-1702-851940-510251-0,-1.0,-15.86652,-48.0377,0.0,,,2,2023-06-15T12:45:31+00:00
BRA_441511,Brasília,5300108,,Marechal,363.2,https://moovitapp.com/index/pt-br/transporte_p%C3%BAblico-line-363_2-Brasilia-1702-851940-725443-0,-1.0,-15.804933,-48.074243,7.0,,,2,2023-06-15T12:44:38+00:00
BRA_441635,Brasília,5300108,,Marechal,932.1,https://moovitapp.com/index/pt-br/transporte_p%C3%BAblico-line-932_1-Brasilia-1702-851940-470763-0,-1.0,-15.80919,-47.954277,60.0,,,2,2023-06-15T12:45:31+00:00
BRA_442623,Brasília,5300108,,Urbi,0.054,https://moovitapp.com/index/pt-br/transporte_p%C3%BAblico-line-0_054-Brasilia-1702-851595-454960-0,-1.0,-15.876167,-48.06338,4.0,,,2,2023-06-15T12:45:30+00:00
BRA_444570,Brasília,5300108,,Marechal,383.1,https://moovitapp.com/index/pt-br/transporte_p%C3%BAblico-line-383_1-Brasilia-1702-851940-527238-0,-1.0,-15.793223,-47.97465,0.0,,,2,2023-06-15T12:45:30+00:00
BRA_444715,Brasília,5300108,,Marechal,0.089,https://moovitapp.com/index/pt-br/transporte_p%C3%BAblico-line-0_089-Brasilia-1702-851940-706977-0,-1.0,-15.80746,-48.066127,0.0,,,2,2023-06-15T12:45:30+00:00
BRA_443042,Brasília,5300108,,Marechal,304.1,https://moovitapp.com/index/pt-br/transporte_p%C3%BAblico-line-304_1-Brasilia-1702-851940-516636-0,-1.0,-15.78812,-47.942347,31.0,,,2,2023-06-15T12:45:30+00:00
BRA_444723,Brasília,5300108,,São José,350.1,https://moovitapp.com/index/pt-br/transporte_p%C3%BAblico-line-350_1-Brasilia-1702-851943-2068450-0,-1.0,-15.836367,-48.09048,37.0,,,2,2023-06-15T12:45:30+00:00
BRA_445223,Brasília,5300108,,Marechal,0.301,https://moovitapp.com/index/pt-br/transporte_p%C3%BAblico-line-0_301-Brasilia-1702-851940-339319-0,-1.0,-15.81198,-47.90571,0.0,,,2,2023-06-15T12:45:30+00:00
BRA_443051,Brasília,5300108,,Marechal,0.942,https://moovitapp.com/index/pt-br/transporte_p%C3%BAblico-line-0_942-Brasilia-1702-851940-347158-0,-1.0,-15.84073,-48.12721,0.0,,,2,2023-06-15T12:45:25+00:00
BRA_442828,Brasília,5300108,,Urbi,056.2,https://moovitapp.com/index/pt-br/transporte_p%C3%BAblico-line-056_2-Brasilia-1702-851595-492982-0,-1.0,-15.884197,-48.15062,0.0,,,2,2023-06-15T12:45:30+00:00
BRA_442801,Brasília,5300108,,Marechal,383.3,https://moovitapp.com/index/pt-br/transporte_p%C3%BAblico-line-383_3-Brasilia-1702-851940-88144102-0,-1.0,-15.840497,-48.126917,0.0,,,2,2023-06-15T12:45:25+00:00
BRA_445126,Brasília,5300108,,Marechal,0.305,https://moovitapp.com/index/pt-br/transporte_p%C3%BAblico-line-0_305-Brasilia-1702-851940-775108-0,-1.0,-15.867163,-48.03737,0.0,,,2,2023-06-15T12:45:26+00:00
BRA_442747,Brasília,5300108,,Marechal,933.4,https://moovitapp.com/index/pt-br/transporte_p%C3%BAblico-line-933_4-Brasilia-1702-851940-656766-0,-1.0,-15.83948,-48.128587,0.0,,,2,2023-06-15T12:45:31+00:00
BRA_442615,Brasília,5300108,,Urbi,0.050,https://moovitapp.com/index/pt-br/transporte_p%C3%BAblico-line-0_050-Brasilia-1702-851595-781325-0,-1.0,-15.88385,-48.149887,0.0,,,2,2023-06-15T12:45:31+00:00
BRA_441660,Brasília,5300108,,Urbi,0.399,https://moovitapp.com/index/pt-br/transporte_p%C3%BAblico-line-0_399-Brasilia-1702-851595-454964-0,-1.0,-15.88844,-48.108107,40.0,,,2,2023-06-15T12:45:31+00:00
BRA_443123,Brasília,5300108,,Marechal,361.1,https://moovitapp.com/index/pt-br/transporte_p%C3%BAblico-line-361_1-Brasilia-1702-851940-363861-0,-1.0,-15.84084,-48.127093,0.0,,,2,2023-06-15T12:45:31+00:00
BRA_443778,Brasília,5300108,,Marechal,0.357,https://moovitapp.com/index/pt-br/transporte_p%C3%BAblico-line-0_357-Brasilia-1702-851940-775109-0,-1.0,-15.837293,-48.04773,0.0,,,2,2023-06-15T12:45:31+00:00
BRA_440591,Brasília,5300108,,Piracicabana,099.1,https://moovitapp.com/index/pt-br/transporte_p%C3%BAblico-line-099_1-Brasilia-1702-850942-775090-0,-1.0,-15.794843,-47.933947,0.0,,,2,2023-06-15T12:45:31+00:00
BRA_444286,Brasília,5300108,,Marechal,933.2,https://moovitapp.com/index/pt-br/transporte_p%C3%BAblico-line-933_2-Brasilia-1702-851940-717428-0,-1.0,-15.854113,-48.127253,11.0,,,2,2023-06-15T12:45:31+00:00
BRA_440922,Brasília,5300108,,Marechal,154.2,https://moovitapp.com/index/pt-br/transporte_p%C3%BAblico-line-154_2-Brasilia-1702-851940-527234-0,-1.0,-15.8201,-47.987103,24.0,,,2,2023-06-15T12:45:31+00:00
BRA_440957,Brasília,5300108,,Marechal,157.6,https://moovitapp.com/index/pt-br/transporte_p%C3%BAblico-line-157_6-Brasilia-1702-851940-419627-0,-1.0,-15.845817,-47.979803,49.0,,,2,2023-06-15T12:45:31+00:00
BRA_444219,Brasília,5300108,,Marechal,933.4,https://moovitapp.com/index/pt-br/transporte_p%C3%BAblico-line-933_4-Brasilia-1702-851940-656766-0,-1.0,-15.839323,-48.128147,0.0,,,2,2023-06-15T12:45:31+00:00
BRA_440400,Brasília,5300108,,Marechal,0.167,https://moovitapp.com/index/pt-br/transporte_p%C3%BAblico-line-0_167-Brasilia-1702-851940-242707-0,-1.0,-15.840067,-47.92181,1.0,,,2,2023-06-15T12:45:31+00:00
BRA_444031,Brasília,5300108,,Marechal,363.1,https://moovitapp.com/index/pt-br/transporte_p%C3%BAblico-line-363_1-Brasilia-1702-851940-504344-0,-1.0,-15.840993,-48.126803,0.0,,,2,2023-06-15T12:44:43+00:00
BRA_443891,Brasília,5300108,,Marechal,959.2,https://moovitapp.com/index/pt-br/transporte_p%C3%BAblico-line-959_2-Brasilia-1702-851940-66561063-0,-1.0,-15.870843,-48.035107,51.0,,,2,2023-06-15T12:45:31+00:00
BRA_440639,Brasília,5300108,,Marechal,0.234,https://moovitapp.com/index/pt-br/transporte_p%C3%BAblico-line-0_234-Brasilia-1702-851940-419623-0,-1.0,-15.994177,-48.05225,61.0,,,2,2023-06-15T12:45:31+00:00
BRA_440752,Brasília,5300108,,Marechal,0.162,https://moovitapp.com/index/pt-br/transporte_p%C3%BAblico-line-0_162-Brasilia-1702-851940-766836-0,-1.0,-15.840567,-47.965463,0.0,,,2,2023-06-15T12:45:31+00:00
BRA_440868,Brasília,5300108,,Marechal,0.376,https://moovitapp.com/index/pt-br/transporte_p%C3%BAblico-line-0_376-Brasilia-1702-851940-242726-0,-1.0,-15.747227,-47.896147,54.0,,,2,2023-06-15T12:22:34+00:00
BRA_441708,Brasília,5300108,,Urbi,056.4,https://moovitapp.com/index/pt-br/transporte_p%C3%BAblico-line-056_4-Brasilia-1702-851595-519387-0,-1.0,-15.83598,-48.11073,52.0,,,2,2023-06-15T12:45:31+00:00
BRA_440299,Brasília,5300108,,São José,0.092,https://moovitapp.com/index/pt-br/transporte_p%C3%BAblico-line-0_092-Brasilia-1702-851943-496589-0,-1.0,-15.798907,-48.054227,1.0,,,2,2023-06-15T12:45:31+00:00
BRA_445193,Brasília,5300108,,Marechal,0.300,https://moovitapp.com/index/pt-br/transporte_p%C3%BAblico-line-0_300-Brasilia-1702-851940-419624-0,-1.0,-15.849893,-48.112823,40.0,,,2,2023-06-15T12:23:00+00:00
BRA_441007,Brasília,5300108,,Marechal,0.234,https://moovitapp.com/index/pt-br/transporte_p%C3%BAblico-line-0_234-Brasilia-1702-851940-419623-0,-1.0,-15.841983,-48.04562,0.0,,,2,2023-06-15T12:45:30+00:00
BRA_440078,Brasília,5300108,,Marechal,0.156,https://moovitapp.com/index/pt-br/transporte_p%C3%BAblico-line-0_156-Brasilia-1702-851940-242705-0,-1.0,-15.818343,-47.983023,35.0,,,2,2023-06-15T12:45:30+00:00
BRA_444111,Brasília,5300108,,Marechal,933.3,https://moovitapp.com/index/pt-br/transporte_p%C3%BAblico-line-933_3-Brasilia-1702-851940-450287-0,-1.0,-15.845257,-48.11737,26.0,,,2,2023-06-15T12:45:31+00:00
BRA_442984,Brasília,5300108,,Urbi,0.050,https://moovitapp.com/index/pt-br/transporte_p%C3%BAblico-line-0_050-Brasilia-1702-851595-781325-0,-1.0,-15.85376,-48.07142,28.0,,,2,2023-06-15T12:45:30+00:00
BRA_443085,Brasília,5300108,,Marechal,933.4,https://moovitapp.com/index/pt-br/transporte_p%C3%BAblico-line-933_4-Brasilia-1702-851940-656766-0,-1.0,-15.841227,-48.126647,0.0,,,2,2023-06-15T12:36:16+00:00
BRA_442674,Brasília,5300108,,Marechal,363.2,https://moovitapp.com/index/pt-br/transporte_p%C3%BAblico-line-363_2-Brasilia-1702-851940-725443-0,-1.0,-15.833103,-48.055787,20.0,,,2,2023-06-15T12:45:30+00:00
BRA_442666,Brasília,5300108,,Urbi,0.050,https://moovitapp.com/index/pt-br/transporte_p%C3%BAblico-line-0_050-Brasilia-1702-851595-781325-0,-1.0,-15.85283,-48.071493,13.0,,,2,2023-06-15T12:43:24+00:00
BRA_440086,Brasília,5300108,,São José,0.092,https://moovitapp.com/index/pt-br/transporte_p%C3%BAblico-line-0_092-Brasilia-1702-851943-496589-0,-1.0,-15.84647,-47.97773,40.0,,,2,2023-06-15T12:45:30+00:00
BRA_442534,Brasília,5300108,,Marechal,304.1,https://moovitapp.com/index/pt-br/transporte_p%C3%BAblico-line-304_1-Brasilia-1702-851940-516636-0,-1.0,-15.818783,-48.015173,0.0,,,2,2023-06-15T12:45:30+00:00
BRA_444740,Brasília,5300108,,Marechal,0.089,https://moovitapp.com/index/pt-br/transporte_p%C3%BAblico-line-0_089-Brasilia-1702-851940-706977-0,-1.0,-15.840753,-48.127153,0.0,,,2,2023-06-15T12:45:25+00:00
BRA_442879,Brasília,5300108,,Marechal,933.4,https://moovitapp.com/index/pt-br/transporte_p%C3%BAblico-line-933_4-Brasilia-1702-851940-656766-0,-1.0,-15.829263,-48.12441,13.0,,,2,2023-06-15T12:45:30+00:00
BRA_443417,Brasília,5300108,,Marechal,933.1,https://moovitapp.com/index/pt-br/transporte_p%C3%BAblico-line-933_1-Brasilia-1702-851940-358307-0,-1.0,-15.841117,-48.126883,0.0,,,2,2023-06-15T12:45:25+00:00
BRA_441384,Brasília,5300108,,Urbi,056.2,https://moovitapp.com/index/pt-br/transporte_p%C3%BAblico-line-056_2-Brasilia-1702-851595-492982-0,-1.0,-15.883933,-48.150213,0.0,,,2,2023-06-15T12:45:25+00:00
BRA_441333,Brasília,5300108,,Marechal,156.1,https://moovitapp.com/index/pt-br/transporte_p%C3%BAblico-line-156_1-Brasilia-1702-851940-242750-0,-1.0,-15.84038,-47.965863,0.0,,,2,2023-06-15T12:45:25+00:00
BRA_441295,Brasília,5300108,,Marechal,156.7,https://moovitapp.com/index/pt-br/transporte_p%C3%BAblico-line-156_7-Brasilia-1702-851940-312444-0,-1.0,-15.842193,-47.96624,13.0,,,2,2023-06-15T12:45:25+00:00
BRA_443310,Brasília,5300108,,Marechal,336.1,https://moovitapp.com/index/pt-br/transporte_p%C3%BAblico-line-336_1-Brasilia-1702-851940-347163-0,-1.0,-15.840743,-48.127007,12.0,,,2,2023-06-15T12:45:25+00:00
BRA_441104,Brasília,5300108,,Urbi,038.1,https://moovitapp.com/index/pt-br/transporte_p%C3%BAblico-line-038_1-Brasilia-1702-851595-781327-0,-1.0,-15.878797,-48.01943,13.0,,,2,2023-06-15T12:45:30+00:00
BRA_441180,Brasília,5300108,,Marechal,260.3,https://moovitapp.com/index/pt-br/transporte_p%C3%BAblico-line-260_3-Brasilia-1702-851940-393566-0,-1.0,-15.864887,-48.03387,50.0,,,2,2023-06-15T12:45:30+00:00
BRA_443506,Brasília,5300108,,São José,359.2,https://moovitapp.com/index/pt-br/transporte_p%C3%BAblico-line-359_2-Brasilia-1702-851943-2068453-0,-1.0,-15.836787,-48.091723,46.0,,,2,2023-06-15T12:45:30+00:00
BRA_441198,Brasília,5300108,,Marechal,0.234,https://moovitapp.com/index/pt-br/transporte_p%C3%BAblico-line-0_234-Brasilia-1702-851940-419623-0,-1.0,-16.020033,-48.066867,0.0,,,2,2023-06-15T12:37:30+00:00
BRA_443069,Brasília,5300108,,Marechal,363.2,https://moovitapp.com/index/pt-br/transporte_p%C3%BAblico-line-363_2-Brasilia-1702-851940-725443-0,-1.0,-15.846847,-48.043593,0.0,,,2,2023-06-15T12:45:30+00:00
BRA_442640,Brasília,5300108,,Marechal,933.5,https://moovitapp.com/index/pt-br/transporte_p%C3%BAblico-line-933_5-Brasilia-1702-851940-766837-0,-1.0,-15.833603,-48.133043,25.0,,,2,2023-06-15T12:45:30+00:00
BRA_440612,Brasília,5300108,,Marechal,0.156,https://moovitapp.com/index/pt-br/transporte_p%C3%BAblico-line-0_156-Brasilia-1702-851940-242705-0,-1.0,-15.840533,-47.965437,0.0,,,2,2023-06-15T12:45:31+00:00
BRA_440191,Brasília,5300108,,Marechal,355.3,https://moovitapp.com/index/pt-br/transporte_p%C3%BAblico-line-355_3-Brasilia-1702-851940-504343-0,-1.0,-15.80315,-48.067947,0.0,,,2,2023-06-15T11:11:22+00:00
BRA_444316,Brasília,5300108,,Marechal,933.2,https://moovitapp.com/index/pt-br/transporte_p%C3%BAblico-line-933_2-Brasilia-1702-851940-717428-0,-1.0,-15.82355,-48.114453,10.0,,,2,2023-06-15T12:45:31+00:00
BRA_444120,Brasília,5300108,,Marechal,933.2,https://moovitapp.com/index/pt-br/transporte_p%C3%BAblico-line-933_2-Brasilia-1702-851940-717428-0,-1.0,-15.851537,-48.115077,22.0,,,2,2023-06-15T12:45:31+00:00
BRA_440809,Brasília,5300108,,Marechal,162.2,https://moovitapp.com/index/pt-br/transporte_p%C3%BAblico-line-162_2-Brasilia-1702-851940-312446-0,-1.0,-15.839367,-47.966387,50.0,,,2,2023-06-15T12:45:26+00:00
BRA_443930,Brasília,5300108,,Marechal,933.6,https://moovitapp.com/index/pt-br/transporte_p%C3%BAblico-line-933_6-Brasilia-1702-851940-3494672-0,-1.0,-15.838437,-48.122837,26.0,,,2,2023-06-15T12:23:05+00:00
BRA_440663,Brasília,5300108,,Marechal,206.1,https://moovitapp.com/index/pt-br/transporte_p%C3%BAblico-line-206_1-Brasilia-1702-851940-137149861-0,-1.0,-16.020397,-48.067113,0.0,,,2,2023-06-15T12:45:31+00:00
BRA_440825,Brasília,5300108,,São José,157.8,https://moovitapp.com/index/pt-br/transporte_p%C3%BAblico-line-157_8-Brasilia-1702-851943-759503-0,-1.0,-15.834617,-47.979613,53.0,,,2,2023-06-15T12:45:31+00:00
BRA_444260,Brasília,5300108,,Marechal,933.6,https://moovitapp.com/index/pt-br/transporte_p%C3%BAblico-line-933_6-Brasilia-1702-851940-3494672-0,-1.0,-15.81904,-48.108037,0.0,,,2,2023-06-15T12:45:31+00:00
BRA_440761,Brasília,5300108,,Marechal,260.3,https://moovitapp.com/index/pt-br/transporte_p%C3%BAblico-line-260_3-Brasilia-1702-851940-393566-0,-1.0,-15.87605,-48.029297,7.0,,,2,2023-06-15T12:32:02+00:00
BRA_442356,Brasília,5300108,,Urbi,056.4,https://moovitapp.com/index/pt-br/transporte_p%C3%BAblico-line-056_4-Brasilia-1702-851595-519387-0,-1.0,-15.884033,-48.149963,0.0,,,2,2023-06-15T12:45:31+00:00
BRA_444022,Brasília,5300108,,Marechal,933.2,https://moovitapp.com/index/pt-br/transporte_p%C3%BAblico-line-933_2-Brasilia-1702-851940-717428-0,-1.0,-15.822487,-48.114013,37.0,,,2,2023-06-15T12:45:31+00:00
BRA_444090,Brasília,5300108,,Marechal,933.5,https://moovitapp.com/index/pt-br/transporte_p%C3%BAblico-line-933_5-Brasilia-1702-851940-766837-0,-1.0,-15.840657,-48.12714,0.0,,,2,2023-06-15T12:44:48+00:00
BRA_443956,Brasília,5300108,,Marechal,933.5,https://moovitapp.com/index/pt-br/transporte_p%C3%BAblico-line-933_5-Brasilia-1702-851940-766837-0,-1.0,-15.840693,-48.126817,0.0,,,2,2023-06-15T12:45:31+00:00
BRA_445312,Brasília,5300108,,Marechal,0.378,https://moovitapp.com/index/pt-br/transporte_p%C3%BAblico-line-0_378-Brasilia-1702-851940-347150-0,-1.0,-15.803917,-47.923713,0.0,,,2,2023-06-15T12:45:30+00:00
BRA_445177,Brasília,5300108,,Marechal,0.378,https://moovitapp.com/index/pt-br/transporte_p%C3%BAblico-line-0_378-Brasilia-1702-851940-347150-0,-1.0,-15.840753,-48.126693,0.0,,,2,2023-06-15T12:45:30+00:00
BRA_441554,Brasília,5300108,,Marechal,0.361,https://moovitapp.com/index/pt-br/transporte_p%C3%BAblico-line-0_361-Brasilia-1702-851940-376158-0,-1.0,-15.85254,-48.040117,34.0,,,2,2023-06-15T12:45:30+00:00
BRA_442194,Brasília,5300108,,Urbi,367.2,https://moovitapp.com/index/pt-br/transporte_p%C3%BAblico-line-367_2-Brasilia-1702-851595-454971-0,-1.0,-15.885453,-48.151213,40.0,,,2,2023-06-15T12:45:30+00:00
BRA_440221,Brasília,5300108,,Marechal,157.6,https://moovitapp.com/index/pt-br/transporte_p%C3%BAblico-line-157_6-Brasilia-1702-851940-419627-0,-1.0,-15.807903,-47.99082,38.0,,,2,2023-06-15T12:45:30+00:00
BRA_440779,Brasília,5300108,,Marechal,156.8,https://moovitapp.com/index/pt-br/transporte_p%C3%BAblico-line-156_8-Brasilia-1702-851940-312445-0,-1.0,-15.838557,-47.9781,54.0,,,2,2023-06-15T12:45:30+00:00
BRA_444545,Brasília,5300108,,Marechal,0.554,https://moovitapp.com/index/pt-br/transporte_p%C3%BAblico-line-0_554-Brasilia-1702-851940-504340-0,-1.0,-15.83428,-48.080737,32.0,,,2,2023-06-15T12:45:30+00:00
BRA_443883,Brasília,5300108,,Marechal,355.3,https://moovitapp.com/index/pt-br/transporte_p%C3%BAblico-line-355_3-Brasilia-1702-851940-504343-0,-1.0,-15.867337,-48.03773,0.0,,,2,2023-06-15T12:45:30+00:00
BRA_444537,Brasília,5300108,,Marechal,0.942,https://moovitapp.com/index/pt-br/transporte_p%C3%BAblico-line-0_942-Brasilia-1702-851940-347158-0,-1.0,-15.774753,-47.888083,12.0,,,2,2023-06-15T12:45:30+00:00
BRA_440621,Brasília,5300108,,Urbi,805.9,https://moovitapp.com/index/pt-br/transporte_p%C3%BAblico-line-805_9-Brasilia-1702-851595-454983-0,-1.0,-15.93328,-48.108503,0.0,,,2,2023-06-15T12:45:30+00:00
BRA_441805,Brasília,5300108,,Marechal,0.043,https://moovitapp.com/index/pt-br/transporte_p%C3%BAblico-line-0_043-Brasilia-1702-851940-781330-0,-1.0,-15.837403,-48.093287,0.0,,,2,2023-06-15T12:45:30+00:00
BRA_441775,Brasília,5300108,,Marechal,932.1,https://moovitapp.com/index/pt-br/transporte_p%C3%BAblico-line-932_1-Brasilia-1702-851940-470763-0,-1.0,-15.80723,-48.080413,39.0,,,2,2023-06-15T12:45:30+00:00
BRA_443387,Brasília,5300108,,Urbi,0.367,https://moovitapp.com/index/pt-br/transporte_p%C3%BAblico-line-0_367-Brasilia-1702-851595-519380-0,-1.0,-15.887823,-48.149093,36.0,,,2,2023-06-15T12:34:51+00:00
BRA_441791,Brasília,5300108,,Marechal,0.089,https://moovitapp.com/index/pt-br/transporte_p%C3%BAblico-line-0_089-Brasilia-1702-851940-706977-0,-1.0,-15.829953,-48.061903,56.0,,,2,2023-06-15T12:45:30+00:00
BRA_443361,Brasília,5300108,,Marechal,933.1,https://moovitapp.com/index/pt-br/transporte_p%C3%BAblico-line-933_1-Brasilia-1702-851940-358307-0,-1.0,-15.808887,-48.08668,30.0,,,2,2023-06-15T12:45:30+00:00
BRA_441422,Brasília,5300108,,Urbi,0.347,https://moovitapp.com/index/pt-br/transporte_p%C3%BAblico-line-0_347-Brasilia-1702-851595-347128-0,-1.0,-15.875807,-47.974607,0.0,,,2,2023-06-15T12:45:25+00:00
BRA_445355,Brasília,5300108,,Marechal,337.1,https://moovitapp.com/index/pt-br/transporte_p%C3%BAblico-line-337_1-Brasilia-1702-851940-347165-0,-1.0,-15.843253,-48.103327,22.0,,,2,2023-06-15T12:45:30+00:00
BRA_445266,Brasília,5300108,,Marechal,361.1,https://moovitapp.com/index/pt-br/transporte_p%C3%BAblico-line-361_1-Brasilia-1702-851940-363861-0,-1.0,-15.836413,-48.04238,0.0,,,2,2023-06-15T12:45:30+00:00
BRA_443450,Brasília,5300108,,Marechal,0.363,https://moovitapp.com/index/pt-br/transporte_p%C3%BAblico-line-0_363-Brasilia-1702-851940-504339-0,-1.0,-15.84106,-48.126917,0.0,,,2,2023-06-15T12:45:30+00:00
BRA_443301,Brasília,5300108,,Marechal,933.5,https://moovitapp.com/index/pt-br/transporte_p%C3%BAblico-line-933_5-Brasilia-1702-851940-766837-0,-1.0,-15.840703,-48.126763,5.0,,,2,2023-06-15T12:45:30+00:00
BRA_445321,Brasília,5300108,,Marechal,337.1,https://moovitapp.com/index/pt-br/transporte_p%C3%BAblico-line-337_1-Brasilia-1702-851940-347165-0,-1.0,-15.83757,-48.121057,37.0,,,2,2023-06-15T12:45:30+00:00
BRA_445151,Brasília,5300108,,Marechal,0.355,https://moovitapp.com/index/pt-br/transporte_p%C3%BAblico-line-0_355-Brasilia-1702-851940-504338-0,-1.0,-15.8673,-48.037453,0.0,,,2,2023-06-15T12:45:25+00:00
BRA_445142,Brasília,5300108,,Marechal,0.306,https://moovitapp.com/index/pt-br/transporte_p%C3%BAblico-line-0_306-Brasilia-1702-851940-242714-0,-1.0,-15.83126,-48.046507,59.0,,,2,2023-06-15T12:45:30+00:00
BRA_441074,Brasília,5300108,,Marechal,260.3,https://moovitapp.com/index/pt-br/transporte_p%C3%BAblico-line-260_3-Brasilia-1702-851940-393566-0,-1.0,-15.820937,-48.111023,39.0,,,2,2023-06-15T12:45:30+00:00
BRA_441473,Brasília,5300108,,Marechal,0.089,https://moovitapp.com/index/pt-br/transporte_p%C3%BAblico-line-0_089-Brasilia-1702-851940-706977-0,-1.0,-15.841,-48.12671,0.0,,,2,2023-06-15T12:45:25+00:00
BRA_441571,Brasília,5300108,,Marechal,0.339,https://moovitapp.com/index/pt-br/transporte_p%C3%BAblico-line-0_339-Brasilia-1702-851940-419625-0,-1.0,-15.82762,-48.06268,14.0,,,2,2023-06-15T12:45:30+00:00
BRA_443760,Brasília,5300108,,Marechal,0.951,https://moovitapp.com/index/pt-br/transporte_p%C3%BAblico-line-0_951-Brasilia-1702-851940-783578-0,-1.0,-15.84554,-48.04944,37.0,,,2,2023-06-15T12:45:30+00:00
BRA_444677,Brasília,5300108,,São José,333.7,https://moovitapp.com/index/pt-br/transporte_p%C3%BAblico-line-333_7-Brasilia-1702-851943-2068454-0,-1.0,-15.834283,-48.015807,29.0,,,2,2023-06-15T12:45:30+00:00
BRA_444669,Brasília,5300108,,São José,332.1,https://moovitapp.com/index/pt-br/transporte_p%C3%BAblico-line-332_1-Brasilia-1702-851943-2068455-0,-1.0,-15.796783,-48.136273,16.0,,,2,2023-06-15T12:45:30+00:00
BRA_440566,Brasília,5300108,,Urbi,805.2,https://moovitapp.com/index/pt-br/transporte_p%C3%BAblico-line-805_2-Brasilia-1702-851595-454981-0,-1.0,-15.914023,-48.097163,26.0,,,2,2023-06-15T12:45:30+00:00
BRA_441015,Brasília,5300108,,Marechal,0.090,https://moovitapp.com/index/pt-br/transporte_p%C3%BAblico-line-0_090-Brasilia-1702-851940-242702-0,-1.0,-15.840807,-47.965927,0.0,,,2,2023-06-15T12:45:30+00:00
BRA_440485,Brasília,5300108,,Piracicabana,099.1,https://moovitapp.com/index/pt-br/transporte_p%C3%BAblico-line-099_1-Brasilia-1702-850942-775090-0,-1.0,-15.863633,-48.03415,61.0,,,2,2023-06-15T12:45:30+00:00
BRA_441368,Brasília,5300108,,Marechal,355.3,https://moovitapp.com/index/pt-br/transporte_p%C3%BAblico-line-355_3-Brasilia-1702-851940-504343-0,-1.0,-15.86959,-48.03818,0.0,,,2,2023-06-15T12:45:30+00:00
BRA_441023,Brasília,5300108,,Marechal,0.153,https://moovitapp.com/index/pt-br/transporte_p%C3%BAblico-line-0_153-Brasilia-1702-851940-766835-0,-1.0,-15.84527,-47.980377,2.0,,,2,2023-06-15T12:45:30+00:00
BRA_442119,Brasília,5300108,,Marechal,933.5,https://moovitapp.com/index/pt-br/transporte_p%C3%BAblico-line-933_5-Brasilia-1702-851940-766837-0,-1.0,-15.867717,-48.03238,0.0,,,2,2023-06-15T12:45:30+00:00
BRA_442780,Brasília,5300108,,Urbi,0.367,https://moovitapp.com/index/pt-br/transporte_p%C3%BAblico-line-0_367-Brasilia-1702-851595-519380-0,-1.0,-15.884233,-48.15076,0.0,,,2,2023-06-15T12:45:25+00:00
BRA_441376,Brasília,5300108,,Marechal,305.6,https://moovitapp.com/index/pt-br/transporte_p%C3%BAblico-line-305_6-Brasilia-1702-851940-242767-0,-1.0,-15.86006,-48.02764,30.0,,,2,2023-06-15T12:45:30+00:00
BRA_443948,Brasília,5300108,,Marechal,933.3,https://moovitapp.com/index/pt-br/transporte_p%C3%BAblico-line-933_3-Brasilia-1702-851940-450287-0,-1.0,-15.839043,-48.129093,0.0,,,2,2023-06-15T12:45:30+00:00
BRA_444189,Brasília,5300108,,Marechal,933.6,https://moovitapp.com/index/pt-br/transporte_p%C3%BAblico-line-933_6-Brasilia-1702-851940-3494672-0,-1.0,-15.837793,-48.123303,20.0,,,2,2023-06-15T12:45:30+00:00
BRA_444481,Brasília,5300108,,Marechal,0.554,https://moovitapp.com/index/pt-br/transporte_p%C3%BAblico-line-0_554-Brasilia-1702-851940-504340-0,-1.0,-15.825803,-47.932933,19.0,,,2,2023-06-15T12:45:30+00:00
BRA_442208,Brasília,5300108,,Urbi,0.050,https://moovitapp.com/index/pt-br/transporte_p%C3%BAblico-line-0_050-Brasilia-1702-851595-781325-0,-1.0,-15.884377,-48.15119,0.0,,,2,2023-06-15T12:45:30+00:00
BRA_441759,Brasília,5300108,,Urbi,056.4,https://moovitapp.com/index/pt-br/transporte_p%C3%BAblico-line-056_4-Brasilia-1702-851595-519387-0,-1.0,-15.884107,-48.15029,0.0,,,2,2023-06-15T12:45:25+00:00
BRA_443654,Brasília,5300108,,Marechal,0.959,https://moovitapp.com/index/pt-br/transporte_p%C3%BAblico-line-0_959-Brasilia-1702-851940-546208-0,-1.0,-15.866963,-48.037437,0.0,,,2,2023-06-15T12:45:25+00:00
BRA_442542,Brasília,5300108,,Marechal,0.361,https://moovitapp.com/index/pt-br/transporte_p%C3%BAblico-line-0_361-Brasilia-1702-851940-376158-0,-1.0,-15.840847,-48.126643,0.0,,,2,2023-06-15T12:44:11+00:00
BRA_441872,Brasília,5300108,,Marechal,0.089,https://moovitapp.com/index/pt-br/transporte_p%C3%BAblico-line-0_089-Brasilia-1702-851940-706977-0,-1.0,-15.828433,-47.95096,42.0,,,2,2023-06-15T12:45:30+00:00
BRA_443298,Brasília,5300108,,Marechal,933.5,https://moovitapp.com/index/pt-br/transporte_p%C3%BAblico-line-933_5-Brasilia-1702-851940-766837-0,-1.0,-15.822007,-48.113033,21.0,,,2,2023-06-15T12:45:30+00:00
BRA_441457,Brasília,5300108,,Urbi,367.2,https://moovitapp.com/index/pt-br/transporte_p%C3%BAblico-line-367_2-Brasilia-1702-851595-454971-0,-1.0,-15.842673,-48.047177,28.0,,,2,2023-06-15T12:45:30+00:00
BRA_440787,Brasília,5300108,,Marechal,154.2,https://moovitapp.com/index/pt-br/transporte_p%C3%BAblico-line-154_2-Brasilia-1702-851940-527234-0,-1.0,-15.836207,-47.967253,36.0,,,2,2023-06-15T12:45:30+00:00
BRA_441244,Brasília,5300108,,Marechal,355.2,https://moovitapp.com/index/pt-br/transporte_p%C3%BAblico-line-355_2-Brasilia-1702-851940-510251-0,-1.0,-15.823573,-48.060627,14.0,,,2,2023-06-15T12:45:30+00:00
BRA_440132,Brasília,5300108,,São José,0.092,https://moovitapp.com/index/pt-br/transporte_p%C3%BAblico-line-0_092-Brasilia-1702-851943-496589-0,-1.0,-15.86856,-47.970013,7.0,,,2,2023-06-15T12:45:30+00:00
BRA_443565,Brasília,5300108,,Marechal,0.951,https://moovitapp.com/index/pt-br/transporte_p%C3%BAblico-line-0_951-Brasilia-1702-851940-783578-0,-1.0,-15.83063,-48.01795,13.0,,,2,2023-06-15T12:45:30+00:00
BRA_440124,Brasília,5300108,,Piracicabana,099.1,https://moovitapp.com/index/pt-br/transporte_p%C3%BAblico-line-099_1-Brasilia-1702-850942-775090-0,-1.0,-15.821137,-48.019817,49.0,,,2,2023-06-15T12:45:31+00:00
BRA_444693,Brasília,5300108,,São José,333.6,https://moovitapp.com/index/pt-br/transporte_p%C3%BAblico-line-333_6-Brasilia-1702-851943-2068452-0,-1.0,-15.832503,-48.113333,0.0,,,2,2023-06-15T12:45:31+00:00
BRA_441686,Brasília,5300108,,Marechal,933.1,https://moovitapp.com/index/pt-br/transporte_p%C3%BAblico-line-933_1-Brasilia-1702-851940-358307-0,-1.0,-15.840867,-48.127,0.0,,,2,2023-06-15T12:45:26+00:00
BRA_441767,Brasília,5300108,,Urbi,372.5,https://moovitapp.com/index/pt-br/transporte_p%C3%BAblico-line-372_5-Brasilia-1702-851595-519391-0,-1.0,-15.87649,-48.09892,13.0,,,2,2023-06-15T12:45:31+00:00
BRA_441627,Brasília,5300108,,Urbi,0.054,https://moovitapp.com/index/pt-br/transporte_p%C3%BAblico-line-0_054-Brasilia-1702-851595-454960-0,-1.0,-15.90234,-48.12953,0.0,,,2,2023-06-15T12:45:31+00:00
BRA_441732,Brasília,5300108,,Urbi,0.367,https://moovitapp.com/index/pt-br/transporte_p%C3%BAblico-line-0_367-Brasilia-1702-851595-519380-0,-1.0,-15.839047,-48.129127,0.0,,,2,2023-06-15T12:45:31+00:00
BRA_443646,Brasília,5300108,,Marechal,355.3,https://moovitapp.com/index/pt-br/transporte_p%C3%BAblico-line-355_3-Brasilia-1702-851940-504343-0,-1.0,-15.840493,-48.049857,0.0,,,2,2023-06-15T12:45:31+00:00
BRA_441236,Brasília,5300108,,Marechal,351.3,https://moovitapp.com/index/pt-br/transporte_p%C3%BAblico-line-351_3-Brasilia-1702-851940-510249-0,-1.0,-15.819677,-48.061923,0.0,,,2,2023-06-15T12:45:31+00:00
BRA_443697,Brasília,5300108,,Marechal,351.3,https://moovitapp.com/index/pt-br/transporte_p%C3%BAblico-line-351_3-Brasilia-1702-851940-510249-0,-1.0,-15.86685,-48.037967,0.0,,,2,2023-06-15T12:45:31+00:00
BRA_440094,Brasília,5300108,,Marechal,154.2,https://moovitapp.com/index/pt-br/transporte_p%C3%BAblico-line-154_2-Brasilia-1702-851940-527234-0,-1.0,-15.818817,-47.983533,45.0,,,2,2023-06-15T12:45:31+00:00
BRA_440175,Brasília,5300108,,Urbi,0.823,https://moovitapp.com/index/pt-br/transporte_p%C3%BAblico-line-0_823-Brasilia-1702-851595-401625-0,-1.0,-15.933147,-48.108643,0.0,,,2,2023-06-15T12:45:31+00:00
BRA_444014,Brasília,5300108,,Marechal,0.369,https://moovitapp.com/index/pt-br/transporte_p%C3%BAblico-line-0_369-Brasilia-1702-851940-500060-0,-1.0,-15.836537,-48.067113,48.0,,,2,2023-06-15T12:45:31+00:00
BRA_443620,Brasília,5300108,,Marechal,351.3,https://moovitapp.com/index/pt-br/transporte_p%C3%BAblico-line-351_3-Brasilia-1702-851940-510249-0,-1.0,-15.805773,-48.076847,36.0,,,2,2023-06-15T12:45:31+00:00
BRA_443263,Brasília,5300108,,Marechal,0.089,https://moovitapp.com/index/pt-br/transporte_p%C3%BAblico-line-0_089-Brasilia-1702-851940-706977-0,-1.0,-15.811653,-47.990577,54.0,,,2,2023-06-15T12:45:30+00:00
BRA_442224,Brasília,5300108,,Marechal,0.554,https://moovitapp.com/index/pt-br/transporte_p%C3%BAblico-line-0_554-Brasilia-1702-851940-504340-0,-1.0,-15.835143,-48.07312,61.0,,,2,2023-06-15T12:45:30+00:00
BRA_443689,Brasília,5300108,,Marechal,959.2,https://moovitapp.com/index/pt-br/transporte_p%C3%BAblico-line-959_2-Brasilia-1702-851940-66561063-0,-1.0,-15.86601,-48.023567,12.0,,,2,2023-06-15T12:45:31+00:00
BRA_441589,Brasília,5300108,,Marechal,942.1,https://moovitapp.com/index/pt-br/transporte_p%C3%BAblico-line-942_1-Brasilia-1702-851940-347177-0,-1.0,-15.744643,-47.89724,9.0,,,2,2023-06-15T12:45:31+00:00
BRA_443204,Brasília,5300108,,Marechal,0.383,https://moovitapp.com/index/pt-br/transporte_p%C3%BAblico-line-0_383-Brasilia-1702-851940-347151-0,-1.0,-15.840673,-48.127187,0.0,,,2,2023-06-15T12:45:31+00:00
BRA_441228,Brasília,5300108,,Marechal,0.090,https://moovitapp.com/index/pt-br/transporte_p%C3%BAblico-line-0_090-Brasilia-1702-851940-242702-0,-1.0,-15.805717,-47.95133,38.0,,,2,2023-06-15T12:45:31+00:00
BRA_441538,Brasília,5300108,,Urbi,0.056,https://moovitapp.com/index/pt-br/transporte_p%C3%BAblico-line-0_056-Brasilia-1702-851595-588804-0,-1.0,-15.88277,-48.083893,16.0,,,2,2023-06-15T12:45:31+00:00
BRA_441317,Brasília,5300108,,Marechal,355.3,https://moovitapp.com/index/pt-br/transporte_p%C3%BAblico-line-355_3-Brasilia-1702-851940-504343-0,-1.0,-15.806923,-48.066303,32.0,,,2,2023-06-15T12:45:31+00:00
BRA_443859,Brasília,5300108,,Marechal,959.1,https://moovitapp.com/index/pt-br/transporte_p%C3%BAblico-line-959_1-Brasilia-1702-851940-789939-0,-1.0,-15.80892,-48.086703,17.0,,,2,2023-06-15T12:45:31+00:00
BRA_442089,Brasília,5300108,,São José,333.6,https://moovitapp.com/index/pt-br/transporte_p%C3%BAblico-line-333_6-Brasilia-1702-851943-2068452-0,-1.0,-15.80568,-48.136083,0.0,,,2,2023-06-15T12:45:31+00:00
BRA_443492,Brasília,5300108,,Marechal,0.554,https://moovitapp.com/index/pt-br/transporte_p%C3%BAblico-line-0_554-Brasilia-1702-851940-504340-0,-1.0,-15.84094,-48.127003,0.0,,,2,2023-06-15T12:45:31+00:00
BRA_441902,Brasília,5300108,,Marechal,933.4,https://moovitapp.com/index/pt-br/transporte_p%C3%BAblico-line-933_4-Brasilia-1702-851940-656766-0,-1.0,-15.827037,-48.121883,25.0,,,2,2023-06-15T12:45:31+00:00
BRA_443379,Brasília,5300108,,Marechal,0.089,https://moovitapp.com/index/pt-br/transporte_p%C3%BAblico-line-0_089-Brasilia-1702-851940-706977-0,-1.0,-15.827207,-47.950873,52.0,,,2,2023-06-15T12:45:31+00:00
BRA_443280,Brasília,5300108,,Marechal,0.383,https://moovitapp.com/index/pt-br/transporte_p%C3%BAblico-line-0_383-Brasilia-1702-851940-347151-0,-1.0,-15.793443,-47.974387,56.0,,,2,2023-06-15T12:45:31+00:00
BRA_441694,Brasília,5300108,,Marechal,932.1,https://moovitapp.com/index/pt-br/transporte_p%C3%BAblico-line-932_1-Brasilia-1702-851940-470763-0,-1.0,-15.840977,-48.126553,0.0,,,2,2023-06-15T12:45:31+00:00
BRA_441171,Brasília,5300108,,Marechal,0.234,https://moovitapp.com/index/pt-br/transporte_p%C3%BAblico-line-0_234-Brasilia-1702-851940-419623-0,-1.0,-16.020097,-48.066907,0.0,,,2,2023-06-15T12:45:31+00:00
BRA_442038,Brasília,5300108,,Urbi,056.4,https://moovitapp.com/index/pt-br/transporte_p%C3%BAblico-line-056_4-Brasilia-1702-851595-519387-0,-1.0,-15.805967,-48.076867,0.0,,,2,2023-06-15T12:45:31+00:00
BRA_441520,Brasília,5300108,,Marechal,933.1,https://moovitapp.com/index/pt-br/transporte_p%C3%BAblico-line-933_1-Brasilia-1702-851940-358307-0,-1.0,-15.84072,-48.12696,0.0,,,2,2023-06-15T12:45:31+00:00
BRA_441783,Brasília,5300108,,Marechal,0.361,https://moovitapp.com/index/pt-br/transporte_p%C3%BAblico-line-0_361-Brasilia-1702-851940-376158-0,-1.0,-15.840637,-48.127033,0.0,,,2,2023-06-15T12:45:26+00:00
BRA_442658,Brasília,5300108,,Marechal,0.942,https://moovitapp.com/index/pt-br/transporte_p%C3%BAblico-line-0_942-Brasilia-1702-851940-347158-0,-1.0,-15.735983,-47.907367,0.0,,,2,2023-06-15T12:45:25+00:00
BRA_442330,Brasília,5300108,,Marechal,933.1,https://moovitapp.com/index/pt-br/transporte_p%C3%BAblico-line-933_1-Brasilia-1702-851940-358307-0,-1.0,-15.824523,-48.118437,0.0,,,2,2023-06-15T12:45:30+00:00
BRA_444243,Brasília,5300108,,Urbi,0.367,https://moovitapp.com/index/pt-br/transporte_p%C3%BAblico-line-0_367-Brasilia-1702-851595-519380-0,-1.0,-15.878913,-48.11936,56.0,,,2,2023-06-15T12:45:30+00:00
BRA_443549,Brasília,5300108,,Marechal,0.351,https://moovitapp.com/index/pt-br/transporte_p%C3%BAblico-line-0_351-Brasilia-1702-851940-510246-0,-1.0,-15.86697,-48.0374,0.0,,,2,2023-06-15T12:45:30+00:00
BRA_444502,Brasília,5300108,,Marechal,361.1,https://moovitapp.com/index/pt-br/transporte_p%C3%BAblico-line-361_1-Brasilia-1702-851940-363861-0,-1.0,-15.838417,-48.027437,28.0,,,2,2023-06-15T12:45:30+00:00
BRA_443662,Brasília,5300108,,Marechal,959.2,https://moovitapp.com/index/pt-br/transporte_p%C3%BAblico-line-959_2-Brasilia-1702-851940-66561063-0,-1.0,-15.847557,-48.04313,12.0,,,2,2023-06-15T12:45:30+00:00
BRA_441287,Brasília,5300108,,Marechal,0.205,https://moovitapp.com/index/pt-br/transporte_p%C3%BAblico-line-0_205-Brasilia-1702-851940-463646-0,-1.0,-16.01996,-48.066817,0.0,,,2,2023-06-15T12:45:30+00:00
BRA_443999,Brasília,5300108,,Marechal,0.369,https://moovitapp.com/index/pt-br/transporte_p%C3%BAblico-line-0_369-Brasilia-1702-851940-500060-0,-1.0,-15.867023,-48.03721,20.0,,,2,2023-06-15T12:23:31+00:00
BRA_444430,Brasília,5300108,,Marechal,0.205,https://moovitapp.com/index/pt-br/transporte_p%C3%BAblico-line-0_205-Brasilia-1702-851940-463646-0,-1.0,-15.82696,-47.92654,41.0,,,2,2023-06-15T12:45:30+00:00
BRA_441066,Brasília,5300108,,Marechal,162.2,https://moovitapp.com/index/pt-br/transporte_p%C3%BAblico-line-162_2-Brasilia-1702-851940-312446-0,-1.0,-15.83077,-47.987233,28.0,,,2,2023-06-15T12:45:30+00:00
BRA_443336,Brasília,5300108,,Marechal,0.089,https://moovitapp.com/index/pt-br/transporte_p%C3%BAblico-line-0_089-Brasilia-1702-851940-706977-0,-1.0,-15.838817,-48.095123,43.0,,,2,2023-06-15T12:45:30+00:00
BRA_443221,Brasília,5300108,,Urbi,0.898,https://moovitapp.com/index/pt-br/transporte_p%C3%BAblico-line-0_898-Brasilia-1702-851595-322394-0,-1.0,-15.83633,-48.065767,58.0,,,2,2023-06-15T12:14:16+00:00
BRA_441325,Brasília,5300108,,São José,0.092,https://moovitapp.com/index/pt-br/transporte_p%C3%BAblico-line-0_092-Brasilia-1702-851943-496589-0,-1.0,-15.794643,-48.05283,13.0,,,2,2023-06-15T12:45:31+00:00
BRA_444995,Brasília,5300108,,Marechal,0.903,https://moovitapp.com/index/pt-br/transporte_p%C3%BAblico-line-0_903-Brasilia-1702-851940-347155-0,-1.0,-15.790057,-48.020497,0.0,,,2,2023-06-15T12:45:31+00:00
BRA_445045,Brasília,5300108,,Marechal,0.554,https://moovitapp.com/index/pt-br/transporte_p%C3%BAblico-line-0_554-Brasilia-1702-851940-504340-0,-1.0,-15.840997,-48.126937,0.0,,,2,2023-06-15T12:45:26+00:00
BRA_445053,Brasília,5300108,,Marechal,363.1,https://moovitapp.com/index/pt-br/transporte_p%C3%BAblico-line-363_1-Brasilia-1702-851940-504344-0,-1.0,-15.82773,-48.059167,17.0,,,2,2023-06-15T12:45:31+00:00
BRA_444791,Brasília,5300108,,São José,359.2,https://moovitapp.com/index/pt-br/transporte_p%C3%BAblico-line-359_2-Brasilia-1702-851943-2068453-0,-1.0,-15.807753,-48.157143,0.0,,,2,2023-06-15T12:45:26+00:00
BRA_444804,Brasília,5300108,,São José,333.7,https://moovitapp.com/index/pt-br/transporte_p%C3%BAblico-line-333_7-Brasilia-1702-851943-2068454-0,-1.0,-15.808463,-48.157067,0.0,,,2,2023-06-15T12:45:31+00:00
BRA_444979,Brasília,5300108,,Urbi,0.898,https://moovitapp.com/index/pt-br/transporte_p%C3%BAblico-line-0_898-Brasilia-1702-851595-322394-0,-1.0,-15.848193,-48.042457,1.0,,,2,2023-06-15T12:45:31+00:00
BRA_444910,Brasília,5300108,,Marechal,0.089,https://moovitapp.com/index/pt-br/transporte_p%C3%BAblico-line-0_089-Brasilia-1702-851940-706977-0,-1.0,-15.83817,-47.98501,28.0,,,2,2023-06-15T12:45:31+00:00
BRA_445096,Brasília,5300108,,São José,333.6,https://moovitapp.com/index/pt-br/transporte_p%C3%BAblico-line-333_6-Brasilia-1702-851943-2068452-0,-1.0,-15.84696,-48.04354,0.0,,,2,2023-06-15T12:45:31+00:00
BRA_445002,Brasília,5300108,,Marechal,932.1,https://moovitapp.com/index/pt-br/transporte_p%C3%BAblico-line-932_1-Brasilia-1702-851940-470763-0,-1.0,-15.81733,-48.012707,58.0,,,2,2023-06-15T12:39:58+00:00
BRA_444936,Brasília,5300108,,Marechal,0.043,https://moovitapp.com/index/pt-br/transporte_p%C3%BAblico-line-0_043-Brasilia-1702-851940-781330-0,-1.0,-15.735907,-47.90717,0.0,,,2,2023-06-15T12:36:27+00:00
BRA_445088,Brasília,5300108,,São José,359.2,https://moovitapp.com/index/pt-br/transporte_p%C3%BAblico-line-359_2-Brasilia-1702-851943-2068453-0,-1.0,-15.80394,-48.138753,0.0,,,2,2023-06-15T12:45:31+00:00
BRA_444855,Brasília,5300108,,Marechal,0.942,https://moovitapp.com/index/pt-br/transporte_p%C3%BAblico-line-0_942-Brasilia-1702-851940-347158-0,-1.0,-15.79126,-48.040267,21.0,,,2,2023-06-15T12:45:15+00:00
BRA_445100,Brasília,5300108,,São José,350.1,https://moovitapp.com/index/pt-br/transporte_p%C3%BAblico-line-350_1-Brasilia-1702-851943-2068450-0,-1.0,-15.806197,-48.156777,60.0,,,2,2023-06-15T12:45:31+00:00
BRA_444952,Brasília,5300108,,Marechal,0.383,https://moovitapp.com/index/pt-br/transporte_p%C3%BAblico-line-0_383-Brasilia-1702-851940-347151-0,-1.0,-15.82528,-48.105063,41.0,,,2,2023-06-15T12:45:31+00:00
BRA_444987,Brasília,5300108,,São José,359.2,https://moovitapp.com/index/pt-br/transporte_p%C3%BAblico-line-359_2-Brasilia-1702-851943-2068453-0,-1.0,-15.787953,-48.134187,19.0,,,2,2023-06-15T12:45:31+00:00
BRA_444928,Brasília,5300108,,Marechal,932.1,https://moovitapp.com/index/pt-br/transporte_p%C3%BAblico-line-932_1-Brasilia-1702-851940-470763-0,-1.0,-15.81456,-48.004573,57.0,,,2,2023-06-15T12:45:31+00:00
BRA_444863,Brasília,5300108,,Marechal,0.089,https://moovitapp.com/index/pt-br/transporte_p%C3%BAblico-line-0_089-Brasilia-1702-851940-706977-0,-1.0,-15.83935,-48.12814,10.0,,,2,2023-06-15T12:45:31+00:00
BRA_445029,Brasília,5300108,,São José,350.1,https://moovitapp.com/index/pt-br/transporte_p%C3%BAblico-line-350_1-Brasilia-1702-851943-2068450-0,-1.0,-15.841477,-48.032103,47.0,,,2,2023-06-15T12:45:31+00:00
BRA_445061,Brasília,5300108,,Marechal,0.383,https://moovitapp.com/index/pt-br/transporte_p%C3%BAblico-line-0_383-Brasilia-1702-851940-347151-0,-1.0,-15.794133,-47.885687,50.0,,,2,2023-06-15T12:45:31+00:00
BRA_445070,Brasília,5300108,,Marechal,304.1,https://moovitapp.com/index/pt-br/transporte_p%C3%BAblico-line-304_1-Brasilia-1702-851940-516636-0,-1.0,-15.816947,-48.012963,12.0,,,2,2023-06-15T12:45:31+00:00
BRA_445037,Brasília,5300108,,São José,332.1,https://moovitapp.com/index/pt-br/transporte_p%C3%BAblico-line-332_1-Brasilia-1702-851943-2068455-0,-1.0,-15.835357,-48.041267,35.0,,,2,2023-06-15T12:45:26+00:00
BRA_444758,Brasília,5300108,,São José,350.1,https://moovitapp.com/index/pt-br/transporte_p%C3%BAblico-line-350_1-Brasilia-1702-851943-2068450-0,-1.0,-15.79683,-48.13626,14.0,,,2,2023-06-15T12:45:31+00:00
BRA_444812,Brasília,5300108,,São José,332.1,https://moovitapp.com/index/pt-br/transporte_p%C3%BAblico-line-332_1-Brasilia-1702-851943-2068455-0,-1.0,-15.838413,-48.026783,18.0,,,2,2023-06-15T12:45:31+00:00
BRA_444961,Brasília,5300108,,Marechal,0.363,https://moovitapp.com/index/pt-br/transporte_p%C3%BAblico-line-0_363-Brasilia-1702-851940-504339-0,-1.0,-15.814673,-48.09908,0.0,,,2,2023-06-15T12:45:31+00:00
BRA_444847,Brasília,5300108,,São José,332.1,https://moovitapp.com/index/pt-br/transporte_p%C3%BAblico-line-332_1-Brasilia-1702-851943-2068455-0,-1.0,-15.80299,-48.057327,55.0,,,2,2023-06-15T12:25:27+00:00
BRA_444871,Brasília,5300108,,São José,332.1,https://moovitapp.com/index/pt-br/transporte_p%C3%BAblico-line-332_1-Brasilia-1702-851943-2068455-0,-1.0,-15.80878,-48.148563,15.0,,,2,2023-06-15T12:10:26+00:00
BRA_444766,Brasília,5300108,,Marechal,932.2,https://moovitapp.com/index/pt-br/transporte_p%C3%BAblico-line-932_2-Brasilia-1702-851940-3494666-0,-1.0,-15.806413,-48.070043,18.0,,,2,2023-06-15T12:45:31+00:00
BRA_444774,Brasília,5300108,,Marechal,0.383,https://moovitapp.com/index/pt-br/transporte_p%C3%BAblico-line-0_383-Brasilia-1702-851940-347151-0,-1.0,-15.791923,-48.049517,11.0,,,2,2023-06-15T12:45:26+00:00
BRA_440817,Brasília,5300108,,Marechal,0.162,https://moovitapp.com/index/pt-br/transporte_p%C3%BAblico-line-0_162-Brasilia-1702-851940-766836-0,-1.0,-15.840837,-47.965797,0.0,,,2,2023-06-15T12:45:30+00:00
BRA_441651,Brasília,5300108,,Urbi,0.054,https://moovitapp.com/index/pt-br/transporte_p%C3%BAblico-line-0_054-Brasilia-1702-851595-454960-0,-1.0,-15.88908,-48.096017,7.0,,,2,2023-06-15T12:45:30+00:00
BRA_443905,Brasília,5300108,,Marechal,0.357,https://moovitapp.com/index/pt-br/transporte_p%C3%BAblico-line-0_357-Brasilia-1702-851940-775109-0,-1.0,-15.866827,-48.037523,0.0,,,2,2023-06-15T12:45:30+00:00
BRA_441406,Brasília,5300108,,Urbi,0.367,https://moovitapp.com/index/pt-br/transporte_p%C3%BAblico-line-0_367-Brasilia-1702-851595-519380-0,-1.0,-15.853713,-48.072267,1.0,,,2,2023-06-15T12:45:30+00:00
BRA_443867,Brasília,5300108,,Marechal,357.1,https://moovitapp.com/index/pt-br/transporte_p%C3%BAblico-line-357_1-Brasilia-1702-851940-775113-0,-1.0,-15.867277,-48.03743,0.0,,,2,2023-06-15T12:45:30+00:00
BRA_445118,Brasília,5300108,,Marechal,0.306,https://moovitapp.com/index/pt-br/transporte_p%C3%BAblico-line-0_306-Brasilia-1702-851940-242714-0,-1.0,-15.81221,-47.981763,59.0,,,2,2023-06-15T12:45:30+00:00
BRA_443611,Brasília,5300108,,Marechal,351.3,https://moovitapp.com/index/pt-br/transporte_p%C3%BAblico-line-351_3-Brasilia-1702-851940-510249-0,-1.0,-15.85982,-48.04007,22.0,,,2,2023-06-15T12:45:30+00:00
BRA_440647,Brasília,5300108,,Marechal,0.355,https://moovitapp.com/index/pt-br/transporte_p%C3%BAblico-line-0_355-Brasilia-1702-851940-504338-0,-1.0,-15.823877,-48.06049,0.0,,,2,2023-06-15T12:45:30+00:00
BRA_444880,Brasília,5300108,,Urbi,0.898,https://moovitapp.com/index/pt-br/transporte_p%C3%BAblico-line-0_898-Brasilia-1702-851595-322394-0,-1.0,-15.928547,-48.041687,55.0,,,2,2023-06-15T12:45:31+00:00
BRA_444839,Brasília,5300108,,Marechal,932.1,https://moovitapp.com/index/pt-br/transporte_p%C3%BAblico-line-932_1-Brasilia-1702-851940-470763-0,-1.0,-15.840177,-48.09868,60.0,,,2,2023-06-15T12:45:31+00:00
BRA_440884,Brasília,5300108,,Marechal,0.205,https://moovitapp.com/index/pt-br/transporte_p%C3%BAblico-line-0_205-Brasilia-1702-851940-463646-0,-1.0,-15.976357,-48.032427,60.0,,,2,2023-06-15T12:45:31+00:00
BRA_440302,Brasília,5300108,,São José,157.8,https://moovitapp.com/index/pt-br/transporte_p%C3%BAblico-line-157_8-Brasilia-1702-851943-759503-0,-1.0,-15.780113,-47.99518,11.0,,,2,2023-06-15T12:45:31+00:00
BRA_440442,Brasília,5300108,,São José,0.092,https://moovitapp.com/index/pt-br/transporte_p%C3%BAblico-line-0_092-Brasilia-1702-851943-496589-0,-1.0,-15.82044,-47.986353,0.0,,,2,2023-06-15T12:45:31+00:00
BRA_440914,Brasília,5300108,,Marechal,162.2,https://moovitapp.com/index/pt-br/transporte_p%C3%BAblico-line-162_2-Brasilia-1702-851940-312446-0,-1.0,-15.82783,-47.92737,42.0,,,2,2023-06-15T12:45:31+00:00
BRA_443816,Brasília,5300108,,Marechal,959.3,https://moovitapp.com/index/pt-br/transporte_p%C3%BAblico-line-959_3-Brasilia-1702-851940-103863179-0,-1.0,-15.87599,-48.007213,41.0,,,2,2023-06-15T12:45:31+00:00
BRA_440256,Brasília,5300108,,Marechal,0.205,https://moovitapp.com/index/pt-br/transporte_p%C3%BAblico-line-0_205-Brasilia-1702-851940-463646-0,-1.0,-15.812723,-48.0643,47.0,,,2,2023-06-15T12:45:31+00:00
BRA_442682,Brasília,5300108,,Marechal,933.4,https://moovitapp.com/index/pt-br/transporte_p%C3%BAblico-line-933_4-Brasilia-1702-851940-656766-0,-1.0,-15.839113,-48.127597,15.0,,,2,2023-06-15T12:45:31+00:00
BRA_441309,Brasília,5300108,,Urbi,823.1,https://moovitapp.com/index/pt-br/transporte_p%C3%BAblico-line-823_1-Brasilia-1702-851595-3494520-0,-1.0,-15.911153,-48.056807,29.0,,,2,2023-06-15T12:45:31+00:00
BRA_441643,Brasília,5300108,,Urbi,056.2,https://moovitapp.com/index/pt-br/transporte_p%C3%BAblico-line-056_2-Brasilia-1702-851595-492982-0,-1.0,-15.818447,-48.082043,20.0,,,2,2023-06-15T12:30:01+00:00
BRA_444456,Brasília,5300108,,Marechal,336.1,https://moovitapp.com/index/pt-br/transporte_p%C3%BAblico-line-336_1-Brasilia-1702-851940-347163-0,-1.0,-15.826533,-47.915173,57.0,,,2,2023-06-15T12:45:31+00:00
BRA_443638,Brasília,5300108,,Marechal,351.3,https://moovitapp.com/index/pt-br/transporte_p%C3%BAblico-line-351_3-Brasilia-1702-851940-510249-0,-1.0,-15.860723,-48.037527,32.0,,,2,2023-06-15T12:45:31+00:00
BRA_442488,Brasília,5300108,,Urbi,0.054,https://moovitapp.com/index/pt-br/transporte_p%C3%BAblico-line-0_054-Brasilia-1702-851595-454960-0,-1.0,-15.83223,-48.061087,1.0,,,2,2023-06-15T12:45:31+00:00
BRA_442518,Brasília,5300108,,Urbi,372.4,https://moovitapp.com/index/pt-br/transporte_p%C3%BAblico-line-372_4-Brasilia-1702-851595-650087-0,-1.0,-15.805647,-48.07547,44.0,,,2,2023-06-15T12:45:31+00:00
BRA_441252,Brasília,5300108,,Marechal,0.090,https://moovitapp.com/index/pt-br/transporte_p%C3%BAblico-line-0_090-Brasilia-1702-851940-242702-0,-1.0,-15.845543,-47.96769,51.0,,,2,2023-06-15T12:45:30+00:00
BRA_441490,Brasília,5300108,,Marechal,933.2,https://moovitapp.com/index/pt-br/transporte_p%C3%BAblico-line-933_2-Brasilia-1702-851940-717428-0,-1.0,-15.8356,-48.089483,0.0,,,2,2023-06-15T12:45:30+00:00
BRA_443808,Brasília,5300108,,Marechal,157.1,https://moovitapp.com/index/pt-br/transporte_p%C3%BAblico-line-157_1-Brasilia-1702-851940-88144062-0,-1.0,-15.869547,-48.037867,0.0,,,2,2023-06-15T12:45:25+00:00
BRA_445169,Brasília,5300108,,Marechal,0.376,https://moovitapp.com/index/pt-br/transporte_p%C3%BAblico-line-0_376-Brasilia-1702-851940-242726-0,-1.0,-15.8537,-48.045383,13.0,,,2,2023-06-15T12:45:30+00:00
BRA_441341,Brasília,5300108,,Marechal,0.205,https://moovitapp.com/index/pt-br/transporte_p%C3%BAblico-line-0_205-Brasilia-1702-851940-463646-0,-1.0,-16.03473,-48.061333,20.0,,,2,2023-06-15T12:45:30+00:00
BRA_228800,Brasília,5300108,,Pioneira,2207,https://moovitapp.com/index/pt-br/transporte_p%C3%BAblico-line-2207-Brasilia-1702-851941-422078-0,-1.0,-15.868371,-47.944188,,,,1,2023-06-15T12:45:08+00:00
BRA_229229,Brasília,5300108,,Pioneira,251.8,https://moovitapp.com/index/pt-br/transporte_p%C3%BAblico-line-251_8-Brasilia-1702-851941-708654-0,-1.0,-16.001494,-48.053482,,,,1,2023-06-15T12:45:04+00:00
BRA_230189,Brasília,5300108,,Pioneira,0.255,https://moovitapp.com/index/pt-br/transporte_p%C3%BAblico-line-0_255-Brasilia-1702-851941-706978-0,-1.0,-15.813243,-48.064157,,,,2,2023-06-15T12:45:16+00:00
BRA_226793,Brasília,5300108,,Pioneira,0.762,https://moovitapp.com/index/pt-br/transporte_p%C3%BAblico-line-0_762-Brasilia-1702-851941-576189-0,-1.0,-15.754452,-47.76732,,,,1,2023-06-15T12:45:44+00:00
BRA_227676,Brasília,5300108,,Pioneira,147.5,https://moovitapp.com/index/pt-br/transporte_p%C3%BAblico-line-147_5-Brasilia-1702-851941-519406-0,-1.0,-15.801535,-47.855236,,,,2,2023-06-15T12:45:00+00:00
BRA_223930,Brasília,5300108,,Pioneira,2307,https://moovitapp.com/index/pt-br/transporte_p%C3%BAblico-line-2307-Brasilia-1702-851941-18556638-0,-1.0,-15.953064,-47.994345,,,,1,2023-06-14T10:16:34+00:00
BRA_227901,Brasília,5300108,,Pioneira,180.7,https://moovitapp.com/index/pt-br/transporte_p%C3%BAblico-line-180_7-Brasilia-1702-851941-66561183-0,-1.0,-15.782647,-47.895278,,,,1,2023-06-15T12:45:34+00:00
BRA_231967,Brasília,5300108,,Pioneira,197.3,https://moovitapp.com/index/pt-br/transporte_p%C3%BAblico-line-197_3-Brasilia-1702-851941-519409-0,-1.0,-15.913332,-47.757955,,,,2,2023-06-15T12:40:54+00:00
BRA_229075,Brasília,5300108,,Pioneira,0.255,https://moovitapp.com/index/pt-br/transporte_p%C3%BAblico-line-0_255-Brasilia-1702-851941-706978-0,-1.0,-15.924457,-48.04694,,,,2,2023-06-15T12:45:32+00:00
BRA_232149,Brasília,5300108,,Pioneira,205.1,https://moovitapp.com/index/pt-br/transporte_p%C3%BAblico-line-205_1-Brasilia-1702-851941-393571-0,-1.0,-15.795193,-48.110582,,,,2,2023-06-15T12:45:20+00:00
BRA_226696,Brasília,5300108,,Pioneira,0.780,https://moovitapp.com/index/pt-br/transporte_p%C3%BAblico-line-0_780-Brasilia-1702-851941-514537-0,-1.0,-15.7537,-47.765241,,,,1,2023-06-15T12:45:02+00:00
BRA_229768,Brasília,5300108,,Pioneira,0.185,https://moovitapp.com/index/pt-br/transporte_p%C3%BAblico-line-0_185-Brasilia-1702-851941-691096-0,-1.0,-15.801587,-47.886892,,,,1,2023-06-15T07:33:22+00:00
BRA_231321,Brasília,5300108,,Taguatur,3304,https://moovitapp.com/index/pt-br/transporte_p%C3%BAblico-line-3304-Brasilia-1702-854428-21462346-0,-1.0,-15.993807,-47.994873,,,,1,2023-06-15T12:45:38+00:00
BRA_228508,Brasília,5300108,,Pioneira,0.255,https://moovitapp.com/index/pt-br/transporte_p%C3%BAblico-line-0_255-Brasilia-1702-851941-706978-0,-1.0,-15.935273,-48.043494,,,,2,2023-06-15T12:45:20+00:00
BRA_231801,Brasília,5300108,,Pioneira,0.780,https://moovitapp.com/index/pt-br/transporte_p%C3%BAblico-line-0_780-Brasilia-1702-851941-514537-0,-1.0,-15.8145,-47.805779,,,,2,2023-06-15T12:45:48+00:00
BRA_232165,Brasília,5300108,,Pioneira,205.1,https://moovitapp.com/index/pt-br/transporte_p%C3%BAblico-line-205_1-Brasilia-1702-851941-393571-0,-1.0,-16.021327,-48.075677,,,,2,2023-06-15T12:45:10+00:00
BRA_229954,Brasília,5300108,,,3201,,,-16.037305,-48.056286,,,,1,2023-06-15T12:45:10+00:00
BRA_228265,Brasília,5300108,,Taguatur,3305,https://moovitapp.com/index/pt-br/transporte_p%C3%BAblico-line-3305-Brasilia-1702-854428-77810673-0,-1.0,-16.029176,-47.993118,,,,1,2023-06-15T12:45:52+00:00
BRA_226220,Brasília,5300108,,UTB,2302,https://moovitapp.com/index/pt-br/transporte_p%C3%BAblico-line-2302-Brasilia-1702-854427-744298-0,-1.0,-15.795622,-47.883153,,,,1,2023-06-15T12:45:38+00:00
BRA_231487,Brasília,5300108,,Pioneira,0.030,https://moovitapp.com/index/pt-br/transporte_p%C3%BAblico-line-0_030-Brasilia-1702-851941-775118-0,-1.0,-15.73603,-47.90718,,,,1,2023-06-15T12:44:56+00:00
BRA_229385,Brasília,5300108,,Pioneira,100.8,https://moovitapp.com/index/pt-br/transporte_p%C3%BAblico-line-100_8-Brasilia-1702-851941-576191-0,-1.0,-15.835169,-47.931613,,,,1,2023-06-15T12:45:14+00:00
BRA_231444,Brasília,5300108,,Pioneira,183.8,https://moovitapp.com/index/pt-br/transporte_p%C3%BAblico-line-183_8-Brasilia-1702-851941-719958-0,-1.0,-15.913329,-47.757554,,,,1,2023-06-15T12:44:52+00:00
BRA_230111,Brasília,5300108,,Taguatur,3302,https://moovitapp.com/index/pt-br/transporte_p%C3%BAblico-line-3302-Brasilia-1702-854428-3135322-0,-1.0,-16.047309,-48.028629,,,,1,2023-06-15T12:45:10+00:00
BRA_231541,Brasília,5300108,,Pioneira,0.030,https://moovitapp.com/index/pt-br/transporte_p%C3%BAblico-line-0_030-Brasilia-1702-851941-775118-0,-1.0,-15.813653,-47.908089,,,,1,2023-06-15T12:45:28+00:00
BRA_230120,Brasília,5300108,,Pioneira,3312,https://moovitapp.com/index/pt-br/transporte_p%C3%BAblico-line-3312-Brasilia-1702-851941-616181-0,-1.0,-16.001713,-47.985012,,,,1,2023-06-15T12:44:54+00:00
BRA_232297,Brasília,5300108,,Pioneira,020.2,https://moovitapp.com/index/pt-br/transporte_p%C3%BAblico-line-020_2-Brasilia-1702-851941-708653-0,-1.0,-16.012833,-48.067946,,,,1,2023-06-15T12:45:26+00:00
BRA_228249,Brasília,5300108,,Pioneira,2307,https://moovitapp.com/index/pt-br/transporte_p%C3%BAblico-line-2307-Brasilia-1702-851941-18556638-0,-1.0,-15.967197,-47.991586,,,,1,2023-06-15T12:45:34+00:00
BRA_225941,Brasília,5300108,,UTB,2302,https://moovitapp.com/index/pt-br/transporte_p%C3%BAblico-line-2302-Brasilia-1702-854427-744298-0,-1.0,-15.882009,-47.960191,,,,2,2023-06-15T12:44:58+00:00
BRA_228516,Brasília,5300108,,Pioneira,784.3,https://moovitapp.com/index/pt-br/transporte_p%C3%BAblico-line-784_3-Brasilia-1702-851941-46904557-0,-1.0,-15.746255,-47.763226,,,,1,2023-06-15T12:44:52+00:00
BRA_231754,Brasília,5300108,,Pioneira,780.1,https://moovitapp.com/index/pt-br/transporte_p%C3%BAblico-line-780_1-Brasilia-1702-851941-531040-0,-1.0,-15.759738,-47.743192,,,,1,2023-06-15T12:45:28+00:00
BRA_231495,Brasília,5300108,,Pioneira,0.030,https://moovitapp.com/index/pt-br/transporte_p%C3%BAblico-line-0_030-Brasilia-1702-851941-775118-0,-1.0,-15.736435,-47.907071,,,,1,2023-06-15T12:45:28+00:00
BRA_227714,Brasília,5300108,,,3202,,,-16.037867,-48.056515,,,,1,2023-06-15T12:45:26+00:00
BRA_227218,Brasília,5300108,,Pioneira,205.1,https://moovitapp.com/index/pt-br/transporte_p%C3%BAblico-line-205_1-Brasilia-1702-851941-393571-0,-1.0,-15.861894,-48.03554,,,,2,2023-06-15T12:44:22+00:00
BRA_228303,Brasília,5300108,,,3206,,,-16.037508,-48.056712,,,,1,2023-06-15T12:44:32+00:00
BRA_232432,Brasília,5300108,,Taguatur,3306,https://moovitapp.com/index/pt-br/transporte_p%C3%BAblico-line-3306-Brasilia-1702-854428-755287-0,-1.0,-16.028782,-47.987345,,,,1,2023-06-15T12:45:30+00:00
BRA_232025,Brasília,5300108,,Pioneira,197.3,https://moovitapp.com/index/pt-br/transporte_p%C3%BAblico-line-197_3-Brasilia-1702-851941-519409-0,-1.0,-15.913283,-47.757211,,,,2,2023-06-15T12:45:18+00:00
BRA_226823,Brasília,5300108,,Pioneira,780.1,https://moovitapp.com/index/pt-br/transporte_p%C3%BAblico-line-780_1-Brasilia-1702-851941-531040-0,-1.0,-15.794314,-47.881933,,,,1,2023-06-15T12:45:48+00:00
BRA_232220,Brasília,5300108,,Pioneira,205.1,https://moovitapp.com/index/pt-br/transporte_p%C3%BAblico-line-205_1-Brasilia-1702-851941-393571-0,-1.0,-15.896471,-48.056311,,,,2,2023-06-15T12:45:46+00:00
BRA_229016,Brasília,5300108,,,3301,,,-16.042257,-48.026264,,,,1,2023-06-15T12:45:38+00:00
BRA_229563,Brasília,5300108,,Pioneira,180.2,https://moovitapp.com/index/pt-br/transporte_p%C3%BAblico-line-180_2-Brasilia-1702-851941-514539-0,-1.0,-15.843608,-47.819969,,,,2,2023-06-15T12:46:16+00:00
BRA_228133,Brasília,5300108,,Pioneira,761.1,https://moovitapp.com/index/pt-br/transporte_p%C3%BAblico-line-761_1-Brasilia-1702-851941-620161-0,-1.0,-15.782367,-47.77844,,,,2,2023-06-15T12:45:22+00:00
BRA_232254,Brasília,5300108,,Pioneira,124.6,https://moovitapp.com/index/pt-br/transporte_p%C3%BAblico-line-124_6-Brasilia-1702-851941-425282-0,-1.0,-15.801776,-47.941537,,,,1,2023-06-15T12:44:40+00:00
BRA_228877,Brasília,5300108,,Pioneira,0.253,https://moovitapp.com/index/pt-br/transporte_p%C3%BAblico-line-0_253-Brasilia-1702-851941-510254-0,-1.0,-16.020599,-48.02346,,,,2,2023-06-15T12:45:28+00:00
BRA_231363,Brasília,5300108,,Pioneira,073.4,https://moovitapp.com/index/pt-br/transporte_p%C3%BAblico-line-073_4-Brasilia-1702-851941-77944646-0,-1.0,-15.875497,-47.95712,,,,1,2023-06-15T12:45:16+00:00
BRA_229601,Brasília,5300108,,Urbi,0.129,https://moovitapp.com/index/pt-br/transporte_p%C3%BAblico-line-0_129-Brasilia-1702-851595-775097-0,-1.0,-15.750982,-47.777404,,,,2,2023-06-15T12:45:08+00:00
BRA_232556,Brasília,5300108,,Pioneira,2207,https://moovitapp.com/index/pt-br/transporte_p%C3%BAblico-line-2207-Brasilia-1702-851941-422078-0,-1.0,-15.880968,-47.959867,,,,1,2023-06-15T12:46:00+00:00
BRA_228397,Brasília,5300108,,Pioneira,0.253,https://moovitapp.com/index/pt-br/transporte_p%C3%BAblico-line-0_253-Brasilia-1702-851941-510254-0,-1.0,-15.993813,-47.986245,,,,2,2023-06-15T12:45:00+00:00
BRA_227781,Brasília,5300108,,,3202,,,-15.991707,-48.049305,,,,1,2023-06-15T12:45:34+00:00
BRA_228532,Brasília,5300108,,Pioneira,0.199,https://moovitapp.com/index/pt-br/transporte_p%C3%BAblico-line-0_199-Brasilia-1702-851941-242849-0,-1.0,-15.784006,-47.895233,,,,1,2023-06-15T12:45:30+00:00
BRA_226602,Brasília,5300108,,Pioneira,163.1,https://moovitapp.com/index/pt-br/transporte_p%C3%BAblico-line-163_1-Brasilia-1702-851941-242911-0,-1.0,-15.774903,-47.888068,,,,1,2023-06-15T12:44:16+00:00
BRA_230014,Brasília,5300108,,Marechal,206.1,https://moovitapp.com/index/pt-br/transporte_p%C3%BAblico-line-206_1-Brasilia-1702-851940-137149861-0,-1.0,-15.835935,-48.082747,,,,1,2023-06-15T12:46:22+00:00
BRA_229741,Brasília,5300108,,Pioneira,0.781,https://moovitapp.com/index/pt-br/transporte_p%C3%BAblico-line-0_781-Brasilia-1702-851941-242889-0,-1.0,-15.714963,-47.875161,,,,2,2023-06-15T12:45:50+00:00
BRA_231533,Brasília,5300108,,Pioneira,0.011,https://moovitapp.com/index/pt-br/transporte_p%C3%BAblico-line-0_011-Brasilia-1702-851941-775117-0,-1.0,-15.774813,-47.874589,,,,1,2023-06-15T12:44:56+00:00
BRA_231932,Brasília,5300108,,Pioneira,180.0,https://moovitapp.com/index/pt-br/transporte_p%C3%BAblico-line-180_0-Brasilia-1702-851941-77097780-0,-1.0,-15.906224,-47.761242,,,,2,2023-06-15T12:44:54+00:00
BRA_232475,Brasília,5300108,,Pioneira,3314,https://moovitapp.com/index/pt-br/transporte_p%C3%BAblico-line-3314-Brasilia-1702-851941-645996-0,-1.0,-16.006402,-47.986525,,,,1,2023-06-15T12:45:04+00:00
BRA_228141,Brasília,5300108,,Pioneira,180.3,https://moovitapp.com/index/pt-br/transporte_p%C3%BAblico-line-180_3-Brasilia-1702-851941-546212-0,-1.0,-15.870743,-47.799058,,,,2,2023-06-15T12:45:42+00:00
BRA_228834,Brasília,5300108,,Pioneira,0.255,https://moovitapp.com/index/pt-br/transporte_p%C3%BAblico-line-0_255-Brasilia-1702-851941-706978-0,-1.0,-16.041784,-48.026449,,,,2,2023-06-15T12:45:56+00:00
BRA_226688,Brasília,5300108,,Pioneira,0.759,https://moovitapp.com/index/pt-br/transporte_p%C3%BAblico-line-0_759-Brasilia-1702-851941-775121-0,-1.0,-15.714696,-47.877844,,,,2,2023-06-15T12:45:08+00:00
BRA_231843,Brasília,5300108,,Pioneira,197.3,https://moovitapp.com/index/pt-br/transporte_p%C3%BAblico-line-197_3-Brasilia-1702-851941-519409-0,-1.0,-15.897261,-47.787875,,,,1,2023-06-15T12:45:34+00:00
BRA_225720,Brasília,5300108,,Pioneira,0.761,https://moovitapp.com/index/pt-br/transporte_p%C3%BAblico-line-0_761-Brasilia-1702-851941-605389-0,-1.0,-15.807794,-47.850538,,,,2,2023-06-15T12:44:36+00:00
BRA_231631,Brasília,5300108,,Pioneira,0.762,https://moovitapp.com/index/pt-br/transporte_p%C3%BAblico-line-0_762-Brasilia-1702-851941-576189-0,-1.0,-15.736016,-47.765285,,,,1,2023-06-15T08:20:24+00:00
BRA_232050,Brasília,5300108,,Pioneira,180.2,https://moovitapp.com/index/pt-br/transporte_p%C3%BAblico-line-180_2-Brasilia-1702-851941-514539-0,-1.0,-15.886157,-47.821616,,,,1,2023-06-15T12:45:42+00:00
BRA_227609,Brasília,5300108,,Pioneira,2209,https://moovitapp.com/index/pt-br/transporte_p%C3%BAblico-line-2209-Brasilia-1702-851941-18556640-0,-1.0,-15.810887,-47.940609,,,,1,2023-06-15T12:45:38+00:00
BRA_229491,Brasília,5300108,,Pioneira,0.780,https://moovitapp.com/index/pt-br/transporte_p%C3%BAblico-line-0_780-Brasilia-1702-851941-514537-0,-1.0,-15.794104,-47.881964,,,,2,2023-06-15T12:45:24+00:00
BRA_228605,Brasília,5300108,,Pioneira,0.255,https://moovitapp.com/index/pt-br/transporte_p%C3%BAblico-line-0_255-Brasilia-1702-851941-706978-0,-1.0,-15.894341,-48.056629,,,,2,2023-06-15T12:45:30+00:00
BRA_226092,Brasília,5300108,,UTB,2302,https://moovitapp.com/index/pt-br/transporte_p%C3%BAblico-line-2302-Brasilia-1702-854427-744298-0,-1.0,-15.923276,-47.975672,,,,2,2023-06-15T12:45:40+00:00
BRA_232203,Brasília,5300108,,Pioneira,124.6,https://moovitapp.com/index/pt-br/transporte_p%C3%BAblico-line-124_6-Brasilia-1702-851941-425282-0,-1.0,-15.806953,-47.951525,,,,1,2023-06-15T12:45:22+00:00
BRA_229539,Brasília,5300108,,Pioneira,147.2,https://moovitapp.com/index/pt-br/transporte_p%C3%BAblico-line-147_2-Brasilia-1702-851941-519403-0,-1.0,-15.903276,-47.768369,,,,1,2023-06-15T12:44:54+00:00
BRA_228281,Brasília,5300108,,,3202,,,-16.037505,-48.056413,,,,1,2023-06-15T12:45:08+00:00
BRA_228389,Brasília,5300108,,Pioneira,0.255,https://moovitapp.com/index/pt-br/transporte_p%C3%BAblico-line-0_255-Brasilia-1702-851941-706978-0,-1.0,-15.975777,-48.010071,,,,1,2023-06-15T12:45:18+00:00
BRA_229482,Brasília,5300108,,Pioneira,0.181,https://moovitapp.com/index/pt-br/transporte_p%C3%BAblico-line-0_181-Brasilia-1702-851941-242838-0,-1.0,-15.900892,-47.778987,,,,2,2023-06-15T12:45:06+00:00
BRA_228915,Brasília,5300108,,Pioneira,0.255,https://moovitapp.com/index/pt-br/transporte_p%C3%BAblico-line-0_255-Brasilia-1702-851941-706978-0,-1.0,-15.952244,-48.032342,,,,1,2023-06-15T12:45:48+00:00
BRA_230049,Brasília,5300108,,Taguatur,3305,https://moovitapp.com/index/pt-br/transporte_p%C3%BAblico-line-3305-Brasilia-1702-854428-77810673-0,-1.0,-16.033296,-48.05633,,,,1,2023-06-15T12:44:46+00:00
BRA_226947,Brasília,5300108,,Pioneira,100.3,https://moovitapp.com/index/pt-br/transporte_p%C3%BAblico-line-100_3-Brasilia-1702-851941-419631-0,-1.0,-15.743316,-47.825863,,,,1,2023-06-15T12:46:12+00:00
BRA_232602,Brasília,5300108,,Pioneira,2207,https://moovitapp.com/index/pt-br/transporte_p%C3%BAblico-line-2207-Brasilia-1702-851941-422078-0,-1.0,-15.880655,-47.959822,,,,1,2023-06-15T12:44:40+00:00
BRA_226301,Brasília,5300108,,,2201,,,-16.005277,-48.058066,,,,1,2023-06-15T12:45:36+00:00
BRA_232441,Brasília,5300108,,Pioneira,271.3,https://moovitapp.com/index/pt-br/transporte_p%C3%BAblico-line-271_3-Brasilia-1702-851941-669626-0,-1.0,-16.039186,-48.018539,,,,1,2023-06-15T12:45:32+00:00
BRA_228192,Brasília,5300108,,Pioneira,0.225,https://moovitapp.com/index/pt-br/transporte_p%C3%BAblico-line-0_225-Brasilia-1702-851941-510253-0,-1.0,-16.017831,-48.083574,,,,2,2023-06-15T12:45:10+00:00
BRA_226556,Brasília,5300108,,Pioneira,0.111,https://moovitapp.com/index/pt-br/transporte_p%C3%BAblico-line-0_111-Brasilia-1702-851941-432834-0,-1.0,-15.795021,-47.882009,,,,1,2023-06-15T12:45:50+00:00
BRA_230057,Brasília,5300108,,Taguatur,3305,https://moovitapp.com/index/pt-br/transporte_p%C3%BAblico-line-3305-Brasilia-1702-854428-77810673-0,-1.0,-16.002677,-47.986481,,,,1,2023-06-15T12:45:38+00:00
BRA_230065,Brasília,5300108,,Taguatur,3302,https://moovitapp.com/index/pt-br/transporte_p%C3%BAblico-line-3302-Brasilia-1702-854428-3135322-0,-1.0,-16.004718,-47.993551,,,,1,2023-06-15T12:45:24+00:00
BRA_226025,Brasília,5300108,,UTB,2302,https://moovitapp.com/index/pt-br/transporte_p%C3%BAblico-line-2302-Brasilia-1702-854427-744298-0,-1.0,-16.003036,-47.987053,,,,2,2023-06-15T12:45:32+00:00
BRA_229555,Brasília,5300108,,Pioneira,3213,https://moovitapp.com/index/pt-br/transporte_p%C3%BAblico-line-3213-Brasilia-1702-851941-74051275-0,-1.0,-16.047038,-48.039946,,,,1,2023-06-15T12:45:52+00:00
BRA_227897,Brasília,5300108,,,3201,,,-15.992381,-48.049941,,,,1,2023-06-15T12:45:34+00:00
BRA_229008,Brasília,5300108,,Pioneira,0.253,https://moovitapp.com/index/pt-br/transporte_p%C3%BAblico-line-0_253-Brasilia-1702-851941-510254-0,-1.0,-15.835544,-48.075417,,,,1,2023-06-15T12:46:22+00:00
BRA_231991,Brasília,5300108,,Pioneira,197.3,https://moovitapp.com/index/pt-br/transporte_p%C3%BAblico-line-197_3-Brasilia-1702-851941-519409-0,-1.0,-15.86699,-47.821508,,,,2,2023-06-15T12:45:02+00:00
BRA_229849,Brasília,5300108,,Pioneira,0.147,https://moovitapp.com/index/pt-br/transporte_p%C3%BAblico-line-0_147-Brasilia-1702-851941-519401-0,-1.0,-15.839901,-47.921186,,,,2,2023-06-15T12:45:18+00:00
BRA_231916,Brasília,5300108,,Pioneira,180.1,https://moovitapp.com/index/pt-br/transporte_p%C3%BAblico-line-180_1-Brasilia-1702-851941-339336-0,-1.0,-15.83943,-47.82456,,,,2,2023-06-15T12:45:30+00:00
BRA_228575,Brasília,5300108,,Pioneira,0.255,https://moovitapp.com/index/pt-br/transporte_p%C3%BAblico-line-0_255-Brasilia-1702-851941-706978-0,-1.0,-15.876819,-48.050119,,,,2,2023-06-15T12:45:22+00:00
BRA_232084,Brasília,5300108,,Pioneira,181.2,https://moovitapp.com/index/pt-br/transporte_p%C3%BAblico-line-181_2-Brasilia-1702-851941-339338-0,-1.0,-15.905844,-47.770429,,,,1,2023-06-15T12:44:58+00:00
BRA_230031,Brasília,5300108,,,3204,,,-16.006018,-48.053355,,,,1,2023-06-15T12:45:32+00:00
BRA_226831,Brasília,5300108,,Pioneira,0.510,https://moovitapp.com/index/pt-br/transporte_p%C3%BAblico-line-0_510-Brasilia-1702-851941-16483906-0,-1.0,-15.760058,-47.781307,,,,1,2023-06-15T12:45:22+00:00
BRA_227480,Brasília,5300108,,Pioneira,3210,https://moovitapp.com/index/pt-br/transporte_p%C3%BAblico-line-3210-Brasilia-1702-851941-14518504-0,-1.0,-16.031265,-48.059967,,,,1,2023-06-15T12:45:18+00:00
BRA_230103,Brasília,5300108,,Pioneira,0.253,https://moovitapp.com/index/pt-br/transporte_p%C3%BAblico-line-0_253-Brasilia-1702-851941-510254-0,-1.0,-15.823291,-48.116094,,,,2,2023-06-15T12:45:14+00:00
BRA_228125,Brasília,5300108,,Taguatur,3305,https://moovitapp.com/index/pt-br/transporte_p%C3%BAblico-line-3305-Brasilia-1702-854428-77810673-0,-1.0,-16.037708,-48.056877,,,,1,2023-06-15T12:46:24+00:00
BRA_227099,Brasília,5300108,,Pioneira,183.2,https://moovitapp.com/index/pt-br/transporte_p%C3%BAblico-line-183_2-Brasilia-1702-851941-242920-0,-1.0,-15.892048,-47.763524,,,,1,2023-06-15T12:45:24+00:00
BRA_231983,Brasília,5300108,,Pioneira,197.3,https://moovitapp.com/index/pt-br/transporte_p%C3%BAblico-line-197_3-Brasilia-1702-851941-519409-0,-1.0,-15.801098,-47.851192,,,,1,2023-06-15T12:44:44+00:00
BRA_226343,Brasília,5300108,,,2202,,,-15.793692,-47.88227,,,,1,2023-06-15T12:45:44+00:00
BRA_228583,Brasília,5300108,,Pioneira,0.255,https://moovitapp.com/index/pt-br/transporte_p%C3%BAblico-line-0_255-Brasilia-1702-851941-706978-0,-1.0,-15.794121,-48.11165,,,,1,2023-06-15T12:46:16+00:00
BRA_230171,Brasília,5300108,,Taguatur,3302,https://moovitapp.com/index/pt-br/transporte_p%C3%BAblico-line-3302-Brasilia-1702-854428-3135322-0,-1.0,-16.029538,-48.033042,,,,1,2023-06-15T12:45:38+00:00
BRA_229512,Brasília,5300108,,,3204,,,-16.020812,-48.07342,,,,1,2023-06-15T12:45:42+00:00
BRA_226084,Brasília,5300108,,UTB,2302,https://moovitapp.com/index/pt-br/transporte_p%C3%BAblico-line-2302-Brasilia-1702-854427-744298-0,-1.0,-15.803719,-47.888284,,,,2,2023-06-15T12:45:24+00:00
BRA_229083,Brasília,5300108,,Pioneira,181.1,https://moovitapp.com/index/pt-br/transporte_p%C3%BAblico-line-181_1-Brasilia-1702-851941-242915-0,-1.0,-15.754943,-47.767835,,,,2,2023-06-15T12:45:32+00:00
BRA_231649,Brasília,5300108,,Pioneira,759.1,https://moovitapp.com/index/pt-br/transporte_p%C3%BAblico-line-759_1-Brasilia-1702-851941-616183-0,-1.0,-15.781496,-47.887515,,,,2,2023-06-15T12:44:44+00:00
BRA_228028,Brasília,5300108,,Pioneira,170.4,https://moovitapp.com/index/pt-br/transporte_p%C3%BAblico-line-170_4-Brasilia-1702-851941-379787-0,-1.0,-15.902739,-47.766805,,,,1,2023-06-15T12:44:42+00:00
BRA_232076,Brasília,5300108,,Pioneira,181.2,https://moovitapp.com/index/pt-br/transporte_p%C3%BAblico-line-181_2-Brasilia-1702-851941-339338-0,-1.0,-15.851137,-47.847982,,,,1,2023-06-15T12:45:32+00:00
BRA_226009,Brasília,5300108,,,2202,,,-15.801994,-47.887159,,,,2,2023-06-15T12:44:52+00:00
BRA_232335,Brasília,5300108,,,3301,,,-16.036008,-48.020924,,,,1,2023-06-15T12:43:34+00:00
BRA_232190,Brasília,5300108,,Pioneira,205.1,https://moovitapp.com/index/pt-br/transporte_p%C3%BAblico-line-205_1-Brasilia-1702-851941-393571-0,-1.0,-16.033035,-48.057119,,,,1,2023-06-15T12:45:18+00:00
BRA_226882,Brasília,5300108,,,2202,,,-15.869223,-47.94593,,,,2,2023-06-15T12:45:44+00:00
BRA_227862,Brasília,5300108,,,3206,,,-16.034583,-48.061614,,,,1,2023-06-15T12:46:10+00:00
BRA_228222,Brasília,5300108,,,3201,,,-16.03286,-48.05799,,,,1,2023-06-15T12:45:56+00:00
BRA_232459,Brasília,5300108,,Pioneira,271.3,https://moovitapp.com/index/pt-br/transporte_p%C3%BAblico-line-271_3-Brasilia-1702-851941-669626-0,-1.0,-16.024115,-48.032412,,,,1,2023-06-14T08:34:58+00:00
BRA_231827,Brasília,5300108,,Pioneira,180.1,https://moovitapp.com/index/pt-br/transporte_p%C3%BAblico-line-180_1-Brasilia-1702-851941-339336-0,-1.0,-15.850685,-47.815703,,,,1,2023-06-15T12:45:20+00:00
BRA_228729,Brasília,5300108,,Pioneira,2207,https://moovitapp.com/index/pt-br/transporte_p%C3%BAblico-line-2207-Brasilia-1702-851941-422078-0,-1.0,-15.762978,-47.891399,,,,1,2023-06-15T12:45:40+00:00
BRA_231789,Brasília,5300108,,Pioneira,0.102,https://moovitapp.com/index/pt-br/transporte_p%C3%BAblico-line-0_102-Brasilia-1702-851941-775119-0,-1.0,-15.831439,-47.909379,,,,1,2023-06-15T12:45:28+00:00
BRA_227889,Brasília,5300108,,Pioneira,3213,https://moovitapp.com/index/pt-br/transporte_p%C3%BAblico-line-3213-Brasilia-1702-851941-74051275-0,-1.0,-15.99191,-48.049432,,,,1,2023-06-15T12:44:34+00:00
BRA_229873,Brasília,5300108,,Pioneira,147.5,https://moovitapp.com/index/pt-br/transporte_p%C3%BAblico-line-147_5-Brasilia-1702-851941-519406-0,-1.0,-15.863722,-47.820649,,,,2,2023-06-15T12:45:20+00:00
BRA_227498,Brasília,5300108,,Pioneira,183.2,https://moovitapp.com/index/pt-br/transporte_p%C3%BAblico-line-183_2-Brasilia-1702-851941-242920-0,-1.0,-15.888473,-47.764993,,,,1,2023-06-15T12:45:12+00:00
BRA_225681,Brasília,5300108,,Pioneira,764.2,https://moovitapp.com/index/pt-br/transporte_p%C3%BAblico-line-764_2-Brasilia-1702-851941-527246-0,-1.0,-15.760102,-47.78118,,,,1,2023-06-15T12:45:06+00:00
BRA_226637,Brasília,5300108,,Pioneira,0.784,https://moovitapp.com/index/pt-br/transporte_p%C3%BAblico-line-0_784-Brasilia-1702-851941-372405-0,-1.0,-15.770666,-47.779559,,,,1,2023-06-15T12:45:58+00:00
BRA_231606,Brasília,5300108,,Pioneira,760.1,https://moovitapp.com/index/pt-br/transporte_p%C3%BAblico-line-760_1-Brasilia-1702-851941-576193-0,-1.0,-15.760455,-47.811392,,,,2,2023-06-15T12:43:24+00:00
BRA_227871,Brasília,5300108,,Pioneira,147.2,https://moovitapp.com/index/pt-br/transporte_p%C3%BAblico-line-147_2-Brasilia-1702-851941-519403-0,-1.0,-15.804125,-47.896676,,,,2,2023-06-15T12:45:18+00:00
BRA_227854,Brasília,5300108,,Pioneira,147.6,https://moovitapp.com/index/pt-br/transporte_p%C3%BAblico-line-147_6-Brasilia-1702-851941-516646-0,-1.0,-15.849401,-47.849215,,,,1,2023-06-15T12:45:44+00:00
BRA_227447,Brasília,5300108,,Pioneira,2209,https://moovitapp.com/index/pt-br/transporte_p%C3%BAblico-line-2209-Brasilia-1702-851941-18556640-0,-1.0,-15.860039,-47.956548,,,,1,2023-06-15T12:45:26+00:00
BRA_227013,Brasília,5300108,,Pioneira,163.1,https://moovitapp.com/index/pt-br/transporte_p%C3%BAblico-line-163_1-Brasilia-1702-851941-242911-0,-1.0,-15.858068,-47.955327,,,,2,2023-06-15T12:46:20+00:00
BRA_227307,Brasília,5300108,,Pioneira,147.2,https://moovitapp.com/index/pt-br/transporte_p%C3%BAblico-line-147_2-Brasilia-1702-851941-519403-0,-1.0,-15.906013,-47.770569,,,,2,2023-06-15T12:45:22+00:00
BRA_227234,Brasília,5300108,,Pioneira,147.3,https://moovitapp.com/index/pt-br/transporte_p%C3%BAblico-line-147_3-Brasilia-1702-851941-574203-0,-1.0,-15.859728,-47.829976,,,,2,2023-06-15T12:45:40+00:00
BRA_229971,Brasília,5300108,,,3204,,,-15.992041,-48.049674,,,,1,2023-06-15T08:31:10+00:00
BRA_227587,Brasília,5300108,,Pioneira,0.195,https://moovitapp.com/index/pt-br/transporte_p%C3%BAblico-line-0_195-Brasilia-1702-851941-242845-0,-1.0,-15.844558,-47.896804,,,,2,2023-06-15T12:40:40+00:00
BRA_227391,Brasília,5300108,,Pioneira,170.4,https://moovitapp.com/index/pt-br/transporte_p%C3%BAblico-line-170_4-Brasilia-1702-851941-379787-0,-1.0,-15.899588,-47.81927,,,,1,2023-06-15T12:44:50+00:00
BRA_232491,Brasília,5300108,,,3301,,,-16.039714,-48.021343,,,,1,2023-06-15T12:44:58+00:00
BRA_228435,Brasília,5300108,,,3206,,,-16.03739,-48.056616,,,,1,2023-06-15T12:45:24+00:00
BRA_229920,Brasília,5300108,,,3207,,,-16.012919,-48.068283,,,,1,2023-06-15T12:45:46+00:00
BRA_225533,Brasília,5300108,,,2201,,,-15.992594,-48.050659,,,,1,2023-06-15T07:55:18+00:00
BRA_232009,Brasília,5300108,,Pioneira,197.3,https://moovitapp.com/index/pt-br/transporte_p%C3%BAblico-line-197_3-Brasilia-1702-851941-519409-0,-1.0,-15.794373,-47.881926,,,,1,2023-06-15T12:45:26+00:00
BRA_225959,Brasília,5300108,,UTB,2302,https://moovitapp.com/index/pt-br/transporte_p%C3%BAblico-line-2302-Brasilia-1702-854427-744298-0,-1.0,-15.850924,-47.932185,,,,1,2023-06-15T12:46:38+00:00
BRA_229211,Brasília,5300108,,Pioneira,0.253,https://moovitapp.com/index/pt-br/transporte_p%C3%BAblico-line-0_253-Brasilia-1702-851941-510254-0,-1.0,-15.816933,-48.104129,,,,1,2023-06-15T12:44:42+00:00
BRA_228869,Brasília,5300108,,Pioneira,251.7,https://moovitapp.com/index/pt-br/transporte_p%C3%BAblico-line-251_7-Brasilia-1702-851941-651524-0,-1.0,-16.030238,-48.033092,,,,1,2023-06-15T12:44:36+00:00
BRA_227404,Brasília,5300108,,Pioneira,147.2,https://moovitapp.com/index/pt-br/transporte_p%C3%BAblico-line-147_2-Brasilia-1702-851941-519403-0,-1.0,-15.799004,-47.86998,,,,2,2023-06-15T12:45:00+00:00
BRA_229059,Brasília,5300108,,Pioneira,251.8,https://moovitapp.com/index/pt-br/transporte_p%C3%BAblico-line-251_8-Brasilia-1702-851941-708654-0,-1.0,-16.003284,-47.98725,,,,1,2023-06-15T12:45:20+00:00
BRA_229989,Brasília,5300108,,,3207,,,-15.991675,-48.049184,,,,1,2023-06-15T12:45:10+00:00
BRA_228079,Brasília,5300108,,,3201,,,-16.032975,-48.056909,,,,1,2023-06-15T12:45:48+00:00
BRA_228044,Brasília,5300108,,Pioneira,170.4,https://moovitapp.com/index/pt-br/transporte_p%C3%BAblico-line-170_4-Brasilia-1702-851941-379787-0,-1.0,-15.95238,-47.821298,,,,1,2023-06-15T12:45:28+00:00
BRA_227056,Brasília,5300108,,Urbi,0.129,https://moovitapp.com/index/pt-br/transporte_p%C3%BAblico-line-0_129-Brasilia-1702-851595-775097-0,-1.0,-15.761242,-47.780646,,,,1,2023-06-15T12:45:50+00:00
BRA_229261,Brasília,5300108,,Pioneira,0.255,https://moovitapp.com/index/pt-br/transporte_p%C3%BAblico-line-0_255-Brasilia-1702-851941-706978-0,-1.0,-15.828012,-48.059064,,,,2,2023-06-15T12:44:56+00:00
BRA_232483,Brasília,5300108,,Pioneira,255.2,https://moovitapp.com/index/pt-br/transporte_p%C3%BAblico-line-255_2-Brasilia-1702-851941-312453-0,-1.0,-16.015437,-48.016581,,,,2,2023-06-15T12:44:58+00:00
BRA_228443,Brasília,5300108,,Pioneira,784.3,https://moovitapp.com/index/pt-br/transporte_p%C3%BAblico-line-784_3-Brasilia-1702-851941-46904557-0,-1.0,-15.728534,-47.789744,,,,1,2023-06-15T12:45:12+00:00
BRA_228591,Brasília,5300108,,Taguatur,3303,https://moovitapp.com/index/pt-br/transporte_p%C3%BAblico-line-3303-Brasilia-1702-854428-2224148-0,-1.0,-16.046584,-48.044142,,,,1,2023-06-15T12:45:38+00:00
BRA_231517,Brasília,5300108,,Pioneira,0.030,https://moovitapp.com/index/pt-br/transporte_p%C3%BAblico-line-0_030-Brasilia-1702-851941-775118-0,-1.0,-15.755539,-47.89372,,,,1,2023-06-15T12:45:42+00:00
BRA_231355,Brasília,5300108,,Pioneira,183.8,https://moovitapp.com/index/pt-br/transporte_p%C3%BAblico-line-183_8-Brasilia-1702-851941-719958-0,-1.0,-15.922758,-47.774899,,,,1,2023-06-15T12:45:10+00:00
BRA_227455,Brasília,5300108,,Pioneira,183.6,https://moovitapp.com/index/pt-br/transporte_p%C3%BAblico-line-183_6-Brasilia-1702-851941-242921-0,-1.0,-15.913345,-47.75758,,,,1,2023-06-15T12:44:46+00:00
BRA_229792,Brasília,5300108,,Pioneira,0.181,https://moovitapp.com/index/pt-br/transporte_p%C3%BAblico-line-0_181-Brasilia-1702-851941-242838-0,-1.0,-15.87853,-47.823002,,,,1,2023-06-15T12:44:42+00:00
BRA_228061,Brasília,5300108,,Pioneira,784.2,https://moovitapp.com/index/pt-br/transporte_p%C3%BAblico-line-784_2-Brasilia-1702-851941-8360792-0,-1.0,-15.760508,-47.781186,,,,1,2023-06-15T12:45:12+00:00
BRA_223778,Brasília,5300108,,Pioneira,2209,https://moovitapp.com/index/pt-br/transporte_p%C3%BAblico-line-2209-Brasilia-1702-851941-18556640-0,-1.0,-15.78663,-47.908546,,,,1,2023-06-15T12:44:32+00:00
BRA_231746,Brasília,5300108,,Pioneira,0.102,https://moovitapp.com/index/pt-br/transporte_p%C3%BAblico-line-0_102-Brasilia-1702-851941-775119-0,-1.0,-15.859259,-47.930564,,,,1,2023-06-15T12:45:18+00:00
BRA_231941,Brasília,5300108,,Pioneira,180.0,https://moovitapp.com/index/pt-br/transporte_p%C3%BAblico-line-180_0-Brasilia-1702-851941-77097780-0,-1.0,-15.913404,-47.759754,,,,1,2023-06-15T12:43:46+00:00
BRA_228001,Brasília,5300108,,Pioneira,2207,https://moovitapp.com/index/pt-br/transporte_p%C3%BAblico-line-2207-Brasilia-1702-851941-422078-0,-1.0,-15.830065,-47.930424,,,,1,2023-06-15T12:46:10+00:00
BRA_230073,Brasília,5300108,,Taguatur,3302,https://moovitapp.com/index/pt-br/transporte_p%C3%BAblico-line-3302-Brasilia-1702-854428-3135322-0,-1.0,-16.017878,-48.018965,,,,1,2023-06-15T12:45:24+00:00
BRA_232581,Brasília,5300108,,Pioneira,2207,https://moovitapp.com/index/pt-br/transporte_p%C3%BAblico-line-2207-Brasilia-1702-851941-422078-0,-1.0,-15.826775,-47.925827,,,,1,2023-06-15T12:45:04+00:00
BRA_226271,Brasília,5300108,,,2201,,,-15.787907,-47.89173,,,,1,2023-06-15T12:45:36+00:00
BRA_227790,Brasília,5300108,,,3202,,,-16.030553,-48.05647,,,,1,2023-06-15T12:44:50+00:00
BRA_229946,Brasília,5300108,,Pioneira,073.1,https://moovitapp.com/index/pt-br/transporte_p%C3%BAblico-line-073_1-Brasilia-1702-851941-775123-0,-1.0,-15.83365,-47.941957,,,,1,2023-06-15T12:45:20+00:00
BRA_228907,Brasília,5300108,,Pioneira,0.253,https://moovitapp.com/index/pt-br/transporte_p%C3%BAblico-line-0_253-Brasilia-1702-851941-510254-0,-1.0,-15.899865,-48.055199,,,,2,2023-06-15T12:45:46+00:00
BRA_226114,Brasília,5300108,,Taguatur,2301,https://moovitapp.com/index/pt-br/transporte_p%C3%BAblico-line-2301-Brasilia-1702-854428-81537943-0,-1.0,-15.78496,-47.895487,,,,1,2023-06-15T12:45:30+00:00
BRA_226521,Brasília,5300108,,Pioneira,0.780,https://moovitapp.com/index/pt-br/transporte_p%C3%BAblico-line-0_780-Brasilia-1702-851941-514537-0,-1.0,-15.755521,-47.770257,,,,1,2023-06-15T12:45:24+00:00
BRA_227064,Brasília,5300108,,Pioneira,0.195,https://moovitapp.com/index/pt-br/transporte_p%C3%BAblico-line-0_195-Brasilia-1702-851941-242845-0,-1.0,-15.846012,-47.855071,,,,1,2023-06-15T12:45:14+00:00
BRA_228991,Brasília,5300108,,Pioneira,251.7,https://moovitapp.com/index/pt-br/transporte_p%C3%BAblico-line-251_7-Brasilia-1702-851941-651524-0,-1.0,-16.035327,-48.060374,,,,1,2023-06-15T12:10:32+00:00
BRA_232301,Brasília,5300108,,Pioneira,0.255,https://moovitapp.com/index/pt-br/transporte_p%C3%BAblico-line-0_255-Brasilia-1702-851941-706978-0,-1.0,-16.027345,-48.031789,,,,2,2023-06-15T12:45:20+00:00
BRA_228109,Brasília,5300108,,,3206,,,-16.024103,-48.078411,,,,1,2023-06-15T12:46:00+00:00
BRA_226190,Brasília,5300108,,,2202,,,-15.803962,-47.886726,,,,1,2023-06-15T12:45:28+00:00
BRA_228206,Brasília,5300108,,,3207,,,-16.00445,-48.059554,,,,1,2023-06-15T12:44:54+00:00
BRA_227561,Brasília,5300108,,Taguatur,3305,https://moovitapp.com/index/pt-br/transporte_p%C3%BAblico-line-3305-Brasilia-1702-854428-77810673-0,-1.0,-16.049229,-48.028769,,,,1,2023-06-15T12:45:10+00:00
BRA_229245,Brasília,5300108,,Pioneira,0.784,https://moovitapp.com/index/pt-br/transporte_p%C3%BAblico-line-0_784-Brasilia-1702-851941-372405-0,-1.0,-15.776375,-47.783679,,,,1,2023-06-15T12:45:40+00:00
BRA_226904,Brasília,5300108,,Pioneira,760.1,https://moovitapp.com/index/pt-br/transporte_p%C3%BAblico-line-760_1-Brasilia-1702-851941-576193-0,-1.0,-15.776277,-47.874252,,,,2,2023-06-15T12:45:16+00:00
BRA_228613,Brasília,5300108,,Pioneira,073.1,https://moovitapp.com/index/pt-br/transporte_p%C3%BAblico-line-073_1-Brasilia-1702-851941-775123-0,-1.0,-15.857323,-47.921396,,,,1,2023-06-15T12:44:32+00:00
BRA_223611,Brasília,5300108,,Pioneira,2207,https://moovitapp.com/index/pt-br/transporte_p%C3%BAblico-line-2207-Brasilia-1702-851941-422078-0,-1.0,-15.803933,-47.896498,,,,1,2023-06-15T12:45:10+00:00
BRA_228010,Brasília,5300108,,,3204,,,-15.991791,-48.04928,,,,1,2023-06-15T12:43:58+00:00
BRA_226840,Brasília,5300108,,Pioneira,759.1,https://moovitapp.com/index/pt-br/transporte_p%C3%BAblico-line-759_1-Brasilia-1702-851941-616183-0,-1.0,-15.767067,-47.779769,,,,2,2023-06-15T12:45:50+00:00
BRA_231479,Brasília,5300108,,Pioneira,0.011,https://moovitapp.com/index/pt-br/transporte_p%C3%BAblico-line-0_011-Brasilia-1702-851941-775117-0,-1.0,-15.82034,-47.904408,,,,1,2023-06-15T12:45:12+00:00
BRA_226581,Brasília,5300108,,Pioneira,0.765,https://moovitapp.com/index/pt-br/transporte_p%C3%BAblico-line-0_765-Brasilia-1702-851941-576190-0,-1.0,-15.858906,-47.867748,,,,1,2023-06-15T12:45:52+00:00
BRA_232041,Brasília,5300108,,Pioneira,180.2,https://moovitapp.com/index/pt-br/transporte_p%C3%BAblico-line-180_2-Brasilia-1702-851941-514539-0,-1.0,-15.794498,-47.882155,,,,1,2023-06-15T12:45:40+00:00
BRA_229865,Brasília,5300108,,Pioneira,181.5,https://moovitapp.com/index/pt-br/transporte_p%C3%BAblico-line-181_5-Brasilia-1702-851941-756866-0,-1.0,-15.903387,-47.771701,,,,1,2023-06-15T12:45:32+00:00
BRA_229105,Brasília,5300108,,Pioneira,0.253,https://moovitapp.com/index/pt-br/transporte_p%C3%BAblico-line-0_253-Brasilia-1702-851941-510254-0,-1.0,-15.977956,-48.002842,,,,1,2023-06-15T12:45:44+00:00
BRA_232033,Brasília,5300108,,Pioneira,147.4,https://moovitapp.com/index/pt-br/transporte_p%C3%BAblico-line-147_4-Brasilia-1702-851941-574204-0,-1.0,-15.913607,-47.757065,,,,2,2023-06-15T12:45:12+00:00
BRA_230154,Brasília,5300108,,Pioneira,3308,https://moovitapp.com/index/pt-br/transporte_p%C3%BAblico-line-3308-Brasilia-1702-851941-577772-0,-1.0,-16.042245,-48.026722,,,,1,2023-06-15T12:44:56+00:00
BRA_231924,Brasília,5300108,,Pioneira,180.1,https://moovitapp.com/index/pt-br/transporte_p%C3%BAblico-line-180_1-Brasilia-1702-851941-339336-0,-1.0,-15.843323,-47.820033,,,,1,2023-06-15T12:44:42+00:00
BRA_229458,Brasília,5300108,,Pioneira,181.2,https://moovitapp.com/index/pt-br/transporte_p%C3%BAblico-line-181_2-Brasilia-1702-851941-339338-0,-1.0,-15.887431,-47.809326,,,,1,2023-06-15T12:45:02+00:00
BRA_229806,Brasília,5300108,,Pioneira,147.6,https://moovitapp.com/index/pt-br/transporte_p%C3%BAblico-line-147_6-Brasilia-1702-851941-516646-0,-1.0,-15.906863,-47.760924,,,,1,2023-06-15T12:44:34+00:00
BRA_228923,Brasília,5300108,,Pioneira,073.2,https://moovitapp.com/index/pt-br/transporte_p%C3%BAblico-line-073_2-Brasilia-1702-851941-775124-0,-1.0,-15.844784,-47.894146,,,,1,2023-06-15T12:46:06+00:00
BRA_232122,Brasília,5300108,,Pioneira,181.4,https://moovitapp.com/index/pt-br/transporte_p%C3%BAblico-line-181_4-Brasilia-1702-851941-775126-0,-1.0,-15.849659,-47.87532,,,,1,2023-06-15T12:44:52+00:00
BRA_226173,Brasília,5300108,,UTB,2302,https://moovitapp.com/index/pt-br/transporte_p%C3%BAblico-line-2302-Brasilia-1702-854427-744298-0,-1.0,-15.81778,-47.900656,,,,1,2023-06-15T12:45:06+00:00
BRA_231614,Brasília,5300108,,Pioneira,764.2,https://moovitapp.com/index/pt-br/transporte_p%C3%BAblico-line-764_2-Brasilia-1702-851941-527246-0,-1.0,-15.809437,-47.84795,,,,2,2023-06-15T12:46:14+00:00
BRA_228974,Brasília,5300108,,Pioneira,3315,https://moovitapp.com/index/pt-br/transporte_p%C3%BAblico-line-3315-Brasilia-1702-851941-645997-0,-1.0,-16.002155,-47.985972,,,,1,2023-06-15T12:45:02+00:00
BRA_227617,Brasília,5300108,,Pioneira,0.225,https://moovitapp.com/index/pt-br/transporte_p%C3%BAblico-line-0_225-Brasilia-1702-851941-510253-0,-1.0,-15.951215,-48.033175,,,,1,2023-06-15T12:44:52+00:00
BRA_226203,Brasília,5300108,,Taguatur,2301,https://moovitapp.com/index/pt-br/transporte_p%C3%BAblico-line-2301-Brasilia-1702-854428-81537943-0,-1.0,-15.785125,-47.895602,,,,1,2023-06-15T11:38:18+00:00
BRA_231681,Brasília,5300108,,Pioneira,759.1,https://moovitapp.com/index/pt-br/transporte_p%C3%BAblico-line-759_1-Brasilia-1702-851941-616183-0,-1.0,-15.787272,-47.888284,,,,1,2023-06-15T12:45:06+00:00
BRA_231894,Brasília,5300108,,Pioneira,180.1,https://moovitapp.com/index/pt-br/transporte_p%C3%BAblico-line-180_1-Brasilia-1702-851941-339336-0,-1.0,-15.911185,-47.755056,,,,1,2023-06-15T12:45:18+00:00
BRA_228818,Brasília,5300108,,Pioneira,163.1,https://moovitapp.com/index/pt-br/transporte_p%C3%BAblico-line-163_1-Brasilia-1702-851941-242911-0,-1.0,-15.762731,-47.891457,,,,2,2023-06-15T12:45:02+00:00
BRA_232131,Brasília,5300108,,Pioneira,205.1,https://moovitapp.com/index/pt-br/transporte_p%C3%BAblico-line-205_1-Brasilia-1702-851941-393571-0,-1.0,-15.806867,-48.080287,,,,1,2023-06-15T12:44:52+00:00
BRA_228672,Brasília,5300108,,Pioneira,3308,https://moovitapp.com/index/pt-br/transporte_p%C3%BAblico-line-3308-Brasilia-1702-851941-577772-0,-1.0,-16.049213,-47.979837,,,,1,2023-06-15T12:44:46+00:00
BRA_227315,Brasília,5300108,,,3206,,,-16.037247,-48.056661,,,,1,2023-06-15T12:44:40+00:00
BRA_231851,Brasília,5300108,,Pioneira,180.1,https://moovitapp.com/index/pt-br/transporte_p%C3%BAblico-line-180_1-Brasilia-1702-851941-339336-0,-1.0,-15.913351,-47.757662,,,,2,2023-06-15T12:45:32+00:00
BRA_227757,Brasília,5300108,,Pioneira,759.1,https://moovitapp.com/index/pt-br/transporte_p%C3%BAblico-line-759_1-Brasilia-1702-851941-616183-0,-1.0,-15.781066,-47.793476,,,,1,2023-06-15T12:45:02+00:00
BRA_229318,Brasília,5300108,,Pioneira,100.6,https://moovitapp.com/index/pt-br/transporte_p%C3%BAblico-line-100_6-Brasilia-1702-851941-767605-0,-1.0,-15.778646,-47.934277,,,,2,2023-06-15T11:09:44+00:00
BRA_227927,Brasília,5300108,,Pioneira,2207,https://moovitapp.com/index/pt-br/transporte_p%C3%BAblico-line-2207-Brasilia-1702-851941-422078-0,-1.0,-15.835466,-47.928624,,,,1,2023-06-15T12:45:42+00:00
BRA_232548,Brasília,5300108,,Pioneira,2207,https://moovitapp.com/index/pt-br/transporte_p%C3%BAblico-line-2207-Brasilia-1702-851941-422078-0,-1.0,-15.814066,-47.908286,,,,1,2023-06-15T12:45:20+00:00
BRA_232416,Brasília,5300108,,Pioneira,3307,https://moovitapp.com/index/pt-br/transporte_p%C3%BAblico-line-3307-Brasilia-1702-851941-519400-0,-1.0,-16.013959,-47.991669,,,,1,2023-06-15T12:45:56+00:00
BRA_231878,Brasília,5300108,,Pioneira,180.0,https://moovitapp.com/index/pt-br/transporte_p%C3%BAblico-line-180_0-Brasilia-1702-851941-77097780-0,-1.0,-15.843121,-47.820338,,,,1,2023-06-15T12:45:34+00:00
BRA_226751,Brasília,5300108,,Pioneira,0.763,https://moovitapp.com/index/pt-br/transporte_p%C3%BAblico-line-0_763-Brasilia-1702-851941-468878-0,-1.0,-15.760234,-47.781479,,,,2,2023-06-15T12:44:46+00:00
BRA_231576,Brasília,5300108,,Pioneira,0.102,https://moovitapp.com/index/pt-br/transporte_p%C3%BAblico-line-0_102-Brasilia-1702-851941-775119-0,-1.0,-15.821416,-47.918471,,,,1,2023-06-15T12:44:50+00:00
BRA_232114,Brasília,5300108,,Pioneira,181.4,https://moovitapp.com/index/pt-br/transporte_p%C3%BAblico-line-181_4-Brasilia-1702-851941-775126-0,-1.0,-15.909239,-47.752652,,,,1,2023-06-15T12:45:20+00:00
BRA_229415,Brasília,5300108,,Pioneira,0.253,https://moovitapp.com/index/pt-br/transporte_p%C3%BAblico-line-0_253-Brasilia-1702-851941-510254-0,-1.0,-16.042168,-48.025953,,,,1,2023-06-15T12:44:52+00:00
BRA_229342,Brasília,5300108,,Pioneira,100.2,https://moovitapp.com/index/pt-br/transporte_p%C3%BAblico-line-100_2-Brasilia-1702-851941-620160-0,-1.0,-15.841168,-47.921491,,,,2,2023-06-15T12:45:00+00:00
BRA_229156,Brasília,5300108,,Pioneira,020.2,https://moovitapp.com/index/pt-br/transporte_p%C3%BAblico-line-020_2-Brasilia-1702-851941-708653-0,-1.0,-16.024872,-48.033277,,,,1,2023-06-15T12:44:48+00:00
BRA_227226,Brasília,5300108,,Pioneira,181.2,https://moovitapp.com/index/pt-br/transporte_p%C3%BAblico-line-181_2-Brasilia-1702-851941-339338-0,-1.0,-15.927043,-47.831369,,,,1,2023-06-14T16:06:06+00:00
BRA_229776,Brasília,5300108,,Pioneira,147.5,https://moovitapp.com/index/pt-br/transporte_p%C3%BAblico-line-147_5-Brasilia-1702-851941-519406-0,-1.0,-15.905162,-47.754992,,,,1,2023-06-15T12:45:42+00:00
BRA_226858,Brasília,5300108,,Pioneira,0.762,https://moovitapp.com/index/pt-br/transporte_p%C3%BAblico-line-0_762-Brasilia-1702-851941-576189-0,-1.0,-15.742919,-47.826511,,,,2,2023-06-15T12:46:22+00:00
BRA_231550,Brasília,5300108,,Pioneira,0.030,https://moovitapp.com/index/pt-br/transporte_p%C3%BAblico-line-0_030-Brasilia-1702-851941-775118-0,-1.0,-15.845555,-47.926609,,,,1,2023-06-15T12:44:56+00:00
BRA_231436,Brasília,5300108,,Pioneira,183.0,https://moovitapp.com/index/pt-br/transporte_p%C3%BAblico-line-183_0-Brasilia-1702-851941-26502248-0,-1.0,-15.921774,-47.761159,,,,1,2023-06-15T12:45:44+00:00
BRA_225622,Brasília,5300108,,Taguatur,2301,https://moovitapp.com/index/pt-br/transporte_p%C3%BAblico-line-2301-Brasilia-1702-854428-81537943-0,-1.0,-15.787587,-47.892652,,,,1,2023-06-15T12:44:22+00:00
BRA_231622,Brasília,5300108,,Pioneira,102.1,https://moovitapp.com/index/pt-br/transporte_p%C3%BAblico-line-102_1-Brasilia-1702-851941-775125-0,-1.0,-15.828422,-47.905704,,,,1,2023-06-15T12:44:24+00:00
BRA_228575,Brasília,5300108,,Pioneira,0.255,https://moovitapp.com/index/pt-br/transporte_p%C3%BAblico-line-0_255-Brasilia-1702-851941-706978-0,-1.0,-16.015341,-48.015106,,,,1,2023-06-14T10:14:20+00:00
BRA_228095,Brasília,5300108,,Pioneira,147.5,https://moovitapp.com/index/pt-br/transporte_p%C3%BAblico-line-147_5-Brasilia-1702-851941-519406-0,-1.0,-15.894764,-47.791429,,,,1,2023-06-15T12:45:12+00:00
BRA_232211,Brasília,5300108,,Pioneira,205.1,https://moovitapp.com/index/pt-br/transporte_p%C3%BAblico-line-205_1-Brasilia-1702-851941-393571-0,-1.0,-15.942278,-48.040493,,,,2,2023-06-15T12:45:00+00:00
BRA_223930,Brasília,5300108,,Pioneira,2310,https://moovitapp.com/index/pt-br/transporte_p%C3%BAblico-line-2310-Brasilia-1702-851941-57764377-0,-1.0,-15.813036,-47.949141,,,,2,2023-06-13T21:56:00+00:00
BRA_223930,Brasília,5300108,,Pioneira,2207,https://moovitapp.com/index/pt-br/transporte_p%C3%BAblico-line-2207-Brasilia-1702-851941-422078-0,-1.0,-15.763694,-47.890859,,,,1,2023-06-14T12:55:10+00:00
BRA_229504,Brasília,5300108,,Pioneira,0.780,https://moovitapp.com/index/pt-br/transporte_p%C3%BAblico-line-0_780-Brasilia-1702-851941-514537-0,-1.0,-15.796309,-47.87855,,,,2,2023-06-14T19:24:22+00:00
BRA_226572,Brasília,5300108,,Pioneira,0.111,https://moovitapp.com/index/pt-br/transporte_p%C3%BAblico-line-0_111-Brasilia-1702-851941-432834-0,-1.0,-15.913976,-47.7879,,,,1,2023-06-15T12:45:42+00:00
BRA_229881,Brasília,5300108,,Pioneira,147.3,https://moovitapp.com/index/pt-br/transporte_p%C3%BAblico-line-147_3-Brasilia-1702-851941-574203-0,-1.0,-15.904999,-47.769717,,,,1,2023-06-15T12:45:46+00:00
BRA_231371,Brasília,5300108,,Pioneira,3208,https://moovitapp.com/index/pt-br/transporte_p%C3%BAblico-line-3208-Brasilia-1702-851941-704027-0,-1.0,-16.002823,-48.059465,,,,1,2023-06-15T12:45:24+00:00
BRA_225754,Brasília,5300108,,Pioneira,764.2,https://moovitapp.com/index/pt-br/transporte_p%C3%BAblico-line-764_2-Brasilia-1702-851941-527246-0,-1.0,-15.793266,-47.782814,,,,1,2023-06-15T12:45:26+00:00
BRA_229296,Brasília,5300108,,Pioneira,073.2,https://moovitapp.com/index/pt-br/transporte_p%C3%BAblico-line-073_2-Brasilia-1702-851941-775124-0,-1.0,-15.846492,-47.89817,,,,1,2023-06-15T12:45:02+00:00
BRA_228427,Brasília,5300108,,Pioneira,205.1,https://moovitapp.com/index/pt-br/transporte_p%C3%BAblico-line-205_1-Brasilia-1702-851941-393571-0,-1.0,-16.037231,-48.056235,,,,1,2023-06-15T12:44:58+00:00
BRA_227811,Brasília,5300108,,Pioneira,180.2,https://moovitapp.com/index/pt-br/transporte_p%C3%BAblico-line-180_2-Brasilia-1702-851941-514539-0,-1.0,-15.895009,-47.799535,,,,1,2023-06-15T12:45:20+00:00
BRA_232092,Brasília,5300108,,Pioneira,181.2,https://moovitapp.com/index/pt-br/transporte_p%C3%BAblico-line-181_2-Brasilia-1702-851941-339338-0,-1.0,-15.884074,-47.822112,,,,1,2023-06-15T12:45:00+00:00
BRA_226254,Brasília,5300108,,,2202,,,-15.913337,-47.968965,,,,1,2023-06-15T12:44:34+00:00
BRA_229067,Brasília,5300108,,Pioneira,251.8,https://moovitapp.com/index/pt-br/transporte_p%C3%BAblico-line-251_8-Brasilia-1702-851941-708654-0,-1.0,-16.044343,-48.042229,,,,1,2023-06-15T12:45:58+00:00
BRA_228486,Brasília,5300108,,Pioneira,2306,https://moovitapp.com/index/pt-br/transporte_p%C3%BAblico-line-2306-Brasilia-1702-851941-18556641-0,-1.0,-15.785759,-47.889454,,,,1,2023-06-15T12:46:16+00:00
BRA_226033,Brasília,5300108,,UTB,2302,https://moovitapp.com/index/pt-br/transporte_p%C3%BAblico-line-2302-Brasilia-1702-854427-744298-0,-1.0,-15.87314,-47.953439,,,,2,2023-06-15T12:44:02+00:00
BRA_227463,Brasília,5300108,,Pioneira,147.5,https://moovitapp.com/index/pt-br/transporte_p%C3%BAblico-line-147_5-Brasilia-1702-851941-519406-0,-1.0,-15.783648,-47.895233,,,,1,2023-06-15T12:44:58+00:00
BRA_226530,Brasília,5300108,,Pioneira,0.111,https://moovitapp.com/index/pt-br/transporte_p%C3%BAblico-line-0_111-Brasilia-1702-851941-432834-0,-1.0,-15.829759,-47.826766,,,,1,2023-06-15T12:45:20+00:00
BRA_228362,Brasília,5300108,,Taguatur,3303,https://moovitapp.com/index/pt-br/transporte_p%C3%BAblico-line-3303-Brasilia-1702-854428-2224148-0,-1.0,-16.011485,-47.993506,,,,1,2023-06-15T12:44:28+00:00
BRA_226378,Brasília,5300108,,,2201,,,-16.006498,-48.058104,,,,1,2023-06-15T12:45:44+00:00
BRA_231908,Brasília,5300108,,Pioneira,180.0,https://moovitapp.com/index/pt-br/transporte_p%C3%BAblico-line-180_0-Brasilia-1702-851941-77097780-0,-1.0,-15.913288,-47.757306,,,,2,2023-06-15T12:45:12+00:00
BRA_228460,Brasília,5300108,,Pioneira,180.2,https://moovitapp.com/index/pt-br/transporte_p%C3%BAblico-line-180_2-Brasilia-1702-851941-514539-0,-1.0,-15.895391,-47.799173,,,,2,2023-06-15T12:44:58+00:00
BRA_227994,Brasília,5300108,,Pioneira,0.181,https://moovitapp.com/index/pt-br/transporte_p%C3%BAblico-line-0_181-Brasilia-1702-851941-242838-0,-1.0,-15.912501,-47.75524,,,,2,2023-06-15T12:43:28+00:00
BRA_227048,Brasília,5300108,,Pioneira,2209,https://moovitapp.com/index/pt-br/transporte_p%C3%BAblico-line-2209-Brasilia-1702-851941-18556640-0,-1.0,-15.809765,-47.936324,,,,1,2023-06-15T12:45:06+00:00
BRA_230006,Brasília,5300108,,,3204,,,-16.017853,-48.062892,,,,1,2023-06-15T12:45:30+00:00
BRA_232271,Brasília,5300108,,Pioneira,205.1,https://moovitapp.com/index/pt-br/transporte_p%C3%BAblico-line-205_1-Brasilia-1702-851941-393571-0,-1.0,-15.809593,-48.088736,,,,1,2023-06-15T12:38:14+00:00
BRA_229431,Brasília,5300108,,Pioneira,251.7,https://moovitapp.com/index/pt-br/transporte_p%C3%BAblico-line-251_7-Brasilia-1702-851941-651524-0,-1.0,-16.045681,-48.034269,,,,1,2023-06-15T12:46:06+00:00
BRA_229041,Brasília,5300108,,Pioneira,2207,https://moovitapp.com/index/pt-br/transporte_p%C3%BAblico-line-2207-Brasilia-1702-851941-422078-0,-1.0,-15.786074,-47.887769,,,,1,2023-06-15T12:45:26+00:00
BRA_231673,Brasília,5300108,,Pioneira,100.8,https://moovitapp.com/index/pt-br/transporte_p%C3%BAblico-line-100_8-Brasilia-1702-851941-576191-0,-1.0,-15.816908,-47.835711,,,,2,2023-06-15T12:45:36+00:00
BRA_229661,Brasília,5300108,,Pioneira,100.3,https://moovitapp.com/index/pt-br/transporte_p%C3%BAblico-line-100_3-Brasilia-1702-851941-419631-0,-1.0,-15.819615,-47.915915,,,,1,2023-06-15T12:45:22+00:00
BRA_232157,Brasília,5300108,,Pioneira,205.1,https://moovitapp.com/index/pt-br/transporte_p%C3%BAblico-line-205_1-Brasilia-1702-851941-393571-0,-1.0,-16.021318,-48.075709,,,,2,2023-06-15T12:44:52+00:00
BRA_232424,Brasília,5300108,,Taguatur,3306,https://moovitapp.com/index/pt-br/transporte_p%C3%BAblico-line-3306-Brasilia-1702-854428-755287-0,-1.0,-16.002241,-47.98608,,,,1,2023-06-15T12:45:26+00:00
BRA_225649,Brasília,5300108,,,2202,,,-15.926706,-47.977961,,,,2,2023-06-15T12:45:58+00:00
BRA_226769,Brasília,5300108,,Pioneira,0.765,https://moovitapp.com/index/pt-br/transporte_p%C3%BAblico-line-0_765-Brasilia-1702-851941-576190-0,-1.0,-15.795304,-47.890891,,,,2,2023-06-15T12:45:42+00:00
BRA_232343,Brasília,5300108,,,3301,,,-16.014245,-48.006091,,,,1,2023-06-15T12:46:00+00:00
BRA_228184,Brasília,5300108,,,3207,,,-16.012751,-48.078201,,,,1,2023-06-15T12:45:30+00:00
BRA_231380,Brasília,5300108,,Pioneira,3209,https://moovitapp.com/index/pt-br/transporte_p%C3%BAblico-line-3209-Brasilia-1702-851941-705116-0,-1.0,-16.037874,-48.056585,,,,1,2023-06-15T12:45:16+00:00
BRA_232173,Brasília,5300108,,Pioneira,124.6,https://moovitapp.com/index/pt-br/transporte_p%C3%BAblico-line-124_6-Brasilia-1702-851941-425282-0,-1.0,-15.879978,-47.959136,,,,1,2023-06-15T12:45:32+00:00
BRA_228117,Brasília,5300108,,,3206,,,-16.002489,-48.075684,,,,1,2023-06-15T12:45:42+00:00
BRA_232408,Brasília,5300108,,,3204,,,-16.0129,-48.062307,,,,1,2023-06-15T12:45:14+00:00
BRA_226866,Brasília,5300108,,Pioneira,183.6,https://moovitapp.com/index/pt-br/transporte_p%C3%BAblico-line-183_6-Brasilia-1702-851941-242921-0,-1.0,-15.866294,-47.820967,,,,1,2023-06-15T12:45:22+00:00
BRA_229466,Brasília,5300108,,Pioneira,181.2,https://moovitapp.com/index/pt-br/transporte_p%C3%BAblico-line-181_2-Brasilia-1702-851941-339338-0,-1.0,-15.849371,-47.85612,,,,1,2023-06-15T12:31:46+00:00
BRA_227978,Brasília,5300108,,Pioneira,147.4,https://moovitapp.com/index/pt-br/transporte_p%C3%BAblico-line-147_4-Brasilia-1702-851941-574204-0,-1.0,-15.734571,-47.886396,,,,2,2023-06-15T12:45:06+00:00
BRA_225631,Brasília,5300108,,UTB,2302,https://moovitapp.com/index/pt-br/transporte_p%C3%BAblico-line-2302-Brasilia-1702-854427-744298-0,-1.0,-15.794153,-47.882454,,,,1,2023-06-15T12:46:00+00:00
BRA_227706,Brasília,5300108,,Pioneira,147.2,https://moovitapp.com/index/pt-br/transporte_p%C3%BAblico-line-147_2-Brasilia-1702-851941-519403-0,-1.0,-15.815142,-47.910149,,,,1,2023-06-15T12:45:32+00:00
BRA_228231,Brasília,5300108,,Pioneira,3212,https://moovitapp.com/index/pt-br/transporte_p%C3%BAblico-line-3212-Brasilia-1702-851941-52014256-0,-1.0,-15.993584,-48.064996,,,,1,2023-06-15T12:44:58+00:00
BRA_226289,Brasília,5300108,,UTB,2302,https://moovitapp.com/index/pt-br/transporte_p%C3%BAblico-line-2302-Brasilia-1702-854427-744298-0,-1.0,-16.002282,-47.986455,,,,2,2023-06-15T12:45:24+00:00
BRA_227251,Brasília,5300108,,Pioneira,147.3,https://moovitapp.com/index/pt-br/transporte_p%C3%BAblico-line-147_3-Brasilia-1702-851941-574203-0,-1.0,-15.79439,-47.881933,,,,1,2023-06-15T12:45:38+00:00
BRA_231975,Brasília,5300108,,Pioneira,197.3,https://moovitapp.com/index/pt-br/transporte_p%C3%BAblico-line-197_3-Brasilia-1702-851941-519409-0,-1.0,-15.913293,-47.757491,,,,2,2023-06-15T12:44:46+00:00
BRA_232408,Brasília,5300108,,Pioneira,251.8,https://moovitapp.com/index/pt-br/transporte_p%C3%BAblico-line-251_8-Brasilia-1702-851941-708654-0,-1.0,-16.014664,-48.014133,,,,1,2023-06-15T11:39:40+00:00
BRA_231819,Brasília,5300108,,Pioneira,180.0,https://moovitapp.com/index/pt-br/transporte_p%C3%BAblico-line-180_0-Brasilia-1702-851941-77097780-0,-1.0,-15.807749,-47.851154,,,,2,2023-06-15T12:44:56+00:00
BRA_232289,Brasília,5300108,,Pioneira,205.1,https://moovitapp.com/index/pt-br/transporte_p%C3%BAblico-line-205_1-Brasilia-1702-851941-393571-0,-1.0,-15.946992,-48.036812,,,,1,2023-06-15T12:45:28+00:00
BRA_229377,Brasília,5300108,,Pioneira,759.1,https://moovitapp.com/index/pt-br/transporte_p%C3%BAblico-line-759_1-Brasilia-1702-851941-616183-0,-1.0,-15.761137,-47.783857,,,,1,2023-06-15T12:45:42+00:00
BRA_226807,Brasília,5300108,,,2202,,,-15.872714,-47.95267,,,,1,2023-06-15T12:44:50+00:00
BRA_227731,Brasília,5300108,,Pioneira,100.8,https://moovitapp.com/index/pt-br/transporte_p%C3%BAblico-line-100_8-Brasilia-1702-851941-576191-0,-1.0,-15.83176,-47.813255,,,,2,2023-06-15T12:45:20+00:00
BRA_226131,Brasília,5300108,,UTB,2302,https://moovitapp.com/index/pt-br/transporte_p%C3%BAblico-line-2302-Brasilia-1702-854427-744298-0,-1.0,-15.96012,-47.993067,,,,1,2023-06-15T12:45:00+00:00
BRA_226785,Brasília,5300108,,Urbi,0.129,https://moovitapp.com/index/pt-br/transporte_p%C3%BAblico-line-0_129-Brasilia-1702-851595-775097-0,-1.0,-15.857808,-47.922941,,,,2,2023-06-15T10:14:04+00:00
BRA_228541,Brasília,5300108,,Pioneira,0.195,https://moovitapp.com/index/pt-br/transporte_p%C3%BAblico-line-0_195-Brasilia-1702-851941-242845-0,-1.0,-15.782663,-47.895297,,,,1,2023-06-15T12:45:32+00:00
BRA_229407,Brasília,5300108,,Pioneira,0.255,https://moovitapp.com/index/pt-br/transporte_p%C3%BAblico-line-0_255-Brasilia-1702-851941-706978-0,-1.0,-15.88309,-48.06024,,,,2,2023-06-15T12:46:08+00:00
BRA_232106,Brasília,5300108,,Pioneira,181.2,https://moovitapp.com/index/pt-br/transporte_p%C3%BAblico-line-181_2-Brasilia-1702-851941-339338-0,-1.0,-15.891418,-47.796375,,,,1,2023-06-15T12:44:56+00:00
BRA_232505,Brasília,5300108,,Pioneira,3315,https://moovitapp.com/index/pt-br/transporte_p%C3%BAblico-line-3315-Brasilia-1702-851941-645997-0,-1.0,-16.032082,-48.026379,,,,1,2023-06-15T12:45:02+00:00
BRA_228982,Brasília,5300108,,Taguatur,3303,https://moovitapp.com/index/pt-br/transporte_p%C3%BAblico-line-3303-Brasilia-1702-854428-2224148-0,-1.0,-16.011225,-47.985654,,,,1,2023-06-15T12:44:56+00:00
BRA_226629,Brasília,5300108,,Pioneira,100.2,https://moovitapp.com/index/pt-br/transporte_p%C3%BAblico-line-100_2-Brasilia-1702-851941-620160-0,-1.0,-15.814557,-47.888303,,,,2,2023-06-15T12:46:22+00:00
BRA_229199,Brasília,5300108,,Pioneira,3314,https://moovitapp.com/index/pt-br/transporte_p%C3%BAblico-line-3314-Brasilia-1702-851941-645996-0,-1.0,-16.038694,-48.027103,,,,1,2023-06-15T12:45:08+00:00
BRA_227633,Brasília,5300108,,Pioneira,147.2,https://moovitapp.com/index/pt-br/transporte_p%C3%BAblico-line-147_2-Brasilia-1702-851941-519403-0,-1.0,-15.796585,-47.877717,,,,2,2023-06-15T12:45:32+00:00
BRA_227242,Brasília,5300108,,Pioneira,181.2,https://moovitapp.com/index/pt-br/transporte_p%C3%BAblico-line-181_2-Brasilia-1702-851941-339338-0,-1.0,-15.905445,-47.754941,,,,1,2023-06-15T12:40:56+00:00
BRA_231592,Brasília,5300108,,Pioneira,780.1,https://moovitapp.com/index/pt-br/transporte_p%C3%BAblico-line-780_1-Brasilia-1702-851941-531040-0,-1.0,-15.77453,-47.779572,,,,2,2023-06-15T12:45:12+00:00
BRA_226891,Brasília,5300108,,Pioneira,759.1,https://moovitapp.com/index/pt-br/transporte_p%C3%BAblico-line-759_1-Brasilia-1702-851941-616183-0,-1.0,-15.737077,-47.766328,,,,1,2023-06-15T12:45:52+00:00
BRA_225673,Brasília,5300108,,Pioneira,764.2,https://moovitapp.com/index/pt-br/transporte_p%C3%BAblico-line-764_2-Brasilia-1702-851941-527246-0,-1.0,-15.749804,-47.762723,,,,1,2023-06-15T12:46:00+00:00
BRA_231690,Brasília,5300108,,Pioneira,780.1,https://moovitapp.com/index/pt-br/transporte_p%C3%BAblico-line-780_1-Brasilia-1702-851941-531040-0,-1.0,-15.794126,-47.881831,,,,1,2023-06-15T12:45:06+00:00
BRA_232386,Brasília,5300108,,,3301,,,-16.042235,-48.026118,,,,1,2023-06-15T12:44:30+00:00
BRA_227285,Brasília,5300108,,Pioneira,2209,https://moovitapp.com/index/pt-br/transporte_p%C3%BAblico-line-2209-Brasilia-1702-851941-18556640-0,-1.0,-15.863644,-47.957069,,,,1,2023-06-15T12:45:32+00:00
BRA_229831,Brasília,5300108,,Pioneira,0.147,https://moovitapp.com/index/pt-br/transporte_p%C3%BAblico-line-0_147-Brasilia-1702-851941-519401-0,-1.0,-15.897204,-47.785522,,,,2,2023-06-15T12:45:02+00:00
BRA_231711,Brasília,5300108,,Pioneira,102.1,https://moovitapp.com/index/pt-br/transporte_p%C3%BAblico-line-102_1-Brasilia-1702-851941-775125-0,-1.0,-15.794527,-47.882015,,,,1,2023-06-15T12:45:18+00:00
BRA_228290,Brasília,5300108,,Pioneira,0.225,https://moovitapp.com/index/pt-br/transporte_p%C3%BAblico-line-0_225-Brasilia-1702-851941-510253-0,-1.0,-16.021575,-48.082525,,,,2,2023-06-15T12:45:56+00:00
BRA_230146,Brasília,5300108,,Pioneira,251.8,https://moovitapp.com/index/pt-br/transporte_p%C3%BAblico-line-251_8-Brasilia-1702-851941-708654-0,-1.0,-16.01804,-48.01955,,,,1,2023-06-15T12:45:30+00:00
BRA_226980,Brasília,5300108,,Urbi,0.129,https://moovitapp.com/index/pt-br/transporte_p%C3%BAblico-line-0_129-Brasilia-1702-851595-775097-0,-1.0,-15.840872,-47.885785,,,,2,2023-06-15T12:44:36+00:00
BRA_228494,Brasília,5300108,,Taguatur,3303,https://moovitapp.com/index/pt-br/transporte_p%C3%BAblico-line-3303-Brasilia-1702-854428-2224148-0,-1.0,-16.044909,-48.032374,,,,1,2023-06-15T12:40:14+00:00
BRA_228575,Brasília,5300108,,Pioneira,0.255,https://moovitapp.com/index/pt-br/transporte_p%C3%BAblico-line-0_255-Brasilia-1702-851941-706978-0,-1.0,-15.805875,-48.076001,,,,2,2023-06-12T15:58:20+00:00
BRA_228761,Brasília,5300108,,Pioneira,251.7,https://moovitapp.com/index/pt-br/transporte_p%C3%BAblico-line-251_7-Brasilia-1702-851941-651524-0,-1.0,-16.002035,-47.985921,,,,1,2023-06-15T12:44:46+00:00
BRA_229521,Brasília,5300108,,Pioneira,2207,https://moovitapp.com/index/pt-br/transporte_p%C3%BAblico-line-2207-Brasilia-1702-851941-422078-0,-1.0,-15.880806,-47.959829,,,,1,2023-06-15T12:46:06+00:00
BRA_229725,Brasília,5300108,,Pioneira,100.8,https://moovitapp.com/index/pt-br/transporte_p%C3%BAblico-line-100_8-Brasilia-1702-851941-576191-0,-1.0,-15.801128,-47.788809,,,,1,2023-06-15T12:45:36+00:00
BRA_230022,Brasília,5300108,,,3207,,,-16.010341,-48.069504,,,,1,2023-06-15T12:44:52+00:00
BRA_229601,Brasília,5300108,,Pioneira,784.3,https://moovitapp.com/index/pt-br/transporte_p%C3%BAblico-line-784_3-Brasilia-1702-851941-46904557-0,-1.0,-15.74693,-47.782534,,,,1,2023-06-13T16:18:12+00:00
BRA_229474,Brasília,5300108,,Pioneira,147.5,https://moovitapp.com/index/pt-br/transporte_p%C3%BAblico-line-147_5-Brasilia-1702-851941-519406-0,-1.0,-15.90325,-47.768204,,,,2,2023-06-15T12:44:24+00:00
BRA_229423,Brasília,5300108,,Pioneira,0.255,https://moovitapp.com/index/pt-br/transporte_p%C3%BAblico-line-0_255-Brasilia-1702-851941-706978-0,-1.0,-15.83075,-48.061607,,,,1,2023-06-15T12:45:46+00:00
BRA_225657,Brasília,5300108,,,2202,,,-15.983969,-48.040474,,,,1,2023-06-15T12:45:14+00:00
BRA_232360,Brasília,5300108,,Pioneira,251.6,https://moovitapp.com/index/pt-br/transporte_p%C3%BAblico-line-251_6-Brasilia-1702-851941-35763436-0,-1.0,-16.004005,-47.988604,,,,1,2023-06-15T12:46:18+00:00
BRA_228966,Brasília,5300108,,Pioneira,2207,https://moovitapp.com/index/pt-br/transporte_p%C3%BAblico-line-2207-Brasilia-1702-851941-422078-0,-1.0,-15.881461,-47.960159,,,,1,2023-06-15T12:43:58+00:00
BRA_229890,Brasília,5300108,,Pioneira,147.6,https://moovitapp.com/index/pt-br/transporte_p%C3%BAblico-line-147_6-Brasilia-1702-851941-516646-0,-1.0,-15.81816,-47.876904,,,,2,2023-06-15T12:45:04+00:00
BRA_228257,Brasília,5300108,,Urbi,206.2,https://moovitapp.com/index/pt-br/transporte_p%C3%BAblico-line-206_2-Brasilia-1702-851595-781328-0,-1.0,-16.037187,-48.056597,,,,2,2023-06-15T12:45:22+00:00
BRA_229113,Brasília,5300108,,Pioneira,0.255,https://moovitapp.com/index/pt-br/transporte_p%C3%BAblico-line-0_255-Brasilia-1702-851941-706978-0,-1.0,-15.809579,-48.087649,,,,2,2023-06-15T12:45:36+00:00
BRA_225738,Brasília,5300108,,Pioneira,0.761,https://moovitapp.com/index/pt-br/transporte_p%C3%BAblico-line-0_761-Brasilia-1702-851941-605389-0,-1.0,-15.793989,-47.881844,,,,1,2023-06-15T12:45:22+00:00
BRA_229717,Brasília,5300108,,Pioneira,759.1,https://moovitapp.com/index/pt-br/transporte_p%C3%BAblico-line-759_1-Brasilia-1702-851941-616183-0,-1.0,-15.715017,-47.874284,,,,2,2023-06-15T12:45:06+00:00
BRA_232351,Brasília,5300108,,,3301,,,-16.010662,-47.987695,,,,1,2023-06-15T12:45:22+00:00
BRA_227803,Brasília,5300108,,Pioneira,147.4,https://moovitapp.com/index/pt-br/transporte_p%C3%BAblico-line-147_4-Brasilia-1702-851941-574204-0,-1.0,-15.734701,-47.901006,,,,1,2023-06-15T12:45:36+00:00
BRA_230090,Brasília,5300108,,Taguatur,3302,https://moovitapp.com/index/pt-br/transporte_p%C3%BAblico-line-3302-Brasilia-1702-854428-3135322-0,-1.0,-16.041444,-48.034091,,,,1,2023-06-15T12:45:28+00:00
BRA_226998,Brasília,5300108,,Pioneira,0.780,https://moovitapp.com/index/pt-br/transporte_p%C3%BAblico-line-0_780-Brasilia-1702-851941-514537-0,-1.0,-15.816768,-47.80595,,,,2,2023-06-15T12:44:58+00:00
BRA_229903,Brasília,5300108,,Pioneira,160.3,https://moovitapp.com/index/pt-br/transporte_p%C3%BAblico-line-160_3-Brasilia-1702-851941-242910-0,-1.0,-15.837266,-47.923869,,,,1,2023-06-15T12:45:14+00:00
BRA_227846,Brasília,5300108,,Pioneira,2211,https://moovitapp.com/index/pt-br/transporte_p%C3%BAblico-line-2211-Brasilia-1702-851941-57764371-0,-1.0,-15.796288,-47.946331,,,,1,2023-06-15T12:45:36+00:00
BRA_229181,Brasília,5300108,,Pioneira,0.255,https://moovitapp.com/index/pt-br/transporte_p%C3%BAblico-line-0_255-Brasilia-1702-851941-706978-0,-1.0,-16.042327,-48.028241,,,,2,2023-06-15T12:44:30+00:00
BRA_227986,Brasília,5300108,,Pioneira,147.5,https://moovitapp.com/index/pt-br/transporte_p%C3%BAblico-line-147_5-Brasilia-1702-851941-519406-0,-1.0,-15.913601,-47.756855,,,,2,2023-06-15T10:40:04+00:00
BRA_231452,Brasília,5300108,,Pioneira,784.3,https://moovitapp.com/index/pt-br/transporte_p%C3%BAblico-line-784_3-Brasilia-1702-851941-46904557-0,-1.0,-15.764198,-47.780245,,,,1,2023-06-15T12:45:42+00:00
BRA_229695,Brasília,5300108,,Pioneira,100.8,https://moovitapp.com/index/pt-br/transporte_p%C3%BAblico-line-100_8-Brasilia-1702-851941-576191-0,-1.0,-15.804466,-47.795574,,,,2,2023-06-15T12:45:18+00:00
BRA_229911,Brasília,5300108,,Pioneira,0.225,https://moovitapp.com/index/pt-br/transporte_p%C3%BAblico-line-0_225-Brasilia-1702-851941-510253-0,-1.0,-15.799483,-48.124365,,,,2,2023-06-15T12:44:32+00:00
BRA_226777,Brasília,5300108,,Pioneira,0.764,https://moovitapp.com/index/pt-br/transporte_p%C3%BAblico-line-0_764-Brasilia-1702-851941-516641-0,-1.0,-15.746517,-47.761337,,,,1,2023-06-15T12:41:12+00:00
BRA_229962,Brasília,5300108,,,3204,,,-15.999597,-48.056788,,,,1,2023-06-15T12:45:34+00:00
BRA_227951,Brasília,5300108,,Pioneira,147.7,https://moovitapp.com/index/pt-br/transporte_p%C3%BAblico-line-147_7-Brasilia-1702-851941-574205-0,-1.0,-15.879676,-47.815258,,,,1,2023-06-15T12:44:54+00:00
BRA_227579,Brasília,5300108,,Pioneira,147.5,https://moovitapp.com/index/pt-br/transporte_p%C3%BAblico-line-147_5-Brasilia-1702-851941-519406-0,-1.0,-15.796332,-47.878455,,,,2,2023-06-15T12:45:18+00:00
BRA_228176,Brasília,5300108,,Taguatur,3305,https://moovitapp.com/index/pt-br/transporte_p%C3%BAblico-line-3305-Brasilia-1702-854428-77810673-0,-1.0,-16.032511,-48.057583,,,,1,2023-06-15T12:45:38+00:00
BRA_232017,Brasília,5300108,,Pioneira,197.3,https://moovitapp.com/index/pt-br/transporte_p%C3%BAblico-line-197_3-Brasilia-1702-851941-519409-0,-1.0,-15.793773,-47.874093,,,,2,2023-06-15T12:28:16+00:00
BRA_229288,Brasília,5300108,,Pioneira,2212,https://moovitapp.com/index/pt-br/transporte_p%C3%BAblico-line-2212-Brasilia-1702-851941-69031052-0,-1.0,-15.861561,-47.937875,,,,2,2023-06-15T12:46:00+00:00
BRA_229857,Brasília,5300108,,Pioneira,147.5,https://moovitapp.com/index/pt-br/transporte_p%C3%BAblico-line-147_5-Brasilia-1702-851941-519406-0,-1.0,-15.831515,-47.825621,,,,1,2023-06-15T12:45:02+00:00
BRA_231771,Brasília,5300108,,Pioneira,0.765,https://moovitapp.com/index/pt-br/transporte_p%C3%BAblico-line-0_765-Brasilia-1702-851941-576190-0,-1.0,-15.760565,-47.781288,,,,2,2023-06-15T12:45:26+00:00
BRA_232530,Brasília,5300108,,Pioneira,2211,https://moovitapp.com/index/pt-br/transporte_p%C3%BAblico-line-2211-Brasilia-1702-851941-57764371-0,-1.0,-15.798729,-47.949917,,,,1,2023-06-15T12:44:50+00:00
BRA_227749,Brasília,5300108,,Pioneira,183.2,https://moovitapp.com/index/pt-br/transporte_p%C3%BAblico-line-183_2-Brasilia-1702-851941-242920-0,-1.0,-15.881359,-47.808156,,,,1,2023-06-15T12:45:44+00:00
BRA_226971,Brasília,5300108,,Pioneira,764.2,https://moovitapp.com/index/pt-br/transporte_p%C3%BAblico-line-764_2-Brasilia-1702-851941-527246-0,-1.0,-15.782588,-47.777601,,,,2,2023-06-15T12:45:32+00:00
BRA_226718,Brasília,5300108,,Pioneira,764.2,https://moovitapp.com/index/pt-br/transporte_p%C3%BAblico-line-764_2-Brasilia-1702-851941-527246-0,-1.0,-15.745889,-47.761649,,,,2,2023-06-15T12:45:36+00:00
BRA_223832,Brasília,5300108,,,2202,,,-15.992192,-48.050138,,,,2,2023-06-15T12:45:24+00:00
BRA_230081,Brasília,5300108,,Pioneira,3307,https://moovitapp.com/index/pt-br/transporte_p%C3%BAblico-line-3307-Brasilia-1702-851941-519400-0,-1.0,-16.011368,-47.992406,,,,1,2023-06-15T12:45:50+00:00
BRA_227919,Brasília,5300108,,,3206,,,-15.992489,-48.050081,,,,1,2023-06-15T12:45:08+00:00
BRA_229628,Brasília,5300108,,Pioneira,0.763,https://moovitapp.com/index/pt-br/transporte_p%C3%BAblico-line-0_763-Brasilia-1702-851941-468878-0,-1.0,-15.834705,-47.816892,,,,2,2023-06-15T12:45:22+00:00
BRA_225690,Brasília,5300108,,Pioneira,764.2,https://moovitapp.com/index/pt-br/transporte_p%C3%BAblico-line-764_2-Brasilia-1702-851941-527246-0,-1.0,-15.760164,-47.781574,,,,1,2023-06-15T12:45:34+00:00
BRA_225576,Brasília,5300108,,UTB,2302,https://moovitapp.com/index/pt-br/transporte_p%C3%BAblico-line-2302-Brasilia-1702-854427-744298-0,-1.0,-15.888824,-47.961005,,,,1,2023-06-15T12:46:16+00:00
BRA_228214,Brasília,5300108,,Pioneira,207.2,https://moovitapp.com/index/pt-br/transporte_p%C3%BAblico-line-207_2-Brasilia-1702-851941-137149862-0,-1.0,-16.020485,-48.066897,,,,1,2023-06-15T12:44:48+00:00
BRA_227200,Brasília,5300108,,,2203,,,-15.835818,-47.926965,,,,2,2023-06-15T12:45:26+00:00
BRA_226734,Brasília,5300108,,Pioneira,100.2,https://moovitapp.com/index/pt-br/transporte_p%C3%BAblico-line-100_2-Brasilia-1702-851941-620160-0,-1.0,-15.766226,-47.7886,,,,1,2023-06-15T12:44:40+00:00
BRA_79171,Brasília,5300108,,Urbi,0.808,https://moovitapp.com/index/pt-br/transporte_p%C3%BAblico-line-0_808-Brasilia-1702-851595-372359-0,-1.0,-15.904187,-48.065937,,,,2,2023-06-15T12:45:38+00:00
BRA_77399,Brasília,5300108,,Urbi,0.808,https://moovitapp.com/index/pt-br/transporte_p%C3%BAblico-line-0_808-Brasilia-1702-851595-372359-0,-1.0,-15.901456,-48.056273,,,,1,2023-06-15T12:44:58+00:00
BRA_77356,Brasília,5300108,,Urbi,0.808,https://moovitapp.com/index/pt-br/transporte_p%C3%BAblico-line-0_808-Brasilia-1702-851595-372359-0,-1.0,-15.825466,-48.079613,,,,1,2023-06-15T12:45:48+00:00
BRA_77097,Brasília,5300108,,Urbi,0.818,https://moovitapp.com/index/pt-br/transporte_p%C3%BAblico-line-0_818-Brasilia-1702-851595-242550-0,-1.0,-15.758395,-47.936006,,,,1,2023-06-15T12:44:46+00:00
BRA_77283,Brasília,5300108,,Urbi,0.873,https://moovitapp.com/index/pt-br/transporte_p%C3%BAblico-line-0_873-Brasilia-1702-851595-510238-0,-1.0,-15.911457,-48.094859,,,,1,2023-06-15T12:45:36+00:00
BRA_77071,Brasília,5300108,,Urbi,0.883,https://moovitapp.com/index/pt-br/transporte_p%C3%BAblico-line-0_883-Brasilia-1702-851595-510239-0,-1.0,-15.871253,-48.057252,,,,1,2023-06-15T12:45:28+00:00
BRA_78719,Brasília,5300108,,Urbi,397.2,https://moovitapp.com/index/pt-br/transporte_p%C3%BAblico-line-397_2-Brasilia-1702-851595-890938-0,-1.0,-15.870962,-48.091775,,,,1,2023-06-15T12:43:16+00:00
BRA_710351,Brasília,5300108,,São José,0.310,https://moovitapp.com/index/pt-br/transporte_p%C3%BAblico-line-0_310-Brasilia-1702-851943-775131-0,-1.0,-15.788455,-48.135333,,,,1,2023-06-15T11:50:08+00:00
BRA_710415,Brasília,5300108,,São José,0.310,https://moovitapp.com/index/pt-br/transporte_p%C3%BAblico-line-0_310-Brasilia-1702-851943-775131-0,-1.0,-15.787665,-48.134595,,,,1,2023-06-13T02:43:20+00:00
BRA_710369,Brasília,5300108,,São José,0.310,https://moovitapp.com/index/pt-br/transporte_p%C3%BAblico-line-0_310-Brasilia-1702-851943-775131-0,-1.0,-15.787698,-48.134462,,,,2,2023-06-15T12:45:14+00:00
BRA_710407,Brasília,5300108,,São José,0.323,https://moovitapp.com/index/pt-br/transporte_p%C3%BAblico-line-0_323-Brasilia-1702-851943-775132-0,-1.0,-15.825887,-47.932821,,,,1,2023-06-15T12:44:50+00:00
BRA_77445,Brasília,5300108,,Urbi,872.1,https://moovitapp.com/index/pt-br/transporte_p%C3%BAblico-line-872_1-Brasilia-1702-851595-470760-0,-1.0,-15.817248,-48.066299,,,,1,2023-06-15T12:45:34+00:00
BRA_710393,Brasília,5300108,,São José,0.335,https://moovitapp.com/index/pt-br/transporte_p%C3%BAblico-line-0_335-Brasilia-1702-851943-775135-0,-1.0,-15.82407,-48.025724,,,,1,2023-06-15T12:45:32+00:00
BRA_710474,Brasília,5300108,,São José,0.335,https://moovitapp.com/index/pt-br/transporte_p%C3%BAblico-line-0_335-Brasilia-1702-851943-775135-0,-1.0,-15.81223,-47.982049,,,,1,2023-06-15T12:45:16+00:00
BRA_77062,Brasília,5300108,,Urbi,0.812,https://moovitapp.com/index/pt-br/transporte_p%C3%BAblico-line-0_812-Brasilia-1702-851595-697958-0,-1.0,-15.929281,-48.109425,,,,1,2023-06-15T12:45:26+00:00
BRA_76783,Brasília,5300108,,Urbi,0.346,https://moovitapp.com/index/pt-br/transporte_p%C3%BAblico-line-0_346-Brasilia-1702-851595-46461186-0,-1.0,-15.799127,-48.14836,,,,1,2023-06-13T01:50:28+00:00
BRA_76724,Brasília,5300108,,São José,0.350,https://moovitapp.com/index/pt-br/transporte_p%C3%BAblico-line-0_350-Brasilia-1702-851943-376176-0,-1.0,-15.808245,-48.157102,,,,1,2023-06-14T17:53:18+00:00
BRA_75973,Brasília,5300108,,São José,0.350,https://moovitapp.com/index/pt-br/transporte_p%C3%BAblico-line-0_350-Brasilia-1702-851943-376176-0,-1.0,-15.808102,-48.157274,,,,1,2023-06-15T12:44:56+00:00
BRA_710539,Brasília,5300108,,São José,0.375,https://moovitapp.com/index/pt-br/transporte_p%C3%BAblico-line-0_375-Brasilia-1702-851943-39496914-0,-1.0,-15.808312,-47.970662,,,,1,2023-06-15T12:44:52+00:00
BRA_75841,Brasília,5300108,,São José,0.385,https://moovitapp.com/index/pt-br/transporte_p%C3%BAblico-line-0_385-Brasilia-1702-851943-516651-0,-1.0,-15.822999,-48.024452,,,,1,2023-06-15T12:45:18+00:00
BRA_500089,Brasília,5300108,,São José,0.412,https://moovitapp.com/index/pt-br/transporte_p%C3%BAblico-line-0_412-Brasilia-1702-851943-775144-0,-1.0,-15.680461,-48.188211,,,,1,2023-06-14T23:08:12+00:00
BRA_500135,Brasília,5300108,,São José,0.413,https://moovitapp.com/index/pt-br/transporte_p%C3%BAblico-line-0_413-Brasilia-1702-851943-781649-0,-1.0,-15.804246,-48.057952,,,,2,2023-06-15T12:42:40+00:00
BRA_78051,Brasília,5300108,,São José,0.362,https://moovitapp.com/index/pt-br/transporte_p%C3%BAblico-line-0_362-Brasilia-1702-851943-707001-0,-1.0,-15.852453,-48.040493,,,,1,2023-06-15T10:09:26+00:00
BRA_77852,Brasília,5300108,,São José,0.371,https://moovitapp.com/index/pt-br/transporte_p%C3%BAblico-line-0_371-Brasilia-1702-851943-470770-0,-1.0,-15.790095,-47.889734,,,,2,2023-06-15T12:45:00+00:00
BRA_710342,Brasília,5300108,,São José,0.920,https://moovitapp.com/index/pt-br/transporte_p%C3%BAblico-line-0_920-Brasilia-1702-851943-707019-0,-1.0,-15.828365,-47.915305,,,,1,2023-06-15T12:45:18+00:00
BRA_710571,Brasília,5300108,,São José,0.920,https://moovitapp.com/index/pt-br/transporte_p%C3%BAblico-line-0_920-Brasilia-1702-851943-707019-0,-1.0,-15.81635,-48.110277,,,,1,2023-06-15T12:44:56+00:00
BRA_78921,Brasília,5300108,,São José,0.929,https://moovitapp.com/index/pt-br/transporte_p%C3%BAblico-line-0_929-Brasilia-1702-851943-5294667-0,-1.0,-15.787574,-48.134538,,,,1,2023-06-15T12:44:36+00:00
BRA_78042,Brasília,5300108,,São José,0.949,https://moovitapp.com/index/pt-br/transporte_p%C3%BAblico-line-0_949-Brasilia-1702-851943-707026-0,-1.0,-15.804389,-48.071373,,,,1,2023-06-15T12:44:54+00:00
BRA_78221,Brasília,5300108,,São José,0.949,https://moovitapp.com/index/pt-br/transporte_p%C3%BAblico-line-0_949-Brasilia-1702-851943-707026-0,-1.0,-15.80866,-48.085754,,,,1,2023-06-15T12:26:54+00:00
BRA_79049,Brasília,5300108,,São José,0.926,https://moovitapp.com/index/pt-br/transporte_p%C3%BAblico-line-0_926-Brasilia-1702-851943-775154-0,-1.0,-15.823515,-48.114581,,,,1,2023-06-15T11:23:02+00:00
BRA_78549,Brasília,5300108,,São José,0.926,https://moovitapp.com/index/pt-br/transporte_p%C3%BAblico-line-0_926-Brasilia-1702-851943-775154-0,-1.0,-15.799683,-48.11933,,,,1,2023-06-15T12:45:14+00:00
BRA_79880,Brasília,5300108,,São José,0.927,https://moovitapp.com/index/pt-br/transporte_p%C3%BAblico-line-0_927-Brasilia-1702-851943-775155-0,-1.0,-15.819386,-48.095698,,,,1,2023-06-15T12:44:42+00:00
BRA_79782,Brasília,5300108,,São José,0.927,https://moovitapp.com/index/pt-br/transporte_p%C3%BAblico-line-0_927-Brasilia-1702-851943-775155-0,-1.0,-15.816501,-48.103308,,,,1,2023-06-15T12:44:52+00:00
BRA_710849,Brasília,5300108,,São José,0.930,https://moovitapp.com/index/pt-br/transporte_p%C3%BAblico-line-0_930-Brasilia-1702-851943-422086-0,-1.0,-15.799464,-48.14897,,,,1,2023-06-15T00:03:18+00:00
BRA_79529,Brasília,5300108,,São José,364.1,https://moovitapp.com/index/pt-br/transporte_p%C3%BAblico-line-364_1-Brasilia-1702-851943-789941-0,-1.0,-15.824769,-48.127958,,,,1,2023-06-15T12:45:30+00:00
BRA_79936,Brasília,5300108,,São José,379.1,https://moovitapp.com/index/pt-br/transporte_p%C3%BAblico-line-379_1-Brasilia-1702-851943-707055-0,-1.0,-15.780549,-47.887896,,,,1,2023-06-15T11:32:42+00:00
BRA_78514,Brasília,5300108,,São José,382.1,https://moovitapp.com/index/pt-br/transporte_p%C3%BAblico-line-382_1-Brasilia-1702-851943-775167-0,-1.0,-15.808838,-48.086568,,,,2,2023-06-15T12:45:14+00:00
BRA_78522,Brasília,5300108,,São José,949.1,https://moovitapp.com/index/pt-br/transporte_p%C3%BAblico-line-949_1-Brasilia-1702-851943-707069-0,-1.0,-15.842692,-48.044498,,,,1,2023-06-15T12:45:08+00:00
BRA_78603,Brasília,5300108,,São José,949.1,https://moovitapp.com/index/pt-br/transporte_p%C3%BAblico-line-949_1-Brasilia-1702-851943-707069-0,-1.0,-15.805945,-48.077464,,,,1,2023-06-15T12:44:36+00:00
BRA_76406,Brasília,5300108,,São José,332.1,https://moovitapp.com/index/pt-br/transporte_p%C3%BAblico-line-332_1-Brasilia-1702-851943-2068455-0,-1.0,-15.802317,-48.138543,,,,1,2023-06-15T12:45:10+00:00
BRA_74951,Brasília,5300108,,São José,332.1,https://moovitapp.com/index/pt-br/transporte_p%C3%BAblico-line-332_1-Brasilia-1702-851943-2068455-0,-1.0,-15.804238,-48.138276,,,,1,2023-06-15T11:33:52+00:00
BRA_76651,Brasília,5300108,,São José,359.2,https://moovitapp.com/index/pt-br/transporte_p%C3%BAblico-line-359_2-Brasilia-1702-851943-2068453-0,-1.0,-15.830545,-48.054531,,,,1,2023-06-15T12:38:16+00:00
BRA_711217,Brasília,5300108,,São José,0.159,https://moovitapp.com/index/pt-br/transporte_p%C3%BAblico-line-0_159-Brasilia-1702-851943-375523-0,-1.0,-15.784664,-47.997308,,,,2,2023-06-15T12:44:30+00:00
BRA_711209,Brasília,5300108,,São José,0.159,https://moovitapp.com/index/pt-br/transporte_p%C3%BAblico-line-0_159-Brasilia-1702-851943-375523-0,-1.0,-15.784459,-47.997289,,,,2,2023-06-15T12:44:52+00:00
BRA_711179,Brasília,5300108,,São José,0.159,https://moovitapp.com/index/pt-br/transporte_p%C3%BAblico-line-0_159-Brasilia-1702-851943-375523-0,-1.0,-15.783936,-47.997111,,,,2,2023-06-15T12:44:58+00:00
BRA_711225,Brasília,5300108,,São José,0.159,https://moovitapp.com/index/pt-br/transporte_p%C3%BAblico-line-0_159-Brasilia-1702-851943-375523-0,-1.0,-15.783108,-47.998745,,,,2,2023-06-15T12:43:58+00:00
BRA_77691,Brasília,5300108,,Urbi,393.4,https://moovitapp.com/index/pt-br/transporte_p%C3%BAblico-line-393_4-Brasilia-1702-851595-588816-0,-1.0,-15.902499,-48.129395,,,,1,2023-06-15T12:45:26+00:00
BRA_76988,Brasília,5300108,,Urbi,393.4,https://moovitapp.com/index/pt-br/transporte_p%C3%BAblico-line-393_4-Brasilia-1702-851595-588816-0,-1.0,-15.877431,-48.060628,,,,1,2023-06-15T12:44:46+00:00
BRA_77682,Brasília,5300108,,Urbi,398.1,https://moovitapp.com/index/pt-br/transporte_p%C3%BAblico-line-398_1-Brasilia-1702-851595-510241-0,-1.0,-15.864484,-48.056826,,,,1,2023-06-15T12:45:08+00:00
BRA_77704,Brasília,5300108,,Urbi,398.1,https://moovitapp.com/index/pt-br/transporte_p%C3%BAblico-line-398_1-Brasilia-1702-851595-510241-0,-1.0,-15.901887,-48.128835,,,,2,2023-06-15T12:45:18+00:00
BRA_710873,Brasília,5300108,,São José,0.400,https://moovitapp.com/index/pt-br/transporte_p%C3%BAblico-line-0_400-Brasilia-1702-851943-481325-0,-1.0,-15.813915,-48.002721,,,,1,2023-06-15T12:44:58+00:00
BRA_711004,Brasília,5300108,,São José,0.406,https://moovitapp.com/index/pt-br/transporte_p%C3%BAblico-line-0_406-Brasilia-1702-851943-717430-0,-1.0,-15.671668,-48.199216,,,,2,2023-06-15T12:44:24+00:00
BRA_500321,Brasília,5300108,,São José,0.402,https://moovitapp.com/index/pt-br/transporte_p%C3%BAblico-line-0_402-Brasilia-1702-851943-781335-0,-1.0,-15.657598,-48.199699,,,,1,2023-06-15T12:45:44+00:00
BRA_500054,Brasília,5300108,,São José,0.421,https://moovitapp.com/index/pt-br/transporte_p%C3%BAblico-line-0_421-Brasilia-1702-851943-476299-0,-1.0,-15.667481,-48.180689,,,,1,2023-06-15T12:45:20+00:00
BRA_76163,Brasília,5300108,,São José,928.1,https://moovitapp.com/index/pt-br/transporte_p%C3%BAblico-line-928_1-Brasilia-1702-851943-707067-0,-1.0,-15.819055,-48.10807,,,,1,2023-06-15T12:45:38+00:00
BRA_78182,Brasília,5300108,,São José,0.360,https://moovitapp.com/index/pt-br/transporte_p%C3%BAblico-line-0_360-Brasilia-1702-851943-707000-0,-1.0,-15.805821,-48.070178,,,,1,2023-06-15T12:44:38+00:00
BRA_75710,Brasília,5300108,,São José,364.3,https://moovitapp.com/index/pt-br/transporte_p%C3%BAblico-line-364_3-Brasilia-1702-851943-707051-0,-1.0,-15.822069,-48.113824,,,,1,2023-06-15T12:45:06+00:00
BRA_500143,Brasília,5300108,,São José,0.420,https://moovitapp.com/index/pt-br/transporte_p%C3%BAblico-line-0_420-Brasilia-1702-851943-783026-0,-1.0,-15.81052,-47.993811,,,,1,2023-06-14T22:29:46+00:00
BRA_711306,Brasília,5300108,,São José,158.6,https://moovitapp.com/index/pt-br/transporte_p%C3%BAblico-line-158_6-Brasilia-1702-851943-427161-0,-1.0,-15.77994,-47.994428,,,,1,2023-06-15T12:35:44+00:00
BRA_77330,Brasília,5300108,,Urbi,084.1,https://moovitapp.com/index/pt-br/transporte_p%C3%BAblico-line-084_1-Brasilia-1702-851595-466292-0,-1.0,-15.821385,-47.950438,,,,1,2023-06-15T10:54:32+00:00
BRA_77721,Brasília,5300108,,Urbi,084.1,https://moovitapp.com/index/pt-br/transporte_p%C3%BAblico-line-084_1-Brasilia-1702-851595-466292-0,-1.0,-15.870379,-47.973415,,,,2,2023-06-15T12:44:44+00:00
BRA_77321,Brasília,5300108,,Urbi,086.1,https://moovitapp.com/index/pt-br/transporte_p%C3%BAblico-line-086_1-Brasilia-1702-851595-481321-0,-1.0,-15.801735,-47.950476,,,,1,2023-06-15T12:44:40+00:00
BRA_79693,Brasília,5300108,,São José,0.041,https://moovitapp.com/index/pt-br/transporte_p%C3%BAblico-line-0_041-Brasilia-1702-851943-781334-0,-1.0,-15.796266,-48.055402,,,,1,2023-06-15T12:32:14+00:00
BRA_77607,Brasília,5300108,,Urbi,0.053,https://moovitapp.com/index/pt-br/transporte_p%C3%BAblico-line-0_053-Brasilia-1702-851595-588803-0,-1.0,-15.881529,-48.095615,,,,1,2023-06-15T12:39:26+00:00
BRA_77585,Brasília,5300108,,Urbi,0.053,https://moovitapp.com/index/pt-br/transporte_p%C3%BAblico-line-0_053-Brasilia-1702-851595-588803-0,-1.0,-15.898649,-48.129248,,,,1,2023-06-15T12:45:24+00:00
BRA_711250,Brasília,5300108,,São José,0.092,https://moovitapp.com/index/pt-br/transporte_p%C3%BAblico-line-0_092-Brasilia-1702-851943-496589-0,-1.0,-15.818473,-47.985095,,,,2,2023-06-15T12:13:16+00:00
BRA_711292,Brasília,5300108,,São José,0.092,https://moovitapp.com/index/pt-br/transporte_p%C3%BAblico-line-0_092-Brasilia-1702-851943-496589-0,-1.0,-15.820684,-47.986837,,,,2,2023-06-15T12:45:36+00:00
BRA_710962,Brasília,5300108,,São José,406.1,https://moovitapp.com/index/pt-br/transporte_p%C3%BAblico-line-406_1-Brasilia-1702-851943-707061-0,-1.0,-15.686833,-48.195624,,,,1,2023-06-15T12:45:08+00:00
BRA_79197,Brasília,5300108,,São José,406.1,https://moovitapp.com/index/pt-br/transporte_p%C3%BAblico-line-406_1-Brasilia-1702-851943-707061-0,-1.0,-15.681186,-48.190449,,,,1,2023-06-15T10:58:16+00:00
BRA_77534,Brasília,5300108,,Urbi,0.960,https://moovitapp.com/index/pt-br/transporte_p%C3%BAblico-line-0_960-Brasilia-1702-851595-29427890-0,-1.0,-15.811788,-48.093962,,,,1,2023-06-15T00:47:00+00:00
BRA_77909,Brasília,5300108,,São José,963.1,https://moovitapp.com/index/pt-br/transporte_p%C3%BAblico-line-963_1-Brasilia-1702-851943-669629-0,-1.0,-15.798467,-48.178935,,,,2,2023-06-15T12:44:40+00:00
BRA_79189,Brasília,5300108,,Urbi,0.886,https://moovitapp.com/index/pt-br/transporte_p%C3%BAblico-line-0_886-Brasilia-1702-851595-704024-0,-1.0,-15.817871,-48.105133,,,,1,2023-06-14T22:31:20+00:00
BRA_79031,Brasília,5300108,,São José,0.551,https://moovitapp.com/index/pt-br/transporte_p%C3%BAblico-line-0_551-Brasilia-1702-851943-775146-0,-1.0,-15.821009,-47.918331,,,,1,2023-06-15T11:47:08+00:00
BRA_711039,Brasília,5300108,,São José,423.1,https://moovitapp.com/index/pt-br/transporte_p%C3%BAblico-line-423_1-Brasilia-1702-851943-1399511-0,-1.0,-15.674896,-48.105127,,,,1,2023-06-15T09:58:54+00:00
BRA_79901,Brasília,5300108,,São José,929.1,https://moovitapp.com/index/pt-br/transporte_p%C3%BAblico-line-929_1-Brasilia-1702-851943-5294764-0,-1.0,-15.803922,-48.129808,,,,1,2023-06-15T12:44:30+00:00
BRA_120553,Brasília,5300108,,Piracicabana,0.116,https://moovitapp.com/index/pt-br/transporte_p%C3%BAblico-line-0_116-Brasilia-1702-850942-242381-0,-1.0,-15.77448,-47.90736,,,,1,2023-06-12T08:11:22+00:00
BRA_118036,Brasília,5300108,,Piracicabana,600.7,https://moovitapp.com/index/pt-br/transporte_p%C3%BAblico-line-600_7-Brasilia-1702-850942-698442-0,-1.0,-15.71441,-47.89216,,,,,2023-06-12T15:59:47+00:00
BRA_119954,Brasília,5300108,,Piracicabana,0.128,https://moovitapp.com/index/pt-br/transporte_p%C3%BAblico-line-0_128-Brasilia-1702-850942-382511-0,-1.0,-15.80656,-47.89925,,,,1,2023-06-13T22:09:14+00:00
BRA_119156,Brasília,5300108,,Piracicabana,063.1,https://moovitapp.com/index/pt-br/transporte_p%C3%BAblico-line-063_1-Brasilia-1702-850942-339291-0,-1.0,-15.78566,-47.88765,,,,1,2023-06-14T00:26:39+00:00
BRA_118630,Brasília,5300108,,Piracicabana,640.2,https://moovitapp.com/index/pt-br/transporte_p%C3%BAblico-line-640_2-Brasilia-1702-850942-697957-0,-1.0,-15.64374,-47.76155,,,,,2023-06-14T19:15:02+00:00
BRA_117757,Brasília,5300108,,Piracicabana,136.6,https://moovitapp.com/index/pt-br/transporte_p%C3%BAblico-line-136_6-Brasilia-1702-850942-773700-0,-1.0,-15.77512,-47.90994,,,,1,2023-06-14T19:17:01+00:00
BRA_118621,Brasília,5300108,,Piracicabana,0.109,https://moovitapp.com/index/pt-br/transporte_p%C3%BAblico-line-0_109-Brasilia-1702-850942-139332631-0,-1.0,-15.76309,-47.8909,,,,,2023-06-14T21:34:40+00:00
BRA_115304,Brasília,5300108,,Piracicabana,102.6,https://moovitapp.com/index/pt-br/transporte_p%C3%BAblico-line-102_6-Brasilia-1702-850942-775091-0,-1.0,-15.7995,-47.91544,,,,,2023-06-15T08:45:15+00:00
BRA_117544,Brasília,5300108,,Piracicabana,531.1,https://moovitapp.com/index/pt-br/transporte_p%C3%BAblico-line-531_1-Brasilia-1702-850942-476289-0,-1.0,-15.58662,-47.86214,,,,,2023-06-15T08:46:46+00:00
BRA_117854,Brasília,5300108,,Piracicabana,0.116,https://moovitapp.com/index/pt-br/transporte_p%C3%BAblico-line-0_116-Brasilia-1702-850942-242381-0,-1.0,-15.71759,-47.89806,,,,,2023-06-15T09:26:03+00:00
BRA_116751,Brasília,5300108,,Piracicabana,0.169,https://moovitapp.com/index/pt-br/transporte_p%C3%BAblico-line-0_169-Brasilia-1702-850942-242393-0,-1.0,-15.79552,-47.93385,,,,1,2023-06-15T09:34:49+00:00
BRA_118338,Brasília,5300108,,Piracicabana,143.2,https://moovitapp.com/index/pt-br/transporte_p%C3%BAblico-line-143_2-Brasilia-1702-850942-556806-0,-1.0,-15.7644,-47.96411,,,,,2023-06-15T09:58:37+00:00
BRA_117153,Brasília,5300108,,Piracicabana,501.3,https://moovitapp.com/index/pt-br/transporte_p%C3%BAblico-line-501_3-Brasilia-1702-850942-242472-0,-1.0,-15.77264,-47.88212,,,,,2023-06-15T10:44:57+00:00
BRA_118249,Brasília,5300108,,Piracicabana,107.1,https://moovitapp.com/index/pt-br/transporte_p%C3%BAblico-line-107_1-Brasilia-1702-850942-242434-0,-1.0,-15.76014,-47.89196,,,,,2023-06-15T10:50:48+00:00
BRA_117030,Brasília,5300108,,Piracicabana,601.2,https://moovitapp.com/index/pt-br/transporte_p%C3%BAblico-line-601_2-Brasilia-1702-850942-322378-0,-1.0,-15.62029,-47.65053,,,,,2023-06-15T10:53:21+00:00
BRA_119466,Brasília,5300108,,Piracicabana,512.1,https://moovitapp.com/index/pt-br/transporte_p%C3%BAblico-line-512_1-Brasilia-1702-850942-474401-0,-1.0,-15.71258,-47.89789,,,,,2023-06-15T11:24:34+00:00
BRA_117951,Brasília,5300108,,Piracicabana,0.116,https://moovitapp.com/index/pt-br/transporte_p%C3%BAblico-line-0_116-Brasilia-1702-850942-242381-0,-1.0,-15.78071,-47.88741,,,,1,2023-06-15T11:29:42+00:00
BRA_119041,Brasília,5300108,,Piracicabana,0.143,https://moovitapp.com/index/pt-br/transporte_p%C3%BAblico-line-0_143-Brasilia-1702-850942-470747-0,-1.0,-15.77221,-47.93765,,,,,2023-06-15T11:37:59+00:00
BRA_118125,Brasília,5300108,,Piracicabana,640.2,https://moovitapp.com/index/pt-br/transporte_p%C3%BAblico-line-640_2-Brasilia-1702-850942-697957-0,-1.0,-15.59503,-47.65657,,,,,2023-06-15T12:05:23+00:00
BRA_117901,Brasília,5300108,,Piracicabana,0.517,https://moovitapp.com/index/pt-br/transporte_p%C3%BAblico-line-0_517-Brasilia-1702-850942-242400-0,-1.0,-15.67716,-47.84546,,,,,2023-06-15T12:05:54+00:00
BRA_119181,Brasília,5300108,,Piracicabana,519.2,https://moovitapp.com/index/pt-br/transporte_p%C3%BAblico-line-519_2-Brasilia-1702-850942-242483-0,-1.0,-15.71754,-47.89814,,,,,2023-06-15T12:09:57+00:00
BRA_119563,Brasília,5300108,,Piracicabana,501.3,https://moovitapp.com/index/pt-br/transporte_p%C3%BAblico-line-501_3-Brasilia-1702-850942-242472-0,-1.0,-15.81643,-47.90123,,,,,2023-06-15T12:11:08+00:00
BRA_118397,Brasília,5300108,,Piracicabana,0.107,https://moovitapp.com/index/pt-br/transporte_p%C3%BAblico-line-0_107-Brasilia-1702-850942-242377-0,-1.0,-15.80387,-47.89688,,,,1,2023-06-15T12:12:41+00:00
BRA_120235,Brasília,5300108,,Piracicabana,620.1,https://moovitapp.com/index/pt-br/transporte_p%C3%BAblico-line-620_1-Brasilia-1702-850942-697955-0,-1.0,-15.64367,-47.75837,,,,,2023-06-15T12:17:29+00:00
BRA_119628,Brasília,5300108,,Piracicabana,512.1,https://moovitapp.com/index/pt-br/transporte_p%C3%BAblico-line-512_1-Brasilia-1702-850942-474401-0,-1.0,-15.71268,-47.89795,,,,,2023-06-15T12:19:59+00:00
BRA_119270,Brasília,5300108,,Piracicabana,501.3,https://moovitapp.com/index/pt-br/transporte_p%C3%BAblico-line-501_3-Brasilia-1702-850942-242472-0,-1.0,-15.70109,-47.88406,,,,,2023-06-15T12:25:46+00:00
BRA_119504,Brasília,5300108,,Piracicabana,0.501,https://moovitapp.com/index/pt-br/transporte_p%C3%BAblico-line-0_501-Brasilia-1702-850942-663228-0,-1.0,-15.64851,-47.78581,,,,1,2023-06-15T12:27:06+00:00
BRA_117331,Brasília,5300108,,Piracicabana,143.2,https://moovitapp.com/index/pt-br/transporte_p%C3%BAblico-line-143_2-Brasilia-1702-850942-556806-0,-1.0,-15.76169,-47.92062,,,,,2023-06-15T12:30:16+00:00
BRA_116840,Brasília,5300108,,Piracicabana,0.023,https://moovitapp.com/index/pt-br/transporte_p%C3%BAblico-line-0_023-Brasilia-1702-850942-775082-0,-1.0,-15.77416,-47.90788,,,,1,2023-06-15T12:31:11+00:00
BRA_119211,Brasília,5300108,,Piracicabana,0.104,https://moovitapp.com/index/pt-br/transporte_p%C3%BAblico-line-0_104-Brasilia-1702-850942-242376-0,-1.0,-15.79405,-47.88182,,,,1,2023-06-15T12:32:17+00:00
BRA_116556,Brasília,5300108,,Piracicabana,0.007,https://moovitapp.com/index/pt-br/transporte_p%C3%BAblico-line-0_007-Brasilia-1702-850942-775080-0,-1.0,-15.83667,-47.93401,,,,1,2023-06-15T12:32:20+00:00
BRA_120430,Brasília,5300108,,Piracicabana,0.143,https://moovitapp.com/index/pt-br/transporte_p%C3%BAblico-line-0_143-Brasilia-1702-850942-470747-0,-1.0,-15.76199,-47.92308,,,,,2023-06-15T12:32:41+00:00
BRA_120812,Brasília,5300108,,Piracicabana,136.9,https://moovitapp.com/index/pt-br/transporte_p%C3%BAblico-line-136_9-Brasilia-1702-850942-773702-0,-1.0,-15.70547,-47.88051,,,,1,2023-06-15T12:35:25+00:00
BRA_120782,Brasília,5300108,,Piracicabana,0.116,https://moovitapp.com/index/pt-br/transporte_p%C3%BAblico-line-0_116-Brasilia-1702-850942-242381-0,-1.0,-15.79298,-47.88509,,,,1,2023-06-15T12:36:22+00:00
BRA_116360,Brasília,5300108,,Piracicabana,066.5,https://moovitapp.com/index/pt-br/transporte_p%C3%BAblico-line-066_5-Brasilia-1702-850942-770026-0,-1.0,-15.61865,-47.65372,,,,1,2023-06-15T12:36:36+00:00
BRA_117684,Brasília,5300108,,Piracicabana,116.1,https://moovitapp.com/index/pt-br/transporte_p%C3%BAblico-line-116_1-Brasilia-1702-850942-476288-0,-1.0,-15.79333,-47.88174,,,,1,2023-06-15T12:38:05+00:00
BRA_119164,Brasília,5300108,,Piracicabana,0.517,https://moovitapp.com/index/pt-br/transporte_p%C3%BAblico-line-0_517-Brasilia-1702-850942-242400-0,-1.0,-15.72936,-47.89494,,,,,2023-06-15T12:38:08+00:00
BRA_118435,Brasília,5300108,,Piracicabana,0.617,https://moovitapp.com/index/pt-br/transporte_p%C3%BAblico-line-0_617-Brasilia-1702-850942-242417-0,-1.0,-15.8364,-47.93361,,,,1,2023-06-15T12:38:19+00:00
BRA_118206,Brasília,5300108,,Piracicabana,0.103,https://moovitapp.com/index/pt-br/transporte_p%C3%BAblico-line-0_103-Brasilia-1702-850942-335705-0,-1.0,-15.793,-47.88244,,,,1,2023-06-15T12:38:19+00:00
BRA_119890,Brasília,5300108,,Piracicabana,0.140,https://moovitapp.com/index/pt-br/transporte_p%C3%BAblico-line-0_140-Brasilia-1702-850942-242386-0,-1.0,-15.7939,-47.88179,,,,1,2023-06-15T12:38:48+00:00
BRA_119016,Brasília,5300108,,Piracicabana,0.110,https://moovitapp.com/index/pt-br/transporte_p%C3%BAblico-line-0_110-Brasilia-1702-850942-339284-0,-1.0,-15.79294,-47.88506,,,,1,2023-06-15T12:39:12+00:00
BRA_116815,Brasília,5300108,,Piracicabana,0.007,https://moovitapp.com/index/pt-br/transporte_p%C3%BAblico-line-0_007-Brasilia-1702-850942-775080-0,-1.0,-15.83648,-47.93309,,,,1,2023-06-15T12:39:29+00:00
BRA_116076,Brasília,5300108,,Piracicabana,0.109,https://moovitapp.com/index/pt-br/transporte_p%C3%BAblico-line-0_109-Brasilia-1702-850942-139332631-0,-1.0,-15.79506,-47.88115,,,,1,2023-06-15T12:40:05+00:00
BRA_116254,Brasília,5300108,,Piracicabana,601.5,https://moovitapp.com/index/pt-br/transporte_p%C3%BAblico-line-601_5-Brasilia-1702-850942-697953-0,-1.0,-15.61844,-47.65424,,,,1,2023-06-15T12:40:22+00:00
BRA_119610,Brasília,5300108,,Piracicabana,063.2,https://moovitapp.com/index/pt-br/transporte_p%C3%BAblico-line-063_2-Brasilia-1702-850942-137934615-0,-1.0,-15.65005,-47.78626,,,,1,2023-06-15T12:40:43+00:00
BRA_117595,Brasília,5300108,,Piracicabana,062.9,https://moovitapp.com/index/pt-br/transporte_p%C3%BAblico-line-062_9-Brasilia-1702-850942-77230028-0,-1.0,-15.65032,-47.78579,,,,,2023-06-15T12:40:47+00:00
BRA_120626,Brasília,5300108,,Piracicabana,116.2,https://moovitapp.com/index/pt-br/transporte_p%C3%BAblico-line-116_2-Brasilia-1702-850942-60842780-0,-1.0,-15.79377,-47.88295,,,,1,2023-06-15T12:40:53+00:00
BRA_120405,Brasília,5300108,,Piracicabana,0.504,https://moovitapp.com/index/pt-br/transporte_p%C3%BAblico-line-0_504-Brasilia-1702-850942-781321-0,-1.0,-15.61836,-47.65469,,,,1,2023-06-15T12:41:43+00:00
BRA_121100,Brasília,5300108,,Piracicabana,620.1,https://moovitapp.com/index/pt-br/transporte_p%C3%BAblico-line-620_1-Brasilia-1702-850942-697955-0,-1.0,-15.79399,-47.88203,,,,1,2023-06-15T12:42:09+00:00
BRA_118168,Brasília,5300108,,Piracicabana,0.116,https://moovitapp.com/index/pt-br/transporte_p%C3%BAblico-line-0_116-Brasilia-1702-850942-242381-0,-1.0,-15.75726,-47.87882,,,,,2023-06-15T12:42:34+00:00
BRA_119687,Brasília,5300108,,Piracicabana,0.501,https://moovitapp.com/index/pt-br/transporte_p%C3%BAblico-line-0_501-Brasilia-1702-850942-663228-0,-1.0,-15.64957,-47.78589,,,,1,2023-06-15T12:42:52+00:00
BRA_119202,Brasília,5300108,,Piracicabana,0.513,https://moovitapp.com/index/pt-br/transporte_p%C3%BAblico-line-0_513-Brasilia-1702-850942-242399-0,-1.0,-15.68886,-47.85844,,,,,2023-06-15T12:43:08+00:00
BRA_119547,Brasília,5300108,,Piracicabana,0.517,https://moovitapp.com/index/pt-br/transporte_p%C3%BAblico-line-0_517-Brasilia-1702-850942-242400-0,-1.0,-15.81211,-47.9059,,,,,2023-06-15T12:43:09+00:00
BRA_120219,Brasília,5300108,,Piracicabana,620.1,https://moovitapp.com/index/pt-br/transporte_p%C3%BAblico-line-620_1-Brasilia-1702-850942-697955-0,-1.0,-15.77855,-47.88004,,,,,2023-06-15T12:43:20+00:00
BRA_118001,Brasília,5300108,,Piracicabana,600.7,https://moovitapp.com/index/pt-br/transporte_p%C3%BAblico-line-600_7-Brasilia-1702-850942-698442-0,-1.0,-15.66191,-47.7992,,,,,2023-06-15T12:43:56+00:00
BRA_120669,Brasília,5300108,,Piracicabana,640.2,https://moovitapp.com/index/pt-br/transporte_p%C3%BAblico-line-640_2-Brasilia-1702-850942-697957-0,-1.0,-15.83556,-47.93216,,,,1,2023-06-15T12:43:57+00:00
BRA_118109,Brasília,5300108,,Piracicabana,505.8,https://moovitapp.com/index/pt-br/transporte_p%C3%BAblico-line-505_8-Brasilia-1702-850942-339297-0,-1.0,-15.66676,-47.85013,,,,,2023-06-15T12:44:00+00:00
BRA_116335,Brasília,5300108,,Piracicabana,611.1,https://moovitapp.com/index/pt-br/transporte_p%C3%BAblico-line-611_1-Brasilia-1702-850942-25771161-0,-1.0,-15.65626,-47.60835,,,,,2023-06-15T12:44:01+00:00
BRA_116955,Brasília,5300108,,Piracicabana,601.1,https://moovitapp.com/index/pt-br/transporte_p%C3%BAblico-line-601_1-Brasilia-1702-850942-322377-0,-1.0,-15.61677,-47.63403,,,,1,2023-06-15T12:44:05+00:00
BRA_120928,Brasília,5300108,,Piracicabana,099.1,https://moovitapp.com/index/pt-br/transporte_p%C3%BAblico-line-099_1-Brasilia-1702-850942-775090-0,-1.0,-15.79559,-47.9338,,,,1,2023-06-15T12:44:11+00:00
BRA_119598,Brasília,5300108,,Piracicabana,0.509,https://moovitapp.com/index/pt-br/transporte_p%C3%BAblico-line-0_509-Brasilia-1702-850942-242397-0,-1.0,-15.69589,-47.87445,,,,,2023-06-15T12:44:16+00:00
BRA_120481,Brasília,5300108,,Piracicabana,115.1,https://moovitapp.com/index/pt-br/transporte_p%C3%BAblico-line-115_1-Brasilia-1702-850942-242436-0,-1.0,-15.73598,-47.88544,,,,,2023-06-15T12:44:17+00:00
BRA_119105,Brasília,5300108,,Piracicabana,0.517,https://moovitapp.com/index/pt-br/transporte_p%C3%BAblico-line-0_517-Brasilia-1702-850942-242400-0,-1.0,-15.71721,-47.8982,,,,,2023-06-15T12:44:21+00:00
BRA_117871,Brasília,5300108,,Piracicabana,519.2,https://moovitapp.com/index/pt-br/transporte_p%C3%BAblico-line-519_2-Brasilia-1702-850942-242483-0,-1.0,-15.83389,-47.92588,,,,,2023-06-15T12:44:23+00:00
BRA_116301,Brasília,5300108,,Piracicabana,601.2,https://moovitapp.com/index/pt-br/transporte_p%C3%BAblico-line-601_2-Brasilia-1702-850942-322378-0,-1.0,-15.61855,-47.65392,,,,1,2023-06-15T12:44:25+00:00
BRA_120316,Brasília,5300108,,Piracicabana,0.501,https://moovitapp.com/index/pt-br/transporte_p%C3%BAblico-line-0_501-Brasilia-1702-850942-663228-0,-1.0,-15.68908,-47.86002,,,,,2023-06-15T12:44:28+00:00
BRA_117366,Brasília,5300108,,Piracicabana,158.1,https://moovitapp.com/index/pt-br/transporte_p%C3%BAblico-line-158_1-Brasilia-1702-850942-775094-0,-1.0,-15.78365,-47.91195,,,,,2023-06-15T12:44:29+00:00
BRA_120057,Brasília,5300108,,Piracicabana,158.1,https://moovitapp.com/index/pt-br/transporte_p%C3%BAblico-line-158_1-Brasilia-1702-850942-775094-0,-1.0,-15.81485,-47.90979,,,,1,2023-06-15T12:44:33+00:00
BRA_120995,Brasília,5300108,,Piracicabana,0.116,https://moovitapp.com/index/pt-br/transporte_p%C3%BAblico-line-0_116-Brasilia-1702-850942-242381-0,-1.0,-15.78413,-47.88752,,,,1,2023-06-15T12:44:34+00:00
BRA_120260,Brasília,5300108,,Piracicabana,116.2,https://moovitapp.com/index/pt-br/transporte_p%C3%BAblico-line-116_2-Brasilia-1702-850942-60842780-0,-1.0,-15.73902,-47.89883,,,,1,2023-06-15T12:44:36+00:00
BRA_119717,Brasília,5300108,,Piracicabana,518.2,https://moovitapp.com/index/pt-br/transporte_p%C3%BAblico-line-518_2-Brasilia-1702-850942-135878259-0,-1.0,-15.7672,-47.86898,,,,,2023-06-15T12:44:37+00:00
BRA_119831,Brasília,5300108,,Piracicabana,105.2,https://moovitapp.com/index/pt-br/transporte_p%C3%BAblico-line-105_2-Brasilia-1702-850942-12015265-0,-1.0,-15.73465,-47.89793,,,,,2023-06-15T12:44:38+00:00
BRA_116793,Brasília,5300108,,Piracicabana,0.035,https://moovitapp.com/index/pt-br/transporte_p%C3%BAblico-line-0_035-Brasilia-1702-850942-775084-0,-1.0,-15.81029,-47.94221,,,,,2023-06-15T12:44:38+00:00
BRA_116645,Brasília,5300108,,Piracicabana,0.032,https://moovitapp.com/index/pt-br/transporte_p%C3%BAblico-line-0_032-Brasilia-1702-850942-786257-0,-1.0,-15.79223,-47.88986,,,,,2023-06-15T12:44:39+00:00
BRA_118222,Brasília,5300108,,Piracicabana,0.114,https://moovitapp.com/index/pt-br/transporte_p%C3%BAblico-line-0_114-Brasilia-1702-850942-242379-0,-1.0,-15.79384,-47.8829,,,,1,2023-06-15T12:44:39+00:00
BRA_119067,Brasília,5300108,,Piracicabana,501.3,https://moovitapp.com/index/pt-br/transporte_p%C3%BAblico-line-501_3-Brasilia-1702-850942-242472-0,-1.0,-15.63398,-47.82681,,,,,2023-06-15T12:44:39+00:00
BRA_120448,Brasília,5300108,,Piracicabana,162.1,https://moovitapp.com/index/pt-br/transporte_p%C3%BAblico-line-162_1-Brasilia-1702-850942-762425-0,-1.0,-15.83922,-47.95284,,,,,2023-06-15T12:44:40+00:00
BRA_120251,Brasília,5300108,,Piracicabana,0.114,https://moovitapp.com/index/pt-br/transporte_p%C3%BAblico-line-0_114-Brasilia-1702-850942-242379-0,-1.0,-15.79679,-47.87705,,,,,2023-06-15T12:44:41+00:00
BRA_116211,Brasília,5300108,,Piracicabana,601.2,https://moovitapp.com/index/pt-br/transporte_p%C3%BAblico-line-601_2-Brasilia-1702-850942-322378-0,-1.0,-15.61858,-47.65382,,,,,2023-06-15T12:44:41+00:00
BRA_116084,Brasília,5300108,,Piracicabana,0.109,https://moovitapp.com/index/pt-br/transporte_p%C3%BAblico-line-0_109-Brasilia-1702-850942-139332631-0,-1.0,-15.79407,-47.88054,,,,1,2023-06-15T12:44:42+00:00
BRA_116459,Brasília,5300108,,Piracicabana,0.151,https://moovitapp.com/index/pt-br/transporte_p%C3%BAblico-line-0_151-Brasilia-1702-850942-775087-0,-1.0,-15.78836,-47.93779,,,,,2023-06-15T12:44:42+00:00
BRA_116548,Brasília,5300108,,Piracicabana,0.032,https://moovitapp.com/index/pt-br/transporte_p%C3%BAblico-line-0_032-Brasilia-1702-850942-786257-0,-1.0,-15.79824,-47.87251,,,,,2023-06-15T12:44:42+00:00
BRA_116921,Brasília,5300108,,Piracicabana,0.022,https://moovitapp.com/index/pt-br/transporte_p%C3%BAblico-line-0_022-Brasilia-1702-850942-788975-0,-1.0,-15.78697,-47.88012,,,,,2023-06-15T12:44:42+00:00
BRA_120421,Brasília,5300108,,Piracicabana,600.7,https://moovitapp.com/index/pt-br/transporte_p%C3%BAblico-line-600_7-Brasilia-1702-850942-698442-0,-1.0,-15.83129,-47.93075,,,,,2023-06-15T12:44:42+00:00
BRA_120863,Brasília,5300108,,Piracicabana,099.1,https://moovitapp.com/index/pt-br/transporte_p%C3%BAblico-line-099_1-Brasilia-1702-850942-775090-0,-1.0,-15.81224,-47.98648,,,,,2023-06-15T12:44:42+00:00
BRA_119636,Brasília,5300108,,Piracicabana,152.2,https://moovitapp.com/index/pt-br/transporte_p%C3%BAblico-line-152_2-Brasilia-1702-850942-504334-0,-1.0,-15.79376,-47.88316,,,,1,2023-06-15T12:44:42+00:00
BRA_119440,Brasília,5300108,,Piracicabana,0.509,https://moovitapp.com/index/pt-br/transporte_p%C3%BAblico-line-0_509-Brasilia-1702-850942-242397-0,-1.0,-15.82969,-47.92934,,,,,2023-06-15T12:44:42+00:00
BRA_120651,Brasília,5300108,,Piracicabana,501.3,https://moovitapp.com/index/pt-br/transporte_p%C3%BAblico-line-501_3-Brasilia-1702-850942-242472-0,-1.0,-15.74881,-47.88766,,,,,2023-06-15T12:44:43+00:00
BRA_120294,Brasília,5300108,,Piracicabana,103.2,https://moovitapp.com/index/pt-br/transporte_p%C3%BAblico-line-103_2-Brasilia-1702-850942-474397-0,-1.0,-15.79722,-47.89174,,,,,2023-06-15T12:44:43+00:00
BRA_118257,Brasília,5300108,,Piracicabana,0.110,https://moovitapp.com/index/pt-br/transporte_p%C3%BAblico-line-0_110-Brasilia-1702-850942-339284-0,-1.0,-15.79666,-47.87516,,,,,2023-06-15T12:44:43+00:00
BRA_118290,Brasília,5300108,,Piracicabana,0.110,https://moovitapp.com/index/pt-br/transporte_p%C3%BAblico-line-0_110-Brasilia-1702-850942-339284-0,-1.0,-15.79448,-47.88254,,,,1,2023-06-15T12:44:44+00:00
BRA_120189,Brasília,5300108,,Piracicabana,0.617,https://moovitapp.com/index/pt-br/transporte_p%C3%BAblico-line-0_617-Brasilia-1702-850942-242417-0,-1.0,-15.83405,-47.92316,,,,,2023-06-15T12:44:44+00:00
BRA_120774,Brasília,5300108,,Piracicabana,158.1,https://moovitapp.com/index/pt-br/transporte_p%C3%BAblico-line-158_1-Brasilia-1702-850942-775094-0,-1.0,-15.78522,-47.9908,,,,,2023-06-15T12:44:44+00:00
BRA_119911,Brasília,5300108,,Piracicabana,104.1,https://moovitapp.com/index/pt-br/transporte_p%C3%BAblico-line-104_1-Brasilia-1702-850942-242430-0,-1.0,-15.79801,-47.87304,,,,,2023-06-15T12:44:44+00:00
BRA_118541,Brasília,5300108,,Piracicabana,136.7,https://moovitapp.com/index/pt-br/transporte_p%C3%BAblico-line-136_7-Brasilia-1702-850942-242451-0,-1.0,-15.80999,-47.88423,,,,,2023-06-15T12:44:45+00:00
BRA_119474,Brasília,5300108,,Piracicabana,0.517,https://moovitapp.com/index/pt-br/transporte_p%C3%BAblico-line-0_517-Brasilia-1702-850942-242400-0,-1.0,-15.63935,-47.85057,,,,,2023-06-15T12:44:45+00:00
BRA_119032,Brasília,5300108,,Piracicabana,0.143,https://moovitapp.com/index/pt-br/transporte_p%C3%BAblico-line-0_143-Brasilia-1702-850942-470747-0,-1.0,-15.75941,-47.94647,,,,,2023-06-15T12:44:45+00:00
BRA_120766,Brasília,5300108,,Piracicabana,156.6,https://moovitapp.com/index/pt-br/transporte_p%C3%BAblico-line-156_6-Brasilia-1702-850942-516629-0,-1.0,-15.84614,-47.97012,,,,,2023-06-15T12:44:45+00:00
BRA_121053,Brasília,5300108,,Piracicabana,640.2,https://moovitapp.com/index/pt-br/transporte_p%C3%BAblico-line-640_2-Brasilia-1702-850942-697957-0,-1.0,-15.61838,-47.6546,,,,,2023-06-15T12:44:45+00:00
BRA_116611,Brasília,5300108,,Piracicabana,062.8,https://moovitapp.com/index/pt-br/transporte_p%C3%BAblico-line-062_8-Brasilia-1702-850942-393556-0,-1.0,-15.64057,-47.82505,,,,,2023-06-15T12:44:45+00:00
BRA_115321,Brasília,5300108,,Piracicabana,102.6,https://moovitapp.com/index/pt-br/transporte_p%C3%BAblico-line-102_6-Brasilia-1702-850942-775091-0,-1.0,-15.86851,-47.92253,,,,,2023-06-15T12:44:45+00:00
BRA_120979,Brasília,5300108,,Piracicabana,640.2,https://moovitapp.com/index/pt-br/transporte_p%C3%BAblico-line-640_2-Brasilia-1702-850942-697957-0,-1.0,-15.60186,-47.68191,,,,1,2023-06-15T12:44:46+00:00
BRA_118362,Brasília,5300108,,Piracicabana,115.2,https://moovitapp.com/index/pt-br/transporte_p%C3%BAblico-line-115_2-Brasilia-1702-850942-476287-0,-1.0,-15.79386,-47.88654,,,,,2023-06-15T12:44:47+00:00
BRA_117668,Brasília,5300108,,Piracicabana,0.109,https://moovitapp.com/index/pt-br/transporte_p%C3%BAblico-line-0_109-Brasilia-1702-850942-139332631-0,-1.0,-15.79124,-47.89694,,,,,2023-06-15T12:44:48+00:00
BRA_118788,Brasília,5300108,,Piracicabana,0.103,https://moovitapp.com/index/pt-br/transporte_p%C3%BAblico-line-0_103-Brasilia-1702-850942-335705-0,-1.0,-15.8359,-47.92693,,,,,2023-06-15T12:44:48+00:00
BRA_119121,Brasília,5300108,,Piracicabana,136.9,https://moovitapp.com/index/pt-br/transporte_p%C3%BAblico-line-136_9-Brasilia-1702-850942-773702-0,-1.0,-15.79293,-47.88319,,,,,2023-06-15T12:44:49+00:00
BRA_119784,Brasília,5300108,,Piracicabana,066.2,https://moovitapp.com/index/pt-br/transporte_p%C3%BAblico-line-066_2-Brasilia-1702-850942-339293-0,-1.0,-15.61371,-47.69407,,,,,2023-06-15T12:44:49+00:00
BRA_116866,Brasília,5300108,,Piracicabana,0.022,https://moovitapp.com/index/pt-br/transporte_p%C3%BAblico-line-0_022-Brasilia-1702-850942-788975-0,-1.0,-15.79915,-47.88919,,,,,2023-06-15T12:44:49+00:00
BRA_118419,Brasília,5300108,,Piracicabana,116.2,https://moovitapp.com/index/pt-br/transporte_p%C3%BAblico-line-116_2-Brasilia-1702-850942-60842780-0,-1.0,-15.78574,-47.9119,,,,,2023-06-15T12:44:50+00:00
BRA_120499,Brasília,5300108,,Piracicabana,0.150,https://moovitapp.com/index/pt-br/transporte_p%C3%BAblico-line-0_150-Brasilia-1702-850942-775086-0,-1.0,-15.80532,-47.88987,,,,,2023-06-15T12:44:50+00:00
BRA_118796,Brasília,5300108,,Piracicabana,0.110,https://moovitapp.com/index/pt-br/transporte_p%C3%BAblico-line-0_110-Brasilia-1702-850942-339284-0,-1.0,-15.76695,-47.86909,,,,,2023-06-15T12:44:50+00:00
BRA_119946,Brasília,5300108,,Piracicabana,140.1,https://moovitapp.com/index/pt-br/transporte_p%C3%BAblico-line-140_1-Brasilia-1702-850942-408805-0,-1.0,-15.79018,-47.8435,,,,,2023-06-15T12:44:50+00:00
BRA_118923,Brasília,5300108,,Piracicabana,152.2,https://moovitapp.com/index/pt-br/transporte_p%C3%BAblico-line-152_2-Brasilia-1702-850942-504334-0,-1.0,-15.79502,-47.91248,,,,,2023-06-15T12:44:51+00:00
BRA_119733,Brasília,5300108,,Piracicabana,600.7,https://moovitapp.com/index/pt-br/transporte_p%C3%BAblico-line-600_7-Brasilia-1702-850942-698442-0,-1.0,-15.74311,-47.89097,,,,,2023-06-15T12:44:51+00:00
BRA_118745,Brasília,5300108,,Piracicabana,110.2,https://moovitapp.com/index/pt-br/transporte_p%C3%BAblico-line-110_2-Brasilia-1702-850942-339295-0,-1.0,-15.76208,-47.87535,,,,,2023-06-15T12:44:51+00:00
BRA_120880,Brasília,5300108,,Piracicabana,158.1,https://moovitapp.com/index/pt-br/transporte_p%C3%BAblico-line-158_1-Brasilia-1702-850942-775094-0,-1.0,-15.80332,-47.96255,,,,,2023-06-15T12:44:51+00:00
BRA_121096,Brasília,5300108,,Piracicabana,640.2,https://moovitapp.com/index/pt-br/transporte_p%C3%BAblico-line-640_2-Brasilia-1702-850942-697957-0,-1.0,-15.80405,-47.89662,,,,,2023-06-15T12:44:51+00:00
BRA_116467,Brasília,5300108,,Piracicabana,0.007,https://moovitapp.com/index/pt-br/transporte_p%C3%BAblico-line-0_007-Brasilia-1702-850942-775080-0,-1.0,-15.82749,-47.92683,,,,,2023-06-15T12:44:51+00:00
BRA_116998,Brasília,5300108,,Piracicabana,601.6,https://moovitapp.com/index/pt-br/transporte_p%C3%BAblico-line-601_6-Brasilia-1702-850942-697954-0,-1.0,-15.62639,-47.65045,,,,,2023-06-15T12:44:52+00:00
BRA_118079,Brasília,5300108,,Piracicabana,064.1,https://moovitapp.com/index/pt-br/transporte_p%C3%BAblico-line-064_1-Brasilia-1702-850942-339292-0,-1.0,-15.6063,-47.64774,,,,,2023-06-15T12:44:52+00:00
BRA_118176,Brasília,5300108,,Piracicabana,066.4,https://moovitapp.com/index/pt-br/transporte_p%C3%BAblico-line-066_4-Brasilia-1702-850942-763557-0,-1.0,-15.64818,-47.65926,,,,,2023-06-15T12:44:52+00:00
BRA_120685,Brasília,5300108,,Piracicabana,0.504,https://moovitapp.com/index/pt-br/transporte_p%C3%BAblico-line-0_504-Brasilia-1702-850942-781321-0,-1.0,-15.5985,-47.67688,,,,,2023-06-15T12:44:52+00:00
BRA_120472,Brasília,5300108,,Piracicabana,153.2,https://moovitapp.com/index/pt-br/transporte_p%C3%BAblico-line-153_2-Brasilia-1702-850942-775093-0,-1.0,-15.82126,-47.93631,,,,,2023-06-15T12:44:53+00:00
BRA_116441,Brasília,5300108,,Piracicabana,0.151,https://moovitapp.com/index/pt-br/transporte_p%C3%BAblico-line-0_151-Brasilia-1702-850942-775087-0,-1.0,-15.80597,-47.89872,,,,,2023-06-15T12:44:53+00:00
BRA_116939,Brasília,5300108,,Piracicabana,0.006,https://moovitapp.com/index/pt-br/transporte_p%C3%BAblico-line-0_006-Brasilia-1702-850942-775079-0,-1.0,-15.78804,-47.89496,,,,,2023-06-15T12:44:54+00:00
BRA_116319,Brasília,5300108,,Piracicabana,601.2,https://moovitapp.com/index/pt-br/transporte_p%C3%BAblico-line-601_2-Brasilia-1702-850942-322378-0,-1.0,-15.61155,-47.63415,,,,,2023-06-15T12:44:54+00:00
BRA_118842,Brasília,5300108,,Piracicabana,0.109,https://moovitapp.com/index/pt-br/transporte_p%C3%BAblico-line-0_109-Brasilia-1702-850942-139332631-0,-1.0,-15.79649,-47.87074,,,,,2023-06-15T12:44:54+00:00
BRA_120197,Brasília,5300108,,Piracicabana,616.8,https://moovitapp.com/index/pt-br/transporte_p%C3%BAblico-line-616_8-Brasilia-1702-850942-128977718-0,-1.0,-15.67287,-47.82028,,,,,2023-06-15T12:44:54+00:00
BRA_120308,Brasília,5300108,,Piracicabana,0.620,https://moovitapp.com/index/pt-br/transporte_p%C3%BAblico-line-0_620-Brasilia-1702-850942-470748-0,-1.0,-15.79401,-47.88181,,,,1,2023-06-15T12:44:54+00:00
BRA_121088,Brasília,5300108,,Piracicabana,136.7,https://moovitapp.com/index/pt-br/transporte_p%C3%BAblico-line-136_7-Brasilia-1702-850942-242451-0,-1.0,-15.76253,-47.87715,,,,,2023-06-15T12:44:54+00:00
BRA_118672,Brasília,5300108,,Piracicabana,600.7,https://moovitapp.com/index/pt-br/transporte_p%C3%BAblico-line-600_7-Brasilia-1702-850942-698442-0,-1.0,-15.60293,-47.65426,,,,,2023-06-15T12:44:54+00:00
BRA_118818,Brasília,5300108,,Piracicabana,136.6,https://moovitapp.com/index/pt-br/transporte_p%C3%BAblico-line-136_6-Brasilia-1702-850942-773700-0,-1.0,-15.70723,-47.88085,,,,,2023-06-15T12:44:54+00:00
BRA_120324,Brasília,5300108,,Piracicabana,504.1,https://moovitapp.com/index/pt-br/transporte_p%C3%BAblico-line-504_1-Brasilia-1702-850942-242476-0,-1.0,-15.64996,-47.77324,,,,,2023-06-15T12:44:55+00:00
BRA_120138,Brasília,5300108,,Piracicabana,158.1,https://moovitapp.com/index/pt-br/transporte_p%C3%BAblico-line-158_1-Brasilia-1702-850942-775094-0,-1.0,-15.79306,-47.88226,,,,1,2023-06-15T12:44:55+00:00
BRA_116050,Brasília,5300108,,Piracicabana,0.501,https://moovitapp.com/index/pt-br/transporte_p%C3%BAblico-line-0_501-Brasilia-1702-850942-663228-0,-1.0,-15.7748,-47.88038,,,,,2023-06-15T12:44:55+00:00
BRA_120855,Brasília,5300108,,Piracicabana,158.1,https://moovitapp.com/index/pt-br/transporte_p%C3%BAblico-line-158_1-Brasilia-1702-850942-775094-0,-1.0,-15.82769,-47.92711,,,,,2023-06-15T12:44:56+00:00
BRA_120821,Brasília,5300108,,Piracicabana,0.136,https://moovitapp.com/index/pt-br/transporte_p%C3%BAblico-line-0_136-Brasilia-1702-850942-719957-0,-1.0,-15.72544,-47.89444,,,,,2023-06-15T12:44:56+00:00
BRA_118761,Brasília,5300108,,Piracicabana,152.2,https://moovitapp.com/index/pt-br/transporte_p%C3%BAblico-line-152_2-Brasilia-1702-850942-504334-0,-1.0,-15.79372,-47.88056,,,,,2023-06-15T12:44:56+00:00
BRA_118443,Brasília,5300108,,Piracicabana,116.2,https://moovitapp.com/index/pt-br/transporte_p%C3%BAblico-line-116_2-Brasilia-1702-850942-60842780-0,-1.0,-15.76781,-47.91266,,,,,2023-06-15T12:44:56+00:00
BRA_118699,Brasília,5300108,,Piracicabana,0.110,https://moovitapp.com/index/pt-br/transporte_p%C3%BAblico-line-0_110-Brasilia-1702-850942-339284-0,-1.0,-15.78904,-47.87339,,,,,2023-06-15T12:44:57+00:00
BRA_119423,Brasília,5300108,,Piracicabana,0.515,https://moovitapp.com/index/pt-br/transporte_p%C3%BAblico-line-0_515-Brasilia-1702-850942-26501707-0,-1.0,-15.61305,-47.95855,,,,,2023-06-15T12:44:57+00:00
BRA_120634,Brasília,5300108,,Piracicabana,0.504,https://moovitapp.com/index/pt-br/transporte_p%C3%BAblico-line-0_504-Brasilia-1702-850942-781321-0,-1.0,-15.62099,-47.66321,,,,,2023-06-15T12:44:57+00:00
BRA_120707,Brasília,5300108,,Piracicabana,620.1,https://moovitapp.com/index/pt-br/transporte_p%C3%BAblico-line-620_1-Brasilia-1702-850942-697955-0,-1.0,-15.65499,-47.78368,,,,,2023-06-15T12:44:57+00:00
BRA_120359,Brasília,5300108,,Piracicabana,0.110,https://moovitapp.com/index/pt-br/transporte_p%C3%BAblico-line-0_110-Brasilia-1702-850942-339284-0,-1.0,-15.79439,-47.87803,,,,,2023-06-15T12:44:57+00:00
BRA_119971,Brasília,5300108,,Piracicabana,0.150,https://moovitapp.com/index/pt-br/transporte_p%C3%BAblico-line-0_150-Brasilia-1702-850942-775086-0,-1.0,-15.80888,-47.93893,,,,,2023-06-15T12:44:58+00:00
BRA_119261,Brasília,5300108,,Piracicabana,062.7,https://moovitapp.com/index/pt-br/transporte_p%C3%BAblico-line-062_7-Brasilia-1702-850942-494154-0,-1.0,-15.65612,-47.7976,,,,,2023-06-15T12:44:58+00:00
BRA_119253,Brasília,5300108,,Piracicabana,063.1,https://moovitapp.com/index/pt-br/transporte_p%C3%BAblico-line-063_1-Brasilia-1702-850942-339291-0,-1.0,-15.64369,-47.81187,,,,,2023-06-15T12:44:58+00:00
BRA_119512,Brasília,5300108,,Piracicabana,0.509,https://moovitapp.com/index/pt-br/transporte_p%C3%BAblico-line-0_509-Brasilia-1702-850942-242397-0,-1.0,-15.64681,-47.77791,,,,,2023-06-15T12:44:58+00:00
BRA_117498,Brasília,5300108,,Piracicabana,0.515,https://moovitapp.com/index/pt-br/transporte_p%C3%BAblico-line-0_515-Brasilia-1702-850942-26501707-0,-1.0,-15.67791,-47.87178,,,,,2023-06-15T12:44:58+00:00
BRA_118087,Brasília,5300108,,Piracicabana,0.513,https://moovitapp.com/index/pt-br/transporte_p%C3%BAblico-line-0_513-Brasilia-1702-850942-242399-0,-1.0,-15.83106,-47.93048,,,,,2023-06-15T12:44:58+00:00
BRA_118354,Brasília,5300108,,Piracicabana,640.2,https://moovitapp.com/index/pt-br/transporte_p%C3%BAblico-line-640_2-Brasilia-1702-850942-697957-0,-1.0,-15.6848,-47.84848,,,,,2023-06-15T12:44:58+00:00
BRA_115339,Brasília,5300108,,Piracicabana,0.109,https://moovitapp.com/index/pt-br/transporte_p%C3%BAblico-line-0_109-Brasilia-1702-850942-139332631-0,-1.0,-15.78526,-47.90582,,,,,2023-06-15T12:44:58+00:00
BRA_116408,Brasília,5300108,,Piracicabana,0.007,https://moovitapp.com/index/pt-br/transporte_p%C3%BAblico-line-0_007-Brasilia-1702-850942-775080-0,-1.0,-15.79605,-47.87998,,,,1,2023-06-15T12:44:58+00:00
BRA_117617,Brasília,5300108,,Piracicabana,099.1,https://moovitapp.com/index/pt-br/transporte_p%C3%BAblico-line-099_1-Brasilia-1702-850942-775090-0,-1.0,-15.83343,-48.06074,,,,,2023-06-15T12:44:59+00:00
BRA_120120,Brasília,5300108,,Piracicabana,0.116,https://moovitapp.com/index/pt-br/transporte_p%C3%BAblico-line-0_116-Brasilia-1702-850942-242381-0,-1.0,-15.74647,-47.89643,,,,,2023-06-15T12:44:59+00:00
BRA_120839,Brasília,5300108,,Piracicabana,156.5,https://moovitapp.com/index/pt-br/transporte_p%C3%BAblico-line-156_5-Brasilia-1702-850942-242464-0,-1.0,-15.7894,-47.89152,,,,,2023-06-15T12:44:59+00:00
BRA_120561,Brasília,5300108,,Piracicabana,620.1,https://moovitapp.com/index/pt-br/transporte_p%C3%BAblico-line-620_1-Brasilia-1702-850942-697955-0,-1.0,-15.61996,-47.6553,,,,,2023-06-15T12:45:00+00:00
BRA_119857,Brasília,5300108,,Piracicabana,600.7,https://moovitapp.com/index/pt-br/transporte_p%C3%BAblico-line-600_7-Brasilia-1702-850942-698442-0,-1.0,-15.71324,-47.89824,,,,,2023-06-15T12:45:00+00:00
BRA_117111,Brasília,5300108,,Piracicabana,152.2,https://moovitapp.com/index/pt-br/transporte_p%C3%BAblico-line-152_2-Brasilia-1702-850942-504334-0,-1.0,-15.79673,-47.91307,,,,1,2023-06-15T12:45:00+00:00
BRA_118133,Brasília,5300108,,Piracicabana,106.2,https://moovitapp.com/index/pt-br/transporte_p%C3%BAblico-line-106_2-Brasilia-1702-850942-242433-0,-1.0,-15.79819,-47.87698,,,,,2023-06-15T12:45:00+00:00
BRA_118010,Brasília,5300108,,Piracicabana,600.7,https://moovitapp.com/index/pt-br/transporte_p%C3%BAblico-line-600_7-Brasilia-1702-850942-698442-0,-1.0,-15.83635,-47.93343,,,,1,2023-06-15T12:45:00+00:00
BRA_116521,Brasília,5300108,,Piracicabana,0.151,https://moovitapp.com/index/pt-br/transporte_p%C3%BAblico-line-0_151-Brasilia-1702-850942-775087-0,-1.0,-15.78279,-47.93439,,,,,2023-06-15T12:45:00+00:00
BRA_116629,Brasília,5300108,,Piracicabana,0.023,https://moovitapp.com/index/pt-br/transporte_p%C3%BAblico-line-0_023-Brasilia-1702-850942-775082-0,-1.0,-15.73617,-47.90737,,,,,2023-06-15T12:45:00+00:00
BRA_116807,Brasília,5300108,,Piracicabana,0.035,https://moovitapp.com/index/pt-br/transporte_p%C3%BAblico-line-0_035-Brasilia-1702-850942-775084-0,-1.0,-15.78427,-47.91694,,,,,2023-06-15T12:45:00+00:00
BRA_116734,Brasília,5300108,,Piracicabana,0.025,https://moovitapp.com/index/pt-br/transporte_p%C3%BAblico-line-0_025-Brasilia-1702-850942-11857219-0,-1.0,-15.78618,-47.90081,,,,1,2023-06-15T12:45:00+00:00
BRA_116653,Brasília,5300108,,Piracicabana,0.007,https://moovitapp.com/index/pt-br/transporte_p%C3%BAblico-line-0_007-Brasilia-1702-850942-775080-0,-1.0,-15.74171,-47.88367,,,,,2023-06-15T12:45:01+00:00
BRA_116831,Brasília,5300108,,Piracicabana,0.007,https://moovitapp.com/index/pt-br/transporte_p%C3%BAblico-line-0_007-Brasilia-1702-850942-775080-0,-1.0,-15.81321,-47.90723,,,,,2023-06-15T12:45:01+00:00
BRA_116092,Brasília,5300108,,Piracicabana,066.2,https://moovitapp.com/index/pt-br/transporte_p%C3%BAblico-line-066_2-Brasilia-1702-850942-339293-0,-1.0,-15.60342,-47.68983,,,,,2023-06-15T12:45:01+00:00
BRA_118061,Brasília,5300108,,Piracicabana,0.152,https://moovitapp.com/index/pt-br/transporte_p%C3%BAblico-line-0_152-Brasilia-1702-850942-504333-0,-1.0,-15.79392,-47.88298,,,,1,2023-06-15T12:45:01+00:00
BRA_117412,Brasília,5300108,,Piracicabana,0.168,https://moovitapp.com/index/pt-br/transporte_p%C3%BAblico-line-0_168-Brasilia-1702-850942-242392-0,-1.0,-15.7848,-47.93827,,,,,2023-06-15T12:45:01+00:00
BRA_118834,Brasília,5300108,,Piracicabana,0.109,https://moovitapp.com/index/pt-br/transporte_p%C3%BAblico-line-0_109-Brasilia-1702-850942-139332631-0,-1.0,-15.80033,-47.86186,,,,,2023-06-15T12:45:01+00:00
BRA_117056,Brasília,5300108,,Piracicabana,0.031,https://moovitapp.com/index/pt-br/transporte_p%C3%BAblico-line-0_031-Brasilia-1702-850942-786256-0,-1.0,-15.75032,-47.88103,,,,,2023-06-15T12:45:01+00:00
BRA_118958,Brasília,5300108,,Piracicabana,640.2,https://moovitapp.com/index/pt-br/transporte_p%C3%BAblico-line-640_2-Brasilia-1702-850942-697957-0,-1.0,-15.60358,-47.6847,,,,,2023-06-15T12:45:01+00:00
BRA_120545,Brasília,5300108,,Piracicabana,107.1,https://moovitapp.com/index/pt-br/transporte_p%C3%BAblico-line-107_1-Brasilia-1702-850942-242434-0,-1.0,-15.81588,-47.91067,,,,,2023-06-15T12:45:01+00:00
BRA_120642,Brasília,5300108,,Piracicabana,504.1,https://moovitapp.com/index/pt-br/transporte_p%C3%BAblico-line-504_1-Brasilia-1702-850942-242476-0,-1.0,-15.60057,-47.68056,,,,1,2023-06-15T12:45:01+00:00
BRA_118826,Brasília,5300108,,Piracicabana,0.110,https://moovitapp.com/index/pt-br/transporte_p%C3%BAblico-line-0_110-Brasilia-1702-850942-339284-0,-1.0,-15.76109,-47.87448,,,,,2023-06-15T12:45:02+00:00
BRA_119342,Brasília,5300108,,Piracicabana,136.6,https://moovitapp.com/index/pt-br/transporte_p%C3%BAblico-line-136_6-Brasilia-1702-850942-773700-0,-1.0,-15.80163,-47.89485,,,,,2023-06-15T12:45:02+00:00
BRA_118524,Brasília,5300108,,Piracicabana,0.143,https://moovitapp.com/index/pt-br/transporte_p%C3%BAblico-line-0_143-Brasilia-1702-850942-470747-0,-1.0,-15.77589,-47.93821,,,,,2023-06-15T12:45:02+00:00
BRA_119962,Brasília,5300108,,Piracicabana,0.128,https://moovitapp.com/index/pt-br/transporte_p%C3%BAblico-line-0_128-Brasilia-1702-850942-382511-0,-1.0,-15.79194,-47.89029,,,,,2023-06-15T12:45:02+00:00
BRA_117021,Brasília,5300108,,Piracicabana,0.031,https://moovitapp.com/index/pt-br/transporte_p%C3%BAblico-line-0_031-Brasilia-1702-850942-786256-0,-1.0,-15.80403,-47.89659,,,,,2023-06-15T12:45:02+00:00
BRA_117196,Brasília,5300108,,Piracicabana,505.8,https://moovitapp.com/index/pt-br/transporte_p%C3%BAblico-line-505_8-Brasilia-1702-850942-339297-0,-1.0,-15.6436,-47.78782,,,,,2023-06-15T12:45:02+00:00
BRA_118851,Brasília,5300108,,Piracicabana,0.109,https://moovitapp.com/index/pt-br/transporte_p%C3%BAblico-line-0_109-Brasilia-1702-850942-139332631-0,-1.0,-15.79011,-47.88948,,,,,2023-06-15T12:45:02+00:00
BRA_116602,Brasília,5300108,,Piracicabana,0.168,https://moovitapp.com/index/pt-br/transporte_p%C3%BAblico-line-0_168-Brasilia-1702-850942-242392-0,-1.0,-15.75386,-47.87975,,,,,2023-06-15T12:45:02+00:00
BRA_116424,Brasília,5300108,,Piracicabana,066.6,https://moovitapp.com/index/pt-br/transporte_p%C3%BAblico-line-066_6-Brasilia-1702-850942-770027-0,-1.0,-15.62896,-47.64371,,,,,2023-06-15T12:45:02+00:00
BRA_116394,Brasília,5300108,,Piracicabana,0.031,https://moovitapp.com/index/pt-br/transporte_p%C3%BAblico-line-0_031-Brasilia-1702-850942-786256-0,-1.0,-15.79604,-47.87707,,,,,2023-06-15T12:45:02+00:00
BRA_116157,Brasília,5300108,,Piracicabana,601.1,https://moovitapp.com/index/pt-br/transporte_p%C3%BAblico-line-601_1-Brasilia-1702-850942-322377-0,-1.0,-15.61881,-47.6537,,,,1,2023-06-15T12:45:02+00:00
BRA_116785,Brasília,5300108,,Piracicabana,0.025,https://moovitapp.com/index/pt-br/transporte_p%C3%BAblico-line-0_025-Brasilia-1702-850942-11857219-0,-1.0,-15.79585,-47.9909,,,,,2023-06-15T12:45:03+00:00
BRA_116718,Brasília,5300108,,Piracicabana,0.024,https://moovitapp.com/index/pt-br/transporte_p%C3%BAblico-line-0_024-Brasilia-1702-850942-781320-0,-1.0,-15.79526,-47.91538,,,,,2023-06-15T12:45:03+00:00
BRA_118192,Brasília,5300108,,Piracicabana,162.1,https://moovitapp.com/index/pt-br/transporte_p%C3%BAblico-line-162_1-Brasilia-1702-850942-762425-0,-1.0,-15.80521,-47.89767,,,,,2023-06-15T12:45:03+00:00
BRA_119199,Brasília,5300108,,Piracicabana,0.521,https://moovitapp.com/index/pt-br/transporte_p%C3%BAblico-line-0_521-Brasilia-1702-850942-476285-0,-1.0,-15.83698,-47.91766,,,,,2023-06-15T12:45:03+00:00
BRA_120111,Brasília,5300108,,Piracicabana,0.107,https://moovitapp.com/index/pt-br/transporte_p%C3%BAblico-line-0_107-Brasilia-1702-850942-242377-0,-1.0,-15.79348,-47.88302,,,,,2023-06-15T12:45:03+00:00
BRA_118729,Brasília,5300108,,Piracicabana,0.152,https://moovitapp.com/index/pt-br/transporte_p%C3%BAblico-line-0_152-Brasilia-1702-850942-504333-0,-1.0,-15.78416,-47.93088,,,,,2023-06-15T12:45:04+00:00
BRA_119938,Brasília,5300108,,Piracicabana,0.109,https://moovitapp.com/index/pt-br/transporte_p%C3%BAblico-line-0_109-Brasilia-1702-850942-139332631-0,-1.0,-15.78262,-47.9093,,,,,2023-06-15T12:45:04+00:00
BRA_117463,Brasília,5300108,,Piracicabana,501.5,https://moovitapp.com/index/pt-br/transporte_p%C3%BAblico-line-501_5-Brasilia-1702-850942-414578-0,-1.0,-15.68886,-47.85844,,,,,2023-06-15T12:45:04+00:00
BRA_116505,Brasília,5300108,,Piracicabana,151.2,https://moovitapp.com/index/pt-br/transporte_p%C3%BAblico-line-151_2-Brasilia-1702-850942-242458-0,-1.0,-15.81617,-47.93748,,,,1,2023-06-15T12:45:04+00:00
BRA_116726,Brasília,5300108,,Piracicabana,0.007,https://moovitapp.com/index/pt-br/transporte_p%C3%BAblico-line-0_007-Brasilia-1702-850942-775080-0,-1.0,-15.80644,-47.8992,,,,,2023-06-15T12:45:05+00:00
BRA_117706,Brasília,5300108,,Piracicabana,158.1,https://moovitapp.com/index/pt-br/transporte_p%C3%BAblico-line-158_1-Brasilia-1702-850942-775094-0,-1.0,-15.81273,-47.93803,,,,,2023-06-15T12:45:05+00:00
BRA_118681,Brasília,5300108,,Piracicabana,0.107,https://moovitapp.com/index/pt-br/transporte_p%C3%BAblico-line-0_107-Brasilia-1702-850942-242377-0,-1.0,-15.81756,-47.89107,,,,,2023-06-15T12:45:05+00:00
BRA_120332,Brasília,5300108,,Piracicabana,116.1,https://moovitapp.com/index/pt-br/transporte_p%C3%BAblico-line-116_1-Brasilia-1702-850942-476288-0,-1.0,-15.74449,-47.88281,,,,,2023-06-15T12:45:05+00:00
BRA_120740,Brasília,5300108,,Piracicabana,136.7,https://moovitapp.com/index/pt-br/transporte_p%C3%BAblico-line-136_7-Brasilia-1702-850942-242451-0,-1.0,-15.82986,-47.92977,,,,,2023-06-15T12:45:05+00:00
BRA_120901,Brasília,5300108,,Piracicabana,156.5,https://moovitapp.com/index/pt-br/transporte_p%C3%BAblico-line-156_5-Brasilia-1702-850942-242464-0,-1.0,-15.80873,-47.93327,,,,,2023-06-15T12:45:06+00:00
BRA_120715,Brasília,5300108,,Piracicabana,643.2,https://moovitapp.com/index/pt-br/transporte_p%C3%BAblico-line-643_2-Brasilia-1702-850942-128977732-0,-1.0,-15.63864,-47.63337,,,,1,2023-06-15T12:45:06+00:00
BRA_120511,Brasília,5300108,,Piracicabana,640.2,https://moovitapp.com/index/pt-br/transporte_p%C3%BAblico-line-640_2-Brasilia-1702-850942-697957-0,-1.0,-15.65892,-47.79335,,,,,2023-06-15T12:45:06+00:00
BRA_117226,Brasília,5300108,,Piracicabana,600.7,https://moovitapp.com/index/pt-br/transporte_p%C3%BAblico-line-600_7-Brasilia-1702-850942-698442-0,-1.0,-15.81236,-47.89622,,,,,2023-06-15T12:45:06+00:00
BRA_117391,Brasília,5300108,,Piracicabana,0.169,https://moovitapp.com/index/pt-br/transporte_p%C3%BAblico-line-0_169-Brasilia-1702-850942-242393-0,-1.0,-15.79522,-47.93351,,,,1,2023-06-15T12:45:06+00:00
BRA_117536,Brasília,5300108,,Piracicabana,505.5,https://moovitapp.com/index/pt-br/transporte_p%C3%BAblico-line-505_5-Brasilia-1702-850942-651521-0,-1.0,-15.65343,-47.798,,,,,2023-06-15T12:45:06+00:00
BRA_118320,Brasília,5300108,,Piracicabana,115.2,https://moovitapp.com/index/pt-br/transporte_p%C3%BAblico-line-115_2-Brasilia-1702-850942-476287-0,-1.0,-15.74483,-47.89734,,,,,2023-06-15T12:45:06+00:00
BRA_116823,Brasília,5300108,,Piracicabana,0.023,https://moovitapp.com/index/pt-br/transporte_p%C3%BAblico-line-0_023-Brasilia-1702-850942-775082-0,-1.0,-15.77566,-47.88776,,,,1,2023-06-15T12:45:06+00:00
BRA_116858,Brasília,5300108,,Piracicabana,0.006,https://moovitapp.com/index/pt-br/transporte_p%C3%BAblico-line-0_006-Brasilia-1702-850942-775079-0,-1.0,-15.80805,-47.9359,,,,,2023-06-15T12:45:07+00:00
BRA_116203,Brasília,5300108,,Piracicabana,064.1,https://moovitapp.com/index/pt-br/transporte_p%C3%BAblico-line-064_1-Brasilia-1702-850942-339292-0,-1.0,-15.62832,-47.65092,,,,,2023-06-15T12:45:07+00:00
BRA_117811,Brasília,5300108,,Piracicabana,0.501,https://moovitapp.com/index/pt-br/transporte_p%C3%BAblico-line-0_501-Brasilia-1702-850942-663228-0,-1.0,-15.75725,-47.88647,,,,,2023-06-15T12:45:07+00:00
BRA_120723,Brasília,5300108,,Piracicabana,0.114,https://moovitapp.com/index/pt-br/transporte_p%C3%BAblico-line-0_114-Brasilia-1702-850942-242379-0,-1.0,-15.83521,-47.91512,,,,,2023-06-15T12:45:07+00:00
BRA_120154,Brasília,5300108,,Piracicabana,600.7,https://moovitapp.com/index/pt-br/transporte_p%C3%BAblico-line-600_7-Brasilia-1702-850942-698442-0,-1.0,-15.7992,-47.88386,,,,,2023-06-15T12:45:07+00:00
BRA_120090,Brasília,5300108,,Piracicabana,105.2,https://moovitapp.com/index/pt-br/transporte_p%C3%BAblico-line-105_2-Brasilia-1702-850942-12015265-0,-1.0,-15.84554,-47.92332,,,,,2023-06-15T12:45:07+00:00
BRA_119814,Brasília,5300108,,Piracicabana,067.3,https://moovitapp.com/index/pt-br/transporte_p%C3%BAblico-line-067_3-Brasilia-1702-850942-339294-0,-1.0,-15.67171,-47.64729,,,,,2023-06-15T12:45:07+00:00
BRA_120987,Brasília,5300108,,Piracicabana,162.1,https://moovitapp.com/index/pt-br/transporte_p%C3%BAblico-line-162_1-Brasilia-1702-850942-762425-0,-1.0,-15.82172,-47.9193,,,,,2023-06-15T12:45:07+00:00
BRA_119059,Brasília,5300108,,Piracicabana,099.1,https://moovitapp.com/index/pt-br/transporte_p%C3%BAblico-line-099_1-Brasilia-1702-850942-775090-0,-1.0,-15.84251,-48.02764,,,,,2023-06-15T12:45:07+00:00
BRA_118907,Brasília,5300108,,Piracicabana,640.2,https://moovitapp.com/index/pt-br/transporte_p%C3%BAblico-line-640_2-Brasilia-1702-850942-697957-0,-1.0,-15.8087,-47.90158,,,,,2023-06-15T12:45:07+00:00
BRA_119407,Brasília,5300108,,Piracicabana,512.1,https://moovitapp.com/index/pt-br/transporte_p%C3%BAblico-line-512_1-Brasilia-1702-850942-474401-0,-1.0,-15.80622,-47.89895,,,,,2023-06-15T12:45:07+00:00
BRA_118931,Brasília,5300108,,Piracicabana,0.114,https://moovitapp.com/index/pt-br/transporte_p%C3%BAblico-line-0_114-Brasilia-1702-850942-242379-0,-1.0,-15.81973,-47.91602,,,,,2023-06-15T12:45:07+00:00
BRA_120871,Brasília,5300108,,Piracicabana,099.1,https://moovitapp.com/index/pt-br/transporte_p%C3%BAblico-line-099_1-Brasilia-1702-850942-775090-0,-1.0,-15.81889,-48.01532,,,,1,2023-06-15T12:45:08+00:00
BRA_120456,Brasília,5300108,,Piracicabana,136.6,https://moovitapp.com/index/pt-br/transporte_p%C3%BAblico-line-136_6-Brasilia-1702-850942-773700-0,-1.0,-15.83579,-47.93268,,,,1,2023-06-15T12:45:08+00:00
BRA_120065,Brasília,5300108,,Piracicabana,600.7,https://moovitapp.com/index/pt-br/transporte_p%C3%BAblico-line-600_7-Brasilia-1702-850942-698442-0,-1.0,-15.72395,-47.89561,,,,,2023-06-15T12:45:09+00:00
BRA_120073,Brasília,5300108,,Piracicabana,0.617,https://moovitapp.com/index/pt-br/transporte_p%C3%BAblico-line-0_617-Brasilia-1702-850942-242417-0,-1.0,-15.67171,-47.64729,,,,,2023-06-15T12:45:09+00:00
BRA_119334,Brasília,5300108,,Piracicabana,511.4,https://moovitapp.com/index/pt-br/transporte_p%C3%BAblico-line-511_4-Brasilia-1702-850942-770030-0,-1.0,-15.69227,-47.76786,,,,,2023-06-15T12:45:09+00:00
BRA_120367,Brasília,5300108,,Piracicabana,640.2,https://moovitapp.com/index/pt-br/transporte_p%C3%BAblico-line-640_2-Brasilia-1702-850942-697957-0,-1.0,-15.75047,-47.89534,,,,,2023-06-15T12:45:10+00:00
BRA_117587,Brasília,5300108,,Piracicabana,063.1,https://moovitapp.com/index/pt-br/transporte_p%C3%BAblico-line-063_1-Brasilia-1702-850942-339291-0,-1.0,-15.64924,-47.78358,,,,,2023-06-15T12:45:10+00:00
BRA_116688,Brasília,5300108,,Piracicabana,062.6,https://moovitapp.com/index/pt-br/transporte_p%C3%BAblico-line-062_6-Brasilia-1702-850942-339289-0,-1.0,-15.64616,-47.78764,,,,1,2023-06-15T12:45:10+00:00
BRA_116122,Brasília,5300108,,Piracicabana,066.4,https://moovitapp.com/index/pt-br/transporte_p%C3%BAblico-line-066_4-Brasilia-1702-850942-763557-0,-1.0,-15.63677,-47.67674,,,,,2023-06-15T12:45:10+00:00
BRA_118141,Brasília,5300108,,Piracicabana,0.128,https://moovitapp.com/index/pt-br/transporte_p%C3%BAblico-line-0_128-Brasilia-1702-850942-382511-0,-1.0,-15.72304,-47.90652,,,,,2023-06-15T12:45:11+00:00
BRA_120952,Brasília,5300108,,Piracicabana,519.2,https://moovitapp.com/index/pt-br/transporte_p%C3%BAblico-line-519_2-Brasilia-1702-850942-242483-0,-1.0,-15.65888,-47.8451,,,,,2023-06-15T12:45:11+00:00
BRA_119750,Brasília,5300108,,Piracicabana,501.3,https://moovitapp.com/index/pt-br/transporte_p%C3%BAblico-line-501_3-Brasilia-1702-850942-242472-0,-1.0,-15.80485,-47.88922,,,,,2023-06-15T12:45:11+00:00
BRA_118877,Brasília,5300108,,Piracicabana,0.152,https://moovitapp.com/index/pt-br/transporte_p%C3%BAblico-line-0_152-Brasilia-1702-850942-504333-0,-1.0,-15.80888,-47.93381,,,,1,2023-06-15T12:45:11+00:00
BRA_121061,Brasília,5300108,,Piracicabana,106.2,https://moovitapp.com/index/pt-br/transporte_p%C3%BAblico-line-106_2-Brasilia-1702-850942-242433-0,-1.0,-15.83574,-47.93237,,,,1,2023-06-15T12:45:12+00:00
BRA_121011,Brasília,5300108,,Piracicabana,620.1,https://moovitapp.com/index/pt-br/transporte_p%C3%BAblico-line-620_1-Brasilia-1702-850942-697955-0,-1.0,-15.61198,-47.70071,,,,,2023-06-15T12:45:12+00:00
BRA_118214,Brasília,5300108,,Piracicabana,136.9,https://moovitapp.com/index/pt-br/transporte_p%C3%BAblico-line-136_9-Brasilia-1702-850942-773702-0,-1.0,-15.83672,-47.93349,,,,1,2023-06-15T12:45:12+00:00
BRA_117722,Brasília,5300108,,Piracicabana,106.2,https://moovitapp.com/index/pt-br/transporte_p%C3%BAblico-line-106_2-Brasilia-1702-850942-242433-0,-1.0,-15.78607,-47.87391,,,,,2023-06-15T12:45:13+00:00
BRA_117102,Brasília,5300108,,Piracicabana,0.504,https://moovitapp.com/index/pt-br/transporte_p%C3%BAblico-line-0_504-Brasilia-1702-850942-781321-0,-1.0,-15.64992,-47.79408,,,,1,2023-06-15T12:45:13+00:00
BRA_117561,Brasília,5300108,,Piracicabana,062.5,https://moovitapp.com/index/pt-br/transporte_p%C3%BAblico-line-062_5-Brasilia-1702-850942-339835-0,-1.0,-15.6782,-47.82667,,,,,2023-06-15T12:45:13+00:00
BRA_115894,Brasília,5300108,,Piracicabana,062.7,https://moovitapp.com/index/pt-br/transporte_p%C3%BAblico-line-062_7-Brasilia-1702-850942-494154-0,-1.0,-15.64992,-47.79408,,,,,2023-06-15T12:45:13+00:00
BRA_115291,Brasília,5300108,,Piracicabana,0.109,https://moovitapp.com/index/pt-br/transporte_p%C3%BAblico-line-0_109-Brasilia-1702-850942-139332631-0,-1.0,-15.78521,-47.91233,,,,1,2023-06-15T12:45:13+00:00
BRA_117528,Brasília,5300108,,Piracicabana,062.5,https://moovitapp.com/index/pt-br/transporte_p%C3%BAblico-line-062_5-Brasilia-1702-850942-339835-0,-1.0,-15.66327,-47.85307,,,,,2023-06-15T12:45:14+00:00
BRA_118311,Brasília,5300108,,Piracicabana,0.107,https://moovitapp.com/index/pt-br/transporte_p%C3%BAblico-line-0_107-Brasilia-1702-850942-242377-0,-1.0,-15.80399,-47.89692,,,,1,2023-06-15T12:45:14+00:00
BRA_118613,Brasília,5300108,,Piracicabana,600.7,https://moovitapp.com/index/pt-br/transporte_p%C3%BAblico-line-600_7-Brasilia-1702-850942-698442-0,-1.0,-15.60124,-47.6545,,,,,2023-06-15T12:45:14+00:00
BRA_118460,Brasília,5300108,,Piracicabana,115.2,https://moovitapp.com/index/pt-br/transporte_p%C3%BAblico-line-115_2-Brasilia-1702-850942-476287-0,-1.0,-15.79371,-47.88715,,,,,2023-06-15T12:45:15+00:00
BRA_119172,Brasília,5300108,,Piracicabana,505.5,https://moovitapp.com/index/pt-br/transporte_p%C3%BAblico-line-505_5-Brasilia-1702-850942-651521-0,-1.0,-15.6436,-47.78782,,,,,2023-06-15T12:45:15+00:00
BRA_117072,Brasília,5300108,,Piracicabana,601.1,https://moovitapp.com/index/pt-br/transporte_p%C3%BAblico-line-601_1-Brasilia-1702-850942-322377-0,-1.0,-15.60612,-47.64224,,,,,2023-06-15T12:45:15+00:00
BRA_116297,Brasília,5300108,,Piracicabana,066.3,https://moovitapp.com/index/pt-br/transporte_p%C3%BAblico-line-066_3-Brasilia-1702-850942-513542-0,-1.0,-15.61948,-47.66198,,,,,2023-06-15T12:45:15+00:00
BRA_117005,Brasília,5300108,,Piracicabana,0.031,https://moovitapp.com/index/pt-br/transporte_p%C3%BAblico-line-0_031-Brasilia-1702-850942-786256-0,-1.0,-15.73342,-47.89325,,,,,2023-06-15T12:45:15+00:00
BRA_116572,Brasília,5300108,,Piracicabana,0.031,https://moovitapp.com/index/pt-br/transporte_p%C3%BAblico-line-0_031-Brasilia-1702-850942-786256-0,-1.0,-15.83633,-47.93279,,,,,2023-06-15T12:45:15+00:00
BRA_119415,Brasília,5300108,,Piracicabana,104.1,https://moovitapp.com/index/pt-br/transporte_p%C3%BAblico-line-104_1-Brasilia-1702-850942-242430-0,-1.0,-15.7953,-47.87439,,,,,2023-06-15T12:45:16+00:00
BRA_117676,Brasília,5300108,,Piracicabana,512.1,https://moovitapp.com/index/pt-br/transporte_p%C3%BAblico-line-512_1-Brasilia-1702-850942-474401-0,-1.0,-15.65029,-47.80397,,,,,2023-06-15T12:45:17+00:00
BRA_116289,Brasília,5300108,,Piracicabana,067.3,https://moovitapp.com/index/pt-br/transporte_p%C3%BAblico-line-067_3-Brasilia-1702-850942-339294-0,-1.0,-15.67495,-47.64791,,,,,2023-06-15T12:45:17+00:00
BRA_116190,Brasília,5300108,,Piracicabana,066.5,https://moovitapp.com/index/pt-br/transporte_p%C3%BAblico-line-066_5-Brasilia-1702-850942-770026-0,-1.0,-15.63875,-47.63333,,,,,2023-06-15T12:45:18+00:00
BRA_116513,Brasília,5300108,,Piracicabana,151.2,https://moovitapp.com/index/pt-br/transporte_p%C3%BAblico-line-151_2-Brasilia-1702-850942-242458-0,-1.0,-15.81054,-47.90384,,,,,2023-06-15T12:45:18+00:00
BRA_118028,Brasília,5300108,,Piracicabana,518.2,https://moovitapp.com/index/pt-br/transporte_p%C3%BAblico-line-518_2-Brasilia-1702-850942-135878259-0,-1.0,-15.63541,-47.82302,,,,,2023-06-15T12:45:18+00:00
BRA_119024,Brasília,5300108,,Piracicabana,0.143,https://moovitapp.com/index/pt-br/transporte_p%C3%BAblico-line-0_143-Brasilia-1702-850942-470747-0,-1.0,-15.78963,-47.89067,,,,,2023-06-15T12:45:18+00:00
BRA_119555,Brasília,5300108,,Piracicabana,0.509,https://moovitapp.com/index/pt-br/transporte_p%C3%BAblico-line-0_509-Brasilia-1702-850942-242397-0,-1.0,-15.67892,-47.82988,,,,,2023-06-15T12:45:18+00:00
BRA_119865,Brasília,5300108,,Piracicabana,067.3,https://moovitapp.com/index/pt-br/transporte_p%C3%BAblico-line-067_3-Brasilia-1702-850942-339294-0,-1.0,-15.61884,-47.65411,,,,,2023-06-15T12:45:18+00:00
BRA_119741,Brasília,5300108,,Piracicabana,0.509,https://moovitapp.com/index/pt-br/transporte_p%C3%BAblico-line-0_509-Brasilia-1702-850942-242397-0,-1.0,-15.80532,-47.88987,,,,,2023-06-15T12:45:18+00:00
BRA_118494,Brasília,5300108,,Piracicabana,115.1,https://moovitapp.com/index/pt-br/transporte_p%C3%BAblico-line-115_1-Brasilia-1702-850942-242436-0,-1.0,-15.76711,-47.87585,,,,,2023-06-15T12:45:18+00:00
BRA_120588,Brasília,5300108,,Piracicabana,136.6,https://moovitapp.com/index/pt-br/transporte_p%C3%BAblico-line-136_6-Brasilia-1702-850942-773700-0,-1.0,-15.80011,-47.89331,,,,,2023-06-15T12:45:18+00:00
BRA_120529,Brasília,5300108,,Piracicabana,0.136,https://moovitapp.com/index/pt-br/transporte_p%C3%BAblico-line-0_136-Brasilia-1702-850942-719957-0,-1.0,-15.78128,-47.88749,,,,,2023-06-15T12:45:19+00:00
BRA_120936,Brasília,5300108,,Piracicabana,505.3,https://moovitapp.com/index/pt-br/transporte_p%C3%BAblico-line-505_3-Brasilia-1702-850942-352626-0,-1.0,-15.65669,-47.80394,,,,,2023-06-15T12:45:19+00:00
BRA_118966,Brasília,5300108,,Piracicabana,600.7,https://moovitapp.com/index/pt-br/transporte_p%C3%BAblico-line-600_7-Brasilia-1702-850942-698442-0,-1.0,-15.6075,-47.65467,,,,,2023-06-15T12:45:19+00:00
BRA_119491,Brasília,5300108,,Piracicabana,063.2,https://moovitapp.com/index/pt-br/transporte_p%C3%BAblico-line-063_2-Brasilia-1702-850942-137934615-0,-1.0,-15.65108,-47.84082,,,,1,2023-06-15T12:45:19+00:00
BRA_116114,Brasília,5300108,,Piracicabana,066.4,https://moovitapp.com/index/pt-br/transporte_p%C3%BAblico-line-066_4-Brasilia-1702-850942-763557-0,-1.0,-15.63016,-47.65923,,,,,2023-06-15T12:45:19+00:00
BRA_116378,Brasília,5300108,,Piracicabana,066.3,https://moovitapp.com/index/pt-br/transporte_p%C3%BAblico-line-066_3-Brasilia-1702-850942-513542-0,-1.0,-15.61849,-47.68072,,,,,2023-06-15T12:45:19+00:00
BRA_120693,Brasília,5300108,,Piracicabana,0.504,https://moovitapp.com/index/pt-br/transporte_p%C3%BAblico-line-0_504-Brasilia-1702-850942-781321-0,-1.0,-15.61889,-47.65428,,,,1,2023-06-15T12:45:20+00:00
BRA_120961,Brasília,5300108,,Piracicabana,640.2,https://moovitapp.com/index/pt-br/transporte_p%C3%BAblico-line-640_2-Brasilia-1702-850942-697957-0,-1.0,-15.69462,-47.87182,,,,,2023-06-15T12:45:20+00:00
BRA_120898,Brasília,5300108,,Piracicabana,158.1,https://moovitapp.com/index/pt-br/transporte_p%C3%BAblico-line-158_1-Brasilia-1702-850942-775094-0,-1.0,-15.79314,-47.94419,,,,,2023-06-15T12:45:20+00:00
BRA_121045,Brasília,5300108,,Piracicabana,115.1,https://moovitapp.com/index/pt-br/transporte_p%C3%BAblico-line-115_1-Brasilia-1702-850942-242436-0,-1.0,-15.79596,-47.87496,,,,1,2023-06-15T12:45:20+00:00
BRA_120278,Brasília,5300108,,Piracicabana,136.9,https://moovitapp.com/index/pt-br/transporte_p%C3%BAblico-line-136_9-Brasilia-1702-850942-773702-0,-1.0,-15.73528,-47.89151,,,,,2023-06-15T12:45:20+00:00
BRA_118702,Brasília,5300108,,Piracicabana,110.2,https://moovitapp.com/index/pt-br/transporte_p%C3%BAblico-line-110_2-Brasilia-1702-850942-339295-0,-1.0,-15.79399,-47.87503,,,,,2023-06-15T12:45:22+00:00
BRA_118711,Brasília,5300108,,Piracicabana,0.152,https://moovitapp.com/index/pt-br/transporte_p%C3%BAblico-line-0_152-Brasilia-1702-850942-504333-0,-1.0,-15.80104,-47.91845,,,,,2023-06-15T12:45:22+00:00
BRA_120383,Brasília,5300108,,Piracicabana,162.1,https://moovitapp.com/index/pt-br/transporte_p%C3%BAblico-line-162_1-Brasilia-1702-850942-762425-0,-1.0,-15.83082,-47.95227,,,,,2023-06-15T12:45:22+00:00
BRA_120791,Brasília,5300108,,Piracicabana,136.5,https://moovitapp.com/index/pt-br/transporte_p%C3%BAblico-line-136_5-Brasilia-1702-850942-516628-0,-1.0,-15.7271,-47.89598,,,,,2023-06-15T12:45:23+00:00
BRA_119008,Brasília,5300108,,Piracicabana,158.1,https://moovitapp.com/index/pt-br/transporte_p%C3%BAblico-line-158_1-Brasilia-1702-850942-775094-0,-1.0,-15.8255,-47.92415,,,,,2023-06-15T12:45:23+00:00
BRA_119083,Brasília,5300108,,Piracicabana,512.1,https://moovitapp.com/index/pt-br/transporte_p%C3%BAblico-line-512_1-Brasilia-1702-850942-474401-0,-1.0,-15.74483,-47.89734,,,,,2023-06-15T12:45:23+00:00
BRA_118753,Brasília,5300108,,Piracicabana,616.8,https://moovitapp.com/index/pt-br/transporte_p%C3%BAblico-line-616_8-Brasilia-1702-850942-128977718-0,-1.0,-15.63984,-47.65118,,,,,2023-06-15T12:45:23+00:00
BRA_118567,Brasília,5300108,,Piracicabana,158.1,https://moovitapp.com/index/pt-br/transporte_p%C3%BAblico-line-158_1-Brasilia-1702-850942-775094-0,-1.0,-15.82117,-47.91816,,,,,2023-06-15T12:45:23+00:00
BRA_119482,Brasília,5300108,,Piracicabana,0.501,https://moovitapp.com/index/pt-br/transporte_p%C3%BAblico-line-0_501-Brasilia-1702-850942-663228-0,-1.0,-15.79386,-47.88349,,,,,2023-06-15T12:45:23+00:00
BRA_119229,Brasília,5300108,,Piracicabana,0.104,https://moovitapp.com/index/pt-br/transporte_p%C3%BAblico-line-0_104-Brasilia-1702-850942-242376-0,-1.0,-15.79007,-47.83286,,,,,2023-06-15T12:45:23+00:00
BRA_116696,Brasília,5300108,,Piracicabana,0.168,https://moovitapp.com/index/pt-br/transporte_p%C3%BAblico-line-0_168-Brasilia-1702-850942-242392-0,-1.0,-15.80043,-47.92473,,,,,2023-06-15T12:45:23+00:00
BRA_117455,Brasília,5300108,,Piracicabana,0.517,https://moovitapp.com/index/pt-br/transporte_p%C3%BAblico-line-0_517-Brasilia-1702-850942-242400-0,-1.0,-15.79659,-47.89119,,,,,2023-06-15T12:45:23+00:00
BRA_117633,Brasília,5300108,,Piracicabana,505.3,https://moovitapp.com/index/pt-br/transporte_p%C3%BAblico-line-505_3-Brasilia-1702-850942-352626-0,-1.0,-15.64378,-47.82579,,,,,2023-06-15T12:45:23+00:00
BRA_117471,Brasília,5300108,,Piracicabana,063.1,https://moovitapp.com/index/pt-br/transporte_p%C3%BAblico-line-063_1-Brasilia-1702-850942-339291-0,-1.0,-15.657,-47.84621,,,,,2023-06-15T12:45:23+00:00
BRA_117099,Brasília,5300108,,Piracicabana,601.3,https://moovitapp.com/index/pt-br/transporte_p%C3%BAblico-line-601_3-Brasilia-1702-850942-339836-0,-1.0,-15.62891,-47.6518,,,,,2023-06-15T12:45:23+00:00
BRA_117447,Brasília,5300108,,Piracicabana,062.5,https://moovitapp.com/index/pt-br/transporte_p%C3%BAblico-line-062_5-Brasilia-1702-850942-339835-0,-1.0,-15.64894,-47.78233,,,,,2023-06-15T12:45:23+00:00
BRA_116912,Brasília,5300108,,Piracicabana,0.024,https://moovitapp.com/index/pt-br/transporte_p%C3%BAblico-line-0_024-Brasilia-1702-850942-781320-0,-1.0,-15.79087,-47.88099,,,,1,2023-06-15T12:45:24+00:00
BRA_116947,Brasília,5300108,,Piracicabana,0.024,https://moovitapp.com/index/pt-br/transporte_p%C3%BAblico-line-0_024-Brasilia-1702-850942-781320-0,-1.0,-15.78897,-47.93914,,,,,2023-06-15T12:45:24+00:00
BRA_118591,Brasília,5300108,,Piracicabana,616.8,https://moovitapp.com/index/pt-br/transporte_p%C3%BAblico-line-616_8-Brasilia-1702-850942-128977718-0,-1.0,-15.81287,-47.89466,,,,,2023-06-15T12:45:24+00:00
BRA_119644,Brasília,5300108,,Piracicabana,062.7,https://moovitapp.com/index/pt-br/transporte_p%C3%BAblico-line-062_7-Brasilia-1702-850942-494154-0,-1.0,-15.63745,-47.83708,,,,,2023-06-15T12:45:24+00:00
BRA_119571,Brasília,5300108,,Piracicabana,512.1,https://moovitapp.com/index/pt-br/transporte_p%C3%BAblico-line-512_1-Brasilia-1702-850942-474401-0,-1.0,-15.79659,-47.89119,,,,,2023-06-15T12:45:24+00:00
BRA_120758,Brasília,5300108,,Piracicabana,620.1,https://moovitapp.com/index/pt-br/transporte_p%C3%BAblico-line-620_1-Brasilia-1702-850942-697955-0,-1.0,-15.65457,-47.78259,,,,,2023-06-15T12:45:24+00:00
BRA_120375,Brasília,5300108,,Piracicabana,616.2,https://moovitapp.com/index/pt-br/transporte_p%C3%BAblico-line-616_2-Brasilia-1702-850942-470754-0,-1.0,-15.83208,-47.92815,,,,,2023-06-15T12:45:24+00:00
BRA_120596,Brasília,5300108,,Piracicabana,504.4,https://moovitapp.com/index/pt-br/transporte_p%C3%BAblico-line-504_4-Brasilia-1702-850942-771759-0,-1.0,-15.64717,-47.78662,,,,,2023-06-15T12:45:24+00:00
BRA_120600,Brasília,5300108,,Piracicabana,600.7,https://moovitapp.com/index/pt-br/transporte_p%C3%BAblico-line-600_7-Brasilia-1702-850942-698442-0,-1.0,-15.80771,-47.89167,,,,,2023-06-15T12:45:24+00:00
BRA_120677,Brasília,5300108,,Piracicabana,0.128,https://moovitapp.com/index/pt-br/transporte_p%C3%BAblico-line-0_128-Brasilia-1702-850942-382511-0,-1.0,-15.78391,-47.88752,,,,,2023-06-15T12:45:24+00:00
BRA_120341,Brasília,5300108,,Piracicabana,620.1,https://moovitapp.com/index/pt-br/transporte_p%C3%BAblico-line-620_1-Brasilia-1702-850942-697955-0,-1.0,-15.68018,-47.83457,,,,,2023-06-15T12:45:24+00:00
BRA_118800,Brasília,5300108,,Piracicabana,105.2,https://moovitapp.com/index/pt-br/transporte_p%C3%BAblico-line-105_2-Brasilia-1702-850942-12015265-0,-1.0,-15.83633,-47.93353,,,,1,2023-06-15T12:45:25+00:00
BRA_117510,Brasília,5300108,,Piracicabana,519.2,https://moovitapp.com/index/pt-br/transporte_p%C3%BAblico-line-519_2-Brasilia-1702-850942-242483-0,-1.0,-15.75994,-47.88407,,,,,2023-06-15T12:45:25+00:00
BRA_118044,Brasília,5300108,,Piracicabana,640.2,https://moovitapp.com/index/pt-br/transporte_p%C3%BAblico-line-640_2-Brasilia-1702-850942-697957-0,-1.0,-15.80801,-47.90098,,,,,2023-06-15T12:45:25+00:00
BRA_120570,Brasília,5300108,,Piracicabana,640.2,https://moovitapp.com/index/pt-br/transporte_p%C3%BAblico-line-640_2-Brasilia-1702-850942-697957-0,-1.0,-15.78543,-47.88788,,,,,2023-06-15T12:45:26+00:00
BRA_119075,Brasília,5300108,,Piracicabana,136.6,https://moovitapp.com/index/pt-br/transporte_p%C3%BAblico-line-136_6-Brasilia-1702-850942-773700-0,-1.0,-15.83616,-47.93257,,,,1,2023-06-15T12:45:28+00:00
BRA_119709,Brasília,5300108,,Piracicabana,0.114,https://moovitapp.com/index/pt-br/transporte_p%C3%BAblico-line-0_114-Brasilia-1702-850942-242379-0,-1.0,-15.79354,-47.88306,,,,1,2023-06-15T12:45:30+00:00
BRA_116904,Brasília,5300108,,Piracicabana,0.016,https://moovitapp.com/index/pt-br/transporte_p%C3%BAblico-line-0_016-Brasilia-1702-850942-5193084-0,-1.0,-15.73547,-47.89738,,,,1,2023-06-15T12:45:31+00:00
BRA_118346,Brasília,5300108,,Piracicabana,0.116,https://moovitapp.com/index/pt-br/transporte_p%C3%BAblico-line-0_116-Brasilia-1702-850942-242381-0,-1.0,-15.79501,-47.88097,,,,1,2023-06-15T12:45:35+00:00
