bus_id,city,city_code,adapted,agency,line_code,line_url,line_fare,latitude,longitude,bus_speed,is_eletric,bus_type,bus_direction,updated_at
SAO_8700-1,São Paulo,3550308,True,,2508,,,-23.5644695,-46.678151,,,,1,2023-06-19T16:58:49+00:00
SAO_8700-1,São Paulo,3550308,True,,2508,,,-23.628644,-46.768147,,,,1,2023-06-19T16:58:09+00:00
SAO_8700-1,São Paulo,3550308,True,,2508,,,-23.5832965,-46.714935999999994,,,,1,2023-06-19T16:58:31+00:00
SAO_8700-1,São Paulo,3550308,True,,2508,,,-23.566491375000002,-46.68198112499999,,,,1,2023-06-19T16:58:51+00:00
SAO_8700-1,São Paulo,3550308,True,,2508,,,-23.6076245,-46.751262,,,,1,2023-06-19T16:58:40+00:00
SAO_8014-10,São Paulo,3550308,True,,801,,,-23.4457545,-46.789125999999996,,,,1,2023-06-19T16:58:28+00:00
SAO_8014-10,São Paulo,3550308,True,,801,,,-23.404685999999998,-46.7500395,,,,1,2023-06-19T16:58:20+00:00
SAO_8014-10,São Paulo,3550308,True,,801,,,-23.4457545,-46.789125999999996,,,,1,2023-06-19T16:58:52+00:00
SAO_8014-10,São Paulo,3550308,True,,801,,,-23.438442000000002,-46.793648,,,,1,2023-06-19T16:58:12+00:00
SAO_8014-10,São Paulo,3550308,True,,801,,,-23.4187055,-46.785467999999995,,,,1,2023-06-19T16:58:40+00:00
SAO_513L-10,São Paulo,3550308,True,,1655,,,-23.5366935,-46.589487500000004,,,,1,2023-06-19T16:58:42+00:00
SAO_513L-10,São Paulo,3550308,True,,1655,,,-23.6019195,-46.603135,,,,1,2023-06-19T16:58:52+00:00
SAO_513L-10,São Paulo,3550308,True,,1655,,,-23.577188999999997,-46.593144499999994,,,,1,2023-06-19T16:58:46+00:00
SAO_3902-10,São Paulo,3550308,True,,1470,,,-23.493281,-46.3753725,,,,1,2023-06-19T16:58:39+00:00
SAO_3902-10,São Paulo,3550308,True,,1470,,,-23.520037375,-46.410061625,,,,1,2023-06-19T16:58:40+00:00
SAO_6110-10,São Paulo,3550308,True,,33952,,,-23.7310055,-46.7167125,,,,2,2023-06-19T16:58:35+00:00
SAO_6110-10,São Paulo,3550308,True,,33952,,,-23.623208750000003,-46.66179275,,,,2,2023-06-19T16:58:48+00:00
SAO_6110-10,São Paulo,3550308,True,,33952,,,-23.757312,-46.7053825,,,,2,2023-06-19T16:58:11+00:00
SAO_6110-10,São Paulo,3550308,True,,33952,,,-23.722566,-46.708019,,,,2,2023-06-19T16:58:24+00:00
SAO_6110-10,São Paulo,3550308,True,,33952,,,-23.656721875000002,-46.679762,,,,2,2023-06-19T16:58:42+00:00
SAO_6110-10,São Paulo,3550308,True,,33952,,,-23.683536,-46.6912135,,,,2,2023-06-19T16:58:29+00:00
SAO_2011-10,São Paulo,3550308,True,,2136,,,-23.47126,-46.586546625,,,,1,2023-06-19T16:56:57+00:00
SAO_2011-10,São Paulo,3550308,True,,2136,,,-23.481566,-46.603339000000005,,,,1,2023-06-19T16:58:23+00:00
SAO_2011-10,São Paulo,3550308,True,,2136,,,-23.489418,-46.5703855,,,,1,2023-06-19T16:58:50+00:00
SAO_2011-10,São Paulo,3550308,True,,2136,,,-23.496809,-46.6231245,,,,1,2023-06-19T16:56:41+00:00
SAO_2011-10,São Paulo,3550308,True,,2136,,,-23.485252000000003,-46.564926,,,,1,2023-06-19T16:57:04+00:00
SAO_5154-10,São Paulo,3550308,True,,33121,,,-23.624431,-46.700349,,,,2,2023-06-19T16:58:23+00:00
SAO_5154-10,São Paulo,3550308,True,,33121,,,-23.64864325,-46.70446325,,,,2,2023-06-19T16:58:36+00:00
SAO_5154-10,São Paulo,3550308,True,,33121,,,-23.53459775,-46.643886,,,,2,2023-06-19T16:58:53+00:00
SAO_5154-10,São Paulo,3550308,True,,33121,,,-23.6200105,-46.69833199999999,,,,2,2023-06-19T16:58:38+00:00
SAO_5154-10,São Paulo,3550308,True,,33121,,,-23.606967125000004,-46.687444625000005,,,,2,2023-06-19T16:58:18+00:00
SAO_5154-10,São Paulo,3550308,True,,33121,,,-23.562227,-46.6448845,,,,2,2023-06-19T16:58:17+00:00
SAO_5752-10,São Paulo,3550308,True,,34055,,,-23.6728745,-46.6646595,,,,2,2023-06-19T16:58:17+00:00
SAO_5752-10,São Paulo,3550308,True,,34055,,,-23.638527500000002,-46.642257,,,,2,2023-06-19T16:58:40+00:00
SAO_5752-10,São Paulo,3550308,True,,34055,,,-23.652608,-46.6506505,,,,2,2023-06-19T16:58:33+00:00
SAO_5752-10,São Paulo,3550308,True,,34055,,,-23.63451,-46.6409605,,,,2,2023-06-19T16:58:43+00:00
SAO_5752-10,São Paulo,3550308,True,,34055,,,-23.6908765,-46.650728,,,,2,2023-06-19T16:55:55+00:00
SAO_5752-10,São Paulo,3550308,True,,34055,,,-23.690883999999997,-46.6502995,,,,2,2023-06-19T16:58:17+00:00
SAO_5752-10,São Paulo,3550308,True,,34055,,,-23.656804249999997,-46.653883,,,,2,2023-06-19T16:58:47+00:00
SAO_5752-10,São Paulo,3550308,True,,34055,,,-23.6762685,-46.6598835,,,,2,2023-06-19T16:58:53+00:00
SAO_5752-10,São Paulo,3550308,True,,34055,,,-23.690854,-46.649566,,,,2,2023-06-19T16:58:46+00:00
SAO_5752-10,São Paulo,3550308,True,,34055,,,-23.690879,-46.649802,,,,2,2023-06-19T16:58:11+00:00
SAO_875P-10,São Paulo,3550308,True,,1341,,,-23.569048125000002,-46.647301625000004,,,,1,2023-06-19T16:58:44+00:00
SAO_875P-10,São Paulo,3550308,True,,1341,,,-23.5407145,-46.670465500000006,,,,1,2023-06-19T16:58:33+00:00
SAO_4030-10,São Paulo,3550308,True,,33868,,,-23.614937249999997,-46.487799249999995,,,,2,2023-06-19T16:58:54+00:00
SAO_4030-10,São Paulo,3550308,True,,33868,,,-23.613342000000003,-46.476561000000004,,,,2,2023-06-19T16:58:12+00:00
SAO_4030-10,São Paulo,3550308,True,,33868,,,-23.621837999999997,-46.4884975,,,,2,2023-06-19T16:58:18+00:00
SAO_4030-10,São Paulo,3550308,True,,33868,,,-23.614937249999997,-46.487799249999995,,,,2,2023-06-19T16:58:14+00:00
SAO_4030-10,São Paulo,3550308,True,,33868,,,-23.615515000000002,-46.4880175,,,,2,2023-06-19T16:58:30+00:00
SAO_4030-10,São Paulo,3550308,True,,33868,,,-23.597652500000002,-46.48668725,,,,2,2023-06-19T16:58:33+00:00
SAO_4030-10,São Paulo,3550308,True,,33868,,,-23.612506,-46.479178,,,,2,2023-06-19T16:58:33+00:00
SAO_4030-10,São Paulo,3550308,True,,33868,,,-23.568225874999996,-46.508779000000004,,,,2,2023-06-19T16:58:35+00:00
SAO_607M-10,São Paulo,3550308,True,,34804,,,-23.701327749999997,-46.70153175,,,,2,2023-06-19T16:57:54+00:00
SAO_607M-10,São Paulo,3550308,True,,34804,,,-23.635709,-46.6951405,,,,2,2023-06-19T16:58:54+00:00
SAO_607M-10,São Paulo,3550308,True,,34804,,,-23.735829000000003,-46.695966999999996,,,,2,2023-06-19T16:58:27+00:00
SAO_607M-10,São Paulo,3550308,True,,34804,,,-23.7351155,-46.695655,,,,2,2023-06-19T16:58:49+00:00
SAO_6505-10,São Paulo,3550308,True,,1450,,,-23.641209625000002,-46.697965375,,,,1,2023-06-19T16:58:36+00:00
SAO_6505-10,São Paulo,3550308,True,,1450,,,-23.668707,-46.7352225,,,,1,2023-06-19T16:58:33+00:00
SAO_6505-10,São Paulo,3550308,True,,1450,,,-23.5957665,-46.673165,,,,1,2023-06-19T16:58:44+00:00
SAO_6505-10,São Paulo,3550308,True,,1450,,,-23.6495785625,-46.7037528125,,,,1,2023-06-19T16:58:45+00:00
SAO_6505-10,São Paulo,3550308,True,,1450,,,-23.668707,-46.7352225,,,,1,2023-06-19T16:58:19+00:00
SAO_6505-10,São Paulo,3550308,True,,1450,,,-23.559058999999998,-46.654014000000004,,,,1,2023-06-19T16:58:34+00:00
SAO_6505-10,São Paulo,3550308,True,,1450,,,-23.668707,-46.7352225,,,,1,2023-06-19T16:58:16+00:00
SAO_6505-10,São Paulo,3550308,True,,1450,,,-23.66649675,-46.7191605,,,,1,2023-06-19T16:58:25+00:00
SAO_6505-10,São Paulo,3550308,True,,1450,,,-23.668707,-46.7352225,,,,1,2023-06-19T16:58:12+00:00
SAO_6505-10,São Paulo,3550308,True,,1450,,,-23.668707,-46.7352225,,,,1,2023-06-19T16:58:27+00:00
SAO_6505-10,São Paulo,3550308,True,,1450,,,-23.668707,-46.7352225,,,,1,2023-06-19T16:58:23+00:00
SAO_6505-10,São Paulo,3550308,True,,1450,,,-23.60480275,-46.675094,,,,1,2023-06-19T16:58:45+00:00
SAO_6505-10,São Paulo,3550308,True,,1450,,,-23.577531,-46.6710785,,,,1,2023-06-19T16:58:28+00:00
SAO_6505-10,São Paulo,3550308,True,,1450,,,-23.668707,-46.7352225,,,,1,2023-06-19T16:58:33+00:00
SAO_6505-10,São Paulo,3550308,True,,1450,,,-23.548989,-46.6395165,,,,1,2023-06-19T16:58:32+00:00
SAO_2708-10,São Paulo,3550308,True,,921,,,-23.533179124999997,-46.40071425,,,,1,2023-06-19T16:58:50+00:00
SAO_2708-10,São Paulo,3550308,True,,921,,,-23.543195500000003,-46.465121499999995,,,,1,2023-06-19T16:55:57+00:00
SAO_2708-10,São Paulo,3550308,True,,921,,,-23.5337795,-46.399814,,,,1,2023-06-19T16:58:00+00:00
SAO_2708-10,São Paulo,3550308,True,,921,,,-23.523727,-46.417736500000004,,,,1,2023-06-19T16:58:35+00:00
SAO_2708-10,São Paulo,3550308,True,,921,,,-23.5424555,-46.471157500000004,,,,1,2023-06-19T16:53:30+00:00
SAO_971X-10,São Paulo,3550308,True,,1695,,,-23.4972535,-46.64238775,,,,1,2023-06-19T16:58:47+00:00
SAO_971X-10,São Paulo,3550308,True,,1695,,,-23.500198500000003,-46.63118025,,,,1,2023-06-19T16:58:29+00:00
SAO_971X-10,São Paulo,3550308,True,,1695,,,-23.503059999999998,-46.625513,,,,1,2023-06-19T16:58:29+00:00
SAO_971X-10,São Paulo,3550308,True,,1695,,,-23.500198500000003,-46.63118025,,,,1,2023-06-19T16:58:35+00:00
SAO_971X-10,São Paulo,3550308,True,,1695,,,-23.4829505,-46.654344249999994,,,,1,2023-06-19T16:58:50+00:00
SAO_8021-10,São Paulo,3550308,True,,2073,,,-23.570878999999998,-46.709908375,,,,1,2023-06-19T16:58:28+00:00
SAO_5705-10,São Paulo,3550308,True,,1657,,,-23.577326,-46.6407295,,,,1,2023-06-19T16:58:34+00:00
SAO_5705-10,São Paulo,3550308,True,,1657,,,-23.60347625,-46.6025595,,,,1,2023-06-19T16:58:27+00:00
SAO_5705-10,São Paulo,3550308,True,,1657,,,-23.603439,-46.602865,,,,1,2023-06-19T16:58:51+00:00
SAO_5035-10,São Paulo,3550308,True,,34436,,,-23.6369775,-46.591483000000004,,,,2,2023-06-19T16:58:31+00:00
SAO_5035-10,São Paulo,3550308,True,,34436,,,-23.6369775,-46.591483000000004,,,,2,2023-06-19T16:58:53+00:00
SAO_5035-10,São Paulo,3550308,True,,34436,,,-23.637159500000003,-46.592059,,,,2,2023-06-19T16:58:15+00:00
SAO_5035-10,São Paulo,3550308,True,,34436,,,-23.633305,-46.59058375,,,,2,2023-06-19T16:58:15+00:00
SAO_5035-10,São Paulo,3550308,True,,34436,,,-23.637159500000003,-46.592059,,,,2,2023-06-19T16:58:49+00:00
SAO_5012-10,São Paulo,3550308,True,,1116,,,-23.6920135,-46.6309515,,,,1,2023-06-19T16:58:36+00:00
SAO_5012-10,São Paulo,3550308,True,,1116,,,-23.7097155,-46.6354455,,,,1,2023-06-19T16:58:15+00:00
SAO_5012-10,São Paulo,3550308,True,,1116,,,-23.7034035,-46.625357,,,,1,2023-06-19T16:58:26+00:00
SAO_5012-10,São Paulo,3550308,True,,1116,,,-23.7097155,-46.6354455,,,,1,2023-06-19T16:58:21+00:00
SAO_5012-10,São Paulo,3550308,True,,1116,,,-23.7097155,-46.6354455,,,,1,2023-06-19T16:58:37+00:00
SAO_5012-10,São Paulo,3550308,True,,1116,,,-23.654766,-46.636694500000004,,,,1,2023-06-19T16:58:29+00:00
SAO_5012-10,São Paulo,3550308,True,,1116,,,-23.7028125,-46.6248025,,,,1,2023-06-19T16:53:27+00:00
SAO_5012-10,São Paulo,3550308,True,,1116,,,-23.701917,-46.639164,,,,1,2023-06-19T16:58:49+00:00
SAO_5012-10,São Paulo,3550308,True,,1116,,,-23.6919185,-46.630827,,,,1,2023-06-19T16:58:43+00:00
SAO_5012-10,São Paulo,3550308,True,,1116,,,-23.669766,-46.639997,,,,1,2023-06-19T16:58:22+00:00
SAO_5012-10,São Paulo,3550308,True,,1116,,,-23.662988,-46.6376995,,,,1,2023-06-19T16:58:11+00:00
SAO_5012-10,São Paulo,3550308,True,,1116,,,-23.7097155,-46.6354455,,,,1,2023-06-19T16:58:47+00:00
SAO_5012-10,São Paulo,3550308,True,,1116,,,-23.7097155,-46.6354455,,,,1,2023-06-19T16:58:49+00:00
SAO_637J-10,São Paulo,3550308,True,EMTU,103,https://moovitapp.com/index/pt-br/transporte_p%C3%BAblico-line-103-Sao_Paulo-242-2038937-36419266-0,5.1,-23.5728655,-46.689481625,,,,1,2023-06-19T16:58:34+00:00
SAO_637J-10,São Paulo,3550308,True,EMTU,103,https://moovitapp.com/index/pt-br/transporte_p%C3%BAblico-line-103-Sao_Paulo-242-2038937-36419266-0,5.1,-23.68253,-46.693040499999995,,,,1,2023-06-19T16:58:31+00:00
SAO_637J-10,São Paulo,3550308,True,EMTU,103,https://moovitapp.com/index/pt-br/transporte_p%C3%BAblico-line-103-Sao_Paulo-242-2038937-36419266-0,5.1,-23.5957665,-46.673165,,,,1,2023-06-19T16:58:40+00:00
SAO_637J-10,São Paulo,3550308,True,EMTU,103,https://moovitapp.com/index/pt-br/transporte_p%C3%BAblico-line-103-Sao_Paulo-242-2038937-36419266-0,5.1,-23.565959,-46.6944145,,,,1,2023-06-19T16:58:13+00:00
SAO_637J-10,São Paulo,3550308,True,EMTU,103,https://moovitapp.com/index/pt-br/transporte_p%C3%BAblico-line-103-Sao_Paulo-242-2038937-36419266-0,5.1,-23.675388750000003,-46.68685225,,,,1,2023-06-19T16:58:38+00:00
SAO_8078-10,São Paulo,3550308,True,,2080,,,-23.6254505,-46.7479555,,,,1,2023-06-19T16:58:25+00:00
SAO_8078-10,São Paulo,3550308,True,,2080,,,-23.6254505,-46.7479555,,,,1,2023-06-19T16:56:55+00:00
SAO_8078-10,São Paulo,3550308,True,,2080,,,-23.643324,-46.763181,,,,1,2023-06-19T16:58:50+00:00
SAO_8078-10,São Paulo,3550308,True,,2080,,,-23.6156505,-46.7557165,,,,1,2023-06-19T16:58:54+00:00
SAO_6076-10,São Paulo,3550308,True,,33933,,,-23.733799,-46.6887965,,,,2,2023-06-19T16:58:52+00:00
SAO_6076-10,São Paulo,3550308,True,,33933,,,-23.733666,-46.6772885,,,,2,2023-06-19T16:58:02+00:00
SAO_6076-10,São Paulo,3550308,True,,33933,,,-23.72723375,-46.69021275,,,,2,2023-06-19T16:58:52+00:00
SAO_6076-10,São Paulo,3550308,True,,33933,,,-23.689815000000003,-46.701563750000005,,,,2,2023-06-19T16:58:55+00:00
SAO_6076-10,São Paulo,3550308,True,,33933,,,-23.675642500000002,-46.712391499999995,,,,2,2023-06-19T16:58:19+00:00
SAO_6076-10,São Paulo,3550308,True,,33933,,,-23.733356999999998,-46.676830499999994,,,,2,2023-06-19T16:58:35+00:00
SAO_6076-10,São Paulo,3550308,True,,33933,,,-23.733666,-46.6772885,,,,2,2023-06-19T16:58:42+00:00
SAO_6116-10,São Paulo,3550308,True,,33954,,,-23.7375585,-46.69749,,,,2,2023-06-19T16:58:29+00:00
SAO_6116-10,São Paulo,3550308,True,,33954,,,-23.7550495,-46.6614705,,,,2,2023-06-19T16:58:54+00:00
SAO_6116-10,São Paulo,3550308,True,,33954,,,-23.744639499999998,-46.6903295,,,,2,2023-06-19T16:58:24+00:00
SAO_6116-10,São Paulo,3550308,True,,33954,,,-23.75569,-46.657614,,,,2,2023-06-19T16:58:13+00:00
SAO_6116-10,São Paulo,3550308,True,,33954,,,-23.75569,-46.657614,,,,2,2023-06-19T16:58:26+00:00
SAO_707A-10,São Paulo,3550308,True,,34758,,,-23.6029625,-46.650095,,,,2,2023-06-19T16:58:14+00:00
SAO_707A-10,São Paulo,3550308,True,,34758,,,-23.662735375000004,-46.706996000000004,,,,2,2023-06-19T16:58:30+00:00
SAO_707A-10,São Paulo,3550308,True,,34758,,,-23.692423,-46.7776975,,,,2,2023-06-19T16:58:21+00:00
SAO_707A-10,São Paulo,3550308,True,,34758,,,-23.683030000000002,-46.7687525,,,,2,2023-06-19T16:58:21+00:00
SAO_707A-10,São Paulo,3550308,True,,34758,,,-23.617217375000003,-46.675102249999995,,,,2,2023-06-19T16:58:21+00:00
SAO_707A-10,São Paulo,3550308,True,,34758,,,-23.671547,-46.7411115,,,,2,2023-06-19T16:58:36+00:00
SAO_707A-10,São Paulo,3550308,True,,34758,,,-23.611459500000002,-46.6358635,,,,2,2023-06-19T16:58:31+00:00
SAO_707A-10,São Paulo,3550308,True,,34758,,,-23.6091995,-46.6649125,,,,2,2023-06-19T16:58:23+00:00
SAO_707A-10,São Paulo,3550308,True,,34758,,,-23.6729755,-46.744468749999996,,,,2,2023-06-19T16:58:50+00:00
SAO_707A-10,São Paulo,3550308,True,,34758,,,-23.6023885,-46.650586000000004,,,,2,2023-06-19T16:58:18+00:00
SAO_707A-10,São Paulo,3550308,True,,34758,,,-23.6073645,-46.64010825,,,,2,2023-06-19T16:58:53+00:00
SAO_707A-10,São Paulo,3550308,True,,34758,,,-23.650494000000002,-46.7072335,,,,2,2023-06-19T16:58:15+00:00
SAO_707A-10,São Paulo,3550308,True,,34758,,,-23.641780124999997,-46.699149125000005,,,,2,2023-06-19T16:58:31+00:00
SAO_707A-10,São Paulo,3550308,True,,34758,,,-23.692809,-46.778341,,,,2,2023-06-19T16:58:43+00:00
SAO_3112-10,São Paulo,3550308,True,,1080,,,-23.5808945,-46.557736,,,,1,2023-06-19T16:58:49+00:00
SAO_3112-10,São Paulo,3550308,True,,1080,,,-23.601481,-46.5329735,,,,1,2023-06-19T16:58:40+00:00
SAO_3112-10,São Paulo,3550308,True,,1080,,,-23.5423885,-46.590565,,,,1,2023-06-19T16:58:12+00:00
SAO_3112-10,São Paulo,3550308,True,,1080,,,-23.554721,-46.599942999999996,,,,1,2023-06-19T16:58:50+00:00
SAO_3112-10,São Paulo,3550308,True,,1080,,,-23.6105545,-46.529823500000006,,,,1,2023-06-19T16:58:48+00:00
SAO_3112-10,São Paulo,3550308,True,,1080,,,-23.58010175,-46.58220025,,,,1,2023-06-19T16:58:37+00:00
SAO_3112-10,São Paulo,3550308,True,,1080,,,-23.5837635,-46.5844805,,,,1,2023-06-19T16:58:41+00:00
SAO_7281-10,São Paulo,3550308,True,,1334,,,-23.55318025,-46.659612,,,,1,2023-06-19T16:58:52+00:00
SAO_7281-10,São Paulo,3550308,True,,1334,,,-23.521652,-46.702393,,,,1,2023-06-19T16:58:24+00:00
SAO_7281-10,São Paulo,3550308,True,,1334,,,-23.525028,-46.7030435,,,,1,2023-06-19T16:58:09+00:00
SAO_7281-10,São Paulo,3550308,True,,1334,,,-23.521652,-46.702393,,,,1,2023-06-19T16:58:53+00:00
SAO_9002-10,São Paulo,3550308,True,,33638,,,-23.458054,-46.671271000000004,,,,2,2023-06-19T16:58:14+00:00
SAO_9002-10,São Paulo,3550308,True,,33638,,,-23.4580475,-46.6711965,,,,2,2023-06-19T16:58:44+00:00
SAO_9002-10,São Paulo,3550308,True,,33638,,,-23.468266,-46.670106000000004,,,,2,2023-06-19T16:58:30+00:00
SAO_9002-10,São Paulo,3550308,True,,33638,,,-23.458032000000003,-46.671023,,,,2,2023-06-19T16:58:41+00:00
SAO_9002-10,São Paulo,3550308,True,,33638,,,-23.4580655,-46.671398499999995,,,,2,2023-06-19T16:58:54+00:00
SAO_175P-10,São Paulo,3550308,True,,675,,,-23.501590999999998,-46.6480935,,,,1,2023-06-19T16:58:21+00:00
SAO_175P-10,São Paulo,3550308,True,,675,,,-23.52668,-46.665825,,,,1,2023-06-19T16:58:51+00:00
SAO_175P-10,São Paulo,3550308,True,,675,,,-23.5266655,-46.666052750000006,,,,1,2023-06-19T16:58:46+00:00
SAO_175P-10,São Paulo,3550308,True,,675,,,-23.568013375,-46.64866325,,,,1,2023-06-19T16:58:37+00:00
SAO_175P-10,São Paulo,3550308,True,,675,,,-23.555808499999998,-46.6669775,,,,1,2023-06-19T16:58:56+00:00
SAO_175P-10,São Paulo,3550308,True,,675,,,-23.5861638125,-46.63626881249999,,,,1,2023-06-19T16:58:37+00:00
SAO_175P-10,São Paulo,3550308,True,,675,,,-23.5859291875,-46.6364181875,,,,1,2023-06-19T16:58:20+00:00
SAO_175P-10,São Paulo,3550308,True,,675,,,-23.539237,-46.6693335,,,,1,2023-06-19T16:58:18+00:00
SAO_175P-10,São Paulo,3550308,True,,675,,,-23.5859291875,-46.6364181875,,,,1,2023-06-19T16:58:17+00:00
SAO_2734-10,São Paulo,3550308,True,,1760,,,-23.512009,-46.40866,,,,1,2023-06-19T16:58:15+00:00
SAO_2734-10,São Paulo,3550308,True,,1760,,,-23.512009,-46.40866,,,,1,2023-06-19T16:57:53+00:00
SAO_2734-10,São Paulo,3550308,True,,1760,,,-23.539099999999998,-46.457626000000005,,,,1,2023-06-19T16:58:23+00:00
SAO_2734-10,São Paulo,3550308,True,,1760,,,-23.509226124999998,-46.435460125,,,,1,2023-06-19T16:57:26+00:00
SAO_2734-10,São Paulo,3550308,True,,1760,,,-23.509922000000003,-46.411638499999995,,,,1,2023-06-19T16:58:29+00:00
SAO_271A-51,São Paulo,3550308,True,,703,,,-23.510145875,-46.53980575,,,,1,2023-06-19T16:58:18+00:00
SAO_271A-51,São Paulo,3550308,True,,703,,,-23.501295499999998,-46.615479,,,,1,2023-06-19T16:56:49+00:00
SAO_271A-51,São Paulo,3550308,True,,703,,,-23.4976675,-46.574518499999996,,,,1,2023-06-19T16:58:50+00:00
SAO_373T-10,São Paulo,3550308,True,,33859,,,-23.596544,-46.5013895,,,,2,2023-06-19T16:58:32+00:00
SAO_373T-10,São Paulo,3550308,True,,33859,,,-23.5941885,-46.498267,,,,2,2023-06-19T16:58:18+00:00
SAO_373T-10,São Paulo,3550308,True,,33859,,,-23.5941885,-46.498267,,,,2,2023-06-19T16:58:14+00:00
SAO_373T-10,São Paulo,3550308,True,,33859,,,-23.5941885,-46.498267,,,,2,2023-06-19T16:58:27+00:00
SAO_373T-10,São Paulo,3550308,True,,33859,,,-23.548945,-46.60593862499999,,,,2,2023-06-19T16:58:19+00:00
SAO_373T-10,São Paulo,3550308,True,,33859,,,-23.565436,-46.5950435,,,,2,2023-06-19T16:58:12+00:00
SAO_373T-10,São Paulo,3550308,True,,33859,,,-23.5941885,-46.498267,,,,2,2023-06-19T16:58:45+00:00
SAO_373T-10,São Paulo,3550308,True,,33859,,,-23.5941885,-46.498267,,,,2,2023-06-19T16:58:16+00:00
SAO_373T-10,São Paulo,3550308,True,,33859,,,-23.58744,-46.544108,,,,2,2023-06-19T16:58:55+00:00
SAO_373T-10,São Paulo,3550308,True,,33859,,,-23.584459000000003,-46.584635250000005,,,,2,2023-06-19T16:58:15+00:00
SAO_373T-10,São Paulo,3550308,True,,33859,,,-23.5950595,-46.498985,,,,2,2023-06-19T16:58:48+00:00
SAO_373T-10,São Paulo,3550308,True,,33859,,,-23.582527499999998,-46.5633555,,,,2,2023-06-19T16:58:34+00:00
SAO_373T-10,São Paulo,3550308,True,,33859,,,-23.5865175,-46.52715525,,,,2,2023-06-19T16:58:50+00:00
SAO_856R-10,São Paulo,3550308,True,,1428,,,-23.669865,-46.719399249999995,,,,1,2023-06-19T16:45:23+00:00
SAO_856R-10,São Paulo,3550308,True,,1428,,,-23.669646,-46.718458,,,,1,2023-06-19T16:58:53+00:00
SAO_856R-10,São Paulo,3550308,True,,1428,,,-23.552603625000003,-46.6746615,,,,1,2023-06-19T16:58:31+00:00
SAO_856R-10,São Paulo,3550308,True,,1428,,,-23.562668125000002,-46.6900645,,,,1,2023-06-19T16:58:34+00:00
SAO_856R-10,São Paulo,3550308,True,,1428,,,-23.562523374999998,-46.6898235,,,,1,2023-06-19T16:58:45+00:00
SAO_856R-10,São Paulo,3550308,True,,1428,,,-23.541159,-46.682286500000004,,,,1,2023-06-19T16:58:13+00:00
SAO_856R-10,São Paulo,3550308,True,,1428,,,-23.584408500000002,-46.68334,,,,1,2023-06-19T16:57:49+00:00
SAO_856R-10,São Paulo,3550308,True,,1428,,,-23.593024874999998,-46.67293325,,,,1,2023-06-19T16:58:47+00:00
SAO_856R-10,São Paulo,3550308,True,,1428,,,-23.669694,-46.71912525,,,,1,2023-06-19T16:58:42+00:00
SAO_856R-10,São Paulo,3550308,True,,1428,,,-23.663030499999998,-46.707468875,,,,1,2023-06-19T16:58:41+00:00
SAO_856R-10,São Paulo,3550308,True,,1428,,,-23.576197999999998,-46.68766125,,,,1,2023-06-19T16:58:53+00:00
SAO_856R-10,São Paulo,3550308,True,,1428,,,-23.669646,-46.718458,,,,1,2023-06-19T16:58:29+00:00
SAO_856R-10,São Paulo,3550308,True,,1428,,,-23.635709,-46.6951405,,,,1,2023-06-19T16:58:39+00:00
SAO_856R-10,São Paulo,3550308,True,,1428,,,-23.5809395,-46.684903250000005,,,,1,2023-06-19T16:58:37+00:00
SAO_856R-10,São Paulo,3550308,True,,1428,,,-23.669865,-46.719399249999995,,,,1,2023-06-19T16:58:49+00:00
SAO_856R-10,São Paulo,3550308,True,,1428,,,-23.523247249999997,-46.70049275,,,,1,2023-06-19T16:58:12+00:00
SAO_4115-10,São Paulo,3550308,True,,33090,,,-23.621776,-46.62868,,,,2,2023-06-19T16:58:19+00:00
SAO_4115-10,São Paulo,3550308,True,,33090,,,-23.56054725,-46.632771625000004,,,,2,2023-06-19T16:58:23+00:00
SAO_2583-10,São Paulo,3550308,True,,33143,,,-23.510439249999997,-46.42165275,,,,2,2023-06-19T16:58:52+00:00
SAO_2583-10,São Paulo,3550308,True,,33143,,,-23.523137249999998,-46.5333235,,,,2,2023-06-19T16:58:43+00:00
SAO_2583-10,São Paulo,3550308,True,,33143,,,-23.495133,-46.44280775,,,,2,2023-06-19T16:58:24+00:00
SAO_2583-10,São Paulo,3550308,True,,33143,,,-23.510439249999997,-46.42165275,,,,2,2023-06-19T16:58:50+00:00
SAO_2127-10,São Paulo,3550308,True,,33461,,,-23.507074,-46.5962295,,,,2,2023-06-19T16:56:31+00:00
SAO_2127-10,São Paulo,3550308,True,,33461,,,-23.47858,-46.570366,,,,2,2023-06-19T16:58:49+00:00
SAO_2127-10,São Paulo,3550308,True,,33461,,,-23.478293,-46.56974099999999,,,,2,2023-06-19T16:58:26+00:00
SAO_2127-10,São Paulo,3550308,True,,33461,,,-23.4849295,-46.5694385,,,,2,2023-06-19T16:55:33+00:00
SAO_2127-10,São Paulo,3550308,True,,33461,,,-23.478431,-46.570043,,,,2,2023-06-19T16:58:55+00:00
SAO_2127-10,São Paulo,3550308,True,,33461,,,-23.536267000000002,-46.6164515,,,,2,2023-06-19T16:58:43+00:00
SAO_2127-10,São Paulo,3550308,True,,33461,,,-23.547818999999997,-46.630216000000004,,,,2,2023-06-19T16:58:49+00:00
SAO_3054-10,São Paulo,3550308,True,,33743,,,-23.6112465,-46.493599,,,,2,2023-06-19T16:58:51+00:00
SAO_3054-10,São Paulo,3550308,True,,33743,,,-23.604898499999997,-46.480576,,,,2,2023-06-19T16:58:12+00:00
SAO_3054-10,São Paulo,3550308,True,,33743,,,-23.609623,-46.4081455,,,,2,2023-06-19T16:58:27+00:00
SAO_3054-10,São Paulo,3550308,True,,33743,,,-23.594965,-46.42368075,,,,2,2023-06-19T16:58:16+00:00
SAO_3054-10,São Paulo,3550308,True,,33743,,,-23.596308999999998,-46.455173,,,,2,2023-06-19T16:58:32+00:00
SAO_3054-10,São Paulo,3550308,True,,33743,,,-23.6042985,-46.4899235,,,,2,2023-06-19T16:58:35+00:00
SAO_312N-10,São Paulo,3550308,True,,33758,,,-23.491016,-46.441969,,,,2,2023-06-19T16:58:49+00:00
SAO_312N-10,São Paulo,3550308,True,,33758,,,-23.565147000000003,-46.408932875,,,,2,2023-06-19T16:58:30+00:00
SAO_312N-10,São Paulo,3550308,True,,33758,,,-23.491016,-46.441969,,,,2,2023-06-19T16:58:28+00:00
SAO_312N-10,São Paulo,3550308,True,,33758,,,-23.567613,-46.402098624999994,,,,2,2023-06-19T16:58:44+00:00
SAO_312N-10,São Paulo,3550308,True,,33758,,,-23.491016,-46.441969,,,,2,2023-06-19T16:58:18+00:00
SAO_312N-10,São Paulo,3550308,True,,33758,,,-23.53632,-46.403524000000004,,,,2,2023-06-19T16:58:41+00:00
SAO_312N-10,São Paulo,3550308,True,,33758,,,-23.565147000000003,-46.408932875,,,,2,2023-06-19T16:58:39+00:00
SAO_312N-10,São Paulo,3550308,True,,33758,,,-23.5361735,-46.4032565,,,,2,2023-06-19T16:58:09+00:00
SAO_312N-10,São Paulo,3550308,True,,33758,,,-23.51493575,-46.4146485,,,,2,2023-06-19T16:58:46+00:00
SAO_312N-10,São Paulo,3550308,True,,33758,,,-23.4952525,-46.43242,,,,2,2023-06-19T16:58:14+00:00
SAO_312N-10,São Paulo,3550308,True,,33758,,,-23.491016,-46.441969,,,,2,2023-06-19T16:58:33+00:00
SAO_312N-10,São Paulo,3550308,True,,33758,,,-23.491016,-46.441969,,,,2,2023-06-19T16:58:53+00:00
SAO_807M-10,São Paulo,3550308,True,,1916,,,-23.618555999999998,-46.6992355,,,,1,2023-06-19T16:58:24+00:00
SAO_807M-10,São Paulo,3550308,True,,1916,,,-23.631579000000002,-46.772447,,,,1,2023-06-19T16:58:29+00:00
SAO_807M-10,São Paulo,3550308,True,,1916,,,-23.628749999999997,-46.7683145,,,,1,2023-06-19T16:58:51+00:00
SAO_807M-10,São Paulo,3550308,True,,1916,,,-23.6053645,-46.725202249999995,,,,1,2023-06-19T16:58:51+00:00
SAO_807M-10,São Paulo,3550308,True,,1916,,,-23.624281500000002,-46.756929,,,,1,2023-06-19T16:58:27+00:00
SAO_807M-10,São Paulo,3550308,True,,1916,,,-23.6118265,-46.74371525,,,,1,2023-06-19T16:58:38+00:00
SAO_807M-10,São Paulo,3550308,True,,1916,,,-23.618586,-46.698989,,,,1,2023-06-19T16:58:54+00:00
SAO_807M-10,São Paulo,3550308,True,,1916,,,-23.626072999999998,-46.765776,,,,1,2023-06-19T16:58:48+00:00
SAO_2728-10,São Paulo,3550308,True,,33711,,,-23.519182999999998,-46.546476999999996,,,,2,2023-06-19T16:58:21+00:00
SAO_2728-10,São Paulo,3550308,True,,33711,,,-23.5010325,-46.5124385,,,,2,2023-06-19T16:58:31+00:00
SAO_2728-10,São Paulo,3550308,True,,33711,,,-23.53138275,-46.549107125000006,,,,2,2023-06-19T16:58:15+00:00
SAO_2728-10,São Paulo,3550308,True,,33711,,,-23.50133,-46.5125285,,,,2,2023-06-19T16:58:32+00:00
SAO_2728-10,São Paulo,3550308,True,,33711,,,-23.501779,-46.512569,,,,2,2023-06-19T16:58:27+00:00
SAO_2728-10,São Paulo,3550308,True,,33711,,,-23.512290999999998,-46.5454965,,,,2,2023-06-19T16:54:58+00:00
SAO_5105-10,São Paulo,3550308,True,,34419,,,-23.602994000000002,-46.602816000000004,,,,2,2023-06-19T16:58:42+00:00
SAO_5105-10,São Paulo,3550308,True,,34419,,,-23.603538999999998,-46.601470500000005,,,,2,2023-06-19T16:58:47+00:00
SAO_5105-10,São Paulo,3550308,True,,34419,,,-23.603226749999997,-46.60239175,,,,2,2023-06-19T16:58:24+00:00
SAO_5105-10,São Paulo,3550308,True,,34419,,,-23.549543,-46.627498,,,,2,2023-06-19T16:58:40+00:00
SAO_5105-10,São Paulo,3550308,True,,34419,,,-23.5474295,-46.628690000000006,,,,2,2023-06-19T16:58:44+00:00
SAO_5105-10,São Paulo,3550308,True,,34419,,,-23.5472265,-46.6288135,,,,2,2023-06-19T16:58:13+00:00
SAO_5105-10,São Paulo,3550308,True,,34419,,,-23.5703144375,-46.60550818750001,,,,2,2023-06-19T16:58:37+00:00
SAO_5791-10,São Paulo,3550308,True,,33375,,,-23.688164999999998,-46.642827,,,,2,2023-06-19T16:58:41+00:00
SAO_5791-10,São Paulo,3550308,True,,33375,,,-23.715806999999998,-46.626348500000006,,,,2,2023-06-19T16:58:22+00:00
SAO_5791-10,São Paulo,3550308,True,,33375,,,-23.606443499999997,-46.637484125,,,,2,2023-06-19T16:58:29+00:00
SAO_5791-10,São Paulo,3550308,True,,33375,,,-23.572700625000003,-46.6400825,,,,2,2023-06-19T16:58:08+00:00
SAO_5791-10,São Paulo,3550308,True,,33375,,,-23.6976145,-46.629173,,,,2,2023-06-19T16:58:43+00:00
SAO_5791-10,São Paulo,3550308,True,,33375,,,-23.664265999999998,-46.638065,,,,2,2023-06-19T16:58:37+00:00
SAO_5791-10,São Paulo,3550308,True,,33375,,,-23.715893,-46.624467,,,,2,2023-06-19T16:58:35+00:00
SAO_5791-10,São Paulo,3550308,True,,33375,,,-23.631601,-46.646734499999994,,,,2,2023-06-19T16:58:19+00:00
SAO_5791-10,São Paulo,3550308,True,,33375,,,-23.7160135,-46.624853,,,,2,2023-06-19T16:58:14+00:00
SAO_9023-10,São Paulo,3550308,True,,1437,,,-23.456992,-46.718653,,,,1,2023-06-19T16:58:26+00:00
SAO_9023-10,São Paulo,3550308,True,,1437,,,-23.4360785,-46.7138985,,,,1,2023-06-19T16:58:30+00:00
SAO_6091-10,São Paulo,3550308,True,,33943,,,-23.862347500000002,-46.712974,,,,2,2023-06-19T16:58:52+00:00
SAO_6091-10,São Paulo,3550308,True,,33943,,,-23.862353499999998,-46.712526,,,,2,2023-06-19T16:58:10+00:00
SAO_6091-10,São Paulo,3550308,True,,33943,,,-23.8285785,-46.725187500000004,,,,2,2023-06-19T16:58:13+00:00
SAO_6091-10,São Paulo,3550308,True,,33943,,,-23.8623725,-46.713284,,,,2,2023-06-19T16:58:12+00:00
SAO_6091-10,São Paulo,3550308,True,,33943,,,-23.862472,-46.714162,,,,2,2023-06-19T16:58:49+00:00
SAO_6091-10,São Paulo,3550308,True,,33943,,,-23.716303,-46.6992665,,,,2,2023-06-19T16:58:53+00:00
SAO_6091-10,São Paulo,3550308,True,,33943,,,-23.7444815,-46.707066499999996,,,,2,2023-06-19T16:58:26+00:00
SAO_6091-10,São Paulo,3550308,True,,33943,,,-23.7471885,-46.708067,,,,2,2023-06-19T16:58:49+00:00
SAO_6091-10,São Paulo,3550308,True,,33943,,,-23.86243975,-46.713871000000005,,,,2,2023-06-19T16:58:23+00:00
SAO_6091-10,São Paulo,3550308,True,,33943,,,-23.862353499999998,-46.712526,,,,2,2023-06-19T16:58:38+00:00
SAO_6091-10,São Paulo,3550308,True,,33943,,,-23.862347500000002,-46.712974,,,,2,2023-06-19T16:58:25+00:00
SAO_6091-10,São Paulo,3550308,True,,33943,,,-23.697830500000002,-46.700599375,,,,2,2023-06-19T16:58:45+00:00
SAO_675N-10,São Paulo,3550308,True,EMTU,362,https://moovitapp.com/index/pt-br/transporte_p%C3%BAblico-line-362-Sao_Paulo-242-2038937-36419443-0,6.25,-23.653890625,-46.71154075,,,,1,2023-06-19T16:58:25+00:00
SAO_675N-10,São Paulo,3550308,True,EMTU,362,https://moovitapp.com/index/pt-br/transporte_p%C3%BAblico-line-362-Sao_Paulo-242-2038937-36419443-0,6.25,-23.63381475,-46.7118495,,,,1,2023-06-19T16:58:44+00:00
SAO_675N-10,São Paulo,3550308,True,EMTU,362,https://moovitapp.com/index/pt-br/transporte_p%C3%BAblico-line-362-Sao_Paulo-242-2038937-36419443-0,6.25,-23.5950225,-46.6896335,,,,1,2023-06-19T16:58:44+00:00
SAO_675N-10,São Paulo,3550308,True,EMTU,362,https://moovitapp.com/index/pt-br/transporte_p%C3%BAblico-line-362-Sao_Paulo-242-2038937-36419443-0,6.25,-23.5819905,-46.6382075,,,,1,2023-06-19T16:58:51+00:00
SAO_675N-10,São Paulo,3550308,True,EMTU,362,https://moovitapp.com/index/pt-br/transporte_p%C3%BAblico-line-362-Sao_Paulo-242-2038937-36419443-0,6.25,-23.6050065,-46.663439625,,,,1,2023-06-19T16:58:52+00:00
SAO_675N-10,São Paulo,3550308,True,EMTU,362,https://moovitapp.com/index/pt-br/transporte_p%C3%BAblico-line-362-Sao_Paulo-242-2038937-36419443-0,6.25,-23.596066375,-46.65354425,,,,1,2023-06-19T16:58:44+00:00
SAO_675N-10,São Paulo,3550308,True,EMTU,362,https://moovitapp.com/index/pt-br/transporte_p%C3%BAblico-line-362-Sao_Paulo-242-2038937-36419443-0,6.25,-23.654262,-46.713696,,,,1,2023-06-19T16:58:52+00:00
SAO_888P-10,São Paulo,3550308,True,,33222,,,-23.43782,-46.717404125,,,,2,2023-06-19T16:58:11+00:00
SAO_888P-10,São Paulo,3550308,True,,33222,,,-23.405151500000002,-46.751794000000004,,,,2,2023-06-19T16:58:29+00:00
SAO_888P-10,São Paulo,3550308,True,,33222,,,-23.408178,-46.7411865,,,,2,2023-06-19T16:58:34+00:00
SAO_888P-10,São Paulo,3550308,True,,33222,,,-23.408456,-46.7408545,,,,2,2023-06-19T16:58:44+00:00
SAO_2716-10,São Paulo,3550308,True,,929,,,-23.517443,-46.535622000000004,,,,1,2023-06-19T16:58:48+00:00
SAO_2716-10,São Paulo,3550308,True,,929,,,-23.5258745,-46.546429,,,,1,2023-06-19T16:58:34+00:00
SAO_675P-10,São Paulo,3550308,True,STT,275,https://moovitapp.com/index/pt-br/transporte_p%C3%BAblico-line-275-Sao_Paulo-242-850661-183275-0,5.3,-23.6366175,-46.641171,,,,1,2023-06-19T16:58:31+00:00
SAO_675P-10,São Paulo,3550308,True,STT,275,https://moovitapp.com/index/pt-br/transporte_p%C3%BAblico-line-275-Sao_Paulo-242-850661-183275-0,5.3,-23.65280525,-46.680805750000005,,,,1,2023-06-19T16:56:06+00:00
SAO_675P-10,São Paulo,3550308,True,STT,275,https://moovitapp.com/index/pt-br/transporte_p%C3%BAblico-line-275-Sao_Paulo-242-850661-183275-0,5.3,-23.6385625,-46.6326495,,,,1,2023-06-19T16:58:40+00:00
SAO_6059-10,São Paulo,3550308,True,,33994,,,-23.6802975,-46.743245,,,,2,2023-06-19T16:58:32+00:00
SAO_6059-10,São Paulo,3550308,True,,33994,,,-23.672041,-46.744248999999996,,,,2,2023-06-19T16:58:12+00:00
SAO_6059-10,São Paulo,3550308,True,,33994,,,-23.639552,-46.720392000000004,,,,2,2023-06-19T16:58:55+00:00
SAO_6059-10,São Paulo,3550308,True,,33994,,,-23.6801945,-46.742717,,,,2,2023-06-19T16:58:13+00:00
SAO_6059-10,São Paulo,3550308,True,,33994,,,-23.660598,-46.736524,,,,2,2023-06-19T16:58:16+00:00
SAO_3112-10,São Paulo,3550308,True,,33848,,,-23.610093499999998,-46.5294835,,,,2,2023-06-19T16:58:43+00:00
SAO_3112-10,São Paulo,3550308,True,,33848,,,-23.60308325,-46.52735025,,,,2,2023-06-19T16:58:46+00:00
SAO_3112-10,São Paulo,3550308,True,,33848,,,-23.60308325,-46.52735025,,,,2,2023-06-19T16:58:13+00:00
SAO_3112-10,São Paulo,3550308,True,,33848,,,-23.577922,-46.57730275,,,,2,2023-06-19T16:58:32+00:00
SAO_3112-10,São Paulo,3550308,True,,33848,,,-23.610093499999998,-46.5294835,,,,2,2023-06-19T16:58:14+00:00
SAO_3112-10,São Paulo,3550308,True,,33848,,,-23.547205624999997,-46.5966635,,,,2,2023-06-19T16:58:22+00:00
SAO_3112-10,São Paulo,3550308,True,,33848,,,-23.565955250000002,-46.594126,,,,2,2023-06-19T16:58:41+00:00
SAO_3112-10,São Paulo,3550308,True,,33848,,,-23.56610575,-46.593838,,,,2,2023-06-19T16:58:48+00:00
SAO_695V-10,São Paulo,3550308,True,,8,,,-23.62561,-46.682781000000006,,,,1,2023-06-19T16:58:38+00:00
SAO_695V-10,São Paulo,3550308,True,,8,,,-23.65017425,-46.756074,,,,1,2023-06-19T16:58:55+00:00
SAO_695V-10,São Paulo,3550308,True,,8,,,-23.58276,-46.6376645,,,,1,2023-06-19T16:58:23+00:00
SAO_695V-10,São Paulo,3550308,True,,8,,,-23.59990275,-46.658639,,,,1,2023-06-19T16:58:27+00:00
SAO_148L-10,São Paulo,3550308,True,EMTU,531,https://moovitapp.com/index/pt-br/transporte_p%C3%BAblico-line-531-Sao_Paulo-242-2038937-36419543-0,4.4,-23.48710475,-46.6756305,,,,1,2023-06-19T16:58:44+00:00
SAO_148L-10,São Paulo,3550308,True,EMTU,531,https://moovitapp.com/index/pt-br/transporte_p%C3%BAblico-line-531-Sao_Paulo-242-2038937-36419543-0,4.4,-23.454537,-46.6522975,,,,1,2023-06-19T16:58:31+00:00
SAO_148L-10,São Paulo,3550308,True,EMTU,531,https://moovitapp.com/index/pt-br/transporte_p%C3%BAblico-line-531-Sao_Paulo-242-2038937-36419543-0,4.4,-23.5160785,-46.698674499999996,,,,1,2023-06-19T16:58:53+00:00
SAO_148L-10,São Paulo,3550308,True,EMTU,531,https://moovitapp.com/index/pt-br/transporte_p%C3%BAblico-line-531-Sao_Paulo-242-2038937-36419543-0,4.4,-23.489724000000002,-46.675415,,,,1,2023-06-19T16:58:47+00:00
SAO_148L-10,São Paulo,3550308,True,EMTU,531,https://moovitapp.com/index/pt-br/transporte_p%C3%BAblico-line-531-Sao_Paulo-242-2038937-36419543-0,4.4,-23.471783000000002,-46.6512415,,,,1,2023-06-19T16:58:10+00:00
SAO_148L-10,São Paulo,3550308,True,EMTU,531,https://moovitapp.com/index/pt-br/transporte_p%C3%BAblico-line-531-Sao_Paulo-242-2038937-36419543-0,4.4,-23.454345,-46.6522645,,,,1,2023-06-19T16:58:23+00:00
SAO_407E-10,São Paulo,3550308,True,,34983,,,-23.541407,-46.5362695,,,,2,2023-06-19T16:58:35+00:00
SAO_407E-10,São Paulo,3550308,True,,34983,,,-23.633248000000002,-46.4428945,,,,2,2023-06-19T16:58:23+00:00
SAO_407E-10,São Paulo,3550308,True,,34983,,,-23.567271499999997,-46.5067825,,,,2,2023-06-19T16:58:37+00:00
SAO_407E-10,São Paulo,3550308,True,,34983,,,-23.5982125,-46.467313000000004,,,,2,2023-06-19T16:58:25+00:00
SAO_407E-10,São Paulo,3550308,True,,34983,,,-23.619170500000003,-46.468322,,,,2,2023-06-19T16:58:48+00:00
SAO_5290-10,São Paulo,3550308,True,,597,,,-23.6816055,-46.6367515,,,,1,2023-06-19T16:58:51+00:00
SAO_5290-10,São Paulo,3550308,True,,597,,,-23.6298775,-46.6465295,,,,1,2023-06-19T16:58:48+00:00
SAO_5290-10,São Paulo,3550308,True,,597,,,-23.556855,-46.6363075,,,,1,2023-06-19T16:58:35+00:00
SAO_5290-10,São Paulo,3550308,True,,597,,,-23.678641499999998,-46.63029575,,,,1,2023-06-19T16:58:31+00:00
SAO_5290-10,São Paulo,3550308,True,,597,,,-23.5465655,-46.630341,,,,1,2023-06-19T16:58:26+00:00
SAO_5290-10,São Paulo,3550308,True,,597,,,-23.606356375,-46.6373095,,,,1,2023-06-19T16:58:17+00:00
SAO_5290-10,São Paulo,3550308,True,,597,,,-23.544351,-46.63002,,,,1,2023-06-19T16:58:49+00:00
SAO_8300-10,São Paulo,3550308,True,,1264,,,-23.519739,-46.7008255,,,,1,2023-06-19T16:58:38+00:00
SAO_8300-10,São Paulo,3550308,True,,1264,,,-23.485881499999998,-46.725865,,,,1,2023-06-19T16:58:27+00:00
SAO_8300-10,São Paulo,3550308,True,,1264,,,-23.4888475,-46.710963,,,,1,2023-06-19T16:58:49+00:00
SAO_271F-10,São Paulo,3550308,True,,33451,,,-23.5171885,-46.616377,,,,2,2023-06-19T16:58:45+00:00
SAO_271F-10,São Paulo,3550308,True,,33451,,,-23.517652,-46.6164195,,,,2,2023-06-19T16:58:09+00:00
SAO_271F-10,São Paulo,3550308,True,,33451,,,-23.5174605,-46.6164065,,,,2,2023-06-19T16:58:26+00:00
SAO_271F-10,São Paulo,3550308,True,,33451,,,-23.54102225,-46.613502249999996,,,,2,2023-06-19T16:55:46+00:00
SAO_271F-10,São Paulo,3550308,True,,33451,,,-23.542358,-46.589724000000004,,,,2,2023-06-19T16:58:15+00:00
SAO_271F-10,São Paulo,3550308,True,,33451,,,-23.517145,-46.6084975,,,,2,2023-06-19T16:58:11+00:00
SAO_6027-10,São Paulo,3550308,True,,90,,,-23.722094,-46.692022,,,,1,2023-06-19T16:58:22+00:00
SAO_6027-10,São Paulo,3550308,True,,90,,,-23.679793,-46.7063865,,,,1,2023-06-19T16:58:30+00:00
SAO_6027-10,São Paulo,3550308,True,,90,,,-23.7210675,-46.672234,,,,1,2023-06-19T16:58:20+00:00
SAO_6027-10,São Paulo,3550308,True,,90,,,-23.654322,-46.712858499999996,,,,1,2023-06-19T16:58:47+00:00
SAO_6027-10,São Paulo,3550308,True,,90,,,-23.6827,-46.704150999999996,,,,1,2023-06-19T16:58:56+00:00
SAO_6013-10,São Paulo,3550308,True,,186,,,-23.7000675,-46.7643525,,,,1,2023-06-19T16:58:20+00:00
SAO_6013-10,São Paulo,3550308,True,,186,,,-23.664967,-46.737057,,,,1,2023-06-19T16:58:38+00:00
SAO_6013-10,São Paulo,3550308,True,,186,,,-23.699185,-46.7630965,,,,1,2023-06-19T16:58:44+00:00
SAO_6013-10,São Paulo,3550308,True,,186,,,-23.699185,-46.7630965,,,,1,2023-06-19T16:58:37+00:00
SAO_6013-10,São Paulo,3550308,True,,186,,,-23.68714725,-46.77138625,,,,1,2023-06-19T16:57:28+00:00
SAO_971D-10,São Paulo,3550308,True,,33477,,,-23.448029,-46.6970745,,,,2,2023-06-19T16:58:49+00:00
SAO_971D-10,São Paulo,3550308,True,,33477,,,-23.44795,-46.697022000000004,,,,2,2023-06-19T16:58:32+00:00
SAO_971D-10,São Paulo,3550308,True,,33477,,,-23.448029,-46.6970745,,,,2,2023-06-19T16:52:58+00:00
SAO_971D-10,São Paulo,3550308,True,,33477,,,-23.4847465,-46.6532165,,,,2,2023-06-19T16:58:31+00:00
SAO_971D-10,São Paulo,3550308,True,,33477,,,-23.4944455,-46.625870500000005,,,,2,2023-06-19T16:55:53+00:00
SAO_971D-10,São Paulo,3550308,True,,33477,,,-23.451695,-46.6979965,,,,2,2023-06-19T16:57:46+00:00
SAO_971D-10,São Paulo,3550308,True,,33477,,,-23.462994000000002,-46.6697405,,,,2,2023-06-19T16:58:29+00:00
SAO_1709-10,São Paulo,3550308,True,,851,,,-23.4412375,-46.5814765,,,,1,2023-06-19T16:58:18+00:00
SAO_1709-10,São Paulo,3550308,True,,851,,,-23.4412375,-46.5814765,,,,1,2023-06-19T16:58:33+00:00
SAO_1709-10,São Paulo,3550308,True,,851,,,-23.4412375,-46.5814765,,,,1,2023-06-19T16:58:31+00:00
SAO_1709-10,São Paulo,3550308,True,,851,,,-23.4412375,-46.5814765,,,,1,2023-06-19T16:58:22+00:00
SAO_1709-10,São Paulo,3550308,True,,851,,,-23.443011,-46.592109,,,,1,2023-06-19T16:58:24+00:00
SAO_1709-10,São Paulo,3550308,True,,851,,,-23.450993,-46.596401,,,,1,2023-06-19T16:58:45+00:00
SAO_1709-10,São Paulo,3550308,True,,851,,,-23.476693500000003,-46.6043595,,,,1,2023-06-19T16:58:24+00:00
SAO_1709-10,São Paulo,3550308,True,,851,,,-23.460226874999996,-46.60259225,,,,1,2023-06-19T16:58:22+00:00
SAO_1709-10,São Paulo,3550308,True,,851,,,-23.4412375,-46.5814765,,,,1,2023-06-19T16:58:46+00:00
SAO_3739-10,São Paulo,3550308,True,,33807,,,-23.6121585,-46.416186499999995,,,,2,2023-06-19T16:58:27+00:00
SAO_3739-10,São Paulo,3550308,True,,33807,,,-23.61229,-46.416155,,,,2,2023-06-19T16:58:26+00:00
SAO_3739-10,São Paulo,3550308,True,,33807,,,-23.6121585,-46.416186499999995,,,,2,2023-06-19T16:58:18+00:00
SAO_3739-10,São Paulo,3550308,True,,33807,,,-23.612344,-46.416132000000005,,,,2,2023-06-19T16:58:33+00:00
SAO_3739-10,São Paulo,3550308,True,,33807,,,-23.54553525,-46.46165175,,,,2,2023-06-19T16:58:23+00:00
SAO_3739-10,São Paulo,3550308,True,,33807,,,-23.61229,-46.416155,,,,2,2023-06-19T16:58:13+00:00
SAO_3739-10,São Paulo,3550308,True,,33807,,,-23.61229,-46.416155,,,,2,2023-06-19T16:58:35+00:00
SAO_3739-10,São Paulo,3550308,True,,33807,,,-23.572051000000002,-46.446417,,,,2,2023-06-19T16:58:56+00:00
SAO_3739-10,São Paulo,3550308,True,,33807,,,-23.602775,-46.430669,,,,2,2023-06-19T16:58:15+00:00
SAO_6035-10,São Paulo,3550308,True,,1213,,,-23.698281,-46.7793485,,,,1,2023-06-19T16:58:31+00:00
SAO_6035-10,São Paulo,3550308,True,,1213,,,-23.6808705,-46.76568425,,,,1,2023-06-19T16:58:53+00:00
SAO_6035-10,São Paulo,3550308,True,,1213,,,-23.688748,-46.772769875,,,,1,2023-06-19T16:58:43+00:00
SAO_6035-10,São Paulo,3550308,True,,1213,,,-23.7151925,-46.770497,,,,1,2023-06-19T16:58:50+00:00
SAO_6035-10,São Paulo,3550308,True,,1213,,,-23.7238405,-46.7588135,,,,1,2023-06-19T16:58:18+00:00
SAO_6035-10,São Paulo,3550308,True,,1213,,,-23.671774,-46.7412225,,,,1,2023-06-19T16:58:13+00:00
SAO_971M-10,São Paulo,3550308,True,,33380,,,-23.47699275,-46.6725655,,,,2,2023-06-19T16:58:49+00:00
SAO_971M-10,São Paulo,3550308,True,,33380,,,-23.48400425,-46.630812500000005,,,,2,2023-06-19T16:58:36+00:00
SAO_971M-10,São Paulo,3550308,True,,33380,,,-23.499039500000002,-46.624944,,,,2,2023-06-19T16:58:14+00:00
SAO_971M-10,São Paulo,3550308,True,,33380,,,-23.5014265,-46.626054499999995,,,,2,2023-06-19T16:58:50+00:00
SAO_971M-10,São Paulo,3550308,True,,33380,,,-23.478443,-46.685433,,,,2,2023-06-19T16:58:26+00:00
SAO_971M-10,São Paulo,3550308,True,,33380,,,-23.473622,-46.6698555,,,,2,2023-06-19T16:58:28+00:00
SAO_971M-10,São Paulo,3550308,True,,33380,,,-23.490305,-46.6886595,,,,2,2023-06-19T16:58:24+00:00
SAO_971M-10,São Paulo,3550308,True,,33380,,,-23.50092025,-46.624976625,,,,2,2023-06-19T16:58:33+00:00
SAO_675A-10,São Paulo,3550308,True,,34086,,,-23.6619785,-46.755653,,,,2,2023-06-19T16:58:13+00:00
SAO_675A-10,São Paulo,3550308,True,,34086,,,-23.6619925,-46.7557755,,,,2,2023-06-19T16:58:38+00:00
SAO_675A-10,São Paulo,3550308,True,,34086,,,-23.6617355,-46.752981500000004,,,,2,2023-06-19T16:58:26+00:00
SAO_675A-10,São Paulo,3550308,True,,34086,,,-23.66295325,-46.75586225000001,,,,2,2023-06-19T16:58:48+00:00
SAO_675A-10,São Paulo,3550308,True,,34086,,,-23.607637,-46.652711,,,,2,2023-06-19T16:58:23+00:00
SAO_675A-10,São Paulo,3550308,True,,34086,,,-23.6619785,-46.755653,,,,2,2023-06-19T16:58:38+00:00
SAO_675A-10,São Paulo,3550308,True,,34086,,,-23.634151000000003,-46.7124635,,,,2,2023-06-19T16:58:31+00:00
SAO_6030-10,São Paulo,3550308,True,,33910,,,-23.729829000000002,-46.7088665,,,,2,2023-06-19T16:58:18+00:00
SAO_6030-10,São Paulo,3550308,True,,33910,,,-23.741073,-46.707885000000005,,,,2,2023-06-19T16:58:35+00:00
SAO_6030-10,São Paulo,3550308,True,,33910,,,-23.6758905,-46.699286,,,,2,2023-06-19T16:58:22+00:00
SAO_6030-10,São Paulo,3550308,True,,33910,,,-23.661725,-46.7062455,,,,2,2023-06-19T16:58:46+00:00
SAO_6030-10,São Paulo,3550308,True,,33910,,,-23.653945999999998,-46.711372,,,,2,2023-06-19T16:58:43+00:00
SAO_6030-10,São Paulo,3550308,True,,33910,,,-23.715805000000003,-46.699250500000005,,,,2,2023-06-19T16:58:52+00:00
SAO_6030-10,São Paulo,3550308,True,,33910,,,-23.740774000000002,-46.70742,,,,2,2023-06-19T16:58:52+00:00
SAO_857A-10,São Paulo,3550308,True,,34693,,,-23.5852035,-46.6768855,,,,2,2023-06-19T16:58:49+00:00
SAO_857A-10,São Paulo,3550308,True,,34693,,,-23.5868335,-46.725097500000004,,,,2,2023-06-19T16:58:55+00:00
SAO_857A-10,São Paulo,3550308,True,,34693,,,-23.626731250000002,-46.766326,,,,2,2023-06-19T16:58:19+00:00
SAO_857A-10,São Paulo,3550308,True,,34693,,,-23.59664075,-46.650501250000005,,,,2,2023-06-19T16:58:40+00:00
SAO_857A-10,São Paulo,3550308,True,,34693,,,-23.631218,-46.773197499999995,,,,2,2023-06-19T16:58:12+00:00
SAO_857A-10,São Paulo,3550308,True,,34693,,,-23.6313825,-46.77286,,,,2,2023-06-19T16:58:14+00:00
SAO_407T-10,São Paulo,3550308,True,,2202,,,-23.538669499999997,-46.4415705,,,,1,2023-06-19T16:56:35+00:00
SAO_407T-10,São Paulo,3550308,True,,2202,,,-23.53482375,-46.452111,,,,1,2023-06-19T16:58:38+00:00
SAO_9701-10,São Paulo,3550308,True,,569,,,-23.4765885,-46.6674915,,,,1,2023-06-19T16:58:17+00:00
SAO_9701-10,São Paulo,3550308,True,,569,,,-23.4765885,-46.6674915,,,,1,2023-06-19T16:55:32+00:00
SAO_9701-10,São Paulo,3550308,True,,569,,,-23.496296,-46.6623345,,,,1,2023-06-19T16:58:53+00:00
SAO_9701-10,São Paulo,3550308,True,,569,,,-23.4765885,-46.6674915,,,,1,2023-06-19T16:58:36+00:00
SAO_9701-10,São Paulo,3550308,True,,569,,,-23.4765885,-46.6674915,,,,1,2023-06-19T16:58:50+00:00
SAO_8400-10,São Paulo,3550308,True,,1265,,,-23.486878500000003,-46.7265645,,,,1,2023-06-19T16:58:36+00:00
SAO_8400-10,São Paulo,3550308,True,,1265,,,-23.510699,-46.705584,,,,1,2023-06-19T16:58:44+00:00
SAO_8400-10,São Paulo,3550308,True,,1265,,,-23.5411785,-46.64243825,,,,1,2023-06-19T16:58:45+00:00
SAO_8400-10,São Paulo,3550308,True,,1265,,,-23.486878500000003,-46.7265645,,,,1,2023-06-19T16:58:11+00:00
SAO_8400-10,São Paulo,3550308,True,,1265,,,-23.486878500000003,-46.7265645,,,,1,2023-06-19T16:58:14+00:00
SAO_8400-10,São Paulo,3550308,True,,1265,,,-23.525448,-46.682723375,,,,1,2023-06-19T16:58:36+00:00
SAO_8400-10,São Paulo,3550308,True,,1265,,,-23.533915,-46.6554855,,,,1,2023-06-19T16:58:51+00:00
SAO_8400-10,São Paulo,3550308,True,,1265,,,-23.510699,-46.705584,,,,1,2023-06-19T16:58:53+00:00
SAO_8400-10,São Paulo,3550308,True,,1265,,,-23.4867405,-46.71506125,,,,1,2023-06-19T16:58:16+00:00
SAO_7013-10,São Paulo,3550308,True,,775,,,-23.639982,-46.749115,,,,1,2023-06-19T16:58:44+00:00
SAO_7013-10,São Paulo,3550308,True,,775,,,-23.59203575,-46.735672,,,,1,2023-06-19T16:58:54+00:00
SAO_7013-10,São Paulo,3550308,True,,775,,,-23.639982,-46.749115,,,,1,2023-06-19T16:58:20+00:00
SAO_7013-10,São Paulo,3550308,True,,775,,,-23.608897,-46.7516605,,,,1,2023-06-19T16:58:42+00:00
SAO_3787-10,São Paulo,3550308,True,,1612,,,-23.593941,-46.40614975,,,,1,2023-06-19T16:58:52+00:00
SAO_3787-10,São Paulo,3550308,True,,1612,,,-23.594182,-46.413424000000006,,,,1,2023-06-19T16:58:17+00:00
SAO_3787-10,São Paulo,3550308,True,,1612,,,-23.5629695,-46.44609975,,,,1,2023-06-19T16:58:42+00:00
SAO_3787-10,São Paulo,3550308,True,,1612,,,-23.602252999999997,-46.3983735,,,,1,2023-06-19T16:58:14+00:00
SAO_3787-10,São Paulo,3550308,True,,1612,,,-23.562078624999998,-46.445963,,,,1,2023-06-19T16:58:10+00:00
SAO_3787-10,São Paulo,3550308,True,,1612,,,-23.543105,-46.46927075,,,,1,2023-06-19T16:58:15+00:00
SAO_3787-10,São Paulo,3550308,True,,1612,,,-23.5563915,-46.4500565,,,,1,2023-06-19T16:58:14+00:00
SAO_3787-10,São Paulo,3550308,True,,1612,,,-23.5425095,-46.470524,,,,1,2023-06-19T16:58:35+00:00
SAO_5032-10,São Paulo,3550308,True,,1662,,,-23.59599725,-46.600873,,,,1,2023-06-19T16:58:53+00:00
SAO_5032-10,São Paulo,3550308,True,,1662,,,-23.6368005,-46.593399500000004,,,,1,2023-06-19T16:58:25+00:00
SAO_5032-10,São Paulo,3550308,True,,1662,,,-23.6368005,-46.593399500000004,,,,1,2023-06-19T16:58:36+00:00
SAO_5032-10,São Paulo,3550308,True,,1662,,,-23.6368005,-46.593399500000004,,,,1,2023-06-19T16:58:55+00:00
SAO_5032-10,São Paulo,3550308,True,,1662,,,-23.624238,-46.591031,,,,1,2023-06-19T16:58:16+00:00
SAO_5032-10,São Paulo,3550308,True,,1662,,,-23.6368005,-46.593399500000004,,,,1,2023-06-19T16:58:49+00:00
SAO_5032-10,São Paulo,3550308,True,,1662,,,-23.6368005,-46.593399500000004,,,,1,2023-06-19T16:58:22+00:00
SAO_5032-10,São Paulo,3550308,True,,1662,,,-23.6368005,-46.593399500000004,,,,1,2023-06-19T16:58:21+00:00
SAO_5032-10,São Paulo,3550308,True,,1662,,,-23.5934905,-46.59058025,,,,1,2023-06-19T16:58:45+00:00
SAO_5032-10,São Paulo,3550308,True,,1662,,,-23.6368005,-46.593399500000004,,,,1,2023-06-19T16:58:37+00:00
SAO_5032-10,São Paulo,3550308,True,,1662,,,-23.606748,-46.5932435,,,,1,2023-06-19T16:58:43+00:00
SAO_407J-10,São Paulo,3550308,True,,2198,,,-23.536856874999998,-46.454680375,,,,1,2023-06-19T16:58:36+00:00
SAO_407J-10,São Paulo,3550308,True,,2198,,,-23.553662,-46.403915,,,,1,2023-06-19T16:51:33+00:00
SAO_407J-10,São Paulo,3550308,True,,2198,,,-23.534982499999998,-46.428518499999996,,,,1,2023-06-19T16:58:26+00:00
SAO_407J-10,São Paulo,3550308,True,,2198,,,-23.541215,-46.5774215,,,,1,2023-06-19T16:58:46+00:00
SAO_407J-10,São Paulo,3550308,True,,2198,,,-23.547155,-46.54071462500001,,,,1,2023-06-19T16:58:15+00:00
SAO_407J-10,São Paulo,3550308,True,,2198,,,-23.567283375000002,-46.510680125,,,,1,2023-06-19T16:58:38+00:00
SAO_407J-10,São Paulo,3550308,True,,2198,,,-23.541631,-46.556836374999996,,,,1,2023-06-19T16:58:45+00:00
SAO_407J-10,São Paulo,3550308,True,,2198,,,-23.54505,-46.406206499999996,,,,1,2023-06-19T16:58:27+00:00
SAO_407J-10,São Paulo,3550308,True,,2198,,,-23.558166999999997,-46.474722,,,,1,2023-06-19T16:57:08+00:00
SAO_407J-10,São Paulo,3550308,True,,2198,,,-23.558096,-46.475145499999996,,,,1,2023-06-19T16:58:34+00:00
SAO_1025-10,São Paulo,3550308,True,,2303,,,-23.453190499999998,-46.707206,,,,1,2023-06-19T16:58:32+00:00
SAO_1025-10,São Paulo,3550308,True,,2303,,,-23.485832000000002,-46.6963875,,,,1,2023-06-19T16:58:36+00:00
SAO_938V-10,São Paulo,3550308,True,,33581,,,-23.4527645,-46.6849925,,,,2,2023-06-19T16:58:35+00:00
SAO_938V-10,São Paulo,3550308,True,,33581,,,-23.523571250000003,-46.686012,,,,2,2023-06-19T16:58:51+00:00
SAO_938V-10,São Paulo,3550308,True,,33581,,,-23.522840499999997,-46.697004625000005,,,,2,2023-06-19T16:58:22+00:00
SAO_938V-10,São Paulo,3550308,True,,33581,,,-23.515392,-46.693663625,,,,2,2023-06-19T16:58:22+00:00
SAO_938V-10,São Paulo,3550308,True,,33581,,,-23.4542915,-46.6754385,,,,2,2023-06-19T16:58:38+00:00
SAO_938V-10,São Paulo,3550308,True,,33581,,,-23.487537000000003,-46.692788,,,,2,2023-06-19T16:58:22+00:00
SAO_938V-10,São Paulo,3550308,True,,33581,,,-23.476893,-46.6802025,,,,2,2023-06-19T16:58:15+00:00
SAO_938V-10,São Paulo,3550308,True,,33581,,,-23.4527645,-46.6849925,,,,2,2023-06-19T16:58:27+00:00
SAO_938V-10,São Paulo,3550308,True,,33581,,,-23.488384250000003,-46.69350525,,,,2,2023-06-19T16:58:27+00:00
SAO_3008-10,São Paulo,3550308,True,,2515,,,-23.4941885,-46.400822,,,,1,2023-06-19T16:58:36+00:00
SAO_3008-10,São Paulo,3550308,True,,2515,,,-23.5145305,-46.3958775,,,,1,2023-06-19T16:58:01+00:00
SAO_6052-31,São Paulo,3550308,True,,34600,,,-23.7757335,-46.691438500000004,,,,2,2023-06-19T16:58:25+00:00
SAO_6052-31,São Paulo,3550308,True,,34600,,,-23.76764575,-46.717001249999996,,,,2,2023-06-19T16:58:31+00:00
SAO_407N-10,São Paulo,3550308,True,,2169,,,-23.540865500000002,-46.536621499999995,,,,1,2023-06-19T16:58:10+00:00
SAO_407N-10,São Paulo,3550308,True,,2169,,,-23.562116500000002,-46.509861,,,,1,2023-06-19T16:58:45+00:00
SAO_407N-10,São Paulo,3550308,True,,2169,,,-23.582032749999996,-46.410213375000005,,,,1,2023-06-19T16:58:44+00:00
SAO_407N-10,São Paulo,3550308,True,,2169,,,-23.578761,-46.494406,,,,1,2023-06-19T16:57:53+00:00
SAO_407N-10,São Paulo,3550308,True,,2169,,,-23.5824475,-46.407562999999996,,,,1,2023-06-19T16:58:23+00:00
SAO_407N-10,São Paulo,3550308,True,,2169,,,-23.5985995,-46.466652999999994,,,,1,2023-06-19T16:58:35+00:00
SAO_407N-10,São Paulo,3550308,True,,2169,,,-23.5946735,-46.426711125,,,,1,2023-06-19T16:58:38+00:00
SAO_407N-10,São Paulo,3550308,True,,2169,,,-23.534121,-46.543020999999996,,,,1,2023-06-19T16:58:21+00:00
SAO_7006-51,São Paulo,3550308,True,,1997,,,-23.741728000000002,-46.782376,,,,1,2023-06-19T16:58:50+00:00
SAO_7006-51,São Paulo,3550308,True,,1997,,,-23.6662345,-46.771350999999996,,,,1,2023-06-19T16:58:49+00:00
SAO_7006-51,São Paulo,3550308,True,,1997,,,-23.685542499999997,-46.770193500000005,,,,1,2023-06-19T16:58:39+00:00
SAO_7006-51,São Paulo,3550308,True,,1997,,,-23.749386,-46.7814015,,,,1,2023-06-19T16:58:52+00:00
SAO_7006-51,São Paulo,3550308,True,,1997,,,-23.733190999999998,-46.783828,,,,1,2023-06-19T16:58:38+00:00
SAO_7006-51,São Paulo,3550308,True,,1997,,,-23.67407275,-46.77368725,,,,1,2023-06-19T16:58:52+00:00
SAO_7006-51,São Paulo,3550308,True,,1997,,,-23.694651,-46.779804999999996,,,,1,2023-06-19T16:58:16+00:00
SAO_7006-51,São Paulo,3550308,True,,1997,,,-23.70742125,-46.7843955,,,,1,2023-06-19T16:58:55+00:00
SAO_354M-10,São Paulo,3550308,True,,34387,,,-23.61369375,-46.476260499999995,,,,2,2023-06-19T16:58:23+00:00
SAO_354M-10,São Paulo,3550308,True,,34387,,,-23.491775,-46.434236999999996,,,,2,2023-06-19T16:58:18+00:00
SAO_354M-10,São Paulo,3550308,True,,34387,,,-23.491765,-46.4345455,,,,2,2023-06-19T16:58:39+00:00
SAO_354M-10,São Paulo,3550308,True,,34387,,,-23.50319575,-46.446032,,,,2,2023-06-19T16:58:47+00:00
SAO_354M-10,São Paulo,3550308,True,,34387,,,-23.491775,-46.434236999999996,,,,2,2023-06-19T16:58:50+00:00
SAO_354M-10,São Paulo,3550308,True,,34387,,,-23.491765,-46.4345455,,,,2,2023-06-19T16:58:41+00:00
SAO_354M-10,São Paulo,3550308,True,,34387,,,-23.502494,-46.448097,,,,2,2023-06-19T16:55:22+00:00
SAO_354M-10,São Paulo,3550308,True,,34387,,,-23.491775,-46.434236999999996,,,,2,2023-06-19T16:58:51+00:00
SAO_354M-10,São Paulo,3550308,True,,34387,,,-23.5879805,-46.4426885,,,,2,2023-06-19T16:58:09+00:00
SAO_354M-10,São Paulo,3550308,True,,34387,,,-23.562426875,-46.446031,,,,2,2023-06-19T16:57:44+00:00
SAO_478P-10,São Paulo,3550308,True,EMTU,349,https://moovitapp.com/index/pt-br/transporte_p%C3%BAblico-line-349-Sao_Paulo-242-2038937-36419432-0,5.1,-23.5740945,-46.642083125,,,,1,2023-06-19T16:58:20+00:00
SAO_478P-10,São Paulo,3550308,True,EMTU,349,https://moovitapp.com/index/pt-br/transporte_p%C3%BAblico-line-349-Sao_Paulo-242-2038937-36419432-0,5.1,-23.563880625,-46.618727,,,,1,2023-06-19T16:58:20+00:00
SAO_478P-10,São Paulo,3550308,True,EMTU,349,https://moovitapp.com/index/pt-br/transporte_p%C3%BAblico-line-349-Sao_Paulo-242-2038937-36419432-0,5.1,-23.6246865,-46.6017325,,,,1,2023-06-19T16:58:50+00:00
SAO_478P-10,São Paulo,3550308,True,EMTU,349,https://moovitapp.com/index/pt-br/transporte_p%C3%BAblico-line-349-Sao_Paulo-242-2038937-36419432-0,5.1,-23.52867525,-46.695529750000006,,,,1,2023-06-19T16:58:43+00:00
SAO_8007-10,São Paulo,3550308,True,,34025,,,-23.475406,-46.7563575,,,,2,2023-06-19T16:58:28+00:00
SAO_8007-10,São Paulo,3550308,True,,34025,,,-23.4754595,-46.756460000000004,,,,2,2023-06-19T16:58:33+00:00
SAO_3026-10,São Paulo,3550308,True,,962,,,-23.556988,-46.410579,,,,1,2023-06-19T16:58:45+00:00
SAO_3026-10,São Paulo,3550308,True,,962,,,-23.580306,-46.385187,,,,1,2023-06-19T16:58:35+00:00
SAO_3026-10,São Paulo,3550308,True,,962,,,-23.588956500000002,-46.382895000000005,,,,1,2023-06-19T16:55:46+00:00
SAO_3026-10,São Paulo,3550308,True,,962,,,-23.5827675,-46.386084,,,,1,2023-06-19T16:58:18+00:00
SAO_3026-10,São Paulo,3550308,True,,962,,,-23.5827675,-46.386084,,,,1,2023-06-19T16:57:39+00:00
SAO_3738-10,São Paulo,3550308,True,,33806,,,-23.5628445,-46.3949135,,,,2,2023-06-19T16:58:48+00:00
SAO_3738-10,São Paulo,3550308,False,,33806,,,-23.5629515,-46.3946025,,,,2,2023-06-19T16:58:49+00:00
SAO_3738-10,São Paulo,3550308,True,,33806,,,-23.5629515,-46.3946025,,,,2,2023-06-19T16:58:30+00:00
SAO_3738-10,São Paulo,3550308,True,,33806,,,-23.552236375,-46.442861750000006,,,,2,2023-06-19T16:58:11+00:00
SAO_3738-10,São Paulo,3550308,True,,33806,,,-23.5422585,-46.470022,,,,2,2023-06-19T16:58:25+00:00
SAO_3738-10,São Paulo,3550308,True,,33806,,,-23.563419500000002,-46.397056500000005,,,,2,2023-06-19T16:58:46+00:00
SAO_3738-10,São Paulo,3550308,True,,33806,,,-23.537559,-46.45379225000001,,,,2,2023-06-19T16:58:42+00:00
SAO_3738-10,São Paulo,3550308,True,,33806,,,-23.562663999999998,-46.4191105,,,,2,2023-06-19T16:58:55+00:00
SAO_3738-10,São Paulo,3550308,True,,33806,,,-23.565209000000003,-46.397782250000006,,,,2,2023-06-19T16:58:17+00:00
SAO_2582-10,São Paulo,3550308,True,,33142,,,-23.52042425,-46.54653425,,,,2,2023-06-19T16:58:22+00:00
SAO_2582-10,São Paulo,3550308,True,,33142,,,-23.5134735,-46.4259215,,,,2,2023-06-19T16:58:17+00:00
SAO_2582-10,São Paulo,3550308,True,,33142,,,-23.5191965,-46.423187999999996,,,,2,2023-06-19T16:58:49+00:00
SAO_2582-10,São Paulo,3550308,True,,33142,,,-23.486982,-46.479409000000004,,,,2,2023-06-19T16:58:13+00:00
SAO_2582-10,São Paulo,3550308,True,,33142,,,-23.5330105,-46.563687,,,,2,2023-06-19T16:58:18+00:00
SAO_2582-10,São Paulo,3550308,True,,33142,,,-23.512673,-46.433632,,,,2,2023-06-19T16:56:03+00:00
SAO_2582-10,São Paulo,3550308,True,,33142,,,-23.5459115,-46.621572,,,,2,2023-06-19T16:58:17+00:00
SAO_2582-10,São Paulo,3550308,True,,33142,,,-23.51908225,-46.42337275,,,,2,2023-06-19T16:58:28+00:00
SAO_2582-10,São Paulo,3550308,True,,33142,,,-23.486069,-46.502661,,,,2,2023-06-19T16:55:57+00:00
SAO_2582-10,São Paulo,3550308,True,,33142,,,-23.49894475,-46.52076825,,,,2,2023-06-19T16:58:29+00:00
SAO_2582-10,São Paulo,3550308,True,,33142,,,-23.537573000000002,-46.596209375,,,,2,2023-06-19T16:58:20+00:00
SAO_414P-10,São Paulo,3550308,True,,1105,,,-23.536963,-46.563204,,,,1,2023-06-19T16:58:14+00:00
SAO_414P-10,São Paulo,3550308,True,,1105,,,-23.610801000000002,-46.5299455,,,,1,2023-06-19T16:58:15+00:00
SAO_414P-10,São Paulo,3550308,True,,1105,,,-23.564413000000002,-46.547603,,,,1,2023-06-19T16:58:49+00:00
SAO_414P-10,São Paulo,3550308,True,,1105,,,-23.6072925,-46.531758499999995,,,,1,2023-06-19T16:58:15+00:00
SAO_414P-10,São Paulo,3550308,True,,1105,,,-23.610801000000002,-46.5299455,,,,1,2023-06-19T16:58:55+00:00
SAO_414P-10,São Paulo,3550308,True,,1105,,,-23.58616,-46.5332085,,,,1,2023-06-19T16:58:48+00:00
SAO_414P-10,São Paulo,3550308,True,,1105,,,-23.610801000000002,-46.5299455,,,,1,2023-06-19T16:58:43+00:00
SAO_7062-41,São Paulo,3550308,True,,35039,,,-23.649511,-46.759609499999996,,,,2,2023-06-19T16:58:31+00:00
SAO_7062-41,São Paulo,3550308,True,,35039,,,-23.650688625,-46.770039874999995,,,,2,2023-06-19T16:58:26+00:00
SAO_6475-10,São Paulo,3550308,True,,1317,,,-23.575407875,-46.668967,,,,1,2023-06-19T16:58:32+00:00
SAO_6475-10,São Paulo,3550308,True,,1317,,,-23.6466505,-46.7567905,,,,1,2023-06-19T16:58:28+00:00
SAO_6475-10,São Paulo,3550308,True,,1317,,,-23.54929,-46.6403545,,,,1,2023-06-19T16:58:25+00:00
SAO_6475-10,São Paulo,3550308,True,,1317,,,-23.674720125,-46.76619375,,,,1,2023-06-19T16:58:33+00:00
SAO_675G-10,São Paulo,3550308,True,ETT,106,https://moovitapp.com/index/pt-br/transporte_p%C3%BAblico-line-106-Sao_Paulo-242-876373-496508-0,5.3,-23.7427985,-46.6697255,,,,1,2023-06-19T16:57:44+00:00
SAO_675G-10,São Paulo,3550308,True,ETT,106,https://moovitapp.com/index/pt-br/transporte_p%C3%BAblico-line-106-Sao_Paulo-242-876373-496508-0,5.3,-23.74858225,-46.665585,,,,1,2023-06-19T16:58:50+00:00
SAO_675G-10,São Paulo,3550308,True,ETT,106,https://moovitapp.com/index/pt-br/transporte_p%C3%BAblico-line-106-Sao_Paulo-242-876373-496508-0,5.3,-23.7427985,-46.6697255,,,,1,2023-06-19T16:58:33+00:00
SAO_675G-10,São Paulo,3550308,True,ETT,106,https://moovitapp.com/index/pt-br/transporte_p%C3%BAblico-line-106-Sao_Paulo-242-876373-496508-0,5.3,-23.6465355,-46.639203499999994,,,,1,2023-06-19T16:58:42+00:00
SAO_675G-10,São Paulo,3550308,True,ETT,106,https://moovitapp.com/index/pt-br/transporte_p%C3%BAblico-line-106-Sao_Paulo-242-876373-496508-0,5.3,-23.642576750000003,-46.65633875,,,,1,2023-06-19T16:58:42+00:00
SAO_675G-10,São Paulo,3550308,True,ETT,106,https://moovitapp.com/index/pt-br/transporte_p%C3%BAblico-line-106-Sao_Paulo-242-876373-496508-0,5.3,-23.7535935,-46.6877865,,,,1,2023-06-19T16:58:47+00:00
SAO_6837-10,São Paulo,3550308,True,,6,,,-23.654369000000003,-46.762426500000004,,,,1,2023-06-19T16:58:28+00:00
SAO_6837-10,São Paulo,3550308,True,,6,,,-23.6161065,-46.739967,,,,1,2023-06-19T16:58:45+00:00
SAO_6837-10,São Paulo,3550308,True,,6,,,-23.63643,-46.75984625,,,,1,2023-06-19T16:58:18+00:00
SAO_6837-10,São Paulo,3550308,True,,6,,,-23.6161065,-46.739967,,,,1,2023-06-19T16:58:42+00:00
SAO_6837-10,São Paulo,3550308,True,,6,,,-23.61934475,-46.758154000000005,,,,1,2023-06-19T16:58:52+00:00
SAO_6837-10,São Paulo,3550308,True,,6,,,-23.6161065,-46.739967,,,,1,2023-06-19T16:58:18+00:00
SAO_6837-10,São Paulo,3550308,True,,6,,,-23.654061499999997,-46.763393,,,,1,2023-06-19T16:58:52+00:00
SAO_6837-10,São Paulo,3550308,True,,6,,,-23.6157715,-46.73956200000001,,,,1,2023-06-19T16:58:23+00:00
SAO_6837-10,São Paulo,3550308,True,,6,,,-23.6161065,-46.739967,,,,1,2023-06-19T16:58:29+00:00
SAO_6837-10,São Paulo,3550308,True,,6,,,-23.648577500000002,-46.759617,,,,1,2023-06-19T16:58:45+00:00
SAO_9006-10,São Paulo,3550308,True,,33642,,,-23.464918,-46.690571500000004,,,,2,2023-06-19T16:58:14+00:00
SAO_9006-10,São Paulo,3550308,True,,33642,,,-23.4653195,-46.6903695,,,,2,2023-06-19T16:58:28+00:00
SAO_9006-10,São Paulo,3550308,True,,33642,,,-23.4745815,-46.669976500000004,,,,2,2023-06-19T16:58:40+00:00
SAO_9006-10,São Paulo,3550308,True,,33642,,,-23.4650015,-46.690522,,,,2,2023-06-19T16:58:49+00:00
SAO_9006-10,São Paulo,3550308,True,,33642,,,-23.4672795,-46.6785435,,,,2,2023-06-19T16:58:35+00:00
SAO_746P-10,São Paulo,3550308,True,,33556,,,-23.617432,-46.7210475,,,,2,2023-06-19T16:58:37+00:00
SAO_746P-10,São Paulo,3550308,True,,33556,,,-23.649947,-46.7061525,,,,2,2023-06-19T16:58:32+00:00
SAO_746P-10,São Paulo,3550308,True,,33556,,,-23.617432,-46.7210475,,,,2,2023-06-19T16:58:38+00:00
SAO_746P-10,São Paulo,3550308,True,,33556,,,-23.63488975,-46.7370035,,,,2,2023-06-19T16:58:23+00:00
SAO_746P-10,São Paulo,3550308,True,,33556,,,-23.61699275,-46.720967,,,,2,2023-06-19T16:58:36+00:00
SAO_746P-10,São Paulo,3550308,True,,33556,,,-23.6172295,-46.720997,,,,2,2023-06-19T16:58:12+00:00
SAO_746P-10,São Paulo,3550308,True,,33556,,,-23.61699275,-46.720967,,,,2,2023-06-19T16:58:40+00:00
SAO_746P-10,São Paulo,3550308,True,,33556,,,-23.61699275,-46.720967,,,,2,2023-06-19T16:58:26+00:00
SAO_746P-10,São Paulo,3550308,True,,33556,,,-23.649034625,-46.722080375000004,,,,2,2023-06-19T16:58:52+00:00
SAO_746P-10,São Paulo,3550308,True,,33556,,,-23.649947,-46.7061525,,,,2,2023-06-19T16:58:11+00:00
SAO_6051-10,São Paulo,3550308,True,,33911,,,-23.7621455,-46.689133,,,,2,2023-06-19T16:58:14+00:00
SAO_6051-10,São Paulo,3550308,True,,33911,,,-23.7628215,-46.688933500000005,,,,2,2023-06-19T16:58:21+00:00
SAO_6051-10,São Paulo,3550308,True,,33911,,,-23.7621455,-46.689133,,,,2,2023-06-19T16:58:32+00:00
SAO_6051-10,São Paulo,3550308,True,,33911,,,-23.774055625000003,-46.706195,,,,2,2023-06-19T16:58:34+00:00
SAO_6051-10,São Paulo,3550308,True,,33911,,,-23.7621455,-46.689133,,,,2,2023-06-19T16:58:37+00:00
SAO_5106-10,São Paulo,3550308,True,,34048,,,-23.6848065,-46.653604,,,,2,2023-06-19T16:58:44+00:00
SAO_5106-10,São Paulo,3550308,True,,34048,,,-23.6773545,-46.628788,,,,2,2023-06-19T16:56:59+00:00
SAO_5106-10,São Paulo,3550308,True,,34048,,,-23.636047,-46.641386,,,,2,2023-06-19T16:58:29+00:00
SAO_5106-10,São Paulo,3550308,True,,34048,,,-23.591839,-46.64316325,,,,2,2023-06-19T16:58:25+00:00
SAO_5106-10,São Paulo,3550308,True,,34048,,,-23.586151,-46.647769999999994,,,,2,2023-06-19T16:58:46+00:00
SAO_5106-10,São Paulo,3550308,True,,34048,,,-23.6852145,-46.653948,,,,2,2023-06-19T16:58:25+00:00
SAO_5106-10,São Paulo,3550308,True,,34048,,,-23.685274,-46.654033,,,,2,2023-06-19T16:58:15+00:00
SAO_5106-10,São Paulo,3550308,True,,34048,,,-23.651167,-46.63964,,,,2,2023-06-19T16:58:48+00:00
SAO_407G-10,São Paulo,3550308,True,,2196,,,-23.619660500000002,-46.460933,,,,1,2023-06-19T16:58:48+00:00
SAO_407G-10,São Paulo,3550308,True,,2196,,,-23.598483125,-46.486008,,,,1,2023-06-19T16:58:17+00:00
SAO_407G-10,São Paulo,3550308,True,,2196,,,-23.53491,-46.548629000000005,,,,1,2023-06-19T16:58:21+00:00
SAO_407G-10,São Paulo,3550308,True,,2196,,,-23.611837,-46.4334745,,,,1,2023-06-19T16:58:31+00:00
SAO_407G-10,São Paulo,3550308,True,,2196,,,-23.611837,-46.4334745,,,,1,2023-06-19T16:58:38+00:00
SAO_407G-10,São Paulo,3550308,True,,2196,,,-23.5645765,-46.507687000000004,,,,1,2023-06-19T16:58:31+00:00
SAO_407G-10,São Paulo,3550308,True,,2196,,,-23.611837,-46.4334745,,,,1,2023-06-19T16:58:42+00:00
SAO_407G-10,São Paulo,3550308,True,,2196,,,-23.611837,-46.4334745,,,,1,2023-06-19T16:58:10+00:00
SAO_407G-10,São Paulo,3550308,True,,2196,,,-23.615163250000002,-46.470093999999996,,,,1,2023-06-19T16:58:16+00:00
SAO_407G-10,São Paulo,3550308,True,,2196,,,-23.536211,-46.547247,,,,1,2023-06-19T16:58:12+00:00
SAO_407G-10,São Paulo,3550308,True,,2196,,,-23.5384935,-46.5633695,,,,1,2023-06-19T16:58:15+00:00
SAO_407G-10,São Paulo,3550308,True,,2196,,,-23.608145,-46.449905,,,,1,2023-06-19T16:58:24+00:00
SAO_978T-10,São Paulo,3550308,True,,889,,,-23.526614000000002,-46.668097,,,,1,2023-06-19T16:58:16+00:00
SAO_978T-10,São Paulo,3550308,True,,889,,,-23.4608575,-46.687422,,,,1,2023-06-19T16:58:22+00:00
SAO_978T-10,São Paulo,3550308,True,,889,,,-23.485212750000002,-46.691782,,,,1,2023-06-19T16:58:40+00:00
SAO_978T-10,São Paulo,3550308,True,,889,,,-23.523922875000004,-46.693894125,,,,1,2023-06-19T16:58:14+00:00
SAO_978T-10,São Paulo,3550308,True,,889,,,-23.52059125,-46.701955375,,,,1,2023-06-19T16:58:49+00:00
SAO_978T-10,São Paulo,3550308,True,,889,,,-23.487686,-46.692832499999994,,,,1,2023-06-19T16:58:48+00:00
SAO_978T-10,São Paulo,3550308,True,,889,,,-23.5293265,-46.683102375000004,,,,1,2023-06-19T16:58:24+00:00
SAO_978T-10,São Paulo,3550308,True,,889,,,-23.4617045,-46.69993,,,,1,2023-06-19T16:58:26+00:00
SAO_978T-10,São Paulo,3550308,True,,889,,,-23.4608575,-46.687422,,,,1,2023-06-19T16:58:34+00:00
SAO_978T-10,São Paulo,3550308,True,,889,,,-23.4608575,-46.687422,,,,1,2023-06-19T16:58:49+00:00
SAO_978T-10,São Paulo,3550308,True,,889,,,-23.504936999999998,-46.6902465,,,,1,2023-06-19T16:58:13+00:00
SAO_978T-10,São Paulo,3550308,True,,889,,,-23.526571,-46.668458,,,,1,2023-06-19T16:58:39+00:00
SAO_978T-10,São Paulo,3550308,True,,889,,,-23.461866,-46.691984,,,,1,2023-06-19T16:58:34+00:00
SAO_407H-10,São Paulo,3550308,True,,34965,,,-23.631637499999997,-46.44689875,,,,2,2023-06-19T16:58:27+00:00
SAO_407H-10,São Paulo,3550308,True,,34965,,,-23.616623,-46.46141625,,,,2,2023-06-19T16:58:32+00:00
SAO_407H-10,São Paulo,3550308,True,,34965,,,-23.606735999999998,-46.451859999999996,,,,2,2023-06-19T16:58:20+00:00
SAO_407H-10,São Paulo,3550308,True,,34965,,,-23.6309715,-46.4467715,,,,2,2023-06-19T16:58:26+00:00
SAO_407H-10,São Paulo,3550308,True,,34965,,,-23.56948975,-46.460775999999996,,,,2,2023-06-19T16:58:01+00:00
SAO_847P-42,São Paulo,3550308,True,,34192,,,-23.489151,-46.6940735,,,,2,2023-06-19T16:58:43+00:00
SAO_847P-42,São Paulo,3550308,True,,34192,,,-23.4688585,-46.6960245,,,,2,2023-06-19T16:58:32+00:00
SAO_847P-42,São Paulo,3550308,True,,34192,,,-23.56768875,-46.692916,,,,2,2023-06-19T16:58:34+00:00
SAO_847P-42,São Paulo,3550308,True,,34192,,,-23.596588,-46.691509499999995,,,,2,2023-06-19T16:58:25+00:00
SAO_374V-10,São Paulo,3550308,True,,34415,,,-23.5256715,-46.452564,,,,2,2023-06-19T16:57:13+00:00
SAO_374V-10,São Paulo,3550308,True,,34415,,,-23.5112555,-46.45482425,,,,2,2023-06-19T16:58:35+00:00
SAO_374V-10,São Paulo,3550308,True,,34415,,,-23.539986499999998,-46.4612055,,,,2,2023-06-19T16:58:33+00:00
SAO_374V-10,São Paulo,3550308,True,,34415,,,-23.5116805,-46.454798749999995,,,,2,2023-06-19T16:54:10+00:00
SAO_8014-10,São Paulo,3550308,True,,33569,,,-23.446309499999998,-46.789116,,,,2,2023-06-19T16:58:46+00:00
SAO_8014-10,São Paulo,3550308,True,,33569,,,-23.417823499999997,-46.7828835,,,,2,2023-06-19T16:58:27+00:00
SAO_8014-10,São Paulo,3550308,True,,33569,,,-23.4042495,-46.7486155,,,,2,2023-06-19T16:58:28+00:00
SAO_8014-10,São Paulo,3550308,True,,33569,,,-23.44624,-46.7890905,,,,2,2023-06-19T16:58:46+00:00
SAO_8014-10,São Paulo,3550308,True,,33569,,,-23.438789,-46.790910499999995,,,,2,2023-06-19T16:58:41+00:00
SAO_8014-10,São Paulo,3550308,True,,33569,,,-23.4305005,-46.79374,,,,2,2023-06-19T16:58:25+00:00
SAO_7051-10,São Paulo,3550308,True,,34653,,,-23.654968500000003,-46.784118,,,,2,2023-06-19T16:58:27+00:00
SAO_7051-10,São Paulo,3550308,True,,34653,,,-23.65463675,-46.78451475,,,,2,2023-06-19T16:58:40+00:00
SAO_7051-10,São Paulo,3550308,True,,34653,,,-23.6548705,-46.7842895,,,,2,2023-06-19T16:58:47+00:00
SAO_7051-10,São Paulo,3550308,True,,34653,,,-23.635189500000003,-46.775909,,,,2,2023-06-19T16:58:33+00:00
SAO_4013-10,São Paulo,3550308,True,,2186,,,-23.6204535,-46.454669,,,,1,2023-06-19T16:58:34+00:00
SAO_4013-10,São Paulo,3550308,True,,2186,,,-23.612406,-46.476185,,,,1,2023-06-19T16:58:15+00:00
SAO_4013-10,São Paulo,3550308,True,,2186,,,-23.6353085,-46.443883,,,,1,2023-06-19T16:58:16+00:00
SAO_4013-10,São Paulo,3550308,True,,2186,,,-23.6353085,-46.443883,,,,1,2023-06-19T16:58:34+00:00
SAO_1017-10,São Paulo,3550308,True,,2141,,,-23.454427000000003,-46.71204,,,,1,2023-06-19T16:58:40+00:00
SAO_1017-10,São Paulo,3550308,True,,2141,,,-23.4850255,-46.709775,,,,1,2023-06-19T16:58:11+00:00
SAO_1017-10,São Paulo,3550308,True,,2141,,,-23.4046765,-46.750211,,,,1,2023-06-19T16:58:47+00:00
SAO_1017-10,São Paulo,3550308,True,,2141,,,-23.43333425,-46.7199245,,,,1,2023-06-19T16:58:42+00:00
SAO_414P-10,São Paulo,3550308,True,,33873,,,-23.57073425,-46.54034625,,,,2,2023-06-19T16:58:13+00:00
SAO_414P-10,São Paulo,3550308,True,,33873,,,-23.5996475,-46.529557,,,,2,2023-06-19T16:58:27+00:00
SAO_414P-10,São Paulo,3550308,True,,33873,,,-23.5359195,-46.57226,,,,2,2023-06-19T16:58:14+00:00
SAO_414P-10,São Paulo,3550308,True,,33873,,,-23.5369965,-46.563503,,,,2,2023-06-19T16:58:12+00:00
SAO_414P-10,São Paulo,3550308,True,,33873,,,-23.609522,-46.531705,,,,2,2023-06-19T16:58:16+00:00
SAO_414P-10,São Paulo,3550308,True,,33873,,,-23.5555793125,-46.556668125,,,,2,2023-06-19T16:58:46+00:00
SAO_414P-10,São Paulo,3550308,True,,33873,,,-23.58678675,-46.53282625,,,,2,2023-06-19T16:58:16+00:00
SAO_7005-51,São Paulo,3550308,True,,34767,,,-23.660897,-46.7694405,,,,2,2023-06-19T16:58:15+00:00
SAO_7005-51,São Paulo,3550308,True,,34767,,,-23.73646075,-46.776863250000005,,,,2,2023-06-19T16:58:32+00:00
SAO_7005-51,São Paulo,3550308,True,,34767,,,-23.703311,-46.783719500000004,,,,2,2023-06-19T16:58:53+00:00
SAO_7005-51,São Paulo,3550308,True,,34767,,,-23.73646075,-46.776863250000005,,,,2,2023-06-19T16:58:27+00:00
SAO_7005-51,São Paulo,3550308,True,,34767,,,-23.73646075,-46.776863250000005,,,,2,2023-06-19T16:58:29+00:00
SAO_7005-51,São Paulo,3550308,True,,34767,,,-23.69138175,-46.77535775,,,,2,2023-06-19T16:58:43+00:00
SAO_9005-10,São Paulo,3550308,True,,33640,,,-23.4543195,-46.6936435,,,,2,2023-06-19T16:58:13+00:00
SAO_9005-10,São Paulo,3550308,True,,33640,,,-23.4543195,-46.6936435,,,,2,2023-06-19T16:58:40+00:00
SAO_9005-10,São Paulo,3550308,True,,33640,,,-23.467685,-46.6701185,,,,2,2023-06-19T16:58:51+00:00
SAO_9005-10,São Paulo,3550308,True,,33640,,,-23.4748455,-46.669852500000005,,,,2,2023-06-19T16:58:50+00:00
SAO_9005-10,São Paulo,3550308,True,,33640,,,-23.449974,-46.68556675,,,,2,2023-06-19T16:58:26+00:00
SAO_9005-10,São Paulo,3550308,True,,33640,,,-23.4510125,-46.689367000000004,,,,2,2023-06-19T16:58:15+00:00
SAO_4027-10,São Paulo,3550308,True,,1097,,,-23.593209,-46.4896265,,,,1,2023-06-19T16:58:46+00:00
SAO_4027-10,São Paulo,3550308,True,,1097,,,-23.641898,-46.438882500000005,,,,1,2023-06-19T16:58:55+00:00
SAO_4027-10,São Paulo,3550308,True,,1097,,,-23.593209,-46.4896265,,,,1,2023-06-19T16:58:25+00:00
SAO_4027-10,São Paulo,3550308,True,,1097,,,-23.61692,-46.468823,,,,1,2023-06-19T16:58:45+00:00
SAO_4027-10,São Paulo,3550308,True,,1097,,,-23.6417645,-46.439601,,,,1,2023-06-19T16:58:40+00:00
SAO_4027-10,São Paulo,3550308,True,,1097,,,-23.593915375,-46.4882985,,,,1,2023-06-19T16:58:22+00:00
SAO_4027-10,São Paulo,3550308,True,,1097,,,-23.593209,-46.4896265,,,,1,2023-06-19T16:58:36+00:00
SAO_4027-10,São Paulo,3550308,True,,1097,,,-23.6261825,-46.4460615,,,,1,2023-06-19T16:58:18+00:00
SAO_4027-10,São Paulo,3550308,True,,1097,,,-23.624442000000002,-46.461476,,,,1,2023-06-19T16:58:28+00:00
SAO_4027-10,São Paulo,3550308,True,,1097,,,-23.60428225,-46.48109225,,,,1,2023-06-19T16:58:26+00:00
SAO_574R-10,São Paulo,3550308,True,,34391,,,-23.614496,-46.500415000000004,,,,2,2023-06-19T16:58:46+00:00
SAO_574R-10,São Paulo,3550308,True,,34391,,,-23.614496,-46.500415000000004,,,,2,2023-06-19T16:58:26+00:00
SAO_574R-10,São Paulo,3550308,True,,34391,,,-23.576814,-46.5495315,,,,2,2023-06-19T16:58:36+00:00
SAO_574R-10,São Paulo,3550308,True,,34391,,,-23.56178225,-46.574299499999995,,,,2,2023-06-19T16:58:46+00:00
SAO_574R-10,São Paulo,3550308,True,,34391,,,-23.545913,-46.585528,,,,2,2023-06-19T16:58:11+00:00
SAO_756A-10,São Paulo,3550308,True,,33561,,,-23.601868250000003,-46.78341825,,,,2,2023-06-19T16:58:53+00:00
SAO_756A-10,São Paulo,3550308,True,,33561,,,-23.614101374999997,-46.694366124999995,,,,2,2023-06-19T16:58:44+00:00
SAO_756A-10,São Paulo,3550308,True,,33561,,,-23.601924,-46.7134285,,,,2,2023-06-19T16:58:13+00:00
SAO_756A-10,São Paulo,3550308,True,,33561,,,-23.598115999999997,-46.7961385,,,,2,2023-06-19T16:58:48+00:00
SAO_756A-10,São Paulo,3550308,True,,33561,,,-23.598115999999997,-46.7961385,,,,2,2023-06-19T16:58:24+00:00
SAO_756A-10,São Paulo,3550308,True,,33561,,,-23.5987105,-46.7966785,,,,2,2023-06-19T16:58:12+00:00
SAO_756A-10,São Paulo,3550308,True,,33561,,,-23.613599,-46.6953015,,,,2,2023-06-19T16:58:14+00:00
SAO_756A-10,São Paulo,3550308,True,,33561,,,-23.614005125,-46.694721375,,,,2,2023-06-19T16:58:32+00:00
SAO_756A-10,São Paulo,3550308,True,,33561,,,-23.598035,-46.795948,,,,2,2023-06-19T16:58:33+00:00
SAO_8194-10,São Paulo,3550308,True,,33573,,,-23.4350455,-46.7180285,,,,2,2023-06-19T16:58:30+00:00
SAO_8194-10,São Paulo,3550308,True,,33573,,,-23.4140175,-46.750341500000005,,,,2,2023-06-19T16:58:34+00:00
SAO_8194-10,São Paulo,3550308,True,,33573,,,-23.4746105,-46.669987000000006,,,,2,2023-06-19T16:58:26+00:00
SAO_8194-10,São Paulo,3550308,True,,33573,,,-23.4140175,-46.750341500000005,,,,2,2023-06-19T16:58:34+00:00
SAO_8194-10,São Paulo,3550308,True,,33573,,,-23.460402000000002,-46.684407,,,,2,2023-06-19T16:58:46+00:00
SAO_8194-10,São Paulo,3550308,True,,33573,,,-23.4140545,-46.750673500000005,,,,2,2023-06-19T16:58:43+00:00
SAO_8194-10,São Paulo,3550308,True,,33573,,,-23.4043645,-46.750841,,,,2,2023-06-19T16:58:17+00:00
SAO_8194-10,São Paulo,3550308,True,,33573,,,-23.401116000000002,-46.7419445,,,,2,2023-06-19T16:58:25+00:00
SAO_4706-10,São Paulo,3550308,True,,33067,,,-23.652755499999998,-46.602143,,,,2,2023-06-19T16:58:21+00:00
SAO_4706-10,São Paulo,3550308,True,,33067,,,-23.638171,-46.60801549999999,,,,2,2023-06-19T16:58:45+00:00
SAO_1742-10,São Paulo,3550308,True,EMTU,542,https://moovitapp.com/index/pt-br/transporte_p%C3%BAblico-line-542-Sao_Paulo-242-2038937-59914572-0,5.4,-23.468403,-46.638752999999994,,,,1,2023-06-19T16:58:34+00:00
SAO_1742-10,São Paulo,3550308,True,EMTU,542,https://moovitapp.com/index/pt-br/transporte_p%C3%BAblico-line-542-Sao_Paulo-242-2038937-59914572-0,5.4,-23.4934355,-46.626301999999995,,,,1,2023-06-19T16:58:48+00:00
SAO_1742-10,São Paulo,3550308,True,EMTU,542,https://moovitapp.com/index/pt-br/transporte_p%C3%BAblico-line-542-Sao_Paulo-242-2038937-59914572-0,5.4,-23.455704,-46.661153,,,,1,2023-06-19T16:58:43+00:00
SAO_1742-10,São Paulo,3550308,True,EMTU,542,https://moovitapp.com/index/pt-br/transporte_p%C3%BAblico-line-542-Sao_Paulo-242-2038937-59914572-0,5.4,-23.503025,-46.6242335,,,,1,2023-06-19T16:58:12+00:00
SAO_174M-10,São Paulo,3550308,True,,33441,,,-23.49497975,-46.615755500000006,,,,2,2023-06-19T16:58:46+00:00
SAO_174M-10,São Paulo,3550308,True,,33441,,,-23.4880165,-46.574464500000005,,,,2,2023-06-19T16:58:47+00:00
SAO_174M-10,São Paulo,3550308,True,,33441,,,-23.487555999999998,-46.5742625,,,,2,2023-06-19T16:58:12+00:00
SAO_174M-10,São Paulo,3550308,True,,33441,,,-23.535363750000002,-46.61912875,,,,2,2023-06-19T16:52:56+00:00
SAO_174M-10,São Paulo,3550308,True,,33441,,,-23.54076025,-46.61705775,,,,2,2023-06-19T16:58:31+00:00
SAO_174M-10,São Paulo,3550308,True,,33441,,,-23.487555999999998,-46.5742625,,,,2,2023-06-19T16:58:11+00:00
SAO_174M-10,São Paulo,3550308,True,,33441,,,-23.4880165,-46.574464500000005,,,,2,2023-06-19T16:58:43+00:00
SAO_174M-10,São Paulo,3550308,True,,33441,,,-23.479820625,-46.5798,,,,2,2023-06-19T16:58:19+00:00
SAO_4036-10,São Paulo,3550308,True,,35329,,,-23.5496535,-46.507453,,,,2,2023-06-19T16:57:40+00:00
SAO_4036-10,São Paulo,3550308,True,,35329,,,-23.54688675,-46.461276,,,,2,2023-06-19T16:58:43+00:00
SAO_2009-10,São Paulo,3550308,True,,898,,,-23.5371415,-46.415614500000004,,,,1,2023-06-19T16:58:50+00:00
SAO_2009-10,São Paulo,3550308,True,,898,,,-23.51011925,-46.4138765,,,,1,2023-06-19T16:58:26+00:00
SAO_2009-10,São Paulo,3550308,True,,898,,,-23.515409499999997,-46.4132365,,,,1,2023-06-19T16:56:42+00:00
SAO_2009-10,São Paulo,3550308,True,,898,,,-23.541276,-46.4107425,,,,1,2023-06-19T16:58:39+00:00
SAO_2009-10,São Paulo,3550308,True,,898,,,-23.5099475,-46.413949,,,,1,2023-06-19T16:58:19+00:00
SAO_2678-10,São Paulo,3550308,True,,33151,,,-23.4943805,-46.438734499999995,,,,2,2023-06-19T16:58:22+00:00
SAO_2678-10,São Paulo,3550308,True,,33151,,,-23.4936625,-46.450129000000004,,,,2,2023-06-19T16:58:33+00:00
SAO_2678-10,São Paulo,3550308,True,,33151,,,-23.4941295,-46.3767385,,,,2,2023-06-19T16:58:49+00:00
SAO_2678-10,São Paulo,3550308,True,,33151,,,-23.494315125,-46.388942875,,,,2,2023-06-19T16:58:38+00:00
SAO_2678-10,São Paulo,3550308,True,,33151,,,-23.493381749999998,-46.376870124999996,,,,2,2023-06-19T16:58:35+00:00
SAO_2678-10,São Paulo,3550308,True,,33151,,,-23.497954749999998,-46.386880625,,,,2,2023-06-19T16:58:26+00:00
SAO_2678-10,São Paulo,3550308,True,,33151,,,-23.493635249999997,-46.376825374999996,,,,2,2023-06-19T16:58:44+00:00
SAO_2678-10,São Paulo,3550308,True,,33151,,,-23.539212,-46.608181,,,,2,2023-06-19T16:58:30+00:00
SAO_2678-10,São Paulo,3550308,True,,33151,,,-23.505765750000002,-46.388916,,,,2,2023-06-19T16:58:31+00:00
SAO_2678-10,São Paulo,3550308,True,,33151,,,-23.494137000000002,-46.45074150000001,,,,2,2023-06-19T16:58:53+00:00
SAO_2678-10,São Paulo,3550308,True,,33151,,,-23.532804,-46.563056,,,,2,2023-06-19T16:56:16+00:00
SAO_2678-10,São Paulo,3550308,True,,33151,,,-23.506556,-46.386415,,,,2,2023-06-19T16:58:41+00:00
SAO_9011-21,São Paulo,3550308,True,,1768,,,-23.4367585,-46.737397,,,,1,2023-06-19T16:58:41+00:00
SAO_9011-21,São Paulo,3550308,True,,1768,,,-23.4547945,-46.738510500000004,,,,1,2023-06-19T16:58:49+00:00
SAO_9011-21,São Paulo,3550308,True,,1768,,,-23.4547945,-46.738510500000004,,,,1,2023-06-19T16:58:30+00:00
SAO_9011-21,São Paulo,3550308,True,,1768,,,-23.4547945,-46.738510500000004,,,,1,2023-06-19T16:58:44+00:00
SAO_9011-21,São Paulo,3550308,True,,1768,,,-23.4528675,-46.7371635,,,,1,2023-06-19T16:58:25+00:00
SAO_9011-21,São Paulo,3550308,True,,1768,,,-23.4547945,-46.738510500000004,,,,1,2023-06-19T16:58:32+00:00
SAO_1759-10,São Paulo,3550308,True,,33321,,,-23.462308999999998,-46.659564,,,,2,2023-06-19T16:58:19+00:00
SAO_1759-10,São Paulo,3550308,True,,33321,,,-23.502099,-46.62419250000001,,,,2,2023-06-19T16:58:15+00:00
SAO_1759-10,São Paulo,3550308,True,,33321,,,-23.462498500000002,-46.659318999999996,,,,2,2023-06-19T16:58:29+00:00
SAO_1759-10,São Paulo,3550308,True,,33321,,,-23.4835615,-46.631298,,,,2,2023-06-19T16:58:31+00:00
SAO_1759-10,São Paulo,3550308,True,,33321,,,-23.462498500000002,-46.659318999999996,,,,2,2023-06-19T16:58:20+00:00
SAO_1759-10,São Paulo,3550308,True,,33321,,,-23.462308999999998,-46.659564,,,,2,2023-06-19T16:58:13+00:00
SAO_5194-10,São Paulo,3550308,True,,33037,,,-23.590099000000002,-46.651943,,,,2,2023-06-19T16:58:38+00:00
SAO_5194-10,São Paulo,3550308,True,,33037,,,-23.704973,-46.6511425,,,,2,2023-06-19T16:53:24+00:00
SAO_5194-10,São Paulo,3550308,True,,33037,,,-23.6761085,-46.685005000000004,,,,2,2023-06-19T16:58:40+00:00
SAO_5194-10,São Paulo,3550308,True,,33037,,,-23.68119275,-46.663385,,,,2,2023-06-19T16:58:53+00:00
SAO_637P-10,São Paulo,3550308,True,,47,,,-23.5850205,-46.68194475,,,,1,2023-06-19T16:58:38+00:00
SAO_637P-10,São Paulo,3550308,True,,47,,,-23.636613125,-46.694776624999996,,,,1,2023-06-19T16:58:55+00:00
SAO_637P-10,São Paulo,3550308,True,,47,,,-23.6541465,-46.711351,,,,1,2023-06-19T16:58:27+00:00
SAO_637P-10,São Paulo,3550308,True,,47,,,-23.6541465,-46.711351,,,,1,2023-06-19T16:58:29+00:00
SAO_637P-10,São Paulo,3550308,True,,47,,,-23.6541465,-46.711351,,,,1,2023-06-19T16:58:24+00:00
SAO_637P-10,São Paulo,3550308,True,,47,,,-23.6541465,-46.711351,,,,1,2023-06-19T16:58:15+00:00
SAO_637P-10,São Paulo,3550308,True,,47,,,-23.65393525,-46.707456500000006,,,,1,2023-06-19T16:58:50+00:00
SAO_637P-10,São Paulo,3550308,True,,47,,,-23.597434999999997,-46.673819,,,,1,2023-06-19T16:58:55+00:00
SAO_637P-10,São Paulo,3550308,True,,47,,,-23.566628,-46.701685499999996,,,,1,2023-06-19T16:58:47+00:00
SAO_637P-10,São Paulo,3550308,True,,47,,,-23.565437000000003,-46.694477,,,,1,2023-06-19T16:58:29+00:00
SAO_297A-10,São Paulo,3550308,True,,2133,,,-23.493029,-46.674532,,,,1,2023-06-19T16:58:47+00:00
SAO_297A-10,São Paulo,3550308,True,,2133,,,-23.50702675,-46.67805800000001,,,,1,2023-06-19T16:58:30+00:00
SAO_297A-10,São Paulo,3550308,True,,2133,,,-23.493399,-46.6757375,,,,1,2023-06-19T16:58:49+00:00
SAO_297A-10,São Paulo,3550308,True,,2133,,,-23.525090499999997,-46.6665245,,,,1,2023-06-19T16:58:55+00:00
SAO_6450-10,São Paulo,3550308,True,,32827,,,-23.6542305,-46.7623055,,,,2,2023-06-19T16:58:17+00:00
SAO_6450-10,São Paulo,3550308,True,,32827,,,-23.5494755,-46.6392205,,,,2,2023-06-19T16:58:13+00:00
SAO_6450-10,São Paulo,3550308,True,,32827,,,-23.654501,-46.76131049999999,,,,2,2023-06-19T16:58:18+00:00
SAO_6450-10,São Paulo,3550308,True,,32827,,,-23.6432905,-46.742360000000005,,,,2,2023-06-19T16:58:22+00:00
SAO_6450-10,São Paulo,3550308,True,,32827,,,-23.6230275,-46.6850655,,,,2,2023-06-19T16:58:56+00:00
SAO_6450-10,São Paulo,3550308,True,,32827,,,-23.61045,-46.677327500000004,,,,2,2023-06-19T16:58:50+00:00
SAO_6450-10,São Paulo,3550308,True,,32827,,,-23.574599125,-46.6680825,,,,2,2023-06-19T16:58:27+00:00
SAO_6450-10,São Paulo,3550308,True,,32827,,,-23.654408500000002,-46.762060999999996,,,,2,2023-06-19T16:58:37+00:00
SAO_6450-10,São Paulo,3550308,True,,32827,,,-23.5869,-46.6714415,,,,2,2023-06-19T16:58:53+00:00
SAO_6450-10,São Paulo,3550308,True,,32827,,,-23.6542305,-46.7623055,,,,2,2023-06-19T16:58:26+00:00
SAO_6450-10,São Paulo,3550308,True,,32827,,,-23.654127000000003,-46.762448000000006,,,,2,2023-06-19T16:58:51+00:00
SAO_6450-10,São Paulo,3550308,True,,32827,,,-23.62351475,-46.685408,,,,2,2023-06-19T16:58:54+00:00
SAO_6450-10,São Paulo,3550308,True,,32827,,,-23.654559499999998,-46.761131500000005,,,,2,2023-06-19T16:58:23+00:00
SAO_6450-10,São Paulo,3550308,True,,32827,,,-23.6432905,-46.742360000000005,,,,2,2023-06-19T16:58:28+00:00
SAO_6450-10,São Paulo,3550308,True,,32827,,,-23.6545125,-46.761236499999995,,,,2,2023-06-19T16:58:27+00:00
SAO_3785-10,São Paulo,3550308,True,,1063,,,-23.581466499999998,-46.394133,,,,1,2023-06-19T16:58:23+00:00
SAO_3785-10,São Paulo,3550308,True,,1063,,,-23.548748500000002,-46.460446,,,,1,2023-06-19T16:58:38+00:00
SAO_3785-10,São Paulo,3550308,True,,1063,,,-23.566229999999997,-46.446479,,,,1,2023-06-19T16:58:54+00:00
SAO_3785-10,São Paulo,3550308,True,,1063,,,-23.564302750000003,-46.4462245,,,,1,2023-06-19T16:58:42+00:00
SAO_3785-10,São Paulo,3550308,True,,1063,,,-23.590280749999998,-46.416636999999994,,,,1,2023-06-19T16:58:55+00:00
SAO_746H-10,São Paulo,3550308,True,,33553,,,-23.6422095,-46.711548500000006,,,,2,2023-06-19T16:58:27+00:00
SAO_746H-10,São Paulo,3550308,True,,33553,,,-23.6252565,-46.73420900000001,,,,2,2023-06-19T16:58:19+00:00
SAO_746H-10,São Paulo,3550308,True,,33553,,,-23.593679,-46.7525775,,,,2,2023-06-19T16:58:36+00:00
SAO_746H-10,São Paulo,3550308,True,,33553,,,-23.594774375,-46.72035675,,,,2,2023-06-19T16:57:44+00:00
SAO_746H-10,São Paulo,3550308,True,,33553,,,-23.582431,-46.725393,,,,2,2023-06-19T16:58:42+00:00
SAO_746H-10,São Paulo,3550308,True,,33553,,,-23.643669,-46.732763000000006,,,,2,2023-06-19T16:58:33+00:00
SAO_746H-10,São Paulo,3550308,True,,33553,,,-23.598890250000004,-46.720772,,,,2,2023-06-19T16:58:11+00:00
SAO_746H-10,São Paulo,3550308,True,,33553,,,-23.594479,-46.7436735,,,,2,2023-06-19T16:58:13+00:00
SAO_746H-10,São Paulo,3550308,True,,33553,,,-23.593532,-46.7529005,,,,2,2023-06-19T16:58:13+00:00
SAO_746H-10,São Paulo,3550308,True,,33553,,,-23.6488435,-46.7061845,,,,2,2023-06-19T16:58:37+00:00
SAO_746H-10,São Paulo,3550308,True,,33553,,,-23.593679,-46.7525775,,,,2,2023-06-19T16:58:44+00:00
SAO_6836-10,São Paulo,3550308,True,BR7 Mobilidade,13,https://moovitapp.com/index/pt-br/transporte_p%C3%BAblico-line-13-Sao_Paulo-242-851856-705937-0,5.75,-23.6612605,-46.748577,,,,1,2023-06-19T16:58:24+00:00
SAO_6836-10,São Paulo,3550308,True,BR7 Mobilidade,13,https://moovitapp.com/index/pt-br/transporte_p%C3%BAblico-line-13-Sao_Paulo-242-851856-705937-0,5.75,-23.676005500000002,-46.7745545,,,,1,2023-06-19T16:58:13+00:00
SAO_6836-10,São Paulo,3550308,True,BR7 Mobilidade,13,https://moovitapp.com/index/pt-br/transporte_p%C3%BAblico-line-13-Sao_Paulo-242-851856-705937-0,5.75,-23.653319,-46.735434999999995,,,,1,2023-06-19T16:58:53+00:00
SAO_6836-10,São Paulo,3550308,True,BR7 Mobilidade,13,https://moovitapp.com/index/pt-br/transporte_p%C3%BAblico-line-13-Sao_Paulo-242-851856-705937-0,5.75,-23.684404999999998,-46.7817855,,,,1,2023-06-19T16:58:42+00:00
SAO_2719-10,São Paulo,3550308,True,,932,,,-23.5113895,-46.502336,,,,1,2023-06-19T16:58:49+00:00
SAO_2719-10,São Paulo,3550308,True,,932,,,-23.52015825,-46.52482325,,,,1,2023-06-19T16:58:49+00:00
SAO_2719-10,São Paulo,3550308,True,,932,,,-23.49334175,-46.474281500000004,,,,1,2023-06-19T16:58:14+00:00
SAO_2719-10,São Paulo,3550308,True,,932,,,-23.526162125,-46.52830825,,,,1,2023-06-19T16:58:17+00:00
SAO_2719-10,São Paulo,3550308,True,,932,,,-23.5303745,-46.5279285,,,,1,2023-06-19T16:58:25+00:00
SAO_2719-10,São Paulo,3550308,True,,932,,,-23.504108374999998,-46.488180625,,,,1,2023-06-19T16:58:43+00:00
SAO_271M-10,São Paulo,3550308,True,,684,,,-23.501943500000003,-46.6235805,,,,1,2023-06-19T16:58:35+00:00
SAO_271M-10,São Paulo,3550308,True,,684,,,-23.501680999999998,-46.5904595,,,,1,2023-06-19T16:58:32+00:00
SAO_271M-10,São Paulo,3550308,True,,684,,,-23.5080645,-46.56710525,,,,1,2023-06-19T16:58:49+00:00
SAO_271M-10,São Paulo,3550308,True,,684,,,-23.514609749999998,-46.57052675,,,,1,2023-06-19T16:58:40+00:00
SAO_5119-10,São Paulo,3550308,True,,32769,,,-23.639170999999997,-46.7366265,,,,2,2023-06-19T16:58:31+00:00
SAO_5119-10,São Paulo,3550308,True,,32769,,,-23.612814625000002,-46.729544125000004,,,,2,2023-06-19T16:58:14+00:00
SAO_5119-10,São Paulo,3550308,True,,32769,,,-23.58491275,-46.67580649999999,,,,2,2023-06-19T16:58:16+00:00
SAO_5119-10,São Paulo,3550308,True,,32769,,,-23.564600875,-46.646907,,,,2,2023-06-19T16:58:24+00:00
SAO_5119-10,São Paulo,3550308,True,,32769,,,-23.617354499999998,-46.731742499999996,,,,2,2023-06-19T16:58:22+00:00
SAO_5119-10,São Paulo,3550308,True,,32769,,,-23.6546255,-46.761425,,,,2,2023-06-19T16:58:11+00:00
SAO_5119-10,São Paulo,3550308,True,,32769,,,-23.605904000000002,-46.7252615,,,,2,2023-06-19T16:58:24+00:00
SAO_5119-10,São Paulo,3550308,True,,32769,,,-23.63488975,-46.7370035,,,,2,2023-06-19T16:58:47+00:00
SAO_5119-10,São Paulo,3550308,True,,32769,,,-23.58074525,-46.68468825,,,,2,2023-06-19T16:58:51+00:00
SAO_5119-10,São Paulo,3550308,True,,32769,,,-23.5551045,-46.639196625000004,,,,2,2023-06-19T16:58:23+00:00
SAO_1702-10,São Paulo,3550308,True,,33614,,,-23.443147,-46.5770005,,,,2,2023-06-19T16:58:12+00:00
SAO_1702-10,São Paulo,3550308,True,,33614,,,-23.455840000000002,-46.5829465,,,,2,2023-06-19T16:58:24+00:00
SAO_1702-10,São Paulo,3550308,True,,33614,,,-23.4432505,-46.577110000000005,,,,2,2023-06-19T16:58:27+00:00
SAO_1702-10,São Paulo,3550308,True,,33614,,,-23.4690355,-46.58447375,,,,2,2023-06-19T16:58:19+00:00
SAO_1702-10,São Paulo,3550308,True,,33614,,,-23.443305000000002,-46.5771705,,,,2,2023-06-19T16:58:31+00:00
SAO_1702-10,São Paulo,3550308,True,,33614,,,-23.503065999999997,-46.621279,,,,2,2023-06-19T16:58:14+00:00
SAO_1702-10,São Paulo,3550308,True,,33614,,,-23.443305000000002,-46.5771705,,,,2,2023-06-19T16:58:42+00:00
SAO_1702-10,São Paulo,3550308,True,,33614,,,-23.47031725,-46.5851495,,,,2,2023-06-19T16:58:35+00:00
SAO_1702-10,São Paulo,3550308,True,,33614,,,-23.443147,-46.5770005,,,,2,2023-06-19T16:58:38+00:00
SAO_1702-10,São Paulo,3550308,True,,33614,,,-23.4432505,-46.577110000000005,,,,2,2023-06-19T16:58:12+00:00
SAO_1702-10,São Paulo,3550308,True,,33614,,,-23.443147,-46.5770005,,,,2,2023-06-19T16:58:29+00:00
SAO_573H-10,São Paulo,3550308,True,,34398,,,-23.6124685,-46.493772,,,,2,2023-06-19T16:58:41+00:00
SAO_573H-10,São Paulo,3550308,True,,34398,,,-23.55718825,-46.607470500000005,,,,2,2023-06-19T16:58:25+00:00
SAO_573H-10,São Paulo,3550308,True,,34398,,,-23.58436675,-46.534206499999996,,,,2,2023-06-19T16:58:10+00:00
SAO_573H-10,São Paulo,3550308,True,,34398,,,-23.5821295,-46.5362375,,,,2,2023-06-19T16:58:51+00:00
SAO_573H-10,São Paulo,3550308,True,,34398,,,-23.612962500000002,-46.4946835,,,,2,2023-06-19T16:58:16+00:00
SAO_573H-10,São Paulo,3550308,True,,34398,,,-23.612196500000003,-46.493525500000004,,,,2,2023-06-19T16:58:41+00:00
SAO_573H-10,São Paulo,3550308,True,,34398,,,-23.5903785,-46.506029875,,,,2,2023-06-19T16:58:37+00:00
SAO_573H-10,São Paulo,3550308,True,,34398,,,-23.575861500000002,-46.5721585,,,,2,2023-06-19T16:58:14+00:00
SAO_573H-10,São Paulo,3550308,True,,34398,,,-23.5468175,-46.6081985,,,,2,2023-06-19T16:58:22+00:00
SAO_573H-10,São Paulo,3550308,True,,34398,,,-23.612196500000003,-46.493525500000004,,,,2,2023-06-19T16:58:51+00:00
SAO_573H-10,São Paulo,3550308,True,,34398,,,-23.562285125000002,-46.59871525,,,,2,2023-06-19T16:58:19+00:00
SAO_575A-10,São Paulo,3550308,True,,1638,,,-23.5711505,-46.576269499999995,,,,1,2023-06-19T16:58:45+00:00
SAO_575A-10,São Paulo,3550308,True,,1638,,,-23.5738505,-46.5802295,,,,1,2023-06-19T16:58:48+00:00
SAO_5370-10,São Paulo,3550308,True,,34210,,,-23.76714475,-46.71695750000001,,,,2,2023-06-19T16:58:21+00:00
SAO_5370-10,São Paulo,3550308,True,,34210,,,-23.551356,-46.637087,,,,2,2023-06-19T16:58:52+00:00
SAO_5370-10,São Paulo,3550308,True,,34210,,,-23.5514455,-46.6371405,,,,2,2023-06-19T16:58:46+00:00
SAO_5370-10,São Paulo,3550308,True,,34210,,,-23.702490625,-46.701837375,,,,2,2023-06-19T16:58:14+00:00
SAO_5370-10,São Paulo,3550308,True,,34210,,,-23.704718,-46.702425000000005,,,,2,2023-06-19T16:58:48+00:00
SAO_5370-10,São Paulo,3550308,True,,34210,,,-23.6499865,-46.705413500000006,,,,2,2023-06-19T16:58:46+00:00
SAO_5370-10,São Paulo,3550308,True,,34210,,,-23.60476975,-46.663418500000006,,,,2,2023-06-19T16:58:36+00:00
SAO_5370-10,São Paulo,3550308,True,,34210,,,-23.702490625,-46.701837375,,,,2,2023-06-19T16:58:22+00:00
SAO_6045-10,São Paulo,3550308,True,,1222,,,-23.6990275,-46.7964265,,,,1,2023-06-19T16:58:30+00:00
SAO_6045-10,São Paulo,3550308,True,,1222,,,-23.6492055,-46.754767,,,,1,2023-06-19T16:58:17+00:00
SAO_6045-10,São Paulo,3550308,True,,1222,,,-23.68667775,-46.79572725,,,,1,2023-06-19T16:58:18+00:00
SAO_6045-10,São Paulo,3550308,True,,1222,,,-23.6498405,-46.707801,,,,1,2023-06-19T16:58:38+00:00
SAO_6045-10,São Paulo,3550308,True,,1222,,,-23.6602935,-46.767225,,,,1,2023-06-19T16:58:29+00:00
SAO_6045-10,São Paulo,3550308,True,,1222,,,-23.697025,-46.793467,,,,1,2023-06-19T16:58:48+00:00
SAO_6045-10,São Paulo,3550308,True,,1222,,,-23.6498405,-46.707801,,,,1,2023-06-19T16:58:19+00:00
SAO_6045-10,São Paulo,3550308,True,,1222,,,-23.670794,-46.772879,,,,1,2023-06-19T16:58:23+00:00
SAO_5106-21,São Paulo,3550308,True,,34740,,,-23.627032874999998,-46.64478212499999,,,,2,2023-06-19T16:58:42+00:00
SAO_5106-21,São Paulo,3550308,True,,34740,,,-23.652262999999998,-46.637575999999996,,,,2,2023-06-19T16:58:37+00:00
SAO_5106-21,São Paulo,3550308,True,,34740,,,-23.6872905,-46.655204,,,,2,2023-06-19T16:58:53+00:00
SAO_5106-21,São Paulo,3550308,True,,34740,,,-23.684538,-46.653396,,,,2,2023-06-19T16:58:52+00:00
SAO_5106-21,São Paulo,3550308,True,,34740,,,-23.685167,-46.6538915,,,,2,2023-06-19T16:58:26+00:00
SAO_5106-21,São Paulo,3550308,True,,34740,,,-23.6848065,-46.653604,,,,2,2023-06-19T16:57:34+00:00
SAO_5106-21,São Paulo,3550308,True,,34740,,,-23.60480775,-46.654009,,,,2,2023-06-19T16:58:33+00:00
SAO_5106-21,São Paulo,3550308,True,,34740,,,-23.605200500000002,-46.675390500000006,,,,2,2023-06-19T16:58:47+00:00
SAO_5106-21,São Paulo,3550308,True,,34740,,,-23.64599175,-46.64096275,,,,2,2023-06-19T16:58:33+00:00
SAO_5106-21,São Paulo,3550308,True,,34740,,,-23.595115999999997,-46.690344249999995,,,,2,2023-06-19T16:58:24+00:00
SAO_5106-21,São Paulo,3550308,True,,34740,,,-23.684538,-46.653396,,,,2,2023-06-19T16:58:19+00:00
SAO_5106-21,São Paulo,3550308,True,,34740,,,-23.6136795,-46.695497,,,,2,2023-06-19T16:58:38+00:00
SAO_5106-21,São Paulo,3550308,True,,34740,,,-23.678922999999998,-46.630571,,,,2,2023-06-19T16:58:11+00:00
SAO_5106-21,São Paulo,3550308,True,,34740,,,-23.685052499999998,-46.653792499999994,,,,2,2023-06-19T16:58:50+00:00
SAO_5106-21,São Paulo,3550308,True,,34740,,,-23.6848065,-46.653604,,,,2,2023-06-19T16:58:19+00:00
SAO_172R-10,São Paulo,3550308,True,,33627,,,-23.4811185,-46.5715335,,,,2,2023-06-19T16:58:51+00:00
SAO_172R-10,São Paulo,3550308,True,,33627,,,-23.501748,-46.5764895,,,,2,2023-06-19T16:57:23+00:00
SAO_172R-10,São Paulo,3550308,True,,33627,,,-23.465826,-46.583746000000005,,,,2,2023-06-19T16:58:48+00:00
SAO_172R-10,São Paulo,3550308,True,,33627,,,-23.466623749999997,-46.58516875000001,,,,2,2023-06-19T16:58:39+00:00
SAO_172R-10,São Paulo,3550308,True,,33627,,,-23.466220625,-46.583831125,,,,2,2023-06-19T16:58:34+00:00
SAO_172R-10,São Paulo,3550308,True,,33627,,,-23.465638499999997,-46.583501999999996,,,,2,2023-06-19T16:58:34+00:00
SAO_172R-10,São Paulo,3550308,True,,33627,,,-23.465826,-46.583746000000005,,,,2,2023-06-19T16:58:13+00:00
SAO_172R-10,São Paulo,3550308,True,,33627,,,-23.466623749999997,-46.58516875000001,,,,2,2023-06-19T16:58:21+00:00
SAO_172R-10,São Paulo,3550308,True,,33627,,,-23.513438750000002,-46.58576475,,,,2,2023-06-19T16:58:51+00:00
SAO_172R-10,São Paulo,3550308,True,,33627,,,-23.53480225,-46.60037750000001,,,,2,2023-06-19T16:56:07+00:00
SAO_172R-10,São Paulo,3550308,True,,33627,,,-23.466220625,-46.583831125,,,,2,2023-06-19T16:58:20+00:00
SAO_172R-10,São Paulo,3550308,True,,33627,,,-23.46643725,-46.584990250000004,,,,2,2023-06-19T16:58:42+00:00
SAO_172R-10,São Paulo,3550308,True,,33627,,,-23.465638499999997,-46.583501999999996,,,,2,2023-06-19T16:58:20+00:00
SAO_172R-10,São Paulo,3550308,True,,33627,,,-23.482361,-46.570842999999996,,,,2,2023-06-19T16:56:51+00:00
SAO_273D-10,São Paulo,3550308,True,,222,,,-23.5244015,-46.4091045,,,,1,2023-06-19T16:58:21+00:00
SAO_273D-10,São Paulo,3550308,True,,222,,,-23.520804,-46.4114145,,,,1,2023-06-19T16:58:33+00:00
SAO_273D-10,São Paulo,3550308,True,,222,,,-23.507209000000003,-46.4314535,,,,1,2023-06-19T16:58:24+00:00
SAO_273D-10,São Paulo,3550308,True,,222,,,-23.533987000000003,-46.473724000000004,,,,1,2023-06-19T16:57:40+00:00
SAO_273D-10,São Paulo,3550308,True,,222,,,-23.5134295,-46.444222499999995,,,,1,2023-06-19T16:58:53+00:00
SAO_273D-10,São Paulo,3550308,True,,222,,,-23.520804,-46.4114145,,,,1,2023-06-19T16:58:38+00:00
SAO_2731-10,São Paulo,3550308,True,,946,,,-23.515141,-46.433831,,,,1,2023-06-19T16:58:37+00:00
SAO_2731-10,São Paulo,3550308,True,,946,,,-23.518249,-46.439041,,,,1,2023-06-19T16:58:27+00:00
SAO_2731-10,São Paulo,3550308,True,,946,,,-23.516694,-46.437929,,,,1,2023-06-19T16:53:34+00:00
SAO_2731-10,São Paulo,3550308,True,,946,,,-23.52086025,-46.43272625,,,,1,2023-06-19T16:54:43+00:00
SAO_2731-10,São Paulo,3550308,True,,946,,,-23.532731,-46.4536855,,,,1,2023-06-19T16:58:30+00:00
SAO_2731-10,São Paulo,3550308,True,,946,,,-23.542683500000003,-46.4699445,,,,1,2023-06-19T16:58:47+00:00
SAO_2731-10,São Paulo,3550308,True,,946,,,-23.5242365,-46.4449125,,,,1,2023-06-19T16:57:47+00:00
SAO_1720-10,São Paulo,3550308,True,,33631,,,-23.479228749999997,-46.578548500000004,,,,2,2023-06-19T16:55:58+00:00
SAO_1720-10,São Paulo,3550308,True,,33631,,,-23.485725000000002,-46.56520125,,,,2,2023-06-19T16:58:38+00:00
SAO_1720-10,São Paulo,3550308,True,,33631,,,-23.4499695,-46.607479999999995,,,,2,2023-06-19T16:58:52+00:00
SAO_1720-10,São Paulo,3550308,True,,33631,,,-23.494107,-46.568782999999996,,,,2,2023-06-19T16:58:51+00:00
SAO_1720-10,São Paulo,3550308,True,,33631,,,-23.494107,-46.568782999999996,,,,2,2023-06-19T16:58:33+00:00
SAO_1720-10,São Paulo,3550308,True,,33631,,,-23.481730499999998,-46.5923325,,,,2,2023-06-19T16:58:30+00:00
SAO_1720-10,São Paulo,3550308,True,,33631,,,-23.494107,-46.568782999999996,,,,2,2023-06-19T16:58:46+00:00
SAO_1720-10,São Paulo,3550308,True,,33631,,,-23.494107,-46.568782999999996,,,,2,2023-06-19T16:58:30+00:00
SAO_1720-10,São Paulo,3550308,True,,33631,,,-23.4821975,-46.604628,,,,2,2023-06-19T16:58:51+00:00
SAO_1720-10,São Paulo,3550308,True,,33631,,,-23.494107,-46.568782999999996,,,,2,2023-06-19T16:58:43+00:00
SAO_1720-10,São Paulo,3550308,True,,33631,,,-23.4602775,-46.6154245,,,,2,2023-06-19T16:58:25+00:00
SAO_978A-10,São Paulo,3550308,True,,1369,,,-23.51807025,-46.68005875,,,,1,2023-06-19T16:58:21+00:00
SAO_978A-10,São Paulo,3550308,True,,1369,,,-23.479086000000002,-46.673387500000004,,,,1,2023-06-19T16:58:40+00:00
SAO_978A-10,São Paulo,3550308,True,,1369,,,-23.4756295,-46.6704885,,,,1,2023-06-19T16:58:28+00:00
SAO_978A-10,São Paulo,3550308,True,,1369,,,-23.49376825,-46.68520275,,,,1,2023-06-19T16:58:51+00:00
SAO_978A-10,São Paulo,3550308,True,,1369,,,-23.5036235,-46.688235500000005,,,,1,2023-06-19T16:58:37+00:00
SAO_978A-10,São Paulo,3550308,True,,1369,,,-23.4756295,-46.6704885,,,,1,2023-06-19T16:58:45+00:00
SAO_978A-10,São Paulo,3550308,True,,1369,,,-23.4756295,-46.6704885,,,,1,2023-06-19T16:58:16+00:00
SAO_978A-10,São Paulo,3550308,True,,1369,,,-23.4756295,-46.6704885,,,,1,2023-06-19T16:58:50+00:00
SAO_3031-10,São Paulo,3550308,True,,33735,,,-23.6129015,-46.444473,,,,2,2023-06-19T16:58:38+00:00
SAO_3031-10,São Paulo,3550308,True,,33735,,,-23.6126845,-46.4445915,,,,2,2023-06-19T16:58:29+00:00
SAO_3031-10,São Paulo,3550308,True,,33735,,,-23.5433195,-46.470394,,,,2,2023-06-19T16:58:43+00:00
SAO_3031-10,São Paulo,3550308,True,,33735,,,-23.6126845,-46.4445915,,,,2,2023-06-19T16:58:42+00:00
SAO_3031-10,São Paulo,3550308,True,,33735,,,-23.55716425,-46.46541275,,,,2,2023-06-19T16:58:16+00:00
SAO_3031-10,São Paulo,3550308,True,,33735,,,-23.571091000000003,-46.449889999999996,,,,2,2023-06-19T16:58:34+00:00
SAO_3031-10,São Paulo,3550308,True,,33735,,,-23.610307,-46.4517405,,,,2,2023-06-19T16:58:52+00:00
SAO_6051-31,São Paulo,3550308,True,,34374,,,-23.7621455,-46.689133,,,,2,2023-06-19T16:58:35+00:00
SAO_6051-31,São Paulo,3550308,True,,34374,,,-23.763057250000003,-46.6985535,,,,2,2023-06-19T16:58:47+00:00
SAO_6837-10,São Paulo,3550308,True,,32774,,,-23.6161065,-46.739967,,,,2,2023-06-19T16:58:37+00:00
SAO_6837-10,São Paulo,3550308,True,,32774,,,-23.654980000000002,-46.762824,,,,2,2023-06-19T16:58:15+00:00
SAO_6837-10,São Paulo,3550308,True,,32774,,,-23.633743000000003,-46.758853,,,,2,2023-06-19T16:58:44+00:00
SAO_6837-10,São Paulo,3550308,True,,32774,,,-23.622894,-46.763113000000004,,,,2,2023-06-19T16:58:41+00:00
SAO_513C-10,São Paulo,3550308,True,,35303,,,-23.59876425,-46.518316,,,,2,2023-06-19T16:58:19+00:00
SAO_513C-10,São Paulo,3550308,True,,35303,,,-23.606419000000002,-46.5629485,,,,2,2023-06-19T16:58:46+00:00
SAO_513C-10,São Paulo,3550308,True,,35303,,,-23.614496,-46.500415000000004,,,,2,2023-06-19T16:58:44+00:00
SAO_513C-10,São Paulo,3550308,True,,35303,,,-23.606419000000002,-46.5629485,,,,2,2023-06-19T16:58:35+00:00
SAO_513C-10,São Paulo,3550308,True,,35303,,,-23.601928,-46.557066500000005,,,,2,2023-06-19T16:57:29+00:00
SAO_719R-10,São Paulo,3550308,True,,33237,,,-23.557296,-46.681111875,,,,2,2023-06-19T16:58:17+00:00
SAO_719R-10,São Paulo,3550308,True,,33237,,,-23.5733400625,-46.7252088125,,,,2,2023-06-19T16:58:17+00:00
SAO_719R-10,São Paulo,3550308,True,,33237,,,-23.5622305,-46.764066,,,,2,2023-06-19T16:58:55+00:00
SAO_719R-10,São Paulo,3550308,True,,33237,,,-23.5651065,-46.7598875,,,,2,2023-06-19T16:58:19+00:00
SAO_719R-10,São Paulo,3550308,True,,33237,,,-23.534870875000003,-46.654443625,,,,2,2023-06-19T16:58:51+00:00
SAO_719R-10,São Paulo,3550308,True,,33237,,,-23.5548635,-46.663689,,,,2,2023-06-19T16:58:15+00:00
SAO_719R-10,São Paulo,3550308,True,,33237,,,-23.5619675,-46.7643025,,,,2,2023-06-19T16:58:27+00:00
SAO_8594-10,São Paulo,3550308,True,,33200,,,-23.539832,-46.644732000000005,,,,2,2023-06-19T16:58:51+00:00
SAO_8594-10,São Paulo,3550308,True,,33200,,,-23.452038,-46.7466635,,,,2,2023-06-19T16:58:32+00:00
SAO_8594-10,São Paulo,3550308,True,,33200,,,-23.4830445,-46.71723,,,,2,2023-06-19T16:58:44+00:00
SAO_8594-10,São Paulo,3550308,True,,33200,,,-23.4519315,-46.746531000000004,,,,2,2023-06-19T16:58:44+00:00
SAO_8594-10,São Paulo,3550308,True,,33200,,,-23.5260725,-46.6755595,,,,2,2023-06-19T16:58:35+00:00
SAO_8594-10,São Paulo,3550308,True,,33200,,,-23.451815,-46.7463895,,,,2,2023-06-19T16:58:54+00:00
SAO_8594-10,São Paulo,3550308,True,,33200,,,-23.448831,-46.7347775,,,,2,2023-06-19T16:58:44+00:00
SAO_8594-10,São Paulo,3550308,True,,33200,,,-23.452038,-46.7466635,,,,2,2023-06-19T16:58:33+00:00
SAO_8594-10,São Paulo,3550308,True,,33200,,,-23.450701000000002,-46.728078499999995,,,,2,2023-06-19T16:58:26+00:00
SAO_8594-10,São Paulo,3550308,True,,33200,,,-23.451815,-46.7463895,,,,2,2023-06-19T16:58:11+00:00
SAO_1026-10,São Paulo,3550308,True,,2306,,,-23.475244,-46.7009475,,,,1,2023-06-19T16:58:48+00:00
SAO_5154-10,São Paulo,3550308,True,EMTU,353,https://moovitapp.com/index/pt-br/transporte_p%C3%BAblico-line-353-Sao_Paulo-242-2038937-36419436-0,5.1,-23.608770999999997,-46.666966375,,,,1,2023-06-19T16:58:25+00:00
SAO_5154-10,São Paulo,3550308,True,EMTU,353,https://moovitapp.com/index/pt-br/transporte_p%C3%BAblico-line-353-Sao_Paulo-242-2038937-36419436-0,5.1,-23.654157,-46.710629,,,,1,2023-06-19T16:58:25+00:00
SAO_5154-10,São Paulo,3550308,True,EMTU,353,https://moovitapp.com/index/pt-br/transporte_p%C3%BAblico-line-353-Sao_Paulo-242-2038937-36419436-0,5.1,-23.5728045,-46.65438175,,,,1,2023-06-19T16:58:30+00:00
SAO_5154-10,São Paulo,3550308,True,EMTU,353,https://moovitapp.com/index/pt-br/transporte_p%C3%BAblico-line-353-Sao_Paulo-242-2038937-36419436-0,5.1,-23.601248999999996,-46.659907625,,,,1,2023-06-19T16:58:51+00:00
SAO_5154-10,São Paulo,3550308,True,EMTU,353,https://moovitapp.com/index/pt-br/transporte_p%C3%BAblico-line-353-Sao_Paulo-242-2038937-36419436-0,5.1,-23.6260415,-46.7095495,,,,1,2023-06-19T16:58:31+00:00
SAO_5154-10,São Paulo,3550308,True,EMTU,353,https://moovitapp.com/index/pt-br/transporte_p%C3%BAblico-line-353-Sao_Paulo-242-2038937-36419436-0,5.1,-23.535796249999997,-46.644202,,,,1,2023-06-19T16:58:47+00:00
SAO_5614-10,São Paulo,3550308,True,,1515,,,-23.712241499999998,-46.6290095,,,,1,2023-06-19T16:58:43+00:00
SAO_5614-10,São Paulo,3550308,True,,1515,,,-23.715806999999998,-46.626348500000006,,,,1,2023-06-19T16:58:17+00:00
SAO_5614-10,São Paulo,3550308,True,,1515,,,-23.610025,-46.654475000000005,,,,1,2023-06-19T16:58:19+00:00
SAO_5614-10,São Paulo,3550308,True,,1515,,,-23.6941255,-46.665872500000006,,,,1,2023-06-19T16:58:24+00:00
SAO_5614-10,São Paulo,3550308,True,,1515,,,-23.5519655,-46.635654,,,,1,2023-06-19T16:58:49+00:00
SAO_2161-10,São Paulo,3550308,True,,694,,,-23.516759875,-46.588538,,,,1,2023-06-19T16:58:32+00:00
SAO_2161-10,São Paulo,3550308,True,,694,,,-23.4756305,-46.57086475,,,,1,2023-06-19T16:58:09+00:00
SAO_2161-10,São Paulo,3550308,True,,694,,,-23.535790249999998,-46.618985499999994,,,,1,2023-06-19T16:57:33+00:00
SAO_5702-10,São Paulo,3550308,True,,33905,,,-23.6835835,-46.634378999999996,,,,2,2023-06-19T16:58:16+00:00
SAO_5702-10,São Paulo,3550308,True,,33905,,,-23.698087,-46.646107,,,,2,2023-06-19T16:58:25+00:00
SAO_5702-10,São Paulo,3550308,True,,33905,,,-23.667493999999998,-46.6420775,,,,2,2023-06-19T16:58:33+00:00
SAO_5702-10,São Paulo,3550308,True,,33905,,,-23.698087,-46.646107,,,,2,2023-06-19T16:58:50+00:00
SAO_6803-10,São Paulo,3550308,True,,32797,,,-23.657151,-46.7506595,,,,2,2023-06-19T16:58:51+00:00
SAO_6803-10,São Paulo,3550308,True,,32797,,,-23.6548925,-46.753122,,,,2,2023-06-19T16:58:40+00:00
SAO_677A-10,São Paulo,3550308,True,,1239,,,-23.675867250000003,-46.754087,,,,1,2023-06-19T16:58:49+00:00
SAO_677A-10,São Paulo,3550308,True,,1239,,,-23.690655,-46.774251500000005,,,,1,2023-06-19T16:58:23+00:00
SAO_677A-10,São Paulo,3550308,True,,1239,,,-23.642169000000003,-46.7244965,,,,1,2023-06-19T16:57:40+00:00
SAO_677A-10,São Paulo,3550308,True,,1239,,,-23.651874499999998,-46.7213745,,,,1,2023-06-19T16:58:16+00:00
SAO_677A-10,São Paulo,3550308,True,,1239,,,-23.690655,-46.774251500000005,,,,1,2023-06-19T16:58:47+00:00
SAO_677A-10,São Paulo,3550308,True,,1239,,,-23.590987,-46.6876305,,,,1,2023-06-19T16:58:16+00:00
SAO_677A-10,São Paulo,3550308,True,,1239,,,-23.690559,-46.774157,,,,1,2023-06-19T16:58:25+00:00
SAO_677A-10,São Paulo,3550308,True,,1239,,,-23.59130825,-46.6888285,,,,1,2023-06-19T16:58:53+00:00
SAO_677A-10,São Paulo,3550308,True,,1239,,,-23.679529374999998,-46.764053375,,,,1,2023-06-19T16:55:41+00:00
SAO_2721-10,São Paulo,3550308,True,,934,,,-23.5193225,-46.409525,,,,1,2023-06-19T16:58:46+00:00
SAO_2721-10,São Paulo,3550308,True,,934,,,-23.512635500000002,-46.402305,,,,1,2023-06-19T16:58:47+00:00
SAO_2721-10,São Paulo,3550308,True,,934,,,-23.5193225,-46.409525,,,,1,2023-06-19T16:58:21+00:00
SAO_2721-10,São Paulo,3550308,True,,934,,,-23.54223,-46.4724785,,,,1,2023-06-19T16:58:34+00:00
SAO_2721-10,São Paulo,3550308,True,,934,,,-23.521648499999998,-46.4436415,,,,1,2023-06-19T16:58:41+00:00
SAO_2721-10,São Paulo,3550308,True,,934,,,-23.4955945,-46.4104385,,,,1,2023-06-19T16:58:21+00:00
SAO_2721-10,São Paulo,3550308,True,,934,,,-23.5193225,-46.409525,,,,1,2023-06-19T16:58:48+00:00
SAO_2721-10,São Paulo,3550308,True,,934,,,-23.5205085,-46.4441445,,,,1,2023-06-19T16:58:54+00:00
SAO_875A-10,São Paulo,3550308,True,,33377,,,-23.638597999999998,-46.6611785,,,,2,2023-06-19T16:58:50+00:00
SAO_875A-10,São Paulo,3550308,True,,33377,,,-23.61119625,-46.637972,,,,2,2023-06-19T16:58:27+00:00
SAO_875A-10,São Paulo,3550308,True,,33377,,,-23.6431975,-46.6622785,,,,2,2023-06-19T16:58:52+00:00
SAO_875A-10,São Paulo,3550308,True,,33377,,,-23.5565435,-46.665399,,,,2,2023-06-19T16:58:42+00:00
SAO_875A-10,São Paulo,3550308,True,,33377,,,-23.6430645,-46.6619805,,,,2,2023-06-19T16:58:31+00:00
SAO_875A-10,São Paulo,3550308,True,,33377,,,-23.5357155,-46.672241625,,,,2,2023-06-19T16:58:30+00:00
SAO_875A-10,São Paulo,3550308,True,,33377,,,-23.6428035,-46.6614245,,,,2,2023-06-19T16:58:44+00:00
SAO_875A-10,São Paulo,3550308,True,,33377,,,-23.543589249999997,-46.644211999999996,,,,2,2023-06-19T16:58:45+00:00
SAO_875A-10,São Paulo,3550308,True,,33377,,,-23.592955,-46.636668,,,,2,2023-06-19T16:58:52+00:00
SAO_2552-10,São Paulo,3550308,True,,32910,,,-23.4930435,-46.4493055,,,,2,2023-06-19T16:58:10+00:00
SAO_2552-10,São Paulo,3550308,True,,32910,,,-23.5143965,-46.519074,,,,2,2023-06-19T16:58:38+00:00
SAO_2552-10,São Paulo,3550308,True,,32910,,,-23.490681000000002,-46.438872,,,,2,2023-06-19T16:57:32+00:00
SAO_2552-10,São Paulo,3550308,True,,32910,,,-23.543049125,-46.61677125,,,,2,2023-06-19T16:58:19+00:00
SAO_2552-10,São Paulo,3550308,True,,32910,,,-23.49346225,-46.442254500000004,,,,2,2023-06-19T16:58:18+00:00
SAO_2552-10,São Paulo,3550308,True,,32910,,,-23.53916175,-46.6078665,,,,2,2023-06-19T16:58:24+00:00
SAO_2552-10,São Paulo,3550308,True,,32910,,,-23.488429375,-46.4214415,,,,2,2023-06-19T16:58:22+00:00
SAO_2552-10,São Paulo,3550308,True,,32910,,,-23.492287,-46.4407255,,,,2,2023-06-19T16:57:18+00:00
SAO_2552-10,São Paulo,3550308,True,,32910,,,-23.489174499999997,-46.420949500000006,,,,2,2023-06-19T16:58:53+00:00
SAO_2552-10,São Paulo,3550308,True,,32910,,,-23.535292,-46.575307249999994,,,,2,2023-06-19T16:58:28+00:00
SAO_2552-10,São Paulo,3550308,True,,32910,,,-23.4889485,-46.420966500000006,,,,2,2023-06-19T16:58:16+00:00
SAO_2552-10,São Paulo,3550308,True,,32910,,,-23.522164,-46.53876775,,,,2,2023-06-19T16:58:44+00:00
SAO_2552-10,São Paulo,3550308,True,,32910,,,-23.490477750000004,-46.42038325,,,,2,2023-06-19T16:58:36+00:00
SAO_2552-10,São Paulo,3550308,True,,32910,,,-23.4885445,-46.420998999999995,,,,2,2023-06-19T16:58:32+00:00
SAO_971C-10,São Paulo,3550308,True,,571,,,-23.435848,-46.71495075,,,,1,2023-06-19T16:58:52+00:00
SAO_971C-10,São Paulo,3550308,True,,571,,,-23.500229625,-46.63319625,,,,1,2023-06-19T16:58:49+00:00
SAO_971C-10,São Paulo,3550308,True,,571,,,-23.449034,-46.710164000000006,,,,1,2023-06-19T16:58:39+00:00
SAO_971C-10,São Paulo,3550308,True,,571,,,-23.449034,-46.710164000000006,,,,1,2023-06-19T16:58:54+00:00
SAO_971C-10,São Paulo,3550308,True,,571,,,-23.459132,-46.686786,,,,1,2023-06-19T16:58:13+00:00
SAO_971C-10,São Paulo,3550308,True,,571,,,-23.4435605,-46.7129695,,,,1,2023-06-19T16:58:22+00:00
SAO_6L07-10,São Paulo,3550308,True,,34313,,,-23.8313465,-46.711774500000004,,,,2,2023-06-19T16:58:26+00:00
SAO_6L07-10,São Paulo,3550308,True,,34313,,,-23.805996999999998,-46.713722000000004,,,,2,2023-06-19T16:58:04+00:00
SAO_6L07-10,São Paulo,3550308,True,,34313,,,-23.831447124999997,-46.712339625,,,,2,2023-06-19T16:58:48+00:00
SAO_607A-10,São Paulo,3550308,True,,34907,,,-23.6932985,-46.65791,,,,2,2023-06-19T16:57:50+00:00
SAO_607A-10,São Paulo,3550308,True,,34907,,,-23.690219499999998,-46.6784545,,,,2,2023-06-19T16:58:42+00:00
SAO_607A-10,São Paulo,3550308,True,,34907,,,-23.6636725,-46.7077935,,,,2,2023-06-19T16:58:23+00:00
SAO_607A-10,São Paulo,3550308,True,,34907,,,-23.695204500000003,-46.6544155,,,,2,2023-06-19T16:58:20+00:00
SAO_607A-10,São Paulo,3550308,True,,34907,,,-23.661365,-46.717587,,,,2,2023-06-19T16:58:17+00:00
SAO_6824-10,São Paulo,3550308,True,,32791,,,-23.6621345,-46.779826,,,,2,2023-06-19T16:58:49+00:00
SAO_6824-10,São Paulo,3550308,True,,32791,,,-23.673696749999998,-46.79064525,,,,2,2023-06-19T16:58:42+00:00
SAO_6824-10,São Paulo,3550308,True,,32791,,,-23.673679999999997,-46.791369,,,,2,2023-06-19T16:58:32+00:00
SAO_6822-10,São Paulo,3550308,True,Del Rey,22,https://moovitapp.com/index/pt-br/transporte_p%C3%BAblico-line-22-Sao_Paulo-242-868760-496394-0,4.5,-23.65066,-46.791231499999995,,,,1,2023-06-19T16:58:32+00:00
SAO_6822-10,São Paulo,3550308,True,Del Rey,22,https://moovitapp.com/index/pt-br/transporte_p%C3%BAblico-line-22-Sao_Paulo-242-868760-496394-0,4.5,-23.659981000000002,-46.76899,,,,1,2023-06-19T16:58:41+00:00
SAO_6822-10,São Paulo,3550308,True,Del Rey,22,https://moovitapp.com/index/pt-br/transporte_p%C3%BAblico-line-22-Sao_Paulo-242-868760-496394-0,4.5,-23.65279,-46.778128499999994,,,,1,2023-06-19T16:58:35+00:00
SAO_9050-10,São Paulo,3550308,True,,2088,,,-23.5200315,-46.699387,,,,1,2023-06-19T16:58:45+00:00
SAO_9050-10,São Paulo,3550308,True,,2088,,,-23.536806,-46.7059725,,,,1,2023-06-19T16:58:17+00:00
SAO_9050-10,São Paulo,3550308,True,,2088,,,-23.5401965,-46.7041495,,,,1,2023-06-19T16:58:45+00:00
SAO_9050-10,São Paulo,3550308,True,,2088,,,-23.5200915,-46.699243,,,,1,2023-06-19T16:58:26+00:00
SAO_9050-10,São Paulo,3550308,True,,2088,,,-23.567079999999997,-46.693938,,,,1,2023-06-19T16:58:22+00:00
SAO_3721-41,São Paulo,3550308,True,,1693,,,-23.54917025,-46.48439,,,,1,2023-06-19T16:58:45+00:00
SAO_3721-41,São Paulo,3550308,True,,1693,,,-23.540392,-46.485367499999995,,,,1,2023-06-19T16:58:25+00:00
SAO_3721-41,São Paulo,3550308,True,,1693,,,-23.554313,-46.491979,,,,1,2023-06-19T16:58:54+00:00
SAO_3721-41,São Paulo,3550308,True,,1693,,,-23.5636785,-46.5006755,,,,1,2023-06-19T16:58:33+00:00
SAO_3721-41,São Paulo,3550308,True,,1693,,,-23.542482,-46.470364,,,,1,2023-06-19T16:58:35+00:00
SAO_3721-41,São Paulo,3550308,True,,1693,,,-23.558625,-46.495583499999995,,,,1,2023-06-19T16:58:50+00:00
SAO_2772-10,São Paulo,3550308,True,,33166,,,-23.533080499999997,-46.543136,,,,2,2023-06-19T16:58:50+00:00
SAO_2772-10,São Paulo,3550308,True,,33166,,,-23.522739,-46.41046625,,,,2,2023-06-19T16:58:30+00:00
SAO_2772-10,São Paulo,3550308,True,,33166,,,-23.523301,-46.4105365,,,,2,2023-06-19T16:58:37+00:00
SAO_2772-10,São Paulo,3550308,True,,33166,,,-23.521398250000004,-46.524276,,,,2,2023-06-19T16:58:34+00:00
SAO_2772-10,São Paulo,3550308,True,,33166,,,-23.498297,-46.457488,,,,2,2023-06-19T16:58:29+00:00
SAO_2772-10,São Paulo,3550308,True,,33166,,,-23.523301,-46.4105365,,,,2,2023-06-19T16:58:50+00:00
SAO_2772-10,São Paulo,3550308,True,,33166,,,-23.509922000000003,-46.411638499999995,,,,2,2023-06-19T16:58:42+00:00
SAO_2728-10,São Paulo,3550308,True,,943,,,-23.506164749999996,-46.53080625,,,,1,2023-06-19T16:58:32+00:00
SAO_2728-10,São Paulo,3550308,True,,943,,,-23.5028325,-46.5150825,,,,1,2023-06-19T16:58:06+00:00
SAO_2728-10,São Paulo,3550308,True,,943,,,-23.532506,-46.545839,,,,1,2023-06-19T16:58:53+00:00
SAO_2728-10,São Paulo,3550308,True,,943,,,-23.511796,-46.5448265,,,,1,2023-06-19T16:58:14+00:00
SAO_2728-10,São Paulo,3550308,True,,943,,,-23.519187125000002,-46.547682,,,,1,2023-06-19T16:58:27+00:00
SAO_2728-10,São Paulo,3550308,True,,943,,,-23.533234,-46.543972499999995,,,,1,2023-06-19T16:58:14+00:00
SAO_342M-10,São Paulo,3550308,True,,33515,,,-23.6130335,-46.4763365,,,,2,2023-06-19T16:58:13+00:00
SAO_342M-10,São Paulo,3550308,True,,33515,,,-23.568596624999998,-46.50931175000001,,,,2,2023-06-19T16:58:49+00:00
SAO_342M-10,São Paulo,3550308,True,,33515,,,-23.53286275,-46.5607805,,,,2,2023-06-19T16:58:14+00:00
SAO_342M-10,São Paulo,3550308,True,,33515,,,-23.518709,-46.546899499999995,,,,2,2023-06-19T16:58:18+00:00
SAO_342M-10,São Paulo,3550308,True,,33515,,,-23.553221999999998,-46.528059,,,,2,2023-06-19T16:58:49+00:00
SAO_342M-10,São Paulo,3550308,True,,33515,,,-23.527348,-46.555268,,,,2,2023-06-19T16:58:21+00:00
SAO_342M-10,São Paulo,3550308,True,,33515,,,-23.5736935,-46.50531049999999,,,,2,2023-06-19T16:58:17+00:00
SAO_342M-10,São Paulo,3550308,True,,33515,,,-23.518709,-46.546899499999995,,,,2,2023-06-19T16:58:36+00:00
SAO_342M-10,São Paulo,3550308,True,,33515,,,-23.593412875000002,-46.488488499999995,,,,2,2023-06-19T16:58:19+00:00
SAO_342M-10,São Paulo,3550308,True,,33515,,,-23.518709,-46.546899499999995,,,,2,2023-06-19T16:58:39+00:00
SAO_342M-10,São Paulo,3550308,True,,33515,,,-23.543046499999996,-46.54895075,,,,2,2023-06-19T16:58:33+00:00
SAO_342M-10,São Paulo,3550308,True,,33515,,,-23.58033175,-46.50146325,,,,2,2023-06-19T16:58:45+00:00
SAO_342M-10,São Paulo,3550308,True,,33515,,,-23.558311,-46.522212499999995,,,,2,2023-06-19T16:58:40+00:00
SAO_342M-10,São Paulo,3550308,True,,33515,,,-23.518709,-46.546899499999995,,,,2,2023-06-19T16:58:35+00:00
SAO_342M-10,São Paulo,3550308,True,,33515,,,-23.533128249999997,-46.5607055,,,,2,2023-06-19T16:58:23+00:00
SAO_342M-10,São Paulo,3550308,True,,33515,,,-23.541276500000002,-46.5500185,,,,2,2023-06-19T16:58:13+00:00
SAO_342M-10,São Paulo,3550308,True,,33515,,,-23.5193035,-46.5472155,,,,2,2023-06-19T16:58:55+00:00
SAO_342M-10,São Paulo,3550308,True,,33515,,,-23.518709,-46.546899499999995,,,,2,2023-06-19T16:58:12+00:00
SAO_342M-10,São Paulo,3550308,True,,33515,,,-23.5314755,-46.5591195,,,,2,2023-06-19T16:58:21+00:00
SAO_342M-10,São Paulo,3550308,True,,33515,,,-23.5316105,-46.55950875,,,,2,2023-06-19T16:58:53+00:00
SAO_342M-10,São Paulo,3550308,True,,33515,,,-23.613857,-46.476304,,,,2,2023-06-19T16:58:14+00:00
SAO_342M-10,São Paulo,3550308,True,,33515,,,-23.518709,-46.546899499999995,,,,2,2023-06-19T16:58:20+00:00
SAO_342M-10,São Paulo,3550308,True,,33515,,,-23.5781235,-46.50318325,,,,2,2023-06-19T16:58:36+00:00
SAO_263J-10,São Paulo,3550308,True,EMTU,219,https://moovitapp.com/index/pt-br/transporte_p%C3%BAblico-line-219-Sao_Paulo-242-2038937-36419341-0,8.55,-23.549456,-46.4312205,,,,1,2023-06-19T16:58:10+00:00
SAO_263J-10,São Paulo,3550308,True,EMTU,219,https://moovitapp.com/index/pt-br/transporte_p%C3%BAblico-line-219-Sao_Paulo-242-2038937-36419341-0,8.55,-23.5127235,-46.515349,,,,1,2023-06-19T16:58:29+00:00
SAO_263J-10,São Paulo,3550308,True,EMTU,219,https://moovitapp.com/index/pt-br/transporte_p%C3%BAblico-line-219-Sao_Paulo-242-2038937-36419341-0,8.55,-23.5502825,-46.430747,,,,1,2023-06-19T16:58:22+00:00
SAO_263J-10,São Paulo,3550308,True,EMTU,219,https://moovitapp.com/index/pt-br/transporte_p%C3%BAblico-line-219-Sao_Paulo-242-2038937-36419341-0,8.55,-23.549966249999997,-46.43092575,,,,1,2023-06-19T16:58:33+00:00
SAO_263J-10,São Paulo,3550308,True,EMTU,219,https://moovitapp.com/index/pt-br/transporte_p%C3%BAblico-line-219-Sao_Paulo-242-2038937-36419341-0,8.55,-23.54970875,-46.43107325,,,,1,2023-06-19T16:58:52+00:00
SAO_263J-10,São Paulo,3550308,True,EMTU,219,https://moovitapp.com/index/pt-br/transporte_p%C3%BAblico-line-219-Sao_Paulo-242-2038937-36419341-0,8.55,-23.54970875,-46.43107325,,,,1,2023-06-19T16:58:39+00:00
SAO_677V-10,São Paulo,3550308,True,,32880,,,-23.7443095,-46.709995500000005,,,,2,2023-06-19T16:58:50+00:00
SAO_677V-10,São Paulo,3550308,True,,32880,,,-23.737535875,-46.69596824999999,,,,2,2023-06-19T16:58:49+00:00
SAO_677V-10,São Paulo,3550308,True,,32880,,,-23.7443095,-46.709995500000005,,,,2,2023-06-19T16:58:19+00:00
SAO_677V-10,São Paulo,3550308,True,,32880,,,-23.7329465,-46.7144615,,,,2,2023-06-19T16:58:37+00:00
SAO_677V-10,São Paulo,3550308,True,,32880,,,-23.727203,-46.704065,,,,2,2023-06-19T16:58:36+00:00
SAO_6092-10,São Paulo,3550308,True,,33945,,,-23.778222,-46.68462275,,,,2,2023-06-19T16:58:38+00:00
SAO_6092-10,São Paulo,3550308,True,,33945,,,-23.7559845,-46.687197499999996,,,,2,2023-06-19T16:58:51+00:00
SAO_6092-10,São Paulo,3550308,True,,33945,,,-23.778464,-46.68450625,,,,2,2023-06-19T16:58:43+00:00
SAO_6092-10,São Paulo,3550308,True,,33945,,,-23.776956,-46.682113625,,,,2,2023-06-19T16:58:47+00:00
SAO_8199-10,São Paulo,3550308,True,,33575,,,-23.4881355,-46.731741,,,,2,2023-06-19T16:58:43+00:00
SAO_8199-10,São Paulo,3550308,True,,33575,,,-23.468867000000003,-46.7510885,,,,2,2023-06-19T16:58:43+00:00
SAO_8199-10,São Paulo,3550308,True,,33575,,,-23.49746425,-46.697986,,,,2,2023-06-19T16:58:39+00:00
SAO_8199-10,São Paulo,3550308,True,,33575,,,-23.4865305,-46.721605624999995,,,,2,2023-06-19T16:58:54+00:00
SAO_8199-10,São Paulo,3550308,True,,33575,,,-23.4765885,-46.6674915,,,,2,2023-06-19T16:58:41+00:00
SAO_8199-10,São Paulo,3550308,True,,33575,,,-23.468643,-46.7512295,,,,2,2023-06-19T16:58:20+00:00
SAO_8199-10,São Paulo,3550308,True,,33575,,,-23.468757,-46.7514565,,,,2,2023-06-19T16:58:48+00:00
SAO_8199-10,São Paulo,3550308,True,,33575,,,-23.470213,-46.75018849999999,,,,2,2023-06-19T16:58:12+00:00
SAO_8199-10,São Paulo,3550308,True,,33575,,,-23.469364499999998,-46.750752250000005,,,,2,2023-06-19T16:58:45+00:00
SAO_8199-10,São Paulo,3550308,True,,33575,,,-23.484603,-46.6912605,,,,2,2023-06-19T16:58:13+00:00
SAO_8199-10,São Paulo,3550308,True,,33575,,,-23.473861499999998,-46.667732,,,,2,2023-06-19T16:58:30+00:00
SAO_118C-10,São Paulo,3550308,True,,33287,,,-23.500336,-46.624546,,,,2,2023-06-19T16:58:23+00:00
SAO_118C-10,São Paulo,3550308,True,,33287,,,-23.458088500000002,-46.6717525,,,,2,2023-06-19T16:58:38+00:00
SAO_118C-10,São Paulo,3550308,True,,33287,,,-23.484446625000004,-46.630247999999995,,,,2,2023-06-19T16:58:38+00:00
SAO_118C-10,São Paulo,3550308,True,,33287,,,-23.4579625,-46.67248,,,,2,2023-06-19T16:58:47+00:00
SAO_118C-10,São Paulo,3550308,True,,33287,,,-23.5394115,-46.648294500000006,,,,2,2023-06-19T16:58:34+00:00
SAO_118C-10,São Paulo,3550308,True,,33287,,,-23.525130250000004,-46.62530225,,,,2,2023-06-19T16:58:54+00:00
SAO_118C-10,São Paulo,3550308,True,,33287,,,-23.4579625,-46.67248,,,,2,2023-06-19T16:58:47+00:00
SAO_118C-10,São Paulo,3550308,True,,33287,,,-23.457580999999998,-46.6730125,,,,2,2023-06-19T16:58:32+00:00
SAO_118C-10,São Paulo,3550308,True,,33287,,,-23.458088500000002,-46.6717525,,,,2,2023-06-19T16:58:19+00:00
SAO_118C-10,São Paulo,3550308,True,,33287,,,-23.4566185,-46.673717499999995,,,,2,2023-06-19T16:58:48+00:00
SAO_118C-10,São Paulo,3550308,True,,33287,,,-23.4754945,-46.638245999999995,,,,2,2023-06-19T16:58:43+00:00
SAO_3064-10,São Paulo,3550308,True,Urubupungá,980,https://moovitapp.com/index/pt-br/transporte_p%C3%BAblico-line-980-Sao_Paulo-242-873835-76224585-0,4.6,-23.601703999999998,-46.3988755,,,,1,2023-06-19T16:58:35+00:00
SAO_3064-10,São Paulo,3550308,True,Urubupungá,980,https://moovitapp.com/index/pt-br/transporte_p%C3%BAblico-line-980-Sao_Paulo-242-873835-76224585-0,4.6,-23.583091000000003,-46.4080965,,,,1,2023-06-19T16:58:18+00:00
SAO_3064-10,São Paulo,3550308,True,Urubupungá,980,https://moovitapp.com/index/pt-br/transporte_p%C3%BAblico-line-980-Sao_Paulo-242-873835-76224585-0,4.6,-23.595961125000002,-46.405073875,,,,1,2023-06-19T16:58:00+00:00
SAO_3064-10,São Paulo,3550308,True,Urubupungá,980,https://moovitapp.com/index/pt-br/transporte_p%C3%BAblico-line-980-Sao_Paulo-242-873835-76224585-0,4.6,-23.5578535,-46.410266,,,,1,2023-06-19T16:57:57+00:00
SAO_637A-10,São Paulo,3550308,True,,185,,,-23.585782000000002,-46.6878725,,,,1,2023-06-19T16:58:21+00:00
SAO_637A-10,São Paulo,3550308,True,,185,,,-23.6825795,-46.767716500000006,,,,1,2023-06-19T16:58:18+00:00
SAO_637A-10,São Paulo,3550308,True,,185,,,-23.690886,-46.774112,,,,1,2023-06-19T16:58:51+00:00
SAO_637A-10,São Paulo,3550308,True,,185,,,-23.56614425,-46.70165525,,,,1,2023-06-19T16:58:17+00:00
SAO_637A-10,São Paulo,3550308,True,,185,,,-23.690886,-46.774112,,,,1,2023-06-19T16:58:12+00:00
SAO_637A-10,São Paulo,3550308,True,,185,,,-23.690886,-46.774112,,,,1,2023-06-19T16:58:53+00:00
SAO_637A-10,São Paulo,3550308,True,,185,,,-23.6894615,-46.77340325,,,,1,2023-06-19T16:58:46+00:00
SAO_637A-10,São Paulo,3550308,True,,185,,,-23.6756625,-46.748854,,,,1,2023-06-19T16:58:15+00:00
SAO_637A-10,São Paulo,3550308,True,,185,,,-23.690886,-46.774112,,,,1,2023-06-19T16:58:16+00:00
SAO_637A-10,São Paulo,3550308,True,,185,,,-23.690886,-46.774112,,,,1,2023-06-19T16:56:13+00:00
SAO_637A-10,São Paulo,3550308,True,,185,,,-23.643054499999998,-46.724938,,,,1,2023-06-19T16:58:12+00:00
SAO_637A-10,São Paulo,3550308,True,,185,,,-23.6677405,-46.73030275,,,,1,2023-06-19T16:58:44+00:00
SAO_637A-10,São Paulo,3550308,True,,185,,,-23.690886,-46.774112,,,,1,2023-06-19T16:58:35+00:00
SAO_637A-10,São Paulo,3550308,True,,185,,,-23.565880999999997,-46.701195,,,,1,2023-06-19T16:58:14+00:00
SAO_637A-10,São Paulo,3550308,True,,185,,,-23.579463750000002,-46.685451,,,,1,2023-06-19T16:58:48+00:00
SAO_637A-10,São Paulo,3550308,True,,185,,,-23.667333499999998,-46.7278095,,,,1,2023-06-19T16:58:13+00:00
SAO_2076-10,São Paulo,3550308,True,,33136,,,-23.4924785,-46.4584645,,,,2,2023-06-19T16:58:21+00:00
SAO_2076-10,São Paulo,3550308,True,,33136,,,-23.503588,-46.380306000000004,,,,2,2023-06-19T16:58:48+00:00
SAO_2076-10,São Paulo,3550308,True,,33136,,,-23.492855499999997,-46.3790535,,,,2,2023-06-19T16:58:33+00:00
SAO_2076-10,São Paulo,3550308,True,,33136,,,-23.523795749999998,-46.5478295,,,,2,2023-06-19T16:58:48+00:00
SAO_2076-10,São Paulo,3550308,True,,33136,,,-23.5192145,-46.524053625,,,,2,2023-06-19T16:58:41+00:00
SAO_2076-10,São Paulo,3550308,True,,33136,,,-23.4912255,-46.4828945,,,,2,2023-06-19T16:58:25+00:00
SAO_2076-10,São Paulo,3550308,True,,33136,,,-23.495362999999998,-46.429863,,,,2,2023-06-19T16:58:32+00:00
SAO_546L-10,São Paulo,3550308,True,,1285,,,-23.6711165,-46.67788924999999,,,,1,2023-06-19T16:58:28+00:00
SAO_546L-10,São Paulo,3550308,True,,1285,,,-23.6868825,-46.6383355,,,,1,2023-06-19T16:58:07+00:00
SAO_546L-10,São Paulo,3550308,True,,1285,,,-23.676828,-46.65915525,,,,1,2023-06-19T16:58:24+00:00
SAO_546L-10,São Paulo,3550308,True,,1285,,,-23.6646795,-46.709334,,,,1,2023-06-19T16:58:09+00:00
SAO_5129-10,São Paulo,3550308,True,,34049,,,-23.6801235,-46.637139000000005,,,,2,2023-06-19T16:58:47+00:00
SAO_5129-10,São Paulo,3550308,True,,34049,,,-23.654004750000002,-46.67983725,,,,2,2023-06-19T16:58:39+00:00
SAO_5129-10,São Paulo,3550308,True,,34049,,,-23.672172,-46.677558000000005,,,,2,2023-06-19T16:58:10+00:00
SAO_5129-10,São Paulo,3550308,True,,34049,,,-23.6728175,-46.6443735,,,,2,2023-06-19T16:58:46+00:00
SAO_5129-10,São Paulo,3550308,True,,34049,,,-23.666776125,-46.7219245,,,,2,2023-06-19T16:58:41+00:00
SAO_5129-10,São Paulo,3550308,True,,34049,,,-23.680194,-46.63726,,,,2,2023-06-19T16:58:31+00:00
SAO_5129-10,São Paulo,3550308,True,,34049,,,-23.685003000000002,-46.692727000000005,,,,2,2023-06-19T16:58:18+00:00
SAO_5129-10,São Paulo,3550308,True,,34049,,,-23.68483775,-46.6302575,,,,2,2023-06-19T16:58:24+00:00
SAO_6232-10,São Paulo,3550308,True,STT,483,https://moovitapp.com/index/pt-br/transporte_p%C3%BAblico-line-483-Sao_Paulo-242-850661-183322-0,5.3,-23.5499825,-46.69832,,,,1,2023-06-19T16:58:52+00:00
SAO_2123-10,São Paulo,3550308,True,,33460,,,-23.488902500000002,-46.5819175,,,,2,2023-06-19T16:58:36+00:00
SAO_2123-10,São Paulo,3550308,True,,33460,,,-23.4886805,-46.582163,,,,2,2023-06-19T16:58:23+00:00
SAO_2123-10,São Paulo,3550308,True,,33460,,,-23.50001,-46.5931085,,,,2,2023-06-19T16:58:50+00:00
SAO_2123-10,São Paulo,3550308,True,,33460,,,-23.532123749999997,-46.6160445,,,,2,2023-06-19T16:58:19+00:00
SAO_2123-10,São Paulo,3550308,True,,33460,,,-23.557351,-46.634100000000004,,,,2,2023-06-19T16:58:42+00:00
SAO_2123-10,São Paulo,3550308,True,,33460,,,-23.4884535,-46.582411,,,,2,2023-06-19T16:58:45+00:00
SAO_148P-10,São Paulo,3550308,True,,33302,,,-23.510903,-46.65497825,,,,2,2023-06-19T16:58:14+00:00
SAO_148P-10,São Paulo,3550308,True,,33302,,,-23.47046725,-46.665541,,,,2,2023-06-19T16:58:34+00:00
SAO_148P-10,São Paulo,3550308,True,,33302,,,-23.5270995,-46.664263500000004,,,,2,2023-06-19T16:58:47+00:00
SAO_148P-10,São Paulo,3550308,True,,33302,,,-23.457954,-46.6438195,,,,2,2023-06-19T16:58:16+00:00
SAO_148P-10,São Paulo,3550308,True,,33302,,,-23.4580645,-46.6433105,,,,2,2023-06-19T16:58:47+00:00
SAO_148P-10,São Paulo,3550308,True,,33302,,,-23.458014499999997,-46.642661000000004,,,,2,2023-06-19T16:58:38+00:00
SAO_148P-10,São Paulo,3550308,True,,33302,,,-23.491316750000003,-46.6625305,,,,2,2023-06-19T16:58:38+00:00
SAO_148P-10,São Paulo,3550308,True,,33302,,,-23.4645705,-46.65405375,,,,2,2023-06-19T16:58:23+00:00
SAO_148P-10,São Paulo,3550308,True,,33302,,,-23.4580645,-46.6433105,,,,2,2023-06-19T16:58:17+00:00
SAO_148P-10,São Paulo,3550308,True,,33302,,,-23.458094,-46.642975500000006,,,,2,2023-06-19T16:58:14+00:00
SAO_148P-10,São Paulo,3550308,True,,33302,,,-23.4580515,-46.6428225,,,,2,2023-06-19T16:58:34+00:00
SAO_148P-10,São Paulo,3550308,True,,33302,,,-23.458094,-46.642975500000006,,,,2,2023-06-19T16:58:31+00:00
SAO_148P-10,São Paulo,3550308,True,,33302,,,-23.458014499999997,-46.642661000000004,,,,2,2023-06-19T16:58:39+00:00
SAO_5011-10,São Paulo,3550308,True,,33883,,,-23.713846000000004,-46.62069375,,,,2,2023-06-19T16:58:24+00:00
SAO_5011-10,São Paulo,3550308,True,,33883,,,-23.7103285,-46.62034,,,,2,2023-06-19T16:58:29+00:00
SAO_5011-10,São Paulo,3550308,True,,33883,,,-23.695814499999997,-46.667714000000004,,,,2,2023-06-19T16:58:32+00:00
SAO_5011-10,São Paulo,3550308,True,,33883,,,-23.680172499999998,-46.684109500000005,,,,2,2023-06-19T16:58:36+00:00
SAO_5011-10,São Paulo,3550308,True,,33883,,,-23.7103285,-46.62034,,,,2,2023-06-19T16:56:33+00:00
SAO_5011-10,São Paulo,3550308,True,,33883,,,-23.7102955,-46.6205395,,,,2,2023-06-19T16:58:20+00:00
SAO_5011-10,São Paulo,3550308,True,,33883,,,-23.710393,-46.62002425,,,,2,2023-06-19T16:58:05+00:00
SAO_5011-10,São Paulo,3550308,True,,33883,,,-23.698926999999998,-46.647592,,,,2,2023-06-19T16:58:52+00:00
SAO_6358-10,São Paulo,3550308,True,,34062,,,-23.617873,-46.675702,,,,2,2023-06-19T16:58:38+00:00
SAO_6358-10,São Paulo,3550308,True,,34062,,,-23.681826,-46.6373525,,,,2,2023-06-19T16:58:48+00:00
SAO_6358-10,São Paulo,3550308,True,,34062,,,-23.67670925,-46.6418925,,,,2,2023-06-19T16:58:51+00:00
SAO_6358-10,São Paulo,3550308,True,,34062,,,-23.685989,-46.637835,,,,2,2023-06-19T16:58:18+00:00
SAO_6358-10,São Paulo,3550308,True,,34062,,,-23.602740000000004,-46.661508625,,,,2,2023-06-19T16:58:20+00:00
SAO_6358-10,São Paulo,3550308,True,,34062,,,-23.5715295,-46.665482,,,,2,2023-06-19T16:58:26+00:00
SAO_6358-10,São Paulo,3550308,True,,34062,,,-23.617217375000003,-46.675102249999995,,,,2,2023-06-19T16:58:32+00:00
SAO_6358-10,São Paulo,3550308,True,,34062,,,-23.5491745,-46.639111,,,,2,2023-06-19T16:58:10+00:00
SAO_6358-10,São Paulo,3550308,True,,34062,,,-23.55476,-46.6487915,,,,2,2023-06-19T16:58:39+00:00
SAO_7060-10,São Paulo,3550308,True,,1889,,,-23.647452,-46.779009,,,,1,2023-06-19T16:58:18+00:00
SAO_7060-10,São Paulo,3550308,True,,1889,,,-23.6854875,-46.801269500000004,,,,1,2023-06-19T16:58:39+00:00
SAO_351F-10,São Paulo,3550308,True,,33455,,,-23.5431125,-46.57833975,,,,2,2023-06-19T16:58:49+00:00
SAO_351F-10,São Paulo,3550308,True,,33455,,,-23.4618045,-46.5828915,,,,2,2023-06-19T16:58:24+00:00
SAO_351F-10,São Paulo,3550308,True,,33455,,,-23.4993795,-46.5878275,,,,2,2023-06-19T16:58:40+00:00
SAO_351F-10,São Paulo,3550308,True,,33455,,,-23.5540175,-46.553961,,,,2,2023-06-19T16:58:35+00:00
SAO_351F-10,São Paulo,3550308,True,,33455,,,-23.4618045,-46.5828915,,,,2,2023-06-19T16:58:10+00:00
SAO_6913-10,São Paulo,3550308,True,,34233,,,-23.710296999999997,-46.7115555,,,,2,2023-06-19T16:58:25+00:00
SAO_6913-10,São Paulo,3550308,True,,34233,,,-23.717306,-46.704494499999996,,,,2,2023-06-19T16:58:16+00:00
SAO_6913-10,São Paulo,3550308,True,,34233,,,-23.549266,-46.6401115,,,,2,2023-06-19T16:58:19+00:00
SAO_6913-10,São Paulo,3550308,True,,34233,,,-23.63537675,-46.694847249999995,,,,2,2023-06-19T16:58:49+00:00
SAO_6913-10,São Paulo,3550308,True,,34233,,,-23.549266,-46.6401115,,,,2,2023-06-19T16:58:36+00:00
SAO_6913-10,São Paulo,3550308,True,,34233,,,-23.584882,-46.6705855,,,,2,2023-06-19T16:58:21+00:00
SAO_6913-10,São Paulo,3550308,True,,34233,,,-23.7187535,-46.698841,,,,2,2023-06-19T16:58:49+00:00
SAO_6913-10,São Paulo,3550308,True,,34233,,,-23.549266,-46.6401115,,,,2,2023-06-19T16:58:20+00:00
SAO_6913-10,São Paulo,3550308,True,,34233,,,-23.607892375,-46.6764645,,,,2,2023-06-19T16:58:52+00:00
SAO_6913-10,São Paulo,3550308,True,,34233,,,-23.74047675,-46.70428525,,,,2,2023-06-19T16:56:50+00:00
SAO_6913-10,São Paulo,3550308,True,,34233,,,-23.590801,-46.672607,,,,2,2023-06-19T16:58:14+00:00
SAO_6913-10,São Paulo,3550308,True,,34233,,,-23.76714475,-46.71695750000001,,,,2,2023-06-19T16:58:34+00:00
SAO_6913-10,São Paulo,3550308,True,,34233,,,-23.767830500000002,-46.7165055,,,,2,2023-06-19T16:58:46+00:00
SAO_6913-10,São Paulo,3550308,True,,34233,,,-23.6043425,-46.6750015,,,,2,2023-06-19T16:58:34+00:00
SAO_6913-10,São Paulo,3550308,True,,34233,,,-23.549266,-46.6401115,,,,2,2023-06-19T16:58:51+00:00
SAO_6913-10,São Paulo,3550308,True,,34233,,,-23.76728,-46.716530500000005,,,,2,2023-06-19T16:56:16+00:00
SAO_6913-10,São Paulo,3550308,True,,34233,,,-23.6895115,-46.71476525,,,,2,2023-06-19T16:58:37+00:00
SAO_6913-10,São Paulo,3550308,True,,34233,,,-23.717793,-46.6995395,,,,2,2023-06-19T16:58:44+00:00
SAO_6913-10,São Paulo,3550308,True,,34233,,,-23.6802825,-46.713233875,,,,2,2023-06-19T16:58:49+00:00
SAO_6913-10,São Paulo,3550308,True,,34233,,,-23.62351475,-46.685408,,,,2,2023-06-19T16:58:52+00:00
SAO_6913-10,São Paulo,3550308,True,,34233,,,-23.6881275,-46.71470775,,,,2,2023-06-19T16:52:02+00:00
SAO_6913-10,São Paulo,3550308,True,,34233,,,-23.571359125,-46.66362425,,,,2,2023-06-19T16:58:36+00:00
SAO_6007-10,São Paulo,3550308,True,,32944,,,-23.654531499999997,-46.715275500000004,,,,2,2023-06-19T16:58:40+00:00
SAO_6007-10,São Paulo,3550308,True,,32944,,,-23.6612775,-46.7360435,,,,2,2023-06-19T16:58:13+00:00
SAO_6007-10,São Paulo,3550308,True,,32944,,,-23.6553155,-46.763464,,,,2,2023-06-19T16:58:23+00:00
SAO_6007-10,São Paulo,3550308,True,,32944,,,-23.6540545,-46.763478,,,,2,2023-06-19T16:58:27+00:00
SAO_6007-10,São Paulo,3550308,True,,32944,,,-23.654132,-46.7632315,,,,2,2023-06-19T16:58:36+00:00
SAO_675R-10,São Paulo,3550308,True,,109,,,-23.7212885,-46.688989500000005,,,,1,2023-06-19T16:58:18+00:00
SAO_675R-10,São Paulo,3550308,True,,109,,,-23.646357000000002,-46.639497500000004,,,,1,2023-06-19T16:58:15+00:00
SAO_675R-10,São Paulo,3550308,True,,109,,,-23.67970975,-46.68644525,,,,1,2023-06-19T16:58:33+00:00
SAO_675R-10,São Paulo,3550308,True,,109,,,-23.754641,-46.679715,,,,1,2023-06-19T16:58:13+00:00
SAO_177H-10,São Paulo,3550308,True,,630,,,-23.512421,-46.6594085,,,,1,2023-06-19T16:58:39+00:00
SAO_177H-10,São Paulo,3550308,True,,630,,,-23.560980999999998,-46.721033,,,,1,2023-06-19T16:58:24+00:00
SAO_177H-10,São Paulo,3550308,True,,630,,,-23.5529145,-46.7319765,,,,1,2023-06-19T16:58:29+00:00
SAO_177H-10,São Paulo,3550308,True,,630,,,-23.559016874999998,-46.68392862500001,,,,1,2023-06-19T16:58:39+00:00
SAO_177H-10,São Paulo,3550308,True,,630,,,-23.5529145,-46.7319765,,,,1,2023-06-19T16:58:26+00:00
SAO_177H-10,São Paulo,3550308,True,,630,,,-23.553213,-46.732138000000006,,,,1,2023-06-19T16:58:40+00:00
SAO_177H-10,São Paulo,3550308,True,,630,,,-23.536105499999998,-46.65406,,,,1,2023-06-19T16:58:10+00:00
SAO_177H-10,São Paulo,3550308,True,,630,,,-23.502786999999998,-46.6459495,,,,1,2023-06-19T16:58:48+00:00
SAO_5300-10,São Paulo,3550308,True,EMTU,354,https://moovitapp.com/index/pt-br/transporte_p%C3%BAblico-line-354-Sao_Paulo-242-2038937-36419437-0,7.55,-23.6497811875,-46.70390193750001,,,,1,2023-06-19T16:58:52+00:00
SAO_5300-10,São Paulo,3550308,True,EMTU,354,https://moovitapp.com/index/pt-br/transporte_p%C3%BAblico-line-354-Sao_Paulo-242-2038937-36419437-0,7.55,-23.6541105,-46.711012499999995,,,,1,2023-06-19T16:58:39+00:00
SAO_5300-10,São Paulo,3550308,True,EMTU,354,https://moovitapp.com/index/pt-br/transporte_p%C3%BAblico-line-354-Sao_Paulo-242-2038937-36419437-0,7.55,-23.654195,-46.711744499999995,,,,1,2023-06-19T16:58:45+00:00
SAO_5300-10,São Paulo,3550308,True,EMTU,354,https://moovitapp.com/index/pt-br/transporte_p%C3%BAblico-line-354-Sao_Paulo-242-2038937-36419437-0,7.55,-23.600260249999998,-46.65896574999999,,,,1,2023-06-19T16:58:41+00:00
SAO_5300-10,São Paulo,3550308,True,EMTU,354,https://moovitapp.com/index/pt-br/transporte_p%C3%BAblico-line-354-Sao_Paulo-242-2038937-36419437-0,7.55,-23.588572,-46.65187925,,,,1,2023-06-19T16:58:26+00:00
SAO_5300-10,São Paulo,3550308,True,EMTU,354,https://moovitapp.com/index/pt-br/transporte_p%C3%BAblico-line-354-Sao_Paulo-242-2038937-36419437-0,7.55,-23.583636499999997,-46.652561,,,,1,2023-06-19T16:58:52+00:00
SAO_5300-10,São Paulo,3550308,True,EMTU,354,https://moovitapp.com/index/pt-br/transporte_p%C3%BAblico-line-354-Sao_Paulo-242-2038937-36419437-0,7.55,-23.6071845,-46.665484,,,,1,2023-06-19T16:58:20+00:00
SAO_5300-10,São Paulo,3550308,True,EMTU,354,https://moovitapp.com/index/pt-br/transporte_p%C3%BAblico-line-354-Sao_Paulo-242-2038937-36419437-0,7.55,-23.642097624999998,-46.698589,,,,1,2023-06-19T16:58:22+00:00
SAO_5300-10,São Paulo,3550308,True,EMTU,354,https://moovitapp.com/index/pt-br/transporte_p%C3%BAblico-line-354-Sao_Paulo-242-2038937-36419437-0,7.55,-23.605411,-46.66382349999999,,,,1,2023-06-19T16:58:49+00:00
SAO_5300-10,São Paulo,3550308,True,EMTU,354,https://moovitapp.com/index/pt-br/transporte_p%C3%BAblico-line-354-Sao_Paulo-242-2038937-36419437-0,7.55,-23.55012275,-46.63123525,,,,1,2023-06-19T16:58:19+00:00
SAO_5300-10,São Paulo,3550308,True,EMTU,354,https://moovitapp.com/index/pt-br/transporte_p%C3%BAblico-line-354-Sao_Paulo-242-2038937-36419437-0,7.55,-23.611333000000002,-46.669388,,,,1,2023-06-19T16:58:18+00:00
SAO_5300-10,São Paulo,3550308,True,EMTU,354,https://moovitapp.com/index/pt-br/transporte_p%C3%BAblico-line-354-Sao_Paulo-242-2038937-36419437-0,7.55,-23.560002750000002,-46.639227,,,,1,2023-06-19T16:58:34+00:00
SAO_5318-10,São Paulo,3550308,True,,45,,,-23.611498500000003,-46.669551999999996,,,,1,2023-06-19T16:58:23+00:00
SAO_5318-10,São Paulo,3550308,True,,45,,,-23.644852625,-46.72260862499999,,,,1,2023-06-19T16:58:52+00:00
SAO_5318-10,São Paulo,3550308,True,,45,,,-23.5842125,-46.652938500000005,,,,1,2023-06-19T16:58:23+00:00
SAO_5318-10,São Paulo,3550308,True,,45,,,-23.5969325,-46.655863,,,,1,2023-06-19T16:58:21+00:00
SAO_5318-10,São Paulo,3550308,True,,45,,,-23.634527499999997,-46.7028835,,,,1,2023-06-19T16:58:45+00:00
SAO_5318-10,São Paulo,3550308,True,,45,,,-23.6032305,-46.661763875,,,,1,2023-06-19T16:58:53+00:00
SAO_5318-10,São Paulo,3550308,True,,45,,,-23.550115500000004,-46.635157,,,,1,2023-06-19T16:58:36+00:00
SAO_5318-10,São Paulo,3550308,True,,45,,,-23.6670765,-46.753249999999994,,,,1,2023-06-19T16:58:22+00:00
SAO_8605-10,São Paulo,3550308,True,,34685,,,-23.6157585,-46.756756499999995,,,,2,2023-06-19T16:58:52+00:00
SAO_8605-10,São Paulo,3550308,True,,34685,,,-23.5809595,-46.7115805,,,,2,2023-06-19T16:58:51+00:00
SAO_8605-10,São Paulo,3550308,True,,34685,,,-23.5862945,-46.69630675,,,,2,2023-06-19T16:58:35+00:00
SAO_8605-10,São Paulo,3550308,True,,34685,,,-23.631258,-46.773112999999995,,,,2,2023-06-19T16:58:20+00:00
SAO_8605-10,São Paulo,3550308,True,,34685,,,-23.6316405,-46.772316,,,,2,2023-06-19T16:58:20+00:00
SAO_8605-10,São Paulo,3550308,True,,34685,,,-23.598648750000002,-46.7411545,,,,2,2023-06-19T16:58:40+00:00
SAO_8605-10,São Paulo,3550308,True,,34685,,,-23.631667,-46.771628500000006,,,,2,2023-06-19T16:58:37+00:00
SAO_8605-10,São Paulo,3550308,True,,34685,,,-23.560475500000003,-46.6552375,,,,2,2023-06-19T16:58:24+00:00
SAO_6048-10,São Paulo,3550308,True,BR7 Mobilidade,56,https://moovitapp.com/index/pt-br/transporte_p%C3%BAblico-line-56-Sao_Paulo-242-851856-518592-0,5.75,-23.646914,-46.74704625,,,,1,2023-06-19T16:58:47+00:00
SAO_6048-10,São Paulo,3550308,True,BR7 Mobilidade,56,https://moovitapp.com/index/pt-br/transporte_p%C3%BAblico-line-56-Sao_Paulo-242-851856-518592-0,5.75,-23.6805215,-46.769168500000006,,,,1,2023-06-19T16:58:56+00:00
SAO_6048-10,São Paulo,3550308,True,BR7 Mobilidade,56,https://moovitapp.com/index/pt-br/transporte_p%C3%BAblico-line-56-Sao_Paulo-242-851856-518592-0,5.75,-23.6805215,-46.769168500000006,,,,1,2023-06-19T16:58:52+00:00
SAO_6048-10,São Paulo,3550308,True,BR7 Mobilidade,56,https://moovitapp.com/index/pt-br/transporte_p%C3%BAblico-line-56-Sao_Paulo-242-851856-518592-0,5.75,-23.660608,-46.7679,,,,1,2023-06-19T16:58:11+00:00
SAO_6048-10,São Paulo,3550308,True,BR7 Mobilidade,56,https://moovitapp.com/index/pt-br/transporte_p%C3%BAblico-line-56-Sao_Paulo-242-851856-518592-0,5.75,-23.6805215,-46.769168500000006,,,,1,2023-06-19T16:58:46+00:00
SAO_6048-10,São Paulo,3550308,True,BR7 Mobilidade,56,https://moovitapp.com/index/pt-br/transporte_p%C3%BAblico-line-56-Sao_Paulo-242-851856-518592-0,5.75,-23.6805215,-46.769168500000006,,,,1,2023-06-19T16:58:13+00:00
SAO_4002-10,São Paulo,3550308,True,,34945,,,-23.5591695,-46.3996545,,,,2,2023-06-19T16:58:47+00:00
SAO_4002-10,São Paulo,3550308,True,,34945,,,-23.56693975,-46.4681915,,,,2,2023-06-19T16:58:36+00:00
SAO_4002-10,São Paulo,3550308,True,,34945,,,-23.57972875,-46.483565,,,,2,2023-06-19T16:58:35+00:00
SAO_4002-10,São Paulo,3550308,True,,34945,,,-23.559117,-46.399842,,,,2,2023-06-19T16:58:27+00:00
SAO_809A-10,São Paulo,3550308,True,,34837,,,-23.571257,-46.707392,,,,2,2023-06-19T16:58:55+00:00
SAO_809A-10,São Paulo,3550308,True,,34837,,,-23.5864425625,-46.754773375,,,,2,2023-06-19T16:58:38+00:00
SAO_809A-10,São Paulo,3550308,True,,34837,,,-23.57543225,-46.77549825,,,,2,2023-06-19T16:58:45+00:00
SAO_809A-10,São Paulo,3550308,True,,34837,,,-23.57543225,-46.77549825,,,,2,2023-06-19T16:58:46+00:00
SAO_809A-10,São Paulo,3550308,True,,34837,,,-23.575846,-46.775806,,,,2,2023-06-19T16:58:22+00:00
SAO_809A-10,São Paulo,3550308,True,,34837,,,-23.57543225,-46.77549825,,,,2,2023-06-19T16:58:33+00:00
SAO_809A-10,São Paulo,3550308,True,,34837,,,-23.5758515,-46.7756445,,,,2,2023-06-19T16:58:54+00:00
SAO_809A-10,São Paulo,3550308,True,,34837,,,-23.57543225,-46.77549825,,,,2,2023-06-19T16:58:22+00:00
SAO_5290-10,São Paulo,3550308,True,,33365,,,-23.672545,-46.631642,,,,2,2023-06-19T16:58:27+00:00
SAO_5290-10,São Paulo,3550308,True,,33365,,,-23.680852,-46.636013000000005,,,,2,2023-06-19T16:58:13+00:00
SAO_5290-10,São Paulo,3550308,True,,33365,,,-23.597332,-46.636736,,,,2,2023-06-19T16:58:15+00:00
SAO_5290-10,São Paulo,3550308,True,,33365,,,-23.5687885,-46.639968999999994,,,,2,2023-06-19T16:58:30+00:00
SAO_5290-10,São Paulo,3550308,True,,33365,,,-23.680734,-46.635801,,,,2,2023-06-19T16:58:34+00:00
SAO_5290-10,São Paulo,3550308,True,,33365,,,-23.6348625,-46.64138,,,,2,2023-06-19T16:58:33+00:00
SAO_5290-10,São Paulo,3550308,True,,33365,,,-23.642439250000002,-46.641422750000004,,,,2,2023-06-19T16:58:28+00:00
SAO_475R-10,São Paulo,3550308,True,,344,,,-23.611379499999998,-46.6378325,,,,1,2023-06-19T16:58:23+00:00
SAO_475R-10,São Paulo,3550308,True,,344,,,-23.65282,-46.607729000000006,,,,1,2023-06-19T16:58:31+00:00
SAO_475R-10,São Paulo,3550308,True,,344,,,-23.65796,-46.616584,,,,1,2023-06-19T16:58:03+00:00
SAO_475R-10,São Paulo,3550308,True,,344,,,-23.599644,-46.636675499999996,,,,1,2023-06-19T16:58:40+00:00
SAO_9191-10,São Paulo,3550308,True,,33578,,,-23.5263015,-46.641783000000004,,,,2,2023-06-19T16:58:22+00:00
SAO_9191-10,São Paulo,3550308,True,,33578,,,-23.5259165,-46.63162,,,,2,2023-06-19T16:58:12+00:00
SAO_9191-10,São Paulo,3550308,True,,33578,,,-23.45973,-46.6748785,,,,2,2023-06-19T16:58:37+00:00
SAO_9191-10,São Paulo,3550308,True,,33578,,,-23.4561095,-46.678686,,,,2,2023-06-19T16:58:21+00:00
SAO_9191-10,São Paulo,3550308,True,,33578,,,-23.5259165,-46.63162,,,,2,2023-06-19T16:58:17+00:00
SAO_9191-10,São Paulo,3550308,True,,33578,,,-23.50375825,-46.675058,,,,2,2023-06-19T16:58:11+00:00
SAO_9191-10,São Paulo,3550308,True,,33578,,,-23.4559915,-46.6784675,,,,2,2023-06-19T16:58:17+00:00
SAO_9191-10,São Paulo,3550308,True,,33578,,,-23.4816705,-46.6731425,,,,2,2023-06-19T16:58:14+00:00
SAO_9191-10,São Paulo,3550308,True,,33578,,,-23.5259165,-46.63162,,,,2,2023-06-19T16:58:29+00:00
SAO_9191-10,São Paulo,3550308,True,,33578,,,-23.5259165,-46.63162,,,,2,2023-06-19T16:58:36+00:00
SAO_9191-10,São Paulo,3550308,True,,33578,,,-23.524652500000002,-46.664699999999996,,,,2,2023-06-19T16:58:24+00:00
SAO_9191-10,São Paulo,3550308,True,,33578,,,-23.4561095,-46.678686,,,,2,2023-06-19T16:58:11+00:00
SAO_6118-10,São Paulo,3550308,True,,1188,,,-23.718134,-46.705582500000006,,,,1,2023-06-19T16:58:29+00:00
SAO_6118-10,São Paulo,3550308,True,,1188,,,-23.663378,-46.707454999999996,,,,1,2023-06-19T16:58:53+00:00
SAO_6118-10,São Paulo,3550308,True,,1188,,,-23.653856875,-46.71128025,,,,1,2023-06-19T16:58:26+00:00
SAO_6118-10,São Paulo,3550308,True,,1188,,,-23.653938,-46.709849000000006,,,,1,2023-06-19T16:58:44+00:00
SAO_6118-10,São Paulo,3550308,True,,1188,,,-23.752625000000002,-46.7028335,,,,1,2023-06-19T16:58:39+00:00
SAO_6118-10,São Paulo,3550308,True,,1188,,,-23.73822825,-46.7097495,,,,1,2023-06-19T16:58:29+00:00
SAO_6118-10,São Paulo,3550308,True,,1188,,,-23.752625000000002,-46.7028335,,,,1,2023-06-19T16:58:26+00:00
SAO_5362-10,São Paulo,3550308,True,,32838,,,-23.609273375,-46.667640875,,,,2,2023-06-19T16:58:51+00:00
SAO_5362-10,São Paulo,3550308,True,,32838,,,-23.644555000000004,-46.701621375,,,,2,2023-06-19T16:58:49+00:00
SAO_5362-10,São Paulo,3550308,True,,32838,,,-23.666880499999998,-46.712041,,,,2,2023-06-19T16:58:49+00:00
SAO_5362-10,São Paulo,3550308,True,,32838,,,-23.707736125,-46.71280324999999,,,,2,2023-06-19T16:56:07+00:00
SAO_5362-10,São Paulo,3550308,True,,32838,,,-23.617217375000003,-46.675102249999995,,,,2,2023-06-19T16:58:28+00:00
SAO_5362-10,São Paulo,3550308,True,,32838,,,-23.74435,-46.6720445,,,,2,2023-06-19T16:58:45+00:00
SAO_5362-10,São Paulo,3550308,True,,32838,,,-23.744946499999998,-46.6719175,,,,2,2023-06-19T16:58:48+00:00
SAO_5362-10,São Paulo,3550308,True,,32838,,,-23.7448935,-46.6708945,,,,2,2023-06-19T16:58:40+00:00
SAO_5362-10,São Paulo,3550308,True,,32838,,,-23.7169905,-46.704867,,,,2,2023-06-19T16:58:48+00:00
SAO_5362-10,São Paulo,3550308,True,,32838,,,-23.701024250000003,-46.71515425,,,,2,2023-06-19T16:58:55+00:00
SAO_5362-10,São Paulo,3550308,True,,32838,,,-23.614112749999997,-46.6721845,,,,2,2023-06-19T16:58:34+00:00
SAO_5362-10,São Paulo,3550308,True,,32838,,,-23.755035499999998,-46.678661,,,,2,2023-06-19T16:58:29+00:00
SAO_6812-10,São Paulo,3550308,True,,1242,,,-23.7284505,-46.790535500000004,,,,1,2023-06-19T16:58:52+00:00
SAO_6812-10,São Paulo,3550308,True,,1242,,,-23.6889305,-46.77293075,,,,1,2023-06-19T16:58:45+00:00
SAO_6812-10,São Paulo,3550308,True,,1242,,,-23.669687500000002,-46.736403499999994,,,,1,2023-06-19T16:58:16+00:00
SAO_709M-10,São Paulo,3550308,True,,2462,,,-23.654158,-46.710677000000004,,,,1,2023-06-19T16:58:12+00:00
SAO_709M-10,São Paulo,3550308,True,,2462,,,-23.5662285,-46.7018525,,,,1,2023-06-19T16:58:31+00:00
SAO_709M-10,São Paulo,3550308,True,,2462,,,-23.5816995,-46.6840755,,,,1,2023-06-19T16:58:38+00:00
SAO_709M-10,São Paulo,3550308,True,,2462,,,-23.6542185,-46.7095555,,,,1,2023-06-19T16:58:16+00:00
SAO_709M-10,São Paulo,3550308,True,,2462,,,-23.60611575,-46.693101999999996,,,,1,2023-06-19T16:58:21+00:00
SAO_709M-10,São Paulo,3550308,True,,2462,,,-23.638920249999998,-46.696384,,,,1,2023-06-19T16:58:35+00:00
SAO_695Y-10,São Paulo,3550308,True,,1198,,,-23.5894045,-46.634211,,,,1,2023-06-19T16:58:38+00:00
SAO_695Y-10,São Paulo,3550308,True,,1198,,,-23.785728,-46.72602575,,,,1,2023-06-19T16:58:27+00:00
SAO_695Y-10,São Paulo,3550308,True,,1198,,,-23.5969325,-46.655863,,,,1,2023-06-19T16:58:40+00:00
SAO_695Y-10,São Paulo,3550308,True,,1198,,,-23.827535500000003,-46.7273075,,,,1,2023-06-19T16:58:16+00:00
SAO_695Y-10,São Paulo,3550308,True,,1198,,,-23.65647825,-46.700205874999995,,,,1,2023-06-19T16:58:24+00:00
SAO_695Y-10,São Paulo,3550308,True,,1198,,,-23.6914455,-46.698094499999996,,,,1,2023-06-19T16:58:11+00:00
SAO_695Y-10,São Paulo,3550308,True,,1198,,,-23.8283035,-46.727239999999995,,,,1,2023-06-19T16:58:27+00:00
SAO_695Y-10,São Paulo,3550308,True,,1198,,,-23.606327,-46.66468075,,,,1,2023-06-19T16:58:25+00:00
SAO_695Y-10,São Paulo,3550308,True,,1198,,,-23.8283035,-46.727239999999995,,,,1,2023-06-19T16:58:17+00:00
SAO_695Y-10,São Paulo,3550308,True,,1198,,,-23.5972565,-46.63935,,,,1,2023-06-19T16:58:53+00:00
SAO_695Y-10,São Paulo,3550308,True,,1198,,,-23.767629499999998,-46.717257375,,,,1,2023-06-19T16:58:29+00:00
SAO_807A-10,São Paulo,3550308,True,,34668,,,-23.630661,-46.773396000000005,,,,2,2023-06-19T16:58:40+00:00
SAO_807A-10,São Paulo,3550308,True,,34668,,,-23.646051,-46.746836,,,,2,2023-06-19T16:58:54+00:00
SAO_807A-10,São Paulo,3550308,True,,34668,,,-23.65393525,-46.707456500000006,,,,2,2023-06-19T16:58:48+00:00
SAO_807A-10,São Paulo,3550308,True,,34668,,,-23.630661,-46.773396000000005,,,,2,2023-06-19T16:58:20+00:00
SAO_807A-10,São Paulo,3550308,True,,34668,,,-23.630661,-46.773396000000005,,,,2,2023-06-19T16:58:40+00:00
SAO_807A-10,São Paulo,3550308,True,,34668,,,-23.63973,-46.7666165,,,,2,2023-06-19T16:58:42+00:00
SAO_807A-10,São Paulo,3550308,True,,34668,,,-23.630661,-46.773396000000005,,,,2,2023-06-19T16:58:39+00:00
SAO_938V-10,São Paulo,3550308,True,STT,813,https://moovitapp.com/index/pt-br/transporte_p%C3%BAblico-line-813-Sao_Paulo-242-850661-183360-0,5.3,-23.4911065,-46.694638999999995,,,,1,2023-06-19T16:58:35+00:00
SAO_938V-10,São Paulo,3550308,True,STT,813,https://moovitapp.com/index/pt-br/transporte_p%C3%BAblico-line-813-Sao_Paulo-242-850661-183360-0,5.3,-23.451921499999997,-46.6757765,,,,1,2023-06-19T16:58:24+00:00
SAO_938V-10,São Paulo,3550308,True,STT,813,https://moovitapp.com/index/pt-br/transporte_p%C3%BAblico-line-813-Sao_Paulo-242-850661-183360-0,5.3,-23.483758,-46.686705,,,,1,2023-06-19T16:58:15+00:00
SAO_938V-10,São Paulo,3550308,True,STT,813,https://moovitapp.com/index/pt-br/transporte_p%C3%BAblico-line-813-Sao_Paulo-242-850661-183360-0,5.3,-23.524847625,-46.689755125,,,,1,2023-06-19T16:58:26+00:00
SAO_938V-10,São Paulo,3550308,True,STT,813,https://moovitapp.com/index/pt-br/transporte_p%C3%BAblico-line-813-Sao_Paulo-242-850661-183360-0,5.3,-23.5049575,-46.6904515,,,,1,2023-06-19T16:58:33+00:00
SAO_938V-10,São Paulo,3550308,True,STT,813,https://moovitapp.com/index/pt-br/transporte_p%C3%BAblico-line-813-Sao_Paulo-242-850661-183360-0,5.3,-23.525157999999998,-46.689764999999994,,,,1,2023-06-19T16:58:36+00:00
SAO_938V-10,São Paulo,3550308,True,STT,813,https://moovitapp.com/index/pt-br/transporte_p%C3%BAblico-line-813-Sao_Paulo-242-850661-183360-0,5.3,-23.527313,-46.673216999999994,,,,1,2023-06-19T16:58:12+00:00
SAO_938V-10,São Paulo,3550308,True,STT,813,https://moovitapp.com/index/pt-br/transporte_p%C3%BAblico-line-813-Sao_Paulo-242-850661-183360-0,5.3,-23.453954749999998,-46.6753905,,,,1,2023-06-19T16:58:41+00:00
SAO_938V-10,São Paulo,3550308,True,STT,813,https://moovitapp.com/index/pt-br/transporte_p%C3%BAblico-line-813-Sao_Paulo-242-850661-183360-0,5.3,-23.529469375,-46.682866375,,,,1,2023-06-19T16:58:53+00:00
SAO_938V-10,São Paulo,3550308,True,STT,813,https://moovitapp.com/index/pt-br/transporte_p%C3%BAblico-line-813-Sao_Paulo-242-850661-183360-0,5.3,-23.4514025,-46.6869115,,,,1,2023-06-19T16:58:34+00:00
SAO_938V-10,São Paulo,3550308,True,STT,813,https://moovitapp.com/index/pt-br/transporte_p%C3%BAblico-line-813-Sao_Paulo-242-850661-183360-0,5.3,-23.4680295,-46.6775685,,,,1,2023-06-19T16:58:42+00:00
SAO_2703-10,São Paulo,3550308,True,,33683,,,-23.524955249999998,-46.4188215,,,,2,2023-06-19T16:58:30+00:00
SAO_2703-10,São Paulo,3550308,True,,33683,,,-23.525792,-46.420524,,,,2,2023-06-19T16:58:51+00:00
SAO_2703-10,São Paulo,3550308,True,,33683,,,-23.533511124999997,-46.4517505,,,,2,2023-06-19T16:58:28+00:00
SAO_2703-10,São Paulo,3550308,True,,33683,,,-23.539395999999996,-46.4579205,,,,2,2023-06-19T16:58:25+00:00
SAO_2703-10,São Paulo,3550308,True,,33683,,,-23.540461,-46.472384500000004,,,,2,2023-06-19T16:58:21+00:00
SAO_2703-10,São Paulo,3550308,True,,33683,,,-23.52505,-46.419146999999995,,,,2,2023-06-19T16:58:14+00:00
SAO_2703-10,São Paulo,3550308,True,,33683,,,-23.529075,-46.42023275,,,,2,2023-06-19T16:57:13+00:00
SAO_513C-31,São Paulo,3550308,True,,2536,,,-23.612389999999998,-46.477115,,,,1,2023-06-19T16:58:51+00:00
SAO_513C-31,São Paulo,3550308,True,,2536,,,-23.567628499999998,-46.457918,,,,1,2023-06-19T16:58:26+00:00
SAO_513C-31,São Paulo,3550308,True,,2536,,,-23.6068155,-46.563219000000004,,,,1,2023-06-19T16:58:29+00:00
SAO_4709-10,São Paulo,3550308,True,,33101,,,-23.633547999999998,-46.605335875,,,,2,2023-06-19T16:58:23+00:00
SAO_4709-10,São Paulo,3550308,True,,33101,,,-23.6530365,-46.607243,,,,2,2023-06-19T16:58:19+00:00
SAO_4709-10,São Paulo,3550308,True,,33101,,,-23.6529455,-46.6073925,,,,2,2023-06-19T16:58:27+00:00
SAO_4709-10,São Paulo,3550308,True,,33101,,,-23.596963000000002,-46.635134,,,,2,2023-06-19T16:58:45+00:00
SAO_263J-10,São Paulo,3550308,True,,32987,,,-23.5229885,-46.544836000000004,,,,2,2023-06-19T16:58:14+00:00
SAO_263J-10,São Paulo,3550308,True,,32987,,,-23.551592499999998,-46.4357825,,,,2,2023-06-19T16:57:05+00:00
SAO_263J-10,São Paulo,3550308,True,,32987,,,-23.52274175,-46.545013,,,,2,2023-06-19T16:58:43+00:00
SAO_263J-10,São Paulo,3550308,True,,32987,,,-23.534503,-46.453302,,,,2,2023-06-19T16:56:07+00:00
SAO_263J-10,São Paulo,3550308,True,,32987,,,-23.52320125,-46.54449475,,,,2,2023-06-19T16:58:37+00:00
SAO_263J-10,São Paulo,3550308,True,,32987,,,-23.5142675,-46.519064,,,,2,2023-06-19T16:58:28+00:00
SAO_263J-10,São Paulo,3550308,True,,32987,,,-23.536605,-46.473316,,,,2,2023-06-19T16:55:25+00:00
SAO_263J-10,São Paulo,3550308,True,,32987,,,-23.525419875,-46.474753125,,,,2,2023-06-19T16:58:29+00:00
SAO_2017-10,São Paulo,3550308,True,,903,,,-23.492287,-46.4407255,,,,1,2023-06-19T16:51:25+00:00
SAO_2017-10,São Paulo,3550308,True,,903,,,-23.49783925,-46.41509825,,,,1,2023-06-19T16:58:47+00:00
SAO_2017-10,São Paulo,3550308,True,,903,,,-23.495356,-46.4300755,,,,1,2023-06-19T16:58:38+00:00
SAO_2017-10,São Paulo,3550308,True,,903,,,-23.5195115,-46.4125905,,,,1,2023-06-19T16:58:34+00:00
SAO_2017-10,São Paulo,3550308,True,,903,,,-23.5195115,-46.4125905,,,,1,2023-06-19T16:58:14+00:00
SAO_7181-10,São Paulo,3550308,True,,1332,,,-23.53506275,-46.644746999999995,,,,1,2023-06-19T16:58:37+00:00
SAO_9789-10,São Paulo,3550308,True,,33597,,,-23.461478,-46.7084365,,,,2,2023-06-19T16:58:20+00:00
SAO_9789-10,São Paulo,3550308,True,,33597,,,-23.461194999999996,-46.70890575,,,,2,2023-06-19T16:58:39+00:00
SAO_9789-10,São Paulo,3550308,True,,33597,,,-23.4820725,-46.6921595,,,,2,2023-06-19T16:58:43+00:00
SAO_9789-10,São Paulo,3550308,True,,33597,,,-23.471452499999998,-46.691846,,,,2,2023-06-19T16:58:49+00:00
SAO_9789-10,São Paulo,3550308,True,,33597,,,-23.507705375,-46.6703935,,,,2,2023-06-19T16:58:17+00:00
SAO_9789-10,São Paulo,3550308,True,,33597,,,-23.50468325,-46.67281975,,,,2,2023-06-19T16:58:41+00:00
SAO_3746-10,São Paulo,3550308,True,EMTU,283,https://moovitapp.com/index/pt-br/transporte_p%C3%BAblico-line-283-Sao_Paulo-242-2038937-36419384-0,5.2,-23.594817,-46.5027665,,,,1,2023-06-19T16:58:26+00:00
SAO_3746-10,São Paulo,3550308,True,EMTU,283,https://moovitapp.com/index/pt-br/transporte_p%C3%BAblico-line-283-Sao_Paulo-242-2038937-36419384-0,5.2,-23.56734,-46.5409395,,,,1,2023-06-19T16:58:32+00:00
SAO_3746-10,São Paulo,3550308,True,EMTU,283,https://moovitapp.com/index/pt-br/transporte_p%C3%BAblico-line-283-Sao_Paulo-242-2038937-36419384-0,5.2,-23.587030499999997,-46.5169335,,,,1,2023-06-19T16:58:28+00:00
SAO_3746-10,São Paulo,3550308,True,EMTU,283,https://moovitapp.com/index/pt-br/transporte_p%C3%BAblico-line-283-Sao_Paulo-242-2038937-36419384-0,5.2,-23.5428375,-46.587731000000005,,,,1,2023-06-19T16:58:41+00:00
SAO_3746-10,São Paulo,3550308,True,EMTU,283,https://moovitapp.com/index/pt-br/transporte_p%C3%BAblico-line-283-Sao_Paulo-242-2038937-36419384-0,5.2,-23.557826499999997,-46.571458500000006,,,,1,2023-06-19T16:58:22+00:00
SAO_574R-10,São Paulo,3550308,True,,1623,,,-23.5583235,-46.5772125,,,,1,2023-06-19T16:58:18+00:00
SAO_574R-10,São Paulo,3550308,True,,1623,,,-23.5813405,-46.537292,,,,1,2023-06-19T16:58:48+00:00
SAO_574R-10,São Paulo,3550308,True,,1623,,,-23.59876425,-46.518316,,,,1,2023-06-19T16:58:39+00:00
SAO_574R-10,São Paulo,3550308,True,,1623,,,-23.566370875,-46.569398750000005,,,,1,2023-06-19T16:58:12+00:00
SAO_4314-10,São Paulo,3550308,True,,34942,,,-23.5733545,-46.398966,,,,2,2023-06-19T16:58:16+00:00
SAO_4314-10,São Paulo,3550308,True,,34942,,,-23.54836625,-46.42627575,,,,2,2023-06-19T16:58:45+00:00
SAO_4314-10,São Paulo,3550308,True,,34942,,,-23.558173250000003,-46.4462325,,,,2,2023-06-19T16:58:30+00:00
SAO_4314-10,São Paulo,3550308,True,,34942,,,-23.5503315,-46.509519499999996,,,,2,2023-06-19T16:58:26+00:00
SAO_4314-10,São Paulo,3550308,True,,34942,,,-23.573010500000002,-46.399233,,,,2,2023-06-19T16:58:10+00:00
SAO_4314-10,São Paulo,3550308,True,,34942,,,-23.5410235,-46.577115500000005,,,,2,2023-06-19T16:58:37+00:00
SAO_4314-10,São Paulo,3550308,True,,34942,,,-23.5736485,-46.3986825,,,,2,2023-06-19T16:58:38+00:00
SAO_4314-10,São Paulo,3550308,True,,34942,,,-23.5733545,-46.398966,,,,2,2023-06-19T16:58:29+00:00
SAO_4314-10,São Paulo,3550308,True,,34942,,,-23.55400725,-46.48879825,,,,2,2023-06-19T16:58:37+00:00
SAO_4314-10,São Paulo,3550308,True,,34942,,,-23.5733545,-46.398966,,,,2,2023-06-19T16:58:41+00:00
SAO_7012-10,São Paulo,3550308,True,,34811,,,-23.669361000000002,-46.735786250000004,,,,2,2023-06-19T16:58:25+00:00
SAO_7012-10,São Paulo,3550308,True,,34811,,,-23.6905325,-46.774566500000006,,,,2,2023-06-19T16:58:15+00:00
SAO_7012-10,São Paulo,3550308,True,,34811,,,-23.7103945,-46.77583224999999,,,,2,2023-06-19T16:58:22+00:00
SAO_7012-10,São Paulo,3550308,True,,34811,,,-23.7036395,-46.7764725,,,,2,2023-06-19T16:58:50+00:00
SAO_342C-10,São Paulo,3550308,True,,33770,,,-23.54438,-46.487562499999996,,,,2,2023-06-19T16:58:13+00:00
SAO_342C-10,São Paulo,3550308,True,,33770,,,-23.542237999999998,-46.514022499999996,,,,2,2023-06-19T16:58:29+00:00
SAO_342C-10,São Paulo,3550308,True,,33770,,,-23.52489875,-46.528501874999996,,,,2,2023-06-19T16:58:31+00:00
SAO_342C-10,São Paulo,3550308,True,,33770,,,-23.560966,-46.4920555,,,,2,2023-06-19T16:58:35+00:00
SAO_517J-10,São Paulo,3550308,True,,33897,,,-23.693209500000002,-46.658558,,,,2,2023-06-19T16:58:26+00:00
SAO_517J-10,São Paulo,3550308,True,,33897,,,-23.66487675,-46.6788885,,,,2,2023-06-19T16:58:28+00:00
SAO_517J-10,São Paulo,3550308,True,,33897,,,-23.690821999999997,-46.655268,,,,2,2023-06-19T16:58:24+00:00
SAO_517J-10,São Paulo,3550308,True,,33897,,,-23.676828,-46.65915525,,,,2,2023-06-19T16:58:50+00:00
SAO_517J-10,São Paulo,3550308,True,,33897,,,-23.6911755,-46.656424,,,,2,2023-06-19T16:58:33+00:00
SAO_517J-10,São Paulo,3550308,True,,33897,,,-23.6911125,-46.656583499999996,,,,2,2023-06-19T16:58:25+00:00
SAO_517J-10,São Paulo,3550308,True,,33897,,,-23.6243475,-46.694984000000005,,,,2,2023-06-19T16:58:39+00:00
SAO_517J-10,São Paulo,3550308,True,,33897,,,-23.64803825,-46.67577475,,,,2,2023-06-19T16:58:34+00:00
SAO_2762-10,São Paulo,3550308,True,,32912,,,-23.492641,-46.497034,,,,2,2023-06-19T16:55:42+00:00
SAO_2762-10,São Paulo,3550308,True,,32912,,,-23.5399995,-46.5774715,,,,2,2023-06-19T16:58:31+00:00
SAO_2762-10,São Paulo,3550308,True,,32912,,,-23.486237625,-46.476904125000004,,,,2,2023-06-19T16:58:28+00:00
SAO_2762-10,São Paulo,3550308,True,,32912,,,-23.500131,-46.477971499999995,,,,2,2023-06-19T16:58:14+00:00
SAO_2762-10,São Paulo,3550308,True,,32912,,,-23.486237625,-46.476904125000004,,,,2,2023-06-19T16:58:37+00:00
SAO_2762-10,São Paulo,3550308,True,,32912,,,-23.49894475,-46.52076825,,,,2,2023-06-19T16:58:16+00:00
SAO_2762-10,São Paulo,3550308,True,,32912,,,-23.5246445,-46.549759375,,,,2,2023-06-19T16:58:37+00:00
SAO_917M-10,São Paulo,3550308,True,,34134,,,-23.582161499999998,-46.637816,,,,2,2023-06-19T16:58:12+00:00
SAO_917M-10,São Paulo,3550308,True,,34134,,,-23.50622625,-46.67333725,,,,2,2023-06-19T16:58:39+00:00
SAO_917M-10,São Paulo,3550308,True,,34134,,,-23.4734785,-46.70469275,,,,2,2023-06-19T16:58:29+00:00
SAO_917M-10,São Paulo,3550308,True,,34134,,,-23.4849635,-46.7000255,,,,2,2023-06-19T16:58:42+00:00
SAO_917M-10,São Paulo,3550308,True,,34134,,,-23.5440945,-46.665048999999996,,,,2,2023-06-19T16:58:34+00:00
SAO_3020-10,São Paulo,3550308,True,,33726,,,-23.530773500000002,-46.445034,,,,2,2023-06-19T16:58:42+00:00
SAO_3020-10,São Paulo,3550308,True,,33726,,,-23.553390999999998,-46.432116,,,,2,2023-06-19T16:58:38+00:00
SAO_3020-10,São Paulo,3550308,True,,33726,,,-23.57241125,-46.490596999999994,,,,2,2023-06-19T16:58:41+00:00
SAO_3020-10,São Paulo,3550308,True,,33726,,,-23.553390999999998,-46.432116,,,,2,2023-06-19T16:58:40+00:00
SAO_407K-10,São Paulo,3550308,True,,34936,,,-23.5387,-46.5644465,,,,2,2023-06-19T16:58:29+00:00
SAO_407K-10,São Paulo,3550308,True,,34936,,,-23.613653,-46.4766475,,,,2,2023-06-19T16:58:28+00:00
SAO_407K-10,São Paulo,3550308,True,,34936,,,-23.538951124999997,-46.545640500000005,,,,2,2023-06-19T16:58:44+00:00
SAO_407K-10,São Paulo,3550308,True,,34936,,,-23.582285499999998,-46.491486,,,,2,2023-06-19T16:58:19+00:00
SAO_271C-10,São Paulo,3550308,True,STT,682,https://moovitapp.com/index/pt-br/transporte_p%C3%BAblico-line-682-Sao_Paulo-242-850661-183336-0,5.3,-23.500284,-46.615921,,,,1,2023-06-19T16:58:52+00:00
SAO_271C-10,São Paulo,3550308,True,STT,682,https://moovitapp.com/index/pt-br/transporte_p%C3%BAblico-line-682-Sao_Paulo-242-850661-183336-0,5.3,-23.5082175,-46.57096249999999,,,,1,2023-06-19T16:58:50+00:00
SAO_8000-10,São Paulo,3550308,True,,1273,,,-23.520449499999998,-46.6996115,,,,1,2023-06-19T16:58:32+00:00
SAO_8000-10,São Paulo,3550308,True,,1273,,,-23.530192125,-46.666985249999996,,,,1,2023-06-19T16:58:29+00:00
SAO_8000-10,São Paulo,3550308,True,,1273,,,-23.520449499999998,-46.6996115,,,,1,2023-06-19T16:58:54+00:00
SAO_8000-10,São Paulo,3550308,True,,1273,,,-23.520449499999998,-46.6996115,,,,1,2023-06-19T16:58:19+00:00
SAO_8000-10,São Paulo,3550308,True,,1273,,,-23.520449499999998,-46.6996115,,,,1,2023-06-19T16:58:16+00:00
SAO_172K-10,São Paulo,3550308,True,,33625,,,-23.456100499999998,-46.59466,,,,2,2023-06-19T16:58:51+00:00
SAO_172K-10,São Paulo,3550308,True,,33625,,,-23.456809,-46.5950205,,,,2,2023-06-19T16:58:48+00:00
SAO_172K-10,São Paulo,3550308,True,,33625,,,-23.5055635,-46.597652499999995,,,,2,2023-06-19T16:58:33+00:00
SAO_172K-10,São Paulo,3550308,True,,33625,,,-23.5398785,-46.577164499999995,,,,2,2023-06-19T16:58:27+00:00
SAO_172K-10,São Paulo,3550308,True,,33625,,,-23.456100499999998,-46.59466,,,,2,2023-06-19T16:58:42+00:00
SAO_172K-10,São Paulo,3550308,True,,33625,,,-23.456906,-46.595107999999996,,,,2,2023-06-19T16:58:20+00:00
SAO_172K-10,São Paulo,3550308,True,,33625,,,-23.4565275,-46.5947325,,,,2,2023-06-19T16:58:47+00:00
SAO_172K-10,São Paulo,3550308,True,,33625,,,-23.5338925,-46.600783500000006,,,,2,2023-06-19T16:58:44+00:00
SAO_172K-10,São Paulo,3550308,True,,33625,,,-23.47485075,-46.589771,,,,2,2023-06-19T16:58:22+00:00
SAO_172K-10,São Paulo,3550308,True,,33625,,,-23.4564775,-46.594733,,,,2,2023-06-19T16:58:21+00:00
SAO_172K-10,São Paulo,3550308,True,,33625,,,-23.456327,-46.5947025,,,,2,2023-06-19T16:58:55+00:00
SAO_172K-10,São Paulo,3550308,True,,33625,,,-23.456327,-46.5947025,,,,2,2023-06-19T16:58:39+00:00
SAO_172K-10,São Paulo,3550308,True,,33625,,,-23.456327,-46.5947025,,,,2,2023-06-19T16:58:21+00:00
SAO_6036-10,São Paulo,3550308,True,,33982,,,-23.648877499999998,-46.753294499999996,,,,2,2023-06-19T16:58:36+00:00
SAO_6036-10,São Paulo,3550308,True,,33982,,,-23.65385975,-46.79008575,,,,2,2023-06-19T16:58:53+00:00
SAO_6036-10,São Paulo,3550308,True,,33982,,,-23.65385975,-46.79008575,,,,2,2023-06-19T16:58:33+00:00
SAO_6036-10,São Paulo,3550308,True,,33982,,,-23.65385975,-46.79008575,,,,2,2023-06-19T16:58:48+00:00
SAO_6036-10,São Paulo,3550308,True,,33982,,,-23.65474475,-46.776775,,,,2,2023-06-19T16:58:46+00:00
SAO_6036-10,São Paulo,3550308,True,,33982,,,-23.65385975,-46.79008575,,,,2,2023-06-19T16:58:53+00:00
SAO_6036-10,São Paulo,3550308,True,,33982,,,-23.650755,-46.718433,,,,2,2023-06-19T16:52:54+00:00
SAO_957T-10,São Paulo,3550308,True,,464,,,-23.44777075,-46.717055,,,,1,2023-06-19T16:58:47+00:00
SAO_957T-10,São Paulo,3550308,True,,464,,,-23.595228499999997,-46.683208,,,,1,2023-06-19T16:58:35+00:00
SAO_957T-10,São Paulo,3550308,True,,464,,,-23.493143,-46.6965835,,,,1,2023-06-19T16:58:50+00:00
SAO_957T-10,São Paulo,3550308,True,,464,,,-23.551858875,-46.711209,,,,1,2023-06-19T16:58:32+00:00
SAO_5111-10,São Paulo,3550308,True,,32816,,,-23.653927,-46.710094,,,,2,2023-06-19T16:58:44+00:00
SAO_5111-10,São Paulo,3550308,True,,32816,,,-23.557312625,-46.64069025,,,,2,2023-06-19T16:58:51+00:00
SAO_5111-10,São Paulo,3550308,True,,32816,,,-23.654214,-46.7129695,,,,2,2023-06-19T16:58:44+00:00
SAO_5111-10,São Paulo,3550308,True,,32816,,,-23.557312625,-46.64069025,,,,2,2023-06-19T16:58:31+00:00
SAO_5111-10,São Paulo,3550308,True,,32816,,,-23.62351475,-46.685408,,,,2,2023-06-19T16:58:48+00:00
SAO_5111-10,São Paulo,3550308,True,,32816,,,-23.641431374999996,-46.698932375,,,,2,2023-06-19T16:58:43+00:00
SAO_5111-10,São Paulo,3550308,True,,32816,,,-23.564395625,-46.646731,,,,2,2023-06-19T16:58:42+00:00
SAO_5111-10,São Paulo,3550308,True,,32816,,,-23.654214,-46.7129695,,,,2,2023-06-19T16:58:20+00:00
SAO_5111-10,São Paulo,3550308,True,,32816,,,-23.578128999999997,-46.6602405,,,,2,2023-06-19T16:53:38+00:00
SAO_6038-10,São Paulo,3550308,True,,1216,,,-23.6596825,-46.77547,,,,1,2023-06-19T16:58:30+00:00
SAO_6038-10,São Paulo,3550308,True,,1216,,,-23.65865,-46.765243,,,,1,2023-06-19T16:58:16+00:00
SAO_6038-10,São Paulo,3550308,True,,1216,,,-23.64161625,-46.715562625000004,,,,1,2023-06-19T16:58:38+00:00
SAO_6038-10,São Paulo,3550308,True,,1216,,,-23.6610075,-46.7915495,,,,1,2023-06-19T16:58:15+00:00
SAO_6038-10,São Paulo,3550308,True,,1216,,,-23.64951875,-46.70788325,,,,1,2023-06-19T16:58:13+00:00
SAO_6038-10,São Paulo,3550308,True,,1216,,,-23.646397,-46.746840000000006,,,,1,2023-06-19T16:58:51+00:00
SAO_6038-10,São Paulo,3550308,True,,1216,,,-23.66739625,-46.784721,,,,1,2023-06-19T16:58:50+00:00
SAO_819A-10,São Paulo,3550308,True,Rápido Campinas,803,https://moovitapp.com/index/pt-br/transporte_p%C3%BAblico-line-803-Sao_Paulo-242-858660-544941-0,5.3,-23.488703125,-46.675247125,,,,1,2023-06-19T16:58:34+00:00
SAO_819A-10,São Paulo,3550308,True,Rápido Campinas,803,https://moovitapp.com/index/pt-br/transporte_p%C3%BAblico-line-803-Sao_Paulo-242-858660-544941-0,5.3,-23.4640755,-46.680258499999994,,,,1,2023-06-19T16:58:14+00:00
SAO_819A-10,São Paulo,3550308,True,Rápido Campinas,803,https://moovitapp.com/index/pt-br/transporte_p%C3%BAblico-line-803-Sao_Paulo-242-858660-544941-0,5.3,-23.4345435,-46.7188635,,,,1,2023-06-19T16:58:47+00:00
SAO_819A-10,São Paulo,3550308,True,Rápido Campinas,803,https://moovitapp.com/index/pt-br/transporte_p%C3%BAblico-line-803-Sao_Paulo-242-858660-544941-0,5.3,-23.438405,-46.748092,,,,1,2023-06-19T16:58:41+00:00
SAO_819A-10,São Paulo,3550308,True,Rápido Campinas,803,https://moovitapp.com/index/pt-br/transporte_p%C3%BAblico-line-803-Sao_Paulo-242-858660-544941-0,5.3,-23.488441875,-46.675133875,,,,1,2023-06-19T16:58:17+00:00
SAO_819A-10,São Paulo,3550308,True,Rápido Campinas,803,https://moovitapp.com/index/pt-br/transporte_p%C3%BAblico-line-803-Sao_Paulo-242-858660-544941-0,5.3,-23.439236,-46.750571,,,,1,2023-06-19T16:58:12+00:00
SAO_819A-10,São Paulo,3550308,True,Rápido Campinas,803,https://moovitapp.com/index/pt-br/transporte_p%C3%BAblico-line-803-Sao_Paulo-242-858660-544941-0,5.3,-23.476218624999998,-46.664700625,,,,1,2023-06-19T16:58:45+00:00
SAO_819A-10,São Paulo,3550308,True,Rápido Campinas,803,https://moovitapp.com/index/pt-br/transporte_p%C3%BAblico-line-803-Sao_Paulo-242-858660-544941-0,5.3,-23.464762999999998,-46.6797545,,,,1,2023-06-19T16:58:52+00:00
SAO_819A-10,São Paulo,3550308,True,Rápido Campinas,803,https://moovitapp.com/index/pt-br/transporte_p%C3%BAblico-line-803-Sao_Paulo-242-858660-544941-0,5.3,-23.43866575,-46.729177750000005,,,,1,2023-06-19T16:58:04+00:00
SAO_819A-10,São Paulo,3550308,True,Rápido Campinas,803,https://moovitapp.com/index/pt-br/transporte_p%C3%BAblico-line-803-Sao_Paulo-242-858660-544941-0,5.3,-23.453129500000003,-46.697292000000004,,,,1,2023-06-19T16:58:30+00:00
SAO_819A-10,São Paulo,3550308,True,Rápido Campinas,803,https://moovitapp.com/index/pt-br/transporte_p%C3%BAblico-line-803-Sao_Paulo-242-858660-544941-0,5.3,-23.438405,-46.748092,,,,1,2023-06-19T16:58:18+00:00
SAO_819A-10,São Paulo,3550308,True,Rápido Campinas,803,https://moovitapp.com/index/pt-br/transporte_p%C3%BAblico-line-803-Sao_Paulo-242-858660-544941-0,5.3,-23.438405,-46.748092,,,,1,2023-06-19T16:58:23+00:00
SAO_819A-10,São Paulo,3550308,True,Rápido Campinas,803,https://moovitapp.com/index/pt-br/transporte_p%C3%BAblico-line-803-Sao_Paulo-242-858660-544941-0,5.3,-23.438405,-46.748092,,,,1,2023-06-19T16:58:38+00:00
SAO_819A-10,São Paulo,3550308,True,Rápido Campinas,803,https://moovitapp.com/index/pt-br/transporte_p%C3%BAblico-line-803-Sao_Paulo-242-858660-544941-0,5.3,-23.438405,-46.748092,,,,1,2023-06-19T16:58:27+00:00
SAO_819A-10,São Paulo,3550308,True,Rápido Campinas,803,https://moovitapp.com/index/pt-br/transporte_p%C3%BAblico-line-803-Sao_Paulo-242-858660-544941-0,5.3,-23.435616,-46.71562025,,,,1,2023-06-19T16:58:27+00:00
SAO_5175-10,São Paulo,3550308,True,,33361,,,-23.5505945,-46.635301,,,,2,2023-06-19T16:58:49+00:00
SAO_5175-10,São Paulo,3550308,True,,33361,,,-23.7018975,-46.65018325,,,,2,2023-06-19T16:58:44+00:00
SAO_5175-10,São Paulo,3550308,True,,33361,,,-23.6941985,-46.646617,,,,2,2023-06-19T16:58:46+00:00
SAO_5175-10,São Paulo,3550308,True,,33361,,,-23.592185999999998,-46.650962500000006,,,,2,2023-06-19T16:58:09+00:00
SAO_5175-10,São Paulo,3550308,True,,33361,,,-23.7018975,-46.65018325,,,,2,2023-06-19T16:58:53+00:00
SAO_5175-10,São Paulo,3550308,True,,33361,,,-23.702181500000002,-46.650177,,,,2,2023-06-19T16:58:25+00:00
SAO_5175-10,São Paulo,3550308,True,,33361,,,-23.680882249999996,-46.653934250000006,,,,2,2023-06-19T16:57:44+00:00
SAO_5175-10,São Paulo,3550308,True,,33361,,,-23.702181500000002,-46.650177,,,,2,2023-06-19T16:58:40+00:00
SAO_5175-10,São Paulo,3550308,True,,33361,,,-23.658049249999998,-46.6796695,,,,2,2023-06-19T16:58:17+00:00
SAO_5175-10,São Paulo,3550308,True,,33361,,,-23.5505945,-46.635301,,,,2,2023-06-19T16:58:41+00:00
SAO_5175-10,São Paulo,3550308,True,,33361,,,-23.6742275,-46.663416999999995,,,,2,2023-06-19T16:58:18+00:00
SAO_5175-10,São Paulo,3550308,True,,33361,,,-23.5505945,-46.635301,,,,2,2023-06-19T16:58:43+00:00
SAO_5175-10,São Paulo,3550308,True,,33361,,,-23.5505945,-46.635301,,,,2,2023-06-19T16:58:45+00:00
SAO_5175-10,São Paulo,3550308,True,,33361,,,-23.5584245,-46.641648,,,,2,2023-06-19T16:58:43+00:00
SAO_5175-10,São Paulo,3550308,True,,33361,,,-23.7018975,-46.65018325,,,,2,2023-06-19T16:57:44+00:00
SAO_5175-10,São Paulo,3550308,True,,33361,,,-23.644296500000003,-46.6729175,,,,2,2023-06-19T16:58:29+00:00
SAO_5175-10,São Paulo,3550308,True,,33361,,,-23.616398500000003,-46.66089825,,,,2,2023-06-19T16:58:09+00:00
SAO_5175-10,São Paulo,3550308,True,,33361,,,-23.57539775,-46.657210750000004,,,,2,2023-06-19T16:58:42+00:00
SAO_5175-10,São Paulo,3550308,True,,33361,,,-23.5505945,-46.635301,,,,2,2023-06-19T16:58:23+00:00
SAO_5175-10,São Paulo,3550308,True,,33361,,,-23.5505945,-46.635301,,,,2,2023-06-19T16:58:11+00:00
SAO_5175-10,São Paulo,3550308,True,,33361,,,-23.678711,-46.6567585,,,,2,2023-06-19T16:58:08+00:00
SAO_5175-10,São Paulo,3550308,True,,33361,,,-23.6876035,-46.6398115,,,,2,2023-06-19T16:58:37+00:00
SAO_5175-10,São Paulo,3550308,True,,33361,,,-23.5505945,-46.635301,,,,2,2023-06-19T16:58:36+00:00
SAO_5175-10,São Paulo,3550308,True,,33361,,,-23.5505945,-46.635301,,,,2,2023-06-19T16:58:27+00:00
SAO_5175-10,São Paulo,3550308,True,,33361,,,-23.694391,-46.6472535,,,,2,2023-06-19T16:58:33+00:00
SAO_2290-10,São Paulo,3550308,True,,718,,,-23.5338145,-46.566121,,,,1,2023-06-19T16:58:32+00:00
SAO_2290-10,São Paulo,3550308,True,,718,,,-23.5391325,-46.635174,,,,1,2023-06-19T16:58:20+00:00
SAO_2290-10,São Paulo,3550308,True,,718,,,-23.6131955,-46.476123,,,,1,2023-06-19T16:58:22+00:00
SAO_2290-10,São Paulo,3550308,True,,718,,,-23.6131955,-46.476123,,,,1,2023-06-19T16:58:22+00:00
SAO_2290-10,São Paulo,3550308,True,,718,,,-23.546634500000003,-46.6300045,,,,1,2023-06-19T16:58:24+00:00
SAO_2290-10,São Paulo,3550308,True,,718,,,-23.542819,-46.548100500000004,,,,1,2023-06-19T16:58:25+00:00
SAO_2290-10,São Paulo,3550308,True,,718,,,-23.6131955,-46.476123,,,,1,2023-06-19T16:58:51+00:00
SAO_2290-10,São Paulo,3550308,True,,718,,,-23.570087,-46.50773112499999,,,,1,2023-06-19T16:58:39+00:00
SAO_2290-10,São Paulo,3550308,True,,718,,,-23.6131955,-46.476123,,,,1,2023-06-19T16:58:21+00:00
SAO_2290-10,São Paulo,3550308,True,,718,,,-23.58151525,-46.49824875,,,,1,2023-06-19T16:58:30+00:00
SAO_2290-10,São Paulo,3550308,True,,718,,,-23.553221999999998,-46.528059,,,,1,2023-06-19T16:58:19+00:00
SAO_2290-10,São Paulo,3550308,True,,718,,,-23.54337975,-46.643962,,,,1,2023-06-19T16:58:48+00:00
SAO_2290-10,São Paulo,3550308,True,,718,,,-23.6130195,-46.476082,,,,1,2023-06-19T16:58:23+00:00
SAO_2290-10,São Paulo,3550308,True,,718,,,-23.583575500000002,-46.4946405,,,,1,2023-06-19T16:58:35+00:00
SAO_2290-10,São Paulo,3550308,True,,718,,,-23.6131955,-46.476123,,,,1,2023-06-19T16:58:19+00:00
SAO_2290-10,São Paulo,3550308,True,,718,,,-23.610713,-46.476423624999995,,,,1,2023-06-19T16:58:34+00:00
SAO_2290-10,São Paulo,3550308,True,,718,,,-23.5461345,-46.630341,,,,1,2023-06-19T16:58:28+00:00
SAO_2290-10,São Paulo,3550308,True,,718,,,-23.5736935,-46.50531049999999,,,,1,2023-06-19T16:58:13+00:00
SAO_2290-10,São Paulo,3550308,True,,718,,,-23.6131955,-46.476123,,,,1,2023-06-19T16:58:30+00:00
SAO_2290-10,São Paulo,3550308,True,,718,,,-23.559302000000002,-46.5206565,,,,1,2023-06-19T16:58:52+00:00
SAO_2290-10,São Paulo,3550308,True,,718,,,-23.6131955,-46.476123,,,,1,2023-06-19T16:58:55+00:00
SAO_2290-10,São Paulo,3550308,True,,718,,,-23.5621195,-46.516965,,,,1,2023-06-19T16:58:26+00:00
SAO_2290-10,São Paulo,3550308,True,,718,,,-23.608943,-46.477615,,,,1,2023-06-19T16:58:17+00:00
SAO_2290-10,São Paulo,3550308,True,,718,,,-23.6131955,-46.476123,,,,1,2023-06-19T16:58:28+00:00
SAO_2290-10,São Paulo,3550308,True,,718,,,-23.596551500000004,-46.487297874999996,,,,1,2023-06-19T16:58:50+00:00
SAO_2290-10,São Paulo,3550308,True,,718,,,-23.534664,-46.559073,,,,1,2023-06-19T16:58:11+00:00
SAO_2290-10,São Paulo,3550308,True,,718,,,-23.6131955,-46.476123,,,,1,2023-06-19T16:58:39+00:00
SAO_2290-10,São Paulo,3550308,True,,718,,,-23.54337975,-46.643962,,,,1,2023-06-19T16:58:35+00:00
SAO_2290-10,São Paulo,3550308,True,,718,,,-23.536562749999998,-46.5887755,,,,1,2023-06-19T16:58:46+00:00
SAO_2290-10,São Paulo,3550308,True,,718,,,-23.545600999999998,-46.631611500000005,,,,1,2023-06-19T16:58:23+00:00
SAO_2290-10,São Paulo,3550308,True,,718,,,-23.6130195,-46.476082,,,,1,2023-06-19T16:58:16+00:00
SAO_2290-10,São Paulo,3550308,True,,718,,,-23.54192725,-46.61494925,,,,1,2023-06-19T16:58:41+00:00
SAO_4018-10,São Paulo,3550308,True,,34959,,,-23.60173,-46.470394999999996,,,,2,2023-06-19T16:58:35+00:00
SAO_4018-10,São Paulo,3550308,True,,34959,,,-23.60109525,-46.39926,,,,2,2023-06-19T16:58:22+00:00
SAO_4018-10,São Paulo,3550308,True,,34959,,,-23.60109525,-46.39926,,,,2,2023-06-19T16:58:20+00:00
SAO_4018-10,São Paulo,3550308,True,,34959,,,-23.600533,-46.39975,,,,2,2023-06-19T16:58:45+00:00
SAO_4018-10,São Paulo,3550308,True,,34959,,,-23.5903875,-46.407968749999995,,,,2,2023-06-19T16:58:50+00:00
SAO_4018-10,São Paulo,3550308,True,,34959,,,-23.60186025,-46.398567,,,,2,2023-06-19T16:58:20+00:00
SAO_4018-10,São Paulo,3550308,True,,34959,,,-23.602878,-46.3978755,,,,2,2023-06-19T16:58:10+00:00
SAO_4018-10,São Paulo,3550308,True,,34959,,,-23.600949999999997,-46.399390499999996,,,,2,2023-06-19T16:58:53+00:00
SAO_4018-10,São Paulo,3550308,True,,34959,,,-23.595076374999998,-46.429195,,,,2,2023-06-19T16:56:51+00:00
SAO_4018-10,São Paulo,3550308,True,,34959,,,-23.6006425,-46.3996595,,,,2,2023-06-19T16:58:11+00:00
SAO_4018-10,São Paulo,3550308,True,,34959,,,-23.6006425,-46.3996595,,,,2,2023-06-19T16:58:37+00:00
SAO_3023-10,São Paulo,3550308,True,,33728,,,-23.579035750000003,-46.502755750000006,,,,2,2023-06-19T16:58:36+00:00
SAO_3023-10,São Paulo,3550308,True,,33728,,,-23.622758,-46.476946500000004,,,,2,2023-06-19T16:58:19+00:00
SAO_3023-10,São Paulo,3550308,True,,33728,,,-23.563912000000002,-46.5052585,,,,2,2023-06-19T16:58:40+00:00
SAO_3023-10,São Paulo,3550308,True,,33728,,,-23.6130695,-46.4750555,,,,2,2023-06-19T16:58:14+00:00
SAO_3023-10,São Paulo,3550308,True,,33728,,,-23.567818,-46.506119,,,,2,2023-06-19T16:58:46+00:00
SAO_271M-10,São Paulo,3550308,True,,33452,,,-23.517578500000003,-46.565371875,,,,2,2023-06-19T16:58:33+00:00
SAO_271M-10,São Paulo,3550308,True,,33452,,,-23.502086499999997,-46.623816500000004,,,,2,2023-06-19T16:58:50+00:00
SAO_271M-10,São Paulo,3550308,True,,33452,,,-23.512197999999998,-46.563227499999996,,,,2,2023-06-19T16:58:49+00:00
SAO_271M-10,São Paulo,3550308,True,,33452,,,-23.511689500000003,-46.5630625,,,,2,2023-06-19T16:58:54+00:00
SAO_271M-10,São Paulo,3550308,True,,33452,,,-23.512197999999998,-46.563227499999996,,,,2,2023-06-19T16:58:22+00:00
SAO_271M-10,São Paulo,3550308,True,,33452,,,-23.512393250000002,-46.56326850000001,,,,2,2023-06-19T16:58:27+00:00
SAO_271M-10,São Paulo,3550308,True,,33452,,,-23.510136,-46.5957315,,,,2,2023-06-19T16:58:35+00:00
SAO_3141-10,São Paulo,3550308,True,,33502,,,-23.578844,-46.54297475,,,,2,2023-06-19T16:58:42+00:00
SAO_3141-10,São Paulo,3550308,True,,33502,,,-23.6127725,-46.479867999999996,,,,2,2023-06-19T16:58:31+00:00
SAO_3141-10,São Paulo,3550308,True,,33502,,,-23.54641,-46.630284,,,,2,2023-06-19T16:58:53+00:00
SAO_3141-10,São Paulo,3550308,True,,33502,,,-23.6144385,-46.499078375,,,,2,2023-06-19T16:58:19+00:00
SAO_3141-10,São Paulo,3550308,True,,33502,,,-23.612826,-46.479245,,,,2,2023-06-19T16:58:45+00:00
SAO_3141-10,São Paulo,3550308,True,,33502,,,-23.612731,-46.480152000000004,,,,2,2023-06-19T16:58:11+00:00
SAO_3141-10,São Paulo,3550308,True,,33502,,,-23.552935249999997,-46.616192999999996,,,,2,2023-06-19T16:58:22+00:00
SAO_6403-10,São Paulo,3550308,True,,58,,,-23.62388375,-46.703959,,,,1,2023-06-19T16:58:42+00:00
SAO_6403-10,São Paulo,3550308,True,,58,,,-23.56725,-46.6591068125,,,,1,2023-06-19T16:58:22+00:00
SAO_6403-10,São Paulo,3550308,True,,58,,,-23.547468000000002,-46.630211,,,,1,2023-06-19T16:58:28+00:00
SAO_6403-10,São Paulo,3550308,True,,58,,,-23.643911000000003,-46.733135000000004,,,,1,2023-06-19T16:58:46+00:00
SAO_6403-10,São Paulo,3550308,True,,58,,,-23.643911000000003,-46.733135000000004,,,,1,2023-06-19T16:58:54+00:00
SAO_746C-10,São Paulo,3550308,True,,33551,,,-23.617186250000003,-46.74299875,,,,2,2023-06-19T16:58:07+00:00
SAO_746C-10,São Paulo,3550308,True,,33551,,,-23.63941225,-46.72009775,,,,2,2023-06-19T16:58:17+00:00
SAO_746C-10,São Paulo,3550308,True,,33551,,,-23.61966925,-46.742619000000005,,,,2,2023-06-19T16:58:48+00:00
SAO_746C-10,São Paulo,3550308,True,,33551,,,-23.608864500000003,-46.751143,,,,2,2023-06-19T16:58:23+00:00
SAO_746C-10,São Paulo,3550308,True,,33551,,,-23.6089785,-46.750411,,,,2,2023-06-19T16:58:54+00:00
SAO_746C-10,São Paulo,3550308,True,,33551,,,-23.609498,-46.7489965,,,,2,2023-06-19T16:58:20+00:00
SAO_746C-10,São Paulo,3550308,True,,33551,,,-23.609017,-46.750698,,,,2,2023-06-19T16:58:29+00:00
SAO_746C-10,São Paulo,3550308,True,,33551,,,-23.609017,-46.750698,,,,2,2023-06-19T16:58:16+00:00
SAO_746C-10,São Paulo,3550308,True,,33551,,,-23.641247,-46.735923,,,,2,2023-06-19T16:58:40+00:00
SAO_746C-10,São Paulo,3550308,True,,33551,,,-23.6471485,-46.710307,,,,2,2023-06-19T16:58:40+00:00
SAO_573A-10,São Paulo,3550308,True,,34405,,,-23.5985835,-46.552842,,,,2,2023-06-19T16:58:12+00:00
SAO_573A-10,São Paulo,3550308,True,,34405,,,-23.5470055,-46.606573499999996,,,,2,2023-06-19T16:58:31+00:00
SAO_573A-10,São Paulo,3550308,True,,34405,,,-23.549130249999997,-46.60170725,,,,2,2023-06-19T16:58:21+00:00
SAO_573A-10,São Paulo,3550308,True,,34405,,,-23.548271,-46.6024605,,,,2,2023-06-19T16:58:44+00:00
SAO_573A-10,São Paulo,3550308,True,,34405,,,-23.553762125,-46.5998345,,,,2,2023-06-19T16:57:22+00:00
SAO_573A-10,São Paulo,3550308,True,,34405,,,-23.597692,-46.5710285,,,,2,2023-06-19T16:58:27+00:00
SAO_746C-10,São Paulo,3550308,True,STT,783,https://moovitapp.com/index/pt-br/transporte_p%C3%BAblico-line-783-Sao_Paulo-242-850661-183351-0,5.3,-23.6440135,-46.734696,,,,1,2023-06-19T16:58:48+00:00
SAO_746C-10,São Paulo,3550308,True,STT,783,https://moovitapp.com/index/pt-br/transporte_p%C3%BAblico-line-783-Sao_Paulo-242-850661-183351-0,5.3,-23.6399695,-46.7169985,,,,1,2023-06-19T16:58:47+00:00
SAO_746C-10,São Paulo,3550308,True,STT,783,https://moovitapp.com/index/pt-br/transporte_p%C3%BAblico-line-783-Sao_Paulo-242-850661-183351-0,5.3,-23.6091595,-46.7512945,,,,1,2023-06-19T16:58:47+00:00
SAO_746C-10,São Paulo,3550308,True,STT,783,https://moovitapp.com/index/pt-br/transporte_p%C3%BAblico-line-783-Sao_Paulo-242-850661-183351-0,5.3,-23.612372,-46.7432545,,,,1,2023-06-19T16:58:52+00:00
SAO_746C-10,São Paulo,3550308,True,STT,783,https://moovitapp.com/index/pt-br/transporte_p%C3%BAblico-line-783-Sao_Paulo-242-850661-183351-0,5.3,-23.6498405,-46.707801,,,,1,2023-06-19T16:58:33+00:00
SAO_746C-10,São Paulo,3550308,True,STT,783,https://moovitapp.com/index/pt-br/transporte_p%C3%BAblico-line-783-Sao_Paulo-242-850661-183351-0,5.3,-23.6441005,-46.7345045,,,,1,2023-06-19T16:58:43+00:00
SAO_746C-10,São Paulo,3550308,True,STT,783,https://moovitapp.com/index/pt-br/transporte_p%C3%BAblico-line-783-Sao_Paulo-242-850661-183351-0,5.3,-23.6498405,-46.707801,,,,1,2023-06-19T16:58:29+00:00
SAO_746C-10,São Paulo,3550308,True,STT,783,https://moovitapp.com/index/pt-br/transporte_p%C3%BAblico-line-783-Sao_Paulo-242-850661-183351-0,5.3,-23.6174035,-46.743066999999996,,,,1,2023-06-19T16:57:28+00:00
SAO_6500-10,São Paulo,3550308,True,,46,,,-23.654395,-46.7121185,,,,1,2023-06-19T16:58:14+00:00
SAO_6500-10,São Paulo,3550308,True,,46,,,-23.654395,-46.7121185,,,,1,2023-06-19T16:58:43+00:00
SAO_6500-10,São Paulo,3550308,True,,46,,,-23.5568825,-46.6515995,,,,1,2023-06-19T16:58:54+00:00
SAO_6500-10,São Paulo,3550308,True,,46,,,-23.549605,-46.639338,,,,1,2023-06-19T16:58:15+00:00
SAO_6500-10,São Paulo,3550308,True,,46,,,-23.65162375,-46.705222125,,,,1,2023-06-19T16:58:41+00:00
SAO_6500-10,São Paulo,3550308,True,,46,,,-23.654395,-46.7121185,,,,1,2023-06-19T16:58:20+00:00
SAO_6500-10,São Paulo,3550308,True,,46,,,-23.63577325,-46.694183125,,,,1,2023-06-19T16:58:49+00:00
SAO_6500-10,São Paulo,3550308,True,,46,,,-23.654395,-46.7121185,,,,1,2023-06-19T16:58:15+00:00
SAO_6500-10,São Paulo,3550308,True,,46,,,-23.654395,-46.7121185,,,,1,2023-06-19T16:58:50+00:00
SAO_6500-10,São Paulo,3550308,True,,46,,,-23.59324375,-46.672788,,,,1,2023-06-19T16:58:34+00:00
SAO_576M-10,São Paulo,3550308,True,,33372,,,-23.6779695,-46.6404855,,,,2,2023-06-19T16:58:40+00:00
SAO_576M-10,São Paulo,3550308,True,,33372,,,-23.6341775,-46.64293,,,,2,2023-06-19T16:58:24+00:00
SAO_576M-10,São Paulo,3550308,True,,33372,,,-23.6636745,-46.63802325,,,,2,2023-06-19T16:58:38+00:00
SAO_576M-10,São Paulo,3550308,True,,33372,,,-23.599548249999998,-46.660292999999996,,,,2,2023-06-19T16:58:37+00:00
SAO_576M-10,São Paulo,3550308,True,,33372,,,-23.622165375,-46.67060325,,,,2,2023-06-19T16:58:28+00:00
SAO_576M-10,São Paulo,3550308,True,,33372,,,-23.6774965,-46.6406015,,,,2,2023-06-19T16:58:35+00:00
SAO_576M-10,São Paulo,3550308,True,,33372,,,-23.6774965,-46.6406015,,,,2,2023-06-19T16:58:48+00:00
SAO_576M-10,São Paulo,3550308,True,,33372,,,-23.634466500000002,-46.6415415,,,,2,2023-06-19T16:58:28+00:00
SAO_576M-10,São Paulo,3550308,True,,33372,,,-23.572303,-46.690124499999996,,,,2,2023-06-19T16:58:34+00:00
SAO_771P-10,São Paulo,3550308,True,,33274,,,-23.602404,-46.795141,,,,2,2023-06-19T16:58:18+00:00
SAO_771P-10,São Paulo,3550308,True,,33274,,,-23.585048,-46.746162999999996,,,,2,2023-06-19T16:58:27+00:00
SAO_771P-10,São Paulo,3550308,True,,33274,,,-23.5950975,-46.787841,,,,2,2023-06-19T16:58:37+00:00
SAO_342N-10,São Paulo,3550308,True,,1003,,,-23.5600345,-46.4156875,,,,1,2023-06-19T16:58:18+00:00
SAO_342N-10,São Paulo,3550308,True,,1003,,,-23.5629515,-46.3946025,,,,1,2023-06-19T16:58:49+00:00
SAO_342N-10,São Paulo,3550308,True,,1003,,,-23.5317335,-46.4400325,,,,1,2023-06-19T16:58:24+00:00
SAO_273J-10,São Paulo,3550308,True,,33157,,,-23.5097245,-46.4610155,,,,2,2023-06-19T16:58:42+00:00
SAO_273J-10,São Paulo,3550308,True,,33157,,,-23.479516375,-46.385100625,,,,2,2023-06-19T16:58:11+00:00
SAO_273J-10,São Paulo,3550308,True,,33157,,,-23.4789165,-46.384702000000004,,,,2,2023-06-19T16:52:56+00:00
SAO_273J-10,São Paulo,3550308,True,,33157,,,-23.49346225,-46.442254500000004,,,,2,2023-06-19T16:58:16+00:00
SAO_273J-10,São Paulo,3550308,True,,33157,,,-23.518463500000003,-46.511203,,,,2,2023-06-19T16:58:48+00:00
SAO_273J-10,São Paulo,3550308,True,,33157,,,-23.479006,-46.384915,,,,2,2023-06-19T16:51:17+00:00
SAO_3741-10,São Paulo,3550308,True,,33809,,,-23.544423000000002,-46.4639325,,,,2,2023-06-19T16:58:55+00:00
SAO_3741-10,São Paulo,3550308,True,,33809,,,-23.55597225,-46.453845,,,,2,2023-06-19T16:58:20+00:00
SAO_3741-10,São Paulo,3550308,True,,33809,,,-23.542065,-46.449332,,,,2,2023-06-19T16:58:27+00:00
SAO_3741-10,São Paulo,3550308,True,,33809,,,-23.564681,-46.457413,,,,2,2023-06-19T16:58:18+00:00
SAO_3741-10,São Paulo,3550308,True,,33809,,,-23.542377000000002,-46.449023749999995,,,,2,2023-06-19T16:58:21+00:00
SAO_8700-10,São Paulo,3550308,True,,1877,,,-23.591213500000002,-46.73084525,,,,1,2023-06-19T16:58:42+00:00
SAO_8700-10,São Paulo,3550308,True,,1877,,,-23.547560500000003,-46.640557,,,,1,2023-06-19T16:58:39+00:00
SAO_8700-10,São Paulo,3550308,True,,1877,,,-23.547327000000003,-46.646015500000004,,,,1,2023-06-19T16:58:12+00:00
SAO_8700-10,São Paulo,3550308,True,,1877,,,-23.6222835,-46.760775499999994,,,,1,2023-06-19T16:58:28+00:00
SAO_8700-10,São Paulo,3550308,True,,1877,,,-23.6304685,-46.773606,,,,1,2023-06-19T16:58:49+00:00
SAO_8700-10,São Paulo,3550308,True,,1877,,,-23.585909,-46.722331999999994,,,,1,2023-06-19T16:58:55+00:00
SAO_8700-10,São Paulo,3550308,True,,1877,,,-23.5914425,-46.73106299999999,,,,1,2023-06-19T16:58:54+00:00
SAO_8700-10,São Paulo,3550308,True,,1877,,,-23.61608425,-46.75695325,,,,1,2023-06-19T16:58:20+00:00
SAO_8700-10,São Paulo,3550308,True,,1877,,,-23.6304685,-46.773606,,,,1,2023-06-19T16:58:31+00:00
SAO_8700-10,São Paulo,3550308,True,,1877,,,-23.5643305,-46.6778755,,,,1,2023-06-19T16:58:21+00:00
SAO_8700-10,São Paulo,3550308,True,,1877,,,-23.612126,-46.754433,,,,1,2023-06-19T16:58:16+00:00
SAO_2011-10,São Paulo,3550308,True,,34904,,,-23.481398,-46.601732999999996,,,,2,2023-06-19T16:58:14+00:00
SAO_2011-10,São Paulo,3550308,True,,34904,,,-23.490259,-46.5709545,,,,2,2023-06-19T16:58:11+00:00
SAO_2011-10,São Paulo,3550308,True,,34904,,,-23.502436,-46.624016499999996,,,,2,2023-06-19T16:58:19+00:00
SAO_2011-10,São Paulo,3550308,True,,34904,,,-23.46775425,-46.584013,,,,2,2023-06-19T16:58:15+00:00
SAO_2011-10,São Paulo,3550308,True,,34904,,,-23.490397,-46.5710545,,,,2,2023-06-19T16:58:12+00:00
SAO_2011-10,São Paulo,3550308,True,,34904,,,-23.491342250000002,-46.574462,,,,2,2023-06-19T16:58:50+00:00
SAO_2011-10,São Paulo,3550308,True,,34904,,,-23.4900685,-46.5707825,,,,2,2023-06-19T16:58:26+00:00
SAO_695H-10,São Paulo,3550308,True,,1196,,,-23.672999,-46.686725,,,,1,2023-06-19T16:58:14+00:00
SAO_695H-10,São Paulo,3550308,True,,1196,,,-23.76583,-46.717698,,,,1,2023-06-19T16:58:15+00:00
SAO_695H-10,São Paulo,3550308,True,,1196,,,-23.7093575,-46.699754999999996,,,,1,2023-06-19T16:58:37+00:00
SAO_695H-10,São Paulo,3550308,True,,1196,,,-23.6543065,-46.711505,,,,1,2023-06-19T16:58:54+00:00
SAO_8022-10,São Paulo,3550308,True,,34853,,,-23.571972,-46.708549500000004,,,,2,2023-06-19T16:58:38+00:00
SAO_8022-10,São Paulo,3550308,True,,34853,,,-23.565219499999998,-46.7295805,,,,2,2023-06-19T16:58:37+00:00
SAO_8022-10,São Paulo,3550308,True,,34853,,,-23.5680135,-46.740213,,,,2,2023-06-19T16:58:31+00:00
SAO_8022-10,São Paulo,3550308,True,,34853,,,-23.570489625,-46.7111315,,,,2,2023-06-19T16:58:42+00:00
SAO_3718-10,São Paulo,3550308,True,,1013,,,-23.54813825,-46.4825925,,,,1,2023-06-19T16:58:41+00:00
SAO_3718-10,São Paulo,3550308,True,,1013,,,-23.558024500000002,-46.487721875000005,,,,1,2023-06-19T16:58:27+00:00
SAO_3718-10,São Paulo,3550308,True,,1013,,,-23.541936,-46.483292500000005,,,,1,2023-06-19T16:58:54+00:00
SAO_3718-10,São Paulo,3550308,True,,1013,,,-23.5528485,-46.492056500000004,,,,1,2023-06-19T16:58:56+00:00
SAO_6960-10,São Paulo,3550308,True,,34211,,,-23.6543295,-46.7121355,,,,2,2023-06-19T16:58:31+00:00
SAO_6960-10,São Paulo,3550308,True,,34211,,,-23.766346,-46.716555,,,,2,2023-06-19T16:58:39+00:00
SAO_6960-10,São Paulo,3550308,True,,34211,,,-23.766346,-46.716555,,,,2,2023-06-19T16:58:46+00:00
SAO_6960-10,São Paulo,3550308,True,,34211,,,-23.663238,-46.707704,,,,2,2023-06-19T16:56:46+00:00
SAO_6960-10,São Paulo,3550308,True,,34211,,,-23.710296999999997,-46.7115555,,,,2,2023-06-19T16:58:15+00:00
SAO_6960-10,São Paulo,3550308,True,,34211,,,-23.6543295,-46.7121355,,,,2,2023-06-19T16:58:34+00:00
SAO_6960-10,São Paulo,3550308,True,,34211,,,-23.766492,-46.716403,,,,2,2023-06-19T16:55:03+00:00
SAO_647P-10,São Paulo,3550308,True,,1316,,,-23.675376999999997,-46.7844185,,,,1,2023-06-19T16:58:38+00:00
SAO_647P-10,São Paulo,3550308,True,,1316,,,-23.587622,-46.6991255,,,,1,2023-06-19T16:58:11+00:00
SAO_647P-10,São Paulo,3550308,True,,1316,,,-23.675376999999997,-46.7844185,,,,1,2023-06-19T16:58:51+00:00
SAO_647P-10,São Paulo,3550308,True,,1316,,,-23.675376999999997,-46.7844185,,,,1,2023-06-19T16:58:12+00:00
SAO_647P-10,São Paulo,3550308,True,,1316,,,-23.6619645,-46.769014,,,,1,2023-06-19T16:58:25+00:00
SAO_647P-10,São Paulo,3550308,True,,1316,,,-23.567141499999998,-46.693627,,,,1,2023-06-19T16:58:32+00:00
SAO_647P-10,São Paulo,3550308,True,,1316,,,-23.643796000000002,-46.73458,,,,1,2023-06-19T16:58:49+00:00
SAO_647P-10,São Paulo,3550308,True,,1316,,,-23.6565505,-46.741472875,,,,1,2023-06-19T16:58:30+00:00
SAO_647P-10,São Paulo,3550308,True,,1316,,,-23.598816499999998,-46.719355,,,,1,2023-06-19T16:58:32+00:00
SAO_8015-10,São Paulo,3550308,True,,1345,,,-23.455032000000003,-46.712467000000004,,,,1,2023-06-19T16:58:24+00:00
SAO_8015-10,São Paulo,3550308,True,,1345,,,-23.404864500000002,-46.7470245,,,,1,2023-06-19T16:58:35+00:00
SAO_8015-10,São Paulo,3550308,True,,1345,,,-23.391197,-46.740922499999996,,,,1,2023-06-19T16:58:27+00:00
SAO_8015-10,São Paulo,3550308,True,,1345,,,-23.4841335,-46.7226335,,,,1,2023-06-19T16:58:52+00:00
SAO_8015-10,São Paulo,3550308,True,,1345,,,-23.389069499999998,-46.734939,,,,1,2023-06-19T16:58:45+00:00
SAO_8015-10,São Paulo,3550308,True,,1345,,,-23.389069499999998,-46.734939,,,,1,2023-06-19T16:58:47+00:00
SAO_5131-10,São Paulo,3550308,True,,34050,,,-23.585438500000002,-46.671794500000004,,,,2,2023-06-19T16:58:26+00:00
SAO_5131-10,São Paulo,3550308,True,,34050,,,-23.64849625,-46.670482250000006,,,,2,2023-06-19T16:58:10+00:00
SAO_5131-10,São Paulo,3550308,True,,34050,,,-23.662461999999998,-46.669380000000004,,,,2,2023-06-19T16:58:20+00:00
SAO_5131-10,São Paulo,3550308,True,,34050,,,-23.666559499999998,-46.6681615,,,,2,2023-06-19T16:58:48+00:00
SAO_5131-10,São Paulo,3550308,True,,34050,,,-23.557593875000002,-46.64093275,,,,2,2023-06-19T16:58:29+00:00
SAO_4031-10,São Paulo,3550308,True,,33869,,,-23.603009,-46.52841,,,,2,2023-06-19T16:58:44+00:00
SAO_4031-10,São Paulo,3550308,True,,33869,,,-23.614278,-46.5171455,,,,2,2023-06-19T16:58:26+00:00
SAO_4031-10,São Paulo,3550308,True,,33869,,,-23.609564499999998,-46.50896725,,,,2,2023-06-19T16:58:22+00:00
SAO_4031-10,São Paulo,3550308,True,,33869,,,-23.614278,-46.5171455,,,,2,2023-06-19T16:58:20+00:00
SAO_4031-10,São Paulo,3550308,True,,33869,,,-23.5854145,-46.584243,,,,2,2023-06-19T16:58:55+00:00
SAO_4031-10,São Paulo,3550308,True,,33869,,,-23.587199,-46.568642499999996,,,,2,2023-06-19T16:58:30+00:00
SAO_4312-10,São Paulo,3550308,True,,34940,,,-23.551962,-46.6244655,,,,2,2023-06-19T16:58:24+00:00
SAO_4312-10,São Paulo,3550308,True,,34940,,,-23.570637374999997,-46.489951625,,,,2,2023-06-19T16:58:52+00:00
SAO_4312-10,São Paulo,3550308,True,,34940,,,-23.5518075,-46.49356325,,,,2,2023-06-19T16:58:44+00:00
SAO_4312-10,São Paulo,3550308,True,,34940,,,-23.5407625,-46.5757575,,,,2,2023-06-19T16:58:42+00:00
SAO_4312-10,São Paulo,3550308,True,,34940,,,-23.533472,-46.54021675,,,,2,2023-06-19T16:58:11+00:00
SAO_4312-10,São Paulo,3550308,True,,34940,,,-23.570552125,-46.489686875,,,,2,2023-06-19T16:58:48+00:00
SAO_4312-10,São Paulo,3550308,True,,34940,,,-23.5464055,-46.6307785,,,,2,2023-06-19T16:58:37+00:00
SAO_4312-10,São Paulo,3550308,True,,34940,,,-23.570552125,-46.489686875,,,,2,2023-06-19T16:58:25+00:00
SAO_4312-10,São Paulo,3550308,True,,34940,,,-23.570552125,-46.489686875,,,,2,2023-06-19T16:58:40+00:00
SAO_4312-10,São Paulo,3550308,True,,34940,,,-23.5572495,-46.495866500000005,,,,2,2023-06-19T16:58:16+00:00
SAO_917M-10,São Paulo,3550308,True,,1366,,,-23.471259500000002,-46.706211499999995,,,,1,2023-06-19T16:58:25+00:00
SAO_917M-10,São Paulo,3550308,True,,1366,,,-23.522087624999998,-46.6635535,,,,1,2023-06-19T16:58:47+00:00
SAO_917M-10,São Paulo,3550308,True,,1366,,,-23.471259500000002,-46.706211499999995,,,,1,2023-06-19T16:58:42+00:00
SAO_917M-10,São Paulo,3550308,True,,1366,,,-23.5049755,-46.690633000000005,,,,1,2023-06-19T16:58:35+00:00
SAO_917M-10,São Paulo,3550308,True,,1366,,,-23.471259500000002,-46.706211499999995,,,,1,2023-06-19T16:58:49+00:00
SAO_917M-10,São Paulo,3550308,True,,1366,,,-23.54290375,-46.66543275,,,,1,2023-06-19T16:58:54+00:00
SAO_917M-10,São Paulo,3550308,True,,1366,,,-23.471259500000002,-46.706211499999995,,,,1,2023-06-19T16:58:14+00:00
SAO_917M-10,São Paulo,3550308,True,,1366,,,-23.471259500000002,-46.706211499999995,,,,1,2023-06-19T16:58:16+00:00
SAO_917M-10,São Paulo,3550308,True,,1366,,,-23.581669499999997,-46.6384325,,,,1,2023-06-19T16:58:31+00:00
SAO_695H-10,São Paulo,3550308,True,,33964,,,-23.78837,-46.715108,,,,2,2023-06-19T16:58:39+00:00
SAO_695H-10,São Paulo,3550308,True,,33964,,,-23.78837,-46.715108,,,,2,2023-06-19T16:58:50+00:00
SAO_695H-10,São Paulo,3550308,True,,33964,,,-23.661091,-46.6942715,,,,2,2023-06-19T16:58:56+00:00
SAO_695H-10,São Paulo,3550308,True,,33964,,,-23.78837,-46.715108,,,,2,2023-06-19T16:58:49+00:00
SAO_695H-10,São Paulo,3550308,True,,33964,,,-23.6995285,-46.7010475,,,,2,2023-06-19T16:58:17+00:00
SAO_695H-10,São Paulo,3550308,True,,33964,,,-23.788611500000002,-46.715200499999995,,,,2,2023-06-19T16:58:38+00:00
SAO_695H-10,São Paulo,3550308,True,,33964,,,-23.7737065,-46.721653,,,,2,2023-06-19T16:58:34+00:00
SAO_695H-10,São Paulo,3550308,True,,33964,,,-23.78837,-46.715108,,,,2,2023-06-19T16:58:43+00:00
SAO_695H-10,São Paulo,3550308,True,,33964,,,-23.78837,-46.715108,,,,2,2023-06-19T16:58:12+00:00
SAO_707A-10,São Paulo,3550308,True,,1990,,,-23.615630250000002,-46.6436285,,,,1,2023-06-19T16:58:38+00:00
SAO_707A-10,São Paulo,3550308,True,,1990,,,-23.609755937499997,-46.667901625,,,,1,2023-06-19T16:58:51+00:00
SAO_707A-10,São Paulo,3550308,True,,1990,,,-23.6047995,-46.663243375,,,,1,2023-06-19T16:58:42+00:00
SAO_707A-10,São Paulo,3550308,True,,1990,,,-23.645304625,-46.700818999999996,,,,1,2023-06-19T16:58:12+00:00
SAO_707A-10,São Paulo,3550308,True,,1990,,,-23.665815000000002,-46.7117615,,,,1,2023-06-19T16:57:01+00:00
SAO_707A-10,São Paulo,3550308,True,,1990,,,-23.615184499999998,-46.639401,,,,1,2023-06-19T16:58:17+00:00
SAO_707A-10,São Paulo,3550308,True,,1990,,,-23.67258425,-46.74309975,,,,1,2023-06-19T16:58:50+00:00
SAO_707A-10,São Paulo,3550308,True,,1990,,,-23.620864875000002,-46.678376,,,,1,2023-06-19T16:58:43+00:00
SAO_6016-41,São Paulo,3550308,True,,34474,,,-23.774729,-46.675773500000005,,,,2,2023-06-19T16:58:30+00:00
SAO_6016-41,São Paulo,3550308,True,,34474,,,-23.7745565,-46.675799,,,,2,2023-06-19T16:58:51+00:00
SAO_6016-41,São Paulo,3550308,True,,34474,,,-23.775072,-46.675598,,,,2,2023-06-19T16:58:51+00:00
SAO_6016-41,São Paulo,3550308,True,,34474,,,-23.7612285,-46.684199500000005,,,,2,2023-06-19T16:58:45+00:00
SAO_6016-41,São Paulo,3550308,True,,34474,,,-23.775072,-46.675598,,,,2,2023-06-19T16:58:21+00:00
SAO_273N-10,São Paulo,3550308,True,EMTU,390,https://moovitapp.com/index/pt-br/transporte_p%C3%BAblico-line-390-Sao_Paulo-242-2038937-36419459-0,5.45,-23.502299999999998,-46.38024,,,,1,2023-06-19T16:58:53+00:00
SAO_273N-10,São Paulo,3550308,True,EMTU,390,https://moovitapp.com/index/pt-br/transporte_p%C3%BAblico-line-390-Sao_Paulo-242-2038937-36419459-0,5.45,-23.497766,-46.3976295,,,,1,2023-06-19T16:58:41+00:00
SAO_273N-10,São Paulo,3550308,True,EMTU,390,https://moovitapp.com/index/pt-br/transporte_p%C3%BAblico-line-390-Sao_Paulo-242-2038937-36419459-0,5.45,-23.510282,-46.505006,,,,1,2023-06-19T16:58:36+00:00
SAO_273N-10,São Paulo,3550308,True,EMTU,390,https://moovitapp.com/index/pt-br/transporte_p%C3%BAblico-line-390-Sao_Paulo-242-2038937-36419459-0,5.45,-23.5120495,-46.432227,,,,1,2023-06-19T16:56:45+00:00
SAO_273N-10,São Paulo,3550308,True,EMTU,390,https://moovitapp.com/index/pt-br/transporte_p%C3%BAblico-line-390-Sao_Paulo-242-2038937-36419459-0,5.45,-23.531503,-46.5289355,,,,1,2023-06-19T16:58:35+00:00
SAO_273N-10,São Paulo,3550308,True,EMTU,390,https://moovitapp.com/index/pt-br/transporte_p%C3%BAblico-line-390-Sao_Paulo-242-2038937-36419459-0,5.45,-23.50352575,-46.367709500000004,,,,1,2023-06-19T16:58:33+00:00
SAO_5142-10,São Paulo,3550308,True,,1626,,,-23.544654,-46.626573,,,,1,2023-06-19T16:58:52+00:00
SAO_5142-10,São Paulo,3550308,True,,1626,,,-23.591808,-46.5479795,,,,1,2023-06-19T16:58:15+00:00
SAO_5142-10,São Paulo,3550308,True,,1626,,,-23.613964,-46.500782,,,,1,2023-06-19T16:58:49+00:00
SAO_5142-10,São Paulo,3550308,True,,1626,,,-23.584475499999996,-46.586600250000004,,,,1,2023-06-19T16:56:22+00:00
SAO_5142-10,São Paulo,3550308,True,,1626,,,-23.613964,-46.500782,,,,1,2023-06-19T16:58:31+00:00
SAO_5142-10,São Paulo,3550308,True,,1626,,,-23.613964,-46.500782,,,,1,2023-06-19T16:58:45+00:00
SAO_5142-10,São Paulo,3550308,True,,1626,,,-23.6042525,-46.519968500000004,,,,1,2023-06-19T16:58:54+00:00
SAO_5142-10,São Paulo,3550308,True,,1626,,,-23.623013,-46.504312,,,,1,2023-06-19T16:58:26+00:00
SAO_5142-10,São Paulo,3550308,True,,1626,,,-23.6139845,-46.5009785,,,,1,2023-06-19T16:58:52+00:00
SAO_5142-10,São Paulo,3550308,True,,1626,,,-23.6139845,-46.5009785,,,,1,2023-06-19T16:58:19+00:00
SAO_3722-10,São Paulo,3550308,True,,1020,,,-23.55284375,-46.44499625,,,,1,2023-06-19T16:58:21+00:00
SAO_3722-10,São Paulo,3550308,True,,1020,,,-23.534149499999998,-46.5432995,,,,1,2023-06-19T16:58:45+00:00
SAO_4310-10,São Paulo,3550308,True,,34928,,,-23.534565999999998,-46.4530625,,,,2,2023-06-19T16:58:35+00:00
SAO_4310-10,São Paulo,3550308,True,,34928,,,-23.5294185,-46.50469775,,,,2,2023-06-19T16:58:42+00:00
SAO_4310-10,São Paulo,3550308,True,,34928,,,-23.55196,-46.6250125,,,,2,2023-06-19T16:58:52+00:00
SAO_4310-10,São Paulo,3550308,True,,34928,,,-23.534565999999998,-46.4530625,,,,2,2023-06-19T16:58:41+00:00
SAO_4310-10,São Paulo,3550308,True,,34928,,,-23.535428500000002,-46.454211,,,,2,2023-06-19T16:55:38+00:00
SAO_4310-10,São Paulo,3550308,True,,34928,,,-23.5378095,-46.455976,,,,2,2023-06-19T16:58:13+00:00
SAO_4310-10,São Paulo,3550308,True,,34928,,,-23.5401165,-46.460646,,,,2,2023-06-19T16:58:49+00:00
SAO_4310-10,São Paulo,3550308,True,,34928,,,-23.534867,-46.547666,,,,2,2023-06-19T16:58:42+00:00
SAO_4310-10,São Paulo,3550308,True,,34928,,,-23.534565999999998,-46.4530625,,,,2,2023-06-19T16:58:20+00:00
SAO_4310-10,São Paulo,3550308,True,,34928,,,-23.5409805,-46.576847,,,,2,2023-06-19T16:58:30+00:00
SAO_4310-10,São Paulo,3550308,True,,34928,,,-23.534294,-46.4970925,,,,2,2023-06-19T16:57:55+00:00
SAO_4310-10,São Paulo,3550308,True,,34928,,,-23.551777625,-46.609177875,,,,2,2023-06-19T16:58:35+00:00
SAO_4310-10,São Paulo,3550308,True,,34928,,,-23.5395165,-46.571670499999996,,,,2,2023-06-19T16:58:51+00:00
SAO_4310-10,São Paulo,3550308,True,,34928,,,-23.534565999999998,-46.4530625,,,,2,2023-06-19T16:56:48+00:00
SAO_4310-10,São Paulo,3550308,True,,34928,,,-23.534565999999998,-46.4530625,,,,2,2023-06-19T16:58:34+00:00
SAO_4310-10,São Paulo,3550308,True,,34928,,,-23.547625,-46.630348,,,,2,2023-06-19T16:58:45+00:00
SAO_4310-10,São Paulo,3550308,True,,34928,,,-23.534565999999998,-46.4530625,,,,2,2023-06-19T16:58:40+00:00
SAO_189L-10,São Paulo,3550308,True,,2450,,,-23.486610499999998,-46.710868000000005,,,,1,2023-06-19T16:58:28+00:00
SAO_189L-10,São Paulo,3550308,True,,2450,,,-23.486610499999998,-46.710868000000005,,,,1,2023-06-19T16:58:52+00:00
SAO_189L-10,São Paulo,3550308,True,,2450,,,-23.517861,-46.702819,,,,1,2023-06-19T16:58:33+00:00
SAO_189L-10,São Paulo,3550308,True,,2450,,,-23.488671,-46.7106195,,,,1,2023-06-19T16:58:18+00:00
SAO_2590-10,São Paulo,3550308,True,,912,,,-23.546543999999997,-46.631561000000005,,,,1,2023-06-19T16:58:46+00:00
SAO_2590-10,São Paulo,3550308,True,,912,,,-23.496283249999998,-46.513113249999996,,,,1,2023-06-19T16:58:17+00:00
SAO_2590-10,São Paulo,3550308,True,,912,,,-23.4829785,-46.467121,,,,1,2023-06-19T16:55:45+00:00
SAO_2590-10,São Paulo,3550308,True,,912,,,-23.546245499999998,-46.631629000000004,,,,1,2023-06-19T16:58:52+00:00
SAO_2590-10,São Paulo,3550308,True,,912,,,-23.535944,-46.5720685,,,,1,2023-06-19T16:58:27+00:00
SAO_2590-10,São Paulo,3550308,True,,912,,,-23.5340445,-46.5672505,,,,1,2023-06-19T16:57:32+00:00
SAO_7052-10,São Paulo,3550308,True,,34654,,,-23.6525575,-46.773193,,,,2,2023-06-19T16:58:26+00:00
SAO_7052-10,São Paulo,3550308,True,,34654,,,-23.652754,-46.773064500000004,,,,2,2023-06-19T16:58:38+00:00
SAO_7052-10,São Paulo,3550308,True,,34654,,,-23.653421,-46.773264999999995,,,,2,2023-06-19T16:58:16+00:00
SAO_7052-10,São Paulo,3550308,True,,34654,,,-23.636761749999998,-46.77804125,,,,2,2023-06-19T16:58:41+00:00
SAO_2004-10,São Paulo,3550308,True,,33660,,,-23.52091625,-46.38684225,,,,2,2023-06-19T16:58:35+00:00
SAO_2004-10,São Paulo,3550308,True,,33660,,,-23.51998075,-46.384243,,,,2,2023-06-19T16:58:16+00:00
SAO_2004-10,São Paulo,3550308,True,,33660,,,-23.51998075,-46.384243,,,,2,2023-06-19T16:58:14+00:00
SAO_2004-10,São Paulo,3550308,True,,33660,,,-23.519621,-46.383444499999996,,,,2,2023-06-19T16:58:31+00:00
SAO_2004-10,São Paulo,3550308,True,,33660,,,-23.534992,-46.401114500000006,,,,2,2023-06-19T16:58:06+00:00
SAO_846M-10,São Paulo,3550308,True,,33190,,,-23.532047874999996,-46.719071125,,,,2,2023-06-19T16:58:18+00:00
SAO_846M-10,São Paulo,3550308,True,,33190,,,-23.50283475,-46.760608500000004,,,,2,2023-06-19T16:58:12+00:00
SAO_2666-10,São Paulo,3550308,True,,33146,,,-23.523795749999998,-46.5478295,,,,2,2023-06-19T16:58:23+00:00
SAO_2666-10,São Paulo,3550308,True,,33146,,,-23.518412250000004,-46.391846125,,,,2,2023-06-19T16:58:18+00:00
SAO_2666-10,São Paulo,3550308,True,,33146,,,-23.49227825,-46.4479485,,,,2,2023-06-19T16:58:53+00:00
SAO_2666-10,São Paulo,3550308,True,,33146,,,-23.518365000000003,-46.391335,,,,2,2023-06-19T16:58:53+00:00
SAO_2666-10,São Paulo,3550308,True,,33146,,,-23.518412250000004,-46.391846125,,,,2,2023-06-19T16:58:25+00:00
SAO_2666-10,São Paulo,3550308,True,,33146,,,-23.5185215,-46.387811,,,,2,2023-06-19T16:58:47+00:00
SAO_2666-10,São Paulo,3550308,True,,33146,,,-23.511571500000002,-46.5105115,,,,2,2023-06-19T16:58:43+00:00
SAO_2666-10,São Paulo,3550308,True,,33146,,,-23.494848375000004,-46.407325125,,,,2,2023-06-19T16:58:45+00:00
SAO_2100-10,São Paulo,3550308,True,STT,713,https://moovitapp.com/index/pt-br/transporte_p%C3%BAblico-line-713-Sao_Paulo-242-850661-183342-0,5.3,-23.5714835,-46.537152,,,,1,2023-06-19T16:58:31+00:00
SAO_2100-10,São Paulo,3550308,True,STT,713,https://moovitapp.com/index/pt-br/transporte_p%C3%BAblico-line-713-Sao_Paulo-242-850661-183342-0,5.3,-23.5587215,-46.522659000000004,,,,1,2023-06-19T16:58:49+00:00
SAO_2100-10,São Paulo,3550308,True,STT,713,https://moovitapp.com/index/pt-br/transporte_p%C3%BAblico-line-713-Sao_Paulo-242-850661-183342-0,5.3,-23.562294,-46.556946999999994,,,,1,2023-06-19T16:58:11+00:00
SAO_2100-10,São Paulo,3550308,True,STT,713,https://moovitapp.com/index/pt-br/transporte_p%C3%BAblico-line-713-Sao_Paulo-242-850661-183342-0,5.3,-23.5587215,-46.522659000000004,,,,1,2023-06-19T16:58:31+00:00
SAO_2100-10,São Paulo,3550308,True,STT,713,https://moovitapp.com/index/pt-br/transporte_p%C3%BAblico-line-713-Sao_Paulo-242-850661-183342-0,5.3,-23.557291499999998,-46.58894625,,,,1,2023-06-19T16:58:33+00:00
SAO_2100-10,São Paulo,3550308,True,STT,713,https://moovitapp.com/index/pt-br/transporte_p%C3%BAblico-line-713-Sao_Paulo-242-850661-183342-0,5.3,-23.5587215,-46.522659000000004,,,,1,2023-06-19T16:58:50+00:00
SAO_2100-10,São Paulo,3550308,True,STT,713,https://moovitapp.com/index/pt-br/transporte_p%C3%BAblico-line-713-Sao_Paulo-242-850661-183342-0,5.3,-23.5587215,-46.522659000000004,,,,1,2023-06-19T16:58:33+00:00
SAO_2100-10,São Paulo,3550308,True,STT,713,https://moovitapp.com/index/pt-br/transporte_p%C3%BAblico-line-713-Sao_Paulo-242-850661-183342-0,5.3,-23.56282625,-46.549973,,,,1,2023-06-19T16:58:35+00:00
SAO_2100-10,São Paulo,3550308,True,STT,713,https://moovitapp.com/index/pt-br/transporte_p%C3%BAblico-line-713-Sao_Paulo-242-850661-183342-0,5.3,-23.557457499999998,-46.5794475,,,,1,2023-06-19T16:58:47+00:00
SAO_2100-10,São Paulo,3550308,True,STT,713,https://moovitapp.com/index/pt-br/transporte_p%C3%BAblico-line-713-Sao_Paulo-242-850661-183342-0,5.3,-23.563473000000002,-46.553507999999994,,,,1,2023-06-19T16:58:27+00:00
SAO_2100-10,São Paulo,3550308,True,STT,713,https://moovitapp.com/index/pt-br/transporte_p%C3%BAblico-line-713-Sao_Paulo-242-850661-183342-0,5.3,-23.5525885,-46.61154175,,,,1,2023-06-19T16:58:16+00:00
SAO_2100-10,São Paulo,3550308,True,STT,713,https://moovitapp.com/index/pt-br/transporte_p%C3%BAblico-line-713-Sao_Paulo-242-850661-183342-0,5.3,-23.5587215,-46.522659000000004,,,,1,2023-06-19T16:58:34+00:00
SAO_2100-10,São Paulo,3550308,True,STT,713,https://moovitapp.com/index/pt-br/transporte_p%C3%BAblico-line-713-Sao_Paulo-242-850661-183342-0,5.3,-23.55126125,-46.606846749999995,,,,1,2023-06-19T16:58:51+00:00
SAO_2100-10,São Paulo,3550308,True,STT,713,https://moovitapp.com/index/pt-br/transporte_p%C3%BAblico-line-713-Sao_Paulo-242-850661-183342-0,5.3,-23.566425,-46.5265265,,,,1,2023-06-19T16:58:37+00:00
SAO_2100-10,São Paulo,3550308,True,STT,713,https://moovitapp.com/index/pt-br/transporte_p%C3%BAblico-line-713-Sao_Paulo-242-850661-183342-0,5.3,-23.55258825,-46.616667125000006,,,,1,2023-06-19T16:58:26+00:00
SAO_2100-10,São Paulo,3550308,True,STT,713,https://moovitapp.com/index/pt-br/transporte_p%C3%BAblico-line-713-Sao_Paulo-242-850661-183342-0,5.3,-23.552462,-46.611148,,,,1,2023-06-19T16:58:35+00:00
SAO_2100-10,São Paulo,3550308,True,STT,713,https://moovitapp.com/index/pt-br/transporte_p%C3%BAblico-line-713-Sao_Paulo-242-850661-183342-0,5.3,-23.562579,-46.5589365,,,,1,2023-06-19T16:58:23+00:00
SAO_2100-10,São Paulo,3550308,True,STT,713,https://moovitapp.com/index/pt-br/transporte_p%C3%BAblico-line-713-Sao_Paulo-242-850661-183342-0,5.3,-23.572545,-46.5324905,,,,1,2023-06-19T16:58:37+00:00
SAO_8686-10,São Paulo,3550308,True,EMTU,446,https://moovitapp.com/index/pt-br/transporte_p%C3%BAblico-line-446-Sao_Paulo-242-2038937-36419492-0,4.8,-23.4885235,-46.742399,,,,1,2023-06-19T16:58:54+00:00
SAO_8686-10,São Paulo,3550308,True,EMTU,446,https://moovitapp.com/index/pt-br/transporte_p%C3%BAblico-line-446-Sao_Paulo-242-2038937-36419492-0,4.8,-23.524980499999998,-46.689285874999996,,,,1,2023-06-19T16:58:36+00:00
SAO_8686-10,São Paulo,3550308,True,EMTU,446,https://moovitapp.com/index/pt-br/transporte_p%C3%BAblico-line-446-Sao_Paulo-242-2038937-36419492-0,4.8,-23.4885235,-46.742399,,,,1,2023-06-19T16:58:29+00:00
SAO_7054-10,São Paulo,3550308,True,,41,,,-23.6313825,-46.77286,,,,1,2023-06-19T16:58:50+00:00
SAO_675K-10,São Paulo,3550308,True,EMTU,198,https://moovitapp.com/index/pt-br/transporte_p%C3%BAblico-line-198-Sao_Paulo-242-2038937-59811937-0,6.35,-23.604592500000003,-46.663047125,,,,1,2023-06-19T16:58:37+00:00
SAO_675K-10,São Paulo,3550308,True,EMTU,198,https://moovitapp.com/index/pt-br/transporte_p%C3%BAblico-line-198-Sao_Paulo-242-2038937-59811937-0,6.35,-23.690517,-46.7737425,,,,1,2023-06-19T16:58:42+00:00
SAO_675K-10,São Paulo,3550308,True,EMTU,198,https://moovitapp.com/index/pt-br/transporte_p%C3%BAblico-line-198-Sao_Paulo-242-2038937-59811937-0,6.35,-23.644592125000003,-46.700327,,,,1,2023-06-19T16:58:49+00:00
SAO_675K-10,São Paulo,3550308,True,EMTU,198,https://moovitapp.com/index/pt-br/transporte_p%C3%BAblico-line-198-Sao_Paulo-242-2038937-59811937-0,6.35,-23.671774,-46.7412225,,,,1,2023-06-19T16:58:38+00:00
SAO_675K-10,São Paulo,3550308,True,EMTU,198,https://moovitapp.com/index/pt-br/transporte_p%C3%BAblico-line-198-Sao_Paulo-242-2038937-59811937-0,6.35,-23.690517,-46.7737425,,,,1,2023-06-19T16:58:40+00:00
SAO_675K-10,São Paulo,3550308,True,EMTU,198,https://moovitapp.com/index/pt-br/transporte_p%C3%BAblico-line-198-Sao_Paulo-242-2038937-59811937-0,6.35,-23.598511000000002,-46.639717000000005,,,,1,2023-06-19T16:58:37+00:00
SAO_675K-10,São Paulo,3550308,True,EMTU,198,https://moovitapp.com/index/pt-br/transporte_p%C3%BAblico-line-198-Sao_Paulo-242-2038937-59811937-0,6.35,-23.59598675,-46.65497125,,,,1,2023-06-19T16:58:21+00:00
SAO_675K-10,São Paulo,3550308,True,EMTU,198,https://moovitapp.com/index/pt-br/transporte_p%C3%BAblico-line-198-Sao_Paulo-242-2038937-59811937-0,6.35,-23.654648,-46.706824999999995,,,,1,2023-06-19T16:58:24+00:00
SAO_675K-10,São Paulo,3550308,True,EMTU,198,https://moovitapp.com/index/pt-br/transporte_p%C3%BAblico-line-198-Sao_Paulo-242-2038937-59811937-0,6.35,-23.621646749999996,-46.679124,,,,1,2023-06-19T16:58:50+00:00
SAO_675K-10,São Paulo,3550308,True,EMTU,198,https://moovitapp.com/index/pt-br/transporte_p%C3%BAblico-line-198-Sao_Paulo-242-2038937-59811937-0,6.35,-23.690517,-46.7737425,,,,1,2023-06-19T16:58:53+00:00
SAO_675K-10,São Paulo,3550308,True,EMTU,198,https://moovitapp.com/index/pt-br/transporte_p%C3%BAblico-line-198-Sao_Paulo-242-2038937-59811937-0,6.35,-23.5969325,-46.655863,,,,1,2023-06-19T16:58:49+00:00
SAO_675K-10,São Paulo,3550308,True,EMTU,198,https://moovitapp.com/index/pt-br/transporte_p%C3%BAblico-line-198-Sao_Paulo-242-2038937-59811937-0,6.35,-23.5990978125,-46.6578824375,,,,1,2023-06-19T16:58:55+00:00
SAO_675K-10,São Paulo,3550308,True,EMTU,198,https://moovitapp.com/index/pt-br/transporte_p%C3%BAblico-line-198-Sao_Paulo-242-2038937-59811937-0,6.35,-23.609559062499997,-46.667714375,,,,1,2023-06-19T16:58:23+00:00
SAO_675K-10,São Paulo,3550308,True,EMTU,198,https://moovitapp.com/index/pt-br/transporte_p%C3%BAblico-line-198-Sao_Paulo-242-2038937-59811937-0,6.35,-23.6825795,-46.767716500000006,,,,1,2023-06-19T16:58:14+00:00
SAO_675K-10,São Paulo,3550308,True,EMTU,198,https://moovitapp.com/index/pt-br/transporte_p%C3%BAblico-line-198-Sao_Paulo-242-2038937-59811937-0,6.35,-23.690517,-46.7737425,,,,1,2023-06-19T16:58:13+00:00
SAO_675K-10,São Paulo,3550308,True,EMTU,198,https://moovitapp.com/index/pt-br/transporte_p%C3%BAblico-line-198-Sao_Paulo-242-2038937-59811937-0,6.35,-23.680369499999998,-46.7650515,,,,1,2023-06-19T16:57:27+00:00
SAO_7004-10,São Paulo,3550308,True,,34760,,,-23.693933,-46.7796675,,,,2,2023-06-19T16:58:21+00:00
SAO_7004-10,São Paulo,3550308,True,,34760,,,-23.685786,-46.752863000000005,,,,2,2023-06-19T16:58:34+00:00
SAO_7004-10,São Paulo,3550308,True,,34760,,,-23.74156775,-46.8004435,,,,2,2023-06-19T16:58:40+00:00
SAO_7004-10,São Paulo,3550308,True,,34760,,,-23.6560685,-46.7239965,,,,2,2023-06-19T16:58:26+00:00
SAO_7004-10,São Paulo,3550308,True,,34760,,,-23.6705185,-46.734418000000005,,,,2,2023-06-19T16:56:40+00:00
SAO_7004-10,São Paulo,3550308,True,,34760,,,-23.74156775,-46.8004435,,,,2,2023-06-19T16:58:19+00:00
SAO_7004-10,São Paulo,3550308,True,,34760,,,-23.741766,-46.8007565,,,,2,2023-06-19T16:58:14+00:00
SAO_3789-10,São Paulo,3550308,True,,1067,,,-23.5622455,-46.4657715,,,,1,2023-06-19T16:58:12+00:00
SAO_3789-10,São Paulo,3550308,True,,1067,,,-23.579527,-46.411894000000004,,,,1,2023-06-19T16:58:17+00:00
SAO_3789-10,São Paulo,3550308,True,,1067,,,-23.5992885,-46.401830000000004,,,,1,2023-06-19T16:58:17+00:00
SAO_3789-10,São Paulo,3550308,True,,1067,,,-23.595160125,-46.439397125,,,,1,2023-06-19T16:58:20+00:00
SAO_3789-10,São Paulo,3550308,True,,1067,,,-23.611982,-46.3961475,,,,1,2023-06-19T16:58:46+00:00
SAO_3789-10,São Paulo,3550308,True,,1067,,,-23.563306124999997,-46.466364125,,,,1,2023-06-19T16:58:11+00:00
SAO_5391-10,São Paulo,3550308,True,,32939,,,-23.644555000000004,-46.701621375,,,,2,2023-06-19T16:58:37+00:00
SAO_5391-10,São Paulo,3550308,True,,32939,,,-23.641780124999997,-46.699149125000005,,,,2,2023-06-19T16:58:46+00:00
SAO_5391-10,São Paulo,3550308,True,,32939,,,-23.576717,-46.643708000000004,,,,2,2023-06-19T16:58:22+00:00
SAO_5391-10,São Paulo,3550308,True,,32939,,,-23.692826,-46.7782155,,,,2,2023-06-19T16:58:53+00:00
SAO_5391-10,São Paulo,3550308,True,,32939,,,-23.5593225,-46.639075000000005,,,,2,2023-06-19T16:58:53+00:00
SAO_5391-10,São Paulo,3550308,True,,32939,,,-23.581427750000003,-46.6578325,,,,2,2023-06-19T16:56:37+00:00
SAO_5391-10,São Paulo,3550308,True,,32939,,,-23.692718499999998,-46.778041,,,,2,2023-06-19T16:58:12+00:00
SAO_5391-10,São Paulo,3550308,True,,32939,,,-23.676606,-46.757901000000004,,,,2,2023-06-19T16:58:52+00:00
SAO_5391-10,São Paulo,3550308,True,,32939,,,-23.683030000000002,-46.7687525,,,,2,2023-06-19T16:58:26+00:00
SAO_4115-10,São Paulo,3550308,True,EMTU,322,https://moovitapp.com/index/pt-br/transporte_p%C3%BAblico-line-322-Sao_Paulo-242-2038937-36419412-0,6.2,-23.6216975,-46.62784775,,,,1,2023-06-19T16:58:24+00:00
SAO_4115-10,São Paulo,3550308,True,EMTU,322,https://moovitapp.com/index/pt-br/transporte_p%C3%BAblico-line-322-Sao_Paulo-242-2038937-36419412-0,6.2,-23.5494175,-46.62917,,,,1,2023-06-19T16:58:15+00:00
SAO_4017-10,São Paulo,3550308,True,,34958,,,-23.60156875,-46.398831,,,,2,2023-06-19T16:58:51+00:00
SAO_4017-10,São Paulo,3550308,True,,34958,,,-23.5804125,-46.382749000000004,,,,2,2023-06-19T16:55:30+00:00
SAO_4017-10,São Paulo,3550308,True,,34958,,,-23.60109525,-46.39926,,,,2,2023-06-19T16:58:14+00:00
SAO_4017-10,São Paulo,3550308,True,,34958,,,-23.60186025,-46.398567,,,,2,2023-06-19T16:58:51+00:00
SAO_4017-10,São Paulo,3550308,True,,34958,,,-23.60156875,-46.398831,,,,2,2023-06-19T16:58:35+00:00
SAO_4017-10,São Paulo,3550308,True,,34958,,,-23.60046425,-46.400230750000006,,,,2,2023-06-19T16:58:43+00:00
SAO_4017-10,São Paulo,3550308,True,,34958,,,-23.586068500000003,-46.4092865,,,,2,2023-06-19T16:56:55+00:00
SAO_5028-10,São Paulo,3550308,True,,34402,,,-23.612299999999998,-46.581156,,,,2,2023-06-19T16:55:34+00:00
SAO_5028-10,São Paulo,3550308,True,,34402,,,-23.6108005,-46.580852500000006,,,,2,2023-06-19T16:56:53+00:00
SAO_5028-10,São Paulo,3550308,True,,34402,,,-23.6108005,-46.580852500000006,,,,2,2023-06-19T16:58:15+00:00
SAO_273R-10,São Paulo,3550308,True,,32994,,,-23.521997499999998,-46.412527999999995,,,,2,2023-06-19T16:58:53+00:00
SAO_273R-10,São Paulo,3550308,True,,32994,,,-23.523322375,-46.41274475,,,,2,2023-06-19T16:58:39+00:00
SAO_273R-10,São Paulo,3550308,True,,32994,,,-23.523021,-46.412696249999996,,,,2,2023-06-19T16:58:34+00:00
SAO_273R-10,São Paulo,3550308,True,,32994,,,-23.52228,-46.4125755,,,,2,2023-06-19T16:58:35+00:00
SAO_273R-10,São Paulo,3550308,True,,32994,,,-23.51619,-46.467780000000005,,,,2,2023-06-19T16:58:48+00:00
SAO_273R-10,São Paulo,3550308,True,,32994,,,-23.5359705,-46.4743625,,,,2,2023-06-19T16:58:53+00:00
SAO_778J-10,São Paulo,3550308,True,,33276,,,-23.552574125,-46.6787645,,,,2,2023-06-19T16:58:30+00:00
SAO_778J-10,São Paulo,3550308,True,,33276,,,-23.586923,-46.7897105,,,,2,2023-06-19T16:58:31+00:00
SAO_778J-10,São Paulo,3550308,True,,33276,,,-23.586923,-46.7897105,,,,2,2023-06-19T16:58:45+00:00
SAO_778J-10,São Paulo,3550308,True,,33276,,,-23.573559,-46.7607115,,,,2,2023-06-19T16:58:48+00:00
SAO_6042-10,São Paulo,3550308,True,,1219,,,-23.660212,-46.767127,,,,1,2023-06-19T16:58:36+00:00
SAO_6042-10,São Paulo,3550308,True,,1219,,,-23.678569,-46.7680255,,,,1,2023-06-19T16:58:42+00:00
SAO_6042-10,São Paulo,3550308,True,,1219,,,-23.650515,-46.708068499999996,,,,1,2023-06-19T16:58:45+00:00
SAO_6042-10,São Paulo,3550308,True,,1219,,,-23.672669,-46.7646945,,,,1,2023-06-19T16:58:36+00:00
SAO_6042-10,São Paulo,3550308,True,,1219,,,-23.649198,-46.7526175,,,,1,2023-06-19T16:58:20+00:00
SAO_5178-10,São Paulo,3550308,True,,595,,,-23.583759,-46.654165000000006,,,,1,2023-06-19T16:57:01+00:00
SAO_5178-10,São Paulo,3550308,True,,595,,,-23.683317000000002,-46.634547749999996,,,,1,2023-06-19T16:58:40+00:00
SAO_5178-10,São Paulo,3550308,True,,595,,,-23.6493735,-46.670049,,,,1,2023-06-19T16:58:27+00:00
SAO_5178-10,São Paulo,3550308,True,,595,,,-23.682447,-46.642358,,,,1,2023-06-19T16:58:21+00:00
SAO_5178-10,São Paulo,3550308,True,,595,,,-23.557875125000002,-46.641175249999996,,,,1,2023-06-19T16:58:39+00:00
SAO_6820-31,São Paulo,3550308,True,,34174,,,-23.661355,-46.784494,,,,2,2023-06-19T16:58:33+00:00
SAO_6820-31,São Paulo,3550308,True,,34174,,,-23.6559925,-46.76256875,,,,2,2023-06-19T16:58:17+00:00
SAO_6820-31,São Paulo,3550308,True,,34174,,,-23.658020999999998,-46.7897125,,,,2,2023-06-19T16:58:15+00:00
SAO_6820-31,São Paulo,3550308,True,,34174,,,-23.658609,-46.78921425,,,,2,2023-06-19T16:58:50+00:00
SAO_6820-31,São Paulo,3550308,True,,34174,,,-23.655376,-46.762141,,,,2,2023-06-19T16:58:44+00:00
SAO_6820-31,São Paulo,3550308,True,,34174,,,-23.658020999999998,-46.7897125,,,,2,2023-06-19T16:58:31+00:00
SAO_8030-10,São Paulo,3550308,True,,35330,,,-23.619870499999998,-46.7234715,,,,2,2023-06-19T16:58:48+00:00
SAO_8030-10,São Paulo,3550308,True,,35330,,,-23.601208999999997,-46.73495575,,,,2,2023-06-19T16:58:43+00:00
SAO_8030-10,São Paulo,3550308,True,,35330,,,-23.605641499999997,-46.72523275,,,,2,2023-06-19T16:58:20+00:00
SAO_8030-10,São Paulo,3550308,True,,35330,,,-23.62322075,-46.728378,,,,2,2023-06-19T16:58:51+00:00
SAO_8030-10,São Paulo,3550308,True,,35330,,,-23.624064,-46.727723,,,,2,2023-06-19T16:58:49+00:00
SAO_477P-10,São Paulo,3550308,True,,33116,,,-23.61229925,-46.628619,,,,2,2023-06-19T16:58:13+00:00
SAO_477P-10,São Paulo,3550308,True,,33116,,,-23.60616375,-46.653445500000004,,,,2,2023-06-19T16:58:12+00:00
SAO_477P-10,São Paulo,3550308,True,,33116,,,-23.569291999999997,-46.692,,,,2,2023-06-19T16:58:36+00:00
SAO_477P-10,São Paulo,3550308,True,,33116,,,-23.5857745,-46.759489,,,,2,2023-06-19T16:58:41+00:00
SAO_477P-10,São Paulo,3550308,True,,33116,,,-23.613940749999998,-46.682056,,,,2,2023-06-19T16:58:45+00:00
SAO_477P-10,São Paulo,3550308,True,,33116,,,-23.577896000000003,-46.765409500000004,,,,2,2023-06-19T16:58:13+00:00
SAO_477P-10,São Paulo,3550308,True,,33116,,,-23.6128265,-46.608872,,,,2,2023-06-19T16:58:18+00:00
SAO_477P-10,São Paulo,3550308,True,,33116,,,-23.6128265,-46.608872,,,,2,2023-06-19T16:58:42+00:00
SAO_477P-10,São Paulo,3550308,True,,33116,,,-23.585511500000003,-46.6182845,,,,2,2023-06-19T16:58:28+00:00
SAO_477P-10,São Paulo,3550308,True,,33116,,,-23.578109875,-46.68648,,,,2,2023-06-19T16:58:22+00:00
SAO_477P-10,São Paulo,3550308,True,,33116,,,-23.574246,-46.71513375,,,,2,2023-06-19T16:58:30+00:00
SAO_477P-10,São Paulo,3550308,True,,33116,,,-23.5786585,-46.6091775,,,,2,2023-06-19T16:58:44+00:00
SAO_477P-10,São Paulo,3550308,True,,33116,,,-23.57836025,-46.605409375,,,,2,2023-06-19T16:58:47+00:00
SAO_477P-10,São Paulo,3550308,True,,33116,,,-23.612551,-46.60875125,,,,2,2023-06-19T16:58:12+00:00
SAO_477P-10,São Paulo,3550308,True,,33116,,,-23.612551,-46.60875125,,,,2,2023-06-19T16:58:14+00:00
SAO_5611-10,São Paulo,3550308,True,EMTU,598,https://moovitapp.com/index/pt-br/transporte_p%C3%BAblico-line-598-Sao_Paulo-242-2038937-36419579-0,7.05,-23.6258695,-46.6614335,,,,1,2023-06-19T16:58:52+00:00
SAO_5611-10,São Paulo,3550308,True,EMTU,598,https://moovitapp.com/index/pt-br/transporte_p%C3%BAblico-line-598-Sao_Paulo-242-2038937-36419579-0,7.05,-23.553202,-46.635613,,,,1,2023-06-19T16:58:33+00:00
SAO_5611-10,São Paulo,3550308,True,EMTU,598,https://moovitapp.com/index/pt-br/transporte_p%C3%BAblico-line-598-Sao_Paulo-242-2038937-36419579-0,7.05,-23.715806999999998,-46.626348500000006,,,,1,2023-06-19T16:58:23+00:00
SAO_5611-10,São Paulo,3550308,True,EMTU,598,https://moovitapp.com/index/pt-br/transporte_p%C3%BAblico-line-598-Sao_Paulo-242-2038937-36419579-0,7.05,-23.715795,-46.628422,,,,1,2023-06-19T16:58:31+00:00
SAO_5611-10,São Paulo,3550308,True,EMTU,598,https://moovitapp.com/index/pt-br/transporte_p%C3%BAblico-line-598-Sao_Paulo-242-2038937-36419579-0,7.05,-23.680867,-46.6829695,,,,1,2023-06-19T16:58:26+00:00
SAO_5611-10,São Paulo,3550308,True,EMTU,598,https://moovitapp.com/index/pt-br/transporte_p%C3%BAblico-line-598-Sao_Paulo-242-2038937-36419579-0,7.05,-23.715806999999998,-46.626348500000006,,,,1,2023-06-19T16:58:19+00:00
SAO_3902-10,São Paulo,3550308,True,,34238,,,-23.504098,-46.37673649999999,,,,2,2023-06-19T16:58:52+00:00
SAO_3902-10,São Paulo,3550308,True,,34238,,,-23.484951000000002,-46.38398325,,,,2,2023-06-19T16:56:00+00:00
SAO_3902-10,São Paulo,3550308,True,,34238,,,-23.5367405,-46.404292999999996,,,,2,2023-06-19T16:58:26+00:00
SAO_3902-10,São Paulo,3550308,True,,34238,,,-23.484951000000002,-46.38398325,,,,2,2023-06-19T16:58:47+00:00
SAO_3902-10,São Paulo,3550308,True,,34238,,,-23.502257,-46.384414,,,,2,2023-06-19T16:58:25+00:00
SAO_5038-10,São Paulo,3550308,True,,34429,,,-23.629247,-46.60199475,,,,2,2023-06-19T16:58:24+00:00
SAO_5038-10,São Paulo,3550308,True,,34429,,,-23.652486500000002,-46.601986999999994,,,,2,2023-06-19T16:58:31+00:00
SAO_5038-10,São Paulo,3550308,True,,34429,,,-23.653293500000004,-46.602455000000006,,,,2,2023-06-19T16:58:48+00:00
SAO_5038-10,São Paulo,3550308,True,,34429,,,-23.654332500000002,-46.602228499999995,,,,2,2023-06-19T16:58:10+00:00
SAO_5038-10,São Paulo,3550308,True,,34429,,,-23.6493225,-46.610214,,,,2,2023-06-19T16:58:53+00:00
SAO_5038-10,São Paulo,3550308,True,,34429,,,-23.607142000000003,-46.599338,,,,2,2023-06-19T16:58:25+00:00
SAO_172P-10,São Paulo,3550308,True,,858,,,-23.5290715,-46.598181999999994,,,,1,2023-06-19T16:58:11+00:00
SAO_172P-10,São Paulo,3550308,True,,858,,,-23.469840749999996,-46.57389675,,,,1,2023-06-19T16:58:18+00:00
SAO_172P-10,São Paulo,3550308,True,,858,,,-23.451328,-46.588855499999994,,,,1,2023-06-19T16:58:47+00:00
SAO_172P-10,São Paulo,3550308,True,,858,,,-23.437303,-46.56643425,,,,1,2023-06-19T16:51:35+00:00
SAO_172P-10,São Paulo,3550308,True,,858,,,-23.498162,-46.595872,,,,1,2023-06-19T16:58:33+00:00
SAO_172P-10,São Paulo,3550308,True,,858,,,-23.52939825,-46.602333,,,,1,2023-06-19T16:58:38+00:00
SAO_6006-10,São Paulo,3550308,True,,32943,,,-23.66780625,-46.68961675,,,,2,2023-06-19T16:58:51+00:00
SAO_6006-10,São Paulo,3550308,True,,32943,,,-23.667118,-46.726369,,,,2,2023-06-19T16:58:50+00:00
SAO_6006-10,São Paulo,3550308,True,,32943,,,-23.665013000000002,-46.679552,,,,2,2023-06-19T16:58:46+00:00
SAO_7272-10,São Paulo,3550308,True,,1333,,,-23.5183185,-46.706914499999996,,,,1,2023-06-19T16:58:44+00:00
SAO_7272-10,São Paulo,3550308,True,,1333,,,-23.5183185,-46.706914499999996,,,,1,2023-06-19T16:58:46+00:00
SAO_7272-10,São Paulo,3550308,True,,1333,,,-23.5282585,-46.684850374999996,,,,1,2023-06-19T16:58:13+00:00
SAO_475R-10,São Paulo,3550308,True,,33112,,,-23.59850275,-46.63896425,,,,2,2023-06-19T16:58:51+00:00
SAO_475R-10,São Paulo,3550308,True,,33112,,,-23.580848500000002,-46.650059,,,,2,2023-06-19T16:58:30+00:00
SAO_475R-10,São Paulo,3550308,True,,33112,,,-23.5470345,-46.6298525,,,,2,2023-06-19T16:58:26+00:00
SAO_475R-10,São Paulo,3550308,True,,33112,,,-23.606443499999997,-46.637484125,,,,2,2023-06-19T16:58:41+00:00
SAO_475R-10,São Paulo,3550308,True,,33112,,,-23.597623,-46.642645,,,,2,2023-06-19T16:58:40+00:00
SAO_475R-10,São Paulo,3550308,True,,33112,,,-23.6569625,-46.6152,,,,2,2023-06-19T16:58:44+00:00
SAO_475R-10,São Paulo,3550308,True,,33112,,,-23.653594,-46.6082155,,,,2,2023-06-19T16:58:45+00:00
SAO_475R-10,São Paulo,3550308,True,,33112,,,-23.5504855,-46.6342705,,,,2,2023-06-19T16:58:29+00:00
SAO_475R-10,São Paulo,3550308,True,,33112,,,-23.564600875,-46.646907,,,,2,2023-06-19T16:58:40+00:00
SAO_475R-10,São Paulo,3550308,True,,33112,,,-23.5470345,-46.6298525,,,,2,2023-06-19T16:58:54+00:00
SAO_475R-10,São Paulo,3550308,True,,33112,,,-23.653319500000002,-46.607946999999996,,,,2,2023-06-19T16:58:18+00:00
SAO_475R-10,São Paulo,3550308,True,,33112,,,-23.5470345,-46.6298525,,,,2,2023-06-19T16:58:39+00:00
SAO_475R-10,São Paulo,3550308,True,,33112,,,-23.653319500000002,-46.607946999999996,,,,2,2023-06-19T16:58:51+00:00
SAO_475R-10,São Paulo,3550308,True,,33112,,,-23.6537185,-46.608308,,,,2,2023-06-19T16:58:12+00:00
SAO_475R-10,São Paulo,3550308,True,,33112,,,-23.623095375,-46.640301125,,,,2,2023-06-19T16:58:22+00:00
SAO_1017-10,São Paulo,3550308,True,,34909,,,-23.413738000000002,-46.750985,,,,2,2023-06-19T16:58:14+00:00
SAO_1017-10,São Paulo,3550308,True,,34909,,,-23.453538,-46.712159,,,,2,2023-06-19T16:58:32+00:00
SAO_1017-10,São Paulo,3550308,True,,34909,,,-23.413953499999998,-46.750866,,,,2,2023-06-19T16:58:28+00:00
SAO_1017-10,São Paulo,3550308,True,,34909,,,-23.4140545,-46.750673500000005,,,,2,2023-06-19T16:58:12+00:00
SAO_1017-10,São Paulo,3550308,True,,34909,,,-23.412292,-46.7508115,,,,2,2023-06-19T16:58:54+00:00
SAO_1017-10,São Paulo,3550308,True,,34909,,,-23.412819499999998,-46.750868499999996,,,,2,2023-06-19T16:58:24+00:00
SAO_1017-10,São Paulo,3550308,True,,34909,,,-23.4136605,-46.750937,,,,2,2023-06-19T16:58:44+00:00
SAO_1017-10,São Paulo,3550308,True,,34909,,,-23.4125245,-46.7508325,,,,2,2023-06-19T16:58:23+00:00
SAO_1017-10,São Paulo,3550308,True,,34909,,,-23.4125245,-46.7508325,,,,2,2023-06-19T16:58:29+00:00
SAO_1017-10,São Paulo,3550308,True,,34909,,,-23.413556,-46.7508775,,,,2,2023-06-19T16:58:46+00:00
SAO_1017-10,São Paulo,3550308,True,,34909,,,-23.4300105,-46.721096,,,,2,2023-06-19T16:58:43+00:00
SAO_1017-10,São Paulo,3550308,True,,34909,,,-23.413556,-46.7508775,,,,2,2023-06-19T16:58:11+00:00
SAO_1017-10,São Paulo,3550308,True,,34909,,,-23.413801,-46.755459,,,,2,2023-06-19T16:58:47+00:00
SAO_1017-10,São Paulo,3550308,True,,34909,,,-23.4749865,-46.714571,,,,2,2023-06-19T16:58:53+00:00
SAO_1017-10,São Paulo,3550308,True,,34909,,,-23.404802,-46.741470125,,,,2,2023-06-19T16:58:44+00:00
SAO_675I-10,São Paulo,3550308,True,BR7 Mobilidade,68,https://moovitapp.com/index/pt-br/transporte_p%C3%BAblico-line-68-Sao_Paulo-242-851856-560661-0,5.75,-23.640083750000002,-46.697184500000006,,,,1,2023-06-19T16:58:52+00:00
SAO_675I-10,São Paulo,3550308,True,BR7 Mobilidade,68,https://moovitapp.com/index/pt-br/transporte_p%C3%BAblico-line-68-Sao_Paulo-242-851856-560661-0,5.75,-23.62720175,-46.64218175,,,,1,2023-06-19T16:58:30+00:00
SAO_675I-10,São Paulo,3550308,True,BR7 Mobilidade,68,https://moovitapp.com/index/pt-br/transporte_p%C3%BAblico-line-68-Sao_Paulo-242-851856-560661-0,5.75,-23.643719,-46.733278999999996,,,,1,2023-06-19T16:58:47+00:00
SAO_675I-10,São Paulo,3550308,True,BR7 Mobilidade,68,https://moovitapp.com/index/pt-br/transporte_p%C3%BAblico-line-68-Sao_Paulo-242-851856-560661-0,5.75,-23.617137999999997,-46.661422375,,,,1,2023-06-19T16:58:49+00:00
SAO_4093-10,São Paulo,3550308,True,,2448,,,-23.588952,-46.395677,,,,1,2023-06-19T16:58:48+00:00
SAO_4093-10,São Paulo,3550308,True,,2448,,,-23.590121,-46.404954000000004,,,,1,2023-06-19T16:58:47+00:00
SAO_4093-10,São Paulo,3550308,True,,2448,,,-23.588952,-46.395677,,,,1,2023-06-19T16:58:49+00:00
SAO_4093-10,São Paulo,3550308,True,,2448,,,-23.589805625000004,-46.398660875000004,,,,1,2023-06-19T16:58:43+00:00
SAO_4093-10,São Paulo,3550308,True,,2448,,,-23.588952,-46.395677,,,,1,2023-06-19T16:58:16+00:00
SAO_211L-10,São Paulo,3550308,True,,35033,,,-23.4826065,-46.6307425,,,,2,2023-06-19T16:58:25+00:00
SAO_211L-10,São Paulo,3550308,True,,35033,,,-23.501283,-46.6734845,,,,2,2023-06-19T16:58:34+00:00
SAO_211L-10,São Paulo,3550308,True,,35033,,,-23.4821475,-46.6301225,,,,2,2023-06-19T16:58:50+00:00
SAO_211L-10,São Paulo,3550308,True,,35033,,,-23.482530500000003,-46.631914,,,,2,2023-06-19T16:58:44+00:00
SAO_2019-10,São Paulo,3550308,True,,905,,,-23.521387500000003,-46.53974325,,,,1,2023-06-19T16:56:07+00:00
SAO_2019-10,São Paulo,3550308,True,,905,,,-23.5244695,-46.524256124999994,,,,1,2023-06-19T16:57:25+00:00
SAO_2019-10,São Paulo,3550308,True,,905,,,-23.533272000000004,-46.49372525,,,,1,2023-06-19T16:58:55+00:00
SAO_2019-10,São Paulo,3550308,True,,905,,,-23.524728,-46.5453215,,,,1,2023-06-19T16:58:50+00:00
SAO_7002-10,São Paulo,3550308,True,,772,,,-23.590482125,-46.771224000000004,,,,1,2023-06-19T16:58:48+00:00
SAO_7002-10,São Paulo,3550308,True,,772,,,-23.5718015,-46.709463,,,,1,2023-06-19T16:58:46+00:00
SAO_7002-10,São Paulo,3550308,True,,772,,,-23.590482125,-46.771224000000004,,,,1,2023-06-19T16:58:43+00:00
SAO_7002-10,São Paulo,3550308,True,,772,,,-23.5938665,-46.763686,,,,1,2023-06-19T16:58:41+00:00
SAO_7002-10,São Paulo,3550308,True,,772,,,-23.585074125,-46.74320387499999,,,,1,2023-06-19T16:58:39+00:00
SAO_7002-10,São Paulo,3550308,True,,772,,,-23.5664515,-46.69234125,,,,1,2023-06-19T16:58:48+00:00
SAO_9162-10,São Paulo,3550308,True,,1365,,,-23.46769525,-46.678713,,,,1,2023-06-19T16:58:52+00:00
SAO_9162-10,São Paulo,3550308,True,,1365,,,-23.4725515,-46.683244,,,,1,2023-06-19T16:58:38+00:00
SAO_7002-10,São Paulo,3550308,True,,33540,,,-23.553085250000002,-46.673081999999994,,,,2,2023-06-19T16:58:13+00:00
SAO_7002-10,São Paulo,3550308,True,,33540,,,-23.590518,-46.76971475,,,,2,2023-06-19T16:58:49+00:00
SAO_7002-10,São Paulo,3550308,True,,33540,,,-23.563143,-46.690856,,,,2,2023-06-19T16:58:46+00:00
SAO_7002-10,São Paulo,3550308,True,,33540,,,-23.5900465,-46.769759500000006,,,,2,2023-06-19T16:58:49+00:00
SAO_7002-10,São Paulo,3550308,True,,33540,,,-23.5550225,-46.673255999999995,,,,2,2023-06-19T16:58:01+00:00
SAO_7002-10,São Paulo,3550308,True,,33540,,,-23.590518,-46.76971475,,,,2,2023-06-19T16:58:17+00:00
SAO_7002-10,São Paulo,3550308,True,,33540,,,-23.585392499999998,-46.7625915,,,,2,2023-06-19T16:58:10+00:00
SAO_7002-10,São Paulo,3550308,True,,33540,,,-23.57169525,-46.7078775,,,,2,2023-06-19T16:58:28+00:00
SAO_7002-10,São Paulo,3550308,True,,33540,,,-23.592091250000003,-46.756093250000006,,,,2,2023-06-19T16:58:43+00:00
SAO_7002-10,São Paulo,3550308,True,,33540,,,-23.590518,-46.76971475,,,,2,2023-06-19T16:58:21+00:00
SAO_7002-10,São Paulo,3550308,True,,33540,,,-23.56676975,-46.699263,,,,2,2023-06-19T16:58:20+00:00
SAO_609F-10,São Paulo,3550308,True,,32805,,,-23.58477775,-46.688068,,,,2,2023-06-19T16:58:29+00:00
SAO_609F-10,São Paulo,3550308,True,,32805,,,-23.6679265,-46.749366499999994,,,,2,2023-06-19T16:58:35+00:00
SAO_609F-10,São Paulo,3550308,True,,32805,,,-23.63569975,-46.721984750000004,,,,2,2023-06-19T16:58:47+00:00
SAO_609F-10,São Paulo,3550308,True,,32805,,,-23.667713,-46.7495485,,,,2,2023-06-19T16:58:28+00:00
SAO_609F-10,São Paulo,3550308,True,,32805,,,-23.668001500000003,-46.7491535,,,,2,2023-06-19T16:58:11+00:00
SAO_609F-10,São Paulo,3550308,True,,32805,,,-23.5600355,-46.654938,,,,2,2023-06-19T16:58:52+00:00
SAO_609F-10,São Paulo,3550308,True,,32805,,,-23.54237925,-46.63502975,,,,2,2023-06-19T16:58:54+00:00
SAO_609F-10,São Paulo,3550308,True,,32805,,,-23.665154625,-46.753176499999995,,,,2,2023-06-19T16:58:22+00:00
SAO_8528-10,São Paulo,3550308,True,,33343,,,-23.531552,-46.6589715,,,,2,2023-06-19T16:58:39+00:00
SAO_8528-10,São Paulo,3550308,True,,33343,,,-23.50225575,-46.686184499999996,,,,2,2023-06-19T16:58:29+00:00
SAO_8528-10,São Paulo,3550308,True,,33343,,,-23.4615785,-46.69076725,,,,2,2023-06-19T16:58:49+00:00
SAO_8528-10,São Paulo,3550308,True,,33343,,,-23.484575,-46.691395,,,,2,2023-06-19T16:58:39+00:00
SAO_8528-10,São Paulo,3550308,True,,33343,,,-23.4615785,-46.69076725,,,,2,2023-06-19T16:58:14+00:00
SAO_8528-10,São Paulo,3550308,True,,33343,,,-23.4615645,-46.69032075,,,,2,2023-06-19T16:58:14+00:00
SAO_8528-10,São Paulo,3550308,True,,33343,,,-23.4615645,-46.69032075,,,,2,2023-06-19T16:58:12+00:00
SAO_2080-10,São Paulo,3550308,True,,371,,,-23.498005,-46.3698255,,,,1,2023-06-19T16:58:32+00:00
SAO_2080-10,São Paulo,3550308,True,,371,,,-23.494052500000002,-46.419838999999996,,,,1,2023-06-19T16:58:24+00:00
SAO_2080-10,São Paulo,3550308,True,,371,,,-23.494246,-46.422235125,,,,1,2023-06-19T16:58:49+00:00
SAO_2080-10,São Paulo,3550308,True,,371,,,-23.508155000000002,-46.493489,,,,1,2023-06-19T16:58:20+00:00
SAO_2080-10,São Paulo,3550308,True,,371,,,-23.527441500000002,-46.551878,,,,1,2023-06-19T16:58:36+00:00
SAO_1722-10,São Paulo,3550308,True,,864,,,-23.478811999999998,-46.6014165,,,,1,2023-06-19T16:58:53+00:00
SAO_1722-10,São Paulo,3550308,True,,864,,,-23.482192,-46.672304,,,,1,2023-06-19T16:58:41+00:00
SAO_1722-10,São Paulo,3550308,True,,864,,,-23.456715,-46.5982985,,,,1,2023-06-19T16:58:30+00:00
SAO_1722-10,São Paulo,3550308,True,,864,,,-23.47034875,-46.6493545,,,,1,2023-06-19T16:58:26+00:00
SAO_1722-10,São Paulo,3550308,True,,864,,,-23.458133,-46.615718,,,,1,2023-06-19T16:58:26+00:00
SAO_1722-10,São Paulo,3550308,True,,864,,,-23.4750395,-46.6685415,,,,1,2023-06-19T16:58:27+00:00
SAO_1722-10,São Paulo,3550308,True,,864,,,-23.478811999999998,-46.6014165,,,,1,2023-06-19T16:58:41+00:00
SAO_1722-10,São Paulo,3550308,True,,864,,,-23.4586135,-46.585758999999996,,,,1,2023-06-19T16:58:35+00:00
SAO_1722-10,São Paulo,3550308,True,,864,,,-23.479046500000003,-46.6015705,,,,1,2023-06-19T16:58:22+00:00
SAO_1722-10,São Paulo,3550308,True,,864,,,-23.478811999999998,-46.6014165,,,,1,2023-06-19T16:58:41+00:00
SAO_1024-10,São Paulo,3550308,True,,35070,,,-23.461024000000002,-46.708865,,,,2,2023-06-19T16:58:45+00:00
SAO_1024-10,São Paulo,3550308,True,,35070,,,-23.4611935,-46.70918,,,,2,2023-06-19T16:58:45+00:00
SAO_1024-10,São Paulo,3550308,True,,35070,,,-23.4675385,-46.6980035,,,,2,2023-06-19T16:58:26+00:00
SAO_1024-10,São Paulo,3550308,True,,35070,,,-23.460870999999997,-46.708670999999995,,,,2,2023-06-19T16:58:44+00:00
SAO_1024-10,São Paulo,3550308,True,,35070,,,-23.4609315,-46.7087415,,,,2,2023-06-19T16:58:49+00:00
SAO_1024-10,São Paulo,3550308,True,,35070,,,-23.4892355,-46.6982065,,,,2,2023-06-19T16:58:16+00:00
SAO_1024-10,São Paulo,3550308,True,,35070,,,-23.45656625,-46.703027000000006,,,,2,2023-06-19T16:58:49+00:00
SAO_1024-10,São Paulo,3550308,True,,35070,,,-23.461024000000002,-46.708865,,,,2,2023-06-19T16:58:51+00:00
SAO_407Y-10,São Paulo,3550308,True,,34974,,,-23.576497,-46.527075999999994,,,,2,2023-06-19T16:58:51+00:00
SAO_407Y-10,São Paulo,3550308,True,,34974,,,-23.574501125,-46.565135,,,,2,2023-06-19T16:58:12+00:00
SAO_407Y-10,São Paulo,3550308,True,,34974,,,-23.58708725,-46.58361825,,,,2,2023-06-19T16:58:10+00:00
SAO_407Y-10,São Paulo,3550308,True,,34974,,,-23.570582,-46.490271500000006,,,,2,2023-06-19T16:58:40+00:00
SAO_407Y-10,São Paulo,3550308,True,,34974,,,-23.570552125,-46.489686875,,,,2,2023-06-19T16:58:39+00:00
SAO_2722-10,São Paulo,3550308,True,,33703,,,-23.4902355,-46.49016675,,,,2,2023-06-19T16:58:34+00:00
SAO_2722-10,São Paulo,3550308,True,,33703,,,-23.4927115,-46.494384249999996,,,,2,2023-06-19T16:58:03+00:00
SAO_2722-10,São Paulo,3550308,True,,33703,,,-23.52856,-46.5161185,,,,2,2023-06-19T16:58:19+00:00
SAO_2722-10,São Paulo,3550308,True,,33703,,,-23.492714499999998,-46.493915,,,,2,2023-06-19T16:57:07+00:00
SAO_2722-10,São Paulo,3550308,True,,33703,,,-23.512731,-46.503159999999994,,,,2,2023-06-19T16:58:54+00:00
SAO_2722-10,São Paulo,3550308,True,,33703,,,-23.5089325,-46.4953145,,,,2,2023-06-19T16:58:21+00:00
SAO_2722-10,São Paulo,3550308,True,,33703,,,-23.4928125,-46.503521500000005,,,,2,2023-06-19T16:58:40+00:00
SAO_7012-10,São Paulo,3550308,True,,2043,,,-23.668024000000003,-46.735501,,,,1,2023-06-19T16:58:46+00:00
SAO_7012-10,São Paulo,3550308,True,,2043,,,-23.690631,-46.774444,,,,1,2023-06-19T16:58:44+00:00
SAO_7012-10,São Paulo,3550308,True,,2043,,,-23.6765805,-46.757677,,,,1,2023-06-19T16:58:43+00:00
SAO_7012-10,São Paulo,3550308,True,,2043,,,-23.678145,-46.762447,,,,1,2023-06-19T16:58:54+00:00
SAO_7012-10,São Paulo,3550308,True,,2043,,,-23.710336,-46.7778045,,,,1,2023-06-19T16:58:38+00:00
SAO_7012-10,São Paulo,3550308,True,,2043,,,-23.707252500000003,-46.772103,,,,1,2023-06-19T16:58:33+00:00
SAO_7012-10,São Paulo,3550308,True,,2043,,,-23.710336,-46.7778045,,,,1,2023-06-19T16:58:54+00:00
SAO_7012-10,São Paulo,3550308,True,,2043,,,-23.694872,-46.7797925,,,,1,2023-06-19T16:58:52+00:00
SAO_971R-10,São Paulo,3550308,True,,614,,,-23.454421500000002,-46.7374495,,,,1,2023-06-19T16:58:44+00:00
SAO_971R-10,São Paulo,3550308,True,,614,,,-23.501332,-46.624855,,,,1,2023-06-19T16:58:20+00:00
SAO_971R-10,São Paulo,3550308,True,,614,,,-23.475635500000003,-46.66432425000001,,,,1,2023-06-19T16:58:42+00:00
SAO_971R-10,São Paulo,3550308,True,,614,,,-23.444249749999997,-46.70532125,,,,1,2023-06-19T16:58:47+00:00
SAO_971R-10,São Paulo,3550308,True,,614,,,-23.454421500000002,-46.7374495,,,,1,2023-06-19T16:58:39+00:00
SAO_971R-10,São Paulo,3550308,True,,614,,,-23.454421500000002,-46.7374495,,,,1,2023-06-19T16:58:35+00:00
SAO_971R-10,São Paulo,3550308,True,,614,,,-23.454421500000002,-46.7374495,,,,1,2023-06-19T16:58:14+00:00
SAO_971R-10,São Paulo,3550308,True,,614,,,-23.4928745,-46.6485085,,,,1,2023-06-19T16:57:23+00:00
SAO_971R-10,São Paulo,3550308,True,,614,,,-23.453954500000002,-46.7372915,,,,1,2023-06-19T16:58:42+00:00
SAO_971R-10,São Paulo,3550308,True,,614,,,-23.4355445,-46.72847,,,,1,2023-06-19T16:58:45+00:00
SAO_971R-10,São Paulo,3550308,True,,614,,,-23.4590445,-46.687182,,,,1,2023-06-19T16:58:14+00:00
SAO_971R-10,São Paulo,3550308,True,,614,,,-23.459804999999996,-46.68515025,,,,1,2023-06-19T16:57:10+00:00
SAO_971R-10,São Paulo,3550308,True,,614,,,-23.454421500000002,-46.7374495,,,,1,2023-06-19T16:58:01+00:00
SAO_971R-10,São Paulo,3550308,True,,614,,,-23.454421500000002,-46.7374495,,,,1,2023-06-19T16:58:24+00:00
SAO_527R-10,São Paulo,3550308,True,,271,,,-23.66773375,-46.677854,,,,1,2023-06-19T16:58:41+00:00
SAO_527R-10,São Paulo,3550308,True,,271,,,-23.6756785,-46.6504555,,,,1,2023-06-19T16:58:24+00:00
SAO_527R-10,São Paulo,3550308,True,,271,,,-23.654166500000002,-46.711513,,,,1,2023-06-19T16:58:39+00:00
SAO_527R-10,São Paulo,3550308,True,,271,,,-23.654038,-46.708869500000006,,,,1,2023-06-19T16:58:39+00:00
SAO_527R-10,São Paulo,3550308,True,,271,,,-23.6756785,-46.6504555,,,,1,2023-06-19T16:58:37+00:00
SAO_527R-10,São Paulo,3550308,True,,271,,,-23.660453500000003,-46.695370999999994,,,,1,2023-06-19T16:58:50+00:00
SAO_527R-10,São Paulo,3550308,True,,271,,,-23.66488475,-46.65881400000001,,,,1,2023-06-19T16:58:16+00:00
SAO_527R-10,São Paulo,3550308,True,,271,,,-23.6756785,-46.6504555,,,,1,2023-06-19T16:58:49+00:00
SAO_3002-10,São Paulo,3550308,True,,1808,,,-23.4982915,-46.396243999999996,,,,1,2023-06-19T16:58:18+00:00
SAO_3002-10,São Paulo,3550308,True,,1808,,,-23.511333999999998,-46.379008999999996,,,,1,2023-06-19T16:58:20+00:00
SAO_3002-10,São Paulo,3550308,True,,1808,,,-23.496955,-46.437329,,,,1,2023-06-19T16:58:11+00:00
SAO_3002-10,São Paulo,3550308,True,,1808,,,-23.497434,-46.434627750000004,,,,1,2023-06-19T16:58:16+00:00
SAO_3002-10,São Paulo,3550308,True,,1808,,,-23.510468,-46.378808,,,,1,2023-06-19T16:57:05+00:00
SAO_1757-10,São Paulo,3550308,True,,33316,,,-23.471317499999998,-46.6368435,,,,2,2023-06-19T16:58:17+00:00
SAO_1757-10,São Paulo,3550308,True,,33316,,,-23.4709965,-46.636765,,,,2,2023-06-19T16:58:27+00:00
SAO_1757-10,São Paulo,3550308,True,,33316,,,-23.471618499999998,-46.6369145,,,,2,2023-06-19T16:58:32+00:00
SAO_8700-1,São Paulo,3550308,True,,35276,,,-23.631587000000003,-46.771556000000004,,,,2,2023-06-19T16:58:19+00:00
SAO_8700-1,São Paulo,3550308,True,,35276,,,-23.6317985,-46.771744,,,,2,2023-06-19T16:58:39+00:00
SAO_8700-1,São Paulo,3550308,True,,35276,,,-23.551078500000003,-46.656248999999995,,,,2,2023-06-19T16:58:40+00:00
SAO_8700-1,São Paulo,3550308,True,,35276,,,-23.597535,-46.74047825,,,,2,2023-06-19T16:58:45+00:00
SAO_8700-1,São Paulo,3550308,True,,35276,,,-23.631173750000002,-46.77117525,,,,2,2023-06-19T16:58:13+00:00
SAO_8700-1,São Paulo,3550308,True,,35276,,,-23.564365000000002,-46.6782645,,,,2,2023-06-19T16:58:29+00:00
SAO_8700-1,São Paulo,3550308,True,,35276,,,-23.598648750000002,-46.7411545,,,,2,2023-06-19T16:58:25+00:00
SAO_2101-41,São Paulo,3550308,True,STT,715,https://moovitapp.com/index/pt-br/transporte_p%C3%BAblico-line-715-Sao_Paulo-242-850661-183343-0,5.3,-23.562315625,-46.591848875,,,,1,2023-06-19T16:58:45+00:00
SAO_524L-10,São Paulo,3550308,True,,1715,,,-23.553400375000002,-46.563546375,,,,1,2023-06-19T16:58:18+00:00
SAO_524L-10,São Paulo,3550308,True,,1715,,,-23.6003255,-46.533160499999994,,,,1,2023-06-19T16:58:32+00:00
SAO_524L-10,São Paulo,3550308,True,,1715,,,-23.577920499999998,-46.5627175,,,,1,2023-06-19T16:58:50+00:00
SAO_342M-10,São Paulo,3550308,True,,747,,,-23.61345925,-46.4761955,,,,1,2023-06-19T16:58:11+00:00
SAO_342M-10,São Paulo,3550308,True,,747,,,-23.613857,-46.476304,,,,1,2023-06-19T16:58:40+00:00
SAO_342M-10,São Paulo,3550308,True,,747,,,-23.6133025,-46.4761525,,,,1,2023-06-19T16:58:19+00:00
SAO_342M-10,São Paulo,3550308,True,,747,,,-23.521819,-46.54883475,,,,1,2023-06-19T16:58:15+00:00
SAO_342M-10,São Paulo,3550308,True,,747,,,-23.600215249999998,-46.48453775,,,,1,2023-06-19T16:58:50+00:00
SAO_342M-10,São Paulo,3550308,True,,747,,,-23.583575500000002,-46.4946405,,,,1,2023-06-19T16:58:25+00:00
SAO_342M-10,São Paulo,3550308,True,,747,,,-23.58802425,-46.4905275,,,,1,2023-06-19T16:58:12+00:00
SAO_342M-10,São Paulo,3550308,True,,747,,,-23.55955,-46.5203865,,,,1,2023-06-19T16:58:22+00:00
SAO_342M-10,São Paulo,3550308,True,,747,,,-23.612504,-46.475716000000006,,,,1,2023-06-19T16:58:25+00:00
SAO_342M-10,São Paulo,3550308,True,,747,,,-23.540385,-46.551184,,,,1,2023-06-19T16:58:22+00:00
SAO_342M-10,São Paulo,3550308,True,,747,,,-23.5566115,-46.525148,,,,1,2023-06-19T16:58:27+00:00
SAO_342M-10,São Paulo,3550308,True,,747,,,-23.613857,-46.476304,,,,1,2023-06-19T16:58:21+00:00
SAO_342M-10,São Paulo,3550308,True,,747,,,-23.570087,-46.50773112499999,,,,1,2023-06-19T16:58:15+00:00
SAO_342M-10,São Paulo,3550308,True,,747,,,-23.58151525,-46.49824875,,,,1,2023-06-19T16:58:24+00:00
SAO_342M-10,São Paulo,3550308,True,,747,,,-23.542620499999998,-46.5481845,,,,1,2023-06-19T16:58:15+00:00
SAO_342M-10,São Paulo,3550308,True,,747,,,-23.533828,-46.55939325,,,,1,2023-06-19T16:58:14+00:00
SAO_342M-10,São Paulo,3550308,True,,747,,,-23.531243,-46.55532625,,,,1,2023-06-19T16:58:26+00:00
SAO_342M-10,São Paulo,3550308,True,,747,,,-23.560007,-46.51988275,,,,1,2023-06-19T16:58:19+00:00
SAO_573T-10,São Paulo,3550308,True,,1632,,,-23.614199499999998,-46.5007885,,,,1,2023-06-19T16:58:40+00:00
SAO_573T-10,São Paulo,3550308,True,,1632,,,-23.614199499999998,-46.5007885,,,,1,2023-06-19T16:58:54+00:00
SAO_573T-10,São Paulo,3550308,True,,1632,,,-23.542123,-46.559355,,,,1,2023-06-19T16:58:39+00:00
SAO_573T-10,São Paulo,3550308,True,,1632,,,-23.614199499999998,-46.5007885,,,,1,2023-06-19T16:58:11+00:00
SAO_573T-10,São Paulo,3550308,True,,1632,,,-23.538545499999998,-46.564205,,,,1,2023-06-19T16:58:12+00:00
SAO_573T-10,São Paulo,3550308,True,,1632,,,-23.605432999999998,-46.4887165,,,,1,2023-06-19T16:58:41+00:00
SAO_573T-10,São Paulo,3550308,True,,1632,,,-23.552298999999998,-46.529227,,,,1,2023-06-19T16:58:31+00:00
SAO_573T-10,São Paulo,3550308,True,,1632,,,-23.560007,-46.51988275,,,,1,2023-06-19T16:58:37+00:00
SAO_573T-10,São Paulo,3550308,True,,1632,,,-23.614199499999998,-46.5007885,,,,1,2023-06-19T16:58:53+00:00
SAO_573T-10,São Paulo,3550308,True,,1632,,,-23.58171175,-46.49799425,,,,1,2023-06-19T16:58:36+00:00
SAO_8073-10,São Paulo,3550308,True,,34849,,,-23.599168,-46.766690999999994,,,,2,2023-06-19T16:58:16+00:00
SAO_8073-10,São Paulo,3550308,True,,34849,,,-23.590947,-46.7362225,,,,2,2023-06-19T16:58:43+00:00
SAO_8073-10,São Paulo,3550308,True,,34849,,,-23.598914999999998,-46.7661705,,,,2,2023-06-19T16:58:33+00:00
SAO_8073-10,São Paulo,3550308,True,,34849,,,-23.599168,-46.766690999999994,,,,2,2023-06-19T16:58:39+00:00
SAO_374M-10,São Paulo,3550308,True,,1965,,,-23.514655124999997,-46.50667975,,,,1,2023-06-19T16:57:24+00:00
SAO_6071-10,São Paulo,3550308,True,,1156,,,-23.653890625,-46.71154075,,,,1,2023-06-19T16:58:54+00:00
SAO_6071-10,São Paulo,3550308,True,,1156,,,-23.70591025,-46.685706499999995,,,,1,2023-06-19T16:58:34+00:00
SAO_6071-10,São Paulo,3550308,True,,1156,,,-23.718808,-46.6797785,,,,1,2023-06-19T16:58:20+00:00
SAO_6071-10,São Paulo,3550308,True,,1156,,,-23.664078625000002,-46.692754875,,,,1,2023-06-19T16:58:50+00:00
SAO_2013-10,São Paulo,3550308,True,,33667,,,-23.454585,-46.659265000000005,,,,2,2023-06-19T16:58:39+00:00
SAO_2013-10,São Paulo,3550308,True,,33667,,,-23.454283,-46.658618,,,,2,2023-06-19T16:58:43+00:00
SAO_2013-10,São Paulo,3550308,True,,33667,,,-23.454283,-46.658618,,,,2,2023-06-19T16:58:12+00:00
SAO_2013-10,São Paulo,3550308,True,,33667,,,-23.469086,-46.644499499999995,,,,2,2023-06-19T16:58:54+00:00
SAO_2013-10,São Paulo,3550308,True,,33667,,,-23.470221,-46.653708,,,,2,2023-06-19T16:58:31+00:00
SAO_2013-10,São Paulo,3550308,True,,33667,,,-23.4713505,-46.670345499999996,,,,2,2023-06-19T16:58:37+00:00
SAO_2013-10,São Paulo,3550308,True,,33667,,,-23.454400999999997,-46.658887,,,,2,2023-06-19T16:58:51+00:00
SAO_2013-10,São Paulo,3550308,True,,33667,,,-23.454283,-46.658618,,,,2,2023-06-19T16:58:27+00:00
SAO_2013-10,São Paulo,3550308,True,,33667,,,-23.4631585,-46.652715,,,,2,2023-06-19T16:58:47+00:00
SAO_2013-10,São Paulo,3550308,True,,33667,,,-23.4552945,-46.659262,,,,2,2023-06-19T16:58:25+00:00
SAO_6291-10,São Paulo,3550308,True,,33126,,,-23.566357625000002,-46.658474749999996,,,,2,2023-06-19T16:58:53+00:00
SAO_6291-10,São Paulo,3550308,True,,33126,,,-23.6435375,-46.776610000000005,,,,2,2023-06-19T16:58:55+00:00
SAO_6291-10,São Paulo,3550308,True,,33126,,,-23.64391925,-46.776720749999996,,,,2,2023-06-19T16:58:31+00:00
SAO_6291-10,São Paulo,3550308,True,,33126,,,-23.633503500000003,-46.730321,,,,2,2023-06-19T16:58:48+00:00
SAO_6291-10,São Paulo,3550308,True,,33126,,,-23.648496,-46.759030499999994,,,,2,2023-06-19T16:58:40+00:00
SAO_6291-10,São Paulo,3550308,True,,33126,,,-23.6459325,-46.7703315,,,,2,2023-06-19T16:58:52+00:00
SAO_6291-10,São Paulo,3550308,True,,33126,,,-23.5966445,-46.7084805,,,,2,2023-06-19T16:58:14+00:00
SAO_6291-10,São Paulo,3550308,True,,33126,,,-23.6437025,-46.7766245,,,,2,2023-06-19T16:58:46+00:00
SAO_9188-10,São Paulo,3550308,True,,33577,,,-23.4467945,-46.7265955,,,,2,2023-06-19T16:58:30+00:00
SAO_9188-10,São Paulo,3550308,True,,33577,,,-23.4749325,-46.7247265,,,,2,2023-06-19T16:58:45+00:00
SAO_9188-10,São Paulo,3550308,True,,33577,,,-23.4541915,-46.729021,,,,2,2023-06-19T16:58:45+00:00
SAO_9188-10,São Paulo,3550308,True,,33577,,,-23.502872,-46.7062255,,,,2,2023-06-19T16:57:33+00:00
SAO_1765-10,São Paulo,3550308,True,,1782,,,-23.466963,-46.5690415,,,,1,2023-06-19T16:58:38+00:00
SAO_1765-10,São Paulo,3550308,True,,1782,,,-23.467666,-46.5745105,,,,1,2023-06-19T16:58:40+00:00
SAO_8025-10,São Paulo,3550308,True,,2076,,,-23.5900615,-46.770019500000004,,,,1,2023-06-19T16:58:25+00:00
SAO_8025-10,São Paulo,3550308,True,,2076,,,-23.585871375000004,-46.73753775,,,,1,2023-06-19T16:58:32+00:00
SAO_8025-10,São Paulo,3550308,True,,2076,,,-23.59203575,-46.735672,,,,1,2023-06-19T16:58:38+00:00
SAO_8100-10,São Paulo,3550308,True,,1262,,,-23.520326,-46.699492500000005,,,,1,2023-06-19T16:58:26+00:00
SAO_8100-10,São Paulo,3550308,True,,1262,,,-23.5198805,-46.702942,,,,1,2023-06-19T16:58:18+00:00
SAO_8100-10,São Paulo,3550308,True,,1262,,,-23.501896000000002,-46.722211,,,,1,2023-06-19T16:58:29+00:00
SAO_2059-10,São Paulo,3550308,True,,33028,,,-23.4910335,-46.441784,,,,2,2023-06-19T16:58:15+00:00
SAO_2059-10,São Paulo,3550308,True,,33028,,,-23.539114249999997,-46.41326024999999,,,,2,2023-06-19T16:58:39+00:00
SAO_2059-10,São Paulo,3550308,True,,33028,,,-23.505647625,-46.439587,,,,2,2023-06-19T16:58:39+00:00
SAO_2059-10,São Paulo,3550308,True,,33028,,,-23.4910635,-46.441517,,,,2,2023-06-19T16:58:33+00:00
SAO_2059-10,São Paulo,3550308,True,,33028,,,-23.518958249999997,-46.42062325,,,,2,2023-06-19T16:58:20+00:00
SAO_2059-10,São Paulo,3550308,True,,33028,,,-23.491016,-46.441969,,,,2,2023-06-19T16:58:16+00:00
SAO_2059-10,São Paulo,3550308,True,,33028,,,-23.491577,-46.4399495,,,,2,2023-06-19T16:58:26+00:00
SAO_2059-10,São Paulo,3550308,True,,33028,,,-23.4909965,-46.442163,,,,2,2023-06-19T16:58:14+00:00
SAO_5141-10,São Paulo,3550308,True,,34393,,,-23.548487,-46.60318225,,,,2,2023-06-19T16:58:31+00:00
SAO_5141-10,São Paulo,3550308,True,,34393,,,-23.5413385,-46.6345965,,,,2,2023-06-19T16:58:50+00:00
SAO_5141-10,São Paulo,3550308,True,,34393,,,-23.552186499999998,-46.58588875,,,,2,2023-06-19T16:55:23+00:00
SAO_5141-10,São Paulo,3550308,True,,34393,,,-23.614938000000002,-46.5020905,,,,2,2023-06-19T16:58:54+00:00
SAO_5141-10,São Paulo,3550308,True,,34393,,,-23.614488,-46.501662499999995,,,,2,2023-06-19T16:58:14+00:00
SAO_5141-10,São Paulo,3550308,True,,34393,,,-23.6139655,-46.5015435,,,,2,2023-06-19T16:58:17+00:00
SAO_6451-10,São Paulo,3550308,True,,32829,,,-23.654408500000002,-46.762060999999996,,,,2,2023-06-19T16:58:24+00:00
SAO_6451-10,São Paulo,3550308,True,,32829,,,-23.654714,-46.760605,,,,2,2023-06-19T16:58:44+00:00
SAO_6451-10,São Paulo,3550308,True,,32829,,,-23.647837000000003,-46.7480295,,,,2,2023-06-19T16:58:31+00:00
SAO_6451-10,São Paulo,3550308,True,,32829,,,-23.581296000000002,-46.6845395,,,,2,2023-06-19T16:58:45+00:00
SAO_6451-10,São Paulo,3550308,True,,32829,,,-23.654660999999997,-46.7609705,,,,2,2023-06-19T16:58:27+00:00
SAO_6451-10,São Paulo,3550308,True,,32829,,,-23.5991265,-46.697025999999994,,,,2,2023-06-19T16:58:12+00:00
SAO_6451-10,São Paulo,3550308,True,,32829,,,-23.654660999999997,-46.7609705,,,,2,2023-06-19T16:58:47+00:00
SAO_6451-10,São Paulo,3550308,True,,32829,,,-23.549545000000002,-46.639877,,,,2,2023-06-19T16:58:12+00:00
SAO_6451-10,São Paulo,3550308,True,,32829,,,-23.624500750000003,-46.711029749999994,,,,2,2023-06-19T16:58:31+00:00
SAO_6451-10,São Paulo,3550308,True,,32829,,,-23.63569975,-46.721984750000004,,,,2,2023-06-19T16:58:56+00:00
SAO_6451-10,São Paulo,3550308,True,,32829,,,-23.5706045,-46.6626015,,,,2,2023-06-19T16:58:16+00:00
SAO_6451-10,São Paulo,3550308,True,,32829,,,-23.651277,-46.757588999999996,,,,2,2023-06-19T16:58:36+00:00
SAO_6451-10,São Paulo,3550308,True,,32829,,,-23.550563500000003,-46.64427875,,,,2,2023-06-19T16:58:45+00:00
SAO_272N-10,São Paulo,3550308,True,,705,,,-23.535411125000003,-46.61852987500001,,,,1,2023-06-19T16:56:16+00:00
SAO_272N-10,São Paulo,3550308,True,,705,,,-23.513483375,-46.571120875,,,,1,2023-06-19T16:58:31+00:00
SAO_178A-10,São Paulo,3550308,True,,33326,,,-23.523167625,-46.653296375000004,,,,2,2023-06-19T16:58:12+00:00
SAO_178A-10,São Paulo,3550308,True,,33326,,,-23.502758,-46.623603,,,,2,2023-06-19T16:58:28+00:00
SAO_178A-10,São Paulo,3550308,True,,33326,,,-23.52407075,-46.687046499999994,,,,2,2023-06-19T16:58:38+00:00
SAO_178A-10,São Paulo,3550308,True,,33326,,,-23.518422,-46.7045445,,,,2,2023-06-19T16:58:51+00:00
SAO_178A-10,São Paulo,3550308,True,,33326,,,-23.518422,-46.7045445,,,,2,2023-06-19T16:58:53+00:00
SAO_8544-10,São Paulo,3550308,True,,33198,,,-23.4830445,-46.71723,,,,2,2023-06-19T16:58:09+00:00
SAO_8544-10,São Paulo,3550308,True,,33198,,,-23.434202499999998,-46.751169000000004,,,,2,2023-06-19T16:58:46+00:00
SAO_8544-10,São Paulo,3550308,True,,33198,,,-23.542485499999998,-46.635850500000004,,,,2,2023-06-19T16:58:51+00:00
SAO_3778-10,São Paulo,3550308,True,,1062,,,-23.57574925,-46.49660675,,,,1,2023-06-19T16:58:10+00:00
SAO_3778-10,São Paulo,3550308,True,,1062,,,-23.569933499999998,-46.489086,,,,1,2023-06-19T16:58:09+00:00
SAO_3778-10,São Paulo,3550308,True,,1062,,,-23.541490999999997,-46.55610587499999,,,,1,2023-06-19T16:56:49+00:00
SAO_3778-10,São Paulo,3550308,True,,1062,,,-23.553221999999998,-46.528059,,,,1,2023-06-19T16:58:12+00:00
SAO_3778-10,São Paulo,3550308,True,,1062,,,-23.569554,-46.486423,,,,1,2023-06-19T16:58:51+00:00
SAO_3778-10,São Paulo,3550308,True,,1062,,,-23.561977875,-46.5172335,,,,1,2023-06-19T16:58:31+00:00
SAO_3778-10,São Paulo,3550308,True,,1062,,,-23.538515,-46.56404,,,,1,2023-06-19T16:58:12+00:00
SAO_3778-10,São Paulo,3550308,True,,1062,,,-23.569874,-46.488647,,,,1,2023-06-19T16:58:17+00:00
SAO_1019-10,São Paulo,3550308,True,,35263,,,-23.4379315,-46.779346000000004,,,,2,2023-06-19T16:58:21+00:00
SAO_1019-10,São Paulo,3550308,True,,35263,,,-23.4867275,-46.7373635,,,,2,2023-06-19T16:58:43+00:00
SAO_1019-10,São Paulo,3550308,True,,35263,,,-23.43733225,-46.77884325,,,,2,2023-06-19T16:58:17+00:00
SAO_7011-10,São Paulo,3550308,True,,34720,,,-23.707812,-46.7918005,,,,2,2023-06-19T16:58:53+00:00
SAO_7011-10,São Paulo,3550308,True,,34720,,,-23.7075705,-46.7917315,,,,2,2023-06-19T16:58:26+00:00
SAO_7011-10,São Paulo,3550308,True,,34720,,,-23.69138175,-46.77535775,,,,2,2023-06-19T16:58:48+00:00
SAO_3746-10,São Paulo,3550308,True,,33051,,,-23.57755175,-46.54218325000001,,,,2,2023-06-19T16:58:27+00:00
SAO_3746-10,São Paulo,3550308,True,,33051,,,-23.594203999999998,-46.502838,,,,2,2023-06-19T16:58:28+00:00
SAO_3746-10,São Paulo,3550308,True,,33051,,,-23.595152499999998,-46.503015500000004,,,,2,2023-06-19T16:58:37+00:00
SAO_3746-10,São Paulo,3550308,True,,33051,,,-23.5946305,-46.503217500000005,,,,2,2023-06-19T16:58:42+00:00
SAO_3746-10,São Paulo,3550308,True,,33051,,,-23.594203999999998,-46.502838,,,,2,2023-06-19T16:58:54+00:00
SAO_3746-10,São Paulo,3550308,True,,33051,,,-23.560023,-46.566704,,,,2,2023-06-19T16:56:19+00:00
SAO_3746-10,São Paulo,3550308,True,,33051,,,-23.594203999999998,-46.502838,,,,2,2023-06-19T16:58:28+00:00
SAO_3746-10,São Paulo,3550308,True,,33051,,,-23.5448785,-46.59236575,,,,2,2023-06-19T16:58:21+00:00
SAO_3746-10,São Paulo,3550308,True,,33051,,,-23.542912,-46.588283000000004,,,,2,2023-06-19T16:58:15+00:00
SAO_3746-10,São Paulo,3550308,True,,33051,,,-23.5946305,-46.503217500000005,,,,2,2023-06-19T16:58:19+00:00
SAO_3746-10,São Paulo,3550308,True,,33051,,,-23.542912,-46.588283000000004,,,,2,2023-06-19T16:58:50+00:00
SAO_3746-10,São Paulo,3550308,True,,33051,,,-23.594828,-46.503370000000004,,,,2,2023-06-19T16:58:21+00:00
SAO_917H-10,São Paulo,3550308,True,,33224,,,-23.547102000000002,-46.689769999999996,,,,2,2023-06-19T16:58:42+00:00
SAO_917H-10,São Paulo,3550308,True,,33224,,,-23.55631475,-46.66207025,,,,2,2023-06-19T16:58:27+00:00
SAO_917H-10,São Paulo,3550308,True,,33224,,,-23.488575,-46.7287365,,,,2,2023-06-19T16:58:46+00:00
SAO_917H-10,São Paulo,3550308,True,,33224,,,-23.587062500000002,-46.634714,,,,2,2023-06-19T16:58:41+00:00
SAO_917H-10,São Paulo,3550308,True,,33224,,,-23.539709000000002,-46.7054625,,,,2,2023-06-19T16:58:53+00:00
SAO_917H-10,São Paulo,3550308,True,,33224,,,-23.539282,-46.7187245,,,,2,2023-06-19T16:58:38+00:00
SAO_917H-10,São Paulo,3550308,True,,33224,,,-23.492973499999998,-46.749127,,,,2,2023-06-19T16:58:12+00:00
SAO_917H-10,São Paulo,3550308,True,,33224,,,-23.5015565,-46.7465335,,,,2,2023-06-19T16:58:41+00:00
SAO_917H-10,São Paulo,3550308,True,,33224,,,-23.530733,-46.7311055,,,,2,2023-06-19T16:58:13+00:00
SAO_917H-10,São Paulo,3550308,True,,33224,,,-23.5738675,-46.642193375000005,,,,2,2023-06-19T16:58:29+00:00
SAO_917H-10,São Paulo,3550308,True,,33224,,,-23.56074075,-46.657163999999995,,,,2,2023-06-19T16:58:33+00:00
SAO_917H-10,São Paulo,3550308,True,,33224,,,-23.540385,-46.70330975,,,,2,2023-06-19T16:58:15+00:00
SAO_695V-10,São Paulo,3550308,True,,32776,,,-23.6448505,-46.7457245,,,,2,2023-06-19T16:58:33+00:00
SAO_695V-10,São Paulo,3550308,True,,32776,,,-23.608873875,-46.667271375,,,,2,2023-06-19T16:58:22+00:00
SAO_695V-10,São Paulo,3550308,True,,32776,,,-23.616437375,-46.674375375,,,,2,2023-06-19T16:58:52+00:00
SAO_5142-10,São Paulo,3550308,True,,34394,,,-23.578582,-46.60805425,,,,2,2023-06-19T16:58:37+00:00
SAO_5142-10,São Paulo,3550308,True,,34394,,,-23.582854124999997,-46.590602000000004,,,,2,2023-06-19T16:58:44+00:00
SAO_5142-10,São Paulo,3550308,True,,34394,,,-23.619158,-46.510799250000005,,,,2,2023-06-19T16:58:38+00:00
SAO_5142-10,São Paulo,3550308,True,,34394,,,-23.54657,-46.6301735,,,,2,2023-06-19T16:58:23+00:00
SAO_5142-10,São Paulo,3550308,True,,34394,,,-23.6018635,-46.530782,,,,2,2023-06-19T16:57:54+00:00
SAO_5142-10,São Paulo,3550308,True,,34394,,,-23.6148035,-46.5002005,,,,2,2023-06-19T16:58:33+00:00
SAO_5142-10,São Paulo,3550308,True,,34394,,,-23.583011499999998,-46.571967,,,,2,2023-06-19T16:58:20+00:00
SAO_8016-10,São Paulo,3550308,True,,1346,,,-23.4441175,-46.735325,,,,1,2023-06-19T16:58:52+00:00
SAO_8016-10,São Paulo,3550308,True,,1346,,,-23.4441175,-46.735325,,,,1,2023-06-19T16:58:51+00:00
SAO_8016-10,São Paulo,3550308,True,,1346,,,-23.470358500000003,-46.724658000000005,,,,1,2023-06-19T16:58:51+00:00
SAO_8016-10,São Paulo,3550308,True,,1346,,,-23.4347065,-46.7185945,,,,1,2023-06-19T16:58:15+00:00
SAO_8016-10,São Paulo,3550308,True,,1346,,,-23.4441175,-46.735325,,,,1,2023-06-19T16:58:55+00:00
SAO_6818-10,São Paulo,3550308,True,BR7 Mobilidade,28,https://moovitapp.com/index/pt-br/transporte_p%C3%BAblico-line-28-Sao_Paulo-242-851856-596008-0,5.75,-23.653596750000002,-46.76351725,,,,1,2023-06-19T16:58:35+00:00
SAO_6818-10,São Paulo,3550308,True,BR7 Mobilidade,28,https://moovitapp.com/index/pt-br/transporte_p%C3%BAblico-line-28-Sao_Paulo-242-851856-596008-0,5.75,-23.655842999999997,-46.7727765,,,,1,2023-06-19T16:58:26+00:00
SAO_6818-10,São Paulo,3550308,True,BR7 Mobilidade,28,https://moovitapp.com/index/pt-br/transporte_p%C3%BAblico-line-28-Sao_Paulo-242-851856-596008-0,5.75,-23.655842999999997,-46.7727765,,,,1,2023-06-19T16:58:26+00:00
SAO_6030-10,São Paulo,3550308,True,,1142,,,-23.730078499999998,-46.709237,,,,1,2023-06-19T16:58:45+00:00
SAO_6030-10,São Paulo,3550308,True,,1142,,,-23.741073,-46.707885000000005,,,,1,2023-06-19T16:58:35+00:00
SAO_6030-10,São Paulo,3550308,True,,1142,,,-23.741073,-46.707885000000005,,,,1,2023-06-19T16:58:21+00:00
SAO_6030-10,São Paulo,3550308,True,,1142,,,-23.741073,-46.707885000000005,,,,1,2023-06-19T16:58:47+00:00
SAO_6030-10,São Paulo,3550308,True,,1142,,,-23.6635655,-46.706256,,,,1,2023-06-19T16:58:30+00:00
SAO_6030-10,São Paulo,3550308,True,,1142,,,-23.741073,-46.707885000000005,,,,1,2023-06-19T16:58:47+00:00
SAO_6030-10,São Paulo,3550308,True,,1142,,,-23.741073,-46.707885000000005,,,,1,2023-06-19T16:58:25+00:00
SAO_6030-10,São Paulo,3550308,True,,1142,,,-23.741073,-46.707885000000005,,,,1,2023-06-19T16:58:21+00:00
SAO_6030-10,São Paulo,3550308,True,,1142,,,-23.741073,-46.707885000000005,,,,1,2023-06-19T16:58:47+00:00
SAO_6030-10,São Paulo,3550308,True,,1142,,,-23.718687125000002,-46.699647375,,,,1,2023-06-19T16:58:23+00:00
SAO_6030-10,São Paulo,3550308,True,,1142,,,-23.713739750000002,-46.69859025,,,,1,2023-06-19T16:58:51+00:00
SAO_8010-10,São Paulo,3550308,True,,33566,,,-23.423188500000002,-46.72464775,,,,2,2023-06-19T16:58:40+00:00
SAO_8010-10,São Paulo,3550308,True,,33566,,,-23.4188695,-46.748881499999996,,,,2,2023-06-19T16:58:16+00:00
SAO_8010-10,São Paulo,3550308,True,,33566,,,-23.404628000000002,-46.737785,,,,2,2023-06-19T16:58:48+00:00
SAO_8010-10,São Paulo,3550308,True,,33566,,,-23.510132499999997,-46.7079825,,,,2,2023-06-19T16:58:20+00:00
SAO_8010-10,São Paulo,3550308,True,,33566,,,-23.409733000000003,-46.750277,,,,2,2023-06-19T16:58:40+00:00
SAO_8010-10,São Paulo,3550308,True,,33566,,,-23.419337,-46.749284,,,,2,2023-06-19T16:58:20+00:00
SAO_8010-10,São Paulo,3550308,True,,33566,,,-23.418584250000002,-46.748644,,,,2,2023-06-19T16:58:17+00:00
SAO_8010-10,São Paulo,3550308,True,,33566,,,-23.419767,-46.7495725,,,,2,2023-06-19T16:58:29+00:00
SAO_8010-10,São Paulo,3550308,True,,33566,,,-23.4916915,-46.7152825,,,,2,2023-06-19T16:58:15+00:00
SAO_8010-10,São Paulo,3550308,True,,33566,,,-23.419567999999998,-46.749461499999995,,,,2,2023-06-19T16:58:17+00:00
SAO_8010-10,São Paulo,3550308,True,,33566,,,-23.4602215,-46.7214125,,,,2,2023-06-19T16:58:38+00:00
SAO_8010-10,São Paulo,3550308,True,,33566,,,-23.4883455,-46.720295500000006,,,,2,2023-06-19T16:58:40+00:00
SAO_8010-10,São Paulo,3550308,True,,33566,,,-23.419567999999998,-46.749461499999995,,,,2,2023-06-19T16:58:21+00:00
SAO_4055-10,São Paulo,3550308,True,,35215,,,-23.549544500000003,-46.4203615,,,,2,2023-06-19T16:58:17+00:00
SAO_546T-10,São Paulo,3550308,True,,272,,,-23.673755,-46.6862615,,,,1,2023-06-19T16:58:16+00:00
SAO_546T-10,São Paulo,3550308,True,,272,,,-23.7036385,-46.627480000000006,,,,1,2023-06-19T16:58:18+00:00
SAO_546T-10,São Paulo,3550308,True,,272,,,-23.696430499999998,-46.668815499999994,,,,1,2023-06-19T16:58:46+00:00
SAO_546T-10,São Paulo,3550308,True,,272,,,-23.65552175,-46.7066925,,,,1,2023-06-19T16:58:47+00:00
SAO_546T-10,São Paulo,3550308,True,,272,,,-23.654031,-46.708998,,,,1,2023-06-19T16:58:47+00:00
SAO_546T-10,São Paulo,3550308,True,,272,,,-23.7011465,-46.6395155,,,,1,2023-06-19T16:58:47+00:00
SAO_847P-10,São Paulo,3550308,True,,423,,,-23.4861505,-46.7258785,,,,1,2023-06-19T16:58:33+00:00
SAO_847P-10,São Paulo,3550308,True,,423,,,-23.489663999999998,-46.710964000000004,,,,1,2023-06-19T16:58:16+00:00
SAO_847P-10,São Paulo,3550308,True,,423,,,-23.4863135,-46.725455,,,,1,2023-06-19T16:58:41+00:00
SAO_847P-10,São Paulo,3550308,True,,423,,,-23.486086,-46.7251615,,,,1,2023-06-19T16:58:42+00:00
SAO_847P-10,São Paulo,3550308,True,,423,,,-23.559183249999997,-46.689283625,,,,1,2023-06-19T16:58:49+00:00
SAO_847P-10,São Paulo,3550308,True,,423,,,-23.532242500000002,-46.7062735,,,,1,2023-06-19T16:58:30+00:00
SAO_847P-10,São Paulo,3550308,True,,423,,,-23.57142125,-46.690687249999996,,,,1,2023-06-19T16:58:23+00:00
SAO_847P-10,São Paulo,3550308,True,,423,,,-23.5168675,-46.6987555,,,,1,2023-06-19T16:58:48+00:00
SAO_847P-10,São Paulo,3550308,True,,423,,,-23.59616325,-46.691351,,,,1,2023-06-19T16:58:29+00:00
SAO_847P-10,São Paulo,3550308,True,,423,,,-23.486438,-46.726151,,,,1,2023-06-19T16:58:24+00:00
SAO_847P-10,São Paulo,3550308,True,,423,,,-23.595893,-46.690808,,,,1,2023-06-19T16:58:22+00:00
SAO_847P-10,São Paulo,3550308,True,,423,,,-23.485906,-46.724909,,,,1,2023-06-19T16:58:53+00:00
SAO_3785-10,São Paulo,3550308,True,,33831,,,-23.596272999999997,-46.435561500000006,,,,2,2023-06-19T16:58:47+00:00
SAO_3785-10,São Paulo,3550308,True,,33831,,,-23.591442999999998,-46.394348,,,,2,2023-06-19T16:58:55+00:00
SAO_3785-10,São Paulo,3550308,True,,33831,,,-23.567684999999997,-46.446942,,,,2,2023-06-19T16:58:19+00:00
SAO_3785-10,São Paulo,3550308,True,,33831,,,-23.545591,-46.4690755,,,,2,2023-06-19T16:58:32+00:00
SAO_3785-10,São Paulo,3550308,True,,33831,,,-23.562766250000003,-46.4462375,,,,2,2023-06-19T16:58:26+00:00
SAO_2583-10,São Paulo,3550308,True,EMTU,375,https://moovitapp.com/index/pt-br/transporte_p%C3%BAblico-line-375-Sao_Paulo-242-2038937-36419449-0,11.7,-23.4945855,-46.443143,,,,1,2023-06-19T16:58:45+00:00
SAO_2583-10,São Paulo,3550308,True,EMTU,375,https://moovitapp.com/index/pt-br/transporte_p%C3%BAblico-line-375-Sao_Paulo-242-2038937-36419449-0,11.7,-23.5142675,-46.519064,,,,1,2023-06-19T16:58:31+00:00
SAO_971X-10,São Paulo,3550308,True,,34463,,,-23.4752765,-46.6688805,,,,2,2023-06-19T16:58:21+00:00
SAO_971X-10,São Paulo,3550308,True,,34463,,,-23.475101000000002,-46.670268,,,,2,2023-06-19T16:58:31+00:00
SAO_971X-10,São Paulo,3550308,True,,34463,,,-23.4752765,-46.6688805,,,,2,2023-06-19T16:58:31+00:00
SAO_971X-10,São Paulo,3550308,True,,34463,,,-23.489777,-46.650898,,,,2,2023-06-19T16:58:28+00:00
SAO_971X-10,São Paulo,3550308,True,,34463,,,-23.4752765,-46.6688805,,,,2,2023-06-19T16:58:13+00:00
SAO_971X-10,São Paulo,3550308,True,,34463,,,-23.47494,-46.67014399999999,,,,2,2023-06-19T16:58:25+00:00
SAO_971X-10,São Paulo,3550308,True,,34463,,,-23.475228,-46.670387000000005,,,,2,2023-06-19T16:58:39+00:00
SAO_971X-10,São Paulo,3550308,True,,34463,,,-23.4752765,-46.6688805,,,,2,2023-06-19T16:58:33+00:00
SAO_971X-10,São Paulo,3550308,True,,34463,,,-23.475517375,-46.66922425,,,,2,2023-06-19T16:58:50+00:00
SAO_971X-10,São Paulo,3550308,True,,34463,,,-23.475517375,-46.66922425,,,,2,2023-06-19T16:58:37+00:00
SAO_971X-10,São Paulo,3550308,True,,34463,,,-23.49815375,-46.6394585,,,,2,2023-06-19T16:55:06+00:00
SAO_971X-10,São Paulo,3550308,True,,34463,,,-23.4750395,-46.6685415,,,,2,2023-06-19T16:58:53+00:00
SAO_3046-10,São Paulo,3550308,True,,33739,,,-23.579857500000003,-46.525404,,,,2,2023-06-19T16:58:23+00:00
SAO_3046-10,São Paulo,3550308,True,,33739,,,-23.579447000000002,-46.525166999999996,,,,2,2023-06-19T16:58:29+00:00
SAO_3046-10,São Paulo,3550308,True,,33739,,,-23.5699355,-46.56860875,,,,2,2023-06-19T16:58:31+00:00
SAO_3046-10,São Paulo,3550308,True,,33739,,,-23.579351,-46.5251155,,,,2,2023-06-19T16:58:43+00:00
SAO_3046-10,São Paulo,3550308,True,,33739,,,-23.585112125000002,-46.53692100000001,,,,2,2023-06-19T16:58:27+00:00
SAO_3046-10,São Paulo,3550308,True,,33739,,,-23.54389725,-46.57610475,,,,2,2023-06-19T16:58:55+00:00
SAO_3046-10,São Paulo,3550308,True,,33739,,,-23.575732625,-46.55195675,,,,2,2023-06-19T16:58:33+00:00
SAO_3046-10,São Paulo,3550308,True,,33739,,,-23.579447000000002,-46.525166999999996,,,,2,2023-06-19T16:58:16+00:00
SAO_675K-10,São Paulo,3550308,True,,32966,,,-23.599375000000002,-46.6376455,,,,2,2023-06-19T16:58:39+00:00
SAO_675K-10,São Paulo,3550308,True,,32966,,,-23.690517,-46.7737425,,,,2,2023-06-19T16:58:38+00:00
SAO_675K-10,São Paulo,3550308,True,,32966,,,-23.6293215,-46.686449999999994,,,,2,2023-06-19T16:58:25+00:00
SAO_675K-10,São Paulo,3550308,True,,32966,,,-23.5978475,-46.64945349999999,,,,2,2023-06-19T16:58:12+00:00
SAO_675K-10,São Paulo,3550308,True,,32966,,,-23.612731000000004,-46.67087775,,,,2,2023-06-19T16:58:41+00:00
SAO_675K-10,São Paulo,3550308,True,,32966,,,-23.60336625,-46.6620935,,,,2,2023-06-19T16:58:36+00:00
SAO_675K-10,São Paulo,3550308,True,,32966,,,-23.609473125,-46.667825625,,,,2,2023-06-19T16:58:44+00:00
SAO_675K-10,São Paulo,3550308,True,,32966,,,-23.675596499999997,-46.7491525,,,,2,2023-06-19T16:58:32+00:00
SAO_675K-10,São Paulo,3550308,True,,32966,,,-23.6904285,-46.774029,,,,2,2023-06-19T16:58:29+00:00
SAO_675K-10,São Paulo,3550308,True,,32966,,,-23.675371,-46.75579225,,,,2,2023-06-19T16:58:26+00:00
SAO_675K-10,São Paulo,3550308,True,,32966,,,-23.675822500000002,-46.752639,,,,2,2023-06-19T16:58:47+00:00
SAO_675K-10,São Paulo,3550308,True,,32966,,,-23.653125,-46.70848074999999,,,,2,2023-06-19T16:58:50+00:00
SAO_675K-10,São Paulo,3550308,True,,32966,,,-23.689302875,-46.773427749999996,,,,2,2023-06-19T16:58:14+00:00
SAO_675K-10,São Paulo,3550308,True,,32966,,,-23.690517,-46.7737425,,,,2,2023-06-19T16:58:34+00:00
SAO_574J-10,São Paulo,3550308,True,,34453,,,-23.58247,-46.5996035,,,,2,2023-06-19T16:58:52+00:00
SAO_574J-10,São Paulo,3550308,True,,34453,,,-23.572944,-46.5328475,,,,2,2023-06-19T16:58:30+00:00
SAO_574J-10,São Paulo,3550308,True,,34453,,,-23.636083499999998,-46.641462,,,,2,2023-06-19T16:58:38+00:00
SAO_574J-10,São Paulo,3550308,True,,34453,,,-23.6222105,-46.6270905,,,,2,2023-06-19T16:58:46+00:00
SAO_574J-10,São Paulo,3550308,True,,34453,,,-23.636083499999998,-46.641462,,,,2,2023-06-19T16:58:44+00:00
SAO_574J-10,São Paulo,3550308,True,,34453,,,-23.590390624999998,-46.60140475,,,,2,2023-06-19T16:58:45+00:00
SAO_574J-10,São Paulo,3550308,True,,34453,,,-23.5760665,-46.5724695,,,,2,2023-06-19T16:58:42+00:00
SAO_574J-10,São Paulo,3550308,True,,34453,,,-23.630334,-46.641518000000005,,,,2,2023-06-19T16:58:46+00:00
SAO_574J-10,São Paulo,3550308,True,,34453,,,-23.58077325,-46.583695750000004,,,,2,2023-06-19T16:58:12+00:00
SAO_574J-10,São Paulo,3550308,True,,34453,,,-23.636083499999998,-46.641462,,,,2,2023-06-19T16:58:52+00:00
SAO_574J-10,São Paulo,3550308,True,,34453,,,-23.6260205,-46.61805175,,,,2,2023-06-19T16:58:55+00:00
SAO_574J-10,São Paulo,3550308,True,,34453,,,-23.636083499999998,-46.641462,,,,2,2023-06-19T16:58:13+00:00
SAO_574J-10,São Paulo,3550308,True,,34453,,,-23.564802999999998,-46.559038,,,,2,2023-06-19T16:58:21+00:00
SAO_574J-10,São Paulo,3550308,True,,34453,,,-23.62225,-46.627363,,,,2,2023-06-19T16:58:22+00:00
SAO_7245-10,São Paulo,3550308,True,EMTU,363,https://moovitapp.com/index/pt-br/transporte_p%C3%BAblico-line-363-Sao_Paulo-242-2038937-36419444-0,5.1,-23.57759275,-46.686578499999996,,,,1,2023-06-19T16:58:41+00:00
SAO_7245-10,São Paulo,3550308,True,EMTU,363,https://moovitapp.com/index/pt-br/transporte_p%C3%BAblico-line-363-Sao_Paulo-242-2038937-36419444-0,5.1,-23.619498,-46.697923,,,,1,2023-06-19T16:58:29+00:00
SAO_7245-10,São Paulo,3550308,True,EMTU,363,https://moovitapp.com/index/pt-br/transporte_p%C3%BAblico-line-363-Sao_Paulo-242-2038937-36419444-0,5.1,-23.654266,-46.711191,,,,1,2023-06-19T16:58:34+00:00
SAO_7245-10,São Paulo,3550308,True,EMTU,363,https://moovitapp.com/index/pt-br/transporte_p%C3%BAblico-line-363-Sao_Paulo-242-2038937-36419444-0,5.1,-23.654266,-46.711191,,,,1,2023-06-19T16:58:13+00:00
SAO_7245-10,São Paulo,3550308,True,EMTU,363,https://moovitapp.com/index/pt-br/transporte_p%C3%BAblico-line-363-Sao_Paulo-242-2038937-36419444-0,5.1,-23.5567325,-46.662222,,,,1,2023-06-19T16:58:43+00:00
SAO_7245-10,São Paulo,3550308,True,EMTU,363,https://moovitapp.com/index/pt-br/transporte_p%C3%BAblico-line-363-Sao_Paulo-242-2038937-36419444-0,5.1,-23.5507215,-46.659347499999996,,,,1,2023-06-19T16:58:45+00:00
SAO_7245-10,São Paulo,3550308,True,EMTU,363,https://moovitapp.com/index/pt-br/transporte_p%C3%BAblico-line-363-Sao_Paulo-242-2038937-36419444-0,5.1,-23.646283250000003,-46.70794225,,,,1,2023-06-19T16:58:49+00:00
SAO_809T-10,São Paulo,3550308,True,,2246,,,-23.52335375,-46.69772725,,,,1,2023-06-19T16:58:35+00:00
SAO_809T-10,São Paulo,3550308,True,,2246,,,-23.557562,-46.745718499999995,,,,1,2023-06-19T16:58:15+00:00
SAO_809T-10,São Paulo,3550308,True,,2246,,,-23.5854415,-46.805544499999996,,,,1,2023-06-19T16:58:53+00:00
SAO_809T-10,São Paulo,3550308,True,,2246,,,-23.550664437500004,-46.739648312499995,,,,1,2023-06-19T16:58:53+00:00
SAO_129F-10,São Paulo,3550308,True,,2304,,,-23.516236999999997,-46.698377,,,,1,2023-06-19T16:58:24+00:00
SAO_129F-10,São Paulo,3550308,True,,2304,,,-23.525008999999997,-46.687031,,,,1,2023-06-19T16:58:27+00:00
SAO_129F-10,São Paulo,3550308,True,,2304,,,-23.493779375000003,-46.7009505,,,,1,2023-06-19T16:58:28+00:00
SAO_129F-10,São Paulo,3550308,True,,2304,,,-23.525448,-46.682723375,,,,1,2023-06-19T16:58:27+00:00
SAO_5013-10,São Paulo,3550308,True,,1117,,,-23.682060999999997,-46.633000499999994,,,,1,2023-06-19T16:54:01+00:00
SAO_5013-10,São Paulo,3550308,True,,1117,,,-23.662884500000004,-46.692153749999996,,,,1,2023-06-19T16:58:30+00:00
SAO_5013-10,São Paulo,3550308,True,,1117,,,-23.67673875,-46.68030275,,,,1,2023-06-19T16:58:48+00:00
SAO_5013-10,São Paulo,3550308,True,,1117,,,-23.662671500000002,-46.69238525,,,,1,2023-06-19T16:58:44+00:00
SAO_5013-10,São Paulo,3550308,True,,1117,,,-23.682023,-46.6429045,,,,1,2023-06-19T16:54:44+00:00
SAO_5013-10,São Paulo,3550308,True,,1117,,,-23.6541125,-46.705014000000006,,,,1,2023-06-19T16:58:37+00:00
SAO_5013-10,São Paulo,3550308,True,,1117,,,-23.6880725,-46.6338315,,,,1,2023-06-19T16:58:23+00:00
SAO_5013-10,São Paulo,3550308,True,,1117,,,-23.682060999999997,-46.633000499999994,,,,1,2023-06-19T16:58:17+00:00
SAO_5013-10,São Paulo,3550308,True,,1117,,,-23.682648625,-46.643907375000005,,,,1,2023-06-19T16:54:10+00:00
SAO_5013-10,São Paulo,3550308,True,,1117,,,-23.669275,-46.671555,,,,1,2023-06-19T16:58:47+00:00
SAO_637G-10,São Paulo,3550308,True,,32869,,,-23.603011875,-46.674597750000004,,,,2,2023-06-19T16:58:44+00:00
SAO_637G-10,São Paulo,3550308,True,,32869,,,-23.5724685,-46.690042500000004,,,,2,2023-06-19T16:58:47+00:00
SAO_637G-10,São Paulo,3550308,True,,32869,,,-23.7401655,-46.691473,,,,2,2023-06-19T16:58:15+00:00
SAO_637G-10,São Paulo,3550308,True,,32869,,,-23.745667,-46.689012000000005,,,,2,2023-06-19T16:58:17+00:00
SAO_637G-10,São Paulo,3550308,True,,32869,,,-23.706274999999998,-46.70078,,,,2,2023-06-19T16:58:26+00:00
SAO_637G-10,São Paulo,3550308,True,,32869,,,-23.565784999999998,-46.6937995,,,,2,2023-06-19T16:58:48+00:00
SAO_5110-10,São Paulo,3550308,True,,34977,,,-23.612947,-46.476177500000006,,,,2,2023-06-19T16:58:38+00:00
SAO_5110-10,São Paulo,3550308,True,,34977,,,-23.6145285,-46.499573999999996,,,,2,2023-06-19T16:58:21+00:00
SAO_5110-10,São Paulo,3550308,True,,34977,,,-23.58297475,-46.5681515,,,,2,2023-06-19T16:58:28+00:00
SAO_5110-10,São Paulo,3550308,True,,34977,,,-23.6141145,-46.476496999999995,,,,2,2023-06-19T16:58:40+00:00
SAO_5110-10,São Paulo,3550308,True,,34977,,,-23.596371374999997,-46.53689475,,,,2,2023-06-19T16:58:14+00:00
SAO_5110-10,São Paulo,3550308,True,,34977,,,-23.6023545,-46.522670500000004,,,,2,2023-06-19T16:58:34+00:00
SAO_5110-10,São Paulo,3550308,True,,34977,,,-23.6141145,-46.476496999999995,,,,2,2023-06-19T16:58:21+00:00
SAO_5110-10,São Paulo,3550308,True,,34977,,,-23.6141145,-46.476496999999995,,,,2,2023-06-19T16:58:24+00:00
SAO_5110-10,São Paulo,3550308,True,,34977,,,-23.5843055,-46.5848285,,,,2,2023-06-19T16:58:46+00:00
SAO_5110-10,São Paulo,3550308,True,,34977,,,-23.6141145,-46.476496999999995,,,,2,2023-06-19T16:58:47+00:00
SAO_5110-10,São Paulo,3550308,True,,34977,,,-23.559573,-46.6140015,,,,2,2023-06-19T16:58:39+00:00
SAO_5110-10,São Paulo,3550308,True,,34977,,,-23.6141145,-46.476496999999995,,,,2,2023-06-19T16:58:14+00:00
SAO_5110-10,São Paulo,3550308,True,,34977,,,-23.614938000000002,-46.5020905,,,,2,2023-06-19T16:58:27+00:00
SAO_4025-10,São Paulo,3550308,True,,1095,,,-23.605649375,-46.558588375,,,,1,2023-06-19T16:58:26+00:00
SAO_4025-10,São Paulo,3550308,True,,1095,,,-23.58636575,-46.580106,,,,1,2023-06-19T16:58:20+00:00
SAO_4025-10,São Paulo,3550308,True,,1095,,,-23.593952375,-46.554312125,,,,1,2023-06-19T16:58:36+00:00
SAO_4025-10,São Paulo,3550308,True,,1095,,,-23.541552,-46.574095,,,,1,2023-06-19T16:58:24+00:00
SAO_4025-10,São Paulo,3550308,True,,1095,,,-23.60848,-46.554349,,,,1,2023-06-19T16:58:45+00:00
SAO_4025-10,São Paulo,3550308,True,,1095,,,-23.60848,-46.554349,,,,1,2023-06-19T16:58:29+00:00
SAO_4025-10,São Paulo,3550308,True,,1095,,,-23.578747749999998,-46.579165625,,,,1,2023-06-19T16:58:18+00:00
SAO_4025-10,São Paulo,3550308,True,,1095,,,-23.560885,-46.57624,,,,1,2023-06-19T16:58:39+00:00
SAO_4734-10,São Paulo,3550308,True,,1109,,,-23.62527025,-46.620020749999995,,,,1,2023-06-19T16:58:27+00:00
SAO_4734-10,São Paulo,3550308,True,,1109,,,-23.618497249999997,-46.6383035,,,,1,2023-06-19T16:58:34+00:00
SAO_4734-10,São Paulo,3550308,True,,1109,,,-23.6414715,-46.610838,,,,1,2023-06-19T16:58:13+00:00
SAO_4734-10,São Paulo,3550308,True,,1109,,,-23.6414715,-46.610838,,,,1,2023-06-19T16:58:36+00:00
SAO_4734-10,São Paulo,3550308,True,,1109,,,-23.641257,-46.607996,,,,1,2023-06-19T16:58:39+00:00
SAO_4734-10,São Paulo,3550308,True,,1109,,,-23.647022999999997,-46.613755499999996,,,,1,2023-06-19T16:58:22+00:00
SAO_4734-10,São Paulo,3550308,True,,1109,,,-23.6414715,-46.610838,,,,1,2023-06-19T16:58:29+00:00
SAO_4734-10,São Paulo,3550308,True,,1109,,,-23.6411645,-46.610744,,,,1,2023-06-19T16:58:47+00:00
SAO_4734-10,São Paulo,3550308,True,,1109,,,-23.6414715,-46.610838,,,,1,2023-06-19T16:58:19+00:00
SAO_4734-10,São Paulo,3550308,True,,1109,,,-23.6184455,-46.638504499999996,,,,1,2023-06-19T16:58:37+00:00
SAO_4734-10,São Paulo,3550308,True,,1109,,,-23.638016999999998,-46.6135095,,,,1,2023-06-19T16:58:16+00:00
SAO_4734-10,São Paulo,3550308,True,,1109,,,-23.6414715,-46.610838,,,,1,2023-06-19T16:58:36+00:00
SAO_4734-10,São Paulo,3550308,True,,1109,,,-23.6414715,-46.610838,,,,1,2023-06-19T16:53:21+00:00
SAO_8018-10,São Paulo,3550308,True,,2070,,,-23.592153250000003,-46.729782,,,,1,2023-06-19T16:58:24+00:00
SAO_6475-10,São Paulo,3550308,True,,34085,,,-23.581545750000004,-46.684775125,,,,2,2023-06-19T16:58:33+00:00
SAO_6475-10,São Paulo,3550308,True,,34085,,,-23.646319499999997,-46.7563775,,,,2,2023-06-19T16:58:25+00:00
SAO_6475-10,São Paulo,3550308,True,,34085,,,-23.671030000000002,-46.758897,,,,2,2023-06-19T16:58:43+00:00
SAO_6475-10,São Paulo,3550308,True,,34085,,,-23.671030000000002,-46.758897,,,,2,2023-06-19T16:58:13+00:00
SAO_6475-10,São Paulo,3550308,True,,34085,,,-23.670895,-46.75936299999999,,,,2,2023-06-19T16:58:17+00:00
SAO_6475-10,São Paulo,3550308,True,,34085,,,-23.670895,-46.75936299999999,,,,2,2023-06-19T16:58:22+00:00
SAO_3004-10,São Paulo,3550308,True,,34566,,,-23.48124025,-46.41248225,,,,2,2023-06-19T16:58:21+00:00
SAO_3004-10,São Paulo,3550308,True,,34566,,,-23.479422,-46.4206095,,,,2,2023-06-19T16:58:44+00:00
SAO_3053-10,São Paulo,3550308,True,,33741,,,-23.584741,-46.495041,,,,2,2023-06-19T16:58:33+00:00
SAO_3053-10,São Paulo,3550308,True,,33741,,,-23.584741,-46.495041,,,,2,2023-06-19T16:58:23+00:00
SAO_3053-10,São Paulo,3550308,True,,33741,,,-23.591917,-46.5024265,,,,2,2023-06-19T16:58:48+00:00
SAO_3053-10,São Paulo,3550308,True,,33741,,,-23.5598575,-46.566835999999995,,,,2,2023-06-19T16:57:26+00:00
SAO_3053-10,São Paulo,3550308,True,,33741,,,-23.585865,-46.4949845,,,,2,2023-06-19T16:58:34+00:00
SAO_3053-10,São Paulo,3550308,True,,33741,,,-23.5429775,-46.588603500000005,,,,2,2023-06-19T16:58:33+00:00
SAO_3053-10,São Paulo,3550308,True,,33741,,,-23.5657395,-46.557896,,,,2,2023-06-19T16:58:15+00:00
SAO_3053-10,São Paulo,3550308,True,,33741,,,-23.552186499999998,-46.58588875,,,,2,2023-06-19T16:58:50+00:00
SAO_3053-10,São Paulo,3550308,True,,33741,,,-23.584741,-46.495041,,,,2,2023-06-19T16:58:47+00:00
SAO_3053-10,São Paulo,3550308,True,,33741,,,-23.585588,-46.4950305,,,,2,2023-06-19T16:58:26+00:00
SAO_9008-10,São Paulo,3550308,True,,875,,,-23.427475,-46.7146125,,,,1,2023-06-19T16:58:44+00:00
SAO_9008-10,São Paulo,3550308,True,,875,,,-23.474266999999998,-46.6694825,,,,1,2023-06-19T16:58:45+00:00
SAO_9008-10,São Paulo,3550308,True,,875,,,-23.427475,-46.7146125,,,,1,2023-06-19T16:58:49+00:00
SAO_9008-10,São Paulo,3550308,True,,875,,,-23.427475,-46.7146125,,,,1,2023-06-19T16:58:26+00:00
SAO_9008-10,São Paulo,3550308,True,,875,,,-23.427475,-46.7146125,,,,1,2023-06-19T16:58:43+00:00
SAO_9008-10,São Paulo,3550308,True,,875,,,-23.467165,-46.678850999999995,,,,1,2023-06-19T16:58:13+00:00
SAO_9008-10,São Paulo,3550308,True,,875,,,-23.437200500000003,-46.711664999999996,,,,1,2023-06-19T16:58:32+00:00
SAO_314V-10,São Paulo,3550308,True,,33079,,,-23.569919249999998,-46.611236250000005,,,,2,2023-06-19T16:58:38+00:00
SAO_314V-10,São Paulo,3550308,True,,33079,,,-23.582409500000004,-46.550890249999995,,,,2,2023-06-19T16:58:42+00:00
SAO_314V-10,São Paulo,3550308,True,,33079,,,-23.5903485,-46.5381825,,,,2,2023-06-19T16:58:44+00:00
SAO_8542-21,São Paulo,3550308,True,,34129,,,-23.4728725,-46.702325,,,,2,2023-06-19T16:58:29+00:00
SAO_8542-21,São Paulo,3550308,True,,34129,,,-23.4726875,-46.7023155,,,,2,2023-06-19T16:58:17+00:00
SAO_8542-21,São Paulo,3550308,True,,34129,,,-23.469098,-46.69769275,,,,2,2023-06-19T16:58:14+00:00
SAO_8542-21,São Paulo,3550308,True,,34129,,,-23.5095,-46.6897155,,,,2,2023-06-19T16:58:53+00:00
SAO_8542-21,São Paulo,3550308,True,,34129,,,-23.4731155,-46.7023935,,,,2,2023-06-19T16:58:41+00:00
SAO_8542-21,São Paulo,3550308,True,,34129,,,-23.472423,-46.702316499999995,,,,2,2023-06-19T16:58:21+00:00
SAO_8542-21,São Paulo,3550308,True,,34129,,,-23.468497499999998,-46.694613249999996,,,,2,2023-06-19T16:58:22+00:00
SAO_8542-21,São Paulo,3550308,True,,34129,,,-23.475505,-46.679226,,,,2,2023-06-19T16:58:53+00:00
SAO_8542-21,São Paulo,3550308,True,,34129,,,-23.4726875,-46.7023155,,,,2,2023-06-19T16:58:24+00:00
SAO_778R-10,São Paulo,3550308,True,EMTU,509,https://moovitapp.com/index/pt-br/transporte_p%C3%BAblico-line-509-Sao_Paulo-242-2038937-36419531-0,4.95,-23.585242,-46.805254500000004,,,,1,2023-06-19T16:58:47+00:00
SAO_778R-10,São Paulo,3550308,True,EMTU,509,https://moovitapp.com/index/pt-br/transporte_p%C3%BAblico-line-509-Sao_Paulo-242-2038937-36419531-0,4.95,-23.585484,-46.805596,,,,1,2023-06-19T16:58:55+00:00
SAO_778R-10,São Paulo,3550308,True,EMTU,509,https://moovitapp.com/index/pt-br/transporte_p%C3%BAblico-line-509-Sao_Paulo-242-2038937-36419531-0,4.95,-23.585718,-46.805552500000005,,,,1,2023-06-19T16:58:36+00:00
SAO_778R-10,São Paulo,3550308,True,EMTU,509,https://moovitapp.com/index/pt-br/transporte_p%C3%BAblico-line-509-Sao_Paulo-242-2038937-36419531-0,4.95,-23.581748625,-46.731327875000005,,,,1,2023-06-19T16:58:25+00:00
SAO_778R-10,São Paulo,3550308,True,EMTU,509,https://moovitapp.com/index/pt-br/transporte_p%C3%BAblico-line-509-Sao_Paulo-242-2038937-36419531-0,4.95,-23.53506275,-46.644746999999995,,,,1,2023-06-19T16:58:46+00:00
SAO_778R-10,São Paulo,3550308,True,EMTU,509,https://moovitapp.com/index/pt-br/transporte_p%C3%BAblico-line-509-Sao_Paulo-242-2038937-36419531-0,4.95,-23.585718,-46.805552500000005,,,,1,2023-06-19T16:58:53+00:00
SAO_778R-10,São Paulo,3550308,True,EMTU,509,https://moovitapp.com/index/pt-br/transporte_p%C3%BAblico-line-509-Sao_Paulo-242-2038937-36419531-0,4.95,-23.586387,-46.81219325,,,,1,2023-06-19T16:58:18+00:00
SAO_778R-10,São Paulo,3550308,True,EMTU,509,https://moovitapp.com/index/pt-br/transporte_p%C3%BAblico-line-509-Sao_Paulo-242-2038937-36419531-0,4.95,-23.544469,-46.64770825,,,,1,2023-06-19T16:58:51+00:00
SAO_4011-10,São Paulo,3550308,True,,34952,,,-23.597027,-46.4568065,,,,2,2023-06-19T16:58:36+00:00
SAO_4011-10,São Paulo,3550308,True,,34952,,,-23.613367249999996,-46.42385975,,,,2,2023-06-19T16:58:11+00:00
SAO_4011-10,São Paulo,3550308,True,,34952,,,-23.6224175,-46.414038500000004,,,,2,2023-06-19T16:58:32+00:00
SAO_4011-10,São Paulo,3550308,True,,34952,,,-23.6227125,-46.414294,,,,2,2023-06-19T16:58:35+00:00
SAO_4011-10,São Paulo,3550308,True,,34952,,,-23.609823249999998,-46.4260955,,,,2,2023-06-19T16:58:17+00:00
SAO_4011-10,São Paulo,3550308,True,,34952,,,-23.6227125,-46.414294,,,,2,2023-06-19T16:55:47+00:00
SAO_4031-10,São Paulo,3550308,True,,1101,,,-23.5840845,-46.584233,,,,1,2023-06-19T16:58:35+00:00
SAO_4031-10,São Paulo,3550308,True,,1101,,,-23.593166500000002,-46.5632805,,,,1,2023-06-19T16:58:49+00:00
SAO_4031-10,São Paulo,3550308,True,,1101,,,-23.605551499999997,-46.521150750000004,,,,1,2023-06-19T16:58:21+00:00
SAO_4031-10,São Paulo,3550308,True,,1101,,,-23.57896075,-46.579645125,,,,1,2023-06-19T16:58:20+00:00
SAO_4031-10,São Paulo,3550308,True,,1101,,,-23.597137,-46.541412,,,,1,2023-06-19T16:58:22+00:00
SAO_4031-10,São Paulo,3550308,True,,1101,,,-23.61408,-46.517419000000004,,,,1,2023-06-19T16:58:22+00:00
SAO_4031-10,São Paulo,3550308,True,,1101,,,-23.61408,-46.517419000000004,,,,1,2023-06-19T16:58:30+00:00
SAO_4031-10,São Paulo,3550308,True,,1101,,,-23.587363500000002,-46.586762750000005,,,,1,2023-06-19T16:58:46+00:00
SAO_2551-10,São Paulo,3550308,True,,32909,,,-23.505874499999997,-46.4766145,,,,2,2023-06-19T16:58:50+00:00
SAO_2551-10,São Paulo,3550308,True,,32909,,,-23.5358615,-46.571408000000005,,,,2,2023-06-19T16:58:28+00:00
SAO_2551-10,São Paulo,3550308,True,,32909,,,-23.546832000000002,-46.6301665,,,,2,2023-06-19T16:58:34+00:00
SAO_2551-10,São Paulo,3550308,True,,32909,,,-23.517572,-46.475783,,,,2,2023-06-19T16:58:10+00:00
SAO_2551-10,São Paulo,3550308,True,,32909,,,-23.539212,-46.608181,,,,2,2023-06-19T16:58:42+00:00
SAO_1743-10,São Paulo,3550308,True,EMTU,543,https://moovitapp.com/index/pt-br/transporte_p%C3%BAblico-line-543-Sao_Paulo-242-2038937-36419552-0,5.15,-23.4760315,-46.64643425,,,,1,2023-06-19T16:57:00+00:00
SAO_1743-10,São Paulo,3550308,True,EMTU,543,https://moovitapp.com/index/pt-br/transporte_p%C3%BAblico-line-543-Sao_Paulo-242-2038937-36419552-0,5.15,-23.455666,-46.6677895,,,,1,2023-06-19T16:58:44+00:00
SAO_1743-10,São Paulo,3550308,True,EMTU,543,https://moovitapp.com/index/pt-br/transporte_p%C3%BAblico-line-543-Sao_Paulo-242-2038937-36419552-0,5.15,-23.455666,-46.6677895,,,,1,2023-06-19T16:58:18+00:00
SAO_1743-10,São Paulo,3550308,True,EMTU,543,https://moovitapp.com/index/pt-br/transporte_p%C3%BAblico-line-543-Sao_Paulo-242-2038937-36419552-0,5.15,-23.50850175,-46.625044375,,,,1,2023-06-19T16:58:13+00:00
SAO_1743-10,São Paulo,3550308,True,EMTU,543,https://moovitapp.com/index/pt-br/transporte_p%C3%BAblico-line-543-Sao_Paulo-242-2038937-36419552-0,5.15,-23.455666,-46.6677895,,,,1,2023-06-19T16:58:47+00:00
SAO_2552-10,São Paulo,3550308,True,,142,,,-23.489281125,-46.436596375,,,,1,2023-06-19T16:57:53+00:00
SAO_2552-10,São Paulo,3550308,True,,142,,,-23.4897435,-46.420902,,,,1,2023-06-19T16:58:45+00:00
SAO_2552-10,São Paulo,3550308,True,,142,,,-23.511672500000003,-46.501806,,,,1,2023-06-19T16:58:28+00:00
SAO_2552-10,São Paulo,3550308,True,,142,,,-23.535033,-46.578162000000006,,,,1,2023-06-19T16:58:32+00:00
SAO_2552-10,São Paulo,3550308,True,,142,,,-23.5456715,-46.630392,,,,1,2023-06-19T16:58:44+00:00
SAO_2552-10,São Paulo,3550308,True,,142,,,-23.522924500000002,-46.5323315,,,,1,2023-06-19T16:58:40+00:00
SAO_172J-10,São Paulo,3550308,True,,33624,,,-23.5205615,-46.59136175,,,,2,2023-06-19T16:58:12+00:00
SAO_172J-10,São Paulo,3550308,True,,33624,,,-23.479189750000003,-46.56941425,,,,2,2023-06-19T16:58:44+00:00
SAO_172J-10,São Paulo,3550308,True,,33624,,,-23.513438750000002,-46.58576475,,,,2,2023-06-19T16:58:53+00:00
SAO_172J-10,São Paulo,3550308,True,,33624,,,-23.4797715,-46.568705,,,,2,2023-06-19T16:58:45+00:00
SAO_172J-10,São Paulo,3550308,True,,33624,,,-23.479189750000003,-46.56941425,,,,2,2023-06-19T16:58:25+00:00
SAO_172J-10,São Paulo,3550308,True,,33624,,,-23.479189750000003,-46.56941425,,,,2,2023-06-19T16:58:12+00:00
SAO_172J-10,São Paulo,3550308,True,,33624,,,-23.503583499999998,-46.576311000000004,,,,2,2023-06-19T16:54:44+00:00
SAO_172J-10,São Paulo,3550308,True,,33624,,,-23.5400505,-46.5773875,,,,2,2023-06-19T16:58:21+00:00
SAO_172J-10,São Paulo,3550308,True,,33624,,,-23.479189750000003,-46.56941425,,,,2,2023-06-19T16:58:46+00:00
SAO_172J-10,São Paulo,3550308,True,,33624,,,-23.479367500000002,-46.568922,,,,2,2023-06-19T16:58:20+00:00
SAO_172J-10,São Paulo,3550308,True,,33624,,,-23.532761,-46.58275625,,,,2,2023-06-19T16:58:29+00:00
SAO_637R-10,São Paulo,3550308,True,,32964,,,-23.719750500000004,-46.769661125,,,,2,2023-06-19T16:58:30+00:00
SAO_637R-10,São Paulo,3550308,True,,32964,,,-23.691622000000002,-46.775622999999996,,,,2,2023-06-19T16:55:55+00:00
SAO_637R-10,São Paulo,3550308,True,,32964,,,-23.720212500000002,-46.769873624999995,,,,2,2023-06-19T16:58:41+00:00
SAO_637R-10,São Paulo,3550308,True,,32964,,,-23.6613095,-46.707041,,,,2,2023-06-19T16:58:17+00:00
SAO_637R-10,São Paulo,3550308,True,,32964,,,-23.71969,-46.7694645,,,,2,2023-06-19T16:58:25+00:00
SAO_637R-10,São Paulo,3550308,True,,32964,,,-23.678175,-46.762688499999996,,,,2,2023-06-19T16:56:22+00:00
SAO_637R-10,São Paulo,3550308,True,,32964,,,-23.668170500000002,-46.732837,,,,2,2023-06-19T16:58:16+00:00
SAO_637R-10,São Paulo,3550308,True,,32964,,,-23.719750500000004,-46.769661125,,,,2,2023-06-19T16:58:12+00:00
SAO_637R-10,São Paulo,3550308,True,,32964,,,-23.666089624999998,-46.716364375,,,,2,2023-06-19T16:58:36+00:00
SAO_637R-10,São Paulo,3550308,True,,32964,,,-23.7198,-46.7691775,,,,2,2023-06-19T16:53:24+00:00
SAO_253F-10,São Paulo,3550308,True,,32926,,,-23.613302,-46.4764105,,,,2,2023-06-19T16:58:46+00:00
SAO_253F-10,São Paulo,3550308,True,,32926,,,-23.596264875000003,-46.45482750000001,,,,2,2023-06-19T16:58:12+00:00
SAO_253F-10,São Paulo,3550308,True,,32926,,,-23.613302,-46.4764105,,,,2,2023-06-19T16:58:29+00:00
SAO_253F-10,São Paulo,3550308,True,,32926,,,-23.518140000000002,-46.4756725,,,,2,2023-06-19T16:58:31+00:00
SAO_253F-10,São Paulo,3550308,True,,32926,,,-23.613302,-46.4764105,,,,2,2023-06-19T16:58:28+00:00
SAO_253F-10,São Paulo,3550308,True,,32926,,,-23.518022000000002,-46.475695,,,,2,2023-06-19T16:58:16+00:00
SAO_4312-10,São Paulo,3550308,True,,2172,,,-23.53690725,-46.51796275,,,,1,2023-06-19T16:57:54+00:00
SAO_4312-10,São Paulo,3550308,True,,2172,,,-23.5570205,-46.496928,,,,1,2023-06-19T16:58:21+00:00
SAO_4312-10,São Paulo,3550308,True,,2172,,,-23.5515345,-46.6246215,,,,1,2023-06-19T16:58:31+00:00
SAO_4312-10,São Paulo,3550308,True,,2172,,,-23.5702925,-46.489608000000004,,,,1,2023-06-19T16:58:34+00:00
SAO_874C-10,São Paulo,3550308,True,,33245,,,-23.546825,-46.7609525,,,,2,2023-06-19T16:58:28+00:00
SAO_874C-10,São Paulo,3550308,True,,33245,,,-23.546825,-46.7609525,,,,2,2023-06-19T16:58:41+00:00
SAO_874C-10,São Paulo,3550308,True,,33245,,,-23.549813625000002,-46.7416328125,,,,2,2023-06-19T16:58:51+00:00
SAO_874C-10,São Paulo,3550308,True,,33245,,,-23.546825,-46.7609525,,,,2,2023-06-19T16:58:45+00:00
SAO_874C-10,São Paulo,3550308,True,,33245,,,-23.5369335,-46.7243845,,,,2,2023-06-19T16:58:53+00:00
SAO_874C-10,São Paulo,3550308,True,,33245,,,-23.546825,-46.7609525,,,,2,2023-06-19T16:58:19+00:00
SAO_874C-10,São Paulo,3550308,True,,33245,,,-23.554006,-46.6708855,,,,2,2023-06-19T16:58:46+00:00
SAO_1767-10,São Paulo,3550308,True,,628,,,-23.481711250000004,-46.56646275,,,,1,2023-06-19T16:58:50+00:00
SAO_1767-10,São Paulo,3550308,True,,628,,,-23.473826,-46.5661475,,,,1,2023-06-19T16:58:45+00:00
SAO_1767-10,São Paulo,3550308,True,,628,,,-23.472050499999998,-46.587659,,,,1,2023-06-19T16:58:46+00:00
SAO_3025-10,São Paulo,3550308,True,,33729,,,-23.5441795,-46.411971,,,,2,2023-06-19T16:58:45+00:00
SAO_3025-10,São Paulo,3550308,True,,33729,,,-23.577849999999998,-46.3980125,,,,2,2023-06-19T16:58:35+00:00
SAO_3025-10,São Paulo,3550308,True,,33729,,,-23.5770275,-46.397946000000005,,,,2,2023-06-19T16:58:48+00:00
SAO_3025-10,São Paulo,3550308,True,,33729,,,-23.5637425,-46.416404,,,,2,2023-06-19T16:58:23+00:00
SAO_3025-10,São Paulo,3550308,True,,33729,,,-23.5774345,-46.39814,,,,2,2023-06-19T16:58:37+00:00
SAO_714C-10,São Paulo,3550308,True,,487,,,-23.587505,-46.7630915,,,,1,2023-06-19T16:58:21+00:00
SAO_714C-10,São Paulo,3550308,True,,487,,,-23.557983625,-46.678209625,,,,1,2023-06-19T16:58:53+00:00
SAO_1783-10,São Paulo,3550308,True,,33412,,,-23.48892,-46.624058000000005,,,,2,2023-06-19T16:58:13+00:00
SAO_1783-10,São Paulo,3550308,True,,33412,,,-23.3990705,-46.577631,,,,2,2023-06-19T16:58:33+00:00
SAO_1783-10,São Paulo,3550308,True,,33412,,,-23.39820775,-46.577524749999995,,,,2,2023-06-19T16:58:29+00:00
SAO_1783-10,São Paulo,3550308,True,,33412,,,-23.398296000000002,-46.577902,,,,2,2023-06-19T16:58:47+00:00
SAO_1783-10,São Paulo,3550308,True,,33412,,,-23.398522,-46.578048,,,,2,2023-06-19T16:58:53+00:00
SAO_1783-10,São Paulo,3550308,True,,33412,,,-23.398296000000002,-46.577902,,,,2,2023-06-19T16:57:29+00:00
SAO_1783-10,São Paulo,3550308,True,,33412,,,-23.458576,-46.6023755,,,,2,2023-06-19T16:57:37+00:00
SAO_3099-10,São Paulo,3550308,True,,33847,,,-23.5996095,-46.4850535,,,,2,2023-06-19T16:58:12+00:00
SAO_3099-10,São Paulo,3550308,True,,33847,,,-23.618706000000003,-46.4604845,,,,2,2023-06-19T16:58:38+00:00
SAO_3099-10,São Paulo,3550308,True,,33847,,,-23.609755375,-46.453646375000005,,,,2,2023-06-19T16:58:52+00:00
SAO_3099-10,São Paulo,3550308,True,,33847,,,-23.611883,-46.4744805,,,,2,2023-06-19T16:58:20+00:00
SAO_3099-10,São Paulo,3550308,True,,33847,,,-23.609351500000002,-46.4425285,,,,2,2023-06-19T16:58:50+00:00
SAO_3099-10,São Paulo,3550308,True,,33847,,,-23.613286000000002,-46.4441805,,,,2,2023-06-19T16:58:18+00:00
SAO_3099-10,São Paulo,3550308,True,,33847,,,-23.613286000000002,-46.4441805,,,,2,2023-06-19T16:58:21+00:00
SAO_3099-10,São Paulo,3550308,True,,33847,,,-23.613286000000002,-46.4441805,,,,2,2023-06-19T16:58:43+00:00
SAO_695T-10,São Paulo,3550308,True,,34090,,,-23.654127000000003,-46.762448000000006,,,,2,2023-06-19T16:58:40+00:00
SAO_695T-10,São Paulo,3550308,True,,34090,,,-23.654127000000003,-46.762448000000006,,,,2,2023-06-19T16:58:15+00:00
SAO_695T-10,São Paulo,3550308,True,,34090,,,-23.65141,-46.757695999999996,,,,2,2023-06-19T16:58:26+00:00
SAO_695T-10,São Paulo,3550308,True,,34090,,,-23.606495375,-46.665043250000004,,,,2,2023-06-19T16:58:24+00:00
SAO_695T-10,São Paulo,3550308,True,,34090,,,-23.6432905,-46.742360000000005,,,,2,2023-06-19T16:58:19+00:00
SAO_695T-10,São Paulo,3550308,True,,34090,,,-23.597349,-46.65512,,,,2,2023-06-19T16:58:16+00:00
SAO_695T-10,São Paulo,3550308,True,,34090,,,-23.637971375,-46.69459475000001,,,,2,2023-06-19T16:58:44+00:00
SAO_695T-10,São Paulo,3550308,True,,34090,,,-23.592688,-46.6366495,,,,2,2023-06-19T16:58:13+00:00
SAO_695T-10,São Paulo,3550308,True,,34090,,,-23.598398125,-46.642908750000004,,,,2,2023-06-19T16:58:49+00:00
SAO_695T-10,São Paulo,3550308,True,,34090,,,-23.654127000000003,-46.762448000000006,,,,2,2023-06-19T16:58:47+00:00
SAO_607C-10,São Paulo,3550308,True,,34745,,,-23.5897885,-46.6880525,,,,2,2023-06-19T16:58:27+00:00
SAO_607C-10,São Paulo,3550308,True,,34745,,,-23.681403,-46.638069,,,,2,2023-06-19T16:58:49+00:00
SAO_607C-10,São Paulo,3550308,True,,34745,,,-23.5897885,-46.6880525,,,,2,2023-06-19T16:58:52+00:00
SAO_607C-10,São Paulo,3550308,True,,34745,,,-23.674775,-46.642773000000005,,,,2,2023-06-19T16:58:31+00:00
SAO_607C-10,São Paulo,3550308,True,,34745,,,-23.689011999999998,-46.6349485,,,,2,2023-06-19T16:58:19+00:00
SAO_607C-10,São Paulo,3550308,True,,34745,,,-23.6641025,-46.660687499999995,,,,2,2023-06-19T16:58:43+00:00
SAO_607C-10,São Paulo,3550308,True,,34745,,,-23.689499,-46.635158000000004,,,,2,2023-06-19T16:54:22+00:00
SAO_607C-10,São Paulo,3550308,True,,34745,,,-23.625930500000003,-46.688363499999994,,,,2,2023-06-19T16:58:44+00:00
SAO_607C-10,São Paulo,3550308,True,,34745,,,-23.689011999999998,-46.6349485,,,,2,2023-06-19T16:58:47+00:00
SAO_607C-10,São Paulo,3550308,True,,34745,,,-23.5897885,-46.6880525,,,,2,2023-06-19T16:58:42+00:00
SAO_607C-10,São Paulo,3550308,True,,34745,,,-23.630719,-46.68372025,,,,2,2023-06-19T16:55:22+00:00
SAO_607C-10,São Paulo,3550308,True,,34745,,,-23.614282125,-46.69623899999999,,,,2,2023-06-19T16:58:27+00:00
SAO_607C-10,São Paulo,3550308,True,,34745,,,-23.689499,-46.635158000000004,,,,2,2023-06-19T16:58:17+00:00
SAO_607C-10,São Paulo,3550308,True,,34745,,,-23.595342375,-46.69060025,,,,2,2023-06-19T16:58:18+00:00
SAO_607C-10,São Paulo,3550308,True,,34745,,,-23.6519895,-46.66938625,,,,2,2023-06-19T16:58:13+00:00
SAO_607C-10,São Paulo,3550308,True,,34745,,,-23.6721485,-46.645281999999995,,,,2,2023-06-19T16:58:50+00:00
SAO_607C-10,São Paulo,3550308,True,,34745,,,-23.689011999999998,-46.6349485,,,,2,2023-06-19T16:58:52+00:00
SAO_875C-10,São Paulo,3550308,True,,33246,,,-23.527095,-46.7092705,,,,2,2023-06-19T16:58:54+00:00
SAO_875C-10,São Paulo,3550308,True,,33246,,,-23.52087225,-46.70017,,,,2,2023-06-19T16:58:37+00:00
SAO_875C-10,São Paulo,3550308,True,,33246,,,-23.5964795,-46.66736075,,,,2,2023-06-19T16:58:53+00:00
SAO_875C-10,São Paulo,3550308,True,,33246,,,-23.531543499999998,-46.716054,,,,2,2023-06-19T16:58:21+00:00
SAO_875C-10,São Paulo,3550308,True,,33246,,,-23.599645000000002,-46.637443000000005,,,,2,2023-06-19T16:58:55+00:00
SAO_875C-10,São Paulo,3550308,True,,33246,,,-23.5832175,-46.683071999999996,,,,2,2023-06-19T16:58:24+00:00
SAO_875C-10,São Paulo,3550308,True,,33246,,,-23.5547295,-46.70168475,,,,2,2023-06-19T16:58:23+00:00
SAO_875C-10,São Paulo,3550308,True,,33246,,,-23.520775999999998,-46.70046,,,,2,2023-06-19T16:58:40+00:00
SAO_875C-10,São Paulo,3550308,True,,33246,,,-23.5834435,-46.682930999999996,,,,2,2023-06-19T16:58:12+00:00
SAO_875C-10,São Paulo,3550308,True,,33246,,,-23.520992749999998,-46.699836,,,,2,2023-06-19T16:58:45+00:00
SAO_875C-10,São Paulo,3550308,True,,33246,,,-23.585621000000003,-46.670804000000004,,,,2,2023-06-19T16:58:30+00:00
SAO_756A-10,São Paulo,3550308,True,,793,,,-23.6008565,-46.783931499999994,,,,1,2023-06-19T16:58:41+00:00
SAO_756A-10,São Paulo,3550308,True,,793,,,-23.587700249999997,-46.723789,,,,1,2023-06-19T16:58:35+00:00
SAO_756A-10,São Paulo,3550308,True,,793,,,-23.598203499999997,-46.7963115,,,,1,2023-06-19T16:58:20+00:00
SAO_756A-10,São Paulo,3550308,True,,793,,,-23.59755075,-46.756819750000005,,,,1,2023-06-19T16:58:19+00:00
SAO_756A-10,São Paulo,3550308,True,,793,,,-23.6206535,-46.699377,,,,1,2023-06-19T16:58:25+00:00
SAO_6078-10,São Paulo,3550308,True,,1166,,,-23.6707545,-46.678952499999994,,,,1,2023-06-19T16:58:39+00:00
SAO_6078-10,São Paulo,3550308,True,,1166,,,-23.740688,-46.660930500000006,,,,1,2023-06-19T16:58:27+00:00
SAO_6078-10,São Paulo,3550308,True,,1166,,,-23.7405575,-46.6914695,,,,1,2023-06-19T16:58:53+00:00
SAO_6078-10,São Paulo,3550308,True,,1166,,,-23.68648425,-46.6938545,,,,1,2023-06-19T16:58:35+00:00
SAO_6078-10,São Paulo,3550308,True,,1166,,,-23.7144895,-46.69877675,,,,1,2023-06-19T16:58:51+00:00
SAO_6078-10,São Paulo,3550308,True,,1166,,,-23.753233,-46.681636,,,,1,2023-06-19T16:58:36+00:00
SAO_6078-10,São Paulo,3550308,True,,1166,,,-23.752262,-46.66655875,,,,1,2023-06-19T16:58:46+00:00
SAO_6039-10,São Paulo,3550308,True,,33985,,,-23.650958,-46.7194715,,,,2,2023-06-19T16:58:50+00:00
SAO_6039-10,São Paulo,3550308,True,,33985,,,-23.664255500000003,-46.78220875,,,,2,2023-06-19T16:58:17+00:00
SAO_6039-10,São Paulo,3550308,True,,33985,,,-23.656924,-46.7639025,,,,2,2023-06-19T16:58:40+00:00
SAO_6039-10,São Paulo,3550308,True,,33985,,,-23.685482999999998,-46.800789249999994,,,,2,2023-06-19T16:58:22+00:00
SAO_6039-10,São Paulo,3550308,True,,33985,,,-23.645217000000002,-46.746117999999996,,,,2,2023-06-19T16:58:27+00:00
SAO_5757-51,São Paulo,3550308,True,,34744,,,-23.635112499999998,-46.640995000000004,,,,2,2023-06-19T16:58:38+00:00
SAO_5757-51,São Paulo,3550308,True,,34744,,,-23.69054175,-46.64376375,,,,2,2023-06-19T16:58:32+00:00
SAO_5757-51,São Paulo,3550308,True,,34744,,,-23.6877675,-46.6422355,,,,2,2023-06-19T16:58:39+00:00
SAO_5757-51,São Paulo,3550308,True,,34744,,,-23.6346265,-46.6397755,,,,2,2023-06-19T16:58:39+00:00
SAO_5757-51,São Paulo,3550308,True,,34744,,,-23.65856325,-46.649964,,,,2,2023-06-19T16:58:20+00:00
SAO_5757-51,São Paulo,3550308,True,,34744,,,-23.7074865,-46.641363999999996,,,,2,2023-06-19T16:58:40+00:00
SAO_5757-51,São Paulo,3550308,True,,34744,,,-23.635112499999998,-46.640995000000004,,,,2,2023-06-19T16:58:17+00:00
SAO_5757-51,São Paulo,3550308,True,,34744,,,-23.70771575,-46.6411915,,,,2,2023-06-19T16:58:45+00:00
SAO_5757-51,São Paulo,3550308,True,,34744,,,-23.659412250000003,-46.6504695,,,,2,2023-06-19T16:58:14+00:00
SAO_5757-51,São Paulo,3550308,True,,34744,,,-23.707572,-46.641307,,,,2,2023-06-19T16:58:48+00:00
SAO_5757-51,São Paulo,3550308,True,,34744,,,-23.635112499999998,-46.640995000000004,,,,2,2023-06-19T16:58:20+00:00
SAO_507T-10,São Paulo,3550308,True,,34976,,,-23.6139655,-46.5015435,,,,2,2023-06-19T16:58:19+00:00
SAO_507T-10,São Paulo,3550308,True,,34976,,,-23.5989715,-46.501189499999995,,,,2,2023-06-19T16:58:38+00:00
SAO_507T-10,São Paulo,3550308,True,,34976,,,-23.586439499999997,-46.51765825,,,,2,2023-06-19T16:58:18+00:00
SAO_507T-10,São Paulo,3550308,True,,34976,,,-23.558028999999998,-46.522641500000006,,,,2,2023-06-19T16:58:28+00:00
SAO_507T-10,São Paulo,3550308,True,,34976,,,-23.545313,-46.544859,,,,2,2023-06-19T16:58:21+00:00
SAO_8055-10,São Paulo,3550308,True,,414,,,-23.406295999999998,-46.760183,,,,1,2023-06-19T16:58:26+00:00
SAO_8055-10,São Paulo,3550308,True,,414,,,-23.4092635,-46.741309,,,,1,2023-06-19T16:58:39+00:00
SAO_8055-10,São Paulo,3550308,True,,414,,,-23.408895,-46.74034,,,,1,2023-06-19T16:58:28+00:00
SAO_8055-10,São Paulo,3550308,True,,414,,,-23.477289,-46.7704735,,,,1,2023-06-19T16:58:53+00:00
SAO_8055-10,São Paulo,3550308,True,,414,,,-23.5198465,-46.7023155,,,,1,2023-06-19T16:58:16+00:00
SAO_978T-10,São Paulo,3550308,True,,33657,,,-23.504213999999997,-46.68602,,,,2,2023-06-19T16:58:26+00:00
SAO_978T-10,São Paulo,3550308,True,,33657,,,-23.526267500000003,-46.667531499999996,,,,2,2023-06-19T16:58:26+00:00
SAO_978T-10,São Paulo,3550308,True,,33657,,,-23.526267500000003,-46.667531499999996,,,,2,2023-06-19T16:58:12+00:00
SAO_978T-10,São Paulo,3550308,True,,33657,,,-23.522753375,-46.691829187500005,,,,2,2023-06-19T16:58:42+00:00
SAO_978T-10,São Paulo,3550308,True,,33657,,,-23.4615935,-46.69121775,,,,2,2023-06-19T16:58:40+00:00
SAO_978T-10,São Paulo,3550308,True,,33657,,,-23.4608575,-46.687422,,,,2,2023-06-19T16:58:35+00:00
SAO_978T-10,São Paulo,3550308,True,,33657,,,-23.461403500000003,-46.687287,,,,2,2023-06-19T16:58:26+00:00
SAO_978T-10,São Paulo,3550308,True,,33657,,,-23.495901,-46.69773,,,,2,2023-06-19T16:57:39+00:00
SAO_978T-10,São Paulo,3550308,True,,33657,,,-23.461351,-46.6872735,,,,2,2023-06-19T16:58:44+00:00
SAO_978T-10,São Paulo,3550308,True,,33657,,,-23.526267500000003,-46.667531499999996,,,,2,2023-06-19T16:58:53+00:00
SAO_978T-10,São Paulo,3550308,True,,33657,,,-23.461351,-46.6872735,,,,2,2023-06-19T16:58:27+00:00
SAO_978T-10,São Paulo,3550308,True,,33657,,,-23.52722,-46.6812985,,,,2,2023-06-19T16:58:49+00:00
SAO_978T-10,São Paulo,3550308,True,,33657,,,-23.461973,-46.6921495,,,,2,2023-06-19T16:58:52+00:00
SAO_978T-10,São Paulo,3550308,True,,33657,,,-23.461351,-46.6872735,,,,2,2023-06-19T16:58:13+00:00
SAO_6115-10,São Paulo,3550308,True,,1185,,,-23.742846999999998,-46.6583395,,,,1,2023-06-19T16:58:37+00:00
SAO_6115-10,São Paulo,3550308,True,,1185,,,-23.7427695,-46.6586195,,,,1,2023-06-19T16:58:17+00:00
SAO_6115-10,São Paulo,3550308,True,,1185,,,-23.75496,-46.679184500000005,,,,1,2023-06-19T16:58:50+00:00
SAO_6115-10,São Paulo,3550308,True,,1185,,,-23.75405825,-46.66695425,,,,1,2023-06-19T16:58:25+00:00
SAO_6115-10,São Paulo,3550308,True,,1185,,,-23.742846999999998,-46.6583395,,,,1,2023-06-19T16:58:21+00:00
SAO_6115-10,São Paulo,3550308,True,,1185,,,-23.7403345,-46.691452999999996,,,,1,2023-06-19T16:58:32+00:00
SAO_6115-10,São Paulo,3550308,True,,1185,,,-23.742846999999998,-46.6583395,,,,1,2023-06-19T16:58:25+00:00
SAO_7016-10,São Paulo,3550308,True,,2118,,,-23.685541,-46.740555,,,,1,2023-06-19T16:58:53+00:00
SAO_7016-10,São Paulo,3550308,True,,2118,,,-23.688173499999998,-46.773318,,,,1,2023-06-19T16:58:31+00:00
SAO_7016-10,São Paulo,3550308,True,,2118,,,-23.688173499999998,-46.773318,,,,1,2023-06-19T16:58:26+00:00
SAO_7016-10,São Paulo,3550308,True,,2118,,,-23.66649675,-46.7191605,,,,1,2023-06-19T16:58:24+00:00
SAO_7016-10,São Paulo,3550308,True,,2118,,,-23.688173499999998,-46.773318,,,,1,2023-06-19T16:58:29+00:00
SAO_7016-10,São Paulo,3550308,True,,2118,,,-23.688173499999998,-46.773318,,,,1,2023-06-19T16:58:36+00:00
SAO_7016-10,São Paulo,3550308,True,,2118,,,-23.688445,-46.7655115,,,,1,2023-06-19T16:58:54+00:00
SAO_7016-10,São Paulo,3550308,True,,2118,,,-23.653890625,-46.71154075,,,,1,2023-06-19T16:58:24+00:00
SAO_4310-10,São Paulo,3550308,True,,2160,,,-23.542348,-46.467040499999996,,,,1,2023-06-19T16:58:42+00:00
SAO_4310-10,São Paulo,3550308,True,,2160,,,-23.534623,-46.4529845,,,,1,2023-06-19T16:58:43+00:00
SAO_4310-10,São Paulo,3550308,True,,2160,,,-23.542959500000002,-46.588015,,,,1,2023-06-19T16:58:28+00:00
SAO_4310-10,São Paulo,3550308,True,,2160,,,-23.547369,-46.630520000000004,,,,1,2023-06-19T16:58:45+00:00
SAO_4310-10,São Paulo,3550308,True,,2160,,,-23.535216,-46.4541105,,,,1,2023-06-19T16:58:51+00:00
SAO_4310-10,São Paulo,3550308,True,,2160,,,-23.527809,-46.507595,,,,1,2023-06-19T16:58:53+00:00
SAO_4310-10,São Paulo,3550308,True,,2160,,,-23.546136,-46.631184000000005,,,,1,2023-06-19T16:58:49+00:00
SAO_4310-10,São Paulo,3550308,True,,2160,,,-23.544655,-46.630301,,,,1,2023-06-19T16:58:42+00:00
SAO_4310-10,São Paulo,3550308,True,,2160,,,-23.534413,-46.4526755,,,,1,2023-06-19T16:58:49+00:00
SAO_4310-10,São Paulo,3550308,True,,2160,,,-23.535216,-46.4541105,,,,1,2023-06-19T16:58:37+00:00
SAO_4310-10,São Paulo,3550308,True,,2160,,,-23.537083125000002,-46.559342375,,,,1,2023-06-19T16:58:47+00:00
SAO_4310-10,São Paulo,3550308,True,,2160,,,-23.5321085,-46.5343335,,,,1,2023-06-19T16:58:48+00:00
SAO_4310-10,São Paulo,3550308,True,,2160,,,-23.53143,-46.521176999999994,,,,1,2023-06-19T16:58:37+00:00
SAO_4310-10,São Paulo,3550308,True,,2160,,,-23.539879,-46.4612075,,,,1,2023-06-19T16:58:49+00:00
SAO_4310-10,São Paulo,3550308,True,,2160,,,-23.535216,-46.4541105,,,,1,2023-06-19T16:58:45+00:00
SAO_4310-10,São Paulo,3550308,True,,2160,,,-23.535216,-46.4541105,,,,1,2023-06-19T16:58:22+00:00
SAO_4310-10,São Paulo,3550308,True,,2160,,,-23.534413,-46.4526755,,,,1,2023-06-19T16:58:44+00:00
SAO_4310-10,São Paulo,3550308,True,,2160,,,-23.535216,-46.4541105,,,,1,2023-06-19T16:58:22+00:00
SAO_4310-10,São Paulo,3550308,True,,2160,,,-23.55162475,-46.624117500000004,,,,1,2023-06-19T16:58:45+00:00
SAO_4310-10,São Paulo,3550308,True,,2160,,,-23.535120499999998,-46.453629500000005,,,,1,2023-06-19T16:58:37+00:00
SAO_3459-10,São Paulo,3550308,True,EMTU,402,https://moovitapp.com/index/pt-br/transporte_p%C3%BAblico-line-402-Sao_Paulo-242-2038937-36419464-0,3.7,-23.501575250000002,-46.39714775,,,,1,2023-06-19T16:58:45+00:00
SAO_3459-10,São Paulo,3550308,True,EMTU,402,https://moovitapp.com/index/pt-br/transporte_p%C3%BAblico-line-402-Sao_Paulo-242-2038937-36419464-0,3.7,-23.5165205,-46.385602000000006,,,,1,2023-06-19T16:58:17+00:00
SAO_3459-10,São Paulo,3550308,True,EMTU,402,https://moovitapp.com/index/pt-br/transporte_p%C3%BAblico-line-402-Sao_Paulo-242-2038937-36419464-0,3.7,-23.494246,-46.422235125,,,,1,2023-06-19T16:58:42+00:00
SAO_3459-10,São Paulo,3550308,True,EMTU,402,https://moovitapp.com/index/pt-br/transporte_p%C3%BAblico-line-402-Sao_Paulo-242-2038937-36419464-0,3.7,-23.5114575,-46.3840215,,,,1,2023-06-19T16:58:49+00:00
SAO_3459-10,São Paulo,3550308,True,EMTU,402,https://moovitapp.com/index/pt-br/transporte_p%C3%BAblico-line-402-Sao_Paulo-242-2038937-36419464-0,3.7,-23.532587,-46.539592999999996,,,,1,2023-06-19T16:58:48+00:00
SAO_3459-10,São Paulo,3550308,True,EMTU,402,https://moovitapp.com/index/pt-br/transporte_p%C3%BAblico-line-402-Sao_Paulo-242-2038937-36419464-0,3.7,-23.49527875,-46.431802250000004,,,,1,2023-06-19T16:55:44+00:00
SAO_3459-10,São Paulo,3550308,True,EMTU,402,https://moovitapp.com/index/pt-br/transporte_p%C3%BAblico-line-402-Sao_Paulo-242-2038937-36419464-0,3.7,-23.515555499999998,-46.4851265,,,,1,2023-06-19T16:58:37+00:00
SAO_3459-10,São Paulo,3550308,True,EMTU,402,https://moovitapp.com/index/pt-br/transporte_p%C3%BAblico-line-402-Sao_Paulo-242-2038937-36419464-0,3.7,-23.545441,-46.630475000000004,,,,1,2023-06-19T16:58:49+00:00
SAO_3459-10,São Paulo,3550308,True,EMTU,402,https://moovitapp.com/index/pt-br/transporte_p%C3%BAblico-line-402-Sao_Paulo-242-2038937-36419464-0,3.7,-23.544351,-46.63002,,,,1,2023-06-19T16:58:33+00:00
SAO_3459-10,São Paulo,3550308,True,EMTU,402,https://moovitapp.com/index/pt-br/transporte_p%C3%BAblico-line-402-Sao_Paulo-242-2038937-36419464-0,3.7,-23.515555499999998,-46.4851265,,,,1,2023-06-19T16:58:42+00:00
SAO_3459-10,São Paulo,3550308,True,EMTU,402,https://moovitapp.com/index/pt-br/transporte_p%C3%BAblico-line-402-Sao_Paulo-242-2038937-36419464-0,3.7,-23.5012485,-46.442599,,,,1,2023-06-19T16:52:56+00:00
SAO_3459-10,São Paulo,3550308,True,EMTU,402,https://moovitapp.com/index/pt-br/transporte_p%C3%BAblico-line-402-Sao_Paulo-242-2038937-36419464-0,3.7,-23.534845,-46.548697000000004,,,,1,2023-06-19T16:58:50+00:00
SAO_3459-10,São Paulo,3550308,True,EMTU,402,https://moovitapp.com/index/pt-br/transporte_p%C3%BAblico-line-402-Sao_Paulo-242-2038937-36419464-0,3.7,-23.5269545,-46.52818325,,,,1,2023-06-19T16:58:34+00:00
SAO_3459-10,São Paulo,3550308,True,EMTU,402,https://moovitapp.com/index/pt-br/transporte_p%C3%BAblico-line-402-Sao_Paulo-242-2038937-36419464-0,3.7,-23.547011,-46.62953,,,,1,2023-06-19T16:58:21+00:00
SAO_8548-10,São Paulo,3550308,True,,33346,,,-23.495543,-46.6924305,,,,2,2023-06-19T16:58:12+00:00
SAO_8548-10,São Paulo,3550308,True,,33346,,,-23.4441275,-46.7172195,,,,2,2023-06-19T16:58:25+00:00
SAO_8548-10,São Paulo,3550308,True,,33346,,,-23.446651625,-46.715378375,,,,2,2023-06-19T16:58:28+00:00
SAO_8548-10,São Paulo,3550308,True,,33346,,,-23.446651625,-46.715378375,,,,2,2023-06-19T16:58:51+00:00
SAO_8700-10,São Paulo,3550308,True,,34645,,,-23.631587000000003,-46.771556000000004,,,,2,2023-06-19T16:58:48+00:00
SAO_8700-10,São Paulo,3550308,True,,34645,,,-23.6316405,-46.772316,,,,2,2023-06-19T16:58:19+00:00
SAO_8700-10,São Paulo,3550308,True,,34645,,,-23.5480775,-46.649773624999995,,,,2,2023-06-19T16:58:43+00:00
SAO_8700-10,São Paulo,3550308,True,,34645,,,-23.60179075,-46.7436505,,,,2,2023-06-19T16:58:29+00:00
SAO_8700-10,São Paulo,3550308,True,,34645,,,-23.5725185,-46.70434625,,,,2,2023-06-19T16:58:51+00:00
SAO_8700-10,São Paulo,3550308,True,,34645,,,-23.6317985,-46.771744,,,,2,2023-06-19T16:58:46+00:00
SAO_8700-10,São Paulo,3550308,True,,34645,,,-23.630086,-46.770185999999995,,,,2,2023-06-19T16:58:40+00:00
SAO_8700-10,São Paulo,3550308,True,,34645,,,-23.5861895,-46.7233995,,,,2,2023-06-19T16:58:51+00:00
SAO_8700-10,São Paulo,3550308,True,,34645,,,-23.547456,-46.6400205,,,,2,2023-06-19T16:58:11+00:00
SAO_8700-10,São Paulo,3550308,True,,34645,,,-23.5809595,-46.7115805,,,,2,2023-06-19T16:58:45+00:00
SAO_8700-10,São Paulo,3550308,True,,34645,,,-23.631218,-46.773197499999995,,,,2,2023-06-19T16:58:45+00:00
SAO_8700-10,São Paulo,3550308,True,,34645,,,-23.631026499999997,-46.773642,,,,2,2023-06-19T16:58:17+00:00
SAO_8700-10,São Paulo,3550308,True,,34645,,,-23.543258,-46.638545,,,,2,2023-06-19T16:58:55+00:00
SAO_8700-10,São Paulo,3550308,True,,34645,,,-23.6316405,-46.772316,,,,2,2023-06-19T16:58:34+00:00
SAO_8038-10,São Paulo,3550308,True,,797,,,-23.5351485,-46.760891,,,,1,2023-06-19T16:58:38+00:00
SAO_8038-10,São Paulo,3550308,True,,797,,,-23.541182,-46.743649,,,,1,2023-06-19T16:58:51+00:00
SAO_8038-10,São Paulo,3550308,True,,797,,,-23.5244215,-46.7168905,,,,1,2023-06-19T16:58:13+00:00
SAO_8038-10,São Paulo,3550308,True,,797,,,-23.51957075,-46.703840375,,,,1,2023-06-19T16:58:18+00:00
SAO_8038-10,São Paulo,3550308,True,,797,,,-23.542305499999998,-46.7439785,,,,1,2023-06-19T16:58:20+00:00
SAO_8038-10,São Paulo,3550308,True,,797,,,-23.5245465,-46.73684225,,,,1,2023-06-19T16:58:45+00:00
SAO_8038-10,São Paulo,3550308,True,,797,,,-23.537066,-46.7582625,,,,1,2023-06-19T16:58:20+00:00
SAO_695X-10,São Paulo,3550308,True,,1441,,,-23.6466305,-46.6450555,,,,1,2023-06-19T16:58:29+00:00
SAO_695X-10,São Paulo,3550308,True,,1441,,,-23.767062,-46.7161295,,,,1,2023-06-19T16:58:44+00:00
SAO_695X-10,São Paulo,3550308,True,,1441,,,-23.767062,-46.7161295,,,,1,2023-06-19T16:58:20+00:00
SAO_695X-10,São Paulo,3550308,True,,1441,,,-23.64850075,-46.662625250000005,,,,1,2023-06-19T16:58:34+00:00
SAO_695X-10,São Paulo,3550308,True,,1441,,,-23.767062,-46.7161295,,,,1,2023-06-19T16:58:48+00:00
SAO_695X-10,São Paulo,3550308,True,,1441,,,-23.767062,-46.7161295,,,,1,2023-06-19T16:58:47+00:00
SAO_695X-10,São Paulo,3550308,True,,1441,,,-23.646676499999998,-46.639137500000004,,,,1,2023-06-19T16:58:14+00:00
SAO_695X-10,São Paulo,3550308,True,,1441,,,-23.74805575,-46.70845224999999,,,,1,2023-06-19T16:58:50+00:00
SAO_695X-10,São Paulo,3550308,True,,1441,,,-23.64275825,-46.65656825,,,,1,2023-06-19T16:58:48+00:00
SAO_695X-10,São Paulo,3550308,True,,1441,,,-23.6784805,-46.684785500000004,,,,1,2023-06-19T16:58:26+00:00
SAO_695X-10,São Paulo,3550308,True,,1441,,,-23.748918249999996,-46.709053749999995,,,,1,2023-06-19T16:58:46+00:00
SAO_695X-10,São Paulo,3550308,True,,1441,,,-23.7093575,-46.699754999999996,,,,1,2023-06-19T16:58:46+00:00
SAO_4725-10,São Paulo,3550308,True,,33106,,,-23.6334285,-46.614411000000004,,,,2,2023-06-19T16:58:39+00:00
SAO_4725-10,São Paulo,3550308,True,,33106,,,-23.6335525,-46.6141865,,,,2,2023-06-19T16:58:37+00:00
SAO_4725-10,São Paulo,3550308,True,,33106,,,-23.6335525,-46.6141865,,,,2,2023-06-19T16:58:35+00:00
SAO_4725-10,São Paulo,3550308,True,,33106,,,-23.61605075,-46.6435655,,,,2,2023-06-19T16:56:42+00:00
SAO_8707-10,São Paulo,3550308,True,,34832,,,-23.534592,-46.644363999999996,,,,2,2023-06-19T16:58:52+00:00
SAO_8707-10,São Paulo,3550308,True,,34832,,,-23.565349,-46.744643874999994,,,,2,2023-06-19T16:58:21+00:00
SAO_8707-10,São Paulo,3550308,True,,34832,,,-23.557931500000002,-46.667739,,,,2,2023-06-19T16:58:38+00:00
SAO_8707-10,São Paulo,3550308,True,,34832,,,-23.5691565,-46.715317999999996,,,,2,2023-06-19T16:58:43+00:00
SAO_8707-10,São Paulo,3550308,True,,34832,,,-23.582739625000002,-46.76021837500001,,,,2,2023-06-19T16:58:25+00:00
SAO_8707-10,São Paulo,3550308,True,,34832,,,-23.534661999999997,-46.6444695,,,,2,2023-06-19T16:58:24+00:00
SAO_2727-10,São Paulo,3550308,True,,33710,,,-23.540062499999998,-46.482594375,,,,2,2023-06-19T16:58:15+00:00
SAO_2727-10,São Paulo,3550308,True,,33710,,,-23.521929,-46.4574135,,,,2,2023-06-19T16:58:55+00:00
SAO_2727-10,São Paulo,3550308,True,,33710,,,-23.539938499999998,-46.482815,,,,2,2023-06-19T16:58:34+00:00
SAO_2727-10,São Paulo,3550308,True,,33710,,,-23.53473175,-46.467402875000005,,,,2,2023-06-19T16:58:50+00:00
SAO_745M-21,São Paulo,3550308,True,,1984,,,-23.635189500000003,-46.775909,,,,1,2023-06-19T16:58:16+00:00
SAO_745M-21,São Paulo,3550308,True,,1984,,,-23.631952,-46.766079500000004,,,,1,2023-06-19T16:58:32+00:00
SAO_6970-10,São Paulo,3550308,True,,1505,,,-23.6567315,-46.71790375,,,,1,2023-06-19T16:58:51+00:00
SAO_6970-10,São Paulo,3550308,True,,1505,,,-23.737581499999997,-46.697899500000005,,,,1,2023-06-19T16:58:31+00:00
SAO_6970-10,São Paulo,3550308,True,,1505,,,-23.735712499999998,-46.69611125,,,,1,2023-06-19T16:58:43+00:00
SAO_6970-10,São Paulo,3550308,True,,1505,,,-23.695369,-46.714832125,,,,1,2023-06-19T16:58:47+00:00
SAO_6970-10,São Paulo,3550308,True,,1505,,,-23.737581499999997,-46.697899500000005,,,,1,2023-06-19T16:58:31+00:00
SAO_6970-10,São Paulo,3550308,True,,1505,,,-23.737581499999997,-46.697899500000005,,,,1,2023-06-19T16:58:02+00:00
SAO_6970-10,São Paulo,3550308,True,,1505,,,-23.737581499999997,-46.697899500000005,,,,1,2023-06-19T16:58:18+00:00
SAO_6970-10,São Paulo,3550308,True,,1505,,,-23.737581499999997,-46.697899500000005,,,,1,2023-06-19T16:58:29+00:00
SAO_6074-10,São Paulo,3550308,True,,1161,,,-23.741049,-46.668495,,,,1,2023-06-19T16:58:53+00:00
SAO_6074-10,São Paulo,3550308,True,,1161,,,-23.734681375,-46.694479375,,,,1,2023-06-19T16:58:33+00:00
SAO_6074-10,São Paulo,3550308,True,,1161,,,-23.687099,-46.694791499999994,,,,1,2023-06-19T16:58:53+00:00
SAO_6074-10,São Paulo,3550308,True,,1161,,,-23.677098,-46.701800500000004,,,,1,2023-06-19T16:58:22+00:00
SAO_6074-10,São Paulo,3550308,True,,1161,,,-23.734544,-46.664035999999996,,,,1,2023-06-19T16:58:13+00:00
SAO_6074-10,São Paulo,3550308,True,,1161,,,-23.7557945,-46.6673025,,,,1,2023-06-19T16:58:24+00:00
SAO_6074-10,São Paulo,3550308,True,,1161,,,-23.6775075,-46.701513500000004,,,,1,2023-06-19T16:58:50+00:00
SAO_6074-10,São Paulo,3550308,True,,1161,,,-23.734544,-46.664035999999996,,,,1,2023-06-19T16:58:30+00:00
SAO_6074-10,São Paulo,3550308,True,,1161,,,-23.753022,-46.684457,,,,1,2023-06-19T16:58:45+00:00
SAO_5106-21,São Paulo,3550308,True,,1972,,,-23.601169249999998,-46.691475499999996,,,,1,2023-06-19T16:58:54+00:00
SAO_5106-21,São Paulo,3550308,True,,1972,,,-23.683857,-46.633601999999996,,,,1,2023-06-19T16:58:29+00:00
SAO_5106-21,São Paulo,3550308,True,,1972,,,-23.684505,-46.653369,,,,1,2023-06-19T16:58:47+00:00
SAO_5106-21,São Paulo,3550308,True,,1972,,,-23.6129235,-46.6957445,,,,1,2023-06-19T16:58:15+00:00
SAO_5106-21,São Paulo,3550308,True,,1972,,,-23.605185125,-46.673404,,,,1,2023-06-19T16:58:53+00:00
SAO_5106-21,São Paulo,3550308,True,,1972,,,-23.693475499999998,-46.644855,,,,1,2023-06-19T16:58:48+00:00
SAO_5106-21,São Paulo,3550308,True,,1972,,,-23.61672525,-46.64893562500001,,,,1,2023-06-19T16:58:39+00:00
SAO_5106-21,São Paulo,3550308,True,,1972,,,-23.646867999999998,-46.6402595,,,,1,2023-06-19T16:58:48+00:00
SAO_5791-10,São Paulo,3550308,True,,607,,,-23.5677885,-46.639945999999995,,,,1,2023-06-19T16:58:18+00:00
SAO_5791-10,São Paulo,3550308,True,,607,,,-23.630018999999997,-46.646617,,,,1,2023-06-19T16:58:33+00:00
SAO_5791-10,São Paulo,3550308,True,,607,,,-23.687844499999997,-46.6423895,,,,1,2023-06-19T16:58:41+00:00
SAO_5791-10,São Paulo,3550308,True,,607,,,-23.567341125,-46.63987575,,,,1,2023-06-19T16:58:21+00:00
SAO_5791-10,São Paulo,3550308,True,,607,,,-23.567601,-46.6399165,,,,1,2023-06-19T16:58:29+00:00
SAO_5791-10,São Paulo,3550308,True,,607,,,-23.5841275,-46.63652525,,,,1,2023-06-19T16:58:24+00:00
SAO_5791-10,São Paulo,3550308,True,,607,,,-23.562684,-46.6403295,,,,1,2023-06-19T16:58:43+00:00
SAO_5791-10,São Paulo,3550308,True,,607,,,-23.7105915,-46.6279245,,,,1,2023-06-19T16:58:42+00:00
SAO_5791-10,São Paulo,3550308,True,,607,,,-23.664088,-46.637847,,,,1,2023-06-19T16:58:26+00:00
SAO_4006-10,São Paulo,3550308,True,,2180,,,-23.596856,-46.436479,,,,1,2023-06-19T16:58:10+00:00
SAO_4006-10,São Paulo,3550308,True,,2180,,,-23.596856,-46.436479,,,,1,2023-06-19T16:58:29+00:00
SAO_4006-10,São Paulo,3550308,True,,2180,,,-23.6098845,-46.434897,,,,1,2023-06-19T16:58:28+00:00
SAO_574A-10,São Paulo,3550308,True,,33370,,,-23.5922835,-46.636534999999995,,,,2,2023-06-19T16:58:26+00:00
SAO_574A-10,São Paulo,3550308,True,,33370,,,-23.57744975,-46.625303625,,,,2,2023-06-19T16:58:41+00:00
SAO_574A-10,São Paulo,3550308,True,,33370,,,-23.6682745,-46.6426215,,,,2,2023-06-19T16:58:22+00:00
SAO_574A-10,São Paulo,3550308,True,,33370,,,-23.66770375,-46.6422585,,,,2,2023-06-19T16:58:30+00:00
SAO_574A-10,São Paulo,3550308,True,,33370,,,-23.668036,-46.642516,,,,2,2023-06-19T16:58:35+00:00
SAO_574A-10,São Paulo,3550308,True,,33370,,,-23.651024999999997,-46.6399405,,,,2,2023-06-19T16:58:55+00:00
SAO_574A-10,São Paulo,3550308,True,,33370,,,-23.66789325,-46.6424115,,,,2,2023-06-19T16:58:29+00:00
SAO_574A-10,São Paulo,3550308,True,,33370,,,-23.61682625,-46.638924,,,,2,2023-06-19T16:58:48+00:00
SAO_1018-10,São Paulo,3550308,True,,832,,,-23.466867,-46.616189500000004,,,,1,2023-06-19T16:58:22+00:00
SAO_1018-10,São Paulo,3550308,True,,832,,,-23.4865485,-46.61850575,,,,1,2023-06-19T16:58:39+00:00
SAO_407L-10,São Paulo,3550308,True,,2199,,,-23.5403225,-46.426030875,,,,1,2023-06-19T16:58:21+00:00
SAO_407L-10,São Paulo,3550308,True,,2199,,,-23.52341,-46.51546375,,,,1,2023-06-19T16:58:22+00:00
SAO_407L-10,São Paulo,3550308,True,,2199,,,-23.528501,-46.5159915,,,,1,2023-06-19T16:58:33+00:00
SAO_407L-10,São Paulo,3550308,True,,2199,,,-23.590169500000002,-46.3950145,,,,1,2023-06-19T16:58:28+00:00
SAO_407L-10,São Paulo,3550308,True,,2199,,,-23.531568,-46.484353,,,,1,2023-06-19T16:58:10+00:00
SAO_407L-10,São Paulo,3550308,True,,2199,,,-23.584015,-46.390671999999995,,,,1,2023-06-19T16:56:09+00:00
SAO_407L-10,São Paulo,3550308,True,,2199,,,-23.58242125,-46.409844,,,,1,2023-06-19T16:58:43+00:00
SAO_407L-10,São Paulo,3550308,True,,2199,,,-23.559344000000003,-46.411618000000004,,,,1,2023-06-19T16:58:22+00:00
SAO_407L-10,São Paulo,3550308,True,,2199,,,-23.543201125,-46.423678875,,,,1,2023-06-19T16:58:44+00:00
SAO_407L-10,São Paulo,3550308,True,,2199,,,-23.528101,-46.515983000000006,,,,1,2023-06-19T16:58:24+00:00
SAO_4313-10,São Paulo,3550308,True,,34941,,,-23.583091000000003,-46.4080965,,,,2,2023-06-19T16:58:37+00:00
SAO_4313-10,São Paulo,3550308,True,,34941,,,-23.583026,-46.408417,,,,2,2023-06-19T16:58:21+00:00
SAO_4313-10,São Paulo,3550308,True,,34941,,,-23.5479245,-46.629473,,,,2,2023-06-19T16:58:46+00:00
SAO_4313-10,São Paulo,3550308,True,,34941,,,-23.544914250000005,-46.595009375000004,,,,2,2023-06-19T16:58:35+00:00
SAO_4313-10,São Paulo,3550308,True,,34941,,,-23.583026,-46.408417,,,,2,2023-06-19T16:58:22+00:00
SAO_4313-10,São Paulo,3550308,True,,34941,,,-23.5479245,-46.629473,,,,2,2023-06-19T16:58:26+00:00
SAO_4313-10,São Paulo,3550308,True,,34941,,,-23.5479245,-46.629473,,,,2,2023-06-19T16:58:21+00:00
SAO_4313-10,São Paulo,3550308,True,,34941,,,-23.595723500000002,-46.437953750000005,,,,2,2023-06-19T16:58:30+00:00
SAO_4313-10,São Paulo,3550308,True,,34941,,,-23.540722,-46.575559,,,,2,2023-06-19T16:58:50+00:00
SAO_4313-10,São Paulo,3550308,True,,34941,,,-23.5949785,-46.4406365,,,,2,2023-06-19T16:58:33+00:00
SAO_4313-10,São Paulo,3550308,True,,34941,,,-23.583026,-46.408417,,,,2,2023-06-19T16:58:50+00:00
SAO_4313-10,São Paulo,3550308,True,,34941,,,-23.5479245,-46.629473,,,,2,2023-06-19T16:58:29+00:00
SAO_4313-10,São Paulo,3550308,True,,34941,,,-23.582285499999998,-46.491486,,,,2,2023-06-19T16:58:09+00:00
SAO_4313-10,São Paulo,3550308,True,,34941,,,-23.58055825,-46.413486750000004,,,,2,2023-06-19T16:58:32+00:00
SAO_4313-10,São Paulo,3550308,True,,34941,,,-23.583026,-46.408417,,,,2,2023-06-19T16:58:42+00:00
SAO_4313-10,São Paulo,3550308,True,,34941,,,-23.541639,-46.535562999999996,,,,2,2023-06-19T16:58:08+00:00
SAO_4313-10,São Paulo,3550308,True,,34941,,,-23.564734,-46.508157499999996,,,,2,2023-06-19T16:58:24+00:00
SAO_4313-10,São Paulo,3550308,True,,34941,,,-23.598579,-46.4605045,,,,2,2023-06-19T16:58:32+00:00
SAO_4313-10,São Paulo,3550308,True,,34941,,,-23.552245499999998,-46.625327,,,,2,2023-06-19T16:56:01+00:00
SAO_4313-10,São Paulo,3550308,True,,34941,,,-23.5479245,-46.629473,,,,2,2023-06-19T16:58:34+00:00
SAO_3725-10,São Paulo,3550308,True,,1022,,,-23.546904249999997,-46.5208375,,,,1,2023-06-19T16:58:25+00:00
SAO_2766-10,São Paulo,3550308,True,,33173,,,-23.520581999999997,-46.3893115,,,,2,2023-06-19T16:58:51+00:00
SAO_2766-10,São Paulo,3550308,True,,33173,,,-23.520578,-46.389579999999995,,,,2,2023-06-19T16:58:25+00:00
SAO_2766-10,São Paulo,3550308,True,,33173,,,-23.5207915,-46.3898935,,,,2,2023-06-19T16:55:36+00:00
SAO_2766-10,São Paulo,3550308,True,,33173,,,-23.537798,-46.4490185,,,,2,2023-06-19T16:57:43+00:00
SAO_2766-10,São Paulo,3550308,True,,33173,,,-23.5205485,-46.3895395,,,,2,2023-06-19T16:58:28+00:00
SAO_2766-10,São Paulo,3550308,True,,33173,,,-23.506515,-46.395967999999996,,,,2,2023-06-19T16:58:47+00:00
SAO_2766-10,São Paulo,3550308,True,,33173,,,-23.494584,-46.425981500000006,,,,2,2023-06-19T16:58:40+00:00
SAO_2766-10,São Paulo,3550308,True,,33173,,,-23.5205485,-46.3895395,,,,2,2023-06-19T16:58:01+00:00
SAO_2766-10,São Paulo,3550308,True,,33173,,,-23.5205485,-46.3895395,,,,2,2023-06-19T16:58:44+00:00
SAO_2766-10,São Paulo,3550308,True,,33173,,,-23.51798475,-46.3882325,,,,2,2023-06-19T16:57:52+00:00
SAO_4002-10,São Paulo,3550308,True,,2177,,,-23.558199000000002,-46.522121,,,,1,2023-06-19T16:58:30+00:00
SAO_4002-10,São Paulo,3550308,True,,2177,,,-23.5536305,-46.4636275,,,,1,2023-06-19T16:56:50+00:00
SAO_4002-10,São Paulo,3550308,True,,2177,,,-23.5583375,-46.399699,,,,1,2023-06-19T16:58:33+00:00
SAO_2709-10,São Paulo,3550308,True,,33690,,,-23.529814000000002,-46.5011675,,,,2,2023-06-19T16:58:21+00:00
SAO_2709-10,São Paulo,3550308,True,,33690,,,-23.529382,-46.50029325,,,,2,2023-06-19T16:58:16+00:00
SAO_2709-10,São Paulo,3550308,True,,33690,,,-23.533164125,-46.490375875,,,,2,2023-06-19T16:58:22+00:00
SAO_2709-10,São Paulo,3550308,True,,33690,,,-23.529382,-46.50029325,,,,2,2023-06-19T16:58:36+00:00
SAO_118Y-10,São Paulo,3550308,True,EMTU,841,https://moovitapp.com/index/pt-br/transporte_p%C3%BAblico-line-841-Sao_Paulo-242-2038937-36419604-0,5.15,-23.520219500000003,-46.7019085,,,,1,2023-06-19T16:58:12+00:00
SAO_118Y-10,São Paulo,3550308,True,EMTU,841,https://moovitapp.com/index/pt-br/transporte_p%C3%BAblico-line-841-Sao_Paulo-242-2038937-36419604-0,5.15,-23.479932499999997,-46.649947999999995,,,,1,2023-06-19T16:58:27+00:00
SAO_118Y-10,São Paulo,3550308,True,EMTU,841,https://moovitapp.com/index/pt-br/transporte_p%C3%BAblico-line-841-Sao_Paulo-242-2038937-36419604-0,5.15,-23.509191,-46.6897765,,,,1,2023-06-19T16:58:52+00:00
SAO_118Y-10,São Paulo,3550308,True,EMTU,841,https://moovitapp.com/index/pt-br/transporte_p%C3%BAblico-line-841-Sao_Paulo-242-2038937-36419604-0,5.15,-23.4835645,-46.6737435,,,,1,2023-06-19T16:58:36+00:00
SAO_118Y-10,São Paulo,3550308,True,EMTU,841,https://moovitapp.com/index/pt-br/transporte_p%C3%BAblico-line-841-Sao_Paulo-242-2038937-36419604-0,5.15,-23.471871999999998,-46.6346485,,,,1,2023-06-19T16:58:46+00:00
SAO_745M-21,São Paulo,3550308,True,,34752,,,-23.630817,-46.767892,,,,2,2023-06-19T16:58:13+00:00
SAO_745M-21,São Paulo,3550308,True,,34752,,,-23.630817,-46.767892,,,,2,2023-06-19T16:58:17+00:00
SAO_745M-21,São Paulo,3550308,True,,34752,,,-23.64483,-46.779506500000004,,,,2,2023-06-19T16:58:45+00:00
SAO_745M-21,São Paulo,3550308,True,,34752,,,-23.629922,-46.770032,,,,2,2023-06-19T16:58:21+00:00
SAO_5701-10,São Paulo,3550308,True,,33904,,,-23.6207405,-46.69348,,,,2,2023-06-19T16:58:22+00:00
SAO_5701-10,São Paulo,3550308,True,,33904,,,-23.639715125,-46.668864375,,,,2,2023-06-19T16:58:51+00:00
SAO_5701-10,São Paulo,3550308,True,,33904,,,-23.64151575,-46.643871000000004,,,,2,2023-06-19T16:58:27+00:00
SAO_5701-10,São Paulo,3550308,True,,33904,,,-23.6354945,-46.641478500000005,,,,2,2023-06-19T16:58:41+00:00
SAO_5701-10,São Paulo,3550308,True,,33904,,,-23.6348625,-46.64138,,,,2,2023-06-19T16:58:19+00:00
SAO_5701-10,São Paulo,3550308,True,,33904,,,-23.635144500000003,-46.644168,,,,2,2023-06-19T16:58:13+00:00
SAO_5701-10,São Paulo,3550308,True,,33904,,,-23.6354945,-46.641478500000005,,,,2,2023-06-19T16:58:22+00:00
SAO_5701-10,São Paulo,3550308,True,,33904,,,-23.635675499999998,-46.6697785,,,,2,2023-06-19T16:58:43+00:00
SAO_5701-10,São Paulo,3550308,True,,33904,,,-23.6348625,-46.64138,,,,2,2023-06-19T16:58:38+00:00
SAO_574W-10,São Paulo,3550308,True,,1629,,,-23.570818,-46.5389225,,,,1,2023-06-19T16:58:48+00:00
SAO_574W-10,São Paulo,3550308,True,,1629,,,-23.61438175,-46.49979675,,,,1,2023-06-19T16:58:18+00:00
SAO_574W-10,São Paulo,3550308,True,,1629,,,-23.6147775,-46.4877295,,,,1,2023-06-19T16:58:31+00:00
SAO_574W-10,São Paulo,3550308,True,,1629,,,-23.5767895,-46.5166635,,,,1,2023-06-19T16:58:43+00:00
SAO_6110-10,São Paulo,3550308,True,,1184,,,-23.751383500000003,-46.71052,,,,1,2023-06-19T16:58:41+00:00
SAO_6110-10,São Paulo,3550308,True,,1184,,,-23.757465,-46.7053555,,,,1,2023-06-19T16:58:42+00:00
SAO_6110-10,São Paulo,3550308,True,,1184,,,-23.733571,-46.71266,,,,1,2023-06-19T16:58:43+00:00
SAO_6110-10,São Paulo,3550308,True,,1184,,,-23.62337025,-46.661602125,,,,1,2023-06-19T16:58:54+00:00
SAO_6110-10,São Paulo,3550308,True,,1184,,,-23.719107,-46.698873000000006,,,,1,2023-06-19T16:58:26+00:00
SAO_6110-10,São Paulo,3550308,True,,1184,,,-23.694826,-46.699424,,,,1,2023-06-19T16:58:30+00:00
SAO_6110-10,São Paulo,3550308,True,,1184,,,-23.757465,-46.7053555,,,,1,2023-06-19T16:58:44+00:00
SAO_6110-10,São Paulo,3550308,True,,1184,,,-23.627564,-46.6615485,,,,1,2023-06-19T16:58:47+00:00
SAO_6110-10,São Paulo,3550308,True,,1184,,,-23.62337025,-46.661602125,,,,1,2023-06-19T16:58:45+00:00
SAO_6110-10,São Paulo,3550308,True,,1184,,,-23.757465,-46.7053555,,,,1,2023-06-19T16:58:16+00:00
SAO_6110-10,São Paulo,3550308,True,,1184,,,-23.757465,-46.7053555,,,,1,2023-06-19T16:58:28+00:00
SAO_6110-10,São Paulo,3550308,True,,1184,,,-23.67939875,-46.686052249999996,,,,1,2023-06-19T16:58:27+00:00
SAO_817C-10,São Paulo,3550308,True,,34105,,,-23.547102000000002,-46.689769999999996,,,,2,2023-06-19T16:58:49+00:00
SAO_817C-10,São Paulo,3550308,True,,34105,,,-23.5216755,-46.701507,,,,2,2023-06-19T16:58:10+00:00
SAO_817C-10,São Paulo,3550308,True,,34105,,,-23.55339225,-46.672321999999994,,,,2,2023-06-19T16:58:23+00:00
SAO_817C-10,São Paulo,3550308,True,,34105,,,-23.5216915,-46.7010605,,,,2,2023-06-19T16:58:41+00:00
SAO_775F-10,São Paulo,3550308,True,,796,,,-23.6254505,-46.7479555,,,,1,2023-06-19T16:58:35+00:00
SAO_775F-10,São Paulo,3550308,True,,796,,,-23.6254505,-46.7479555,,,,1,2023-06-19T16:58:53+00:00
SAO_775F-10,São Paulo,3550308,True,,796,,,-23.6160465,-46.7550845,,,,1,2023-06-19T16:58:50+00:00
SAO_775F-10,São Paulo,3550308,True,,796,,,-23.59921775,-46.721178375,,,,1,2023-06-19T16:58:38+00:00
SAO_775F-10,São Paulo,3550308,True,,796,,,-23.6254505,-46.7479555,,,,1,2023-06-19T16:58:15+00:00
SAO_775F-10,São Paulo,3550308,True,,796,,,-23.5593425,-46.68047825,,,,1,2023-06-19T16:58:23+00:00
SAO_775F-10,São Paulo,3550308,True,,796,,,-23.6254505,-46.7479555,,,,1,2023-06-19T16:58:21+00:00
SAO_775F-10,São Paulo,3550308,True,,796,,,-23.6254505,-46.7479555,,,,1,2023-06-19T16:58:23+00:00
SAO_775F-10,São Paulo,3550308,True,,796,,,-23.6254505,-46.7479555,,,,1,2023-06-19T16:58:37+00:00
SAO_775F-10,São Paulo,3550308,True,,796,,,-23.6254505,-46.7479555,,,,1,2023-06-19T16:58:54+00:00
SAO_775F-10,São Paulo,3550308,True,,796,,,-23.586530000000003,-46.695387999999994,,,,1,2023-06-19T16:58:53+00:00
SAO_775F-10,São Paulo,3550308,True,,796,,,-23.6254505,-46.7479555,,,,1,2023-06-19T16:58:19+00:00
SAO_2755-10,São Paulo,3550308,True,STT,233,https://moovitapp.com/index/pt-br/transporte_p%C3%BAblico-line-233-Sao_Paulo-242-850661-183266-0,5.3,-23.5397325,-46.3947625,,,,1,2023-06-19T16:58:55+00:00
SAO_2755-10,São Paulo,3550308,True,STT,233,https://moovitapp.com/index/pt-br/transporte_p%C3%BAblico-line-233-Sao_Paulo-242-850661-183266-0,5.3,-23.515601500000002,-46.423706,,,,1,2023-06-19T16:58:20+00:00
SAO_2755-10,São Paulo,3550308,True,STT,233,https://moovitapp.com/index/pt-br/transporte_p%C3%BAblico-line-233-Sao_Paulo-242-850661-183266-0,5.3,-23.5417865,-46.410886000000005,,,,1,2023-06-19T16:58:38+00:00
SAO_2755-10,São Paulo,3550308,True,STT,233,https://moovitapp.com/index/pt-br/transporte_p%C3%BAblico-line-233-Sao_Paulo-242-850661-183266-0,5.3,-23.51595725,-46.467382375,,,,1,2023-06-19T16:58:46+00:00
SAO_2755-10,São Paulo,3550308,True,STT,233,https://moovitapp.com/index/pt-br/transporte_p%C3%BAblico-line-233-Sao_Paulo-242-850661-183266-0,5.3,-23.523042,-46.519755,,,,1,2023-06-19T16:58:26+00:00
SAO_2755-10,São Paulo,3550308,True,STT,233,https://moovitapp.com/index/pt-br/transporte_p%C3%BAblico-line-233-Sao_Paulo-242-850661-183266-0,5.3,-23.5214985,-46.5498885,,,,1,2023-06-19T16:58:29+00:00
SAO_637A-26,São Paulo,3550308,True,,34525,,,-23.566554,-46.701409999999996,,,,2,2023-06-19T16:58:26+00:00
SAO_637A-26,São Paulo,3550308,True,,34525,,,-23.566554,-46.701409999999996,,,,2,2023-06-19T16:58:18+00:00
SAO_2002-10,São Paulo,3550308,True,STT,711,https://moovitapp.com/index/pt-br/transporte_p%C3%BAblico-line-711-Sao_Paulo-242-850661-183340-0,5.3,-23.550005,-46.6312765,,,,1,2023-06-19T16:58:44+00:00
SAO_2002-10,São Paulo,3550308,True,STT,711,https://moovitapp.com/index/pt-br/transporte_p%C3%BAblico-line-711-Sao_Paulo-242-850661-183340-0,5.3,-23.545648,-46.63579824999999,,,,1,2023-06-19T16:58:40+00:00
SAO_2002-10,São Paulo,3550308,True,STT,711,https://moovitapp.com/index/pt-br/transporte_p%C3%BAblico-line-711-Sao_Paulo-242-850661-183340-0,5.3,-23.542720250000002,-46.643174625,,,,1,2023-06-19T16:58:19+00:00
SAO_2002-10,São Paulo,3550308,True,STT,711,https://moovitapp.com/index/pt-br/transporte_p%C3%BAblico-line-711-Sao_Paulo-242-850661-183340-0,5.3,-23.549846,-46.6390715,,,,1,2023-06-19T16:58:22+00:00
SAO_2002-10,São Paulo,3550308,True,STT,711,https://moovitapp.com/index/pt-br/transporte_p%C3%BAblico-line-711-Sao_Paulo-242-850661-183340-0,5.3,-23.547219,-46.6295935,,,,1,2023-06-19T16:58:23+00:00
SAO_475M-10,São Paulo,3550308,True,,33111,,,-23.613037,-46.617622499999996,,,,2,2023-06-19T16:58:32+00:00
SAO_475M-10,São Paulo,3550308,True,,33111,,,-23.54555125,-46.647949499999996,,,,2,2023-06-19T16:58:43+00:00
SAO_475M-10,São Paulo,3550308,True,,33111,,,-23.617908999999997,-46.618153500000005,,,,2,2023-06-19T16:58:39+00:00
SAO_3737-31,São Paulo,3550308,True,,1354,,,-23.530606499999998,-46.51745699999999,,,,1,2023-06-19T16:58:38+00:00
SAO_3737-31,São Paulo,3550308,True,,1354,,,-23.5331495,-46.516372000000004,,,,1,2023-06-19T16:57:37+00:00
SAO_3737-31,São Paulo,3550308,True,,1354,,,-23.530606499999998,-46.51745699999999,,,,1,2023-06-19T16:58:43+00:00
SAO_3737-31,São Paulo,3550308,True,,1354,,,-23.5329875,-46.515269,,,,1,2023-06-19T16:58:45+00:00
SAO_3737-10,São Paulo,3550308,True,,33805,,,-23.5485315,-46.50905,,,,2,2023-06-19T16:58:48+00:00
SAO_3737-10,São Paulo,3550308,True,,33805,,,-23.562945,-46.50564,,,,2,2023-06-19T16:58:31+00:00
SAO_3737-10,São Paulo,3550308,True,,33805,,,-23.5307095,-46.517677,,,,2,2023-06-19T16:58:11+00:00
SAO_3737-10,São Paulo,3550308,True,,33805,,,-23.5307095,-46.517677,,,,2,2023-06-19T16:58:17+00:00
SAO_3737-10,São Paulo,3550308,True,,33805,,,-23.55456775,-46.50334625000001,,,,2,2023-06-19T16:58:24+00:00
SAO_3737-10,São Paulo,3550308,True,,33805,,,-23.5612445,-46.509851,,,,2,2023-06-19T16:58:22+00:00
SAO_3737-10,São Paulo,3550308,True,,33805,,,-23.5307095,-46.517677,,,,2,2023-06-19T16:58:21+00:00
SAO_3737-10,São Paulo,3550308,True,,33805,,,-23.5307095,-46.517677,,,,2,2023-06-19T16:58:09+00:00
SAO_1036-10,São Paulo,3550308,True,,2453,,,-23.4845565,-46.7127175,,,,1,2023-06-19T16:58:15+00:00
SAO_1036-10,São Paulo,3550308,True,,2453,,,-23.447775,-46.708842000000004,,,,1,2023-06-19T16:58:24+00:00
SAO_1036-10,São Paulo,3550308,True,,2453,,,-23.448075,-46.708777999999995,,,,1,2023-06-19T16:58:36+00:00
SAO_1036-10,São Paulo,3550308,True,,2453,,,-23.46345525,-46.7139275,,,,1,2023-06-19T16:58:10+00:00
SAO_1036-10,São Paulo,3550308,True,,2453,,,-23.4509275,-46.7121005,,,,1,2023-06-19T16:58:28+00:00
SAO_1036-10,São Paulo,3550308,True,,2453,,,-23.485754,-46.710454,,,,1,2023-06-19T16:58:46+00:00
SAO_1036-10,São Paulo,3550308,True,,2453,,,-23.448075,-46.708777999999995,,,,1,2023-06-19T16:58:47+00:00
SAO_1036-10,São Paulo,3550308,True,,2453,,,-23.447775,-46.708842000000004,,,,1,2023-06-19T16:58:47+00:00
SAO_695Y-10,São Paulo,3550308,True,,33966,,,-23.685366000000002,-46.6930385,,,,2,2023-06-19T16:58:47+00:00
SAO_695Y-10,São Paulo,3550308,True,,33966,,,-23.589460000000003,-46.633678,,,,2,2023-06-19T16:58:53+00:00
SAO_695Y-10,São Paulo,3550308,True,,33966,,,-23.827945999999997,-46.727483500000005,,,,2,2023-06-19T16:58:14+00:00
SAO_695Y-10,São Paulo,3550308,True,,33966,,,-23.828025500000003,-46.7271865,,,,2,2023-06-19T16:58:35+00:00
SAO_695Y-10,São Paulo,3550308,True,,33966,,,-23.697830500000002,-46.700599375,,,,2,2023-06-19T16:57:54+00:00
SAO_695Y-10,São Paulo,3550308,True,,33966,,,-23.7931755,-46.7289665,,,,2,2023-06-19T16:58:11+00:00
SAO_695Y-10,São Paulo,3550308,True,,33966,,,-23.68360025,-46.69271275,,,,2,2023-06-19T16:58:25+00:00
SAO_695Y-10,São Paulo,3550308,True,,33966,,,-23.6328495,-46.689719999999994,,,,2,2023-06-19T16:58:36+00:00
SAO_695Y-10,São Paulo,3550308,True,,33966,,,-23.6271765,-46.684461,,,,2,2023-06-19T16:58:52+00:00
SAO_695Y-10,São Paulo,3550308,True,,33966,,,-23.826211875,-46.7326355,,,,2,2023-06-19T16:58:35+00:00
SAO_695Y-10,São Paulo,3550308,True,,33966,,,-23.8278345,-46.7279345,,,,2,2023-06-19T16:58:21+00:00
SAO_695Y-10,São Paulo,3550308,True,,33966,,,-23.59965425,-46.638943,,,,2,2023-06-19T16:58:18+00:00
SAO_6L08-10,São Paulo,3550308,True,,33950,,,-23.830133,-46.723364000000004,,,,2,2023-06-19T16:58:35+00:00
SAO_6L08-10,São Paulo,3550308,True,,33950,,,-23.827337999999997,-46.697942375,,,,2,2023-06-19T16:58:33+00:00
SAO_5018-31,São Paulo,3550308,True,,34629,,,-23.664089,-46.650504,,,,2,2023-06-19T16:58:15+00:00
SAO_5018-31,São Paulo,3550308,True,,34629,,,-23.652939500000002,-46.64557925,,,,2,2023-06-19T16:58:51+00:00
SAO_5018-31,São Paulo,3550308,True,,34629,,,-23.675586,-46.67307475,,,,2,2023-06-19T16:58:38+00:00
SAO_5018-31,São Paulo,3550308,True,,34629,,,-23.675471,-46.6729985,,,,2,2023-06-19T16:58:18+00:00
SAO_5018-31,São Paulo,3550308,True,,34629,,,-23.675765,-46.673557,,,,2,2023-06-19T16:58:14+00:00
SAO_2730-10,São Paulo,3550308,True,,33713,,,-23.530268375,-46.473850625,,,,2,2023-06-19T16:58:36+00:00
SAO_2730-10,São Paulo,3550308,True,,33713,,,-23.500266250000003,-46.4537395,,,,2,2023-06-19T16:58:35+00:00
SAO_2730-10,São Paulo,3550308,True,,33713,,,-23.515466749999998,-46.46292525,,,,2,2023-06-19T16:58:45+00:00
SAO_2730-10,São Paulo,3550308,True,,33713,,,-23.508653125,-46.44959475,,,,2,2023-06-19T16:58:11+00:00
SAO_2730-10,São Paulo,3550308,True,,33713,,,-23.5105165,-46.446583499999996,,,,2,2023-06-19T16:58:14+00:00
SAO_2730-10,São Paulo,3550308,True,,33713,,,-23.510537499999998,-46.4468945,,,,2,2023-06-19T16:58:26+00:00
SAO_2730-10,São Paulo,3550308,True,,33713,,,-23.5105165,-46.446583499999996,,,,2,2023-06-19T16:58:39+00:00
SAO_2730-10,São Paulo,3550308,True,,33713,,,-23.5403095,-46.483497,,,,2,2023-06-19T16:58:21+00:00
SAO_2730-10,São Paulo,3550308,True,,33713,,,-23.515466749999998,-46.46292525,,,,2,2023-06-19T16:58:44+00:00
SAO_4314-10,São Paulo,3550308,True,,2174,,,-23.568768,-46.401292999999995,,,,1,2023-06-19T16:58:20+00:00
SAO_4314-10,São Paulo,3550308,True,,2174,,,-23.54089775,-46.537795,,,,1,2023-06-19T16:58:47+00:00
SAO_4314-10,São Paulo,3550308,True,,2174,,,-23.549853499999998,-46.4585445,,,,1,2023-06-19T16:58:13+00:00
SAO_4314-10,São Paulo,3550308,True,,2174,,,-23.545514,-46.5983455,,,,1,2023-06-19T16:58:54+00:00
SAO_4314-10,São Paulo,3550308,True,,2174,,,-23.543107,-46.628366,,,,1,2023-06-19T16:58:13+00:00
SAO_4314-10,São Paulo,3550308,True,,2174,,,-23.5547135,-46.479942,,,,1,2023-06-19T16:58:48+00:00
SAO_4033-10,São Paulo,3550308,True,,1103,,,-23.61552125,-46.46983125,,,,1,2023-06-19T16:58:38+00:00
SAO_4033-10,São Paulo,3550308,True,,1103,,,-23.599062749999998,-46.53880375,,,,1,2023-06-19T16:58:21+00:00
SAO_4033-10,São Paulo,3550308,True,,1103,,,-23.596329,-46.5066015,,,,1,2023-06-19T16:58:49+00:00
SAO_4033-10,São Paulo,3550308,True,,1103,,,-23.615854,-46.455457499999994,,,,1,2023-06-19T16:58:40+00:00
SAO_4033-10,São Paulo,3550308,True,,1103,,,-23.619987000000002,-46.4442025,,,,1,2023-06-19T16:58:47+00:00
SAO_4033-10,São Paulo,3550308,True,,1103,,,-23.619987000000002,-46.4442025,,,,1,2023-06-19T16:58:37+00:00
SAO_4033-10,São Paulo,3550308,True,,1103,,,-23.59746625,-46.523859,,,,1,2023-06-19T16:58:18+00:00
SAO_4033-10,São Paulo,3550308,True,,1103,,,-23.607469000000002,-46.5019215,,,,1,2023-06-19T16:58:40+00:00
SAO_4033-10,São Paulo,3550308,True,,1103,,,-23.604433,-46.5036645,,,,1,2023-06-19T16:58:53+00:00
SAO_3732-10,São Paulo,3550308,True,,1029,,,-23.5512605,-46.4365745,,,,1,2023-06-19T16:58:46+00:00
SAO_3732-10,São Paulo,3550308,True,,1029,,,-23.542482,-46.470364,,,,1,2023-06-19T16:58:39+00:00
SAO_3732-10,São Paulo,3550308,True,,1029,,,-23.5518985,-46.445282,,,,1,2023-06-19T16:58:40+00:00
SAO_3732-10,São Paulo,3550308,True,,1029,,,-23.539538,-46.4317025,,,,1,2023-06-19T16:58:37+00:00
SAO_3732-10,São Paulo,3550308,True,,1029,,,-23.539538,-46.4317025,,,,1,2023-06-19T16:58:30+00:00
SAO_3732-10,São Paulo,3550308,True,,1029,,,-23.537301499999998,-46.45370725000001,,,,1,2023-06-19T16:58:25+00:00
SAO_3732-10,São Paulo,3550308,True,,1029,,,-23.5407625,-46.435683749999995,,,,1,2023-06-19T16:58:42+00:00
SAO_3732-10,São Paulo,3550308,True,,1029,,,-23.550899,-46.4365125,,,,1,2023-06-19T16:58:37+00:00
SAO_6803-10,São Paulo,3550308,True,BR7 Mobilidade,29,https://moovitapp.com/index/pt-br/transporte_p%C3%BAblico-line-29-Sao_Paulo-242-851856-500111-0,5.75,-23.6610005,-46.7486895,,,,1,2023-06-19T16:57:03+00:00
SAO_6803-10,São Paulo,3550308,True,BR7 Mobilidade,29,https://moovitapp.com/index/pt-br/transporte_p%C3%BAblico-line-29-Sao_Paulo-242-851856-500111-0,5.75,-23.6439105,-46.7348865,,,,1,2023-06-19T16:58:26+00:00
SAO_4311-10,São Paulo,3550308,True,,2171,,,-23.610542,-46.474706499999996,,,,1,2023-06-19T16:58:33+00:00
SAO_4311-10,São Paulo,3550308,True,,2171,,,-23.552734,-46.6150765,,,,1,2023-06-19T16:58:53+00:00
SAO_4311-10,São Paulo,3550308,True,,2171,,,-23.547011,-46.62953,,,,1,2023-06-19T16:58:12+00:00
SAO_4311-10,São Paulo,3550308,True,,2171,,,-23.6136555,-46.476372999999995,,,,1,2023-06-19T16:58:31+00:00
SAO_4311-10,São Paulo,3550308,True,,2171,,,-23.535527375,-46.551729,,,,1,2023-06-19T16:58:37+00:00
SAO_4311-10,São Paulo,3550308,True,,2171,,,-23.6135545,-46.476344499999996,,,,1,2023-06-19T16:58:38+00:00
SAO_4311-10,São Paulo,3550308,True,,2171,,,-23.6136555,-46.476372999999995,,,,1,2023-06-19T16:58:30+00:00
SAO_4311-10,São Paulo,3550308,True,,2171,,,-23.574930000000002,-46.5028455,,,,1,2023-06-19T16:57:54+00:00
SAO_3737-10,São Paulo,3550308,True,,1037,,,-23.530861,-46.517923999999994,,,,1,2023-06-19T16:58:50+00:00
SAO_3737-10,São Paulo,3550308,True,,1037,,,-23.539618500000003,-46.514544,,,,1,2023-06-19T16:58:12+00:00
SAO_3737-10,São Paulo,3550308,True,,1037,,,-23.56004525,-46.51094475,,,,1,2023-06-19T16:58:43+00:00
SAO_3737-10,São Paulo,3550308,True,,1037,,,-23.5505565,-46.5080375,,,,1,2023-06-19T16:58:21+00:00
SAO_3737-10,São Paulo,3550308,True,,1037,,,-23.539844000000002,-46.514249750000005,,,,1,2023-06-19T16:57:55+00:00
SAO_3737-10,São Paulo,3550308,True,,1037,,,-23.5553655,-46.503633750000006,,,,1,2023-06-19T16:58:03+00:00
SAO_3737-10,São Paulo,3550308,True,,1037,,,-23.53139975,-46.51727775,,,,1,2023-06-19T16:58:47+00:00
SAO_971A-10,São Paulo,3550308,True,,33426,,,-23.486371499999997,-46.680727000000005,,,,2,2023-06-19T16:58:31+00:00
SAO_971A-10,São Paulo,3550308,True,,33426,,,-23.486351,-46.680228,,,,2,2023-06-19T16:58:25+00:00
SAO_971A-10,São Paulo,3550308,True,,33426,,,-23.503069,-46.6246315,,,,2,2023-06-19T16:58:44+00:00
SAO_971A-10,São Paulo,3550308,True,,33426,,,-23.5036595,-46.67783675,,,,2,2023-06-19T16:58:47+00:00
SAO_971A-10,São Paulo,3550308,True,,33426,,,-23.486307,-46.680385,,,,2,2023-06-19T16:58:13+00:00
SAO_971A-10,São Paulo,3550308,True,,33426,,,-23.486307,-46.680385,,,,2,2023-06-19T16:58:14+00:00
SAO_971A-10,São Paulo,3550308,True,,33426,,,-23.501023,-46.648458500000004,,,,2,2023-06-19T16:58:23+00:00
SAO_971A-10,São Paulo,3550308,True,,33426,,,-23.504087499999997,-46.672816,,,,2,2023-06-19T16:58:22+00:00
SAO_8013-10,São Paulo,3550308,True,,33568,,,-23.520303499999997,-46.7110705,,,,2,2023-06-19T16:58:24+00:00
SAO_8013-10,São Paulo,3550308,True,,33568,,,-23.508729250000002,-46.731270499999994,,,,2,2023-06-19T16:58:16+00:00
SAO_8013-10,São Paulo,3550308,True,,33568,,,-23.519316000000003,-46.70403,,,,2,2023-06-19T16:58:26+00:00
SAO_8013-10,São Paulo,3550308,True,,33568,,,-23.453165249999998,-46.78652925,,,,2,2023-06-19T16:58:23+00:00
SAO_8013-10,São Paulo,3550308,True,,33568,,,-23.46065925,-46.781512750000005,,,,2,2023-06-19T16:58:17+00:00
SAO_8013-10,São Paulo,3550308,True,,33568,,,-23.4315405,-46.7867875,,,,2,2023-06-19T16:58:16+00:00
SAO_8013-10,São Paulo,3550308,True,,33568,,,-23.4318945,-46.786733749999996,,,,2,2023-06-19T16:58:16+00:00
SAO_8013-10,São Paulo,3550308,True,,33568,,,-23.4231945,-46.789344,,,,2,2023-06-19T16:57:58+00:00
SAO_4210-10,São Paulo,3550308,True,,34938,,,-23.583026,-46.408417,,,,2,2023-06-19T16:58:41+00:00
SAO_4210-10,São Paulo,3550308,True,,34938,,,-23.53931525,-46.6086885,,,,2,2023-06-19T16:58:47+00:00
SAO_4210-10,São Paulo,3550308,True,,34938,,,-23.58308,-46.408871000000005,,,,2,2023-06-19T16:58:35+00:00
SAO_4210-10,São Paulo,3550308,True,,34938,,,-23.53641375,-46.5578425,,,,2,2023-06-19T16:57:53+00:00
SAO_4210-10,São Paulo,3550308,True,,34938,,,-23.5355065,-46.5843,,,,2,2023-06-19T16:58:53+00:00
SAO_4210-10,São Paulo,3550308,True,,34938,,,-23.5830695,-46.408172,,,,2,2023-06-19T16:58:12+00:00
SAO_4210-10,São Paulo,3550308,True,,34938,,,-23.5833045,-46.407338,,,,2,2023-06-19T16:58:32+00:00
SAO_4210-10,São Paulo,3550308,True,,34938,,,-23.548332000000002,-46.6285635,,,,2,2023-06-19T16:58:36+00:00
SAO_4210-10,São Paulo,3550308,True,,34938,,,-23.5674975,-46.506549500000006,,,,2,2023-06-19T16:58:16+00:00
SAO_4210-10,São Paulo,3550308,True,,34938,,,-23.58308,-46.408871000000005,,,,2,2023-06-19T16:58:43+00:00
SAO_4210-10,São Paulo,3550308,True,,34938,,,-23.583026,-46.408417,,,,2,2023-06-19T16:54:03+00:00
SAO_577T-10,São Paulo,3550308,True,,34059,,,-23.65695675,-46.65429575,,,,2,2023-06-19T16:58:36+00:00
SAO_577T-10,São Paulo,3550308,True,,34059,,,-23.61322,-46.638131,,,,2,2023-06-19T16:58:27+00:00
SAO_577T-10,São Paulo,3550308,True,,34059,,,-23.581736499999998,-46.638384,,,,2,2023-06-19T16:58:11+00:00
SAO_577T-10,São Paulo,3550308,True,,34059,,,-23.685989,-46.637835,,,,2,2023-06-19T16:58:38+00:00
SAO_577T-10,São Paulo,3550308,True,,34059,,,-23.6868825,-46.6383355,,,,2,2023-06-19T16:58:49+00:00
SAO_577T-10,São Paulo,3550308,True,,34059,,,-23.6855415,-46.637704,,,,2,2023-06-19T16:58:28+00:00
SAO_407L-10,São Paulo,3550308,True,,34967,,,-23.563206,-46.416537999999996,,,,2,2023-06-19T16:58:21+00:00
SAO_407L-10,São Paulo,3550308,True,,34967,,,-23.590592,-46.3947795,,,,2,2023-06-19T16:58:11+00:00
SAO_407L-10,São Paulo,3550308,True,,34967,,,-23.590592,-46.3947795,,,,2,2023-06-19T16:58:40+00:00
SAO_407L-10,São Paulo,3550308,True,,34967,,,-23.56388,-46.4163495,,,,2,2023-06-19T16:58:45+00:00
SAO_407L-10,São Paulo,3550308,True,,34967,,,-23.5902495,-46.394968500000004,,,,2,2023-06-19T16:58:23+00:00
SAO_407L-10,São Paulo,3550308,True,,34967,,,-23.590592,-46.3947795,,,,2,2023-06-19T16:58:31+00:00
SAO_407L-10,São Paulo,3550308,True,,34967,,,-23.53314125,-46.430143625,,,,2,2023-06-19T16:58:14+00:00
SAO_407L-10,São Paulo,3550308,True,,34967,,,-23.58937675,-46.394194875000004,,,,2,2023-06-19T16:58:51+00:00
SAO_407L-10,São Paulo,3550308,True,,34967,,,-23.583485500000002,-46.407138,,,,2,2023-06-19T16:56:39+00:00
SAO_407L-10,São Paulo,3550308,True,,34967,,,-23.590592,-46.3947795,,,,2,2023-06-19T16:58:34+00:00
SAO_407L-10,São Paulo,3550308,True,,34967,,,-23.5317755,-46.483855000000005,,,,2,2023-06-19T16:57:24+00:00
SAO_4029-10,São Paulo,3550308,True,,1099,,,-23.6101915,-46.480281500000004,,,,1,2023-06-19T16:58:27+00:00
SAO_4029-10,São Paulo,3550308,True,,1099,,,-23.585518,-46.58293475,,,,1,2023-06-19T16:58:49+00:00
SAO_4029-10,São Paulo,3550308,True,,1099,,,-23.6085275,-46.480008749999996,,,,1,2023-06-19T16:58:42+00:00
SAO_4029-10,São Paulo,3550308,True,,1099,,,-23.613882500000003,-46.4958725,,,,1,2023-06-19T16:58:24+00:00
SAO_4029-10,São Paulo,3550308,True,,1099,,,-23.6101915,-46.480281500000004,,,,1,2023-06-19T16:58:35+00:00
SAO_4029-10,São Paulo,3550308,True,,1099,,,-23.6036955,-46.509709,,,,1,2023-06-19T16:58:24+00:00
SAO_4029-10,São Paulo,3550308,True,,1099,,,-23.580124499999997,-46.56957,,,,1,2023-06-19T16:58:32+00:00
SAO_4029-10,São Paulo,3550308,True,,1099,,,-23.590721000000002,-46.541563499999995,,,,1,2023-06-19T16:58:16+00:00
SAO_408A-10,São Paulo,3550308,True,,766,,,-23.5741565,-46.6314425,,,,1,2023-06-19T16:58:25+00:00
SAO_408A-10,São Paulo,3550308,True,,766,,,-23.5794005,-46.633419,,,,1,2023-06-19T16:58:37+00:00
SAO_408A-10,São Paulo,3550308,True,,766,,,-23.579777,-46.632999,,,,1,2023-06-19T16:58:11+00:00
SAO_408A-10,São Paulo,3550308,True,,766,,,-23.5450025,-46.6337215,,,,1,2023-06-19T16:58:23+00:00
SAO_408A-10,São Paulo,3550308,True,,766,,,-23.543837375000003,-46.646716375,,,,1,2023-06-19T16:58:16+00:00
SAO_408A-10,São Paulo,3550308,True,,766,,,-23.5440265,-46.67212325,,,,1,2023-06-19T16:58:39+00:00
SAO_408A-10,São Paulo,3550308,True,,766,,,-23.5437675,-46.66446075,,,,1,2023-06-19T16:58:14+00:00
SAO_4018-10,São Paulo,3550308,True,,2191,,,-23.6011475,-46.399366,,,,1,2023-06-19T16:58:14+00:00
SAO_4018-10,São Paulo,3550308,True,,2191,,,-23.595719125000002,-46.437332874999996,,,,1,2023-06-19T16:58:31+00:00
SAO_4018-10,São Paulo,3550308,True,,2191,,,-23.590280749999998,-46.416636999999994,,,,1,2023-06-19T16:56:48+00:00
SAO_4018-10,São Paulo,3550308,True,,2191,,,-23.583131,-46.4090595,,,,1,2023-06-19T16:58:21+00:00
SAO_4018-10,São Paulo,3550308,True,,2191,,,-23.6119185,-46.476276999999996,,,,1,2023-06-19T16:58:44+00:00
SAO_4018-10,São Paulo,3550308,True,,2191,,,-23.600921,-46.399572000000006,,,,1,2023-06-19T16:58:53+00:00
SAO_4018-10,São Paulo,3550308,True,,2191,,,-23.593611,-46.40632925,,,,1,2023-06-19T16:58:32+00:00
SAO_3054-10,São Paulo,3550308,True,,975,,,-23.610959,-46.476257875,,,,1,2023-06-19T16:58:35+00:00
SAO_3054-10,São Paulo,3550308,True,,975,,,-23.596497,-46.456201,,,,1,2023-06-19T16:58:49+00:00
SAO_3054-10,São Paulo,3550308,True,,975,,,-23.601035,-46.41441225,,,,1,2023-06-19T16:58:22+00:00
SAO_5024-31,São Paulo,3550308,True,,33891,,,-23.6896055,-46.679253,,,,2,2023-06-19T16:58:31+00:00
SAO_5024-31,São Paulo,3550308,True,,33891,,,-23.689080750000002,-46.64931275,,,,2,2023-06-19T16:58:26+00:00
SAO_5024-31,São Paulo,3550308,True,,33891,,,-23.689408999999998,-46.6492585,,,,2,2023-06-19T16:57:48+00:00
SAO_5024-31,São Paulo,3550308,True,,33891,,,-23.6856255,-46.6683255,,,,2,2023-06-19T16:58:26+00:00
SAO_5024-31,São Paulo,3550308,True,,33891,,,-23.689408999999998,-46.6492585,,,,2,2023-06-19T16:58:37+00:00
SAO_5123-10,São Paulo,3550308,True,,1125,,,-23.678448500000002,-46.630771499999994,,,,1,2023-06-19T16:58:46+00:00
SAO_5123-10,São Paulo,3550308,True,,1125,,,-23.595975,-46.6424815,,,,1,2023-06-19T16:58:20+00:00
SAO_5123-10,São Paulo,3550308,True,,1125,,,-23.678013,-46.6305545,,,,1,2023-06-19T16:58:10+00:00
SAO_5123-10,São Paulo,3550308,True,,1125,,,-23.599648875000003,-46.636206625,,,,1,2023-06-19T16:58:25+00:00
SAO_5123-10,São Paulo,3550308,True,,1125,,,-23.66678125,-46.636874750000004,,,,1,2023-06-19T16:58:28+00:00
SAO_5123-10,São Paulo,3550308,True,,1125,,,-23.678013,-46.6305545,,,,1,2023-06-19T16:58:51+00:00
SAO_5123-10,São Paulo,3550308,True,,1125,,,-23.678236499999997,-46.630762000000004,,,,1,2023-06-19T16:58:50+00:00
SAO_5123-10,São Paulo,3550308,True,,1125,,,-23.6344415,-46.6412225,,,,1,2023-06-19T16:58:26+00:00
SAO_5123-10,São Paulo,3550308,True,,1125,,,-23.672192250000002,-46.64393425,,,,1,2023-06-19T16:58:38+00:00
SAO_5123-10,São Paulo,3550308,True,,1125,,,-23.66151025,-46.6372925,,,,1,2023-06-19T16:58:45+00:00
SAO_5123-10,São Paulo,3550308,True,,1125,,,-23.61311175,-46.637964999999994,,,,1,2023-06-19T16:58:25+00:00
SAO_5123-10,São Paulo,3550308,True,,1125,,,-23.59520825,-46.642407,,,,1,2023-06-19T16:58:44+00:00
SAO_5123-10,São Paulo,3550308,True,,1125,,,-23.678448500000002,-46.630771499999994,,,,1,2023-06-19T16:58:13+00:00
SAO_6061-10,São Paulo,3550308,True,,33918,,,-23.7822775,-46.681824,,,,2,2023-06-19T16:58:40+00:00
SAO_6061-10,São Paulo,3550308,True,,33918,,,-23.7401655,-46.691473,,,,2,2023-06-19T16:58:16+00:00
SAO_6061-10,São Paulo,3550308,True,,33918,,,-23.7822775,-46.681824,,,,2,2023-06-19T16:58:51+00:00
SAO_6061-10,São Paulo,3550308,True,,33918,,,-23.787586375000004,-46.685069125,,,,2,2023-06-19T16:58:37+00:00
SAO_6061-10,São Paulo,3550308,True,,33918,,,-23.7621305,-46.685578,,,,2,2023-06-19T16:58:53+00:00
SAO_5106-31,São Paulo,3550308,True,,34073,,,-23.6875885,-46.654850499999995,,,,2,2023-06-19T16:58:25+00:00
SAO_5106-31,São Paulo,3550308,True,,34073,,,-23.6882825,-46.6342525,,,,2,2023-06-19T16:58:48+00:00
SAO_5106-31,São Paulo,3550308,True,,34073,,,-23.615302624999998,-46.645303999999996,,,,2,2023-06-19T16:58:38+00:00
SAO_857A-10,São Paulo,3550308,True,,1925,,,-23.59849075,-46.63781375,,,,1,2023-06-19T16:58:26+00:00
SAO_857A-10,São Paulo,3550308,True,,1925,,,-23.570447,-46.691294,,,,1,2023-06-19T16:58:25+00:00
SAO_857A-10,São Paulo,3550308,True,,1925,,,-23.582347249999998,-46.67043650000001,,,,1,2023-06-19T16:58:46+00:00
SAO_857A-10,São Paulo,3550308,True,,1925,,,-23.608897,-46.7516605,,,,1,2023-06-19T16:58:38+00:00
SAO_5107-10,São Paulo,3550308,True,,1659,,,-23.589902,-46.602656499999995,,,,1,2023-06-19T16:58:47+00:00
SAO_5107-10,São Paulo,3550308,True,,1659,,,-23.6034085,-46.6026285,,,,1,2023-06-19T16:58:55+00:00
SAO_5107-10,São Paulo,3550308,True,,1659,,,-23.562807,-46.62085925,,,,1,2023-06-19T16:58:49+00:00
SAO_5107-10,São Paulo,3550308,True,,1659,,,-23.602916,-46.602965499999996,,,,1,2023-06-19T16:58:19+00:00
SAO_5107-10,São Paulo,3550308,True,,1659,,,-23.6033435,-46.602573,,,,1,2023-06-19T16:58:11+00:00
SAO_7545-10,São Paulo,3550308,True,,33272,,,-23.586385999999997,-46.7576615,,,,2,2023-06-19T16:58:39+00:00
SAO_7545-10,São Paulo,3550308,True,,33272,,,-23.6014325,-46.7918495,,,,2,2023-06-19T16:58:38+00:00
SAO_7545-10,São Paulo,3550308,True,,33272,,,-23.6016895,-46.791908,,,,2,2023-06-19T16:58:43+00:00
SAO_7545-10,São Paulo,3550308,True,,33272,,,-23.6016895,-46.791908,,,,2,2023-06-19T16:58:44+00:00
SAO_7545-10,São Paulo,3550308,True,,33272,,,-23.5754325,-46.7176135,,,,2,2023-06-19T16:58:24+00:00
SAO_7545-10,São Paulo,3550308,True,,33272,,,-23.6019505,-46.7921015,,,,2,2023-06-19T16:58:42+00:00
SAO_7545-10,São Paulo,3550308,True,,33272,,,-23.563919,-46.6774145,,,,2,2023-06-19T16:58:52+00:00
SAO_7545-10,São Paulo,3550308,True,,33272,,,-23.5899385,-46.7673,,,,2,2023-06-19T16:58:50+00:00
SAO_7545-10,São Paulo,3550308,True,,33272,,,-23.60138,-46.79190749999999,,,,2,2023-06-19T16:58:39+00:00
SAO_7545-10,São Paulo,3550308,True,,33272,,,-23.601478,-46.791829,,,,2,2023-06-19T16:58:24+00:00
SAO_7545-10,São Paulo,3550308,True,,33272,,,-23.6016895,-46.791908,,,,2,2023-06-19T16:58:41+00:00
SAO_7545-10,São Paulo,3550308,True,,33272,,,-23.601533250000003,-46.794700625000004,,,,2,2023-06-19T16:58:50+00:00
SAO_7545-10,São Paulo,3550308,True,,33272,,,-23.54862,-46.65147,,,,2,2023-06-19T16:58:49+00:00
SAO_874T-10,São Paulo,3550308,True,,33075,,,-23.53088,-46.675334250000006,,,,2,2023-06-19T16:58:20+00:00
SAO_874T-10,São Paulo,3550308,True,,33075,,,-23.577866874999998,-46.601438,,,,2,2023-06-19T16:58:14+00:00
SAO_874T-10,São Paulo,3550308,True,,33075,,,-23.577496,-46.600854,,,,2,2023-06-19T16:58:28+00:00
SAO_874T-10,São Paulo,3550308,True,,33075,,,-23.58925,-46.63376375,,,,2,2023-06-19T16:58:10+00:00
SAO_874T-10,São Paulo,3550308,True,,33075,,,-23.525014749999997,-46.6859635,,,,2,2023-06-19T16:58:26+00:00
SAO_874T-10,São Paulo,3550308,True,,33075,,,-23.578582,-46.60805425,,,,2,2023-06-19T16:58:15+00:00
SAO_874T-10,São Paulo,3550308,True,,33075,,,-23.577866874999998,-46.601438,,,,2,2023-06-19T16:58:08+00:00
SAO_2123-10,São Paulo,3550308,True,,692,,,-23.5431395,-46.6285085,,,,1,2023-06-19T16:58:45+00:00
SAO_2123-10,São Paulo,3550308,True,,692,,,-23.509836,-46.600812,,,,1,2023-06-19T16:58:00+00:00
SAO_736G-10,São Paulo,3550308,True,,33548,,,-23.618555999999998,-46.6992355,,,,2,2023-06-19T16:58:08+00:00
SAO_736G-10,São Paulo,3550308,True,,33548,,,-23.641378000000003,-46.71796825,,,,2,2023-06-19T16:57:08+00:00
SAO_736G-10,São Paulo,3550308,True,,33548,,,-23.6304595,-46.750901,,,,2,2023-06-19T16:58:15+00:00
SAO_736G-10,São Paulo,3550308,True,,33548,,,-23.633875000000003,-46.694438000000005,,,,2,2023-06-19T16:58:42+00:00
SAO_736G-10,São Paulo,3550308,True,,33548,,,-23.632452999999998,-46.7480465,,,,2,2023-06-19T16:58:29+00:00
SAO_3762-10,São Paulo,3550308,True,,33821,,,-23.576680500000002,-46.5223935,,,,2,2023-06-19T16:58:35+00:00
SAO_3762-10,São Paulo,3550308,True,,33821,,,-23.5909755,-46.5166185,,,,2,2023-06-19T16:58:26+00:00
SAO_3762-10,São Paulo,3550308,True,,33821,,,-23.5909755,-46.5166185,,,,2,2023-06-19T16:58:44+00:00
SAO_3762-10,São Paulo,3550308,True,,33821,,,-23.567445499999998,-46.5415555,,,,2,2023-06-19T16:58:28+00:00
SAO_3762-10,São Paulo,3550308,True,,33821,,,-23.591411,-46.516296499999996,,,,2,2023-06-19T16:58:18+00:00
SAO_3762-10,São Paulo,3550308,True,,33821,,,-23.591546,-46.5161705,,,,2,2023-06-19T16:58:33+00:00
SAO_3762-10,São Paulo,3550308,True,,33821,,,-23.546834875,-46.55589225,,,,2,2023-06-19T16:58:36+00:00
SAO_3762-10,São Paulo,3550308,True,,33821,,,-23.591546,-46.5161705,,,,2,2023-06-19T16:58:42+00:00
SAO_3762-10,São Paulo,3550308,True,,33821,,,-23.545934624999997,-46.573214625,,,,2,2023-06-19T16:58:38+00:00
SAO_5127-10,São Paulo,3550308,True,,1127,,,-23.681982500000004,-46.68053825,,,,1,2023-06-19T16:58:20+00:00
SAO_5127-10,São Paulo,3550308,True,,1127,,,-23.679492250000003,-46.684490249999996,,,,1,2023-06-19T16:58:27+00:00
SAO_5127-10,São Paulo,3550308,True,,1127,,,-23.6952,-46.655016,,,,1,2023-06-19T16:58:39+00:00
SAO_5127-10,São Paulo,3550308,True,,1127,,,-23.7015515,-46.640887,,,,1,2023-06-19T16:58:46+00:00
SAO_5127-10,São Paulo,3550308,True,,1127,,,-23.699326499999998,-46.64032825,,,,1,2023-06-19T16:58:37+00:00
SAO_5127-10,São Paulo,3550308,True,,1127,,,-23.67588525,-46.698717875,,,,1,2023-06-19T16:58:48+00:00
SAO_5127-10,São Paulo,3550308,True,,1127,,,-23.702892499999997,-46.638551,,,,1,2023-06-19T16:58:26+00:00
SAO_5127-10,São Paulo,3550308,True,,1127,,,-23.7015515,-46.640887,,,,1,2023-06-19T16:54:25+00:00
SAO_5127-10,São Paulo,3550308,True,,1127,,,-23.7015515,-46.640887,,,,1,2023-06-19T16:58:22+00:00
SAO_5127-10,São Paulo,3550308,True,,1127,,,-23.7015515,-46.640887,,,,1,2023-06-19T16:58:42+00:00
SAO_5127-10,São Paulo,3550308,True,,1127,,,-23.7015515,-46.640887,,,,1,2023-06-19T16:58:32+00:00
SAO_5127-10,São Paulo,3550308,True,,1127,,,-23.7015515,-46.640887,,,,1,2023-06-19T16:58:54+00:00
SAO_9784-10,São Paulo,3550308,True,EMTU,827,https://moovitapp.com/index/pt-br/transporte_p%C3%BAblico-line-827-Sao_Paulo-242-2038937-36419596-0,12.1,-23.45047,-46.677507500000004,,,,1,2023-06-19T16:58:29+00:00
SAO_9784-10,São Paulo,3550308,True,EMTU,827,https://moovitapp.com/index/pt-br/transporte_p%C3%BAblico-line-827-Sao_Paulo-242-2038937-36419596-0,12.1,-23.5240935,-46.670497499999996,,,,1,2023-06-19T16:58:45+00:00
SAO_9784-10,São Paulo,3550308,True,EMTU,827,https://moovitapp.com/index/pt-br/transporte_p%C3%BAblico-line-827-Sao_Paulo-242-2038937-36419596-0,12.1,-23.482584000000003,-46.6545965,,,,1,2023-06-19T16:58:28+00:00
SAO_9784-10,São Paulo,3550308,True,EMTU,827,https://moovitapp.com/index/pt-br/transporte_p%C3%BAblico-line-827-Sao_Paulo-242-2038937-36419596-0,12.1,-23.450547,-46.6835995,,,,1,2023-06-19T16:58:25+00:00
SAO_9784-10,São Paulo,3550308,True,EMTU,827,https://moovitapp.com/index/pt-br/transporte_p%C3%BAblico-line-827-Sao_Paulo-242-2038937-36419596-0,12.1,-23.45359225,-46.6753675,,,,1,2023-06-19T16:58:16+00:00
SAO_9784-10,São Paulo,3550308,True,EMTU,827,https://moovitapp.com/index/pt-br/transporte_p%C3%BAblico-line-827-Sao_Paulo-242-2038937-36419596-0,12.1,-23.4503535,-46.683854999999994,,,,1,2023-06-19T16:58:14+00:00
SAO_9784-10,São Paulo,3550308,True,EMTU,827,https://moovitapp.com/index/pt-br/transporte_p%C3%BAblico-line-827-Sao_Paulo-242-2038937-36419596-0,12.1,-23.4503535,-46.683854999999994,,,,1,2023-06-19T16:58:51+00:00
SAO_9784-10,São Paulo,3550308,True,EMTU,827,https://moovitapp.com/index/pt-br/transporte_p%C3%BAblico-line-827-Sao_Paulo-242-2038937-36419596-0,12.1,-23.50106675,-46.665522499999994,,,,1,2023-06-19T16:58:40+00:00
SAO_9784-10,São Paulo,3550308,True,EMTU,827,https://moovitapp.com/index/pt-br/transporte_p%C3%BAblico-line-827-Sao_Paulo-242-2038937-36419596-0,12.1,-23.471132,-46.665958,,,,1,2023-06-19T16:58:52+00:00
SAO_1705-10,São Paulo,3550308,True,,33617,,,-23.433689,-46.5840695,,,,2,2023-06-19T16:58:12+00:00
SAO_1705-10,São Paulo,3550308,True,,33617,,,-23.433689,-46.5840695,,,,2,2023-06-19T16:58:15+00:00
SAO_1705-10,São Paulo,3550308,True,,33617,,,-23.434339,-46.58389525,,,,2,2023-06-19T16:58:33+00:00
SAO_1705-10,São Paulo,3550308,True,,33617,,,-23.434339,-46.58389525,,,,2,2023-06-19T16:58:18+00:00
SAO_1705-10,São Paulo,3550308,True,,33617,,,-23.4344995,-46.5839375,,,,2,2023-06-19T16:58:34+00:00
SAO_1705-10,São Paulo,3550308,True,,33617,,,-23.444759,-46.59014,,,,2,2023-06-19T16:58:42+00:00
SAO_1705-10,São Paulo,3550308,True,,33617,,,-23.442508500000002,-46.588441,,,,2,2023-06-19T16:58:19+00:00
SAO_1705-10,São Paulo,3550308,True,,33617,,,-23.464305000000003,-46.5959815,,,,2,2023-06-19T16:56:12+00:00
SAO_1705-10,São Paulo,3550308,True,,33617,,,-23.445325,-46.586286,,,,2,2023-06-19T16:58:33+00:00
SAO_128Y-10,São Paulo,3550308,True,,33611,,,-23.457446,-46.673119,,,,2,2023-06-19T16:58:47+00:00
SAO_128Y-10,São Paulo,3550308,True,,33611,,,-23.457234,-46.673289,,,,2,2023-06-19T16:58:23+00:00
SAO_128Y-10,São Paulo,3550308,True,,33611,,,-23.507129,-46.685094875000004,,,,2,2023-06-19T16:58:28+00:00
SAO_128Y-10,São Paulo,3550308,True,,33611,,,-23.4555195,-46.673906,,,,2,2023-06-19T16:58:17+00:00
SAO_128Y-10,São Paulo,3550308,True,,33611,,,-23.457446,-46.673119,,,,2,2023-06-19T16:58:32+00:00
SAO_128Y-10,São Paulo,3550308,True,,33611,,,-23.4890265,-46.654236,,,,2,2023-06-19T16:58:48+00:00
SAO_128Y-10,São Paulo,3550308,True,,33611,,,-23.457446,-46.673119,,,,2,2023-06-19T16:58:24+00:00
SAO_128Y-10,São Paulo,3550308,True,,33611,,,-23.457446,-46.673119,,,,2,2023-06-19T16:58:44+00:00
SAO_128Y-10,São Paulo,3550308,True,,33611,,,-23.457446,-46.673119,,,,2,2023-06-19T16:58:15+00:00
SAO_701A-10,São Paulo,3550308,True,,689,,,-23.5468295,-46.6903115,,,,1,2023-06-19T16:58:33+00:00
SAO_701A-10,São Paulo,3550308,True,,689,,,-23.554812625,-46.6910108125,,,,1,2023-06-19T16:58:32+00:00
SAO_701A-10,São Paulo,3550308,True,,689,,,-23.4804015,-46.58102675,,,,1,2023-06-19T16:58:32+00:00
SAO_701A-10,São Paulo,3550308,True,,689,,,-23.533972249999998,-46.625952999999996,,,,1,2023-06-19T16:58:26+00:00
SAO_701A-10,São Paulo,3550308,True,,689,,,-23.52939825,-46.602333,,,,1,2023-06-19T16:58:25+00:00
SAO_701A-10,São Paulo,3550308,True,,689,,,-23.524451250000002,-46.59457875,,,,1,2023-06-19T16:56:42+00:00
SAO_707K-10,São Paulo,3550308,True,,2503,,,-23.651857,-46.682401999999996,,,,1,2023-06-19T16:58:36+00:00
SAO_707K-10,São Paulo,3550308,True,,2503,,,-23.6424045,-46.6561205,,,,1,2023-06-19T16:58:47+00:00
SAO_707K-10,São Paulo,3550308,True,,2503,,,-23.667625,-46.7351955,,,,1,2023-06-19T16:58:51+00:00
SAO_707K-10,São Paulo,3550308,True,,2503,,,-23.6477145,-46.6385,,,,1,2023-06-19T16:58:54+00:00
SAO_707K-10,São Paulo,3550308,True,,2503,,,-23.667625,-46.7351955,,,,1,2023-06-19T16:58:42+00:00
SAO_6063-10,São Paulo,3550308,True,,33920,,,-23.783673,-46.6827105,,,,2,2023-06-19T16:58:17+00:00
SAO_6063-10,São Paulo,3550308,True,,33920,,,-23.783673,-46.6827105,,,,2,2023-06-19T16:58:19+00:00
SAO_6063-10,São Paulo,3550308,True,,33920,,,-23.783673,-46.6827105,,,,2,2023-06-19T16:58:33+00:00
SAO_6063-10,São Paulo,3550308,True,,33920,,,-23.783077,-46.689949,,,,2,2023-06-19T16:58:56+00:00
SAO_6063-10,São Paulo,3550308,True,,33920,,,-23.76764575,-46.717001249999996,,,,2,2023-06-19T16:58:30+00:00
SAO_6063-10,São Paulo,3550308,True,,33920,,,-23.783673,-46.6827105,,,,2,2023-06-19T16:58:38+00:00
SAO_6063-10,São Paulo,3550308,True,,33920,,,-23.783673,-46.6827105,,,,2,2023-06-19T16:58:27+00:00
SAO_6063-10,São Paulo,3550308,True,,33920,,,-23.783673,-46.6827105,,,,2,2023-06-19T16:58:11+00:00
SAO_6063-10,São Paulo,3550308,True,,33920,,,-23.783673,-46.6827105,,,,2,2023-06-19T16:58:38+00:00
SAO_6063-10,São Paulo,3550308,True,,33920,,,-23.78403325,-46.68289,,,,2,2023-06-19T16:58:49+00:00
SAO_546L-10,São Paulo,3550308,True,,34053,,,-23.663605249999996,-46.7092465,,,,2,2023-06-19T16:57:47+00:00
SAO_546L-10,São Paulo,3550308,True,,34053,,,-23.689283749999998,-46.63762525,,,,2,2023-06-19T16:58:44+00:00
SAO_546L-10,São Paulo,3550308,True,,34053,,,-23.666428749999998,-46.676092125,,,,2,2023-06-19T16:56:53+00:00
SAO_546L-10,São Paulo,3550308,True,,34053,,,-23.68391825,-46.637806499999996,,,,2,2023-06-19T16:58:33+00:00
SAO_546L-10,São Paulo,3550308,True,,34053,,,-23.689283749999998,-46.63762525,,,,2,2023-06-19T16:58:19+00:00
SAO_546L-10,São Paulo,3550308,True,,34053,,,-23.6542245,-46.710728,,,,2,2023-06-19T16:58:52+00:00
SAO_546L-10,São Paulo,3550308,True,,34053,,,-23.689283749999998,-46.63762525,,,,2,2023-06-19T16:58:52+00:00
SAO_546L-10,São Paulo,3550308,True,,34053,,,-23.689283749999998,-46.63762525,,,,2,2023-06-19T16:58:47+00:00
SAO_546L-10,São Paulo,3550308,True,,34053,,,-23.676828,-46.65915525,,,,2,2023-06-19T16:52:50+00:00
SAO_546L-10,São Paulo,3550308,True,,34053,,,-23.68928725,-46.63729575,,,,2,2023-06-19T16:58:49+00:00
SAO_4029-10,São Paulo,3550308,True,,33867,,,-23.6105855,-46.4805655,,,,2,2023-06-19T16:58:50+00:00
SAO_4029-10,São Paulo,3550308,True,,33867,,,-23.586758500000002,-46.544669,,,,2,2023-06-19T16:58:15+00:00
SAO_4029-10,São Paulo,3550308,True,,33867,,,-23.57898025,-46.57328975,,,,2,2023-06-19T16:58:52+00:00
SAO_4029-10,São Paulo,3550308,True,,33867,,,-23.59685175,-46.523332749999994,,,,2,2023-06-19T16:58:12+00:00
SAO_4029-10,São Paulo,3550308,True,,33867,,,-23.6125885,-46.4815175,,,,2,2023-06-19T16:58:26+00:00
SAO_4029-10,São Paulo,3550308,True,,33867,,,-23.6105855,-46.4805655,,,,2,2023-06-19T16:58:32+00:00
SAO_4029-10,São Paulo,3550308,True,,33867,,,-23.585109,-46.583715,,,,2,2023-06-19T16:58:23+00:00
SAO_4029-10,São Paulo,3550308,True,,33867,,,-23.608694,-46.506142499999996,,,,2,2023-06-19T16:58:17+00:00
SAO_4029-10,São Paulo,3550308,True,,33867,,,-23.6105855,-46.4805655,,,,2,2023-06-19T16:58:39+00:00
SAO_7059-10,São Paulo,3550308,True,,34692,,,-23.6579765,-46.78181,,,,2,2023-06-19T16:58:53+00:00
SAO_7059-10,São Paulo,3550308,True,,34692,,,-23.6361275,-46.777404,,,,2,2023-06-19T16:58:46+00:00
SAO_7059-10,São Paulo,3550308,True,,34692,,,-23.658105,-46.7818715,,,,2,2023-06-19T16:58:53+00:00
SAO_6036-10,São Paulo,3550308,True,,1214,,,-23.640421,-46.780772999999996,,,,1,2023-06-19T16:58:48+00:00
SAO_6036-10,São Paulo,3550308,True,,1214,,,-23.645992,-46.7466455,,,,1,2023-06-19T16:58:45+00:00
SAO_6036-10,São Paulo,3550308,True,,1214,,,-23.658801,-46.7748385,,,,1,2023-06-19T16:58:38+00:00
SAO_2020-10,São Paulo,3550308,True,,35030,,,-23.4593665,-46.632753,,,,2,2023-06-19T16:56:02+00:00
SAO_2020-10,São Paulo,3550308,True,,35030,,,-23.4593665,-46.632753,,,,2,2023-06-19T16:55:58+00:00
SAO_6200-10,São Paulo,3550308,True,,355,,,-23.624129,-46.704550999999995,,,,1,2023-06-19T16:58:44+00:00
SAO_6200-10,São Paulo,3550308,True,,355,,,-23.600743,-46.694897,,,,1,2023-06-19T16:58:21+00:00
SAO_6200-10,São Paulo,3550308,True,,355,,,-23.65423,-46.7120225,,,,1,2023-06-19T16:58:47+00:00
SAO_6200-10,São Paulo,3550308,True,,355,,,-23.654998,-46.7172065,,,,1,2023-06-19T16:58:54+00:00
SAO_6200-10,São Paulo,3550308,True,,355,,,-23.549083,-46.6398165,,,,1,2023-06-19T16:58:31+00:00
SAO_6200-10,São Paulo,3550308,True,,355,,,-23.654784,-46.716473500000006,,,,1,2023-06-19T16:58:43+00:00
SAO_6200-10,São Paulo,3550308,True,,355,,,-23.5491125,-46.640139500000004,,,,1,2023-06-19T16:58:42+00:00
SAO_6200-10,São Paulo,3550308,True,,355,,,-23.654415,-46.714738,,,,1,2023-06-19T16:58:12+00:00
SAO_6200-10,São Paulo,3550308,True,,355,,,-23.602478249999997,-46.6955145,,,,1,2023-06-19T16:58:55+00:00
SAO_6200-10,São Paulo,3550308,True,,355,,,-23.575625125,-46.669271,,,,1,2023-06-19T16:58:20+00:00
SAO_6200-10,São Paulo,3550308,True,,355,,,-23.548989,-46.6395165,,,,1,2023-06-19T16:58:35+00:00
SAO_6200-10,São Paulo,3550308,True,,355,,,-23.654880499999997,-46.716874000000004,,,,1,2023-06-19T16:58:47+00:00
SAO_6200-10,São Paulo,3550308,True,,355,,,-23.654092499999997,-46.710306,,,,1,2023-06-19T16:58:46+00:00
SAO_6200-10,São Paulo,3550308,True,,355,,,-23.654618,-46.715665,,,,1,2023-06-19T16:58:10+00:00
SAO_6200-10,São Paulo,3550308,True,,355,,,-23.65423,-46.7120225,,,,1,2023-06-19T16:58:54+00:00
SAO_6200-10,São Paulo,3550308,True,,355,,,-23.559058999999998,-46.654014000000004,,,,1,2023-06-19T16:58:49+00:00
SAO_6200-10,São Paulo,3550308,True,,355,,,-23.551287000000002,-46.6459355,,,,1,2023-06-19T16:58:21+00:00
SAO_6200-10,São Paulo,3550308,True,,355,,,-23.654092499999997,-46.710306,,,,1,2023-06-19T16:58:40+00:00
SAO_857R-10,São Paulo,3550308,True,,34660,,,-23.563919,-46.6774145,,,,2,2023-06-19T16:58:42+00:00
SAO_857R-10,São Paulo,3550308,True,,34660,,,-23.631218,-46.773197499999995,,,,2,2023-06-19T16:58:45+00:00
SAO_857R-10,São Paulo,3550308,True,,34660,,,-23.6316405,-46.772316,,,,2,2023-06-19T16:58:40+00:00
SAO_857R-10,São Paulo,3550308,True,,34660,,,-23.631153500000003,-46.7733425,,,,2,2023-06-19T16:58:24+00:00
SAO_857R-10,São Paulo,3550308,True,,34660,,,-23.6313825,-46.77286,,,,2,2023-06-19T16:58:14+00:00
SAO_857R-10,São Paulo,3550308,True,,34660,,,-23.571546499999997,-46.643865,,,,2,2023-06-19T16:58:47+00:00
SAO_857R-10,São Paulo,3550308,True,,34660,,,-23.631579000000002,-46.772447,,,,2,2023-06-19T16:58:23+00:00
SAO_857R-10,São Paulo,3550308,True,,34660,,,-23.592548374999996,-46.73287125,,,,2,2023-06-19T16:58:36+00:00
SAO_971V-10,São Paulo,3550308,True,,619,,,-23.451966,-46.688931,,,,1,2023-06-19T16:58:37+00:00
SAO_971V-10,São Paulo,3550308,True,,619,,,-23.4794075,-46.6750835,,,,1,2023-06-19T16:58:13+00:00
SAO_971V-10,São Paulo,3550308,True,,619,,,-23.4517745,-46.691843500000004,,,,1,2023-06-19T16:58:48+00:00
SAO_971V-10,São Paulo,3550308,True,,619,,,-23.451717000000002,-46.6916545,,,,1,2023-06-19T16:56:57+00:00
SAO_971V-10,São Paulo,3550308,True,,619,,,-23.4907135,-46.663463,,,,1,2023-06-19T16:58:51+00:00
SAO_971V-10,São Paulo,3550308,True,,619,,,-23.50591175,-46.624980625000006,,,,1,2023-06-19T16:58:18+00:00
SAO_5391-10,São Paulo,3550308,True,EMTU,171,https://moovitapp.com/index/pt-br/transporte_p%C3%BAblico-line-171-Sao_Paulo-242-2038937-36419310-0,4.8,-23.66631225,-46.71752375,,,,1,2023-06-19T16:58:26+00:00
SAO_5391-10,São Paulo,3550308,True,EMTU,171,https://moovitapp.com/index/pt-br/transporte_p%C3%BAblico-line-171-Sao_Paulo-242-2038937-36419310-0,4.8,-23.59095,-46.650341499999996,,,,1,2023-06-19T16:58:45+00:00
SAO_5391-10,São Paulo,3550308,True,EMTU,171,https://moovitapp.com/index/pt-br/transporte_p%C3%BAblico-line-171-Sao_Paulo-242-2038937-36419310-0,4.8,-23.692995500000002,-46.7785065,,,,1,2023-06-19T16:58:16+00:00
SAO_5391-10,São Paulo,3550308,True,EMTU,171,https://moovitapp.com/index/pt-br/transporte_p%C3%BAblico-line-171-Sao_Paulo-242-2038937-36419310-0,4.8,-23.682178,-46.76720775,,,,1,2023-06-19T16:57:26+00:00
SAO_5391-10,São Paulo,3550308,True,EMTU,171,https://moovitapp.com/index/pt-br/transporte_p%C3%BAblico-line-171-Sao_Paulo-242-2038937-36419310-0,4.8,-23.602103999999997,-46.660708,,,,1,2023-06-19T16:58:45+00:00
SAO_5391-10,São Paulo,3550308,True,EMTU,171,https://moovitapp.com/index/pt-br/transporte_p%C3%BAblico-line-171-Sao_Paulo-242-2038937-36419310-0,4.8,-23.556920499999997,-46.6377305,,,,1,2023-06-19T16:58:22+00:00
SAO_5391-10,São Paulo,3550308,True,EMTU,171,https://moovitapp.com/index/pt-br/transporte_p%C3%BAblico-line-171-Sao_Paulo-242-2038937-36419310-0,4.8,-23.6497811875,-46.70390193750001,,,,1,2023-06-19T16:58:16+00:00
SAO_5391-10,São Paulo,3550308,True,EMTU,171,https://moovitapp.com/index/pt-br/transporte_p%C3%BAblico-line-171-Sao_Paulo-242-2038937-36419310-0,4.8,-23.609559062499997,-46.667714375,,,,1,2023-06-19T16:58:16+00:00
SAO_5391-10,São Paulo,3550308,True,EMTU,171,https://moovitapp.com/index/pt-br/transporte_p%C3%BAblico-line-171-Sao_Paulo-242-2038937-36419310-0,4.8,-23.6677405,-46.73030275,,,,1,2023-06-19T16:58:30+00:00
SAO_6055-10,São Paulo,3550308,True,,1146,,,-23.75413,-46.708843,,,,1,2023-06-19T16:58:48+00:00
SAO_6055-10,São Paulo,3550308,True,,1146,,,-23.754002,-46.7101265,,,,1,2023-06-19T16:58:29+00:00
SAO_6055-10,São Paulo,3550308,True,,1146,,,-23.75413,-46.708843,,,,1,2023-06-19T16:58:29+00:00
SAO_6055-10,São Paulo,3550308,True,,1146,,,-23.75413,-46.708843,,,,1,2023-06-19T16:58:49+00:00
SAO_6055-10,São Paulo,3550308,True,,1146,,,-23.726964000000002,-46.6992625,,,,1,2023-06-19T16:58:17+00:00
SAO_6055-10,São Paulo,3550308,True,,1146,,,-23.67430325,-46.6781245,,,,1,2023-06-19T16:58:17+00:00
SAO_6055-10,São Paulo,3550308,True,,1146,,,-23.688671499999998,-46.697145,,,,1,2023-06-19T16:58:21+00:00
SAO_6055-10,São Paulo,3550308,True,,1146,,,-23.75413,-46.708843,,,,1,2023-06-19T16:58:11+00:00
SAO_6055-10,São Paulo,3550308,True,,1146,,,-23.75413,-46.708843,,,,1,2023-06-19T16:58:32+00:00
SAO_6115-10,São Paulo,3550308,True,,33953,,,-23.742746,-46.6587425,,,,2,2023-06-19T16:58:47+00:00
SAO_6115-10,São Paulo,3550308,True,,33953,,,-23.74273625,-46.65895075,,,,2,2023-06-19T16:58:31+00:00
SAO_6115-10,São Paulo,3550308,True,,33953,,,-23.736796499999997,-46.696856,,,,2,2023-06-19T16:58:37+00:00
SAO_6115-10,São Paulo,3550308,True,,33953,,,-23.7427695,-46.6586195,,,,2,2023-06-19T16:58:38+00:00
SAO_6115-10,São Paulo,3550308,True,,33953,,,-23.749626,-46.687708,,,,2,2023-06-19T16:58:36+00:00
SAO_6115-10,São Paulo,3550308,True,,33953,,,-23.7563975,-46.6678165,,,,2,2023-06-19T16:58:45+00:00
SAO_6115-10,São Paulo,3550308,True,,33953,,,-23.742746,-46.6587425,,,,2,2023-06-19T16:58:16+00:00
SAO_209P-10,São Paulo,3550308,True,,2216,,,-23.4705675,-46.6705775,,,,1,2023-06-19T16:58:44+00:00
SAO_209P-10,São Paulo,3550308,True,,2216,,,-23.470886,-46.670557,,,,1,2023-06-19T16:58:33+00:00
SAO_209P-10,São Paulo,3550308,True,,2216,,,-23.529684500000002,-46.677454499999996,,,,1,2023-06-19T16:58:12+00:00
SAO_209P-10,São Paulo,3550308,True,,2216,,,-23.5664245,-46.701924500000004,,,,1,2023-06-19T16:58:25+00:00
SAO_209P-10,São Paulo,3550308,True,,2216,,,-23.524385,-46.6672945,,,,1,2023-06-19T16:58:15+00:00
SAO_209P-10,São Paulo,3550308,True,,2216,,,-23.565806000000002,-46.7018425,,,,1,2023-06-19T16:58:09+00:00
SAO_209P-10,São Paulo,3550308,True,,2216,,,-23.5179345,-46.680298,,,,1,2023-06-19T16:58:41+00:00
SAO_209P-10,São Paulo,3550308,True,,2216,,,-23.47152125,-46.67050425,,,,1,2023-06-19T16:58:22+00:00
SAO_209P-10,São Paulo,3550308,True,,2216,,,-23.476456,-46.6725175,,,,1,2023-06-19T16:58:14+00:00
SAO_209P-10,São Paulo,3550308,True,,2216,,,-23.47152125,-46.67050425,,,,1,2023-06-19T16:58:53+00:00
SAO_209P-10,São Paulo,3550308,True,,2216,,,-23.47120975,-46.67053275,,,,1,2023-06-19T16:58:46+00:00
SAO_6816-31,São Paulo,3550308,True,,1748,,,-23.654065,-46.762067,,,,1,2023-06-19T16:58:48+00:00
SAO_373L-10,São Paulo,3550308,True,,33795,,,-23.5619355,-46.465706,,,,2,2023-06-19T16:58:53+00:00
SAO_373L-10,São Paulo,3550308,True,,33795,,,-23.61645625,-46.422670749999995,,,,2,2023-06-19T16:58:20+00:00
SAO_373L-10,São Paulo,3550308,True,,33795,,,-23.5430545,-46.470682999999994,,,,2,2023-06-19T16:58:53+00:00
SAO_373L-10,São Paulo,3550308,True,,33795,,,-23.6227125,-46.414294,,,,2,2023-06-19T16:58:17+00:00
SAO_971R-10,São Paulo,3550308,True,,33382,,,-23.4537555,-46.737453,,,,2,2023-06-19T16:58:44+00:00
SAO_971R-10,São Paulo,3550308,True,,33382,,,-23.501995,-46.625974,,,,2,2023-06-19T16:58:15+00:00
SAO_971R-10,São Paulo,3550308,True,,33382,,,-23.49723475,-46.63810625,,,,2,2023-06-19T16:58:47+00:00
SAO_971R-10,São Paulo,3550308,True,,33382,,,-23.454214999999998,-46.737634,,,,2,2023-06-19T16:58:28+00:00
SAO_971R-10,São Paulo,3550308,True,,33382,,,-23.474617249999998,-46.66626375,,,,2,2023-06-19T16:58:38+00:00
SAO_971R-10,São Paulo,3550308,True,,33382,,,-23.4323995,-46.7242835,,,,2,2023-06-19T16:58:53+00:00
SAO_971R-10,São Paulo,3550308,True,,33382,,,-23.4359765,-46.714293999999995,,,,2,2023-06-19T16:58:40+00:00
SAO_971R-10,São Paulo,3550308,True,,33382,,,-23.4621635,-46.683870999999996,,,,2,2023-06-19T16:58:21+00:00
SAO_709G-10,São Paulo,3550308,True,,34788,,,-23.6687515,-46.735510000000005,,,,2,2023-06-19T16:58:54+00:00
SAO_709G-10,São Paulo,3550308,True,,34788,,,-23.62351475,-46.685408,,,,2,2023-06-19T16:58:29+00:00
SAO_709G-10,São Paulo,3550308,True,,34788,,,-23.64797425,-46.70399725,,,,2,2023-06-19T16:58:46+00:00
SAO_709G-10,São Paulo,3550308,True,,34788,,,-23.655545,-46.707713999999996,,,,2,2023-06-19T16:58:34+00:00
SAO_637V-10,São Paulo,3550308,True,EMTU,104,https://moovitapp.com/index/pt-br/transporte_p%C3%BAblico-line-104-Sao_Paulo-242-2038937-36419267-0,5.1,-23.70672125,-46.69999800000001,,,,1,2023-06-19T16:58:47+00:00
SAO_637V-10,São Paulo,3550308,True,EMTU,104,https://moovitapp.com/index/pt-br/transporte_p%C3%BAblico-line-104-Sao_Paulo-242-2038937-36419267-0,5.1,-23.653890625,-46.71154075,,,,1,2023-06-19T16:58:13+00:00
SAO_637V-10,São Paulo,3550308,True,EMTU,104,https://moovitapp.com/index/pt-br/transporte_p%C3%BAblico-line-104-Sao_Paulo-242-2038937-36419267-0,5.1,-23.65687525,-46.7063055,,,,1,2023-06-19T16:58:34+00:00
SAO_1783-10,São Paulo,3550308,True,,644,,,-23.4812975,-46.612434,,,,1,2023-06-19T16:58:18+00:00
SAO_1783-10,São Paulo,3550308,True,,644,,,-23.502214000000002,-46.6235875,,,,1,2023-06-19T16:58:33+00:00
SAO_1783-10,São Paulo,3550308,True,,644,,,-23.446404,-46.597976,,,,1,2023-06-19T16:54:10+00:00
SAO_1783-10,São Paulo,3550308,True,,644,,,-23.418351,-46.586143,,,,1,2023-06-19T16:57:34+00:00
SAO_7053-22,São Paulo,3550308,True,,34664,,,-23.6444245,-46.788578,,,,2,2023-06-19T16:58:53+00:00
SAO_7053-22,São Paulo,3550308,True,,34664,,,-23.645042500000002,-46.789187999999996,,,,2,2023-06-19T16:58:25+00:00
SAO_2161-10,São Paulo,3550308,True,,33462,,,-23.541693625,-46.630030375000004,,,,2,2023-06-19T16:58:23+00:00
SAO_2161-10,São Paulo,3550308,True,,33462,,,-23.474255499999998,-46.56712,,,,2,2023-06-19T16:58:49+00:00
SAO_2161-10,São Paulo,3550308,True,,33462,,,-23.474255499999998,-46.56712,,,,2,2023-06-19T16:58:18+00:00
SAO_2161-10,São Paulo,3550308,True,,33462,,,-23.478983,-46.5780245,,,,2,2023-06-19T16:56:47+00:00
SAO_2161-10,São Paulo,3550308,True,,33462,,,-23.5278855,-46.597172,,,,2,2023-06-19T16:57:11+00:00
SAO_1178-10,São Paulo,3550308,True,,132,,,-23.518017,-46.6195765,,,,1,2023-06-19T16:58:33+00:00
SAO_1178-10,São Paulo,3550308,True,,132,,,-23.49215,-46.444004500000005,,,,1,2023-06-19T16:58:38+00:00
SAO_1178-10,São Paulo,3550308,True,,132,,,-23.48515725,-46.48001325,,,,1,2023-06-19T16:58:34+00:00
SAO_1178-10,São Paulo,3550308,True,,132,,,-23.504236,-46.519118000000006,,,,1,2023-06-19T16:58:41+00:00
SAO_1178-10,São Paulo,3550308,True,,132,,,-23.54171975,-46.63517325,,,,1,2023-06-19T16:58:52+00:00
SAO_1178-10,São Paulo,3550308,True,,132,,,-23.5420535,-46.6349155,,,,1,2023-06-19T16:58:41+00:00
SAO_6505-10,São Paulo,3550308,True,,34218,,,-23.622114000000003,-46.684443,,,,2,2023-06-19T16:58:50+00:00
SAO_6505-10,São Paulo,3550308,True,,34218,,,-23.595443500000002,-46.6732535,,,,2,2023-06-19T16:58:55+00:00
SAO_6505-10,São Paulo,3550308,True,,34218,,,-23.668467999999997,-46.733347,,,,2,2023-06-19T16:58:40+00:00
SAO_6505-10,São Paulo,3550308,True,,34218,,,-23.59112175,-46.6726545,,,,2,2023-06-19T16:58:36+00:00
SAO_6505-10,São Paulo,3550308,True,,34218,,,-23.571763625000003,-46.66419325,,,,2,2023-06-19T16:58:47+00:00
SAO_6505-10,São Paulo,3550308,True,,34218,,,-23.6230275,-46.6850655,,,,2,2023-06-19T16:58:51+00:00
SAO_6505-10,São Paulo,3550308,True,,34218,,,-23.668170500000002,-46.732837,,,,2,2023-06-19T16:58:13+00:00
SAO_6505-10,São Paulo,3550308,True,,34218,,,-23.6630835,-46.707423000000006,,,,2,2023-06-19T16:58:32+00:00
SAO_6835-10,São Paulo,3550308,True,BR7 Mobilidade,12,https://moovitapp.com/index/pt-br/transporte_p%C3%BAblico-line-12-Sao_Paulo-242-851856-542340-0,5.75,-23.67698175,-46.775927499999995,,,,1,2023-06-19T16:58:54+00:00
SAO_6835-10,São Paulo,3550308,True,BR7 Mobilidade,12,https://moovitapp.com/index/pt-br/transporte_p%C3%BAblico-line-12-Sao_Paulo-242-851856-542340-0,5.75,-23.6602935,-46.767225,,,,1,2023-06-19T16:58:33+00:00
SAO_6835-10,São Paulo,3550308,True,BR7 Mobilidade,12,https://moovitapp.com/index/pt-br/transporte_p%C3%BAblico-line-12-Sao_Paulo-242-851856-542340-0,5.75,-23.6879515,-46.800591,,,,1,2023-06-19T16:58:51+00:00
SAO_6835-10,São Paulo,3550308,True,BR7 Mobilidade,12,https://moovitapp.com/index/pt-br/transporte_p%C3%BAblico-line-12-Sao_Paulo-242-851856-542340-0,5.75,-23.6616725,-46.768751,,,,1,2023-06-19T16:58:40+00:00
SAO_677Y-10,São Paulo,3550308,True,,34008,,,-23.683731,-46.789654999999996,,,,2,2023-06-19T16:58:17+00:00
SAO_677Y-10,São Paulo,3550308,True,,34008,,,-23.63569975,-46.721984750000004,,,,2,2023-06-19T16:58:39+00:00
SAO_677Y-10,São Paulo,3550308,True,,34008,,,-23.64337025,-46.734382,,,,2,2023-06-19T16:58:54+00:00
SAO_677Y-10,São Paulo,3550308,True,,34008,,,-23.650240000000004,-46.756395999999995,,,,2,2023-06-19T16:58:53+00:00
SAO_677Y-10,São Paulo,3550308,True,,34008,,,-23.68357,-46.7894015,,,,2,2023-06-19T16:58:54+00:00
SAO_677Y-10,São Paulo,3550308,True,,34008,,,-23.683449,-46.7889465,,,,2,2023-06-19T16:58:21+00:00
SAO_8549-10,São Paulo,3550308,True,EMTU,580,https://moovitapp.com/index/pt-br/transporte_p%C3%BAblico-line-580-Sao_Paulo-242-2038937-36419570-0,7.55,-23.515216,-46.698837499999996,,,,1,2023-06-19T16:58:51+00:00
SAO_8549-10,São Paulo,3550308,True,EMTU,580,https://moovitapp.com/index/pt-br/transporte_p%C3%BAblico-line-580-Sao_Paulo-242-2038937-36419570-0,7.55,-23.534087625,-46.65517224999999,,,,1,2023-06-19T16:58:31+00:00
SAO_8549-10,São Paulo,3550308,True,EMTU,580,https://moovitapp.com/index/pt-br/transporte_p%C3%BAblico-line-580-Sao_Paulo-242-2038937-36419570-0,7.55,-23.542839999999998,-46.6362885,,,,1,2023-06-19T16:58:46+00:00
SAO_8549-10,São Paulo,3550308,True,EMTU,580,https://moovitapp.com/index/pt-br/transporte_p%C3%BAblico-line-580-Sao_Paulo-242-2038937-36419570-0,7.55,-23.4720405,-46.678264999999996,,,,1,2023-06-19T16:58:55+00:00
SAO_8549-10,São Paulo,3550308,True,EMTU,580,https://moovitapp.com/index/pt-br/transporte_p%C3%BAblico-line-580-Sao_Paulo-242-2038937-36419570-0,7.55,-23.4480805,-46.715621,,,,1,2023-06-19T16:58:43+00:00
SAO_8549-10,São Paulo,3550308,True,EMTU,580,https://moovitapp.com/index/pt-br/transporte_p%C3%BAblico-line-580-Sao_Paulo-242-2038937-36419570-0,7.55,-23.436121,-46.7174615,,,,1,2023-06-19T16:58:31+00:00
SAO_9354-10,São Paulo,3550308,True,,33476,,,-23.539889,-46.63696924999999,,,,2,2023-06-19T16:58:32+00:00
SAO_9354-10,São Paulo,3550308,True,,33476,,,-23.4742495,-46.669781,,,,2,2023-06-19T16:58:27+00:00
SAO_9354-10,São Paulo,3550308,True,,33476,,,-23.4742495,-46.669781,,,,2,2023-06-19T16:58:34+00:00
SAO_9354-10,São Paulo,3550308,True,,33476,,,-23.4879485,-46.652222,,,,2,2023-06-19T16:58:34+00:00
SAO_9354-10,São Paulo,3550308,True,,33476,,,-23.5093585,-46.656298,,,,2,2023-06-19T16:57:37+00:00
SAO_9354-10,São Paulo,3550308,True,,33476,,,-23.4742495,-46.669781,,,,2,2023-06-19T16:58:18+00:00
SAO_9354-10,São Paulo,3550308,True,,33476,,,-23.4749005,-46.670119,,,,2,2023-06-19T16:58:24+00:00
SAO_809A-10,São Paulo,3550308,True,,2069,,,-23.586580750000003,-46.751393,,,,1,2023-06-19T16:58:54+00:00
SAO_809A-10,São Paulo,3550308,True,,2069,,,-23.5725605,-46.704529,,,,1,2023-06-19T16:58:32+00:00
SAO_809A-10,São Paulo,3550308,True,,2069,,,-23.570849000000003,-46.77822275,,,,1,2023-06-19T16:58:34+00:00
SAO_3459-10,São Paulo,3550308,True,,33170,,,-23.5148955,-46.4537215,,,,2,2023-06-19T16:58:16+00:00
SAO_3459-10,São Paulo,3550308,True,,33170,,,-23.494686,-46.427058,,,,2,2023-06-19T16:58:27+00:00
SAO_3459-10,São Paulo,3550308,True,,33170,,,-23.547625500000002,-46.629791499999996,,,,2,2023-06-19T16:50:41+00:00
SAO_3459-10,São Paulo,3550308,True,,33170,,,-23.512835250000002,-46.382365,,,,2,2023-06-19T16:58:12+00:00
SAO_3459-10,São Paulo,3550308,True,,33170,,,-23.52159825,-46.516639749999996,,,,2,2023-06-19T16:56:16+00:00
SAO_3459-10,São Paulo,3550308,True,,33170,,,-23.4950075,-46.410849999999996,,,,2,2023-06-19T16:58:52+00:00
SAO_3459-10,São Paulo,3550308,True,,33170,,,-23.547625500000002,-46.629791499999996,,,,2,2023-06-19T16:58:27+00:00
SAO_3459-10,São Paulo,3550308,True,,33170,,,-23.547625500000002,-46.629791499999996,,,,2,2023-06-19T16:54:19+00:00
SAO_3459-10,São Paulo,3550308,True,,33170,,,-23.547625500000002,-46.629791499999996,,,,2,2023-06-19T16:58:29+00:00
SAO_3459-10,São Paulo,3550308,True,,33170,,,-23.516686749999998,-46.38517525,,,,2,2023-06-19T16:57:58+00:00
SAO_3459-10,São Paulo,3550308,True,,33170,,,-23.547625500000002,-46.629791499999996,,,,2,2023-06-19T16:58:50+00:00
SAO_3459-10,São Paulo,3550308,True,,33170,,,-23.4963505,-46.405026,,,,2,2023-06-19T16:58:51+00:00
SAO_3459-10,São Paulo,3550308,True,,33170,,,-23.516762,-46.384977500000005,,,,2,2023-06-19T16:58:12+00:00
SAO_3459-10,São Paulo,3550308,True,,33170,,,-23.515887,-46.48485025,,,,2,2023-06-19T16:58:33+00:00
SAO_3459-10,São Paulo,3550308,True,,33170,,,-23.547625500000002,-46.629791499999996,,,,2,2023-06-19T16:58:27+00:00
SAO_3459-10,São Paulo,3550308,True,,33170,,,-23.522969,-46.522627,,,,2,2023-06-19T16:58:38+00:00
SAO_3459-10,São Paulo,3550308,True,,33170,,,-23.5473415,-46.629296499999995,,,,2,2023-06-19T16:58:19+00:00
SAO_3459-10,São Paulo,3550308,True,,33170,,,-23.551936,-46.6247625,,,,2,2023-06-19T16:58:34+00:00
SAO_3459-10,São Paulo,3550308,True,,33170,,,-23.536060499999998,-46.55332249999999,,,,2,2023-06-19T16:57:42+00:00
SAO_3459-10,São Paulo,3550308,True,,33170,,,-23.547625500000002,-46.629791499999996,,,,2,2023-06-19T16:58:38+00:00
SAO_3459-10,São Paulo,3550308,True,,33170,,,-23.5407395,-46.575645,,,,2,2023-06-19T16:58:30+00:00
SAO_3459-10,São Paulo,3550308,True,,33170,,,-23.516686749999998,-46.38517525,,,,2,2023-06-19T16:58:48+00:00
SAO_3459-10,São Paulo,3550308,True,,33170,,,-23.514986,-46.453952,,,,2,2023-06-19T16:54:11+00:00
SAO_3459-10,São Paulo,3550308,True,,33170,,,-23.49346225,-46.442254500000004,,,,2,2023-06-19T16:58:37+00:00
SAO_3459-10,São Paulo,3550308,True,,33170,,,-23.547625500000002,-46.629791499999996,,,,2,2023-06-19T16:58:43+00:00
SAO_677Y-10,São Paulo,3550308,True,,1240,,,-23.6836685,-46.7890555,,,,1,2023-06-19T16:58:42+00:00
SAO_677Y-10,São Paulo,3550308,True,,1240,,,-23.6836685,-46.7890555,,,,1,2023-06-19T16:58:42+00:00
SAO_677Y-10,São Paulo,3550308,True,,1240,,,-23.6836685,-46.7890555,,,,1,2023-06-19T16:58:36+00:00
SAO_677Y-10,São Paulo,3550308,True,,1240,,,-23.65582775,-46.762021250000004,,,,1,2023-06-19T16:58:16+00:00
SAO_677Y-10,São Paulo,3550308,True,,1240,,,-23.64961175,-46.75538625,,,,1,2023-06-19T16:58:41+00:00
SAO_677Y-10,São Paulo,3550308,True,,1240,,,-23.61698325,-46.699289875000005,,,,1,2023-06-19T16:58:37+00:00
SAO_677Y-10,São Paulo,3550308,True,,1240,,,-23.679377,-46.795765,,,,1,2023-06-19T16:58:19+00:00
SAO_677Y-10,São Paulo,3550308,True,,1240,,,-23.637232,-46.720438,,,,1,2023-06-19T16:58:24+00:00
SAO_677Y-10,São Paulo,3550308,True,,1240,,,-23.694102,-46.79505075,,,,1,2023-06-19T16:58:20+00:00
SAO_7055-10,São Paulo,3550308,True,,1888,,,-23.681361,-46.7832345,,,,1,2023-06-19T16:58:25+00:00
SAO_7055-10,São Paulo,3550308,True,,1888,,,-23.6341555,-46.774440999999996,,,,1,2023-06-19T16:58:21+00:00
SAO_7055-10,São Paulo,3550308,True,,1888,,,-23.6919635,-46.7907745,,,,1,2023-06-19T16:58:12+00:00
SAO_7055-10,São Paulo,3550308,True,,1888,,,-23.6919635,-46.7907745,,,,1,2023-06-19T16:58:37+00:00
SAO_7055-10,São Paulo,3550308,True,,1888,,,-23.63373075,-46.773861499999995,,,,1,2023-06-19T16:58:32+00:00
SAO_7055-10,São Paulo,3550308,True,,1888,,,-23.659830499999998,-46.76968,,,,1,2023-06-19T16:58:46+00:00
SAO_7055-10,São Paulo,3550308,True,,1888,,,-23.6624305,-46.769189,,,,1,2023-06-19T16:58:50+00:00
SAO_7055-10,São Paulo,3550308,True,,1888,,,-23.6919635,-46.7907745,,,,1,2023-06-19T16:58:13+00:00
SAO_7055-10,São Paulo,3550308,True,,1888,,,-23.6919635,-46.7907745,,,,1,2023-06-19T16:58:53+00:00
SAO_107T-10,São Paulo,3550308,True,,621,,,-23.4808435,-46.604151,,,,1,2023-06-19T16:58:44+00:00
SAO_107T-10,São Paulo,3550308,True,,621,,,-23.518186999999998,-46.6293305,,,,1,2023-06-19T16:58:25+00:00
SAO_107T-10,São Paulo,3550308,True,,621,,,-23.4808435,-46.604151,,,,1,2023-06-19T16:58:17+00:00
SAO_107T-10,São Paulo,3550308,True,,621,,,-23.5515051875,-46.650889750000005,,,,1,2023-06-19T16:58:46+00:00
SAO_107T-10,São Paulo,3550308,True,,621,,,-23.565806000000002,-46.7018425,,,,1,2023-06-19T16:58:42+00:00
SAO_107T-10,São Paulo,3550308,True,,621,,,-23.571375250000003,-46.674056500000006,,,,1,2023-06-19T16:58:36+00:00
SAO_107T-10,São Paulo,3550308,True,,621,,,-23.4811525,-46.612036,,,,1,2023-06-19T16:56:17+00:00
SAO_856R-10,São Paulo,3550308,True,,34196,,,-23.5241095,-46.6842925,,,,2,2023-06-19T16:58:29+00:00
SAO_856R-10,São Paulo,3550308,True,,34196,,,-23.5228435,-46.696722875000006,,,,2,2023-06-19T16:58:31+00:00
SAO_856R-10,São Paulo,3550308,True,,34196,,,-23.5960915,-46.6732855,,,,2,2023-06-19T16:58:42+00:00
SAO_856R-10,São Paulo,3550308,True,,34196,,,-23.54514575,-46.682375,,,,2,2023-06-19T16:58:16+00:00
SAO_856R-10,São Paulo,3550308,True,,34196,,,-23.5224215,-46.697696,,,,2,2023-06-19T16:58:20+00:00
SAO_856R-10,São Paulo,3550308,True,,34196,,,-23.55650025,-46.67573287500001,,,,2,2023-06-19T16:58:50+00:00
SAO_856R-10,São Paulo,3550308,True,,34196,,,-23.642777125,-46.699068999999994,,,,2,2023-06-19T16:58:38+00:00
SAO_856R-10,São Paulo,3550308,True,,34196,,,-23.563071625,-46.68670175,,,,2,2023-06-19T16:58:40+00:00
SAO_856R-10,São Paulo,3550308,True,,34196,,,-23.522837499999998,-46.697286375000004,,,,2,2023-06-19T16:58:35+00:00
SAO_856R-10,São Paulo,3550308,True,,34196,,,-23.5850205,-46.68194475,,,,2,2023-06-19T16:58:36+00:00
SAO_856R-10,São Paulo,3550308,True,,34196,,,-23.5224215,-46.697696,,,,2,2023-06-19T16:58:41+00:00
SAO_856R-10,São Paulo,3550308,True,,34196,,,-23.6750961875,-46.71336699999999,,,,2,2023-06-19T16:58:16+00:00
SAO_5110-24,São Paulo,3550308,True,,2459,,,-23.611826999999998,-46.4832085,,,,1,2023-06-19T16:55:15+00:00
SAO_5110-24,São Paulo,3550308,True,,2459,,,-23.61259,-46.479862999999995,,,,1,2023-06-19T16:58:11+00:00
SAO_1767-10,São Paulo,3550308,True,,33396,,,-23.4735285,-46.5655225,,,,2,2023-06-19T16:58:29+00:00
SAO_1767-10,São Paulo,3550308,True,,33396,,,-23.4819885,-46.566306999999995,,,,2,2023-06-19T16:52:54+00:00
SAO_1767-10,São Paulo,3550308,True,,33396,,,-23.481203,-46.602722375,,,,2,2023-06-19T16:58:26+00:00
SAO_1767-10,São Paulo,3550308,True,,33396,,,-23.4736435,-46.565765999999996,,,,2,2023-06-19T16:58:31+00:00
SAO_1767-10,São Paulo,3550308,True,,33396,,,-23.481203,-46.602722375,,,,2,2023-06-19T16:58:37+00:00
SAO_1767-10,São Paulo,3550308,True,,33396,,,-23.46775425,-46.584013,,,,2,2023-06-19T16:58:08+00:00
SAO_524M-10,São Paulo,3550308,True,,34399,,,-23.563701000000002,-46.505339,,,,2,2023-06-19T16:58:31+00:00
SAO_524M-10,São Paulo,3550308,True,,34399,,,-23.619122750000002,-46.4958135,,,,2,2023-06-19T16:58:47+00:00
SAO_524M-10,São Paulo,3550308,True,,34399,,,-23.581114,-46.518421000000004,,,,2,2023-06-19T16:58:35+00:00
SAO_524M-10,São Paulo,3550308,True,,34399,,,-23.5664125,-46.50999675,,,,2,2023-06-19T16:58:55+00:00
SAO_524M-10,São Paulo,3550308,True,,34399,,,-23.619122750000002,-46.4958135,,,,2,2023-06-19T16:58:34+00:00
SAO_524M-10,São Paulo,3550308,True,,34399,,,-23.614067,-46.500346,,,,2,2023-06-19T16:58:38+00:00
SAO_524M-10,São Paulo,3550308,True,,34399,,,-23.595152499999998,-46.503015500000004,,,,2,2023-06-19T16:58:51+00:00
SAO_524M-10,São Paulo,3550308,True,,34399,,,-23.619495,-46.495613,,,,2,2023-06-19T16:58:19+00:00
SAO_978A-10,São Paulo,3550308,True,,34137,,,-23.4805165,-46.673632,,,,2,2023-06-19T16:58:12+00:00
SAO_978A-10,São Paulo,3550308,True,,34137,,,-23.475628999999998,-46.670974,,,,2,2023-06-19T16:58:20+00:00
SAO_978A-10,São Paulo,3550308,True,,34137,,,-23.48263725,-46.67702325,,,,2,2023-06-19T16:58:49+00:00
SAO_978A-10,São Paulo,3550308,True,,34137,,,-23.520201999999998,-46.671375499999996,,,,2,2023-06-19T16:58:39+00:00
SAO_978A-10,São Paulo,3550308,True,,34137,,,-23.515086,-46.6902535,,,,2,2023-06-19T16:56:27+00:00
SAO_978A-10,São Paulo,3550308,True,,34137,,,-23.475628999999998,-46.670974,,,,2,2023-06-19T16:58:49+00:00
SAO_4718-10,São Paulo,3550308,True,,33104,,,-23.636626,-46.617573,,,,2,2023-06-19T16:58:18+00:00
SAO_9011-10,São Paulo,3550308,True,,878,,,-23.45467,-46.738116000000005,,,,1,2023-06-19T16:58:18+00:00
SAO_9011-10,São Paulo,3550308,True,,878,,,-23.4642955,-46.680001000000004,,,,1,2023-06-19T16:58:34+00:00
SAO_9011-10,São Paulo,3550308,True,,878,,,-23.443403500000002,-46.718311,,,,1,2023-06-19T16:58:39+00:00
SAO_9011-10,São Paulo,3550308,True,,878,,,-23.45467,-46.738116000000005,,,,1,2023-06-19T16:58:45+00:00
SAO_9011-10,São Paulo,3550308,True,,878,,,-23.45467,-46.738116000000005,,,,1,2023-06-19T16:58:12+00:00
SAO_9011-10,São Paulo,3550308,True,,878,,,-23.45467,-46.738116000000005,,,,1,2023-06-19T16:58:35+00:00
SAO_9011-10,São Paulo,3550308,True,,878,,,-23.45467,-46.738116000000005,,,,1,2023-06-19T16:58:35+00:00
SAO_9011-10,São Paulo,3550308,True,,878,,,-23.43730625,-46.737526,,,,1,2023-06-19T16:58:25+00:00
SAO_6084-10,São Paulo,3550308,True,,33937,,,-23.7812805,-46.67209375,,,,2,2023-06-19T16:58:51+00:00
SAO_6084-10,São Paulo,3550308,True,,33937,,,-23.7810475,-46.6726765,,,,2,2023-06-19T16:58:47+00:00
SAO_6084-10,São Paulo,3550308,True,,33937,,,-23.7804005,-46.6732885,,,,2,2023-06-19T16:58:52+00:00
SAO_6084-10,São Paulo,3550308,True,,33937,,,-23.7804005,-46.6732885,,,,2,2023-06-19T16:58:12+00:00
SAO_6084-10,São Paulo,3550308,True,,33937,,,-23.76811025,-46.717556,,,,2,2023-06-19T16:58:38+00:00
SAO_6084-10,São Paulo,3550308,True,,33937,,,-23.7812805,-46.67209375,,,,2,2023-06-19T16:58:48+00:00
SAO_6084-10,São Paulo,3550308,True,,33937,,,-23.7661825,-46.6973455,,,,2,2023-06-19T16:58:36+00:00
SAO_6084-10,São Paulo,3550308,True,,33937,,,-23.7804115,-46.6731975,,,,2,2023-06-19T16:58:37+00:00
SAO_6818-10,São Paulo,3550308,True,,32796,,,-23.654823,-46.763025,,,,2,2023-06-19T16:58:55+00:00
SAO_6818-10,São Paulo,3550308,True,,32796,,,-23.6457135,-46.770793499999996,,,,2,2023-06-19T16:58:34+00:00
SAO_4021-10,São Paulo,3550308,True,,35316,,,-23.542766999999998,-46.470433,,,,2,2023-06-19T16:58:11+00:00
SAO_4021-10,São Paulo,3550308,True,,35316,,,-23.542792499999997,-46.470580999999996,,,,2,2023-06-19T16:58:45+00:00
SAO_4021-10,São Paulo,3550308,True,,35316,,,-23.561794499999998,-46.45062525,,,,2,2023-06-19T16:58:46+00:00
SAO_4021-10,São Paulo,3550308,True,,35316,,,-23.553966375,-46.455607125,,,,2,2023-06-19T16:58:41+00:00
SAO_4021-10,São Paulo,3550308,True,,35316,,,-23.542792499999997,-46.470580999999996,,,,2,2023-06-19T16:58:27+00:00
SAO_4021-10,São Paulo,3550308,True,,35316,,,-23.543105,-46.46927075,,,,2,2023-06-19T16:58:37+00:00
SAO_4021-10,São Paulo,3550308,True,,35316,,,-23.542792499999997,-46.470580999999996,,,,2,2023-06-19T16:58:12+00:00
SAO_707K-10,São Paulo,3550308,True,,35271,,,-23.66813,-46.735502499999996,,,,2,2023-06-19T16:58:30+00:00
SAO_707K-10,São Paulo,3550308,True,,35271,,,-23.6683575,-46.7355065,,,,2,2023-06-19T16:58:47+00:00
SAO_707K-10,São Paulo,3550308,True,,35271,,,-23.645241249999998,-46.658818249999996,,,,2,2023-06-19T16:58:45+00:00
SAO_707K-10,São Paulo,3550308,True,,35271,,,-23.6683575,-46.7355065,,,,2,2023-06-19T16:58:36+00:00
SAO_707K-10,São Paulo,3550308,True,,35271,,,-23.667917,-46.7355005,,,,2,2023-06-19T16:58:48+00:00
SAO_707K-10,São Paulo,3550308,True,,35271,,,-23.667807,-46.7355005,,,,2,2023-06-19T16:58:14+00:00
SAO_707K-10,São Paulo,3550308,True,,35271,,,-23.6534315,-46.6892855,,,,2,2023-06-19T16:58:33+00:00
SAO_271A-51,São Paulo,3550308,True,,33471,,,-23.50225,-46.623670000000004,,,,2,2023-06-19T16:58:42+00:00
SAO_271A-51,São Paulo,3550308,True,,33471,,,-23.5069825,-46.5329195,,,,2,2023-06-19T16:58:11+00:00
SAO_271A-51,São Paulo,3550308,True,,33471,,,-23.50225,-46.623670000000004,,,,2,2023-06-19T16:58:36+00:00
SAO_271A-51,São Paulo,3550308,True,,33471,,,-23.521819,-46.54883475,,,,2,2023-06-19T16:58:46+00:00
SAO_271A-51,São Paulo,3550308,True,,33471,,,-23.4979085,-46.514503000000005,,,,2,2023-06-19T16:58:20+00:00
SAO_271A-51,São Paulo,3550308,True,,33471,,,-23.4985585,-46.514556999999996,,,,2,2023-06-19T16:58:22+00:00
SAO_5103-10,São Paulo,3550308,True,,1646,,,-23.6032445,-46.602611499999995,,,,1,2023-06-19T16:58:51+00:00
SAO_5103-10,São Paulo,3550308,True,,1646,,,-23.6032445,-46.602611499999995,,,,1,2023-06-19T16:58:31+00:00
SAO_5103-10,São Paulo,3550308,True,,1646,,,-23.6032445,-46.602611499999995,,,,1,2023-06-19T16:58:37+00:00
SAO_5103-10,São Paulo,3550308,True,,1646,,,-23.5977665,-46.650428500000004,,,,1,2023-06-19T16:58:37+00:00
SAO_5103-10,São Paulo,3550308,True,,1646,,,-23.602669249999998,-46.615564500000005,,,,1,2023-06-19T16:58:41+00:00
SAO_5103-10,São Paulo,3550308,True,,1646,,,-23.6032445,-46.602611499999995,,,,1,2023-06-19T16:58:25+00:00
SAO_748R-10,São Paulo,3550308,True,,33269,,,-23.6003325,-46.784207,,,,2,2023-06-19T16:58:18+00:00
SAO_748R-10,São Paulo,3550308,True,,33269,,,-23.5939745,-46.784715000000006,,,,2,2023-06-19T16:58:19+00:00
SAO_748R-10,São Paulo,3550308,True,,33269,,,-23.600666,-46.784031999999996,,,,2,2023-06-19T16:58:13+00:00
SAO_748R-10,São Paulo,3550308,True,,33269,,,-23.60130625,-46.794271124999995,,,,2,2023-06-19T16:58:28+00:00
SAO_748R-10,São Paulo,3550308,True,,33269,,,-23.600459999999998,-46.784138999999996,,,,2,2023-06-19T16:58:39+00:00
SAO_748R-10,São Paulo,3550308,True,,33269,,,-23.600666,-46.784031999999996,,,,2,2023-06-19T16:58:33+00:00
SAO_748R-10,São Paulo,3550308,True,,33269,,,-23.601419749999998,-46.79448587500001,,,,2,2023-06-19T16:58:18+00:00
SAO_748R-10,São Paulo,3550308,True,,33269,,,-23.523832,-46.7048275,,,,2,2023-06-19T16:58:50+00:00
SAO_748R-10,São Paulo,3550308,True,,33269,,,-23.57995,-46.760951500000004,,,,2,2023-06-19T16:58:37+00:00
SAO_748R-10,São Paulo,3550308,True,,33269,,,-23.5255835,-46.671588,,,,2,2023-06-19T16:58:51+00:00
SAO_748R-10,São Paulo,3550308,True,,33269,,,-23.542930375,-46.731735625,,,,2,2023-06-19T16:58:23+00:00
SAO_748R-10,São Paulo,3550308,True,,33269,,,-23.6001115,-46.7843265,,,,2,2023-06-19T16:58:26+00:00
SAO_748R-10,São Paulo,3550308,True,,33269,,,-23.600666,-46.784031999999996,,,,2,2023-06-19T16:58:30+00:00
SAO_9789-10,São Paulo,3550308,True,,829,,,-23.48644875,-46.688289499999996,,,,1,2023-06-19T16:58:11+00:00
SAO_9789-10,São Paulo,3550308,True,,829,,,-23.460588,-46.70847,,,,1,2023-06-19T16:58:35+00:00
SAO_9789-10,São Paulo,3550308,True,,829,,,-23.5036415,-46.6783905,,,,1,2023-06-19T16:58:40+00:00
SAO_9789-10,São Paulo,3550308,True,,829,,,-23.460588,-46.70847,,,,1,2023-06-19T16:58:28+00:00
SAO_9789-10,São Paulo,3550308,True,,829,,,-23.460728000000003,-46.7085375,,,,1,2023-06-19T16:58:45+00:00
SAO_9789-10,São Paulo,3550308,True,,829,,,-23.460588,-46.70847,,,,1,2023-06-19T16:58:45+00:00
SAO_9789-10,São Paulo,3550308,True,,829,,,-23.4606565,-46.7084985,,,,1,2023-06-19T16:58:33+00:00
SAO_9789-10,São Paulo,3550308,True,,829,,,-23.4689935,-46.6946715,,,,1,2023-06-19T16:58:53+00:00
SAO_9789-10,São Paulo,3550308,True,,829,,,-23.520577,-46.6678165,,,,1,2023-06-19T16:58:47+00:00
SAO_9789-10,São Paulo,3550308,True,,829,,,-23.5244035,-46.667024999999995,,,,1,2023-06-19T16:58:08+00:00
SAO_4315-10,São Paulo,3550308,True,,2175,,,-23.5513675,-46.624814,,,,1,2023-06-19T16:58:34+00:00
SAO_4315-10,São Paulo,3550308,True,,2175,,,-23.54645675,-46.629903999999996,,,,1,2023-06-19T16:58:18+00:00
SAO_4315-10,São Paulo,3550308,True,,2175,,,-23.53838775,-46.557846874999996,,,,1,2023-06-19T16:58:38+00:00
SAO_4315-10,São Paulo,3550308,True,,2175,,,-23.5529675,-46.528141000000005,,,,1,2023-06-19T16:58:50+00:00
SAO_669A-10,São Paulo,3550308,True,,32772,,,-23.6538355,-46.7110955,,,,2,2023-06-19T16:58:48+00:00
SAO_669A-10,São Paulo,3550308,True,,32772,,,-23.5351295,-46.644449,,,,2,2023-06-19T16:58:14+00:00
SAO_669A-10,São Paulo,3550308,True,,32772,,,-23.5341755,-46.6447165,,,,2,2023-06-19T16:58:15+00:00
SAO_669A-10,São Paulo,3550308,True,,32772,,,-23.634339500000003,-46.693918249999996,,,,2,2023-06-19T16:58:38+00:00
SAO_669A-10,São Paulo,3550308,True,,32772,,,-23.6043425,-46.6750015,,,,2,2023-06-19T16:58:53+00:00
SAO_669A-10,São Paulo,3550308,True,,32772,,,-23.58332075,-46.66878625,,,,2,2023-06-19T16:58:39+00:00
SAO_669A-10,São Paulo,3550308,True,,32772,,,-23.5341755,-46.6447165,,,,2,2023-06-19T16:58:39+00:00
SAO_669A-10,São Paulo,3550308,True,,32772,,,-23.5550435,-46.662276500000004,,,,2,2023-06-19T16:58:30+00:00
SAO_7903-10,São Paulo,3550308,True,,33280,,,-23.5477705,-46.641587,,,,2,2023-06-19T16:58:54+00:00
SAO_7903-10,São Paulo,3550308,True,,33280,,,-23.5477705,-46.641587,,,,2,2023-06-19T16:58:16+00:00
SAO_7903-10,São Paulo,3550308,True,,33280,,,-23.586456,-46.7496265,,,,2,2023-06-19T16:58:38+00:00
SAO_7903-10,São Paulo,3550308,True,,33280,,,-23.5463265,-46.639084,,,,2,2023-06-19T16:58:42+00:00
SAO_7903-10,São Paulo,3550308,True,,33280,,,-23.5477705,-46.641587,,,,2,2023-06-19T16:58:18+00:00
SAO_7903-10,São Paulo,3550308,True,,33280,,,-23.5477705,-46.641587,,,,2,2023-06-19T16:58:48+00:00
SAO_8027-10,São Paulo,3550308,True,,34930,,,-23.568198,-46.765418,,,,2,2023-06-19T16:58:45+00:00
SAO_8027-10,São Paulo,3550308,True,,34930,,,-23.568452999999998,-46.765302,,,,2,2023-06-19T16:58:41+00:00
SAO_8027-10,São Paulo,3550308,True,,34930,,,-23.5723315,-46.708529,,,,2,2023-06-19T16:58:44+00:00
SAO_6015-10,São Paulo,3550308,True,,1205,,,-23.734715,-46.7945555,,,,1,2023-06-19T16:58:21+00:00
SAO_6015-10,São Paulo,3550308,True,,1205,,,-23.675495249999997,-46.755779000000004,,,,1,2023-06-19T16:58:42+00:00
SAO_6015-10,São Paulo,3550308,True,,1205,,,-23.646046,-46.704235,,,,1,2023-06-19T16:58:50+00:00
SAO_6015-10,São Paulo,3550308,True,,1205,,,-23.702687,-46.7833245,,,,1,2023-06-19T16:58:12+00:00
SAO_6015-10,São Paulo,3550308,True,,1205,,,-23.67163175,-46.7409715,,,,1,2023-06-19T16:58:24+00:00
SAO_6015-10,São Paulo,3550308,True,,1205,,,-23.73823,-46.7903295,,,,1,2023-06-19T16:58:28+00:00
SAO_971C-10,São Paulo,3550308,True,,33339,,,-23.4823775,-46.6547675,,,,2,2023-06-19T16:58:31+00:00
SAO_971C-10,São Paulo,3550308,True,,33339,,,-23.500266,-46.6352555,,,,2,2023-06-19T16:58:43+00:00
SAO_971C-10,São Paulo,3550308,True,,33339,,,-23.459438249999998,-46.688077250000006,,,,2,2023-06-19T16:58:15+00:00
SAO_971C-10,São Paulo,3550308,True,,33339,,,-23.474016,-46.667682,,,,2,2023-06-19T16:58:17+00:00
SAO_971C-10,São Paulo,3550308,True,,33339,,,-23.439882750000002,-46.716913250000005,,,,2,2023-06-19T16:58:28+00:00
SAO_971C-10,São Paulo,3550308,True,,33339,,,-23.4516405,-46.700128,,,,2,2023-06-19T16:57:21+00:00
SAO_971C-10,São Paulo,3550308,True,,33339,,,-23.448803499999997,-46.710332,,,,2,2023-06-19T16:58:41+00:00
SAO_971C-10,São Paulo,3550308,True,,33339,,,-23.448566,-46.710387999999995,,,,2,2023-06-19T16:58:50+00:00
SAO_971C-10,São Paulo,3550308,True,,33339,,,-23.448566,-46.710387999999995,,,,2,2023-06-19T16:58:41+00:00
SAO_1896-10,São Paulo,3550308,True,,35288,,,-23.460679,-46.7532565,,,,2,2023-06-19T16:58:45+00:00
SAO_1896-10,São Paulo,3550308,True,,35288,,,-23.525461,-46.681601,,,,2,2023-06-19T16:58:53+00:00
SAO_1896-10,São Paulo,3550308,True,,35288,,,-23.495379999999997,-46.73008175,,,,2,2023-06-19T16:58:31+00:00
SAO_3739-10,São Paulo,3550308,True,,1039,,,-23.592284999999997,-46.444245,,,,1,2023-06-19T16:58:15+00:00
SAO_3739-10,São Paulo,3550308,True,,1039,,,-23.542863,-46.469320249999996,,,,1,2023-06-19T16:58:45+00:00
SAO_3739-10,São Paulo,3550308,True,,1039,,,-23.557015,-46.4453875,,,,1,2023-06-19T16:58:14+00:00
SAO_3739-10,São Paulo,3550308,True,,1039,,,-23.542454999999997,-46.470183000000006,,,,1,2023-06-19T16:58:35+00:00
SAO_3739-10,São Paulo,3550308,True,,1039,,,-23.60950975,-46.4262205,,,,1,2023-06-19T16:58:11+00:00
SAO_3739-10,São Paulo,3550308,True,,1039,,,-23.595953,-46.4364655,,,,1,2023-06-19T16:58:37+00:00
SAO_775A-10,São Paulo,3550308,True,,33241,,,-23.57366975,-46.73255575,,,,2,2023-06-19T16:58:28+00:00
SAO_775A-10,São Paulo,3550308,True,,33241,,,-23.5623195,-46.7647105,,,,2,2023-06-19T16:58:11+00:00
SAO_647P-10,São Paulo,3550308,True,,34084,,,-23.639170999999997,-46.7366265,,,,2,2023-06-19T16:58:49+00:00
SAO_647P-10,São Paulo,3550308,True,,34084,,,-23.666986,-46.773788,,,,2,2023-06-19T16:58:51+00:00
SAO_647P-10,São Paulo,3550308,True,,34084,,,-23.570447,-46.691294,,,,2,2023-06-19T16:58:45+00:00
SAO_647P-10,São Paulo,3550308,True,,34084,,,-23.6749685,-46.784116,,,,2,2023-06-19T16:58:11+00:00
SAO_647P-10,São Paulo,3550308,True,,34084,,,-23.605904000000002,-46.7252615,,,,2,2023-06-19T16:58:21+00:00
SAO_647P-10,São Paulo,3550308,True,,34084,,,-23.65335,-46.7356915,,,,2,2023-06-19T16:58:29+00:00
SAO_647P-10,São Paulo,3550308,True,,34084,,,-23.671698749999997,-46.7787175,,,,2,2023-06-19T16:58:18+00:00
SAO_647P-10,São Paulo,3550308,True,,34084,,,-23.674748,-46.78398249999999,,,,2,2023-06-19T16:58:18+00:00
SAO_9500-10,São Paulo,3550308,True,,33229,,,-23.4742495,-46.669781,,,,2,2023-06-19T16:58:21+00:00
SAO_9500-10,São Paulo,3550308,True,,33229,,,-23.523972125,-46.649961125000004,,,,2,2023-06-19T16:58:45+00:00
SAO_9500-10,São Paulo,3550308,True,,33229,,,-23.50552975,-46.670390499999996,,,,2,2023-06-19T16:58:27+00:00
SAO_9500-10,São Paulo,3550308,True,,33229,,,-23.474776,-46.6700495,,,,2,2023-06-19T16:58:22+00:00
SAO_9500-10,São Paulo,3550308,True,,33229,,,-23.4742495,-46.669781,,,,2,2023-06-19T16:58:53+00:00
SAO_9500-10,São Paulo,3550308,True,,33229,,,-23.474438499999998,-46.669928999999996,,,,2,2023-06-19T16:58:48+00:00
SAO_407N-10,São Paulo,3550308,True,,34937,,,-23.539017,-46.5426075,,,,2,2023-06-19T16:58:22+00:00
SAO_407N-10,São Paulo,3550308,True,,34937,,,-23.5932715,-46.4674655,,,,2,2023-06-19T16:58:31+00:00
SAO_407N-10,São Paulo,3550308,True,,34937,,,-23.55528,-46.5174205,,,,2,2023-06-19T16:58:22+00:00
SAO_407N-10,São Paulo,3550308,True,,34937,,,-23.5832695,-46.4081135,,,,2,2023-06-19T16:58:36+00:00
SAO_407N-10,São Paulo,3550308,True,,34937,,,-23.5947445,-46.427139374999996,,,,2,2023-06-19T16:53:17+00:00
SAO_407N-10,São Paulo,3550308,True,,34937,,,-23.5948155,-46.427567624999995,,,,2,2023-06-19T16:58:20+00:00
SAO_407N-10,São Paulo,3550308,True,,34937,,,-23.534,-46.5424035,,,,2,2023-06-19T16:58:36+00:00
SAO_4030-10,São Paulo,3550308,True,,1100,,,-23.5660035,-46.5068395,,,,1,2023-06-19T16:58:39+00:00
SAO_4030-10,São Paulo,3550308,True,,1100,,,-23.609867,-46.4769945,,,,1,2023-06-19T16:58:51+00:00
SAO_4030-10,São Paulo,3550308,True,,1100,,,-23.622303000000002,-46.487508,,,,1,2023-06-19T16:58:22+00:00
SAO_4030-10,São Paulo,3550308,True,,1100,,,-23.579035750000003,-46.502755750000006,,,,1,2023-06-19T16:58:38+00:00
SAO_7062-31,São Paulo,3550308,True,,34682,,,-23.6463475,-46.7730035,,,,2,2023-06-19T16:58:20+00:00
SAO_807J-10,São Paulo,3550308,True,,2058,,,-23.631701,-46.7721875,,,,1,2023-06-19T16:58:55+00:00
SAO_807J-10,São Paulo,3550308,True,,2058,,,-23.61722275,-46.70802625,,,,1,2023-06-19T16:58:22+00:00
SAO_807J-10,São Paulo,3550308,True,,2058,,,-23.62428525,-46.764425,,,,1,2023-06-19T16:58:43+00:00
SAO_807J-10,São Paulo,3550308,True,,2058,,,-23.631701,-46.7721875,,,,1,2023-06-19T16:58:25+00:00
SAO_807J-10,São Paulo,3550308,True,,2058,,,-23.61682225,-46.7373685,,,,1,2023-06-19T16:58:25+00:00
SAO_6450-10,São Paulo,3550308,True,,59,,,-23.645979375000003,-46.709938124999994,,,,1,2023-06-19T16:58:47+00:00
SAO_6450-10,São Paulo,3550308,True,,59,,,-23.645789999999998,-46.7465015,,,,1,2023-06-19T16:58:24+00:00
SAO_6450-10,São Paulo,3550308,True,,59,,,-23.549107,-46.6391215,,,,1,2023-06-19T16:58:29+00:00
SAO_6450-10,São Paulo,3550308,True,,59,,,-23.653924500000002,-46.7627265,,,,1,2023-06-19T16:58:37+00:00
SAO_6450-10,São Paulo,3550308,True,,59,,,-23.568426000000002,-46.6602445625,,,,1,2023-06-19T16:58:54+00:00
SAO_6450-10,São Paulo,3550308,True,,59,,,-23.585545000000003,-46.670801999999995,,,,1,2023-06-19T16:58:30+00:00
SAO_6450-10,São Paulo,3550308,True,,59,,,-23.647451,-46.74730649999999,,,,1,2023-06-19T16:58:25+00:00
SAO_6450-10,São Paulo,3550308,True,,59,,,-23.626293,-46.68723850000001,,,,1,2023-06-19T16:58:54+00:00
SAO_6450-10,São Paulo,3550308,True,,59,,,-23.653924500000002,-46.7627265,,,,1,2023-06-19T16:58:55+00:00
SAO_6450-10,São Paulo,3550308,True,,59,,,-23.6550385,-46.761806,,,,1,2023-06-19T16:58:24+00:00
SAO_6450-10,São Paulo,3550308,True,,59,,,-23.640083750000002,-46.697184500000006,,,,1,2023-06-19T16:58:55+00:00
SAO_2726-10,São Paulo,3550308,True,,33708,,,-23.519161,-46.473724000000004,,,,2,2023-06-19T16:58:31+00:00
SAO_2726-10,São Paulo,3550308,True,,33708,,,-23.518573500000002,-46.47466,,,,2,2023-06-19T16:58:31+00:00
SAO_2726-10,São Paulo,3550308,True,,33708,,,-23.508325499999998,-46.4684905,,,,2,2023-06-19T16:58:22+00:00
SAO_2726-10,São Paulo,3550308,True,,33708,,,-23.508566000000002,-46.4683395,,,,2,2023-06-19T16:58:34+00:00
SAO_2726-10,São Paulo,3550308,True,,33708,,,-23.52422,-46.548732,,,,2,2023-06-19T16:58:24+00:00
SAO_2726-10,São Paulo,3550308,True,,33708,,,-23.5127235,-46.515349,,,,2,2023-06-19T16:58:19+00:00
SAO_2726-10,São Paulo,3550308,True,,33708,,,-23.511696999999998,-46.500585,,,,2,2023-06-19T16:58:31+00:00
SAO_2726-10,São Paulo,3550308,True,,33708,,,-23.508325499999998,-46.4684905,,,,2,2023-06-19T16:58:15+00:00
SAO_2726-10,São Paulo,3550308,True,,33708,,,-23.533234,-46.543972499999995,,,,2,2023-06-19T16:58:49+00:00
SAO_2726-10,São Paulo,3550308,True,,33708,,,-23.533234,-46.543972499999995,,,,2,2023-06-19T16:58:19+00:00
SAO_577T-10,São Paulo,3550308,True,,1291,,,-23.65249275,-46.6509335,,,,1,2023-06-19T16:58:45+00:00
SAO_577T-10,São Paulo,3550308,True,,1291,,,-23.604057375,-46.63607825,,,,1,2023-06-19T16:58:20+00:00
SAO_577T-10,São Paulo,3550308,True,,1291,,,-23.683317000000002,-46.634547749999996,,,,1,2023-06-19T16:58:45+00:00
SAO_407W-10,São Paulo,3550308,True,,2204,,,-23.5386545,-46.565125,,,,1,2023-06-19T16:58:33+00:00
SAO_407W-10,São Paulo,3550308,True,,2204,,,-23.5843355,-46.505297999999996,,,,1,2023-06-19T16:58:54+00:00
SAO_407W-10,São Paulo,3550308,True,,2204,,,-23.564735,-46.54250075,,,,1,2023-06-19T16:58:47+00:00
SAO_175P-10,São Paulo,3550308,True,,33443,,,-23.519679500000002,-46.656309,,,,2,2023-06-19T16:58:26+00:00
SAO_175P-10,São Paulo,3550308,True,,33443,,,-23.542611,-46.6720315,,,,2,2023-06-19T16:58:52+00:00
SAO_175P-10,São Paulo,3550308,True,,33443,,,-23.5001995,-46.63149675,,,,2,2023-06-19T16:58:41+00:00
SAO_175P-10,São Paulo,3550308,True,,33443,,,-23.5852253125,-46.636866312500004,,,,2,2023-06-19T16:58:10+00:00
SAO_175P-10,São Paulo,3550308,True,,33443,,,-23.5852253125,-46.636866312500004,,,,2,2023-06-19T16:58:25+00:00
SAO_175P-10,São Paulo,3550308,True,,33443,,,-23.586782,-46.634817,,,,2,2023-06-19T16:58:29+00:00
SAO_175P-10,São Paulo,3550308,True,,33443,,,-23.5343035,-46.66131925,,,,2,2023-06-19T16:58:33+00:00
SAO_175P-10,São Paulo,3550308,True,,33443,,,-23.502674499999998,-46.65743825,,,,2,2023-06-19T16:58:39+00:00
SAO_175P-10,São Paulo,3550308,True,,33443,,,-23.556026250000002,-46.662388750000005,,,,2,2023-06-19T16:58:43+00:00
SAO_175P-10,São Paulo,3550308,True,,33443,,,-23.56928,-46.646766750000005,,,,2,2023-06-19T16:58:13+00:00
SAO_175P-10,São Paulo,3550308,True,,33443,,,-23.5863984375,-46.6361194375,,,,2,2023-06-19T16:58:44+00:00
SAO_175P-10,São Paulo,3550308,True,,33443,,,-23.5852253125,-46.636866312500004,,,,2,2023-06-19T16:58:18+00:00
SAO_2018-10,São Paulo,3550308,True,,33672,,,-23.510322000000002,-46.40719,,,,2,2023-06-19T16:57:38+00:00
SAO_2018-10,São Paulo,3550308,True,,33672,,,-23.50992075,-46.41216775,,,,2,2023-06-19T16:58:26+00:00
SAO_778R-10,São Paulo,3550308,True,,33277,,,-23.585682499999997,-46.805686,,,,2,2023-06-19T16:58:19+00:00
SAO_778R-10,São Paulo,3550308,True,,33277,,,-23.53587225,-46.645671500000006,,,,2,2023-06-19T16:58:42+00:00
SAO_778R-10,São Paulo,3550308,True,,33277,,,-23.570433,-46.689798249999996,,,,2,2023-06-19T16:58:36+00:00
SAO_778R-10,São Paulo,3550308,True,,33277,,,-23.584564,-46.738485499999996,,,,2,2023-06-19T16:58:34+00:00
SAO_778R-10,São Paulo,3550308,True,,33277,,,-23.547974500000002,-46.649455875,,,,2,2023-06-19T16:58:47+00:00
SAO_778R-10,São Paulo,3550308,True,,33277,,,-23.589192,-46.795487,,,,2,2023-06-19T16:58:46+00:00
SAO_3787-10,São Paulo,3550308,True,,34380,,,-23.60186025,-46.398567,,,,2,2023-06-19T16:58:15+00:00
SAO_3787-10,São Paulo,3550308,True,,34380,,,-23.60186025,-46.398567,,,,2,2023-06-19T16:58:40+00:00
SAO_3787-10,São Paulo,3550308,True,,34380,,,-23.60156875,-46.398831,,,,2,2023-06-19T16:58:11+00:00
SAO_3787-10,São Paulo,3550308,True,,34380,,,-23.593911,-46.419008500000004,,,,2,2023-06-19T16:58:47+00:00
SAO_3787-10,São Paulo,3550308,True,,34380,,,-23.60186025,-46.398567,,,,2,2023-06-19T16:58:41+00:00
SAO_3787-10,São Paulo,3550308,True,,34380,,,-23.5459,-46.460999,,,,2,2023-06-19T16:58:36+00:00
SAO_3787-10,São Paulo,3550308,True,,34380,,,-23.586703,-46.409281,,,,2,2023-06-19T16:58:14+00:00
SAO_3787-10,São Paulo,3550308,True,,34380,,,-23.573963,-46.445578,,,,2,2023-06-19T16:58:52+00:00
SAO_746R-10,São Paulo,3550308,True,,790,,,-23.610416,-46.704665500000004,,,,1,2023-06-19T16:58:38+00:00
SAO_746R-10,São Paulo,3550308,True,,790,,,-23.630617,-46.717482000000004,,,,1,2023-06-19T16:58:52+00:00
SAO_746R-10,São Paulo,3550308,True,,790,,,-23.610402999999998,-46.704887,,,,1,2023-06-19T16:58:32+00:00
SAO_746R-10,São Paulo,3550308,True,,790,,,-23.610402999999998,-46.704887,,,,1,2023-06-19T16:58:16+00:00
SAO_746R-10,São Paulo,3550308,True,,790,,,-23.6103905,-46.7051065,,,,1,2023-06-19T16:58:41+00:00
SAO_746R-10,São Paulo,3550308,True,,790,,,-23.6103905,-46.7051065,,,,1,2023-06-19T16:58:54+00:00
SAO_746R-10,São Paulo,3550308,True,,790,,,-23.6103905,-46.7051065,,,,1,2023-06-19T16:58:53+00:00
SAO_1726-10,São Paulo,3550308,True,,1403,,,-23.4359105,-46.566243,,,,1,2023-06-19T16:58:26+00:00
SAO_1726-10,São Paulo,3550308,True,,1403,,,-23.4359105,-46.566243,,,,1,2023-06-19T16:58:50+00:00
SAO_1726-10,São Paulo,3550308,True,,1403,,,-23.477387,-46.61047,,,,1,2023-06-19T16:58:50+00:00
SAO_1726-10,São Paulo,3550308,True,,1403,,,-23.4359105,-46.566243,,,,1,2023-06-19T16:58:15+00:00
SAO_1726-10,São Paulo,3550308,True,,1403,,,-23.4359105,-46.566243,,,,1,2023-06-19T16:58:23+00:00
SAO_1726-10,São Paulo,3550308,True,,1403,,,-23.438648,-46.58637,,,,1,2023-06-19T16:58:25+00:00
SAO_1726-10,São Paulo,3550308,True,,1403,,,-23.502432499999998,-46.6235935,,,,1,2023-06-19T16:58:52+00:00
SAO_1726-10,São Paulo,3550308,True,,1403,,,-23.4496225,-46.5933275,,,,1,2023-06-19T16:54:45+00:00
SAO_1726-10,São Paulo,3550308,True,,1403,,,-23.4359105,-46.566243,,,,1,2023-06-19T16:58:11+00:00
SAO_4086-10,São Paulo,3550308,True,,35018,,,-23.5829095,-46.408221499999996,,,,2,2023-06-19T16:58:45+00:00
SAO_4086-10,São Paulo,3550308,True,,35018,,,-23.5831655,-46.4072265,,,,2,2023-06-19T16:58:53+00:00
SAO_6116-10,São Paulo,3550308,True,,1186,,,-23.751331,-46.688252,,,,1,2023-06-19T16:58:40+00:00
SAO_6116-10,São Paulo,3550308,True,,1186,,,-23.755301000000003,-46.660176500000006,,,,1,2023-06-19T16:58:15+00:00
SAO_6116-10,São Paulo,3550308,True,,1186,,,-23.7345775,-46.694962000000004,,,,1,2023-06-19T16:58:33+00:00
SAO_6013-10,São Paulo,3550308,True,,32954,,,-23.699237,-46.763135000000005,,,,2,2023-06-19T16:58:35+00:00
SAO_6013-10,São Paulo,3550308,True,,32954,,,-23.654,-46.7111995,,,,2,2023-06-19T16:58:36+00:00
SAO_6013-10,São Paulo,3550308,True,,32954,,,-23.653856875,-46.71128025,,,,2,2023-06-19T16:58:49+00:00
SAO_6013-10,São Paulo,3550308,True,,32954,,,-23.653958125,-46.712061750000004,,,,2,2023-06-19T16:58:43+00:00
SAO_6013-10,São Paulo,3550308,True,,32954,,,-23.677001500000003,-46.758407,,,,2,2023-06-19T16:58:31+00:00
SAO_6013-10,São Paulo,3550308,True,,32954,,,-23.691907,-46.7760155,,,,2,2023-06-19T16:57:45+00:00
SAO_9014-10,São Paulo,3550308,True,,1425,,,-23.492319000000002,-46.6963975,,,,1,2023-06-19T16:58:24+00:00
SAO_9014-10,São Paulo,3550308,True,,1425,,,-23.5201815,-46.699853000000004,,,,1,2023-06-19T16:58:53+00:00
SAO_9014-10,São Paulo,3550308,True,,1425,,,-23.4748515,-46.708434,,,,1,2023-06-19T16:58:33+00:00
SAO_9014-10,São Paulo,3550308,True,,1425,,,-23.519864499999997,-46.700969,,,,1,2023-06-19T16:58:20+00:00
SAO_9014-10,São Paulo,3550308,True,,1425,,,-23.4803535,-46.7013815,,,,1,2023-06-19T16:58:35+00:00
SAO_2720-10,São Paulo,3550308,True,,33701,,,-23.520741,-46.515246,,,,2,2023-06-19T16:58:32+00:00
SAO_2720-10,São Paulo,3550308,True,,33701,,,-23.493021,-46.470974,,,,2,2023-06-19T16:58:41+00:00
SAO_2720-10,São Paulo,3550308,True,,33701,,,-23.5077375,-46.4912295,,,,2,2023-06-19T16:58:16+00:00
SAO_2720-10,São Paulo,3550308,True,,33701,,,-23.493361,-46.470664,,,,2,2023-06-19T16:58:27+00:00
SAO_2720-10,São Paulo,3550308,True,,33701,,,-23.493361,-46.470664,,,,2,2023-06-19T16:58:51+00:00
SAO_2720-10,São Paulo,3550308,True,,33701,,,-23.493021,-46.470974,,,,2,2023-06-19T16:58:37+00:00
SAO_199D-10,São Paulo,3550308,True,,34903,,,-23.486155500000002,-46.710619,,,,2,2023-06-19T16:58:34+00:00
SAO_199D-10,São Paulo,3550308,True,,34903,,,-23.4862405,-46.71064,,,,2,2023-06-19T16:58:45+00:00
SAO_199D-10,São Paulo,3550308,True,,34903,,,-23.4863165,-46.710657499999996,,,,2,2023-06-19T16:58:42+00:00
SAO_199D-10,São Paulo,3550308,True,,34903,,,-23.5333155,-46.6939565,,,,2,2023-06-19T16:58:51+00:00
SAO_199D-10,São Paulo,3550308,True,,34903,,,-23.560127,-46.68176750000001,,,,2,2023-06-19T16:58:17+00:00
SAO_199D-10,São Paulo,3550308,True,,34903,,,-23.498233,-46.706727,,,,2,2023-06-19T16:58:50+00:00
SAO_199D-10,São Paulo,3550308,True,,34903,,,-23.549644999999998,-46.6811155,,,,2,2023-06-19T16:58:52+00:00
SAO_857R-10,São Paulo,3550308,True,,1892,,,-23.567637750000003,-46.649134000000004,,,,1,2023-06-19T16:58:32+00:00
SAO_857R-10,São Paulo,3550308,True,,1892,,,-23.5641635,-46.62974,,,,1,2023-06-19T16:58:15+00:00
SAO_857R-10,São Paulo,3550308,True,,1892,,,-23.6308255,-46.772924,,,,1,2023-06-19T16:58:54+00:00
SAO_857R-10,São Paulo,3550308,True,,1892,,,-23.610286000000002,-46.752301,,,,1,2023-06-19T16:58:43+00:00
SAO_701U-10,São Paulo,3550308,True,,657,,,-23.5374671875,-46.6344675625,,,,1,2023-06-19T16:58:44+00:00
SAO_701U-10,São Paulo,3550308,True,,657,,,-23.565214249999997,-46.7010625,,,,1,2023-06-19T16:58:35+00:00
SAO_701U-10,São Paulo,3550308,True,,657,,,-23.5541215,-46.670616249999995,,,,1,2023-06-19T16:58:42+00:00
SAO_701U-10,São Paulo,3550308,True,,657,,,-23.5518395,-46.7314125,,,,1,2023-06-19T16:58:12+00:00
SAO_701U-10,São Paulo,3550308,True,,657,,,-23.5521175,-46.7315415,,,,1,2023-06-19T16:58:52+00:00
SAO_6007-10,São Paulo,3550308,True,,176,,,-23.648984,-46.727399500000004,,,,1,2023-06-19T16:58:28+00:00
SAO_6007-10,São Paulo,3550308,True,,176,,,-23.654448000000002,-46.763219500000005,,,,1,2023-06-19T16:58:16+00:00
SAO_6007-10,São Paulo,3550308,True,,176,,,-23.666992999999998,-46.727209,,,,1,2023-06-19T16:58:36+00:00
SAO_6007-10,São Paulo,3550308,True,,176,,,-23.661046,-46.735231999999996,,,,1,2023-06-19T16:57:38+00:00
SAO_6007-10,São Paulo,3550308,True,,176,,,-23.654448000000002,-46.763219500000005,,,,1,2023-06-19T16:58:21+00:00
SAO_6007-10,São Paulo,3550308,True,,176,,,-23.6723505,-46.753622,,,,1,2023-06-19T16:58:16+00:00
SAO_2707-10,São Paulo,3550308,True,,919,,,-23.5427145,-46.4149935,,,,1,2023-06-19T16:58:39+00:00
SAO_2707-10,São Paulo,3550308,True,,919,,,-23.525353,-46.4059125,,,,1,2023-06-19T16:58:44+00:00
SAO_2707-10,São Paulo,3550308,True,,919,,,-23.525353,-46.4059125,,,,1,2023-06-19T16:56:33+00:00
SAO_2707-10,São Paulo,3550308,True,,919,,,-23.533158999999998,-46.4488585,,,,1,2023-06-19T16:58:15+00:00
SAO_2707-10,São Paulo,3550308,True,,919,,,-23.525353,-46.4059125,,,,1,2023-06-19T16:58:26+00:00
SAO_2707-10,São Paulo,3550308,True,,919,,,-23.525353,-46.4059125,,,,1,2023-06-19T16:58:26+00:00
SAO_2707-10,São Paulo,3550308,True,,919,,,-23.525353,-46.4059125,,,,1,2023-06-19T16:58:15+00:00
SAO_2707-10,São Paulo,3550308,True,,919,,,-23.525353,-46.4059125,,,,1,2023-06-19T16:58:49+00:00
SAO_2707-10,São Paulo,3550308,True,,919,,,-23.525353,-46.4059125,,,,1,2023-06-19T16:58:33+00:00
SAO_875C-1,São Paulo,3550308,True,,2510,,,-23.5850205,-46.68194475,,,,1,2023-06-19T16:58:39+00:00
SAO_875C-1,São Paulo,3550308,True,,2510,,,-23.55923825,-46.697240750000006,,,,1,2023-06-19T16:57:55+00:00
SAO_875C-1,São Paulo,3550308,True,,2510,,,-23.52049,-46.6992895,,,,1,2023-06-19T16:58:17+00:00
SAO_509M-10,São Paulo,3550308,True,,1277,,,-23.63631,-46.677648500000004,,,,1,2023-06-19T16:58:54+00:00
SAO_509M-10,São Paulo,3550308,True,,1277,,,-23.679215,-46.640164,,,,1,2023-06-19T16:58:55+00:00
SAO_509M-10,São Paulo,3550308,True,,1277,,,-23.557504625,-46.63795987499999,,,,1,2023-06-19T16:58:27+00:00
SAO_509M-10,São Paulo,3550308,True,,1277,,,-23.6069875,-46.6653,,,,1,2023-06-19T16:58:51+00:00
SAO_509M-10,São Paulo,3550308,True,,1277,,,-23.570394125,-46.640717249999994,,,,1,2023-06-19T16:58:38+00:00
SAO_502J-10,São Paulo,3550308,True,,34043,,,-23.705745,-46.687827999999996,,,,2,2023-06-19T16:58:26+00:00
SAO_502J-10,São Paulo,3550308,True,,34043,,,-23.687965,-46.6639645,,,,2,2023-06-19T16:58:25+00:00
SAO_502J-10,São Paulo,3550308,True,,34043,,,-23.706264,-46.688098,,,,2,2023-06-19T16:58:36+00:00
SAO_502J-10,São Paulo,3550308,True,,34043,,,-23.6083605,-46.637913999999995,,,,2,2023-06-19T16:58:35+00:00
SAO_502J-10,São Paulo,3550308,True,,34043,,,-23.706264,-46.688098,,,,2,2023-06-19T16:58:41+00:00
SAO_502J-10,São Paulo,3550308,True,,34043,,,-23.7060275,-46.6879755,,,,2,2023-06-19T16:58:49+00:00
SAO_502J-10,São Paulo,3550308,True,,34043,,,-23.646424500000002,-46.662307,,,,2,2023-06-19T16:58:24+00:00
SAO_502J-10,São Paulo,3550308,True,,34043,,,-23.6310335,-46.64687,,,,2,2023-06-19T16:58:50+00:00
SAO_502J-10,São Paulo,3550308,True,,34043,,,-23.706264,-46.688098,,,,2,2023-06-19T16:57:24+00:00
SAO_502J-10,São Paulo,3550308,True,,34043,,,-23.7058085,-46.6886045,,,,2,2023-06-19T16:58:24+00:00
SAO_502J-10,São Paulo,3550308,True,,34043,,,-23.706264,-46.688098,,,,2,2023-06-19T16:58:53+00:00
SAO_502J-10,São Paulo,3550308,True,,34043,,,-23.6909805,-46.670428,,,,2,2023-06-19T16:58:46+00:00
SAO_9011-10,São Paulo,3550308,True,,33646,,,-23.450701000000002,-46.728078499999995,,,,2,2023-06-19T16:58:33+00:00
SAO_9011-10,São Paulo,3550308,True,,33646,,,-23.4544515,-46.7378035,,,,2,2023-06-19T16:58:11+00:00
SAO_9011-10,São Paulo,3550308,True,,33646,,,-23.45477,-46.7384775,,,,2,2023-06-19T16:58:42+00:00
SAO_9011-10,São Paulo,3550308,True,,33646,,,-23.454522500000003,-46.737875,,,,2,2023-06-19T16:58:40+00:00
SAO_9011-10,São Paulo,3550308,True,,33646,,,-23.4359765,-46.714293999999995,,,,2,2023-06-19T16:58:19+00:00
SAO_9011-10,São Paulo,3550308,True,,33646,,,-23.47494,-46.67014399999999,,,,2,2023-06-19T16:58:22+00:00
SAO_9011-10,São Paulo,3550308,True,,33646,,,-23.471732250000002,-46.674443749999995,,,,2,2023-06-19T16:58:23+00:00
SAO_9011-10,São Paulo,3550308,True,,33646,,,-23.449098499999998,-46.7311995,,,,2,2023-06-19T16:58:31+00:00
SAO_3539-10,São Paulo,3550308,True,,33516,,,-23.582032749999996,-46.410213375000005,,,,2,2023-06-19T16:58:40+00:00
SAO_3539-10,São Paulo,3550308,True,,33516,,,-23.529602125,-46.516664875,,,,2,2023-06-19T16:58:51+00:00
SAO_3539-10,São Paulo,3550308,True,,33516,,,-23.543874125,-46.589819250000005,,,,2,2023-06-19T16:58:44+00:00
SAO_3539-10,São Paulo,3550308,True,,33516,,,-23.60109525,-46.39926,,,,2,2023-06-19T16:58:53+00:00
SAO_3539-10,São Paulo,3550308,True,,33516,,,-23.55432525,-46.464045,,,,2,2023-06-19T16:58:53+00:00
SAO_3539-10,São Paulo,3550308,True,,33516,,,-23.601313750000003,-46.399062,,,,2,2023-06-19T16:58:40+00:00
SAO_3539-10,São Paulo,3550308,True,,33516,,,-23.600441500000002,-46.399831500000005,,,,2,2023-06-19T16:58:35+00:00
SAO_3539-10,São Paulo,3550308,True,,33516,,,-23.56306625,-46.466267,,,,2,2023-06-19T16:58:14+00:00
SAO_3539-10,São Paulo,3550308,True,,33516,,,-23.600949999999997,-46.399390499999996,,,,2,2023-06-19T16:58:14+00:00
SAO_3539-10,São Paulo,3550308,True,,33516,,,-23.600533,-46.39975,,,,2,2023-06-19T16:58:38+00:00
SAO_3539-10,São Paulo,3550308,True,,33516,,,-23.5948865,-46.42799587499999,,,,2,2023-06-19T16:58:25+00:00
SAO_178T-10,São Paulo,3550308,True,EMTU,565,https://moovitapp.com/index/pt-br/transporte_p%C3%BAblico-line-565-Sao_Paulo-242-2038937-36419563-0,8.1,-23.5315425,-46.734446500000004,,,,1,2023-06-19T16:58:31+00:00
SAO_178T-10,São Paulo,3550308,True,EMTU,565,https://moovitapp.com/index/pt-br/transporte_p%C3%BAblico-line-565-Sao_Paulo-242-2038937-36419563-0,8.1,-23.531938750000002,-46.73408,,,,1,2023-06-19T16:58:53+00:00
SAO_178T-10,São Paulo,3550308,True,EMTU,565,https://moovitapp.com/index/pt-br/transporte_p%C3%BAblico-line-565-Sao_Paulo-242-2038937-36419563-0,8.1,-23.52392,-46.717361,,,,1,2023-06-19T16:58:21+00:00
SAO_178T-10,São Paulo,3550308,True,EMTU,565,https://moovitapp.com/index/pt-br/transporte_p%C3%BAblico-line-565-Sao_Paulo-242-2038937-36419563-0,8.1,-23.51456175,-46.70076,,,,1,2023-06-19T16:58:45+00:00
SAO_178T-10,São Paulo,3550308,True,EMTU,565,https://moovitapp.com/index/pt-br/transporte_p%C3%BAblico-line-565-Sao_Paulo-242-2038937-36419563-0,8.1,-23.5315425,-46.734446500000004,,,,1,2023-06-19T16:58:19+00:00
SAO_178T-10,São Paulo,3550308,True,EMTU,565,https://moovitapp.com/index/pt-br/transporte_p%C3%BAblico-line-565-Sao_Paulo-242-2038937-36419563-0,8.1,-23.4932445,-46.632307,,,,1,2023-06-19T16:58:46+00:00
SAO_178T-10,São Paulo,3550308,True,EMTU,565,https://moovitapp.com/index/pt-br/transporte_p%C3%BAblico-line-565-Sao_Paulo-242-2038937-36419563-0,8.1,-23.5041115,-46.668149,,,,1,2023-06-19T16:54:13+00:00
SAO_2088-10,São Paulo,3550308,True,,33140,,,-23.5038615,-46.3797665,,,,2,2023-06-19T16:58:49+00:00
SAO_2088-10,São Paulo,3550308,True,,33140,,,-23.517118,-46.475767000000005,,,,2,2023-06-19T16:58:50+00:00
SAO_2088-10,São Paulo,3550308,True,,33140,,,-23.503677500000002,-46.380087,,,,2,2023-06-19T16:58:49+00:00
SAO_2088-10,São Paulo,3550308,True,,33140,,,-23.495707000000003,-46.403454999999994,,,,2,2023-06-19T16:58:55+00:00
SAO_177Y-10,São Paulo,3550308,True,,33635,,,-23.5266685,-46.6673215,,,,2,2023-06-19T16:58:34+00:00
SAO_177Y-10,São Paulo,3550308,True,,33635,,,-23.5331925,-46.674949,,,,2,2023-06-19T16:58:33+00:00
SAO_177Y-10,São Paulo,3550308,True,,33635,,,-23.527178499999998,-46.66675275,,,,2,2023-06-19T16:58:11+00:00
SAO_177Y-10,São Paulo,3550308,True,,33635,,,-23.5269075,-46.66671425,,,,2,2023-06-19T16:58:49+00:00
SAO_177Y-10,São Paulo,3550308,True,,33635,,,-23.560564000000003,-46.68250950000001,,,,2,2023-06-19T16:58:16+00:00
SAO_177Y-10,São Paulo,3550308,True,,33635,,,-23.5269075,-46.66671425,,,,2,2023-06-19T16:58:12+00:00
SAO_5091-10,São Paulo,3550308,True,,34291,,,-23.694479,-46.654495999999995,,,,2,2023-06-19T16:58:00+00:00
SAO_5091-10,São Paulo,3550308,True,,34291,,,-23.6893725,-46.672529499999996,,,,2,2023-06-19T16:58:37+00:00
SAO_5091-10,São Paulo,3550308,True,,34291,,,-23.689913,-46.672915,,,,2,2023-06-19T16:58:21+00:00
SAO_5091-10,São Paulo,3550308,True,,34291,,,-23.62553725,-46.6404665,,,,2,2023-06-19T16:58:16+00:00
SAO_5091-10,São Paulo,3550308,True,,34291,,,-23.653044,-46.637222,,,,2,2023-06-19T16:58:40+00:00
SAO_5091-10,São Paulo,3550308,True,,34291,,,-23.642165249999998,-46.6414405,,,,2,2023-06-19T16:58:40+00:00
SAO_5091-10,São Paulo,3550308,True,,34291,,,-23.68224575,-46.6769735,,,,2,2023-06-19T16:58:43+00:00
SAO_5091-10,São Paulo,3550308,True,,34291,,,-23.682377000000002,-46.6773985,,,,2,2023-06-19T16:58:29+00:00
SAO_5035-10,São Paulo,3550308,True,,1668,,,-23.637237,-46.5923005,,,,1,2023-06-19T16:58:43+00:00
SAO_5035-10,São Paulo,3550308,True,,1668,,,-23.637237,-46.5923005,,,,1,2023-06-19T16:58:34+00:00
SAO_5035-10,São Paulo,3550308,True,,1668,,,-23.629163499999997,-46.592594,,,,1,2023-06-19T16:58:24+00:00
SAO_6006-10,São Paulo,3550308,True,EMTU,175,https://moovitapp.com/index/pt-br/transporte_p%C3%BAblico-line-175-Sao_Paulo-242-2038937-36419312-0,6.25,-23.6922335,-46.757836499999996,,,,1,2023-06-19T16:55:40+00:00
SAO_6006-10,São Paulo,3550308,True,EMTU,175,https://moovitapp.com/index/pt-br/transporte_p%C3%BAblico-line-175-Sao_Paulo-242-2038937-36419312-0,6.25,-23.6759545,-46.7530775,,,,1,2023-06-19T16:58:52+00:00
SAO_6006-10,São Paulo,3550308,True,EMTU,175,https://moovitapp.com/index/pt-br/transporte_p%C3%BAblico-line-175-Sao_Paulo-242-2038937-36419312-0,6.25,-23.6922335,-46.757836499999996,,,,1,2023-06-19T16:58:14+00:00
SAO_6006-10,São Paulo,3550308,True,EMTU,175,https://moovitapp.com/index/pt-br/transporte_p%C3%BAblico-line-175-Sao_Paulo-242-2038937-36419312-0,6.25,-23.68809925,-46.757687000000004,,,,1,2023-06-19T16:58:13+00:00
SAO_6006-10,São Paulo,3550308,True,EMTU,175,https://moovitapp.com/index/pt-br/transporte_p%C3%BAblico-line-175-Sao_Paulo-242-2038937-36419312-0,6.25,-23.6922335,-46.757836499999996,,,,1,2023-06-19T16:57:59+00:00
SAO_6006-10,São Paulo,3550308,True,EMTU,175,https://moovitapp.com/index/pt-br/transporte_p%C3%BAblico-line-175-Sao_Paulo-242-2038937-36419312-0,6.25,-23.6922335,-46.757836499999996,,,,1,2023-06-19T16:54:44+00:00
SAO_6006-10,São Paulo,3550308,True,EMTU,175,https://moovitapp.com/index/pt-br/transporte_p%C3%BAblico-line-175-Sao_Paulo-242-2038937-36419312-0,6.25,-23.6613215,-46.693996,,,,1,2023-06-19T16:58:31+00:00
SAO_6006-10,São Paulo,3550308,True,EMTU,175,https://moovitapp.com/index/pt-br/transporte_p%C3%BAblico-line-175-Sao_Paulo-242-2038937-36419312-0,6.25,-23.6922335,-46.757836499999996,,,,1,2023-06-19T16:58:54+00:00
SAO_6006-10,São Paulo,3550308,True,EMTU,175,https://moovitapp.com/index/pt-br/transporte_p%C3%BAblico-line-175-Sao_Paulo-242-2038937-36419312-0,6.25,-23.6922335,-46.757836499999996,,,,1,2023-06-19T16:58:21+00:00
SAO_6006-10,São Paulo,3550308,True,EMTU,175,https://moovitapp.com/index/pt-br/transporte_p%C3%BAblico-line-175-Sao_Paulo-242-2038937-36419312-0,6.25,-23.6771695,-46.681231499999996,,,,1,2023-06-19T16:58:34+00:00
SAO_6006-10,São Paulo,3550308,True,EMTU,175,https://moovitapp.com/index/pt-br/transporte_p%C3%BAblico-line-175-Sao_Paulo-242-2038937-36419312-0,6.25,-23.6922335,-46.757836499999996,,,,1,2023-06-19T16:58:50+00:00
SAO_6006-10,São Paulo,3550308,True,EMTU,175,https://moovitapp.com/index/pt-br/transporte_p%C3%BAblico-line-175-Sao_Paulo-242-2038937-36419312-0,6.25,-23.667765000000003,-46.680365,,,,1,2023-06-19T16:58:42+00:00
SAO_4709-10,São Paulo,3550308,True,,333,,,-23.636062000000003,-46.6064415,,,,1,2023-06-19T16:58:38+00:00
SAO_4709-10,São Paulo,3550308,True,,333,,,-23.604664874999997,-46.614526125,,,,1,2023-06-19T16:58:43+00:00
SAO_6840-10,São Paulo,3550308,True,,32969,,,-23.741766,-46.8007565,,,,2,2023-06-19T16:58:30+00:00
SAO_6840-10,São Paulo,3550308,True,,32969,,,-23.741766,-46.8007565,,,,2,2023-06-19T16:58:37+00:00
SAO_6840-10,São Paulo,3550308,True,,32969,,,-23.7215235,-46.785188,,,,2,2023-06-19T16:58:17+00:00
SAO_6840-10,São Paulo,3550308,True,,32969,,,-23.74156775,-46.8004435,,,,2,2023-06-19T16:58:13+00:00
SAO_6840-10,São Paulo,3550308,True,,32969,,,-23.676158,-46.773947500000006,,,,2,2023-06-19T16:58:52+00:00
SAO_6840-10,São Paulo,3550308,True,,32969,,,-23.741766,-46.8007565,,,,2,2023-06-19T16:58:50+00:00
SAO_6840-10,São Paulo,3550308,True,,32969,,,-23.741947500000002,-46.801043,,,,2,2023-06-19T16:58:47+00:00
SAO_6840-10,São Paulo,3550308,True,,32969,,,-23.6572335,-46.7642095,,,,2,2023-06-19T16:58:21+00:00
SAO_6840-10,São Paulo,3550308,True,,32969,,,-23.741766,-46.8007565,,,,2,2023-06-19T16:58:46+00:00
SAO_737A-10,São Paulo,3550308,True,,1730,,,-23.65389775,-46.7071655,,,,1,2023-06-19T16:58:30+00:00
SAO_737A-10,São Paulo,3550308,True,,1730,,,-23.674171,-46.746797875,,,,1,2023-06-19T16:58:52+00:00
SAO_737A-10,São Paulo,3550308,True,,1730,,,-23.66655375,-46.719686499999995,,,,1,2023-06-19T16:58:36+00:00
SAO_737A-10,São Paulo,3550308,True,,1730,,,-23.678915250000003,-46.7633535,,,,1,2023-06-19T16:58:08+00:00
SAO_737A-10,São Paulo,3550308,True,,1730,,,-23.6541015,-46.7120065,,,,1,2023-06-19T16:58:51+00:00
SAO_737A-10,São Paulo,3550308,True,,1730,,,-23.6541015,-46.7120065,,,,1,2023-06-19T16:58:15+00:00
SAO_737A-10,São Paulo,3550308,True,,1730,,,-23.6541015,-46.7120065,,,,1,2023-06-19T16:58:14+00:00
SAO_7011-31,São Paulo,3550308,True,,1954,,,-23.707812,-46.7918005,,,,1,2023-06-19T16:58:26+00:00
SAO_7011-31,São Paulo,3550308,True,,1954,,,-23.7083255,-46.7920035,,,,1,2023-06-19T16:58:21+00:00
SAO_7011-31,São Paulo,3550308,True,,1954,,,-23.6908025,-46.774752,,,,1,2023-06-19T16:58:30+00:00
SAO_7011-31,São Paulo,3550308,True,,1954,,,-23.7057125,-46.791317,,,,1,2023-06-19T16:58:25+00:00
SAO_745M-10,São Paulo,3550308,True,,33550,,,-23.630699,-46.768204,,,,2,2023-06-19T16:58:26+00:00
SAO_745M-10,São Paulo,3550308,True,,33550,,,-23.630699,-46.768204,,,,2,2023-06-19T16:58:38+00:00
SAO_745M-10,São Paulo,3550308,True,,33550,,,-23.667846500000003,-46.7650345,,,,2,2023-06-19T16:58:14+00:00
SAO_745M-10,São Paulo,3550308,True,,33550,,,-23.6675375,-46.730432,,,,2,2023-06-19T16:58:20+00:00
SAO_745M-10,São Paulo,3550308,True,,33550,,,-23.630615499999998,-46.768413,,,,2,2023-06-19T16:58:32+00:00
SAO_745M-10,São Paulo,3550308,True,,33550,,,-23.648835,-46.779174,,,,2,2023-06-19T16:58:49+00:00
SAO_745M-10,São Paulo,3550308,True,,33550,,,-23.630928500000003,-46.767601,,,,2,2023-06-19T16:58:42+00:00
SAO_745M-10,São Paulo,3550308,True,,33550,,,-23.672378875,-46.701694625,,,,2,2023-06-19T16:58:13+00:00
SAO_2202-10,São Paulo,3550308,True,,33678,,,-23.48792525,-46.382452,,,,2,2023-06-19T16:58:40+00:00
SAO_2202-10,São Paulo,3550308,True,,33678,,,-23.534838,-46.400812,,,,2,2023-06-19T16:58:28+00:00
SAO_2202-10,São Paulo,3550308,True,,33678,,,-23.4974775,-46.405567250000004,,,,2,2023-06-19T16:57:34+00:00
SAO_2202-10,São Paulo,3550308,True,,33678,,,-23.51521375,-46.4028285,,,,2,2023-06-19T16:57:32+00:00
SAO_2202-10,São Paulo,3550308,True,,33678,,,-23.538750999999998,-46.407706,,,,2,2023-06-19T16:58:19+00:00
SAO_2202-10,São Paulo,3550308,True,,33678,,,-23.487579,-46.3837195,,,,2,2023-06-19T16:58:11+00:00
SAO_2202-10,São Paulo,3550308,True,,33678,,,-23.48792525,-46.382452,,,,2,2023-06-19T16:58:13+00:00
SAO_2202-10,São Paulo,3550308,True,,33678,,,-23.4875525,-46.3821995,,,,2,2023-06-19T16:56:54+00:00
SAO_2202-10,São Paulo,3550308,True,,33678,,,-23.48792525,-46.382452,,,,2,2023-06-19T16:58:48+00:00
SAO_809N-10,São Paulo,3550308,True,,2244,,,-23.5721855,-46.7610255,,,,1,2023-06-19T16:58:48+00:00
SAO_1732-10,São Paulo,3550308,True,,671,,,-23.487852,-46.5743735,,,,1,2023-06-19T16:58:33+00:00
SAO_1732-10,São Paulo,3550308,True,,671,,,-23.486089,-46.57161,,,,1,2023-06-19T16:56:10+00:00
SAO_1732-10,São Paulo,3550308,True,,671,,,-23.487852,-46.5743735,,,,1,2023-06-19T16:58:14+00:00
SAO_1732-10,São Paulo,3550308,True,,671,,,-23.510274,-46.653202,,,,1,2023-06-19T16:58:48+00:00
SAO_1732-10,São Paulo,3550308,True,,671,,,-23.489275,-46.6080035,,,,1,2023-06-19T16:56:09+00:00
SAO_1016-10,São Paulo,3550308,True,EMTU,831,https://moovitapp.com/index/pt-br/transporte_p%C3%BAblico-line-831-Sao_Paulo-242-2038937-36419598-0,5.7,-23.4822055,-46.611813999999995,,,,1,2023-06-19T16:55:39+00:00
SAO_1016-10,São Paulo,3550308,True,EMTU,831,https://moovitapp.com/index/pt-br/transporte_p%C3%BAblico-line-831-Sao_Paulo-242-2038937-36419598-0,5.7,-23.475485,-46.612714,,,,1,2023-06-19T16:58:42+00:00
SAO_1016-10,São Paulo,3550308,True,EMTU,831,https://moovitapp.com/index/pt-br/transporte_p%C3%BAblico-line-831-Sao_Paulo-242-2038937-36419598-0,5.7,-23.446623,-46.612751,,,,1,2023-06-19T16:58:20+00:00
SAO_1016-10,São Paulo,3550308,True,EMTU,831,https://moovitapp.com/index/pt-br/transporte_p%C3%BAblico-line-831-Sao_Paulo-242-2038937-36419598-0,5.7,-23.450429,-46.6078605,,,,1,2023-06-19T16:56:38+00:00
SAO_2028-10,São Paulo,3550308,True,,35031,,,-23.434176,-46.5715125,,,,2,2023-06-19T16:57:46+00:00
SAO_2028-10,São Paulo,3550308,True,,35031,,,-23.4556325,-46.590016000000006,,,,2,2023-06-19T16:58:48+00:00
SAO_2028-10,São Paulo,3550308,True,,35031,,,-23.434402499999997,-46.5717385,,,,2,2023-06-19T16:58:51+00:00
SAO_9009-10,São Paulo,3550308,True,,33645,,,-23.448147,-46.708654499999994,,,,2,2023-06-19T16:58:50+00:00
SAO_9009-10,São Paulo,3550308,True,,33645,,,-23.461734,-46.684047,,,,2,2023-06-19T16:58:41+00:00
SAO_9009-10,São Paulo,3550308,True,,33645,,,-23.442132625,-46.706932125,,,,2,2023-06-19T16:58:30+00:00
SAO_9009-10,São Paulo,3550308,True,,33645,,,-23.447722,-46.708287999999996,,,,2,2023-06-19T16:58:17+00:00
SAO_9009-10,São Paulo,3550308,True,,33645,,,-23.447998,-46.708507,,,,2,2023-06-19T16:58:45+00:00
SAO_9009-10,São Paulo,3550308,True,,33645,,,-23.445642499999998,-46.711884,,,,2,2023-06-19T16:58:50+00:00
SAO_9009-10,São Paulo,3550308,True,,33645,,,-23.474776,-46.6700495,,,,2,2023-06-19T16:58:16+00:00
SAO_9009-10,São Paulo,3550308,True,,33645,,,-23.46901225,-46.67716775,,,,2,2023-06-19T16:58:43+00:00
SAO_9009-10,São Paulo,3550308,True,,33645,,,-23.447404,-46.709366,,,,2,2023-06-19T16:58:32+00:00
SAO_5194-10,São Paulo,3550308,True,EMTU,269,https://moovitapp.com/index/pt-br/transporte_p%C3%BAblico-line-269-Sao_Paulo-242-2038937-36419377-0,5.35,-23.6930735,-46.65947,,,,1,2023-06-19T16:58:33+00:00
SAO_5194-10,São Paulo,3550308,True,EMTU,269,https://moovitapp.com/index/pt-br/transporte_p%C3%BAblico-line-269-Sao_Paulo-242-2038937-36419377-0,5.35,-23.656974249999998,-46.6796535,,,,1,2023-06-19T16:55:10+00:00
SAO_5630-10,São Paulo,3550308,True,,32846,,,-23.7377555,-46.6976535,,,,2,2023-06-19T16:58:10+00:00
SAO_5630-10,São Paulo,3550308,True,,32846,,,-23.65087625,-46.678118375,,,,2,2023-06-19T16:58:46+00:00
SAO_5630-10,São Paulo,3550308,True,,32846,,,-23.684339,-46.692133999999996,,,,2,2023-06-19T16:58:50+00:00
SAO_5630-10,São Paulo,3550308,True,,32846,,,-23.546747,-46.6164905,,,,2,2023-06-19T16:57:59+00:00
SAO_5630-10,São Paulo,3550308,True,,32846,,,-23.728954,-46.699055,,,,2,2023-06-19T16:58:27+00:00
SAO_5630-10,São Paulo,3550308,True,,32846,,,-23.605227499999998,-46.651785000000004,,,,2,2023-06-19T16:58:13+00:00
SAO_5630-10,São Paulo,3550308,True,,32846,,,-23.540918124999997,-46.62894375,,,,2,2023-06-19T16:58:29+00:00
SAO_5630-10,São Paulo,3550308,True,,32846,,,-23.5888675,-46.6524785,,,,2,2023-06-19T16:58:35+00:00
SAO_5630-10,São Paulo,3550308,True,,32846,,,-23.73404675,-46.696197,,,,2,2023-06-19T16:58:43+00:00
SAO_957T-10,São Paulo,3550308,True,,33232,,,-23.596197,-46.6919465,,,,2,2023-06-19T16:58:13+00:00
SAO_957T-10,São Paulo,3550308,True,,33232,,,-23.5257145,-46.713091000000006,,,,2,2023-06-19T16:58:46+00:00
SAO_957T-10,São Paulo,3550308,True,,33232,,,-23.469754,-46.678872,,,,2,2023-06-19T16:58:46+00:00
SAO_957T-10,São Paulo,3550308,True,,33232,,,-23.5963245,-46.6919285,,,,2,2023-06-19T16:58:15+00:00
SAO_957T-10,São Paulo,3550308,True,,33232,,,-23.5712135,-46.6905285,,,,2,2023-06-19T16:58:17+00:00
SAO_957T-10,São Paulo,3550308,True,,33232,,,-23.436301125,-46.716888125,,,,2,2023-06-19T16:58:40+00:00
SAO_957T-10,São Paulo,3550308,True,,33232,,,-23.596731,-46.691736500000005,,,,2,2023-06-19T16:58:13+00:00
SAO_957T-10,São Paulo,3550308,True,,33232,,,-23.436427374999997,-46.716528374999996,,,,2,2023-06-19T16:58:51+00:00
SAO_273G-10,São Paulo,3550308,True,,32991,,,-23.502177500000002,-46.471116,,,,2,2023-06-19T16:58:12+00:00
SAO_273G-10,São Paulo,3550308,True,,32991,,,-23.48150775,-46.41633925,,,,2,2023-06-19T16:58:19+00:00
SAO_273G-10,São Paulo,3550308,True,,32991,,,-23.481525249999997,-46.41659775,,,,2,2023-06-19T16:57:32+00:00
SAO_273G-10,São Paulo,3550308,True,,32991,,,-23.481525249999997,-46.41659775,,,,2,2023-06-19T16:58:33+00:00
SAO_273G-10,São Paulo,3550308,True,,32991,,,-23.533215499999997,-46.47352024999999,,,,2,2023-06-19T16:58:29+00:00
SAO_273G-10,São Paulo,3550308,True,,32991,,,-23.48150775,-46.41633925,,,,2,2023-06-19T16:58:12+00:00
SAO_273G-10,São Paulo,3550308,True,,32991,,,-23.478900000000003,-46.428483,,,,2,2023-06-19T16:58:33+00:00
SAO_9008-10,São Paulo,3550308,True,,33643,,,-23.46721,-46.6787075,,,,2,2023-06-19T16:58:30+00:00
SAO_9008-10,São Paulo,3550308,True,,33643,,,-23.460716750000003,-46.684309,,,,2,2023-06-19T16:58:38+00:00
SAO_9008-10,São Paulo,3550308,True,,33643,,,-23.427988,-46.71467975,,,,2,2023-06-19T16:58:39+00:00
SAO_9008-10,São Paulo,3550308,True,,33643,,,-23.43708,-46.7117775,,,,2,2023-06-19T16:58:28+00:00
SAO_9008-10,São Paulo,3550308,True,,33643,,,-23.4655835,-46.6794295,,,,2,2023-06-19T16:58:53+00:00
SAO_9008-10,São Paulo,3550308,True,,33643,,,-23.4276895,-46.714623,,,,2,2023-06-19T16:58:40+00:00
SAO_9008-10,São Paulo,3550308,True,,33643,,,-23.4593045,-46.687814,,,,2,2023-06-19T16:58:38+00:00
SAO_647A-10,São Paulo,3550308,True,,34083,,,-23.5732,-46.6895245,,,,2,2023-06-19T16:58:52+00:00
SAO_647A-10,São Paulo,3550308,True,,34083,,,-23.66959175,-46.776620375,,,,2,2023-06-19T16:58:32+00:00
SAO_647A-10,São Paulo,3550308,True,,34083,,,-23.60358225,-46.7122065,,,,2,2023-06-19T16:58:24+00:00
SAO_647A-10,São Paulo,3550308,True,,34083,,,-23.620948,-46.733431499999995,,,,2,2023-06-19T16:58:39+00:00
SAO_647A-10,São Paulo,3550308,True,,34083,,,-23.5652765,-46.692343,,,,2,2023-06-19T16:58:40+00:00
SAO_647A-10,São Paulo,3550308,True,,34083,,,-23.6555605,-46.763244,,,,2,2023-06-19T16:58:35+00:00
SAO_647A-10,São Paulo,3550308,True,,34083,,,-23.686641,-46.795124,,,,2,2023-06-19T16:58:35+00:00
SAO_647A-10,São Paulo,3550308,True,,34083,,,-23.6945445,-46.794182,,,,2,2023-06-19T16:56:35+00:00
SAO_3763-10,São Paulo,3550308,True,,1054,,,-23.557613500000002,-46.5234665,,,,1,2023-06-19T16:58:25+00:00
SAO_3763-10,São Paulo,3550308,True,,1054,,,-23.541,-46.576643000000004,,,,1,2023-06-19T16:58:52+00:00
SAO_3763-10,São Paulo,3550308,True,,1054,,,-23.545924874999997,-46.5724975,,,,1,2023-06-19T16:58:43+00:00
SAO_3763-10,São Paulo,3550308,True,,1054,,,-23.557687,-46.52319850000001,,,,1,2023-06-19T16:58:27+00:00
SAO_3763-10,São Paulo,3550308,True,,1054,,,-23.547233499999997,-46.572228749999994,,,,1,2023-06-19T16:58:20+00:00
SAO_3763-10,São Paulo,3550308,True,,1054,,,-23.558262,-46.522529000000006,,,,1,2023-06-19T16:58:38+00:00
SAO_3763-10,São Paulo,3550308,True,,1054,,,-23.5643655,-46.5339335,,,,1,2023-06-19T16:58:13+00:00
SAO_3763-10,São Paulo,3550308,True,,1054,,,-23.558262,-46.522529000000006,,,,1,2023-06-19T16:58:53+00:00
SAO_3763-10,São Paulo,3550308,True,,1054,,,-23.554534500000003,-46.526919,,,,1,2023-06-19T16:58:25+00:00
SAO_3763-10,São Paulo,3550308,True,,1054,,,-23.556653750000002,-46.55366875,,,,1,2023-06-19T16:58:53+00:00
SAO_3763-10,São Paulo,3550308,True,,1054,,,-23.5577635,-46.522865499999995,,,,1,2023-06-19T16:58:22+00:00
SAO_3763-10,São Paulo,3550308,True,,1054,,,-23.5654155,-46.55024,,,,1,2023-06-19T16:58:32+00:00
SAO_3763-10,São Paulo,3550308,True,,1054,,,-23.550762125,-46.554423875,,,,1,2023-06-19T16:58:37+00:00
SAO_3763-10,São Paulo,3550308,True,,1054,,,-23.558262,-46.522529000000006,,,,1,2023-06-19T16:58:25+00:00
SAO_1788-10,São Paulo,3550308,True,,653,,,-23.502214000000002,-46.6235875,,,,1,2023-06-19T16:58:19+00:00
SAO_1788-10,São Paulo,3550308,True,,653,,,-23.491533750000002,-46.618316,,,,1,2023-06-19T16:58:01+00:00
SAO_1788-10,São Paulo,3550308,True,,653,,,-23.471446375,-46.606359125,,,,1,2023-06-19T16:58:14+00:00
SAO_1788-10,São Paulo,3550308,True,,653,,,-23.4483255,-46.588280999999995,,,,1,2023-06-19T16:58:47+00:00
SAO_1788-10,São Paulo,3550308,True,,653,,,-23.430702,-46.574294,,,,1,2023-06-19T16:58:18+00:00
SAO_1788-10,São Paulo,3550308,True,,653,,,-23.430702,-46.574294,,,,1,2023-06-19T16:55:47+00:00
SAO_6047-10,São Paulo,3550308,True,,33992,,,-23.668284,-46.763536,,,,2,2023-06-19T16:58:28+00:00
SAO_6047-10,São Paulo,3550308,True,,33992,,,-23.668284,-46.763536,,,,2,2023-06-19T16:58:18+00:00
SAO_6047-10,São Paulo,3550308,True,,33992,,,-23.6686995,-46.764033,,,,2,2023-06-19T16:58:52+00:00
SAO_6047-10,São Paulo,3550308,True,,33992,,,-23.66175025,-46.75071249999999,,,,2,2023-06-19T16:58:42+00:00
SAO_6047-10,São Paulo,3550308,True,,33992,,,-23.6582785,-46.760383000000004,,,,2,2023-06-19T16:58:46+00:00
SAO_6047-10,São Paulo,3550308,True,,33992,,,-23.6497455,-46.708454,,,,2,2023-06-19T16:58:43+00:00
SAO_2582-10,São Paulo,3550308,True,EMTU,374,https://moovitapp.com/index/pt-br/transporte_p%C3%BAblico-line-374-Sao_Paulo-242-2038937-36419448-0,3.7,-23.4984645,-46.46776025,,,,1,2023-06-19T16:58:53+00:00
SAO_2582-10,São Paulo,3550308,True,EMTU,374,https://moovitapp.com/index/pt-br/transporte_p%C3%BAblico-line-374-Sao_Paulo-242-2038937-36419448-0,3.7,-23.49658,-46.514638000000005,,,,1,2023-06-19T16:58:50+00:00
SAO_2582-10,São Paulo,3550308,True,EMTU,374,https://moovitapp.com/index/pt-br/transporte_p%C3%BAblico-line-374-Sao_Paulo-242-2038937-36419448-0,3.7,-23.511201,-46.44024,,,,1,2023-06-19T16:58:27+00:00
SAO_2582-10,São Paulo,3550308,True,EMTU,374,https://moovitapp.com/index/pt-br/transporte_p%C3%BAblico-line-374-Sao_Paulo-242-2038937-36419448-0,3.7,-23.5311005,-46.558043,,,,1,2023-06-19T16:54:54+00:00
SAO_2582-10,São Paulo,3550308,True,EMTU,374,https://moovitapp.com/index/pt-br/transporte_p%C3%BAblico-line-374-Sao_Paulo-242-2038937-36419448-0,3.7,-23.5456715,-46.630392,,,,1,2023-06-19T16:58:29+00:00
SAO_2702-21,São Paulo,3550308,True,,34294,,,-23.539938499999998,-46.482815,,,,2,2023-06-19T16:58:54+00:00
SAO_8605-10,São Paulo,3550308,True,,1917,,,-23.585697250000003,-46.721805,,,,1,2023-06-19T16:58:24+00:00
SAO_8605-10,São Paulo,3550308,True,,1917,,,-23.609004,-46.751954250000004,,,,1,2023-06-19T16:58:32+00:00
SAO_8605-10,São Paulo,3550308,True,,1917,,,-23.57470325,-46.66798862500001,,,,1,2023-06-19T16:58:33+00:00
SAO_8605-10,São Paulo,3550308,True,,1917,,,-23.559058999999998,-46.654014000000004,,,,1,2023-06-19T16:58:43+00:00
SAO_857C-10,São Paulo,3550308,True,,34669,,,-23.617785750000003,-46.673999625,,,,2,2023-06-19T16:58:34+00:00
SAO_857C-10,São Paulo,3550308,True,,34669,,,-23.631579000000002,-46.772447,,,,2,2023-06-19T16:58:27+00:00
SAO_857C-10,São Paulo,3550308,True,,34669,,,-23.6485325,-46.75975775,,,,2,2023-06-19T16:58:40+00:00
SAO_857C-10,São Paulo,3550308,True,,34669,,,-23.644468749999998,-46.7267045,,,,2,2023-06-19T16:58:32+00:00
SAO_857C-10,São Paulo,3550308,True,,34669,,,-23.635949749999998,-46.644429,,,,2,2023-06-19T16:58:55+00:00
SAO_857C-10,São Paulo,3550308,True,,34669,,,-23.6312955,-46.773033999999996,,,,2,2023-06-19T16:58:14+00:00
SAO_857C-10,São Paulo,3550308,True,,34669,,,-23.6316405,-46.772316,,,,2,2023-06-19T16:58:21+00:00
SAO_857C-10,São Paulo,3550308,True,,34669,,,-23.6313825,-46.77286,,,,2,2023-06-19T16:58:15+00:00
SAO_701A-10,São Paulo,3550308,True,,33457,,,-23.547548,-46.647615,,,,2,2023-06-19T16:58:44+00:00
SAO_701A-10,São Paulo,3550308,True,,33457,,,-23.473826,-46.5661475,,,,2,2023-06-19T16:58:19+00:00
SAO_701A-10,São Paulo,3550308,True,,33457,,,-23.5004825,-46.591976,,,,2,2023-06-19T16:58:24+00:00
SAO_701A-10,São Paulo,3550308,True,,33457,,,-23.560671,-46.688221625,,,,2,2023-06-19T16:58:24+00:00
SAO_701A-10,São Paulo,3550308,True,,33457,,,-23.479704875,-46.579556,,,,2,2023-06-19T16:55:31+00:00
SAO_701A-10,São Paulo,3550308,True,,33457,,,-23.4738595,-46.566243,,,,2,2023-06-19T16:58:14+00:00
SAO_701A-10,São Paulo,3550308,True,,33457,,,-23.47546175,-46.570383500000005,,,,2,2023-06-19T16:58:19+00:00
SAO_701A-10,São Paulo,3550308,True,,33457,,,-23.538322625,-46.59894625,,,,2,2023-06-19T16:58:25+00:00
SAO_701A-10,São Paulo,3550308,True,,33457,,,-23.5552965,-46.673717499999995,,,,2,2023-06-19T16:56:45+00:00
SAO_6062-51,São Paulo,3550308,True,,1739,,,-23.738937749999998,-46.68621375,,,,1,2023-06-19T16:58:37+00:00
SAO_6062-51,São Paulo,3550308,True,,1739,,,-23.71349325,-46.69855075,,,,1,2023-06-19T16:58:37+00:00
SAO_6062-51,São Paulo,3550308,True,,1739,,,-23.686279,-46.693618,,,,1,2023-06-19T16:58:53+00:00
SAO_6062-51,São Paulo,3550308,True,,1739,,,-23.653906999999997,-46.710535500000006,,,,1,2023-06-19T16:58:34+00:00
SAO_6062-51,São Paulo,3550308,True,,1739,,,-23.662529,-46.706588499999995,,,,1,2023-06-19T16:58:19+00:00
SAO_702C-10,São Paulo,3550308,True,STT,485,https://moovitapp.com/index/pt-br/transporte_p%C3%BAblico-line-485-Sao_Paulo-242-850661-183324-0,5.3,-23.54744075,-46.64728625,,,,1,2023-06-19T16:58:17+00:00
SAO_702C-10,São Paulo,3550308,True,STT,485,https://moovitapp.com/index/pt-br/transporte_p%C3%BAblico-line-485-Sao_Paulo-242-850661-183324-0,5.3,-23.567739000000003,-46.684326,,,,1,2023-06-19T16:58:39+00:00
SAO_702C-10,São Paulo,3550308,True,STT,485,https://moovitapp.com/index/pt-br/transporte_p%C3%BAblico-line-485-Sao_Paulo-242-850661-183324-0,5.3,-23.566764749999997,-46.751576,,,,1,2023-06-19T16:58:28+00:00
SAO_702C-10,São Paulo,3550308,True,STT,485,https://moovitapp.com/index/pt-br/transporte_p%C3%BAblico-line-485-Sao_Paulo-242-850661-183324-0,5.3,-23.53856225,-46.60376325,,,,1,2023-06-19T16:58:51+00:00
SAO_702C-10,São Paulo,3550308,True,STT,485,https://moovitapp.com/index/pt-br/transporte_p%C3%BAblico-line-485-Sao_Paulo-242-850661-183324-0,5.3,-23.5474995,-46.640241,,,,1,2023-06-19T16:58:50+00:00
SAO_702C-10,São Paulo,3550308,True,STT,485,https://moovitapp.com/index/pt-br/transporte_p%C3%BAblico-line-485-Sao_Paulo-242-850661-183324-0,5.3,-23.540216,-46.61209975,,,,1,2023-06-19T16:58:51+00:00
SAO_702C-10,São Paulo,3550308,True,STT,485,https://moovitapp.com/index/pt-br/transporte_p%C3%BAblico-line-485-Sao_Paulo-242-850661-183324-0,5.3,-23.579393,-46.720763000000005,,,,1,2023-06-19T16:58:44+00:00
SAO_702C-10,São Paulo,3550308,True,STT,485,https://moovitapp.com/index/pt-br/transporte_p%C3%BAblico-line-485-Sao_Paulo-242-850661-183324-0,5.3,-23.571778000000002,-46.7484685,,,,1,2023-06-19T16:58:27+00:00
SAO_8400-10,São Paulo,3550308,True,,34033,,,-23.485637500000003,-46.7260535,,,,2,2023-06-19T16:58:37+00:00
SAO_8400-10,São Paulo,3550308,True,,34033,,,-23.485965,-46.726443374999995,,,,2,2023-06-19T16:58:46+00:00
SAO_8400-10,São Paulo,3550308,True,,34033,,,-23.53958625,-46.64513675,,,,2,2023-06-19T16:58:21+00:00
SAO_8400-10,São Paulo,3550308,True,,34033,,,-23.486121,-46.726629624999994,,,,2,2023-06-19T16:58:25+00:00
SAO_8400-10,São Paulo,3550308,True,,34033,,,-23.485637500000003,-46.7260535,,,,2,2023-06-19T16:58:18+00:00
SAO_8400-10,São Paulo,3550308,True,,34033,,,-23.51390125,-46.7023075,,,,2,2023-06-19T16:58:54+00:00
SAO_8400-10,São Paulo,3550308,True,,34033,,,-23.527305749999996,-46.671981,,,,2,2023-06-19T16:58:40+00:00
SAO_8400-10,São Paulo,3550308,True,,34033,,,-23.5461035,-46.638928,,,,2,2023-06-19T16:58:55+00:00
SAO_8400-10,São Paulo,3550308,True,,34033,,,-23.4829765,-46.72141825,,,,2,2023-06-19T16:58:29+00:00
SAO_8400-10,São Paulo,3550308,True,,34033,,,-23.486457,-46.7270195,,,,2,2023-06-19T16:58:40+00:00
SAO_3761-10,São Paulo,3550308,True,,1051,,,-23.574930000000002,-46.5028455,,,,1,2023-06-19T16:58:28+00:00
SAO_3761-10,São Paulo,3550308,True,,1051,,,-23.537168375,-46.559778124999994,,,,1,2023-06-19T16:58:41+00:00
SAO_3761-10,São Paulo,3550308,True,,1051,,,-23.562535500000003,-46.509272499999994,,,,1,2023-06-19T16:58:45+00:00
SAO_3761-10,São Paulo,3550308,True,,1051,,,-23.58780675,-46.48909775,,,,1,2023-06-19T16:58:45+00:00
SAO_3761-10,São Paulo,3550308,True,,1051,,,-23.618599,-46.4234555,,,,1,2023-06-19T16:58:37+00:00
SAO_3761-10,São Paulo,3550308,True,,1051,,,-23.612392,-46.424942,,,,1,2023-06-19T16:58:27+00:00
SAO_3761-10,São Paulo,3550308,True,,1051,,,-23.618599,-46.4234555,,,,1,2023-06-19T16:58:49+00:00
SAO_3761-10,São Paulo,3550308,True,,1051,,,-23.597196500000003,-46.45712625,,,,1,2023-06-19T16:58:14+00:00
SAO_3761-10,São Paulo,3550308,True,,1051,,,-23.618599,-46.4234555,,,,1,2023-06-19T16:58:50+00:00
SAO_3761-10,São Paulo,3550308,True,,1051,,,-23.618599,-46.4234555,,,,1,2023-06-19T16:58:11+00:00
SAO_8055-51,São Paulo,3550308,True,,33185,,,-23.523056500000003,-46.68789162499999,,,,2,2023-06-19T16:58:54+00:00
SAO_8055-51,São Paulo,3550308,True,,33185,,,-23.408328,-46.741003,,,,2,2023-06-19T16:58:16+00:00
SAO_8055-51,São Paulo,3550308,True,,33185,,,-23.4213785,-46.78555,,,,2,2023-06-19T16:57:14+00:00
SAO_8055-51,São Paulo,3550308,True,,33185,,,-23.526348499999997,-46.6679865,,,,2,2023-06-19T16:58:30+00:00
SAO_8055-51,São Paulo,3550308,True,,33185,,,-23.520166,-46.710088,,,,2,2023-06-19T16:58:27+00:00
SAO_8055-51,São Paulo,3550308,True,,33185,,,-23.408123,-46.741294999999994,,,,2,2023-06-19T16:58:19+00:00
SAO_2735-10,São Paulo,3550308,True,,1921,,,-23.516224,-46.549901500000004,,,,1,2023-06-19T16:56:37+00:00
SAO_2735-10,São Paulo,3550308,True,,1921,,,-23.532948250000004,-46.54415025,,,,1,2023-06-19T16:58:36+00:00
SAO_2735-10,São Paulo,3550308,True,,1921,,,-23.495643375,-46.52037812499999,,,,1,2023-06-19T16:58:23+00:00
SAO_2735-10,São Paulo,3550308,True,,1921,,,-23.50816475,-46.543025,,,,1,2023-06-19T16:58:16+00:00
SAO_2735-10,São Paulo,3550308,True,,1921,,,-23.52398075,-46.549377500000006,,,,1,2023-06-19T16:58:47+00:00
SAO_746P-10,São Paulo,3550308,True,,788,,,-23.620338,-46.729949500000004,,,,1,2023-06-19T16:58:13+00:00
SAO_746P-10,São Paulo,3550308,True,,788,,,-23.64166925,-46.71504912499999,,,,1,2023-06-19T16:58:17+00:00
SAO_746P-10,São Paulo,3550308,True,,788,,,-23.639170999999997,-46.7366265,,,,1,2023-06-19T16:58:35+00:00
SAO_746P-10,São Paulo,3550308,True,,788,,,-23.618063,-46.72137,,,,1,2023-06-19T16:58:29+00:00
SAO_746P-10,São Paulo,3550308,True,,788,,,-23.618883500000003,-46.722800500000005,,,,1,2023-06-19T16:58:20+00:00
SAO_746P-10,São Paulo,3550308,True,,788,,,-23.619129,-46.72311,,,,1,2023-06-19T16:58:20+00:00
SAO_746P-10,São Paulo,3550308,True,,788,,,-23.6193075,-46.7232525,,,,1,2023-06-19T16:58:32+00:00
SAO_8319-10,São Paulo,3550308,True,,33244,,,-23.546825,-46.7609525,,,,2,2023-06-19T16:58:32+00:00
SAO_8319-10,São Paulo,3550308,True,,33244,,,-23.545913,-46.761686,,,,2,2023-06-19T16:58:14+00:00
SAO_8319-10,São Paulo,3550308,True,,33244,,,-23.522803625,-46.68957437500001,,,,2,2023-06-19T16:58:30+00:00
SAO_8319-10,São Paulo,3550308,True,,33244,,,-23.53707225,-46.72250775,,,,2,2023-06-19T16:58:46+00:00
SAO_6200-10,São Paulo,3550308,True,,33123,,,-23.575943000000002,-46.669936,,,,2,2023-06-19T16:58:46+00:00
SAO_6200-10,São Paulo,3550308,True,,33123,,,-23.63569975,-46.721984750000004,,,,2,2023-06-19T16:58:31+00:00
SAO_6200-10,São Paulo,3550308,True,,33123,,,-23.558764500000002,-46.654000249999996,,,,2,2023-06-19T16:58:55+00:00
SAO_6200-10,São Paulo,3550308,True,,33123,,,-23.614950999999998,-46.70126474999999,,,,2,2023-06-19T16:58:32+00:00
SAO_6200-10,São Paulo,3550308,True,,33123,,,-23.589668500000002,-46.693284000000006,,,,2,2023-06-19T16:58:24+00:00
SAO_6200-10,São Paulo,3550308,True,,33123,,,-23.550133,-46.639236,,,,2,2023-06-19T16:58:35+00:00
SAO_6200-10,São Paulo,3550308,True,,33123,,,-23.652354125000002,-46.723022625,,,,2,2023-06-19T16:58:49+00:00
SAO_6200-10,São Paulo,3550308,True,,33123,,,-23.581296000000002,-46.6845395,,,,2,2023-06-19T16:58:35+00:00
SAO_6200-10,São Paulo,3550308,True,,33123,,,-23.6543295,-46.712998999999996,,,,2,2023-06-19T16:58:16+00:00
SAO_2770-10,São Paulo,3550308,True,,243,,,-23.529630500000003,-46.52784,,,,1,2023-06-19T16:58:33+00:00
SAO_2770-10,São Paulo,3550308,True,,243,,,-23.531409,-46.529441,,,,1,2023-06-19T16:58:53+00:00
SAO_2770-10,São Paulo,3550308,True,,243,,,-23.505105999999998,-46.4742855,,,,1,2023-06-19T16:58:35+00:00
SAO_2770-10,São Paulo,3550308,True,,243,,,-23.5076949375,-46.4182650625,,,,1,2023-06-19T16:54:41+00:00
SAO_6000-10,São Paulo,3550308,True,,1140,,,-23.791379499999998,-46.7271375,,,,1,2023-06-19T16:58:24+00:00
SAO_6000-10,São Paulo,3550308,True,,1140,,,-23.711123,-46.7109855,,,,1,2023-06-19T16:57:28+00:00
SAO_6000-10,São Paulo,3550308,True,,1140,,,-23.676116999999998,-46.712326250000004,,,,1,2023-06-19T16:57:46+00:00
SAO_6000-10,São Paulo,3550308,True,,1140,,,-23.8267905,-46.728409,,,,1,2023-06-19T16:58:18+00:00
SAO_6000-10,São Paulo,3550308,True,,1140,,,-23.811533750000002,-46.73621675,,,,1,2023-06-19T16:58:47+00:00
SAO_6000-10,São Paulo,3550308,True,,1140,,,-23.6542185,-46.7105495,,,,1,2023-06-19T16:58:22+00:00
SAO_6000-10,São Paulo,3550308,True,,1140,,,-23.8284425,-46.72717900000001,,,,1,2023-06-19T16:58:36+00:00
SAO_6000-10,São Paulo,3550308,True,,1140,,,-23.8284425,-46.72717900000001,,,,1,2023-06-19T16:58:34+00:00
SAO_6000-10,São Paulo,3550308,True,,1140,,,-23.6538355,-46.7110955,,,,1,2023-06-19T16:58:17+00:00
SAO_6000-10,São Paulo,3550308,True,,1140,,,-23.7002925,-46.715012,,,,1,2023-06-19T16:57:54+00:00
SAO_6000-10,São Paulo,3550308,True,,1140,,,-23.8284425,-46.72717900000001,,,,1,2023-06-19T16:58:23+00:00
SAO_6000-10,São Paulo,3550308,True,,1140,,,-23.8284425,-46.72717900000001,,,,1,2023-06-19T16:58:43+00:00
SAO_6000-10,São Paulo,3550308,True,,1140,,,-23.751314999999998,-46.710595999999995,,,,1,2023-06-19T16:55:29+00:00
SAO_1775-10,São Paulo,3550308,True,,638,,,-23.498870000000004,-46.62563175,,,,1,2023-06-19T16:58:36+00:00
SAO_2202-10,São Paulo,3550308,True,Urubupungá,910,https://moovitapp.com/index/pt-br/transporte_p%C3%BAblico-line-910-Sao_Paulo-242-873835-496471-0,4.6,-23.490686,-46.386277500000006,,,,1,2023-06-19T16:58:30+00:00
SAO_2202-10,São Paulo,3550308,True,Urubupungá,910,https://moovitapp.com/index/pt-br/transporte_p%C3%BAblico-line-910-Sao_Paulo-242-873835-496471-0,4.6,-23.488201,-46.382996500000004,,,,1,2023-06-19T16:58:46+00:00
SAO_2202-10,São Paulo,3550308,True,Urubupungá,910,https://moovitapp.com/index/pt-br/transporte_p%C3%BAblico-line-910-Sao_Paulo-242-873835-496471-0,4.6,-23.537022999999998,-46.4048255,,,,1,2023-06-19T16:58:52+00:00
SAO_2202-10,São Paulo,3550308,True,Urubupungá,910,https://moovitapp.com/index/pt-br/transporte_p%C3%BAblico-line-910-Sao_Paulo-242-873835-496471-0,4.6,-23.5406795,-46.4086805,,,,1,2023-06-19T16:55:43+00:00
SAO_2202-10,São Paulo,3550308,True,Urubupungá,910,https://moovitapp.com/index/pt-br/transporte_p%C3%BAblico-line-910-Sao_Paulo-242-873835-496471-0,4.6,-23.538890000000002,-46.4078155,,,,1,2023-06-19T16:58:27+00:00
SAO_2202-10,São Paulo,3550308,True,Urubupungá,910,https://moovitapp.com/index/pt-br/transporte_p%C3%BAblico-line-910-Sao_Paulo-242-873835-496471-0,4.6,-23.52822475,-46.3970755,,,,1,2023-06-19T16:58:32+00:00
SAO_2202-10,São Paulo,3550308,True,Urubupungá,910,https://moovitapp.com/index/pt-br/transporte_p%C3%BAblico-line-910-Sao_Paulo-242-873835-496471-0,4.6,-23.5420445,-46.415096500000004,,,,1,2023-06-19T16:58:19+00:00
SAO_2202-10,São Paulo,3550308,True,Urubupungá,910,https://moovitapp.com/index/pt-br/transporte_p%C3%BAblico-line-910-Sao_Paulo-242-873835-496471-0,4.6,-23.4961685,-46.404976500000004,,,,1,2023-06-19T16:58:42+00:00
SAO_2202-10,São Paulo,3550308,True,Urubupungá,910,https://moovitapp.com/index/pt-br/transporte_p%C3%BAblico-line-910-Sao_Paulo-242-873835-496471-0,4.6,-23.4937945,-46.3896285,,,,1,2023-06-19T16:58:43+00:00
SAO_2202-10,São Paulo,3550308,True,Urubupungá,910,https://moovitapp.com/index/pt-br/transporte_p%C3%BAblico-line-910-Sao_Paulo-242-873835-496471-0,4.6,-23.49718625,-46.39991175,,,,1,2023-06-19T16:57:45+00:00
SAO_3756-10,São Paulo,3550308,True,,33818,,,-23.5904125,-46.389418125,,,,2,2023-06-19T16:58:10+00:00
SAO_3756-10,São Paulo,3550308,True,,33818,,,-23.5904125,-46.389418125,,,,2,2023-06-19T16:57:58+00:00
SAO_3756-10,São Paulo,3550308,True,,33818,,,-23.590653500000002,-46.389331375,,,,2,2023-06-19T16:58:49+00:00
SAO_3756-10,São Paulo,3550308,True,,33818,,,-23.5684735,-46.4017415,,,,2,2023-06-19T16:58:17+00:00
SAO_3756-10,São Paulo,3550308,True,,33818,,,-23.542686500000002,-46.472357,,,,2,2023-06-19T16:52:58+00:00
SAO_3756-10,São Paulo,3550308,True,,33818,,,-23.5631225,-46.418747999999994,,,,2,2023-06-19T16:58:45+00:00
SAO_3756-10,São Paulo,3550308,True,,33818,,,-23.590653500000002,-46.389331375,,,,2,2023-06-19T16:10:23+00:00
SAO_4027-41,São Paulo,3550308,True,,35077,,,-23.638209500000002,-46.437941,,,,2,2023-06-19T16:58:20+00:00
SAO_4027-41,São Paulo,3550308,True,,35077,,,-23.638209500000002,-46.437941,,,,2,2023-06-19T16:58:43+00:00
SAO_4027-41,São Paulo,3550308,True,,35077,,,-23.610467,-46.476589375,,,,2,2023-06-19T16:58:19+00:00
SAO_5021-10,São Paulo,3550308,True,,34435,,,-23.6306935,-46.617793,,,,2,2023-06-19T16:58:27+00:00
SAO_5021-10,São Paulo,3550308,True,,34435,,,-23.6302405,-46.62586,,,,2,2023-06-19T16:58:25+00:00
SAO_5021-10,São Paulo,3550308,True,,34435,,,-23.6302405,-46.62586,,,,2,2023-06-19T16:58:28+00:00
SAO_5021-10,São Paulo,3550308,True,,34435,,,-23.597994874999998,-46.609217,,,,2,2023-06-19T16:58:41+00:00
SAO_372U-10,São Paulo,3550308,True,,33784,,,-23.552935,-46.565275,,,,2,2023-06-19T16:56:54+00:00
SAO_372U-10,São Paulo,3550308,True,,33784,,,-23.5612285,-46.5627445,,,,2,2023-06-19T16:58:31+00:00
SAO_372U-10,São Paulo,3550308,True,,33784,,,-23.5658625,-46.5448215,,,,2,2023-06-19T16:58:17+00:00
SAO_372U-10,São Paulo,3550308,True,,33784,,,-23.5570765,-46.53751749999999,,,,2,2023-06-19T16:58:42+00:00
SAO_372U-10,São Paulo,3550308,True,,33784,,,-23.55010025,-46.572559500000004,,,,2,2023-06-19T16:58:45+00:00
SAO_372U-10,São Paulo,3550308,True,,33784,,,-23.5573135,-46.5376725,,,,2,2023-06-19T16:58:36+00:00
SAO_372U-10,São Paulo,3550308,True,,33784,,,-23.5570765,-46.53751749999999,,,,2,2023-06-19T16:58:49+00:00
SAO_372U-10,São Paulo,3550308,True,,33784,,,-23.5564085,-46.537073500000005,,,,2,2023-06-19T16:58:29+00:00
SAO_857R-41,São Paulo,3550308,True,,34795,,,-23.582046499999997,-46.63857,,,,2,2023-06-19T16:58:32+00:00
SAO_857R-41,São Paulo,3550308,True,,34795,,,-23.581823,-46.638701499999996,,,,2,2023-06-19T16:58:23+00:00
SAO_857R-41,São Paulo,3550308,True,,34795,,,-23.58267225,-46.63823825,,,,2,2023-06-19T16:58:26+00:00
SAO_857R-41,São Paulo,3550308,True,,34795,,,-23.581823,-46.638701499999996,,,,2,2023-06-19T16:58:55+00:00
SAO_513C-31,São Paulo,3550308,True,,35304,,,-23.577679500000002,-46.44357625000001,,,,2,2023-06-19T16:56:35+00:00
SAO_513C-31,São Paulo,3550308,True,,35304,,,-23.6113405,-46.48717675,,,,2,2023-06-19T16:58:42+00:00
SAO_513C-31,São Paulo,3550308,True,,35304,,,-23.5971065,-46.554896,,,,2,2023-06-19T16:58:47+00:00
SAO_637P-10,São Paulo,3550308,True,,32815,,,-23.567552999999997,-46.694711999999996,,,,2,2023-06-19T16:58:40+00:00
SAO_637P-10,São Paulo,3550308,True,,32815,,,-23.634339500000003,-46.693918249999996,,,,2,2023-06-19T16:58:32+00:00
SAO_637P-10,São Paulo,3550308,True,,32815,,,-23.6345465,-46.69410675,,,,2,2023-06-19T16:58:21+00:00
SAO_637P-10,São Paulo,3550308,True,,32815,,,-23.5853895,-46.68170825,,,,2,2023-06-19T16:58:26+00:00
SAO_637P-10,São Paulo,3550308,True,,32815,,,-23.573722250000003,-46.68918587500001,,,,2,2023-06-19T16:58:20+00:00
SAO_637P-10,São Paulo,3550308,True,,32815,,,-23.566628,-46.701685499999996,,,,2,2023-06-19T16:58:11+00:00
SAO_637P-10,São Paulo,3550308,True,,32815,,,-23.585707,-46.671751,,,,2,2023-06-19T16:58:25+00:00
SAO_7282-10,São Paulo,3550308,True,,471,,,-23.54619,-46.761488,,,,1,2023-06-19T16:58:34+00:00
SAO_7282-10,São Paulo,3550308,True,,471,,,-23.530797,-46.729025625000006,,,,1,2023-06-19T16:58:21+00:00
SAO_7282-10,São Paulo,3550308,True,,471,,,-23.556485000000002,-46.66534,,,,1,2023-06-19T16:58:37+00:00
SAO_695X-10,São Paulo,3550308,True,,34209,,,-23.647087499999998,-46.63931,,,,2,2023-06-19T16:53:43+00:00
SAO_695X-10,São Paulo,3550308,True,,34209,,,-23.738153,-46.700427000000005,,,,2,2023-06-19T16:58:48+00:00
SAO_695X-10,São Paulo,3550308,True,,34209,,,-23.6430055,-46.656865499999995,,,,2,2023-06-19T16:58:22+00:00
SAO_695X-10,São Paulo,3550308,True,,34209,,,-23.6397845,-46.6736455,,,,2,2023-06-19T16:58:31+00:00
SAO_695X-10,São Paulo,3550308,True,,34209,,,-23.7187535,-46.698841,,,,2,2023-06-19T16:58:18+00:00
SAO_695X-10,São Paulo,3550308,True,,34209,,,-23.7444815,-46.707066499999996,,,,2,2023-06-19T16:58:39+00:00
SAO_695X-10,São Paulo,3550308,True,,34209,,,-23.647087499999998,-46.63931,,,,2,2023-06-19T16:58:41+00:00
SAO_695X-10,São Paulo,3550308,True,,34209,,,-23.647087499999998,-46.63931,,,,2,2023-06-19T16:54:24+00:00
SAO_695X-10,São Paulo,3550308,True,,34209,,,-23.676465999999998,-46.679821000000004,,,,2,2023-06-19T16:58:35+00:00
SAO_8030-10,São Paulo,3550308,True,,2562,,,-23.6228935,-46.7287175,,,,1,2023-06-19T16:58:50+00:00
SAO_8030-10,São Paulo,3550308,True,,2562,,,-23.6021305,-46.728268,,,,1,2023-06-19T16:58:49+00:00
SAO_8030-10,São Paulo,3550308,True,,2562,,,-23.592260250000002,-46.735554,,,,1,2023-06-19T16:58:25+00:00
SAO_8030-10,São Paulo,3550308,True,,2562,,,-23.6228935,-46.7287175,,,,1,2023-06-19T16:58:34+00:00
SAO_6414-10,São Paulo,3550308,True,,33128,,,-23.58729175,-46.67156075,,,,2,2023-06-19T16:58:30+00:00
SAO_6414-10,São Paulo,3550308,True,,33128,,,-23.6613095,-46.707041,,,,2,2023-06-19T16:58:55+00:00
SAO_6414-10,São Paulo,3550308,True,,33128,,,-23.552871,-46.647738000000004,,,,2,2023-06-19T16:58:14+00:00
SAO_6414-10,São Paulo,3550308,True,,33128,,,-23.67035125,-46.712438750000004,,,,2,2023-06-19T16:58:13+00:00
SAO_6414-10,São Paulo,3550308,True,,33128,,,-23.6123915,-46.678042,,,,2,2023-06-19T16:58:34+00:00
SAO_6414-10,São Paulo,3550308,True,,33128,,,-23.62997525,-46.69002975,,,,2,2023-06-19T16:58:27+00:00
SAO_8025-10,São Paulo,3550308,True,,34844,,,-23.590518,-46.76971475,,,,2,2023-06-19T16:58:37+00:00
SAO_8025-10,São Paulo,3550308,True,,34844,,,-23.590518,-46.76971475,,,,2,2023-06-19T16:58:50+00:00
SAO_8025-10,São Paulo,3550308,True,,34844,,,-23.590518,-46.76971475,,,,2,2023-06-19T16:58:34+00:00
SAO_8025-10,São Paulo,3550308,True,,34844,,,-23.588116749999998,-46.76093,,,,2,2023-06-19T16:56:51+00:00
SAO_5119-10,São Paulo,3550308,True,,1,,,-23.582088749999997,-46.6704835,,,,1,2023-06-19T16:58:50+00:00
SAO_5119-10,São Paulo,3550308,True,,1,,,-23.6540735,-46.7628415,,,,1,2023-06-19T16:58:21+00:00
SAO_5119-10,São Paulo,3550308,True,,1,,,-23.6543285,-46.7630925,,,,1,2023-06-19T16:58:38+00:00
SAO_5119-10,São Paulo,3550308,True,,1,,,-23.552288499999996,-46.63682875000001,,,,1,2023-06-19T16:58:53+00:00
SAO_5119-10,São Paulo,3550308,True,,1,,,-23.5510995,-46.635616999999996,,,,1,2023-06-19T16:58:50+00:00
SAO_5119-10,São Paulo,3550308,True,,1,,,-23.6120345,-46.7284655,,,,1,2023-06-19T16:58:45+00:00
SAO_5119-10,São Paulo,3550308,True,,1,,,-23.5833035,-46.6701425,,,,1,2023-06-19T16:58:13+00:00
SAO_5119-10,São Paulo,3550308,True,,1,,,-23.654274,-46.7625595,,,,1,2023-06-19T16:58:25+00:00
SAO_5119-10,São Paulo,3550308,True,,1,,,-23.606648,-46.7253425,,,,1,2023-06-19T16:58:32+00:00
SAO_5119-10,São Paulo,3550308,True,,1,,,-23.600318,-46.709047749999996,,,,1,2023-06-19T16:58:40+00:00
SAO_5119-10,São Paulo,3550308,True,,1,,,-23.645789999999998,-46.7465015,,,,1,2023-06-19T16:58:52+00:00
SAO_5128-10,São Paulo,3550308,True,,33896,,,-23.7127065,-46.6521065,,,,2,2023-06-19T16:58:30+00:00
SAO_5128-10,São Paulo,3550308,True,,33896,,,-23.711157999999998,-46.6520205,,,,2,2023-06-19T16:54:18+00:00
SAO_5128-10,São Paulo,3550308,True,,33896,,,-23.7127065,-46.6521065,,,,2,2023-06-19T16:58:30+00:00
SAO_5128-10,São Paulo,3550308,True,,33896,,,-23.666684,-46.652631,,,,2,2023-06-19T16:58:38+00:00
SAO_5128-10,São Paulo,3550308,True,,33896,,,-23.711726249999998,-46.65239675,,,,2,2023-06-19T16:54:40+00:00
SAO_5128-10,São Paulo,3550308,True,,33896,,,-23.7049695,-46.6506635,,,,2,2023-06-19T16:53:01+00:00
SAO_5128-10,São Paulo,3550308,True,,33896,,,-23.704635500000002,-46.6413975,,,,2,2023-06-19T16:58:44+00:00
SAO_7017-10,São Paulo,3550308,True,,2502,,,-23.67594,-46.753428,,,,1,2023-06-19T16:58:50+00:00
SAO_7017-10,São Paulo,3550308,True,,2502,,,-23.678566749999998,-46.77804375,,,,1,2023-06-19T16:58:39+00:00
SAO_7017-10,São Paulo,3550308,True,,2502,,,-23.6683575,-46.7355065,,,,1,2023-06-19T16:58:56+00:00
SAO_7017-10,São Paulo,3550308,True,,2502,,,-23.689348000000003,-46.78965725,,,,1,2023-06-19T16:58:38+00:00
SAO_7017-10,São Paulo,3550308,True,,2502,,,-23.6931665,-46.791157,,,,1,2023-06-19T16:58:24+00:00
SAO_3735-10,São Paulo,3550308,True,,1035,,,-23.542420999999997,-46.4873125,,,,1,2023-06-19T16:58:18+00:00
SAO_3735-10,São Paulo,3550308,True,,1035,,,-23.540855999999998,-46.4849405,,,,1,2023-06-19T16:58:22+00:00
SAO_3735-10,São Paulo,3550308,True,,1035,,,-23.5459505,-46.49558925,,,,1,2023-06-19T16:58:12+00:00
SAO_938C-10,São Paulo,3550308,True,,33354,,,-23.507449,-46.709928500000004,,,,2,2023-06-19T16:58:32+00:00
SAO_938C-10,São Paulo,3550308,True,,33354,,,-23.534564,-46.6448795,,,,2,2023-06-19T16:58:54+00:00
SAO_938C-10,São Paulo,3550308,True,,33354,,,-23.4475045,-46.714892,,,,2,2023-06-19T16:58:16+00:00
SAO_938C-10,São Paulo,3550308,True,,33354,,,-23.4435605,-46.7129695,,,,2,2023-06-19T16:58:25+00:00
SAO_938C-10,São Paulo,3550308,True,,33354,,,-23.44336525,-46.713192250000006,,,,2,2023-06-19T16:58:10+00:00
SAO_637A-10,São Paulo,3550308,True,,32953,,,-23.64971275,-46.726975,,,,2,2023-06-19T16:58:35+00:00
SAO_637A-10,São Paulo,3550308,True,,32953,,,-23.677001500000003,-46.758407,,,,2,2023-06-19T16:58:25+00:00
SAO_637A-10,São Paulo,3550308,True,,32953,,,-23.57569125,-46.68797775,,,,2,2023-06-19T16:58:49+00:00
SAO_637A-10,São Paulo,3550308,True,,32953,,,-23.566554,-46.701409999999996,,,,2,2023-06-19T16:58:26+00:00
SAO_637A-10,São Paulo,3550308,True,,32953,,,-23.583623,-46.686862000000005,,,,2,2023-06-19T16:58:52+00:00
SAO_637A-10,São Paulo,3550308,True,,32953,,,-23.6806355,-46.7655585,,,,2,2023-06-19T16:58:35+00:00
SAO_637A-10,São Paulo,3550308,True,,32953,,,-23.684307500000003,-46.770112749999996,,,,2,2023-06-19T16:58:34+00:00
SAO_637A-10,São Paulo,3550308,True,,32953,,,-23.690655,-46.774251500000005,,,,2,2023-06-19T16:58:48+00:00
SAO_637A-10,São Paulo,3550308,True,,32953,,,-23.618963,-46.702375,,,,2,2023-06-19T16:57:39+00:00
SAO_637A-10,São Paulo,3550308,True,,32953,,,-23.675416499999997,-46.7564635,,,,2,2023-06-19T16:58:41+00:00
SAO_637A-10,São Paulo,3550308,True,,32953,,,-23.6901525,-46.774198999999996,,,,2,2023-06-19T16:58:37+00:00
SAO_637A-10,São Paulo,3550308,True,,32953,,,-23.6621235,-46.725992500000004,,,,2,2023-06-19T16:57:24+00:00
SAO_637A-10,São Paulo,3550308,True,,32953,,,-23.690684,-46.774680000000004,,,,2,2023-06-19T16:58:31+00:00
SAO_637A-10,São Paulo,3550308,True,,32953,,,-23.567515,-46.69430799999999,,,,2,2023-06-19T16:58:48+00:00
SAO_3161-10,São Paulo,3550308,True,,1084,,,-23.555762125,-46.6060934375,,,,1,2023-06-19T16:58:52+00:00
SAO_3161-10,São Paulo,3550308,True,,1084,,,-23.583561000000003,-46.5251485,,,,1,2023-06-19T16:58:50+00:00
SAO_3161-10,São Paulo,3550308,True,,1084,,,-23.54645675,-46.629903999999996,,,,1,2023-06-19T16:58:12+00:00
SAO_3161-10,São Paulo,3550308,True,,1084,,,-23.5733255,-46.5633845,,,,1,2023-06-19T16:58:25+00:00
SAO_967A-10,São Paulo,3550308,True,,33336,,,-23.550206000000003,-46.646883,,,,2,2023-06-19T16:58:31+00:00
SAO_967A-10,São Paulo,3550308,True,,33336,,,-23.5230235,-46.6505145,,,,2,2023-06-19T16:58:24+00:00
SAO_967A-10,São Paulo,3550308,True,,33336,,,-23.582215124999998,-46.67239587500001,,,,2,2023-06-19T16:58:32+00:00
SAO_967A-10,São Paulo,3550308,True,,33336,,,-23.499307062499998,-46.654027375000005,,,,2,2023-06-19T16:58:32+00:00
SAO_967A-10,São Paulo,3550308,True,,33336,,,-23.565532,-46.692781999999994,,,,2,2023-06-19T16:58:51+00:00
SAO_2014-10,São Paulo,3550308,True,,33668,,,-23.457582000000002,-46.670192,,,,2,2023-06-19T16:58:55+00:00
SAO_2014-10,São Paulo,3550308,True,,33668,,,-23.457342,-46.669977,,,,2,2023-06-19T16:58:35+00:00
SAO_2014-10,São Paulo,3550308,True,,33668,,,-23.504956749999998,-46.662729750000004,,,,2,2023-06-19T16:58:38+00:00
SAO_2014-10,São Paulo,3550308,True,,33668,,,-23.457997,-46.6707545,,,,2,2023-06-19T16:58:12+00:00
SAO_2014-10,São Paulo,3550308,True,,33668,,,-23.457582000000002,-46.670192,,,,2,2023-06-19T16:58:47+00:00
SAO_2014-10,São Paulo,3550308,True,,33668,,,-23.472409,-46.66674225,,,,2,2023-06-19T16:58:18+00:00
SAO_2014-10,São Paulo,3550308,True,,33668,,,-23.52644,-46.66704,,,,2,2023-06-19T16:58:34+00:00
SAO_2014-10,São Paulo,3550308,True,,33668,,,-23.472409,-46.66674225,,,,2,2023-06-19T16:58:33+00:00
SAO_2014-10,São Paulo,3550308,True,,33668,,,-23.488038,-46.665062500000005,,,,2,2023-06-19T16:58:22+00:00
SAO_2014-10,São Paulo,3550308,True,,33668,,,-23.457342,-46.669977,,,,2,2023-06-19T16:58:30+00:00
SAO_2014-10,São Paulo,3550308,True,,33668,,,-23.529684500000002,-46.677454499999996,,,,2,2023-06-19T16:58:40+00:00
SAO_3390-10,São Paulo,3550308,True,,33506,,,-23.605445500000002,-46.508540749999995,,,,2,2023-06-19T16:58:15+00:00
SAO_3390-10,São Paulo,3550308,True,,33506,,,-23.57984575,-46.57058525,,,,2,2023-06-19T16:58:19+00:00
SAO_3390-10,São Paulo,3550308,True,,33506,,,-23.56682225,-46.60703125,,,,2,2023-06-19T16:58:43+00:00
SAO_3390-10,São Paulo,3550308,True,,33506,,,-23.556236,-46.6279345,,,,2,2023-06-19T16:58:36+00:00
SAO_3390-10,São Paulo,3550308,True,,33506,,,-23.6114525,-46.483546,,,,2,2023-06-19T16:58:48+00:00
SAO_3390-10,São Paulo,3550308,True,,33506,,,-23.612921999999998,-46.4901005,,,,2,2023-06-19T16:58:13+00:00
SAO_3390-10,São Paulo,3550308,True,,33506,,,-23.611249,-46.4836155,,,,2,2023-06-19T16:58:17+00:00
SAO_3390-10,São Paulo,3550308,True,,33506,,,-23.5473125,-46.62966,,,,2,2023-06-19T16:58:11+00:00
SAO_3390-10,São Paulo,3550308,True,,33506,,,-23.58588175,-46.58873525,,,,2,2023-06-19T16:58:27+00:00
SAO_3032-10,São Paulo,3550308,True,STT,720,https://moovitapp.com/index/pt-br/transporte_p%C3%BAblico-line-720-Sao_Paulo-242-850661-183345-0,5.3,-23.558674,-46.522539,,,,1,2023-06-19T16:58:46+00:00
SAO_3032-10,São Paulo,3550308,True,STT,720,https://moovitapp.com/index/pt-br/transporte_p%C3%BAblico-line-720-Sao_Paulo-242-850661-183345-0,5.3,-23.5662689375,-46.5117471875,,,,1,2023-06-19T16:58:44+00:00
SAO_875A-10,São Paulo,3550308,True,,609,,,-23.639214250000002,-46.662388,,,,1,2023-06-19T16:58:41+00:00
SAO_875A-10,São Paulo,3550308,True,,609,,,-23.604216,-46.636689000000004,,,,1,2023-06-19T16:57:30+00:00
SAO_875A-10,São Paulo,3550308,True,,609,,,-23.5424435,-46.646533250000005,,,,1,2023-06-19T16:58:21+00:00
SAO_875A-10,São Paulo,3550308,True,,609,,,-23.61594475,-46.65478362499999,,,,1,2023-06-19T16:58:22+00:00
SAO_875A-10,São Paulo,3550308,True,,609,,,-23.5706235,-46.645020625,,,,1,2023-06-19T16:58:29+00:00
SAO_875A-10,São Paulo,3550308,True,,609,,,-23.5362345,-46.6808435,,,,1,2023-06-19T16:58:18+00:00
SAO_875A-10,São Paulo,3550308,True,,609,,,-23.534665625,-46.66586575,,,,1,2023-06-19T16:58:19+00:00
SAO_2717-10,São Paulo,3550308,True,,33698,,,-23.528868,-46.5167825,,,,2,2023-06-19T16:58:21+00:00
SAO_2717-10,São Paulo,3550308,True,,33698,,,-23.529042,-46.5171655,,,,2,2023-06-19T16:58:29+00:00
SAO_2717-10,São Paulo,3550308,True,,33698,,,-23.528868,-46.5167825,,,,2,2023-06-19T16:58:48+00:00
SAO_2717-10,São Paulo,3550308,True,,33698,,,-23.4990325,-46.506511,,,,2,2023-06-19T16:58:13+00:00
SAO_2717-10,São Paulo,3550308,True,,33698,,,-23.5287615,-46.516549499999996,,,,2,2023-06-19T16:58:53+00:00
SAO_307C-10,São Paulo,3550308,True,,2114,,,-23.503643,-46.380181,,,,1,2023-06-19T16:58:50+00:00
SAO_307C-10,São Paulo,3550308,True,,2114,,,-23.503643,-46.380181,,,,1,2023-06-19T16:58:42+00:00
SAO_307C-10,São Paulo,3550308,True,,2114,,,-23.49448,-46.414542499999996,,,,1,2023-06-19T16:58:37+00:00
SAO_307C-10,São Paulo,3550308,True,,2114,,,-23.538732,-46.480726000000004,,,,1,2023-06-19T16:58:43+00:00
SAO_307C-10,São Paulo,3550308,True,,2114,,,-23.49727,-46.4540775,,,,1,2023-06-19T16:58:24+00:00
SAO_307C-10,São Paulo,3550308,True,,2114,,,-23.5182735,-46.386465,,,,1,2023-06-19T16:55:49+00:00
SAO_7055-10,São Paulo,3550308,True,,34656,,,-23.660277999999998,-46.768888000000004,,,,2,2023-06-19T16:58:46+00:00
SAO_7055-10,São Paulo,3550308,True,,34656,,,-23.6923765,-46.7911055,,,,2,2023-06-19T16:58:51+00:00
SAO_7055-10,São Paulo,3550308,True,,34656,,,-23.641522000000002,-46.780113,,,,2,2023-06-19T16:58:55+00:00
SAO_7055-10,São Paulo,3550308,True,,34656,,,-23.692973,-46.7912575,,,,2,2023-06-19T16:58:28+00:00
SAO_7055-10,São Paulo,3550308,True,,34656,,,-23.6923765,-46.7911055,,,,2,2023-06-19T16:58:45+00:00
SAO_7055-10,São Paulo,3550308,True,,34656,,,-23.684637000000002,-46.790394,,,,2,2023-06-19T16:58:24+00:00
SAO_7055-10,São Paulo,3550308,True,,34656,,,-23.692973,-46.7912575,,,,2,2023-06-19T16:58:15+00:00
SAO_7055-10,São Paulo,3550308,True,,34656,,,-23.6923765,-46.7911055,,,,2,2023-06-19T16:58:36+00:00
SAO_2019-10,São Paulo,3550308,True,,33673,,,-23.53277875,-46.47782075000001,,,,2,2023-06-19T16:58:39+00:00
SAO_2019-10,São Paulo,3550308,True,,33673,,,-23.5260605,-46.503984,,,,2,2023-06-19T16:58:11+00:00
SAO_2019-10,São Paulo,3550308,True,,33673,,,-23.529059500000002,-46.479198499999995,,,,2,2023-06-19T16:58:28+00:00
SAO_2019-10,São Paulo,3550308,True,,33673,,,-23.52830825,-46.52705,,,,2,2023-06-19T16:58:12+00:00
SAO_2019-10,São Paulo,3550308,True,,33673,,,-23.529691999999997,-46.47905,,,,2,2023-06-19T16:58:42+00:00
SAO_314J-10,São Paulo,3550308,True,,33078,,,-23.6141885,-46.517275999999995,,,,2,2023-06-19T16:58:10+00:00
SAO_314J-10,São Paulo,3550308,True,,33078,,,-23.6146935,-46.5159745,,,,2,2023-06-19T16:57:44+00:00
SAO_314J-10,São Paulo,3550308,True,,33078,,,-23.5570875,-46.6339675,,,,2,2023-06-19T16:58:46+00:00
SAO_314J-10,São Paulo,3550308,True,,33078,,,-23.582895999999998,-46.600225,,,,2,2023-06-19T16:58:51+00:00
SAO_314J-10,São Paulo,3550308,True,,33078,,,-23.56054725,-46.632771625000004,,,,2,2023-06-19T16:58:40+00:00
SAO_314J-10,São Paulo,3550308,True,,33078,,,-23.597714500000002,-46.5606205,,,,2,2023-06-19T16:58:46+00:00
SAO_6074-10,São Paulo,3550308,True,,33929,,,-23.684737499999997,-46.692505,,,,2,2023-06-19T16:58:22+00:00
SAO_6074-10,São Paulo,3550308,True,,33929,,,-23.7068195,-46.700339,,,,2,2023-06-19T16:58:53+00:00
SAO_6074-10,São Paulo,3550308,True,,33929,,,-23.736155,-46.6657675,,,,2,2023-06-19T16:58:37+00:00
SAO_6074-10,São Paulo,3550308,True,,33929,,,-23.7349645,-46.6641195,,,,2,2023-06-19T16:58:40+00:00
SAO_6074-10,São Paulo,3550308,True,,33929,,,-23.742955000000002,-46.665304875000004,,,,2,2023-06-19T16:58:11+00:00
SAO_6074-10,São Paulo,3550308,True,,33929,,,-23.734608,-46.6640375,,,,2,2023-06-19T16:58:49+00:00
SAO_6074-10,São Paulo,3550308,True,,33929,,,-23.734685,-46.664041499999996,,,,2,2023-06-19T16:58:13+00:00
SAO_6074-10,São Paulo,3550308,True,,33929,,,-23.741635000000002,-46.6917615,,,,2,2023-06-19T16:58:44+00:00
SAO_407G-10,São Paulo,3550308,True,,34964,,,-23.61114025,-46.43407825,,,,2,2023-06-19T16:58:21+00:00
SAO_407G-10,São Paulo,3550308,True,,34964,,,-23.5575735,-46.5156105,,,,2,2023-06-19T16:58:31+00:00
SAO_407G-10,São Paulo,3550308,True,,34964,,,-23.5991515,-46.485439875,,,,2,2023-06-19T16:58:47+00:00
SAO_407G-10,São Paulo,3550308,True,,34964,,,-23.61138675,-46.43386674999999,,,,2,2023-06-19T16:58:52+00:00
SAO_407G-10,São Paulo,3550308,True,,34964,,,-23.611837,-46.4334745,,,,2,2023-06-19T16:58:33+00:00
SAO_407G-10,São Paulo,3550308,True,,34964,,,-23.61114025,-46.43407825,,,,2,2023-06-19T16:58:49+00:00
SAO_407G-10,São Paulo,3550308,True,,34964,,,-23.613743,-46.4716405,,,,2,2023-06-19T16:58:51+00:00
SAO_407G-10,São Paulo,3550308,True,,34964,,,-23.6011465,-46.438992,,,,2,2023-06-19T16:58:43+00:00
SAO_407G-10,São Paulo,3550308,True,,34964,,,-23.612115,-46.4332405,,,,2,2023-06-19T16:58:34+00:00
SAO_407G-10,São Paulo,3550308,True,,34964,,,-23.60778075,-46.435561,,,,2,2023-06-19T16:58:43+00:00
SAO_407G-10,São Paulo,3550308,True,,34964,,,-23.61138675,-46.43386674999999,,,,2,2023-06-19T16:58:33+00:00
SAO_3795-10,São Paulo,3550308,True,,1073,,,-23.5577185,-46.44346325,,,,1,2023-06-19T16:55:54+00:00
SAO_3795-10,São Paulo,3550308,True,,1073,,,-23.5647415,-46.421807,,,,1,2023-06-19T16:57:56+00:00
SAO_3795-10,São Paulo,3550308,True,,1073,,,-23.5599825,-46.4153285,,,,1,2023-06-19T16:58:19+00:00
SAO_3795-10,São Paulo,3550308,True,,1073,,,-23.559945,-46.415017750000004,,,,1,2023-06-19T16:58:34+00:00
SAO_148L-10,São Paulo,3550308,True,,33299,,,-23.455160499999998,-46.6525175,,,,2,2023-06-19T16:58:19+00:00
SAO_148L-10,São Paulo,3550308,True,,33299,,,-23.4548945,-46.652338,,,,2,2023-06-19T16:58:41+00:00
SAO_148L-10,São Paulo,3550308,True,,33299,,,-23.5154525,-46.6914535,,,,2,2023-06-19T16:58:46+00:00
SAO_148L-10,São Paulo,3550308,True,,33299,,,-23.47628125,-46.661888250000004,,,,2,2023-06-19T16:58:46+00:00
SAO_148L-10,São Paulo,3550308,True,,33299,,,-23.4547195,-46.6523255,,,,2,2023-06-19T16:58:43+00:00
SAO_148L-10,São Paulo,3550308,True,,33299,,,-23.45483,-46.652328999999995,,,,2,2023-06-19T16:58:54+00:00
SAO_148L-10,São Paulo,3550308,True,,33299,,,-23.520004999999998,-46.701718,,,,2,2023-06-19T16:58:26+00:00
SAO_148L-10,São Paulo,3550308,True,,33299,,,-23.454537,-46.6522975,,,,2,2023-06-19T16:58:10+00:00
SAO_148L-10,São Paulo,3550308,True,,33299,,,-23.454971999999998,-46.6523675,,,,2,2023-06-19T16:58:28+00:00
SAO_148L-10,São Paulo,3550308,True,,33299,,,-23.459543500000002,-46.6565455,,,,2,2023-06-19T16:58:53+00:00
SAO_148L-10,São Paulo,3550308,True,,33299,,,-23.4970445,-46.676165499999996,,,,2,2023-06-19T16:58:23+00:00
SAO_148L-10,São Paulo,3550308,True,,33299,,,-23.455246000000002,-46.652735,,,,2,2023-06-19T16:58:22+00:00
SAO_148L-10,São Paulo,3550308,True,,33299,,,-23.464563,-46.655009500000006,,,,2,2023-06-19T16:58:29+00:00
SAO_9501-10,São Paulo,3550308,True,,33230,,,-23.533042625,-46.644840875,,,,2,2023-06-19T16:58:34+00:00
SAO_9501-10,São Paulo,3550308,True,,33230,,,-23.474438499999998,-46.669928999999996,,,,2,2023-06-19T16:58:24+00:00
SAO_9501-10,São Paulo,3550308,True,,33230,,,-23.4742495,-46.669781,,,,2,2023-06-19T16:58:53+00:00
SAO_9501-10,São Paulo,3550308,True,,33230,,,-23.5202235,-46.671302,,,,2,2023-06-19T16:58:49+00:00
SAO_9501-10,São Paulo,3550308,True,,33230,,,-23.4753495,-46.670524,,,,2,2023-06-19T16:58:28+00:00
SAO_9501-10,São Paulo,3550308,True,,33230,,,-23.4805165,-46.673632,,,,2,2023-06-19T16:58:17+00:00
SAO_9501-10,São Paulo,3550308,True,,33230,,,-23.498542,-46.685059,,,,2,2023-06-19T16:58:41+00:00
SAO_3053-10,São Paulo,3550308,True,,973,,,-23.566795749999997,-46.55580725,,,,1,2023-06-19T16:58:28+00:00
SAO_3053-10,São Paulo,3550308,True,,973,,,-23.5913315,-46.4980785,,,,1,2023-06-19T16:58:51+00:00
SAO_3053-10,São Paulo,3550308,True,,973,,,-23.5854285,-46.5195045,,,,1,2023-06-19T16:57:28+00:00
SAO_3053-10,São Paulo,3550308,True,,973,,,-23.54289,-46.588125500000004,,,,1,2023-06-19T16:58:17+00:00
SAO_971M-10,São Paulo,3550308,True,,612,,,-23.490409,-46.6888085,,,,1,2023-06-19T16:58:33+00:00
SAO_971M-10,São Paulo,3550308,True,,612,,,-23.490707,-46.689197,,,,1,2023-06-19T16:58:43+00:00
SAO_971M-10,São Paulo,3550308,True,,612,,,-23.475621750000002,-46.639125625000005,,,,1,2023-06-19T16:58:18+00:00
SAO_971M-10,São Paulo,3550308,True,,612,,,-23.4907635,-46.690068249999996,,,,1,2023-06-19T16:58:37+00:00
SAO_971M-10,São Paulo,3550308,True,,612,,,-23.499353499999998,-46.6256055,,,,1,2023-06-19T16:58:26+00:00
SAO_971M-10,São Paulo,3550308,True,,612,,,-23.468868,-46.6783865,,,,1,2023-06-19T16:58:27+00:00
SAO_809L-10,São Paulo,3550308,True,,34717,,,-23.611016250000002,-46.753262,,,,2,2023-06-19T16:58:20+00:00
SAO_809L-10,São Paulo,3550308,True,,34717,,,-23.6317515,-46.7727405,,,,2,2023-06-19T16:58:38+00:00
SAO_809L-10,São Paulo,3550308,True,,34717,,,-23.631868500000003,-46.772482,,,,2,2023-06-19T16:58:26+00:00
SAO_809L-10,São Paulo,3550308,True,,34717,,,-23.5810395,-46.723501999999996,,,,2,2023-06-19T16:58:19+00:00
SAO_809L-10,São Paulo,3550308,True,,34717,,,-23.538721,-46.705842000000004,,,,2,2023-06-19T16:58:48+00:00
SAO_809L-10,São Paulo,3550308,True,,34717,,,-23.564248,-46.711858500000005,,,,2,2023-06-19T16:58:51+00:00
SAO_809L-10,São Paulo,3550308,True,,34717,,,-23.62694175,-46.766502,,,,2,2023-06-19T16:58:12+00:00
SAO_809L-10,São Paulo,3550308,True,,34717,,,-23.6317515,-46.7727405,,,,2,2023-06-19T16:58:52+00:00
SAO_809L-10,São Paulo,3550308,True,,34717,,,-23.631954,-46.7723235,,,,2,2023-06-19T16:58:21+00:00
SAO_809L-10,São Paulo,3550308,True,,34717,,,-23.629922,-46.770032,,,,2,2023-06-19T16:58:26+00:00
SAO_809L-10,São Paulo,3550308,True,,34717,,,-23.632016,-46.772219500000006,,,,2,2023-06-19T16:58:28+00:00
SAO_809L-10,São Paulo,3550308,True,,34717,,,-23.5891515,-46.73379075,,,,2,2023-06-19T16:58:51+00:00
SAO_6091-10,São Paulo,3550308,True,,1175,,,-23.862353499999998,-46.712526,,,,1,2023-06-19T16:58:18+00:00
SAO_6091-10,São Paulo,3550308,True,,1175,,,-23.660075499999998,-46.7049445,,,,1,2023-06-19T16:58:51+00:00
SAO_6091-10,São Paulo,3550308,True,,1175,,,-23.6980885,-46.700568000000004,,,,1,2023-06-19T16:57:58+00:00
SAO_6091-10,São Paulo,3550308,True,,1175,,,-23.8073445,-46.736647000000005,,,,1,2023-06-19T16:58:36+00:00
SAO_6091-10,São Paulo,3550308,True,,1175,,,-23.849822500000002,-46.7088465,,,,1,2023-06-19T16:58:10+00:00
SAO_7050-10,São Paulo,3550308,True,,1884,,,-23.646844,-46.779120250000005,,,,1,2023-06-19T16:58:50+00:00
SAO_2032-10,São Paulo,3550308,True,,35034,,,-23.50122,-46.611752499999994,,,,2,2023-06-19T16:58:23+00:00
SAO_2032-10,São Paulo,3550308,True,,35034,,,-23.485908,-46.592437499999996,,,,2,2023-06-19T16:58:47+00:00
SAO_2032-10,São Paulo,3550308,True,,35034,,,-23.484436000000002,-46.5735145,,,,2,2023-06-19T16:58:41+00:00
SAO_737A-10,São Paulo,3550308,True,,34498,,,-23.654108,-46.712056000000004,,,,2,2023-06-19T16:58:38+00:00
SAO_737A-10,São Paulo,3550308,True,,34498,,,-23.6902125,-46.773815,,,,2,2023-06-19T16:58:48+00:00
SAO_737A-10,São Paulo,3550308,True,,34498,,,-23.6902125,-46.773815,,,,2,2023-06-19T16:58:40+00:00
SAO_737A-10,São Paulo,3550308,True,,34498,,,-23.681706,-46.766827750000004,,,,2,2023-06-19T16:58:10+00:00
SAO_737A-10,São Paulo,3550308,True,,34498,,,-23.6901525,-46.774198999999996,,,,2,2023-06-19T16:58:23+00:00
SAO_737A-10,São Paulo,3550308,True,,34498,,,-23.65444575,-46.70806925000001,,,,2,2023-06-19T16:58:54+00:00
SAO_7550-10,São Paulo,3550308,True,,2093,,,-23.540064,-46.6477535,,,,1,2023-06-19T16:58:33+00:00
SAO_7550-10,São Paulo,3550308,True,,2093,,,-23.5397285,-46.647877,,,,1,2023-06-19T16:58:31+00:00
SAO_7550-10,São Paulo,3550308,True,,2093,,,-23.654166500000002,-46.711513,,,,1,2023-06-19T16:58:16+00:00
SAO_7550-10,São Paulo,3550308,True,,2093,,,-23.654166500000002,-46.711513,,,,1,2023-06-19T16:58:32+00:00
SAO_7550-10,São Paulo,3550308,True,,2093,,,-23.589663375,-46.672183375,,,,1,2023-06-19T16:58:30+00:00
SAO_7550-10,São Paulo,3550308,True,,2093,,,-23.654166500000002,-46.711513,,,,1,2023-06-19T16:58:52+00:00
SAO_7550-10,São Paulo,3550308,True,,2093,,,-23.62766125,-46.68821275,,,,1,2023-06-19T16:58:24+00:00
SAO_7550-10,São Paulo,3550308,True,,2093,,,-23.573071,-46.6546745,,,,1,2023-06-19T16:58:16+00:00
SAO_364A-10,São Paulo,3550308,True,,1246,,,-23.569812,-46.504021,,,,1,2023-06-19T16:58:17+00:00
SAO_364A-10,São Paulo,3550308,True,,1246,,,-23.5632085,-46.5012665,,,,1,2023-06-19T16:58:33+00:00
SAO_364A-10,São Paulo,3550308,True,,1246,,,-23.5632085,-46.5012665,,,,1,2023-06-19T16:58:12+00:00
SAO_364A-10,São Paulo,3550308,True,,1246,,,-23.5631475,-46.501079000000004,,,,1,2023-06-19T16:58:13+00:00
SAO_364A-10,São Paulo,3550308,True,,1246,,,-23.5631475,-46.501079000000004,,,,1,2023-06-19T16:58:53+00:00
SAO_364A-10,São Paulo,3550308,True,,1246,,,-23.5632085,-46.5012665,,,,1,2023-06-19T16:58:22+00:00
SAO_364A-10,São Paulo,3550308,True,,1246,,,-23.599586000000002,-46.5143935,,,,1,2023-06-19T16:58:18+00:00
SAO_364A-10,São Paulo,3550308,True,,1246,,,-23.60225475,-46.50354575,,,,1,2023-06-19T16:58:43+00:00
SAO_364A-10,São Paulo,3550308,True,,1246,,,-23.586758500000002,-46.544669,,,,1,2023-06-19T16:58:22+00:00
SAO_364A-10,São Paulo,3550308,True,,1246,,,-23.585400999999997,-46.58788475,,,,1,2023-06-19T16:58:37+00:00
SAO_364A-10,São Paulo,3550308,True,,1246,,,-23.582895999999998,-46.600225,,,,1,2023-06-19T16:58:35+00:00
SAO_364A-10,São Paulo,3550308,True,,1246,,,-23.5767295,-46.50384125,,,,1,2023-06-19T16:58:56+00:00
SAO_364A-10,São Paulo,3550308,True,,1246,,,-23.6019765,-46.503546,,,,1,2023-06-19T16:58:48+00:00
SAO_607M-10,São Paulo,3550308,True,,2036,,,-23.641757875,-46.69834899999999,,,,1,2023-06-19T16:58:53+00:00
SAO_607M-10,São Paulo,3550308,True,,2036,,,-23.726964000000002,-46.6992625,,,,1,2023-06-19T16:58:38+00:00
SAO_607M-10,São Paulo,3550308,True,,2036,,,-23.7367155,-46.697201,,,,1,2023-06-19T16:58:10+00:00
SAO_576M-10,São Paulo,3550308,True,,604,,,-23.594820249999998,-46.68012,,,,1,2023-06-19T16:58:25+00:00
SAO_576M-10,São Paulo,3550308,True,,604,,,-23.6633505,-46.637755999999996,,,,1,2023-06-19T16:58:46+00:00
SAO_576M-10,São Paulo,3550308,True,,604,,,-23.63342875,-46.66013074999999,,,,1,2023-06-19T16:58:46+00:00
SAO_576M-10,São Paulo,3550308,True,,604,,,-23.566271,-46.694345,,,,1,2023-06-19T16:58:17+00:00
SAO_576M-10,São Paulo,3550308,True,,604,,,-23.6081445,-46.66040075,,,,1,2023-06-19T16:58:44+00:00
SAO_6038-10,São Paulo,3550308,True,,33984,,,-23.6619575,-46.7888225,,,,2,2023-06-19T16:58:51+00:00
SAO_6038-10,São Paulo,3550308,True,,33984,,,-23.650038625,-46.75614575,,,,2,2023-06-19T16:58:14+00:00
SAO_6038-10,São Paulo,3550308,True,,33984,,,-23.658609,-46.78921425,,,,2,2023-06-19T16:58:37+00:00
SAO_6038-10,São Paulo,3550308,True,,33984,,,-23.656692999999997,-46.7636335,,,,2,2023-06-19T16:58:53+00:00
SAO_6038-10,São Paulo,3550308,True,,33984,,,-23.6621345,-46.779826,,,,2,2023-06-19T16:58:13+00:00
SAO_6038-10,São Paulo,3550308,True,,33984,,,-23.6582735,-46.7893885,,,,2,2023-06-19T16:58:33+00:00
SAO_6038-10,São Paulo,3550308,True,,33984,,,-23.64450025,-46.7264155,,,,2,2023-06-19T16:58:38+00:00
SAO_6038-10,São Paulo,3550308,True,,33984,,,-23.646858125,-46.707122125,,,,2,2023-06-19T16:58:33+00:00
SAO_6042-10,São Paulo,3550308,True,,33987,,,-23.654061749999997,-46.76002575,,,,2,2023-06-19T16:58:48+00:00
SAO_6042-10,São Paulo,3550308,True,,33987,,,-23.649299,-46.750949500000004,,,,2,2023-06-19T16:58:51+00:00
SAO_6042-10,São Paulo,3550308,True,,33987,,,-23.6510995,-46.709233,,,,2,2023-06-19T16:58:42+00:00
SAO_7245-10,São Paulo,3550308,True,,33131,,,-23.65238925,-46.70869825,,,,2,2023-06-19T16:58:47+00:00
SAO_7245-10,São Paulo,3550308,True,,33131,,,-23.6139795,-46.696125499999994,,,,2,2023-06-19T16:58:40+00:00
SAO_7245-10,São Paulo,3550308,True,,33131,,,-23.589574749999997,-46.68179375,,,,2,2023-06-19T16:58:24+00:00
SAO_7245-10,São Paulo,3550308,True,,33131,,,-23.55769425,-46.6674515,,,,2,2023-06-19T16:58:31+00:00
SAO_7245-10,São Paulo,3550308,True,,33131,,,-23.6454795,-46.7126175,,,,2,2023-06-19T16:58:27+00:00
SAO_3762-10,São Paulo,3550308,True,,1053,,,-23.57776025,-46.51689075,,,,1,2023-06-19T16:58:20+00:00
SAO_3762-10,São Paulo,3550308,True,,1053,,,-23.541065,-46.576965,,,,1,2023-06-19T16:58:30+00:00
SAO_3762-10,São Paulo,3550308,True,,1053,,,-23.54292375,-46.56343075,,,,1,2023-06-19T16:58:26+00:00
SAO_3762-10,São Paulo,3550308,True,,1053,,,-23.550526499999997,-46.550292,,,,1,2023-06-19T16:58:49+00:00
SAO_3762-10,São Paulo,3550308,True,,1053,,,-23.571079,-46.53818375,,,,1,2023-06-19T16:58:15+00:00
SAO_6028-10,São Paulo,3550308,True,,1211,,,-23.667369,-46.728165,,,,1,2023-06-19T16:58:48+00:00
SAO_6028-10,São Paulo,3550308,True,,1211,,,-23.666076875,-46.715127249999995,,,,1,2023-06-19T16:58:42+00:00
SAO_6028-10,São Paulo,3550308,True,,1211,,,-23.702326,-46.744178000000005,,,,1,2023-06-19T16:58:24+00:00
SAO_6028-10,São Paulo,3550308,True,,1211,,,-23.6866155,-46.754643,,,,1,2023-06-19T16:58:55+00:00
SAO_8055-10,São Paulo,3550308,True,,33182,,,-23.408328,-46.741003,,,,2,2023-06-19T16:58:32+00:00
SAO_8055-10,São Paulo,3550308,True,,33182,,,-23.408163000000002,-46.7414175,,,,2,2023-06-19T16:58:51+00:00
SAO_8055-10,São Paulo,3550308,True,,33182,,,-23.49728375,-46.75451075,,,,2,2023-06-19T16:58:53+00:00
SAO_8055-10,São Paulo,3550308,True,,33182,,,-23.4086475,-46.740632500000004,,,,2,2023-06-19T16:58:46+00:00
SAO_8055-10,São Paulo,3550308,True,,33182,,,-23.421096,-46.785263,,,,2,2023-06-19T16:58:24+00:00
SAO_2008-10,São Paulo,3550308,True,,33665,,,-23.52114525,-46.38738525,,,,2,2023-06-19T16:58:18+00:00
SAO_2008-10,São Paulo,3550308,True,,33665,,,-23.52114525,-46.38738525,,,,2,2023-06-19T16:58:47+00:00
SAO_2008-10,São Paulo,3550308,True,,33665,,,-23.496059000000002,-46.4011645,,,,2,2023-06-19T16:58:17+00:00
SAO_2008-10,São Paulo,3550308,True,,33665,,,-23.52114525,-46.38738525,,,,2,2023-06-19T16:58:53+00:00
SAO_2008-10,São Paulo,3550308,True,,33665,,,-23.5005345,-46.398664499999995,,,,2,2023-06-19T16:54:44+00:00
SAO_637J-10,São Paulo,3550308,True,,32871,,,-23.59051425,-46.672543000000005,,,,2,2023-06-19T16:58:35+00:00
SAO_637J-10,São Paulo,3550308,True,,32871,,,-23.739734499999997,-46.708729500000004,,,,2,2023-06-19T16:58:49+00:00
SAO_637J-10,São Paulo,3550308,True,,32871,,,-23.67630825,-46.698348375,,,,2,2023-06-19T16:58:25+00:00
SAO_637J-10,São Paulo,3550308,True,,32871,,,-23.657406,-46.701090625000006,,,,2,2023-06-19T16:58:24+00:00
SAO_637J-10,São Paulo,3550308,True,,32871,,,-23.640843,-46.6985765,,,,2,2023-06-19T16:58:53+00:00
SAO_637J-10,São Paulo,3550308,True,,32871,,,-23.731899,-46.715707,,,,2,2023-06-19T16:58:35+00:00
SAO_7057-10,São Paulo,3550308,True,,1897,,,-23.640479,-46.781559,,,,1,2023-06-19T16:58:45+00:00
SAO_8065-10,São Paulo,3550308,True,,33189,,,-23.469593,-46.751911500000006,,,,2,2023-06-19T16:58:29+00:00
SAO_8065-10,São Paulo,3550308,True,,33189,,,-23.508137,-46.705693999999994,,,,2,2023-06-19T16:58:24+00:00
SAO_5110-10,São Paulo,3550308,True,,2209,,,-23.6124515,-46.475421999999995,,,,1,2023-06-19T16:58:12+00:00
SAO_5110-10,São Paulo,3550308,True,,2209,,,-23.5474295,-46.628690000000006,,,,1,2023-06-19T16:58:30+00:00
SAO_5110-10,São Paulo,3550308,True,,2209,,,-23.5972765,-46.5355715,,,,1,2023-06-19T16:58:51+00:00
SAO_5110-10,São Paulo,3550308,True,,2209,,,-23.547036,-46.628932,,,,1,2023-06-19T16:58:48+00:00
SAO_5110-10,São Paulo,3550308,True,,2209,,,-23.546896,-46.629020999999995,,,,1,2023-06-19T16:58:38+00:00
SAO_5110-10,São Paulo,3550308,True,,2209,,,-23.612184499999998,-46.482907499999996,,,,1,2023-06-19T16:58:28+00:00
SAO_5110-10,São Paulo,3550308,True,,2209,,,-23.611655499999998,-46.4832885,,,,1,2023-06-19T16:58:30+00:00
SAO_5110-10,São Paulo,3550308,True,,2209,,,-23.6130195,-46.476082,,,,1,2023-06-19T16:58:37+00:00
SAO_5110-10,São Paulo,3550308,True,,2209,,,-23.612403999999998,-46.4786965,,,,1,2023-06-19T16:58:36+00:00
SAO_5110-10,São Paulo,3550308,True,,2209,,,-23.546896,-46.629020999999995,,,,1,2023-06-19T16:58:45+00:00
SAO_5110-10,São Paulo,3550308,True,,2209,,,-23.612288,-46.482754,,,,1,2023-06-19T16:58:23+00:00
SAO_5110-10,São Paulo,3550308,True,,2209,,,-23.6141145,-46.476496999999995,,,,1,2023-06-19T16:58:49+00:00
SAO_5110-10,São Paulo,3550308,True,,2209,,,-23.614441499999998,-46.500118,,,,1,2023-06-19T16:58:16+00:00
SAO_5110-10,São Paulo,3550308,True,,2209,,,-23.547036,-46.628932,,,,1,2023-06-19T16:58:10+00:00
SAO_5110-10,São Paulo,3550308,True,,2209,,,-23.590521,-46.54327524999999,,,,1,2023-06-19T16:58:53+00:00
SAO_5110-10,São Paulo,3550308,True,,2209,,,-23.611826999999998,-46.4832085,,,,1,2023-06-19T16:58:09+00:00
SAO_5110-10,São Paulo,3550308,True,,2209,,,-23.5847625,-46.582618499999995,,,,1,2023-06-19T16:58:24+00:00
SAO_5110-10,São Paulo,3550308,True,,2209,,,-23.547167,-46.62885,,,,1,2023-06-19T16:58:12+00:00
SAO_5110-10,São Paulo,3550308,True,,2209,,,-23.546896,-46.629020999999995,,,,1,2023-06-19T16:58:15+00:00
SAO_5110-10,São Paulo,3550308,True,,2209,,,-23.547036,-46.628932,,,,1,2023-06-19T16:58:53+00:00
SAO_5110-10,São Paulo,3550308,True,,2209,,,-23.612406,-46.482003,,,,1,2023-06-19T16:58:17+00:00
SAO_5110-10,São Paulo,3550308,True,,2209,,,-23.547036,-46.628932,,,,1,2023-06-19T16:58:19+00:00
SAO_5110-10,São Paulo,3550308,True,,2209,,,-23.5840895,-46.584984500000004,,,,1,2023-06-19T16:58:41+00:00
SAO_5110-10,São Paulo,3550308,True,,2209,,,-23.547682,-46.628632,,,,1,2023-06-19T16:58:37+00:00
SAO_5110-10,São Paulo,3550308,True,,2209,,,-23.611922,-46.4765935,,,,1,2023-06-19T16:58:30+00:00
SAO_271A-10,São Paulo,3550308,True,STT,702,https://moovitapp.com/index/pt-br/transporte_p%C3%BAblico-line-702-Sao_Paulo-242-850661-641780-0,5.3,-23.518916500000003,-46.546872500000006,,,,1,2023-06-19T16:58:16+00:00
SAO_271A-10,São Paulo,3550308,True,STT,702,https://moovitapp.com/index/pt-br/transporte_p%C3%BAblico-line-702-Sao_Paulo-242-850661-641780-0,5.3,-23.518916500000003,-46.546872500000006,,,,1,2023-06-19T16:58:36+00:00
SAO_271A-10,São Paulo,3550308,True,STT,702,https://moovitapp.com/index/pt-br/transporte_p%C3%BAblico-line-702-Sao_Paulo-242-850661-641780-0,5.3,-23.518916500000003,-46.546872500000006,,,,1,2023-06-19T16:58:26+00:00
SAO_271A-10,São Paulo,3550308,True,STT,702,https://moovitapp.com/index/pt-br/transporte_p%C3%BAblico-line-702-Sao_Paulo-242-850661-641780-0,5.3,-23.518916500000003,-46.546872500000006,,,,1,2023-06-19T16:58:31+00:00
SAO_271A-10,São Paulo,3550308,True,STT,702,https://moovitapp.com/index/pt-br/transporte_p%C3%BAblico-line-702-Sao_Paulo-242-850661-641780-0,5.3,-23.501009,-46.6151895,,,,1,2023-06-19T16:58:51+00:00
SAO_271A-10,São Paulo,3550308,True,STT,702,https://moovitapp.com/index/pt-br/transporte_p%C3%BAblico-line-702-Sao_Paulo-242-850661-641780-0,5.3,-23.507665,-46.571098,,,,1,2023-06-19T16:58:13+00:00
SAO_271A-10,São Paulo,3550308,True,STT,702,https://moovitapp.com/index/pt-br/transporte_p%C3%BAblico-line-702-Sao_Paulo-242-850661-641780-0,5.3,-23.502589,-46.623686500000005,,,,1,2023-06-19T16:58:48+00:00
SAO_271P-10,São Paulo,3550308,True,,704,,,-23.499332000000003,-46.516031125000005,,,,1,2023-06-19T16:58:36+00:00
SAO_271P-10,São Paulo,3550308,True,,704,,,-23.5423885,-46.6351365,,,,1,2023-06-19T16:57:31+00:00
SAO_271P-10,São Paulo,3550308,True,,704,,,-23.508408,-46.537894,,,,1,2023-06-19T16:58:51+00:00
SAO_271P-10,São Paulo,3550308,True,,704,,,-23.536239000000002,-46.5870915,,,,1,2023-06-19T16:58:54+00:00
SAO_7545-10,São Paulo,3550308,True,,504,,,-23.547722,-46.641317,,,,1,2023-06-19T16:58:25+00:00
SAO_7545-10,São Paulo,3550308,True,,504,,,-23.5475165,-46.64427175,,,,1,2023-06-19T16:58:37+00:00
SAO_7545-10,São Paulo,3550308,True,,504,,,-23.550684750000002,-46.65510125,,,,1,2023-06-19T16:58:53+00:00
SAO_7545-10,São Paulo,3550308,True,,504,,,-23.5866055,-46.7505155,,,,1,2023-06-19T16:58:20+00:00
SAO_7545-10,São Paulo,3550308,True,,504,,,-23.600425124999997,-46.7925935,,,,1,2023-06-19T16:58:47+00:00
SAO_7545-10,São Paulo,3550308,True,,504,,,-23.571223,-46.691788,,,,1,2023-06-19T16:58:55+00:00
SAO_7040-10,São Paulo,3550308,True,,776,,,-23.565663,-46.693863500000006,,,,1,2023-06-19T16:58:31+00:00
SAO_7040-10,São Paulo,3550308,True,,776,,,-23.5655225,-46.693991499999996,,,,1,2023-06-19T16:58:24+00:00
SAO_7040-10,São Paulo,3550308,True,,776,,,-23.622961,-46.7285805,,,,1,2023-06-19T16:58:20+00:00
SAO_7040-10,São Paulo,3550308,True,,776,,,-23.622961,-46.7285805,,,,1,2023-06-19T16:58:35+00:00
SAO_7040-10,São Paulo,3550308,True,,776,,,-23.6200615,-46.723408,,,,1,2023-06-19T16:58:52+00:00
SAO_7040-10,São Paulo,3550308,True,,776,,,-23.622961,-46.7285805,,,,1,2023-06-19T16:58:09+00:00
SAO_7040-10,São Paulo,3550308,True,,776,,,-23.6153125,-46.721167,,,,1,2023-06-19T16:58:42+00:00
SAO_7040-10,São Paulo,3550308,True,,776,,,-23.622961,-46.7285805,,,,1,2023-06-19T16:58:43+00:00
SAO_7040-10,São Paulo,3550308,True,,776,,,-23.587105,-46.6988145,,,,1,2023-06-19T16:58:17+00:00
SAO_7040-10,São Paulo,3550308,True,,776,,,-23.612766999999998,-46.713289,,,,1,2023-06-19T16:58:32+00:00
SAO_5164-21,São Paulo,3550308,True,,1616,,,-23.598218,-46.645173,,,,1,2023-06-19T16:56:03+00:00
SAO_5164-21,São Paulo,3550308,True,,1616,,,-23.64730775,-46.65088875,,,,1,2023-06-19T16:58:27+00:00
SAO_5164-21,São Paulo,3550308,True,,1616,,,-23.6104495,-46.637824499999994,,,,1,2023-06-19T16:58:23+00:00
SAO_407R-10,São Paulo,3550308,True,,2201,,,-23.563340500000002,-46.553878,,,,1,2023-06-19T16:58:35+00:00
SAO_407R-10,São Paulo,3550308,True,,2201,,,-23.558462,-46.5226175,,,,1,2023-06-19T16:58:31+00:00
SAO_407R-10,São Paulo,3550308,True,,2201,,,-23.565995,-46.526056499999996,,,,1,2023-06-19T16:58:17+00:00
SAO_407R-10,São Paulo,3550308,True,,2201,,,-23.546501499999998,-46.584283625000005,,,,1,2023-06-19T16:57:12+00:00
SAO_407R-10,São Paulo,3550308,True,,2201,,,-23.558462,-46.5226175,,,,1,2023-06-19T16:58:19+00:00
SAO_407R-10,São Paulo,3550308,True,,2201,,,-23.542945500000002,-46.588449,,,,1,2023-06-19T16:58:35+00:00
SAO_407R-10,São Paulo,3550308,True,,2201,,,-23.558462,-46.5226175,,,,1,2023-06-19T16:58:42+00:00
SAO_8622-10,São Paulo,3550308,True,,33206,,,-23.494019875,-46.75968525,,,,2,2023-06-19T16:58:28+00:00
SAO_8622-10,São Paulo,3550308,True,,33206,,,-23.521341749999998,-46.719263375,,,,2,2023-06-19T16:57:20+00:00
SAO_8622-10,São Paulo,3550308,True,,33206,,,-23.446649,-46.7985095,,,,2,2023-06-19T16:58:44+00:00
SAO_8622-10,São Paulo,3550308,True,,33206,,,-23.547847500000003,-46.6420095,,,,2,2023-06-19T16:58:16+00:00
SAO_8622-10,São Paulo,3550308,True,,33206,,,-23.518019,-46.7077245,,,,2,2023-06-19T16:58:19+00:00
SAO_8622-10,São Paulo,3550308,True,,33206,,,-23.446143499999998,-46.798213,,,,2,2023-06-19T16:53:16+00:00
SAO_8622-10,São Paulo,3550308,True,,33206,,,-23.446649,-46.7985095,,,,2,2023-06-19T16:58:42+00:00
SAO_8622-10,São Paulo,3550308,True,,33206,,,-23.522927375000002,-46.688766625,,,,2,2023-06-19T16:58:29+00:00
SAO_8622-10,São Paulo,3550308,True,,33206,,,-23.5410095,-46.64273875,,,,2,2023-06-19T16:58:33+00:00
SAO_8622-10,São Paulo,3550308,True,,33206,,,-23.4235045,-46.791183000000004,,,,2,2023-06-19T16:58:16+00:00
SAO_8622-10,São Paulo,3550308,True,,33206,,,-23.445935,-46.798052,,,,2,2023-06-19T16:58:26+00:00
SAO_8622-10,São Paulo,3550308,True,,33206,,,-23.446143499999998,-46.798213,,,,2,2023-06-19T16:56:33+00:00
SAO_6000-10,São Paulo,3550308,True,,33908,,,-23.8278345,-46.7279345,,,,2,2023-06-19T16:58:17+00:00
SAO_6000-10,São Paulo,3550308,True,,33908,,,-23.8284605,-46.7271145,,,,2,2023-06-19T16:58:41+00:00
SAO_6000-10,São Paulo,3550308,True,,33908,,,-23.70069875,-46.715156750000006,,,,2,2023-06-19T16:57:17+00:00
SAO_6000-10,São Paulo,3550308,True,,33908,,,-23.667463249999997,-46.712059499999995,,,,2,2023-06-19T16:58:14+00:00
SAO_6000-10,São Paulo,3550308,True,,33908,,,-23.728766999999998,-46.699123,,,,2,2023-06-19T16:58:50+00:00
SAO_6000-10,São Paulo,3550308,True,,33908,,,-23.816886750000002,-46.734679375,,,,2,2023-06-19T16:58:44+00:00
SAO_6000-10,São Paulo,3550308,True,,33908,,,-23.827945999999997,-46.727483500000005,,,,2,2023-06-19T16:58:43+00:00
SAO_6000-10,São Paulo,3550308,True,,33908,,,-23.8284605,-46.7271145,,,,2,2023-06-19T16:58:12+00:00
SAO_6000-10,São Paulo,3550308,True,,33908,,,-23.662931125,-46.70718,,,,2,2023-06-19T16:58:24+00:00
SAO_6000-10,São Paulo,3550308,True,,33908,,,-23.828229999999998,-46.7267175,,,,2,2023-06-19T16:58:38+00:00
SAO_6000-10,São Paulo,3550308,True,,33908,,,-23.8284605,-46.7271145,,,,2,2023-06-19T16:58:47+00:00
SAO_6000-10,São Paulo,3550308,True,,33908,,,-23.8036885,-46.7348355,,,,2,2023-06-19T16:58:49+00:00
SAO_6000-10,São Paulo,3550308,True,,33908,,,-23.654194,-46.7099305,,,,2,2023-06-19T16:58:16+00:00
SAO_6000-10,São Paulo,3550308,True,,33908,,,-23.654213,-46.710369,,,,2,2023-06-19T16:58:10+00:00
SAO_6000-10,São Paulo,3550308,True,,33908,,,-23.739060000000002,-46.701387499999996,,,,2,2023-06-19T16:58:43+00:00
SAO_6000-10,São Paulo,3550308,True,,33908,,,-23.654213,-46.710369,,,,2,2023-06-19T16:58:30+00:00
SAO_6960-10,São Paulo,3550308,True,,1443,,,-23.7451125,-46.707049999999995,,,,1,2023-06-19T16:58:39+00:00
SAO_6960-10,São Paulo,3550308,True,,1443,,,-23.664529124999998,-46.70835137499999,,,,1,2023-06-19T16:58:52+00:00
SAO_6960-10,São Paulo,3550308,True,,1443,,,-23.7582485,-46.7147595,,,,1,2023-06-19T16:58:41+00:00
SAO_6960-10,São Paulo,3550308,True,,1443,,,-23.76735125,-46.717207,,,,1,2023-06-19T16:58:52+00:00
SAO_6960-10,São Paulo,3550308,True,,1443,,,-23.766952500000002,-46.7161155,,,,1,2023-06-19T16:58:13+00:00
SAO_6960-10,São Paulo,3550308,True,,1443,,,-23.766952500000002,-46.7161155,,,,1,2023-06-19T16:58:08+00:00
SAO_6960-10,São Paulo,3550308,True,,1443,,,-23.767560000000003,-46.7161905,,,,1,2023-06-19T16:49:22+00:00
SAO_6960-10,São Paulo,3550308,True,,1443,,,-23.767859,-46.716285,,,,1,2023-06-19T16:58:45+00:00
SAO_6960-10,São Paulo,3550308,True,,1443,,,-23.68944075,-46.71457975,,,,1,2023-06-19T16:58:47+00:00
SAO_9032-10,São Paulo,3550308,True,,33648,,,-23.446317,-46.6935345,,,,2,2023-06-19T16:58:14+00:00
SAO_9032-10,São Paulo,3550308,True,,33648,,,-23.446846999999998,-46.699661,,,,2,2023-06-19T16:58:51+00:00
SAO_9032-10,São Paulo,3550308,True,,33648,,,-23.459804999999996,-46.68515025,,,,2,2023-06-19T16:58:47+00:00
SAO_9032-10,São Paulo,3550308,True,,33648,,,-23.4748585,-46.670092,,,,2,2023-06-19T16:58:37+00:00
SAO_9032-10,São Paulo,3550308,True,,33648,,,-23.4463425,-46.6933265,,,,2,2023-06-19T16:58:28+00:00
SAO_8017-10,São Paulo,3550308,True,,34029,,,-23.450701000000002,-46.728078499999995,,,,2,2023-06-19T16:58:23+00:00
SAO_8017-10,São Paulo,3550308,True,,34029,,,-23.4591565,-46.719116,,,,2,2023-06-19T16:58:12+00:00
SAO_875H-10,São Paulo,3550308,True,,34108,,,-23.587062500000002,-46.634714,,,,2,2023-06-19T16:58:36+00:00
SAO_875H-10,São Paulo,3550308,True,,34108,,,-23.555629500000002,-46.6668715,,,,2,2023-06-19T16:57:58+00:00
SAO_875H-10,São Paulo,3550308,True,,34108,,,-23.589347,-46.6335725,,,,2,2023-06-19T16:58:36+00:00
SAO_875H-10,São Paulo,3550308,True,,34108,,,-23.5738675,-46.642193375000005,,,,2,2023-06-19T16:58:32+00:00
SAO_875H-10,São Paulo,3550308,True,,34108,,,-23.522478,-46.69588125,,,,2,2023-06-19T16:58:48+00:00
SAO_875H-10,São Paulo,3550308,True,,34108,,,-23.5205245,-46.7007655,,,,2,2023-06-19T16:58:32+00:00
SAO_875H-10,São Paulo,3550308,True,,34108,,,-23.520992749999998,-46.699836,,,,2,2023-06-19T16:58:29+00:00
SAO_574C-10,São Paulo,3550308,True,,1639,,,-23.5980975,-46.522425,,,,1,2023-06-19T16:58:50+00:00
SAO_574C-10,São Paulo,3550308,True,,1639,,,-23.59195,-46.5476825,,,,1,2023-06-19T16:58:09+00:00
SAO_574C-10,São Paulo,3550308,True,,1639,,,-23.61259,-46.479862999999995,,,,1,2023-06-19T16:55:17+00:00
SAO_574C-10,São Paulo,3550308,True,,1639,,,-23.6018545,-46.57027,,,,1,2023-06-19T16:58:43+00:00
SAO_574C-10,São Paulo,3550308,True,,1639,,,-23.6018625,-46.5700175,,,,1,2023-06-19T16:58:26+00:00
SAO_7023-10,São Paulo,3550308,True,,34920,,,-23.6585225,-46.706396999999996,,,,2,2023-06-19T16:58:37+00:00
SAO_7023-10,São Paulo,3550308,True,,34920,,,-23.663238,-46.707704,,,,2,2023-06-19T16:56:35+00:00
SAO_7023-10,São Paulo,3550308,True,,34920,,,-23.685785,-46.7396935,,,,2,2023-06-19T16:58:19+00:00
SAO_7023-10,São Paulo,3550308,True,,34920,,,-23.699899249999998,-46.7638045,,,,2,2023-06-19T16:58:33+00:00
SAO_7023-10,São Paulo,3550308,True,,34920,,,-23.6866835,-46.7540305,,,,2,2023-06-19T16:57:39+00:00
SAO_7023-10,São Paulo,3550308,True,,34920,,,-23.699025499999998,-46.762974,,,,2,2023-06-19T16:58:16+00:00
SAO_407F-10,São Paulo,3550308,True,,34935,,,-23.556492437499998,-46.5726773125,,,,2,2023-06-19T16:58:14+00:00
SAO_407F-10,São Paulo,3550308,True,,34935,,,-23.603309749999998,-46.4819175,,,,2,2023-06-19T16:58:14+00:00
SAO_407F-10,São Paulo,3550308,True,,34935,,,-23.580211499999997,-46.508478,,,,2,2023-06-19T16:58:48+00:00
SAO_407H-10,São Paulo,3550308,True,,2197,,,-23.630965500000002,-46.4467205,,,,1,2023-06-19T16:58:30+00:00
SAO_407H-10,São Paulo,3550308,True,,2197,,,-23.5946685,-46.4467675,,,,1,2023-06-19T16:58:50+00:00
SAO_407H-10,São Paulo,3550308,True,,2197,,,-23.564142500000003,-46.4669075,,,,1,2023-06-19T16:58:11+00:00
SAO_407H-10,São Paulo,3550308,True,,2197,,,-23.5660995,-46.46699775,,,,1,2023-06-19T16:58:31+00:00
SAO_407H-10,São Paulo,3550308,True,,2197,,,-23.623793499999998,-46.446847500000004,,,,1,2023-06-19T16:58:49+00:00
SAO_407H-10,São Paulo,3550308,True,,2197,,,-23.58192825,-46.44212725,,,,1,2023-06-19T16:58:24+00:00
SAO_407H-10,São Paulo,3550308,True,,2197,,,-23.61255825,-46.455022625,,,,1,2023-06-19T16:58:20+00:00
SAO_407H-10,São Paulo,3550308,True,,2197,,,-23.630965500000002,-46.4467205,,,,1,2023-06-19T16:58:33+00:00
SAO_407H-10,São Paulo,3550308,True,,2197,,,-23.54482325,-46.46301775,,,,1,2023-06-19T16:58:48+00:00
SAO_8018-10,São Paulo,3550308,True,,34838,,,-23.5984475,-46.73722,,,,2,2023-06-19T16:58:17+00:00
SAO_8018-10,São Paulo,3550308,True,,34838,,,-23.601125,-46.738094,,,,2,2023-06-19T16:58:15+00:00
SAO_178Y-10,São Paulo,3550308,True,,868,,,-23.491586750000003,-46.617523250000005,,,,1,2023-06-19T16:58:50+00:00
SAO_178Y-10,São Paulo,3550308,True,,868,,,-23.492099,-46.617943,,,,1,2023-06-19T16:58:21+00:00
SAO_178Y-10,São Paulo,3550308,True,,868,,,-23.478886,-46.629589,,,,1,2023-06-19T16:57:43+00:00
SAO_178Y-10,São Paulo,3550308,True,,868,,,-23.467225499999998,-46.639269999999996,,,,1,2023-06-19T16:58:32+00:00
SAO_178Y-10,São Paulo,3550308,True,,868,,,-23.4633435,-46.6419585,,,,1,2023-06-19T16:55:46+00:00
SAO_8500-10,São Paulo,3550308,True,,34035,,,-23.516328625,-46.685307625,,,,2,2023-06-19T16:58:41+00:00
SAO_8500-10,São Paulo,3550308,True,,34035,,,-23.486277,-46.726815875,,,,2,2023-06-19T16:58:44+00:00
SAO_8500-10,São Paulo,3550308,True,,34035,,,-23.4862075,-46.726428,,,,2,2023-06-19T16:58:37+00:00
SAO_8500-10,São Paulo,3550308,True,,34035,,,-23.486277,-46.726815875,,,,2,2023-06-19T16:58:53+00:00
SAO_8500-10,São Paulo,3550308,True,,34035,,,-23.492577,-46.7096535,,,,2,2023-06-19T16:58:37+00:00
SAO_675X-10,São Paulo,3550308,True,EMTU,111,https://moovitapp.com/index/pt-br/transporte_p%C3%BAblico-line-111-Sao_Paulo-242-2038937-36419271-0,5.1,-23.597589749999997,-46.65647625,,,,1,2023-06-19T16:58:33+00:00
SAO_675X-10,São Paulo,3550308,True,EMTU,111,https://moovitapp.com/index/pt-br/transporte_p%C3%BAblico-line-111-Sao_Paulo-242-2038937-36419271-0,5.1,-23.737689500000002,-46.697986,,,,1,2023-06-19T16:58:11+00:00
SAO_675X-10,São Paulo,3550308,True,EMTU,111,https://moovitapp.com/index/pt-br/transporte_p%C3%BAblico-line-111-Sao_Paulo-242-2038937-36419271-0,5.1,-23.737689500000002,-46.697986,,,,1,2023-06-19T16:58:24+00:00
SAO_675X-10,São Paulo,3550308,True,EMTU,111,https://moovitapp.com/index/pt-br/transporte_p%C3%BAblico-line-111-Sao_Paulo-242-2038937-36419271-0,5.1,-23.608176999999998,-46.666410625,,,,1,2023-06-19T16:58:37+00:00
SAO_675X-10,São Paulo,3550308,True,EMTU,111,https://moovitapp.com/index/pt-br/transporte_p%C3%BAblico-line-111-Sao_Paulo-242-2038937-36419271-0,5.1,-23.737689500000002,-46.697986,,,,1,2023-06-19T16:58:44+00:00
SAO_675X-10,São Paulo,3550308,True,EMTU,111,https://moovitapp.com/index/pt-br/transporte_p%C3%BAblico-line-111-Sao_Paulo-242-2038937-36419271-0,5.1,-23.6568225,-46.70011050000001,,,,1,2023-06-19T16:58:27+00:00
SAO_675X-10,São Paulo,3550308,True,EMTU,111,https://moovitapp.com/index/pt-br/transporte_p%C3%BAblico-line-111-Sao_Paulo-242-2038937-36419271-0,5.1,-23.705854625,-46.700533875,,,,1,2023-06-19T16:58:25+00:00
SAO_374M-10,São Paulo,3550308,True,,34733,,,-23.48555,-46.48161125,,,,2,2023-06-19T16:53:13+00:00
SAO_374M-10,São Paulo,3550308,True,,34733,,,-23.48555,-46.48161125,,,,2,2023-06-19T16:58:43+00:00
SAO_374M-10,São Paulo,3550308,True,,34733,,,-23.537397499999997,-46.4843015,,,,2,2023-06-19T16:58:34+00:00
SAO_374M-10,São Paulo,3550308,True,,34733,,,-23.519088,-46.511860999999996,,,,2,2023-06-19T16:50:21+00:00
SAO_978J-10,São Paulo,3550308,True,,33359,,,-23.437067499999998,-46.740057500000006,,,,2,2023-06-19T16:58:42+00:00
SAO_978J-10,São Paulo,3550308,True,,33359,,,-23.4484965,-46.7348955,,,,2,2023-06-19T16:58:51+00:00
SAO_978J-10,São Paulo,3550308,True,,33359,,,-23.437015000000002,-46.740024000000005,,,,2,2023-06-19T16:58:26+00:00
SAO_978J-10,São Paulo,3550308,True,,33359,,,-23.436899500000003,-46.739963,,,,2,2023-06-19T16:58:37+00:00
SAO_978J-10,São Paulo,3550308,True,,33359,,,-23.436899500000003,-46.739963,,,,2,2023-06-19T16:58:54+00:00
SAO_978J-10,São Paulo,3550308,True,,33359,,,-23.521898,-46.6975245,,,,2,2023-06-19T16:58:23+00:00
SAO_9191-10,São Paulo,3550308,True,EMTU,810,https://moovitapp.com/index/pt-br/transporte_p%C3%BAblico-line-810-Sao_Paulo-242-2038937-36419585-0,5.4,-23.455891,-46.678366,,,,1,2023-06-19T16:58:26+00:00
SAO_9191-10,São Paulo,3550308,True,EMTU,810,https://moovitapp.com/index/pt-br/transporte_p%C3%BAblico-line-810-Sao_Paulo-242-2038937-36419585-0,5.4,-23.4562275,-46.680201,,,,1,2023-06-19T16:58:43+00:00
SAO_9191-10,São Paulo,3550308,True,EMTU,810,https://moovitapp.com/index/pt-br/transporte_p%C3%BAblico-line-810-Sao_Paulo-242-2038937-36419585-0,5.4,-23.495641749999997,-46.68201625,,,,1,2023-06-19T16:58:07+00:00
SAO_9191-10,São Paulo,3550308,True,EMTU,810,https://moovitapp.com/index/pt-br/transporte_p%C3%BAblico-line-810-Sao_Paulo-242-2038937-36419585-0,5.4,-23.482534,-46.673386,,,,1,2023-06-19T16:58:26+00:00
SAO_9191-10,São Paulo,3550308,True,EMTU,810,https://moovitapp.com/index/pt-br/transporte_p%C3%BAblico-line-810-Sao_Paulo-242-2038937-36419585-0,5.4,-23.460632,-46.671310000000005,,,,1,2023-06-19T16:58:16+00:00
SAO_9191-10,São Paulo,3550308,True,EMTU,810,https://moovitapp.com/index/pt-br/transporte_p%C3%BAblico-line-810-Sao_Paulo-242-2038937-36419585-0,5.4,-23.526645000000002,-46.652479,,,,1,2023-06-19T16:58:46+00:00
SAO_9191-10,São Paulo,3550308,True,EMTU,810,https://moovitapp.com/index/pt-br/transporte_p%C3%BAblico-line-810-Sao_Paulo-242-2038937-36419585-0,5.4,-23.524528,-46.665537,,,,1,2023-06-19T16:58:15+00:00
SAO_9191-10,São Paulo,3550308,True,EMTU,810,https://moovitapp.com/index/pt-br/transporte_p%C3%BAblico-line-810-Sao_Paulo-242-2038937-36419585-0,5.4,-23.508198125,-46.666417,,,,1,2023-06-19T16:58:33+00:00
SAO_1709-10,São Paulo,3550308,True,,33619,,,-23.440907,-46.5816925,,,,2,2023-06-19T16:57:48+00:00
SAO_1709-10,São Paulo,3550308,True,,33619,,,-23.440907,-46.5816925,,,,2,2023-06-19T16:56:32+00:00
SAO_1709-10,São Paulo,3550308,True,,33619,,,-23.4410095,-46.581755,,,,2,2023-06-19T16:58:44+00:00
SAO_1709-10,São Paulo,3550308,True,,33619,,,-23.4583385,-46.6024095,,,,2,2023-06-19T16:57:03+00:00
SAO_1709-10,São Paulo,3550308,True,,33619,,,-23.4757495,-46.603131,,,,2,2023-06-19T16:57:22+00:00
SAO_1709-10,São Paulo,3550308,True,,33619,,,-23.4583385,-46.6024095,,,,2,2023-06-19T16:55:13+00:00
SAO_1709-10,São Paulo,3550308,True,,33619,,,-23.4441645,-46.5921225,,,,2,2023-06-19T16:58:27+00:00
SAO_1709-10,São Paulo,3550308,True,,33619,,,-23.4441645,-46.5921225,,,,2,2023-06-19T16:58:32+00:00
SAO_1722-10,São Paulo,3550308,True,,33632,,,-23.476006875,-46.66992125,,,,2,2023-06-19T16:58:34+00:00
SAO_1722-10,São Paulo,3550308,True,,33632,,,-23.482122250000003,-46.671637000000004,,,,2,2023-06-19T16:58:46+00:00
SAO_1722-10,São Paulo,3550308,True,,33632,,,-23.482091500000003,-46.671369,,,,2,2023-06-19T16:58:24+00:00
SAO_1722-10,São Paulo,3550308,True,,33632,,,-23.482091500000003,-46.671369,,,,2,2023-06-19T16:58:11+00:00
SAO_1722-10,São Paulo,3550308,True,,33632,,,-23.465017500000002,-46.633625,,,,2,2023-06-19T16:58:09+00:00
SAO_1722-10,São Paulo,3550308,True,,33632,,,-23.482274500000003,-46.6728875,,,,2,2023-06-19T16:58:17+00:00
SAO_1722-10,São Paulo,3550308,True,,33632,,,-23.461193,-46.628427,,,,2,2023-06-19T16:57:39+00:00
SAO_1722-10,São Paulo,3550308,True,,33632,,,-23.460388000000002,-46.621162,,,,2,2023-06-19T16:58:49+00:00
SAO_1722-10,São Paulo,3550308,True,,33632,,,-23.45634175,-46.592554,,,,2,2023-06-19T16:55:38+00:00
SAO_1722-10,São Paulo,3550308,True,,33632,,,-23.4672365,-46.586195000000004,,,,2,2023-06-19T16:58:46+00:00
SAO_1722-10,São Paulo,3550308,True,,33632,,,-23.4798095,-46.601954500000005,,,,2,2023-06-19T16:58:37+00:00
SAO_1156-10,São Paulo,3550308,True,,659,,,-23.5218705,-46.6114585,,,,1,2023-06-19T16:58:23+00:00
SAO_1156-10,São Paulo,3550308,True,,659,,,-23.51832975,-46.6277295,,,,1,2023-06-19T16:58:32+00:00
SAO_1156-10,São Paulo,3550308,True,,659,,,-23.5064285,-46.5902995,,,,1,2023-06-19T16:58:44+00:00
SAO_1156-10,São Paulo,3550308,True,,659,,,-23.538022249999997,-46.63463625,,,,1,2023-06-19T16:58:49+00:00
SAO_1156-10,São Paulo,3550308,True,,659,,,-23.486799,-46.568068,,,,1,2023-06-19T16:56:39+00:00
SAO_1156-10,São Paulo,3550308,True,,659,,,-23.486708,-46.568445499999996,,,,1,2023-06-19T16:58:13+00:00
SAO_3064-10,São Paulo,3550308,True,,33748,,,-23.56257475,-46.4166955,,,,2,2023-06-19T16:58:28+00:00
SAO_3064-10,São Paulo,3550308,True,,33748,,,-23.581162250000002,-46.410831,,,,2,2023-06-19T16:58:26+00:00
SAO_3064-10,São Paulo,3550308,True,,33748,,,-23.594637,-46.40578175,,,,2,2023-06-19T16:55:15+00:00
SAO_3064-10,São Paulo,3550308,True,,33748,,,-23.546202,-46.4114785,,,,2,2023-06-19T16:58:48+00:00
SAO_1206-10,São Paulo,3550308,True,EMTU,842,https://moovitapp.com/index/pt-br/transporte_p%C3%BAblico-line-842-Sao_Paulo-242-2038937-36419605-0,7.15,-23.540775625,-46.63657225,,,,1,2023-06-19T16:58:30+00:00
SAO_1206-10,São Paulo,3550308,True,EMTU,842,https://moovitapp.com/index/pt-br/transporte_p%C3%BAblico-line-842-Sao_Paulo-242-2038937-36419605-0,7.15,-23.525511,-46.582731,,,,1,2023-06-19T16:58:37+00:00
SAO_1206-10,São Paulo,3550308,True,EMTU,842,https://moovitapp.com/index/pt-br/transporte_p%C3%BAblico-line-842-Sao_Paulo-242-2038937-36419605-0,7.15,-23.52900675,-46.60220075,,,,1,2023-06-19T16:58:19+00:00
SAO_1206-10,São Paulo,3550308,True,EMTU,842,https://moovitapp.com/index/pt-br/transporte_p%C3%BAblico-line-842-Sao_Paulo-242-2038937-36419605-0,7.15,-23.525511,-46.582731,,,,1,2023-06-19T16:58:42+00:00
SAO_1206-10,São Paulo,3550308,True,EMTU,842,https://moovitapp.com/index/pt-br/transporte_p%C3%BAblico-line-842-Sao_Paulo-242-2038937-36419605-0,7.15,-23.543464999999998,-46.619432,,,,1,2023-06-19T16:58:26+00:00
SAO_2088-10,São Paulo,3550308,True,EMTU,372,https://moovitapp.com/index/pt-br/transporte_p%C3%BAblico-line-372-Sao_Paulo-242-2038937-36419447-0,4.9,-23.49527875,-46.431802250000004,,,,1,2023-06-19T16:58:16+00:00
SAO_2088-10,São Paulo,3550308,True,EMTU,372,https://moovitapp.com/index/pt-br/transporte_p%C3%BAblico-line-372-Sao_Paulo-242-2038937-36419447-0,4.9,-23.485938875000002,-46.380476,,,,1,2023-06-19T16:56:11+00:00
SAO_351F-10,São Paulo,3550308,True,,687,,,-23.56804425,-46.523388,,,,1,2023-06-19T16:58:32+00:00
SAO_351F-10,São Paulo,3550308,True,,687,,,-23.561916,-46.552476999999996,,,,1,2023-06-19T16:58:35+00:00
SAO_351F-10,São Paulo,3550308,True,,687,,,-23.5379493125,-46.602249,,,,1,2023-06-19T16:58:14+00:00
SAO_351F-10,São Paulo,3550308,True,,687,,,-23.5579695,-46.522496000000004,,,,1,2023-06-19T16:58:24+00:00
SAO_351F-10,São Paulo,3550308,True,,687,,,-23.4755235,-46.57064425,,,,1,2023-06-19T16:58:48+00:00
SAO_8038-10,São Paulo,3550308,True,,33565,,,-23.53488225,-46.76081775,,,,2,2023-06-19T16:58:12+00:00
SAO_8038-10,São Paulo,3550308,True,,33565,,,-23.53488225,-46.76081775,,,,2,2023-06-19T16:58:37+00:00
SAO_8038-10,São Paulo,3550308,True,,33565,,,-23.536278125000003,-46.73269625,,,,2,2023-06-19T16:58:21+00:00
SAO_8038-10,São Paulo,3550308,True,,33565,,,-23.542448999999998,-46.744969,,,,2,2023-06-19T16:58:37+00:00
SAO_8038-10,São Paulo,3550308,True,,33565,,,-23.54291425,-46.75683975,,,,2,2023-06-19T16:58:34+00:00
SAO_8038-10,São Paulo,3550308,True,,33565,,,-23.5192465,-46.7041905,,,,2,2023-06-19T16:58:48+00:00
SAO_8038-10,São Paulo,3550308,True,,33565,,,-23.521752,-46.7185675,,,,2,2023-06-19T16:58:29+00:00
SAO_8038-10,São Paulo,3550308,True,,33565,,,-23.5351485,-46.760891,,,,2,2023-06-19T16:58:42+00:00
SAO_609J-10,São Paulo,3550308,True,,2242,,,-23.625718499999998,-46.6407605,,,,1,2023-06-19T16:58:47+00:00
SAO_648P-10,São Paulo,3550308,True,,66,,,-23.6545265,-46.762821,,,,1,2023-06-19T16:58:45+00:00
SAO_648P-10,São Paulo,3550308,True,,66,,,-23.565859,-46.7013775,,,,1,2023-06-19T16:58:25+00:00
SAO_648P-10,São Paulo,3550308,True,,66,,,-23.59055825,-46.68854449999999,,,,1,2023-06-19T16:58:35+00:00
SAO_648P-10,São Paulo,3550308,True,,66,,,-23.6545265,-46.762821,,,,1,2023-06-19T16:58:18+00:00
SAO_648P-10,São Paulo,3550308,True,,66,,,-23.642647375000003,-46.715788499999995,,,,1,2023-06-19T16:58:19+00:00
SAO_2079-10,São Paulo,3550308,True,,370,,,-23.516762,-46.384977500000005,,,,1,2023-06-19T16:58:34+00:00
SAO_2079-10,São Paulo,3550308,True,,370,,,-23.516762,-46.384977500000005,,,,1,2023-06-19T16:54:40+00:00
SAO_2079-10,São Paulo,3550308,True,,370,,,-23.516762,-46.384977500000005,,,,1,2023-06-19T16:58:14+00:00
SAO_6824-10,São Paulo,3550308,True,BR7 Mobilidade,23,https://moovitapp.com/index/pt-br/transporte_p%C3%BAblico-line-23-Sao_Paulo-242-851856-518590-0,5.75,-23.673658500000002,-46.791049,,,,1,2023-06-19T16:58:40+00:00
SAO_6824-10,São Paulo,3550308,True,BR7 Mobilidade,23,https://moovitapp.com/index/pt-br/transporte_p%C3%BAblico-line-23-Sao_Paulo-242-851856-518590-0,5.75,-23.658478000000002,-46.765071,,,,1,2023-06-19T16:58:45+00:00
SAO_6824-10,São Paulo,3550308,True,BR7 Mobilidade,23,https://moovitapp.com/index/pt-br/transporte_p%C3%BAblico-line-23-Sao_Paulo-242-851856-518590-0,5.75,-23.6682095,-46.7927655,,,,1,2023-06-19T16:58:46+00:00
SAO_3773-10,São Paulo,3550308,True,,1059,,,-23.615671,-46.4641235,,,,1,2023-06-19T16:58:32+00:00
SAO_3773-10,São Paulo,3550308,True,,1059,,,-23.5969525,-46.474717874999996,,,,1,2023-06-19T16:58:40+00:00
SAO_3773-10,São Paulo,3550308,True,,1059,,,-23.535632,-46.54746475,,,,1,2023-06-19T16:58:54+00:00
SAO_3773-10,São Paulo,3550308,True,,1059,,,-23.615941999999997,-46.464735000000005,,,,1,2023-06-19T16:58:50+00:00
SAO_3773-10,São Paulo,3550308,True,,1059,,,-23.537936375,-46.563649125,,,,1,2023-06-19T16:58:16+00:00
SAO_3773-10,São Paulo,3550308,True,,1059,,,-23.615671,-46.4641235,,,,1,2023-06-19T16:58:27+00:00
SAO_3773-10,São Paulo,3550308,True,,1059,,,-23.615941999999997,-46.464735000000005,,,,1,2023-06-19T16:58:39+00:00
SAO_3773-10,São Paulo,3550308,True,,1059,,,-23.583108,-46.491926500000005,,,,1,2023-06-19T16:58:36+00:00
SAO_3773-10,São Paulo,3550308,True,,1059,,,-23.615941999999997,-46.464735000000005,,,,1,2023-06-19T16:58:54+00:00
SAO_2727-10,São Paulo,3550308,True,,942,,,-23.536247000000003,-46.47459,,,,1,2023-06-19T16:58:49+00:00
SAO_2727-10,São Paulo,3550308,True,,942,,,-23.526246,-46.464134,,,,1,2023-06-19T16:58:50+00:00
SAO_3778-10,São Paulo,3550308,True,,33830,,,-23.570196000000003,-46.486959999999996,,,,2,2023-06-19T16:58:38+00:00
SAO_3778-10,São Paulo,3550308,True,,33830,,,-23.576908,-46.491548,,,,2,2023-06-19T16:58:42+00:00
SAO_3778-10,São Paulo,3550308,True,,33830,,,-23.570103,-46.486686,,,,2,2023-06-19T16:58:26+00:00
SAO_3778-10,São Paulo,3550308,True,,33830,,,-23.5577185,-46.5233075,,,,2,2023-06-19T16:58:37+00:00
SAO_3778-10,São Paulo,3550308,True,,33830,,,-23.543046499999996,-46.54895075,,,,2,2023-06-19T16:58:34+00:00
SAO_3778-10,São Paulo,3550308,True,,33830,,,-23.570335,-46.507471374999994,,,,2,2023-06-19T16:58:42+00:00
SAO_3778-10,São Paulo,3550308,True,,33830,,,-23.570334,-46.487399499999995,,,,2,2023-06-19T16:58:42+00:00
SAO_6014-10,São Paulo,3550308,True,,188,,,-23.7420645,-46.8001675,,,,1,2023-06-19T16:58:42+00:00
SAO_6014-10,São Paulo,3550308,True,,188,,,-23.665815000000002,-46.7117615,,,,1,2023-06-19T16:56:43+00:00
SAO_6014-10,São Paulo,3550308,True,,188,,,-23.7005065,-46.781556,,,,1,2023-06-19T16:58:22+00:00
SAO_6014-10,São Paulo,3550308,True,,188,,,-23.7420645,-46.8001675,,,,1,2023-06-19T16:58:39+00:00
SAO_6014-10,São Paulo,3550308,True,,188,,,-23.7420645,-46.8001675,,,,1,2023-06-19T16:58:16+00:00
SAO_6014-10,São Paulo,3550308,True,,188,,,-23.667816000000002,-46.7312965,,,,1,2023-06-19T16:58:32+00:00
SAO_6014-10,São Paulo,3550308,True,,188,,,-23.7277955,-46.7863145,,,,1,2023-06-19T16:58:44+00:00
SAO_4093-10,São Paulo,3550308,True,,35216,,,-23.5919765,-46.4034575,,,,2,2023-06-19T16:55:14+00:00
SAO_4093-10,São Paulo,3550308,True,,35216,,,-23.588362874999998,-46.405933125,,,,2,2023-06-19T16:58:44+00:00
SAO_4093-10,São Paulo,3550308,True,,35216,,,-23.589592500000002,-46.395328,,,,2,2023-06-19T16:58:04+00:00
SAO_4093-10,São Paulo,3550308,True,,35216,,,-23.590045500000002,-46.3950825,,,,2,2023-06-19T16:58:26+00:00
SAO_4093-10,São Paulo,3550308,True,,35216,,,-23.5829095,-46.408221499999996,,,,2,2023-06-19T16:58:11+00:00
SAO_271F-10,São Paulo,3550308,True,,683,,,-23.5416595,-46.58983475,,,,1,2023-06-19T16:58:46+00:00
SAO_271F-10,São Paulo,3550308,True,,683,,,-23.509932625,-46.61561125,,,,1,2023-06-19T16:58:28+00:00
SAO_6059-10,São Paulo,3550308,True,,1226,,,-23.633264500000003,-46.71235125,,,,1,2023-06-19T16:58:40+00:00
SAO_6059-10,São Paulo,3550308,True,,1226,,,-23.679257,-46.740303,,,,1,2023-06-19T16:58:45+00:00
SAO_6059-10,São Paulo,3550308,True,,1226,,,-23.680342,-46.743466,,,,1,2023-06-19T16:58:47+00:00
SAO_6059-10,São Paulo,3550308,True,,1226,,,-23.680342,-46.743466,,,,1,2023-06-19T16:58:46+00:00
SAO_6059-10,São Paulo,3550308,True,,1226,,,-23.651588500000003,-46.7004215,,,,1,2023-06-19T16:58:44+00:00
SAO_3414-10,São Paulo,3550308,True,,33514,,,-23.5444115,-46.5216465,,,,2,2023-06-19T16:58:54+00:00
SAO_3414-10,São Paulo,3550308,True,,33514,,,-23.5444935,-46.52148699999999,,,,2,2023-06-19T16:58:40+00:00
SAO_3414-10,São Paulo,3550308,True,,33514,,,-23.537321249999998,-46.559848625,,,,2,2023-06-19T16:58:23+00:00
SAO_3414-10,São Paulo,3550308,True,,33514,,,-23.541942499999998,-46.5232755,,,,2,2023-06-19T16:58:11+00:00
SAO_3736-10,São Paulo,3550308,True,,33804,,,-23.5761605,-46.48341425,,,,2,2023-06-19T16:58:29+00:00
SAO_3736-10,São Paulo,3550308,True,,33804,,,-23.5761605,-46.48341425,,,,2,2023-06-19T16:58:14+00:00
SAO_3736-10,São Paulo,3550308,True,,33804,,,-23.5758665,-46.4834185,,,,2,2023-06-19T16:58:49+00:00
SAO_3736-10,São Paulo,3550308,True,,33804,,,-23.5542825,-46.481196999999995,,,,2,2023-06-19T16:58:32+00:00
SAO_3736-10,São Paulo,3550308,True,,33804,,,-23.546042999999997,-46.483577499999996,,,,2,2023-06-19T16:58:33+00:00
SAO_3736-10,São Paulo,3550308,True,,33804,,,-23.576112625,-46.481608625,,,,2,2023-06-19T16:58:17+00:00
SAO_736G-10,São Paulo,3550308,True,,780,,,-23.632856500000003,-46.747603999999995,,,,1,2023-06-19T16:58:37+00:00
SAO_736G-10,São Paulo,3550308,True,,780,,,-23.642553499999998,-46.739124000000004,,,,1,2023-06-19T16:58:22+00:00
SAO_736G-10,São Paulo,3550308,True,,780,,,-23.632856500000003,-46.747603999999995,,,,1,2023-06-19T16:58:29+00:00
SAO_736G-10,São Paulo,3550308,True,,780,,,-23.632856500000003,-46.747603999999995,,,,1,2023-06-19T16:58:18+00:00
SAO_736G-10,São Paulo,3550308,True,,780,,,-23.632856500000003,-46.747603999999995,,,,1,2023-06-19T16:58:30+00:00
SAO_736G-10,São Paulo,3550308,True,,780,,,-23.618498,-46.6995595,,,,1,2023-06-19T16:58:16+00:00
SAO_172P-10,São Paulo,3550308,True,,33626,,,-23.43757025,-46.56626125,,,,2,2023-06-19T16:58:44+00:00
SAO_172P-10,São Paulo,3550308,True,,33626,,,-23.4492635,-46.5886495,,,,2,2023-06-19T16:58:19+00:00
SAO_172P-10,São Paulo,3550308,True,,33626,,,-23.43757025,-46.56626125,,,,2,2023-06-19T16:58:29+00:00
SAO_172P-10,São Paulo,3550308,True,,33626,,,-23.4378765,-46.5662585,,,,2,2023-06-19T16:58:10+00:00
SAO_172P-10,São Paulo,3550308,True,,33626,,,-23.540903500000002,-46.5894725,,,,2,2023-06-19T16:58:17+00:00
SAO_172P-10,São Paulo,3550308,True,,33626,,,-23.4424695,-46.589804,,,,2,2023-06-19T16:58:53+00:00
SAO_172P-10,São Paulo,3550308,True,,33626,,,-23.470169,-46.5730855,,,,2,2023-06-19T16:58:43+00:00
SAO_172P-10,São Paulo,3550308,True,,33626,,,-23.502634,-46.591027999999994,,,,2,2023-06-19T16:58:42+00:00
SAO_172P-10,São Paulo,3550308,True,,33626,,,-23.4419105,-46.588513500000005,,,,2,2023-06-19T16:58:03+00:00
SAO_172P-10,São Paulo,3550308,True,,33626,,,-23.447532000000002,-46.5891515,,,,2,2023-06-19T16:58:22+00:00
SAO_172P-10,São Paulo,3550308,True,,33626,,,-23.448738,-46.588122,,,,2,2023-06-19T16:58:47+00:00
SAO_172P-10,São Paulo,3550308,True,,33626,,,-23.479855,-46.5817945,,,,2,2023-06-19T16:58:20+00:00
SAO_172P-10,São Paulo,3550308,True,,33626,,,-23.438252,-46.566261,,,,2,2023-06-19T16:58:52+00:00
SAO_8050-10,São Paulo,3550308,True,,33180,,,-23.509723,-46.729178000000005,,,,2,2023-06-19T16:58:35+00:00
SAO_8050-10,São Paulo,3550308,True,,33180,,,-23.442098,-46.791021,,,,2,2023-06-19T16:58:42+00:00
SAO_8050-10,São Paulo,3550308,True,,33180,,,-23.42338075,-46.789095,,,,2,2023-06-19T16:58:25+00:00
SAO_8050-10,São Paulo,3550308,True,,33180,,,-23.442098,-46.791021,,,,2,2023-06-19T16:58:17+00:00
SAO_8050-10,São Paulo,3550308,True,,33180,,,-23.5193455,-46.702147,,,,2,2023-06-19T16:58:44+00:00
SAO_8050-10,São Paulo,3550308,True,,33180,,,-23.442029499999997,-46.790817000000004,,,,2,2023-06-19T16:58:53+00:00
SAO_1788-10,São Paulo,3550308,True,,33421,,,-23.486386500000002,-46.6171475,,,,2,2023-06-19T16:58:30+00:00
SAO_1788-10,São Paulo,3550308,True,,33421,,,-23.443562,-46.5900395,,,,2,2023-06-19T16:58:47+00:00
SAO_1788-10,São Paulo,3550308,True,,33421,,,-23.430906,-46.574909,,,,2,2023-06-19T16:58:24+00:00
SAO_1788-10,São Paulo,3550308,True,,33421,,,-23.430848,-46.5747845,,,,2,2023-06-19T16:58:21+00:00
SAO_1788-10,São Paulo,3550308,True,,33421,,,-23.430882500000003,-46.574838,,,,2,2023-06-19T16:58:43+00:00
SAO_1788-10,São Paulo,3550308,True,,33421,,,-23.430656,-46.575369499999994,,,,2,2023-06-19T16:58:18+00:00
SAO_9301-10,São Paulo,3550308,True,,33226,,,-23.5024545,-46.6587095,,,,2,2023-06-19T16:58:37+00:00
SAO_9301-10,São Paulo,3550308,True,,33226,,,-23.495928,-46.662061,,,,2,2023-06-19T16:58:21+00:00
SAO_2711-10,São Paulo,3550308,True,,925,,,-23.513484249999998,-46.493828,,,,1,2023-06-19T16:58:10+00:00
SAO_2711-10,São Paulo,3550308,True,,925,,,-23.529722,-46.500626,,,,1,2023-06-19T16:58:36+00:00
SAO_3033-10,São Paulo,3550308,True,,968,,,-23.554762,-46.401109500000004,,,,1,2023-06-19T16:58:51+00:00
SAO_3033-10,São Paulo,3550308,True,,968,,,-23.6109595,-46.4745,,,,1,2023-06-19T16:58:16+00:00
SAO_3033-10,São Paulo,3550308,True,,968,,,-23.597557000000002,-46.457648500000005,,,,1,2023-06-19T16:58:28+00:00
SAO_3033-10,São Paulo,3550308,True,,968,,,-23.605751499999997,-46.471377000000004,,,,1,2023-06-19T16:58:45+00:00
SAO_3033-10,São Paulo,3550308,True,,968,,,-23.5941165,-46.419376,,,,1,2023-06-19T16:58:52+00:00
SAO_3033-10,São Paulo,3550308,True,,968,,,-23.610867499999998,-46.4746765,,,,1,2023-06-19T16:57:39+00:00
SAO_3033-10,São Paulo,3550308,True,,968,,,-23.6109595,-46.4745,,,,1,2023-06-19T16:54:53+00:00
SAO_3033-10,São Paulo,3550308,True,,968,,,-23.54732,-46.40884175,,,,1,2023-06-19T16:56:26+00:00
SAO_7011-10,São Paulo,3550308,True,,1952,,,-23.694025000000003,-46.7826465,,,,1,2023-06-19T16:58:29+00:00
SAO_7011-10,São Paulo,3550308,True,,1952,,,-23.7087205,-46.792103499999996,,,,1,2023-06-19T16:58:49+00:00
SAO_7011-10,São Paulo,3550308,True,,1952,,,-23.6848355,-46.7700415,,,,1,2023-06-19T16:58:43+00:00
SAO_4113-10,São Paulo,3550308,True,,768,,,-23.576935,-46.6231925,,,,1,2023-06-19T16:58:36+00:00
SAO_4113-10,São Paulo,3550308,True,,768,,,-23.60155975,-46.612840250000005,,,,1,2023-06-19T16:58:29+00:00
SAO_4113-10,São Paulo,3550308,True,,768,,,-23.596523374999997,-46.60975325,,,,1,2023-06-19T16:58:12+00:00
SAO_4113-10,São Paulo,3550308,True,,768,,,-23.60181325,-46.61281475,,,,1,2023-06-19T16:58:51+00:00
SAO_4113-10,São Paulo,3550308,True,,768,,,-23.60155975,-46.612840250000005,,,,1,2023-06-19T16:58:32+00:00
SAO_4113-10,São Paulo,3550308,True,,768,,,-23.60155975,-46.612840250000005,,,,1,2023-06-19T16:58:35+00:00
SAO_4113-10,São Paulo,3550308,True,,768,,,-23.55779175,-46.63296075,,,,1,2023-06-19T16:58:26+00:00
SAO_4113-10,São Paulo,3550308,True,,768,,,-23.60181325,-46.61281475,,,,1,2023-06-19T16:58:37+00:00
SAO_4113-10,São Paulo,3550308,True,,768,,,-23.60155975,-46.612840250000005,,,,1,2023-06-19T16:58:13+00:00
SAO_4113-10,São Paulo,3550308,True,,768,,,-23.60155975,-46.612840250000005,,,,1,2023-06-19T16:57:46+00:00
SAO_4113-10,São Paulo,3550308,True,,768,,,-23.546547124999996,-46.637947499999996,,,,1,2023-06-19T16:58:47+00:00
SAO_4113-10,São Paulo,3550308,True,,768,,,-23.60206675,-46.612789250000006,,,,1,2023-06-19T16:58:52+00:00
SAO_4113-10,São Paulo,3550308,True,,768,,,-23.58335175,-46.612286125,,,,1,2023-06-19T16:58:38+00:00
SAO_4113-10,São Paulo,3550308,True,,768,,,-23.60155975,-46.612840250000005,,,,1,2023-06-19T16:58:31+00:00
SAO_4114-10,São Paulo,3550308,True,,33089,,,-23.611375000000002,-46.62250025,,,,2,2023-06-19T16:58:48+00:00
SAO_4114-10,São Paulo,3550308,True,,33089,,,-23.575388500000003,-46.6296035,,,,2,2023-06-19T16:58:43+00:00
SAO_8542-21,São Paulo,3550308,True,,1361,,,-23.4726725,-46.678486,,,,1,2023-06-19T16:58:32+00:00
SAO_8542-21,São Paulo,3550308,True,,1361,,,-23.515063249999997,-46.697489250000004,,,,1,2023-06-19T16:58:34+00:00
SAO_8542-21,São Paulo,3550308,True,,1361,,,-23.4671345,-46.694886999999994,,,,1,2023-06-19T16:58:48+00:00
SAO_7001-10,São Paulo,3550308,True,,34490,,,-23.7240295,-46.764289500000004,,,,2,2023-06-19T16:58:44+00:00
SAO_7001-10,São Paulo,3550308,True,,34490,,,-23.7243085,-46.754826,,,,2,2023-06-19T16:57:12+00:00
SAO_7001-10,São Paulo,3550308,True,,34490,,,-23.698557,-46.779469000000006,,,,2,2023-06-19T16:58:48+00:00
SAO_3728-10,São Paulo,3550308,True,,1025,,,-23.5420065,-46.483900500000004,,,,1,2023-06-19T16:58:27+00:00
SAO_3728-10,São Paulo,3550308,True,,1025,,,-23.555161,-46.492176,,,,1,2023-06-19T16:58:26+00:00
SAO_3728-10,São Paulo,3550308,True,,1025,,,-23.567938499999997,-46.491296000000006,,,,1,2023-06-19T16:58:18+00:00
SAO_3728-10,São Paulo,3550308,True,,1025,,,-23.54438,-46.487562499999996,,,,1,2023-06-19T16:58:36+00:00
SAO_6002-10,São Paulo,3550308,True,,34747,,,-23.70916425,-46.69858725,,,,2,2023-06-19T16:58:45+00:00
SAO_6002-10,São Paulo,3550308,True,,34747,,,-23.703379499999997,-46.688385,,,,2,2023-06-19T16:58:25+00:00
SAO_6002-10,São Paulo,3550308,True,,34747,,,-23.682821875000002,-46.679377375,,,,2,2023-06-19T16:58:26+00:00
SAO_6072-23,São Paulo,3550308,True,,2004,,,-23.767591,-46.7163045,,,,1,2023-06-19T16:58:48+00:00
SAO_6072-23,São Paulo,3550308,True,,2004,,,-23.767591,-46.7163045,,,,1,2023-06-19T16:58:26+00:00
SAO_6072-23,São Paulo,3550308,True,,2004,,,-23.767194,-46.716251,,,,1,2023-06-19T16:58:51+00:00
SAO_6072-23,São Paulo,3550308,True,,2004,,,-23.767591,-46.7163045,,,,1,2023-06-19T16:58:55+00:00
SAO_6072-23,São Paulo,3550308,True,,2004,,,-23.767591,-46.7163045,,,,1,2023-06-19T16:58:47+00:00
SAO_6072-23,São Paulo,3550308,True,,2004,,,-23.767591,-46.7163045,,,,1,2023-06-19T16:58:18+00:00
SAO_6072-23,São Paulo,3550308,True,,2004,,,-23.767591,-46.7163045,,,,1,2023-06-19T16:58:43+00:00
SAO_6072-23,São Paulo,3550308,True,,2004,,,-23.767591,-46.7163045,,,,1,2023-06-19T16:58:52+00:00
SAO_546T-10,São Paulo,3550308,True,,33040,,,-23.704028,-46.626031499999996,,,,2,2023-06-19T16:58:46+00:00
SAO_546T-10,São Paulo,3550308,True,,33040,,,-23.699709249999998,-46.642551,,,,2,2023-06-19T16:58:24+00:00
SAO_546T-10,São Paulo,3550308,True,,33040,,,-23.704141,-46.627005,,,,2,2023-06-19T16:58:11+00:00
SAO_546T-10,São Paulo,3550308,True,,33040,,,-23.6733205,-46.686609000000004,,,,2,2023-06-19T16:58:15+00:00
SAO_546T-10,São Paulo,3550308,True,,33040,,,-23.704148,-46.6268695,,,,2,2023-06-19T16:58:20+00:00
SAO_546T-10,São Paulo,3550308,True,,33040,,,-23.703992,-46.627071,,,,2,2023-06-19T16:58:26+00:00
SAO_546T-10,São Paulo,3550308,True,,33040,,,-23.652103750000002,-46.70216125,,,,2,2023-06-19T16:58:52+00:00
SAO_546T-10,São Paulo,3550308,True,,33040,,,-23.7036385,-46.627480000000006,,,,2,2023-06-19T16:58:48+00:00
SAO_546T-10,São Paulo,3550308,True,,33040,,,-23.68187725,-46.68235475,,,,2,2023-06-19T16:58:47+00:00
SAO_546T-10,São Paulo,3550308,True,,33040,,,-23.7036385,-46.627480000000006,,,,2,2023-06-19T16:58:41+00:00
SAO_546T-10,São Paulo,3550308,True,,33040,,,-23.7041255,-46.6268,,,,2,2023-06-19T16:58:08+00:00
SAO_546T-10,São Paulo,3550308,True,,33040,,,-23.6849505,-46.680904,,,,2,2023-06-19T16:58:17+00:00
SAO_546T-10,São Paulo,3550308,True,,33040,,,-23.696272999999998,-46.649910500000004,,,,2,2023-06-19T16:58:35+00:00
SAO_546T-10,São Paulo,3550308,True,,33040,,,-23.697448,-46.6487755,,,,2,2023-06-19T16:58:14+00:00
SAO_2033-10,São Paulo,3550308,True,,35267,,,-23.496143500000002,-46.572174,,,,2,2023-06-19T16:56:40+00:00
SAO_2033-10,São Paulo,3550308,True,,35267,,,-23.518244125000002,-46.589543,,,,2,2023-06-19T16:58:29+00:00
SAO_2033-10,São Paulo,3550308,True,,35267,,,-23.486996,-46.568324000000004,,,,2,2023-06-19T16:58:42+00:00
SAO_2033-10,São Paulo,3550308,True,,35267,,,-23.4872685,-46.568211500000004,,,,2,2023-06-19T16:57:02+00:00
SAO_875H-10,São Paulo,3550308,True,,1340,,,-23.55217,-46.679386,,,,1,2023-06-19T16:58:39+00:00
SAO_875H-10,São Paulo,3550308,True,,1340,,,-23.5890045,-46.635279999999995,,,,1,2023-06-19T16:58:45+00:00
SAO_875H-10,São Paulo,3550308,True,,1340,,,-23.53036,-46.6774845,,,,1,2023-06-19T16:58:11+00:00
SAO_875H-10,São Paulo,3550308,True,,1340,,,-23.525014749999997,-46.6859635,,,,1,2023-06-19T16:58:46+00:00
SAO_875H-10,São Paulo,3550308,True,,1340,,,-23.567344,-46.6494795,,,,1,2023-06-19T16:58:49+00:00
SAO_875H-10,São Paulo,3550308,True,,1340,,,-23.523928374999997,-46.695366750000005,,,,1,2023-06-19T16:58:28+00:00
SAO_875H-10,São Paulo,3550308,True,,1340,,,-23.519885000000002,-46.700064999999995,,,,1,2023-06-19T16:58:15+00:00
SAO_6034-10,São Paulo,3550308,True,,32863,,,-23.747656499999998,-46.6691325,,,,2,2023-06-19T16:58:38+00:00
SAO_6034-10,São Paulo,3550308,True,,32863,,,-23.747656499999998,-46.6691325,,,,2,2023-06-19T16:58:43+00:00
SAO_6034-10,São Paulo,3550308,True,,32863,,,-23.753507,-46.6862175,,,,2,2023-06-19T16:58:45+00:00
SAO_6034-10,São Paulo,3550308,True,,32863,,,-23.747656499999998,-46.6691325,,,,2,2023-06-19T16:58:18+00:00
SAO_6034-10,São Paulo,3550308,True,,32863,,,-23.747656499999998,-46.6691325,,,,2,2023-06-19T16:58:19+00:00
SAO_6034-10,São Paulo,3550308,True,,32863,,,-23.747175,-46.6693765,,,,2,2023-06-19T16:58:42+00:00
SAO_1206-10,São Paulo,3550308,True,,33610,,,-23.52606925,-46.58249925,,,,2,2023-06-19T16:58:31+00:00
SAO_1206-10,São Paulo,3550308,True,,33610,,,-23.526221749999998,-46.582573499999995,,,,2,2023-06-19T16:58:49+00:00
SAO_1206-10,São Paulo,3550308,True,,33610,,,-23.52606925,-46.58249925,,,,2,2023-06-19T16:58:25+00:00
SAO_1206-10,São Paulo,3550308,True,,33610,,,-23.540216,-46.61209975,,,,2,2023-06-19T16:58:25+00:00
SAO_1206-10,São Paulo,3550308,True,,33610,,,-23.541693625,-46.630030375000004,,,,2,2023-06-19T16:58:23+00:00
SAO_3745-10,São Paulo,3550308,True,,33812,,,-23.589163499999998,-46.500732,,,,2,2023-06-19T16:58:17+00:00
SAO_3745-10,São Paulo,3550308,True,,33812,,,-23.5451495,-46.545210999999995,,,,2,2023-06-19T16:58:21+00:00
SAO_3745-10,São Paulo,3550308,True,,33812,,,-23.5858445,-46.5184215,,,,2,2023-06-19T16:58:21+00:00
SAO_3745-10,São Paulo,3550308,True,,33812,,,-23.5893515,-46.500806,,,,2,2023-06-19T16:58:42+00:00
SAO_3745-10,São Paulo,3550308,True,,33812,,,-23.589163499999998,-46.500732,,,,2,2023-06-19T16:58:45+00:00
SAO_3745-10,São Paulo,3550308,True,,33812,,,-23.571296,-46.53373,,,,2,2023-06-19T16:58:12+00:00
SAO_407K-10,São Paulo,3550308,True,,2168,,,-23.5968595,-46.487162,,,,1,2023-06-19T16:58:41+00:00
SAO_407K-10,São Paulo,3550308,True,,2168,,,-23.613653,-46.4766475,,,,1,2023-06-19T16:58:48+00:00
SAO_407K-10,São Paulo,3550308,True,,2168,,,-23.555225625,-46.516837875,,,,1,2023-06-19T16:58:25+00:00
SAO_271C-10,São Paulo,3550308,True,,33450,,,-23.523229999999998,-46.583715,,,,2,2023-06-19T16:58:39+00:00
SAO_271C-10,São Paulo,3550308,True,,33450,,,-23.522991875000002,-46.583517375,,,,2,2023-06-19T16:58:35+00:00
SAO_271C-10,São Paulo,3550308,True,,33450,,,-23.503434499999997,-46.611551000000006,,,,2,2023-06-19T16:58:46+00:00
SAO_271C-10,São Paulo,3550308,True,,33450,,,-23.53459775,-46.643886,,,,2,2023-06-19T16:58:26+00:00
SAO_271C-10,São Paulo,3550308,True,,33450,,,-23.523229999999998,-46.583715,,,,2,2023-06-19T16:58:12+00:00
SAO_6L01-10,São Paulo,3550308,True,,33939,,,-23.90679,-46.708217000000005,,,,2,2023-06-19T16:58:19+00:00
SAO_6L01-10,São Paulo,3550308,True,,33939,,,-23.90679,-46.708217000000005,,,,2,2023-06-19T16:58:16+00:00
SAO_6L01-10,São Paulo,3550308,True,,33939,,,-23.90679,-46.708217000000005,,,,2,2023-06-19T16:58:34+00:00
SAO_6L01-10,São Paulo,3550308,True,,33939,,,-23.9053885,-46.7150325,,,,2,2023-06-19T16:58:00+00:00
SAO_6L01-10,São Paulo,3550308,True,,33939,,,-23.81431575,-46.73532862500001,,,,2,2023-06-19T16:58:54+00:00
SAO_6028-10,São Paulo,3550308,True,,33979,,,-23.685950499999997,-46.7391775,,,,2,2023-06-19T16:58:29+00:00
SAO_6028-10,São Paulo,3550308,True,,33979,,,-23.7034855,-46.74695825,,,,2,2023-06-19T16:58:48+00:00
SAO_6028-10,São Paulo,3550308,True,,33979,,,-23.65775225,-46.706886250000004,,,,2,2023-06-19T16:58:23+00:00
SAO_8032-10,São Paulo,3550308,True,,2545,,,-23.5672885,-46.70761,,,,1,2023-06-19T16:58:52+00:00
SAO_513L-10,São Paulo,3550308,True,,34423,,,-23.57753275,-46.59313075,,,,2,2023-06-19T16:58:19+00:00
SAO_513L-10,São Paulo,3550308,True,,34423,,,-23.602331999999997,-46.602942999999996,,,,2,2023-06-19T16:58:17+00:00
SAO_513L-10,São Paulo,3550308,True,,34423,,,-23.602656500000002,-46.602027,,,,2,2023-06-19T16:58:11+00:00
SAO_175T-10,São Paulo,3550308,True,,623,,,-23.65404,-46.63784,,,,1,2023-06-19T16:58:32+00:00
SAO_175T-10,São Paulo,3550308,True,,623,,,-23.548479999999998,-46.638989499999994,,,,1,2023-06-19T16:58:43+00:00
SAO_175T-10,São Paulo,3550308,True,,623,,,-23.653136,-46.6373365,,,,1,2023-06-19T16:58:37+00:00
SAO_175T-10,São Paulo,3550308,True,,623,,,-23.652262999999998,-46.637575999999996,,,,1,2023-06-19T16:58:10+00:00
SAO_175T-10,São Paulo,3550308,True,,623,,,-23.635625,-46.6414725,,,,1,2023-06-19T16:58:31+00:00
SAO_175T-10,São Paulo,3550308,True,,623,,,-23.597347,-46.6510565,,,,1,2023-06-19T16:58:45+00:00
SAO_175T-10,São Paulo,3550308,True,,623,,,-23.52049925,-46.630326999999994,,,,1,2023-06-19T16:58:21+00:00
SAO_175T-10,São Paulo,3550308,True,,623,,,-23.5104885,-46.62510475,,,,1,2023-06-19T16:58:26+00:00
SAO_175T-10,São Paulo,3550308,True,,623,,,-23.5979155,-46.651124499999995,,,,1,2023-06-19T16:58:37+00:00
SAO_175T-10,São Paulo,3550308,True,,623,,,-23.653136,-46.6373365,,,,1,2023-06-19T16:58:20+00:00
SAO_175T-10,São Paulo,3550308,True,,623,,,-23.63671375,-46.65793875,,,,1,2023-06-19T16:58:16+00:00
SAO_175T-10,São Paulo,3550308,True,,623,,,-23.5183395,-46.6266445,,,,1,2023-06-19T16:58:44+00:00
SAO_175T-10,São Paulo,3550308,True,,623,,,-23.582243499999997,-46.655844,,,,1,2023-06-19T16:56:35+00:00
SAO_507T-10,São Paulo,3550308,True,,2208,,,-23.5385445,-46.563635500000004,,,,1,2023-06-19T16:58:43+00:00
SAO_507T-10,São Paulo,3550308,True,,2208,,,-23.569432499999998,-46.508427499999996,,,,1,2023-06-19T16:58:54+00:00
SAO_507T-10,São Paulo,3550308,True,,2208,,,-23.5580635,-46.522337500000006,,,,1,2023-06-19T16:58:32+00:00
SAO_507T-10,São Paulo,3550308,True,,2208,,,-23.6075205,-46.5012585,,,,1,2023-06-19T16:58:53+00:00
SAO_507T-10,São Paulo,3550308,True,,2208,,,-23.538742,-46.564669499999994,,,,1,2023-06-19T16:58:13+00:00
SAO_507T-10,São Paulo,3550308,True,,2208,,,-23.609934625,-46.5011945,,,,1,2023-06-19T16:58:23+00:00
SAO_507T-10,São Paulo,3550308,True,,2208,,,-23.588525,-46.510872,,,,1,2023-06-19T16:58:22+00:00
SAO_507T-10,São Paulo,3550308,True,,2208,,,-23.5553405,-46.52622925,,,,1,2023-06-19T16:51:11+00:00
SAO_507T-10,São Paulo,3550308,True,,2208,,,-23.609438125000004,-46.50119649999999,,,,1,2023-06-19T16:58:25+00:00
SAO_507T-10,São Paulo,3550308,True,,2208,,,-23.597476999999998,-46.50051325,,,,1,2023-06-19T16:58:31+00:00
SAO_507T-10,São Paulo,3550308,True,,2208,,,-23.6141215,-46.501234,,,,1,2023-06-19T16:58:36+00:00
SAO_507T-10,São Paulo,3550308,True,,2208,,,-23.609438125000004,-46.50119649999999,,,,1,2023-06-19T16:58:34+00:00
SAO_507T-10,São Paulo,3550308,True,,2208,,,-23.610909,-46.50119825,,,,1,2023-06-19T16:53:01+00:00
SAO_775A-10,São Paulo,3550308,True,EMTU,473,https://moovitapp.com/index/pt-br/transporte_p%C3%BAblico-line-473-Sao_Paulo-242-2038937-36419509-0,7.55,-23.56772125,-46.758096249999994,,,,1,2023-06-19T16:58:27+00:00
SAO_775A-10,São Paulo,3550308,True,EMTU,473,https://moovitapp.com/index/pt-br/transporte_p%C3%BAblico-line-473-Sao_Paulo-242-2038937-36419509-0,7.55,-23.5724685,-46.690042500000004,,,,1,2023-06-19T16:58:51+00:00
SAO_775A-10,São Paulo,3550308,True,EMTU,473,https://moovitapp.com/index/pt-br/transporte_p%C3%BAblico-line-473-Sao_Paulo-242-2038937-36419509-0,7.55,-23.5626215,-46.764761,,,,1,2023-06-19T16:58:12+00:00
SAO_5630-10,São Paulo,3550308,True,,78,,,-23.7374635,-46.697805,,,,1,2023-06-19T16:58:31+00:00
SAO_5630-10,São Paulo,3550308,True,,78,,,-23.732633999999997,-46.697177999999994,,,,1,2023-06-19T16:58:13+00:00
SAO_5630-10,São Paulo,3550308,True,,78,,,-23.7374635,-46.697805,,,,1,2023-06-19T16:58:44+00:00
SAO_5630-10,São Paulo,3550308,True,,78,,,-23.6804025,-46.687358,,,,1,2023-06-19T16:58:16+00:00
SAO_5630-10,São Paulo,3550308,True,,78,,,-23.6066925,-46.6516165,,,,1,2023-06-19T16:58:10+00:00
SAO_5630-10,São Paulo,3550308,True,,78,,,-23.7374635,-46.697805,,,,1,2023-06-19T16:58:25+00:00
SAO_5630-10,São Paulo,3550308,True,,78,,,-23.7374635,-46.697805,,,,1,2023-06-19T16:58:29+00:00
SAO_5630-10,São Paulo,3550308,True,,78,,,-23.548218749999997,-46.62613225,,,,1,2023-06-19T16:58:40+00:00
SAO_5630-10,São Paulo,3550308,True,,78,,,-23.7374635,-46.697805,,,,1,2023-06-19T16:58:12+00:00
SAO_5630-10,São Paulo,3550308,True,,78,,,-23.7374635,-46.697805,,,,1,2023-06-19T16:58:19+00:00
SAO_5630-10,São Paulo,3550308,True,,78,,,-23.7374635,-46.697805,,,,1,2023-06-19T16:58:40+00:00
SAO_5630-10,São Paulo,3550308,True,,78,,,-23.578312250000003,-46.645695,,,,1,2023-06-19T16:58:29+00:00
SAO_5630-10,São Paulo,3550308,True,,78,,,-23.663714249999998,-46.67861925,,,,1,2023-06-19T16:58:26+00:00
SAO_5010-10,São Paulo,3550308,True,,1114,,,-23.662679500000003,-46.6311435,,,,1,2023-06-19T16:58:47+00:00
SAO_5010-10,São Paulo,3550308,True,,1114,,,-23.6534315,-46.6892855,,,,1,2023-06-19T16:56:59+00:00
SAO_5010-10,São Paulo,3550308,True,,1114,,,-23.641468500000002,-46.654921,,,,1,2023-06-19T16:58:16+00:00
SAO_5010-10,São Paulo,3550308,True,,1114,,,-23.662679500000003,-46.6311435,,,,1,2023-06-19T16:58:51+00:00
SAO_5010-10,São Paulo,3550308,True,,1114,,,-23.6624725,-46.631309,,,,1,2023-06-19T16:58:44+00:00
SAO_5010-10,São Paulo,3550308,True,,1114,,,-23.664447125000002,-46.6352683125,,,,1,2023-06-19T16:58:19+00:00
SAO_5010-10,São Paulo,3550308,True,,1114,,,-23.634839,-46.668867500000005,,,,1,2023-06-19T16:58:19+00:00
SAO_3002-10,São Paulo,3550308,True,,34576,,,-23.51461125,-46.380765249999996,,,,2,2023-06-19T16:58:29+00:00
SAO_3002-10,São Paulo,3550308,True,,34576,,,-23.5110475,-46.378864,,,,2,2023-06-19T16:58:36+00:00
SAO_3002-10,São Paulo,3550308,True,,34576,,,-23.5110475,-46.378864,,,,2,2023-06-19T16:58:31+00:00
SAO_3002-10,São Paulo,3550308,True,,34576,,,-23.502917125,-46.390830750000006,,,,2,2023-06-19T16:57:04+00:00
SAO_3002-10,São Paulo,3550308,True,,34576,,,-23.494052500000002,-46.419838999999996,,,,2,2023-06-19T16:58:19+00:00
SAO_605A-10,São Paulo,3550308,True,,35290,,,-23.6495975,-46.632069,,,,2,2023-06-19T16:58:45+00:00
SAO_605A-10,São Paulo,3550308,True,,35290,,,-23.6466965,-46.639887,,,,2,2023-06-19T16:58:54+00:00
SAO_605A-10,São Paulo,3550308,True,,35290,,,-23.6494365,-46.6320625,,,,2,2023-06-19T16:58:15+00:00
SAO_5300-10,São Paulo,3550308,True,,33122,,,-23.572032375000003,-46.641120625,,,,2,2023-06-19T16:58:50+00:00
SAO_5300-10,São Paulo,3550308,True,,33122,,,-23.548102,-46.629726,,,,2,2023-06-19T16:58:37+00:00
SAO_5300-10,São Paulo,3550308,True,,33122,,,-23.637971375,-46.69459475000001,,,,2,2023-06-19T16:58:26+00:00
SAO_5300-10,São Paulo,3550308,True,,33122,,,-23.619397750000005,-46.677158500000004,,,,2,2023-06-19T16:58:22+00:00
SAO_5300-10,São Paulo,3550308,True,,33122,,,-23.5517905,-46.6373745,,,,2,2023-06-19T16:58:47+00:00
SAO_5300-10,São Paulo,3550308,True,,33122,,,-23.654289499999997,-46.712961,,,,2,2023-06-19T16:58:44+00:00
SAO_5300-10,São Paulo,3550308,True,,33122,,,-23.58792775,-46.652866,,,,2,2023-06-19T16:58:52+00:00
SAO_5300-10,São Paulo,3550308,True,,33122,,,-23.60508725,-46.6637195,,,,2,2023-06-19T16:58:26+00:00
SAO_5300-10,São Paulo,3550308,True,,33122,,,-23.6428855,-46.699923999999996,,,,2,2023-06-19T16:58:55+00:00
SAO_6021-10,São Paulo,3550308,True,EMTU,177,https://moovitapp.com/index/pt-br/transporte_p%C3%BAblico-line-177-Sao_Paulo-242-2038937-36419313-0,5.2,-23.7668205,-46.716344500000005,,,,1,2023-06-19T16:58:29+00:00
SAO_6021-10,São Paulo,3550308,True,EMTU,177,https://moovitapp.com/index/pt-br/transporte_p%C3%BAblico-line-177-Sao_Paulo-242-2038937-36419313-0,5.2,-23.7668205,-46.716344500000005,,,,1,2023-06-19T16:58:47+00:00
SAO_6021-10,São Paulo,3550308,True,EMTU,177,https://moovitapp.com/index/pt-br/transporte_p%C3%BAblico-line-177-Sao_Paulo-242-2038937-36419313-0,5.2,-23.7668205,-46.716344500000005,,,,1,2023-06-19T16:58:50+00:00
SAO_6021-10,São Paulo,3550308,True,EMTU,177,https://moovitapp.com/index/pt-br/transporte_p%C3%BAblico-line-177-Sao_Paulo-242-2038937-36419313-0,5.2,-23.779829,-46.724846,,,,1,2023-06-19T16:58:56+00:00
SAO_6021-10,São Paulo,3550308,True,EMTU,177,https://moovitapp.com/index/pt-br/transporte_p%C3%BAblico-line-177-Sao_Paulo-242-2038937-36419313-0,5.2,-23.767062,-46.7161295,,,,1,2023-06-19T16:58:42+00:00
SAO_5370-10,São Paulo,3550308,True,,1442,,,-23.641351,-46.697869125,,,,1,2023-06-19T16:58:44+00:00
SAO_5370-10,São Paulo,3550308,True,,1442,,,-23.747792,-46.708254499999995,,,,1,2023-06-19T16:58:52+00:00
SAO_5370-10,São Paulo,3550308,True,,1442,,,-23.7673145,-46.7161625,,,,1,2023-06-19T16:58:44+00:00
SAO_5370-10,São Paulo,3550308,True,,1442,,,-23.767560000000003,-46.7161905,,,,1,2023-06-19T16:58:33+00:00
SAO_5370-10,São Paulo,3550308,True,,1442,,,-23.605598999999998,-46.664002499999995,,,,1,2023-06-19T16:58:47+00:00
SAO_5370-10,São Paulo,3550308,True,,1442,,,-23.572684,-46.640971,,,,1,2023-06-19T16:58:11+00:00
SAO_5370-10,São Paulo,3550308,True,,1442,,,-23.767859,-46.716285,,,,1,2023-06-19T16:58:37+00:00
SAO_5370-10,São Paulo,3550308,True,,1442,,,-23.572684,-46.640971,,,,1,2023-06-19T16:58:19+00:00
SAO_5370-10,São Paulo,3550308,True,,1442,,,-23.659150999999998,-46.70390075,,,,1,2023-06-19T16:58:40+00:00
SAO_5370-10,São Paulo,3550308,True,,1442,,,-23.767560000000003,-46.7161905,,,,1,2023-06-19T16:43:10+00:00
SAO_5370-10,São Paulo,3550308,True,,1442,,,-23.767560000000003,-46.7161905,,,,1,2023-06-19T16:55:51+00:00
SAO_5370-10,São Paulo,3550308,True,,1442,,,-23.61276225,-46.6707505,,,,1,2023-06-19T16:58:31+00:00
SAO_5370-10,São Paulo,3550308,True,,1442,,,-23.7093575,-46.699754999999996,,,,1,2023-06-19T16:58:52+00:00
SAO_807P-10,São Paulo,3550308,True,,2099,,,-23.618781,-46.722603500000005,,,,1,2023-06-19T16:58:53+00:00
SAO_807P-10,São Paulo,3550308,True,,2099,,,-23.619129,-46.72311,,,,1,2023-06-19T16:58:48+00:00
SAO_807P-10,São Paulo,3550308,True,,2099,,,-23.642134499999997,-46.7365615,,,,1,2023-06-19T16:58:26+00:00
SAO_807P-10,São Paulo,3550308,True,,2099,,,-23.6192165,-46.7231865,,,,1,2023-06-19T16:58:40+00:00
SAO_807P-10,São Paulo,3550308,True,,2099,,,-23.615980999999998,-46.721008499999996,,,,1,2023-06-19T16:58:29+00:00
SAO_807P-10,São Paulo,3550308,True,,2099,,,-23.62589,-46.7186925,,,,1,2023-06-19T16:58:50+00:00
SAO_5031-10,São Paulo,3550308,True,,1746,,,-23.632755000000003,-46.586458500000006,,,,1,2023-06-19T16:58:46+00:00
SAO_5031-10,São Paulo,3550308,True,,1746,,,-23.637415,-46.592847500000005,,,,1,2023-06-19T16:58:45+00:00
SAO_5031-10,São Paulo,3550308,True,,1746,,,-23.62967575,-46.58764625,,,,1,2023-06-19T16:58:42+00:00
SAO_5031-10,São Paulo,3550308,True,,1746,,,-23.623089625,-46.59132425,,,,1,2023-06-19T16:58:17+00:00
SAO_5031-10,São Paulo,3550308,True,,1746,,,-23.621344750000002,-46.5918365,,,,1,2023-06-19T16:58:40+00:00
SAO_5031-10,São Paulo,3550308,True,,1746,,,-23.6030905,-46.602205999999995,,,,1,2023-06-19T16:58:47+00:00
SAO_5031-10,São Paulo,3550308,True,,1746,,,-23.637415,-46.592847500000005,,,,1,2023-06-19T16:58:35+00:00
SAO_5031-10,São Paulo,3550308,True,,1746,,,-23.603036000000003,-46.602155999999994,,,,1,2023-06-19T16:58:23+00:00
SAO_5031-10,São Paulo,3550308,True,,1746,,,-23.637415,-46.592847500000005,,,,1,2023-06-19T16:58:27+00:00
SAO_5031-10,São Paulo,3550308,True,,1746,,,-23.637415,-46.592847500000005,,,,1,2023-06-19T16:58:53+00:00
SAO_5031-10,São Paulo,3550308,True,,1746,,,-23.637415,-46.592847500000005,,,,1,2023-06-19T16:58:16+00:00
SAO_1771-10,São Paulo,3550308,True,,33402,,,-23.480963,-46.611488,,,,2,2023-06-19T16:58:14+00:00
SAO_1771-10,São Paulo,3550308,True,,33402,,,-23.4308,-46.5751545,,,,2,2023-06-19T16:58:10+00:00
SAO_1771-10,São Paulo,3550308,True,,33402,,,-23.445498,-46.58982,,,,2,2023-06-19T16:58:30+00:00
SAO_1771-10,São Paulo,3550308,True,,33402,,,-23.430882500000003,-46.574838,,,,2,2023-06-19T16:58:17+00:00
SAO_9019-10,São Paulo,3550308,True,,34201,,,-23.456868125,-46.711380875,,,,2,2023-06-19T16:58:29+00:00
SAO_9019-10,São Paulo,3550308,True,,34201,,,-23.467608,-46.713657999999995,,,,2,2023-06-19T16:58:47+00:00
SAO_9019-10,São Paulo,3550308,True,,34201,,,-23.482115999999998,-46.718284,,,,2,2023-06-19T16:58:49+00:00
SAO_9019-10,São Paulo,3550308,True,,34201,,,-23.4620435,-46.714518999999996,,,,2,2023-06-19T16:58:30+00:00
SAO_5111-10,São Paulo,3550308,True,,48,,,-23.6542935,-46.7114185,,,,1,2023-06-19T16:58:12+00:00
SAO_5111-10,São Paulo,3550308,True,,48,,,-23.5519655,-46.635654,,,,1,2023-06-19T16:58:17+00:00
SAO_5111-10,São Paulo,3550308,True,,48,,,-23.5720795,-46.653583,,,,1,2023-06-19T16:58:29+00:00
SAO_5111-10,São Paulo,3550308,True,,48,,,-23.585621000000003,-46.670804000000004,,,,1,2023-06-19T16:58:49+00:00
SAO_5111-10,São Paulo,3550308,True,,48,,,-23.6542935,-46.7114185,,,,1,2023-06-19T16:58:19+00:00
SAO_5111-10,São Paulo,3550308,True,,48,,,-23.5471955,-46.630402000000004,,,,1,2023-06-19T16:58:19+00:00
SAO_5111-10,São Paulo,3550308,True,,48,,,-23.6542185,-46.7095555,,,,1,2023-06-19T16:58:43+00:00
SAO_5111-10,São Paulo,3550308,True,,48,,,-23.638920249999998,-46.696384,,,,1,2023-06-19T16:58:46+00:00
SAO_263C-10,São Paulo,3550308,True,EMTU,252,https://moovitapp.com/index/pt-br/transporte_p%C3%BAblico-line-252-Sao_Paulo-242-2038937-36419363-0,6.8,-23.53939075,-46.4398695,,,,1,2023-06-19T16:58:35+00:00
SAO_263C-10,São Paulo,3550308,True,EMTU,252,https://moovitapp.com/index/pt-br/transporte_p%C3%BAblico-line-252-Sao_Paulo-242-2038937-36419363-0,6.8,-23.53967,-46.439659,,,,1,2023-06-19T16:58:14+00:00
SAO_263C-10,São Paulo,3550308,True,EMTU,252,https://moovitapp.com/index/pt-br/transporte_p%C3%BAblico-line-252-Sao_Paulo-242-2038937-36419363-0,6.8,-23.53967,-46.439659,,,,1,2023-06-19T16:58:28+00:00
SAO_263C-10,São Paulo,3550308,True,EMTU,252,https://moovitapp.com/index/pt-br/transporte_p%C3%BAblico-line-252-Sao_Paulo-242-2038937-36419363-0,6.8,-23.531331,-46.415419,,,,1,2023-06-19T16:58:42+00:00
SAO_263C-10,São Paulo,3550308,True,EMTU,252,https://moovitapp.com/index/pt-br/transporte_p%C3%BAblico-line-252-Sao_Paulo-242-2038937-36419363-0,6.8,-23.494298,-46.422852625,,,,1,2023-06-19T16:58:53+00:00
SAO_809P-10,São Paulo,3550308,True,,34659,,,-23.62694175,-46.766502,,,,2,2023-06-19T16:58:15+00:00
SAO_809P-10,São Paulo,3550308,True,,34659,,,-23.61119875,-46.753526,,,,2,2023-06-19T16:58:31+00:00
SAO_809P-10,São Paulo,3550308,True,,34659,,,-23.572222,-46.700846999999996,,,,2,2023-06-19T16:58:50+00:00
SAO_809P-10,São Paulo,3550308,True,,34659,,,-23.6313825,-46.77286,,,,2,2023-06-19T16:58:41+00:00
SAO_809P-10,São Paulo,3550308,True,,34659,,,-23.631258,-46.773112999999995,,,,2,2023-06-19T16:58:17+00:00
SAO_809P-10,São Paulo,3550308,True,,34659,,,-23.6317985,-46.771744,,,,2,2023-06-19T16:58:24+00:00
SAO_809P-10,São Paulo,3550308,True,,34659,,,-23.586288500000002,-46.7236685,,,,2,2023-06-19T16:58:46+00:00
SAO_809P-10,São Paulo,3550308,True,,34659,,,-23.631258,-46.773112999999995,,,,2,2023-06-19T16:58:46+00:00
SAO_809P-10,São Paulo,3550308,True,,34659,,,-23.595108000000003,-46.7386755,,,,2,2023-06-19T16:58:21+00:00
SAO_809P-10,São Paulo,3550308,True,,34659,,,-23.631508,-46.7726,,,,2,2023-06-19T16:53:31+00:00
SAO_3390-10,São Paulo,3550308,True,,738,,,-23.564428624999998,-46.606528875,,,,1,2023-06-19T16:58:40+00:00
SAO_3390-10,São Paulo,3550308,True,,738,,,-23.5972805,-46.5328305,,,,1,2023-06-19T16:58:49+00:00
SAO_3390-10,São Paulo,3550308,True,,738,,,-23.611966000000002,-46.483123000000006,,,,1,2023-06-19T16:56:23+00:00
SAO_3390-10,São Paulo,3550308,True,,738,,,-23.5783275,-46.578210999999996,,,,1,2023-06-19T16:58:22+00:00
SAO_3390-10,São Paulo,3550308,True,,738,,,-23.610749499999997,-46.483764,,,,1,2023-06-19T16:56:43+00:00
SAO_3390-10,São Paulo,3550308,True,,738,,,-23.612506,-46.479178,,,,1,2023-06-19T16:58:23+00:00
SAO_3390-10,São Paulo,3550308,True,,738,,,-23.6123785,-46.482487,,,,1,2023-06-19T16:58:43+00:00
SAO_3390-10,São Paulo,3550308,True,,738,,,-23.612395,-46.4823855,,,,1,2023-06-19T16:58:24+00:00
SAO_675M-10,São Paulo,3550308,True,ETT,108,https://moovitapp.com/index/pt-br/transporte_p%C3%BAblico-line-108-Sao_Paulo-242-876373-496510-0,5.3,-23.705168999999998,-46.6874265,,,,1,2023-06-19T16:58:49+00:00
SAO_675M-10,São Paulo,3550308,True,ETT,108,https://moovitapp.com/index/pt-br/transporte_p%C3%BAblico-line-108-Sao_Paulo-242-876373-496510-0,5.3,-23.705168999999998,-46.6874265,,,,1,2023-06-19T16:57:51+00:00
SAO_675M-10,São Paulo,3550308,True,ETT,108,https://moovitapp.com/index/pt-br/transporte_p%C3%BAblico-line-108-Sao_Paulo-242-876373-496510-0,5.3,-23.644662124999996,-46.641911375,,,,1,2023-06-19T16:58:33+00:00
SAO_675M-10,São Paulo,3550308,True,ETT,108,https://moovitapp.com/index/pt-br/transporte_p%C3%BAblico-line-108-Sao_Paulo-242-876373-496510-0,5.3,-23.720966,-46.676328,,,,1,2023-06-19T16:57:22+00:00
SAO_3027-10,São Paulo,3550308,True,,33731,,,-23.543839,-46.4216205,,,,2,2023-06-19T16:58:40+00:00
SAO_3027-10,São Paulo,3550308,True,,33731,,,-23.543264,-46.415690999999995,,,,2,2023-06-19T16:58:38+00:00
SAO_3027-10,São Paulo,3550308,True,,33731,,,-23.5634105,-46.5054495,,,,2,2023-06-19T16:58:47+00:00
SAO_3027-10,São Paulo,3550308,True,,33731,,,-23.554100124999998,-46.455374375000005,,,,2,2023-06-19T16:58:28+00:00
SAO_3027-10,São Paulo,3550308,True,,33731,,,-23.5663895,-46.4680315,,,,2,2023-06-19T16:58:34+00:00
SAO_2079-10,São Paulo,3550308,True,,33138,,,-23.516789,-46.3843955,,,,2,2023-06-19T16:58:44+00:00
SAO_2079-10,São Paulo,3550308,True,,33138,,,-23.513208499999998,-46.3851985,,,,2,2023-06-19T16:58:35+00:00
SAO_3008-10,São Paulo,3550308,True,,35283,,,-23.52384875,-46.39582775,,,,2,2023-06-19T16:58:24+00:00
SAO_3008-10,São Paulo,3550308,True,,35283,,,-23.495901,-46.404917499999996,,,,2,2023-06-19T16:58:18+00:00
SAO_3008-10,São Paulo,3550308,True,,35283,,,-23.52384875,-46.39582775,,,,2,2023-06-19T16:58:18+00:00
SAO_3008-10,São Paulo,3550308,True,,35283,,,-23.51901,-46.3951595,,,,2,2023-06-19T16:58:45+00:00
SAO_1759-10,São Paulo,3550308,True,,553,,,-23.498870000000004,-46.62563175,,,,1,2023-06-19T16:58:33+00:00
SAO_1759-10,São Paulo,3550308,True,,553,,,-23.4620415,-46.659859,,,,1,2023-06-19T16:58:49+00:00
SAO_1759-10,São Paulo,3550308,True,,553,,,-23.462308999999998,-46.659564,,,,1,2023-06-19T16:58:24+00:00
SAO_1759-10,São Paulo,3550308,True,,553,,,-23.481932,-46.6320255,,,,1,2023-06-19T16:58:40+00:00
SAO_5175-10,São Paulo,3550308,True,,593,,,-23.553324625000002,-46.63820749999999,,,,1,2023-06-19T16:58:49+00:00
SAO_5175-10,São Paulo,3550308,True,,593,,,-23.70256,-46.646491,,,,1,2023-06-19T16:58:36+00:00
SAO_5175-10,São Paulo,3550308,True,,593,,,-23.551397,-46.635384,,,,1,2023-06-19T16:58:18+00:00
SAO_5175-10,São Paulo,3550308,True,,593,,,-23.652473999999998,-46.6792795,,,,1,2023-06-19T16:58:39+00:00
SAO_5175-10,São Paulo,3550308,True,,593,,,-23.6774235,-46.65841775,,,,1,2023-06-19T16:58:34+00:00
SAO_5175-10,São Paulo,3550308,True,,593,,,-23.6693895,-46.671097,,,,1,2023-06-19T16:58:43+00:00
SAO_5175-10,São Paulo,3550308,True,,593,,,-23.691903500000002,-46.6441595,,,,1,2023-06-19T16:58:40+00:00
SAO_5175-10,São Paulo,3550308,True,,593,,,-23.598867249999998,-46.65066,,,,1,2023-06-19T16:58:28+00:00
SAO_5175-10,São Paulo,3550308,True,,593,,,-23.5850225,-46.653224,,,,1,2023-06-19T16:55:47+00:00
SAO_2755-10,São Paulo,3550308,True,,33001,,,-23.52666825,-46.4180455,,,,2,2023-06-19T16:58:51+00:00
SAO_2755-10,São Paulo,3550308,True,,33001,,,-23.53727,-46.3977595,,,,2,2023-06-19T16:58:22+00:00
SAO_2755-10,São Paulo,3550308,True,,33001,,,-23.540091,-46.394296499999996,,,,2,2023-06-19T16:58:27+00:00
SAO_2755-10,São Paulo,3550308,True,,33001,,,-23.515059,-46.454141,,,,2,2023-06-19T16:57:57+00:00
SAO_2755-10,São Paulo,3550308,True,,33001,,,-23.537285,-46.405343,,,,2,2023-06-19T16:56:47+00:00
SAO_2755-10,São Paulo,3550308,True,,33001,,,-23.540091,-46.394296499999996,,,,2,2023-06-19T16:58:44+00:00
SAO_2755-10,São Paulo,3550308,True,,33001,,,-23.52309475,-46.521407249999996,,,,2,2023-06-19T16:58:33+00:00
SAO_2755-10,São Paulo,3550308,True,,33001,,,-23.540091,-46.394296499999996,,,,2,2023-06-19T16:58:28+00:00
SAO_2755-10,São Paulo,3550308,True,,33001,,,-23.5298375,-46.551388,,,,2,2023-06-19T16:58:39+00:00
SAO_172U-10,São Paulo,3550308,True,,33628,,,-23.436823500000003,-46.566249,,,,2,2023-06-19T16:58:28+00:00
SAO_172U-10,São Paulo,3550308,True,,33628,,,-23.436823500000003,-46.566249,,,,2,2023-06-19T16:58:36+00:00
SAO_172U-10,São Paulo,3550308,True,,33628,,,-23.541237875,-46.6124585,,,,2,2023-06-19T16:58:31+00:00
SAO_172U-10,São Paulo,3550308,True,,33628,,,-23.43757025,-46.56626125,,,,2,2023-06-19T16:58:11+00:00
SAO_172U-10,São Paulo,3550308,True,,33628,,,-23.436823500000003,-46.566249,,,,2,2023-06-19T16:58:28+00:00
SAO_172U-10,São Paulo,3550308,True,,33628,,,-23.43716675,-46.56625975,,,,2,2023-06-19T16:58:45+00:00
SAO_172U-10,São Paulo,3550308,True,,33628,,,-23.560229500000002,-46.5937945,,,,2,2023-06-19T16:58:44+00:00
SAO_172U-10,São Paulo,3550308,True,,33628,,,-23.43757025,-46.56626125,,,,2,2023-06-19T16:58:39+00:00
SAO_172U-10,São Paulo,3550308,True,,33628,,,-23.479325000000003,-46.609796,,,,2,2023-06-19T16:58:21+00:00
SAO_172U-10,São Paulo,3550308,True,,33628,,,-23.509144,-46.624826999999996,,,,2,2023-06-19T16:58:35+00:00
SAO_172U-10,São Paulo,3550308,True,,33628,,,-23.479192250000004,-46.609387500000004,,,,2,2023-06-19T16:58:47+00:00
SAO_172U-10,São Paulo,3550308,True,,33628,,,-23.4405095,-46.5770125,,,,2,2023-06-19T16:58:43+00:00
SAO_172U-10,São Paulo,3550308,True,,33628,,,-23.43716675,-46.56625975,,,,2,2023-06-19T16:58:21+00:00
SAO_2363-10,São Paulo,3550308,True,,135,,,-23.523043625,-46.548755375,,,,1,2023-06-19T16:58:47+00:00
SAO_2363-10,São Paulo,3550308,True,,135,,,-23.546727,-46.629723999999996,,,,1,2023-06-19T16:58:36+00:00
SAO_2363-10,São Paulo,3550308,True,,135,,,-23.54620025,-46.63007,,,,1,2023-06-19T16:58:11+00:00
SAO_847J-10,São Paulo,3550308,True,,1342,,,-23.43730625,-46.737526,,,,1,2023-06-19T16:58:30+00:00
SAO_847J-10,São Paulo,3550308,True,,1342,,,-23.519864499999997,-46.700969,,,,1,2023-06-19T16:58:51+00:00
SAO_847J-10,São Paulo,3550308,True,,1342,,,-23.555346,-46.742667999999995,,,,1,2023-06-19T16:58:23+00:00
SAO_2014-10,São Paulo,3550308,True,Urubupungá,900,https://moovitapp.com/index/pt-br/transporte_p%C3%BAblico-line-900-Sao_Paulo-242-873835-496470-0,4.6,-23.457081000000002,-46.669748,,,,1,2023-06-19T16:58:19+00:00
SAO_2014-10,São Paulo,3550308,True,Urubupungá,900,https://moovitapp.com/index/pt-br/transporte_p%C3%BAblico-line-900-Sao_Paulo-242-873835-496470-0,4.6,-23.457081000000002,-46.669748,,,,1,2023-06-19T16:58:53+00:00
SAO_2014-10,São Paulo,3550308,True,Urubupungá,900,https://moovitapp.com/index/pt-br/transporte_p%C3%BAblico-line-900-Sao_Paulo-242-873835-496470-0,4.6,-23.4954665,-46.661544,,,,1,2023-06-19T16:58:26+00:00
SAO_2014-10,São Paulo,3550308,True,Urubupungá,900,https://moovitapp.com/index/pt-br/transporte_p%C3%BAblico-line-900-Sao_Paulo-242-873835-496470-0,4.6,-23.455903,-46.67386825,,,,1,2023-06-19T16:58:48+00:00
SAO_2014-10,São Paulo,3550308,True,Urubupungá,900,https://moovitapp.com/index/pt-br/transporte_p%C3%BAblico-line-900-Sao_Paulo-242-873835-496470-0,4.6,-23.457081000000002,-46.669748,,,,1,2023-06-19T16:58:14+00:00
SAO_2014-10,São Paulo,3550308,True,Urubupungá,900,https://moovitapp.com/index/pt-br/transporte_p%C3%BAblico-line-900-Sao_Paulo-242-873835-496470-0,4.6,-23.457081000000002,-46.669748,,,,1,2023-06-19T16:58:22+00:00
SAO_2014-10,São Paulo,3550308,True,Urubupungá,900,https://moovitapp.com/index/pt-br/transporte_p%C3%BAblico-line-900-Sao_Paulo-242-873835-496470-0,4.6,-23.5266425,-46.66785350000001,,,,1,2023-06-19T16:58:23+00:00
SAO_2014-10,São Paulo,3550308,True,Urubupungá,900,https://moovitapp.com/index/pt-br/transporte_p%C3%BAblico-line-900-Sao_Paulo-242-873835-496470-0,4.6,-23.4805725,-46.6731805,,,,1,2023-06-19T16:58:41+00:00
SAO_2014-10,São Paulo,3550308,True,Urubupungá,900,https://moovitapp.com/index/pt-br/transporte_p%C3%BAblico-line-900-Sao_Paulo-242-873835-496470-0,4.6,-23.490114,-46.66533375,,,,1,2023-06-19T16:58:24+00:00
SAO_2014-10,São Paulo,3550308,True,Urubupungá,900,https://moovitapp.com/index/pt-br/transporte_p%C3%BAblico-line-900-Sao_Paulo-242-873835-496470-0,4.6,-23.525927000000003,-46.669558499999994,,,,1,2023-06-19T16:58:40+00:00
SAO_2014-10,São Paulo,3550308,True,Urubupungá,900,https://moovitapp.com/index/pt-br/transporte_p%C3%BAblico-line-900-Sao_Paulo-242-873835-496470-0,4.6,-23.457081000000002,-46.669748,,,,1,2023-06-19T16:58:24+00:00
SAO_2014-10,São Paulo,3550308,True,Urubupungá,900,https://moovitapp.com/index/pt-br/transporte_p%C3%BAblico-line-900-Sao_Paulo-242-873835-496470-0,4.6,-23.465608,-46.668305000000004,,,,1,2023-06-19T16:58:39+00:00
SAO_2014-10,São Paulo,3550308,True,Urubupungá,900,https://moovitapp.com/index/pt-br/transporte_p%C3%BAblico-line-900-Sao_Paulo-242-873835-496470-0,4.6,-23.457081000000002,-46.669748,,,,1,2023-06-19T16:58:16+00:00
SAO_2014-10,São Paulo,3550308,True,Urubupungá,900,https://moovitapp.com/index/pt-br/transporte_p%C3%BAblico-line-900-Sao_Paulo-242-873835-496470-0,4.6,-23.457081000000002,-46.669748,,,,1,2023-06-19T16:58:48+00:00
SAO_748R-10,São Paulo,3550308,True,EMTU,501,https://moovitapp.com/index/pt-br/transporte_p%C3%BAblico-line-501-Sao_Paulo-242-2038937-36419526-0,7.55,-23.55123175,-46.740238250000004,,,,1,2023-06-19T16:58:48+00:00
SAO_748R-10,São Paulo,3550308,True,EMTU,501,https://moovitapp.com/index/pt-br/transporte_p%C3%BAblico-line-501-Sao_Paulo-242-2038937-36419526-0,7.55,-23.5249595,-46.695667125,,,,1,2023-06-19T16:58:54+00:00
SAO_748R-10,São Paulo,3550308,True,EMTU,501,https://moovitapp.com/index/pt-br/transporte_p%C3%BAblico-line-501-Sao_Paulo-242-2038937-36419526-0,7.55,-23.58108025,-46.770005,,,,1,2023-06-19T16:58:37+00:00
SAO_748R-10,São Paulo,3550308,True,EMTU,501,https://moovitapp.com/index/pt-br/transporte_p%C3%BAblico-line-501-Sao_Paulo-242-2038937-36419526-0,7.55,-23.541544000000002,-46.730027750000005,,,,1,2023-06-19T16:58:14+00:00
SAO_748R-10,São Paulo,3550308,True,EMTU,501,https://moovitapp.com/index/pt-br/transporte_p%C3%BAblico-line-501-Sao_Paulo-242-2038937-36419526-0,7.55,-23.603983,-46.787645,,,,1,2023-06-19T16:58:11+00:00
SAO_573H-10,São Paulo,3550308,True,,1630,,,-23.5762115,-46.572743,,,,1,2023-06-19T16:58:48+00:00
SAO_573H-10,São Paulo,3550308,True,,1630,,,-23.546872999999998,-46.608591000000004,,,,1,2023-06-19T16:58:16+00:00
SAO_573H-10,São Paulo,3550308,True,,1630,,,-23.590888999999997,-46.50481375,,,,1,2023-06-19T16:58:44+00:00
SAO_573H-10,São Paulo,3550308,True,,1630,,,-23.562075749999998,-46.592059,,,,1,2023-06-19T16:58:11+00:00
SAO_573H-10,São Paulo,3550308,True,,1630,,,-23.605611,-46.503139000000004,,,,1,2023-06-19T16:58:21+00:00
SAO_573H-10,São Paulo,3550308,True,,1630,,,-23.573755249999998,-46.55818375,,,,1,2023-06-19T16:58:18+00:00
SAO_573H-10,São Paulo,3550308,True,,1630,,,-23.583427,-46.532147,,,,1,2023-06-19T16:58:44+00:00
SAO_573H-10,São Paulo,3550308,True,,1630,,,-23.6116475,-46.493727,,,,1,2023-06-19T16:58:35+00:00
SAO_675P-10,São Paulo,3550308,True,,33043,,,-23.677442999999997,-46.701724999999996,,,,2,2023-06-19T16:58:01+00:00
SAO_675P-10,São Paulo,3550308,True,,33043,,,-23.6511705,-46.64769750000001,,,,2,2023-06-19T16:58:42+00:00
SAO_675P-10,São Paulo,3550308,True,,33043,,,-23.677098,-46.701800500000004,,,,2,2023-06-19T16:58:44+00:00
SAO_675P-10,São Paulo,3550308,True,,33043,,,-23.677098,-46.701800500000004,,,,2,2023-06-19T16:55:29+00:00
SAO_675P-10,São Paulo,3550308,True,,33043,,,-23.656631,-46.7000175,,,,2,2023-06-19T16:58:14+00:00
SAO_675P-10,São Paulo,3550308,True,,33043,,,-23.6777555,-46.701674499999996,,,,2,2023-06-19T16:54:05+00:00
SAO_172R-10,São Paulo,3550308,True,,859,,,-23.465965,-46.584261999999995,,,,1,2023-06-19T16:58:17+00:00
SAO_172R-10,São Paulo,3550308,True,,859,,,-23.52851975,-46.602233749999996,,,,1,2023-06-19T16:57:14+00:00
SAO_172R-10,São Paulo,3550308,True,,859,,,-23.478817499999998,-46.572841499999996,,,,1,2023-06-19T16:58:27+00:00
SAO_172R-10,São Paulo,3550308,True,,859,,,-23.465965,-46.584261999999995,,,,1,2023-06-19T16:58:52+00:00
SAO_172R-10,São Paulo,3550308,True,,859,,,-23.487986999999997,-46.5687985,,,,1,2023-06-19T16:57:07+00:00
SAO_172R-10,São Paulo,3550308,True,,859,,,-23.465965,-46.584261999999995,,,,1,2023-06-19T16:58:24+00:00
SAO_172R-10,São Paulo,3550308,True,,859,,,-23.518273,-46.589727374999995,,,,1,2023-06-19T16:58:24+00:00
SAO_172R-10,São Paulo,3550308,True,,859,,,-23.542462,-46.590803,,,,1,2023-06-19T16:58:45+00:00
SAO_172R-10,São Paulo,3550308,True,,859,,,-23.5423885,-46.590565,,,,1,2023-06-19T16:58:29+00:00
SAO_172R-10,São Paulo,3550308,True,,859,,,-23.5062165,-46.577422,,,,1,2023-06-19T16:58:25+00:00
SAO_172R-10,São Paulo,3550308,True,,859,,,-23.5423885,-46.590565,,,,1,2023-06-19T16:58:23+00:00
SAO_172R-10,São Paulo,3550308,True,,859,,,-23.465965,-46.584261999999995,,,,1,2023-06-19T16:58:54+00:00
SAO_208V-10,São Paulo,3550308,True,,32975,,,-23.518861,-46.475532,,,,2,2023-06-19T16:58:16+00:00
SAO_208V-10,São Paulo,3550308,True,,32975,,,-23.52313325,-46.543812,,,,2,2023-06-19T16:58:53+00:00
SAO_208V-10,São Paulo,3550308,True,,32975,,,-23.5476865,-46.6292585,,,,2,2023-06-19T16:58:43+00:00
SAO_208V-10,São Paulo,3550308,True,,32975,,,-23.517572,-46.475783,,,,2,2023-06-19T16:58:34+00:00
SAO_208V-10,São Paulo,3550308,True,,32975,,,-23.5476865,-46.6292585,,,,2,2023-06-19T16:55:27+00:00
SAO_208V-10,São Paulo,3550308,True,,32975,,,-23.5476865,-46.6292585,,,,2,2023-06-19T16:58:38+00:00
SAO_208V-10,São Paulo,3550308,True,,32975,,,-23.510972000000002,-46.508841000000004,,,,2,2023-06-19T16:58:42+00:00
SAO_208V-10,São Paulo,3550308,True,,32975,,,-23.51775,-46.4757475,,,,2,2023-06-19T16:58:52+00:00
SAO_208V-10,São Paulo,3550308,True,,32975,,,-23.5476865,-46.6292585,,,,2,2023-06-19T16:58:24+00:00
SAO_208V-10,São Paulo,3550308,True,,32975,,,-23.5476865,-46.6292585,,,,2,2023-06-19T16:58:30+00:00
SAO_208V-10,São Paulo,3550308,True,,32975,,,-23.535688375,-46.58498425,,,,2,2023-06-19T16:58:39+00:00
SAO_208V-10,São Paulo,3550308,True,,32975,,,-23.517572,-46.475783,,,,2,2023-06-19T16:58:38+00:00
SAO_208V-10,São Paulo,3550308,True,,32975,,,-23.5178825,-46.475722000000005,,,,2,2023-06-19T16:58:20+00:00
SAO_208V-10,São Paulo,3550308,True,,32975,,,-23.52177,-46.5257795,,,,2,2023-06-19T16:58:44+00:00
SAO_208V-10,São Paulo,3550308,True,,32975,,,-23.5173865,-46.47583825,,,,2,2023-06-19T16:58:48+00:00
SAO_4033-10,São Paulo,3550308,True,,33871,,,-23.616911,-46.451253,,,,2,2023-06-19T16:58:44+00:00
SAO_4033-10,São Paulo,3550308,True,,33871,,,-23.6033415,-46.542424,,,,2,2023-06-19T16:58:39+00:00
SAO_4033-10,São Paulo,3550308,True,,33871,,,-23.620516000000002,-46.4668725,,,,2,2023-06-19T16:58:50+00:00
SAO_4033-10,São Paulo,3550308,True,,33871,,,-23.6110595,-46.48686225,,,,2,2023-06-19T16:58:54+00:00
SAO_4033-10,São Paulo,3550308,True,,33871,,,-23.598108500000002,-46.500811,,,,2,2023-06-19T16:58:27+00:00
SAO_4033-10,São Paulo,3550308,True,,33871,,,-23.604306,-46.5384965,,,,2,2023-06-19T16:58:54+00:00
SAO_4033-10,São Paulo,3550308,True,,33871,,,-23.604264,-46.538593500000005,,,,2,2023-06-19T16:58:45+00:00
SAO_4033-10,São Paulo,3550308,True,,33871,,,-23.5987735,-46.5130065,,,,2,2023-06-19T16:58:31+00:00
SAO_3736-10,São Paulo,3550308,True,,1036,,,-23.552593,-46.48406,,,,1,2023-06-19T16:58:53+00:00
SAO_3736-10,São Paulo,3550308,True,,1036,,,-23.545642,-46.483804,,,,1,2023-06-19T16:58:33+00:00
SAO_3736-10,São Paulo,3550308,True,,1036,,,-23.576866,-46.481584749999996,,,,1,2023-06-19T16:58:36+00:00
SAO_3736-10,São Paulo,3550308,True,,1036,,,-23.5421635,-46.4837615,,,,1,2023-06-19T16:58:51+00:00
SAO_3736-10,São Paulo,3550308,True,,1036,,,-23.575533,-46.4834125,,,,1,2023-06-19T16:58:11+00:00
SAO_3736-10,São Paulo,3550308,True,,1036,,,-23.563928750000002,-46.47469650000001,,,,1,2023-06-19T16:58:50+00:00
SAO_8072-10,São Paulo,3550308,True,,2079,,,-23.608897,-46.7516605,,,,1,2023-06-19T16:58:24+00:00
SAO_8072-10,São Paulo,3550308,True,,2079,,,-23.642163,-46.766020499999996,,,,1,2023-06-19T16:58:55+00:00
SAO_8072-10,São Paulo,3550308,True,,2079,,,-23.642163,-46.766020499999996,,,,1,2023-06-19T16:58:16+00:00
SAO_8072-10,São Paulo,3550308,True,,2079,,,-23.639357,-46.761463,,,,1,2023-06-19T16:58:23+00:00
SAO_6041-10,São Paulo,3550308,True,,33986,,,-23.6467045,-46.710442,,,,2,2023-06-19T16:58:32+00:00
SAO_6041-10,São Paulo,3550308,True,,33986,,,-23.652109250000002,-46.758327,,,,2,2023-06-19T16:58:54+00:00
SAO_6041-10,São Paulo,3550308,True,,33986,,,-23.6899145,-46.7808755,,,,2,2023-06-19T16:58:15+00:00
SAO_6041-10,São Paulo,3550308,True,,33986,,,-23.645217000000002,-46.746117999999996,,,,2,2023-06-19T16:58:35+00:00
SAO_6041-10,São Paulo,3550308,True,,33986,,,-23.6899145,-46.7808755,,,,2,2023-06-19T16:58:47+00:00
SAO_6041-10,São Paulo,3550308,True,,33986,,,-23.690071500000002,-46.78081950000001,,,,2,2023-06-19T16:58:30+00:00
SAO_6041-10,São Paulo,3550308,True,,33986,,,-23.690493500000002,-46.780443,,,,2,2023-06-19T16:58:36+00:00
SAO_6041-10,São Paulo,3550308,True,,33986,,,-23.691141,-46.779696,,,,2,2023-06-19T16:58:12+00:00
SAO_6041-10,São Paulo,3550308,True,,33986,,,-23.690249,-46.78073,,,,2,2023-06-19T16:58:12+00:00
SAO_6041-10,São Paulo,3550308,True,,33986,,,-23.6664815,-46.771662,,,,2,2023-06-19T16:58:49+00:00
SAO_2711-10,São Paulo,3550308,True,,33693,,,-23.514456000000003,-46.48103125,,,,2,2023-06-19T16:58:17+00:00
SAO_2711-10,São Paulo,3550308,True,,33693,,,-23.514456125,-46.49641724999999,,,,2,2023-06-19T16:58:07+00:00
SAO_2711-10,São Paulo,3550308,True,,33693,,,-23.514456000000003,-46.48103125,,,,2,2023-06-19T16:58:13+00:00
SAO_1787-10,São Paulo,3550308,True,,33418,,,-23.481288,-46.621871,,,,2,2023-06-19T16:54:17+00:00
SAO_1787-10,São Paulo,3550308,True,,33418,,,-23.4511155,-46.62305775,,,,2,2023-06-19T16:56:40+00:00
SAO_1787-10,São Paulo,3550308,True,,33418,,,-23.4512035,-46.622924499999996,,,,2,2023-06-19T16:58:50+00:00
SAO_7053-10,São Paulo,3550308,True,,34655,,,-23.639813500000002,-46.780530999999996,,,,2,2023-06-19T16:58:17+00:00
SAO_7053-10,São Paulo,3550308,True,,34655,,,-23.653941000000003,-46.78870825,,,,2,2023-06-19T16:58:55+00:00
SAO_7053-10,São Paulo,3550308,True,,34655,,,-23.653941000000003,-46.78870825,,,,2,2023-06-19T16:58:24+00:00
SAO_7053-10,São Paulo,3550308,True,,34655,,,-23.653941000000003,-46.78870825,,,,2,2023-06-19T16:58:37+00:00
SAO_8677-10,São Paulo,3550308,True,EMTU,443,https://moovitapp.com/index/pt-br/transporte_p%C3%BAblico-line-443-Sao_Paulo-242-2038937-36419491-0,5.4,-23.490914875,-46.756142875,,,,1,2023-06-19T16:58:33+00:00
SAO_8677-10,São Paulo,3550308,True,EMTU,443,https://moovitapp.com/index/pt-br/transporte_p%C3%BAblico-line-443-Sao_Paulo-242-2038937-36419491-0,5.4,-23.5244215,-46.7168905,,,,1,2023-06-19T16:58:41+00:00
SAO_8677-10,São Paulo,3550308,True,EMTU,443,https://moovitapp.com/index/pt-br/transporte_p%C3%BAblico-line-443-Sao_Paulo-242-2038937-36419491-0,5.4,-23.4850095,-46.751583,,,,1,2023-06-19T16:58:17+00:00
SAO_8677-10,São Paulo,3550308,True,EMTU,443,https://moovitapp.com/index/pt-br/transporte_p%C3%BAblico-line-443-Sao_Paulo-242-2038937-36419491-0,5.4,-23.5251,-46.683721625000004,,,,1,2023-06-19T16:58:51+00:00
SAO_8677-10,São Paulo,3550308,True,EMTU,443,https://moovitapp.com/index/pt-br/transporte_p%C3%BAblico-line-443-Sao_Paulo-242-2038937-36419491-0,5.4,-23.543921375,-46.638149625,,,,1,2023-06-19T16:58:10+00:00
SAO_3731-10,São Paulo,3550308,True,,1028,,,-23.539874,-46.516463,,,,1,2023-06-19T16:58:27+00:00
SAO_3731-10,São Paulo,3550308,True,,1028,,,-23.539874,-46.516463,,,,1,2023-06-19T16:58:34+00:00
SAO_3731-10,São Paulo,3550308,True,,1028,,,-23.539874,-46.516463,,,,1,2023-06-19T16:58:50+00:00
SAO_3731-10,São Paulo,3550308,True,,1028,,,-23.531472,-46.5291255,,,,1,2023-06-19T16:58:17+00:00
SAO_3731-10,São Paulo,3550308,True,,1028,,,-23.549888,-46.513354,,,,1,2023-06-19T16:58:14+00:00
SAO_3731-10,São Paulo,3550308,True,,1028,,,-23.539874,-46.516463,,,,1,2023-06-19T16:58:31+00:00
SAO_3731-10,São Paulo,3550308,True,,1028,,,-23.533932749999998,-46.52120875,,,,1,2023-06-19T16:58:31+00:00
SAO_6815-10,São Paulo,3550308,True,,32793,,,-23.656924,-46.7639025,,,,2,2023-06-19T16:58:34+00:00
SAO_6815-10,São Paulo,3550308,True,,32793,,,-23.6760165,-46.7830075,,,,2,2023-06-19T16:58:48+00:00
SAO_8300-10,São Paulo,3550308,True,,34032,,,-23.494436999999998,-46.708714,,,,2,2023-06-19T16:58:29+00:00
SAO_3098-10,São Paulo,3550308,True,,1078,,,-23.613114,-46.4722015,,,,1,2023-06-19T16:58:52+00:00
SAO_3098-10,São Paulo,3550308,True,,1078,,,-23.62680625,-46.462272,,,,1,2023-06-19T16:58:28+00:00
SAO_3098-10,São Paulo,3550308,True,,1078,,,-23.5664155,-46.506744,,,,1,2023-06-19T16:58:12+00:00
SAO_3098-10,São Paulo,3550308,True,,1078,,,-23.632133500000002,-46.4563395,,,,1,2023-06-19T16:58:50+00:00
SAO_3098-10,São Paulo,3550308,True,,1078,,,-23.5645445,-46.508259,,,,1,2023-06-19T16:58:52+00:00
SAO_3098-10,São Paulo,3550308,True,,1078,,,-23.602433875,-46.482662375,,,,1,2023-06-19T16:58:18+00:00
SAO_3098-10,São Paulo,3550308,True,,1078,,,-23.5829955,-46.4918475,,,,1,2023-06-19T16:58:42+00:00
SAO_3098-10,São Paulo,3550308,True,,1078,,,-23.633929,-46.458336,,,,1,2023-06-19T16:58:48+00:00
SAO_3098-10,São Paulo,3550308,True,,1078,,,-23.632133500000002,-46.4563395,,,,1,2023-06-19T16:58:12+00:00
SAO_1015-10,São Paulo,3550308,True,,34998,,,-23.4318903125,-46.786874375,,,,2,2023-06-19T16:58:30+00:00
SAO_342N-10,São Paulo,3550308,True,,33771,,,-23.5628445,-46.3949135,,,,2,2023-06-19T16:58:22+00:00
SAO_342N-10,São Paulo,3550308,True,,33771,,,-23.5628445,-46.3949135,,,,2,2023-06-19T16:58:54+00:00
SAO_342N-10,São Paulo,3550308,True,,33771,,,-23.564289000000002,-46.4139585,,,,2,2023-06-19T16:58:52+00:00
SAO_342N-10,São Paulo,3550308,True,,33771,,,-23.5628445,-46.3949135,,,,2,2023-06-19T16:58:49+00:00
SAO_342N-10,São Paulo,3550308,True,,33771,,,-23.534359,-46.429336500000005,,,,2,2023-06-19T16:58:36+00:00
SAO_342N-10,São Paulo,3550308,True,,33771,,,-23.5629515,-46.3946025,,,,2,2023-06-19T16:58:43+00:00
SAO_6003-10,São Paulo,3550308,True,,34240,,,-23.736796499999997,-46.696856,,,,2,2023-06-19T16:58:11+00:00
SAO_6003-10,São Paulo,3550308,True,,34240,,,-23.739612,-46.701891,,,,2,2023-06-19T16:58:23+00:00
SAO_6003-10,São Paulo,3550308,True,,34240,,,-23.736994000000003,-46.69702,,,,2,2023-06-19T16:58:51+00:00
SAO_6003-10,São Paulo,3550308,True,,34240,,,-23.766613,-46.71643,,,,2,2023-06-19T16:58:32+00:00
SAO_5018-10,São Paulo,3550308,True,,1492,,,-23.6483995,-46.641465,,,,1,2023-06-19T16:58:38+00:00
SAO_5018-10,São Paulo,3550308,True,,1492,,,-23.6907965,-46.649257500000004,,,,1,2023-06-19T16:57:37+00:00
SAO_5018-10,São Paulo,3550308,True,,1492,,,-23.675069,-46.673212,,,,1,2023-06-19T16:58:23+00:00
SAO_5018-10,São Paulo,3550308,True,,1492,,,-23.6573515,-46.644684,,,,1,2023-06-19T16:58:33+00:00
SAO_5018-10,São Paulo,3550308,True,,1492,,,-23.691888,-46.6605995,,,,1,2023-06-19T16:58:42+00:00
SAO_5018-10,São Paulo,3550308,True,,1492,,,-23.675069,-46.673212,,,,1,2023-06-19T16:58:31+00:00
SAO_2016-10,São Paulo,3550308,True,,33670,,,-23.49448,-46.414542499999996,,,,2,2023-06-19T16:58:53+00:00
SAO_2016-10,São Paulo,3550308,True,,33670,,,-23.4937945,-46.3896285,,,,2,2023-06-19T16:58:21+00:00
SAO_2016-10,São Paulo,3550308,True,,33670,,,-23.50372375,-46.376094249999994,,,,2,2023-06-19T16:58:34+00:00
SAO_2016-10,São Paulo,3550308,True,,33670,,,-23.503359250000003,-46.375994750000004,,,,2,2023-06-19T16:58:36+00:00
SAO_2016-10,São Paulo,3550308,True,,33670,,,-23.50372375,-46.376094249999994,,,,2,2023-06-19T16:58:41+00:00
SAO_2016-10,São Paulo,3550308,True,,33670,,,-23.497077500000003,-46.4404645,,,,2,2023-06-19T16:58:31+00:00
SAO_407T-10,São Paulo,3550308,True,,34970,,,-23.534293499999997,-46.4445785,,,,2,2023-06-19T16:58:38+00:00
SAO_407T-10,São Paulo,3550308,True,,34970,,,-23.541641750000004,-46.4576865,,,,2,2023-06-19T16:58:46+00:00
SAO_407T-10,São Paulo,3550308,True,,34970,,,-23.538604499999998,-46.44135275,,,,2,2023-06-19T16:58:34+00:00
SAO_875C-10,São Paulo,3550308,True,EMTU,478,https://moovitapp.com/index/pt-br/transporte_p%C3%BAblico-line-478-Sao_Paulo-242-2038937-36419510-0,6.25,-23.601246500000002,-46.650893499999995,,,,1,2023-06-19T16:58:20+00:00
SAO_875C-10,São Paulo,3550308,True,EMTU,478,https://moovitapp.com/index/pt-br/transporte_p%C3%BAblico-line-478-Sao_Paulo-242-2038937-36419510-0,6.25,-23.59849425,-46.63818525,,,,1,2023-06-19T16:58:27+00:00
SAO_875C-10,São Paulo,3550308,True,EMTU,478,https://moovitapp.com/index/pt-br/transporte_p%C3%BAblico-line-478-Sao_Paulo-242-2038937-36419510-0,6.25,-23.5853895,-46.68170825,,,,1,2023-06-19T16:58:53+00:00
SAO_875C-10,São Paulo,3550308,True,EMTU,478,https://moovitapp.com/index/pt-br/transporte_p%C3%BAblico-line-478-Sao_Paulo-242-2038937-36419510-0,6.25,-23.52012,-46.6994665,,,,1,2023-06-19T16:58:15+00:00
SAO_875C-10,São Paulo,3550308,True,EMTU,478,https://moovitapp.com/index/pt-br/transporte_p%C3%BAblico-line-478-Sao_Paulo-242-2038937-36419510-0,6.25,-23.52012,-46.6994665,,,,1,2023-06-19T16:58:29+00:00
SAO_875C-10,São Paulo,3550308,True,EMTU,478,https://moovitapp.com/index/pt-br/transporte_p%C3%BAblico-line-478-Sao_Paulo-242-2038937-36419510-0,6.25,-23.520992749999998,-46.699836,,,,1,2023-06-19T16:58:32+00:00
SAO_875C-10,São Paulo,3550308,True,EMTU,478,https://moovitapp.com/index/pt-br/transporte_p%C3%BAblico-line-478-Sao_Paulo-242-2038937-36419510-0,6.25,-23.59411,-46.6730505,,,,1,2023-06-19T16:58:47+00:00
SAO_875C-10,São Paulo,3550308,True,EMTU,478,https://moovitapp.com/index/pt-br/transporte_p%C3%BAblico-line-478-Sao_Paulo-242-2038937-36419510-0,6.25,-23.52012,-46.6994665,,,,1,2023-06-19T16:58:46+00:00
SAO_875C-10,São Paulo,3550308,True,EMTU,478,https://moovitapp.com/index/pt-br/transporte_p%C3%BAblico-line-478-Sao_Paulo-242-2038937-36419510-0,6.25,-23.5807855,-46.6849815,,,,1,2023-06-19T16:58:32+00:00
SAO_9785-10,São Paulo,3550308,True,,33596,,,-23.520201999999998,-46.671375499999996,,,,2,2023-06-19T16:58:41+00:00
SAO_9785-10,São Paulo,3550308,True,,33596,,,-23.456477,-46.699,,,,2,2023-06-19T16:58:38+00:00
SAO_9785-10,São Paulo,3550308,True,,33596,,,-23.4566515,-46.6990195,,,,2,2023-06-19T16:58:44+00:00
SAO_9785-10,São Paulo,3550308,True,,33596,,,-23.457151000000003,-46.69930275,,,,2,2023-06-19T16:58:48+00:00
SAO_9785-10,São Paulo,3550308,True,,33596,,,-23.456933,-46.69915625,,,,2,2023-06-19T16:58:43+00:00
SAO_9785-10,São Paulo,3550308,True,,33596,,,-23.52752375,-46.67423325,,,,2,2023-06-19T16:58:32+00:00
SAO_9785-10,São Paulo,3550308,True,,33596,,,-23.468484500000002,-46.696687999999995,,,,2,2023-06-19T16:58:22+00:00
SAO_9090-10,São Paulo,3550308,True,,33652,,,-23.462843874999997,-46.676674625000004,,,,2,2023-06-19T16:58:22+00:00
SAO_9090-10,São Paulo,3550308,True,,33652,,,-23.491739000000003,-46.66778775,,,,2,2023-06-19T16:58:11+00:00
SAO_9090-10,São Paulo,3550308,True,,33652,,,-23.462758625,-46.676424874999995,,,,2,2023-06-19T16:58:38+00:00
SAO_9090-10,São Paulo,3550308,True,,33652,,,-23.48376475,-46.66996675,,,,2,2023-06-19T16:58:18+00:00
SAO_233C-10,São Paulo,3550308,True,,32923,,,-23.5257245,-46.474695749999995,,,,2,2023-06-19T16:58:21+00:00
SAO_233C-10,São Paulo,3550308,True,,32923,,,-23.533583,-46.4782095,,,,2,2023-06-19T16:57:52+00:00
SAO_233C-10,São Paulo,3550308,True,,32923,,,-23.559434500000002,-46.553008500000004,,,,2,2023-06-19T16:58:17+00:00
SAO_233C-10,São Paulo,3550308,True,,32923,,,-23.547503,-46.4844585,,,,2,2023-06-19T16:58:11+00:00
SAO_233C-10,São Paulo,3550308,True,,32923,,,-23.518619375,-46.475986625,,,,2,2023-06-19T16:58:32+00:00
SAO_3414-10,São Paulo,3550308,True,,746,,,-23.5461345,-46.630341,,,,1,2023-06-19T16:58:13+00:00
SAO_3414-10,São Paulo,3550308,True,,746,,,-23.537018500000002,-46.528478,,,,1,2023-06-19T16:58:22+00:00
SAO_3414-10,São Paulo,3550308,True,,746,,,-23.5488585,-46.6043695,,,,1,2023-06-19T16:58:24+00:00
SAO_3731-10,São Paulo,3550308,True,,33796,,,-23.53588175,-46.520120500000004,,,,2,2023-06-19T16:58:17+00:00
SAO_3731-10,São Paulo,3550308,True,,33796,,,-23.550242,-46.517579250000004,,,,2,2023-06-19T16:58:39+00:00
SAO_3731-10,São Paulo,3550308,True,,33796,,,-23.539437,-46.5168635,,,,2,2023-06-19T16:58:23+00:00
SAO_3731-10,São Paulo,3550308,True,,33796,,,-23.563868499999998,-46.502337,,,,2,2023-06-19T16:58:25+00:00
SAO_3731-10,São Paulo,3550308,True,,33796,,,-23.563913499999998,-46.502575500000006,,,,2,2023-06-19T16:58:21+00:00
SAO_5145-10,São Paulo,3550308,True,,1641,,,-23.573541249999998,-46.55886325,,,,1,2023-06-19T16:58:11+00:00
SAO_5145-10,São Paulo,3550308,True,,1641,,,-23.56448275,-46.6173095,,,,1,2023-06-19T16:58:52+00:00
SAO_5145-10,São Paulo,3550308,True,,1641,,,-23.556521500000002,-46.633036000000004,,,,1,2023-06-19T16:58:49+00:00
SAO_5145-10,São Paulo,3550308,True,,1641,,,-23.610653,-46.501200749999995,,,,1,2023-06-19T16:54:23+00:00
SAO_2060-10,São Paulo,3550308,True,EMTU,134,https://moovitapp.com/index/pt-br/transporte_p%C3%BAblico-line-134-Sao_Paulo-242-2038937-36419287-0,5.2,-23.521359000000004,-46.475600937500005,,,,1,2023-06-19T16:58:26+00:00
SAO_3134-10,São Paulo,3550308,True,,993,,,-23.590787,-46.587112625,,,,1,2023-06-19T16:58:29+00:00
SAO_3134-10,São Paulo,3550308,True,,993,,,-23.5817345,-46.5369235,,,,1,2023-06-19T16:58:46+00:00
SAO_3134-10,São Paulo,3550308,True,,993,,,-23.5765035,-46.5159505,,,,1,2023-06-19T16:58:25+00:00
SAO_3134-10,São Paulo,3550308,True,,993,,,-23.573183999999998,-46.567899499999996,,,,1,2023-06-19T16:58:10+00:00
SAO_3134-10,São Paulo,3550308,True,,993,,,-23.563519,-46.5054075,,,,1,2023-06-19T16:58:17+00:00
SAO_3134-10,São Paulo,3550308,True,,993,,,-23.58720175,-46.58416875,,,,1,2023-06-19T16:58:16+00:00
SAO_1756-10,São Paulo,3550308,True,,33315,,,-23.4580645,-46.6433105,,,,2,2023-06-19T16:58:33+00:00
SAO_1756-10,São Paulo,3550308,True,,33315,,,-23.465820625,-46.6515105,,,,2,2023-06-19T16:58:24+00:00
SAO_1756-10,São Paulo,3550308,True,,33315,,,-23.491509999999998,-46.62834925,,,,2,2023-06-19T16:58:21+00:00
SAO_1756-10,São Paulo,3550308,True,,33315,,,-23.458094,-46.642975500000006,,,,2,2023-06-19T16:58:31+00:00
SAO_1756-10,São Paulo,3550308,True,,33315,,,-23.5022335,-46.624007,,,,2,2023-06-19T16:58:25+00:00
SAO_1756-10,São Paulo,3550308,True,,33315,,,-23.4580515,-46.6428225,,,,2,2023-06-19T16:58:43+00:00
SAO_8016-10,São Paulo,3550308,True,,34114,,,-23.4435615,-46.735414500000005,,,,2,2023-06-19T16:58:55+00:00
SAO_8016-10,São Paulo,3550308,True,,34114,,,-23.4496245,-46.71754,,,,2,2023-06-19T16:58:15+00:00
SAO_8016-10,São Paulo,3550308,True,,34114,,,-23.443813499999997,-46.735476500000004,,,,2,2023-06-19T16:58:34+00:00
SAO_8016-10,São Paulo,3550308,True,,34114,,,-23.4329245,-46.727258,,,,2,2023-06-19T16:58:29+00:00
SAO_8016-10,São Paulo,3550308,True,,34114,,,-23.484643,-46.722937,,,,2,2023-06-19T16:58:43+00:00
SAO_527R-10,São Paulo,3550308,True,,33039,,,-23.67512,-46.650225500000005,,,,2,2023-06-19T16:58:53+00:00
SAO_527R-10,São Paulo,3550308,True,,33039,,,-23.665155499999997,-46.67816625,,,,2,2023-06-19T16:58:20+00:00
SAO_527R-10,São Paulo,3550308,True,,33039,,,-23.6667895,-46.69017375,,,,2,2023-06-19T16:58:45+00:00
SAO_527R-10,São Paulo,3550308,True,,33039,,,-23.66534325,-46.65824125,,,,2,2023-06-19T16:58:10+00:00
SAO_9354-10,São Paulo,3550308,True,,708,,,-23.536755,-46.64237325,,,,1,2023-06-19T16:58:53+00:00
SAO_9354-10,São Paulo,3550308,True,,708,,,-23.484574000000002,-46.6532465,,,,1,2023-06-19T16:58:48+00:00
SAO_9354-10,São Paulo,3550308,True,,708,,,-23.500400875,-46.65550775,,,,1,2023-06-19T16:58:38+00:00
SAO_4114-10,São Paulo,3550308,True,EMTU,321,https://moovitapp.com/index/pt-br/transporte_p%C3%BAblico-line-321-Sao_Paulo-242-2038937-36419411-0,5.4,-23.5836355,-46.62760975,,,,1,2023-06-19T16:58:33+00:00
SAO_4114-10,São Paulo,3550308,True,EMTU,321,https://moovitapp.com/index/pt-br/transporte_p%C3%BAblico-line-321-Sao_Paulo-242-2038937-36419411-0,5.4,-23.547106,-46.629678,,,,1,2023-06-19T16:58:43+00:00
SAO_2025-10,São Paulo,3550308,True,,35035,,,-23.4514925,-46.571777499999996,,,,2,2023-06-19T16:58:26+00:00
SAO_2025-10,São Paulo,3550308,True,,35035,,,-23.502243999999997,-46.623825,,,,2,2023-06-19T16:58:48+00:00
SAO_2025-10,São Paulo,3550308,True,,35035,,,-23.453883750000003,-46.57390825,,,,2,2023-06-19T16:58:31+00:00
SAO_2025-10,São Paulo,3550308,True,,35035,,,-23.502243999999997,-46.623825,,,,2,2023-06-19T16:58:48+00:00
SAO_2025-10,São Paulo,3550308,True,,35035,,,-23.488936125000002,-46.60961825,,,,2,2023-06-19T16:58:29+00:00
SAO_2025-10,São Paulo,3550308,True,,35035,,,-23.502243999999997,-46.623825,,,,2,2023-06-19T16:58:29+00:00
SAO_2025-10,São Paulo,3550308,True,,35035,,,-23.4509685,-46.57224025,,,,2,2023-06-19T16:58:45+00:00
SAO_2025-10,São Paulo,3550308,True,,35035,,,-23.460341,-46.5855915,,,,2,2023-06-19T16:58:50+00:00
SAO_3462-10,São Paulo,3550308,True,,33015,,,-23.527414,-46.4551295,,,,2,2023-06-19T16:58:42+00:00
SAO_3462-10,São Paulo,3550308,True,,33015,,,-23.523117,-46.513872,,,,2,2023-06-19T16:52:51+00:00
SAO_3462-10,São Paulo,3550308,True,,33015,,,-23.527654749999996,-46.4550565,,,,2,2023-06-19T16:58:48+00:00
SAO_3462-10,São Paulo,3550308,True,,33015,,,-23.5342675,-46.4545895,,,,2,2023-06-19T16:58:35+00:00
SAO_2026-10,São Paulo,3550308,True,,35037,,,-23.461197499999997,-46.582989999999995,,,,2,2023-06-19T16:58:11+00:00
SAO_2026-10,São Paulo,3550308,True,,35037,,,-23.461329499999998,-46.582954,,,,2,2023-06-19T16:58:37+00:00
SAO_2710-10,São Paulo,3550308,True,,924,,,-23.5209485,-46.497466,,,,1,2023-06-19T16:58:29+00:00
SAO_2710-10,São Paulo,3550308,True,,924,,,-23.519357,-46.4809745,,,,1,2023-06-19T16:58:51+00:00
SAO_514T-10,São Paulo,3550308,True,,1671,,,-23.5846125,-46.546569500000004,,,,1,2023-06-19T16:58:38+00:00
SAO_514T-10,São Paulo,3550308,True,,1671,,,-23.595152499999998,-46.503015500000004,,,,1,2023-06-19T16:58:40+00:00
SAO_514T-10,São Paulo,3550308,True,,1671,,,-23.5859875,-46.526039,,,,1,2023-06-19T16:58:14+00:00
SAO_514T-10,São Paulo,3550308,True,,1671,,,-23.5929065,-46.4985205,,,,1,2023-06-19T16:58:18+00:00
SAO_514T-10,São Paulo,3550308,True,,1671,,,-23.592166625,-46.610178125000004,,,,1,2023-06-19T16:58:23+00:00
SAO_514T-10,São Paulo,3550308,True,,1671,,,-23.596735000000002,-46.5008875,,,,1,2023-06-19T16:58:29+00:00
SAO_514T-10,São Paulo,3550308,True,,1671,,,-23.593101500000003,-46.498408749999996,,,,1,2023-06-19T16:58:39+00:00
SAO_514T-10,São Paulo,3550308,True,,1671,,,-23.584493000000002,-46.586220499999996,,,,1,2023-06-19T16:58:49+00:00
SAO_514T-10,São Paulo,3550308,True,,1671,,,-23.593101500000003,-46.498408749999996,,,,1,2023-06-19T16:58:42+00:00
SAO_514T-10,São Paulo,3550308,True,,1671,,,-23.5830855,-46.6005955,,,,1,2023-06-19T16:58:52+00:00
SAO_514T-10,São Paulo,3550308,True,,1671,,,-23.593101500000003,-46.498408749999996,,,,1,2023-06-19T16:58:17+00:00
SAO_6080-10,São Paulo,3550308,True,,1168,,,-23.754529499999997,-46.673723499999994,,,,1,2023-06-19T16:58:38+00:00
SAO_6080-10,São Paulo,3550308,True,,1168,,,-23.682207,-46.6758235,,,,1,2023-06-19T16:58:54+00:00
SAO_6080-10,São Paulo,3550308,True,,1168,,,-23.759863000000003,-46.677721,,,,1,2023-06-19T16:58:34+00:00
SAO_6080-10,São Paulo,3550308,True,,1168,,,-23.67939875,-46.686052249999996,,,,1,2023-06-19T16:58:50+00:00
SAO_6080-10,São Paulo,3550308,True,,1168,,,-23.759982,-46.6777045,,,,1,2023-06-19T16:58:23+00:00
SAO_6080-10,São Paulo,3550308,True,,1168,,,-23.716451499999998,-46.699146999999996,,,,1,2023-06-19T16:58:16+00:00
SAO_6080-10,São Paulo,3550308,True,,1168,,,-23.76019,-46.67781,,,,1,2023-06-19T16:58:55+00:00
SAO_6080-10,São Paulo,3550308,True,,1168,,,-23.7431225,-46.6917315,,,,1,2023-06-19T16:58:36+00:00
SAO_7009-10,São Paulo,3550308,True,,1951,,,-23.678915250000003,-46.7633535,,,,1,2023-06-19T16:58:16+00:00
SAO_7009-10,São Paulo,3550308,True,,1951,,,-23.7041605,-46.787671,,,,1,2023-06-19T16:58:14+00:00
SAO_7009-10,São Paulo,3550308,True,,1951,,,-23.704196500000002,-46.787588,,,,1,2023-06-19T16:58:26+00:00
SAO_7009-10,São Paulo,3550308,True,,1951,,,-23.704196500000002,-46.787588,,,,1,2023-06-19T16:58:22+00:00
SAO_7009-10,São Paulo,3550308,True,,1951,,,-23.7019605,-46.7823185,,,,1,2023-06-19T16:58:22+00:00
SAO_1742-10,São Paulo,3550308,True,,33310,,,-23.4571095,-46.658943,,,,2,2023-06-19T16:58:14+00:00
SAO_1742-10,São Paulo,3550308,True,,33310,,,-23.486632999999998,-46.6274265,,,,2,2023-06-19T16:58:04+00:00
SAO_1742-10,São Paulo,3550308,True,,33310,,,-23.4646355,-46.6545445,,,,2,2023-06-19T16:58:21+00:00
SAO_6031-10,São Paulo,3550308,True,,92,,,-23.7380205,-46.697914499999996,,,,1,2023-06-19T16:58:16+00:00
SAO_6031-10,São Paulo,3550308,True,,92,,,-23.7379375,-46.697804500000004,,,,1,2023-06-19T16:58:54+00:00
SAO_6031-10,São Paulo,3550308,True,,92,,,-23.751123,-46.698282500000005,,,,1,2023-06-19T16:58:13+00:00
SAO_6031-10,São Paulo,3550308,True,,92,,,-23.7545515,-46.7090115,,,,1,2023-06-19T16:58:27+00:00
SAO_233A-10,São Paulo,3550308,True,EMTU,249,https://moovitapp.com/index/pt-br/transporte_p%C3%BAblico-line-249-Sao_Paulo-242-2038937-58093193-0,5.4,-23.558199000000002,-46.522121,,,,1,2023-06-19T16:58:41+00:00
SAO_233A-10,São Paulo,3550308,True,EMTU,249,https://moovitapp.com/index/pt-br/transporte_p%C3%BAblico-line-249-Sao_Paulo-242-2038937-58093193-0,5.4,-23.544663,-46.500123,,,,1,2023-06-19T16:58:49+00:00
SAO_233A-10,São Paulo,3550308,True,EMTU,249,https://moovitapp.com/index/pt-br/transporte_p%C3%BAblico-line-249-Sao_Paulo-242-2038937-58093193-0,5.4,-23.4849328125,-46.4321224375,,,,1,2023-06-19T16:58:31+00:00
SAO_233A-10,São Paulo,3550308,True,EMTU,249,https://moovitapp.com/index/pt-br/transporte_p%C3%BAblico-line-249-Sao_Paulo-242-2038937-58093193-0,5.4,-23.534931,-46.454436,,,,1,2023-06-19T16:58:47+00:00
SAO_233A-10,São Paulo,3550308,True,EMTU,249,https://moovitapp.com/index/pt-br/transporte_p%C3%BAblico-line-249-Sao_Paulo-242-2038937-58093193-0,5.4,-23.534938500000003,-46.493519,,,,1,2023-06-19T16:57:05+00:00
SAO_6338-10,São Paulo,3550308,True,,34061,,,-23.6801235,-46.637139000000005,,,,2,2023-06-19T16:58:21+00:00
SAO_6338-10,São Paulo,3550308,True,,34061,,,-23.659168,-46.650328,,,,2,2023-06-19T16:58:13+00:00
SAO_6338-10,São Paulo,3550308,True,,34061,,,-23.680594499999998,-46.6375585,,,,2,2023-06-19T16:58:10+00:00
SAO_6338-10,São Paulo,3550308,True,,34061,,,-23.58160625,-46.65627475,,,,2,2023-06-19T16:56:31+00:00
SAO_6338-10,São Paulo,3550308,True,,34061,,,-23.6567085,-46.648468,,,,2,2023-06-19T16:58:23+00:00
SAO_3003-10,São Paulo,3550308,True,,34565,,,-23.4789405,-46.4207895,,,,2,2023-06-19T16:58:25+00:00
SAO_3003-10,São Paulo,3550308,True,,34565,,,-23.479059749999998,-46.42096825,,,,2,2023-06-19T16:58:42+00:00
SAO_3003-10,São Paulo,3550308,True,,34565,,,-23.493530999999997,-46.4036435,,,,2,2023-06-19T16:58:15+00:00
SAO_3003-10,São Paulo,3550308,True,,34565,,,-23.478868,-46.420681,,,,2,2023-06-19T16:58:35+00:00
SAO_2105-10,São Paulo,3550308,True,,35015,,,-23.448801500000002,-46.583089,,,,2,2023-06-19T16:57:46+00:00
SAO_2105-10,São Paulo,3550308,True,,35015,,,-23.434998,-46.5813665,,,,2,2023-06-19T16:58:27+00:00
SAO_2105-10,São Paulo,3550308,True,,35015,,,-23.4556325,-46.590016000000006,,,,2,2023-06-19T16:58:31+00:00
SAO_2105-10,São Paulo,3550308,True,,35015,,,-23.451667,-46.585381999999996,,,,2,2023-06-19T16:58:50+00:00
SAO_2105-10,São Paulo,3550308,True,,35015,,,-23.4760865,-46.6092085,,,,2,2023-06-19T16:58:18+00:00
SAO_2105-10,São Paulo,3550308,True,,35015,,,-23.4350765,-46.581492999999995,,,,2,2023-06-19T16:58:51+00:00
SAO_2105-10,São Paulo,3550308,True,,35015,,,-23.4404255,-46.577217000000005,,,,2,2023-06-19T16:58:42+00:00
SAO_2105-10,São Paulo,3550308,True,,35015,,,-23.495282375000002,-46.622356375,,,,2,2023-06-19T16:58:11+00:00
SAO_2105-10,São Paulo,3550308,True,,35015,,,-23.4349075,-46.581235,,,,2,2023-06-19T16:58:50+00:00
SAO_8545-10,São Paulo,3550308,True,,1364,,,-23.464699000000003,-46.696727499999994,,,,1,2023-06-19T16:58:51+00:00
SAO_8545-10,São Paulo,3550308,True,,1364,,,-23.4843325,-46.688049,,,,1,2023-06-19T16:58:38+00:00
SAO_8545-10,São Paulo,3550308,True,,1364,,,-23.52500225,-46.687619624999996,,,,1,2023-06-19T16:58:40+00:00
SAO_2007-10,São Paulo,3550308,True,,33664,,,-23.510008749999997,-46.3703235,,,,2,2023-06-19T16:58:17+00:00
SAO_2007-10,São Paulo,3550308,True,,33664,,,-23.51009825,-46.370076499999996,,,,2,2023-06-19T16:58:45+00:00
SAO_2007-10,São Paulo,3550308,True,,33664,,,-23.5095785,-46.37041775,,,,2,2023-06-19T16:58:44+00:00
SAO_2007-10,São Paulo,3550308,True,,33664,,,-23.510008749999997,-46.3703235,,,,2,2023-06-19T16:58:25+00:00
SAO_2007-10,São Paulo,3550308,True,,33664,,,-23.496409,-46.4013475,,,,2,2023-06-19T16:58:51+00:00
SAO_2007-10,São Paulo,3550308,True,,33664,,,-23.5015765,-46.3805285,,,,2,2023-06-19T16:58:25+00:00
SAO_2007-10,São Paulo,3550308,True,,33664,,,-23.49904575,-46.381572500000004,,,,2,2023-06-19T16:58:42+00:00
SAO_8549-10,São Paulo,3550308,True,,33348,,,-23.442132625,-46.706932125,,,,2,2023-06-19T16:58:18+00:00
SAO_8549-10,São Paulo,3550308,True,,33348,,,-23.436301125,-46.716888125,,,,2,2023-06-19T16:58:44+00:00
SAO_8549-10,São Paulo,3550308,True,,33348,,,-23.476273,-46.679434,,,,2,2023-06-19T16:58:37+00:00
SAO_8549-10,São Paulo,3550308,True,,33348,,,-23.436301125,-46.716888125,,,,2,2023-06-19T16:58:32+00:00
SAO_8549-10,São Paulo,3550308,True,,33348,,,-23.5319375,-46.66144,,,,2,2023-06-19T16:58:14+00:00
SAO_8549-10,São Paulo,3550308,True,,33348,,,-23.512263,-46.690323500000005,,,,2,2023-06-19T16:58:30+00:00
SAO_8549-10,São Paulo,3550308,True,,33348,,,-23.4362225,-46.717113499999996,,,,2,2023-06-19T16:58:11+00:00
SAO_6063-42,São Paulo,3550308,True,,34770,,,-23.809537,-46.662284,,,,2,2023-06-19T16:58:11+00:00
SAO_6063-42,São Paulo,3550308,True,,34770,,,-23.8002035,-46.6793035,,,,2,2023-06-19T16:53:27+00:00
SAO_6063-42,São Paulo,3550308,True,,34770,,,-23.809403,-46.6612485,,,,2,2023-06-19T16:58:45+00:00
SAO_809L-10,São Paulo,3550308,True,,1949,,,-23.6326575,-46.772532,,,,1,2023-06-19T16:58:18+00:00
SAO_809L-10,São Paulo,3550308,True,,1949,,,-23.5291755,-46.705977000000004,,,,1,2023-06-19T16:58:26+00:00
SAO_809L-10,São Paulo,3550308,True,,1949,,,-23.611626,-46.7539965,,,,1,2023-06-19T16:58:40+00:00
SAO_809L-10,São Paulo,3550308,True,,1949,,,-23.6323625,-46.7722555,,,,1,2023-06-19T16:58:46+00:00
SAO_809L-10,São Paulo,3550308,True,,1949,,,-23.567638000000002,-46.7075215,,,,1,2023-06-19T16:58:42+00:00
SAO_809L-10,São Paulo,3550308,True,,1949,,,-23.524305375,-46.699206375,,,,1,2023-06-19T16:58:12+00:00
SAO_809L-10,São Paulo,3550308,True,,1949,,,-23.6323625,-46.7722555,,,,1,2023-06-19T16:58:15+00:00
SAO_809L-10,São Paulo,3550308,True,,1949,,,-23.6315005,-46.773324,,,,1,2023-06-19T16:58:32+00:00
SAO_809L-10,São Paulo,3550308,True,,1949,,,-23.585135,-46.728623,,,,1,2023-06-19T16:58:54+00:00
SAO_9784-10,São Paulo,3550308,True,,33595,,,-23.506068749999997,-46.668161500000004,,,,2,2023-06-19T16:58:35+00:00
SAO_9784-10,São Paulo,3550308,True,,33595,,,-23.4507675,-46.683319374999996,,,,2,2023-06-19T16:58:49+00:00
SAO_9784-10,São Paulo,3550308,True,,33595,,,-23.459937,-46.6727405,,,,2,2023-06-19T16:58:53+00:00
SAO_9784-10,São Paulo,3550308,True,,33595,,,-23.4507675,-46.683319374999996,,,,2,2023-06-19T16:58:50+00:00
SAO_9784-10,São Paulo,3550308,True,,33595,,,-23.5244735,-46.6661695,,,,2,2023-06-19T16:58:36+00:00
SAO_9784-10,São Paulo,3550308,True,,33595,,,-23.4507675,-46.683319374999996,,,,2,2023-06-19T16:58:15+00:00
SAO_9784-10,São Paulo,3550308,True,,33595,,,-23.473617500000003,-46.6672885,,,,2,2023-06-19T16:58:33+00:00
SAO_9784-10,São Paulo,3550308,True,,33595,,,-23.500958500000003,-46.665136000000004,,,,2,2023-06-19T16:58:48+00:00
SAO_407P-10,São Paulo,3550308,True,,34968,,,-23.540557,-46.464537,,,,2,2023-06-19T16:58:20+00:00
SAO_407P-10,São Paulo,3550308,True,,34968,,,-23.5257785,-46.444421000000006,,,,2,2023-06-19T16:58:12+00:00
SAO_407P-10,São Paulo,3550308,True,,34968,,,-23.534867,-46.547666,,,,2,2023-06-19T16:58:18+00:00
SAO_407P-10,São Paulo,3550308,True,,34968,,,-23.541269,-46.5768465,,,,2,2023-06-19T16:58:32+00:00
SAO_407P-10,São Paulo,3550308,True,,34968,,,-23.541269,-46.5768465,,,,2,2023-06-19T16:58:27+00:00
SAO_407P-10,São Paulo,3550308,True,,34968,,,-23.541269,-46.5768465,,,,2,2023-06-19T16:58:13+00:00
SAO_407P-10,São Paulo,3550308,True,,34968,,,-23.583137,-46.4079365,,,,2,2023-06-19T16:58:49+00:00
SAO_407P-10,São Paulo,3550308,True,,34968,,,-23.5412835,-46.576983,,,,2,2023-06-19T16:58:48+00:00
SAO_407P-10,São Paulo,3550308,True,,34968,,,-23.583026,-46.408417,,,,2,2023-06-19T16:58:31+00:00
SAO_407P-10,São Paulo,3550308,True,,34968,,,-23.571388499999998,-46.415564,,,,2,2023-06-19T16:58:18+00:00
SAO_407P-10,São Paulo,3550308,True,,34968,,,-23.542432,-46.41032225,,,,2,2023-06-19T16:56:09+00:00
SAO_407P-10,São Paulo,3550308,True,,34968,,,-23.583026,-46.408417,,,,2,2023-06-19T16:58:30+00:00
SAO_709G-10,São Paulo,3550308,True,,2020,,,-23.612157,-46.677786250000004,,,,1,2023-06-19T16:58:51+00:00
SAO_709G-10,São Paulo,3550308,True,,2020,,,-23.58849525,-46.68147675,,,,1,2023-06-19T16:58:51+00:00
SAO_709G-10,São Paulo,3550308,True,,2020,,,-23.660857999999998,-46.704792,,,,1,2023-06-19T16:58:39+00:00
SAO_1745-10,São Paulo,3550308,True,,546,,,-23.475334,-46.6509175,,,,1,2023-06-19T16:58:33+00:00
SAO_1745-10,São Paulo,3550308,True,,546,,,-23.5123485,-46.62617,,,,1,2023-06-19T16:58:28+00:00
SAO_1745-10,São Paulo,3550308,True,,546,,,-23.500266,-46.6352555,,,,1,2023-06-19T16:58:12+00:00
SAO_1745-10,São Paulo,3550308,True,,546,,,-23.473242499999998,-46.665350000000004,,,,1,2023-06-19T16:58:23+00:00
SAO_148P-10,São Paulo,3550308,True,EMTU,534,https://moovitapp.com/index/pt-br/transporte_p%C3%BAblico-line-534-Sao_Paulo-242-2038937-36419546-0,6.3,-23.475863,-46.66387475,,,,1,2023-06-19T16:58:33+00:00
SAO_148P-10,São Paulo,3550308,True,EMTU,534,https://moovitapp.com/index/pt-br/transporte_p%C3%BAblico-line-534-Sao_Paulo-242-2038937-36419546-0,6.3,-23.463556250000003,-46.65331575,,,,1,2023-06-19T16:58:41+00:00
SAO_148P-10,São Paulo,3550308,True,EMTU,534,https://moovitapp.com/index/pt-br/transporte_p%C3%BAblico-line-534-Sao_Paulo-242-2038937-36419546-0,6.3,-23.503255,-46.658032,,,,1,2023-06-19T16:58:26+00:00
SAO_148P-10,São Paulo,3550308,True,EMTU,534,https://moovitapp.com/index/pt-br/transporte_p%C3%BAblico-line-534-Sao_Paulo-242-2038937-36419546-0,6.3,-23.526927999999998,-46.664887,,,,1,2023-06-19T16:58:24+00:00
SAO_148P-10,São Paulo,3550308,True,EMTU,534,https://moovitapp.com/index/pt-br/transporte_p%C3%BAblico-line-534-Sao_Paulo-242-2038937-36419546-0,6.3,-23.457928,-46.642896500000006,,,,1,2023-06-19T16:58:50+00:00
SAO_2721-10,São Paulo,3550308,True,,33702,,,-23.5057435,-46.4113465,,,,2,2023-06-19T16:58:19+00:00
SAO_2721-10,São Paulo,3550308,True,,33702,,,-23.5186395,-46.4096585,,,,2,2023-06-19T16:58:15+00:00
SAO_2721-10,São Paulo,3550308,True,,33702,,,-23.5182455,-46.40958,,,,2,2023-06-19T16:58:18+00:00
SAO_2721-10,São Paulo,3550308,True,,33702,,,-23.521803,-46.4435405,,,,2,2023-06-19T16:58:24+00:00
SAO_2721-10,São Paulo,3550308,True,,33702,,,-23.49406675,-46.416063,,,,2,2023-06-19T16:58:39+00:00
SAO_2721-10,São Paulo,3550308,True,,33702,,,-23.519512499999998,-46.4094765,,,,2,2023-06-19T16:58:16+00:00
SAO_2721-10,São Paulo,3550308,True,,33702,,,-23.51892875,-46.4096125,,,,2,2023-06-19T16:58:20+00:00
SAO_2721-10,São Paulo,3550308,True,,33702,,,-23.50120275,-46.44000275,,,,2,2023-06-19T16:58:31+00:00
SAO_2721-10,São Paulo,3550308,True,,33702,,,-23.5186395,-46.4096585,,,,2,2023-06-19T16:58:49+00:00
SAO_2721-10,São Paulo,3550308,True,,33702,,,-23.540258,-46.472415,,,,2,2023-06-19T16:58:19+00:00
SAO_2721-10,São Paulo,3550308,True,,33702,,,-23.519723499999998,-46.4094305,,,,2,2023-06-19T16:58:19+00:00
SAO_6058-10,São Paulo,3550308,True,,1149,,,-23.767591,-46.7163045,,,,1,2023-06-19T16:58:35+00:00
SAO_6058-10,São Paulo,3550308,True,,1149,,,-23.769839,-46.680482999999995,,,,1,2023-06-19T16:58:24+00:00
SAO_6058-10,São Paulo,3550308,True,,1149,,,-23.769851000000003,-46.676743,,,,1,2023-06-19T16:58:37+00:00
SAO_6058-10,São Paulo,3550308,True,,1149,,,-23.774055625000003,-46.706195,,,,1,2023-06-19T16:58:18+00:00
SAO_888P-10,São Paulo,3550308,True,EMTU,454,https://moovitapp.com/index/pt-br/transporte_p%C3%BAblico-line-454-Sao_Paulo-242-2038937-36419497-0,5.25,-23.441239500000002,-46.712018,,,,1,2023-06-19T16:58:14+00:00
SAO_888P-10,São Paulo,3550308,True,EMTU,454,https://moovitapp.com/index/pt-br/transporte_p%C3%BAblico-line-454-Sao_Paulo-242-2038937-36419497-0,5.25,-23.4416405,-46.749295000000004,,,,1,2023-06-19T16:58:25+00:00
SAO_888P-10,São Paulo,3550308,True,EMTU,454,https://moovitapp.com/index/pt-br/transporte_p%C3%BAblico-line-454-Sao_Paulo-242-2038937-36419497-0,5.25,-23.408581,-46.74407475,,,,1,2023-06-19T16:58:54+00:00
SAO_888P-10,São Paulo,3550308,True,EMTU,454,https://moovitapp.com/index/pt-br/transporte_p%C3%BAblico-line-454-Sao_Paulo-242-2038937-36419497-0,5.25,-23.4093855,-46.7411825,,,,1,2023-06-19T16:58:19+00:00
SAO_178T-10,São Paulo,3550308,True,,33333,,,-23.503539,-46.7061825,,,,2,2023-06-19T16:58:52+00:00
SAO_178T-10,São Paulo,3550308,True,,33333,,,-23.495355,-46.630343999999994,,,,2,2023-06-19T16:58:16+00:00
SAO_178T-10,São Paulo,3550308,True,,33333,,,-23.524752499999998,-46.737267,,,,2,2023-06-19T16:58:26+00:00
SAO_178T-10,São Paulo,3550308,True,,33333,,,-23.5031265,-46.624462,,,,2,2023-06-19T16:58:24+00:00
SAO_178T-10,São Paulo,3550308,True,,33333,,,-23.51979775,-46.7060565,,,,2,2023-06-19T16:58:32+00:00
SAO_178T-10,São Paulo,3550308,True,,33333,,,-23.53098,-46.734971,,,,2,2023-06-19T16:58:46+00:00
SAO_178T-10,São Paulo,3550308,True,,33333,,,-23.503915,-46.673922625,,,,2,2023-06-19T16:58:37+00:00
SAO_407F-10,São Paulo,3550308,True,,2167,,,-23.612665,-46.476373499999994,,,,1,2023-06-19T16:58:41+00:00
SAO_407F-10,São Paulo,3550308,True,,2167,,,-23.612665,-46.476373499999994,,,,1,2023-06-19T16:58:18+00:00
SAO_407F-10,São Paulo,3550308,True,,2167,,,-23.544957,-46.592942,,,,1,2023-06-19T16:58:40+00:00
SAO_407F-10,São Paulo,3550308,True,,2167,,,-23.612665,-46.476373499999994,,,,1,2023-06-19T16:58:40+00:00
SAO_407F-10,São Paulo,3550308,True,,2167,,,-23.61249,-46.4756075,,,,1,2023-06-19T16:58:40+00:00
SAO_809U-10,São Paulo,3550308,True,,35022,,,-23.5526805,-46.731851500000005,,,,2,2023-06-19T16:58:52+00:00
SAO_809U-10,São Paulo,3550308,True,,35022,,,-23.543732,-46.6943445,,,,2,2023-06-19T16:58:32+00:00
SAO_8026-10,São Paulo,3550308,True,,2083,,,-23.5910905,-46.735774500000005,,,,1,2023-06-19T16:58:19+00:00
SAO_8026-10,São Paulo,3550308,True,,2083,,,-23.6328585,-46.747187,,,,1,2023-06-19T16:58:45+00:00
SAO_8026-10,São Paulo,3550308,True,,2083,,,-23.59181125,-46.73579,,,,1,2023-06-19T16:58:21+00:00
SAO_8026-10,São Paulo,3550308,True,,2083,,,-23.6328585,-46.747187,,,,1,2023-06-19T16:58:29+00:00
SAO_8026-10,São Paulo,3550308,True,,2083,,,-23.6174925,-46.75708,,,,1,2023-06-19T16:58:07+00:00
SAO_8026-10,São Paulo,3550308,True,,2083,,,-23.6328585,-46.747187,,,,1,2023-06-19T16:58:09+00:00
SAO_8026-10,São Paulo,3550308,True,,2083,,,-23.6328585,-46.747187,,,,1,2023-06-19T16:58:45+00:00
SAO_809P-10,São Paulo,3550308,True,,1891,,,-23.591213500000002,-46.73084525,,,,1,2023-06-19T16:58:50+00:00
SAO_809P-10,São Paulo,3550308,True,,1891,,,-23.565880999999997,-46.701195,,,,1,2023-06-19T16:58:47+00:00
SAO_809P-10,São Paulo,3550308,True,,1891,,,-23.622169,-46.7590395,,,,1,2023-06-19T16:58:53+00:00
SAO_809P-10,São Paulo,3550308,True,,1891,,,-23.6310935,-46.773485,,,,1,2023-06-19T16:58:44+00:00
SAO_809P-10,São Paulo,3550308,True,,1891,,,-23.582939500000002,-46.7141125,,,,1,2023-06-19T16:58:21+00:00
SAO_809P-10,São Paulo,3550308,True,,1891,,,-23.608897,-46.7516605,,,,1,2023-06-19T16:58:26+00:00
SAO_809P-10,São Paulo,3550308,True,,1891,,,-23.631026499999997,-46.773642,,,,1,2023-06-19T16:58:34+00:00
SAO_809P-10,São Paulo,3550308,True,,1891,,,-23.566305999999997,-46.7016105,,,,1,2023-06-19T16:58:45+00:00
SAO_809P-10,São Paulo,3550308,True,,1891,,,-23.6310935,-46.773485,,,,1,2023-06-19T16:58:46+00:00
SAO_5012-10,São Paulo,3550308,True,,33884,,,-23.6835835,-46.634378999999996,,,,2,2023-06-19T16:58:40+00:00
SAO_5012-10,São Paulo,3550308,True,,33884,,,-23.671929249999998,-46.64406475,,,,2,2023-06-19T16:58:21+00:00
SAO_5012-10,São Paulo,3550308,True,,33884,,,-23.6459105,-46.6397875,,,,2,2023-06-19T16:58:47+00:00
SAO_5012-10,São Paulo,3550308,True,,33884,,,-23.7040635,-46.626618500000006,,,,2,2023-06-19T16:58:17+00:00
SAO_5012-10,São Paulo,3550308,True,,33884,,,-23.6459105,-46.6397875,,,,2,2023-06-19T16:58:29+00:00
SAO_5012-10,São Paulo,3550308,True,,33884,,,-23.710001,-46.6357225,,,,2,2023-06-19T16:58:40+00:00
SAO_5012-10,São Paulo,3550308,True,,33884,,,-23.664265999999998,-46.638065,,,,2,2023-06-19T16:58:31+00:00
SAO_5012-10,São Paulo,3550308,True,,33884,,,-23.647284499999998,-46.6395415,,,,2,2023-06-19T16:58:31+00:00
SAO_5012-10,São Paulo,3550308,True,,33884,,,-23.704088499999997,-46.6266995,,,,2,2023-06-19T16:58:22+00:00
SAO_5012-10,São Paulo,3550308,True,,33884,,,-23.710048999999998,-46.6358415,,,,2,2023-06-19T16:58:54+00:00
SAO_5012-10,São Paulo,3550308,True,,33884,,,-23.687671,-46.6335915,,,,2,2023-06-19T16:58:28+00:00
SAO_5012-10,São Paulo,3550308,True,,33884,,,-23.709882999999998,-46.6356035,,,,2,2023-06-19T16:58:20+00:00
SAO_5012-10,São Paulo,3550308,True,,33884,,,-23.6459105,-46.6397875,,,,2,2023-06-19T16:58:28+00:00
SAO_2678-10,São Paulo,3550308,True,STT,383,https://moovitapp.com/index/pt-br/transporte_p%C3%BAblico-line-383-Sao_Paulo-242-850661-183294-0,5.3,-23.494327499999997,-46.376706,,,,1,2023-06-19T16:58:45+00:00
SAO_2678-10,São Paulo,3550308,True,STT,383,https://moovitapp.com/index/pt-br/transporte_p%C3%BAblico-line-383-Sao_Paulo-242-850661-183294-0,5.3,-23.5372205,-46.59428762499999,,,,1,2023-06-19T16:58:25+00:00
SAO_2678-10,São Paulo,3550308,True,STT,383,https://moovitapp.com/index/pt-br/transporte_p%C3%BAblico-line-383-Sao_Paulo-242-850661-183294-0,5.3,-23.52313325,-46.543812,,,,1,2023-06-19T16:58:33+00:00
SAO_2678-10,São Paulo,3550308,True,STT,383,https://moovitapp.com/index/pt-br/transporte_p%C3%BAblico-line-383-Sao_Paulo-242-850661-183294-0,5.3,-23.546727,-46.629723999999996,,,,1,2023-06-19T16:58:41+00:00
SAO_2678-10,São Paulo,3550308,True,STT,383,https://moovitapp.com/index/pt-br/transporte_p%C3%BAblico-line-383-Sao_Paulo-242-850661-183294-0,5.3,-23.515058500000002,-46.520217,,,,1,2023-06-19T16:58:44+00:00
SAO_2678-10,São Paulo,3550308,True,STT,383,https://moovitapp.com/index/pt-br/transporte_p%C3%BAblico-line-383-Sao_Paulo-242-850661-183294-0,5.3,-23.494658,-46.426776000000004,,,,1,2023-06-19T16:58:26+00:00
SAO_2678-10,São Paulo,3550308,True,STT,383,https://moovitapp.com/index/pt-br/transporte_p%C3%BAblico-line-383-Sao_Paulo-242-850661-183294-0,5.3,-23.5072705,-46.4790065,,,,1,2023-06-19T16:58:30+00:00
SAO_2678-10,São Paulo,3550308,True,STT,383,https://moovitapp.com/index/pt-br/transporte_p%C3%BAblico-line-383-Sao_Paulo-242-850661-183294-0,5.3,-23.547011,-46.62953,,,,1,2023-06-19T16:58:31+00:00
SAO_2678-10,São Paulo,3550308,True,STT,383,https://moovitapp.com/index/pt-br/transporte_p%C3%BAblico-line-383-Sao_Paulo-242-850661-183294-0,5.3,-23.506049,-46.388675000000006,,,,1,2023-06-19T16:56:07+00:00
SAO_6041-10,São Paulo,3550308,True,,1218,,,-23.64906275,-46.709715,,,,1,2023-06-19T16:58:14+00:00
SAO_6041-10,São Paulo,3550308,True,,1218,,,-23.64074825,-46.723622000000006,,,,1,2023-06-19T16:58:47+00:00
SAO_6041-10,São Paulo,3550308,True,,1218,,,-23.6614595,-46.768571,,,,1,2023-06-19T16:58:39+00:00
SAO_6041-10,São Paulo,3550308,True,,1218,,,-23.651250249999997,-46.757353499999994,,,,1,2023-06-19T16:58:13+00:00
SAO_6041-10,São Paulo,3550308,True,,1218,,,-23.690493500000002,-46.780443,,,,1,2023-06-19T16:58:32+00:00
SAO_6041-10,São Paulo,3550308,True,,1218,,,-23.690493500000002,-46.780443,,,,1,2023-06-19T16:58:27+00:00
SAO_6041-10,São Paulo,3550308,True,,1218,,,-23.6736815,-46.773581500000006,,,,1,2023-06-19T16:58:54+00:00
SAO_709P-10,São Paulo,3550308,True,,1993,,,-23.5830825,-46.6836435,,,,1,2023-06-19T16:58:47+00:00
SAO_709P-10,São Paulo,3550308,True,,1993,,,-23.642786,-46.724813,,,,1,2023-06-19T16:58:52+00:00
SAO_709P-10,São Paulo,3550308,True,,1993,,,-23.611045,-46.694884,,,,1,2023-06-19T16:58:43+00:00
SAO_709P-10,São Paulo,3550308,True,,1993,,,-23.5660455,-46.7021505,,,,1,2023-06-19T16:58:23+00:00
SAO_709P-10,São Paulo,3550308,True,,1993,,,-23.6554885,-46.722805,,,,1,2023-06-19T16:58:31+00:00
SAO_9181-10,São Paulo,3550308,True,,885,,,-23.488802,-46.688143499999995,,,,1,2023-06-19T16:58:16+00:00
SAO_9181-10,São Paulo,3550308,True,,885,,,-23.52363175,-46.70185575,,,,1,2023-06-19T16:57:54+00:00
SAO_9181-10,São Paulo,3550308,True,,885,,,-23.457559,-46.6963325,,,,1,2023-06-19T16:58:21+00:00
SAO_9181-10,São Paulo,3550308,True,,885,,,-23.457559,-46.6963325,,,,1,2023-06-19T16:58:43+00:00
SAO_9181-10,São Paulo,3550308,True,,885,,,-23.52363175,-46.70185575,,,,1,2023-06-19T16:58:12+00:00
SAO_9181-10,São Paulo,3550308,True,,885,,,-23.51524,-46.693923,,,,1,2023-06-19T16:58:52+00:00
SAO_9181-10,São Paulo,3550308,True,,885,,,-23.510519,-46.6900665,,,,1,2023-06-19T16:58:20+00:00
SAO_9181-10,São Paulo,3550308,True,,885,,,-23.464731,-46.69408874999999,,,,1,2023-06-19T16:58:51+00:00
SAO_9181-10,São Paulo,3550308,True,,885,,,-23.4719425,-46.682953499999996,,,,1,2023-06-19T16:58:53+00:00
SAO_9181-10,São Paulo,3550308,True,,885,,,-23.457559,-46.6963325,,,,1,2023-06-19T16:58:29+00:00
SAO_6836-10,São Paulo,3550308,True,,32781,,,-23.645345,-46.730101000000005,,,,2,2023-06-19T16:58:44+00:00
SAO_6836-10,São Paulo,3550308,True,,32781,,,-23.683948,-46.7815925,,,,2,2023-06-19T16:58:26+00:00
SAO_6836-10,São Paulo,3550308,True,,32781,,,-23.6700545,-46.766808499999996,,,,2,2023-06-19T16:58:49+00:00
SAO_6075-10,São Paulo,3550308,True,,33930,,,-23.797424,-46.737873,,,,2,2023-06-19T16:58:17+00:00
SAO_6075-10,São Paulo,3550308,True,,33930,,,-23.79731,-46.737770999999995,,,,2,2023-06-19T16:58:35+00:00
SAO_6075-10,São Paulo,3550308,True,,33930,,,-23.797590999999997,-46.738108499999996,,,,2,2023-06-19T16:58:16+00:00
SAO_6075-10,São Paulo,3550308,True,,33930,,,-23.797689499999997,-46.7382825,,,,2,2023-06-19T16:58:47+00:00
SAO_6075-10,São Paulo,3550308,True,,33930,,,-23.765957,-46.716463,,,,2,2023-06-19T16:58:39+00:00
SAO_179X-10,São Paulo,3550308,True,,33448,,,-23.432761749999997,-46.57149675,,,,2,2023-06-19T16:58:51+00:00
SAO_179X-10,São Paulo,3550308,True,,33448,,,-23.474766000000002,-46.590607500000004,,,,2,2023-06-19T16:58:36+00:00
SAO_179X-10,São Paulo,3550308,True,,33448,,,-23.52726475,-46.63061725,,,,2,2023-06-19T16:58:48+00:00
SAO_179X-10,São Paulo,3550308,True,,33448,,,-23.432447249999996,-46.57144625,,,,2,2023-06-19T16:58:38+00:00
SAO_179X-10,São Paulo,3550308,True,,33448,,,-23.432447249999996,-46.57144625,,,,2,2023-06-19T16:58:16+00:00
SAO_179X-10,São Paulo,3550308,True,,33448,,,-23.434618999999998,-46.571697,,,,2,2023-06-19T16:58:22+00:00
SAO_179X-10,São Paulo,3550308,True,,33448,,,-23.4569245,-46.589029499999995,,,,2,2023-06-19T16:58:54+00:00
SAO_179X-10,São Paulo,3550308,True,,33448,,,-23.5269975,-46.6486465,,,,2,2023-06-19T16:58:52+00:00
SAO_179X-10,São Paulo,3550308,True,,33448,,,-23.503065999999997,-46.621279,,,,2,2023-06-19T16:58:11+00:00
SAO_6412-10,São Paulo,3550308,True,,33538,,,-23.56742725,-46.648875000000004,,,,2,2023-06-19T16:58:32+00:00
SAO_6412-10,São Paulo,3550308,True,,33538,,,-23.61285225,-46.6907525,,,,2,2023-06-19T16:58:33+00:00
SAO_6412-10,São Paulo,3550308,True,,33538,,,-23.6172295,-46.720997,,,,2,2023-06-19T16:58:16+00:00
SAO_6412-10,São Paulo,3550308,True,,33538,,,-23.614981999999998,-46.7213735,,,,2,2023-06-19T16:58:17+00:00
SAO_6412-10,São Paulo,3550308,True,,33538,,,-23.617518750000002,-46.704759749999994,,,,2,2023-06-19T16:58:52+00:00
SAO_6412-10,São Paulo,3550308,True,,33538,,,-23.5850215,-46.6707465,,,,2,2023-06-19T16:58:30+00:00
SAO_6412-10,São Paulo,3550308,True,,33538,,,-23.59411,-46.6730505,,,,2,2023-06-19T16:58:16+00:00
SAO_6412-10,São Paulo,3550308,True,,33538,,,-23.603011875,-46.674597750000004,,,,2,2023-06-19T16:58:44+00:00
SAO_6412-10,São Paulo,3550308,True,,33538,,,-23.61845175,-46.69627975,,,,2,2023-06-19T16:58:53+00:00
SAO_857P-10,São Paulo,3550308,True,,34694,,,-23.575689500000003,-46.642773500000004,,,,2,2023-06-19T16:58:32+00:00
SAO_857P-10,São Paulo,3550308,True,,34694,,,-23.6316405,-46.772316,,,,2,2023-06-19T16:58:21+00:00
SAO_857P-10,São Paulo,3550308,True,,34694,,,-23.6316405,-46.772316,,,,2,2023-06-19T16:58:31+00:00
SAO_857P-10,São Paulo,3550308,True,,34694,,,-23.631508,-46.7726,,,,2,2023-06-19T16:58:44+00:00
SAO_857P-10,São Paulo,3550308,True,,34694,,,-23.566025500000002,-46.6814145,,,,2,2023-06-19T16:58:51+00:00
SAO_857P-10,São Paulo,3550308,True,,34694,,,-23.592548374999996,-46.73287125,,,,2,2023-06-19T16:58:44+00:00
SAO_857P-10,São Paulo,3550308,True,,34694,,,-23.59988525,-46.7419835,,,,2,2023-06-19T16:58:28+00:00
SAO_857P-10,São Paulo,3550308,True,,34694,,,-23.5730915,-46.642564,,,,2,2023-06-19T16:58:13+00:00
SAO_857P-10,São Paulo,3550308,True,,34694,,,-23.631579000000002,-46.772447,,,,2,2023-06-19T16:58:45+00:00
SAO_5317-10,São Paulo,3550308,True,,32837,,,-23.601544124999997,-46.6604005,,,,2,2023-06-19T16:58:14+00:00
SAO_5317-10,São Paulo,3550308,True,,32837,,,-23.661091,-46.6942715,,,,2,2023-06-19T16:58:00+00:00
SAO_5317-10,São Paulo,3550308,True,,32837,,,-23.63999525,-46.696571000000006,,,,2,2023-06-19T16:57:53+00:00
SAO_5317-10,São Paulo,3550308,True,,32837,,,-23.7257705,-46.686406250000005,,,,2,2023-06-19T16:58:27+00:00
SAO_5317-10,São Paulo,3550308,True,,32837,,,-23.676493999999998,-46.698192500000005,,,,2,2023-06-19T16:58:22+00:00
SAO_509M-10,São Paulo,3550308,True,,34045,,,-23.679894,-46.6367245,,,,2,2023-06-19T16:58:06+00:00
SAO_509M-10,São Paulo,3550308,True,,34045,,,-23.679968000000002,-46.636858000000004,,,,2,2023-06-19T16:58:52+00:00
SAO_509M-10,São Paulo,3550308,True,,34045,,,-23.54756425,-46.638352749999996,,,,2,2023-06-19T16:58:39+00:00
SAO_509M-10,São Paulo,3550308,True,,34045,,,-23.5340575,-46.644261,,,,2,2023-06-19T16:58:54+00:00
SAO_509M-10,São Paulo,3550308,True,,34045,,,-23.652300500000003,-46.66928475,,,,2,2023-06-19T16:58:35+00:00
SAO_509M-10,São Paulo,3550308,True,,34045,,,-23.599228625000002,-46.6581725625,,,,2,2023-06-19T16:58:11+00:00
SAO_509M-10,São Paulo,3550308,True,,34045,,,-23.557420999999998,-46.638225500000004,,,,2,2023-06-19T16:58:37+00:00
SAO_748A-41,São Paulo,3550308,True,EMTU,499,https://moovitapp.com/index/pt-br/transporte_p%C3%BAblico-line-499-Sao_Paulo-242-2038937-36419524-0,5.4,-23.5790075,-46.741823,,,,1,2023-06-19T16:58:54+00:00
SAO_8215-10,São Paulo,3550308,True,,574,,,-23.4694835,-46.694140000000004,,,,1,2023-06-19T16:58:48+00:00
SAO_8215-10,São Paulo,3550308,True,,574,,,-23.5365011875,-46.65088375,,,,1,2023-06-19T16:58:48+00:00
SAO_8215-10,São Paulo,3550308,True,,574,,,-23.461478,-46.7084365,,,,1,2023-06-19T16:58:47+00:00
SAO_8215-10,São Paulo,3550308,True,,574,,,-23.5040325,-46.67317,,,,1,2023-06-19T16:58:35+00:00
SAO_8215-10,São Paulo,3550308,True,,574,,,-23.542927,-46.6365225,,,,1,2023-06-19T16:58:47+00:00
SAO_8215-10,São Paulo,3550308,True,,574,,,-23.461478,-46.7084365,,,,1,2023-06-19T16:58:26+00:00
SAO_1178-31,São Paulo,3550308,True,,34580,,,-23.482991499999997,-46.491825500000004,,,,2,2023-06-19T16:54:11+00:00
SAO_1178-31,São Paulo,3550308,True,,34580,,,-23.519664,-46.618011499999994,,,,2,2023-06-19T16:58:49+00:00
SAO_1178-31,São Paulo,3550308,True,,34580,,,-23.50627625,-46.53124875,,,,2,2023-06-19T16:58:54+00:00
SAO_1178-31,São Paulo,3550308,True,,34580,,,-23.503918499999997,-46.433276,,,,2,2023-06-19T16:58:30+00:00
SAO_1178-31,São Paulo,3550308,True,,34580,,,-23.5041765,-46.433013,,,,2,2023-06-19T16:58:28+00:00
SAO_1178-31,São Paulo,3550308,True,,34580,,,-23.4885454375,-46.46489925,,,,2,2023-06-19T16:56:31+00:00
SAO_1178-31,São Paulo,3550308,True,,34580,,,-23.493502749999998,-46.4426755,,,,2,2023-06-19T16:53:27+00:00
SAO_1178-31,São Paulo,3550308,True,,34580,,,-23.504139000000002,-46.4331075,,,,2,2023-06-19T16:58:33+00:00
SAO_5141-10,São Paulo,3550308,True,,1625,,,-23.595352,-46.524499500000005,,,,1,2023-06-19T16:58:08+00:00
SAO_5141-10,São Paulo,3550308,True,,1625,,,-23.614004,-46.501168500000006,,,,1,2023-06-19T16:58:37+00:00
SAO_5141-10,São Paulo,3550308,True,,1625,,,-23.55589525,-46.5761605,,,,1,2023-06-19T16:58:12+00:00
SAO_3023-10,São Paulo,3550308,True,Urubupungá,960,https://moovitapp.com/index/pt-br/transporte_p%C3%BAblico-line-960-Sao_Paulo-242-873835-31663702-0,4.6,-23.63368825,-46.472753250000004,,,,1,2023-06-19T16:58:10+00:00
SAO_3023-10,São Paulo,3550308,True,Urubupungá,960,https://moovitapp.com/index/pt-br/transporte_p%C3%BAblico-line-960-Sao_Paulo-242-873835-31663702-0,4.6,-23.571912500000003,-46.50616325,,,,1,2023-06-19T16:58:43+00:00
SAO_3023-10,São Paulo,3550308,True,Urubupungá,960,https://moovitapp.com/index/pt-br/transporte_p%C3%BAblico-line-960-Sao_Paulo-242-873835-31663702-0,4.6,-23.63368825,-46.472753250000004,,,,1,2023-06-19T16:58:39+00:00
SAO_3023-10,São Paulo,3550308,True,Urubupungá,960,https://moovitapp.com/index/pt-br/transporte_p%C3%BAblico-line-960-Sao_Paulo-242-873835-31663702-0,4.6,-23.5986975,-46.485826375,,,,1,2023-06-19T16:58:53+00:00
SAO_3023-10,São Paulo,3550308,True,Urubupungá,960,https://moovitapp.com/index/pt-br/transporte_p%C3%BAblico-line-960-Sao_Paulo-242-873835-31663702-0,4.6,-23.633410750000003,-46.47284775,,,,1,2023-06-19T16:58:48+00:00
SAO_3023-10,São Paulo,3550308,True,Urubupungá,960,https://moovitapp.com/index/pt-br/transporte_p%C3%BAblico-line-960-Sao_Paulo-242-873835-31663702-0,4.6,-23.633410750000003,-46.47284775,,,,1,2023-06-19T16:58:32+00:00
SAO_4716-10,São Paulo,3550308,True,,1106,,,-23.601743,-46.601547,,,,1,2023-06-19T16:58:29+00:00
SAO_4716-10,São Paulo,3550308,True,,1106,,,-23.61868925,-46.612257,,,,1,2023-06-19T16:58:50+00:00
SAO_4716-10,São Paulo,3550308,True,,1106,,,-23.599649,-46.637840499999996,,,,1,2023-06-19T16:58:47+00:00
SAO_971D-10,São Paulo,3550308,True,,709,,,-23.447513,-46.696985,,,,1,2023-06-19T16:58:43+00:00
SAO_971D-10,São Paulo,3550308,True,,709,,,-23.4823775,-46.6547675,,,,1,2023-06-19T16:58:32+00:00
SAO_971D-10,São Paulo,3550308,True,,709,,,-23.5131826875,-46.6161215,,,,1,2023-06-19T16:58:07+00:00
SAO_971D-10,São Paulo,3550308,True,,709,,,-23.502481,-46.6248825,,,,1,2023-06-19T16:58:39+00:00
SAO_971D-10,São Paulo,3550308,True,,709,,,-23.460716750000003,-46.684309,,,,1,2023-06-19T16:58:34+00:00
SAO_971D-10,São Paulo,3550308,True,,709,,,-23.447513,-46.696985,,,,1,2023-06-19T16:58:26+00:00
SAO_971D-10,São Paulo,3550308,True,,709,,,-23.512629437500003,-46.6160635,,,,1,2023-06-19T16:58:16+00:00
SAO_971D-10,São Paulo,3550308,True,,709,,,-23.447513,-46.696985,,,,1,2023-06-19T16:58:51+00:00
SAO_5108-10,São Paulo,3550308,True,,1675,,,-23.661933875000003,-46.618261375,,,,1,2023-06-19T16:57:14+00:00
SAO_5108-10,São Paulo,3550308,True,,1675,,,-23.6178485,-46.618297,,,,1,2023-06-19T16:58:10+00:00
SAO_5108-10,São Paulo,3550308,True,,1675,,,-23.657735000000002,-46.6169015,,,,1,2023-06-19T16:58:44+00:00
SAO_5108-10,São Paulo,3550308,True,,1675,,,-23.55919575,-46.624180499999994,,,,1,2023-06-19T16:58:54+00:00
SAO_5108-10,São Paulo,3550308,True,,1675,,,-23.662699500000002,-46.620013,,,,1,2023-06-19T16:58:33+00:00
SAO_5108-10,São Paulo,3550308,True,,1675,,,-23.59158475,-46.61264425,,,,1,2023-06-19T16:58:39+00:00
SAO_5108-10,São Paulo,3550308,True,,1675,,,-23.589579,-46.607284750000005,,,,1,2023-06-19T16:58:39+00:00
SAO_5108-10,São Paulo,3550308,True,,1675,,,-23.563752875,-46.619027,,,,1,2023-06-19T16:58:34+00:00
SAO_5108-10,São Paulo,3550308,True,,1675,,,-23.661933875000003,-46.618261375,,,,1,2023-06-19T16:58:15+00:00
SAO_807M-10,São Paulo,3550308,True,,34684,,,-23.609139,-46.749491250000005,,,,2,2023-06-19T16:58:43+00:00
SAO_807M-10,São Paulo,3550308,True,,34684,,,-23.614564,-46.75580375,,,,2,2023-06-19T16:58:31+00:00
SAO_807M-10,São Paulo,3550308,True,,34684,,,-23.6133865,-46.730391499999996,,,,2,2023-06-19T16:58:47+00:00
SAO_807M-10,São Paulo,3550308,True,,34684,,,-23.631797499999998,-46.7719915,,,,2,2023-06-19T16:58:13+00:00
SAO_807M-10,São Paulo,3550308,True,,34684,,,-23.618614,-46.698895,,,,2,2023-06-19T16:58:29+00:00
SAO_807M-10,São Paulo,3550308,True,,34684,,,-23.631797499999998,-46.7719915,,,,2,2023-06-19T16:58:41+00:00
SAO_807M-10,São Paulo,3550308,True,,34684,,,-23.624772,-46.763438,,,,2,2023-06-19T16:58:36+00:00
SAO_807M-10,São Paulo,3550308,True,,34684,,,-23.631797499999998,-46.7719915,,,,2,2023-06-19T16:58:17+00:00
SAO_807M-10,São Paulo,3550308,True,,34684,,,-23.631797499999998,-46.7719915,,,,2,2023-06-19T16:58:15+00:00
SAO_807M-10,São Paulo,3550308,True,,34684,,,-23.609989249999998,-46.70378225,,,,2,2023-06-19T16:58:20+00:00
SAO_6026-10,São Paulo,3550308,True,,32855,,,-23.7189965,-46.7030215,,,,2,2023-06-19T16:58:31+00:00
SAO_6026-10,São Paulo,3550308,True,,32855,,,-23.748841,-46.703187,,,,2,2023-06-19T16:58:24+00:00
SAO_6026-10,São Paulo,3550308,True,,32855,,,-23.749223999999998,-46.70264225,,,,2,2023-06-19T16:58:55+00:00
SAO_6026-10,São Paulo,3550308,True,,32855,,,-23.7435925,-46.7066275,,,,2,2023-06-19T16:58:49+00:00
SAO_6026-10,São Paulo,3550308,True,,32855,,,-23.661091,-46.6942715,,,,2,2023-06-19T16:58:34+00:00
SAO_6026-10,São Paulo,3550308,True,,32855,,,-23.706848,-46.695029500000004,,,,2,2023-06-19T16:58:19+00:00
SAO_8012-10,São Paulo,3550308,True,,2023,,,-23.567797499999998,-46.729417,,,,1,2023-06-19T16:58:27+00:00
SAO_8012-10,São Paulo,3550308,True,,2023,,,-23.568271,-46.739903,,,,1,2023-06-19T16:58:46+00:00
SAO_8012-10,São Paulo,3550308,True,,2023,,,-23.5683355,-46.7398505,,,,1,2023-06-19T16:58:28+00:00
SAO_8012-10,São Paulo,3550308,True,,2023,,,-23.563521,-46.7157825,,,,1,2023-06-19T16:58:51+00:00
SAO_8012-10,São Paulo,3550308,True,,2023,,,-23.568171,-46.7400035,,,,1,2023-06-19T16:58:17+00:00
SAO_1743-10,São Paulo,3550308,True,,33311,,,-23.456415,-46.667734499999995,,,,2,2023-06-19T16:58:29+00:00
SAO_1743-10,São Paulo,3550308,True,,33311,,,-23.456415,-46.667734499999995,,,,2,2023-06-19T16:58:10+00:00
SAO_1743-10,São Paulo,3550308,True,,33311,,,-23.487008000000003,-46.638733,,,,2,2023-06-19T16:58:52+00:00
SAO_1743-10,São Paulo,3550308,True,,33311,,,-23.5130495,-46.624937,,,,2,2023-06-19T16:58:29+00:00
SAO_1743-10,São Paulo,3550308,True,,33311,,,-23.459105,-46.66711525,,,,2,2023-06-19T16:58:53+00:00
SAO_2060-10,São Paulo,3550308,True,,32902,,,-23.518619375,-46.475986625,,,,2,2023-06-19T16:58:27+00:00
SAO_5038-10,São Paulo,3550308,True,,1661,,,-23.607406249999997,-46.59927424999999,,,,1,2023-06-19T16:58:31+00:00
SAO_5038-10,São Paulo,3550308,True,,1661,,,-23.655177000000002,-46.6062425,,,,1,2023-06-19T16:58:06+00:00
SAO_5038-10,São Paulo,3550308,True,,1661,,,-23.63254275,-46.60490725,,,,1,2023-06-19T16:58:45+00:00
SAO_5038-10,São Paulo,3550308,True,,1661,,,-23.6028795,-46.601814000000005,,,,1,2023-06-19T16:58:23+00:00
SAO_7006-10,São Paulo,3550308,True,,34763,,,-23.74728125,-46.778721250000004,,,,2,2023-06-19T16:58:32+00:00
SAO_7006-10,São Paulo,3550308,True,,34763,,,-23.71184525,-46.782389,,,,2,2023-06-19T16:58:33+00:00
SAO_7006-10,São Paulo,3550308,True,,34763,,,-23.750601,-46.777545,,,,2,2023-06-19T16:58:53+00:00
SAO_7006-10,São Paulo,3550308,True,,34763,,,-23.750601,-46.777545,,,,2,2023-06-19T16:58:20+00:00
SAO_7006-10,São Paulo,3550308,True,,34763,,,-23.688399500000003,-46.77262075,,,,2,2023-06-19T16:58:53+00:00
SAO_7006-10,São Paulo,3550308,True,,34763,,,-23.7322495,-46.784856500000004,,,,2,2023-06-19T16:58:29+00:00
SAO_8199-10,São Paulo,3550308,True,EMTU,807,https://moovitapp.com/index/pt-br/transporte_p%C3%BAblico-line-807-Sao_Paulo-242-2038937-36419583-0,7.8,-23.4771125,-46.680814999999996,,,,1,2023-06-19T16:58:35+00:00
SAO_8199-10,São Paulo,3550308,True,EMTU,807,https://moovitapp.com/index/pt-br/transporte_p%C3%BAblico-line-807-Sao_Paulo-242-2038937-36419583-0,7.8,-23.478656,-46.7477215,,,,1,2023-06-19T16:58:43+00:00
SAO_8199-10,São Paulo,3550308,True,EMTU,807,https://moovitapp.com/index/pt-br/transporte_p%C3%BAblico-line-807-Sao_Paulo-242-2038937-36419583-0,7.8,-23.474805500000002,-46.670182,,,,1,2023-06-19T16:58:44+00:00
SAO_8199-10,São Paulo,3550308,True,EMTU,807,https://moovitapp.com/index/pt-br/transporte_p%C3%BAblico-line-807-Sao_Paulo-242-2038937-36419583-0,7.8,-23.495487750000002,-46.71364275,,,,1,2023-06-19T16:58:39+00:00
SAO_8199-10,São Paulo,3550308,True,EMTU,807,https://moovitapp.com/index/pt-br/transporte_p%C3%BAblico-line-807-Sao_Paulo-242-2038937-36419583-0,7.8,-23.4854615,-46.740288750000005,,,,1,2023-06-19T16:58:32+00:00
SAO_8199-10,São Paulo,3550308,True,EMTU,807,https://moovitapp.com/index/pt-br/transporte_p%C3%BAblico-line-807-Sao_Paulo-242-2038937-36419583-0,7.8,-23.4764325,-46.674980000000005,,,,1,2023-06-19T16:58:38+00:00
SAO_8199-10,São Paulo,3550308,True,EMTU,807,https://moovitapp.com/index/pt-br/transporte_p%C3%BAblico-line-807-Sao_Paulo-242-2038937-36419583-0,7.8,-23.4697015,-46.750536749999995,,,,1,2023-06-19T16:58:11+00:00
SAO_8199-10,São Paulo,3550308,True,EMTU,807,https://moovitapp.com/index/pt-br/transporte_p%C3%BAblico-line-807-Sao_Paulo-242-2038937-36419583-0,7.8,-23.4856755,-46.72453125,,,,1,2023-06-19T16:58:15+00:00
SAO_373T-10,São Paulo,3550308,True,,1091,,,-23.5898095,-46.531085000000004,,,,1,2023-06-19T16:58:31+00:00
SAO_373T-10,São Paulo,3550308,True,,1091,,,-23.579991,-46.586749,,,,1,2023-06-19T16:58:48+00:00
SAO_373T-10,São Paulo,3550308,True,,1091,,,-23.58602625,-46.52632475,,,,1,2023-06-19T16:58:55+00:00
SAO_373T-10,São Paulo,3550308,True,,1091,,,-23.581541,-46.5641285,,,,1,2023-06-19T16:58:41+00:00
SAO_373T-10,São Paulo,3550308,True,,1091,,,-23.560606875,-46.599290874999994,,,,1,2023-06-19T16:58:43+00:00
SAO_373T-10,São Paulo,3550308,True,,1091,,,-23.5811735,-46.562167,,,,1,2023-06-19T16:58:22+00:00
SAO_373T-10,São Paulo,3550308,True,,1091,,,-23.5942955,-46.504968000000005,,,,1,2023-06-19T16:58:21+00:00
SAO_373T-10,São Paulo,3550308,True,,1091,,,-23.560606875,-46.599290874999994,,,,1,2023-06-19T16:58:41+00:00
SAO_6039-21,São Paulo,3550308,True,,35261,,,-23.654101,-46.763310000000004,,,,2,2023-06-19T16:58:19+00:00
SAO_6039-21,São Paulo,3550308,True,,35261,,,-23.6762085,-46.791264,,,,2,2023-06-19T16:58:16+00:00
SAO_6039-21,São Paulo,3550308,True,,35261,,,-23.654173,-46.762701500000006,,,,2,2023-06-19T16:58:23+00:00
SAO_7021-10,São Paulo,3550308,True,,34757,,,-23.6497955,-46.7329255,,,,2,2023-06-19T16:58:51+00:00
SAO_7021-10,São Paulo,3550308,True,,34757,,,-23.670865499999998,-46.768071,,,,2,2023-06-19T16:58:30+00:00
SAO_179X-10,São Paulo,3550308,True,STT,680,https://moovitapp.com/index/pt-br/transporte_p%C3%BAblico-line-680-Sao_Paulo-242-850661-183334-0,5.3,-23.52598225,-46.6481385,,,,1,2023-06-19T16:58:51+00:00
SAO_179X-10,São Paulo,3550308,True,STT,680,https://moovitapp.com/index/pt-br/transporte_p%C3%BAblico-line-680-Sao_Paulo-242-850661-183334-0,5.3,-23.456802500000002,-46.5895785,,,,1,2023-06-19T16:58:52+00:00
SAO_179X-10,São Paulo,3550308,True,STT,680,https://moovitapp.com/index/pt-br/transporte_p%C3%BAblico-line-680-Sao_Paulo-242-850661-183334-0,5.3,-23.499901375,-46.62308,,,,1,2023-06-19T16:58:37+00:00
SAO_179X-10,São Paulo,3550308,True,STT,680,https://moovitapp.com/index/pt-br/transporte_p%C3%BAblico-line-680-Sao_Paulo-242-850661-183334-0,5.3,-23.5293225,-46.641234499999996,,,,1,2023-06-19T16:58:48+00:00
SAO_179X-10,São Paulo,3550308,True,STT,680,https://moovitapp.com/index/pt-br/transporte_p%C3%BAblico-line-680-Sao_Paulo-242-850661-183334-0,5.3,-23.480579,-46.600464,,,,1,2023-06-19T16:58:41+00:00
SAO_6258-10,São Paulo,3550308,True,,1232,,,-23.6861375,-46.737840500000004,,,,1,2023-06-19T16:58:54+00:00
SAO_6258-10,São Paulo,3550308,True,,1232,,,-23.653927,-46.710094,,,,1,2023-06-19T16:58:29+00:00
SAO_6258-10,São Paulo,3550308,True,,1232,,,-23.691460499999998,-46.746868500000005,,,,1,2023-06-19T16:58:20+00:00
SAO_6258-10,São Paulo,3550308,True,,1232,,,-23.691460499999998,-46.746868500000005,,,,1,2023-06-19T16:58:12+00:00
SAO_6258-10,São Paulo,3550308,True,,1232,,,-23.691460499999998,-46.746868500000005,,,,1,2023-06-19T16:58:37+00:00
SAO_6258-10,São Paulo,3550308,True,,1232,,,-23.666833625000002,-46.722494499999996,,,,1,2023-06-19T16:58:34+00:00
SAO_273V-10,São Paulo,3550308,True,EMTU,231,https://moovitapp.com/index/pt-br/transporte_p%C3%BAblico-line-231-Sao_Paulo-242-2038937-36419348-0,6.2,-23.5331305,-46.5433745,,,,1,2023-06-19T16:58:45+00:00
SAO_273V-10,São Paulo,3550308,True,EMTU,231,https://moovitapp.com/index/pt-br/transporte_p%C3%BAblico-line-231-Sao_Paulo-242-2038937-36419348-0,6.2,-23.534290499999997,-46.456349,,,,1,2023-06-19T16:58:44+00:00
SAO_3718-10,São Paulo,3550308,True,,33781,,,-23.54293475,-46.4831635,,,,2,2023-06-19T16:58:50+00:00
SAO_3718-10,São Paulo,3550308,True,,33781,,,-23.541107,-46.4847105,,,,2,2023-06-19T16:58:46+00:00
SAO_3718-10,São Paulo,3550308,True,,33781,,,-23.541107,-46.4847105,,,,2,2023-06-19T16:58:47+00:00
SAO_3718-10,São Paulo,3550308,True,,33781,,,-23.540855999999998,-46.4849405,,,,2,2023-06-19T16:58:46+00:00
SAO_3718-10,São Paulo,3550308,True,,33781,,,-23.55294325,-46.4847345,,,,2,2023-06-19T16:58:34+00:00
SAO_745M-10,São Paulo,3550308,True,,782,,,-23.630615499999998,-46.768413,,,,1,2023-06-19T16:58:50+00:00
SAO_745M-10,São Paulo,3550308,True,,782,,,-23.6297705,-46.7698795,,,,1,2023-06-19T16:58:38+00:00
SAO_745M-10,São Paulo,3550308,True,,782,,,-23.658502,-46.775075,,,,1,2023-06-19T16:58:40+00:00
SAO_745M-10,São Paulo,3550308,True,,782,,,-23.63084675,-46.76821125,,,,1,2023-06-19T16:58:47+00:00
SAO_745M-10,São Paulo,3550308,True,,782,,,-23.669829625,-46.704442,,,,1,2023-06-19T16:58:41+00:00
SAO_745M-10,São Paulo,3550308,True,,782,,,-23.66784925,-46.705284250000005,,,,1,2023-06-19T16:58:30+00:00
SAO_745M-10,São Paulo,3550308,True,,782,,,-23.630615499999998,-46.768413,,,,1,2023-06-19T16:58:49+00:00
SAO_745M-10,São Paulo,3550308,True,,782,,,-23.637245999999998,-46.779332,,,,1,2023-06-19T16:58:46+00:00
SAO_745M-10,São Paulo,3550308,True,,782,,,-23.674953,-46.748163,,,,1,2023-06-19T16:58:21+00:00
SAO_745M-10,São Paulo,3550308,True,,782,,,-23.63084675,-46.76821125,,,,1,2023-06-19T16:58:38+00:00
SAO_745M-10,São Paulo,3550308,True,,782,,,-23.66358675,-46.763094499999994,,,,1,2023-06-19T16:58:15+00:00
SAO_1018-10,São Paulo,3550308,True,,33600,,,-23.49771425,-46.62212625,,,,2,2023-06-19T16:58:19+00:00
SAO_1018-10,São Paulo,3550308,True,,33600,,,-23.4468225,-46.627283,,,,2,2023-06-19T16:58:10+00:00
SAO_1018-10,São Paulo,3550308,True,,33600,,,-23.4682835,-46.616710499999996,,,,2,2023-06-19T16:57:57+00:00
SAO_1018-10,São Paulo,3550308,True,,33600,,,-23.4468225,-46.627283,,,,2,2023-06-19T16:58:31+00:00
SAO_1018-10,São Paulo,3550308,True,,33600,,,-23.446595000000002,-46.6274435,,,,2,2023-06-19T16:58:53+00:00
SAO_312N-10,São Paulo,3550308,True,,990,,,-23.5096235,-46.411488,,,,1,2023-06-19T16:58:15+00:00
SAO_312N-10,São Paulo,3550308,True,,990,,,-23.49454925,-46.41427175,,,,1,2023-06-19T16:58:31+00:00
SAO_312N-10,São Paulo,3550308,True,,990,,,-23.5739535,-46.401187,,,,1,2023-06-19T16:58:48+00:00
SAO_312N-10,São Paulo,3550308,True,,990,,,-23.539217999999998,-46.4080855,,,,1,2023-06-19T16:56:57+00:00
SAO_312N-10,São Paulo,3550308,True,,990,,,-23.559631,-46.405236375,,,,1,2023-06-19T16:58:53+00:00
SAO_312N-10,São Paulo,3550308,True,,990,,,-23.4910945,-46.441233999999994,,,,1,2023-06-19T16:58:42+00:00
SAO_312N-10,São Paulo,3550308,True,,990,,,-23.565779,-46.409148374999994,,,,1,2023-06-19T16:58:46+00:00
SAO_312N-10,São Paulo,3550308,True,,990,,,-23.49448,-46.414542499999996,,,,1,2023-06-19T16:58:28+00:00
SAO_6913-10,São Paulo,3550308,True,,1465,,,-23.767560000000003,-46.7161905,,,,1,2023-06-19T16:58:44+00:00
SAO_6913-10,São Paulo,3550308,True,,1465,,,-23.7536945,-46.7113345,,,,1,2023-06-19T16:58:26+00:00
SAO_6913-10,São Paulo,3550308,True,,1465,,,-23.6611965,-46.704993,,,,1,2023-06-19T16:58:32+00:00
SAO_6913-10,São Paulo,3550308,True,,1465,,,-23.690534,-46.7146215,,,,1,2023-06-19T16:58:45+00:00
SAO_6913-10,São Paulo,3550308,True,,1465,,,-23.767560000000003,-46.7161905,,,,1,2023-06-19T16:58:27+00:00
SAO_6913-10,São Paulo,3550308,True,,1465,,,-23.767560000000003,-46.7161905,,,,1,2023-06-19T16:58:53+00:00
SAO_6913-10,São Paulo,3550308,True,,1465,,,-23.642097624999998,-46.698589,,,,1,2023-06-19T16:54:20+00:00
SAO_6913-10,São Paulo,3550308,True,,1465,,,-23.767560000000003,-46.7161905,,,,1,2023-06-19T16:58:36+00:00
SAO_6913-10,São Paulo,3550308,True,,1465,,,-23.642097624999998,-46.698589,,,,1,2023-06-19T16:58:11+00:00
SAO_6913-10,São Paulo,3550308,True,,1465,,,-23.57027475,-46.66202125,,,,1,2023-06-19T16:58:49+00:00
SAO_6913-10,São Paulo,3550308,True,,1465,,,-23.7250795,-46.699516,,,,1,2023-06-19T16:58:35+00:00
SAO_6913-10,São Paulo,3550308,True,,1465,,,-23.60480275,-46.675094,,,,1,2023-06-19T16:58:52+00:00
SAO_6817-10,São Paulo,3550308,True,,27,,,-23.654274,-46.7625595,,,,1,2023-06-19T16:58:29+00:00
SAO_6817-10,São Paulo,3550308,True,,27,,,-23.65865,-46.765243,,,,1,2023-06-19T16:58:43+00:00
SAO_675X-10,São Paulo,3550308,True,,32879,,,-23.601346375,-46.6602155,,,,2,2023-06-19T16:58:21+00:00
SAO_675X-10,São Paulo,3550308,True,,32879,,,-23.685622000000002,-46.7025435,,,,2,2023-06-19T16:58:52+00:00
SAO_675X-10,São Paulo,3550308,True,,32879,,,-23.629555,-46.686644,,,,2,2023-06-19T16:58:32+00:00
SAO_675X-10,São Paulo,3550308,True,,32879,,,-23.596426,-46.650729999999996,,,,2,2023-06-19T16:58:39+00:00
SAO_675X-10,São Paulo,3550308,True,,32879,,,-23.661725,-46.7062455,,,,2,2023-06-19T16:56:34+00:00
SAO_857C-10,São Paulo,3550308,True,,1901,,,-23.643456999999998,-46.7356385,,,,1,2023-06-19T16:58:16+00:00
SAO_857C-10,São Paulo,3550308,True,,1901,,,-23.633386750000003,-46.644197625000004,,,,1,2023-06-19T16:58:38+00:00
SAO_857C-10,São Paulo,3550308,True,,1901,,,-23.62766125,-46.68821275,,,,1,2023-06-19T16:58:35+00:00
SAO_857C-10,São Paulo,3550308,True,,1901,,,-23.6333635,-46.77333,,,,1,2023-06-19T16:58:34+00:00
SAO_6017-10,São Paulo,3550308,True,,33974,,,-23.646386,-46.7039875,,,,2,2023-06-19T16:58:48+00:00
SAO_6017-10,São Paulo,3550308,True,,33974,,,-23.697047,-46.760983499999995,,,,2,2023-06-19T16:58:26+00:00
SAO_6017-10,São Paulo,3550308,True,,33974,,,-23.67581125,-46.7533895,,,,2,2023-06-19T16:58:32+00:00
SAO_6017-10,São Paulo,3550308,True,,33974,,,-23.697047,-46.760983499999995,,,,2,2023-06-19T16:58:20+00:00
SAO_6017-10,São Paulo,3550308,True,,33974,,,-23.6971455,-46.7609475,,,,2,2023-06-19T16:58:47+00:00
SAO_6017-10,São Paulo,3550308,True,,33974,,,-23.66858,-46.733577,,,,2,2023-06-19T16:58:12+00:00
SAO_6017-10,São Paulo,3550308,True,,33974,,,-23.6996095,-46.767492000000004,,,,2,2023-06-19T16:58:38+00:00
SAO_6017-10,São Paulo,3550308,True,,33974,,,-23.650007000000002,-46.7059785,,,,2,2023-06-19T16:58:54+00:00
SAO_6017-10,São Paulo,3550308,True,,33974,,,-23.697047,-46.760983499999995,,,,2,2023-06-19T16:58:26+00:00
SAO_6017-10,São Paulo,3550308,True,,33974,,,-23.696951,-46.761001,,,,2,2023-06-19T16:58:53+00:00
SAO_3738-10,São Paulo,3550308,True,,1038,,,-23.5630765,-46.394354,,,,1,2023-06-19T16:58:25+00:00
SAO_3738-10,São Paulo,3550308,True,,1038,,,-23.562077875,-46.419486625000005,,,,1,2023-06-19T16:58:51+00:00
SAO_3738-10,São Paulo,3550308,True,,1038,,,-23.5654,-46.398866,,,,1,2023-06-19T16:58:35+00:00
SAO_3738-10,São Paulo,3550308,True,,1038,,,-23.561758500000003,-46.3972785,,,,1,2023-06-19T16:58:43+00:00
SAO_3738-10,São Paulo,3550308,True,,1038,,,-23.536818,-46.453920499999995,,,,1,2023-06-19T16:58:21+00:00
SAO_3738-10,São Paulo,3550308,True,,1038,,,-23.552025999999998,-46.4413625,,,,1,2023-06-19T16:58:49+00:00
SAO_3738-10,São Paulo,3550308,True,,1038,,,-23.5630765,-46.394354,,,,1,2023-06-19T16:58:21+00:00
SAO_695T-10,São Paulo,3550308,True,,1322,,,-23.6444805,-46.7449555,,,,1,2023-06-19T16:58:47+00:00
SAO_695T-10,São Paulo,3550308,True,,1322,,,-23.642777125,-46.699068999999994,,,,1,2023-06-19T16:58:23+00:00
SAO_695T-10,São Paulo,3550308,True,,1322,,,-23.5972485,-46.64106675000001,,,,1,2023-06-19T16:58:54+00:00
SAO_695T-10,São Paulo,3550308,True,,1322,,,-23.604592500000003,-46.663047125,,,,1,2023-06-19T16:58:54+00:00
SAO_695T-10,São Paulo,3550308,True,,1322,,,-23.596312250000004,-46.655273750000006,,,,1,2023-06-19T16:58:26+00:00
SAO_695T-10,São Paulo,3550308,True,,1322,,,-23.589295999999997,-46.63421325,,,,1,2023-06-19T16:58:29+00:00
SAO_695T-10,São Paulo,3550308,True,,1322,,,-23.6079315,-46.666180999999995,,,,1,2023-06-19T16:58:38+00:00
SAO_1772-10,São Paulo,3550308,True,,33403,,,-23.4352895,-46.5818785,,,,2,2023-06-19T16:58:35+00:00
SAO_1772-10,São Paulo,3550308,True,,33403,,,-23.434998,-46.5813665,,,,2,2023-06-19T16:58:09+00:00
SAO_1772-10,São Paulo,3550308,True,,33403,,,-23.435150999999998,-46.581629,,,,2,2023-06-19T16:58:45+00:00
SAO_1772-10,São Paulo,3550308,True,,33403,,,-23.48009,-46.602402,,,,2,2023-06-19T16:58:24+00:00
SAO_1772-10,São Paulo,3550308,True,,33403,,,-23.46619125,-46.596460750000006,,,,2,2023-06-19T16:57:37+00:00
SAO_1772-10,São Paulo,3550308,True,,33403,,,-23.4352895,-46.5818785,,,,2,2023-06-19T16:58:18+00:00
SAO_5652-10,São Paulo,3550308,True,,33042,,,-23.642864,-46.672678000000005,,,,2,2023-06-19T16:58:37+00:00
SAO_5652-10,São Paulo,3550308,True,,33042,,,-23.704033000000003,-46.688122,,,,2,2023-06-19T16:58:25+00:00
SAO_5652-10,São Paulo,3550308,True,,33042,,,-23.5808335,-46.657097500000006,,,,2,2023-06-19T16:58:32+00:00
SAO_5652-10,São Paulo,3550308,True,,33042,,,-23.722015,-46.693437,,,,2,2023-06-19T16:58:47+00:00
SAO_5652-10,São Paulo,3550308,True,,33042,,,-23.704033000000003,-46.688122,,,,2,2023-06-19T16:58:25+00:00
SAO_5652-10,São Paulo,3550308,True,,33042,,,-23.704033000000003,-46.688122,,,,2,2023-06-19T16:58:30+00:00
SAO_5652-10,São Paulo,3550308,True,,33042,,,-23.70815475,-46.688587,,,,2,2023-06-19T16:58:47+00:00
SAO_5652-10,São Paulo,3550308,True,,33042,,,-23.5506,-46.63518500000001,,,,2,2023-06-19T16:58:42+00:00
SAO_519M-10,São Paulo,3550308,True,,34979,,,-23.613173500000002,-46.482603499999996,,,,2,2023-06-19T16:58:32+00:00
SAO_519M-10,São Paulo,3550308,True,,34979,,,-23.583978000000002,-46.600721500000006,,,,2,2023-06-19T16:58:18+00:00
SAO_519M-10,São Paulo,3550308,True,,34979,,,-23.603123,-46.5289145,,,,2,2023-06-19T16:58:27+00:00
SAO_8013-41,São Paulo,3550308,True,,34779,,,-23.42998,-46.791464,,,,2,2023-06-19T16:58:48+00:00
SAO_8013-41,São Paulo,3550308,True,,34779,,,-23.4316619375,-46.786911125,,,,2,2023-06-19T16:58:51+00:00
SAO_9032-10,São Paulo,3550308,True,STT,880,https://moovitapp.com/index/pt-br/transporte_p%C3%BAblico-line-880-Sao_Paulo-242-850661-183362-0,5.3,-23.459582750000003,-46.68836775,,,,1,2023-06-19T16:58:22+00:00
SAO_9032-10,São Paulo,3550308,True,STT,880,https://moovitapp.com/index/pt-br/transporte_p%C3%BAblico-line-880-Sao_Paulo-242-850661-183362-0,5.3,-23.44631425,-46.692783750000004,,,,1,2023-06-19T16:58:07+00:00
SAO_9032-10,São Paulo,3550308,True,STT,880,https://moovitapp.com/index/pt-br/transporte_p%C3%BAblico-line-880-Sao_Paulo-242-850661-183362-0,5.3,-23.446290750000003,-46.692449249999996,,,,1,2023-06-19T16:58:27+00:00
SAO_9032-10,São Paulo,3550308,True,STT,880,https://moovitapp.com/index/pt-br/transporte_p%C3%BAblico-line-880-Sao_Paulo-242-850661-183362-0,5.3,-23.446846999999998,-46.699661,,,,1,2023-06-19T16:58:26+00:00
SAO_9032-10,São Paulo,3550308,True,STT,880,https://moovitapp.com/index/pt-br/transporte_p%C3%BAblico-line-880-Sao_Paulo-242-850661-183362-0,5.3,-23.4497435,-46.6983285,,,,1,2023-06-19T16:58:10+00:00
SAO_9032-10,São Paulo,3550308,True,STT,880,https://moovitapp.com/index/pt-br/transporte_p%C3%BAblico-line-880-Sao_Paulo-242-850661-183362-0,5.3,-23.44625,-46.69209549999999,,,,1,2023-06-19T16:58:52+00:00
SAO_9009-10,São Paulo,3550308,True,,877,,,-23.4655835,-46.6794295,,,,1,2023-06-19T16:57:42+00:00
SAO_9009-10,São Paulo,3550308,True,,877,,,-23.464514,-46.679869,,,,1,2023-06-19T16:58:11+00:00
SAO_9009-10,São Paulo,3550308,True,,877,,,-23.447921,-46.708813500000005,,,,1,2023-06-19T16:58:20+00:00
SAO_9009-10,São Paulo,3550308,True,,877,,,-23.4360785,-46.7138985,,,,1,2023-06-19T16:58:42+00:00
SAO_9009-10,São Paulo,3550308,True,,877,,,-23.447921,-46.708813500000005,,,,1,2023-06-19T16:58:35+00:00
SAO_9009-10,São Paulo,3550308,True,,877,,,-23.448097,-46.716063500000004,,,,1,2023-06-19T16:58:26+00:00
SAO_177H-10,São Paulo,3550308,True,,33398,,,-23.52016125,-46.65714775,,,,2,2023-06-19T16:58:39+00:00
SAO_177H-10,São Paulo,3550308,True,,33398,,,-23.503036,-46.624043,,,,2,2023-06-19T16:58:51+00:00
SAO_177H-10,São Paulo,3550308,True,,33398,,,-23.501023,-46.648458500000004,,,,2,2023-06-19T16:58:39+00:00
SAO_177H-10,São Paulo,3550308,True,,33398,,,-23.569195,-46.711654624999994,,,,2,2023-06-19T16:58:20+00:00
SAO_177H-10,São Paulo,3550308,True,,33398,,,-23.553830124999998,-46.659458875,,,,2,2023-06-19T16:58:44+00:00
SAO_847P-10,São Paulo,3550308,True,,33191,,,-23.557061750000003,-46.68942375,,,,2,2023-06-19T16:58:31+00:00
SAO_847P-10,São Paulo,3550308,True,,33191,,,-23.531055,-46.7062265,,,,2,2023-06-19T16:58:30+00:00
SAO_847P-10,São Paulo,3550308,True,,33191,,,-23.486457,-46.7270195,,,,2,2023-06-19T16:58:14+00:00
SAO_847P-10,São Paulo,3550308,True,,33191,,,-23.485809000000003,-46.726257125,,,,2,2023-06-19T16:58:11+00:00
SAO_847P-10,São Paulo,3550308,True,,33191,,,-23.4892235,-46.71815,,,,2,2023-06-19T16:58:41+00:00
SAO_847P-10,São Paulo,3550308,True,,33191,,,-23.4866515,-46.726846,,,,2,2023-06-19T16:58:52+00:00
SAO_847P-10,São Paulo,3550308,True,,33191,,,-23.5063935,-46.705843,,,,2,2023-06-19T16:58:44+00:00
SAO_847P-10,São Paulo,3550308,True,,33191,,,-23.56521475,-46.6902715,,,,2,2023-06-19T16:58:09+00:00
SAO_847P-10,São Paulo,3550308,True,,33191,,,-23.5855505,-46.68270875,,,,2,2023-06-19T16:58:33+00:00
SAO_1720-10,São Paulo,3550308,True,,863,,,-23.474565499999997,-46.6132445,,,,1,2023-06-19T16:58:50+00:00
SAO_1720-10,São Paulo,3550308,True,,863,,,-23.445740999999998,-46.613363,,,,1,2023-06-19T16:55:35+00:00
SAO_1720-10,São Paulo,3550308,True,,863,,,-23.4696205,-46.616898,,,,1,2023-06-19T16:57:16+00:00
SAO_1720-10,São Paulo,3550308,True,,863,,,-23.479936374999998,-46.580044,,,,1,2023-06-19T16:55:09+00:00
SAO_1720-10,São Paulo,3550308,True,,863,,,-23.488168,-46.565489750000005,,,,1,2023-06-19T16:58:29+00:00
SAO_877T-10,São Paulo,3550308,True,,34149,,,-23.51331475,-46.72147137500001,,,,2,2023-06-19T16:58:36+00:00
SAO_877T-10,São Paulo,3550308,True,,34149,,,-23.521752,-46.7185675,,,,2,2023-06-19T16:58:38+00:00
SAO_877T-10,São Paulo,3550308,True,,34149,,,-23.574542375,-46.642751624999995,,,,2,2023-06-19T16:58:43+00:00
SAO_877T-10,São Paulo,3550308,True,,34149,,,-23.538528749999998,-46.6548195,,,,2,2023-06-19T16:58:33+00:00
SAO_4222-10,São Paulo,3550308,True,EMTU,288,https://moovitapp.com/index/pt-br/transporte_p%C3%BAblico-line-288-Sao_Paulo-242-2038937-36419389-0,5.1,-23.614912,-46.514389,,,,1,2023-06-19T16:56:29+00:00
SAO_4222-10,São Paulo,3550308,True,EMTU,288,https://moovitapp.com/index/pt-br/transporte_p%C3%BAblico-line-288-Sao_Paulo-242-2038937-36419389-0,5.1,-23.58114175,-46.58452675,,,,1,2023-06-19T16:58:23+00:00
SAO_4222-10,São Paulo,3550308,True,EMTU,288,https://moovitapp.com/index/pt-br/transporte_p%C3%BAblico-line-288-Sao_Paulo-242-2038937-36419389-0,5.1,-23.5666735,-46.6027395,,,,1,2023-06-19T16:57:15+00:00
SAO_4222-10,São Paulo,3550308,True,EMTU,288,https://moovitapp.com/index/pt-br/transporte_p%C3%BAblico-line-288-Sao_Paulo-242-2038937-36419389-0,5.1,-23.592799999999997,-46.5453845,,,,1,2023-06-19T16:58:26+00:00
SAO_5129-41,São Paulo,3550308,True,,34742,,,-23.656464875000005,-46.69435937499999,,,,2,2023-06-19T16:58:42+00:00
SAO_5129-41,São Paulo,3550308,True,,34742,,,-23.666238375,-46.656311875,,,,2,2023-06-19T16:58:50+00:00
SAO_5129-41,São Paulo,3550308,True,,34742,,,-23.68053825,-46.63576575,,,,2,2023-06-19T16:58:17+00:00
SAO_5129-41,São Paulo,3550308,True,,34742,,,-23.666238375,-46.656311875,,,,2,2023-06-19T16:58:24+00:00
SAO_5129-41,São Paulo,3550308,True,,34742,,,-23.680335,-46.6363855,,,,2,2023-06-19T16:58:41+00:00
SAO_5143-10,São Paulo,3550308,True,,34396,,,-23.568974,-46.608001,,,,2,2023-06-19T16:58:38+00:00
SAO_5143-10,São Paulo,3550308,True,,34396,,,-23.6139405,-46.501206499999995,,,,2,2023-06-19T16:58:11+00:00
SAO_5143-10,São Paulo,3550308,True,,34396,,,-23.6149275,-46.501881,,,,2,2023-06-19T16:58:12+00:00
SAO_5143-10,São Paulo,3550308,True,,34396,,,-23.589166499999997,-46.544595,,,,2,2023-06-19T16:58:15+00:00
SAO_6044-10,São Paulo,3550308,True,,33989,,,-23.64842525,-46.749457,,,,2,2023-06-19T16:58:39+00:00
SAO_6044-10,São Paulo,3550308,True,,33989,,,-23.676944,-46.7986715,,,,2,2023-06-19T16:58:48+00:00
SAO_6044-10,São Paulo,3550308,True,,33989,,,-23.6767725,-46.798547,,,,2,2023-06-19T16:58:23+00:00
SAO_6044-10,São Paulo,3550308,True,,33989,,,-23.676567,-46.798396,,,,2,2023-06-19T16:58:38+00:00
SAO_6044-10,São Paulo,3550308,True,,33989,,,-23.6646005,-46.78243425,,,,2,2023-06-19T16:58:31+00:00
SAO_6044-10,São Paulo,3550308,True,,33989,,,-23.6767725,-46.798547,,,,2,2023-06-19T16:58:55+00:00
SAO_6044-10,São Paulo,3550308,True,,33989,,,-23.643669,-46.732763000000006,,,,2,2023-06-19T16:58:46+00:00
SAO_6044-10,São Paulo,3550308,True,,33989,,,-23.65466825,-46.715909499999995,,,,2,2023-06-19T16:58:42+00:00
SAO_8500-10,São Paulo,3550308,True,,1267,,,-23.48629,-46.7260085,,,,1,2023-06-19T16:58:32+00:00
SAO_8500-10,São Paulo,3550308,True,,1267,,,-23.525072,-46.66675,,,,1,2023-06-19T16:58:39+00:00
SAO_8500-10,São Paulo,3550308,True,,1267,,,-23.4849325,-46.7233555,,,,1,2023-06-19T16:58:50+00:00
SAO_8500-10,São Paulo,3550308,True,,1267,,,-23.501786250000002,-46.70661375,,,,1,2023-06-19T16:56:20+00:00
SAO_8500-10,São Paulo,3550308,True,,1267,,,-23.487007,-46.726683,,,,1,2023-06-19T16:58:51+00:00
SAO_8600-22,São Paulo,3550308,True,,34822,,,-23.54222525,-46.6382325,,,,2,2023-06-19T16:58:21+00:00
SAO_8600-22,São Paulo,3550308,True,,34822,,,-23.5429835,-46.6376015,,,,2,2023-06-19T16:58:38+00:00
SAO_8600-22,São Paulo,3550308,True,,34822,,,-23.542382500000002,-46.638102,,,,2,2023-06-19T16:58:50+00:00
SAO_8600-22,São Paulo,3550308,True,,34822,,,-23.54222525,-46.6382325,,,,2,2023-06-19T16:58:22+00:00
SAO_6970-10,São Paulo,3550308,True,,34273,,,-23.662931125,-46.70718,,,,2,2023-06-19T16:58:49+00:00
SAO_6970-10,São Paulo,3550308,True,,34273,,,-23.710296999999997,-46.7115555,,,,2,2023-06-19T16:58:32+00:00
SAO_2182-10,São Paulo,3550308,True,STT,700,https://moovitapp.com/index/pt-br/transporte_p%C3%BAblico-line-700-Sao_Paulo-242-850661-183337-0,5.3,-23.538731,-46.6048935,,,,1,2023-06-19T16:58:26+00:00
SAO_2182-10,São Paulo,3550308,True,STT,700,https://moovitapp.com/index/pt-br/transporte_p%C3%BAblico-line-700-Sao_Paulo-242-850661-183337-0,5.3,-23.5070455,-46.5778295,,,,1,2023-06-19T16:58:52+00:00
SAO_2182-10,São Paulo,3550308,True,STT,700,https://moovitapp.com/index/pt-br/transporte_p%C3%BAblico-line-700-Sao_Paulo-242-850661-183337-0,5.3,-23.481513999999997,-46.5715465,,,,1,2023-06-19T16:58:20+00:00
SAO_2182-10,São Paulo,3550308,True,STT,700,https://moovitapp.com/index/pt-br/transporte_p%C3%BAblico-line-700-Sao_Paulo-242-850661-183337-0,5.3,-23.516759875,-46.588538,,,,1,2023-06-19T16:58:40+00:00
SAO_2182-10,São Paulo,3550308,True,STT,700,https://moovitapp.com/index/pt-br/transporte_p%C3%BAblico-line-700-Sao_Paulo-242-850661-183337-0,5.3,-23.481513999999997,-46.5715465,,,,1,2023-06-19T16:58:48+00:00
SAO_2182-10,São Paulo,3550308,True,STT,700,https://moovitapp.com/index/pt-br/transporte_p%C3%BAblico-line-700-Sao_Paulo-242-850661-183337-0,5.3,-23.5425665,-46.635465999999994,,,,1,2023-06-19T16:58:30+00:00
SAO_2182-10,São Paulo,3550308,True,STT,700,https://moovitapp.com/index/pt-br/transporte_p%C3%BAblico-line-700-Sao_Paulo-242-850661-183337-0,5.3,-23.542213,-46.627381,,,,1,2023-06-19T16:58:52+00:00
SAO_2182-10,São Paulo,3550308,True,STT,700,https://moovitapp.com/index/pt-br/transporte_p%C3%BAblico-line-700-Sao_Paulo-242-850661-183337-0,5.3,-23.483724000000002,-46.57009575,,,,1,2023-06-19T16:58:29+00:00
SAO_2182-10,São Paulo,3550308,True,STT,700,https://moovitapp.com/index/pt-br/transporte_p%C3%BAblico-line-700-Sao_Paulo-242-850661-183337-0,5.3,-23.481513999999997,-46.5715465,,,,1,2023-06-19T16:58:45+00:00
SAO_2182-10,São Paulo,3550308,True,STT,700,https://moovitapp.com/index/pt-br/transporte_p%C3%BAblico-line-700-Sao_Paulo-242-850661-183337-0,5.3,-23.48840775,-46.569042249999995,,,,1,2023-06-19T16:53:10+00:00
SAO_213E-10,São Paulo,3550308,True,,2498,,,-23.525652875,-46.588420375,,,,1,2023-06-19T16:58:48+00:00
SAO_213E-10,São Paulo,3550308,True,,2498,,,-23.4772505,-46.565053000000006,,,,1,2023-06-19T16:58:38+00:00
SAO_273G-10,São Paulo,3550308,True,EMTU,223,https://moovitapp.com/index/pt-br/transporte_p%C3%BAblico-line-223-Sao_Paulo-242-2038937-36419342-0,5.2,-23.516960500000003,-46.4763955,,,,1,2023-06-19T16:58:18+00:00
SAO_273G-10,São Paulo,3550308,True,EMTU,223,https://moovitapp.com/index/pt-br/transporte_p%C3%BAblico-line-223-Sao_Paulo-242-2038937-36419342-0,5.2,-23.489050375,-46.436514125,,,,1,2023-06-19T16:58:40+00:00
SAO_273G-10,São Paulo,3550308,True,EMTU,223,https://moovitapp.com/index/pt-br/transporte_p%C3%BAblico-line-223-Sao_Paulo-242-2038937-36419342-0,5.2,-23.479607,-46.4286865,,,,1,2023-06-19T16:58:31+00:00
SAO_273G-10,São Paulo,3550308,True,EMTU,223,https://moovitapp.com/index/pt-br/transporte_p%C3%BAblico-line-223-Sao_Paulo-242-2038937-36419342-0,5.2,-23.539805,-46.483291,,,,1,2023-06-19T16:58:24+00:00
SAO_273G-10,São Paulo,3550308,True,EMTU,223,https://moovitapp.com/index/pt-br/transporte_p%C3%BAblico-line-223-Sao_Paulo-242-2038937-36419342-0,5.2,-23.48141925,-46.41495925,,,,1,2023-06-19T16:58:15+00:00
SAO_273G-10,São Paulo,3550308,True,EMTU,223,https://moovitapp.com/index/pt-br/transporte_p%C3%BAblico-line-223-Sao_Paulo-242-2038937-36419342-0,5.2,-23.498089,-46.4634305,,,,1,2023-06-19T16:58:18+00:00
SAO_273G-10,São Paulo,3550308,True,EMTU,223,https://moovitapp.com/index/pt-br/transporte_p%C3%BAblico-line-223-Sao_Paulo-242-2038937-36419342-0,5.2,-23.538683,-46.480537749999996,,,,1,2023-06-19T16:58:21+00:00
SAO_4008-10,São Paulo,3550308,True,,2182,,,-23.560264,-46.5196105,,,,1,2023-06-19T16:58:38+00:00
SAO_4008-10,São Paulo,3550308,True,,2182,,,-23.5580635,-46.522337500000006,,,,1,2023-06-19T16:58:20+00:00
SAO_4008-10,São Paulo,3550308,True,,2182,,,-23.5675405,-46.473293999999996,,,,1,2023-06-19T16:58:13+00:00
SAO_8072-10,São Paulo,3550308,True,,34847,,,-23.6423545,-46.7659975,,,,2,2023-06-19T16:58:30+00:00
SAO_8072-10,São Paulo,3550308,True,,34847,,,-23.6423545,-46.7659975,,,,2,2023-06-19T16:58:44+00:00
SAO_8072-10,São Paulo,3550308,True,,34847,,,-23.5857665,-46.723943,,,,2,2023-06-19T16:58:19+00:00
SAO_8072-10,São Paulo,3550308,True,,34847,,,-23.63480025,-46.75890875,,,,2,2023-06-19T16:58:31+00:00
SAO_8072-10,São Paulo,3550308,True,,34847,,,-23.6082465,-46.751734,,,,2,2023-06-19T16:58:39+00:00
SAO_5018-10,São Paulo,3550308,True,,34260,,,-23.675471,-46.6729985,,,,2,2023-06-19T16:58:21+00:00
SAO_5018-10,São Paulo,3550308,True,,34260,,,-23.675448187500002,-46.6744513125,,,,2,2023-06-19T16:58:41+00:00
SAO_5018-10,São Paulo,3550308,True,,34260,,,-23.668201625,-46.651852749999996,,,,2,2023-06-19T16:58:14+00:00
SAO_5018-10,São Paulo,3550308,True,,34260,,,-23.675765,-46.673557,,,,2,2023-06-19T16:58:38+00:00
SAO_1775-10,São Paulo,3550308,True,,33406,,,-23.447411000000002,-46.6097415,,,,2,2023-06-19T16:58:14+00:00
SAO_1775-10,São Paulo,3550308,True,,33406,,,-23.502884,-46.6246055,,,,2,2023-06-19T16:58:44+00:00
SAO_1775-10,São Paulo,3550308,True,,33406,,,-23.448591,-46.608472000000006,,,,2,2023-06-19T16:58:54+00:00
SAO_2033-10,São Paulo,3550308,True,,2499,,,-23.515682499999997,-46.6071485,,,,1,2023-06-19T16:58:12+00:00
SAO_2033-10,São Paulo,3550308,True,,2499,,,-23.500283500000002,-46.585617,,,,1,2023-06-19T16:58:18+00:00
SAO_274P-10,São Paulo,3550308,True,,33000,,,-23.512558,-46.530508,,,,2,2023-06-19T16:58:20+00:00
SAO_274P-10,São Paulo,3550308,True,,33000,,,-23.535124,-46.5762615,,,,2,2023-06-19T16:58:23+00:00
SAO_274P-10,São Paulo,3550308,True,,33000,,,-23.559797625,-46.622273875,,,,2,2023-06-19T16:58:30+00:00
SAO_274P-10,São Paulo,3550308,True,,33000,,,-23.512909,-46.531287250000005,,,,2,2023-06-19T16:58:43+00:00
SAO_546A-10,São Paulo,3550308,True,,33899,,,-23.7136645,-46.656892,,,,2,2023-06-19T16:29:59+00:00
SAO_546A-10,São Paulo,3550308,True,,33899,,,-23.6541985,-46.704713999999996,,,,2,2023-06-19T16:58:52+00:00
SAO_546A-10,São Paulo,3550308,True,,33899,,,-23.67548925,-46.685847499999994,,,,2,2023-06-19T16:58:28+00:00
SAO_546A-10,São Paulo,3550308,True,,33899,,,-23.6926335,-46.6609445,,,,2,2023-06-19T16:58:19+00:00
SAO_546A-10,São Paulo,3550308,True,,33899,,,-23.713665,-46.65656725,,,,2,2023-06-19T16:57:45+00:00
SAO_546A-10,São Paulo,3550308,True,,33899,,,-23.704973,-46.6511425,,,,2,2023-06-19T16:53:54+00:00
SAO_8019-10,São Paulo,3550308,True,,2071,,,-23.5692555,-46.715265,,,,1,2023-06-19T16:58:47+00:00
SAO_8019-10,São Paulo,3550308,True,,2071,,,-23.547863,-46.7507345,,,,1,2023-06-19T16:58:42+00:00
SAO_3160-10,São Paulo,3550308,True,EMTU,125,https://moovitapp.com/index/pt-br/transporte_p%C3%BAblico-line-125-Sao_Paulo-242-2038937-36419283-0,5.15,-23.551912,-46.606304,,,,1,2023-06-19T16:58:18+00:00
SAO_3160-10,São Paulo,3550308,True,EMTU,125,https://moovitapp.com/index/pt-br/transporte_p%C3%BAblico-line-125-Sao_Paulo-242-2038937-36419283-0,5.15,-23.5838375,-46.584777,,,,1,2023-06-19T16:58:18+00:00
SAO_3160-10,São Paulo,3550308,True,EMTU,125,https://moovitapp.com/index/pt-br/transporte_p%C3%BAblico-line-125-Sao_Paulo-242-2038937-36419283-0,5.15,-23.548796,-46.6291325,,,,1,2023-06-19T16:58:50+00:00
SAO_3160-10,São Paulo,3550308,True,EMTU,125,https://moovitapp.com/index/pt-br/transporte_p%C3%BAblico-line-125-Sao_Paulo-242-2038937-36419283-0,5.15,-23.5837635,-46.5844805,,,,1,2023-06-19T16:58:29+00:00
SAO_3160-10,São Paulo,3550308,True,EMTU,125,https://moovitapp.com/index/pt-br/transporte_p%C3%BAblico-line-125-Sao_Paulo-242-2038937-36419283-0,5.15,-23.560606875,-46.599290874999994,,,,1,2023-06-19T16:58:45+00:00
SAO_3160-10,São Paulo,3550308,True,EMTU,125,https://moovitapp.com/index/pt-br/transporte_p%C3%BAblico-line-125-Sao_Paulo-242-2038937-36419283-0,5.15,-23.5838375,-46.584777,,,,1,2023-06-19T16:58:20+00:00
SAO_3160-10,São Paulo,3550308,True,EMTU,125,https://moovitapp.com/index/pt-br/transporte_p%C3%BAblico-line-125-Sao_Paulo-242-2038937-36419283-0,5.15,-23.5838375,-46.584777,,,,1,2023-06-19T16:58:51+00:00
SAO_3160-10,São Paulo,3550308,True,EMTU,125,https://moovitapp.com/index/pt-br/transporte_p%C3%BAblico-line-125-Sao_Paulo-242-2038937-36419283-0,5.15,-23.5838375,-46.584777,,,,1,2023-06-19T16:58:27+00:00
SAO_3160-10,São Paulo,3550308,True,EMTU,125,https://moovitapp.com/index/pt-br/transporte_p%C3%BAblico-line-125-Sao_Paulo-242-2038937-36419283-0,5.15,-23.570269,-46.5874505,,,,1,2023-06-19T16:58:54+00:00
SAO_3160-10,São Paulo,3550308,True,EMTU,125,https://moovitapp.com/index/pt-br/transporte_p%C3%BAblico-line-125-Sao_Paulo-242-2038937-36419283-0,5.15,-23.5579055,-46.600278,,,,1,2023-06-19T16:58:40+00:00
SAO_3063-10,São Paulo,3550308,True,EMTU,253,https://moovitapp.com/index/pt-br/transporte_p%C3%BAblico-line-253-Sao_Paulo-242-2038937-36419364-0,5.4,-23.5737315,-46.416008,,,,1,2023-06-19T16:58:23+00:00
SAO_3063-10,São Paulo,3550308,True,EMTU,253,https://moovitapp.com/index/pt-br/transporte_p%C3%BAblico-line-253-Sao_Paulo-242-2038937-36419364-0,5.4,-23.595400875000003,-46.43852187499999,,,,1,2023-06-19T16:58:12+00:00
SAO_3063-10,São Paulo,3550308,True,EMTU,253,https://moovitapp.com/index/pt-br/transporte_p%C3%BAblico-line-253-Sao_Paulo-242-2038937-36419364-0,5.4,-23.613115999999998,-46.476499,,,,1,2023-06-19T16:58:27+00:00
SAO_3063-10,São Paulo,3550308,True,EMTU,253,https://moovitapp.com/index/pt-br/transporte_p%C3%BAblico-line-253-Sao_Paulo-242-2038937-36419364-0,5.4,-23.558697000000002,-46.3999615,,,,1,2023-06-19T16:58:45+00:00
SAO_3063-10,São Paulo,3550308,True,EMTU,253,https://moovitapp.com/index/pt-br/transporte_p%C3%BAblico-line-253-Sao_Paulo-242-2038937-36419364-0,5.4,-23.558697000000002,-46.3999615,,,,1,2023-06-19T16:58:33+00:00
SAO_3063-10,São Paulo,3550308,True,EMTU,253,https://moovitapp.com/index/pt-br/transporte_p%C3%BAblico-line-253-Sao_Paulo-242-2038937-36419364-0,5.4,-23.546731,-46.4090375,,,,1,2023-06-19T16:58:53+00:00
SAO_476G-10,São Paulo,3550308,True,,33879,,,-23.6151385,-46.504729,,,,2,2023-06-19T16:58:45+00:00
SAO_476G-10,São Paulo,3550308,True,,33879,,,-23.5857745,-46.580647,,,,2,2023-06-19T16:58:52+00:00
SAO_476G-10,São Paulo,3550308,True,,33879,,,-23.609308,-46.519349250000005,,,,2,2023-06-19T16:58:34+00:00
SAO_476G-10,São Paulo,3550308,True,,33879,,,-23.5941865,-46.629310000000004,,,,2,2023-06-19T16:57:26+00:00
SAO_407J-10,São Paulo,3550308,True,,34966,,,-23.568877999999998,-46.4758675,,,,2,2023-06-19T16:58:19+00:00
SAO_407J-10,São Paulo,3550308,True,,34966,,,-23.545655500000002,-46.4043215,,,,2,2023-06-19T16:54:47+00:00
SAO_407J-10,São Paulo,3550308,True,,34966,,,-23.55005975,-46.4621805,,,,2,2023-06-19T16:58:15+00:00
SAO_407J-10,São Paulo,3550308,True,,34966,,,-23.540174999999998,-46.55162,,,,2,2023-06-19T16:58:45+00:00
SAO_407J-10,São Paulo,3550308,True,,34966,,,-23.5538775,-46.403907,,,,2,2023-06-19T16:50:24+00:00
SAO_407J-10,São Paulo,3550308,True,,34966,,,-23.5538775,-46.403907,,,,2,2023-06-19T16:54:35+00:00
SAO_407J-10,São Paulo,3550308,True,,34966,,,-23.568596624999998,-46.50931175000001,,,,2,2023-06-19T16:58:29+00:00
SAO_407J-10,São Paulo,3550308,True,,34966,,,-23.541229,-46.5766665,,,,2,2023-06-19T16:58:13+00:00
SAO_407J-10,São Paulo,3550308,True,,34966,,,-23.531106,-46.44554675,,,,2,2023-06-19T16:58:27+00:00
SAO_407J-10,São Paulo,3550308,True,,34966,,,-23.553017,-46.403493,,,,2,2023-06-19T16:58:50+00:00
SAO_407J-10,São Paulo,3550308,True,,34966,,,-23.541229,-46.5766665,,,,2,2023-06-19T16:58:40+00:00
SAO_407J-10,São Paulo,3550308,True,,34966,,,-23.55218875,-46.404561375,,,,2,2023-06-19T16:58:49+00:00
SAO_407J-10,São Paulo,3550308,True,,34966,,,-23.5540335,-46.403518000000005,,,,2,2023-06-19T16:58:40+00:00
SAO_407J-10,São Paulo,3550308,True,,34966,,,-23.55371425,-46.40418275,,,,2,2023-06-19T16:58:46+00:00
SAO_121G-10,São Paulo,3550308,True,,691,,,-23.481793500000002,-46.592065500000004,,,,1,2023-06-19T16:58:32+00:00
SAO_121G-10,São Paulo,3550308,True,,691,,,-23.521359750000002,-46.562355,,,,1,2023-06-19T16:58:11+00:00
SAO_121G-10,São Paulo,3550308,True,,691,,,-23.5046685,-46.572961,,,,1,2023-06-19T16:56:42+00:00
SAO_172N-10,São Paulo,3550308,True,,33432,,,-23.515946749999998,-46.61641775,,,,2,2023-06-19T16:58:12+00:00
SAO_172N-10,São Paulo,3550308,True,,33432,,,-23.515946749999998,-46.61641775,,,,2,2023-06-19T16:58:17+00:00
SAO_172N-10,São Paulo,3550308,True,,33432,,,-23.527230499999998,-46.59666125,,,,2,2023-06-19T16:56:34+00:00
SAO_172N-10,São Paulo,3550308,True,,33432,,,-23.51559625,-46.61637925,,,,2,2023-06-19T16:58:11+00:00
SAO_172N-10,São Paulo,3550308,True,,33432,,,-23.504773999999998,-46.6063635,,,,2,2023-06-19T16:58:49+00:00
SAO_3001-10,São Paulo,3550308,True,,34418,,,-23.496322499999998,-46.40204725,,,,2,2023-06-19T16:58:23+00:00
SAO_3001-10,São Paulo,3550308,True,,34418,,,-23.512919500000002,-46.379345,,,,2,2023-06-19T16:58:23+00:00
SAO_3001-10,São Paulo,3550308,True,,34418,,,-23.51342975,-46.376079499999996,,,,2,2023-06-19T16:58:26+00:00
SAO_209P-10,São Paulo,3550308,True,,34984,,,-23.47277475,-46.6701725,,,,2,2023-06-19T16:58:22+00:00
SAO_209P-10,São Paulo,3550308,True,,34984,,,-23.5249595,-46.6700565,,,,2,2023-06-19T16:58:51+00:00
SAO_209P-10,São Paulo,3550308,True,,34984,,,-23.566740125,-46.692832249999995,,,,2,2023-06-19T16:58:43+00:00
SAO_209P-10,São Paulo,3550308,True,,34984,,,-23.5307635,-46.677147000000005,,,,2,2023-06-19T16:58:42+00:00
SAO_209P-10,São Paulo,3550308,True,,34984,,,-23.5319205,-46.676208,,,,2,2023-06-19T16:58:42+00:00
SAO_209P-10,São Paulo,3550308,True,,34984,,,-23.520201999999998,-46.671375499999996,,,,2,2023-06-19T16:58:45+00:00
SAO_209P-10,São Paulo,3550308,True,,34984,,,-23.501758,-46.6869255,,,,2,2023-06-19T16:58:48+00:00
SAO_209P-10,São Paulo,3550308,True,,34984,,,-23.4980265,-46.6847265,,,,2,2023-06-19T16:58:41+00:00
SAO_209P-10,São Paulo,3550308,True,,34984,,,-23.471658249999997,-46.6703105,,,,2,2023-06-19T16:58:30+00:00
SAO_3712-10,São Paulo,3550308,True,,1009,,,-23.541897,-46.470466,,,,1,2023-06-19T16:58:15+00:00
SAO_3712-10,São Paulo,3550308,True,,1009,,,-23.5525595,-46.4257145,,,,1,2023-06-19T16:58:39+00:00
SAO_3712-10,São Paulo,3550308,True,,1009,,,-23.5525595,-46.4257145,,,,1,2023-06-19T16:58:55+00:00
SAO_3712-10,São Paulo,3550308,True,,1009,,,-23.5525595,-46.4257145,,,,1,2023-06-19T16:58:46+00:00
SAO_3712-10,São Paulo,3550308,True,,1009,,,-23.549496125,-46.44502237499999,,,,1,2023-06-19T16:58:13+00:00
SAO_2712-10,São Paulo,3550308,True,,33694,,,-23.525233,-46.4783005,,,,2,2023-06-19T16:58:37+00:00
SAO_2712-10,São Paulo,3550308,True,,33694,,,-23.5268035,-46.478916999999996,,,,2,2023-06-19T16:58:15+00:00
SAO_2712-10,São Paulo,3550308,True,,33694,,,-23.5268035,-46.478916999999996,,,,2,2023-06-19T16:58:41+00:00
SAO_2712-10,São Paulo,3550308,True,,33694,,,-23.539582000000003,-46.4728305,,,,2,2023-06-19T16:58:32+00:00
SAO_546J-10,São Paulo,3550308,True,,33901,,,-23.692975500000003,-46.65916300000001,,,,2,2023-06-19T16:58:47+00:00
SAO_546J-10,São Paulo,3550308,True,,33901,,,-23.687413749999997,-46.6586645,,,,2,2023-06-19T16:58:29+00:00
SAO_546J-10,São Paulo,3550308,True,,33901,,,-23.6929245,-46.659800000000004,,,,2,2023-06-19T16:58:44+00:00
SAO_1705-10,São Paulo,3550308,True,,849,,,-23.473367625,-46.60078850000001,,,,1,2023-06-19T16:56:39+00:00
SAO_1705-10,São Paulo,3550308,True,,849,,,-23.45636925,-46.592832,,,,1,2023-06-19T16:58:42+00:00
SAO_1705-10,São Paulo,3550308,True,,849,,,-23.443365,-46.589582500000006,,,,1,2023-06-19T16:58:40+00:00
SAO_1705-10,São Paulo,3550308,True,,849,,,-23.480535500000002,-46.6024285,,,,1,2023-06-19T16:58:45+00:00
SAO_1705-10,São Paulo,3550308,True,,849,,,-23.434117999999998,-46.5843315,,,,1,2023-06-19T16:57:05+00:00
SAO_6035-21,São Paulo,3550308,True,,1795,,,-23.71424925,-46.7714,,,,1,2023-06-19T16:58:41+00:00
SAO_6035-21,São Paulo,3550308,True,,1795,,,-23.6689235,-46.735557,,,,1,2023-06-19T16:58:40+00:00
SAO_6035-21,São Paulo,3550308,True,,1795,,,-23.685767499999997,-46.737227000000004,,,,1,2023-06-19T16:58:17+00:00
SAO_6035-21,São Paulo,3550308,True,,1795,,,-23.71865675,-46.76532925,,,,1,2023-06-19T16:58:53+00:00
SAO_4727-10,São Paulo,3550308,True,Cidade de Caieiras,340,https://moovitapp.com/index/pt-br/transporte_p%C3%BAblico-line-340-Sao_Paulo-242-868761-101563062-0,5.0,-23.61237925,-46.62582075,,,,1,2023-06-19T16:58:24+00:00
SAO_4727-10,São Paulo,3550308,True,Cidade de Caieiras,340,https://moovitapp.com/index/pt-br/transporte_p%C3%BAblico-line-340-Sao_Paulo-242-868761-101563062-0,5.0,-23.6379275,-46.608517500000005,,,,1,2023-06-19T16:58:25+00:00
SAO_4727-10,São Paulo,3550308,True,Cidade de Caieiras,340,https://moovitapp.com/index/pt-br/transporte_p%C3%BAblico-line-340-Sao_Paulo-242-868761-101563062-0,5.0,-23.6469275,-46.6113675,,,,1,2023-06-19T16:58:38+00:00
SAO_4727-10,São Paulo,3550308,True,Cidade de Caieiras,340,https://moovitapp.com/index/pt-br/transporte_p%C3%BAblico-line-340-Sao_Paulo-242-868761-101563062-0,5.0,-23.6109875,-46.637339499999996,,,,1,2023-06-19T16:58:10+00:00
SAO_3098-10,São Paulo,3550308,True,,33846,,,-23.63146325,-46.456264,,,,2,2023-06-19T16:58:22+00:00
SAO_3098-10,São Paulo,3550308,True,,33846,,,-23.5824995,-46.4917855,,,,2,2023-06-19T16:58:24+00:00
SAO_3098-10,São Paulo,3550308,True,,33846,,,-23.632951499999997,-46.4620685,,,,2,2023-06-19T16:58:34+00:00
SAO_3098-10,São Paulo,3550308,True,,33846,,,-23.593664125,-46.488393499999994,,,,2,2023-06-19T16:58:23+00:00
SAO_3098-10,São Paulo,3550308,True,,33846,,,-23.6113085,-46.476020500000004,,,,2,2023-06-19T16:58:24+00:00
SAO_3098-10,São Paulo,3550308,True,,33846,,,-23.633983999999998,-46.4578865,,,,2,2023-06-19T16:58:39+00:00
SAO_3098-10,São Paulo,3550308,True,,33846,,,-23.63146325,-46.456264,,,,2,2023-06-19T16:58:38+00:00
SAO_3098-10,São Paulo,3550308,True,,33846,,,-23.63146325,-46.456264,,,,2,2023-06-19T16:58:49+00:00
SAO_314J-10,São Paulo,3550308,True,Cidade de Caieiras,310,https://moovitapp.com/index/pt-br/transporte_p%C3%BAblico-line-310-Sao_Paulo-242-868761-496418-0,5.0,-23.6141705,-46.51755300000001,,,,1,2023-06-19T16:54:33+00:00
SAO_314J-10,São Paulo,3550308,True,Cidade de Caieiras,310,https://moovitapp.com/index/pt-br/transporte_p%C3%BAblico-line-310-Sao_Paulo-242-868761-496418-0,5.0,-23.5570455,-46.633244000000005,,,,1,2023-06-19T16:58:31+00:00
SAO_314J-10,São Paulo,3550308,True,Cidade de Caieiras,310,https://moovitapp.com/index/pt-br/transporte_p%C3%BAblico-line-310-Sao_Paulo-242-868761-496418-0,5.0,-23.597439,-46.562616000000006,,,,1,2023-06-19T16:58:29+00:00
SAO_314J-10,São Paulo,3550308,True,Cidade de Caieiras,310,https://moovitapp.com/index/pt-br/transporte_p%C3%BAblico-line-310-Sao_Paulo-242-868761-496418-0,5.0,-23.6141705,-46.51755300000001,,,,1,2023-06-19T16:58:11+00:00
SAO_314J-10,São Paulo,3550308,True,Cidade de Caieiras,310,https://moovitapp.com/index/pt-br/transporte_p%C3%BAblico-line-310-Sao_Paulo-242-868761-496418-0,5.0,-23.60548075,-46.5225615,,,,1,2023-06-19T16:58:35+00:00
SAO_5759-10,São Paulo,3550308,True,,1138,,,-23.684055999999998,-46.640964,,,,1,2023-06-19T16:52:54+00:00
SAO_5759-10,São Paulo,3550308,True,,1138,,,-23.649483500000002,-46.646519,,,,1,2023-06-19T16:58:25+00:00
SAO_5759-10,São Paulo,3550308,True,,1138,,,-23.670932999999998,-46.6609945,,,,1,2023-06-19T16:58:31+00:00
SAO_5759-10,São Paulo,3550308,True,,1138,,,-23.6352105,-46.640998,,,,1,2023-06-19T16:58:44+00:00
SAO_3745-10,São Paulo,3550308,True,,1044,,,-23.58888,-46.5006235,,,,1,2023-06-19T16:58:16+00:00
SAO_3745-10,São Paulo,3550308,True,,1044,,,-23.54132,-46.57769475,,,,1,2023-06-19T16:58:40+00:00
SAO_3745-10,São Paulo,3550308,True,,1044,,,-23.58888,-46.5006235,,,,1,2023-06-19T16:58:41+00:00
SAO_3745-10,São Paulo,3550308,True,,1044,,,-23.58888,-46.5006235,,,,1,2023-06-19T16:58:51+00:00
SAO_3745-10,São Paulo,3550308,True,,1044,,,-23.585673,-46.5188495,,,,1,2023-06-19T16:58:46+00:00
SAO_3745-10,São Paulo,3550308,True,,1044,,,-23.546167,-46.542931,,,,1,2023-06-19T16:58:54+00:00
SAO_3745-10,São Paulo,3550308,True,,1044,,,-23.570324,-46.529569499999994,,,,1,2023-06-19T16:58:37+00:00
SAO_3745-10,São Paulo,3550308,True,,1044,,,-23.541351,-46.55537425,,,,1,2023-06-19T16:57:10+00:00
SAO_4718-10,São Paulo,3550308,True,EMTU,336,https://moovitapp.com/index/pt-br/transporte_p%C3%BAblico-line-336-Sao_Paulo-242-2038937-36419421-0,4.8,-23.657176,-46.613479999999996,,,,1,2023-06-19T16:58:35+00:00
SAO_4718-10,São Paulo,3550308,True,EMTU,336,https://moovitapp.com/index/pt-br/transporte_p%C3%BAblico-line-336-Sao_Paulo-242-2038937-36419421-0,4.8,-23.625973125,-46.620004875,,,,1,2023-06-19T16:58:36+00:00
SAO_2626-10,São Paulo,3550308,True,EMTU,376,https://moovitapp.com/index/pt-br/transporte_p%C3%BAblico-line-376-Sao_Paulo-242-2038937-114744732-0,5.1,-23.5371585,-46.593795125,,,,1,2023-06-19T16:58:25+00:00
SAO_2626-10,São Paulo,3550308,True,EMTU,376,https://moovitapp.com/index/pt-br/transporte_p%C3%BAblico-line-376-Sao_Paulo-242-2038937-114744732-0,5.1,-23.5072705,-46.4790065,,,,1,2023-06-19T16:58:28+00:00
SAO_2626-10,São Paulo,3550308,True,EMTU,376,https://moovitapp.com/index/pt-br/transporte_p%C3%BAblico-line-376-Sao_Paulo-242-2038937-114744732-0,5.1,-23.5237645,-46.410553500000006,,,,1,2023-06-19T16:58:16+00:00
SAO_2626-10,São Paulo,3550308,True,EMTU,376,https://moovitapp.com/index/pt-br/transporte_p%C3%BAblico-line-376-Sao_Paulo-242-2038937-114744732-0,5.1,-23.500211,-46.4112635,,,,1,2023-06-19T16:58:43+00:00
SAO_2626-10,São Paulo,3550308,True,EMTU,376,https://moovitapp.com/index/pt-br/transporte_p%C3%BAblico-line-376-Sao_Paulo-242-2038937-114744732-0,5.1,-23.5232135,-46.533851999999996,,,,1,2023-06-19T16:58:46+00:00
SAO_2626-10,São Paulo,3550308,True,EMTU,376,https://moovitapp.com/index/pt-br/transporte_p%C3%BAblico-line-376-Sao_Paulo-242-2038937-114744732-0,5.1,-23.5456715,-46.630392,,,,1,2023-06-19T16:58:40+00:00
SAO_6093-10,São Paulo,3550308,True,,1585,,,-23.827874,-46.7273005,,,,1,2023-06-19T16:58:52+00:00
SAO_6093-10,São Paulo,3550308,True,,1585,,,-23.807624500000003,-46.736733,,,,1,2023-06-19T16:58:54+00:00
SAO_6093-10,São Paulo,3550308,True,,1585,,,-23.751314999999998,-46.710595999999995,,,,1,2023-06-19T16:58:49+00:00
SAO_6093-10,São Paulo,3550308,True,,1585,,,-23.7364225,-46.6969615,,,,1,2023-06-19T16:58:23+00:00
SAO_6093-10,São Paulo,3550308,True,,1585,,,-23.736596499999997,-46.6971045,,,,1,2023-06-19T16:58:28+00:00
SAO_6093-10,São Paulo,3550308,True,,1585,,,-23.765424,-46.7168155,,,,1,2023-06-19T16:58:55+00:00
SAO_6092-10,São Paulo,3550308,True,,1177,,,-23.737362,-46.6973265,,,,1,2023-06-19T16:58:14+00:00
SAO_6092-10,São Paulo,3550308,True,,1177,,,-23.7674915,-46.6903605,,,,1,2023-06-19T16:58:46+00:00
SAO_6092-10,São Paulo,3550308,True,,1177,,,-23.748672,-46.687512999999996,,,,1,2023-06-19T16:58:53+00:00
SAO_6092-10,São Paulo,3550308,True,,1177,,,-23.76854675,-46.6897715,,,,1,2023-06-19T16:58:14+00:00
SAO_5362-23,São Paulo,3550308,True,,1860,,,-23.748095499999998,-46.68762275,,,,1,2023-06-19T16:58:32+00:00
SAO_5362-23,São Paulo,3550308,True,,1860,,,-23.744477500000002,-46.6712645,,,,1,2023-06-19T16:58:50+00:00
SAO_5362-23,São Paulo,3550308,True,,1860,,,-23.63470675,-46.693451875,,,,1,2023-06-19T16:58:16+00:00
SAO_5362-23,São Paulo,3550308,True,,1860,,,-23.745433,-46.6650005,,,,1,2023-06-19T16:58:36+00:00
SAO_5362-23,São Paulo,3550308,True,,1860,,,-23.725253000000002,-46.6995215,,,,1,2023-06-19T16:58:49+00:00
SAO_5362-23,São Paulo,3550308,True,,1860,,,-23.75505325,-46.676009750000006,,,,1,2023-06-19T16:58:21+00:00
SAO_5362-23,São Paulo,3550308,True,,1860,,,-23.636318375000002,-46.694568875,,,,1,2023-06-19T16:58:52+00:00
SAO_5362-23,São Paulo,3550308,True,,1860,,,-23.744477500000002,-46.6712645,,,,1,2023-06-19T16:58:14+00:00
SAO_5362-23,São Paulo,3550308,True,,1860,,,-23.753051,-46.688569,,,,1,2023-06-19T16:58:15+00:00
SAO_5015-10,São Paulo,3550308,True,,1119,,,-23.669731,-46.639418000000006,,,,1,2023-06-19T16:58:44+00:00
SAO_5015-10,São Paulo,3550308,True,,1119,,,-23.679215,-46.640164,,,,1,2023-06-19T16:58:12+00:00
SAO_5015-10,São Paulo,3550308,True,,1119,,,-23.646787,-46.638737,,,,1,2023-06-19T16:58:10+00:00
SAO_5015-10,São Paulo,3550308,True,,1119,,,-23.676164500000002,-46.660602749999995,,,,1,2023-06-19T16:58:16+00:00
SAO_5015-10,São Paulo,3550308,True,,1119,,,-23.646787,-46.638737,,,,1,2023-06-19T16:58:34+00:00
SAO_7458-10,São Paulo,3550308,True,,33264,,,-23.579282749999997,-46.791520750000004,,,,2,2023-06-19T16:58:50+00:00
SAO_7458-10,São Paulo,3550308,True,,33264,,,-23.587261625000004,-46.736761625,,,,2,2023-06-19T16:58:45+00:00
SAO_7458-10,São Paulo,3550308,True,,33264,,,-23.5796245,-46.794517,,,,2,2023-06-19T16:58:18+00:00
SAO_7458-10,São Paulo,3550308,True,,33264,,,-23.57920325,-46.79466375,,,,2,2023-06-19T16:58:22+00:00
SAO_372F-10,São Paulo,3550308,True,,33783,,,-23.551769,-46.599556500000006,,,,2,2023-06-19T16:58:13+00:00
SAO_372F-10,São Paulo,3550308,True,,33783,,,-23.5520035,-46.599284,,,,2,2023-06-19T16:58:38+00:00
SAO_372F-10,São Paulo,3550308,True,,33783,,,-23.551867,-46.599465,,,,2,2023-06-19T16:58:34+00:00
SAO_1758-10,São Paulo,3550308,True,EMTU,552,https://moovitapp.com/index/pt-br/transporte_p%C3%BAblico-line-552-Sao_Paulo-242-2038937-36419556-0,6.8,-23.464394,-46.6554045,,,,1,2023-06-19T16:58:46+00:00
SAO_1758-10,São Paulo,3550308,True,EMTU,552,https://moovitapp.com/index/pt-br/transporte_p%C3%BAblico-line-552-Sao_Paulo-242-2038937-36419556-0,6.8,-23.484989125,-46.62952,,,,1,2023-06-19T16:58:45+00:00
SAO_1758-10,São Paulo,3550308,True,EMTU,552,https://moovitapp.com/index/pt-br/transporte_p%C3%BAblico-line-552-Sao_Paulo-242-2038937-36419556-0,6.8,-23.463732625,-46.653585125,,,,1,2023-06-19T16:58:44+00:00
SAO_1758-10,São Paulo,3550308,True,EMTU,552,https://moovitapp.com/index/pt-br/transporte_p%C3%BAblico-line-552-Sao_Paulo-242-2038937-36419556-0,6.8,-23.453969,-46.6614815,,,,1,2023-06-19T16:58:12+00:00
SAO_1758-10,São Paulo,3550308,True,EMTU,552,https://moovitapp.com/index/pt-br/transporte_p%C3%BAblico-line-552-Sao_Paulo-242-2038937-36419556-0,6.8,-23.502784499999997,-46.6242225,,,,1,2023-06-19T16:58:51+00:00
SAO_4024-10,São Paulo,3550308,True,,34926,,,-23.565846999999998,-46.416027,,,,2,2023-06-19T16:58:34+00:00
SAO_4024-10,São Paulo,3550308,True,,34926,,,-23.557086499999997,-46.4316945,,,,2,2023-06-19T16:55:30+00:00
SAO_4024-10,São Paulo,3550308,True,,34926,,,-23.567145,-46.424549999999996,,,,2,2023-06-19T16:58:00+00:00
SAO_4024-10,São Paulo,3550308,True,,34926,,,-23.544196,-46.4460025,,,,2,2023-06-19T16:58:25+00:00
SAO_807A-10,São Paulo,3550308,True,,1900,,,-23.643456999999998,-46.7356385,,,,1,2023-06-19T16:58:38+00:00
SAO_807A-10,São Paulo,3550308,True,,1900,,,-23.6307725,-46.7731845,,,,1,2023-06-19T16:58:16+00:00
SAO_807A-10,São Paulo,3550308,True,,1900,,,-23.6489525,-46.7592805,,,,1,2023-06-19T16:58:31+00:00
SAO_573T-10,São Paulo,3550308,True,,34400,,,-23.6052335,-46.489263,,,,2,2023-06-19T16:58:35+00:00
SAO_573T-10,São Paulo,3550308,True,,34400,,,-23.595123,-46.4946075,,,,2,2023-06-19T16:58:14+00:00
SAO_573T-10,São Paulo,3550308,True,,34400,,,-23.539279999999998,-46.553519875,,,,2,2023-06-19T16:58:53+00:00
SAO_573T-10,São Paulo,3550308,True,,34400,,,-23.575205999999998,-46.50457175,,,,2,2023-06-19T16:58:45+00:00
SAO_573T-10,São Paulo,3550308,True,,34400,,,-23.6139655,-46.5015435,,,,2,2023-06-19T16:58:17+00:00
SAO_573T-10,São Paulo,3550308,True,,34400,,,-23.562264499999998,-46.516679,,,,2,2023-06-19T16:58:47+00:00
SAO_573T-10,São Paulo,3550308,True,,34400,,,-23.547039,-46.540972374999996,,,,2,2023-06-19T16:58:30+00:00
SAO_4027-10,São Paulo,3550308,True,,33865,,,-23.6112775,-46.475717,,,,2,2023-06-19T16:58:41+00:00
SAO_4027-10,São Paulo,3550308,True,,33865,,,-23.620258500000002,-46.45756525,,,,2,2023-06-19T16:58:30+00:00
SAO_4027-10,São Paulo,3550308,True,,33865,,,-23.591762062500003,-46.4891101875,,,,2,2023-06-19T16:58:26+00:00
SAO_4027-10,São Paulo,3550308,True,,33865,,,-23.593264,-46.489357999999996,,,,2,2023-06-19T16:58:18+00:00
SAO_4027-10,São Paulo,3550308,True,,33865,,,-23.627527999999998,-46.445901,,,,2,2023-06-19T16:58:47+00:00
SAO_4027-10,São Paulo,3550308,True,,33865,,,-23.641898,-46.438882500000005,,,,2,2023-06-19T16:58:14+00:00
SAO_4027-10,São Paulo,3550308,True,,33865,,,-23.641898,-46.438882500000005,,,,2,2023-06-19T16:58:52+00:00
SAO_4027-10,São Paulo,3550308,True,,33865,,,-23.606188250000002,-46.4794665,,,,2,2023-06-19T16:58:33+00:00
SAO_4027-10,São Paulo,3550308,True,,33865,,,-23.641935500000002,-46.438704,,,,2,2023-06-19T16:58:39+00:00
SAO_4027-10,São Paulo,3550308,True,,33865,,,-23.634888,-46.4434555,,,,2,2023-06-19T16:58:50+00:00
SAO_3712-10,São Paulo,3550308,True,,33777,,,-23.549933,-46.4257925,,,,2,2023-06-19T16:58:40+00:00
SAO_3712-10,São Paulo,3550308,True,,33777,,,-23.55333575,-46.42540475,,,,2,2023-06-19T16:58:33+00:00
SAO_3712-10,São Paulo,3550308,True,,33777,,,-23.55333575,-46.42540475,,,,2,2023-06-19T16:58:12+00:00
SAO_3712-10,São Paulo,3550308,True,,33777,,,-23.539747124999998,-46.4552775,,,,2,2023-06-19T16:58:27+00:00
SAO_677A-10,São Paulo,3550308,True,,34007,,,-23.6129235,-46.6957445,,,,2,2023-06-19T16:58:47+00:00
SAO_677A-10,São Paulo,3550308,True,,34007,,,-23.6903555,-46.7743995,,,,2,2023-06-19T16:58:10+00:00
SAO_677A-10,São Paulo,3550308,True,,34007,,,-23.675689,-46.7542845,,,,2,2023-06-19T16:58:48+00:00
SAO_677A-10,São Paulo,3550308,True,,34007,,,-23.629258,-46.71597225,,,,2,2023-06-19T16:58:42+00:00
SAO_677A-10,São Paulo,3550308,True,,34007,,,-23.684060000000002,-46.770033,,,,2,2023-06-19T16:58:43+00:00
SAO_677A-10,São Paulo,3550308,True,,34007,,,-23.689947,-46.7740025,,,,2,2023-06-19T16:58:53+00:00
SAO_948A-10,São Paulo,3550308,True,,34191,,,-23.516236999999997,-46.698377,,,,2,2023-06-19T16:58:30+00:00
SAO_948A-10,São Paulo,3550308,True,,34191,,,-23.4694535,-46.7135935,,,,2,2023-06-19T16:58:42+00:00
SAO_948A-10,São Paulo,3550308,True,,34191,,,-23.4694535,-46.7135935,,,,2,2023-06-19T16:58:31+00:00
SAO_6726-10,São Paulo,3550308,True,,1193,,,-23.73467,-46.66268825,,,,1,2023-06-19T16:58:21+00:00
SAO_6726-10,São Paulo,3550308,True,,1193,,,-23.736596499999997,-46.6971045,,,,1,2023-06-19T16:58:39+00:00
SAO_6726-10,São Paulo,3550308,True,,1193,,,-23.736596499999997,-46.6971045,,,,1,2023-06-19T16:58:33+00:00
SAO_6726-10,São Paulo,3550308,True,,1193,,,-23.736596499999997,-46.6971045,,,,1,2023-06-19T16:58:34+00:00
SAO_6726-10,São Paulo,3550308,True,,1193,,,-23.736596499999997,-46.6971045,,,,1,2023-06-19T16:58:12+00:00
SAO_6726-10,São Paulo,3550308,True,,1193,,,-23.74459025,-46.669951375,,,,1,2023-06-19T16:58:26+00:00
SAO_6726-10,São Paulo,3550308,True,,1193,,,-23.7563975,-46.6678165,,,,1,2023-06-19T16:58:51+00:00
SAO_6726-10,São Paulo,3550308,True,,1193,,,-23.7386215,-46.6918455,,,,1,2023-06-19T16:58:43+00:00
SAO_6726-10,São Paulo,3550308,True,,1193,,,-23.745497,-46.68922375,,,,1,2023-06-19T16:58:49+00:00
SAO_8015-10,São Paulo,3550308,True,,34113,,,-23.388557499999997,-46.735341500000004,,,,2,2023-06-19T16:58:42+00:00
SAO_8015-10,São Paulo,3550308,True,,34113,,,-23.38886,-46.7351065,,,,2,2023-06-19T16:58:42+00:00
SAO_8015-10,São Paulo,3550308,True,,34113,,,-23.4049915,-46.736072750000005,,,,2,2023-06-19T16:58:51+00:00
SAO_8015-10,São Paulo,3550308,True,,34113,,,-23.4821255,-46.718467000000004,,,,2,2023-06-19T16:58:52+00:00
SAO_8015-10,São Paulo,3550308,True,,34113,,,-23.388643000000002,-46.73530100000001,,,,2,2023-06-19T16:58:46+00:00
SAO_8015-10,São Paulo,3550308,True,,34113,,,-23.431116250000002,-46.72059525,,,,2,2023-06-19T16:58:44+00:00
SAO_607A-10,São Paulo,3550308,True,,2139,,,-23.7104985,-46.6526175,,,,1,2023-06-19T16:55:49+00:00
SAO_607A-10,São Paulo,3550308,True,,2139,,,-23.6801195,-46.684002,,,,1,2023-06-19T16:58:25+00:00
SAO_607A-10,São Paulo,3550308,True,,2139,,,-23.696430499999998,-46.668815499999994,,,,1,2023-06-19T16:58:32+00:00
SAO_607A-10,São Paulo,3550308,True,,2139,,,-23.663198,-46.7073405,,,,1,2023-06-19T16:58:15+00:00
SAO_607A-10,São Paulo,3550308,True,,2139,,,-23.6943785,-46.656471749999994,,,,1,2023-06-19T16:56:03+00:00
SAO_607A-10,São Paulo,3550308,True,,2139,,,-23.71042,-46.652694,,,,1,2023-06-19T16:54:37+00:00
SAO_516N-10,São Paulo,3550308,True,,33034,,,-23.61159275,-46.6777375,,,,2,2023-06-19T16:58:49+00:00
SAO_516N-10,São Paulo,3550308,True,,33034,,,-23.6641025,-46.660687499999995,,,,2,2023-06-19T16:58:52+00:00
SAO_516N-10,São Paulo,3550308,True,,33034,,,-23.625871874999998,-46.687094125,,,,2,2023-06-19T16:58:22+00:00
SAO_516N-10,São Paulo,3550308,True,,33034,,,-23.6641025,-46.660687499999995,,,,2,2023-06-19T16:58:32+00:00
SAO_516N-10,São Paulo,3550308,True,,33034,,,-23.6728175,-46.6443735,,,,2,2023-06-19T16:58:36+00:00
SAO_516N-10,São Paulo,3550308,True,,33034,,,-23.689969249999997,-46.649679000000006,,,,2,2023-06-19T16:57:54+00:00
SAO_516N-10,São Paulo,3550308,True,,33034,,,-23.664421,-46.660058,,,,2,2023-06-19T16:58:50+00:00
SAO_516N-10,São Paulo,3550308,True,,33034,,,-23.63928025,-46.676818999999995,,,,2,2023-06-19T16:58:35+00:00
SAO_516N-10,São Paulo,3550308,True,,33034,,,-23.689484,-46.6498415,,,,2,2023-06-19T16:58:53+00:00
SAO_516N-10,São Paulo,3550308,True,,33034,,,-23.6123915,-46.678042,,,,2,2023-06-19T16:58:51+00:00
SAO_516N-10,São Paulo,3550308,True,,33034,,,-23.689736500000002,-46.6497535,,,,2,2023-06-19T16:58:44+00:00
SAO_516N-10,São Paulo,3550308,True,,33034,,,-23.654429999999998,-46.667521,,,,2,2023-06-19T16:58:26+00:00
SAO_516N-10,São Paulo,3550308,True,,33034,,,-23.593270625,-46.67295975,,,,2,2023-06-19T16:58:42+00:00
SAO_516N-10,São Paulo,3550308,True,,33034,,,-23.6658405,-46.657232,,,,2,2023-06-19T16:58:43+00:00
SAO_2733-10,São Paulo,3550308,True,,948,,,-23.5427885,-46.4660645,,,,1,2023-06-19T16:58:19+00:00
SAO_2733-10,São Paulo,3550308,True,,948,,,-23.520128,-46.464433,,,,1,2023-06-19T16:58:29+00:00
SAO_2733-10,São Paulo,3550308,True,,948,,,-23.52940975,-46.4556305,,,,1,2023-06-19T16:58:41+00:00
SAO_4006-10,São Paulo,3550308,True,,34948,,,-23.596780000000003,-46.4354295,,,,2,2023-06-19T16:58:33+00:00
SAO_4006-10,São Paulo,3550308,True,,34948,,,-23.597508125,-46.43578525,,,,2,2023-06-19T16:57:52+00:00
SAO_9653-10,São Paulo,3550308,True,,33356,,,-23.4580645,-46.6433105,,,,2,2023-06-19T16:58:36+00:00
SAO_9653-10,São Paulo,3550308,True,,33356,,,-23.4580645,-46.6433105,,,,2,2023-06-19T16:58:47+00:00
SAO_9653-10,São Paulo,3550308,True,,33356,,,-23.4580645,-46.6433105,,,,2,2023-06-19T16:58:35+00:00
SAO_9653-10,São Paulo,3550308,True,,33356,,,-23.533042625,-46.644840875,,,,2,2023-06-19T16:58:25+00:00
SAO_9653-10,São Paulo,3550308,True,,33356,,,-23.5187555,-46.66719,,,,2,2023-06-19T16:58:34+00:00
SAO_9653-10,São Paulo,3550308,True,,33356,,,-23.4580645,-46.6433105,,,,2,2023-06-19T16:58:50+00:00
SAO_9653-10,São Paulo,3550308,True,,33356,,,-23.482267,-46.6731985,,,,2,2023-06-19T16:58:54+00:00
SAO_5185-10,São Paulo,3550308,True,,34076,,,-23.555908000000002,-46.639633,,,,2,2023-06-19T16:58:53+00:00
SAO_5185-10,São Paulo,3550308,True,,34076,,,-23.668024000000003,-46.735501,,,,2,2023-06-19T16:58:49+00:00
SAO_5185-10,São Paulo,3550308,True,,34076,,,-23.57938925,-46.6560125,,,,2,2023-06-19T16:58:16+00:00
SAO_5185-10,São Paulo,3550308,True,,34076,,,-23.667917,-46.7355005,,,,2,2023-06-19T16:58:18+00:00
SAO_5185-10,São Paulo,3550308,True,,34076,,,-23.651643,-46.683439500000006,,,,2,2023-06-19T16:58:11+00:00
SAO_5185-10,São Paulo,3550308,True,,34076,,,-23.597020999999998,-46.65102775,,,,2,2023-06-19T16:58:23+00:00
SAO_5185-10,São Paulo,3550308,True,,34076,,,-23.597020999999998,-46.65102775,,,,2,2023-06-19T16:58:35+00:00
SAO_5185-10,São Paulo,3550308,True,,34076,,,-23.667081,-46.725983,,,,2,2023-06-19T16:58:28+00:00
SAO_6L02-10,São Paulo,3550308,True,,33946,,,-23.8270765,-46.727194999999995,,,,2,2023-06-19T16:58:29+00:00
SAO_6L02-10,São Paulo,3550308,True,,33946,,,-23.843864,-46.7435405,,,,2,2023-06-19T16:56:33+00:00
SAO_709A-10,São Paulo,3550308,True,,34860,,,-23.596595,-46.691214,,,,2,2023-06-19T16:58:35+00:00
SAO_709A-10,São Paulo,3550308,True,,34860,,,-23.582193500000002,-46.638338000000005,,,,2,2023-06-19T16:58:55+00:00
SAO_709A-10,São Paulo,3550308,True,,34860,,,-23.613308,-46.6959645,,,,2,2023-06-19T16:58:29+00:00
SAO_709A-10,São Paulo,3550308,True,,34860,,,-23.593669499999997,-46.640696500000004,,,,2,2023-06-19T16:58:25+00:00
SAO_709A-10,São Paulo,3550308,True,,34860,,,-23.6132505,-46.6962425,,,,2,2023-06-19T16:58:09+00:00
SAO_8040-10,São Paulo,3550308,True,,33174,,,-23.4377845,-46.7797195,,,,2,2023-06-19T16:58:15+00:00
SAO_8040-10,São Paulo,3550308,True,,33174,,,-23.501013,-46.754233,,,,2,2023-06-19T16:58:32+00:00
SAO_8040-10,São Paulo,3550308,True,,33174,,,-23.519962,-46.69955950000001,,,,2,2023-06-19T16:58:13+00:00
SAO_8040-10,São Paulo,3550308,True,,33174,,,-23.44226425,-46.75868575,,,,2,2023-06-19T16:58:34+00:00
SAO_8040-10,São Paulo,3550308,True,,33174,,,-23.437941000000002,-46.77914,,,,2,2023-06-19T16:58:41+00:00
SAO_8040-10,São Paulo,3550308,True,,33174,,,-23.4379315,-46.779346000000004,,,,2,2023-06-19T16:58:37+00:00
SAO_172Y-10,São Paulo,3550308,True,,862,,,-23.474249,-46.580423499999995,,,,1,2023-06-19T16:56:59+00:00
SAO_172Y-10,São Paulo,3550308,True,,862,,,-23.474249,-46.580423499999995,,,,1,2023-06-19T16:56:42+00:00
SAO_172Y-10,São Paulo,3550308,True,,862,,,-23.474249,-46.580423499999995,,,,1,2023-06-19T16:56:47+00:00
SAO_172Y-10,São Paulo,3550308,True,,862,,,-23.474249,-46.580423499999995,,,,1,2023-06-19T16:58:09+00:00
SAO_172Y-10,São Paulo,3550308,True,,862,,,-23.514365875000003,-46.586659625,,,,1,2023-06-19T16:58:25+00:00
SAO_2703-10,São Paulo,3550308,True,Urubupungá,915,https://moovitapp.com/index/pt-br/transporte_p%C3%BAblico-line-915-Sao_Paulo-242-873835-75841134-0,4.6,-23.525544250000003,-46.41958675,,,,1,2023-06-19T16:54:36+00:00
SAO_2703-10,São Paulo,3550308,True,Urubupungá,915,https://moovitapp.com/index/pt-br/transporte_p%C3%BAblico-line-915-Sao_Paulo-242-873835-75841134-0,4.6,-23.529542499999998,-46.420608,,,,1,2023-06-19T16:57:35+00:00
SAO_2703-10,São Paulo,3550308,True,Urubupungá,915,https://moovitapp.com/index/pt-br/transporte_p%C3%BAblico-line-915-Sao_Paulo-242-873835-75841134-0,4.6,-23.5303265,-46.4195985,,,,1,2023-06-19T16:58:16+00:00
SAO_2703-10,São Paulo,3550308,True,Urubupungá,915,https://moovitapp.com/index/pt-br/transporte_p%C3%BAblico-line-915-Sao_Paulo-242-873835-75841134-0,4.6,-23.529542499999998,-46.420608,,,,1,2023-06-19T16:58:40+00:00
SAO_2703-10,São Paulo,3550308,True,Urubupungá,915,https://moovitapp.com/index/pt-br/transporte_p%C3%BAblico-line-915-Sao_Paulo-242-873835-75841134-0,4.6,-23.529542499999998,-46.420608,,,,1,2023-06-19T16:58:15+00:00
SAO_2703-10,São Paulo,3550308,True,Urubupungá,915,https://moovitapp.com/index/pt-br/transporte_p%C3%BAblico-line-915-Sao_Paulo-242-873835-75841134-0,4.6,-23.529542499999998,-46.420608,,,,1,2023-06-19T16:54:48+00:00
SAO_2703-10,São Paulo,3550308,True,Urubupungá,915,https://moovitapp.com/index/pt-br/transporte_p%C3%BAblico-line-915-Sao_Paulo-242-873835-75841134-0,4.6,-23.529542499999998,-46.420608,,,,1,2023-06-19T16:58:16+00:00
SAO_2703-10,São Paulo,3550308,True,Urubupungá,915,https://moovitapp.com/index/pt-br/transporte_p%C3%BAblico-line-915-Sao_Paulo-242-873835-75841134-0,4.6,-23.529542499999998,-46.420608,,,,1,2023-06-19T16:58:42+00:00
SAO_2703-10,São Paulo,3550308,True,Urubupungá,915,https://moovitapp.com/index/pt-br/transporte_p%C3%BAblico-line-915-Sao_Paulo-242-873835-75841134-0,4.6,-23.523190999999997,-46.427895500000005,,,,1,2023-06-19T16:58:29+00:00
SAO_2703-10,São Paulo,3550308,True,Urubupungá,915,https://moovitapp.com/index/pt-br/transporte_p%C3%BAblico-line-915-Sao_Paulo-242-873835-75841134-0,4.6,-23.529542499999998,-46.420608,,,,1,2023-06-19T16:58:26+00:00
SAO_6835-31,São Paulo,3550308,True,,1407,,,-23.681785,-46.783622,,,,1,2023-06-19T16:58:48+00:00
SAO_6835-31,São Paulo,3550308,True,,1407,,,-23.654274,-46.7625595,,,,1,2023-06-19T16:58:39+00:00
SAO_6835-31,São Paulo,3550308,True,,1407,,,-23.687539,-46.800394499999996,,,,1,2023-06-19T16:58:39+00:00
SAO_1782-10,São Paulo,3550308,True,,33411,,,-23.457348500000002,-46.585467,,,,2,2023-06-19T16:55:44+00:00
SAO_1782-10,São Paulo,3550308,True,,33411,,,-23.4507355,-46.57235675,,,,2,2023-06-19T16:58:12+00:00
SAO_1782-10,São Paulo,3550308,True,,33411,,,-23.4507355,-46.57235675,,,,2,2023-06-19T16:58:44+00:00
SAO_1034-10,São Paulo,3550308,True,,35220,,,-23.470104499999998,-46.705182,,,,2,2023-06-19T16:58:28+00:00
SAO_1034-10,São Paulo,3550308,True,,35220,,,-23.47114175,-46.71015375,,,,2,2023-06-19T16:58:16+00:00
SAO_1034-10,São Paulo,3550308,True,,35220,,,-23.47114175,-46.71015375,,,,2,2023-06-19T16:58:32+00:00
SAO_1034-10,São Paulo,3550308,True,,35220,,,-23.486092499999998,-46.71105,,,,2,2023-06-19T16:58:40+00:00
SAO_1034-10,São Paulo,3550308,True,,35220,,,-23.4704835,-46.7104185,,,,2,2023-06-19T16:58:14+00:00
SAO_1034-10,São Paulo,3550308,True,,35220,,,-23.47239125,-46.709706249999996,,,,2,2023-06-19T16:58:50+00:00
SAO_5144-10,São Paulo,3550308,True,,1627,,,-23.5989185,-46.517005499999996,,,,1,2023-06-19T16:58:44+00:00
SAO_5144-10,São Paulo,3550308,True,,1627,,,-23.575488874999998,-46.55271575,,,,1,2023-06-19T16:58:34+00:00
SAO_5144-10,São Paulo,3550308,True,,1627,,,-23.535337249999998,-46.619454250000004,,,,1,2023-06-19T16:53:45+00:00
SAO_5144-10,São Paulo,3550308,True,,1627,,,-23.613897,-46.50077,,,,1,2023-06-19T16:58:25+00:00
SAO_847J-10,São Paulo,3550308,True,,34110,,,-23.555694,-46.74268,,,,2,2023-06-19T16:58:27+00:00
SAO_847J-10,São Paulo,3550308,True,,34110,,,-23.446384,-46.7279795,,,,2,2023-06-19T16:58:33+00:00
SAO_847J-10,São Paulo,3550308,True,,34110,,,-23.520753499999998,-46.704440000000005,,,,2,2023-06-19T16:58:47+00:00
SAO_3029-10,São Paulo,3550308,True,,33734,,,-23.585386,-46.5076605,,,,2,2023-06-19T16:58:52+00:00
SAO_3029-10,São Paulo,3550308,True,,33734,,,-23.585442,-46.508249500000005,,,,2,2023-06-19T16:58:29+00:00
SAO_3029-10,São Paulo,3550308,True,,33734,,,-23.585295,-46.5067185,,,,2,2023-06-19T16:58:39+00:00
SAO_3029-10,São Paulo,3550308,True,,33734,,,-23.542583,-46.54966025,,,,2,2023-06-19T16:58:21+00:00
SAO_3029-10,São Paulo,3550308,True,,33734,,,-23.585442,-46.508249500000005,,,,2,2023-06-19T16:58:20+00:00
SAO_3029-10,São Paulo,3550308,True,,33734,,,-23.585386,-46.5076605,,,,2,2023-06-19T16:58:11+00:00
SAO_3029-10,São Paulo,3550308,True,,33734,,,-23.53933725,-46.5706445,,,,2,2023-06-19T16:58:49+00:00
SAO_3029-10,São Paulo,3550308,True,,33734,,,-23.58542,-46.508035500000005,,,,2,2023-06-19T16:53:32+00:00
SAO_3029-10,São Paulo,3550308,True,,33734,,,-23.5677895,-46.541187,,,,2,2023-06-19T16:58:24+00:00
SAO_3029-10,São Paulo,3550308,True,,33734,,,-23.557333375,-46.542103625,,,,2,2023-06-19T16:58:29+00:00
SAO_2723-10,São Paulo,3550308,True,,33705,,,-23.483693000000002,-46.458113,,,,2,2023-06-19T16:58:17+00:00
SAO_2723-10,São Paulo,3550308,True,,33705,,,-23.51860225,-46.443940375000004,,,,2,2023-06-19T16:58:34+00:00
SAO_2723-10,São Paulo,3550308,True,,33705,,,-23.487481000000002,-46.463549,,,,2,2023-06-19T16:58:17+00:00
SAO_2723-10,São Paulo,3550308,True,,33705,,,-23.5309655,-46.4485815,,,,2,2023-06-19T16:58:35+00:00
SAO_2723-10,São Paulo,3550308,True,,33705,,,-23.491076,-46.4458105,,,,2,2023-06-19T16:58:20+00:00
SAO_8705-10,São Paulo,3550308,True,,2072,,,-23.547683499999998,-46.6411495,,,,1,2023-06-19T16:58:40+00:00
SAO_8705-10,São Paulo,3550308,True,,2072,,,-23.547646999999998,-46.760248000000004,,,,1,2023-06-19T16:58:22+00:00
SAO_8705-10,São Paulo,3550308,True,,2072,,,-23.570436875,-46.689413875,,,,1,2023-06-19T16:58:24+00:00
SAO_8705-10,São Paulo,3550308,True,,2072,,,-23.558109249999998,-46.66754,,,,1,2023-06-19T16:58:24+00:00
SAO_8705-10,São Paulo,3550308,True,,2072,,,-23.5741905,-46.73044,,,,1,2023-06-19T16:58:53+00:00
SAO_8705-10,São Paulo,3550308,True,,2072,,,-23.55686575,-46.750020000000006,,,,1,2023-06-19T16:58:53+00:00
SAO_5108-10,São Paulo,3550308,True,,34443,,,-23.66288575,-46.6199235,,,,2,2023-06-19T16:58:34+00:00
SAO_5108-10,São Paulo,3550308,True,,34443,,,-23.547656500000002,-46.6294305,,,,2,2023-06-19T16:58:11+00:00
SAO_5108-10,São Paulo,3550308,True,,34443,,,-23.66302925,-46.6197265,,,,2,2023-06-19T16:58:40+00:00
SAO_5108-10,São Paulo,3550308,True,,34443,,,-23.587601125,-46.610735125000005,,,,2,2023-06-19T16:58:40+00:00
SAO_5108-10,São Paulo,3550308,True,,34443,,,-23.5618685,-46.6226485,,,,2,2023-06-19T16:58:32+00:00
SAO_5108-10,São Paulo,3550308,True,,34443,,,-23.628816,-46.6187585,,,,2,2023-06-19T16:58:37+00:00
SAO_5108-10,São Paulo,3550308,True,,34443,,,-23.58362,-46.611073,,,,2,2023-06-19T16:58:15+00:00
SAO_5108-10,São Paulo,3550308,True,,34443,,,-23.60797125,-46.6168035,,,,2,2023-06-19T16:58:40+00:00
SAO_5010-10,São Paulo,3550308,True,,33882,,,-23.662217,-46.631516500000004,,,,2,2023-06-19T16:58:35+00:00
SAO_5010-10,São Paulo,3550308,True,,33882,,,-23.653701124999998,-46.637101,,,,2,2023-06-19T16:58:47+00:00
SAO_5010-10,São Paulo,3550308,True,,33882,,,-23.6535095,-46.703309000000004,,,,2,2023-06-19T16:58:47+00:00
SAO_5010-10,São Paulo,3550308,True,,33882,,,-23.65008675,-46.66242975,,,,2,2023-06-19T16:58:14+00:00
SAO_5010-10,São Paulo,3550308,True,,33882,,,-23.662194,-46.633964,,,,2,2023-06-19T16:58:44+00:00
SAO_5010-10,São Paulo,3550308,True,,33882,,,-23.662,-46.631691,,,,2,2023-06-19T16:58:21+00:00
SAO_5010-10,São Paulo,3550308,True,,33882,,,-23.660987,-46.634494375,,,,2,2023-06-19T16:58:15+00:00
SAO_546A-10,São Paulo,3550308,True,,1131,,,-23.691871,-46.677712,,,,1,2023-06-19T16:58:38+00:00
SAO_546A-10,São Paulo,3550308,True,,1131,,,-23.68983025,-46.66655475,,,,1,2023-06-19T16:58:25+00:00
SAO_546A-10,São Paulo,3550308,True,,1131,,,-23.676298,-46.68559875,,,,1,2023-06-19T16:58:05+00:00
SAO_546A-10,São Paulo,3550308,True,,1131,,,-23.6543235,-46.7042885,,,,1,2023-06-19T16:58:35+00:00
SAO_715M-10,São Paulo,3550308,True,EMTU,490,https://moovitapp.com/index/pt-br/transporte_p%C3%BAblico-line-490-Sao_Paulo-242-2038937-36419517-0,5.15,-23.56103375,-46.67276375,,,,1,2023-06-19T16:58:55+00:00
SAO_715M-10,São Paulo,3550308,True,EMTU,490,https://moovitapp.com/index/pt-br/transporte_p%C3%BAblico-line-490-Sao_Paulo-242-2038937-36419517-0,5.15,-23.583236999999997,-46.761977,,,,1,2023-06-19T16:56:21+00:00
SAO_715M-10,São Paulo,3550308,True,EMTU,490,https://moovitapp.com/index/pt-br/transporte_p%C3%BAblico-line-490-Sao_Paulo-242-2038937-36419517-0,5.15,-23.56992025,-46.71291925,,,,1,2023-06-19T16:58:20+00:00
SAO_715M-10,São Paulo,3550308,True,EMTU,490,https://moovitapp.com/index/pt-br/transporte_p%C3%BAblico-line-490-Sao_Paulo-242-2038937-36419517-0,5.15,-23.5660375,-46.65107437500001,,,,1,2023-06-19T16:58:35+00:00
SAO_715M-10,São Paulo,3550308,True,EMTU,490,https://moovitapp.com/index/pt-br/transporte_p%C3%BAblico-line-490-Sao_Paulo-242-2038937-36419517-0,5.15,-23.5562275,-46.6341875,,,,1,2023-06-19T16:58:28+00:00
SAO_508L-10,São Paulo,3550308,True,,32885,,,-23.53435325,-46.644056,,,,2,2023-06-19T16:58:42+00:00
SAO_508L-10,São Paulo,3550308,True,,32885,,,-23.5337075,-46.6445165,,,,2,2023-06-19T16:58:16+00:00
SAO_508L-10,São Paulo,3550308,True,,32885,,,-23.5473855,-46.6333065,,,,2,2023-06-19T16:58:14+00:00
SAO_508L-10,São Paulo,3550308,True,,32885,,,-23.53459775,-46.643886,,,,2,2023-06-19T16:58:22+00:00
SAO_508L-10,São Paulo,3550308,True,,32885,,,-23.53435325,-46.644056,,,,2,2023-06-19T16:58:41+00:00
SAO_178L-10,São Paulo,3550308,True,,33328,,,-23.4747265,-46.64295,,,,2,2023-06-19T16:58:21+00:00
SAO_178L-10,São Paulo,3550308,True,,33328,,,-23.502718,-46.6245835,,,,2,2023-06-19T16:58:44+00:00
SAO_178L-10,São Paulo,3550308,True,,33328,,,-23.5495815,-46.6827435,,,,2,2023-06-19T16:58:51+00:00
SAO_178L-10,São Paulo,3550308,True,,33328,,,-23.4857555,-46.640631,,,,2,2023-06-19T16:58:44+00:00
SAO_178L-10,São Paulo,3550308,True,,33328,,,-23.474617000000002,-46.6435345,,,,2,2023-06-19T16:58:10+00:00
SAO_178L-10,São Paulo,3550308,True,,33328,,,-23.4748965,-46.643052,,,,2,2023-06-19T16:58:16+00:00
SAO_178L-10,São Paulo,3550308,True,,33328,,,-23.50732409375,-46.647661937500004,,,,2,2023-06-19T16:58:46+00:00
SAO_178L-10,São Paulo,3550308,True,,33328,,,-23.477596,-46.645434,,,,2,2023-06-19T16:58:42+00:00
SAO_178L-10,São Paulo,3550308,True,,33328,,,-23.546507875000003,-46.646661125,,,,2,2023-06-19T16:58:27+00:00
SAO_178L-10,São Paulo,3550308,True,,33328,,,-23.555808499999998,-46.6669775,,,,2,2023-06-19T16:58:48+00:00
SAO_178L-10,São Paulo,3550308,True,,33328,,,-23.497197,-46.631069499999995,,,,2,2023-06-19T16:58:42+00:00
SAO_4028-10,São Paulo,3550308,True,,1098,,,-23.6421895,-46.4495965,,,,1,2023-06-19T16:58:21+00:00
SAO_4028-10,São Paulo,3550308,True,,1098,,,-23.593153,-46.489784,,,,1,2023-06-19T16:58:23+00:00
SAO_4028-10,São Paulo,3550308,True,,1098,,,-23.5931925,-46.489129500000004,,,,1,2023-06-19T16:58:50+00:00
SAO_4028-10,São Paulo,3550308,True,,1098,,,-23.610713,-46.476423624999995,,,,1,2023-06-19T16:58:51+00:00
SAO_4028-10,São Paulo,3550308,True,,1098,,,-23.62591175,-46.4598055,,,,1,2023-06-19T16:58:30+00:00
SAO_8000-1,São Paulo,3550308,True,,35274,,,-23.52087225,-46.70017,,,,2,2023-06-19T16:58:50+00:00
SAO_8000-1,São Paulo,3550308,True,,35274,,,-23.539440749999997,-46.645388249999996,,,,2,2023-06-19T16:58:54+00:00
SAO_8000-1,São Paulo,3550308,True,,35274,,,-23.522530000000003,-46.69561375000001,,,,2,2023-06-19T16:58:46+00:00
SAO_8000-1,São Paulo,3550308,True,,35274,,,-23.520104500000002,-46.700487499999994,,,,2,2023-06-19T16:58:19+00:00
SAO_775V-10,São Paulo,3550308,True,,33243,,,-23.576244000000003,-46.765972500000004,,,,2,2023-06-19T16:58:27+00:00
SAO_775V-10,São Paulo,3550308,True,,33243,,,-23.57609025,-46.76591425,,,,2,2023-06-19T16:58:30+00:00
SAO_775V-10,São Paulo,3550308,True,,33243,,,-23.57638,-46.7660295,,,,2,2023-06-19T16:58:46+00:00
SAO_627J-10,São Paulo,3550308,True,,2056,,,-23.677912,-46.6383485,,,,1,2023-06-19T16:58:41+00:00
SAO_627J-10,São Paulo,3550308,True,,2056,,,-23.6685145,-46.6357555,,,,1,2023-06-19T16:58:42+00:00
SAO_627J-10,São Paulo,3550308,True,,2056,,,-23.662988,-46.6376995,,,,1,2023-06-19T16:58:51+00:00
SAO_627J-10,São Paulo,3550308,True,,2056,,,-23.682060999999997,-46.633000499999994,,,,1,2023-06-19T16:58:14+00:00
SAO_2719-10,São Paulo,3550308,True,,33700,,,-23.498891,-46.487288,,,,2,2023-06-19T16:58:34+00:00
SAO_2719-10,São Paulo,3550308,True,,33700,,,-23.4948325,-46.469304,,,,2,2023-06-19T16:58:42+00:00
SAO_2719-10,São Paulo,3550308,True,,33700,,,-23.51142,-46.50241,,,,2,2023-06-19T16:58:52+00:00
SAO_2719-10,São Paulo,3550308,True,,33700,,,-23.494764500000002,-46.4694635,,,,2,2023-06-19T16:58:49+00:00
SAO_2719-10,São Paulo,3550308,True,,33700,,,-23.4974475,-46.4863395,,,,2,2023-06-19T16:58:28+00:00
SAO_2719-10,São Paulo,3550308,True,,33700,,,-23.510859500000002,-46.508542750000004,,,,2,2023-06-19T16:58:36+00:00
SAO_2719-10,São Paulo,3550308,True,,33700,,,-23.494729,-46.4696005,,,,2,2023-06-19T16:58:16+00:00
SAO_2719-10,São Paulo,3550308,True,,33700,,,-23.494799999999998,-46.4693685,,,,2,2023-06-19T16:58:35+00:00
SAO_2719-10,São Paulo,3550308,True,,33700,,,-23.530074499999998,-46.5287515,,,,2,2023-06-19T16:58:28+00:00
SAO_3134-10,São Paulo,3550308,True,,33761,,,-23.5831795,-46.535168999999996,,,,2,2023-06-19T16:58:38+00:00
SAO_3134-10,São Paulo,3550308,True,,33761,,,-23.56425175,-46.504156249999994,,,,2,2023-06-19T16:58:23+00:00
SAO_3134-10,São Paulo,3550308,True,,33761,,,-23.562945,-46.50564,,,,2,2023-06-19T16:58:18+00:00
SAO_3134-10,São Paulo,3550308,True,,33761,,,-23.5632475,-46.505516,,,,2,2023-06-19T16:58:49+00:00
SAO_3134-10,São Paulo,3550308,True,,33761,,,-23.564069,-46.5051995,,,,2,2023-06-19T16:58:47+00:00
SAO_3134-10,São Paulo,3550308,True,,33761,,,-23.5741765,-46.556861,,,,2,2023-06-19T16:58:26+00:00
SAO_3134-10,São Paulo,3550308,True,,33761,,,-23.5634105,-46.5054495,,,,2,2023-06-19T16:58:32+00:00
SAO_3134-10,São Paulo,3550308,True,,33761,,,-23.5641785,-46.5039335,,,,2,2023-06-19T16:58:43+00:00
SAO_3134-10,São Paulo,3550308,True,,33761,,,-23.564021500000003,-46.5052175,,,,2,2023-06-19T16:58:34+00:00
SAO_3134-10,São Paulo,3550308,True,,33761,,,-23.5718045,-46.510702,,,,2,2023-06-19T16:58:28+00:00
SAO_3134-10,São Paulo,3550308,True,,33761,,,-23.581889,-46.585524,,,,2,2023-06-19T16:58:23+00:00
SAO_3134-10,São Paulo,3550308,True,,33761,,,-23.5914675,-46.5888935,,,,2,2023-06-19T16:58:47+00:00
SAO_6358-10,São Paulo,3550308,True,,1294,,,-23.583121750000004,-46.65512475,,,,1,2023-06-19T16:58:51+00:00
SAO_6358-10,São Paulo,3550308,True,,1294,,,-23.598273312499998,-46.6571129375,,,,1,2023-06-19T16:58:22+00:00
SAO_6358-10,São Paulo,3550308,True,,1294,,,-23.5754035,-46.665512375000006,,,,1,2023-06-19T16:56:34+00:00
SAO_6358-10,São Paulo,3550308,True,,1294,,,-23.664327,-46.659923,,,,1,2023-06-19T16:58:27+00:00
SAO_6358-10,São Paulo,3550308,True,,1294,,,-23.653260000000003,-46.668670000000006,,,,1,2023-06-19T16:58:50+00:00
SAO_6358-10,São Paulo,3550308,True,,1294,,,-23.638487249999997,-46.67683075000001,,,,1,2023-06-19T16:58:26+00:00
SAO_6358-10,São Paulo,3550308,True,,1294,,,-23.685291,-46.6376225,,,,1,2023-06-19T16:58:37+00:00
SAO_6358-10,São Paulo,3550308,True,,1294,,,-23.685576249999997,-46.633362500000004,,,,1,2023-06-19T16:58:12+00:00
SAO_6358-10,São Paulo,3550308,True,,1294,,,-23.68493,-46.637550000000005,,,,1,2023-06-19T16:57:55+00:00
SAO_6073-10,São Paulo,3550308,True,,33928,,,-23.814283500000002,-46.735292,,,,2,2023-06-19T16:58:20+00:00
SAO_6073-10,São Paulo,3550308,True,,33928,,,-23.853313,-46.6956225,,,,2,2023-06-19T16:58:40+00:00
SAO_6073-10,São Paulo,3550308,True,,33928,,,-23.767210499999997,-46.7163985,,,,2,2023-06-19T16:58:46+00:00
SAO_6073-10,São Paulo,3550308,True,,33928,,,-23.846876,-46.715995500000005,,,,2,2023-06-19T16:54:03+00:00
SAO_6073-10,São Paulo,3550308,True,,33928,,,-23.853313,-46.6956225,,,,2,2023-06-19T16:58:26+00:00
SAO_172N-10,São Paulo,3550308,True,,664,,,-23.529114999999997,-46.59873725,,,,1,2023-06-19T16:55:56+00:00
SAO_172N-10,São Paulo,3550308,True,,664,,,-23.516242,-46.616273,,,,1,2023-06-19T16:58:13+00:00
SAO_172N-10,São Paulo,3550308,True,,664,,,-23.515652250000002,-46.5955815,,,,1,2023-06-19T16:57:17+00:00
SAO_172N-10,São Paulo,3550308,True,,664,,,-23.51919025,-46.59044775,,,,1,2023-06-19T16:57:04+00:00
SAO_172N-10,São Paulo,3550308,True,,664,,,-23.516242,-46.616273,,,,1,2023-06-19T16:58:33+00:00
SAO_172N-10,São Paulo,3550308,True,,664,,,-23.504591625000003,-46.624686374999996,,,,1,2023-06-19T16:58:37+00:00
SAO_6078-10,São Paulo,3550308,True,,33934,,,-23.681484750000003,-46.68891375,,,,2,2023-06-19T16:58:30+00:00
SAO_6078-10,São Paulo,3550308,True,,33934,,,-23.7414065,-46.6603845,,,,2,2023-06-19T16:58:43+00:00
SAO_6078-10,São Paulo,3550308,True,,33934,,,-23.741188,-46.6605715,,,,2,2023-06-19T16:58:18+00:00
SAO_6078-10,São Paulo,3550308,True,,33934,,,-23.702261874999998,-46.701778125000004,,,,2,2023-06-19T16:58:41+00:00
SAO_6078-10,São Paulo,3550308,True,,33934,,,-23.7409095,-46.6607815,,,,2,2023-06-19T16:58:29+00:00
SAO_6078-10,São Paulo,3550308,True,,33934,,,-23.741188,-46.6605715,,,,2,2023-06-19T16:58:32+00:00
SAO_6078-10,São Paulo,3550308,True,,33934,,,-23.7410455,-46.69155675,,,,2,2023-06-19T16:58:49+00:00
SAO_6078-10,São Paulo,3550308,True,,33934,,,-23.7546125,-46.6740805,,,,2,2023-06-19T16:58:20+00:00
SAO_6078-10,São Paulo,3550308,True,,33934,,,-23.7222485,-46.6980515,,,,2,2023-06-19T16:58:14+00:00
SAO_2031-10,São Paulo,3550308,True,,33135,,,-23.505402,-46.3849575,,,,2,2023-06-19T16:58:49+00:00
SAO_2031-10,São Paulo,3550308,True,,33135,,,-23.50583075,-46.37282175,,,,2,2023-06-19T16:58:13+00:00
SAO_2031-10,São Paulo,3550308,True,,33135,,,-23.495649,-46.44248375000001,,,,2,2023-06-19T16:58:27+00:00
SAO_2031-10,São Paulo,3550308,True,,33135,,,-23.50574925,-46.37263675,,,,2,2023-06-19T16:58:27+00:00
SAO_2031-10,São Paulo,3550308,True,,33135,,,-23.50609025,-46.37290125,,,,2,2023-06-19T16:58:34+00:00
SAO_2031-10,São Paulo,3550308,True,,33135,,,-23.5187885,-46.4757585,,,,2,2023-06-19T16:58:39+00:00
SAO_675I-10,São Paulo,3550308,True,,32836,,,-23.643871,-46.73386,,,,2,2023-06-19T16:58:43+00:00
SAO_675I-10,São Paulo,3550308,True,,32836,,,-23.612597,-46.657310499999994,,,,2,2023-06-19T16:58:38+00:00
SAO_675I-10,São Paulo,3550308,True,,32836,,,-23.643911000000003,-46.733135000000004,,,,2,2023-06-19T16:58:50+00:00
SAO_675I-10,São Paulo,3550308,True,,32836,,,-23.643846500000002,-46.734212,,,,2,2023-06-19T16:58:15+00:00
SAO_675I-10,São Paulo,3550308,True,,32836,,,-23.644823000000002,-46.71825025,,,,2,2023-06-19T16:58:54+00:00
SAO_719R-10,São Paulo,3550308,True,EMTU,469,https://moovitapp.com/index/pt-br/transporte_p%C3%BAblico-line-469-Sao_Paulo-242-2038937-36419507-0,5.4,-23.55666675,-46.676015625000005,,,,1,2023-06-19T16:58:42+00:00
SAO_719R-10,São Paulo,3550308,True,EMTU,469,https://moovitapp.com/index/pt-br/transporte_p%C3%BAblico-line-469-Sao_Paulo-242-2038937-36419507-0,5.4,-23.562776999999997,-46.764811,,,,1,2023-06-19T16:58:37+00:00
SAO_719R-10,São Paulo,3550308,True,EMTU,469,https://moovitapp.com/index/pt-br/transporte_p%C3%BAblico-line-469-Sao_Paulo-242-2038937-36419507-0,5.4,-23.5263675,-46.666242999999994,,,,1,2023-06-19T16:58:28+00:00
SAO_719R-10,São Paulo,3550308,True,EMTU,469,https://moovitapp.com/index/pt-br/transporte_p%C3%BAblico-line-469-Sao_Paulo-242-2038937-36419507-0,5.4,-23.572109,-46.706032750000006,,,,1,2023-06-19T16:58:22+00:00
SAO_719R-10,São Paulo,3550308,True,EMTU,469,https://moovitapp.com/index/pt-br/transporte_p%C3%BAblico-line-469-Sao_Paulo-242-2038937-36419507-0,5.4,-23.55731225,-46.66311375,,,,1,2023-06-19T16:58:29+00:00
SAO_719R-10,São Paulo,3550308,True,EMTU,469,https://moovitapp.com/index/pt-br/transporte_p%C3%BAblico-line-469-Sao_Paulo-242-2038937-36419507-0,5.4,-23.567009,-46.7433175,,,,1,2023-06-19T16:58:14+00:00
SAO_9162-10,São Paulo,3550308,True,,34133,,,-23.4987145,-46.662686,,,,2,2023-06-19T16:58:36+00:00
SAO_2025-10,São Paulo,3550308,True,,2267,,,-23.50244975,-46.61782275,,,,1,2023-06-19T16:56:47+00:00
SAO_2025-10,São Paulo,3550308,True,,2267,,,-23.481503500000002,-46.60353,,,,1,2023-06-19T16:58:48+00:00
SAO_2025-10,São Paulo,3550308,True,,2267,,,-23.464031499999997,-46.583627,,,,1,2023-06-19T16:58:10+00:00
SAO_2025-10,São Paulo,3550308,True,,2267,,,-23.502243999999997,-46.617136,,,,1,2023-06-19T16:58:21+00:00
SAO_2025-10,São Paulo,3550308,True,,2267,,,-23.4507355,-46.57235675,,,,1,2023-06-19T16:58:41+00:00
SAO_9023-10,São Paulo,3550308,True,,34205,,,-23.45862825,-46.71856525,,,,2,2023-06-19T16:58:32+00:00
SAO_9023-10,São Paulo,3550308,True,,34205,,,-23.4196455,-46.717132,,,,2,2023-06-19T16:58:09+00:00
SAO_9023-10,São Paulo,3550308,True,,34205,,,-23.4197105,-46.7166475,,,,2,2023-06-19T16:51:56+00:00
SAO_9023-10,São Paulo,3550308,True,,34205,,,-23.419681500000003,-46.716796,,,,2,2023-06-19T16:58:26+00:00
SAO_9023-10,São Paulo,3550308,True,,34205,,,-23.419681500000003,-46.716796,,,,2,2023-06-19T16:58:51+00:00
SAO_9023-10,São Paulo,3550308,True,,34205,,,-23.419748,-46.7164855,,,,2,2023-06-19T16:12:25+00:00
SAO_9023-10,São Paulo,3550308,True,,34205,,,-23.486517,-46.7267185,,,,2,2023-06-19T16:58:24+00:00
SAO_9023-10,São Paulo,3550308,True,,34205,,,-23.453145499999998,-46.7171455,,,,2,2023-06-19T16:58:35+00:00
SAO_407P-10,São Paulo,3550308,True,,2200,,,-23.54722675,-46.411863249999996,,,,1,2023-06-19T16:58:15+00:00
SAO_407P-10,São Paulo,3550308,True,,2200,,,-23.583196,-46.407725,,,,1,2023-06-19T16:58:18+00:00
SAO_407P-10,São Paulo,3550308,True,,2200,,,-23.528509999999997,-46.51446275000001,,,,1,2023-06-19T16:58:51+00:00
SAO_407P-10,São Paulo,3550308,True,,2200,,,-23.52697675,-46.445665000000005,,,,1,2023-06-19T16:58:31+00:00
SAO_407P-10,São Paulo,3550308,True,,2200,,,-23.5810075,-46.4153985,,,,1,2023-06-19T16:58:43+00:00
SAO_407P-10,São Paulo,3550308,True,,2200,,,-23.540848687500002,-46.577043062499996,,,,1,2023-06-19T16:58:47+00:00
SAO_407P-10,São Paulo,3550308,True,,2200,,,-23.531242,-46.520466,,,,1,2023-06-19T16:58:42+00:00
SAO_6016-10,São Paulo,3550308,True,,84,,,-23.737090000000002,-46.697100000000006,,,,1,2023-06-19T16:58:21+00:00
SAO_6016-10,São Paulo,3550308,True,,84,,,-23.7431225,-46.6917315,,,,1,2023-06-19T16:58:35+00:00
SAO_6016-10,São Paulo,3550308,True,,84,,,-23.7716985,-46.6731285,,,,1,2023-06-19T16:58:15+00:00
SAO_6016-10,São Paulo,3550308,True,,84,,,-23.77025525,-46.6810555,,,,1,2023-06-19T16:58:48+00:00
SAO_8100-10,São Paulo,3550308,True,,34030,,,-23.5202495,-46.710781999999995,,,,2,2023-06-19T16:58:22+00:00
SAO_8100-10,São Paulo,3550308,True,,34030,,,-23.495379999999997,-46.73008175,,,,2,2023-06-19T16:58:24+00:00
SAO_8100-10,São Paulo,3550308,True,,34030,,,-23.520326,-46.699492500000005,,,,2,2023-06-19T16:58:54+00:00
SAO_8100-10,São Paulo,3550308,True,,34030,,,-23.520326,-46.699492500000005,,,,2,2023-06-19T16:58:37+00:00
SAO_208M-10,São Paulo,3550308,True,,35246,,,-23.501943500000003,-46.6235805,,,,2,2023-06-19T16:58:18+00:00
SAO_208M-10,São Paulo,3550308,True,,35246,,,-23.5270175,-46.66419625,,,,2,2023-06-19T16:58:26+00:00
SAO_208M-10,São Paulo,3550308,True,,35246,,,-23.562929625,-46.686464125,,,,2,2023-06-19T16:58:26+00:00
SAO_208M-10,São Paulo,3550308,True,,35246,,,-23.502539,-46.624581,,,,2,2023-06-19T16:58:45+00:00
SAO_208M-10,São Paulo,3550308,True,,35246,,,-23.534895499999998,-46.66232825,,,,2,2023-06-19T16:58:28+00:00
SAO_208M-10,São Paulo,3550308,True,,35246,,,-23.566164,-46.7016955,,,,2,2023-06-19T16:58:19+00:00
SAO_208M-10,São Paulo,3550308,True,,35246,,,-23.501943500000003,-46.6235805,,,,2,2023-06-19T16:58:34+00:00
SAO_3791-10,São Paulo,3550308,True,,33837,,,-23.564251,-46.50513,,,,2,2023-06-19T16:58:36+00:00
SAO_3791-10,São Paulo,3550308,True,,33837,,,-23.5596355,-46.5106615,,,,2,2023-06-19T16:58:37+00:00
SAO_3791-10,São Paulo,3550308,True,,33837,,,-23.5414835,-46.4843695,,,,2,2023-06-19T16:58:25+00:00
SAO_3791-10,São Paulo,3550308,True,,33837,,,-23.543014,-46.502677,,,,2,2023-06-19T16:58:43+00:00
SAO_5030-10,São Paulo,3550308,True,,1669,,,-23.614404,-46.60450125,,,,1,2023-06-19T16:58:35+00:00
SAO_701U-10,São Paulo,3550308,True,,33425,,,-23.56791925,-46.69633725,,,,2,2023-06-19T16:58:50+00:00
SAO_701U-10,São Paulo,3550308,True,,33425,,,-23.547621499999998,-46.640871000000004,,,,2,2023-06-19T16:58:15+00:00
SAO_701U-10,São Paulo,3550308,True,,33425,,,-23.557790500000003,-46.732473999999996,,,,2,2023-06-19T16:58:43+00:00
SAO_1024-10,São Paulo,3550308,True,,2302,,,-23.4595525,-46.7080845,,,,1,2023-06-19T16:58:30+00:00
SAO_1024-10,São Paulo,3550308,True,,2302,,,-23.45772675,-46.703227,,,,1,2023-06-19T16:58:11+00:00
SAO_1024-10,São Paulo,3550308,True,,2302,,,-23.4756255,-46.6967755,,,,1,2023-06-19T16:58:35+00:00
SAO_4726-10,São Paulo,3550308,True,,1680,,,-23.551888374999997,-46.58011475,,,,1,2023-06-19T16:58:18+00:00
SAO_4726-10,São Paulo,3550308,True,,1680,,,-23.563505,-46.591331499999995,,,,1,2023-06-19T16:58:36+00:00
SAO_4726-10,São Paulo,3550308,True,,1680,,,-23.541,-46.576643000000004,,,,1,2023-06-19T16:58:52+00:00
SAO_4726-10,São Paulo,3550308,True,,1680,,,-23.541038999999998,-46.576837,,,,1,2023-06-19T16:58:47+00:00
SAO_4726-10,São Paulo,3550308,True,,1680,,,-23.56856575,-46.5823555,,,,1,2023-06-19T16:58:50+00:00
SAO_6008-10,São Paulo,3550308,True,,33968,,,-23.68727,-46.7629345,,,,2,2023-06-19T16:58:28+00:00
SAO_6008-10,São Paulo,3550308,True,,33968,,,-23.68727,-46.7629345,,,,2,2023-06-19T16:58:43+00:00
SAO_6008-10,São Paulo,3550308,True,,33968,,,-23.665769,-46.7133115,,,,2,2023-06-19T16:58:43+00:00
SAO_6008-10,São Paulo,3550308,True,,33968,,,-23.6873755,-46.763414499999996,,,,2,2023-06-19T16:58:36+00:00
SAO_6008-10,São Paulo,3550308,True,,33968,,,-23.68727,-46.7629345,,,,2,2023-06-19T16:58:33+00:00
SAO_6008-10,São Paulo,3550308,True,,33968,,,-23.685018,-46.736712,,,,2,2023-06-19T16:58:23+00:00
SAO_273V-10,São Paulo,3550308,True,,32999,,,-23.521937,-46.4241185,,,,2,2023-06-19T16:58:30+00:00
SAO_273V-10,São Paulo,3550308,True,,32999,,,-23.521850999999998,-46.4244515,,,,2,2023-06-19T16:58:53+00:00
SAO_273V-10,São Paulo,3550308,True,,32999,,,-23.521850999999998,-46.4244515,,,,2,2023-06-19T16:58:25+00:00
SAO_2551-10,São Paulo,3550308,True,EMTU,141,https://moovitapp.com/index/pt-br/transporte_p%C3%BAblico-line-141-Sao_Paulo-242-2038937-36419292-0,8.15,-23.517939,-46.475913500000004,,,,1,2023-06-19T16:58:51+00:00
SAO_2551-10,São Paulo,3550308,True,EMTU,141,https://moovitapp.com/index/pt-br/transporte_p%C3%BAblico-line-141-Sao_Paulo-242-2038937-36419292-0,8.15,-23.511822,-46.55098649999999,,,,1,2023-06-19T16:58:11+00:00
SAO_2551-10,São Paulo,3550308,True,EMTU,141,https://moovitapp.com/index/pt-br/transporte_p%C3%BAblico-line-141-Sao_Paulo-242-2038937-36419292-0,8.15,-23.499297499999997,-46.477323,,,,1,2023-06-19T16:58:01+00:00
SAO_2551-10,São Paulo,3550308,True,EMTU,141,https://moovitapp.com/index/pt-br/transporte_p%C3%BAblico-line-141-Sao_Paulo-242-2038937-36419292-0,8.15,-23.546433999999998,-46.630430000000004,,,,1,2023-06-19T16:58:23+00:00
SAO_848L-10,São Paulo,3550308,True,,33576,,,-23.4144305,-46.7510005,,,,2,2023-06-19T16:58:40+00:00
SAO_848L-10,São Paulo,3550308,True,,33576,,,-23.405774125,-46.756894,,,,2,2023-06-19T16:58:54+00:00
SAO_848L-10,São Paulo,3550308,True,,33576,,,-23.4412115,-46.729772999999994,,,,2,2023-06-19T16:58:36+00:00
SAO_848L-10,São Paulo,3550308,True,,33576,,,-23.428933,-46.727134,,,,2,2023-06-19T16:58:54+00:00
SAO_848L-10,São Paulo,3550308,True,,33576,,,-23.4130405,-46.750367,,,,2,2023-06-19T16:58:21+00:00
SAO_848L-10,São Paulo,3550308,True,,33576,,,-23.4144305,-46.7510005,,,,2,2023-06-19T16:58:20+00:00
SAO_848L-10,São Paulo,3550308,True,,33576,,,-23.414156,-46.75083600000001,,,,2,2023-06-19T16:58:48+00:00
SAO_848L-10,São Paulo,3550308,True,,33576,,,-23.481617,-46.7235275,,,,2,2023-06-19T16:58:55+00:00
SAO_848L-10,São Paulo,3550308,True,,33576,,,-23.4144305,-46.7510005,,,,2,2023-06-19T16:58:44+00:00
SAO_4742-10,São Paulo,3550308,True,,33110,,,-23.638341,-46.6080665,,,,2,2023-06-19T16:58:38+00:00
SAO_4742-10,São Paulo,3550308,True,,33110,,,-23.6366985,-46.627052500000005,,,,2,2023-06-19T16:58:24+00:00
SAO_4742-10,São Paulo,3550308,True,,33110,,,-23.637736,-46.608392,,,,2,2023-06-19T16:58:45+00:00
SAO_502J-10,São Paulo,3550308,True,,1275,,,-23.689209249999998,-46.66251425,,,,1,2023-06-19T16:58:40+00:00
SAO_502J-10,São Paulo,3550308,True,,1275,,,-23.6798285,-46.664469,,,,1,2023-06-19T16:58:49+00:00
SAO_502J-10,São Paulo,3550308,True,,1275,,,-23.70708775,-46.68897199999999,,,,1,2023-06-19T16:58:39+00:00
SAO_502J-10,São Paulo,3550308,True,,1275,,,-23.649073,-46.6630605,,,,1,2023-06-19T16:58:47+00:00
SAO_502J-10,São Paulo,3550308,True,,1275,,,-23.599644,-46.636675499999996,,,,1,2023-06-19T16:58:48+00:00
SAO_502J-10,São Paulo,3550308,True,,1275,,,-23.641844,-46.660599250000004,,,,1,2023-06-19T16:58:47+00:00
SAO_502J-10,São Paulo,3550308,True,,1275,,,-23.616885,-46.638790625,,,,1,2023-06-19T16:58:36+00:00
SAO_502J-10,São Paulo,3550308,True,,1275,,,-23.59966,-46.63503225,,,,1,2023-06-19T16:58:37+00:00
SAO_4035-10,São Paulo,3550308,True,,2560,,,-23.544960500000002,-46.411311999999995,,,,1,2023-06-19T16:58:41+00:00
SAO_4035-10,São Paulo,3550308,True,,2560,,,-23.562721,-46.434597,,,,1,2023-06-19T16:58:16+00:00
SAO_4035-10,São Paulo,3550308,True,,2560,,,-23.558587000000003,-46.399857999999995,,,,1,2023-06-19T16:58:41+00:00
SAO_5759-31,São Paulo,3550308,True,,1139,,,-23.650922125,-46.66450950000001,,,,1,2023-06-19T16:58:48+00:00
SAO_5759-31,São Paulo,3550308,True,,1139,,,-23.693475499999998,-46.644855,,,,1,2023-06-19T16:58:47+00:00
SAO_5164-21,São Paulo,3550308,True,,34384,,,-23.5773805,-46.657241,,,,2,2023-06-19T16:58:33+00:00
SAO_5164-21,São Paulo,3550308,True,,34384,,,-23.6468515,-46.651871,,,,2,2023-06-19T16:58:53+00:00
SAO_5164-21,São Paulo,3550308,True,,34384,,,-23.6526215,-46.6461985,,,,2,2023-06-19T16:58:39+00:00
SAO_5164-21,São Paulo,3550308,True,,34384,,,-23.6412015,-46.654452,,,,2,2023-06-19T16:58:30+00:00
SAO_5164-21,São Paulo,3550308,True,,34384,,,-23.637697,-46.641682,,,,2,2023-06-19T16:58:24+00:00
SAO_2705-10,São Paulo,3550308,True,,917,,,-23.545738,-46.393099500000005,,,,1,2023-06-19T16:53:07+00:00
SAO_2705-10,São Paulo,3550308,True,,917,,,-23.539217999999998,-46.4080855,,,,1,2023-06-19T16:58:26+00:00
SAO_2705-10,São Paulo,3550308,True,,917,,,-23.545738,-46.393099500000005,,,,1,2023-06-19T16:58:48+00:00
SAO_2705-10,São Paulo,3550308,True,,917,,,-23.5422585,-46.470022,,,,1,2023-06-19T16:51:08+00:00
SAO_2705-10,São Paulo,3550308,True,,917,,,-23.545523,-46.393711499999995,,,,1,2023-06-19T16:58:30+00:00
SAO_2705-10,São Paulo,3550308,True,,917,,,-23.53496625,-46.451767000000004,,,,1,2023-06-19T16:58:36+00:00
SAO_509J-10,São Paulo,3550308,True,EMTU,264,https://moovitapp.com/index/pt-br/transporte_p%C3%BAblico-line-264-Sao_Paulo-242-2038937-36419374-0,6.2,-23.6181715,-46.66230175,,,,1,2023-06-19T16:58:23+00:00
SAO_509J-10,São Paulo,3550308,True,EMTU,264,https://moovitapp.com/index/pt-br/transporte_p%C3%BAblico-line-264-Sao_Paulo-242-2038937-36419374-0,6.2,-23.689172499999998,-46.656152500000005,,,,1,2023-06-19T16:58:13+00:00
SAO_509J-10,São Paulo,3550308,True,EMTU,264,https://moovitapp.com/index/pt-br/transporte_p%C3%BAblico-line-264-Sao_Paulo-242-2038937-36419374-0,6.2,-23.58160625,-46.65627475,,,,1,2023-06-19T16:54:16+00:00
SAO_509J-10,São Paulo,3550308,True,EMTU,264,https://moovitapp.com/index/pt-br/transporte_p%C3%BAblico-line-264-Sao_Paulo-242-2038937-36419374-0,6.2,-23.6686655,-46.672955,,,,1,2023-06-19T16:57:58+00:00
SAO_509J-10,São Paulo,3550308,True,EMTU,264,https://moovitapp.com/index/pt-br/transporte_p%C3%BAblico-line-264-Sao_Paulo-242-2038937-36419374-0,6.2,-23.5988845,-46.6614625,,,,1,2023-06-19T16:58:32+00:00
SAO_5105-10,São Paulo,3550308,True,,1651,,,-23.5742155,-46.603418,,,,1,2023-06-19T16:58:44+00:00
SAO_5105-10,São Paulo,3550308,True,,1651,,,-23.603213,-46.600327500000006,,,,1,2023-06-19T16:58:45+00:00
SAO_5105-10,São Paulo,3550308,True,,1651,,,-23.603084250000002,-46.60265125,,,,1,2023-06-19T16:58:47+00:00
SAO_517J-10,São Paulo,3550308,True,,1129,,,-23.690821999999997,-46.655268,,,,1,2023-06-19T16:58:30+00:00
SAO_517J-10,São Paulo,3550308,True,,1129,,,-23.6908785,-46.6505535,,,,1,2023-06-19T16:57:12+00:00
SAO_517J-10,São Paulo,3550308,True,,1129,,,-23.661078500000002,-46.6793775,,,,1,2023-06-19T16:58:55+00:00
SAO_517J-10,São Paulo,3550308,True,,1129,,,-23.61724975,-46.699357625000005,,,,1,2023-06-19T16:58:25+00:00
SAO_517J-10,São Paulo,3550308,True,,1129,,,-23.690821999999997,-46.655268,,,,1,2023-06-19T16:58:51+00:00
SAO_517J-10,São Paulo,3550308,True,,1129,,,-23.6438005,-46.67281199999999,,,,1,2023-06-19T16:58:26+00:00
SAO_2725-10,São Paulo,3550308,True,,33707,,,-23.539938499999998,-46.482815,,,,2,2023-06-19T16:58:49+00:00
SAO_2725-10,São Paulo,3550308,True,,33707,,,-23.539938499999998,-46.482815,,,,2,2023-06-19T16:58:20+00:00
SAO_2725-10,São Paulo,3550308,True,,33707,,,-23.51041275,-46.472693,,,,2,2023-06-19T16:58:23+00:00
SAO_2725-10,São Paulo,3550308,True,,33707,,,-23.5200645,-46.468615,,,,2,2023-06-19T16:58:10+00:00
SAO_8000-1,São Paulo,3550308,True,,2506,,,-23.534230875000002,-46.654912749999994,,,,1,2023-06-19T16:58:51+00:00
SAO_8000-1,São Paulo,3550308,True,,2506,,,-23.520992749999998,-46.699836,,,,1,2023-06-19T16:58:45+00:00
SAO_8000-1,São Paulo,3550308,True,,2506,,,-23.520449499999998,-46.6996115,,,,1,2023-06-19T16:58:46+00:00
SAO_8000-1,São Paulo,3550308,True,,2506,,,-23.520449499999998,-46.6996115,,,,1,2023-06-19T16:58:33+00:00
SAO_8000-1,São Paulo,3550308,True,,2506,,,-23.547649,-46.641011500000005,,,,1,2023-06-19T16:58:49+00:00
SAO_8000-1,São Paulo,3550308,True,,2506,,,-23.524967875,-46.693884749999995,,,,1,2023-06-19T16:58:18+00:00
SAO_175T-10,São Paulo,3550308,True,,33391,,,-23.503131,-46.6242855,,,,2,2023-06-19T16:58:32+00:00
SAO_175T-10,São Paulo,3550308,True,,33391,,,-23.6321095,-46.646267,,,,2,2023-06-19T16:58:40+00:00
SAO_175T-10,São Paulo,3550308,True,,33391,,,-23.63035475,-46.664984624999995,,,,2,2023-06-19T16:58:39+00:00
SAO_175T-10,São Paulo,3550308,True,,33391,,,-23.541629999999998,-46.634266499999995,,,,2,2023-06-19T16:58:16+00:00
SAO_175T-10,São Paulo,3550308,True,,33391,,,-23.578492250000004,-46.64594699999999,,,,2,2023-06-19T16:58:38+00:00
SAO_175T-10,São Paulo,3550308,True,,33391,,,-23.646867999999998,-46.6402595,,,,2,2023-06-19T16:58:50+00:00
SAO_175T-10,São Paulo,3550308,True,,33391,,,-23.505225,-46.625473,,,,2,2023-06-19T16:58:51+00:00
SAO_175T-10,São Paulo,3550308,True,,33391,,,-23.59844725,-46.650623,,,,2,2023-06-19T16:58:09+00:00
SAO_175T-10,São Paulo,3550308,True,,33391,,,-23.6539315,-46.637958,,,,2,2023-06-19T16:58:36+00:00
SAO_175T-10,São Paulo,3550308,True,,33391,,,-23.652741499999998,-46.637056,,,,2,2023-06-19T16:58:32+00:00
SAO_175T-10,São Paulo,3550308,True,,33391,,,-23.652741499999998,-46.637056,,,,2,2023-06-19T16:58:27+00:00
SAO_175T-10,São Paulo,3550308,True,,33391,,,-23.653226749999998,-46.6369505,,,,2,2023-06-19T16:58:24+00:00
SAO_6801-10,São Paulo,3550308,True,,5,,,-23.6438655,-46.73395,,,,1,2023-06-19T16:58:51+00:00
SAO_1730-10,São Paulo,3550308,True,,33633,,,-23.5143075,-46.625555000000006,,,,2,2023-06-19T16:58:53+00:00
SAO_1730-10,São Paulo,3550308,True,,33633,,,-23.51559625,-46.61637925,,,,2,2023-06-19T16:58:24+00:00
SAO_1730-10,São Paulo,3550308,True,,33633,,,-23.51559625,-46.61637925,,,,2,2023-06-19T16:58:06+00:00
SAO_4222-10,São Paulo,3550308,True,,33056,,,-23.602559499999998,-46.5300465,,,,2,2023-06-19T16:58:34+00:00
SAO_4222-10,São Paulo,3550308,True,,33056,,,-23.57898025,-46.57328975,,,,2,2023-06-19T16:58:51+00:00
SAO_4222-10,São Paulo,3550308,True,,33056,,,-23.6143715,-46.512184000000005,,,,2,2023-06-19T16:58:53+00:00
SAO_4222-10,São Paulo,3550308,True,,33056,,,-23.6146935,-46.5159745,,,,2,2023-06-19T16:58:21+00:00
SAO_4012-10,São Paulo,3550308,True,,2185,,,-23.6196645,-46.460801000000004,,,,1,2023-06-19T16:58:41+00:00
SAO_4012-10,São Paulo,3550308,True,,2185,,,-23.5985625,-46.443453250000005,,,,1,2023-06-19T16:58:53+00:00
SAO_4012-10,São Paulo,3550308,True,,2185,,,-23.598281999999998,-46.440941249999995,,,,1,2023-06-19T16:58:37+00:00
SAO_4012-10,São Paulo,3550308,True,,2185,,,-23.611567,-46.47621,,,,1,2023-06-19T16:58:50+00:00
SAO_4012-10,São Paulo,3550308,True,,2185,,,-23.612884,-46.4762945,,,,1,2023-06-19T16:58:42+00:00
SAO_172X-10,São Paulo,3550308,True,,861,,,-23.511869,-46.567964,,,,1,2023-06-19T16:58:25+00:00
SAO_172X-10,São Paulo,3550308,True,,861,,,-23.527241749999998,-46.578038,,,,1,2023-06-19T16:58:42+00:00
SAO_172X-10,São Paulo,3550308,True,,861,,,-23.52967075,-46.5757,,,,1,2023-06-19T16:57:34+00:00
SAO_172X-10,São Paulo,3550308,True,,861,,,-23.5259835,-46.5790145,,,,1,2023-06-19T16:58:53+00:00
SAO_172X-10,São Paulo,3550308,True,,861,,,-23.5043985,-46.56474425,,,,1,2023-06-19T16:54:23+00:00
SAO_4003-10,São Paulo,3550308,True,,34927,,,-23.533158999999998,-46.4488585,,,,2,2023-06-19T16:58:53+00:00
SAO_4003-10,São Paulo,3550308,True,,34927,,,-23.559941000000002,-46.4205185,,,,2,2023-06-19T16:58:42+00:00
SAO_2732-10,São Paulo,3550308,True,,947,,,-23.534290499999997,-46.456349,,,,1,2023-06-19T16:58:21+00:00
SAO_2732-10,São Paulo,3550308,True,,947,,,-23.536247000000003,-46.47459,,,,1,2023-06-19T16:58:30+00:00
SAO_2127-10,São Paulo,3550308,True,,693,,,-23.555402,-46.635875999999996,,,,1,2023-06-19T16:58:39+00:00
SAO_2127-10,São Paulo,3550308,True,,693,,,-23.53641175,-46.619004000000004,,,,1,2023-06-19T16:58:12+00:00
SAO_2127-10,São Paulo,3550308,True,,693,,,-23.547818999999997,-46.630216000000004,,,,1,2023-06-19T16:58:55+00:00
SAO_2127-10,São Paulo,3550308,True,,693,,,-23.48074675,-46.5704535,,,,1,2023-06-19T16:56:41+00:00
SAO_2127-10,São Paulo,3550308,True,,693,,,-23.512741,-46.60248300000001,,,,1,2023-06-19T16:58:36+00:00
SAO_2031-10,São Paulo,3550308,True,EMTU,367,https://moovitapp.com/index/pt-br/transporte_p%C3%BAblico-line-367-Sao_Paulo-242-2038937-36419446-0,4.9,-23.503283500000002,-46.379885,,,,1,2023-06-19T16:58:32+00:00
SAO_2031-10,São Paulo,3550308,True,EMTU,367,https://moovitapp.com/index/pt-br/transporte_p%C3%BAblico-line-367-Sao_Paulo-242-2038937-36419446-0,4.9,-23.49527875,-46.431802250000004,,,,1,2023-06-19T16:56:49+00:00
SAO_2029-10,São Paulo,3550308,True,,2270,,,-23.455914999999997,-46.590154749999996,,,,1,2023-06-19T16:58:33+00:00
SAO_2029-10,São Paulo,3550308,True,,2270,,,-23.430882500000003,-46.574838,,,,1,2023-06-19T16:58:43+00:00
SAO_1701-10,São Paulo,3550308,True,EMTU,845,https://moovitapp.com/index/pt-br/transporte_p%C3%BAblico-line-845-Sao_Paulo-242-2038937-36419607-0,5.15,-23.4498045,-46.574087500000005,,,,1,2023-06-19T16:57:32+00:00
SAO_1701-10,São Paulo,3550308,True,EMTU,845,https://moovitapp.com/index/pt-br/transporte_p%C3%BAblico-line-845-Sao_Paulo-242-2038937-36419607-0,5.15,-23.501793,-46.6160795,,,,1,2023-06-19T16:56:07+00:00
SAO_1701-10,São Paulo,3550308,True,EMTU,845,https://moovitapp.com/index/pt-br/transporte_p%C3%BAblico-line-845-Sao_Paulo-242-2038937-36419607-0,5.15,-23.467438,-46.594452000000004,,,,1,2023-06-19T16:58:16+00:00
SAO_6047-10,São Paulo,3550308,True,,1224,,,-23.64671825,-46.7086455,,,,1,2023-06-19T16:58:53+00:00
SAO_6047-10,São Paulo,3550308,True,,1224,,,-23.6492395,-46.73245,,,,1,2023-06-19T16:58:23+00:00
SAO_6047-10,São Paulo,3550308,True,,1224,,,-23.658449,-46.7608475,,,,1,2023-06-19T16:58:56+00:00
SAO_6069-10,São Paulo,3550308,True,,33922,,,-23.745113,-46.694419499999995,,,,2,2023-06-19T16:58:16+00:00
SAO_6069-10,São Paulo,3550308,True,,33922,,,-23.665791499999997,-46.7118705,,,,2,2023-06-19T16:58:23+00:00
SAO_6069-10,São Paulo,3550308,True,,33922,,,-23.7471885,-46.708067,,,,2,2023-06-19T16:58:51+00:00
SAO_6069-10,São Paulo,3550308,True,,33922,,,-23.7471885,-46.708067,,,,2,2023-06-19T16:58:42+00:00
SAO_6069-10,São Paulo,3550308,True,,33922,,,-23.744977,-46.694293,,,,2,2023-06-19T16:58:16+00:00
SAO_6069-10,São Paulo,3550308,True,,33922,,,-23.745113,-46.694419499999995,,,,2,2023-06-19T16:58:25+00:00
SAO_6069-10,São Paulo,3550308,True,,33922,,,-23.6995285,-46.7010475,,,,2,2023-06-19T16:58:47+00:00
SAO_6069-10,São Paulo,3550308,True,,33922,,,-23.68804,-46.7018735,,,,2,2023-06-19T16:58:52+00:00
SAO_2290-10,São Paulo,3550308,True,,33486,,,-23.6131485,-46.4762315,,,,2,2023-06-19T16:58:37+00:00
SAO_2290-10,São Paulo,3550308,True,,33486,,,-23.5733185,-46.505489499999996,,,,2,2023-06-19T16:58:25+00:00
SAO_2290-10,São Paulo,3550308,True,,33486,,,-23.553845,-46.527522000000005,,,,2,2023-06-19T16:58:39+00:00
SAO_2290-10,São Paulo,3550308,True,,33486,,,-23.613985,-46.4764645,,,,2,2023-06-19T16:58:40+00:00
SAO_2290-10,São Paulo,3550308,True,,33486,,,-23.5722175,-46.50602175,,,,2,2023-06-19T16:58:42+00:00
SAO_2290-10,São Paulo,3550308,True,,33486,,,-23.5621195,-46.516965,,,,2,2023-06-19T16:58:27+00:00
SAO_2290-10,São Paulo,3550308,True,,33486,,,-23.5469065,-46.623822125000004,,,,2,2023-06-19T16:58:44+00:00
SAO_2290-10,São Paulo,3550308,True,,33486,,,-23.5952735,-46.487778999999996,,,,2,2023-06-19T16:58:54+00:00
SAO_2290-10,São Paulo,3550308,True,,33486,,,-23.546985,-46.629763999999994,,,,2,2023-06-19T16:58:12+00:00
SAO_2290-10,São Paulo,3550308,True,,33486,,,-23.567283375000002,-46.510680125,,,,2,2023-06-19T16:58:36+00:00
SAO_2290-10,São Paulo,3550308,True,,33486,,,-23.547943500000002,-46.629332,,,,2,2023-06-19T16:58:40+00:00
SAO_2290-10,São Paulo,3550308,True,,33486,,,-23.532635749999997,-46.56256275,,,,2,2023-06-19T16:58:20+00:00
SAO_2290-10,São Paulo,3550308,True,,33486,,,-23.535095,-46.5766945,,,,2,2023-06-19T16:58:52+00:00
SAO_2290-10,São Paulo,3550308,True,,33486,,,-23.6135545,-46.476344499999996,,,,2,2023-06-19T16:58:16+00:00
SAO_2290-10,São Paulo,3550308,True,,33486,,,-23.535598125,-46.584652750000004,,,,2,2023-06-19T16:58:40+00:00
SAO_2290-10,São Paulo,3550308,True,,33486,,,-23.54807875,-46.53864475,,,,2,2023-06-19T16:58:47+00:00
SAO_2290-10,São Paulo,3550308,True,,33486,,,-23.612947,-46.476177500000006,,,,2,2023-06-19T16:58:14+00:00
SAO_975A-10,São Paulo,3550308,True,,33357,,,-23.468619,-46.6962195,,,,2,2023-06-19T16:58:33+00:00
SAO_975A-10,São Paulo,3550308,True,,33357,,,-23.51292775,-46.67273625,,,,2,2023-06-19T16:58:51+00:00
SAO_975A-10,São Paulo,3550308,True,,33357,,,-23.56181025,-46.655956,,,,2,2023-06-19T16:58:20+00:00
SAO_975A-10,São Paulo,3550308,True,,33357,,,-23.494186,-46.6920075,,,,2,2023-06-19T16:58:47+00:00
SAO_975A-10,São Paulo,3550308,True,,33357,,,-23.468484500000002,-46.696687999999995,,,,2,2023-06-19T16:58:43+00:00
SAO_975A-10,São Paulo,3550308,True,,33357,,,-23.543384875,-46.672639875,,,,2,2023-06-19T16:58:50+00:00
SAO_4313-10,São Paulo,3550308,True,,2173,,,-23.576651,-46.5013465,,,,1,2023-06-19T16:57:48+00:00
SAO_4313-10,São Paulo,3550308,True,,2173,,,-23.5474545,-46.626438,,,,1,2023-06-19T16:56:07+00:00
SAO_4313-10,São Paulo,3550308,True,,2173,,,-23.5472815,-46.629869,,,,1,2023-06-19T16:58:12+00:00
SAO_4313-10,São Paulo,3550308,True,,2173,,,-23.594445,-46.4252945,,,,1,2023-06-19T16:58:14+00:00
SAO_4313-10,São Paulo,3550308,True,,2173,,,-23.535687875,-46.55250100000001,,,,1,2023-06-19T16:58:19+00:00
SAO_4313-10,São Paulo,3550308,True,,2173,,,-23.547736,-46.6263965,,,,1,2023-06-19T16:58:19+00:00
SAO_4313-10,São Paulo,3550308,True,,2173,,,-23.589582,-46.479238,,,,1,2023-06-19T16:58:17+00:00
SAO_4313-10,São Paulo,3550308,True,,2173,,,-23.582577,-46.408426,,,,1,2023-06-19T16:58:20+00:00
SAO_4313-10,São Paulo,3550308,True,,2173,,,-23.5533335,-46.518215999999995,,,,1,2023-06-19T16:58:35+00:00
SAO_6812-10,São Paulo,3550308,True,,34010,,,-23.73195075,-46.790341,,,,2,2023-06-19T16:58:36+00:00
SAO_6812-10,São Paulo,3550308,True,,34010,,,-23.684060000000002,-46.770033,,,,2,2023-06-19T16:58:16+00:00
SAO_6812-10,São Paulo,3550308,True,,34010,,,-23.724632375,-46.785788249999996,,,,2,2023-06-19T16:58:23+00:00
SAO_6812-10,São Paulo,3550308,True,,34010,,,-23.652263249999997,-46.70189575,,,,2,2023-06-19T16:58:14+00:00
SAO_6812-10,São Paulo,3550308,True,,34010,,,-23.6675885,-46.730721,,,,2,2023-06-19T16:58:37+00:00
SAO_6812-10,São Paulo,3550308,True,,34010,,,-23.73195075,-46.790341,,,,2,2023-06-19T16:58:50+00:00
SAO_6812-10,São Paulo,3550308,True,,34010,,,-23.73174025,-46.790021,,,,2,2023-06-19T16:58:39+00:00
SAO_5362-10,São Paulo,3550308,True,BR7 Mobilidade,70,https://moovitapp.com/index/pt-br/transporte_p%C3%BAblico-line-70-Sao_Paulo-242-851856-2250296-0,5.75,-23.7445215,-46.670979,,,,1,2023-06-19T16:58:50+00:00
SAO_5362-10,São Paulo,3550308,True,BR7 Mobilidade,70,https://moovitapp.com/index/pt-br/transporte_p%C3%BAblico-line-70-Sao_Paulo-242-851856-2250296-0,5.75,-23.7175635,-46.699088,,,,1,2023-06-19T16:58:49+00:00
SAO_5362-10,São Paulo,3550308,True,BR7 Mobilidade,70,https://moovitapp.com/index/pt-br/transporte_p%C3%BAblico-line-70-Sao_Paulo-242-851856-2250296-0,5.75,-23.637729999999998,-46.69437225,,,,1,2023-06-19T16:58:50+00:00
SAO_5362-10,São Paulo,3550308,True,BR7 Mobilidade,70,https://moovitapp.com/index/pt-br/transporte_p%C3%BAblico-line-70-Sao_Paulo-242-851856-2250296-0,5.75,-23.608573,-46.666781125,,,,1,2023-06-19T16:58:27+00:00
SAO_5362-10,São Paulo,3550308,True,BR7 Mobilidade,70,https://moovitapp.com/index/pt-br/transporte_p%C3%BAblico-line-70-Sao_Paulo-242-851856-2250296-0,5.75,-23.745268375000002,-46.66581537500001,,,,1,2023-06-19T16:58:46+00:00
SAO_5362-10,São Paulo,3550308,True,BR7 Mobilidade,70,https://moovitapp.com/index/pt-br/transporte_p%C3%BAblico-line-70-Sao_Paulo-242-851856-2250296-0,5.75,-23.5552535,-46.637064499999994,,,,1,2023-06-19T16:58:54+00:00
SAO_5362-10,São Paulo,3550308,True,BR7 Mobilidade,70,https://moovitapp.com/index/pt-br/transporte_p%C3%BAblico-line-70-Sao_Paulo-242-851856-2250296-0,5.75,-23.753013,-46.681681,,,,1,2023-06-19T16:58:13+00:00
SAO_5362-10,São Paulo,3550308,True,BR7 Mobilidade,70,https://moovitapp.com/index/pt-br/transporte_p%C3%BAblico-line-70-Sao_Paulo-242-851856-2250296-0,5.75,-23.644316125000003,-46.700134500000004,,,,1,2023-06-19T16:58:24+00:00
SAO_5362-10,São Paulo,3550308,True,BR7 Mobilidade,70,https://moovitapp.com/index/pt-br/transporte_p%C3%BAblico-line-70-Sao_Paulo-242-851856-2250296-0,5.75,-23.605411,-46.66382349999999,,,,1,2023-06-19T16:58:29+00:00
SAO_6822-10,São Paulo,3550308,True,,32790,,,-23.65385975,-46.79008575,,,,2,2023-06-19T16:58:37+00:00
SAO_6822-10,São Paulo,3550308,True,,32790,,,-23.65385975,-46.79008575,,,,2,2023-06-19T16:58:19+00:00
SAO_6822-10,São Paulo,3550308,True,,32790,,,-23.640808,-46.780906,,,,2,2023-06-19T16:58:54+00:00
SAO_6822-10,São Paulo,3550308,True,,32790,,,-23.65385975,-46.79008575,,,,2,2023-06-19T16:58:20+00:00
SAO_6822-10,São Paulo,3550308,True,,32790,,,-23.659925625,-46.773087000000004,,,,2,2023-06-19T16:58:49+00:00
SAO_6822-10,São Paulo,3550308,True,,32790,,,-23.65385975,-46.79008575,,,,2,2023-06-19T16:58:16+00:00
SAO_6455-10,São Paulo,3550308,True,,63,,,-23.649093,-46.7544715,,,,1,2023-06-19T16:58:48+00:00
SAO_6455-10,São Paulo,3550308,True,,63,,,-23.5868985,-46.652587499999996,,,,1,2023-06-19T16:58:12+00:00
SAO_6455-10,São Paulo,3550308,True,,63,,,-23.629555,-46.686644,,,,1,2023-06-19T16:58:11+00:00
SAO_8047-10,São Paulo,3550308,True,,33176,,,-23.434525,-46.754654,,,,2,2023-06-19T16:58:43+00:00
SAO_8047-10,São Paulo,3550308,True,,33176,,,-23.518255,-46.70807549999999,,,,2,2023-06-19T16:58:25+00:00
SAO_8047-10,São Paulo,3550308,True,,33176,,,-23.434525,-46.754654,,,,2,2023-06-19T16:58:33+00:00
SAO_8047-10,São Paulo,3550308,True,,33176,,,-23.485104,-46.7645765,,,,2,2023-06-19T16:56:49+00:00
SAO_8047-10,São Paulo,3550308,True,,33176,,,-23.4365905,-46.7530045,,,,2,2023-06-19T16:58:51+00:00
SAO_6804-10,São Paulo,3550308,True,,32798,,,-23.635806000000002,-46.748086,,,,2,2023-06-19T16:58:31+00:00
SAO_6804-10,São Paulo,3550308,True,,32798,,,-23.6433395,-46.73498575000001,,,,2,2023-06-19T16:58:19+00:00
SAO_6804-10,São Paulo,3550308,True,,32798,,,-23.635654000000002,-46.747935999999996,,,,2,2023-06-19T16:58:30+00:00
SAO_2718-10,São Paulo,3550308,True,,931,,,-23.509272000000003,-46.549723,,,,1,2023-06-19T16:58:47+00:00
SAO_2718-10,São Paulo,3550308,True,,931,,,-23.499236,-46.5217895,,,,1,2023-06-19T16:58:32+00:00
SAO_2718-10,São Paulo,3550308,True,,931,,,-23.524643500000003,-46.548621499999996,,,,1,2023-06-19T16:58:16+00:00
SAO_2718-10,São Paulo,3550308,True,,931,,,-23.49645625,-46.504523000000006,,,,1,2023-06-19T16:58:40+00:00
SAO_2718-10,São Paulo,3550308,True,,931,,,-23.524643500000003,-46.548621499999996,,,,1,2023-06-19T16:58:23+00:00
SAO_1765-10,São Paulo,3550308,True,,34550,,,-23.480497,-46.60268,,,,2,2023-06-19T16:58:23+00:00
SAO_1765-10,São Paulo,3550308,True,,34550,,,-23.4612205,-46.576288250000005,,,,2,2023-06-19T16:55:05+00:00
SAO_1765-10,São Paulo,3550308,True,,34550,,,-23.467172,-46.56877125,,,,2,2023-06-19T16:58:24+00:00
SAO_4113-10,São Paulo,3550308,True,,33536,,,-23.57826725,-46.624153750000005,,,,2,2023-06-19T16:58:47+00:00
SAO_4113-10,São Paulo,3550308,True,,33536,,,-23.6024155,-46.612331,,,,2,2023-06-19T16:58:32+00:00
SAO_4113-10,São Paulo,3550308,True,,33536,,,-23.58307,-46.611082999999994,,,,2,2023-06-19T16:58:52+00:00
SAO_4113-10,São Paulo,3550308,True,,33536,,,-23.5828975,-46.6110835,,,,2,2023-06-19T16:58:45+00:00
SAO_4113-10,São Paulo,3550308,True,,33536,,,-23.578202500000003,-46.61990575,,,,2,2023-06-19T16:58:49+00:00
SAO_4113-10,São Paulo,3550308,True,,33536,,,-23.56054725,-46.632771625000004,,,,2,2023-06-19T16:58:12+00:00
SAO_4113-10,São Paulo,3550308,True,,33536,,,-23.548976500000002,-46.64247775,,,,2,2023-06-19T16:58:53+00:00
SAO_352A-10,São Paulo,3550308,True,,164,,,-23.579578499999997,-46.4841505,,,,1,2023-06-19T16:58:39+00:00
SAO_352A-10,São Paulo,3550308,True,,164,,,-23.572464500000002,-46.4738525,,,,1,2023-06-19T16:58:31+00:00
SAO_352A-10,São Paulo,3550308,True,,164,,,-23.488319,-46.4363305,,,,1,2023-06-19T16:58:39+00:00
SAO_352A-10,São Paulo,3550308,True,,164,,,-23.5346675,-46.454396,,,,1,2023-06-19T16:58:43+00:00
SAO_5757-10,São Paulo,3550308,True,,1288,,,-23.6907885,-46.638878000000005,,,,1,2023-06-19T16:58:31+00:00
SAO_5757-10,São Paulo,3550308,True,,1288,,,-23.6907885,-46.638878000000005,,,,1,2023-06-19T16:58:23+00:00
SAO_5757-10,São Paulo,3550308,True,,1288,,,-23.6907885,-46.638878000000005,,,,1,2023-06-19T16:58:49+00:00
SAO_5757-10,São Paulo,3550308,True,,1288,,,-23.68527075,-46.6332995,,,,1,2023-06-19T16:58:36+00:00
SAO_5757-10,São Paulo,3550308,True,,1288,,,-23.641212,-46.641411500000004,,,,1,2023-06-19T16:58:49+00:00
SAO_5757-10,São Paulo,3550308,True,,1288,,,-23.6664865,-46.6522415,,,,1,2023-06-19T16:58:25+00:00
SAO_5757-10,São Paulo,3550308,True,,1288,,,-23.656485,-46.6447875,,,,1,2023-06-19T16:58:37+00:00
SAO_4013-10,São Paulo,3550308,True,,34954,,,-23.63586375,-46.445139999999995,,,,2,2023-06-19T16:58:22+00:00
SAO_4013-10,São Paulo,3550308,True,,34954,,,-23.6359035,-46.444512,,,,2,2023-06-19T16:58:33+00:00
SAO_4013-10,São Paulo,3550308,True,,34954,,,-23.6266035,-46.4584825,,,,2,2023-06-19T16:58:33+00:00
SAO_4013-10,São Paulo,3550308,True,,34954,,,-23.635369500000003,-46.445468500000004,,,,2,2023-06-19T16:58:09+00:00
SAO_3051-10,São Paulo,3550308,True,,35214,,,-23.518814499999998,-46.475541,,,,2,2023-06-19T16:58:53+00:00
SAO_3051-10,São Paulo,3550308,True,,35214,,,-23.486603000000002,-46.482687,,,,2,2023-06-19T16:58:43+00:00
SAO_3051-10,São Paulo,3550308,True,,35214,,,-23.510052,-46.46829399999999,,,,2,2023-06-19T16:58:06+00:00
SAO_978L-10,São Paulo,3550308,True,,33234,,,-23.475228,-46.670387000000005,,,,2,2023-06-19T16:58:14+00:00
SAO_978L-10,São Paulo,3550308,True,,33234,,,-23.521,-46.667287,,,,2,2023-06-19T16:58:08+00:00
SAO_8252-10,São Paulo,3550308,True,,34016,,,-23.526382499999997,-46.6660375,,,,2,2023-06-19T16:58:19+00:00
SAO_2731-10,São Paulo,3550308,True,,33714,,,-23.52613225,-46.445848,,,,2,2023-06-19T16:58:23+00:00
SAO_2731-10,São Paulo,3550308,True,,33714,,,-23.518088249999998,-46.439505,,,,2,2023-06-19T16:55:26+00:00
SAO_2731-10,São Paulo,3550308,True,,33714,,,-23.518088249999998,-46.439505,,,,2,2023-06-19T16:58:33+00:00
SAO_8050-31,São Paulo,3550308,True,,33183,,,-23.438785,-46.794032,,,,2,2023-06-19T16:56:23+00:00
SAO_6L08-10,São Paulo,3550308,True,,1182,,,-23.827404,-46.697334,,,,1,2023-06-19T16:58:27+00:00
SAO_6L08-10,São Paulo,3550308,True,,1182,,,-23.827219,-46.71281125,,,,1,2023-06-19T16:58:24+00:00
SAO_576C-10,São Paulo,3550308,True,,34058,,,-23.661205,-46.6941275,,,,2,2023-06-19T16:58:34+00:00
SAO_576C-10,São Paulo,3550308,True,,34058,,,-23.6562825,-46.6481135,,,,2,2023-06-19T16:58:18+00:00
SAO_576C-10,São Paulo,3550308,True,,34058,,,-23.65579,-46.66953975,,,,2,2023-06-19T16:58:50+00:00
SAO_576C-10,São Paulo,3550308,True,,34058,,,-23.660770499999998,-46.651279,,,,2,2023-06-19T16:58:40+00:00
SAO_576C-10,São Paulo,3550308,True,,34058,,,-23.65389775,-46.7071655,,,,2,2023-06-19T16:58:29+00:00
SAO_576C-10,São Paulo,3550308,True,,34058,,,-23.638040500000002,-46.632286,,,,2,2023-06-19T16:58:30+00:00
SAO_576C-10,São Paulo,3550308,True,,34058,,,-23.63805,-46.632859499999995,,,,2,2023-06-19T16:58:13+00:00
SAO_576C-10,São Paulo,3550308,True,,34058,,,-23.637647,-46.631935,,,,2,2023-06-19T16:58:50+00:00
SAO_576C-10,São Paulo,3550308,True,,34058,,,-23.658312000000002,-46.6497865,,,,2,2023-06-19T16:58:27+00:00
SAO_5611-10,São Paulo,3550308,True,,33366,,,-23.6761085,-46.685005000000004,,,,2,2023-06-19T16:58:22+00:00
SAO_5611-10,São Paulo,3550308,True,,33366,,,-23.7050465,-46.643475,,,,2,2023-06-19T16:53:48+00:00
SAO_5611-10,São Paulo,3550308,True,,33366,,,-23.6277855,-46.662039,,,,2,2023-06-19T16:58:16+00:00
SAO_5611-10,São Paulo,3550308,True,,33366,,,-23.7160135,-46.624853,,,,2,2023-06-19T16:58:37+00:00
SAO_5611-10,São Paulo,3550308,True,,33366,,,-23.583121750000004,-46.65512475,,,,2,2023-06-19T16:57:33+00:00
SAO_5611-10,São Paulo,3550308,True,,33366,,,-23.715794,-46.624167,,,,2,2023-06-19T16:58:37+00:00
SAO_9004-10,São Paulo,3550308,True,,871,,,-23.474822500000002,-46.670317999999995,,,,1,2023-06-19T16:58:30+00:00
SAO_9004-10,São Paulo,3550308,True,,871,,,-23.4599695,-46.675379,,,,1,2023-06-19T16:58:18+00:00
SAO_9004-10,São Paulo,3550308,True,,871,,,-23.456902,-46.682719500000005,,,,1,2023-06-19T16:58:18+00:00
SAO_9004-10,São Paulo,3550308,True,,871,,,-23.457195499999997,-46.685354,,,,1,2023-06-19T16:58:44+00:00
SAO_9004-10,São Paulo,3550308,True,,871,,,-23.4591365,-46.676945,,,,1,2023-06-19T16:58:11+00:00
SAO_9004-10,São Paulo,3550308,True,,871,,,-23.4590385,-46.676784999999995,,,,1,2023-06-19T16:58:48+00:00
SAO_9004-10,São Paulo,3550308,True,,871,,,-23.457195499999997,-46.685354,,,,1,2023-06-19T16:58:21+00:00
SAO_9004-10,São Paulo,3550308,True,,871,,,-23.4591365,-46.676945,,,,1,2023-06-19T16:58:22+00:00
SAO_9004-10,São Paulo,3550308,True,,871,,,-23.459155000000003,-46.677606499999996,,,,1,2023-06-19T16:58:32+00:00
SAO_129F-10,São Paulo,3550308,True,,35072,,,-23.489694999999998,-46.698280499999996,,,,2,2023-06-19T16:58:35+00:00
SAO_129F-10,São Paulo,3550308,True,,35072,,,-23.489815,-46.698368,,,,2,2023-06-19T16:58:34+00:00
SAO_129F-10,São Paulo,3550308,True,,35072,,,-23.5214275,-46.698573499999995,,,,2,2023-06-19T16:58:12+00:00
SAO_129F-10,São Paulo,3550308,True,,35072,,,-23.498175500000002,-46.7061365,,,,2,2023-06-19T16:58:33+00:00
SAO_129F-10,São Paulo,3550308,True,,35072,,,-23.4904735,-46.699062,,,,2,2023-06-19T16:58:49+00:00
SAO_129F-10,São Paulo,3550308,True,,35072,,,-23.525606,-46.6712185,,,,2,2023-06-19T16:58:41+00:00
SAO_3301-10,São Paulo,3550308,True,,34386,,,-23.494543999999998,-46.438418999999996,,,,2,2023-06-19T16:57:11+00:00
SAO_3301-10,São Paulo,3550308,True,,34386,,,-23.53901625,-46.6068375,,,,2,2023-06-19T16:58:36+00:00
SAO_3301-10,São Paulo,3550308,True,,34386,,,-23.49155,-46.434219,,,,2,2023-06-19T16:58:22+00:00
SAO_3301-10,São Paulo,3550308,True,,34386,,,-23.494137000000002,-46.45074150000001,,,,2,2023-06-19T16:58:37+00:00
SAO_3301-10,São Paulo,3550308,True,,34386,,,-23.5075325,-46.489591250000004,,,,2,2023-06-19T16:58:10+00:00
SAO_3301-10,São Paulo,3550308,True,,34386,,,-23.51448025,-46.5459655,,,,2,2023-06-19T16:58:42+00:00
SAO_476A-10,São Paulo,3550308,True,,304,,,-23.651591000000003,-46.712589,,,,1,2023-06-19T16:58:25+00:00
SAO_476A-10,São Paulo,3550308,True,,304,,,-23.6025305,-46.6137935,,,,1,2023-06-19T16:58:50+00:00
SAO_476A-10,São Paulo,3550308,True,,304,,,-23.614818624999998,-46.663115875,,,,1,2023-06-19T16:58:39+00:00
SAO_4286-10,São Paulo,3550308,True,,326,,,-23.601241,-46.5395365,,,,1,2023-06-19T16:58:11+00:00
SAO_607C-10,São Paulo,3550308,True,,1977,,,-23.676204,-46.6419445,,,,1,2023-06-19T16:58:30+00:00
SAO_607C-10,São Paulo,3550308,True,,1977,,,-23.6450525,-46.671887,,,,1,2023-06-19T16:58:35+00:00
SAO_607C-10,São Paulo,3550308,True,,1977,,,-23.664327,-46.659923,,,,1,2023-06-19T16:58:27+00:00
SAO_607C-10,São Paulo,3550308,True,,1977,,,-23.5925655,-46.689128499999995,,,,1,2023-06-19T16:58:25+00:00
SAO_607C-10,São Paulo,3550308,True,,1977,,,-23.594622,-46.690059,,,,1,2023-06-19T16:58:10+00:00
SAO_607C-10,São Paulo,3550308,True,,1977,,,-23.6257405,-46.690713,,,,1,2023-06-19T16:58:51+00:00
SAO_607C-10,São Paulo,3550308,True,,1977,,,-23.6896565,-46.635254,,,,1,2023-06-19T16:58:38+00:00
SAO_607C-10,São Paulo,3550308,True,,1977,,,-23.682105999999997,-46.636607,,,,1,2023-06-19T16:58:47+00:00
SAO_607C-10,São Paulo,3550308,True,,1977,,,-23.683194999999998,-46.63477125,,,,1,2023-06-19T16:58:34+00:00
SAO_607C-10,São Paulo,3550308,True,,1977,,,-23.65231,-46.669118499999996,,,,1,2023-06-19T16:58:34+00:00
SAO_607C-10,São Paulo,3550308,True,,1977,,,-23.6896565,-46.635254,,,,1,2023-06-19T16:58:30+00:00
SAO_5029-10,São Paulo,3550308,True,,1672,,,-23.622616999999998,-46.590018,,,,1,2023-06-19T16:58:42+00:00
SAO_5029-10,São Paulo,3550308,True,,1672,,,-23.6147375,-46.596948499999996,,,,1,2023-06-19T16:58:53+00:00
SAO_4025-10,São Paulo,3550308,True,,33863,,,-23.583394,-46.582493,,,,2,2023-06-19T16:58:49+00:00
SAO_4025-10,São Paulo,3550308,True,,33863,,,-23.593469625,-46.558035375,,,,2,2023-06-19T16:58:14+00:00
SAO_4025-10,São Paulo,3550308,True,,33863,,,-23.607989375000002,-46.553975375,,,,2,2023-06-19T16:58:42+00:00
SAO_4025-10,São Paulo,3550308,True,,33863,,,-23.596563,-46.5587515,,,,2,2023-06-19T16:58:40+00:00
SAO_4025-10,São Paulo,3550308,True,,33863,,,-23.607765625,-46.554057625,,,,2,2023-06-19T16:58:31+00:00
SAO_4025-10,São Paulo,3550308,True,,33863,,,-23.573856,-46.580303,,,,2,2023-06-19T16:58:13+00:00
SAO_4025-10,São Paulo,3550308,True,,33863,,,-23.547476500000002,-46.57981725,,,,2,2023-06-19T16:58:52+00:00
SAO_5025-10,São Paulo,3550308,True,,1564,,,-23.59964775,-46.585337375,,,,1,2023-06-19T16:58:53+00:00
SAO_5025-10,São Paulo,3550308,True,,1564,,,-23.602694,-46.538395,,,,1,2023-06-19T16:58:14+00:00
SAO_5025-10,São Paulo,3550308,True,,1564,,,-23.597272,-46.5663605,,,,1,2023-06-19T16:58:47+00:00
SAO_1782-10,São Paulo,3550308,True,,643,,,-23.450515,-46.5724465,,,,1,2023-06-19T16:58:39+00:00
SAO_1782-10,São Paulo,3550308,True,,643,,,-23.465495,-46.603657999999996,,,,1,2023-06-19T16:58:15+00:00
SAO_1782-10,São Paulo,3550308,True,,643,,,-23.4924665,-46.6253875,,,,1,2023-06-19T16:55:24+00:00
SAO_4028-10,São Paulo,3550308,True,,33866,,,-23.593152,-46.4890015,,,,2,2023-06-19T16:58:40+00:00
SAO_4028-10,São Paulo,3550308,True,,33866,,,-23.5968595,-46.487162,,,,2,2023-06-19T16:58:46+00:00
SAO_4028-10,São Paulo,3550308,True,,33866,,,-23.641942999999998,-46.438282,,,,2,2023-06-19T16:58:45+00:00
SAO_4028-10,São Paulo,3550308,True,,33866,,,-23.593083,-46.4887815,,,,2,2023-06-19T16:58:23+00:00
SAO_4028-10,São Paulo,3550308,True,,33866,,,-23.631496499999997,-46.447165,,,,2,2023-06-19T16:58:32+00:00
SAO_509J-10,São Paulo,3550308,True,,33032,,,-23.59198225,-46.664805,,,,2,2023-06-19T16:58:43+00:00
SAO_509J-10,São Paulo,3550308,True,,33032,,,-23.675676,-46.66063125,,,,2,2023-06-19T16:58:52+00:00
SAO_509J-10,São Paulo,3550308,True,,33032,,,-23.62124275,-46.67292125,,,,2,2023-06-19T16:58:33+00:00
SAO_509J-10,São Paulo,3550308,True,,33032,,,-23.6875885,-46.654850499999995,,,,2,2023-06-19T16:58:17+00:00
SAO_509J-10,São Paulo,3550308,True,,33032,,,-23.6875885,-46.654850499999995,,,,2,2023-06-19T16:58:25+00:00
SAO_509J-10,São Paulo,3550308,True,,33032,,,-23.6930735,-46.65947,,,,2,2023-06-19T16:58:51+00:00
SAO_509J-10,São Paulo,3550308,True,,33032,,,-23.6875885,-46.654850499999995,,,,2,2023-06-19T16:58:31+00:00
SAO_809H-10,São Paulo,3550308,True,,35013,,,-23.52123875,-46.7241955,,,,2,2023-06-19T16:58:28+00:00
SAO_809H-10,São Paulo,3550308,True,,35013,,,-23.542752125,-46.731549875,,,,2,2023-06-19T16:58:35+00:00
SAO_809H-10,São Paulo,3550308,True,,35013,,,-23.577198000000003,-46.743089,,,,2,2023-06-19T16:58:18+00:00
SAO_809H-10,São Paulo,3550308,True,,35013,,,-23.578971,-46.79169,,,,2,2023-06-19T16:58:33+00:00
SAO_809H-10,São Paulo,3550308,True,,35013,,,-23.58514975,-46.7464095,,,,2,2023-06-19T16:58:17+00:00
SAO_809H-10,São Paulo,3550308,True,,35013,,,-23.5806105,-46.793718,,,,2,2023-06-19T16:58:25+00:00
SAO_695D-10,São Paulo,3550308,True,,32882,,,-23.735521,-46.676398000000006,,,,2,2023-06-19T16:58:52+00:00
SAO_695D-10,São Paulo,3550308,True,,32882,,,-23.733559500000002,-46.6761855,,,,2,2023-06-19T16:49:38+00:00
SAO_695D-10,São Paulo,3550308,True,,32882,,,-23.645202625,-46.6484985,,,,2,2023-06-19T16:58:34+00:00
SAO_695D-10,São Paulo,3550308,True,,32882,,,-23.65505625,-46.668234,,,,2,2023-06-19T16:58:23+00:00
SAO_695D-10,São Paulo,3550308,True,,32882,,,-23.7356685,-46.6827155,,,,2,2023-06-19T16:58:16+00:00
SAO_695D-10,São Paulo,3550308,True,,32882,,,-23.715192000000002,-46.690701000000004,,,,2,2023-06-19T16:58:32+00:00
SAO_352A-10,São Paulo,3550308,True,,32932,,,-23.479262499999997,-46.421414999999996,,,,2,2023-06-19T16:58:46+00:00
SAO_352A-10,São Paulo,3550308,True,,32932,,,-23.4945855,-46.443143,,,,2,2023-06-19T16:58:15+00:00
SAO_352A-10,São Paulo,3550308,True,,32932,,,-23.5862215,-46.4912095,,,,2,2023-06-19T16:58:39+00:00
SAO_352A-10,São Paulo,3550308,True,,32932,,,-23.475775375,-46.42366425,,,,2,2023-06-19T16:57:28+00:00
SAO_352A-10,São Paulo,3550308,True,,32932,,,-23.563306124999997,-46.466364125,,,,2,2023-06-19T16:58:12+00:00
SAO_352A-10,São Paulo,3550308,True,,32932,,,-23.479100875,-46.421538125,,,,2,2023-06-19T16:58:22+00:00
SAO_4726-10,São Paulo,3550308,True,,34448,,,-23.551706,-46.581234875,,,,2,2023-06-19T16:58:38+00:00
SAO_4726-10,São Paulo,3550308,True,,34448,,,-23.5410385,-46.575868,,,,2,2023-06-19T16:58:37+00:00
SAO_4726-10,São Paulo,3550308,True,,34448,,,-23.5431125,-46.57833975,,,,2,2023-06-19T16:58:14+00:00
SAO_4726-10,São Paulo,3550308,True,,34448,,,-23.563243,-46.592068499999996,,,,2,2023-06-19T16:58:21+00:00
SAO_4726-10,São Paulo,3550308,True,,34448,,,-23.559128,-46.586489,,,,2,2023-06-19T16:58:22+00:00
SAO_4726-10,São Paulo,3550308,True,,34448,,,-23.5633635,-46.591837500000004,,,,2,2023-06-19T16:58:54+00:00
SAO_4726-10,São Paulo,3550308,True,,34448,,,-23.567376,-46.581525,,,,2,2023-06-19T16:58:17+00:00
SAO_476G-10,São Paulo,3550308,True,,1111,,,-23.6143955,-46.504852,,,,1,2023-06-19T16:58:30+00:00
SAO_476G-10,São Paulo,3550308,True,,1111,,,-23.5822145,-46.598883,,,,1,2023-06-19T16:58:32+00:00
SAO_476G-10,São Paulo,3550308,True,,1111,,,-23.59238,-46.647018,,,,1,2023-06-19T16:58:47+00:00
SAO_476G-10,São Paulo,3550308,True,,1111,,,-23.590751,-46.633957,,,,1,2023-06-19T16:58:19+00:00
SAO_476G-10,São Paulo,3550308,True,,1111,,,-23.596716,-46.5588245,,,,1,2023-06-19T16:57:55+00:00
SAO_2765-10,São Paulo,3550308,True,,32913,,,-23.492462,-46.4934965,,,,2,2023-06-19T16:58:45+00:00
SAO_2765-10,São Paulo,3550308,True,,32913,,,-23.49302575,-46.493033749999995,,,,2,2023-06-19T16:58:31+00:00
SAO_2765-10,São Paulo,3550308,True,,32913,,,-23.5081095,-46.535012,,,,2,2023-06-19T16:58:49+00:00
SAO_2765-10,São Paulo,3550308,True,,32913,,,-23.492646999999998,-46.4966055,,,,2,2023-06-19T16:58:26+00:00
SAO_2765-10,São Paulo,3550308,True,,32913,,,-23.49302575,-46.493033749999995,,,,2,2023-06-19T16:58:02+00:00
SAO_2765-10,São Paulo,3550308,True,,32913,,,-23.521452,-46.5467705,,,,2,2023-06-19T16:58:16+00:00
SAO_2765-10,São Paulo,3550308,True,,32913,,,-23.49302575,-46.493033749999995,,,,2,2023-06-19T16:58:23+00:00
SAO_2765-10,São Paulo,3550308,True,,32913,,,-23.504063000000002,-46.515358500000005,,,,2,2023-06-19T16:58:35+00:00
SAO_2765-10,São Paulo,3550308,True,,32913,,,-23.49302575,-46.493033749999995,,,,2,2023-06-19T16:58:40+00:00
SAO_2765-10,São Paulo,3550308,True,,32913,,,-23.492718500000002,-46.494104750000005,,,,2,2023-06-19T16:58:12+00:00
SAO_2765-10,São Paulo,3550308,True,,32913,,,-23.49302575,-46.493033749999995,,,,2,2023-06-19T16:58:15+00:00
SAO_7411-10,São Paulo,3550308,True,,34144,,,-23.57151,-46.6957075,,,,2,2023-06-19T16:58:48+00:00
SAO_7411-10,São Paulo,3550308,True,,34144,,,-23.5477955,-46.633230499999996,,,,2,2023-06-19T16:58:30+00:00
SAO_7411-10,São Paulo,3550308,True,,34144,,,-23.5529145,-46.7319765,,,,2,2023-06-19T16:58:52+00:00
SAO_627J-10,São Paulo,3550308,True,,34824,,,-23.6812385,-46.633822499999994,,,,2,2023-06-19T16:58:51+00:00
SAO_627J-10,São Paulo,3550308,True,,34824,,,-23.68177525,-46.63360275,,,,2,2023-06-19T16:58:41+00:00
SAO_627J-10,São Paulo,3550308,True,,34824,,,-23.6242715,-46.64021975,,,,2,2023-06-19T16:58:53+00:00
SAO_627J-10,São Paulo,3550308,True,,34824,,,-23.632468250000002,-46.645695,,,,2,2023-06-19T16:58:30+00:00
SAO_627J-10,São Paulo,3550308,True,,34824,,,-23.6781795,-46.639712,,,,2,2023-06-19T16:58:31+00:00
SAO_627J-10,São Paulo,3550308,True,,34824,,,-23.6679715,-46.636271,,,,2,2023-06-19T16:58:52+00:00
SAO_627J-10,São Paulo,3550308,True,,34824,,,-23.6816855,-46.633838,,,,2,2023-06-19T16:58:25+00:00
SAO_3734-10,São Paulo,3550308,True,,33802,,,-23.55703325,-46.474702750000006,,,,2,2023-06-19T16:58:15+00:00
SAO_3734-10,São Paulo,3550308,True,,33802,,,-23.552827,-46.472971,,,,2,2023-06-19T16:58:51+00:00
SAO_3734-10,São Paulo,3550308,True,,33802,,,-23.551207124999998,-46.479697625,,,,2,2023-06-19T16:58:18+00:00
SAO_3734-10,São Paulo,3550308,True,,33802,,,-23.552827,-46.472971,,,,2,2023-06-19T16:58:29+00:00
SAO_107T-10,São Paulo,3550308,True,,33389,,,-23.4810725,-46.603761500000005,,,,2,2023-06-19T16:58:28+00:00
SAO_107T-10,São Paulo,3550308,True,,33389,,,-23.559352,-46.661511374999996,,,,2,2023-06-19T16:58:46+00:00
SAO_107T-10,São Paulo,3550308,True,,33389,,,-23.506921,-46.62476025,,,,2,2023-06-19T16:58:46+00:00
SAO_107T-10,São Paulo,3550308,True,,33389,,,-23.567396,-46.693931,,,,2,2023-06-19T16:58:11+00:00
SAO_107T-10,São Paulo,3550308,True,,33389,,,-23.5007705,-46.615471,,,,2,2023-06-19T16:58:12+00:00
SAO_107T-10,São Paulo,3550308,True,,33389,,,-23.4810725,-46.603761500000005,,,,2,2023-06-19T16:58:52+00:00
SAO_107T-10,São Paulo,3550308,True,,33389,,,-23.571012375,-46.673677250000004,,,,2,2023-06-19T16:58:47+00:00
SAO_107T-10,São Paulo,3550308,True,,33389,,,-23.5474995,-46.640241,,,,2,2023-06-19T16:58:42+00:00
SAO_107T-10,São Paulo,3550308,True,,33389,,,-23.4810725,-46.603761500000005,,,,2,2023-06-19T16:58:45+00:00
SAO_107T-10,São Paulo,3550308,True,,33389,,,-23.481503500000002,-46.60353,,,,2,2023-06-19T16:58:11+00:00
SAO_107T-10,São Paulo,3550308,True,,33389,,,-23.480465000000002,-46.6064045,,,,2,2023-06-19T16:58:23+00:00
SAO_7040-10,São Paulo,3550308,True,,33544,,,-23.6236665,-46.7280325,,,,2,2023-06-19T16:58:21+00:00
SAO_7040-10,São Paulo,3550308,True,,33544,,,-23.623783500000002,-46.727943999999994,,,,2,2023-06-19T16:58:49+00:00
SAO_7040-10,São Paulo,3550308,True,,33544,,,-23.564864749999998,-46.69365725,,,,2,2023-06-19T16:58:14+00:00
SAO_7040-10,São Paulo,3550308,True,,33544,,,-23.623910000000002,-46.727845,,,,2,2023-06-19T16:57:23+00:00
SAO_7040-10,São Paulo,3550308,True,,33544,,,-23.624252,-46.727573,,,,2,2023-06-19T16:58:53+00:00
SAO_7040-10,São Paulo,3550308,True,,33544,,,-23.565354999999997,-46.693373,,,,2,2023-06-19T16:58:20+00:00
SAO_7040-10,São Paulo,3550308,True,,33544,,,-23.623910000000002,-46.727845,,,,2,2023-06-19T16:58:49+00:00
SAO_7040-10,São Paulo,3550308,True,,33544,,,-23.6029725,-46.712074,,,,2,2023-06-19T16:58:17+00:00
SAO_7040-10,São Paulo,3550308,True,,33544,,,-23.565354999999997,-46.693373,,,,2,2023-06-19T16:58:27+00:00
SAO_7040-10,São Paulo,3550308,True,,33544,,,-23.623484249999997,-46.728172,,,,2,2023-06-19T16:58:44+00:00
SAO_6026-10,São Paulo,3550308,True,,87,,,-23.65080475,-46.70303475,,,,1,2023-06-19T16:58:54+00:00
SAO_6026-10,São Paulo,3550308,True,,87,,,-23.748356,-46.703650999999994,,,,1,2023-06-19T16:58:26+00:00
SAO_6026-10,São Paulo,3550308,True,,87,,,-23.74114,-46.70809,,,,1,2023-06-19T16:58:20+00:00
SAO_6026-10,São Paulo,3550308,True,,87,,,-23.705616499999998,-46.688542999999996,,,,1,2023-06-19T16:58:31+00:00
SAO_6026-10,São Paulo,3550308,True,,87,,,-23.6541535,-46.7114125,,,,1,2023-06-19T16:58:54+00:00
SAO_6015-10,São Paulo,3550308,True,,33973,,,-23.6806355,-46.7655585,,,,2,2023-06-19T16:58:37+00:00
SAO_6015-10,São Paulo,3550308,True,,33973,,,-23.726268,-46.786263,,,,2,2023-06-19T16:58:32+00:00
SAO_6015-10,São Paulo,3550308,True,,33973,,,-23.7312905,-46.7859135,,,,2,2023-06-19T16:58:36+00:00
SAO_6015-10,São Paulo,3550308,True,,33973,,,-23.6905325,-46.774566500000006,,,,2,2023-06-19T16:58:11+00:00
SAO_6015-10,São Paulo,3550308,True,,33973,,,-23.665739000000002,-46.712919,,,,2,2023-06-19T16:58:48+00:00
SAO_6015-10,São Paulo,3550308,True,,33973,,,-23.6758235,-46.753040999999996,,,,2,2023-06-19T16:58:40+00:00
SAO_6015-10,São Paulo,3550308,True,,33973,,,-23.65238925,-46.70869825,,,,2,2023-06-19T16:58:23+00:00
SAO_3010-10,São Paulo,3550308,True,,2543,,,-23.515252500000003,-46.4552555,,,,1,2023-06-19T16:58:46+00:00
SAO_3010-10,São Paulo,3550308,True,,2543,,,-23.510495499999998,-46.4462745,,,,1,2023-06-19T16:58:09+00:00
SAO_3010-10,São Paulo,3550308,True,,2543,,,-23.510495499999998,-46.4462745,,,,1,2023-06-19T16:58:39+00:00
SAO_2010-10,São Paulo,3550308,True,,34872,,,-23.477338,-46.564298,,,,2,2023-06-19T16:58:41+00:00
SAO_2010-10,São Paulo,3550308,True,,34872,,,-23.482486,-46.565788999999995,,,,2,2023-06-19T16:56:09+00:00
SAO_2010-10,São Paulo,3550308,True,,34872,,,-23.4988125,-46.599874,,,,2,2023-06-19T16:58:11+00:00
SAO_2010-10,São Paulo,3550308,True,,34872,,,-23.51374825,-46.6249465,,,,2,2023-06-19T16:58:34+00:00
SAO_2010-10,São Paulo,3550308,True,,34872,,,-23.477516625,-46.564321375,,,,2,2023-06-19T16:58:44+00:00
SAO_6069-10,São Paulo,3550308,True,,1154,,,-23.653890625,-46.71154075,,,,1,2023-06-19T16:58:40+00:00
SAO_6069-10,São Paulo,3550308,True,,1154,,,-23.746251,-46.695127,,,,1,2023-06-19T16:58:29+00:00
SAO_6069-10,São Paulo,3550308,True,,1154,,,-23.69827325,-46.70106925,,,,1,2023-06-19T16:58:52+00:00
SAO_6069-10,São Paulo,3550308,True,,1154,,,-23.747792,-46.708254499999995,,,,1,2023-06-19T16:58:21+00:00
SAO_9014-10,São Paulo,3550308,True,,34193,,,-23.490594,-46.6973195,,,,2,2023-06-19T16:58:54+00:00
SAO_9014-10,São Paulo,3550308,True,,34193,,,-23.473639,-46.707848,,,,2,2023-06-19T16:58:50+00:00
SAO_9014-10,São Paulo,3550308,True,,34193,,,-23.501903249999998,-46.686383500000005,,,,2,2023-06-19T16:58:09+00:00
SAO_9014-10,São Paulo,3550308,True,,34193,,,-23.4739335,-46.7078185,,,,2,2023-06-19T16:58:49+00:00
SAO_8548-10,São Paulo,3550308,True,EMTU,578,https://moovitapp.com/index/pt-br/transporte_p%C3%BAblico-line-578-Sao_Paulo-242-2038937-36419568-0,5.4,-23.519864499999997,-46.700969,,,,1,2023-06-19T16:58:16+00:00
SAO_8548-10,São Paulo,3550308,True,EMTU,578,https://moovitapp.com/index/pt-br/transporte_p%C3%BAblico-line-578-Sao_Paulo-242-2038937-36419568-0,5.4,-23.449666999999998,-46.700716,,,,1,2023-06-19T16:58:25+00:00
SAO_8013-10,São Paulo,3550308,True,,800,,,-23.4314335625,-46.786947874999996,,,,1,2023-06-19T16:58:41+00:00
SAO_8013-10,São Paulo,3550308,True,,800,,,-23.516848250000002,-46.7258985,,,,1,2023-06-19T16:58:13+00:00
SAO_8013-10,São Paulo,3550308,True,,800,,,-23.431413,-46.7872125,,,,1,2023-06-19T16:58:48+00:00
SAO_8013-10,São Paulo,3550308,True,,800,,,-23.431413,-46.7872125,,,,1,2023-06-19T16:58:26+00:00
SAO_8013-10,São Paulo,3550308,True,,800,,,-23.4668695,-46.778234499999996,,,,1,2023-06-19T16:58:35+00:00
SAO_8013-10,São Paulo,3550308,True,,800,,,-23.431413,-46.7872125,,,,1,2023-06-19T16:58:48+00:00
SAO_8013-10,São Paulo,3550308,True,,800,,,-23.431413,-46.7872125,,,,1,2023-06-19T16:58:51+00:00
SAO_8013-10,São Paulo,3550308,True,,800,,,-23.51642475,-46.7260215,,,,1,2023-06-19T16:58:17+00:00
SAO_8013-10,São Paulo,3550308,True,,800,,,-23.4932735,-46.76559575,,,,1,2023-06-19T16:58:26+00:00
SAO_8013-10,São Paulo,3550308,True,,800,,,-23.44857575,-46.787493874999996,,,,1,2023-06-19T16:58:10+00:00
SAO_8006-10,São Paulo,3550308,True,,1256,,,-23.4621025,-46.7208825,,,,1,2023-06-19T16:58:48+00:00
SAO_8006-10,São Paulo,3550308,True,,1256,,,-23.4325535,-46.72980325,,,,1,2023-06-19T16:58:44+00:00
SAO_3721-10,São Paulo,3550308,True,,33787,,,-23.566587,-46.493535,,,,2,2023-06-19T16:58:38+00:00
SAO_3721-10,São Paulo,3550308,True,,33787,,,-23.563519,-46.5054075,,,,2,2023-06-19T16:58:12+00:00
SAO_3721-10,São Paulo,3550308,True,,33787,,,-23.5634105,-46.5054495,,,,2,2023-06-19T16:58:23+00:00
SAO_3721-10,São Paulo,3550308,True,,33787,,,-23.547622500000003,-46.481944,,,,2,2023-06-19T16:58:44+00:00
SAO_7272-10,São Paulo,3550308,True,,34101,,,-23.53931525,-46.690736,,,,2,2023-06-19T16:58:51+00:00
SAO_7272-10,São Paulo,3550308,True,,34101,,,-23.5457705,-46.638588999999996,,,,2,2023-06-19T16:58:46+00:00
SAO_7272-10,São Paulo,3550308,True,,34101,,,-23.520992749999998,-46.699836,,,,2,2023-06-19T16:58:28+00:00
SAO_5185-10,São Paulo,3550308,True,,1308,,,-23.6677405,-46.73030275,,,,1,2023-06-19T16:58:23+00:00
SAO_5185-10,São Paulo,3550308,True,,1308,,,-23.6677575,-46.7351975,,,,1,2023-06-19T16:58:21+00:00
SAO_5185-10,São Paulo,3550308,True,,1308,,,-23.5975565,-46.650589,,,,1,2023-06-19T16:58:43+00:00
SAO_5185-10,São Paulo,3550308,True,,1308,,,-23.6677575,-46.7351975,,,,1,2023-06-19T16:58:41+00:00
SAO_5185-10,São Paulo,3550308,True,,1308,,,-23.6677575,-46.7351975,,,,1,2023-06-19T16:58:11+00:00
SAO_5185-10,São Paulo,3550308,True,,1308,,,-23.653242,-46.688984000000005,,,,1,2023-06-19T16:58:46+00:00
SAO_5185-10,São Paulo,3550308,True,,1308,,,-23.569668,-46.6509615,,,,1,2023-06-19T16:58:50+00:00
SAO_5185-10,São Paulo,3550308,True,,1308,,,-23.546979,-46.63057,,,,1,2023-06-19T16:58:23+00:00
SAO_5185-10,São Paulo,3550308,True,,1308,,,-23.6677575,-46.7351975,,,,1,2023-06-19T16:58:46+00:00
SAO_6012-10,São Paulo,3550308,True,,33972,,,-23.66945775,-46.736089750000005,,,,2,2023-06-19T16:58:54+00:00
SAO_6012-10,São Paulo,3550308,True,,33972,,,-23.6869815,-46.7875065,,,,2,2023-06-19T16:58:33+00:00
SAO_6012-10,São Paulo,3550308,True,,33972,,,-23.687113,-46.787214000000006,,,,2,2023-06-19T16:58:13+00:00
SAO_2435-10,São Paulo,3550308,True,,32978,,,-23.5289775,-46.4795655,,,,2,2023-06-19T16:58:39+00:00
SAO_2435-10,São Paulo,3550308,True,,32978,,,-23.523797000000002,-46.510464,,,,2,2023-06-19T16:54:42+00:00
SAO_3029-10,São Paulo,3550308,True,,966,,,-23.585262999999998,-46.506369500000005,,,,1,2023-06-19T16:58:32+00:00
SAO_3029-10,São Paulo,3550308,True,,966,,,-23.585262999999998,-46.506369500000005,,,,1,2023-06-19T16:58:30+00:00
SAO_3029-10,São Paulo,3550308,True,,966,,,-23.58246175,-46.50971375,,,,1,2023-06-19T16:58:11+00:00
SAO_3029-10,São Paulo,3550308,True,,966,,,-23.585262999999998,-46.506369500000005,,,,1,2023-06-19T16:58:39+00:00
SAO_3029-10,São Paulo,3550308,True,,966,,,-23.541631,-46.556836374999996,,,,1,2023-06-19T16:56:08+00:00
SAO_3029-10,São Paulo,3550308,True,,966,,,-23.585262999999998,-46.506369500000005,,,,1,2023-06-19T16:58:35+00:00
SAO_3029-10,São Paulo,3550308,True,,966,,,-23.541484500000003,-46.578182,,,,1,2023-06-19T16:58:50+00:00
SAO_3029-10,São Paulo,3550308,True,,966,,,-23.585262999999998,-46.506369500000005,,,,1,2023-06-19T16:58:25+00:00
SAO_3029-10,São Paulo,3550308,True,,966,,,-23.548434999999998,-46.54091875,,,,1,2023-06-19T16:58:19+00:00
SAO_3029-10,São Paulo,3550308,True,,966,,,-23.562294374999997,-46.541846375000006,,,,1,2023-06-19T16:58:26+00:00
SAO_8003-10,São Paulo,3550308,True,,1253,,,-23.518444000000002,-46.753147125,,,,1,2023-06-19T16:58:42+00:00
SAO_3019-10,São Paulo,3550308,True,,33725,,,-23.5781215,-46.404537,,,,2,2023-06-19T16:58:25+00:00
SAO_3019-10,São Paulo,3550308,True,,33725,,,-23.582577,-46.408426,,,,2,2023-06-19T16:58:44+00:00
SAO_6044-10,São Paulo,3550308,True,,1221,,,-23.660522999999998,-46.768356499999996,,,,1,2023-06-19T16:58:52+00:00
SAO_6044-10,São Paulo,3550308,True,,1221,,,-23.675129249999998,-46.78836575,,,,1,2023-06-19T16:58:55+00:00
SAO_6044-10,São Paulo,3550308,True,,1221,,,-23.649115000000002,-46.752907,,,,1,2023-06-19T16:58:54+00:00
SAO_6044-10,São Paulo,3550308,True,,1221,,,-23.638214499999997,-46.717961375,,,,1,2023-06-19T16:58:37+00:00
SAO_6044-10,São Paulo,3550308,True,,1221,,,-23.676944,-46.7986715,,,,1,2023-06-19T16:58:14+00:00
SAO_6044-10,São Paulo,3550308,True,,1221,,,-23.676375,-46.798244,,,,1,2023-06-19T16:58:27+00:00
SAO_6403-10,São Paulo,3550308,True,,32826,,,-23.5927775,-46.694835,,,,2,2023-06-19T16:58:52+00:00
SAO_6403-10,São Paulo,3550308,True,,32826,,,-23.552871,-46.647738000000004,,,,2,2023-06-19T16:58:44+00:00
SAO_5178-10,São Paulo,3550308,True,,33363,,,-23.5535275,-46.6356375,,,,2,2023-06-19T16:58:33+00:00
SAO_5178-10,São Paulo,3550308,True,,33363,,,-23.596609,-46.65099325,,,,2,2023-06-19T16:58:26+00:00
SAO_5178-10,São Paulo,3550308,True,,33363,,,-23.682364,-46.642647999999994,,,,2,2023-06-19T16:55:34+00:00
SAO_5178-10,São Paulo,3550308,True,,33363,,,-23.6817,-46.6375505,,,,2,2023-06-19T16:58:43+00:00
SAO_5178-10,São Paulo,3550308,True,,33363,,,-23.55340175,-46.634876,,,,2,2023-06-19T16:58:34+00:00
SAO_5178-10,São Paulo,3550308,True,,33363,,,-23.565850625,-46.647883750000005,,,,2,2023-06-19T16:58:49+00:00
SAO_5178-10,São Paulo,3550308,True,,33363,,,-23.66534325,-46.65824125,,,,2,2023-06-19T16:58:25+00:00
SAO_5178-10,São Paulo,3550308,True,,33363,,,-23.616398500000003,-46.66089825,,,,2,2023-06-19T16:58:28+00:00
SAO_5178-10,São Paulo,3550308,True,,33363,,,-23.680696750000003,-46.6405025,,,,2,2023-06-19T16:54:34+00:00
SAO_775F-31,São Paulo,3550308,True,,2488,,,-23.6229075,-46.7450245,,,,1,2023-06-19T16:58:13+00:00
SAO_775F-31,São Paulo,3550308,True,,2488,,,-23.6254505,-46.7479555,,,,1,2023-06-19T16:58:27+00:00
SAO_775F-31,São Paulo,3550308,True,,2488,,,-23.614403250000002,-46.7312545,,,,1,2023-06-19T16:58:53+00:00
SAO_775F-31,São Paulo,3550308,True,,2488,,,-23.6254505,-46.7479555,,,,1,2023-06-19T16:58:35+00:00
SAO_775F-31,São Paulo,3550308,True,,2488,,,-23.6254505,-46.7479555,,,,1,2023-06-19T16:58:46+00:00
SAO_775F-31,São Paulo,3550308,True,,2488,,,-23.6254505,-46.7479555,,,,1,2023-06-19T16:58:35+00:00
SAO_809J-10,São Paulo,3550308,True,,2066,,,-23.587162874999997,-46.7239195,,,,1,2023-06-19T16:58:38+00:00
SAO_477A-10,São Paulo,3550308,True,EMTU,346,https://moovitapp.com/index/pt-br/transporte_p%C3%BAblico-line-346-Sao_Paulo-242-2038937-36419429-0,6.3,-23.578443,-46.62550675,,,,1,2023-06-19T16:58:51+00:00
SAO_477A-10,São Paulo,3550308,True,EMTU,346,https://moovitapp.com/index/pt-br/transporte_p%C3%BAblico-line-346-Sao_Paulo-242-2038937-36419429-0,6.3,-23.57539775,-46.657210750000004,,,,1,2023-06-19T16:58:31+00:00
SAO_477A-10,São Paulo,3550308,True,EMTU,346,https://moovitapp.com/index/pt-br/transporte_p%C3%BAblico-line-346-Sao_Paulo-242-2038937-36419429-0,6.3,-23.60439075,-46.60359,,,,1,2023-06-19T16:58:17+00:00
SAO_477A-10,São Paulo,3550308,True,EMTU,346,https://moovitapp.com/index/pt-br/transporte_p%C3%BAblico-line-346-Sao_Paulo-242-2038937-36419429-0,6.3,-23.564442999999997,-46.6212785,,,,1,2023-06-19T16:58:45+00:00
SAO_477A-10,São Paulo,3550308,True,EMTU,346,https://moovitapp.com/index/pt-br/transporte_p%C3%BAblico-line-346-Sao_Paulo-242-2038937-36419429-0,6.3,-23.601137625,-46.60160225,,,,1,2023-06-19T16:58:22+00:00
SAO_477A-10,São Paulo,3550308,True,EMTU,346,https://moovitapp.com/index/pt-br/transporte_p%C3%BAblico-line-346-Sao_Paulo-242-2038937-36419429-0,6.3,-23.565896,-46.7011235,,,,1,2023-06-19T16:58:46+00:00
SAO_477A-10,São Paulo,3550308,True,EMTU,346,https://moovitapp.com/index/pt-br/transporte_p%C3%BAblico-line-346-Sao_Paulo-242-2038937-36419429-0,6.3,-23.603185,-46.6040785,,,,1,2023-06-19T16:58:19+00:00
SAO_4056-10,São Paulo,3550308,True,,2237,,,-23.604975,-46.463182,,,,1,2023-06-19T16:58:11+00:00
SAO_4056-10,São Paulo,3550308,True,,2237,,,-23.607075000000002,-46.4513815,,,,1,2023-06-19T16:57:06+00:00
SAO_4056-10,São Paulo,3550308,True,,2237,,,-23.607075000000002,-46.4513815,,,,1,2023-06-19T16:58:25+00:00
SAO_4056-10,São Paulo,3550308,True,,2237,,,-23.607075000000002,-46.4513815,,,,1,2023-06-19T16:58:35+00:00
SAO_5020-10,São Paulo,3550308,True,,34438,,,-23.5991805,-46.6005705,,,,2,2023-06-19T16:58:33+00:00
SAO_5020-10,São Paulo,3550308,True,,34438,,,-23.610409500000003,-46.593145750000005,,,,2,2023-06-19T16:58:11+00:00
SAO_5020-10,São Paulo,3550308,True,,34438,,,-23.610409500000003,-46.593145750000005,,,,2,2023-06-19T16:58:33+00:00
SAO_5020-10,São Paulo,3550308,True,,34438,,,-23.6102245,-46.59347325,,,,2,2023-06-19T16:58:33+00:00
SAO_2730-10,São Paulo,3550308,True,Urubupungá,945,https://moovitapp.com/index/pt-br/transporte_p%C3%BAblico-line-945-Sao_Paulo-242-873835-75841138-0,4.6,-23.510564000000002,-46.447309000000004,,,,1,2023-06-19T16:58:37+00:00
SAO_2730-10,São Paulo,3550308,True,Urubupungá,945,https://moovitapp.com/index/pt-br/transporte_p%C3%BAblico-line-945-Sao_Paulo-242-873835-75841138-0,4.6,-23.514512,-46.462617,,,,1,2023-06-19T16:58:21+00:00
SAO_2730-10,São Paulo,3550308,True,Urubupungá,945,https://moovitapp.com/index/pt-br/transporte_p%C3%BAblico-line-945-Sao_Paulo-242-873835-75841138-0,4.6,-23.540062499999998,-46.482594375,,,,1,2023-06-19T16:58:38+00:00
SAO_2730-10,São Paulo,3550308,True,Urubupungá,945,https://moovitapp.com/index/pt-br/transporte_p%C3%BAblico-line-945-Sao_Paulo-242-873835-75841138-0,4.6,-23.5231775,-46.471551500000004,,,,1,2023-06-19T16:58:16+00:00
SAO_2730-10,São Paulo,3550308,True,Urubupungá,945,https://moovitapp.com/index/pt-br/transporte_p%C3%BAblico-line-945-Sao_Paulo-242-873835-75841138-0,4.6,-23.510564000000002,-46.447309000000004,,,,1,2023-06-19T16:58:50+00:00
SAO_2730-10,São Paulo,3550308,True,Urubupungá,945,https://moovitapp.com/index/pt-br/transporte_p%C3%BAblico-line-945-Sao_Paulo-242-873835-75841138-0,4.6,-23.510564000000002,-46.447309000000004,,,,1,2023-06-19T16:58:22+00:00
SAO_2730-10,São Paulo,3550308,True,Urubupungá,945,https://moovitapp.com/index/pt-br/transporte_p%C3%BAblico-line-945-Sao_Paulo-242-873835-75841138-0,4.6,-23.503726874999998,-46.4522575,,,,1,2023-06-19T16:58:26+00:00
SAO_7049-10,São Paulo,3550308,True,,34680,,,-23.711143749999998,-46.778219750000005,,,,2,2023-06-19T16:58:19+00:00
SAO_7049-10,São Paulo,3550308,True,,34680,,,-23.711669999999998,-46.7821035,,,,2,2023-06-19T16:58:34+00:00
SAO_7049-10,São Paulo,3550308,True,,34680,,,-23.7115665,-46.7780305,,,,2,2023-06-19T16:58:44+00:00
SAO_7049-10,São Paulo,3550308,True,,34680,,,-23.711143749999998,-46.778219750000005,,,,2,2023-06-19T16:58:14+00:00
SAO_7049-10,São Paulo,3550308,True,,34680,,,-23.662982999999997,-46.781144,,,,2,2023-06-19T16:58:34+00:00
SAO_7049-10,São Paulo,3550308,True,,34680,,,-23.7116535,-46.777972,,,,2,2023-06-19T16:58:12+00:00
SAO_7049-10,São Paulo,3550308,True,,34680,,,-23.711614,-46.7822575,,,,2,2023-06-19T16:58:21+00:00
SAO_7049-10,São Paulo,3550308,True,,34680,,,-23.71138725,-46.77812725,,,,2,2023-06-19T16:58:22+00:00
SAO_938C-10,São Paulo,3550308,True,,586,,,-23.4896185,-46.7172165,,,,1,2023-06-19T16:58:36+00:00
SAO_938C-10,São Paulo,3550308,True,,586,,,-23.530067375,-46.66720975,,,,1,2023-06-19T16:58:46+00:00
SAO_971T-10,São Paulo,3550308,True,,618,,,-23.499176,-46.6375395,,,,1,2023-06-19T16:58:37+00:00
SAO_971T-10,São Paulo,3550308,True,,618,,,-23.493351249999996,-46.675582250000005,,,,1,2023-06-19T16:58:49+00:00
SAO_971T-10,São Paulo,3550308,True,,618,,,-23.502011500000002,-46.625002499999994,,,,1,2023-06-19T16:58:16+00:00
SAO_971T-10,São Paulo,3550308,True,,618,,,-23.493351249999996,-46.675582250000005,,,,1,2023-06-19T16:58:22+00:00
SAO_2522-10,São Paulo,3550308,True,,32908,,,-23.534503,-46.453302,,,,2,2023-06-19T16:58:52+00:00
SAO_2522-10,São Paulo,3550308,True,,32908,,,-23.5163075,-46.426933,,,,2,2023-06-19T16:58:48+00:00
SAO_2522-10,São Paulo,3550308,True,,32908,,,-23.516551999999997,-46.426590250000004,,,,2,2023-06-19T16:58:22+00:00
SAO_8040-10,São Paulo,3550308,True,,406,,,-23.4903205,-46.7672805,,,,1,2023-06-19T16:58:36+00:00
SAO_8040-10,São Paulo,3550308,True,,406,,,-23.439498999999998,-46.760326,,,,1,2023-06-19T16:58:37+00:00
SAO_8040-10,São Paulo,3550308,True,,406,,,-23.525233125,-46.71046925,,,,1,2023-06-19T16:58:34+00:00
SAO_1738-10,São Paulo,3550308,True,,33440,,,-23.4736905,-46.58086,,,,2,2023-06-19T16:58:13+00:00
SAO_1738-10,São Paulo,3550308,True,,33440,,,-23.4735475,-46.581099,,,,2,2023-06-19T16:58:54+00:00
SAO_1738-10,São Paulo,3550308,True,,33440,,,-23.472905,-46.5817365,,,,2,2023-06-19T16:56:48+00:00
SAO_1738-10,São Paulo,3550308,True,,33440,,,-23.485858,-46.6047945,,,,2,2023-06-19T16:57:34+00:00
SAO_2710-31,São Paulo,3550308,True,,1654,,,-23.51642825,-46.483667499999996,,,,1,2023-06-19T16:58:15+00:00
SAO_675L-10,São Paulo,3550308,True,,1478,,,-23.59716,-46.64210875,,,,1,2023-06-19T16:58:08+00:00
SAO_675L-10,São Paulo,3550308,True,,1478,,,-23.653993,-46.710736499999996,,,,1,2023-06-19T16:58:48+00:00
SAO_675L-10,São Paulo,3550308,True,,1478,,,-23.653993,-46.710736499999996,,,,1,2023-06-19T16:58:17+00:00
SAO_675L-10,São Paulo,3550308,True,,1478,,,-23.653993,-46.710736499999996,,,,1,2023-06-19T16:58:50+00:00
SAO_675L-10,São Paulo,3550308,True,,1478,,,-23.653993,-46.710736499999996,,,,1,2023-06-19T16:58:28+00:00
SAO_8055-51,São Paulo,3550308,True,EMTU,417,https://moovitapp.com/index/pt-br/transporte_p%C3%BAblico-line-417-Sao_Paulo-242-2038937-36419474-0,5.2,-23.4091245,-46.7414195,,,,1,2023-06-19T16:58:31+00:00
SAO_8055-51,São Paulo,3550308,True,EMTU,417,https://moovitapp.com/index/pt-br/transporte_p%C3%BAblico-line-417-Sao_Paulo-242-2038937-36419474-0,5.2,-23.524967875,-46.693884749999995,,,,1,2023-06-19T16:58:42+00:00
SAO_8055-51,São Paulo,3550308,True,EMTU,417,https://moovitapp.com/index/pt-br/transporte_p%C3%BAblico-line-417-Sao_Paulo-242-2038937-36419474-0,5.2,-23.417248,-46.78211775,,,,1,2023-06-19T16:58:10+00:00
SAO_8055-51,São Paulo,3550308,True,EMTU,417,https://moovitapp.com/index/pt-br/transporte_p%C3%BAblico-line-417-Sao_Paulo-242-2038937-36419474-0,5.2,-23.4090675,-46.735619,,,,1,2023-06-19T16:58:55+00:00
SAO_8001-10,São Paulo,3550308,True,,1251,,,-23.51290825,-46.727011625,,,,1,2023-06-19T16:58:45+00:00
SAO_8001-10,São Paulo,3550308,True,,1251,,,-23.502264,-46.76104,,,,1,2023-06-19T16:58:23+00:00
SAO_8001-10,São Paulo,3550308,True,,1251,,,-23.5021825,-46.760690499999995,,,,1,2023-06-19T16:58:45+00:00
SAO_4035-10,São Paulo,3550308,True,,35328,,,-23.5591695,-46.3996545,,,,2,2023-06-19T16:58:49+00:00
SAO_4035-10,São Paulo,3550308,True,,35328,,,-23.545739,-46.403975,,,,2,2023-06-19T16:58:29+00:00
SAO_4035-10,São Paulo,3550308,True,,35328,,,-23.558238,-46.399558999999996,,,,2,2023-06-19T16:58:15+00:00
SAO_4035-10,São Paulo,3550308,True,,35328,,,-23.56378875,-46.42523625,,,,2,2023-06-19T16:58:29+00:00
SAO_2702-10,São Paulo,3550308,True,,33682,,,-23.495196,-46.444438000000005,,,,2,2023-06-19T16:58:25+00:00
SAO_2702-10,São Paulo,3550308,True,,33682,,,-23.498776,-46.4652685,,,,2,2023-06-19T16:57:16+00:00
SAO_2702-10,São Paulo,3550308,True,,33682,,,-23.5314475,-46.473628500000004,,,,2,2023-06-19T16:58:17+00:00
SAO_2702-10,São Paulo,3550308,True,,33682,,,-23.495196,-46.444438000000005,,,,2,2023-06-19T16:58:33+00:00
SAO_6726-10,São Paulo,3550308,True,,33961,,,-23.737220375,-46.69698375,,,,2,2023-06-19T16:58:33+00:00
SAO_6726-10,São Paulo,3550308,True,,33961,,,-23.753051,-46.688569,,,,2,2023-06-19T16:58:44+00:00
SAO_6726-10,São Paulo,3550308,True,,33961,,,-23.735234,-46.695545,,,,2,2023-06-19T16:58:44+00:00
SAO_6726-10,São Paulo,3550308,True,,33961,,,-23.754529499999997,-46.673723499999994,,,,2,2023-06-19T16:58:44+00:00
SAO_6726-10,São Paulo,3550308,True,,33961,,,-23.73479,-46.66230675,,,,2,2023-06-19T16:58:22+00:00
SAO_6726-10,São Paulo,3550308,True,,33961,,,-23.736856875,-46.69666475,,,,2,2023-06-19T16:58:39+00:00
SAO_6726-10,São Paulo,3550308,True,,33961,,,-23.741049,-46.668495,,,,2,2023-06-19T16:58:23+00:00
SAO_4716-10,São Paulo,3550308,True,,33874,,,-23.599436,-46.6383915,,,,2,2023-06-19T16:58:37+00:00
SAO_4716-10,São Paulo,3550308,True,,33874,,,-23.6151055,-46.617372,,,,2,2023-06-19T16:58:38+00:00
SAO_4716-10,São Paulo,3550308,True,,33874,,,-23.601309,-46.602029875,,,,2,2023-06-19T16:58:43+00:00
SAO_4716-10,São Paulo,3550308,True,,33874,,,-23.601309,-46.602029875,,,,2,2023-06-19T16:58:34+00:00
SAO_4716-10,São Paulo,3550308,True,,33874,,,-23.6101855,-46.608565,,,,2,2023-06-19T16:58:48+00:00
SAO_4716-10,São Paulo,3550308,True,,33874,,,-23.60416,-46.636821499999996,,,,2,2023-06-19T16:58:25+00:00
SAO_4716-10,São Paulo,3550308,True,,33874,,,-23.601309,-46.602029875,,,,2,2023-06-19T16:58:41+00:00
SAO_1764-10,São Paulo,3550308,True,,625,,,-23.4704335,-46.61195,,,,1,2023-06-19T16:58:46+00:00
SAO_1764-10,São Paulo,3550308,True,,625,,,-23.425573999999997,-46.581666,,,,1,2023-06-19T16:58:53+00:00
SAO_1764-10,São Paulo,3550308,True,,625,,,-23.449713,-46.5906315,,,,1,2023-06-19T16:58:28+00:00
SAO_1764-10,São Paulo,3550308,True,,625,,,-23.4252735,-46.582019,,,,1,2023-06-19T16:58:20+00:00
SAO_2722-10,São Paulo,3550308,True,Urubupungá,935,https://moovitapp.com/index/pt-br/transporte_p%C3%BAblico-line-935-Sao_Paulo-242-873835-76437456-0,4.6,-23.501373,-46.494032000000004,,,,1,2023-06-19T16:58:46+00:00
SAO_2722-10,São Paulo,3550308,True,Urubupungá,935,https://moovitapp.com/index/pt-br/transporte_p%C3%BAblico-line-935-Sao_Paulo-242-873835-76437456-0,4.6,-23.48815325,-46.504484,,,,1,2023-06-19T16:58:46+00:00
SAO_2722-10,São Paulo,3550308,True,Urubupungá,935,https://moovitapp.com/index/pt-br/transporte_p%C3%BAblico-line-935-Sao_Paulo-242-873835-76437456-0,4.6,-23.495269,-46.497088000000005,,,,1,2023-06-19T16:55:04+00:00
SAO_2722-10,São Paulo,3550308,True,Urubupungá,935,https://moovitapp.com/index/pt-br/transporte_p%C3%BAblico-line-935-Sao_Paulo-242-873835-76437456-0,4.6,-23.5287615,-46.516549499999996,,,,1,2023-06-19T16:58:55+00:00
SAO_2722-10,São Paulo,3550308,True,Urubupungá,935,https://moovitapp.com/index/pt-br/transporte_p%C3%BAblico-line-935-Sao_Paulo-242-873835-76437456-0,4.6,-23.492005,-46.4929725,,,,1,2023-06-19T16:58:20+00:00
SAO_8047-41,São Paulo,3550308,True,,33178,,,-23.547221999999998,-46.690152,,,,2,2023-06-19T16:58:11+00:00
SAO_8047-41,São Paulo,3550308,True,,33178,,,-23.533858,-46.728203,,,,2,2023-06-19T16:58:24+00:00
SAO_8047-41,São Paulo,3550308,True,,33178,,,-23.434162999999998,-46.754868,,,,2,2023-06-19T16:58:51+00:00
SAO_2704-10,São Paulo,3550308,True,,33684,,,-23.539784,-46.4726735,,,,2,2023-06-19T16:56:06+00:00
SAO_2704-10,São Paulo,3550308,True,,33684,,,-23.526239,-46.409855500000006,,,,2,2023-06-19T16:58:29+00:00
SAO_2704-10,São Paulo,3550308,True,,33684,,,-23.521428,-46.412362,,,,2,2023-06-19T16:57:33+00:00
SAO_354M-10,São Paulo,3550308,True,,1619,,,-23.492344,-46.4438215,,,,1,2023-06-19T16:58:39+00:00
SAO_354M-10,São Paulo,3550308,True,,1619,,,-23.613302,-46.4764105,,,,1,2023-06-19T16:58:49+00:00
SAO_354M-10,São Paulo,3550308,True,,1619,,,-23.598574,-46.4668465,,,,1,2023-06-19T16:58:31+00:00
SAO_354M-10,São Paulo,3550308,True,,1619,,,-23.5442815,-46.44775,,,,1,2023-06-19T16:56:28+00:00
SAO_669A-10,São Paulo,3550308,True,,4,,,-23.55002025,-46.65390725,,,,1,2023-06-19T16:58:44+00:00
SAO_669A-10,São Paulo,3550308,True,,4,,,-23.654157,-46.7105825,,,,1,2023-06-19T16:58:12+00:00
SAO_669A-10,São Paulo,3550308,True,,4,,,-23.574493500000003,-46.656222,,,,1,2023-06-19T16:58:49+00:00
SAO_669A-10,São Paulo,3550308,True,,4,,,-23.538771750000002,-46.645590999999996,,,,1,2023-06-19T16:58:53+00:00
SAO_669A-10,São Paulo,3550308,True,,4,,,-23.598170500000002,-46.673848,,,,1,2023-06-19T16:58:56+00:00
SAO_669A-10,São Paulo,3550308,True,,4,,,-23.654157,-46.7105825,,,,1,2023-06-19T16:58:14+00:00
SAO_669A-10,São Paulo,3550308,True,,4,,,-23.651411375,-46.705074374999995,,,,1,2023-06-19T16:58:25+00:00
SAO_5034-10,São Paulo,3550308,True,,34431,,,-23.652486500000002,-46.601986999999994,,,,2,2023-06-19T16:58:11+00:00
SAO_5034-10,São Paulo,3550308,True,,34431,,,-23.6458375,-46.595191,,,,2,2023-06-19T16:58:46+00:00
SAO_5034-10,São Paulo,3550308,True,,34431,,,-23.605823,-46.5994735,,,,2,2023-06-19T16:58:49+00:00
SAO_6056-10,São Paulo,3550308,True,,1147,,,-23.7632635,-46.697452,,,,1,2023-06-19T16:58:49+00:00
SAO_6056-10,São Paulo,3550308,True,,1147,,,-23.737235,-46.6976205,,,,1,2023-06-19T16:58:47+00:00
SAO_6056-10,São Paulo,3550308,True,,1147,,,-23.765220499999998,-46.702250500000005,,,,1,2023-06-19T16:58:16+00:00
SAO_6056-10,São Paulo,3550308,True,,1147,,,-23.757558500000002,-46.708102,,,,1,2023-06-19T16:58:39+00:00
SAO_5029-10,São Paulo,3550308,True,,34440,,,-23.6284755,-46.5863025,,,,2,2023-06-19T16:58:36+00:00
SAO_5029-10,São Paulo,3550308,True,,34440,,,-23.628492,-46.5859155,,,,2,2023-06-19T16:58:18+00:00
SAO_5029-10,São Paulo,3550308,True,,34440,,,-23.6029185,-46.6023305,,,,2,2023-06-19T16:58:52+00:00
SAO_5029-10,São Paulo,3550308,True,,34440,,,-23.620673,-46.5960345,,,,2,2023-06-19T16:58:46+00:00
SAO_5029-10,São Paulo,3550308,True,,34440,,,-23.628492,-46.5859155,,,,2,2023-06-19T16:58:54+00:00
SAO_3903-10,São Paulo,3550308,True,,1471,,,-23.5278585,-46.4650835,,,,1,2023-06-19T16:58:11+00:00
SAO_8707-10,São Paulo,3550308,True,,2064,,,-23.574626000000002,-46.727952,,,,1,2023-06-19T16:58:26+00:00
SAO_8707-10,São Paulo,3550308,True,,2064,,,-23.5760475,-46.764449,,,,1,2023-06-19T16:58:31+00:00
SAO_8707-10,São Paulo,3550308,True,,2064,,,-23.547722,-46.641317,,,,1,2023-06-19T16:58:36+00:00
SAO_8707-10,São Paulo,3550308,True,,2064,,,-23.580711,-46.762665,,,,1,2023-06-19T16:58:56+00:00
SAO_9300-10,São Paulo,3550308,True,EMTU,116,https://moovitapp.com/index/pt-br/transporte_p%C3%BAblico-line-116-Sao_Paulo-242-2038937-36419276-0,12.1,-23.546077500000003,-46.631047,,,,1,2023-06-19T16:58:48+00:00
SAO_9300-10,São Paulo,3550308,True,EMTU,116,https://moovitapp.com/index/pt-br/transporte_p%C3%BAblico-line-116-Sao_Paulo-242-2038937-36419276-0,12.1,-23.4959565,-46.6621375,,,,1,2023-06-19T16:58:31+00:00
SAO_9300-10,São Paulo,3550308,True,EMTU,116,https://moovitapp.com/index/pt-br/transporte_p%C3%BAblico-line-116-Sao_Paulo-242-2038937-36419276-0,12.1,-23.535124250000003,-46.64351825,,,,1,2023-06-19T16:58:35+00:00
SAO_9300-10,São Paulo,3550308,True,EMTU,116,https://moovitapp.com/index/pt-br/transporte_p%C3%BAblico-line-116-Sao_Paulo-242-2038937-36419276-0,12.1,-23.509026,-46.6662465,,,,1,2023-06-19T16:58:47+00:00
SAO_8615-10,São Paulo,3550308,True,,1339,,,-23.52611425,-46.6769135,,,,1,2023-06-19T16:58:46+00:00
SAO_8615-10,São Paulo,3550308,True,,1339,,,-23.525005999999998,-46.687366499999996,,,,1,2023-06-19T16:58:53+00:00
SAO_8615-10,São Paulo,3550308,True,,1339,,,-23.5470585,-46.632070999999996,,,,1,2023-06-19T16:58:06+00:00
SAO_8615-10,São Paulo,3550308,True,,1339,,,-23.524821250000002,-46.70234875,,,,1,2023-06-19T16:58:41+00:00
SAO_8615-10,São Paulo,3550308,True,,1339,,,-23.534087625,-46.65517224999999,,,,1,2023-06-19T16:58:32+00:00
SAO_8615-10,São Paulo,3550308,True,,1339,,,-23.536853999999998,-46.724157,,,,1,2023-06-19T16:58:19+00:00
SAO_8615-10,São Paulo,3550308,True,,1339,,,-23.546505,-46.630880000000005,,,,1,2023-06-19T16:58:26+00:00
SAO_8615-10,São Paulo,3550308,True,,1339,,,-23.530177625,-46.728134625,,,,1,2023-06-19T16:58:17+00:00
SAO_4221-10,São Paulo,3550308,True,,33093,,,-23.60887425,-46.514239,,,,2,2023-06-19T16:58:40+00:00
SAO_4221-10,São Paulo,3550308,True,,33093,,,-23.5955965,-46.543063000000004,,,,2,2023-06-19T16:56:30+00:00
SAO_4221-10,São Paulo,3550308,True,,33093,,,-23.60887425,-46.514239,,,,2,2023-06-19T16:58:23+00:00
SAO_4221-10,São Paulo,3550308,True,,33093,,,-23.56710225,-46.603834000000006,,,,2,2023-06-19T16:58:29+00:00
SAO_2076-10,São Paulo,3550308,True,,368,,,-23.519419499999998,-46.547022,,,,1,2023-06-19T16:58:22+00:00
SAO_2076-10,São Paulo,3550308,True,,368,,,-23.4907,-46.484726,,,,1,2023-06-19T16:58:04+00:00
SAO_2076-10,São Paulo,3550308,True,,368,,,-23.4938845,-46.37678150000001,,,,1,2023-06-19T16:58:13+00:00
SAO_2076-10,São Paulo,3550308,True,,368,,,-23.494246,-46.422235125,,,,1,2023-06-19T16:58:16+00:00
SAO_5031-10,São Paulo,3550308,True,,34514,,,-23.6343115,-46.5886045,,,,2,2023-06-19T16:58:15+00:00
SAO_5031-10,São Paulo,3550308,True,,34514,,,-23.63465,-46.590301499999995,,,,2,2023-06-19T16:58:53+00:00
SAO_5031-10,São Paulo,3550308,True,,34514,,,-23.606493,-46.598534,,,,2,2023-06-19T16:58:47+00:00
SAO_5031-10,São Paulo,3550308,True,,34514,,,-23.637068499999998,-46.591771,,,,2,2023-06-19T16:58:18+00:00
SAO_5031-10,São Paulo,3550308,True,,34514,,,-23.636886500000003,-46.591195,,,,2,2023-06-19T16:58:49+00:00
SAO_5031-10,São Paulo,3550308,True,,34514,,,-23.63630825,-46.590938249999994,,,,2,2023-06-19T16:58:25+00:00
SAO_5031-10,São Paulo,3550308,True,,34514,,,-23.6048405,-46.5995415,,,,2,2023-06-19T16:58:39+00:00
SAO_5031-10,São Paulo,3550308,True,,34514,,,-23.610830749999998,-46.59545625,,,,2,2023-06-19T16:58:14+00:00
SAO_5031-10,São Paulo,3550308,True,,34514,,,-23.622293499999998,-46.591708,,,,2,2023-06-19T16:58:18+00:00
SAO_5031-10,São Paulo,3550308,True,,34514,,,-23.61835075,-46.59270825,,,,2,2023-06-19T16:58:51+00:00
SAO_3033-10,São Paulo,3550308,True,,33736,,,-23.575135500000002,-46.416045,,,,2,2023-06-19T16:55:14+00:00
SAO_3033-10,São Paulo,3550308,True,,33736,,,-23.5946735,-46.426711125,,,,2,2023-06-19T16:58:27+00:00
SAO_3033-10,São Paulo,3550308,True,,33736,,,-23.610542,-46.474706499999996,,,,2,2023-06-19T16:58:52+00:00
SAO_3033-10,São Paulo,3550308,True,,33736,,,-23.554381499999998,-46.401443,,,,2,2023-06-19T16:58:47+00:00
SAO_3033-10,São Paulo,3550308,True,,33736,,,-23.5449815,-46.41078,,,,2,2023-06-19T16:57:59+00:00
SAO_3033-10,São Paulo,3550308,True,,33736,,,-23.596052999999998,-46.453267,,,,2,2023-06-19T16:58:31+00:00
SAO_6835-31,São Paulo,3550308,True,,34175,,,-23.684445500000002,-46.7903415,,,,2,2023-06-19T16:58:20+00:00
SAO_6835-31,São Paulo,3550308,True,,34175,,,-23.6884105,-46.800267500000004,,,,2,2023-06-19T16:58:39+00:00
SAO_8215-10,São Paulo,3550308,True,,33342,,,-23.498008874999996,-46.6975575,,,,2,2023-06-19T16:56:19+00:00
SAO_8215-10,São Paulo,3550308,True,,33342,,,-23.461478,-46.7084365,,,,2,2023-06-19T16:58:36+00:00
SAO_8215-10,São Paulo,3550308,True,,33342,,,-23.518121,-46.6670885,,,,2,2023-06-19T16:58:47+00:00
SAO_5129-10,São Paulo,3550308,True,,1281,,,-23.6689235,-46.735557,,,,1,2023-06-19T16:58:12+00:00
SAO_5129-10,São Paulo,3550308,True,,1281,,,-23.676204,-46.6419445,,,,1,2023-06-19T16:58:27+00:00
SAO_5129-10,São Paulo,3550308,True,,1281,,,-23.668476,-46.735507,,,,1,2023-06-19T16:58:27+00:00
SAO_5129-10,São Paulo,3550308,True,,1281,,,-23.669123750000004,-46.7350165,,,,1,2023-06-19T16:58:18+00:00
SAO_5129-10,São Paulo,3550308,True,,1281,,,-23.669023250000002,-46.734721500000006,,,,1,2023-06-19T16:58:12+00:00
SAO_5129-10,São Paulo,3550308,True,,1281,,,-23.669038,-46.735601,,,,1,2023-06-19T16:58:40+00:00
SAO_5129-10,São Paulo,3550308,True,,1281,,,-23.645794,-46.671467,,,,1,2023-06-19T16:58:34+00:00
SAO_6039-10,São Paulo,3550308,True,,1217,,,-23.6779145,-46.7941925,,,,1,2023-06-19T16:58:31+00:00
SAO_6039-10,São Paulo,3550308,True,,1217,,,-23.6860325,-46.8009515,,,,1,2023-06-19T16:58:38+00:00
SAO_6039-10,São Paulo,3550308,True,,1217,,,-23.650333250000003,-46.70932225,,,,1,2023-06-19T16:58:13+00:00
SAO_6039-10,São Paulo,3550308,True,,1217,,,-23.652227250000003,-46.708538,,,,1,2023-06-19T16:58:44+00:00
SAO_6039-10,São Paulo,3550308,True,,1217,,,-23.645789999999998,-46.7465015,,,,1,2023-06-19T16:58:31+00:00
SAO_6039-10,São Paulo,3550308,True,,1217,,,-23.639326,-46.717333499999995,,,,1,2023-06-19T16:58:39+00:00
SAO_6039-10,São Paulo,3550308,True,,1217,,,-23.6860325,-46.8009515,,,,1,2023-06-19T16:58:45+00:00
SAO_6039-10,São Paulo,3550308,True,,1217,,,-23.652227250000003,-46.708538,,,,1,2023-06-19T16:58:24+00:00
SAO_6039-10,São Paulo,3550308,True,,1217,,,-23.660571,-46.768245,,,,1,2023-06-19T16:58:55+00:00
SAO_971V-10,São Paulo,3550308,True,,33387,,,-23.4853935,-46.670846999999995,,,,2,2023-06-19T16:58:14+00:00
SAO_971V-10,São Paulo,3550308,True,,33387,,,-23.514200000000002,-46.616057,,,,2,2023-06-19T16:58:34+00:00
SAO_971V-10,São Paulo,3550308,True,,33387,,,-23.4513575,-46.691139,,,,2,2023-06-19T16:58:30+00:00
SAO_971V-10,São Paulo,3550308,True,,33387,,,-23.514200000000002,-46.616057,,,,2,2023-06-19T16:55:51+00:00
SAO_971V-10,São Paulo,3550308,True,,33387,,,-23.46721,-46.6787075,,,,2,2023-06-19T16:58:25+00:00
SAO_971V-10,São Paulo,3550308,True,,33387,,,-23.4975915,-46.65054775,,,,2,2023-06-19T16:58:51+00:00
SAO_971V-10,São Paulo,3550308,True,,33387,,,-23.450445000000002,-46.6794115,,,,2,2023-06-19T16:58:11+00:00
SAO_4004-10,São Paulo,3550308,True,,34946,,,-23.5829575,-46.4066125,,,,2,2023-06-19T16:58:10+00:00
SAO_4004-10,São Paulo,3550308,True,,34946,,,-23.5833765,-46.407704499999994,,,,2,2023-06-19T16:58:14+00:00
SAO_4004-10,São Paulo,3550308,True,,34946,,,-23.5845415,-46.396922,,,,2,2023-06-19T16:58:43+00:00
SAO_971R-42,São Paulo,3550308,True,,33384,,,-23.436899500000003,-46.739963,,,,2,2023-06-19T16:58:39+00:00
SAO_971R-42,São Paulo,3550308,True,,33384,,,-23.4501,-46.700478000000004,,,,2,2023-06-19T16:57:15+00:00
SAO_971R-42,São Paulo,3550308,True,,33384,,,-23.491168375,-46.649953,,,,2,2023-06-19T16:58:31+00:00
SAO_971R-42,São Paulo,3550308,True,,33384,,,-23.436899500000003,-46.739963,,,,2,2023-06-19T16:58:12+00:00
SAO_1744-10,São Paulo,3550308,True,,33312,,,-23.472807250000002,-46.641781,,,,2,2023-06-19T16:58:37+00:00
SAO_1744-10,São Paulo,3550308,True,,33312,,,-23.475787500000003,-46.645463500000005,,,,2,2023-06-19T16:58:34+00:00
SAO_1744-10,São Paulo,3550308,True,,33312,,,-23.472376,-46.64149449999999,,,,2,2023-06-19T16:58:14+00:00
SAO_1744-10,São Paulo,3550308,True,,33312,,,-23.496862,-46.627975500000005,,,,2,2023-06-19T16:58:48+00:00
SAO_1744-10,São Paulo,3550308,True,,33312,,,-23.47214175,-46.642127375,,,,2,2023-06-19T16:58:47+00:00
SAO_1744-10,São Paulo,3550308,True,,33312,,,-23.47214175,-46.642127375,,,,2,2023-06-19T16:58:19+00:00
SAO_5022-10,São Paulo,3550308,True,,33888,,,-23.672228,-46.638205,,,,2,2023-06-19T16:58:14+00:00
SAO_5022-10,São Paulo,3550308,True,,33888,,,-23.672299000000002,-46.6379735,,,,2,2023-06-19T16:58:52+00:00
SAO_5022-10,São Paulo,3550308,True,,33888,,,-23.666844,-46.650076999999996,,,,2,2023-06-19T16:58:36+00:00
SAO_5022-10,São Paulo,3550308,True,,33888,,,-23.6472215,-46.64103,,,,2,2023-06-19T16:58:13+00:00
SAO_5022-10,São Paulo,3550308,True,,33888,,,-23.6721505,-46.638467,,,,2,2023-06-19T16:58:46+00:00
SAO_5022-10,São Paulo,3550308,True,,33888,,,-23.6720685,-46.638756,,,,2,2023-06-19T16:58:22+00:00
SAO_5022-10,São Paulo,3550308,True,,33888,,,-23.6721505,-46.638467,,,,2,2023-06-19T16:58:35+00:00
SAO_8028-10,São Paulo,3550308,True,,35300,,,-23.585691,-46.724018,,,,2,2023-06-19T16:58:44+00:00
SAO_8028-10,São Paulo,3550308,True,,35300,,,-23.585691,-46.724018,,,,2,2023-06-19T16:58:40+00:00
SAO_8028-10,São Paulo,3550308,True,,35300,,,-23.6222185,-46.7278965,,,,2,2023-06-19T16:58:22+00:00
SAO_8028-10,São Paulo,3550308,True,,35300,,,-23.60233,-46.7098615,,,,2,2023-06-19T16:58:36+00:00
SAO_8028-10,São Paulo,3550308,True,,35300,,,-23.6222185,-46.7278965,,,,2,2023-06-19T16:58:43+00:00
SAO_364A-10,São Paulo,3550308,True,,34014,,,-23.5847285,-46.611627500000004,,,,2,2023-06-19T16:58:53+00:00
SAO_364A-10,São Paulo,3550308,True,,34014,,,-23.5820005,-46.552108000000004,,,,2,2023-06-19T16:58:24+00:00
SAO_364A-10,São Paulo,3550308,True,,34014,,,-23.6015885,-46.507197500000004,,,,2,2023-06-19T16:58:47+00:00
SAO_364A-10,São Paulo,3550308,True,,34014,,,-23.5847285,-46.611627500000004,,,,2,2023-06-19T16:58:37+00:00
SAO_364A-10,São Paulo,3550308,True,,34014,,,-23.5633995,-46.5007685,,,,2,2023-06-19T16:58:34+00:00
SAO_364A-10,São Paulo,3550308,True,,34014,,,-23.5847285,-46.611627500000004,,,,2,2023-06-19T16:58:27+00:00
SAO_364A-10,São Paulo,3550308,True,,34014,,,-23.597566999999998,-46.522822500000004,,,,2,2023-06-19T16:58:20+00:00
SAO_364A-10,São Paulo,3550308,True,,34014,,,-23.5841435,-46.61103575,,,,2,2023-06-19T16:58:46+00:00
SAO_364A-10,São Paulo,3550308,True,,34014,,,-23.5633995,-46.5007685,,,,2,2023-06-19T16:58:21+00:00
SAO_6118-10,São Paulo,3550308,True,,33956,,,-23.752625000000002,-46.7028335,,,,2,2023-06-19T16:58:36+00:00
SAO_6118-10,São Paulo,3550308,True,,33956,,,-23.7094615,-46.703463,,,,2,2023-06-19T16:58:17+00:00
SAO_6118-10,São Paulo,3550308,True,,33956,,,-23.666600250000002,-46.712492749999996,,,,2,2023-06-19T16:58:54+00:00
SAO_6118-10,São Paulo,3550308,True,,33956,,,-23.752415999999997,-46.70257425,,,,2,2023-06-19T16:58:40+00:00
SAO_6118-10,São Paulo,3550308,True,,33956,,,-23.752540500000002,-46.7027275,,,,2,2023-06-19T16:58:31+00:00
SAO_6118-10,São Paulo,3550308,True,,33956,,,-23.752415999999997,-46.70257425,,,,2,2023-06-19T16:58:30+00:00
SAO_9717-10,São Paulo,3550308,True,,817,,,-23.4962265,-46.6933695,,,,1,2023-06-19T16:58:44+00:00
SAO_9717-10,São Paulo,3550308,True,,817,,,-23.50316325,-46.6230835,,,,1,2023-06-19T16:58:50+00:00
SAO_9717-10,São Paulo,3550308,True,,817,,,-23.5114855,-46.624898,,,,1,2023-06-19T16:58:37+00:00
SAO_9717-10,São Paulo,3550308,True,,817,,,-23.51208775,-46.65870775,,,,1,2023-06-19T16:58:09+00:00
SAO_9717-10,São Paulo,3550308,True,,817,,,-23.463303,-46.6814685,,,,1,2023-06-19T16:58:27+00:00
SAO_9717-10,São Paulo,3550308,True,,817,,,-23.463303,-46.6814685,,,,1,2023-06-19T16:58:24+00:00
SAO_9717-10,São Paulo,3550308,True,,817,,,-23.463303,-46.6814685,,,,1,2023-06-19T16:58:48+00:00
SAO_118C-10,São Paulo,3550308,True,,519,,,-23.469412,-46.646142,,,,1,2023-06-19T16:58:30+00:00
SAO_118C-10,São Paulo,3550308,True,,519,,,-23.534341625000003,-46.648930375000006,,,,1,2023-06-19T16:58:44+00:00
SAO_118C-10,São Paulo,3550308,True,,519,,,-23.478508499999997,-46.632876249999995,,,,1,2023-06-19T16:58:46+00:00
SAO_118C-10,São Paulo,3550308,True,,519,,,-23.45437475,-46.668664500000006,,,,1,2023-06-19T16:58:37+00:00
SAO_118C-10,São Paulo,3550308,True,,519,,,-23.483169,-46.6316585,,,,1,2023-06-19T16:58:42+00:00
SAO_118C-10,São Paulo,3550308,True,,519,,,-23.529484125000003,-46.638768125,,,,1,2023-06-19T16:58:11+00:00
SAO_118C-10,São Paulo,3550308,True,,519,,,-23.5394115,-46.648294500000006,,,,1,2023-06-19T16:58:53+00:00
SAO_118C-10,São Paulo,3550308,True,,519,,,-23.50217,-46.62488,,,,1,2023-06-19T16:58:36+00:00
SAO_106A-10,São Paulo,3550308,True,,33284,,,-23.54047,-46.633945999999995,,,,2,2023-06-19T16:58:33+00:00
SAO_106A-10,São Paulo,3550308,True,,33284,,,-23.5022175,-46.624197499999994,,,,2,2023-06-19T16:58:19+00:00
SAO_106A-10,São Paulo,3550308,True,,33284,,,-23.575407875,-46.668967,,,,2,2023-06-19T16:58:44+00:00
SAO_106A-10,São Paulo,3550308,True,,33284,,,-23.503125,-46.6245765,,,,2,2023-06-19T16:58:40+00:00
SAO_106A-10,São Paulo,3550308,True,,33284,,,-23.587607750000004,-46.682576499999996,,,,2,2023-06-19T16:58:49+00:00
SAO_106A-10,São Paulo,3550308,True,,33284,,,-23.502099,-46.62419250000001,,,,2,2023-06-19T16:58:24+00:00
SAO_106A-10,São Paulo,3550308,True,,33284,,,-23.566474,-46.65834825,,,,2,2023-06-19T16:58:01+00:00
SAO_106A-10,São Paulo,3550308,True,,33284,,,-23.589232000000003,-46.688066,,,,2,2023-06-19T16:58:47+00:00
SAO_7022-10,São Paulo,3550308,True,,34852,,,-23.685029999999998,-46.7754175,,,,2,2023-06-19T16:58:29+00:00
SAO_7022-10,São Paulo,3550308,True,,34852,,,-23.654007,-46.710475,,,,2,2023-06-19T16:58:17+00:00
SAO_7022-10,São Paulo,3550308,True,,34852,,,-23.654007,-46.710475,,,,2,2023-06-19T16:58:25+00:00
SAO_7022-10,São Paulo,3550308,True,,34852,,,-23.6852245,-46.7751985,,,,2,2023-06-19T16:58:10+00:00
SAO_7022-10,São Paulo,3550308,True,,34852,,,-23.670794,-46.772879,,,,2,2023-06-19T16:58:35+00:00
SAO_7022-10,São Paulo,3550308,True,,34852,,,-23.668170500000002,-46.732837,,,,2,2023-06-19T16:58:22+00:00
SAO_177Y-10,São Paulo,3550308,True,,867,,,-23.566136750000002,-46.701097,,,,1,2023-06-19T16:58:38+00:00
SAO_177Y-10,São Paulo,3550308,True,,867,,,-23.564463,-46.6930125,,,,1,2023-06-19T16:53:13+00:00
SAO_177Y-10,São Paulo,3550308,True,,867,,,-23.537944500000002,-46.674531,,,,1,2023-06-19T16:58:21+00:00
SAO_177Y-10,São Paulo,3550308,True,,867,,,-23.555205,-46.681402500000004,,,,1,2023-06-19T16:58:16+00:00
SAO_177Y-10,São Paulo,3550308,True,,867,,,-23.5273505,-46.6667755,,,,1,2023-06-19T16:58:32+00:00
SAO_177Y-10,São Paulo,3550308,True,,867,,,-23.5659435,-46.701088999999996,,,,1,2023-06-19T16:58:09+00:00
SAO_2762-10,São Paulo,3550308,True,,144,,,-23.49870425,-46.520322500000006,,,,1,2023-06-19T16:58:12+00:00
SAO_2762-10,São Paulo,3550308,True,,144,,,-23.49897225,-46.48493025,,,,1,2023-06-19T16:58:26+00:00
SAO_2762-10,São Paulo,3550308,True,,144,,,-23.5301775,-46.55544449999999,,,,1,2023-06-19T16:58:33+00:00
SAO_4005-10,São Paulo,3550308,True,,34947,,,-23.593798749999998,-46.39577775,,,,2,2023-06-19T16:58:44+00:00
SAO_4005-10,São Paulo,3550308,True,,34947,,,-23.5844135,-46.40829625,,,,2,2023-06-19T16:58:11+00:00
SAO_4005-10,São Paulo,3550308,True,,34947,,,-23.58888925,-46.394664,,,,2,2023-06-19T16:58:31+00:00
SAO_4005-10,São Paulo,3550308,True,,34947,,,-23.58888925,-46.394664,,,,2,2023-06-19T16:58:21+00:00
SAO_746V-10,São Paulo,3550308,True,,33560,,,-23.62274625,-46.754206999999994,,,,2,2023-06-19T16:58:52+00:00
SAO_746V-10,São Paulo,3550308,True,,33560,,,-23.62274625,-46.754206999999994,,,,2,2023-06-19T16:58:15+00:00
SAO_746V-10,São Paulo,3550308,True,,33560,,,-23.626072999999998,-46.765776,,,,2,2023-06-19T16:58:54+00:00
SAO_746V-10,São Paulo,3550308,True,,33560,,,-23.62274625,-46.754206999999994,,,,2,2023-06-19T16:58:26+00:00
SAO_746V-10,São Paulo,3550308,True,,33560,,,-23.6436085,-46.7634295,,,,2,2023-06-19T16:58:38+00:00
SAO_746V-10,São Paulo,3550308,True,,33560,,,-23.62274625,-46.754206999999994,,,,2,2023-06-19T16:58:42+00:00
SAO_746V-10,São Paulo,3550308,True,,33560,,,-23.623203,-46.7635785,,,,2,2023-06-19T16:58:54+00:00
SAO_6099-10,São Paulo,3550308,True,,1587,,,-23.7503355,-46.7102765,,,,1,2023-06-19T16:58:54+00:00
SAO_6099-10,São Paulo,3550308,True,,1587,,,-23.854655875,-46.7582115,,,,1,2023-06-19T16:57:37+00:00
SAO_6099-10,São Paulo,3550308,True,,1587,,,-23.73824725,-46.69784775,,,,1,2023-06-19T16:58:49+00:00
SAO_6099-10,São Paulo,3550308,True,,1587,,,-23.81431575,-46.73532862500001,,,,1,2023-06-19T16:58:22+00:00
SAO_6099-10,São Paulo,3550308,True,,1587,,,-23.73824725,-46.69784775,,,,1,2023-06-19T16:58:41+00:00
SAO_6020-10,São Paulo,3550308,True,,2455,,,-23.826263,-46.7441395,,,,1,2023-06-19T16:58:28+00:00
SAO_477P-10,São Paulo,3550308,True,EMTU,348,https://moovitapp.com/index/pt-br/transporte_p%C3%BAblico-line-348-Sao_Paulo-242-2038937-36419431-0,5.1,-23.594084,-46.62123975,,,,1,2023-06-19T16:58:36+00:00
SAO_477P-10,São Paulo,3550308,True,EMTU,348,https://moovitapp.com/index/pt-br/transporte_p%C3%BAblico-line-348-Sao_Paulo-242-2038937-36419431-0,5.1,-23.577174749999998,-46.765108875,,,,1,2023-06-19T16:52:12+00:00
SAO_477P-10,São Paulo,3550308,True,EMTU,348,https://moovitapp.com/index/pt-br/transporte_p%C3%BAblico-line-348-Sao_Paulo-242-2038937-36419431-0,5.1,-23.575536749999998,-46.761601999999996,,,,1,2023-06-19T16:53:30+00:00
SAO_477P-10,São Paulo,3550308,True,EMTU,348,https://moovitapp.com/index/pt-br/transporte_p%C3%BAblico-line-348-Sao_Paulo-242-2038937-36419431-0,5.1,-23.607435,-46.652795,,,,1,2023-06-19T16:58:04+00:00
SAO_477P-10,São Paulo,3550308,True,EMTU,348,https://moovitapp.com/index/pt-br/transporte_p%C3%BAblico-line-348-Sao_Paulo-242-2038937-36419431-0,5.1,-23.57759275,-46.686578499999996,,,,1,2023-06-19T16:58:53+00:00
SAO_477P-10,São Paulo,3550308,True,EMTU,348,https://moovitapp.com/index/pt-br/transporte_p%C3%BAblico-line-348-Sao_Paulo-242-2038937-36419431-0,5.1,-23.57742125,-46.724182,,,,1,2023-06-19T16:58:22+00:00
SAO_8019-10,São Paulo,3550308,True,,34839,,,-23.544992,-46.7471585,,,,2,2023-06-19T16:58:24+00:00
SAO_8019-10,São Paulo,3550308,True,,34839,,,-23.543550500000002,-46.74905,,,,2,2023-06-19T16:58:25+00:00
SAO_8019-10,São Paulo,3550308,True,,34839,,,-23.565349,-46.744643874999994,,,,2,2023-06-19T16:58:43+00:00
SAO_3539-10,São Paulo,3550308,True,,748,,,-23.5692505,-46.448161999999996,,,,1,2023-06-19T16:55:46+00:00
SAO_3539-10,São Paulo,3550308,True,,748,,,-23.580191874999997,-46.4128965,,,,1,2023-06-19T16:58:27+00:00
SAO_3539-10,São Paulo,3550308,True,,748,,,-23.583288000000003,-46.409053,,,,1,2023-06-19T16:58:18+00:00
SAO_3539-10,São Paulo,3550308,True,,748,,,-23.562097,-46.4657325,,,,1,2023-06-19T16:58:34+00:00
SAO_3539-10,São Paulo,3550308,True,,748,,,-23.5404725,-46.5751875,,,,1,2023-06-19T16:58:36+00:00
SAO_3539-10,São Paulo,3550308,True,,748,,,-23.54615475,-46.605053749999996,,,,1,2023-06-19T16:58:48+00:00
SAO_3539-10,São Paulo,3550308,True,,748,,,-23.601442499999997,-46.3991005,,,,1,2023-06-19T16:58:43+00:00
SAO_3539-10,São Paulo,3550308,True,,748,,,-23.589613,-46.442728,,,,1,2023-06-19T16:58:49+00:00
SAO_5024-31,São Paulo,3550308,True,,1123,,,-23.682956,-46.6637485,,,,1,2023-06-19T16:58:55+00:00
SAO_5024-31,São Paulo,3550308,True,,1123,,,-23.672999,-46.686725,,,,1,2023-06-19T16:58:43+00:00
SAO_5024-31,São Paulo,3550308,True,,1123,,,-23.654237000000002,-46.704584499999996,,,,1,2023-06-19T16:58:25+00:00
SAO_5024-31,São Paulo,3550308,True,,1123,,,-23.69072525,-46.648933,,,,1,2023-06-19T16:58:11+00:00
SAO_6414-10,São Paulo,3550308,True,EMTU,360,https://moovitapp.com/index/pt-br/transporte_p%C3%BAblico-line-360-Sao_Paulo-242-2038937-36419441-0,5.2,-23.5888875,-46.67194625,,,,1,2023-06-19T16:58:29+00:00
SAO_6414-10,São Paulo,3550308,True,EMTU,360,https://moovitapp.com/index/pt-br/transporte_p%C3%BAblico-line-360-Sao_Paulo-242-2038937-36419441-0,5.2,-23.6636725,-46.7077935,,,,1,2023-06-19T16:58:53+00:00
SAO_6414-10,São Paulo,3550308,True,EMTU,360,https://moovitapp.com/index/pt-br/transporte_p%C3%BAblico-line-360-Sao_Paulo-242-2038937-36419441-0,5.2,-23.601336,-46.674026,,,,1,2023-06-19T16:58:45+00:00
SAO_6414-10,São Paulo,3550308,True,EMTU,360,https://moovitapp.com/index/pt-br/transporte_p%C3%BAblico-line-360-Sao_Paulo-242-2038937-36419441-0,5.2,-23.641461874999997,-46.698141125,,,,1,2023-06-19T16:58:29+00:00
SAO_273X-10,São Paulo,3550308,True,,33160,,,-23.498495,-46.376676,,,,2,2023-06-19T16:58:46+00:00
SAO_273X-10,São Paulo,3550308,True,,33160,,,-23.497997624999996,-46.376735124999996,,,,2,2023-06-19T16:58:42+00:00
SAO_273X-10,São Paulo,3550308,True,,33160,,,-23.4952525,-46.43242,,,,2,2023-06-19T16:58:51+00:00
SAO_273X-10,São Paulo,3550308,True,,33160,,,-23.5019935,-46.47103,,,,2,2023-06-19T16:58:25+00:00
SAO_273X-10,São Paulo,3550308,True,,33160,,,-23.504291000000002,-46.3841715,,,,2,2023-06-19T16:58:10+00:00
SAO_273X-10,São Paulo,3550308,True,,33160,,,-23.498168999999997,-46.376669500000006,,,,2,2023-06-19T16:58:55+00:00
SAO_273X-10,São Paulo,3550308,True,,33160,,,-23.538571500000003,-46.479667750000004,,,,2,2023-06-19T16:55:38+00:00
SAO_273X-10,São Paulo,3550308,True,,33160,,,-23.497790875,-46.376857375,,,,2,2023-06-19T16:58:46+00:00
SAO_273X-10,São Paulo,3550308,True,,33160,,,-23.497790875,-46.376857375,,,,2,2023-06-19T16:58:50+00:00
SAO_273X-10,São Paulo,3550308,True,,33160,,,-23.499913499999998,-46.3935595,,,,2,2023-06-19T16:58:23+00:00
SAO_476G-41,São Paulo,3550308,True,,1112,,,-23.60939075,-46.534244625,,,,1,2023-06-19T16:58:09+00:00
SAO_476G-41,São Paulo,3550308,True,,1112,,,-23.581894,-46.6263855,,,,1,2023-06-19T16:58:14+00:00
SAO_8705-10,São Paulo,3550308,True,,34840,,,-23.549398500000002,-46.758377499999995,,,,2,2023-06-19T16:58:15+00:00
SAO_8705-10,São Paulo,3550308,True,,34840,,,-23.5621635,-46.674863,,,,2,2023-06-19T16:58:25+00:00
SAO_8705-10,São Paulo,3550308,True,,34840,,,-23.547498500000003,-46.7603035,,,,2,2023-06-19T16:58:26+00:00
SAO_8705-10,São Paulo,3550308,True,,34840,,,-23.5691565,-46.715317999999996,,,,2,2023-06-19T16:58:38+00:00
SAO_8705-10,São Paulo,3550308,True,,34840,,,-23.563243,-46.746315499999994,,,,2,2023-06-19T16:58:39+00:00
SAO_8705-10,São Paulo,3550308,True,,34840,,,-23.5463265,-46.639084,,,,2,2023-06-19T16:58:21+00:00
SAO_5128-10,São Paulo,3550308,True,,1128,,,-23.6353725,-46.6411365,,,,1,2023-06-19T16:58:23+00:00
SAO_5128-10,São Paulo,3550308,True,,1128,,,-23.6876195,-46.641799500000005,,,,1,2023-06-19T16:58:22+00:00
SAO_5128-10,São Paulo,3550308,True,,1128,,,-23.658774,-46.64309299999999,,,,1,2023-06-19T16:58:25+00:00
SAO_5128-10,São Paulo,3550308,True,,1128,,,-23.635807999999997,-46.641137,,,,1,2023-06-19T16:58:26+00:00
SAO_5128-10,São Paulo,3550308,True,,1128,,,-23.7122905,-46.651968499999995,,,,1,2023-06-19T16:58:34+00:00
SAO_8001-10,São Paulo,3550308,True,,34019,,,-23.5109225,-46.745784,,,,2,2023-06-19T16:58:28+00:00
SAO_407I-10,São Paulo,3550308,True,,34990,,,-23.542109,-46.534859749999995,,,,2,2023-06-19T16:58:43+00:00
SAO_407I-10,São Paulo,3550308,True,,34990,,,-23.5433355,-46.48539675000001,,,,2,2023-06-19T16:56:44+00:00
SAO_407I-10,São Paulo,3550308,True,,34990,,,-23.5431125,-46.48502825,,,,2,2023-06-19T16:57:08+00:00
SAO_407I-10,São Paulo,3550308,True,,34990,,,-23.544610875,-46.481382499999995,,,,2,2023-06-19T16:58:09+00:00
SAO_407I-10,São Paulo,3550308,True,,34990,,,-23.5431125,-46.48502825,,,,2,2023-06-19T16:58:13+00:00
SAO_3046-10,São Paulo,3550308,True,,971,,,-23.541215,-46.5774215,,,,1,2023-06-19T16:58:44+00:00
SAO_3046-10,São Paulo,3550308,True,,971,,,-23.55474625,-46.57267025,,,,1,2023-06-19T16:58:41+00:00
SAO_3046-10,São Paulo,3550308,True,,971,,,-23.580204000000002,-46.5255565,,,,1,2023-06-19T16:58:46+00:00
SAO_3046-10,São Paulo,3550308,True,,971,,,-23.580204000000002,-46.5255565,,,,1,2023-06-19T16:58:28+00:00
SAO_3046-10,São Paulo,3550308,True,,971,,,-23.582003,-46.536601,,,,1,2023-06-19T16:58:53+00:00
SAO_3046-10,São Paulo,3550308,True,,971,,,-23.558011625,-46.57266425,,,,1,2023-06-19T16:58:17+00:00
SAO_3046-10,São Paulo,3550308,True,,971,,,-23.5798675,-46.525378,,,,1,2023-06-19T16:58:29+00:00
SAO_3046-10,São Paulo,3550308,True,,971,,,-23.5801625,-46.5256245,,,,1,2023-06-19T16:55:37+00:00
SAO_6039-21,São Paulo,3550308,True,,2493,,,-23.659925625,-46.773087000000004,,,,1,2023-06-19T16:58:39+00:00
SAO_6014-10,São Paulo,3550308,True,,32956,,,-23.6754575,-46.7490255,,,,2,2023-06-19T16:58:47+00:00
SAO_6014-10,São Paulo,3550308,True,,32956,,,-23.741992,-46.8006415,,,,2,2023-06-19T16:58:11+00:00
SAO_6014-10,São Paulo,3550308,True,,32956,,,-23.724632375,-46.785788249999996,,,,2,2023-06-19T16:58:38+00:00
SAO_6014-10,São Paulo,3550308,True,,32956,,,-23.741992,-46.8006415,,,,2,2023-06-19T16:58:49+00:00
SAO_6014-10,São Paulo,3550308,True,,32956,,,-23.7420645,-46.8001675,,,,2,2023-06-19T16:58:13+00:00
SAO_4008-10,São Paulo,3550308,True,,34950,,,-23.5774845,-46.437807500000005,,,,2,2023-06-19T16:58:22+00:00
SAO_4008-10,São Paulo,3550308,True,,34950,,,-23.5772245,-46.4374165,,,,2,2023-06-19T16:58:44+00:00
SAO_4008-10,São Paulo,3550308,True,,34950,,,-23.577386,-46.437580999999994,,,,2,2023-06-19T16:58:34+00:00
SAO_4008-10,São Paulo,3550308,True,,34950,,,-23.569603,-46.479105000000004,,,,2,2023-06-19T16:55:30+00:00
SAO_4008-10,São Paulo,3550308,True,,34950,,,-23.5580685,-46.5228605,,,,2,2023-06-19T16:58:41+00:00
SAO_373L-10,São Paulo,3550308,True,,1027,,,-23.555915875,-46.464984375,,,,1,2023-06-19T16:58:53+00:00
SAO_373L-10,São Paulo,3550308,True,,1027,,,-23.613367249999996,-46.42385975,,,,1,2023-06-19T16:58:54+00:00
SAO_373L-10,São Paulo,3550308,True,,1027,,,-23.615178999999998,-46.423012,,,,1,2023-06-19T16:58:36+00:00
SAO_373L-10,São Paulo,3550308,True,,1027,,,-23.570649500000002,-46.446809,,,,1,2023-06-19T16:58:16+00:00
SAO_574J-10,São Paulo,3550308,True,,1685,,,-23.579445749999998,-46.580741249999996,,,,1,2023-06-19T16:58:13+00:00
SAO_574J-10,São Paulo,3550308,True,,1685,,,-23.567289000000002,-46.543085500000004,,,,1,2023-06-19T16:58:46+00:00
SAO_574J-10,São Paulo,3550308,True,,1685,,,-23.583678,-46.600755500000005,,,,1,2023-06-19T16:58:28+00:00
SAO_574J-10,São Paulo,3550308,True,,1685,,,-23.571804375,-46.561348875,,,,1,2023-06-19T16:58:27+00:00
SAO_574J-10,São Paulo,3550308,True,,1685,,,-23.5580635,-46.522337500000006,,,,1,2023-06-19T16:58:28+00:00
SAO_574J-10,São Paulo,3550308,True,,1685,,,-23.6252545,-46.61200650000001,,,,1,2023-06-19T16:58:36+00:00
SAO_574J-10,São Paulo,3550308,True,,1685,,,-23.6271073125,-46.636233437499996,,,,1,2023-06-19T16:58:10+00:00
SAO_574J-10,São Paulo,3550308,True,,1685,,,-23.598758500000002,-46.601824750000006,,,,1,2023-06-19T16:58:24+00:00
SAO_574J-10,São Paulo,3550308,True,,1685,,,-23.636225500000002,-46.6414645,,,,1,2023-06-19T16:58:52+00:00
SAO_574J-10,São Paulo,3550308,True,,1685,,,-23.567565000000002,-46.54374,,,,1,2023-06-19T16:58:30+00:00
SAO_807J-10,São Paulo,3550308,True,,34826,,,-23.631797499999998,-46.7719915,,,,2,2023-06-19T16:58:44+00:00
SAO_807J-10,São Paulo,3550308,True,,34826,,,-23.631797499999998,-46.7719915,,,,2,2023-06-19T16:58:40+00:00
SAO_807J-10,São Paulo,3550308,True,,34826,,,-23.6092245,-46.74801975,,,,2,2023-06-19T16:58:17+00:00
SAO_807J-10,São Paulo,3550308,True,,34826,,,-23.60453,-46.7251305,,,,2,2023-06-19T16:58:45+00:00
SAO_807J-10,São Paulo,3550308,True,,34826,,,-23.631797499999998,-46.7719915,,,,2,2023-06-19T16:53:02+00:00
SAO_807J-10,São Paulo,3550308,True,,34826,,,-23.631797499999998,-46.7719915,,,,2,2023-06-19T16:58:24+00:00
SAO_807J-10,São Paulo,3550308,True,,34826,,,-23.6200105,-46.69833199999999,,,,2,2023-06-19T16:58:29+00:00
SAO_6010-10,São Paulo,3550308,True,,1202,,,-23.6623625,-46.742737500000004,,,,1,2023-06-19T16:58:32+00:00
SAO_6010-10,São Paulo,3550308,True,,1202,,,-23.66956375,-46.78546575,,,,1,2023-06-19T16:58:17+00:00
SAO_6010-10,São Paulo,3550308,True,,1202,,,-23.666297999999998,-46.751504,,,,1,2023-06-19T16:58:25+00:00
SAO_6010-10,São Paulo,3550308,True,,1202,,,-23.6938785,-46.7945825,,,,1,2023-06-19T16:58:45+00:00
SAO_6010-10,São Paulo,3550308,False,,1202,,,-23.693805,-46.7944445,,,,1,2023-06-19T16:58:31+00:00
SAO_6010-10,São Paulo,3550308,True,,1202,,,-23.686721499999997,-46.796303249999994,,,,1,2023-06-19T16:58:43+00:00
SAO_6010-10,São Paulo,3550308,True,,1202,,,-23.6601165,-46.76611175000001,,,,1,2023-06-19T16:58:23+00:00
SAO_2712-10,São Paulo,3550308,True,,926,,,-23.527357000000002,-46.479188,,,,1,2023-06-19T16:58:51+00:00
SAO_2712-10,São Paulo,3550308,True,,926,,,-23.5296285,-46.47854,,,,1,2023-06-19T16:58:27+00:00
SAO_2712-10,São Paulo,3550308,True,,926,,,-23.527357000000002,-46.479188,,,,1,2023-06-19T16:58:35+00:00
SAO_2712-10,São Paulo,3550308,True,,926,,,-23.527357000000002,-46.479188,,,,1,2023-06-19T16:58:35+00:00
SAO_1701-21,São Paulo,3550308,True,,35244,,,-23.469329000000002,-46.5964435,,,,2,2023-06-19T16:58:37+00:00
SAO_1701-21,São Paulo,3550308,True,,35244,,,-23.447903750000002,-46.57596337499999,,,,2,2023-06-19T16:58:29+00:00
SAO_1701-21,São Paulo,3550308,True,,35244,,,-23.454974999999997,-46.5837045,,,,2,2023-06-19T16:57:20+00:00
SAO_917H-10,São Paulo,3550308,True,STT,456,https://moovitapp.com/index/pt-br/transporte_p%C3%BAblico-line-456-Sao_Paulo-242-850661-10416524-0,5.3,-23.48608,-46.7258125,,,,1,2023-06-19T16:58:52+00:00
SAO_917H-10,São Paulo,3550308,True,STT,456,https://moovitapp.com/index/pt-br/transporte_p%C3%BAblico-line-456-Sao_Paulo-242-850661-10416524-0,5.3,-23.535822,-46.71315525,,,,1,2023-06-19T16:58:23+00:00
SAO_917H-10,São Paulo,3550308,True,STT,456,https://moovitapp.com/index/pt-br/transporte_p%C3%BAblico-line-456-Sao_Paulo-242-850661-10416524-0,5.3,-23.5651405,-46.652156625,,,,1,2023-06-19T16:58:50+00:00
SAO_917H-10,São Paulo,3550308,True,STT,456,https://moovitapp.com/index/pt-br/transporte_p%C3%BAblico-line-456-Sao_Paulo-242-850661-10416524-0,5.3,-23.486014,-46.7257505,,,,1,2023-06-19T16:58:13+00:00
SAO_917H-10,São Paulo,3550308,True,STT,456,https://moovitapp.com/index/pt-br/transporte_p%C3%BAblico-line-456-Sao_Paulo-242-850661-10416524-0,5.3,-23.484209,-46.7436635,,,,1,2023-06-19T16:58:44+00:00
SAO_917H-10,São Paulo,3550308,True,STT,456,https://moovitapp.com/index/pt-br/transporte_p%C3%BAblico-line-456-Sao_Paulo-242-850661-10416524-0,5.3,-23.486014,-46.7257505,,,,1,2023-06-19T16:58:35+00:00
SAO_917H-10,São Paulo,3550308,True,STT,456,https://moovitapp.com/index/pt-br/transporte_p%C3%BAblico-line-456-Sao_Paulo-242-850661-10416524-0,5.3,-23.5461915,-46.691106500000004,,,,1,2023-06-19T16:58:51+00:00
SAO_917H-10,São Paulo,3550308,True,STT,456,https://moovitapp.com/index/pt-br/transporte_p%C3%BAblico-line-456-Sao_Paulo-242-850661-10416524-0,5.3,-23.4855965,-46.725312,,,,1,2023-06-19T16:58:49+00:00
SAO_917H-10,São Paulo,3550308,True,STT,456,https://moovitapp.com/index/pt-br/transporte_p%C3%BAblico-line-456-Sao_Paulo-242-850661-10416524-0,5.3,-23.486014,-46.7257505,,,,1,2023-06-19T16:58:47+00:00
SAO_917H-10,São Paulo,3550308,True,STT,456,https://moovitapp.com/index/pt-br/transporte_p%C3%BAblico-line-456-Sao_Paulo-242-850661-10416524-0,5.3,-23.486014,-46.7257505,,,,1,2023-06-19T16:58:19+00:00
SAO_917H-10,São Paulo,3550308,True,STT,456,https://moovitapp.com/index/pt-br/transporte_p%C3%BAblico-line-456-Sao_Paulo-242-850661-10416524-0,5.3,-23.5116665,-46.7540655,,,,1,2023-06-19T16:58:51+00:00
SAO_917H-10,São Paulo,3550308,True,STT,456,https://moovitapp.com/index/pt-br/transporte_p%C3%BAblico-line-456-Sao_Paulo-242-850661-10416524-0,5.3,-23.53919,-46.7188075,,,,1,2023-06-19T16:58:53+00:00
SAO_917H-10,São Paulo,3550308,True,STT,456,https://moovitapp.com/index/pt-br/transporte_p%C3%BAblico-line-456-Sao_Paulo-242-850661-10416524-0,5.3,-23.486517,-46.7262255,,,,1,2023-06-19T16:58:14+00:00
SAO_917H-10,São Paulo,3550308,True,STT,456,https://moovitapp.com/index/pt-br/transporte_p%C3%BAblico-line-456-Sao_Paulo-242-850661-10416524-0,5.3,-23.589295999999997,-46.63421325,,,,1,2023-06-19T16:58:12+00:00
SAO_917H-10,São Paulo,3550308,True,STT,456,https://moovitapp.com/index/pt-br/transporte_p%C3%BAblico-line-456-Sao_Paulo-242-850661-10416524-0,5.3,-23.486366500000003,-46.726082,,,,1,2023-06-19T16:58:40+00:00
SAO_917H-10,São Paulo,3550308,True,STT,456,https://moovitapp.com/index/pt-br/transporte_p%C3%BAblico-line-456-Sao_Paulo-242-850661-10416524-0,5.3,-23.520006,-46.7527785,,,,1,2023-06-19T16:58:54+00:00
SAO_917H-10,São Paulo,3550308,True,STT,456,https://moovitapp.com/index/pt-br/transporte_p%C3%BAblico-line-456-Sao_Paulo-242-850661-10416524-0,5.3,-23.589295999999997,-46.63421325,,,,1,2023-06-19T16:58:39+00:00
SAO_917H-10,São Paulo,3550308,True,STT,456,https://moovitapp.com/index/pt-br/transporte_p%C3%BAblico-line-456-Sao_Paulo-242-850661-10416524-0,5.3,-23.589263,-46.634504,,,,1,2023-06-19T16:58:10+00:00
SAO_917H-10,São Paulo,3550308,True,STT,456,https://moovitapp.com/index/pt-br/transporte_p%C3%BAblico-line-456-Sao_Paulo-242-850661-10416524-0,5.3,-23.575271,-46.641684,,,,1,2023-06-19T16:58:16+00:00
SAO_917H-10,São Paulo,3550308,True,STT,456,https://moovitapp.com/index/pt-br/transporte_p%C3%BAblico-line-456-Sao_Paulo-242-850661-10416524-0,5.3,-23.563342874999996,-46.654325625,,,,1,2023-06-19T16:58:29+00:00
SAO_1023-10,São Paulo,3550308,True,,2559,,,-23.486121500000003,-46.73922,,,,1,2023-06-19T16:58:36+00:00
SAO_3031-10,São Paulo,3550308,True,,967,,,-23.6072755,-46.4453055,,,,1,2023-06-19T16:58:29+00:00
SAO_3031-10,São Paulo,3550308,True,,967,,,-23.544971500000003,-46.46274225,,,,1,2023-06-19T16:58:50+00:00
SAO_3031-10,São Paulo,3550308,True,,967,,,-23.5948245,-46.4406075,,,,1,2023-06-19T16:58:15+00:00
SAO_3031-10,São Paulo,3550308,True,,967,,,-23.5623885,-46.4658285,,,,1,2023-06-19T16:58:25+00:00
SAO_2009-10,São Paulo,3550308,True,,33666,,,-23.542068,-46.415377500000005,,,,2,2023-06-19T16:58:45+00:00
SAO_2009-10,São Paulo,3550308,True,,33666,,,-23.523322375,-46.41274475,,,,2,2023-06-19T16:58:23+00:00
SAO_2009-10,São Paulo,3550308,True,,33666,,,-23.53906475,-46.41295875,,,,2,2023-06-19T16:57:16+00:00
SAO_2009-10,São Paulo,3550308,True,,33666,,,-23.510265500000003,-46.4141195,,,,2,2023-06-19T16:57:47+00:00
SAO_6071-10,São Paulo,3550308,True,,33924,,,-23.71901475,-46.67920225,,,,2,2023-06-19T16:58:47+00:00
SAO_6071-10,São Paulo,3550308,True,,33924,,,-23.65397,-46.711581499999994,,,,2,2023-06-19T16:58:37+00:00
SAO_6071-10,São Paulo,3550308,True,,33924,,,-23.71901475,-46.67920225,,,,2,2023-06-19T16:58:49+00:00
SAO_6071-10,São Paulo,3550308,True,,33924,,,-23.71901475,-46.67920225,,,,2,2023-06-19T16:58:49+00:00
SAO_6071-10,São Paulo,3550308,True,,33924,,,-23.7190325,-46.689988,,,,2,2023-06-19T16:58:52+00:00
SAO_6071-10,São Paulo,3550308,True,,33924,,,-23.68360025,-46.69271275,,,,2,2023-06-19T16:58:41+00:00
SAO_6071-10,São Paulo,3550308,True,,33924,,,-23.7064375,-46.6873745,,,,2,2023-06-19T16:58:19+00:00
SAO_2021-10,São Paulo,3550308,True,,906,,,-23.5444625,-46.3895285,,,,1,2023-06-19T16:58:54+00:00
SAO_2021-10,São Paulo,3550308,True,,906,,,-23.536333,-46.39823675,,,,1,2023-06-19T16:58:44+00:00
SAO_2021-10,São Paulo,3550308,True,,906,,,-23.541898500000002,-46.4154965,,,,1,2023-06-19T16:58:17+00:00
SAO_2021-10,São Paulo,3550308,True,,906,,,-23.544384,-46.389341,,,,1,2023-06-19T16:58:17+00:00
SAO_2021-10,São Paulo,3550308,True,,906,,,-23.5443145,-46.389241999999996,,,,1,2023-06-19T16:58:10+00:00
SAO_2021-10,São Paulo,3550308,True,,906,,,-23.5443145,-46.389241999999996,,,,1,2023-06-19T16:57:00+00:00
SAO_2718-10,São Paulo,3550308,True,,33699,,,-23.52017275,-46.546484750000005,,,,2,2023-06-19T16:58:36+00:00
SAO_2718-10,São Paulo,3550308,True,,33699,,,-23.533648499999998,-46.5455135,,,,2,2023-06-19T16:58:38+00:00
SAO_2718-10,São Paulo,3550308,True,,33699,,,-23.527154250000002,-46.5496795,,,,2,2023-06-19T16:58:42+00:00
SAO_2718-10,São Paulo,3550308,True,,33699,,,-23.4965245,-46.503639,,,,2,2023-06-19T16:58:37+00:00
SAO_2718-10,São Paulo,3550308,True,,33699,,,-23.4930925,-46.49988925,,,,2,2023-06-19T16:58:54+00:00
SAO_2718-10,São Paulo,3550308,True,,33699,,,-23.503652125,-46.536820625,,,,2,2023-06-19T16:58:14+00:00
SAO_2718-10,São Paulo,3550308,True,,33699,,,-23.533164499999998,-46.5456245,,,,2,2023-06-19T16:58:37+00:00
SAO_8075-10,São Paulo,3550308,True,,34812,,,-23.616358750000003,-46.75709175,,,,2,2023-06-19T16:58:48+00:00
SAO_8075-10,São Paulo,3550308,True,,34812,,,-23.6312955,-46.773033999999996,,,,2,2023-06-19T16:58:19+00:00
SAO_8075-10,São Paulo,3550308,True,,34812,,,-23.5809595,-46.7115805,,,,2,2023-06-19T16:58:12+00:00
SAO_675N-10,São Paulo,3550308,True,,33130,,,-23.6547965,-46.714842,,,,2,2023-06-19T16:58:21+00:00
SAO_675N-10,São Paulo,3550308,True,,33130,,,-23.654935000000002,-46.715513625,,,,2,2023-06-19T16:58:17+00:00
SAO_675N-10,São Paulo,3550308,True,,33130,,,-23.6551605,-46.7164075,,,,2,2023-06-19T16:58:33+00:00
SAO_675N-10,São Paulo,3550308,True,,33130,,,-23.654868999999998,-46.715183874999994,,,,2,2023-06-19T16:58:31+00:00
SAO_675N-10,São Paulo,3550308,True,,33130,,,-23.608475125000002,-46.666898124999996,,,,2,2023-06-19T16:58:34+00:00
SAO_675N-10,São Paulo,3550308,True,,33130,,,-23.628553249999996,-46.708149750000004,,,,2,2023-06-19T16:58:40+00:00
SAO_8610-10,São Paulo,3550308,True,,34831,,,-23.5754325,-46.7176135,,,,2,2023-06-19T16:58:44+00:00
SAO_8610-10,São Paulo,3550308,True,,34831,,,-23.58045625,-46.679579000000004,,,,2,2023-06-19T16:58:27+00:00
SAO_8610-10,São Paulo,3550308,True,,34831,,,-23.6032175,-46.780919,,,,2,2023-06-19T16:58:21+00:00
SAO_8610-10,São Paulo,3550308,True,,34831,,,-23.6031905,-46.781071999999995,,,,2,2023-06-19T16:58:29+00:00
SAO_8610-10,São Paulo,3550308,True,,34831,,,-23.593265,-46.79990574999999,,,,2,2023-06-19T16:58:34+00:00
SAO_8610-10,São Paulo,3550308,True,,34831,,,-23.6032175,-46.780919,,,,2,2023-06-19T16:58:15+00:00
SAO_8610-10,São Paulo,3550308,True,,34831,,,-23.603227500000003,-46.7807495,,,,2,2023-06-19T16:58:20+00:00
SAO_5759-31,São Paulo,3550308,True,,33907,,,-23.674706999999998,-46.6550765,,,,2,2023-06-19T16:58:43+00:00
SAO_5759-31,São Paulo,3550308,True,,33907,,,-23.6947445,-46.64808025,,,,2,2023-06-19T16:58:44+00:00
SAO_5759-31,São Paulo,3550308,True,,33907,,,-23.6947445,-46.64808025,,,,2,2023-06-19T16:58:42+00:00
SAO_5759-31,São Paulo,3550308,True,,33907,,,-23.638852,-46.650115,,,,2,2023-06-19T16:55:56+00:00
SAO_5759-31,São Paulo,3550308,True,,33907,,,-23.6948495,-46.64830975,,,,2,2023-06-19T16:58:18+00:00
SAO_5759-31,São Paulo,3550308,True,,33907,,,-23.6947445,-46.64808025,,,,2,2023-06-19T16:58:27+00:00
SAO_5759-31,São Paulo,3550308,True,,33907,,,-23.666701,-46.65563424999999,,,,2,2023-06-19T16:58:46+00:00
SAO_6053-10,São Paulo,3550308,True,,1145,,,-23.7364975,-46.69661000000001,,,,1,2023-06-19T16:58:28+00:00
SAO_6053-10,São Paulo,3550308,True,,1145,,,-23.762791,-46.6761115,,,,1,2023-06-19T16:58:34+00:00
SAO_6053-10,São Paulo,3550308,True,,1145,,,-23.7379235,-46.6925615,,,,1,2023-06-19T16:58:38+00:00
SAO_3751-10,São Paulo,3550308,True,,1047,,,-23.537301499999998,-46.45370725000001,,,,1,2023-06-19T16:58:20+00:00
SAO_3751-10,São Paulo,3550308,True,,1047,,,-23.542515,-46.469607,,,,1,2023-06-19T16:58:11+00:00
SAO_3751-10,São Paulo,3550308,True,,1047,,,-23.569356,-46.4108985,,,,1,2023-06-19T16:58:14+00:00
SAO_3751-10,São Paulo,3550308,True,,1047,,,-23.5643065,-46.414635000000004,,,,1,2023-06-19T16:58:53+00:00
SAO_3751-10,São Paulo,3550308,True,,1047,,,-23.569356,-46.4108985,,,,1,2023-06-19T16:58:35+00:00
SAO_3751-10,São Paulo,3550308,True,,1047,,,-23.5505255,-46.426240250000006,,,,1,2023-06-19T16:58:42+00:00
SAO_2175-10,São Paulo,3550308,True,,33465,,,-23.474421999999997,-46.567463000000004,,,,2,2023-06-19T16:58:40+00:00
SAO_2175-10,São Paulo,3550308,True,,33465,,,-23.515634249999998,-46.587492749999996,,,,2,2023-06-19T16:58:51+00:00
SAO_2175-10,São Paulo,3550308,True,,33465,,,-23.4740875,-46.566756999999996,,,,2,2023-06-19T16:58:11+00:00
SAO_7022-10,São Paulo,3550308,True,,2084,,,-23.653948,-46.71043675,,,,1,2023-06-19T16:58:53+00:00
SAO_7022-10,São Paulo,3550308,True,,2084,,,-23.6847815,-46.775661,,,,1,2023-06-19T16:58:16+00:00
SAO_7022-10,São Paulo,3550308,True,,2084,,,-23.671774,-46.7412225,,,,1,2023-06-19T16:58:30+00:00
SAO_2709-31,São Paulo,3550308,True,,33691,,,-23.529587499999998,-46.5004265,,,,2,2023-06-19T16:58:16+00:00
SAO_2709-31,São Paulo,3550308,True,,33691,,,-23.529722,-46.500626,,,,2,2023-06-19T16:58:41+00:00
SAO_3789-10,São Paulo,3550308,True,,33835,,,-23.573328500000002,-46.458464500000005,,,,2,2023-06-19T16:58:36+00:00
SAO_3789-10,São Paulo,3550308,True,,33835,,,-23.591472,-46.407424125000006,,,,2,2023-06-19T16:58:47+00:00
SAO_3789-10,São Paulo,3550308,True,,33835,,,-23.611373,-46.396543,,,,2,2023-06-19T16:58:50+00:00
SAO_3789-10,São Paulo,3550308,True,,33835,,,-23.611145,-46.396651,,,,2,2023-06-19T16:58:19+00:00
SAO_3789-10,São Paulo,3550308,True,,33835,,,-23.594952874999997,-46.428407,,,,2,2023-06-19T16:58:31+00:00
SAO_3789-10,São Paulo,3550308,True,,33835,,,-23.55468175,-46.464259,,,,2,2023-06-19T16:58:22+00:00
SAO_3789-10,São Paulo,3550308,True,,33835,,,-23.611663,-46.3964115,,,,2,2023-06-19T16:58:23+00:00
SAO_3789-10,São Paulo,3550308,True,,33835,,,-23.611373,-46.396543,,,,2,2023-06-19T16:58:38+00:00
SAO_3789-10,São Paulo,3550308,True,,33835,,,-23.56825525,-46.46213575,,,,2,2023-06-19T16:58:32+00:00
SAO_6003-21,São Paulo,3550308,True,,35344,,,-23.766890250000003,-46.7169705,,,,2,2023-06-19T16:58:26+00:00
SAO_6003-21,São Paulo,3550308,True,,35344,,,-23.751554,-46.710573999999994,,,,2,2023-06-19T16:58:54+00:00
SAO_6003-21,São Paulo,3550308,True,,35344,,,-23.766890250000003,-46.7169705,,,,2,2023-06-19T16:58:36+00:00
SAO_6003-21,São Paulo,3550308,True,,35344,,,-23.766890250000003,-46.7169705,,,,2,2023-06-19T16:58:45+00:00
SAO_6003-21,São Paulo,3550308,True,,35344,,,-23.7669475,-46.7164815,,,,2,2023-06-19T16:58:18+00:00
SAO_1732-10,São Paulo,3550308,True,,33439,,,-23.50768128125,-46.649443812499996,,,,2,2023-06-19T16:58:39+00:00
SAO_1732-10,São Paulo,3550308,True,,33439,,,-23.53891,-46.648267000000004,,,,2,2023-06-19T16:58:44+00:00
SAO_1732-10,São Paulo,3550308,True,,33439,,,-23.487555999999998,-46.5742625,,,,2,2023-06-19T16:58:36+00:00
SAO_1732-10,São Paulo,3550308,True,,33439,,,-23.487143500000002,-46.57385,,,,2,2023-06-19T16:58:44+00:00
SAO_1732-10,São Paulo,3550308,True,,33439,,,-23.4822415,-46.58303275,,,,2,2023-06-19T16:58:39+00:00
SAO_1732-10,São Paulo,3550308,True,,33439,,,-23.5022995,-46.6212515,,,,2,2023-06-19T16:55:52+00:00
SAO_1732-10,São Paulo,3550308,True,,33439,,,-23.538488875,-46.651622875,,,,2,2023-06-19T16:58:38+00:00
SAO_7006-10,São Paulo,3550308,True,,1995,,,-23.724219125,-46.78567475,,,,1,2023-06-19T16:58:30+00:00
SAO_7006-10,São Paulo,3550308,True,,1995,,,-23.7503745,-46.7771065,,,,1,2023-06-19T16:58:48+00:00
SAO_7006-10,São Paulo,3550308,True,,1995,,,-23.7380395,-46.780797,,,,1,2023-06-19T16:58:35+00:00
SAO_7006-10,São Paulo,3550308,True,,1995,,,-23.693506999999997,-46.779404,,,,1,2023-06-19T16:58:25+00:00
SAO_5013-31,São Paulo,3550308,True,,2236,,,-23.6675395,-46.673823,,,,1,2023-06-19T16:57:18+00:00
SAO_5013-31,São Paulo,3550308,True,,2236,,,-23.681029375,-46.63345662500001,,,,1,2023-06-19T16:58:20+00:00
SAO_5013-31,São Paulo,3550308,True,,2236,,,-23.682060999999997,-46.633000499999994,,,,1,2023-06-19T16:55:20+00:00
SAO_5013-31,São Paulo,3550308,True,,2236,,,-23.682060999999997,-46.633000499999994,,,,1,2023-06-19T16:58:41+00:00
SAO_4288-10,São Paulo,3550308,True,Cidade de Caieiras,290,https://moovitapp.com/index/pt-br/transporte_p%C3%BAblico-line-290-Sao_Paulo-242-868761-496416-0,5.0,-23.590011250000003,-46.552370499999995,,,,1,2023-06-19T16:58:41+00:00
SAO_178A-10,São Paulo,3550308,True,EMTU,558,https://moovitapp.com/index/pt-br/transporte_p%C3%BAblico-line-558-Sao_Paulo-242-2038937-36419559-0,4.4,-23.523056500000003,-46.68789162499999,,,,1,2023-06-19T16:58:39+00:00
SAO_178A-10,São Paulo,3550308,True,EMTU,558,https://moovitapp.com/index/pt-br/transporte_p%C3%BAblico-line-558-Sao_Paulo-242-2038937-36419559-0,4.4,-23.5287465,-46.63948275,,,,1,2023-06-19T16:58:29+00:00
SAO_2626-10,São Paulo,3550308,True,,33144,,,-23.5497865,-46.6288275,,,,2,2023-06-19T16:58:37+00:00
SAO_2626-10,São Paulo,3550308,True,,33144,,,-23.494554,-46.42565275,,,,2,2023-06-19T16:58:32+00:00
SAO_2626-10,São Paulo,3550308,True,,33144,,,-23.5118515,-46.5113655,,,,2,2023-06-19T16:58:47+00:00
SAO_2626-10,São Paulo,3550308,True,,33144,,,-23.522739,-46.41046625,,,,2,2023-06-19T16:58:24+00:00
SAO_2626-10,São Paulo,3550308,True,,33144,,,-23.52012875,-46.405300000000004,,,,2,2023-06-19T16:58:18+00:00
SAO_2626-10,São Paulo,3550308,True,,33144,,,-23.53362875,-46.56546,,,,2,2023-06-19T16:58:11+00:00
SAO_2626-10,São Paulo,3550308,True,,33144,,,-23.493818,-46.4503445,,,,2,2023-06-19T16:58:13+00:00
SAO_2626-10,São Paulo,3550308,True,,33144,,,-23.523087,-46.410531500000005,,,,2,2023-06-19T16:58:34+00:00
SAO_2626-10,São Paulo,3550308,True,,33144,,,-23.537573000000002,-46.596209375,,,,2,2023-06-19T16:58:25+00:00
SAO_2626-10,São Paulo,3550308,True,,33144,,,-23.5235135,-46.410546499999995,,,,2,2023-06-19T16:58:45+00:00
SAO_3462-10,São Paulo,3550308,True,EMTU,247,https://moovitapp.com/index/pt-br/transporte_p%C3%BAblico-line-247-Sao_Paulo-242-2038937-36419359-0,6.55,-23.528844499999998,-46.455845499999995,,,,1,2023-06-19T16:58:31+00:00
SAO_3462-10,São Paulo,3550308,True,EMTU,247,https://moovitapp.com/index/pt-br/transporte_p%C3%BAblico-line-247-Sao_Paulo-242-2038937-36419359-0,6.55,-23.540848687500002,-46.577043062499996,,,,1,2023-06-19T16:58:25+00:00
SAO_3462-10,São Paulo,3550308,True,EMTU,247,https://moovitapp.com/index/pt-br/transporte_p%C3%BAblico-line-247-Sao_Paulo-242-2038937-36419359-0,6.55,-23.533512625,-46.490743375,,,,1,2023-06-19T16:58:21+00:00
SAO_8528-10,São Paulo,3550308,True,,575,,,-23.5391215,-46.64618,,,,1,2023-06-19T16:58:39+00:00
SAO_8528-10,São Paulo,3550308,True,,575,,,-23.485870249999998,-46.69217975,,,,1,2023-06-19T16:58:14+00:00
SAO_8528-10,São Paulo,3550308,True,,575,,,-23.5227905,-46.659644,,,,1,2023-06-19T16:58:35+00:00
SAO_8528-10,São Paulo,3550308,True,,575,,,-23.461451,-46.689819,,,,1,2023-06-19T16:58:34+00:00
SAO_8020-10,São Paulo,3550308,True,,34494,,,-23.584768500000003,-46.739224,,,,2,2023-06-19T16:58:21+00:00
SAO_8020-10,São Paulo,3550308,True,,34494,,,-23.5997445,-46.7087315,,,,2,2023-06-19T16:58:24+00:00
SAO_8020-10,São Paulo,3550308,True,,34494,,,-23.584768500000003,-46.739224,,,,2,2023-06-19T16:58:55+00:00
SAO_6003-10,São Paulo,3550308,True,,1472,,,-23.738682,-46.7009325,,,,1,2023-06-19T16:58:32+00:00
SAO_6003-10,São Paulo,3550308,True,,1472,,,-23.76583,-46.717698,,,,1,2023-06-19T16:58:48+00:00
SAO_2058-10,São Paulo,3550308,True,,33027,,,-23.491640500000003,-46.434661,,,,2,2023-06-19T16:58:34+00:00
SAO_2058-10,São Paulo,3550308,True,,33027,,,-23.491651,-46.434374500000004,,,,2,2023-06-19T16:56:25+00:00
SAO_2058-10,São Paulo,3550308,True,,33027,,,-23.491902,-46.4332795,,,,2,2023-06-19T16:58:34+00:00
SAO_2058-10,São Paulo,3550308,True,,33027,,,-23.542572999999997,-46.4097625,,,,2,2023-06-19T16:58:52+00:00
SAO_8677-10,São Paulo,3550308,True,,33211,,,-23.487158,-46.732116000000005,,,,2,2023-06-19T16:58:41+00:00
SAO_8677-10,São Paulo,3550308,True,,33211,,,-23.487158,-46.732116000000005,,,,2,2023-06-19T16:58:48+00:00
SAO_8677-10,São Paulo,3550308,True,,33211,,,-23.4904245,-46.7606145,,,,2,2023-06-19T16:58:29+00:00
SAO_8677-10,São Paulo,3550308,True,,33211,,,-23.499825,-46.7463815,,,,2,2023-06-19T16:58:50+00:00
SAO_8677-10,São Paulo,3550308,True,,33211,,,-23.487239000000002,-46.7323545,,,,2,2023-06-19T16:58:19+00:00
SAO_8677-10,São Paulo,3550308,True,,33211,,,-23.487239000000002,-46.7323545,,,,2,2023-06-19T16:58:12+00:00
SAO_8677-10,São Paulo,3550308,True,,33211,,,-23.487239000000002,-46.7323545,,,,2,2023-06-19T16:58:21+00:00
SAO_8677-10,São Paulo,3550308,True,,33211,,,-23.5279289375,-46.670851125,,,,2,2023-06-19T16:58:44+00:00
SAO_514T-10,São Paulo,3550308,True,,34439,,,-23.602792,-46.6023785,,,,2,2023-06-19T16:58:40+00:00
SAO_514T-10,São Paulo,3550308,True,,34439,,,-23.593684500000002,-46.4983335,,,,2,2023-06-19T16:58:29+00:00
SAO_514T-10,São Paulo,3550308,True,,34439,,,-23.601038875,-46.609465125,,,,2,2023-06-19T16:58:30+00:00
SAO_514T-10,São Paulo,3550308,True,,34439,,,-23.577098499999998,-46.607443,,,,2,2023-06-19T16:58:35+00:00
SAO_514T-10,São Paulo,3550308,True,,34439,,,-23.58756625,-46.52932625,,,,2,2023-06-19T16:58:38+00:00
SAO_514T-10,São Paulo,3550308,True,,34439,,,-23.58247,-46.5996035,,,,2,2023-06-19T16:58:51+00:00
SAO_514T-10,São Paulo,3550308,True,,34439,,,-23.6028625,-46.602917000000005,,,,2,2023-06-19T16:58:42+00:00
SAO_514T-10,São Paulo,3550308,True,,34439,,,-23.602595,-46.6026645,,,,2,2023-06-19T16:58:26+00:00
SAO_514T-10,São Paulo,3550308,True,,34439,,,-23.596462000000002,-46.5152585,,,,2,2023-06-19T16:58:23+00:00
SAO_514T-10,São Paulo,3550308,True,,34439,,,-23.5827495,-46.5677015,,,,2,2023-06-19T16:58:16+00:00
SAO_719P-10,São Paulo,3550308,True,,1372,,,-23.5661695,-46.701891,,,,1,2023-06-19T16:58:43+00:00
SAO_719P-10,São Paulo,3550308,True,,1372,,,-23.5391165,-46.646069,,,,1,2023-06-19T16:58:18+00:00
SAO_719P-10,São Paulo,3550308,True,,1372,,,-23.566740125,-46.692832249999995,,,,1,2023-06-19T16:58:24+00:00
SAO_178Y-10,São Paulo,3550308,True,,33636,,,-23.4632735,-46.6410605,,,,2,2023-06-19T16:58:39+00:00
SAO_178Y-10,São Paulo,3550308,True,,33636,,,-23.467225499999998,-46.639269999999996,,,,2,2023-06-19T16:58:17+00:00
SAO_178Y-10,São Paulo,3550308,True,,33636,,,-23.4815495,-46.627254,,,,2,2023-06-19T16:58:43+00:00
SAO_7016-10,São Paulo,3550308,True,,34886,,,-23.688399500000003,-46.77262075,,,,2,2023-06-19T16:58:50+00:00
SAO_7016-10,São Paulo,3550308,True,,34886,,,-23.6794005,-46.734505999999996,,,,2,2023-06-19T16:58:24+00:00
SAO_7016-10,São Paulo,3550308,True,,34886,,,-23.6885435,-46.765898,,,,2,2023-06-19T16:58:33+00:00
SAO_9012-10,São Paulo,3550308,True,,34036,,,-23.495005499999998,-46.6922605,,,,2,2023-06-19T16:58:48+00:00
SAO_5362-23,São Paulo,3550308,True,,34628,,,-23.74435,-46.6720445,,,,2,2023-06-19T16:58:20+00:00
SAO_5362-23,São Paulo,3550308,True,,34628,,,-23.7320845,-46.6979035,,,,2,2023-06-19T16:56:57+00:00
SAO_3741-10,São Paulo,3550308,True,,1041,,,-23.5554925,-46.453512,,,,1,2023-06-19T16:58:15+00:00
SAO_3741-10,São Paulo,3550308,True,,1041,,,-23.544691750000002,-46.46327125,,,,1,2023-06-19T16:58:48+00:00
SAO_3741-10,São Paulo,3550308,True,,1041,,,-23.542065,-46.449332,,,,1,2023-06-19T16:58:23+00:00
SAO_3741-10,São Paulo,3550308,True,,1041,,,-23.556679875,-46.461670749999996,,,,1,2023-06-19T16:58:29+00:00
SAO_3741-10,São Paulo,3550308,True,,1041,,,-23.54081625,-46.45086875,,,,1,2023-06-19T16:58:52+00:00
SAO_3743-10,São Paulo,3550308,True,,1043,,,-23.5638915,-46.4667475,,,,1,2023-06-19T16:58:54+00:00
SAO_3743-10,São Paulo,3550308,True,,1043,,,-23.597652500000002,-46.48668725,,,,1,2023-06-19T16:58:15+00:00
SAO_3743-10,São Paulo,3550308,True,,1043,,,-23.551387,-46.4625745,,,,1,2023-06-19T16:58:17+00:00
SAO_6232-10,São Paulo,3550308,True,,33251,,,-23.54590575,-46.708266,,,,2,2023-06-19T16:58:35+00:00
SAO_6232-10,São Paulo,3550308,True,,33251,,,-23.538375000000002,-46.6639785,,,,2,2023-06-19T16:58:11+00:00
SAO_6820-10,São Paulo,3550308,True,,32787,,,-23.658609,-46.78921425,,,,2,2023-06-19T16:58:15+00:00
SAO_6820-10,São Paulo,3550308,True,,32787,,,-23.6591095,-46.766191,,,,2,2023-06-19T16:58:38+00:00
SAO_6820-10,São Paulo,3550308,True,,32787,,,-23.6559925,-46.76256875,,,,2,2023-06-19T16:58:44+00:00
SAO_6820-10,São Paulo,3550308,True,,32787,,,-23.66557675,-46.78298225,,,,2,2023-06-19T16:58:46+00:00
SAO_3763-10,São Paulo,3550308,True,,33822,,,-23.549994875,-46.554627124999996,,,,2,2023-06-19T16:58:25+00:00
SAO_3763-10,São Paulo,3550308,True,,33822,,,-23.55797,-46.523029,,,,2,2023-06-19T16:58:38+00:00
SAO_3763-10,São Paulo,3550308,True,,33822,,,-23.55004675,-46.5722945,,,,2,2023-06-19T16:58:18+00:00
SAO_3763-10,São Paulo,3550308,True,,33822,,,-23.564857375,-46.537414625000004,,,,2,2023-06-19T16:58:24+00:00
SAO_3763-10,São Paulo,3550308,True,,33822,,,-23.56042325,-46.5529035,,,,2,2023-06-19T16:58:25+00:00
SAO_3763-10,São Paulo,3550308,True,,33822,,,-23.5581125,-46.5227855,,,,2,2023-06-19T16:58:55+00:00
SAO_3763-10,São Paulo,3550308,True,,33822,,,-23.557536749999997,-46.523783249999994,,,,2,2023-06-19T16:58:25+00:00
SAO_6262-10,São Paulo,3550308,True,,1371,,,-23.541085000000002,-46.716848999999996,,,,1,2023-06-19T16:58:12+00:00
SAO_6262-10,São Paulo,3550308,True,,1371,,,-23.578630999999998,-46.68615750000001,,,,1,2023-06-19T16:58:23+00:00
SAO_6262-10,São Paulo,3550308,True,,1371,,,-23.555941499999996,-46.704606749999996,,,,1,2023-06-19T16:58:14+00:00
SAO_6262-10,São Paulo,3550308,True,,1371,,,-23.5498335,-46.64009,,,,1,2023-06-19T16:58:25+00:00
SAO_6451-10,São Paulo,3550308,True,,61,,,-23.581966,-46.68505975,,,,1,2023-06-19T16:58:20+00:00
SAO_6451-10,São Paulo,3550308,True,,61,,,-23.549083,-46.6398165,,,,1,2023-06-19T16:58:42+00:00
SAO_6451-10,São Paulo,3550308,True,,61,,,-23.570655000000002,-46.6624125,,,,1,2023-06-19T16:58:46+00:00
SAO_6451-10,São Paulo,3550308,True,,61,,,-23.6544905,-46.761455,,,,1,2023-06-19T16:58:51+00:00
SAO_6451-10,São Paulo,3550308,True,,61,,,-23.564640500000003,-46.6570085,,,,1,2023-06-19T16:58:49+00:00
SAO_6451-10,São Paulo,3550308,True,,61,,,-23.6544905,-46.761455,,,,1,2023-06-19T16:58:38+00:00
SAO_6451-10,São Paulo,3550308,True,,61,,,-23.644592,-46.725354,,,,1,2023-06-19T16:58:40+00:00
SAO_6451-10,São Paulo,3550308,True,,61,,,-23.6203225,-46.700261,,,,1,2023-06-19T16:58:41+00:00
SAO_6451-10,São Paulo,3550308,True,,61,,,-23.649005000000002,-46.7539805,,,,1,2023-06-19T16:58:45+00:00
SAO_6451-10,São Paulo,3550308,True,,61,,,-23.6544905,-46.761455,,,,1,2023-06-19T16:58:40+00:00
SAO_6451-10,São Paulo,3550308,True,,61,,,-23.6544905,-46.761455,,,,1,2023-06-19T16:58:27+00:00
SAO_6451-10,São Paulo,3550308,True,,61,,,-23.65436375,-46.760079499999996,,,,1,2023-06-19T16:58:37+00:00
SAO_6451-10,São Paulo,3550308,True,,61,,,-23.6544905,-46.761455,,,,1,2023-06-19T16:58:30+00:00
SAO_6451-10,São Paulo,3550308,True,,61,,,-23.583760249999997,-46.6868875,,,,1,2023-06-19T16:58:18+00:00
SAO_3725-10,São Paulo,3550308,True,,33790,,,-23.533086,-46.530659,,,,2,2023-06-19T16:58:41+00:00
SAO_3725-10,São Paulo,3550308,True,,33790,,,-23.533086,-46.530659,,,,2,2023-06-19T16:58:41+00:00
SAO_3725-10,São Paulo,3550308,True,,33790,,,-23.540511000000002,-46.5246905,,,,2,2023-06-19T16:58:36+00:00
SAO_3725-10,São Paulo,3550308,True,,33790,,,-23.5380385,-46.525535500000004,,,,2,2023-06-19T16:58:25+00:00
SAO_3725-10,São Paulo,3550308,True,,33790,,,-23.543365375,-46.521121125,,,,2,2023-06-19T16:58:52+00:00
SAO_6400-10,São Paulo,3550308,True,,32825,,,-23.590801,-46.672607,,,,2,2023-06-19T16:58:43+00:00
SAO_6400-10,São Paulo,3550308,True,,32825,,,-23.643908,-46.73173250000001,,,,2,2023-06-19T16:58:53+00:00
SAO_6400-10,São Paulo,3550308,True,,32825,,,-23.550008499999997,-46.639132000000004,,,,2,2023-06-19T16:58:43+00:00
SAO_1773-10,São Paulo,3550308,True,,637,,,-23.472904,-46.613551,,,,1,2023-06-19T16:58:49+00:00
SAO_1773-10,São Paulo,3550308,True,,637,,,-23.4362795,-46.5663955,,,,1,2023-06-19T16:55:41+00:00
SAO_1773-10,São Paulo,3550308,True,,637,,,-23.450737500000002,-46.595733249999995,,,,1,2023-06-19T16:57:13+00:00
SAO_1773-10,São Paulo,3550308,True,,637,,,-23.4826065,-46.6307425,,,,1,2023-06-19T16:58:43+00:00
SAO_1773-10,São Paulo,3550308,True,,637,,,-23.4825085,-46.630541,,,,1,2023-06-19T16:58:25+00:00
SAO_1773-10,São Paulo,3550308,True,,637,,,-23.4825085,-46.630541,,,,1,2023-06-19T16:58:20+00:00
SAO_958P-10,São Paulo,3550308,True,,33233,,,-23.480489,-46.758402000000004,,,,2,2023-06-19T16:58:42+00:00
SAO_958P-10,São Paulo,3550308,True,,33233,,,-23.48044,-46.7584765,,,,2,2023-06-19T16:58:32+00:00
SAO_958P-10,São Paulo,3550308,True,,33233,,,-23.479988,-46.758718,,,,2,2023-06-19T16:58:47+00:00
SAO_958P-10,São Paulo,3550308,True,,33233,,,-23.484697125,-46.755357375,,,,2,2023-06-19T16:58:47+00:00
SAO_958P-10,São Paulo,3550308,True,,33233,,,-23.596626999999998,-46.691807,,,,2,2023-06-19T16:58:41+00:00
SAO_958P-10,São Paulo,3550308,True,,33233,,,-23.538159,-46.719521,,,,2,2023-06-19T16:58:24+00:00
SAO_4732-31,São Paulo,3550308,True,,34895,,,-23.64698975,-46.59709775,,,,2,2023-06-19T16:58:43+00:00
SAO_4732-31,São Paulo,3550308,True,,34895,,,-23.6184455,-46.638504499999996,,,,2,2023-06-19T16:58:44+00:00
SAO_4732-31,São Paulo,3550308,True,,34895,,,-23.628254,-46.6148065,,,,2,2023-06-19T16:58:22+00:00
SAO_4732-31,São Paulo,3550308,True,,34895,,,-23.6475085,-46.600749,,,,2,2023-06-19T16:58:54+00:00
SAO_4732-31,São Paulo,3550308,True,,34895,,,-23.65061225,-46.595947,,,,2,2023-06-19T16:58:24+00:00
SAO_4732-31,São Paulo,3550308,True,,34895,,,-23.6475205,-46.6008525,,,,2,2023-06-19T16:58:23+00:00
SAO_4210-10,São Paulo,3550308,True,,2170,,,-23.583754,-46.4150015,,,,1,2023-06-19T16:56:28+00:00
SAO_4210-10,São Paulo,3550308,True,,2170,,,-23.595074,-46.4396905,,,,1,2023-06-19T16:58:12+00:00
SAO_4210-10,São Paulo,3550308,True,,2170,,,-23.53927275,-46.54313325,,,,1,2023-06-19T16:58:53+00:00
SAO_4210-10,São Paulo,3550308,True,,2170,,,-23.538511999999997,-46.603438,,,,1,2023-06-19T16:58:31+00:00
SAO_4210-10,São Paulo,3550308,True,,2170,,,-23.547011,-46.62953,,,,1,2023-06-19T16:58:27+00:00
SAO_4210-10,São Paulo,3550308,True,,2170,,,-23.5752715,-46.502601,,,,1,2023-06-19T16:58:12+00:00
SAO_5036-10,São Paulo,3550308,True,,34434,,,-23.657285,-46.6139885,,,,2,2023-06-19T16:58:42+00:00
SAO_5036-10,São Paulo,3550308,True,,34434,,,-23.609434,-46.6094285,,,,2,2023-06-19T16:58:38+00:00
SAO_5036-10,São Paulo,3550308,True,,34434,,,-23.6568295,-46.613296,,,,2,2023-06-19T16:58:52+00:00
SAO_746H-10,São Paulo,3550308,True,STT,785,https://moovitapp.com/index/pt-br/transporte_p%C3%BAblico-line-785-Sao_Paulo-242-850661-183353-0,5.3,-23.6491045,-46.7063595,,,,1,2023-06-19T16:58:11+00:00
SAO_746H-10,São Paulo,3550308,True,STT,785,https://moovitapp.com/index/pt-br/transporte_p%C3%BAblico-line-785-Sao_Paulo-242-850661-183353-0,5.3,-23.6202375,-46.733334,,,,1,2023-06-19T16:58:13+00:00
SAO_746H-10,São Paulo,3550308,True,STT,785,https://moovitapp.com/index/pt-br/transporte_p%C3%BAblico-line-785-Sao_Paulo-242-850661-183353-0,5.3,-23.5936725,-46.753572500000004,,,,1,2023-06-19T16:58:19+00:00
SAO_746H-10,São Paulo,3550308,True,STT,785,https://moovitapp.com/index/pt-br/transporte_p%C3%BAblico-line-785-Sao_Paulo-242-850661-183353-0,5.3,-23.597497249999996,-46.75566725,,,,1,2023-06-19T16:58:08+00:00
SAO_746H-10,São Paulo,3550308,True,STT,785,https://moovitapp.com/index/pt-br/transporte_p%C3%BAblico-line-785-Sao_Paulo-242-850661-183353-0,5.3,-23.6492675,-46.7064685,,,,1,2023-06-19T16:58:21+00:00
SAO_746H-10,São Paulo,3550308,True,STT,785,https://moovitapp.com/index/pt-br/transporte_p%C3%BAblico-line-785-Sao_Paulo-242-850661-183353-0,5.3,-23.5936725,-46.753572500000004,,,,1,2023-06-19T16:58:27+00:00
SAO_746H-10,São Paulo,3550308,True,STT,785,https://moovitapp.com/index/pt-br/transporte_p%C3%BAblico-line-785-Sao_Paulo-242-850661-183353-0,5.3,-23.5936725,-46.753572500000004,,,,1,2023-06-19T16:58:46+00:00
SAO_746H-10,São Paulo,3550308,True,STT,785,https://moovitapp.com/index/pt-br/transporte_p%C3%BAblico-line-785-Sao_Paulo-242-850661-183353-0,5.3,-23.6491045,-46.7063595,,,,1,2023-06-19T16:58:35+00:00
SAO_746H-10,São Paulo,3550308,True,STT,785,https://moovitapp.com/index/pt-br/transporte_p%C3%BAblico-line-785-Sao_Paulo-242-850661-183353-0,5.3,-23.584925499999997,-46.724356,,,,1,2023-06-19T16:58:09+00:00
SAO_746H-10,São Paulo,3550308,True,STT,785,https://moovitapp.com/index/pt-br/transporte_p%C3%BAblico-line-785-Sao_Paulo-242-850661-183353-0,5.3,-23.645209,-46.711771,,,,1,2023-06-19T16:58:29+00:00
SAO_746H-10,São Paulo,3550308,True,STT,785,https://moovitapp.com/index/pt-br/transporte_p%C3%BAblico-line-785-Sao_Paulo-242-850661-183353-0,5.3,-23.603759,-46.7252105,,,,1,2023-06-19T16:58:09+00:00
SAO_948A-10,São Paulo,3550308,True,,1423,,,-23.522921750000002,-46.70047425,,,,1,2023-06-19T16:58:35+00:00
SAO_948A-10,São Paulo,3550308,True,,1423,,,-23.481636,-46.718026,,,,1,2023-06-19T16:58:53+00:00
SAO_3301-10,São Paulo,3550308,True,,1618,,,-23.5366255,-46.589150000000004,,,,1,2023-06-19T16:58:41+00:00
SAO_3301-10,São Paulo,3550308,True,,1618,,,-23.5137115,-46.527705,,,,1,2023-06-19T16:58:16+00:00
SAO_3301-10,São Paulo,3550308,True,,1618,,,-23.491511000000003,-46.435198,,,,1,2023-06-19T16:58:51+00:00
SAO_3301-10,São Paulo,3550308,True,,1618,,,-23.491511000000003,-46.435198,,,,1,2023-06-19T16:58:52+00:00
SAO_3301-10,São Paulo,3550308,True,,1618,,,-23.536239000000002,-46.5870915,,,,1,2023-06-19T16:58:51+00:00
SAO_3301-10,São Paulo,3550308,True,,1618,,,-23.527441500000002,-46.551878,,,,1,2023-06-19T16:58:12+00:00
SAO_3773-10,São Paulo,3550308,True,,33827,,,-23.598767,-46.4683175,,,,2,2023-06-19T16:58:47+00:00
SAO_3773-10,São Paulo,3550308,True,,33827,,,-23.562649,-46.509988,,,,2,2023-06-19T16:58:16+00:00
SAO_3773-10,São Paulo,3550308,True,,33827,,,-23.60428225,-46.48109225,,,,2,2023-06-19T16:58:40+00:00
SAO_3773-10,São Paulo,3550308,True,,33827,,,-23.614918000000003,-46.46564,,,,2,2023-06-19T16:58:49+00:00
SAO_574C-10,São Paulo,3550308,True,,34407,,,-23.6115,-46.4733145,,,,2,2023-06-19T16:58:40+00:00
SAO_574C-10,São Paulo,3550308,True,,34407,,,-23.5912025,-46.5452945,,,,2,2023-06-19T16:58:44+00:00
SAO_574C-10,São Paulo,3550308,True,,34407,,,-23.605445500000002,-46.508540749999995,,,,2,2023-06-19T16:58:29+00:00
SAO_574C-10,São Paulo,3550308,True,,34407,,,-23.6112865,-46.473203,,,,2,2023-06-19T16:58:50+00:00
SAO_574C-10,São Paulo,3550308,True,,34407,,,-23.61255,-46.477830999999995,,,,2,2023-06-19T16:58:43+00:00
SAO_7004-10,São Paulo,3550308,True,,1992,,,-23.702687,-46.7833245,,,,1,2023-06-19T16:58:27+00:00
SAO_7004-10,São Paulo,3550308,True,,1992,,,-23.732263,-46.786442,,,,1,2023-06-19T16:58:40+00:00
SAO_7004-10,São Paulo,3550308,True,,1992,,,-23.741771999999997,-46.8001715,,,,1,2023-06-19T16:58:46+00:00
SAO_7004-10,São Paulo,3550308,True,,1992,,,-23.741771999999997,-46.8001715,,,,1,2023-06-19T16:58:20+00:00
SAO_7004-10,São Paulo,3550308,True,,1992,,,-23.741771999999997,-46.8001715,,,,1,2023-06-19T16:58:33+00:00
SAO_7004-10,São Paulo,3550308,True,,1992,,,-23.732263,-46.786442,,,,1,2023-06-19T16:58:34+00:00
SAO_7004-10,São Paulo,3550308,True,,1992,,,-23.6854385,-46.736959999999996,,,,1,2023-06-19T16:58:05+00:00
SAO_7004-10,São Paulo,3550308,True,,1992,,,-23.7320815,-46.786311,,,,1,2023-06-19T16:58:49+00:00
SAO_7004-10,São Paulo,3550308,True,,1992,,,-23.732512999999997,-46.78660625,,,,1,2023-06-19T16:58:48+00:00
SAO_7004-10,São Paulo,3550308,True,,1992,,,-23.6873875,-46.771598,,,,1,2023-06-19T16:57:41+00:00
SAO_7004-10,São Paulo,3550308,True,,1992,,,-23.731146000000003,-46.785866999999996,,,,1,2023-06-19T16:58:46+00:00
SAO_2203-10,São Paulo,3550308,True,,33679,,,-23.5248035,-46.49467175,,,,2,2023-06-19T16:58:53+00:00
SAO_2203-10,São Paulo,3550308,True,,33679,,,-23.5202085,-46.483777,,,,2,2023-06-19T16:58:27+00:00
SAO_2203-10,São Paulo,3550308,True,,33679,,,-23.5267535,-46.526430625,,,,2,2023-06-19T16:58:46+00:00
SAO_6821-10,São Paulo,3550308,True,BR7 Mobilidade,21,https://moovitapp.com/index/pt-br/transporte_p%C3%BAblico-line-21-Sao_Paulo-242-851856-707765-0,5.75,-23.685882499999998,-46.7807575,,,,1,2023-06-19T16:58:48+00:00
SAO_6821-10,São Paulo,3550308,True,BR7 Mobilidade,21,https://moovitapp.com/index/pt-br/transporte_p%C3%BAblico-line-21-Sao_Paulo-242-851856-707765-0,5.75,-23.685882499999998,-46.7807575,,,,1,2023-06-19T16:58:30+00:00
SAO_6821-10,São Paulo,3550308,True,BR7 Mobilidade,21,https://moovitapp.com/index/pt-br/transporte_p%C3%BAblico-line-21-Sao_Paulo-242-851856-707765-0,5.75,-23.6540735,-46.7628415,,,,1,2023-06-19T16:58:35+00:00
SAO_6821-10,São Paulo,3550308,True,BR7 Mobilidade,21,https://moovitapp.com/index/pt-br/transporte_p%C3%BAblico-line-21-Sao_Paulo-242-851856-707765-0,5.75,-23.67407275,-46.77368725,,,,1,2023-06-19T16:58:37+00:00
SAO_5030-10,São Paulo,3550308,True,,34437,,,-23.637222,-46.595223000000004,,,,2,2023-06-19T16:58:33+00:00
SAO_5030-10,São Paulo,3550308,True,,34437,,,-23.637222,-46.595223000000004,,,,2,2023-06-19T16:58:45+00:00
SAO_9501-10,São Paulo,3550308,True,EMTU,462,https://moovitapp.com/index/pt-br/transporte_p%C3%BAblico-line-462-Sao_Paulo-242-2038937-36419502-0,7.4,-23.5231116875,-46.6514318125,,,,1,2023-06-19T16:58:16+00:00
SAO_9501-10,São Paulo,3550308,True,EMTU,462,https://moovitapp.com/index/pt-br/transporte_p%C3%BAblico-line-462-Sao_Paulo-242-2038937-36419502-0,7.4,-23.5433595,-46.637801499999995,,,,1,2023-06-19T16:58:46+00:00
SAO_9501-10,São Paulo,3550308,True,EMTU,462,https://moovitapp.com/index/pt-br/transporte_p%C3%BAblico-line-462-Sao_Paulo-242-2038937-36419502-0,7.4,-23.52021975,-46.671809999999994,,,,1,2023-06-19T16:58:55+00:00
SAO_9501-10,São Paulo,3550308,True,EMTU,462,https://moovitapp.com/index/pt-br/transporte_p%C3%BAblico-line-462-Sao_Paulo-242-2038937-36419502-0,7.4,-23.475306,-46.6698155,,,,1,2023-06-19T16:58:15+00:00
SAO_9501-10,São Paulo,3550308,True,EMTU,462,https://moovitapp.com/index/pt-br/transporte_p%C3%BAblico-line-462-Sao_Paulo-242-2038937-36419502-0,7.4,-23.475306,-46.6698155,,,,1,2023-06-19T16:58:19+00:00
SAO_9501-10,São Paulo,3550308,True,EMTU,462,https://moovitapp.com/index/pt-br/transporte_p%C3%BAblico-line-462-Sao_Paulo-242-2038937-36419502-0,7.4,-23.512507999999997,-46.690535,,,,1,2023-06-19T16:58:52+00:00
SAO_9501-10,São Paulo,3550308,True,EMTU,462,https://moovitapp.com/index/pt-br/transporte_p%C3%BAblico-line-462-Sao_Paulo-242-2038937-36419502-0,7.4,-23.479086000000002,-46.673387500000004,,,,1,2023-06-19T16:58:29+00:00
SAO_9501-10,São Paulo,3550308,True,EMTU,462,https://moovitapp.com/index/pt-br/transporte_p%C3%BAblico-line-462-Sao_Paulo-242-2038937-36419502-0,7.4,-23.475306,-46.6698155,,,,1,2023-06-19T16:58:32+00:00
SAO_524M-10,São Paulo,3550308,True,,1631,,,-23.614266,-46.501662499999995,,,,1,2023-06-19T16:58:14+00:00
SAO_524M-10,São Paulo,3550308,True,,1631,,,-23.57446725,-46.51368049999999,,,,1,2023-06-19T16:58:27+00:00
SAO_524M-10,São Paulo,3550308,True,,1631,,,-23.619445,-46.495205,,,,1,2023-06-19T16:58:33+00:00
SAO_524M-10,São Paulo,3550308,True,,1631,,,-23.599545499999998,-46.49888,,,,1,2023-06-19T16:58:17+00:00
SAO_524M-10,São Paulo,3550308,True,,1631,,,-23.58799275,-46.5115205,,,,1,2023-06-19T16:58:22+00:00
SAO_524M-10,São Paulo,3550308,True,,1631,,,-23.564628499999998,-46.505382999999995,,,,1,2023-06-19T16:58:34+00:00
SAO_524M-10,São Paulo,3550308,True,,1631,,,-23.6170215,-46.49448875,,,,1,2023-06-19T16:58:10+00:00
SAO_524M-10,São Paulo,3550308,True,,1631,,,-23.57044525,-46.50919375000001,,,,1,2023-06-19T16:58:49+00:00
SAO_675R-10,São Paulo,3550308,True,,32877,,,-23.7160315,-46.688876750000006,,,,2,2023-06-19T16:58:18+00:00
SAO_675R-10,São Paulo,3550308,True,,32877,,,-23.661293,-46.679432000000006,,,,2,2023-06-19T16:58:23+00:00
SAO_675R-10,São Paulo,3550308,True,,32877,,,-23.7543765,-46.6802115,,,,2,2023-06-19T16:58:32+00:00
SAO_695D-10,São Paulo,3550308,True,EMTU,114,https://moovitapp.com/index/pt-br/transporte_p%C3%BAblico-line-114-Sao_Paulo-242-2038937-36419274-0,6.4,-23.65493875,-46.668006000000005,,,,1,2023-06-19T16:58:38+00:00
SAO_695D-10,São Paulo,3550308,True,EMTU,114,https://moovitapp.com/index/pt-br/transporte_p%C3%BAblico-line-114-Sao_Paulo-242-2038937-36419274-0,6.4,-23.67970975,-46.68644525,,,,1,2023-06-19T16:58:46+00:00
SAO_695D-10,São Paulo,3550308,True,EMTU,114,https://moovitapp.com/index/pt-br/transporte_p%C3%BAblico-line-114-Sao_Paulo-242-2038937-36419274-0,6.4,-23.6463425,-46.64646425,,,,1,2023-06-19T16:58:31+00:00
SAO_695D-10,São Paulo,3550308,True,EMTU,114,https://moovitapp.com/index/pt-br/transporte_p%C3%BAblico-line-114-Sao_Paulo-242-2038937-36419274-0,6.4,-23.738139500000003,-46.686422,,,,1,2023-06-19T16:58:50+00:00
SAO_2708-10,São Paulo,3550308,True,,33689,,,-23.533179124999997,-46.40071425,,,,2,2023-06-19T16:58:50+00:00
SAO_2708-10,São Paulo,3550308,True,,33689,,,-23.521755,-46.425158499999995,,,,2,2023-06-19T16:58:49+00:00
SAO_2708-10,São Paulo,3550308,True,,33689,,,-23.522062124999998,-46.428932375,,,,2,2023-06-19T16:58:54+00:00
SAO_2708-10,São Paulo,3550308,True,,33689,,,-23.533335875,-46.40048375,,,,2,2023-06-19T16:58:43+00:00
SAO_2708-10,São Paulo,3550308,True,,33689,,,-23.53211975,-46.44718925,,,,2,2023-06-19T16:58:17+00:00
SAO_3766-10,São Paulo,3550308,True,,1055,,,-23.542434,-46.471034,,,,1,2023-06-19T16:58:13+00:00
SAO_3766-10,São Paulo,3550308,True,,1055,,,-23.5532365,-46.431661500000004,,,,1,2023-06-19T16:58:26+00:00
SAO_3766-10,São Paulo,3550308,True,,1055,,,-23.553675499999997,-46.427672,,,,1,2023-06-19T16:58:16+00:00
SAO_3766-10,São Paulo,3550308,True,,1055,,,-23.535528,-46.4545035,,,,1,2023-06-19T16:58:13+00:00
SAO_3766-10,São Paulo,3550308,True,,1055,,,-23.54172825,-46.439352125,,,,1,2023-06-19T16:58:32+00:00
SAO_6455-10,São Paulo,3550308,True,,32831,,,-23.6216535,-46.679291000000006,,,,2,2023-06-19T16:58:23+00:00
SAO_6455-10,São Paulo,3550308,True,,32831,,,-23.551242000000002,-46.637025,,,,2,2023-06-19T16:58:35+00:00
SAO_6455-10,São Paulo,3550308,True,,32831,,,-23.6546255,-46.761425,,,,2,2023-06-19T16:58:11+00:00
SAO_6455-10,São Paulo,3550308,True,,32831,,,-23.5809725,-46.6572905,,,,2,2023-06-19T16:58:27+00:00
SAO_6455-10,São Paulo,3550308,True,,32831,,,-23.643834,-46.701629749999995,,,,2,2023-06-19T16:58:15+00:00
SAO_2203-10,São Paulo,3550308,True,,911,,,-23.52389525,-46.50996275,,,,1,2023-06-19T16:56:50+00:00
SAO_2203-10,São Paulo,3550308,True,,911,,,-23.5272005,-46.540449,,,,1,2023-06-19T16:58:20+00:00
SAO_2203-10,São Paulo,3550308,True,,911,,,-23.520830500000002,-46.484642,,,,1,2023-06-19T16:54:39+00:00
SAO_2203-10,São Paulo,3550308,True,,911,,,-23.5248045,-46.545018999999996,,,,1,2023-06-19T16:58:26+00:00
SAO_3141-10,São Paulo,3550308,True,,734,,,-23.595352,-46.524499500000005,,,,1,2023-06-19T16:58:30+00:00
SAO_3141-10,São Paulo,3550308,True,,734,,,-23.6140755,-46.497856999999996,,,,1,2023-06-19T16:57:36+00:00
SAO_3141-10,São Paulo,3550308,True,,734,,,-23.5488585,-46.6043695,,,,1,2023-06-19T16:58:29+00:00
SAO_3141-10,São Paulo,3550308,True,,734,,,-23.5730395,-46.5605705,,,,1,2023-06-19T16:58:46+00:00
SAO_3141-10,São Paulo,3550308,True,,734,,,-23.611065,-46.4835255,,,,1,2023-06-19T16:58:40+00:00
SAO_3141-10,São Paulo,3550308,True,,734,,,-23.612431,-46.478824,,,,1,2023-06-19T16:58:26+00:00
SAO_8004-10,São Paulo,3550308,True,,34022,,,-23.47043,-46.752005999999994,,,,2,2023-06-19T16:58:41+00:00
SAO_8004-10,São Paulo,3550308,True,,34022,,,-23.470457,-46.751476499999995,,,,2,2023-06-19T16:58:16+00:00
SAO_8004-10,São Paulo,3550308,True,,34022,,,-23.518019,-46.7077245,,,,2,2023-06-19T16:58:33+00:00
SAO_8004-10,São Paulo,3550308,True,,34022,,,-23.470457,-46.751476499999995,,,,2,2023-06-19T16:58:16+00:00
SAO_6120-10,São Paulo,3550308,True,,1189,,,-23.73749875,-46.693042,,,,1,2023-06-19T16:58:23+00:00
SAO_6120-10,São Paulo,3550308,True,,1189,,,-23.7602595,-46.67738249999999,,,,1,2023-06-19T16:58:42+00:00
SAO_6120-10,São Paulo,3550308,True,,1189,,,-23.76112925,-46.67542924999999,,,,1,2023-06-19T16:58:28+00:00
SAO_9004-10,São Paulo,3550308,True,,33639,,,-23.475167499999998,-46.6699895,,,,2,2023-06-19T16:58:48+00:00
SAO_9004-10,São Paulo,3550308,True,,33639,,,-23.457195499999997,-46.685354,,,,2,2023-06-19T16:58:37+00:00
SAO_9004-10,São Paulo,3550308,True,,33639,,,-23.456984,-46.6852645,,,,2,2023-06-19T16:58:14+00:00
SAO_9004-10,São Paulo,3550308,True,,33639,,,-23.4567555,-46.6849275,,,,2,2023-06-19T16:58:24+00:00
SAO_9004-10,São Paulo,3550308,True,,33639,,,-23.4564875,-46.6821065,,,,2,2023-06-19T16:58:42+00:00
SAO_278A-10,São Paulo,3550308,True,,706,,,-23.5196865,-46.529875,,,,1,2023-06-19T16:58:15+00:00
SAO_278A-10,São Paulo,3550308,True,,706,,,-23.5201225,-46.623228499999996,,,,1,2023-06-19T16:58:47+00:00
SAO_278A-10,São Paulo,3550308,True,,706,,,-23.5077475,-46.525870999999995,,,,1,2023-06-19T16:58:25+00:00
SAO_278A-10,São Paulo,3550308,True,,706,,,-23.507741,-46.525792499999994,,,,1,2023-06-19T16:58:47+00:00
SAO_609F-10,São Paulo,3550308,True,BR7 Mobilidade,37,https://moovitapp.com/index/pt-br/transporte_p%C3%BAblico-line-37-Sao_Paulo-242-851856-596010-0,5.75,-23.650832,-46.7336145,,,,1,2023-06-19T16:58:26+00:00
SAO_609F-10,São Paulo,3550308,True,BR7 Mobilidade,37,https://moovitapp.com/index/pt-br/transporte_p%C3%BAblico-line-37-Sao_Paulo-242-851856-596010-0,5.75,-23.5355075,-46.644417000000004,,,,1,2023-06-19T16:58:40+00:00
SAO_609F-10,São Paulo,3550308,True,BR7 Mobilidade,37,https://moovitapp.com/index/pt-br/transporte_p%C3%BAblico-line-37-Sao_Paulo-242-851856-596010-0,5.75,-23.574450749999997,-46.667640375000005,,,,1,2023-06-19T16:58:31+00:00
SAO_609F-10,São Paulo,3550308,True,BR7 Mobilidade,37,https://moovitapp.com/index/pt-br/transporte_p%C3%BAblico-line-37-Sao_Paulo-242-851856-596010-0,5.75,-23.6159395,-46.6990865,,,,1,2023-06-19T16:58:56+00:00
SAO_609F-10,São Paulo,3550308,True,BR7 Mobilidade,37,https://moovitapp.com/index/pt-br/transporte_p%C3%BAblico-line-37-Sao_Paulo-242-851856-596010-0,5.75,-23.5355075,-46.644417000000004,,,,1,2023-06-19T16:58:39+00:00
SAO_609F-10,São Paulo,3550308,True,BR7 Mobilidade,37,https://moovitapp.com/index/pt-br/transporte_p%C3%BAblico-line-37-Sao_Paulo-242-851856-596010-0,5.75,-23.6620165,-46.7536115,,,,1,2023-06-19T16:58:38+00:00
SAO_609F-10,São Paulo,3550308,True,BR7 Mobilidade,37,https://moovitapp.com/index/pt-br/transporte_p%C3%BAblico-line-37-Sao_Paulo-242-851856-596010-0,5.75,-23.6680755,-46.748797,,,,1,2023-06-19T16:58:47+00:00
SAO_609F-10,São Paulo,3550308,True,BR7 Mobilidade,37,https://moovitapp.com/index/pt-br/transporte_p%C3%BAblico-line-37-Sao_Paulo-242-851856-596010-0,5.75,-23.541629999999998,-46.634266499999995,,,,1,2023-06-19T16:58:54+00:00
SAO_609F-10,São Paulo,3550308,True,BR7 Mobilidade,37,https://moovitapp.com/index/pt-br/transporte_p%C3%BAblico-line-37-Sao_Paulo-242-851856-596010-0,5.75,-23.6680755,-46.748797,,,,1,2023-06-19T16:58:13+00:00
SAO_4735-10,São Paulo,3550308,True,,1110,,,-23.613538,-46.476616,,,,1,2023-06-19T16:58:39+00:00
SAO_4735-10,São Paulo,3550308,True,,1110,,,-23.6191365,-46.472797,,,,1,2023-06-19T16:58:38+00:00
SAO_4735-10,São Paulo,3550308,True,,1110,,,-23.611480999999998,-46.476130999999995,,,,1,2023-06-19T16:58:49+00:00
SAO_4053-10,São Paulo,3550308,True,,2146,,,-23.5590895,-46.399975,,,,1,2023-06-19T16:58:10+00:00
SAO_4053-10,São Paulo,3550308,True,,2146,,,-23.553314,-46.394014999999996,,,,1,2023-06-19T16:55:04+00:00
SAO_4053-10,São Paulo,3550308,True,,2146,,,-23.5590895,-46.399975,,,,1,2023-06-19T16:58:10+00:00
SAO_4053-10,São Paulo,3550308,True,,2146,,,-23.542768,-46.41466525,,,,1,2023-06-19T16:58:31+00:00
SAO_6291-10,São Paulo,3550308,True,EMTU,358,https://moovitapp.com/index/pt-br/transporte_p%C3%BAblico-line-358-Sao_Paulo-242-2038937-36419439-0,4.8,-23.5494035,-46.6390515,,,,1,2023-06-19T16:58:33+00:00
SAO_6291-10,São Paulo,3550308,True,EMTU,358,https://moovitapp.com/index/pt-br/transporte_p%C3%BAblico-line-358-Sao_Paulo-242-2038937-36419439-0,4.8,-23.572986375000003,-46.6656,,,,1,2023-06-19T16:58:33+00:00
SAO_6291-10,São Paulo,3550308,True,EMTU,358,https://moovitapp.com/index/pt-br/transporte_p%C3%BAblico-line-358-Sao_Paulo-242-2038937-36419439-0,4.8,-23.586362,-46.698005,,,,1,2023-06-19T16:58:44+00:00
SAO_6291-10,São Paulo,3550308,True,EMTU,358,https://moovitapp.com/index/pt-br/transporte_p%C3%BAblico-line-358-Sao_Paulo-242-2038937-36419439-0,4.8,-23.6346135,-46.727636000000004,,,,1,2023-06-19T16:58:40+00:00
SAO_6291-10,São Paulo,3550308,True,EMTU,358,https://moovitapp.com/index/pt-br/transporte_p%C3%BAblico-line-358-Sao_Paulo-242-2038937-36419439-0,4.8,-23.648556,-46.760327000000004,,,,1,2023-06-19T16:58:47+00:00
SAO_6291-10,São Paulo,3550308,True,EMTU,358,https://moovitapp.com/index/pt-br/transporte_p%C3%BAblico-line-358-Sao_Paulo-242-2038937-36419439-0,4.8,-23.643303500000002,-46.7766185,,,,1,2023-06-19T16:58:19+00:00
SAO_5632-10,São Paulo,3550308,True,,81,,,-23.7375215,-46.709300999999996,,,,1,2023-06-19T16:58:31+00:00
SAO_5632-10,São Paulo,3550308,True,,81,,,-23.72605375,-46.703394,,,,1,2023-06-19T16:58:44+00:00
SAO_5632-10,São Paulo,3550308,True,,81,,,-23.59990275,-46.658639,,,,1,2023-06-19T16:58:14+00:00
SAO_5632-10,São Paulo,3550308,True,,81,,,-23.57180025,-46.640876500000005,,,,1,2023-06-19T16:58:13+00:00
SAO_5632-10,São Paulo,3550308,True,,81,,,-23.609559062499997,-46.667714375,,,,1,2023-06-19T16:58:36+00:00
SAO_5632-10,São Paulo,3550308,True,,81,,,-23.672530875,-46.712163125,,,,1,2023-06-19T16:58:30+00:00
SAO_4092-10,São Paulo,3550308,True,,34644,,,-23.58338225,-46.415035,,,,2,2023-06-19T16:58:54+00:00
SAO_4092-10,São Paulo,3550308,True,,34644,,,-23.583029,-46.4077545,,,,2,2023-06-19T16:58:19+00:00
SAO_4092-10,São Paulo,3550308,True,,34644,,,-23.587219500000003,-46.42081,,,,2,2023-06-19T16:58:25+00:00
SAO_2007-10,São Paulo,3550308,True,,896,,,-23.494926,-46.4031775,,,,1,2023-06-19T16:57:39+00:00
SAO_2007-10,São Paulo,3550308,True,,896,,,-23.5068575,-46.38783,,,,1,2023-06-19T16:58:51+00:00
SAO_2007-10,São Paulo,3550308,True,,896,,,-23.4984495,-46.3958055,,,,1,2023-06-19T16:57:07+00:00
SAO_7550-10,São Paulo,3550308,True,,34861,,,-23.5631675,-46.6456515,,,,2,2023-06-19T16:58:52+00:00
SAO_7550-10,São Paulo,3550308,True,,34861,,,-23.583496249999996,-46.66908875,,,,2,2023-06-19T16:58:47+00:00
SAO_7550-10,São Paulo,3550308,True,,34861,,,-23.541278499999997,-46.6446955,,,,2,2023-06-19T16:58:28+00:00
SAO_7550-10,São Paulo,3550308,True,,34861,,,-23.63722225,-46.69631025,,,,2,2023-06-19T16:58:49+00:00
SAO_7550-10,São Paulo,3550308,True,,34861,,,-23.6551605,-46.7164075,,,,2,2023-06-19T16:58:27+00:00
SAO_2002-10,São Paulo,3550308,True,,33479,,,-23.552137000000002,-46.634062,,,,2,2023-06-19T16:58:26+00:00
SAO_2002-10,São Paulo,3550308,True,,33479,,,-23.5463875,-46.630173,,,,2,2023-06-19T16:58:41+00:00
SAO_2002-10,São Paulo,3550308,True,,33479,,,-23.546634500000003,-46.6300045,,,,2,2023-06-19T16:58:21+00:00
SAO_5024-10,São Paulo,3550308,True,,33890,,,-23.689408999999998,-46.6492585,,,,2,2023-06-19T16:58:31+00:00
SAO_5024-10,São Paulo,3550308,True,,33890,,,-23.679679999999998,-46.6657535,,,,2,2023-06-19T16:58:21+00:00
SAO_5024-10,São Paulo,3550308,True,,33890,,,-23.683942000000002,-46.6778135,,,,2,2023-06-19T16:58:07+00:00
SAO_5024-10,São Paulo,3550308,True,,33890,,,-23.653619499999998,-46.701682125000005,,,,2,2023-06-19T16:58:33+00:00
SAO_809J-10,São Paulo,3550308,True,,34834,,,-23.5941975,-46.731233,,,,2,2023-06-19T16:58:37+00:00
SAO_809J-10,São Paulo,3550308,True,,34834,,,-23.5941975,-46.731233,,,,2,2023-06-19T16:58:11+00:00
SAO_390E-10,São Paulo,3550308,True,,1882,,,-23.518709,-46.546899499999995,,,,1,2023-06-19T16:58:45+00:00
SAO_390E-10,São Paulo,3550308,True,,1882,,,-23.539987,-46.61139225,,,,1,2023-06-19T16:58:35+00:00
SAO_390E-10,São Paulo,3550308,True,,1882,,,-23.5372205,-46.59428762499999,,,,1,2023-06-19T16:58:31+00:00
SAO_390E-10,São Paulo,3550308,True,,1882,,,-23.5461575,-46.6309005,,,,1,2023-06-19T16:58:47+00:00
SAO_2008-10,São Paulo,3550308,True,,897,,,-23.494199000000002,-46.4010145,,,,1,2023-06-19T16:58:06+00:00
SAO_2008-10,São Paulo,3550308,True,,897,,,-23.506824,-46.3958545,,,,1,2023-06-19T16:57:23+00:00
SAO_2008-10,São Paulo,3550308,True,,897,,,-23.513238875000003,-46.39240025000001,,,,1,2023-06-19T16:58:49+00:00
SAO_2008-10,São Paulo,3550308,True,,897,,,-23.494194,-46.400918,,,,1,2023-06-19T16:58:39+00:00
SAO_2008-10,São Paulo,3550308,True,,897,,,-23.5169485,-46.3890475,,,,1,2023-06-19T16:58:20+00:00
SAO_519M-10,São Paulo,3550308,True,,2211,,,-23.604022,-46.516968000000006,,,,1,2023-06-19T16:58:15+00:00
SAO_519M-10,São Paulo,3550308,True,,2211,,,-23.5823265,-46.5992095,,,,1,2023-06-19T16:58:45+00:00
SAO_128Y-10,São Paulo,3550308,True,EMTU,843,https://moovitapp.com/index/pt-br/transporte_p%C3%BAblico-line-843-Sao_Paulo-242-2038937-36419606-0,4.1,-23.520637,-46.704139,,,,1,2023-06-19T16:58:41+00:00
SAO_128Y-10,São Paulo,3550308,True,EMTU,843,https://moovitapp.com/index/pt-br/transporte_p%C3%BAblico-line-843-Sao_Paulo-242-2038937-36419606-0,4.1,-23.50372,-46.6761305,,,,1,2023-06-19T16:58:23+00:00
SAO_128Y-10,São Paulo,3550308,True,EMTU,843,https://moovitapp.com/index/pt-br/transporte_p%C3%BAblico-line-843-Sao_Paulo-242-2038937-36419606-0,4.1,-23.4798945,-46.658268500000005,,,,1,2023-06-19T16:58:48+00:00
SAO_908T-10,São Paulo,3550308,True,,34884,,,-23.546217,-46.6305745,,,,2,2023-06-19T16:58:15+00:00
SAO_908T-10,São Paulo,3550308,True,,34884,,,-23.546433999999998,-46.630430000000004,,,,2,2023-06-19T16:58:28+00:00
SAO_908T-10,São Paulo,3550308,True,,34884,,,-23.548667625,-46.643626874999995,,,,2,2023-06-19T16:58:41+00:00
SAO_908T-10,São Paulo,3550308,True,,34884,,,-23.58672575,-46.69362775,,,,2,2023-06-19T16:58:44+00:00
SAO_2006-10,São Paulo,3550308,True,,895,,,-23.498005,-46.3698255,,,,1,2023-06-19T16:58:26+00:00
SAO_2006-10,São Paulo,3550308,True,,895,,,-23.4944385,-46.39990400000001,,,,1,2023-06-19T16:58:45+00:00
SAO_2006-10,São Paulo,3550308,True,,895,,,-23.49718625,-46.39991175,,,,1,2023-06-19T16:58:43+00:00
SAO_2006-10,São Paulo,3550308,True,,895,,,-23.510832999999998,-46.366727,,,,1,2023-06-19T16:58:42+00:00
SAO_2006-10,São Paulo,3550308,True,,895,,,-23.4941615,-46.400386,,,,1,2023-06-19T16:58:30+00:00
SAO_2006-10,São Paulo,3550308,True,,895,,,-23.48916475,-46.378097999999994,,,,1,2023-06-19T16:57:59+00:00
SAO_9301-10,São Paulo,3550308,True,,458,,,-23.4962345,-46.662550499999995,,,,1,2023-06-19T16:58:41+00:00
SAO_9301-10,São Paulo,3550308,True,,458,,,-23.542609,-46.635991,,,,1,2023-06-19T16:58:37+00:00
SAO_807P-10,São Paulo,3550308,True,,34867,,,-23.634694,-46.723545,,,,2,2023-06-19T16:58:29+00:00
SAO_807P-10,São Paulo,3550308,True,,34867,,,-23.616477500000002,-46.7208605,,,,2,2023-06-19T16:58:29+00:00
SAO_807P-10,São Paulo,3550308,True,,34867,,,-23.616477500000002,-46.7208605,,,,2,2023-06-19T16:58:24+00:00
SAO_807P-10,São Paulo,3550308,True,,34867,,,-23.6496435,-46.721695624999995,,,,2,2023-06-19T16:58:22+00:00
SAO_807P-10,São Paulo,3550308,True,,34867,,,-23.6162335,-46.720848000000004,,,,2,2023-06-19T16:58:17+00:00
SAO_6805-31,São Paulo,3550308,True,,1788,,,-23.660169,-46.736557,,,,1,2023-06-19T16:58:35+00:00
SAO_6805-31,São Paulo,3550308,True,,1788,,,-23.6551175,-46.762319500000004,,,,1,2023-06-19T16:58:52+00:00
SAO_748A-10,São Paulo,3550308,True,EMTU,498,https://moovitapp.com/index/pt-br/transporte_p%C3%BAblico-line-498-Sao_Paulo-242-2038937-36419523-0,5.4,-23.5757845,-46.762217500000006,,,,1,2023-06-19T16:58:54+00:00
SAO_6010-10,São Paulo,3550308,True,,33970,,,-23.670785,-46.7602415,,,,2,2023-06-19T16:58:42+00:00
SAO_6010-10,São Paulo,3550308,True,,33970,,,-23.6723895,-46.7429465,,,,2,2023-06-19T16:58:17+00:00
SAO_6010-10,São Paulo,3550308,True,,33970,,,-23.6933645,-46.794154,,,,2,2023-06-19T16:58:21+00:00
SAO_6010-10,São Paulo,3550308,True,,33970,,,-23.6934315,-46.794145,,,,2,2023-06-19T16:58:38+00:00
SAO_6010-10,São Paulo,3550308,True,,33970,,,-23.659819499999998,-46.766473250000004,,,,2,2023-06-19T16:58:41+00:00
SAO_6010-10,São Paulo,3550308,True,,33970,,,-23.693291000000002,-46.7941785,,,,2,2023-06-19T16:58:37+00:00
SAO_6010-10,São Paulo,3550308,True,,33970,,,-23.664617,-46.748037,,,,2,2023-06-19T16:58:55+00:00
SAO_6010-10,São Paulo,3550308,True,,33970,,,-23.693499,-46.7941555,,,,2,2023-06-19T16:58:17+00:00
SAO_6400-10,São Paulo,3550308,True,,57,,,-23.5888875,-46.67194625,,,,1,2023-06-19T16:58:12+00:00
SAO_6400-10,São Paulo,3550308,True,,57,,,-23.630678500000002,-46.690394,,,,1,2023-06-19T16:58:55+00:00
SAO_6012-31,São Paulo,3550308,True,,34544,,,-23.686719500000002,-46.7881045,,,,2,2023-06-19T16:58:47+00:00
SAO_6012-31,São Paulo,3550308,True,,34544,,,-23.6868325,-46.787843499999994,,,,2,2023-06-19T16:58:18+00:00
SAO_3026-10,São Paulo,3550308,True,,33730,,,-23.582224,-46.386779,,,,2,2023-06-19T16:58:30+00:00
SAO_3026-10,São Paulo,3550308,True,,33730,,,-23.546764,-46.411688,,,,2,2023-06-19T16:58:36+00:00
SAO_3026-10,São Paulo,3550308,True,,33730,,,-23.56257875,-46.405970749999994,,,,2,2023-06-19T16:58:37+00:00
SAO_3026-10,São Paulo,3550308,True,,33730,,,-23.5428155,-46.416185,,,,2,2023-06-19T16:58:12+00:00
SAO_4732-10,São Paulo,3550308,True,,33070,,,-23.6475985,-46.601049,,,,2,2023-06-19T16:58:00+00:00
SAO_4732-10,São Paulo,3550308,True,,33070,,,-23.64795125,-46.6013665,,,,2,2023-06-19T16:58:22+00:00
SAO_4732-10,São Paulo,3550308,True,,33070,,,-23.627252499999997,-46.61495275,,,,2,2023-06-19T16:58:15+00:00
SAO_271A-10,São Paulo,3550308,True,,33470,,,-23.5252375,-46.562381,,,,2,2023-06-19T16:57:42+00:00
SAO_271A-10,São Paulo,3550308,True,,33470,,,-23.52706725,-46.58320125,,,,2,2023-06-19T16:58:32+00:00
SAO_271A-10,São Paulo,3550308,True,,33470,,,-23.503480500000002,-46.591851500000004,,,,2,2023-06-19T16:58:54+00:00
SAO_271A-10,São Paulo,3550308,True,,33470,,,-23.50122,-46.611752499999994,,,,2,2023-06-19T16:58:23+00:00
SAO_516N-10,São Paulo,3550308,True,EMTU,266,https://moovitapp.com/index/pt-br/transporte_p%C3%BAblico-line-266-Sao_Paulo-242-2038937-36419376-0,6.8,-23.679908500000003,-46.63957275,,,,1,2023-06-19T16:58:17+00:00
SAO_516N-10,São Paulo,3550308,True,EMTU,266,https://moovitapp.com/index/pt-br/transporte_p%C3%BAblico-line-266-Sao_Paulo-242-2038937-36419376-0,6.8,-23.664623750000004,-46.659334,,,,1,2023-06-19T16:58:48+00:00
SAO_516N-10,São Paulo,3550308,True,EMTU,266,https://moovitapp.com/index/pt-br/transporte_p%C3%BAblico-line-266-Sao_Paulo-242-2038937-36419376-0,6.8,-23.690365999999997,-46.649558999999996,,,,1,2023-06-19T16:58:36+00:00
SAO_516N-10,São Paulo,3550308,True,EMTU,266,https://moovitapp.com/index/pt-br/transporte_p%C3%BAblico-line-266-Sao_Paulo-242-2038937-36419376-0,6.8,-23.5952075,-46.673009,,,,1,2023-06-19T16:58:37+00:00
SAO_516N-10,São Paulo,3550308,True,EMTU,266,https://moovitapp.com/index/pt-br/transporte_p%C3%BAblico-line-266-Sao_Paulo-242-2038937-36419376-0,6.8,-23.638223500000002,-46.67689875000001,,,,1,2023-06-19T16:58:31+00:00
SAO_516N-10,São Paulo,3550308,True,EMTU,266,https://moovitapp.com/index/pt-br/transporte_p%C3%BAblico-line-266-Sao_Paulo-242-2038937-36419376-0,6.8,-23.6205565,-46.6834085,,,,1,2023-06-19T16:58:50+00:00
SAO_516N-10,São Paulo,3550308,True,EMTU,266,https://moovitapp.com/index/pt-br/transporte_p%C3%BAblico-line-266-Sao_Paulo-242-2038937-36419376-0,6.8,-23.691693,-46.6480825,,,,1,2023-06-19T16:58:28+00:00
SAO_5024-10,São Paulo,3550308,True,,1122,,,-23.662496,-46.692569500000005,,,,1,2023-06-19T16:58:30+00:00
SAO_5024-10,São Paulo,3550308,True,,1122,,,-23.68858,-46.648693,,,,1,2023-06-19T16:58:48+00:00
SAO_5024-10,São Paulo,3550308,True,,1122,,,-23.679871,-46.6643225,,,,1,2023-06-19T16:58:25+00:00
SAO_5024-10,São Paulo,3550308,True,,1122,,,-23.68858,-46.648693,,,,1,2023-06-19T16:58:24+00:00
SAO_809D-10,São Paulo,3550308,True,,34836,,,-23.6032255,-46.780823,,,,2,2023-06-19T16:58:19+00:00
SAO_809D-10,São Paulo,3550308,True,,34836,,,-23.602587,-46.784125,,,,2,2023-06-19T16:58:55+00:00
SAO_809D-10,São Paulo,3550308,True,,34836,,,-23.6032255,-46.780823,,,,2,2023-06-19T16:58:34+00:00
SAO_809D-10,São Paulo,3550308,True,,34836,,,-23.590031,-46.7673445,,,,2,2023-06-19T16:58:22+00:00
SAO_2059-10,São Paulo,3550308,True,Cidade de Caieiras,260,https://moovitapp.com/index/pt-br/transporte_p%C3%BAblico-line-260-Sao_Paulo-242-868761-496413-0,5.0,-23.5218955,-46.4185915,,,,1,2023-06-19T16:56:24+00:00
SAO_2059-10,São Paulo,3550308,True,Cidade de Caieiras,260,https://moovitapp.com/index/pt-br/transporte_p%C3%BAblico-line-260-Sao_Paulo-242-868761-496413-0,5.0,-23.5413755,-46.4099815,,,,1,2023-06-19T16:58:30+00:00
SAO_2059-10,São Paulo,3550308,True,Cidade de Caieiras,260,https://moovitapp.com/index/pt-br/transporte_p%C3%BAblico-line-260-Sao_Paulo-242-868761-496413-0,5.0,-23.508796750000002,-46.43900725,,,,1,2023-06-19T16:58:37+00:00
SAO_2059-10,São Paulo,3550308,True,Cidade de Caieiras,260,https://moovitapp.com/index/pt-br/transporte_p%C3%BAblico-line-260-Sao_Paulo-242-868761-496413-0,5.0,-23.5338305,-46.416706000000005,,,,1,2023-06-19T16:56:36+00:00
SAO_2740-10,São Paulo,3550308,True,,1792,,,-23.4574545,-46.6428055,,,,1,2023-06-19T16:58:49+00:00
SAO_2740-10,São Paulo,3550308,True,,1792,,,-23.4865455,-46.618033249999996,,,,1,2023-06-19T16:58:45+00:00
SAO_2740-10,São Paulo,3550308,True,,1792,,,-23.458362,-46.609388,,,,1,2023-06-19T16:58:17+00:00
SAO_2740-10,São Paulo,3550308,True,,1792,,,-23.4574545,-46.6428055,,,,1,2023-06-19T16:58:11+00:00
SAO_372U-10,São Paulo,3550308,True,,1016,,,-23.5564715,-46.537433,,,,1,2023-06-19T16:58:18+00:00
SAO_372U-10,São Paulo,3550308,True,,1016,,,-23.5564715,-46.537433,,,,1,2023-06-19T16:58:12+00:00
SAO_372U-10,São Paulo,3550308,True,,1016,,,-23.541215,-46.5774215,,,,1,2023-06-19T16:58:23+00:00
SAO_372U-10,São Paulo,3550308,True,,1016,,,-23.559187,-46.5607965,,,,1,2023-06-19T16:58:34+00:00
SAO_372U-10,São Paulo,3550308,True,,1016,,,-23.546440375000003,-46.572391499999995,,,,1,2023-06-19T16:58:37+00:00
SAO_372U-10,São Paulo,3550308,True,,1016,,,-23.5564715,-46.537433,,,,1,2023-06-19T16:58:29+00:00
SAO_372U-10,São Paulo,3550308,True,,1016,,,-23.5564715,-46.537433,,,,1,2023-06-19T16:58:17+00:00
SAO_372U-10,São Paulo,3550308,True,,1016,,,-23.5410925,-46.577089,,,,1,2023-06-19T16:58:36+00:00
SAO_372U-10,São Paulo,3550308,True,,1016,,,-23.55738025,-46.544557749999996,,,,1,2023-06-19T16:58:29+00:00
SAO_372U-10,São Paulo,3550308,True,,1016,,,-23.557494,-46.54053775,,,,1,2023-06-19T16:58:17+00:00
SAO_372U-10,São Paulo,3550308,True,,1016,,,-23.5564715,-46.537433,,,,1,2023-06-19T16:58:46+00:00
SAO_372U-10,São Paulo,3550308,True,,1016,,,-23.557366000000002,-46.54015125,,,,1,2023-06-19T16:58:55+00:00
SAO_372U-10,São Paulo,3550308,True,,1016,,,-23.566091375,-46.544632875,,,,1,2023-06-19T16:58:55+00:00
SAO_390E-10,São Paulo,3550308,True,,34650,,,-23.519419499999998,-46.547022,,,,2,2023-06-19T16:58:20+00:00
SAO_390E-10,São Paulo,3550308,True,,34650,,,-23.534947250000002,-46.5799705,,,,2,2023-06-19T16:58:15+00:00
SAO_390E-10,São Paulo,3550308,True,,34650,,,-23.5429045,-46.61651275,,,,2,2023-06-19T16:58:34+00:00
SAO_209P-1,São Paulo,3550308,True,,35069,,,-23.47277475,-46.6701725,,,,2,2023-06-19T16:58:34+00:00
SAO_209P-1,São Paulo,3550308,True,,35069,,,-23.5584365,-46.681721499999995,,,,2,2023-06-19T16:58:51+00:00
SAO_6017-10,São Paulo,3550308,True,,1206,,,-23.670822,-46.7396875,,,,1,2023-06-19T16:58:55+00:00
SAO_6017-10,São Paulo,3550308,True,,1206,,,-23.646299499999998,-46.704412000000005,,,,1,2023-06-19T16:58:31+00:00
SAO_6017-10,São Paulo,3550308,True,,1206,,,-23.696498499999997,-46.76089,,,,1,2023-06-19T16:58:11+00:00
SAO_6017-10,São Paulo,3550308,True,,1206,,,-23.6829425,-46.768342000000004,,,,1,2023-06-19T16:58:50+00:00
SAO_748A-10,São Paulo,3550308,True,,33266,,,-23.5240505,-46.705251000000004,,,,2,2023-06-19T16:58:30+00:00
SAO_748A-10,São Paulo,3550308,True,,33266,,,-23.524667,-46.705526000000006,,,,2,2023-06-19T16:58:40+00:00
SAO_748A-10,São Paulo,3550308,True,,33266,,,-23.5240505,-46.705251000000004,,,,2,2023-06-19T16:58:55+00:00
SAO_748A-10,São Paulo,3550308,True,,33266,,,-23.561982625000002,-46.746810249999996,,,,2,2023-06-19T16:58:39+00:00
SAO_748A-10,São Paulo,3550308,True,,33266,,,-23.575720750000002,-46.77557075,,,,2,2023-06-19T16:58:54+00:00
SAO_748A-10,São Paulo,3550308,True,,33266,,,-23.5758515,-46.7756445,,,,2,2023-06-19T16:58:26+00:00
SAO_2451-10,São Paulo,3550308,True,,32981,,,-23.523039249999997,-46.542952,,,,2,2023-06-19T16:58:03+00:00
SAO_2451-10,São Paulo,3550308,True,,32981,,,-23.516843,-46.489267999999996,,,,2,2023-06-19T16:52:54+00:00
SAO_1012-10,São Paulo,3550308,True,,35254,,,-23.432628,-46.7870445,,,,2,2023-06-19T16:58:29+00:00
SAO_1012-10,São Paulo,3550308,True,,35254,,,-23.4324985,-46.7870395,,,,2,2023-06-19T16:58:43+00:00
SAO_1012-10,São Paulo,3550308,True,,35254,,,-23.428843999999998,-46.7995215,,,,2,2023-06-19T16:58:30+00:00
SAO_1012-10,São Paulo,3550308,True,,35254,,,-23.4333445,-46.7870665,,,,2,2023-06-19T16:58:25+00:00
SAO_1012-10,São Paulo,3550308,True,,35254,,,-23.440408,-46.806643,,,,2,2023-06-19T16:58:51+00:00
SAO_8029-10,São Paulo,3550308,True,,2540,,,-23.61481375,-46.73195200000001,,,,1,2023-06-19T16:58:16+00:00
SAO_8029-10,São Paulo,3550308,True,,2540,,,-23.616052,-46.747223500000004,,,,1,2023-06-19T16:58:24+00:00
SAO_8029-10,São Paulo,3550308,True,,2540,,,-23.59921775,-46.721178375,,,,1,2023-06-19T16:58:32+00:00
SAO_403A-10,São Paulo,3550308,True,,34960,,,-23.540044,-46.4317305,,,,2,2023-06-19T16:58:51+00:00
SAO_403A-10,São Paulo,3550308,True,,34960,,,-23.540297,-46.431876,,,,2,2023-06-19T16:58:36+00:00
SAO_403A-10,São Paulo,3550308,True,,34960,,,-23.558173250000003,-46.4462325,,,,2,2023-06-19T16:58:10+00:00
SAO_403A-10,São Paulo,3550308,True,,34960,,,-23.540503,-46.431996,,,,2,2023-06-19T16:58:25+00:00
SAO_403A-10,São Paulo,3550308,True,,34960,,,-23.531688000000003,-46.546931,,,,2,2023-06-19T16:58:16+00:00
SAO_403A-10,São Paulo,3550308,True,,34960,,,-23.557128249999998,-46.473223250000004,,,,2,2023-06-19T16:58:39+00:00
SAO_1178-10,São Paulo,3550308,True,,32900,,,-23.486757,-46.5037085,,,,2,2023-06-19T16:57:03+00:00
SAO_1178-10,São Paulo,3550308,True,,32900,,,-23.5033745,-46.4312805,,,,2,2023-06-19T16:58:25+00:00
SAO_1178-10,São Paulo,3550308,True,,32900,,,-23.504152499999996,-46.432775,,,,2,2023-06-19T16:58:37+00:00
SAO_1178-10,São Paulo,3550308,True,,32900,,,-23.504152499999996,-46.432775,,,,2,2023-06-19T16:56:41+00:00
SAO_1178-10,São Paulo,3550308,True,,32900,,,-23.501221,-46.4703735,,,,2,2023-06-19T16:58:31+00:00
SAO_1178-10,São Paulo,3550308,True,,32900,,,-23.506164749999996,-46.53080625,,,,2,2023-06-19T16:58:12+00:00
SAO_1178-10,São Paulo,3550308,True,,32900,,,-23.5038715,-46.433391,,,,2,2023-06-19T16:58:51+00:00
SAO_1178-10,São Paulo,3550308,True,,32900,,,-23.524583999999997,-46.6021075,,,,2,2023-06-19T16:55:25+00:00
SAO_1178-10,São Paulo,3550308,True,,32900,,,-23.490983999999997,-46.479035749999994,,,,2,2023-06-19T16:58:38+00:00
SAO_1178-10,São Paulo,3550308,True,,32900,,,-23.525817500000002,-46.630778,,,,2,2023-06-19T16:58:27+00:00
SAO_4001-10,São Paulo,3550308,True,,2176,,,-23.554643499999997,-46.480227,,,,1,2023-06-19T16:58:27+00:00
SAO_4001-10,São Paulo,3550308,True,,2176,,,-23.558199000000002,-46.522121,,,,1,2023-06-19T16:58:28+00:00
SAO_4001-10,São Paulo,3550308,True,,2176,,,-23.538387625,-46.445868375,,,,1,2023-06-19T16:58:20+00:00
SAO_967A-10,São Paulo,3550308,True,EMTU,568,https://moovitapp.com/index/pt-br/transporte_p%C3%BAblico-line-568-Sao_Paulo-242-2038937-36419565-0,7.8,-23.4804295,-46.656615,,,,1,2023-06-19T16:58:25+00:00
SAO_967A-10,São Paulo,3550308,True,EMTU,568,https://moovitapp.com/index/pt-br/transporte_p%C3%BAblico-line-568-Sao_Paulo-242-2038937-36419565-0,7.8,-23.5853895,-46.68170825,,,,1,2023-06-19T16:58:27+00:00
SAO_967A-10,São Paulo,3550308,True,EMTU,568,https://moovitapp.com/index/pt-br/transporte_p%C3%BAblico-line-568-Sao_Paulo-242-2038937-36419565-0,7.8,-23.4804295,-46.656615,,,,1,2023-06-19T16:58:12+00:00
SAO_967A-10,São Paulo,3550308,True,EMTU,568,https://moovitapp.com/index/pt-br/transporte_p%C3%BAblico-line-568-Sao_Paulo-242-2038937-36419565-0,7.8,-23.4804295,-46.656615,,,,1,2023-06-19T16:58:13+00:00
SAO_967A-10,São Paulo,3550308,True,EMTU,568,https://moovitapp.com/index/pt-br/transporte_p%C3%BAblico-line-568-Sao_Paulo-242-2038937-36419565-0,7.8,-23.5656265,-46.69294549999999,,,,1,2023-06-19T16:58:40+00:00
SAO_967A-10,São Paulo,3550308,True,EMTU,568,https://moovitapp.com/index/pt-br/transporte_p%C3%BAblico-line-568-Sao_Paulo-242-2038937-36419565-0,7.8,-23.580516000000003,-46.663951,,,,1,2023-06-19T16:58:43+00:00
SAO_967A-10,São Paulo,3550308,True,EMTU,568,https://moovitapp.com/index/pt-br/transporte_p%C3%BAblico-line-568-Sao_Paulo-242-2038937-36419565-0,7.8,-23.53435325,-46.644056,,,,1,2023-06-19T16:58:20+00:00
SAO_967A-10,São Paulo,3550308,True,EMTU,568,https://moovitapp.com/index/pt-br/transporte_p%C3%BAblico-line-568-Sao_Paulo-242-2038937-36419565-0,7.8,-23.5425825,-46.6478585,,,,1,2023-06-19T16:58:49+00:00
SAO_967A-10,São Paulo,3550308,True,EMTU,568,https://moovitapp.com/index/pt-br/transporte_p%C3%BAblico-line-568-Sao_Paulo-242-2038937-36419565-0,7.8,-23.484276,-46.653385,,,,1,2023-06-19T16:58:13+00:00
SAO_967A-10,São Paulo,3550308,True,EMTU,568,https://moovitapp.com/index/pt-br/transporte_p%C3%BAblico-line-568-Sao_Paulo-242-2038937-36419565-0,7.8,-23.4804295,-46.656615,,,,1,2023-06-19T16:58:15+00:00
SAO_736I-10,São Paulo,3550308,True,,33549,,,-23.6324355,-46.748238,,,,2,2023-06-19T16:58:51+00:00
SAO_736I-10,São Paulo,3550308,True,,33549,,,-23.6324355,-46.748238,,,,2,2023-06-19T16:58:44+00:00
SAO_736I-10,São Paulo,3550308,True,,33549,,,-23.64457675,-46.72574899999999,,,,2,2023-06-19T16:58:46+00:00
SAO_736I-10,São Paulo,3550308,True,,33549,,,-23.640922500000002,-46.745899,,,,2,2023-06-19T16:58:46+00:00
SAO_736I-10,São Paulo,3550308,True,,33549,,,-23.630622,-46.74983,,,,2,2023-06-19T16:58:33+00:00
SAO_736I-10,São Paulo,3550308,True,,33549,,,-23.6469295,-46.710373000000004,,,,2,2023-06-19T16:58:08+00:00
SAO_407E-10,São Paulo,3550308,True,,2215,,,-23.6335585,-46.4430015,,,,1,2023-06-19T16:58:17+00:00
SAO_407E-10,São Paulo,3550308,True,,2215,,,-23.535527375,-46.551729,,,,1,2023-06-19T16:58:24+00:00
SAO_407E-10,São Paulo,3550308,True,,2215,,,-23.6335585,-46.4430015,,,,1,2023-06-19T16:58:17+00:00
SAO_407E-10,São Paulo,3550308,True,,2215,,,-23.6335585,-46.4430015,,,,1,2023-06-19T16:58:16+00:00
SAO_407E-10,São Paulo,3550308,True,,2215,,,-23.59935875,-46.46643675,,,,1,2023-06-19T16:58:13+00:00
SAO_407E-10,São Paulo,3550308,True,,2215,,,-23.6335585,-46.4430015,,,,1,2023-06-19T16:58:15+00:00
SAO_407E-10,São Paulo,3550308,True,,2215,,,-23.554831999999998,-46.517111,,,,1,2023-06-19T16:58:49+00:00
SAO_407E-10,São Paulo,3550308,True,,2215,,,-23.6335585,-46.4430015,,,,1,2023-06-19T16:58:13+00:00
SAO_407E-10,São Paulo,3550308,True,,2215,,,-23.622617500000004,-46.46532175,,,,1,2023-06-19T16:58:37+00:00
SAO_407E-10,São Paulo,3550308,True,,2215,,,-23.6335585,-46.4430015,,,,1,2023-06-19T16:58:32+00:00
SAO_407R-10,São Paulo,3550308,True,,34969,,,-23.5591285,-46.5674245,,,,2,2023-06-19T16:58:33+00:00
SAO_407R-10,São Paulo,3550308,True,,34969,,,-23.5577635,-46.522865499999995,,,,2,2023-06-19T16:58:46+00:00
SAO_407R-10,São Paulo,3550308,True,,34969,,,-23.5714835,-46.537152,,,,2,2023-06-19T16:58:30+00:00
SAO_8017-10,São Paulo,3550308,True,,1261,,,-23.4823015,-46.720556,,,,1,2023-06-19T16:58:40+00:00
SAO_8017-10,São Paulo,3550308,True,,1261,,,-23.438237,-46.746818000000005,,,,1,2023-06-19T16:58:38+00:00
SAO_8017-10,São Paulo,3550308,True,,1261,,,-23.438237,-46.746818000000005,,,,1,2023-06-19T16:58:42+00:00
SAO_8017-10,São Paulo,3550308,True,,1261,,,-23.447133,-46.727151500000005,,,,1,2023-06-19T16:58:40+00:00
SAO_2720-10,São Paulo,3550308,True,,933,,,-23.52311625,-46.52112375,,,,1,2023-06-19T16:58:22+00:00
SAO_2720-10,São Paulo,3550308,True,,933,,,-23.4894715,-46.4696345,,,,1,2023-06-19T16:58:29+00:00
SAO_2720-10,São Paulo,3550308,True,,933,,,-23.505316,-46.4820429375,,,,1,2023-06-19T16:58:35+00:00
SAO_2720-10,São Paulo,3550308,True,,933,,,-23.52835225,-46.5179975,,,,1,2023-06-19T16:58:34+00:00
SAO_2720-10,São Paulo,3550308,True,,933,,,-23.5291,-46.517457,,,,1,2023-06-19T16:58:33+00:00
SAO_2720-10,São Paulo,3550308,True,,933,,,-23.48922,-46.4772715,,,,1,2023-06-19T16:58:47+00:00
SAO_9047-10,São Paulo,3550308,True,STT,883,https://moovitapp.com/index/pt-br/transporte_p%C3%BAblico-line-883-Sao_Paulo-242-850661-183365-0,5.3,-23.5182955,-46.701809499999996,,,,1,2023-06-19T16:58:17+00:00
SAO_9047-10,São Paulo,3550308,True,STT,883,https://moovitapp.com/index/pt-br/transporte_p%C3%BAblico-line-883-Sao_Paulo-242-850661-183365-0,5.3,-23.4912095,-46.694727,,,,1,2023-06-19T16:58:33+00:00
SAO_9047-10,São Paulo,3550308,True,STT,883,https://moovitapp.com/index/pt-br/transporte_p%C3%BAblico-line-883-Sao_Paulo-242-850661-183365-0,5.3,-23.4919115,-46.6960325,,,,1,2023-06-19T16:58:33+00:00
SAO_9047-10,São Paulo,3550308,True,STT,883,https://moovitapp.com/index/pt-br/transporte_p%C3%BAblico-line-883-Sao_Paulo-242-850661-183365-0,5.3,-23.461427,-46.709677,,,,1,2023-06-19T16:58:26+00:00
SAO_9047-10,São Paulo,3550308,True,STT,883,https://moovitapp.com/index/pt-br/transporte_p%C3%BAblico-line-883-Sao_Paulo-242-850661-183365-0,5.3,-23.4672475,-46.6982195,,,,1,2023-06-19T16:58:43+00:00
SAO_273J-10,São Paulo,3550308,True,STT,389,https://moovitapp.com/index/pt-br/transporte_p%C3%BAblico-line-389-Sao_Paulo-242-850661-183299-0,5.3,-23.493844000000003,-46.408208,,,,1,2023-06-19T16:58:32+00:00
SAO_273J-10,São Paulo,3550308,True,STT,389,https://moovitapp.com/index/pt-br/transporte_p%C3%BAblico-line-389-Sao_Paulo-242-850661-183299-0,5.3,-23.517176,-46.4796675,,,,1,2023-06-19T16:58:11+00:00
SAO_273J-10,São Paulo,3550308,True,STT,389,https://moovitapp.com/index/pt-br/transporte_p%C3%BAblico-line-389-Sao_Paulo-242-850661-183299-0,5.3,-23.4912225,-46.4433025,,,,1,2023-06-19T16:58:41+00:00
SAO_273J-10,São Paulo,3550308,True,STT,389,https://moovitapp.com/index/pt-br/transporte_p%C3%BAblico-line-389-Sao_Paulo-242-850661-183299-0,5.3,-23.478862499999998,-46.3845735,,,,1,2023-06-19T16:58:55+00:00
SAO_273J-10,São Paulo,3550308,True,STT,389,https://moovitapp.com/index/pt-br/transporte_p%C3%BAblico-line-389-Sao_Paulo-242-850661-183299-0,5.3,-23.521815,-46.516996750000004,,,,1,2023-06-19T16:58:30+00:00
SAO_273J-10,São Paulo,3550308,True,STT,389,https://moovitapp.com/index/pt-br/transporte_p%C3%BAblico-line-389-Sao_Paulo-242-850661-183299-0,5.3,-23.5315665,-46.5462215,,,,1,2023-06-19T16:58:19+00:00
SAO_6422-10,São Paulo,3550308,True,,33129,,,-23.5706045,-46.6626015,,,,2,2023-06-19T16:58:55+00:00
SAO_6422-10,São Paulo,3550308,True,,33129,,,-23.592735249999997,-46.6728895,,,,2,2023-06-19T16:58:53+00:00
SAO_6422-10,São Paulo,3550308,True,,33129,,,-23.61896,-46.682627,,,,2,2023-06-19T16:58:55+00:00
SAO_6422-10,São Paulo,3550308,True,,33129,,,-23.641499,-46.716685874999996,,,,2,2023-06-19T16:58:24+00:00
SAO_6835-10,São Paulo,3550308,True,,32780,,,-23.6657115,-46.7709265,,,,2,2023-06-19T16:58:24+00:00
SAO_6835-10,São Paulo,3550308,True,,32780,,,-23.6875135,-46.800892000000005,,,,2,2023-06-19T16:58:17+00:00
SAO_6835-10,São Paulo,3550308,True,,32780,,,-23.685031000000002,-46.790625500000004,,,,2,2023-06-19T16:58:26+00:00
SAO_3901-10,São Paulo,3550308,True,,34237,,,-23.4987395,-46.50209475,,,,2,2023-06-19T16:58:35+00:00
SAO_3901-10,São Paulo,3550308,True,,34237,,,-23.4987395,-46.50209475,,,,2,2023-06-19T16:58:45+00:00
SAO_3901-10,São Paulo,3550308,True,,34237,,,-23.51289225,-46.515894,,,,2,2023-06-19T16:58:42+00:00
SAO_4011-10,São Paulo,3550308,True,,2184,,,-23.6122695,-46.4762145,,,,1,2023-06-19T16:58:35+00:00
SAO_4011-10,São Paulo,3550308,True,,2184,,,-23.6012845,-46.47052,,,,1,2023-06-19T16:58:21+00:00
SAO_4011-10,São Paulo,3550308,True,,2184,,,-23.612392,-46.424942,,,,1,2023-06-19T16:58:37+00:00
SAO_4011-10,São Paulo,3550308,True,,2184,,,-23.5960245,-46.4362195,,,,1,2023-06-19T16:58:47+00:00
SAO_4011-10,São Paulo,3550308,True,,2184,,,-23.6123545,-46.476175999999995,,,,1,2023-06-19T16:58:40+00:00
SAO_4011-10,São Paulo,3550308,True,,2184,,,-23.597754000000002,-46.4582305,,,,1,2023-06-19T16:58:18+00:00
SAO_4011-10,São Paulo,3550308,True,,2184,,,-23.6208145,-46.41927475,,,,1,2023-06-19T16:58:42+00:00
SAO_3027-10,São Paulo,3550308,True,,963,,,-23.540322250000003,-46.436933749999994,,,,1,2023-06-19T16:58:34+00:00
SAO_3027-10,São Paulo,3550308,True,,963,,,-23.576406,-46.4797485,,,,1,2023-06-19T16:58:21+00:00
SAO_3027-10,São Paulo,3550308,True,,963,,,-23.5431935,-46.4152505,,,,1,2023-06-19T16:58:55+00:00
SAO_3027-10,São Paulo,3550308,True,,963,,,-23.55677875,-46.46531625,,,,1,2023-06-19T16:58:13+00:00
SAO_3027-10,São Paulo,3550308,True,,963,,,-23.5431935,-46.4152505,,,,1,2023-06-19T16:58:55+00:00
SAO_3027-10,São Paulo,3550308,True,,963,,,-23.5431935,-46.4152505,,,,1,2023-06-19T16:58:28+00:00
SAO_3027-10,São Paulo,3550308,True,,963,,,-23.55437175,-46.454905874999994,,,,1,2023-06-19T16:58:22+00:00
SAO_6840-10,São Paulo,3550308,True,EMTU,201,https://moovitapp.com/index/pt-br/transporte_p%C3%BAblico-line-201-Sao_Paulo-242-2038937-58093160-0,20.4,-23.732512999999997,-46.78660625,,,,1,2023-06-19T16:58:47+00:00
SAO_6840-10,São Paulo,3550308,True,EMTU,201,https://moovitapp.com/index/pt-br/transporte_p%C3%BAblico-line-201-Sao_Paulo-242-2038937-58093160-0,20.4,-23.6541265,-46.7631545,,,,1,2023-06-19T16:58:43+00:00
SAO_6840-10,São Paulo,3550308,True,EMTU,201,https://moovitapp.com/index/pt-br/transporte_p%C3%BAblico-line-201-Sao_Paulo-242-2038937-58093160-0,20.4,-23.7420195,-46.800329000000005,,,,1,2023-06-19T16:58:36+00:00
SAO_6840-10,São Paulo,3550308,True,EMTU,201,https://moovitapp.com/index/pt-br/transporte_p%C3%BAblico-line-201-Sao_Paulo-242-2038937-58093160-0,20.4,-23.6609205,-46.7681685,,,,1,2023-06-19T16:58:50+00:00
SAO_6840-10,São Paulo,3550308,True,EMTU,201,https://moovitapp.com/index/pt-br/transporte_p%C3%BAblico-line-201-Sao_Paulo-242-2038937-58093160-0,20.4,-23.7280065,-46.786275,,,,1,2023-06-19T16:58:52+00:00
SAO_6840-10,São Paulo,3550308,True,EMTU,201,https://moovitapp.com/index/pt-br/transporte_p%C3%BAblico-line-201-Sao_Paulo-242-2038937-58093160-0,20.4,-23.7420195,-46.800329000000005,,,,1,2023-06-19T16:58:54+00:00
SAO_6840-10,São Paulo,3550308,True,EMTU,201,https://moovitapp.com/index/pt-br/transporte_p%C3%BAblico-line-201-Sao_Paulo-242-2038937-58093160-0,20.4,-23.692353500000003,-46.7775755,,,,1,2023-06-19T16:57:17+00:00
SAO_6840-10,São Paulo,3550308,True,EMTU,201,https://moovitapp.com/index/pt-br/transporte_p%C3%BAblico-line-201-Sao_Paulo-242-2038937-58093160-0,20.4,-23.683315,-46.7695055,,,,1,2023-06-19T16:58:46+00:00
SAO_3206-10,São Paulo,3550308,True,,2112,,,-23.5330545,-46.543981,,,,1,2023-06-19T16:58:30+00:00
SAO_809T-10,São Paulo,3550308,True,,35014,,,-23.585870999999997,-46.8051445,,,,2,2023-06-19T16:58:21+00:00
SAO_809T-10,São Paulo,3550308,True,,35014,,,-23.585785,-46.8053525,,,,2,2023-06-19T16:58:20+00:00
SAO_809T-10,São Paulo,3550308,True,,35014,,,-23.552837500000003,-46.742140750000004,,,,2,2023-06-19T16:58:33+00:00
SAO_5757-10,São Paulo,3550308,True,,34056,,,-23.688044,-46.63901275,,,,2,2023-06-19T16:58:22+00:00
SAO_5757-10,São Paulo,3550308,True,,34056,,,-23.6909305,-46.638851,,,,2,2023-06-19T16:58:21+00:00
SAO_5757-10,São Paulo,3550308,True,,34056,,,-23.691199500000003,-46.639219499999996,,,,2,2023-06-19T16:58:46+00:00
SAO_5757-10,São Paulo,3550308,True,,34056,,,-23.691199500000003,-46.639219499999996,,,,2,2023-06-19T16:58:36+00:00
SAO_5757-10,São Paulo,3550308,True,,34056,,,-23.6535745,-46.646702,,,,2,2023-06-19T16:58:16+00:00
SAO_5757-10,São Paulo,3550308,True,,34056,,,-23.69054175,-46.64376375,,,,2,2023-06-19T16:58:28+00:00
SAO_5757-10,São Paulo,3550308,True,,34056,,,-23.691199500000003,-46.639219499999996,,,,2,2023-06-19T16:58:17+00:00
SAO_5757-10,São Paulo,3550308,True,,34056,,,-23.6511705,-46.64769750000001,,,,2,2023-06-19T16:58:28+00:00
SAO_2723-10,São Paulo,3550308,True,,937,,,-23.492062249999996,-46.444908999999996,,,,1,2023-06-19T16:58:55+00:00
SAO_2723-10,São Paulo,3550308,True,,937,,,-23.487495,-46.463618999999994,,,,1,2023-06-19T16:58:54+00:00
SAO_2723-10,São Paulo,3550308,True,,937,,,-23.487495,-46.463618999999994,,,,1,2023-06-19T16:58:16+00:00
SAO_2723-10,São Paulo,3550308,True,,937,,,-23.542181499999998,-46.472184999999996,,,,1,2023-06-19T16:58:31+00:00
SAO_2723-10,São Paulo,3550308,True,,937,,,-23.490608,-46.4539765,,,,1,2023-06-19T16:58:49+00:00
SAO_2723-10,São Paulo,3550308,True,,937,,,-23.5128555,-46.4437095,,,,1,2023-06-19T16:58:14+00:00
SAO_7049-10,São Paulo,3550308,True,,1912,,,-23.667552999999998,-46.7841095,,,,1,2023-06-19T16:58:22+00:00
SAO_7049-10,São Paulo,3550308,True,,1912,,,-23.673924,-46.787309,,,,1,2023-06-19T16:58:39+00:00
SAO_7049-10,São Paulo,3550308,True,,1912,,,-23.71189,-46.777949500000005,,,,1,2023-06-19T16:58:13+00:00
SAO_7049-10,São Paulo,3550308,True,,1912,,,-23.6323625,-46.7722555,,,,1,2023-06-19T16:58:19+00:00
SAO_7049-10,São Paulo,3550308,True,,1912,,,-23.6849825,-46.7744705,,,,1,2023-06-19T16:58:34+00:00
SAO_4007-10,São Paulo,3550308,True,,2181,,,-23.5489995,-46.504054499999995,,,,1,2023-06-19T16:58:17+00:00
SAO_4007-10,São Paulo,3550308,True,,2181,,,-23.560159,-46.4121515,,,,1,2023-06-19T16:58:28+00:00
SAO_4007-10,São Paulo,3550308,True,,2181,,,-23.558291,-46.521981,,,,1,2023-06-19T16:58:10+00:00
SAO_4007-10,São Paulo,3550308,True,,2181,,,-23.551592499999998,-46.4357825,,,,1,2023-06-19T16:58:34+00:00
SAO_4007-10,São Paulo,3550308,True,,2181,,,-23.55672275,-46.47659075,,,,1,2023-06-19T16:58:13+00:00
SAO_2767-10,São Paulo,3550308,True,EMTU,241,https://moovitapp.com/index/pt-br/transporte_p%C3%BAblico-line-241-Sao_Paulo-242-2038937-36419354-0,5.15,-23.50171675,-46.46195575,,,,1,2023-06-19T16:58:51+00:00
SAO_2767-10,São Paulo,3550308,True,EMTU,241,https://moovitapp.com/index/pt-br/transporte_p%C3%BAblico-line-241-Sao_Paulo-242-2038937-36419354-0,5.15,-23.532779,-46.5756275,,,,1,2023-06-19T16:58:23+00:00
SAO_4491-10,São Paulo,3550308,True,,33095,,,-23.630416,-46.6313795,,,,2,2023-06-19T16:58:42+00:00
SAO_4491-10,São Paulo,3550308,True,,33095,,,-23.5551305,-46.6243645,,,,2,2023-06-19T16:58:52+00:00
SAO_6805-31,São Paulo,3550308,True,,34556,,,-23.6625375,-46.739818,,,,2,2023-06-19T16:58:27+00:00
SAO_6805-31,São Paulo,3550308,True,,34556,,,-23.654442500000002,-46.7623235,,,,2,2023-06-19T16:58:47+00:00
SAO_9015-10,São Paulo,3550308,True,,34037,,,-23.487007,-46.726683,,,,2,2023-06-19T16:58:20+00:00
SAO_9015-10,São Paulo,3550308,True,,34037,,,-23.480493000000003,-46.713121,,,,2,2023-06-19T16:58:29+00:00
SAO_9015-10,São Paulo,3550308,True,,34037,,,-23.4694535,-46.7135935,,,,2,2023-06-19T16:58:36+00:00
SAO_9015-10,São Paulo,3550308,True,,34037,,,-23.4697465,-46.71376,,,,2,2023-06-19T16:58:52+00:00
SAO_9015-10,São Paulo,3550308,True,,34037,,,-23.4694535,-46.7135935,,,,2,2023-06-19T16:58:53+00:00
SAO_9015-10,São Paulo,3550308,True,,34037,,,-23.4694535,-46.7135935,,,,2,2023-06-19T16:58:52+00:00
SAO_9015-10,São Paulo,3550308,True,,34037,,,-23.4694535,-46.7135935,,,,2,2023-06-19T16:58:39+00:00
SAO_6072-10,São Paulo,3550308,True,,1588,,,-23.827404,-46.697334,,,,1,2023-06-19T16:58:14+00:00
SAO_6072-10,São Paulo,3550308,True,,1588,,,-23.813890999999998,-46.7072055,,,,1,2023-06-19T16:57:17+00:00
SAO_6072-10,São Paulo,3550308,True,,1588,,,-23.827317999999998,-46.698546875000005,,,,1,2023-06-19T16:56:37+00:00
SAO_6072-10,São Paulo,3550308,True,,1588,,,-23.789228,-46.715351999999996,,,,1,2023-06-19T16:58:40+00:00
SAO_6072-10,São Paulo,3550308,True,,1588,,,-23.827404,-46.697334,,,,1,2023-06-19T16:58:42+00:00
SAO_6072-10,São Paulo,3550308,True,,1588,,,-23.827404,-46.697334,,,,1,2023-06-19T16:58:30+00:00
SAO_6072-10,São Paulo,3550308,True,,1588,,,-23.767210499999997,-46.7163985,,,,1,2023-06-19T16:58:21+00:00
SAO_6072-10,São Paulo,3550308,True,,1588,,,-23.766939,-46.716361,,,,1,2023-06-19T16:58:24+00:00
SAO_6258-31,São Paulo,3550308,True,,1783,,,-23.683159749999998,-46.756564999999995,,,,1,2023-06-19T16:58:15+00:00
SAO_6258-31,São Paulo,3550308,True,,1783,,,-23.683159749999998,-46.756564999999995,,,,1,2023-06-19T16:58:28+00:00
SAO_6258-31,São Paulo,3550308,True,,1783,,,-23.6662715,-46.7331035,,,,1,2023-06-19T16:58:36+00:00
SAO_8538-10,São Paulo,3550308,True,,34127,,,-23.4782405,-46.7072565,,,,2,2023-06-19T16:58:43+00:00
SAO_8538-10,São Paulo,3550308,True,,34127,,,-23.4782405,-46.7072565,,,,2,2023-06-19T16:58:30+00:00
SAO_8538-10,São Paulo,3550308,True,,34127,,,-23.5397245,-46.6367075,,,,2,2023-06-19T16:58:14+00:00
SAO_6L05-10,São Paulo,3550308,True,,33941,,,-23.828350999999998,-46.725928249999996,,,,2,2023-06-19T16:58:48+00:00
SAO_6L05-10,São Paulo,3550308,True,,33941,,,-23.847638500000002,-46.715443,,,,2,2023-06-19T16:57:34+00:00
SAO_6L05-10,São Paulo,3550308,True,,33941,,,-23.8685005,-46.6783815,,,,2,2023-06-19T16:52:05+00:00
SAO_6L05-10,São Paulo,3550308,True,,33941,,,-23.828747,-46.7248035,,,,2,2023-06-19T16:58:48+00:00
SAO_6L05-10,São Paulo,3550308,True,,33941,,,-23.877174250000003,-46.64938925,,,,2,2023-06-19T16:43:04+00:00
SAO_9020-10,São Paulo,3550308,True,,1434,,,-23.486933,-46.727391499999996,,,,1,2023-06-19T16:58:48+00:00
SAO_9020-10,São Paulo,3550308,True,,1434,,,-23.469222000000002,-46.7214305,,,,1,2023-06-19T16:58:45+00:00
SAO_5011-10,São Paulo,3550308,True,,1115,,,-23.697105999999998,-46.672467499999996,,,,1,2023-06-19T16:58:22+00:00
SAO_5011-10,São Paulo,3550308,True,,1115,,,-23.659015,-46.698207,,,,1,2023-06-19T16:58:12+00:00
SAO_5011-10,São Paulo,3550308,True,,1115,,,-23.654514,-46.7036375,,,,1,2023-06-19T16:58:49+00:00
SAO_5011-10,São Paulo,3550308,True,,1115,,,-23.701206499999998,-46.645542000000006,,,,1,2023-06-19T16:58:30+00:00
SAO_6037-10,São Paulo,3550308,True,,33983,,,-23.64353475,-46.73348675,,,,2,2023-06-19T16:58:49+00:00
SAO_6037-10,São Paulo,3550308,True,,33983,,,-23.64904925,-46.78534475,,,,2,2023-06-19T16:58:34+00:00
SAO_6037-10,São Paulo,3550308,True,,33983,,,-23.64895,-46.750393,,,,2,2023-06-19T16:58:53+00:00
SAO_6037-10,São Paulo,3550308,True,,33983,,,-23.659925625,-46.773087000000004,,,,2,2023-06-19T16:58:55+00:00
SAO_6037-10,São Paulo,3550308,True,,33983,,,-23.64904925,-46.78534475,,,,2,2023-06-19T16:58:12+00:00
SAO_8002-10,São Paulo,3550308,True,,1252,,,-23.485778,-46.725765,,,,1,2023-06-19T16:58:40+00:00
SAO_8002-10,São Paulo,3550308,True,,1252,,,-23.5191865,-46.707478,,,,1,2023-06-19T16:58:50+00:00
SAO_8002-10,São Paulo,3550308,True,,1252,,,-23.487215,-46.726875,,,,1,2023-06-19T16:58:45+00:00
SAO_6063-42,São Paulo,3550308,True,,2002,,,-23.7677755,-46.716359499999996,,,,1,2023-06-19T16:58:42+00:00
SAO_6063-42,São Paulo,3550308,True,,2002,,,-23.817985,-46.6709975,,,,1,2023-06-19T16:58:41+00:00
SAO_4708-10,São Paulo,3550308,True,,33100,,,-23.5953005,-46.6215255,,,,2,2023-06-19T16:58:43+00:00
SAO_4708-10,São Paulo,3550308,True,,33100,,,-23.639317499999997,-46.607468,,,,2,2023-06-19T16:58:13+00:00
SAO_4708-10,São Paulo,3550308,True,,33100,,,-23.639317499999997,-46.607468,,,,2,2023-06-19T16:58:31+00:00
SAO_4708-10,São Paulo,3550308,True,,33100,,,-23.6370455,-46.607296500000004,,,,2,2023-06-19T16:58:26+00:00
SAO_6L04-10,São Paulo,3550308,True,,1180,,,-23.8279045,-46.727655,,,,1,2023-06-19T16:58:20+00:00
SAO_6L04-10,São Paulo,3550308,True,,1180,,,-23.867593999999997,-46.767762,,,,1,2023-06-19T16:58:51+00:00
SAO_6L04-10,São Paulo,3550308,True,,1180,,,-23.827757,-46.7282115,,,,1,2023-06-19T16:58:26+00:00
SAO_6022-10,São Paulo,3550308,True,,33975,,,-23.693933,-46.7796675,,,,2,2023-06-19T16:58:36+00:00
SAO_6022-10,São Paulo,3550308,True,,33975,,,-23.7215235,-46.785188,,,,2,2023-06-19T16:58:26+00:00
SAO_6022-10,São Paulo,3550308,True,,33975,,,-23.728424,-46.7823315,,,,2,2023-06-19T16:58:34+00:00
SAO_311C-10,São Paulo,3550308,True,,33077,,,-23.557115500000002,-46.600296,,,,2,2023-06-19T16:58:24+00:00
SAO_311C-10,São Paulo,3550308,True,,33077,,,-23.5342094375,-46.642768000000004,,,,2,2023-06-19T16:58:37+00:00
SAO_311C-10,São Paulo,3550308,True,,33077,,,-23.5938735,-46.55299375,,,,2,2023-06-19T16:58:40+00:00
SAO_311C-10,São Paulo,3550308,True,,33077,,,-23.594777,-46.5478045,,,,2,2023-06-19T16:58:18+00:00
SAO_311C-10,São Paulo,3550308,True,,33077,,,-23.535901,-46.624287,,,,2,2023-06-19T16:53:28+00:00
SAO_311C-10,São Paulo,3550308,True,,33077,,,-23.594777,-46.5478045,,,,2,2023-06-19T16:58:33+00:00
SAO_2769-10,São Paulo,3550308,True,,33165,,,-23.481961499999997,-46.379926,,,,2,2023-06-19T16:58:35+00:00
SAO_2769-10,São Paulo,3550308,True,,33165,,,-23.481961499999997,-46.379926,,,,2,2023-06-19T16:58:45+00:00
SAO_2769-10,São Paulo,3550308,True,,33165,,,-23.508071,-46.4926935,,,,2,2023-06-19T16:58:21+00:00
SAO_2769-10,São Paulo,3550308,True,,33165,,,-23.481961499999997,-46.379926,,,,2,2023-06-19T16:58:28+00:00
SAO_2769-10,São Paulo,3550308,True,,33165,,,-23.4902945,-46.417395,,,,2,2023-06-19T16:58:39+00:00
SAO_6826-10,São Paulo,3550308,True,,32784,,,-23.673772,-46.797123,,,,2,2023-06-19T16:58:30+00:00
SAO_4020-10,São Paulo,3550308,True,,35298,,,-23.5686415,-46.4468875,,,,2,2023-06-19T16:58:40+00:00
SAO_4020-10,São Paulo,3550308,True,,35298,,,-23.534503,-46.453302,,,,2,2023-06-19T16:58:54+00:00
SAO_4732-10,São Paulo,3550308,True,Rápido Campinas,302,https://moovitapp.com/index/pt-br/transporte_p%C3%BAblico-line-302-Sao_Paulo-242-858660-23262913-0,5.3,-23.6287095,-46.6135975,,,,1,2023-06-19T16:58:43+00:00
SAO_4732-10,São Paulo,3550308,True,Rápido Campinas,302,https://moovitapp.com/index/pt-br/transporte_p%C3%BAblico-line-302-Sao_Paulo-242-858660-23262913-0,5.3,-23.618497249999997,-46.6383035,,,,1,2023-06-19T16:58:48+00:00
SAO_4732-10,São Paulo,3550308,True,Rápido Campinas,302,https://moovitapp.com/index/pt-br/transporte_p%C3%BAblico-line-302-Sao_Paulo-242-858660-23262913-0,5.3,-23.647742,-46.5999445,,,,1,2023-06-19T16:55:30+00:00
SAO_574A-10,São Paulo,3550308,True,Rápido Campinas,602,https://moovitapp.com/index/pt-br/transporte_p%C3%BAblico-line-602-Sao_Paulo-242-858660-638986-0,5.3,-23.6511355,-46.639278,,,,1,2023-06-19T16:58:53+00:00
SAO_574A-10,São Paulo,3550308,True,Rápido Campinas,602,https://moovitapp.com/index/pt-br/transporte_p%C3%BAblico-line-602-Sao_Paulo-242-858660-638986-0,5.3,-23.5795035,-46.6241905,,,,1,2023-06-19T16:58:30+00:00
SAO_574A-10,São Paulo,3550308,True,Rápido Campinas,602,https://moovitapp.com/index/pt-br/transporte_p%C3%BAblico-line-602-Sao_Paulo-242-858660-638986-0,5.3,-23.565554624999997,-46.614024875,,,,1,2023-06-19T16:58:24+00:00
SAO_574A-10,São Paulo,3550308,True,Rápido Campinas,602,https://moovitapp.com/index/pt-br/transporte_p%C3%BAblico-line-602-Sao_Paulo-242-858660-638986-0,5.3,-23.565824375,-46.613998124999995,,,,1,2023-06-19T16:58:42+00:00
SAO_574A-10,São Paulo,3550308,True,Rápido Campinas,602,https://moovitapp.com/index/pt-br/transporte_p%C3%BAblico-line-602-Sao_Paulo-242-858660-638986-0,5.3,-23.6183865,-46.639121,,,,1,2023-06-19T16:58:45+00:00
SAO_4221-10,São Paulo,3550308,True,,325,,,-23.596563,-46.5587515,,,,1,2023-06-19T16:58:44+00:00
SAO_4221-10,São Paulo,3550308,True,,325,,,-23.56760625,-46.59947,,,,1,2023-06-19T16:58:26+00:00
SAO_4221-10,São Paulo,3550308,True,,325,,,-23.605251000000003,-46.514367500000006,,,,1,2023-06-19T16:58:31+00:00
SAO_715M-10,São Paulo,3550308,True,,33258,,,-23.5785585,-46.745135,,,,2,2023-06-19T16:58:54+00:00
SAO_715M-10,São Paulo,3550308,True,,33258,,,-23.567685312499997,-46.648865812500006,,,,2,2023-06-19T16:58:35+00:00
SAO_715M-10,São Paulo,3550308,True,,33258,,,-23.571330625,-46.708110749999996,,,,2,2023-06-19T16:58:41+00:00
SAO_715M-10,São Paulo,3550308,True,,33258,,,-23.583049,-46.761895499999994,,,,2,2023-06-19T16:58:13+00:00
SAO_715M-10,São Paulo,3550308,True,,33258,,,-23.55834825,-46.634922875,,,,2,2023-06-19T16:58:50+00:00
SAO_715M-10,São Paulo,3550308,True,,33258,,,-23.56761925,-46.684419000000005,,,,2,2023-06-19T16:58:52+00:00
SAO_715M-10,São Paulo,3550308,True,,33258,,,-23.583534999999998,-46.7620345,,,,2,2023-06-19T16:58:39+00:00
SAO_715M-10,São Paulo,3550308,True,,33258,,,-23.583143999999997,-46.761945499999996,,,,2,2023-06-19T16:58:36+00:00
SAO_715M-10,São Paulo,3550308,True,,33258,,,-23.5833675,-46.7620085,,,,2,2023-06-19T16:58:39+00:00
SAO_407M-10,São Paulo,3550308,True,,33086,,,-23.587256,-46.6206235,,,,2,2023-06-19T16:58:49+00:00
SAO_407M-10,São Paulo,3550308,True,,33086,,,-23.5757655,-46.6136105,,,,2,2023-06-19T16:58:28+00:00
SAO_978L-10,São Paulo,3550308,True,EMTU,466,https://moovitapp.com/index/pt-br/transporte_p%C3%BAblico-line-466-Sao_Paulo-242-2038937-72712754-0,5.4,-23.53506275,-46.644746999999995,,,,1,2023-06-19T16:58:24+00:00
SAO_978L-10,São Paulo,3550308,True,EMTU,466,https://moovitapp.com/index/pt-br/transporte_p%C3%BAblico-line-466-Sao_Paulo-242-2038937-72712754-0,5.4,-23.53471425,-46.64500699999999,,,,1,2023-06-19T16:58:45+00:00
SAO_978L-10,São Paulo,3550308,True,EMTU,466,https://moovitapp.com/index/pt-br/transporte_p%C3%BAblico-line-466-Sao_Paulo-242-2038937-72712754-0,5.4,-23.52260975,-46.66022699999999,,,,1,2023-06-19T16:58:31+00:00
SAO_3006-10,São Paulo,3550308,True,,1865,,,-23.548099999999998,-46.389815,,,,1,2023-06-19T16:58:10+00:00
SAO_3006-10,São Paulo,3550308,True,,1865,,,-23.544321625,-46.406484125,,,,1,2023-06-19T16:58:36+00:00
SAO_6002-10,São Paulo,3550308,True,,1979,,,-23.707207250000003,-46.688587999999996,,,,1,2023-06-19T16:58:22+00:00
SAO_2724-10,São Paulo,3550308,True,,33706,,,-23.525440250000003,-46.474858749999996,,,,2,2023-06-19T16:58:53+00:00
SAO_2724-10,São Paulo,3550308,True,,33706,,,-23.539783999999997,-46.483161,,,,2,2023-06-19T16:58:40+00:00
SAO_2724-10,São Paulo,3550308,True,,33706,,,-23.5224605,-46.4677965,,,,2,2023-06-19T16:58:54+00:00
SAO_2724-10,São Paulo,3550308,True,,33706,,,-23.539782000000002,-46.482977500000004,,,,2,2023-06-19T16:58:44+00:00
SAO_5106-10,São Paulo,3550308,True,,1280,,,-23.6344415,-46.6412225,,,,1,2023-06-19T16:58:15+00:00
SAO_5106-10,São Paulo,3550308,True,,1280,,,-23.6868825,-46.6383355,,,,1,2023-06-19T16:53:48+00:00
SAO_5106-10,São Paulo,3550308,True,,1280,,,-23.565154624999998,-46.64502575,,,,1,2023-06-19T16:58:53+00:00
SAO_5106-10,São Paulo,3550308,True,,1280,,,-23.687373,-46.6551775,,,,1,2023-06-19T16:58:12+00:00
SAO_5106-10,São Paulo,3550308,True,,1280,,,-23.566280374999998,-46.64465824999999,,,,1,2023-06-19T16:58:35+00:00
SAO_6012-10,São Paulo,3550308,True,,1204,,,-23.674171,-46.746797875,,,,1,2023-06-19T16:58:51+00:00
SAO_6012-10,São Paulo,3550308,True,,1204,,,-23.687546,-46.7717265,,,,1,2023-06-19T16:58:54+00:00
SAO_6012-10,São Paulo,3550308,True,,1204,,,-23.694872,-46.7797925,,,,1,2023-06-19T16:58:14+00:00
SAO_6012-10,São Paulo,3550308,True,,1204,,,-23.656521499999997,-46.706404750000004,,,,1,2023-06-19T16:58:23+00:00
SAO_6012-10,São Paulo,3550308,True,,1204,,,-23.686561,-46.7870745,,,,1,2023-06-19T16:58:34+00:00
SAO_7005-51,São Paulo,3550308,True,,1999,,,-23.73209225,-46.78503325,,,,1,2023-06-19T16:57:01+00:00
SAO_7005-51,São Paulo,3550308,True,,1999,,,-23.685542499999997,-46.770193500000005,,,,1,2023-06-19T16:58:53+00:00
SAO_7005-51,São Paulo,3550308,True,,1999,,,-23.697819000000003,-46.7792305,,,,1,2023-06-19T16:58:51+00:00
SAO_7005-51,São Paulo,3550308,True,,1999,,,-23.718654,-46.7846245,,,,1,2023-06-19T16:58:17+00:00
SAO_5143-10,São Paulo,3550308,True,,1628,,,-23.5481695,-46.6262725,,,,1,2023-06-19T16:58:23+00:00
SAO_5143-10,São Paulo,3550308,True,,1628,,,-23.614242,-46.501176,,,,1,2023-06-19T16:58:18+00:00
SAO_5143-10,São Paulo,3550308,True,,1628,,,-23.5848315,-46.5815725,,,,1,2023-06-19T16:58:45+00:00
SAO_5143-10,São Paulo,3550308,True,,1628,,,-23.614242,-46.501176,,,,1,2023-06-19T16:58:41+00:00
SAO_6825-10,São Paulo,3550308,True,BR7 Mobilidade,14,https://moovitapp.com/index/pt-br/transporte_p%C3%BAblico-line-14-Sao_Paulo-242-851856-183465-0,5.75,-23.685346,-46.800567,,,,1,2023-06-19T16:58:16+00:00
SAO_6825-10,São Paulo,3550308,True,BR7 Mobilidade,14,https://moovitapp.com/index/pt-br/transporte_p%C3%BAblico-line-14-Sao_Paulo-242-851856-183465-0,5.75,-23.685346,-46.800567,,,,1,2023-06-19T16:58:39+00:00
SAO_6825-10,São Paulo,3550308,True,BR7 Mobilidade,14,https://moovitapp.com/index/pt-br/transporte_p%C3%BAblico-line-14-Sao_Paulo-242-851856-183465-0,5.75,-23.6603565,-46.7770965,,,,1,2023-06-19T16:58:42+00:00
SAO_6825-10,São Paulo,3550308,True,BR7 Mobilidade,14,https://moovitapp.com/index/pt-br/transporte_p%C3%BAblico-line-14-Sao_Paulo-242-851856-183465-0,5.75,-23.653897,-46.7629255,,,,1,2023-06-19T16:58:49+00:00
SAO_6825-10,São Paulo,3550308,True,BR7 Mobilidade,14,https://moovitapp.com/index/pt-br/transporte_p%C3%BAblico-line-14-Sao_Paulo-242-851856-183465-0,5.75,-23.685346,-46.800567,,,,1,2023-06-19T16:58:45+00:00
SAO_3206-10,São Paulo,3550308,True,,34880,,,-23.533515,-46.545852,,,,2,2023-06-19T16:58:19+00:00
SAO_7001-10,São Paulo,3550308,True,,1722,,,-23.7247405,-46.7552985,,,,1,2023-06-19T16:58:14+00:00
SAO_7001-10,São Paulo,3550308,True,,1722,,,-23.724553,-46.755476,,,,1,2023-06-19T16:57:20+00:00
SAO_7001-10,São Paulo,3550308,True,,1722,,,-23.7247405,-46.7552985,,,,1,2023-06-19T16:58:44+00:00
SAO_7001-10,São Paulo,3550308,True,,1722,,,-23.7247405,-46.7552985,,,,1,2023-06-19T16:58:14+00:00
SAO_7001-10,São Paulo,3550308,True,,1722,,,-23.71497925,-46.77094325,,,,1,2023-06-19T16:58:46+00:00
SAO_7001-10,São Paulo,3550308,True,,1722,,,-23.7247405,-46.7552985,,,,1,2023-06-19T16:58:49+00:00
SAO_7001-10,São Paulo,3550308,True,,1722,,,-23.7247405,-46.7552985,,,,1,2023-06-19T16:58:31+00:00
SAO_7001-10,São Paulo,3550308,True,,1722,,,-23.7247405,-46.7552985,,,,1,2023-06-19T16:58:52+00:00
SAO_7001-10,São Paulo,3550308,True,,1722,,,-23.6862755,-46.770596999999995,,,,1,2023-06-19T16:55:35+00:00
SAO_7458-10,São Paulo,3550308,True,EMTU,496,https://moovitapp.com/index/pt-br/transporte_p%C3%BAblico-line-496-Sao_Paulo-242-2038937-36419521-0,5.4,-23.580585,-46.7940725,,,,1,2023-06-19T16:58:47+00:00
SAO_7458-10,São Paulo,3550308,True,EMTU,496,https://moovitapp.com/index/pt-br/transporte_p%C3%BAblico-line-496-Sao_Paulo-242-2038937-36419521-0,5.4,-23.583724,-46.788507499999994,,,,1,2023-06-19T16:58:16+00:00
SAO_7458-10,São Paulo,3550308,True,EMTU,496,https://moovitapp.com/index/pt-br/transporte_p%C3%BAblico-line-496-Sao_Paulo-242-2038937-36419521-0,5.4,-23.5910905,-46.735774500000005,,,,1,2023-06-19T16:58:32+00:00
SAO_3139-10,São Paulo,3550308,True,,995,,,-23.571079,-46.53818375,,,,1,2023-06-19T16:58:33+00:00
SAO_3139-10,São Paulo,3550308,True,,995,,,-23.555808562499998,-46.59710112500001,,,,1,2023-06-19T16:58:53+00:00
SAO_3721-41,São Paulo,3550308,True,,34461,,,-23.5632565,-46.500804,,,,2,2023-06-19T16:58:11+00:00
SAO_3721-41,São Paulo,3550308,True,,34461,,,-23.54205675,-46.48202825,,,,2,2023-06-19T16:58:39+00:00
SAO_3721-41,São Paulo,3550308,True,,34461,,,-23.555161,-46.492176,,,,2,2023-06-19T16:58:22+00:00
SAO_3721-41,São Paulo,3550308,True,,34461,,,-23.5631595,-46.500921000000005,,,,2,2023-06-19T16:58:18+00:00
SAO_3721-41,São Paulo,3550308,True,,34461,,,-23.550503999999997,-46.48817774999999,,,,2,2023-06-19T16:58:45+00:00
SAO_3721-41,São Paulo,3550308,True,,34461,,,-23.553732500000002,-46.492516,,,,2,2023-06-19T16:58:28+00:00
SAO_211V-10,São Paulo,3550308,True,,32922,,,-23.5061395,-46.5287255,,,,2,2023-06-19T16:58:01+00:00
SAO_211V-10,São Paulo,3550308,True,,32922,,,-23.4944855,-46.470219,,,,2,2023-06-19T16:58:50+00:00
SAO_211V-10,São Paulo,3550308,True,,32922,,,-23.4943225,-46.470273,,,,2,2023-06-19T16:58:33+00:00
SAO_6076-41,São Paulo,3550308,True,,34754,,,-23.6628155,-46.707258625,,,,2,2023-06-19T16:58:50+00:00
SAO_1896-10,São Paulo,3550308,True,,2520,,,-23.5365011875,-46.65088375,,,,1,2023-06-19T16:58:36+00:00
SAO_1896-10,São Paulo,3550308,True,,2520,,,-23.468757,-46.7514565,,,,1,2023-06-19T16:54:14+00:00
SAO_1896-10,São Paulo,3550308,True,,2520,,,-23.4444145,-46.7533035,,,,1,2023-06-19T16:58:30+00:00
SAO_1896-10,São Paulo,3550308,True,,2520,,,-23.4444145,-46.7533035,,,,1,2023-06-19T16:58:28+00:00
SAO_1896-10,São Paulo,3550308,True,,2520,,,-23.4444145,-46.7533035,,,,1,2023-06-19T16:58:33+00:00
SAO_1896-10,São Paulo,3550308,True,,2520,,,-23.525107625,-46.709828875,,,,1,2023-06-19T16:58:12+00:00
SAO_1896-10,São Paulo,3550308,True,,2520,,,-23.4444145,-46.7533035,,,,1,2023-06-19T16:58:51+00:00
SAO_4024-10,São Paulo,3550308,True,,2158,,,-23.566142499999998,-46.424344500000004,,,,1,2023-06-19T16:56:35+00:00
SAO_4024-10,São Paulo,3550308,True,,2158,,,-23.566142499999998,-46.424344500000004,,,,1,2023-06-19T16:58:23+00:00
SAO_4024-10,São Paulo,3550308,True,,2158,,,-23.552046,-46.4277055,,,,1,2023-06-19T16:56:17+00:00
SAO_4024-10,São Paulo,3550308,True,,2158,,,-23.542497,-46.44645375,,,,1,2023-06-19T16:58:18+00:00
SAO_477U-10,São Paulo,3550308,True,,306,,,-23.584491,-46.62634,,,,1,2023-06-19T16:58:44+00:00
SAO_778J-10,São Paulo,3550308,True,EMTU,508,https://moovitapp.com/index/pt-br/transporte_p%C3%BAblico-line-508-Sao_Paulo-242-2038937-36419530-0,5.65,-23.567389,-46.7552445,,,,1,2023-06-19T16:58:23+00:00
SAO_778J-10,São Paulo,3550308,True,EMTU,508,https://moovitapp.com/index/pt-br/transporte_p%C3%BAblico-line-508-Sao_Paulo-242-2038937-36419530-0,5.65,-23.5532955,-46.679069,,,,1,2023-06-19T16:58:33+00:00
SAO_178L-10,São Paulo,3550308,True,EMTU,560,https://moovitapp.com/index/pt-br/transporte_p%C3%BAblico-line-560-Sao_Paulo-242-2038937-36419561-0,6.2,-23.50032625,-46.62695925,,,,1,2023-06-19T16:58:37+00:00
SAO_178L-10,São Paulo,3550308,True,EMTU,560,https://moovitapp.com/index/pt-br/transporte_p%C3%BAblico-line-560-Sao_Paulo-242-2038937-36419561-0,6.2,-23.5498635,-46.6823885,,,,1,2023-06-19T16:58:51+00:00
SAO_178L-10,São Paulo,3550308,True,EMTU,560,https://moovitapp.com/index/pt-br/transporte_p%C3%BAblico-line-560-Sao_Paulo-242-2038937-36419561-0,6.2,-23.535529375,-46.65080275,,,,1,2023-06-19T16:58:29+00:00
SAO_178L-10,São Paulo,3550308,True,EMTU,560,https://moovitapp.com/index/pt-br/transporte_p%C3%BAblico-line-560-Sao_Paulo-242-2038937-36419561-0,6.2,-23.549608875,-46.681905125,,,,1,2023-06-19T16:58:39+00:00
SAO_178L-10,São Paulo,3550308,True,EMTU,560,https://moovitapp.com/index/pt-br/transporte_p%C3%BAblico-line-560-Sao_Paulo-242-2038937-36419561-0,6.2,-23.5496345,-46.682542,,,,1,2023-06-19T16:58:32+00:00
SAO_178L-10,São Paulo,3550308,True,EMTU,560,https://moovitapp.com/index/pt-br/transporte_p%C3%BAblico-line-560-Sao_Paulo-242-2038937-36419561-0,6.2,-23.549295,-46.65299950000001,,,,1,2023-06-19T16:58:51+00:00
SAO_178L-10,São Paulo,3550308,True,EMTU,560,https://moovitapp.com/index/pt-br/transporte_p%C3%BAblico-line-560-Sao_Paulo-242-2038937-36419561-0,6.2,-23.507569750000002,-46.65027275,,,,1,2023-06-19T16:58:21+00:00
SAO_8077-10,São Paulo,3550308,True,,2050,,,-23.592765,-46.735299749999996,,,,1,2023-06-19T16:58:15+00:00
SAO_8077-10,São Paulo,3550308,True,,2050,,,-23.596549000000003,-46.782379500000005,,,,1,2023-06-19T16:58:16+00:00
SAO_6500-10,São Paulo,3550308,True,,32814,,,-23.61628925,-46.680431,,,,2,2023-06-19T16:58:49+00:00
SAO_6500-10,São Paulo,3550308,True,,32814,,,-23.593270625,-46.67295975,,,,2,2023-06-19T16:58:55+00:00
SAO_6500-10,São Paulo,3550308,True,,32814,,,-23.578162,-46.6711455,,,,2,2023-06-19T16:58:12+00:00
SAO_709P-10,São Paulo,3550308,True,,34761,,,-23.6048515,-46.692813,,,,2,2023-06-19T16:58:53+00:00
SAO_709P-10,São Paulo,3550308,True,,34761,,,-23.655979000000002,-46.721891,,,,2,2023-06-19T16:58:47+00:00
SAO_709P-10,São Paulo,3550308,True,,34761,,,-23.65607825,-46.722472499999995,,,,2,2023-06-19T16:58:25+00:00
SAO_709P-10,São Paulo,3550308,True,,34761,,,-23.656016,-46.721914999999996,,,,2,2023-06-19T16:58:55+00:00
SAO_709P-10,São Paulo,3550308,True,,34761,,,-23.579043,-46.6859035,,,,2,2023-06-19T16:58:17+00:00
SAO_6120-10,São Paulo,3550308,True,,33957,,,-23.76008125,-46.67663625,,,,2,2023-06-19T16:58:25+00:00
SAO_6120-10,São Paulo,3550308,True,,33957,,,-23.735234,-46.695545,,,,2,2023-06-19T16:58:52+00:00
SAO_6120-10,São Paulo,3550308,True,,33957,,,-23.76019175,-46.677102749999996,,,,2,2023-06-19T16:58:22+00:00
SAO_477U-10,São Paulo,3550308,True,,33074,,,-23.589808374999997,-46.612374125,,,,2,2023-06-19T16:58:09+00:00
SAO_477U-10,São Paulo,3550308,True,,33074,,,-23.60934,-46.5948055,,,,2,2023-06-19T16:58:29+00:00
SAO_477U-10,São Paulo,3550308,True,,33074,,,-23.60934,-46.5948055,,,,2,2023-06-19T16:58:53+00:00
SAO_1701-10,São Paulo,3550308,True,,33613,,,-23.454218500000003,-46.5794365,,,,2,2023-06-19T16:58:44+00:00
SAO_1701-10,São Paulo,3550308,True,,33613,,,-23.447903750000002,-46.57596337499999,,,,2,2023-06-19T16:58:34+00:00
SAO_1701-10,São Paulo,3550308,True,,33613,,,-23.447903750000002,-46.57596337499999,,,,2,2023-06-19T16:58:30+00:00
SAO_1701-10,São Paulo,3550308,True,,33613,,,-23.48756325,-46.6090005,,,,2,2023-06-19T16:58:11+00:00
SAO_975A-10,São Paulo,3550308,True,EMTU,589,https://moovitapp.com/index/pt-br/transporte_p%C3%BAblico-line-589-Sao_Paulo-242-2038937-36419576-0,5.35,-23.4694835,-46.694140000000004,,,,1,2023-06-19T16:58:02+00:00
SAO_975A-10,São Paulo,3550308,True,EMTU,589,https://moovitapp.com/index/pt-br/transporte_p%C3%BAblico-line-589-Sao_Paulo-242-2038937-36419576-0,5.35,-23.519468000000003,-46.667476875000006,,,,1,2023-06-19T16:58:55+00:00
SAO_975A-10,São Paulo,3550308,True,EMTU,589,https://moovitapp.com/index/pt-br/transporte_p%C3%BAblico-line-589-Sao_Paulo-242-2038937-36419576-0,5.35,-23.5814585,-46.6389305,,,,1,2023-06-19T16:58:30+00:00
SAO_975A-10,São Paulo,3550308,True,EMTU,589,https://moovitapp.com/index/pt-br/transporte_p%C3%BAblico-line-589-Sao_Paulo-242-2038937-36419576-0,5.35,-23.4690525,-46.696217000000004,,,,1,2023-06-19T16:58:13+00:00
SAO_975A-10,São Paulo,3550308,True,EMTU,589,https://moovitapp.com/index/pt-br/transporte_p%C3%BAblico-line-589-Sao_Paulo-242-2038937-36419576-0,5.35,-23.5587165,-46.659662874999995,,,,1,2023-06-19T16:58:11+00:00
SAO_4016-10,São Paulo,3550308,True,,34957,,,-23.6128775,-46.476433,,,,2,2023-06-19T16:58:46+00:00
SAO_4016-10,São Paulo,3550308,True,,34957,,,-23.616301999999997,-46.4764695,,,,2,2023-06-19T16:58:37+00:00
SAO_8077-10,São Paulo,3550308,True,,34818,,,-23.601537,-46.791821999999996,,,,2,2023-06-19T16:58:40+00:00
SAO_8077-10,São Paulo,3550308,True,,34818,,,-23.5866945,-46.761433,,,,2,2023-06-19T16:58:16+00:00
SAO_8077-10,São Paulo,3550308,True,,34818,,,-23.601537,-46.791821999999996,,,,2,2023-06-19T16:58:33+00:00
SAO_5034-31,São Paulo,3550308,True,,34432,,,-23.616211999999997,-46.601436750000005,,,,2,2023-06-19T16:58:39+00:00
SAO_5034-31,São Paulo,3550308,True,,34432,,,-23.640935,-46.6073405,,,,2,2023-06-19T16:58:27+00:00
SAO_374V-10,São Paulo,3550308,True,,1647,,,-23.518894000000003,-46.4501425,,,,1,2023-06-19T16:58:44+00:00
SAO_374V-10,São Paulo,3550308,True,,1647,,,-23.524662499999998,-46.453269000000006,,,,1,2023-06-19T16:58:15+00:00
SAO_374V-10,São Paulo,3550308,True,,1647,,,-23.542588000000002,-46.46839,,,,1,2023-06-19T16:58:27+00:00
SAO_9019-10,São Paulo,3550308,True,,1433,,,-23.4545785,-46.7102915,,,,1,2023-06-19T16:58:48+00:00
SAO_9019-10,São Paulo,3550308,True,,1433,,,-23.481636,-46.718026,,,,1,2023-06-19T16:58:49+00:00
SAO_9019-10,São Paulo,3550308,True,,1433,,,-23.4545785,-46.7102915,,,,1,2023-06-19T16:58:34+00:00
SAO_9019-10,São Paulo,3550308,True,,1433,,,-23.4868945,-46.7270755,,,,1,2023-06-19T16:58:42+00:00
SAO_407W-10,São Paulo,3550308,True,,34972,,,-23.58958175,-46.50089925,,,,2,2023-06-19T16:58:29+00:00
SAO_407W-10,São Paulo,3550308,True,,34972,,,-23.58958175,-46.50089925,,,,2,2023-06-19T16:58:41+00:00
SAO_407W-10,São Paulo,3550308,True,,34972,,,-23.564362000000003,-46.544490499999995,,,,2,2023-06-19T16:55:20+00:00
SAO_407W-10,São Paulo,3550308,True,,34972,,,-23.538597,-46.5639085,,,,2,2023-06-19T16:58:29+00:00
SAO_7013-10,São Paulo,3550308,True,,33543,,,-23.639882,-46.749438,,,,2,2023-06-19T16:58:55+00:00
SAO_7013-10,São Paulo,3550308,True,,33543,,,-23.639699999999998,-46.7497905,,,,2,2023-06-19T16:58:55+00:00
SAO_7013-10,São Paulo,3550308,True,,33543,,,-23.6396455,-46.74996425,,,,2,2023-06-19T16:58:51+00:00
SAO_7013-10,São Paulo,3550308,True,,33543,,,-23.6397885,-46.7496145,,,,2,2023-06-19T16:58:13+00:00
SAO_7013-10,São Paulo,3550308,True,,33543,,,-23.6082465,-46.751734,,,,2,2023-06-19T16:58:44+00:00
SAO_6099-10,São Paulo,3550308,True,,34355,,,-23.7367155,-46.697201,,,,2,2023-06-19T16:58:43+00:00
SAO_6099-10,São Paulo,3550308,True,,34355,,,-23.7773025,-46.723008,,,,2,2023-06-19T16:58:25+00:00
SAO_6099-10,São Paulo,3550308,True,,34355,,,-23.838996,-46.736166,,,,2,2023-06-19T16:58:36+00:00
SAO_6099-10,São Paulo,3550308,False,,34355,,,-23.835438500000002,-46.730638,,,,2,2023-06-19T16:58:53+00:00
SAO_5632-10,São Paulo,3550308,True,,32849,,,-23.673454749999998,-46.71235725,,,,2,2023-06-19T16:58:38+00:00
SAO_5632-10,São Paulo,3550308,True,,32849,,,-23.655545,-46.707713999999996,,,,2,2023-06-19T16:58:28+00:00
SAO_5632-10,São Paulo,3550308,True,,32849,,,-23.738264,-46.7090185,,,,2,2023-06-19T16:58:26+00:00
SAO_5632-10,São Paulo,3550308,True,,32849,,,-23.6496535,-46.7052775,,,,2,2023-06-19T16:58:46+00:00
SAO_5632-10,São Paulo,3550308,True,,32849,,,-23.611001,-46.669298999999995,,,,2,2023-06-19T16:58:35+00:00
SAO_5632-10,São Paulo,3550308,True,,32849,,,-23.737796,-46.7091785,,,,2,2023-06-19T16:58:12+00:00
SAO_5632-10,São Paulo,3550308,True,,32849,,,-23.73809,-46.709101000000004,,,,2,2023-06-19T16:58:40+00:00
SAO_172K-10,São Paulo,3550308,True,,857,,,-23.496902749999997,-46.59693625,,,,1,2023-06-19T16:58:18+00:00
SAO_172K-10,São Paulo,3550308,True,,857,,,-23.479325000000003,-46.609796,,,,1,2023-06-19T16:58:32+00:00
SAO_172K-10,São Paulo,3550308,True,,857,,,-23.537915750000003,-46.57550675,,,,1,2023-06-19T16:58:53+00:00
SAO_172K-10,São Paulo,3550308,True,,857,,,-23.530502499999997,-46.590419999999995,,,,1,2023-06-19T16:58:15+00:00
SAO_172K-10,São Paulo,3550308,True,,857,,,-23.4568955,-46.597817000000006,,,,1,2023-06-19T16:58:16+00:00
SAO_8610-10,São Paulo,3550308,True,,2063,,,-23.5495285,-46.6402545,,,,1,2023-06-19T16:58:19+00:00
SAO_8610-10,São Paulo,3550308,True,,2063,,,-23.5866135,-46.7500775,,,,1,2023-06-19T16:58:11+00:00
SAO_8610-10,São Paulo,3550308,True,,2063,,,-23.572986375000003,-46.6656,,,,1,2023-06-19T16:58:24+00:00
SAO_8610-10,São Paulo,3550308,True,,2063,,,-23.573482,-46.6893395,,,,1,2023-06-19T16:58:53+00:00
SAO_3099-10,São Paulo,3550308,True,,1079,,,-23.6126845,-46.4445915,,,,1,2023-06-19T16:58:31+00:00
SAO_3099-10,São Paulo,3550308,True,,1079,,,-23.612834499999998,-46.444575,,,,1,2023-06-19T16:58:51+00:00
SAO_3099-10,São Paulo,3550308,True,,1079,,,-23.6106325,-46.453573000000006,,,,1,2023-06-19T16:58:25+00:00
SAO_3099-10,São Paulo,3550308,True,,1079,,,-23.603309749999998,-46.4819175,,,,1,2023-06-19T16:58:25+00:00
SAO_3099-10,São Paulo,3550308,True,,1079,,,-23.616588,-46.468978,,,,1,2023-06-19T16:58:28+00:00
SAO_3099-10,São Paulo,3550308,True,,1079,,,-23.610452249999998,-46.45343475,,,,1,2023-06-19T16:58:29+00:00
SAO_3099-10,São Paulo,3550308,True,,1079,,,-23.6129015,-46.444473,,,,1,2023-06-19T16:58:23+00:00
SAO_3099-10,São Paulo,3550308,True,,1079,,,-23.6129015,-46.444473,,,,1,2023-06-19T16:58:39+00:00
SAO_5018-31,São Paulo,3550308,True,,1861,,,-23.67877,-46.671513000000004,,,,1,2023-06-19T16:58:14+00:00
SAO_5018-31,São Paulo,3550308,True,,1861,,,-23.65841125,-46.64402724999999,,,,1,2023-06-19T16:58:45+00:00
SAO_2100-10,São Paulo,3550308,True,,33481,,,-23.56460175,-46.54666675,,,,2,2023-06-19T16:58:20+00:00
SAO_2100-10,São Paulo,3550308,True,,33481,,,-23.558325,-46.523238500000005,,,,2,2023-06-19T16:54:01+00:00
SAO_2100-10,São Paulo,3550308,True,,33481,,,-23.558473,-46.523022499999996,,,,2,2023-06-19T16:58:19+00:00
SAO_2100-10,São Paulo,3550308,True,,33481,,,-23.557927,-46.523227500000004,,,,2,2023-06-19T16:58:38+00:00
SAO_2100-10,São Paulo,3550308,True,,33481,,,-23.573014,-46.533237,,,,2,2023-06-19T16:58:44+00:00
SAO_2100-10,São Paulo,3550308,True,,33481,,,-23.55964075,-46.583077,,,,2,2023-06-19T16:58:36+00:00
SAO_2100-10,São Paulo,3550308,True,,33481,,,-23.573014,-46.533237,,,,2,2023-06-19T16:58:31+00:00
SAO_2735-10,São Paulo,3550308,True,,34689,,,-23.5300355,-46.546846,,,,2,2023-06-19T16:58:42+00:00
SAO_2735-10,São Paulo,3550308,True,,34689,,,-23.5001835,-46.52027975,,,,2,2023-06-19T16:58:43+00:00
SAO_2735-10,São Paulo,3550308,True,,34689,,,-23.4949499375,-46.518449187499996,,,,2,2023-06-19T16:58:42+00:00
SAO_407A-10,São Paulo,3550308,True,,34962,,,-23.5635905,-46.50201199999999,,,,2,2023-06-19T16:58:40+00:00
SAO_407A-10,São Paulo,3550308,True,,34962,,,-23.5636815,-46.502104,,,,2,2023-06-19T16:58:52+00:00
SAO_407A-10,São Paulo,3550308,True,,34962,,,-23.546654499999995,-46.584097375000006,,,,2,2023-06-19T16:58:27+00:00
SAO_407A-10,São Paulo,3550308,True,,34962,,,-23.57421175,-46.541283750000005,,,,2,2023-06-19T16:58:35+00:00
SAO_407A-10,São Paulo,3550308,True,,34962,,,-23.5633835,-46.501695,,,,2,2023-06-19T16:58:13+00:00
SAO_407A-10,São Paulo,3550308,True,,34962,,,-23.5419965,-46.617257499999994,,,,2,2023-06-19T16:58:46+00:00
SAO_407A-10,São Paulo,3550308,True,,34962,,,-23.563288999999997,-46.501448499999995,,,,2,2023-06-19T16:58:41+00:00
SAO_407A-10,São Paulo,3550308,True,,34962,,,-23.5388835,-46.605918,,,,2,2023-06-19T16:58:42+00:00
SAO_1020-10,São Paulo,3550308,True,,2497,,,-23.487679,-46.717515000000006,,,,1,2023-06-19T16:58:13+00:00
SAO_1020-10,São Paulo,3550308,True,,2497,,,-23.485255000000002,-46.709973000000005,,,,1,2023-06-19T16:58:28+00:00
SAO_1020-10,São Paulo,3550308,True,,2497,,,-23.40665025,-46.755919750000004,,,,1,2023-06-19T16:58:13+00:00
SAO_1020-10,São Paulo,3550308,True,,2497,,,-23.4430215,-46.721852999999996,,,,1,2023-06-19T16:58:50+00:00
SAO_273X-10,São Paulo,3550308,True,EMTU,392,https://moovitapp.com/index/pt-br/transporte_p%C3%BAblico-line-392-Sao_Paulo-242-2038937-36419460-0,5.8,-23.4986635,-46.376688,,,,1,2023-06-19T16:56:07+00:00
SAO_273X-10,São Paulo,3550308,True,EMTU,392,https://moovitapp.com/index/pt-br/transporte_p%C3%BAblico-line-392-Sao_Paulo-242-2038937-36419460-0,5.8,-23.502128499999998,-46.3912135,,,,1,2023-06-19T16:56:19+00:00
SAO_273X-10,São Paulo,3550308,True,EMTU,392,https://moovitapp.com/index/pt-br/transporte_p%C3%BAblico-line-392-Sao_Paulo-242-2038937-36419460-0,5.8,-23.496015999999997,-46.387985,,,,1,2023-06-19T16:58:14+00:00
SAO_273X-10,São Paulo,3550308,True,EMTU,392,https://moovitapp.com/index/pt-br/transporte_p%C3%BAblico-line-392-Sao_Paulo-242-2038937-36419460-0,5.8,-23.53987,-46.4833455,,,,1,2023-06-19T16:58:19+00:00
SAO_273X-10,São Paulo,3550308,True,EMTU,392,https://moovitapp.com/index/pt-br/transporte_p%C3%BAblico-line-392-Sao_Paulo-242-2038937-36419460-0,5.8,-23.4984065,-46.456347,,,,1,2023-06-19T16:58:28+00:00
SAO_273X-10,São Paulo,3550308,True,EMTU,392,https://moovitapp.com/index/pt-br/transporte_p%C3%BAblico-line-392-Sao_Paulo-242-2038937-36419460-0,5.8,-23.494658,-46.426776000000004,,,,1,2023-06-19T16:58:35+00:00
SAO_5036-10,São Paulo,3550308,True,,1666,,,-23.656055000000002,-46.612717,,,,1,2023-06-19T16:58:19+00:00
SAO_5036-10,São Paulo,3550308,True,,1666,,,-23.644148,-46.6056985,,,,1,2023-06-19T16:58:44+00:00
SAO_5036-10,São Paulo,3550308,True,,1666,,,-23.6106655,-46.608596,,,,1,2023-06-19T16:58:18+00:00
SAO_9188-10,São Paulo,3550308,True,EMTU,809,https://moovitapp.com/index/pt-br/transporte_p%C3%BAblico-line-809-Sao_Paulo-242-2038937-119858519-0,5.2,-23.448057499999997,-46.727577125,,,,1,2023-06-19T16:58:27+00:00
SAO_9188-10,São Paulo,3550308,True,EMTU,809,https://moovitapp.com/index/pt-br/transporte_p%C3%BAblico-line-809-Sao_Paulo-242-2038937-119858519-0,5.2,-23.457569499999998,-46.7192765,,,,1,2023-06-19T16:56:17+00:00
SAO_9188-10,São Paulo,3550308,True,EMTU,809,https://moovitapp.com/index/pt-br/transporte_p%C3%BAblico-line-809-Sao_Paulo-242-2038937-119858519-0,5.2,-23.454674500000003,-46.7289085,,,,1,2023-06-19T16:58:39+00:00
SAO_9188-10,São Paulo,3550308,True,EMTU,809,https://moovitapp.com/index/pt-br/transporte_p%C3%BAblico-line-809-Sao_Paulo-242-2038937-119858519-0,5.2,-23.454766,-46.728925,,,,1,2023-06-19T16:58:25+00:00
SAO_9188-10,São Paulo,3550308,True,EMTU,809,https://moovitapp.com/index/pt-br/transporte_p%C3%BAblico-line-809-Sao_Paulo-242-2038937-119858519-0,5.2,-23.454766,-46.728925,,,,1,2023-06-19T16:58:28+00:00
SAO_9188-10,São Paulo,3550308,True,EMTU,809,https://moovitapp.com/index/pt-br/transporte_p%C3%BAblico-line-809-Sao_Paulo-242-2038937-119858519-0,5.2,-23.454766,-46.728925,,,,1,2023-06-19T16:58:44+00:00
SAO_9188-10,São Paulo,3550308,True,EMTU,809,https://moovitapp.com/index/pt-br/transporte_p%C3%BAblico-line-809-Sao_Paulo-242-2038937-119858519-0,5.2,-23.5183395,-46.701709,,,,1,2023-06-19T16:58:26+00:00
SAO_9188-10,São Paulo,3550308,True,EMTU,809,https://moovitapp.com/index/pt-br/transporte_p%C3%BAblico-line-809-Sao_Paulo-242-2038937-119858519-0,5.2,-23.454766,-46.728925,,,,1,2023-06-19T16:58:16+00:00
SAO_9188-10,São Paulo,3550308,True,EMTU,809,https://moovitapp.com/index/pt-br/transporte_p%C3%BAblico-line-809-Sao_Paulo-242-2038937-119858519-0,5.2,-23.454766,-46.728925,,,,1,2023-06-19T16:58:52+00:00
SAO_546A-31,São Paulo,3550308,True,,33900,,,-23.661797999999997,-46.6934765,,,,2,2023-06-19T16:58:54+00:00
SAO_546A-31,São Paulo,3550308,True,,33900,,,-23.708951499999998,-46.6568195,,,,2,2023-06-19T16:55:40+00:00
SAO_546A-31,São Paulo,3550308,True,,33900,,,-23.6950075,-46.655587499999996,,,,2,2023-06-19T16:56:02+00:00
SAO_9047-10,São Paulo,3550308,True,,33651,,,-23.50912025,-46.693914750000005,,,,2,2023-06-19T16:58:40+00:00
SAO_9047-10,São Paulo,3550308,True,,33651,,,-23.461492999999997,-46.713212999999996,,,,2,2023-06-19T16:58:22+00:00
SAO_9047-10,São Paulo,3550308,True,,33651,,,-23.5004855,-46.6928275,,,,2,2023-06-19T16:58:41+00:00
SAO_9047-10,São Paulo,3550308,True,,33651,,,-23.4613235,-46.713106499999995,,,,2,2023-06-19T16:58:12+00:00
SAO_9047-10,São Paulo,3550308,True,,33651,,,-23.4613235,-46.713106499999995,,,,2,2023-06-19T16:58:27+00:00
SAO_9047-10,São Paulo,3550308,True,,33651,,,-23.468484500000002,-46.696687999999995,,,,2,2023-06-19T16:58:25+00:00
SAO_9047-10,São Paulo,3550308,True,,33651,,,-23.461492999999997,-46.713212999999996,,,,2,2023-06-19T16:58:42+00:00
SAO_9047-10,São Paulo,3550308,True,,33651,,,-23.483549,-46.691667249999995,,,,2,2023-06-19T16:58:26+00:00
SAO_746R-10,São Paulo,3550308,True,,33558,,,-23.610371999999998,-46.705703,,,,2,2023-06-19T16:58:11+00:00
SAO_746R-10,São Paulo,3550308,True,,33558,,,-23.61038,-46.705295500000005,,,,2,2023-06-19T16:58:24+00:00
SAO_746R-10,São Paulo,3550308,True,,33558,,,-23.6152275,-46.6936945,,,,2,2023-06-19T16:58:38+00:00
SAO_746R-10,São Paulo,3550308,True,,33558,,,-23.648016499999997,-46.724995,,,,2,2023-06-19T16:58:43+00:00
SAO_4288-10,São Paulo,3550308,True,,33058,,,-23.5897735,-46.576975125000004,,,,2,2023-06-19T16:58:46+00:00
SAO_4288-10,São Paulo,3550308,True,,33058,,,-23.5473685,-46.629486,,,,2,2023-06-19T16:58:33+00:00
SAO_4288-10,São Paulo,3550308,True,,33058,,,-23.611155,-46.519178499999995,,,,2,2023-06-19T16:58:30+00:00
SAO_4288-10,São Paulo,3550308,True,,33058,,,-23.611155,-46.519178499999995,,,,2,2023-06-19T16:58:23+00:00
SAO_3761-10,São Paulo,3550308,True,,33819,,,-23.61803925,-46.42337725,,,,2,2023-06-19T16:58:22+00:00
SAO_3761-10,São Paulo,3550308,True,,33819,,,-23.594524,-46.4823855,,,,2,2023-06-19T16:58:17+00:00
SAO_3761-10,São Paulo,3550308,True,,33819,,,-23.61839375,-46.42342575,,,,2,2023-06-19T16:58:36+00:00
SAO_3761-10,São Paulo,3550308,True,,33819,,,-23.61803925,-46.42337725,,,,2,2023-06-19T16:58:11+00:00
SAO_3761-10,São Paulo,3550308,True,,33819,,,-23.61771875,-46.4233285,,,,2,2023-06-19T16:58:41+00:00
SAO_3761-10,São Paulo,3550308,True,,33819,,,-23.55790175,-46.51527575,,,,2,2023-06-19T16:58:45+00:00
SAO_3761-10,São Paulo,3550308,True,,33819,,,-23.596220625,-46.4545145,,,,2,2023-06-19T16:58:19+00:00
SAO_6820-10,São Paulo,3550308,True,BR7 Mobilidade,19,https://moovitapp.com/index/pt-br/transporte_p%C3%BAblico-line-19-Sao_Paulo-242-851856-516833-0,5.75,-23.662233,-46.7937055,,,,1,2023-06-19T16:58:49+00:00
SAO_6820-10,São Paulo,3550308,True,BR7 Mobilidade,19,https://moovitapp.com/index/pt-br/transporte_p%C3%BAblico-line-19-Sao_Paulo-242-851856-516833-0,5.75,-23.655263750000003,-46.76465175,,,,1,2023-06-19T16:58:14+00:00
SAO_477A-10,São Paulo,3550308,True,,33114,,,-23.60465225,-46.603868000000006,,,,2,2023-06-19T16:58:43+00:00
SAO_477A-10,São Paulo,3550308,True,,33114,,,-23.573722250000003,-46.68918587500001,,,,2,2023-06-19T16:58:48+00:00
SAO_477A-10,São Paulo,3550308,True,,33114,,,-23.604922000000002,-46.604144500000004,,,,2,2023-06-19T16:58:32+00:00
SAO_477A-10,São Paulo,3550308,True,,33114,,,-23.605077,-46.604728,,,,2,2023-06-19T16:58:43+00:00
SAO_477A-10,São Paulo,3550308,True,,33114,,,-23.58629375,-46.63547675,,,,2,2023-06-19T16:58:46+00:00
SAO_477A-10,São Paulo,3550308,True,,33114,,,-23.576032499999997,-46.65792175,,,,2,2023-06-19T16:58:45+00:00
SAO_477A-10,São Paulo,3550308,True,,33114,,,-23.604411,-46.60470925,,,,2,2023-06-19T16:58:15+00:00
SAO_477A-10,São Paulo,3550308,True,,33114,,,-23.570438250000002,-46.64548275,,,,2,2023-06-19T16:58:32+00:00
SAO_477A-10,São Paulo,3550308,True,,33114,,,-23.597061250000003,-46.600766875000005,,,,2,2023-06-19T16:58:15+00:00
SAO_477A-10,São Paulo,3550308,True,,33114,,,-23.5831841875,-46.675964125,,,,2,2023-06-19T16:58:20+00:00
SAO_477A-10,São Paulo,3550308,True,,33114,,,-23.590390624999998,-46.60140475,,,,2,2023-06-19T16:58:14+00:00
SAO_6826-10,São Paulo,3550308,True,BR7 Mobilidade,16,https://moovitapp.com/index/pt-br/transporte_p%C3%BAblico-line-16-Sao_Paulo-242-851856-513215-0,5.75,-23.673604,-46.7972985,,,,1,2023-06-19T16:58:49+00:00
SAO_6826-10,São Paulo,3550308,True,BR7 Mobilidade,16,https://moovitapp.com/index/pt-br/transporte_p%C3%BAblico-line-16-Sao_Paulo-242-851856-513215-0,5.75,-23.662036,-46.769057000000004,,,,1,2023-06-19T16:58:52+00:00
SAO_6826-10,São Paulo,3550308,True,BR7 Mobilidade,16,https://moovitapp.com/index/pt-br/transporte_p%C3%BAblico-line-16-Sao_Paulo-242-851856-513215-0,5.75,-23.654274,-46.7625595,,,,1,2023-06-19T16:58:47+00:00
SAO_8060-10,São Paulo,3550308,True,,33186,,,-23.50283475,-46.760608500000004,,,,2,2023-06-19T16:58:44+00:00
SAO_8060-10,São Paulo,3550308,True,,33186,,,-23.502658,-46.760932499999996,,,,2,2023-06-19T16:58:49+00:00
SAO_8060-10,São Paulo,3550308,True,,33186,,,-23.5159955,-46.754496,,,,2,2023-06-19T16:58:03+00:00
SAO_8060-10,São Paulo,3550308,True,,33186,,,-23.520094999999998,-46.700067000000004,,,,2,2023-06-19T16:58:52+00:00
SAO_9717-10,São Paulo,3550308,True,,33585,,,-23.463628,-46.6811755,,,,2,2023-06-19T16:58:33+00:00
SAO_9717-10,São Paulo,3550308,True,,33585,,,-23.51324925,-46.65818225,,,,2,2023-06-19T16:58:14+00:00
SAO_9717-10,São Paulo,3550308,True,,33585,,,-23.5040325,-46.67317,,,,2,2023-06-19T16:57:57+00:00
SAO_6062-51,São Paulo,3550308,True,,34507,,,-23.741882,-46.6813055,,,,2,2023-06-19T16:58:14+00:00
SAO_6062-51,São Paulo,3550308,True,,34507,,,-23.723593,-46.691494,,,,2,2023-06-19T16:58:55+00:00
SAO_6062-51,São Paulo,3550308,True,,34507,,,-23.722042000000002,-46.6939625,,,,2,2023-06-19T16:58:14+00:00
SAO_6062-51,São Paulo,3550308,True,,34507,,,-23.741882,-46.6813055,,,,2,2023-06-19T16:58:46+00:00
SAO_6062-51,São Paulo,3550308,True,,34507,,,-23.741882,-46.6813055,,,,2,2023-06-19T16:58:25+00:00
SAO_6062-51,São Paulo,3550308,True,,34507,,,-23.7310565,-46.6880525,,,,2,2023-06-19T16:58:43+00:00
SAO_6062-51,São Paulo,3550308,True,,34507,,,-23.741882,-46.6813055,,,,2,2023-06-19T16:58:15+00:00
SAO_930P-10,São Paulo,3550308,True,,2115,,,-23.5660455,-46.7021505,,,,1,2023-06-19T16:58:11+00:00
SAO_930P-10,São Paulo,3550308,True,,2115,,,-23.5699795,-46.67258825,,,,1,2023-06-19T16:58:10+00:00
SAO_930P-10,São Paulo,3550308,True,,2115,,,-23.54451375,-46.642996249999996,,,,1,2023-06-19T16:58:13+00:00
SAO_930P-10,São Paulo,3550308,True,,2115,,,-23.571475,-46.69036975,,,,1,2023-06-19T16:58:41+00:00
SAO_6063-43,São Paulo,3550308,True,,35248,,,-23.7948465,-46.6887105,,,,2,2023-06-19T16:58:54+00:00
SAO_5033-10,São Paulo,3550308,True,,1665,,,-23.6335015,-46.613895,,,,1,2023-06-19T16:58:22+00:00
SAO_5144-10,São Paulo,3550308,True,,34395,,,-23.5881895,-46.532304999999994,,,,2,2023-06-19T16:58:45+00:00
SAO_5144-10,São Paulo,3550308,True,,34395,,,-23.6139405,-46.501206499999995,,,,2,2023-06-19T16:58:46+00:00
SAO_5144-10,São Paulo,3550308,True,,34395,,,-23.5329335,-46.630011499999995,,,,2,2023-06-19T16:58:11+00:00
SAO_5144-10,São Paulo,3550308,True,,34395,,,-23.554309,-46.58339425,,,,2,2023-06-19T16:57:31+00:00
SAO_5144-10,São Paulo,3550308,True,,34395,,,-23.53933275,-46.611677,,,,2,2023-06-19T16:58:29+00:00
SAO_5144-10,São Paulo,3550308,True,,34395,,,-23.5887995,-46.53222074999999,,,,2,2023-06-19T16:58:47+00:00
SAO_5144-10,São Paulo,3550308,True,,34395,,,-23.534974,-46.6443435,,,,2,2023-06-19T16:58:35+00:00
SAO_3013-10,São Paulo,3550308,True,,33722,,,-23.594417,-46.4081385,,,,2,2023-06-19T16:58:17+00:00
SAO_3013-10,São Paulo,3550308,True,,33722,,,-23.582991999999997,-46.4079,,,,2,2023-06-19T16:58:50+00:00
SAO_2707-10,São Paulo,3550308,True,,33687,,,-23.54288125,-46.42054375,,,,2,2023-06-19T16:57:00+00:00
SAO_2707-10,São Paulo,3550308,True,,33687,,,-23.531844999999997,-46.409538999999995,,,,2,2023-06-19T16:58:50+00:00
SAO_2707-10,São Paulo,3550308,True,,33687,,,-23.53188,-46.446804,,,,2,2023-06-19T16:56:41+00:00
SAO_2707-10,São Paulo,3550308,True,,33687,,,-23.5258185,-46.405353,,,,2,2023-06-19T16:58:09+00:00
SAO_273F-10,São Paulo,3550308,True,,32927,,,-23.492287,-46.4407255,,,,2,2023-06-19T16:57:18+00:00
SAO_273F-10,São Paulo,3550308,True,,32927,,,-23.489485625,-46.421352,,,,2,2023-06-19T16:58:24+00:00
SAO_3742-10,São Paulo,3550308,True,,33810,,,-23.578815,-46.4431165,,,,2,2023-06-19T16:58:24+00:00
SAO_3742-10,São Paulo,3550308,True,,33810,,,-23.55550125,-46.445823000000004,,,,2,2023-06-19T16:58:40+00:00
SAO_3742-10,São Paulo,3550308,True,,33810,,,-23.604078,-46.434476000000004,,,,2,2023-06-19T16:58:51+00:00
SAO_3742-10,São Paulo,3550308,True,,33810,,,-23.5429995,-46.470884999999996,,,,2,2023-06-19T16:58:12+00:00
SAO_3742-10,São Paulo,3550308,True,,33810,,,-23.6044225,-46.434561,,,,2,2023-06-19T16:58:24+00:00
SAO_3728-10,São Paulo,3550308,True,,33793,,,-23.55552075,-46.49208899999999,,,,2,2023-06-19T16:58:31+00:00
SAO_3728-10,São Paulo,3550308,True,,33793,,,-23.5568495,-46.491764,,,,2,2023-06-19T16:58:51+00:00
SAO_3728-10,São Paulo,3550308,True,,33793,,,-23.542244,-46.483686,,,,2,2023-06-19T16:58:17+00:00
SAO_3728-10,São Paulo,3550308,True,,33793,,,-23.542556,-46.48409475,,,,2,2023-06-19T16:58:42+00:00
SAO_9005-10,São Paulo,3550308,True,,872,,,-23.454378499999997,-46.693401,,,,1,2023-06-19T16:58:29+00:00
SAO_9005-10,São Paulo,3550308,True,,872,,,-23.454378499999997,-46.693401,,,,1,2023-06-19T16:58:12+00:00
SAO_9005-10,São Paulo,3550308,True,,872,,,-23.45372225,-46.69251,,,,1,2023-06-19T16:58:35+00:00
SAO_9005-10,São Paulo,3550308,True,,872,,,-23.454378499999997,-46.693401,,,,1,2023-06-19T16:58:12+00:00
SAO_9005-10,São Paulo,3550308,True,,872,,,-23.454378499999997,-46.693401,,,,1,2023-06-19T16:58:19+00:00
SAO_9005-10,São Paulo,3550308,True,,872,,,-23.450507,-46.6872805,,,,1,2023-06-19T16:54:12+00:00
SAO_9005-10,São Paulo,3550308,True,,872,,,-23.454378499999997,-46.693401,,,,1,2023-06-19T16:58:29+00:00
SAO_9005-10,São Paulo,3550308,True,,872,,,-23.459359999999997,-46.674609000000004,,,,1,2023-06-19T16:58:33+00:00
SAO_9005-10,São Paulo,3550308,True,,872,,,-23.452233,-46.6887635,,,,1,2023-06-19T16:58:34+00:00
SAO_3015-10,São Paulo,3550308,True,,35222,,,-23.496114,-46.3879265,,,,2,2023-06-19T16:58:45+00:00
SAO_3015-10,São Paulo,3550308,True,,35222,,,-23.4789165,-46.384702000000004,,,,2,2023-06-19T16:58:40+00:00
SAO_508L-10,São Paulo,3550308,True,EMTU,117,https://moovitapp.com/index/pt-br/transporte_p%C3%BAblico-line-117-Sao_Paulo-242-2038937-36419277-0,4.8,-23.58373675,-46.642630875,,,,1,2023-06-19T16:58:32+00:00
SAO_508L-10,São Paulo,3550308,True,EMTU,117,https://moovitapp.com/index/pt-br/transporte_p%C3%BAblico-line-117-Sao_Paulo-242-2038937-36419277-0,4.8,-23.5582825,-46.660157375,,,,1,2023-06-19T16:58:32+00:00
SAO_5107-10,São Paulo,3550308,True,,34427,,,-23.5467905,-46.631438,,,,2,2023-06-19T16:58:16+00:00
SAO_5107-10,São Paulo,3550308,True,,34427,,,-23.541339999999998,-46.6340785,,,,2,2023-06-19T16:58:34+00:00
SAO_5107-10,São Paulo,3550308,True,,34427,,,-23.578880124999998,-46.607136999999994,,,,2,2023-06-19T16:58:51+00:00
SAO_4051-10,São Paulo,3550308,True,,34912,,,-23.5618175,-46.4015625,,,,2,2023-06-19T16:58:25+00:00
SAO_4051-10,São Paulo,3550308,True,,34912,,,-23.542875000000002,-46.415915,,,,2,2023-06-19T16:58:47+00:00
SAO_4051-10,São Paulo,3550308,True,,34912,,,-23.5618325,-46.4012755,,,,2,2023-06-19T16:58:14+00:00
SAO_4051-10,São Paulo,3550308,True,,34912,,,-23.5618325,-46.4012755,,,,2,2023-06-19T16:56:57+00:00
SAO_172U-10,São Paulo,3550308,True,,860,,,-23.537926874999997,-46.618530125,,,,1,2023-06-19T16:58:20+00:00
SAO_172U-10,São Paulo,3550308,True,,860,,,-23.4563695,-46.591086250000004,,,,1,2023-06-19T16:58:20+00:00
SAO_172U-10,São Paulo,3550308,True,,860,,,-23.523996500000003,-46.6255045,,,,1,2023-06-19T16:58:52+00:00
SAO_172U-10,São Paulo,3550308,True,,860,,,-23.551030249999997,-46.6013075,,,,1,2023-06-19T16:58:36+00:00
SAO_172U-10,São Paulo,3550308,True,,860,,,-23.576000999999998,-46.5784125,,,,1,2023-06-19T16:58:45+00:00
SAO_172U-10,São Paulo,3550308,True,,860,,,-23.535859,-46.624573,,,,1,2023-06-19T16:58:12+00:00
SAO_8032-10,São Paulo,3550308,True,,35313,,,-23.5716415,-46.7082335,,,,2,2023-06-19T16:58:45+00:00
SAO_8032-10,São Paulo,3550308,True,,35313,,,-23.553079250000003,-46.728185749999994,,,,2,2023-06-19T16:58:22+00:00
SAO_2024-10,São Paulo,3550308,True,,2261,,,-23.3978455,-46.577652,,,,1,2023-06-19T16:54:35+00:00
SAO_3754-10,São Paulo,3550308,True,,1049,,,-23.540737999999997,-46.4587285,,,,1,2023-06-19T16:55:49+00:00
SAO_3754-10,São Paulo,3550308,True,,1049,,,-23.538268000000002,-46.4269345,,,,1,2023-06-19T16:58:24+00:00
SAO_3754-10,São Paulo,3550308,True,,1049,,,-23.550410499999998,-46.407157999999995,,,,1,2023-06-19T16:58:37+00:00
SAO_3712-51,São Paulo,3550308,True,,35273,,,-23.536076875,-46.450280125000006,,,,2,2023-06-19T16:58:38+00:00
SAO_3712-51,São Paulo,3550308,True,,35273,,,-23.55940725,-46.422336875,,,,2,2023-06-19T16:58:42+00:00
SAO_3712-51,São Paulo,3550308,True,,35273,,,-23.557811,-46.422982250000004,,,,2,2023-06-19T16:58:43+00:00
SAO_6034-10,São Paulo,3550308,True,,95,,,-23.74651475,-46.66559975,,,,1,2023-06-19T16:58:36+00:00
SAO_6034-10,São Paulo,3550308,True,,95,,,-23.736796499999997,-46.696856,,,,1,2023-06-19T16:58:49+00:00
SAO_1778-10,São Paulo,3550308,True,,34557,,,-23.502214000000002,-46.6235875,,,,2,2023-06-19T16:58:43+00:00
SAO_1778-10,São Paulo,3550308,True,,34557,,,-23.467372,-46.568509750000004,,,,2,2023-06-19T16:57:17+00:00
SAO_1778-10,São Paulo,3550308,True,,34557,,,-23.488464625,-46.60941125000001,,,,2,2023-06-19T16:58:45+00:00
SAO_6045-21,São Paulo,3550308,True,,2164,,,-23.693972,-46.7937245,,,,1,2023-06-19T16:58:15+00:00
SAO_3768-10,São Paulo,3550308,True,,33824,,,-23.586175500000003,-46.3863525,,,,2,2023-06-19T16:58:43+00:00
SAO_3768-10,São Paulo,3550308,True,,33824,,,-23.585845,-46.386495,,,,2,2023-06-19T16:58:35+00:00
SAO_3768-10,São Paulo,3550308,True,,33824,,,-23.586175500000003,-46.3863525,,,,2,2023-06-19T16:58:17+00:00
SAO_7063-10,São Paulo,3550308,True,,1899,,,-23.651991000000002,-46.789846499999996,,,,1,2023-06-19T16:58:20+00:00
SAO_7063-10,São Paulo,3550308,True,,1899,,,-23.6365025,-46.778069,,,,1,2023-06-19T16:58:48+00:00
SAO_7063-10,São Paulo,3550308,True,,1899,,,-23.648634,-46.787183,,,,1,2023-06-19T16:58:21+00:00
SAO_7063-10,São Paulo,3550308,True,,1899,,,-23.651991000000002,-46.789846499999996,,,,1,2023-06-19T16:58:35+00:00
SAO_4014-10,São Paulo,3550308,True,,34955,,,-23.570335,-46.507471374999994,,,,2,2023-06-19T16:58:48+00:00
SAO_4014-10,São Paulo,3550308,True,,34955,,,-23.59822875,-46.470498000000006,,,,2,2023-06-19T16:58:34+00:00
SAO_4014-10,São Paulo,3550308,True,,34955,,,-23.612962500000002,-46.4565635,,,,2,2023-06-19T16:58:40+00:00
SAO_6043-10,São Paulo,3550308,True,,33988,,,-23.6533265,-46.736316,,,,2,2023-06-19T16:58:32+00:00
SAO_6043-10,São Paulo,3550308,True,,33988,,,-23.65985575,-46.754189,,,,2,2023-06-19T16:58:35+00:00
SAO_6043-10,São Paulo,3550308,True,,33988,,,-23.65985575,-46.754189,,,,2,2023-06-19T16:58:40+00:00
SAO_6043-10,São Paulo,3550308,True,,33988,,,-23.65593725,-46.755450999999994,,,,2,2023-06-19T16:58:30+00:00
SAO_6043-10,São Paulo,3550308,True,,33988,,,-23.65985575,-46.754189,,,,2,2023-06-19T16:58:31+00:00
SAO_6043-10,São Paulo,3550308,True,,33988,,,-23.660189250000002,-46.754117,,,,2,2023-06-19T16:58:39+00:00
SAO_5013-10,São Paulo,3550308,True,,33885,,,-23.682509,-46.633010999999996,,,,2,2023-06-19T16:58:32+00:00
SAO_5013-10,São Paulo,3550308,True,,33885,,,-23.681862,-46.639039,,,,2,2023-06-19T16:57:39+00:00
SAO_5013-10,São Paulo,3550308,True,,33885,,,-23.657572,-46.701373875,,,,2,2023-06-19T16:58:54+00:00
SAO_5013-10,São Paulo,3550308,True,,33885,,,-23.679575,-46.631244875,,,,2,2023-06-19T16:56:41+00:00
SAO_5013-10,São Paulo,3550308,True,,33885,,,-23.682261,-46.632887,,,,2,2023-06-19T16:58:51+00:00
SAO_5013-10,São Paulo,3550308,True,,33885,,,-23.680863625,-46.63258437499999,,,,2,2023-06-19T16:58:44+00:00
SAO_5013-10,São Paulo,3550308,True,,33885,,,-23.675676,-46.66063125,,,,2,2023-06-19T16:58:40+00:00
SAO_5013-10,São Paulo,3550308,True,,33885,,,-23.684867,-46.6484395,,,,2,2023-06-19T16:58:35+00:00
SAO_5013-10,São Paulo,3550308,True,,33885,,,-23.676126000000004,-46.68571275,,,,2,2023-06-19T16:58:19+00:00
SAO_8073-10,São Paulo,3550308,True,,2081,,,-23.5945515,-46.7629825,,,,1,2023-06-19T16:58:46+00:00
SAO_8073-10,São Paulo,3550308,True,,2081,,,-23.585198499999997,-46.745793,,,,1,2023-06-19T16:58:37+00:00
SAO_1738-10,São Paulo,3550308,True,,672,,,-23.481184,-46.60009575,,,,1,2023-06-19T16:58:46+00:00
SAO_1738-10,São Paulo,3550308,True,,672,,,-23.503154000000002,-46.623362,,,,1,2023-06-19T16:58:18+00:00
SAO_1738-10,São Paulo,3550308,True,,672,,,-23.493110375,-46.602659375,,,,1,2023-06-19T16:58:11+00:00
SAO_6057-10,São Paulo,3550308,True,,33916,,,-23.7664505,-46.70613,,,,2,2023-06-19T16:58:15+00:00
SAO_6057-10,São Paulo,3550308,True,,33916,,,-23.766046,-46.708518,,,,2,2023-06-19T16:58:27+00:00
SAO_6057-10,São Paulo,3550308,True,,33916,,,-23.74367075,-46.705523,,,,2,2023-06-19T16:58:56+00:00
SAO_6057-10,São Paulo,3550308,True,,33916,,,-23.766202,-46.7087025,,,,2,2023-06-19T16:58:53+00:00
SAO_1757-10,São Paulo,3550308,True,,548,,,-23.471618499999998,-46.6369145,,,,1,2023-06-19T16:58:47+00:00
SAO_1757-10,São Paulo,3550308,True,,548,,,-23.4662625,-46.6319465,,,,1,2023-06-19T16:55:57+00:00
SAO_3735-41,São Paulo,3550308,True,,1920,,,-23.5497695,-46.4928965,,,,1,2023-06-19T16:58:12+00:00
SAO_4014-10,São Paulo,3550308,True,,2187,,,-23.612996,-46.456739999999996,,,,1,2023-06-19T16:58:07+00:00
SAO_4014-10,São Paulo,3550308,True,,2187,,,-23.5819555,-46.497679000000005,,,,1,2023-06-19T16:58:23+00:00
SAO_4014-10,São Paulo,3550308,True,,2187,,,-23.612996,-46.456739999999996,,,,1,2023-06-19T16:58:47+00:00
SAO_4014-10,São Paulo,3550308,True,,2187,,,-23.5971695,-46.474425124999996,,,,1,2023-06-19T16:58:35+00:00
SAO_4014-10,São Paulo,3550308,True,,2187,,,-23.6123975,-46.457032,,,,1,2023-06-19T16:58:15+00:00
SAO_4014-10,São Paulo,3550308,True,,2187,,,-23.558199000000002,-46.522121,,,,1,2023-06-19T16:58:42+00:00
SAO_8075-10,São Paulo,3550308,True,,2044,,,-23.6129475,-46.754987,,,,1,2023-06-19T16:58:12+00:00
SAO_8075-10,São Paulo,3550308,True,,2044,,,-23.631003999999997,-46.772597000000005,,,,1,2023-06-19T16:58:41+00:00
SAO_8075-10,São Paulo,3550308,True,,2044,,,-23.593389000000002,-46.73459325,,,,1,2023-06-19T16:58:27+00:00
SAO_8075-10,São Paulo,3550308,True,,2044,,,-23.622368,-46.761258,,,,1,2023-06-19T16:58:41+00:00
SAO_172X-10,São Paulo,3550308,True,,33629,,,-23.504231249999997,-46.56582875,,,,2,2023-06-19T16:54:21+00:00
SAO_172X-10,São Paulo,3550308,True,,33629,,,-23.5043195,-46.56510075,,,,2,2023-06-19T16:58:18+00:00
SAO_172X-10,São Paulo,3550308,True,,33629,,,-23.50426375,-46.565462249999996,,,,2,2023-06-19T16:58:42+00:00
SAO_172X-10,São Paulo,3550308,True,,33629,,,-23.50426375,-46.565462249999996,,,,2,2023-06-19T16:55:51+00:00
SAO_172X-10,São Paulo,3550308,True,,33629,,,-23.5047685,-46.566036,,,,2,2023-06-19T16:55:38+00:00
SAO_172X-10,São Paulo,3550308,True,,33629,,,-23.53875525,-46.575541,,,,2,2023-06-19T16:58:50+00:00
SAO_172X-10,São Paulo,3550308,True,,33629,,,-23.5252375,-46.562381,,,,2,2023-06-19T16:57:04+00:00
SAO_172X-10,São Paulo,3550308,True,,33629,,,-23.50426375,-46.565462249999996,,,,2,2023-06-19T16:57:50+00:00
SAO_172X-10,São Paulo,3550308,True,,33629,,,-23.5315955,-46.56628425,,,,2,2023-06-19T16:58:26+00:00
SAO_172X-10,São Paulo,3550308,True,,33629,,,-23.50426375,-46.565462249999996,,,,2,2023-06-19T16:55:17+00:00
SAO_172X-10,São Paulo,3550308,True,,33629,,,-23.519029500000002,-46.55884,,,,2,2023-06-19T16:56:21+00:00
SAO_172X-10,São Paulo,3550308,True,,33629,,,-23.504231249999997,-46.56582875,,,,2,2023-06-19T16:55:51+00:00
SAO_7011-31,São Paulo,3550308,True,,34722,,,-23.6812345,-46.7662805,,,,2,2023-06-19T16:58:23+00:00
SAO_7011-31,São Paulo,3550308,True,,34722,,,-23.702741,-46.791406499999994,,,,2,2023-06-19T16:58:23+00:00
SAO_7011-31,São Paulo,3550308,True,,34722,,,-23.677301,-46.7595535,,,,2,2023-06-19T16:58:15+00:00
SAO_8009-10,São Paulo,3550308,True,,34027,,,-23.4337315,-46.751121,,,,2,2023-06-19T16:58:33+00:00
SAO_775V-10,São Paulo,3550308,True,,475,,,-23.575138250000002,-46.6883195,,,,1,2023-06-19T16:58:18+00:00
SAO_775V-10,São Paulo,3550308,True,,475,,,-23.5839705,-46.67886849999999,,,,1,2023-06-19T16:58:26+00:00
SAO_775V-10,São Paulo,3550308,True,,475,,,-23.5765195,-46.765648,,,,1,2023-06-19T16:58:11+00:00
SAO_775V-10,São Paulo,3550308,True,,475,,,-23.568344500000002,-46.755952625,,,,1,2023-06-19T16:58:11+00:00
SAO_4001-10,São Paulo,3550308,True,,34944,,,-23.532577,-46.4410275,,,,2,2023-06-19T16:58:48+00:00
SAO_4001-10,São Paulo,3550308,True,,34944,,,-23.55710725,-46.473718250000005,,,,2,2023-06-19T16:58:38+00:00
SAO_119C-10,São Paulo,3550308,True,,33429,,,-23.535777000000003,-46.641333,,,,2,2023-06-19T16:58:16+00:00
SAO_119C-10,São Paulo,3550308,True,,33429,,,-23.51575575,-46.6080985,,,,2,2023-06-19T16:58:12+00:00
SAO_119C-10,São Paulo,3550308,True,,33429,,,-23.5021635,-46.5749665,,,,2,2023-06-19T16:55:50+00:00
SAO_119C-10,São Paulo,3550308,True,,33429,,,-23.531080125,-46.623190875000006,,,,2,2023-06-19T16:58:22+00:00
SAO_6063-41,São Paulo,3550308,True,,34541,,,-23.787596999999998,-46.679432,,,,2,2023-06-19T16:58:14+00:00
SAO_6063-41,São Paulo,3550308,True,,34541,,,-23.7882815,-46.6851155,,,,2,2023-06-19T16:58:22+00:00
SAO_6063-41,São Paulo,3550308,True,,34541,,,-23.7878735,-46.680537,,,,2,2023-06-19T16:58:18+00:00
SAO_6063-41,São Paulo,3550308,True,,34541,,,-23.787596999999998,-46.679432,,,,2,2023-06-19T16:58:35+00:00
SAO_6063-41,São Paulo,3550308,True,,34541,,,-23.787596999999998,-46.679432,,,,2,2023-06-19T16:58:45+00:00
SAO_6063-41,São Paulo,3550308,True,,34541,,,-23.768648,-46.7172595,,,,2,2023-06-19T16:58:49+00:00
SAO_6063-41,São Paulo,3550308,True,,34541,,,-23.787596999999998,-46.679432,,,,2,2023-06-19T16:58:52+00:00
SAO_6063-41,São Paulo,3550308,True,,34541,,,-23.7671525,-46.716142500000004,,,,2,2023-06-19T16:58:13+00:00
SAO_199D-10,São Paulo,3550308,True,,2135,,,-23.558608125,-46.683260375,,,,1,2023-06-19T16:58:13+00:00
SAO_199D-10,São Paulo,3550308,True,,2135,,,-23.565896,-46.7011235,,,,1,2023-06-19T16:58:48+00:00
SAO_199D-10,São Paulo,3550308,True,,2135,,,-23.535138625000002,-46.688269125000005,,,,1,2023-06-19T16:58:35+00:00
SAO_199D-10,São Paulo,3550308,True,,2135,,,-23.485856,-46.71054650000001,,,,1,2023-06-19T16:58:26+00:00
SAO_199D-10,São Paulo,3550308,True,,2135,,,-23.525028,-46.7030435,,,,1,2023-06-19T16:58:44+00:00
SAO_199D-10,São Paulo,3550308,True,,2135,,,-23.485937,-46.710612499999996,,,,1,2023-06-19T16:58:42+00:00
SAO_6338-10,São Paulo,3550308,True,,1293,,,-23.677429,-46.6414845,,,,1,2023-06-19T16:58:50+00:00
SAO_6338-10,São Paulo,3550308,True,,1293,,,-23.6314365,-46.6415645,,,,1,2023-06-19T16:58:40+00:00
SAO_6338-10,São Paulo,3550308,True,,1293,,,-23.604057625,-46.63568175,,,,1,2023-06-19T16:58:16+00:00
SAO_1741-10,São Paulo,3550308,True,,33307,,,-23.473391,-46.6570175,,,,2,2023-06-19T16:58:22+00:00
SAO_1741-10,São Paulo,3550308,True,,33307,,,-23.502871,-46.624226,,,,2,2023-06-19T16:58:48+00:00
SAO_1741-10,São Paulo,3550308,True,,33307,,,-23.4980805,-46.631651500000004,,,,2,2023-06-19T16:58:29+00:00
SAO_8029-10,São Paulo,3550308,True,,35308,,,-23.6156275,-46.746594,,,,2,2023-06-19T16:58:39+00:00
SAO_8029-10,São Paulo,3550308,True,,35308,,,-23.615239000000003,-46.746427,,,,2,2023-06-19T16:58:50+00:00
SAO_8029-10,São Paulo,3550308,True,,35308,,,-23.604088,-46.725159,,,,2,2023-06-19T16:58:23+00:00
SAO_8029-10,São Paulo,3550308,True,,35308,,,-23.6156275,-46.746594,,,,2,2023-06-19T16:58:53+00:00
SAO_8029-10,São Paulo,3550308,True,,35308,,,-23.5855945,-46.724115,,,,2,2023-06-19T16:58:52+00:00
SAO_6062-10,São Paulo,3550308,True,,33919,,,-23.7418155,-46.684188,,,,2,2023-06-19T16:58:35+00:00
SAO_6062-10,São Paulo,3550308,True,,33919,,,-23.737220375,-46.69698375,,,,2,2023-06-19T16:58:37+00:00
SAO_2522-10,São Paulo,3550308,True,Cidade de Caieiras,140,https://moovitapp.com/index/pt-br/transporte_p%C3%BAblico-line-140-Sao_Paulo-242-868761-496401-0,5.0,-23.5206965,-46.43235725,,,,1,2023-06-19T16:58:23+00:00
SAO_7050-10,São Paulo,3550308,True,,34652,,,-23.658609,-46.78921425,,,,2,2023-06-19T16:58:11+00:00
SAO_7050-10,São Paulo,3550308,True,,34652,,,-23.658400999999998,-46.78931475,,,,2,2023-06-19T16:58:55+00:00
SAO_7050-10,São Paulo,3550308,True,,34652,,,-23.657040000000002,-46.776211,,,,2,2023-06-19T16:58:55+00:00
SAO_7050-10,São Paulo,3550308,True,,34652,,,-23.658609,-46.78921425,,,,2,2023-06-19T16:58:33+00:00
SAO_736I-10,São Paulo,3550308,True,STT,781,https://moovitapp.com/index/pt-br/transporte_p%C3%BAblico-line-781-Sao_Paulo-242-850661-183349-0,5.3,-23.6328665,-46.747763,,,,1,2023-06-19T16:57:24+00:00
SAO_736I-10,São Paulo,3550308,True,STT,781,https://moovitapp.com/index/pt-br/transporte_p%C3%BAblico-line-781-Sao_Paulo-242-850661-183349-0,5.3,-23.632875,-46.7479035,,,,1,2023-06-19T16:58:41+00:00
SAO_736I-10,São Paulo,3550308,True,STT,781,https://moovitapp.com/index/pt-br/transporte_p%C3%BAblico-line-781-Sao_Paulo-242-850661-183349-0,5.3,-23.642680249999998,-46.738468499999996,,,,1,2023-06-19T16:58:22+00:00
SAO_736I-10,São Paulo,3550308,True,STT,781,https://moovitapp.com/index/pt-br/transporte_p%C3%BAblico-line-781-Sao_Paulo-242-850661-183349-0,5.3,-23.64927025,-46.70794375,,,,1,2023-06-19T16:58:51+00:00
SAO_736I-10,São Paulo,3550308,True,STT,781,https://moovitapp.com/index/pt-br/transporte_p%C3%BAblico-line-781-Sao_Paulo-242-850661-183349-0,5.3,-23.641695749999997,-46.714792375,,,,1,2023-06-19T16:58:16+00:00
SAO_736I-10,São Paulo,3550308,True,STT,781,https://moovitapp.com/index/pt-br/transporte_p%C3%BAblico-line-781-Sao_Paulo-242-850661-183349-0,5.3,-23.638882000000002,-46.749854,,,,1,2023-06-19T16:58:39+00:00
SAO_736I-10,São Paulo,3550308,True,STT,781,https://moovitapp.com/index/pt-br/transporte_p%C3%BAblico-line-781-Sao_Paulo-242-850661-183349-0,5.3,-23.6498405,-46.707801,,,,1,2023-06-19T16:58:14+00:00
SAO_736I-10,São Paulo,3550308,True,STT,781,https://moovitapp.com/index/pt-br/transporte_p%C3%BAblico-line-781-Sao_Paulo-242-850661-183349-0,5.3,-23.64927025,-46.70794375,,,,1,2023-06-19T16:58:35+00:00
SAO_736I-10,São Paulo,3550308,True,STT,781,https://moovitapp.com/index/pt-br/transporte_p%C3%BAblico-line-781-Sao_Paulo-242-850661-183349-0,5.3,-23.64951875,-46.70788325,,,,1,2023-06-19T16:58:10+00:00
SAO_736I-10,São Paulo,3550308,True,STT,781,https://moovitapp.com/index/pt-br/transporte_p%C3%BAblico-line-781-Sao_Paulo-242-850661-183349-0,5.3,-23.6498405,-46.707801,,,,1,2023-06-19T16:58:50+00:00
SAO_6019-10,São Paulo,3550308,True,,34258,,,-23.678036499999997,-46.7380455,,,,2,2023-06-19T16:58:23+00:00
SAO_6019-10,São Paulo,3550308,True,,34258,,,-23.668594499999998,-46.7355085,,,,2,2023-06-19T16:58:39+00:00
SAO_233A-10,São Paulo,3550308,True,,33017,,,-23.47938825,-46.420079,,,,2,2023-06-19T16:58:37+00:00
SAO_233A-10,São Paulo,3550308,True,,33017,,,-23.5323015,-46.486157500000004,,,,2,2023-06-19T16:58:46+00:00
SAO_7005-10,São Paulo,3550308,True,,1998,,,-23.7368285,-46.776495999999995,,,,1,2023-06-19T16:58:54+00:00
SAO_7005-10,São Paulo,3550308,True,,1998,,,-23.7149015,-46.7825185,,,,1,2023-06-19T16:58:34+00:00
SAO_5164-10,São Paulo,3550308,True,,34051,,,-23.632251500000002,-46.6460515,,,,2,2023-06-19T16:58:48+00:00
SAO_5164-10,São Paulo,3550308,True,,34051,,,-23.6431185,-46.662103,,,,2,2023-06-19T16:58:20+00:00
SAO_5164-10,São Paulo,3550308,True,,34051,,,-23.642954500000002,-46.6617585,,,,2,2023-06-19T16:58:20+00:00
SAO_5164-10,São Paulo,3550308,True,,34051,,,-23.642954500000002,-46.6617585,,,,2,2023-06-19T16:58:23+00:00
SAO_5164-10,São Paulo,3550308,True,,34051,,,-23.58114725,-46.6574995,,,,2,2023-06-19T16:58:13+00:00
SAO_5164-10,São Paulo,3550308,True,,34051,,,-23.6430645,-46.6619805,,,,2,2023-06-19T16:58:47+00:00
SAO_5164-10,São Paulo,3550308,True,,34051,,,-23.607827,-46.6378365,,,,2,2023-06-19T16:58:12+00:00
SAO_5164-10,São Paulo,3550308,True,,34051,,,-23.653015,-46.650151,,,,2,2023-06-19T16:58:42+00:00
SAO_4032-10,São Paulo,3550308,True,,1102,,,-23.62123625,-46.632619500000004,,,,1,2023-06-19T16:58:39+00:00
SAO_4032-10,São Paulo,3550308,True,,1102,,,-23.626649,-46.6046185,,,,1,2023-06-19T16:58:56+00:00
SAO_4032-10,São Paulo,3550308,True,,1102,,,-23.604405749999998,-46.649674000000005,,,,1,2023-06-19T16:58:35+00:00
SAO_2780-10,São Paulo,3550308,True,EMTU,399,https://moovitapp.com/index/pt-br/transporte_p%C3%BAblico-line-399-Sao_Paulo-242-2038937-36419463-0,6.45,-23.542766999999998,-46.470827,,,,1,2023-06-19T16:58:23+00:00
SAO_2780-10,São Paulo,3550308,True,EMTU,399,https://moovitapp.com/index/pt-br/transporte_p%C3%BAblico-line-399-Sao_Paulo-242-2038937-36419463-0,6.45,-23.507738,-46.371759499999996,,,,1,2023-06-19T16:58:10+00:00
SAO_2780-10,São Paulo,3550308,True,EMTU,399,https://moovitapp.com/index/pt-br/transporte_p%C3%BAblico-line-399-Sao_Paulo-242-2038937-36419463-0,6.45,-23.508966,-46.4324185,,,,1,2023-06-19T16:54:55+00:00
SAO_675G-10,São Paulo,3550308,True,,32874,,,-23.74296,-46.669814,,,,2,2023-06-19T16:58:52+00:00
SAO_675G-10,São Paulo,3550308,True,,32874,,,-23.691661874999998,-46.698263499999996,,,,2,2023-06-19T16:58:53+00:00
SAO_675G-10,São Paulo,3550308,True,,32874,,,-23.7298985,-46.698599,,,,2,2023-06-19T16:58:47+00:00
SAO_675G-10,São Paulo,3550308,True,,32874,,,-23.753009499999997,-46.682316,,,,2,2023-06-19T16:54:59+00:00
SAO_675G-10,São Paulo,3550308,True,,32874,,,-23.743226,-46.669959500000004,,,,2,2023-06-19T16:58:25+00:00
SAO_675G-10,São Paulo,3550308,True,,32874,,,-23.743473,-46.670099,,,,2,2023-06-19T16:58:30+00:00
SAO_675G-10,São Paulo,3550308,True,,32874,,,-23.6397845,-46.6736455,,,,2,2023-06-19T16:58:18+00:00
SAO_119C-10,São Paulo,3550308,True,,661,,,-23.478573500000003,-46.569734499999996,,,,1,2023-06-19T16:58:32+00:00
SAO_119C-10,São Paulo,3550308,True,,661,,,-23.534060750000002,-46.62560499999999,,,,1,2023-06-19T16:58:22+00:00
SAO_119C-10,São Paulo,3550308,True,,661,,,-23.509353,-46.592024,,,,1,2023-06-19T16:54:51+00:00
SAO_119C-10,São Paulo,3550308,True,,661,,,-23.48088125,-46.57073475,,,,1,2023-06-19T16:58:28+00:00
SAO_2101-10,São Paulo,3550308,True,,33482,,,-23.5455875,-46.572643,,,,2,2023-06-19T16:58:55+00:00
SAO_3796-10,São Paulo,3550308,True,,1074,,,-23.57722775,-46.45540575,,,,1,2023-06-19T16:58:31+00:00
SAO_3796-10,São Paulo,3550308,True,,1074,,,-23.589194,-46.446603999999994,,,,1,2023-06-19T16:58:12+00:00
SAO_4111-10,São Paulo,3550308,True,Cidade de Caieiras,320,https://moovitapp.com/index/pt-br/transporte_p%C3%BAblico-line-320-Sao_Paulo-242-868761-752903-0,5.0,-23.572114499999998,-46.613012999999995,,,,1,2023-06-19T16:58:48+00:00
SAO_4111-10,São Paulo,3550308,True,Cidade de Caieiras,320,https://moovitapp.com/index/pt-br/transporte_p%C3%BAblico-line-320-Sao_Paulo-242-868761-752903-0,5.0,-23.545999875,-46.643137875,,,,1,2023-06-19T16:58:13+00:00
SAO_5127-10,São Paulo,3550308,True,,33895,,,-23.676409,-46.69882775000001,,,,2,2023-06-19T16:58:20+00:00
SAO_5127-10,São Paulo,3550308,True,,33895,,,-23.677825,-46.701614500000005,,,,2,2023-06-19T16:58:24+00:00
SAO_5127-10,São Paulo,3550308,True,,33895,,,-23.68074275,-46.683306,,,,2,2023-06-19T16:58:10+00:00
SAO_5127-10,São Paulo,3550308,True,,33895,,,-23.6872995,-46.670776000000004,,,,2,2023-06-19T16:58:23+00:00
SAO_5127-10,São Paulo,3550308,True,,33895,,,-23.6869455,-46.6668205,,,,2,2023-06-19T16:58:47+00:00
SAO_2016-10,São Paulo,3550308,True,,902,,,-23.49570575,-46.40098424999999,,,,1,2023-06-19T16:58:21+00:00
SAO_2016-10,São Paulo,3550308,True,,902,,,-23.495147000000003,-46.4347765,,,,1,2023-06-19T16:52:51+00:00
SAO_2016-10,São Paulo,3550308,True,,902,,,-23.492277,-46.388031,,,,1,2023-06-19T16:58:42+00:00
SAO_6021-10,São Paulo,3550308,True,,32945,,,-23.792718999999998,-46.738761,,,,2,2023-06-19T16:58:46+00:00
SAO_6021-10,São Paulo,3550308,True,,32945,,,-23.7705305,-46.7172765,,,,2,2023-06-19T16:58:55+00:00
SAO_7411-10,São Paulo,3550308,True,,1376,,,-23.569701000000002,-46.68799425,,,,1,2023-06-19T16:58:53+00:00
SAO_6027-10,São Paulo,3550308,True,,32858,,,-23.722904999999997,-46.671150499999996,,,,2,2023-06-19T16:58:15+00:00
SAO_6027-10,São Paulo,3550308,True,,32858,,,-23.6628155,-46.707258625,,,,2,2023-06-19T16:58:56+00:00
SAO_6027-10,São Paulo,3550308,True,,32858,,,-23.723868,-46.670744,,,,2,2023-06-19T16:58:41+00:00
SAO_6027-10,São Paulo,3550308,True,,32858,,,-23.72318425,-46.670979,,,,2,2023-06-19T16:58:54+00:00
SAO_6027-10,São Paulo,3550308,True,,32858,,,-23.694127,-46.7015465,,,,2,2023-06-19T16:58:31+00:00
SAO_6027-10,São Paulo,3550308,True,,32858,,,-23.721937750000002,-46.691259,,,,2,2023-06-19T16:58:26+00:00
SAO_6027-10,São Paulo,3550308,True,,32858,,,-23.72318425,-46.670979,,,,2,2023-06-19T16:58:45+00:00
SAO_6027-10,São Paulo,3550308,True,,32858,,,-23.72318425,-46.670979,,,,2,2023-06-19T16:58:53+00:00
SAO_714C-10,São Paulo,3550308,True,,33255,,,-23.5999665,-46.7844135,,,,2,2023-06-19T16:58:55+00:00
SAO_714C-10,São Paulo,3550308,True,,33255,,,-23.60026,-46.7842455,,,,2,2023-06-19T16:58:46+00:00
SAO_714C-10,São Paulo,3550308,True,,33255,,,-23.585129000000002,-46.74599375,,,,2,2023-06-19T16:58:22+00:00
SAO_714C-10,São Paulo,3550308,True,,33255,,,-23.559278499999998,-46.68436775,,,,2,2023-06-19T16:58:31+00:00
SAO_6816-10,São Paulo,3550308,True,,32794,,,-23.6486765,-46.784786999999994,,,,2,2023-06-19T16:58:40+00:00
SAO_6816-10,São Paulo,3550308,True,,32794,,,-23.652922,-46.7729415,,,,2,2023-06-19T16:58:55+00:00
SAO_311C-10,São Paulo,3550308,True,EMTU,309,https://moovitapp.com/index/pt-br/transporte_p%C3%BAblico-line-309-Sao_Paulo-242-2038937-36419401-0,7.5,-23.54024975,-46.60643825,,,,1,2023-06-19T16:58:41+00:00
SAO_311C-10,São Paulo,3550308,True,EMTU,309,https://moovitapp.com/index/pt-br/transporte_p%C3%BAblico-line-309-Sao_Paulo-242-2038937-36419401-0,7.5,-23.597051,-46.565821,,,,1,2023-06-19T16:58:17+00:00
SAO_311C-10,São Paulo,3550308,True,EMTU,309,https://moovitapp.com/index/pt-br/transporte_p%C3%BAblico-line-309-Sao_Paulo-242-2038937-36419401-0,7.5,-23.532737750000003,-46.631499250000005,,,,1,2023-06-19T16:58:12+00:00
SAO_311C-10,São Paulo,3550308,True,EMTU,309,https://moovitapp.com/index/pt-br/transporte_p%C3%BAblico-line-309-Sao_Paulo-242-2038937-36419401-0,7.5,-23.5950385,-46.5482575,,,,1,2023-06-19T16:58:13+00:00
SAO_311C-10,São Paulo,3550308,True,EMTU,309,https://moovitapp.com/index/pt-br/transporte_p%C3%BAblico-line-309-Sao_Paulo-242-2038937-36419401-0,7.5,-23.581295,-46.585907500000005,,,,1,2023-06-19T16:58:36+00:00
SAO_574W-10,São Paulo,3550308,True,,34397,,,-23.576528500000002,-46.5173855,,,,2,2023-06-19T16:58:32+00:00
SAO_574W-10,São Paulo,3550308,True,,34397,,,-23.601635625,-46.511335,,,,2,2023-06-19T16:58:39+00:00
SAO_574W-10,São Paulo,3550308,True,,34397,,,-23.545831,-46.585125000000005,,,,2,2023-06-19T16:58:19+00:00
SAO_574W-10,São Paulo,3550308,True,,34397,,,-23.615775499999998,-46.488022,,,,2,2023-06-19T16:58:44+00:00
SAO_574W-10,São Paulo,3550308,True,,34397,,,-23.61519175,-46.48790975,,,,2,2023-06-19T16:58:26+00:00
SAO_574W-10,São Paulo,3550308,True,,34397,,,-23.5591285,-46.5674245,,,,2,2023-06-19T16:58:16+00:00
SAO_574W-10,São Paulo,3550308,True,,34397,,,-23.615775499999998,-46.488022,,,,2,2023-06-19T16:58:16+00:00
SAO_2182-10,São Paulo,3550308,True,,33468,,,-23.4817665,-46.57117050000001,,,,2,2023-06-19T16:58:22+00:00
SAO_2182-10,São Paulo,3550308,True,,33468,,,-23.539895,-46.61106075,,,,2,2023-06-19T16:58:46+00:00
SAO_2182-10,São Paulo,3550308,True,,33468,,,-23.5305985,-46.599937999999995,,,,2,2023-06-19T16:58:28+00:00
SAO_2182-10,São Paulo,3550308,True,,33468,,,-23.4815795,-46.571271,,,,2,2023-06-19T16:58:41+00:00
SAO_2182-10,São Paulo,3550308,True,,33468,,,-23.514658750000002,-46.586711625,,,,2,2023-06-19T16:58:50+00:00
SAO_2182-10,São Paulo,3550308,True,,33468,,,-23.539641500000002,-46.6291705,,,,2,2023-06-19T16:58:54+00:00
SAO_9300-10,São Paulo,3550308,True,,32884,,,-23.5000395,-46.664410000000004,,,,2,2023-06-19T16:58:46+00:00
SAO_9300-10,São Paulo,3550308,True,,32884,,,-23.540765375,-46.62913525,,,,2,2023-06-19T16:58:31+00:00
SAO_9300-10,São Paulo,3550308,True,,32884,,,-23.523722375000002,-46.650105374999995,,,,2,2023-06-19T16:58:26+00:00
SAO_9300-10,São Paulo,3550308,True,,32884,,,-23.4966235,-46.66229725,,,,2,2023-06-19T16:58:16+00:00
SAO_1764-10,São Paulo,3550308,True,,33393,,,-23.4257975,-46.581669500000004,,,,2,2023-06-19T16:58:42+00:00
SAO_1764-10,São Paulo,3550308,True,,33393,,,-23.484949,-46.622727,,,,2,2023-06-19T16:58:42+00:00
SAO_1764-10,São Paulo,3550308,True,,33393,,,-23.4254435,-46.5817835,,,,2,2023-06-19T16:58:20+00:00
SAO_1764-10,São Paulo,3550308,True,,33393,,,-23.458708,-46.6023755,,,,2,2023-06-19T16:58:36+00:00
SAO_1764-10,São Paulo,3550308,True,,33393,,,-23.5028845,-46.6240365,,,,2,2023-06-19T16:58:54+00:00
SAO_1764-10,São Paulo,3550308,True,,33393,,,-23.4254435,-46.5817835,,,,2,2023-06-19T16:58:23+00:00
SAO_1764-10,São Paulo,3550308,True,,33393,,,-23.42636275,-46.5818195,,,,2,2023-06-19T16:58:11+00:00
SAO_8600-10,São Paulo,3550308,True,,1432,,,-23.4849325,-46.7233555,,,,1,2023-06-19T16:58:30+00:00
SAO_8600-10,São Paulo,3550308,True,,1432,,,-23.536755,-46.64237325,,,,1,2023-06-19T16:58:40+00:00
SAO_8600-10,São Paulo,3550308,True,,1432,,,-23.486492,-46.725708499999996,,,,1,2023-06-19T16:58:19+00:00
SAO_8600-10,São Paulo,3550308,True,,1432,,,-23.516460375,-46.685438500000004,,,,1,2023-06-19T16:58:11+00:00
SAO_8319-10,São Paulo,3550308,True,,476,,,-23.524931625,-46.698325749999995,,,,1,2023-06-19T16:58:20+00:00
SAO_8319-10,São Paulo,3550308,True,,476,,,-23.5471285,-46.76075,,,,1,2023-06-19T16:58:17+00:00
SAO_8319-10,São Paulo,3550308,True,,476,,,-23.543927749999998,-46.7325565,,,,1,2023-06-19T16:58:33+00:00
SAO_8319-10,São Paulo,3550308,True,,476,,,-23.5473665,-46.7605345,,,,1,2023-06-19T16:58:14+00:00
SAO_2715-10,São Paulo,3550308,True,,33696,,,-23.497837,-46.503524999999996,,,,2,2023-06-19T16:58:55+00:00
SAO_2715-10,São Paulo,3550308,True,,33696,,,-23.5127755,-46.5015115,,,,2,2023-06-19T16:58:37+00:00
SAO_2715-10,São Paulo,3550308,True,,33696,,,-23.4981815,-46.502826,,,,2,2023-06-19T16:58:49+00:00
SAO_2715-10,São Paulo,3550308,True,,33696,,,-23.52223575,-46.50225475,,,,2,2023-06-19T16:58:47+00:00
SAO_809N-10,São Paulo,3550308,True,,35012,,,-23.5688545,-46.7650485,,,,2,2023-06-19T16:58:28+00:00
SAO_809N-10,São Paulo,3550308,True,,35012,,,-23.53067525,-46.7118555,,,,2,2023-06-19T16:58:37+00:00
SAO_809N-10,São Paulo,3550308,True,,35012,,,-23.5688545,-46.7650485,,,,2,2023-06-19T16:58:36+00:00
SAO_3139-10,São Paulo,3550308,True,,33763,,,-23.567994,-46.523497,,,,2,2023-06-19T16:58:48+00:00
SAO_3139-10,São Paulo,3550308,True,,33763,,,-23.5674725,-46.523503000000005,,,,2,2023-06-19T16:58:42+00:00
SAO_3139-10,São Paulo,3550308,True,,33763,,,-23.55289175,-46.616635,,,,2,2023-06-19T16:58:36+00:00
SAO_119L-10,São Paulo,3550308,True,,35041,,,-23.5081875,-46.73386975,,,,2,2023-06-19T16:58:19+00:00
SAO_119L-10,São Paulo,3550308,True,,35041,,,-23.445461,-46.7844485,,,,2,2023-06-19T16:58:15+00:00
SAO_6820-31,São Paulo,3550308,True,,1406,,,-23.659633,-46.7687415,,,,1,2023-06-19T16:58:34+00:00
SAO_5164-10,São Paulo,3550308,True,,1283,,,-23.6314365,-46.6415645,,,,1,2023-06-19T16:58:54+00:00
SAO_5164-10,São Paulo,3550308,True,,1283,,,-23.6453065,-46.66440849999999,,,,1,2023-06-19T16:58:20+00:00
SAO_5164-10,São Paulo,3550308,True,,1283,,,-23.6079275,-46.6377185,,,,1,2023-06-19T16:58:07+00:00
SAO_3742-10,São Paulo,3550308,True,,1042,,,-23.60121075,-46.43777675,,,,1,2023-06-19T16:58:12+00:00
SAO_3742-10,São Paulo,3550308,True,,1042,,,-23.546915249999998,-46.44650075,,,,1,2023-06-19T16:58:44+00:00
SAO_3742-10,São Paulo,3550308,True,,1042,,,-23.542323500000002,-46.470389499999996,,,,1,2023-06-19T16:58:44+00:00
SAO_3742-10,São Paulo,3550308,True,,1042,,,-23.5727255,-46.445909,,,,1,2023-06-19T16:58:41+00:00
SAO_2740-10,São Paulo,3550308,True,,34560,,,-23.4580645,-46.6433105,,,,2,2023-06-19T16:58:51+00:00
SAO_2740-10,São Paulo,3550308,True,,34560,,,-23.4581125,-46.6430685,,,,2,2023-06-19T16:58:18+00:00
SAO_2740-10,São Paulo,3550308,True,,34560,,,-23.457892,-46.642534,,,,2,2023-06-19T16:58:49+00:00
SAO_809U-21,São Paulo,3550308,True,,2307,,,-23.5466355,-46.69045,,,,1,2023-06-19T16:58:47+00:00
SAO_809U-21,São Paulo,3550308,True,,2307,,,-23.547031,-46.6901755,,,,1,2023-06-19T16:58:29+00:00
SAO_809U-21,São Paulo,3550308,True,,2307,,,-23.544743,-46.6909715,,,,1,2023-06-19T16:58:41+00:00
SAO_809U-21,São Paulo,3550308,True,,2307,,,-23.525606,-46.6712185,,,,1,2023-06-19T16:58:48+00:00
SAO_809U-21,São Paulo,3550308,True,,2307,,,-23.5466355,-46.69045,,,,1,2023-06-19T16:58:29+00:00
SAO_4085-10,São Paulo,3550308,True,,34924,,,-23.574345,-46.4306115,,,,2,2023-06-19T16:53:30+00:00
SAO_4085-10,São Paulo,3550308,True,,34924,,,-23.558697,-46.4381135,,,,2,2023-06-19T16:58:54+00:00
SAO_3020-10,São Paulo,3550308,True,,958,,,-23.5531335,-46.43136,,,,1,2023-06-19T16:58:45+00:00
SAO_3020-10,São Paulo,3550308,True,,958,,,-23.537307374999997,-46.454972875,,,,1,2023-06-19T16:58:23+00:00
SAO_3020-10,São Paulo,3550308,True,,958,,,-23.564503000000002,-46.4758265,,,,1,2023-06-19T16:58:42+00:00
SAO_2710-10,São Paulo,3550308,True,,33692,,,-23.529814000000002,-46.5011675,,,,2,2023-06-19T16:58:50+00:00
SAO_2710-10,São Paulo,3550308,True,,33692,,,-23.5191485,-46.496350500000005,,,,2,2023-06-19T16:58:35+00:00
SAO_2710-10,São Paulo,3550308,True,,33692,,,-23.529587499999998,-46.5004265,,,,2,2023-06-19T16:58:13+00:00
SAO_3743-10,São Paulo,3550308,True,,33811,,,-23.609576250000003,-46.4755425,,,,2,2023-06-19T16:58:19+00:00
SAO_3743-10,São Paulo,3550308,True,,33811,,,-23.609576250000003,-46.4755425,,,,2,2023-06-19T16:58:11+00:00
SAO_3743-10,São Paulo,3550308,True,,33811,,,-23.55107375,-46.4624665,,,,2,2023-06-19T16:58:35+00:00
SAO_3743-10,São Paulo,3550308,True,,33811,,,-23.579379000000003,-46.482066,,,,2,2023-06-19T16:58:37+00:00
SAO_857P-10,São Paulo,3550308,True,,1926,,,-23.56103375,-46.67276375,,,,1,2023-06-19T16:58:51+00:00
SAO_857P-10,São Paulo,3550308,True,,1926,,,-23.5832965,-46.714935999999994,,,,1,2023-06-19T16:58:53+00:00
SAO_857P-10,São Paulo,3550308,True,,1926,,,-23.631026499999997,-46.773642,,,,1,2023-06-19T16:58:41+00:00
SAO_857P-10,São Paulo,3550308,True,,1926,,,-23.565439499999997,-46.651795875000005,,,,1,2023-06-19T16:58:29+00:00
SAO_857P-10,São Paulo,3550308,True,,1926,,,-23.61964675,-46.758040875,,,,1,2023-06-19T16:58:17+00:00
SAO_857P-10,São Paulo,3550308,True,,1926,,,-23.5649485,-46.679060250000006,,,,1,2023-06-19T16:58:49+00:00
SAO_857P-10,São Paulo,3550308,True,,1926,,,-23.566491375000002,-46.68198112499999,,,,1,2023-06-19T16:58:56+00:00
SAO_1758-10,São Paulo,3550308,True,,33320,,,-23.454611749999998,-46.66173725,,,,2,2023-06-19T16:58:26+00:00
SAO_1758-10,São Paulo,3550308,True,,33320,,,-23.454044,-46.661868999999996,,,,2,2023-06-19T16:58:44+00:00
SAO_1758-10,São Paulo,3550308,True,,33320,,,-23.492199999999997,-46.625976,,,,2,2023-06-19T16:58:48+00:00
SAO_1758-10,São Paulo,3550308,True,,33320,,,-23.454469,-46.6620805,,,,2,2023-06-19T16:58:22+00:00
SAO_778J-41,São Paulo,3550308,True,,34254,,,-23.5856015,-46.80595925,,,,2,2023-06-19T16:58:47+00:00
SAO_778J-41,São Paulo,3550308,True,,34254,,,-23.552574125,-46.6787645,,,,2,2023-06-19T16:58:49+00:00
SAO_778J-41,São Paulo,3550308,True,,34254,,,-23.586267499999998,-46.804058,,,,2,2023-06-19T16:58:31+00:00
SAO_778J-41,São Paulo,3550308,True,,34254,,,-23.571023,-46.706986,,,,2,2023-06-19T16:58:36+00:00
SAO_1772-10,São Paulo,3550308,True,,635,,,-23.4349075,-46.581235,,,,1,2023-06-19T16:58:27+00:00
SAO_1772-10,São Paulo,3550308,True,,635,,,-23.4349075,-46.581235,,,,1,2023-06-19T16:58:27+00:00
SAO_1772-10,São Paulo,3550308,True,,635,,,-23.43415375,-46.578893625,,,,1,2023-06-19T16:58:41+00:00
SAO_1772-10,São Paulo,3550308,True,,635,,,-23.4394965,-46.5756425,,,,1,2023-06-19T16:58:52+00:00
SAO_1772-10,São Paulo,3550308,True,,635,,,-23.4349075,-46.581235,,,,1,2023-06-19T16:58:36+00:00
SAO_3721-10,São Paulo,3550308,True,,1019,,,-23.5404345,-46.48488075,,,,1,2023-06-19T16:58:21+00:00
SAO_3721-10,São Paulo,3550308,True,,1019,,,-23.5642675,-46.496456,,,,1,2023-06-19T16:58:50+00:00
SAO_3721-10,São Paulo,3550308,True,,1019,,,-23.5574815,-46.49156,,,,1,2023-06-19T16:58:13+00:00
SAO_6805-10,São Paulo,3550308,True,,32799,,,-23.6459005,-46.730048,,,,2,2023-06-19T16:58:42+00:00
SAO_6805-10,São Paulo,3550308,True,,32799,,,-23.654173,-46.762701500000006,,,,2,2023-06-19T16:58:11+00:00
SAO_6805-10,São Paulo,3550308,True,,32799,,,-23.654442500000002,-46.7623235,,,,2,2023-06-19T16:58:41+00:00
SAO_2732-10,São Paulo,3550308,True,,33715,,,-23.529743,-46.45955,,,,2,2023-06-19T16:58:21+00:00
SAO_2732-10,São Paulo,3550308,True,,33715,,,-23.529743,-46.45955,,,,2,2023-06-19T16:58:17+00:00
SAO_2732-10,São Paulo,3550308,True,,33715,,,-23.5365575,-46.45536575,,,,2,2023-06-19T16:58:34+00:00
SAO_2732-10,São Paulo,3550308,True,,33715,,,-23.540062499999998,-46.482594375,,,,2,2023-06-19T16:58:35+00:00
SAO_2732-10,São Paulo,3550308,True,,33715,,,-23.529743,-46.45955,,,,2,2023-06-19T16:58:43+00:00
SAO_3754-10,São Paulo,3550308,True,,33817,,,-23.5502405,-46.407219999999995,,,,2,2023-06-19T16:58:15+00:00
SAO_3754-10,São Paulo,3550308,True,,33817,,,-23.573897000000002,-46.398213999999996,,,,2,2023-06-19T16:58:29+00:00
SAO_3754-10,São Paulo,3550308,True,,33817,,,-23.5305755,-46.4447395,,,,2,2023-06-19T16:58:40+00:00
SAO_3754-10,São Paulo,3550308,True,,33817,,,-23.5661935,-46.4027655,,,,2,2023-06-19T16:58:52+00:00
SAO_3754-10,São Paulo,3550308,True,,33817,,,-23.54375225,-46.411161500000006,,,,2,2023-06-19T16:58:40+00:00
SAO_3754-10,São Paulo,3550308,True,,33817,,,-23.532721000000002,-46.43034299999999,,,,2,2023-06-19T16:58:18+00:00
SAO_3754-10,São Paulo,3550308,True,,33817,,,-23.574154999999998,-46.398071,,,,2,2023-06-19T16:58:18+00:00
SAO_1780-10,São Paulo,3550308,True,,33637,,,-23.4483715,-46.5789425,,,,2,2023-06-19T16:58:15+00:00
SAO_1780-10,São Paulo,3550308,True,,33637,,,-23.45452075,-46.58434975,,,,2,2023-06-19T16:58:38+00:00
SAO_1780-10,São Paulo,3550308,True,,33637,,,-23.4483715,-46.5789425,,,,2,2023-06-19T16:58:49+00:00
SAO_1780-10,São Paulo,3550308,True,,33637,,,-23.468348,-46.595678,,,,2,2023-06-19T16:58:44+00:00
SAO_1780-10,São Paulo,3550308,True,,33637,,,-23.448017999999998,-46.5790735,,,,2,2023-06-19T16:58:27+00:00
SAO_778J-41,São Paulo,3550308,True,,1486,,,-23.583341,-46.770588,,,,1,2023-06-19T16:58:49+00:00
SAO_778J-41,São Paulo,3550308,True,,1486,,,-23.585532999999998,-46.8056635,,,,1,2023-06-19T16:58:29+00:00
SAO_778J-41,São Paulo,3550308,True,,1486,,,-23.5664515,-46.69234125,,,,1,2023-06-19T16:58:29+00:00
SAO_778J-41,São Paulo,3550308,True,,1486,,,-23.5854415,-46.805544499999996,,,,1,2023-06-19T16:58:53+00:00
SAO_778J-41,São Paulo,3550308,True,,1486,,,-23.5266615,-46.6675825,,,,1,2023-06-19T16:58:11+00:00
SAO_778J-41,São Paulo,3550308,True,,1486,,,-23.585532999999998,-46.8056635,,,,1,2023-06-19T16:58:22+00:00
SAO_4056-10,São Paulo,3550308,True,,35005,,,-23.596176375,-46.454201499999996,,,,2,2023-06-19T16:49:52+00:00
SAO_4056-10,São Paulo,3550308,True,,35005,,,-23.612665,-46.476373499999994,,,,2,2023-06-19T16:58:46+00:00
SAO_575C-10,São Paulo,3550308,True,,1686,,,-23.5780355,-46.602048499999995,,,,1,2023-06-19T16:58:21+00:00
SAO_575C-10,São Paulo,3550308,True,,1686,,,-23.574579874999998,-46.538215750000006,,,,1,2023-06-19T16:58:47+00:00
SAO_7023-10,São Paulo,3550308,True,,2152,,,-23.653841,-46.710967,,,,1,2023-06-19T16:57:27+00:00
SAO_7023-10,São Paulo,3550308,True,,2152,,,-23.6925895,-46.76232,,,,1,2023-06-19T16:57:02+00:00
SAO_7023-10,São Paulo,3550308,True,,2152,,,-23.698786,-46.7627765,,,,1,2023-06-19T16:58:21+00:00
SAO_7023-10,São Paulo,3550308,True,,2152,,,-23.675763500000002,-46.73432,,,,1,2023-06-19T16:58:43+00:00
SAO_7023-10,São Paulo,3550308,True,,2152,,,-23.666076875,-46.715127249999995,,,,1,2023-06-19T16:58:30+00:00
SAO_2715-10,São Paulo,3550308,True,,928,,,-23.5116005,-46.5009625,,,,1,2023-06-19T16:58:21+00:00
SAO_2715-10,São Paulo,3550308,True,,928,,,-23.50486,-46.5008845,,,,1,2023-06-19T16:58:23+00:00
SAO_2715-10,São Paulo,3550308,True,,928,,,-23.496253749999997,-46.501903,,,,1,2023-06-19T16:58:29+00:00
SAO_3735-10,São Paulo,3550308,True,,33803,,,-23.54542775,-46.495489000000006,,,,2,2023-06-19T16:58:39+00:00
SAO_3735-10,São Paulo,3550308,True,,33803,,,-23.541323,-46.4845135,,,,2,2023-06-19T16:58:54+00:00
SAO_3735-10,São Paulo,3550308,True,,33803,,,-23.54376275,-46.48610825,,,,2,2023-06-19T16:58:13+00:00
SAO_478P-10,São Paulo,3550308,True,,33117,,,-23.565573625,-46.62130525,,,,2,2023-06-19T16:58:52+00:00
SAO_478P-10,São Paulo,3550308,True,,33117,,,-23.6079565,-46.609847,,,,2,2023-06-19T16:58:38+00:00
SAO_478P-10,São Paulo,3550308,True,,33117,,,-23.629079,-46.598518,,,,2,2023-06-19T16:58:11+00:00
SAO_478P-10,São Paulo,3550308,True,,33117,,,-23.62985725,-46.598586999999995,,,,2,2023-06-19T16:58:46+00:00
SAO_478P-10,São Paulo,3550308,True,,33117,,,-23.5584995,-46.659910124999996,,,,2,2023-06-19T16:58:39+00:00
SAO_373M-10,São Paulo,3550308,True,EMTU,281,https://moovitapp.com/index/pt-br/transporte_p%C3%BAblico-line-281-Sao_Paulo-242-2038937-36419383-0,6.25,-23.565692,-46.59430125,,,,1,2023-06-19T16:58:52+00:00
SAO_6052-10,São Paulo,3550308,True,,33912,,,-23.775509999999997,-46.691679,,,,2,2023-06-19T16:58:52+00:00
SAO_6052-10,São Paulo,3550308,True,,33912,,,-23.775877,-46.6912655,,,,2,2023-06-19T16:58:13+00:00
SAO_6052-10,São Paulo,3550308,True,,33912,,,-23.76465825,-46.696582750000005,,,,2,2023-06-19T16:58:29+00:00
SAO_6052-10,São Paulo,3550308,True,,33912,,,-23.775622499999997,-46.691554499999995,,,,2,2023-06-19T16:58:38+00:00
SAO_6052-10,São Paulo,3550308,True,,33912,,,-23.769396,-46.7150415,,,,2,2023-06-19T16:58:33+00:00
SAO_6422-10,São Paulo,3550308,True,EMTU,361,https://moovitapp.com/index/pt-br/transporte_p%C3%BAblico-line-361-Sao_Paulo-242-2038937-36419442-0,7.9,-23.628583,-46.7080955,,,,1,2023-06-19T16:58:50+00:00
SAO_6422-10,São Paulo,3550308,True,EMTU,361,https://moovitapp.com/index/pt-br/transporte_p%C3%BAblico-line-361-Sao_Paulo-242-2038937-36419442-0,7.9,-23.5648935,-46.6570955,,,,1,2023-06-19T16:58:40+00:00
SAO_6422-10,São Paulo,3550308,True,EMTU,361,https://moovitapp.com/index/pt-br/transporte_p%C3%BAblico-line-361-Sao_Paulo-242-2038937-36419442-0,7.9,-23.641443000000002,-46.717309,,,,1,2023-06-19T16:58:47+00:00
SAO_6422-10,São Paulo,3550308,True,EMTU,361,https://moovitapp.com/index/pt-br/transporte_p%C3%BAblico-line-361-Sao_Paulo-242-2038937-36419442-0,7.9,-23.601336,-46.674026,,,,1,2023-06-19T16:58:48+00:00
SAO_5614-10,São Paulo,3550308,True,,34283,,,-23.716192,-46.6260345,,,,2,2023-06-19T16:58:51+00:00
SAO_5614-10,São Paulo,3550308,True,,34283,,,-23.679996375,-46.674419,,,,2,2023-06-19T16:58:31+00:00
SAO_5614-10,São Paulo,3550308,True,,34283,,,-23.692825499999998,-46.660027,,,,2,2023-06-19T16:58:34+00:00
SAO_5614-10,São Paulo,3550308,True,,34283,,,-23.61206675,-46.656814,,,,2,2023-06-19T16:58:53+00:00
SAO_1744-10,São Paulo,3550308,True,,544,,,-23.503125,-46.6245765,,,,1,2023-06-19T16:58:29+00:00
SAO_1744-10,São Paulo,3550308,True,,544,,,-23.487008000000003,-46.638733,,,,1,2023-06-19T16:58:11+00:00
SAO_1744-10,São Paulo,3550308,True,,544,,,-23.4767905,-46.636381,,,,1,2023-06-19T16:57:32+00:00
SAO_172J-10,São Paulo,3550308,True,,856,,,-23.48088125,-46.57073475,,,,1,2023-06-19T16:53:31+00:00
SAO_172J-10,São Paulo,3550308,True,,856,,,-23.5070455,-46.5778295,,,,1,2023-06-19T16:58:53+00:00
SAO_172J-10,São Paulo,3550308,True,,856,,,-23.4797715,-46.568705,,,,1,2023-06-19T16:58:44+00:00
SAO_172J-10,São Paulo,3550308,True,,856,,,-23.4813265,-46.567079,,,,1,2023-06-19T16:58:06+00:00
SAO_172J-10,São Paulo,3550308,True,,856,,,-23.510459,-46.5808785,,,,1,2023-06-19T16:56:43+00:00
SAO_172J-10,São Paulo,3550308,True,,856,,,-23.530502499999997,-46.590419999999995,,,,1,2023-06-19T16:55:04+00:00
SAO_172J-10,São Paulo,3550308,True,,856,,,-23.529855750000003,-46.5758905,,,,1,2023-06-19T16:58:44+00:00
SAO_172J-10,São Paulo,3550308,True,,856,,,-23.4797715,-46.568705,,,,1,2023-06-19T16:58:43+00:00
SAO_172J-10,São Paulo,3550308,True,,856,,,-23.4797715,-46.568705,,,,1,2023-06-19T16:53:29+00:00
SAO_513C-10,São Paulo,3550308,True,,2535,,,-23.601579,-46.5480325,,,,1,2023-06-19T16:58:47+00:00
SAO_513C-10,São Paulo,3550308,True,,2535,,,-23.59876425,-46.518316,,,,1,2023-06-19T16:58:09+00:00
SAO_9015-10,São Paulo,3550308,True,,1269,,,-23.488023,-46.719959,,,,1,2023-06-19T16:58:45+00:00
SAO_273N-10,São Paulo,3550308,True,,33158,,,-23.5046015,-46.367096,,,,2,2023-06-19T16:58:34+00:00
SAO_273N-10,São Paulo,3550308,True,,33158,,,-23.5046015,-46.367096,,,,2,2023-06-19T16:58:42+00:00
SAO_273N-10,São Paulo,3550308,True,,33158,,,-23.519109999999998,-46.474035,,,,2,2023-06-19T16:58:18+00:00
SAO_273N-10,São Paulo,3550308,True,,33158,,,-23.502466,-46.427096500000005,,,,2,2023-06-19T16:58:13+00:00
SAO_273N-10,São Paulo,3550308,True,,33158,,,-23.5182935,-46.523427375,,,,2,2023-06-19T16:58:34+00:00
SAO_273N-10,São Paulo,3550308,True,,33158,,,-23.504274,-46.367922,,,,2,2023-06-19T16:58:25+00:00
SAO_3734-10,São Paulo,3550308,True,,1034,,,-23.556205,-46.4697835,,,,1,2023-06-19T16:58:49+00:00
SAO_3734-10,São Paulo,3550308,True,,1034,,,-23.541323,-46.4845135,,,,1,2023-06-19T16:58:37+00:00
SAO_3734-10,São Paulo,3550308,True,,1034,,,-23.5472815,-46.481521,,,,1,2023-06-19T16:58:32+00:00
SAO_637G-10,São Paulo,3550308,True,EMTU,101,https://moovitapp.com/index/pt-br/transporte_p%C3%BAblico-line-101-Sao_Paulo-242-2038937-36419264-0,4.8,-23.718445000000003,-46.698815499999995,,,,1,2023-06-19T16:58:32+00:00
SAO_637G-10,São Paulo,3550308,True,EMTU,101,https://moovitapp.com/index/pt-br/transporte_p%C3%BAblico-line-101-Sao_Paulo-242-2038937-36419264-0,4.8,-23.7537615,-46.6807515,,,,1,2023-06-19T16:58:38+00:00
SAO_637G-10,São Paulo,3550308,True,EMTU,101,https://moovitapp.com/index/pt-br/transporte_p%C3%BAblico-line-101-Sao_Paulo-242-2038937-36419264-0,4.8,-23.615193249999997,-46.6795015,,,,1,2023-06-19T16:58:19+00:00
SAO_637G-10,São Paulo,3550308,True,EMTU,101,https://moovitapp.com/index/pt-br/transporte_p%C3%BAblico-line-101-Sao_Paulo-242-2038937-36419264-0,4.8,-23.66985675,-46.711535999999995,,,,1,2023-06-19T16:58:27+00:00
SAO_637G-10,São Paulo,3550308,True,EMTU,101,https://moovitapp.com/index/pt-br/transporte_p%C3%BAblico-line-101-Sao_Paulo-242-2038937-36419264-0,4.8,-23.7537615,-46.6807515,,,,1,2023-06-19T16:58:22+00:00
SAO_637G-10,São Paulo,3550308,True,EMTU,101,https://moovitapp.com/index/pt-br/transporte_p%C3%BAblico-line-101-Sao_Paulo-242-2038937-36419264-0,4.8,-23.7537615,-46.6807515,,,,1,2023-06-19T16:58:35+00:00
SAO_637G-10,São Paulo,3550308,True,EMTU,101,https://moovitapp.com/index/pt-br/transporte_p%C3%BAblico-line-101-Sao_Paulo-242-2038937-36419264-0,4.8,-23.7537615,-46.6807515,,,,1,2023-06-19T16:58:40+00:00
SAO_637G-10,São Paulo,3550308,True,EMTU,101,https://moovitapp.com/index/pt-br/transporte_p%C3%BAblico-line-101-Sao_Paulo-242-2038937-36419264-0,4.8,-23.7537615,-46.6807515,,,,1,2023-06-19T16:58:53+00:00
SAO_8003-10,São Paulo,3550308,True,,34021,,,-23.5120405,-46.756833,,,,2,2023-06-19T16:58:20+00:00
SAO_8003-10,São Paulo,3550308,True,,34021,,,-23.5200685,-46.700133,,,,2,2023-06-19T16:58:39+00:00
SAO_8003-10,São Paulo,3550308,True,,34021,,,-23.52452625,-46.75251625,,,,2,2023-06-19T16:58:14+00:00
SAO_2201-10,São Paulo,3550308,True,,33677,,,-23.533054999999997,-46.39453999999999,,,,2,2023-06-19T16:57:19+00:00
SAO_2201-10,São Paulo,3550308,True,,33677,,,-23.532773499999998,-46.394621,,,,2,2023-06-19T16:58:31+00:00
SAO_2201-10,São Paulo,3550308,True,,33677,,,-23.534992,-46.401114500000006,,,,2,2023-06-19T16:58:47+00:00
SAO_5652-10,São Paulo,3550308,True,STT,274,https://moovitapp.com/index/pt-br/transporte_p%C3%BAblico-line-274-Sao_Paulo-242-850661-183274-0,5.3,-23.707047,-46.68786849999999,,,,1,2023-06-19T16:58:37+00:00
SAO_5652-10,São Paulo,3550308,True,STT,274,https://moovitapp.com/index/pt-br/transporte_p%C3%BAblico-line-274-Sao_Paulo-242-850661-183274-0,5.3,-23.69451225,-46.699273500000004,,,,1,2023-06-19T16:58:44+00:00
SAO_5652-10,São Paulo,3550308,True,STT,274,https://moovitapp.com/index/pt-br/transporte_p%C3%BAblico-line-274-Sao_Paulo-242-850661-183274-0,5.3,-23.637244875,-46.671077,,,,1,2023-06-19T16:58:16+00:00
SAO_2018-10,São Paulo,3550308,True,,904,,,-23.495135,-46.4351205,,,,1,2023-06-19T16:57:36+00:00
SAO_2018-10,São Paulo,3550308,True,,904,,,-23.5001740625,-46.4210386875,,,,1,2023-06-19T16:58:15+00:00
SAO_1726-10,São Paulo,3550308,True,,34171,,,-23.484595,-46.615193500000004,,,,2,2023-06-19T16:58:23+00:00
SAO_1726-10,São Paulo,3550308,True,,34171,,,-23.43716675,-46.56625975,,,,2,2023-06-19T16:52:49+00:00
SAO_1726-10,São Paulo,3550308,True,,34171,,,-23.4583385,-46.6024095,,,,2,2023-06-19T16:55:49+00:00
SAO_1726-10,São Paulo,3550308,True,,34171,,,-23.448808,-46.591122,,,,2,2023-06-19T16:58:50+00:00
SAO_1726-10,São Paulo,3550308,True,,34171,,,-23.435107000000002,-46.566191,,,,2,2023-06-19T16:58:14+00:00
SAO_1726-10,São Paulo,3550308,True,,34171,,,-23.502707,-46.624029,,,,2,2023-06-19T16:58:41+00:00
SAO_1177-10,São Paulo,3550308,True,,32897,,,-23.524979000000002,-46.630667,,,,2,2023-06-19T16:58:46+00:00
SAO_1177-10,São Paulo,3550308,True,,32897,,,-23.5361185,-46.632417000000004,,,,2,2023-06-19T16:58:23+00:00
SAO_1177-10,São Paulo,3550308,True,,32897,,,-23.5182935,-46.523427375,,,,2,2023-06-19T16:58:46+00:00
SAO_1177-10,São Paulo,3550308,True,,32897,,,-23.517572,-46.475783,,,,2,2023-06-19T16:58:31+00:00
SAO_1177-10,São Paulo,3550308,True,,32897,,,-23.507303999999998,-46.4829395,,,,2,2023-06-19T16:58:33+00:00
SAO_8022-10,São Paulo,3550308,True,,2085,,,-23.567536,-46.736757374999996,,,,1,2023-06-19T16:55:09+00:00
SAO_8022-10,São Paulo,3550308,True,,2085,,,-23.568171,-46.7400035,,,,1,2023-06-19T16:58:50+00:00
SAO_8022-10,São Paulo,3550308,True,,2085,,,-23.55566275,-46.733544249999994,,,,1,2023-06-19T16:58:36+00:00
SAO_9050-10,São Paulo,3550308,True,,34856,,,-23.521136249999998,-46.699423249999995,,,,2,2023-06-19T16:58:25+00:00
SAO_9050-10,São Paulo,3550308,True,,34856,,,-23.520775999999998,-46.70046,,,,2,2023-06-19T16:58:41+00:00
SAO_9050-10,São Paulo,3550308,True,,34856,,,-23.520992749999998,-46.699836,,,,2,2023-06-19T16:58:30+00:00
SAO_9050-10,São Paulo,3550308,True,,34856,,,-23.5672905,-46.6933745,,,,2,2023-06-19T16:58:43+00:00
SAO_9653-10,São Paulo,3550308,True,EMTU,588,https://moovitapp.com/index/pt-br/transporte_p%C3%BAblico-line-588-Sao_Paulo-242-2038937-36419575-0,7.55,-23.5428845,-46.636273,,,,1,2023-06-19T16:58:48+00:00
SAO_9653-10,São Paulo,3550308,True,EMTU,588,https://moovitapp.com/index/pt-br/transporte_p%C3%BAblico-line-588-Sao_Paulo-242-2038937-36419575-0,7.55,-23.4578955,-46.642895499999995,,,,1,2023-06-19T16:58:21+00:00
SAO_9653-10,São Paulo,3550308,True,EMTU,588,https://moovitapp.com/index/pt-br/transporte_p%C3%BAblico-line-588-Sao_Paulo-242-2038937-36419575-0,7.55,-23.50684475,-46.6685255,,,,1,2023-06-19T16:58:42+00:00
SAO_9653-10,São Paulo,3550308,True,EMTU,588,https://moovitapp.com/index/pt-br/transporte_p%C3%BAblico-line-588-Sao_Paulo-242-2038937-36419575-0,7.55,-23.4698585,-46.6484995,,,,1,2023-06-19T16:58:10+00:00
SAO_6061-10,São Paulo,3550308,True,,1150,,,-23.7834155,-46.682601000000005,,,,1,2023-06-19T16:58:39+00:00
SAO_6061-10,São Paulo,3550308,True,,1150,,,-23.7546245,-46.6877975,,,,1,2023-06-19T16:58:44+00:00
SAO_6061-10,São Paulo,3550308,True,,1150,,,-23.734505125,-46.69468512500001,,,,1,2023-06-19T16:58:38+00:00
SAO_6061-10,São Paulo,3550308,True,,1150,,,-23.767712500000002,-46.69568,,,,1,2023-06-19T16:58:43+00:00
SAO_6061-10,São Paulo,3550308,True,,1150,,,-23.7817615,-46.681180499999996,,,,1,2023-06-19T16:58:46+00:00
SAO_6080-10,São Paulo,3550308,True,,33936,,,-23.734577,-46.696059000000005,,,,2,2023-06-19T16:58:20+00:00
SAO_6080-10,São Paulo,3550308,True,,33936,,,-23.713037999999997,-46.698539999999994,,,,2,2023-06-19T16:58:15+00:00
SAO_6080-10,São Paulo,3550308,True,,33936,,,-23.675214499999996,-46.67882875,,,,2,2023-06-19T16:58:37+00:00
SAO_6080-10,São Paulo,3550308,True,,33936,,,-23.756434,-46.667833,,,,2,2023-06-19T16:58:47+00:00
SAO_3032-10,São Paulo,3550308,True,,33488,,,-23.5580635,-46.522337500000006,,,,2,2023-06-19T16:58:46+00:00
SAO_3032-10,São Paulo,3550308,True,,33488,,,-23.5593935,-46.487684,,,,2,2023-06-19T16:58:17+00:00
SAO_8194-10,São Paulo,3550308,True,,805,,,-23.4053385,-46.750029,,,,1,2023-06-19T16:58:50+00:00
SAO_8194-10,São Paulo,3550308,True,,805,,,-23.435731999999998,-46.71530825000001,,,,1,2023-06-19T16:58:14+00:00
SAO_8194-10,São Paulo,3550308,True,,805,,,-23.407198,-46.735012499999996,,,,1,2023-06-19T16:58:46+00:00
SAO_8194-10,São Paulo,3550308,True,,805,,,-23.46721,-46.6787075,,,,1,2023-06-19T16:58:27+00:00
SAO_3751-10,São Paulo,3550308,True,,33815,,,-23.5695605,-46.4102685,,,,2,2023-06-19T16:58:15+00:00
SAO_3751-10,São Paulo,3550308,True,,33815,,,-23.539747124999998,-46.4552775,,,,2,2023-06-19T16:58:37+00:00
SAO_3751-10,São Paulo,3550308,True,,33815,,,-23.5505255,-46.426240250000006,,,,2,2023-06-19T16:58:56+00:00
SAO_3751-10,São Paulo,3550308,True,,33815,,,-23.5695605,-46.4102685,,,,2,2023-06-19T16:58:32+00:00
SAO_3751-10,São Paulo,3550308,True,,33815,,,-23.570615500000002,-46.420958,,,,2,2023-06-19T16:58:39+00:00
SAO_2770-10,São Paulo,3550308,True,,33011,,,-23.539111,-46.4313315,,,,2,2023-06-19T16:58:47+00:00
SAO_2770-10,São Paulo,3550308,True,,33011,,,-23.539111,-46.4313315,,,,2,2023-06-19T16:58:46+00:00
SAO_2770-10,São Paulo,3550308,True,,33011,,,-23.523834625000003,-46.414113875,,,,2,2023-06-19T16:58:40+00:00
SAO_2770-10,São Paulo,3550308,True,,33011,,,-23.498297,-46.457488,,,,2,2023-06-19T16:58:41+00:00
SAO_2770-10,São Paulo,3550308,True,,33011,,,-23.538681,-46.4310805,,,,2,2023-06-19T16:52:58+00:00
SAO_5123-10,São Paulo,3550308,True,,33893,,,-23.623426125,-46.640373375,,,,2,2023-06-19T16:58:26+00:00
SAO_5123-10,São Paulo,3550308,True,,33893,,,-23.61763275,-46.639095749999996,,,,2,2023-06-19T16:58:12+00:00
SAO_5123-10,São Paulo,3550308,True,,33893,,,-23.622764625000002,-46.640228875,,,,2,2023-06-19T16:58:27+00:00
SAO_5123-10,São Paulo,3550308,True,,33893,,,-23.681403,-46.638069,,,,2,2023-06-19T16:58:50+00:00
SAO_5123-10,São Paulo,3550308,True,,33893,,,-23.674775,-46.642773000000005,,,,2,2023-06-19T16:58:12+00:00
SAO_5123-10,São Paulo,3550308,True,,33893,,,-23.681249,-46.634710999999996,,,,2,2023-06-19T16:58:51+00:00
SAO_5123-10,São Paulo,3550308,True,,33893,,,-23.609335,-46.637949500000005,,,,2,2023-06-19T16:58:31+00:00
SAO_5123-10,São Paulo,3550308,True,,33893,,,-23.619031,-46.639412,,,,2,2023-06-19T16:58:20+00:00
SAO_748A-41,São Paulo,3550308,True,,33267,,,-23.597096,-46.7681435,,,,2,2023-06-19T16:58:17+00:00
SAO_748A-41,São Paulo,3550308,True,,33267,,,-23.5501798125,-46.739363125,,,,2,2023-06-19T16:58:22+00:00
SAO_748A-41,São Paulo,3550308,True,,33267,,,-23.597096,-46.7681435,,,,2,2023-06-19T16:58:13+00:00
SAO_4729-10,São Paulo,3550308,True,,33876,,,-23.591147,-46.507459999999995,,,,2,2023-06-19T16:58:13+00:00
SAO_4729-10,São Paulo,3550308,True,,33876,,,-23.573866625,-46.564847,,,,2,2023-06-19T16:58:33+00:00
SAO_4729-10,São Paulo,3550308,True,,33876,,,-23.591147,-46.507459999999995,,,,2,2023-06-19T16:58:30+00:00
SAO_4729-10,São Paulo,3550308,True,,33876,,,-23.59136375,-46.5076245,,,,2,2023-06-19T16:58:47+00:00
SAO_4729-10,São Paulo,3550308,True,,33876,,,-23.58748325,-46.532816,,,,2,2023-06-19T16:58:23+00:00
SAO_4729-10,São Paulo,3550308,True,,33876,,,-23.546442499999998,-46.588213499999995,,,,2,2023-06-19T16:58:20+00:00
SAO_4734-10,São Paulo,3550308,True,,33877,,,-23.6411645,-46.610744,,,,2,2023-06-19T16:58:21+00:00
SAO_4734-10,São Paulo,3550308,True,,33877,,,-23.6403915,-46.610463499999994,,,,2,2023-06-19T16:58:37+00:00
SAO_4734-10,São Paulo,3550308,True,,33877,,,-23.6365795,-46.6143965,,,,2,2023-06-19T16:58:42+00:00
SAO_4734-10,São Paulo,3550308,True,,33877,,,-23.6411645,-46.610744,,,,2,2023-06-19T16:58:36+00:00
SAO_4734-10,São Paulo,3550308,True,,33877,,,-23.642615,-46.60616,,,,2,2023-06-19T16:58:41+00:00
SAO_4734-10,São Paulo,3550308,True,,33877,,,-23.6411645,-46.610744,,,,2,2023-06-19T16:58:21+00:00
SAO_4734-10,São Paulo,3550308,True,,33877,,,-23.644297,-46.6128375,,,,2,2023-06-19T16:58:11+00:00
SAO_4734-10,São Paulo,3550308,True,,33877,,,-23.622204,-46.6347865,,,,2,2023-06-19T16:58:24+00:00
SAO_3686-10,São Paulo,3550308,True,,32934,,,-23.55744825,-46.39982725,,,,2,2023-06-19T16:58:47+00:00
SAO_3686-10,São Paulo,3550308,True,,32934,,,-23.529408,-46.510571,,,,2,2023-06-19T16:57:50+00:00
SAO_3686-10,São Paulo,3550308,True,,32934,,,-23.55986625,-46.40348975,,,,2,2023-06-19T16:58:35+00:00
SAO_3686-10,São Paulo,3550308,True,,32934,,,-23.559804749999998,-46.40321525,,,,2,2023-06-19T16:58:43+00:00
SAO_3686-10,São Paulo,3550308,True,,32934,,,-23.559947,-46.4038685,,,,2,2023-06-19T16:58:51+00:00
SAO_3686-10,São Paulo,3550308,True,,32934,,,-23.535292499999997,-46.456417,,,,2,2023-06-19T16:58:31+00:00
SAO_2722-31,São Paulo,3550308,True,,936,,,-23.522297000000002,-46.515229500000004,,,,1,2023-06-19T16:58:39+00:00
SAO_2722-31,São Paulo,3550308,True,,936,,,-23.5085755,-46.4943795,,,,1,2023-06-19T16:58:12+00:00
SAO_2722-31,São Paulo,3550308,True,,936,,,-23.528614,-46.5162345,,,,1,2023-06-19T16:58:26+00:00
SAO_8019-31,São Paulo,3550308,True,,35342,,,-23.545079,-46.74755450000001,,,,2,2023-06-19T16:58:17+00:00
SAO_8019-31,São Paulo,3550308,True,,35342,,,-23.5567715,-46.7499445,,,,2,2023-06-19T16:58:46+00:00
SAO_8019-31,São Paulo,3550308,True,,35342,,,-23.5450735,-46.7477165,,,,2,2023-06-19T16:58:48+00:00
SAO_8008-10,São Paulo,3550308,True,,34026,,,-23.471862,-46.750509,,,,2,2023-06-19T16:58:47+00:00
SAO_8008-10,São Paulo,3550308,True,,34026,,,-23.470457,-46.751476499999995,,,,2,2023-06-19T16:58:42+00:00
SAO_8008-10,São Paulo,3550308,True,,34026,,,-23.487007,-46.726683,,,,2,2023-06-19T16:58:27+00:00
SAO_8008-10,São Paulo,3550308,True,,34026,,,-23.485873499999997,-46.7256145,,,,2,2023-06-19T16:58:15+00:00
SAO_2734-10,São Paulo,3550308,True,,34528,,,-23.52525575,-46.44474075000001,,,,2,2023-06-19T16:58:22+00:00
SAO_2734-10,São Paulo,3550308,True,,34528,,,-23.542087000000002,-46.4727775,,,,2,2023-06-19T16:58:38+00:00
SAO_2734-10,São Paulo,3550308,True,,34528,,,-23.5110655,-46.409795,,,,2,2023-06-19T16:58:41+00:00
SAO_2734-10,São Paulo,3550308,True,,34528,,,-23.527662499999998,-46.44594825,,,,2,2023-06-19T16:58:17+00:00
SAO_2734-10,São Paulo,3550308,True,,34528,,,-23.503998250000002,-46.428458,,,,2,2023-06-19T16:58:34+00:00
SAO_1177-10,São Paulo,3550308,True,,129,,,-23.522693500000003,-46.558447,,,,1,2023-06-19T16:57:06+00:00
SAO_1177-10,São Paulo,3550308,True,,129,,,-23.518318999999998,-46.4758545,,,,1,2023-06-19T16:58:38+00:00
SAO_1177-10,São Paulo,3550308,True,,129,,,-23.518318999999998,-46.4758545,,,,1,2023-06-19T16:58:38+00:00
SAO_1177-10,São Paulo,3550308,True,,129,,,-23.538052375,-46.631846124999996,,,,1,2023-06-19T16:58:52+00:00
SAO_1177-10,São Paulo,3550308,True,,129,,,-23.522493250000004,-46.545181,,,,1,2023-06-19T16:58:13+00:00
SAO_1177-10,São Paulo,3550308,True,,129,,,-23.518318999999998,-46.4758545,,,,1,2023-06-19T16:58:27+00:00
SAO_4311-10,São Paulo,3550308,True,,34939,,,-23.545296999999998,-46.5967275,,,,2,2023-06-19T16:58:28+00:00
SAO_4311-10,São Paulo,3550308,True,,34939,,,-23.600810000000003,-46.470404,,,,2,2023-06-19T16:58:33+00:00
SAO_4311-10,São Paulo,3550308,True,,34939,,,-23.5410235,-46.577115500000005,,,,2,2023-06-19T16:58:15+00:00
SAO_4311-10,São Paulo,3550308,True,,34939,,,-23.541446,-46.536075499999995,,,,2,2023-06-19T16:58:48+00:00
SAO_4311-10,São Paulo,3550308,True,,34939,,,-23.5469335,-46.6304035,,,,2,2023-06-19T16:58:27+00:00
SAO_6083-10,São Paulo,3550308,True,,1733,,,-23.753605999999998,-46.66731125,,,,1,2023-06-19T16:58:26+00:00
SAO_6083-10,São Paulo,3550308,True,,1733,,,-23.736309,-46.6964555,,,,1,2023-06-19T16:58:31+00:00
SAO_6083-10,São Paulo,3550308,True,,1733,,,-23.736480999999998,-46.69416675,,,,1,2023-06-19T16:58:52+00:00
SAO_1786-10,São Paulo,3550308,True,,649,,,-23.462683499999997,-46.6163055,,,,1,2023-06-19T16:58:36+00:00
SAO_1786-10,São Paulo,3550308,True,,649,,,-23.489323499999998,-46.62424,,,,1,2023-06-19T16:54:52+00:00
SAO_1786-10,São Paulo,3550308,True,,649,,,-23.45376775,-46.607023,,,,1,2023-06-19T16:55:49+00:00
SAO_6805-10,São Paulo,3550308,True,,31,,,-23.653139250000002,-46.73891825,,,,1,2023-06-19T16:58:35+00:00
SAO_6805-10,São Paulo,3550308,True,,31,,,-23.6552405,-46.762154499999994,,,,1,2023-06-19T16:58:27+00:00
SAO_314V-10,São Paulo,3550308,True,EMTU,311,https://moovitapp.com/index/pt-br/transporte_p%C3%BAblico-line-311-Sao_Paulo-242-2038937-36419403-0,7.9,-23.581263749999998,-46.566269,,,,1,2023-06-19T16:58:48+00:00
SAO_314V-10,São Paulo,3550308,True,EMTU,311,https://moovitapp.com/index/pt-br/transporte_p%C3%BAblico-line-311-Sao_Paulo-242-2038937-36419403-0,7.9,-23.581016249999998,-46.584241750000004,,,,1,2023-06-19T16:58:44+00:00
SAO_1786-10,São Paulo,3550308,True,,33417,,,-23.49109925,-46.624753,,,,2,2023-06-19T16:55:21+00:00
SAO_1786-10,São Paulo,3550308,True,,33417,,,-23.449579999999997,-46.610699999999994,,,,2,2023-06-19T16:58:22+00:00
SAO_1786-10,São Paulo,3550308,True,,33417,,,-23.45376775,-46.607023,,,,2,2023-06-19T16:58:41+00:00
SAO_1786-10,São Paulo,3550308,True,,33417,,,-23.45368525,-46.607387,,,,2,2023-06-19T16:58:53+00:00
SAO_1786-10,São Paulo,3550308,True,,33417,,,-23.45376775,-46.607023,,,,2,2023-06-19T16:58:12+00:00
SAO_273R-10,São Paulo,3550308,True,EMTU,226,https://moovitapp.com/index/pt-br/transporte_p%C3%BAblico-line-226-Sao_Paulo-242-2038937-36419343-0,5.05,-23.5064395,-46.424818625,,,,1,2023-06-19T16:58:24+00:00
SAO_273R-10,São Paulo,3550308,True,EMTU,226,https://moovitapp.com/index/pt-br/transporte_p%C3%BAblico-line-226-Sao_Paulo-242-2038937-36419343-0,5.05,-23.521997499999998,-46.412527999999995,,,,1,2023-06-19T16:58:30+00:00
SAO_273R-10,São Paulo,3550308,True,EMTU,226,https://moovitapp.com/index/pt-br/transporte_p%C3%BAblico-line-226-Sao_Paulo-242-2038937-36419343-0,5.05,-23.535243,-46.474087499999996,,,,1,2023-06-19T16:58:30+00:00
SAO_273R-10,São Paulo,3550308,True,EMTU,226,https://moovitapp.com/index/pt-br/transporte_p%C3%BAblico-line-226-Sao_Paulo-242-2038937-36419343-0,5.05,-23.521997499999998,-46.412527999999995,,,,1,2023-06-19T16:58:23+00:00
SAO_273R-10,São Paulo,3550308,True,EMTU,226,https://moovitapp.com/index/pt-br/transporte_p%C3%BAblico-line-226-Sao_Paulo-242-2038937-36419343-0,5.05,-23.50407775,-46.432106250000004,,,,1,2023-06-19T16:58:08+00:00
SAO_273R-10,São Paulo,3550308,True,EMTU,226,https://moovitapp.com/index/pt-br/transporte_p%C3%BAblico-line-226-Sao_Paulo-242-2038937-36419343-0,5.05,-23.514959750000003,-46.454404249999996,,,,1,2023-06-19T16:58:37+00:00
SAO_1760-10,São Paulo,3550308,True,,33325,,,-23.457126,-46.65923775,,,,2,2023-06-19T16:58:50+00:00
SAO_1760-10,São Paulo,3550308,True,,33325,,,-23.5101485,-46.619015,,,,2,2023-06-19T16:58:30+00:00
SAO_1760-10,São Paulo,3550308,True,,33325,,,-23.4554665,-46.6559595,,,,2,2023-06-19T16:58:45+00:00
SAO_8622-10,São Paulo,3550308,True,EMTU,438,https://moovitapp.com/index/pt-br/transporte_p%C3%BAblico-line-438-Sao_Paulo-242-2038937-36419488-0,7.65,-23.46203,-46.78063125,,,,1,2023-06-19T16:58:50+00:00
SAO_8622-10,São Paulo,3550308,True,EMTU,438,https://moovitapp.com/index/pt-br/transporte_p%C3%BAblico-line-438-Sao_Paulo-242-2038937-36419488-0,7.65,-23.53203825,-46.65936375,,,,1,2023-06-19T16:58:16+00:00
SAO_8622-10,São Paulo,3550308,True,EMTU,438,https://moovitapp.com/index/pt-br/transporte_p%C3%BAblico-line-438-Sao_Paulo-242-2038937-36419488-0,7.65,-23.51328275,-46.726906875,,,,1,2023-06-19T16:58:47+00:00
SAO_8622-10,São Paulo,3550308,True,EMTU,438,https://moovitapp.com/index/pt-br/transporte_p%C3%BAblico-line-438-Sao_Paulo-242-2038937-36419488-0,7.65,-23.524980499999998,-46.689285874999996,,,,1,2023-06-19T16:58:25+00:00
SAO_6262-10,São Paulo,3550308,True,,34139,,,-23.537649000000002,-46.719566,,,,2,2023-06-19T16:58:33+00:00
SAO_6262-10,São Paulo,3550308,True,,34139,,,-23.530085375,-46.731711000000004,,,,2,2023-06-19T16:58:26+00:00
SAO_6262-10,São Paulo,3550308,True,,34139,,,-23.577015000000003,-46.672109500000005,,,,2,2023-06-19T16:58:46+00:00
SAO_6262-10,São Paulo,3550308,True,,34139,,,-23.530085375,-46.731711000000004,,,,2,2023-06-19T16:58:48+00:00
SAO_6262-10,São Paulo,3550308,True,,34139,,,-23.529883124999998,-46.731899,,,,2,2023-06-19T16:58:34+00:00
SAO_6262-10,São Paulo,3550308,True,,34139,,,-23.560280624999997,-46.695743,,,,2,2023-06-19T16:58:37+00:00
SAO_6262-10,São Paulo,3550308,True,,34139,,,-23.549851750000002,-46.71752825,,,,2,2023-06-19T16:58:27+00:00
SAO_6262-10,São Paulo,3550308,True,,34139,,,-23.52968025,-46.732086375,,,,2,2023-06-19T16:58:12+00:00
SAO_6043-10,São Paulo,3550308,True,,1220,,,-23.653259499999997,-46.735073,,,,1,2023-06-19T16:58:32+00:00
SAO_6043-10,São Paulo,3550308,True,,1220,,,-23.6540955,-46.7105135,,,,1,2023-06-19T16:58:54+00:00
SAO_6043-10,São Paulo,3550308,True,,1220,,,-23.655051999999998,-46.748136,,,,1,2023-06-19T16:58:47+00:00
SAO_909T-1,São Paulo,3550308,True,,2512,,,-23.562788875,-46.686226375000004,,,,1,2023-06-19T16:58:53+00:00
SAO_909T-1,São Paulo,3550308,True,,2512,,,-23.54766925,-46.643515,,,,1,2023-06-19T16:58:14+00:00
SAO_5106-31,São Paulo,3550308,True,,1305,,,-23.6143135,-46.64389075,,,,1,2023-06-19T16:58:24+00:00
SAO_5106-31,São Paulo,3550308,True,,1305,,,-23.581248625,-46.638628624999996,,,,1,2023-06-19T16:58:40+00:00
SAO_5106-31,São Paulo,3550308,True,,1305,,,-23.687447499999998,-46.655168,,,,1,2023-06-19T16:56:35+00:00
SAO_5106-31,São Paulo,3550308,True,,1305,,,-23.685967499999997,-46.6334375,,,,1,2023-06-19T16:58:20+00:00
SAO_233C-10,São Paulo,3550308,True,,155,,,-23.556135750000003,-46.56021375,,,,1,2023-06-19T16:58:47+00:00
SAO_233C-10,São Paulo,3550308,True,,155,,,-23.5193695,-46.47596025,,,,1,2023-06-19T16:58:50+00:00
SAO_233C-10,São Paulo,3550308,True,,155,,,-23.5595,-46.52120075,,,,1,2023-06-19T16:58:33+00:00
SAO_9020-10,São Paulo,3550308,True,,34202,,,-23.4685845,-46.721347,,,,2,2023-06-19T16:58:43+00:00
SAO_9020-10,São Paulo,3550308,True,,34202,,,-23.484986499999998,-46.723839999999996,,,,2,2023-06-19T16:58:20+00:00
SAO_9020-10,São Paulo,3550308,True,,34202,,,-23.4685845,-46.721347,,,,2,2023-06-19T16:58:42+00:00
SAO_9020-10,São Paulo,3550308,True,,34202,,,-23.468176,-46.721295999999995,,,,2,2023-06-19T16:58:42+00:00
SAO_2013-10,São Paulo,3550308,True,,899,,,-23.4672165,-46.662435,,,,1,2023-06-19T16:58:12+00:00
SAO_2013-10,São Paulo,3550308,True,,899,,,-23.4627545,-46.65858,,,,1,2023-06-19T16:58:45+00:00
SAO_2013-10,São Paulo,3550308,True,,899,,,-23.4546975,-46.658477500000004,,,,1,2023-06-19T16:58:46+00:00
SAO_2013-10,São Paulo,3550308,True,,899,,,-23.45715525,-46.656141,,,,1,2023-06-19T16:58:43+00:00
SAO_2013-10,São Paulo,3550308,True,,899,,,-23.45929175,-46.648502500000006,,,,1,2023-06-19T16:58:25+00:00
SAO_2013-10,São Paulo,3550308,True,,899,,,-23.4705675,-46.6705775,,,,1,2023-06-19T16:58:28+00:00
SAO_6072-10,São Paulo,3550308,True,,34356,,,-23.8274015,-46.69739250000001,,,,2,2023-06-19T16:58:28+00:00
SAO_6072-10,São Paulo,3550308,True,,34356,,,-23.8274015,-46.69739250000001,,,,2,2023-06-19T16:58:32+00:00
SAO_6072-10,São Paulo,3550308,True,,34356,,,-23.8139845,-46.707029,,,,2,2023-06-19T16:58:48+00:00
SAO_6072-10,São Paulo,3550308,True,,34356,,,-23.8274015,-46.69739250000001,,,,2,2023-06-19T16:58:41+00:00
SAO_6072-10,São Paulo,3550308,True,,34356,,,-23.7808425,-46.714008500000006,,,,2,2023-06-19T16:58:47+00:00
SAO_6072-10,São Paulo,3550308,True,,34356,,,-23.827348,-46.69764012499999,,,,2,2023-06-19T16:58:52+00:00
SAO_6072-10,São Paulo,3550308,True,,34356,,,-23.772029,-46.719725999999994,,,,2,2023-06-19T16:58:41+00:00
SAO_6072-10,São Paulo,3550308,True,,34356,,,-23.766137,-46.7164225,,,,2,2023-06-19T16:58:49+00:00
SAO_6093-10,São Paulo,3550308,True,,34353,,,-23.745033999999997,-46.70720825,,,,2,2023-06-19T16:58:22+00:00
SAO_6093-10,São Paulo,3550308,True,,34353,,,-23.7939715,-46.730251499999994,,,,2,2023-06-19T16:58:12+00:00
SAO_6093-10,São Paulo,3550308,True,,34353,,,-23.85997675,-46.703861125,,,,2,2023-06-19T16:29:57+00:00
SAO_6093-10,São Paulo,3550308,True,,34353,,,-23.769605,-46.7179785,,,,2,2023-06-19T16:58:21+00:00
SAO_6093-10,São Paulo,3550308,True,,34353,,,-23.8279545,-46.730826,,,,2,2023-06-19T16:58:24+00:00
SAO_6093-10,São Paulo,3550308,True,,34353,,,-23.741379000000002,-46.7060095,,,,2,2023-06-19T16:58:21+00:00
SAO_6093-10,São Paulo,3550308,True,,34353,,,-23.8541825,-46.713719,,,,2,2023-06-19T16:57:16+00:00
SAO_7006-51,São Paulo,3550308,True,,34765,,,-23.661021499999997,-46.7695115,,,,2,2023-06-19T16:58:37+00:00
SAO_7006-51,São Paulo,3550308,True,,34765,,,-23.6848575,-46.7702205,,,,2,2023-06-19T16:58:30+00:00
SAO_7006-51,São Paulo,3550308,True,,34765,,,-23.7491515,-46.783023,,,,2,2023-06-19T16:58:28+00:00
SAO_7006-51,São Paulo,3550308,True,,34765,,,-23.731465,-46.78581,,,,2,2023-06-19T16:57:37+00:00
SAO_675A-10,São Paulo,3550308,True,,1318,,,-23.629018000000002,-46.6656615,,,,1,2023-06-19T16:58:16+00:00
SAO_675A-10,São Paulo,3550308,True,,1318,,,-23.63472625,-46.71329075,,,,1,2023-06-19T16:58:13+00:00
SAO_675A-10,São Paulo,3550308,True,,1318,,,-23.6274845,-46.642675,,,,1,2023-06-19T16:58:56+00:00
SAO_3732-10,São Paulo,3550308,True,,33797,,,-23.5515105,-46.436471,,,,2,2023-06-19T16:58:14+00:00
SAO_3732-10,São Paulo,3550308,True,,33797,,,-23.5429995,-46.470884999999996,,,,2,2023-06-19T16:58:16+00:00
SAO_3732-10,São Paulo,3550308,True,,33797,,,-23.537587,-46.45306925,,,,2,2023-06-19T16:58:34+00:00
SAO_3732-10,São Paulo,3550308,True,,33797,,,-23.5543135,-46.4376995,,,,2,2023-06-19T16:58:44+00:00
SAO_576C-10,São Paulo,3550308,True,,1290,,,-23.665099249999997,-46.67829025,,,,1,2023-06-19T16:58:25+00:00
SAO_576C-10,São Paulo,3550308,True,,1290,,,-23.664935,-46.69079225,,,,1,2023-06-19T16:58:38+00:00
SAO_576C-10,São Paulo,3550308,True,,1290,,,-23.6541255,-46.711158,,,,1,2023-06-19T16:58:41+00:00
SAO_576C-10,São Paulo,3550308,True,,1290,,,-23.638162,-46.6322935,,,,1,2023-06-19T16:58:18+00:00
SAO_576C-10,São Paulo,3550308,True,,1290,,,-23.6518805,-46.708862999999994,,,,1,2023-06-19T16:58:11+00:00
SAO_576C-10,São Paulo,3550308,True,,1290,,,-23.65458375,-46.65651775,,,,1,2023-06-19T16:58:21+00:00
SAO_576C-10,São Paulo,3550308,True,,1290,,,-23.6475215,-46.6389185,,,,1,2023-06-19T16:58:54+00:00
SAO_6055-10,São Paulo,3550308,True,,33914,,,-23.754704,-46.709073000000004,,,,2,2023-06-19T16:58:49+00:00
SAO_6055-10,São Paulo,3550308,True,,33914,,,-23.754978,-46.709182999999996,,,,2,2023-06-19T16:58:28+00:00
SAO_6055-10,São Paulo,3550308,True,,33914,,,-23.7560875,-46.700999499999995,,,,2,2023-06-19T16:58:46+00:00
SAO_6016-41,São Paulo,3550308,True,,1706,,,-23.73749875,-46.693042,,,,1,2023-06-19T16:58:14+00:00
SAO_6016-41,São Paulo,3550308,True,,1706,,,-23.736897499999998,-46.69694,,,,1,2023-06-19T16:58:19+00:00
SAO_6016-41,São Paulo,3550308,True,,1706,,,-23.7704615,-46.680532,,,,1,2023-06-19T16:58:37+00:00
SAO_6016-41,São Paulo,3550308,True,,1706,,,-23.748095499999998,-46.68762275,,,,1,2023-06-19T16:58:32+00:00
SAO_2080-10,São Paulo,3550308,True,,33139,,,-23.5051475,-46.36660425,,,,2,2023-06-19T16:58:40+00:00
SAO_2080-10,São Paulo,3550308,True,,33139,,,-23.514965,-46.536692,,,,2,2023-06-19T16:58:29+00:00
SAO_2080-10,São Paulo,3550308,True,,33139,,,-23.510422374999997,-46.36670225,,,,2,2023-06-19T16:50:01+00:00
SAO_2080-10,São Paulo,3550308,True,,33139,,,-23.4942435,-46.4390015,,,,2,2023-06-19T16:58:22+00:00
SAO_2080-10,São Paulo,3550308,True,,33139,,,-23.510135124999998,-46.366632749999994,,,,2,2023-06-19T16:58:40+00:00
SAO_2080-10,São Paulo,3550308,True,,33139,,,-23.510658,-46.366768,,,,2,2023-06-19T16:58:24+00:00
SAO_2769-10,São Paulo,3550308,True,,397,,,-23.48826175,-46.391821375,,,,1,2023-06-19T16:55:39+00:00
SAO_909T-10,São Paulo,3550308,True,,2256,,,-23.5661725,-46.7018415,,,,1,2023-06-19T16:58:50+00:00
SAO_5091-10,São Paulo,3550308,True,,1523,,,-23.697122125,-46.670599125,,,,1,2023-06-19T16:58:48+00:00
SAO_5091-10,São Paulo,3550308,True,,1523,,,-23.686666,-46.63355,,,,1,2023-06-19T16:58:34+00:00
SAO_5091-10,São Paulo,3550308,True,,1523,,,-23.66451625,-46.6378775,,,,1,2023-06-19T16:58:23+00:00
SAO_1702-10,São Paulo,3550308,True,,846,,,-23.5271905,-46.6270085,,,,1,2023-06-19T16:58:10+00:00
SAO_1702-10,São Paulo,3550308,True,,846,,,-23.511401499999998,-46.622148499999994,,,,1,2023-06-19T16:58:19+00:00
SAO_1702-10,São Paulo,3550308,True,,846,,,-23.442846,-46.57655,,,,1,2023-06-19T16:58:49+00:00
SAO_1702-10,São Paulo,3550308,True,,846,,,-23.523996500000003,-46.6255045,,,,1,2023-06-19T16:58:34+00:00
SAO_1702-10,São Paulo,3550308,True,,846,,,-23.482022,-46.602115,,,,1,2023-06-19T16:58:36+00:00
SAO_1702-10,São Paulo,3550308,True,,846,,,-23.504861374999997,-46.624694625000004,,,,1,2023-06-19T16:58:15+00:00
SAO_1702-10,São Paulo,3550308,True,,846,,,-23.456131499999998,-46.584723499999996,,,,1,2023-06-19T16:58:22+00:00
SAO_297A-10,São Paulo,3550308,True,,34901,,,-23.512845,-46.67889875,,,,2,2023-06-19T16:58:09+00:00
SAO_297A-10,São Paulo,3550308,True,,34901,,,-23.5251275,-46.6660255,,,,2,2023-06-19T16:58:12+00:00
SAO_297A-10,São Paulo,3550308,True,,34901,,,-23.5251275,-46.6660255,,,,2,2023-06-19T16:58:28+00:00
SAO_297A-10,São Paulo,3550308,True,,34901,,,-23.493459,-46.6760655,,,,2,2023-06-19T16:58:13+00:00
SAO_1745-10,São Paulo,3550308,True,,33314,,,-23.505131125,-46.624702875,,,,2,2023-06-19T16:58:34+00:00
SAO_1745-10,São Paulo,3550308,True,,33314,,,-23.473171,-46.665481,,,,2,2023-06-19T16:58:25+00:00
SAO_1745-10,São Paulo,3550308,True,,33314,,,-23.4889455,-46.65128,,,,2,2023-06-19T16:58:44+00:00
SAO_1745-10,São Paulo,3550308,True,,33314,,,-23.473011999999997,-46.665725,,,,2,2023-06-19T16:58:09+00:00
SAO_677V-10,São Paulo,3550308,True,EMTU,112,https://moovitapp.com/index/pt-br/transporte_p%C3%BAblico-line-112-Sao_Paulo-242-2038937-36419272-0,5.7,-23.743561,-46.707083,,,,1,2023-06-19T16:58:27+00:00
SAO_677V-10,São Paulo,3550308,True,EMTU,112,https://moovitapp.com/index/pt-br/transporte_p%C3%BAblico-line-112-Sao_Paulo-242-2038937-36419272-0,5.7,-23.744489,-46.7097325,,,,1,2023-06-19T16:58:34+00:00
SAO_677V-10,São Paulo,3550308,True,EMTU,112,https://moovitapp.com/index/pt-br/transporte_p%C3%BAblico-line-112-Sao_Paulo-242-2038937-36419272-0,5.7,-23.72993675,-46.7043975,,,,1,2023-06-19T16:58:16+00:00
SAO_5109-10,São Paulo,3550308,True,,34619,,,-23.5550285,-46.624151,,,,2,2023-06-19T16:58:46+00:00
SAO_5109-10,São Paulo,3550308,True,,34619,,,-23.547292,-46.6287735,,,,2,2023-06-19T16:58:47+00:00
SAO_5109-10,São Paulo,3550308,True,,34619,,,-23.584804,-46.583518999999995,,,,2,2023-06-19T16:58:34+00:00
SAO_4017-10,São Paulo,3550308,True,,2190,,,-23.5814275,-46.404887,,,,1,2023-06-19T16:56:06+00:00
SAO_4017-10,São Paulo,3550308,True,,2190,,,-23.5902125,-46.3823955,,,,1,2023-06-19T16:58:37+00:00
SAO_4017-10,São Paulo,3550308,True,,2190,,,-23.57981325,-46.38960625,,,,1,2023-06-19T16:58:18+00:00
SAO_746K-10,São Paulo,3550308,True,,33555,,,-23.6187375,-46.722241,,,,2,2023-06-19T16:58:40+00:00
SAO_746K-10,São Paulo,3550308,True,,33555,,,-23.6187375,-46.722241,,,,2,2023-06-19T16:58:53+00:00
SAO_746K-10,São Paulo,3550308,True,,33555,,,-23.618044,-46.70133775000001,,,,2,2023-06-19T16:58:34+00:00
SAO_7053-21,São Paulo,3550308,True,,34663,,,-23.642354750000003,-46.78591075,,,,2,2023-06-19T16:58:28+00:00
SAO_7053-21,São Paulo,3550308,True,,34663,,,-23.64219025,-46.78573025,,,,2,2023-06-19T16:58:19+00:00
SAO_7053-21,São Paulo,3550308,True,,34663,,,-23.642668,-46.7862045,,,,2,2023-06-19T16:58:37+00:00
SAO_775P-10,São Paulo,3550308,True,EMTU,507,https://moovitapp.com/index/pt-br/transporte_p%C3%BAblico-line-507-Sao_Paulo-242-2038937-36419529-0,5.65,-23.593565875,-46.736573625000005,,,,1,2023-06-19T16:58:47+00:00
SAO_775P-10,São Paulo,3550308,True,EMTU,507,https://moovitapp.com/index/pt-br/transporte_p%C3%BAblico-line-507-Sao_Paulo-242-2038937-36419529-0,5.65,-23.581666,-46.6386555,,,,1,2023-06-19T16:58:13+00:00
SAO_3686-10,São Paulo,3550308,True,EMTU,166,https://moovitapp.com/index/pt-br/transporte_p%C3%BAblico-line-166-Sao_Paulo-242-2038937-36419307-0,7.8,-23.55722875,-46.39993375,,,,1,2023-06-19T16:58:26+00:00
SAO_3686-10,São Paulo,3550308,True,EMTU,166,https://moovitapp.com/index/pt-br/transporte_p%C3%BAblico-line-166-Sao_Paulo-242-2038937-36419307-0,7.8,-23.5473415,-46.629296499999995,,,,1,2023-06-19T16:58:19+00:00
SAO_3686-10,São Paulo,3550308,True,EMTU,166,https://moovitapp.com/index/pt-br/transporte_p%C3%BAblico-line-166-Sao_Paulo-242-2038937-36419307-0,7.8,-23.559966,-46.404123,,,,1,2023-06-19T16:58:41+00:00
SAO_3686-10,São Paulo,3550308,True,EMTU,166,https://moovitapp.com/index/pt-br/transporte_p%C3%BAblico-line-166-Sao_Paulo-242-2038937-36419307-0,7.8,-23.53329625,-46.53990725,,,,1,2023-06-19T16:58:51+00:00
SAO_3686-10,São Paulo,3550308,True,EMTU,166,https://moovitapp.com/index/pt-br/transporte_p%C3%BAblico-line-166-Sao_Paulo-242-2038937-36419307-0,7.8,-23.53683975,-46.471162,,,,1,2023-06-19T16:58:20+00:00
SAO_573A-10,São Paulo,3550308,True,,1637,,,-23.5865845,-46.585037,,,,1,2023-06-19T16:57:44+00:00
SAO_573A-10,São Paulo,3550308,True,,1637,,,-23.579729999999998,-46.5868775,,,,1,2023-06-19T16:54:59+00:00
SAO_5318-10,São Paulo,3550308,True,,32813,,,-23.6646575,-46.753386,,,,2,2023-06-19T16:58:27+00:00
SAO_5318-10,São Paulo,3550308,True,,32813,,,-23.661845,-46.736380999999994,,,,2,2023-06-19T16:58:55+00:00
SAO_5318-10,São Paulo,3550308,True,,32813,,,-23.5504935,-46.635271,,,,2,2023-06-19T16:58:55+00:00
SAO_5318-10,São Paulo,3550308,True,,32813,,,-23.6706485,-46.7466615,,,,2,2023-06-19T16:58:49+00:00
SAO_5318-10,São Paulo,3550308,True,,32813,,,-23.6695875,-46.74709,,,,2,2023-06-19T16:58:54+00:00
SAO_5318-10,São Paulo,3550308,True,,32813,,,-23.62486125,-46.682301499999994,,,,2,2023-06-19T16:58:55+00:00
SAO_5318-10,São Paulo,3550308,True,,32813,,,-23.664875000000002,-46.753225,,,,2,2023-06-19T16:58:38+00:00
SAO_5318-10,São Paulo,3550308,True,,32813,,,-23.634524499999998,-46.713091,,,,2,2023-06-19T16:58:30+00:00
SAO_5318-10,São Paulo,3550308,True,,32813,,,-23.6646575,-46.753386,,,,2,2023-06-19T16:58:23+00:00
SAO_5318-10,São Paulo,3550308,True,,32813,,,-23.601544124999997,-46.6604005,,,,2,2023-06-19T16:58:48+00:00
SAO_5317-10,São Paulo,3550308,True,,69,,,-23.653619499999998,-46.701682125000005,,,,1,2023-06-19T16:58:48+00:00
SAO_5317-10,São Paulo,3550308,True,,69,,,-23.592983500000003,-46.6521585,,,,1,2023-06-19T16:58:10+00:00
SAO_5317-10,São Paulo,3550308,True,,69,,,-23.711455,-46.6930105,,,,1,2023-06-19T16:58:49+00:00
SAO_5317-10,São Paulo,3550308,True,,69,,,-23.7212425,-46.6767315,,,,1,2023-06-19T16:58:41+00:00
SAO_971R-42,São Paulo,3550308,True,,616,,,-23.4389495,-46.7307735,,,,1,2023-06-19T16:58:33+00:00
SAO_971R-42,São Paulo,3550308,True,,616,,,-23.43821325,-46.709458999999995,,,,1,2023-06-19T16:58:30+00:00
SAO_971R-42,São Paulo,3550308,True,,616,,,-23.502008500000002,-46.625279,,,,1,2023-06-19T16:58:50+00:00
SAO_875P-10,São Paulo,3550308,True,,34109,,,-23.526525499999998,-46.6658365,,,,2,2023-06-19T16:58:46+00:00
SAO_875P-10,São Paulo,3550308,True,,34109,,,-23.5452985,-46.673929,,,,2,2023-06-19T16:58:35+00:00
SAO_875P-10,São Paulo,3550308,True,,34109,,,-23.5266405,-46.6655205,,,,2,2023-06-19T16:58:40+00:00
SAO_875P-10,São Paulo,3550308,True,,34109,,,-23.526521000000002,-46.665999,,,,2,2023-06-19T16:58:42+00:00
SAO_875P-10,São Paulo,3550308,True,,34109,,,-23.5582135,-46.660008,,,,2,2023-06-19T16:58:12+00:00
SAO_875P-10,São Paulo,3550308,True,,34109,,,-23.526525499999998,-46.6658365,,,,2,2023-06-19T16:58:36+00:00
SAO_2021-10,São Paulo,3550308,True,,33674,,,-23.544535,-46.389844,,,,2,2023-06-19T16:58:38+00:00
SAO_2021-10,São Paulo,3550308,True,,33674,,,-23.5444625,-46.3895285,,,,2,2023-06-19T16:58:51+00:00
SAO_2021-10,São Paulo,3550308,True,,33674,,,-23.543503625,-46.4090985,,,,2,2023-06-19T16:57:42+00:00
SAO_2021-10,São Paulo,3550308,True,,33674,,,-23.53663225,-46.39873875,,,,2,2023-06-19T16:57:25+00:00
SAO_4032-10,São Paulo,3550308,True,,33870,,,-23.62815825,-46.600349,,,,2,2023-06-19T16:58:40+00:00
SAO_4032-10,São Paulo,3550308,True,,33870,,,-23.62781275,-46.600421,,,,2,2023-06-19T16:58:20+00:00
SAO_4032-10,São Paulo,3550308,True,,33870,,,-23.59966475,-46.640322,,,,2,2023-06-19T16:58:36+00:00
SAO_4032-10,São Paulo,3550308,True,,33870,,,-23.61621125,-46.6280345,,,,2,2023-06-19T16:58:26+00:00
SAO_6045-10,São Paulo,3550308,True,,33990,,,-23.6488675,-46.7535655,,,,2,2023-06-19T16:58:43+00:00
SAO_6045-10,São Paulo,3550308,True,,33990,,,-23.698768,-46.796265500000004,,,,2,2023-06-19T16:58:26+00:00
SAO_6045-10,São Paulo,3550308,True,,33990,,,-23.650330500000003,-46.708101,,,,2,2023-06-19T16:58:22+00:00
SAO_6045-10,São Paulo,3550308,True,,33990,,,-23.67105,-46.772944499999994,,,,2,2023-06-19T16:58:12+00:00
SAO_6045-10,São Paulo,3550308,True,,33990,,,-23.642645124999998,-46.7095925,,,,2,2023-06-19T16:58:36+00:00
SAO_9181-10,São Paulo,3550308,True,,33653,,,-23.457015,-46.6970235,,,,2,2023-06-19T16:58:47+00:00
SAO_9181-10,São Paulo,3550308,True,,33653,,,-23.5097815,-46.6897775,,,,2,2023-06-19T16:58:54+00:00
SAO_9181-10,São Paulo,3550308,True,,33653,,,-23.457219000000002,-46.696751,,,,2,2023-06-19T16:58:51+00:00
SAO_9181-10,São Paulo,3550308,True,,33653,,,-23.469796875,-46.683957500000005,,,,2,2023-06-19T16:58:29+00:00
SAO_9181-10,São Paulo,3550308,True,,33653,,,-23.457559,-46.6963325,,,,2,2023-06-19T16:58:16+00:00
SAO_9181-10,São Paulo,3550308,True,,33653,,,-23.457380999999998,-46.696545,,,,2,2023-06-19T16:58:20+00:00
SAO_9181-10,São Paulo,3550308,True,,33653,,,-23.4780705,-46.685312,,,,2,2023-06-19T16:58:48+00:00
SAO_9181-10,São Paulo,3550308,True,,33653,,,-23.501903249999998,-46.686383500000005,,,,2,2023-06-19T16:58:18+00:00
SAO_2766-10,São Paulo,3550308,True,EMTU,405,https://moovitapp.com/index/pt-br/transporte_p%C3%BAblico-line-405-Sao_Paulo-242-2038937-36419467-0,5.35,-23.494272,-46.422543875,,,,1,2023-06-19T16:58:37+00:00
SAO_2766-10,São Paulo,3550308,True,EMTU,405,https://moovitapp.com/index/pt-br/transporte_p%C3%BAblico-line-405-Sao_Paulo-242-2038937-36419467-0,5.35,-23.503021,-46.3971805,,,,1,2023-06-19T16:58:23+00:00
SAO_6L03-10,São Paulo,3550308,True,,34333,,,-23.834995499999998,-46.730558,,,,2,2023-06-19T16:58:43+00:00
SAO_675M-10,São Paulo,3550308,True,,32876,,,-23.720974499999997,-46.6767225,,,,2,2023-06-19T16:58:16+00:00
SAO_675M-10,São Paulo,3550308,True,,32876,,,-23.7073255,-46.6880245,,,,2,2023-06-19T16:58:50+00:00
SAO_675M-10,São Paulo,3550308,True,,32876,,,-23.6563,-46.670553,,,,2,2023-06-19T16:58:24+00:00
SAO_1703-10,São Paulo,3550308,True,,33615,,,-23.430699500000003,-46.573944499999996,,,,2,2023-06-19T16:58:39+00:00
SAO_1703-10,São Paulo,3550308,True,,33615,,,-23.430699500000003,-46.573944499999996,,,,2,2023-06-19T16:58:13+00:00
SAO_1703-10,São Paulo,3550308,True,,33615,,,-23.430702,-46.574294,,,,2,2023-06-19T16:58:34+00:00
SAO_1703-10,São Paulo,3550308,True,,33615,,,-23.456802500000002,-46.5895785,,,,2,2023-06-19T16:58:32+00:00
SAO_8047-10,São Paulo,3550308,True,EMTU,408,https://moovitapp.com/index/pt-br/transporte_p%C3%BAblico-line-408-Sao_Paulo-242-2038937-36419468-0,7.55,-23.4567195,-46.756204,,,,1,2023-06-19T16:56:31+00:00
SAO_8047-10,São Paulo,3550308,True,EMTU,408,https://moovitapp.com/index/pt-br/transporte_p%C3%BAblico-line-408-Sao_Paulo-242-2038937-36419468-0,7.55,-23.492066,-46.766538999999995,,,,1,2023-06-19T16:58:11+00:00
SAO_8047-10,São Paulo,3550308,True,EMTU,408,https://moovitapp.com/index/pt-br/transporte_p%C3%BAblico-line-408-Sao_Paulo-242-2038937-36419468-0,7.55,-23.522496125,-46.70803975,,,,1,2023-06-19T16:58:11+00:00
SAO_8047-10,São Paulo,3550308,True,EMTU,408,https://moovitapp.com/index/pt-br/transporte_p%C3%BAblico-line-408-Sao_Paulo-242-2038937-36419468-0,7.55,-23.4339175,-46.7549995,,,,1,2023-06-19T16:58:51+00:00
SAO_106A-10,São Paulo,3550308,True,,516,,,-23.5897785,-46.688258000000005,,,,1,2023-06-19T16:58:51+00:00
SAO_106A-10,São Paulo,3550308,True,,516,,,-23.502099,-46.62419250000001,,,,1,2023-06-19T16:58:43+00:00
SAO_106A-10,São Paulo,3550308,True,,516,,,-23.5591505,-46.654286,,,,1,2023-06-19T16:58:37+00:00
SAO_106A-10,São Paulo,3550308,True,,516,,,-23.5172155,-46.62997,,,,1,2023-06-19T16:58:24+00:00
SAO_106A-10,São Paulo,3550308,True,,516,,,-23.52895675,-46.631794,,,,1,2023-06-19T16:58:27+00:00
SAO_106A-10,São Paulo,3550308,True,,516,,,-23.591415625000003,-46.681248562499995,,,,1,2023-06-19T16:58:26+00:00
SAO_106A-10,São Paulo,3550308,True,,516,,,-23.5831045,-46.673923,,,,1,2023-06-19T16:58:46+00:00
SAO_106A-10,São Paulo,3550308,True,,516,,,-23.590813,-46.688639499999994,,,,1,2023-06-19T16:58:30+00:00
SAO_106A-10,São Paulo,3550308,True,,516,,,-23.502099,-46.62419250000001,,,,1,2023-06-19T16:58:48+00:00
SAO_106A-10,São Paulo,3550308,True,,516,,,-23.59055825,-46.68854449999999,,,,1,2023-06-19T16:58:51+00:00
SAO_106A-10,São Paulo,3550308,True,,516,,,-23.577004000000002,-46.6724405,,,,1,2023-06-19T16:58:34+00:00
SAO_106A-10,São Paulo,3550308,True,,516,,,-23.502099,-46.62419250000001,,,,1,2023-06-19T16:58:39+00:00
SAO_106A-10,São Paulo,3550308,True,,516,,,-23.589232000000003,-46.688066,,,,1,2023-06-19T16:58:37+00:00
SAO_2765-10,São Paulo,3550308,True,EMTU,145,https://moovitapp.com/index/pt-br/transporte_p%C3%BAblico-line-145-Sao_Paulo-242-2038937-36419293-0,5.35,-23.50428,-46.515389,,,,1,2023-06-19T16:58:17+00:00
SAO_2765-10,São Paulo,3550308,True,EMTU,145,https://moovitapp.com/index/pt-br/transporte_p%C3%BAblico-line-145-Sao_Paulo-242-2038937-36419293-0,5.35,-23.5107585,-46.540824,,,,1,2023-06-19T16:58:42+00:00
SAO_2765-10,São Paulo,3550308,True,EMTU,145,https://moovitapp.com/index/pt-br/transporte_p%C3%BAblico-line-145-Sao_Paulo-242-2038937-36419293-0,5.35,-23.49297825,-46.497193499999995,,,,1,2023-06-19T16:58:17+00:00
SAO_2765-10,São Paulo,3550308,True,EMTU,145,https://moovitapp.com/index/pt-br/transporte_p%C3%BAblico-line-145-Sao_Paulo-242-2038937-36419293-0,5.35,-23.533102,-46.56396925,,,,1,2023-06-19T16:58:52+00:00
SAO_2765-10,São Paulo,3550308,True,EMTU,145,https://moovitapp.com/index/pt-br/transporte_p%C3%BAblico-line-145-Sao_Paulo-242-2038937-36419293-0,5.35,-23.49269075,-46.4951135,,,,1,2023-06-19T16:58:39+00:00
SAO_4284-10,São Paulo,3550308,True,,33057,,,-23.58507,-46.583846,,,,2,2023-06-19T16:58:09+00:00
SAO_4284-10,São Paulo,3550308,True,,33057,,,-23.608772000000002,-46.555296,,,,2,2023-06-19T16:58:53+00:00
SAO_3069-10,São Paulo,3550308,True,,33752,,,-23.606985,-46.416852500000005,,,,2,2023-06-19T16:58:15+00:00
SAO_3069-10,São Paulo,3550308,True,,33752,,,-23.612504,-46.475716000000006,,,,2,2023-06-19T16:58:36+00:00
SAO_3069-10,São Paulo,3550308,True,,33752,,,-23.60662525,-46.41692075,,,,2,2023-06-19T16:58:29+00:00
SAO_3069-10,São Paulo,3550308,True,,33752,,,-23.60662525,-46.41692075,,,,2,2023-06-19T16:58:28+00:00
SAO_3069-10,São Paulo,3550308,True,,33752,,,-23.60662525,-46.41692075,,,,2,2023-06-19T16:58:10+00:00
SAO_5015-10,São Paulo,3550308,True,,33887,,,-23.671929249999998,-46.64406475,,,,2,2023-06-19T16:58:20+00:00
SAO_5015-10,São Paulo,3550308,True,,33887,,,-23.691779,-46.65973,,,,2,2023-06-19T16:58:23+00:00
SAO_5015-10,São Paulo,3550308,True,,33887,,,-23.6921215,-46.6596865,,,,2,2023-06-19T16:58:38+00:00
SAO_5015-10,São Paulo,3550308,True,,33887,,,-23.679972,-46.655108999999996,,,,2,2023-06-19T16:55:16+00:00
SAO_5015-10,São Paulo,3550308,True,,33887,,,-23.682760375,-46.644139625,,,,2,2023-06-19T16:56:42+00:00
SAO_5015-10,São Paulo,3550308,True,,33887,,,-23.691779,-46.65973,,,,2,2023-06-19T16:58:18+00:00
SAO_5015-10,São Paulo,3550308,True,,33887,,,-23.6777995,-46.6414205,,,,2,2023-06-19T16:58:17+00:00
SAO_278A-10,São Paulo,3550308,True,,33474,,,-23.518387,-46.625577375000006,,,,2,2023-06-19T16:58:21+00:00
SAO_278A-10,São Paulo,3550308,True,,33474,,,-23.5220305,-46.5305175,,,,2,2023-06-19T16:58:19+00:00
SAO_278A-10,São Paulo,3550308,True,,33474,,,-23.53480225,-46.60037750000001,,,,2,2023-06-19T16:58:41+00:00
SAO_930P-10,São Paulo,3550308,True,,34883,,,-23.566438124999998,-46.668901500000004,,,,2,2023-06-19T16:58:35+00:00
SAO_930P-10,São Paulo,3550308,True,,34883,,,-23.546217,-46.6305745,,,,2,2023-06-19T16:58:14+00:00
SAO_930P-10,São Paulo,3550308,True,,34883,,,-23.5465655,-46.630341,,,,2,2023-06-19T16:58:39+00:00
SAO_930P-10,São Paulo,3550308,True,,34883,,,-23.546217,-46.6305745,,,,2,2023-06-19T16:58:33+00:00
SAO_930P-10,São Paulo,3550308,True,,34883,,,-23.545600999999998,-46.631611500000005,,,,2,2023-06-19T16:58:33+00:00
SAO_930P-10,São Paulo,3550308,True,,34883,,,-23.5805475,-46.6851035,,,,2,2023-06-19T16:58:51+00:00
SAO_930P-10,São Paulo,3550308,True,,34883,,,-23.546217,-46.6305745,,,,2,2023-06-19T16:58:42+00:00
SAO_930P-10,São Paulo,3550308,True,,34883,,,-23.548397875,-46.643313625000005,,,,2,2023-06-19T16:58:41+00:00
SAO_4708-10,São Paulo,3550308,True,EMTU,332,https://moovitapp.com/index/pt-br/transporte_p%C3%BAblico-line-332-Sao_Paulo-242-2038937-36419418-0,4.5,-23.602754750000003,-46.61484725,,,,1,2023-06-19T16:58:50+00:00
SAO_3796-10,São Paulo,3550308,True,,33842,,,-23.575618499999997,-46.45819575,,,,2,2023-06-19T16:58:47+00:00
SAO_3796-10,São Paulo,3550308,True,,33842,,,-23.5592215,-46.465883000000005,,,,2,2023-06-19T16:58:50+00:00
SAO_6035-10,São Paulo,3550308,True,,33981,,,-23.645221749999997,-46.7036755,,,,2,2023-06-19T16:58:19+00:00
SAO_6035-10,São Paulo,3550308,True,,33981,,,-23.668899500000002,-46.734364,,,,2,2023-06-19T16:58:54+00:00
SAO_6035-10,São Paulo,3550308,True,,33981,,,-23.726277,-46.760814499999995,,,,2,2023-06-19T16:58:50+00:00
SAO_6035-10,São Paulo,3550308,True,,33981,,,-23.656375875000002,-46.7074965,,,,2,2023-06-19T16:58:46+00:00
SAO_6035-10,São Paulo,3550308,True,,33981,,,-23.67581125,-46.7533895,,,,2,2023-06-19T16:58:37+00:00
SAO_6035-10,São Paulo,3550308,True,,33981,,,-23.66562125,-46.711981249999994,,,,2,2023-06-19T16:58:48+00:00
SAO_6035-10,São Paulo,3550308,True,,33981,,,-23.7201105,-46.756648,,,,2,2023-06-19T16:58:15+00:00
SAO_6035-10,São Paulo,3550308,True,,33981,,,-23.669655,-46.7366765,,,,2,2023-06-19T16:58:20+00:00
SAO_5025-10,São Paulo,3550308,True,,34332,,,-23.5958705,-46.558376499999994,,,,2,2023-06-19T16:58:37+00:00
SAO_5025-10,São Paulo,3550308,True,,34332,,,-23.604314,-46.541224,,,,2,2023-06-19T16:58:46+00:00
SAO_5025-10,São Paulo,3550308,True,,34332,,,-23.604239624999998,-46.57817025,,,,2,2023-06-19T16:58:23+00:00
SAO_5025-10,São Paulo,3550308,True,,34332,,,-23.60857425,-46.54131325,,,,2,2023-06-19T16:58:35+00:00
SAO_208M-10,São Paulo,3550308,True,,2478,,,-23.54531525,-46.6678195,,,,1,2023-06-19T16:58:26+00:00
SAO_208M-10,São Paulo,3550308,True,,2478,,,-23.565214249999997,-46.7010625,,,,1,2023-06-19T16:58:32+00:00
SAO_208M-10,São Paulo,3550308,True,,2478,,,-23.565859,-46.7013775,,,,1,2023-06-19T16:58:08+00:00
SAO_208M-10,São Paulo,3550308,True,,2478,,,-23.517552875,-46.654132812499995,,,,1,2023-06-19T16:58:51+00:00
SAO_208M-10,São Paulo,3550308,True,,2478,,,-23.566066,-46.701753499999995,,,,1,2023-06-19T16:58:42+00:00
SAO_6L01-10,São Paulo,3550308,True,,1171,,,-23.767305999999998,-46.716412,,,,1,2023-06-19T16:58:11+00:00
SAO_6L01-10,São Paulo,3550308,True,,1171,,,-23.7775805,-46.723104,,,,1,2023-06-19T16:58:33+00:00
SAO_6L01-10,São Paulo,3550308,True,,1171,,,-23.86688325,-46.74439125,,,,1,2023-06-19T16:57:51+00:00
SAO_6046-10,São Paulo,3550308,True,,33991,,,-23.6779205,-46.776494,,,,2,2023-06-19T16:58:51+00:00
SAO_6046-10,São Paulo,3550308,True,,33991,,,-23.6843195,-46.781726500000005,,,,2,2023-06-19T16:58:29+00:00
SAO_6046-10,São Paulo,3550308,True,,33991,,,-23.6466035,-46.707544,,,,2,2023-06-19T16:58:20+00:00
SAO_6046-10,São Paulo,3550308,True,,33991,,,-23.65556425,-46.761855749999995,,,,2,2023-06-19T16:58:30+00:00
SAO_2705-10,São Paulo,3550308,True,,33685,,,-23.5420225,-46.471230000000006,,,,2,2023-06-19T16:58:21+00:00
SAO_2705-10,São Paulo,3550308,True,,33685,,,-23.5477585,-46.39354,,,,2,2023-06-19T16:58:11+00:00
SAO_2705-10,São Paulo,3550308,True,,33685,,,-23.545839,-46.393084,,,,2,2023-06-19T16:58:12+00:00
SAO_2705-10,São Paulo,3550308,True,,33685,,,-23.5425175,-46.416505,,,,2,2023-06-19T16:58:37+00:00
SAO_1021-10,São Paulo,3550308,True,,33601,,,-23.444254,-46.712253000000004,,,,2,2023-06-19T16:58:12+00:00
SAO_1021-10,São Paulo,3550308,True,,33601,,,-23.444605250000002,-46.7123045,,,,2,2023-06-19T16:58:12+00:00
SAO_1021-10,São Paulo,3550308,True,,33601,,,-23.4531225,-46.71250175,,,,2,2023-06-19T16:58:12+00:00
SAO_4052-10,São Paulo,3550308,True,,2145,,,-23.542894500000003,-46.416357000000005,,,,1,2023-06-19T16:58:26+00:00
SAO_4052-10,São Paulo,3550308,True,,2145,,,-23.538345,-46.456574,,,,1,2023-06-19T16:58:51+00:00
SAO_372F-10,São Paulo,3550308,True,,1015,,,-23.54634425,-46.60539125,,,,1,2023-06-19T16:58:20+00:00
SAO_875C-1,São Paulo,3550308,True,,35278,,,-23.533620499999998,-46.71865,,,,2,2023-06-19T16:58:11+00:00
SAO_875C-1,São Paulo,3550308,True,,35278,,,-23.535243,-46.7185025,,,,2,2023-06-19T16:58:30+00:00
SAO_875C-1,São Paulo,3550308,True,,35278,,,-23.519925999999998,-46.699962,,,,2,2023-06-19T16:58:16+00:00
SAO_875C-1,São Paulo,3550308,True,,35278,,,-23.52012,-46.6994665,,,,2,2023-06-19T16:58:39+00:00
SAO_875C-1,São Paulo,3550308,True,,35278,,,-23.520992749999998,-46.699836,,,,2,2023-06-19T16:58:47+00:00
SAO_875C-1,São Paulo,3550308,True,,35278,,,-23.602985,-46.66056625,,,,2,2023-06-19T16:58:06+00:00
SAO_875C-1,São Paulo,3550308,True,,35278,,,-23.520992749999998,-46.699836,,,,2,2023-06-19T16:58:48+00:00
SAO_1156-10,São Paulo,3550308,True,,33427,,,-23.49646525,-46.5862415,,,,2,2023-06-19T16:58:37+00:00
SAO_1156-10,São Paulo,3550308,True,,33427,,,-23.487218,-46.568332,,,,2,2023-06-19T16:58:28+00:00
SAO_1156-10,São Paulo,3550308,True,,33427,,,-23.4874285,-46.568459749999995,,,,2,2023-06-19T16:58:25+00:00
SAO_1156-10,São Paulo,3550308,True,,33427,,,-23.486996,-46.568324000000004,,,,2,2023-06-19T16:58:11+00:00
SAO_1156-10,São Paulo,3550308,True,,33427,,,-23.5296555,-46.597301,,,,2,2023-06-19T16:57:02+00:00
SAO_1156-10,São Paulo,3550308,True,,33427,,,-23.486996,-46.568324000000004,,,,2,2023-06-19T16:55:33+00:00
SAO_6051-31,São Paulo,3550308,True,,1606,,,-23.7636685,-46.6919905,,,,1,2023-06-19T16:58:13+00:00
SAO_476G-41,São Paulo,3550308,True,,33880,,,-23.6025425,-46.542728999999994,,,,2,2023-06-19T16:55:22+00:00
SAO_476G-41,São Paulo,3550308,True,,33880,,,-23.585008625,-46.58135874999999,,,,2,2023-06-19T16:58:11+00:00
SAO_1016-10,São Paulo,3550308,True,,33599,,,-23.513872,-46.6160225,,,,2,2023-06-19T16:58:32+00:00
SAO_1016-10,São Paulo,3550308,True,,33599,,,-23.513872,-46.6160225,,,,2,2023-06-19T16:58:15+00:00
SAO_1016-10,São Paulo,3550308,True,,33599,,,-23.469291749999996,-46.610039625,,,,2,2023-06-19T16:58:21+00:00
SAO_1016-10,São Paulo,3550308,True,,33599,,,-23.48756325,-46.6090005,,,,2,2023-06-19T16:57:00+00:00
SAO_1016-10,São Paulo,3550308,True,,33599,,,-23.5080595,-46.615427499999996,,,,2,2023-06-19T16:57:27+00:00
SAO_1016-10,São Paulo,3550308,True,,33599,,,-23.513872,-46.6160225,,,,2,2023-06-19T16:58:24+00:00
SAO_1016-10,São Paulo,3550308,True,,33599,,,-23.4467415,-46.611489000000006,,,,2,2023-06-19T16:58:37+00:00
SAO_1016-10,São Paulo,3550308,True,,33599,,,-23.450763000000002,-46.6076015,,,,2,2023-06-19T16:57:57+00:00
SAO_1016-10,São Paulo,3550308,True,,33599,,,-23.447170749999998,-46.611436999999995,,,,2,2023-06-19T16:58:37+00:00
SAO_3766-10,São Paulo,3550308,True,,33823,,,-23.550804499999998,-46.436499,,,,2,2023-06-19T16:58:33+00:00
SAO_3766-10,São Paulo,3550308,True,,33823,,,-23.55269175,-46.42930925,,,,2,2023-06-19T16:58:17+00:00
SAO_3766-10,São Paulo,3550308,True,,33823,,,-23.553821499999998,-46.428109,,,,2,2023-06-19T16:58:20+00:00
SAO_3766-10,São Paulo,3550308,True,,33823,,,-23.553821499999998,-46.428109,,,,2,2023-06-19T16:58:13+00:00
SAO_3766-10,São Paulo,3550308,True,,33823,,,-23.5390945,-46.4498385,,,,2,2023-06-19T16:58:16+00:00
SAO_877T-10,São Paulo,3550308,True,,1381,,,-23.520663499999998,-46.708611000000005,,,,1,2023-06-19T16:58:21+00:00
SAO_877T-10,São Paulo,3550308,True,,1381,,,-23.529509312499997,-46.668210125,,,,1,2023-06-19T16:58:33+00:00
SAO_877T-10,São Paulo,3550308,True,,1381,,,-23.561358499999997,-46.65667475,,,,1,2023-06-19T16:56:53+00:00
SAO_877T-10,São Paulo,3550308,True,,1381,,,-23.514029999999998,-46.7200785,,,,1,2023-06-19T16:58:31+00:00
SAO_3025-10,São Paulo,3550308,True,,961,,,-23.542544,-46.4158275,,,,1,2023-06-19T16:58:46+00:00
SAO_3025-10,São Paulo,3550308,True,,961,,,-23.57429925,-46.400577999999996,,,,1,2023-06-19T16:58:17+00:00
SAO_3025-10,São Paulo,3550308,True,,961,,,-23.542544,-46.4158275,,,,1,2023-06-19T16:58:12+00:00
SAO_3025-10,São Paulo,3550308,True,,961,,,-23.56427,-46.412958,,,,1,2023-06-19T16:58:36+00:00
SAO_3768-10,São Paulo,3550308,True,,1056,,,-23.539736,-46.4314325,,,,1,2023-06-19T16:58:28+00:00
SAO_3768-10,São Paulo,3550308,True,,1056,,,-23.58505825,-46.3809895,,,,1,2023-06-19T16:56:16+00:00
SAO_118Y-10,São Paulo,3550308,True,,33609,,,-23.472171,-46.63455825,,,,2,2023-06-19T16:58:48+00:00
SAO_118Y-10,São Paulo,3550308,True,,33609,,,-23.472411,-46.634502749999996,,,,2,2023-06-19T16:58:14+00:00
SAO_118Y-10,São Paulo,3550308,True,,33609,,,-23.482122250000003,-46.671637000000004,,,,2,2023-06-19T16:58:19+00:00
SAO_118Y-10,São Paulo,3550308,True,,33609,,,-23.505913125,-46.677111374999996,,,,2,2023-06-19T16:58:20+00:00
SAO_118Y-10,São Paulo,3550308,True,,33609,,,-23.472585000000002,-46.63464675,,,,2,2023-06-19T16:58:43+00:00
SAO_118Y-10,São Paulo,3550308,True,,33609,,,-23.48342025,-46.64924775,,,,2,2023-06-19T16:58:40+00:00
SAO_118Y-10,São Paulo,3550308,True,,33609,,,-23.4824745,-46.66213875,,,,2,2023-06-19T16:58:51+00:00
SAO_2767-10,São Paulo,3550308,True,,33009,,,-23.501902,-46.480152000000004,,,,2,2023-06-19T16:58:51+00:00
SAO_5145-10,São Paulo,3550308,True,,34409,,,-23.5987465,-46.5010965,,,,2,2023-06-19T16:56:40+00:00
SAO_5145-10,São Paulo,3550308,True,,34409,,,-23.585745250000002,-46.588485750000004,,,,2,2023-06-19T16:58:38+00:00
SAO_5145-10,São Paulo,3550308,True,,34409,,,-23.6139405,-46.501206499999995,,,,2,2023-06-19T16:58:28+00:00
SAO_5145-10,São Paulo,3550308,True,,34409,,,-23.557351,-46.634100000000004,,,,2,2023-06-19T16:58:48+00:00
SAO_3729-10,São Paulo,3550308,True,,1026,,,-23.564021500000003,-46.5052175,,,,1,2023-06-19T16:58:28+00:00
SAO_3729-10,São Paulo,3550308,True,,1026,,,-23.5652095,-46.545379999999994,,,,1,2023-06-19T16:58:48+00:00
SAO_3729-10,São Paulo,3550308,True,,1026,,,-23.541921000000002,-46.5669755,,,,1,2023-06-19T16:58:44+00:00
SAO_3729-10,São Paulo,3550308,True,,1026,,,-23.562317,-46.509561,,,,1,2023-06-19T16:58:44+00:00
SAO_3729-10,São Paulo,3550308,True,,1026,,,-23.5592805,-46.5608535,,,,1,2023-06-19T16:58:52+00:00
SAO_3729-10,São Paulo,3550308,True,,1026,,,-23.564021500000003,-46.5052175,,,,1,2023-06-19T16:58:26+00:00
SAO_3729-10,São Paulo,3550308,True,,1026,,,-23.58406475,-46.53424925,,,,1,2023-06-19T16:58:35+00:00
SAO_3729-10,São Paulo,3550308,True,,1026,,,-23.538457,-46.5637265,,,,1,2023-06-19T16:56:13+00:00
SAO_3729-10,São Paulo,3550308,True,,1026,,,-23.57827,-46.51722075,,,,1,2023-06-19T16:58:39+00:00
SAO_3729-10,São Paulo,3550308,True,,1026,,,-23.538428500000002,-46.563574,,,,1,2023-06-19T16:58:11+00:00
SAO_8002-10,São Paulo,3550308,True,,34020,,,-23.4987645,-46.736085,,,,2,2023-06-19T16:58:25+00:00
SAO_2716-10,São Paulo,3550308,True,,33697,,,-23.522699,-46.536208,,,,2,2023-06-19T16:58:48+00:00
SAO_2716-10,São Paulo,3550308,True,,33697,,,-23.508288,-46.53148349999999,,,,2,2023-06-19T16:58:43+00:00
SAO_2716-10,São Paulo,3550308,True,,33697,,,-23.508288,-46.53148349999999,,,,2,2023-06-19T16:58:41+00:00
SAO_2716-10,São Paulo,3550308,True,,33697,,,-23.533289500000002,-46.544641999999996,,,,2,2023-06-19T16:58:49+00:00
SAO_213E-10,São Paulo,3550308,True,,35266,,,-23.542281000000003,-46.589968999999996,,,,2,2023-06-19T16:58:29+00:00
SAO_213E-10,São Paulo,3550308,True,,35266,,,-23.534701,-46.584624000000005,,,,2,2023-06-19T16:57:11+00:00
SAO_213E-10,São Paulo,3550308,True,,35266,,,-23.477741875,-46.564192125,,,,2,2023-06-19T16:58:21+00:00
SAO_6042-21,São Paulo,3550308,True,,1775,,,-23.67380325,-46.7689855,,,,1,2023-06-19T16:58:30+00:00
SAO_819A-10,São Paulo,3550308,True,,33571,,,-23.43828025,-46.749366,,,,2,2023-06-19T16:58:41+00:00
SAO_819A-10,São Paulo,3550308,True,,33571,,,-23.442132625,-46.706932125,,,,2,2023-06-19T16:58:32+00:00
SAO_819A-10,São Paulo,3550308,True,,33571,,,-23.460304999999998,-46.6844615,,,,2,2023-06-19T16:58:41+00:00
SAO_819A-10,São Paulo,3550308,True,,33571,,,-23.4387105,-46.748492,,,,2,2023-06-19T16:58:38+00:00
SAO_819A-10,São Paulo,3550308,True,,33571,,,-23.4547865,-46.7405805,,,,2,2023-06-19T16:58:09+00:00
SAO_9785-10,São Paulo,3550308,True,,828,,,-23.4690915,-46.696009000000004,,,,1,2023-06-19T16:58:45+00:00
SAO_9785-10,São Paulo,3550308,True,,828,,,-23.486042,-46.687625,,,,1,2023-06-19T16:58:36+00:00
SAO_9785-10,São Paulo,3550308,True,,828,,,-23.518650375,-46.673693,,,,1,2023-06-19T16:58:23+00:00
SAO_9785-10,São Paulo,3550308,True,,828,,,-23.4561785,-46.698985,,,,1,2023-06-19T16:58:26+00:00
SAO_5129-41,São Paulo,3550308,True,,1974,,,-23.651643,-46.683439500000006,,,,1,2023-06-19T16:58:44+00:00
SAO_5129-41,São Paulo,3550308,True,,1974,,,-23.6535685,-46.703556,,,,1,2023-06-19T16:58:25+00:00
SAO_702C-10,São Paulo,3550308,True,,33253,,,-23.571505000000002,-46.748618750000006,,,,2,2023-06-19T16:58:13+00:00
SAO_702C-10,São Paulo,3550308,True,,33253,,,-23.5777805,-46.725455499999995,,,,2,2023-06-19T16:58:29+00:00
SAO_702C-10,São Paulo,3550308,True,,33253,,,-23.5656215,-46.751583499999995,,,,2,2023-06-19T16:58:25+00:00
SAO_702C-10,São Paulo,3550308,True,,33253,,,-23.5423565,-46.616277,,,,2,2023-06-19T16:58:42+00:00
SAO_702C-10,São Paulo,3550308,True,,33253,,,-23.571505000000002,-46.748618750000006,,,,2,2023-06-19T16:58:24+00:00
SAO_702C-10,São Paulo,3550308,True,,33253,,,-23.566196500000004,-46.681737999999996,,,,2,2023-06-19T16:58:26+00:00
SAO_702C-10,São Paulo,3550308,True,,33253,,,-23.551489500000002,-46.657047,,,,2,2023-06-19T16:58:55+00:00
SAO_2023-10,São Paulo,3550308,True,,35028,,,-23.4425945,-46.5944195,,,,2,2023-06-19T16:54:22+00:00
SAO_2023-10,São Paulo,3550308,True,,35028,,,-23.398657,-46.577617000000004,,,,2,2023-06-19T16:58:46+00:00
SAO_2023-10,São Paulo,3550308,True,,35028,,,-23.3988855,-46.5776345,,,,2,2023-06-19T16:58:23+00:00
SAO_2023-10,São Paulo,3550308,True,,35028,,,-23.398657,-46.577617000000004,,,,2,2023-06-19T16:56:54+00:00
SAO_2023-10,São Paulo,3550308,True,,35028,,,-23.4796005,-46.607896249999996,,,,2,2023-06-19T16:58:49+00:00
SAO_2030-10,São Paulo,3550308,True,,2264,,,-23.47261175,-46.641650999999996,,,,1,2023-06-19T16:58:47+00:00
SAO_2030-10,São Paulo,3550308,True,,2264,,,-23.499069,-46.6256035,,,,1,2023-06-19T16:58:18+00:00
SAO_4027-41,São Paulo,3550308,True,,2309,,,-23.62393675,-46.4645205,,,,1,2023-06-19T16:58:23+00:00
SAO_121G-10,São Paulo,3550308,True,,33459,,,-23.4810685,-46.603014,,,,2,2023-06-19T16:58:49+00:00
SAO_121G-10,São Paulo,3550308,True,,33459,,,-23.5216375,-46.56288625,,,,2,2023-06-19T16:58:12+00:00
SAO_121G-10,São Paulo,3550308,True,,33459,,,-23.5216375,-46.56288625,,,,2,2023-06-19T16:58:22+00:00
SAO_121G-10,São Paulo,3550308,True,,33459,,,-23.5216375,-46.56288625,,,,2,2023-06-19T16:58:44+00:00
SAO_121G-10,São Paulo,3550308,True,,33459,,,-23.5216375,-46.56288625,,,,2,2023-06-19T16:58:42+00:00
SAO_121G-10,São Paulo,3550308,True,,33459,,,-23.48918175,-46.58442425,,,,2,2023-06-19T16:58:50+00:00
SAO_8050-31,São Paulo,3550308,True,EMTU,415,https://moovitapp.com/index/pt-br/transporte_p%C3%BAblico-line-415-Sao_Paulo-242-2038937-36419472-0,5.0,-23.48879125,-46.767776999999995,,,,1,2023-06-19T16:58:27+00:00
SAO_8050-31,São Paulo,3550308,True,EMTU,415,https://moovitapp.com/index/pt-br/transporte_p%C3%BAblico-line-415-Sao_Paulo-242-2038937-36419472-0,5.0,-23.5196895,-46.702430500000006,,,,1,2023-06-19T16:58:53+00:00
SAO_8062-10,São Paulo,3550308,True,,33188,,,-23.518856,-46.703469,,,,2,2023-06-19T16:58:08+00:00
SAO_6L11-10,São Paulo,3550308,True,,1167,,,-23.736610499999998,-46.696459,,,,1,2023-06-19T16:58:13+00:00
SAO_6L11-10,São Paulo,3550308,True,,1167,,,-23.7665875,-46.651020875,,,,1,2023-06-19T16:58:24+00:00
SAO_3712-51,São Paulo,3550308,True,,2505,,,-23.5449415,-46.4458305,,,,1,2023-06-19T16:58:36+00:00
SAO_3712-51,São Paulo,3550308,True,,2505,,,-23.541867500000002,-46.47029,,,,1,2023-06-19T16:58:34+00:00
SAO_702U-10,São Paulo,3550308,True,,1330,,,-23.552386499999997,-46.7320775,,,,1,2023-06-19T16:58:35+00:00
SAO_702U-10,São Paulo,3550308,True,,1330,,,-23.547296000000003,-46.6466705,,,,1,2023-06-19T16:58:17+00:00
SAO_702U-10,São Paulo,3550308,True,,1330,,,-23.546689999999998,-46.6307695,,,,1,2023-06-19T16:58:30+00:00
SAO_702U-10,São Paulo,3550308,True,,1330,,,-23.572586,-46.704449499999996,,,,1,2023-06-19T16:58:17+00:00
SAO_5757-51,São Paulo,3550308,True,,1976,,,-23.7079895,-46.641386499999996,,,,1,2023-06-19T16:58:30+00:00
SAO_5757-51,São Paulo,3550308,True,,1976,,,-23.660761,-46.6517025,,,,1,2023-06-19T16:58:44+00:00
SAO_5757-51,São Paulo,3550308,True,,1976,,,-23.698475,-46.647864999999996,,,,1,2023-06-19T16:58:33+00:00
SAO_1036-10,São Paulo,3550308,True,,35221,,,-23.447803999999998,-46.708335,,,,2,2023-06-19T16:58:20+00:00
SAO_1036-10,São Paulo,3550308,True,,35221,,,-23.474788,-46.714447500000006,,,,2,2023-06-19T16:58:33+00:00
SAO_1036-10,São Paulo,3550308,True,,35221,,,-23.462583,-46.7142575,,,,2,2023-06-19T16:58:20+00:00
SAO_1036-10,São Paulo,3550308,True,,35221,,,-23.4451665,-46.71137275,,,,2,2023-06-19T16:58:26+00:00
SAO_1036-10,São Paulo,3550308,True,,35221,,,-23.447865999999998,-46.708386,,,,2,2023-06-19T16:58:48+00:00
SAO_546J-31,São Paulo,3550308,True,,34783,,,-23.68778,-46.65928825,,,,2,2023-06-19T16:58:50+00:00
SAO_546J-31,São Paulo,3550308,True,,34783,,,-23.675676,-46.66063125,,,,2,2023-06-19T16:58:26+00:00
SAO_546J-31,São Paulo,3550308,True,,34783,,,-23.68778,-46.65928825,,,,2,2023-06-19T16:58:27+00:00
SAO_546J-31,São Paulo,3550308,True,,34783,,,-23.657738,-46.701657125,,,,2,2023-06-19T16:58:35+00:00
SAO_546J-31,São Paulo,3550308,True,,34783,,,-23.692901,-46.660759999999996,,,,2,2023-06-19T16:58:30+00:00
SAO_139A-10,São Paulo,3550308,True,,35219,,,-23.486026000000003,-46.710671500000004,,,,2,2023-06-19T16:58:37+00:00
SAO_139A-10,São Paulo,3550308,True,,35219,,,-23.490517500000003,-46.703740999999994,,,,2,2023-06-19T16:58:17+00:00
SAO_3725-41,São Paulo,3550308,True,,34299,,,-23.5327405,-46.530938500000005,,,,2,2023-06-19T16:58:40+00:00
SAO_2756-10,São Paulo,3550308,True,,33006,,,-23.544105000000002,-46.39120475,,,,2,2023-06-19T16:58:17+00:00
SAO_2756-10,São Paulo,3550308,True,,33006,,,-23.510923,-46.490182250000004,,,,2,2023-06-19T16:55:56+00:00
SAO_2756-10,São Paulo,3550308,True,,33006,,,-23.511377500000002,-46.420735,,,,2,2023-06-19T16:58:36+00:00
SAO_2756-10,São Paulo,3550308,True,,33006,,,-23.5097605,-46.422299499999994,,,,2,2023-06-19T16:58:16+00:00
SAO_2756-10,São Paulo,3550308,True,,33006,,,-23.5444265,-46.390927,,,,2,2023-06-19T16:58:46+00:00
SAO_8078-10,São Paulo,3550308,True,,34848,,,-23.625434499999997,-46.7480455,,,,2,2023-06-19T16:58:48+00:00
SAO_8078-10,São Paulo,3550308,True,,34848,,,-23.6224345,-46.747095,,,,2,2023-06-19T16:58:12+00:00
SAO_8078-10,São Paulo,3550308,True,,34848,,,-23.625424,-46.748162,,,,2,2023-06-19T16:58:29+00:00
SAO_8078-10,São Paulo,3550308,True,,34848,,,-23.63480025,-46.75890875,,,,2,2023-06-19T16:58:50+00:00
SAO_8078-10,São Paulo,3550308,True,,34848,,,-23.6490475,-46.75053,,,,2,2023-06-19T16:58:40+00:00
SAO_3795-10,São Paulo,3550308,True,,33841,,,-23.563723500000002,-46.4169715,,,,2,2023-06-19T16:58:49+00:00
SAO_6083-10,São Paulo,3550308,True,,34501,,,-23.7533675,-46.669934,,,,2,2023-06-19T16:58:44+00:00
SAO_6083-10,São Paulo,3550308,True,,34501,,,-23.745497,-46.68922375,,,,2,2023-06-19T16:58:12+00:00
SAO_6083-10,São Paulo,3550308,True,,34501,,,-23.753360999999998,-46.6700625,,,,2,2023-06-19T16:58:38+00:00
SAO_6083-10,São Paulo,3550308,True,,34501,,,-23.7532605,-46.670314,,,,2,2023-06-19T16:58:24+00:00
SAO_209P-1,São Paulo,3550308,True,,2301,,,-23.565214249999997,-46.7010625,,,,1,2023-06-19T16:58:40+00:00
SAO_209P-1,São Paulo,3550308,True,,2301,,,-23.541037375000002,-46.676061499999996,,,,1,2023-06-19T16:58:54+00:00
SAO_209P-1,São Paulo,3550308,True,,2301,,,-23.46998575,-46.670573000000005,,,,1,2023-06-19T16:58:28+00:00
SAO_209P-1,São Paulo,3550308,True,,2301,,,-23.46998575,-46.670573000000005,,,,1,2023-06-19T16:58:37+00:00
SAO_209P-1,São Paulo,3550308,True,,2301,,,-23.492459500000002,-46.685497,,,,1,2023-06-19T16:58:40+00:00
SAO_809R-10,São Paulo,3550308,True,,34835,,,-23.581757500000002,-46.7601035,,,,2,2023-06-19T16:58:34+00:00
SAO_809R-10,São Paulo,3550308,True,,34835,,,-23.5820035,-46.760101,,,,2,2023-06-19T16:58:18+00:00
SAO_809R-10,São Paulo,3550308,True,,34835,,,-23.56950575,-46.70026125,,,,2,2023-06-19T16:58:14+00:00
SAO_2004-10,São Paulo,3550308,True,,892,,,-23.519621,-46.383444499999996,,,,1,2023-06-19T16:58:16+00:00
SAO_2004-10,São Paulo,3550308,True,,892,,,-23.5416465,-46.416104000000004,,,,1,2023-06-19T16:58:37+00:00
SAO_2004-10,São Paulo,3550308,True,,892,,,-23.53283825,-46.398762500000004,,,,1,2023-06-19T16:57:25+00:00
SAO_172Y-10,São Paulo,3550308,True,,33630,,,-23.54150475,-46.591184,,,,2,2023-06-19T16:58:18+00:00
SAO_172Y-10,São Paulo,3550308,True,,33630,,,-23.478828,-46.583487,,,,2,2023-06-19T16:58:22+00:00
SAO_172Y-10,São Paulo,3550308,True,,33630,,,-23.529298,-46.598245000000006,,,,2,2023-06-19T16:56:10+00:00
SAO_172Y-10,São Paulo,3550308,True,,33630,,,-23.49956,-46.587948,,,,2,2023-06-19T16:58:53+00:00
SAO_172Y-10,São Paulo,3550308,True,,33630,,,-23.47473425,-46.58000975,,,,2,2023-06-19T16:58:09+00:00
SAO_172Y-10,São Paulo,3550308,True,,33630,,,-23.47473425,-46.58000975,,,,2,2023-06-19T16:57:46+00:00
SAO_7053-10,São Paulo,3550308,True,,1887,,,-23.631258,-46.773112999999995,,,,1,2023-06-19T16:58:51+00:00
SAO_7053-10,São Paulo,3550308,True,,1887,,,-23.653617500000003,-46.79099175,,,,1,2023-06-19T16:58:20+00:00
SAO_7053-10,São Paulo,3550308,True,,1887,,,-23.6401465,-46.78067,,,,1,2023-06-19T16:58:16+00:00
SAO_1020-10,São Paulo,3550308,True,,35265,,,-23.410570999999997,-46.7636235,,,,2,2023-06-19T16:58:22+00:00
SAO_1020-10,São Paulo,3550308,True,,35265,,,-23.404953,-46.744240250000004,,,,2,2023-06-19T16:58:49+00:00
SAO_1020-10,São Paulo,3550308,True,,35265,,,-23.481229,-46.723877,,,,2,2023-06-19T16:58:11+00:00
SAO_1020-10,São Paulo,3550308,True,,35265,,,-23.4106675,-46.763892,,,,2,2023-06-19T16:58:12+00:00
SAO_1020-10,São Paulo,3550308,True,,35265,,,-23.4106675,-46.763892,,,,2,2023-06-19T16:58:21+00:00
SAO_1020-10,São Paulo,3550308,True,,35265,,,-23.4234875,-46.72467125,,,,2,2023-06-19T16:58:20+00:00
SAO_5702-10,São Paulo,3550308,True,,1137,,,-23.698729999999998,-46.6457525,,,,1,2023-06-19T16:58:34+00:00
SAO_5702-10,São Paulo,3550308,True,,1137,,,-23.647312,-46.6394375,,,,1,2023-06-19T16:58:53+00:00
SAO_5702-10,São Paulo,3550308,True,,1137,,,-23.6727275,-46.6436485,,,,1,2023-06-19T16:58:13+00:00
SAO_5702-10,São Paulo,3550308,True,,1137,,,-23.6472555,-46.640461,,,,1,2023-06-19T16:58:44+00:00
SAO_5702-10,São Paulo,3550308,True,,1137,,,-23.698729999999998,-46.6457525,,,,1,2023-06-19T16:58:51+00:00
SAO_5702-10,São Paulo,3550308,True,,1137,,,-23.698729999999998,-46.6457525,,,,1,2023-06-19T16:58:26+00:00
SAO_5702-10,São Paulo,3550308,True,,1137,,,-23.698729999999998,-46.6457525,,,,1,2023-06-19T16:58:41+00:00
SAO_1741-10,São Paulo,3550308,True,,539,,,-23.464032,-46.662706,,,,1,2023-06-19T16:58:27+00:00
SAO_1741-10,São Paulo,3550308,True,,539,,,-23.503125,-46.6245765,,,,1,2023-06-19T16:58:27+00:00
SAO_1741-10,São Paulo,3550308,True,,539,,,-23.496043999999998,-46.632425,,,,1,2023-06-19T16:58:34+00:00
SAO_1741-10,São Paulo,3550308,True,,539,,,-23.4639165,-46.663722,,,,1,2023-06-19T16:58:09+00:00
SAO_1741-10,São Paulo,3550308,True,,539,,,-23.469577,-46.6586175,,,,1,2023-06-19T16:58:33+00:00
SAO_5033-10,São Paulo,3550308,True,,34433,,,-23.6246345,-46.6197035,,,,2,2023-06-19T16:58:46+00:00
SAO_5033-10,São Paulo,3550308,True,,34433,,,-23.60328075,-46.602380499999995,,,,2,2023-06-19T16:58:12+00:00
SAO_3024-10,São Paulo,3550308,True,,33045,,,-23.6092545,-46.5288495,,,,2,2023-06-19T16:58:12+00:00
SAO_3024-10,São Paulo,3550308,True,,33045,,,-23.609136999999997,-46.528772000000004,,,,2,2023-06-19T16:58:28+00:00
SAO_3024-10,São Paulo,3550308,True,,33045,,,-23.584640999999998,-46.5839455,,,,2,2023-06-19T16:58:50+00:00
SAO_3024-10,São Paulo,3550308,True,,33045,,,-23.596176,-46.5426185,,,,2,2023-06-19T16:55:41+00:00
SAO_9051-10,São Paulo,3550308,True,,2089,,,-23.521696499999997,-46.700765000000004,,,,1,2023-06-19T16:58:11+00:00
SAO_9051-10,São Paulo,3550308,True,,2089,,,-23.523079625,-46.702978125,,,,1,2023-06-19T16:58:41+00:00
SAO_9051-10,São Paulo,3550308,True,,2089,,,-23.565859,-46.7013775,,,,1,2023-06-19T16:58:40+00:00
SAO_9051-10,São Paulo,3550308,True,,2089,,,-23.5658305,-46.701625500000006,,,,1,2023-06-19T16:58:40+00:00
SAO_6035-21,São Paulo,3550308,True,,34563,,,-23.720201000000003,-46.75602,,,,2,2023-06-19T16:58:44+00:00
SAO_6035-21,São Paulo,3550308,True,,34563,,,-23.685458,-46.749157999999994,,,,2,2023-06-19T16:58:22+00:00
SAO_6035-21,São Paulo,3550308,True,,34563,,,-23.7214715,-46.77045075,,,,2,2023-06-19T16:58:23+00:00
SAO_6035-21,São Paulo,3550308,True,,34563,,,-23.667486,-46.7354975,,,,2,2023-06-19T16:58:12+00:00
SAO_8007-10,São Paulo,3550308,True,,1257,,,-23.4754055,-46.7569235,,,,1,2023-06-19T16:58:15+00:00
SAO_8007-10,São Paulo,3550308,True,,1257,,,-23.486492,-46.725708499999996,,,,1,2023-06-19T16:58:37+00:00
SAO_1771-10,São Paulo,3550308,True,,634,,,-23.4865515,-46.6189555,,,,1,2023-06-19T16:58:50+00:00
SAO_1771-10,São Paulo,3550308,True,,634,,,-23.4546075,-46.589552,,,,1,2023-06-19T16:58:10+00:00
SAO_1771-10,São Paulo,3550308,True,,634,,,-23.502432499999998,-46.6235935,,,,1,2023-06-19T16:58:53+00:00
SAO_1771-10,São Paulo,3550308,True,,634,,,-23.430882500000003,-46.574838,,,,1,2023-06-19T16:58:18+00:00
SAO_8594-10,São Paulo,3550308,True,EMTU,432,https://moovitapp.com/index/pt-br/transporte_p%C3%BAblico-line-432-Sao_Paulo-242-2038937-36419486-0,4.8,-23.48899,-46.7106455,,,,1,2023-06-19T16:58:10+00:00
SAO_8594-10,São Paulo,3550308,True,EMTU,432,https://moovitapp.com/index/pt-br/transporte_p%C3%BAblico-line-432-Sao_Paulo-242-2038937-36419486-0,4.8,-23.5250385,-46.683922,,,,1,2023-06-19T16:58:54+00:00
SAO_8594-10,São Paulo,3550308,True,EMTU,432,https://moovitapp.com/index/pt-br/transporte_p%C3%BAblico-line-432-Sao_Paulo-242-2038937-36419486-0,4.8,-23.4758445,-46.7238615,,,,1,2023-06-19T16:58:20+00:00
SAO_8594-10,São Paulo,3550308,True,EMTU,432,https://moovitapp.com/index/pt-br/transporte_p%C3%BAblico-line-432-Sao_Paulo-242-2038937-36419486-0,4.8,-23.4512005,-46.7459975,,,,1,2023-06-19T16:58:53+00:00
SAO_8594-10,São Paulo,3550308,True,EMTU,432,https://moovitapp.com/index/pt-br/transporte_p%C3%BAblico-line-432-Sao_Paulo-242-2038937-36419486-0,4.8,-23.449678499999997,-46.735027,,,,1,2023-06-19T16:58:19+00:00
SAO_8009-10,São Paulo,3550308,True,,1259,,,-23.4385775,-46.74957,,,,1,2023-06-19T16:58:22+00:00
SAO_4724-10,São Paulo,3550308,True,,2060,,,-23.538845000000002,-46.497418,,,,1,2023-06-19T16:58:15+00:00
SAO_4724-10,São Paulo,3550308,True,,2060,,,-23.5312595,-46.502293,,,,1,2023-06-19T16:58:51+00:00
SAO_407A-10,São Paulo,3550308,True,,2194,,,-23.539786,-46.610667,,,,1,2023-06-19T16:58:40+00:00
SAO_407A-10,São Paulo,3550308,True,,2194,,,-23.56734275,-46.542404499999996,,,,1,2023-06-19T16:58:45+00:00
SAO_407A-10,São Paulo,3550308,True,,2194,,,-23.554279,-46.578238,,,,1,2023-06-19T16:58:14+00:00
SAO_407A-10,São Paulo,3550308,True,,2194,,,-23.585039000000002,-46.524774,,,,1,2023-06-19T16:58:44+00:00
SAO_2722-31,São Paulo,3550308,True,,33704,,,-23.5068585,-46.494322499999996,,,,2,2023-06-19T16:58:10+00:00
SAO_2722-31,São Paulo,3550308,True,,33704,,,-23.52391025,-46.516042500000005,,,,2,2023-06-19T16:58:45+00:00
SAO_2722-31,São Paulo,3550308,True,,33704,,,-23.4828805,-46.492395,,,,2,2023-06-19T16:58:52+00:00
SAO_2780-10,São Paulo,3550308,True,,33167,,,-23.5082065,-46.372476,,,,2,2023-06-19T16:58:20+00:00
SAO_2780-10,São Paulo,3550308,True,,33167,,,-23.5279305,-46.447353,,,,2,2023-06-19T16:58:28+00:00
SAO_2780-10,São Paulo,3550308,True,,33167,,,-23.5082065,-46.372476,,,,2,2023-06-19T16:58:29+00:00
SAO_2780-10,São Paulo,3550308,True,,33167,,,-23.4943015,-46.415208500000006,,,,2,2023-06-19T16:58:44+00:00
SAO_2780-10,São Paulo,3550308,True,,33167,,,-23.507917499999998,-46.372036,,,,2,2023-06-19T16:58:36+00:00
SAO_938P-10,São Paulo,3550308,True,,33656,,,-23.462844,-46.6814335,,,,2,2023-06-19T16:58:54+00:00
SAO_938P-10,São Paulo,3550308,True,,33656,,,-23.515397999999998,-46.694567375000005,,,,2,2023-06-19T16:58:34+00:00
SAO_938P-10,São Paulo,3550308,True,,33656,,,-23.480252999999998,-46.6863405,,,,2,2023-06-19T16:58:31+00:00
SAO_938P-10,São Paulo,3550308,True,,33656,,,-23.462844,-46.6814335,,,,2,2023-06-19T16:58:40+00:00
SAO_938P-10,São Paulo,3550308,True,,33656,,,-23.462844,-46.6814335,,,,2,2023-06-19T16:58:18+00:00
SAO_938P-10,São Paulo,3550308,True,,33656,,,-23.5268475,-46.681755249999995,,,,2,2023-06-19T16:58:11+00:00
SAO_938P-10,São Paulo,3550308,True,,33656,,,-23.463069,-46.6814145,,,,2,2023-06-19T16:58:36+00:00
SAO_5752-10,São Paulo,3550308,True,,1287,,,-23.640658124999998,-46.6434845,,,,1,2023-06-19T16:58:35+00:00
SAO_5752-10,São Paulo,3550308,True,,1287,,,-23.6887665,-46.6485045,,,,1,2023-06-19T16:56:12+00:00
SAO_5752-10,São Paulo,3550308,True,,1287,,,-23.6908765,-46.650728,,,,1,2023-06-19T16:58:38+00:00
SAO_5752-10,São Paulo,3550308,True,,1287,,,-23.686449,-46.6478555,,,,1,2023-06-19T16:56:34+00:00
SAO_5752-10,São Paulo,3550308,True,,1287,,,-23.6908765,-46.650728,,,,1,2023-06-19T16:58:33+00:00
SAO_5752-10,São Paulo,3550308,True,,1287,,,-23.672443,-46.66454,,,,1,2023-06-19T16:58:53+00:00
SAO_5752-10,São Paulo,3550308,True,,1287,,,-23.654431250000002,-46.648726749999994,,,,1,2023-06-19T16:58:36+00:00
SAO_5752-10,São Paulo,3550308,True,,1287,,,-23.6574775,-46.65472200000001,,,,1,2023-06-19T16:58:46+00:00
SAO_5752-10,São Paulo,3550308,True,,1287,,,-23.670164874999998,-46.66654749999999,,,,1,2023-06-19T16:57:44+00:00
SAO_5752-10,São Paulo,3550308,True,,1287,,,-23.6908765,-46.650728,,,,1,2023-06-19T16:58:43+00:00
SAO_5752-10,São Paulo,3550308,True,,1287,,,-23.660807,-46.664107,,,,1,2023-06-19T16:58:11+00:00
SAO_6084-10,São Paulo,3550308,True,,1169,,,-23.769968,-46.681547,,,,1,2023-06-19T16:58:40+00:00
SAO_6084-10,São Paulo,3550308,True,,1169,,,-23.7812805,-46.67209375,,,,1,2023-06-19T16:58:26+00:00
SAO_6823-10,São Paulo,3550308,True,,34,,,-23.690268500000002,-46.78884600000001,,,,1,2023-06-19T16:58:41+00:00
SAO_6823-10,São Paulo,3550308,True,,34,,,-23.654274,-46.7625595,,,,1,2023-06-19T16:58:48+00:00
SAO_5759-10,São Paulo,3550308,True,,33906,,,-23.6948495,-46.64830975,,,,2,2023-06-19T16:58:29+00:00
SAO_5759-10,São Paulo,3550308,True,,33906,,,-23.6774235,-46.65841775,,,,2,2023-06-19T16:57:02+00:00
SAO_5759-10,São Paulo,3550308,True,,33906,,,-23.6949545,-46.64853925,,,,2,2023-06-19T16:58:53+00:00
SAO_5759-10,São Paulo,3550308,True,,33906,,,-23.6948495,-46.64830975,,,,2,2023-06-19T16:58:40+00:00
SAO_5759-10,São Paulo,3550308,True,,33906,,,-23.6948495,-46.64830975,,,,2,2023-06-19T16:58:40+00:00
SAO_5759-10,São Paulo,3550308,True,,33906,,,-23.659723,-46.6626975,,,,2,2023-06-19T16:58:27+00:00
SAO_909T-10,São Paulo,3550308,True,,35024,,,-23.565896,-46.7011235,,,,2,2023-06-19T16:58:36+00:00
SAO_909T-10,São Paulo,3550308,True,,35024,,,-23.565859,-46.7013775,,,,2,2023-06-19T16:58:15+00:00
SAO_909T-10,São Paulo,3550308,True,,35024,,,-23.540918124999997,-46.62894375,,,,2,2023-06-19T16:58:33+00:00
SAO_9018-10,São Paulo,3550308,True,,34039,,,-23.481922,-46.717346000000006,,,,2,2023-06-19T16:58:23+00:00
SAO_9018-10,São Paulo,3550308,True,,34039,,,-23.470406500000003,-46.721548999999996,,,,2,2023-06-19T16:58:52+00:00
SAO_9018-10,São Paulo,3550308,True,,34039,,,-23.470406500000003,-46.721548999999996,,,,2,2023-06-19T16:58:50+00:00
SAO_9018-10,São Paulo,3550308,True,,34039,,,-23.486429,-46.726637,,,,2,2023-06-19T16:58:31+00:00
SAO_1730-10,São Paulo,3550308,True,,865,,,-23.502214000000002,-46.6235875,,,,1,2023-06-19T16:58:44+00:00
SAO_5034-31,São Paulo,3550308,True,,1664,,,-23.602796499999997,-46.603177,,,,1,2023-06-19T16:58:16+00:00
SAO_5034-31,São Paulo,3550308,True,,1664,,,-23.603487,-46.603455999999994,,,,1,2023-06-19T16:58:47+00:00
SAO_5034-31,São Paulo,3550308,True,,1664,,,-23.605019,-46.599752499999994,,,,1,2023-06-19T16:58:21+00:00
SAO_5034-31,São Paulo,3550308,True,,1664,,,-23.6029265,-46.603229,,,,1,2023-06-19T16:58:38+00:00
SAO_5034-31,São Paulo,3550308,True,,1664,,,-23.64095475,-46.589801,,,,1,2023-06-19T16:58:37+00:00
SAO_1785-10,São Paulo,3550308,True,,34584,,,-23.477968500000003,-46.622819,,,,2,2023-06-19T16:58:15+00:00
SAO_1785-10,São Paulo,3550308,True,,34584,,,-23.4783325,-46.623037499999995,,,,2,2023-06-19T16:57:52+00:00
SAO_1785-10,São Paulo,3550308,True,,34584,,,-23.478056000000002,-46.6228885,,,,2,2023-06-19T16:58:21+00:00
SAO_4491-10,São Paulo,3550308,True,EMTU,327,https://moovitapp.com/index/pt-br/transporte_p%C3%BAblico-line-327-Sao_Paulo-242-2038937-36419415-0,5.35,-23.603533750000004,-46.62542325,,,,1,2023-06-19T16:58:15+00:00
SAO_4491-10,São Paulo,3550308,True,EMTU,327,https://moovitapp.com/index/pt-br/transporte_p%C3%BAblico-line-327-Sao_Paulo-242-2038937-36419415-0,5.35,-23.653986,-46.613038,,,,1,2023-06-19T16:58:53+00:00
SAO_4491-10,São Paulo,3550308,True,EMTU,327,https://moovitapp.com/index/pt-br/transporte_p%C3%BAblico-line-327-Sao_Paulo-242-2038937-36419415-0,5.35,-23.5717595,-46.610889125,,,,1,2023-06-19T16:58:22+00:00
SAO_208V-10,São Paulo,3550308,True,Rápido Campinas,207,https://moovitapp.com/index/pt-br/transporte_p%C3%BAblico-line-207-Sao_Paulo-242-858660-638984-0,5.3,-23.537415000000003,-46.5954745,,,,1,2023-06-19T16:58:34+00:00
SAO_208V-10,São Paulo,3550308,True,Rápido Campinas,207,https://moovitapp.com/index/pt-br/transporte_p%C3%BAblico-line-207-Sao_Paulo-242-858660-638984-0,5.3,-23.520746000000003,-46.5474845,,,,1,2023-06-19T16:58:24+00:00
SAO_208V-10,São Paulo,3550308,True,Rápido Campinas,207,https://moovitapp.com/index/pt-br/transporte_p%C3%BAblico-line-207-Sao_Paulo-242-858660-638984-0,5.3,-23.515442999999998,-46.485403,,,,1,2023-06-19T16:58:41+00:00
SAO_7059-10,São Paulo,3550308,True,,1924,,,-23.66724675,-46.784361,,,,1,2023-06-19T16:58:52+00:00
SAO_211V-10,São Paulo,3550308,True,EMTU,154,https://moovitapp.com/index/pt-br/transporte_p%C3%BAblico-line-154-Sao_Paulo-242-2038937-36419300-0,6.8,-23.495269,-46.497088000000005,,,,1,2023-06-19T16:58:45+00:00
SAO_1760-10,São Paulo,3550308,True,EMTU,557,https://moovitapp.com/index/pt-br/transporte_p%C3%BAblico-line-557-Sao_Paulo-242-2038937-36419558-0,6.2,-23.4708995,-46.6523345,,,,1,2023-06-19T16:58:37+00:00
SAO_1760-10,São Paulo,3550308,True,EMTU,557,https://moovitapp.com/index/pt-br/transporte_p%C3%BAblico-line-557-Sao_Paulo-242-2038937-36419558-0,6.2,-23.456333,-46.659075,,,,1,2023-06-19T16:58:27+00:00
SAO_1760-10,São Paulo,3550308,True,EMTU,557,https://moovitapp.com/index/pt-br/transporte_p%C3%BAblico-line-557-Sao_Paulo-242-2038937-36419558-0,6.2,-23.496348500000003,-46.629380499999996,,,,1,2023-06-19T16:58:52+00:00
SAO_719P-10,São Paulo,3550308,True,,34140,,,-23.5658305,-46.701625500000006,,,,2,2023-06-19T16:58:13+00:00
SAO_719P-10,São Paulo,3550308,True,,34140,,,-23.545858,-46.657773000000006,,,,2,2023-06-19T16:58:11+00:00
SAO_647A-10,São Paulo,3550308,True,,1315,,,-23.56998325,-46.691308250000006,,,,1,2023-06-19T16:58:51+00:00
SAO_647A-10,São Paulo,3550308,True,,1315,,,-23.646507,-46.7565635,,,,1,2023-06-19T16:58:39+00:00
SAO_647A-10,São Paulo,3550308,True,,1315,,,-23.679752999999998,-46.783211,,,,1,2023-06-19T16:58:33+00:00
SAO_647A-10,São Paulo,3550308,True,,1315,,,-23.5656265,-46.69294549999999,,,,1,2023-06-19T16:58:50+00:00
SAO_647A-10,São Paulo,3550308,True,,1315,,,-23.60111725,-46.716722250000004,,,,1,2023-06-19T16:58:17+00:00
SAO_647A-10,São Paulo,3550308,True,,1315,,,-23.63488975,-46.7370035,,,,1,2023-06-19T16:58:48+00:00
SAO_647A-10,São Paulo,3550308,True,,1315,,,-23.6945095,-46.7940355,,,,1,2023-06-19T16:58:26+00:00
SAO_2023-10,São Paulo,3550308,True,,2260,,,-23.479325000000003,-46.609796,,,,1,2023-06-19T16:58:49+00:00
SAO_2023-10,São Paulo,3550308,True,,2260,,,-23.4150265,-46.583717,,,,1,2023-06-19T16:58:49+00:00
SAO_2709-10,São Paulo,3550308,True,,922,,,-23.529494999999997,-46.48419575,,,,1,2023-06-19T16:57:22+00:00
SAO_938P-10,São Paulo,3550308,True,,888,,,-23.526591000000003,-46.668301,,,,1,2023-06-19T16:58:15+00:00
SAO_938P-10,São Paulo,3550308,True,,888,,,-23.462593499999997,-46.6814735,,,,1,2023-06-19T16:58:46+00:00
SAO_938P-10,São Paulo,3550308,True,,888,,,-23.4745875,-46.684399,,,,1,2023-06-19T16:58:47+00:00
SAO_938P-10,São Paulo,3550308,True,,888,,,-23.52059125,-46.701955375,,,,1,2023-06-19T16:58:34+00:00
SAO_938P-10,São Paulo,3550308,True,,888,,,-23.462593499999997,-46.6814735,,,,1,2023-06-19T16:58:42+00:00
SAO_938P-10,São Paulo,3550308,True,,888,,,-23.5008275,-46.687101,,,,1,2023-06-19T16:58:40+00:00
SAO_3063-10,São Paulo,3550308,True,,33021,,,-23.595814750000002,-46.43762475,,,,2,2023-06-19T16:58:32+00:00
SAO_3063-10,São Paulo,3550308,True,,33021,,,-23.557927,-46.399613,,,,2,2023-06-19T16:58:16+00:00
SAO_3063-10,São Paulo,3550308,True,,33021,,,-23.558238,-46.399558999999996,,,,2,2023-06-19T16:58:43+00:00
SAO_3063-10,São Paulo,3550308,True,,33021,,,-23.558082,-46.3995945,,,,2,2023-06-19T16:58:06+00:00
SAO_3063-10,São Paulo,3550308,True,,33021,,,-23.613538,-46.476616,,,,2,2023-06-19T16:58:35+00:00
SAO_3063-10,São Paulo,3550308,True,,33021,,,-23.542816000000002,-46.41439175,,,,2,2023-06-19T16:58:16+00:00
SAO_9500-10,São Paulo,3550308,True,EMTU,461,https://moovitapp.com/index/pt-br/transporte_p%C3%BAblico-line-461-Sao_Paulo-242-2038937-36419501-0,5.1,-23.479428,-46.6726635,,,,1,2023-06-19T16:58:19+00:00
SAO_9500-10,São Paulo,3550308,True,EMTU,461,https://moovitapp.com/index/pt-br/transporte_p%C3%BAblico-line-461-Sao_Paulo-242-2038937-36419501-0,5.1,-23.536755,-46.64237325,,,,1,2023-06-19T16:58:33+00:00
SAO_9500-10,São Paulo,3550308,True,EMTU,461,https://moovitapp.com/index/pt-br/transporte_p%C3%BAblico-line-461-Sao_Paulo-242-2038937-36419501-0,5.1,-23.50622625,-46.67333725,,,,1,2023-06-19T16:58:15+00:00
SAO_9500-10,São Paulo,3550308,True,EMTU,461,https://moovitapp.com/index/pt-br/transporte_p%C3%BAblico-line-461-Sao_Paulo-242-2038937-36419501-0,5.1,-23.542425,-46.6356045,,,,1,2023-06-19T16:58:38+00:00
SAO_6076-10,São Paulo,3550308,True,,1165,,,-23.665916000000003,-46.711774500000004,,,,1,2023-06-19T16:58:23+00:00
SAO_6076-10,São Paulo,3550308,True,,1165,,,-23.653924375,-46.71180125000001,,,,1,2023-06-19T16:58:41+00:00
SAO_6076-10,São Paulo,3550308,True,,1165,,,-23.722519,-46.69157,,,,1,2023-06-19T16:58:43+00:00
SAO_6076-10,São Paulo,3550308,True,,1165,,,-23.690565,-46.701522999999995,,,,1,2023-06-19T16:58:39+00:00
SAO_6076-10,São Paulo,3550308,True,,1165,,,-23.734894250000004,-46.6819525,,,,1,2023-06-19T16:58:39+00:00
SAO_4112-10,São Paulo,3550308,True,,33535,,,-23.558581874999998,-46.63291125,,,,2,2023-06-19T16:58:22+00:00
SAO_4112-10,São Paulo,3550308,True,,33535,,,-23.54337975,-46.643962,,,,2,2023-06-19T16:58:22+00:00
SAO_4112-10,São Paulo,3550308,True,,33535,,,-23.5805325,-46.625972000000004,,,,2,2023-06-19T16:58:25+00:00
SAO_4112-10,São Paulo,3550308,True,,33535,,,-23.5805325,-46.625972000000004,,,,2,2023-06-19T16:58:11+00:00
SAO_4112-10,São Paulo,3550308,True,,33535,,,-23.580711,-46.626012,,,,2,2023-06-19T16:58:56+00:00
SAO_2017-10,São Paulo,3550308,True,,33671,,,-23.51918,-46.412904,,,,2,2023-06-19T16:58:42+00:00
SAO_2017-10,São Paulo,3550308,True,,33671,,,-23.51882525,-46.413051249999995,,,,2,2023-06-19T16:57:28+00:00
SAO_2017-10,São Paulo,3550308,True,,33671,,,-23.499538,-46.4151365,,,,2,2023-06-19T16:58:51+00:00
SAO_2756-10,São Paulo,3550308,True,EMTU,238,https://moovitapp.com/index/pt-br/transporte_p%C3%BAblico-line-238-Sao_Paulo-242-2038937-36419351-0,4.85,-23.5148775,-46.48932225,,,,1,2023-06-19T16:56:22+00:00
SAO_2756-10,São Paulo,3550308,True,EMTU,238,https://moovitapp.com/index/pt-br/transporte_p%C3%BAblico-line-238-Sao_Paulo-242-2038937-36419351-0,4.85,-23.535845000000002,-46.40266475,,,,1,2023-06-19T16:58:42+00:00
SAO_709M-10,São Paulo,3550308,True,,35230,,,-23.5926915,-46.6892595,,,,2,2023-06-19T16:58:33+00:00
SAO_709M-10,São Paulo,3550308,True,,35230,,,-23.612644250000002,-46.6956455,,,,2,2023-06-19T16:58:55+00:00
SAO_709M-10,São Paulo,3550308,True,,35230,,,-23.569531375,-46.691846375,,,,2,2023-06-19T16:58:34+00:00
SAO_709M-10,São Paulo,3550308,True,,35230,,,-23.646549812499998,-46.70300625,,,,2,2023-06-19T16:58:11+00:00
SAO_702U-10,São Paulo,3550308,True,,34098,,,-23.5521175,-46.7315415,,,,2,2023-06-19T16:58:12+00:00
SAO_702U-10,São Paulo,3550308,True,,34098,,,-23.568931,-46.734335,,,,2,2023-06-19T16:58:21+00:00
SAO_702U-10,São Paulo,3550308,True,,34098,,,-23.5521175,-46.7315415,,,,2,2023-06-19T16:58:32+00:00
SAO_702U-10,São Paulo,3550308,True,,34098,,,-23.57151,-46.6957075,,,,2,2023-06-19T16:58:36+00:00
SAO_702U-10,São Paulo,3550308,True,,34098,,,-23.547354,-46.63029,,,,2,2023-06-19T16:58:46+00:00
SAO_702U-10,São Paulo,3550308,True,,34098,,,-23.5521175,-46.7315415,,,,2,2023-06-19T16:58:11+00:00
SAO_702U-10,São Paulo,3550308,True,,34098,,,-23.5464175,-46.6453155,,,,2,2023-06-19T16:58:36+00:00
SAO_702U-10,São Paulo,3550308,True,,34098,,,-23.5521175,-46.7315415,,,,2,2023-06-19T16:58:33+00:00
SAO_6250-10,São Paulo,3550308,True,,33236,,,-23.595561,-46.751299,,,,2,2023-06-19T16:58:41+00:00
SAO_6250-10,São Paulo,3550308,True,,33236,,,-23.597096,-46.7681435,,,,2,2023-06-19T16:58:22+00:00
SAO_3051-10,São Paulo,3550308,True,,2446,,,-23.486919999999998,-46.482906,,,,1,2023-06-19T16:58:16+00:00
SAO_3051-10,São Paulo,3550308,True,,2446,,,-23.5039345,-46.472941,,,,1,2023-06-19T16:58:49+00:00
SAO_524L-10,São Paulo,3550308,True,,34483,,,-23.59682,-46.541678,,,,2,2023-06-19T16:58:35+00:00
SAO_524L-10,São Paulo,3550308,True,,34483,,,-23.541379,-46.574191,,,,2,2023-06-19T16:58:53+00:00
SAO_524L-10,São Paulo,3550308,True,,34483,,,-23.566192,-46.558794,,,,2,2023-06-19T16:58:13+00:00
SAO_524L-10,São Paulo,3550308,True,,34483,,,-23.598761,-46.5339095,,,,2,2023-06-19T16:58:34+00:00
SAO_2029-10,São Paulo,3550308,True,,35038,,,-23.430906,-46.574909,,,,2,2023-06-19T16:58:31+00:00
SAO_2029-10,São Paulo,3550308,True,,35038,,,-23.4308,-46.5751545,,,,2,2023-06-19T16:58:29+00:00
SAO_2029-10,São Paulo,3550308,True,,35038,,,-23.479921500000003,-46.602290499999995,,,,2,2023-06-19T16:58:23+00:00
SAO_2029-10,São Paulo,3550308,True,,35038,,,-23.464100000000002,-46.59585,,,,2,2023-06-19T16:58:51+00:00
SAO_2029-10,São Paulo,3550308,True,,35038,,,-23.4308,-46.5751545,,,,2,2023-06-19T16:58:21+00:00
SAO_809R-10,São Paulo,3550308,True,,2067,,,-23.574828,-46.76181725,,,,1,2023-06-19T16:58:46+00:00
SAO_2005-10,São Paulo,3550308,True,,33661,,,-23.49533075,-46.430634999999995,,,,2,2023-06-19T16:58:52+00:00
SAO_2005-10,São Paulo,3550308,True,,33661,,,-23.490944499999998,-46.445358,,,,2,2023-06-19T16:58:26+00:00
SAO_2005-10,São Paulo,3550308,True,,33661,,,-23.490944499999998,-46.445358,,,,2,2023-06-19T16:56:56+00:00
SAO_6801-51,São Paulo,3550308,True,,1774,,,-23.643911000000003,-46.733135000000004,,,,1,2023-06-19T16:58:14+00:00
SAO_6250-10,São Paulo,3550308,True,EMTU,468,https://moovitapp.com/index/pt-br/transporte_p%C3%BAblico-line-468-Sao_Paulo-242-2038937-36419506-0,6.65,-23.5498335,-46.64009,,,,1,2023-06-19T16:58:36+00:00
SAO_6250-10,São Paulo,3550308,True,EMTU,468,https://moovitapp.com/index/pt-br/transporte_p%C3%BAblico-line-468-Sao_Paulo-242-2038937-36419506-0,6.65,-23.5985705,-46.754676,,,,1,2023-06-19T16:58:31+00:00
SAO_7282-10,São Paulo,3550308,True,,33239,,,-23.545989,-46.6388205,,,,2,2023-06-19T16:58:25+00:00
SAO_7282-10,São Paulo,3550308,True,,33239,,,-23.547415,-46.6891445,,,,2,2023-06-19T16:58:46+00:00
SAO_7282-10,São Paulo,3550308,True,,33239,,,-23.552837500000003,-46.742140750000004,,,,2,2023-06-19T16:58:40+00:00
SAO_1703-10,São Paulo,3550308,True,,847,,,-23.513889875,-46.61619675,,,,1,2023-06-19T16:58:14+00:00
SAO_1703-10,São Paulo,3550308,True,,847,,,-23.4381915,-46.575715,,,,1,2023-06-19T16:56:15+00:00
SAO_1703-10,São Paulo,3550308,True,,847,,,-23.480373,-46.600205,,,,1,2023-06-19T16:58:30+00:00
SAO_546J-31,São Paulo,3550308,True,,2015,,,-23.68594975,-46.6636145,,,,1,2023-06-19T16:58:40+00:00
SAO_546J-31,São Paulo,3550308,True,,2015,,,-23.687824,-46.658593499999995,,,,1,2023-06-19T16:58:50+00:00
SAO_546J-31,São Paulo,3550308,True,,2015,,,-23.687824,-46.658593499999995,,,,1,2023-06-19T16:58:11+00:00
SAO_546J-31,São Paulo,3550308,True,,2015,,,-23.659577499999997,-46.697698,,,,1,2023-06-19T16:58:26+00:00
SAO_2435-10,São Paulo,3550308,True,Cidade de Caieiras,210,https://moovitapp.com/index/pt-br/transporte_p%C3%BAblico-line-210-Sao_Paulo-242-868761-496408-0,5.0,-23.522553000000002,-46.5368315,,,,1,2023-06-19T16:58:06+00:00
SAO_2435-10,São Paulo,3550308,True,Cidade de Caieiras,210,https://moovitapp.com/index/pt-br/transporte_p%C3%BAblico-line-210-Sao_Paulo-242-868761-496408-0,5.0,-23.5293535,-46.479913499999995,,,,1,2023-06-19T16:58:46+00:00
SAO_2435-10,São Paulo,3550308,True,Cidade de Caieiras,210,https://moovitapp.com/index/pt-br/transporte_p%C3%BAblico-line-210-Sao_Paulo-242-868761-496408-0,5.0,-23.531295375,-46.4781495,,,,1,2023-06-19T16:58:46+00:00
SAO_7017-10,São Paulo,3550308,True,,35270,,,-23.668242,-46.7355055,,,,2,2023-06-19T16:58:16+00:00
SAO_7017-10,São Paulo,3550308,True,,35270,,,-23.675478,-46.755183,,,,2,2023-06-19T16:58:26+00:00
SAO_7017-10,São Paulo,3550308,True,,35270,,,-23.679989,-46.7823075,,,,2,2023-06-19T16:58:36+00:00
SAO_7017-10,São Paulo,3550308,True,,35270,,,-23.668242,-46.7355055,,,,2,2023-06-19T16:58:16+00:00
SAO_7017-10,São Paulo,3550308,True,,35270,,,-23.69319,-46.790735,,,,2,2023-06-19T16:58:48+00:00
SAO_7017-10,São Paulo,3550308,True,,35270,,,-23.69319,-46.790735,,,,2,2023-06-19T16:58:23+00:00
SAO_7017-10,São Paulo,3550308,True,,35270,,,-23.6858615,-46.790941000000004,,,,2,2023-06-19T16:58:23+00:00
SAO_8615-10,São Paulo,3550308,True,,34107,,,-23.5244215,-46.7168905,,,,2,2023-06-19T16:58:35+00:00
SAO_8615-10,São Paulo,3550308,True,,34107,,,-23.5484365,-46.633148500000004,,,,2,2023-06-19T16:58:31+00:00
SAO_8615-10,São Paulo,3550308,True,,34107,,,-23.5369125,-46.7237005,,,,2,2023-06-19T16:58:46+00:00
SAO_8615-10,São Paulo,3550308,True,,34107,,,-23.5361915,-46.725013000000004,,,,2,2023-06-19T16:58:22+00:00
SAO_8615-10,São Paulo,3550308,True,,34107,,,-23.535989999999998,-46.7247965,,,,2,2023-06-19T16:58:27+00:00
SAO_8615-10,São Paulo,3550308,True,,34107,,,-23.535989999999998,-46.7247965,,,,2,2023-06-19T16:58:15+00:00
SAO_8615-10,São Paulo,3550308,True,,34107,,,-23.526062000000003,-46.675897,,,,2,2023-06-19T16:58:49+00:00
SAO_8615-10,São Paulo,3550308,True,,34107,,,-23.539440749999997,-46.645388249999996,,,,2,2023-06-19T16:58:52+00:00
SAO_8615-10,São Paulo,3550308,True,,34107,,,-23.521752,-46.7185675,,,,2,2023-06-19T16:58:52+00:00
SAO_4008-21,São Paulo,3550308,True,,2527,,,-23.579354000000002,-46.4323725,,,,1,2023-06-19T16:58:35+00:00
SAO_675L-10,São Paulo,3550308,True,,34246,,,-23.650951499999998,-46.708732,,,,2,2023-06-19T16:58:40+00:00
SAO_675L-10,São Paulo,3550308,True,,34246,,,-23.597544125,-46.6529795,,,,2,2023-06-19T16:58:27+00:00
SAO_6816-31,São Paulo,3550308,True,,34516,,,-23.648398,-46.784845000000004,,,,2,2023-06-19T16:58:21+00:00
SAO_6816-31,São Paulo,3550308,True,,34516,,,-23.644773999999998,-46.784382,,,,2,2023-06-19T16:58:24+00:00
SAO_609J-10,São Paulo,3550308,True,,35010,,,-23.62553725,-46.6404665,,,,2,2023-06-19T16:58:25+00:00
SAO_609J-10,São Paulo,3550308,True,,35010,,,-23.62553725,-46.6404665,,,,2,2023-06-19T16:58:45+00:00
SAO_6056-10,São Paulo,3550308,True,,33915,,,-23.763256499999997,-46.697663,,,,2,2023-06-19T16:58:17+00:00
SAO_6056-10,São Paulo,3550308,True,,33915,,,-23.763256499999997,-46.697663,,,,2,2023-06-19T16:58:38+00:00
SAO_6056-10,São Paulo,3550308,True,,33915,,,-23.755632,-46.7097275,,,,2,2023-06-19T16:58:35+00:00
SAO_6056-10,São Paulo,3550308,True,,33915,,,-23.766703,-46.703196500000004,,,,2,2023-06-19T16:58:36+00:00
SAO_6056-10,São Paulo,3550308,True,,33915,,,-23.743279,-46.702419000000006,,,,2,2023-06-19T16:58:34+00:00
SAO_6075-10,São Paulo,3550308,True,,1162,,,-23.7933225,-46.7292295,,,,1,2023-06-19T16:58:25+00:00
SAO_4019-10,São Paulo,3550308,True,,2524,,,-23.5428295,-46.4707985,,,,1,2023-06-19T16:58:49+00:00
SAO_4019-10,São Paulo,3550308,True,,2524,,,-23.5428295,-46.4707985,,,,1,2023-06-19T16:58:12+00:00
SAO_1756-10,São Paulo,3550308,True,,547,,,-23.46545375,-46.654884749999994,,,,1,2023-06-19T16:58:31+00:00
SAO_1756-10,São Paulo,3550308,True,,547,,,-23.4823375,-46.6329185,,,,1,2023-06-19T16:58:51+00:00
SAO_4012-10,São Paulo,3550308,True,,34953,,,-23.59867775,-46.441354,,,,2,2023-06-19T16:58:35+00:00
SAO_4012-10,São Paulo,3550308,True,,34953,,,-23.614612,-46.45774725,,,,2,2023-06-19T16:58:30+00:00
SAO_4012-10,São Paulo,3550308,True,,34953,,,-23.61692,-46.468823,,,,2,2023-06-19T16:58:18+00:00
SAO_4012-10,São Paulo,3550308,True,,34953,,,-23.598488,-46.44115775,,,,2,2023-06-19T16:58:32+00:00
SAO_3009-10,São Paulo,3550308,True,,35294,,,-23.4941755,-46.4006435,,,,2,2023-06-19T16:58:18+00:00
SAO_7021-10,São Paulo,3550308,True,,1989,,,-23.668926999999996,-46.737911999999994,,,,1,2023-06-19T16:58:11+00:00
SAO_7021-10,São Paulo,3550308,True,,1989,,,-23.671018500000002,-46.7682805,,,,1,2023-06-19T16:58:42+00:00
SAO_7021-10,São Paulo,3550308,True,,1989,,,-23.671018500000002,-46.7682805,,,,1,2023-06-19T16:58:28+00:00
SAO_7021-10,São Paulo,3550308,True,,1989,,,-23.671018500000002,-46.7682805,,,,1,2023-06-19T16:58:31+00:00
SAO_2710-31,São Paulo,3550308,True,,34422,,,-23.52366275,-46.49922325,,,,2,2023-06-19T16:58:20+00:00
SAO_2032-10,São Paulo,3550308,True,,2266,,,-23.4842545,-46.573038499999996,,,,1,2023-06-19T16:58:50+00:00
SAO_2032-10,São Paulo,3550308,True,,2266,,,-23.486397500000002,-46.592768500000005,,,,1,2023-06-19T16:58:27+00:00
SAO_2032-10,São Paulo,3550308,True,,2266,,,-23.4842545,-46.573038499999996,,,,1,2023-06-19T16:58:51+00:00
SAO_2032-10,São Paulo,3550308,True,,2266,,,-23.504027999999998,-46.6152115,,,,1,2023-06-19T16:57:31+00:00
SAO_6L11-10,São Paulo,3550308,True,,33935,,,-23.8015465,-46.6276715,,,,2,2023-06-19T16:58:55+00:00
SAO_6L11-10,São Paulo,3550308,True,,33935,,,-23.7905695,-46.641253,,,,2,2023-06-19T16:58:50+00:00
SAO_6L11-10,São Paulo,3550308,True,,33935,,,-23.756189499999998,-46.6702175,,,,2,2023-06-19T16:58:17+00:00
SAO_1785-10,São Paulo,3550308,True,,1816,,,-23.49934975,-46.62350975,,,,1,2023-06-19T16:58:54+00:00
SAO_8252-10,São Paulo,3550308,True,,1248,,,-23.52087225,-46.70017,,,,1,2023-06-19T16:58:43+00:00
SAO_7005-10,São Paulo,3550308,True,,34766,,,-23.684067,-46.769816500000005,,,,2,2023-06-19T16:58:22+00:00
SAO_7005-10,São Paulo,3550308,True,,34766,,,-23.684067,-46.769816500000005,,,,2,2023-06-19T16:58:16+00:00
SAO_7005-10,São Paulo,3550308,True,,34766,,,-23.6905325,-46.774566500000006,,,,2,2023-06-19T16:58:17+00:00
SAO_4112-10,São Paulo,3550308,True,,767,,,-23.565417,-46.631305499999996,,,,1,2023-06-19T16:58:21+00:00
SAO_4112-10,São Paulo,3550308,True,,767,,,-23.5479395,-46.6332285,,,,1,2023-06-19T16:58:13+00:00
SAO_253F-10,São Paulo,3550308,True,EMTU,158,https://moovitapp.com/index/pt-br/transporte_p%C3%BAblico-line-158-Sao_Paulo-242-2038937-36419303-0,7.45,-23.5162865,-46.46791,,,,1,2023-06-19T16:58:29+00:00
SAO_253F-10,São Paulo,3550308,True,EMTU,158,https://moovitapp.com/index/pt-br/transporte_p%C3%BAblico-line-158-Sao_Paulo-242-2038937-36419303-0,7.45,-23.573963,-46.445578,,,,1,2023-06-19T16:58:40+00:00
SAO_2012-10,São Paulo,3550308,True,,2281,,,-23.500781,-46.600586,,,,1,2023-06-19T16:56:48+00:00
SAO_5034-10,São Paulo,3550308,True,,1663,,,-23.63738875,-46.598289,,,,1,2023-06-19T16:58:25+00:00
SAO_5034-10,São Paulo,3550308,True,,1663,,,-23.61184375,-46.60031825,,,,1,2023-06-19T16:58:51+00:00
SAO_5034-10,São Paulo,3550308,True,,1663,,,-23.651466499999998,-46.5986945,,,,1,2023-06-19T16:58:34+00:00
SAO_648P-10,São Paulo,3550308,True,,32834,,,-23.5914145,-46.685079,,,,2,2023-06-19T16:58:20+00:00
SAO_648P-10,São Paulo,3550308,True,,32834,,,-23.6550385,-46.761806,,,,2,2023-06-19T16:58:28+00:00
SAO_648P-10,São Paulo,3550308,True,,32834,,,-23.64256425,-46.738202,,,,2,2023-06-19T16:58:55+00:00
SAO_6049-10,São Paulo,3550308,True,,34077,,,-23.68605675,-46.80172075,,,,2,2023-06-19T16:58:49+00:00
SAO_6049-10,São Paulo,3550308,True,,34077,,,-23.69435,-46.794564,,,,2,2023-06-19T16:58:44+00:00
SAO_6049-10,São Paulo,3550308,True,,34077,,,-23.694135,-46.793816500000005,,,,2,2023-06-19T16:58:52+00:00
SAO_6049-10,São Paulo,3550308,True,,34077,,,-23.694454,-46.794375,,,,2,2023-06-19T16:58:48+00:00
SAO_6049-10,São Paulo,3550308,True,,34077,,,-23.661793000000003,-46.7567725,,,,2,2023-06-19T16:58:16+00:00
SAO_6049-10,São Paulo,3550308,True,,34077,,,-23.6450355,-46.7299475,,,,2,2023-06-19T16:58:42+00:00
SAO_8023-10,São Paulo,3550308,True,,34842,,,-23.590517875,-46.802538874999996,,,,2,2023-06-19T16:58:46+00:00
SAO_8023-10,São Paulo,3550308,True,,34842,,,-23.592567625,-46.73500212500001,,,,2,2023-06-19T16:58:55+00:00
SAO_8023-10,São Paulo,3550308,True,,34842,,,-23.590418624999998,-46.802857625,,,,2,2023-06-19T16:58:16+00:00
SAO_6050-10,São Paulo,3550308,True,,1225,,,-23.737678250000002,-46.692834,,,,1,2023-06-19T16:58:45+00:00
SAO_6050-10,São Paulo,3550308,True,,1225,,,-23.7505945,-46.677605,,,,1,2023-06-19T16:58:49+00:00
SAO_746V-10,São Paulo,3550308,True,,792,,,-23.644130500000003,-46.75717175,,,,1,2023-06-19T16:58:33+00:00
SAO_746V-10,São Paulo,3550308,True,,792,,,-23.6224415,-46.75465,,,,1,2023-06-19T16:58:48+00:00
SAO_746V-10,São Paulo,3550308,True,,792,,,-23.6224415,-46.75465,,,,1,2023-06-19T16:58:40+00:00
SAO_746V-10,São Paulo,3550308,True,,792,,,-23.628749999999997,-46.7683145,,,,1,2023-06-19T16:58:38+00:00
SAO_546J-10,São Paulo,3550308,True,,1133,,,-23.6760935,-46.66086025,,,,1,2023-06-19T16:58:13+00:00
SAO_546J-10,São Paulo,3550308,True,,1133,,,-23.6689565,-46.6773375,,,,1,2023-06-19T16:58:33+00:00
SAO_546J-10,São Paulo,3550308,True,,1133,,,-23.687824,-46.658593499999995,,,,1,2023-06-19T16:58:45+00:00
SAO_6062-10,São Paulo,3550308,True,,1151,,,-23.737094499999998,-46.695599,,,,1,2023-06-19T16:58:44+00:00
SAO_6062-10,São Paulo,3550308,True,,1151,,,-23.7428935,-46.683732,,,,1,2023-06-19T16:58:47+00:00
SAO_6062-10,São Paulo,3550308,True,,1151,,,-23.737047,-46.697469,,,,1,2023-06-19T16:58:16+00:00
SAO_938L-10,São Paulo,3550308,True,,34136,,,-23.488078,-46.683124875000004,,,,2,2023-06-19T16:58:47+00:00
SAO_938L-10,São Paulo,3550308,True,,34136,,,-23.515414,-46.69562175,,,,2,2023-06-19T16:58:48+00:00
SAO_938L-10,São Paulo,3550308,True,,34136,,,-23.48078375,-46.67379425,,,,2,2023-06-19T16:58:18+00:00
SAO_2726-10,São Paulo,3550308,True,Urubupungá,940,https://moovitapp.com/index/pt-br/transporte_p%C3%BAblico-line-940-Sao_Paulo-242-873835-496474-0,4.6,-23.522240125,-46.543225375000006,,,,1,2023-06-19T16:58:14+00:00
SAO_2726-10,São Paulo,3550308,True,Urubupungá,940,https://moovitapp.com/index/pt-br/transporte_p%C3%BAblico-line-940-Sao_Paulo-242-873835-496474-0,4.6,-23.51728325,-46.4687115,,,,1,2023-06-19T16:58:51+00:00
SAO_2726-10,São Paulo,3550308,True,Urubupungá,940,https://moovitapp.com/index/pt-br/transporte_p%C3%BAblico-line-940-Sao_Paulo-242-873835-496474-0,4.6,-23.513953375,-46.5184105,,,,1,2023-06-19T16:58:12+00:00
SAO_2726-10,São Paulo,3550308,True,Urubupungá,940,https://moovitapp.com/index/pt-br/transporte_p%C3%BAblico-line-940-Sao_Paulo-242-873835-496474-0,4.6,-23.515029499999997,-46.468916500000006,,,,1,2023-06-19T16:58:34+00:00
SAO_2726-10,São Paulo,3550308,True,Urubupungá,940,https://moovitapp.com/index/pt-br/transporte_p%C3%BAblico-line-940-Sao_Paulo-242-873835-496474-0,4.6,-23.5086175,-46.494797,,,,1,2023-06-19T16:58:29+00:00
SAO_272N-10,São Paulo,3550308,True,,33473,,,-23.535405,-46.613660249999995,,,,2,2023-06-19T16:58:20+00:00
SAO_272N-10,São Paulo,3550308,True,,33473,,,-23.511872,-46.563117500000004,,,,2,2023-06-19T16:58:43+00:00
SAO_272N-10,São Paulo,3550308,True,,33473,,,-23.511872,-46.563117500000004,,,,2,2023-06-19T16:58:32+00:00
SAO_7725-10,São Paulo,3550308,True,,33240,,,-23.526263999999998,-46.7076635,,,,2,2023-06-19T16:58:54+00:00
SAO_7725-10,São Paulo,3550308,True,,33240,,,-23.568198,-46.765418,,,,2,2023-06-19T16:58:33+00:00
SAO_4315-10,São Paulo,3550308,True,,34943,,,-23.551575874999997,-46.608794625,,,,2,2023-06-19T16:58:31+00:00
SAO_4315-10,São Paulo,3550308,True,,34943,,,-23.5576555,-46.523450499999996,,,,2,2023-06-19T16:58:45+00:00
SAO_4315-10,São Paulo,3550308,True,,34943,,,-23.547890250000002,-46.53908025,,,,2,2023-06-19T16:58:11+00:00
SAO_4315-10,São Paulo,3550308,True,,34943,,,-23.557536749999997,-46.523783249999994,,,,2,2023-06-19T16:58:34+00:00
SAO_3725-41,São Paulo,3550308,True,,1531,,,-23.534841,-46.534781499999994,,,,1,2023-06-19T16:57:04+00:00
SAO_3725-41,São Paulo,3550308,True,,1531,,,-23.541708999999997,-46.5311305,,,,1,2023-06-19T16:58:21+00:00
SAO_8012-10,São Paulo,3550308,True,,34791,,,-23.55246025,-46.729495,,,,2,2023-06-19T16:57:38+00:00
SAO_8012-10,São Paulo,3550308,True,,34791,,,-23.5719,-46.7088055,,,,2,2023-06-19T16:58:21+00:00
SAO_5026-10,São Paulo,3550308,True,,34403,,,-23.6059165,-46.496885500000005,,,,2,2023-06-19T16:58:18+00:00
SAO_5026-10,São Paulo,3550308,True,,34403,,,-23.614024999999998,-46.5016245,,,,2,2023-06-19T16:56:14+00:00
SAO_271P-10,São Paulo,3550308,True,,33472,,,-23.531080125,-46.623190875000006,,,,2,2023-06-19T16:55:47+00:00
SAO_271P-10,São Paulo,3550308,True,,33472,,,-23.535868875,-46.58564725,,,,2,2023-06-19T16:58:50+00:00
SAO_271P-10,São Paulo,3550308,True,,33472,,,-23.498339,-46.514398,,,,2,2023-06-19T16:58:26+00:00
SAO_271P-10,São Paulo,3550308,True,,33472,,,-23.4985705,-46.51483,,,,2,2023-06-19T16:58:40+00:00
SAO_271P-10,São Paulo,3550308,True,,33472,,,-23.5234905,-46.5478755,,,,2,2023-06-19T16:58:44+00:00
SAO_2010-10,São Paulo,3550308,True,,2104,,,-23.476959,-46.5640815,,,,1,2023-06-19T16:58:21+00:00
SAO_2010-10,São Paulo,3550308,True,,2104,,,-23.500470999999997,-46.615558,,,,1,2023-06-19T16:58:29+00:00
SAO_2010-10,São Paulo,3550308,True,,2104,,,-23.488283000000003,-46.59391325,,,,1,2023-06-19T16:58:36+00:00
SAO_2010-10,São Paulo,3550308,True,,2104,,,-23.47739,-46.564792499999996,,,,1,2023-06-19T16:58:32+00:00
SAO_2010-10,São Paulo,3550308,True,,2104,,,-23.48037375,-46.57543575,,,,1,2023-06-19T16:58:51+00:00
SAO_2010-10,São Paulo,3550308,True,,2104,,,-23.522845,-46.6242405,,,,1,2023-06-19T16:58:15+00:00
SAO_403A-10,São Paulo,3550308,True,,2192,,,-23.5309105,-46.5348455,,,,1,2023-06-19T16:58:18+00:00
SAO_403A-10,São Paulo,3550308,True,,2192,,,-23.519315499999998,-46.5471005,,,,1,2023-06-19T16:58:47+00:00
SAO_403A-10,São Paulo,3550308,True,,2192,,,-23.5398865,-46.431905,,,,1,2023-06-19T16:58:30+00:00
SAO_403A-10,São Paulo,3550308,True,,2192,,,-23.553380750000002,-46.44497525,,,,1,2023-06-19T16:56:41+00:00
SAO_403A-10,São Paulo,3550308,True,,2192,,,-23.5491,-46.503552,,,,1,2023-06-19T16:58:37+00:00
SAO_403A-10,São Paulo,3550308,True,,2192,,,-23.5564555,-46.477335,,,,1,2023-06-19T16:58:14+00:00
SAO_775F-10,São Paulo,3550308,True,,33564,,,-23.553085250000002,-46.673081999999994,,,,2,2023-06-19T16:58:47+00:00
SAO_775F-10,São Paulo,3550308,True,,33564,,,-23.5805475,-46.6851035,,,,2,2023-06-19T16:58:18+00:00
SAO_775F-10,São Paulo,3550308,True,,33564,,,-23.5944665,-46.70651,,,,2,2023-06-19T16:58:23+00:00
SAO_775F-10,São Paulo,3550308,True,,33564,,,-23.6138925,-46.7356405,,,,2,2023-06-19T16:58:49+00:00
SAO_1721-10,São Paulo,3550308,True,,33434,,,-23.48941525,-46.571597749999995,,,,2,2023-06-19T16:58:21+00:00
SAO_1721-10,São Paulo,3550308,True,,33434,,,-23.48941525,-46.571597749999995,,,,2,2023-06-19T16:58:12+00:00
SAO_1721-10,São Paulo,3550308,True,,33434,,,-23.504482125,-46.5970315,,,,2,2023-06-19T16:58:24+00:00
SAO_1721-10,São Paulo,3550308,True,,33434,,,-23.48940375,-46.57123325,,,,2,2023-06-19T16:58:35+00:00
SAO_1721-10,São Paulo,3550308,True,,33434,,,-23.4897535,-46.570575500000004,,,,2,2023-06-19T16:58:38+00:00
SAO_1721-10,São Paulo,3550308,True,,33434,,,-23.4927265,-46.580667500000004,,,,2,2023-06-19T16:57:29+00:00
SAO_1721-10,São Paulo,3550308,True,,33434,,,-23.4894945,-46.5710555,,,,2,2023-06-19T16:58:48+00:00
SAO_408A-10,São Paulo,3550308,True,,33534,,,-23.545420125000003,-46.647324625,,,,2,2023-06-19T16:58:30+00:00
SAO_408A-10,São Paulo,3550308,True,,33534,,,-23.543692999999998,-46.672401,,,,2,2023-06-19T16:58:36+00:00
SAO_408A-10,São Paulo,3550308,True,,33534,,,-23.556521500000002,-46.633036000000004,,,,2,2023-06-19T16:58:20+00:00
SAO_408A-10,São Paulo,3550308,True,,33534,,,-23.543692999999998,-46.672401,,,,2,2023-06-19T16:58:12+00:00
SAO_6001-10,São Paulo,3550308,True,,52,,,-23.654038,-46.708869500000006,,,,1,2023-06-19T16:58:13+00:00
SAO_6001-10,São Paulo,3550308,True,,52,,,-23.65436375,-46.760079499999996,,,,1,2023-06-19T16:58:42+00:00
SAO_1178-31,São Paulo,3550308,True,,1812,,,-23.518347,-46.626317875,,,,1,2023-06-19T16:58:43+00:00
SAO_1178-31,São Paulo,3550308,True,,1812,,,-23.50327,-46.432318499999994,,,,1,2023-06-19T16:54:27+00:00
SAO_1178-31,São Paulo,3550308,True,,1812,,,-23.496283249999998,-46.513113249999996,,,,1,2023-06-19T16:58:52+00:00
SAO_1178-31,São Paulo,3550308,True,,1812,,,-23.522693500000003,-46.558447,,,,1,2023-06-19T16:57:47+00:00
SAO_6825-10,São Paulo,3550308,True,,32782,,,-23.685346,-46.800567,,,,2,2023-06-19T16:58:52+00:00
SAO_6825-10,São Paulo,3550308,True,,32782,,,-23.6620085,-46.779559,,,,2,2023-06-19T16:58:45+00:00
SAO_3006-10,São Paulo,3550308,True,,34633,,,-23.547792,-46.390069,,,,2,2023-06-19T16:58:24+00:00
SAO_3006-10,São Paulo,3550308,True,,34633,,,-23.542018,-46.415611,,,,2,2023-06-19T16:58:11+00:00
SAO_2735-21,São Paulo,3550308,True,,33282,,,-23.49869475,-46.5298885,,,,2,2023-06-19T16:58:28+00:00
SAO_2735-21,São Paulo,3550308,True,,33282,,,-23.498877999999998,-46.519452,,,,2,2023-06-19T16:58:19+00:00
SAO_4724-10,São Paulo,3550308,True,,34828,,,-23.535586000000002,-46.50691725,,,,2,2023-06-19T16:58:28+00:00
SAO_8300-1,São Paulo,3550308,True,,35275,,,-23.520215999999998,-46.700196000000005,,,,2,2023-06-19T16:58:48+00:00
SAO_8300-1,São Paulo,3550308,True,,35275,,,-23.520215999999998,-46.700196000000005,,,,2,2023-06-19T16:58:28+00:00
SAO_3791-10,São Paulo,3550308,True,,1069,,,-23.5389975,-46.489836499999996,,,,1,2023-06-19T16:58:54+00:00
SAO_3791-10,São Paulo,3550308,True,,1069,,,-23.564895,-46.506786000000005,,,,1,2023-06-19T16:58:40+00:00
SAO_3791-10,São Paulo,3550308,True,,1069,,,-23.5638,-46.505301,,,,1,2023-06-19T16:58:37+00:00
SAO_3791-10,São Paulo,3550308,True,,1069,,,-23.549313,-46.5030565,,,,1,2023-06-19T16:58:25+00:00
SAO_3791-10,São Paulo,3550308,True,,1069,,,-23.56465375,-46.505956,,,,1,2023-06-19T16:58:41+00:00
SAO_4003-10,São Paulo,3550308,True,,2159,,,-23.54863075,-46.42619725,,,,1,2023-06-19T16:58:16+00:00
SAO_4003-10,São Paulo,3550308,True,,2159,,,-23.53447125,-46.452363,,,,1,2023-06-19T16:56:44+00:00
SAO_4003-10,São Paulo,3550308,True,,2159,,,-23.564385,-46.415116999999995,,,,1,2023-06-19T16:58:22+00:00
SAO_4003-10,São Paulo,3550308,True,,2159,,,-23.5742745,-46.3983295,,,,1,2023-06-19T16:58:44+00:00
SAO_4003-10,São Paulo,3550308,True,,2159,,,-23.5742745,-46.3983295,,,,1,2023-06-19T16:58:40+00:00
SAO_5028-10,São Paulo,3550308,True,,1634,,,-23.580154750000002,-46.601692,,,,1,2023-06-19T16:58:29+00:00
SAO_2005-10,São Paulo,3550308,True,,893,,,-23.4815715,-46.378598499999995,,,,1,2023-06-19T16:58:39+00:00
SAO_2005-10,São Paulo,3550308,True,,893,,,-23.493820499999998,-46.405247,,,,1,2023-06-19T16:58:15+00:00
SAO_2005-10,São Paulo,3550308,True,,893,,,-23.49527875,-46.431802250000004,,,,1,2023-06-19T16:58:44+00:00
SAO_7903-10,São Paulo,3550308,True,,512,,,-23.602622,-46.785287,,,,1,2023-06-19T16:58:28+00:00
SAO_7903-10,São Paulo,3550308,True,,512,,,-23.57398825,-46.70963425,,,,1,2023-06-19T16:58:29+00:00
SAO_6258-10,São Paulo,3550308,True,,34000,,,-23.691426,-46.7462425,,,,2,2023-06-19T16:58:21+00:00
SAO_6258-10,São Paulo,3550308,True,,34000,,,-23.6628155,-46.707258625,,,,2,2023-06-19T16:58:41+00:00
SAO_6258-10,São Paulo,3550308,True,,34000,,,-23.690372250000003,-46.74378325000001,,,,2,2023-06-19T16:58:17+00:00
SAO_6258-10,São Paulo,3550308,True,,34000,,,-23.682094,-46.735372,,,,2,2023-06-19T16:58:18+00:00
SAO_8200-10,São Paulo,3550308,True,,34031,,,-23.5201365,-46.700402999999994,,,,2,2023-06-19T16:58:13+00:00
SAO_8200-10,São Paulo,3550308,True,,34031,,,-23.5201365,-46.700402999999994,,,,2,2023-06-19T16:58:47+00:00
SAO_8200-10,São Paulo,3550308,True,,34031,,,-23.4861665,-46.726144,,,,2,2023-06-19T16:58:38+00:00
SAO_9166-10,São Paulo,3550308,True,,707,,,-23.473273999999996,-46.67029275,,,,1,2023-06-19T16:58:33+00:00
SAO_874C-10,São Paulo,3550308,True,,477,,,-23.543708625,-46.732338125,,,,1,2023-06-19T16:58:52+00:00
SAO_874C-10,São Paulo,3550308,True,,477,,,-23.555484,-46.663398,,,,1,2023-06-19T16:58:16+00:00
SAO_874C-10,São Paulo,3550308,True,,477,,,-23.543732,-46.6943445,,,,1,2023-06-19T16:58:44+00:00
SAO_971T-10,São Paulo,3550308,True,,33386,,,-23.501180312499997,-46.63501324999999,,,,2,2023-06-19T16:58:50+00:00
SAO_971T-10,São Paulo,3550308,True,,33386,,,-23.493133,-46.674882,,,,2,2023-06-19T16:58:45+00:00
SAO_971T-10,São Paulo,3550308,True,,33386,,,-23.48628825,-46.66490475,,,,2,2023-06-19T16:58:24+00:00
SAO_971T-10,São Paulo,3550308,True,,33386,,,-23.4935815,-46.6744245,,,,2,2023-06-19T16:58:14+00:00
SAO_4052-10,São Paulo,3550308,True,,34913,,,-23.542444,-46.416917999999995,,,,2,2023-06-19T16:29:05+00:00
SAO_4052-10,São Paulo,3550308,True,,34913,,,-23.539126,-46.4265615,,,,2,2023-06-19T16:58:40+00:00
SAO_4052-10,São Paulo,3550308,True,,34913,,,-23.5421205,-46.471834,,,,2,2023-06-19T16:55:00+00:00
SAO_2104-10,São Paulo,3550308,True,,35023,,,-23.546910500000003,-46.6306845,,,,2,2023-06-19T16:58:20+00:00
SAO_2104-10,São Paulo,3550308,True,,35023,,,-23.503036,-46.624043,,,,2,2023-06-19T16:58:42+00:00
SAO_2104-10,São Paulo,3550308,True,,35023,,,-23.502574,-46.624022999999994,,,,2,2023-06-19T16:58:09+00:00
SAO_2104-10,São Paulo,3550308,True,,35023,,,-23.5318015,-46.6254675,,,,2,2023-06-19T16:58:42+00:00
SAO_2104-10,São Paulo,3550308,True,,35023,,,-23.5028845,-46.6240365,,,,2,2023-06-19T16:58:40+00:00
SAO_2104-10,São Paulo,3550308,True,,35023,,,-23.503036,-46.624043,,,,2,2023-06-19T16:58:15+00:00
SAO_7267-10,São Paulo,3550308,True,,1427,,,-23.552603625000003,-46.6746615,,,,1,2023-06-19T16:58:25+00:00
SAO_7267-10,São Paulo,3550308,True,,1427,,,-23.536766,-46.6772695,,,,1,2023-06-19T16:58:16+00:00
SAO_8010-10,São Paulo,3550308,True,,798,,,-23.426707,-46.724813999999995,,,,1,2023-06-19T16:58:22+00:00
SAO_8010-10,São Paulo,3550308,True,,798,,,-23.515528,-46.706616749999995,,,,1,2023-06-19T16:58:48+00:00
SAO_8010-10,São Paulo,3550308,True,,798,,,-23.407083,-46.75857499999999,,,,1,2023-06-19T16:58:48+00:00
SAO_8010-10,São Paulo,3550308,True,,798,,,-23.457048999999998,-46.7202155,,,,1,2023-06-19T16:58:00+00:00
SAO_6051-10,São Paulo,3550308,True,,1143,,,-23.7730165,-46.7025605,,,,1,2023-06-19T16:58:52+00:00
SAO_476A-10,São Paulo,3550308,True,,33072,,,-23.577792125000002,-46.601164,,,,2,2023-06-19T16:58:27+00:00
SAO_476A-10,São Paulo,3550308,True,,33072,,,-23.596978999999997,-46.635510000000004,,,,2,2023-06-19T16:58:32+00:00
SAO_476A-10,São Paulo,3550308,True,,33072,,,-23.60264,-46.603252999999995,,,,2,2023-06-19T16:58:33+00:00
SAO_476A-10,São Paulo,3550308,True,,33072,,,-23.577496,-46.600854,,,,2,2023-06-19T16:58:47+00:00
SAO_476A-10,São Paulo,3550308,True,,33072,,,-23.577717375,-46.60089,,,,2,2023-06-19T16:58:45+00:00
SAO_476A-10,São Paulo,3550308,True,,33072,,,-23.644316125000003,-46.700134500000004,,,,2,2023-06-19T16:58:18+00:00
SAO_5131-10,São Paulo,3550308,True,,1282,,,-23.552137000000002,-46.634062,,,,1,2023-06-19T16:58:37+00:00
SAO_5131-10,São Paulo,3550308,True,,1282,,,-23.6236595,-46.68536125,,,,1,2023-06-19T16:58:25+00:00
SAO_3160-10,São Paulo,3550308,True,,32893,,,-23.583903499999998,-46.5856135,,,,2,2023-06-19T16:58:47+00:00
SAO_3160-10,São Paulo,3550308,True,,32893,,,-23.583903499999998,-46.5856135,,,,2,2023-06-19T16:58:47+00:00
SAO_6073-10,São Paulo,3550308,True,,1160,,,-23.827466,-46.727307,,,,1,2023-06-19T16:58:46+00:00
SAO_6073-10,São Paulo,3550308,True,,1160,,,-23.768844,-46.7164875,,,,1,2023-06-19T16:58:53+00:00
SAO_6073-10,São Paulo,3550308,True,,1160,,,-23.768802,-46.71633,,,,1,2023-06-19T16:58:25+00:00
SAO_425E-10,São Paulo,3550308,True,,34404,,,-23.614045,-46.500495,,,,2,2023-06-19T16:58:23+00:00
SAO_2714-10,São Paulo,3550308,True,,33695,,,-23.531532499999997,-46.5288405,,,,2,2023-06-19T16:58:15+00:00
SAO_2714-10,São Paulo,3550308,True,,33695,,,-23.5313415,-46.529821,,,,2,2023-06-19T16:58:46+00:00
SAO_2714-10,São Paulo,3550308,True,,33695,,,-23.531503,-46.5289355,,,,2,2023-06-19T16:58:30+00:00
SAO_2714-10,São Paulo,3550308,True,,33695,,,-23.5125755,-46.525692500000005,,,,2,2023-06-19T16:58:10+00:00
SAO_2714-10,São Paulo,3550308,True,,33695,,,-23.51422325,-46.5316785,,,,2,2023-06-19T16:58:23+00:00
SAO_6913-21,São Paulo,3550308,True,,1549,,,-23.766790999999998,-46.716458,,,,1,2023-06-19T16:58:52+00:00
SAO_4020-10,São Paulo,3550308,True,,2530,,,-23.546223750000003,-46.44713675,,,,1,2023-06-19T16:58:51+00:00
SAO_4020-10,São Paulo,3550308,True,,2530,,,-23.597001499999998,-46.436172,,,,1,2023-06-19T16:58:14+00:00
SAO_2704-10,São Paulo,3550308,True,,916,,,-23.52377925,-46.417449,,,,1,2023-06-19T16:58:06+00:00
SAO_2704-10,São Paulo,3550308,True,,916,,,-23.5198535,-46.41966,,,,1,2023-06-19T16:58:41+00:00
SAO_2704-10,São Paulo,3550308,True,,916,,,-23.5270815,-46.4096695,,,,1,2023-06-19T16:58:31+00:00
SAO_2704-10,São Paulo,3550308,True,,916,,,-23.520441499999997,-46.441207,,,,1,2023-06-19T16:58:13+00:00
SAO_2704-10,São Paulo,3550308,True,,916,,,-23.5342945,-46.454449,,,,1,2023-06-19T16:53:11+00:00
SAO_4007-10,São Paulo,3550308,True,,34949,,,-23.565321500000003,-46.396381,,,,2,2023-06-19T16:58:48+00:00
SAO_4007-10,São Paulo,3550308,True,,34949,,,-23.558577999999997,-46.4458485,,,,2,2023-06-19T16:58:15+00:00
SAO_4007-10,São Paulo,3550308,True,,34949,,,-23.565321500000003,-46.396381,,,,2,2023-06-19T16:58:21+00:00
SAO_4007-10,São Paulo,3550308,True,,34949,,,-23.565266,-46.396473,,,,2,2023-06-19T16:58:14+00:00
SAO_4007-10,São Paulo,3550308,True,,34949,,,-23.55465225,-46.48538275,,,,2,2023-06-19T16:58:31+00:00
SAO_4007-10,São Paulo,3550308,True,,34949,,,-23.565451,-46.3961775,,,,2,2023-06-19T16:58:10+00:00
SAO_4007-10,São Paulo,3550308,True,,34949,,,-23.552427,-46.4249925,,,,2,2023-06-19T16:58:50+00:00
SAO_6418-10,São Paulo,3550308,True,,33539,,,-23.610402999999998,-46.704887,,,,2,2023-06-19T16:58:40+00:00
SAO_6418-10,São Paulo,3550308,True,,33539,,,-23.604816749999998,-46.68341675,,,,2,2023-06-19T16:58:50+00:00
SAO_6052-10,São Paulo,3550308,True,,1144,,,-23.772,-46.694371000000004,,,,1,2023-06-19T16:58:14+00:00
SAO_6052-10,São Paulo,3550308,True,,1144,,,-23.767591,-46.7163045,,,,1,2023-06-19T16:58:30+00:00
SAO_4015-10,São Paulo,3550308,True,,2188,,,-23.6124515,-46.475421999999995,,,,1,2023-06-19T16:58:43+00:00
SAO_2590-10,São Paulo,3550308,True,,33680,,,-23.548865,-46.627127,,,,2,2023-06-19T16:58:47+00:00
SAO_2590-10,São Paulo,3550308,True,,33680,,,-23.489435,-46.454438999999994,,,,2,2023-06-19T16:58:20+00:00
SAO_2590-10,São Paulo,3550308,True,,33680,,,-23.524410500000002,-46.549203875,,,,2,2023-06-19T16:58:21+00:00
SAO_2590-10,São Paulo,3550308,True,,33680,,,-23.53699725,-46.59209275,,,,2,2023-06-19T16:58:21+00:00
SAO_637R-10,São Paulo,3550308,True,EMTU,196,https://moovitapp.com/index/pt-br/transporte_p%C3%BAblico-line-196-Sao_Paulo-242-2038937-36419323-0,4.85,-23.7207345,-46.77011,,,,1,2023-06-19T16:58:36+00:00
SAO_637R-10,São Paulo,3550308,True,EMTU,196,https://moovitapp.com/index/pt-br/transporte_p%C3%BAblico-line-196-Sao_Paulo-242-2038937-36419323-0,4.85,-23.664731,-46.70954725,,,,1,2023-06-19T16:58:40+00:00
SAO_637R-10,São Paulo,3550308,True,EMTU,196,https://moovitapp.com/index/pt-br/transporte_p%C3%BAblico-line-196-Sao_Paulo-242-2038937-36419323-0,4.85,-23.7207345,-46.77011,,,,1,2023-06-19T16:58:45+00:00
SAO_637R-10,São Paulo,3550308,True,EMTU,196,https://moovitapp.com/index/pt-br/transporte_p%C3%BAblico-line-196-Sao_Paulo-242-2038937-36419323-0,4.85,-23.697819000000003,-46.7792305,,,,1,2023-06-19T16:58:39+00:00
SAO_637R-10,São Paulo,3550308,True,EMTU,196,https://moovitapp.com/index/pt-br/transporte_p%C3%BAblico-line-196-Sao_Paulo-242-2038937-36419323-0,4.85,-23.654252,-46.712655999999996,,,,1,2023-06-19T16:58:33+00:00
SAO_637R-10,São Paulo,3550308,True,EMTU,196,https://moovitapp.com/index/pt-br/transporte_p%C3%BAblico-line-196-Sao_Paulo-242-2038937-36419323-0,4.85,-23.6677405,-46.73030275,,,,1,2023-06-19T16:58:48+00:00
SAO_637R-10,São Paulo,3550308,True,EMTU,196,https://moovitapp.com/index/pt-br/transporte_p%C3%BAblico-line-196-Sao_Paulo-242-2038937-36419323-0,4.85,-23.68070375,-46.7654765,,,,1,2023-06-19T16:58:19+00:00
SAO_637R-10,São Paulo,3550308,True,EMTU,196,https://moovitapp.com/index/pt-br/transporte_p%C3%BAblico-line-196-Sao_Paulo-242-2038937-36419323-0,4.85,-23.7224935,-46.77039,,,,1,2023-06-19T16:58:10+00:00
SAO_938L-10,São Paulo,3550308,True,,1368,,,-23.517514,-46.703650375,,,,1,2023-06-19T16:58:28+00:00
SAO_938L-10,São Paulo,3550308,True,,1368,,,-23.515466375000003,-46.704370624999996,,,,1,2023-06-19T16:58:29+00:00
SAO_938L-10,São Paulo,3550308,True,,1368,,,-23.4761825,-46.6723245,,,,1,2023-06-19T16:58:50+00:00
SAO_938L-10,São Paulo,3550308,True,,1368,,,-23.517514,-46.703650375,,,,1,2023-06-19T16:58:29+00:00
SAO_938L-10,São Paulo,3550308,True,,1368,,,-23.517339999999997,-46.704061125,,,,1,2023-06-19T16:58:22+00:00
SAO_938L-10,São Paulo,3550308,True,,1368,,,-23.5097565,-46.689898,,,,1,2023-06-19T16:58:30+00:00
SAO_6063-10,São Paulo,3550308,True,,1152,,,-23.783673,-46.6827105,,,,1,2023-06-19T16:58:12+00:00
SAO_6063-10,São Paulo,3550308,True,,1152,,,-23.767736,-46.716332,,,,1,2023-06-19T16:58:37+00:00
SAO_6063-10,São Paulo,3550308,True,,1152,,,-23.776369,-46.696589,,,,1,2023-06-19T16:58:23+00:00
SAO_6063-10,São Paulo,3550308,True,,1152,,,-23.783673,-46.6827105,,,,1,2023-06-19T16:58:24+00:00
SAO_273D-10,São Paulo,3550308,True,,32990,,,-23.511259000000003,-46.4120205,,,,2,2023-06-19T16:58:37+00:00
SAO_273D-10,São Paulo,3550308,True,,32990,,,-23.5212985,-46.410903,,,,2,2023-06-19T16:58:18+00:00
SAO_273D-10,São Paulo,3550308,True,,32990,,,-23.516146,-46.467611000000005,,,,2,2023-06-19T16:58:39+00:00
SAO_407Y-10,São Paulo,3550308,True,,2206,,,-23.565281,-46.558346,,,,1,2023-06-19T16:58:24+00:00
SAO_407Y-10,São Paulo,3550308,True,,2206,,,-23.5726495,-46.504860875,,,,1,2023-06-19T16:58:47+00:00
SAO_6813-10,São Paulo,3550308,True,BR7 Mobilidade,33,https://moovitapp.com/index/pt-br/transporte_p%C3%BAblico-line-33-Sao_Paulo-242-851856-529134-0,5.75,-23.6541265,-46.7631545,,,,1,2023-06-19T16:58:28+00:00
SAO_978J-10,São Paulo,3550308,True,EMTU,591,https://moovitapp.com/index/pt-br/transporte_p%C3%BAblico-line-591-Sao_Paulo-242-2038937-36419577-0,5.4,-23.490053,-46.71039275,,,,1,2023-06-19T16:58:43+00:00
SAO_978J-10,São Paulo,3550308,True,EMTU,591,https://moovitapp.com/index/pt-br/transporte_p%C3%BAblico-line-591-Sao_Paulo-242-2038937-36419577-0,5.4,-23.473771499999998,-46.7259165,,,,1,2023-06-19T16:58:41+00:00
SAO_7062-10,São Paulo,3550308,True,,1898,,,-23.635838125,-46.76981000000001,,,,1,2023-06-19T16:58:34+00:00
SAO_9701-10,São Paulo,3550308,True,,33337,,,-23.504094000000002,-46.6677425,,,,2,2023-06-19T16:58:27+00:00
SAO_273L-10,São Paulo,3550308,True,,224,,,-23.51168275,-46.4281285,,,,1,2023-06-19T16:55:38+00:00
SAO_273L-10,São Paulo,3550308,True,,224,,,-23.5333275,-46.46307,,,,1,2023-06-19T16:58:19+00:00
SAO_273L-10,São Paulo,3550308,True,,224,,,-23.537444999999998,-46.424952000000005,,,,1,2023-06-19T16:58:13+00:00
SAO_273L-10,São Paulo,3550308,True,,224,,,-23.511577,-46.44304174999999,,,,1,2023-06-19T16:58:17+00:00
SAO_5032-10,São Paulo,3550308,True,,34430,,,-23.6013845,-46.586779375,,,,2,2023-06-19T16:58:14+00:00
SAO_5032-10,São Paulo,3550308,True,,34430,,,-23.598135499999998,-46.602278999999996,,,,2,2023-06-19T16:58:24+00:00
SAO_5032-10,São Paulo,3550308,True,,34430,,,-23.6085285,-46.59603,,,,2,2023-06-19T16:58:24+00:00
SAO_5032-10,São Paulo,3550308,True,,34430,,,-23.630733499999998,-46.58568725,,,,2,2023-06-19T16:58:49+00:00
SAO_1773-10,São Paulo,3550308,True,,33405,,,-23.438504,-46.582213,,,,2,2023-06-19T16:53:48+00:00
SAO_1773-10,São Paulo,3550308,True,,33405,,,-23.4583385,-46.6024095,,,,2,2023-06-19T16:58:37+00:00
SAO_1773-10,São Paulo,3550308,True,,33405,,,-23.484446625000004,-46.630247999999995,,,,2,2023-06-19T16:58:33+00:00
SAO_1720-21,São Paulo,3550308,True,,34705,,,-23.487230500000003,-46.574059500000004,,,,2,2023-06-19T16:58:55+00:00
SAO_1720-21,São Paulo,3550308,True,,34705,,,-23.47958725,-46.5793075,,,,2,2023-06-19T16:57:59+00:00
SAO_1720-21,São Paulo,3550308,True,,34705,,,-23.487143500000002,-46.57385,,,,2,2023-06-19T16:58:47+00:00
SAO_1720-21,São Paulo,3550308,True,,34705,,,-23.487230500000003,-46.574059500000004,,,,2,2023-06-19T16:58:38+00:00
SAO_1720-21,São Paulo,3550308,True,,34705,,,-23.4873335,-46.574318500000004,,,,2,2023-06-19T16:58:29+00:00
SAO_4004-10,São Paulo,3550308,True,,2178,,,-23.5833935,-46.4076395,,,,1,2023-06-19T16:55:01+00:00
SAO_5020-10,São Paulo,3550308,True,,1670,,,-23.60026825,-46.60241775,,,,1,2023-06-19T16:58:31+00:00
SAO_5020-10,São Paulo,3550308,True,,1670,,,-23.6026135,-46.602717,,,,1,2023-06-19T16:58:15+00:00
SAO_2666-10,São Paulo,3550308,True,EMTU,378,https://moovitapp.com/index/pt-br/transporte_p%C3%BAblico-line-378-Sao_Paulo-242-2038937-36419452-0,12.1,-23.49454925,-46.41427175,,,,1,2023-06-19T16:58:21+00:00
SAO_2666-10,São Paulo,3550308,True,EMTU,378,https://moovitapp.com/index/pt-br/transporte_p%C3%BAblico-line-378-Sao_Paulo-242-2038937-36419452-0,12.1,-23.537501,-46.5958795,,,,1,2023-06-19T16:58:47+00:00
SAO_2666-10,São Paulo,3550308,True,EMTU,378,https://moovitapp.com/index/pt-br/transporte_p%C3%BAblico-line-378-Sao_Paulo-242-2038937-36419452-0,12.1,-23.5033495,-46.471968000000004,,,,1,2023-06-19T16:58:26+00:00
SAO_2666-10,São Paulo,3550308,True,EMTU,378,https://moovitapp.com/index/pt-br/transporte_p%C3%BAblico-line-378-Sao_Paulo-242-2038937-36419452-0,12.1,-23.49206775,-46.447616249999996,,,,1,2023-06-19T16:58:16+00:00
SAO_2666-10,São Paulo,3550308,True,EMTU,378,https://moovitapp.com/index/pt-br/transporte_p%C3%BAblico-line-378-Sao_Paulo-242-2038937-36419452-0,12.1,-23.52130125,-46.546188,,,,1,2023-06-19T16:58:46+00:00
SAO_2666-10,São Paulo,3550308,True,EMTU,378,https://moovitapp.com/index/pt-br/transporte_p%C3%BAblico-line-378-Sao_Paulo-242-2038937-36419452-0,12.1,-23.522122,-46.53909925,,,,1,2023-06-19T16:58:47+00:00
SAO_2666-10,São Paulo,3550308,True,EMTU,378,https://moovitapp.com/index/pt-br/transporte_p%C3%BAblico-line-378-Sao_Paulo-242-2038937-36419452-0,12.1,-23.546727,-46.629723999999996,,,,1,2023-06-19T16:58:28+00:00
SAO_2666-10,São Paulo,3550308,True,EMTU,378,https://moovitapp.com/index/pt-br/transporte_p%C3%BAblico-line-378-Sao_Paulo-242-2038937-36419452-0,12.1,-23.546727,-46.629723999999996,,,,1,2023-06-19T16:58:32+00:00
SAO_7054-10,São Paulo,3550308,True,,32809,,,-23.6475215,-46.790608000000006,,,,2,2023-06-19T16:58:12+00:00
SAO_7054-10,São Paulo,3550308,True,,32809,,,-23.651257,-46.7909195,,,,2,2023-06-19T16:58:46+00:00
SAO_3064-41,São Paulo,3550308,True,,34701,,,-23.583129,-46.4092945,,,,2,2023-06-19T16:58:13+00:00
SAO_9012-10,São Paulo,3550308,True,,1268,,,-23.4661715,-46.682623,,,,1,2023-06-19T16:58:27+00:00
SAO_9012-10,São Paulo,3550308,True,,1268,,,-23.484278,-46.691393500000004,,,,1,2023-06-19T16:58:17+00:00
SAO_6048-10,São Paulo,3550308,True,,32824,,,-23.646046,-46.704235,,,,2,2023-06-19T16:58:42+00:00
SAO_6048-10,São Paulo,3550308,True,,32824,,,-23.651277,-46.757588999999996,,,,2,2023-06-19T16:58:13+00:00
SAO_5021-10,São Paulo,3550308,True,,1667,,,-23.617160249999998,-46.617979500000004,,,,1,2023-06-19T16:58:19+00:00
SAO_4051-10,São Paulo,3550308,True,,2144,,,-23.561616,-46.401831,,,,1,2023-06-19T16:58:23+00:00
SAO_4051-10,São Paulo,3550308,True,,2144,,,-23.5527625,-46.405802,,,,1,2023-06-19T16:58:36+00:00
SAO_4721-10,São Paulo,3550308,True,EMTU,337,https://moovitapp.com/index/pt-br/transporte_p%C3%BAblico-line-337-Sao_Paulo-242-2038937-36419422-0,6.35,-23.61322,-46.638131,,,,1,2023-06-19T16:58:29+00:00
SAO_775P-10,São Paulo,3550308,True,,33275,,,-23.597096,-46.7681435,,,,2,2023-06-19T16:58:49+00:00
SAO_775P-10,São Paulo,3550308,True,,33275,,,-23.5910795,-46.736353875,,,,2,2023-06-19T16:58:35+00:00
SAO_775P-10,São Paulo,3550308,True,,33275,,,-23.597096,-46.7681435,,,,2,2023-06-19T16:58:26+00:00
SAO_9006-10,São Paulo,3550308,True,,874,,,-23.467498,-46.6781805,,,,1,2023-06-19T16:58:21+00:00
SAO_274P-10,São Paulo,3550308,True,Grupo Vida,232,https://moovitapp.com/index/pt-br/transporte_p%C3%BAblico-line-232-Sao_Paulo-242-887112-748347-0,5.3,-23.523522125,-46.549204875,,,,1,2023-06-19T16:58:08+00:00
SAO_274P-10,São Paulo,3550308,True,Grupo Vida,232,https://moovitapp.com/index/pt-br/transporte_p%C3%BAblico-line-232-Sao_Paulo-242-887112-748347-0,5.3,-23.56187525,-46.62336825,,,,1,2023-06-19T16:58:14+00:00
SAO_7267-10,São Paulo,3550308,True,,34195,,,-23.5466395,-46.639284,,,,2,2023-06-19T16:58:16+00:00
SAO_7267-10,São Paulo,3550308,True,,34195,,,-23.540358249999997,-46.6822455,,,,2,2023-06-19T16:58:40+00:00
SAO_7267-10,São Paulo,3550308,True,,34195,,,-23.536208875,-46.67809975,,,,2,2023-06-19T16:58:15+00:00
SAO_7267-10,São Paulo,3550308,True,,34195,,,-23.5501595,-46.6545185,,,,2,2023-06-19T16:58:46+00:00
SAO_6037-10,São Paulo,3550308,True,,1215,,,-23.649198,-46.7526175,,,,1,2023-06-19T16:58:33+00:00
SAO_6037-10,São Paulo,3550308,True,,1215,,,-23.6559205,-46.776455,,,,1,2023-06-19T16:58:44+00:00
SAO_6037-10,São Paulo,3550308,True,,1215,,,-23.645425250000002,-46.708923625000004,,,,1,2023-06-19T16:58:21+00:00
SAO_6037-10,São Paulo,3550308,True,,1215,,,-23.649607000000003,-46.707680499999995,,,,1,2023-06-19T16:58:38+00:00
SAO_6037-10,São Paulo,3550308,True,,1215,,,-23.642485999999998,-46.7246605,,,,1,2023-06-19T16:58:36+00:00
SAO_8028-10,São Paulo,3550308,True,,2532,,,-23.620416499999997,-46.7235045,,,,1,2023-06-19T16:58:25+00:00
SAO_8028-10,São Paulo,3550308,True,,2532,,,-23.616042,-46.720892,,,,1,2023-06-19T16:58:34+00:00
SAO_8028-10,São Paulo,3550308,True,,2532,,,-23.601012,-46.7155585,,,,1,2023-06-19T16:58:49+00:00
SAO_4742-10,São Paulo,3550308,True,EMTU,342,https://moovitapp.com/index/pt-br/transporte_p%C3%BAblico-line-342-Sao_Paulo-242-2038937-36419426-0,7.55,-23.6389985,-46.607496999999995,,,,1,2023-06-19T16:58:45+00:00
SAO_4742-10,São Paulo,3550308,True,EMTU,342,https://moovitapp.com/index/pt-br/transporte_p%C3%BAblico-line-342-Sao_Paulo-242-2038937-36419426-0,7.55,-23.650012,-46.6139055,,,,1,2023-06-19T16:58:37+00:00
SAO_4742-10,São Paulo,3550308,True,EMTU,342,https://moovitapp.com/index/pt-br/transporte_p%C3%BAblico-line-342-Sao_Paulo-242-2038937-36419426-0,7.55,-23.638104,-46.6087755,,,,1,2023-06-19T16:58:43+00:00
SAO_139A-10,São Paulo,3550308,True,,2451,,,-23.51801575,-46.70245975,,,,1,2023-06-19T16:58:22+00:00
SAO_139A-10,São Paulo,3550308,True,,2451,,,-23.4876765,-46.7041055,,,,1,2023-06-19T16:58:38+00:00
SAO_273F-10,São Paulo,3550308,True,,159,,,-23.5427185,-46.470543500000005,,,,1,2023-06-19T16:56:42+00:00
SAO_273F-10,São Paulo,3550308,True,,159,,,-23.480454,-46.427162249999995,,,,1,2023-06-19T16:58:38+00:00
SAO_546A-31,São Paulo,3550308,True,,1132,,,-23.679492250000003,-46.684490249999996,,,,1,2023-06-19T16:58:17+00:00
SAO_546A-31,São Paulo,3550308,True,,1132,,,-23.6544305,-46.703920499999995,,,,1,2023-06-19T16:58:31+00:00
SAO_546A-31,São Paulo,3550308,True,,1132,,,-23.654280999999997,-46.70443349999999,,,,1,2023-06-19T16:58:54+00:00
SAO_546A-31,São Paulo,3550308,True,,1132,,,-23.7139475,-46.6571055,,,,1,2023-06-19T16:57:23+00:00
SAO_546A-31,São Paulo,3550308,True,,1132,,,-23.6927705,-46.660159,,,,1,2023-06-19T16:58:49+00:00
SAO_9002-10,São Paulo,3550308,True,,870,,,-23.4644605,-46.6677505,,,,1,2023-06-19T16:58:38+00:00
SAO_9011-21,São Paulo,3550308,True,,34536,,,-23.450623999999998,-46.735321,,,,2,2023-06-19T16:58:23+00:00
SAO_9011-21,São Paulo,3550308,True,,34536,,,-23.447171249999997,-46.724278749999996,,,,2,2023-06-19T16:58:48+00:00
SAO_6806-10,São Paulo,3550308,True,,32800,,,-23.633952,-46.757903,,,,2,2023-06-19T16:58:48+00:00
SAO_6806-10,São Paulo,3550308,True,,32800,,,-23.6425365,-46.753651500000004,,,,2,2023-06-19T16:58:27+00:00
SAO_6049-10,São Paulo,3550308,True,,1309,,,-23.694253,-46.793887,,,,1,2023-06-19T16:58:53+00:00
SAO_6049-10,São Paulo,3550308,True,,1309,,,-23.660376499999998,-46.767345500000005,,,,1,2023-06-19T16:58:40+00:00
SAO_6049-10,São Paulo,3550308,True,,1309,,,-23.652354125000002,-46.723022625,,,,1,2023-06-19T16:58:15+00:00
SAO_6050-10,São Paulo,3550308,True,,33993,,,-23.735712499999998,-46.69611125,,,,2,2023-06-19T16:58:38+00:00
SAO_8047-41,São Paulo,3550308,True,STT,410,https://moovitapp.com/index/pt-br/transporte_p%C3%BAblico-line-410-Sao_Paulo-242-850661-183302-0,5.3,-23.511239500000002,-46.747572,,,,1,2023-06-19T16:58:31+00:00
SAO_805L-10,São Paulo,3550308,True,EMTU,124,https://moovitapp.com/index/pt-br/transporte_p%C3%BAblico-line-124-Sao_Paulo-242-2038937-36419282-0,5.15,-23.53485475,-46.64370675000001,,,,1,2023-06-19T16:58:51+00:00
SAO_119L-10,São Paulo,3550308,True,,2273,,,-23.5085275,-46.73930300000001,,,,1,2023-06-19T16:58:16+00:00
SAO_809H-10,São Paulo,3550308,True,,2245,,,-23.580671000000002,-46.794031000000004,,,,1,2023-06-19T16:58:31+00:00
SAO_809H-10,São Paulo,3550308,True,,2245,,,-23.585118625,-46.742367375,,,,1,2023-06-19T16:58:46+00:00
SAO_809H-10,São Paulo,3550308,True,,2245,,,-23.533249499999997,-46.728767000000005,,,,1,2023-06-19T16:58:14+00:00
SAO_809H-10,São Paulo,3550308,True,,2245,,,-23.522034500000004,-46.701772625000004,,,,1,2023-06-19T16:58:17+00:00
SAO_809H-10,São Paulo,3550308,True,,2245,,,-23.555481750000002,-46.743675249999995,,,,1,2023-06-19T16:58:51+00:00
SAO_805L-10,São Paulo,3550308,True,,32892,,,-23.534046500000002,-46.64469425,,,,2,2023-06-19T16:58:45+00:00
SAO_805L-10,São Paulo,3550308,True,,32892,,,-23.534046500000002,-46.64469425,,,,2,2023-06-19T16:58:49+00:00
SAO_805L-10,São Paulo,3550308,True,,32892,,,-23.5734135,-46.642413875,,,,2,2023-06-19T16:58:23+00:00
SAO_805L-10,São Paulo,3550308,True,,32892,,,-23.5355075,-46.644417000000004,,,,2,2023-06-19T16:58:29+00:00
SAO_805L-10,São Paulo,3550308,True,,32892,,,-23.538012375,-46.651158375,,,,2,2023-06-19T16:58:32+00:00
SAO_805L-10,São Paulo,3550308,True,,32892,,,-23.5343605,-46.644125,,,,2,2023-06-19T16:58:47+00:00
SAO_809V-10,São Paulo,3550308,True,,2243,,,-23.56992025,-46.71291925,,,,1,2023-06-19T16:58:17+00:00
SAO_2020-10,São Paulo,3550308,True,,2262,,,-23.4618705,-46.629962500000005,,,,1,2023-06-19T16:58:28+00:00
SAO_8544-10,São Paulo,3550308,True,EMTU,430,https://moovitapp.com/index/pt-br/transporte_p%C3%BAblico-line-430-Sao_Paulo-242-2038937-36584270-0,5.2,-23.542839999999998,-46.6362885,,,,1,2023-06-19T16:57:29+00:00
SAO_8544-10,São Paulo,3550308,True,EMTU,430,https://moovitapp.com/index/pt-br/transporte_p%C3%BAblico-line-430-Sao_Paulo-242-2038937-36584270-0,5.2,-23.473529,-46.7258125,,,,1,2023-06-19T16:58:41+00:00
SAO_6046-10,São Paulo,3550308,True,,1223,,,-23.671858999999998,-46.7732835,,,,1,2023-06-19T16:58:31+00:00
SAO_6046-10,São Paulo,3550308,True,,1223,,,-23.684154999999997,-46.7816525,,,,1,2023-06-19T16:58:21+00:00
SAO_6046-10,São Paulo,3550308,True,,1223,,,-23.649607000000003,-46.707680499999995,,,,1,2023-06-19T16:58:55+00:00
SAO_3901-10,São Paulo,3550308,True,,1469,,,-23.521649500000002,-46.54576,,,,1,2023-06-19T16:58:33+00:00
SAO_848L-10,São Paulo,3550308,True,EMTU,808,https://moovitapp.com/index/pt-br/transporte_p%C3%BAblico-line-808-Sao_Paulo-242-2038937-36419584-0,4.8,-23.4088365,-46.735354,,,,1,2023-06-19T16:58:16+00:00
SAO_848L-10,São Paulo,3550308,True,EMTU,808,https://moovitapp.com/index/pt-br/transporte_p%C3%BAblico-line-808-Sao_Paulo-242-2038937-36419584-0,4.8,-23.445023499999998,-46.722429500000004,,,,1,2023-06-19T16:58:14+00:00
SAO_4725-10,São Paulo,3550308,True,,338,,,-23.6116575,-46.625891499999994,,,,1,2023-06-19T16:58:13+00:00
SAO_9166-10,São Paulo,3550308,True,,33475,,,-23.46100075,-46.66574475,,,,2,2023-06-19T16:58:29+00:00
SAO_6008-10,São Paulo,3550308,True,,1200,,,-23.684453,-46.7624945,,,,1,2023-06-19T16:58:35+00:00
SAO_6008-10,São Paulo,3550308,True,,1200,,,-23.6740395,-46.7342875,,,,1,2023-06-19T16:58:33+00:00
SAO_6008-10,São Paulo,3550308,True,,1200,,,-23.654559999999996,-46.7073605,,,,1,2023-06-19T16:58:35+00:00
SAO_775N-10,São Paulo,3550308,True,,474,,,-23.54645025,-46.690705,,,,1,2023-06-19T16:58:56+00:00
SAO_775N-10,São Paulo,3550308,True,,474,,,-23.575194,-46.76196775,,,,1,2023-06-19T16:58:31+00:00
SAO_6815-10,São Paulo,3550308,True,BR7 Mobilidade,25,https://moovitapp.com/index/pt-br/transporte_p%C3%BAblico-line-25-Sao_Paulo-242-851856-758720-0,5.75,-23.6762685,-46.783033,,,,1,2023-06-19T16:58:32+00:00
SAO_6815-10,São Paulo,3550308,True,BR7 Mobilidade,25,https://moovitapp.com/index/pt-br/transporte_p%C3%BAblico-line-25-Sao_Paulo-242-851856-758720-0,5.75,-23.66910075,-46.775980875,,,,1,2023-06-19T16:58:54+00:00
SAO_4036-10,São Paulo,3550308,True,,2561,,,-23.549501,-46.5075425,,,,1,2023-06-19T16:55:38+00:00
SAO_2363-10,São Paulo,3550308,True,,32903,,,-23.505848,-46.5168945,,,,2,2023-06-19T16:56:42+00:00
SAO_2363-10,São Paulo,3550308,True,,32903,,,-23.524761499999997,-46.550037125,,,,2,2023-06-19T16:58:46+00:00
SAO_2363-10,São Paulo,3550308,True,,32903,,,-23.4984825,-46.502362250000004,,,,2,2023-06-19T16:53:24+00:00
SAO_2363-10,São Paulo,3550308,True,,32903,,,-23.498963500000002,-46.501861500000004,,,,2,2023-06-19T16:58:46+00:00
SAO_2363-10,São Paulo,3550308,True,,32903,,,-23.539212,-46.608181,,,,2,2023-06-19T16:58:19+00:00
SAO_701H-10,São Paulo,3550308,True,,35326,,,-23.7023335,-46.744477,,,,2,2023-06-19T16:58:47+00:00
SAO_1720-21,São Paulo,3550308,True,,1937,,,-23.481915,-46.60225375,,,,1,2023-06-19T16:58:54+00:00
SAO_1720-21,São Paulo,3550308,True,,1937,,,-23.4794465,-46.5844965,,,,1,2023-06-19T16:58:40+00:00
SAO_874T-10,São Paulo,3550308,True,EMTU,307,https://moovitapp.com/index/pt-br/transporte_p%C3%BAblico-line-307-Sao_Paulo-242-2038937-36419399-0,5.2,-23.53097775,-46.6667425,,,,1,2023-06-19T16:58:29+00:00
SAO_874T-10,São Paulo,3550308,True,EMTU,307,https://moovitapp.com/index/pt-br/transporte_p%C3%BAblico-line-307-Sao_Paulo-242-2038937-36419399-0,5.2,-23.557978875,-46.66027225,,,,1,2023-06-19T16:58:30+00:00
SAO_874T-10,São Paulo,3550308,True,EMTU,307,https://moovitapp.com/index/pt-br/transporte_p%C3%BAblico-line-307-Sao_Paulo-242-2038937-36419399-0,5.2,-23.578074,-46.6021865,,,,1,2023-06-19T16:58:20+00:00
SAO_874T-10,São Paulo,3550308,True,EMTU,307,https://moovitapp.com/index/pt-br/transporte_p%C3%BAblico-line-307-Sao_Paulo-242-2038937-36419399-0,5.2,-23.563597,-46.619397500000005,,,,1,2023-06-19T16:58:20+00:00
SAO_809U-21,São Paulo,3550308,True,,35075,,,-23.530233,-46.68493662499999,,,,2,2023-06-19T16:58:43+00:00
SAO_809U-21,São Paulo,3550308,True,,35075,,,-23.530041875000002,-46.6819175,,,,2,2023-06-19T16:58:20+00:00
SAO_809U-21,São Paulo,3550308,True,,35075,,,-23.5258765,-46.671685999999994,,,,2,2023-06-19T16:58:36+00:00
SAO_809U-21,São Paulo,3550308,True,,35075,,,-23.547126499999997,-46.690053000000006,,,,2,2023-06-19T16:58:20+00:00
SAO_809U-21,São Paulo,3550308,True,,35075,,,-23.526490000000003,-46.666558,,,,2,2023-06-19T16:58:20+00:00
SAO_2028-10,São Paulo,3550308,True,,2263,,,-23.435933,-46.5767585,,,,1,2023-06-19T16:57:50+00:00
SAO_2028-10,São Paulo,3550308,True,,2263,,,-23.473537874999998,-46.6009555,,,,1,2023-06-19T16:57:21+00:00
SAO_4706-10,São Paulo,3550308,True,,299,,,-23.641823000000002,-46.596489500000004,,,,1,2023-06-19T16:58:31+00:00
SAO_4706-10,São Paulo,3550308,True,,299,,,-23.60477175,-46.614219750000004,,,,1,2023-06-19T16:58:22+00:00
SAO_373M-10,São Paulo,3550308,True,,33049,,,-23.601270999999997,-46.538996,,,,2,2023-06-19T16:58:12+00:00
SAO_373M-10,São Paulo,3550308,True,,33049,,,-23.598073125,-46.53989825,,,,2,2023-06-19T16:58:29+00:00
SAO_373M-10,São Paulo,3550308,True,,33049,,,-23.555578437499996,-46.599552875,,,,2,2023-06-19T16:58:47+00:00
SAO_6418-10,São Paulo,3550308,True,,771,,,-23.615271749999998,-46.702226875,,,,1,2023-06-19T16:58:24+00:00
SAO_6418-10,São Paulo,3550308,True,,771,,,-23.610416,-46.704665500000004,,,,1,2023-06-19T16:58:28+00:00
SAO_5701-10,São Paulo,3550308,True,,1136,,,-23.635625,-46.6414725,,,,1,2023-06-19T16:58:50+00:00
SAO_5701-10,São Paulo,3550308,True,,1136,,,-23.622072250000002,-46.68806525,,,,1,2023-06-19T16:58:13+00:00
SAO_5701-10,São Paulo,3550308,True,,1136,,,-23.634839,-46.668867500000005,,,,1,2023-06-19T16:58:45+00:00
SAO_5701-10,São Paulo,3550308,True,,1136,,,-23.6190115,-46.6997825,,,,1,2023-06-19T16:58:40+00:00
SAO_5701-10,São Paulo,3550308,True,,1136,,,-23.651685,-46.654404,,,,1,2023-06-19T16:58:27+00:00
SAO_6016-10,São Paulo,3550308,True,,32852,,,-23.758949,-46.684338499999996,,,,2,2023-06-19T16:58:16+00:00
SAO_6016-10,São Paulo,3550308,True,,32852,,,-23.769219749999998,-46.67787,,,,2,2023-06-19T16:58:47+00:00
SAO_637V-10,São Paulo,3550308,True,,32872,,,-23.675869,-46.712064999999996,,,,2,2023-06-19T16:58:30+00:00
SAO_637V-10,São Paulo,3550308,True,,32872,,,-23.706483,-46.700525999999996,,,,2,2023-06-19T16:58:24+00:00
SAO_637V-10,São Paulo,3550308,True,,32872,,,-23.732176,-46.6837415,,,,2,2023-06-19T16:58:52+00:00
SAO_637V-10,São Paulo,3550308,True,,32872,,,-23.738421,-46.688868,,,,2,2023-06-19T16:58:17+00:00
SAO_6412-10,São Paulo,3550308,True,,770,,,-23.573643750000002,-46.65529775,,,,1,2023-06-19T16:58:52+00:00
SAO_6412-10,São Paulo,3550308,True,,770,,,-23.616134,-46.72086,,,,1,2023-06-19T16:58:35+00:00
SAO_6412-10,São Paulo,3550308,True,,770,,,-23.61524625,-46.69293975,,,,1,2023-06-19T16:58:11+00:00
SAO_4085-10,São Paulo,3550308,True,,2156,,,-23.542684,-46.4693915,,,,1,2023-06-19T16:57:59+00:00
SAO_4085-10,São Paulo,3550308,True,,2156,,,-23.563233,-46.434481000000005,,,,1,2023-06-19T16:58:22+00:00
SAO_4085-10,São Paulo,3550308,True,,2156,,,-23.546198500000003,-46.461079999999995,,,,1,2023-06-19T16:58:31+00:00
SAO_5119-23,São Paulo,3550308,True,,34893,,,-23.64353475,-46.73348675,,,,2,2023-06-19T16:58:32+00:00
SAO_6L10-10,São Paulo,3550308,True,,33927,,,-23.808874000000003,-46.764905999999996,,,,2,2023-06-19T16:57:39+00:00
SAO_2101-10,São Paulo,3550308,True,,714,,,-23.552018000000004,-46.621163375,,,,1,2023-06-19T16:58:53+00:00
SAO_958P-10,São Paulo,3550308,True,,465,,,-23.5673645,-46.693618,,,,1,2023-06-19T16:58:30+00:00
SAO_958P-10,São Paulo,3550308,True,,465,,,-23.491875999999998,-46.7416995,,,,1,2023-06-19T16:58:17+00:00
SAO_342C-10,São Paulo,3550308,True,,1002,,,-23.5644985,-46.494382,,,,1,2023-06-19T16:58:26+00:00
SAO_342C-10,São Paulo,3550308,True,,1002,,,-23.5232615,-46.545676,,,,1,2023-06-19T16:58:46+00:00
SAO_342C-10,São Paulo,3550308,True,,1002,,,-23.538888999999998,-46.525268499999996,,,,1,2023-06-19T16:58:13+00:00
SAO_342C-10,São Paulo,3550308,True,,1002,,,-23.5347325,-46.509722749999995,,,,1,2023-06-19T16:58:26+00:00
SAO_6801-10,São Paulo,3550308,True,,32773,,,-23.660314,-46.7336045,,,,2,2023-06-19T16:58:11+00:00
SAO_6801-10,São Paulo,3550308,True,,32773,,,-23.660584,-46.7336095,,,,2,2023-06-19T16:58:53+00:00
SAO_307C-10,São Paulo,3550308,True,,34882,,,-23.500075250000002,-46.398988,,,,2,2023-06-19T16:58:42+00:00
SAO_307C-10,São Paulo,3550308,True,,34882,,,-23.502336,-46.471188,,,,2,2023-06-19T16:58:10+00:00
SAO_307C-10,São Paulo,3550308,True,,34882,,,-23.5038615,-46.3797665,,,,2,2023-06-19T16:58:15+00:00
SAO_307C-10,São Paulo,3550308,True,,34882,,,-23.5037935,-46.379870499999996,,,,2,2023-06-19T16:58:38+00:00
SAO_307C-10,São Paulo,3550308,True,,34882,,,-23.504025,-46.3795905,,,,2,2023-06-19T16:58:25+00:00
SAO_3001-10,São Paulo,3550308,True,,1650,,,-23.4988045,-46.3950825,,,,1,2023-06-19T16:58:34+00:00
SAO_3001-10,São Paulo,3550308,True,,1650,,,-23.491661,-46.4341125,,,,1,2023-06-19T16:58:14+00:00
SAO_6053-10,São Paulo,3550308,True,,33913,,,-23.7684675,-46.6615645,,,,2,2023-06-19T16:58:24+00:00
SAO_6053-10,São Paulo,3550308,True,,33913,,,-23.756238500000002,-46.669761,,,,2,2023-06-19T16:58:33+00:00
SAO_6053-10,São Paulo,3550308,True,,33913,,,-23.768271,-46.6614515,,,,2,2023-06-19T16:58:39+00:00
SAO_6057-10,São Paulo,3550308,True,,1148,,,-23.737047,-46.697469,,,,1,2023-06-19T16:58:21+00:00
SAO_6057-10,São Paulo,3550308,True,,1148,,,-23.752564,-46.7103815,,,,1,2023-06-19T16:58:32+00:00
SAO_6057-10,São Paulo,3550308,True,,1148,,,-23.76558325,-46.702898250000004,,,,1,2023-06-19T16:58:20+00:00
SAO_6057-10,São Paulo,3550308,True,,1148,,,-23.74278,-46.701559,,,,1,2023-06-19T16:58:37+00:00
SAO_6057-10,São Paulo,3550308,True,,1148,,,-23.766551999999997,-46.7091615,,,,1,2023-06-19T16:58:11+00:00
SAO_7053-22,São Paulo,3550308,True,,1896,,,-23.6388125,-46.7797675,,,,1,2023-06-19T16:58:54+00:00
SAO_2735-21,São Paulo,3550308,True,,514,,,-23.509272000000003,-46.549723,,,,1,2023-06-19T16:58:46+00:00
SAO_2735-21,São Paulo,3550308,True,,514,,,-23.533376500000003,-46.545646000000005,,,,1,2023-06-19T16:58:28+00:00
SAO_8060-10,São Paulo,3550308,True,EMTU,418,https://moovitapp.com/index/pt-br/transporte_p%C3%BAblico-line-418-Sao_Paulo-242-2038937-36419475-0,6.55,-23.52725,-46.734348999999995,,,,1,2023-06-19T16:58:36+00:00
SAO_2105-10,São Paulo,3550308,True,,2247,,,-23.487362625,-46.622486375,,,,1,2023-06-19T16:58:36+00:00
SAO_2105-10,São Paulo,3550308,True,,2247,,,-23.538029125,-46.62111725,,,,1,2023-06-19T16:57:33+00:00
SAO_2105-10,São Paulo,3550308,True,,2247,,,-23.53796475,-46.6195535,,,,1,2023-06-19T16:58:24+00:00
SAO_7062-31,São Paulo,3550308,True,,1914,,,-23.6364275,-46.7779335,,,,1,2023-06-19T16:58:17+00:00
SAO_273L-10,São Paulo,3550308,True,,32992,,,-23.514255,-46.425095999999996,,,,2,2023-06-19T16:58:54+00:00
SAO_273L-10,São Paulo,3550308,True,,32992,,,-23.538865,-46.431186499999995,,,,2,2023-06-19T16:58:14+00:00
SAO_273L-10,São Paulo,3550308,True,,32992,,,-23.538865,-46.431186499999995,,,,2,2023-06-19T16:58:41+00:00
SAO_273L-10,São Paulo,3550308,True,,32992,,,-23.539380375,-46.431489625,,,,2,2023-06-19T16:58:17+00:00
SAO_6816-10,São Paulo,3550308,True,BR7 Mobilidade,26,https://moovitapp.com/index/pt-br/transporte_p%C3%BAblico-line-26-Sao_Paulo-242-851856-577923-0,5.75,-23.65279,-46.778128499999994,,,,1,2023-06-19T16:58:41+00:00
SAO_6816-10,São Paulo,3550308,True,BR7 Mobilidade,26,https://moovitapp.com/index/pt-br/transporte_p%C3%BAblico-line-26-Sao_Paulo-242-851856-577923-0,5.75,-23.653994500000003,-46.762168,,,,1,2023-06-19T16:58:39+00:00
SAO_6816-10,São Paulo,3550308,True,BR7 Mobilidade,26,https://moovitapp.com/index/pt-br/transporte_p%C3%BAblico-line-26-Sao_Paulo-242-851856-577923-0,5.75,-23.653212,-46.7764515,,,,1,2023-06-19T16:58:11+00:00
SAO_8009-31,São Paulo,3550308,True,,34028,,,-23.486620000000002,-46.7265875,,,,2,2023-06-19T16:58:21+00:00
SAO_8009-31,São Paulo,3550308,True,,34028,,,-23.440931,-46.749308,,,,2,2023-06-19T16:58:23+00:00
SAO_971R-51,São Paulo,3550308,True,,33385,,,-23.500310374999998,-46.62728200000001,,,,2,2023-06-19T16:58:39+00:00
SAO_1015-10,São Paulo,3550308,True,,2230,,,-23.4101555,-46.8184915,,,,1,2023-06-19T16:58:46+00:00
SAO_1015-10,São Paulo,3550308,True,,2230,,,-23.4324985,-46.7870395,,,,1,2023-06-19T16:58:35+00:00
SAO_3729-10,São Paulo,3550308,True,,33794,,,-23.564308,-46.5048635,,,,2,2023-06-19T16:58:40+00:00
SAO_3729-10,São Paulo,3550308,True,,33794,,,-23.563157,-46.552479000000005,,,,2,2023-06-19T16:58:51+00:00
SAO_3729-10,São Paulo,3550308,True,,33794,,,-23.564476499999998,-46.504782500000005,,,,2,2023-06-19T16:58:14+00:00
SAO_3729-10,São Paulo,3550308,True,,33794,,,-23.538428500000002,-46.563574,,,,2,2023-06-19T16:58:50+00:00
SAO_3729-10,São Paulo,3550308,True,,33794,,,-23.538428500000002,-46.563574,,,,2,2023-06-19T16:58:40+00:00
SAO_3729-10,São Paulo,3550308,True,,33794,,,-23.538428500000002,-46.563574,,,,2,2023-06-19T16:58:52+00:00
SAO_3729-10,São Paulo,3550308,True,,33794,,,-23.538428500000002,-46.563574,,,,2,2023-06-19T16:58:47+00:00
SAO_3729-10,São Paulo,3550308,True,,33794,,,-23.5823015,-46.535949,,,,2,2023-06-19T16:58:49+00:00
SAO_3729-10,São Paulo,3550308,True,,33794,,,-23.551105999999997,-46.562325,,,,2,2023-06-19T16:56:37+00:00
SAO_3729-10,São Paulo,3550308,True,,33794,,,-23.538428500000002,-46.563574,,,,2,2023-06-19T16:58:42+00:00
SAO_8686-10,São Paulo,3550308,True,,33214,,,-23.521767375,-46.716278625,,,,2,2023-06-19T16:58:31+00:00
SAO_8686-10,São Paulo,3550308,True,,33214,,,-23.488598,-46.742557500000004,,,,2,2023-06-19T16:58:48+00:00
SAO_971R-21,São Paulo,3550308,True,,33383,,,-23.501994,-46.6256975,,,,2,2023-06-19T16:58:22+00:00
SAO_6022-10,São Paulo,3550308,True,,1207,,,-23.69639275,-46.779560000000004,,,,1,2023-06-19T16:58:50+00:00
SAO_6022-10,São Paulo,3550308,True,,1207,,,-23.729324,-46.782303,,,,1,2023-06-19T16:58:17+00:00
SAO_2725-10,São Paulo,3550308,True,,939,,,-23.52346,-46.4732675,,,,1,2023-06-19T16:58:53+00:00
SAO_2725-10,São Paulo,3550308,True,,939,,,-23.515351,-46.4687215,,,,1,2023-06-19T16:58:52+00:00
SAO_6063-21,São Paulo,3550308,True,,34769,,,-23.7690195,-46.715415500000006,,,,2,2023-06-19T16:58:17+00:00
SAO_7725-10,São Paulo,3550308,True,EMTU,472,https://moovitapp.com/index/pt-br/transporte_p%C3%BAblico-line-472-Sao_Paulo-242-2038937-36419508-0,35.0,-23.559753,-46.74195,,,,1,2023-06-19T16:58:40+00:00
SAO_746K-10,São Paulo,3550308,True,STT,787,https://moovitapp.com/index/pt-br/transporte_p%C3%BAblico-line-787-Sao_Paulo-242-850661-183355-0,5.3,-23.624073000000003,-46.6955445,,,,1,2023-06-19T16:58:20+00:00
SAO_746K-10,São Paulo,3550308,True,STT,787,https://moovitapp.com/index/pt-br/transporte_p%C3%BAblico-line-787-Sao_Paulo-242-850661-183355-0,5.3,-23.618436000000003,-46.721787500000005,,,,1,2023-06-19T16:58:35+00:00
SAO_746K-10,São Paulo,3550308,True,STT,787,https://moovitapp.com/index/pt-br/transporte_p%C3%BAblico-line-787-Sao_Paulo-242-850661-183355-0,5.3,-23.6145785,-46.6812525,,,,1,2023-06-19T16:58:15+00:00
SAO_909T-1,São Paulo,3550308,True,,35280,,,-23.56555875,-46.7010795,,,,2,2023-06-19T16:58:28+00:00
SAO_909T-1,São Paulo,3550308,True,,35280,,,-23.555764,-46.666589,,,,2,2023-06-19T16:58:36+00:00
SAO_8545-10,São Paulo,3550308,True,,34132,,,-23.492621,-46.6962925,,,,2,2023-06-19T16:58:21+00:00
SAO_8545-10,São Paulo,3550308,True,,34132,,,-23.4647875,-46.6958485,,,,2,2023-06-19T16:58:45+00:00
SAO_8545-10,São Paulo,3550308,True,,34132,,,-23.529353,-46.677958000000004,,,,2,2023-06-19T16:58:24+00:00
SAO_8545-10,São Paulo,3550308,True,,34132,,,-23.464785,-46.6959285,,,,2,2023-06-19T16:58:26+00:00
SAO_263C-10,São Paulo,3550308,True,,33020,,,-23.538721250000002,-46.4371785,,,,2,2023-06-19T16:57:52+00:00
SAO_263C-10,São Paulo,3550308,True,,33020,,,-23.4943015,-46.415208500000006,,,,2,2023-06-19T16:58:37+00:00
SAO_263C-10,São Paulo,3550308,True,,33020,,,-23.5371415,-46.415614500000004,,,,2,2023-06-19T16:58:25+00:00
SAO_2720-31,São Paulo,3550308,True,,1842,,,-23.490448,-46.475278,,,,1,2023-06-19T16:58:40+00:00
SAO_2720-31,São Paulo,3550308,True,,1842,,,-23.52835225,-46.5179975,,,,1,2023-06-19T16:58:16+00:00
SAO_6063-41,São Paulo,3550308,True,,1773,,,-23.787551999999998,-46.679802,,,,1,2023-06-19T16:58:25+00:00
SAO_6063-41,São Paulo,3550308,True,,1773,,,-23.776369,-46.696589,,,,1,2023-06-19T16:58:53+00:00
SAO_575A-10,São Paulo,3550308,True,,34406,,,-23.5711505,-46.576269499999995,,,,2,2023-06-19T16:58:39+00:00
SAO_575A-10,São Paulo,3550308,True,,34406,,,-23.541069,-46.5759855,,,,2,2023-06-19T16:58:32+00:00
SAO_575A-10,São Paulo,3550308,True,,34406,,,-23.5540785,-46.583753,,,,2,2023-06-19T16:58:29+00:00
SAO_575A-10,São Paulo,3550308,True,,34406,,,-23.602311375,-46.5706325,,,,2,2023-06-19T16:58:46+00:00
SAO_407I-10,São Paulo,3550308,True,,2222,,,-23.5490525,-46.503769500000004,,,,1,2023-06-19T16:58:12+00:00
SAO_407I-10,São Paulo,3550308,True,,2222,,,-23.5404725,-46.5751875,,,,1,2023-06-19T16:58:49+00:00
SAO_407I-10,São Paulo,3550308,True,,2222,,,-23.546568,-46.605794,,,,1,2023-06-19T16:58:14+00:00
SAO_3903-10,São Paulo,3550308,True,,34239,,,-23.521306,-46.457174,,,,2,2023-06-19T16:58:23+00:00
SAO_3903-10,São Paulo,3550308,True,,34239,,,-23.517235,-46.5157385,,,,2,2023-06-19T16:58:10+00:00
SAO_2733-10,São Paulo,3550308,True,,33716,,,-23.534764000000003,-46.4534805,,,,2,2023-06-19T16:58:45+00:00
SAO_2733-10,São Paulo,3550308,True,,33716,,,-23.5162355,-46.4623365,,,,2,2023-06-19T16:58:46+00:00
SAO_2733-10,São Paulo,3550308,True,,33716,,,-23.515781500000003,-46.4549495,,,,2,2023-06-19T16:58:17+00:00
SAO_8009-31,São Paulo,3550308,True,,1260,,,-23.438141,-46.751827500000005,,,,1,2023-06-19T16:58:17+00:00
SAO_8009-31,São Paulo,3550308,True,,1260,,,-23.451419,-46.720533,,,,1,2023-06-19T16:58:13+00:00
SAO_709A-10,São Paulo,3550308,True,,2092,,,-23.6136795,-46.695497,,,,1,2023-06-19T16:58:18+00:00
SAO_709A-10,São Paulo,3550308,True,,2092,,,-23.6130845,-46.696608499999996,,,,1,2023-06-19T16:58:21+00:00
SAO_709A-10,São Paulo,3550308,True,,2092,,,-23.587719,-46.672453000000004,,,,1,2023-06-19T16:58:51+00:00
SAO_709A-10,São Paulo,3550308,True,,2092,,,-23.6132095,-46.696375,,,,1,2023-06-19T16:58:50+00:00
SAO_709A-10,São Paulo,3550308,True,,2092,,,-23.581194125,-46.65919375,,,,1,2023-06-19T16:58:04+00:00
SAO_2012-10,São Paulo,3550308,True,,35049,,,-23.514087249999996,-46.60817425,,,,2,2023-06-19T16:58:42+00:00
SAO_2012-10,São Paulo,3550308,True,,35049,,,-23.4886805,-46.582163,,,,2,2023-06-19T16:58:38+00:00
SAO_5100-10,São Paulo,3550308,True,,1370,,,-23.568838624999998,-46.65007475,,,,1,2023-06-19T16:58:46+00:00
SAO_7281-10,São Paulo,3550308,True,,34102,,,-23.551383,-46.676852999999994,,,,2,2023-06-19T16:58:29+00:00
SAO_7281-10,São Paulo,3550308,True,,34102,,,-23.5216575,-46.7021335,,,,2,2023-06-19T16:58:34+00:00
SAO_6L10-41,São Paulo,3550308,True,,34773,,,-23.7876945,-46.765291000000005,,,,2,2023-06-19T16:58:53+00:00
SAO_6L10-41,São Paulo,3550308,True,,34773,,,-23.766137,-46.7164225,,,,2,2023-06-19T16:58:45+00:00
SAO_6L10-41,São Paulo,3550308,True,,34773,,,-23.7878855,-46.765459,,,,2,2023-06-19T16:58:16+00:00
SAO_6L10-41,São Paulo,3550308,True,,34773,,,-23.7880685,-46.765596,,,,2,2023-06-19T16:58:41+00:00
SAO_6L10-41,São Paulo,3550308,True,,34773,,,-23.7878855,-46.765459,,,,2,2023-06-19T16:58:52+00:00
SAO_6823-10,São Paulo,3550308,True,,32802,,,-23.6917595,-46.790623499999995,,,,2,2023-06-19T16:58:50+00:00
SAO_5022-10,São Paulo,3550308,True,,1120,,,-23.672228,-46.638205,,,,1,2023-06-19T16:58:41+00:00
SAO_5022-10,São Paulo,3550308,True,,1120,,,-23.6594605,-46.6434235,,,,1,2023-06-19T16:58:50+00:00
SAO_5022-10,São Paulo,3550308,True,,1120,,,-23.665724500000003,-46.649345,,,,1,2023-06-19T16:58:52+00:00
SAO_5022-10,São Paulo,3550308,True,,1120,,,-23.672228,-46.638205,,,,1,2023-06-19T16:58:47+00:00
SAO_4721-10,São Paulo,3550308,True,,33105,,,-23.633186000000002,-46.641513,,,,2,2023-06-19T16:58:40+00:00
SAO_4721-10,São Paulo,3550308,True,,33105,,,-23.621776,-46.62868,,,,2,2023-06-19T16:58:16+00:00
SAO_775F-31,São Paulo,3550308,True,,35256,,,-23.582519749999996,-46.690098500000005,,,,2,2023-06-19T16:58:41+00:00
SAO_775F-31,São Paulo,3550308,True,,35256,,,-23.6244995,-46.73398,,,,2,2023-06-19T16:58:19+00:00
SAO_809D-10,São Paulo,3550308,True,,2068,,,-23.595937,-46.780127,,,,1,2023-06-19T16:58:17+00:00
SAO_809D-10,São Paulo,3550308,True,,2068,,,-23.568432,-46.697025,,,,1,2023-06-19T16:58:37+00:00
SAO_809D-10,São Paulo,3550308,True,,2068,,,-23.603227500000003,-46.7807495,,,,1,2023-06-19T16:58:52+00:00
SAO_7053-21,São Paulo,3550308,True,,1895,,,-23.63570775,-46.7767165,,,,1,2023-06-19T16:58:21+00:00
SAO_2709-31,São Paulo,3550308,True,,923,,,-23.5203615,-46.48053725,,,,1,2023-06-19T16:58:43+00:00
SAO_6821-10,São Paulo,3550308,True,,32789,,,-23.68647525,-46.78068725,,,,2,2023-06-19T16:58:23+00:00
SAO_6821-10,São Paulo,3550308,True,,32789,,,-23.686324,-46.7810235,,,,2,2023-06-19T16:58:37+00:00
SAO_6821-10,São Paulo,3550308,True,,32789,,,-23.6591095,-46.766191,,,,2,2023-06-19T16:58:28+00:00
SAO_7062-41,São Paulo,3550308,True,,2271,,,-23.650104,-46.7700335,,,,1,2023-06-19T16:58:55+00:00
SAO_7057-10,São Paulo,3550308,True,,34665,,,-23.6395135,-46.780288,,,,2,2023-06-19T16:58:24+00:00
SAO_7057-10,São Paulo,3550308,True,,34665,,,-23.64922775,-46.78505225,,,,2,2023-06-19T16:58:24+00:00
SAO_2104-10,São Paulo,3550308,True,,2255,,,-23.535826999999998,-46.6275675,,,,1,2023-06-19T16:58:14+00:00
SAO_9051-10,São Paulo,3550308,True,,34857,,,-23.540110499999997,-46.705622500000004,,,,2,2023-06-19T16:58:34+00:00
SAO_8600-10,São Paulo,3550308,True,,34200,,,-23.543416999999998,-46.637842500000005,,,,2,2023-06-19T16:58:24+00:00
SAO_8600-10,São Paulo,3550308,True,,34200,,,-23.482551,-46.7173485,,,,2,2023-06-19T16:58:45+00:00
SAO_8600-10,São Paulo,3550308,True,,34200,,,-23.483233499999997,-46.717200500000004,,,,2,2023-06-19T16:58:27+00:00
SAO_8600-10,São Paulo,3550308,True,,34200,,,-23.517438499999997,-46.6812945,,,,2,2023-06-19T16:58:24+00:00
SAO_8600-10,São Paulo,3550308,True,,34200,,,-23.523972125,-46.649961125000004,,,,2,2023-06-19T16:58:45+00:00
SAO_8026-10,São Paulo,3550308,True,,34851,,,-23.628047000000002,-46.7473385,,,,2,2023-06-19T16:58:47+00:00
SAO_8026-10,São Paulo,3550308,True,,34851,,,-23.613808,-46.7425115,,,,2,2023-06-19T16:58:35+00:00
SAO_2006-10,São Paulo,3550308,True,,33663,,,-23.49570575,-46.40098424999999,,,,2,2023-06-19T16:58:25+00:00
SAO_2006-10,São Paulo,3550308,True,,33663,,,-23.50095,-46.36841725,,,,2,2023-06-19T16:56:32+00:00
SAO_2006-10,São Paulo,3550308,True,,33663,,,-23.48935125,-46.38078975,,,,2,2023-06-19T16:58:36+00:00
SAO_8021-10,São Paulo,3550308,True,,34841,,,-23.576906,-46.7658355,,,,2,2023-06-19T16:58:34+00:00
SAO_6813-10,São Paulo,3550308,True,,32801,,,-23.668012249999997,-46.764174,,,,2,2023-06-19T16:58:13+00:00
SAO_6813-10,São Paulo,3550308,True,,32801,,,-23.66809,-46.76330299999999,,,,2,2023-06-19T16:58:46+00:00
SAO_8043-10,São Paulo,3550308,True,,33175,,,-23.5057275,-46.747056,,,,2,2023-06-19T16:58:18+00:00
SAO_908T-10,São Paulo,3550308,True,,2116,,,-23.564111750000002,-46.666474375,,,,1,2023-06-19T16:58:37+00:00
SAO_2713-10,São Paulo,3550308,True,,32988,,,-23.5334805,-46.5460205,,,,2,2023-06-19T16:58:16+00:00
SAO_817C-10,São Paulo,3550308,True,,1337,,,-23.528129125,-46.700258250000005,,,,1,2023-06-19T16:58:12+00:00
SAO_817C-10,São Paulo,3550308,True,,1337,,,-23.5473585,-46.6892985,,,,1,2023-06-19T16:58:51+00:00
SAO_817C-10,São Paulo,3550308,True,,1337,,,-23.5217005,-46.700518,,,,1,2023-06-19T16:58:20+00:00
SAO_1701-21,São Paulo,3550308,True,,2476,,,-23.447538,-46.576252999999994,,,,1,2023-06-19T16:58:18+00:00
SAO_1701-21,São Paulo,3550308,True,,2476,,,-23.467438,-46.594452000000004,,,,1,2023-06-19T16:58:54+00:00
SAO_4111-10,São Paulo,3550308,True,,33088,,,-23.575320624999996,-46.61277,,,,2,2023-06-19T16:57:16+00:00
SAO_4111-10,São Paulo,3550308,True,,33088,,,-23.5757655,-46.6136105,,,,2,2023-06-19T16:58:20+00:00
SAO_3728-41,São Paulo,3550308,True,,1988,,,-23.5421635,-46.4837615,,,,1,2023-06-19T16:58:38+00:00
SAO_3728-41,São Paulo,3550308,True,,1988,,,-23.55880125,-46.489523,,,,1,2023-06-19T16:58:48+00:00
SAO_5164-41,São Paulo,3550308,True,,1617,,,-23.649342500000003,-46.651467499999995,,,,1,2023-06-19T16:58:42+00:00
SAO_5164-41,São Paulo,3550308,True,,1617,,,-23.63329125,-46.63130875,,,,1,2023-06-19T16:58:32+00:00
SAO_846M-10,São Paulo,3550308,True,EMTU,422,https://moovitapp.com/index/pt-br/transporte_p%C3%BAblico-line-422-Sao_Paulo-242-2038937-36419479-0,7.15,-23.5020995,-46.760901,,,,1,2023-06-19T16:58:47+00:00
SAO_846M-10,São Paulo,3550308,True,EMTU,422,https://moovitapp.com/index/pt-br/transporte_p%C3%BAblico-line-422-Sao_Paulo-242-2038937-36419479-0,7.15,-23.565996,-46.7019515,,,,1,2023-06-19T16:58:33+00:00
SAO_575C-10,São Paulo,3550308,True,,34454,,,-23.580758250000002,-46.5259895,,,,2,2023-06-19T16:58:49+00:00
SAO_8043-10,São Paulo,3550308,True,,407,,,-23.47551,-46.756638499999994,,,,1,2023-06-19T16:58:46+00:00
SAO_2451-10,São Paulo,3550308,True,EMTU,213,https://moovitapp.com/index/pt-br/transporte_p%C3%BAblico-line-213-Sao_Paulo-242-2038937-36419335-0,6.7,-23.518642,-46.488026000000005,,,,1,2023-06-19T16:58:47+00:00
SAO_7181-10,São Paulo,3550308,True,,34100,,,-23.5733325,-46.676092749999995,,,,2,2023-06-19T16:58:37+00:00
SAO_7181-10,São Paulo,3550308,True,,34100,,,-23.5529145,-46.7319765,,,,2,2023-06-19T16:58:13+00:00
SAO_775N-10,São Paulo,3550308,True,,33242,,,-23.576649500000002,-46.7657045,,,,2,2023-06-19T16:58:22+00:00
SAO_775N-10,São Paulo,3550308,True,,33242,,,-23.57545675,-46.76139825,,,,2,2023-06-19T16:58:13+00:00
SAO_7063-10,São Paulo,3550308,True,,34667,,,-23.6365825,-46.7782305,,,,2,2023-06-19T16:58:21+00:00
SAO_7063-10,São Paulo,3550308,True,,34667,,,-23.64900325,-46.786835749999995,,,,2,2023-06-19T16:58:20+00:00
SAO_6041-21,São Paulo,3550308,True,,34517,,,-23.644192,-46.733211999999995,,,,2,2023-06-19T16:58:52+00:00
SAO_2201-10,São Paulo,3550308,True,,909,,,-23.5324795,-46.3946915,,,,1,2023-06-19T16:58:18+00:00
SAO_2201-10,São Paulo,3550308,True,,909,,,-23.5412365,-46.410338499999995,,,,1,2023-06-19T16:58:18+00:00
SAO_1780-10,São Paulo,3550308,True,,869,,,-23.46669125,-46.585449749999995,,,,1,2023-06-19T16:58:09+00:00
SAO_1780-10,São Paulo,3550308,True,,869,,,-23.486397,-46.608689749999996,,,,1,2023-06-19T16:58:36+00:00
SAO_2523-10,São Paulo,3550308,True,,33018,,,-23.518861,-46.475532,,,,2,2023-06-19T16:58:28+00:00
SAO_2523-10,São Paulo,3550308,True,,33018,,,-23.521767500000003,-46.4247855,,,,2,2023-06-19T16:58:47+00:00
SAO_2523-10,São Paulo,3550308,True,,33018,,,-23.5216,-46.4253885,,,,2,2023-06-19T16:58:13+00:00
SAO_2523-10,São Paulo,3550308,True,,33018,,,-23.5194875,-46.4409325,,,,2,2023-06-19T16:56:49+00:00
SAO_2523-10,São Paulo,3550308,True,,33018,,,-23.521937,-46.4241185,,,,2,2023-06-19T16:58:39+00:00
SAO_3009-10,São Paulo,3550308,True,,2526,,,-23.518288499999997,-46.399242,,,,1,2023-06-19T16:58:17+00:00
SAO_476L-10,São Paulo,3550308,True,,33030,,,-23.589872999999997,-46.6347935,,,,2,2023-06-19T16:58:24+00:00
SAO_8004-10,São Paulo,3550308,True,,1254,,,-23.484040999999998,-46.7467735,,,,1,2023-06-19T16:58:52+00:00
SAO_8004-10,São Paulo,3550308,True,,1254,,,-23.525544500000002,-46.712109500000004,,,,1,2023-06-19T16:58:49+00:00
SAO_425E-10,São Paulo,3550308,True,,1636,,,-23.614058,-46.5006185,,,,1,2023-06-19T16:58:52+00:00
SAO_7060-10,São Paulo,3550308,True,,34657,,,-23.65160925,-46.7786245,,,,2,2023-06-19T16:58:17+00:00
SAO_7060-10,São Paulo,3550308,True,,34657,,,-23.685625,-46.80100575,,,,2,2023-06-19T16:58:12+00:00
SAO_3756-10,São Paulo,3550308,True,,1050,,,-23.542544499999998,-46.4716805,,,,1,2023-06-19T16:58:16+00:00
SAO_3756-10,São Paulo,3550308,True,,1050,,,-23.591324,-46.389072,,,,1,2023-06-19T16:57:26+00:00
SAO_3756-10,São Paulo,3550308,True,,1050,,,-23.591324,-46.389072,,,,1,2023-06-19T16:58:28+00:00
SAO_3756-10,São Paulo,3550308,True,,1050,,,-23.591324,-46.389072,,,,1,2023-06-19T16:58:21+00:00
SAO_3756-10,São Paulo,3550308,True,,1050,,,-23.591324,-46.389072,,,,1,2023-06-19T16:57:02+00:00
SAO_6045-21,São Paulo,3550308,True,,34932,,,-23.698768,-46.796265500000004,,,,2,2023-06-19T16:58:46+00:00
SAO_6045-21,São Paulo,3550308,True,,34932,,,-23.654980000000002,-46.762824,,,,2,2023-06-19T16:58:37+00:00
SAO_6045-21,São Paulo,3550308,True,,34932,,,-23.6662345,-46.771350999999996,,,,2,2023-06-19T16:58:14+00:00
SAO_809U-10,São Paulo,3550308,True,,2254,,,-23.56104775,-46.726283249999994,,,,1,2023-06-19T16:58:34+00:00
SAO_809U-10,São Paulo,3550308,True,,2254,,,-23.5288975,-46.683806625,,,,1,2023-06-19T16:58:47+00:00
SAO_5100-10,São Paulo,3550308,True,,34138,,,-23.5658305,-46.701625500000006,,,,2,2023-06-19T16:58:18+00:00
SAO_5100-10,São Paulo,3550308,True,,34138,,,-23.56045,-46.643369375,,,,2,2023-06-19T16:58:24+00:00
SAO_5100-10,São Paulo,3550308,True,,34138,,,-23.5819665,-46.683908,,,,2,2023-06-19T16:58:45+00:00
SAO_6801-51,São Paulo,3550308,True,,34542,,,-23.666325999999998,-46.736481,,,,2,2023-06-19T16:58:23+00:00
SAO_3728-41,São Paulo,3550308,True,,34756,,,-23.556238,-46.491915500000005,,,,2,2023-06-19T16:58:12+00:00
SAO_2720-31,São Paulo,3550308,True,,34610,,,-23.492762,-46.4711185,,,,2,2023-06-19T16:58:39+00:00
SAO_2720-31,São Paulo,3550308,True,,34610,,,-23.491264,-46.46235,,,,2,2023-06-19T16:58:23+00:00
SAO_8019-31,São Paulo,3550308,True,,2574,,,-23.591378499999998,-46.7356265,,,,1,2023-06-19T16:58:47+00:00
SAO_1721-10,São Paulo,3550308,True,,666,,,-23.498162,-46.595872,,,,1,2023-06-19T16:58:33+00:00
SAO_1721-10,São Paulo,3550308,True,,666,,,-23.490001999999997,-46.580676499999996,,,,1,2023-06-19T16:58:39+00:00
SAO_1721-10,São Paulo,3550308,True,,666,,,-23.4894945,-46.5710555,,,,1,2023-06-19T16:58:20+00:00
SAO_1721-10,São Paulo,3550308,True,,666,,,-23.5063085,-46.61534675,,,,1,2023-06-19T16:57:58+00:00
SAO_8075-21,São Paulo,3550308,True,,35305,,,-23.6312955,-46.773033999999996,,,,2,2023-06-19T16:58:33+00:00
SAO_8075-21,São Paulo,3550308,True,,35305,,,-23.631508,-46.7726,,,,2,2023-06-19T16:58:28+00:00
SAO_8075-21,São Paulo,3550308,True,,35305,,,-23.6310935,-46.773485,,,,2,2023-06-19T16:58:46+00:00
SAO_6058-10,São Paulo,3550308,True,,33917,,,-23.769851000000003,-46.676743,,,,2,2023-06-19T16:58:19+00:00
SAO_6058-10,São Paulo,3550308,True,,33917,,,-23.766602499999998,-46.6911495,,,,2,2023-06-19T16:58:52+00:00
SAO_6058-10,São Paulo,3550308,True,,33917,,,-23.769851000000003,-46.676743,,,,2,2023-06-19T16:58:46+00:00
SAO_4729-10,São Paulo,3550308,True,,1108,,,-23.599044999999997,-46.51604625,,,,1,2023-06-19T16:58:44+00:00
SAO_4729-10,São Paulo,3550308,True,,1108,,,-23.542686,-46.5910485,,,,1,2023-06-19T16:58:49+00:00
SAO_4729-10,São Paulo,3550308,True,,1108,,,-23.582252,-46.5459355,,,,1,2023-06-19T16:58:50+00:00
SAO_4729-10,São Paulo,3550308,True,,1108,,,-23.567184187500004,-46.5696005,,,,1,2023-06-19T16:58:35+00:00
SAO_1026-10,São Paulo,3550308,True,,35074,,,-23.4704835,-46.7104185,,,,2,2023-06-19T16:58:41+00:00
SAO_1026-10,São Paulo,3550308,True,,35074,,,-23.477469999999997,-46.6950765,,,,2,2023-06-19T16:58:45+00:00
SAO_2523-10,São Paulo,3550308,True,Cidade de Caieiras,250,https://moovitapp.com/index/pt-br/transporte_p%C3%BAblico-line-250-Sao_Paulo-242-868761-752902-0,5.0,-23.5197225,-46.43244975,,,,1,2023-06-19T16:58:35+00:00
SAO_2724-10,São Paulo,3550308,True,,938,,,-23.535751750000003,-46.4742085,,,,1,2023-06-19T16:58:44+00:00
SAO_8050-10,São Paulo,3550308,True,,412,,,-23.438721,-46.790546000000006,,,,1,2023-06-19T16:58:24+00:00
SAO_8050-10,São Paulo,3550308,True,,412,,,-23.48659975,-46.7687635,,,,1,2023-06-19T16:58:41+00:00
SAO_4015-10,São Paulo,3550308,True,,34956,,,-23.6144675,-46.470808250000005,,,,2,2023-06-19T16:58:31+00:00
SAO_4015-10,São Paulo,3550308,True,,34956,,,-23.6128775,-46.476433,,,,2,2023-06-19T16:58:38+00:00
SAO_2772-10,São Paulo,3550308,True,,398,,,-23.5183855625,-46.523609125,,,,1,2023-06-19T16:58:19+00:00
SAO_3722-10,São Paulo,3550308,True,,33788,,,-23.546276,-46.435839,,,,2,2023-06-19T16:58:22+00:00
SAO_3722-10,São Paulo,3550308,True,,33788,,,-23.55286,-46.51341925,,,,2,2023-06-19T16:58:50+00:00
SAO_2024-10,São Paulo,3550308,True,,35029,,,-23.398296000000002,-46.577902,,,,2,2023-06-19T16:58:10+00:00
SAO_174M-10,São Paulo,3550308,True,,673,,,-23.5003675,-46.615280999999996,,,,1,2023-06-19T16:56:30+00:00
SAO_174M-10,São Paulo,3550308,True,,673,,,-23.578552,-46.607701750000004,,,,1,2023-06-19T16:58:37+00:00
SAO_174M-10,São Paulo,3550308,True,,673,,,-23.579950750000002,-46.60480425,,,,1,2023-06-19T16:58:52+00:00
SAO_174M-10,São Paulo,3550308,True,,673,,,-23.481042000000002,-46.601279000000005,,,,1,2023-06-19T16:58:39+00:00
SAO_3069-10,São Paulo,3550308,True,,984,,,-23.616835000000002,-46.41728500000001,,,,1,2023-06-19T16:58:11+00:00
SAO_3069-10,São Paulo,3550308,True,,984,,,-23.612455,-46.4761845,,,,1,2023-06-19T16:58:50+00:00
SAO_3069-10,São Paulo,3550308,True,,984,,,-23.621506500000002,-46.4424105,,,,1,2023-06-19T16:58:18+00:00
SAO_9090-10,São Paulo,3550308,True,,884,,,-23.472319999999996,-46.6704065,,,,1,2023-06-19T16:58:50+00:00
SAO_9090-10,São Paulo,3550308,True,,884,,,-23.4932715,-46.671959,,,,1,2023-06-19T16:58:48+00:00
SAO_3161-10,São Paulo,3550308,True,,33852,,,-23.57494,-46.570142000000004,,,,2,2023-06-19T16:58:13+00:00
SAO_3161-10,São Paulo,3550308,True,,33852,,,-23.558125124999997,-46.606243625,,,,2,2023-06-19T16:58:54+00:00
SAO_3161-10,São Paulo,3550308,True,,33852,,,-23.579203000000003,-46.54156325,,,,2,2023-06-19T16:57:36+00:00
SAO_3161-10,São Paulo,3550308,True,,33852,,,-23.583499250000003,-46.5254795,,,,2,2023-06-19T16:58:39+00:00
SAO_4053-10,São Paulo,3550308,True,,34914,,,-23.55280925,-46.3944755,,,,2,2023-06-19T16:58:45+00:00
SAO_8200-10,São Paulo,3550308,True,,1263,,,-23.510699,-46.705584,,,,1,2023-06-19T16:58:53+00:00
SAO_8006-10,São Paulo,3550308,True,,34024,,,-23.432887,-46.7297695,,,,2,2023-06-19T16:58:19+00:00
SAO_8006-10,São Paulo,3550308,True,,34024,,,-23.467176000000002,-46.7243235,,,,2,2023-06-19T16:58:47+00:00
SAO_8006-10,São Paulo,3550308,True,,34024,,,-23.433157,-46.7297415,,,,2,2023-06-19T16:58:39+00:00
SAO_1025-10,São Paulo,3550308,True,,35071,,,-23.453629,-46.706905500000005,,,,2,2023-06-19T16:58:51+00:00
SAO_1025-10,São Paulo,3550308,True,,35071,,,-23.453629,-46.706905500000005,,,,2,2023-06-19T16:58:44+00:00
SAO_4286-10,São Paulo,3550308,True,,33094,,,-23.609526,-46.529048,,,,2,2023-06-19T16:58:23+00:00
SAO_4286-10,São Paulo,3550308,True,,33094,,,-23.596139,-46.556452,,,,2,2023-06-19T16:58:31+00:00
SAO_8008-10,São Paulo,3550308,True,,1258,,,-23.471862,-46.750509,,,,1,2023-06-19T16:58:52+00:00
SAO_3021-10,São Paulo,3550308,True,STT,276,https://moovitapp.com/index/pt-br/transporte_p%C3%BAblico-line-276-Sao_Paulo-242-850661-183276-0,5.3,-23.5818005,-46.55282525,,,,1,2023-06-19T16:58:55+00:00
SAO_3021-10,São Paulo,3550308,True,STT,276,https://moovitapp.com/index/pt-br/transporte_p%C3%BAblico-line-276-Sao_Paulo-242-850661-183276-0,5.3,-23.591887,-46.512751,,,,1,2023-06-19T16:58:45+00:00
SAO_8075-21,São Paulo,3550308,True,,2537,,,-23.591,-46.7362035,,,,1,2023-06-19T16:58:34+00:00
SAO_2175-10,São Paulo,3550308,True,,697,,,-23.473947,-46.5664555,,,,1,2023-06-19T16:58:37+00:00
SAO_2175-10,São Paulo,3550308,True,,697,,,-23.51919025,-46.59044775,,,,1,2023-06-19T16:58:47+00:00
SAO_2175-10,São Paulo,3550308,True,,697,,,-23.546565,-46.630926,,,,1,2023-06-19T16:58:55+00:00
SAO_6031-10,São Paulo,3550308,True,,32860,,,-23.739781999999998,-46.6983975,,,,2,2023-06-19T16:58:36+00:00
SAO_6031-10,São Paulo,3550308,True,,32860,,,-23.7574425,-46.7082275,,,,2,2023-06-19T16:58:26+00:00
SAO_211L-10,São Paulo,3550308,True,,2265,,,-23.475762125,-46.66957275,,,,1,2023-06-19T16:58:10+00:00
SAO_211L-10,São Paulo,3550308,True,,2265,,,-23.482373,-46.6306675,,,,1,2023-06-19T16:58:19+00:00
SAO_211L-10,São Paulo,3550308,True,,2265,,,-23.5199865,-46.701155,,,,1,2023-06-19T16:58:23+00:00
SAO_4010-10,São Paulo,3550308,True,,34951,,,-23.5520715,-46.46436,,,,2,2023-06-19T16:58:42+00:00
SAO_4010-10,São Paulo,3550308,True,,34951,,,-23.5520715,-46.46436,,,,2,2023-06-19T16:58:24+00:00
SAO_4010-10,São Paulo,3550308,True,,34951,,,-23.55797,-46.523029,,,,2,2023-06-19T16:58:26+00:00
SAO_4010-10,São Paulo,3550308,True,,34951,,,-23.56395175,-46.47357025,,,,2,2023-06-19T16:58:21+00:00
SAO_3024-10,São Paulo,3550308,True,EMTU,277,https://moovitapp.com/index/pt-br/transporte_p%C3%BAblico-line-277-Sao_Paulo-242-2038937-36419380-0,8.15,-23.602084500000004,-46.5319105,,,,1,2023-06-19T16:58:11+00:00
SAO_6806-10,São Paulo,3550308,True,BR7 Mobilidade,32,https://moovitapp.com/index/pt-br/transporte_p%C3%BAblico-line-32-Sao_Paulo-242-851856-586488-0,5.75,-23.640762000000002,-46.74617550000001,,,,1,2023-06-19T16:58:28+00:00
SAO_4732-31,São Paulo,3550308,True,,2127,,,-23.6519355,-46.599449500000006,,,,1,2023-06-19T16:58:50+00:00
SAO_4732-31,São Paulo,3550308,True,,2127,,,-23.618056,-46.6260945,,,,1,2023-06-19T16:58:12+00:00
SAO_4732-31,São Paulo,3550308,True,,2127,,,-23.63464875,-46.599733,,,,1,2023-06-19T16:58:12+00:00
SAO_4732-31,São Paulo,3550308,True,,2127,,,-23.6476485,-46.600239,,,,1,2023-06-19T16:58:43+00:00
SAO_809V-10,São Paulo,3550308,True,,35011,,,-23.5763605,-46.732949500000004,,,,2,2023-06-19T16:58:34+00:00
SAO_809V-10,São Paulo,3550308,True,,35011,,,-23.5763605,-46.732949500000004,,,,2,2023-06-19T16:58:13+00:00
SAO_809V-10,São Paulo,3550308,True,,35011,,,-23.576418,-46.7333665,,,,2,2023-06-19T16:58:31+00:00
SAO_6001-10,São Paulo,3550308,True,,32820,,,-23.654559499999998,-46.761131500000005,,,,2,2023-06-19T16:58:51+00:00
SAO_6001-10,São Paulo,3550308,True,,32820,,,-23.6453855,-46.71255625,,,,2,2023-06-19T16:58:36+00:00
SAO_971A-10,São Paulo,3550308,True,,658,,,-23.502602500000002,-46.6784285,,,,1,2023-06-19T16:58:17+00:00
SAO_971A-10,São Paulo,3550308,True,,658,,,-23.522855,-46.623938,,,,1,2023-06-19T16:58:41+00:00
SAO_6817-10,São Paulo,3550308,True,,32795,,,-23.684784,-46.782332499999995,,,,2,2023-06-19T16:58:22+00:00
SAO_6817-10,São Paulo,3550308,True,,32795,,,-23.6759135,-46.7741885,,,,2,2023-06-19T16:58:40+00:00
SAO_5110-24,São Paulo,3550308,True,,35227,,,-23.581988,-46.5605145,,,,2,2023-06-19T16:58:27+00:00
SAO_5110-24,São Paulo,3550308,True,,35227,,,-23.602096000000003,-46.524439,,,,2,2023-06-19T16:58:21+00:00
SAO_7062-10,São Paulo,3550308,True,,34666,,,-23.646132,-46.7723025,,,,2,2023-06-19T16:58:45+00:00
SAO_7062-10,São Paulo,3550308,True,,34666,,,-23.6336875,-46.772041,,,,2,2023-06-19T16:58:49+00:00
SAO_1778-10,São Paulo,3550308,True,,1789,,,-23.464019625,-46.571219625,,,,1,2023-06-19T16:55:58+00:00
SAO_5119-22,São Paulo,3550308,True,,34892,,,-23.604368,-46.725131,,,,2,2023-06-19T16:58:52+00:00
SAO_5119-22,São Paulo,3550308,True,,34892,,,-23.5586795,-46.641866,,,,2,2023-06-19T16:58:52+00:00
SAO_1787-10,São Paulo,3550308,True,,650,,,-23.463760999999998,-46.616621499999994,,,,1,2023-06-19T16:58:20+00:00
SAO_1787-10,São Paulo,3550308,True,,650,,,-23.502214000000002,-46.6235875,,,,1,2023-06-19T16:58:46+00:00
SAO_8015-21,São Paulo,3550308,True,,34797,,,-23.388901,-46.735036,,,,2,2023-06-19T16:58:52+00:00
SAO_6076-41,São Paulo,3550308,True,,1986,,,-23.718534,-46.697025,,,,1,2023-06-19T16:58:42+00:00
SAO_5109-10,São Paulo,3550308,True,,1851,,,-23.55455575,-46.624635,,,,1,2023-06-19T16:58:25+00:00
SAO_5109-10,São Paulo,3550308,True,,1851,,,-23.584208,-46.5860395,,,,1,2023-06-19T16:58:40+00:00
SAO_6258-31,São Paulo,3550308,True,,34551,,,-23.678021,-46.7488605,,,,2,2023-06-19T16:58:29+00:00
SAO_7004-21,São Paulo,3550308,True,,2583,,,-23.7420645,-46.8001675,,,,1,2023-06-19T16:58:11+00:00
SAO_475M-10,São Paulo,3550308,True,EMTU,343,https://moovitapp.com/index/pt-br/transporte_p%C3%BAblico-line-343-Sao_Paulo-242-2038937-36419427-0,5.15,-23.56295275,-46.645478499999996,,,,1,2023-06-19T16:58:27+00:00
SAO_189L-10,São Paulo,3550308,True,,35218,,,-23.486384,-46.710667,,,,2,2023-06-19T16:58:48+00:00
SAO_1034-10,São Paulo,3550308,True,,2452,,,-23.4718455,-46.702296000000004,,,,1,2023-06-19T16:58:23+00:00
SAO_1012-10,São Paulo,3550308,True,,2486,,,-23.439292000000002,-46.8071015,,,,1,2023-06-19T16:58:19+00:00
SAO_1012-10,São Paulo,3550308,True,,2486,,,-23.4287245,-46.795357625,,,,1,2023-06-19T16:58:28+00:00
SAO_771P-10,São Paulo,3550308,True,EMTU,506,https://moovitapp.com/index/pt-br/transporte_p%C3%BAblico-line-506-Sao_Paulo-242-2038937-36419528-0,5.65,-23.584723500000003,-46.7377215,,,,1,2023-06-19T16:58:23+00:00
SAO_5103-10,São Paulo,3550308,True,,34414,,,-23.6014315,-46.6514745,,,,2,2023-06-19T16:58:16+00:00
SAO_5705-10,São Paulo,3550308,True,,34425,,,-23.578215625,-46.620911625000005,,,,2,2023-06-19T16:58:45+00:00
SAO_6072-23,São Paulo,3550308,True,,34772,,,-23.76714475,-46.71695750000001,,,,2,2023-06-19T16:58:34+00:00
SAO_9032-21,São Paulo,3550308,True,,34583,,,-23.4749165,-46.6693955,,,,2,2023-06-19T16:58:45+00:00
SAO_4055-10,São Paulo,3550308,True,,2447,,,-23.5430895,-46.416463,,,,1,2023-06-19T16:57:52+00:00
SAO_6804-10,São Paulo,3550308,True,BR7 Mobilidade,30,https://moovitapp.com/index/pt-br/transporte_p%C3%BAblico-line-30-Sao_Paulo-242-851856-500112-0,5.75,-23.642553499999998,-46.739124000000004,,,,1,2023-06-19T16:58:26+00:00
SAO_6804-10,São Paulo,3550308,True,BR7 Mobilidade,30,https://moovitapp.com/index/pt-br/transporte_p%C3%BAblico-line-30-Sao_Paulo-242-851856-500112-0,5.75,-23.6303645,-46.750519,,,,1,2023-06-19T16:58:12+00:00
SAO_N337-11,São Paulo,3550308,True,,2349,,,-23.5188675,-46.3875915,,,,1,2023-06-19T16:57:00+00:00
SAO_6L04-10,São Paulo,3550308,True,,33948,,,-23.867109,-46.763954,,,,2,2023-06-19T16:58:31+00:00
SAO_6019-10,São Paulo,3550308,True,,1490,,,-23.667917,-46.7355005,,,,1,2023-06-19T16:58:49+00:00
SAO_1021-10,São Paulo,3550308,True,EMTU,833,https://moovitapp.com/index/pt-br/transporte_p%C3%BAblico-line-833-Sao_Paulo-242-2038937-36419599-0,5.4,-23.482378500000003,-46.725805,,,,1,2023-06-19T16:58:45+00:00
SAO_8020-10,São Paulo,3550308,True,,1726,,,-23.586388749999998,-46.718734749999996,,,,1,2023-06-19T16:58:20+00:00
SAO_1019-10,São Paulo,3550308,True,,2495,,,-23.464819249999998,-46.755725,,,,1,2023-06-19T16:58:09+00:00
SAO_7052-10,São Paulo,3550308,True,,1886,,,-23.631797499999998,-46.7719915,,,,1,2023-06-19T16:58:33+00:00
SAO_7052-10,São Paulo,3550308,True,,1886,,,-23.641812,-46.7711815,,,,1,2023-06-19T16:58:37+00:00
SAO_6L07-10,São Paulo,3550308,True,,1545,,,-23.767813,-46.716483499999995,,,,1,2023-06-19T16:58:45+00:00
SAO_3735-41,São Paulo,3550308,True,,34688,,,-23.542556,-46.48409475,,,,2,2023-06-19T16:58:37+00:00
SAO_6L10-10,São Paulo,3550308,True,,1159,,,-23.767440999999998,-46.716431,,,,1,2023-06-19T16:58:30+00:00
SAO_6L10-10,São Paulo,3550308,True,,1159,,,-23.767440999999998,-46.716431,,,,1,2023-06-19T16:58:25+00:00
SAO_5164-41,São Paulo,3550308,True,,34385,,,-23.647312,-46.6394375,,,,2,2023-06-19T16:58:49+00:00
SAO_4727-10,São Paulo,3550308,True,,33108,,,-23.615949875,-46.617626375,,,,2,2023-06-19T16:58:25+00:00
SAO_4717-10,São Paulo,3550308,True,,33103,,,-23.6371605,-46.595395999999994,,,,2,2023-06-19T16:58:10+00:00
SAO_4717-10,São Paulo,3550308,True,,33103,,,-23.61654075,-46.6184145,,,,2,2023-06-19T16:58:16+00:00
SAO_2714-10,São Paulo,3550308,True,,927,,,-23.5313415,-46.529821,,,,1,2023-06-19T16:58:17+00:00
SAO_4010-10,São Paulo,3550308,True,,2183,,,-23.571637000000003,-46.5062955,,,,1,2023-06-19T16:58:39+00:00
SAO_3010-10,São Paulo,3550308,True,,35311,,,-23.5154425,-46.45924875,,,,2,2023-06-19T16:58:20+00:00
SAO_2717-10,São Paulo,3550308,True,Urubupungá,930,https://moovitapp.com/index/pt-br/transporte_p%C3%BAblico-line-930-Sao_Paulo-242-873835-496473-0,4.6,-23.5150845,-46.519489500000006,,,,1,2023-06-19T16:58:24+00:00
SAO_2717-10,São Paulo,3550308,True,Urubupungá,930,https://moovitapp.com/index/pt-br/transporte_p%C3%BAblico-line-930-Sao_Paulo-242-873835-496473-0,4.6,-23.50155,-46.507731,,,,1,2023-06-19T16:58:20+00:00
SAO_2026-10,São Paulo,3550308,True,,2269,,,-23.513011500000005,-46.56405062499999,,,,1,2023-06-19T16:58:29+00:00
SAO_6L03-10,São Paulo,3550308,True,,1565,,,-23.8740365,-46.764269999999996,,,,1,2023-06-19T16:57:52+00:00
SAO_3004-10,São Paulo,3550308,True,,1798,,,-23.49374225,-46.403917500000006,,,,1,2023-06-19T16:58:52+00:00
SAO_5013-31,São Paulo,3550308,True,,35004,,,-23.653619499999998,-46.701682125000005,,,,2,2023-06-19T16:58:23+00:00
SAO_5013-31,São Paulo,3550308,True,,35004,,,-23.671747000000003,-46.6832005,,,,2,2023-06-19T16:58:46+00:00
SAO_6L05-10,São Paulo,3550308,True,,1173,,,-23.848717999999998,-46.69668,,,,1,2023-06-19T16:55:30+00:00
SAO_6042-21,São Paulo,3550308,True,,34543,,,-23.674391999999997,-46.769508,,,,2,2023-06-19T16:58:52+00:00
SAO_3021-10,São Paulo,3550308,True,,33044,,,-23.5859775,-46.545287,,,,2,2023-06-19T16:58:16+00:00
SAO_7004-21,São Paulo,3550308,True,,35351,,,-23.7462235,-46.792827,,,,2,2023-06-19T16:58:49+00:00
SAO_847P-42,São Paulo,3550308,True,,1424,,,-23.5344345,-46.706507,,,,1,2023-06-19T16:58:52+00:00
SAO_8538-10,São Paulo,3550308,True,,1359,,,-23.5027985,-46.694418,,,,1,2023-06-19T16:58:29+00:00
