bus_id,city,city_code,adapted,agency,line_code,line_url,line_fare,latitude,longitude,bus_speed,is_eletric,bus_type,bus_direction,updated_at
SAO_407E-10,São Paulo,3550308,True,,34983,,,-23.630387499999998,-46.44333025,,,,2,2023-06-15T16:48:32+00:00
SAO_407E-10,São Paulo,3550308,True,,34983,,,-23.572778,-46.50440999999999,,,,2,2023-06-15T16:48:39+00:00
SAO_407E-10,São Paulo,3550308,True,,34983,,,-23.633248000000002,-46.4428945,,,,2,2023-06-15T16:48:18+00:00
SAO_407E-10,São Paulo,3550308,True,,34983,,,-23.5407045,-46.541008000000005,,,,2,2023-06-15T16:48:31+00:00
SAO_407E-10,São Paulo,3550308,True,,34983,,,-23.6226135,-46.4620505,,,,2,2023-06-15T16:48:28+00:00
SAO_5144-10,São Paulo,3550308,True,,34395,,,-23.599081499999997,-46.515750499999996,,,,2,2023-06-15T16:48:06+00:00
SAO_5144-10,São Paulo,3550308,True,,34395,,,-23.53906475,-46.6071805,,,,2,2023-06-15T16:48:24+00:00
SAO_5144-10,São Paulo,3550308,True,,34395,,,-23.534974,-46.6443435,,,,2,2023-06-15T16:48:31+00:00
SAO_5144-10,São Paulo,3550308,True,,34395,,,-23.539693375,-46.61031925,,,,2,2023-06-15T16:48:21+00:00
SAO_5144-10,São Paulo,3550308,True,,34395,,,-23.531951,-46.6347615,,,,2,2023-06-15T16:48:11+00:00
SAO_5144-10,São Paulo,3550308,True,,34395,,,-23.5730395,-46.5605705,,,,2,2023-06-15T16:48:35+00:00
SAO_5144-10,São Paulo,3550308,True,,34395,,,-23.595352,-46.524499500000005,,,,2,2023-06-15T16:48:43+00:00
SAO_2017-10,São Paulo,3550308,True,,33671,,,-23.51831325,-46.41325525,,,,2,2023-06-15T16:48:38+00:00
SAO_2017-10,São Paulo,3550308,True,,33671,,,-23.519009500000003,-46.412976,,,,2,2023-06-15T16:48:35+00:00
SAO_2017-10,São Paulo,3550308,True,,33671,,,-23.4950455,-46.4370725,,,,2,2023-06-15T16:48:20+00:00
SAO_3766-10,São Paulo,3550308,True,,1055,,,-23.553675499999997,-46.427672,,,,1,2023-06-15T16:48:03+00:00
SAO_3766-10,São Paulo,3550308,True,,1055,,,-23.5528585,-46.4305495,,,,1,2023-06-15T16:48:03+00:00
SAO_3766-10,São Paulo,3550308,True,,1055,,,-23.5347285,-46.4537885,,,,1,2023-06-15T16:48:46+00:00
SAO_3766-10,São Paulo,3550308,True,,1055,,,-23.553675499999997,-46.427672,,,,1,2023-06-15T16:48:36+00:00
SAO_3766-10,São Paulo,3550308,True,,1055,,,-23.541486749999997,-46.439408375,,,,1,2023-06-15T16:48:21+00:00
SAO_3766-10,São Paulo,3550308,True,,1055,,,-23.542361,-46.4705955,,,,1,2023-06-15T16:48:39+00:00
SAO_702C-10,São Paulo,3550308,True,,33253,,,-23.572976750000002,-46.705288499999995,,,,2,2023-06-15T16:48:28+00:00
SAO_702C-10,São Paulo,3550308,True,,33253,,,-23.571505000000002,-46.748618750000006,,,,2,2023-06-15T16:48:15+00:00
SAO_702C-10,São Paulo,3550308,True,,33253,,,-23.571233,-46.74876825,,,,2,2023-06-15T16:48:29+00:00
SAO_702C-10,São Paulo,3550308,True,,33253,,,-23.58219125,-46.73262225,,,,2,2023-06-15T16:48:47+00:00
SAO_702C-10,São Paulo,3550308,True,,33253,,,-23.543831500000003,-46.601010125,,,,2,2023-06-15T16:48:31+00:00
SAO_702C-10,São Paulo,3550308,True,,33253,,,-23.572150999999998,-46.748264750000004,,,,2,2023-06-15T16:48:19+00:00
SAO_702C-10,São Paulo,3550308,True,,33253,,,-23.54435,-46.622248,,,,2,2023-06-15T16:48:47+00:00
SAO_702C-10,São Paulo,3550308,True,,33253,,,-23.572871,-46.747868999999994,,,,2,2023-06-15T16:48:19+00:00
SAO_702C-10,São Paulo,3550308,True,,33253,,,-23.571505000000002,-46.748618750000006,,,,2,2023-06-15T16:48:06+00:00
SAO_702C-10,São Paulo,3550308,True,,33253,,,-23.545402875,-46.608703125,,,,2,2023-06-15T16:48:03+00:00
SAO_702C-10,São Paulo,3550308,True,,33253,,,-23.5772245,-46.724641500000004,,,,2,2023-06-15T16:48:35+00:00
SAO_2724-10,São Paulo,3550308,True,,33706,,,-23.5224605,-46.4677965,,,,2,2023-06-15T16:48:25+00:00
SAO_2724-10,São Paulo,3550308,True,,33706,,,-23.538537749999996,-46.47995775,,,,2,2023-06-15T16:48:10+00:00
SAO_2724-10,São Paulo,3550308,True,,33706,,,-23.539782000000002,-46.482977500000004,,,,2,2023-06-15T16:48:46+00:00
SAO_2007-10,São Paulo,3550308,True,,896,,,-23.510203,-46.3698615,,,,1,2023-06-15T16:48:00+00:00
SAO_2007-10,São Paulo,3550308,True,,896,,,-23.510203,-46.3698615,,,,1,2023-06-15T16:48:01+00:00
SAO_2007-10,São Paulo,3550308,True,,896,,,-23.50869475,-46.375088,,,,1,2023-06-15T16:47:58+00:00
SAO_2007-10,São Paulo,3550308,True,,896,,,-23.5017905,-46.384724,,,,1,2023-06-15T16:48:13+00:00
SAO_2007-10,São Paulo,3550308,True,,896,,,-23.510203,-46.3698615,,,,1,2023-06-15T16:48:21+00:00
SAO_2007-10,São Paulo,3550308,True,,896,,,-23.494778625000002,-46.4035085,,,,1,2023-06-15T16:48:21+00:00
SAO_707K-10,São Paulo,3550308,True,,35271,,,-23.646812500000003,-46.659991500000004,,,,2,2023-06-15T16:48:30+00:00
SAO_707K-10,São Paulo,3550308,True,,35271,,,-23.667118,-46.726369,,,,2,2023-06-15T16:48:44+00:00
SAO_707K-10,São Paulo,3550308,True,,35271,,,-23.66733575,-46.729094249999996,,,,2,2023-06-15T16:48:12+00:00
SAO_707K-10,São Paulo,3550308,True,,35271,,,-23.66813,-46.735502499999996,,,,2,2023-06-15T16:48:27+00:00
SAO_707K-10,São Paulo,3550308,True,,35271,,,-23.651837999999998,-46.68702425,,,,2,2023-06-15T16:48:42+00:00
SAO_707K-10,São Paulo,3550308,True,,35271,,,-23.646939,-46.640949,,,,2,2023-06-15T16:48:42+00:00
SAO_707K-10,São Paulo,3550308,True,,35271,,,-23.6550335,-46.691853124999994,,,,2,2023-06-15T16:48:07+00:00
SAO_707K-10,São Paulo,3550308,True,,35271,,,-23.634943999999997,-46.6688935,,,,2,2023-06-15T16:48:08+00:00
SAO_4286-10,São Paulo,3550308,True,,33094,,,-23.609526,-46.529048,,,,2,2023-06-15T16:48:28+00:00
SAO_4286-10,São Paulo,3550308,True,,33094,,,-23.610184,-46.5322215,,,,2,2023-06-15T16:48:32+00:00
SAO_4286-10,São Paulo,3550308,True,,33094,,,-23.59205875,-46.57877325,,,,2,2023-06-15T16:48:40+00:00
SAO_9032-10,São Paulo,3550308,True,,33648,,,-23.446339000000002,-46.693209499999995,,,,2,2023-06-15T16:48:00+00:00
SAO_9032-10,São Paulo,3550308,True,,33648,,,-23.446335,-46.6934435,,,,2,2023-06-15T16:48:07+00:00
SAO_9032-10,São Paulo,3550308,True,,33648,,,-23.459582750000003,-46.68836775,,,,2,2023-06-15T16:48:24+00:00
SAO_9032-10,São Paulo,3550308,True,,33648,,,-23.44978375,-46.6952065,,,,2,2023-06-15T16:48:20+00:00
SAO_9032-10,São Paulo,3550308,True,,33648,,,-23.4748585,-46.670092,,,,2,2023-06-15T16:48:19+00:00
SAO_9032-10,São Paulo,3550308,True,,33648,,,-23.471957875,-46.673949500000006,,,,2,2023-06-15T16:48:45+00:00
SAO_6726-10,São Paulo,3550308,True,,33961,,,-23.7535935,-46.6877865,,,,2,2023-06-15T16:48:46+00:00
SAO_6726-10,São Paulo,3550308,True,,33961,,,-23.7408645,-46.66757125,,,,2,2023-06-15T16:48:47+00:00
SAO_6726-10,São Paulo,3550308,True,,33961,,,-23.7467945,-46.66576925,,,,2,2023-06-15T16:48:40+00:00
SAO_8062-10,São Paulo,3550308,True,,33188,,,-23.518856,-46.703469,,,,2,2023-06-15T16:48:46+00:00
SAO_118C-10,São Paulo,3550308,True,,33287,,,-23.531848249999996,-46.63544175,,,,2,2023-06-15T16:48:44+00:00
SAO_118C-10,São Paulo,3550308,True,,33287,,,-23.526494,-46.6301355,,,,2,2023-06-15T16:48:05+00:00
SAO_118C-10,São Paulo,3550308,True,,33287,,,-23.4578785,-46.6726555,,,,2,2023-06-15T16:48:40+00:00
SAO_118C-10,São Paulo,3550308,True,,33287,,,-23.497677,-46.627808,,,,2,2023-06-15T16:48:16+00:00
SAO_118C-10,São Paulo,3550308,True,,33287,,,-23.5390965,-46.648178,,,,2,2023-06-15T16:48:39+00:00
SAO_118C-10,São Paulo,3550308,True,,33287,,,-23.466829375000003,-46.664145250000004,,,,2,2023-06-15T16:48:27+00:00
SAO_118C-10,São Paulo,3550308,True,,33287,,,-23.457777,-46.672866,,,,2,2023-06-15T16:48:26+00:00
SAO_118C-10,São Paulo,3550308,True,,33287,,,-23.4579625,-46.67248,,,,2,2023-06-15T16:48:16+00:00
SAO_118C-10,São Paulo,3550308,True,,33287,,,-23.458088500000002,-46.6717525,,,,2,2023-06-15T16:48:25+00:00
SAO_118C-10,São Paulo,3550308,True,,33287,,,-23.4696635,-46.658934,,,,2,2023-06-15T16:48:28+00:00
SAO_118C-10,São Paulo,3550308,True,,33287,,,-23.45345125,-46.67086875,,,,2,2023-06-15T16:48:23+00:00
SAO_118C-10,São Paulo,3550308,True,,33287,,,-23.499703,-46.624505,,,,2,2023-06-15T16:48:38+00:00
SAO_118C-10,São Paulo,3550308,True,,33287,,,-23.53407575,-46.64520125,,,,2,2023-06-15T16:48:41+00:00
SAO_118C-10,São Paulo,3550308,True,,33287,,,-23.5350525,-46.6399405,,,,2,2023-06-15T16:46:31+00:00
SAO_118C-10,São Paulo,3550308,True,,33287,,,-23.46759375,-46.6663085,,,,2,2023-06-15T16:48:43+00:00
SAO_2080-10,São Paulo,3550308,True,,371,,,-23.4940365,-46.4196,,,,1,2023-06-15T16:48:13+00:00
SAO_2080-10,São Paulo,3550308,True,,371,,,-23.527739500000003,-46.5518895,,,,1,2023-06-15T16:48:30+00:00
SAO_2080-10,São Paulo,3550308,True,,371,,,-23.5288685,-46.554319,,,,1,2023-06-15T16:48:07+00:00
SAO_2080-10,São Paulo,3550308,True,,371,,,-23.495201,-46.390815,,,,1,2023-06-15T16:48:17+00:00
SAO_2080-10,São Paulo,3550308,True,,371,,,-23.49206775,-46.447616249999996,,,,1,2023-06-15T16:48:42+00:00
SAO_709P-10,São Paulo,3550308,True,,34761,,,-23.58538,-46.683055499999995,,,,2,2023-06-15T16:42:50+00:00
SAO_709P-10,São Paulo,3550308,True,,34761,,,-23.567535,-46.700861,,,,2,2023-06-15T16:48:33+00:00
SAO_809P-10,São Paulo,3550308,True,,34659,,,-23.568561250000002,-46.69244825,,,,2,2023-06-15T16:48:15+00:00
SAO_809P-10,São Paulo,3550308,True,,34659,,,-23.567616375,-46.6967335,,,,2,2023-06-15T16:48:31+00:00
SAO_809P-10,São Paulo,3550308,True,,34659,,,-23.631218,-46.773197499999995,,,,2,2023-06-15T16:48:13+00:00
SAO_809P-10,São Paulo,3550308,True,,34659,,,-23.584044499999997,-46.7171075,,,,2,2023-06-15T16:48:35+00:00
SAO_809P-10,São Paulo,3550308,True,,34659,,,-23.584773749999997,-46.7187885,,,,2,2023-06-15T16:48:30+00:00
SAO_809P-10,São Paulo,3550308,True,,34659,,,-23.6312955,-46.773033999999996,,,,2,2023-06-15T16:48:24+00:00
SAO_809P-10,São Paulo,3550308,True,,34659,,,-23.605794,-46.747132500000006,,,,2,2023-06-15T16:48:32+00:00
SAO_809P-10,São Paulo,3550308,True,,34659,,,-23.60179075,-46.7436505,,,,2,2023-06-15T16:48:25+00:00
SAO_809P-10,São Paulo,3550308,True,,34659,,,-23.575069499999998,-46.707029500000004,,,,2,2023-06-15T16:48:34+00:00
SAO_971V-10,São Paulo,3550308,True,,33387,,,-23.50030975,-46.637405375,,,,2,2023-06-15T16:48:06+00:00
SAO_971V-10,São Paulo,3550308,True,,33387,,,-23.495732250000003,-46.660722625000005,,,,2,2023-06-15T16:48:02+00:00
SAO_971V-10,São Paulo,3550308,True,,33387,,,-23.502884,-46.6246055,,,,2,2023-06-15T16:48:32+00:00
SAO_971V-10,São Paulo,3550308,True,,33387,,,-23.4513575,-46.691139,,,,2,2023-06-15T16:48:04+00:00
SAO_971V-10,São Paulo,3550308,True,,33387,,,-23.4526795,-46.675427,,,,2,2023-06-15T16:48:42+00:00
SAO_971V-10,São Paulo,3550308,True,,33387,,,-23.451717000000002,-46.6916545,,,,2,2023-06-15T16:48:15+00:00
SAO_971V-10,São Paulo,3550308,True,,33387,,,-23.467498,-46.6781805,,,,2,2023-06-15T16:48:44+00:00
SAO_4718-10,São Paulo,3550308,True,,33104,,,-23.625418749999998,-46.62030025,,,,2,2023-06-15T16:48:38+00:00
SAO_4718-10,São Paulo,3550308,True,,33104,,,-23.657341,-46.6139265,,,,2,2023-06-15T16:48:19+00:00
SAO_6080-10,São Paulo,3550308,True,,1168,,,-23.7597295,-46.677735999999996,,,,1,2023-06-15T16:48:37+00:00
SAO_6080-10,São Paulo,3550308,True,,1168,,,-23.749626,-46.687708,,,,1,2023-06-15T16:48:29+00:00
SAO_6080-10,São Paulo,3550308,True,,1168,,,-23.7093575,-46.699754999999996,,,,1,2023-06-15T16:48:43+00:00
SAO_6080-10,São Paulo,3550308,True,,1168,,,-23.682207,-46.6758235,,,,1,2023-06-15T16:48:36+00:00
SAO_6080-10,São Paulo,3550308,True,,1168,,,-23.71349325,-46.69855075,,,,1,2023-06-15T16:48:34+00:00
SAO_6080-10,São Paulo,3550308,True,,1168,,,-23.682207,-46.6758235,,,,1,2023-06-15T16:48:41+00:00
SAO_6080-10,São Paulo,3550308,True,,1168,,,-23.759982,-46.6777045,,,,1,2023-06-15T16:48:19+00:00
SAO_6080-10,São Paulo,3550308,True,,1168,,,-23.761998499999997,-46.6712475,,,,1,2023-06-15T16:48:20+00:00
SAO_6080-10,São Paulo,3550308,True,,1168,,,-23.675819,-46.6790465,,,,1,2023-06-15T16:48:24+00:00
SAO_6053-10,São Paulo,3550308,True,,1145,,,-23.766693,-46.66353375,,,,1,2023-06-15T16:48:33+00:00
SAO_6053-10,São Paulo,3550308,True,,1145,,,-23.754529499999997,-46.673723499999994,,,,1,2023-06-15T16:48:44+00:00
SAO_6053-10,São Paulo,3550308,True,,1145,,,-23.736617,-46.696708,,,,1,2023-06-15T16:48:16+00:00
SAO_4017-10,São Paulo,3550308,True,,2190,,,-23.589976999999998,-46.382441,,,,1,2023-06-15T16:48:20+00:00
SAO_4017-10,São Paulo,3550308,True,,2190,,,-23.599977000000003,-46.402148499999996,,,,1,2023-06-15T16:48:34+00:00
SAO_4017-10,São Paulo,3550308,True,,2190,,,-23.5833695,-46.407107499999995,,,,1,2023-06-15T16:45:28+00:00
SAO_3754-10,São Paulo,3550308,True,,33817,,,-23.574154999999998,-46.398071,,,,2,2023-06-15T16:48:42+00:00
SAO_3754-10,São Paulo,3550308,True,,33817,,,-23.574154999999998,-46.398071,,,,2,2023-06-15T16:48:17+00:00
SAO_3754-10,São Paulo,3550308,True,,33817,,,-23.5738885,-46.3986,,,,2,2023-06-15T16:48:15+00:00
SAO_3754-10,São Paulo,3550308,True,,33817,,,-23.5328285,-46.44833125,,,,2,2023-06-15T16:47:41+00:00
SAO_3754-10,São Paulo,3550308,True,,33817,,,-23.560210125000005,-46.40784775,,,,2,2023-06-15T16:48:29+00:00
SAO_3754-10,São Paulo,3550308,True,,33817,,,-23.57374,-46.398475000000005,,,,2,2023-06-15T16:48:01+00:00
SAO_3754-10,São Paulo,3550308,True,,33817,,,-23.542303,-46.425173,,,,2,2023-06-15T16:48:46+00:00
SAO_1788-10,São Paulo,3550308,True,,653,,,-23.453328,-46.5892685,,,,1,2023-06-15T16:48:40+00:00
SAO_1788-10,São Paulo,3550308,True,,653,,,-23.481448,-46.612571,,,,1,2023-06-15T16:45:47+00:00
SAO_1788-10,São Paulo,3550308,True,,653,,,-23.430781500000002,-46.574454,,,,1,2023-06-15T16:48:25+00:00
SAO_1788-10,São Paulo,3550308,True,,653,,,-23.499865999999997,-46.6151155,,,,1,2023-06-15T16:48:42+00:00
SAO_1788-10,São Paulo,3550308,True,,653,,,-23.430702,-46.574294,,,,1,2023-06-15T16:45:20+00:00
SAO_1788-10,São Paulo,3550308,True,,653,,,-23.4361655,-46.5769085,,,,1,2023-06-15T16:48:07+00:00
SAO_2730-10,São Paulo,3550308,True,Urubupungá,945,https://moovitapp.com/index/pt-br/transporte_p%C3%BAblico-line-945-Sao_Paulo-242-873835-75841138-0,4.6,-23.507143,-46.4493845,,,,1,2023-06-15T16:48:04+00:00
SAO_2730-10,São Paulo,3550308,True,Urubupungá,945,https://moovitapp.com/index/pt-br/transporte_p%C3%BAblico-line-945-Sao_Paulo-242-873835-75841138-0,4.6,-23.515639125,-46.46539025,,,,1,2023-06-15T16:48:16+00:00
SAO_2730-10,São Paulo,3550308,True,Urubupungá,945,https://moovitapp.com/index/pt-br/transporte_p%C3%BAblico-line-945-Sao_Paulo-242-873835-75841138-0,4.6,-23.5057775,-46.457261,,,,1,2023-06-15T16:48:20+00:00
SAO_2730-10,São Paulo,3550308,True,Urubupungá,945,https://moovitapp.com/index/pt-br/transporte_p%C3%BAblico-line-945-Sao_Paulo-242-873835-75841138-0,4.6,-23.540062499999998,-46.482594375,,,,1,2023-06-15T16:48:25+00:00
SAO_2730-10,São Paulo,3550308,True,Urubupungá,945,https://moovitapp.com/index/pt-br/transporte_p%C3%BAblico-line-945-Sao_Paulo-242-873835-75841138-0,4.6,-23.510564000000002,-46.447309000000004,,,,1,2023-06-15T16:48:28+00:00
SAO_509J-10,São Paulo,3550308,True,,33032,,,-23.6875885,-46.654850499999995,,,,2,2023-06-15T16:48:20+00:00
SAO_509J-10,São Paulo,3550308,True,,33032,,,-23.6875885,-46.654850499999995,,,,2,2023-06-15T16:48:06+00:00
SAO_509J-10,São Paulo,3550308,True,,33032,,,-23.671526875,-46.66808925,,,,2,2023-06-15T16:48:28+00:00
SAO_509J-10,São Paulo,3550308,True,,33032,,,-23.580849999999998,-46.656758999999994,,,,2,2023-06-15T16:48:07+00:00
SAO_509J-10,São Paulo,3550308,True,,33032,,,-23.68627875,-46.66321825,,,,2,2023-06-15T16:48:04+00:00
SAO_509J-10,São Paulo,3550308,True,,33032,,,-23.614869,-46.668227,,,,2,2023-06-15T16:48:23+00:00
SAO_509J-10,São Paulo,3550308,True,,33032,,,-23.6191595,-46.672282125,,,,2,2023-06-15T16:48:13+00:00
SAO_817C-10,São Paulo,3550308,True,,1337,,,-23.5217005,-46.700518,,,,1,2023-06-15T16:48:35+00:00
SAO_817C-10,São Paulo,3550308,True,,1337,,,-23.548006,-46.6859775,,,,1,2023-06-15T16:48:31+00:00
SAO_817C-10,São Paulo,3550308,True,,1337,,,-23.528129125,-46.700258250000005,,,,1,2023-06-15T16:48:06+00:00
SAO_817C-10,São Paulo,3550308,True,,1337,,,-23.541287500000003,-46.696898000000004,,,,1,2023-06-15T16:48:36+00:00
SAO_6062-51,São Paulo,3550308,True,,34507,,,-23.739462,-46.68600225,,,,2,2023-06-15T16:48:10+00:00
SAO_6062-51,São Paulo,3550308,True,,34507,,,-23.741882,-46.6813055,,,,2,2023-06-15T16:48:26+00:00
SAO_6062-51,São Paulo,3550308,True,,34507,,,-23.704718,-46.702425000000005,,,,2,2023-06-15T16:48:11+00:00
SAO_6062-51,São Paulo,3550308,True,,34507,,,-23.7310565,-46.6880525,,,,2,2023-06-15T16:48:13+00:00
SAO_6062-51,São Paulo,3550308,True,,34507,,,-23.655170249999998,-46.70783675,,,,2,2023-06-15T16:48:11+00:00
SAO_6062-51,São Paulo,3550308,True,,34507,,,-23.741882,-46.6813055,,,,2,2023-06-15T16:48:26+00:00
SAO_6062-51,São Paulo,3550308,True,,34507,,,-23.654134499999998,-46.708625,,,,2,2023-06-15T16:48:28+00:00
SAO_6062-51,São Paulo,3550308,True,,34507,,,-23.663435749999998,-46.7090035,,,,2,2023-06-15T16:48:40+00:00
SAO_6062-51,São Paulo,3550308,True,,34507,,,-23.713037999999997,-46.698539999999994,,,,2,2023-06-15T16:48:17+00:00
SAO_4093-10,São Paulo,3550308,True,,35216,,,-23.5826465,-46.408255999999994,,,,2,2023-06-15T16:48:18+00:00
SAO_4093-10,São Paulo,3550308,True,,35216,,,-23.591675000000002,-46.4035715,,,,2,2023-06-15T16:45:26+00:00
SAO_4093-10,São Paulo,3550308,True,,35216,,,-23.590045500000002,-46.3950825,,,,2,2023-06-15T16:47:59+00:00
SAO_5032-10,São Paulo,3550308,True,,1662,,,-23.6368005,-46.593399500000004,,,,1,2023-06-15T16:48:30+00:00
SAO_5032-10,São Paulo,3550308,True,,1662,,,-23.59495175,-46.595527624999995,,,,1,2023-06-15T16:48:23+00:00
SAO_5032-10,São Paulo,3550308,True,,1662,,,-23.6271455,-46.591333500000005,,,,1,2023-06-15T16:48:09+00:00
SAO_5032-10,São Paulo,3550308,True,,1662,,,-23.6368005,-46.593399500000004,,,,1,2023-06-15T16:48:38+00:00
SAO_5032-10,São Paulo,3550308,True,,1662,,,-23.6368005,-46.593399500000004,,,,1,2023-06-15T16:48:42+00:00
SAO_5032-10,São Paulo,3550308,True,,1662,,,-23.6368005,-46.593399500000004,,,,1,2023-06-15T16:48:17+00:00
SAO_5032-10,São Paulo,3550308,True,,1662,,,-23.6025585,-46.6028405,,,,1,2023-06-15T16:48:12+00:00
SAO_5032-10,São Paulo,3550308,True,,1662,,,-23.6368005,-46.593399500000004,,,,1,2023-06-15T16:48:22+00:00
SAO_5032-10,São Paulo,3550308,True,,1662,,,-23.606748,-46.5932435,,,,1,2023-06-15T16:48:30+00:00
SAO_4716-10,São Paulo,3550308,True,,33874,,,-23.6123605,-46.618151999999995,,,,2,2023-06-15T16:48:28+00:00
SAO_4716-10,São Paulo,3550308,True,,33874,,,-23.5976985,-46.6383635,,,,2,2023-06-15T16:48:42+00:00
SAO_4716-10,São Paulo,3550308,True,,33874,,,-23.603278500000002,-46.6036455,,,,2,2023-06-15T16:48:46+00:00
SAO_4716-10,São Paulo,3550308,True,,33874,,,-23.605970937499997,-46.622579062499995,,,,2,2023-06-15T16:48:07+00:00
SAO_4716-10,São Paulo,3550308,True,,33874,,,-23.601309,-46.602029875,,,,2,2023-06-15T16:48:10+00:00
SAO_342M-10,São Paulo,3550308,True,,747,,,-23.518709,-46.546899499999995,,,,1,2023-06-15T16:48:10+00:00
SAO_342M-10,São Paulo,3550308,True,,747,,,-23.5838975,-46.4927795,,,,1,2023-06-15T16:48:37+00:00
SAO_342M-10,São Paulo,3550308,True,,747,,,-23.5322855,-46.5599955,,,,1,2023-06-15T16:48:45+00:00
SAO_342M-10,São Paulo,3550308,True,,747,,,-23.532166500000002,-46.553769,,,,1,2023-06-15T16:48:35+00:00
SAO_342M-10,São Paulo,3550308,True,,747,,,-23.542620499999998,-46.5481845,,,,1,2023-06-15T16:48:09+00:00
SAO_342M-10,São Paulo,3550308,True,,747,,,-23.535376499999998,-46.558717,,,,1,2023-06-15T16:48:44+00:00
SAO_342M-10,São Paulo,3550308,True,,747,,,-23.5280895,-46.554803,,,,1,2023-06-15T16:48:28+00:00
SAO_342M-10,São Paulo,3550308,True,,747,,,-23.583146,-46.495833000000005,,,,1,2023-06-15T16:48:45+00:00
SAO_342M-10,São Paulo,3550308,True,,747,,,-23.5295205,-46.5538655,,,,1,2023-06-15T16:48:17+00:00
SAO_342M-10,São Paulo,3550308,True,,747,,,-23.55955,-46.5203865,,,,1,2023-06-15T16:48:20+00:00
SAO_342M-10,São Paulo,3550308,True,,747,,,-23.542819,-46.548100500000004,,,,1,2023-06-15T16:48:04+00:00
SAO_342M-10,São Paulo,3550308,True,,747,,,-23.5188135,-46.5469595,,,,1,2023-06-15T16:48:34+00:00
SAO_342M-10,São Paulo,3550308,True,,747,,,-23.580305250000002,-46.501073749999996,,,,1,2023-06-15T16:48:03+00:00
SAO_3728-41,São Paulo,3550308,True,,34756,,,-23.5590945,-46.478457,,,,2,2023-06-15T16:48:23+00:00
SAO_3728-41,São Paulo,3550308,True,,34756,,,-23.5526135,-46.49163625,,,,2,2023-06-15T16:48:38+00:00
SAO_8004-10,São Paulo,3550308,True,,1254,,,-23.5198465,-46.7023155,,,,1,2023-06-15T16:48:06+00:00
SAO_8004-10,São Paulo,3550308,True,,1254,,,-23.509039,-46.733185500000005,,,,1,2023-06-15T16:48:20+00:00
SAO_2719-10,São Paulo,3550308,True,,932,,,-23.524116,-46.528628999999995,,,,1,2023-06-15T16:48:37+00:00
SAO_2719-10,São Paulo,3550308,True,,932,,,-23.5218395,-46.5271815,,,,1,2023-06-15T16:48:06+00:00
SAO_2719-10,São Paulo,3550308,True,,932,,,-23.494434249999998,-46.47067175,,,,1,2023-06-15T16:48:34+00:00
SAO_2719-10,São Paulo,3550308,True,,932,,,-23.5183855625,-46.523609125,,,,1,2023-06-15T16:48:35+00:00
SAO_2719-10,São Paulo,3550308,True,,932,,,-23.492278499999998,-46.478474500000004,,,,1,2023-06-15T16:48:32+00:00
SAO_2719-10,São Paulo,3550308,True,,932,,,-23.507572500000002,-46.490964,,,,1,2023-06-15T16:48:21+00:00
SAO_2719-10,São Paulo,3550308,True,,932,,,-23.5143955,-46.519346999999996,,,,1,2023-06-15T16:48:21+00:00
SAO_2719-10,São Paulo,3550308,True,,932,,,-23.5142675,-46.519064,,,,1,2023-06-15T16:48:10+00:00
SAO_2719-10,São Paulo,3550308,True,,932,,,-23.5101425,-46.497883,,,,1,2023-06-15T16:48:23+00:00
SAO_2719-10,São Paulo,3550308,True,,932,,,-23.49613925,-46.485310375,,,,1,2023-06-15T16:48:17+00:00
SAO_407H-10,São Paulo,3550308,True,,2197,,,-23.578554500000003,-46.443013,,,,1,2023-06-15T16:47:58+00:00
SAO_407H-10,São Paulo,3550308,True,,2197,,,-23.630965500000002,-46.4467205,,,,1,2023-06-15T16:48:16+00:00
SAO_407H-10,São Paulo,3550308,True,,2197,,,-23.55495,-46.464417499999996,,,,1,2023-06-15T16:47:42+00:00
SAO_407H-10,São Paulo,3550308,True,,2197,,,-23.5946405,-46.448291999999995,,,,1,2023-06-15T16:48:21+00:00
SAO_407H-10,São Paulo,3550308,True,,2197,,,-23.62320825,-46.446789249999995,,,,1,2023-06-15T16:48:16+00:00
SAO_407H-10,São Paulo,3550308,True,,2197,,,-23.630965500000002,-46.4467205,,,,1,2023-06-15T16:48:17+00:00
SAO_407H-10,São Paulo,3550308,True,,2197,,,-23.630965500000002,-46.4467205,,,,1,2023-06-15T16:48:29+00:00
SAO_407H-10,São Paulo,3550308,True,,2197,,,-23.6088165,-46.4531835,,,,1,2023-06-15T16:48:13+00:00
SAO_1705-10,São Paulo,3550308,True,,849,,,-23.434117999999998,-46.5843315,,,,1,2023-06-15T16:48:20+00:00
SAO_1705-10,São Paulo,3550308,True,,849,,,-23.456357750000002,-46.591373000000004,,,,1,2023-06-15T16:48:42+00:00
SAO_1705-10,São Paulo,3550308,True,,849,,,-23.4790025,-46.60396525,,,,1,2023-06-15T16:48:15+00:00
SAO_1705-10,São Paulo,3550308,True,,849,,,-23.48035,-46.6023085,,,,1,2023-06-15T16:48:34+00:00
SAO_1705-10,São Paulo,3550308,True,,849,,,-23.434117999999998,-46.5843315,,,,1,2023-06-15T16:48:27+00:00
SAO_1705-10,São Paulo,3550308,True,,849,,,-23.441627,-46.588278,,,,1,2023-06-15T16:48:39+00:00
SAO_1705-10,São Paulo,3550308,True,,849,,,-23.4453575,-46.5871345,,,,1,2023-06-15T16:48:22+00:00
SAO_1705-10,São Paulo,3550308,True,,849,,,-23.434117999999998,-46.5843315,,,,1,2023-06-15T16:48:07+00:00
SAO_407L-10,São Paulo,3550308,True,,2199,,,-23.5367335,-46.469867,,,,1,2023-06-15T16:48:07+00:00
SAO_407L-10,São Paulo,3550308,True,,2199,,,-23.539844499999997,-46.426242375,,,,1,2023-06-15T16:48:06+00:00
SAO_407L-10,São Paulo,3550308,True,,2199,,,-23.528101,-46.515983000000006,,,,1,2023-06-15T16:48:11+00:00
SAO_407L-10,São Paulo,3550308,True,,2199,,,-23.528870750000003,-46.498439,,,,1,2023-06-15T16:47:18+00:00
SAO_407L-10,São Paulo,3550308,True,,2199,,,-23.58659675,-46.39069775,,,,1,2023-06-15T16:46:37+00:00
SAO_407L-10,São Paulo,3550308,True,,2199,,,-23.590169500000002,-46.3950145,,,,1,2023-06-15T16:48:27+00:00
SAO_407L-10,São Paulo,3550308,True,,2199,,,-23.582577,-46.408426,,,,1,2023-06-15T16:48:16+00:00
SAO_407L-10,São Paulo,3550308,True,,2199,,,-23.528101,-46.515983000000006,,,,1,2023-06-15T16:48:18+00:00
SAO_407L-10,São Paulo,3550308,True,,2199,,,-23.552553,-46.413527,,,,1,2023-06-15T16:47:10+00:00
SAO_407L-10,São Paulo,3550308,True,,2199,,,-23.536156,-46.4681715,,,,1,2023-06-15T16:48:01+00:00
SAO_3029-10,São Paulo,3550308,True,,33734,,,-23.5859875,-46.5085045,,,,2,2023-06-15T16:48:30+00:00
SAO_3029-10,São Paulo,3550308,True,,33734,,,-23.543611749999997,-46.546510999999995,,,,2,2023-06-15T16:48:43+00:00
SAO_3029-10,São Paulo,3550308,True,,33734,,,-23.576690499999998,-46.5169015,,,,2,2023-06-15T16:46:08+00:00
SAO_3029-10,São Paulo,3550308,True,,33734,,,-23.585338999999998,-46.507191,,,,2,2023-06-15T16:48:22+00:00
SAO_3029-10,São Paulo,3550308,True,,33734,,,-23.554193375,-46.5433305,,,,2,2023-06-15T16:48:19+00:00
SAO_3029-10,São Paulo,3550308,True,,33734,,,-23.57724175,-46.525707,,,,2,2023-06-15T16:48:34+00:00
SAO_3029-10,São Paulo,3550308,True,,33734,,,-23.585386,-46.5076605,,,,2,2023-06-15T16:48:01+00:00
SAO_3029-10,São Paulo,3550308,True,,33734,,,-23.58542,-46.508035500000005,,,,2,2023-06-15T16:48:28+00:00
SAO_3029-10,São Paulo,3550308,True,,33734,,,-23.585386,-46.5076605,,,,2,2023-06-15T16:48:26+00:00
SAO_3029-10,São Paulo,3550308,True,,33734,,,-23.5407905,-46.575551000000004,,,,2,2023-06-15T16:48:10+00:00
SAO_3099-10,São Paulo,3550308,True,,1079,,,-23.606595,-46.442619,,,,1,2023-06-15T16:48:21+00:00
SAO_3099-10,São Paulo,3550308,True,,1079,,,-23.60103025,-46.48385275,,,,1,2023-06-15T16:48:30+00:00
SAO_3099-10,São Paulo,3550308,True,,1079,,,-23.6129015,-46.444473,,,,1,2023-06-15T16:48:33+00:00
SAO_3099-10,São Paulo,3550308,True,,1079,,,-23.592958000000003,-46.4883885,,,,1,2023-06-15T16:48:06+00:00
SAO_3099-10,São Paulo,3550308,True,,1079,,,-23.592958000000003,-46.4883885,,,,1,2023-06-15T16:48:12+00:00
SAO_3099-10,São Paulo,3550308,True,,1079,,,-23.61489975,-46.47046725,,,,1,2023-06-15T16:48:06+00:00
SAO_3099-10,São Paulo,3550308,True,,1079,,,-23.6153885,-46.45921575,,,,1,2023-06-15T16:48:34+00:00
SAO_3099-10,São Paulo,3550308,True,,1079,,,-23.6129015,-46.444473,,,,1,2023-06-15T16:48:22+00:00
SAO_3099-10,São Paulo,3550308,True,,1079,,,-23.6129015,-46.444473,,,,1,2023-06-15T16:48:47+00:00
SAO_938P-10,São Paulo,3550308,True,,888,,,-23.527257000000002,-46.686515875000005,,,,1,2023-06-15T16:48:34+00:00
SAO_938P-10,São Paulo,3550308,True,,888,,,-23.462593499999997,-46.6814735,,,,1,2023-06-15T16:48:41+00:00
SAO_938P-10,São Paulo,3550308,True,,888,,,-23.463176500000003,-46.6814205,,,,1,2023-06-15T16:48:42+00:00
SAO_938P-10,São Paulo,3550308,True,,888,,,-23.479170000000003,-46.6858145,,,,1,2023-06-15T16:48:05+00:00
SAO_938P-10,São Paulo,3550308,True,,888,,,-23.526591000000003,-46.668301,,,,1,2023-06-15T16:48:00+00:00
SAO_938P-10,São Paulo,3550308,True,,888,,,-23.4976145,-46.69053275,,,,1,2023-06-15T16:48:31+00:00
SAO_4735-10,São Paulo,3550308,True,,1110,,,-23.6191365,-46.472797,,,,1,2023-06-15T16:48:20+00:00
SAO_4735-10,São Paulo,3550308,True,,1110,,,-23.608188,-46.478106499999996,,,,1,2023-06-15T16:48:20+00:00
SAO_4735-10,São Paulo,3550308,True,,1110,,,-23.6191365,-46.472797,,,,1,2023-06-15T16:48:25+00:00
SAO_1012-10,São Paulo,3550308,True,,35254,,,-23.428325375,-46.796477124999996,,,,2,2023-06-15T16:48:07+00:00
SAO_1012-10,São Paulo,3550308,True,,35254,,,-23.43306225,-46.7870825,,,,2,2023-06-15T16:48:44+00:00
SAO_1012-10,São Paulo,3550308,True,,35254,,,-23.432446499999998,-46.787048,,,,2,2023-06-15T16:48:25+00:00
SAO_1012-10,São Paulo,3550308,True,,35254,,,-23.4368845,-46.8057035,,,,2,2023-06-15T16:48:06+00:00
SAO_1012-10,São Paulo,3550308,True,,35254,,,-23.4325465,-46.787031999999996,,,,2,2023-06-15T16:48:34+00:00
SAO_1012-10,São Paulo,3550308,True,,35254,,,-23.4325465,-46.787031999999996,,,,2,2023-06-15T16:48:04+00:00
SAO_2104-10,São Paulo,3550308,True,,35023,,,-23.502574,-46.624022999999994,,,,2,2023-06-15T16:48:39+00:00
SAO_2104-10,São Paulo,3550308,True,,35023,,,-23.503036,-46.624043,,,,2,2023-06-15T16:48:16+00:00
SAO_2104-10,São Paulo,3550308,True,,35023,,,-23.545572999999997,-46.626541,,,,2,2023-06-15T16:48:32+00:00
SAO_2104-10,São Paulo,3550308,True,,35023,,,-23.505131125,-46.624702875,,,,2,2023-06-15T16:48:40+00:00
SAO_2104-10,São Paulo,3550308,True,,35023,,,-23.503036,-46.624043,,,,2,2023-06-15T16:48:28+00:00
SAO_6358-10,São Paulo,3550308,True,,1294,,,-23.604212250000003,-46.662688,,,,1,2023-06-15T16:48:27+00:00
SAO_6358-10,São Paulo,3550308,True,,1294,,,-23.645794,-46.671467,,,,1,2023-06-15T16:48:26+00:00
SAO_6358-10,São Paulo,3550308,True,,1294,,,-23.6814415,-46.6377235,,,,1,2023-06-15T16:48:43+00:00
SAO_6358-10,São Paulo,3550308,True,,1294,,,-23.559336,-46.654204750000005,,,,1,2023-06-15T16:48:37+00:00
SAO_6358-10,São Paulo,3550308,True,,1294,,,-23.5988916875,-46.6576900625,,,,1,2023-06-15T16:48:32+00:00
SAO_6358-10,São Paulo,3550308,True,,1294,,,-23.576976875,-46.663839125,,,,1,2023-06-15T16:48:00+00:00
SAO_6358-10,São Paulo,3550308,True,,1294,,,-23.679908500000003,-46.63957275,,,,1,2023-06-15T16:48:16+00:00
SAO_908T-10,São Paulo,3550308,True,,2116,,,-23.549207125000002,-46.644253375000005,,,,1,2023-06-15T16:48:05+00:00
SAO_908T-10,São Paulo,3550308,True,,2116,,,-23.573455250000002,-46.70388525,,,,1,2023-06-15T16:48:33+00:00
SAO_709A-10,São Paulo,3550308,True,,2092,,,-23.58485125,-46.64439425,,,,1,2023-06-15T16:47:00+00:00
SAO_709A-10,São Paulo,3550308,True,,2092,,,-23.613653999999997,-46.695603,,,,1,2023-06-15T16:48:13+00:00
SAO_709A-10,São Paulo,3550308,True,,2092,,,-23.580937499999997,-46.6646905,,,,1,2023-06-15T16:47:16+00:00
SAO_709A-10,São Paulo,3550308,True,,2092,,,-23.581194125,-46.65919375,,,,1,2023-06-15T16:46:31+00:00
SAO_709A-10,São Paulo,3550308,True,,2092,,,-23.590996,-46.68846,,,,1,2023-06-15T16:48:19+00:00
SAO_647P-10,São Paulo,3550308,True,,1316,,,-23.5834015,-46.683516499999996,,,,1,2023-06-15T16:48:41+00:00
SAO_647P-10,São Paulo,3550308,True,,1316,,,-23.653139250000002,-46.73891825,,,,1,2023-06-15T16:48:10+00:00
SAO_647P-10,São Paulo,3550308,True,,1316,,,-23.590570999999997,-46.7030105,,,,1,2023-06-15T16:48:30+00:00
SAO_647P-10,São Paulo,3550308,True,,1316,,,-23.575620999999998,-46.6877935,,,,1,2023-06-15T16:48:06+00:00
SAO_647P-10,São Paulo,3550308,True,,1316,,,-23.6497955,-46.7329255,,,,1,2023-06-15T16:48:32+00:00
SAO_647P-10,São Paulo,3550308,True,,1316,,,-23.585872375,-46.685860375,,,,1,2023-06-15T16:48:25+00:00
SAO_647P-10,São Paulo,3550308,True,,1316,,,-23.586530000000003,-46.695387999999994,,,,1,2023-06-15T16:48:09+00:00
SAO_647P-10,São Paulo,3550308,True,,1316,,,-23.660608,-46.7679,,,,1,2023-06-15T16:48:03+00:00
SAO_647P-10,São Paulo,3550308,True,,1316,,,-23.641666,-46.735493000000005,,,,1,2023-06-15T16:48:40+00:00
SAO_573A-10,São Paulo,3550308,True,,34405,,,-23.5488625,-46.60194,,,,2,2023-06-15T16:48:19+00:00
SAO_573A-10,São Paulo,3550308,True,,34405,,,-23.581889,-46.585524,,,,2,2023-06-15T16:48:43+00:00
SAO_573A-10,São Paulo,3550308,True,,34405,,,-23.58466525,-46.580554875000004,,,,2,2023-06-15T16:48:09+00:00
SAO_573A-10,São Paulo,3550308,True,,34405,,,-23.54634425,-46.60539125,,,,2,2023-06-15T16:48:26+00:00
SAO_573A-10,São Paulo,3550308,True,,34405,,,-23.5847585,-46.581242,,,,2,2023-06-15T16:48:16+00:00
SAO_573A-10,São Paulo,3550308,True,,34405,,,-23.5488625,-46.60194,,,,2,2023-06-15T16:48:18+00:00
SAO_573A-10,São Paulo,3550308,True,,34405,,,-23.558612500000002,-46.600269499999996,,,,2,2023-06-15T16:46:51+00:00
SAO_513C-31,São Paulo,3550308,True,,35304,,,-23.535663,-46.453911000000005,,,,2,2023-06-15T16:48:32+00:00
SAO_513C-31,São Paulo,3550308,True,,35304,,,-23.5994315,-46.530262,,,,2,2023-06-15T16:48:12+00:00
SAO_513C-31,São Paulo,3550308,True,,35304,,,-23.602146375000004,-46.470685375,,,,2,2023-06-15T16:48:44+00:00
SAO_5031-10,São Paulo,3550308,True,,34514,,,-23.63630825,-46.590938249999994,,,,2,2023-06-15T16:48:10+00:00
SAO_5031-10,São Paulo,3550308,True,,34514,,,-23.6369775,-46.591483000000004,,,,2,2023-06-15T16:48:05+00:00
SAO_5031-10,São Paulo,3550308,True,,34514,,,-23.6369775,-46.591483000000004,,,,2,2023-06-15T16:48:26+00:00
SAO_5031-10,São Paulo,3550308,True,,34514,,,-23.607238000000002,-46.597986750000004,,,,2,2023-06-15T16:48:18+00:00
SAO_5031-10,São Paulo,3550308,True,,34514,,,-23.637068499999998,-46.591771,,,,2,2023-06-15T16:48:45+00:00
SAO_5031-10,São Paulo,3550308,True,,34514,,,-23.6291995,-46.589616500000005,,,,2,2023-06-15T16:48:37+00:00
SAO_5031-10,São Paulo,3550308,True,,34514,,,-23.61600225,-46.593427250000005,,,,2,2023-06-15T16:48:05+00:00
SAO_5031-10,São Paulo,3550308,True,,34514,,,-23.63559925,-46.5928035,,,,2,2023-06-15T16:48:28+00:00
SAO_5031-10,São Paulo,3550308,True,,34514,,,-23.635791,-46.590753,,,,2,2023-06-15T16:48:23+00:00
SAO_5031-10,São Paulo,3550308,True,,34514,,,-23.61714225,-46.593075999999996,,,,2,2023-06-15T16:48:13+00:00
SAO_9500-10,São Paulo,3550308,True,,33229,,,-23.512722000000004,-46.66633924999999,,,,2,2023-06-15T16:48:02+00:00
SAO_9500-10,São Paulo,3550308,True,,33229,,,-23.482618000000002,-46.67342,,,,2,2023-06-15T16:46:25+00:00
SAO_9500-10,São Paulo,3550308,True,,33229,,,-23.4742495,-46.669781,,,,2,2023-06-15T16:48:33+00:00
SAO_9500-10,São Paulo,3550308,True,,33229,,,-23.497123000000002,-46.676160499999995,,,,2,2023-06-15T16:48:13+00:00
SAO_9500-10,São Paulo,3550308,True,,33229,,,-23.539928000000003,-46.636799499999995,,,,2,2023-06-15T16:48:45+00:00
SAO_7245-10,São Paulo,3550308,True,EMTU,363,https://moovitapp.com/index/pt-br/transporte_p%C3%BAblico-line-363-Sao_Paulo-242-2038937-36419444-0,5.1,-23.6135655,-46.695814,,,,1,2023-06-15T16:48:47+00:00
SAO_7245-10,São Paulo,3550308,True,EMTU,363,https://moovitapp.com/index/pt-br/transporte_p%C3%BAblico-line-363-Sao_Paulo-242-2038937-36419444-0,5.1,-23.5507215,-46.659347499999996,,,,1,2023-06-15T16:48:27+00:00
SAO_7245-10,São Paulo,3550308,True,EMTU,363,https://moovitapp.com/index/pt-br/transporte_p%C3%BAblico-line-363-Sao_Paulo-242-2038937-36419444-0,5.1,-23.569890125,-46.688351125,,,,1,2023-06-15T16:48:17+00:00
SAO_7245-10,São Paulo,3550308,True,EMTU,363,https://moovitapp.com/index/pt-br/transporte_p%C3%BAblico-line-363-Sao_Paulo-242-2038937-36419444-0,5.1,-23.654266,-46.711191,,,,1,2023-06-15T16:48:26+00:00
SAO_7245-10,São Paulo,3550308,True,EMTU,363,https://moovitapp.com/index/pt-br/transporte_p%C3%BAblico-line-363-Sao_Paulo-242-2038937-36419444-0,5.1,-23.591364499999997,-46.681032,,,,1,2023-06-15T16:48:38+00:00
SAO_7245-10,São Paulo,3550308,True,EMTU,363,https://moovitapp.com/index/pt-br/transporte_p%C3%BAblico-line-363-Sao_Paulo-242-2038937-36419444-0,5.1,-23.576854,-46.68703525,,,,1,2023-06-15T16:48:22+00:00
SAO_7245-10,São Paulo,3550308,True,EMTU,363,https://moovitapp.com/index/pt-br/transporte_p%C3%BAblico-line-363-Sao_Paulo-242-2038937-36419444-0,5.1,-23.5585285,-46.668259,,,,1,2023-06-15T16:48:45+00:00
SAO_7245-10,São Paulo,3550308,True,EMTU,363,https://moovitapp.com/index/pt-br/transporte_p%C3%BAblico-line-363-Sao_Paulo-242-2038937-36419444-0,5.1,-23.634138999999998,-46.711743999999996,,,,1,2023-06-15T16:48:39+00:00
SAO_7245-10,São Paulo,3550308,True,EMTU,363,https://moovitapp.com/index/pt-br/transporte_p%C3%BAblico-line-363-Sao_Paulo-242-2038937-36419444-0,5.1,-23.6542185,-46.7095555,,,,1,2023-06-15T16:48:23+00:00
SAO_4314-10,São Paulo,3550308,True,,2174,,,-23.550206000000003,-46.510247,,,,1,2023-06-15T16:48:38+00:00
SAO_4314-10,São Paulo,3550308,True,,2174,,,-23.551592499999998,-46.4357825,,,,1,2023-06-15T16:48:47+00:00
SAO_4314-10,São Paulo,3550308,True,,2174,,,-23.537083125000002,-46.559342375,,,,1,2023-06-15T16:47:47+00:00
SAO_4314-10,São Paulo,3550308,True,,2174,,,-23.548436375,-46.460986000000005,,,,1,2023-06-15T16:48:13+00:00
SAO_4314-10,São Paulo,3550308,True,,2174,,,-23.5509805,-46.625003500000005,,,,1,2023-06-15T16:48:35+00:00
SAO_4314-10,São Paulo,3550308,True,,2174,,,-23.53962675,-46.542210999999995,,,,1,2023-06-15T16:48:37+00:00
SAO_775F-10,São Paulo,3550308,True,,33564,,,-23.57392075,-46.689063625,,,,2,2023-06-15T16:48:15+00:00
SAO_775F-10,São Paulo,3550308,True,,33564,,,-23.57392075,-46.689063625,,,,2,2023-06-15T16:48:16+00:00
SAO_775F-10,São Paulo,3550308,True,,33564,,,-23.612444,-46.7329555,,,,2,2023-06-15T16:48:43+00:00
SAO_775F-10,São Paulo,3550308,True,,33564,,,-23.603258750000002,-46.7121355,,,,2,2023-06-15T16:48:42+00:00
SAO_775F-10,São Paulo,3550308,True,,33564,,,-23.6254385,-46.7483815,,,,2,2023-06-15T16:48:31+00:00
SAO_775F-10,São Paulo,3550308,True,,33564,,,-23.5745605,-46.688671,,,,2,2023-06-15T16:48:06+00:00
SAO_775F-10,São Paulo,3550308,True,,33564,,,-23.596346,-46.708363500000004,,,,2,2023-06-15T16:48:32+00:00
SAO_775F-10,São Paulo,3550308,True,,33564,,,-23.625434499999997,-46.7480455,,,,2,2023-06-15T16:48:04+00:00
SAO_675A-10,São Paulo,3550308,True,,34086,,,-23.61623,-46.64913975,,,,2,2023-06-15T16:48:31+00:00
SAO_675A-10,São Paulo,3550308,True,,34086,,,-23.61756225,-46.6740645,,,,2,2023-06-15T16:48:20+00:00
SAO_675A-10,São Paulo,3550308,True,,34086,,,-23.642614625,-46.716104,,,,2,2023-06-15T16:48:45+00:00
SAO_675A-10,São Paulo,3550308,True,,34086,,,-23.662457,-46.75604,,,,2,2023-06-15T16:48:36+00:00
SAO_675A-10,São Paulo,3550308,True,,34086,,,-23.653301499999998,-46.7366885,,,,2,2023-06-15T16:48:17+00:00
SAO_5154-10,São Paulo,3550308,True,,33121,,,-23.5961815,-46.65530700000001,,,,2,2023-06-15T16:48:40+00:00
SAO_5154-10,São Paulo,3550308,True,,33121,,,-23.561073999999998,-46.643897875,,,,2,2023-06-15T16:48:32+00:00
SAO_5154-10,São Paulo,3550308,True,,33121,,,-23.63635825,-46.700356875,,,,2,2023-06-15T16:48:23+00:00
SAO_5154-10,São Paulo,3550308,True,,33121,,,-23.605852,-46.67257575000001,,,,2,2023-06-15T16:48:10+00:00
SAO_5154-10,São Paulo,3550308,True,,33121,,,-23.5364196875,-46.6341490625,,,,2,2023-06-15T16:48:29+00:00
SAO_5154-10,São Paulo,3550308,True,,33121,,,-23.6196075,-46.698184,,,,2,2023-06-15T16:48:38+00:00
SAO_2011-10,São Paulo,3550308,True,,34904,,,-23.4900685,-46.5707825,,,,2,2023-06-15T16:48:43+00:00
SAO_2011-10,São Paulo,3550308,True,,34904,,,-23.488518,-46.565472250000006,,,,2,2023-06-15T16:48:43+00:00
SAO_2011-10,São Paulo,3550308,True,,34904,,,-23.490397,-46.5710545,,,,2,2023-06-15T16:48:36+00:00
SAO_2011-10,São Paulo,3550308,True,,34904,,,-23.481398,-46.601732999999996,,,,2,2023-06-15T16:48:13+00:00
SAO_2011-10,São Paulo,3550308,True,,34904,,,-23.502432499999998,-46.6235935,,,,2,2023-06-15T16:48:21+00:00
SAO_2011-10,São Paulo,3550308,True,,34904,,,-23.4922745,-46.6243145,,,,2,2023-06-15T16:44:43+00:00
SAO_2011-10,São Paulo,3550308,True,,34904,,,-23.490259,-46.5709545,,,,2,2023-06-15T16:48:33+00:00
SAO_407P-10,São Paulo,3550308,True,,34968,,,-23.541269,-46.5768465,,,,2,2023-06-15T16:48:08+00:00
SAO_407P-10,São Paulo,3550308,True,,34968,,,-23.5309655,-46.4485815,,,,2,2023-06-15T16:48:06+00:00
SAO_407P-10,São Paulo,3550308,True,,34968,,,-23.533186,-46.539032000000006,,,,2,2023-06-15T16:47:59+00:00
SAO_407P-10,São Paulo,3550308,True,,34968,,,-23.536962250000002,-46.55808975,,,,2,2023-06-15T16:48:43+00:00
SAO_407P-10,São Paulo,3550308,True,,34968,,,-23.583091000000003,-46.4080965,,,,2,2023-06-15T16:47:56+00:00
SAO_407P-10,São Paulo,3550308,True,,34968,,,-23.5830695,-46.408172,,,,2,2023-06-15T16:48:35+00:00
SAO_407P-10,São Paulo,3550308,True,,34968,,,-23.583131,-46.4090595,,,,2,2023-06-15T16:48:38+00:00
SAO_407P-10,São Paulo,3550308,True,,34968,,,-23.527473999999998,-46.4319215,,,,2,2023-06-15T16:48:26+00:00
SAO_407P-10,São Paulo,3550308,True,,34968,,,-23.541269,-46.5768465,,,,2,2023-06-15T16:48:07+00:00
SAO_407P-10,São Paulo,3550308,True,,34968,,,-23.541269,-46.5768465,,,,2,2023-06-15T16:48:41+00:00
SAO_407P-10,São Paulo,3550308,True,,34968,,,-23.580378625,-46.4131895,,,,2,2023-06-15T16:48:33+00:00
SAO_407P-10,São Paulo,3550308,True,,34968,,,-23.5371325,-46.558893999999995,,,,2,2023-06-15T16:48:13+00:00
SAO_407P-10,São Paulo,3550308,True,,34968,,,-23.558151000000002,-46.4104825,,,,2,2023-06-15T16:48:34+00:00
SAO_407P-10,São Paulo,3550308,True,,34968,,,-23.541269,-46.5768465,,,,2,2023-06-15T16:48:01+00:00
SAO_9023-10,São Paulo,3550308,True,,1437,,,-23.460037999999997,-46.7210435,,,,1,2023-06-15T16:48:18+00:00
SAO_9023-10,São Paulo,3550308,True,,1437,,,-23.450201,-46.716485,,,,1,2023-06-15T16:48:35+00:00
SAO_9023-10,São Paulo,3550308,True,,1437,,,-23.4298515,-46.714377,,,,1,2023-06-15T16:48:39+00:00
SAO_1025-10,São Paulo,3550308,True,,35071,,,-23.460390500000003,-46.6986845,,,,2,2023-06-15T16:48:06+00:00
SAO_1025-10,São Paulo,3550308,True,,35071,,,-23.453380000000003,-46.707059,,,,2,2023-06-15T16:48:13+00:00
SAO_1025-10,São Paulo,3550308,True,,35071,,,-23.453629,-46.706905500000005,,,,2,2023-06-15T16:48:23+00:00
SAO_1709-10,São Paulo,3550308,True,,851,,,-23.4493945,-46.594516,,,,1,2023-06-15T16:46:59+00:00
SAO_1709-10,São Paulo,3550308,True,,851,,,-23.4412375,-46.5814765,,,,1,2023-06-15T16:48:39+00:00
SAO_1709-10,São Paulo,3550308,True,,851,,,-23.4412375,-46.5814765,,,,1,2023-06-15T16:48:18+00:00
SAO_1709-10,São Paulo,3550308,True,,851,,,-23.440148999999998,-46.582153000000005,,,,1,2023-06-15T16:48:34+00:00
SAO_1709-10,São Paulo,3550308,True,,851,,,-23.4412375,-46.5814765,,,,1,2023-06-15T16:48:19+00:00
SAO_1709-10,São Paulo,3550308,True,,851,,,-23.4412375,-46.5814765,,,,1,2023-06-15T16:47:59+00:00
SAO_1709-10,São Paulo,3550308,True,,851,,,-23.4412375,-46.5814765,,,,1,2023-06-15T16:48:03+00:00
SAO_1709-10,São Paulo,3550308,True,,851,,,-23.4428805,-46.592504,,,,1,2023-06-15T16:48:16+00:00
SAO_1709-10,São Paulo,3550308,True,,851,,,-23.467872500000002,-46.59734525,,,,1,2023-06-15T16:46:05+00:00
SAO_1709-10,São Paulo,3550308,True,,851,,,-23.4412375,-46.5814765,,,,1,2023-06-15T16:48:08+00:00
SAO_1709-10,São Paulo,3550308,True,,851,,,-23.459412,-46.60247125,,,,1,2023-06-15T16:48:26+00:00
SAO_9501-10,São Paulo,3550308,True,,33230,,,-23.517438499999997,-46.6812945,,,,2,2023-06-15T16:48:20+00:00
SAO_9501-10,São Paulo,3550308,True,,33230,,,-23.4921285,-46.68518,,,,2,2023-06-15T16:48:30+00:00
SAO_9501-10,São Paulo,3550308,True,,33230,,,-23.4923645,-46.685142,,,,2,2023-06-15T16:48:17+00:00
SAO_9501-10,São Paulo,3550308,True,,33230,,,-23.4742495,-46.669781,,,,2,2023-06-15T16:48:08+00:00
SAO_9501-10,São Paulo,3550308,True,,33230,,,-23.522741874999998,-46.658436625,,,,2,2023-06-15T16:48:41+00:00
SAO_9501-10,São Paulo,3550308,True,,33230,,,-23.539871750000003,-46.639821250000004,,,,2,2023-06-15T16:48:24+00:00
SAO_271P-10,São Paulo,3550308,True,,33472,,,-23.535485,-46.62689175,,,,2,2023-06-15T16:48:37+00:00
SAO_271P-10,São Paulo,3550308,True,,33472,,,-23.535219,-46.62853475,,,,2,2023-06-15T16:48:39+00:00
SAO_271P-10,São Paulo,3550308,True,,33472,,,-23.536562749999998,-46.5887755,,,,2,2023-06-15T16:48:35+00:00
SAO_271P-10,São Paulo,3550308,True,,33472,,,-23.4985585,-46.514556999999996,,,,2,2023-06-15T16:48:09+00:00
SAO_271P-10,São Paulo,3550308,True,,33472,,,-23.514964,-46.5458845,,,,2,2023-06-15T16:48:20+00:00
SAO_271P-10,São Paulo,3550308,True,,33472,,,-23.4985705,-46.51483,,,,2,2023-06-15T16:48:41+00:00
SAO_819A-10,São Paulo,3550308,True,Rápido Campinas,803,https://moovitapp.com/index/pt-br/transporte_p%C3%BAblico-line-803-Sao_Paulo-242-858660-544941-0,5.3,-23.459582750000003,-46.68836775,,,,1,2023-06-15T16:48:03+00:00
SAO_819A-10,São Paulo,3550308,True,Rápido Campinas,803,https://moovitapp.com/index/pt-br/transporte_p%C3%BAblico-line-803-Sao_Paulo-242-858660-544941-0,5.3,-23.4805725,-46.6731805,,,,1,2023-06-15T16:48:35+00:00
SAO_819A-10,São Paulo,3550308,True,Rápido Campinas,803,https://moovitapp.com/index/pt-br/transporte_p%C3%BAblico-line-803-Sao_Paulo-242-858660-544941-0,5.3,-23.438405,-46.748092,,,,1,2023-06-15T16:48:44+00:00
SAO_819A-10,São Paulo,3550308,True,Rápido Campinas,803,https://moovitapp.com/index/pt-br/transporte_p%C3%BAblico-line-803-Sao_Paulo-242-858660-544941-0,5.3,-23.43862125,-46.75131825,,,,1,2023-06-15T16:48:27+00:00
SAO_819A-10,São Paulo,3550308,True,Rápido Campinas,803,https://moovitapp.com/index/pt-br/transporte_p%C3%BAblico-line-803-Sao_Paulo-242-858660-544941-0,5.3,-23.488703125,-46.675247125,,,,1,2023-06-15T16:48:16+00:00
SAO_819A-10,São Paulo,3550308,True,Rápido Campinas,803,https://moovitapp.com/index/pt-br/transporte_p%C3%BAblico-line-803-Sao_Paulo-242-858660-544941-0,5.3,-23.475635500000003,-46.66432425000001,,,,1,2023-06-15T16:47:44+00:00
SAO_819A-10,São Paulo,3550308,True,Rápido Campinas,803,https://moovitapp.com/index/pt-br/transporte_p%C3%BAblico-line-803-Sao_Paulo-242-858660-544941-0,5.3,-23.438405,-46.748092,,,,1,2023-06-15T16:48:07+00:00
SAO_819A-10,São Paulo,3550308,True,Rápido Campinas,803,https://moovitapp.com/index/pt-br/transporte_p%C3%BAblico-line-803-Sao_Paulo-242-858660-544941-0,5.3,-23.438405,-46.748092,,,,1,2023-06-15T16:48:20+00:00
SAO_819A-10,São Paulo,3550308,True,Rápido Campinas,803,https://moovitapp.com/index/pt-br/transporte_p%C3%BAblico-line-803-Sao_Paulo-242-858660-544941-0,5.3,-23.438405,-46.748092,,,,1,2023-06-15T16:48:23+00:00
SAO_819A-10,São Paulo,3550308,True,Rápido Campinas,803,https://moovitapp.com/index/pt-br/transporte_p%C3%BAblico-line-803-Sao_Paulo-242-858660-544941-0,5.3,-23.4334995,-46.722302,,,,1,2023-06-15T16:48:33+00:00
SAO_819A-10,São Paulo,3550308,True,Rápido Campinas,803,https://moovitapp.com/index/pt-br/transporte_p%C3%BAblico-line-803-Sao_Paulo-242-858660-544941-0,5.3,-23.4347065,-46.7185945,,,,1,2023-06-15T16:48:42+00:00
SAO_9653-10,São Paulo,3550308,True,,33356,,,-23.4570185,-46.6477615,,,,2,2023-06-15T16:48:34+00:00
SAO_9653-10,São Paulo,3550308,True,,33356,,,-23.526348,-46.6492265,,,,2,2023-06-15T16:48:32+00:00
SAO_9653-10,São Paulo,3550308,True,,33356,,,-23.4946615,-46.677546,,,,2,2023-06-15T16:48:19+00:00
SAO_9653-10,São Paulo,3550308,True,,33356,,,-23.4580645,-46.6433105,,,,2,2023-06-15T16:48:33+00:00
SAO_9653-10,São Paulo,3550308,True,,33356,,,-23.469443,-46.656994499999996,,,,2,2023-06-15T16:48:13+00:00
SAO_9653-10,São Paulo,3550308,True,,33356,,,-23.4580645,-46.6433105,,,,2,2023-06-15T16:48:14+00:00
SAO_7012-10,São Paulo,3550308,True,,34811,,,-23.7103945,-46.77583224999999,,,,2,2023-06-15T16:48:36+00:00
SAO_7012-10,São Paulo,3550308,True,,34811,,,-23.7103945,-46.77583224999999,,,,2,2023-06-15T16:48:11+00:00
SAO_7012-10,São Paulo,3550308,True,,34811,,,-23.709505,-46.777133000000006,,,,2,2023-06-15T16:48:03+00:00
SAO_7012-10,São Paulo,3550308,True,,34811,,,-23.688845375,-46.77301675,,,,2,2023-06-15T16:48:26+00:00
SAO_7012-10,São Paulo,3550308,True,,34811,,,-23.675371,-46.75579225,,,,2,2023-06-15T16:48:31+00:00
SAO_2014-10,São Paulo,3550308,True,Urubupungá,900,https://moovitapp.com/index/pt-br/transporte_p%C3%BAblico-line-900-Sao_Paulo-242-873835-496470-0,4.6,-23.453591,-46.6721825,,,,1,2023-06-15T16:48:32+00:00
SAO_2014-10,São Paulo,3550308,True,Urubupungá,900,https://moovitapp.com/index/pt-br/transporte_p%C3%BAblico-line-900-Sao_Paulo-242-873835-496470-0,4.6,-23.520459000000002,-46.6677205,,,,1,2023-06-15T16:48:46+00:00
SAO_2014-10,São Paulo,3550308,True,Urubupungá,900,https://moovitapp.com/index/pt-br/transporte_p%C3%BAblico-line-900-Sao_Paulo-242-873835-496470-0,4.6,-23.457081000000002,-46.669748,,,,1,2023-06-15T16:48:37+00:00
SAO_2014-10,São Paulo,3550308,True,Urubupungá,900,https://moovitapp.com/index/pt-br/transporte_p%C3%BAblico-line-900-Sao_Paulo-242-873835-496470-0,4.6,-23.457081000000002,-46.669748,,,,1,2023-06-15T16:48:03+00:00
SAO_2014-10,São Paulo,3550308,True,Urubupungá,900,https://moovitapp.com/index/pt-br/transporte_p%C3%BAblico-line-900-Sao_Paulo-242-873835-496470-0,4.6,-23.457081000000002,-46.669748,,,,1,2023-06-15T16:48:19+00:00
SAO_2014-10,São Paulo,3550308,True,Urubupungá,900,https://moovitapp.com/index/pt-br/transporte_p%C3%BAblico-line-900-Sao_Paulo-242-873835-496470-0,4.6,-23.475762125,-46.66957275,,,,1,2023-06-15T16:48:21+00:00
SAO_2014-10,São Paulo,3550308,True,Urubupungá,900,https://moovitapp.com/index/pt-br/transporte_p%C3%BAblico-line-900-Sao_Paulo-242-873835-496470-0,4.6,-23.457081000000002,-46.669748,,,,1,2023-06-15T16:48:38+00:00
SAO_2014-10,São Paulo,3550308,True,Urubupungá,900,https://moovitapp.com/index/pt-br/transporte_p%C3%BAblico-line-900-Sao_Paulo-242-873835-496470-0,4.6,-23.457081000000002,-46.669748,,,,1,2023-06-15T16:48:45+00:00
SAO_2014-10,São Paulo,3550308,True,Urubupungá,900,https://moovitapp.com/index/pt-br/transporte_p%C3%BAblico-line-900-Sao_Paulo-242-873835-496470-0,4.6,-23.484789499999998,-46.664308500000004,,,,1,2023-06-15T16:48:40+00:00
SAO_2014-10,São Paulo,3550308,True,Urubupungá,900,https://moovitapp.com/index/pt-br/transporte_p%C3%BAblico-line-900-Sao_Paulo-242-873835-496470-0,4.6,-23.5266615,-46.6675825,,,,1,2023-06-15T16:48:17+00:00
SAO_2014-10,São Paulo,3550308,True,Urubupungá,900,https://moovitapp.com/index/pt-br/transporte_p%C3%BAblico-line-900-Sao_Paulo-242-873835-496470-0,4.6,-23.4947995,-46.66153425,,,,1,2023-06-15T16:48:40+00:00
SAO_574J-10,São Paulo,3550308,True,,1685,,,-23.58525975,-46.5894495,,,,1,2023-06-15T16:48:42+00:00
SAO_574J-10,São Paulo,3550308,True,,1685,,,-23.5672705,-46.5228815,,,,1,2023-06-15T16:48:22+00:00
SAO_574J-10,São Paulo,3550308,True,,1685,,,-23.569307,-46.558046,,,,1,2023-06-15T16:48:08+00:00
SAO_574J-10,São Paulo,3550308,True,,1685,,,-23.5696245,-46.5404715,,,,1,2023-06-15T16:48:02+00:00
SAO_574J-10,São Paulo,3550308,True,,1685,,,-23.583275999999998,-46.590390750000005,,,,1,2023-06-15T16:48:44+00:00
SAO_574J-10,São Paulo,3550308,True,,1685,,,-23.62632875,-46.63062975,,,,1,2023-06-15T16:48:02+00:00
SAO_574J-10,São Paulo,3550308,True,,1685,,,-23.6102925,-46.599926374999995,,,,1,2023-06-15T16:48:25+00:00
SAO_574J-10,São Paulo,3550308,True,,1685,,,-23.56345475,-46.520489625,,,,1,2023-06-15T16:48:20+00:00
SAO_574J-10,São Paulo,3550308,True,,1685,,,-23.558417,-46.521811,,,,1,2023-06-15T16:48:41+00:00
SAO_574J-10,São Paulo,3550308,True,,1685,,,-23.567252500000002,-46.543266,,,,1,2023-06-15T16:48:26+00:00
SAO_574J-10,São Paulo,3550308,True,,1685,,,-23.6375645,-46.641707499999995,,,,1,2023-06-15T16:48:21+00:00
SAO_574J-10,São Paulo,3550308,True,,1685,,,-23.5713345,-46.52551425,,,,1,2023-06-15T16:48:37+00:00
SAO_574J-10,São Paulo,3550308,True,,1685,,,-23.624877749999996,-46.609230000000004,,,,1,2023-06-15T16:48:03+00:00
SAO_1701-10,São Paulo,3550308,True,EMTU,845,https://moovitapp.com/index/pt-br/transporte_p%C3%BAblico-line-845-Sao_Paulo-242-2038937-36419607-0,5.15,-23.469718,-46.59536075,,,,1,2023-06-15T16:48:19+00:00
SAO_1701-10,São Paulo,3550308,True,EMTU,845,https://moovitapp.com/index/pt-br/transporte_p%C3%BAblico-line-845-Sao_Paulo-242-2038937-36419607-0,5.15,-23.448439999999998,-46.574527,,,,1,2023-06-15T16:46:12+00:00
SAO_856R-10,São Paulo,3550308,True,,1428,,,-23.6109535,-46.677496000000005,,,,1,2023-06-15T16:48:46+00:00
SAO_856R-10,São Paulo,3550308,True,,1428,,,-23.533680500000003,-46.687740250000004,,,,1,2023-06-15T16:48:33+00:00
SAO_856R-10,São Paulo,3550308,True,,1428,,,-23.576913500000003,-46.68722325,,,,1,2023-06-15T16:48:10+00:00
SAO_856R-10,São Paulo,3550308,True,,1428,,,-23.670790124999996,-46.71636074999999,,,,1,2023-06-15T16:43:04+00:00
SAO_856R-10,São Paulo,3550308,True,,1428,,,-23.553594500000003,-46.674957500000005,,,,1,2023-06-15T16:48:15+00:00
SAO_856R-10,São Paulo,3550308,True,,1428,,,-23.669694,-46.71912525,,,,1,2023-06-15T16:48:27+00:00
SAO_856R-10,São Paulo,3550308,True,,1428,,,-23.523921375,-46.693295625,,,,1,2023-06-15T16:48:39+00:00
SAO_856R-10,São Paulo,3550308,True,,1428,,,-23.670057,-46.71970575,,,,1,2023-06-15T16:48:10+00:00
SAO_856R-10,São Paulo,3550308,True,,1428,,,-23.58538,-46.683055499999995,,,,1,2023-06-15T16:48:37+00:00
SAO_856R-10,São Paulo,3550308,True,,1428,,,-23.570145625,-46.69147062500001,,,,1,2023-06-15T16:48:44+00:00
SAO_856R-10,São Paulo,3550308,True,,1428,,,-23.536431625000002,-46.686132,,,,1,2023-06-15T16:48:29+00:00
SAO_856R-10,São Paulo,3550308,True,,1428,,,-23.669694,-46.71912525,,,,1,2023-06-15T16:48:07+00:00
SAO_856R-10,São Paulo,3550308,True,,1428,,,-23.521862,-46.6976475,,,,1,2023-06-15T16:48:27+00:00
SAO_856R-10,São Paulo,3550308,True,,1428,,,-23.6492485,-46.704886,,,,1,2023-06-15T16:48:27+00:00
SAO_856R-10,São Paulo,3550308,True,,1428,,,-23.669646,-46.718458,,,,1,2023-06-15T16:48:32+00:00
SAO_1760-10,São Paulo,3550308,True,EMTU,557,https://moovitapp.com/index/pt-br/transporte_p%C3%BAblico-line-557-Sao_Paulo-242-2038937-36419558-0,6.2,-23.4818265,-46.648085,,,,1,2023-06-15T16:48:27+00:00
SAO_1760-10,São Paulo,3550308,True,EMTU,557,https://moovitapp.com/index/pt-br/transporte_p%C3%BAblico-line-557-Sao_Paulo-242-2038937-36419558-0,6.2,-23.46371675,-46.65785124999999,,,,1,2023-06-15T16:48:32+00:00
SAO_1760-10,São Paulo,3550308,True,EMTU,557,https://moovitapp.com/index/pt-br/transporte_p%C3%BAblico-line-557-Sao_Paulo-242-2038937-36419558-0,6.2,-23.514648375,-46.61627775,,,,1,2023-06-15T16:48:18+00:00
SAO_1760-10,São Paulo,3550308,True,EMTU,557,https://moovitapp.com/index/pt-br/transporte_p%C3%BAblico-line-557-Sao_Paulo-242-2038937-36419558-0,6.2,-23.456333,-46.659075,,,,1,2023-06-15T16:48:27+00:00
SAO_3729-10,São Paulo,3550308,True,,1026,,,-23.577033,-46.5164375,,,,1,2023-06-15T16:48:40+00:00
SAO_3729-10,São Paulo,3550308,True,,1026,,,-23.583397249999997,-46.53500275,,,,1,2023-06-15T16:48:21+00:00
SAO_3729-10,São Paulo,3550308,True,,1026,,,-23.564021500000003,-46.5052175,,,,1,2023-06-15T16:48:38+00:00
SAO_3729-10,São Paulo,3550308,True,,1026,,,-23.56731025,-46.5428275,,,,1,2023-06-15T16:48:38+00:00
SAO_3729-10,São Paulo,3550308,True,,1026,,,-23.548327625,-46.565653875,,,,1,2023-06-15T16:48:17+00:00
SAO_3729-10,São Paulo,3550308,True,,1026,,,-23.538457,-46.5637265,,,,1,2023-06-15T16:48:16+00:00
SAO_3729-10,São Paulo,3550308,True,,1026,,,-23.5592805,-46.5608535,,,,1,2023-06-15T16:48:39+00:00
SAO_3729-10,São Paulo,3550308,True,,1026,,,-23.5636515,-46.50822475,,,,1,2023-06-15T16:48:13+00:00
SAO_3729-10,São Paulo,3550308,True,,1026,,,-23.538655499999997,-46.564793,,,,1,2023-06-15T16:48:35+00:00
SAO_1771-10,São Paulo,3550308,True,,33402,,,-23.475526000000002,-46.599774,,,,2,2023-06-15T16:47:38+00:00
SAO_1771-10,São Paulo,3550308,True,,33402,,,-23.4983335,-46.622209375,,,,2,2023-06-15T16:48:38+00:00
SAO_1771-10,São Paulo,3550308,True,,33402,,,-23.430848,-46.5747845,,,,2,2023-06-15T16:48:46+00:00
SAO_1771-10,São Paulo,3550308,True,,33402,,,-23.430521499999998,-46.575607,,,,2,2023-06-15T16:48:01+00:00
SAO_1771-10,São Paulo,3550308,True,,33402,,,-23.4308,-46.5751545,,,,2,2023-06-15T16:48:26+00:00
SAO_8012-10,São Paulo,3550308,True,,34791,,,-23.5611245,-46.730349249999996,,,,2,2023-06-15T16:48:07+00:00
SAO_8012-10,São Paulo,3550308,True,,34791,,,-23.571945499999998,-46.7086665,,,,2,2023-06-15T16:48:14+00:00
SAO_8012-10,São Paulo,3550308,True,,34791,,,-23.569052,-46.736513,,,,2,2023-06-15T16:48:09+00:00
SAO_407J-10,São Paulo,3550308,True,,2198,,,-23.54505,-46.406206499999996,,,,1,2023-06-15T16:48:03+00:00
SAO_407J-10,São Paulo,3550308,True,,2198,,,-23.541631,-46.556836374999996,,,,1,2023-06-15T16:48:04+00:00
SAO_407J-10,São Paulo,3550308,True,,2198,,,-23.569056125000003,-46.50882075,,,,1,2023-06-15T16:48:03+00:00
SAO_407J-10,São Paulo,3550308,True,,2198,,,-23.537851125000003,-46.455333,,,,1,2023-06-15T16:48:08+00:00
SAO_407J-10,São Paulo,3550308,True,,2198,,,-23.570818,-46.480242000000004,,,,1,2023-06-15T16:48:13+00:00
SAO_407J-10,São Paulo,3550308,True,,2198,,,-23.548194875,-46.46164675,,,,1,2023-06-15T16:48:02+00:00
SAO_407J-10,São Paulo,3550308,True,,2198,,,-23.553662,-46.403915,,,,1,2023-06-15T16:46:00+00:00
SAO_407J-10,São Paulo,3550308,True,,2198,,,-23.550742,-46.53271050000001,,,,1,2023-06-15T16:48:03+00:00
SAO_1757-10,São Paulo,3550308,True,,33316,,,-23.468716999999998,-46.638809,,,,2,2023-06-15T16:48:14+00:00
SAO_1757-10,São Paulo,3550308,True,,33316,,,-23.4988015,-46.6265425,,,,2,2023-06-15T16:48:28+00:00
SAO_1757-10,São Paulo,3550308,True,,33316,,,-23.471206000000002,-46.6367925,,,,2,2023-06-15T16:48:17+00:00
SAO_9717-10,São Paulo,3550308,True,,817,,,-23.5134695,-46.626352,,,,1,2023-06-15T16:48:35+00:00
SAO_9717-10,São Paulo,3550308,True,,817,,,-23.463303,-46.6814685,,,,1,2023-06-15T16:48:39+00:00
SAO_9717-10,São Paulo,3550308,True,,817,,,-23.463303,-46.6814685,,,,1,2023-06-15T16:48:27+00:00
SAO_9717-10,São Paulo,3550308,True,,817,,,-23.504385749999997,-46.67271925,,,,1,2023-06-15T16:48:39+00:00
SAO_9717-10,São Paulo,3550308,True,,817,,,-23.5121415,-46.658263,,,,1,2023-06-15T16:48:27+00:00
SAO_9717-10,São Paulo,3550308,True,,817,,,-23.4747755,-46.678951,,,,1,2023-06-15T16:48:27+00:00
SAO_1020-10,São Paulo,3550308,True,,2497,,,-23.41662675,-46.73389025,,,,1,2023-06-15T16:48:12+00:00
SAO_1020-10,São Paulo,3550308,True,,2497,,,-23.4845285,-46.709875,,,,1,2023-06-15T16:48:26+00:00
SAO_1020-10,São Paulo,3550308,True,,2497,,,-23.4070265,-46.766594999999995,,,,1,2023-06-15T16:48:43+00:00
SAO_1020-10,São Paulo,3550308,True,,2497,,,-23.4721695,-46.7252545,,,,1,2023-06-15T16:48:26+00:00
SAO_574W-10,São Paulo,3550308,True,,1629,,,-23.61862175,-46.48132725,,,,1,2023-06-15T16:48:35+00:00
SAO_574W-10,São Paulo,3550308,True,,1629,,,-23.557959250000003,-46.57116125,,,,1,2023-06-15T16:48:31+00:00
SAO_574W-10,São Paulo,3550308,True,,1629,,,-23.5997585,-46.513968,,,,1,2023-06-15T16:48:28+00:00
SAO_574W-10,São Paulo,3550308,True,,1629,,,-23.556195375,-46.575081374999996,,,,1,2023-06-15T16:48:40+00:00
SAO_574W-10,São Paulo,3550308,True,,1629,,,-23.5765885,-46.5268365,,,,1,2023-06-15T16:48:03+00:00
SAO_519M-10,São Paulo,3550308,True,,34979,,,-23.613173500000002,-46.482603499999996,,,,2,2023-06-15T16:48:26+00:00
SAO_519M-10,São Paulo,3550308,True,,34979,,,-23.590373,-46.5730645,,,,2,2023-06-15T16:48:17+00:00
SAO_519M-10,São Paulo,3550308,True,,34979,,,-23.605492125,-46.509915375000006,,,,2,2023-06-15T16:48:45+00:00
SAO_695T-10,São Paulo,3550308,True,,1322,,,-23.598273312499998,-46.6571129375,,,,1,2023-06-15T16:48:26+00:00
SAO_695T-10,São Paulo,3550308,True,,1322,,,-23.634380999999998,-46.691138249999995,,,,1,2023-06-15T16:48:36+00:00
SAO_695T-10,São Paulo,3550308,True,,1322,,,-23.59718625,-46.6373885,,,,1,2023-06-15T16:48:46+00:00
SAO_695T-10,São Paulo,3550308,True,,1322,,,-23.60439675,-46.662862,,,,1,2023-06-15T16:48:10+00:00
SAO_695T-10,São Paulo,3550308,True,,1322,,,-23.647202999999998,-46.747170999999994,,,,1,2023-06-15T16:48:47+00:00
SAO_695T-10,São Paulo,3550308,True,,1322,,,-23.61730475,-46.675017,,,,1,2023-06-15T16:48:45+00:00
SAO_695T-10,São Paulo,3550308,True,,1322,,,-23.596826749999998,-46.646049375000004,,,,1,2023-06-15T16:48:39+00:00
SAO_695T-10,São Paulo,3550308,True,,1322,,,-23.589295999999997,-46.63421325,,,,1,2023-06-15T16:48:14+00:00
SAO_695T-10,São Paulo,3550308,True,,1322,,,-23.6024045,-46.6609895,,,,1,2023-06-15T16:48:25+00:00
SAO_9162-10,São Paulo,3550308,True,,34133,,,-23.472202000000003,-46.6830555,,,,2,2023-06-15T16:48:16+00:00
SAO_9162-10,São Paulo,3550308,True,,34133,,,-23.46901225,-46.67716775,,,,2,2023-06-15T16:47:56+00:00
SAO_4013-10,São Paulo,3550308,True,,2186,,,-23.6353085,-46.443883,,,,1,2023-06-15T16:48:25+00:00
SAO_4013-10,São Paulo,3550308,True,,2186,,,-23.6328925,-46.442772000000005,,,,1,2023-06-15T16:48:05+00:00
SAO_4013-10,São Paulo,3550308,True,,2186,,,-23.6353085,-46.443883,,,,1,2023-06-15T16:48:01+00:00
SAO_4013-10,São Paulo,3550308,True,,2186,,,-23.6353085,-46.443883,,,,1,2023-06-15T16:48:43+00:00
SAO_4013-10,São Paulo,3550308,True,,2186,,,-23.612455,-46.4761845,,,,1,2023-06-15T16:48:32+00:00
SAO_273J-10,São Paulo,3550308,True,,33157,,,-23.493716374999998,-46.40350375,,,,2,2023-06-15T16:48:24+00:00
SAO_273J-10,São Paulo,3550308,True,,33157,,,-23.516937249999998,-46.50608775,,,,2,2023-06-15T16:48:03+00:00
SAO_273J-10,São Paulo,3550308,True,,33157,,,-23.479006,-46.384915,,,,2,2023-06-15T16:45:58+00:00
SAO_273J-10,São Paulo,3550308,True,,33157,,,-23.513284499999997,-46.4628165,,,,2,2023-06-15T16:48:35+00:00
SAO_273J-10,São Paulo,3550308,True,,33157,,,-23.479006,-46.384915,,,,2,2023-06-15T16:48:26+00:00
SAO_2076-10,São Paulo,3550308,True,,33136,,,-23.518811,-46.546674499999995,,,,2,2023-06-15T16:48:39+00:00
SAO_2076-10,São Paulo,3550308,True,,33136,,,-23.491551,-46.446174,,,,2,2023-06-15T16:48:34+00:00
SAO_2076-10,São Paulo,3550308,True,,33136,,,-23.522648750000002,-46.53158125,,,,2,2023-06-15T16:48:23+00:00
SAO_2076-10,São Paulo,3550308,True,,33136,,,-23.5075325,-46.489591250000004,,,,2,2023-06-15T16:48:37+00:00
SAO_2076-10,São Paulo,3550308,True,,33136,,,-23.487245,-46.4660535,,,,2,2023-06-15T16:48:31+00:00
SAO_2076-10,São Paulo,3550308,True,,33136,,,-23.495032000000002,-46.37808325,,,,2,2023-06-15T16:46:34+00:00
SAO_2076-10,São Paulo,3550308,True,,33136,,,-23.518811,-46.546674499999995,,,,2,2023-06-15T16:48:06+00:00
SAO_5103-10,São Paulo,3550308,True,,1646,,,-23.6032445,-46.602611499999995,,,,1,2023-06-15T16:48:39+00:00
SAO_5103-10,São Paulo,3550308,True,,1646,,,-23.598825499999997,-46.6512395,,,,1,2023-06-15T16:48:25+00:00
SAO_5103-10,São Paulo,3550308,True,,1646,,,-23.6032445,-46.602611499999995,,,,1,2023-06-15T16:48:17+00:00
SAO_5103-10,São Paulo,3550308,True,,1646,,,-23.602330375,-46.611205,,,,1,2023-06-15T16:48:36+00:00
SAO_5103-10,São Paulo,3550308,True,,1646,,,-23.598320875,-46.643897249999995,,,,1,2023-06-15T16:48:07+00:00
SAO_6840-10,São Paulo,3550308,True,,32969,,,-23.741992,-46.8006415,,,,2,2023-06-15T16:48:07+00:00
SAO_6840-10,São Paulo,3550308,True,,32969,,,-23.742005499999998,-46.80109,,,,2,2023-06-15T16:48:13+00:00
SAO_6840-10,São Paulo,3550308,True,,32969,,,-23.744318,-46.8009325,,,,2,2023-06-15T16:48:03+00:00
SAO_6840-10,São Paulo,3550308,True,,32969,,,-23.672831000000002,-46.7734025,,,,2,2023-06-15T16:48:20+00:00
SAO_6840-10,São Paulo,3550308,True,,32969,,,-23.655546,-46.762099500000005,,,,2,2023-06-15T16:48:23+00:00
SAO_6840-10,São Paulo,3550308,True,,32969,,,-23.7002325,-46.781121,,,,2,2023-06-15T16:48:35+00:00
SAO_6840-10,São Paulo,3550308,True,,32969,,,-23.742814499999998,-46.80108325,,,,2,2023-06-15T16:48:42+00:00
SAO_6840-10,São Paulo,3550308,True,,32969,,,-23.717097250000002,-46.78380975,,,,2,2023-06-15T16:48:25+00:00
SAO_6840-10,São Paulo,3550308,True,,32969,,,-23.7424915,-46.80109975,,,,2,2023-06-15T16:48:03+00:00
SAO_6840-10,São Paulo,3550308,True,,32969,,,-23.742814499999998,-46.80108325,,,,2,2023-06-15T16:48:35+00:00
SAO_178T-10,São Paulo,3550308,True,EMTU,565,https://moovitapp.com/index/pt-br/transporte_p%C3%BAblico-line-565-Sao_Paulo-242-2038937-36419563-0,8.1,-23.53141475,-46.737003,,,,1,2023-06-15T16:48:42+00:00
SAO_178T-10,São Paulo,3550308,True,EMTU,565,https://moovitapp.com/index/pt-br/transporte_p%C3%BAblico-line-565-Sao_Paulo-242-2038937-36419563-0,8.1,-23.496862,-46.627975500000005,,,,1,2023-06-15T16:48:09+00:00
SAO_178T-10,São Paulo,3550308,True,EMTU,565,https://moovitapp.com/index/pt-br/transporte_p%C3%BAblico-line-565-Sao_Paulo-242-2038937-36419563-0,8.1,-23.522799499999998,-46.718002,,,,1,2023-06-15T16:46:54+00:00
SAO_178T-10,São Paulo,3550308,True,EMTU,565,https://moovitapp.com/index/pt-br/transporte_p%C3%BAblico-line-565-Sao_Paulo-242-2038937-36419563-0,8.1,-23.5313455,-46.7346275,,,,1,2023-06-15T16:48:10+00:00
SAO_178T-10,São Paulo,3550308,True,EMTU,565,https://moovitapp.com/index/pt-br/transporte_p%C3%BAblico-line-565-Sao_Paulo-242-2038937-36419563-0,8.1,-23.4989875,-46.66416175,,,,1,2023-06-15T16:48:23+00:00
SAO_178T-10,São Paulo,3550308,True,EMTU,565,https://moovitapp.com/index/pt-br/transporte_p%C3%BAblico-line-565-Sao_Paulo-242-2038937-36419563-0,8.1,-23.5315425,-46.734446500000004,,,,1,2023-06-15T16:48:28+00:00
SAO_178T-10,São Paulo,3550308,True,EMTU,565,https://moovitapp.com/index/pt-br/transporte_p%C3%BAblico-line-565-Sao_Paulo-242-2038937-36419563-0,8.1,-23.53174025,-46.734263999999996,,,,1,2023-06-15T16:48:45+00:00
SAO_178T-10,São Paulo,3550308,True,EMTU,565,https://moovitapp.com/index/pt-br/transporte_p%C3%BAblico-line-565-Sao_Paulo-242-2038937-36419563-0,8.1,-23.4983335,-46.7052875,,,,1,2023-06-15T16:48:17+00:00
SAO_4093-10,São Paulo,3550308,True,,2448,,,-23.58308,-46.408871000000005,,,,1,2023-06-15T16:48:43+00:00
SAO_4093-10,São Paulo,3550308,True,,2448,,,-23.588952,-46.395677,,,,1,2023-06-15T16:48:39+00:00
SAO_4093-10,São Paulo,3550308,True,,2448,,,-23.588952,-46.395677,,,,1,2023-06-15T16:48:35+00:00
SAO_4093-10,São Paulo,3550308,True,,2448,,,-23.59637,-46.4001435,,,,1,2023-06-15T16:47:52+00:00
SAO_4093-10,São Paulo,3550308,True,,2448,,,-23.588952,-46.395677,,,,1,2023-06-15T16:48:02+00:00
SAO_4093-10,São Paulo,3550308,True,,2448,,,-23.588695,-46.398108375,,,,1,2023-06-15T16:48:05+00:00
SAO_4093-10,São Paulo,3550308,True,,2448,,,-23.588952,-46.395677,,,,1,2023-06-15T16:48:45+00:00
SAO_4093-10,São Paulo,3550308,True,,2448,,,-23.588952,-46.395677,,,,1,2023-06-15T16:48:08+00:00
SAO_172R-10,São Paulo,3550308,True,,859,,,-23.48447975,-46.569690249999994,,,,1,2023-06-15T16:48:28+00:00
SAO_172R-10,São Paulo,3550308,True,,859,,,-23.51295525,-46.58451375,,,,1,2023-06-15T16:48:18+00:00
SAO_172R-10,São Paulo,3550308,True,,859,,,-23.5423885,-46.590565,,,,1,2023-06-15T16:48:05+00:00
SAO_172R-10,São Paulo,3550308,True,,859,,,-23.473073499999998,-46.576048,,,,1,2023-06-15T16:48:31+00:00
SAO_172R-10,São Paulo,3550308,True,,859,,,-23.52945075,-46.602647000000005,,,,1,2023-06-15T16:46:59+00:00
SAO_172R-10,São Paulo,3550308,True,,859,,,-23.5423885,-46.590565,,,,1,2023-06-15T16:48:21+00:00
SAO_172R-10,São Paulo,3550308,True,,859,,,-23.497451,-46.574927875,,,,1,2023-06-15T16:44:19+00:00
SAO_172R-10,São Paulo,3550308,True,,859,,,-23.529114999999997,-46.59873725,,,,1,2023-06-15T16:48:33+00:00
SAO_172R-10,São Paulo,3550308,True,,859,,,-23.533794999999998,-46.602639874999994,,,,1,2023-06-15T16:48:31+00:00
SAO_172R-10,São Paulo,3550308,True,,859,,,-23.465965,-46.584261999999995,,,,1,2023-06-15T16:47:58+00:00
SAO_3756-10,São Paulo,3550308,True,,33818,,,-23.559863,-46.435469999999995,,,,2,2023-06-15T16:47:49+00:00
SAO_3756-10,São Paulo,3550308,True,,33818,,,-23.544307500000002,-46.4650025,,,,2,2023-06-15T16:46:44+00:00
SAO_3756-10,São Paulo,3550308,True,,33818,,,-23.591324,-46.389072,,,,2,2023-06-15T16:47:52+00:00
SAO_3756-10,São Paulo,3550308,True,,33818,,,-23.5824215,-46.39134,,,,2,2023-06-15T16:48:34+00:00
SAO_3756-10,São Paulo,3550308,True,,33818,,,-23.590653500000002,-46.389331375,,,,2,2023-06-15T16:48:11+00:00
SAO_3756-10,São Paulo,3550308,True,,33818,,,-23.576810000000002,-46.391447,,,,2,2023-06-15T16:48:36+00:00
SAO_3756-10,São Paulo,3550308,True,,33818,,,-23.590653500000002,-46.389331375,,,,2,2023-06-15T16:48:42+00:00
SAO_7023-10,São Paulo,3550308,True,,2152,,,-23.6636725,-46.7077935,,,,1,2023-06-15T16:48:33+00:00
SAO_7023-10,São Paulo,3550308,True,,2152,,,-23.68438,-46.736493499999995,,,,1,2023-06-15T16:47:59+00:00
SAO_7023-10,São Paulo,3550308,True,,2152,,,-23.698786,-46.7627765,,,,1,2023-06-15T16:48:28+00:00
SAO_7023-10,São Paulo,3550308,True,,2152,,,-23.685458,-46.749157999999994,,,,1,2023-06-15T16:48:42+00:00
SAO_7023-10,São Paulo,3550308,True,,2152,,,-23.65389775,-46.7071655,,,,1,2023-06-15T16:48:34+00:00
SAO_7023-10,São Paulo,3550308,True,,2152,,,-23.699025499999998,-46.762974,,,,1,2023-06-15T16:48:17+00:00
SAO_4027-10,São Paulo,3550308,True,,33865,,,-23.5932235,-46.489228999999995,,,,2,2023-06-15T16:48:35+00:00
SAO_4027-10,São Paulo,3550308,True,,33865,,,-23.641898,-46.438882500000005,,,,2,2023-06-15T16:48:47+00:00
SAO_4027-10,São Paulo,3550308,True,,33865,,,-23.639882,-46.4420675,,,,2,2023-06-15T16:48:43+00:00
SAO_4027-10,São Paulo,3550308,True,,33865,,,-23.641935500000002,-46.438704,,,,2,2023-06-15T16:48:09+00:00
SAO_4027-10,São Paulo,3550308,True,,33865,,,-23.611854,-46.4747895,,,,2,2023-06-15T16:48:36+00:00
SAO_4027-10,São Paulo,3550308,True,,33865,,,-23.622248,-46.4506955,,,,2,2023-06-15T16:48:06+00:00
SAO_4027-10,São Paulo,3550308,True,,33865,,,-23.6286125,-46.4456995,,,,2,2023-06-15T16:48:34+00:00
SAO_4027-10,São Paulo,3550308,True,,33865,,,-23.641898,-46.438882500000005,,,,2,2023-06-15T16:48:28+00:00
SAO_4027-10,São Paulo,3550308,True,,33865,,,-23.641898,-46.438882500000005,,,,2,2023-06-15T16:42:42+00:00
SAO_5129-10,São Paulo,3550308,True,,34049,,,-23.651454,-46.678441,,,,2,2023-06-15T16:48:29+00:00
SAO_5129-10,São Paulo,3550308,True,,34049,,,-23.666076875,-46.715127249999995,,,,2,2023-06-15T16:48:42+00:00
SAO_5129-10,São Paulo,3550308,True,,34049,,,-23.679097,-46.635295,,,,2,2023-06-15T16:48:04+00:00
SAO_5129-10,São Paulo,3550308,True,,34049,,,-23.660458,-46.6633445,,,,2,2023-06-15T16:48:16+00:00
SAO_5129-10,São Paulo,3550308,True,,34049,,,-23.6801235,-46.637139000000005,,,,2,2023-06-15T16:48:22+00:00
SAO_5129-10,São Paulo,3550308,True,,34049,,,-23.680194,-46.63726,,,,2,2023-06-15T16:48:12+00:00
SAO_5129-10,São Paulo,3550308,True,,34049,,,-23.684737499999997,-46.692505,,,,2,2023-06-15T16:48:25+00:00
SAO_6200-10,São Paulo,3550308,True,,355,,,-23.610915249999998,-46.698035,,,,1,2023-06-15T16:48:12+00:00
SAO_6200-10,São Paulo,3550308,True,,355,,,-23.5806045,-46.6807885,,,,1,2023-06-15T16:48:20+00:00
SAO_6200-10,São Paulo,3550308,True,,355,,,-23.549214,-46.6391015,,,,1,2023-06-15T16:48:19+00:00
SAO_6200-10,São Paulo,3550308,True,,355,,,-23.654634,-46.7157435,,,,1,2023-06-15T16:48:25+00:00
SAO_6200-10,São Paulo,3550308,True,,355,,,-23.65399,-46.71233,,,,1,2023-06-15T16:48:31+00:00
SAO_6200-10,São Paulo,3550308,True,,355,,,-23.568621999999998,-46.660434187499995,,,,1,2023-06-15T16:48:39+00:00
SAO_6200-10,São Paulo,3550308,True,,355,,,-23.639087375,-46.72214575,,,,1,2023-06-15T16:48:40+00:00
SAO_6200-10,São Paulo,3550308,True,,355,,,-23.64654,-46.72531275,,,,1,2023-06-15T16:48:10+00:00
SAO_6200-10,São Paulo,3550308,True,,355,,,-23.58542825,-46.688639499999994,,,,1,2023-06-15T16:48:27+00:00
SAO_6200-10,São Paulo,3550308,True,,355,,,-23.601829000000002,-46.6952955,,,,1,2023-06-15T16:48:07+00:00
SAO_6200-10,São Paulo,3550308,True,,355,,,-23.62874625,-46.71248925,,,,1,2023-06-15T16:48:13+00:00
SAO_6200-10,São Paulo,3550308,True,,355,,,-23.549083,-46.6398165,,,,1,2023-06-15T16:48:30+00:00
SAO_6200-10,São Paulo,3550308,True,,355,,,-23.548989,-46.6395165,,,,1,2023-06-15T16:48:38+00:00
SAO_6200-10,São Paulo,3550308,True,,355,,,-23.6544285,-46.7148,,,,1,2023-06-15T16:48:27+00:00
SAO_178Y-10,São Paulo,3550308,True,,868,,,-23.482373,-46.6306675,,,,1,2023-06-15T16:48:36+00:00
SAO_178Y-10,São Paulo,3550308,True,,868,,,-23.4633435,-46.6419585,,,,1,2023-06-15T16:48:09+00:00
SAO_178Y-10,São Paulo,3550308,True,,868,,,-23.4633435,-46.6419585,,,,1,2023-06-15T16:48:18+00:00
SAO_178Y-10,São Paulo,3550308,True,,868,,,-23.471104,-46.636264,,,,1,2023-06-15T16:48:43+00:00
SAO_178Y-10,São Paulo,3550308,True,,868,,,-23.4879935,-46.624123999999995,,,,1,2023-06-15T16:45:58+00:00
SAO_3785-10,São Paulo,3550308,True,,33831,,,-23.595014624999997,-46.428801,,,,2,2023-06-15T16:48:39+00:00
SAO_3785-10,São Paulo,3550308,True,,33831,,,-23.591703000000003,-46.3941935,,,,2,2023-06-15T16:48:36+00:00
SAO_3785-10,São Paulo,3550308,True,,33831,,,-23.591207,-46.394471,,,,2,2023-06-15T16:48:12+00:00
SAO_3785-10,São Paulo,3550308,True,,33831,,,-23.5859315,-46.39607,,,,2,2023-06-15T16:48:06+00:00
SAO_3785-10,São Paulo,3550308,True,,33831,,,-23.545638500000003,-46.467889,,,,2,2023-06-15T16:48:12+00:00
SAO_3785-10,São Paulo,3550308,True,,33831,,,-23.572203000000002,-46.4463495,,,,2,2023-06-15T16:48:33+00:00
SAO_3785-10,São Paulo,3550308,True,,33831,,,-23.5920095,-46.39401775,,,,2,2023-06-15T16:48:25+00:00
SAO_5119-10,São Paulo,3550308,True,,32769,,,-23.601733,-46.711171,,,,2,2023-06-15T16:48:11+00:00
SAO_5119-10,São Paulo,3550308,True,,32769,,,-23.654501,-46.76131049999999,,,,2,2023-06-15T16:48:31+00:00
SAO_5119-10,São Paulo,3550308,True,,32769,,,-23.622393000000002,-46.733672999999996,,,,2,2023-06-15T16:48:28+00:00
SAO_5119-10,São Paulo,3550308,True,,32769,,,-23.567841,-46.649142999999995,,,,2,2023-06-15T16:48:17+00:00
SAO_5119-10,São Paulo,3550308,True,,32769,,,-23.551664000000002,-46.6372965,,,,2,2023-06-15T16:48:41+00:00
SAO_5119-10,São Paulo,3550308,True,,32769,,,-23.585724,-46.689089499999994,,,,2,2023-06-15T16:48:39+00:00
SAO_5119-10,São Paulo,3550308,True,,32769,,,-23.6545125,-46.761236499999995,,,,2,2023-06-15T16:48:35+00:00
SAO_5119-10,São Paulo,3550308,True,,32769,,,-23.623018000000002,-46.7338395,,,,2,2023-06-15T16:48:41+00:00
SAO_5119-10,São Paulo,3550308,True,,32769,,,-23.654559499999998,-46.761131500000005,,,,2,2023-06-15T16:48:08+00:00
SAO_5119-10,São Paulo,3550308,True,,32769,,,-23.601733,-46.711171,,,,2,2023-06-15T16:48:03+00:00
SAO_5106-21,São Paulo,3550308,True,,1972,,,-23.6345995,-46.6411415,,,,1,2023-06-15T16:48:11+00:00
SAO_5106-21,São Paulo,3550308,True,,1972,,,-23.6073385,-46.693718000000004,,,,1,2023-06-15T16:48:31+00:00
SAO_5106-21,São Paulo,3550308,True,,1972,,,-23.6100225,-46.663678875,,,,1,2023-06-15T16:48:45+00:00
SAO_5106-21,São Paulo,3550308,True,,1972,,,-23.610034875,-46.66387962499999,,,,1,2023-06-15T16:48:33+00:00
SAO_5106-21,São Paulo,3550308,True,,1972,,,-23.677231,-46.628089,,,,1,2023-06-15T16:47:18+00:00
SAO_5106-21,São Paulo,3550308,True,,1972,,,-23.6136795,-46.695497,,,,1,2023-06-15T16:48:18+00:00
SAO_5106-21,São Paulo,3550308,True,,1972,,,-23.601169249999998,-46.691475499999996,,,,1,2023-06-15T16:48:38+00:00
SAO_5106-21,São Paulo,3550308,True,,1972,,,-23.6344415,-46.6412225,,,,1,2023-06-15T16:48:24+00:00
SAO_5106-21,São Paulo,3550308,True,,1972,,,-23.692334250000002,-46.658640375,,,,1,2023-06-15T16:45:55+00:00
SAO_5106-21,São Paulo,3550308,True,,1972,,,-23.687373,-46.6551775,,,,1,2023-06-15T16:48:30+00:00
SAO_677Y-10,São Paulo,3550308,True,,34008,,,-23.676232749999997,-46.79100875,,,,2,2023-06-15T16:48:36+00:00
SAO_677Y-10,São Paulo,3550308,True,,34008,,,-23.63596475,-46.72224299999999,,,,2,2023-06-15T16:48:44+00:00
SAO_677Y-10,São Paulo,3550308,True,,34008,,,-23.617611,-46.7026855,,,,2,2023-06-15T16:48:26+00:00
SAO_677Y-10,São Paulo,3550308,True,,34008,,,-23.623675249999998,-46.70956325,,,,2,2023-06-15T16:48:44+00:00
SAO_677Y-10,São Paulo,3550308,True,,34008,,,-23.643055,-46.728504,,,,2,2023-06-15T16:48:21+00:00
SAO_677Y-10,São Paulo,3550308,True,,34008,,,-23.651277,-46.757588999999996,,,,2,2023-06-15T16:48:11+00:00
SAO_677Y-10,São Paulo,3550308,True,,34008,,,-23.6493095,-46.7519875,,,,2,2023-06-15T16:48:36+00:00
SAO_677Y-10,São Paulo,3550308,True,,34008,,,-23.6190685,-46.696755499999995,,,,2,2023-06-15T16:48:40+00:00
SAO_677Y-10,São Paulo,3550308,True,,34008,,,-23.61362,-46.695220500000005,,,,2,2023-06-15T16:48:46+00:00
SAO_273V-10,São Paulo,3550308,True,,32999,,,-23.5333405,-46.479867,,,,2,2023-06-15T16:48:47+00:00
SAO_273V-10,São Paulo,3550308,True,,32999,,,-23.5231795,-46.4257235,,,,2,2023-06-15T16:48:40+00:00
SAO_273V-10,São Paulo,3550308,True,,32999,,,-23.521850999999998,-46.4244515,,,,2,2023-06-15T16:48:11+00:00
SAO_3139-10,São Paulo,3550308,True,,995,,,-23.556353125,-46.574729125000005,,,,1,2023-06-15T16:48:45+00:00
SAO_3139-10,São Paulo,3550308,True,,995,,,-23.55388875,-46.617290499999996,,,,1,2023-06-15T16:48:27+00:00
SAO_3139-10,São Paulo,3550308,True,,995,,,-23.5672625,-46.523503000000005,,,,1,2023-06-15T16:48:38+00:00
SAO_7006-10,São Paulo,3550308,True,,1995,,,-23.7301305,-46.7858815,,,,1,2023-06-15T16:48:41+00:00
SAO_7006-10,São Paulo,3550308,True,,1995,,,-23.7464985,-46.778683,,,,1,2023-06-15T16:48:07+00:00
SAO_7006-10,São Paulo,3550308,True,,1995,,,-23.71137775,-46.782644250000004,,,,1,2023-06-15T16:48:21+00:00
SAO_7006-10,São Paulo,3550308,True,,1995,,,-23.694482,-46.7798025,,,,1,2023-06-15T16:48:33+00:00
SAO_7006-10,São Paulo,3550308,True,,1995,,,-23.68511,-46.770103500000005,,,,1,2023-06-15T16:48:19+00:00
SAO_675G-10,São Paulo,3550308,True,ETT,106,https://moovitapp.com/index/pt-br/transporte_p%C3%BAblico-line-106-Sao_Paulo-242-876373-496508-0,5.3,-23.7469995,-46.665893749999995,,,,1,2023-06-15T16:48:30+00:00
SAO_675G-10,São Paulo,3550308,True,ETT,106,https://moovitapp.com/index/pt-br/transporte_p%C3%BAblico-line-106-Sao_Paulo-242-876373-496508-0,5.3,-23.6435935,-46.6575635,,,,1,2023-06-15T16:48:20+00:00
SAO_675G-10,São Paulo,3550308,True,ETT,106,https://moovitapp.com/index/pt-br/transporte_p%C3%BAblico-line-106-Sao_Paulo-242-876373-496508-0,5.3,-23.7427985,-46.6697255,,,,1,2023-06-15T16:48:16+00:00
SAO_675G-10,São Paulo,3550308,True,ETT,106,https://moovitapp.com/index/pt-br/transporte_p%C3%BAblico-line-106-Sao_Paulo-242-876373-496508-0,5.3,-23.656974249999998,-46.6796535,,,,1,2023-06-15T16:48:34+00:00
SAO_675G-10,São Paulo,3550308,True,ETT,106,https://moovitapp.com/index/pt-br/transporte_p%C3%BAblico-line-106-Sao_Paulo-242-876373-496508-0,5.3,-23.7527605,-46.682745499999996,,,,1,2023-06-15T16:48:21+00:00
SAO_3112-10,São Paulo,3550308,True,,1080,,,-23.596410499999998,-46.5422265,,,,1,2023-06-15T16:48:35+00:00
SAO_3112-10,São Paulo,3550308,True,,1080,,,-23.57727075,-46.58699324999999,,,,1,2023-06-15T16:48:37+00:00
SAO_3112-10,São Paulo,3550308,True,,1080,,,-23.6105545,-46.529823500000006,,,,1,2023-06-15T16:48:22+00:00
SAO_3112-10,São Paulo,3550308,True,,1080,,,-23.582314500000003,-46.55111674999999,,,,1,2023-06-15T16:48:11+00:00
SAO_3112-10,São Paulo,3550308,True,,1080,,,-23.560606875,-46.599290874999994,,,,1,2023-06-15T16:48:39+00:00
SAO_3112-10,São Paulo,3550308,True,,1080,,,-23.6113195,-46.5291315,,,,1,2023-06-15T16:48:24+00:00
SAO_3112-10,São Paulo,3550308,True,,1080,,,-23.542462,-46.590803,,,,1,2023-06-15T16:48:07+00:00
SAO_3112-10,São Paulo,3550308,True,,1080,,,-23.6105545,-46.529823500000006,,,,1,2023-06-15T16:48:37+00:00
SAO_3112-10,São Paulo,3550308,True,,1080,,,-23.584286,-46.5815445,,,,1,2023-06-15T16:47:53+00:00
SAO_3112-10,São Paulo,3550308,True,,1080,,,-23.6105545,-46.529823500000006,,,,1,2023-06-15T16:48:37+00:00
SAO_888P-10,São Paulo,3550308,True,,33222,,,-23.408328,-46.741003,,,,2,2023-06-15T16:48:13+00:00
SAO_888P-10,São Paulo,3550308,True,,33222,,,-23.408456,-46.7408545,,,,2,2023-06-15T16:48:44+00:00
SAO_888P-10,São Paulo,3550308,True,,33222,,,-23.4460695,-46.7479905,,,,2,2023-06-15T16:48:26+00:00
SAO_888P-10,São Paulo,3550308,True,,33222,,,-23.408318,-46.7415825,,,,2,2023-06-15T16:48:12+00:00
SAO_5119-10,São Paulo,3550308,True,,1,,,-23.586808,-46.69116699999999,,,,1,2023-06-15T16:48:13+00:00
SAO_5119-10,São Paulo,3550308,True,,1,,,-23.654554,-46.762167,,,,1,2023-06-15T16:48:17+00:00
SAO_5119-10,São Paulo,3550308,True,,1,,,-23.644194,-46.734191499999994,,,,1,2023-06-15T16:48:14+00:00
SAO_5119-10,São Paulo,3550308,True,,1,,,-23.601733,-46.711171,,,,1,2023-06-15T16:48:38+00:00
SAO_5119-10,São Paulo,3550308,True,,1,,,-23.58553725,-46.68462625,,,,1,2023-06-15T16:48:43+00:00
SAO_5119-10,São Paulo,3550308,True,,1,,,-23.601063,-46.7150175,,,,1,2023-06-15T16:48:21+00:00
SAO_5119-10,São Paulo,3550308,True,,1,,,-23.6013005,-46.7097565,,,,1,2023-06-15T16:48:18+00:00
SAO_5119-10,São Paulo,3550308,True,,1,,,-23.626061749999998,-46.7348065,,,,1,2023-06-15T16:48:05+00:00
SAO_5119-10,São Paulo,3550308,True,,1,,,-23.603229,-46.725297,,,,1,2023-06-15T16:48:39+00:00
SAO_5119-10,São Paulo,3550308,True,,1,,,-23.6021295,-46.713271,,,,1,2023-06-15T16:48:17+00:00
SAO_2583-10,São Paulo,3550308,True,,33143,,,-23.52370775,-46.5465455,,,,2,2023-06-15T16:48:26+00:00
SAO_2583-10,São Paulo,3550308,True,,33143,,,-23.50120275,-46.44000275,,,,2,2023-06-15T16:47:22+00:00
SAO_2583-10,São Paulo,3550308,True,,33143,,,-23.510611750000002,-46.42148025,,,,2,2023-06-15T16:48:12+00:00
SAO_2583-10,São Paulo,3550308,True,,33143,,,-23.509475000000002,-46.496626500000005,,,,2,2023-06-15T16:48:21+00:00
SAO_9005-10,São Paulo,3550308,True,,872,,,-23.4503535,-46.683854999999994,,,,1,2023-06-15T16:48:06+00:00
SAO_9005-10,São Paulo,3550308,True,,872,,,-23.466752,-46.670491999999996,,,,1,2023-06-15T16:48:40+00:00
SAO_9005-10,São Paulo,3550308,True,,872,,,-23.466611,-46.670537499999995,,,,1,2023-06-15T16:48:24+00:00
SAO_9005-10,São Paulo,3550308,True,,872,,,-23.454378499999997,-46.693401,,,,1,2023-06-15T16:48:40+00:00
SAO_9005-10,São Paulo,3550308,True,,872,,,-23.454378499999997,-46.693401,,,,1,2023-06-15T16:48:41+00:00
SAO_9005-10,São Paulo,3550308,True,,872,,,-23.454378499999997,-46.693401,,,,1,2023-06-15T16:48:18+00:00
SAO_9005-10,São Paulo,3550308,True,,872,,,-23.45401675,-46.69216275,,,,1,2023-06-15T16:48:28+00:00
SAO_848L-10,São Paulo,3550308,True,,33576,,,-23.414156,-46.75083600000001,,,,2,2023-06-15T16:48:37+00:00
SAO_848L-10,São Paulo,3550308,True,,33576,,,-23.4849325,-46.7233555,,,,2,2023-06-15T16:48:43+00:00
SAO_848L-10,São Paulo,3550308,True,,33576,,,-23.411927,-46.7461505,,,,2,2023-06-15T16:48:31+00:00
SAO_848L-10,São Paulo,3550308,True,,33576,,,-23.4144305,-46.7510005,,,,2,2023-06-15T16:48:09+00:00
SAO_848L-10,São Paulo,3550308,True,,33576,,,-23.4144305,-46.7510005,,,,2,2023-06-15T16:48:43+00:00
SAO_848L-10,São Paulo,3550308,True,,33576,,,-23.432698000000002,-46.71936575,,,,2,2023-06-15T16:48:05+00:00
SAO_2033-10,São Paulo,3550308,True,,2499,,,-23.4921085,-46.569668500000006,,,,1,2023-06-15T16:48:24+00:00
SAO_2033-10,São Paulo,3550308,True,,2499,,,-23.52158075,-46.594189125,,,,1,2023-06-15T16:48:19+00:00
SAO_9789-10,São Paulo,3550308,True,,829,,,-23.4865455,-46.6860335,,,,1,2023-06-15T16:48:24+00:00
SAO_9789-10,São Paulo,3550308,True,,829,,,-23.460588,-46.70847,,,,1,2023-06-15T16:48:26+00:00
SAO_9789-10,São Paulo,3550308,True,,829,,,-23.5160445,-46.6669525,,,,1,2023-06-15T16:48:11+00:00
SAO_9789-10,São Paulo,3550308,True,,829,,,-23.460804500000002,-46.7086025,,,,1,2023-06-15T16:48:21+00:00
SAO_9789-10,São Paulo,3550308,True,,829,,,-23.460588,-46.70847,,,,1,2023-06-15T16:48:40+00:00
SAO_9789-10,São Paulo,3550308,True,,829,,,-23.4694835,-46.694140000000004,,,,1,2023-06-15T16:48:04+00:00
SAO_9789-10,São Paulo,3550308,True,,829,,,-23.508672,-46.673632,,,,1,2023-06-15T16:48:18+00:00
SAO_9789-10,São Paulo,3550308,True,,829,,,-23.460588,-46.70847,,,,1,2023-06-15T16:48:24+00:00
SAO_9789-10,São Paulo,3550308,True,,829,,,-23.504176,-46.672653999999994,,,,1,2023-06-15T16:48:44+00:00
SAO_9789-10,São Paulo,3550308,True,,829,,,-23.460588,-46.70847,,,,1,2023-06-15T16:48:35+00:00
SAO_9789-10,São Paulo,3550308,True,,829,,,-23.5244145,-46.6669005,,,,1,2023-06-15T16:48:20+00:00
SAO_575A-10,São Paulo,3550308,True,,34406,,,-23.571996,-46.581142,,,,2,2023-06-15T16:48:12+00:00
SAO_575A-10,São Paulo,3550308,True,,34406,,,-23.601844999999997,-46.5706005,,,,2,2023-06-15T16:48:05+00:00
SAO_575A-10,São Paulo,3550308,True,,34406,,,-23.59093625,-46.58124075,,,,2,2023-06-15T16:48:32+00:00
SAO_575A-10,São Paulo,3550308,True,,34406,,,-23.554745500000003,-46.58412,,,,2,2023-06-15T16:47:11+00:00
SAO_575A-10,São Paulo,3550308,True,,34406,,,-23.6018545,-46.57027,,,,2,2023-06-15T16:47:49+00:00
SAO_575A-10,São Paulo,3550308,True,,34406,,,-23.541069,-46.5759855,,,,2,2023-06-15T16:47:43+00:00
SAO_2732-10,São Paulo,3550308,True,,33715,,,-23.535814000000002,-46.464711,,,,2,2023-06-15T16:48:12+00:00
SAO_2732-10,São Paulo,3550308,True,,33715,,,-23.529743,-46.45955,,,,2,2023-06-15T16:48:29+00:00
SAO_2732-10,São Paulo,3550308,True,,33715,,,-23.529743,-46.45955,,,,2,2023-06-15T16:48:23+00:00
SAO_2732-10,São Paulo,3550308,True,,33715,,,-23.533921999999997,-46.4563515,,,,2,2023-06-15T16:48:44+00:00
SAO_175T-10,São Paulo,3550308,True,,33391,,,-23.5833075,-46.652372,,,,2,2023-06-15T16:48:37+00:00
SAO_175T-10,São Paulo,3550308,True,,33391,,,-23.643620000000002,-46.6412465,,,,2,2023-06-15T16:48:15+00:00
SAO_175T-10,São Paulo,3550308,True,,33391,,,-23.608175,-46.6527265,,,,2,2023-06-15T16:48:01+00:00
SAO_175T-10,São Paulo,3550308,True,,33391,,,-23.6348295,-46.659522749999994,,,,2,2023-06-15T16:48:40+00:00
SAO_175T-10,São Paulo,3550308,True,,33391,,,-23.51625025,-46.6295925,,,,2,2023-06-15T16:48:20+00:00
SAO_175T-10,São Paulo,3550308,True,,33391,,,-23.572332,-46.640927,,,,2,2023-06-15T16:48:10+00:00
SAO_175T-10,São Paulo,3550308,True,,33391,,,-23.588272,-46.652007749999996,,,,2,2023-06-15T16:48:34+00:00
SAO_175T-10,São Paulo,3550308,True,,33391,,,-23.5061965,-46.6262805,,,,2,2023-06-15T16:48:03+00:00
SAO_175T-10,São Paulo,3550308,True,,33391,,,-23.57180025,-46.640876500000005,,,,2,2023-06-15T16:47:44+00:00
SAO_175T-10,São Paulo,3550308,True,,33391,,,-23.5523635,-46.6367345,,,,2,2023-06-15T16:48:33+00:00
SAO_175T-10,São Paulo,3550308,True,,33391,,,-23.6029775,-46.651044999999996,,,,2,2023-06-15T16:48:22+00:00
SAO_957T-10,São Paulo,3550308,True,,464,,,-23.520713,-46.721083,,,,1,2023-06-15T16:48:00+00:00
SAO_957T-10,São Paulo,3550308,True,,464,,,-23.594811999999997,-46.689809,,,,1,2023-06-15T16:48:43+00:00
SAO_957T-10,São Paulo,3550308,True,,464,,,-23.476672,-46.6848955,,,,1,2023-06-15T16:48:11+00:00
SAO_957T-10,São Paulo,3550308,True,,464,,,-23.5672355,-46.693780000000004,,,,1,2023-06-15T16:48:22+00:00
SAO_957T-10,São Paulo,3550308,True,,464,,,-23.521221500000003,-46.721993,,,,1,2023-06-15T16:48:36+00:00
SAO_957T-10,São Paulo,3550308,True,,464,,,-23.589574749999997,-46.68179375,,,,1,2023-06-15T16:48:40+00:00
SAO_172J-10,São Paulo,3550308,True,,33624,,,-23.514658750000002,-46.586711625,,,,2,2023-06-15T16:48:22+00:00
SAO_172J-10,São Paulo,3550308,True,,33624,,,-23.479189750000003,-46.56941425,,,,2,2023-06-15T16:48:17+00:00
SAO_172J-10,São Paulo,3550308,True,,33624,,,-23.5320685,-46.5809035,,,,2,2023-06-15T16:48:16+00:00
SAO_172J-10,São Paulo,3550308,True,,33624,,,-23.479189750000003,-46.56941425,,,,2,2023-06-15T16:48:02+00:00
SAO_172J-10,São Paulo,3550308,True,,33624,,,-23.479189750000003,-46.56941425,,,,2,2023-06-15T16:48:08+00:00
SAO_172J-10,São Paulo,3550308,True,,33624,,,-23.5268725,-46.582482,,,,2,2023-06-15T16:45:03+00:00
SAO_172J-10,São Paulo,3550308,True,,33624,,,-23.523951500000003,-46.581162000000006,,,,2,2023-06-15T16:47:33+00:00
SAO_172J-10,São Paulo,3550308,True,,33624,,,-23.4815795,-46.571271,,,,2,2023-06-15T16:47:35+00:00
SAO_172J-10,São Paulo,3550308,True,,33624,,,-23.5025195,-46.5765245,,,,2,2023-06-15T16:48:09+00:00
SAO_609J-10,São Paulo,3550308,True,,35010,,,-23.62553725,-46.6404665,,,,2,2023-06-15T16:48:26+00:00
SAO_609J-10,São Paulo,3550308,True,,35010,,,-23.629360249999998,-46.64724875,,,,2,2023-06-15T16:48:38+00:00
SAO_2076-10,São Paulo,3550308,True,,368,,,-23.502251,-46.375065500000005,,,,1,2023-06-15T16:48:20+00:00
SAO_2076-10,São Paulo,3550308,True,,368,,,-23.50536275,-46.488382,,,,1,2023-06-15T16:48:34+00:00
SAO_2076-10,São Paulo,3550308,True,,368,,,-23.521750750000002,-46.527384999999995,,,,1,2023-06-15T16:46:43+00:00
SAO_2076-10,São Paulo,3550308,True,,368,,,-23.502917125,-46.390830750000006,,,,1,2023-06-15T16:48:27+00:00
SAO_2076-10,São Paulo,3550308,True,,368,,,-23.521472250000002,-46.525711,,,,1,2023-06-15T16:47:46+00:00
SAO_2076-10,São Paulo,3550308,True,,368,,,-23.494052500000002,-46.419838999999996,,,,1,2023-06-15T16:48:41+00:00
SAO_6078-10,São Paulo,3550308,True,,1166,,,-23.716451499999998,-46.699146999999996,,,,1,2023-06-15T16:48:31+00:00
SAO_6078-10,São Paulo,3550308,True,,1166,,,-23.675941,-46.679137499999996,,,,1,2023-06-15T16:48:36+00:00
SAO_6078-10,São Paulo,3550308,True,,1166,,,-23.676639,-46.679964999999996,,,,1,2023-06-15T16:48:30+00:00
SAO_6078-10,São Paulo,3550308,True,,1166,,,-23.740688,-46.660930500000006,,,,1,2023-06-15T16:48:19+00:00
SAO_6078-10,São Paulo,3550308,True,,1166,,,-23.744145,-46.6908525,,,,1,2023-06-15T16:48:46+00:00
SAO_6078-10,São Paulo,3550308,True,,1166,,,-23.753598500000003,-46.686612999999994,,,,1,2023-06-15T16:48:06+00:00
SAO_6078-10,São Paulo,3550308,True,,1166,,,-23.74478675,-46.66521975,,,,1,2023-06-15T16:48:34+00:00
SAO_6072-10,São Paulo,3550308,True,,1588,,,-23.790793,-46.714581,,,,1,2023-06-15T16:48:43+00:00
SAO_6072-10,São Paulo,3550308,True,,1588,,,-23.825101,-46.7076285,,,,1,2023-06-15T16:48:16+00:00
SAO_6072-10,São Paulo,3550308,True,,1588,,,-23.8268065,-46.6999175,,,,1,2023-06-15T16:48:38+00:00
SAO_6072-10,São Paulo,3550308,True,,1588,,,-23.768844,-46.7164875,,,,1,2023-06-15T16:48:07+00:00
SAO_6072-10,São Paulo,3550308,True,,1588,,,-23.827404,-46.697334,,,,1,2023-06-15T16:48:27+00:00
SAO_6072-10,São Paulo,3550308,True,,1588,,,-23.816014000000003,-46.706188999999995,,,,1,2023-06-15T16:48:42+00:00
SAO_6072-10,São Paulo,3550308,True,,1588,,,-23.827404,-46.697334,,,,1,2023-06-15T16:48:15+00:00
SAO_6072-10,São Paulo,3550308,True,,1588,,,-23.79021925,-46.715004500000006,,,,1,2023-06-15T16:48:27+00:00
SAO_6036-10,São Paulo,3550308,True,,33982,,,-23.650494000000002,-46.7072335,,,,2,2023-06-15T16:48:45+00:00
SAO_6036-10,São Paulo,3550308,True,,33982,,,-23.652072000000004,-46.7168815,,,,2,2023-06-15T16:48:38+00:00
SAO_6036-10,São Paulo,3550308,True,,33982,,,-23.64552775,-46.722734249999995,,,,2,2023-06-15T16:48:20+00:00
SAO_573T-10,São Paulo,3550308,True,,34400,,,-23.546923,-46.541230125,,,,2,2023-06-15T16:48:09+00:00
SAO_573T-10,São Paulo,3550308,True,,34400,,,-23.577493250000003,-46.50348375,,,,2,2023-06-15T16:48:34+00:00
SAO_573T-10,São Paulo,3550308,True,,34400,,,-23.614441499999998,-46.500118,,,,2,2023-06-15T16:48:26+00:00
SAO_573T-10,São Paulo,3550308,True,,34400,,,-23.561701375000002,-46.5177355,,,,2,2023-06-15T16:48:23+00:00
SAO_573T-10,São Paulo,3550308,True,,34400,,,-23.6139655,-46.5015435,,,,2,2023-06-15T16:48:20+00:00
SAO_573T-10,São Paulo,3550308,True,,34400,,,-23.614496,-46.500415000000004,,,,2,2023-06-15T16:48:31+00:00
SAO_573T-10,São Paulo,3550308,True,,34400,,,-23.602982,-46.4898225,,,,2,2023-06-15T16:48:30+00:00
SAO_573T-10,São Paulo,3550308,True,,34400,,,-23.583904,-46.49325,,,,2,2023-06-15T16:48:03+00:00
SAO_5362-10,São Paulo,3550308,True,,32838,,,-23.613059,-46.671189,,,,2,2023-06-15T16:48:08+00:00
SAO_5362-10,São Paulo,3550308,True,,32838,,,-23.55959,-46.639277500000006,,,,2,2023-06-15T16:48:32+00:00
SAO_5362-10,São Paulo,3550308,True,,32838,,,-23.744946499999998,-46.6719175,,,,2,2023-06-15T16:48:28+00:00
SAO_5362-10,São Paulo,3550308,True,,32838,,,-23.7444975,-46.670542499999996,,,,2,2023-06-15T16:48:19+00:00
SAO_5362-10,São Paulo,3550308,True,,32838,,,-23.6936965,-46.714915000000005,,,,2,2023-06-15T16:48:34+00:00
SAO_5362-10,São Paulo,3550308,True,,32838,,,-23.641431374999996,-46.698932375,,,,2,2023-06-15T16:48:40+00:00
SAO_5362-10,São Paulo,3550308,True,,32838,,,-23.7448975,-46.6722405,,,,2,2023-06-15T16:48:33+00:00
SAO_5362-10,São Paulo,3550308,True,,32838,,,-23.73608675,-46.694618500000004,,,,2,2023-06-15T16:48:18+00:00
SAO_5362-10,São Paulo,3550308,True,,32838,,,-23.75512775,-46.67639150000001,,,,2,2023-06-15T16:48:36+00:00
SAO_5362-10,São Paulo,3550308,True,,32838,,,-23.683953,-46.71453,,,,2,2023-06-15T16:48:33+00:00
SAO_5362-10,São Paulo,3550308,True,,32838,,,-23.742955000000002,-46.665304875000004,,,,2,2023-06-15T16:48:30+00:00
SAO_5362-10,São Paulo,3550308,True,,32838,,,-23.7444965,-46.670638499999995,,,,2,2023-06-15T16:48:13+00:00
SAO_5362-10,São Paulo,3550308,True,,32838,,,-23.71853,-46.6989005,,,,2,2023-06-15T16:48:30+00:00
SAO_5362-10,São Paulo,3550308,True,,32838,,,-23.7562055,-46.670068,,,,2,2023-06-15T16:46:18+00:00
SAO_4315-10,São Paulo,3550308,True,,2175,,,-23.552894000000002,-46.613065,,,,1,2023-06-15T16:48:29+00:00
SAO_4315-10,São Paulo,3550308,True,,2175,,,-23.558462,-46.5226175,,,,1,2023-06-15T16:48:36+00:00
SAO_4315-10,São Paulo,3550308,True,,2175,,,-23.542948000000003,-46.547712250000004,,,,1,2023-06-15T16:48:20+00:00
SAO_4315-10,São Paulo,3550308,True,,2175,,,-23.5582535,-46.5229645,,,,1,2023-06-15T16:48:15+00:00
SAO_4315-10,São Paulo,3550308,True,,2175,,,-23.54807875,-46.53864475,,,,1,2023-06-15T16:48:25+00:00
SAO_6042-10,São Paulo,3550308,True,,33987,,,-23.6515345,-46.71320275,,,,2,2023-06-15T16:48:36+00:00
SAO_6042-10,São Paulo,3550308,True,,33987,,,-23.6740715,-46.765969999999996,,,,2,2023-06-15T16:48:36+00:00
SAO_6042-10,São Paulo,3550308,True,,33987,,,-23.6505265,-46.719197,,,,2,2023-06-15T16:48:22+00:00
SAO_6042-10,São Paulo,3550308,True,,33987,,,-23.6488675,-46.7535655,,,,2,2023-06-15T16:48:23+00:00
SAO_2626-10,São Paulo,3550308,True,,33144,,,-23.536963749999998,-46.59174825,,,,2,2023-06-15T16:48:23+00:00
SAO_2626-10,São Paulo,3550308,True,,33144,,,-23.52355925,-46.5462585,,,,2,2023-06-15T16:47:03+00:00
SAO_2626-10,São Paulo,3550308,True,,33144,,,-23.5127235,-46.515349,,,,2,2023-06-15T16:48:27+00:00
SAO_2626-10,São Paulo,3550308,True,,33144,,,-23.5120595,-46.5119935,,,,2,2023-06-15T16:48:40+00:00
SAO_2626-10,São Paulo,3550308,True,,33144,,,-23.5101535,-46.4087855,,,,2,2023-06-15T16:47:58+00:00
SAO_2626-10,São Paulo,3550308,True,,33144,,,-23.5237645,-46.410553500000006,,,,2,2023-06-15T16:48:41+00:00
SAO_2626-10,São Paulo,3550308,True,,33144,,,-23.5470135,-46.624081375,,,,2,2023-06-15T16:47:51+00:00
SAO_2626-10,São Paulo,3550308,True,,33144,,,-23.5358615,-46.571408000000005,,,,2,2023-06-15T16:48:43+00:00
SAO_2626-10,São Paulo,3550308,True,,33144,,,-23.498297,-46.457488,,,,2,2023-06-15T16:48:40+00:00
SAO_5300-10,São Paulo,3550308,True,EMTU,354,https://moovitapp.com/index/pt-br/transporte_p%C3%BAblico-line-354-Sao_Paulo-242-2038937-36419437-0,7.55,-23.609755937499997,-46.667901625,,,,1,2023-06-15T16:48:19+00:00
SAO_5300-10,São Paulo,3550308,True,EMTU,354,https://moovitapp.com/index/pt-br/transporte_p%C3%BAblico-line-354-Sao_Paulo-242-2038937-36419437-0,7.55,-23.546065499999997,-46.6320345,,,,1,2023-06-15T16:48:37+00:00
SAO_5300-10,São Paulo,3550308,True,EMTU,354,https://moovitapp.com/index/pt-br/transporte_p%C3%BAblico-line-354-Sao_Paulo-242-2038937-36419437-0,7.55,-23.600260249999998,-46.65896574999999,,,,1,2023-06-15T16:48:04+00:00
SAO_5300-10,São Paulo,3550308,True,EMTU,354,https://moovitapp.com/index/pt-br/transporte_p%C3%BAblico-line-354-Sao_Paulo-242-2038937-36419437-0,7.55,-23.654195,-46.711744499999995,,,,1,2023-06-15T16:48:35+00:00
SAO_5300-10,São Paulo,3550308,True,EMTU,354,https://moovitapp.com/index/pt-br/transporte_p%C3%BAblico-line-354-Sao_Paulo-242-2038937-36419437-0,7.55,-23.585667,-46.6529695,,,,1,2023-06-15T16:48:12+00:00
SAO_5300-10,São Paulo,3550308,True,EMTU,354,https://moovitapp.com/index/pt-br/transporte_p%C3%BAblico-line-354-Sao_Paulo-242-2038937-36419437-0,7.55,-23.654054000000002,-46.7082925,,,,1,2023-06-15T16:48:37+00:00
SAO_5300-10,São Paulo,3550308,True,EMTU,354,https://moovitapp.com/index/pt-br/transporte_p%C3%BAblico-line-354-Sao_Paulo-242-2038937-36419437-0,7.55,-23.553468000000002,-46.636179,,,,1,2023-06-15T16:48:25+00:00
SAO_5300-10,São Paulo,3550308,True,EMTU,354,https://moovitapp.com/index/pt-br/transporte_p%C3%BAblico-line-354-Sao_Paulo-242-2038937-36419437-0,7.55,-23.6024045,-46.6609895,,,,1,2023-06-15T16:48:42+00:00
SAO_5300-10,São Paulo,3550308,True,EMTU,354,https://moovitapp.com/index/pt-br/transporte_p%C3%BAblico-line-354-Sao_Paulo-242-2038937-36419437-0,7.55,-23.642097624999998,-46.698589,,,,1,2023-06-15T16:48:18+00:00
SAO_5300-10,São Paulo,3550308,True,EMTU,354,https://moovitapp.com/index/pt-br/transporte_p%C3%BAblico-line-354-Sao_Paulo-242-2038937-36419437-0,7.55,-23.654195,-46.711744499999995,,,,1,2023-06-15T16:48:13+00:00
SAO_5300-10,São Paulo,3550308,True,EMTU,354,https://moovitapp.com/index/pt-br/transporte_p%C3%BAblico-line-354-Sao_Paulo-242-2038937-36419437-0,7.55,-23.634380999999998,-46.691138249999995,,,,1,2023-06-15T16:48:19+00:00
SAO_5300-10,São Paulo,3550308,True,EMTU,354,https://moovitapp.com/index/pt-br/transporte_p%C3%BAblico-line-354-Sao_Paulo-242-2038937-36419437-0,7.55,-23.654195,-46.711744499999995,,,,1,2023-06-15T16:48:10+00:00
SAO_637P-10,São Paulo,3550308,True,,32815,,,-23.584215999999998,-46.67978325,,,,2,2023-06-15T16:48:16+00:00
SAO_637P-10,São Paulo,3550308,True,,32815,,,-23.579043,-46.6859035,,,,2,2023-06-15T16:48:30+00:00
SAO_637P-10,São Paulo,3550308,True,,32815,,,-23.6431665,-46.700297250000006,,,,2,2023-06-15T16:48:32+00:00
SAO_637P-10,São Paulo,3550308,True,,32815,,,-23.5841865,-46.683443,,,,2,2023-06-15T16:48:34+00:00
SAO_637P-10,São Paulo,3550308,True,,32815,,,-23.610749,-46.677432,,,,2,2023-06-15T16:48:43+00:00
SAO_637P-10,São Paulo,3550308,True,,32815,,,-23.573482,-46.6893395,,,,2,2023-06-15T16:48:12+00:00
SAO_637P-10,São Paulo,3550308,True,,32815,,,-23.568561250000002,-46.69244825,,,,2,2023-06-15T16:48:33+00:00
SAO_637P-10,São Paulo,3550308,True,,32815,,,-23.5855925,-46.67138,,,,2,2023-06-15T16:48:39+00:00
SAO_1726-10,São Paulo,3550308,True,,1403,,,-23.486714125,-46.623102875,,,,1,2023-06-15T16:47:08+00:00
SAO_1726-10,São Paulo,3550308,True,,1403,,,-23.450993,-46.596401,,,,1,2023-06-15T16:48:44+00:00
SAO_1726-10,São Paulo,3550308,True,,1403,,,-23.4359105,-46.566243,,,,1,2023-06-15T16:46:44+00:00
SAO_1726-10,São Paulo,3550308,True,,1403,,,-23.502214000000002,-46.6235875,,,,1,2023-06-15T16:48:38+00:00
SAO_1726-10,São Paulo,3550308,True,,1403,,,-23.440261,-46.576557,,,,1,2023-06-15T16:46:45+00:00
SAO_1726-10,São Paulo,3550308,True,,1403,,,-23.475579500000002,-46.609004,,,,1,2023-06-15T16:48:33+00:00
SAO_6500-10,São Paulo,3550308,True,,46,,,-23.559058999999998,-46.654014000000004,,,,1,2023-06-15T16:48:14+00:00
SAO_6500-10,São Paulo,3550308,True,,46,,,-23.625686,-46.686795249999996,,,,1,2023-06-15T16:48:20+00:00
SAO_6500-10,São Paulo,3550308,True,,46,,,-23.654395,-46.7121185,,,,1,2023-06-15T16:48:35+00:00
SAO_6500-10,São Paulo,3550308,True,,46,,,-23.622253999999998,-46.684399,,,,1,2023-06-15T16:48:31+00:00
SAO_6500-10,São Paulo,3550308,True,,46,,,-23.651206124999998,-46.704931125,,,,1,2023-06-15T16:48:05+00:00
SAO_6500-10,São Paulo,3550308,True,,46,,,-23.654395,-46.7121185,,,,1,2023-06-15T16:48:09+00:00
SAO_6500-10,São Paulo,3550308,True,,46,,,-23.654395,-46.7121185,,,,1,2023-06-15T16:48:14+00:00
SAO_6500-10,São Paulo,3550308,True,,46,,,-23.654395,-46.7121185,,,,1,2023-06-15T16:48:07+00:00
SAO_809L-10,São Paulo,3550308,True,,1949,,,-23.62714275,-46.766670250000004,,,,1,2023-06-15T16:48:27+00:00
SAO_809L-10,São Paulo,3550308,True,,1949,,,-23.620389250000002,-46.757758125,,,,1,2023-06-15T16:48:09+00:00
SAO_809L-10,São Paulo,3550308,True,,1949,,,-23.632188,-46.772097,,,,1,2023-06-15T16:48:10+00:00
SAO_809L-10,São Paulo,3550308,True,,1949,,,-23.5909415,-46.737688,,,,1,2023-06-15T16:48:29+00:00
SAO_809L-10,São Paulo,3550308,True,,1949,,,-23.5385875,-46.7058765,,,,1,2023-06-15T16:48:09+00:00
SAO_809L-10,São Paulo,3550308,True,,1949,,,-23.537968999999997,-46.7076305,,,,1,2023-06-15T16:48:16+00:00
SAO_809L-10,São Paulo,3550308,True,,1949,,,-23.62714275,-46.766670250000004,,,,1,2023-06-15T16:48:17+00:00
SAO_809L-10,São Paulo,3550308,True,,1949,,,-23.574627,-46.7115705,,,,1,2023-06-15T16:48:19+00:00
SAO_809L-10,São Paulo,3550308,True,,1949,,,-23.6323625,-46.7722555,,,,1,2023-06-15T16:48:10+00:00
SAO_809L-10,São Paulo,3550308,True,,1949,,,-23.566796250000003,-46.70746975,,,,1,2023-06-15T16:48:04+00:00
SAO_809L-10,São Paulo,3550308,True,,1949,,,-23.6315005,-46.773324,,,,1,2023-06-15T16:48:18+00:00
SAO_8549-10,São Paulo,3550308,True,,33348,,,-23.436553625,-46.716168624999995,,,,2,2023-06-15T16:48:00+00:00
SAO_8549-10,São Paulo,3550308,True,,33348,,,-23.448213000000003,-46.702635,,,,2,2023-06-15T16:48:18+00:00
SAO_8549-10,São Paulo,3550308,True,,33348,,,-23.525468375,-46.68137725,,,,2,2023-06-15T16:48:36+00:00
SAO_8549-10,São Paulo,3550308,True,,33348,,,-23.491861999999998,-46.690180999999995,,,,2,2023-06-15T16:48:38+00:00
SAO_8549-10,São Paulo,3550308,True,,33348,,,-23.5397245,-46.6367075,,,,2,2023-06-15T16:48:02+00:00
SAO_8549-10,São Paulo,3550308,True,,33348,,,-23.436301125,-46.716888125,,,,2,2023-06-15T16:48:07+00:00
SAO_8549-10,São Paulo,3550308,True,,33348,,,-23.4615145,-46.6841035,,,,2,2023-06-15T16:48:35+00:00
SAO_129F-10,São Paulo,3550308,True,,2304,,,-23.51888775,-46.700064,,,,1,2023-06-15T16:48:42+00:00
SAO_129F-10,São Paulo,3550308,True,,2304,,,-23.523079625,-46.702978125,,,,1,2023-06-15T16:42:32+00:00
SAO_129F-10,São Paulo,3550308,True,,2304,,,-23.526818,-46.6660665,,,,1,2023-06-15T16:48:02+00:00
SAO_129F-10,São Paulo,3550308,True,,2304,,,-23.491885,-46.699872,,,,1,2023-06-15T16:48:22+00:00
SAO_4113-10,São Paulo,3550308,True,,33536,,,-23.570279875,-46.62609075,,,,2,2023-06-15T16:48:18+00:00
SAO_574R-10,São Paulo,3550308,True,,34391,,,-23.5658375,-46.569646500000005,,,,2,2023-06-15T16:48:29+00:00
SAO_574R-10,São Paulo,3550308,True,,34391,,,-23.550193999999998,-46.580555000000004,,,,2,2023-06-15T16:48:45+00:00
SAO_574R-10,São Paulo,3550308,True,,34391,,,-23.614496,-46.500415000000004,,,,2,2023-06-15T16:48:42+00:00
SAO_574R-10,São Paulo,3550308,True,,34391,,,-23.542323000000003,-46.5901025,,,,2,2023-06-15T16:48:27+00:00
SAO_574R-10,São Paulo,3550308,True,,34391,,,-23.5999205,-46.513554,,,,2,2023-06-15T16:48:15+00:00
SAO_1017-10,São Paulo,3550308,True,,2141,,,-23.475196,-46.7147145,,,,1,2023-06-15T16:48:41+00:00
SAO_1017-10,São Paulo,3550308,True,,2141,,,-23.409982,-46.7510265,,,,1,2023-06-15T16:48:20+00:00
SAO_1017-10,São Paulo,3550308,True,,2141,,,-23.404764999999998,-46.739881999999994,,,,1,2023-06-15T16:48:05+00:00
SAO_1017-10,São Paulo,3550308,True,,2141,,,-23.4850255,-46.709775,,,,1,2023-06-15T16:48:33+00:00
SAO_1017-10,São Paulo,3550308,True,,2141,,,-23.431331,-46.72053,,,,1,2023-06-15T16:48:47+00:00
SAO_709A-10,São Paulo,3550308,True,,34860,,,-23.581906,-46.6573135,,,,2,2023-06-15T16:44:07+00:00
SAO_709A-10,São Paulo,3550308,True,,34860,,,-23.590342,-46.681119499999994,,,,2,2023-06-15T16:48:27+00:00
SAO_709A-10,São Paulo,3550308,True,,34860,,,-23.6129235,-46.6957445,,,,2,2023-06-15T16:48:14+00:00
SAO_709A-10,São Paulo,3550308,True,,34860,,,-23.591607,-46.6360815,,,,2,2023-06-15T16:48:39+00:00
SAO_709A-10,São Paulo,3550308,True,,34860,,,-23.613292,-46.696059500000004,,,,2,2023-06-15T16:48:43+00:00
SAO_6840-10,São Paulo,3550308,True,EMTU,201,https://moovitapp.com/index/pt-br/transporte_p%C3%BAblico-line-201-Sao_Paulo-242-2038937-58093160-0,20.4,-23.696705,-46.779482,,,,1,2023-06-15T16:48:13+00:00
SAO_6840-10,São Paulo,3550308,True,EMTU,201,https://moovitapp.com/index/pt-br/transporte_p%C3%BAblico-line-201-Sao_Paulo-242-2038937-58093160-0,20.4,-23.6540735,-46.7628415,,,,1,2023-06-15T16:48:04+00:00
SAO_6840-10,São Paulo,3550308,True,EMTU,201,https://moovitapp.com/index/pt-br/transporte_p%C3%BAblico-line-201-Sao_Paulo-242-2038937-58093160-0,20.4,-23.7388185,-46.79168475,,,,1,2023-06-15T16:48:32+00:00
SAO_6840-10,São Paulo,3550308,True,EMTU,201,https://moovitapp.com/index/pt-br/transporte_p%C3%BAblico-line-201-Sao_Paulo-242-2038937-58093160-0,20.4,-23.6797665,-46.7702325,,,,1,2023-06-15T16:48:30+00:00
SAO_6840-10,São Paulo,3550308,True,EMTU,201,https://moovitapp.com/index/pt-br/transporte_p%C3%BAblico-line-201-Sao_Paulo-242-2038937-58093160-0,20.4,-23.68714725,-46.77138625,,,,1,2023-06-15T16:48:10+00:00
SAO_6840-10,São Paulo,3550308,True,EMTU,201,https://moovitapp.com/index/pt-br/transporte_p%C3%BAblico-line-201-Sao_Paulo-242-2038937-58093160-0,20.4,-23.741766,-46.8007565,,,,1,2023-06-15T16:48:13+00:00
SAO_6913-10,São Paulo,3550308,True,,34233,,,-23.671814625000003,-46.712297750000005,,,,2,2023-06-15T16:48:37+00:00
SAO_6913-10,São Paulo,3550308,True,,34233,,,-23.7471885,-46.708067,,,,2,2023-06-15T16:47:51+00:00
SAO_6913-10,São Paulo,3550308,True,,34233,,,-23.704463500000003,-46.714394750000004,,,,2,2023-06-15T16:48:10+00:00
SAO_6913-10,São Paulo,3550308,True,,34233,,,-23.71417275,-46.708242,,,,2,2023-06-15T16:48:25+00:00
SAO_6913-10,São Paulo,3550308,True,,34233,,,-23.6656515,-46.7116925,,,,2,2023-06-15T16:45:59+00:00
SAO_6913-10,São Paulo,3550308,True,,34233,,,-23.652146000000002,-46.708776,,,,2,2023-06-15T16:48:08+00:00
SAO_6913-10,São Paulo,3550308,True,,34233,,,-23.717851125,-46.700298875,,,,2,2023-06-15T16:48:24+00:00
SAO_6913-10,São Paulo,3550308,True,,34233,,,-23.726962999999998,-46.699469,,,,2,2023-06-15T16:48:42+00:00
SAO_6913-10,São Paulo,3550308,True,,34233,,,-23.61593575,-46.680177,,,,2,2023-06-15T16:48:43+00:00
SAO_6913-10,São Paulo,3550308,True,,34233,,,-23.549266,-46.6401115,,,,2,2023-06-15T16:48:05+00:00
SAO_6913-10,São Paulo,3550308,True,,34233,,,-23.737882,-46.7001675,,,,2,2023-06-15T16:44:53+00:00
SAO_6913-10,São Paulo,3550308,True,,34233,,,-23.7471885,-46.708067,,,,2,2023-06-15T16:48:37+00:00
SAO_6913-10,São Paulo,3550308,True,,34233,,,-23.679636499999997,-46.712941375,,,,2,2023-06-15T16:47:07+00:00
SAO_6913-10,São Paulo,3550308,True,,34233,,,-23.551130999999998,-46.645861999999994,,,,2,2023-06-15T16:48:02+00:00
SAO_6913-10,São Paulo,3550308,True,,34233,,,-23.758485,-46.715076999999994,,,,2,2023-06-15T16:48:14+00:00
SAO_6913-10,São Paulo,3550308,True,,34233,,,-23.5980335,-46.674022,,,,2,2023-06-15T16:48:41+00:00
SAO_6913-10,São Paulo,3550308,True,,34233,,,-23.571763625000003,-46.66419325,,,,2,2023-06-15T16:47:59+00:00
SAO_6913-10,São Paulo,3550308,True,,34233,,,-23.63722225,-46.69631025,,,,2,2023-06-15T16:48:26+00:00
SAO_6913-10,São Paulo,3550308,True,,34233,,,-23.590801,-46.672607,,,,2,2023-06-15T16:48:14+00:00
SAO_6913-10,São Paulo,3550308,True,,34233,,,-23.76714475,-46.71695750000001,,,,2,2023-06-15T16:48:22+00:00
SAO_6913-10,São Paulo,3550308,True,,34233,,,-23.6630835,-46.707423000000006,,,,2,2023-06-15T16:46:54+00:00
SAO_6913-10,São Paulo,3550308,True,,34233,,,-23.644267,-46.701417125000006,,,,2,2023-06-15T16:46:02+00:00
SAO_6258-10,São Paulo,3550308,True,,1232,,,-23.691460499999998,-46.746868500000005,,,,1,2023-06-15T16:48:40+00:00
SAO_6258-10,São Paulo,3550308,True,,1232,,,-23.666632999999997,-46.7204375,,,,1,2023-06-15T16:48:34+00:00
SAO_6258-10,São Paulo,3550308,True,,1232,,,-23.653841,-46.710967,,,,1,2023-06-15T16:48:09+00:00
SAO_6258-10,São Paulo,3550308,True,,1232,,,-23.691460499999998,-46.746868500000005,,,,1,2023-06-15T16:48:11+00:00
SAO_6258-10,São Paulo,3550308,True,,1232,,,-23.691460499999998,-46.746868500000005,,,,1,2023-06-15T16:48:42+00:00
SAO_6258-10,São Paulo,3550308,True,,1232,,,-23.66595925,-46.713927375,,,,1,2023-06-15T16:48:44+00:00
SAO_6258-10,São Paulo,3550308,True,,1232,,,-23.691460499999998,-46.746868500000005,,,,1,2023-06-15T16:48:29+00:00
SAO_6258-10,São Paulo,3550308,True,,1232,,,-23.6786495,-46.734374,,,,1,2023-06-15T16:48:16+00:00
SAO_809P-10,São Paulo,3550308,True,,1891,,,-23.610121,-46.752266,,,,1,2023-06-15T16:48:18+00:00
SAO_809P-10,São Paulo,3550308,True,,1891,,,-23.578941125,-46.70966675,,,,1,2023-06-15T16:48:28+00:00
SAO_809P-10,São Paulo,3550308,True,,1891,,,-23.631026499999997,-46.773642,,,,1,2023-06-15T16:48:28+00:00
SAO_809P-10,São Paulo,3550308,True,,1891,,,-23.5669255,-46.6965005,,,,1,2023-06-15T16:48:24+00:00
SAO_809P-10,São Paulo,3550308,True,,1891,,,-23.570155,-46.697888250000005,,,,1,2023-06-15T16:48:33+00:00
SAO_809P-10,São Paulo,3550308,True,,1891,,,-23.5750915,-46.7068975,,,,1,2023-06-15T16:48:40+00:00
SAO_809P-10,São Paulo,3550308,True,,1891,,,-23.622435000000003,-46.76162024999999,,,,1,2023-06-15T16:48:05+00:00
SAO_809P-10,São Paulo,3550308,True,,1891,,,-23.566112500000003,-46.701726,,,,1,2023-06-15T16:48:22+00:00
SAO_809P-10,São Paulo,3550308,True,,1891,,,-23.5893255,-46.729012999999995,,,,1,2023-06-15T16:48:41+00:00
SAO_5111-10,São Paulo,3550308,True,,32816,,,-23.598893500000003,-46.673995000000005,,,,2,2023-06-15T16:48:25+00:00
SAO_5111-10,São Paulo,3550308,True,,32816,,,-23.583496249999996,-46.66908875,,,,2,2023-06-15T16:48:45+00:00
SAO_5111-10,São Paulo,3550308,True,,32816,,,-23.653879,-46.7107595,,,,2,2023-06-15T16:48:44+00:00
SAO_5111-10,São Paulo,3550308,True,,32816,,,-23.55397,-46.638562,,,,2,2023-06-15T16:48:05+00:00
SAO_5111-10,São Paulo,3550308,True,,32816,,,-23.65238925,-46.70869825,,,,2,2023-06-15T16:48:40+00:00
SAO_5111-10,São Paulo,3550308,True,,32816,,,-23.6431665,-46.700297250000006,,,,2,2023-06-15T16:48:36+00:00
SAO_5111-10,São Paulo,3550308,True,,32816,,,-23.54805,-46.629795,,,,2,2023-06-15T16:48:32+00:00
SAO_5111-10,São Paulo,3550308,True,,32816,,,-23.63329175,-46.69288999999999,,,,2,2023-06-15T16:48:47+00:00
SAO_5111-10,São Paulo,3550308,True,,32816,,,-23.550281499999997,-46.636097750000005,,,,2,2023-06-15T16:48:11+00:00
SAO_5111-10,São Paulo,3550308,True,,32816,,,-23.650951499999998,-46.708732,,,,2,2023-06-15T16:48:42+00:00
SAO_9300-10,São Paulo,3550308,True,,32884,,,-23.507376999999998,-46.6661685,,,,2,2023-06-15T16:48:30+00:00
SAO_9300-10,São Paulo,3550308,True,,32884,,,-23.52191275,-46.663771,,,,2,2023-06-15T16:48:43+00:00
SAO_9300-10,São Paulo,3550308,True,,32884,,,-23.539871750000003,-46.639821250000004,,,,2,2023-06-15T16:48:25+00:00
SAO_9300-10,São Paulo,3550308,True,,32884,,,-23.4966235,-46.66229725,,,,2,2023-06-15T16:48:37+00:00
SAO_5701-10,São Paulo,3550308,True,,33904,,,-23.620727875,-46.6915035,,,,2,2023-06-15T16:48:37+00:00
SAO_5701-10,São Paulo,3550308,True,,33904,,,-23.618764499999997,-46.698312,,,,2,2023-06-15T16:48:06+00:00
SAO_5701-10,São Paulo,3550308,True,,33904,,,-23.64810125,-46.64566175,,,,2,2023-06-15T16:48:04+00:00
SAO_5701-10,São Paulo,3550308,True,,33904,,,-23.640152,-46.673806,,,,2,2023-06-15T16:48:21+00:00
SAO_5701-10,São Paulo,3550308,True,,33904,,,-23.65219225,-46.658745749999994,,,,2,2023-06-15T16:48:23+00:00
SAO_5701-10,São Paulo,3550308,True,,33904,,,-23.630218125,-46.676018375,,,,2,2023-06-15T16:48:11+00:00
SAO_5701-10,São Paulo,3550308,True,,33904,,,-23.650011125,-46.660802625,,,,2,2023-06-15T16:48:29+00:00
SAO_5701-10,São Paulo,3550308,True,,33904,,,-23.6491675,-46.646328,,,,2,2023-06-15T16:48:12+00:00
SAO_5701-10,São Paulo,3550308,True,,33904,,,-23.635368,-46.641498,,,,2,2023-06-15T16:48:06+00:00
SAO_3737-31,São Paulo,3550308,True,,34122,,,-23.5309265,-46.516566250000004,,,,2,2023-06-15T16:48:33+00:00
SAO_3737-31,São Paulo,3550308,True,,34122,,,-23.5302815,-46.5166185,,,,2,2023-06-15T16:48:05+00:00
SAO_2726-10,São Paulo,3550308,True,,33708,,,-23.521750750000002,-46.527384999999995,,,,2,2023-06-15T16:48:01+00:00
SAO_2726-10,São Paulo,3550308,True,,33708,,,-23.5077375,-46.4912295,,,,2,2023-06-15T16:48:26+00:00
SAO_2726-10,São Paulo,3550308,True,,33708,,,-23.508566000000002,-46.4683395,,,,2,2023-06-15T16:48:24+00:00
SAO_2726-10,São Paulo,3550308,True,,33708,,,-23.515551,-46.468538499999994,,,,2,2023-06-15T16:48:14+00:00
SAO_2726-10,São Paulo,3550308,True,,33708,,,-23.508325499999998,-46.4684905,,,,2,2023-06-15T16:48:40+00:00
SAO_2726-10,São Paulo,3550308,True,,33708,,,-23.51142925,-46.48767225,,,,2,2023-06-15T16:48:03+00:00
SAO_2726-10,São Paulo,3550308,True,,33708,,,-23.509822,-46.468253999999995,,,,2,2023-06-15T16:48:38+00:00
SAO_2726-10,São Paulo,3550308,True,,33708,,,-23.533234,-46.543972499999995,,,,2,2023-06-15T16:48:33+00:00
SAO_2726-10,São Paulo,3550308,True,,33708,,,-23.52370775,-46.5465455,,,,2,2023-06-15T16:48:44+00:00
SAO_8014-10,São Paulo,3550308,True,,33569,,,-23.446182,-46.7890905,,,,2,2023-06-15T16:48:27+00:00
SAO_8014-10,São Paulo,3550308,True,,33569,,,-23.44624,-46.7890905,,,,2,2023-06-15T16:48:32+00:00
SAO_8014-10,São Paulo,3550308,True,,33569,,,-23.407602,-46.742053,,,,2,2023-06-15T16:48:45+00:00
SAO_8014-10,São Paulo,3550308,True,,33569,,,-23.430245499999998,-46.7871175,,,,2,2023-06-15T16:48:44+00:00
SAO_8014-10,São Paulo,3550308,True,,33569,,,-23.4465085,-46.7892325,,,,2,2023-06-15T16:48:26+00:00
SAO_8014-10,São Paulo,3550308,True,,33569,,,-23.452424,-46.792853,,,,2,2023-06-15T16:48:32+00:00
SAO_8014-10,São Paulo,3550308,True,,33569,,,-23.404254,-46.748392499999994,,,,2,2023-06-15T16:48:16+00:00
SAO_5105-10,São Paulo,3550308,True,,34419,,,-23.5472265,-46.6288135,,,,2,2023-06-15T16:48:29+00:00
SAO_5105-10,São Paulo,3550308,True,,34419,,,-23.556975562499996,-46.6202010625,,,,2,2023-06-15T16:48:41+00:00
SAO_5105-10,São Paulo,3550308,True,,34419,,,-23.5742155,-46.603418,,,,2,2023-06-15T16:48:06+00:00
SAO_5105-10,São Paulo,3550308,True,,34419,,,-23.602994000000002,-46.602816000000004,,,,2,2023-06-15T16:48:17+00:00
SAO_5105-10,São Paulo,3550308,True,,34419,,,-23.5472265,-46.6288135,,,,2,2023-06-15T16:48:20+00:00
SAO_5105-10,São Paulo,3550308,True,,34419,,,-23.59076425,-46.59794925,,,,2,2023-06-15T16:48:44+00:00
SAO_5105-10,São Paulo,3550308,True,,34419,,,-23.6034215,-46.602013,,,,2,2023-06-15T16:48:40+00:00
SAO_5105-10,São Paulo,3550308,True,,34419,,,-23.6034215,-46.602013,,,,2,2023-06-15T16:48:27+00:00
SAO_5105-10,São Paulo,3550308,True,,34419,,,-23.5472265,-46.6288135,,,,2,2023-06-15T16:48:39+00:00
SAO_5105-10,São Paulo,3550308,True,,34419,,,-23.603537,-46.601268000000005,,,,2,2023-06-15T16:48:03+00:00
SAO_9090-10,São Paulo,3550308,True,,33652,,,-23.462843874999997,-46.676674625000004,,,,2,2023-06-15T16:48:03+00:00
SAO_9090-10,São Paulo,3550308,True,,33652,,,-23.462758625,-46.676424874999995,,,,2,2023-06-15T16:48:11+00:00
SAO_9090-10,São Paulo,3550308,True,,33652,,,-23.482215500000002,-46.672433999999996,,,,2,2023-06-15T16:48:42+00:00
SAO_9090-10,São Paulo,3550308,True,,33652,,,-23.46026425,-46.67646499999999,,,,2,2023-06-15T16:47:21+00:00
SAO_807J-10,São Paulo,3550308,True,,2058,,,-23.6214085,-46.6988585,,,,1,2023-06-15T16:48:20+00:00
SAO_807J-10,São Paulo,3550308,True,,2058,,,-23.631701,-46.7721875,,,,1,2023-06-15T16:48:28+00:00
SAO_807J-10,São Paulo,3550308,True,,2058,,,-23.6092245,-46.74801975,,,,1,2023-06-15T16:48:04+00:00
SAO_807J-10,São Paulo,3550308,True,,2058,,,-23.614710000000002,-46.7327535,,,,1,2023-06-15T16:48:26+00:00
SAO_2715-10,São Paulo,3550308,True,,928,,,-23.5305685,-46.501547,,,,1,2023-06-15T16:48:15+00:00
SAO_2715-10,São Paulo,3550308,True,,928,,,-23.50689225,-46.500558625,,,,1,2023-06-15T16:48:34+00:00
SAO_2715-10,São Paulo,3550308,True,,928,,,-23.494761500000003,-46.500461,,,,1,2023-06-15T16:48:12+00:00
SAO_2715-10,São Paulo,3550308,True,,928,,,-23.5133355,-46.50134975,,,,1,2023-06-15T16:48:46+00:00
SAO_2004-10,São Paulo,3550308,True,,892,,,-23.5302655,-46.3955185,,,,1,2023-06-15T16:48:19+00:00
SAO_2004-10,São Paulo,3550308,True,,892,,,-23.519621,-46.383444499999996,,,,1,2023-06-15T16:46:55+00:00
SAO_2004-10,São Paulo,3550308,True,,892,,,-23.5384355,-46.407349499999995,,,,1,2023-06-15T16:48:29+00:00
SAO_2004-10,São Paulo,3550308,True,,892,,,-23.519621,-46.383444499999996,,,,1,2023-06-15T16:48:17+00:00
SAO_2004-10,São Paulo,3550308,True,,892,,,-23.527984500000002,-46.394363999999996,,,,1,2023-06-15T16:48:01+00:00
SAO_2004-10,São Paulo,3550308,True,,892,,,-23.519621,-46.383444499999996,,,,1,2023-06-15T16:48:21+00:00
SAO_9009-10,São Paulo,3550308,True,,33645,,,-23.447998,-46.708507,,,,2,2023-06-15T16:48:05+00:00
SAO_9009-10,São Paulo,3550308,True,,33645,,,-23.4620125,-46.683953,,,,2,2023-06-15T16:48:27+00:00
SAO_9009-10,São Paulo,3550308,True,,33645,,,-23.453188,-46.697041,,,,2,2023-06-15T16:48:32+00:00
SAO_9009-10,São Paulo,3550308,True,,33645,,,-23.447998,-46.708507,,,,2,2023-06-15T16:48:18+00:00
SAO_9009-10,São Paulo,3550308,True,,33645,,,-23.474776,-46.6700495,,,,2,2023-06-15T16:48:34+00:00
SAO_9009-10,São Paulo,3550308,True,,33645,,,-23.447865999999998,-46.708386,,,,2,2023-06-15T16:48:34+00:00
SAO_875H-10,São Paulo,3550308,True,,1340,,,-23.545612,-46.6768255,,,,1,2023-06-15T16:48:09+00:00
SAO_875H-10,São Paulo,3550308,True,,1340,,,-23.519885000000002,-46.700064999999995,,,,1,2023-06-15T16:48:11+00:00
SAO_875H-10,São Paulo,3550308,True,,1340,,,-23.519885000000002,-46.700064999999995,,,,1,2023-06-15T16:48:30+00:00
SAO_875H-10,São Paulo,3550308,True,,1340,,,-23.562789375,-46.654997124999994,,,,1,2023-06-15T16:48:38+00:00
SAO_875H-10,São Paulo,3550308,True,,1340,,,-23.519885000000002,-46.700064999999995,,,,1,2023-06-15T16:48:37+00:00
SAO_875H-10,São Paulo,3550308,True,,1340,,,-23.5301325,-46.6775555,,,,1,2023-06-15T16:48:37+00:00
SAO_746P-10,São Paulo,3550308,True,,788,,,-23.618883500000003,-46.722800500000005,,,,1,2023-06-15T16:48:46+00:00
SAO_746P-10,São Paulo,3550308,True,,788,,,-23.620338,-46.729949500000004,,,,1,2023-06-15T16:48:09+00:00
SAO_746P-10,São Paulo,3550308,True,,788,,,-23.638881875000003,-46.717583375,,,,1,2023-06-15T16:48:07+00:00
SAO_746P-10,São Paulo,3550308,True,,788,,,-23.618063,-46.72137,,,,1,2023-06-15T16:48:21+00:00
SAO_746P-10,São Paulo,3550308,True,,788,,,-23.643456999999998,-46.7356385,,,,1,2023-06-15T16:48:14+00:00
SAO_746P-10,São Paulo,3550308,True,,788,,,-23.630833375,-46.736538125,,,,1,2023-06-15T16:48:32+00:00
SAO_9011-10,São Paulo,3550308,True,,33646,,,-23.459422,-46.6894975,,,,2,2023-06-15T16:48:15+00:00
SAO_9011-10,São Paulo,3550308,True,,33646,,,-23.441999000000003,-46.717254999999994,,,,2,2023-06-15T16:48:25+00:00
SAO_9011-10,São Paulo,3550308,True,,33646,,,-23.473703999999998,-46.669427,,,,2,2023-06-15T16:48:34+00:00
SAO_9011-10,São Paulo,3550308,True,,33646,,,-23.444398,-46.7212725,,,,2,2023-06-15T16:48:45+00:00
SAO_9011-10,São Paulo,3550308,True,,33646,,,-23.4545975,-46.737969500000005,,,,2,2023-06-15T16:48:10+00:00
SAO_9011-10,São Paulo,3550308,True,,33646,,,-23.4544515,-46.7378035,,,,2,2023-06-15T16:47:59+00:00
SAO_9011-10,São Paulo,3550308,True,,33646,,,-23.4543205,-46.7377025,,,,2,2023-06-15T16:48:33+00:00
SAO_4210-10,São Paulo,3550308,True,,2170,,,-23.53642875,-46.5880015,,,,1,2023-06-15T16:48:32+00:00
SAO_4210-10,São Paulo,3550308,True,,2170,,,-23.5358395,-46.572618,,,,1,2023-06-15T16:48:06+00:00
SAO_4210-10,São Paulo,3550308,True,,2170,,,-23.546727,-46.629723999999996,,,,1,2023-06-15T16:48:22+00:00
SAO_4210-10,São Paulo,3550308,True,,2170,,,-23.5941455,-46.4230125,,,,1,2023-06-15T16:48:28+00:00
SAO_4210-10,São Paulo,3550308,True,,2170,,,-23.534827999999997,-46.5482775,,,,1,2023-06-15T16:48:17+00:00
SAO_4210-10,São Paulo,3550308,True,,2170,,,-23.593721,-46.4657235,,,,1,2023-06-15T16:46:20+00:00
SAO_4210-10,São Paulo,3550308,True,,2170,,,-23.5473415,-46.629296499999995,,,,1,2023-06-15T16:48:35+00:00
SAO_4210-10,São Paulo,3550308,True,,2170,,,-23.5833395,-46.407216,,,,1,2023-06-15T16:48:39+00:00
SAO_4210-10,São Paulo,3550308,True,,2170,,,-23.580378625,-46.4131895,,,,1,2023-06-15T16:48:35+00:00
SAO_4006-10,São Paulo,3550308,True,,2180,,,-23.596856,-46.436479,,,,1,2023-06-15T16:48:32+00:00
SAO_4006-10,São Paulo,3550308,True,,2180,,,-23.596856,-46.436479,,,,1,2023-06-15T16:48:07+00:00
SAO_574C-10,São Paulo,3550308,True,,1639,,,-23.6018625,-46.5700175,,,,1,2023-06-15T16:48:46+00:00
SAO_574C-10,São Paulo,3550308,True,,1639,,,-23.6018545,-46.57027,,,,1,2023-06-15T16:48:38+00:00
SAO_574C-10,São Paulo,3550308,True,,1639,,,-23.59876425,-46.518316,,,,1,2023-06-15T16:48:14+00:00
SAO_675K-10,São Paulo,3550308,True,,32966,,,-23.6901525,-46.774198999999996,,,,2,2023-06-15T16:48:23+00:00
SAO_675K-10,São Paulo,3550308,True,,32966,,,-23.643996,-46.7012325,,,,2,2023-06-15T16:48:01+00:00
SAO_675K-10,São Paulo,3550308,True,,32966,,,-23.66730725,-46.72880875,,,,2,2023-06-15T16:48:12+00:00
SAO_675K-10,São Paulo,3550308,True,,32966,,,-23.598398125,-46.642908750000004,,,,2,2023-06-15T16:45:48+00:00
SAO_675K-10,São Paulo,3550308,True,,32966,,,-23.599375000000002,-46.6376455,,,,2,2023-06-15T16:48:23+00:00
SAO_675K-10,São Paulo,3550308,True,,32966,,,-23.684307500000003,-46.770112749999996,,,,2,2023-06-15T16:48:04+00:00
SAO_675K-10,São Paulo,3550308,True,,32966,,,-23.6903555,-46.7743995,,,,2,2023-06-15T16:48:42+00:00
SAO_675K-10,São Paulo,3550308,True,,32966,,,-23.633721,-46.69058475,,,,2,2023-06-15T16:48:24+00:00
SAO_675K-10,São Paulo,3550308,True,,32966,,,-23.6753815,-46.748957,,,,2,2023-06-15T16:48:38+00:00
SAO_675K-10,São Paulo,3550308,True,,32966,,,-23.598283625,-46.65728606249999,,,,2,2023-06-15T16:48:31+00:00
SAO_675K-10,São Paulo,3550308,True,,32966,,,-23.6112515,-46.669534,,,,2,2023-06-15T16:48:41+00:00
SAO_675K-10,São Paulo,3550308,True,,32966,,,-23.631871625000002,-46.688787625,,,,2,2023-06-15T16:48:14+00:00
SAO_675K-10,São Paulo,3550308,True,,32966,,,-23.643822999999998,-46.701106499999995,,,,2,2023-06-15T16:48:35+00:00
SAO_675K-10,São Paulo,3550308,True,,32966,,,-23.6901525,-46.774198999999996,,,,2,2023-06-15T16:48:08+00:00
SAO_675K-10,São Paulo,3550308,True,,32966,,,-23.689751,-46.773829500000005,,,,2,2023-06-15T16:48:34+00:00
SAO_7002-10,São Paulo,3550308,True,,772,,,-23.5689015,-46.697177499999995,,,,1,2023-06-15T16:48:39+00:00
SAO_7002-10,São Paulo,3550308,True,,772,,,-23.55754875,-46.677484875,,,,1,2023-06-15T16:48:25+00:00
SAO_7002-10,São Paulo,3550308,True,,772,,,-23.590482125,-46.771224000000004,,,,1,2023-06-15T16:48:28+00:00
SAO_7002-10,São Paulo,3550308,True,,772,,,-23.5717835,-46.707050249999995,,,,1,2023-06-15T16:48:13+00:00
SAO_7002-10,São Paulo,3550308,True,,772,,,-23.5603,-46.6820635,,,,1,2023-06-15T16:48:25+00:00
SAO_7002-10,São Paulo,3550308,True,,772,,,-23.5743665,-46.715461000000005,,,,1,2023-06-15T16:47:45+00:00
SAO_7002-10,São Paulo,3550308,True,,772,,,-23.570421000000003,-46.698171,,,,1,2023-06-15T16:44:51+00:00
SAO_7002-10,São Paulo,3550308,True,,772,,,-23.5946815,-46.7626645,,,,1,2023-06-15T16:48:38+00:00
SAO_7002-10,São Paulo,3550308,True,,772,,,-23.585786499999998,-46.7470035,,,,1,2023-06-15T16:48:28+00:00
SAO_189L-10,São Paulo,3550308,True,,2450,,,-23.4981625,-46.70692,,,,1,2023-06-15T16:48:37+00:00
SAO_189L-10,São Paulo,3550308,True,,2450,,,-23.486610499999998,-46.710868000000005,,,,1,2023-06-15T16:48:30+00:00
SAO_189L-10,São Paulo,3550308,True,,2450,,,-23.486610499999998,-46.710868000000005,,,,1,2023-06-15T16:48:42+00:00
SAO_2766-10,São Paulo,3550308,True,,33173,,,-23.520581999999997,-46.3893115,,,,2,2023-06-15T16:48:06+00:00
SAO_2766-10,São Paulo,3550308,True,,33173,,,-23.520533,-46.3894665,,,,2,2023-06-15T16:46:43+00:00
SAO_2766-10,São Paulo,3550308,True,,33173,,,-23.5425775,-46.4719335,,,,2,2023-06-15T16:48:07+00:00
SAO_2766-10,São Paulo,3550308,True,,33173,,,-23.531987,-46.45337675,,,,2,2023-06-15T16:48:05+00:00
SAO_2766-10,São Paulo,3550308,True,,33173,,,-23.5205485,-46.3895395,,,,2,2023-06-15T16:48:28+00:00
SAO_2766-10,São Paulo,3550308,True,,33173,,,-23.4976955,-46.442229499999996,,,,2,2023-06-15T16:48:17+00:00
SAO_2766-10,São Paulo,3550308,True,,33173,,,-23.496636125,-46.40131925,,,,2,2023-06-15T16:48:37+00:00
SAO_2766-10,São Paulo,3550308,True,,33173,,,-23.520543500000002,-46.389382499999996,,,,2,2023-06-15T16:48:25+00:00
SAO_2766-10,São Paulo,3550308,True,,33173,,,-23.5425775,-46.4719335,,,,2,2023-06-15T16:47:15+00:00
SAO_2766-10,São Paulo,3550308,True,,33173,,,-23.520578,-46.389579999999995,,,,2,2023-06-15T16:45:34+00:00
SAO_677A-10,São Paulo,3550308,True,,1239,,,-23.590813,-46.688639499999994,,,,1,2023-06-15T16:48:28+00:00
SAO_677A-10,São Paulo,3550308,True,,1239,,,-23.595534,-46.69053475,,,,1,2023-06-15T16:48:39+00:00
SAO_677A-10,São Paulo,3550308,True,,1239,,,-23.678915250000003,-46.7633535,,,,1,2023-06-15T16:45:44+00:00
SAO_677A-10,São Paulo,3550308,True,,1239,,,-23.590926500000002,-46.68782775,,,,1,2023-06-15T16:48:26+00:00
SAO_677A-10,São Paulo,3550308,True,,1239,,,-23.61724975,-46.699357625000005,,,,1,2023-06-15T16:48:37+00:00
SAO_677A-10,São Paulo,3550308,True,,1239,,,-23.628955999999995,-46.712682,,,,1,2023-06-15T16:48:30+00:00
SAO_677A-10,São Paulo,3550308,True,,1239,,,-23.5907515,-46.688405,,,,1,2023-06-15T16:48:33+00:00
SAO_677A-10,São Paulo,3550308,True,,1239,,,-23.651622,-46.7225,,,,1,2023-06-15T16:48:37+00:00
SAO_677A-10,São Paulo,3550308,True,,1239,,,-23.590847500000002,-46.68808525,,,,1,2023-06-15T16:48:45+00:00
SAO_677A-10,São Paulo,3550308,True,,1239,,,-23.67594,-46.753428,,,,1,2023-06-15T16:48:40+00:00
SAO_609F-21,São Paulo,3550308,True,BR7 Mobilidade,38,https://moovitapp.com/index/pt-br/transporte_p%C3%BAblico-line-38-Sao_Paulo-242-851856-587254-0,5.75,-23.5812105,-46.68422325,,,,1,2023-06-15T16:48:08+00:00
SAO_609F-21,São Paulo,3550308,True,BR7 Mobilidade,38,https://moovitapp.com/index/pt-br/transporte_p%C3%BAblico-line-38-Sao_Paulo-242-851856-587254-0,5.75,-23.667388,-46.752701,,,,1,2023-06-15T16:48:33+00:00
SAO_609F-21,São Paulo,3550308,True,BR7 Mobilidade,38,https://moovitapp.com/index/pt-br/transporte_p%C3%BAblico-line-38-Sao_Paulo-242-851856-587254-0,5.75,-23.6618045,-46.752838,,,,1,2023-06-15T16:48:36+00:00
SAO_414P-10,São Paulo,3550308,True,,1105,,,-23.610801000000002,-46.5299455,,,,1,2023-06-15T16:48:25+00:00
SAO_414P-10,São Paulo,3550308,True,,1105,,,-23.535363,-46.5700175,,,,1,2023-06-15T16:48:33+00:00
SAO_414P-10,São Paulo,3550308,True,,1105,,,-23.5493575,-46.565411375,,,,1,2023-06-15T16:48:27+00:00
SAO_414P-10,São Paulo,3550308,True,,1105,,,-23.5995065,-46.529218,,,,1,2023-06-15T16:48:38+00:00
SAO_414P-10,São Paulo,3550308,True,,1105,,,-23.557012,-46.5533755,,,,1,2023-06-15T16:48:36+00:00
SAO_8030-10,São Paulo,3550308,True,,35330,,,-23.62322075,-46.728378,,,,2,2023-06-15T16:48:23+00:00
SAO_8030-10,São Paulo,3550308,True,,35330,,,-23.606447875,-46.72853025,,,,2,2023-06-15T16:48:44+00:00
SAO_8030-10,São Paulo,3550308,True,,35330,,,-23.61481375,-46.73195200000001,,,,2,2023-06-15T16:48:10+00:00
SAO_3053-10,São Paulo,3550308,True,,33741,,,-23.585767500000003,-46.4949725,,,,2,2023-06-15T16:48:37+00:00
SAO_3053-10,São Paulo,3550308,True,,33741,,,-23.5904735,-46.505801125,,,,2,2023-06-15T16:48:38+00:00
SAO_3053-10,São Paulo,3550308,True,,33741,,,-23.58125,-46.537955,,,,2,2023-06-15T16:48:37+00:00
SAO_3053-10,São Paulo,3550308,True,,33741,,,-23.584741,-46.495041,,,,2,2023-06-15T16:48:32+00:00
SAO_3053-10,São Paulo,3550308,True,,33741,,,-23.553317999999997,-46.58455175,,,,2,2023-06-15T16:47:33+00:00
SAO_3053-10,São Paulo,3550308,True,,33741,,,-23.585588,-46.4950305,,,,2,2023-06-15T16:48:40+00:00
SAO_3053-10,São Paulo,3550308,True,,33741,,,-23.585865,-46.4949845,,,,2,2023-06-15T16:48:24+00:00
SAO_3053-10,São Paulo,3550308,True,,33741,,,-23.584741,-46.495041,,,,2,2023-06-15T16:48:13+00:00
SAO_3053-10,São Paulo,3550308,True,,33741,,,-23.553369500000002,-46.57887,,,,2,2023-06-15T16:48:27+00:00
SAO_3745-10,São Paulo,3550308,True,,1044,,,-23.54353975,-46.5665165,,,,1,2023-06-15T16:48:07+00:00
SAO_3745-10,São Paulo,3550308,True,,1044,,,-23.560699999999997,-46.535389,,,,1,2023-06-15T16:48:17+00:00
SAO_3745-10,São Paulo,3550308,True,,1044,,,-23.547155,-46.54071462500001,,,,1,2023-06-15T16:48:07+00:00
SAO_3745-10,São Paulo,3550308,True,,1044,,,-23.58888,-46.5006235,,,,1,2023-06-15T16:48:32+00:00
SAO_3745-10,São Paulo,3550308,True,,1044,,,-23.5824865,-46.5238335,,,,1,2023-06-15T16:48:25+00:00
SAO_6835-31,São Paulo,3550308,True,,1407,,,-23.692114,-46.7953115,,,,1,2023-06-15T16:48:20+00:00
SAO_6835-31,São Paulo,3550308,True,,1407,,,-23.667064,-46.772805000000005,,,,1,2023-06-15T16:48:37+00:00
SAO_1178-10,São Paulo,3550308,True,,132,,,-23.527673999999998,-46.58515375,,,,1,2023-06-15T16:48:05+00:00
SAO_1178-10,São Paulo,3550308,True,,132,,,-23.518407,-46.625207125,,,,1,2023-06-15T16:48:10+00:00
SAO_1178-10,São Paulo,3550308,True,,132,,,-23.498266,-46.4572045,,,,1,2023-06-15T16:42:07+00:00
SAO_1178-10,São Paulo,3550308,True,,132,,,-23.486677,-46.503778499999996,,,,1,2023-06-15T16:48:42+00:00
SAO_1178-10,São Paulo,3550308,True,,132,,,-23.51936825,-46.630224999999996,,,,1,2023-06-15T16:48:02+00:00
SAO_1178-10,São Paulo,3550308,True,,132,,,-23.504322000000002,-46.433214,,,,1,2023-06-15T16:48:44+00:00
SAO_1178-10,São Paulo,3550308,True,,132,,,-23.521204,-46.558398999999994,,,,1,2023-06-15T16:48:17+00:00
SAO_475R-10,São Paulo,3550308,True,,33112,,,-23.5470345,-46.6298525,,,,2,2023-06-15T16:48:18+00:00
SAO_475R-10,São Paulo,3550308,True,,33112,,,-23.595975,-46.6424815,,,,2,2023-06-15T16:48:15+00:00
SAO_475R-10,São Paulo,3550308,True,,33112,,,-23.57859,-46.651092,,,,2,2023-06-15T16:48:16+00:00
SAO_475R-10,São Paulo,3550308,True,,33112,,,-23.5470345,-46.6298525,,,,2,2023-06-15T16:48:16+00:00
SAO_475R-10,São Paulo,3550308,True,,33112,,,-23.59849825,-46.638568750000005,,,,2,2023-06-15T16:48:06+00:00
SAO_475R-10,São Paulo,3550308,True,,33112,,,-23.5517905,-46.6373745,,,,2,2023-06-15T16:48:18+00:00
SAO_475R-10,São Paulo,3550308,True,,33112,,,-23.580848500000002,-46.650059,,,,2,2023-06-15T16:48:02+00:00
SAO_475R-10,São Paulo,3550308,True,,33112,,,-23.653473499999997,-46.608090000000004,,,,2,2023-06-15T16:48:03+00:00
SAO_475R-10,São Paulo,3550308,True,,33112,,,-23.64133825,-46.627289000000005,,,,2,2023-06-15T16:48:45+00:00
SAO_475R-10,São Paulo,3550308,True,,33112,,,-23.5625135,-46.6451265,,,,2,2023-06-15T16:48:45+00:00
SAO_475R-10,São Paulo,3550308,True,,33112,,,-23.6533875,-46.6079955,,,,2,2023-06-15T16:48:45+00:00
SAO_475R-10,São Paulo,3550308,True,,33112,,,-23.651465,-46.6199435,,,,2,2023-06-15T16:47:48+00:00
SAO_475R-10,São Paulo,3550308,True,,33112,,,-23.6537185,-46.608308,,,,2,2023-06-15T16:48:42+00:00
SAO_4032-10,São Paulo,3550308,True,,1102,,,-23.598979999999997,-46.6454615,,,,1,2023-06-15T16:48:13+00:00
SAO_4032-10,São Paulo,3550308,True,,1102,,,-23.628401,-46.6002985,,,,1,2023-06-15T16:48:31+00:00
SAO_4032-10,São Paulo,3550308,True,,1102,,,-23.62483675,-46.62605025,,,,1,2023-06-15T16:48:19+00:00
SAO_778J-10,São Paulo,3550308,True,,33276,,,-23.574813,-46.7299455,,,,2,2023-06-15T16:48:23+00:00
SAO_778J-10,São Paulo,3550308,True,,33276,,,-23.525571499999998,-46.6716545,,,,2,2023-06-15T16:48:14+00:00
SAO_778J-10,São Paulo,3550308,True,,33276,,,-23.586923,-46.7897105,,,,2,2023-06-15T16:48:16+00:00
SAO_778J-10,São Paulo,3550308,True,,33276,,,-23.574828,-46.76181725,,,,2,2023-06-15T16:48:16+00:00
SAO_648P-10,São Paulo,3550308,True,,32834,,,-23.586957375,-46.68249725,,,,2,2023-06-15T16:48:07+00:00
SAO_648P-10,São Paulo,3550308,True,,32834,,,-23.567616375,-46.6967335,,,,2,2023-06-15T16:48:20+00:00
SAO_648P-10,São Paulo,3550308,True,,32834,,,-23.654660999999997,-46.7609705,,,,2,2023-06-15T16:48:08+00:00
SAO_342N-10,São Paulo,3550308,True,,1003,,,-23.54239425,-46.41653925,,,,1,2023-06-15T16:48:29+00:00
SAO_342N-10,São Paulo,3550308,True,,1003,,,-23.568459,-46.396579,,,,1,2023-06-15T16:48:17+00:00
SAO_172U-10,São Paulo,3550308,True,,860,,,-23.53931525,-46.6086885,,,,1,2023-06-15T16:48:14+00:00
SAO_172U-10,São Paulo,3550308,True,,860,,,-23.535485,-46.62689175,,,,1,2023-06-15T16:46:21+00:00
SAO_172U-10,São Paulo,3550308,True,,860,,,-23.479685,-46.6114135,,,,1,2023-06-15T16:48:45+00:00
SAO_172U-10,São Paulo,3550308,True,,860,,,-23.53580675,-46.624911749999995,,,,1,2023-06-15T16:48:05+00:00
SAO_172U-10,São Paulo,3550308,True,,860,,,-23.566899499999998,-46.587535,,,,1,2023-06-15T16:48:46+00:00
SAO_172U-10,São Paulo,3550308,True,,860,,,-23.576000999999998,-46.5784125,,,,1,2023-06-15T16:48:15+00:00
SAO_172U-10,São Paulo,3550308,True,,860,,,-23.44281925,-46.5898795,,,,1,2023-06-15T16:48:43+00:00
SAO_172U-10,São Paulo,3550308,True,,860,,,-23.575955999999998,-46.5786795,,,,1,2023-06-15T16:48:45+00:00
SAO_172U-10,São Paulo,3550308,True,,860,,,-23.4793745,-46.607904000000005,,,,1,2023-06-15T16:48:41+00:00
SAO_199D-10,São Paulo,3550308,True,,34903,,,-23.513012500000002,-46.7040775,,,,2,2023-06-15T16:48:31+00:00
SAO_199D-10,São Paulo,3550308,True,,34903,,,-23.563501375,-46.68741425,,,,2,2023-06-15T16:48:16+00:00
SAO_199D-10,São Paulo,3550308,True,,34903,,,-23.543410625,-46.68392475,,,,2,2023-06-15T16:48:41+00:00
SAO_199D-10,São Paulo,3550308,True,,34903,,,-23.4950975,-46.708262000000005,,,,2,2023-06-15T16:48:29+00:00
SAO_199D-10,São Paulo,3550308,True,,34903,,,-23.486155500000002,-46.710619,,,,2,2023-06-15T16:48:06+00:00
SAO_199D-10,São Paulo,3550308,True,,34903,,,-23.534045499999998,-46.6979745,,,,2,2023-06-15T16:48:22+00:00
SAO_208V-10,São Paulo,3550308,True,Rápido Campinas,207,https://moovitapp.com/index/pt-br/transporte_p%C3%BAblico-line-207-Sao_Paulo-242-858660-638984-0,5.3,-23.5380105,-46.598118625,,,,1,2023-06-15T16:48:05+00:00
SAO_208V-10,São Paulo,3550308,True,Rápido Campinas,207,https://moovitapp.com/index/pt-br/transporte_p%C3%BAblico-line-207-Sao_Paulo-242-858660-638984-0,5.3,-23.547219,-46.6295935,,,,1,2023-06-15T16:48:20+00:00
SAO_208V-10,São Paulo,3550308,True,Rápido Campinas,207,https://moovitapp.com/index/pt-br/transporte_p%C3%BAblico-line-207-Sao_Paulo-242-858660-638984-0,5.3,-23.5358395,-46.572618,,,,1,2023-06-15T16:48:19+00:00
SAO_208V-10,São Paulo,3550308,True,Rápido Campinas,207,https://moovitapp.com/index/pt-br/transporte_p%C3%BAblico-line-207-Sao_Paulo-242-858660-638984-0,5.3,-23.547219,-46.6295935,,,,1,2023-06-15T16:48:33+00:00
SAO_208V-10,São Paulo,3550308,True,Rápido Campinas,207,https://moovitapp.com/index/pt-br/transporte_p%C3%BAblico-line-207-Sao_Paulo-242-858660-638984-0,5.3,-23.5113575,-46.5101885,,,,1,2023-06-15T16:48:18+00:00
SAO_208V-10,São Paulo,3550308,True,Rápido Campinas,207,https://moovitapp.com/index/pt-br/transporte_p%C3%BAblico-line-207-Sao_Paulo-242-858660-638984-0,5.3,-23.52137775,-46.54647,,,,1,2023-06-15T16:48:44+00:00
SAO_675G-10,São Paulo,3550308,True,,32874,,,-23.716895,-46.699312750000004,,,,2,2023-06-15T16:48:41+00:00
SAO_675G-10,São Paulo,3550308,True,,32874,,,-23.660307500000002,-46.679528000000005,,,,2,2023-06-15T16:48:36+00:00
SAO_675G-10,São Paulo,3550308,True,,32874,,,-23.743226,-46.669959500000004,,,,2,2023-06-15T16:48:29+00:00
SAO_675G-10,São Paulo,3550308,True,,32874,,,-23.743226,-46.669959500000004,,,,2,2023-06-15T16:48:42+00:00
SAO_675G-10,São Paulo,3550308,True,,32874,,,-23.736480999999998,-46.69416675,,,,2,2023-06-15T16:48:06+00:00
SAO_675G-10,São Paulo,3550308,True,,32874,,,-23.755181625,-46.671980624999996,,,,2,2023-06-15T16:48:25+00:00
SAO_675G-10,São Paulo,3550308,True,,32874,,,-23.742955000000002,-46.665304875000004,,,,2,2023-06-15T16:48:04+00:00
SAO_675G-10,São Paulo,3550308,True,,32874,,,-23.7527285,-46.683296,,,,2,2023-06-15T16:48:34+00:00
SAO_675G-10,São Paulo,3550308,True,,32874,,,-23.743226,-46.669959500000004,,,,2,2023-06-15T16:48:37+00:00
SAO_675G-10,São Paulo,3550308,True,,32874,,,-23.644925,-46.6490885,,,,2,2023-06-15T16:48:25+00:00
SAO_407R-10,São Paulo,3550308,True,,2201,,,-23.558462,-46.5226175,,,,1,2023-06-15T16:48:02+00:00
SAO_407R-10,São Paulo,3550308,True,,2201,,,-23.558462,-46.5226175,,,,1,2023-06-15T16:48:34+00:00
SAO_407R-10,São Paulo,3550308,True,,2201,,,-23.5428375,-46.587731000000005,,,,1,2023-06-15T16:48:09+00:00
SAO_407R-10,São Paulo,3550308,True,,2201,,,-23.558462,-46.5226175,,,,1,2023-06-15T16:48:07+00:00
SAO_407R-10,São Paulo,3550308,True,,2201,,,-23.558462,-46.5226175,,,,1,2023-06-15T16:48:44+00:00
SAO_407R-10,São Paulo,3550308,True,,2201,,,-23.562192,-46.561119,,,,1,2023-06-15T16:48:16+00:00
SAO_407R-10,São Paulo,3550308,True,,2201,,,-23.572545,-46.5324905,,,,1,2023-06-15T16:48:30+00:00
SAO_1017-10,São Paulo,3550308,True,,34909,,,-23.413556,-46.7508775,,,,2,2023-06-15T16:48:43+00:00
SAO_1017-10,São Paulo,3550308,True,,34909,,,-23.412292,-46.7508115,,,,2,2023-06-15T16:48:22+00:00
SAO_1017-10,São Paulo,3550308,True,,34909,,,-23.413953499999998,-46.750866,,,,2,2023-06-15T16:48:08+00:00
SAO_1017-10,São Paulo,3550308,True,,34909,,,-23.4134225,-46.7508335,,,,2,2023-06-15T16:48:12+00:00
SAO_1017-10,São Paulo,3550308,True,,34909,,,-23.4050645,-46.751902,,,,2,2023-06-15T16:48:42+00:00
SAO_1017-10,São Paulo,3550308,True,,34909,,,-23.444650375000002,-46.717189625,,,,2,2023-06-15T16:48:47+00:00
SAO_1017-10,São Paulo,3550308,True,,34909,,,-23.4125245,-46.7508325,,,,2,2023-06-15T16:48:21+00:00
SAO_1017-10,São Paulo,3550308,True,,34909,,,-23.4136605,-46.750937,,,,2,2023-06-15T16:48:37+00:00
SAO_1017-10,São Paulo,3550308,True,,34909,,,-23.4571295,-46.714254999999994,,,,2,2023-06-15T16:48:23+00:00
SAO_1017-10,São Paulo,3550308,True,,34909,,,-23.413003500000002,-46.750893,,,,2,2023-06-15T16:48:33+00:00
SAO_701A-10,São Paulo,3550308,True,,689,,,-23.539877500000003,-46.6155275,,,,1,2023-06-15T16:48:43+00:00
SAO_701A-10,São Paulo,3550308,True,,689,,,-23.5468295,-46.6903115,,,,1,2023-06-15T16:48:29+00:00
SAO_701A-10,São Paulo,3550308,True,,689,,,-23.55592125,-46.69022875,,,,1,2023-06-15T16:48:20+00:00
SAO_701A-10,São Paulo,3550308,True,,689,,,-23.535477875,-46.6176715,,,,1,2023-06-15T16:48:40+00:00
SAO_701A-10,São Paulo,3550308,True,,689,,,-23.4756445,-46.5689625,,,,1,2023-06-15T16:48:06+00:00
SAO_701A-10,São Paulo,3550308,True,,689,,,-23.5081235,-46.589009,,,,1,2023-06-15T16:48:15+00:00
SAO_701A-10,São Paulo,3550308,True,,689,,,-23.5448285,-46.6433995,,,,1,2023-06-15T16:48:03+00:00
SAO_5131-10,São Paulo,3550308,True,,34050,,,-23.662461999999998,-46.669380000000004,,,,2,2023-06-15T16:48:03+00:00
SAO_5131-10,São Paulo,3550308,True,,34050,,,-23.548674000000002,-46.629608749999996,,,,2,2023-06-15T16:48:38+00:00
SAO_5131-10,São Paulo,3550308,True,,34050,,,-23.626082625,-46.687251375,,,,2,2023-06-15T16:48:25+00:00
SAO_5131-10,São Paulo,3550308,True,,34050,,,-23.5779285,-46.660012249999994,,,,2,2023-06-15T16:48:24+00:00
SAO_5131-10,São Paulo,3550308,True,,34050,,,-23.5779285,-46.660012249999994,,,,2,2023-06-15T16:48:14+00:00
SAO_139A-10,São Paulo,3550308,True,,35219,,,-23.5016995,-46.7061095,,,,2,2023-06-15T16:48:17+00:00
SAO_139A-10,São Paulo,3550308,True,,35219,,,-23.486026000000003,-46.710671500000004,,,,2,2023-06-15T16:48:29+00:00
SAO_139A-10,São Paulo,3550308,True,,35219,,,-23.4861205,-46.710727500000004,,,,2,2023-06-15T16:48:00+00:00
SAO_6505-10,São Paulo,3550308,True,,1450,,,-23.65687525,-46.7063055,,,,1,2023-06-15T16:48:07+00:00
SAO_6505-10,São Paulo,3550308,True,,1450,,,-23.644592125000003,-46.700327,,,,1,2023-06-15T16:48:47+00:00
SAO_6505-10,São Paulo,3550308,True,,1450,,,-23.668707,-46.7352225,,,,1,2023-06-15T16:48:33+00:00
SAO_6505-10,São Paulo,3550308,True,,1450,,,-23.601336,-46.674026,,,,1,2023-06-15T16:48:20+00:00
SAO_6505-10,São Paulo,3550308,True,,1450,,,-23.59107125,-46.672537500000004,,,,1,2023-06-15T16:48:04+00:00
SAO_6505-10,São Paulo,3550308,True,,1450,,,-23.668707,-46.7352225,,,,1,2023-06-15T16:48:31+00:00
SAO_6505-10,São Paulo,3550308,True,,1450,,,-23.549181500000003,-46.639155,,,,1,2023-06-15T16:48:41+00:00
SAO_6505-10,São Paulo,3550308,True,,1450,,,-23.668707,-46.7352225,,,,1,2023-06-15T16:48:13+00:00
SAO_6505-10,São Paulo,3550308,True,,1450,,,-23.668707,-46.7352225,,,,1,2023-06-15T16:48:17+00:00
SAO_6505-10,São Paulo,3550308,True,,1450,,,-23.666610749999997,-46.720212499999995,,,,1,2023-06-15T16:48:12+00:00
SAO_6505-10,São Paulo,3550308,True,,1450,,,-23.666105625,-46.71542975,,,,1,2023-06-15T16:48:13+00:00
SAO_6505-10,São Paulo,3550308,True,,1450,,,-23.668707,-46.7352225,,,,1,2023-06-15T16:48:43+00:00
SAO_6505-10,São Paulo,3550308,True,,1450,,,-23.573214125,-46.665908,,,,1,2023-06-15T16:48:33+00:00
SAO_958P-10,São Paulo,3550308,True,,465,,,-23.483893000000002,-46.7521825,,,,1,2023-06-15T16:48:27+00:00
SAO_958P-10,São Paulo,3550308,True,,465,,,-23.59616325,-46.691351,,,,1,2023-06-15T16:48:20+00:00
SAO_958P-10,São Paulo,3550308,True,,465,,,-23.5745605,-46.688671,,,,1,2023-06-15T16:48:14+00:00
SAO_958P-10,São Paulo,3550308,True,,465,,,-23.529273250000003,-46.732459874999996,,,,1,2023-06-15T16:48:36+00:00
SAO_516N-10,São Paulo,3550308,True,EMTU,266,https://moovitapp.com/index/pt-br/transporte_p%C3%BAblico-line-266-Sao_Paulo-242-2038937-36419376-0,6.8,-23.68527075,-46.6332995,,,,1,2023-06-15T16:48:36+00:00
SAO_516N-10,São Paulo,3550308,True,EMTU,266,https://moovitapp.com/index/pt-br/transporte_p%C3%BAblico-line-266-Sao_Paulo-242-2038937-36419376-0,6.8,-23.649657124999997,-46.669983,,,,1,2023-06-15T16:48:27+00:00
SAO_516N-10,São Paulo,3550308,True,EMTU,266,https://moovitapp.com/index/pt-br/transporte_p%C3%BAblico-line-266-Sao_Paulo-242-2038937-36419376-0,6.8,-23.595483,-46.6730785,,,,1,2023-06-15T16:48:26+00:00
SAO_516N-10,São Paulo,3550308,True,EMTU,266,https://moovitapp.com/index/pt-br/transporte_p%C3%BAblico-line-266-Sao_Paulo-242-2038937-36419376-0,6.8,-23.6931965,-46.6449845,,,,1,2023-06-15T16:48:08+00:00
SAO_516N-10,São Paulo,3550308,True,EMTU,266,https://moovitapp.com/index/pt-br/transporte_p%C3%BAblico-line-266-Sao_Paulo-242-2038937-36419376-0,6.8,-23.59082175,-46.6725005,,,,1,2023-06-15T16:48:33+00:00
SAO_516N-10,São Paulo,3550308,True,EMTU,266,https://moovitapp.com/index/pt-br/transporte_p%C3%BAblico-line-266-Sao_Paulo-242-2038937-36419376-0,6.8,-23.631581,-46.68256975,,,,1,2023-06-15T16:48:45+00:00
SAO_516N-10,São Paulo,3550308,True,EMTU,266,https://moovitapp.com/index/pt-br/transporte_p%C3%BAblico-line-266-Sao_Paulo-242-2038937-36419376-0,6.8,-23.670641,-46.647064,,,,1,2023-06-15T16:48:30+00:00
SAO_516N-10,São Paulo,3550308,True,EMTU,266,https://moovitapp.com/index/pt-br/transporte_p%C3%BAblico-line-266-Sao_Paulo-242-2038937-36419376-0,6.8,-23.661416000000003,-46.662572499999996,,,,1,2023-06-15T16:48:13+00:00
SAO_607C-10,São Paulo,3550308,True,,34745,,,-23.5897885,-46.6880525,,,,2,2023-06-15T16:48:21+00:00
SAO_607C-10,São Paulo,3550308,True,,34745,,,-23.61368975,-46.696019,,,,2,2023-06-15T16:48:42+00:00
SAO_607C-10,São Paulo,3550308,True,,34745,,,-23.689499,-46.635158000000004,,,,2,2023-06-15T16:48:05+00:00
SAO_607C-10,São Paulo,3550308,True,,34745,,,-23.60138775,-46.6915525,,,,2,2023-06-15T16:48:38+00:00
SAO_607C-10,São Paulo,3550308,True,,34745,,,-23.664911,-46.659076999999996,,,,2,2023-06-15T16:48:37+00:00
SAO_607C-10,São Paulo,3550308,True,,34745,,,-23.6721485,-46.645281999999995,,,,2,2023-06-15T16:48:26+00:00
SAO_607C-10,São Paulo,3550308,True,,34745,,,-23.678661499999997,-46.640864500000006,,,,2,2023-06-15T16:48:01+00:00
SAO_607C-10,São Paulo,3550308,True,,34745,,,-23.617715500000003,-46.697503624999996,,,,2,2023-06-15T16:48:43+00:00
SAO_607C-10,São Paulo,3550308,True,,34745,,,-23.60885975,-46.69427075,,,,2,2023-06-15T16:48:35+00:00
SAO_607C-10,São Paulo,3550308,True,,34745,,,-23.6744245,-46.642954,,,,2,2023-06-15T16:48:23+00:00
SAO_607C-10,São Paulo,3550308,True,,34745,,,-23.637315,-46.6773475,,,,2,2023-06-15T16:48:40+00:00
SAO_607C-10,São Paulo,3550308,True,,34745,,,-23.678445,-46.641012,,,,2,2023-06-15T16:48:26+00:00
SAO_607C-10,São Paulo,3550308,True,,34745,,,-23.5926915,-46.6892595,,,,2,2023-06-15T16:48:33+00:00
SAO_607C-10,São Paulo,3550308,True,,34745,,,-23.652300500000003,-46.66928475,,,,2,2023-06-15T16:48:15+00:00
SAO_607C-10,São Paulo,3550308,True,,34745,,,-23.5931855,-46.6892985,,,,2,2023-06-15T16:48:43+00:00
SAO_607C-10,São Paulo,3550308,True,,34745,,,-23.667579500000002,-46.6533235,,,,2,2023-06-15T16:48:41+00:00
SAO_607C-10,São Paulo,3550308,True,,34745,,,-23.673467000000002,-46.643597,,,,2,2023-06-15T16:48:18+00:00
SAO_607C-10,São Paulo,3550308,True,,34745,,,-23.6882825,-46.6342525,,,,2,2023-06-15T16:48:34+00:00
SAO_607C-10,São Paulo,3550308,True,,34745,,,-23.629526,-46.6848125,,,,2,2023-06-15T16:48:30+00:00
SAO_607C-10,São Paulo,3550308,True,,34745,,,-23.674775,-46.642773000000005,,,,2,2023-06-15T16:48:19+00:00
SAO_607C-10,São Paulo,3550308,True,,34745,,,-23.687671,-46.6335915,,,,2,2023-06-15T16:48:24+00:00
SAO_607C-10,São Paulo,3550308,True,,34745,,,-23.68922,-46.635029,,,,2,2023-06-15T16:48:06+00:00
SAO_2732-10,São Paulo,3550308,True,,947,,,-23.5402155,-46.483134,,,,1,2023-06-15T16:48:16+00:00
SAO_2732-10,São Paulo,3550308,True,,947,,,-23.5402155,-46.483134,,,,1,2023-06-15T16:48:37+00:00
SAO_2732-10,São Paulo,3550308,True,,947,,,-23.5369655,-46.4752435,,,,1,2023-06-15T16:48:16+00:00
SAO_2732-10,São Paulo,3550308,True,,947,,,-23.529833500000002,-46.4594935,,,,1,2023-06-15T16:48:33+00:00
SAO_211L-10,São Paulo,3550308,True,,35033,,,-23.482353500000002,-46.630331,,,,2,2023-06-15T16:48:39+00:00
SAO_211L-10,São Paulo,3550308,True,,35033,,,-23.4826065,-46.6307425,,,,2,2023-06-15T16:48:33+00:00
SAO_211L-10,São Paulo,3550308,True,,35033,,,-23.504314,-46.6861725,,,,2,2023-06-15T16:48:04+00:00
SAO_211L-10,São Paulo,3550308,True,,35033,,,-23.4825085,-46.630541,,,,2,2023-06-15T16:48:35+00:00
SAO_211L-10,São Paulo,3550308,True,,35033,,,-23.466718,-46.639987,,,,2,2023-06-15T16:48:35+00:00
SAO_1178-10,São Paulo,3550308,True,,32900,,,-23.519943249999997,-46.627584,,,,2,2023-06-15T16:48:25+00:00
SAO_1178-10,São Paulo,3550308,True,,32900,,,-23.482864999999997,-46.492734999999996,,,,2,2023-06-15T16:43:32+00:00
SAO_1178-10,São Paulo,3550308,True,,32900,,,-23.5033745,-46.4312805,,,,2,2023-06-15T16:48:11+00:00
SAO_1178-10,São Paulo,3550308,True,,32900,,,-23.4846215,-46.496114,,,,2,2023-06-15T16:40:34+00:00
SAO_1178-10,São Paulo,3550308,True,,32900,,,-23.519723125,-46.546817625,,,,2,2023-06-15T16:48:38+00:00
SAO_1178-10,São Paulo,3550308,True,,32900,,,-23.50407775,-46.432106250000004,,,,2,2023-06-15T16:48:36+00:00
SAO_1178-10,São Paulo,3550308,True,,32900,,,-23.493579750000002,-46.44058475,,,,2,2023-06-15T16:48:40+00:00
SAO_407N-10,São Paulo,3550308,True,,34937,,,-23.534,-46.5424035,,,,2,2023-06-15T16:44:04+00:00
SAO_407N-10,São Paulo,3550308,True,,34937,,,-23.595723500000002,-46.437953750000005,,,,2,2023-06-15T16:48:00+00:00
SAO_407N-10,São Paulo,3550308,True,,34937,,,-23.5867595,-46.4148405,,,,2,2023-06-15T16:48:41+00:00
SAO_407N-10,São Paulo,3550308,True,,34937,,,-23.534,-46.5424035,,,,2,2023-06-15T16:48:44+00:00
SAO_407N-10,São Paulo,3550308,True,,34937,,,-23.5541725,-46.518260500000004,,,,2,2023-06-15T16:48:35+00:00
SAO_407N-10,São Paulo,3550308,True,,34937,,,-23.5830225,-46.4086875,,,,2,2023-06-15T16:47:32+00:00
SAO_407N-10,São Paulo,3550308,True,,34937,,,-23.5984475,-46.45984,,,,2,2023-06-15T16:48:05+00:00
SAO_407N-10,São Paulo,3550308,True,,34937,,,-23.573918,-46.504014,,,,2,2023-06-15T16:48:08+00:00
SAO_407N-10,São Paulo,3550308,True,,34937,,,-23.534,-46.5424035,,,,2,2023-06-15T16:48:29+00:00
SAO_407N-10,São Paulo,3550308,True,,34937,,,-23.53671025,-46.537451250000004,,,,2,2023-06-15T16:48:13+00:00
SAO_675M-10,São Paulo,3550308,True,,32876,,,-23.6422955,-46.6509275,,,,2,2023-06-15T16:48:10+00:00
SAO_675M-10,São Paulo,3550308,True,,32876,,,-23.720467499999998,-46.676809000000006,,,,2,2023-06-15T16:48:06+00:00
SAO_675M-10,São Paulo,3550308,True,,32876,,,-23.677945,-46.6837225,,,,2,2023-06-15T16:48:33+00:00
SAO_675M-10,São Paulo,3550308,True,,32876,,,-23.726286,-46.6859945,,,,2,2023-06-15T16:48:03+00:00
SAO_675M-10,São Paulo,3550308,True,,32876,,,-23.720974499999997,-46.6767225,,,,2,2023-06-15T16:48:32+00:00
SAO_3734-10,São Paulo,3550308,True,,33802,,,-23.5495205,-46.483318,,,,2,2023-06-15T16:48:17+00:00
SAO_3734-10,São Paulo,3550308,True,,33802,,,-23.5570895,-46.471954499999995,,,,2,2023-06-15T16:48:06+00:00
SAO_3734-10,São Paulo,3550308,True,,33802,,,-23.552827,-46.472971,,,,2,2023-06-15T16:48:02+00:00
SAO_3734-10,São Paulo,3550308,True,,33802,,,-23.552827,-46.472971,,,,2,2023-06-15T16:48:44+00:00
SAO_8065-10,São Paulo,3550308,False,,33189,,,-23.469486,-46.7519295,,,,2,2023-06-15T16:48:04+00:00
SAO_6041-10,São Paulo,3550308,True,,1218,,,-23.639326,-46.717333499999995,,,,1,2023-06-15T16:48:17+00:00
SAO_6041-10,São Paulo,3550308,True,,1218,,,-23.640483125,-46.717002750000006,,,,1,2023-06-15T16:48:28+00:00
SAO_6041-10,São Paulo,3550308,True,,1218,,,-23.65217175,-46.708138,,,,1,2023-06-15T16:48:35+00:00
SAO_6041-10,São Paulo,3550308,True,,1218,,,-23.652146000000002,-46.708776,,,,1,2023-06-15T16:48:44+00:00
SAO_6041-10,São Paulo,3550308,True,,1218,,,-23.640761375,-46.71703425,,,,1,2023-06-15T16:48:42+00:00
SAO_6041-10,São Paulo,3550308,True,,1218,,,-23.637562250000002,-46.719127,,,,1,2023-06-15T16:48:26+00:00
SAO_6041-10,São Paulo,3550308,True,,1218,,,-23.641499,-46.716685874999996,,,,1,2023-06-15T16:48:43+00:00
SAO_6041-10,São Paulo,3550308,True,,1218,,,-23.65217175,-46.708138,,,,1,2023-06-15T16:48:31+00:00
SAO_6041-10,São Paulo,3550308,True,,1218,,,-23.652227250000003,-46.708538,,,,1,2023-06-15T16:48:07+00:00
SAO_6041-10,São Paulo,3550308,True,,1218,,,-23.65006375,-46.70940875,,,,1,2023-06-15T16:48:13+00:00
SAO_6041-10,São Paulo,3550308,True,,1218,,,-23.650333250000003,-46.70932225,,,,1,2023-06-15T16:48:13+00:00
SAO_6041-10,São Paulo,3550308,True,,1218,,,-23.647837250000002,-46.710092,,,,1,2023-06-15T16:48:30+00:00
SAO_6041-10,São Paulo,3550308,True,,1218,,,-23.651949000000002,-46.707860499999995,,,,1,2023-06-15T16:48:21+00:00
SAO_148L-10,São Paulo,3550308,True,EMTU,531,https://moovitapp.com/index/pt-br/transporte_p%C3%BAblico-line-531-Sao_Paulo-242-2038937-36419543-0,4.4,-23.454537,-46.6522975,,,,1,2023-06-15T16:48:36+00:00
SAO_148L-10,São Paulo,3550308,True,EMTU,531,https://moovitapp.com/index/pt-br/transporte_p%C3%BAblico-line-531-Sao_Paulo-242-2038937-36419543-0,4.4,-23.47520075,-46.665144,,,,1,2023-06-15T16:48:41+00:00
SAO_148L-10,São Paulo,3550308,True,EMTU,531,https://moovitapp.com/index/pt-br/transporte_p%C3%BAblico-line-531-Sao_Paulo-242-2038937-36419543-0,4.4,-23.519864499999997,-46.700969,,,,1,2023-06-15T16:48:19+00:00
SAO_148L-10,São Paulo,3550308,True,EMTU,531,https://moovitapp.com/index/pt-br/transporte_p%C3%BAblico-line-531-Sao_Paulo-242-2038937-36419543-0,4.4,-23.46405425,-46.655536250000004,,,,1,2023-06-15T16:48:22+00:00
SAO_148L-10,São Paulo,3550308,True,EMTU,531,https://moovitapp.com/index/pt-br/transporte_p%C3%BAblico-line-531-Sao_Paulo-242-2038937-36419543-0,4.4,-23.514680499999997,-46.691128500000005,,,,1,2023-06-15T16:48:45+00:00
SAO_148L-10,São Paulo,3550308,True,EMTU,531,https://moovitapp.com/index/pt-br/transporte_p%C3%BAblico-line-531-Sao_Paulo-242-2038937-36419543-0,4.4,-23.476006875,-46.66992125,,,,1,2023-06-15T16:48:22+00:00
SAO_148L-10,São Paulo,3550308,True,EMTU,531,https://moovitapp.com/index/pt-br/transporte_p%C3%BAblico-line-531-Sao_Paulo-242-2038937-36419543-0,4.4,-23.454537,-46.6522975,,,,1,2023-06-15T16:48:19+00:00
SAO_148L-10,São Paulo,3550308,True,EMTU,531,https://moovitapp.com/index/pt-br/transporte_p%C3%BAblico-line-531-Sao_Paulo-242-2038937-36419543-0,4.4,-23.519864499999997,-46.700969,,,,1,2023-06-15T16:48:32+00:00
SAO_148L-10,São Paulo,3550308,True,EMTU,531,https://moovitapp.com/index/pt-br/transporte_p%C3%BAblico-line-531-Sao_Paulo-242-2038937-36419543-0,4.4,-23.480251,-46.673195500000006,,,,1,2023-06-15T16:45:26+00:00
SAO_476G-10,São Paulo,3550308,True,,33879,,,-23.602236,-46.542836,,,,2,2023-06-15T16:48:41+00:00
SAO_476G-10,São Paulo,3550308,True,,33879,,,-23.582854124999997,-46.590602000000004,,,,2,2023-06-15T16:48:17+00:00
SAO_476G-10,São Paulo,3550308,True,,33879,,,-23.5849795,-46.64474825,,,,2,2023-06-15T16:48:41+00:00
SAO_476G-10,São Paulo,3550308,True,,33879,,,-23.58708725,-46.58361825,,,,2,2023-06-15T16:48:15+00:00
SAO_476G-10,São Paulo,3550308,True,,33879,,,-23.6164615,-46.512666499999995,,,,2,2023-06-15T16:48:14+00:00
SAO_2724-10,São Paulo,3550308,True,,938,,,-23.537207,-46.4755325,,,,1,2023-06-15T16:48:05+00:00
SAO_2724-10,São Paulo,3550308,True,,938,,,-23.527674875000002,-46.470630875,,,,1,2023-06-15T16:48:11+00:00
SAO_637R-10,São Paulo,3550308,True,,32964,,,-23.71605125,-46.768322999999995,,,,2,2023-06-15T16:48:35+00:00
SAO_637R-10,São Paulo,3550308,True,,32964,,,-23.720212500000002,-46.769873624999995,,,,2,2023-06-15T16:48:28+00:00
SAO_637R-10,São Paulo,3550308,True,,32964,,,-23.667488,-46.73012,,,,2,2023-06-15T16:48:21+00:00
SAO_637R-10,São Paulo,3550308,True,,32964,,,-23.720443500000002,-46.769979875,,,,2,2023-06-15T16:48:38+00:00
SAO_637R-10,São Paulo,3550308,True,,32964,,,-23.668899500000002,-46.734364,,,,2,2023-06-15T16:48:39+00:00
SAO_637R-10,São Paulo,3550308,True,,32964,,,-23.668170500000002,-46.732837,,,,2,2023-06-15T16:48:23+00:00
SAO_637R-10,São Paulo,3550308,True,,32964,,,-23.719750500000004,-46.769661125,,,,2,2023-06-15T16:48:01+00:00
SAO_637R-10,São Paulo,3550308,True,,32964,,,-23.669023250000002,-46.734721500000006,,,,2,2023-06-15T16:48:41+00:00
SAO_637R-10,São Paulo,3550308,True,,32964,,,-23.7011665,-46.781822500000004,,,,2,2023-06-15T16:48:32+00:00
SAO_637R-10,São Paulo,3550308,True,,32964,,,-23.656375875000002,-46.7074965,,,,2,2023-06-15T16:48:25+00:00
SAO_637R-10,São Paulo,3550308,True,,32964,,,-23.719981500000003,-46.769767374999994,,,,2,2023-06-15T16:48:13+00:00
SAO_637R-10,São Paulo,3550308,True,,32964,,,-23.6905325,-46.774566500000006,,,,2,2023-06-15T16:46:20+00:00
SAO_637R-10,São Paulo,3550308,True,,32964,,,-23.711816499999998,-46.7803965,,,,2,2023-06-15T16:48:15+00:00
SAO_3731-10,São Paulo,3550308,True,,33796,,,-23.530074499999998,-46.5287515,,,,2,2023-06-15T16:48:19+00:00
SAO_3731-10,São Paulo,3550308,True,,33796,,,-23.539611999999998,-46.516724999999994,,,,2,2023-06-15T16:48:43+00:00
SAO_3731-10,São Paulo,3550308,True,,33796,,,-23.556129499999997,-46.51376625,,,,2,2023-06-15T16:48:25+00:00
SAO_3731-10,São Paulo,3550308,True,,33796,,,-23.563811,-46.5022595,,,,2,2023-06-15T16:48:28+00:00
SAO_3731-10,São Paulo,3550308,True,,33796,,,-23.5639065,-46.5024395,,,,2,2023-06-15T16:48:40+00:00
SAO_3731-10,São Paulo,3550308,True,,33796,,,-23.538997000000002,-46.5171695,,,,2,2023-06-15T16:48:05+00:00
SAO_2008-10,São Paulo,3550308,True,,33665,,,-23.52114525,-46.38738525,,,,2,2023-06-15T16:48:38+00:00
SAO_2008-10,São Paulo,3550308,True,,33665,,,-23.494217,-46.401328500000005,,,,2,2023-06-15T16:48:32+00:00
SAO_2008-10,São Paulo,3550308,True,,33665,,,-23.52114525,-46.38738525,,,,2,2023-06-15T16:48:23+00:00
SAO_2008-10,São Paulo,3550308,True,,33665,,,-23.52118775,-46.38765975,,,,2,2023-06-15T16:48:36+00:00
SAO_2008-10,São Paulo,3550308,True,,33665,,,-23.5020475,-46.397625000000005,,,,2,2023-06-15T16:48:11+00:00
SAO_2008-10,São Paulo,3550308,True,,33665,,,-23.52123025,-46.38793425,,,,2,2023-06-15T16:48:02+00:00
SAO_5185-10,São Paulo,3550308,True,,34076,,,-23.668242,-46.7355055,,,,2,2023-06-15T16:48:32+00:00
SAO_5185-10,São Paulo,3550308,True,,34076,,,-23.626887,-46.661615499999996,,,,2,2023-06-15T16:48:18+00:00
SAO_5185-10,São Paulo,3550308,True,,34076,,,-23.667807,-46.7355005,,,,2,2023-06-15T16:48:47+00:00
SAO_5185-10,São Paulo,3550308,True,,34076,,,-23.565850625,-46.647883750000005,,,,2,2023-06-15T16:48:02+00:00
SAO_5185-10,São Paulo,3550308,True,,34076,,,-23.620272,-46.6620415,,,,2,2023-06-15T16:48:43+00:00
SAO_5185-10,São Paulo,3550308,True,,34076,,,-23.576826750000002,-46.656953,,,,2,2023-06-15T16:48:26+00:00
SAO_5185-10,São Paulo,3550308,True,,34076,,,-23.61162925,-46.6563955,,,,2,2023-06-15T16:48:06+00:00
SAO_9188-10,São Paulo,3550308,True,EMTU,809,https://moovitapp.com/index/pt-br/transporte_p%C3%BAblico-line-809-Sao_Paulo-242-2038937-119858519-0,5.2,-23.454766,-46.728925,,,,1,2023-06-15T16:48:36+00:00
SAO_9188-10,São Paulo,3550308,True,EMTU,809,https://moovitapp.com/index/pt-br/transporte_p%C3%BAblico-line-809-Sao_Paulo-242-2038937-119858519-0,5.2,-23.5183395,-46.701709,,,,1,2023-06-15T16:48:10+00:00
SAO_9188-10,São Paulo,3550308,True,EMTU,809,https://moovitapp.com/index/pt-br/transporte_p%C3%BAblico-line-809-Sao_Paulo-242-2038937-119858519-0,5.2,-23.454766,-46.728925,,,,1,2023-06-15T16:48:20+00:00
SAO_9188-10,São Paulo,3550308,True,EMTU,809,https://moovitapp.com/index/pt-br/transporte_p%C3%BAblico-line-809-Sao_Paulo-242-2038937-119858519-0,5.2,-23.453713,-46.734907,,,,1,2023-06-15T16:48:25+00:00
SAO_9188-10,São Paulo,3550308,True,EMTU,809,https://moovitapp.com/index/pt-br/transporte_p%C3%BAblico-line-809-Sao_Paulo-242-2038937-119858519-0,5.2,-23.454766,-46.728925,,,,1,2023-06-15T16:48:01+00:00
SAO_9188-10,São Paulo,3550308,True,EMTU,809,https://moovitapp.com/index/pt-br/transporte_p%C3%BAblico-line-809-Sao_Paulo-242-2038937-119858519-0,5.2,-23.450889,-46.72095899999999,,,,1,2023-06-15T16:48:13+00:00
SAO_9188-10,São Paulo,3550308,True,EMTU,809,https://moovitapp.com/index/pt-br/transporte_p%C3%BAblico-line-809-Sao_Paulo-242-2038937-119858519-0,5.2,-23.48882125,-46.7111635,,,,1,2023-06-15T16:47:31+00:00
SAO_2551-10,São Paulo,3550308,True,,32909,,,-23.505269499999997,-46.4764095,,,,2,2023-06-15T16:48:41+00:00
SAO_2551-10,São Paulo,3550308,True,,32909,,,-23.517572,-46.475783,,,,2,2023-06-15T16:48:26+00:00
SAO_2551-10,São Paulo,3550308,True,,32909,,,-23.5383115,-46.601995,,,,2,2023-06-15T16:48:33+00:00
SAO_2551-10,São Paulo,3550308,True,,32909,,,-23.486275499999998,-46.503086499999995,,,,2,2023-06-15T16:46:42+00:00
SAO_5129-41,São Paulo,3550308,True,,34742,,,-23.680629500000002,-46.636801000000006,,,,2,2023-06-15T16:48:02+00:00
SAO_5129-41,São Paulo,3550308,True,,34742,,,-23.645371,-46.67331825000001,,,,2,2023-06-15T16:48:42+00:00
SAO_5129-41,São Paulo,3550308,True,,34742,,,-23.680512,-46.636660000000006,,,,2,2023-06-15T16:48:02+00:00
SAO_5129-41,São Paulo,3550308,True,,34742,,,-23.674775,-46.642773000000005,,,,2,2023-06-15T16:48:11+00:00
SAO_5129-41,São Paulo,3550308,True,,34742,,,-23.6535685,-46.703556,,,,2,2023-06-15T16:48:03+00:00
SAO_746H-10,São Paulo,3550308,True,,33553,,,-23.585496499999998,-46.724318499999995,,,,2,2023-06-15T16:48:09+00:00
SAO_746H-10,São Paulo,3550308,True,,33553,,,-23.645920249999996,-46.708395624999994,,,,2,2023-06-15T16:48:40+00:00
SAO_746H-10,São Paulo,3550308,True,,33553,,,-23.593532,-46.7529005,,,,2,2023-06-15T16:48:36+00:00
SAO_746H-10,São Paulo,3550308,True,,33553,,,-23.608549500000002,-46.72601325000001,,,,2,2023-06-15T16:48:17+00:00
SAO_746H-10,São Paulo,3550308,True,,33553,,,-23.593679,-46.7525775,,,,2,2023-06-15T16:48:11+00:00
SAO_746H-10,São Paulo,3550308,True,,33553,,,-23.620366,-46.733360000000005,,,,2,2023-06-15T16:48:40+00:00
SAO_746H-10,São Paulo,3550308,True,,33553,,,-23.642325,-46.73517,,,,2,2023-06-15T16:48:26+00:00
SAO_746H-10,São Paulo,3550308,True,,33553,,,-23.584467250000003,-46.728015,,,,2,2023-06-15T16:48:22+00:00
SAO_746H-10,São Paulo,3550308,True,,33553,,,-23.585613000000002,-46.729881500000005,,,,2,2023-06-15T16:48:06+00:00
SAO_746H-10,São Paulo,3550308,True,,33553,,,-23.593502,-46.7526985,,,,2,2023-06-15T16:48:30+00:00
SAO_2002-10,São Paulo,3550308,True,,33479,,,-23.5461345,-46.630341,,,,2,2023-06-15T16:48:14+00:00
SAO_2002-10,São Paulo,3550308,True,,33479,,,-23.546762,-46.629915499999996,,,,2,2023-06-15T16:48:45+00:00
SAO_2002-10,São Paulo,3550308,True,,33479,,,-23.5492855,-46.6393815,,,,2,2023-06-15T16:48:33+00:00
SAO_2002-10,São Paulo,3550308,True,,33479,,,-23.5492855,-46.6393815,,,,2,2023-06-15T16:48:45+00:00
SAO_2002-10,São Paulo,3550308,True,,33479,,,-23.5465215,-46.630083,,,,2,2023-06-15T16:48:46+00:00
SAO_6002-10,São Paulo,3550308,True,,1979,,,-23.6889555,-46.679862,,,,1,2023-06-15T16:48:03+00:00
SAO_6014-10,São Paulo,3550308,True,,188,,,-23.665875,-46.7128965,,,,1,2023-06-15T16:46:37+00:00
SAO_6014-10,São Paulo,3550308,True,,188,,,-23.741947500000002,-46.801043,,,,1,2023-06-15T16:48:19+00:00
SAO_6014-10,São Paulo,3550308,True,,188,,,-23.741947500000002,-46.801043,,,,1,2023-06-15T16:48:32+00:00
SAO_6014-10,São Paulo,3550308,True,,188,,,-23.746494499999997,-46.79710475,,,,1,2023-06-15T16:48:13+00:00
SAO_6014-10,São Paulo,3550308,True,,188,,,-23.669539,-46.7358925,,,,1,2023-06-15T16:48:28+00:00
SAO_6014-10,São Paulo,3550308,True,,188,,,-23.68714725,-46.77138625,,,,1,2023-06-15T16:47:58+00:00
SAO_6014-10,São Paulo,3550308,True,,188,,,-23.7421735,-46.8011275,,,,1,2023-06-15T16:48:38+00:00
SAO_6014-10,São Paulo,3550308,True,,188,,,-23.74156775,-46.8004435,,,,1,2023-06-15T16:48:20+00:00
SAO_6014-10,São Paulo,3550308,True,,188,,,-23.724219125,-46.78567475,,,,1,2023-06-15T16:48:24+00:00
SAO_5022-10,São Paulo,3550308,True,,33888,,,-23.672299000000002,-46.6379735,,,,2,2023-06-15T16:48:01+00:00
SAO_5022-10,São Paulo,3550308,True,,33888,,,-23.6721505,-46.638467,,,,2,2023-06-15T16:48:18+00:00
SAO_5022-10,São Paulo,3550308,True,,33888,,,-23.648086499999998,-46.6402415,,,,2,2023-06-15T16:48:07+00:00
SAO_5022-10,São Paulo,3550308,True,,33888,,,-23.6711435,-46.64448075,,,,2,2023-06-15T16:48:45+00:00
SAO_5022-10,São Paulo,3550308,True,,33888,,,-23.6721505,-46.638467,,,,2,2023-06-15T16:48:36+00:00
SAO_5022-10,São Paulo,3550308,True,,33888,,,-23.6721505,-46.638467,,,,2,2023-06-15T16:48:08+00:00
SAO_6035-10,São Paulo,3550308,True,,33981,,,-23.71963025,-46.765159249999996,,,,2,2023-06-15T16:48:20+00:00
SAO_6035-10,São Paulo,3550308,True,,33981,,,-23.720201000000003,-46.75602,,,,2,2023-06-15T16:48:34+00:00
SAO_6035-10,São Paulo,3550308,True,,33981,,,-23.653125,-46.70848074999999,,,,2,2023-06-15T16:48:42+00:00
SAO_6035-10,São Paulo,3550308,True,,33981,,,-23.671547,-46.7411115,,,,2,2023-06-15T16:48:31+00:00
SAO_6035-10,São Paulo,3550308,True,,33981,,,-23.6857725,-46.770408,,,,2,2023-06-15T16:48:04+00:00
SAO_6035-10,São Paulo,3550308,True,,33981,,,-23.677557999999998,-46.7619,,,,2,2023-06-15T16:48:36+00:00
SAO_2161-10,São Paulo,3550308,True,,33462,,,-23.5311285,-46.61005825,,,,2,2023-06-15T16:44:59+00:00
SAO_2161-10,São Paulo,3550308,True,,33462,,,-23.49171875,-46.584827749999995,,,,2,2023-06-15T16:48:16+00:00
SAO_2161-10,São Paulo,3550308,True,,33462,,,-23.474255499999998,-46.56712,,,,2,2023-06-15T16:48:12+00:00
SAO_2161-10,São Paulo,3550308,True,,33462,,,-23.538240000000002,-46.633609500000006,,,,2,2023-06-15T16:48:03+00:00
SAO_2161-10,São Paulo,3550308,True,,33462,,,-23.4740875,-46.566756999999996,,,,2,2023-06-15T16:48:45+00:00
SAO_2161-10,São Paulo,3550308,True,,33462,,,-23.474255499999998,-46.56712,,,,2,2023-06-15T16:48:30+00:00
SAO_8705-10,São Paulo,3550308,True,,2072,,,-23.547722,-46.641317,,,,1,2023-06-15T16:48:16+00:00
SAO_8705-10,São Paulo,3550308,True,,2072,,,-23.554608875,-46.661478875,,,,1,2023-06-15T16:48:25+00:00
SAO_8705-10,São Paulo,3550308,True,,2072,,,-23.547646999999998,-46.760248000000004,,,,1,2023-06-15T16:48:15+00:00
SAO_8705-10,São Paulo,3550308,True,,2072,,,-23.5649485,-46.679060250000006,,,,1,2023-06-15T16:48:13+00:00
SAO_8705-10,São Paulo,3550308,True,,2072,,,-23.5725605,-46.704529,,,,1,2023-06-15T16:48:28+00:00
SAO_8705-10,São Paulo,3550308,True,,2072,,,-23.573604500000002,-46.731939,,,,1,2023-06-15T16:48:34+00:00
SAO_8705-10,São Paulo,3550308,True,,2072,,,-23.57364725,-46.73229125,,,,1,2023-06-15T16:48:18+00:00
SAO_2712-10,São Paulo,3550308,True,,926,,,-23.527357000000002,-46.479188,,,,1,2023-06-15T16:48:34+00:00
SAO_2712-10,São Paulo,3550308,True,,926,,,-23.527357000000002,-46.479188,,,,1,2023-06-15T16:48:15+00:00
SAO_5038-10,São Paulo,3550308,True,,34429,,,-23.6517675,-46.6144775,,,,2,2023-06-15T16:48:43+00:00
SAO_5038-10,São Paulo,3550308,True,,34429,,,-23.653293500000004,-46.602455000000006,,,,2,2023-06-15T16:48:28+00:00
SAO_5038-10,São Paulo,3550308,True,,34429,,,-23.653462500000003,-46.6025525,,,,2,2023-06-15T16:48:24+00:00
SAO_5038-10,São Paulo,3550308,True,,34429,,,-23.63123975,-46.6044335,,,,2,2023-06-15T16:48:44+00:00
SAO_5038-10,São Paulo,3550308,True,,34429,,,-23.610042875,-46.59999125,,,,2,2023-06-15T16:48:18+00:00
SAO_4004-10,São Paulo,3550308,True,,34946,,,-23.582577,-46.408426,,,,2,2023-06-15T16:48:10+00:00
SAO_4004-10,São Paulo,3550308,True,,34946,,,-23.582559,-46.407009,,,,2,2023-06-15T16:48:02+00:00
SAO_4004-10,São Paulo,3550308,True,,34946,,,-23.5856755,-46.39519575,,,,2,2023-06-15T16:48:24+00:00
SAO_4313-10,São Paulo,3550308,True,,2173,,,-23.545359375,-46.597922499999996,,,,1,2023-06-15T16:47:39+00:00
SAO_4313-10,São Paulo,3550308,True,,2173,,,-23.5348585,-46.5478775,,,,1,2023-06-15T16:48:44+00:00
SAO_4313-10,São Paulo,3550308,True,,2173,,,-23.579818375000002,-46.412310500000004,,,,1,2023-06-15T16:48:09+00:00
SAO_4313-10,São Paulo,3550308,True,,2173,,,-23.5832455,-46.407549,,,,1,2023-06-15T16:48:37+00:00
SAO_4313-10,São Paulo,3550308,True,,2173,,,-23.5940905,-46.4224555,,,,1,2023-06-15T16:46:47+00:00
SAO_4313-10,São Paulo,3550308,True,,2173,,,-23.59843775,-46.46304325,,,,1,2023-06-15T16:48:45+00:00
SAO_4313-10,São Paulo,3550308,True,,2173,,,-23.5824475,-46.407562999999996,,,,1,2023-06-15T16:48:29+00:00
SAO_4313-10,São Paulo,3550308,True,,2173,,,-23.5523915,-46.610965,,,,1,2023-06-15T16:48:16+00:00
SAO_4313-10,São Paulo,3550308,True,,2173,,,-23.546701,-46.6302515,,,,1,2023-06-15T16:45:10+00:00
SAO_4313-10,São Paulo,3550308,True,,2173,,,-23.595453499999998,-46.4340395,,,,1,2023-06-15T16:48:29+00:00
SAO_4313-10,São Paulo,3550308,True,,2173,,,-23.547401999999998,-46.629791999999995,,,,1,2023-06-15T16:48:14+00:00
SAO_4313-10,São Paulo,3550308,True,,2173,,,-23.5404725,-46.5751875,,,,1,2023-06-15T16:48:28+00:00
SAO_4313-10,São Paulo,3550308,True,,2173,,,-23.586948999999997,-46.4824785,,,,1,2023-06-15T16:48:09+00:00
SAO_4313-10,São Paulo,3550308,True,,2173,,,-23.549055,-46.524574,,,,1,2023-06-15T16:48:03+00:00
SAO_4222-10,São Paulo,3550308,True,,33056,,,-23.607991,-46.510649,,,,2,2023-06-15T16:45:11+00:00
SAO_4222-10,São Paulo,3550308,True,,33056,,,-23.58036075,-46.582773249999995,,,,2,2023-06-15T16:48:06+00:00
SAO_4222-10,São Paulo,3550308,True,,33056,,,-23.598162375,-46.53962275,,,,2,2023-06-15T16:48:18+00:00
SAO_4222-10,São Paulo,3550308,True,,33056,,,-23.57453675,-46.592681375,,,,2,2023-06-15T16:48:18+00:00
SAO_4222-10,São Paulo,3550308,True,,33056,,,-23.6143715,-46.512184000000005,,,,2,2023-06-15T16:48:35+00:00
SAO_4112-10,São Paulo,3550308,True,,33535,,,-23.5805325,-46.625972000000004,,,,2,2023-06-15T16:48:34+00:00
SAO_4112-10,São Paulo,3550308,True,,33535,,,-23.579545500000002,-46.625761,,,,2,2023-06-15T16:48:18+00:00
SAO_4112-10,São Paulo,3550308,True,,33535,,,-23.579545500000002,-46.625761,,,,2,2023-06-15T16:48:45+00:00
SAO_4112-10,São Paulo,3550308,True,,33535,,,-23.579181,-46.6256725,,,,2,2023-06-15T16:48:38+00:00
SAO_4112-10,São Paulo,3550308,True,,33535,,,-23.57810675,-46.625435124999996,,,,2,2023-06-15T16:48:14+00:00
SAO_4112-10,São Paulo,3550308,True,,33535,,,-23.57810675,-46.625435124999996,,,,2,2023-06-15T16:48:12+00:00
SAO_4112-10,São Paulo,3550308,True,,33535,,,-23.5805325,-46.625972000000004,,,,2,2023-06-15T16:48:04+00:00
SAO_4112-10,São Paulo,3550308,True,,33535,,,-23.571046000000003,-46.6259465,,,,2,2023-06-15T16:48:16+00:00
SAO_4112-10,São Paulo,3550308,True,,33535,,,-23.578787,-46.62558425,,,,2,2023-06-15T16:48:18+00:00
SAO_4112-10,São Paulo,3550308,True,,33535,,,-23.578443,-46.62550675,,,,2,2023-06-15T16:48:30+00:00
SAO_4112-10,São Paulo,3550308,True,,33535,,,-23.566008,-46.632290499999996,,,,2,2023-06-15T16:48:10+00:00
SAO_4112-10,São Paulo,3550308,True,,33535,,,-23.579181,-46.6256725,,,,2,2023-06-15T16:48:30+00:00
SAO_4112-10,São Paulo,3550308,True,,33535,,,-23.579181,-46.6256725,,,,2,2023-06-15T16:48:47+00:00
SAO_4112-10,São Paulo,3550308,True,,33535,,,-23.580921500000002,-46.6260625,,,,2,2023-06-15T16:48:03+00:00
SAO_4112-10,São Paulo,3550308,True,,33535,,,-23.57777825,-46.625369375000005,,,,2,2023-06-15T16:48:32+00:00
SAO_4112-10,São Paulo,3550308,True,,33535,,,-23.551361749999998,-46.640548499999994,,,,2,2023-06-15T16:48:23+00:00
SAO_4112-10,São Paulo,3550308,True,,33535,,,-23.5675625,-46.629461,,,,2,2023-06-15T16:48:24+00:00
SAO_4112-10,São Paulo,3550308,True,,33535,,,-23.580921500000002,-46.6260625,,,,2,2023-06-15T16:48:14+00:00
SAO_4112-10,São Paulo,3550308,True,,33535,,,-23.579181,-46.6256725,,,,2,2023-06-15T16:48:05+00:00
SAO_4112-10,São Paulo,3550308,True,,33535,,,-23.570046625,-46.625964249999996,,,,2,2023-06-15T16:48:24+00:00
SAO_148L-10,São Paulo,3550308,True,,33299,,,-23.4873215,-46.675732499999995,,,,2,2023-06-15T16:48:03+00:00
SAO_148L-10,São Paulo,3550308,True,,33299,,,-23.4553015,-46.652857,,,,2,2023-06-15T16:48:25+00:00
SAO_148L-10,São Paulo,3550308,True,,33299,,,-23.45483,-46.652328999999995,,,,2,2023-06-15T16:48:30+00:00
SAO_148L-10,São Paulo,3550308,True,,33299,,,-23.4547195,-46.6523255,,,,2,2023-06-15T16:48:24+00:00
SAO_148L-10,São Paulo,3550308,True,,33299,,,-23.4547195,-46.6523255,,,,2,2023-06-15T16:48:46+00:00
SAO_148L-10,São Paulo,3550308,True,,33299,,,-23.47416,-46.6555755,,,,2,2023-06-15T16:48:31+00:00
SAO_148L-10,São Paulo,3550308,True,,33299,,,-23.455160499999998,-46.6525175,,,,2,2023-06-15T16:48:43+00:00
SAO_148L-10,São Paulo,3550308,True,,33299,,,-23.454971999999998,-46.6523675,,,,2,2023-06-15T16:48:38+00:00
SAO_148L-10,São Paulo,3550308,True,,33299,,,-23.50563025,-46.68877474999999,,,,2,2023-06-15T16:48:20+00:00
SAO_148L-10,São Paulo,3550308,True,,33299,,,-23.459543500000002,-46.6565455,,,,2,2023-06-15T16:48:02+00:00
SAO_148L-10,São Paulo,3550308,True,,33299,,,-23.4547195,-46.6523255,,,,2,2023-06-15T16:48:36+00:00
SAO_148L-10,São Paulo,3550308,True,,33299,,,-23.455058,-46.652393,,,,2,2023-06-15T16:48:31+00:00
SAO_3031-10,São Paulo,3550308,True,,33735,,,-23.574852,-46.455676499999996,,,,2,2023-06-15T16:48:42+00:00
SAO_3031-10,São Paulo,3550308,True,,33735,,,-23.6126845,-46.4445915,,,,2,2023-06-15T16:48:40+00:00
SAO_3031-10,São Paulo,3550308,True,,33735,,,-23.612834499999998,-46.444575,,,,2,2023-06-15T16:48:11+00:00
SAO_3031-10,São Paulo,3550308,True,,33735,,,-23.6126845,-46.4445915,,,,2,2023-06-15T16:48:08+00:00
SAO_3031-10,São Paulo,3550308,True,,33735,,,-23.545638500000003,-46.467889,,,,2,2023-06-15T16:48:10+00:00
SAO_3031-10,São Paulo,3550308,True,,33735,,,-23.6125095,-46.4445395,,,,2,2023-06-15T16:48:09+00:00
SAO_938V-10,São Paulo,3550308,True,STT,813,https://moovitapp.com/index/pt-br/transporte_p%C3%BAblico-line-813-Sao_Paulo-242-850661-183360-0,5.3,-23.452818,-46.6847035,,,,1,2023-06-15T16:48:30+00:00
SAO_938V-10,São Paulo,3550308,True,STT,813,https://moovitapp.com/index/pt-br/transporte_p%C3%BAblico-line-813-Sao_Paulo-242-850661-183360-0,5.3,-23.49344925,-46.696834249999995,,,,1,2023-06-15T16:48:31+00:00
SAO_938V-10,São Paulo,3550308,True,STT,813,https://moovitapp.com/index/pt-br/transporte_p%C3%BAblico-line-813-Sao_Paulo-242-850661-183360-0,5.3,-23.459018,-46.674842999999996,,,,1,2023-06-15T16:48:05+00:00
SAO_938V-10,São Paulo,3550308,True,STT,813,https://moovitapp.com/index/pt-br/transporte_p%C3%BAblico-line-813-Sao_Paulo-242-850661-183360-0,5.3,-23.49279,-46.696383999999995,,,,1,2023-06-15T16:48:16+00:00
SAO_938V-10,São Paulo,3550308,True,STT,813,https://moovitapp.com/index/pt-br/transporte_p%C3%BAblico-line-813-Sao_Paulo-242-850661-183360-0,5.3,-23.529754875000002,-46.68239187499999,,,,1,2023-06-15T16:48:31+00:00
SAO_938V-10,São Paulo,3550308,True,STT,813,https://moovitapp.com/index/pt-br/transporte_p%C3%BAblico-line-813-Sao_Paulo-242-850661-183360-0,5.3,-23.452962,-46.684575499999994,,,,1,2023-06-15T16:48:01+00:00
SAO_938V-10,São Paulo,3550308,True,STT,813,https://moovitapp.com/index/pt-br/transporte_p%C3%BAblico-line-813-Sao_Paulo-242-850661-183360-0,5.3,-23.512507999999997,-46.690535,,,,1,2023-06-15T16:48:13+00:00
SAO_938V-10,São Paulo,3550308,True,STT,813,https://moovitapp.com/index/pt-br/transporte_p%C3%BAblico-line-813-Sao_Paulo-242-850661-183360-0,5.3,-23.5262155,-46.669086,,,,1,2023-06-15T16:48:32+00:00
SAO_938V-10,São Paulo,3550308,True,STT,813,https://moovitapp.com/index/pt-br/transporte_p%C3%BAblico-line-813-Sao_Paulo-242-850661-183360-0,5.3,-23.492621,-46.6962925,,,,1,2023-06-15T16:48:37+00:00
SAO_938V-10,São Paulo,3550308,True,STT,813,https://moovitapp.com/index/pt-br/transporte_p%C3%BAblico-line-813-Sao_Paulo-242-850661-183360-0,5.3,-23.463386999999997,-46.6785445,,,,1,2023-06-15T16:48:35+00:00
SAO_938V-10,São Paulo,3550308,True,STT,813,https://moovitapp.com/index/pt-br/transporte_p%C3%BAblico-line-813-Sao_Paulo-242-850661-183360-0,5.3,-23.4778415,-46.682031,,,,1,2023-06-15T16:48:24+00:00
SAO_6262-10,São Paulo,3550308,True,,1371,,,-23.572530875,-46.664984000000004,,,,1,2023-06-15T16:48:42+00:00
SAO_6262-10,São Paulo,3550308,True,,1371,,,-23.55767875,-46.701074000000006,,,,1,2023-06-15T16:48:07+00:00
SAO_6262-10,São Paulo,3550308,True,,1371,,,-23.547564,-46.71573,,,,1,2023-06-15T16:48:37+00:00
SAO_6262-10,São Paulo,3550308,True,,1371,,,-23.529834,-46.732059500000005,,,,1,2023-06-15T16:48:10+00:00
SAO_6262-10,São Paulo,3550308,True,,1371,,,-23.5281765,-46.739478500000004,,,,1,2023-06-15T16:47:25+00:00
SAO_3004-10,São Paulo,3550308,True,,34566,,,-23.48424175,-46.40745475,,,,2,2023-06-15T16:48:16+00:00
SAO_3004-10,São Paulo,3550308,True,,34566,,,-23.479422,-46.4206095,,,,2,2023-06-15T16:48:08+00:00
SAO_4734-10,São Paulo,3550308,True,,33877,,,-23.62052925,-46.634589875,,,,2,2023-06-15T16:48:27+00:00
SAO_4734-10,São Paulo,3550308,True,,33877,,,-23.642679,-46.6059895,,,,2,2023-06-15T16:48:20+00:00
SAO_4734-10,São Paulo,3550308,True,,33877,,,-23.6403235,-46.6104395,,,,2,2023-06-15T16:48:32+00:00
SAO_4734-10,São Paulo,3550308,True,,33877,,,-23.626752,-46.62167825,,,,2,2023-06-15T16:48:44+00:00
SAO_4734-10,São Paulo,3550308,True,,33877,,,-23.6183335,-46.6389475,,,,2,2023-06-15T16:48:40+00:00
SAO_4734-10,São Paulo,3550308,True,,33877,,,-23.6411645,-46.610744,,,,2,2023-06-15T16:48:02+00:00
SAO_4734-10,São Paulo,3550308,True,,33877,,,-23.6411645,-46.610744,,,,2,2023-06-15T16:48:35+00:00
SAO_4734-10,São Paulo,3550308,True,,33877,,,-23.642000250000002,-46.60720375,,,,2,2023-06-15T16:48:47+00:00
SAO_4734-10,São Paulo,3550308,True,,33877,,,-23.63406425,-46.616068,,,,2,2023-06-15T16:44:32+00:00
SAO_3686-10,São Paulo,3550308,True,,32934,,,-23.559804749999998,-46.40321525,,,,2,2023-06-15T16:48:18+00:00
SAO_3686-10,São Paulo,3550308,True,,32934,,,-23.55986625,-46.40348975,,,,2,2023-06-15T16:48:18+00:00
SAO_3686-10,São Paulo,3550308,True,,32934,,,-23.535101,-46.548915,,,,2,2023-06-15T16:48:26+00:00
SAO_3686-10,São Paulo,3550308,True,,32934,,,-23.547283,-46.6301645,,,,2,2023-06-15T16:48:33+00:00
SAO_3686-10,São Paulo,3550308,True,,32934,,,-23.559947,-46.4038685,,,,2,2023-06-15T16:48:44+00:00
SAO_3686-10,São Paulo,3550308,True,,32934,,,-23.55986625,-46.40348975,,,,2,2023-06-15T16:48:29+00:00
SAO_3686-10,São Paulo,3550308,True,,32934,,,-23.5357425,-46.4540355,,,,2,2023-06-15T16:46:16+00:00
SAO_3686-10,São Paulo,3550308,True,,32934,,,-23.536789499999998,-46.470034,,,,2,2023-06-15T16:48:32+00:00
SAO_3686-10,São Paulo,3550308,True,,32934,,,-23.541319,-46.42559925,,,,2,2023-06-15T16:48:04+00:00
SAO_3686-10,São Paulo,3550308,True,,32934,,,-23.5369655,-46.4752435,,,,2,2023-06-15T16:48:34+00:00
SAO_3002-10,São Paulo,3550308,True,,34576,,,-23.5101785,-46.377334,,,,2,2023-06-15T16:48:31+00:00
SAO_3002-10,São Paulo,3550308,True,,34576,,,-23.494658,-46.426776000000004,,,,2,2023-06-15T16:48:28+00:00
SAO_3002-10,São Paulo,3550308,True,,34576,,,-23.5108465,-46.3788725,,,,2,2023-06-15T16:48:30+00:00
SAO_3002-10,São Paulo,3550308,True,,34576,,,-23.496421499999997,-46.441998,,,,2,2023-06-15T16:48:38+00:00
SAO_8026-10,São Paulo,3550308,True,,2083,,,-23.5915995,-46.735897,,,,1,2023-06-15T16:48:38+00:00
SAO_8026-10,São Paulo,3550308,True,,2083,,,-23.6328585,-46.747187,,,,1,2023-06-15T16:48:33+00:00
SAO_8026-10,São Paulo,3550308,True,,2083,,,-23.6328585,-46.747187,,,,1,2023-06-15T16:48:12+00:00
SAO_8026-10,São Paulo,3550308,True,,2083,,,-23.6151655,-46.741922,,,,1,2023-06-15T16:48:08+00:00
SAO_8026-10,São Paulo,3550308,True,,2083,,,-23.6328585,-46.747187,,,,1,2023-06-15T16:48:35+00:00
SAO_8026-10,São Paulo,3550308,True,,2083,,,-23.629036,-46.746507,,,,1,2023-06-15T16:48:42+00:00
SAO_6063-41,São Paulo,3550308,True,,34541,,,-23.7731425,-46.7029965,,,,2,2023-06-15T16:48:22+00:00
SAO_6063-41,São Paulo,3550308,True,,34541,,,-23.787596999999998,-46.679432,,,,2,2023-06-15T16:48:25+00:00
SAO_6063-41,São Paulo,3550308,True,,34541,,,-23.787551999999998,-46.679802,,,,2,2023-06-15T16:48:32+00:00
SAO_6063-41,São Paulo,3550308,True,,34541,,,-23.7880745,-46.6802025,,,,2,2023-06-15T16:48:37+00:00
SAO_6063-41,São Paulo,3550308,True,,34541,,,-23.787911,-46.680079,,,,2,2023-06-15T16:48:07+00:00
SAO_957T-10,São Paulo,3550308,True,,33232,,,-23.469123,-46.678466,,,,2,2023-06-15T16:48:07+00:00
SAO_957T-10,São Paulo,3550308,True,,33232,,,-23.436427374999997,-46.716528374999996,,,,2,2023-06-15T16:48:10+00:00
SAO_957T-10,São Paulo,3550308,True,,33232,,,-23.591811125,-46.680907499999996,,,,2,2023-06-15T16:48:20+00:00
SAO_957T-10,São Paulo,3550308,True,,33232,,,-23.596197,-46.6919465,,,,2,2023-06-15T16:48:13+00:00
SAO_957T-10,São Paulo,3550308,True,,33232,,,-23.436301125,-46.716888125,,,,2,2023-06-15T16:48:42+00:00
SAO_957T-10,São Paulo,3550308,True,,33232,,,-23.56120525,-46.6949085,,,,2,2023-06-15T16:48:05+00:00
SAO_957T-10,São Paulo,3550308,True,,33232,,,-23.596197,-46.6919465,,,,2,2023-06-15T16:48:44+00:00
SAO_2290-10,São Paulo,3550308,True,,33486,,,-23.547890250000002,-46.53908025,,,,2,2023-06-15T16:48:06+00:00
SAO_2290-10,São Paulo,3550308,True,,33486,,,-23.60364525,-46.4816365,,,,2,2023-06-15T16:48:19+00:00
SAO_2290-10,São Paulo,3550308,True,,33486,,,-23.535598125,-46.584652750000004,,,,2,2023-06-15T16:48:42+00:00
SAO_2290-10,São Paulo,3550308,True,,33486,,,-23.551778499999998,-46.530397,,,,2,2023-06-15T16:48:35+00:00
SAO_2290-10,São Paulo,3550308,True,,33486,,,-23.6137635,-46.4764045,,,,2,2023-06-15T16:48:44+00:00
SAO_2290-10,São Paulo,3550308,True,,33486,,,-23.551885,-46.530148,,,,2,2023-06-15T16:48:29+00:00
SAO_2290-10,São Paulo,3550308,True,,33486,,,-23.575964499999998,-46.50420025,,,,2,2023-06-15T16:48:13+00:00
SAO_2290-10,São Paulo,3550308,True,,33486,,,-23.6127315,-46.476122000000004,,,,2,2023-06-15T16:48:44+00:00
SAO_2290-10,São Paulo,3550308,True,,33486,,,-23.5926885625,-46.4887616875,,,,2,2023-06-15T16:48:30+00:00
SAO_2290-10,São Paulo,3550308,True,,33486,,,-23.537631,-46.596464125000004,,,,2,2023-06-15T16:48:13+00:00
SAO_2290-10,São Paulo,3550308,True,,33486,,,-23.579035750000003,-46.502755750000006,,,,2,2023-06-15T16:48:11+00:00
SAO_2290-10,São Paulo,3550308,True,,33486,,,-23.5929201875,-46.488674562499995,,,,2,2023-06-15T16:48:38+00:00
SAO_2290-10,São Paulo,3550308,True,,33486,,,-23.60715,-46.478787499999996,,,,2,2023-06-15T16:48:45+00:00
SAO_2290-10,São Paulo,3550308,True,,33486,,,-23.608188,-46.478106499999996,,,,2,2023-06-15T16:48:18+00:00
SAO_2290-10,São Paulo,3550308,True,,33486,,,-23.602717124999998,-46.482420624999996,,,,2,2023-06-15T16:48:27+00:00
SAO_2290-10,São Paulo,3550308,True,,33486,,,-23.54893,-46.62942425,,,,2,2023-06-15T16:48:45+00:00
SAO_2290-10,São Paulo,3550308,True,,33486,,,-23.613456,-46.476318500000005,,,,2,2023-06-15T16:48:16+00:00
SAO_2290-10,São Paulo,3550308,True,,33486,,,-23.542787500000003,-46.61627625,,,,2,2023-06-15T16:48:06+00:00
SAO_2290-10,São Paulo,3550308,True,,33486,,,-23.53937725,-46.608977749999994,,,,2,2023-06-15T16:48:39+00:00
SAO_8013-10,São Paulo,3550308,True,,800,,,-23.431413,-46.7872125,,,,1,2023-06-15T16:48:38+00:00
SAO_8013-10,São Paulo,3550308,True,,800,,,-23.508798,-46.735825125,,,,1,2023-06-15T16:48:33+00:00
SAO_8013-10,São Paulo,3550308,True,,800,,,-23.431413,-46.7872125,,,,1,2023-06-15T16:48:31+00:00
SAO_8013-10,São Paulo,3550308,True,,800,,,-23.440959749999998,-46.786393,,,,1,2023-06-15T16:48:16+00:00
SAO_8013-10,São Paulo,3550308,True,,800,,,-23.509085250000002,-46.732589250000004,,,,1,2023-06-15T16:48:21+00:00
SAO_8013-10,São Paulo,3550308,True,,800,,,-23.431413,-46.7872125,,,,1,2023-06-15T16:48:17+00:00
SAO_8013-10,São Paulo,3550308,True,,800,,,-23.4838595,-46.770715499999994,,,,1,2023-06-15T16:48:23+00:00
SAO_8013-10,São Paulo,3550308,True,,800,,,-23.431413,-46.7872125,,,,1,2023-06-15T16:48:21+00:00
SAO_8013-10,São Paulo,3550308,True,,800,,,-23.431413,-46.7872125,,,,1,2023-06-15T16:48:32+00:00
SAO_8013-10,São Paulo,3550308,True,,800,,,-23.4316619375,-46.786911125,,,,1,2023-06-15T16:48:26+00:00
SAO_8013-10,São Paulo,3550308,True,,800,,,-23.524615500000003,-46.707330625,,,,1,2023-06-15T16:48:36+00:00
SAO_8013-10,São Paulo,3550308,True,,800,,,-23.523743375,-46.705963749999995,,,,1,2023-06-15T16:48:24+00:00
SAO_8013-10,São Paulo,3550308,True,,800,,,-23.4323470625,-46.786800875,,,,1,2023-06-15T16:48:39+00:00
SAO_8013-10,São Paulo,3550308,True,,800,,,-23.4323470625,-46.786800875,,,,1,2023-06-15T16:48:22+00:00
SAO_128Y-10,São Paulo,3550308,True,,33611,,,-23.515374,-46.6919465,,,,2,2023-06-15T16:48:31+00:00
SAO_128Y-10,São Paulo,3550308,True,,33611,,,-23.457446,-46.673119,,,,2,2023-06-15T16:48:12+00:00
SAO_128Y-10,São Paulo,3550308,True,,33611,,,-23.4919185,-46.6565065,,,,2,2023-06-15T16:48:27+00:00
SAO_128Y-10,São Paulo,3550308,True,,33611,,,-23.457446,-46.673119,,,,2,2023-06-15T16:48:26+00:00
SAO_128Y-10,São Paulo,3550308,True,,33611,,,-23.457234,-46.673289,,,,2,2023-06-15T16:48:19+00:00
SAO_128Y-10,São Paulo,3550308,True,,33611,,,-23.457446,-46.673119,,,,2,2023-06-15T16:48:23+00:00
SAO_128Y-10,São Paulo,3550308,True,,33611,,,-23.457446,-46.673119,,,,2,2023-06-15T16:48:21+00:00
SAO_128Y-10,São Paulo,3550308,True,,33611,,,-23.457446,-46.673119,,,,2,2023-06-15T16:48:42+00:00
SAO_128Y-10,São Paulo,3550308,True,,33611,,,-23.4874805,-46.653040000000004,,,,2,2023-06-15T16:48:17+00:00
SAO_128Y-10,São Paulo,3550308,True,,33611,,,-23.4577015,-46.6729265,,,,2,2023-06-15T16:48:42+00:00
SAO_128Y-10,São Paulo,3550308,True,,33611,,,-23.457446,-46.673119,,,,2,2023-06-15T16:48:10+00:00
SAO_128Y-10,São Paulo,3550308,True,,33611,,,-23.516964,-46.698682000000005,,,,2,2023-06-15T16:48:39+00:00
SAO_5362-10,São Paulo,3550308,True,BR7 Mobilidade,70,https://moovitapp.com/index/pt-br/transporte_p%C3%BAblico-line-70-Sao_Paulo-242-851856-2250296-0,5.75,-23.7379235,-46.6925615,,,,1,2023-06-15T16:48:33+00:00
SAO_5362-10,São Paulo,3550308,True,BR7 Mobilidade,70,https://moovitapp.com/index/pt-br/transporte_p%C3%BAblico-line-70-Sao_Paulo-242-851856-2250296-0,5.75,-23.655412875,-46.70132125,,,,1,2023-06-15T16:48:17+00:00
SAO_5362-10,São Paulo,3550308,True,BR7 Mobilidade,70,https://moovitapp.com/index/pt-br/transporte_p%C3%BAblico-line-70-Sao_Paulo-242-851856-2250296-0,5.75,-23.7445215,-46.670979,,,,1,2023-06-15T16:48:31+00:00
SAO_5362-10,São Paulo,3550308,True,BR7 Mobilidade,70,https://moovitapp.com/index/pt-br/transporte_p%C3%BAblico-line-70-Sao_Paulo-242-851856-2250296-0,5.75,-23.7469995,-46.665893749999995,,,,1,2023-06-15T16:48:36+00:00
SAO_5362-10,São Paulo,3550308,True,BR7 Mobilidade,70,https://moovitapp.com/index/pt-br/transporte_p%C3%BAblico-line-70-Sao_Paulo-242-851856-2250296-0,5.75,-23.627943062499998,-46.6851315,,,,1,2023-06-15T16:48:32+00:00
SAO_5362-10,São Paulo,3550308,True,BR7 Mobilidade,70,https://moovitapp.com/index/pt-br/transporte_p%C3%BAblico-line-70-Sao_Paulo-242-851856-2250296-0,5.75,-23.6543535,-46.701634625,,,,1,2023-06-15T16:48:21+00:00
SAO_5362-10,São Paulo,3550308,True,BR7 Mobilidade,70,https://moovitapp.com/index/pt-br/transporte_p%C3%BAblico-line-70-Sao_Paulo-242-851856-2250296-0,5.75,-23.59990275,-46.658639,,,,1,2023-06-15T16:48:32+00:00
SAO_2203-10,São Paulo,3550308,True,,33679,,,-23.5292135,-46.497814500000004,,,,2,2023-06-15T16:48:22+00:00
SAO_2203-10,São Paulo,3550308,True,,33679,,,-23.524728,-46.5455005,,,,2,2023-06-15T16:43:05+00:00
SAO_2203-10,São Paulo,3550308,True,,33679,,,-23.52324325,-46.54482,,,,2,2023-06-15T16:48:39+00:00
SAO_2203-10,São Paulo,3550308,True,,33679,,,-23.520574500000002,-46.484283500000004,,,,2,2023-06-15T16:48:09+00:00
SAO_2590-10,São Paulo,3550308,True,,33680,,,-23.535033,-46.578162000000006,,,,2,2023-06-15T16:48:16+00:00
SAO_2590-10,São Paulo,3550308,True,,33680,,,-23.4828895,-46.471030999999996,,,,2,2023-06-15T16:46:11+00:00
SAO_2590-10,São Paulo,3550308,True,,33680,,,-23.4956295,-46.509212,,,,2,2023-06-15T16:48:02+00:00
SAO_2590-10,São Paulo,3550308,True,,33680,,,-23.5459115,-46.621572,,,,2,2023-06-15T16:48:09+00:00
SAO_4011-10,São Paulo,3550308,True,,2184,,,-23.594517500000002,-46.447731,,,,1,2023-06-15T16:48:23+00:00
SAO_4011-10,São Paulo,3550308,True,,2184,,,-23.622194,-46.413724,,,,1,2023-06-15T16:43:12+00:00
SAO_4011-10,São Paulo,3550308,True,,2184,,,-23.60495325,-46.471165,,,,1,2023-06-15T16:48:24+00:00
SAO_4011-10,São Paulo,3550308,True,,2184,,,-23.6172015,-46.422165,,,,1,2023-06-15T16:48:46+00:00
SAO_4011-10,São Paulo,3550308,True,,2184,,,-23.612609,-46.476212000000004,,,,1,2023-06-15T16:48:20+00:00
SAO_4011-10,São Paulo,3550308,True,,2184,,,-23.622194,-46.413724,,,,1,2023-06-15T16:48:46+00:00
SAO_4011-10,São Paulo,3550308,True,,2184,,,-23.5960245,-46.4362195,,,,1,2023-06-15T16:48:40+00:00
SAO_4011-10,São Paulo,3550308,True,,2184,,,-23.622194,-46.413724,,,,1,2023-06-15T16:48:38+00:00
SAO_1745-10,São Paulo,3550308,True,,546,,,-23.473242499999998,-46.665350000000004,,,,1,2023-06-15T16:48:33+00:00
SAO_1745-10,São Paulo,3550308,True,,546,,,-23.500198500000003,-46.63118025,,,,1,2023-06-15T16:48:42+00:00
SAO_1745-10,São Paulo,3550308,True,,546,,,-23.4883555,-46.651771499999995,,,,1,2023-06-15T16:48:31+00:00
SAO_2717-10,São Paulo,3550308,True,Urubupungá,930,https://moovitapp.com/index/pt-br/transporte_p%C3%BAblico-line-930-Sao_Paulo-242-873835-496473-0,4.6,-23.504879,-46.507585500000005,,,,1,2023-06-15T16:48:14+00:00
SAO_2717-10,São Paulo,3550308,True,Urubupungá,930,https://moovitapp.com/index/pt-br/transporte_p%C3%BAblico-line-930-Sao_Paulo-242-873835-496473-0,4.6,-23.516371,-46.516960999999995,,,,1,2023-06-15T16:47:45+00:00
SAO_856R-10,São Paulo,3550308,True,,34196,,,-23.523056500000003,-46.68789162499999,,,,2,2023-06-15T16:48:43+00:00
SAO_856R-10,São Paulo,3550308,True,,34196,,,-23.58403625,-46.672600749999994,,,,2,2023-06-15T16:48:04+00:00
SAO_856R-10,São Paulo,3550308,True,,34196,,,-23.536719125,-46.68566,,,,2,2023-06-15T16:48:24+00:00
SAO_856R-10,São Paulo,3550308,True,,34196,,,-23.527725625000002,-46.6805735,,,,2,2023-06-15T16:48:25+00:00
SAO_856R-10,São Paulo,3550308,True,,34196,,,-23.59641125,-46.67341025,,,,2,2023-06-15T16:48:33+00:00
SAO_856R-10,São Paulo,3550308,True,,34196,,,-23.632458,-46.69188525,,,,2,2023-06-15T16:48:34+00:00
SAO_856R-10,São Paulo,3550308,True,,34196,,,-23.580999749999997,-46.68452675,,,,2,2023-06-15T16:48:17+00:00
SAO_856R-10,São Paulo,3550308,True,,34196,,,-23.55650025,-46.67573287500001,,,,2,2023-06-15T16:48:39+00:00
SAO_856R-10,São Paulo,3550308,True,,34196,,,-23.5859295,-46.679567000000006,,,,2,2023-06-15T16:48:02+00:00
SAO_856R-10,São Paulo,3550308,True,,34196,,,-23.5224215,-46.697696,,,,2,2023-06-15T16:48:13+00:00
SAO_856R-10,São Paulo,3550308,True,,34196,,,-23.527421125000004,-46.6810155,,,,2,2023-06-15T16:48:33+00:00
SAO_875A-10,São Paulo,3550308,True,,33377,,,-23.5439705,-46.6444105,,,,2,2023-06-15T16:48:34+00:00
SAO_875A-10,São Paulo,3550308,True,,33377,,,-23.597682,-46.636748,,,,2,2023-06-15T16:48:10+00:00
SAO_875A-10,São Paulo,3550308,True,,33377,,,-23.617794500000002,-46.662015,,,,2,2023-06-15T16:48:14+00:00
SAO_875A-10,São Paulo,3550308,True,,33377,,,-23.533683375000003,-46.66611962500001,,,,2,2023-06-15T16:48:23+00:00
SAO_875A-10,São Paulo,3550308,True,,33377,,,-23.6431185,-46.662103,,,,2,2023-06-15T16:48:16+00:00
SAO_875A-10,São Paulo,3550308,True,,33377,,,-23.630838875,-46.663983875,,,,2,2023-06-15T16:48:18+00:00
SAO_875A-10,São Paulo,3550308,True,,33377,,,-23.562789375,-46.654997124999994,,,,2,2023-06-15T16:48:21+00:00
SAO_875A-10,São Paulo,3550308,True,,33377,,,-23.624724,-46.64066425,,,,2,2023-06-15T16:48:04+00:00
SAO_273R-10,São Paulo,3550308,True,EMTU,226,https://moovitapp.com/index/pt-br/transporte_p%C3%BAblico-line-226-Sao_Paulo-242-2038937-36419343-0,5.05,-23.511241,-46.437256500000004,,,,1,2023-06-15T16:48:04+00:00
SAO_273R-10,São Paulo,3550308,True,EMTU,226,https://moovitapp.com/index/pt-br/transporte_p%C3%BAblico-line-226-Sao_Paulo-242-2038937-36419343-0,5.05,-23.521997499999998,-46.412527999999995,,,,1,2023-06-15T16:48:16+00:00
SAO_273R-10,São Paulo,3550308,True,EMTU,226,https://moovitapp.com/index/pt-br/transporte_p%C3%BAblico-line-226-Sao_Paulo-242-2038937-36419343-0,5.05,-23.540062499999998,-46.482594375,,,,1,2023-06-15T16:48:35+00:00
SAO_273R-10,São Paulo,3550308,True,EMTU,226,https://moovitapp.com/index/pt-br/transporte_p%C3%BAblico-line-226-Sao_Paulo-242-2038937-36419343-0,5.05,-23.5175915,-46.4751235,,,,1,2023-06-15T16:48:05+00:00
SAO_273R-10,São Paulo,3550308,True,EMTU,226,https://moovitapp.com/index/pt-br/transporte_p%C3%BAblico-line-226-Sao_Paulo-242-2038937-36419343-0,5.05,-23.521997499999998,-46.412527999999995,,,,1,2023-06-15T16:48:23+00:00
SAO_273R-10,São Paulo,3550308,True,EMTU,226,https://moovitapp.com/index/pt-br/transporte_p%C3%BAblico-line-226-Sao_Paulo-242-2038937-36419343-0,5.05,-23.521997499999998,-46.412527999999995,,,,1,2023-06-15T16:48:31+00:00
SAO_273R-10,São Paulo,3550308,True,EMTU,226,https://moovitapp.com/index/pt-br/transporte_p%C3%BAblico-line-226-Sao_Paulo-242-2038937-36419343-0,5.05,-23.521997499999998,-46.412527999999995,,,,1,2023-06-15T16:48:23+00:00
SAO_273R-10,São Paulo,3550308,True,EMTU,226,https://moovitapp.com/index/pt-br/transporte_p%C3%BAblico-line-226-Sao_Paulo-242-2038937-36419343-0,5.05,-23.5200055,-46.418175500000004,,,,1,2023-06-15T16:48:35+00:00
SAO_273R-10,São Paulo,3550308,True,EMTU,226,https://moovitapp.com/index/pt-br/transporte_p%C3%BAblico-line-226-Sao_Paulo-242-2038937-36419343-0,5.05,-23.52438525,-46.475050749999994,,,,1,2023-06-15T16:48:04+00:00
SAO_273R-10,São Paulo,3550308,True,EMTU,226,https://moovitapp.com/index/pt-br/transporte_p%C3%BAblico-line-226-Sao_Paulo-242-2038937-36419343-0,5.05,-23.521997499999998,-46.412527999999995,,,,1,2023-06-15T16:48:06+00:00
SAO_5391-10,São Paulo,3550308,True,EMTU,171,https://moovitapp.com/index/pt-br/transporte_p%C3%BAblico-line-171-Sao_Paulo-242-2038937-36419310-0,4.8,-23.63999525,-46.696571000000006,,,,1,2023-06-15T16:48:12+00:00
SAO_5391-10,São Paulo,3550308,True,EMTU,171,https://moovitapp.com/index/pt-br/transporte_p%C3%BAblico-line-171-Sao_Paulo-242-2038937-36419310-0,4.8,-23.6772705,-46.7589355,,,,1,2023-06-15T16:48:21+00:00
SAO_5391-10,São Paulo,3550308,True,EMTU,171,https://moovitapp.com/index/pt-br/transporte_p%C3%BAblico-line-171-Sao_Paulo-242-2038937-36419310-0,4.8,-23.666076875,-46.715127249999995,,,,1,2023-06-15T16:48:05+00:00
SAO_5391-10,São Paulo,3550308,True,EMTU,171,https://moovitapp.com/index/pt-br/transporte_p%C3%BAblico-line-171-Sao_Paulo-242-2038937-36419310-0,4.8,-23.609755937499997,-46.667901625,,,,1,2023-06-15T16:48:17+00:00
SAO_5391-10,São Paulo,3550308,True,EMTU,171,https://moovitapp.com/index/pt-br/transporte_p%C3%BAblico-line-171-Sao_Paulo-242-2038937-36419310-0,4.8,-23.594643625,-46.653719375,,,,1,2023-06-15T16:48:10+00:00
SAO_5391-10,São Paulo,3550308,True,EMTU,171,https://moovitapp.com/index/pt-br/transporte_p%C3%BAblico-line-171-Sao_Paulo-242-2038937-36419310-0,4.8,-23.5520285,-46.6368765,,,,1,2023-06-15T16:48:15+00:00
SAO_5391-10,São Paulo,3550308,True,EMTU,171,https://moovitapp.com/index/pt-br/transporte_p%C3%BAblico-line-171-Sao_Paulo-242-2038937-36419310-0,4.8,-23.671875,-46.741420500000004,,,,1,2023-06-15T16:48:33+00:00
SAO_5109-10,São Paulo,3550308,True,,1851,,,-23.5504855,-46.626986,,,,1,2023-06-15T16:48:21+00:00
SAO_5109-10,São Paulo,3550308,True,,1851,,,-23.5845615,-46.5865805,,,,1,2023-06-15T16:48:37+00:00
SAO_2772-10,São Paulo,3550308,True,,398,,,-23.49527875,-46.431802250000004,,,,1,2023-06-15T16:48:01+00:00
SAO_2772-10,São Paulo,3550308,True,,398,,,-23.53265475,-46.5431335,,,,1,2023-06-15T16:48:28+00:00
SAO_2772-10,São Paulo,3550308,True,,398,,,-23.50725925,-46.48718375,,,,1,2023-06-15T16:48:21+00:00
SAO_3063-10,São Paulo,3550308,True,EMTU,253,https://moovitapp.com/index/pt-br/transporte_p%C3%BAblico-line-253-Sao_Paulo-242-2038937-36419364-0,5.4,-23.5736365,-46.4160045,,,,1,2023-06-15T16:45:10+00:00
SAO_3063-10,São Paulo,3550308,True,EMTU,253,https://moovitapp.com/index/pt-br/transporte_p%C3%BAblico-line-253-Sao_Paulo-242-2038937-36419364-0,5.4,-23.599030749999997,-46.4691375,,,,1,2023-06-15T16:48:22+00:00
SAO_3063-10,São Paulo,3550308,True,EMTU,253,https://moovitapp.com/index/pt-br/transporte_p%C3%BAblico-line-253-Sao_Paulo-242-2038937-36419364-0,5.4,-23.558697000000002,-46.3999615,,,,1,2023-06-15T16:48:12+00:00
SAO_3063-10,São Paulo,3550308,True,EMTU,253,https://moovitapp.com/index/pt-br/transporte_p%C3%BAblico-line-253-Sao_Paulo-242-2038937-36419364-0,5.4,-23.559738,-46.413317500000005,,,,1,2023-06-15T16:48:33+00:00
SAO_971R-21,São Paulo,3550308,True,,33383,,,-23.501332,-46.624855,,,,2,2023-06-15T16:48:19+00:00
SAO_971R-21,São Paulo,3550308,True,,33383,,,-23.501994500000002,-46.625838,,,,2,2023-06-15T16:48:43+00:00
SAO_5038-10,São Paulo,3550308,True,,1661,,,-23.6536285,-46.60265,,,,1,2023-06-15T16:48:04+00:00
SAO_5038-10,São Paulo,3550308,True,,1661,,,-23.627879,-46.601390499999994,,,,1,2023-06-15T16:48:09+00:00
SAO_5038-10,São Paulo,3550308,True,,1661,,,-23.6490035,-46.610611250000005,,,,1,2023-06-15T16:48:16+00:00
SAO_5038-10,São Paulo,3550308,True,,1661,,,-23.6029585,-46.601618,,,,1,2023-06-15T16:48:21+00:00
SAO_5038-10,São Paulo,3550308,True,,1661,,,-23.655177000000002,-46.6062425,,,,1,2023-06-15T16:48:14+00:00
SAO_6820-10,São Paulo,3550308,True,,32787,,,-23.6591095,-46.766191,,,,2,2023-06-15T16:48:24+00:00
SAO_6820-10,São Paulo,3550308,True,,32787,,,-23.658400999999998,-46.78931475,,,,2,2023-06-15T16:48:42+00:00
SAO_6820-10,São Paulo,3550308,True,,32787,,,-23.6559925,-46.76256875,,,,2,2023-06-15T16:48:06+00:00
SAO_6820-10,São Paulo,3550308,True,,32787,,,-23.658020999999998,-46.7897125,,,,2,2023-06-15T16:48:25+00:00
SAO_6820-10,São Paulo,3550308,True,,32787,,,-23.665001,-46.790306,,,,2,2023-06-15T16:48:22+00:00
SAO_7049-10,São Paulo,3550308,True,,34680,,,-23.7116535,-46.777972,,,,2,2023-06-15T16:48:37+00:00
SAO_7049-10,São Paulo,3550308,True,,34680,,,-23.71138725,-46.77812725,,,,2,2023-06-15T16:48:09+00:00
SAO_7049-10,São Paulo,3550308,True,,34680,,,-23.682578,-46.773351000000005,,,,2,2023-06-15T16:48:04+00:00
SAO_7049-10,São Paulo,3550308,True,,34680,,,-23.71138725,-46.77812725,,,,2,2023-06-15T16:48:04+00:00
SAO_7049-10,São Paulo,3550308,True,,34680,,,-23.71138725,-46.77812725,,,,2,2023-06-15T16:48:10+00:00
SAO_7049-10,São Paulo,3550308,True,,34680,,,-23.6779205,-46.776494,,,,2,2023-06-15T16:48:38+00:00
SAO_7049-10,São Paulo,3550308,True,,34680,,,-23.643277499999996,-46.77967925,,,,2,2023-06-15T16:48:30+00:00
SAO_7049-10,São Paulo,3550308,True,,34680,,,-23.711143749999998,-46.778219750000005,,,,2,2023-06-15T16:48:40+00:00
SAO_7049-10,São Paulo,3550308,True,,34680,,,-23.711143749999998,-46.778219750000005,,,,2,2023-06-15T16:48:24+00:00
SAO_875C-10,São Paulo,3550308,True,EMTU,478,https://moovitapp.com/index/pt-br/transporte_p%C3%BAblico-line-478-Sao_Paulo-242-2038937-36419510-0,6.25,-23.599491,-46.6372245,,,,1,2023-06-15T16:48:43+00:00
SAO_875C-10,São Paulo,3550308,True,EMTU,478,https://moovitapp.com/index/pt-br/transporte_p%C3%BAblico-line-478-Sao_Paulo-242-2038937-36419510-0,6.25,-23.5412755,-46.716762,,,,1,2023-06-15T16:48:31+00:00
SAO_875C-10,São Paulo,3550308,True,EMTU,478,https://moovitapp.com/index/pt-br/transporte_p%C3%BAblico-line-478-Sao_Paulo-242-2038937-36419510-0,6.25,-23.5482571875,-46.7107925625,,,,1,2023-06-15T16:48:16+00:00
SAO_875C-10,São Paulo,3550308,True,EMTU,478,https://moovitapp.com/index/pt-br/transporte_p%C3%BAblico-line-478-Sao_Paulo-242-2038937-36419510-0,6.25,-23.600479999999997,-46.667131624999996,,,,1,2023-06-15T16:48:27+00:00
SAO_875C-10,São Paulo,3550308,True,EMTU,478,https://moovitapp.com/index/pt-br/transporte_p%C3%BAblico-line-478-Sao_Paulo-242-2038937-36419510-0,6.25,-23.601333125,-46.666076625,,,,1,2023-06-15T16:48:10+00:00
SAO_875C-10,São Paulo,3550308,True,EMTU,478,https://moovitapp.com/index/pt-br/transporte_p%C3%BAblico-line-478-Sao_Paulo-242-2038937-36419510-0,6.25,-23.5482571875,-46.7107925625,,,,1,2023-06-15T16:48:47+00:00
SAO_875C-10,São Paulo,3550308,True,EMTU,478,https://moovitapp.com/index/pt-br/transporte_p%C3%BAblico-line-478-Sao_Paulo-242-2038937-36419510-0,6.25,-23.585649,-46.6715685,,,,1,2023-06-15T16:48:07+00:00
SAO_875C-10,São Paulo,3550308,True,EMTU,478,https://moovitapp.com/index/pt-br/transporte_p%C3%BAblico-line-478-Sao_Paulo-242-2038937-36419510-0,6.25,-23.5227455,-46.700882375,,,,1,2023-06-15T16:48:18+00:00
SAO_978A-10,São Paulo,3550308,True,,1369,,,-23.491875,-46.685559999999995,,,,1,2023-06-15T16:48:31+00:00
SAO_978A-10,São Paulo,3550308,True,,1369,,,-23.479086000000002,-46.673387500000004,,,,1,2023-06-15T16:48:04+00:00
SAO_978A-10,São Paulo,3550308,True,,1369,,,-23.4756295,-46.6704885,,,,1,2023-06-15T16:48:24+00:00
SAO_978A-10,São Paulo,3550308,True,,1369,,,-23.4756295,-46.6704885,,,,1,2023-06-15T16:48:13+00:00
SAO_978A-10,São Paulo,3550308,True,,1369,,,-23.509191,-46.6897765,,,,1,2023-06-15T16:48:39+00:00
SAO_978A-10,São Paulo,3550308,True,,1369,,,-23.4756295,-46.6704885,,,,1,2023-06-15T16:48:38+00:00
SAO_978A-10,São Paulo,3550308,True,,1369,,,-23.4756295,-46.6704885,,,,1,2023-06-15T16:48:32+00:00
SAO_978A-10,São Paulo,3550308,True,,1369,,,-23.4756295,-46.6704885,,,,1,2023-06-15T16:48:42+00:00
SAO_978A-10,São Paulo,3550308,True,,1369,,,-23.4756295,-46.6704885,,,,1,2023-06-15T16:48:02+00:00
SAO_3160-10,São Paulo,3550308,True,,32893,,,-23.583925999999998,-46.585930000000005,,,,2,2023-06-15T16:48:43+00:00
SAO_3160-10,São Paulo,3550308,True,,32893,,,-23.583925999999998,-46.585930000000005,,,,2,2023-06-15T16:48:25+00:00
SAO_3160-10,São Paulo,3550308,True,,32893,,,-23.583903499999998,-46.5856135,,,,2,2023-06-15T16:48:19+00:00
SAO_3160-10,São Paulo,3550308,True,,32893,,,-23.5476865,-46.6292585,,,,2,2023-06-15T16:48:22+00:00
SAO_3160-10,São Paulo,3550308,True,,32893,,,-23.58173075,-46.58667925,,,,2,2023-06-15T16:48:14+00:00
SAO_938L-10,São Paulo,3550308,True,,1368,,,-23.475696,-46.670624000000004,,,,1,2023-06-15T16:48:37+00:00
SAO_938L-10,São Paulo,3550308,True,,1368,,,-23.4806715,-46.6741895,,,,1,2023-06-15T16:48:36+00:00
SAO_938L-10,São Paulo,3550308,True,,1368,,,-23.504373,-46.688586,,,,1,2023-06-15T16:48:21+00:00
SAO_938L-10,São Paulo,3550308,True,,1368,,,-23.514675500000003,-46.703976499999996,,,,1,2023-06-15T16:48:11+00:00
SAO_938L-10,São Paulo,3550308,True,,1368,,,-23.517514,-46.703650375,,,,1,2023-06-15T16:48:07+00:00
SAO_938L-10,São Paulo,3550308,True,,1368,,,-23.517514,-46.703650375,,,,1,2023-06-15T16:48:35+00:00
SAO_938L-10,São Paulo,3550308,True,,1368,,,-23.517339999999997,-46.704061125,,,,1,2023-06-15T16:48:26+00:00
SAO_6051-31,São Paulo,3550308,True,,34374,,,-23.7628215,-46.688933500000005,,,,2,2023-06-15T16:48:15+00:00
SAO_6051-31,São Paulo,3550308,True,,34374,,,-23.76784525,-46.71674175,,,,2,2023-06-15T16:48:43+00:00
SAO_297A-10,São Paulo,3550308,True,,2133,,,-23.515675750000003,-46.6791395,,,,1,2023-06-15T16:48:18+00:00
SAO_297A-10,São Paulo,3550308,True,,2133,,,-23.494899,-46.676648,,,,1,2023-06-15T16:48:08+00:00
SAO_297A-10,São Paulo,3550308,True,,2133,,,-23.493399,-46.6757375,,,,1,2023-06-15T16:48:29+00:00
SAO_297A-10,São Paulo,3550308,True,,2133,,,-23.5250975,-46.6664375,,,,1,2023-06-15T16:48:17+00:00
SAO_297A-10,São Paulo,3550308,True,,2133,,,-23.493399,-46.6757375,,,,1,2023-06-15T16:48:44+00:00
SAO_2523-10,São Paulo,3550308,True,Cidade de Caieiras,250,https://moovitapp.com/index/pt-br/transporte_p%C3%BAblico-line-250-Sao_Paulo-242-868761-752902-0,5.0,-23.5182095,-46.475659,,,,1,2023-06-15T16:48:31+00:00
SAO_2523-10,São Paulo,3550308,True,Cidade de Caieiras,250,https://moovitapp.com/index/pt-br/transporte_p%C3%BAblico-line-250-Sao_Paulo-242-868761-752902-0,5.0,-23.517957000000003,-46.4757075,,,,1,2023-06-15T16:48:23+00:00
SAO_2523-10,São Paulo,3550308,True,Cidade de Caieiras,250,https://moovitapp.com/index/pt-br/transporte_p%C3%BAblico-line-250-Sao_Paulo-242-868761-752902-0,5.0,-23.517572,-46.475783,,,,1,2023-06-15T16:48:18+00:00
SAO_6825-10,São Paulo,3550308,True,BR7 Mobilidade,14,https://moovitapp.com/index/pt-br/transporte_p%C3%BAblico-line-14-Sao_Paulo-242-851856-183465-0,5.75,-23.653725,-46.762792000000005,,,,1,2023-06-15T16:48:19+00:00
SAO_6825-10,São Paulo,3550308,True,BR7 Mobilidade,14,https://moovitapp.com/index/pt-br/transporte_p%C3%BAblico-line-14-Sao_Paulo-242-851856-183465-0,5.75,-23.685346,-46.800567,,,,1,2023-06-15T16:48:18+00:00
SAO_6825-10,São Paulo,3550308,True,BR7 Mobilidade,14,https://moovitapp.com/index/pt-br/transporte_p%C3%BAblico-line-14-Sao_Paulo-242-851856-183465-0,5.75,-23.67602,-46.789260999999996,,,,1,2023-06-15T16:48:28+00:00
SAO_6825-10,São Paulo,3550308,True,BR7 Mobilidade,14,https://moovitapp.com/index/pt-br/transporte_p%C3%BAblico-line-14-Sao_Paulo-242-851856-183465-0,5.75,-23.685214000000002,-46.800338999999994,,,,1,2023-06-15T16:48:39+00:00
SAO_175P-10,São Paulo,3550308,True,,675,,,-23.573711125,-46.64242475,,,,1,2023-06-15T16:48:39+00:00
SAO_175P-10,São Paulo,3550308,True,,675,,,-23.58324825,-46.63735,,,,1,2023-06-15T16:48:09+00:00
SAO_175P-10,São Paulo,3550308,True,,675,,,-23.502437,-46.651068499999994,,,,1,2023-06-15T16:48:17+00:00
SAO_175P-10,São Paulo,3550308,True,,675,,,-23.500196000000003,-46.63084,,,,1,2023-06-15T16:48:38+00:00
SAO_175P-10,São Paulo,3550308,True,,675,,,-23.585694562500002,-46.63656756249999,,,,1,2023-06-15T16:48:40+00:00
SAO_175P-10,São Paulo,3550308,True,,675,,,-23.5462335,-46.673435,,,,1,2023-06-15T16:48:33+00:00
SAO_175P-10,São Paulo,3550308,True,,675,,,-23.5861638125,-46.63626881249999,,,,1,2023-06-15T16:48:38+00:00
SAO_175P-10,São Paulo,3550308,True,,675,,,-23.559176375,-46.659142,,,,1,2023-06-15T16:48:24+00:00
SAO_175P-10,São Paulo,3550308,True,,675,,,-23.502966999999998,-46.6260415,,,,1,2023-06-15T16:48:43+00:00
SAO_175P-10,São Paulo,3550308,True,,675,,,-23.502966999999998,-46.6260415,,,,1,2023-06-15T16:48:42+00:00
SAO_175P-10,São Paulo,3550308,True,,675,,,-23.519741,-46.656991250000004,,,,1,2023-06-15T16:48:31+00:00
SAO_175P-10,São Paulo,3550308,True,,675,,,-23.529277625,-46.661024125000004,,,,1,2023-06-15T16:48:02+00:00
SAO_971M-10,São Paulo,3550308,True,,33380,,,-23.490409,-46.6888085,,,,2,2023-06-15T16:48:19+00:00
SAO_971M-10,São Paulo,3550308,True,,33380,,,-23.475517375,-46.66922425,,,,2,2023-06-15T16:48:12+00:00
SAO_971M-10,São Paulo,3550308,True,,33380,,,-23.475571,-46.67008575,,,,2,2023-06-15T16:48:42+00:00
SAO_971M-10,São Paulo,3550308,True,,33380,,,-23.498356,-46.62720575,,,,2,2023-06-15T16:48:30+00:00
SAO_971M-10,São Paulo,3550308,True,,33380,,,-23.4838075,-46.6310405,,,,2,2023-06-15T16:47:28+00:00
SAO_971M-10,São Paulo,3550308,True,,33380,,,-23.472089625,-46.673646500000004,,,,2,2023-06-15T16:48:45+00:00
SAO_971M-10,São Paulo,3550308,True,,33380,,,-23.490305,-46.6886595,,,,2,2023-06-15T16:48:35+00:00
SAO_971M-10,São Paulo,3550308,True,,33380,,,-23.490170499999998,-46.688534000000004,,,,2,2023-06-15T16:48:31+00:00
SAO_971M-10,São Paulo,3550308,True,,33380,,,-23.490305,-46.6886595,,,,2,2023-06-15T16:48:29+00:00
SAO_637G-10,São Paulo,3550308,True,EMTU,101,https://moovitapp.com/index/pt-br/transporte_p%C3%BAblico-line-101-Sao_Paulo-242-2038937-36419264-0,4.8,-23.649885249999997,-46.702398,,,,1,2023-06-15T16:46:28+00:00
SAO_637G-10,São Paulo,3550308,True,EMTU,101,https://moovitapp.com/index/pt-br/transporte_p%C3%BAblico-line-101-Sao_Paulo-242-2038937-36419264-0,4.8,-23.6934325,-46.70156075,,,,1,2023-06-15T16:48:29+00:00
SAO_637G-10,São Paulo,3550308,True,EMTU,101,https://moovitapp.com/index/pt-br/transporte_p%C3%BAblico-line-101-Sao_Paulo-242-2038937-36419264-0,4.8,-23.5819665,-46.683908,,,,1,2023-06-15T16:48:44+00:00
SAO_637G-10,São Paulo,3550308,True,EMTU,101,https://moovitapp.com/index/pt-br/transporte_p%C3%BAblico-line-101-Sao_Paulo-242-2038937-36419264-0,4.8,-23.747614,-46.6877085,,,,1,2023-06-15T16:48:03+00:00
SAO_637G-10,São Paulo,3550308,True,EMTU,101,https://moovitapp.com/index/pt-br/transporte_p%C3%BAblico-line-101-Sao_Paulo-242-2038937-36419264-0,4.8,-23.6886315,-46.701716,,,,1,2023-06-15T16:48:27+00:00
SAO_637G-10,São Paulo,3550308,True,EMTU,101,https://moovitapp.com/index/pt-br/transporte_p%C3%BAblico-line-101-Sao_Paulo-242-2038937-36419264-0,4.8,-23.7537615,-46.6807515,,,,1,2023-06-15T16:48:13+00:00
SAO_637G-10,São Paulo,3550308,True,EMTU,101,https://moovitapp.com/index/pt-br/transporte_p%C3%BAblico-line-101-Sao_Paulo-242-2038937-36419264-0,4.8,-23.7537615,-46.6807515,,,,1,2023-06-15T16:48:31+00:00
SAO_637G-10,São Paulo,3550308,True,EMTU,101,https://moovitapp.com/index/pt-br/transporte_p%C3%BAblico-line-101-Sao_Paulo-242-2038937-36419264-0,4.8,-23.7537615,-46.6807515,,,,1,2023-06-15T16:48:41+00:00
SAO_707A-10,São Paulo,3550308,True,,34758,,,-23.692809,-46.778341,,,,2,2023-06-15T16:48:01+00:00
SAO_707A-10,São Paulo,3550308,True,,34758,,,-23.666391750000003,-46.719602374999994,,,,2,2023-06-15T16:47:44+00:00
SAO_707A-10,São Paulo,3550308,True,,34758,,,-23.633492750000002,-46.690376,,,,2,2023-06-15T16:48:16+00:00
SAO_707A-10,São Paulo,3550308,True,,34758,,,-23.601839,-46.6515575,,,,2,2023-06-15T16:48:24+00:00
SAO_707A-10,São Paulo,3550308,True,,34758,,,-23.6926835,-46.778135500000005,,,,2,2023-06-15T16:48:25+00:00
SAO_707A-10,São Paulo,3550308,True,,34758,,,-23.692511000000003,-46.7778525,,,,2,2023-06-15T16:48:33+00:00
SAO_707A-10,São Paulo,3550308,True,,34758,,,-23.642727999999998,-46.699756,,,,2,2023-06-15T16:48:38+00:00
SAO_707A-10,São Paulo,3550308,True,,34758,,,-23.6035255,-46.649808500000006,,,,2,2023-06-15T16:48:18+00:00
SAO_707A-10,São Paulo,3550308,True,,34758,,,-23.608642625,-46.66237425,,,,2,2023-06-15T16:48:29+00:00
SAO_707A-10,São Paulo,3550308,True,,34758,,,-23.691907,-46.7760155,,,,2,2023-06-15T16:47:16+00:00
SAO_707A-10,São Paulo,3550308,True,,34758,,,-23.6753675,-46.7561915,,,,2,2023-06-15T16:48:35+00:00
SAO_707A-10,São Paulo,3550308,True,,34758,,,-23.625414499999998,-46.682889,,,,2,2023-06-15T16:48:34+00:00
SAO_707A-10,São Paulo,3550308,True,,34758,,,-23.650370000000002,-46.7069175,,,,2,2023-06-15T16:48:41+00:00
SAO_707A-10,São Paulo,3550308,True,,34758,,,-23.6113145,-46.6441515,,,,2,2023-06-15T16:47:41+00:00
SAO_978J-10,São Paulo,3550308,True,,33359,,,-23.43829075,-46.7402510625,,,,2,2023-06-15T16:48:11+00:00
SAO_978J-10,São Paulo,3550308,True,,33359,,,-23.436899500000003,-46.739963,,,,2,2023-06-15T16:48:22+00:00
SAO_978J-10,São Paulo,3550308,True,,33359,,,-23.482421000000002,-46.717359,,,,2,2023-06-15T16:48:43+00:00
SAO_978J-10,São Paulo,3550308,True,,33359,,,-23.437111,-46.7400885,,,,2,2023-06-15T16:48:27+00:00
SAO_978J-10,São Paulo,3550308,True,,33359,,,-23.436899500000003,-46.739963,,,,2,2023-06-15T16:48:24+00:00
SAO_978J-10,São Paulo,3550308,True,,33359,,,-23.525720125,-46.678783875,,,,2,2023-06-15T16:48:43+00:00
SAO_6110-10,São Paulo,3550308,True,,1184,,,-23.718687125000002,-46.699647375,,,,1,2023-06-15T16:48:02+00:00
SAO_6110-10,São Paulo,3550308,True,,1184,,,-23.698259999999998,-46.700607500000004,,,,1,2023-06-15T16:48:45+00:00
SAO_6110-10,São Paulo,3550308,True,,1184,,,-23.62337025,-46.661602125,,,,1,2023-06-15T16:48:12+00:00
SAO_6110-10,São Paulo,3550308,True,,1184,,,-23.62369875,-46.6615745,,,,1,2023-06-15T16:48:26+00:00
SAO_6110-10,São Paulo,3550308,True,,1184,,,-23.7551975,-46.7091795,,,,1,2023-06-15T16:48:37+00:00
SAO_6110-10,São Paulo,3550308,True,,1184,,,-23.731271,-46.7164145,,,,1,2023-06-15T16:48:35+00:00
SAO_6110-10,São Paulo,3550308,True,,1184,,,-23.62303925,-46.662572,,,,1,2023-06-15T16:48:36+00:00
SAO_6110-10,São Paulo,3550308,True,,1184,,,-23.645631,-46.6735345,,,,1,2023-06-15T16:48:24+00:00
SAO_6110-10,São Paulo,3550308,True,,1184,,,-23.757465,-46.7053555,,,,1,2023-06-15T16:48:14+00:00
SAO_6110-10,São Paulo,3550308,True,,1184,,,-23.686279,-46.693618,,,,1,2023-06-15T16:48:04+00:00
SAO_6110-10,São Paulo,3550308,True,,1184,,,-23.6302895,-46.6684275,,,,1,2023-06-15T16:48:05+00:00
SAO_6110-10,São Paulo,3550308,True,,1184,,,-23.62337025,-46.661602125,,,,1,2023-06-15T16:48:31+00:00
SAO_4033-10,São Paulo,3550308,True,,1103,,,-23.5997165,-46.537619,,,,1,2023-06-15T16:48:17+00:00
SAO_4033-10,São Paulo,3550308,True,,1103,,,-23.619987000000002,-46.4442025,,,,1,2023-06-15T16:48:46+00:00
SAO_4033-10,São Paulo,3550308,True,,1103,,,-23.615854,-46.455457499999994,,,,1,2023-06-15T16:48:24+00:00
SAO_4033-10,São Paulo,3550308,True,,1103,,,-23.597409499999998,-46.5073745,,,,1,2023-06-15T16:48:36+00:00
SAO_4033-10,São Paulo,3550308,True,,1103,,,-23.610669,-46.484113,,,,1,2023-06-15T16:48:20+00:00
SAO_4033-10,São Paulo,3550308,True,,1103,,,-23.604014499999998,-46.538113499999994,,,,1,2023-06-15T16:48:20+00:00
SAO_4033-10,São Paulo,3550308,True,,1103,,,-23.614725749999998,-46.500750749999995,,,,1,2023-06-15T16:48:39+00:00
SAO_4033-10,São Paulo,3550308,True,,1103,,,-23.604014499999998,-46.538113499999994,,,,1,2023-06-15T16:48:35+00:00
SAO_4033-10,São Paulo,3550308,True,,1103,,,-23.598816375,-46.524547125,,,,1,2023-06-15T16:48:36+00:00
SAO_3761-10,São Paulo,3550308,True,,33819,,,-23.5362085,-46.554025499999995,,,,2,2023-06-15T16:48:32+00:00
SAO_3761-10,São Paulo,3550308,True,,33819,,,-23.56879,-46.504977,,,,2,2023-06-15T16:48:06+00:00
SAO_3761-10,São Paulo,3550308,True,,33819,,,-23.5957765,-46.476284500000006,,,,2,2023-06-15T16:48:12+00:00
SAO_3761-10,São Paulo,3550308,True,,33819,,,-23.596220625,-46.4545145,,,,2,2023-06-15T16:48:07+00:00
SAO_3761-10,São Paulo,3550308,True,,33819,,,-23.61803925,-46.42337725,,,,2,2023-06-15T16:48:38+00:00
SAO_3761-10,São Paulo,3550308,True,,33819,,,-23.600706,-46.43237875,,,,2,2023-06-15T16:48:11+00:00
SAO_3761-10,São Paulo,3550308,True,,33819,,,-23.61803925,-46.42337725,,,,2,2023-06-15T16:48:24+00:00
SAO_3761-10,São Paulo,3550308,True,,33819,,,-23.61839375,-46.42342575,,,,2,2023-06-15T16:48:11+00:00
SAO_3761-10,São Paulo,3550308,True,,33819,,,-23.61839375,-46.42342575,,,,2,2023-06-15T16:48:39+00:00
SAO_971R-10,São Paulo,3550308,True,,33382,,,-23.4537555,-46.737453,,,,2,2023-06-15T16:48:33+00:00
SAO_971R-10,São Paulo,3550308,True,,33382,,,-23.455841,-46.692636,,,,2,2023-06-15T16:48:27+00:00
SAO_971R-10,São Paulo,3550308,True,,33382,,,-23.454051,-46.737555,,,,2,2023-06-15T16:48:17+00:00
SAO_971R-10,São Paulo,3550308,True,,33382,,,-23.453908499999997,-46.7375045,,,,2,2023-06-15T16:48:31+00:00
SAO_971R-10,São Paulo,3550308,True,,33382,,,-23.4394515,-46.7084175,,,,2,2023-06-15T16:48:05+00:00
SAO_971R-10,São Paulo,3550308,True,,33382,,,-23.4947895,-46.64532025,,,,2,2023-06-15T16:48:10+00:00
SAO_971R-10,São Paulo,3550308,True,,33382,,,-23.438672,-46.729782,,,,2,2023-06-15T16:48:36+00:00
SAO_971R-10,São Paulo,3550308,True,,33382,,,-23.476567,-46.6630275,,,,2,2023-06-15T16:46:38+00:00
SAO_7062-10,São Paulo,3550308,True,,34666,,,-23.646132,-46.7723025,,,,2,2023-06-15T16:48:03+00:00
SAO_7062-10,São Paulo,3550308,True,,34666,,,-23.641876500000002,-46.7664805,,,,2,2023-06-15T16:48:39+00:00
SAO_5318-10,São Paulo,3550308,True,,45,,,-23.549789,-46.63551,,,,1,2023-06-15T16:48:21+00:00
SAO_5318-10,São Paulo,3550308,True,,45,,,-23.625454750000003,-46.68264325,,,,1,2023-06-15T16:48:04+00:00
SAO_5318-10,São Paulo,3550308,True,,45,,,-23.57180025,-46.640876500000005,,,,1,2023-06-15T16:48:13+00:00
SAO_5318-10,São Paulo,3550308,True,,45,,,-23.574238,-46.641146,,,,1,2023-06-15T16:48:23+00:00
SAO_5318-10,São Paulo,3550308,True,,45,,,-23.569505624999998,-46.6406365,,,,1,2023-06-15T16:48:45+00:00
SAO_5318-10,São Paulo,3550308,True,,45,,,-23.652333,-46.733948999999996,,,,1,2023-06-15T16:48:22+00:00
SAO_5318-10,São Paulo,3550308,True,,45,,,-23.601445,-46.660093375,,,,1,2023-06-15T16:48:33+00:00
SAO_5318-10,São Paulo,3550308,True,,45,,,-23.643476625,-46.71587087499999,,,,1,2023-06-15T16:48:22+00:00
SAO_5318-10,São Paulo,3550308,True,,45,,,-23.602103999999997,-46.660708,,,,1,2023-06-15T16:48:47+00:00
SAO_5318-10,São Paulo,3550308,True,,45,,,-23.650033999999998,-46.73314,,,,1,2023-06-15T16:48:22+00:00
SAO_5318-10,São Paulo,3550308,True,,45,,,-23.670700500000002,-46.746517499999996,,,,1,2023-06-15T16:48:30+00:00
SAO_5757-51,São Paulo,3550308,True,,34744,,,-23.635112499999998,-46.640995000000004,,,,2,2023-06-15T16:48:04+00:00
SAO_5757-51,São Paulo,3550308,True,,34744,,,-23.663915000000003,-46.6551335,,,,2,2023-06-15T16:48:32+00:00
SAO_5757-51,São Paulo,3550308,True,,34744,,,-23.698710499999997,-46.647746,,,,2,2023-06-15T16:48:43+00:00
SAO_5757-51,São Paulo,3550308,True,,34744,,,-23.681212000000002,-46.638399500000006,,,,2,2023-06-15T16:48:40+00:00
SAO_5757-51,São Paulo,3550308,True,,34744,,,-23.64461825,-46.644951,,,,2,2023-06-15T16:47:14+00:00
SAO_5757-51,São Paulo,3550308,True,,34744,,,-23.635112499999998,-46.640995000000004,,,,2,2023-06-15T16:48:38+00:00
SAO_5757-51,São Paulo,3550308,True,,34744,,,-23.668201625,-46.651852749999996,,,,2,2023-06-15T16:48:10+00:00
SAO_5757-51,São Paulo,3550308,True,,34744,,,-23.696514999999998,-46.649711499999995,,,,2,2023-06-15T16:48:13+00:00
SAO_5757-51,São Paulo,3550308,True,,34744,,,-23.7074865,-46.641363999999996,,,,2,2023-06-15T16:48:08+00:00
SAO_5757-51,São Paulo,3550308,True,,34744,,,-23.70771575,-46.6411915,,,,2,2023-06-15T16:48:33+00:00
SAO_478P-10,São Paulo,3550308,True,EMTU,349,https://moovitapp.com/index/pt-br/transporte_p%C3%BAblico-line-349-Sao_Paulo-242-2038937-36419432-0,5.1,-23.52867525,-46.695529750000006,,,,1,2023-06-15T16:48:42+00:00
SAO_478P-10,São Paulo,3550308,True,EMTU,349,https://moovitapp.com/index/pt-br/transporte_p%C3%BAblico-line-349-Sao_Paulo-242-2038937-36419432-0,5.1,-23.590939249999998,-46.610294249999995,,,,1,2023-06-15T16:48:29+00:00
SAO_478P-10,São Paulo,3550308,True,EMTU,349,https://moovitapp.com/index/pt-br/transporte_p%C3%BAblico-line-349-Sao_Paulo-242-2038937-36419432-0,5.1,-23.570764375,-46.623932375,,,,1,2023-06-15T16:48:22+00:00
SAO_478P-10,São Paulo,3550308,True,EMTU,349,https://moovitapp.com/index/pt-br/transporte_p%C3%BAblico-line-349-Sao_Paulo-242-2038937-36419432-0,5.1,-23.556865875,-46.6614485,,,,1,2023-06-15T16:48:28+00:00
SAO_5178-10,São Paulo,3550308,True,,595,,,-23.612806,-46.65732075,,,,1,2023-06-15T16:48:41+00:00
SAO_5178-10,São Paulo,3550308,True,,595,,,-23.584128,-46.653803999999994,,,,1,2023-06-15T16:48:33+00:00
SAO_5178-10,São Paulo,3550308,True,,595,,,-23.676204,-46.6419445,,,,1,2023-06-15T16:48:37+00:00
SAO_5178-10,São Paulo,3550308,True,,595,,,-23.589728249999997,-46.6513285,,,,1,2023-06-15T16:48:36+00:00
SAO_5178-10,São Paulo,3550308,True,,595,,,-23.6071345,-46.651856,,,,1,2023-06-15T16:48:17+00:00
SAO_5178-10,São Paulo,3550308,True,,595,,,-23.626447,-46.661390499999996,,,,1,2023-06-15T16:48:46+00:00
SAO_5178-10,São Paulo,3550308,True,,595,,,-23.681904,-46.638852,,,,1,2023-06-15T16:47:57+00:00
SAO_5178-10,São Paulo,3550308,True,,595,,,-23.559326,-46.642411499999994,,,,1,2023-06-15T16:48:03+00:00
SAO_775A-10,São Paulo,3550308,True,EMTU,473,https://moovitapp.com/index/pt-br/transporte_p%C3%BAblico-line-473-Sao_Paulo-242-2038937-36419509-0,7.55,-23.562497999999998,-46.764742999999996,,,,1,2023-06-15T16:48:36+00:00
SAO_775A-10,São Paulo,3550308,True,EMTU,473,https://moovitapp.com/index/pt-br/transporte_p%C3%BAblico-line-473-Sao_Paulo-242-2038937-36419509-0,7.55,-23.568603,-46.697089500000004,,,,1,2023-06-15T16:48:24+00:00
SAO_775A-10,São Paulo,3550308,True,EMTU,473,https://moovitapp.com/index/pt-br/transporte_p%C3%BAblico-line-473-Sao_Paulo-242-2038937-36419509-0,7.55,-23.566542,-46.7583725,,,,1,2023-06-15T16:48:42+00:00
SAO_312N-10,São Paulo,3550308,True,,33758,,,-23.491016,-46.441969,,,,2,2023-06-15T16:48:40+00:00
SAO_312N-10,São Paulo,3550308,True,,33758,,,-23.543808499999997,-46.410647,,,,2,2023-06-15T16:48:12+00:00
SAO_312N-10,São Paulo,3550308,True,,33758,,,-23.563727,-46.40534,,,,2,2023-06-15T16:48:29+00:00
SAO_312N-10,São Paulo,3550308,True,,33758,,,-23.491016,-46.441969,,,,2,2023-06-15T16:48:41+00:00
SAO_312N-10,São Paulo,3550308,True,,33758,,,-23.491016,-46.441969,,,,2,2023-06-15T16:48:27+00:00
SAO_312N-10,São Paulo,3550308,True,,33758,,,-23.491016,-46.441969,,,,2,2023-06-15T16:48:43+00:00
SAO_312N-10,São Paulo,3550308,True,,33758,,,-23.4957225,-46.4108095,,,,2,2023-06-15T16:48:16+00:00
SAO_312N-10,São Paulo,3550308,True,,33758,,,-23.50886225,-46.415793,,,,2,2023-06-15T16:48:08+00:00
SAO_312N-10,São Paulo,3550308,True,,33758,,,-23.491016,-46.441969,,,,2,2023-06-15T16:48:38+00:00
SAO_312N-10,São Paulo,3550308,True,,33758,,,-23.5747125,-46.4121025,,,,2,2023-06-15T16:48:41+00:00
SAO_312N-10,São Paulo,3550308,True,,33758,,,-23.5671365,-46.413358,,,,2,2023-06-15T16:48:07+00:00
SAO_8025-10,São Paulo,3550308,True,,34844,,,-23.584975,-46.739619,,,,2,2023-06-15T16:48:13+00:00
SAO_8025-10,São Paulo,3550308,True,,34844,,,-23.590518,-46.76971475,,,,2,2023-06-15T16:48:35+00:00
SAO_8025-10,São Paulo,3550308,True,,34844,,,-23.594909,-46.761022499999996,,,,2,2023-06-15T16:48:12+00:00
SAO_8025-10,São Paulo,3550308,True,,34844,,,-23.590518,-46.76971475,,,,2,2023-06-15T16:48:13+00:00
SAO_874C-10,São Paulo,3550308,True,,33245,,,-23.5470875,-46.7607205,,,,2,2023-06-15T16:48:17+00:00
SAO_874C-10,São Paulo,3550308,True,,33245,,,-23.545903250000002,-46.734945,,,,2,2023-06-15T16:48:34+00:00
SAO_874C-10,São Paulo,3550308,True,,33245,,,-23.540823,-46.6971845,,,,2,2023-06-15T16:48:17+00:00
SAO_874C-10,São Paulo,3550308,True,,33245,,,-23.5476075,-46.6884185,,,,2,2023-06-15T16:48:42+00:00
SAO_2704-10,São Paulo,3550308,True,,916,,,-23.523500375,-46.414057125,,,,1,2023-06-15T16:48:01+00:00
SAO_2704-10,São Paulo,3550308,True,,916,,,-23.5270815,-46.4096695,,,,1,2023-06-15T16:48:21+00:00
SAO_2704-10,São Paulo,3550308,True,,916,,,-23.542168,-46.472109,,,,1,2023-06-15T16:47:58+00:00
SAO_2704-10,São Paulo,3550308,True,,916,,,-23.5376995,-46.456008999999995,,,,1,2023-06-15T16:45:14+00:00
SAO_2704-10,São Paulo,3550308,True,,916,,,-23.5122585,-46.427502000000004,,,,1,2023-06-15T16:48:25+00:00
SAO_2704-10,São Paulo,3550308,True,,916,,,-23.526659000000002,-46.409887999999995,,,,1,2023-06-15T16:48:44+00:00
SAO_3742-10,São Paulo,3550308,True,,33810,,,-23.595489999999998,-46.445242,,,,2,2023-06-15T16:48:27+00:00
SAO_3742-10,São Paulo,3550308,True,,33810,,,-23.542009,-46.448923750000006,,,,2,2023-06-15T16:48:30+00:00
SAO_3742-10,São Paulo,3550308,True,,33810,,,-23.602328999999997,-46.4351405,,,,2,2023-06-15T16:48:27+00:00
SAO_3742-10,São Paulo,3550308,True,,33810,,,-23.543414499999997,-46.464752000000004,,,,2,2023-06-15T16:48:12+00:00
SAO_3742-10,São Paulo,3550308,True,,33810,,,-23.604736000000003,-46.4346285,,,,2,2023-06-15T16:48:09+00:00
SAO_6008-10,São Paulo,3550308,True,,33968,,,-23.685276,-46.741823499999995,,,,2,2023-06-15T16:48:09+00:00
SAO_6008-10,São Paulo,3550308,True,,33968,,,-23.68471,-46.7633505,,,,2,2023-06-15T16:48:23+00:00
SAO_6008-10,São Paulo,3550308,True,,33968,,,-23.68727,-46.7629345,,,,2,2023-06-15T16:48:04+00:00
SAO_6008-10,São Paulo,3550308,True,,33968,,,-23.68727,-46.7629345,,,,2,2023-06-15T16:48:32+00:00
SAO_6008-10,São Paulo,3550308,True,,33968,,,-23.68727,-46.7629345,,,,2,2023-06-15T16:48:06+00:00
SAO_6008-10,São Paulo,3550308,True,,33968,,,-23.666269874999998,-46.718269250000006,,,,2,2023-06-15T16:48:11+00:00
SAO_6008-10,São Paulo,3550308,True,,33968,,,-23.6873755,-46.763414499999996,,,,2,2023-06-15T16:48:38+00:00
SAO_4734-10,São Paulo,3550308,True,,1109,,,-23.6411645,-46.610744,,,,1,2023-06-15T16:48:37+00:00
SAO_4734-10,São Paulo,3550308,True,,1109,,,-23.635216,-46.615286499999996,,,,1,2023-06-15T16:48:28+00:00
SAO_4734-10,São Paulo,3550308,True,,1109,,,-23.6414715,-46.610838,,,,1,2023-06-15T16:48:05+00:00
SAO_4734-10,São Paulo,3550308,True,,1109,,,-23.6428065,-46.6125275,,,,1,2023-06-15T16:48:16+00:00
SAO_4734-10,São Paulo,3550308,True,,1109,,,-23.6184455,-46.638504499999996,,,,1,2023-06-15T16:48:11+00:00
SAO_4734-10,São Paulo,3550308,True,,1109,,,-23.641398,-46.6108035,,,,1,2023-06-15T16:48:37+00:00
SAO_4734-10,São Paulo,3550308,True,,1109,,,-23.6411645,-46.610744,,,,1,2023-06-15T16:48:25+00:00
SAO_4734-10,São Paulo,3550308,True,,1109,,,-23.61897725,-46.637902249999996,,,,1,2023-06-15T16:48:44+00:00
SAO_4734-10,São Paulo,3550308,True,,1109,,,-23.6414715,-46.610838,,,,1,2023-06-15T16:48:21+00:00
SAO_4734-10,São Paulo,3550308,True,,1109,,,-23.618575749999998,-46.637992499999996,,,,1,2023-06-15T16:48:32+00:00
SAO_4734-10,São Paulo,3550308,True,,1109,,,-23.625893124999997,-46.62190725000001,,,,1,2023-06-15T16:48:30+00:00
SAO_4734-10,São Paulo,3550308,True,,1109,,,-23.642933,-46.605658500000004,,,,1,2023-06-15T16:48:22+00:00
SAO_5175-10,São Paulo,3550308,True,,593,,,-23.581401,-46.658311875,,,,1,2023-06-15T16:48:01+00:00
SAO_5175-10,São Paulo,3550308,True,,593,,,-23.5720795,-46.653583,,,,1,2023-06-15T16:48:42+00:00
SAO_5175-10,São Paulo,3550308,True,,593,,,-23.56706775,-46.648686999999995,,,,1,2023-06-15T16:48:05+00:00
SAO_5175-10,São Paulo,3550308,True,,593,,,-23.6393025,-46.673045,,,,1,2023-06-15T16:48:14+00:00
SAO_5175-10,São Paulo,3550308,True,,593,,,-23.56992,-46.651233500000004,,,,1,2023-06-15T16:48:33+00:00
SAO_5175-10,São Paulo,3550308,True,,593,,,-23.6880165,-46.642643,,,,1,2023-06-15T16:44:05+00:00
SAO_5175-10,São Paulo,3550308,True,,593,,,-23.609489250000003,-46.65394525000001,,,,1,2023-06-15T16:48:28+00:00
SAO_5175-10,São Paulo,3550308,True,,593,,,-23.62491625,-46.661489,,,,1,2023-06-15T16:48:25+00:00
SAO_5175-10,São Paulo,3550308,True,,593,,,-23.602714499999998,-46.651022999999995,,,,1,2023-06-15T16:48:37+00:00
SAO_5175-10,São Paulo,3550308,True,,593,,,-23.66594225,-46.6769645,,,,1,2023-06-15T16:48:02+00:00
SAO_5175-10,São Paulo,3550308,True,,593,,,-23.701442,-46.6454205,,,,1,2023-06-15T16:48:37+00:00
SAO_5175-10,São Paulo,3550308,True,,593,,,-23.6032175,-46.651068499999994,,,,1,2023-06-15T16:48:04+00:00
SAO_5175-10,São Paulo,3550308,True,,593,,,-23.702581000000002,-46.6501255,,,,1,2023-06-15T16:43:07+00:00
SAO_5175-10,São Paulo,3550308,True,,593,,,-23.5586795,-46.641866,,,,1,2023-06-15T16:48:36+00:00
SAO_745M-10,São Paulo,3550308,True,,782,,,-23.6371005,-46.779114500000006,,,,1,2023-06-15T16:48:35+00:00
SAO_745M-10,São Paulo,3550308,True,,782,,,-23.666170625,-46.716131125,,,,1,2023-06-15T16:48:22+00:00
SAO_745M-10,São Paulo,3550308,True,,782,,,-23.637383,-46.779483,,,,1,2023-06-15T16:48:24+00:00
SAO_745M-10,São Paulo,3550308,True,,782,,,-23.630615499999998,-46.768413,,,,1,2023-06-15T16:48:26+00:00
SAO_745M-10,São Paulo,3550308,True,,782,,,-23.630615499999998,-46.768413,,,,1,2023-06-15T16:48:44+00:00
SAO_745M-10,São Paulo,3550308,True,,782,,,-23.6717625,-46.7794765,,,,1,2023-06-15T16:48:36+00:00
SAO_745M-10,São Paulo,3550308,True,,782,,,-23.682125624999998,-46.69107475,,,,1,2023-06-15T16:48:16+00:00
SAO_745M-10,São Paulo,3550308,True,,782,,,-23.630950249999998,-46.76793575,,,,1,2023-06-15T16:48:03+00:00
SAO_745M-10,São Paulo,3550308,True,,782,,,-23.669014499999996,-46.734237750000005,,,,1,2023-06-15T16:48:22+00:00
SAO_745M-10,São Paulo,3550308,True,,782,,,-23.670043,-46.76292225,,,,1,2023-06-15T16:48:42+00:00
SAO_271A-10,São Paulo,3550308,True,,33470,,,-23.527438500000002,-46.586518999999996,,,,2,2023-06-15T16:48:07+00:00
SAO_271A-10,São Paulo,3550308,True,,33470,,,-23.519723125,-46.546817625,,,,2,2023-06-15T16:48:21+00:00
SAO_271A-10,São Paulo,3550308,True,,33470,,,-23.521499249999998,-46.562623,,,,2,2023-06-15T16:48:07+00:00
SAO_271A-10,São Paulo,3550308,True,,33470,,,-23.50281775,-46.61146825,,,,2,2023-06-15T16:48:33+00:00
SAO_271A-10,São Paulo,3550308,True,,33470,,,-23.5067915,-46.578362,,,,2,2023-06-15T16:48:22+00:00
SAO_271A-10,São Paulo,3550308,True,,33470,,,-23.519537999999997,-46.546806000000004,,,,2,2023-06-15T16:48:18+00:00
SAO_271A-10,São Paulo,3550308,True,,33470,,,-23.5020995,-46.623662499999995,,,,2,2023-06-15T16:48:21+00:00
SAO_271A-10,São Paulo,3550308,True,,33470,,,-23.507168,-46.582019,,,,2,2023-06-15T16:48:04+00:00
SAO_6450-10,São Paulo,3550308,True,,59,,,-23.637909125,-46.695680249999995,,,,1,2023-06-15T16:48:46+00:00
SAO_6450-10,São Paulo,3550308,True,,59,,,-23.59641125,-46.67341025,,,,1,2023-06-15T16:48:46+00:00
SAO_6450-10,São Paulo,3550308,True,,59,,,-23.644366749999996,-46.73018450000001,,,,1,2023-06-15T16:48:31+00:00
SAO_6450-10,São Paulo,3550308,True,,59,,,-23.6140035,-46.6786695,,,,1,2023-06-15T16:48:36+00:00
SAO_6450-10,São Paulo,3550308,True,,59,,,-23.653924500000002,-46.7627265,,,,1,2023-06-15T16:48:04+00:00
SAO_6450-10,São Paulo,3550308,True,,59,,,-23.5960915,-46.6732855,,,,1,2023-06-15T16:48:23+00:00
SAO_6450-10,São Paulo,3550308,True,,59,,,-23.622253999999998,-46.684399,,,,1,2023-06-15T16:48:41+00:00
SAO_6450-10,São Paulo,3550308,True,,59,,,-23.57470325,-46.66798862500001,,,,1,2023-06-15T16:48:30+00:00
SAO_6450-10,São Paulo,3550308,True,,59,,,-23.644859875,-46.722269874999995,,,,1,2023-06-15T16:48:40+00:00
SAO_6450-10,São Paulo,3550308,True,,59,,,-23.653924500000002,-46.7627265,,,,1,2023-06-15T16:48:02+00:00
SAO_6450-10,São Paulo,3550308,True,,59,,,-23.653924500000002,-46.7627265,,,,1,2023-06-15T16:48:15+00:00
SAO_6450-10,São Paulo,3550308,True,,59,,,-23.569386,-46.661173125000005,,,,1,2023-06-15T16:48:35+00:00
SAO_6450-10,São Paulo,3550308,True,,59,,,-23.601336,-46.674026,,,,1,2023-06-15T16:48:27+00:00
SAO_6450-10,São Paulo,3550308,True,,59,,,-23.559824499999998,-46.6545525,,,,1,2023-06-15T16:48:39+00:00
SAO_6450-10,São Paulo,3550308,True,,59,,,-23.57495575,-46.66833687500001,,,,1,2023-06-15T16:48:46+00:00
SAO_6450-10,São Paulo,3550308,True,,59,,,-23.65436375,-46.760079499999996,,,,1,2023-06-15T16:48:37+00:00
SAO_516N-10,São Paulo,3550308,True,,33034,,,-23.654059500000002,-46.668023,,,,2,2023-06-15T16:48:07+00:00
SAO_516N-10,São Paulo,3550308,True,,33034,,,-23.689969249999997,-46.649679000000006,,,,2,2023-06-15T16:48:09+00:00
SAO_516N-10,São Paulo,3550308,True,,33034,,,-23.690199749999998,-46.649609,,,,2,2023-06-15T16:48:04+00:00
SAO_516N-10,São Paulo,3550308,True,,33034,,,-23.58503825,-46.6762775,,,,2,2023-06-15T16:48:25+00:00
SAO_516N-10,São Paulo,3550308,True,,33034,,,-23.630915,-46.68352275,,,,2,2023-06-15T16:48:45+00:00
SAO_516N-10,São Paulo,3550308,True,,33034,,,-23.584148,-46.670124,,,,2,2023-06-15T16:48:26+00:00
SAO_516N-10,São Paulo,3550308,True,,33034,,,-23.679321,-46.6402695,,,,2,2023-06-15T16:48:25+00:00
SAO_516N-10,São Paulo,3550308,True,,33034,,,-23.596951,-46.6738295,,,,2,2023-06-15T16:48:35+00:00
SAO_516N-10,São Paulo,3550308,True,,33034,,,-23.586278,-46.677306,,,,2,2023-06-15T16:48:20+00:00
SAO_516N-10,São Paulo,3550308,True,,33034,,,-23.689484,-46.6498415,,,,2,2023-06-15T16:48:32+00:00
SAO_516N-10,São Paulo,3550308,True,,33034,,,-23.590801,-46.672607,,,,2,2023-06-15T16:48:31+00:00
SAO_516N-10,São Paulo,3550308,True,,33034,,,-23.689736500000002,-46.6497535,,,,2,2023-06-15T16:48:27+00:00
SAO_516N-10,São Paulo,3550308,True,,33034,,,-23.689969249999997,-46.649679000000006,,,,2,2023-06-15T16:48:01+00:00
SAO_516N-10,São Paulo,3550308,True,,33034,,,-23.660458,-46.6633445,,,,2,2023-06-15T16:48:36+00:00
SAO_1738-10,São Paulo,3550308,True,,33440,,,-23.4735475,-46.581099,,,,2,2023-06-15T16:48:07+00:00
SAO_1738-10,São Paulo,3550308,True,,33440,,,-23.503541499999997,-46.6236285,,,,2,2023-06-15T16:47:18+00:00
SAO_1738-10,São Paulo,3550308,True,,33440,,,-23.4735475,-46.581099,,,,2,2023-06-15T16:48:14+00:00
SAO_1738-10,São Paulo,3550308,True,,33440,,,-23.487395499999998,-46.6071795,,,,2,2023-06-15T16:48:20+00:00
SAO_546L-10,São Paulo,3550308,True,,34053,,,-23.689283749999998,-46.63762525,,,,2,2023-06-15T16:48:37+00:00
SAO_546L-10,São Paulo,3550308,True,,34053,,,-23.68928725,-46.63729575,,,,2,2023-06-15T16:48:18+00:00
SAO_546L-10,São Paulo,3550308,True,,34053,,,-23.6542245,-46.710728,,,,2,2023-06-15T16:48:33+00:00
SAO_546L-10,São Paulo,3550308,True,,34053,,,-23.679886375000002,-46.6929806875,,,,2,2023-06-15T16:48:28+00:00
SAO_546L-10,São Paulo,3550308,True,,34053,,,-23.68928725,-46.63729575,,,,2,2023-06-15T16:48:18+00:00
SAO_546L-10,São Paulo,3550308,True,,34053,,,-23.689283749999998,-46.63762525,,,,2,2023-06-15T16:48:43+00:00
SAO_546L-10,São Paulo,3550308,True,,34053,,,-23.675676,-46.66063125,,,,2,2023-06-15T16:48:02+00:00
SAO_546L-10,São Paulo,3550308,True,,34053,,,-23.678581,-46.6849695,,,,2,2023-06-15T16:48:26+00:00
SAO_546L-10,São Paulo,3550308,True,,34053,,,-23.68928725,-46.63729575,,,,2,2023-06-15T16:48:43+00:00
SAO_546L-10,São Paulo,3550308,True,,34053,,,-23.6888795,-46.6381435,,,,2,2023-06-15T16:48:35+00:00
SAO_5012-10,São Paulo,3550308,True,,33884,,,-23.7097155,-46.6354455,,,,2,2023-06-15T16:48:43+00:00
SAO_5012-10,São Paulo,3550308,True,,33884,,,-23.6744245,-46.642954,,,,2,2023-06-15T16:48:15+00:00
SAO_5012-10,São Paulo,3550308,True,,33884,,,-23.710048999999998,-46.6358415,,,,2,2023-06-15T16:48:08+00:00
SAO_5012-10,São Paulo,3550308,True,,33884,,,-23.6459105,-46.6397875,,,,2,2023-06-15T16:48:40+00:00
SAO_5012-10,São Paulo,3550308,True,,33884,,,-23.709882999999998,-46.6356035,,,,2,2023-06-15T16:48:26+00:00
SAO_5012-10,São Paulo,3550308,True,,33884,,,-23.6699945,-46.641628499999996,,,,2,2023-06-15T16:47:57+00:00
SAO_5012-10,São Paulo,3550308,True,,33884,,,-23.6572845,-46.636219499999996,,,,2,2023-06-15T16:48:26+00:00
SAO_5012-10,São Paulo,3550308,True,,33884,,,-23.709564999999998,-46.63530575,,,,2,2023-06-15T16:48:43+00:00
SAO_5012-10,São Paulo,3550308,True,,33884,,,-23.698040499999998,-46.6383175,,,,2,2023-06-15T16:48:04+00:00
SAO_5012-10,São Paulo,3550308,True,,33884,,,-23.70254225,-46.628068625,,,,2,2023-06-15T16:47:40+00:00
SAO_5012-10,São Paulo,3550308,True,,33884,,,-23.710048999999998,-46.6358415,,,,2,2023-06-15T16:48:23+00:00
SAO_5154-10,São Paulo,3550308,True,EMTU,353,https://moovitapp.com/index/pt-br/transporte_p%C3%BAblico-line-353-Sao_Paulo-242-2038937-36419436-0,5.1,-23.572267,-46.6537905,,,,1,2023-06-15T16:48:25+00:00
SAO_5154-10,São Paulo,3550308,True,EMTU,353,https://moovitapp.com/index/pt-br/transporte_p%C3%BAblico-line-353-Sao_Paulo-242-2038937-36419436-0,5.1,-23.588572,-46.65187925,,,,1,2023-06-15T16:48:27+00:00
SAO_5154-10,São Paulo,3550308,True,EMTU,353,https://moovitapp.com/index/pt-br/transporte_p%C3%BAblico-line-353-Sao_Paulo-242-2038937-36419436-0,5.1,-23.628429999999998,-46.710277937499995,,,,1,2023-06-15T16:48:07+00:00
SAO_5154-10,São Paulo,3550308,True,EMTU,353,https://moovitapp.com/index/pt-br/transporte_p%C3%BAblico-line-353-Sao_Paulo-242-2038937-36419436-0,5.1,-23.63558675,-46.69829975,,,,1,2023-06-15T16:48:38+00:00
SAO_5154-10,São Paulo,3550308,True,EMTU,353,https://moovitapp.com/index/pt-br/transporte_p%C3%BAblico-line-353-Sao_Paulo-242-2038937-36419436-0,5.1,-23.654157,-46.710629,,,,1,2023-06-15T16:48:23+00:00
SAO_5154-10,São Paulo,3550308,True,EMTU,353,https://moovitapp.com/index/pt-br/transporte_p%C3%BAblico-line-353-Sao_Paulo-242-2038937-36419436-0,5.1,-23.654157,-46.710629,,,,1,2023-06-15T16:48:32+00:00
SAO_546L-10,São Paulo,3550308,True,,1285,,,-23.669164000000002,-46.671947,,,,1,2023-06-15T16:48:30+00:00
SAO_546L-10,São Paulo,3550308,True,,1285,,,-23.668846,-46.704012750000004,,,,1,2023-06-15T16:48:40+00:00
SAO_546L-10,São Paulo,3550308,True,,1285,,,-23.687024,-46.6385275,,,,1,2023-06-15T16:43:25+00:00
SAO_6017-10,São Paulo,3550308,True,,1206,,,-23.6677405,-46.73030275,,,,1,2023-06-15T16:48:36+00:00
SAO_6017-10,São Paulo,3550308,True,,1206,,,-23.6497811875,-46.70390193750001,,,,1,2023-06-15T16:48:17+00:00
SAO_6017-10,São Paulo,3550308,True,,1206,,,-23.696498499999997,-46.76089,,,,1,2023-06-15T16:48:38+00:00
SAO_6017-10,São Paulo,3550308,True,,1206,,,-23.689284500000003,-46.77324575,,,,1,2023-06-15T16:48:16+00:00
SAO_6017-10,São Paulo,3550308,True,,1206,,,-23.654648,-46.706824999999995,,,,1,2023-06-15T16:48:14+00:00
SAO_6017-10,São Paulo,3550308,True,,1206,,,-23.696863,-46.760326500000005,,,,1,2023-06-15T16:48:13+00:00
SAO_342M-10,São Paulo,3550308,True,,33515,,,-23.613857,-46.476304,,,,2,2023-06-15T16:48:29+00:00
SAO_342M-10,São Paulo,3550308,True,,33515,,,-23.518709,-46.546899499999995,,,,2,2023-06-15T16:48:05+00:00
SAO_342M-10,São Paulo,3550308,True,,33515,,,-23.6122695,-46.4762145,,,,2,2023-06-15T16:48:09+00:00
SAO_342M-10,São Paulo,3550308,True,,33515,,,-23.518709,-46.546899499999995,,,,2,2023-06-15T16:48:24+00:00
SAO_342M-10,São Paulo,3550308,True,,33515,,,-23.583824999999997,-46.4936995,,,,2,2023-06-15T16:48:40+00:00
SAO_342M-10,São Paulo,3550308,True,,33515,,,-23.613857,-46.476304,,,,2,2023-06-15T16:48:15+00:00
SAO_342M-10,São Paulo,3550308,True,,33515,,,-23.584042,-46.4926035,,,,2,2023-06-15T16:48:34+00:00
SAO_342M-10,São Paulo,3550308,True,,33515,,,-23.598079624999997,-46.48634800000001,,,,2,2023-06-15T16:48:45+00:00
SAO_342M-10,São Paulo,3550308,True,,33515,,,-23.518709,-46.546899499999995,,,,2,2023-06-15T16:48:03+00:00
SAO_342M-10,São Paulo,3550308,True,,33515,,,-23.574072,-46.50512525,,,,2,2023-06-15T16:48:02+00:00
SAO_342M-10,São Paulo,3550308,True,,33515,,,-23.5314755,-46.5591195,,,,2,2023-06-15T16:48:08+00:00
SAO_342M-10,São Paulo,3550308,True,,33515,,,-23.6131755,-46.476376,,,,2,2023-06-15T16:48:36+00:00
SAO_342M-10,São Paulo,3550308,True,,33515,,,-23.586869,-46.49095875,,,,2,2023-06-15T16:48:25+00:00
SAO_342M-10,São Paulo,3550308,True,,33515,,,-23.6135615,-46.476484,,,,2,2023-06-15T16:48:04+00:00
SAO_342M-10,São Paulo,3550308,True,,33515,,,-23.518918499999998,-46.546471,,,,2,2023-06-15T16:48:04+00:00
SAO_342M-10,São Paulo,3550308,True,,33515,,,-23.574832,-46.50474925,,,,2,2023-06-15T16:48:39+00:00
SAO_342M-10,São Paulo,3550308,True,,33515,,,-23.55198775,-46.529923249999996,,,,2,2023-06-15T16:48:26+00:00
SAO_342M-10,São Paulo,3550308,True,,33515,,,-23.5455355,-46.544327499999994,,,,2,2023-06-15T16:48:38+00:00
SAO_342M-10,São Paulo,3550308,True,,33515,,,-23.577493250000003,-46.50348375,,,,2,2023-06-15T16:48:42+00:00
SAO_342M-10,São Paulo,3550308,True,,33515,,,-23.52645775,-46.553541625,,,,2,2023-06-15T16:48:18+00:00
SAO_342M-10,São Paulo,3550308,True,,33515,,,-23.613857,-46.476304,,,,2,2023-06-15T16:48:32+00:00
SAO_342M-10,São Paulo,3550308,True,,33515,,,-23.597877875,-46.486518000000004,,,,2,2023-06-15T16:48:36+00:00
SAO_342M-10,São Paulo,3550308,True,,33515,,,-23.519357,-46.5466775,,,,2,2023-06-15T16:48:42+00:00
SAO_342M-10,São Paulo,3550308,True,,33515,,,-23.610713,-46.476423624999995,,,,2,2023-06-15T16:48:03+00:00
SAO_342M-10,São Paulo,3550308,True,,33515,,,-23.5415875,-46.549929,,,,2,2023-06-15T16:48:08+00:00
SAO_342M-10,São Paulo,3550308,True,,33515,,,-23.545642,-46.544091249999994,,,,2,2023-06-15T16:48:27+00:00
SAO_807M-10,São Paulo,3550308,True,,34684,,,-23.598654500000002,-46.72051999999999,,,,2,2023-06-15T16:48:33+00:00
SAO_807M-10,São Paulo,3550308,True,,34684,,,-23.631587000000003,-46.771556000000004,,,,2,2023-06-15T16:48:28+00:00
SAO_807M-10,São Paulo,3550308,True,,34684,,,-23.617518750000002,-46.704759749999994,,,,2,2023-06-15T16:48:34+00:00
SAO_807M-10,São Paulo,3550308,True,,34684,,,-23.605641499999997,-46.72523275,,,,2,2023-06-15T16:48:29+00:00
SAO_807M-10,São Paulo,3550308,True,,34684,,,-23.631797499999998,-46.7719915,,,,2,2023-06-15T16:48:36+00:00
SAO_807M-10,São Paulo,3550308,True,,34684,,,-23.604743,-46.7251465,,,,2,2023-06-15T16:48:09+00:00
SAO_807M-10,São Paulo,3550308,True,,34684,,,-23.631579000000002,-46.772447,,,,2,2023-06-15T16:48:08+00:00
SAO_807M-10,São Paulo,3550308,True,,34684,,,-23.618776500000003,-46.74826825,,,,2,2023-06-15T16:48:02+00:00
SAO_807M-10,São Paulo,3550308,True,,34684,,,-23.625211,-46.75725,,,,2,2023-06-15T16:48:36+00:00
SAO_807M-10,São Paulo,3550308,True,,34684,,,-23.626780124999996,-46.757975125,,,,2,2023-06-15T16:48:14+00:00
SAO_807M-10,São Paulo,3550308,True,,34684,,,-23.6238685,-46.756519,,,,2,2023-06-15T16:48:23+00:00
SAO_807M-10,São Paulo,3550308,True,,34684,,,-23.631797499999998,-46.7719915,,,,2,2023-06-15T16:48:22+00:00
SAO_971R-10,São Paulo,3550308,True,,614,,,-23.502008500000002,-46.625279,,,,1,2023-06-15T16:48:16+00:00
SAO_971R-10,São Paulo,3550308,True,,614,,,-23.454421500000002,-46.7374495,,,,1,2023-06-15T16:48:34+00:00
SAO_971R-10,São Paulo,3550308,True,,614,,,-23.5019995,-46.6255535,,,,1,2023-06-15T16:48:08+00:00
SAO_971R-10,São Paulo,3550308,True,,614,,,-23.464514,-46.679869,,,,1,2023-06-15T16:48:01+00:00
SAO_971R-10,São Paulo,3550308,True,,614,,,-23.454421500000002,-46.7374495,,,,1,2023-06-15T16:48:25+00:00
SAO_971R-10,São Paulo,3550308,True,,614,,,-23.454421500000002,-46.7374495,,,,1,2023-06-15T16:48:26+00:00
SAO_971R-10,São Paulo,3550308,True,,614,,,-23.5019955,-46.6256295,,,,1,2023-06-15T16:48:24+00:00
SAO_971R-10,São Paulo,3550308,True,,614,,,-23.438336,-46.7091475,,,,1,2023-06-15T16:48:40+00:00
SAO_971R-10,São Paulo,3550308,True,,614,,,-23.43804475,-46.728618000000004,,,,1,2023-06-15T16:47:11+00:00
SAO_971R-10,São Paulo,3550308,True,,614,,,-23.474243,-46.66870275000001,,,,1,2023-06-15T16:48:15+00:00
SAO_971R-10,São Paulo,3550308,True,,614,,,-23.4698175,-46.676846999999995,,,,1,2023-06-15T16:48:28+00:00
SAO_971R-10,São Paulo,3550308,True,,614,,,-23.454421500000002,-46.7374495,,,,1,2023-06-15T16:48:30+00:00
SAO_971R-10,São Paulo,3550308,True,,614,,,-23.492256,-46.64908825,,,,1,2023-06-15T16:48:13+00:00
SAO_971R-10,São Paulo,3550308,True,,614,,,-23.4540675,-46.737312,,,,1,2023-06-15T16:48:35+00:00
SAO_971R-10,São Paulo,3550308,True,,614,,,-23.439904,-46.732344999999995,,,,1,2023-06-15T16:48:24+00:00
SAO_3008-10,São Paulo,3550308,True,,2515,,,-23.5027315,-46.397725,,,,1,2023-06-15T16:48:09+00:00
SAO_3008-10,São Paulo,3550308,True,,2515,,,-23.494181,-46.400715500000004,,,,1,2023-06-15T16:48:08+00:00
SAO_9011-10,São Paulo,3550308,True,,878,,,-23.450741,-46.728581,,,,1,2023-06-15T16:48:35+00:00
SAO_9011-10,São Paulo,3550308,True,,878,,,-23.45467,-46.738116000000005,,,,1,2023-06-15T16:47:58+00:00
SAO_9011-10,São Paulo,3550308,True,,878,,,-23.45467,-46.738116000000005,,,,1,2023-06-15T16:48:11+00:00
SAO_9011-10,São Paulo,3550308,True,,878,,,-23.464514,-46.679869,,,,1,2023-06-15T16:48:43+00:00
SAO_9011-10,São Paulo,3550308,True,,878,,,-23.4538115,-46.7372725,,,,1,2023-06-15T16:48:16+00:00
SAO_9011-10,São Paulo,3550308,True,,878,,,-23.45467,-46.738116000000005,,,,1,2023-06-15T16:48:32+00:00
SAO_9011-10,São Paulo,3550308,True,,878,,,-23.45467,-46.738116000000005,,,,1,2023-06-15T16:48:21+00:00
SAO_9011-10,São Paulo,3550308,True,,878,,,-23.45467,-46.738116000000005,,,,1,2023-06-15T16:48:14+00:00
SAO_9011-10,São Paulo,3550308,True,,878,,,-23.45467,-46.738116000000005,,,,1,2023-06-15T16:48:08+00:00
SAO_9011-10,São Paulo,3550308,True,,878,,,-23.435938,-46.7146175,,,,1,2023-06-15T16:48:04+00:00
SAO_637J-10,São Paulo,3550308,True,EMTU,103,https://moovitapp.com/index/pt-br/transporte_p%C3%BAblico-line-103-Sao_Paulo-242-2038937-36419266-0,5.1,-23.635417750000002,-46.693939375,,,,1,2023-06-15T16:48:23+00:00
SAO_637J-10,São Paulo,3550308,True,EMTU,103,https://moovitapp.com/index/pt-br/transporte_p%C3%BAblico-line-103-Sao_Paulo-242-2038937-36419266-0,5.1,-23.58403625,-46.672600749999994,,,,1,2023-06-15T16:48:35+00:00
SAO_637J-10,São Paulo,3550308,True,EMTU,103,https://moovitapp.com/index/pt-br/transporte_p%C3%BAblico-line-103-Sao_Paulo-242-2038937-36419266-0,5.1,-23.576448749999997,-46.6872905,,,,1,2023-06-15T16:48:42+00:00
SAO_637J-10,São Paulo,3550308,True,EMTU,103,https://moovitapp.com/index/pt-br/transporte_p%C3%BAblico-line-103-Sao_Paulo-242-2038937-36419266-0,5.1,-23.701860125000003,-46.701362125,,,,1,2023-06-15T16:48:45+00:00
SAO_637J-10,São Paulo,3550308,True,EMTU,103,https://moovitapp.com/index/pt-br/transporte_p%C3%BAblico-line-103-Sao_Paulo-242-2038937-36419266-0,5.1,-23.6706735,-46.688327,,,,1,2023-06-15T16:48:23+00:00
SAO_6451-10,São Paulo,3550308,True,,32829,,,-23.555481999999998,-46.649518,,,,2,2023-06-15T16:48:39+00:00
SAO_6451-10,São Paulo,3550308,True,,32829,,,-23.581996750000002,-46.685235625,,,,2,2023-06-15T16:48:45+00:00
SAO_6451-10,São Paulo,3550308,True,,32829,,,-23.654559499999998,-46.761131500000005,,,,2,2023-06-15T16:48:03+00:00
SAO_6451-10,São Paulo,3550308,True,,32829,,,-23.654660999999997,-46.7609705,,,,2,2023-06-15T16:48:42+00:00
SAO_6451-10,São Paulo,3550308,True,,32829,,,-23.549774749999997,-46.642553250000006,,,,2,2023-06-15T16:48:39+00:00
SAO_6451-10,São Paulo,3550308,True,,32829,,,-23.6488675,-46.7535655,,,,2,2023-06-15T16:48:39+00:00
SAO_6451-10,São Paulo,3550308,True,,32829,,,-23.586142000000002,-46.693146999999996,,,,2,2023-06-15T16:48:38+00:00
SAO_2005-10,São Paulo,3550308,True,,893,,,-23.4815715,-46.378598499999995,,,,1,2023-06-15T16:48:22+00:00
SAO_2005-10,São Paulo,3550308,True,,893,,,-23.481623749999997,-46.37878275,,,,1,2023-06-15T16:48:22+00:00
SAO_2005-10,São Paulo,3550308,True,,893,,,-23.495135,-46.4351205,,,,1,2023-06-15T16:45:15+00:00
SAO_2005-10,São Paulo,3550308,True,,893,,,-23.4815715,-46.378598499999995,,,,1,2023-06-15T16:48:09+00:00
SAO_2005-10,São Paulo,3550308,True,,893,,,-23.493781624999997,-46.4154555,,,,1,2023-06-15T16:48:14+00:00
SAO_2005-10,São Paulo,3550308,True,,893,,,-23.4815715,-46.378598499999995,,,,1,2023-06-15T16:48:15+00:00
SAO_6116-10,São Paulo,3550308,True,,1186,,,-23.736617,-46.696708,,,,1,2023-06-15T16:48:32+00:00
SAO_6116-10,São Paulo,3550308,True,,1186,,,-23.75533,-46.6630505,,,,1,2023-06-15T16:48:31+00:00
SAO_6116-10,São Paulo,3550308,True,,1186,,,-23.748672,-46.687512999999996,,,,1,2023-06-15T16:48:46+00:00
SAO_8542-21,São Paulo,3550308,True,,34129,,,-23.4735055,-46.678642999999994,,,,2,2023-06-15T16:48:20+00:00
SAO_8542-21,São Paulo,3550308,True,,34129,,,-23.4897115,-46.6845535,,,,2,2023-06-15T16:48:43+00:00
SAO_8542-21,São Paulo,3550308,True,,34129,,,-23.4728725,-46.702325,,,,2,2023-06-15T16:48:12+00:00
SAO_8542-21,São Paulo,3550308,True,,34129,,,-23.4726875,-46.7023155,,,,2,2023-06-15T16:48:07+00:00
SAO_8542-21,São Paulo,3550308,True,,34129,,,-23.4726875,-46.7023155,,,,2,2023-06-15T16:48:12+00:00
SAO_8542-21,São Paulo,3550308,True,,34129,,,-23.4726875,-46.7023155,,,,2,2023-06-15T16:48:13+00:00
SAO_8542-21,São Paulo,3550308,True,,34129,,,-23.4655105,-46.6939315,,,,2,2023-06-15T16:48:45+00:00
SAO_2755-10,São Paulo,3550308,True,,33001,,,-23.540293249999998,-46.393085,,,,2,2023-06-15T16:46:41+00:00
SAO_2755-10,São Paulo,3550308,True,,33001,,,-23.540091,-46.394296499999996,,,,2,2023-06-15T16:48:18+00:00
SAO_2755-10,São Paulo,3550308,True,,33001,,,-23.5236725,-46.418302,,,,2,2023-06-15T16:48:27+00:00
SAO_2755-10,São Paulo,3550308,True,,33001,,,-23.5175365,-46.4813165,,,,2,2023-06-15T16:48:19+00:00
SAO_2755-10,São Paulo,3550308,True,,33001,,,-23.539910499999998,-46.394638,,,,2,2023-06-15T16:48:45+00:00
SAO_2755-10,São Paulo,3550308,True,,33001,,,-23.521648499999998,-46.4436415,,,,2,2023-06-15T16:48:15+00:00
SAO_2755-10,São Paulo,3550308,True,,33001,,,-23.534726499999998,-46.4005875,,,,2,2023-06-15T16:48:08+00:00
SAO_2755-10,São Paulo,3550308,True,,33001,,,-23.51850825,-46.511503250000004,,,,2,2023-06-15T16:48:13+00:00
SAO_2755-10,São Paulo,3550308,True,,33001,,,-23.540091,-46.394296499999996,,,,2,2023-06-15T16:48:39+00:00
SAO_2755-10,São Paulo,3550308,True,,33001,,,-23.542628999999998,-46.409923,,,,2,2023-06-15T16:48:13+00:00
SAO_2716-10,São Paulo,3550308,True,,33697,,,-23.508369000000002,-46.5314175,,,,2,2023-06-15T16:48:46+00:00
SAO_2716-10,São Paulo,3550308,True,,33697,,,-23.523118,-46.5352915,,,,2,2023-06-15T16:48:35+00:00
SAO_2716-10,São Paulo,3550308,True,,33697,,,-23.508369000000002,-46.5314175,,,,2,2023-06-15T16:48:12+00:00
SAO_3026-10,São Paulo,3550308,True,,962,,,-23.542544,-46.4158275,,,,1,2023-06-15T16:48:02+00:00
SAO_3026-10,São Paulo,3550308,True,,962,,,-23.5511575,-46.413093,,,,1,2023-06-15T16:44:02+00:00
SAO_3026-10,São Paulo,3550308,True,,962,,,-23.570848499999997,-46.396612,,,,1,2023-06-15T16:48:18+00:00
SAO_3026-10,São Paulo,3550308,True,,962,,,-23.5707795,-46.396878,,,,1,2023-06-15T16:48:28+00:00
SAO_3026-10,São Paulo,3550308,True,,962,,,-23.5827675,-46.386084,,,,1,2023-06-15T16:48:22+00:00
SAO_3026-10,São Paulo,3550308,True,,962,,,-23.580423500000002,-46.387677499999995,,,,1,2023-06-15T16:48:33+00:00
SAO_3026-10,São Paulo,3550308,True,,962,,,-23.5827675,-46.386084,,,,1,2023-06-15T16:48:22+00:00
SAO_9191-10,São Paulo,3550308,True,EMTU,810,https://moovitapp.com/index/pt-br/transporte_p%C3%BAblico-line-810-Sao_Paulo-242-2038937-36419585-0,5.4,-23.526645000000002,-46.652479,,,,1,2023-06-15T16:48:05+00:00
SAO_9191-10,São Paulo,3550308,True,EMTU,810,https://moovitapp.com/index/pt-br/transporte_p%C3%BAblico-line-810-Sao_Paulo-242-2038937-36419585-0,5.4,-23.4938975,-46.678516,,,,1,2023-06-15T16:48:32+00:00
SAO_9191-10,São Paulo,3550308,True,EMTU,810,https://moovitapp.com/index/pt-br/transporte_p%C3%BAblico-line-810-Sao_Paulo-242-2038937-36419585-0,5.4,-23.503975,-46.673538875000006,,,,1,2023-06-15T16:48:23+00:00
SAO_9191-10,São Paulo,3550308,True,EMTU,810,https://moovitapp.com/index/pt-br/transporte_p%C3%BAblico-line-810-Sao_Paulo-242-2038937-36419585-0,5.4,-23.456363,-46.681903,,,,1,2023-06-15T16:48:16+00:00
SAO_9191-10,São Paulo,3550308,True,EMTU,810,https://moovitapp.com/index/pt-br/transporte_p%C3%BAblico-line-810-Sao_Paulo-242-2038937-36419585-0,5.4,-23.455891,-46.678366,,,,1,2023-06-15T16:48:18+00:00
SAO_9191-10,São Paulo,3550308,True,EMTU,810,https://moovitapp.com/index/pt-br/transporte_p%C3%BAblico-line-810-Sao_Paulo-242-2038937-36419585-0,5.4,-23.460034,-46.672446,,,,1,2023-06-15T16:48:31+00:00
SAO_9191-10,São Paulo,3550308,True,EMTU,810,https://moovitapp.com/index/pt-br/transporte_p%C3%BAblico-line-810-Sao_Paulo-242-2038937-36419585-0,5.4,-23.478277374999998,-46.671828625,,,,1,2023-06-15T16:48:32+00:00
SAO_9191-10,São Paulo,3550308,True,EMTU,810,https://moovitapp.com/index/pt-br/transporte_p%C3%BAblico-line-810-Sao_Paulo-242-2038937-36419585-0,5.4,-23.5249595,-46.6700565,,,,1,2023-06-15T16:48:34+00:00
SAO_3008-10,São Paulo,3550308,True,,35283,,,-23.5240255,-46.3958535,,,,2,2023-06-15T16:48:07+00:00
SAO_3008-10,São Paulo,3550308,True,,35283,,,-23.52351625,-46.39590125,,,,2,2023-06-15T16:48:18+00:00
SAO_3008-10,São Paulo,3550308,True,,35283,,,-23.52351625,-46.39590125,,,,2,2023-06-15T16:48:39+00:00
SAO_3008-10,São Paulo,3550308,True,,35283,,,-23.495193999999998,-46.404801500000005,,,,2,2023-06-15T16:46:47+00:00
SAO_3008-10,São Paulo,3550308,True,,35283,,,-23.52162125,-46.39360875,,,,2,2023-06-15T16:48:08+00:00
SAO_807A-10,São Paulo,3550308,True,,34668,,,-23.630661,-46.773396000000005,,,,2,2023-06-15T16:48:31+00:00
SAO_807A-10,São Paulo,3550308,True,,34668,,,-23.634237,-46.770165500000004,,,,2,2023-06-15T16:48:05+00:00
SAO_807A-10,São Paulo,3550308,True,,34668,,,-23.64505,-46.7459375,,,,2,2023-06-15T16:48:42+00:00
SAO_807A-10,São Paulo,3550308,True,,34668,,,-23.647973,-46.7483545,,,,2,2023-06-15T16:48:11+00:00
SAO_807A-10,São Paulo,3550308,True,,34668,,,-23.6453855,-46.71255625,,,,2,2023-06-15T16:48:37+00:00
SAO_807A-10,São Paulo,3550308,True,,34668,,,-23.6452905,-46.7039895,,,,2,2023-06-15T16:48:14+00:00
SAO_807A-10,São Paulo,3550308,True,,34668,,,-23.630661,-46.773396000000005,,,,2,2023-06-15T16:48:43+00:00
SAO_7545-10,São Paulo,3550308,True,,504,,,-23.596317,-46.7825845,,,,1,2023-06-15T16:48:26+00:00
SAO_7545-10,São Paulo,3550308,True,,504,,,-23.580862250000003,-46.7293155,,,,1,2023-06-15T16:48:24+00:00
SAO_7545-10,São Paulo,3550308,True,,504,,,-23.571727000000003,-46.696419250000005,,,,1,2023-06-15T16:48:47+00:00
SAO_7545-10,São Paulo,3550308,True,,504,,,-23.5477705,-46.641587,,,,1,2023-06-15T16:48:22+00:00
SAO_7545-10,São Paulo,3550308,True,,504,,,-23.5746815,-46.7078475,,,,1,2023-06-15T16:48:39+00:00
SAO_7545-10,São Paulo,3550308,True,,504,,,-23.550684750000002,-46.65510125,,,,1,2023-06-15T16:48:38+00:00
SAO_524M-10,São Paulo,3550308,True,,1631,,,-23.600179500000003,-46.498643,,,,1,2023-06-15T16:48:06+00:00
SAO_524M-10,São Paulo,3550308,True,,1631,,,-23.618177250000002,-46.494191,,,,1,2023-06-15T16:48:25+00:00
SAO_524M-10,São Paulo,3550308,True,,1631,,,-23.619445,-46.495205,,,,1,2023-06-15T16:48:42+00:00
SAO_524M-10,São Paulo,3550308,True,,1631,,,-23.568826375,-46.509066250000004,,,,1,2023-06-15T16:48:43+00:00
SAO_524M-10,São Paulo,3550308,True,,1631,,,-23.619445,-46.495205,,,,1,2023-06-15T16:48:05+00:00
SAO_524M-10,São Paulo,3550308,True,,1631,,,-23.585673,-46.5188495,,,,1,2023-06-15T16:48:40+00:00
SAO_524M-10,São Paulo,3550308,True,,1631,,,-23.589621,-46.5080545,,,,1,2023-06-15T16:48:13+00:00
SAO_524M-10,São Paulo,3550308,True,,1631,,,-23.5638,-46.505301,,,,1,2023-06-15T16:48:11+00:00
SAO_524M-10,São Paulo,3550308,True,,1631,,,-23.619445,-46.495205,,,,1,2023-06-15T16:48:14+00:00
SAO_524M-10,São Paulo,3550308,True,,1631,,,-23.613987,-46.5014315,,,,1,2023-06-15T16:48:08+00:00
SAO_524M-10,São Paulo,3550308,True,,1631,,,-23.564117500000002,-46.505180499999994,,,,1,2023-06-15T16:48:03+00:00
SAO_8055-10,São Paulo,3550308,True,,414,,,-23.404854,-46.742003624999995,,,,1,2023-06-15T16:48:26+00:00
SAO_8055-10,São Paulo,3550308,True,,414,,,-23.516848250000002,-46.7258985,,,,1,2023-06-15T16:48:35+00:00
SAO_8055-10,São Paulo,3550308,True,,414,,,-23.433141875,-46.786676375,,,,1,2023-06-15T16:48:17+00:00
SAO_8055-10,São Paulo,3550308,True,,414,,,-23.408909,-46.741568,,,,1,2023-06-15T16:48:28+00:00
SAO_6820-31,São Paulo,3550308,True,,34174,,,-23.658020999999998,-46.7897125,,,,2,2023-06-15T16:48:35+00:00
SAO_6820-31,São Paulo,3550308,True,,34174,,,-23.661259,-46.786719000000005,,,,2,2023-06-15T16:48:21+00:00
SAO_6820-31,São Paulo,3550308,True,,34174,,,-23.6559925,-46.76256875,,,,2,2023-06-15T16:48:35+00:00
SAO_6820-31,São Paulo,3550308,True,,34174,,,-23.658020999999998,-46.7897125,,,,2,2023-06-15T16:48:16+00:00
SAO_6820-31,São Paulo,3550308,True,,34174,,,-23.654844500000003,-46.76161,,,,2,2023-06-15T16:48:46+00:00
SAO_271F-10,São Paulo,3550308,True,,33451,,,-23.5383115,-46.601995,,,,2,2023-06-15T16:48:46+00:00
SAO_271F-10,São Paulo,3550308,True,,33451,,,-23.537659375,-46.616237125,,,,2,2023-06-15T16:48:30+00:00
SAO_271F-10,São Paulo,3550308,True,,33451,,,-23.517652,-46.6164195,,,,2,2023-06-15T16:48:15+00:00
SAO_271F-10,São Paulo,3550308,True,,33451,,,-23.5174605,-46.6164065,,,,2,2023-06-15T16:48:27+00:00
SAO_271F-10,São Paulo,3550308,True,,33451,,,-23.5179425,-46.6163535,,,,2,2023-06-15T16:48:42+00:00
SAO_271F-10,São Paulo,3550308,True,,33451,,,-23.518663,-46.616366,,,,2,2023-06-15T16:48:09+00:00
SAO_271F-10,São Paulo,3550308,True,,33451,,,-23.5171885,-46.616377,,,,2,2023-06-15T16:48:19+00:00
SAO_4706-10,São Paulo,3550308,True,,33067,,,-23.652486500000002,-46.601986999999994,,,,2,2023-06-15T16:48:18+00:00
SAO_4706-10,São Paulo,3550308,True,,33067,,,-23.652755499999998,-46.602143,,,,2,2023-06-15T16:48:16+00:00
SAO_4706-10,São Paulo,3550308,True,,33067,,,-23.59326575,-46.636305750000005,,,,2,2023-06-15T16:48:41+00:00
SAO_4706-10,São Paulo,3550308,True,,33067,,,-23.652486500000002,-46.601986999999994,,,,2,2023-06-15T16:48:40+00:00
SAO_4706-10,São Paulo,3550308,True,,33067,,,-23.607946,-46.613983000000005,,,,2,2023-06-15T16:48:38+00:00
SAO_8038-10,São Paulo,3550308,True,,33565,,,-23.5351485,-46.760891,,,,2,2023-06-15T16:48:11+00:00
SAO_8038-10,São Paulo,3550308,True,,33565,,,-23.53488225,-46.76081775,,,,2,2023-06-15T16:48:43+00:00
SAO_8038-10,São Paulo,3550308,True,,33565,,,-23.5210115,-46.72166,,,,2,2023-06-15T16:48:11+00:00
SAO_8038-10,São Paulo,3550308,True,,33565,,,-23.5192465,-46.7041905,,,,2,2023-06-15T16:48:37+00:00
SAO_8038-10,São Paulo,3550308,True,,33565,,,-23.536606499999998,-46.732397,,,,2,2023-06-15T16:48:37+00:00
SAO_8038-10,São Paulo,3550308,True,,33565,,,-23.53488225,-46.76081775,,,,2,2023-06-15T16:48:27+00:00
SAO_8038-10,São Paulo,3550308,True,,33565,,,-23.5421175,-46.744694,,,,2,2023-06-15T16:48:05+00:00
SAO_8038-10,São Paulo,3550308,True,,33565,,,-23.54798275,-46.753777,,,,2,2023-06-15T16:48:09+00:00
SAO_8038-10,São Paulo,3550308,True,,33565,,,-23.5192465,-46.7041905,,,,2,2023-06-15T16:48:38+00:00
SAO_875C-1,São Paulo,3550308,True,,2510,,,-23.556294875,-46.699101625000004,,,,1,2023-06-15T16:48:42+00:00
SAO_875C-1,São Paulo,3550308,True,,2510,,,-23.5991825,-46.66875125,,,,1,2023-06-15T16:48:22+00:00
SAO_875C-1,São Paulo,3550308,True,,2510,,,-23.5447125,-46.7147615,,,,1,2023-06-15T16:48:10+00:00
SAO_875C-1,São Paulo,3550308,True,,2510,,,-23.60364225,-46.663199750000004,,,,1,2023-06-15T16:48:23+00:00
SAO_3718-10,São Paulo,3550308,True,,1013,,,-23.540547,-46.485232999999994,,,,1,2023-06-15T16:48:41+00:00
SAO_3718-10,São Paulo,3550308,True,,1013,,,-23.555009,-46.489243,,,,1,2023-06-15T16:48:31+00:00
SAO_3718-10,São Paulo,3550308,True,,1013,,,-23.557025,-46.4865765,,,,1,2023-06-15T16:48:05+00:00
SAO_3718-10,São Paulo,3550308,True,,1013,,,-23.552218500000002,-46.483585500000004,,,,1,2023-06-15T16:48:23+00:00
SAO_3718-10,São Paulo,3550308,True,,1013,,,-23.54176,-46.4834655,,,,1,2023-06-15T16:48:38+00:00
SAO_3718-10,São Paulo,3550308,True,,1013,,,-23.557025,-46.4865765,,,,1,2023-06-15T16:48:12+00:00
SAO_6960-10,São Paulo,3550308,True,,34211,,,-23.6543295,-46.7121355,,,,2,2023-06-15T16:48:42+00:00
SAO_6960-10,São Paulo,3550308,True,,34211,,,-23.6543295,-46.7121355,,,,2,2023-06-15T16:47:46+00:00
SAO_6960-10,São Paulo,3550308,True,,34211,,,-23.7668155,-46.716097500000004,,,,2,2023-06-15T16:43:16+00:00
SAO_6960-10,São Paulo,3550308,True,,34211,,,-23.70069875,-46.715156750000006,,,,2,2023-06-15T16:48:40+00:00
SAO_6960-10,São Paulo,3550308,True,,34211,,,-23.759537,-46.715331,,,,2,2023-06-15T16:48:37+00:00
SAO_6960-10,São Paulo,3550308,True,,34211,,,-23.766346,-46.716555,,,,2,2023-06-15T16:48:28+00:00
SAO_6960-10,São Paulo,3550308,True,,34211,,,-23.6543295,-46.7121355,,,,2,2023-06-15T16:48:08+00:00
SAO_6960-10,São Paulo,3550308,True,,34211,,,-23.6630835,-46.707423000000006,,,,2,2023-06-15T16:46:45+00:00
SAO_6960-10,São Paulo,3550308,True,,34211,,,-23.7471885,-46.708067,,,,2,2023-06-15T16:48:31+00:00
SAO_4310-10,São Paulo,3550308,True,,34928,,,-23.534565999999998,-46.4530625,,,,2,2023-06-15T16:48:38+00:00
SAO_4310-10,São Paulo,3550308,True,,34928,,,-23.534565999999998,-46.4530625,,,,2,2023-06-15T16:48:36+00:00
SAO_4310-10,São Paulo,3550308,True,,34928,,,-23.5404345,-46.48488075,,,,2,2023-06-15T16:48:13+00:00
SAO_4310-10,São Paulo,3550308,True,,34928,,,-23.5396725,-46.572296,,,,2,2023-06-15T16:48:13+00:00
SAO_4310-10,São Paulo,3550308,True,,34928,,,-23.533165500000003,-46.538745000000006,,,,2,2023-06-15T16:48:38+00:00
SAO_4310-10,São Paulo,3550308,True,,34928,,,-23.552935249999997,-46.616192999999996,,,,2,2023-06-15T16:48:40+00:00
SAO_4310-10,São Paulo,3550308,True,,34928,,,-23.535428500000002,-46.454211,,,,2,2023-06-15T16:48:25+00:00
SAO_4310-10,São Paulo,3550308,True,,34928,,,-23.541861,-46.4831845,,,,2,2023-06-15T16:48:34+00:00
SAO_4310-10,São Paulo,3550308,True,,34928,,,-23.534650499999998,-46.453331,,,,2,2023-06-15T16:48:25+00:00
SAO_4310-10,São Paulo,3550308,True,,34928,,,-23.543487624999997,-46.587861749999995,,,,2,2023-06-15T16:48:38+00:00
SAO_4310-10,São Paulo,3550308,True,,34928,,,-23.534565999999998,-46.4530625,,,,2,2023-06-15T16:48:36+00:00
SAO_4310-10,São Paulo,3550308,True,,34928,,,-23.535216,-46.4541105,,,,2,2023-06-15T16:48:11+00:00
SAO_4310-10,São Paulo,3550308,True,,34928,,,-23.551944,-46.624623,,,,2,2023-06-15T16:48:26+00:00
SAO_4310-10,São Paulo,3550308,True,,34928,,,-23.5322345,-46.5278955,,,,2,2023-06-15T16:48:34+00:00
SAO_4310-10,São Paulo,3550308,True,,34928,,,-23.534565999999998,-46.4530625,,,,2,2023-06-15T16:48:10+00:00
SAO_4310-10,São Paulo,3550308,True,,34928,,,-23.538123,-46.562737,,,,2,2023-06-15T16:48:32+00:00
SAO_4310-10,São Paulo,3550308,True,,34928,,,-23.534565999999998,-46.4530625,,,,2,2023-06-15T16:48:02+00:00
SAO_3746-10,São Paulo,3550308,True,EMTU,283,https://moovitapp.com/index/pt-br/transporte_p%C3%BAblico-line-283-Sao_Paulo-242-2038937-36419384-0,5.2,-23.585723,-46.5187095,,,,1,2023-06-15T16:48:18+00:00
SAO_3746-10,São Paulo,3550308,True,EMTU,283,https://moovitapp.com/index/pt-br/transporte_p%C3%BAblico-line-283-Sao_Paulo-242-2038937-36419384-0,5.2,-23.559235875,-46.568353125,,,,1,2023-06-15T16:48:22+00:00
SAO_3746-10,São Paulo,3550308,True,EMTU,283,https://moovitapp.com/index/pt-br/transporte_p%C3%BAblico-line-283-Sao_Paulo-242-2038937-36419384-0,5.2,-23.594817,-46.5027665,,,,1,2023-06-15T16:48:27+00:00
SAO_3746-10,São Paulo,3550308,True,EMTU,283,https://moovitapp.com/index/pt-br/transporte_p%C3%BAblico-line-283-Sao_Paulo-242-2038937-36419384-0,5.2,-23.570970000000003,-46.5404045,,,,1,2023-06-15T16:48:31+00:00
SAO_4085-10,São Paulo,3550308,True,,34924,,,-23.54563375,-46.46140724999999,,,,2,2023-06-15T16:48:41+00:00
SAO_4085-10,São Paulo,3550308,True,,34924,,,-23.5742105,-46.4260015,,,,2,2023-06-15T16:48:03+00:00
SAO_4085-10,São Paulo,3550308,True,,34924,,,-23.5598985,-46.435769,,,,2,2023-06-15T16:48:24+00:00
SAO_4085-10,São Paulo,3550308,True,,34924,,,-23.57041325,-46.42864425,,,,2,2023-06-15T16:47:31+00:00
SAO_4085-10,São Paulo,3550308,True,,34924,,,-23.5429995,-46.470884999999996,,,,2,2023-06-15T16:48:30+00:00
SAO_4310-10,São Paulo,3550308,True,,2160,,,-23.534838999999998,-46.453271,,,,1,2023-06-15T16:48:28+00:00
SAO_4310-10,São Paulo,3550308,True,,2160,,,-23.547369,-46.630520000000004,,,,1,2023-06-15T16:48:18+00:00
SAO_4310-10,São Paulo,3550308,True,,2160,,,-23.535881500000002,-46.489933,,,,1,2023-06-15T16:44:13+00:00
SAO_4310-10,São Paulo,3550308,True,,2160,,,-23.531997,-46.531212499999995,,,,1,2023-06-15T16:47:47+00:00
SAO_4310-10,São Paulo,3550308,True,,2160,,,-23.545571000000002,-46.6311795,,,,1,2023-06-15T16:48:27+00:00
SAO_4310-10,São Paulo,3550308,True,,2160,,,-23.535881500000002,-46.489933,,,,1,2023-06-15T16:48:30+00:00
SAO_4310-10,São Paulo,3550308,True,,2160,,,-23.5316465,-46.5224985,,,,1,2023-06-15T16:48:04+00:00
SAO_4310-10,São Paulo,3550308,True,,2160,,,-23.547148999999997,-46.6306685,,,,1,2023-06-15T16:48:02+00:00
SAO_4310-10,São Paulo,3550308,True,,2160,,,-23.535216,-46.4541105,,,,1,2023-06-15T16:48:04+00:00
SAO_4310-10,São Paulo,3550308,True,,2160,,,-23.5429784375,-46.5860234375,,,,1,2023-06-15T16:48:38+00:00
SAO_4310-10,São Paulo,3550308,True,,2160,,,-23.534413,-46.4526755,,,,1,2023-06-15T16:48:44+00:00
SAO_4310-10,São Paulo,3550308,True,,2160,,,-23.536553875000003,-46.55657725,,,,1,2023-06-15T16:46:48+00:00
SAO_4310-10,São Paulo,3550308,True,,2160,,,-23.53266725,-46.53717175,,,,1,2023-06-15T16:48:38+00:00
SAO_4310-10,São Paulo,3550308,True,,2160,,,-23.542716,-46.469168499999995,,,,1,2023-06-15T16:46:16+00:00
SAO_4310-10,São Paulo,3550308,True,,2160,,,-23.535527375,-46.551729,,,,1,2023-06-15T16:48:02+00:00
SAO_4310-10,São Paulo,3550308,True,,2160,,,-23.5465035,-46.631069999999994,,,,1,2023-06-15T16:48:40+00:00
SAO_4310-10,São Paulo,3550308,True,,2160,,,-23.534413,-46.4526755,,,,1,2023-06-15T16:48:22+00:00
SAO_4310-10,São Paulo,3550308,True,,2160,,,-23.546639,-46.631005,,,,1,2023-06-15T16:48:39+00:00
SAO_4310-10,São Paulo,3550308,True,,2160,,,-23.535216,-46.4541105,,,,1,2023-06-15T16:47:37+00:00
SAO_4310-10,São Paulo,3550308,True,,2160,,,-23.5511505,-46.6085935,,,,1,2023-06-15T16:44:04+00:00
SAO_4310-10,São Paulo,3550308,True,,2160,,,-23.535216,-46.4541105,,,,1,2023-06-15T16:48:19+00:00
SAO_4310-10,São Paulo,3550308,True,,2160,,,-23.534623,-46.4529845,,,,1,2023-06-15T16:48:24+00:00
SAO_4310-10,São Paulo,3550308,True,,2160,,,-23.5349315,-46.496195,,,,1,2023-06-15T16:48:14+00:00
SAO_2678-10,São Paulo,3550308,True,STT,383,https://moovitapp.com/index/pt-br/transporte_p%C3%BAblico-line-383-Sao_Paulo-242-850661-183294-0,5.3,-23.509382000000002,-46.496686499999996,,,,1,2023-06-15T16:48:42+00:00
SAO_2678-10,São Paulo,3550308,True,STT,383,https://moovitapp.com/index/pt-br/transporte_p%C3%BAblico-line-383-Sao_Paulo-242-850661-183294-0,5.3,-23.535142625,-46.58197975,,,,1,2023-06-15T16:48:25+00:00
SAO_2678-10,São Paulo,3550308,True,STT,383,https://moovitapp.com/index/pt-br/transporte_p%C3%BAblico-line-383-Sao_Paulo-242-850661-183294-0,5.3,-23.494658,-46.426776000000004,,,,1,2023-06-15T16:48:04+00:00
SAO_2678-10,São Paulo,3550308,True,STT,383,https://moovitapp.com/index/pt-br/transporte_p%C3%BAblico-line-383-Sao_Paulo-242-850661-183294-0,5.3,-23.496114,-46.3879265,,,,1,2023-06-15T16:48:40+00:00
SAO_2678-10,São Paulo,3550308,True,STT,383,https://moovitapp.com/index/pt-br/transporte_p%C3%BAblico-line-383-Sao_Paulo-242-850661-183294-0,5.3,-23.543077,-46.628094000000004,,,,1,2023-06-15T16:48:40+00:00
SAO_2678-10,São Paulo,3550308,True,STT,383,https://moovitapp.com/index/pt-br/transporte_p%C3%BAblico-line-383-Sao_Paulo-242-850661-183294-0,5.3,-23.494827125,-46.412429375,,,,1,2023-06-15T16:48:29+00:00
SAO_2678-10,São Paulo,3550308,True,STT,383,https://moovitapp.com/index/pt-br/transporte_p%C3%BAblico-line-383-Sao_Paulo-242-850661-183294-0,5.3,-23.538731,-46.6048935,,,,1,2023-06-15T16:48:44+00:00
SAO_2678-10,São Paulo,3550308,True,STT,383,https://moovitapp.com/index/pt-br/transporte_p%C3%BAblico-line-383-Sao_Paulo-242-850661-183294-0,5.3,-23.5220305,-46.5305175,,,,1,2023-06-15T16:48:07+00:00
SAO_2678-10,São Paulo,3550308,True,STT,383,https://moovitapp.com/index/pt-br/transporte_p%C3%BAblico-line-383-Sao_Paulo-242-850661-183294-0,5.3,-23.547011,-46.62953,,,,1,2023-06-15T16:48:21+00:00
SAO_695Y-10,São Paulo,3550308,True,,1198,,,-23.719488,-46.698268999999996,,,,1,2023-06-15T16:48:06+00:00
SAO_695Y-10,São Paulo,3550308,True,,1198,,,-23.659806250000003,-46.69718449999999,,,,1,2023-06-15T16:48:35+00:00
SAO_695Y-10,São Paulo,3550308,True,,1198,,,-23.591474499999997,-46.6357215,,,,1,2023-06-15T16:48:30+00:00
SAO_695Y-10,São Paulo,3550308,True,,1198,,,-23.8274105,-46.7273075,,,,1,2023-06-15T16:48:20+00:00
SAO_695Y-10,São Paulo,3550308,True,,1198,,,-23.633492750000002,-46.690376,,,,1,2023-06-15T16:48:28+00:00
SAO_695Y-10,São Paulo,3550308,True,,1198,,,-23.596627500000004,-46.655570999999995,,,,1,2023-06-15T16:48:33+00:00
SAO_695Y-10,São Paulo,3550308,True,,1198,,,-23.77495725,-46.72226175,,,,1,2023-06-15T16:48:31+00:00
SAO_695Y-10,São Paulo,3550308,True,,1198,,,-23.8283035,-46.727239999999995,,,,1,2023-06-15T16:48:18+00:00
SAO_5759-31,São Paulo,3550308,True,,1139,,,-23.650712374999998,-46.664342500000004,,,,1,2023-06-15T16:48:43+00:00
SAO_5759-31,São Paulo,3550308,True,,1139,,,-23.634568,-46.6410685,,,,1,2023-06-15T16:48:10+00:00
SAO_8078-10,São Paulo,3550308,True,,34848,,,-23.6254505,-46.7479555,,,,2,2023-06-15T16:48:06+00:00
SAO_8078-10,São Paulo,3550308,True,,34848,,,-23.624824500000003,-46.749363,,,,2,2023-06-15T16:48:35+00:00
SAO_8078-10,São Paulo,3550308,True,,34848,,,-23.64478225,-46.76402,,,,2,2023-06-15T16:48:22+00:00
SAO_8078-10,São Paulo,3550308,True,,34848,,,-23.6254505,-46.7479555,,,,2,2023-06-15T16:48:32+00:00
SAO_1709-10,São Paulo,3550308,True,,33619,,,-23.440148999999998,-46.582153000000005,,,,2,2023-06-15T16:48:07+00:00
SAO_1709-10,São Paulo,3550308,True,,33619,,,-23.4399395,-46.581705,,,,2,2023-06-15T16:47:55+00:00
SAO_1709-10,São Paulo,3550308,True,,33619,,,-23.447938999999998,-46.594634,,,,2,2023-06-15T16:48:20+00:00
SAO_1709-10,São Paulo,3550308,True,,33619,,,-23.4583385,-46.6024095,,,,2,2023-06-15T16:46:14+00:00
SAO_1709-10,São Paulo,3550308,True,,33619,,,-23.440907,-46.5816925,,,,2,2023-06-15T16:48:31+00:00
SAO_1709-10,São Paulo,3550308,True,,33619,,,-23.479985,-46.603936000000004,,,,2,2023-06-15T16:48:18+00:00
SAO_809V-10,São Paulo,3550308,True,,35011,,,-23.570433,-46.689798249999996,,,,2,2023-06-15T16:48:31+00:00
SAO_809V-10,São Paulo,3550308,True,,35011,,,-23.571330625,-46.708110749999996,,,,2,2023-06-15T16:48:41+00:00
SAO_809V-10,São Paulo,3550308,True,,35011,,,-23.576383,-46.733109,,,,2,2023-06-15T16:48:46+00:00
SAO_8686-10,São Paulo,3550308,True,,33214,,,-23.48884275,-46.74307775,,,,2,2023-06-15T16:48:17+00:00
SAO_8686-10,São Paulo,3550308,True,,33214,,,-23.48884275,-46.74307775,,,,2,2023-06-15T16:48:16+00:00
SAO_8686-10,São Paulo,3550308,True,,33214,,,-23.525384000000003,-46.6820005,,,,2,2023-06-15T16:48:35+00:00
SAO_4020-10,São Paulo,3550308,True,,35298,,,-23.534503,-46.453302,,,,2,2023-06-15T16:48:46+00:00
SAO_4020-10,São Paulo,3550308,True,,35298,,,-23.534235000000002,-46.452625999999995,,,,2,2023-06-15T16:48:16+00:00
SAO_5701-10,São Paulo,3550308,True,,1136,,,-23.62243375,-46.68309725,,,,1,2023-06-15T16:48:14+00:00
SAO_5701-10,São Paulo,3550308,True,,1136,,,-23.6514295,-46.654084499999996,,,,1,2023-06-15T16:48:32+00:00
SAO_5701-10,São Paulo,3550308,True,,1136,,,-23.635358,-46.669107,,,,1,2023-06-15T16:48:28+00:00
SAO_5701-10,São Paulo,3550308,True,,1136,,,-23.635625,-46.6414725,,,,1,2023-06-15T16:48:15+00:00
SAO_5701-10,São Paulo,3550308,True,,1136,,,-23.619524625,-46.695356875,,,,1,2023-06-15T16:48:05+00:00
SAO_847P-10,São Paulo,3550308,True,,33191,,,-23.552247,-46.69011537499999,,,,2,2023-06-15T16:48:19+00:00
SAO_847P-10,São Paulo,3550308,True,,33191,,,-23.56998325,-46.691308250000006,,,,2,2023-06-15T16:48:40+00:00
SAO_847P-10,São Paulo,3550308,True,,33191,,,-23.4854175,-46.7256575,,,,2,2023-06-15T16:48:23+00:00
SAO_847P-10,São Paulo,3550308,True,,33191,,,-23.4855005,-46.7258875,,,,2,2023-06-15T16:48:09+00:00
SAO_847P-10,São Paulo,3550308,True,,33191,,,-23.486277,-46.726815875,,,,2,2023-06-15T16:48:14+00:00
SAO_847P-10,São Paulo,3550308,True,,33191,,,-23.48903,-46.718903,,,,2,2023-06-15T16:48:29+00:00
SAO_847P-10,São Paulo,3550308,True,,33191,,,-23.528084,-46.705042500000005,,,,2,2023-06-15T16:48:08+00:00
SAO_847P-10,São Paulo,3550308,True,,33191,,,-23.547102000000002,-46.691955,,,,2,2023-06-15T16:48:41+00:00
SAO_847P-10,São Paulo,3550308,True,,33191,,,-23.5611575,-46.689241124999995,,,,2,2023-06-15T16:48:03+00:00
SAO_847P-10,São Paulo,3550308,True,,33191,,,-23.511091,-46.705378749999994,,,,2,2023-06-15T16:48:19+00:00
SAO_209P-1,São Paulo,3550308,True,,35069,,,-23.47277475,-46.6701725,,,,2,2023-06-15T16:48:20+00:00
SAO_209P-1,São Paulo,3550308,True,,35069,,,-23.501758,-46.6869255,,,,2,2023-06-15T16:48:14+00:00
SAO_209P-1,São Paulo,3550308,True,,35069,,,-23.567809,-46.699926500000004,,,,2,2023-06-15T16:48:34+00:00
SAO_274P-10,São Paulo,3550308,True,,33000,,,-23.5565105,-46.626769499999995,,,,2,2023-06-15T16:48:13+00:00
SAO_274P-10,São Paulo,3550308,True,,33000,,,-23.537631,-46.596464125000004,,,,2,2023-06-15T16:48:24+00:00
SAO_274P-10,São Paulo,3550308,True,,33000,,,-23.512895,-46.5310825,,,,2,2023-06-15T16:48:25+00:00
SAO_274P-10,São Paulo,3550308,True,,33000,,,-23.512387500000003,-46.5304855,,,,2,2023-06-15T16:48:33+00:00
SAO_274P-10,São Paulo,3550308,True,,33000,,,-23.512387500000003,-46.5304855,,,,2,2023-06-15T16:48:36+00:00
SAO_7012-10,São Paulo,3550308,True,,2043,,,-23.715059500000002,-46.772093,,,,1,2023-06-15T16:48:34+00:00
SAO_7012-10,São Paulo,3550308,True,,2043,,,-23.668242,-46.7355055,,,,1,2023-06-15T16:48:32+00:00
SAO_7012-10,São Paulo,3550308,True,,2043,,,-23.671774,-46.7412225,,,,1,2023-06-15T16:48:33+00:00
SAO_7012-10,São Paulo,3550308,True,,2043,,,-23.6889305,-46.77293075,,,,1,2023-06-15T16:48:06+00:00
SAO_7012-10,São Paulo,3550308,True,,2043,,,-23.6987795,-46.7785775,,,,1,2023-06-15T16:48:17+00:00
SAO_3739-10,São Paulo,3550308,True,,33807,,,-23.552484125,-46.458167625,,,,2,2023-06-15T16:48:34+00:00
SAO_3739-10,São Paulo,3550308,True,,33807,,,-23.6125085,-46.4160355,,,,2,2023-06-15T16:48:04+00:00
SAO_3739-10,São Paulo,3550308,True,,33807,,,-23.596156,-46.436382,,,,2,2023-06-15T16:48:38+00:00
SAO_3739-10,São Paulo,3550308,True,,33807,,,-23.612344,-46.416132000000005,,,,2,2023-06-15T16:48:24+00:00
SAO_3739-10,São Paulo,3550308,True,,33807,,,-23.61229,-46.416155,,,,2,2023-06-15T16:48:19+00:00
SAO_3739-10,São Paulo,3550308,True,,33807,,,-23.573963,-46.445578,,,,2,2023-06-15T16:48:30+00:00
SAO_971A-10,São Paulo,3550308,True,,33426,,,-23.486307,-46.680385,,,,2,2023-06-15T16:48:40+00:00
SAO_971A-10,São Paulo,3550308,True,,33426,,,-23.486351,-46.680228,,,,2,2023-06-15T16:48:21+00:00
SAO_971A-10,São Paulo,3550308,True,,33426,,,-23.486426,-46.680797,,,,2,2023-06-15T16:48:12+00:00
SAO_971A-10,São Paulo,3550308,True,,33426,,,-23.486307,-46.680385,,,,2,2023-06-15T16:48:39+00:00
SAO_971A-10,São Paulo,3550308,True,,33426,,,-23.498838499999998,-46.6673725,,,,2,2023-06-15T16:48:42+00:00
SAO_971A-10,São Paulo,3550308,True,,33426,,,-23.486307,-46.680385,,,,2,2023-06-15T16:48:42+00:00
SAO_4012-10,São Paulo,3550308,True,,34953,,,-23.597434,-46.442902,,,,2,2023-06-15T16:48:20+00:00
SAO_4012-10,São Paulo,3550308,True,,34953,,,-23.596834,-46.442963,,,,2,2023-06-15T16:48:24+00:00
SAO_4012-10,São Paulo,3550308,True,,34953,,,-23.597589999999997,-46.442834500000004,,,,2,2023-06-15T16:48:25+00:00
SAO_4012-10,São Paulo,3550308,True,,34953,,,-23.59727075,-46.442916749999995,,,,2,2023-06-15T16:48:02+00:00
SAO_4012-10,São Paulo,3550308,True,,34953,,,-23.616623,-46.46141625,,,,2,2023-06-15T16:48:30+00:00
SAO_4012-10,São Paulo,3550308,True,,34953,,,-23.61471125,-46.470661750000005,,,,2,2023-06-15T16:48:40+00:00
SAO_4012-10,São Paulo,3550308,True,,34953,,,-23.614441,-46.47093825,,,,2,2023-06-15T16:48:43+00:00
SAO_3736-10,São Paulo,3550308,True,,33804,,,-23.5758665,-46.4834185,,,,2,2023-06-15T16:48:41+00:00
SAO_3736-10,São Paulo,3550308,True,,33804,,,-23.572732625,-46.481024000000005,,,,2,2023-06-15T16:48:09+00:00
SAO_3736-10,São Paulo,3550308,True,,33804,,,-23.554228000000002,-46.481153,,,,2,2023-06-15T16:48:22+00:00
SAO_3736-10,São Paulo,3550308,True,,33804,,,-23.5761605,-46.48341425,,,,2,2023-06-15T16:48:25+00:00
SAO_3736-10,São Paulo,3550308,True,,33804,,,-23.540392,-46.485367499999995,,,,2,2023-06-15T16:48:41+00:00
SAO_3736-10,São Paulo,3550308,True,,33804,,,-23.5650475,-46.4759235,,,,2,2023-06-15T16:48:16+00:00
SAO_6075-10,São Paulo,3550308,True,,33930,,,-23.797424,-46.737873,,,,2,2023-06-15T16:48:21+00:00
SAO_6075-10,São Paulo,3550308,True,,33930,,,-23.797689499999997,-46.7382825,,,,2,2023-06-15T16:48:19+00:00
SAO_6075-10,São Paulo,3550308,True,,33930,,,-23.792149000000002,-46.7331635,,,,2,2023-06-15T16:48:47+00:00
SAO_6075-10,São Paulo,3550308,False,,33930,,,-23.797689499999997,-46.7382825,,,,2,2023-06-15T16:48:28+00:00
SAO_6075-10,São Paulo,3550308,True,,33930,,,-23.79731,-46.737770999999995,,,,2,2023-06-15T16:48:35+00:00
SAO_6075-10,São Paulo,3550308,True,,33930,,,-23.797689499999997,-46.7382825,,,,2,2023-06-15T16:48:13+00:00
SAO_374V-10,São Paulo,3550308,True,,1647,,,-23.5190515,-46.449638,,,,1,2023-06-15T16:48:19+00:00
SAO_374V-10,São Paulo,3550308,True,,1647,,,-23.52940975,-46.4556305,,,,1,2023-06-15T16:48:23+00:00
SAO_374V-10,São Paulo,3550308,True,,1647,,,-23.542603999999997,-46.469476,,,,1,2023-06-15T16:48:26+00:00
SAO_775P-10,São Paulo,3550308,True,EMTU,507,https://moovitapp.com/index/pt-br/transporte_p%C3%BAblico-line-507-Sao_Paulo-242-2038937-36419529-0,5.65,-23.5946805,-46.745692999999996,,,,1,2023-06-15T16:48:26+00:00
SAO_775P-10,São Paulo,3550308,True,EMTU,507,https://moovitapp.com/index/pt-br/transporte_p%C3%BAblico-line-507-Sao_Paulo-242-2038937-36419529-0,5.65,-23.562789375,-46.654997124999994,,,,1,2023-06-15T16:48:46+00:00
SAO_775P-10,São Paulo,3550308,True,EMTU,507,https://moovitapp.com/index/pt-br/transporte_p%C3%BAblico-line-507-Sao_Paulo-242-2038937-36419529-0,5.65,-23.558109249999998,-46.66754,,,,1,2023-06-15T16:48:16+00:00
SAO_3742-10,São Paulo,3550308,True,,1042,,,-23.564302750000003,-46.4462245,,,,1,2023-06-15T16:48:30+00:00
SAO_3742-10,São Paulo,3550308,True,,1042,,,-23.53802825,-46.45364025,,,,1,2023-06-15T16:48:41+00:00
SAO_3742-10,São Paulo,3550308,True,,1042,,,-23.595953,-46.4364655,,,,1,2023-06-15T16:48:40+00:00
SAO_3742-10,São Paulo,3550308,True,,1042,,,-23.542243,-46.4699735,,,,1,2023-06-15T16:48:12+00:00
SAO_3742-10,São Paulo,3550308,True,,1042,,,-23.5723965,-46.4460565,,,,1,2023-06-15T16:48:30+00:00
SAO_6015-10,São Paulo,3550308,True,,1205,,,-23.7388185,-46.79168475,,,,1,2023-06-15T16:48:17+00:00
SAO_6015-10,São Paulo,3550308,True,,1205,,,-23.6772705,-46.7589355,,,,1,2023-06-15T16:48:26+00:00
SAO_6015-10,São Paulo,3550308,True,,1205,,,-23.667555,-46.7294615,,,,1,2023-06-15T16:48:32+00:00
SAO_6015-10,São Paulo,3550308,True,,1205,,,-23.69138175,-46.77535775,,,,1,2023-06-15T16:48:44+00:00
SAO_6015-10,São Paulo,3550308,True,,1205,,,-23.666663999999997,-46.720772499999995,,,,1,2023-06-15T16:48:31+00:00
SAO_6015-10,São Paulo,3550308,True,,1205,,,-23.6857005,-46.7702335,,,,1,2023-06-15T16:48:11+00:00
SAO_6015-10,São Paulo,3550308,True,,1205,,,-23.666076875,-46.715127249999995,,,,1,2023-06-15T16:48:43+00:00
SAO_7016-10,São Paulo,3550308,True,,2118,,,-23.6867435,-46.7554535,,,,1,2023-06-15T16:48:20+00:00
SAO_7016-10,São Paulo,3550308,True,,2118,,,-23.688173499999998,-46.773318,,,,1,2023-06-15T16:47:08+00:00
SAO_7016-10,São Paulo,3550308,True,,2118,,,-23.688184,-46.772277125,,,,1,2023-06-15T16:48:34+00:00
SAO_7016-10,São Paulo,3550308,True,,2118,,,-23.688173499999998,-46.773318,,,,1,2023-06-15T16:48:09+00:00
SAO_7016-10,São Paulo,3550308,True,,2118,,,-23.653890625,-46.71154075,,,,1,2023-06-15T16:48:30+00:00
SAO_7016-10,São Paulo,3550308,True,,2118,,,-23.688173499999998,-46.773318,,,,1,2023-06-15T16:48:06+00:00
SAO_7016-10,São Paulo,3550308,True,,2118,,,-23.688173499999998,-46.773318,,,,1,2023-06-15T16:48:40+00:00
SAO_7016-10,São Paulo,3550308,True,,2118,,,-23.688173499999998,-46.773318,,,,1,2023-06-15T16:48:23+00:00
SAO_3721-10,São Paulo,3550308,True,,33787,,,-23.5637715,-46.492328,,,,2,2023-06-15T16:48:25+00:00
SAO_3721-10,São Paulo,3550308,True,,33787,,,-23.563564,-46.5053905,,,,2,2023-06-15T16:48:40+00:00
SAO_3721-10,São Paulo,3550308,True,,33787,,,-23.563519,-46.5054075,,,,2,2023-06-15T16:48:38+00:00
SAO_2715-10,São Paulo,3550308,True,,33696,,,-23.497541,-46.5026115,,,,2,2023-06-15T16:48:20+00:00
SAO_2715-10,São Paulo,3550308,True,,33696,,,-23.508872750000002,-46.50166675,,,,2,2023-06-15T16:47:55+00:00
SAO_2715-10,São Paulo,3550308,True,,33696,,,-23.525123625,-46.50150225,,,,2,2023-06-15T16:48:22+00:00
SAO_8500-10,São Paulo,3550308,True,,1267,,,-23.48629,-46.7260085,,,,1,2023-06-15T16:48:08+00:00
SAO_8500-10,São Paulo,3550308,True,,1267,,,-23.48629,-46.7260085,,,,1,2023-06-15T16:48:08+00:00
SAO_8500-10,São Paulo,3550308,True,,1267,,,-23.4878705,-46.71395975,,,,1,2023-06-15T16:48:25+00:00
SAO_8500-10,São Paulo,3550308,False,,1267,,,-23.48629,-46.7260085,,,,1,2023-06-15T16:48:34+00:00
SAO_8500-10,São Paulo,3550308,True,,1267,,,-23.4868015,-46.726492,,,,1,2023-06-15T16:48:23+00:00
SAO_8500-10,São Paulo,3550308,True,,1267,,,-23.516460375,-46.685438500000004,,,,1,2023-06-15T16:48:14+00:00
SAO_2731-10,São Paulo,3550308,True,,33714,,,-23.519921500000002,-46.441227,,,,2,2023-06-15T16:44:56+00:00
SAO_2731-10,São Paulo,3550308,True,,33714,,,-23.54147425,-46.4575135,,,,2,2023-06-15T16:48:02+00:00
SAO_2731-10,São Paulo,3550308,True,,33714,,,-23.518088249999998,-46.439505,,,,2,2023-06-15T16:48:28+00:00
SAO_2731-10,São Paulo,3550308,True,,33714,,,-23.5174115,-46.438945000000004,,,,2,2023-06-15T16:48:07+00:00
SAO_2731-10,São Paulo,3550308,True,,33714,,,-23.5298835,-46.452235625,,,,2,2023-06-15T16:48:03+00:00
SAO_7545-10,São Paulo,3550308,True,,33272,,,-23.56761925,-46.684419000000005,,,,2,2023-06-15T16:48:25+00:00
SAO_7545-10,São Paulo,3550308,True,,33272,,,-23.6016895,-46.791908,,,,2,2023-06-15T16:48:42+00:00
SAO_7545-10,São Paulo,3550308,True,,33272,,,-23.572284000000003,-46.7037375,,,,2,2023-06-15T16:48:43+00:00
SAO_7545-10,São Paulo,3550308,True,,33272,,,-23.54862,-46.65147,,,,2,2023-06-15T16:48:27+00:00
SAO_7545-10,São Paulo,3550308,True,,33272,,,-23.601478,-46.791829,,,,2,2023-06-15T16:48:44+00:00
SAO_7545-10,São Paulo,3550308,True,,33272,,,-23.596728499999998,-46.7810185,,,,2,2023-06-15T16:48:15+00:00
SAO_7545-10,São Paulo,3550308,True,,33272,,,-23.601537,-46.791821999999996,,,,2,2023-06-15T16:48:08+00:00
SAO_7545-10,São Paulo,3550308,True,,33272,,,-23.6016895,-46.791908,,,,2,2023-06-15T16:48:42+00:00
SAO_7545-10,São Paulo,3550308,True,,33272,,,-23.5864425625,-46.754773375,,,,2,2023-06-15T16:48:19+00:00
SAO_7545-10,São Paulo,3550308,True,,33272,,,-23.60138,-46.79190749999999,,,,2,2023-06-15T16:48:06+00:00
SAO_7545-10,São Paulo,3550308,True,,33272,,,-23.6016895,-46.791908,,,,2,2023-06-15T16:48:15+00:00
SAO_7545-10,São Paulo,3550308,True,,33272,,,-23.6014325,-46.7918495,,,,2,2023-06-15T16:48:26+00:00
SAO_7545-10,São Paulo,3550308,True,,33272,,,-23.589883,-46.770945,,,,2,2023-06-15T16:48:19+00:00
SAO_6057-10,São Paulo,3550308,True,,33916,,,-23.76584475,-46.708275875,,,,2,2023-06-15T16:48:09+00:00
SAO_6057-10,São Paulo,3550308,True,,33916,,,-23.7672245,-46.7047155,,,,2,2023-06-15T16:48:12+00:00
SAO_6057-10,São Paulo,3550308,True,,33916,,,-23.76584475,-46.708275875,,,,2,2023-06-15T16:48:24+00:00
SAO_6057-10,São Paulo,3550308,True,,33916,,,-23.7617349375,-46.709908437500005,,,,2,2023-06-15T16:48:42+00:00
SAO_6057-10,São Paulo,3550308,True,,33916,,,-23.74478,-46.70714075,,,,2,2023-06-15T16:48:24+00:00
SAO_6057-10,São Paulo,3550308,True,,33916,,,-23.766202,-46.7087025,,,,2,2023-06-15T16:48:31+00:00
SAO_574C-10,São Paulo,3550308,True,,34407,,,-23.6111205,-46.4731355,,,,2,2023-06-15T16:48:07+00:00
SAO_574C-10,São Paulo,3550308,True,,34407,,,-23.597869250000002,-46.56562825,,,,2,2023-06-15T16:48:43+00:00
SAO_574C-10,São Paulo,3550308,True,,34407,,,-23.611402,-46.473266,,,,2,2023-06-15T16:48:21+00:00
SAO_574C-10,São Paulo,3550308,True,,34407,,,-23.6111205,-46.4731355,,,,2,2023-06-15T16:48:24+00:00
SAO_574C-10,São Paulo,3550308,True,,34407,,,-23.5907325,-46.5450165,,,,2,2023-06-15T16:45:15+00:00
SAO_574C-10,São Paulo,3550308,True,,34407,,,-23.597566999999998,-46.522822500000004,,,,2,2023-06-15T16:48:12+00:00
SAO_5164-10,São Paulo,3550308,True,,34051,,,-23.628309125,-46.644409875,,,,2,2023-06-15T16:48:06+00:00
SAO_5164-10,São Paulo,3550308,True,,34051,,,-23.642954500000002,-46.6617585,,,,2,2023-06-15T16:48:44+00:00
SAO_5164-10,São Paulo,3550308,True,,34051,,,-23.5809745,-46.6566785,,,,2,2023-06-15T16:48:33+00:00
SAO_5164-10,São Paulo,3550308,True,,34051,,,-23.596709,-46.647362875,,,,2,2023-06-15T16:47:58+00:00
SAO_5164-10,São Paulo,3550308,True,,34051,,,-23.592185999999998,-46.650962500000006,,,,2,2023-06-15T16:48:19+00:00
SAO_5164-10,São Paulo,3550308,True,,34051,,,-23.642743,-46.660957999999994,,,,2,2023-06-15T16:48:02+00:00
SAO_5164-10,São Paulo,3550308,True,,34051,,,-23.634312,-46.642042,,,,2,2023-06-15T16:48:01+00:00
SAO_2721-10,São Paulo,3550308,True,,934,,,-23.508365500000004,-46.4432925,,,,1,2023-06-15T16:48:04+00:00
SAO_2721-10,São Paulo,3550308,True,,934,,,-23.5193225,-46.409525,,,,1,2023-06-15T16:48:03+00:00
SAO_2721-10,São Paulo,3550308,True,,934,,,-23.5193225,-46.409525,,,,1,2023-06-15T16:48:16+00:00
SAO_2721-10,São Paulo,3550308,True,,934,,,-23.5193225,-46.409525,,,,1,2023-06-15T16:48:21+00:00
SAO_2721-10,São Paulo,3550308,True,,934,,,-23.5193225,-46.409525,,,,1,2023-06-15T16:48:24+00:00
SAO_2721-10,São Paulo,3550308,True,,934,,,-23.493994999999998,-46.43947925,,,,1,2023-06-15T16:48:46+00:00
SAO_2721-10,São Paulo,3550308,True,,934,,,-23.5337065,-46.4548425,,,,1,2023-06-15T16:48:22+00:00
SAO_2721-10,São Paulo,3550308,True,,934,,,-23.5357195,-46.454807,,,,1,2023-06-15T16:48:22+00:00
SAO_2721-10,São Paulo,3550308,True,,934,,,-23.54223,-46.4724785,,,,1,2023-06-15T16:48:38+00:00
SAO_2721-10,São Paulo,3550308,True,,934,,,-23.5193225,-46.409525,,,,1,2023-06-15T16:48:36+00:00
SAO_2721-10,São Paulo,3550308,True,,934,,,-23.5112395,-46.403469,,,,1,2023-06-15T16:48:21+00:00
SAO_2721-10,São Paulo,3550308,True,,934,,,-23.5193225,-46.409525,,,,1,2023-06-15T16:48:43+00:00
SAO_2721-10,São Paulo,3550308,True,,934,,,-23.5193225,-46.409525,,,,1,2023-06-15T16:48:41+00:00
SAO_2721-10,São Paulo,3550308,True,,934,,,-23.5193225,-46.409525,,,,1,2023-06-15T16:48:19+00:00
SAO_4035-10,São Paulo,3550308,True,,35328,,,-23.555729499999998,-46.447340499999996,,,,2,2023-06-15T16:41:29+00:00
SAO_4035-10,São Paulo,3550308,True,,35328,,,-23.558238,-46.399558999999996,,,,2,2023-06-15T16:48:12+00:00
SAO_4035-10,São Paulo,3550308,True,,35328,,,-23.542768,-46.41466525,,,,2,2023-06-15T16:48:45+00:00
SAO_2722-10,São Paulo,3550308,True,Urubupungá,935,https://moovitapp.com/index/pt-br/transporte_p%C3%BAblico-line-935-Sao_Paulo-242-873835-76437456-0,4.6,-23.5133355,-46.50134975,,,,1,2023-06-15T16:48:37+00:00
SAO_2722-10,São Paulo,3550308,True,Urubupungá,935,https://moovitapp.com/index/pt-br/transporte_p%C3%BAblico-line-935-Sao_Paulo-242-873835-76437456-0,4.6,-23.492005,-46.4929725,,,,1,2023-06-15T16:48:19+00:00
SAO_2722-10,São Paulo,3550308,True,Urubupungá,935,https://moovitapp.com/index/pt-br/transporte_p%C3%BAblico-line-935-Sao_Paulo-242-873835-76437456-0,4.6,-23.5286855,-46.516388500000005,,,,1,2023-06-15T16:48:10+00:00
SAO_2722-10,São Paulo,3550308,True,Urubupungá,935,https://moovitapp.com/index/pt-br/transporte_p%C3%BAblico-line-935-Sao_Paulo-242-873835-76437456-0,4.6,-23.492590999999997,-46.496555,,,,1,2023-06-15T16:47:45+00:00
SAO_2722-10,São Paulo,3550308,True,Urubupungá,935,https://moovitapp.com/index/pt-br/transporte_p%C3%BAblico-line-935-Sao_Paulo-242-873835-76437456-0,4.6,-23.492005,-46.4929725,,,,1,2023-06-15T16:48:45+00:00
SAO_2722-10,São Paulo,3550308,True,Urubupungá,935,https://moovitapp.com/index/pt-br/transporte_p%C3%BAblico-line-935-Sao_Paulo-242-873835-76437456-0,4.6,-23.5201605,-46.514399999999995,,,,1,2023-06-15T16:48:21+00:00
SAO_2722-10,São Paulo,3550308,True,Urubupungá,935,https://moovitapp.com/index/pt-br/transporte_p%C3%BAblico-line-935-Sao_Paulo-242-873835-76437456-0,4.6,-23.49354325,-46.50210774999999,,,,1,2023-06-15T16:48:01+00:00
SAO_647P-10,São Paulo,3550308,True,,34084,,,-23.610439375,-46.727247375000005,,,,2,2023-06-15T16:48:32+00:00
SAO_647P-10,São Paulo,3550308,True,,34084,,,-23.5732,-46.6895245,,,,2,2023-06-15T16:48:20+00:00
SAO_647P-10,São Paulo,3550308,True,,34084,,,-23.582404,-46.68563,,,,2,2023-06-15T16:48:07+00:00
SAO_647P-10,São Paulo,3550308,True,,34084,,,-23.567622999999998,-46.695747,,,,2,2023-06-15T16:48:19+00:00
SAO_647P-10,São Paulo,3550308,True,,34084,,,-23.582404,-46.68563,,,,2,2023-06-15T16:48:20+00:00
SAO_647P-10,São Paulo,3550308,True,,34084,,,-23.6614595,-46.768571,,,,2,2023-06-15T16:48:37+00:00
SAO_647P-10,São Paulo,3550308,True,,34084,,,-23.598195,-46.70864,,,,2,2023-06-15T16:48:46+00:00
SAO_647P-10,São Paulo,3550308,True,,34084,,,-23.660064,-46.767101,,,,2,2023-06-15T16:48:13+00:00
SAO_647P-10,São Paulo,3550308,True,,34084,,,-23.660064,-46.767101,,,,2,2023-06-15T16:48:09+00:00
SAO_8050-10,São Paulo,3550308,True,,412,,,-23.5121515,-46.727630000000005,,,,1,2023-06-15T16:48:23+00:00
SAO_8050-10,São Paulo,3550308,True,,412,,,-23.43585525,-46.786294749999996,,,,1,2023-06-15T16:48:01+00:00
SAO_407H-10,São Paulo,3550308,True,,34965,,,-23.542444,-46.471092999999996,,,,2,2023-06-15T16:48:02+00:00
SAO_407H-10,São Paulo,3550308,True,,34965,,,-23.6309715,-46.4467715,,,,2,2023-06-15T16:48:27+00:00
SAO_407H-10,São Paulo,3550308,True,,34965,,,-23.584371,-46.442655,,,,2,2023-06-15T16:48:27+00:00
SAO_407H-10,São Paulo,3550308,True,,34965,,,-23.61455375,-46.45803325,,,,2,2023-06-15T16:48:24+00:00
SAO_407H-10,São Paulo,3550308,True,,34965,,,-23.631637499999997,-46.44689875,,,,2,2023-06-15T16:48:27+00:00
SAO_407H-10,São Paulo,3550308,True,,34965,,,-23.563499999999998,-46.46655,,,,2,2023-06-15T16:48:24+00:00
SAO_407H-10,São Paulo,3550308,True,,34965,,,-23.62986925,-46.44369025,,,,2,2023-06-15T16:48:36+00:00
SAO_407H-10,São Paulo,3550308,True,,34965,,,-23.56825525,-46.46213575,,,,2,2023-06-15T16:48:31+00:00
SAO_407H-10,São Paulo,3550308,True,,34965,,,-23.5430545,-46.470682999999994,,,,2,2023-06-15T16:48:17+00:00
SAO_637V-10,São Paulo,3550308,True,,32872,,,-23.733290500000003,-46.683053,,,,2,2023-06-15T16:48:42+00:00
SAO_637V-10,São Paulo,3550308,True,,32872,,,-23.6750961875,-46.71336699999999,,,,2,2023-06-15T16:48:14+00:00
SAO_637V-10,São Paulo,3550308,True,,32872,,,-23.738381,-46.6884425,,,,2,2023-06-15T16:48:35+00:00
SAO_637V-10,São Paulo,3550308,True,,32872,,,-23.654218999999998,-46.709126,,,,2,2023-06-15T16:48:02+00:00
SAO_637V-10,São Paulo,3550308,True,,32872,,,-23.7141715,-46.6914895,,,,2,2023-06-15T16:48:05+00:00
SAO_9501-10,São Paulo,3550308,True,EMTU,462,https://moovitapp.com/index/pt-br/transporte_p%C3%BAblico-line-462-Sao_Paulo-242-2038937-36419502-0,7.4,-23.475306,-46.6698155,,,,1,2023-06-15T16:48:43+00:00
SAO_9501-10,São Paulo,3550308,True,EMTU,462,https://moovitapp.com/index/pt-br/transporte_p%C3%BAblico-line-462-Sao_Paulo-242-2038937-36419502-0,7.4,-23.543484,-46.63817400000001,,,,1,2023-06-15T16:48:23+00:00
SAO_9501-10,São Paulo,3550308,True,EMTU,462,https://moovitapp.com/index/pt-br/transporte_p%C3%BAblico-line-462-Sao_Paulo-242-2038937-36419502-0,7.4,-23.519113625000003,-46.67581725000001,,,,1,2023-06-15T16:48:13+00:00
SAO_9501-10,São Paulo,3550308,True,EMTU,462,https://moovitapp.com/index/pt-br/transporte_p%C3%BAblico-line-462-Sao_Paulo-242-2038937-36419502-0,7.4,-23.536755,-46.64237325,,,,1,2023-06-15T16:48:07+00:00
SAO_9501-10,São Paulo,3550308,True,EMTU,462,https://moovitapp.com/index/pt-br/transporte_p%C3%BAblico-line-462-Sao_Paulo-242-2038937-36419502-0,7.4,-23.475306,-46.6698155,,,,1,2023-06-15T16:48:25+00:00
SAO_9501-10,São Paulo,3550308,True,EMTU,462,https://moovitapp.com/index/pt-br/transporte_p%C3%BAblico-line-462-Sao_Paulo-242-2038937-36419502-0,7.4,-23.508825,-46.6896915,,,,1,2023-06-15T16:48:25+00:00
SAO_9501-10,São Paulo,3550308,True,EMTU,462,https://moovitapp.com/index/pt-br/transporte_p%C3%BAblico-line-462-Sao_Paulo-242-2038937-36419502-0,7.4,-23.475306,-46.6698155,,,,1,2023-06-15T16:48:45+00:00
SAO_9501-10,São Paulo,3550308,True,EMTU,462,https://moovitapp.com/index/pt-br/transporte_p%C3%BAblico-line-462-Sao_Paulo-242-2038937-36419502-0,7.4,-23.482397,-46.677287,,,,1,2023-06-15T16:48:44+00:00
SAO_9501-10,São Paulo,3550308,True,EMTU,462,https://moovitapp.com/index/pt-br/transporte_p%C3%BAblico-line-462-Sao_Paulo-242-2038937-36419502-0,7.4,-23.475306,-46.6698155,,,,1,2023-06-15T16:48:38+00:00
SAO_4031-10,São Paulo,3550308,True,,1101,,,-23.591878,-46.566324,,,,1,2023-06-15T16:48:23+00:00
SAO_4031-10,São Paulo,3550308,True,,1101,,,-23.583663,-46.582224,,,,1,2023-06-15T16:48:39+00:00
SAO_4031-10,São Paulo,3550308,True,,1101,,,-23.6058145,-46.521424249999995,,,,1,2023-06-15T16:48:13+00:00
SAO_4031-10,São Paulo,3550308,True,,1101,,,-23.5854635,-46.585412500000004,,,,1,2023-06-15T16:48:04+00:00
SAO_4031-10,São Paulo,3550308,True,,1101,,,-23.61408,-46.517419000000004,,,,1,2023-06-15T16:48:31+00:00
SAO_4031-10,São Paulo,3550308,True,,1101,,,-23.591703,-46.548860250000004,,,,1,2023-06-15T16:48:25+00:00
SAO_4031-10,São Paulo,3550308,True,,1101,,,-23.61408,-46.517419000000004,,,,1,2023-06-15T16:48:42+00:00
SAO_2290-10,São Paulo,3550308,True,,718,,,-23.6130195,-46.476082,,,,1,2023-06-15T16:48:04+00:00
SAO_2290-10,São Paulo,3550308,True,,718,,,-23.535095,-46.5766945,,,,1,2023-06-15T16:48:04+00:00
SAO_2290-10,São Paulo,3550308,True,,718,,,-23.6131955,-46.476123,,,,1,2023-06-15T16:48:29+00:00
SAO_2290-10,São Paulo,3550308,True,,718,,,-23.5436655,-46.620252,,,,1,2023-06-15T16:48:17+00:00
SAO_2290-10,São Paulo,3550308,True,,718,,,-23.612296,-46.475164500000005,,,,1,2023-06-15T16:48:38+00:00
SAO_2290-10,São Paulo,3550308,True,,718,,,-23.6131955,-46.476123,,,,1,2023-06-15T16:48:47+00:00
SAO_2290-10,São Paulo,3550308,True,,718,,,-23.58074,-46.49959075,,,,1,2023-06-15T16:48:33+00:00
SAO_2290-10,São Paulo,3550308,True,,718,,,-23.55036275,-46.533575,,,,1,2023-06-15T16:48:31+00:00
SAO_2290-10,São Paulo,3550308,True,,718,,,-23.5435645,-46.61983,,,,1,2023-06-15T16:48:26+00:00
SAO_2290-10,São Paulo,3550308,True,,718,,,-23.6131955,-46.476123,,,,1,2023-06-15T16:48:33+00:00
SAO_2290-10,São Paulo,3550308,True,,718,,,-23.58780875,-46.4906065,,,,1,2023-06-15T16:48:32+00:00
SAO_2290-10,São Paulo,3550308,True,,718,,,-23.545470375,-46.643260375,,,,1,2023-06-15T16:48:20+00:00
SAO_2290-10,São Paulo,3550308,True,,718,,,-23.542720250000002,-46.643174625,,,,1,2023-06-15T16:48:41+00:00
SAO_2290-10,São Paulo,3550308,True,,718,,,-23.6130195,-46.476082,,,,1,2023-06-15T16:48:42+00:00
SAO_2290-10,São Paulo,3550308,True,,718,,,-23.6131955,-46.476123,,,,1,2023-06-15T16:48:28+00:00
SAO_2290-10,São Paulo,3550308,True,,718,,,-23.545999875,-46.643137875,,,,1,2023-06-15T16:48:42+00:00
SAO_2290-10,São Paulo,3550308,True,,718,,,-23.6131955,-46.476123,,,,1,2023-06-15T16:48:38+00:00
SAO_2290-10,São Paulo,3550308,True,,718,,,-23.540582750000002,-46.61279999999999,,,,1,2023-06-15T16:48:45+00:00
SAO_2290-10,São Paulo,3550308,True,,718,,,-23.612797,-46.4760315,,,,1,2023-06-15T16:48:29+00:00
SAO_2290-10,São Paulo,3550308,True,,718,,,-23.603975,-46.4813555,,,,1,2023-06-15T16:48:14+00:00
SAO_2290-10,São Paulo,3550308,True,,718,,,-23.6131955,-46.476123,,,,1,2023-06-15T16:48:31+00:00
SAO_2290-10,São Paulo,3550308,True,,718,,,-23.6131955,-46.476123,,,,1,2023-06-15T16:48:24+00:00
SAO_2290-10,São Paulo,3550308,True,,718,,,-23.545999875,-46.643137875,,,,1,2023-06-15T16:48:24+00:00
SAO_2290-10,São Paulo,3550308,True,,718,,,-23.540302500000003,-46.612326499999995,,,,1,2023-06-15T16:48:25+00:00
SAO_2290-10,São Paulo,3550308,True,,718,,,-23.5563895,-46.525339,,,,1,2023-06-15T16:48:30+00:00
SAO_2290-10,São Paulo,3550308,True,,718,,,-23.536339499999997,-46.557713,,,,1,2023-06-15T16:48:32+00:00
SAO_2290-10,São Paulo,3550308,True,,718,,,-23.6131955,-46.476123,,,,1,2023-06-15T16:48:41+00:00
SAO_2290-10,São Paulo,3550308,True,,718,,,-23.5440365,-46.5461995,,,,1,2023-06-15T16:48:36+00:00
SAO_342C-10,São Paulo,3550308,True,,1002,,,-23.52210025,-46.523883,,,,1,2023-06-15T16:48:14+00:00
SAO_342C-10,São Paulo,3550308,True,,1002,,,-23.560944,-46.4918265,,,,1,2023-06-15T16:48:16+00:00
SAO_342C-10,São Paulo,3550308,True,,1002,,,-23.5232615,-46.545676,,,,1,2023-06-15T16:48:37+00:00
SAO_342C-10,São Paulo,3550308,True,,1002,,,-23.5495505,-46.485144,,,,1,2023-06-15T16:48:32+00:00
SAO_342C-10,São Paulo,3550308,True,,1002,,,-23.543225125,-46.521386375,,,,1,2023-06-15T16:48:34+00:00
SAO_5128-10,São Paulo,3550308,True,,33896,,,-23.6517525,-46.638245999999995,,,,2,2023-06-15T16:48:26+00:00
SAO_5128-10,São Paulo,3550308,True,,33896,,,-23.66527,-46.6512055,,,,2,2023-06-15T16:48:46+00:00
SAO_5128-10,São Paulo,3550308,True,,33896,,,-23.678186,-46.6411755,,,,2,2023-06-15T16:48:23+00:00
SAO_5128-10,São Paulo,3550308,True,,33896,,,-23.70796,-46.655530999999996,,,,2,2023-06-15T16:45:02+00:00
SAO_5128-10,São Paulo,3550308,True,,33896,,,-23.7121575,-46.6525505,,,,2,2023-06-15T16:48:44+00:00
SAO_5128-10,São Paulo,3550308,True,,33896,,,-23.704015249999998,-46.6497725,,,,2,2023-06-15T16:48:10+00:00
SAO_5128-10,São Paulo,3550308,True,,33896,,,-23.66241275,-46.64708125,,,,2,2023-06-15T16:48:37+00:00
SAO_5128-10,São Paulo,3550308,True,,33896,,,-23.706131499999998,-46.652304,,,,2,2023-06-15T16:41:57+00:00
SAO_5128-10,São Paulo,3550308,True,,33896,,,-23.71148875,-46.65231225,,,,2,2023-06-15T16:48:05+00:00
SAO_8006-10,São Paulo,3550308,True,,1256,,,-23.446051,-46.7358695,,,,1,2023-06-15T16:48:26+00:00
SAO_8006-10,São Paulo,3550308,True,,1256,,,-23.485637500000003,-46.7260535,,,,1,2023-06-15T16:48:04+00:00
SAO_6051-10,São Paulo,3550308,True,,1143,,,-23.767886500000003,-46.7165485,,,,1,2023-06-15T16:48:34+00:00
SAO_5012-10,São Paulo,3550308,True,,1116,,,-23.71199975,-46.637007249999996,,,,1,2023-06-15T16:47:35+00:00
SAO_5012-10,São Paulo,3550308,True,,1116,,,-23.6460035,-46.6402605,,,,1,2023-06-15T16:48:33+00:00
SAO_5012-10,São Paulo,3550308,True,,1116,,,-23.682105999999997,-46.636607,,,,1,2023-06-15T16:48:39+00:00
SAO_5012-10,São Paulo,3550308,True,,1116,,,-23.70225225,-46.634179,,,,1,2023-06-15T16:48:06+00:00
SAO_5012-10,São Paulo,3550308,True,,1116,,,-23.7097155,-46.6354455,,,,1,2023-06-15T16:48:26+00:00
SAO_5012-10,São Paulo,3550308,True,,1116,,,-23.6460035,-46.6402605,,,,1,2023-06-15T16:46:26+00:00
SAO_5012-10,São Paulo,3550308,True,,1116,,,-23.6824265,-46.636086,,,,1,2023-06-15T16:48:09+00:00
SAO_5012-10,São Paulo,3550308,True,,1116,,,-23.7097155,-46.6354455,,,,1,2023-06-15T16:48:09+00:00
SAO_5012-10,São Paulo,3550308,True,,1116,,,-23.7097155,-46.6354455,,,,1,2023-06-15T16:48:43+00:00
SAO_5012-10,São Paulo,3550308,True,,1116,,,-23.701917,-46.639164,,,,1,2023-06-15T16:48:13+00:00
SAO_5012-10,São Paulo,3550308,True,,1116,,,-23.6919185,-46.630827,,,,1,2023-06-15T16:48:29+00:00
SAO_5012-10,São Paulo,3550308,True,,1116,,,-23.7097155,-46.6354455,,,,1,2023-06-15T16:48:35+00:00
SAO_5290-10,São Paulo,3550308,True,,597,,,-23.595532499999997,-46.6365505,,,,1,2023-06-15T16:48:03+00:00
SAO_5290-10,São Paulo,3550308,True,,597,,,-23.649404,-46.6404125,,,,1,2023-06-15T16:48:27+00:00
SAO_5290-10,São Paulo,3550308,True,,597,,,-23.573027375,-46.6400685,,,,1,2023-06-15T16:48:18+00:00
SAO_5290-10,São Paulo,3550308,True,,597,,,-23.544655,-46.630301,,,,1,2023-06-15T16:48:11+00:00
SAO_5290-10,São Paulo,3550308,True,,597,,,-23.625718499999998,-46.6407605,,,,1,2023-06-15T16:48:36+00:00
SAO_5290-10,São Paulo,3550308,True,,597,,,-23.6816055,-46.6367515,,,,1,2023-06-15T16:48:30+00:00
SAO_1726-10,São Paulo,3550308,True,,34171,,,-23.43905,-46.5802925,,,,2,2023-06-15T16:46:41+00:00
SAO_1726-10,São Paulo,3550308,True,,34171,,,-23.4356145,-46.5662275,,,,2,2023-06-15T16:48:25+00:00
SAO_1726-10,São Paulo,3550308,True,,34171,,,-23.439719500000002,-46.587374,,,,2,2023-06-15T16:48:25+00:00
SAO_1726-10,São Paulo,3550308,True,,34171,,,-23.502707,-46.624029,,,,2,2023-06-15T16:48:27+00:00
SAO_1726-10,São Paulo,3550308,True,,34171,,,-23.482988499999998,-46.613475125,,,,2,2023-06-15T16:45:29+00:00
SAO_1726-10,São Paulo,3550308,True,,34171,,,-23.462693,-46.603227000000004,,,,2,2023-06-15T16:48:35+00:00
SAO_1726-10,São Paulo,3550308,True,,34171,,,-23.435107000000002,-46.566191,,,,2,2023-06-15T16:48:03+00:00
SAO_1726-10,São Paulo,3550308,True,,34171,,,-23.435372,-46.566209,,,,2,2023-06-15T16:45:10+00:00
SAO_1726-10,São Paulo,3550308,True,,34171,,,-23.499056500000002,-46.622307625000005,,,,2,2023-06-15T16:48:43+00:00
SAO_5370-10,São Paulo,3550308,True,,1442,,,-23.70004375,-46.701075625,,,,1,2023-06-15T16:48:26+00:00
SAO_5370-10,São Paulo,3550308,True,,1442,,,-23.5750175,-46.641339,,,,1,2023-06-15T16:48:28+00:00
SAO_5370-10,São Paulo,3550308,True,,1442,,,-23.649885249999997,-46.702398,,,,1,2023-06-15T16:48:26+00:00
SAO_5370-10,São Paulo,3550308,True,,1442,,,-23.7673145,-46.7161625,,,,1,2023-06-15T16:48:23+00:00
SAO_5370-10,São Paulo,3550308,True,,1442,,,-23.75235325,-46.7109085,,,,1,2023-06-15T16:48:40+00:00
SAO_5370-10,São Paulo,3550308,True,,1442,,,-23.767859,-46.716285,,,,1,2023-06-15T16:48:28+00:00
SAO_5370-10,São Paulo,3550308,True,,1442,,,-23.739612,-46.701891,,,,1,2023-06-15T16:48:37+00:00
SAO_5370-10,São Paulo,3550308,True,,1442,,,-23.753166,-46.711084,,,,1,2023-06-15T16:48:22+00:00
SAO_5370-10,São Paulo,3550308,True,,1442,,,-23.6669665,-46.7119285,,,,1,2023-06-15T16:48:43+00:00
SAO_5370-10,São Paulo,3550308,True,,1442,,,-23.6079315,-46.666180999999995,,,,1,2023-06-15T16:48:45+00:00
SAO_5370-10,São Paulo,3550308,True,,1442,,,-23.551886500000002,-46.6369505,,,,1,2023-06-15T16:48:24+00:00
SAO_5370-10,São Paulo,3550308,True,,1442,,,-23.7673145,-46.7161625,,,,1,2023-06-15T16:43:14+00:00
SAO_5370-10,São Paulo,3550308,True,,1442,,,-23.60439675,-46.662862,,,,1,2023-06-15T16:48:01+00:00
SAO_5370-10,São Paulo,3550308,True,,1442,,,-23.7673145,-46.7161625,,,,1,2023-06-15T16:47:55+00:00
SAO_5370-10,São Paulo,3550308,True,,1442,,,-23.7673145,-46.7161625,,,,1,2023-06-15T16:48:46+00:00
SAO_2772-10,São Paulo,3550308,True,,33166,,,-23.5229185,-46.4105285,,,,2,2023-06-15T16:48:40+00:00
SAO_2772-10,São Paulo,3550308,True,,33166,,,-23.5075325,-46.489591250000004,,,,2,2023-06-15T16:48:42+00:00
SAO_2772-10,São Paulo,3550308,True,,33166,,,-23.493502749999998,-46.4426755,,,,2,2023-06-15T16:47:59+00:00
SAO_2772-10,São Paulo,3550308,True,,33166,,,-23.523301,-46.4105365,,,,2,2023-06-15T16:48:41+00:00
SAO_2772-10,São Paulo,3550308,True,,33166,,,-23.495356,-46.4300755,,,,2,2023-06-15T16:48:44+00:00
SAO_857P-10,São Paulo,3550308,True,,1926,,,-23.562667,-46.675276,,,,1,2023-06-15T16:48:17+00:00
SAO_857P-10,São Paulo,3550308,True,,1926,,,-23.5758255,-46.6414265,,,,1,2023-06-15T16:48:45+00:00
SAO_857P-10,São Paulo,3550308,True,,1926,,,-23.5750915,-46.7068975,,,,1,2023-06-15T16:48:32+00:00
SAO_857P-10,São Paulo,3550308,True,,1926,,,-23.631026499999997,-46.773642,,,,1,2023-06-15T16:48:13+00:00
SAO_857P-10,São Paulo,3550308,True,,1926,,,-23.63137,-46.771866,,,,1,2023-06-15T16:48:38+00:00
SAO_857P-10,São Paulo,3550308,True,,1926,,,-23.567469250000002,-46.649338,,,,1,2023-06-15T16:48:21+00:00
SAO_857P-10,São Paulo,3550308,True,,1926,,,-23.5576405,-46.660886500000004,,,,1,2023-06-15T16:48:26+00:00
SAO_857P-10,São Paulo,3550308,True,,1926,,,-23.6069925,-46.750366,,,,1,2023-06-15T16:48:28+00:00
SAO_857P-10,São Paulo,3550308,True,,1926,,,-23.587075499999997,-46.7254545,,,,1,2023-06-15T16:48:39+00:00
SAO_971R-42,São Paulo,3550308,True,,33384,,,-23.462421,-46.6836975,,,,2,2023-06-15T16:48:19+00:00
SAO_971R-42,São Paulo,3550308,True,,33384,,,-23.436705500000002,-46.739627,,,,2,2023-06-15T16:48:17+00:00
SAO_971R-42,São Paulo,3550308,True,,33384,,,-23.436705500000002,-46.739627,,,,2,2023-06-15T16:48:16+00:00
SAO_971R-42,São Paulo,3550308,True,,33384,,,-23.502354687500002,-46.634980750000004,,,,2,2023-06-15T16:48:39+00:00
SAO_971R-42,São Paulo,3550308,True,,33384,,,-23.4435615,-46.735414500000005,,,,2,2023-06-15T16:48:33+00:00
SAO_7011-31,São Paulo,3550308,True,,1954,,,-23.7083255,-46.7920035,,,,1,2023-06-15T16:48:46+00:00
SAO_7011-31,São Paulo,3550308,True,,1954,,,-23.6848355,-46.7700415,,,,1,2023-06-15T16:48:05+00:00
SAO_7011-31,São Paulo,3550308,True,,1954,,,-23.7083255,-46.7920035,,,,1,2023-06-15T16:48:37+00:00
SAO_7011-31,São Paulo,3550308,True,,1954,,,-23.6987285,-46.78604,,,,1,2023-06-15T16:48:14+00:00
SAO_2666-10,São Paulo,3550308,True,EMTU,378,https://moovitapp.com/index/pt-br/transporte_p%C3%BAblico-line-378-Sao_Paulo-242-2038937-36419452-0,12.1,-23.5142675,-46.519064,,,,1,2023-06-15T16:48:26+00:00
SAO_2666-10,São Paulo,3550308,True,EMTU,378,https://moovitapp.com/index/pt-br/transporte_p%C3%BAblico-line-378-Sao_Paulo-242-2038937-36419452-0,12.1,-23.5378095,-46.597246375,,,,1,2023-06-15T16:48:44+00:00
SAO_2666-10,São Paulo,3550308,True,EMTU,378,https://moovitapp.com/index/pt-br/transporte_p%C3%BAblico-line-378-Sao_Paulo-242-2038937-36419452-0,12.1,-23.518915999999997,-46.3897985,,,,1,2023-06-15T16:48:36+00:00
SAO_2666-10,São Paulo,3550308,True,EMTU,378,https://moovitapp.com/index/pt-br/transporte_p%C3%BAblico-line-378-Sao_Paulo-242-2038937-36419452-0,12.1,-23.49529025,-46.43150675,,,,1,2023-06-15T16:48:42+00:00
SAO_2666-10,São Paulo,3550308,True,EMTU,378,https://moovitapp.com/index/pt-br/transporte_p%C3%BAblico-line-378-Sao_Paulo-242-2038937-36419452-0,12.1,-23.541336,-46.614003499999995,,,,1,2023-06-15T16:43:34+00:00
SAO_2666-10,São Paulo,3550308,True,EMTU,378,https://moovitapp.com/index/pt-br/transporte_p%C3%BAblico-line-378-Sao_Paulo-242-2038937-36419452-0,12.1,-23.5170295,-46.522460499999994,,,,1,2023-06-15T16:48:06+00:00
SAO_2666-10,São Paulo,3550308,True,EMTU,378,https://moovitapp.com/index/pt-br/transporte_p%C3%BAblico-line-378-Sao_Paulo-242-2038937-36419452-0,12.1,-23.535124,-46.5762615,,,,1,2023-06-15T16:48:26+00:00
SAO_2666-10,São Paulo,3550308,True,EMTU,378,https://moovitapp.com/index/pt-br/transporte_p%C3%BAblico-line-378-Sao_Paulo-242-2038937-36419452-0,12.1,-23.494939,-46.411469,,,,1,2023-06-15T16:48:21+00:00
SAO_857A-10,São Paulo,3550308,True,,34693,,,-23.5803195,-46.71119925,,,,2,2023-06-15T16:48:43+00:00
SAO_857A-10,São Paulo,3550308,True,,34693,,,-23.58077,-46.711467,,,,2,2023-06-15T16:48:22+00:00
SAO_857A-10,São Paulo,3550308,True,,34693,,,-23.597024249999997,-46.65053575,,,,2,2023-06-15T16:48:18+00:00
SAO_857A-10,São Paulo,3550308,True,,34693,,,-23.58272925,-46.713883249999995,,,,2,2023-06-15T16:48:29+00:00
SAO_857A-10,São Paulo,3550308,True,,34693,,,-23.5819665,-46.683908,,,,2,2023-06-15T16:48:04+00:00
SAO_857A-10,São Paulo,3550308,True,,34693,,,-23.6178785,-46.7583855,,,,2,2023-06-15T16:48:37+00:00
SAO_2762-10,São Paulo,3550308,True,,32912,,,-23.486237625,-46.476904125000004,,,,2,2023-06-15T16:48:18+00:00
SAO_2762-10,São Paulo,3550308,True,,32912,,,-23.49269075,-46.4951135,,,,2,2023-06-15T16:46:55+00:00
SAO_2762-10,São Paulo,3550308,True,,32912,,,-23.5246445,-46.549759375,,,,2,2023-06-15T16:48:28+00:00
SAO_2762-10,São Paulo,3550308,True,,32912,,,-23.486438749999998,-46.47584725,,,,2,2023-06-15T16:48:05+00:00
SAO_2762-10,São Paulo,3550308,True,,32912,,,-23.486237625,-46.476904125000004,,,,2,2023-06-15T16:46:27+00:00
SAO_2762-10,São Paulo,3550308,True,,32912,,,-23.496029999999998,-46.510061,,,,2,2023-06-15T16:48:34+00:00
SAO_2762-10,São Paulo,3550308,True,,32912,,,-23.535095,-46.5766945,,,,2,2023-06-15T16:48:08+00:00
SAO_2762-10,São Paulo,3550308,True,,32912,,,-23.49270225,-46.4947205,,,,2,2023-06-15T16:45:51+00:00
SAO_2019-10,São Paulo,3550308,True,,33673,,,-23.529691999999997,-46.47905,,,,2,2023-06-15T16:48:20+00:00
SAO_2019-10,São Paulo,3550308,True,,33673,,,-23.523722,-46.5252415,,,,2,2023-06-15T16:48:02+00:00
SAO_2019-10,São Paulo,3550308,True,,33673,,,-23.5339175,-46.492604,,,,2,2023-06-15T16:48:41+00:00
SAO_2019-10,São Paulo,3550308,True,,33673,,,-23.529691999999997,-46.47905,,,,2,2023-06-15T16:48:42+00:00
SAO_1156-10,São Paulo,3550308,True,,659,,,-23.51935175,-46.615215000000006,,,,1,2023-06-15T16:47:57+00:00
SAO_1156-10,São Paulo,3550308,True,,659,,,-23.5183045,-46.617329999999995,,,,1,2023-06-15T16:48:27+00:00
SAO_1156-10,São Paulo,3550308,True,,659,,,-23.518098,-46.61848275,,,,1,2023-06-15T16:48:22+00:00
SAO_1156-10,São Paulo,3550308,True,,659,,,-23.540117375,-46.635299,,,,1,2023-06-15T16:48:32+00:00
SAO_1156-10,São Paulo,3550308,True,,659,,,-23.49500775,-46.58013925,,,,1,2023-06-15T16:46:38+00:00
SAO_1156-10,São Paulo,3550308,True,,659,,,-23.5185115,-46.623686250000006,,,,1,2023-06-15T16:48:05+00:00
SAO_2552-10,São Paulo,3550308,True,,142,,,-23.498908999999998,-46.466344750000005,,,,1,2023-06-15T16:47:57+00:00
SAO_2552-10,São Paulo,3550308,True,,142,,,-23.53937725,-46.608977749999994,,,,1,2023-06-15T16:48:30+00:00
SAO_2552-10,São Paulo,3550308,True,,142,,,-23.5256,-46.55130975,,,,1,2023-06-15T16:48:28+00:00
SAO_2552-10,São Paulo,3550308,True,,142,,,-23.498089,-46.4634305,,,,1,2023-06-15T16:48:08+00:00
SAO_2552-10,São Paulo,3550308,True,,142,,,-23.4849159375,-46.4318578125,,,,1,2023-06-15T16:48:30+00:00
SAO_2552-10,São Paulo,3550308,True,,142,,,-23.5456715,-46.630392,,,,1,2023-06-15T16:48:19+00:00
SAO_2552-10,São Paulo,3550308,True,,142,,,-23.54192725,-46.61494925,,,,1,2023-06-15T16:47:46+00:00
SAO_2552-10,São Paulo,3550308,True,,142,,,-23.545886,-46.6302635,,,,1,2023-06-15T16:48:42+00:00
SAO_2552-10,São Paulo,3550308,True,,142,,,-23.4904565,-46.42009525,,,,1,2023-06-15T16:48:36+00:00
SAO_2552-10,São Paulo,3550308,True,,142,,,-23.509238,-46.4963685,,,,1,2023-06-15T16:48:32+00:00
SAO_778R-10,São Paulo,3550308,True,,33277,,,-23.585532999999998,-46.8056635,,,,2,2023-06-15T16:48:37+00:00
SAO_778R-10,São Paulo,3550308,True,,33277,,,-23.5778485,-46.725646499999996,,,,2,2023-06-15T16:48:09+00:00
SAO_778R-10,São Paulo,3550308,True,,33277,,,-23.5856145,-46.8057505,,,,2,2023-06-15T16:48:41+00:00
SAO_778R-10,São Paulo,3550308,True,,33277,,,-23.54530975,-46.644695,,,,2,2023-06-15T16:48:39+00:00
SAO_778R-10,São Paulo,3550308,True,,33277,,,-23.568227999999998,-46.685569,,,,2,2023-06-15T16:48:45+00:00
SAO_778R-10,São Paulo,3550308,True,,33277,,,-23.564365000000002,-46.6782645,,,,2,2023-06-15T16:48:29+00:00
SAO_778R-10,São Paulo,3550308,True,,33277,,,-23.5777805,-46.725455499999995,,,,2,2023-06-15T16:48:38+00:00
SAO_2105-10,São Paulo,3550308,True,,2247,,,-23.513296,-46.6251845,,,,1,2023-06-15T16:48:43+00:00
SAO_2105-10,São Paulo,3550308,True,,2247,,,-23.535677,-46.625712,,,,1,2023-06-15T16:47:09+00:00
SAO_2105-10,São Paulo,3550308,True,,2247,,,-23.440399,-46.5767345,,,,1,2023-06-15T16:48:42+00:00
SAO_6046-10,São Paulo,3550308,True,,1223,,,-23.649607000000003,-46.707680499999995,,,,1,2023-06-15T16:48:31+00:00
SAO_6046-10,São Paulo,3550308,True,,1223,,,-23.6376725,-46.718270875,,,,1,2023-06-15T16:48:41+00:00
SAO_6046-10,São Paulo,3550308,True,,1223,,,-23.684154999999997,-46.7816525,,,,1,2023-06-15T16:48:35+00:00
SAO_6046-10,São Paulo,3550308,True,,1223,,,-23.645789999999998,-46.7465015,,,,1,2023-06-15T16:48:36+00:00
SAO_2767-10,São Paulo,3550308,True,EMTU,241,https://moovitapp.com/index/pt-br/transporte_p%C3%BAblico-line-241-Sao_Paulo-242-2038937-36419354-0,5.15,-23.5206125,-46.549035625,,,,1,2023-06-15T16:48:20+00:00
SAO_2767-10,São Paulo,3550308,True,EMTU,241,https://moovitapp.com/index/pt-br/transporte_p%C3%BAblico-line-241-Sao_Paulo-242-2038937-36419354-0,5.15,-23.5115195,-46.51065,,,,1,2023-06-15T16:48:14+00:00
SAO_2767-10,São Paulo,3550308,True,EMTU,241,https://moovitapp.com/index/pt-br/transporte_p%C3%BAblico-line-241-Sao_Paulo-242-2038937-36419354-0,5.15,-23.521545,-46.529165500000005,,,,1,2023-06-15T16:48:23+00:00
SAO_6505-10,São Paulo,3550308,True,,34218,,,-23.667188,-46.72773325,,,,2,2023-06-15T16:48:14+00:00
SAO_6505-10,São Paulo,3550308,True,,34218,,,-23.593270625,-46.67295975,,,,2,2023-06-15T16:48:29+00:00
SAO_6505-10,São Paulo,3550308,True,,34218,,,-23.5671645,-46.659251499999996,,,,2,2023-06-15T16:48:45+00:00
SAO_6505-10,São Paulo,3550308,True,,34218,,,-23.6692045,-46.7352595,,,,2,2023-06-15T16:48:11+00:00
SAO_6505-10,São Paulo,3550308,True,,34218,,,-23.5883245,-46.671877249999994,,,,2,2023-06-15T16:48:02+00:00
SAO_6505-10,São Paulo,3550308,True,,34218,,,-23.669123750000004,-46.7350165,,,,2,2023-06-15T16:48:41+00:00
SAO_6505-10,São Paulo,3550308,True,,34218,,,-23.603011875,-46.674597750000004,,,,2,2023-06-15T16:48:42+00:00
SAO_6505-10,São Paulo,3550308,True,,34218,,,-23.556402750000004,-46.650831749999995,,,,2,2023-06-15T16:48:23+00:00
SAO_6505-10,São Paulo,3550308,True,,34218,,,-23.58432275,-46.67035675,,,,2,2023-06-15T16:48:20+00:00
SAO_6505-10,São Paulo,3550308,True,,34218,,,-23.662539625,-46.706812,,,,2,2023-06-15T16:48:34+00:00
SAO_2014-10,São Paulo,3550308,True,,33668,,,-23.469003,-46.6672425,,,,2,2023-06-15T16:48:18+00:00
SAO_2014-10,São Paulo,3550308,True,,33668,,,-23.497826,-46.661047499999995,,,,2,2023-06-15T16:48:13+00:00
SAO_2014-10,São Paulo,3550308,True,,33668,,,-23.494426500000003,-46.661634750000005,,,,2,2023-06-15T16:48:23+00:00
SAO_2014-10,São Paulo,3550308,True,,33668,,,-23.457342,-46.669977,,,,2,2023-06-15T16:48:23+00:00
SAO_2014-10,São Paulo,3550308,True,,33668,,,-23.521814499999998,-46.6680795,,,,2,2023-06-15T16:48:42+00:00
SAO_2014-10,São Paulo,3550308,True,,33668,,,-23.474802500000003,-46.66820249999999,,,,2,2023-06-15T16:48:29+00:00
SAO_2014-10,São Paulo,3550308,True,,33668,,,-23.48518375,-46.66450525,,,,2,2023-06-15T16:48:37+00:00
SAO_2014-10,São Paulo,3550308,True,,33668,,,-23.4535045,-46.670344,,,,2,2023-06-15T16:48:29+00:00
SAO_2014-10,São Paulo,3550308,True,,33668,,,-23.457981,-46.670683999999994,,,,2,2023-06-15T16:48:04+00:00
SAO_2014-10,São Paulo,3550308,True,,33668,,,-23.457582000000002,-46.670192,,,,2,2023-06-15T16:48:13+00:00
SAO_2014-10,São Paulo,3550308,True,,33668,,,-23.457437,-46.670062,,,,2,2023-06-15T16:48:41+00:00
SAO_2014-10,São Paulo,3550308,True,,33668,,,-23.483129499999997,-46.6641395,,,,2,2023-06-15T16:48:46+00:00
SAO_2014-10,São Paulo,3550308,True,,33668,,,-23.457916500000003,-46.670523,,,,2,2023-06-15T16:48:09+00:00
SAO_6801-51,São Paulo,3550308,True,,1774,,,-23.645156999999998,-46.729875,,,,1,2023-06-15T16:48:31+00:00
SAO_6801-51,São Paulo,3550308,True,,1774,,,-23.665184250000003,-46.7334355,,,,1,2023-06-15T16:48:09+00:00
SAO_8055-10,São Paulo,3550308,True,,33182,,,-23.408123,-46.741294999999994,,,,2,2023-06-15T16:48:07+00:00
SAO_8055-10,São Paulo,3550308,True,,33182,,,-23.5198795,-46.701719999999995,,,,2,2023-06-15T16:48:24+00:00
SAO_8055-10,São Paulo,3550308,True,,33182,,,-23.46890475,-46.77891875,,,,2,2023-06-15T16:48:19+00:00
SAO_8055-10,São Paulo,3550308,True,,33182,,,-23.404864500000002,-46.7470245,,,,2,2023-06-15T16:48:02+00:00
SAO_8055-10,São Paulo,3550308,True,,33182,,,-23.408789,-46.740467,,,,2,2023-06-15T16:48:02+00:00
SAO_8055-10,São Paulo,3550308,True,,33182,,,-23.4086475,-46.740632500000004,,,,2,2023-06-15T16:48:08+00:00
SAO_7004-10,São Paulo,3550308,True,,1992,,,-23.667802000000002,-46.730776500000005,,,,1,2023-06-15T16:48:32+00:00
SAO_7004-10,São Paulo,3550308,True,,1992,,,-23.7421735,-46.8011275,,,,1,2023-06-15T16:48:34+00:00
SAO_7004-10,São Paulo,3550308,True,,1992,,,-23.6555345,-46.722061499999995,,,,1,2023-06-15T16:48:19+00:00
SAO_7004-10,São Paulo,3550308,True,,1992,,,-23.667816000000002,-46.7312965,,,,1,2023-06-15T16:48:29+00:00
SAO_7004-10,São Paulo,3550308,True,,1992,,,-23.7464625,-46.793302499999996,,,,1,2023-06-15T16:48:07+00:00
SAO_7004-10,São Paulo,3550308,True,,1992,,,-23.694651,-46.779804999999996,,,,1,2023-06-15T16:48:36+00:00
SAO_7004-10,São Paulo,3550308,True,,1992,,,-23.703879,-46.7838305,,,,1,2023-06-15T16:48:19+00:00
SAO_7004-10,São Paulo,3550308,True,,1992,,,-23.738097,-46.7901685,,,,1,2023-06-15T16:48:40+00:00
SAO_7004-10,São Paulo,3550308,True,,1992,,,-23.6855905,-46.7498815,,,,1,2023-06-15T16:48:13+00:00
SAO_7004-10,São Paulo,3550308,True,,1992,,,-23.741766,-46.8007565,,,,1,2023-06-15T16:48:22+00:00
SAO_7004-10,São Paulo,3550308,True,,1992,,,-23.6555685,-46.7219955,,,,1,2023-06-15T16:48:42+00:00
SAO_847P-42,São Paulo,3550308,True,,1424,,,-23.595566125,-46.688173875000004,,,,1,2023-06-15T16:48:33+00:00
SAO_847P-42,São Paulo,3550308,True,,1424,,,-23.502170999999997,-46.704001,,,,1,2023-06-15T16:48:32+00:00
SAO_847P-42,São Paulo,3550308,True,,1424,,,-23.570145625,-46.69147062500001,,,,1,2023-06-15T16:48:10+00:00
SAO_971D-10,São Paulo,3550308,True,,709,,,-23.459771500000002,-46.673342,,,,1,2023-06-15T16:48:18+00:00
SAO_971D-10,São Paulo,3550308,True,,709,,,-23.4512055,-46.698113,,,,1,2023-06-15T16:48:21+00:00
SAO_971D-10,São Paulo,3550308,True,,709,,,-23.45925225,-46.689618625,,,,1,2023-06-15T16:48:02+00:00
SAO_971D-10,São Paulo,3550308,True,,709,,,-23.4817745,-46.655383,,,,1,2023-06-15T16:48:09+00:00
SAO_971D-10,São Paulo,3550308,True,,709,,,-23.447513,-46.696985,,,,1,2023-06-15T16:48:31+00:00
SAO_971D-10,São Paulo,3550308,True,,709,,,-23.5114785,-46.621544,,,,1,2023-06-15T16:48:36+00:00
SAO_971D-10,São Paulo,3550308,True,,709,,,-23.5104885,-46.62510475,,,,1,2023-06-15T16:48:35+00:00
SAO_971D-10,São Paulo,3550308,True,,709,,,-23.459683,-46.6885965,,,,1,2023-06-15T16:48:40+00:00
SAO_172Y-10,São Paulo,3550308,True,,33630,,,-23.486763,-46.58187975,,,,2,2023-06-15T16:48:07+00:00
SAO_172Y-10,São Paulo,3550308,True,,33630,,,-23.47473425,-46.58000975,,,,2,2023-06-15T16:48:35+00:00
SAO_172Y-10,São Paulo,3550308,True,,33630,,,-23.4740885,-46.580253,,,,2,2023-06-15T16:48:39+00:00
SAO_172Y-10,São Paulo,3550308,True,,33630,,,-23.47473425,-46.58000975,,,,2,2023-06-15T16:48:33+00:00
SAO_172Y-10,São Paulo,3550308,True,,33630,,,-23.47473425,-46.58000975,,,,2,2023-06-15T16:48:20+00:00
SAO_172Y-10,São Paulo,3550308,True,,33630,,,-23.538322625,-46.59894625,,,,2,2023-06-15T16:48:37+00:00
SAO_178Y-10,São Paulo,3550308,True,,33636,,,-23.491414,-46.617603,,,,2,2023-06-15T16:48:02+00:00
SAO_178Y-10,São Paulo,3550308,True,,33636,,,-23.483792,-46.623881,,,,2,2023-06-15T16:48:05+00:00
SAO_178Y-10,São Paulo,3550308,True,,33636,,,-23.471104,-46.636264,,,,2,2023-06-15T16:48:26+00:00
SAO_172P-10,São Paulo,3550308,True,,33626,,,-23.4508015,-46.588624499999995,,,,2,2023-06-15T16:48:20+00:00
SAO_172P-10,São Paulo,3550308,True,,33626,,,-23.529571,-46.5984615,,,,2,2023-06-15T16:47:37+00:00
SAO_172P-10,São Paulo,3550308,True,,33626,,,-23.540139,-46.594167,,,,2,2023-06-15T16:48:11+00:00
SAO_172P-10,São Paulo,3550308,True,,33626,,,-23.50001,-46.5931085,,,,2,2023-06-15T16:48:36+00:00
SAO_172P-10,São Paulo,3550308,True,,33626,,,-23.467872,-46.5833195,,,,2,2023-06-15T16:48:43+00:00
SAO_172P-10,São Paulo,3550308,True,,33626,,,-23.43757025,-46.56626125,,,,2,2023-06-15T16:48:26+00:00
SAO_172P-10,São Paulo,3550308,True,,33626,,,-23.443562,-46.5900395,,,,2,2023-06-15T16:48:32+00:00
SAO_172P-10,São Paulo,3550308,True,,33626,,,-23.44310575,-46.5899405,,,,2,2023-06-15T16:48:30+00:00
SAO_172P-10,São Paulo,3550308,True,,33626,,,-23.438042000000003,-46.5662555,,,,2,2023-06-15T16:48:34+00:00
SAO_172P-10,São Paulo,3550308,True,,33626,,,-23.43757025,-46.56626125,,,,2,2023-06-15T16:48:14+00:00
SAO_172P-10,São Paulo,3550308,True,,33626,,,-23.482492,-46.589496,,,,2,2023-06-15T16:48:08+00:00
SAO_172P-10,São Paulo,3550308,True,,33626,,,-23.499885499999998,-46.5933685,,,,2,2023-06-15T16:48:43+00:00
SAO_172P-10,São Paulo,3550308,True,,33626,,,-23.47958725,-46.5793075,,,,2,2023-06-15T16:47:33+00:00
SAO_172P-10,São Paulo,3550308,True,,33626,,,-23.438252,-46.566261,,,,2,2023-06-15T16:48:03+00:00
SAO_172P-10,São Paulo,3550308,True,,33626,,,-23.4394965,-46.5756425,,,,2,2023-06-15T16:45:46+00:00
SAO_875C-1,São Paulo,3550308,True,,35278,,,-23.521465999999997,-46.699078,,,,2,2023-06-15T16:48:17+00:00
SAO_875C-1,São Paulo,3550308,True,,35278,,,-23.5532225,-46.704398999999995,,,,2,2023-06-15T16:48:34+00:00
SAO_875C-1,São Paulo,3550308,True,,35278,,,-23.531627999999998,-46.713518,,,,2,2023-06-15T16:48:23+00:00
SAO_875C-1,São Paulo,3550308,True,,35278,,,-23.52012,-46.6994665,,,,2,2023-06-15T16:48:35+00:00
SAO_875C-1,São Paulo,3550308,True,,35278,,,-23.52087225,-46.70017,,,,2,2023-06-15T16:48:38+00:00
SAO_875C-1,São Paulo,3550308,True,,35278,,,-23.595315499999998,-46.67003825,,,,2,2023-06-15T16:48:14+00:00
SAO_875C-1,São Paulo,3550308,True,,35278,,,-23.528265,-46.7030185,,,,2,2023-06-15T16:48:24+00:00
SAO_4706-10,São Paulo,3550308,True,,299,,,-23.6120705,-46.608466,,,,1,2023-06-15T16:48:17+00:00
SAO_8200-10,São Paulo,3550308,True,,34031,,,-23.485033,-46.722218999999996,,,,2,2023-06-15T16:48:26+00:00
SAO_8200-10,São Paulo,3550308,True,,34031,,,-23.5201365,-46.700402999999994,,,,2,2023-06-15T16:48:36+00:00
SAO_8200-10,São Paulo,3550308,True,,34031,,,-23.5201365,-46.700402999999994,,,,2,2023-06-15T16:48:33+00:00
SAO_179X-10,São Paulo,3550308,True,,33448,,,-23.526176500000002,-46.645493125,,,,2,2023-06-15T16:48:12+00:00
SAO_179X-10,São Paulo,3550308,True,,33448,,,-23.432447249999996,-46.57144625,,,,2,2023-06-15T16:48:21+00:00
SAO_179X-10,São Paulo,3550308,True,,33448,,,-23.504861374999997,-46.624694625000004,,,,2,2023-06-15T16:48:07+00:00
SAO_179X-10,São Paulo,3550308,True,,33448,,,-23.439324,-46.579002,,,,2,2023-06-15T16:48:10+00:00
SAO_179X-10,São Paulo,3550308,True,,33448,,,-23.465463,-46.583659499999996,,,,2,2023-06-15T16:48:13+00:00
SAO_179X-10,São Paulo,3550308,True,,33448,,,-23.506921,-46.62476025,,,,2,2023-06-15T16:48:44+00:00
SAO_179X-10,São Paulo,3550308,True,,33448,,,-23.5232475,-46.659653000000006,,,,2,2023-06-15T16:48:41+00:00
SAO_179X-10,São Paulo,3550308,True,,33448,,,-23.5292545,-46.636955,,,,2,2023-06-15T16:48:23+00:00
SAO_179X-10,São Paulo,3550308,True,,33448,,,-23.5264125,-46.667292,,,,2,2023-06-15T16:48:46+00:00
SAO_408A-10,São Paulo,3550308,True,,766,,,-23.579643,-46.6332635,,,,1,2023-06-15T16:48:38+00:00
SAO_408A-10,São Paulo,3550308,True,,766,,,-23.568212,-46.63336150000001,,,,1,2023-06-15T16:48:25+00:00
SAO_408A-10,São Paulo,3550308,True,,766,,,-23.5437255,-46.651102375,,,,1,2023-06-15T16:48:32+00:00
SAO_408A-10,São Paulo,3550308,True,,766,,,-23.549979,-46.631928,,,,1,2023-06-15T16:48:29+00:00
SAO_408A-10,São Paulo,3550308,True,,766,,,-23.54368875,-46.652647375,,,,1,2023-06-15T16:48:15+00:00
SAO_637A-10,São Paulo,3550308,True,,185,,,-23.5830825,-46.6836435,,,,1,2023-06-15T16:48:35+00:00
SAO_637A-10,São Paulo,3550308,True,,185,,,-23.6677405,-46.73030275,,,,1,2023-06-15T16:48:22+00:00
SAO_637A-10,São Paulo,3550308,True,,185,,,-23.690886,-46.774112,,,,1,2023-06-15T16:48:15+00:00
SAO_637A-10,São Paulo,3550308,True,,185,,,-23.690886,-46.774112,,,,1,2023-06-15T16:48:20+00:00
SAO_637A-10,São Paulo,3550308,True,,185,,,-23.690886,-46.774112,,,,1,2023-06-15T16:48:04+00:00
SAO_637A-10,São Paulo,3550308,True,,185,,,-23.60690675,-46.697064,,,,1,2023-06-15T16:48:34+00:00
SAO_637A-10,São Paulo,3550308,True,,185,,,-23.5819665,-46.683908,,,,1,2023-06-15T16:48:30+00:00
SAO_637A-10,São Paulo,3550308,True,,185,,,-23.585345,-46.6839045,,,,1,2023-06-15T16:48:38+00:00
SAO_637A-10,São Paulo,3550308,True,,185,,,-23.669014499999996,-46.734237750000005,,,,1,2023-06-15T16:48:19+00:00
SAO_637A-10,São Paulo,3550308,True,,185,,,-23.6529365,-46.7238595,,,,1,2023-06-15T16:48:34+00:00
SAO_637A-10,São Paulo,3550308,True,,185,,,-23.614905999999998,-46.6988705,,,,1,2023-06-15T16:48:06+00:00
SAO_637A-10,São Paulo,3550308,True,,185,,,-23.6190115,-46.6997825,,,,1,2023-06-15T16:48:46+00:00
SAO_637A-10,São Paulo,3550308,True,,185,,,-23.5658935,-46.7017585,,,,1,2023-06-15T16:48:20+00:00
SAO_637A-10,São Paulo,3550308,True,,185,,,-23.6163285,-46.699158,,,,1,2023-06-15T16:48:43+00:00
SAO_637A-10,São Paulo,3550308,True,,185,,,-23.5759565,-46.68759,,,,1,2023-06-15T16:48:01+00:00
SAO_637A-10,São Paulo,3550308,True,,185,,,-23.5963155,-46.6924,,,,1,2023-06-15T16:48:32+00:00
SAO_637A-10,São Paulo,3550308,True,,185,,,-23.63581,-46.719123499999995,,,,1,2023-06-15T16:48:28+00:00
SAO_637A-10,São Paulo,3550308,True,,185,,,-23.565929,-46.701762,,,,1,2023-06-15T16:48:22+00:00
SAO_637A-10,São Paulo,3550308,True,,185,,,-23.6873875,-46.771598,,,,1,2023-06-15T16:46:09+00:00
SAO_637A-10,São Paulo,3550308,True,,185,,,-23.690886,-46.774112,,,,1,2023-06-15T16:48:18+00:00
SAO_637A-10,São Paulo,3550308,True,,185,,,-23.676166000000002,-46.7493245,,,,1,2023-06-15T16:48:46+00:00
SAO_573H-10,São Paulo,3550308,True,,34398,,,-23.552746,-46.612088,,,,2,2023-06-15T16:48:20+00:00
SAO_573H-10,São Paulo,3550308,True,,34398,,,-23.575971124999995,-46.55125175,,,,2,2023-06-15T16:48:27+00:00
SAO_573H-10,São Paulo,3550308,True,,34398,,,-23.596307,-46.501972499999994,,,,2,2023-06-15T16:48:29+00:00
SAO_573H-10,São Paulo,3550308,True,,34398,,,-23.604190000000003,-46.5037945,,,,2,2023-06-15T16:48:45+00:00
SAO_573H-10,São Paulo,3550308,True,,34398,,,-23.589439,-46.509125499999996,,,,2,2023-06-15T16:48:46+00:00
SAO_573H-10,São Paulo,3550308,True,,34398,,,-23.574661874999997,-46.555289,,,,2,2023-06-15T16:48:18+00:00
SAO_573H-10,São Paulo,3550308,True,,34398,,,-23.561021874999998,-46.593596625,,,,2,2023-06-15T16:48:15+00:00
SAO_573H-10,São Paulo,3550308,True,,34398,,,-23.612196500000003,-46.493525500000004,,,,2,2023-06-15T16:48:25+00:00
SAO_573H-10,São Paulo,3550308,True,,34398,,,-23.575861500000002,-46.5721585,,,,2,2023-06-15T16:48:35+00:00
SAO_2127-10,São Paulo,3550308,True,,33461,,,-23.5459115,-46.621572,,,,2,2023-06-15T16:48:06+00:00
SAO_2127-10,São Paulo,3550308,True,,33461,,,-23.511959124999997,-46.602016875000004,,,,2,2023-06-15T16:48:23+00:00
SAO_2127-10,São Paulo,3550308,True,,33461,,,-23.494771,-46.582752,,,,2,2023-06-15T16:47:07+00:00
SAO_2127-10,São Paulo,3550308,True,,33461,,,-23.515214,-46.607811,,,,2,2023-06-15T16:48:42+00:00
SAO_2127-10,São Paulo,3550308,True,,33461,,,-23.478431,-46.570043,,,,2,2023-06-15T16:48:31+00:00
SAO_2127-10,São Paulo,3550308,True,,33461,,,-23.478293,-46.56974099999999,,,,2,2023-06-15T16:48:44+00:00
SAO_263J-10,São Paulo,3550308,True,,32987,,,-23.513953375,-46.5184105,,,,2,2023-06-15T16:48:19+00:00
SAO_263J-10,São Paulo,3550308,True,,32987,,,-23.533845999999997,-46.4564455,,,,2,2023-06-15T16:48:01+00:00
SAO_263J-10,São Paulo,3550308,True,,32987,,,-23.535517750000004,-46.438498499999994,,,,2,2023-06-15T16:48:01+00:00
SAO_263J-10,São Paulo,3550308,True,,32987,,,-23.5101425,-46.497883,,,,2,2023-06-15T16:48:39+00:00
SAO_263J-10,São Paulo,3550308,True,,32987,,,-23.5257245,-46.474695749999995,,,,2,2023-06-15T16:48:06+00:00
SAO_6L07-10,São Paulo,3550308,True,,1545,,,-23.791418,-46.714185,,,,1,2023-06-15T16:48:09+00:00
SAO_5111-10,São Paulo,3550308,True,,48,,,-23.625686,-46.686795249999996,,,,1,2023-06-15T16:48:43+00:00
SAO_5111-10,São Paulo,3550308,True,,48,,,-23.6542935,-46.7114185,,,,1,2023-06-15T16:48:43+00:00
SAO_5111-10,São Paulo,3550308,True,,48,,,-23.6541835,-46.70888600000001,,,,1,2023-06-15T16:48:12+00:00
SAO_5111-10,São Paulo,3550308,True,,48,,,-23.546065499999997,-46.6320345,,,,1,2023-06-15T16:48:40+00:00
SAO_5111-10,São Paulo,3550308,True,,48,,,-23.58138925,-46.665473,,,,1,2023-06-15T16:48:44+00:00
SAO_5111-10,São Paulo,3550308,True,,48,,,-23.6542935,-46.7114185,,,,1,2023-06-15T16:48:26+00:00
SAO_5111-10,São Paulo,3550308,True,,48,,,-23.56656325,-46.64838075,,,,1,2023-06-15T16:48:47+00:00
SAO_675P-10,São Paulo,3550308,True,STT,275,https://moovitapp.com/index/pt-br/transporte_p%C3%BAblico-line-275-Sao_Paulo-242-850661-183275-0,5.3,-23.6368035,-46.641181,,,,1,2023-06-15T16:46:56+00:00
SAO_675P-10,São Paulo,3550308,True,STT,275,https://moovitapp.com/index/pt-br/transporte_p%C3%BAblico-line-275-Sao_Paulo-242-850661-183275-0,5.3,-23.659698499999998,-46.663149,,,,1,2023-06-15T16:46:52+00:00
SAO_675P-10,São Paulo,3550308,True,STT,275,https://moovitapp.com/index/pt-br/transporte_p%C3%BAblico-line-275-Sao_Paulo-242-850661-183275-0,5.3,-23.664856999999998,-46.706597,,,,1,2023-06-15T16:47:44+00:00
SAO_5010-10,São Paulo,3550308,True,,1114,,,-23.63954525,-46.67342575000001,,,,1,2023-06-15T16:48:05+00:00
SAO_5010-10,São Paulo,3550308,True,,1114,,,-23.641354,-46.6547605,,,,1,2023-06-15T16:48:07+00:00
SAO_5010-10,São Paulo,3550308,True,,1114,,,-23.662988,-46.6376995,,,,1,2023-06-15T16:48:09+00:00
SAO_5010-10,São Paulo,3550308,True,,1114,,,-23.662679500000003,-46.6311435,,,,1,2023-06-15T16:48:43+00:00
SAO_5010-10,São Paulo,3550308,True,,1114,,,-23.64441575,-46.649722499999996,,,,1,2023-06-15T16:48:44+00:00
SAO_5010-10,São Paulo,3550308,True,,1114,,,-23.6537065,-46.7041145,,,,1,2023-06-15T16:48:36+00:00
SAO_4210-10,São Paulo,3550308,True,,34938,,,-23.539895,-46.61106075,,,,2,2023-06-15T16:48:33+00:00
SAO_4210-10,São Paulo,3550308,True,,34938,,,-23.53532,-46.583233750000005,,,,2,2023-06-15T16:46:36+00:00
SAO_4210-10,São Paulo,3550308,True,,34938,,,-23.567818,-46.506119,,,,2,2023-06-15T16:48:39+00:00
SAO_4210-10,São Paulo,3550308,True,,34938,,,-23.592747499999998,-46.418045375,,,,2,2023-06-15T16:46:30+00:00
SAO_4210-10,São Paulo,3550308,True,,34938,,,-23.547062,-46.630193000000006,,,,2,2023-06-15T16:48:41+00:00
SAO_4210-10,São Paulo,3550308,True,,34938,,,-23.583026,-46.408417,,,,2,2023-06-15T16:48:05+00:00
SAO_4210-10,São Paulo,3550308,True,,34938,,,-23.583026,-46.408417,,,,2,2023-06-15T16:47:59+00:00
SAO_4210-10,São Paulo,3550308,True,,34938,,,-23.595814750000002,-46.43762475,,,,2,2023-06-15T16:48:14+00:00
SAO_4210-10,São Paulo,3550308,True,,34938,,,-23.594765,-46.4457455,,,,2,2023-06-15T16:45:23+00:00
SAO_4210-10,São Paulo,3550308,True,,34938,,,-23.535885999999998,-46.548119,,,,2,2023-06-15T16:48:09+00:00
SAO_4210-10,São Paulo,3550308,True,,34938,,,-23.594772,-46.4455,,,,2,2023-06-15T16:48:22+00:00
SAO_4210-10,São Paulo,3550308,True,,34938,,,-23.547062,-46.630193000000006,,,,2,2023-06-15T16:48:32+00:00
SAO_8252-10,São Paulo,3550308,True,,1248,,,-23.531847125,-46.698045875,,,,1,2023-06-15T16:48:06+00:00
SAO_5021-10,São Paulo,3550308,True,,1667,,,-23.6293945,-46.6185375,,,,1,2023-06-15T16:48:33+00:00
SAO_5021-10,São Paulo,3550308,True,,1667,,,-23.60477175,-46.614219750000004,,,,1,2023-06-15T16:48:05+00:00
SAO_5611-10,São Paulo,3550308,True,,33366,,,-23.695641000000002,-46.6764635,,,,2,2023-06-15T16:48:26+00:00
SAO_5611-10,São Paulo,3550308,True,,33366,,,-23.71611,-46.6251865,,,,2,2023-06-15T16:48:25+00:00
SAO_5611-10,São Paulo,3550308,True,,33366,,,-23.596609,-46.65099325,,,,2,2023-06-15T16:48:08+00:00
SAO_5611-10,São Paulo,3550308,True,,33366,,,-23.69507,-46.655472,,,,2,2023-06-15T16:48:28+00:00
SAO_5611-10,São Paulo,3550308,True,,33366,,,-23.715794,-46.624167,,,,2,2023-06-15T16:48:27+00:00
SAO_5611-10,São Paulo,3550308,True,,33366,,,-23.63954525,-46.67342575000001,,,,2,2023-06-15T16:48:26+00:00
SAO_3751-10,São Paulo,3550308,True,,33815,,,-23.5517085,-46.435886499999995,,,,2,2023-06-15T16:48:19+00:00
SAO_3751-10,São Paulo,3550308,True,,33815,,,-23.5685115,-46.417391,,,,2,2023-06-15T16:48:07+00:00
SAO_3751-10,São Paulo,3550308,True,,33815,,,-23.569102,-46.411361,,,,2,2023-06-15T16:48:45+00:00
SAO_3751-10,São Paulo,3550308,True,,33815,,,-23.569102,-46.411361,,,,2,2023-06-15T16:48:19+00:00
SAO_3751-10,São Paulo,3550308,True,,33815,,,-23.544477,-46.44846825,,,,2,2023-06-15T16:48:44+00:00
SAO_3751-10,São Paulo,3550308,True,,33815,,,-23.569102,-46.411361,,,,2,2023-06-15T16:48:04+00:00
SAO_3751-10,São Paulo,3550308,True,,33815,,,-23.5695605,-46.4102685,,,,2,2023-06-15T16:48:14+00:00
SAO_4011-10,São Paulo,3550308,True,,34952,,,-23.603718125,-46.470752250000004,,,,2,2023-06-15T16:48:32+00:00
SAO_4011-10,São Paulo,3550308,True,,34952,,,-23.594765,-46.4457455,,,,2,2023-06-15T16:48:32+00:00
SAO_4011-10,São Paulo,3550308,True,,34952,,,-23.622307,-46.4139265,,,,2,2023-06-15T16:46:38+00:00
SAO_4011-10,São Paulo,3550308,True,,34952,,,-23.600394,-46.432616249999995,,,,2,2023-06-15T16:48:09+00:00
SAO_4011-10,São Paulo,3550308,True,,34952,,,-23.6224175,-46.414038500000004,,,,2,2023-06-15T16:48:05+00:00
SAO_978T-10,São Paulo,3550308,True,,33657,,,-23.499577,-46.693115000000006,,,,2,2023-06-15T16:48:38+00:00
SAO_978T-10,São Paulo,3550308,True,,33657,,,-23.4615645,-46.69032075,,,,2,2023-06-15T16:48:24+00:00
SAO_978T-10,São Paulo,3550308,True,,33657,,,-23.4615935,-46.69121775,,,,2,2023-06-15T16:48:43+00:00
SAO_978T-10,São Paulo,3550308,True,,33657,,,-23.4603335,-46.695175,,,,2,2023-06-15T16:48:15+00:00
SAO_978T-10,São Paulo,3550308,True,,33657,,,-23.4748705,-46.6901835,,,,2,2023-06-15T16:48:43+00:00
SAO_978T-10,São Paulo,3550308,True,,33657,,,-23.46218,-46.700889000000004,,,,2,2023-06-15T16:48:27+00:00
SAO_978T-10,São Paulo,3550308,True,,33657,,,-23.461351,-46.6872735,,,,2,2023-06-15T16:48:29+00:00
SAO_978T-10,São Paulo,3550308,True,,33657,,,-23.5227545,-46.700604125,,,,2,2023-06-15T16:48:04+00:00
SAO_978T-10,São Paulo,3550308,True,,33657,,,-23.461403500000003,-46.687287,,,,2,2023-06-15T16:48:05+00:00
SAO_978T-10,São Paulo,3550308,True,,33657,,,-23.5004855,-46.6928275,,,,2,2023-06-15T16:48:16+00:00
SAO_978T-10,São Paulo,3550308,True,,33657,,,-23.4603335,-46.695175,,,,2,2023-06-15T16:48:33+00:00
SAO_978T-10,São Paulo,3550308,True,,33657,,,-23.488203,-46.6932925,,,,2,2023-06-15T16:48:20+00:00
SAO_978T-10,São Paulo,3550308,True,,33657,,,-23.5003975,-46.692856,,,,2,2023-06-15T16:48:23+00:00
SAO_978T-10,São Paulo,3550308,True,,33657,,,-23.528945,-46.676366,,,,2,2023-06-15T16:48:40+00:00
SAO_8047-10,São Paulo,3550308,True,,33176,,,-23.434162999999998,-46.754868,,,,2,2023-06-15T16:48:09+00:00
SAO_8047-10,São Paulo,3550308,True,,33176,,,-23.504536,-46.752384,,,,2,2023-06-15T16:48:31+00:00
SAO_8047-10,São Paulo,3550308,True,,33176,,,-23.434162999999998,-46.754868,,,,2,2023-06-15T16:48:08+00:00
SAO_8047-10,São Paulo,3550308,True,,33176,,,-23.455043500000002,-46.747198499999996,,,,2,2023-06-15T16:48:20+00:00
SAO_8047-10,São Paulo,3550308,True,,33176,,,-23.519648500000002,-46.701916,,,,2,2023-06-15T16:48:33+00:00
SAO_8047-10,São Paulo,3550308,True,,33176,,,-23.519648500000002,-46.701916,,,,2,2023-06-15T16:48:29+00:00
SAO_119C-10,São Paulo,3550308,True,,661,,,-23.5166875,-46.6091115,,,,1,2023-06-15T16:48:01+00:00
SAO_119C-10,São Paulo,3550308,True,,661,,,-23.5073825,-46.578048499999994,,,,1,2023-06-15T16:48:21+00:00
SAO_119C-10,São Paulo,3550308,True,,661,,,-23.533787,-46.6444555,,,,1,2023-06-15T16:48:18+00:00
SAO_119C-10,São Paulo,3550308,True,,661,,,-23.478573500000003,-46.569734499999996,,,,1,2023-06-15T16:48:11+00:00
SAO_119C-10,São Paulo,3550308,True,,661,,,-23.533972249999998,-46.625952999999996,,,,1,2023-06-15T16:48:04+00:00
SAO_746V-10,São Paulo,3550308,True,,792,,,-23.620788750000003,-46.756451,,,,1,2023-06-15T16:48:31+00:00
SAO_746V-10,São Paulo,3550308,True,,792,,,-23.631616,-46.7657575,,,,1,2023-06-15T16:48:40+00:00
SAO_746V-10,São Paulo,3550308,True,,792,,,-23.645871,-46.757059,,,,1,2023-06-15T16:48:02+00:00
SAO_6092-10,São Paulo,3550308,True,,33945,,,-23.7621305,-46.685578,,,,2,2023-06-15T16:48:07+00:00
SAO_6092-10,São Paulo,3550308,True,,33945,,,-23.778042499999998,-46.682329,,,,2,2023-06-15T16:48:15+00:00
SAO_6092-10,São Paulo,3550308,True,,33945,,,-23.737094499999998,-46.695599,,,,2,2023-06-15T16:48:13+00:00
SAO_6092-10,São Paulo,3550308,True,,33945,,,-23.778464,-46.68450625,,,,2,2023-06-15T16:48:09+00:00
SAO_6092-10,São Paulo,3550308,True,,33945,,,-23.778222,-46.68462275,,,,2,2023-06-15T16:48:46+00:00
SAO_6092-10,São Paulo,3550308,True,,33945,,,-23.778222,-46.68462275,,,,2,2023-06-15T16:48:09+00:00
SAO_3768-10,São Paulo,3550308,True,,33824,,,-23.564279,-46.4161295,,,,2,2023-06-15T16:48:22+00:00
SAO_3768-10,São Paulo,3550308,True,,33824,,,-23.585845,-46.386495,,,,2,2023-06-15T16:48:25+00:00
SAO_3768-10,São Paulo,3550308,True,,33824,,,-23.5430585,-46.432727,,,,2,2023-06-15T16:48:33+00:00
SAO_3768-10,São Paulo,3550308,True,,33824,,,-23.577595000000002,-46.391234999999995,,,,2,2023-06-15T16:48:21+00:00
SAO_807J-10,São Paulo,3550308,True,,34826,,,-23.618586,-46.698989,,,,2,2023-06-15T16:48:10+00:00
SAO_807J-10,São Paulo,3550308,True,,34826,,,-23.631797499999998,-46.7719915,,,,2,2023-06-15T16:48:21+00:00
SAO_807J-10,São Paulo,3550308,True,,34826,,,-23.6049055,-46.712445125,,,,2,2023-06-15T16:48:15+00:00
SAO_807J-10,São Paulo,3550308,True,,34826,,,-23.6157585,-46.756756499999995,,,,2,2023-06-15T16:48:05+00:00
SAO_807J-10,São Paulo,3550308,True,,34826,,,-23.618586,-46.698989,,,,2,2023-06-15T16:48:07+00:00
SAO_807J-10,São Paulo,3550308,True,,34826,,,-23.612828999999998,-46.7412925,,,,2,2023-06-15T16:48:07+00:00
SAO_807J-10,São Paulo,3550308,True,,34826,,,-23.631797499999998,-46.7719915,,,,2,2023-06-15T16:48:18+00:00
SAO_807J-10,São Paulo,3550308,True,,34826,,,-23.618586,-46.698989,,,,2,2023-06-15T16:48:34+00:00
SAO_807J-10,São Paulo,3550308,True,,34826,,,-23.6178785,-46.7583855,,,,2,2023-06-15T16:48:15+00:00
SAO_807J-10,São Paulo,3550308,True,,34826,,,-23.61074325,-46.727450000000005,,,,2,2023-06-15T16:48:37+00:00
SAO_807J-10,São Paulo,3550308,True,,34826,,,-23.619386499999997,-46.69579625,,,,2,2023-06-15T16:48:29+00:00
SAO_807J-10,São Paulo,3550308,True,,34826,,,-23.631797499999998,-46.7719915,,,,2,2023-06-15T16:48:25+00:00
SAO_6016-10,São Paulo,3550308,True,,32852,,,-23.755634,-46.6877415,,,,2,2023-06-15T16:48:33+00:00
SAO_6016-10,São Paulo,3550308,True,,32852,,,-23.737678250000002,-46.692834,,,,2,2023-06-15T16:48:42+00:00
SAO_6016-10,São Paulo,3550308,True,,32852,,,-23.7714015,-46.6734275,,,,2,2023-06-15T16:48:46+00:00
SAO_278A-10,São Paulo,3550308,True,,706,,,-23.5120985,-46.527356499999996,,,,1,2023-06-15T16:48:38+00:00
SAO_278A-10,São Paulo,3550308,True,,706,,,-23.50217,-46.62488,,,,1,2023-06-15T16:48:10+00:00
SAO_278A-10,São Paulo,3550308,True,,706,,,-23.5077475,-46.525870999999995,,,,1,2023-06-15T16:48:22+00:00
SAO_278A-10,São Paulo,3550308,True,,706,,,-23.5270125,-46.6075365,,,,1,2023-06-15T16:48:24+00:00
SAO_3738-10,São Paulo,3550308,True,,1038,,,-23.56751,-46.397960499999996,,,,1,2023-06-15T16:48:07+00:00
SAO_3738-10,São Paulo,3550308,True,,1038,,,-23.542588000000002,-46.46839,,,,1,2023-06-15T16:48:02+00:00
SAO_3738-10,São Paulo,3550308,True,,1038,,,-23.562739,-46.3952325,,,,1,2023-06-15T16:48:47+00:00
SAO_3738-10,São Paulo,3550308,True,,1038,,,-23.542569999999998,-46.46953499999999,,,,1,2023-06-15T16:48:27+00:00
SAO_3738-10,São Paulo,3550308,True,,1038,,,-23.550719,-46.425545,,,,1,2023-06-15T16:48:10+00:00
SAO_3738-10,São Paulo,3550308,True,,1038,,,-23.544504500000002,-46.447177249999996,,,,1,2023-06-15T16:48:35+00:00
SAO_5127-10,São Paulo,3550308,True,,33895,,,-23.68709,-46.667902,,,,2,2023-06-15T16:48:28+00:00
SAO_5127-10,São Paulo,3550308,True,,33895,,,-23.70211425,-46.640169,,,,2,2023-06-15T16:48:30+00:00
SAO_5127-10,São Paulo,3550308,True,,33895,,,-23.6975695,-46.648551,,,,2,2023-06-15T16:48:18+00:00
SAO_5127-10,São Paulo,3550308,True,,33895,,,-23.70211425,-46.640169,,,,2,2023-06-15T16:48:40+00:00
SAO_5127-10,São Paulo,3550308,True,,33895,,,-23.676409,-46.69882775000001,,,,2,2023-06-15T16:48:15+00:00
SAO_5127-10,São Paulo,3550308,True,,33895,,,-23.6756745,-46.685801999999995,,,,2,2023-06-15T16:48:34+00:00
SAO_5127-10,São Paulo,3550308,True,,33895,,,-23.702229000000003,-46.639818500000004,,,,2,2023-06-15T16:48:03+00:00
SAO_5702-10,São Paulo,3550308,True,,1137,,,-23.682105999999997,-46.636607,,,,1,2023-06-15T16:48:45+00:00
SAO_5702-10,São Paulo,3550308,True,,1137,,,-23.698729999999998,-46.6457525,,,,1,2023-06-15T16:48:05+00:00
SAO_5702-10,São Paulo,3550308,True,,1137,,,-23.698729999999998,-46.6457525,,,,1,2023-06-15T16:48:41+00:00
SAO_5702-10,São Paulo,3550308,True,,1137,,,-23.698729999999998,-46.6457525,,,,1,2023-06-15T16:48:42+00:00
SAO_5702-10,São Paulo,3550308,True,,1137,,,-23.698729999999998,-46.6457525,,,,1,2023-06-15T16:48:12+00:00
SAO_5702-10,São Paulo,3550308,True,,1137,,,-23.698729999999998,-46.6457525,,,,1,2023-06-15T16:48:34+00:00
SAO_5702-10,São Paulo,3550308,True,,1137,,,-23.698729999999998,-46.6457525,,,,1,2023-06-15T16:48:37+00:00
SAO_5702-10,São Paulo,3550308,True,,1137,,,-23.6510425,-46.63951,,,,1,2023-06-15T16:48:02+00:00
SAO_5702-10,São Paulo,3550308,True,,1137,,,-23.698729999999998,-46.6457525,,,,1,2023-06-15T16:48:18+00:00
SAO_809U-21,São Paulo,3550308,True,,2307,,,-23.5468295,-46.6903115,,,,1,2023-06-15T16:48:10+00:00
SAO_809U-21,São Paulo,3550308,True,,2307,,,-23.52722,-46.6812985,,,,1,2023-06-15T16:48:37+00:00
SAO_809U-21,São Paulo,3550308,True,,2307,,,-23.54645025,-46.690705,,,,1,2023-06-15T16:48:20+00:00
SAO_809U-21,São Paulo,3550308,True,,2307,,,-23.5466355,-46.69045,,,,1,2023-06-15T16:48:31+00:00
SAO_809U-21,São Paulo,3550308,True,,2307,,,-23.5466355,-46.69045,,,,1,2023-06-15T16:48:16+00:00
SAO_809U-21,São Paulo,3550308,True,,2307,,,-23.534236749999998,-46.687929375,,,,1,2023-06-15T16:48:32+00:00
SAO_3051-10,São Paulo,3550308,True,,2446,,,-23.515351,-46.4687215,,,,1,2023-06-15T16:48:33+00:00
SAO_3051-10,São Paulo,3550308,True,,2446,,,-23.486919999999998,-46.482906,,,,1,2023-06-15T16:48:12+00:00
SAO_3051-10,São Paulo,3550308,True,,2446,,,-23.5184535,-46.475611,,,,1,2023-06-15T16:48:44+00:00
SAO_9354-10,São Paulo,3550308,True,,708,,,-23.5428625,-46.636095999999995,,,,1,2023-06-15T16:48:02+00:00
SAO_9354-10,São Paulo,3550308,True,,708,,,-23.497039,-46.647588999999996,,,,1,2023-06-15T16:48:34+00:00
SAO_9354-10,São Paulo,3550308,True,,708,,,-23.5024855,-46.656254874999995,,,,1,2023-06-15T16:48:01+00:00
SAO_9354-10,São Paulo,3550308,True,,708,,,-23.4750175,-46.6697745,,,,1,2023-06-15T16:48:16+00:00
SAO_8700-1,São Paulo,3550308,True,,2508,,,-23.5984165,-46.740905,,,,1,2023-06-15T16:48:37+00:00
SAO_8700-1,São Paulo,3550308,True,,2508,,,-23.5897005,-46.7293915,,,,1,2023-06-15T16:48:32+00:00
SAO_8700-1,São Paulo,3550308,True,,2508,,,-23.595662750000002,-46.73905175,,,,1,2023-06-15T16:48:32+00:00
SAO_8700-1,São Paulo,3550308,True,,2508,,,-23.5474995,-46.640241,,,,1,2023-06-15T16:47:13+00:00
SAO_8700-1,São Paulo,3550308,True,,2508,,,-23.547560500000003,-46.640557,,,,1,2023-06-15T16:48:27+00:00
SAO_8700-1,São Paulo,3550308,True,,2508,,,-23.6222055,-46.760129500000005,,,,1,2023-06-15T16:48:35+00:00
SAO_8700-1,São Paulo,3550308,True,,2508,,,-23.6308255,-46.772924,,,,1,2023-06-15T16:48:12+00:00
SAO_273G-10,São Paulo,3550308,True,,32991,,,-23.514039249999996,-46.4766975,,,,2,2023-06-15T16:48:41+00:00
SAO_273G-10,São Paulo,3550308,True,,32991,,,-23.481525249999997,-46.41659775,,,,2,2023-06-15T16:48:29+00:00
SAO_273G-10,São Paulo,3550308,True,,32991,,,-23.492127,-46.440456499999996,,,,2,2023-06-15T16:43:00+00:00
SAO_273G-10,São Paulo,3550308,True,,32991,,,-23.481525249999997,-46.41659775,,,,2,2023-06-15T16:46:49+00:00
SAO_273G-10,São Paulo,3550308,True,,32991,,,-23.48150775,-46.41633925,,,,2,2023-06-15T16:48:43+00:00
SAO_273G-10,São Paulo,3550308,True,,32991,,,-23.481525249999997,-46.41659775,,,,2,2023-06-15T16:48:35+00:00
SAO_273G-10,São Paulo,3550308,True,,32991,,,-23.485861749999998,-46.43664325,,,,2,2023-06-15T16:48:20+00:00
SAO_273G-10,São Paulo,3550308,True,,32991,,,-23.539659999999998,-46.4832785,,,,2,2023-06-15T16:48:45+00:00
SAO_273G-10,São Paulo,3550308,True,,32991,,,-23.49155975,-46.44657925,,,,2,2023-06-15T16:48:04+00:00
SAO_273G-10,São Paulo,3550308,True,,32991,,,-23.481525249999997,-46.41659775,,,,2,2023-06-15T16:48:28+00:00
SAO_7062-10,São Paulo,3550308,True,,1898,,,-23.6457135,-46.770793499999996,,,,1,2023-06-15T16:48:33+00:00
SAO_7062-10,São Paulo,3550308,True,,1898,,,-23.6323625,-46.7722555,,,,1,2023-06-15T16:48:33+00:00
SAO_809A-10,São Paulo,3550308,True,,34837,,,-23.586464437500002,-46.75255262500001,,,,2,2023-06-15T16:48:41+00:00
SAO_809A-10,São Paulo,3550308,True,,34837,,,-23.57200775,-46.7079945,,,,2,2023-06-15T16:48:42+00:00
SAO_809A-10,São Paulo,3550308,True,,34837,,,-23.57543225,-46.77549825,,,,2,2023-06-15T16:48:13+00:00
SAO_809A-10,São Paulo,3550308,True,,34837,,,-23.5758515,-46.7756445,,,,2,2023-06-15T16:48:06+00:00
SAO_809A-10,São Paulo,3550308,True,,34837,,,-23.575720750000002,-46.77557075,,,,2,2023-06-15T16:48:38+00:00
SAO_809A-10,São Paulo,3550308,True,,34837,,,-23.57543225,-46.77549825,,,,2,2023-06-15T16:48:40+00:00
SAO_273X-10,São Paulo,3550308,True,,33160,,,-23.496740374999998,-46.40107975,,,,2,2023-06-15T16:48:08+00:00
SAO_273X-10,São Paulo,3550308,True,,33160,,,-23.498297,-46.457488,,,,2,2023-06-15T16:48:43+00:00
SAO_273X-10,São Paulo,3550308,True,,33160,,,-23.501269999999998,-46.391901250000004,,,,2,2023-06-15T16:48:16+00:00
SAO_273X-10,São Paulo,3550308,True,,33160,,,-23.498168999999997,-46.376669500000006,,,,2,2023-06-15T16:48:18+00:00
SAO_273X-10,São Paulo,3550308,True,,33160,,,-23.497790875,-46.376857375,,,,2,2023-06-15T16:48:08+00:00
SAO_273X-10,São Paulo,3550308,True,,33160,,,-23.497997624999996,-46.376735124999996,,,,2,2023-06-15T16:48:07+00:00
SAO_273X-10,São Paulo,3550308,True,,33160,,,-23.4943805,-46.438734499999995,,,,2,2023-06-15T16:48:23+00:00
SAO_273X-10,São Paulo,3550308,True,,33160,,,-23.497790875,-46.376857375,,,,2,2023-06-15T16:47:39+00:00
SAO_675I-10,São Paulo,3550308,True,,32836,,,-23.61444675,-46.677940125000006,,,,2,2023-06-15T16:48:25+00:00
SAO_675I-10,São Paulo,3550308,True,,32836,,,-23.644824999999997,-46.71799274999999,,,,2,2023-06-15T16:48:25+00:00
SAO_675I-10,São Paulo,3550308,True,,32836,,,-23.618121125000002,-46.673371625,,,,2,2023-06-15T16:48:23+00:00
SAO_675I-10,São Paulo,3550308,True,,32836,,,-23.643883,-46.7336615,,,,2,2023-06-15T16:48:46+00:00
SAO_3539-10,São Paulo,3550308,True,,748,,,-23.535911,-46.490879,,,,1,2023-06-15T16:45:24+00:00
SAO_3539-10,São Paulo,3550308,True,,748,,,-23.6015765,-46.399,,,,1,2023-06-15T16:48:26+00:00
SAO_3539-10,São Paulo,3550308,True,,748,,,-23.583490500000003,-46.40723,,,,1,2023-06-15T16:48:34+00:00
SAO_3539-10,São Paulo,3550308,True,,748,,,-23.5703395,-46.4468915,,,,1,2023-06-15T16:48:08+00:00
SAO_3539-10,São Paulo,3550308,True,,748,,,-23.571707,-46.450969,,,,1,2023-06-15T16:43:14+00:00
SAO_3539-10,São Paulo,3550308,True,,748,,,-23.532379499999998,-46.53591,,,,1,2023-06-15T16:48:23+00:00
SAO_3539-10,São Paulo,3550308,True,,748,,,-23.6015765,-46.399,,,,1,2023-06-15T16:48:14+00:00
SAO_3539-10,São Paulo,3550308,True,,748,,,-23.584172000000002,-46.4149685,,,,1,2023-06-15T16:46:21+00:00
SAO_3539-10,São Paulo,3550308,True,,748,,,-23.532570999999997,-46.536803000000006,,,,1,2023-06-15T16:48:43+00:00
SAO_2717-10,São Paulo,3550308,True,,33698,,,-23.509827125,-46.51285837499999,,,,2,2023-06-15T16:48:38+00:00
SAO_2717-10,São Paulo,3550308,True,,33698,,,-23.5286855,-46.516388500000005,,,,2,2023-06-15T16:48:12+00:00
SAO_2717-10,São Paulo,3550308,True,,33698,,,-23.528868,-46.5167825,,,,2,2023-06-15T16:48:34+00:00
SAO_2717-10,São Paulo,3550308,True,,33698,,,-23.523326500000003,-46.521530999999996,,,,2,2023-06-15T16:48:24+00:00
SAO_2717-10,São Paulo,3550308,True,,33698,,,-23.529042,-46.5171655,,,,2,2023-06-15T16:48:36+00:00
SAO_6414-10,São Paulo,3550308,True,EMTU,360,https://moovitapp.com/index/pt-br/transporte_p%C3%BAblico-line-360-Sao_Paulo-242-2038937-36419441-0,5.2,-23.612699499999998,-46.695493,,,,1,2023-06-15T16:48:46+00:00
SAO_6414-10,São Paulo,3550308,True,EMTU,360,https://moovitapp.com/index/pt-br/transporte_p%C3%BAblico-line-360-Sao_Paulo-242-2038937-36419441-0,5.2,-23.56705225,-46.658919,,,,1,2023-06-15T16:48:34+00:00
SAO_6414-10,São Paulo,3550308,True,EMTU,360,https://moovitapp.com/index/pt-br/transporte_p%C3%BAblico-line-360-Sao_Paulo-242-2038937-36419441-0,5.2,-23.644316125000003,-46.700134500000004,,,,1,2023-06-15T16:48:44+00:00
SAO_6414-10,São Paulo,3550308,True,EMTU,360,https://moovitapp.com/index/pt-br/transporte_p%C3%BAblico-line-360-Sao_Paulo-242-2038937-36419441-0,5.2,-23.549994499999997,-46.639990499999996,,,,1,2023-06-15T16:48:40+00:00
SAO_6414-10,São Paulo,3550308,True,EMTU,360,https://moovitapp.com/index/pt-br/transporte_p%C3%BAblico-line-360-Sao_Paulo-242-2038937-36419441-0,5.2,-23.58042075,-46.67058475,,,,1,2023-06-15T16:48:36+00:00
SAO_846M-10,São Paulo,3550308,True,,33190,,,-23.520248,-46.7524175,,,,2,2023-06-15T16:48:14+00:00
SAO_846M-10,São Paulo,3550308,True,,33190,,,-23.5439475,-46.6941375,,,,2,2023-06-15T16:48:37+00:00
SAO_846M-10,São Paulo,3550308,True,,33190,,,-23.502658,-46.760932499999996,,,,2,2023-06-15T16:48:16+00:00
SAO_507T-10,São Paulo,3550308,True,,2208,,,-23.609686375000003,-46.501195499999994,,,,1,2023-06-15T16:48:37+00:00
SAO_507T-10,São Paulo,3550308,True,,2208,,,-23.542336999999996,-46.556863750000005,,,,1,2023-06-15T16:48:09+00:00
SAO_507T-10,São Paulo,3550308,True,,2208,,,-23.607926499999998,-46.501155,,,,1,2023-06-15T16:48:30+00:00
SAO_507T-10,São Paulo,3550308,True,,2208,,,-23.5385445,-46.563635500000004,,,,1,2023-06-15T16:48:13+00:00
SAO_507T-10,São Paulo,3550308,True,,2208,,,-23.538734499999997,-46.5649235,,,,1,2023-06-15T16:48:42+00:00
SAO_507T-10,São Paulo,3550308,True,,2208,,,-23.5563895,-46.525339,,,,1,2023-06-15T16:48:16+00:00
SAO_507T-10,São Paulo,3550308,True,,2208,,,-23.588064,-46.50413175,,,,1,2023-06-15T16:48:27+00:00
SAO_507T-10,São Paulo,3550308,True,,2208,,,-23.6075205,-46.5012585,,,,1,2023-06-15T16:43:41+00:00
SAO_507T-10,São Paulo,3550308,True,,2208,,,-23.575208500000002,-46.514504875,,,,1,2023-06-15T16:48:23+00:00
SAO_507T-10,São Paulo,3550308,True,,2208,,,-23.609686375000003,-46.501195499999994,,,,1,2023-06-15T16:48:21+00:00
SAO_507T-10,São Paulo,3550308,True,,2208,,,-23.5429075,-46.55230625,,,,1,2023-06-15T16:48:01+00:00
SAO_507T-10,São Paulo,3550308,True,,2208,,,-23.608235,-46.501191500000004,,,,1,2023-06-15T16:48:32+00:00
SAO_627J-10,São Paulo,3550308,True,,2056,,,-23.634219,-46.641591000000005,,,,1,2023-06-15T16:48:23+00:00
SAO_627J-10,São Paulo,3550308,True,,2056,,,-23.6360805,-46.641146000000006,,,,1,2023-06-15T16:48:41+00:00
SAO_627J-10,São Paulo,3550308,True,,2056,,,-23.6366175,-46.641171,,,,1,2023-06-15T16:48:26+00:00
SAO_627J-10,São Paulo,3550308,True,,2056,,,-23.677782,-46.6380935,,,,1,2023-06-15T16:48:36+00:00
SAO_2710-10,São Paulo,3550308,True,,33692,,,-23.52483075,-46.490063750000004,,,,2,2023-06-15T16:48:36+00:00
SAO_2710-10,São Paulo,3550308,True,,33692,,,-23.5191485,-46.496350500000005,,,,2,2023-06-15T16:48:02+00:00
SAO_2710-10,São Paulo,3550308,True,,33692,,,-23.529988,-46.5012995,,,,2,2023-06-15T16:48:13+00:00
SAO_3069-10,São Paulo,3550308,True,,33752,,,-23.60662525,-46.41692075,,,,2,2023-06-15T16:48:20+00:00
SAO_3069-10,São Paulo,3550308,True,,33752,,,-23.60662525,-46.41692075,,,,2,2023-06-15T16:48:47+00:00
SAO_3069-10,São Paulo,3550308,True,,33752,,,-23.606299749999998,-46.41697025,,,,2,2023-06-15T16:48:40+00:00
SAO_3069-10,São Paulo,3550308,True,,33752,,,-23.60662525,-46.41692075,,,,2,2023-06-15T16:48:31+00:00
SAO_3069-10,São Paulo,3550308,True,,33752,,,-23.606299749999998,-46.41697025,,,,2,2023-06-15T16:48:23+00:00
SAO_3069-10,São Paulo,3550308,True,,33752,,,-23.60662525,-46.41692075,,,,2,2023-06-15T16:48:23+00:00
SAO_3069-10,São Paulo,3550308,True,,33752,,,-23.620306,-46.438074,,,,2,2023-06-15T16:48:21+00:00
SAO_3069-10,São Paulo,3550308,True,,33752,,,-23.619615,-46.411688,,,,2,2023-06-15T16:48:37+00:00
SAO_6034-10,São Paulo,3550308,True,,32863,,,-23.747656499999998,-46.6691325,,,,2,2023-06-15T16:48:38+00:00
SAO_6034-10,São Paulo,3550308,True,,32863,,,-23.7544715,-46.673458999999994,,,,2,2023-06-15T16:48:24+00:00
SAO_6034-10,São Paulo,3550308,True,,32863,,,-23.75637075,-46.6682945,,,,2,2023-06-15T16:48:44+00:00
SAO_6034-10,São Paulo,3550308,True,,32863,,,-23.744734,-46.6690715,,,,2,2023-06-15T16:48:09+00:00
SAO_6034-10,São Paulo,3550308,True,,32863,,,-23.737362,-46.6973265,,,,2,2023-06-15T16:48:17+00:00
SAO_5175-10,São Paulo,3550308,True,,33361,,,-23.5505945,-46.635301,,,,2,2023-06-15T16:44:48+00:00
SAO_5175-10,São Paulo,3550308,True,,33361,,,-23.658493749999998,-46.679638499999996,,,,2,2023-06-15T16:48:07+00:00
SAO_5175-10,São Paulo,3550308,True,,33361,,,-23.615076000000002,-46.659635,,,,2,2023-06-15T16:48:15+00:00
SAO_5175-10,São Paulo,3550308,True,,33361,,,-23.5505945,-46.635301,,,,2,2023-06-15T16:48:45+00:00
SAO_5175-10,São Paulo,3550308,True,,33361,,,-23.6654015,-46.677949,,,,2,2023-06-15T16:48:30+00:00
SAO_5175-10,São Paulo,3550308,True,,33361,,,-23.691687375,-46.6440985,,,,2,2023-06-15T16:48:42+00:00
SAO_5175-10,São Paulo,3550308,True,,33361,,,-23.60463125,-46.65173675,,,,2,2023-06-15T16:48:16+00:00
SAO_5175-10,São Paulo,3550308,True,,33361,,,-23.628905500000002,-46.665217,,,,2,2023-06-15T16:48:22+00:00
SAO_5175-10,São Paulo,3550308,True,,33361,,,-23.690873625000002,-46.6438615,,,,2,2023-06-15T16:48:04+00:00
SAO_5175-10,São Paulo,3550308,True,,33361,,,-23.7024185,-46.6501495,,,,2,2023-06-15T16:48:00+00:00
SAO_5175-10,São Paulo,3550308,True,,33361,,,-23.560138000000002,-46.643105125,,,,2,2023-06-15T16:48:09+00:00
SAO_5175-10,São Paulo,3550308,True,,33361,,,-23.625629,-46.6619115,,,,2,2023-06-15T16:48:22+00:00
SAO_5175-10,São Paulo,3550308,True,,33361,,,-23.568078999999997,-46.649365,,,,2,2023-06-15T16:42:43+00:00
SAO_5175-10,São Paulo,3550308,True,,33361,,,-23.5505945,-46.635301,,,,2,2023-06-15T16:48:35+00:00
SAO_5175-10,São Paulo,3550308,True,,33361,,,-23.700782500000003,-46.649846,,,,2,2023-06-15T16:48:17+00:00
SAO_5175-10,São Paulo,3550308,True,,33361,,,-23.6876195,-46.641799500000005,,,,2,2023-06-15T16:48:41+00:00
SAO_5175-10,São Paulo,3550308,True,,33361,,,-23.6774235,-46.65841775,,,,2,2023-06-15T16:45:06+00:00
SAO_5175-10,São Paulo,3550308,True,,33361,,,-23.5505945,-46.635301,,,,2,2023-06-15T16:48:40+00:00
SAO_5175-10,São Paulo,3550308,True,,33361,,,-23.679766,-46.655376125000004,,,,2,2023-06-15T16:43:27+00:00
SAO_637G-10,São Paulo,3550308,True,,32869,,,-23.748095499999998,-46.68762275,,,,2,2023-06-15T16:48:34+00:00
SAO_637G-10,São Paulo,3550308,True,,32869,,,-23.629173,-46.689397,,,,2,2023-06-15T16:48:33+00:00
SAO_637G-10,São Paulo,3550308,True,,32869,,,-23.577509125,-46.686852,,,,2,2023-06-15T16:48:05+00:00
SAO_637G-10,São Paulo,3550308,True,,32869,,,-23.671810999999998,-46.7111675,,,,2,2023-06-15T16:48:33+00:00
SAO_637G-10,São Paulo,3550308,True,,32869,,,-23.753559000000003,-46.68118,,,,2,2023-06-15T16:48:37+00:00
SAO_637G-10,São Paulo,3550308,True,,32869,,,-23.565585,-46.693946499999996,,,,2,2023-06-15T16:48:38+00:00
SAO_637G-10,São Paulo,3550308,True,,32869,,,-23.706274999999998,-46.70078,,,,2,2023-06-15T16:48:17+00:00
SAO_9300-10,São Paulo,3550308,True,EMTU,116,https://moovitapp.com/index/pt-br/transporte_p%C3%BAblico-line-116-Sao_Paulo-242-2038937-36419276-0,12.1,-23.521776625,-46.665511374999994,,,,1,2023-06-15T16:48:12+00:00
SAO_9300-10,São Paulo,3550308,True,EMTU,116,https://moovitapp.com/index/pt-br/transporte_p%C3%BAblico-line-116-Sao_Paulo-242-2038937-36419276-0,12.1,-23.495991,-46.662211,,,,1,2023-06-15T16:48:30+00:00
SAO_9300-10,São Paulo,3550308,True,EMTU,116,https://moovitapp.com/index/pt-br/transporte_p%C3%BAblico-line-116-Sao_Paulo-242-2038937-36419276-0,12.1,-23.546565,-46.630926,,,,1,2023-06-15T16:48:21+00:00
SAO_9300-10,São Paulo,3550308,True,EMTU,116,https://moovitapp.com/index/pt-br/transporte_p%C3%BAblico-line-116-Sao_Paulo-242-2038937-36419276-0,12.1,-23.541269,-46.6389715,,,,1,2023-06-15T16:48:17+00:00
SAO_9300-10,São Paulo,3550308,True,EMTU,116,https://moovitapp.com/index/pt-br/transporte_p%C3%BAblico-line-116-Sao_Paulo-242-2038937-36419276-0,12.1,-23.4959565,-46.6621375,,,,1,2023-06-15T16:48:03+00:00
SAO_3731-10,São Paulo,3550308,True,,1028,,,-23.539874,-46.516463,,,,1,2023-06-15T16:48:38+00:00
SAO_3731-10,São Paulo,3550308,True,,1028,,,-23.551412375,-46.515245875,,,,1,2023-06-15T16:48:23+00:00
SAO_3731-10,São Paulo,3550308,True,,1028,,,-23.539874,-46.516463,,,,1,2023-06-15T16:48:19+00:00
SAO_3731-10,São Paulo,3550308,True,,1028,,,-23.539611999999998,-46.516724999999994,,,,1,2023-06-15T16:48:09+00:00
SAO_3731-10,São Paulo,3550308,True,,1028,,,-23.540578500000002,-46.515639,,,,1,2023-06-15T16:48:05+00:00
SAO_178L-10,São Paulo,3550308,True,EMTU,560,https://moovitapp.com/index/pt-br/transporte_p%C3%BAblico-line-560-Sao_Paulo-242-2038937-36419561-0,6.2,-23.544291,-46.644347499999995,,,,1,2023-06-15T16:48:39+00:00
SAO_178L-10,São Paulo,3550308,True,EMTU,560,https://moovitapp.com/index/pt-br/transporte_p%C3%BAblico-line-560-Sao_Paulo-242-2038937-36419561-0,6.2,-23.5076695,-46.6507175,,,,1,2023-06-15T16:48:24+00:00
SAO_178L-10,São Paulo,3550308,True,EMTU,560,https://moovitapp.com/index/pt-br/transporte_p%C3%BAblico-line-560-Sao_Paulo-242-2038937-36419561-0,6.2,-23.50367,-46.6263905,,,,1,2023-06-15T16:48:36+00:00
SAO_178L-10,São Paulo,3550308,True,EMTU,560,https://moovitapp.com/index/pt-br/transporte_p%C3%BAblico-line-560-Sao_Paulo-242-2038937-36419561-0,6.2,-23.5498635,-46.6823885,,,,1,2023-06-15T16:48:38+00:00
SAO_178L-10,São Paulo,3550308,True,EMTU,560,https://moovitapp.com/index/pt-br/transporte_p%C3%BAblico-line-560-Sao_Paulo-242-2038937-36419561-0,6.2,-23.55030275,-46.6785855,,,,1,2023-06-15T16:48:16+00:00
SAO_178L-10,São Paulo,3550308,True,EMTU,560,https://moovitapp.com/index/pt-br/transporte_p%C3%BAblico-line-560-Sao_Paulo-242-2038937-36419561-0,6.2,-23.4923115,-46.633819,,,,1,2023-06-15T16:48:38+00:00
SAO_178L-10,São Paulo,3550308,True,EMTU,560,https://moovitapp.com/index/pt-br/transporte_p%C3%BAblico-line-560-Sao_Paulo-242-2038937-36419561-0,6.2,-23.554006,-46.6708855,,,,1,2023-06-15T16:48:18+00:00
SAO_178L-10,São Paulo,3550308,True,EMTU,560,https://moovitapp.com/index/pt-br/transporte_p%C3%BAblico-line-560-Sao_Paulo-242-2038937-36419561-0,6.2,-23.551526000000003,-46.676627749999994,,,,1,2023-06-15T16:48:23+00:00
SAO_178L-10,São Paulo,3550308,True,EMTU,560,https://moovitapp.com/index/pt-br/transporte_p%C3%BAblico-line-560-Sao_Paulo-242-2038937-36419561-0,6.2,-23.5496345,-46.682542,,,,1,2023-06-15T16:48:38+00:00
SAO_178L-10,São Paulo,3550308,True,EMTU,560,https://moovitapp.com/index/pt-br/transporte_p%C3%BAblico-line-560-Sao_Paulo-242-2038937-36419561-0,6.2,-23.52302,-46.650726000000006,,,,1,2023-06-15T16:48:29+00:00
SAO_178L-10,São Paulo,3550308,True,EMTU,560,https://moovitapp.com/index/pt-br/transporte_p%C3%BAblico-line-560-Sao_Paulo-242-2038937-36419561-0,6.2,-23.4751125,-46.64319,,,,1,2023-06-15T16:48:08+00:00
SAO_546T-10,São Paulo,3550308,True,,272,,,-23.68291775,-46.6816995,,,,1,2023-06-15T16:48:29+00:00
SAO_546T-10,São Paulo,3550308,True,,272,,,-23.65989475,-46.696935499999995,,,,1,2023-06-15T16:48:38+00:00
SAO_546T-10,São Paulo,3550308,True,,272,,,-23.6927705,-46.660159,,,,1,2023-06-15T16:47:05+00:00
SAO_546T-10,São Paulo,3550308,True,,272,,,-23.659697,-46.69745399999999,,,,1,2023-06-15T16:48:30+00:00
SAO_546T-10,São Paulo,3550308,True,,272,,,-23.673755,-46.6862615,,,,1,2023-06-15T16:48:19+00:00
SAO_546T-10,São Paulo,3550308,True,,272,,,-23.698926999999998,-46.647592,,,,1,2023-06-15T16:48:32+00:00
SAO_546T-10,São Paulo,3550308,True,,272,,,-23.65588325,-46.70615425,,,,1,2023-06-15T16:48:14+00:00
SAO_546T-10,São Paulo,3550308,True,,272,,,-23.654031,-46.708998,,,,1,2023-06-15T16:48:38+00:00
SAO_546T-10,São Paulo,3550308,True,,272,,,-23.679184749999997,-46.68463475,,,,1,2023-06-15T16:48:25+00:00
SAO_546T-10,São Paulo,3550308,True,,272,,,-23.6706735,-46.688327,,,,1,2023-06-15T16:48:41+00:00
SAO_546T-10,São Paulo,3550308,True,,272,,,-23.6952165,-46.6546855,,,,1,2023-06-15T16:47:27+00:00
SAO_546T-10,São Paulo,3550308,True,,272,,,-23.673444,-46.686408,,,,1,2023-06-15T16:48:02+00:00
SAO_546T-10,São Paulo,3550308,True,,272,,,-23.655356,-46.703847374999995,,,,1,2023-06-15T16:48:03+00:00
SAO_274P-10,São Paulo,3550308,True,Grupo Vida,232,https://moovitapp.com/index/pt-br/transporte_p%C3%BAblico-line-232-Sao_Paulo-242-887112-748347-0,5.3,-23.588063625000004,-46.635466625,,,,1,2023-06-15T16:48:44+00:00
SAO_274P-10,São Paulo,3550308,True,Grupo Vida,232,https://moovitapp.com/index/pt-br/transporte_p%C3%BAblico-line-232-Sao_Paulo-242-887112-748347-0,5.3,-23.5226465,-46.53488575,,,,1,2023-06-15T16:48:14+00:00
SAO_274P-10,São Paulo,3550308,True,Grupo Vida,232,https://moovitapp.com/index/pt-br/transporte_p%C3%BAblico-line-232-Sao_Paulo-242-887112-748347-0,5.3,-23.540582750000002,-46.61279999999999,,,,1,2023-06-15T16:48:44+00:00
SAO_775N-10,São Paulo,3550308,True,,33242,,,-23.577069,-46.7659285,,,,2,2023-06-15T16:48:24+00:00
SAO_775N-10,São Paulo,3550308,True,,33242,,,-23.54567975,-46.734713,,,,2,2023-06-15T16:48:45+00:00
SAO_775N-10,São Paulo,3550308,True,,33242,,,-23.566717,-46.754007,,,,2,2023-06-15T16:48:14+00:00
SAO_372U-10,São Paulo,3550308,True,,33784,,,-23.5570765,-46.53751749999999,,,,2,2023-06-15T16:48:28+00:00
SAO_372U-10,São Paulo,3550308,True,,33784,,,-23.5568485,-46.537368,,,,2,2023-06-15T16:48:43+00:00
SAO_372U-10,São Paulo,3550308,True,,33784,,,-23.557619000000003,-46.541991,,,,2,2023-06-15T16:48:24+00:00
SAO_372U-10,São Paulo,3550308,True,,33784,,,-23.54624425,-46.57415575,,,,2,2023-06-15T16:48:23+00:00
SAO_372U-10,São Paulo,3550308,True,,33784,,,-23.566091375,-46.544632875,,,,2,2023-06-15T16:48:24+00:00
SAO_372U-10,São Paulo,3550308,True,,33784,,,-23.5573135,-46.5376725,,,,2,2023-06-15T16:48:28+00:00
SAO_372U-10,São Paulo,3550308,True,,33784,,,-23.55194125,-46.567482749999996,,,,2,2023-06-15T16:48:38+00:00
SAO_372U-10,São Paulo,3550308,True,,33784,,,-23.567417499999998,-46.5418665,,,,2,2023-06-15T16:48:46+00:00
SAO_372U-10,São Paulo,3550308,True,,33784,,,-23.5570765,-46.53751749999999,,,,2,2023-06-15T16:48:29+00:00
SAO_372U-10,São Paulo,3550308,True,,33784,,,-23.5568485,-46.537368,,,,2,2023-06-15T16:48:02+00:00
SAO_209P-1,São Paulo,3550308,True,,2301,,,-23.521772749999997,-46.66469625,,,,1,2023-06-15T16:48:21+00:00
SAO_209P-1,São Paulo,3550308,True,,2301,,,-23.472319999999996,-46.6704065,,,,1,2023-06-15T16:48:20+00:00
SAO_209P-1,São Paulo,3550308,True,,2301,,,-23.46998575,-46.670573000000005,,,,1,2023-06-15T16:48:36+00:00
SAO_209P-1,São Paulo,3550308,True,,2301,,,-23.535196,-46.6743135,,,,1,2023-06-15T16:48:18+00:00
SAO_8194-10,São Paulo,3550308,True,,33573,,,-23.4007935,-46.7453545,,,,2,2023-06-15T16:48:23+00:00
SAO_8194-10,São Paulo,3550308,True,,33573,,,-23.4141015,-46.750579,,,,2,2023-06-15T16:48:41+00:00
SAO_8194-10,São Paulo,3550308,True,,33573,,,-23.459422,-46.6894975,,,,2,2023-06-15T16:48:27+00:00
SAO_8194-10,São Paulo,3550308,True,,33573,,,-23.4350455,-46.7180285,,,,2,2023-06-15T16:48:26+00:00
SAO_8194-10,São Paulo,3550308,True,,33573,,,-23.4140545,-46.750673500000005,,,,2,2023-06-15T16:48:38+00:00
SAO_8194-10,São Paulo,3550308,True,,33573,,,-23.40024125,-46.747068999999996,,,,2,2023-06-15T16:48:35+00:00
SAO_8194-10,São Paulo,3550308,True,,33573,,,-23.4746105,-46.669987000000006,,,,2,2023-06-15T16:48:18+00:00
SAO_2363-10,São Paulo,3550308,True,,135,,,-23.5077415,-46.53379975,,,,1,2023-06-15T16:48:36+00:00
SAO_2363-10,São Paulo,3550308,True,,135,,,-23.537876500000003,-46.597537125,,,,1,2023-06-15T16:48:30+00:00
SAO_2363-10,São Paulo,3550308,True,,135,,,-23.542247500000002,-46.61546725,,,,1,2023-06-15T16:48:32+00:00
SAO_8043-10,São Paulo,3550308,True,,33175,,,-23.474937,-46.756229000000005,,,,2,2023-06-15T16:48:19+00:00
SAO_8043-10,São Paulo,3550308,True,,33175,,,-23.5196005,-46.7024955,,,,2,2023-06-15T16:48:38+00:00
SAO_7001-10,São Paulo,3550308,True,,34490,,,-23.72342275,-46.75865625,,,,2,2023-06-15T16:46:46+00:00
SAO_7001-10,São Paulo,3550308,True,,34490,,,-23.7243085,-46.754826,,,,2,2023-06-15T16:48:22+00:00
SAO_7001-10,São Paulo,3550308,True,,34490,,,-23.6797945,-46.768844,,,,2,2023-06-15T16:48:16+00:00
SAO_7001-10,São Paulo,3550308,True,,34490,,,-23.7203095,-46.7557755,,,,2,2023-06-15T16:46:05+00:00
SAO_7001-10,São Paulo,3550308,True,,34490,,,-23.6903555,-46.7743995,,,,2,2023-06-15T16:47:35+00:00
SAO_7001-10,São Paulo,3550308,True,,34490,,,-23.722903375,-46.76449075000001,,,,2,2023-06-15T16:48:32+00:00
SAO_502J-10,São Paulo,3550308,True,,1275,,,-23.674671,-46.661978500000004,,,,1,2023-06-15T16:48:42+00:00
SAO_502J-10,São Paulo,3550308,True,,1275,,,-23.707207250000003,-46.688587999999996,,,,1,2023-06-15T16:48:16+00:00
SAO_502J-10,São Paulo,3550308,True,,1275,,,-23.688284,-46.6651685,,,,1,2023-06-15T16:48:25+00:00
SAO_502J-10,São Paulo,3550308,True,,1275,,,-23.656655,-46.668952,,,,1,2023-06-15T16:48:13+00:00
SAO_502J-10,São Paulo,3550308,True,,1275,,,-23.7050955,-46.6883695,,,,1,2023-06-15T16:48:36+00:00
SAO_502J-10,São Paulo,3550308,True,,1275,,,-23.618917500000002,-46.639234,,,,1,2023-06-15T16:48:21+00:00
SAO_502J-10,São Paulo,3550308,True,,1275,,,-23.641844,-46.660599250000004,,,,1,2023-06-15T16:48:12+00:00
SAO_502J-10,São Paulo,3550308,True,,1275,,,-23.59966,-46.63503225,,,,1,2023-06-15T16:48:40+00:00
SAO_502J-10,São Paulo,3550308,True,,1275,,,-23.629347000000003,-46.645964,,,,1,2023-06-15T16:48:25+00:00
SAO_3903-10,São Paulo,3550308,True,,34239,,,-23.521306,-46.457174,,,,2,2023-06-15T16:48:24+00:00
SAO_3903-10,São Paulo,3550308,True,,34239,,,-23.521113999999997,-46.457098,,,,2,2023-06-15T16:48:18+00:00
SAO_573T-10,São Paulo,3550308,True,,1632,,,-23.590457375000003,-46.48960674999999,,,,1,2023-06-15T16:48:45+00:00
SAO_573T-10,São Paulo,3550308,True,,1632,,,-23.550600000000003,-46.5330275,,,,1,2023-06-15T16:48:17+00:00
SAO_573T-10,São Paulo,3550308,True,,1632,,,-23.565397,-46.512668250000004,,,,1,2023-06-15T16:48:25+00:00
SAO_573T-10,São Paulo,3550308,True,,1632,,,-23.614199499999998,-46.5007885,,,,1,2023-06-15T16:48:29+00:00
SAO_573T-10,São Paulo,3550308,True,,1632,,,-23.538655499999997,-46.564793,,,,1,2023-06-15T16:48:46+00:00
SAO_573T-10,São Paulo,3550308,True,,1632,,,-23.6015735,-46.492232,,,,1,2023-06-15T16:48:34+00:00
SAO_573T-10,São Paulo,3550308,True,,1632,,,-23.538545499999998,-46.564205,,,,1,2023-06-15T16:48:17+00:00
SAO_573T-10,São Paulo,3550308,True,,1632,,,-23.545642,-46.544091249999994,,,,1,2023-06-15T16:48:26+00:00
SAO_573T-10,São Paulo,3550308,True,,1632,,,-23.614242,-46.501176,,,,1,2023-06-15T16:48:45+00:00
SAO_7550-10,São Paulo,3550308,True,,34861,,,-23.651816,-46.71634075,,,,2,2023-06-15T16:48:32+00:00
SAO_7550-10,São Paulo,3550308,True,,34861,,,-23.541486,-46.6450485,,,,2,2023-06-15T16:48:25+00:00
SAO_7550-10,São Paulo,3550308,True,,34861,,,-23.652072000000004,-46.7168815,,,,2,2023-06-15T16:48:19+00:00
SAO_7550-10,São Paulo,3550308,True,,34861,,,-23.61045,-46.677327500000004,,,,2,2023-06-15T16:48:47+00:00
SAO_7550-10,São Paulo,3550308,True,,34861,,,-23.564600875,-46.646907,,,,2,2023-06-15T16:48:08+00:00
SAO_7550-10,São Paulo,3550308,True,,34861,,,-23.6461575625,-46.70273725,,,,2,2023-06-15T16:48:33+00:00
SAO_7550-10,São Paulo,3550308,True,,34861,,,-23.651966,-46.7166565,,,,2,2023-06-15T16:48:23+00:00
SAO_6007-10,São Paulo,3550308,True,,176,,,-23.6492395,-46.73245,,,,1,2023-06-15T16:48:13+00:00
SAO_6007-10,São Paulo,3550308,True,,176,,,-23.654448000000002,-46.763219500000005,,,,1,2023-06-15T16:48:12+00:00
SAO_6007-10,São Paulo,3550308,True,,176,,,-23.672301,-46.7424105,,,,1,2023-06-15T16:48:40+00:00
SAO_6007-10,São Paulo,3550308,True,,176,,,-23.647661999999997,-46.727565999999996,,,,1,2023-06-15T16:48:19+00:00
SAO_6007-10,São Paulo,3550308,True,,176,,,-23.65642775,-46.7622815,,,,1,2023-06-15T16:48:36+00:00
SAO_177H-10,São Paulo,3550308,True,,630,,,-23.5526805,-46.731851500000005,,,,1,2023-06-15T16:48:16+00:00
SAO_177H-10,São Paulo,3550308,True,,630,,,-23.565247999999997,-46.696033,,,,1,2023-06-15T16:48:36+00:00
SAO_177H-10,São Paulo,3550308,True,,630,,,-23.5558355,-46.666347,,,,1,2023-06-15T16:48:15+00:00
SAO_177H-10,São Paulo,3550308,True,,630,,,-23.5526805,-46.731851500000005,,,,1,2023-06-15T16:48:45+00:00
SAO_177H-10,São Paulo,3550308,True,,630,,,-23.502436,-46.624016499999996,,,,1,2023-06-15T16:48:22+00:00
SAO_177H-10,São Paulo,3550308,True,,630,,,-23.56262125,-46.7226315,,,,1,2023-06-15T16:48:44+00:00
SAO_177H-10,São Paulo,3550308,True,,630,,,-23.51187075,-46.65938475,,,,1,2023-06-15T16:48:14+00:00
SAO_177H-10,São Paulo,3550308,True,,630,,,-23.496572,-46.6594325,,,,1,2023-06-15T16:48:23+00:00
SAO_177H-10,São Paulo,3550308,True,,630,,,-23.540916000000003,-46.655556499999996,,,,1,2023-06-15T16:48:38+00:00
SAO_9785-10,São Paulo,3550308,True,,828,,,-23.4561785,-46.698985,,,,1,2023-06-15T16:48:02+00:00
SAO_9785-10,São Paulo,3550308,True,,828,,,-23.456782,-46.6991795,,,,1,2023-06-15T16:48:27+00:00
SAO_9785-10,São Paulo,3550308,True,,828,,,-23.529588500000003,-46.6772925,,,,1,2023-06-15T16:48:31+00:00
SAO_9785-10,São Paulo,3550308,True,,828,,,-23.493916,-46.6919285,,,,1,2023-06-15T16:48:29+00:00
SAO_9785-10,São Paulo,3550308,True,,828,,,-23.471965,-46.6916,,,,1,2023-06-15T16:48:06+00:00
SAO_9785-10,São Paulo,3550308,True,,828,,,-23.456645,-46.699113999999994,,,,1,2023-06-15T16:48:41+00:00
SAO_9785-10,São Paulo,3550308,True,,828,,,-23.4561785,-46.698985,,,,1,2023-06-15T16:48:38+00:00
SAO_5630-10,São Paulo,3550308,True,,78,,,-23.7374635,-46.697805,,,,1,2023-06-15T16:48:42+00:00
SAO_5630-10,São Paulo,3550308,True,,78,,,-23.572684,-46.640971,,,,1,2023-06-15T16:48:28+00:00
SAO_5630-10,São Paulo,3550308,True,,78,,,-23.7374635,-46.697805,,,,1,2023-06-15T16:48:30+00:00
SAO_5630-10,São Paulo,3550308,True,,78,,,-23.546803999999998,-46.61991175,,,,1,2023-06-15T16:47:50+00:00
SAO_5630-10,São Paulo,3550308,True,,78,,,-23.5470685,-46.617057,,,,1,2023-06-15T16:48:45+00:00
SAO_5630-10,São Paulo,3550308,True,,78,,,-23.65740675,-46.6796325,,,,1,2023-06-15T16:48:14+00:00
SAO_5630-10,São Paulo,3550308,True,,78,,,-23.629147250000003,-46.66570875000001,,,,1,2023-06-15T16:48:32+00:00
SAO_5630-10,São Paulo,3550308,True,,78,,,-23.557504625,-46.63795987499999,,,,1,2023-06-15T16:48:16+00:00
SAO_5630-10,São Paulo,3550308,True,,78,,,-23.6005265,-46.650816500000005,,,,1,2023-06-15T16:48:27+00:00
SAO_5630-10,São Paulo,3550308,True,,78,,,-23.7374635,-46.697805,,,,1,2023-06-15T16:48:23+00:00
SAO_5630-10,São Paulo,3550308,True,,78,,,-23.5472435,-46.617357,,,,1,2023-06-15T16:48:34+00:00
SAO_5630-10,São Paulo,3550308,True,,78,,,-23.684998999999998,-46.692417,,,,1,2023-06-15T16:48:10+00:00
SAO_5630-10,São Paulo,3550308,True,,78,,,-23.609043749999998,-46.6535315,,,,1,2023-06-15T16:48:41+00:00
SAO_5630-10,São Paulo,3550308,True,,78,,,-23.7374635,-46.697805,,,,1,2023-06-15T16:48:06+00:00
SAO_5630-10,São Paulo,3550308,True,,78,,,-23.7374635,-46.697805,,,,1,2023-06-15T16:48:17+00:00
SAO_5630-10,São Paulo,3550308,True,,78,,,-23.713739750000002,-46.69859025,,,,1,2023-06-15T16:48:08+00:00
SAO_5630-10,São Paulo,3550308,True,,78,,,-23.7374635,-46.697805,,,,1,2023-06-15T16:48:26+00:00
SAO_7006-51,São Paulo,3550308,True,,34765,,,-23.672192000000003,-46.773357000000004,,,,2,2023-06-15T16:48:24+00:00
SAO_7006-51,São Paulo,3550308,True,,34765,,,-23.676958499999998,-46.773951999999994,,,,2,2023-06-15T16:48:14+00:00
SAO_7006-51,São Paulo,3550308,True,,34765,,,-23.7488905,-46.7831885,,,,2,2023-06-15T16:48:40+00:00
SAO_7006-51,São Paulo,3550308,True,,34765,,,-23.7488905,-46.7831885,,,,2,2023-06-15T16:48:18+00:00
SAO_7006-51,São Paulo,3550308,True,,34765,,,-23.7488905,-46.7831885,,,,2,2023-06-15T16:48:09+00:00
SAO_7006-51,São Paulo,3550308,True,,34765,,,-23.7282675,-46.786224250000004,,,,2,2023-06-15T16:48:41+00:00
SAO_7006-51,São Paulo,3550308,True,,34765,,,-23.661021499999997,-46.7695115,,,,2,2023-06-15T16:48:45+00:00
SAO_8194-10,São Paulo,3550308,True,,805,,,-23.4039675,-46.7531965,,,,1,2023-06-15T16:48:31+00:00
SAO_8194-10,São Paulo,3550308,True,,805,,,-23.4130405,-46.750367,,,,1,2023-06-15T16:48:13+00:00
SAO_8194-10,São Paulo,3550308,True,,805,,,-23.459716999999998,-46.68898,,,,1,2023-06-15T16:48:38+00:00
SAO_8194-10,São Paulo,3550308,True,,805,,,-23.470779,-46.676045,,,,1,2023-06-15T16:48:28+00:00
SAO_8194-10,São Paulo,3550308,True,,805,,,-23.4105575,-46.75020225,,,,1,2023-06-15T16:48:25+00:00
SAO_271A-51,São Paulo,3550308,True,,703,,,-23.52112975,-46.55713625,,,,1,2023-06-15T16:48:11+00:00
SAO_271A-51,São Paulo,3550308,True,,703,,,-23.498852749999998,-46.5207295,,,,1,2023-06-15T16:48:05+00:00
SAO_271A-51,São Paulo,3550308,True,,703,,,-23.501134,-46.615305500000005,,,,1,2023-06-15T16:46:19+00:00
SAO_271A-51,São Paulo,3550308,True,,703,,,-23.5031375,-46.5723495,,,,1,2023-06-15T16:45:43+00:00
SAO_778J-41,São Paulo,3550308,True,,1486,,,-23.57621825,-46.72098750000001,,,,1,2023-06-15T16:48:31+00:00
SAO_778J-41,São Paulo,3550308,True,,1486,,,-23.585532999999998,-46.8056635,,,,1,2023-06-15T16:48:08+00:00
SAO_778J-41,São Paulo,3550308,True,,1486,,,-23.5692155,-46.6972605,,,,1,2023-06-15T16:48:19+00:00
SAO_778J-41,São Paulo,3550308,True,,1486,,,-23.589469,-46.796839500000004,,,,1,2023-06-15T16:48:46+00:00
SAO_778J-41,São Paulo,3550308,True,,1486,,,-23.5832665,-46.771852499999994,,,,1,2023-06-15T16:48:15+00:00
SAO_778J-41,São Paulo,3550308,True,,1486,,,-23.526614000000002,-46.668097,,,,1,2023-06-15T16:48:34+00:00
SAO_778J-41,São Paulo,3550308,True,,1486,,,-23.585532999999998,-46.8056635,,,,1,2023-06-15T16:48:21+00:00
SAO_778J-41,São Paulo,3550308,True,,1486,,,-23.58475525,-46.8109375,,,,1,2023-06-15T16:48:33+00:00
SAO_778J-41,São Paulo,3550308,True,,1486,,,-23.5856145,-46.8057505,,,,1,2023-06-15T16:48:17+00:00
SAO_5035-10,São Paulo,3550308,True,,34436,,,-23.621432,-46.594185249999995,,,,2,2023-06-15T16:48:18+00:00
SAO_5035-10,São Paulo,3550308,True,,34436,,,-23.637159500000003,-46.592059,,,,2,2023-06-15T16:48:22+00:00
SAO_5035-10,São Paulo,3550308,True,,34436,,,-23.637068499999998,-46.591771,,,,2,2023-06-15T16:48:36+00:00
SAO_5035-10,São Paulo,3550308,True,,34436,,,-23.6343835,-46.590711999999996,,,,2,2023-06-15T16:48:38+00:00
SAO_5035-10,São Paulo,3550308,True,,34436,,,-23.637237,-46.5923005,,,,2,2023-06-15T16:48:44+00:00
SAO_6338-10,São Paulo,3550308,True,,34061,,,-23.629770999999998,-46.6466095,,,,2,2023-06-15T16:48:43+00:00
SAO_6338-10,São Paulo,3550308,True,,34061,,,-23.680498999999998,-46.6375295,,,,2,2023-06-15T16:48:32+00:00
SAO_6338-10,São Paulo,3550308,True,,34061,,,-23.680245,-46.6373385,,,,2,2023-06-15T16:48:21+00:00
SAO_6338-10,São Paulo,3550308,True,,34061,,,-23.596517125,-46.649662125000006,,,,2,2023-06-15T16:48:30+00:00
SAO_6338-10,São Paulo,3550308,True,,34061,,,-23.679894,-46.6367245,,,,2,2023-06-15T16:48:06+00:00
SAO_1780-10,São Paulo,3550308,True,,869,,,-23.486397,-46.608689749999996,,,,1,2023-06-15T16:48:03+00:00
SAO_1780-10,São Paulo,3550308,True,,869,,,-23.4498015,-46.5792945,,,,1,2023-06-15T16:48:14+00:00
SAO_1780-10,São Paulo,3550308,True,,869,,,-23.470773,-46.597107,,,,1,2023-06-15T16:47:15+00:00
SAO_4742-10,São Paulo,3550308,True,,33110,,,-23.6462885,-46.6091895,,,,2,2023-06-15T16:48:45+00:00
SAO_4742-10,São Paulo,3550308,True,,33110,,,-23.638268,-46.608056,,,,2,2023-06-15T16:48:16+00:00
SAO_4742-10,São Paulo,3550308,True,,33110,,,-23.618569,-46.6411865,,,,2,2023-06-15T16:48:18+00:00
SAO_2058-10,São Paulo,3550308,True,,259,,,-23.49287225,-46.43737025,,,,1,2023-06-15T16:43:00+00:00
SAO_2058-10,São Paulo,3550308,True,,259,,,-23.541515500000003,-46.4163375,,,,1,2023-06-15T16:45:22+00:00
SAO_3004-10,São Paulo,3550308,True,,1798,,,-23.4787225,-46.4204685,,,,1,2023-06-15T16:34:54+00:00
SAO_6063-42,São Paulo,3550308,True,,34770,,,-23.809537,-46.662284,,,,2,2023-06-15T16:48:35+00:00
SAO_6063-42,São Paulo,3550308,True,,34770,,,-23.809384,-46.6617685,,,,2,2023-06-15T16:48:22+00:00
SAO_6063-42,São Paulo,3550308,True,,34770,,,-23.809403,-46.6612485,,,,2,2023-06-15T16:48:19+00:00
SAO_6063-42,São Paulo,3550308,True,,34770,,,-23.809403,-46.6612485,,,,2,2023-06-15T16:48:36+00:00
SAO_6063-42,São Paulo,3550308,True,,34770,,,-23.809403,-46.6612485,,,,2,2023-06-15T16:48:26+00:00
SAO_857R-41,São Paulo,3550308,True,,34795,,,-23.582046499999997,-46.63857,,,,2,2023-06-15T16:48:43+00:00
SAO_857R-41,São Paulo,3550308,True,,34795,,,-23.58401875,-46.637522875,,,,2,2023-06-15T16:48:09+00:00
SAO_857R-41,São Paulo,3550308,True,,34795,,,-23.582046499999997,-46.63857,,,,2,2023-06-15T16:48:27+00:00
SAO_857R-41,São Paulo,3550308,True,,34795,,,-23.582046499999997,-46.63857,,,,2,2023-06-15T16:48:11+00:00
SAO_857R-41,São Paulo,3550308,True,,34795,,,-23.580931749999998,-46.63935775,,,,2,2023-06-15T16:48:47+00:00
SAO_809H-10,São Paulo,3550308,True,,2245,,,-23.583437500000002,-46.78411199999999,,,,1,2023-06-15T16:48:27+00:00
SAO_809H-10,São Paulo,3550308,True,,2245,,,-23.5852045,-46.741275,,,,1,2023-06-15T16:48:05+00:00
SAO_809H-10,São Paulo,3550308,True,,2245,,,-23.584605500000002,-46.7827365,,,,1,2023-06-15T16:48:28+00:00
SAO_2590-10,São Paulo,3550308,True,,912,,,-23.537943499999997,-46.59782787500001,,,,1,2023-06-15T16:48:36+00:00
SAO_2590-10,São Paulo,3550308,True,,912,,,-23.4829785,-46.467121,,,,1,2023-06-15T16:48:15+00:00
SAO_2590-10,São Paulo,3550308,True,,912,,,-23.546245499999998,-46.631629000000004,,,,1,2023-06-15T16:48:11+00:00
SAO_2590-10,São Paulo,3550308,True,,912,,,-23.4829785,-46.467121,,,,1,2023-06-15T16:47:33+00:00
SAO_2590-10,São Paulo,3550308,True,,912,,,-23.4831755,-46.469648,,,,1,2023-06-15T16:47:44+00:00
SAO_2590-10,São Paulo,3550308,True,,912,,,-23.53650425,-46.5884185,,,,1,2023-06-15T16:48:40+00:00
SAO_4112-10,São Paulo,3550308,True,,767,,,-23.56399025,-46.63152575,,,,1,2023-06-15T16:48:17+00:00
SAO_4112-10,São Paulo,3550308,True,,767,,,-23.545286249999997,-46.63817075,,,,1,2023-06-15T16:48:31+00:00
SAO_4112-10,São Paulo,3550308,True,,767,,,-23.57681325,-46.62363,,,,1,2023-06-15T16:48:39+00:00
SAO_3023-10,São Paulo,3550308,True,,33728,,,-23.60563525,-46.47994,,,,2,2023-06-15T16:48:17+00:00
SAO_3023-10,São Paulo,3550308,True,,33728,,,-23.62387725,-46.471662,,,,2,2023-06-15T16:48:11+00:00
SAO_3023-10,São Paulo,3550308,True,,33728,,,-23.564251,-46.50513,,,,2,2023-06-15T16:48:39+00:00
SAO_3023-10,São Paulo,3550308,True,,33728,,,-23.563912000000002,-46.5052585,,,,2,2023-06-15T16:48:27+00:00
SAO_3023-10,São Paulo,3550308,True,,33728,,,-23.5846885,-46.491835,,,,2,2023-06-15T16:48:10+00:00
SAO_7002-10,São Paulo,3550308,True,,33540,,,-23.593145,-46.768757,,,,2,2023-06-15T16:48:12+00:00
SAO_7002-10,São Paulo,3550308,True,,33540,,,-23.563143,-46.690856,,,,2,2023-06-15T16:48:18+00:00
SAO_7002-10,São Paulo,3550308,True,,33540,,,-23.5900465,-46.769759500000006,,,,2,2023-06-15T16:48:44+00:00
SAO_7002-10,São Paulo,3550308,True,,33540,,,-23.588539500000003,-46.7541005,,,,2,2023-06-15T16:48:15+00:00
SAO_7002-10,São Paulo,3550308,True,,33540,,,-23.586468,-46.751402,,,,2,2023-06-15T16:48:33+00:00
SAO_7002-10,São Paulo,3550308,True,,33540,,,-23.586415000000002,-46.757244,,,,2,2023-06-15T16:48:34+00:00
SAO_7002-10,São Paulo,3550308,True,,33540,,,-23.556712750000003,-46.680143875,,,,2,2023-06-15T16:48:20+00:00
SAO_7002-10,São Paulo,3550308,True,,33540,,,-23.57169525,-46.7078775,,,,2,2023-06-15T16:48:33+00:00
SAO_7002-10,São Paulo,3550308,True,,33540,,,-23.590518,-46.76971475,,,,2,2023-06-15T16:48:11+00:00
SAO_1745-10,São Paulo,3550308,True,,33314,,,-23.514032,-46.6160385,,,,2,2023-06-15T16:48:35+00:00
SAO_1745-10,São Paulo,3550308,True,,33314,,,-23.472921,-46.665794000000005,,,,2,2023-06-15T16:48:23+00:00
SAO_1745-10,São Paulo,3550308,True,,33314,,,-23.5002,-46.631682,,,,2,2023-06-15T16:48:19+00:00
SAO_1745-10,São Paulo,3550308,True,,33314,,,-23.4710985,-46.661848000000006,,,,2,2023-06-15T16:47:56+00:00
SAO_1745-10,São Paulo,3550308,True,,33314,,,-23.473011999999997,-46.665725,,,,2,2023-06-15T16:48:06+00:00
SAO_5630-10,São Paulo,3550308,True,,32846,,,-23.66773375,-46.677854,,,,2,2023-06-15T16:48:28+00:00
SAO_5630-10,São Paulo,3550308,True,,32846,,,-23.7093575,-46.699754999999996,,,,2,2023-06-15T16:47:27+00:00
SAO_5630-10,São Paulo,3550308,True,,32846,,,-23.651652749999997,-46.678755249999995,,,,2,2023-06-15T16:44:59+00:00
SAO_5630-10,São Paulo,3550308,True,,32846,,,-23.62172475,-46.661924,,,,2,2023-06-15T16:48:43+00:00
SAO_5630-10,São Paulo,3550308,True,,32846,,,-23.577369750000003,-46.64466675,,,,2,2023-06-15T16:48:10+00:00
SAO_5630-10,São Paulo,3550308,True,,32846,,,-23.736172000000003,-46.696405,,,,2,2023-06-15T16:48:08+00:00
SAO_5630-10,São Paulo,3550308,True,,32846,,,-23.66463625,-46.67843525,,,,2,2023-06-15T16:48:42+00:00
SAO_7055-10,São Paulo,3550308,True,,1888,,,-23.6919635,-46.7907745,,,,1,2023-06-15T16:48:37+00:00
SAO_7055-10,São Paulo,3550308,True,,1888,,,-23.681823,-46.78384,,,,1,2023-06-15T16:48:13+00:00
SAO_7055-10,São Paulo,3550308,True,,1888,,,-23.650994750000002,-46.7789035,,,,1,2023-06-15T16:48:25+00:00
SAO_7055-10,São Paulo,3550308,True,,1888,,,-23.6919635,-46.7907745,,,,1,2023-06-15T16:48:08+00:00
SAO_7055-10,São Paulo,3550308,True,,1888,,,-23.6919635,-46.7907745,,,,1,2023-06-15T16:48:15+00:00
SAO_7055-10,São Paulo,3550308,True,,1888,,,-23.667064,-46.772805000000005,,,,1,2023-06-15T16:48:26+00:00
SAO_7055-10,São Paulo,3550308,True,,1888,,,-23.6919635,-46.7907745,,,,1,2023-06-15T16:48:33+00:00
SAO_709P-10,São Paulo,3550308,True,,1993,,,-23.565959,-46.6944145,,,,1,2023-06-15T16:48:29+00:00
SAO_709P-10,São Paulo,3550308,True,,1993,,,-23.648016499999997,-46.724995,,,,1,2023-06-15T16:48:22+00:00
SAO_709P-10,São Paulo,3550308,True,,1993,,,-23.612699499999998,-46.695493,,,,1,2023-06-15T16:48:04+00:00
SAO_709P-10,São Paulo,3550308,True,,1993,,,-23.56862075,-46.69213975,,,,1,2023-06-15T16:48:12+00:00
SAO_709P-10,São Paulo,3550308,True,,1993,,,-23.584504,-46.683096500000005,,,,1,2023-06-15T16:48:07+00:00
SAO_709P-10,São Paulo,3550308,True,,1993,,,-23.565931499999998,-46.702214,,,,1,2023-06-15T16:48:42+00:00
SAO_709P-10,São Paulo,3550308,True,,1993,,,-23.5728655,-46.689481625,,,,1,2023-06-15T16:48:44+00:00
SAO_707A-10,São Paulo,3550308,True,,1990,,,-23.65184325,-46.705374375,,,,1,2023-06-15T16:48:34+00:00
SAO_707A-10,São Paulo,3550308,True,,1990,,,-23.665875,-46.7128965,,,,1,2023-06-15T16:48:10+00:00
SAO_707A-10,São Paulo,3550308,True,,1990,,,-23.6858575,-46.7702995,,,,1,2023-06-15T16:48:38+00:00
SAO_707A-10,São Paulo,3550308,True,,1990,,,-23.6908025,-46.774752,,,,1,2023-06-15T16:48:35+00:00
SAO_707A-10,São Paulo,3550308,True,,1990,,,-23.6115755,-46.636469500000004,,,,1,2023-06-15T16:48:43+00:00
SAO_707A-10,São Paulo,3550308,True,,1990,,,-23.666204375,-46.716497874999995,,,,1,2023-06-15T16:48:05+00:00
SAO_707A-10,São Paulo,3550308,True,,1990,,,-23.604986500000003,-46.6496085,,,,1,2023-06-15T16:48:43+00:00
SAO_707A-10,São Paulo,3550308,True,,1990,,,-23.638472875,-46.69510575,,,,1,2023-06-15T16:48:40+00:00
SAO_707A-10,São Paulo,3550308,True,,1990,,,-23.6711235,-46.740194,,,,1,2023-06-15T16:48:31+00:00
SAO_707A-10,São Paulo,3550308,True,,1990,,,-23.618442,-46.6761025,,,,1,2023-06-15T16:48:42+00:00
SAO_707A-10,São Paulo,3550308,True,,1990,,,-23.6109875,-46.637339499999996,,,,1,2023-06-15T16:48:39+00:00
SAO_707A-10,São Paulo,3550308,True,,1990,,,-23.610695,-46.63744,,,,1,2023-06-15T16:48:31+00:00
SAO_9023-10,São Paulo,3550308,True,,34205,,,-23.4197105,-46.7166475,,,,2,2023-06-15T16:48:26+00:00
SAO_9023-10,São Paulo,3550308,True,,34205,,,-23.4196455,-46.717132,,,,2,2023-06-15T16:48:11+00:00
SAO_9023-10,São Paulo,3550308,True,,34205,,,-23.448962,-46.717008,,,,2,2023-06-15T16:48:02+00:00
SAO_9023-10,São Paulo,3550308,True,,34205,,,-23.419693000000002,-46.716714,,,,2,2023-06-15T16:47:47+00:00
SAO_9023-10,São Paulo,3550308,True,,34205,,,-23.4491785,-46.7169985,,,,2,2023-06-15T16:48:03+00:00
SAO_9023-10,São Paulo,3550308,True,,34205,,,-23.486517,-46.7267185,,,,2,2023-06-15T16:47:59+00:00
SAO_9023-10,São Paulo,3550308,True,,34205,,,-23.453335000000003,-46.7149255,,,,2,2023-06-15T16:48:06+00:00
SAO_9023-10,São Paulo,3550308,True,,34205,,,-23.419681500000003,-46.716796,,,,2,2023-06-15T16:47:51+00:00
SAO_9023-10,São Paulo,3550308,True,,34205,,,-23.4843705,-46.722626500000004,,,,2,2023-06-15T16:48:44+00:00
SAO_6084-10,São Paulo,3550308,True,,33937,,,-23.7691445,-46.6987515,,,,2,2023-06-15T16:48:02+00:00
SAO_6084-10,São Paulo,3550308,True,,33937,,,-23.7804005,-46.6732885,,,,2,2023-06-15T16:48:44+00:00
SAO_6084-10,São Paulo,3550308,True,,33937,,,-23.7804115,-46.6731975,,,,2,2023-06-15T16:48:33+00:00
SAO_6084-10,São Paulo,3550308,True,,33937,,,-23.7804115,-46.6731975,,,,2,2023-06-15T16:48:29+00:00
SAO_6084-10,São Paulo,3550308,True,,33937,,,-23.7804005,-46.6732885,,,,2,2023-06-15T16:48:28+00:00
SAO_5131-10,São Paulo,3550308,True,,1282,,,-23.645794,-46.671467,,,,1,2023-06-15T16:48:23+00:00
SAO_5131-10,São Paulo,3550308,True,,1282,,,-23.573643750000002,-46.65529775,,,,1,2023-06-15T16:48:45+00:00
SAO_119L-10,São Paulo,3550308,True,,2273,,,-23.451695,-46.78692375,,,,1,2023-06-15T16:48:01+00:00
SAO_119L-10,São Paulo,3550308,True,,2273,,,-23.522987999999998,-46.705582,,,,1,2023-06-15T16:48:35+00:00
SAO_1773-10,São Paulo,3550308,True,,637,,,-23.4826065,-46.6307425,,,,1,2023-06-15T16:48:30+00:00
SAO_1773-10,São Paulo,3550308,True,,637,,,-23.48877925,-46.62417,,,,1,2023-06-15T16:45:48+00:00
SAO_1773-10,São Paulo,3550308,True,,637,,,-23.461714,-46.60282599999999,,,,1,2023-06-15T16:48:03+00:00
SAO_1773-10,São Paulo,3550308,True,,637,,,-23.4826065,-46.6307425,,,,1,2023-06-15T16:48:07+00:00
SAO_1773-10,São Paulo,3550308,True,,637,,,-23.44134,-46.5881995,,,,1,2023-06-15T16:48:06+00:00
SAO_1773-10,São Paulo,3550308,True,,637,,,-23.48877925,-46.62417,,,,1,2023-06-15T16:45:16+00:00
SAO_5759-31,São Paulo,3550308,True,,33907,,,-23.6948495,-46.64830975,,,,2,2023-06-15T16:45:38+00:00
SAO_5759-31,São Paulo,3550308,True,,33907,,,-23.65198875,-46.665377250000006,,,,2,2023-06-15T16:48:33+00:00
SAO_5759-31,São Paulo,3550308,True,,33907,,,-23.6948495,-46.64830975,,,,2,2023-06-15T16:48:03+00:00
SAO_5759-31,São Paulo,3550308,True,,33907,,,-23.6948495,-46.64830975,,,,2,2023-06-15T16:48:24+00:00
SAO_5759-31,São Paulo,3550308,True,,33907,,,-23.635831,-46.64012,,,,2,2023-06-15T16:48:18+00:00
SAO_5759-31,São Paulo,3550308,True,,33907,,,-23.678421,-46.651288,,,,2,2023-06-15T16:45:28+00:00
SAO_6069-10,São Paulo,3550308,True,,33922,,,-23.7451965,-46.6944955,,,,2,2023-06-15T16:48:33+00:00
SAO_6069-10,São Paulo,3550308,True,,33922,,,-23.706274999999998,-46.70078,,,,2,2023-06-15T16:48:46+00:00
SAO_6069-10,São Paulo,3550308,True,,33922,,,-23.745113,-46.694419499999995,,,,2,2023-06-15T16:48:31+00:00
SAO_6069-10,São Paulo,3550308,True,,33922,,,-23.67100725,-46.712663750000004,,,,2,2023-06-15T16:48:08+00:00
SAO_6069-10,São Paulo,3550308,True,,33922,,,-23.7451965,-46.6944955,,,,2,2023-06-15T16:48:45+00:00
SAO_6069-10,São Paulo,3550308,True,,33922,,,-23.718930999999998,-46.698931,,,,2,2023-06-15T16:48:42+00:00
SAO_6069-10,São Paulo,3550308,True,,33922,,,-23.753162500000002,-46.710303499999995,,,,2,2023-06-15T16:48:12+00:00
SAO_7013-10,São Paulo,3550308,True,,33543,,,-23.590498500000002,-46.7371345,,,,2,2023-06-15T16:48:05+00:00
SAO_7013-10,São Paulo,3550308,True,,33543,,,-23.639699999999998,-46.7497905,,,,2,2023-06-15T16:48:19+00:00
SAO_7013-10,São Paulo,3550308,True,,33543,,,-23.6396455,-46.74996425,,,,2,2023-06-15T16:48:45+00:00
SAO_7013-10,São Paulo,3550308,True,,33543,,,-23.6396455,-46.74996425,,,,2,2023-06-15T16:48:07+00:00
SAO_7013-10,São Paulo,3550308,True,,33543,,,-23.624746000000002,-46.76548475,,,,2,2023-06-15T16:48:04+00:00
SAO_7013-10,São Paulo,3550308,True,,33543,,,-23.6399295,-46.749314,,,,2,2023-06-15T16:48:33+00:00
SAO_1783-10,São Paulo,3550308,True,,33412,,,-23.467452875,-46.6037565,,,,2,2023-06-15T16:48:02+00:00
SAO_1783-10,São Paulo,3550308,True,,33412,,,-23.398296000000002,-46.577902,,,,2,2023-06-15T16:48:23+00:00
SAO_1783-10,São Paulo,3550308,True,,33412,,,-23.4800045,-46.611047,,,,2,2023-06-15T16:48:05+00:00
SAO_1783-10,São Paulo,3550308,True,,33412,,,-23.398522,-46.578048,,,,2,2023-06-15T16:46:50+00:00
SAO_1783-10,São Paulo,3550308,True,,33412,,,-23.3984435,-46.5775775,,,,2,2023-06-15T16:48:29+00:00
SAO_1783-10,São Paulo,3550308,True,,33412,,,-23.398296000000002,-46.577902,,,,2,2023-06-15T16:48:11+00:00
SAO_1783-10,São Paulo,3550308,True,,33412,,,-23.424508000000003,-46.590768499999996,,,,2,2023-06-15T16:48:44+00:00
SAO_1783-10,São Paulo,3550308,True,,33412,,,-23.5020465,-46.62336450000001,,,,2,2023-06-15T16:48:29+00:00
SAO_1783-10,São Paulo,3550308,True,,33412,,,-23.398657,-46.577617000000004,,,,2,2023-06-15T16:48:32+00:00
SAO_8026-10,São Paulo,3550308,True,,34851,,,-23.604199,-46.749084499999995,,,,2,2023-06-15T16:48:13+00:00
SAO_8026-10,São Paulo,3550308,True,,34851,,,-23.632875,-46.7479035,,,,2,2023-06-15T16:48:03+00:00
SAO_8026-10,São Paulo,3550308,True,,34851,,,-23.618560000000002,-46.7456945,,,,2,2023-06-15T16:47:59+00:00
SAO_174M-10,São Paulo,3550308,True,,673,,,-23.481127,-46.611909,,,,1,2023-06-15T16:48:09+00:00
SAO_174M-10,São Paulo,3550308,True,,673,,,-23.538012375,-46.62068775,,,,1,2023-06-15T16:43:55+00:00
SAO_174M-10,São Paulo,3550308,True,,673,,,-23.48016775,-46.58053175,,,,1,2023-06-15T16:48:07+00:00
SAO_174M-10,São Paulo,3550308,True,,673,,,-23.5436655,-46.620252,,,,1,2023-06-15T16:48:31+00:00
SAO_174M-10,São Paulo,3550308,True,,673,,,-23.506689124999998,-46.624998625,,,,1,2023-06-15T16:48:27+00:00
SAO_3737-10,São Paulo,3550308,True,,1037,,,-23.530963999999997,-46.5181355,,,,1,2023-06-15T16:48:18+00:00
SAO_3737-10,São Paulo,3550308,True,,1037,,,-23.530354000000003,-46.5168625,,,,1,2023-06-15T16:48:33+00:00
SAO_3737-10,São Paulo,3550308,True,,1037,,,-23.530861,-46.517923999999994,,,,1,2023-06-15T16:48:01+00:00
SAO_3737-10,São Paulo,3550308,True,,1037,,,-23.530963999999997,-46.5181355,,,,1,2023-06-15T16:48:26+00:00
SAO_3737-10,São Paulo,3550308,True,,1037,,,-23.550670500000003,-46.508005,,,,1,2023-06-15T16:48:29+00:00
SAO_3737-10,São Paulo,3550308,True,,1037,,,-23.564895,-46.506786000000005,,,,1,2023-06-15T16:48:32+00:00
SAO_3737-10,São Paulo,3550308,True,,1037,,,-23.556069,-46.5067645,,,,1,2023-06-15T16:47:34+00:00
SAO_9166-10,São Paulo,3550308,True,,707,,,-23.461911999999998,-46.6661135,,,,1,2023-06-15T16:48:43+00:00
SAO_3732-10,São Paulo,3550308,True,,1029,,,-23.544618,-46.435395,,,,1,2023-06-15T16:48:25+00:00
SAO_3732-10,São Paulo,3550308,True,,1029,,,-23.5407675,-46.451876999999996,,,,1,2023-06-15T16:48:11+00:00
SAO_3732-10,São Paulo,3550308,True,,1029,,,-23.5425595,-46.469581500000004,,,,1,2023-06-15T16:48:19+00:00
SAO_3732-10,São Paulo,3550308,True,,1029,,,-23.539538,-46.4317025,,,,1,2023-06-15T16:48:19+00:00
SAO_3732-10,São Paulo,3550308,True,,1029,,,-23.5518955,-46.4451435,,,,1,2023-06-15T16:48:39+00:00
SAO_3732-10,São Paulo,3550308,True,,1029,,,-23.5423985,-46.469741,,,,1,2023-06-15T16:47:21+00:00
SAO_3732-10,São Paulo,3550308,True,,1029,,,-23.541017250000003,-46.4325235,,,,1,2023-06-15T16:48:10+00:00
SAO_3732-10,São Paulo,3550308,True,,1029,,,-23.539538,-46.4317025,,,,1,2023-06-15T16:48:30+00:00
SAO_3732-10,São Paulo,3550308,True,,1029,,,-23.539538,-46.4317025,,,,1,2023-06-15T16:48:13+00:00
SAO_5752-10,São Paulo,3550308,True,,34055,,,-23.690883999999997,-46.6502995,,,,2,2023-06-15T16:48:10+00:00
SAO_5752-10,São Paulo,3550308,True,,34055,,,-23.67482,-46.661744,,,,2,2023-06-15T16:48:25+00:00
SAO_5752-10,São Paulo,3550308,True,,34055,,,-23.635831,-46.64012,,,,2,2023-06-15T16:48:29+00:00
SAO_5752-10,São Paulo,3550308,True,,34055,,,-23.676828,-46.65915525,,,,2,2023-06-15T16:48:05+00:00
SAO_5752-10,São Paulo,3550308,True,,34055,,,-23.6908875,-46.650045000000006,,,,2,2023-06-15T16:48:26+00:00
SAO_5752-10,São Paulo,3550308,True,,34055,,,-23.690879,-46.649802,,,,2,2023-06-15T16:48:12+00:00
SAO_5752-10,São Paulo,3550308,True,,34055,,,-23.650876500000003,-46.647516,,,,2,2023-06-15T16:48:45+00:00
SAO_5752-10,São Paulo,3550308,True,,34055,,,-23.679766,-46.655376125000004,,,,2,2023-06-15T16:45:55+00:00
SAO_5752-10,São Paulo,3550308,True,,34055,,,-23.639122,-46.642691,,,,2,2023-06-15T16:48:45+00:00
SAO_5141-10,São Paulo,3550308,True,,34393,,,-23.541693625,-46.630030375000004,,,,2,2023-06-15T16:48:29+00:00
SAO_5141-10,São Paulo,3550308,True,,34393,,,-23.602347125,-46.510774999999995,,,,2,2023-06-15T16:48:41+00:00
SAO_5141-10,São Paulo,3550308,True,,34393,,,-23.614544,-46.500679,,,,2,2023-06-15T16:48:36+00:00
SAO_5141-10,São Paulo,3550308,True,,34393,,,-23.564449624999998,-46.570992,,,,2,2023-06-15T16:48:05+00:00
SAO_5141-10,São Paulo,3550308,True,,34393,,,-23.6139405,-46.501206499999995,,,,2,2023-06-15T16:48:07+00:00
SAO_5141-10,São Paulo,3550308,True,,34393,,,-23.579301,-46.54119575,,,,2,2023-06-15T16:48:35+00:00
SAO_374M-10,São Paulo,3550308,True,,34733,,,-23.494802,-46.497136,,,,2,2023-06-15T16:47:18+00:00
SAO_374M-10,São Paulo,3550308,True,,34733,,,-23.519088,-46.511860999999996,,,,2,2023-06-15T16:47:14+00:00
SAO_407A-10,São Paulo,3550308,True,,2194,,,-23.562586,-46.5548495,,,,1,2023-06-15T16:48:16+00:00
SAO_407A-10,São Paulo,3550308,True,,2194,,,-23.582534,-46.535691,,,,1,2023-06-15T16:48:31+00:00
SAO_407A-10,São Paulo,3550308,True,,2194,,,-23.556195375,-46.575081374999996,,,,1,2023-06-15T16:48:04+00:00
SAO_407A-10,São Paulo,3550308,True,,2194,,,-23.54073725,-46.61304925,,,,1,2023-06-15T16:48:41+00:00
SAO_407A-10,São Paulo,3550308,True,,2194,,,-23.566796,-46.507122499999994,,,,1,2023-06-15T16:48:15+00:00
SAO_407A-10,São Paulo,3550308,True,,2194,,,-23.5631345,-46.501291499999994,,,,1,2023-06-15T16:48:46+00:00
SAO_8700-10,São Paulo,3550308,True,,34645,,,-23.6309525,-46.773810499999996,,,,2,2023-06-15T16:48:27+00:00
SAO_8700-10,São Paulo,3550308,True,,34645,,,-23.612126,-46.754433,,,,2,2023-06-15T16:48:24+00:00
SAO_8700-10,São Paulo,3550308,True,,34645,,,-23.631153500000003,-46.7733425,,,,2,2023-06-15T16:48:31+00:00
SAO_8700-10,São Paulo,3550308,True,,34645,,,-23.57676,-46.70782225,,,,2,2023-06-15T16:48:45+00:00
SAO_8700-10,São Paulo,3550308,True,,34645,,,-23.631026499999997,-46.773642,,,,2,2023-06-15T16:48:24+00:00
SAO_8700-10,São Paulo,3550308,True,,34645,,,-23.560107,-46.67144275,,,,2,2023-06-15T16:48:21+00:00
SAO_8700-10,São Paulo,3550308,True,,34645,,,-23.631218,-46.773197499999995,,,,2,2023-06-15T16:48:44+00:00
SAO_8700-10,São Paulo,3550308,True,,34645,,,-23.631579000000002,-46.772447,,,,2,2023-06-15T16:48:18+00:00
SAO_8700-10,São Paulo,3550308,True,,34645,,,-23.631587000000003,-46.771556000000004,,,,2,2023-06-15T16:48:29+00:00
SAO_8700-10,São Paulo,3550308,True,,34645,,,-23.556589000000002,-46.665531,,,,2,2023-06-15T16:48:44+00:00
SAO_8700-10,São Paulo,3550308,True,,34645,,,-23.549295,-46.65299950000001,,,,2,2023-06-15T16:48:43+00:00
SAO_8700-10,São Paulo,3550308,True,,34645,,,-23.622577,-46.762322499999996,,,,2,2023-06-15T16:48:21+00:00
SAO_8700-10,São Paulo,3550308,True,,34645,,,-23.60130325,-46.743193500000004,,,,2,2023-06-15T16:48:38+00:00
SAO_8700-10,São Paulo,3550308,True,,34645,,,-23.6310935,-46.773485,,,,2,2023-06-15T16:48:07+00:00
SAO_8700-10,São Paulo,3550308,True,,34645,,,-23.63142725,-46.77140775,,,,2,2023-06-15T16:48:19+00:00
SAO_8700-10,São Paulo,3550308,True,,34645,,,-23.604568,-46.745587,,,,2,2023-06-15T16:48:42+00:00
SAO_8010-10,São Paulo,3550308,True,,798,,,-23.419342999999998,-46.7491585,,,,1,2023-06-15T16:48:33+00:00
SAO_8010-10,São Paulo,3550308,True,,798,,,-23.51816525,-46.70211325,,,,1,2023-06-15T16:48:11+00:00
SAO_8010-10,São Paulo,3550308,True,,798,,,-23.4306765,-46.7207355,,,,1,2023-06-15T16:48:12+00:00
SAO_8010-10,São Paulo,3550308,True,,798,,,-23.51816525,-46.70211325,,,,1,2023-06-15T16:48:08+00:00
SAO_8010-10,São Paulo,3550308,True,,798,,,-23.505291,-46.7118595,,,,1,2023-06-15T16:48:43+00:00
SAO_8010-10,São Paulo,3550308,True,,798,,,-23.407767,-46.75851575,,,,1,2023-06-15T16:48:41+00:00
SAO_8010-10,São Paulo,3550308,True,,798,,,-23.421867,-46.728716250000005,,,,1,2023-06-15T16:48:16+00:00
SAO_875C-10,São Paulo,3550308,True,,33246,,,-23.56998325,-46.691308250000006,,,,2,2023-06-15T16:48:12+00:00
SAO_875C-10,São Paulo,3550308,True,,33246,,,-23.53843775,-46.7193715,,,,2,2023-06-15T16:48:27+00:00
SAO_875C-10,São Paulo,3550308,True,,33246,,,-23.52087225,-46.70017,,,,2,2023-06-15T16:48:42+00:00
SAO_875C-10,São Paulo,3550308,True,,33246,,,-23.597279999999998,-46.667833,,,,2,2023-06-15T16:48:32+00:00
SAO_875C-10,São Paulo,3550308,True,,33246,,,-23.52928,-46.7111905,,,,2,2023-06-15T16:48:29+00:00
SAO_875C-10,São Paulo,3550308,True,,33246,,,-23.597820500000005,-46.6497785,,,,2,2023-06-15T16:48:40+00:00
SAO_875C-10,São Paulo,3550308,True,,33246,,,-23.519776,-46.70033,,,,2,2023-06-15T16:48:32+00:00
SAO_875C-10,São Paulo,3550308,True,,33246,,,-23.551403999999998,-46.706436499999995,,,,2,2023-06-15T16:48:30+00:00
SAO_875C-10,São Paulo,3550308,True,,33246,,,-23.532461,-46.712982499999995,,,,2,2023-06-15T16:48:05+00:00
SAO_875C-10,São Paulo,3550308,True,,33246,,,-23.52693075,-46.7022025,,,,2,2023-06-15T16:48:21+00:00
SAO_875C-10,São Paulo,3550308,True,,33246,,,-23.603703625,-46.657714999999996,,,,2,2023-06-15T16:48:13+00:00
SAO_875C-10,São Paulo,3550308,True,,33246,,,-23.572158,-46.689937,,,,2,2023-06-15T16:48:36+00:00
SAO_577T-10,São Paulo,3550308,True,,1291,,,-23.601466625,-46.64305625,,,,1,2023-06-15T16:48:31+00:00
SAO_577T-10,São Paulo,3550308,True,,1291,,,-23.658933,-46.65658225,,,,1,2023-06-15T16:48:17+00:00
SAO_736I-10,São Paulo,3550308,True,STT,781,https://moovitapp.com/index/pt-br/transporte_p%C3%BAblico-line-781-Sao_Paulo-242-850661-183349-0,5.3,-23.634501999999998,-46.7476895,,,,1,2023-06-15T16:48:06+00:00
SAO_736I-10,São Paulo,3550308,True,STT,781,https://moovitapp.com/index/pt-br/transporte_p%C3%BAblico-line-781-Sao_Paulo-242-850661-183349-0,5.3,-23.632875,-46.7479035,,,,1,2023-06-15T16:48:34+00:00
SAO_736I-10,São Paulo,3550308,True,STT,781,https://moovitapp.com/index/pt-br/transporte_p%C3%BAblico-line-781-Sao_Paulo-242-850661-183349-0,5.3,-23.637562250000002,-46.719127,,,,1,2023-06-15T16:48:14+00:00
SAO_736I-10,São Paulo,3550308,True,STT,781,https://moovitapp.com/index/pt-br/transporte_p%C3%BAblico-line-781-Sao_Paulo-242-850661-183349-0,5.3,-23.644592,-46.725354,,,,1,2023-06-15T16:48:29+00:00
SAO_736I-10,São Paulo,3550308,True,STT,781,https://moovitapp.com/index/pt-br/transporte_p%C3%BAblico-line-781-Sao_Paulo-242-850661-183349-0,5.3,-23.639094625,-46.717463124999995,,,,1,2023-06-15T16:48:09+00:00
SAO_736I-10,São Paulo,3550308,True,STT,781,https://moovitapp.com/index/pt-br/transporte_p%C3%BAblico-line-781-Sao_Paulo-242-850661-183349-0,5.3,-23.6398675,-46.748884000000004,,,,1,2023-06-15T16:48:25+00:00
SAO_736I-10,São Paulo,3550308,True,STT,781,https://moovitapp.com/index/pt-br/transporte_p%C3%BAblico-line-781-Sao_Paulo-242-850661-183349-0,5.3,-23.632875,-46.7479035,,,,1,2023-06-15T16:48:29+00:00
SAO_736I-10,São Paulo,3550308,True,STT,781,https://moovitapp.com/index/pt-br/transporte_p%C3%BAblico-line-781-Sao_Paulo-242-850661-183349-0,5.3,-23.644140999999998,-46.731308,,,,1,2023-06-15T16:45:45+00:00
SAO_736I-10,São Paulo,3550308,True,STT,781,https://moovitapp.com/index/pt-br/transporte_p%C3%BAblico-line-781-Sao_Paulo-242-850661-183349-0,5.3,-23.632875,-46.7479035,,,,1,2023-06-15T16:48:25+00:00
SAO_736I-10,São Paulo,3550308,True,STT,781,https://moovitapp.com/index/pt-br/transporte_p%C3%BAblico-line-781-Sao_Paulo-242-850661-183349-0,5.3,-23.6404575,-46.7467605,,,,1,2023-06-15T16:48:27+00:00
SAO_736I-10,São Paulo,3550308,True,STT,781,https://moovitapp.com/index/pt-br/transporte_p%C3%BAblico-line-781-Sao_Paulo-242-850661-183349-0,5.3,-23.6442315,-46.733836,,,,1,2023-06-15T16:48:04+00:00
SAO_736I-10,São Paulo,3550308,True,STT,781,https://moovitapp.com/index/pt-br/transporte_p%C3%BAblico-line-781-Sao_Paulo-242-850661-183349-0,5.3,-23.632875,-46.7479035,,,,1,2023-06-15T16:48:31+00:00
SAO_5317-10,São Paulo,3550308,True,,69,,,-23.585667,-46.6529695,,,,1,2023-06-15T16:48:26+00:00
SAO_5317-10,São Paulo,3550308,True,,69,,,-23.613378875,-46.671331374999994,,,,1,2023-06-15T16:48:34+00:00
SAO_5317-10,São Paulo,3550308,True,,69,,,-23.71901475,-46.67920225,,,,1,2023-06-15T16:46:24+00:00
SAO_5317-10,São Paulo,3550308,True,,69,,,-23.7212425,-46.6767315,,,,1,2023-06-15T16:48:16+00:00
SAO_5317-10,São Paulo,3550308,True,,69,,,-23.67589725,-46.69509012499999,,,,1,2023-06-15T16:48:20+00:00
SAO_2678-10,São Paulo,3550308,True,,33151,,,-23.493909000000002,-46.416891500000006,,,,2,2023-06-15T16:48:43+00:00
SAO_2678-10,São Paulo,3550308,True,,33151,,,-23.510859500000002,-46.508542750000004,,,,2,2023-06-15T16:48:41+00:00
SAO_2678-10,São Paulo,3550308,True,,33151,,,-23.493635249999997,-46.376825374999996,,,,2,2023-06-15T16:48:04+00:00
SAO_2678-10,São Paulo,3550308,True,,33151,,,-23.494897375,-46.408320125,,,,2,2023-06-15T16:48:41+00:00
SAO_2678-10,São Paulo,3550308,True,,33151,,,-23.502336,-46.471188,,,,2,2023-06-15T16:48:15+00:00
SAO_2678-10,São Paulo,3550308,True,,33151,,,-23.507468000000003,-46.488611,,,,2,2023-06-15T16:48:12+00:00
SAO_2678-10,São Paulo,3550308,True,,33151,,,-23.492154,-46.445614500000005,,,,2,2023-06-15T16:48:41+00:00
SAO_2678-10,São Paulo,3550308,True,,33151,,,-23.491763249999998,-46.44694775000001,,,,2,2023-06-15T16:48:44+00:00
SAO_2678-10,São Paulo,3550308,True,,33151,,,-23.535182374999998,-46.58226225,,,,2,2023-06-15T16:46:39+00:00
SAO_2678-10,São Paulo,3550308,True,,33151,,,-23.498027625,-46.39716475,,,,2,2023-06-15T16:48:22+00:00
SAO_2678-10,São Paulo,3550308,True,,33151,,,-23.4938845,-46.37678150000001,,,,2,2023-06-15T16:48:34+00:00
SAO_3064-10,São Paulo,3550308,True,Urubupungá,980,https://moovitapp.com/index/pt-br/transporte_p%C3%BAblico-line-980-Sao_Paulo-242-873835-76224585-0,4.6,-23.5600345,-46.4156875,,,,1,2023-06-15T16:48:30+00:00
SAO_3064-10,São Paulo,3550308,True,Urubupungá,980,https://moovitapp.com/index/pt-br/transporte_p%C3%BAblico-line-980-Sao_Paulo-242-873835-76224585-0,4.6,-23.574156000000002,-46.415991500000004,,,,1,2023-06-15T16:48:22+00:00
SAO_3064-10,São Paulo,3550308,True,Urubupungá,980,https://moovitapp.com/index/pt-br/transporte_p%C3%BAblico-line-980-Sao_Paulo-242-873835-76224585-0,4.6,-23.546488,-46.411582,,,,1,2023-06-15T16:48:05+00:00
SAO_3064-10,São Paulo,3550308,True,Urubupungá,980,https://moovitapp.com/index/pt-br/transporte_p%C3%BAblico-line-980-Sao_Paulo-242-873835-76224585-0,4.6,-23.5874595,-46.4091825,,,,1,2023-06-15T16:47:59+00:00
SAO_3064-10,São Paulo,3550308,True,Urubupungá,980,https://moovitapp.com/index/pt-br/transporte_p%C3%BAblico-line-980-Sao_Paulo-242-873835-76224585-0,4.6,-23.601703999999998,-46.3988755,,,,1,2023-06-15T16:48:39+00:00
SAO_3064-10,São Paulo,3550308,True,Urubupungá,980,https://moovitapp.com/index/pt-br/transporte_p%C3%BAblico-line-980-Sao_Paulo-242-873835-76224585-0,4.6,-23.58160375,-46.410514875000004,,,,1,2023-06-15T16:48:38+00:00
SAO_3027-10,São Paulo,3550308,True,,33731,,,-23.554782125,-46.4542,,,,2,2023-06-15T16:48:47+00:00
SAO_3027-10,São Paulo,3550308,True,,33731,,,-23.5634105,-46.5054495,,,,2,2023-06-15T16:48:43+00:00
SAO_3027-10,São Paulo,3550308,True,,33731,,,-23.5634105,-46.5054495,,,,2,2023-06-15T16:48:30+00:00
SAO_3027-10,São Paulo,3550308,True,,33731,,,-23.543135,-46.416255500000005,,,,2,2023-06-15T16:48:22+00:00
SAO_3027-10,São Paulo,3550308,True,,33731,,,-23.54019125,-46.436308749999995,,,,2,2023-06-15T16:48:05+00:00
SAO_3027-10,São Paulo,3550308,True,,33731,,,-23.575232749999998,-46.503189250000005,,,,2,2023-06-15T16:48:16+00:00
SAO_4288-10,São Paulo,3550308,True,Cidade de Caieiras,290,https://moovitapp.com/index/pt-br/transporte_p%C3%BAblico-line-290-Sao_Paulo-242-868761-496416-0,5.0,-23.60614275,-46.53085475,,,,1,2023-06-15T16:48:00+00:00
SAO_4288-10,São Paulo,3550308,True,Cidade de Caieiras,290,https://moovitapp.com/index/pt-br/transporte_p%C3%BAblico-line-290-Sao_Paulo-242-868761-496416-0,5.0,-23.5492115,-46.629487499999996,,,,1,2023-06-15T16:48:04+00:00
SAO_6021-10,São Paulo,3550308,True,EMTU,177,https://moovitapp.com/index/pt-br/transporte_p%C3%BAblico-line-177-Sao_Paulo-242-2038937-36419313-0,5.2,-23.7668205,-46.716344500000005,,,,1,2023-06-15T16:48:25+00:00
SAO_6021-10,São Paulo,3550308,True,EMTU,177,https://moovitapp.com/index/pt-br/transporte_p%C3%BAblico-line-177-Sao_Paulo-242-2038937-36419313-0,5.2,-23.7668205,-46.716344500000005,,,,1,2023-06-15T16:48:14+00:00
SAO_6021-10,São Paulo,3550308,True,EMTU,177,https://moovitapp.com/index/pt-br/transporte_p%C3%BAblico-line-177-Sao_Paulo-242-2038937-36419313-0,5.2,-23.7668205,-46.716344500000005,,,,1,2023-06-15T16:48:10+00:00
SAO_701U-10,São Paulo,3550308,True,,33425,,,-23.502498000000003,-46.62359549999999,,,,2,2023-06-15T16:48:24+00:00
SAO_701U-10,São Paulo,3550308,True,,33425,,,-23.552488,-46.732138,,,,2,2023-06-15T16:48:30+00:00
SAO_407G-10,São Paulo,3550308,True,,34964,,,-23.615871499999997,-46.46024775,,,,2,2023-06-15T16:48:28+00:00
SAO_407G-10,São Paulo,3550308,True,,34964,,,-23.604561500000003,-46.4428955,,,,2,2023-06-15T16:48:15+00:00
SAO_407G-10,São Paulo,3550308,True,,34964,,,-23.60103025,-46.48385275,,,,2,2023-06-15T16:47:56+00:00
SAO_407G-10,São Paulo,3550308,True,,34964,,,-23.61138675,-46.43386674999999,,,,2,2023-06-15T16:48:03+00:00
SAO_407G-10,São Paulo,3550308,True,,34964,,,-23.61138675,-46.43386674999999,,,,2,2023-06-15T16:48:36+00:00
SAO_407G-10,São Paulo,3550308,True,,34964,,,-23.538373,-46.5628095,,,,2,2023-06-15T16:46:01+00:00
SAO_407G-10,São Paulo,3550308,True,,34964,,,-23.61114025,-46.43407825,,,,2,2023-06-15T16:48:42+00:00
SAO_407G-10,São Paulo,3550308,True,,34964,,,-23.6150615,-46.470304999999996,,,,2,2023-06-15T16:48:44+00:00
SAO_407G-10,São Paulo,3550308,True,,34964,,,-23.611837,-46.4334745,,,,2,2023-06-15T16:48:35+00:00
SAO_407G-10,São Paulo,3550308,True,,34964,,,-23.552569,-46.520155,,,,2,2023-06-15T16:48:22+00:00
SAO_407G-10,São Paulo,3550308,True,,34964,,,-23.60778075,-46.435561,,,,2,2023-06-15T16:48:04+00:00
SAO_407G-10,São Paulo,3550308,True,,34964,,,-23.57498425,-46.50337175,,,,2,2023-06-15T16:48:10+00:00
SAO_407G-10,São Paulo,3550308,True,,34964,,,-23.61138675,-46.43386674999999,,,,2,2023-06-15T16:48:36+00:00
SAO_407G-10,São Paulo,3550308,True,,34964,,,-23.61114025,-46.43407825,,,,2,2023-06-15T16:48:03+00:00
SAO_407G-10,São Paulo,3550308,True,,34964,,,-23.61114025,-46.43407825,,,,2,2023-06-15T16:48:36+00:00
SAO_407G-10,São Paulo,3550308,True,,34964,,,-23.61114025,-46.43407825,,,,2,2023-06-15T16:48:06+00:00
SAO_709M-10,São Paulo,3550308,True,,2462,,,-23.5733195,-46.689200125,,,,1,2023-06-15T16:48:22+00:00
SAO_709M-10,São Paulo,3550308,True,,2462,,,-23.568316250000002,-46.69236525,,,,1,2023-06-15T16:48:22+00:00
SAO_709M-10,São Paulo,3550308,True,,2462,,,-23.601469,-46.691407,,,,1,2023-06-15T16:48:25+00:00
SAO_709M-10,São Paulo,3550308,True,,2462,,,-23.56530775,-46.69691525,,,,1,2023-06-15T16:48:11+00:00
SAO_709M-10,São Paulo,3550308,True,,2462,,,-23.588283,-46.685081499999995,,,,1,2023-06-15T16:48:37+00:00
SAO_709M-10,São Paulo,3550308,True,,2462,,,-23.566360500000002,-46.701766500000005,,,,1,2023-06-15T16:48:06+00:00
SAO_709M-10,São Paulo,3550308,True,,2462,,,-23.63470675,-46.693451875,,,,1,2023-06-15T16:48:32+00:00
SAO_746H-10,São Paulo,3550308,True,STT,785,https://moovitapp.com/index/pt-br/transporte_p%C3%BAblico-line-785-Sao_Paulo-242-850661-183353-0,5.3,-23.6491045,-46.7063595,,,,1,2023-06-15T16:48:30+00:00
SAO_746H-10,São Paulo,3550308,True,STT,785,https://moovitapp.com/index/pt-br/transporte_p%C3%BAblico-line-785-Sao_Paulo-242-850661-183353-0,5.3,-23.5858995,-46.724471,,,,1,2023-06-15T16:48:24+00:00
SAO_746H-10,São Paulo,3550308,True,STT,785,https://moovitapp.com/index/pt-br/transporte_p%C3%BAblico-line-785-Sao_Paulo-242-850661-183353-0,5.3,-23.6376725,-46.718270875,,,,1,2023-06-15T16:48:10+00:00
SAO_746H-10,São Paulo,3550308,True,STT,785,https://moovitapp.com/index/pt-br/transporte_p%C3%BAblico-line-785-Sao_Paulo-242-850661-183353-0,5.3,-23.5936725,-46.753572500000004,,,,1,2023-06-15T16:48:20+00:00
SAO_746H-10,São Paulo,3550308,True,STT,785,https://moovitapp.com/index/pt-br/transporte_p%C3%BAblico-line-785-Sao_Paulo-242-850661-183353-0,5.3,-23.638214499999997,-46.717961375,,,,1,2023-06-15T16:48:29+00:00
SAO_746H-10,São Paulo,3550308,True,STT,785,https://moovitapp.com/index/pt-br/transporte_p%C3%BAblico-line-785-Sao_Paulo-242-850661-183353-0,5.3,-23.649411999999998,-46.7066835,,,,1,2023-06-15T16:48:21+00:00
SAO_746H-10,São Paulo,3550308,True,STT,785,https://moovitapp.com/index/pt-br/transporte_p%C3%BAblico-line-785-Sao_Paulo-242-850661-183353-0,5.3,-23.61074325,-46.727450000000005,,,,1,2023-06-15T16:48:36+00:00
SAO_746H-10,São Paulo,3550308,True,STT,785,https://moovitapp.com/index/pt-br/transporte_p%C3%BAblico-line-785-Sao_Paulo-242-850661-183353-0,5.3,-23.5970005,-46.7504085,,,,1,2023-06-15T16:48:31+00:00
SAO_746H-10,São Paulo,3550308,True,STT,785,https://moovitapp.com/index/pt-br/transporte_p%C3%BAblico-line-785-Sao_Paulo-242-850661-183353-0,5.3,-23.62803225,-46.73590874999999,,,,1,2023-06-15T16:48:16+00:00
SAO_746H-10,São Paulo,3550308,True,STT,785,https://moovitapp.com/index/pt-br/transporte_p%C3%BAblico-line-785-Sao_Paulo-242-850661-183353-0,5.3,-23.6492675,-46.7064685,,,,1,2023-06-15T16:48:40+00:00
SAO_746H-10,São Paulo,3550308,True,STT,785,https://moovitapp.com/index/pt-br/transporte_p%C3%BAblico-line-785-Sao_Paulo-242-850661-183353-0,5.3,-23.5936725,-46.753572500000004,,,,1,2023-06-15T16:48:36+00:00
SAO_746H-10,São Paulo,3550308,True,STT,785,https://moovitapp.com/index/pt-br/transporte_p%C3%BAblico-line-785-Sao_Paulo-242-850661-183353-0,5.3,-23.6491045,-46.7063595,,,,1,2023-06-15T16:48:37+00:00
SAO_746H-10,São Paulo,3550308,True,STT,785,https://moovitapp.com/index/pt-br/transporte_p%C3%BAblico-line-785-Sao_Paulo-242-850661-183353-0,5.3,-23.637364750000003,-46.718711,,,,1,2023-06-15T16:48:10+00:00
SAO_9018-10,São Paulo,3550308,True,,34039,,,-23.470406500000003,-46.721548999999996,,,,2,2023-06-15T16:48:09+00:00
SAO_9018-10,São Paulo,3550308,True,,34039,,,-23.470133500000003,-46.7216755,,,,2,2023-06-15T16:48:31+00:00
SAO_9018-10,São Paulo,3550308,True,,34039,,,-23.486429,-46.726637,,,,2,2023-06-15T16:48:10+00:00
SAO_1034-10,São Paulo,3550308,True,,35220,,,-23.4704835,-46.7104185,,,,2,2023-06-15T16:48:40+00:00
SAO_1034-10,São Paulo,3550308,True,,35220,,,-23.47114175,-46.71015375,,,,2,2023-06-15T16:48:32+00:00
SAO_1034-10,São Paulo,3550308,True,,35220,,,-23.47083525,-46.71026325,,,,2,2023-06-15T16:48:44+00:00
SAO_1034-10,São Paulo,3550308,True,,35220,,,-23.485733,-46.711057999999994,,,,2,2023-06-15T16:48:05+00:00
SAO_1034-10,São Paulo,3550308,True,,35220,,,-23.470665500000003,-46.7103375,,,,2,2023-06-15T16:48:17+00:00
SAO_5632-10,São Paulo,3550308,True,,32849,,,-23.73809,-46.709101000000004,,,,2,2023-06-15T16:48:18+00:00
SAO_5632-10,São Paulo,3550308,True,,32849,,,-23.609696,-46.6680365,,,,2,2023-06-15T16:48:21+00:00
SAO_5632-10,São Paulo,3550308,True,,32849,,,-23.549850999999997,-46.636483,,,,2,2023-06-15T16:48:21+00:00
SAO_5632-10,São Paulo,3550308,True,,32849,,,-23.7379495,-46.7091505,,,,2,2023-06-15T16:48:05+00:00
SAO_5632-10,São Paulo,3550308,True,,32849,,,-23.6881275,-46.71470775,,,,2,2023-06-15T16:48:15+00:00
SAO_5632-10,São Paulo,3550308,True,,32849,,,-23.7255375,-46.7039075,,,,2,2023-06-15T16:48:36+00:00
SAO_5632-10,São Paulo,3550308,True,,32849,,,-23.738264,-46.7090185,,,,2,2023-06-15T16:48:10+00:00
SAO_5632-10,São Paulo,3550308,True,,32849,,,-23.689193500000002,-46.7147475,,,,2,2023-06-15T16:48:31+00:00
SAO_5632-10,São Paulo,3550308,True,,32849,,,-23.641119,-46.6987415,,,,2,2023-06-15T16:48:38+00:00
SAO_6028-10,São Paulo,3550308,True,,1211,,,-23.653927,-46.710094,,,,1,2023-06-15T16:48:14+00:00
SAO_6028-10,São Paulo,3550308,True,,1211,,,-23.693113,-46.7572035,,,,1,2023-06-15T16:48:32+00:00
SAO_6028-10,São Paulo,3550308,True,,1211,,,-23.6852855,-46.7413745,,,,1,2023-06-15T16:48:45+00:00
SAO_6028-10,São Paulo,3550308,True,,1211,,,-23.665875,-46.7128965,,,,1,2023-06-15T16:48:11+00:00
SAO_1036-10,São Paulo,3550308,True,,2453,,,-23.447921,-46.708813500000005,,,,1,2023-06-15T16:48:24+00:00
SAO_1036-10,São Paulo,3550308,True,,2453,,,-23.485856,-46.71054650000001,,,,1,2023-06-15T16:48:14+00:00
SAO_1036-10,São Paulo,3550308,True,,2453,,,-23.447775,-46.708842000000004,,,,1,2023-06-15T16:48:33+00:00
SAO_1036-10,São Paulo,3550308,True,,2453,,,-23.448158,-46.7087345,,,,1,2023-06-15T16:48:35+00:00
SAO_1036-10,São Paulo,3550308,True,,2453,,,-23.447775,-46.708842000000004,,,,1,2023-06-15T16:48:43+00:00
SAO_1036-10,São Paulo,3550308,True,,2453,,,-23.447775,-46.708842000000004,,,,1,2023-06-15T16:48:32+00:00
SAO_1036-10,São Paulo,3550308,True,,2453,,,-23.4683415,-46.7134635,,,,1,2023-06-15T16:48:41+00:00
SAO_1036-10,São Paulo,3550308,True,,2453,,,-23.447921,-46.708813500000005,,,,1,2023-06-15T16:48:28+00:00
SAO_1036-10,São Paulo,3550308,True,,2453,,,-23.455490500000003,-46.712858,,,,1,2023-06-15T16:48:32+00:00
SAO_1036-10,São Paulo,3550308,True,,2453,,,-23.4468465,-46.7082475,,,,1,2023-06-15T16:46:21+00:00
SAO_4732-31,São Paulo,3550308,True,,34895,,,-23.6184455,-46.638504499999996,,,,2,2023-06-15T16:48:27+00:00
SAO_4732-31,São Paulo,3550308,True,,34895,,,-23.6257085,-46.615691,,,,2,2023-06-15T16:48:28+00:00
SAO_4732-31,São Paulo,3550308,True,,34895,,,-23.6176555,-46.638476125000004,,,,2,2023-06-15T16:48:36+00:00
SAO_4732-31,São Paulo,3550308,True,,34895,,,-23.647717,-46.6011795,,,,2,2023-06-15T16:48:17+00:00
SAO_4732-31,São Paulo,3550308,True,,34895,,,-23.647584000000002,-46.6004335,,,,2,2023-06-15T16:48:03+00:00
SAO_4732-31,São Paulo,3550308,True,,34895,,,-23.6184455,-46.638504499999996,,,,2,2023-06-15T16:48:27+00:00
SAO_4732-31,São Paulo,3550308,True,,34895,,,-23.640981875,-46.596758750000006,,,,2,2023-06-15T16:48:39+00:00
SAO_4732-31,São Paulo,3550308,True,,34895,,,-23.650346749999997,-46.595671,,,,2,2023-06-15T16:48:12+00:00
SAO_4732-31,São Paulo,3550308,True,,34895,,,-23.6475205,-46.6008525,,,,2,2023-06-15T16:48:37+00:00
SAO_175T-10,São Paulo,3550308,True,,623,,,-23.6386825,-46.6578225,,,,1,2023-06-15T16:48:01+00:00
SAO_175T-10,São Paulo,3550308,True,,623,,,-23.653136,-46.6373365,,,,1,2023-06-15T16:48:20+00:00
SAO_175T-10,São Paulo,3550308,True,,623,,,-23.6539315,-46.637958,,,,1,2023-06-15T16:48:13+00:00
SAO_175T-10,São Paulo,3550308,True,,623,,,-23.523128749999998,-46.63078325,,,,1,2023-06-15T16:48:27+00:00
SAO_175T-10,São Paulo,3550308,True,,623,,,-23.653136,-46.6373365,,,,1,2023-06-15T16:48:35+00:00
SAO_175T-10,São Paulo,3550308,True,,623,,,-23.600917250000002,-46.6514215,,,,1,2023-06-15T16:48:25+00:00
SAO_175T-10,São Paulo,3550308,True,,623,,,-23.652393500000002,-46.6374895,,,,1,2023-06-15T16:48:43+00:00
SAO_175T-10,São Paulo,3550308,True,,623,,,-23.653689999999997,-46.6379405,,,,1,2023-06-15T16:48:30+00:00
SAO_175T-10,São Paulo,3550308,True,,623,,,-23.5358959375,-46.6339898125,,,,1,2023-06-15T16:48:40+00:00
SAO_175T-10,São Paulo,3550308,True,,623,,,-23.5180465,-46.6305755,,,,1,2023-06-15T16:48:43+00:00
SAO_175T-10,São Paulo,3550308,True,,623,,,-23.63558225,-46.64897425,,,,1,2023-06-15T16:46:58+00:00
SAO_175T-10,São Paulo,3550308,True,,623,,,-23.653267,-46.637658,,,,1,2023-06-15T16:48:02+00:00
SAO_175T-10,São Paulo,3550308,True,,623,,,-23.557100999999996,-46.6381025,,,,1,2023-06-15T16:48:10+00:00
SAO_175T-10,São Paulo,3550308,True,,623,,,-23.609392125,-46.654521375,,,,1,2023-06-15T16:48:22+00:00
SAO_9009-10,São Paulo,3550308,True,,877,,,-23.447775,-46.708842000000004,,,,1,2023-06-15T16:48:04+00:00
SAO_9009-10,São Paulo,3550308,True,,877,,,-23.440873,-46.7081745,,,,1,2023-06-15T16:48:26+00:00
SAO_9009-10,São Paulo,3550308,True,,877,,,-23.445667,-46.705163999999996,,,,1,2023-06-15T16:48:10+00:00
SAO_9009-10,São Paulo,3550308,True,,877,,,-23.443324,-46.7136815,,,,1,2023-06-15T16:48:14+00:00
SAO_9009-10,São Paulo,3550308,True,,877,,,-23.471957875,-46.673949500000006,,,,1,2023-06-15T16:48:04+00:00
SAO_9009-10,São Paulo,3550308,True,,877,,,-23.4593045,-46.687814,,,,1,2023-06-15T16:48:29+00:00
SAO_9009-10,São Paulo,3550308,True,,877,,,-23.447619500000002,-46.7088905,,,,1,2023-06-15T16:48:18+00:00
SAO_9009-10,São Paulo,3550308,True,,877,,,-23.4477075,-46.708862499999995,,,,1,2023-06-15T16:48:29+00:00
SAO_7006-51,São Paulo,3550308,True,,1997,,,-23.686014,-46.770376,,,,1,2023-06-15T16:48:29+00:00
SAO_7006-51,São Paulo,3550308,True,,1997,,,-23.718654,-46.7846245,,,,1,2023-06-15T16:48:33+00:00
SAO_7006-51,São Paulo,3550308,True,,1997,,,-23.7339755,-46.782273,,,,1,2023-06-15T16:48:21+00:00
SAO_7006-51,São Paulo,3550308,True,,1997,,,-23.661485499999998,-46.769889000000006,,,,1,2023-06-15T16:48:24+00:00
SAO_7006-51,São Paulo,3550308,True,,1997,,,-23.7013485,-46.7818795,,,,1,2023-06-15T16:48:36+00:00
SAO_7006-51,São Paulo,3550308,True,,1997,,,-23.73209225,-46.78503325,,,,1,2023-06-15T16:48:29+00:00
SAO_7006-51,São Paulo,3550308,True,,1997,,,-23.678677999999998,-46.77170525,,,,1,2023-06-15T16:48:18+00:00
SAO_3046-10,São Paulo,3550308,True,,33739,,,-23.541020500000002,-46.576741999999996,,,,2,2023-06-15T16:48:33+00:00
SAO_3046-10,São Paulo,3550308,True,,33739,,,-23.579857500000003,-46.525404,,,,2,2023-06-15T16:48:15+00:00
SAO_3046-10,São Paulo,3550308,True,,33739,,,-23.57926775,-46.525281875000005,,,,2,2023-06-15T16:48:15+00:00
SAO_3046-10,São Paulo,3550308,True,,33739,,,-23.550610749999997,-46.57588025,,,,2,2023-06-15T16:48:01+00:00
SAO_3046-10,São Paulo,3550308,True,,33739,,,-23.584636625,-46.536697000000004,,,,2,2023-06-15T16:48:21+00:00
SAO_3046-10,São Paulo,3550308,True,,33739,,,-23.5623565,-46.573597125,,,,2,2023-06-15T16:48:03+00:00
SAO_3046-10,São Paulo,3550308,True,,33739,,,-23.579163249999997,-46.525639625,,,,2,2023-06-15T16:48:43+00:00
SAO_3046-10,São Paulo,3550308,True,,33739,,,-23.579447000000002,-46.525166999999996,,,,2,2023-06-15T16:48:14+00:00
SAO_3046-10,São Paulo,3550308,True,,33739,,,-23.579351,-46.5251155,,,,2,2023-06-15T16:48:40+00:00
SAO_3046-10,São Paulo,3550308,True,,33739,,,-23.574279750000002,-46.55650175,,,,2,2023-06-15T16:48:06+00:00
SAO_3791-10,São Paulo,3550308,True,,33837,,,-23.5637485,-46.508797,,,,2,2023-06-15T16:48:21+00:00
SAO_3791-10,São Paulo,3550308,True,,33837,,,-23.5414835,-46.4843695,,,,2,2023-06-15T16:48:11+00:00
SAO_3791-10,São Paulo,3550308,True,,33837,,,-23.5414835,-46.4843695,,,,2,2023-06-15T16:48:21+00:00
SAO_3791-10,São Paulo,3550308,True,,33837,,,-23.5399115,-46.485800999999995,,,,2,2023-06-15T16:48:42+00:00
SAO_3791-10,São Paulo,3550308,True,,33837,,,-23.5487725,-46.505478499999995,,,,2,2023-06-15T16:48:04+00:00
SAO_3791-10,São Paulo,3550308,True,,33837,,,-23.564308,-46.5048635,,,,2,2023-06-15T16:48:36+00:00
SAO_9019-10,São Paulo,3550308,True,,1433,,,-23.481636,-46.718026,,,,1,2023-06-15T16:48:41+00:00
SAO_9019-10,São Paulo,3550308,True,,1433,,,-23.4545785,-46.7102915,,,,1,2023-06-15T16:48:28+00:00
SAO_9019-10,São Paulo,3550308,True,,1433,,,-23.4830285,-46.728063750000004,,,,1,2023-06-15T16:48:16+00:00
SAO_9019-10,São Paulo,3550308,True,,1433,,,-23.463715,-46.713826999999995,,,,1,2023-06-15T16:48:08+00:00
SAO_2735-10,São Paulo,3550308,True,,1921,,,-23.519955,-46.5484595,,,,1,2023-06-15T16:48:17+00:00
SAO_2735-10,São Paulo,3550308,True,,1921,,,-23.492922250000003,-46.51304075,,,,1,2023-06-15T16:48:35+00:00
SAO_2735-10,São Paulo,3550308,True,,1921,,,-23.4998165,-46.5243505,,,,1,2023-06-15T16:48:09+00:00
SAO_2735-10,São Paulo,3550308,True,,1921,,,-23.52858575,-46.547390500000006,,,,1,2023-06-15T16:48:37+00:00
SAO_2735-10,São Paulo,3550308,True,,1921,,,-23.5091965,-46.549452,,,,1,2023-06-15T16:48:03+00:00
SAO_2735-10,São Paulo,3550308,True,,1921,,,-23.4998165,-46.5243505,,,,1,2023-06-15T16:48:06+00:00
SAO_9701-10,São Paulo,3550308,True,,569,,,-23.4765885,-46.6674915,,,,1,2023-06-15T16:48:04+00:00
SAO_9701-10,São Paulo,3550308,True,,569,,,-23.4765885,-46.6674915,,,,1,2023-06-15T16:48:12+00:00
SAO_9701-10,São Paulo,3550308,True,,569,,,-23.4765885,-46.6674915,,,,1,2023-06-15T16:48:39+00:00
SAO_9701-10,São Paulo,3550308,True,,569,,,-23.4775785,-46.671356249999995,,,,1,2023-06-15T16:47:51+00:00
SAO_8047-10,São Paulo,3550308,True,EMTU,408,https://moovitapp.com/index/pt-br/transporte_p%C3%BAblico-line-408-Sao_Paulo-242-2038937-36419468-0,7.55,-23.4792995,-46.754380499999996,,,,1,2023-06-15T16:48:05+00:00
SAO_8047-10,São Paulo,3550308,True,EMTU,408,https://moovitapp.com/index/pt-br/transporte_p%C3%BAblico-line-408-Sao_Paulo-242-2038937-36419468-0,7.55,-23.447454999999998,-46.744018,,,,1,2023-06-15T16:48:32+00:00
SAO_8047-10,São Paulo,3550308,True,EMTU,408,https://moovitapp.com/index/pt-br/transporte_p%C3%BAblico-line-408-Sao_Paulo-242-2038937-36419468-0,7.55,-23.5139965,-46.719737499999994,,,,1,2023-06-15T16:48:32+00:00
SAO_8047-10,São Paulo,3550308,False,EMTU,408,https://moovitapp.com/index/pt-br/transporte_p%C3%BAblico-line-408-Sao_Paulo-242-2038937-36419468-0,7.55,-23.50974175,-46.730579500000005,,,,1,2023-06-15T16:48:33+00:00
SAO_775V-10,São Paulo,3550308,True,,33243,,,-23.568308000000002,-46.757324499999996,,,,2,2023-06-15T16:48:20+00:00
SAO_775V-10,São Paulo,3550308,True,,33243,,,-23.5755445,-46.765699999999995,,,,2,2023-06-15T16:48:30+00:00
SAO_775V-10,São Paulo,3550308,True,,33243,,,-23.56604475,-46.699204,,,,2,2023-06-15T16:48:16+00:00
SAO_775V-10,São Paulo,3550308,True,,33243,,,-23.57609025,-46.76591425,,,,2,2023-06-15T16:48:33+00:00
SAO_775V-10,São Paulo,3550308,True,,33243,,,-23.56578425,-46.699188,,,,2,2023-06-15T16:48:28+00:00
SAO_775V-10,São Paulo,3550308,True,,33243,,,-23.573757999999998,-46.7335125,,,,2,2023-06-15T16:48:38+00:00
SAO_7023-10,São Paulo,3550308,True,,34920,,,-23.698788,-46.768812499999996,,,,2,2023-06-15T16:46:38+00:00
SAO_7023-10,São Paulo,3550308,True,,34920,,,-23.6995785,-46.763411500000004,,,,2,2023-06-15T16:48:32+00:00
SAO_7023-10,São Paulo,3550308,True,,34920,,,-23.6540225,-46.711386000000005,,,,2,2023-06-15T16:48:44+00:00
SAO_7023-10,São Paulo,3550308,True,,34920,,,-23.6540225,-46.711386000000005,,,,2,2023-06-15T16:48:25+00:00
SAO_7023-10,São Paulo,3550308,True,,34920,,,-23.681127249999996,-46.735015,,,,2,2023-06-15T16:48:36+00:00
SAO_7023-10,São Paulo,3550308,True,,34920,,,-23.6541835,-46.7090685,,,,2,2023-06-15T16:39:16+00:00
SAO_2013-10,São Paulo,3550308,True,,899,,,-23.4546975,-46.658477500000004,,,,1,2023-06-15T16:48:05+00:00
SAO_2013-10,São Paulo,3550308,True,,899,,,-23.4546975,-46.658477500000004,,,,1,2023-06-15T16:48:36+00:00
SAO_2013-10,São Paulo,3550308,True,,899,,,-23.461689,-46.65046425,,,,1,2023-06-15T16:48:43+00:00
SAO_2013-10,São Paulo,3550308,True,,899,,,-23.47152125,-46.67050425,,,,1,2023-06-15T16:48:13+00:00
SAO_2013-10,São Paulo,3550308,True,,899,,,-23.46759375,-46.6663085,,,,1,2023-06-15T16:48:15+00:00
SAO_2013-10,São Paulo,3550308,True,,899,,,-23.4546975,-46.658477500000004,,,,1,2023-06-15T16:46:53+00:00
SAO_2013-10,São Paulo,3550308,True,,899,,,-23.456919,-46.6555655,,,,1,2023-06-15T16:48:22+00:00
SAO_2013-10,São Paulo,3550308,True,,899,,,-23.4699015,-46.654469000000006,,,,1,2023-06-15T16:48:45+00:00
SAO_875A-10,São Paulo,3550308,True,,609,,,-23.532307000000003,-46.65802025000001,,,,1,2023-06-15T16:48:23+00:00
SAO_875A-10,São Paulo,3550308,True,,609,,,-23.535813875000002,-46.677648375000004,,,,1,2023-06-15T16:48:24+00:00
SAO_875A-10,São Paulo,3550308,True,,609,,,-23.6100305,-46.637823,,,,1,2023-06-15T16:48:20+00:00
SAO_875A-10,São Paulo,3550308,True,,609,,,-23.55717,-46.6611305,,,,1,2023-06-15T16:48:23+00:00
SAO_875A-10,São Paulo,3550308,True,,609,,,-23.621883,-46.649364750000004,,,,1,2023-06-15T16:48:42+00:00
SAO_875A-10,São Paulo,3550308,True,,609,,,-23.6434085,-46.6627935,,,,1,2023-06-15T16:48:37+00:00
SAO_875A-10,São Paulo,3550308,True,,609,,,-23.5841275,-46.63652525,,,,1,2023-06-15T16:48:02+00:00
SAO_875A-10,São Paulo,3550308,True,,609,,,-23.63870675,-46.661524,,,,1,2023-06-15T16:48:39+00:00
SAO_8016-10,São Paulo,3550308,True,,34114,,,-23.4678215,-46.7246915,,,,2,2023-06-15T16:48:22+00:00
SAO_8016-10,São Paulo,3550308,True,,34114,,,-23.4432245,-46.717245500000004,,,,2,2023-06-15T16:48:21+00:00
SAO_8016-10,São Paulo,3550308,True,,34114,,,-23.4418605,-46.733096,,,,2,2023-06-15T16:48:30+00:00
SAO_8016-10,São Paulo,3550308,True,,34114,,,-23.44398,-46.735310999999996,,,,2,2023-06-15T16:48:37+00:00
SAO_8016-10,São Paulo,3550308,True,,34114,,,-23.443908999999998,-46.7354575,,,,2,2023-06-15T16:48:04+00:00
SAO_8016-10,São Paulo,3550308,True,,34114,,,-23.485832000000002,-46.7260735,,,,2,2023-06-15T16:48:24+00:00
SAO_209P-10,São Paulo,3550308,True,,34984,,,-23.5623425,-46.685475,,,,2,2023-06-15T16:48:25+00:00
SAO_209P-10,São Paulo,3550308,True,,34984,,,-23.47223525,-46.670243,,,,2,2023-06-15T16:48:17+00:00
SAO_209P-10,São Paulo,3550308,True,,34984,,,-23.522653124999998,-46.66886675000001,,,,2,2023-06-15T16:48:35+00:00
SAO_209P-10,São Paulo,3550308,True,,34984,,,-23.471954750000002,-46.6702775,,,,2,2023-06-15T16:48:33+00:00
SAO_209P-10,São Paulo,3550308,True,,34984,,,-23.524342,-46.668379,,,,2,2023-06-15T16:48:34+00:00
SAO_209P-10,São Paulo,3550308,True,,34984,,,-23.526024999999997,-46.6718915,,,,2,2023-06-15T16:48:05+00:00
SAO_209P-10,São Paulo,3550308,True,,34984,,,-23.524358749999998,-46.66768450000001,,,,2,2023-06-15T16:48:11+00:00
SAO_209P-10,São Paulo,3550308,True,,34984,,,-23.473060250000003,-46.6701395,,,,2,2023-06-15T16:48:09+00:00
SAO_209P-10,São Paulo,3550308,True,,34984,,,-23.4832635,-46.678314,,,,2,2023-06-15T16:48:00+00:00
SAO_209P-10,São Paulo,3550308,True,,34984,,,-23.471658249999997,-46.6703105,,,,2,2023-06-15T16:48:07+00:00
SAO_209P-10,São Paulo,3550308,True,,34984,,,-23.536438250000003,-46.67418875,,,,2,2023-06-15T16:48:14+00:00
SAO_209P-10,São Paulo,3550308,True,,34984,,,-23.5664515,-46.69234125,,,,2,2023-06-15T16:48:45+00:00
SAO_5164-21,São Paulo,3550308,True,,1616,,,-23.6039015,-46.6350755,,,,1,2023-06-15T16:48:40+00:00
SAO_5164-21,São Paulo,3550308,True,,1616,,,-23.626101249999998,-46.64086575,,,,1,2023-06-15T16:48:40+00:00
SAO_1177-10,São Paulo,3550308,True,,32897,,,-23.5252375,-46.562381,,,,2,2023-06-15T16:47:22+00:00
SAO_1177-10,São Paulo,3550308,True,,32897,,,-23.518385000000002,-46.475624499999995,,,,2,2023-06-15T16:48:10+00:00
SAO_1177-10,São Paulo,3550308,True,,32897,,,-23.517523,-46.480799000000005,,,,2,2023-06-15T16:48:20+00:00
SAO_1177-10,São Paulo,3550308,True,,32897,,,-23.52324325,-46.54482,,,,2,2023-06-15T16:48:30+00:00
SAO_2551-10,São Paulo,3550308,True,EMTU,141,https://moovitapp.com/index/pt-br/transporte_p%C3%BAblico-line-141-Sao_Paulo-242-2038937-36419292-0,8.15,-23.49658,-46.514638000000005,,,,1,2023-06-15T16:48:24+00:00
SAO_2551-10,São Paulo,3550308,True,EMTU,141,https://moovitapp.com/index/pt-br/transporte_p%C3%BAblico-line-141-Sao_Paulo-242-2038937-36419292-0,8.15,-23.535033,-46.578162000000006,,,,1,2023-06-15T16:48:40+00:00
SAO_2551-10,São Paulo,3550308,True,EMTU,141,https://moovitapp.com/index/pt-br/transporte_p%C3%BAblico-line-141-Sao_Paulo-242-2038937-36419292-0,8.15,-23.517939,-46.475913500000004,,,,1,2023-06-15T16:48:16+00:00
SAO_2551-10,São Paulo,3550308,True,EMTU,141,https://moovitapp.com/index/pt-br/transporte_p%C3%BAblico-line-141-Sao_Paulo-242-2038937-36419292-0,8.15,-23.546217,-46.6305745,,,,1,2023-06-15T16:48:26+00:00
SAO_1782-10,São Paulo,3550308,True,,33411,,,-23.502214000000002,-46.6235875,,,,2,2023-06-15T16:48:28+00:00
SAO_1782-10,São Paulo,3550308,True,,33411,,,-23.456426999999998,-46.5828955,,,,2,2023-06-15T16:43:48+00:00
SAO_1782-10,São Paulo,3550308,True,,33411,,,-23.470777249999998,-46.6057885,,,,2,2023-06-15T16:48:11+00:00
SAO_1782-10,São Paulo,3550308,True,,33411,,,-23.4507355,-46.57235675,,,,2,2023-06-15T16:48:35+00:00
SAO_1782-10,São Paulo,3550308,True,,33411,,,-23.502214000000002,-46.6235875,,,,2,2023-06-15T16:48:44+00:00
SAO_3736-10,São Paulo,3550308,True,,1036,,,-23.575533,-46.4834125,,,,1,2023-06-15T16:48:23+00:00
SAO_3736-10,São Paulo,3550308,True,,1036,,,-23.5508795,-46.48185025,,,,1,2023-06-15T16:48:44+00:00
SAO_3736-10,São Paulo,3550308,True,,1036,,,-23.559094,-46.474787,,,,1,2023-06-15T16:48:19+00:00
SAO_3736-10,São Paulo,3550308,True,,1036,,,-23.575533,-46.4834125,,,,1,2023-06-15T16:48:15+00:00
SAO_3736-10,São Paulo,3550308,True,,1036,,,-23.574057,-46.4815075,,,,1,2023-06-15T16:48:07+00:00
SAO_3736-10,São Paulo,3550308,True,,1036,,,-23.542085,-46.483832,,,,1,2023-06-15T16:48:30+00:00
SAO_3736-10,São Paulo,3550308,True,,1036,,,-23.575533,-46.4834125,,,,1,2023-06-15T16:48:21+00:00
SAO_477P-10,São Paulo,3550308,True,EMTU,348,https://moovitapp.com/index/pt-br/transporte_p%C3%BAblico-line-348-Sao_Paulo-242-2038937-36419431-0,5.1,-23.577174749999998,-46.765108875,,,,1,2023-06-15T16:48:17+00:00
SAO_477P-10,São Paulo,3550308,True,EMTU,348,https://moovitapp.com/index/pt-br/transporte_p%C3%BAblico-line-348-Sao_Paulo-242-2038937-36419431-0,5.1,-23.575919,-46.7614665,,,,1,2023-06-15T16:48:22+00:00
SAO_477P-10,São Paulo,3550308,True,EMTU,348,https://moovitapp.com/index/pt-br/transporte_p%C3%BAblico-line-348-Sao_Paulo-242-2038937-36419431-0,5.1,-23.600661875,-46.679072500000004,,,,1,2023-06-15T16:48:36+00:00
SAO_477P-10,São Paulo,3550308,True,EMTU,348,https://moovitapp.com/index/pt-br/transporte_p%C3%BAblico-line-348-Sao_Paulo-242-2038937-36419431-0,5.1,-23.5970945,-46.6771325,,,,1,2023-06-15T16:48:23+00:00
SAO_477P-10,São Paulo,3550308,True,EMTU,348,https://moovitapp.com/index/pt-br/transporte_p%C3%BAblico-line-348-Sao_Paulo-242-2038937-36419431-0,5.1,-23.565272,-46.696377999999996,,,,1,2023-06-15T16:48:45+00:00
SAO_477P-10,São Paulo,3550308,True,EMTU,348,https://moovitapp.com/index/pt-br/transporte_p%C3%BAblico-line-348-Sao_Paulo-242-2038937-36419431-0,5.1,-23.611332,-46.651164875000006,,,,1,2023-06-15T16:48:29+00:00
SAO_477P-10,São Paulo,3550308,True,EMTU,348,https://moovitapp.com/index/pt-br/transporte_p%C3%BAblico-line-348-Sao_Paulo-242-2038937-36419431-0,5.1,-23.56637325,-46.699229,,,,1,2023-06-15T16:48:23+00:00
SAO_477P-10,São Paulo,3550308,True,EMTU,348,https://moovitapp.com/index/pt-br/transporte_p%C3%BAblico-line-348-Sao_Paulo-242-2038937-36419431-0,5.1,-23.609097,-46.63723575,,,,1,2023-06-15T16:48:41+00:00
SAO_477P-10,São Paulo,3550308,True,EMTU,348,https://moovitapp.com/index/pt-br/transporte_p%C3%BAblico-line-348-Sao_Paulo-242-2038937-36419431-0,5.1,-23.61756225,-46.6740645,,,,1,2023-06-15T16:48:28+00:00
SAO_477P-10,São Paulo,3550308,True,EMTU,348,https://moovitapp.com/index/pt-br/transporte_p%C3%BAblico-line-348-Sao_Paulo-242-2038937-36419431-0,5.1,-23.575536749999998,-46.761601999999996,,,,1,2023-06-15T16:48:12+00:00
SAO_477P-10,São Paulo,3550308,True,EMTU,348,https://moovitapp.com/index/pt-br/transporte_p%C3%BAblico-line-348-Sao_Paulo-242-2038937-36419431-0,5.1,-23.596987,-46.676611750000006,,,,1,2023-06-15T16:48:17+00:00
SAO_477P-10,São Paulo,3550308,True,EMTU,348,https://moovitapp.com/index/pt-br/transporte_p%C3%BAblico-line-348-Sao_Paulo-242-2038937-36419431-0,5.1,-23.583260250000002,-46.6043175,,,,1,2023-06-15T16:48:41+00:00
SAO_2025-10,São Paulo,3550308,True,,35035,,,-23.4512845,-46.571963499999995,,,,2,2023-06-15T16:48:11+00:00
SAO_2025-10,São Paulo,3550308,True,,35035,,,-23.467508375,-46.584131875,,,,2,2023-06-15T16:48:21+00:00
SAO_2025-10,São Paulo,3550308,True,,35035,,,-23.502067,-46.622634000000005,,,,2,2023-06-15T16:45:49+00:00
SAO_2025-10,São Paulo,3550308,True,,35035,,,-23.502243999999997,-46.623825,,,,2,2023-06-15T16:44:26+00:00
SAO_2025-10,São Paulo,3550308,True,,35035,,,-23.502243999999997,-46.623825,,,,2,2023-06-15T16:48:22+00:00
SAO_2025-10,São Paulo,3550308,True,,35035,,,-23.482129999999998,-46.6038695,,,,2,2023-06-15T16:48:43+00:00
SAO_695X-10,São Paulo,3550308,True,,1441,,,-23.735196000000002,-46.699056,,,,1,2023-06-15T16:48:38+00:00
SAO_695X-10,São Paulo,3550308,True,,1441,,,-23.767062,-46.7161295,,,,1,2023-06-15T16:48:16+00:00
SAO_695X-10,São Paulo,3550308,True,,1441,,,-23.639715125,-46.668864375,,,,1,2023-06-15T16:48:03+00:00
SAO_695X-10,São Paulo,3550308,True,,1441,,,-23.656974249999998,-46.6796535,,,,1,2023-06-15T16:48:37+00:00
SAO_695X-10,São Paulo,3550308,True,,1441,,,-23.70004375,-46.701075625,,,,1,2023-06-15T16:47:03+00:00
SAO_695X-10,São Paulo,3550308,True,,1441,,,-23.6435935,-46.6575635,,,,1,2023-06-15T16:48:16+00:00
SAO_695X-10,São Paulo,3550308,True,,1441,,,-23.767062,-46.7161295,,,,1,2023-06-15T16:45:12+00:00
SAO_695X-10,São Paulo,3550308,True,,1441,,,-23.646732999999998,-46.663117,,,,1,2023-06-15T16:48:34+00:00
SAO_695X-10,São Paulo,3550308,True,,1441,,,-23.767062,-46.7161295,,,,1,2023-06-15T16:48:21+00:00
SAO_695X-10,São Paulo,3550308,True,,1441,,,-23.767062,-46.7161295,,,,1,2023-06-15T16:48:08+00:00
SAO_695X-10,São Paulo,3550308,True,,1441,,,-23.767859,-46.716285,,,,1,2023-06-15T16:48:21+00:00
SAO_3734-10,São Paulo,3550308,True,,1034,,,-23.554757375,-46.467519249999995,,,,1,2023-06-15T16:48:32+00:00
SAO_3734-10,São Paulo,3550308,True,,1034,,,-23.540855999999998,-46.4849405,,,,1,2023-06-15T16:48:28+00:00
SAO_3734-10,São Paulo,3550308,True,,1034,,,-23.54996175,-46.482555250000004,,,,1,2023-06-15T16:48:30+00:00
SAO_2023-10,São Paulo,3550308,True,,35028,,,-23.42398225,-46.59023025,,,,2,2023-06-15T16:48:37+00:00
SAO_2023-10,São Paulo,3550308,True,,35028,,,-23.3990705,-46.577631,,,,2,2023-06-15T16:48:27+00:00
SAO_2023-10,São Paulo,3550308,True,,35028,,,-23.398296000000002,-46.577902,,,,2,2023-06-15T16:48:29+00:00
SAO_2023-10,São Paulo,3550308,True,,35028,,,-23.463694125000004,-46.603479750000005,,,,2,2023-06-15T16:48:41+00:00
SAO_2023-10,São Paulo,3550308,True,,35028,,,-23.3988855,-46.5776345,,,,2,2023-06-15T16:48:29+00:00
SAO_3728-10,São Paulo,3550308,True,,1025,,,-23.54353575,-46.48761725,,,,1,2023-06-15T16:48:16+00:00
SAO_3728-10,São Paulo,3550308,True,,1025,,,-23.553163750000003,-46.492594749999995,,,,1,2023-06-15T16:48:04+00:00
SAO_3728-10,São Paulo,3550308,True,,1025,,,-23.57039075,-46.4908735,,,,1,2023-06-15T16:48:23+00:00
SAO_3728-10,São Paulo,3550308,True,,1025,,,-23.5420065,-46.483900500000004,,,,1,2023-06-15T16:48:36+00:00
SAO_1896-10,São Paulo,3550308,True,,35288,,,-23.4445205,-46.753388,,,,2,2023-06-15T16:48:27+00:00
SAO_1896-10,São Paulo,3550308,True,,35288,,,-23.444561999999998,-46.7535965,,,,2,2023-06-15T16:48:22+00:00
SAO_1896-10,São Paulo,3550308,True,,35288,,,-23.48812125,-46.73202725,,,,2,2023-06-15T16:48:45+00:00
SAO_1896-10,São Paulo,3550308,True,,35288,,,-23.4537685,-46.752703,,,,2,2023-06-15T16:48:15+00:00
SAO_1896-10,São Paulo,3550308,True,,35288,,,-23.540010000000002,-46.644442,,,,2,2023-06-15T16:48:37+00:00
SAO_1896-10,São Paulo,3550308,True,,35288,,,-23.522756625,-46.692119812499996,,,,2,2023-06-15T16:48:21+00:00
SAO_775V-10,São Paulo,3550308,True,,475,,,-23.570674,-46.6984395,,,,1,2023-06-15T16:48:12+00:00
SAO_3099-10,São Paulo,3550308,True,,33847,,,-23.613286000000002,-46.4441805,,,,2,2023-06-15T16:48:25+00:00
SAO_3099-10,São Paulo,3550308,True,,33847,,,-23.613286000000002,-46.4441805,,,,2,2023-06-15T16:48:27+00:00
SAO_3099-10,São Paulo,3550308,True,,33847,,,-23.6071935,-46.444950500000004,,,,2,2023-06-15T16:48:18+00:00
SAO_3099-10,São Paulo,3550308,True,,33847,,,-23.610467,-46.476589375,,,,2,2023-06-15T16:48:03+00:00
SAO_3099-10,São Paulo,3550308,True,,33847,,,-23.613286000000002,-46.4441805,,,,2,2023-06-15T16:48:45+00:00
SAO_3099-10,São Paulo,3550308,True,,33847,,,-23.613286000000002,-46.4441805,,,,2,2023-06-15T16:48:07+00:00
SAO_3099-10,São Paulo,3550308,True,,33847,,,-23.613286000000002,-46.4441805,,,,2,2023-06-15T16:48:20+00:00
SAO_3099-10,São Paulo,3550308,True,,33847,,,-23.619007500000002,-46.4611195,,,,2,2023-06-15T16:48:22+00:00
SAO_8400-10,São Paulo,3550308,True,,34033,,,-23.4867405,-46.71506125,,,,2,2023-06-15T16:48:40+00:00
SAO_8400-10,São Paulo,3550308,True,,34033,,,-23.51377175,-46.7025705,,,,2,2023-06-15T16:48:06+00:00
SAO_8400-10,São Paulo,3550308,True,,34033,,,-23.486121,-46.726629624999994,,,,2,2023-06-15T16:48:27+00:00
SAO_8400-10,São Paulo,3550308,True,,34033,,,-23.535335500000002,-46.65259999999999,,,,2,2023-06-15T16:48:02+00:00
SAO_8400-10,São Paulo,3550308,True,,34033,,,-23.527727249999998,-46.671215,,,,2,2023-06-15T16:48:37+00:00
SAO_8400-10,São Paulo,3550308,True,,34033,,,-23.486277,-46.726815875,,,,2,2023-06-15T16:48:34+00:00
SAO_8400-10,São Paulo,3550308,True,,34033,,,-23.547456,-46.6400205,,,,2,2023-06-15T16:48:42+00:00
SAO_178L-10,São Paulo,3550308,True,,33328,,,-23.550093500000003,-46.682230000000004,,,,2,2023-06-15T16:48:40+00:00
SAO_178L-10,São Paulo,3550308,True,,33328,,,-23.5039855,-46.63129725,,,,2,2023-06-15T16:48:29+00:00
SAO_178L-10,São Paulo,3550308,True,,33328,,,-23.502718,-46.6245835,,,,2,2023-06-15T16:48:10+00:00
SAO_178L-10,São Paulo,3550308,True,,33328,,,-23.5541715,-46.67080875,,,,2,2023-06-15T16:48:09+00:00
SAO_178L-10,São Paulo,3550308,True,,33328,,,-23.4769735,-46.645937,,,,2,2023-06-15T16:48:38+00:00
SAO_178L-10,São Paulo,3550308,True,,33328,,,-23.5476795,-46.6480115,,,,2,2023-06-15T16:48:42+00:00
SAO_3721-10,São Paulo,3550308,True,,1019,,,-23.563771,-46.495618500000006,,,,1,2023-06-15T16:46:29+00:00
SAO_3721-10,São Paulo,3550308,True,,1019,,,-23.554825,-46.492258,,,,1,2023-06-15T16:48:32+00:00
SAO_3721-10,São Paulo,3550308,True,,1019,,,-23.550788500000003,-46.488941000000004,,,,1,2023-06-15T16:48:32+00:00
SAO_3721-10,São Paulo,3550308,True,,1019,,,-23.5406235,-46.484698249999994,,,,1,2023-06-15T16:48:30+00:00
SAO_3721-10,São Paulo,3550308,True,,1019,,,-23.5502275,-46.487435,,,,1,2023-06-15T16:48:45+00:00
SAO_9047-10,São Paulo,3550308,True,,33651,,,-23.4613235,-46.713106499999995,,,,2,2023-06-15T16:48:03+00:00
SAO_9047-10,São Paulo,3550308,True,,33651,,,-23.49902925,-46.693857,,,,2,2023-06-15T16:47:49+00:00
SAO_9047-10,São Paulo,3550308,True,,33651,,,-23.515505249999997,-46.7061165,,,,2,2023-06-15T16:48:13+00:00
SAO_9047-10,São Paulo,3550308,True,,33651,,,-23.4805895,-46.6917275,,,,2,2023-06-15T16:48:02+00:00
SAO_9047-10,São Paulo,3550308,True,,33651,,,-23.471311,-46.691913,,,,2,2023-06-15T16:48:11+00:00
SAO_9047-10,São Paulo,3550308,True,,33651,,,-23.4613235,-46.713106499999995,,,,2,2023-06-15T16:48:07+00:00
SAO_9047-10,São Paulo,3550308,True,,33651,,,-23.4613235,-46.713106499999995,,,,2,2023-06-15T16:48:11+00:00
SAO_9047-10,São Paulo,3550308,True,,33651,,,-23.4613235,-46.713106499999995,,,,2,2023-06-15T16:48:28+00:00
SAO_9047-10,São Paulo,3550308,True,,33651,,,-23.4613235,-46.713106499999995,,,,2,2023-06-15T16:48:43+00:00
SAO_9047-10,São Paulo,3550308,True,,33651,,,-23.461492999999997,-46.713212999999996,,,,2,2023-06-15T16:48:32+00:00
SAO_9047-10,São Paulo,3550308,True,,33651,,,-23.4613235,-46.713106499999995,,,,2,2023-06-15T16:48:24+00:00
SAO_6043-10,São Paulo,3550308,True,,1220,,,-23.660353999999998,-46.754538999999994,,,,1,2023-06-15T16:48:04+00:00
SAO_6043-10,São Paulo,3550308,True,,1220,,,-23.65128,-46.718128,,,,1,2023-06-15T16:48:10+00:00
SAO_6043-10,São Paulo,3550308,True,,1220,,,-23.65886,-46.7456015,,,,1,2023-06-15T16:48:02+00:00
SAO_6043-10,São Paulo,3550308,True,,1220,,,-23.654093,-46.710251,,,,1,2023-06-15T16:48:29+00:00
SAO_5632-10,São Paulo,3550308,True,,81,,,-23.711123,-46.7109855,,,,1,2023-06-15T16:47:28+00:00
SAO_5632-10,São Paulo,3550308,True,,81,,,-23.6364375,-46.693218,,,,1,2023-06-15T16:48:07+00:00
SAO_5632-10,São Paulo,3550308,True,,81,,,-23.5980671875,-46.656920562500005,,,,1,2023-06-15T16:48:08+00:00
SAO_5632-10,São Paulo,3550308,True,,81,,,-23.7375215,-46.709300999999996,,,,1,2023-06-15T16:48:32+00:00
SAO_1764-10,São Paulo,3550308,True,,33393,,,-23.4259,-46.581689,,,,2,2023-06-15T16:48:17+00:00
SAO_1764-10,São Paulo,3550308,True,,33393,,,-23.4479325,-46.588702,,,,2,2023-06-15T16:48:14+00:00
SAO_1764-10,São Paulo,3550308,True,,33393,,,-23.4260595,-46.581732,,,,2,2023-06-15T16:48:16+00:00
SAO_1764-10,São Paulo,3550308,True,,33393,,,-23.474687,-46.6131655,,,,2,2023-06-15T16:48:20+00:00
SAO_6083-10,São Paulo,3550308,True,,34501,,,-23.7545765,-46.679976499999995,,,,2,2023-06-15T16:48:21+00:00
SAO_6083-10,São Paulo,3550308,True,,34501,,,-23.735712499999998,-46.69611125,,,,2,2023-06-15T16:48:09+00:00
SAO_6083-10,São Paulo,3550308,True,,34501,,,-23.753572,-46.6676975,,,,2,2023-06-15T16:48:21+00:00
SAO_6083-10,São Paulo,3550308,True,,34501,,,-23.7532605,-46.670314,,,,2,2023-06-15T16:48:40+00:00
SAO_6083-10,São Paulo,3550308,True,,34501,,,-23.753360999999998,-46.6700625,,,,2,2023-06-15T16:48:29+00:00
SAO_1722-10,São Paulo,3550308,True,,864,,,-23.4664705,-46.631828999999996,,,,1,2023-06-15T16:48:00+00:00
SAO_1722-10,São Paulo,3550308,True,,864,,,-23.463067125000002,-46.58520725,,,,1,2023-06-15T16:48:30+00:00
SAO_1722-10,São Paulo,3550308,True,,864,,,-23.4723215,-46.650537,,,,1,2023-06-15T16:48:11+00:00
SAO_1722-10,São Paulo,3550308,True,,864,,,-23.4657055,-46.584512000000004,,,,1,2023-06-15T16:48:24+00:00
SAO_1722-10,São Paulo,3550308,True,,864,,,-23.457815,-46.61815,,,,1,2023-06-15T16:48:25+00:00
SAO_1722-10,São Paulo,3550308,True,,864,,,-23.4816705,-46.6731425,,,,1,2023-06-15T16:48:08+00:00
SAO_1722-10,São Paulo,3550308,True,,864,,,-23.467979,-46.5951635,,,,1,2023-06-15T16:48:14+00:00
SAO_6035-21,São Paulo,3550308,True,,1795,,,-23.669815749999998,-46.73685449999999,,,,1,2023-06-15T16:48:33+00:00
SAO_6035-21,São Paulo,3550308,True,,1795,,,-23.720715499999997,-46.755851,,,,1,2023-06-15T16:48:21+00:00
SAO_6035-21,São Paulo,3550308,True,,1795,,,-23.690337,-46.759468999999996,,,,1,2023-06-15T16:48:28+00:00
SAO_6035-21,São Paulo,3550308,True,,1795,,,-23.72201875,-46.770698249999995,,,,1,2023-06-15T16:48:44+00:00
SAO_6035-21,São Paulo,3550308,True,,1795,,,-23.72247425,-46.75878575,,,,1,2023-06-15T16:48:08+00:00
SAO_1156-10,São Paulo,3550308,True,,33427,,,-23.519617250000003,-46.59061775,,,,2,2023-06-15T16:48:42+00:00
SAO_1156-10,São Paulo,3550308,True,,33427,,,-23.4874285,-46.568459749999995,,,,2,2023-06-15T16:48:21+00:00
SAO_1156-10,São Paulo,3550308,True,,33427,,,-23.486996,-46.568324000000004,,,,2,2023-06-15T16:48:11+00:00
SAO_1156-10,São Paulo,3550308,True,,33427,,,-23.512628999999997,-46.5851695,,,,2,2023-06-15T16:48:17+00:00
SAO_1156-10,São Paulo,3550308,True,,33427,,,-23.487218,-46.568332,,,,2,2023-06-15T16:48:15+00:00
SAO_1156-10,São Paulo,3550308,True,,33427,,,-23.507511,-46.589180999999996,,,,2,2023-06-15T16:48:35+00:00
SAO_1156-10,São Paulo,3550308,True,,33427,,,-23.52323975,-46.593453875,,,,2,2023-06-15T16:48:43+00:00
SAO_9500-10,São Paulo,3550308,True,EMTU,461,https://moovitapp.com/index/pt-br/transporte_p%C3%BAblico-line-461-Sao_Paulo-242-2038937-36419501-0,5.1,-23.5231116875,-46.6514318125,,,,1,2023-06-15T16:48:36+00:00
SAO_9500-10,São Paulo,3550308,True,EMTU,461,https://moovitapp.com/index/pt-br/transporte_p%C3%BAblico-line-461-Sao_Paulo-242-2038937-36419501-0,5.1,-23.48583225,-46.67501575,,,,1,2023-06-15T16:47:42+00:00
SAO_9500-10,São Paulo,3550308,True,EMTU,461,https://moovitapp.com/index/pt-br/transporte_p%C3%BAblico-line-461-Sao_Paulo-242-2038937-36419501-0,5.1,-23.474427,-46.669637,,,,1,2023-06-15T16:48:42+00:00
SAO_9500-10,São Paulo,3550308,True,EMTU,461,https://moovitapp.com/index/pt-br/transporte_p%C3%BAblico-line-461-Sao_Paulo-242-2038937-36419501-0,5.1,-23.511246,-46.6662335,,,,1,2023-06-15T16:48:31+00:00
SAO_9500-10,São Paulo,3550308,True,EMTU,461,https://moovitapp.com/index/pt-br/transporte_p%C3%BAblico-line-461-Sao_Paulo-242-2038937-36419501-0,5.1,-23.474427,-46.669637,,,,1,2023-06-15T16:48:33+00:00
SAO_8500-10,São Paulo,3550308,True,,34035,,,-23.485965,-46.726443374999995,,,,2,2023-06-15T16:48:21+00:00
SAO_8500-10,São Paulo,3550308,True,,34035,,,-23.485809000000003,-46.726257125,,,,2,2023-06-15T16:48:30+00:00
SAO_8500-10,São Paulo,3550308,True,,34035,,,-23.5063935,-46.705843,,,,2,2023-06-15T16:48:39+00:00
SAO_8500-10,São Paulo,3550308,True,,34035,,,-23.523520249999997,-46.66461125000001,,,,2,2023-06-15T16:48:40+00:00
SAO_4052-10,São Paulo,3550308,True,,2145,,,-23.543045,-46.415614500000004,,,,1,2023-06-15T16:48:07+00:00
SAO_4052-10,São Paulo,3550308,True,,2145,,,-23.542894500000003,-46.416357000000005,,,,1,2023-06-15T16:48:01+00:00
SAO_4052-10,São Paulo,3550308,True,,2145,,,-23.525025,-46.433578499999996,,,,1,2023-06-15T16:48:43+00:00
SAO_5145-10,São Paulo,3550308,True,,1641,,,-23.613952,-46.500666,,,,1,2023-06-15T16:48:21+00:00
SAO_5145-10,São Paulo,3550308,True,,1641,,,-23.5751925,-46.5715015,,,,1,2023-06-15T16:48:36+00:00
SAO_5145-10,São Paulo,3550308,True,,1641,,,-23.5570435,-46.633199000000005,,,,1,2023-06-15T16:48:46+00:00
SAO_8077-10,São Paulo,3550308,True,,2050,,,-23.6013195,-46.792058499999996,,,,1,2023-06-15T16:48:07+00:00
SAO_8077-10,São Paulo,3550308,True,,2050,,,-23.5853465,-46.738911,,,,1,2023-06-15T16:48:18+00:00
SAO_8075-10,São Paulo,3550308,True,,2044,,,-23.579451,-46.7108135,,,,1,2023-06-15T16:48:45+00:00
SAO_8075-10,São Paulo,3550308,True,,2044,,,-23.5951115,-46.7384725,,,,1,2023-06-15T16:48:32+00:00
SAO_6037-10,São Paulo,3550308,True,,1215,,,-23.640761375,-46.71703425,,,,1,2023-06-15T16:48:38+00:00
SAO_6037-10,São Paulo,3550308,True,,1215,,,-23.63775525,-46.719529,,,,1,2023-06-15T16:48:28+00:00
SAO_6037-10,São Paulo,3550308,True,,1215,,,-23.64927025,-46.70794375,,,,1,2023-06-15T16:48:23+00:00
SAO_6037-10,São Paulo,3550308,True,,1215,,,-23.649607000000003,-46.707680499999995,,,,1,2023-06-15T16:48:18+00:00
SAO_6037-10,São Paulo,3550308,True,,1215,,,-23.638669125,-46.717703625,,,,1,2023-06-15T16:48:02+00:00
SAO_6037-10,São Paulo,3550308,True,,1215,,,-23.645789999999998,-46.7465015,,,,1,2023-06-15T16:48:31+00:00
SAO_709G-10,São Paulo,3550308,True,,34788,,,-23.6043425,-46.6750015,,,,2,2023-06-15T16:48:30+00:00
SAO_709G-10,São Paulo,3550308,True,,34788,,,-23.6605365,-46.707756,,,,2,2023-06-15T16:48:36+00:00
SAO_709G-10,São Paulo,3550308,True,,34788,,,-23.6301995,-46.690188,,,,2,2023-06-15T16:48:35+00:00
SAO_709G-10,São Paulo,3550308,True,,34788,,,-23.5855505,-46.68270875,,,,2,2023-06-15T16:48:29+00:00
SAO_6358-10,São Paulo,3550308,True,,34062,,,-23.660041,-46.663323,,,,2,2023-06-15T16:48:37+00:00
SAO_6358-10,São Paulo,3550308,True,,34062,,,-23.686753500000002,-46.6381915,,,,2,2023-06-15T16:48:44+00:00
SAO_6358-10,São Paulo,3550308,True,,34062,,,-23.5491745,-46.639111,,,,2,2023-06-15T16:48:24+00:00
SAO_6358-10,São Paulo,3550308,True,,34062,,,-23.578110125,-46.6628355,,,,2,2023-06-15T16:48:27+00:00
SAO_6358-10,São Paulo,3550308,True,,34062,,,-23.59988675,-46.65880275,,,,2,2023-06-15T16:48:13+00:00
SAO_6358-10,São Paulo,3550308,True,,34062,,,-23.6855415,-46.637704,,,,2,2023-06-15T16:48:35+00:00
SAO_6358-10,São Paulo,3550308,True,,34062,,,-23.675125,-46.6425955,,,,2,2023-06-15T16:48:01+00:00
SAO_6358-10,São Paulo,3550308,True,,34062,,,-23.60336625,-46.6620935,,,,2,2023-06-15T16:48:22+00:00
SAO_6358-10,São Paulo,3550308,True,,34062,,,-23.6000285,-46.6589435,,,,2,2023-06-15T16:48:19+00:00
SAO_6358-10,São Paulo,3550308,True,,34062,,,-23.686289000000002,-46.6379425,,,,2,2023-06-15T16:48:24+00:00
SAO_6358-10,São Paulo,3550308,True,,34062,,,-23.579681,-46.6614535,,,,2,2023-06-15T16:46:53+00:00
SAO_477A-10,São Paulo,3550308,True,EMTU,346,https://moovitapp.com/index/pt-br/transporte_p%C3%BAblico-line-346-Sao_Paulo-242-2038937-36419429-0,6.3,-23.5735465,-46.689059375,,,,1,2023-06-15T16:48:04+00:00
SAO_477A-10,São Paulo,3550308,True,EMTU,346,https://moovitapp.com/index/pt-br/transporte_p%C3%BAblico-line-346-Sao_Paulo-242-2038937-36419429-0,6.3,-23.567487625,-46.64707525,,,,1,2023-06-15T16:48:17+00:00
SAO_477A-10,São Paulo,3550308,True,EMTU,346,https://moovitapp.com/index/pt-br/transporte_p%C3%BAblico-line-346-Sao_Paulo-242-2038937-36419429-0,6.3,-23.578359499999998,-46.6402395,,,,1,2023-06-15T16:48:43+00:00
SAO_477A-10,São Paulo,3550308,True,EMTU,346,https://moovitapp.com/index/pt-br/transporte_p%C3%BAblico-line-346-Sao_Paulo-242-2038937-36419429-0,6.3,-23.578313,-46.66045149999999,,,,1,2023-06-15T16:48:30+00:00
SAO_477A-10,São Paulo,3550308,True,EMTU,346,https://moovitapp.com/index/pt-br/transporte_p%C3%BAblico-line-346-Sao_Paulo-242-2038937-36419429-0,6.3,-23.5660505,-46.701559,,,,1,2023-06-15T16:48:10+00:00
SAO_477A-10,São Paulo,3550308,True,EMTU,346,https://moovitapp.com/index/pt-br/transporte_p%C3%BAblico-line-346-Sao_Paulo-242-2038937-36419429-0,6.3,-23.563840499999998,-46.620943499999996,,,,1,2023-06-15T16:48:33+00:00
SAO_477A-10,São Paulo,3550308,True,EMTU,346,https://moovitapp.com/index/pt-br/transporte_p%C3%BAblico-line-346-Sao_Paulo-242-2038937-36419429-0,6.3,-23.60439075,-46.60359,,,,1,2023-06-15T16:48:00+00:00
SAO_477A-10,São Paulo,3550308,True,EMTU,346,https://moovitapp.com/index/pt-br/transporte_p%C3%BAblico-line-346-Sao_Paulo-242-2038937-36419429-0,6.3,-23.565880999999997,-46.701195,,,,1,2023-06-15T16:48:38+00:00
SAO_477A-10,São Paulo,3550308,True,EMTU,346,https://moovitapp.com/index/pt-br/transporte_p%C3%BAblico-line-346-Sao_Paulo-242-2038937-36419429-0,6.3,-23.592831375000003,-46.604782,,,,1,2023-06-15T16:47:49+00:00
SAO_477A-10,São Paulo,3550308,True,EMTU,346,https://moovitapp.com/index/pt-br/transporte_p%C3%BAblico-line-346-Sao_Paulo-242-2038937-36419429-0,6.3,-23.604922000000002,-46.604144500000004,,,,1,2023-06-15T16:48:03+00:00
SAO_7550-10,São Paulo,3550308,True,,2093,,,-23.65184325,-46.705374375,,,,1,2023-06-15T16:48:41+00:00
SAO_7550-10,São Paulo,3550308,True,,2093,,,-23.576032499999997,-46.65792175,,,,1,2023-06-15T16:48:33+00:00
SAO_7550-10,São Paulo,3550308,True,,2093,,,-23.540321000000002,-46.637654749999996,,,,1,2023-06-15T16:48:25+00:00
SAO_7550-10,São Paulo,3550308,True,,2093,,,-23.540354,-46.647672,,,,1,2023-06-15T16:48:47+00:00
SAO_7550-10,São Paulo,3550308,True,,2093,,,-23.541629999999998,-46.634266499999995,,,,1,2023-06-15T16:48:36+00:00
SAO_7550-10,São Paulo,3550308,True,,2093,,,-23.652537,-46.70586175,,,,1,2023-06-15T16:48:30+00:00
SAO_6726-10,São Paulo,3550308,True,,1193,,,-23.734559,-46.663270499999996,,,,1,2023-06-15T16:48:39+00:00
SAO_6726-10,São Paulo,3550308,True,,1193,,,-23.736596499999997,-46.6971045,,,,1,2023-06-15T16:48:02+00:00
SAO_6726-10,São Paulo,3550308,True,,1193,,,-23.736596499999997,-46.6971045,,,,1,2023-06-15T16:48:07+00:00
SAO_6726-10,São Paulo,3550308,True,,1193,,,-23.7537125,-46.6878195,,,,1,2023-06-15T16:48:44+00:00
SAO_6726-10,São Paulo,3550308,True,,1193,,,-23.736596499999997,-46.6971045,,,,1,2023-06-15T16:48:10+00:00
SAO_6726-10,São Paulo,3550308,True,,1193,,,-23.736596499999997,-46.6971045,,,,1,2023-06-15T16:48:40+00:00
SAO_6726-10,São Paulo,3550308,True,,1193,,,-23.744825499999997,-46.668499999999995,,,,1,2023-06-15T16:48:26+00:00
SAO_6726-10,São Paulo,3550308,True,,1193,,,-23.7563975,-46.6678165,,,,1,2023-06-15T16:48:47+00:00
SAO_6726-10,São Paulo,3550308,True,,1193,,,-23.745667,-46.689012000000005,,,,1,2023-06-15T16:48:16+00:00
SAO_6726-10,São Paulo,3550308,True,,1193,,,-23.736596499999997,-46.6971045,,,,1,2023-06-15T16:48:11+00:00
SAO_6726-10,São Paulo,3550308,True,,1193,,,-23.736596499999997,-46.6971045,,,,1,2023-06-15T16:48:38+00:00
SAO_407M-10,São Paulo,3550308,True,,318,,,-23.5890905,-46.621204000000006,,,,1,2023-06-15T16:48:22+00:00
SAO_407R-10,São Paulo,3550308,True,,34969,,,-23.5577635,-46.522865499999995,,,,2,2023-06-15T16:48:44+00:00
SAO_407R-10,São Paulo,3550308,True,,34969,,,-23.560829625,-46.564817999999995,,,,2,2023-06-15T16:48:08+00:00
SAO_407R-10,São Paulo,3550308,True,,34969,,,-23.561888500000002,-46.522258,,,,2,2023-06-15T16:48:26+00:00
SAO_407R-10,São Paulo,3550308,True,,34969,,,-23.5463485,-46.584469875,,,,2,2023-06-15T16:48:38+00:00
SAO_7055-10,São Paulo,3550308,True,,34656,,,-23.693067,-46.7912135,,,,2,2023-06-15T16:48:46+00:00
SAO_7055-10,São Paulo,3550308,True,,34656,,,-23.6923765,-46.7911055,,,,2,2023-06-15T16:48:35+00:00
SAO_7055-10,São Paulo,3550308,True,,34656,,,-23.69289,-46.791275999999996,,,,2,2023-06-15T16:48:25+00:00
SAO_7055-10,São Paulo,3550308,True,,34656,,,-23.6925175,-46.7912115,,,,2,2023-06-15T16:48:28+00:00
SAO_7055-10,São Paulo,3550308,True,,34656,,,-23.681656500000003,-46.7844755,,,,2,2023-06-15T16:48:31+00:00
SAO_7055-10,São Paulo,3550308,True,,34656,,,-23.6645605,-46.770251,,,,2,2023-06-15T16:48:10+00:00
SAO_7055-10,São Paulo,3550308,True,,34656,,,-23.6340175,-46.774274,,,,2,2023-06-15T16:48:46+00:00
SAO_7055-10,São Paulo,3550308,True,,34656,,,-23.658069,-46.7754705,,,,2,2023-06-15T16:48:09+00:00
SAO_7055-10,São Paulo,3550308,True,,34656,,,-23.631028999999998,-46.7731495,,,,2,2023-06-15T16:48:35+00:00
SAO_7055-10,São Paulo,3550308,True,,34656,,,-23.6921555,-46.7909265,,,,2,2023-06-15T16:48:27+00:00
SAO_5015-10,São Paulo,3550308,True,,33887,,,-23.691779,-46.65973,,,,2,2023-06-15T16:48:25+00:00
SAO_5015-10,São Paulo,3550308,True,,33887,,,-23.691779,-46.65973,,,,2,2023-06-15T16:48:38+00:00
SAO_5015-10,São Paulo,3550308,True,,33887,,,-23.682536874999997,-46.643675125,,,,2,2023-06-15T16:44:17+00:00
SAO_5015-10,São Paulo,3550308,True,,33887,,,-23.691779,-46.65973,,,,2,2023-06-15T16:48:03+00:00
SAO_5015-10,São Paulo,3550308,True,,33887,,,-23.6473075,-46.6389825,,,,2,2023-06-15T16:48:20+00:00
SAO_5015-10,São Paulo,3550308,True,,33887,,,-23.6785845,-46.663495499999996,,,,2,2023-06-15T16:48:12+00:00
SAO_5015-10,São Paulo,3550308,True,,33887,,,-23.671509999999998,-46.644177,,,,2,2023-06-15T16:48:12+00:00
SAO_5015-10,São Paulo,3550308,True,,33887,,,-23.648086499999998,-46.6402415,,,,2,2023-06-15T16:48:34+00:00
SAO_5015-10,São Paulo,3550308,True,,33887,,,-23.669463,-46.6367755,,,,2,2023-06-15T16:48:45+00:00
SAO_5015-10,São Paulo,3550308,True,,33887,,,-23.6473075,-46.6389825,,,,2,2023-06-15T16:48:06+00:00
SAO_8040-10,São Paulo,3550308,True,,406,,,-23.5208515,-46.7036495,,,,1,2023-06-15T16:48:06+00:00
SAO_8040-10,São Paulo,3550308,True,,406,,,-23.435781499999997,-46.7825775,,,,1,2023-06-15T16:48:44+00:00
SAO_8040-10,São Paulo,3550308,True,,406,,,-23.5078291875,-46.7453735625,,,,1,2023-06-15T16:48:31+00:00
SAO_8040-10,São Paulo,3550308,True,,406,,,-23.4877855,-46.7581515,,,,1,2023-06-15T16:48:31+00:00
SAO_6084-10,São Paulo,3550308,True,,1169,,,-23.7781725,-46.68171425,,,,1,2023-06-15T16:48:33+00:00
SAO_6084-10,São Paulo,3550308,True,,1169,,,-23.767644,-46.698346,,,,1,2023-06-15T16:48:18+00:00
SAO_6084-10,São Paulo,3550308,True,,1169,,,-23.7676985,-46.716468500000005,,,,1,2023-06-15T16:48:21+00:00
SAO_9784-10,São Paulo,3550308,True,EMTU,827,https://moovitapp.com/index/pt-br/transporte_p%C3%BAblico-line-827-Sao_Paulo-242-2038937-36419596-0,12.1,-23.5246975,-46.669323000000006,,,,1,2023-06-15T16:48:20+00:00
SAO_9784-10,São Paulo,3550308,True,EMTU,827,https://moovitapp.com/index/pt-br/transporte_p%C3%BAblico-line-827-Sao_Paulo-242-2038937-36419596-0,12.1,-23.464015,-46.668245,,,,1,2023-06-15T16:48:39+00:00
SAO_9784-10,São Paulo,3550308,True,EMTU,827,https://moovitapp.com/index/pt-br/transporte_p%C3%BAblico-line-827-Sao_Paulo-242-2038937-36419596-0,12.1,-23.50616,-46.669624999999996,,,,1,2023-06-15T16:48:26+00:00
SAO_9784-10,São Paulo,3550308,True,EMTU,827,https://moovitapp.com/index/pt-br/transporte_p%C3%BAblico-line-827-Sao_Paulo-242-2038937-36419596-0,12.1,-23.4505345,-46.6792215,,,,1,2023-06-15T16:48:18+00:00
SAO_9784-10,São Paulo,3550308,True,EMTU,827,https://moovitapp.com/index/pt-br/transporte_p%C3%BAblico-line-827-Sao_Paulo-242-2038937-36419596-0,12.1,-23.494426500000003,-46.6600405,,,,1,2023-06-15T16:48:39+00:00
SAO_9784-10,São Paulo,3550308,True,EMTU,827,https://moovitapp.com/index/pt-br/transporte_p%C3%BAblico-line-827-Sao_Paulo-242-2038937-36419596-0,12.1,-23.450728249999997,-46.68142025,,,,1,2023-06-15T16:48:03+00:00
SAO_9784-10,São Paulo,3550308,True,EMTU,827,https://moovitapp.com/index/pt-br/transporte_p%C3%BAblico-line-827-Sao_Paulo-242-2038937-36419596-0,12.1,-23.4503535,-46.683854999999994,,,,1,2023-06-15T16:48:17+00:00
SAO_9784-10,São Paulo,3550308,True,EMTU,827,https://moovitapp.com/index/pt-br/transporte_p%C3%BAblico-line-827-Sao_Paulo-242-2038937-36419596-0,12.1,-23.4817745,-46.655383,,,,1,2023-06-15T16:48:09+00:00
SAO_9784-10,São Paulo,3550308,True,EMTU,827,https://moovitapp.com/index/pt-br/transporte_p%C3%BAblico-line-827-Sao_Paulo-242-2038937-36419596-0,12.1,-23.4503535,-46.683854999999994,,,,1,2023-06-15T16:48:15+00:00
SAO_2728-10,São Paulo,3550308,True,,943,,,-23.52682,-46.5499655,,,,1,2023-06-15T16:48:27+00:00
SAO_2728-10,São Paulo,3550308,True,,943,,,-23.520867000000003,-46.549279999999996,,,,1,2023-06-15T16:48:07+00:00
SAO_2728-10,São Paulo,3550308,True,,943,,,-23.508127,-46.5348405,,,,1,2023-06-15T16:48:09+00:00
SAO_2728-10,São Paulo,3550308,True,,943,,,-23.5014245,-46.512783,,,,1,2023-06-15T16:48:06+00:00
SAO_2728-10,São Paulo,3550308,True,,943,,,-23.533211,-46.543845,,,,1,2023-06-15T16:48:32+00:00
SAO_2728-10,São Paulo,3550308,True,,943,,,-23.505415499999998,-46.516107500000004,,,,1,2023-06-15T16:48:13+00:00
SAO_2728-10,São Paulo,3550308,True,,943,,,-23.50065875,-46.51341575,,,,1,2023-06-15T16:48:30+00:00
SAO_2728-10,São Paulo,3550308,True,,943,,,-23.533263499999997,-46.544112,,,,1,2023-06-15T16:48:21+00:00
SAO_414P-10,São Paulo,3550308,True,,33873,,,-23.53627125,-46.56535075,,,,2,2023-06-15T16:48:36+00:00
SAO_414P-10,São Paulo,3550308,True,,33873,,,-23.592294000000003,-46.5292885,,,,2,2023-06-15T16:48:08+00:00
SAO_414P-10,São Paulo,3550308,True,,33873,,,-23.5560405,-46.554469,,,,2,2023-06-15T16:48:32+00:00
SAO_414P-10,São Paulo,3550308,True,,33873,,,-23.572165875,-46.54073224999999,,,,2,2023-06-15T16:48:36+00:00
SAO_414P-10,São Paulo,3550308,True,,33873,,,-23.60614275,-46.53085475,,,,2,2023-06-15T16:48:09+00:00
SAO_414P-10,São Paulo,3550308,True,,33873,,,-23.55402225,-46.56077325,,,,2,2023-06-15T16:48:26+00:00
SAO_414P-10,São Paulo,3550308,True,,33873,,,-23.6103715,-46.529692,,,,2,2023-06-15T16:48:39+00:00
SAO_414P-10,São Paulo,3550308,True,,33873,,,-23.6102795,-46.5296235,,,,2,2023-06-15T16:48:43+00:00
SAO_414P-10,São Paulo,3550308,True,,33873,,,-23.54796175,-46.573753999999994,,,,2,2023-06-15T16:48:23+00:00
SAO_524M-10,São Paulo,3550308,True,,34399,,,-23.619122750000002,-46.4958135,,,,2,2023-06-15T16:48:33+00:00
SAO_524M-10,São Paulo,3550308,True,,34399,,,-23.5946305,-46.503217500000005,,,,2,2023-06-15T16:48:14+00:00
SAO_524M-10,São Paulo,3550308,True,,34399,,,-23.6073725,-46.5013755,,,,2,2023-06-15T16:48:38+00:00
SAO_524M-10,São Paulo,3550308,True,,34399,,,-23.6142385,-46.497279,,,,2,2023-06-15T16:48:07+00:00
SAO_524M-10,São Paulo,3550308,True,,34399,,,-23.619122750000002,-46.4958135,,,,2,2023-06-15T16:48:43+00:00
SAO_524M-10,São Paulo,3550308,True,,34399,,,-23.5645445,-46.508259,,,,2,2023-06-15T16:48:28+00:00
SAO_3098-10,São Paulo,3550308,True,,1078,,,-23.632133500000002,-46.4563395,,,,1,2023-06-15T16:48:21+00:00
SAO_3098-10,São Paulo,3550308,True,,1078,,,-23.637345250000003,-46.463046,,,,1,2023-06-15T16:48:15+00:00
SAO_3098-10,São Paulo,3550308,True,,1078,,,-23.614929,-46.4703365,,,,1,2023-06-15T16:48:04+00:00
SAO_3098-10,São Paulo,3550308,True,,1078,,,-23.5813125,-46.491349,,,,1,2023-06-15T16:48:21+00:00
SAO_3098-10,São Paulo,3550308,True,,1078,,,-23.6341465,-46.45404775,,,,1,2023-06-15T16:48:22+00:00
SAO_3098-10,São Paulo,3550308,True,,1078,,,-23.610467,-46.476589375,,,,1,2023-06-15T16:48:33+00:00
SAO_3098-10,São Paulo,3550308,True,,1078,,,-23.5645445,-46.508259,,,,1,2023-06-15T16:48:42+00:00
SAO_373T-10,São Paulo,3550308,True,,33859,,,-23.583010625,-46.569486125,,,,2,2023-06-15T16:48:38+00:00
SAO_373T-10,São Paulo,3550308,True,,33859,,,-23.5941885,-46.498267,,,,2,2023-06-15T16:48:15+00:00
SAO_373T-10,São Paulo,3550308,True,,33859,,,-23.5941885,-46.498267,,,,2,2023-06-15T16:48:21+00:00
SAO_373T-10,São Paulo,3550308,True,,33859,,,-23.5835515,-46.5477595,,,,2,2023-06-15T16:48:04+00:00
SAO_373T-10,São Paulo,3550308,True,,33859,,,-23.5859285,-46.5258975,,,,2,2023-06-15T16:48:38+00:00
SAO_373T-10,São Paulo,3550308,True,,33859,,,-23.5469055,-46.6063945,,,,2,2023-06-15T16:48:35+00:00
SAO_373T-10,São Paulo,3550308,True,,33859,,,-23.5941885,-46.498267,,,,2,2023-06-15T16:48:32+00:00
SAO_373T-10,São Paulo,3550308,True,,33859,,,-23.5941885,-46.498267,,,,2,2023-06-15T16:48:20+00:00
SAO_373T-10,São Paulo,3550308,True,,33859,,,-23.5847495,-46.522019,,,,2,2023-06-15T16:48:33+00:00
SAO_373T-10,São Paulo,3550308,True,,33859,,,-23.598914999999998,-46.5131125,,,,2,2023-06-15T16:48:15+00:00
SAO_373T-10,São Paulo,3550308,True,,33859,,,-23.58173075,-46.58667925,,,,2,2023-06-15T16:48:21+00:00
SAO_373T-10,São Paulo,3550308,True,,33859,,,-23.5469055,-46.6063945,,,,2,2023-06-15T16:48:39+00:00
SAO_209P-10,São Paulo,3550308,True,,2216,,,-23.5179345,-46.680298,,,,1,2023-06-15T16:48:06+00:00
SAO_209P-10,São Paulo,3550308,True,,2216,,,-23.46998575,-46.670573000000005,,,,1,2023-06-15T16:48:11+00:00
SAO_209P-10,São Paulo,3550308,True,,2216,,,-23.566276000000002,-46.702037000000004,,,,1,2023-06-15T16:48:32+00:00
SAO_209P-10,São Paulo,3550308,True,,2216,,,-23.55763925,-46.682398375,,,,1,2023-06-15T16:48:30+00:00
SAO_209P-10,São Paulo,3550308,True,,2216,,,-23.47180475,-46.67047275,,,,1,2023-06-15T16:48:41+00:00
SAO_209P-10,São Paulo,3550308,True,,2216,,,-23.5024575,-46.68765775,,,,1,2023-06-15T16:48:29+00:00
SAO_209P-10,São Paulo,3550308,True,,2216,,,-23.524915,-46.6708895,,,,1,2023-06-15T16:48:41+00:00
SAO_209P-10,São Paulo,3550308,True,,2216,,,-23.561513625000003,-46.68813725,,,,1,2023-06-15T16:48:05+00:00
SAO_5791-10,São Paulo,3550308,True,,607,,,-23.567601,-46.6399165,,,,1,2023-06-15T16:48:12+00:00
SAO_5791-10,São Paulo,3550308,True,,607,,,-23.71619,-46.62593,,,,1,2023-06-15T16:48:39+00:00
SAO_5791-10,São Paulo,3550308,True,,607,,,-23.68527075,-46.6332995,,,,1,2023-06-15T16:48:16+00:00
SAO_5791-10,São Paulo,3550308,True,,607,,,-23.61768525,-46.638971,,,,1,2023-06-15T16:48:07+00:00
SAO_5791-10,São Paulo,3550308,True,,607,,,-23.6465645,-46.6404195,,,,1,2023-06-15T16:47:29+00:00
SAO_5791-10,São Paulo,3550308,True,,607,,,-23.71619,-46.62593,,,,1,2023-06-15T16:48:09+00:00
SAO_5791-10,São Paulo,3550308,True,,607,,,-23.5677885,-46.639945999999995,,,,1,2023-06-15T16:48:19+00:00
SAO_5791-10,São Paulo,3550308,True,,607,,,-23.5734135,-46.642413875,,,,1,2023-06-15T16:48:35+00:00
SAO_5791-10,São Paulo,3550308,True,,607,,,-23.699313500000002,-46.64062475,,,,1,2023-06-15T16:48:10+00:00
SAO_5791-10,São Paulo,3550308,True,,607,,,-23.593819875,-46.636523125000004,,,,1,2023-06-15T16:48:22+00:00
SAO_5791-10,São Paulo,3550308,True,,607,,,-23.56320075,-46.64092625,,,,1,2023-06-15T16:48:07+00:00
SAO_2720-10,São Paulo,3550308,True,,933,,,-23.52835225,-46.5179975,,,,1,2023-06-15T16:48:23+00:00
SAO_2720-10,São Paulo,3550308,True,,933,,,-23.493471,-46.470558,,,,1,2023-06-15T16:48:33+00:00
SAO_2720-10,São Paulo,3550308,True,,933,,,-23.507372125000003,-46.488834374999996,,,,1,2023-06-15T16:48:15+00:00
SAO_2720-10,São Paulo,3550308,True,,933,,,-23.522844,-46.519173,,,,1,2023-06-15T16:48:36+00:00
SAO_2720-10,São Paulo,3550308,True,,933,,,-23.4931135,-46.4701905,,,,1,2023-06-15T16:48:04+00:00
SAO_2720-10,São Paulo,3550308,True,,933,,,-23.4897955,-46.4773815,,,,1,2023-06-15T16:48:26+00:00
SAO_2720-10,São Paulo,3550308,True,,933,,,-23.507390375,-46.489095125000006,,,,1,2023-06-15T16:48:12+00:00
SAO_756A-10,São Paulo,3550308,True,,33561,,,-23.614101374999997,-46.694366124999995,,,,2,2023-06-15T16:48:40+00:00
SAO_756A-10,São Paulo,3550308,True,,33561,,,-23.589143,-46.722674125,,,,2,2023-06-15T16:48:26+00:00
SAO_756A-10,São Paulo,3550308,True,,33561,,,-23.603991999999998,-46.7885615,,,,2,2023-06-15T16:48:06+00:00
SAO_756A-10,São Paulo,3550308,True,,33561,,,-23.61685575,-46.711157125,,,,2,2023-06-15T16:48:36+00:00
SAO_756A-10,São Paulo,3550308,True,,33561,,,-23.614005125,-46.694721375,,,,2,2023-06-15T16:48:45+00:00
SAO_756A-10,São Paulo,3550308,True,,33561,,,-23.5967025,-46.759418,,,,2,2023-06-15T16:48:10+00:00
SAO_756A-10,São Paulo,3550308,True,,33561,,,-23.598115999999997,-46.7961385,,,,2,2023-06-15T16:48:18+00:00
SAO_756A-10,São Paulo,3550308,True,,33561,,,-23.59755075,-46.756819750000005,,,,2,2023-06-15T16:48:28+00:00
SAO_2730-10,São Paulo,3550308,True,,33713,,,-23.510537499999998,-46.4468945,,,,2,2023-06-15T16:48:17+00:00
SAO_2730-10,São Paulo,3550308,True,,33713,,,-23.531116625000003,-46.473692375,,,,2,2023-06-15T16:48:31+00:00
SAO_2730-10,São Paulo,3550308,True,,33713,,,-23.509568,-46.44579975,,,,2,2023-06-15T16:48:36+00:00
SAO_2730-10,São Paulo,3550308,True,,33713,,,-23.5090025,-46.448187,,,,2,2023-06-15T16:47:59+00:00
SAO_2730-10,São Paulo,3550308,True,,33713,,,-23.510495499999998,-46.4462745,,,,2,2023-06-15T16:48:17+00:00
SAO_2730-10,São Paulo,3550308,True,,33713,,,-23.50716525,-46.458202625,,,,2,2023-06-15T16:48:23+00:00
SAO_2730-10,São Paulo,3550308,True,,33713,,,-23.5202655,-46.468301,,,,2,2023-06-15T16:48:17+00:00
SAO_2730-10,São Paulo,3550308,True,,33713,,,-23.5403095,-46.483497,,,,2,2023-06-15T16:48:44+00:00
SAO_2730-10,São Paulo,3550308,True,,33713,,,-23.510537499999998,-46.4468945,,,,2,2023-06-15T16:48:29+00:00
SAO_2730-10,São Paulo,3550308,True,,33713,,,-23.510537499999998,-46.4468945,,,,2,2023-06-15T16:48:08+00:00
SAO_4111-10,São Paulo,3550308,True,,33088,,,-23.575937,-46.61345,,,,2,2023-06-15T16:48:21+00:00
SAO_4111-10,São Paulo,3550308,True,,33088,,,-23.57562375,-46.620910499999994,,,,2,2023-06-15T16:48:16+00:00
SAO_4111-10,São Paulo,3550308,True,,33088,,,-23.575937,-46.61345,,,,2,2023-06-15T16:48:06+00:00
SAO_709M-10,São Paulo,3550308,True,,35230,,,-23.576913500000003,-46.68722325,,,,2,2023-06-15T16:48:21+00:00
SAO_709M-10,São Paulo,3550308,True,,35230,,,-23.567809,-46.699926500000004,,,,2,2023-06-15T16:48:22+00:00
SAO_709M-10,São Paulo,3550308,True,,35230,,,-23.6433235,-46.70051375,,,,2,2023-06-15T16:48:27+00:00
SAO_6038-10,São Paulo,3550308,True,,33984,,,-23.6591095,-46.766191,,,,2,2023-06-15T16:48:29+00:00
SAO_6038-10,São Paulo,3550308,True,,33984,,,-23.648877499999998,-46.753294499999996,,,,2,2023-06-15T16:48:34+00:00
SAO_6038-10,São Paulo,3550308,True,,33984,,,-23.659830499999998,-46.76968,,,,2,2023-06-15T16:48:42+00:00
SAO_6038-10,São Paulo,3550308,True,,33984,,,-23.641555,-46.716116375,,,,2,2023-06-15T16:48:44+00:00
SAO_6038-10,São Paulo,3550308,True,,33984,,,-23.6606095,-46.7777425,,,,2,2023-06-15T16:48:15+00:00
SAO_6038-10,São Paulo,3550308,True,,33984,,,-23.641811624999995,-46.713689625,,,,2,2023-06-15T16:48:37+00:00
SAO_6038-10,São Paulo,3550308,True,,33984,,,-23.6582735,-46.7893885,,,,2,2023-06-15T16:48:27+00:00
SAO_6038-10,São Paulo,3550308,True,,33984,,,-23.642930749999998,-46.736292000000006,,,,2,2023-06-15T16:48:45+00:00
SAO_4021-10,São Paulo,3550308,True,,35316,,,-23.542792499999997,-46.470580999999996,,,,2,2023-06-15T16:48:07+00:00
SAO_4021-10,São Paulo,3550308,True,,35316,,,-23.542792499999997,-46.470580999999996,,,,2,2023-06-15T16:48:24+00:00
SAO_4021-10,São Paulo,3550308,True,,35316,,,-23.543105,-46.46927075,,,,2,2023-06-15T16:48:05+00:00
SAO_4021-10,São Paulo,3550308,True,,35316,,,-23.55114075,-46.457085500000005,,,,2,2023-06-15T16:48:21+00:00
SAO_648P-10,São Paulo,3550308,True,,66,,,-23.64471425,-46.726479,,,,1,2023-06-15T16:48:10+00:00
SAO_648P-10,São Paulo,3550308,True,,66,,,-23.588073,-46.6842925,,,,1,2023-06-15T16:48:19+00:00
SAO_648P-10,São Paulo,3550308,True,,66,,,-23.5925655,-46.689128499999995,,,,1,2023-06-15T16:48:21+00:00
SAO_648P-10,São Paulo,3550308,True,,66,,,-23.56532825,-46.69718675,,,,1,2023-06-15T16:48:26+00:00
SAO_648P-10,São Paulo,3550308,True,,66,,,-23.575620999999998,-46.6877935,,,,1,2023-06-15T16:48:21+00:00
SAO_573H-10,São Paulo,3550308,True,,1630,,,-23.584845,-46.5229395,,,,1,2023-06-15T16:48:28+00:00
SAO_573H-10,São Paulo,3550308,True,,1630,,,-23.562196125,-46.593394124999996,,,,1,2023-06-15T16:48:28+00:00
SAO_573H-10,São Paulo,3550308,True,,1630,,,-23.546872999999998,-46.608591000000004,,,,1,2023-06-15T16:48:22+00:00
SAO_573H-10,São Paulo,3550308,True,,1630,,,-23.5760665,-46.5724695,,,,1,2023-06-15T16:48:15+00:00
SAO_573H-10,São Paulo,3550308,True,,1630,,,-23.607314000000002,-46.501724499999995,,,,1,2023-06-15T16:48:46+00:00
SAO_573H-10,São Paulo,3550308,True,,1630,,,-23.6116475,-46.493727,,,,1,2023-06-15T16:48:41+00:00
SAO_573H-10,São Paulo,3550308,True,,1630,,,-23.6116475,-46.493727,,,,1,2023-06-15T16:48:13+00:00
SAO_573H-10,São Paulo,3550308,True,,1630,,,-23.5646415,-46.5897985,,,,1,2023-06-15T16:48:37+00:00
SAO_573H-10,São Paulo,3550308,True,,1630,,,-23.5764595,-46.550095,,,,1,2023-06-15T16:48:44+00:00
SAO_573H-10,São Paulo,3550308,True,,1630,,,-23.592233999999998,-46.501965,,,,1,2023-06-15T16:48:44+00:00
SAO_6L07-10,São Paulo,3550308,True,,34313,,,-23.7783655,-46.715596000000005,,,,2,2023-06-15T16:48:08+00:00
SAO_6L07-10,São Paulo,3550308,True,,34313,,,-23.831390374999998,-46.712019875,,,,2,2023-06-15T16:48:23+00:00
SAO_6L07-10,São Paulo,3550308,True,,34313,,,-23.8313465,-46.711774500000004,,,,2,2023-06-15T16:48:43+00:00
SAO_9653-10,São Paulo,3550308,True,EMTU,588,https://moovitapp.com/index/pt-br/transporte_p%C3%BAblico-line-588-Sao_Paulo-242-2038937-36419575-0,7.55,-23.4578955,-46.642895499999995,,,,1,2023-06-15T16:48:30+00:00
SAO_9653-10,São Paulo,3550308,True,EMTU,588,https://moovitapp.com/index/pt-br/transporte_p%C3%BAblico-line-588-Sao_Paulo-242-2038937-36419575-0,7.55,-23.542944499999997,-46.6366755,,,,1,2023-06-15T16:48:28+00:00
SAO_9653-10,São Paulo,3550308,True,EMTU,588,https://moovitapp.com/index/pt-br/transporte_p%C3%BAblico-line-588-Sao_Paulo-242-2038937-36419575-0,7.55,-23.5231353125,-46.6522151875,,,,1,2023-06-15T16:48:38+00:00
SAO_9653-10,São Paulo,3550308,True,EMTU,588,https://moovitapp.com/index/pt-br/transporte_p%C3%BAblico-line-588-Sao_Paulo-242-2038937-36419575-0,7.55,-23.483288,-46.673646,,,,1,2023-06-15T16:48:33+00:00
SAO_9653-10,São Paulo,3550308,True,EMTU,588,https://moovitapp.com/index/pt-br/transporte_p%C3%BAblico-line-588-Sao_Paulo-242-2038937-36419575-0,7.55,-23.464938,-46.636599000000004,,,,1,2023-06-15T16:48:16+00:00
SAO_695X-10,São Paulo,3550308,True,,34209,,,-23.68787,-46.696428,,,,2,2023-06-15T16:47:56+00:00
SAO_695X-10,São Paulo,3550308,True,,34209,,,-23.695022249999997,-46.699627875,,,,2,2023-06-15T16:47:32+00:00
SAO_695X-10,São Paulo,3550308,True,,34209,,,-23.6435835,-46.67299,,,,2,2023-06-15T16:48:38+00:00
SAO_695X-10,São Paulo,3550308,True,,34209,,,-23.766890250000003,-46.7169705,,,,2,2023-06-15T16:48:23+00:00
SAO_695X-10,São Paulo,3550308,True,,34209,,,-23.6667985,-46.677833500000006,,,,2,2023-06-15T16:48:44+00:00
SAO_695X-10,São Paulo,3550308,True,,34209,,,-23.638430500000002,-46.669341749999994,,,,2,2023-06-15T16:48:44+00:00
SAO_695X-10,São Paulo,3550308,True,,34209,,,-23.680947,-46.688211,,,,2,2023-06-15T16:43:55+00:00
SAO_695X-10,São Paulo,3550308,True,,34209,,,-23.647087499999998,-46.63931,,,,2,2023-06-15T16:44:49+00:00
SAO_695X-10,São Paulo,3550308,True,,34209,,,-23.759537,-46.715331,,,,2,2023-06-15T16:48:45+00:00
SAO_695X-10,São Paulo,3550308,True,,34209,,,-23.646328000000004,-46.643005,,,,2,2023-06-15T16:48:43+00:00
SAO_695X-10,São Paulo,3550308,True,,34209,,,-23.759342500000002,-46.715306,,,,2,2023-06-15T16:48:37+00:00
SAO_4732-10,São Paulo,3550308,True,,33070,,,-23.647517999999998,-46.6006515,,,,2,2023-06-15T16:44:24+00:00
SAO_4732-10,São Paulo,3550308,True,,33070,,,-23.6232765,-46.630731,,,,2,2023-06-15T16:48:40+00:00
SAO_4732-10,São Paulo,3550308,True,,33070,,,-23.641888,-46.60634025,,,,2,2023-06-15T16:48:24+00:00
SAO_4732-10,São Paulo,3550308,True,,33070,,,-23.6475985,-46.601049,,,,2,2023-06-15T16:48:38+00:00
SAO_177H-10,São Paulo,3550308,True,,33398,,,-23.538528749999998,-46.6548195,,,,2,2023-06-15T16:48:45+00:00
SAO_177H-10,São Paulo,3550308,True,,33398,,,-23.5544825,-46.672359625,,,,2,2023-06-15T16:48:38+00:00
SAO_177H-10,São Paulo,3550308,True,,33398,,,-23.570155,-46.697888250000005,,,,2,2023-06-15T16:48:05+00:00
SAO_177H-10,São Paulo,3550308,True,,33398,,,-23.5029245,-46.6555915,,,,2,2023-06-15T16:48:29+00:00
SAO_546J-31,São Paulo,3550308,True,,34783,,,-23.68778,-46.65928825,,,,2,2023-06-15T16:48:24+00:00
SAO_546J-31,São Paulo,3550308,True,,34783,,,-23.68778,-46.65928825,,,,2,2023-06-15T16:48:40+00:00
SAO_546J-31,São Paulo,3550308,True,,34783,,,-23.665792,-46.677240499999996,,,,2,2023-06-15T16:48:40+00:00
SAO_695Y-10,São Paulo,3550308,True,,33966,,,-23.599003,-46.648081,,,,2,2023-06-15T16:48:36+00:00
SAO_695Y-10,São Paulo,3550308,True,,33966,,,-23.644555000000004,-46.701621375,,,,2,2023-06-15T16:48:21+00:00
SAO_695Y-10,São Paulo,3550308,True,,33966,,,-23.672673500000002,-46.687075750000005,,,,2,2023-06-15T16:48:19+00:00
SAO_695Y-10,São Paulo,3550308,True,,33966,,,-23.827983,-46.727349000000004,,,,2,2023-06-15T16:48:34+00:00
SAO_695Y-10,São Paulo,3550308,True,,33966,,,-23.8279045,-46.727655,,,,2,2023-06-15T16:48:07+00:00
SAO_695Y-10,São Paulo,3550308,True,,33966,,,-23.685366000000002,-46.6930385,,,,2,2023-06-15T16:48:42+00:00
SAO_695Y-10,São Paulo,3550308,True,,33966,,,-23.7161115,-46.6992665,,,,2,2023-06-15T16:48:44+00:00
SAO_695Y-10,São Paulo,3550308,True,,33966,,,-23.643996,-46.7012325,,,,2,2023-06-15T16:48:27+00:00
SAO_695Y-10,São Paulo,3550308,True,,33966,,,-23.827945999999997,-46.727483500000005,,,,2,2023-06-15T16:48:42+00:00
SAO_695Y-10,São Paulo,3550308,True,,33966,,,-23.589460000000003,-46.633678,,,,2,2023-06-15T16:48:41+00:00
SAO_695Y-10,São Paulo,3550308,True,,33966,,,-23.7770115,-46.723006,,,,2,2023-06-15T16:47:54+00:00
SAO_695Y-10,São Paulo,3550308,True,,33966,,,-23.65107175,-46.70392125000001,,,,2,2023-06-15T16:48:28+00:00
SAO_695Y-10,São Paulo,3550308,True,,33966,,,-23.752671749999998,-46.71112875,,,,2,2023-06-15T16:48:32+00:00
SAO_695Y-10,São Paulo,3550308,True,,33966,,,-23.7647345,-46.7167295,,,,2,2023-06-15T16:48:13+00:00
SAO_695Y-10,São Paulo,3550308,True,,33966,,,-23.827945999999997,-46.727483500000005,,,,2,2023-06-15T16:48:21+00:00
SAO_3768-10,São Paulo,3550308,True,,1056,,,-23.5864595,-46.386217,,,,1,2023-06-15T16:48:16+00:00
SAO_3768-10,São Paulo,3550308,True,,1056,,,-23.539736,-46.4314325,,,,1,2023-06-15T16:48:30+00:00
SAO_3768-10,São Paulo,3550308,True,,1056,,,-23.589670499999997,-46.3811555,,,,1,2023-06-15T16:48:27+00:00
SAO_4030-10,São Paulo,3550308,True,,33868,,,-23.603309749999998,-46.4819175,,,,2,2023-06-15T16:48:33+00:00
SAO_4030-10,São Paulo,3550308,True,,33868,,,-23.613425499999998,-46.4954365,,,,2,2023-06-15T16:48:26+00:00
SAO_4030-10,São Paulo,3550308,True,,33868,,,-23.569056125000003,-46.50882075,,,,2,2023-06-15T16:48:23+00:00
SAO_4030-10,São Paulo,3550308,True,,33868,,,-23.61519175,-46.48790975,,,,2,2023-06-15T16:48:02+00:00
SAO_4030-10,São Paulo,3550308,True,,33868,,,-23.615775499999998,-46.488022,,,,2,2023-06-15T16:48:20+00:00
SAO_4030-10,São Paulo,3550308,True,,33868,,,-23.590457375000003,-46.48960674999999,,,,2,2023-06-15T16:48:03+00:00
SAO_6000-10,São Paulo,3550308,True,,1140,,,-23.8284425,-46.72717900000001,,,,1,2023-06-15T16:48:09+00:00
SAO_6000-10,São Paulo,3550308,True,,1140,,,-23.82280875,-46.7354309375,,,,1,2023-06-15T16:48:43+00:00
SAO_6000-10,São Paulo,3550308,True,,1140,,,-23.777438500000002,-46.723049,,,,1,2023-06-15T16:46:26+00:00
SAO_6000-10,São Paulo,3550308,True,,1140,,,-23.70768725,-46.7126435,,,,1,2023-06-15T16:48:18+00:00
SAO_6000-10,São Paulo,3550308,True,,1140,,,-23.69344275,-46.71473925000001,,,,1,2023-06-15T16:48:39+00:00
SAO_6000-10,São Paulo,3550308,True,,1140,,,-23.791592,-46.727247500000004,,,,1,2023-06-15T16:46:19+00:00
SAO_6000-10,São Paulo,3550308,True,,1140,,,-23.8284425,-46.72717900000001,,,,1,2023-06-15T16:48:03+00:00
SAO_6000-10,São Paulo,3550308,True,,1140,,,-23.8268095,-46.7287365,,,,1,2023-06-15T16:48:41+00:00
SAO_6000-10,São Paulo,3550308,True,,1140,,,-23.673311124999998,-46.712194874999994,,,,1,2023-06-15T16:46:40+00:00
SAO_6000-10,São Paulo,3550308,True,,1140,,,-23.653927,-46.710094,,,,1,2023-06-15T16:48:04+00:00
SAO_6000-10,São Paulo,3550308,True,,1140,,,-23.653938,-46.709849000000006,,,,1,2023-06-15T16:48:17+00:00
SAO_6000-10,São Paulo,3550308,True,,1140,,,-23.736755000000002,-46.699207,,,,1,2023-06-15T16:48:10+00:00
SAO_6000-10,São Paulo,3550308,True,,1140,,,-23.653938,-46.709849000000006,,,,1,2023-06-15T16:48:39+00:00
SAO_6000-10,São Paulo,3550308,True,,1140,,,-23.8284425,-46.72717900000001,,,,1,2023-06-15T16:48:12+00:00
SAO_352A-10,São Paulo,3550308,True,,32932,,,-23.479100875,-46.421538125,,,,2,2023-06-15T16:48:12+00:00
SAO_352A-10,São Paulo,3550308,True,,32932,,,-23.6131955,-46.476123,,,,2,2023-06-15T16:48:02+00:00
SAO_352A-10,São Paulo,3550308,True,,32932,,,-23.49346225,-46.442254500000004,,,,2,2023-06-15T16:48:37+00:00
SAO_352A-10,São Paulo,3550308,True,,32932,,,-23.493356,-46.4419245,,,,2,2023-06-15T16:48:31+00:00
SAO_352A-10,São Paulo,3550308,True,,32932,,,-23.5279305,-46.447353,,,,2,2023-06-15T16:48:19+00:00
SAO_7011-10,São Paulo,3550308,True,,34720,,,-23.680083,-46.764894999999996,,,,2,2023-06-15T16:48:24+00:00
SAO_7011-10,São Paulo,3550308,True,,34720,,,-23.6905325,-46.774566500000006,,,,2,2023-06-15T16:48:21+00:00
SAO_7011-10,São Paulo,3550308,True,,34720,,,-23.707812,-46.7918005,,,,2,2023-06-15T16:48:16+00:00
SAO_917H-10,São Paulo,3550308,True,STT,456,https://moovitapp.com/index/pt-br/transporte_p%C3%BAblico-line-456-Sao_Paulo-242-850661-10416524-0,5.3,-23.58925,-46.63376375,,,,1,2023-06-15T16:48:13+00:00
SAO_917H-10,São Paulo,3550308,True,STT,456,https://moovitapp.com/index/pt-br/transporte_p%C3%BAblico-line-456-Sao_Paulo-242-850661-10416524-0,5.3,-23.484994999999998,-46.740922499999996,,,,1,2023-06-15T16:48:03+00:00
SAO_917H-10,São Paulo,3550308,True,STT,456,https://moovitapp.com/index/pt-br/transporte_p%C3%BAblico-line-456-Sao_Paulo-242-850661-10416524-0,5.3,-23.589214499999997,-46.634663,,,,1,2023-06-15T16:48:31+00:00
SAO_917H-10,São Paulo,3550308,True,STT,456,https://moovitapp.com/index/pt-br/transporte_p%C3%BAblico-line-456-Sao_Paulo-242-850661-10416524-0,5.3,-23.5660375,-46.65107437500001,,,,1,2023-06-15T16:48:28+00:00
SAO_917H-10,São Paulo,3550308,True,STT,456,https://moovitapp.com/index/pt-br/transporte_p%C3%BAblico-line-456-Sao_Paulo-242-850661-10416524-0,5.3,-23.5350955,-46.727051,,,,1,2023-06-15T16:48:08+00:00
SAO_917H-10,São Paulo,3550308,False,STT,456,https://moovitapp.com/index/pt-br/transporte_p%C3%BAblico-line-456-Sao_Paulo-242-850661-10416524-0,5.3,-23.589295999999997,-46.63421325,,,,1,2023-06-15T16:48:00+00:00
SAO_917H-10,São Paulo,3550308,True,STT,456,https://moovitapp.com/index/pt-br/transporte_p%C3%BAblico-line-456-Sao_Paulo-242-850661-10416524-0,5.3,-23.518444000000002,-46.753147125,,,,1,2023-06-15T16:48:17+00:00
SAO_917H-10,São Paulo,3550308,True,STT,456,https://moovitapp.com/index/pt-br/transporte_p%C3%BAblico-line-456-Sao_Paulo-242-850661-10416524-0,5.3,-23.589214499999997,-46.634663,,,,1,2023-06-15T16:48:38+00:00
SAO_917H-10,São Paulo,3550308,True,STT,456,https://moovitapp.com/index/pt-br/transporte_p%C3%BAblico-line-456-Sao_Paulo-242-850661-10416524-0,5.3,-23.5497585,-46.6811485,,,,1,2023-06-15T16:48:36+00:00
SAO_917H-10,São Paulo,3550308,True,STT,456,https://moovitapp.com/index/pt-br/transporte_p%C3%BAblico-line-456-Sao_Paulo-242-850661-10416524-0,5.3,-23.506237499999997,-46.74762,,,,1,2023-06-15T16:48:29+00:00
SAO_917H-10,São Paulo,3550308,True,STT,456,https://moovitapp.com/index/pt-br/transporte_p%C3%BAblico-line-456-Sao_Paulo-242-850661-10416524-0,5.3,-23.54294925,-46.69525075,,,,1,2023-06-15T16:48:39+00:00
SAO_917H-10,São Paulo,3550308,True,STT,456,https://moovitapp.com/index/pt-br/transporte_p%C3%BAblico-line-456-Sao_Paulo-242-850661-10416524-0,5.3,-23.486221999999998,-46.725944999999996,,,,1,2023-06-15T16:48:08+00:00
SAO_917H-10,São Paulo,3550308,True,STT,456,https://moovitapp.com/index/pt-br/transporte_p%C3%BAblico-line-456-Sao_Paulo-242-850661-10416524-0,5.3,-23.565439499999997,-46.651795875000005,,,,1,2023-06-15T16:47:12+00:00
SAO_917H-10,São Paulo,3550308,False,STT,456,https://moovitapp.com/index/pt-br/transporte_p%C3%BAblico-line-456-Sao_Paulo-242-850661-10416524-0,5.3,-23.486014,-46.7257505,,,,1,2023-06-15T16:48:33+00:00
SAO_4031-10,São Paulo,3550308,True,,33869,,,-23.6141885,-46.517275999999995,,,,2,2023-06-15T16:48:31+00:00
SAO_4031-10,São Paulo,3550308,True,,33869,,,-23.579967500000002,-46.581900000000005,,,,2,2023-06-15T16:48:42+00:00
SAO_4031-10,São Paulo,3550308,True,,33869,,,-23.591555,-46.5888205,,,,2,2023-06-15T16:48:43+00:00
SAO_4031-10,São Paulo,3550308,True,,33869,,,-23.6057865,-46.5126815,,,,2,2023-06-15T16:48:07+00:00
SAO_4031-10,São Paulo,3550308,True,,33869,,,-23.604267,-46.5177525,,,,2,2023-06-15T16:48:15+00:00
SAO_4031-10,São Paulo,3550308,True,,33869,,,-23.600323,-46.5372745,,,,2,2023-06-15T16:48:14+00:00
SAO_4031-10,São Paulo,3550308,True,,33869,,,-23.591961750000003,-46.551289249999996,,,,2,2023-06-15T16:48:45+00:00
SAO_6200-10,São Paulo,3550308,True,,33123,,,-23.586674,-46.691837500000005,,,,2,2023-06-15T16:48:38+00:00
SAO_6200-10,São Paulo,3550308,True,,33123,,,-23.571763625000003,-46.66419325,,,,2,2023-06-15T16:48:29+00:00
SAO_6200-10,São Paulo,3550308,True,,33123,,,-23.654935000000002,-46.715513625,,,,2,2023-06-15T16:48:12+00:00
SAO_6200-10,São Paulo,3550308,True,,33123,,,-23.58222225,-46.685465875,,,,2,2023-06-15T16:48:41+00:00
SAO_6200-10,São Paulo,3550308,True,,33123,,,-23.654344000000002,-46.713114000000004,,,,2,2023-06-15T16:48:24+00:00
SAO_6200-10,São Paulo,3550308,True,,33123,,,-23.549384500000002,-46.6394535,,,,2,2023-06-15T16:48:34+00:00
SAO_6200-10,São Paulo,3550308,True,,33123,,,-23.63845,-46.7247535,,,,2,2023-06-15T16:48:14+00:00
SAO_6200-10,São Paulo,3550308,True,,33123,,,-23.5510215,-46.645524249999994,,,,2,2023-06-15T16:48:45+00:00
SAO_6200-10,São Paulo,3550308,True,,33123,,,-23.6512215,-46.7196505,,,,2,2023-06-15T16:48:17+00:00
SAO_6200-10,São Paulo,3550308,True,,33123,,,-23.549384500000002,-46.6394535,,,,2,2023-06-15T16:48:14+00:00
SAO_6200-10,São Paulo,3550308,True,,33123,,,-23.64059675,-46.726294749999994,,,,2,2023-06-15T16:48:20+00:00
SAO_6200-10,São Paulo,3550308,True,,33123,,,-23.654320499999997,-46.7129215,,,,2,2023-06-15T16:48:05+00:00
SAO_6200-10,São Paulo,3550308,True,,33123,,,-23.5988295,-46.697057,,,,2,2023-06-15T16:48:24+00:00
SAO_6200-10,São Paulo,3550308,True,,33123,,,-23.580214499999997,-46.6786175,,,,2,2023-06-15T16:48:26+00:00
SAO_6200-10,São Paulo,3550308,True,,33123,,,-23.5570375,-46.6518485,,,,2,2023-06-15T16:48:38+00:00
SAO_702U-10,São Paulo,3550308,True,,34098,,,-23.543395500000003,-46.627023,,,,2,2023-06-15T16:48:02+00:00
SAO_702U-10,São Paulo,3550308,True,,34098,,,-23.565798,-46.7111515,,,,2,2023-06-15T16:48:23+00:00
SAO_702U-10,São Paulo,3550308,True,,34098,,,-23.5521175,-46.7315415,,,,2,2023-06-15T16:48:12+00:00
SAO_702U-10,São Paulo,3550308,True,,34098,,,-23.5554345,-46.7237375,,,,2,2023-06-15T16:48:07+00:00
SAO_702U-10,São Paulo,3550308,True,,34098,,,-23.547899,-46.6492035,,,,2,2023-06-15T16:48:44+00:00
SAO_702U-10,São Paulo,3550308,True,,34098,,,-23.560009375,-46.728400375,,,,2,2023-06-15T16:48:41+00:00
SAO_702U-10,São Paulo,3550308,True,,34098,,,-23.5431285,-46.6412365,,,,2,2023-06-15T16:48:19+00:00
SAO_5391-10,São Paulo,3550308,True,,32939,,,-23.692423,-46.7776975,,,,2,2023-06-15T16:48:30+00:00
SAO_5391-10,São Paulo,3550308,True,,32939,,,-23.692826,-46.7782155,,,,2,2023-06-15T16:48:08+00:00
SAO_5391-10,São Paulo,3550308,True,,32939,,,-23.681706,-46.766827750000004,,,,2,2023-06-15T16:48:29+00:00
SAO_5391-10,São Paulo,3550308,True,,32939,,,-23.644555000000004,-46.701621375,,,,2,2023-06-15T16:48:01+00:00
SAO_5391-10,São Paulo,3550308,True,,32939,,,-23.635838749999998,-46.692663249999995,,,,2,2023-06-15T16:48:41+00:00
SAO_5391-10,São Paulo,3550308,True,,32939,,,-23.692586,-46.7779375,,,,2,2023-06-15T16:48:02+00:00
SAO_5391-10,São Paulo,3550308,True,,32939,,,-23.650370000000002,-46.7069175,,,,2,2023-06-15T16:48:22+00:00
SAO_5391-10,São Paulo,3550308,True,,32939,,,-23.572406125,-46.641142875,,,,2,2023-06-15T16:48:07+00:00
SAO_5391-10,São Paulo,3550308,True,,32939,,,-23.58114725,-46.6574995,,,,2,2023-06-15T16:47:31+00:00
SAO_5391-10,São Paulo,3550308,True,,32939,,,-23.692718499999998,-46.778041,,,,2,2023-06-15T16:48:43+00:00
SAO_5391-10,São Paulo,3550308,True,,32939,,,-23.692826,-46.7782155,,,,2,2023-06-15T16:48:17+00:00
SAO_5128-10,São Paulo,3550308,True,,1128,,,-23.709861,-46.652393,,,,1,2023-06-15T16:46:50+00:00
SAO_5128-10,São Paulo,3550308,True,,1128,,,-23.687612,-46.640381000000005,,,,1,2023-06-15T16:44:53+00:00
SAO_5128-10,São Paulo,3550308,True,,1128,,,-23.6314365,-46.6415645,,,,1,2023-06-15T16:48:23+00:00
SAO_5128-10,São Paulo,3550308,True,,1128,,,-23.636491,-46.6411605,,,,1,2023-06-15T16:48:15+00:00
SAO_5128-10,São Paulo,3550308,True,,1128,,,-23.691687375,-46.6440985,,,,1,2023-06-15T16:48:15+00:00
SAO_576M-10,São Paulo,3550308,True,,604,,,-23.637977499999998,-46.6560605,,,,1,2023-06-15T16:48:03+00:00
SAO_576M-10,São Paulo,3550308,True,,604,,,-23.636491,-46.6411605,,,,1,2023-06-15T16:48:17+00:00
SAO_576M-10,São Paulo,3550308,True,,604,,,-23.63722625,-46.65213625,,,,1,2023-06-15T16:48:11+00:00
SAO_576M-10,São Paulo,3550308,True,,604,,,-23.59516875,-46.680012,,,,1,2023-06-15T16:48:28+00:00
SAO_576M-10,São Paulo,3550308,True,,604,,,-23.59307375,-46.68056625,,,,1,2023-06-15T16:48:32+00:00
SAO_875H-10,São Paulo,3550308,True,,34108,,,-23.589347,-46.6335725,,,,2,2023-06-15T16:48:22+00:00
SAO_875H-10,São Paulo,3550308,True,,34108,,,-23.520992749999998,-46.699836,,,,2,2023-06-15T16:48:29+00:00
SAO_875H-10,São Paulo,3550308,True,,34108,,,-23.5541215,-46.670616249999995,,,,2,2023-06-15T16:48:13+00:00
SAO_875H-10,São Paulo,3550308,True,,34108,,,-23.5752575,-46.6414405,,,,2,2023-06-15T16:48:31+00:00
SAO_875H-10,São Paulo,3550308,True,,34108,,,-23.56181025,-46.655956,,,,2,2023-06-15T16:48:43+00:00
SAO_875H-10,São Paulo,3550308,True,,34108,,,-23.5280065,-46.6801765,,,,2,2023-06-15T16:48:23+00:00
SAO_875H-10,São Paulo,3550308,True,,34108,,,-23.521074499999997,-46.699605500000004,,,,2,2023-06-15T16:48:12+00:00
SAO_514T-10,São Paulo,3550308,True,,1671,,,-23.584488999999998,-46.5419055,,,,1,2023-06-15T16:48:18+00:00
SAO_514T-10,São Paulo,3550308,True,,1671,,,-23.5929065,-46.4985205,,,,1,2023-06-15T16:48:10+00:00
SAO_514T-10,São Paulo,3550308,True,,1671,,,-23.593101500000003,-46.498408749999996,,,,1,2023-06-15T16:48:17+00:00
SAO_514T-10,São Paulo,3550308,True,,1671,,,-23.593101500000003,-46.498408749999996,,,,1,2023-06-15T16:48:28+00:00
SAO_514T-10,São Paulo,3550308,True,,1671,,,-23.602792,-46.6023785,,,,1,2023-06-15T16:48:05+00:00
SAO_514T-10,São Paulo,3550308,True,,1671,,,-23.5979195,-46.60840325,,,,1,2023-06-15T16:48:39+00:00
SAO_514T-10,São Paulo,3550308,True,,1671,,,-23.5830855,-46.6005955,,,,1,2023-06-15T16:48:42+00:00
SAO_514T-10,São Paulo,3550308,True,,1671,,,-23.5834495,-46.548140000000004,,,,1,2023-06-15T16:48:06+00:00
SAO_514T-10,São Paulo,3550308,True,,1671,,,-23.582895999999998,-46.600225,,,,1,2023-06-15T16:48:12+00:00
SAO_514T-10,São Paulo,3550308,True,,1671,,,-23.59663175,-46.516338000000005,,,,1,2023-06-15T16:48:46+00:00
SAO_514T-10,São Paulo,3550308,True,,1671,,,-23.5847185,-46.521733000000005,,,,1,2023-06-15T16:48:23+00:00
SAO_514T-10,São Paulo,3550308,True,,1671,,,-23.595152499999998,-46.503015500000004,,,,1,2023-06-15T16:48:37+00:00
SAO_514T-10,São Paulo,3550308,True,,1671,,,-23.58588575,-46.536795999999995,,,,1,2023-06-15T16:48:13+00:00
SAO_2703-10,São Paulo,3550308,True,Urubupungá,915,https://moovitapp.com/index/pt-br/transporte_p%C3%BAblico-line-915-Sao_Paulo-242-873835-75841134-0,4.6,-23.5254145,-46.443991499999996,,,,1,2023-06-15T16:48:04+00:00
SAO_2703-10,São Paulo,3550308,True,Urubupungá,915,https://moovitapp.com/index/pt-br/transporte_p%C3%BAblico-line-915-Sao_Paulo-242-873835-75841134-0,4.6,-23.5311565625,-46.4188646875,,,,1,2023-06-15T16:46:30+00:00
SAO_2703-10,São Paulo,3550308,True,Urubupungá,915,https://moovitapp.com/index/pt-br/transporte_p%C3%BAblico-line-915-Sao_Paulo-242-873835-75841134-0,4.6,-23.529542499999998,-46.420608,,,,1,2023-06-15T16:48:36+00:00
SAO_2703-10,São Paulo,3550308,True,Urubupungá,915,https://moovitapp.com/index/pt-br/transporte_p%C3%BAblico-line-915-Sao_Paulo-242-873835-75841134-0,4.6,-23.529542499999998,-46.420608,,,,1,2023-06-15T16:47:26+00:00
SAO_2703-10,São Paulo,3550308,True,Urubupungá,915,https://moovitapp.com/index/pt-br/transporte_p%C3%BAblico-line-915-Sao_Paulo-242-873835-75841134-0,4.6,-23.529542499999998,-46.420608,,,,1,2023-06-15T16:48:29+00:00
SAO_2703-10,São Paulo,3550308,True,Urubupungá,915,https://moovitapp.com/index/pt-br/transporte_p%C3%BAblico-line-915-Sao_Paulo-242-873835-75841134-0,4.6,-23.52842,-46.417739,,,,1,2023-06-15T16:48:19+00:00
SAO_2703-10,São Paulo,3550308,True,Urubupungá,915,https://moovitapp.com/index/pt-br/transporte_p%C3%BAblico-line-915-Sao_Paulo-242-873835-75841134-0,4.6,-23.5303265,-46.4195985,,,,1,2023-06-15T16:48:29+00:00
SAO_2703-10,São Paulo,3550308,True,Urubupungá,915,https://moovitapp.com/index/pt-br/transporte_p%C3%BAblico-line-915-Sao_Paulo-242-873835-75841134-0,4.6,-23.529542499999998,-46.420608,,,,1,2023-06-15T16:48:13+00:00
SAO_2703-10,São Paulo,3550308,True,Urubupungá,915,https://moovitapp.com/index/pt-br/transporte_p%C3%BAblico-line-915-Sao_Paulo-242-873835-75841134-0,4.6,-23.525900999999998,-46.4447715,,,,1,2023-06-15T16:45:06+00:00
SAO_2703-10,São Paulo,3550308,True,Urubupungá,915,https://moovitapp.com/index/pt-br/transporte_p%C3%BAblico-line-915-Sao_Paulo-242-873835-75841134-0,4.6,-23.5355895,-46.4545845,,,,1,2023-06-15T16:48:35+00:00
SAO_2703-10,São Paulo,3550308,True,Urubupungá,915,https://moovitapp.com/index/pt-br/transporte_p%C3%BAblico-line-915-Sao_Paulo-242-873835-75841134-0,4.6,-23.529949000000002,-46.42002,,,,1,2023-06-15T16:47:01+00:00
SAO_2703-10,São Paulo,3550308,True,Urubupungá,915,https://moovitapp.com/index/pt-br/transporte_p%C3%BAblico-line-915-Sao_Paulo-242-873835-75841134-0,4.6,-23.530446812500003,-46.418575437499996,,,,1,2023-06-15T16:48:14+00:00
SAO_2703-10,São Paulo,3550308,True,Urubupungá,915,https://moovitapp.com/index/pt-br/transporte_p%C3%BAblico-line-915-Sao_Paulo-242-873835-75841134-0,4.6,-23.529542499999998,-46.420608,,,,1,2023-06-15T16:47:55+00:00
SAO_2016-10,São Paulo,3550308,True,,33670,,,-23.4944635,-46.439930000000004,,,,2,2023-06-15T16:48:42+00:00
SAO_2016-10,São Paulo,3550308,True,,33670,,,-23.50372375,-46.376094249999994,,,,2,2023-06-15T16:47:40+00:00
SAO_2016-10,São Paulo,3550308,True,,33670,,,-23.49146475,-46.385662124999996,,,,2,2023-06-15T16:48:08+00:00
SAO_2016-10,São Paulo,3550308,True,,33670,,,-23.503359250000003,-46.375994750000004,,,,2,2023-06-15T16:45:01+00:00
SAO_1744-10,São Paulo,3550308,True,,544,,,-23.47419575,-46.64272525,,,,1,2023-06-15T16:48:35+00:00
SAO_1744-10,São Paulo,3550308,True,,544,,,-23.503025,-46.6242335,,,,1,2023-06-15T16:48:24+00:00
SAO_1744-10,São Paulo,3550308,True,,544,,,-23.4889625,-46.636969,,,,1,2023-06-15T16:48:31+00:00
SAO_2032-10,São Paulo,3550308,True,,35034,,,-23.485298999999998,-46.57585525,,,,2,2023-06-15T16:48:27+00:00
SAO_2032-10,São Paulo,3550308,True,,35034,,,-23.480642375,-46.586467875,,,,2,2023-06-15T16:48:35+00:00
SAO_2032-10,São Paulo,3550308,True,,35034,,,-23.50281775,-46.61146825,,,,2,2023-06-15T16:48:42+00:00
SAO_5178-10,São Paulo,3550308,True,,33363,,,-23.6875475,-46.6335585,,,,2,2023-06-15T16:48:30+00:00
SAO_5178-10,São Paulo,3550308,True,,33363,,,-23.6142465,-46.658854874999996,,,,2,2023-06-15T16:48:43+00:00
SAO_5178-10,São Paulo,3550308,True,,33363,,,-23.567841,-46.649142999999995,,,,2,2023-06-15T16:48:35+00:00
SAO_5178-10,São Paulo,3550308,True,,33363,,,-23.680696750000003,-46.6405025,,,,2,2023-06-15T16:44:38+00:00
SAO_5178-10,São Paulo,3550308,True,,33363,,,-23.555681,-46.6395115,,,,2,2023-06-15T16:48:16+00:00
SAO_5178-10,São Paulo,3550308,True,,33363,,,-23.627719,-46.661981,,,,2,2023-06-15T16:48:25+00:00
SAO_172K-10,São Paulo,3550308,True,,33625,,,-23.47544575,-46.58958,,,,2,2023-06-15T16:48:02+00:00
SAO_172K-10,São Paulo,3550308,True,,33625,,,-23.456656000000002,-46.5947925,,,,2,2023-06-15T16:48:46+00:00
SAO_172K-10,São Paulo,3550308,True,,33625,,,-23.538793124999998,-46.59877125,,,,2,2023-06-15T16:48:03+00:00
SAO_172K-10,São Paulo,3550308,True,,33625,,,-23.456809,-46.5950205,,,,2,2023-06-15T16:48:21+00:00
SAO_172K-10,São Paulo,3550308,True,,33625,,,-23.4589095,-46.6024045,,,,2,2023-06-15T16:48:43+00:00
SAO_172K-10,São Paulo,3550308,True,,33625,,,-23.477046,-46.608849,,,,2,2023-06-15T16:48:03+00:00
SAO_172K-10,São Paulo,3550308,True,,33625,,,-23.5398785,-46.577164499999995,,,,2,2023-06-15T16:48:43+00:00
SAO_172K-10,São Paulo,3550308,True,,33625,,,-23.456327,-46.5947025,,,,2,2023-06-15T16:48:29+00:00
SAO_172K-10,São Paulo,3550308,True,,33625,,,-23.456100499999998,-46.59466,,,,2,2023-06-15T16:48:41+00:00
SAO_172K-10,São Paulo,3550308,True,,33625,,,-23.512845,-46.585291,,,,2,2023-06-15T16:48:16+00:00
SAO_172K-10,São Paulo,3550308,True,,33625,,,-23.46223225,-46.60303975,,,,2,2023-06-15T16:48:25+00:00
SAO_172K-10,São Paulo,3550308,True,,33625,,,-23.497356875,-46.59624600000001,,,,2,2023-06-15T16:48:36+00:00
SAO_4002-10,São Paulo,3550308,True,,2177,,,-23.534170500000002,-46.452808000000005,,,,1,2023-06-15T16:48:20+00:00
SAO_4002-10,São Paulo,3550308,True,,2177,,,-23.545288999999997,-46.4055715,,,,1,2023-06-15T16:48:43+00:00
SAO_4002-10,São Paulo,3550308,True,,2177,,,-23.5583375,-46.399699,,,,1,2023-06-15T16:48:27+00:00
SAO_4002-10,São Paulo,3550308,True,,2177,,,-23.5583375,-46.399699,,,,1,2023-06-15T16:48:30+00:00
SAO_4002-10,São Paulo,3550308,True,,2177,,,-23.561977875,-46.5172335,,,,1,2023-06-15T16:48:22+00:00
SAO_4002-10,São Paulo,3550308,True,,2177,,,-23.57554125,-46.478301,,,,1,2023-06-15T16:48:02+00:00
SAO_6036-10,São Paulo,3550308,True,,1214,,,-23.642553499999998,-46.739124000000004,,,,1,2023-06-15T16:48:41+00:00
SAO_6036-10,São Paulo,3550308,True,,1214,,,-23.6494415,-46.7068395,,,,1,2023-06-15T16:48:31+00:00
SAO_6036-10,São Paulo,3550308,True,,1214,,,-23.65897,-46.76568175,,,,1,2023-06-15T16:48:19+00:00
SAO_6036-10,São Paulo,3550308,True,,1214,,,-23.6399695,-46.7169985,,,,1,2023-06-15T16:48:39+00:00
SAO_6036-10,São Paulo,3550308,True,,1214,,,-23.649411999999998,-46.7066835,,,,1,2023-06-15T16:48:39+00:00
SAO_6036-10,São Paulo,3550308,True,,1214,,,-23.649455,-46.70642,,,,1,2023-06-15T16:48:43+00:00
SAO_6036-10,São Paulo,3550308,True,,1214,,,-23.638456374999997,-46.71782387499999,,,,1,2023-06-15T16:48:28+00:00
SAO_6036-10,São Paulo,3550308,True,,1214,,,-23.645425250000002,-46.708923625000004,,,,1,2023-06-15T16:48:45+00:00
SAO_746R-10,São Paulo,3550308,True,,790,,,-23.650898749999996,-46.719009,,,,1,2023-06-15T16:48:16+00:00
SAO_746R-10,São Paulo,3550308,True,,790,,,-23.6103905,-46.7051065,,,,1,2023-06-15T16:48:36+00:00
SAO_746R-10,São Paulo,3550308,True,,790,,,-23.6103905,-46.7051065,,,,1,2023-06-15T16:48:09+00:00
SAO_746R-10,São Paulo,3550308,True,,790,,,-23.639212,-46.725384500000004,,,,1,2023-06-15T16:48:18+00:00
SAO_746R-10,São Paulo,3550308,True,,790,,,-23.6103905,-46.7051065,,,,1,2023-06-15T16:48:16+00:00
SAO_778R-10,São Paulo,3550308,True,EMTU,509,https://moovitapp.com/index/pt-br/transporte_p%C3%BAblico-line-509-Sao_Paulo-242-2038937-36419531-0,4.95,-23.58607325,-46.7895805,,,,1,2023-06-15T16:48:07+00:00
SAO_778R-10,São Paulo,3550308,True,EMTU,509,https://moovitapp.com/index/pt-br/transporte_p%C3%BAblico-line-509-Sao_Paulo-242-2038937-36419531-0,4.95,-23.5854415,-46.805544499999996,,,,1,2023-06-15T16:48:32+00:00
SAO_778R-10,São Paulo,3550308,True,EMTU,509,https://moovitapp.com/index/pt-br/transporte_p%C3%BAblico-line-509-Sao_Paulo-242-2038937-36419531-0,4.95,-23.58610175,-46.8129725,,,,1,2023-06-15T16:48:02+00:00
SAO_778R-10,São Paulo,3550308,True,EMTU,509,https://moovitapp.com/index/pt-br/transporte_p%C3%BAblico-line-509-Sao_Paulo-242-2038937-36419531-0,4.95,-23.53844575,-46.64532675,,,,1,2023-06-15T16:48:47+00:00
SAO_778R-10,São Paulo,3550308,True,EMTU,509,https://moovitapp.com/index/pt-br/transporte_p%C3%BAblico-line-509-Sao_Paulo-242-2038937-36419531-0,4.95,-23.57398825,-46.70963425,,,,1,2023-06-15T16:48:26+00:00
SAO_778R-10,São Paulo,3550308,True,EMTU,509,https://moovitapp.com/index/pt-br/transporte_p%C3%BAblico-line-509-Sao_Paulo-242-2038937-36419531-0,4.95,-23.56103375,-46.67276375,,,,1,2023-06-15T16:48:21+00:00
SAO_778R-10,São Paulo,3550308,True,EMTU,509,https://moovitapp.com/index/pt-br/transporte_p%C3%BAblico-line-509-Sao_Paulo-242-2038937-36419531-0,4.95,-23.53506275,-46.644746999999995,,,,1,2023-06-15T16:48:34+00:00
SAO_6812-10,São Paulo,3550308,True,,1242,,,-23.70742125,-46.7843955,,,,1,2023-06-15T16:48:47+00:00
SAO_6812-10,São Paulo,3550308,True,,1242,,,-23.6862755,-46.770596999999995,,,,1,2023-06-15T16:48:38+00:00
SAO_6812-10,São Paulo,3550308,True,,1242,,,-23.65192725,-46.702461,,,,1,2023-06-15T16:48:42+00:00
SAO_390E-10,São Paulo,3550308,True,,1882,,,-23.5461575,-46.6309005,,,,1,2023-06-15T16:48:40+00:00
SAO_390E-10,São Paulo,3550308,True,,1882,,,-23.53593,-46.571818,,,,1,2023-06-15T16:48:29+00:00
SAO_390E-10,São Paulo,3550308,True,,1882,,,-23.518709,-46.546899499999995,,,,1,2023-06-15T16:48:19+00:00
SAO_390E-10,São Paulo,3550308,True,,1882,,,-23.539212,-46.608181,,,,1,2023-06-15T16:48:26+00:00
SAO_7022-10,São Paulo,3550308,True,,34852,,,-23.675822,-46.7521795,,,,2,2023-06-15T16:48:45+00:00
SAO_7022-10,São Paulo,3550308,True,,34852,,,-23.6852245,-46.7751985,,,,2,2023-06-15T16:48:06+00:00
SAO_7022-10,São Paulo,3550308,True,,34852,,,-23.6852245,-46.7751985,,,,2,2023-06-15T16:48:14+00:00
SAO_7022-10,São Paulo,3550308,True,,34852,,,-23.654007,-46.710475,,,,2,2023-06-15T16:48:12+00:00
SAO_7022-10,São Paulo,3550308,True,,34852,,,-23.685029999999998,-46.7754175,,,,2,2023-06-15T16:48:31+00:00
SAO_7022-10,São Paulo,3550308,True,,34852,,,-23.654007,-46.710475,,,,2,2023-06-15T16:48:41+00:00
SAO_7022-10,São Paulo,3550308,True,,34852,,,-23.654134499999998,-46.708625,,,,2,2023-06-15T16:48:14+00:00
SAO_2722-31,São Paulo,3550308,True,,936,,,-23.506247000000002,-46.494484,,,,1,2023-06-15T16:48:26+00:00
SAO_2722-31,São Paulo,3550308,True,,936,,,-23.528614,-46.5162345,,,,1,2023-06-15T16:48:19+00:00
SAO_2722-31,São Paulo,3550308,True,,936,,,-23.521818,-46.515618,,,,1,2023-06-15T16:48:39+00:00
SAO_177Y-10,São Paulo,3550308,True,,33635,,,-23.564226875,-46.688621250000004,,,,2,2023-06-15T16:48:19+00:00
SAO_177Y-10,São Paulo,3550308,True,,33635,,,-23.5269075,-46.66671425,,,,2,2023-06-15T16:48:27+00:00
SAO_177Y-10,São Paulo,3550308,True,,33635,,,-23.5338845,-46.674533499999995,,,,2,2023-06-15T16:48:27+00:00
SAO_177Y-10,São Paulo,3550308,True,,33635,,,-23.566136750000002,-46.701097,,,,2,2023-06-15T16:48:21+00:00
SAO_177Y-10,São Paulo,3550308,True,,33635,,,-23.5273505,-46.6667755,,,,2,2023-06-15T16:48:44+00:00
SAO_177Y-10,São Paulo,3550308,True,,33635,,,-23.526683,-46.667058,,,,2,2023-06-15T16:48:36+00:00
SAO_177Y-10,São Paulo,3550308,True,,33635,,,-23.526683,-46.667058,,,,2,2023-06-15T16:48:13+00:00
SAO_177Y-10,São Paulo,3550308,True,,33635,,,-23.5269075,-46.66671425,,,,2,2023-06-15T16:48:15+00:00
SAO_3459-10,São Paulo,3550308,True,EMTU,402,https://moovitapp.com/index/pt-br/transporte_p%C3%BAblico-line-402-Sao_Paulo-242-2038937-36419464-0,3.7,-23.5148775,-46.48932225,,,,1,2023-06-15T16:48:25+00:00
SAO_3459-10,São Paulo,3550308,True,EMTU,402,https://moovitapp.com/index/pt-br/transporte_p%C3%BAblico-line-402-Sao_Paulo-242-2038937-36419464-0,3.7,-23.494298,-46.422852625,,,,1,2023-06-15T16:48:45+00:00
SAO_3459-10,São Paulo,3550308,True,EMTU,402,https://moovitapp.com/index/pt-br/transporte_p%C3%BAblico-line-402-Sao_Paulo-242-2038937-36419464-0,3.7,-23.4950325,-46.4371925,,,,1,2023-06-15T16:47:12+00:00
SAO_3459-10,São Paulo,3550308,True,EMTU,402,https://moovitapp.com/index/pt-br/transporte_p%C3%BAblico-line-402-Sao_Paulo-242-2038937-36419464-0,3.7,-23.4950075,-46.410849999999996,,,,1,2023-06-15T16:48:28+00:00
SAO_3459-10,São Paulo,3550308,True,EMTU,402,https://moovitapp.com/index/pt-br/transporte_p%C3%BAblico-line-402-Sao_Paulo-242-2038937-36419464-0,3.7,-23.4918055,-46.444323,,,,1,2023-06-15T16:48:37+00:00
SAO_3459-10,São Paulo,3550308,True,EMTU,402,https://moovitapp.com/index/pt-br/transporte_p%C3%BAblico-line-402-Sao_Paulo-242-2038937-36419464-0,3.7,-23.5342785,-46.545298124999995,,,,1,2023-06-15T16:48:28+00:00
SAO_3459-10,São Paulo,3550308,True,EMTU,402,https://moovitapp.com/index/pt-br/transporte_p%C3%BAblico-line-402-Sao_Paulo-242-2038937-36419464-0,3.7,-23.54620025,-46.63007,,,,1,2023-06-15T16:48:35+00:00
SAO_3459-10,São Paulo,3550308,True,EMTU,402,https://moovitapp.com/index/pt-br/transporte_p%C3%BAblico-line-402-Sao_Paulo-242-2038937-36419464-0,3.7,-23.5165205,-46.385602000000006,,,,1,2023-06-15T16:48:11+00:00
SAO_3459-10,São Paulo,3550308,True,EMTU,402,https://moovitapp.com/index/pt-br/transporte_p%C3%BAblico-line-402-Sao_Paulo-242-2038937-36419464-0,3.7,-23.517077999999998,-46.475579499999995,,,,1,2023-06-15T16:48:15+00:00
SAO_3459-10,São Paulo,3550308,True,EMTU,402,https://moovitapp.com/index/pt-br/transporte_p%C3%BAblico-line-402-Sao_Paulo-242-2038937-36419464-0,3.7,-23.536626625000004,-46.55699375,,,,1,2023-06-15T16:46:40+00:00
SAO_3459-10,São Paulo,3550308,True,EMTU,402,https://moovitapp.com/index/pt-br/transporte_p%C3%BAblico-line-402-Sao_Paulo-242-2038937-36419464-0,3.7,-23.536626625000004,-46.55699375,,,,1,2023-06-15T16:46:57+00:00
SAO_3459-10,São Paulo,3550308,True,EMTU,402,https://moovitapp.com/index/pt-br/transporte_p%C3%BAblico-line-402-Sao_Paulo-242-2038937-36419464-0,3.7,-23.515555499999998,-46.4851265,,,,1,2023-06-15T16:47:09+00:00
SAO_3459-10,São Paulo,3550308,True,EMTU,402,https://moovitapp.com/index/pt-br/transporte_p%C3%BAblico-line-402-Sao_Paulo-242-2038937-36419464-0,3.7,-23.5063295,-46.3884415,,,,1,2023-06-15T16:48:14+00:00
SAO_3459-10,São Paulo,3550308,True,EMTU,402,https://moovitapp.com/index/pt-br/transporte_p%C3%BAblico-line-402-Sao_Paulo-242-2038937-36419464-0,3.7,-23.5515695,-46.624459,,,,1,2023-06-15T16:47:59+00:00
SAO_3459-10,São Paulo,3550308,True,EMTU,402,https://moovitapp.com/index/pt-br/transporte_p%C3%BAblico-line-402-Sao_Paulo-242-2038937-36419464-0,3.7,-23.5515695,-46.624459,,,,1,2023-06-15T16:48:07+00:00
SAO_3459-10,São Paulo,3550308,True,EMTU,402,https://moovitapp.com/index/pt-br/transporte_p%C3%BAblico-line-402-Sao_Paulo-242-2038937-36419464-0,3.7,-23.5473415,-46.629296499999995,,,,1,2023-06-15T16:48:27+00:00
SAO_3459-10,São Paulo,3550308,True,EMTU,402,https://moovitapp.com/index/pt-br/transporte_p%C3%BAblico-line-402-Sao_Paulo-242-2038937-36419464-0,3.7,-23.51485725,-46.454124750000005,,,,1,2023-06-15T16:48:33+00:00
SAO_3459-10,São Paulo,3550308,True,EMTU,402,https://moovitapp.com/index/pt-br/transporte_p%C3%BAblico-line-402-Sao_Paulo-242-2038937-36419464-0,3.7,-23.5165205,-46.385602000000006,,,,1,2023-06-15T16:48:04+00:00
SAO_3053-10,São Paulo,3550308,True,,973,,,-23.552960499999998,-46.576434500000005,,,,1,2023-06-15T16:48:27+00:00
SAO_3053-10,São Paulo,3550308,True,,973,,,-23.585147999999997,-46.494602,,,,1,2023-06-15T16:48:31+00:00
SAO_3053-10,São Paulo,3550308,True,,973,,,-23.5848075,-46.5255475,,,,1,2023-06-15T16:48:41+00:00
SAO_3053-10,São Paulo,3550308,True,,973,,,-23.5463485,-46.584469875,,,,1,2023-06-15T16:48:37+00:00
SAO_3053-10,São Paulo,3550308,True,,973,,,-23.591943,-46.501286,,,,1,2023-06-15T16:48:24+00:00
SAO_3053-10,São Paulo,3550308,True,,973,,,-23.5753595,-46.54125625,,,,1,2023-06-15T16:48:04+00:00
SAO_9032-10,São Paulo,3550308,True,STT,880,https://moovitapp.com/index/pt-br/transporte_p%C3%BAblico-line-880-Sao_Paulo-242-850661-183362-0,5.3,-23.4698175,-46.676846999999995,,,,1,2023-06-15T16:48:19+00:00
SAO_9032-10,São Paulo,3550308,True,STT,880,https://moovitapp.com/index/pt-br/transporte_p%C3%BAblico-line-880-Sao_Paulo-242-850661-183362-0,5.3,-23.44631425,-46.692783750000004,,,,1,2023-06-15T16:47:17+00:00
SAO_9032-10,São Paulo,3550308,True,STT,880,https://moovitapp.com/index/pt-br/transporte_p%C3%BAblico-line-880-Sao_Paulo-242-850661-183362-0,5.3,-23.4462385,-46.692054,,,,1,2023-06-15T16:48:02+00:00
SAO_9032-10,São Paulo,3550308,True,STT,880,https://moovitapp.com/index/pt-br/transporte_p%C3%BAblico-line-880-Sao_Paulo-242-850661-183362-0,5.3,-23.448631499999998,-46.69736,,,,1,2023-06-15T16:48:18+00:00
SAO_9032-10,São Paulo,3550308,True,STT,880,https://moovitapp.com/index/pt-br/transporte_p%C3%BAblico-line-880-Sao_Paulo-242-850661-183362-0,5.3,-23.44633,-46.6930115,,,,1,2023-06-15T16:48:20+00:00
SAO_9032-10,São Paulo,3550308,True,STT,880,https://moovitapp.com/index/pt-br/transporte_p%C3%BAblico-line-880-Sao_Paulo-242-850661-183362-0,5.3,-23.4462385,-46.692054,,,,1,2023-06-15T16:48:00+00:00
SAO_9032-10,São Paulo,3550308,True,STT,880,https://moovitapp.com/index/pt-br/transporte_p%C3%BAblico-line-880-Sao_Paulo-242-850661-183362-0,5.3,-23.4518515,-46.699167,,,,1,2023-06-15T16:48:35+00:00
SAO_695T-10,São Paulo,3550308,True,,34090,,,-23.6460668125,-46.709140375000004,,,,2,2023-06-15T16:48:20+00:00
SAO_695T-10,São Paulo,3550308,True,,34090,,,-23.654127000000003,-46.762448000000006,,,,2,2023-06-15T16:48:38+00:00
SAO_695T-10,São Paulo,3550308,True,,34090,,,-23.6540245,-46.762589000000006,,,,2,2023-06-15T16:48:35+00:00
SAO_695T-10,São Paulo,3550308,True,,34090,,,-23.6540245,-46.762589000000006,,,,2,2023-06-15T16:48:02+00:00
SAO_695T-10,São Paulo,3550308,True,,34090,,,-23.597519375,-46.65325850000001,,,,2,2023-06-15T16:48:38+00:00
SAO_695T-10,São Paulo,3550308,True,,34090,,,-23.606495375,-46.665043250000004,,,,2,2023-06-15T16:48:27+00:00
SAO_695T-10,São Paulo,3550308,True,,34090,,,-23.5896805,-46.6340555,,,,2,2023-06-15T16:48:42+00:00
SAO_4314-10,São Paulo,3550308,True,,34942,,,-23.573559000000003,-46.3988215,,,,2,2023-06-15T16:48:13+00:00
SAO_4314-10,São Paulo,3550308,True,,34942,,,-23.557001,-46.4716195,,,,2,2023-06-15T16:48:25+00:00
SAO_4314-10,São Paulo,3550308,True,,34942,,,-23.56919,-46.400694,,,,2,2023-06-15T16:48:39+00:00
SAO_4314-10,São Paulo,3550308,True,,34942,,,-23.55289175,-46.616635,,,,2,2023-06-15T16:48:16+00:00
SAO_4314-10,São Paulo,3550308,True,,34942,,,-23.539215874999996,-46.544953500000005,,,,2,2023-06-15T16:48:32+00:00
SAO_4314-10,São Paulo,3550308,True,,34942,,,-23.5736485,-46.3986825,,,,2,2023-06-15T16:48:07+00:00
SAO_4314-10,São Paulo,3550308,True,,34942,,,-23.5736485,-46.3986825,,,,2,2023-06-15T16:48:12+00:00
SAO_4314-10,São Paulo,3550308,True,,34942,,,-23.5733545,-46.398966,,,,2,2023-06-15T16:48:04+00:00
SAO_4314-10,São Paulo,3550308,True,,34942,,,-23.5733545,-46.398966,,,,2,2023-06-15T16:48:34+00:00
SAO_6071-10,São Paulo,3550308,True,,33924,,,-23.71901475,-46.67920225,,,,2,2023-06-15T16:48:11+00:00
SAO_6071-10,São Paulo,3550308,True,,33924,,,-23.65397,-46.711581499999994,,,,2,2023-06-15T16:48:43+00:00
SAO_6071-10,São Paulo,3550308,True,,33924,,,-23.706569,-46.6875705,,,,2,2023-06-15T16:48:18+00:00
SAO_6071-10,São Paulo,3550308,True,,33924,,,-23.71901475,-46.67920225,,,,2,2023-06-15T16:48:10+00:00
SAO_6071-10,São Paulo,3550308,True,,33924,,,-23.720678999999997,-46.676798500000004,,,,2,2023-06-15T16:48:17+00:00
SAO_6071-10,São Paulo,3550308,True,,33924,,,-23.6613215,-46.693996,,,,2,2023-06-15T16:48:40+00:00
SAO_6071-10,São Paulo,3550308,True,,33924,,,-23.6859485,-46.69348225,,,,2,2023-06-15T16:48:16+00:00
SAO_2033-10,São Paulo,3550308,True,,35267,,,-23.486996,-46.568324000000004,,,,2,2023-06-15T16:48:19+00:00
SAO_2033-10,São Paulo,3550308,True,,35267,,,-23.513934499999998,-46.608528,,,,2,2023-06-15T16:48:20+00:00
SAO_2033-10,São Paulo,3550308,True,,35267,,,-23.5024185,-46.583469,,,,2,2023-06-15T16:48:32+00:00
SAO_2033-10,São Paulo,3550308,True,,35267,,,-23.4874525,-46.568031000000005,,,,2,2023-06-15T16:48:26+00:00
SAO_1722-10,São Paulo,3550308,True,,33632,,,-23.4580725,-46.615971,,,,2,2023-06-15T16:48:23+00:00
SAO_1722-10,São Paulo,3550308,True,,33632,,,-23.479125000000003,-46.60149975,,,,2,2023-06-15T16:48:25+00:00
SAO_1722-10,São Paulo,3550308,True,,33632,,,-23.474085000000002,-46.65519449999999,,,,2,2023-06-15T16:44:04+00:00
SAO_1722-10,São Paulo,3550308,True,,33632,,,-23.482122250000003,-46.671637000000004,,,,2,2023-06-15T16:48:41+00:00
SAO_1722-10,São Paulo,3550308,True,,33632,,,-23.482122250000003,-46.671637000000004,,,,2,2023-06-15T16:48:08+00:00
SAO_1722-10,São Paulo,3550308,True,,33632,,,-23.48215675,-46.671960999999996,,,,2,2023-06-15T16:48:15+00:00
SAO_1722-10,São Paulo,3550308,True,,33632,,,-23.482274500000003,-46.6728875,,,,2,2023-06-15T16:48:16+00:00
SAO_1722-10,São Paulo,3550308,True,,33632,,,-23.471135,-46.6512265,,,,2,2023-06-15T16:48:38+00:00
SAO_1722-10,São Paulo,3550308,True,,33632,,,-23.4798095,-46.601954500000005,,,,2,2023-06-15T16:48:34+00:00
SAO_1722-10,São Paulo,3550308,True,,33632,,,-23.4645685,-46.6294585,,,,2,2023-06-15T16:46:20+00:00
SAO_1722-10,São Paulo,3550308,True,,33632,,,-23.476146999999997,-46.596990500000004,,,,2,2023-06-15T16:46:59+00:00
SAO_1722-10,São Paulo,3550308,True,,33632,,,-23.457204500000003,-46.5953395,,,,2,2023-06-15T16:48:36+00:00
SAO_1722-10,São Paulo,3550308,True,,33632,,,-23.482091500000003,-46.671369,,,,2,2023-06-15T16:48:24+00:00
SAO_1722-10,São Paulo,3550308,True,,33632,,,-23.482091500000003,-46.671369,,,,2,2023-06-15T16:48:17+00:00
SAO_1722-10,São Paulo,3550308,True,,33632,,,-23.467901,-46.587380499999995,,,,2,2023-06-15T16:48:01+00:00
SAO_2522-10,São Paulo,3550308,True,,32908,,,-23.516617500000002,-46.4262835,,,,2,2023-06-15T16:48:44+00:00
SAO_2522-10,São Paulo,3550308,True,,32908,,,-23.516551999999997,-46.426590250000004,,,,2,2023-06-15T16:48:14+00:00
SAO_2522-10,São Paulo,3550308,True,,32908,,,-23.516551999999997,-46.426590250000004,,,,2,2023-06-15T16:48:15+00:00
SAO_8010-10,São Paulo,3550308,True,,33566,,,-23.4156455,-46.732076,,,,2,2023-06-15T16:48:17+00:00
SAO_8010-10,São Paulo,3550308,True,,33566,,,-23.4188695,-46.748881499999996,,,,2,2023-06-15T16:48:43+00:00
SAO_8010-10,São Paulo,3550308,True,,33566,,,-23.4059955,-46.75834475,,,,2,2023-06-15T16:48:29+00:00
SAO_8010-10,São Paulo,3550308,True,,33566,,,-23.473333500000003,-46.727699,,,,2,2023-06-15T16:48:43+00:00
SAO_8010-10,São Paulo,3550308,True,,33566,,,-23.4188695,-46.748881499999996,,,,2,2023-06-15T16:48:24+00:00
SAO_8010-10,São Paulo,3550308,True,,33566,,,-23.4063025,-46.758756749999996,,,,2,2023-06-15T16:48:29+00:00
SAO_8010-10,São Paulo,3550308,True,,33566,,,-23.419140999999996,-46.749117999999996,,,,2,2023-06-15T16:48:16+00:00
SAO_8010-10,São Paulo,3550308,True,,33566,,,-23.489682000000002,-46.7236295,,,,2,2023-06-15T16:48:41+00:00
SAO_8010-10,São Paulo,3550308,True,,33566,,,-23.490656,-46.715757499999995,,,,2,2023-06-15T16:48:14+00:00
SAO_507T-10,São Paulo,3550308,True,,34976,,,-23.547271000000002,-46.540456875000004,,,,2,2023-06-15T16:48:16+00:00
SAO_507T-10,São Paulo,3550308,True,,34976,,,-23.5851095,-46.51983274999999,,,,2,2023-06-15T16:48:43+00:00
SAO_507T-10,São Paulo,3550308,True,,34976,,,-23.613898499999998,-46.5016255,,,,2,2023-06-15T16:48:15+00:00
SAO_507T-10,São Paulo,3550308,True,,34976,,,-23.6139655,-46.5015435,,,,2,2023-06-15T16:48:43+00:00
SAO_507T-10,São Paulo,3550308,True,,34976,,,-23.6139405,-46.501206499999995,,,,2,2023-06-15T16:48:02+00:00
SAO_507T-10,São Paulo,3550308,True,,34976,,,-23.6040535,-46.503836,,,,2,2023-06-15T16:47:50+00:00
SAO_507T-10,São Paulo,3550308,True,,34976,,,-23.5624085,-46.516369499999996,,,,2,2023-06-15T16:48:17+00:00
SAO_2723-10,São Paulo,3550308,True,,937,,,-23.494294,-46.4433315,,,,1,2023-06-15T16:48:07+00:00
SAO_2723-10,São Paulo,3550308,True,,937,,,-23.54223,-46.4724785,,,,1,2023-06-15T16:48:35+00:00
SAO_2723-10,São Paulo,3550308,True,,937,,,-23.517379,-46.4437935,,,,1,2023-06-15T16:48:23+00:00
SAO_2723-10,São Paulo,3550308,True,,937,,,-23.487495,-46.463618999999994,,,,1,2023-06-15T16:48:14+00:00
SAO_2723-10,São Paulo,3550308,True,,937,,,-23.4979265,-46.454826,,,,1,2023-06-15T16:48:28+00:00
SAO_351F-10,São Paulo,3550308,True,,33455,,,-23.4618045,-46.5828915,,,,2,2023-06-15T16:48:18+00:00
SAO_351F-10,São Paulo,3550308,True,,33455,,,-23.573647,-46.532465,,,,2,2023-06-15T16:48:13+00:00
SAO_351F-10,São Paulo,3550308,True,,33455,,,-23.4893875,-46.570685,,,,2,2023-06-15T16:46:37+00:00
SAO_351F-10,São Paulo,3550308,True,,33455,,,-23.4618045,-46.5828915,,,,2,2023-06-15T16:48:26+00:00
SAO_351F-10,São Paulo,3550308,True,,33455,,,-23.54731625,-46.5638565,,,,2,2023-06-15T16:48:35+00:00
SAO_351F-10,São Paulo,3550308,True,,33455,,,-23.4618045,-46.5828915,,,,2,2023-06-15T16:48:23+00:00
SAO_351F-10,São Paulo,3550308,True,,33455,,,-23.531422749999997,-46.60186325,,,,2,2023-06-15T16:48:42+00:00
SAO_351F-10,São Paulo,3550308,True,,33455,,,-23.4607885,-46.5831555,,,,2,2023-06-15T16:48:39+00:00
SAO_745M-10,São Paulo,3550308,True,,33550,,,-23.630615499999998,-46.768413,,,,2,2023-06-15T16:48:03+00:00
SAO_745M-10,São Paulo,3550308,True,,33550,,,-23.630928500000003,-46.767601,,,,2,2023-06-15T16:48:24+00:00
SAO_745M-10,São Paulo,3550308,True,,33550,,,-23.637676499999998,-46.7796345,,,,2,2023-06-15T16:48:20+00:00
SAO_745M-10,São Paulo,3550308,True,,33550,,,-23.6646005,-46.78243425,,,,2,2023-06-15T16:48:10+00:00
SAO_745M-10,São Paulo,3550308,True,,33550,,,-23.675673749999998,-46.698902624999995,,,,2,2023-06-15T16:48:21+00:00
SAO_745M-10,São Paulo,3550308,True,,33550,,,-23.630817,-46.767892,,,,2,2023-06-15T16:48:20+00:00
SAO_745M-10,São Paulo,3550308,True,,33550,,,-23.630928500000003,-46.767601,,,,2,2023-06-15T16:48:06+00:00
SAO_745M-10,São Paulo,3550308,True,,33550,,,-23.6607035,-46.7779355,,,,2,2023-06-15T16:48:38+00:00
SAO_745M-10,São Paulo,3550308,True,,33550,,,-23.630928500000003,-46.767601,,,,2,2023-06-15T16:48:17+00:00
SAO_745M-10,São Paulo,3550308,True,,33550,,,-23.669123750000004,-46.7350165,,,,2,2023-06-15T16:48:21+00:00
SAO_745M-10,São Paulo,3550308,True,,33550,,,-23.635330500000002,-46.7761155,,,,2,2023-06-15T16:48:44+00:00
SAO_745M-10,São Paulo,3550308,True,,33550,,,-23.6614595,-46.768571,,,,2,2023-06-15T16:48:28+00:00
SAO_7411-10,São Paulo,3550308,True,,34144,,,-23.571233874999997,-46.70841025,,,,2,2023-06-15T16:48:41+00:00
SAO_7411-10,São Paulo,3550308,True,,34144,,,-23.5459855,-46.6387065,,,,2,2023-06-15T16:48:27+00:00
SAO_7411-10,São Paulo,3550308,True,,34144,,,-23.5529145,-46.7319765,,,,2,2023-06-15T16:48:37+00:00
SAO_6044-10,São Paulo,3550308,True,,1221,,,-23.6379435,-46.718116124999995,,,,1,2023-06-15T16:48:12+00:00
SAO_6044-10,São Paulo,3550308,True,,1221,,,-23.653906999999997,-46.710535500000006,,,,1,2023-06-15T16:48:06+00:00
SAO_6044-10,São Paulo,3550308,True,,1221,,,-23.653938,-46.709849000000006,,,,1,2023-06-15T16:48:30+00:00
SAO_6044-10,São Paulo,3550308,True,,1221,,,-23.65436375,-46.760079499999996,,,,1,2023-06-15T16:48:11+00:00
SAO_6044-10,São Paulo,3550308,True,,1221,,,-23.661455500000002,-46.778644,,,,1,2023-06-15T16:48:03+00:00
SAO_6044-10,São Paulo,3550308,True,,1221,,,-23.653890625,-46.71154075,,,,1,2023-06-15T16:48:32+00:00
SAO_6044-10,São Paulo,3550308,True,,1221,,,-23.641039625,-46.71706575,,,,1,2023-06-15T16:48:27+00:00
SAO_6044-10,São Paulo,3550308,True,,1221,,,-23.644886,-46.71169475,,,,1,2023-06-15T16:48:17+00:00
SAO_6044-10,São Paulo,3550308,True,,1221,,,-23.637562250000002,-46.719127,,,,1,2023-06-15T16:48:35+00:00
SAO_6044-10,São Paulo,3550308,True,,1221,,,-23.6471485,-46.710307,,,,1,2023-06-15T16:48:19+00:00
SAO_6044-10,São Paulo,3550308,True,,1221,,,-23.645209,-46.711771,,,,1,2023-06-15T16:48:11+00:00
SAO_6003-10,São Paulo,3550308,True,,34240,,,-23.7377555,-46.6976535,,,,2,2023-06-15T16:48:39+00:00
SAO_6003-10,São Paulo,3550308,True,,34240,,,-23.7360415,-46.6963535,,,,2,2023-06-15T16:48:31+00:00
SAO_6003-10,São Paulo,3550308,True,,34240,,,-23.74073,-46.70446725,,,,2,2023-06-15T16:48:37+00:00
SAO_809U-10,São Paulo,3550308,True,,2254,,,-23.545098000000003,-46.692743,,,,1,2023-06-15T16:48:06+00:00
SAO_809U-10,São Paulo,3550308,True,,2254,,,-23.5371575,-46.689878375,,,,1,2023-06-15T16:48:06+00:00
SAO_6031-10,São Paulo,3550308,True,,92,,,-23.755516,-46.699914,,,,1,2023-06-15T16:48:40+00:00
SAO_6031-10,São Paulo,3550308,True,,92,,,-23.754704,-46.709073000000004,,,,1,2023-06-15T16:48:09+00:00
SAO_6031-10,São Paulo,3550308,True,,92,,,-23.7379375,-46.697804500000004,,,,1,2023-06-15T16:48:12+00:00
SAO_6031-10,São Paulo,3550308,True,,92,,,-23.7380205,-46.697914499999996,,,,1,2023-06-15T16:48:42+00:00
SAO_6031-10,São Paulo,3550308,True,,92,,,-23.73850375,-46.69805125,,,,1,2023-06-15T16:48:30+00:00
SAO_4014-10,São Paulo,3550308,True,,2187,,,-23.612996,-46.456739999999996,,,,1,2023-06-15T16:48:16+00:00
SAO_4014-10,São Paulo,3550308,True,,2187,,,-23.6116145625,-46.465147,,,,1,2023-06-15T16:48:17+00:00
SAO_4014-10,São Paulo,3550308,True,,2187,,,-23.59054675,-46.4836765,,,,1,2023-06-15T16:48:19+00:00
SAO_4014-10,São Paulo,3550308,True,,2187,,,-23.5580635,-46.522337500000006,,,,1,2023-06-15T16:48:05+00:00
SAO_4014-10,São Paulo,3550308,True,,2187,,,-23.564242999999998,-46.5138835,,,,1,2023-06-15T16:47:04+00:00
SAO_6047-10,São Paulo,3550308,True,,33992,,,-23.6658145,-46.762111,,,,2,2023-06-15T16:48:34+00:00
SAO_6047-10,São Paulo,3550308,True,,33992,,,-23.668284,-46.763536,,,,2,2023-06-15T16:48:25+00:00
SAO_6047-10,São Paulo,3550308,True,,33992,,,-23.6478875,-46.73155625,,,,2,2023-06-15T16:48:30+00:00
SAO_6047-10,São Paulo,3550308,True,,33992,,,-23.668284,-46.763536,,,,2,2023-06-15T16:48:13+00:00
SAO_6047-10,São Paulo,3550308,True,,33992,,,-23.6422125,-46.711051,,,,2,2023-06-15T16:48:20+00:00
SAO_6047-10,São Paulo,3550308,True,,33992,,,-23.6622885,-46.7623605,,,,2,2023-06-15T16:48:18+00:00
SAO_707K-10,São Paulo,3550308,True,,2503,,,-23.65008675,-46.66242975,,,,1,2023-06-15T16:48:35+00:00
SAO_707K-10,São Paulo,3550308,True,,2503,,,-23.667625,-46.7351955,,,,1,2023-06-15T16:48:15+00:00
SAO_707K-10,São Paulo,3550308,True,,2503,,,-23.641938500000002,-46.6727355,,,,1,2023-06-15T16:48:43+00:00
SAO_707K-10,São Paulo,3550308,True,,2503,,,-23.66655375,-46.719686499999995,,,,1,2023-06-15T16:48:17+00:00
SAO_8017-10,São Paulo,3550308,True,,34029,,,-23.441434625,-46.72501475,,,,2,2023-06-15T16:48:41+00:00
SAO_8017-10,São Paulo,3550308,True,,34029,,,-23.442389499999997,-46.721536,,,,2,2023-06-15T16:48:01+00:00
SAO_8017-10,São Paulo,3550308,True,,34029,,,-23.4862075,-46.726428,,,,2,2023-06-15T16:48:06+00:00
SAO_502J-10,São Paulo,3550308,True,,34043,,,-23.7060275,-46.6879755,,,,2,2023-06-15T16:48:25+00:00
SAO_502J-10,São Paulo,3550308,True,,34043,,,-23.706264,-46.688098,,,,2,2023-06-15T16:48:03+00:00
SAO_502J-10,São Paulo,3550308,True,,34043,,,-23.67573975,-46.662109,,,,2,2023-06-15T16:48:20+00:00
SAO_502J-10,São Paulo,3550308,True,,34043,,,-23.707207250000003,-46.688587999999996,,,,2,2023-06-15T16:48:27+00:00
SAO_502J-10,São Paulo,3550308,True,,34043,,,-23.633232,-46.6473175,,,,2,2023-06-15T16:47:49+00:00
SAO_502J-10,São Paulo,3550308,True,,34043,,,-23.65407775,-46.6670365,,,,2,2023-06-15T16:48:16+00:00
SAO_502J-10,São Paulo,3550308,True,,34043,,,-23.706488999999998,-46.68819,,,,2,2023-06-15T16:48:20+00:00
SAO_502J-10,São Paulo,3550308,True,,34043,,,-23.621772375,-46.640012125,,,,2,2023-06-15T16:48:30+00:00
SAO_502J-10,São Paulo,3550308,True,,34043,,,-23.7060275,-46.6879755,,,,2,2023-06-15T16:48:43+00:00
SAO_502J-10,São Paulo,3550308,True,,34043,,,-23.706264,-46.688098,,,,2,2023-06-15T16:48:26+00:00
SAO_502J-10,São Paulo,3550308,True,,34043,,,-23.658881,-46.669584,,,,2,2023-06-15T16:48:23+00:00
SAO_2718-10,São Paulo,3550308,True,,33699,,,-23.509296,-46.549236500000006,,,,2,2023-06-15T16:48:39+00:00
SAO_2718-10,São Paulo,3550308,True,,33699,,,-23.495185499999998,-46.508663999999996,,,,2,2023-06-15T16:48:36+00:00
SAO_2718-10,São Paulo,3550308,True,,33699,,,-23.533648499999998,-46.5455135,,,,2,2023-06-15T16:48:38+00:00
SAO_2718-10,São Paulo,3550308,True,,33699,,,-23.5000145,-46.5249425,,,,2,2023-06-15T16:48:19+00:00
SAO_2718-10,São Paulo,3550308,True,,33699,,,-23.525952,-46.548964999999995,,,,2,2023-06-15T16:48:30+00:00
SAO_2718-10,São Paulo,3550308,True,,33699,,,-23.4930925,-46.49988925,,,,2,2023-06-15T16:48:17+00:00
SAO_2718-10,São Paulo,3550308,True,,33699,,,-23.5097805,-46.550488,,,,2,2023-06-15T16:48:21+00:00
SAO_748R-10,São Paulo,3550308,True,,33269,,,-23.588421375000003,-46.76599625,,,,2,2023-06-15T16:48:36+00:00
SAO_748R-10,São Paulo,3550308,True,,33269,,,-23.600666,-46.784031999999996,,,,2,2023-06-15T16:48:02+00:00
SAO_748R-10,São Paulo,3550308,True,,33269,,,-23.600666,-46.784031999999996,,,,2,2023-06-15T16:48:27+00:00
SAO_748R-10,São Paulo,3550308,True,,33269,,,-23.548802125,-46.73792374999999,,,,2,2023-06-15T16:48:18+00:00
SAO_748R-10,São Paulo,3550308,True,,33269,,,-23.535212,-46.714245000000005,,,,2,2023-06-15T16:48:39+00:00
SAO_748R-10,São Paulo,3550308,True,,33269,,,-23.5978645,-46.791467999999995,,,,2,2023-06-15T16:48:34+00:00
SAO_748R-10,São Paulo,3550308,True,,33269,,,-23.60026,-46.7842455,,,,2,2023-06-15T16:48:30+00:00
SAO_748R-10,São Paulo,3550308,True,,33269,,,-23.524838000000003,-46.682812,,,,2,2023-06-15T16:48:16+00:00
SAO_748R-10,São Paulo,3550308,True,,33269,,,-23.59506,-46.7880485,,,,2,2023-06-15T16:48:44+00:00
SAO_748R-10,São Paulo,3550308,True,,33269,,,-23.57995,-46.760951500000004,,,,2,2023-06-15T16:48:42+00:00
SAO_748R-10,São Paulo,3550308,True,,33269,,,-23.5898335,-46.7701605,,,,2,2023-06-15T16:48:42+00:00
SAO_748R-10,São Paulo,3550308,True,,33269,,,-23.5671245,-46.755015,,,,2,2023-06-15T16:48:33+00:00
SAO_917H-10,São Paulo,3550308,True,,33224,,,-23.587425500000002,-46.6346115,,,,2,2023-06-15T16:48:15+00:00
SAO_917H-10,São Paulo,3550308,True,,33224,,,-23.537891000000002,-46.7195325,,,,2,2023-06-15T16:48:25+00:00
SAO_917H-10,São Paulo,3550308,True,,33224,,,-23.518142,-46.753121375,,,,2,2023-06-15T16:48:31+00:00
SAO_917H-10,São Paulo,3550308,True,,33224,,,-23.485637500000003,-46.7260535,,,,2,2023-06-15T16:48:14+00:00
SAO_917H-10,São Paulo,3550308,True,,33224,,,-23.4866745,-46.725972999999996,,,,2,2023-06-15T16:48:19+00:00
SAO_917H-10,São Paulo,3550308,True,,33224,,,-23.5555405,-46.662929500000004,,,,2,2023-06-15T16:48:31+00:00
SAO_917H-10,São Paulo,3550308,True,,33224,,,-23.5305975,-46.737309499999995,,,,2,2023-06-15T16:48:29+00:00
SAO_917H-10,São Paulo,3550308,True,,33224,,,-23.589511,-46.6342965,,,,2,2023-06-15T16:48:03+00:00
SAO_917H-10,São Paulo,3550308,True,,33224,,,-23.57592375,-46.6411165,,,,2,2023-06-15T16:48:01+00:00
SAO_917H-10,São Paulo,3550308,True,,33224,,,-23.538091,-46.708571000000006,,,,2,2023-06-15T16:48:14+00:00
SAO_917H-10,São Paulo,3550308,True,,33224,,,-23.5557795,-46.6626575,,,,2,2023-06-15T16:48:21+00:00
SAO_917H-10,São Paulo,3550308,True,,33224,,,-23.5466355,-46.69045,,,,2,2023-06-15T16:48:22+00:00
SAO_917H-10,São Paulo,3550308,True,,33224,,,-23.5353285,-46.712781750000005,,,,2,2023-06-15T16:48:37+00:00
SAO_917H-10,São Paulo,3550308,True,,33224,,,-23.5539105,-46.671092,,,,2,2023-06-15T16:48:10+00:00
SAO_917H-10,São Paulo,3550308,True,,33224,,,-23.582161499999998,-46.637816,,,,2,2023-06-15T16:48:21+00:00
SAO_917H-10,São Paulo,3550308,True,,33224,,,-23.547102000000002,-46.689769999999996,,,,2,2023-06-15T16:48:28+00:00
SAO_917H-10,São Paulo,3550308,True,,33224,,,-23.582784124999996,-46.637398000000005,,,,2,2023-06-15T16:48:25+00:00
SAO_5110-10,São Paulo,3550308,True,,34977,,,-23.5742155,-46.603418,,,,2,2023-06-15T16:47:59+00:00
SAO_5110-10,São Paulo,3550308,True,,34977,,,-23.6141145,-46.476496999999995,,,,2,2023-06-15T16:48:04+00:00
SAO_5110-10,São Paulo,3550308,True,,34977,,,-23.6141145,-46.476496999999995,,,,2,2023-06-15T16:48:28+00:00
SAO_5110-10,São Paulo,3550308,True,,34977,,,-23.58297475,-46.5681515,,,,2,2023-06-15T16:48:40+00:00
SAO_5110-10,São Paulo,3550308,True,,34977,,,-23.5472265,-46.6288135,,,,2,2023-06-15T16:48:30+00:00
SAO_5110-10,São Paulo,3550308,True,,34977,,,-23.604448499999997,-46.510915499999996,,,,2,2023-06-15T16:47:00+00:00
SAO_5110-10,São Paulo,3550308,True,,34977,,,-23.613355,-46.476290500000005,,,,2,2023-06-15T16:48:37+00:00
SAO_5110-10,São Paulo,3550308,True,,34977,,,-23.612841500000002,-46.494287,,,,2,2023-06-15T16:48:38+00:00
SAO_5110-10,São Paulo,3550308,True,,34977,,,-23.583709999999996,-46.55122775,,,,2,2023-06-15T16:48:43+00:00
SAO_5110-10,São Paulo,3550308,True,,34977,,,-23.612088,-46.483258,,,,2,2023-06-15T16:48:44+00:00
SAO_5110-10,São Paulo,3550308,True,,34977,,,-23.6141145,-46.476496999999995,,,,2,2023-06-15T16:48:24+00:00
SAO_5110-10,São Paulo,3550308,True,,34977,,,-23.6141145,-46.476496999999995,,,,2,2023-06-15T16:48:33+00:00
SAO_5110-10,São Paulo,3550308,True,,34977,,,-23.597991,-46.53465,,,,2,2023-06-15T16:48:13+00:00
SAO_5110-10,São Paulo,3550308,True,,34977,,,-23.6141145,-46.476496999999995,,,,2,2023-06-15T16:48:39+00:00
SAO_5110-10,São Paulo,3550308,True,,34977,,,-23.55480725,-46.624383,,,,2,2023-06-15T16:48:44+00:00
SAO_3737-10,São Paulo,3550308,True,,33805,,,-23.555668500000003,-46.503803250000004,,,,2,2023-06-15T16:48:24+00:00
SAO_3737-10,São Paulo,3550308,True,,33805,,,-23.5307095,-46.517677,,,,2,2023-06-15T16:48:27+00:00
SAO_3737-10,São Paulo,3550308,True,,33805,,,-23.5307095,-46.517677,,,,2,2023-06-15T16:48:14+00:00
SAO_3737-10,São Paulo,3550308,True,,33805,,,-23.5655005,-46.50685,,,,2,2023-06-15T16:48:06+00:00
SAO_3737-10,São Paulo,3550308,True,,33805,,,-23.5612445,-46.509851,,,,2,2023-06-15T16:48:12+00:00
SAO_3737-10,São Paulo,3550308,True,,33805,,,-23.538626125,-46.516341499999996,,,,2,2023-06-15T16:48:00+00:00
SAO_3737-10,São Paulo,3550308,True,,33805,,,-23.5493295,-46.50873475,,,,2,2023-06-15T16:48:22+00:00
SAO_3737-10,São Paulo,3550308,True,,33805,,,-23.540048499999997,-46.514549625,,,,2,2023-06-15T16:48:13+00:00
SAO_4007-10,São Paulo,3550308,True,,2181,,,-23.556802500000003,-46.476201,,,,1,2023-06-15T16:48:08+00:00
SAO_4007-10,São Paulo,3550308,True,,2181,,,-23.5597845,-46.4206115,,,,1,2023-06-15T16:48:35+00:00
SAO_4007-10,São Paulo,3550308,True,,2181,,,-23.565451,-46.3961775,,,,1,2023-06-15T16:48:44+00:00
SAO_4007-10,São Paulo,3550308,True,,2181,,,-23.55283275,-46.446398,,,,1,2023-06-15T16:48:38+00:00
SAO_4007-10,São Paulo,3550308,True,,2181,,,-23.5669535,-46.401615,,,,1,2023-06-15T16:48:43+00:00
SAO_4007-10,São Paulo,3550308,True,,2181,,,-23.5547825,-46.5163485,,,,1,2023-06-15T16:48:12+00:00
SAO_4007-10,São Paulo,3550308,True,,2181,,,-23.558199000000002,-46.522121,,,,1,2023-06-15T16:48:04+00:00
SAO_3718-10,São Paulo,3550308,True,,33781,,,-23.541107,-46.4847105,,,,2,2023-06-15T16:48:43+00:00
SAO_3718-10,São Paulo,3550308,True,,33781,,,-23.540855999999998,-46.4849405,,,,2,2023-06-15T16:48:32+00:00
SAO_3718-10,São Paulo,3550308,True,,33781,,,-23.5572305,-46.485318,,,,2,2023-06-15T16:48:26+00:00
SAO_3718-10,São Paulo,3550308,True,,33781,,,-23.5438525,-46.481516,,,,2,2023-06-15T16:48:41+00:00
SAO_3718-10,São Paulo,3550308,True,,33781,,,-23.540547,-46.485232999999994,,,,2,2023-06-15T16:48:18+00:00
SAO_118C-10,São Paulo,3550308,True,,519,,,-23.453513,-46.6717795,,,,1,2023-06-15T16:48:14+00:00
SAO_118C-10,São Paulo,3550308,True,,519,,,-23.50563825,-46.624972375,,,,1,2023-06-15T16:48:24+00:00
SAO_118C-10,São Paulo,3550308,True,,519,,,-23.46333,-46.6657255,,,,1,2023-06-15T16:48:32+00:00
SAO_118C-10,São Paulo,3550308,True,,519,,,-23.531155749999996,-46.632473375,,,,1,2023-06-15T16:48:27+00:00
SAO_874T-10,São Paulo,3550308,True,,33075,,,-23.578151,-46.602798,,,,2,2023-06-15T16:48:09+00:00
SAO_874T-10,São Paulo,3550308,True,,33075,,,-23.565439499999997,-46.651795875000005,,,,2,2023-06-15T16:48:27+00:00
SAO_874T-10,São Paulo,3550308,True,,33075,,,-23.577866874999998,-46.601438,,,,2,2023-06-15T16:48:15+00:00
SAO_874T-10,São Paulo,3550308,True,,33075,,,-23.524981499999996,-46.688971124999995,,,,2,2023-06-15T16:48:32+00:00
SAO_874T-10,São Paulo,3550308,True,,33075,,,-23.578582,-46.60805425,,,,2,2023-06-15T16:48:45+00:00
SAO_874T-10,São Paulo,3550308,True,,33075,,,-23.58593725,-46.63569425,,,,2,2023-06-15T16:48:11+00:00
SAO_874T-10,São Paulo,3550308,True,,33075,,,-23.577792125000002,-46.601164,,,,2,2023-06-15T16:48:17+00:00
SAO_874T-10,São Paulo,3550308,True,,33075,,,-23.518019,-46.7077245,,,,2,2023-06-15T16:48:19+00:00
SAO_6057-10,São Paulo,3550308,True,,1148,,,-23.7575345,-46.706884,,,,1,2023-06-15T16:48:03+00:00
SAO_6057-10,São Paulo,3550308,True,,1148,,,-23.766551999999997,-46.7091615,,,,1,2023-06-15T16:48:46+00:00
SAO_6057-10,São Paulo,3550308,True,,1148,,,-23.766394,-46.70895,,,,1,2023-06-15T16:48:45+00:00
SAO_6057-10,São Paulo,3550308,True,,1148,,,-23.766964,-46.703877000000006,,,,1,2023-06-15T16:48:13+00:00
SAO_6057-10,São Paulo,3550308,True,,1148,,,-23.7371425,-46.697546,,,,1,2023-06-15T16:48:41+00:00
SAO_6057-10,São Paulo,3550308,True,,1148,,,-23.766551999999997,-46.7091615,,,,1,2023-06-15T16:48:15+00:00
SAO_6057-10,São Paulo,3550308,True,,1148,,,-23.766551999999997,-46.7091615,,,,1,2023-06-15T16:48:34+00:00
SAO_476G-41,São Paulo,3550308,True,,33880,,,-23.607442,-46.536333,,,,2,2023-06-15T16:48:44+00:00
SAO_476G-41,São Paulo,3550308,True,,33880,,,-23.6102795,-46.5296235,,,,2,2023-06-15T16:48:14+00:00
SAO_476G-41,São Paulo,3550308,True,,33880,,,-23.6098365,-46.529281,,,,2,2023-06-15T16:47:29+00:00
SAO_476G-41,São Paulo,3550308,True,,33880,,,-23.5786585,-46.6091775,,,,2,2023-06-15T16:48:43+00:00
SAO_476G-41,São Paulo,3550308,True,,33880,,,-23.5791345,-46.6241115,,,,2,2023-06-15T16:48:38+00:00
SAO_476G-41,São Paulo,3550308,True,,33880,,,-23.588514500000002,-46.586273,,,,2,2023-06-15T16:48:31+00:00
SAO_6063-41,São Paulo,3550308,True,,1773,,,-23.767194,-46.716251,,,,1,2023-06-15T16:48:21+00:00
SAO_6063-41,São Paulo,3550308,True,,1773,,,-23.766788,-46.716197,,,,1,2023-06-15T16:48:13+00:00
SAO_6063-41,São Paulo,3550308,True,,1773,,,-23.774587750000002,-46.6990375,,,,1,2023-06-15T16:48:44+00:00
SAO_857A-10,São Paulo,3550308,True,,1925,,,-23.584879,-46.718874,,,,1,2023-06-15T16:48:38+00:00
SAO_857A-10,São Paulo,3550308,True,,1925,,,-23.568051500000003,-46.6966145,,,,1,2023-06-15T16:48:34+00:00
SAO_857A-10,São Paulo,3550308,True,,1925,,,-23.6285345,-46.7679945,,,,1,2023-06-15T16:48:38+00:00
SAO_857A-10,São Paulo,3550308,True,,1925,,,-23.596826749999998,-46.646049375000004,,,,1,2023-06-15T16:48:14+00:00
SAO_857A-10,São Paulo,3550308,True,,1925,,,-23.5841865,-46.683443,,,,1,2023-06-15T16:48:18+00:00
SAO_3462-10,São Paulo,3550308,True,,33015,,,-23.533104,-46.467389749999995,,,,2,2023-06-15T16:48:44+00:00
SAO_3462-10,São Paulo,3550308,True,,33015,,,-23.527654749999996,-46.4550565,,,,2,2023-06-15T16:48:39+00:00
SAO_3462-10,São Paulo,3550308,True,,33015,,,-23.522969,-46.522627,,,,2,2023-06-15T16:48:32+00:00
SAO_3462-10,São Paulo,3550308,True,,33015,,,-23.527414,-46.4551295,,,,2,2023-06-15T16:48:17+00:00
SAO_3462-10,São Paulo,3550308,True,,33015,,,-23.527654749999996,-46.4550565,,,,2,2023-06-15T16:48:25+00:00
SAO_857C-10,São Paulo,3550308,True,,34669,,,-23.6313825,-46.77286,,,,2,2023-06-15T16:48:20+00:00
SAO_857C-10,São Paulo,3550308,True,,34669,,,-23.6453855,-46.71255625,,,,2,2023-06-15T16:48:30+00:00
SAO_857C-10,São Paulo,3550308,True,,34669,,,-23.6313825,-46.77286,,,,2,2023-06-15T16:48:45+00:00
SAO_857C-10,São Paulo,3550308,True,,34669,,,-23.648509500000003,-46.75931925,,,,2,2023-06-15T16:48:31+00:00
SAO_857C-10,São Paulo,3550308,True,,34669,,,-23.648509500000003,-46.75931925,,,,2,2023-06-15T16:48:35+00:00
SAO_857C-10,São Paulo,3550308,True,,34669,,,-23.62201425,-46.677923750000005,,,,2,2023-06-15T16:48:25+00:00
SAO_576C-10,São Paulo,3550308,True,,34058,,,-23.655774750000003,-46.655400500000006,,,,2,2023-06-15T16:48:12+00:00
SAO_576C-10,São Paulo,3550308,True,,34058,,,-23.638040500000002,-46.632286,,,,2,2023-06-15T16:48:07+00:00
SAO_576C-10,São Paulo,3550308,True,,34058,,,-23.675898500000002,-46.6857565,,,,2,2023-06-15T16:48:11+00:00
SAO_576C-10,São Paulo,3550308,True,,34058,,,-23.65156975,-46.703075999999996,,,,2,2023-06-15T16:48:18+00:00
SAO_576C-10,São Paulo,3550308,True,,34058,,,-23.6491675,-46.646328,,,,2,2023-06-15T16:48:06+00:00
SAO_576C-10,São Paulo,3550308,True,,34058,,,-23.649853,-46.64674575,,,,2,2023-06-15T16:48:38+00:00
SAO_576C-10,São Paulo,3550308,True,,34058,,,-23.637947,-46.632115999999996,,,,2,2023-06-15T16:48:10+00:00
SAO_576C-10,São Paulo,3550308,True,,34058,,,-23.6377235,-46.63196,,,,2,2023-06-15T16:48:26+00:00
SAO_576C-10,São Paulo,3550308,True,,34058,,,-23.637947,-46.632115999999996,,,,2,2023-06-15T16:48:06+00:00
SAO_576C-10,São Paulo,3550308,True,,34058,,,-23.656470249999998,-46.670886249999995,,,,2,2023-06-15T16:48:23+00:00
SAO_8001-10,São Paulo,3550308,True,,1251,,,-23.502264,-46.76104,,,,1,2023-06-15T16:48:06+00:00
SAO_8001-10,São Paulo,3550308,True,,1251,,,-23.508048000000002,-46.7477065,,,,1,2023-06-15T16:48:06+00:00
SAO_5031-10,São Paulo,3550308,True,,1746,,,-23.6369285,-46.593451,,,,1,2023-06-15T16:48:13+00:00
SAO_5031-10,São Paulo,3550308,True,,1746,,,-23.637415,-46.592847500000005,,,,1,2023-06-15T16:48:44+00:00
SAO_5031-10,São Paulo,3550308,True,,1746,,,-23.62608475,-46.591164500000005,,,,1,2023-06-15T16:48:27+00:00
SAO_5031-10,São Paulo,3550308,True,,1746,,,-23.615416500000002,-46.593607,,,,1,2023-06-15T16:48:08+00:00
SAO_5031-10,São Paulo,3550308,True,,1746,,,-23.633299,-46.5869175,,,,1,2023-06-15T16:48:21+00:00
SAO_5031-10,São Paulo,3550308,True,,1746,,,-23.60328075,-46.602380499999995,,,,1,2023-06-15T16:48:21+00:00
SAO_5031-10,São Paulo,3550308,True,,1746,,,-23.637415,-46.592847500000005,,,,1,2023-06-15T16:48:20+00:00
SAO_5031-10,São Paulo,3550308,True,,1746,,,-23.60328075,-46.602380499999995,,,,1,2023-06-15T16:48:07+00:00
SAO_5031-10,São Paulo,3550308,True,,1746,,,-23.620193999999998,-46.592152,,,,1,2023-06-15T16:48:18+00:00
SAO_5031-10,São Paulo,3550308,True,,1746,,,-23.637415,-46.592847500000005,,,,1,2023-06-15T16:48:26+00:00
SAO_5031-10,São Paulo,3550308,True,,1746,,,-23.60328075,-46.602380499999995,,,,1,2023-06-15T16:48:37+00:00
SAO_6061-10,São Paulo,3550308,True,,1150,,,-23.78403325,-46.68289,,,,1,2023-06-15T16:48:44+00:00
SAO_6061-10,São Paulo,3550308,True,,1150,,,-23.7817615,-46.681180499999996,,,,1,2023-06-15T16:48:21+00:00
SAO_6061-10,São Paulo,3550308,True,,1150,,,-23.747036,-46.687847500000004,,,,1,2023-06-15T16:48:24+00:00
SAO_6061-10,São Paulo,3550308,True,,1150,,,-23.736116000000003,-46.6964145,,,,1,2023-06-15T16:48:06+00:00
SAO_6061-10,São Paulo,3550308,True,,1150,,,-23.7817615,-46.681180499999996,,,,1,2023-06-15T16:48:20+00:00
SAO_6061-10,São Paulo,3550308,True,,1150,,,-23.768781500000003,-46.695903,,,,1,2023-06-15T16:48:37+00:00
SAO_8018-10,São Paulo,3550308,True,,34838,,,-23.5984475,-46.73722,,,,2,2023-06-15T16:48:19+00:00
SAO_8018-10,São Paulo,3550308,True,,34838,,,-23.586288500000002,-46.7236685,,,,2,2023-06-15T16:48:15+00:00
SAO_2435-10,São Paulo,3550308,True,,32978,,,-23.532400000000003,-46.482676,,,,2,2023-06-15T16:48:38+00:00
SAO_2435-10,São Paulo,3550308,True,,32978,,,-23.523241,-46.534898,,,,2,2023-06-15T16:48:45+00:00
SAO_2435-10,São Paulo,3550308,True,,32978,,,-23.5289775,-46.4795655,,,,2,2023-06-15T16:48:19+00:00
SAO_6039-10,São Paulo,3550308,True,,1217,,,-23.649743,-46.7095055,,,,1,2023-06-15T16:48:35+00:00
SAO_6039-10,São Paulo,3550308,True,,1217,,,-23.639541,-46.717209499999996,,,,1,2023-06-15T16:48:15+00:00
SAO_6039-10,São Paulo,3550308,True,,1217,,,-23.642440999999998,-46.740138,,,,1,2023-06-15T16:48:40+00:00
SAO_6039-10,São Paulo,3550308,True,,1217,,,-23.652146000000002,-46.708776,,,,1,2023-06-15T16:48:46+00:00
SAO_6039-10,São Paulo,3550308,True,,1217,,,-23.6376725,-46.718270875,,,,1,2023-06-15T16:48:28+00:00
SAO_6039-10,São Paulo,3550308,True,,1217,,,-23.6456275,-46.711672,,,,1,2023-06-15T16:48:04+00:00
SAO_6039-10,São Paulo,3550308,True,,1217,,,-23.6397725,-46.7170835,,,,1,2023-06-15T16:48:27+00:00
SAO_6039-10,São Paulo,3550308,True,,1217,,,-23.6518805,-46.708862999999994,,,,1,2023-06-15T16:48:47+00:00
SAO_6039-10,São Paulo,3550308,True,,1217,,,-23.652227250000003,-46.708538,,,,1,2023-06-15T16:48:40+00:00
SAO_148P-10,São Paulo,3550308,True,EMTU,534,https://moovitapp.com/index/pt-br/transporte_p%C3%BAblico-line-534-Sao_Paulo-242-2038937-36419546-0,6.3,-23.502143500000003,-46.656903,,,,1,2023-06-15T16:48:06+00:00
SAO_148P-10,São Paulo,3550308,True,EMTU,534,https://moovitapp.com/index/pt-br/transporte_p%C3%BAblico-line-534-Sao_Paulo-242-2038937-36419546-0,6.3,-23.457928,-46.642896500000006,,,,1,2023-06-15T16:48:03+00:00
SAO_148P-10,São Paulo,3550308,True,EMTU,534,https://moovitapp.com/index/pt-br/transporte_p%C3%BAblico-line-534-Sao_Paulo-242-2038937-36419546-0,6.3,-23.519741,-46.656991250000004,,,,1,2023-06-15T16:48:16+00:00
SAO_148P-10,São Paulo,3550308,True,EMTU,534,https://moovitapp.com/index/pt-br/transporte_p%C3%BAblico-line-534-Sao_Paulo-242-2038937-36419546-0,6.3,-23.457928,-46.642896500000006,,,,1,2023-06-15T16:48:08+00:00
SAO_148P-10,São Paulo,3550308,True,EMTU,534,https://moovitapp.com/index/pt-br/transporte_p%C3%BAblico-line-534-Sao_Paulo-242-2038937-36419546-0,6.3,-23.494088,-46.661728499999995,,,,1,2023-06-15T16:48:04+00:00
SAO_148P-10,São Paulo,3550308,True,EMTU,534,https://moovitapp.com/index/pt-br/transporte_p%C3%BAblico-line-534-Sao_Paulo-242-2038937-36419546-0,6.3,-23.457928,-46.642896500000006,,,,1,2023-06-15T16:48:33+00:00
SAO_148P-10,São Paulo,3550308,True,EMTU,534,https://moovitapp.com/index/pt-br/transporte_p%C3%BAblico-line-534-Sao_Paulo-242-2038937-36419546-0,6.3,-23.457928,-46.642896500000006,,,,1,2023-06-15T16:48:21+00:00
SAO_3539-10,São Paulo,3550308,True,,33516,,,-23.6008165,-46.399510500000005,,,,2,2023-06-15T16:48:30+00:00
SAO_3539-10,São Paulo,3550308,True,,33516,,,-23.544390999999997,-46.5923645,,,,2,2023-06-15T16:48:04+00:00
SAO_3539-10,São Paulo,3550308,True,,33516,,,-23.56620175,-46.4666585,,,,2,2023-06-15T16:44:49+00:00
SAO_3539-10,São Paulo,3550308,True,,33516,,,-23.600441500000002,-46.399831500000005,,,,2,2023-06-15T16:48:43+00:00
SAO_3539-10,São Paulo,3550308,True,,33516,,,-23.590280749999998,-46.416636999999994,,,,2,2023-06-15T16:48:23+00:00
SAO_3539-10,São Paulo,3550308,True,,33516,,,-23.60156875,-46.398831,,,,2,2023-06-15T16:48:23+00:00
SAO_3539-10,São Paulo,3550308,True,,33516,,,-23.5830135,-46.409528,,,,2,2023-06-15T16:47:58+00:00
SAO_3539-10,São Paulo,3550308,True,,33516,,,-23.534867,-46.547666,,,,2,2023-06-15T16:48:35+00:00
SAO_3539-10,São Paulo,3550308,True,,33516,,,-23.594714,-46.443023,,,,2,2023-06-15T16:48:22+00:00
SAO_3539-10,São Paulo,3550308,True,,33516,,,-23.58639,-46.409293000000005,,,,2,2023-06-15T16:46:47+00:00
SAO_3539-10,São Paulo,3550308,True,,33516,,,-23.532242500000002,-46.530350999999996,,,,2,2023-06-15T16:48:28+00:00
SAO_3763-10,São Paulo,3550308,True,,33822,,,-23.566717500000003,-46.53657,,,,2,2023-06-15T16:48:04+00:00
SAO_3763-10,São Paulo,3550308,True,,33822,,,-23.55004675,-46.5722945,,,,2,2023-06-15T16:48:29+00:00
SAO_3763-10,São Paulo,3550308,True,,33822,,,-23.558156,-46.522711,,,,2,2023-06-15T16:48:41+00:00
SAO_3763-10,São Paulo,3550308,True,,33822,,,-23.557536749999997,-46.523783249999994,,,,2,2023-06-15T16:48:09+00:00
SAO_3763-10,São Paulo,3550308,True,,33822,,,-23.5706985,-46.54956,,,,2,2023-06-15T16:48:28+00:00
SAO_3763-10,São Paulo,3550308,True,,33822,,,-23.557536749999997,-46.523783249999994,,,,2,2023-06-15T16:48:23+00:00
SAO_3763-10,São Paulo,3550308,True,,33822,,,-23.567565000000002,-46.54374,,,,2,2023-06-15T16:48:29+00:00
SAO_3763-10,São Paulo,3550308,True,,33822,,,-23.570303000000003,-46.548459,,,,2,2023-06-15T16:48:32+00:00
SAO_3763-10,São Paulo,3550308,True,,33822,,,-23.5490195,-46.554886499999995,,,,2,2023-06-15T16:47:12+00:00
SAO_3763-10,São Paulo,3550308,True,,33822,,,-23.54808175,-46.5623185,,,,2,2023-06-15T16:48:38+00:00
SAO_3763-10,São Paulo,3550308,True,,33822,,,-23.557536749999997,-46.523783249999994,,,,2,2023-06-15T16:48:40+00:00
SAO_3763-10,São Paulo,3550308,True,,33822,,,-23.558262,-46.522529000000006,,,,2,2023-06-15T16:48:40+00:00
SAO_3754-10,São Paulo,3550308,True,,1049,,,-23.5738885,-46.3986,,,,1,2023-06-15T16:48:36+00:00
SAO_3754-10,São Paulo,3550308,True,,1049,,,-23.530045,-46.4439195,,,,1,2023-06-15T16:48:28+00:00
SAO_3754-10,São Paulo,3550308,True,,1049,,,-23.546495,-46.4091405,,,,1,2023-06-15T16:47:59+00:00
SAO_3754-10,São Paulo,3550308,True,,1049,,,-23.56198,-46.407819,,,,1,2023-06-15T16:48:17+00:00
SAO_476G-10,São Paulo,3550308,True,,1111,,,-23.60210875,-46.539162000000005,,,,1,2023-06-15T16:48:08+00:00
SAO_476G-10,São Paulo,3550308,True,,1111,,,-23.5924345,-46.647005500000006,,,,1,2023-06-15T16:48:15+00:00
SAO_476G-10,São Paulo,3550308,True,,1111,,,-23.593835,-46.57868775,,,,1,2023-06-15T16:48:37+00:00
SAO_476G-10,São Paulo,3550308,True,,1111,,,-23.585410125000003,-46.635665,,,,1,2023-06-15T16:48:20+00:00
SAO_476G-10,São Paulo,3550308,True,,1111,,,-23.618215499999998,-46.5115815,,,,1,2023-06-15T16:48:31+00:00
SAO_6291-10,São Paulo,3550308,True,,33126,,,-23.613964,-46.7139825,,,,2,2023-06-15T16:48:26+00:00
SAO_6291-10,São Paulo,3550308,True,,33126,,,-23.6435375,-46.776610000000005,,,,2,2023-06-15T16:48:12+00:00
SAO_6291-10,São Paulo,3550308,True,,33126,,,-23.567678875000002,-46.659757,,,,2,2023-06-15T16:48:41+00:00
SAO_6291-10,São Paulo,3550308,True,,33126,,,-23.6425005,-46.766622,,,,2,2023-06-15T16:48:11+00:00
SAO_6291-10,São Paulo,3550308,True,,33126,,,-23.586695499999998,-46.692237000000006,,,,2,2023-06-15T16:48:10+00:00
SAO_2012-10,São Paulo,3550308,True,,2281,,,-23.518156375,-46.613121750000005,,,,1,2023-06-15T16:48:18+00:00
SAO_2012-10,São Paulo,3550308,True,,2281,,,-23.49191775,-46.5876505,,,,1,2023-06-15T16:48:01+00:00
SAO_2031-10,São Paulo,3550308,True,,33135,,,-23.494554,-46.42565275,,,,2,2023-06-15T16:48:36+00:00
SAO_2031-10,São Paulo,3550308,True,,33135,,,-23.50583075,-46.37282175,,,,2,2023-06-15T16:48:22+00:00
SAO_2031-10,São Paulo,3550308,True,,33135,,,-23.5187885,-46.4757585,,,,2,2023-06-15T16:48:37+00:00
SAO_2031-10,São Paulo,3550308,True,,33135,,,-23.5080015,-46.375648,,,,2,2023-06-15T16:47:15+00:00
SAO_2031-10,São Paulo,3550308,True,,33135,,,-23.50584575,-46.37234624999999,,,,2,2023-06-15T16:48:07+00:00
SAO_809T-10,São Paulo,3550308,True,,35014,,,-23.521206,-46.72982275,,,,2,2023-06-15T16:48:41+00:00
SAO_809T-10,São Paulo,3550308,True,,35014,,,-23.585752,-46.80545,,,,2,2023-06-15T16:48:23+00:00
SAO_809T-10,São Paulo,3550308,True,,35014,,,-23.5749845,-46.7568975,,,,2,2023-06-15T16:48:46+00:00
SAO_809T-10,São Paulo,3550308,True,,35014,,,-23.585870999999997,-46.8051445,,,,2,2023-06-15T16:48:28+00:00
SAO_1703-10,São Paulo,3550308,True,,847,,,-23.50523225,-46.61524025,,,,1,2023-06-15T16:48:19+00:00
SAO_1703-10,São Paulo,3550308,True,,847,,,-23.430699500000003,-46.573944499999996,,,,1,2023-06-15T16:47:08+00:00
SAO_1703-10,São Paulo,3550308,True,,847,,,-23.470981000000002,-46.586147,,,,1,2023-06-15T16:48:19+00:00
SAO_1703-10,São Paulo,3550308,True,,847,,,-23.430699500000003,-46.573944499999996,,,,1,2023-06-15T16:48:40+00:00
SAO_3301-10,São Paulo,3550308,True,,34386,,,-23.4942435,-46.4390015,,,,2,2023-06-15T16:48:44+00:00
SAO_3301-10,São Paulo,3550308,True,,34386,,,-23.5146335,-46.520844,,,,2,2023-06-15T16:44:15+00:00
SAO_3301-10,São Paulo,3550308,True,,34386,,,-23.49247875,-46.4483235,,,,2,2023-06-15T16:48:20+00:00
SAO_3301-10,São Paulo,3550308,True,,34386,,,-23.52422,-46.548732,,,,2,2023-06-15T16:48:26+00:00
SAO_3301-10,São Paulo,3550308,True,,34386,,,-23.491528000000002,-46.434711500000006,,,,2,2023-06-15T16:48:03+00:00
SAO_3301-10,São Paulo,3550308,True,,34386,,,-23.5108505,-46.503065500000005,,,,2,2023-06-15T16:48:16+00:00
SAO_3301-10,São Paulo,3550308,True,,34386,,,-23.491546,-46.434299,,,,2,2023-06-15T16:48:40+00:00
SAO_3301-10,São Paulo,3550308,True,,34386,,,-23.4980715,-46.45881025,,,,2,2023-06-15T16:48:16+00:00
SAO_938C-10,São Paulo,3550308,True,,586,,,-23.4573405,-46.719361,,,,1,2023-06-15T16:48:33+00:00
SAO_938C-10,São Paulo,3550308,True,,586,,,-23.53506275,-46.644746999999995,,,,1,2023-06-15T16:48:08+00:00
SAO_938C-10,São Paulo,3550308,True,,586,,,-23.5171405,-46.6989305,,,,1,2023-06-15T16:48:43+00:00
SAO_1720-10,São Paulo,3550308,True,,33631,,,-23.4942895,-46.568806,,,,2,2023-06-15T16:48:40+00:00
SAO_1720-10,São Paulo,3550308,True,,33631,,,-23.472356,-46.616873999999996,,,,2,2023-06-15T16:48:36+00:00
SAO_1720-10,São Paulo,3550308,True,,33631,,,-23.4918955,-46.574477,,,,2,2023-06-15T16:45:11+00:00
SAO_1720-10,São Paulo,3550308,True,,33631,,,-23.494107,-46.568782999999996,,,,2,2023-06-15T16:48:39+00:00
SAO_1720-10,São Paulo,3550308,True,,33631,,,-23.481246249999998,-46.58206275,,,,2,2023-06-15T16:48:19+00:00
SAO_1720-10,São Paulo,3550308,True,,33631,,,-23.4942895,-46.568806,,,,2,2023-06-15T16:48:16+00:00
SAO_1720-10,São Paulo,3550308,True,,33631,,,-23.4918955,-46.574477,,,,2,2023-06-15T16:46:57+00:00
SAO_1720-10,São Paulo,3550308,True,,33631,,,-23.494107,-46.568782999999996,,,,2,2023-06-15T16:46:58+00:00
SAO_1720-10,São Paulo,3550308,True,,33631,,,-23.476561500000003,-46.610911,,,,2,2023-06-15T16:48:06+00:00
SAO_1720-10,São Paulo,3550308,True,,33631,,,-23.481333749999997,-46.604004375,,,,2,2023-06-15T16:48:39+00:00
SAO_2009-10,São Paulo,3550308,True,,33666,,,-23.524367750000003,-46.41404800000001,,,,2,2023-06-15T16:48:02+00:00
SAO_2009-10,São Paulo,3550308,True,,33666,,,-23.53906475,-46.41295875,,,,2,2023-06-15T16:48:25+00:00
SAO_2009-10,São Paulo,3550308,True,,33666,,,-23.51519225,-46.412625,,,,2,2023-06-15T16:48:42+00:00
SAO_477P-10,São Paulo,3550308,True,,33116,,,-23.60695725,-46.6592775,,,,2,2023-06-15T16:48:32+00:00
SAO_477P-10,São Paulo,3550308,True,,33116,,,-23.5689015,-46.697177499999995,,,,2,2023-06-15T16:48:10+00:00
SAO_477P-10,São Paulo,3550308,True,,33116,,,-23.5778035,-46.765674000000004,,,,2,2023-06-15T16:48:12+00:00
SAO_477P-10,São Paulo,3550308,True,,33116,,,-23.612686375000003,-46.664685375000005,,,,2,2023-06-15T16:44:50+00:00
SAO_477P-10,São Paulo,3550308,True,,33116,,,-23.58182175,-46.6140535,,,,2,2023-06-15T16:48:01+00:00
SAO_477P-10,São Paulo,3550308,True,,33116,,,-23.572109,-46.706032750000006,,,,2,2023-06-15T16:48:02+00:00
SAO_477P-10,São Paulo,3550308,True,,33116,,,-23.58310125,-46.6839305,,,,2,2023-06-15T16:48:11+00:00
SAO_477P-10,São Paulo,3550308,True,,33116,,,-23.612551,-46.60875125,,,,2,2023-06-15T16:48:37+00:00
SAO_477P-10,São Paulo,3550308,True,,33116,,,-23.578837,-46.6860305,,,,2,2023-06-15T16:48:45+00:00
SAO_8000-1,São Paulo,3550308,True,,35274,,,-23.5201365,-46.700402999999994,,,,2,2023-06-15T16:48:03+00:00
SAO_8000-1,São Paulo,3550308,True,,35274,,,-23.525425,-46.6819085,,,,2,2023-06-15T16:48:41+00:00
SAO_8000-1,São Paulo,3550308,True,,35274,,,-23.52087225,-46.70017,,,,2,2023-06-15T16:48:04+00:00
SAO_8000-1,São Paulo,3550308,True,,35274,,,-23.520992749999998,-46.699836,,,,2,2023-06-15T16:48:41+00:00
SAO_8000-1,São Paulo,3550308,True,,35274,,,-23.5331495,-46.65650675,,,,2,2023-06-15T16:48:23+00:00
SAO_1788-10,São Paulo,3550308,True,,33421,,,-23.4579565,-46.602463,,,,2,2023-06-15T16:46:28+00:00
SAO_1788-10,São Paulo,3550308,True,,33421,,,-23.5020595,-46.6229275,,,,2,2023-06-15T16:48:38+00:00
SAO_1788-10,São Paulo,3550308,True,,33421,,,-23.4889595,-46.619086499999995,,,,2,2023-06-15T16:45:55+00:00
SAO_1788-10,São Paulo,3550308,True,,33421,,,-23.430656,-46.575369499999994,,,,2,2023-06-15T16:48:37+00:00
SAO_1788-10,São Paulo,3550308,True,,33421,,,-23.438771,-46.580826,,,,2,2023-06-15T16:48:09+00:00
SAO_1788-10,São Paulo,3550308,True,,33421,,,-23.430906,-46.574909,,,,2,2023-06-15T16:48:35+00:00
SAO_407F-10,São Paulo,3550308,True,,34935,,,-23.612371,-46.47622,,,,2,2023-06-15T16:48:05+00:00
SAO_407F-10,São Paulo,3550308,True,,34935,,,-23.541312875000003,-46.592650000000006,,,,2,2023-06-15T16:48:03+00:00
SAO_407F-10,São Paulo,3550308,True,,34935,,,-23.60590275,-46.4797095,,,,2,2023-06-15T16:48:26+00:00
SAO_407F-10,São Paulo,3550308,True,,34935,,,-23.5750505,-46.5329065,,,,2,2023-06-15T16:48:20+00:00
SAO_407F-10,São Paulo,3550308,True,,34935,,,-23.597652500000002,-46.48668725,,,,2,2023-06-15T16:48:23+00:00
SAO_930P-10,São Paulo,3550308,True,,34883,,,-23.566438124999998,-46.668901500000004,,,,2,2023-06-15T16:48:15+00:00
SAO_930P-10,São Paulo,3550308,True,,34883,,,-23.5661855,-46.702046499999994,,,,2,2023-06-15T16:48:26+00:00
SAO_930P-10,São Paulo,3550308,True,,34883,,,-23.558281125,-46.6603935,,,,2,2023-06-15T16:48:43+00:00
SAO_930P-10,São Paulo,3550308,True,,34883,,,-23.546217,-46.6305745,,,,2,2023-06-15T16:48:46+00:00
SAO_930P-10,São Paulo,3550308,True,,34883,,,-23.5729335,-46.6897095,,,,2,2023-06-15T16:48:28+00:00
SAO_930P-10,São Paulo,3550308,True,,34883,,,-23.546065499999997,-46.6320345,,,,2,2023-06-15T16:48:39+00:00
SAO_930P-10,São Paulo,3550308,True,,34883,,,-23.548397875,-46.643313625000005,,,,2,2023-06-15T16:48:42+00:00
SAO_9002-10,São Paulo,3550308,True,,33638,,,-23.46679075,-46.669648,,,,2,2023-06-15T16:48:18+00:00
SAO_9002-10,São Paulo,3550308,True,,33638,,,-23.458088500000002,-46.6717525,,,,2,2023-06-15T16:48:13+00:00
SAO_9002-10,São Paulo,3550308,True,,33638,,,-23.4580475,-46.6711965,,,,2,2023-06-15T16:48:09+00:00
SAO_9002-10,São Paulo,3550308,True,,33638,,,-23.4752665,-46.670108,,,,2,2023-06-15T16:48:04+00:00
SAO_9002-10,São Paulo,3550308,True,,33638,,,-23.454690499999998,-46.66821,,,,2,2023-06-15T16:48:06+00:00
SAO_9002-10,São Paulo,3550308,True,,33638,,,-23.4580655,-46.671398499999995,,,,2,2023-06-15T16:48:36+00:00
SAO_6020-10,São Paulo,3550308,True,,35223,,,-23.82738,-46.741164375,,,,2,2023-06-15T16:48:19+00:00
SAO_1178-31,São Paulo,3550308,True,,34580,,,-23.504024,-46.4331685,,,,2,2023-06-15T16:48:44+00:00
SAO_1178-31,São Paulo,3550308,True,,34580,,,-23.49155975,-46.44657925,,,,2,2023-06-15T16:48:32+00:00
SAO_1178-31,São Paulo,3550308,True,,34580,,,-23.504152499999996,-46.432775,,,,2,2023-06-15T16:48:29+00:00
SAO_1178-31,São Paulo,3550308,True,,34580,,,-23.504152499999996,-46.432775,,,,2,2023-06-15T16:48:08+00:00
SAO_1178-31,São Paulo,3550308,True,,34580,,,-23.5041765,-46.433013,,,,2,2023-06-15T16:48:19+00:00
SAO_1178-31,São Paulo,3550308,True,,34580,,,-23.4834425,-46.494665499999996,,,,2,2023-06-15T16:47:07+00:00
SAO_1178-31,São Paulo,3550308,True,,34580,,,-23.485822499999998,-46.483318249999996,,,,2,2023-06-15T16:41:52+00:00
SAO_1178-31,São Paulo,3550308,True,,34580,,,-23.5064395,-46.524964499999996,,,,2,2023-06-15T16:48:04+00:00
SAO_4313-10,São Paulo,3550308,True,,34941,,,-23.594748000000003,-46.444041999999996,,,,2,2023-06-15T16:48:33+00:00
SAO_4313-10,São Paulo,3550308,True,,34941,,,-23.5400975,-46.5425695,,,,2,2023-06-15T16:48:13+00:00
SAO_4313-10,São Paulo,3550308,True,,34941,,,-23.5985115,-46.460995,,,,2,2023-06-15T16:48:23+00:00
SAO_4313-10,São Paulo,3550308,True,,34941,,,-23.5467325,-46.527919499999996,,,,2,2023-06-15T16:48:22+00:00
SAO_4313-10,São Paulo,3550308,True,,34941,,,-23.5747305,-46.503548,,,,2,2023-06-15T16:48:21+00:00
SAO_4313-10,São Paulo,3550308,True,,34941,,,-23.597027,-46.4568065,,,,2,2023-06-15T16:48:20+00:00
SAO_4313-10,São Paulo,3550308,True,,34941,,,-23.54462675,-46.593598125,,,,2,2023-06-15T16:48:03+00:00
SAO_4313-10,São Paulo,3550308,True,,34941,,,-23.538682,-46.565627500000005,,,,2,2023-06-15T16:48:16+00:00
SAO_4313-10,São Paulo,3550308,True,,34941,,,-23.583026,-46.408417,,,,2,2023-06-15T16:48:24+00:00
SAO_4313-10,São Paulo,3550308,True,,34941,,,-23.582032749999996,-46.410213375000005,,,,2,2023-06-15T16:48:26+00:00
SAO_4313-10,São Paulo,3550308,True,,34941,,,-23.5479245,-46.629473,,,,2,2023-06-15T16:48:01+00:00
SAO_4313-10,São Paulo,3550308,True,,34941,,,-23.583026,-46.408417,,,,2,2023-06-15T16:48:16+00:00
SAO_4313-10,São Paulo,3550308,True,,34941,,,-23.577828500000003,-46.5006355,,,,2,2023-06-15T16:48:32+00:00
SAO_4313-10,São Paulo,3550308,True,,34941,,,-23.5956305,-46.43828325,,,,2,2023-06-15T16:48:38+00:00
SAO_4313-10,São Paulo,3550308,True,,34941,,,-23.5524205,-46.620911500000005,,,,2,2023-06-15T16:48:25+00:00
SAO_4313-10,São Paulo,3550308,True,,34941,,,-23.581097,-46.414367500000004,,,,2,2023-06-15T16:48:05+00:00
SAO_4313-10,São Paulo,3550308,True,,34941,,,-23.583026,-46.408417,,,,2,2023-06-15T16:48:10+00:00
SAO_4018-10,São Paulo,3550308,True,,34959,,,-23.600949999999997,-46.399390499999996,,,,2,2023-06-15T16:48:07+00:00
SAO_4018-10,São Paulo,3550308,True,,34959,,,-23.583129,-46.4092945,,,,2,2023-06-15T16:48:19+00:00
SAO_4018-10,São Paulo,3550308,True,,34959,,,-23.6008165,-46.399510500000005,,,,2,2023-06-15T16:48:08+00:00
SAO_4018-10,São Paulo,3550308,True,,34959,,,-23.5973145,-46.457163,,,,2,2023-06-15T16:46:23+00:00
SAO_4018-10,São Paulo,3550308,True,,34959,,,-23.601313750000003,-46.399062,,,,2,2023-06-15T16:48:28+00:00
SAO_4018-10,São Paulo,3550308,True,,34959,,,-23.613653,-46.4766475,,,,2,2023-06-15T16:48:23+00:00
SAO_4018-10,São Paulo,3550308,True,,34959,,,-23.591748,-46.407287374999996,,,,2,2023-06-15T16:46:43+00:00
SAO_4018-10,São Paulo,3550308,True,,34959,,,-23.5884725,-46.4151555,,,,2,2023-06-15T16:48:15+00:00
SAO_4018-10,São Paulo,3550308,True,,34959,,,-23.6008165,-46.399510500000005,,,,2,2023-06-15T16:48:16+00:00
SAO_4018-10,São Paulo,3550308,True,,34959,,,-23.600949999999997,-46.399390499999996,,,,2,2023-06-15T16:48:42+00:00
SAO_4018-10,São Paulo,3550308,True,,34959,,,-23.600441500000002,-46.399831500000005,,,,2,2023-06-15T16:48:20+00:00
SAO_4018-10,São Paulo,3550308,True,,34959,,,-23.5940565,-46.4221105,,,,2,2023-06-15T16:48:40+00:00
SAO_3459-10,São Paulo,3550308,True,,33170,,,-23.547625500000002,-46.629791499999996,,,,2,2023-06-15T16:45:52+00:00
SAO_3459-10,São Paulo,3550308,True,,33170,,,-23.5529035,-46.627065,,,,2,2023-06-15T16:48:36+00:00
SAO_3459-10,São Paulo,3550308,True,,33170,,,-23.5165205,-46.385602000000006,,,,2,2023-06-15T16:47:20+00:00
SAO_3459-10,São Paulo,3550308,True,,33170,,,-23.50476775,-46.389867,,,,2,2023-06-15T16:48:36+00:00
SAO_3459-10,São Paulo,3550308,True,,33170,,,-23.516592250000002,-46.38541575,,,,2,2023-06-15T16:48:47+00:00
SAO_3459-10,São Paulo,3550308,True,,33170,,,-23.53257825,-46.536374249999994,,,,2,2023-06-15T16:47:00+00:00
SAO_3459-10,São Paulo,3550308,True,,33170,,,-23.5155075,-46.4635385,,,,2,2023-06-15T16:48:33+00:00
SAO_3459-10,São Paulo,3550308,True,,33170,,,-23.510986000000003,-46.443539,,,,2,2023-06-15T16:48:24+00:00
SAO_3459-10,São Paulo,3550308,True,,33170,,,-23.507201000000002,-46.4431785,,,,2,2023-06-15T16:47:46+00:00
SAO_3459-10,São Paulo,3550308,True,,33170,,,-23.54362975,-46.58858725,,,,2,2023-06-15T16:48:37+00:00
SAO_3459-10,São Paulo,3550308,True,,33170,,,-23.547625500000002,-46.629791499999996,,,,2,2023-06-15T16:48:14+00:00
SAO_3459-10,São Paulo,3550308,True,,33170,,,-23.515555999999997,-46.463905,,,,2,2023-06-15T16:48:22+00:00
SAO_3459-10,São Paulo,3550308,True,,33170,,,-23.494073,-46.42013875,,,,2,2023-06-15T16:48:41+00:00
SAO_3459-10,São Paulo,3550308,True,,33170,,,-23.494825,-46.406887,,,,2,2023-06-15T16:48:43+00:00
SAO_3459-10,São Paulo,3550308,True,,33170,,,-23.50861225,-46.38667225,,,,2,2023-06-15T16:48:44+00:00
SAO_3459-10,São Paulo,3550308,True,,33170,,,-23.547625500000002,-46.629791499999996,,,,2,2023-06-15T16:46:03+00:00
SAO_3459-10,São Paulo,3550308,True,,33170,,,-23.547625500000002,-46.629791499999996,,,,2,2023-06-15T16:48:21+00:00
SAO_3459-10,São Paulo,3550308,True,,33170,,,-23.516849999999998,-46.3847265,,,,2,2023-06-15T16:48:11+00:00
SAO_3459-10,São Paulo,3550308,True,,33170,,,-23.51741025,-46.468598,,,,2,2023-06-15T16:48:28+00:00
SAO_3459-10,São Paulo,3550308,True,,33170,,,-23.516762,-46.384977500000005,,,,2,2023-06-15T16:48:09+00:00
SAO_3459-10,São Paulo,3550308,True,,33170,,,-23.538682,-46.565627500000005,,,,2,2023-06-15T16:48:12+00:00
SAO_6475-10,São Paulo,3550308,True,,1317,,,-23.5771655,-46.6726715,,,,1,2023-06-15T16:48:16+00:00
SAO_6475-10,São Paulo,3550308,True,,1317,,,-23.633672125,-46.717113187500004,,,,1,2023-06-15T16:48:29+00:00
SAO_6475-10,São Paulo,3550308,True,,1317,,,-23.661214,-46.7683785,,,,1,2023-06-15T16:48:46+00:00
SAO_6475-10,São Paulo,3550308,True,,1317,,,-23.5806045,-46.6807885,,,,1,2023-06-15T16:48:47+00:00
SAO_4222-10,São Paulo,3550308,True,EMTU,288,https://moovitapp.com/index/pt-br/transporte_p%C3%BAblico-line-288-Sao_Paulo-242-2038937-36419389-0,5.1,-23.581279249999998,-46.58484225,,,,1,2023-06-15T16:48:10+00:00
SAO_4222-10,São Paulo,3550308,True,EMTU,288,https://moovitapp.com/index/pt-br/transporte_p%C3%BAblico-line-288-Sao_Paulo-242-2038937-36419389-0,5.1,-23.58313,-46.565766499999995,,,,1,2023-06-15T16:48:35+00:00
SAO_4222-10,São Paulo,3550308,True,EMTU,288,https://moovitapp.com/index/pt-br/transporte_p%C3%BAblico-line-288-Sao_Paulo-242-2038937-36419389-0,5.1,-23.604265,-46.52513999999999,,,,1,2023-06-15T16:48:21+00:00
SAO_546A-31,São Paulo,3550308,True,,1132,,,-23.6930735,-46.65947,,,,1,2023-06-15T16:45:54+00:00
SAO_546A-31,São Paulo,3550308,True,,1132,,,-23.6544305,-46.703920499999995,,,,1,2023-06-15T16:48:04+00:00
SAO_546A-31,São Paulo,3550308,True,,1132,,,-23.6544305,-46.703920499999995,,,,1,2023-06-15T16:48:18+00:00
SAO_546A-31,São Paulo,3550308,True,,1132,,,-23.698219,-46.6479925,,,,1,2023-06-15T16:48:30+00:00
SAO_546A-31,São Paulo,3550308,True,,1132,,,-23.65647825,-46.700205874999995,,,,1,2023-06-15T16:48:22+00:00
SAO_2734-10,São Paulo,3550308,True,,1760,,,-23.512009,-46.40866,,,,1,2023-06-15T16:48:09+00:00
SAO_2734-10,São Paulo,3550308,True,,1760,,,-23.512009,-46.40866,,,,1,2023-06-15T16:48:21+00:00
SAO_2734-10,São Paulo,3550308,True,,1760,,,-23.512009,-46.40866,,,,1,2023-06-15T16:48:11+00:00
SAO_2734-10,São Paulo,3550308,True,,1760,,,-23.541142,-46.47289,,,,1,2023-06-15T16:47:31+00:00
SAO_2734-10,São Paulo,3550308,True,,1760,,,-23.517286,-46.4388115,,,,1,2023-06-15T16:48:17+00:00
SAO_2734-10,São Paulo,3550308,True,,1760,,,-23.5337655,-46.452283,,,,1,2023-06-15T16:48:13+00:00
SAO_2734-10,São Paulo,3550308,True,,1760,,,-23.542091999999997,-46.471656499999995,,,,1,2023-06-15T16:48:32+00:00
SAO_2734-10,São Paulo,3550308,True,,1760,,,-23.509799,-46.420353500000004,,,,1,2023-06-15T16:48:29+00:00
SAO_6913-21,São Paulo,3550308,True,,1549,,,-23.766790999999998,-46.716458,,,,1,2023-06-15T16:38:32+00:00
SAO_6913-21,São Paulo,3550308,True,,1549,,,-23.766790999999998,-46.716458,,,,1,2023-06-15T16:48:33+00:00
SAO_5024-10,São Paulo,3550308,True,,33890,,,-23.689080750000002,-46.64931275,,,,2,2023-06-15T16:48:36+00:00
SAO_5024-10,São Paulo,3550308,True,,33890,,,-23.686452250000002,-46.66299875,,,,2,2023-06-15T16:48:36+00:00
SAO_5024-10,São Paulo,3550308,True,,33890,,,-23.689408999999998,-46.6492585,,,,2,2023-06-15T16:48:27+00:00
SAO_5024-10,São Paulo,3550308,True,,33890,,,-23.681231,-46.6816125,,,,2,2023-06-15T16:48:41+00:00
SAO_5024-10,São Paulo,3550308,True,,33890,,,-23.6572745,-46.700959499999996,,,,2,2023-06-15T16:48:10+00:00
SAO_5106-21,São Paulo,3550308,True,,34740,,,-23.600037999999998,-46.681326999999996,,,,2,2023-06-15T16:48:17+00:00
SAO_5106-21,São Paulo,3550308,True,,34740,,,-23.6134305,-46.695490500000005,,,,2,2023-06-15T16:48:18+00:00
SAO_5106-21,São Paulo,3550308,True,,34740,,,-23.601210000000002,-46.6913135,,,,2,2023-06-15T16:46:55+00:00
SAO_5106-21,São Paulo,3550308,True,,34740,,,-23.688044,-46.63901275,,,,2,2023-06-15T16:48:44+00:00
SAO_5106-21,São Paulo,3550308,True,,34740,,,-23.625559625,-46.645391625,,,,2,2023-06-15T16:48:11+00:00
SAO_5106-21,São Paulo,3550308,True,,34740,,,-23.600942375000002,-46.65812075,,,,2,2023-06-15T16:48:36+00:00
SAO_5106-21,São Paulo,3550308,True,,34740,,,-23.6848065,-46.653604,,,,2,2023-06-15T16:48:00+00:00
SAO_5106-21,São Paulo,3550308,True,,34740,,,-23.635368,-46.641498,,,,2,2023-06-15T16:47:34+00:00
SAO_5106-21,São Paulo,3550308,True,,34740,,,-23.64097275,-46.64147,,,,2,2023-06-15T16:47:57+00:00
SAO_5106-21,São Paulo,3550308,True,,34740,,,-23.690403500000002,-46.656772000000004,,,,2,2023-06-15T16:48:15+00:00
SAO_5106-21,São Paulo,3550308,True,,34740,,,-23.684538,-46.653396,,,,2,2023-06-15T16:48:41+00:00
SAO_5106-21,São Paulo,3550308,True,,34740,,,-23.652393500000002,-46.6374895,,,,2,2023-06-15T16:48:15+00:00
SAO_5106-21,São Paulo,3550308,True,,34740,,,-23.6848065,-46.653604,,,,2,2023-06-15T16:48:04+00:00
SAO_5106-21,São Paulo,3550308,True,,34740,,,-23.604161875000003,-46.65908675,,,,2,2023-06-15T16:48:38+00:00
SAO_4312-10,São Paulo,3550308,True,,2172,,,-23.55162475,-46.624117500000004,,,,1,2023-06-15T16:48:30+00:00
SAO_4312-10,São Paulo,3550308,True,,2172,,,-23.53192725,-46.53220425,,,,1,2023-06-15T16:47:04+00:00
SAO_4312-10,São Paulo,3550308,True,,2172,,,-23.536408375,-46.55574425,,,,1,2023-06-15T16:45:55+00:00
SAO_4312-10,São Paulo,3550308,True,,2172,,,-23.546870499999997,-46.626427,,,,1,2023-06-15T16:48:22+00:00
SAO_4312-10,São Paulo,3550308,True,,2172,,,-23.536553875000003,-46.55657725,,,,1,2023-06-15T16:46:33+00:00
SAO_4312-10,São Paulo,3550308,True,,2172,,,-23.567403,-46.49479049999999,,,,1,2023-06-15T16:42:56+00:00
SAO_403A-10,São Paulo,3550308,True,,2192,,,-23.556495124999998,-46.447555,,,,1,2023-06-15T16:48:00+00:00
SAO_403A-10,São Paulo,3550308,True,,2192,,,-23.5407855,-46.43907874999999,,,,1,2023-06-15T16:48:34+00:00
SAO_403A-10,São Paulo,3550308,True,,2192,,,-23.519315499999998,-46.5471005,,,,1,2023-06-15T16:48:40+00:00
SAO_403A-10,São Paulo,3550308,True,,2192,,,-23.532345125,-46.525324375,,,,1,2023-06-15T16:48:30+00:00
SAO_403A-10,São Paulo,3550308,True,,2192,,,-23.556205,-46.4697835,,,,1,2023-06-15T16:48:18+00:00
SAO_7001-10,São Paulo,3550308,True,,1722,,,-23.7247405,-46.7552985,,,,1,2023-06-15T16:48:29+00:00
SAO_7001-10,São Paulo,3550308,True,,1722,,,-23.7247405,-46.7552985,,,,1,2023-06-15T16:48:29+00:00
SAO_7001-10,São Paulo,3550308,True,,1722,,,-23.709271,-46.78376975,,,,1,2023-06-15T16:48:24+00:00
SAO_7001-10,São Paulo,3550308,True,,1722,,,-23.69138175,-46.77535775,,,,1,2023-06-15T16:48:09+00:00
SAO_7001-10,São Paulo,3550308,True,,1722,,,-23.724553,-46.755476,,,,1,2023-06-15T16:48:16+00:00
SAO_7001-10,São Paulo,3550308,True,,1722,,,-23.7247405,-46.7552985,,,,1,2023-06-15T16:48:02+00:00
SAO_7001-10,São Paulo,3550308,True,,1722,,,-23.7247405,-46.7552985,,,,1,2023-06-15T16:48:22+00:00
SAO_8000-10,São Paulo,3550308,True,,1273,,,-23.520449499999998,-46.6996115,,,,1,2023-06-15T16:48:06+00:00
SAO_8000-10,São Paulo,3550308,True,,1273,,,-23.520449499999998,-46.6996115,,,,1,2023-06-15T16:48:13+00:00
SAO_8000-10,São Paulo,3550308,True,,1273,,,-23.5251,-46.683721625000004,,,,1,2023-06-15T16:48:33+00:00
SAO_8000-10,São Paulo,3550308,True,,1273,,,-23.520449499999998,-46.6996115,,,,1,2023-06-15T16:48:45+00:00
SAO_8000-10,São Paulo,3550308,True,,1273,,,-23.520449499999998,-46.6996115,,,,1,2023-06-15T16:48:30+00:00
SAO_107T-10,São Paulo,3550308,True,,33389,,,-23.4810725,-46.603761500000005,,,,2,2023-06-15T16:48:33+00:00
SAO_107T-10,São Paulo,3550308,True,,33389,,,-23.500923999999998,-46.6160025,,,,2,2023-06-15T16:48:22+00:00
SAO_107T-10,São Paulo,3550308,True,,33389,,,-23.4810725,-46.603761500000005,,,,2,2023-06-15T16:48:43+00:00
SAO_107T-10,São Paulo,3550308,True,,33389,,,-23.5661885,-46.702104000000006,,,,2,2023-06-15T16:48:27+00:00
SAO_107T-10,São Paulo,3550308,True,,33389,,,-23.4810725,-46.603761500000005,,,,2,2023-06-15T16:48:37+00:00
SAO_107T-10,São Paulo,3550308,True,,33389,,,-23.5805475,-46.6851035,,,,2,2023-06-15T16:48:34+00:00
SAO_107T-10,São Paulo,3550308,True,,33389,,,-23.54880025,-46.648713,,,,2,2023-06-15T16:48:26+00:00
SAO_107T-10,São Paulo,3550308,True,,33389,,,-23.4810725,-46.603761500000005,,,,2,2023-06-15T16:48:05+00:00
SAO_107T-10,São Paulo,3550308,True,,33389,,,-23.577971124999998,-46.680932,,,,2,2023-06-15T16:48:19+00:00
SAO_107T-10,São Paulo,3550308,True,,33389,,,-23.561319375,-46.66356875,,,,2,2023-06-15T16:48:01+00:00
SAO_107T-10,São Paulo,3550308,True,,33389,,,-23.5476795,-46.6480115,,,,2,2023-06-15T16:48:38+00:00
SAO_107T-10,São Paulo,3550308,True,,33389,,,-23.569940875,-46.691595875000004,,,,2,2023-06-15T16:48:25+00:00
SAO_6072-23,São Paulo,3550308,True,,34772,,,-23.7676285,-46.7168275,,,,2,2023-06-15T16:48:30+00:00
SAO_1772-10,São Paulo,3550308,True,,33403,,,-23.451006,-46.585219499999994,,,,2,2023-06-15T16:48:35+00:00
SAO_1772-10,São Paulo,3550308,True,,33403,,,-23.435150999999998,-46.581629,,,,2,2023-06-15T16:48:44+00:00
SAO_1772-10,São Paulo,3550308,True,,33403,,,-23.4428445,-46.5767605,,,,2,2023-06-15T16:46:00+00:00
SAO_1772-10,São Paulo,3550308,True,,33403,,,-23.4808475,-46.60323175,,,,2,2023-06-15T16:48:26+00:00
SAO_1772-10,São Paulo,3550308,True,,33403,,,-23.4352895,-46.5818785,,,,2,2023-06-15T16:48:02+00:00
SAO_809J-10,São Paulo,3550308,True,,34834,,,-23.5941975,-46.731233,,,,2,2023-06-15T16:48:39+00:00
SAO_809J-10,São Paulo,3550308,True,,34834,,,-23.5941155,-46.70966375,,,,2,2023-06-15T16:48:17+00:00
SAO_809D-10,São Paulo,3550308,True,,34836,,,-23.572255,-46.7038745,,,,2,2023-06-15T16:48:32+00:00
SAO_809D-10,São Paulo,3550308,True,,34836,,,-23.6031905,-46.781071999999995,,,,2,2023-06-15T16:48:14+00:00
SAO_809D-10,São Paulo,3550308,True,,34836,,,-23.6031195,-46.781302,,,,2,2023-06-15T16:48:18+00:00
SAO_809D-10,São Paulo,3550308,True,,34836,,,-23.593477,-46.7763465,,,,2,2023-06-15T16:48:07+00:00
SAO_1178-31,São Paulo,3550308,True,,1812,,,-23.514964,-46.5458845,,,,1,2023-06-15T16:48:20+00:00
SAO_1178-31,São Paulo,3550308,True,,1812,,,-23.4881385,-46.4650445,,,,1,2023-06-15T16:48:33+00:00
SAO_1178-31,São Paulo,3550308,True,,1812,,,-23.527487750000002,-46.584458749999996,,,,1,2023-06-15T16:48:34+00:00
SAO_1178-31,São Paulo,3550308,True,,1812,,,-23.525285750000002,-46.63121125000001,,,,1,2023-06-15T16:48:42+00:00
SAO_1178-31,São Paulo,3550308,True,,1812,,,-23.52427025,-46.567685999999995,,,,1,2023-06-15T16:48:06+00:00
SAO_1178-31,São Paulo,3550308,True,,1812,,,-23.522425499999997,-46.609192,,,,1,2023-06-15T16:48:19+00:00
SAO_2708-10,São Paulo,3550308,True,,921,,,-23.52377925,-46.417449,,,,1,2023-06-15T16:48:33+00:00
SAO_2708-10,São Paulo,3550308,True,,921,,,-23.5423275,-46.4617485,,,,1,2023-06-15T16:48:17+00:00
SAO_2708-10,São Paulo,3550308,True,,921,,,-23.5338625,-46.399665999999996,,,,1,2023-06-15T16:48:25+00:00
SAO_2708-10,São Paulo,3550308,True,,921,,,-23.53482375,-46.452111,,,,1,2023-06-15T16:47:12+00:00
SAO_6823-10,São Paulo,3550308,True,,32802,,,-23.6917595,-46.790623499999995,,,,2,2023-06-15T16:48:04+00:00
SAO_6823-10,São Paulo,3550308,True,,32802,,,-23.691423999999998,-46.7892475,,,,2,2023-06-15T16:48:27+00:00
SAO_7053-10,São Paulo,3550308,True,,34655,,,-23.653941000000003,-46.78870825,,,,2,2023-06-15T16:48:17+00:00
SAO_7053-10,São Paulo,3550308,True,,34655,,,-23.654055,-46.78842275,,,,2,2023-06-15T16:48:25+00:00
SAO_7053-10,São Paulo,3550308,True,,34655,,,-23.64154275,-46.7845795,,,,2,2023-06-15T16:48:32+00:00
SAO_7053-10,São Paulo,3550308,True,,34655,,,-23.653941000000003,-46.78870825,,,,2,2023-06-15T16:48:35+00:00
SAO_7053-10,São Paulo,3550308,True,,34655,,,-23.653941000000003,-46.78870825,,,,2,2023-06-15T16:48:31+00:00
SAO_3787-10,São Paulo,3550308,True,,34380,,,-23.60186025,-46.398567,,,,2,2023-06-15T16:48:28+00:00
SAO_3787-10,São Paulo,3550308,True,,34380,,,-23.553429875,-46.456528000000006,,,,2,2023-06-15T16:48:11+00:00
SAO_3787-10,São Paulo,3550308,True,,34380,,,-23.599439625,-46.403013625,,,,2,2023-06-15T16:48:37+00:00
SAO_3787-10,São Paulo,3550308,True,,34380,,,-23.5947675,-46.444869999999995,,,,2,2023-06-15T16:48:04+00:00
SAO_3787-10,São Paulo,3550308,True,,34380,,,-23.60156875,-46.398831,,,,2,2023-06-15T16:48:34+00:00
SAO_3787-10,São Paulo,3550308,True,,34380,,,-23.60156875,-46.398831,,,,2,2023-06-15T16:48:08+00:00
SAO_3787-10,São Paulo,3550308,True,,34380,,,-23.582943,-46.408454,,,,2,2023-06-15T16:48:17+00:00
SAO_3787-10,São Paulo,3550308,True,,34380,,,-23.60156875,-46.398831,,,,2,2023-06-15T16:48:02+00:00
SAO_3787-10,São Paulo,3550308,True,,34380,,,-23.60186025,-46.398567,,,,2,2023-06-15T16:48:15+00:00
SAO_8022-10,São Paulo,3550308,True,,2085,,,-23.56403125,-46.74058,,,,1,2023-06-15T16:48:24+00:00
SAO_8022-10,São Paulo,3550308,True,,2085,,,-23.55138375,-46.731174249999995,,,,1,2023-06-15T16:41:37+00:00
SAO_8022-10,São Paulo,3550308,True,,2085,,,-23.568683999999998,-46.7390395,,,,1,2023-06-15T16:48:21+00:00
SAO_8022-10,São Paulo,3550308,True,,2085,,,-23.55760675,-46.718450000000004,,,,1,2023-06-15T16:47:19+00:00
SAO_8022-10,São Paulo,3550308,True,,2085,,,-23.568213999999998,-46.7399555,,,,1,2023-06-15T16:48:40+00:00
SAO_8022-10,São Paulo,3550308,True,,2085,,,-23.568271,-46.739903,,,,1,2023-06-15T16:48:03+00:00
SAO_2718-10,São Paulo,3550308,True,,931,,,-23.49944,-46.52238,,,,1,2023-06-15T16:48:09+00:00
SAO_2718-10,São Paulo,3550308,True,,931,,,-23.519231125,-46.549352125,,,,1,2023-06-15T16:48:16+00:00
SAO_2718-10,São Paulo,3550308,True,,931,,,-23.497107999999997,-46.506549500000006,,,,1,2023-06-15T16:48:16+00:00
SAO_2718-10,São Paulo,3550308,True,,931,,,-23.5305265,-46.5466505,,,,1,2023-06-15T16:48:07+00:00
SAO_208V-10,São Paulo,3550308,True,,32975,,,-23.518140000000002,-46.4756725,,,,2,2023-06-15T16:48:44+00:00
SAO_208V-10,São Paulo,3550308,True,,32975,,,-23.5189365,-46.4755325,,,,2,2023-06-15T16:48:05+00:00
SAO_208V-10,São Paulo,3550308,True,,32975,,,-23.514456125,-46.49641724999999,,,,2,2023-06-15T16:46:48+00:00
SAO_208V-10,São Paulo,3550308,True,,32975,,,-23.5476865,-46.6292585,,,,2,2023-06-15T16:48:40+00:00
SAO_208V-10,São Paulo,3550308,True,,32975,,,-23.517957000000003,-46.4757075,,,,2,2023-06-15T16:48:05+00:00
SAO_208V-10,São Paulo,3550308,True,,32975,,,-23.543049125,-46.61677125,,,,2,2023-06-15T16:48:41+00:00
SAO_208V-10,São Paulo,3550308,True,,32975,,,-23.51775,-46.4757475,,,,2,2023-06-15T16:48:09+00:00
SAO_208V-10,São Paulo,3550308,True,,32975,,,-23.51262775,-46.515058749999994,,,,2,2023-06-15T16:48:31+00:00
SAO_208V-10,São Paulo,3550308,True,,32975,,,-23.525816,-46.55140525,,,,2,2023-06-15T16:48:36+00:00
SAO_208V-10,São Paulo,3550308,True,,32975,,,-23.517572,-46.475783,,,,2,2023-06-15T16:48:22+00:00
SAO_775P-10,São Paulo,3550308,True,,33275,,,-23.6007445,-46.755108500000006,,,,2,2023-06-15T16:48:02+00:00
SAO_775P-10,São Paulo,3550308,True,,33275,,,-23.56241325,-46.65523275,,,,2,2023-06-15T16:48:44+00:00
SAO_407E-10,São Paulo,3550308,True,,2215,,,-23.6335585,-46.4430015,,,,1,2023-06-15T16:47:26+00:00
SAO_407E-10,São Paulo,3550308,True,,2215,,,-23.574068,-46.5034,,,,1,2023-06-15T16:48:27+00:00
SAO_407E-10,São Paulo,3550308,True,,2215,,,-23.5385445,-46.563635500000004,,,,1,2023-06-15T16:48:17+00:00
SAO_407E-10,São Paulo,3550308,True,,2215,,,-23.555632125000002,-46.516557375,,,,1,2023-06-15T16:48:41+00:00
SAO_407E-10,São Paulo,3550308,True,,2215,,,-23.62961575,-46.44387475,,,,1,2023-06-15T16:48:29+00:00
SAO_407E-10,São Paulo,3550308,True,,2215,,,-23.6335585,-46.4430015,,,,1,2023-06-15T16:48:25+00:00
SAO_407E-10,São Paulo,3550308,True,,2215,,,-23.6335585,-46.4430015,,,,1,2023-06-15T16:48:21+00:00
SAO_407E-10,São Paulo,3550308,True,,2215,,,-23.536346,-46.555412,,,,1,2023-06-15T16:48:25+00:00
SAO_407E-10,São Paulo,3550308,True,,2215,,,-23.61323125,-46.46917775,,,,1,2023-06-15T16:46:10+00:00
SAO_407E-10,São Paulo,3550308,True,,2215,,,-23.6335585,-46.4430015,,,,1,2023-06-15T16:48:37+00:00
SAO_199D-10,São Paulo,3550308,True,,2135,,,-23.56368475,-46.691759000000005,,,,1,2023-06-15T16:48:25+00:00
SAO_199D-10,São Paulo,3550308,True,,2135,,,-23.485937,-46.710612499999996,,,,1,2023-06-15T16:48:33+00:00
SAO_199D-10,São Paulo,3550308,True,,2135,,,-23.539474,-46.68327,,,,1,2023-06-15T16:48:31+00:00
SAO_199D-10,São Paulo,3550308,True,,2135,,,-23.4966595,-46.707632000000004,,,,1,2023-06-15T16:48:44+00:00
SAO_199D-10,São Paulo,3550308,True,,2135,,,-23.528129874999998,-46.69990975,,,,1,2023-06-15T16:47:52+00:00
SAO_199D-10,São Paulo,3550308,True,,2135,,,-23.5661725,-46.7018415,,,,1,2023-06-15T16:48:13+00:00
SAO_199D-10,São Paulo,3550308,True,,2135,,,-23.485856,-46.71054650000001,,,,1,2023-06-15T16:48:23+00:00
SAO_9012-10,São Paulo,3550308,True,,34036,,,-23.515397999999998,-46.694567375000005,,,,2,2023-06-15T16:48:27+00:00
SAO_312N-10,São Paulo,3550308,True,,990,,,-23.56681925,-46.4133055,,,,1,2023-06-15T16:47:29+00:00
SAO_312N-10,São Paulo,3550308,True,,990,,,-23.52012875,-46.405300000000004,,,,1,2023-06-15T16:48:31+00:00
SAO_312N-10,São Paulo,3550308,True,,990,,,-23.495123,-46.435414,,,,1,2023-06-15T16:47:49+00:00
SAO_312N-10,São Paulo,3550308,True,,990,,,-23.517261,-46.4136915,,,,1,2023-06-15T16:48:15+00:00
SAO_312N-10,São Paulo,3550308,True,,990,,,-23.554186,-46.402598499999996,,,,1,2023-06-15T16:48:10+00:00
SAO_312N-10,São Paulo,3550308,True,,990,,,-23.495103,-46.435818,,,,1,2023-06-15T16:48:01+00:00
SAO_312N-10,São Paulo,3550308,True,,990,,,-23.54247075,-46.41617375,,,,1,2023-06-15T16:48:19+00:00
SAO_312N-10,São Paulo,3550308,True,,990,,,-23.531381500000002,-46.39716675,,,,1,2023-06-15T16:48:43+00:00
SAO_312N-10,São Paulo,3550308,True,,990,,,-23.5830695,-46.408172,,,,1,2023-06-15T16:48:28+00:00
SAO_695D-10,São Paulo,3550308,True,EMTU,114,https://moovitapp.com/index/pt-br/transporte_p%C3%BAblico-line-114-Sao_Paulo-242-2038937-36419274-0,6.4,-23.7329935,-46.676147,,,,1,2023-06-15T16:48:35+00:00
SAO_695D-10,São Paulo,3550308,True,EMTU,114,https://moovitapp.com/index/pt-br/transporte_p%C3%BAblico-line-114-Sao_Paulo-242-2038937-36419274-0,6.4,-23.7329935,-46.676147,,,,1,2023-06-15T16:43:32+00:00
SAO_695D-10,São Paulo,3550308,True,EMTU,114,https://moovitapp.com/index/pt-br/transporte_p%C3%BAblico-line-114-Sao_Paulo-242-2038937-36419274-0,6.4,-23.713643,-46.6889945,,,,1,2023-06-15T16:48:10+00:00
SAO_695D-10,São Paulo,3550308,True,EMTU,114,https://moovitapp.com/index/pt-br/transporte_p%C3%BAblico-line-114-Sao_Paulo-242-2038937-36419274-0,6.4,-23.682903,-46.690298,,,,1,2023-06-15T16:48:28+00:00
SAO_695D-10,São Paulo,3550308,True,EMTU,114,https://moovitapp.com/index/pt-br/transporte_p%C3%BAblico-line-114-Sao_Paulo-242-2038937-36419274-0,6.4,-23.65505625,-46.668234,,,,1,2023-06-15T16:48:32+00:00
SAO_809A-10,São Paulo,3550308,True,,2069,,,-23.585185000000003,-46.741164,,,,1,2023-06-15T16:48:16+00:00
SAO_809A-10,São Paulo,3550308,True,,2069,,,-23.575936499999997,-46.775704000000005,,,,1,2023-06-15T16:48:23+00:00
SAO_809A-10,São Paulo,3550308,True,,2069,,,-23.570155,-46.697888250000005,,,,1,2023-06-15T16:48:10+00:00
SAO_809A-10,São Paulo,3550308,True,,2069,,,-23.575936499999997,-46.775704000000005,,,,1,2023-06-15T16:48:04+00:00
SAO_809A-10,São Paulo,3550308,True,,2069,,,-23.5772125,-46.7800525,,,,1,2023-06-15T16:48:07+00:00
SAO_809A-10,São Paulo,3550308,True,,2069,,,-23.5725605,-46.704529,,,,1,2023-06-15T16:48:22+00:00
SAO_6451-10,São Paulo,3550308,True,,61,,,-23.571858875,-46.664061875,,,,1,2023-06-15T16:48:38+00:00
SAO_6451-10,São Paulo,3550308,True,,61,,,-23.573410250000002,-46.6661795,,,,1,2023-06-15T16:48:35+00:00
SAO_6451-10,São Paulo,3550308,True,,61,,,-23.6118045,-46.69821337500001,,,,1,2023-06-15T16:48:04+00:00
SAO_6451-10,São Paulo,3550308,True,,61,,,-23.567642,-46.659486062499994,,,,1,2023-06-15T16:48:45+00:00
SAO_6451-10,São Paulo,3550308,True,,61,,,-23.610352499999998,-46.697885,,,,1,2023-06-15T16:48:05+00:00
SAO_6451-10,São Paulo,3550308,True,,61,,,-23.643456999999998,-46.7356385,,,,1,2023-06-15T16:48:43+00:00
SAO_6451-10,São Paulo,3550308,True,,61,,,-23.601227,-46.695077999999995,,,,1,2023-06-15T16:48:27+00:00
SAO_6451-10,São Paulo,3550308,True,,61,,,-23.580629000000002,-46.6799365,,,,1,2023-06-15T16:48:09+00:00
SAO_6451-10,São Paulo,3550308,True,,61,,,-23.587693,-46.689426499999996,,,,1,2023-06-15T16:48:18+00:00
SAO_6451-10,São Paulo,3550308,True,,61,,,-23.5517295,-46.646880499999995,,,,1,2023-06-15T16:48:42+00:00
SAO_6451-10,São Paulo,3550308,True,,61,,,-23.6544905,-46.761455,,,,1,2023-06-15T16:48:46+00:00
SAO_6451-10,São Paulo,3550308,True,,61,,,-23.6544905,-46.761455,,,,1,2023-06-15T16:48:11+00:00
SAO_6451-10,São Paulo,3550308,True,,61,,,-23.6036065,-46.69590875,,,,1,2023-06-15T16:48:27+00:00
SAO_6451-10,São Paulo,3550308,True,,61,,,-23.63766,-46.7208385,,,,1,2023-06-15T16:48:42+00:00
SAO_6451-10,São Paulo,3550308,True,,61,,,-23.6445365,-46.728199000000004,,,,1,2023-06-15T16:48:38+00:00
SAO_6451-10,São Paulo,3550308,True,,61,,,-23.602774750000002,-46.6956195,,,,1,2023-06-15T16:48:25+00:00
SAO_6451-10,São Paulo,3550308,True,,61,,,-23.5872485,-46.6893825,,,,1,2023-06-15T16:48:04+00:00
SAO_6451-10,São Paulo,3550308,True,,61,,,-23.65436375,-46.760079499999996,,,,1,2023-06-15T16:48:42+00:00
SAO_6451-10,São Paulo,3550308,True,,61,,,-23.6112115,-46.6980975,,,,1,2023-06-15T16:48:04+00:00
SAO_354M-10,São Paulo,3550308,True,,34387,,,-23.594594999999998,-46.447939000000005,,,,2,2023-06-15T16:48:43+00:00
SAO_354M-10,São Paulo,3550308,True,,34387,,,-23.491803500000003,-46.434038,,,,2,2023-06-15T16:48:25+00:00
SAO_354M-10,São Paulo,3550308,True,,34387,,,-23.50319575,-46.446032,,,,2,2023-06-15T16:45:43+00:00
SAO_354M-10,São Paulo,3550308,True,,34387,,,-23.4917705,-46.4343875,,,,2,2023-06-15T16:48:08+00:00
SAO_354M-10,São Paulo,3550308,True,,34387,,,-23.491803500000003,-46.434038,,,,2,2023-06-15T16:48:23+00:00
SAO_354M-10,São Paulo,3550308,True,,34387,,,-23.491803500000003,-46.434038,,,,2,2023-06-15T16:48:12+00:00
SAO_354M-10,São Paulo,3550308,True,,34387,,,-23.550818875,-46.4460699375,,,,2,2023-06-15T16:48:19+00:00
SAO_354M-10,São Paulo,3550308,True,,34387,,,-23.4917585,-46.434754999999996,,,,2,2023-06-15T16:48:05+00:00
SAO_354M-10,São Paulo,3550308,True,,34387,,,-23.6126065,-46.475956,,,,2,2023-06-15T16:48:41+00:00
SAO_354M-10,São Paulo,3550308,True,,34387,,,-23.579055999999998,-46.442871124999996,,,,2,2023-06-15T16:48:16+00:00
SAO_2702-10,São Paulo,3550308,True,,33682,,,-23.49173,-46.44601225,,,,2,2023-06-15T16:48:25+00:00
SAO_2702-10,São Paulo,3550308,True,,33682,,,-23.49247875,-46.4483235,,,,2,2023-06-15T16:43:18+00:00
SAO_2702-10,São Paulo,3550308,True,,33682,,,-23.53815425,-46.47790475,,,,2,2023-06-15T16:48:07+00:00
SAO_778J-41,São Paulo,3550308,True,,34254,,,-23.528373000000002,-46.675531,,,,2,2023-06-15T16:48:22+00:00
SAO_778J-41,São Paulo,3550308,True,,34254,,,-23.584849,-46.738468,,,,2,2023-06-15T16:48:08+00:00
SAO_9785-10,São Paulo,3550308,True,,33596,,,-23.4752485,-46.687459000000004,,,,2,2023-06-15T16:48:27+00:00
SAO_9785-10,São Paulo,3550308,True,,33596,,,-23.4567625,-46.6990585,,,,2,2023-06-15T16:48:02+00:00
SAO_9785-10,São Paulo,3550308,True,,33596,,,-23.467668,-46.697927,,,,2,2023-06-15T16:48:08+00:00
SAO_9785-10,São Paulo,3550308,True,,33596,,,-23.525571499999998,-46.6716545,,,,2,2023-06-15T16:48:17+00:00
SAO_9785-10,São Paulo,3550308,True,,33596,,,-23.507374499999997,-46.68167675,,,,2,2023-06-15T16:48:38+00:00
SAO_9785-10,São Paulo,3550308,True,,33596,,,-23.5209115,-46.6687935,,,,2,2023-06-15T16:48:11+00:00
SAO_9785-10,São Paulo,3550308,True,,33596,,,-23.456477,-46.699,,,,2,2023-06-15T16:48:35+00:00
SAO_2719-10,São Paulo,3550308,True,,33700,,,-23.494701499999998,-46.469716000000005,,,,2,2023-06-15T16:48:20+00:00
SAO_2719-10,São Paulo,3550308,True,,33700,,,-23.494799999999998,-46.4693685,,,,2,2023-06-15T16:48:09+00:00
SAO_2719-10,São Paulo,3550308,True,,33700,,,-23.507898750000003,-46.49195975,,,,2,2023-06-15T16:48:23+00:00
SAO_2719-10,São Paulo,3550308,True,,33700,,,-23.514229,-46.5187405,,,,2,2023-06-15T16:48:46+00:00
SAO_2719-10,São Paulo,3550308,True,,33700,,,-23.49567425,-46.484954875,,,,2,2023-06-15T16:48:28+00:00
SAO_2719-10,São Paulo,3550308,True,,33700,,,-23.494729,-46.4696005,,,,2,2023-06-15T16:48:25+00:00
SAO_2719-10,São Paulo,3550308,True,,33700,,,-23.5269765,-46.52651937499999,,,,2,2023-06-15T16:48:27+00:00
SAO_2719-10,São Paulo,3550308,True,,33700,,,-23.494554,-46.47027,,,,2,2023-06-15T16:48:04+00:00
SAO_2719-10,São Paulo,3550308,True,,33700,,,-23.504720875,-46.488280124999996,,,,2,2023-06-15T16:48:37+00:00
SAO_8047-41,São Paulo,3550308,True,,33178,,,-23.547221999999998,-46.690152,,,,2,2023-06-15T16:48:19+00:00
SAO_8047-41,São Paulo,3550308,True,,33178,,,-23.540995000000002,-46.698642,,,,2,2023-06-15T16:48:11+00:00
SAO_5362-23,São Paulo,3550308,True,,1860,,,-23.744477500000002,-46.6712645,,,,1,2023-06-15T16:48:28+00:00
SAO_5362-23,São Paulo,3550308,True,,1860,,,-23.744477500000002,-46.6712645,,,,1,2023-06-15T16:48:07+00:00
SAO_5362-23,São Paulo,3550308,True,,1860,,,-23.646330562499998,-46.701522062500004,,,,1,2023-06-15T16:47:58+00:00
SAO_5362-23,São Paulo,3550308,True,,1860,,,-23.744477500000002,-46.6712645,,,,1,2023-06-15T16:48:45+00:00
SAO_5362-23,São Paulo,3550308,True,,1860,,,-23.744145,-46.6908525,,,,1,2023-06-15T16:48:26+00:00
SAO_5362-23,São Paulo,3550308,True,,1860,,,-23.744477500000002,-46.6712645,,,,1,2023-06-15T16:48:05+00:00
SAO_3031-10,São Paulo,3550308,True,,967,,,-23.542684,-46.4693915,,,,1,2023-06-15T16:48:08+00:00
SAO_3031-10,São Paulo,3550308,True,,967,,,-23.55468175,-46.464259,,,,1,2023-06-15T16:48:26+00:00
SAO_3031-10,São Paulo,3550308,True,,967,,,-23.542603999999997,-46.469476,,,,1,2023-06-15T16:48:45+00:00
SAO_3031-10,São Paulo,3550308,True,,967,,,-23.610097000000003,-46.446459000000004,,,,1,2023-06-15T16:48:14+00:00
SAO_3031-10,São Paulo,3550308,True,,967,,,-23.571466,-46.4504525,,,,1,2023-06-15T16:48:32+00:00
SAO_3712-51,São Paulo,3550308,True,,35273,,,-23.55940725,-46.422336875,,,,2,2023-06-15T16:48:34+00:00
SAO_3712-51,São Paulo,3550308,True,,35273,,,-23.551343624999998,-46.432201625000005,,,,2,2023-06-15T16:48:39+00:00
SAO_3712-51,São Paulo,3550308,True,,35273,,,-23.5429995,-46.470884999999996,,,,2,2023-06-15T16:48:05+00:00
SAO_6016-10,São Paulo,3550308,True,,84,,,-23.770925499999997,-46.6748555,,,,1,2023-06-15T16:48:37+00:00
SAO_6016-10,São Paulo,3550308,True,,84,,,-23.735965,-46.696236999999996,,,,1,2023-06-15T16:48:12+00:00
SAO_6016-10,São Paulo,3550308,True,,84,,,-23.7716985,-46.6731285,,,,1,2023-06-15T16:48:33+00:00
SAO_6016-10,São Paulo,3550308,True,,84,,,-23.7716985,-46.6731285,,,,1,2023-06-15T16:48:13+00:00
SAO_8605-10,São Paulo,3550308,True,,34685,,,-23.631258,-46.773112999999995,,,,2,2023-06-15T16:48:37+00:00
SAO_8605-10,São Paulo,3550308,True,,34685,,,-23.582542500000002,-46.7134545,,,,2,2023-06-15T16:48:36+00:00
SAO_8605-10,São Paulo,3550308,True,,34685,,,-23.604568,-46.745587,,,,2,2023-06-15T16:48:46+00:00
SAO_8605-10,São Paulo,3550308,True,,34685,,,-23.6313825,-46.77286,,,,2,2023-06-15T16:48:03+00:00
SAO_8605-10,São Paulo,3550308,True,,34685,,,-23.58505925,-46.688362,,,,2,2023-06-15T16:48:36+00:00
SAO_8605-10,São Paulo,3550308,True,,34685,,,-23.5603275,-46.6551405,,,,2,2023-06-15T16:48:42+00:00
SAO_3024-10,São Paulo,3550308,True,,33045,,,-23.60992025,-46.53431625,,,,2,2023-06-15T16:48:11+00:00
SAO_3024-10,São Paulo,3550308,True,,33045,,,-23.609431,-46.5289765,,,,2,2023-06-15T16:48:23+00:00
SAO_3024-10,São Paulo,3550308,True,,33045,,,-23.584029,-46.557953624999996,,,,2,2023-06-15T16:48:13+00:00
SAO_3024-10,São Paulo,3550308,True,,33045,,,-23.609657499999997,-46.52914749999999,,,,2,2023-06-15T16:48:22+00:00
SAO_2723-10,São Paulo,3550308,True,,33705,,,-23.494025999999998,-46.443504499999996,,,,2,2023-06-15T16:48:30+00:00
SAO_2723-10,São Paulo,3550308,True,,33705,,,-23.487599000000003,-46.4633835,,,,2,2023-06-15T16:48:38+00:00
SAO_2723-10,São Paulo,3550308,True,,33705,,,-23.483549500000002,-46.465085,,,,2,2023-06-15T16:48:00+00:00
SAO_2723-10,São Paulo,3550308,True,,33705,,,-23.5042555,-46.442893,,,,2,2023-06-15T16:48:36+00:00
SAO_2723-10,São Paulo,3550308,True,,33705,,,-23.54018,-46.4602945,,,,2,2023-06-15T16:48:10+00:00
SAO_273R-42,São Paulo,3550308,True,,32996,,,-23.542657499999997,-46.4698,,,,2,2023-06-15T16:48:15+00:00
SAO_273R-42,São Paulo,3550308,True,,32996,,,-23.542657499999997,-46.4698,,,,2,2023-06-15T16:48:26+00:00
SAO_971X-10,São Paulo,3550308,True,,1695,,,-23.4747695,-46.669715,,,,1,2023-06-15T16:48:13+00:00
SAO_971X-10,São Paulo,3550308,True,,1695,,,-23.480036,-46.6575135,,,,1,2023-06-15T16:48:31+00:00
SAO_971X-10,São Paulo,3550308,True,,1695,,,-23.491608874999997,-46.649605,,,,1,2023-06-15T16:48:01+00:00
SAO_971X-10,São Paulo,3550308,True,,1695,,,-23.4747695,-46.669715,,,,1,2023-06-15T16:48:08+00:00
SAO_971X-10,São Paulo,3550308,True,,1695,,,-23.4747695,-46.669715,,,,1,2023-06-15T16:48:37+00:00
SAO_971X-10,São Paulo,3550308,True,,1695,,,-23.50028175,-46.6361265,,,,1,2023-06-15T16:48:18+00:00
SAO_874C-10,São Paulo,3550308,True,,477,,,-23.5469285,-46.7609265,,,,1,2023-06-15T16:48:19+00:00
SAO_874C-10,São Paulo,3550308,True,,477,,,-23.5491195,-46.684588,,,,1,2023-06-15T16:48:03+00:00
SAO_874C-10,São Paulo,3550308,True,,477,,,-23.5375135,-46.725750500000004,,,,1,2023-06-15T16:48:41+00:00
SAO_874C-10,São Paulo,3550308,True,,477,,,-23.558933500000002,-46.659415624999994,,,,1,2023-06-15T16:48:23+00:00
SAO_874C-10,São Paulo,3550308,True,,477,,,-23.5316505,-46.7164095,,,,1,2023-06-15T16:48:45+00:00
SAO_874C-10,São Paulo,3550308,True,,477,,,-23.5469285,-46.7609265,,,,1,2023-06-15T16:48:04+00:00
SAO_6L01-10,São Paulo,3550308,True,,33939,,,-23.90679,-46.708217000000005,,,,2,2023-06-15T16:48:12+00:00
SAO_6L01-10,São Paulo,3550308,True,,33939,,,-23.90679,-46.708217000000005,,,,2,2023-06-15T16:48:41+00:00
SAO_6L01-10,São Paulo,3550308,True,,33939,,,-23.7668205,-46.716344500000005,,,,2,2023-06-15T16:48:46+00:00
SAO_6L01-10,São Paulo,3550308,True,,33939,,,-23.7665845,-46.7163125,,,,2,2023-06-15T16:48:43+00:00
SAO_6L01-10,São Paulo,3550308,True,,33939,,,-23.90679,-46.708217000000005,,,,2,2023-06-15T16:48:18+00:00
SAO_6L01-10,São Paulo,3550308,True,,33939,,,-23.871236500000002,-46.7379805,,,,2,2023-06-15T16:48:27+00:00
SAO_6L01-10,São Paulo,3550308,True,,33939,,,-23.90679,-46.708217000000005,,,,2,2023-06-15T16:48:44+00:00
SAO_6L01-10,São Paulo,3550308,True,,33939,,,-23.7754925,-46.722877,,,,2,2023-06-15T16:48:42+00:00
SAO_1206-10,São Paulo,3550308,True,,33610,,,-23.526221749999998,-46.582573499999995,,,,2,2023-06-15T16:48:23+00:00
SAO_1206-10,São Paulo,3550308,True,,33610,,,-23.538141125000003,-46.631504375,,,,2,2023-06-15T16:48:16+00:00
SAO_1206-10,São Paulo,3550308,True,,33610,,,-23.526392,-46.58306725,,,,2,2023-06-15T16:48:14+00:00
SAO_1206-10,São Paulo,3550308,True,,33610,,,-23.517713625,-46.589127,,,,2,2023-06-15T16:48:38+00:00
SAO_1206-10,São Paulo,3550308,True,,33610,,,-23.52606925,-46.58249925,,,,2,2023-06-15T16:48:31+00:00
SAO_1206-10,São Paulo,3550308,True,,33610,,,-23.539212,-46.608181,,,,2,2023-06-15T16:48:35+00:00
SAO_1206-10,São Paulo,3550308,True,,33610,,,-23.52606925,-46.58249925,,,,2,2023-06-15T16:48:18+00:00
SAO_8594-10,São Paulo,3550308,True,EMTU,432,https://moovitapp.com/index/pt-br/transporte_p%C3%BAblico-line-432-Sao_Paulo-242-2038937-36419486-0,4.8,-23.52059125,-46.701955375,,,,1,2023-06-15T16:48:05+00:00
SAO_8594-10,São Paulo,3550308,True,EMTU,432,https://moovitapp.com/index/pt-br/transporte_p%C3%BAblico-line-432-Sao_Paulo-242-2038937-36419486-0,4.8,-23.547871999999998,-46.642169499999994,,,,1,2023-06-15T16:48:20+00:00
SAO_8594-10,São Paulo,3550308,True,EMTU,432,https://moovitapp.com/index/pt-br/transporte_p%C3%BAblico-line-432-Sao_Paulo-242-2038937-36419486-0,4.8,-23.4512005,-46.7459975,,,,1,2023-06-15T16:48:16+00:00
SAO_8594-10,São Paulo,3550308,True,EMTU,432,https://moovitapp.com/index/pt-br/transporte_p%C3%BAblico-line-432-Sao_Paulo-242-2038937-36419486-0,4.8,-23.449639,-46.7297455,,,,1,2023-06-15T16:48:36+00:00
SAO_8594-10,São Paulo,3550308,True,EMTU,432,https://moovitapp.com/index/pt-br/transporte_p%C3%BAblico-line-432-Sao_Paulo-242-2038937-36419486-0,4.8,-23.4512005,-46.7459975,,,,1,2023-06-15T16:48:42+00:00
SAO_8594-10,São Paulo,3550308,True,EMTU,432,https://moovitapp.com/index/pt-br/transporte_p%C3%BAblico-line-432-Sao_Paulo-242-2038937-36419486-0,4.8,-23.4878705,-46.71395975,,,,1,2023-06-15T16:48:09+00:00
SAO_8594-10,São Paulo,3550308,True,EMTU,432,https://moovitapp.com/index/pt-br/transporte_p%C3%BAblico-line-432-Sao_Paulo-242-2038937-36419486-0,4.8,-23.53203825,-46.65936375,,,,1,2023-06-15T16:48:21+00:00
SAO_8594-10,São Paulo,3550308,True,EMTU,432,https://moovitapp.com/index/pt-br/transporte_p%C3%BAblico-line-432-Sao_Paulo-242-2038937-36419486-0,4.8,-23.4512005,-46.7459975,,,,1,2023-06-15T16:48:36+00:00
SAO_574R-10,São Paulo,3550308,True,,1623,,,-23.556169750000002,-46.576313500000005,,,,1,2023-06-15T16:48:34+00:00
SAO_574R-10,São Paulo,3550308,True,,1623,,,-23.597566999999998,-46.522822500000004,,,,1,2023-06-15T16:47:52+00:00
SAO_574R-10,São Paulo,3550308,True,,1623,,,-23.573755249999998,-46.55818375,,,,1,2023-06-15T16:48:27+00:00
SAO_574R-10,São Paulo,3550308,True,,1623,,,-23.541298500000003,-46.58999225,,,,1,2023-06-15T16:44:26+00:00
SAO_208M-10,São Paulo,3550308,True,,35246,,,-23.53392425,-46.661836375,,,,2,2023-06-15T16:48:05+00:00
SAO_208M-10,São Paulo,3550308,True,,35246,,,-23.501943500000003,-46.6235805,,,,2,2023-06-15T16:48:17+00:00
SAO_208M-10,São Paulo,3550308,True,,35246,,,-23.5440945,-46.665048999999996,,,,2,2023-06-15T16:48:37+00:00
SAO_208M-10,São Paulo,3550308,True,,35246,,,-23.5623425,-46.685475,,,,2,2023-06-15T16:48:27+00:00
SAO_208M-10,São Paulo,3550308,True,,35246,,,-23.566066,-46.701753499999995,,,,2,2023-06-15T16:48:21+00:00
SAO_208M-10,São Paulo,3550308,True,,35246,,,-23.563214875,-46.686939249999995,,,,2,2023-06-15T16:48:36+00:00
SAO_208M-10,São Paulo,3550308,True,,35246,,,-23.5495615,-46.67466,,,,2,2023-06-15T16:48:08+00:00
SAO_1896-10,São Paulo,3550308,True,,2520,,,-23.524784750000002,-46.703229750000006,,,,1,2023-06-15T16:48:44+00:00
SAO_1896-10,São Paulo,3550308,True,,2520,,,-23.5160755,-46.7261185,,,,1,2023-06-15T16:48:38+00:00
SAO_1896-10,São Paulo,3550308,True,,2520,,,-23.4444145,-46.7533035,,,,1,2023-06-15T16:48:30+00:00
SAO_1896-10,São Paulo,3550308,True,,2520,,,-23.452697999999998,-46.742867,,,,1,2023-06-15T16:48:28+00:00
SAO_6044-10,São Paulo,3550308,True,,33989,,,-23.64045375,-46.72172475,,,,2,2023-06-15T16:48:17+00:00
SAO_6044-10,São Paulo,3550308,True,,33989,,,-23.6528835,-46.713273,,,,2,2023-06-15T16:48:11+00:00
SAO_6044-10,São Paulo,3550308,True,,33989,,,-23.676567,-46.798396,,,,2,2023-06-15T16:48:30+00:00
SAO_6044-10,São Paulo,3550308,True,,33989,,,-23.6763335,-46.792206500000006,,,,2,2023-06-15T16:48:03+00:00
SAO_7040-10,São Paulo,3550308,True,,33544,,,-23.569940875,-46.691595875000004,,,,2,2023-06-15T16:48:02+00:00
SAO_7040-10,São Paulo,3550308,True,,33544,,,-23.592588,-46.7044885,,,,2,2023-06-15T16:47:43+00:00
SAO_7040-10,São Paulo,3550308,True,,33544,,,-23.623910000000002,-46.727845,,,,2,2023-06-15T16:48:42+00:00
SAO_7040-10,São Paulo,3550308,True,,33544,,,-23.577223,-46.687030500000006,,,,2,2023-06-15T16:48:13+00:00
SAO_7040-10,São Paulo,3550308,True,,33544,,,-23.583177,-46.6883855,,,,2,2023-06-15T16:48:07+00:00
SAO_7040-10,São Paulo,3550308,True,,33544,,,-23.623783500000002,-46.727943999999994,,,,2,2023-06-15T16:48:30+00:00
SAO_7040-10,São Paulo,3550308,True,,33544,,,-23.624252,-46.727573,,,,2,2023-06-15T16:48:36+00:00
SAO_7040-10,São Paulo,3550308,True,,33544,,,-23.603258750000002,-46.7121355,,,,2,2023-06-15T16:48:02+00:00
SAO_7040-10,São Paulo,3550308,True,,33544,,,-23.623783500000002,-46.727943999999994,,,,2,2023-06-15T16:48:20+00:00
SAO_7040-10,São Paulo,3550308,True,,33544,,,-23.623484249999997,-46.728172,,,,2,2023-06-15T16:48:17+00:00
SAO_311C-10,São Paulo,3550308,True,,33077,,,-23.541875500000003,-46.6072875,,,,2,2023-06-15T16:48:21+00:00
SAO_311C-10,São Paulo,3550308,True,,33077,,,-23.53580675,-46.624911749999995,,,,2,2023-06-15T16:48:28+00:00
SAO_311C-10,São Paulo,3550308,True,,33077,,,-23.594777,-46.5478045,,,,2,2023-06-15T16:48:13+00:00
SAO_311C-10,São Paulo,3550308,True,,33077,,,-23.5675825,-46.590902,,,,2,2023-06-15T16:48:30+00:00
SAO_311C-10,São Paulo,3550308,True,,33077,,,-23.594777,-46.5478045,,,,2,2023-06-15T16:48:44+00:00
SAO_311C-10,São Paulo,3550308,True,,33077,,,-23.595620875,-46.570858375,,,,2,2023-06-15T16:48:40+00:00
SAO_6836-10,São Paulo,3550308,True,,32781,,,-23.683948,-46.7815925,,,,2,2023-06-15T16:48:20+00:00
SAO_6836-10,São Paulo,3550308,True,,32781,,,-23.66995275,-46.76266525,,,,2,2023-06-15T16:48:12+00:00
SAO_6836-10,São Paulo,3550308,True,,32781,,,-23.6515555,-46.7337945,,,,2,2023-06-15T16:48:36+00:00
SAO_6836-10,São Paulo,3550308,True,,32781,,,-23.683948,-46.7815925,,,,2,2023-06-15T16:48:02+00:00
SAO_5142-10,São Paulo,3550308,True,,1626,,,-23.623236499999997,-46.504251,,,,1,2023-06-15T16:48:33+00:00
SAO_5142-10,São Paulo,3550308,True,,1626,,,-23.613964,-46.500782,,,,1,2023-06-15T16:48:18+00:00
SAO_5142-10,São Paulo,3550308,True,,1626,,,-23.601672999999998,-46.5311545,,,,1,2023-06-15T16:48:25+00:00
SAO_5142-10,São Paulo,3550308,True,,1626,,,-23.54645675,-46.629903999999996,,,,1,2023-06-15T16:48:43+00:00
SAO_5142-10,São Paulo,3550308,True,,1626,,,-23.578396750000003,-46.6022665,,,,1,2023-06-15T16:48:38+00:00
SAO_3141-10,São Paulo,3550308,True,,33502,,,-23.54641,-46.630284,,,,2,2023-06-15T16:48:25+00:00
SAO_3141-10,São Paulo,3550308,True,,33502,,,-23.59869875,-46.51886425,,,,2,2023-06-15T16:48:16+00:00
SAO_3141-10,São Paulo,3550308,True,,33502,,,-23.612826,-46.479245,,,,2,2023-06-15T16:48:15+00:00
SAO_3141-10,São Paulo,3550308,True,,33502,,,-23.552689,-46.579106624999994,,,,2,2023-06-15T16:48:29+00:00
SAO_3141-10,São Paulo,3550308,True,,33502,,,-23.573631499999998,-46.5585705,,,,2,2023-06-15T16:48:33+00:00
SAO_6012-10,São Paulo,3550308,True,,33972,,,-23.6845765,-46.77016825,,,,2,2023-06-15T16:48:47+00:00
SAO_6012-10,São Paulo,3550308,True,,33972,,,-23.686754,-46.7876415,,,,2,2023-06-15T16:48:28+00:00
SAO_6012-10,São Paulo,3550308,True,,33972,,,-23.690959499999998,-46.785145,,,,2,2023-06-15T16:48:25+00:00
SAO_5791-10,São Paulo,3550308,True,,33375,,,-23.5755465,-46.6408475,,,,2,2023-06-15T16:48:35+00:00
SAO_5791-10,São Paulo,3550308,True,,33375,,,-23.715893,-46.624467,,,,2,2023-06-15T16:48:20+00:00
SAO_5791-10,São Paulo,3550308,True,,33375,,,-23.5755465,-46.6408475,,,,2,2023-06-15T16:48:18+00:00
SAO_5791-10,São Paulo,3550308,True,,33375,,,-23.715893,-46.624467,,,,2,2023-06-15T16:48:43+00:00
SAO_5791-10,São Paulo,3550308,True,,33375,,,-23.636528,-46.641315000000006,,,,2,2023-06-15T16:48:31+00:00
SAO_5791-10,São Paulo,3550308,True,,33375,,,-23.688210499999997,-46.634085,,,,2,2023-06-15T16:48:02+00:00
SAO_5791-10,São Paulo,3550308,True,,33375,,,-23.7160135,-46.624853,,,,2,2023-06-15T16:48:07+00:00
SAO_5791-10,São Paulo,3550308,True,,33375,,,-23.658538749999998,-46.63609650000001,,,,2,2023-06-15T16:48:07+00:00
SAO_5791-10,São Paulo,3550308,True,,33375,,,-23.696796499999998,-46.636170500000006,,,,2,2023-06-15T16:48:33+00:00
SAO_5611-10,São Paulo,3550308,True,EMTU,598,https://moovitapp.com/index/pt-br/transporte_p%C3%BAblico-line-598-Sao_Paulo-242-2038937-36419579-0,7.05,-23.572684,-46.640971,,,,1,2023-06-15T16:48:07+00:00
SAO_5611-10,São Paulo,3550308,True,EMTU,598,https://moovitapp.com/index/pt-br/transporte_p%C3%BAblico-line-598-Sao_Paulo-242-2038937-36419579-0,7.05,-23.60382075,-46.651167,,,,1,2023-06-15T16:48:17+00:00
SAO_5611-10,São Paulo,3550308,True,EMTU,598,https://moovitapp.com/index/pt-br/transporte_p%C3%BAblico-line-598-Sao_Paulo-242-2038937-36419579-0,7.05,-23.71086,-46.6380315,,,,1,2023-06-15T16:46:08+00:00
SAO_5611-10,São Paulo,3550308,True,EMTU,598,https://moovitapp.com/index/pt-br/transporte_p%C3%BAblico-line-598-Sao_Paulo-242-2038937-36419579-0,7.05,-23.6188575,-46.662051500000004,,,,1,2023-06-15T16:48:24+00:00
SAO_5611-10,São Paulo,3550308,True,EMTU,598,https://moovitapp.com/index/pt-br/transporte_p%C3%BAblico-line-598-Sao_Paulo-242-2038937-36419579-0,7.05,-23.6943785,-46.656471749999994,,,,1,2023-06-15T16:47:42+00:00
SAO_6073-10,São Paulo,3550308,True,,33928,,,-23.8503005,-46.6968895,,,,2,2023-06-15T16:44:56+00:00
SAO_6073-10,São Paulo,3550308,True,,33928,,,-23.853313,-46.6956225,,,,2,2023-06-15T16:48:41+00:00
SAO_6073-10,São Paulo,3550308,True,,33928,,,-23.8288865,-46.7245655,,,,2,2023-06-15T16:48:20+00:00
SAO_6073-10,São Paulo,3550308,True,,33928,,,-23.852940500000003,-46.695395000000005,,,,2,2023-06-15T16:43:02+00:00
SAO_6073-10,São Paulo,3550308,True,,33928,,,-23.7770115,-46.723006,,,,2,2023-06-15T16:48:28+00:00
SAO_675L-10,São Paulo,3550308,True,,34246,,,-23.6455691875,-46.702333749999994,,,,2,2023-06-15T16:48:06+00:00
SAO_675L-10,São Paulo,3550308,True,,34246,,,-23.598283625,-46.65728606249999,,,,2,2023-06-15T16:48:35+00:00
SAO_675L-10,São Paulo,3550308,True,,34246,,,-23.6326475,-46.68952175,,,,2,2023-06-15T16:48:20+00:00
SAO_8100-10,São Paulo,3550308,True,,1262,,,-23.519536000000002,-46.701143,,,,1,2023-06-15T16:48:39+00:00
SAO_8100-10,São Paulo,3550308,True,,1262,,,-23.5181695,-46.7252945,,,,1,2023-06-15T16:48:23+00:00
SAO_8100-10,São Paulo,3550308,True,,1262,,,-23.5201815,-46.699853000000004,,,,1,2023-06-15T16:48:35+00:00
SAO_8100-10,São Paulo,3550308,True,,1262,,,-23.520208500000003,-46.699785000000006,,,,1,2023-06-15T16:48:31+00:00
SAO_6455-10,São Paulo,3550308,True,,32831,,,-23.551664000000002,-46.6372965,,,,2,2023-06-15T16:48:44+00:00
SAO_6455-10,São Paulo,3550308,True,,32831,,,-23.593915375,-46.653158000000005,,,,2,2023-06-15T16:48:03+00:00
SAO_6455-10,São Paulo,3550308,True,,32831,,,-23.65474,-46.761515,,,,2,2023-06-15T16:48:16+00:00
SAO_5129-10,São Paulo,3550308,True,,1281,,,-23.673017375,-46.701146125,,,,1,2023-06-15T16:48:43+00:00
SAO_5129-10,São Paulo,3550308,True,,1281,,,-23.6689235,-46.735557,,,,1,2023-06-15T16:48:18+00:00
SAO_5129-10,São Paulo,3550308,True,,1281,,,-23.6689655,-46.64958,,,,1,2023-06-15T16:48:02+00:00
SAO_5129-10,São Paulo,3550308,True,,1281,,,-23.669023250000002,-46.734721500000006,,,,1,2023-06-15T16:48:24+00:00
SAO_5129-10,São Paulo,3550308,True,,1281,,,-23.678694999999998,-46.696304749999996,,,,1,2023-06-15T16:48:41+00:00
SAO_5129-10,São Paulo,3550308,True,,1281,,,-23.68201,-46.632758749999994,,,,1,2023-06-15T16:48:18+00:00
SAO_5129-10,São Paulo,3550308,True,,1281,,,-23.643580999999998,-46.6725225,,,,1,2023-06-15T16:48:44+00:00
SAO_5129-10,São Paulo,3550308,True,,1281,,,-23.669023250000002,-46.734721500000006,,,,1,2023-06-15T16:48:23+00:00
SAO_637P-10,São Paulo,3550308,True,,47,,,-23.653152499999997,-46.706320749999996,,,,1,2023-06-15T16:48:05+00:00
SAO_637P-10,São Paulo,3550308,True,,47,,,-23.6153995,-46.679636,,,,1,2023-06-15T16:48:46+00:00
SAO_637P-10,São Paulo,3550308,True,,47,,,-23.6337045,-46.692746,,,,1,2023-06-15T16:48:13+00:00
SAO_637P-10,São Paulo,3550308,True,,47,,,-23.589411625,-46.672107624999995,,,,1,2023-06-15T16:48:38+00:00
SAO_637P-10,São Paulo,3550308,True,,47,,,-23.6541465,-46.711351,,,,1,2023-06-15T16:48:20+00:00
SAO_637P-10,São Paulo,3550308,True,,47,,,-23.5670475,-46.693793,,,,1,2023-06-15T16:48:34+00:00
SAO_637P-10,São Paulo,3550308,True,,47,,,-23.6541465,-46.711351,,,,1,2023-06-15T16:48:03+00:00
SAO_637P-10,São Paulo,3550308,True,,47,,,-23.57996325,-46.6851545,,,,1,2023-06-15T16:48:15+00:00
SAO_637P-10,São Paulo,3550308,True,,47,,,-23.6541465,-46.711351,,,,1,2023-06-15T16:48:44+00:00
SAO_637P-10,São Paulo,3550308,True,,47,,,-23.566328499999997,-46.7019335,,,,1,2023-06-15T16:48:35+00:00
SAO_407K-10,São Paulo,3550308,True,,2168,,,-23.54987,-46.5238655,,,,1,2023-06-15T16:48:09+00:00
SAO_407K-10,São Paulo,3550308,True,,2168,,,-23.538011500000003,-46.564010249999995,,,,1,2023-06-15T16:48:23+00:00
SAO_407K-10,São Paulo,3550308,True,,2168,,,-23.612296,-46.475164500000005,,,,1,2023-06-15T16:48:29+00:00
SAO_3763-10,São Paulo,3550308,True,,1054,,,-23.5669635,-46.5401265,,,,1,2023-06-15T16:48:25+00:00
SAO_3763-10,São Paulo,3550308,True,,1054,,,-23.557687,-46.52319850000001,,,,1,2023-06-15T16:48:08+00:00
SAO_3763-10,São Paulo,3550308,True,,1054,,,-23.54739875,-46.55528625,,,,1,2023-06-15T16:48:38+00:00
SAO_3763-10,São Paulo,3550308,True,,1054,,,-23.557687,-46.52319850000001,,,,1,2023-06-15T16:48:07+00:00
SAO_3763-10,São Paulo,3550308,True,,1054,,,-23.560120500000004,-46.53156475,,,,1,2023-06-15T16:48:07+00:00
SAO_3763-10,São Paulo,3550308,True,,1054,,,-23.558262,-46.522529000000006,,,,1,2023-06-15T16:48:09+00:00
SAO_3763-10,São Paulo,3550308,True,,1054,,,-23.557613500000002,-46.5234665,,,,1,2023-06-15T16:48:47+00:00
SAO_3763-10,São Paulo,3550308,True,,1054,,,-23.569723,-46.547861,,,,1,2023-06-15T16:48:29+00:00
SAO_3763-10,São Paulo,3550308,True,,1054,,,-23.5409805,-46.5765495,,,,1,2023-06-15T16:48:24+00:00
SAO_8038-10,São Paulo,3550308,True,,797,,,-23.522880999999998,-46.735932250000005,,,,1,2023-06-15T16:47:45+00:00
SAO_8038-10,São Paulo,3550308,True,,797,,,-23.551091,-46.7402025,,,,1,2023-06-15T16:48:08+00:00
SAO_8038-10,São Paulo,3550308,True,,797,,,-23.543603499999996,-46.75667475,,,,1,2023-06-15T16:48:41+00:00
SAO_8038-10,São Paulo,3550308,True,,797,,,-23.51957075,-46.703840375,,,,1,2023-06-15T16:48:27+00:00
SAO_513C-31,São Paulo,3550308,True,,2536,,,-23.60410075,-46.561055124999996,,,,1,2023-06-15T16:48:39+00:00
SAO_513C-31,São Paulo,3550308,True,,2536,,,-23.6085265,-46.506376,,,,1,2023-06-15T16:46:52+00:00
SAO_513C-31,São Paulo,3550308,True,,2536,,,-23.541641750000004,-46.4576865,,,,1,2023-06-15T16:48:35+00:00
SAO_513C-31,São Paulo,3550308,True,,2536,,,-23.6068155,-46.563219000000004,,,,1,2023-06-15T16:48:13+00:00
SAO_513C-31,São Paulo,3550308,True,,2536,,,-23.5947675,-46.444869999999995,,,,1,2023-06-15T16:48:38+00:00
SAO_527R-10,São Paulo,3550308,True,,271,,,-23.6756785,-46.6504555,,,,1,2023-06-15T16:48:33+00:00
SAO_527R-10,São Paulo,3550308,True,,271,,,-23.66610425,-46.6562365,,,,1,2023-06-15T16:48:27+00:00
SAO_527R-10,São Paulo,3550308,True,,271,,,-23.659697,-46.69745399999999,,,,1,2023-06-15T16:48:25+00:00
SAO_527R-10,São Paulo,3550308,True,,271,,,-23.6660915,-46.677988,,,,1,2023-06-15T16:48:31+00:00
SAO_527R-10,São Paulo,3550308,True,,271,,,-23.6756785,-46.6504555,,,,1,2023-06-15T16:47:40+00:00
SAO_527R-10,São Paulo,3550308,True,,271,,,-23.6756785,-46.6504555,,,,1,2023-06-15T16:48:43+00:00
SAO_527R-10,São Paulo,3550308,True,,271,,,-23.66004675,-46.7045105,,,,1,2023-06-15T16:48:06+00:00
SAO_5091-10,São Paulo,3550308,True,,34291,,,-23.68224575,-46.6769735,,,,2,2023-06-15T16:48:09+00:00
SAO_5091-10,São Paulo,3550308,True,,34291,,,-23.62553725,-46.6404665,,,,2,2023-06-15T16:48:33+00:00
SAO_5091-10,São Paulo,3550308,True,,34291,,,-23.636047,-46.641386,,,,2,2023-06-15T16:48:46+00:00
SAO_5091-10,São Paulo,3550308,True,,34291,,,-23.695936500000002,-46.675942,,,,2,2023-06-15T16:48:03+00:00
SAO_5091-10,São Paulo,3550308,True,,34291,,,-23.68224575,-46.6769735,,,,2,2023-06-15T16:48:43+00:00
SAO_5091-10,São Paulo,3550308,True,,34291,,,-23.693209500000002,-46.658558,,,,2,2023-06-15T16:48:23+00:00
SAO_5091-10,São Paulo,3550308,True,,34291,,,-23.6849845,-46.633231,,,,2,2023-06-15T16:48:40+00:00
SAO_477U-10,São Paulo,3550308,True,,33074,,,-23.60934,-46.5948055,,,,2,2023-06-15T16:48:41+00:00
SAO_477U-10,São Paulo,3550308,True,,33074,,,-23.607014624999998,-46.59310024999999,,,,2,2023-06-15T16:46:44+00:00
SAO_233A-10,São Paulo,3550308,True,,33017,,,-23.519191,-46.444007,,,,2,2023-06-15T16:48:04+00:00
SAO_233A-10,São Paulo,3550308,True,,33017,,,-23.4789405,-46.4207895,,,,2,2023-06-15T16:48:10+00:00
SAO_233A-10,São Paulo,3550308,True,,33017,,,-23.549167500000003,-46.5038675,,,,2,2023-06-15T16:48:16+00:00
SAO_6804-10,São Paulo,3550308,True,,32798,,,-23.6359375,-46.748142,,,,2,2023-06-15T16:48:42+00:00
SAO_6804-10,São Paulo,3550308,True,,32798,,,-23.636065000000002,-46.748101500000004,,,,2,2023-06-15T16:48:14+00:00
SAO_6804-10,São Paulo,3550308,True,,32798,,,-23.635654000000002,-46.747935999999996,,,,2,2023-06-15T16:48:23+00:00
SAO_6804-10,São Paulo,3550308,True,,32798,,,-23.635654000000002,-46.747935999999996,,,,2,2023-06-15T16:48:39+00:00
SAO_746K-10,São Paulo,3550308,True,STT,787,https://moovitapp.com/index/pt-br/transporte_p%C3%BAblico-line-787-Sao_Paulo-242-850661-183355-0,5.3,-23.624073000000003,-46.6955445,,,,1,2023-06-15T16:48:23+00:00
SAO_746K-10,São Paulo,3550308,True,STT,787,https://moovitapp.com/index/pt-br/transporte_p%C3%BAblico-line-787-Sao_Paulo-242-850661-183355-0,5.3,-23.621315,-46.7258375,,,,1,2023-06-15T16:48:22+00:00
SAO_746K-10,São Paulo,3550308,True,STT,787,https://moovitapp.com/index/pt-br/transporte_p%C3%BAblico-line-787-Sao_Paulo-242-850661-183355-0,5.3,-23.61439475,-46.68147825,,,,1,2023-06-15T16:48:33+00:00
SAO_746K-10,São Paulo,3550308,True,STT,787,https://moovitapp.com/index/pt-br/transporte_p%C3%BAblico-line-787-Sao_Paulo-242-850661-183355-0,5.3,-23.618436000000003,-46.721787500000005,,,,1,2023-06-15T16:48:43+00:00
SAO_746K-10,São Paulo,3550308,True,STT,787,https://moovitapp.com/index/pt-br/transporte_p%C3%BAblico-line-787-Sao_Paulo-242-850661-183355-0,5.3,-23.618436000000003,-46.721787500000005,,,,1,2023-06-15T16:48:35+00:00
SAO_6031-10,São Paulo,3550308,True,,32860,,,-23.743143500000002,-46.700044500000004,,,,2,2023-06-15T16:48:46+00:00
SAO_6031-10,São Paulo,3550308,True,,32860,,,-23.7379375,-46.697804500000004,,,,2,2023-06-15T16:48:09+00:00
SAO_6031-10,São Paulo,3550308,True,,32860,,,-23.756966,-46.708873,,,,2,2023-06-15T16:48:47+00:00
SAO_6031-10,São Paulo,3550308,True,,32860,,,-23.73824725,-46.69784775,,,,2,2023-06-15T16:48:34+00:00
SAO_3046-10,São Paulo,3550308,True,,971,,,-23.580630749999997,-46.533065500000006,,,,1,2023-06-15T16:48:17+00:00
SAO_3046-10,São Paulo,3550308,True,,971,,,-23.580204000000002,-46.5255565,,,,1,2023-06-15T16:48:04+00:00
SAO_3046-10,São Paulo,3550308,True,,971,,,-23.550971249999996,-46.57578687499999,,,,1,2023-06-15T16:47:39+00:00
SAO_3046-10,São Paulo,3550308,True,,971,,,-23.580204000000002,-46.5255565,,,,1,2023-06-15T16:48:41+00:00
SAO_3046-10,São Paulo,3550308,True,,971,,,-23.5623565,-46.573597125,,,,1,2023-06-15T16:48:03+00:00
SAO_3046-10,São Paulo,3550308,True,,971,,,-23.584394000000003,-46.540505,,,,1,2023-06-15T16:48:16+00:00
SAO_3046-10,São Paulo,3550308,True,,971,,,-23.574661874999997,-46.555289,,,,1,2023-06-15T16:48:05+00:00
SAO_5194-10,São Paulo,3550308,True,EMTU,269,https://moovitapp.com/index/pt-br/transporte_p%C3%BAblico-line-269-Sao_Paulo-242-2038937-36419377-0,5.35,-23.63814,-46.6719285,,,,1,2023-06-15T16:48:37+00:00
SAO_5194-10,São Paulo,3550308,True,EMTU,269,https://moovitapp.com/index/pt-br/transporte_p%C3%BAblico-line-269-Sao_Paulo-242-2038937-36419377-0,5.35,-23.583528,-46.654463,,,,1,2023-06-15T16:45:04+00:00
SAO_5194-10,São Paulo,3550308,True,EMTU,269,https://moovitapp.com/index/pt-br/transporte_p%C3%BAblico-line-269-Sao_Paulo-242-2038937-36419377-0,5.35,-23.6032175,-46.651068499999994,,,,1,2023-06-15T16:48:02+00:00
SAO_5194-10,São Paulo,3550308,True,EMTU,269,https://moovitapp.com/index/pt-br/transporte_p%C3%BAblico-line-269-Sao_Paulo-242-2038937-36419377-0,5.35,-23.68221675,-46.68206025,,,,1,2023-06-15T16:48:13+00:00
SAO_6083-10,São Paulo,3550308,True,,1733,,,-23.754748874999997,-46.674664375,,,,1,2023-06-15T16:48:40+00:00
SAO_6083-10,São Paulo,3550308,True,,1733,,,-23.7363815,-46.696515000000005,,,,1,2023-06-15T16:48:01+00:00
SAO_848L-10,São Paulo,3550308,True,EMTU,808,https://moovitapp.com/index/pt-br/transporte_p%C3%BAblico-line-808-Sao_Paulo-242-2038937-36419584-0,4.8,-23.440247,-46.728385,,,,1,2023-06-15T16:48:31+00:00
SAO_848L-10,São Paulo,3550308,True,EMTU,808,https://moovitapp.com/index/pt-br/transporte_p%C3%BAblico-line-808-Sao_Paulo-242-2038937-36419584-0,4.8,-23.4205085,-46.7549095,,,,1,2023-06-15T16:48:08+00:00
SAO_848L-10,São Paulo,3550308,True,EMTU,808,https://moovitapp.com/index/pt-br/transporte_p%C3%BAblico-line-808-Sao_Paulo-242-2038937-36419584-0,4.8,-23.412622499999998,-46.740069500000004,,,,1,2023-06-15T16:48:20+00:00
SAO_848L-10,São Paulo,3550308,True,EMTU,808,https://moovitapp.com/index/pt-br/transporte_p%C3%BAblico-line-808-Sao_Paulo-242-2038937-36419584-0,4.8,-23.410251,-46.734937,,,,1,2023-06-15T16:48:34+00:00
SAO_848L-10,São Paulo,3550308,True,EMTU,808,https://moovitapp.com/index/pt-br/transporte_p%C3%BAblico-line-808-Sao_Paulo-242-2038937-36419584-0,4.8,-23.481617,-46.7235275,,,,1,2023-06-15T16:48:16+00:00
SAO_5108-10,São Paulo,3550308,True,,1675,,,-23.6576995,-46.6177685,,,,1,2023-06-15T16:48:19+00:00
SAO_5108-10,São Paulo,3550308,True,,1675,,,-23.662393375,-46.618782874999994,,,,1,2023-06-15T16:48:30+00:00
SAO_5108-10,São Paulo,3550308,True,,1675,,,-23.60825575,-46.6168865,,,,1,2023-06-15T16:48:37+00:00
SAO_5108-10,São Paulo,3550308,True,,1675,,,-23.6229575,-46.620109625,,,,1,2023-06-15T16:48:40+00:00
SAO_5108-10,São Paulo,3550308,True,,1675,,,-23.551519499999998,-46.6324345,,,,1,2023-06-15T16:48:15+00:00
SAO_5108-10,São Paulo,3550308,True,,1675,,,-23.589808374999997,-46.612374125,,,,1,2023-06-15T16:48:27+00:00
SAO_5108-10,São Paulo,3550308,True,,1675,,,-23.55779175,-46.63296075,,,,1,2023-06-15T16:48:25+00:00
SAO_2780-10,São Paulo,3550308,True,,33167,,,-23.5082065,-46.372476,,,,2,2023-06-15T16:45:14+00:00
SAO_2780-10,São Paulo,3550308,True,,33167,,,-23.5115665,-46.43395325,,,,2,2023-06-15T16:48:41+00:00
SAO_2780-10,São Paulo,3550308,True,,33167,,,-23.508447,-46.372622500000006,,,,2,2023-06-15T16:48:05+00:00
SAO_2780-10,São Paulo,3550308,True,,33167,,,-23.510825,-46.3760255,,,,2,2023-06-15T16:45:54+00:00
SAO_2780-10,São Paulo,3550308,True,,33167,,,-23.53482375,-46.452111,,,,2,2023-06-15T16:48:40+00:00
SAO_8707-10,São Paulo,3550308,True,,34832,,,-23.537076999999996,-46.642129749999995,,,,2,2023-06-15T16:48:43+00:00
SAO_8707-10,São Paulo,3550308,True,,34832,,,-23.573857500000003,-46.733951000000005,,,,2,2023-06-15T16:48:33+00:00
SAO_8707-10,São Paulo,3550308,True,,34832,,,-23.564365000000002,-46.6782645,,,,2,2023-06-15T16:48:13+00:00
SAO_8707-10,São Paulo,3550308,True,,34832,,,-23.534661999999997,-46.6444695,,,,2,2023-06-15T16:48:34+00:00
SAO_8707-10,São Paulo,3550308,True,,34832,,,-23.574246000000002,-46.761069500000005,,,,2,2023-06-15T16:48:23+00:00
SAO_8707-10,São Paulo,3550308,True,,34832,,,-23.573559,-46.7607115,,,,2,2023-06-15T16:48:20+00:00
SAO_8707-10,São Paulo,3550308,True,,34832,,,-23.571253249999998,-46.693721749999995,,,,2,2023-06-15T16:48:36+00:00
SAO_6970-10,São Paulo,3550308,True,,34273,,,-23.7264145,-46.699558249999995,,,,2,2023-06-15T16:48:38+00:00
SAO_6970-10,São Paulo,3550308,True,,34273,,,-23.666004,-46.711965000000006,,,,2,2023-06-15T16:48:40+00:00
SAO_971T-10,São Paulo,3550308,True,,618,,,-23.493271749999998,-46.67533875,,,,1,2023-06-15T16:48:27+00:00
SAO_971T-10,São Paulo,3550308,True,,618,,,-23.502011500000002,-46.625002499999994,,,,1,2023-06-15T16:48:23+00:00
SAO_971T-10,São Paulo,3550308,True,,618,,,-23.499474,-46.637527500000004,,,,1,2023-06-15T16:48:28+00:00
SAO_971T-10,São Paulo,3550308,True,,618,,,-23.493271749999998,-46.67533875,,,,1,2023-06-15T16:48:19+00:00
SAO_971T-10,São Paulo,3550308,True,,618,,,-23.501332,-46.624855,,,,1,2023-06-15T16:48:20+00:00
SAO_971T-10,São Paulo,3550308,True,,618,,,-23.488124,-46.652035999999995,,,,1,2023-06-15T16:48:39+00:00
SAO_971T-10,São Paulo,3550308,True,,618,,,-23.4919685,-46.6691165,,,,1,2023-06-15T16:48:13+00:00
SAO_709G-10,São Paulo,3550308,True,,2020,,,-23.65162375,-46.705222125,,,,1,2023-06-15T16:48:33+00:00
SAO_709G-10,São Paulo,3550308,True,,2020,,,-23.667417,-46.728587,,,,1,2023-06-15T16:48:43+00:00
SAO_709G-10,São Paulo,3550308,True,,2020,,,-23.5957665,-46.673165,,,,1,2023-06-15T16:48:41+00:00
SAO_709G-10,São Paulo,3550308,True,,2020,,,-23.6684445,-46.735211500000005,,,,1,2023-06-15T16:48:02+00:00
SAO_6015-10,São Paulo,3550308,True,,33973,,,-23.721891,-46.785158499999994,,,,2,2023-06-15T16:48:22+00:00
SAO_6015-10,São Paulo,3550308,True,,33973,,,-23.67941175,-46.76413775,,,,2,2023-06-15T16:48:40+00:00
SAO_6015-10,São Paulo,3550308,True,,33973,,,-23.7345975,-46.794219999999996,,,,2,2023-06-15T16:48:17+00:00
SAO_6015-10,São Paulo,3550308,True,,33973,,,-23.646549812499998,-46.70300625,,,,2,2023-06-15T16:48:04+00:00
SAO_6015-10,São Paulo,3550308,True,,33973,,,-23.7375985,-46.78966200000001,,,,2,2023-06-15T16:48:33+00:00
SAO_6015-10,São Paulo,3550308,True,,33973,,,-23.667395499999998,-46.729535,,,,2,2023-06-15T16:48:35+00:00
SAO_6015-10,São Paulo,3550308,True,,33973,,,-23.7065485,-46.7843755,,,,2,2023-06-15T16:48:16+00:00
SAO_6015-10,São Paulo,3550308,True,,33973,,,-23.734715,-46.7945555,,,,2,2023-06-15T16:48:34+00:00
SAO_6015-10,São Paulo,3550308,True,,33973,,,-23.6870885,-46.7715025,,,,2,2023-06-15T16:48:46+00:00
SAO_8040-10,São Paulo,3550308,True,,33174,,,-23.43754,-46.778723,,,,2,2023-06-15T16:48:25+00:00
SAO_8040-10,São Paulo,3550308,True,,33174,,,-23.4681735,-46.754369,,,,2,2023-06-15T16:48:16+00:00
SAO_8040-10,São Paulo,3550308,True,,33174,,,-23.52038925,-46.72112975,,,,2,2023-06-15T16:48:02+00:00
SAO_8040-10,São Paulo,3550308,True,,33174,,,-23.43733225,-46.77884325,,,,2,2023-06-15T16:48:03+00:00
SAO_8040-10,São Paulo,3550308,True,,33174,,,-23.437884,-46.779548500000004,,,,2,2023-06-15T16:48:36+00:00
SAO_3795-10,São Paulo,3550308,True,,33841,,,-23.542476999999998,-46.4712795,,,,2,2023-06-15T16:48:29+00:00
SAO_3795-10,São Paulo,3550308,True,,33841,,,-23.566854499999998,-46.420263,,,,2,2023-06-15T16:48:39+00:00
SAO_9051-10,São Paulo,3550308,True,,2089,,,-23.5541945,-46.702768000000006,,,,1,2023-06-15T16:46:40+00:00
SAO_9051-10,São Paulo,3550308,True,,2089,,,-23.5657815,-46.7010925,,,,1,2023-06-15T16:48:03+00:00
SAO_748R-10,São Paulo,3550308,True,EMTU,501,https://moovitapp.com/index/pt-br/transporte_p%C3%BAblico-line-501-Sao_Paulo-242-2038937-36419526-0,7.55,-23.525145000000002,-46.676985,,,,1,2023-06-15T16:48:25+00:00
SAO_748R-10,São Paulo,3550308,True,EMTU,501,https://moovitapp.com/index/pt-br/transporte_p%C3%BAblico-line-501-Sao_Paulo-242-2038937-36419526-0,7.55,-23.540794499999997,-46.715998,,,,1,2023-06-15T16:48:40+00:00
SAO_748R-10,São Paulo,3550308,True,EMTU,501,https://moovitapp.com/index/pt-br/transporte_p%C3%BAblico-line-501-Sao_Paulo-242-2038937-36419526-0,7.55,-23.6008565,-46.783931499999994,,,,1,2023-06-15T16:48:23+00:00
SAO_748R-10,São Paulo,3550308,True,EMTU,501,https://moovitapp.com/index/pt-br/transporte_p%C3%BAblico-line-501-Sao_Paulo-242-2038937-36419526-0,7.55,-23.596247,-46.789686,,,,1,2023-06-15T16:48:25+00:00
SAO_748R-10,São Paulo,3550308,True,EMTU,501,https://moovitapp.com/index/pt-br/transporte_p%C3%BAblico-line-501-Sao_Paulo-242-2038937-36419526-0,7.55,-23.549901937500003,-46.7388568125,,,,1,2023-06-15T16:48:26+00:00
SAO_748R-10,São Paulo,3550308,True,EMTU,501,https://moovitapp.com/index/pt-br/transporte_p%C3%BAblico-line-501-Sao_Paulo-242-2038937-36419526-0,7.55,-23.572331249999998,-46.7605825,,,,1,2023-06-15T16:48:46+00:00
SAO_527R-10,São Paulo,3550308,True,,33039,,,-23.657738,-46.701657125,,,,2,2023-06-15T16:48:14+00:00
SAO_527R-10,São Paulo,3550308,True,,33039,,,-23.6598265,-46.6702565,,,,2,2023-06-15T16:48:10+00:00
SAO_527R-10,São Paulo,3550308,True,,33039,,,-23.677236999999998,-46.685503499999996,,,,2,2023-06-15T16:48:16+00:00
SAO_809H-10,São Paulo,3550308,True,,35013,,,-23.5806105,-46.793718,,,,2,2023-06-15T16:48:28+00:00
SAO_809H-10,São Paulo,3550308,True,,35013,,,-23.579282749999997,-46.791520750000004,,,,2,2023-06-15T16:48:10+00:00
SAO_809H-10,São Paulo,3550308,True,,35013,,,-23.522670374999997,-46.703715,,,,2,2023-06-15T16:48:29+00:00
SAO_809H-10,São Paulo,3550308,True,,35013,,,-23.571946875,-46.752888999999996,,,,2,2023-06-15T16:48:11+00:00
SAO_809H-10,São Paulo,3550308,True,,35013,,,-23.5806105,-46.793718,,,,2,2023-06-15T16:48:08+00:00
SAO_809H-10,São Paulo,3550308,True,,35013,,,-23.54414425,-46.73308299999999,,,,2,2023-06-15T16:48:06+00:00
SAO_809H-10,São Paulo,3550308,True,,35013,,,-23.521160249999998,-46.724604,,,,2,2023-06-15T16:48:09+00:00
SAO_172N-10,São Paulo,3550308,True,,33432,,,-23.5381615,-46.59590825000001,,,,2,2023-06-15T16:48:36+00:00
SAO_172N-10,São Paulo,3550308,True,,33432,,,-23.51559625,-46.61637925,,,,2,2023-06-15T16:48:12+00:00
SAO_172N-10,São Paulo,3550308,True,,33432,,,-23.515946749999998,-46.61641775,,,,2,2023-06-15T16:48:12+00:00
SAO_172N-10,São Paulo,3550308,True,,33432,,,-23.5278855,-46.597172,,,,2,2023-06-15T16:46:02+00:00
SAO_172N-10,São Paulo,3550308,True,,33432,,,-23.515946749999998,-46.61641775,,,,2,2023-06-15T16:48:46+00:00
SAO_172N-10,São Paulo,3550308,True,,33432,,,-23.503476,-46.6249045,,,,2,2023-06-15T16:48:23+00:00
SAO_172N-10,São Paulo,3550308,True,,33432,,,-23.515946749999998,-46.61641775,,,,2,2023-06-15T16:48:33+00:00
SAO_5370-10,São Paulo,3550308,True,,34210,,,-23.713037999999997,-46.698539999999994,,,,2,2023-06-15T16:48:10+00:00
SAO_5370-10,São Paulo,3550308,True,,34210,,,-23.7183865,-46.698947000000004,,,,2,2023-06-15T16:48:31+00:00
SAO_5370-10,São Paulo,3550308,True,,34210,,,-23.715232,-46.699111,,,,2,2023-06-15T16:46:58+00:00
SAO_5370-10,São Paulo,3550308,True,,34210,,,-23.609273375,-46.667640875,,,,2,2023-06-15T16:48:37+00:00
SAO_5370-10,São Paulo,3550308,True,,34210,,,-23.673223,-46.70960475,,,,2,2023-06-15T16:48:43+00:00
SAO_5370-10,São Paulo,3550308,True,,34210,,,-23.6453730625,-46.70219924999999,,,,2,2023-06-15T16:48:10+00:00
SAO_5370-10,São Paulo,3550308,True,,34210,,,-23.551356,-46.637087,,,,2,2023-06-15T16:48:02+00:00
SAO_5370-10,São Paulo,3550308,True,,34210,,,-23.65192725,-46.702461,,,,2,2023-06-15T16:48:24+00:00
SAO_5370-10,São Paulo,3550308,True,,34210,,,-23.642727999999998,-46.699756,,,,2,2023-06-15T16:48:42+00:00
SAO_5370-10,São Paulo,3550308,True,,34210,,,-23.766759999999998,-46.717308,,,,2,2023-06-15T16:48:12+00:00
SAO_407L-10,São Paulo,3550308,True,,34967,,,-23.590822000000003,-46.3946785,,,,2,2023-06-15T16:48:42+00:00
SAO_407L-10,São Paulo,3550308,True,,34967,,,-23.590592,-46.3947795,,,,2,2023-06-15T16:48:20+00:00
SAO_407L-10,São Paulo,3550308,True,,34967,,,-23.590822000000003,-46.3946785,,,,2,2023-06-15T16:48:08+00:00
SAO_407L-10,São Paulo,3550308,True,,34967,,,-23.591207,-46.394471,,,,2,2023-06-15T16:48:29+00:00
SAO_407L-10,São Paulo,3550308,True,,34967,,,-23.590592,-46.3947795,,,,2,2023-06-15T16:48:14+00:00
SAO_407L-10,São Paulo,3550308,True,,34967,,,-23.5902495,-46.394968500000004,,,,2,2023-06-15T16:48:37+00:00
SAO_407L-10,São Paulo,3550308,True,,34967,,,-23.538683499999998,-46.44836975,,,,2,2023-06-15T16:48:39+00:00
SAO_407L-10,São Paulo,3550308,True,,34967,,,-23.538268000000002,-46.4269345,,,,2,2023-06-15T16:48:26+00:00
SAO_407L-10,São Paulo,3550308,True,,34967,,,-23.590822000000003,-46.3946785,,,,2,2023-06-15T16:48:16+00:00
SAO_407L-10,São Paulo,3550308,True,,34967,,,-23.5920095,-46.39401775,,,,2,2023-06-15T16:48:03+00:00
SAO_407L-10,São Paulo,3550308,True,,34967,,,-23.581162250000002,-46.410831,,,,2,2023-06-15T16:48:24+00:00
SAO_407L-10,São Paulo,3550308,True,,34967,,,-23.536353,-46.473813,,,,2,2023-06-15T16:48:10+00:00
SAO_407L-10,São Paulo,3550308,True,,34967,,,-23.545847000000002,-46.411377,,,,2,2023-06-15T16:48:29+00:00
SAO_407L-10,São Paulo,3550308,True,,34967,,,-23.563206,-46.416537999999996,,,,2,2023-06-15T16:48:25+00:00
SAO_407L-10,São Paulo,3550308,True,,34967,,,-23.590592,-46.3947795,,,,2,2023-06-15T16:48:36+00:00
SAO_5119-22,São Paulo,3550308,True,,34892,,,-23.568078999999997,-46.649365,,,,2,2023-06-15T16:48:20+00:00
SAO_5119-22,São Paulo,3550308,True,,34892,,,-23.601063,-46.7150175,,,,2,2023-06-15T16:48:06+00:00
SAO_3778-10,São Paulo,3550308,True,,1062,,,-23.5386545,-46.565125,,,,1,2023-06-15T16:48:22+00:00
SAO_3778-10,São Paulo,3550308,True,,1062,,,-23.569933499999998,-46.489086,,,,1,2023-06-15T16:48:05+00:00
SAO_3778-10,São Paulo,3550308,True,,1062,,,-23.5489955,-46.5366035,,,,1,2023-06-15T16:48:17+00:00
SAO_3778-10,São Paulo,3550308,True,,1062,,,-23.569554,-46.486423,,,,1,2023-06-15T16:48:30+00:00
SAO_3778-10,São Paulo,3550308,True,,1062,,,-23.573442999999997,-46.4935725,,,,1,2023-06-15T16:48:26+00:00
SAO_3778-10,São Paulo,3550308,True,,1062,,,-23.569554,-46.486423,,,,1,2023-06-15T16:48:36+00:00
SAO_3778-10,São Paulo,3550308,True,,1062,,,-23.541281,-46.55500675,,,,1,2023-06-15T16:48:06+00:00
SAO_3778-10,São Paulo,3550308,True,,1062,,,-23.567560125,-46.510394375000004,,,,1,2023-06-15T16:48:03+00:00
SAO_6076-10,São Paulo,3550308,True,,33933,,,-23.654010999999997,-46.7119105,,,,2,2023-06-15T16:48:06+00:00
SAO_6076-10,São Paulo,3550308,True,,33933,,,-23.733666,-46.6772885,,,,2,2023-06-15T16:48:17+00:00
SAO_6076-10,São Paulo,3550308,True,,33933,,,-23.6751820625,-46.713099,,,,2,2023-06-15T16:48:18+00:00
SAO_6076-10,São Paulo,3550308,True,,33933,,,-23.733666,-46.6772885,,,,2,2023-06-15T16:48:41+00:00
SAO_6076-10,São Paulo,3550308,True,,33933,,,-23.736183,-46.683149,,,,2,2023-06-15T16:48:46+00:00
SAO_6076-10,São Paulo,3550308,True,,33933,,,-23.7267205,-46.690775,,,,2,2023-06-15T16:48:21+00:00
SAO_6076-10,São Paulo,3550308,True,,33933,,,-23.733666,-46.6772885,,,,2,2023-06-15T16:48:15+00:00
SAO_6076-10,São Paulo,3550308,True,,33933,,,-23.733666,-46.6772885,,,,2,2023-06-15T16:44:43+00:00
SAO_6076-10,São Paulo,3550308,True,,33933,,,-23.706274999999998,-46.70078,,,,2,2023-06-15T16:48:42+00:00
SAO_6076-10,São Paulo,3550308,True,,33933,,,-23.734524999999998,-46.67688475,,,,2,2023-06-15T16:48:32+00:00
SAO_6076-10,São Paulo,3550308,True,,33933,,,-23.6874445,-46.7058255,,,,2,2023-06-15T16:48:03+00:00
SAO_9014-10,São Paulo,3550308,True,,1425,,,-23.4852695,-46.6991425,,,,1,2023-06-15T16:48:09+00:00
SAO_9014-10,São Paulo,3550308,True,,1425,,,-23.4748515,-46.708434,,,,1,2023-06-15T16:48:26+00:00
SAO_9014-10,São Paulo,3550308,True,,1425,,,-23.4939525,-46.6972225,,,,1,2023-06-15T16:48:29+00:00
SAO_9014-10,São Paulo,3550308,True,,1425,,,-23.474511999999997,-46.7082465,,,,1,2023-06-15T16:48:04+00:00
SAO_9014-10,São Paulo,3550308,True,,1425,,,-23.520094999999998,-46.700067000000004,,,,1,2023-06-15T16:48:39+00:00
SAO_9014-10,São Paulo,3550308,True,,1425,,,-23.47469,-46.7083305,,,,1,2023-06-15T16:48:30+00:00
SAO_2019-10,São Paulo,3550308,True,,905,,,-23.524728,-46.5453215,,,,1,2023-06-15T16:48:04+00:00
SAO_2019-10,São Paulo,3550308,True,,905,,,-23.5265595,-46.525074000000004,,,,1,2023-06-15T16:48:18+00:00
SAO_2019-10,São Paulo,3550308,True,,905,,,-23.51992675,-46.54118925,,,,1,2023-06-15T16:47:27+00:00
SAO_2019-10,São Paulo,3550308,True,,905,,,-23.532783000000002,-46.481978999999995,,,,1,2023-06-15T16:48:43+00:00
SAO_8548-10,São Paulo,3550308,True,EMTU,578,https://moovitapp.com/index/pt-br/transporte_p%C3%BAblico-line-578-Sao_Paulo-242-2038937-36419568-0,5.4,-23.486878,-46.687767625000006,,,,1,2023-06-15T16:48:12+00:00
SAO_8548-10,São Paulo,3550308,True,EMTU,578,https://moovitapp.com/index/pt-br/transporte_p%C3%BAblico-line-578-Sao_Paulo-242-2038937-36419568-0,5.4,-23.448092000000003,-46.7158425,,,,1,2023-06-15T16:48:35+00:00
SAO_5705-10,São Paulo,3550308,True,,1657,,,-23.567029375,-46.639827249999996,,,,1,2023-06-15T16:48:18+00:00
SAO_5705-10,São Paulo,3550308,True,,1657,,,-23.57691625,-46.621984499999996,,,,1,2023-06-15T16:48:03+00:00
SAO_5705-10,São Paulo,3550308,True,,1657,,,-23.603496999999997,-46.602769,,,,1,2023-06-15T16:48:15+00:00
SAO_273X-10,São Paulo,3550308,True,EMTU,392,https://moovitapp.com/index/pt-br/transporte_p%C3%BAblico-line-392-Sao_Paulo-242-2038937-36419460-0,5.8,-23.495415,-46.404151,,,,1,2023-06-15T16:48:21+00:00
SAO_273X-10,São Paulo,3550308,True,EMTU,392,https://moovitapp.com/index/pt-br/transporte_p%C3%BAblico-line-392-Sao_Paulo-242-2038937-36419460-0,5.8,-23.50059525,-46.385371,,,,1,2023-06-15T16:48:01+00:00
SAO_273X-10,São Paulo,3550308,True,EMTU,392,https://moovitapp.com/index/pt-br/transporte_p%C3%BAblico-line-392-Sao_Paulo-242-2038937-36419460-0,5.8,-23.50760375,-46.47799125,,,,1,2023-06-15T16:48:42+00:00
SAO_273X-10,São Paulo,3550308,True,EMTU,392,https://moovitapp.com/index/pt-br/transporte_p%C3%BAblico-line-392-Sao_Paulo-242-2038937-36419460-0,5.8,-23.53987,-46.4833455,,,,1,2023-06-15T16:48:27+00:00
SAO_273X-10,São Paulo,3550308,True,EMTU,392,https://moovitapp.com/index/pt-br/transporte_p%C3%BAblico-line-392-Sao_Paulo-242-2038937-36419460-0,5.8,-23.49529025,-46.43150675,,,,1,2023-06-15T16:48:45+00:00
SAO_273X-10,São Paulo,3550308,True,EMTU,392,https://moovitapp.com/index/pt-br/transporte_p%C3%BAblico-line-392-Sao_Paulo-242-2038937-36419460-0,5.8,-23.506645125,-46.4776075,,,,1,2023-06-15T16:48:15+00:00
SAO_273X-10,São Paulo,3550308,True,EMTU,392,https://moovitapp.com/index/pt-br/transporte_p%C3%BAblico-line-392-Sao_Paulo-242-2038937-36419460-0,5.8,-23.494658,-46.426776000000004,,,,1,2023-06-15T16:48:07+00:00
SAO_2714-10,São Paulo,3550308,True,,927,,,-23.520139937499998,-46.531291249999995,,,,1,2023-06-15T16:48:39+00:00
SAO_2714-10,São Paulo,3550308,True,,927,,,-23.5313415,-46.529821,,,,1,2023-06-15T16:48:41+00:00
SAO_5185-10,São Paulo,3550308,True,,1308,,,-23.578889500000002,-46.6611785,,,,1,2023-06-15T16:48:37+00:00
SAO_5185-10,São Paulo,3550308,True,,1308,,,-23.6677575,-46.7351975,,,,1,2023-06-15T16:48:40+00:00
SAO_5185-10,São Paulo,3550308,True,,1308,,,-23.66652525,-46.7194235,,,,1,2023-06-15T16:48:28+00:00
SAO_5185-10,São Paulo,3550308,True,,1308,,,-23.546979,-46.63057,,,,1,2023-06-15T16:48:39+00:00
SAO_5185-10,São Paulo,3550308,True,,1308,,,-23.60876,-46.653268999999995,,,,1,2023-06-15T16:48:37+00:00
SAO_5185-10,São Paulo,3550308,True,,1308,,,-23.568310750000002,-46.649578000000005,,,,1,2023-06-15T16:48:11+00:00
SAO_5185-10,São Paulo,3550308,True,,1308,,,-23.642775999999998,-46.672351,,,,1,2023-06-15T16:48:26+00:00
SAO_5185-10,São Paulo,3550308,True,,1308,,,-23.6029775,-46.651044999999996,,,,1,2023-06-15T16:48:27+00:00
SAO_5185-10,São Paulo,3550308,True,,1308,,,-23.6677575,-46.7351975,,,,1,2023-06-15T16:48:43+00:00
SAO_5185-10,São Paulo,3550308,True,,1308,,,-23.616538,-46.660863875000004,,,,1,2023-06-15T16:48:29+00:00
SAO_5185-10,São Paulo,3550308,True,,1308,,,-23.559326,-46.642411499999994,,,,1,2023-06-15T16:48:27+00:00
SAO_6055-10,São Paulo,3550308,True,,33914,,,-23.754978,-46.709182999999996,,,,2,2023-06-15T16:48:07+00:00
SAO_6055-10,São Paulo,3550308,True,,33914,,,-23.754704,-46.709073000000004,,,,2,2023-06-15T16:48:14+00:00
SAO_6055-10,São Paulo,3550308,True,,33914,,,-23.715805000000003,-46.699250500000005,,,,2,2023-06-15T16:48:47+00:00
SAO_6055-10,São Paulo,3550308,True,,33914,,,-23.735566249999998,-46.695197625000006,,,,2,2023-06-15T16:48:10+00:00
SAO_6055-10,São Paulo,3550308,True,,33914,,,-23.7261575,-46.69960275,,,,2,2023-06-15T16:48:28+00:00
SAO_6055-10,São Paulo,3550308,True,,33914,,,-23.754704,-46.709073000000004,,,,2,2023-06-15T16:48:32+00:00
SAO_2182-10,São Paulo,3550308,True,STT,700,https://moovitapp.com/index/pt-br/transporte_p%C3%BAblico-line-700-Sao_Paulo-242-850661-183337-0,5.3,-23.481513999999997,-46.5715465,,,,1,2023-06-15T16:48:21+00:00
SAO_2182-10,São Paulo,3550308,True,STT,700,https://moovitapp.com/index/pt-br/transporte_p%C3%BAblico-line-700-Sao_Paulo-242-850661-183337-0,5.3,-23.542837,-46.635867,,,,1,2023-06-15T16:48:46+00:00
SAO_2182-10,São Paulo,3550308,True,STT,700,https://moovitapp.com/index/pt-br/transporte_p%C3%BAblico-line-700-Sao_Paulo-242-850661-183337-0,5.3,-23.540302500000003,-46.612326499999995,,,,1,2023-06-15T16:46:54+00:00
SAO_2182-10,São Paulo,3550308,True,STT,700,https://moovitapp.com/index/pt-br/transporte_p%C3%BAblico-line-700-Sao_Paulo-242-850661-183337-0,5.3,-23.508032,-46.5795535,,,,1,2023-06-15T16:48:04+00:00
SAO_2182-10,São Paulo,3550308,True,STT,700,https://moovitapp.com/index/pt-br/transporte_p%C3%BAblico-line-700-Sao_Paulo-242-850661-183337-0,5.3,-23.5279778125,-46.60103375,,,,1,2023-06-15T16:48:16+00:00
SAO_2182-10,São Paulo,3550308,True,STT,700,https://moovitapp.com/index/pt-br/transporte_p%C3%BAblico-line-700-Sao_Paulo-242-850661-183337-0,5.3,-23.4867985,-46.5683985,,,,1,2023-06-15T16:48:19+00:00
SAO_2182-10,São Paulo,3550308,True,STT,700,https://moovitapp.com/index/pt-br/transporte_p%C3%BAblico-line-700-Sao_Paulo-242-850661-183337-0,5.3,-23.538731,-46.6048935,,,,1,2023-06-15T16:48:22+00:00
SAO_2182-10,São Paulo,3550308,True,STT,700,https://moovitapp.com/index/pt-br/transporte_p%C3%BAblico-line-700-Sao_Paulo-242-850661-183337-0,5.3,-23.481513999999997,-46.5715465,,,,1,2023-06-15T16:48:35+00:00
SAO_546A-10,São Paulo,3550308,True,,33899,,,-23.713665,-46.65656725,,,,2,2023-06-15T16:47:39+00:00
SAO_546A-10,São Paulo,3550308,True,,33899,,,-23.70412,-46.6500395,,,,2,2023-06-15T16:45:25+00:00
SAO_546A-10,São Paulo,3550308,True,,33899,,,-23.709448000000002,-46.6555305,,,,2,2023-06-15T16:42:23+00:00
SAO_546A-10,São Paulo,3550308,True,,33899,,,-23.680373,-46.683829,,,,2,2023-06-15T16:47:59+00:00
SAO_546A-10,São Paulo,3550308,True,,33899,,,-23.6929245,-46.659800000000004,,,,2,2023-06-15T16:48:03+00:00
SAO_6069-10,São Paulo,3550308,True,,1154,,,-23.6703155,-46.711173,,,,1,2023-06-15T16:48:06+00:00
SAO_6069-10,São Paulo,3550308,True,,1154,,,-23.653890625,-46.71154075,,,,1,2023-06-15T16:48:42+00:00
SAO_6069-10,São Paulo,3550308,True,,1154,,,-23.7304805,-46.698091500000004,,,,1,2023-06-15T16:48:24+00:00
SAO_6069-10,São Paulo,3550308,True,,1154,,,-23.653890625,-46.71154075,,,,1,2023-06-15T16:48:02+00:00
SAO_6069-10,São Paulo,3550308,True,,1154,,,-23.7544135,-46.699874,,,,1,2023-06-15T16:48:38+00:00
SAO_6069-10,São Paulo,3550308,True,,1154,,,-23.744763,-46.693926000000005,,,,1,2023-06-15T16:48:17+00:00
SAO_9014-10,São Paulo,3550308,True,,34193,,,-23.515395499999997,-46.691729,,,,2,2023-06-15T16:48:44+00:00
SAO_9014-10,São Paulo,3550308,True,,34193,,,-23.476673249999997,-46.7041035,,,,2,2023-06-15T16:48:20+00:00
SAO_8004-10,São Paulo,3550308,True,,34022,,,-23.470457,-46.751476499999995,,,,2,2023-06-15T16:48:10+00:00
SAO_8004-10,São Paulo,3550308,True,,34022,,,-23.484935375,-46.755404125,,,,2,2023-06-15T16:48:02+00:00
SAO_8004-10,São Paulo,3550308,True,,34022,,,-23.470457,-46.751476499999995,,,,2,2023-06-15T16:48:39+00:00
SAO_8004-10,São Paulo,3550308,True,,34022,,,-23.470457,-46.751476499999995,,,,2,2023-06-15T16:48:31+00:00
SAO_4017-10,São Paulo,3550308,True,,34958,,,-23.60109525,-46.39926,,,,2,2023-06-15T16:48:13+00:00
SAO_4017-10,São Paulo,3550308,True,,34958,,,-23.58819475,-46.382870749999995,,,,2,2023-06-15T16:46:35+00:00
SAO_4017-10,São Paulo,3550308,True,,34958,,,-23.580644,-46.4041795,,,,2,2023-06-15T16:48:34+00:00
SAO_4017-10,São Paulo,3550308,True,,34958,,,-23.6006425,-46.3996595,,,,2,2023-06-15T16:48:40+00:00
SAO_4017-10,São Paulo,3550308,True,,34958,,,-23.601313750000003,-46.399062,,,,2,2023-06-15T16:48:39+00:00
SAO_4017-10,São Paulo,3550308,True,,34958,,,-23.60186025,-46.398567,,,,2,2023-06-15T16:48:07+00:00
SAO_4017-10,São Paulo,3550308,True,,34958,,,-23.600441500000002,-46.399831500000005,,,,2,2023-06-15T16:48:28+00:00
SAO_8009-31,São Paulo,3550308,True,,1260,,,-23.448057499999997,-46.727577125,,,,1,2023-06-15T16:48:03+00:00
SAO_5036-10,São Paulo,3550308,True,,34434,,,-23.657285,-46.6139885,,,,2,2023-06-15T16:48:38+00:00
SAO_5036-10,São Paulo,3550308,True,,34434,,,-23.657111999999998,-46.6132845,,,,2,2023-06-15T16:48:23+00:00
SAO_5036-10,São Paulo,3550308,True,,34434,,,-23.63381175,-46.605449500000006,,,,2,2023-06-15T16:48:24+00:00
SAO_5036-10,São Paulo,3550308,True,,34434,,,-23.597968125,-46.608947,,,,2,2023-06-15T16:48:12+00:00
SAO_5036-10,São Paulo,3550308,True,,34434,,,-23.657111999999998,-46.6132845,,,,2,2023-06-15T16:48:30+00:00
SAO_425E-10,São Paulo,3550308,True,,34404,,,-23.613987,-46.5014315,,,,2,2023-06-15T16:48:07+00:00
SAO_6049-10,São Paulo,3550308,True,,1309,,,-23.65293525,-46.71362575,,,,1,2023-06-15T16:48:38+00:00
SAO_6049-10,São Paulo,3550308,True,,1309,,,-23.6620535,-46.779414,,,,1,2023-06-15T16:48:38+00:00
SAO_6049-10,São Paulo,3550308,True,,1309,,,-23.651251000000002,-46.726014250000006,,,,1,2023-06-15T16:48:32+00:00
SAO_172R-10,São Paulo,3550308,True,,33627,,,-23.468732125000002,-46.578811875,,,,2,2023-06-15T16:48:13+00:00
SAO_172R-10,São Paulo,3550308,True,,33627,,,-23.48941525,-46.571597749999995,,,,2,2023-06-15T16:47:32+00:00
SAO_172R-10,São Paulo,3550308,True,,33627,,,-23.466649875,-46.583931375000006,,,,2,2023-06-15T16:48:26+00:00
SAO_172R-10,São Paulo,3550308,True,,33627,,,-23.50222,-46.5766965,,,,2,2023-06-15T16:48:03+00:00
SAO_172R-10,São Paulo,3550308,True,,33627,,,-23.4687825,-46.578545500000004,,,,2,2023-06-15T16:48:36+00:00
SAO_172R-10,São Paulo,3550308,True,,33627,,,-23.465638499999997,-46.583501999999996,,,,2,2023-06-15T16:48:20+00:00
SAO_172R-10,São Paulo,3550308,True,,33627,,,-23.512845,-46.585291,,,,2,2023-06-15T16:48:14+00:00
SAO_172R-10,São Paulo,3550308,True,,33627,,,-23.465826,-46.583746000000005,,,,2,2023-06-15T16:48:24+00:00
SAO_172R-10,São Paulo,3550308,True,,33627,,,-23.466220625,-46.583831125,,,,2,2023-06-15T16:48:28+00:00
SAO_172R-10,São Paulo,3550308,True,,33627,,,-23.465638499999997,-46.583501999999996,,,,2,2023-06-15T16:48:42+00:00
SAO_172R-10,São Paulo,3550308,True,,33627,,,-23.529847,-46.598688499999994,,,,2,2023-06-15T16:45:32+00:00
SAO_172R-10,São Paulo,3550308,True,,33627,,,-23.4662775,-46.584824,,,,2,2023-06-15T16:47:59+00:00
SAO_172R-10,São Paulo,3550308,True,,33627,,,-23.541695375,-46.591735625,,,,2,2023-06-15T16:48:37+00:00
SAO_172R-10,São Paulo,3550308,True,,33627,,,-23.465638499999997,-46.583501999999996,,,,2,2023-06-15T16:48:40+00:00
SAO_172R-10,São Paulo,3550308,True,,33627,,,-23.465826,-46.583746000000005,,,,2,2023-06-15T16:48:29+00:00
SAO_2707-10,São Paulo,3550308,True,,919,,,-23.525353,-46.4059125,,,,1,2023-06-15T16:47:58+00:00
SAO_2707-10,São Paulo,3550308,True,,919,,,-23.525353,-46.4059125,,,,1,2023-06-15T16:47:18+00:00
SAO_2707-10,São Paulo,3550308,True,,919,,,-23.525353,-46.4059125,,,,1,2023-06-15T16:47:59+00:00
SAO_2707-10,São Paulo,3550308,True,,919,,,-23.5425605,-46.4717955,,,,1,2023-06-15T16:48:12+00:00
SAO_2707-10,São Paulo,3550308,True,,919,,,-23.543808499999997,-46.410647,,,,1,2023-06-15T16:48:04+00:00
SAO_2707-10,São Paulo,3550308,True,,919,,,-23.529937,-46.443731,,,,1,2023-06-15T16:48:07+00:00
SAO_2707-10,São Paulo,3550308,True,,919,,,-23.525353,-46.4059125,,,,1,2023-06-15T16:47:28+00:00
SAO_2707-10,São Paulo,3550308,True,,919,,,-23.525353,-46.4059125,,,,1,2023-06-15T16:48:01+00:00
SAO_2707-10,São Paulo,3550308,True,,919,,,-23.534982499999998,-46.428518499999996,,,,1,2023-06-15T16:48:14+00:00
SAO_2707-10,São Paulo,3550308,True,,919,,,-23.525353,-46.4059125,,,,1,2023-06-15T16:48:29+00:00
SAO_2707-10,São Paulo,3550308,True,,919,,,-23.525353,-46.4059125,,,,1,2023-06-15T16:42:33+00:00
SAO_9047-10,São Paulo,3550308,True,STT,883,https://moovitapp.com/index/pt-br/transporte_p%C3%BAblico-line-883-Sao_Paulo-242-850661-183365-0,5.3,-23.4611935,-46.70918,,,,1,2023-06-15T16:48:31+00:00
SAO_9047-10,São Paulo,3550308,True,STT,883,https://moovitapp.com/index/pt-br/transporte_p%C3%BAblico-line-883-Sao_Paulo-242-850661-183365-0,5.3,-23.5166165625,-46.705758,,,,1,2023-06-15T16:48:25+00:00
SAO_9047-10,São Paulo,3550308,True,STT,883,https://moovitapp.com/index/pt-br/transporte_p%C3%BAblico-line-883-Sao_Paulo-242-850661-183365-0,5.3,-23.5166165625,-46.705758,,,,1,2023-06-15T16:48:35+00:00
SAO_9047-10,São Paulo,3550308,True,STT,883,https://moovitapp.com/index/pt-br/transporte_p%C3%BAblico-line-883-Sao_Paulo-242-850661-183365-0,5.3,-23.4705945,-46.692738000000006,,,,1,2023-06-15T16:48:27+00:00
SAO_9047-10,São Paulo,3550308,True,STT,883,https://moovitapp.com/index/pt-br/transporte_p%C3%BAblico-line-883-Sao_Paulo-242-850661-183365-0,5.3,-23.496118,-46.6977355,,,,1,2023-06-15T16:48:15+00:00
SAO_695H-10,São Paulo,3550308,True,,33964,,,-23.78837,-46.715108,,,,2,2023-06-15T16:48:19+00:00
SAO_695H-10,São Paulo,3550308,True,,33964,,,-23.78837,-46.715108,,,,2,2023-06-15T16:48:12+00:00
SAO_695H-10,São Paulo,3550308,True,,33964,,,-23.78837,-46.715108,,,,2,2023-06-15T16:48:26+00:00
SAO_695H-10,São Paulo,3550308,True,,33964,,,-23.69922525,-46.700966750000006,,,,2,2023-06-15T16:48:33+00:00
SAO_695H-10,São Paulo,3550308,True,,33964,,,-23.6750355,-46.6924195,,,,2,2023-06-15T16:48:14+00:00
SAO_695H-10,São Paulo,3550308,True,,33964,,,-23.74022625,-46.703695999999994,,,,2,2023-06-15T16:48:39+00:00
SAO_695H-10,São Paulo,3550308,True,,33964,,,-23.654237000000002,-46.710930000000005,,,,2,2023-06-15T16:48:11+00:00
SAO_695H-10,São Paulo,3550308,True,,33964,,,-23.78837,-46.715108,,,,2,2023-06-15T16:48:44+00:00
SAO_3756-10,São Paulo,3550308,True,,1050,,,-23.591324,-46.389072,,,,1,2023-06-15T16:48:13+00:00
SAO_3756-10,São Paulo,3550308,True,,1050,,,-23.546198500000003,-46.461079999999995,,,,1,2023-06-15T16:47:24+00:00
SAO_3756-10,São Paulo,3550308,True,,1050,,,-23.562077875,-46.419486625000005,,,,1,2023-06-15T16:48:05+00:00
SAO_3756-10,São Paulo,3550308,True,,1050,,,-23.591324,-46.389072,,,,1,2023-06-15T16:48:31+00:00
SAO_1020-10,São Paulo,3550308,True,,35265,,,-23.4138275,-46.7318785,,,,2,2023-06-15T16:48:45+00:00
SAO_1020-10,São Paulo,3550308,True,,35265,,,-23.410570999999997,-46.7636235,,,,2,2023-06-15T16:48:05+00:00
SAO_1020-10,São Paulo,3550308,True,,35265,,,-23.4106675,-46.763892,,,,2,2023-06-15T16:48:25+00:00
SAO_1020-10,São Paulo,3550308,True,,35265,,,-23.4326835,-46.720109,,,,2,2023-06-15T16:48:46+00:00
SAO_1020-10,São Paulo,3550308,True,,35265,,,-23.476841,-46.7280565,,,,2,2023-06-15T16:48:45+00:00
SAO_2765-10,São Paulo,3550308,True,EMTU,145,https://moovitapp.com/index/pt-br/transporte_p%C3%BAblico-line-145-Sao_Paulo-242-2038937-36419293-0,5.35,-23.5193035,-46.5472155,,,,1,2023-06-15T16:48:28+00:00
SAO_2765-10,São Paulo,3550308,True,EMTU,145,https://moovitapp.com/index/pt-br/transporte_p%C3%BAblico-line-145-Sao_Paulo-242-2038937-36419293-0,5.35,-23.503496,-46.498593,,,,1,2023-06-15T16:48:19+00:00
SAO_2765-10,São Paulo,3550308,True,EMTU,145,https://moovitapp.com/index/pt-br/transporte_p%C3%BAblico-line-145-Sao_Paulo-242-2038937-36419293-0,5.35,-23.5044745,-46.5154,,,,1,2023-06-15T16:48:08+00:00
SAO_2765-10,São Paulo,3550308,True,EMTU,145,https://moovitapp.com/index/pt-br/transporte_p%C3%BAblico-line-145-Sao_Paulo-242-2038937-36419293-0,5.35,-23.53832525,-46.57552425,,,,1,2023-06-15T16:48:41+00:00
SAO_4032-10,São Paulo,3550308,True,,33870,,,-23.62781275,-46.600421,,,,2,2023-06-15T16:48:45+00:00
SAO_4032-10,São Paulo,3550308,True,,33870,,,-23.598824999999998,-46.6391055,,,,2,2023-06-15T16:48:25+00:00
SAO_4032-10,São Paulo,3550308,True,,33870,,,-23.60918225,-46.638603125,,,,2,2023-06-15T16:48:24+00:00
SAO_364A-10,São Paulo,3550308,True,,1246,,,-23.606721999999998,-46.502353,,,,1,2023-06-15T16:48:31+00:00
SAO_364A-10,São Paulo,3550308,True,,1246,,,-23.602894999999997,-46.510341499999996,,,,1,2023-06-15T16:48:17+00:00
SAO_364A-10,São Paulo,3550308,True,,1246,,,-23.5915825,-46.501698,,,,1,2023-06-15T16:48:15+00:00
SAO_364A-10,São Paulo,3550308,True,,1246,,,-23.5850175,-46.5895645,,,,1,2023-06-15T16:48:36+00:00
SAO_364A-10,São Paulo,3550308,True,,1246,,,-23.584756,-46.61188,,,,1,2023-06-15T16:48:31+00:00
SAO_364A-10,São Paulo,3550308,True,,1246,,,-23.5972805,-46.5328305,,,,1,2023-06-15T16:48:46+00:00
SAO_364A-10,São Paulo,3550308,True,,1246,,,-23.605445500000002,-46.508540749999995,,,,1,2023-06-15T16:48:44+00:00
SAO_364A-10,São Paulo,3550308,True,,1246,,,-23.5834495,-46.548140000000004,,,,1,2023-06-15T16:48:21+00:00
SAO_364A-10,São Paulo,3550308,True,,1246,,,-23.5912615,-46.501574,,,,1,2023-06-15T16:48:31+00:00
SAO_4010-10,São Paulo,3550308,True,,34951,,,-23.5520715,-46.46436,,,,2,2023-06-15T16:48:25+00:00
SAO_4010-10,São Paulo,3550308,True,,34951,,,-23.5834775,-46.494946,,,,2,2023-06-15T16:47:05+00:00
SAO_4010-10,São Paulo,3550308,True,,34951,,,-23.5520715,-46.46436,,,,2,2023-06-15T16:48:16+00:00
SAO_4010-10,São Paulo,3550308,True,,34951,,,-23.5520715,-46.46436,,,,2,2023-06-15T16:48:42+00:00
SAO_4010-10,São Paulo,3550308,True,,34951,,,-23.55797,-46.523029,,,,2,2023-06-15T16:48:25+00:00
SAO_4010-10,São Paulo,3550308,True,,34951,,,-23.5520715,-46.46436,,,,2,2023-06-15T16:48:37+00:00
SAO_6061-10,São Paulo,3550308,True,,33918,,,-23.7614455,-46.684177500000004,,,,2,2023-06-15T16:48:15+00:00
SAO_6061-10,São Paulo,3550308,True,,33918,,,-23.7822775,-46.681824,,,,2,2023-06-15T16:48:20+00:00
SAO_6061-10,São Paulo,3550308,True,,33918,,,-23.782453500000003,-46.682023,,,,2,2023-06-15T16:48:06+00:00
SAO_6061-10,São Paulo,3550308,True,,33918,,,-23.7822775,-46.681824,,,,2,2023-06-15T16:48:36+00:00
SAO_6061-10,São Paulo,3550308,True,,33918,,,-23.736856500000002,-46.695405,,,,2,2023-06-15T16:48:47+00:00
SAO_8055-51,São Paulo,3550308,True,,33185,,,-23.5262215,-46.6723845,,,,2,2023-06-15T16:48:23+00:00
SAO_8055-51,São Paulo,3550308,True,,33185,,,-23.408318,-46.7415825,,,,2,2023-06-15T16:48:35+00:00
SAO_8055-51,São Paulo,3550308,True,,33185,,,-23.41261,-46.739817,,,,2,2023-06-15T16:46:05+00:00
SAO_8055-51,São Paulo,3550308,True,,33185,,,-23.408178,-46.7411865,,,,2,2023-06-15T16:48:36+00:00
SAO_8055-51,São Paulo,3550308,True,,33185,,,-23.427262499999998,-46.787276750000004,,,,2,2023-06-15T16:48:18+00:00
SAO_3746-10,São Paulo,3550308,True,,33051,,,-23.57862425,-46.54116675,,,,2,2023-06-15T16:48:18+00:00
SAO_3746-10,São Paulo,3550308,True,,33051,,,-23.542912,-46.588283000000004,,,,2,2023-06-15T16:48:30+00:00
SAO_3746-10,São Paulo,3550308,True,,33051,,,-23.594532,-46.503149,,,,2,2023-06-15T16:48:45+00:00
SAO_3746-10,São Paulo,3550308,True,,33051,,,-23.5650975,-46.545512,,,,2,2023-06-15T16:48:32+00:00
SAO_3746-10,São Paulo,3550308,True,,33051,,,-23.594203999999998,-46.502838,,,,2,2023-06-15T16:48:39+00:00
SAO_3746-10,São Paulo,3550308,True,,33051,,,-23.542912,-46.588283000000004,,,,2,2023-06-15T16:48:19+00:00
SAO_3746-10,São Paulo,3550308,True,,33051,,,-23.593897249999998,-46.5027135,,,,2,2023-06-15T16:48:06+00:00
SAO_3746-10,São Paulo,3550308,True,,33051,,,-23.548297375,-46.58220025,,,,2,2023-06-15T16:48:15+00:00
SAO_3746-10,São Paulo,3550308,True,,33051,,,-23.594532,-46.503149,,,,2,2023-06-15T16:48:28+00:00
SAO_3746-10,São Paulo,3550308,True,,33051,,,-23.542912,-46.588283000000004,,,,2,2023-06-15T16:48:36+00:00
SAO_3746-10,São Paulo,3550308,True,,33051,,,-23.594412499999997,-46.5029525,,,,2,2023-06-15T16:48:38+00:00
SAO_3746-10,São Paulo,3550308,True,,33051,,,-23.584666499999997,-46.521203,,,,2,2023-06-15T16:48:06+00:00
SAO_5106-10,São Paulo,3550308,True,,34048,,,-23.687024,-46.6385275,,,,2,2023-06-15T16:48:09+00:00
SAO_5106-10,São Paulo,3550308,True,,34048,,,-23.580848500000002,-46.650059,,,,2,2023-06-15T16:48:39+00:00
SAO_5106-10,São Paulo,3550308,True,,34048,,,-23.588602,-46.6481255,,,,2,2023-06-15T16:44:34+00:00
SAO_5106-10,São Paulo,3550308,True,,34048,,,-23.6258665,-46.641028500000004,,,,2,2023-06-15T16:48:34+00:00
SAO_5106-10,São Paulo,3550308,True,,34048,,,-23.685167,-46.6538915,,,,2,2023-06-15T16:48:14+00:00
SAO_5106-10,São Paulo,3550308,True,,34048,,,-23.5504715,-46.635545,,,,2,2023-06-15T16:48:43+00:00
SAO_5106-10,São Paulo,3550308,True,,34048,,,-23.6848065,-46.653604,,,,2,2023-06-15T16:48:35+00:00
SAO_407A-10,São Paulo,3550308,True,,34962,,,-23.5633835,-46.501695,,,,2,2023-06-15T16:48:21+00:00
SAO_407A-10,São Paulo,3550308,True,,34962,,,-23.563099,-46.559885,,,,2,2023-06-15T16:48:34+00:00
SAO_407A-10,São Paulo,3550308,True,,34962,,,-23.540028,-46.6175645,,,,2,2023-06-15T16:48:21+00:00
SAO_407A-10,São Paulo,3550308,True,,34962,,,-23.5635905,-46.50201199999999,,,,2,2023-06-15T16:48:31+00:00
SAO_407A-10,São Paulo,3550308,True,,34962,,,-23.5442665,-46.593436,,,,2,2023-06-15T16:48:22+00:00
SAO_407A-10,São Paulo,3550308,True,,34962,,,-23.5847495,-46.522019,,,,2,2023-06-15T16:48:01+00:00
SAO_407A-10,São Paulo,3550308,True,,34962,,,-23.5637455,-46.502182000000005,,,,2,2023-06-15T16:48:39+00:00
SAO_4312-10,São Paulo,3550308,True,,34940,,,-23.570552125,-46.489686875,,,,2,2023-06-15T16:48:04+00:00
SAO_4312-10,São Paulo,3550308,True,,34940,,,-23.5522445,-46.622083,,,,2,2023-06-15T16:48:21+00:00
SAO_4312-10,São Paulo,3550308,True,,34940,,,-23.564358,-46.496731499999996,,,,2,2023-06-15T16:48:32+00:00
SAO_4312-10,São Paulo,3550308,True,,34940,,,-23.56001575,-46.49481175,,,,2,2023-06-15T16:48:25+00:00
SAO_4312-10,São Paulo,3550308,True,,34940,,,-23.538698,-46.565755,,,,2,2023-06-15T16:48:19+00:00
SAO_4312-10,São Paulo,3550308,True,,34940,,,-23.570552125,-46.489686875,,,,2,2023-06-15T16:48:38+00:00
SAO_4312-10,São Paulo,3550308,True,,34940,,,-23.570637374999997,-46.489951625,,,,2,2023-06-15T16:48:42+00:00
SAO_4312-10,São Paulo,3550308,True,,34940,,,-23.53237575,-46.521314125,,,,2,2023-06-15T16:46:31+00:00
SAO_4312-10,São Paulo,3550308,True,,34940,,,-23.570552125,-46.489686875,,,,2,2023-06-15T16:48:10+00:00
SAO_2727-10,São Paulo,3550308,True,,942,,,-23.522628,-46.4620075,,,,1,2023-06-15T16:48:20+00:00
SAO_2727-10,São Paulo,3550308,True,,942,,,-23.540153,-46.483096,,,,1,2023-06-15T16:48:19+00:00
SAO_2727-10,São Paulo,3550308,True,,942,,,-23.535884000000003,-46.467718000000005,,,,1,2023-06-15T16:48:46+00:00
SAO_2727-10,São Paulo,3550308,True,,942,,,-23.540153,-46.483096,,,,1,2023-06-15T16:48:10+00:00
SAO_2727-10,São Paulo,3550308,True,,942,,,-23.538740500000003,-46.480374,,,,1,2023-06-15T16:48:28+00:00
SAO_2727-10,São Paulo,3550308,True,,942,,,-23.5364445,-46.469063,,,,1,2023-06-15T16:48:23+00:00
SAO_8544-10,São Paulo,3550308,True,EMTU,430,https://moovitapp.com/index/pt-br/transporte_p%C3%BAblico-line-430-Sao_Paulo-242-2038937-36584270-0,5.2,-23.457569499999998,-46.7192765,,,,1,2023-06-15T16:48:32+00:00
SAO_8544-10,São Paulo,3550308,True,EMTU,430,https://moovitapp.com/index/pt-br/transporte_p%C3%BAblico-line-430-Sao_Paulo-242-2038937-36584270-0,5.2,-23.5410605,-46.6391275,,,,1,2023-06-15T16:48:12+00:00
SAO_2552-10,São Paulo,3550308,True,,32910,,,-23.489174499999997,-46.420949500000006,,,,2,2023-06-15T16:48:35+00:00
SAO_2552-10,São Paulo,3550308,True,,32910,,,-23.49227825,-46.4479485,,,,2,2023-06-15T16:48:19+00:00
SAO_2552-10,São Paulo,3550308,True,,32910,,,-23.5107225,-46.503327,,,,2,2023-06-15T16:48:07+00:00
SAO_2552-10,São Paulo,3550308,True,,32910,,,-23.507822,-46.491599,,,,2,2023-06-15T16:48:19+00:00
SAO_2552-10,São Paulo,3550308,True,,32910,,,-23.490417,-46.41954,,,,2,2023-06-15T16:48:35+00:00
SAO_2552-10,São Paulo,3550308,True,,32910,,,-23.546586249999997,-46.623060499999994,,,,2,2023-06-15T16:46:03+00:00
SAO_2552-10,São Paulo,3550308,True,,32910,,,-23.5120485,-46.5011855,,,,2,2023-06-15T16:45:06+00:00
SAO_2552-10,São Paulo,3550308,True,,32910,,,-23.523171750000003,-46.544194250000004,,,,2,2023-06-15T16:45:13+00:00
SAO_2552-10,São Paulo,3550308,True,,32910,,,-23.53567325,-46.5733845,,,,2,2023-06-15T16:48:28+00:00
SAO_2552-10,São Paulo,3550308,True,,32910,,,-23.4976665,-46.454432999999995,,,,2,2023-06-15T16:48:17+00:00
SAO_819A-10,São Paulo,3550308,True,,33571,,,-23.4425135,-46.735012,,,,2,2023-06-15T16:47:59+00:00
SAO_819A-10,São Paulo,3550308,True,,33571,,,-23.439128,-46.731417,,,,2,2023-06-15T16:48:19+00:00
SAO_819A-10,São Paulo,3550308,True,,33571,,,-23.4386675,-46.748738,,,,2,2023-06-15T16:48:27+00:00
SAO_819A-10,São Paulo,3550308,True,,33571,,,-23.455841,-46.692636,,,,2,2023-06-15T16:48:22+00:00
SAO_819A-10,São Paulo,3550308,True,,33571,,,-23.4335065,-46.7275705,,,,2,2023-06-15T16:48:01+00:00
SAO_819A-10,São Paulo,3550308,True,,33571,,,-23.483009250000002,-46.673553,,,,2,2023-06-15T16:48:41+00:00
SAO_819A-10,São Paulo,3550308,True,,33571,,,-23.4350455,-46.7180285,,,,2,2023-06-15T16:48:43+00:00
SAO_819A-10,São Paulo,3550308,True,,33571,,,-23.4757485,-46.66410075,,,,2,2023-06-15T16:48:27+00:00
SAO_819A-10,São Paulo,3550308,True,,33571,,,-23.4655835,-46.6794295,,,,2,2023-06-15T16:48:27+00:00
SAO_819A-10,São Paulo,3550308,True,,33571,,,-23.4473715,-46.745967500000006,,,,2,2023-06-15T16:48:31+00:00
SAO_372U-10,São Paulo,3550308,True,,1016,,,-23.541038999999998,-46.576837,,,,1,2023-06-15T16:48:40+00:00
SAO_372U-10,São Paulo,3550308,True,,1016,,,-23.557366000000002,-46.54015125,,,,1,2023-06-15T16:48:09+00:00
SAO_372U-10,São Paulo,3550308,True,,1016,,,-23.5534685,-46.568580999999995,,,,1,2023-06-15T16:48:41+00:00
SAO_372U-10,São Paulo,3550308,True,,1016,,,-23.562294,-46.556946999999994,,,,1,2023-06-15T16:48:45+00:00
SAO_372U-10,São Paulo,3550308,True,,1016,,,-23.5564715,-46.537433,,,,1,2023-06-15T16:48:13+00:00
SAO_372U-10,São Paulo,3550308,True,,1016,,,-23.5671095,-46.540324999999996,,,,1,2023-06-15T16:48:21+00:00
SAO_372U-10,São Paulo,3550308,True,,1016,,,-23.557494,-46.54053775,,,,1,2023-06-15T16:48:10+00:00
SAO_372U-10,São Paulo,3550308,True,,1016,,,-23.548503125,-46.57197775,,,,1,2023-06-15T16:48:26+00:00
SAO_372U-10,São Paulo,3550308,True,,1016,,,-23.5564715,-46.537433,,,,1,2023-06-15T16:48:42+00:00
SAO_372U-10,São Paulo,3550308,True,,1016,,,-23.552916500000002,-46.544529374999996,,,,1,2023-06-15T16:48:15+00:00
SAO_2766-10,São Paulo,3550308,True,EMTU,405,https://moovitapp.com/index/pt-br/transporte_p%C3%BAblico-line-405-Sao_Paulo-242-2038937-36419467-0,5.35,-23.510387,-46.3946105,,,,1,2023-06-15T16:47:55+00:00
SAO_2766-10,São Paulo,3550308,True,EMTU,405,https://moovitapp.com/index/pt-br/transporte_p%C3%BAblico-line-405-Sao_Paulo-242-2038937-36419467-0,5.35,-23.495561000000002,-46.403802999999996,,,,1,2023-06-15T16:48:26+00:00
SAO_2766-10,São Paulo,3550308,True,EMTU,405,https://moovitapp.com/index/pt-br/transporte_p%C3%BAblico-line-405-Sao_Paulo-242-2038937-36419467-0,5.35,-23.542588000000002,-46.46839,,,,1,2023-06-15T16:47:02+00:00
SAO_2766-10,São Paulo,3550308,True,EMTU,405,https://moovitapp.com/index/pt-br/transporte_p%C3%BAblico-line-405-Sao_Paulo-242-2038937-36419467-0,5.35,-23.541739,-46.460035000000005,,,,1,2023-06-15T16:47:56+00:00
SAO_2766-10,São Paulo,3550308,True,EMTU,405,https://moovitapp.com/index/pt-br/transporte_p%C3%BAblico-line-405-Sao_Paulo-242-2038937-36419467-0,5.35,-23.494658,-46.426776000000004,,,,1,2023-06-15T16:48:23+00:00
SAO_2766-10,São Paulo,3550308,True,EMTU,405,https://moovitapp.com/index/pt-br/transporte_p%C3%BAblico-line-405-Sao_Paulo-242-2038937-36419467-0,5.35,-23.495133,-46.44280775,,,,1,2023-06-15T16:48:05+00:00
SAO_675N-10,São Paulo,3550308,True,EMTU,362,https://moovitapp.com/index/pt-br/transporte_p%C3%BAblico-line-362-Sao_Paulo-242-2038937-36419443-0,6.25,-23.654375,-46.714551,,,,1,2023-06-15T16:48:36+00:00
SAO_675N-10,São Paulo,3550308,True,EMTU,362,https://moovitapp.com/index/pt-br/transporte_p%C3%BAblico-line-362-Sao_Paulo-242-2038937-36419443-0,6.25,-23.581808000000002,-46.638332500000004,,,,1,2023-06-15T16:48:29+00:00
SAO_675N-10,São Paulo,3550308,True,EMTU,362,https://moovitapp.com/index/pt-br/transporte_p%C3%BAblico-line-362-Sao_Paulo-242-2038937-36419443-0,6.25,-23.599034,-46.690704,,,,1,2023-06-15T16:48:17+00:00
SAO_675N-10,São Paulo,3550308,True,EMTU,362,https://moovitapp.com/index/pt-br/transporte_p%C3%BAblico-line-362-Sao_Paulo-242-2038937-36419443-0,6.25,-23.58306075,-46.64100275,,,,1,2023-06-15T16:48:24+00:00
SAO_675N-10,São Paulo,3550308,True,EMTU,362,https://moovitapp.com/index/pt-br/transporte_p%C3%BAblico-line-362-Sao_Paulo-242-2038937-36419443-0,6.25,-23.624075249999997,-46.699931250000006,,,,1,2023-06-15T16:48:40+00:00
SAO_675N-10,São Paulo,3550308,True,EMTU,362,https://moovitapp.com/index/pt-br/transporte_p%C3%BAblico-line-362-Sao_Paulo-242-2038937-36419443-0,6.25,-23.5819905,-46.6382075,,,,1,2023-06-15T16:48:23+00:00
SAO_675N-10,São Paulo,3550308,True,EMTU,362,https://moovitapp.com/index/pt-br/transporte_p%C3%BAblico-line-362-Sao_Paulo-242-2038937-36419443-0,6.25,-23.585711000000003,-46.64676287500001,,,,1,2023-06-15T16:48:33+00:00
SAO_675N-10,São Paulo,3550308,True,EMTU,362,https://moovitapp.com/index/pt-br/transporte_p%C3%BAblico-line-362-Sao_Paulo-242-2038937-36419443-0,6.25,-23.654262,-46.713696,,,,1,2023-06-15T16:48:20+00:00
SAO_675N-10,São Paulo,3550308,True,EMTU,362,https://moovitapp.com/index/pt-br/transporte_p%C3%BAblico-line-362-Sao_Paulo-242-2038937-36419443-0,6.25,-23.599425500000002,-46.682658249999996,,,,1,2023-06-15T16:48:32+00:00
SAO_675N-10,São Paulo,3550308,True,EMTU,362,https://moovitapp.com/index/pt-br/transporte_p%C3%BAblico-line-362-Sao_Paulo-242-2038937-36419443-0,6.25,-23.601248999999996,-46.659907625,,,,1,2023-06-15T16:48:27+00:00
SAO_675N-10,São Paulo,3550308,True,EMTU,362,https://moovitapp.com/index/pt-br/transporte_p%C3%BAblico-line-362-Sao_Paulo-242-2038937-36419443-0,6.25,-23.653958125,-46.712061750000004,,,,1,2023-06-15T16:48:13+00:00
SAO_2175-10,São Paulo,3550308,True,,697,,,-23.507803000000003,-46.5784575,,,,1,2023-06-15T16:48:17+00:00
SAO_2175-10,São Paulo,3550308,True,,697,,,-23.47535475,-46.56941225,,,,1,2023-06-15T16:48:04+00:00
SAO_2175-10,São Paulo,3550308,True,,697,,,-23.540104,-46.611777249999996,,,,1,2023-06-15T16:46:51+00:00
SAO_576M-10,São Paulo,3550308,True,,33372,,,-23.636047,-46.641386,,,,2,2023-06-15T16:48:38+00:00
SAO_576M-10,São Paulo,3550308,True,,33372,,,-23.6776715,-46.640977,,,,2,2023-06-15T16:48:21+00:00
SAO_576M-10,São Paulo,3550308,True,,33372,,,-23.6394745,-46.641374500000005,,,,2,2023-06-15T16:48:07+00:00
SAO_576M-10,São Paulo,3550308,True,,33372,,,-23.591190875000002,-46.681316687499994,,,,2,2023-06-15T16:48:18+00:00
SAO_576M-10,São Paulo,3550308,True,,33372,,,-23.6778645,-46.6408745,,,,2,2023-06-15T16:48:30+00:00
SAO_576M-10,São Paulo,3550308,True,,33372,,,-23.597656,-46.66574,,,,2,2023-06-15T16:48:16+00:00
SAO_576M-10,São Paulo,3550308,True,,33372,,,-23.6774965,-46.6406015,,,,2,2023-06-15T16:48:01+00:00
SAO_576M-10,São Paulo,3550308,True,,33372,,,-23.565585,-46.693946499999996,,,,2,2023-06-15T16:48:34+00:00
SAO_576M-10,São Paulo,3550308,True,,33372,,,-23.5809395,-46.684903250000005,,,,2,2023-06-15T16:48:14+00:00
SAO_8677-10,São Paulo,3550308,True,,33211,,,-23.500547,-46.746512499999994,,,,2,2023-06-15T16:48:24+00:00
SAO_8677-10,São Paulo,3550308,True,,33211,,,-23.539440749999997,-46.645388249999996,,,,2,2023-06-15T16:48:43+00:00
SAO_8677-10,São Paulo,3550308,True,,33211,,,-23.487239000000002,-46.7323545,,,,2,2023-06-15T16:48:18+00:00
SAO_8677-10,São Paulo,3550308,True,,33211,,,-23.520303499999997,-46.7110705,,,,2,2023-06-15T16:48:16+00:00
SAO_8677-10,São Paulo,3550308,True,,33211,,,-23.487158,-46.732116000000005,,,,2,2023-06-15T16:48:29+00:00
SAO_8677-10,São Paulo,3550308,True,,33211,,,-23.484515000000002,-46.741506,,,,2,2023-06-15T16:48:43+00:00
SAO_8677-10,São Paulo,3550308,True,,33211,,,-23.487239000000002,-46.7323545,,,,2,2023-06-15T16:48:17+00:00
SAO_6078-10,São Paulo,3550308,True,,33934,,,-23.69553325,-46.699886375,,,,2,2023-06-15T16:48:45+00:00
SAO_6078-10,São Paulo,3550308,True,,33934,,,-23.668135,-46.678428874999994,,,,2,2023-06-15T16:48:10+00:00
SAO_6078-10,São Paulo,3550308,True,,33934,,,-23.738467,-46.6919475,,,,2,2023-06-15T16:48:36+00:00
SAO_6078-10,São Paulo,3550308,True,,33934,,,-23.741188,-46.6605715,,,,2,2023-06-15T16:48:42+00:00
SAO_6078-10,São Paulo,3550308,True,,33934,,,-23.68196475,-46.689499,,,,2,2023-06-15T16:48:15+00:00
SAO_6078-10,São Paulo,3550308,True,,33934,,,-23.744211749999998,-46.664820750000004,,,,2,2023-06-15T16:48:41+00:00
SAO_6078-10,São Paulo,3550308,True,,33934,,,-23.745142125,-46.66444825000001,,,,2,2023-06-15T16:48:41+00:00
SAO_6078-10,São Paulo,3550308,True,,33934,,,-23.741188,-46.6605715,,,,2,2023-06-15T16:48:16+00:00
SAO_6078-10,São Paulo,3550308,True,,33934,,,-23.733311999999998,-46.697734,,,,2,2023-06-15T16:48:18+00:00
SAO_6078-10,São Paulo,3550308,True,,33934,,,-23.7414065,-46.6603845,,,,2,2023-06-15T16:48:39+00:00
SAO_6078-10,São Paulo,3550308,True,,33934,,,-23.752941999999997,-46.684159,,,,2,2023-06-15T16:48:22+00:00
SAO_2708-10,São Paulo,3550308,True,,33689,,,-23.533179124999997,-46.40071425,,,,2,2023-06-15T16:48:07+00:00
SAO_2708-10,São Paulo,3550308,True,,33689,,,-23.5243805,-46.419204,,,,2,2023-06-15T16:48:10+00:00
SAO_2708-10,São Paulo,3550308,True,,33689,,,-23.52332825,-46.430065,,,,2,2023-06-15T16:48:41+00:00
SAO_2708-10,São Paulo,3550308,True,,33689,,,-23.524955249999998,-46.4188215,,,,2,2023-06-15T16:46:11+00:00
SAO_2708-10,São Paulo,3550308,True,,33689,,,-23.5264505,-46.4105955,,,,2,2023-06-15T16:47:07+00:00
SAO_2708-10,São Paulo,3550308,True,,33689,,,-23.533179124999997,-46.40071425,,,,2,2023-06-15T16:48:20+00:00
SAO_2708-10,São Paulo,3550308,True,,33689,,,-23.53511775,-46.45098325,,,,2,2023-06-15T16:48:15+00:00
SAO_2080-10,São Paulo,3550308,False,,33139,,,-23.4980715,-46.45881025,,,,2,2023-06-15T16:48:12+00:00
SAO_2080-10,São Paulo,3550308,True,,33139,,,-23.493502749999998,-46.4426755,,,,2,2023-06-15T16:48:07+00:00
SAO_2080-10,São Paulo,3550308,True,,33139,,,-23.510135124999998,-46.366632749999994,,,,2,2023-06-15T16:48:19+00:00
SAO_2080-10,São Paulo,3550308,True,,33139,,,-23.5025835,-46.4712955,,,,2,2023-06-15T16:48:27+00:00
SAO_2080-10,São Paulo,3550308,True,,33139,,,-23.502467250000002,-46.367086125,,,,2,2023-06-15T16:48:28+00:00
SAO_2080-10,São Paulo,3550308,True,,33139,,,-23.510135124999998,-46.366632749999994,,,,2,2023-06-15T16:48:20+00:00
SAO_2080-10,São Paulo,3550308,True,,33139,,,-23.5142545,-46.521528,,,,2,2023-06-15T16:48:11+00:00
SAO_2080-10,São Paulo,3550308,True,,33139,,,-23.510135124999998,-46.366632749999994,,,,2,2023-06-15T16:48:36+00:00
SAO_2080-10,São Paulo,3550308,True,,33139,,,-23.528928999999998,-46.554282,,,,2,2023-06-15T16:48:41+00:00
SAO_4092-10,São Paulo,3550308,True,,34644,,,-23.584162499999998,-46.4209095,,,,2,2023-06-15T16:48:10+00:00
SAO_4092-10,São Paulo,3550308,True,,34644,,,-23.582943,-46.408454,,,,2,2023-06-15T16:48:31+00:00
SAO_8022-10,São Paulo,3550308,True,,34853,,,-23.571965,-46.708397500000004,,,,2,2023-06-15T16:48:39+00:00
SAO_8022-10,São Paulo,3550308,True,,34853,,,-23.566850000000002,-46.7378965,,,,2,2023-06-15T16:48:24+00:00
SAO_1177-10,São Paulo,3550308,True,,129,,,-23.512839,-46.5160465,,,,1,2023-06-15T16:48:38+00:00
SAO_1177-10,São Paulo,3550308,True,,129,,,-23.518318999999998,-46.4758545,,,,1,2023-06-15T16:48:35+00:00
SAO_1177-10,São Paulo,3550308,True,,129,,,-23.5181525,-46.6296665,,,,1,2023-06-15T16:46:14+00:00
SAO_1177-10,São Paulo,3550308,True,,129,,,-23.526388000000004,-46.59639425,,,,1,2023-06-15T16:48:40+00:00
SAO_1177-10,São Paulo,3550308,True,,129,,,-23.5184865,-46.624072749999996,,,,1,2023-06-15T16:48:28+00:00
SAO_1177-10,São Paulo,3550308,True,,129,,,-23.522807,-46.535904,,,,1,2023-06-15T16:45:53+00:00
SAO_675M-10,São Paulo,3550308,True,ETT,108,https://moovitapp.com/index/pt-br/transporte_p%C3%BAblico-line-108-Sao_Paulo-242-876373-496510-0,5.3,-23.705433,-46.6875615,,,,1,2023-06-15T16:48:45+00:00
SAO_675M-10,São Paulo,3550308,True,ETT,108,https://moovitapp.com/index/pt-br/transporte_p%C3%BAblico-line-108-Sao_Paulo-242-876373-496510-0,5.3,-23.65493875,-46.668006000000005,,,,1,2023-06-15T16:48:40+00:00
SAO_6450-10,São Paulo,3550308,True,,32827,,,-23.634339500000003,-46.694065249999994,,,,2,2023-06-15T16:48:47+00:00
SAO_6450-10,São Paulo,3550308,True,,32827,,,-23.645891,-46.7467405,,,,2,2023-06-15T16:48:47+00:00
SAO_6450-10,São Paulo,3550308,True,,32827,,,-23.5917955,-46.672745500000005,,,,2,2023-06-15T16:48:46+00:00
SAO_6450-10,São Paulo,3550308,True,,32827,,,-23.5571345,-46.652032,,,,2,2023-06-15T16:48:21+00:00
SAO_6450-10,São Paulo,3550308,True,,32827,,,-23.6545125,-46.761236499999995,,,,2,2023-06-15T16:48:06+00:00
SAO_6450-10,São Paulo,3550308,True,,32827,,,-23.64842525,-46.749457,,,,2,2023-06-15T16:48:35+00:00
SAO_6450-10,São Paulo,3550308,True,,32827,,,-23.64481825,-46.71861725,,,,2,2023-06-15T16:48:44+00:00
SAO_6450-10,São Paulo,3550308,True,,32827,,,-23.640258749999997,-46.698336000000005,,,,2,2023-06-15T16:48:47+00:00
SAO_6450-10,São Paulo,3550308,True,,32827,,,-23.603011875,-46.674597750000004,,,,2,2023-06-15T16:48:36+00:00
SAO_2127-10,São Paulo,3550308,True,,693,,,-23.48864725,-46.56920275,,,,1,2023-06-15T16:47:07+00:00
SAO_2127-10,São Paulo,3550308,True,,693,,,-23.55568575,-46.634229000000005,,,,1,2023-06-15T16:48:13+00:00
SAO_2127-10,São Paulo,3550308,True,,693,,,-23.516527,-46.609002,,,,1,2023-06-15T16:48:13+00:00
SAO_2127-10,São Paulo,3550308,True,,693,,,-23.534820250000003,-46.61894025,,,,1,2023-06-15T16:48:04+00:00
SAO_978J-10,São Paulo,3550308,True,EMTU,591,https://moovitapp.com/index/pt-br/transporte_p%C3%BAblico-line-591-Sao_Paulo-242-2038937-36419577-0,5.4,-23.4792245,-46.7200605,,,,1,2023-06-15T16:48:42+00:00
SAO_978J-10,São Paulo,3550308,True,EMTU,591,https://moovitapp.com/index/pt-br/transporte_p%C3%BAblico-line-591-Sao_Paulo-242-2038937-36419577-0,5.4,-23.5325365,-46.657965250000004,,,,1,2023-06-15T16:48:00+00:00
SAO_978J-10,São Paulo,3550308,True,EMTU,591,https://moovitapp.com/index/pt-br/transporte_p%C3%BAblico-line-591-Sao_Paulo-242-2038937-36419577-0,5.4,-23.447063999999997,-46.731735,,,,1,2023-06-15T16:48:18+00:00
SAO_4020-10,São Paulo,3550308,True,,2530,,,-23.56348125,-46.446311249999994,,,,1,2023-06-15T16:47:00+00:00
SAO_4020-10,São Paulo,3550308,True,,2530,,,-23.55550125,-46.445823000000004,,,,1,2023-06-15T16:48:29+00:00
SAO_4020-10,São Paulo,3550308,True,,2530,,,-23.5913255,-46.4439635,,,,1,2023-06-15T16:48:13+00:00
SAO_5011-10,São Paulo,3550308,True,,33883,,,-23.7124765,-46.636059,,,,2,2023-06-15T16:48:02+00:00
SAO_5011-10,São Paulo,3550308,True,,33883,,,-23.7174385,-46.6247465,,,,2,2023-06-15T16:48:07+00:00
SAO_5011-10,São Paulo,3550308,True,,33883,,,-23.6738765,-46.68629525,,,,2,2023-06-15T16:48:34+00:00
SAO_5011-10,São Paulo,3550308,True,,33883,,,-23.7102955,-46.6205395,,,,2,2023-06-15T16:48:31+00:00
SAO_5011-10,São Paulo,3550308,True,,33883,,,-23.7103285,-46.62034,,,,2,2023-06-15T16:45:15+00:00
SAO_5011-10,São Paulo,3550308,True,,33883,,,-23.6959,-46.676129,,,,2,2023-06-15T16:48:11+00:00
SAO_5011-10,São Paulo,3550308,True,,33883,,,-23.710393,-46.62002425,,,,2,2023-06-15T16:48:11+00:00
SAO_6030-10,São Paulo,3550308,True,,1142,,,-23.653906999999997,-46.710535500000006,,,,1,2023-06-15T16:48:02+00:00
SAO_6030-10,São Paulo,3550308,True,,1142,,,-23.68967675,-46.69756825,,,,1,2023-06-15T16:48:36+00:00
SAO_6030-10,São Paulo,3550308,True,,1142,,,-23.71896675,-46.7034835,,,,1,2023-06-15T16:48:37+00:00
SAO_6030-10,São Paulo,3550308,True,,1142,,,-23.741073,-46.707885000000005,,,,1,2023-06-15T16:48:08+00:00
SAO_6030-10,São Paulo,3550308,True,,1142,,,-23.675054000000003,-46.699395,,,,1,2023-06-15T16:48:34+00:00
SAO_6030-10,São Paulo,3550308,True,,1142,,,-23.741073,-46.707885000000005,,,,1,2023-06-15T16:48:12+00:00
SAO_6030-10,São Paulo,3550308,True,,1142,,,-23.731331,-46.70730075,,,,1,2023-06-15T16:48:15+00:00
SAO_6030-10,São Paulo,3550308,True,,1142,,,-23.741073,-46.707885000000005,,,,1,2023-06-15T16:48:14+00:00
SAO_6030-10,São Paulo,3550308,True,,1142,,,-23.741073,-46.707885000000005,,,,1,2023-06-15T16:48:47+00:00
SAO_2451-10,São Paulo,3550308,True,EMTU,213,https://moovitapp.com/index/pt-br/transporte_p%C3%BAblico-line-213-Sao_Paulo-242-2038937-36419335-0,6.7,-23.528461999999998,-46.5545695,,,,1,2023-06-15T16:48:33+00:00
SAO_2451-10,São Paulo,3550308,True,EMTU,213,https://moovitapp.com/index/pt-br/transporte_p%C3%BAblico-line-213-Sao_Paulo-242-2038937-36419335-0,6.7,-23.516976999999997,-46.489253000000005,,,,1,2023-06-15T16:48:30+00:00
SAO_3006-10,São Paulo,3550308,True,,34633,,,-23.547792,-46.390069,,,,2,2023-06-15T16:48:24+00:00
SAO_3006-10,São Paulo,3550308,True,,34633,,,-23.542018,-46.415611,,,,2,2023-06-15T16:48:12+00:00
SAO_3006-10,São Paulo,3550308,True,,34633,,,-23.5476935,-46.390091,,,,2,2023-06-15T16:48:28+00:00
SAO_3006-10,São Paulo,3550308,True,,34633,,,-23.5476025,-46.3901545,,,,2,2023-06-15T16:47:15+00:00
SAO_3006-10,São Paulo,3550308,True,,34633,,,-23.5476935,-46.390091,,,,2,2023-06-15T16:48:10+00:00
SAO_3006-10,São Paulo,3550308,True,,34633,,,-23.547792,-46.390069,,,,2,2023-06-15T16:48:17+00:00
SAO_3006-10,São Paulo,3550308,True,,34633,,,-23.5476025,-46.3901545,,,,2,2023-06-15T16:48:13+00:00
SAO_3006-10,São Paulo,3550308,True,,34633,,,-23.548099999999998,-46.389815,,,,2,2023-06-15T16:48:39+00:00
SAO_607M-10,São Paulo,3550308,True,,2036,,,-23.6703155,-46.711173,,,,1,2023-06-15T16:45:24+00:00
SAO_607M-10,São Paulo,3550308,True,,2036,,,-23.736072999999998,-46.6964605,,,,1,2023-06-15T16:48:32+00:00
SAO_5300-10,São Paulo,3550308,True,,33122,,,-23.549877000000002,-46.631001999999995,,,,2,2023-06-15T16:48:44+00:00
SAO_5300-10,São Paulo,3550308,True,,33122,,,-23.581709500000002,-46.65070675,,,,2,2023-06-15T16:48:43+00:00
SAO_5300-10,São Paulo,3550308,True,,33122,,,-23.625414499999998,-46.682889,,,,2,2023-06-15T16:48:39+00:00
SAO_5300-10,São Paulo,3550308,True,,33122,,,-23.654038,-46.708869500000006,,,,2,2023-06-15T16:48:25+00:00
SAO_5300-10,São Paulo,3550308,True,,33122,,,-23.547731,-46.6300275,,,,2,2023-06-15T16:48:26+00:00
SAO_5300-10,São Paulo,3550308,True,,33122,,,-23.618810875,-46.676598875,,,,2,2023-06-15T16:48:24+00:00
SAO_5300-10,São Paulo,3550308,True,,33122,,,-23.609473125,-46.667825625,,,,2,2023-06-15T16:48:28+00:00
SAO_5300-10,São Paulo,3550308,True,,33122,,,-23.643996,-46.7012325,,,,2,2023-06-15T16:48:35+00:00
SAO_5300-10,São Paulo,3550308,True,,33122,,,-23.5525745,-46.6368265,,,,2,2023-06-15T16:48:33+00:00
SAO_675X-10,São Paulo,3550308,True,,32879,,,-23.612731000000004,-46.67087775,,,,2,2023-06-15T16:48:15+00:00
SAO_675X-10,São Paulo,3550308,True,,32879,,,-23.6886315,-46.701716,,,,2,2023-06-15T16:48:41+00:00
SAO_675X-10,São Paulo,3550308,True,,32879,,,-23.705848500000002,-46.701331,,,,2,2023-06-15T16:48:07+00:00
SAO_675X-10,São Paulo,3550308,True,,32879,,,-23.643697500000002,-46.700987999999995,,,,2,2023-06-15T16:48:30+00:00
SAO_2765-10,São Paulo,3550308,True,,32913,,,-23.5040895,-46.5037155,,,,2,2023-06-15T16:48:30+00:00
SAO_2765-10,São Paulo,3550308,True,,32913,,,-23.5066925,-46.532425,,,,2,2023-06-15T16:48:04+00:00
SAO_2765-10,São Paulo,3550308,True,,32913,,,-23.492696000000002,-46.49576325,,,,2,2023-06-15T16:48:10+00:00
SAO_2765-10,São Paulo,3550308,True,,32913,,,-23.49302575,-46.493033749999995,,,,2,2023-06-15T16:48:21+00:00
SAO_2765-10,São Paulo,3550308,True,,32913,,,-23.49302575,-46.493033749999995,,,,2,2023-06-15T16:48:05+00:00
SAO_2765-10,São Paulo,3550308,True,,32913,,,-23.492718500000002,-46.494104750000005,,,,2,2023-06-15T16:48:30+00:00
SAO_2765-10,São Paulo,3550308,True,,32913,,,-23.492718500000002,-46.494104750000005,,,,2,2023-06-15T16:48:44+00:00
SAO_2765-10,São Paulo,3550308,True,,32913,,,-23.495687,-46.49704,,,,2,2023-06-15T16:47:55+00:00
SAO_2765-10,São Paulo,3550308,True,,32913,,,-23.5321845,-46.561195,,,,2,2023-06-15T16:48:46+00:00
SAO_2765-10,São Paulo,3550308,True,,32913,,,-23.493296,-46.4930645,,,,2,2023-06-15T16:48:28+00:00
SAO_2765-10,São Paulo,3550308,True,,32913,,,-23.5221235,-46.547053500000004,,,,2,2023-06-15T16:48:23+00:00
SAO_2765-10,São Paulo,3550308,True,,32913,,,-23.492723249999997,-46.49299925,,,,2,2023-06-15T16:48:23+00:00
SAO_6013-10,São Paulo,3550308,True,,186,,,-23.655067000000003,-46.716173125,,,,1,2023-06-15T16:48:31+00:00
SAO_6013-10,São Paulo,3550308,True,,186,,,-23.6994115,-46.76877325,,,,1,2023-06-15T16:48:19+00:00
SAO_6013-10,São Paulo,3550308,True,,186,,,-23.6994115,-46.76877325,,,,1,2023-06-15T16:48:07+00:00
SAO_6013-10,São Paulo,3550308,True,,186,,,-23.697376,-46.774081499999994,,,,1,2023-06-15T16:48:02+00:00
SAO_6013-10,São Paulo,3550308,True,,186,,,-23.65128,-46.718128,,,,1,2023-06-15T16:48:46+00:00
SAO_7004-10,São Paulo,3550308,True,,34760,,,-23.655639,-46.722901,,,,2,2023-06-15T16:48:08+00:00
SAO_7004-10,São Paulo,3550308,True,,34760,,,-23.742814499999998,-46.80108325,,,,2,2023-06-15T16:48:17+00:00
SAO_7004-10,São Paulo,3550308,True,,34760,,,-23.680833749999998,-46.734853,,,,2,2023-06-15T16:48:27+00:00
SAO_7004-10,São Paulo,3550308,True,,34760,,,-23.685398,-46.748864,,,,2,2023-06-15T16:45:03+00:00
SAO_7004-10,São Paulo,3550308,True,,34760,,,-23.741992,-46.8006415,,,,2,2023-06-15T16:48:07+00:00
SAO_7004-10,São Paulo,3550308,True,,34760,,,-23.7455335,-46.792955,,,,2,2023-06-15T16:48:27+00:00
SAO_7004-10,São Paulo,3550308,True,,34760,,,-23.741992,-46.8006415,,,,2,2023-06-15T16:48:11+00:00
SAO_7004-10,São Paulo,3550308,True,,34760,,,-23.741885,-46.8007335,,,,2,2023-06-15T16:48:33+00:00
SAO_7004-10,São Paulo,3550308,True,,34760,,,-23.71163975,-46.782505,,,,2,2023-06-15T16:48:43+00:00
SAO_7004-10,São Paulo,3550308,True,,34760,,,-23.7441505,-46.801004,,,,2,2023-06-15T16:48:16+00:00
SAO_8073-10,São Paulo,3550308,True,,34849,,,-23.5983925,-46.7662695,,,,2,2023-06-15T16:48:23+00:00
SAO_8073-10,São Paulo,3550308,True,,34849,,,-23.597738,-46.7657315,,,,2,2023-06-15T16:48:43+00:00
SAO_8073-10,São Paulo,3550308,True,,34849,,,-23.597738,-46.7657315,,,,2,2023-06-15T16:48:06+00:00
SAO_8073-10,São Paulo,3550308,True,,34849,,,-23.5879865,-46.758959000000004,,,,2,2023-06-15T16:48:06+00:00
SAO_8009-10,São Paulo,3550308,True,,34027,,,-23.434297,-46.751111,,,,2,2023-06-15T16:48:31+00:00
SAO_8009-10,São Paulo,3550308,True,,34027,,,-23.4861075,-46.726333499999996,,,,2,2023-06-15T16:48:30+00:00
SAO_3098-10,São Paulo,3550308,True,,33846,,,-23.617535,-46.4685755,,,,2,2023-06-15T16:48:20+00:00
SAO_3098-10,São Paulo,3550308,True,,33846,,,-23.631781750000002,-46.45626,,,,2,2023-06-15T16:48:07+00:00
SAO_3098-10,São Paulo,3550308,True,,33846,,,-23.63146325,-46.456264,,,,2,2023-06-15T16:48:20+00:00
SAO_3098-10,São Paulo,3550308,True,,33846,,,-23.63146325,-46.456264,,,,2,2023-06-15T16:48:21+00:00
SAO_3098-10,São Paulo,3550308,True,,33846,,,-23.591530437499998,-46.489197312499996,,,,2,2023-06-15T16:48:30+00:00
SAO_3098-10,São Paulo,3550308,True,,33846,,,-23.608555,-46.477866999999996,,,,2,2023-06-15T16:48:44+00:00
SAO_3098-10,São Paulo,3550308,True,,33846,,,-23.5761295,-46.502480500000004,,,,2,2023-06-15T16:48:40+00:00
SAO_3098-10,São Paulo,3550308,True,,33846,,,-23.631189125,-46.456265375,,,,2,2023-06-15T16:48:13+00:00
SAO_3098-10,São Paulo,3550308,True,,33846,,,-23.631781750000002,-46.45626,,,,2,2023-06-15T16:48:11+00:00
SAO_4024-10,São Paulo,3550308,True,,2158,,,-23.5659255,-46.419135999999995,,,,1,2023-06-15T16:48:35+00:00
SAO_4024-10,São Paulo,3550308,True,,2158,,,-23.555115999999998,-46.431979,,,,1,2023-06-15T16:23:02+00:00
SAO_4024-10,São Paulo,3550308,True,,2158,,,-23.566142499999998,-46.424344500000004,,,,1,2023-06-15T16:48:24+00:00
SAO_4024-10,São Paulo,3550308,True,,2158,,,-23.534766,-46.4536175,,,,1,2023-06-15T16:48:42+00:00
SAO_607C-10,São Paulo,3550308,True,,1977,,,-23.6885725,-46.634809000000004,,,,1,2023-06-15T16:48:43+00:00
SAO_607C-10,São Paulo,3550308,True,,1977,,,-23.6814415,-46.6377235,,,,1,2023-06-15T16:48:04+00:00
SAO_607C-10,São Paulo,3550308,True,,1977,,,-23.653472,-46.668495,,,,1,2023-06-15T16:48:15+00:00
SAO_607C-10,São Paulo,3550308,True,,1977,,,-23.622317375,-46.697207125,,,,1,2023-06-15T16:48:41+00:00
SAO_607C-10,São Paulo,3550308,True,,1977,,,-23.5905625,-46.687347,,,,1,2023-06-15T16:48:39+00:00
SAO_607C-10,São Paulo,3550308,True,,1977,,,-23.598363499999998,-46.690937500000004,,,,1,2023-06-15T16:48:10+00:00
SAO_607C-10,São Paulo,3550308,True,,1977,,,-23.6028115,-46.691903249999996,,,,1,2023-06-15T16:48:28+00:00
SAO_607C-10,São Paulo,3550308,True,,1977,,,-23.6254245,-46.692361000000005,,,,1,2023-06-15T16:48:29+00:00
SAO_607C-10,São Paulo,3550308,True,,1977,,,-23.67040975,-46.647378,,,,1,2023-06-15T16:48:26+00:00
SAO_607C-10,São Paulo,3550308,True,,1977,,,-23.6554005,-46.6664715,,,,1,2023-06-15T16:48:45+00:00
SAO_817C-10,São Paulo,3550308,True,,34105,,,-23.5216915,-46.7010605,,,,2,2023-06-15T16:48:18+00:00
SAO_817C-10,São Paulo,3550308,True,,34105,,,-23.551684,-46.67637125,,,,2,2023-06-15T16:48:02+00:00
SAO_817C-10,São Paulo,3550308,True,,34105,,,-23.534976,-46.69781775,,,,2,2023-06-15T16:48:36+00:00
SAO_1721-10,São Paulo,3550308,True,,666,,,-23.4894945,-46.5710555,,,,1,2023-06-15T16:45:42+00:00
SAO_1721-10,São Paulo,3550308,True,,666,,,-23.504027999999998,-46.6152115,,,,1,2023-06-15T16:45:52+00:00
SAO_1721-10,São Paulo,3550308,True,,666,,,-23.5061675,-46.5983835,,,,1,2023-06-15T16:46:00+00:00
SAO_1721-10,São Paulo,3550308,True,,666,,,-23.4894945,-46.5710555,,,,1,2023-06-15T16:48:22+00:00
SAO_1721-10,São Paulo,3550308,True,,666,,,-23.4978745,-46.594651,,,,1,2023-06-15T16:48:14+00:00
SAO_6026-10,São Paulo,3550308,False,,32855,,,-23.717132999999997,-46.69933425000001,,,,2,2023-06-15T16:48:20+00:00
SAO_6026-10,São Paulo,3550308,True,,32855,,,-23.65908975,-46.7012395,,,,2,2023-06-15T16:48:17+00:00
SAO_6026-10,São Paulo,3550308,True,,32855,,,-23.7485635,-46.703447999999995,,,,2,2023-06-15T16:48:38+00:00
SAO_6026-10,São Paulo,3550308,True,,32855,,,-23.702666,-46.69084475,,,,2,2023-06-15T16:48:37+00:00
SAO_6026-10,São Paulo,3550308,True,,32855,,,-23.748841,-46.703187,,,,2,2023-06-15T16:48:19+00:00
SAO_6026-10,São Paulo,3550308,True,,32855,,,-23.748356,-46.703650999999994,,,,2,2023-06-15T16:48:34+00:00
SAO_2728-10,São Paulo,3550308,True,,33711,,,-23.52042425,-46.54653425,,,,2,2023-06-15T16:48:27+00:00
SAO_2728-10,São Paulo,3550308,True,,33711,,,-23.500892,-46.5123955,,,,2,2023-06-15T16:48:27+00:00
SAO_2728-10,São Paulo,3550308,True,,33711,,,-23.508125999999997,-46.534725,,,,2,2023-06-15T16:48:41+00:00
SAO_2728-10,São Paulo,3550308,True,,33711,,,-23.50133,-46.5125285,,,,2,2023-06-15T16:48:08+00:00
SAO_2728-10,São Paulo,3550308,True,,33711,,,-23.50133,-46.5125285,,,,2,2023-06-15T16:48:13+00:00
SAO_2728-10,São Paulo,3550308,True,,33711,,,-23.50133,-46.5125285,,,,2,2023-06-15T16:48:31+00:00
SAO_2740-10,São Paulo,3550308,True,,34560,,,-23.458248625000003,-46.61426900000001,,,,2,2023-06-15T16:48:44+00:00
SAO_2740-10,São Paulo,3550308,True,,34560,,,-23.4570955,-46.647456500000004,,,,2,2023-06-15T16:48:16+00:00
SAO_2740-10,São Paulo,3550308,True,,34560,,,-23.457787500000002,-46.6425785,,,,2,2023-06-15T16:48:10+00:00
SAO_2740-10,São Paulo,3550308,True,,34560,,,-23.4579845,-46.642551999999995,,,,2,2023-06-15T16:48:06+00:00
SAO_2722-10,São Paulo,3550308,True,,33703,,,-23.49297825,-46.497193499999995,,,,2,2023-06-15T16:48:17+00:00
SAO_2722-10,São Paulo,3550308,True,,33703,,,-23.518912,-46.5123965,,,,2,2023-06-15T16:48:31+00:00
SAO_2722-10,São Paulo,3550308,True,,33703,,,-23.4905365,-46.49019025,,,,2,2023-06-15T16:48:21+00:00
SAO_2722-10,São Paulo,3550308,True,,33703,,,-23.4930925,-46.49988925,,,,2,2023-06-15T16:48:15+00:00
SAO_2722-10,São Paulo,3550308,True,,33703,,,-23.505992499999998,-46.4943815,,,,2,2023-06-15T16:48:24+00:00
SAO_971A-10,São Paulo,3550308,True,,658,,,-23.5019345,-46.650588,,,,1,2023-06-15T16:48:07+00:00
SAO_971A-10,São Paulo,3550308,True,,658,,,-23.5166865,-46.625269,,,,1,2023-06-15T16:48:11+00:00
SAO_971A-10,São Paulo,3550308,True,,658,,,-23.516329,-46.625257500000004,,,,1,2023-06-15T16:48:24+00:00
SAO_971A-10,São Paulo,3550308,True,,658,,,-23.486776499999998,-46.6808985,,,,1,2023-06-15T16:48:31+00:00
SAO_971A-10,São Paulo,3550308,True,,658,,,-23.5025645,-46.671980500000004,,,,1,2023-06-15T16:48:16+00:00
SAO_967A-10,São Paulo,3550308,True,EMTU,568,https://moovitapp.com/index/pt-br/transporte_p%C3%BAblico-line-568-Sao_Paulo-242-2038937-36419565-0,7.8,-23.497875999999998,-46.65561825,,,,1,2023-06-15T16:47:28+00:00
SAO_967A-10,São Paulo,3550308,True,EMTU,568,https://moovitapp.com/index/pt-br/transporte_p%C3%BAblico-line-568-Sao_Paulo-242-2038937-36419565-0,7.8,-23.5183975,-46.653724499999996,,,,1,2023-06-15T16:48:21+00:00
SAO_967A-10,São Paulo,3550308,True,EMTU,568,https://moovitapp.com/index/pt-br/transporte_p%C3%BAblico-line-568-Sao_Paulo-242-2038937-36419565-0,7.8,-23.4804295,-46.656615,,,,1,2023-06-15T16:48:12+00:00
SAO_967A-10,São Paulo,3550308,True,EMTU,568,https://moovitapp.com/index/pt-br/transporte_p%C3%BAblico-line-568-Sao_Paulo-242-2038937-36419565-0,7.8,-23.4804295,-46.656615,,,,1,2023-06-15T16:48:06+00:00
SAO_967A-10,São Paulo,3550308,True,EMTU,568,https://moovitapp.com/index/pt-br/transporte_p%C3%BAblico-line-568-Sao_Paulo-242-2038937-36419565-0,7.8,-23.557040625,-46.645527,,,,1,2023-06-15T16:48:40+00:00
SAO_967A-10,São Paulo,3550308,True,EMTU,568,https://moovitapp.com/index/pt-br/transporte_p%C3%BAblico-line-568-Sao_Paulo-242-2038937-36419565-0,7.8,-23.53462625,-46.64938,,,,1,2023-06-15T16:48:45+00:00
SAO_8020-10,São Paulo,3550308,True,,34494,,,-23.584768500000003,-46.739224,,,,2,2023-06-15T16:48:12+00:00
SAO_8020-10,São Paulo,3550308,True,,34494,,,-23.584768500000003,-46.739224,,,,2,2023-06-15T16:48:26+00:00
SAO_517J-10,São Paulo,3550308,True,,33897,,,-23.6892675,-46.656974000000005,,,,2,2023-06-15T16:48:10+00:00
SAO_517J-10,São Paulo,3550308,True,,33897,,,-23.693192,-46.658266999999995,,,,2,2023-06-15T16:46:54+00:00
SAO_517J-10,São Paulo,3550308,True,,33897,,,-23.68153625,-46.65308,,,,2,2023-06-15T16:42:58+00:00
SAO_517J-10,São Paulo,3550308,True,,33897,,,-23.691030499999997,-46.656783000000004,,,,2,2023-06-15T16:48:36+00:00
SAO_517J-10,São Paulo,3550308,True,,33897,,,-23.64803825,-46.67577475,,,,2,2023-06-15T16:48:36+00:00
SAO_517J-10,São Paulo,3550308,True,,33897,,,-23.659704750000003,-46.6795635,,,,2,2023-06-15T16:48:25+00:00
SAO_517J-10,São Paulo,3550308,True,,33897,,,-23.6780365,-46.657632750000005,,,,2,2023-06-15T16:48:03+00:00
SAO_517J-10,São Paulo,3550308,True,,33897,,,-23.625818,-46.688689,,,,2,2023-06-15T16:48:31+00:00
SAO_517J-10,São Paulo,3550308,True,,33897,,,-23.6911755,-46.656424,,,,2,2023-06-15T16:48:26+00:00
SAO_7049-10,São Paulo,3550308,True,,1912,,,-23.631797499999998,-46.7719915,,,,1,2023-06-15T16:48:40+00:00
SAO_7049-10,São Paulo,3550308,True,,1912,,,-23.688046,-46.7745045,,,,1,2023-06-15T16:48:14+00:00
SAO_7049-10,São Paulo,3550308,True,,1912,,,-23.703879,-46.7838305,,,,1,2023-06-15T16:48:22+00:00
SAO_7049-10,São Paulo,3550308,True,,1912,,,-23.67052675,-46.786294,,,,1,2023-06-15T16:48:17+00:00
SAO_7049-10,São Paulo,3550308,True,,1912,,,-23.6364275,-46.7779335,,,,1,2023-06-15T16:48:19+00:00
SAO_172J-10,São Paulo,3550308,True,,856,,,-23.510266,-46.5807825,,,,1,2023-06-15T16:48:37+00:00
SAO_172J-10,São Paulo,3550308,True,,856,,,-23.4797715,-46.568705,,,,1,2023-06-15T16:48:01+00:00
SAO_172J-10,São Paulo,3550308,True,,856,,,-23.506795500000003,-46.5776665,,,,1,2023-06-15T16:48:32+00:00
SAO_172J-10,São Paulo,3550308,True,,856,,,-23.5153595,-46.58743925,,,,1,2023-06-15T16:48:19+00:00
SAO_172J-10,São Paulo,3550308,True,,856,,,-23.4797715,-46.568705,,,,1,2023-06-15T16:46:45+00:00
SAO_172J-10,São Paulo,3550308,True,,856,,,-23.485193499999998,-46.56928525,,,,1,2023-06-15T16:48:04+00:00
SAO_172J-10,São Paulo,3550308,True,,856,,,-23.53875525,-46.575541,,,,1,2023-06-15T16:48:27+00:00
SAO_172J-10,São Paulo,3550308,True,,856,,,-23.4797715,-46.568705,,,,1,2023-06-15T16:47:20+00:00
SAO_172J-10,São Paulo,3550308,True,,856,,,-23.5399505,-46.576659,,,,1,2023-06-15T16:48:23+00:00
SAO_172J-10,São Paulo,3550308,True,,856,,,-23.4797715,-46.568705,,,,1,2023-06-15T16:48:22+00:00
SAO_6412-10,São Paulo,3550308,True,,770,,,-23.585045,-46.670448,,,,1,2023-06-15T16:48:18+00:00
SAO_6412-10,São Paulo,3550308,True,,770,,,-23.617671,-46.7210095,,,,1,2023-06-15T16:48:40+00:00
SAO_6412-10,São Paulo,3550308,True,,770,,,-23.617671,-46.7210095,,,,1,2023-06-15T16:48:36+00:00
SAO_6412-10,São Paulo,3550308,True,,770,,,-23.615971000000002,-46.712937,,,,1,2023-06-15T16:48:04+00:00
SAO_6412-10,São Paulo,3550308,True,,770,,,-23.617671,-46.7210095,,,,1,2023-06-15T16:48:43+00:00
SAO_6412-10,São Paulo,3550308,True,,770,,,-23.598170500000002,-46.673848,,,,1,2023-06-15T16:48:47+00:00
SAO_6412-10,São Paulo,3550308,True,,770,,,-23.606080875000004,-46.68162675,,,,1,2023-06-15T16:48:38+00:00
SAO_6412-10,São Paulo,3550308,True,,770,,,-23.574493500000003,-46.656222,,,,1,2023-06-15T16:48:36+00:00
SAO_746C-10,São Paulo,3550308,True,,33551,,,-23.641247,-46.735923,,,,2,2023-06-15T16:48:18+00:00
SAO_746C-10,São Paulo,3550308,True,,33551,,,-23.6089785,-46.750411,,,,2,2023-06-15T16:48:35+00:00
SAO_746C-10,São Paulo,3550308,True,,33551,,,-23.639675249999996,-46.72064625,,,,2,2023-06-15T16:48:23+00:00
SAO_746C-10,São Paulo,3550308,True,,33551,,,-23.608864500000003,-46.751143,,,,2,2023-06-15T16:48:19+00:00
SAO_746C-10,São Paulo,3550308,True,,33551,,,-23.613218500000002,-46.7426655,,,,2,2023-06-15T16:48:20+00:00
SAO_746C-10,São Paulo,3550308,True,,33551,,,-23.641873500000003,-46.7131015,,,,2,2023-06-15T16:48:01+00:00
SAO_746C-10,São Paulo,3550308,True,,33551,,,-23.60893375,-46.74977025,,,,2,2023-06-15T16:48:17+00:00
SAO_746C-10,São Paulo,3550308,True,,33551,,,-23.609139,-46.749491250000005,,,,2,2023-06-15T16:48:24+00:00
SAO_746C-10,São Paulo,3550308,True,,33551,,,-23.609017,-46.750698,,,,2,2023-06-15T16:48:03+00:00
SAO_746C-10,São Paulo,3550308,True,,33551,,,-23.609017,-46.750698,,,,2,2023-06-15T16:48:18+00:00
SAO_746C-10,São Paulo,3550308,True,,33551,,,-23.6217755,-46.7410065,,,,2,2023-06-15T16:47:40+00:00
SAO_746C-10,São Paulo,3550308,True,,33551,,,-23.63525925,-46.736994499999994,,,,2,2023-06-15T16:48:39+00:00
SAO_669A-10,São Paulo,3550308,True,,4,,,-23.654157,-46.7105825,,,,1,2023-06-15T16:48:38+00:00
SAO_669A-10,São Paulo,3550308,True,,4,,,-23.654157,-46.7105825,,,,1,2023-06-15T16:48:29+00:00
SAO_669A-10,São Paulo,3550308,True,,4,,,-23.55090725,-46.655523875,,,,1,2023-06-15T16:48:24+00:00
SAO_669A-10,São Paulo,3550308,True,,4,,,-23.569993,-46.648153625,,,,1,2023-06-15T16:48:11+00:00
SAO_669A-10,São Paulo,3550308,True,,4,,,-23.53948475,-46.646238249999996,,,,1,2023-06-15T16:48:28+00:00
SAO_669A-10,São Paulo,3550308,True,,4,,,-23.654157,-46.7105825,,,,1,2023-06-15T16:48:12+00:00
SAO_669A-10,São Paulo,3550308,True,,4,,,-23.59367525,-46.672832,,,,1,2023-06-15T16:48:47+00:00
SAO_669A-10,São Paulo,3550308,True,,4,,,-23.63470675,-46.693451875,,,,1,2023-06-15T16:48:22+00:00
SAO_3789-10,São Paulo,3550308,True,,1067,,,-23.5424375,-46.4696535,,,,1,2023-06-15T16:48:45+00:00
SAO_3789-10,São Paulo,3550308,True,,1067,,,-23.5727255,-46.445909,,,,1,2023-06-15T16:48:47+00:00
SAO_3789-10,São Paulo,3550308,True,,1067,,,-23.611982,-46.3961475,,,,1,2023-06-15T16:48:28+00:00
SAO_3789-10,São Paulo,3550308,True,,1067,,,-23.5425095,-46.470524,,,,1,2023-06-15T16:48:47+00:00
SAO_3789-10,São Paulo,3550308,True,,1067,,,-23.585396499999998,-46.414854500000004,,,,1,2023-06-15T16:48:18+00:00
SAO_3789-10,São Paulo,3550308,True,,1067,,,-23.611663,-46.3964115,,,,1,2023-06-15T16:48:32+00:00
SAO_3789-10,São Paulo,3550308,True,,1067,,,-23.58791925,-46.409058,,,,1,2023-06-15T16:48:39+00:00
SAO_4051-10,São Paulo,3550308,True,,34912,,,-23.5618325,-46.4012755,,,,2,2023-06-15T16:48:30+00:00
SAO_4051-10,São Paulo,3550308,True,,34912,,,-23.561855,-46.4014265,,,,2,2023-06-15T16:47:59+00:00
SAO_4051-10,São Paulo,3550308,True,,34912,,,-23.559313000000003,-46.4037675,,,,2,2023-06-15T16:48:37+00:00
SAO_675R-10,São Paulo,3550308,True,,32877,,,-23.7542595,-46.680344,,,,2,2023-06-15T16:48:32+00:00
SAO_675R-10,São Paulo,3550308,True,,32877,,,-23.732176,-46.6837415,,,,2,2023-06-15T16:48:24+00:00
SAO_675R-10,São Paulo,3550308,True,,32877,,,-23.672249,-46.677648500000004,,,,2,2023-06-15T16:48:26+00:00
SAO_675R-10,São Paulo,3550308,True,,32877,,,-23.635055,-46.6689255,,,,2,2023-06-15T16:48:19+00:00
SAO_675R-10,São Paulo,3550308,True,,32877,,,-23.7543765,-46.6802115,,,,2,2023-06-15T16:46:29+00:00
SAO_6012-10,São Paulo,3550308,True,,1204,,,-23.689033000000002,-46.787152500000005,,,,1,2023-06-15T16:48:36+00:00
SAO_6012-10,São Paulo,3550308,True,,1204,,,-23.67554175,-46.755433,,,,1,2023-06-15T16:48:33+00:00
SAO_6012-10,São Paulo,3550308,True,,1204,,,-23.686436999999998,-46.7873475,,,,1,2023-06-15T16:48:10+00:00
SAO_6012-10,São Paulo,3550308,True,,1204,,,-23.671774,-46.7412225,,,,1,2023-06-15T16:48:46+00:00
SAO_6012-10,São Paulo,3550308,True,,1204,,,-23.6540295,-46.7067845,,,,1,2023-06-15T16:48:07+00:00
SAO_6012-10,São Paulo,3550308,True,,1204,,,-23.6889305,-46.77293075,,,,1,2023-06-15T16:48:04+00:00
SAO_971X-10,São Paulo,3550308,True,,34463,,,-23.50308,-46.6253845,,,,2,2023-06-15T16:48:14+00:00
SAO_971X-10,São Paulo,3550308,True,,34463,,,-23.4966665,-46.636452,,,,2,2023-06-15T16:48:27+00:00
SAO_971X-10,São Paulo,3550308,True,,34463,,,-23.5000165,-46.624663999999996,,,,2,2023-06-15T16:48:35+00:00
SAO_971X-10,São Paulo,3550308,True,,34463,,,-23.476771499999998,-46.67083575,,,,2,2023-06-15T16:48:20+00:00
SAO_971X-10,São Paulo,3550308,True,,34463,,,-23.475628999999998,-46.670974,,,,2,2023-06-15T16:48:33+00:00
SAO_971X-10,São Paulo,3550308,True,,34463,,,-23.4742495,-46.669781,,,,2,2023-06-15T16:48:45+00:00
SAO_971X-10,São Paulo,3550308,True,,34463,,,-23.475020999999998,-46.670199,,,,2,2023-06-15T16:48:06+00:00
SAO_971X-10,São Paulo,3550308,True,,34463,,,-23.4886965,-46.651422499999995,,,,2,2023-06-15T16:48:24+00:00
SAO_971X-10,São Paulo,3550308,True,,34463,,,-23.500223000000002,-46.62917525,,,,2,2023-06-15T16:48:13+00:00
SAO_971X-10,São Paulo,3550308,True,,34463,,,-23.488124,-46.652035999999995,,,,2,2023-06-15T16:48:15+00:00
SAO_971X-10,São Paulo,3550308,True,,34463,,,-23.4752765,-46.6688805,,,,2,2023-06-15T16:48:14+00:00
SAO_971X-10,São Paulo,3550308,True,,34463,,,-23.4742495,-46.669781,,,,2,2023-06-15T16:48:14+00:00
SAO_2006-10,São Paulo,3550308,True,,895,,,-23.510832999999998,-46.366727,,,,1,2023-06-15T16:47:04+00:00
SAO_2006-10,São Paulo,3550308,True,,895,,,-23.4941615,-46.400386,,,,1,2023-06-15T16:48:30+00:00
SAO_2006-10,São Paulo,3550308,True,,895,,,-23.4941615,-46.400386,,,,1,2023-06-15T16:48:22+00:00
SAO_2006-10,São Paulo,3550308,True,,895,,,-23.510832999999998,-46.366727,,,,1,2023-06-15T16:43:16+00:00
SAO_2006-10,São Paulo,3550308,True,,895,,,-23.510832999999998,-46.366727,,,,1,2023-06-15T16:24:32+00:00
SAO_2006-10,São Paulo,3550308,True,,895,,,-23.492955749999997,-46.38877037500001,,,,1,2023-06-15T16:48:33+00:00
SAO_2006-10,São Paulo,3550308,True,,895,,,-23.493215499999998,-46.3733855,,,,1,2023-06-15T16:48:07+00:00
SAO_9004-10,São Paulo,3550308,True,,33639,,,-23.456984,-46.6852645,,,,2,2023-06-15T16:48:25+00:00
SAO_9004-10,São Paulo,3550308,True,,33639,,,-23.462976,-46.672544,,,,2,2023-06-15T16:48:34+00:00
SAO_9004-10,São Paulo,3550308,True,,33639,,,-23.458938000000003,-46.678541249999995,,,,2,2023-06-15T16:48:30+00:00
SAO_9004-10,São Paulo,3550308,True,,33639,,,-23.46018,-46.676072,,,,2,2023-06-15T16:48:19+00:00
SAO_9004-10,São Paulo,3550308,True,,33639,,,-23.456984,-46.6852645,,,,2,2023-06-15T16:48:13+00:00
SAO_9004-10,São Paulo,3550308,True,,33639,,,-23.4567555,-46.6849275,,,,2,2023-06-15T16:48:09+00:00
SAO_9004-10,São Paulo,3550308,True,,33639,,,-23.4713505,-46.670345499999996,,,,2,2023-06-15T16:48:31+00:00
SAO_5123-10,São Paulo,3550308,True,,33893,,,-23.600693062500003,-46.636764875,,,,2,2023-06-15T16:48:40+00:00
SAO_5123-10,São Paulo,3550308,True,,33893,,,-23.624724,-46.64066425,,,,2,2023-06-15T16:47:59+00:00
SAO_5123-10,São Paulo,3550308,True,,33893,,,-23.6697305,-46.638155499999996,,,,2,2023-06-15T16:48:02+00:00
SAO_5123-10,São Paulo,3550308,True,,33893,,,-23.678922999999998,-46.630571,,,,2,2023-06-15T16:48:34+00:00
SAO_5123-10,São Paulo,3550308,True,,33893,,,-23.6805705,-46.6320405,,,,2,2023-06-15T16:46:13+00:00
SAO_5123-10,São Paulo,3550308,True,,33893,,,-23.623095375,-46.640301125,,,,2,2023-06-15T16:48:37+00:00
SAO_5123-10,São Paulo,3550308,True,,33893,,,-23.597132,-46.64244025,,,,2,2023-06-15T16:48:27+00:00
SAO_5123-10,São Paulo,3550308,True,,33893,,,-23.633339499999998,-46.641594,,,,2,2023-06-15T16:48:26+00:00
SAO_5123-10,São Paulo,3550308,True,,33893,,,-23.6697525,-46.63838475,,,,2,2023-06-15T16:48:13+00:00
SAO_546T-10,São Paulo,3550308,True,,33040,,,-23.65162375,-46.705222125,,,,2,2023-06-15T16:48:06+00:00
SAO_546T-10,São Paulo,3550308,True,,33040,,,-23.6798045,-46.6844555,,,,2,2023-06-15T16:48:24+00:00
SAO_546T-10,São Paulo,3550308,True,,33040,,,-23.692825499999998,-46.660027,,,,2,2023-06-15T16:44:26+00:00
SAO_546T-10,São Paulo,3550308,True,,33040,,,-23.702824,-46.628514499999994,,,,2,2023-06-15T16:48:39+00:00
SAO_546T-10,São Paulo,3550308,True,,33040,,,-23.6956535,-46.651086,,,,2,2023-06-15T16:48:41+00:00
SAO_546T-10,São Paulo,3550308,True,,33040,,,-23.703943,-46.6257625,,,,2,2023-06-15T16:47:29+00:00
SAO_546T-10,São Paulo,3550308,True,,33040,,,-23.703943,-46.6257625,,,,2,2023-06-15T16:46:45+00:00
SAO_546T-10,São Paulo,3550308,True,,33040,,,-23.69710125,-46.67282025,,,,2,2023-06-15T16:45:00+00:00
SAO_546T-10,São Paulo,3550308,True,,33040,,,-23.7040635,-46.626618500000006,,,,2,2023-06-15T16:48:18+00:00
SAO_8017-10,São Paulo,3550308,True,,1261,,,-23.438237,-46.746818000000005,,,,1,2023-06-15T16:48:40+00:00
SAO_8017-10,São Paulo,3550308,True,,1261,,,-23.438237,-46.746818000000005,,,,1,2023-06-15T16:48:08+00:00
SAO_8017-10,São Paulo,3550308,True,,1261,,,-23.438237,-46.746818000000005,,,,1,2023-06-15T16:48:19+00:00
SAO_8017-10,São Paulo,3550308,True,,1261,,,-23.443441125,-46.74027087499999,,,,1,2023-06-15T16:48:34+00:00
SAO_8017-10,São Paulo,3550308,True,,1261,,,-23.438237,-46.746818000000005,,,,1,2023-06-15T16:48:12+00:00
SAO_8017-10,São Paulo,3550308,True,,1261,,,-23.446507500000003,-46.722618,,,,1,2023-06-15T16:48:32+00:00
SAO_2029-10,São Paulo,3550308,True,,35038,,,-23.479921500000003,-46.602290499999995,,,,2,2023-06-15T16:48:12+00:00
SAO_2029-10,São Paulo,3550308,True,,35038,,,-23.430906,-46.574909,,,,2,2023-06-15T16:48:00+00:00
SAO_2029-10,São Paulo,3550308,True,,35038,,,-23.4308,-46.5751545,,,,2,2023-06-15T16:48:27+00:00
SAO_2029-10,São Paulo,3550308,True,,35038,,,-23.479921500000003,-46.602290499999995,,,,2,2023-06-15T16:46:20+00:00
SAO_2029-10,São Paulo,3550308,True,,35038,,,-23.441848999999998,-46.588781499999996,,,,2,2023-06-15T16:48:41+00:00
SAO_3739-10,São Paulo,3550308,True,,1039,,,-23.61885025,-46.414142749999996,,,,1,2023-06-15T16:48:36+00:00
SAO_3739-10,São Paulo,3550308,True,,1039,,,-23.55925725,-46.445505499999996,,,,1,2023-06-15T16:48:25+00:00
SAO_3739-10,São Paulo,3550308,True,,1039,,,-23.542482,-46.470364,,,,1,2023-06-15T16:48:21+00:00
SAO_3739-10,São Paulo,3550308,True,,1039,,,-23.6044985,-46.4292195,,,,1,2023-06-15T16:48:35+00:00
SAO_3739-10,São Paulo,3550308,True,,1039,,,-23.611822,-46.416231499999995,,,,1,2023-06-15T16:48:27+00:00
SAO_3739-10,São Paulo,3550308,True,,1039,,,-23.574809000000002,-46.4449745,,,,1,2023-06-15T16:48:34+00:00
SAO_3739-10,São Paulo,3550308,True,,1039,,,-23.55587225,-46.452326750000005,,,,1,2023-06-15T16:48:26+00:00
SAO_3739-10,São Paulo,3550308,True,,1039,,,-23.5425825,-46.4709825,,,,1,2023-06-15T16:48:43+00:00
SAO_3739-10,São Paulo,3550308,True,,1039,,,-23.562426875,-46.446031,,,,1,2023-06-15T16:48:03+00:00
SAO_3025-10,São Paulo,3550308,True,,961,,,-23.56414275,-46.4097285,,,,1,2023-06-15T16:48:46+00:00
SAO_3025-10,São Paulo,3550308,True,,961,,,-23.542544,-46.4158275,,,,1,2023-06-15T16:48:25+00:00
SAO_3025-10,São Paulo,3550308,True,,961,,,-23.57379325,-46.401466,,,,1,2023-06-15T16:48:26+00:00
SAO_3025-10,São Paulo,3550308,True,,961,,,-23.556375000000003,-46.411114,,,,1,2023-06-15T16:48:32+00:00
SAO_3025-10,São Paulo,3550308,True,,961,,,-23.542544,-46.4158275,,,,1,2023-06-15T16:48:12+00:00
SAO_2582-10,São Paulo,3550308,True,,33142,,,-23.511577,-46.44304174999999,,,,2,2023-06-15T16:48:21+00:00
SAO_2582-10,São Paulo,3550308,True,,33142,,,-23.514493,-46.424934,,,,2,2023-06-15T16:48:25+00:00
SAO_2582-10,São Paulo,3550308,True,,33142,,,-23.51908225,-46.42337275,,,,2,2023-06-15T16:48:20+00:00
SAO_2582-10,São Paulo,3550308,True,,33142,,,-23.5429045,-46.61651275,,,,2,2023-06-15T16:48:05+00:00
SAO_2582-10,São Paulo,3550308,True,,33142,,,-23.5459115,-46.621572,,,,2,2023-06-15T16:48:34+00:00
SAO_2582-10,São Paulo,3550308,True,,33142,,,-23.5357695,-46.5710185,,,,2,2023-06-15T16:48:29+00:00
SAO_2582-10,São Paulo,3550308,True,,33142,,,-23.5191709375,-46.42302318749999,,,,2,2023-06-15T16:48:34+00:00
SAO_2582-10,São Paulo,3550308,True,,33142,,,-23.51891675,-46.423640250000005,,,,2,2023-06-15T16:48:25+00:00
SAO_2582-10,São Paulo,3550308,True,,33142,,,-23.486275499999998,-46.503086499999995,,,,2,2023-06-15T16:46:45+00:00
SAO_2582-10,São Paulo,3550308,True,,33142,,,-23.4978245,-46.4546705,,,,2,2023-06-15T16:48:31+00:00
SAO_2582-10,São Paulo,3550308,True,,33142,,,-23.5191965,-46.423187999999996,,,,2,2023-06-15T16:48:02+00:00
SAO_2582-10,São Paulo,3550308,True,,33142,,,-23.492978,-46.475714,,,,2,2023-06-15T16:48:10+00:00
SAO_2582-10,São Paulo,3550308,True,,33142,,,-23.535605250000003,-46.57373975,,,,2,2023-06-15T16:48:41+00:00
SAO_978A-10,São Paulo,3550308,True,,34137,,,-23.494593,-46.684644375,,,,2,2023-06-15T16:48:28+00:00
SAO_978A-10,São Paulo,3550308,True,,34137,,,-23.495649,-46.684424625,,,,2,2023-06-15T16:48:31+00:00
SAO_978A-10,São Paulo,3550308,True,,34137,,,-23.481600999999998,-46.674812,,,,2,2023-06-15T16:48:41+00:00
SAO_978A-10,São Paulo,3550308,True,,34137,,,-23.485224,-46.6804425,,,,2,2023-06-15T16:48:23+00:00
SAO_978A-10,São Paulo,3550308,True,,34137,,,-23.5251545,-46.665617999999995,,,,2,2023-06-15T16:47:51+00:00
SAO_3721-41,São Paulo,3550308,True,,34461,,,-23.5529145,-46.49150875,,,,2,2023-06-15T16:48:29+00:00
SAO_3721-41,São Paulo,3550308,True,,34461,,,-23.558388,-46.490635499999996,,,,2,2023-06-15T16:48:16+00:00
SAO_3721-41,São Paulo,3550308,True,,34461,,,-23.5426165,-46.4711865,,,,2,2023-06-15T16:48:41+00:00
SAO_3721-41,São Paulo,3550308,True,,34461,,,-23.5631595,-46.500921000000005,,,,2,2023-06-15T16:48:30+00:00
SAO_3721-41,São Paulo,3550308,True,,34461,,,-23.563325499999998,-46.5007915,,,,2,2023-06-15T16:48:16+00:00
SAO_675K-10,São Paulo,3550308,True,EMTU,198,https://moovitapp.com/index/pt-br/transporte_p%C3%BAblico-line-198-Sao_Paulo-242-2038937-59811937-0,6.35,-23.625454750000003,-46.68264325,,,,1,2023-06-15T16:48:36+00:00
SAO_675K-10,São Paulo,3550308,True,EMTU,198,https://moovitapp.com/index/pt-br/transporte_p%C3%BAblico-line-198-Sao_Paulo-242-2038937-59811937-0,6.35,-23.596517125,-46.649662125000006,,,,1,2023-06-15T16:48:43+00:00
SAO_675K-10,São Paulo,3550308,True,EMTU,198,https://moovitapp.com/index/pt-br/transporte_p%C3%BAblico-line-198-Sao_Paulo-242-2038937-59811937-0,6.35,-23.601053,-46.659721875,,,,1,2023-06-15T16:48:20+00:00
SAO_675K-10,São Paulo,3550308,True,EMTU,198,https://moovitapp.com/index/pt-br/transporte_p%C3%BAblico-line-198-Sao_Paulo-242-2038937-59811937-0,6.35,-23.671875,-46.741420500000004,,,,1,2023-06-15T16:48:28+00:00
SAO_675K-10,São Paulo,3550308,True,EMTU,198,https://moovitapp.com/index/pt-br/transporte_p%C3%BAblico-line-198-Sao_Paulo-242-2038937-59811937-0,6.35,-23.690517,-46.7737425,,,,1,2023-06-15T16:47:46+00:00
SAO_675K-10,São Paulo,3550308,True,EMTU,198,https://moovitapp.com/index/pt-br/transporte_p%C3%BAblico-line-198-Sao_Paulo-242-2038937-59811937-0,6.35,-23.68714725,-46.77138625,,,,1,2023-06-15T16:46:04+00:00
SAO_675K-10,São Paulo,3550308,True,EMTU,198,https://moovitapp.com/index/pt-br/transporte_p%C3%BAblico-line-198-Sao_Paulo-242-2038937-59811937-0,6.35,-23.690671000000002,-46.773896,,,,1,2023-06-15T16:48:04+00:00
SAO_675K-10,São Paulo,3550308,True,EMTU,198,https://moovitapp.com/index/pt-br/transporte_p%C3%BAblico-line-198-Sao_Paulo-242-2038937-59811937-0,6.35,-23.665875,-46.7128965,,,,1,2023-06-15T16:48:25+00:00
SAO_675K-10,São Paulo,3550308,True,EMTU,198,https://moovitapp.com/index/pt-br/transporte_p%C3%BAblico-line-198-Sao_Paulo-242-2038937-59811937-0,6.35,-23.690517,-46.7737425,,,,1,2023-06-15T16:48:42+00:00
SAO_675K-10,São Paulo,3550308,True,EMTU,198,https://moovitapp.com/index/pt-br/transporte_p%C3%BAblico-line-198-Sao_Paulo-242-2038937-59811937-0,6.35,-23.59625975,-46.652537,,,,1,2023-06-15T16:48:37+00:00
SAO_675K-10,São Paulo,3550308,True,EMTU,198,https://moovitapp.com/index/pt-br/transporte_p%C3%BAblico-line-198-Sao_Paulo-242-2038937-59811937-0,6.35,-23.690517,-46.7737425,,,,1,2023-06-15T16:48:33+00:00
SAO_675K-10,São Paulo,3550308,True,EMTU,198,https://moovitapp.com/index/pt-br/transporte_p%C3%BAblico-line-198-Sao_Paulo-242-2038937-59811937-0,6.35,-23.622375249999997,-46.679809,,,,1,2023-06-15T16:48:42+00:00
SAO_675K-10,São Paulo,3550308,True,EMTU,198,https://moovitapp.com/index/pt-br/transporte_p%C3%BAblico-line-198-Sao_Paulo-242-2038937-59811937-0,6.35,-23.690517,-46.7737425,,,,1,2023-06-15T16:48:37+00:00
SAO_675K-10,São Paulo,3550308,True,EMTU,198,https://moovitapp.com/index/pt-br/transporte_p%C3%BAblico-line-198-Sao_Paulo-242-2038937-59811937-0,6.35,-23.690517,-46.7737425,,,,1,2023-06-15T16:48:34+00:00
SAO_675K-10,São Paulo,3550308,True,EMTU,198,https://moovitapp.com/index/pt-br/transporte_p%C3%BAblico-line-198-Sao_Paulo-242-2038937-59811937-0,6.35,-23.597701,-46.63991075,,,,1,2023-06-15T16:48:22+00:00
SAO_675K-10,São Paulo,3550308,True,EMTU,198,https://moovitapp.com/index/pt-br/transporte_p%C3%BAblico-line-198-Sao_Paulo-242-2038937-59811937-0,6.35,-23.654891,-46.706837,,,,1,2023-06-15T16:48:32+00:00
SAO_6016-41,São Paulo,3550308,True,,34474,,,-23.736856500000002,-46.695405,,,,2,2023-06-15T16:48:41+00:00
SAO_6016-41,São Paulo,3550308,True,,34474,,,-23.774729,-46.675773500000005,,,,2,2023-06-15T16:48:05+00:00
SAO_6016-41,São Paulo,3550308,True,,34474,,,-23.754474000000002,-46.6877005,,,,2,2023-06-15T16:48:04+00:00
SAO_6016-41,São Paulo,3550308,True,,34474,,,-23.775072,-46.675598,,,,2,2023-06-15T16:48:15+00:00
SAO_6016-41,São Paulo,3550308,True,,34474,,,-23.7745565,-46.675799,,,,2,2023-06-15T16:48:25+00:00
SAO_6016-41,São Paulo,3550308,True,,34474,,,-23.7745565,-46.675799,,,,2,2023-06-15T16:48:20+00:00
SAO_847P-10,São Paulo,3550308,True,,423,,,-23.5887625,-46.6820285,,,,1,2023-06-15T16:48:40+00:00
SAO_847P-10,São Paulo,3550308,True,,423,,,-23.588508750000003,-46.682098125,,,,1,2023-06-15T16:48:22+00:00
SAO_847P-10,São Paulo,3550308,True,,423,,,-23.486517,-46.7262255,,,,1,2023-06-15T16:48:33+00:00
SAO_847P-10,São Paulo,3550308,True,,423,,,-23.56881575,-46.692298750000006,,,,1,2023-06-15T16:48:14+00:00
SAO_847P-10,São Paulo,3550308,True,,423,,,-23.553741625,-46.690922,,,,1,2023-06-15T16:48:06+00:00
SAO_847P-10,São Paulo,3550308,True,,423,,,-23.48550325,-46.724250999999995,,,,1,2023-06-15T16:48:15+00:00
SAO_847P-10,São Paulo,3550308,True,,423,,,-23.5889955,-46.6819615,,,,1,2023-06-15T16:48:08+00:00
SAO_847P-10,São Paulo,3550308,True,,423,,,-23.591415625000003,-46.681248562499995,,,,1,2023-06-15T16:48:39+00:00
SAO_847P-10,São Paulo,3550308,True,,423,,,-23.486517,-46.7262255,,,,1,2023-06-15T16:48:29+00:00
SAO_847P-10,São Paulo,3550308,True,,423,,,-23.516236999999997,-46.698377,,,,1,2023-06-15T16:48:27+00:00
SAO_847P-10,São Paulo,3550308,True,,423,,,-23.491211999999997,-46.710225,,,,1,2023-06-15T16:48:38+00:00
SAO_847P-10,São Paulo,3550308,True,,423,,,-23.5380105,-46.7065495,,,,1,2023-06-15T16:48:37+00:00
SAO_1016-10,São Paulo,3550308,True,,33599,,,-23.4467415,-46.611489000000006,,,,2,2023-06-15T16:48:32+00:00
SAO_1016-10,São Paulo,3550308,True,,33599,,,-23.513872,-46.6160225,,,,2,2023-06-15T16:48:23+00:00
SAO_1016-10,São Paulo,3550308,True,,33599,,,-23.49122825,-46.61066925,,,,2,2023-06-15T16:47:54+00:00
SAO_1016-10,São Paulo,3550308,True,,33599,,,-23.47643875,-46.611113,,,,2,2023-06-15T16:48:42+00:00
SAO_1016-10,São Paulo,3550308,True,,33599,,,-23.513872,-46.6160225,,,,2,2023-06-15T16:48:39+00:00
SAO_1016-10,São Paulo,3550308,True,,33599,,,-23.4491595,-46.610466,,,,2,2023-06-15T16:48:39+00:00
SAO_1016-10,São Paulo,3550308,True,,33599,,,-23.46196475,-46.60291125,,,,2,2023-06-15T16:48:30+00:00
SAO_1016-10,São Paulo,3550308,True,,33599,,,-23.447170749999998,-46.611436999999995,,,,2,2023-06-15T16:48:45+00:00
SAO_2010-10,São Paulo,3550308,True,,2104,,,-23.505087375000002,-46.624955875,,,,1,2023-06-15T16:47:27+00:00
SAO_2010-10,São Paulo,3550308,True,,2104,,,-23.498165,-46.6078805,,,,1,2023-06-15T16:48:38+00:00
SAO_2010-10,São Paulo,3550308,True,,2104,,,-23.476959,-46.5640815,,,,1,2023-06-15T16:48:02+00:00
SAO_2010-10,São Paulo,3550308,True,,2104,,,-23.522845,-46.6242405,,,,1,2023-06-15T16:48:18+00:00
SAO_778J-10,São Paulo,3550308,True,EMTU,508,https://moovitapp.com/index/pt-br/transporte_p%C3%BAblico-line-508-Sao_Paulo-242-2038937-36419530-0,5.65,-23.570914000000002,-46.6986945,,,,1,2023-06-15T16:48:26+00:00
SAO_5013-10,São Paulo,3550308,True,,33885,,,-23.6535095,-46.703309000000004,,,,2,2023-06-15T16:48:16+00:00
SAO_5013-10,São Paulo,3550308,True,,33885,,,-23.686575,-46.633546,,,,2,2023-06-15T16:48:07+00:00
SAO_5013-10,São Paulo,3550308,True,,33885,,,-23.680304,-46.641373,,,,2,2023-06-15T16:47:49+00:00
SAO_5013-10,São Paulo,3550308,True,,33885,,,-23.671726625,-46.66776975,,,,2,2023-06-15T16:48:18+00:00
SAO_5013-10,São Paulo,3550308,True,,33885,,,-23.68072375,-46.65413975,,,,2,2023-06-15T16:46:55+00:00
SAO_5013-10,São Paulo,3550308,True,,33885,,,-23.681862,-46.639039,,,,2,2023-06-15T16:47:33+00:00
SAO_5013-10,São Paulo,3550308,True,,33885,,,-23.681486,-46.63249275,,,,2,2023-06-15T16:48:01+00:00
SAO_5013-10,São Paulo,3550308,True,,33885,,,-23.6743995,-46.6627655,,,,2,2023-06-15T16:48:21+00:00
SAO_5013-10,São Paulo,3550308,True,,33885,,,-23.678326,-46.6844765,,,,2,2023-06-15T16:48:37+00:00
SAO_5013-10,São Paulo,3550308,True,,33885,,,-23.675916,-46.66033175,,,,2,2023-06-15T16:48:14+00:00
SAO_574J-10,São Paulo,3550308,True,,34453,,,-23.558235500000002,-46.522756,,,,2,2023-06-15T16:48:43+00:00
SAO_574J-10,São Paulo,3550308,True,,34453,,,-23.571325,-46.537527999999995,,,,2,2023-06-15T16:45:24+00:00
SAO_574J-10,São Paulo,3550308,True,,34453,,,-23.6245825,-46.631201000000004,,,,2,2023-06-15T16:48:29+00:00
SAO_574J-10,São Paulo,3550308,True,,34453,,,-23.6186955,-46.601816,,,,2,2023-06-15T16:48:23+00:00
SAO_574J-10,São Paulo,3550308,True,,34453,,,-23.63007,-46.6414965,,,,2,2023-06-15T16:48:46+00:00
SAO_574J-10,São Paulo,3550308,True,,34453,,,-23.625086500000002,-46.640750499999996,,,,2,2023-06-15T16:47:56+00:00
SAO_574J-10,São Paulo,3550308,True,,34453,,,-23.636083499999998,-46.641462,,,,2,2023-06-15T16:48:02+00:00
SAO_574J-10,São Paulo,3550308,True,,34453,,,-23.5772165,-46.574988250000004,,,,2,2023-06-15T16:48:42+00:00
SAO_574J-10,São Paulo,3550308,True,,34453,,,-23.6022485,-46.602692,,,,2,2023-06-15T16:48:05+00:00
SAO_574J-10,São Paulo,3550308,True,,34453,,,-23.57049025,-46.52893075,,,,2,2023-06-15T16:48:30+00:00
SAO_6836-10,São Paulo,3550308,True,BR7 Mobilidade,13,https://moovitapp.com/index/pt-br/transporte_p%C3%BAblico-line-13-Sao_Paulo-242-851856-705937-0,5.75,-23.6612605,-46.748577,,,,1,2023-06-15T16:48:12+00:00
SAO_6836-10,São Paulo,3550308,True,BR7 Mobilidade,13,https://moovitapp.com/index/pt-br/transporte_p%C3%BAblico-line-13-Sao_Paulo-242-851856-705937-0,5.75,-23.684404999999998,-46.7817855,,,,1,2023-06-15T16:48:43+00:00
SAO_6836-10,São Paulo,3550308,True,BR7 Mobilidade,13,https://moovitapp.com/index/pt-br/transporte_p%C3%BAblico-line-13-Sao_Paulo-242-851856-705937-0,5.75,-23.671183499999998,-46.7690975,,,,1,2023-06-15T16:48:13+00:00
SAO_8078-10,São Paulo,3550308,True,,2080,,,-23.6254505,-46.7479555,,,,1,2023-06-15T16:48:03+00:00
SAO_8078-10,São Paulo,3550308,True,,2080,,,-23.6254505,-46.7479555,,,,1,2023-06-15T16:48:21+00:00
SAO_8078-10,São Paulo,3550308,True,,2080,,,-23.6254505,-46.7479555,,,,1,2023-06-15T16:48:12+00:00
SAO_8078-10,São Paulo,3550308,True,,2080,,,-23.6254505,-46.7479555,,,,1,2023-06-15T16:48:27+00:00
SAO_8078-10,São Paulo,3550308,True,,2080,,,-23.6487495,-46.759211,,,,1,2023-06-15T16:48:33+00:00
SAO_8078-10,São Paulo,3550308,True,,2080,,,-23.6254505,-46.7479555,,,,1,2023-06-15T16:48:23+00:00
SAO_3721-41,São Paulo,3550308,True,,1693,,,-23.5433745,-46.472797,,,,1,2023-06-15T16:48:19+00:00
SAO_3721-41,São Paulo,3550308,True,,1693,,,-23.56316,-46.500642,,,,1,2023-06-15T16:48:44+00:00
SAO_3721-41,São Paulo,3550308,True,,1693,,,-23.5602105,-46.494629,,,,1,2023-06-15T16:48:34+00:00
SAO_3721-41,São Paulo,3550308,True,,1693,,,-23.551634999999997,-46.49122825,,,,1,2023-06-15T16:48:46+00:00
SAO_3721-41,São Paulo,3550308,True,,1693,,,-23.554394000000002,-46.492137,,,,1,2023-06-15T16:48:42+00:00
SAO_3721-41,São Paulo,3550308,True,,1693,,,-23.5431125,-46.48502825,,,,1,2023-06-15T16:48:35+00:00
SAO_4036-10,São Paulo,3550308,True,,35329,,,-23.5506285,-46.497198250000004,,,,2,2023-06-15T16:48:12+00:00
SAO_4036-10,São Paulo,3550308,True,,35329,,,-23.542627500000002,-46.47001,,,,2,2023-06-15T16:46:42+00:00
SAO_4036-10,São Paulo,3550308,True,,35329,,,-23.5426,-46.4698425,,,,2,2023-06-15T16:47:42+00:00
SAO_7063-10,São Paulo,3550308,True,,1899,,,-23.651991000000002,-46.789846499999996,,,,1,2023-06-15T16:48:37+00:00
SAO_7063-10,São Paulo,3550308,True,,1899,,,-23.631797499999998,-46.7719915,,,,1,2023-06-15T16:48:25+00:00
SAO_7063-10,São Paulo,3550308,True,,1899,,,-23.64986925,-46.78554325,,,,1,2023-06-15T16:48:12+00:00
SAO_7063-10,São Paulo,3550308,True,,1899,,,-23.651991000000002,-46.789846499999996,,,,1,2023-06-15T16:48:40+00:00
SAO_7063-10,São Paulo,3550308,True,,1899,,,-23.651991000000002,-46.789846499999996,,,,1,2023-06-15T16:48:05+00:00
SAO_373L-10,São Paulo,3550308,True,,33795,,,-23.6227125,-46.414294,,,,2,2023-06-15T16:48:25+00:00
SAO_373L-10,São Paulo,3550308,True,,33795,,,-23.594714,-46.443023,,,,2,2023-06-15T16:48:44+00:00
SAO_373L-10,São Paulo,3550308,True,,33795,,,-23.563524,-46.46358375,,,,2,2023-06-15T16:48:33+00:00
SAO_373L-10,São Paulo,3550308,True,,33795,,,-23.622964000000003,-46.4145135,,,,2,2023-06-15T16:48:44+00:00
SAO_8215-10,São Paulo,3550308,True,,574,,,-23.498972000000002,-46.696377749999996,,,,1,2023-06-15T16:48:07+00:00
SAO_8215-10,São Paulo,3550308,True,,574,,,-23.5427875,-46.6363415,,,,1,2023-06-15T16:47:57+00:00
SAO_8215-10,São Paulo,3550308,True,,574,,,-23.461478,-46.7084365,,,,1,2023-06-15T16:48:00+00:00
SAO_8215-10,São Paulo,3550308,True,,574,,,-23.461478,-46.7084365,,,,1,2023-06-15T16:48:29+00:00
SAO_8215-10,São Paulo,3550308,True,,574,,,-23.521776625,-46.665511374999994,,,,1,2023-06-15T16:48:08+00:00
SAO_8605-10,São Paulo,3550308,True,,1917,,,-23.631453,-46.7718905,,,,1,2023-06-15T16:48:25+00:00
SAO_8605-10,São Paulo,3550308,True,,1917,,,-23.60641275,-46.748270250000004,,,,1,2023-06-15T16:48:45+00:00
SAO_8605-10,São Paulo,3550308,True,,1917,,,-23.58006175,-46.67787525,,,,1,2023-06-15T16:48:23+00:00
SAO_8605-10,São Paulo,3550308,True,,1917,,,-23.56705225,-46.658919,,,,1,2023-06-15T16:48:25+00:00
SAO_8605-10,São Paulo,3550308,True,,1917,,,-23.584741,-46.71811700000001,,,,1,2023-06-15T16:48:28+00:00
SAO_8605-10,São Paulo,3550308,True,,1917,,,-23.571265999999998,-46.663221500000006,,,,1,2023-06-15T16:48:47+00:00
SAO_364A-10,São Paulo,3550308,True,,34014,,,-23.5633995,-46.5007685,,,,2,2023-06-15T16:48:04+00:00
SAO_364A-10,São Paulo,3550308,True,,34014,,,-23.567818,-46.506119,,,,2,2023-06-15T16:48:45+00:00
SAO_364A-10,São Paulo,3550308,True,,34014,,,-23.582705,-46.550124,,,,2,2023-06-15T16:48:18+00:00
SAO_364A-10,São Paulo,3550308,True,,34014,,,-23.601991374999997,-46.511055,,,,2,2023-06-15T16:48:42+00:00
SAO_364A-10,São Paulo,3550308,True,,34014,,,-23.5847285,-46.611627500000004,,,,2,2023-06-15T16:48:31+00:00
SAO_364A-10,São Paulo,3550308,True,,34014,,,-23.602414,-46.5067805,,,,2,2023-06-15T16:48:07+00:00
SAO_364A-10,São Paulo,3550308,True,,34014,,,-23.599200375000002,-46.507216125,,,,2,2023-06-15T16:48:04+00:00
SAO_364A-10,São Paulo,3550308,True,,34014,,,-23.601279875000003,-46.511615000000006,,,,2,2023-06-15T16:48:28+00:00
SAO_364A-10,São Paulo,3550308,True,,34014,,,-23.5633995,-46.5007685,,,,2,2023-06-15T16:48:21+00:00
SAO_364A-10,São Paulo,3550308,True,,34014,,,-23.582124999999998,-46.598608,,,,2,2023-06-15T16:48:38+00:00
SAO_364A-10,São Paulo,3550308,True,,34014,,,-23.5633995,-46.5007685,,,,2,2023-06-15T16:48:36+00:00
SAO_364A-10,São Paulo,3550308,True,,34014,,,-23.5847285,-46.611627500000004,,,,2,2023-06-15T16:48:39+00:00
SAO_364A-10,São Paulo,3550308,True,,34014,,,-23.581912,-46.552401,,,,2,2023-06-15T16:48:38+00:00
SAO_508L-10,São Paulo,3550308,True,EMTU,117,https://moovitapp.com/index/pt-br/transporte_p%C3%BAblico-line-117-Sao_Paulo-242-2038937-36419277-0,4.8,-23.579569499999998,-46.6357105,,,,1,2023-06-15T16:48:28+00:00
SAO_508L-10,São Paulo,3550308,True,EMTU,117,https://moovitapp.com/index/pt-br/transporte_p%C3%BAblico-line-117-Sao_Paulo-242-2038937-36419277-0,4.8,-23.540916000000003,-46.655556499999996,,,,1,2023-06-15T16:48:07+00:00
SAO_508L-10,São Paulo,3550308,True,EMTU,117,https://moovitapp.com/index/pt-br/transporte_p%C3%BAblico-line-117-Sao_Paulo-242-2038937-36419277-0,4.8,-23.5584995,-46.659910124999996,,,,1,2023-06-15T16:48:40+00:00
SAO_508L-10,São Paulo,3550308,True,EMTU,117,https://moovitapp.com/index/pt-br/transporte_p%C3%BAblico-line-117-Sao_Paulo-242-2038937-36419277-0,4.8,-23.534772,-46.644349,,,,1,2023-06-15T16:48:40+00:00
SAO_508L-10,São Paulo,3550308,True,EMTU,117,https://moovitapp.com/index/pt-br/transporte_p%C3%BAblico-line-117-Sao_Paulo-242-2038937-36419277-0,4.8,-23.535661750000003,-46.645317750000004,,,,1,2023-06-15T16:48:35+00:00
SAO_9020-10,São Paulo,3550308,True,,34202,,,-23.4685845,-46.721347,,,,2,2023-06-15T16:48:00+00:00
SAO_9020-10,São Paulo,3550308,True,,34202,,,-23.466682,-46.719744,,,,2,2023-06-15T16:48:41+00:00
SAO_9020-10,São Paulo,3550308,True,,34202,,,-23.4685845,-46.721347,,,,2,2023-06-15T16:48:06+00:00
SAO_9020-10,São Paulo,3550308,True,,34202,,,-23.483690000000003,-46.722528,,,,2,2023-06-15T16:48:31+00:00
SAO_6027-10,São Paulo,3550308,True,,32858,,,-23.72318425,-46.670979,,,,2,2023-06-15T16:48:26+00:00
SAO_6027-10,São Paulo,3550308,True,,32858,,,-23.702490625,-46.701837375,,,,2,2023-06-15T16:48:44+00:00
SAO_6027-10,São Paulo,3550308,True,,32858,,,-23.72318425,-46.670979,,,,2,2023-06-15T16:48:36+00:00
SAO_6027-10,São Paulo,3550308,True,,32858,,,-23.72318425,-46.670979,,,,2,2023-06-15T16:48:11+00:00
SAO_6027-10,São Paulo,3550308,True,,32858,,,-23.7218735,-46.69100025,,,,2,2023-06-15T16:48:37+00:00
SAO_6027-10,São Paulo,3550308,True,,32858,,,-23.723273499999998,-46.680383500000005,,,,2,2023-06-15T16:48:07+00:00
SAO_6027-10,São Paulo,3550308,True,,32858,,,-23.72318425,-46.670979,,,,2,2023-06-15T16:48:31+00:00
SAO_6027-10,São Paulo,3550308,True,,32858,,,-23.659702,-46.7050855,,,,2,2023-06-15T16:48:29+00:00
SAO_3160-10,São Paulo,3550308,True,EMTU,125,https://moovitapp.com/index/pt-br/transporte_p%C3%BAblico-line-125-Sao_Paulo-242-2038937-36419283-0,5.15,-23.5815445,-46.585663499999995,,,,1,2023-06-15T16:48:35+00:00
SAO_3160-10,São Paulo,3550308,True,EMTU,125,https://moovitapp.com/index/pt-br/transporte_p%C3%BAblico-line-125-Sao_Paulo-242-2038937-36419283-0,5.15,-23.5484535,-46.6287735,,,,1,2023-06-15T16:48:08+00:00
SAO_3160-10,São Paulo,3550308,True,EMTU,125,https://moovitapp.com/index/pt-br/transporte_p%C3%BAblico-line-125-Sao_Paulo-242-2038937-36419283-0,5.15,-23.5550405,-46.604891499999994,,,,1,2023-06-15T16:48:45+00:00
SAO_3160-10,São Paulo,3550308,True,EMTU,125,https://moovitapp.com/index/pt-br/transporte_p%C3%BAblico-line-125-Sao_Paulo-242-2038937-36419283-0,5.15,-23.5515695,-46.624459,,,,1,2023-06-15T16:48:38+00:00
SAO_3160-10,São Paulo,3550308,True,EMTU,125,https://moovitapp.com/index/pt-br/transporte_p%C3%BAblico-line-125-Sao_Paulo-242-2038937-36419283-0,5.15,-23.5509805,-46.625003500000005,,,,1,2023-06-15T16:48:07+00:00
SAO_3160-10,São Paulo,3550308,True,EMTU,125,https://moovitapp.com/index/pt-br/transporte_p%C3%BAblico-line-125-Sao_Paulo-242-2038937-36419283-0,5.15,-23.5482455,-46.6268245,,,,1,2023-06-15T16:48:38+00:00
SAO_3160-10,São Paulo,3550308,True,EMTU,125,https://moovitapp.com/index/pt-br/transporte_p%C3%BAblico-line-125-Sao_Paulo-242-2038937-36419283-0,5.15,-23.5838375,-46.584777,,,,1,2023-06-15T16:48:44+00:00
SAO_3160-10,São Paulo,3550308,True,EMTU,125,https://moovitapp.com/index/pt-br/transporte_p%C3%BAblico-line-125-Sao_Paulo-242-2038937-36419283-0,5.15,-23.5838375,-46.584777,,,,1,2023-06-15T16:48:39+00:00
SAO_971C-10,São Paulo,3550308,True,,33339,,,-23.449078,-46.710038,,,,2,2023-06-15T16:48:14+00:00
SAO_971C-10,São Paulo,3550308,True,,33339,,,-23.4481065,-46.716472499999995,,,,2,2023-06-15T16:48:35+00:00
SAO_971C-10,São Paulo,3550308,True,,33339,,,-23.4889455,-46.65128,,,,2,2023-06-15T16:48:34+00:00
SAO_971C-10,São Paulo,3550308,True,,33339,,,-23.4489235,-46.7102915,,,,2,2023-06-15T16:48:09+00:00
SAO_971C-10,São Paulo,3550308,True,,33339,,,-23.4491315,-46.7098465,,,,2,2023-06-15T16:48:11+00:00
SAO_971C-10,São Paulo,3550308,True,,33339,,,-23.442132625,-46.706932125,,,,2,2023-06-15T16:48:14+00:00
SAO_971C-10,São Paulo,3550308,True,,33339,,,-23.4627185,-46.6833605,,,,2,2023-06-15T16:48:21+00:00
SAO_971C-10,São Paulo,3550308,True,,33339,,,-23.448246,-46.708749499999996,,,,2,2023-06-15T16:48:30+00:00
SAO_971C-10,São Paulo,3550308,True,,33339,,,-23.4490045,-46.7102105,,,,2,2023-06-15T16:48:37+00:00
SAO_809U-21,São Paulo,3550308,True,,35075,,,-23.5440125,-46.69050475,,,,2,2023-06-15T16:48:12+00:00
SAO_809U-21,São Paulo,3550308,True,,35075,,,-23.5314355,-46.679734749999994,,,,2,2023-06-15T16:48:08+00:00
SAO_809U-21,São Paulo,3550308,True,,35075,,,-23.526236500000003,-46.671999,,,,2,2023-06-15T16:48:30+00:00
SAO_809U-21,São Paulo,3550308,True,,35075,,,-23.547126499999997,-46.690053000000006,,,,2,2023-06-15T16:48:26+00:00
SAO_4726-10,São Paulo,3550308,True,,1680,,,-23.54093,-46.5763015,,,,1,2023-06-15T16:48:36+00:00
SAO_4726-10,São Paulo,3550308,True,,1680,,,-23.56171475,-46.58252625,,,,1,2023-06-15T16:48:24+00:00
SAO_4726-10,São Paulo,3550308,True,,1680,,,-23.55231325,-46.581536,,,,1,2023-06-15T16:48:30+00:00
SAO_4726-10,São Paulo,3550308,True,,1680,,,-23.563505,-46.591331499999995,,,,1,2023-06-15T16:48:18+00:00
SAO_4726-10,São Paulo,3550308,True,,1680,,,-23.56779925,-46.582511124999996,,,,1,2023-06-15T16:48:08+00:00
SAO_4726-10,São Paulo,3550308,True,,1680,,,-23.5409805,-46.5765495,,,,1,2023-06-15T16:48:13+00:00
SAO_574A-10,São Paulo,3550308,True,Rápido Campinas,602,https://moovitapp.com/index/pt-br/transporte_p%C3%BAblico-line-602-Sao_Paulo-242-858660-638986-0,5.3,-23.589295999999997,-46.63421325,,,,1,2023-06-15T16:48:29+00:00
SAO_574A-10,São Paulo,3550308,True,Rápido Campinas,602,https://moovitapp.com/index/pt-br/transporte_p%C3%BAblico-line-602-Sao_Paulo-242-858660-638986-0,5.3,-23.605396,-46.636989,,,,1,2023-06-15T16:48:14+00:00
SAO_574A-10,São Paulo,3550308,True,Rápido Campinas,602,https://moovitapp.com/index/pt-br/transporte_p%C3%BAblico-line-602-Sao_Paulo-242-858660-638986-0,5.3,-23.6683785,-46.642662,,,,1,2023-06-15T16:48:07+00:00
SAO_574A-10,São Paulo,3550308,True,Rápido Campinas,602,https://moovitapp.com/index/pt-br/transporte_p%C3%BAblico-line-602-Sao_Paulo-242-858660-638986-0,5.3,-23.6683785,-46.642662,,,,1,2023-06-15T16:48:33+00:00
SAO_574A-10,São Paulo,3550308,True,Rápido Campinas,602,https://moovitapp.com/index/pt-br/transporte_p%C3%BAblico-line-602-Sao_Paulo-242-858660-638986-0,5.3,-23.6345165,-46.641293000000005,,,,1,2023-06-15T16:48:24+00:00
SAO_574A-10,São Paulo,3550308,True,Rápido Campinas,602,https://moovitapp.com/index/pt-br/transporte_p%C3%BAblico-line-602-Sao_Paulo-242-858660-638986-0,5.3,-23.565824375,-46.613998124999995,,,,1,2023-06-15T16:48:02+00:00
SAO_4716-10,São Paulo,3550308,True,,1106,,,-23.601743,-46.601547,,,,1,2023-06-15T16:48:13+00:00
SAO_4716-10,São Paulo,3550308,True,,1106,,,-23.6110295,-46.608603,,,,1,2023-06-15T16:48:12+00:00
SAO_4716-10,São Paulo,3550308,True,,1106,,,-23.602343624999996,-46.6350005,,,,1,2023-06-15T16:48:13+00:00
SAO_4716-10,São Paulo,3550308,True,,1106,,,-23.601743,-46.601547,,,,1,2023-06-15T16:48:13+00:00
SAO_4716-10,São Paulo,3550308,True,,1106,,,-23.613336,-46.6175185,,,,1,2023-06-15T16:48:17+00:00
SAO_233A-10,São Paulo,3550308,True,EMTU,249,https://moovitapp.com/index/pt-br/transporte_p%C3%BAblico-line-249-Sao_Paulo-242-2038937-58093193-0,5.4,-23.533745,-46.480992,,,,1,2023-06-15T16:48:31+00:00
SAO_233A-10,São Paulo,3550308,True,EMTU,249,https://moovitapp.com/index/pt-br/transporte_p%C3%BAblico-line-249-Sao_Paulo-242-2038937-58093193-0,5.4,-23.477532,-46.419004,,,,1,2023-06-15T16:47:49+00:00
SAO_233A-10,São Paulo,3550308,True,EMTU,249,https://moovitapp.com/index/pt-br/transporte_p%C3%BAblico-line-249-Sao_Paulo-242-2038937-58093193-0,5.4,-23.55156875,-46.5125965,,,,1,2023-06-15T16:47:30+00:00
SAO_233A-10,São Paulo,3550308,True,EMTU,249,https://moovitapp.com/index/pt-br/transporte_p%C3%BAblico-line-249-Sao_Paulo-242-2038937-58093193-0,5.4,-23.526847500000002,-46.446185,,,,1,2023-06-15T16:48:42+00:00
SAO_975A-10,São Paulo,3550308,True,,33357,,,-23.484181,-46.687559,,,,2,2023-06-15T16:48:03+00:00
SAO_975A-10,São Paulo,3550308,True,,33357,,,-23.4808605,-46.690371999999996,,,,2,2023-06-15T16:45:12+00:00
SAO_975A-10,São Paulo,3550308,True,,33357,,,-23.577665,-46.640632499999995,,,,2,2023-06-15T16:48:12+00:00
SAO_975A-10,São Paulo,3550308,True,,33357,,,-23.5366455,-46.667362,,,,2,2023-06-15T16:48:29+00:00
SAO_975A-10,São Paulo,3550308,True,,33357,,,-23.468571,-46.6963775,,,,2,2023-06-15T16:48:09+00:00
SAO_975A-10,São Paulo,3550308,True,,33357,,,-23.53387475,-46.660867374999995,,,,2,2023-06-15T16:48:02+00:00
SAO_975A-10,São Paulo,3550308,True,,33357,,,-23.56150275,-46.656306,,,,2,2023-06-15T16:48:02+00:00
SAO_5757-10,São Paulo,3550308,True,,34056,,,-23.691199500000003,-46.639219499999996,,,,2,2023-06-15T16:48:03+00:00
SAO_5757-10,São Paulo,3550308,True,,34056,,,-23.6738375,-46.643306499999994,,,,2,2023-06-15T16:48:13+00:00
SAO_5757-10,São Paulo,3550308,True,,34056,,,-23.6913305,-46.639309999999995,,,,2,2023-06-15T16:48:05+00:00
SAO_5757-10,São Paulo,3550308,True,,34056,,,-23.674775,-46.642773000000005,,,,2,2023-06-15T16:48:09+00:00
SAO_5757-10,São Paulo,3550308,True,,34056,,,-23.691199500000003,-46.639219499999996,,,,2,2023-06-15T16:48:16+00:00
SAO_5757-10,São Paulo,3550308,True,,34056,,,-23.636175,-46.64056825,,,,2,2023-06-15T16:48:41+00:00
SAO_5757-10,São Paulo,3550308,True,,34056,,,-23.688341,-46.63870525,,,,2,2023-06-15T16:48:44+00:00
SAO_5757-10,São Paulo,3550308,True,,34056,,,-23.6913305,-46.639309999999995,,,,2,2023-06-15T16:48:39+00:00
SAO_5757-10,São Paulo,3550308,True,,34056,,,-23.64662525,-46.64058625,,,,2,2023-06-15T16:48:31+00:00
SAO_5100-10,São Paulo,3550308,True,,34138,,,-23.5853895,-46.68170825,,,,2,2023-06-15T16:48:24+00:00
SAO_5100-10,São Paulo,3550308,True,,34138,,,-23.565806000000002,-46.7018425,,,,2,2023-06-15T16:48:29+00:00
SAO_5100-10,São Paulo,3550308,True,,34138,,,-23.566470000000002,-46.694267499999995,,,,2,2023-06-15T16:48:29+00:00
SAO_4021-10,São Paulo,3550308,True,,2548,,,-23.554920375,-46.453962000000004,,,,1,2023-06-15T16:48:18+00:00
SAO_4021-10,São Paulo,3550308,True,,2548,,,-23.542802000000002,-46.470636,,,,1,2023-06-15T16:48:06+00:00
SAO_9050-10,São Paulo,3550308,True,,34856,,,-23.576174,-46.6874595,,,,2,2023-06-15T16:48:21+00:00
SAO_9050-10,São Paulo,3550308,True,,34856,,,-23.550544000000002,-46.700144,,,,2,2023-06-15T16:48:09+00:00
SAO_9050-10,São Paulo,3550308,True,,34856,,,-23.5200315,-46.699387,,,,2,2023-06-15T16:48:04+00:00
SAO_9050-10,São Paulo,3550308,True,,34856,,,-23.551521,-46.7033445,,,,2,2023-06-15T16:48:40+00:00
SAO_9050-10,São Paulo,3550308,True,,34856,,,-23.520992749999998,-46.699836,,,,2,2023-06-15T16:48:02+00:00
SAO_6091-10,São Paulo,3550308,True,,1175,,,-23.689377,-46.6974785,,,,1,2023-06-15T16:48:44+00:00
SAO_6091-10,São Paulo,3550308,True,,1175,,,-23.862353499999998,-46.712526,,,,1,2023-06-15T16:42:56+00:00
SAO_6091-10,São Paulo,3550308,True,,1175,,,-23.663342,-46.70634750000001,,,,1,2023-06-15T16:48:44+00:00
SAO_6091-10,São Paulo,3550308,True,,1175,,,-23.7290225,-46.6987865,,,,1,2023-06-15T16:48:25+00:00
SAO_6091-10,São Paulo,3550308,True,,1175,,,-23.858976499999997,-46.7077455,,,,1,2023-06-15T16:45:03+00:00
SAO_6091-10,São Paulo,3550308,True,,1175,,,-23.807117499999997,-46.736568500000004,,,,1,2023-06-15T16:48:35+00:00
SAO_6091-10,São Paulo,3550308,True,,1175,,,-23.862353499999998,-46.712526,,,,1,2023-06-15T16:48:41+00:00
SAO_6091-10,São Paulo,3550308,True,,1175,,,-23.862353499999998,-46.712526,,,,1,2023-06-15T16:42:42+00:00
SAO_6091-10,São Paulo,3550308,True,,1175,,,-23.8623725,-46.713284,,,,1,2023-06-15T16:48:18+00:00
SAO_6091-10,São Paulo,3550308,True,,1175,,,-23.8623725,-46.713284,,,,1,2023-06-15T16:46:18+00:00
SAO_775F-31,São Paulo,3550308,True,,2488,,,-23.587324000000002,-46.698958000000005,,,,1,2023-06-15T16:48:41+00:00
SAO_775F-31,São Paulo,3550308,True,,2488,,,-23.620948,-46.733431499999995,,,,1,2023-06-15T16:48:41+00:00
SAO_775F-31,São Paulo,3550308,True,,2488,,,-23.6254505,-46.7479555,,,,1,2023-06-15T16:48:29+00:00
SAO_775F-31,São Paulo,3550308,True,,2488,,,-23.6254505,-46.7479555,,,,1,2023-06-15T16:48:17+00:00
SAO_775F-31,São Paulo,3550308,True,,2488,,,-23.6254505,-46.7479555,,,,1,2023-06-15T16:48:36+00:00
SAO_775F-31,São Paulo,3550308,True,,2488,,,-23.603258750000002,-46.7121355,,,,1,2023-06-15T16:48:27+00:00
SAO_2770-10,São Paulo,3550308,True,,33011,,,-23.507406875,-46.48769825,,,,2,2023-06-15T16:48:08+00:00
SAO_2770-10,São Paulo,3550308,True,,33011,,,-23.539111,-46.4313315,,,,2,2023-06-15T16:48:46+00:00
SAO_2770-10,São Paulo,3550308,True,,33011,,,-23.539380375,-46.431489625,,,,2,2023-06-15T16:48:31+00:00
SAO_2770-10,São Paulo,3550308,True,,33011,,,-23.5292805,-46.416466,,,,2,2023-06-15T16:48:11+00:00
SAO_2770-10,São Paulo,3550308,True,,33011,,,-23.4934105,-46.441667,,,,2,2023-06-15T16:48:40+00:00
SAO_2770-10,São Paulo,3550308,True,,33011,,,-23.539849875,-46.431764125,,,,2,2023-06-15T16:48:16+00:00
SAO_407J-10,São Paulo,3550308,True,,34966,,,-23.55256375,-46.403938875,,,,2,2023-06-15T16:48:10+00:00
SAO_407J-10,São Paulo,3550308,True,,34966,,,-23.5614635,-46.47444025,,,,2,2023-06-15T16:48:35+00:00
SAO_407J-10,São Paulo,3550308,True,,34966,,,-23.5540335,-46.403518000000005,,,,2,2023-06-15T16:48:42+00:00
SAO_407J-10,São Paulo,3550308,True,,34966,,,-23.5540335,-46.403518000000005,,,,2,2023-06-15T16:39:45+00:00
SAO_407J-10,São Paulo,3550308,True,,34966,,,-23.5439645,-46.563257,,,,2,2023-06-15T16:48:24+00:00
SAO_407J-10,São Paulo,3550308,True,,34966,,,-23.55256375,-46.403938875,,,,2,2023-06-15T16:48:26+00:00
SAO_407J-10,São Paulo,3550308,True,,34966,,,-23.557001,-46.4716195,,,,2,2023-06-15T16:48:03+00:00
SAO_407J-10,São Paulo,3550308,True,,34966,,,-23.571445,-46.506398000000004,,,,2,2023-06-15T16:48:06+00:00
SAO_407J-10,São Paulo,3550308,True,,34966,,,-23.5538775,-46.403907,,,,2,2023-06-15T16:48:44+00:00
SAO_407J-10,São Paulo,3550308,True,,34966,,,-23.541229,-46.5766665,,,,2,2023-06-15T16:48:01+00:00
SAO_407J-10,São Paulo,3550308,True,,34966,,,-23.547039,-46.540972374999996,,,,2,2023-06-15T16:48:28+00:00
SAO_407J-10,São Paulo,3550308,True,,34966,,,-23.5385685,-46.426801,,,,2,2023-06-15T16:48:29+00:00
SAO_407J-10,São Paulo,3550308,True,,34966,,,-23.55371425,-46.40418275,,,,2,2023-06-15T16:29:11+00:00
SAO_6803-10,São Paulo,3550308,True,BR7 Mobilidade,29,https://moovitapp.com/index/pt-br/transporte_p%C3%BAblico-line-29-Sao_Paulo-242-851856-500111-0,5.75,-23.654829,-46.7538775,,,,1,2023-06-15T16:48:27+00:00
SAO_6803-10,São Paulo,3550308,True,BR7 Mobilidade,29,https://moovitapp.com/index/pt-br/transporte_p%C3%BAblico-line-29-Sao_Paulo-242-851856-500111-0,5.75,-23.643682,-46.7423945,,,,1,2023-06-15T16:48:09+00:00
SAO_2721-10,São Paulo,3550308,True,,33702,,,-23.519935500000003,-46.444098,,,,2,2023-06-15T16:48:32+00:00
SAO_2721-10,São Paulo,3550308,True,,33702,,,-23.497588,-46.441244499999996,,,,2,2023-06-15T16:48:38+00:00
SAO_2721-10,São Paulo,3550308,True,,33702,,,-23.5399705,-46.461889,,,,2,2023-06-15T16:48:15+00:00
SAO_2721-10,São Paulo,3550308,True,,33702,,,-23.4951845,-46.43398075,,,,2,2023-06-15T16:48:21+00:00
SAO_2721-10,São Paulo,3550308,True,,33702,,,-23.5186395,-46.4096585,,,,2,2023-06-15T16:48:16+00:00
SAO_2721-10,São Paulo,3550308,True,,33702,,,-23.50997875,-46.404943,,,,2,2023-06-15T16:48:26+00:00
SAO_8023-10,São Paulo,3550308,True,,34842,,,-23.590331499999998,-46.8031385,,,,2,2023-06-15T16:48:31+00:00
SAO_8023-10,São Paulo,3550308,True,,34842,,,-23.590517875,-46.802538874999996,,,,2,2023-06-15T16:48:02+00:00
SAO_7005-51,São Paulo,3550308,True,,34767,,,-23.700973,-46.7817845,,,,2,2023-06-15T16:48:24+00:00
SAO_7005-51,São Paulo,3550308,True,,34767,,,-23.7312905,-46.7859135,,,,2,2023-06-15T16:48:10+00:00
SAO_7005-51,São Paulo,3550308,True,,34767,,,-23.73646075,-46.776863250000005,,,,2,2023-06-15T16:48:05+00:00
SAO_7005-51,São Paulo,3550308,True,,34767,,,-23.700074,-46.780868,,,,2,2023-06-15T16:48:07+00:00
SAO_7005-51,São Paulo,3550308,True,,34767,,,-23.6766065,-46.7739425,,,,2,2023-06-15T16:48:05+00:00
SAO_8055-51,São Paulo,3550308,True,EMTU,417,https://moovitapp.com/index/pt-br/transporte_p%C3%BAblico-line-417-Sao_Paulo-242-2038937-36419474-0,5.2,-23.5256045,-46.681706500000004,,,,1,2023-06-15T16:48:42+00:00
SAO_8055-51,São Paulo,3550308,True,EMTU,417,https://moovitapp.com/index/pt-br/transporte_p%C3%BAblico-line-417-Sao_Paulo-242-2038937-36419474-0,5.2,-23.408545500000002,-46.740751,,,,1,2023-06-15T16:48:06+00:00
SAO_8055-51,São Paulo,3550308,True,EMTU,417,https://moovitapp.com/index/pt-br/transporte_p%C3%BAblico-line-417-Sao_Paulo-242-2038937-36419474-0,5.2,-23.5110365,-46.7280685,,,,1,2023-06-15T16:47:56+00:00
SAO_8055-51,São Paulo,3550308,True,EMTU,417,https://moovitapp.com/index/pt-br/transporte_p%C3%BAblico-line-417-Sao_Paulo-242-2038937-36419474-0,5.2,-23.40959075,-46.7624,,,,1,2023-06-15T16:46:54+00:00
SAO_9717-10,São Paulo,3550308,True,,33585,,,-23.505803,-46.6689645,,,,2,2023-06-15T16:48:45+00:00
SAO_9717-10,São Paulo,3550308,True,,33585,,,-23.511491625,-46.628268625000004,,,,2,2023-06-15T16:48:05+00:00
SAO_9717-10,São Paulo,3550308,True,,33585,,,-23.5033845,-46.623622999999995,,,,2,2023-06-15T16:48:05+00:00
SAO_6475-10,São Paulo,3550308,True,,34085,,,-23.673530999999997,-46.773515,,,,2,2023-06-15T16:48:14+00:00
SAO_6475-10,São Paulo,3550308,True,,34085,,,-23.656924,-46.7639025,,,,2,2023-06-15T16:48:47+00:00
SAO_6475-10,São Paulo,3550308,True,,34085,,,-23.5568825,-46.6515995,,,,2,2023-06-15T16:48:33+00:00
SAO_6475-10,São Paulo,3550308,True,,34085,,,-23.670895,-46.75936299999999,,,,2,2023-06-15T16:48:29+00:00
SAO_6475-10,São Paulo,3550308,True,,34085,,,-23.63982,-46.7372965,,,,2,2023-06-15T16:48:39+00:00
SAO_6475-10,São Paulo,3550308,True,,34085,,,-23.5789295,-46.676567000000006,,,,2,2023-06-15T16:48:35+00:00
SAO_6475-10,São Paulo,3550308,True,,34085,,,-23.671030000000002,-46.758897,,,,2,2023-06-15T16:48:22+00:00
SAO_3795-10,São Paulo,3550308,True,,1073,,,-23.549212249999997,-46.455781,,,,1,2023-06-15T16:48:05+00:00
SAO_3795-10,São Paulo,3550308,True,,1073,,,-23.5599825,-46.4153285,,,,1,2023-06-15T16:48:14+00:00
SAO_3795-10,São Paulo,3550308,True,,1073,,,-23.559945,-46.415017750000004,,,,1,2023-06-15T16:48:36+00:00
SAO_3795-10,São Paulo,3550308,True,,1073,,,-23.5599825,-46.4153285,,,,1,2023-06-15T16:48:41+00:00
SAO_3795-10,São Paulo,3550308,True,,1073,,,-23.5599825,-46.4153285,,,,1,2023-06-15T16:47:57+00:00
SAO_178A-10,São Paulo,3550308,True,EMTU,558,https://moovitapp.com/index/pt-br/transporte_p%C3%BAblico-line-558-Sao_Paulo-242-2038937-36419559-0,4.4,-23.5183395,-46.6266445,,,,1,2023-06-15T16:48:33+00:00
SAO_178A-10,São Paulo,3550308,True,EMTU,558,https://moovitapp.com/index/pt-br/transporte_p%C3%BAblico-line-558-Sao_Paulo-242-2038937-36419559-0,4.4,-23.518277,-46.628647,,,,1,2023-06-15T16:48:03+00:00
SAO_178A-10,São Paulo,3550308,True,EMTU,558,https://moovitapp.com/index/pt-br/transporte_p%C3%BAblico-line-558-Sao_Paulo-242-2038937-36419559-0,4.4,-23.5180395,-46.7043665,,,,1,2023-06-15T16:48:24+00:00
SAO_857P-10,São Paulo,3550308,True,,34694,,,-23.622524,-46.762103999999994,,,,2,2023-06-15T16:48:28+00:00
SAO_857P-10,São Paulo,3550308,True,,34694,,,-23.56325125,-46.654227000000006,,,,2,2023-06-15T16:48:39+00:00
SAO_857P-10,São Paulo,3550308,True,,34694,,,-23.6316405,-46.772316,,,,2,2023-06-15T16:48:11+00:00
SAO_857P-10,São Paulo,3550308,True,,34694,,,-23.601551,-46.7434305,,,,2,2023-06-15T16:48:40+00:00
SAO_857P-10,São Paulo,3550308,True,,34694,,,-23.6316405,-46.772316,,,,2,2023-06-15T16:48:18+00:00
SAO_857P-10,São Paulo,3550308,True,,34694,,,-23.567225,-46.683673,,,,2,2023-06-15T16:48:27+00:00
SAO_857P-10,São Paulo,3550308,True,,34694,,,-23.62694175,-46.766502,,,,2,2023-06-15T16:48:19+00:00
SAO_857P-10,São Paulo,3550308,True,,34694,,,-23.5750475,-46.642945125,,,,2,2023-06-15T16:48:03+00:00
SAO_857P-10,São Paulo,3550308,True,,34694,,,-23.6312955,-46.773033999999996,,,,2,2023-06-15T16:48:33+00:00
SAO_857P-10,São Paulo,3550308,True,,34694,,,-23.58077,-46.711467,,,,2,2023-06-15T16:48:47+00:00
SAO_407Y-10,São Paulo,3550308,True,,34974,,,-23.573306,-46.5042655,,,,2,2023-06-15T16:48:06+00:00
SAO_407Y-10,São Paulo,3550308,True,,34974,,,-23.570445,-46.490663,,,,2,2023-06-15T16:48:32+00:00
SAO_407Y-10,São Paulo,3550308,True,,34974,,,-23.5766275,-46.55097000000001,,,,2,2023-06-15T16:48:10+00:00
SAO_407Y-10,São Paulo,3550308,True,,34974,,,-23.57389375,-46.557759250000004,,,,2,2023-06-15T16:48:33+00:00
SAO_407Y-10,São Paulo,3550308,True,,34974,,,-23.570582,-46.490271500000006,,,,2,2023-06-15T16:48:37+00:00
SAO_8028-10,São Paulo,3550308,True,,35300,,,-23.6200275,-46.7234975,,,,2,2023-06-15T16:48:12+00:00
SAO_8028-10,São Paulo,3550308,True,,35300,,,-23.6222185,-46.7278965,,,,2,2023-06-15T16:48:38+00:00
SAO_8028-10,São Paulo,3550308,True,,35300,,,-23.585445,-46.724078,,,,2,2023-06-15T16:48:22+00:00
SAO_8028-10,São Paulo,3550308,True,,35300,,,-23.6172295,-46.720997,,,,2,2023-06-15T16:48:43+00:00
SAO_8028-10,São Paulo,3550308,True,,35300,,,-23.6038445,-46.712261,,,,2,2023-06-15T16:48:22+00:00
SAO_8028-10,São Paulo,3550308,True,,35300,,,-23.6038445,-46.712261,,,,2,2023-06-15T16:48:30+00:00
SAO_6913-10,São Paulo,3550308,True,,1465,,,-23.751493,-46.710671000000005,,,,1,2023-06-15T16:48:38+00:00
SAO_6913-10,São Paulo,3550308,True,,1465,,,-23.62766125,-46.68821275,,,,1,2023-06-15T16:48:13+00:00
SAO_6913-10,São Paulo,3550308,True,,1465,,,-23.55314,-46.647757999999996,,,,1,2023-06-15T16:48:27+00:00
SAO_6913-10,São Paulo,3550308,True,,1465,,,-23.5885945,-46.67185075,,,,1,2023-06-15T16:48:10+00:00
SAO_6913-10,São Paulo,3550308,True,,1465,,,-23.644592125000003,-46.700327,,,,1,2023-06-15T16:48:14+00:00
SAO_6913-10,São Paulo,3550308,True,,1465,,,-23.672530875,-46.712163125,,,,1,2023-06-15T16:48:28+00:00
SAO_6913-10,São Paulo,3550308,True,,1465,,,-23.640083750000002,-46.697184500000006,,,,1,2023-06-15T16:42:37+00:00
SAO_6913-10,São Paulo,3550308,True,,1465,,,-23.71743575,-46.704061499999995,,,,1,2023-06-15T16:48:31+00:00
SAO_6913-10,São Paulo,3550308,True,,1465,,,-23.653042999999997,-46.706222,,,,1,2023-06-15T16:48:38+00:00
SAO_6913-10,São Paulo,3550308,True,,1465,,,-23.767560000000003,-46.7161905,,,,1,2023-06-15T16:48:39+00:00
SAO_8600-10,São Paulo,3550308,True,,34200,,,-23.543416999999998,-46.637842500000005,,,,2,2023-06-15T16:48:30+00:00
SAO_8600-10,São Paulo,3550308,True,,34200,,,-23.4940865,-46.70895350000001,,,,2,2023-06-15T16:48:27+00:00
SAO_8600-10,São Paulo,3550308,True,,34200,,,-23.522741874999998,-46.658436625,,,,2,2023-06-15T16:48:42+00:00
SAO_8600-10,São Paulo,3550308,True,,34200,,,-23.506769499999997,-46.705805999999995,,,,2,2023-06-15T16:48:40+00:00
SAO_8600-10,São Paulo,3550308,True,,34200,,,-23.486121,-46.726629624999994,,,,2,2023-06-15T16:48:16+00:00
SAO_5164-21,São Paulo,3550308,True,,34384,,,-23.576101375,-46.65769225,,,,2,2023-06-15T16:48:20+00:00
SAO_5164-21,São Paulo,3550308,True,,34384,,,-23.6526215,-46.6461985,,,,2,2023-06-15T16:48:24+00:00
SAO_5164-21,São Paulo,3550308,True,,34384,,,-23.60966275,-46.63795625,,,,2,2023-06-15T16:48:42+00:00
SAO_5164-21,São Paulo,3550308,True,,34384,,,-23.59679825,-46.646377125,,,,2,2023-06-15T16:48:02+00:00
SAO_5164-21,São Paulo,3550308,True,,34384,,,-23.643416000000002,-46.651034249999995,,,,2,2023-06-15T16:48:21+00:00
SAO_5164-21,São Paulo,3550308,True,,34384,,,-23.652772499999998,-46.64590575,,,,2,2023-06-15T16:48:41+00:00
SAO_6046-10,São Paulo,3550308,True,,33991,,,-23.641782874999997,-46.713958875,,,,2,2023-06-15T16:48:04+00:00
SAO_6046-10,São Paulo,3550308,True,,33991,,,-23.660064,-46.767101,,,,2,2023-06-15T16:48:43+00:00
SAO_6046-10,São Paulo,3550308,True,,33991,,,-23.651277,-46.757588999999996,,,,2,2023-06-15T16:48:04+00:00
SAO_6046-10,São Paulo,3550308,True,,33991,,,-23.642476000000002,-46.738743,,,,2,2023-06-15T16:48:14+00:00
SAO_6046-10,São Paulo,3550308,True,,33991,,,-23.684711,-46.7822195,,,,2,2023-06-15T16:48:07+00:00
SAO_6000-10,São Paulo,3550308,True,,33908,,,-23.82200675,-46.7360084375,,,,2,2023-06-15T16:48:17+00:00
SAO_6000-10,São Paulo,3550308,True,,33908,,,-23.8284605,-46.7271145,,,,2,2023-06-15T16:48:14+00:00
SAO_6000-10,São Paulo,3550308,True,,33908,,,-23.828025500000003,-46.7271865,,,,2,2023-06-15T16:48:43+00:00
SAO_6000-10,São Paulo,3550308,True,,33908,,,-23.717915,-46.699125,,,,2,2023-06-15T16:48:23+00:00
SAO_6000-10,São Paulo,3550308,True,,33908,,,-23.67847175,-46.7125835,,,,2,2023-06-15T16:48:28+00:00
SAO_6000-10,São Paulo,3550308,True,,33908,,,-23.827983,-46.727349000000004,,,,2,2023-06-15T16:48:39+00:00
SAO_6000-10,São Paulo,3550308,True,,33908,,,-23.7509645,-46.710645,,,,2,2023-06-15T16:48:25+00:00
SAO_6000-10,São Paulo,3550308,True,,33908,,,-23.806641499999998,-46.736486,,,,2,2023-06-15T16:48:27+00:00
SAO_6000-10,São Paulo,3550308,True,,33908,,,-23.8284605,-46.7271145,,,,2,2023-06-15T16:48:02+00:00
SAO_6000-10,São Paulo,3550308,True,,33908,,,-23.654213,-46.710369,,,,2,2023-06-15T16:48:43+00:00
SAO_6000-10,São Paulo,3550308,True,,33908,,,-23.828025500000003,-46.7271865,,,,2,2023-06-15T16:48:39+00:00
SAO_6000-10,São Paulo,3550308,True,,33908,,,-23.662735375000004,-46.706996000000004,,,,2,2023-06-15T16:48:42+00:00
SAO_6000-10,São Paulo,3550308,True,,33908,,,-23.7178115,-46.699947,,,,2,2023-06-15T16:48:43+00:00
SAO_6000-10,São Paulo,3550308,True,,33908,,,-23.771615,-46.719333000000006,,,,2,2023-06-15T16:45:33+00:00
SAO_273J-10,São Paulo,3550308,True,STT,389,https://moovitapp.com/index/pt-br/transporte_p%C3%BAblico-line-389-Sao_Paulo-242-850661-183299-0,5.3,-23.5309795,-46.53770675,,,,1,2023-06-15T16:48:43+00:00
SAO_273J-10,São Paulo,3550308,True,STT,389,https://moovitapp.com/index/pt-br/transporte_p%C3%BAblico-line-389-Sao_Paulo-242-850661-183299-0,5.3,-23.48438325,-46.423771,,,,1,2023-06-15T16:48:25+00:00
SAO_273J-10,São Paulo,3550308,True,STT,389,https://moovitapp.com/index/pt-br/transporte_p%C3%BAblico-line-389-Sao_Paulo-242-850661-183299-0,5.3,-23.51639075,-46.48332175,,,,1,2023-06-15T16:48:10+00:00
SAO_273J-10,São Paulo,3550308,True,STT,389,https://moovitapp.com/index/pt-br/transporte_p%C3%BAblico-line-389-Sao_Paulo-242-850661-183299-0,5.3,-23.533114,-46.5432805,,,,1,2023-06-15T16:48:20+00:00
SAO_273J-10,São Paulo,3550308,True,STT,389,https://moovitapp.com/index/pt-br/transporte_p%C3%BAblico-line-389-Sao_Paulo-242-850661-183299-0,5.3,-23.514010499999998,-46.4936285,,,,1,2023-06-15T16:45:06+00:00
SAO_702U-10,São Paulo,3550308,True,,1330,,,-23.5464,-46.630947500000005,,,,1,2023-06-15T16:48:20+00:00
SAO_702U-10,São Paulo,3550308,True,,1330,,,-23.55022025,-46.631459750000005,,,,1,2023-06-15T16:48:11+00:00
SAO_702U-10,São Paulo,3550308,True,,1330,,,-23.568593,-46.7321375,,,,1,2023-06-15T16:48:22+00:00
SAO_702U-10,São Paulo,3550308,True,,1330,,,-23.565073499999997,-46.67929375,,,,1,2023-06-15T16:48:38+00:00
SAO_702U-10,São Paulo,3550308,True,,1330,,,-23.5543185,-46.725654500000005,,,,1,2023-06-15T16:48:11+00:00
SAO_8027-10,São Paulo,3550308,True,,34930,,,-23.5651065,-46.7598875,,,,2,2023-06-15T16:48:26+00:00
SAO_8027-10,São Paulo,3550308,True,,34930,,,-23.5688545,-46.7650485,,,,2,2023-06-15T16:48:18+00:00
SAO_1743-10,São Paulo,3550308,True,,33311,,,-23.456415,-46.667734499999995,,,,2,2023-06-15T16:48:03+00:00
SAO_1743-10,São Paulo,3550308,True,,33311,,,-23.456415,-46.667734499999995,,,,2,2023-06-15T16:48:01+00:00
SAO_1743-10,São Paulo,3550308,True,,33311,,,-23.500336,-46.624546,,,,2,2023-06-15T16:48:18+00:00
SAO_1743-10,São Paulo,3550308,True,,33311,,,-23.472155,-46.650782,,,,2,2023-06-15T16:48:25+00:00
SAO_1743-10,São Paulo,3550308,True,,33311,,,-23.47046,-46.6528755,,,,2,2023-06-15T16:48:42+00:00
SAO_4491-10,São Paulo,3550308,True,EMTU,327,https://moovitapp.com/index/pt-br/transporte_p%C3%BAblico-line-327-Sao_Paulo-242-2038937-36419415-0,5.35,-23.648156999999998,-46.600237,,,,1,2023-06-15T16:48:46+00:00
SAO_4491-10,São Paulo,3550308,True,EMTU,327,https://moovitapp.com/index/pt-br/transporte_p%C3%BAblico-line-327-Sao_Paulo-242-2038937-36419415-0,5.35,-23.5482845,-46.6262175,,,,1,2023-06-15T16:48:42+00:00
SAO_4491-10,São Paulo,3550308,True,EMTU,327,https://moovitapp.com/index/pt-br/transporte_p%C3%BAblico-line-327-Sao_Paulo-242-2038937-36419415-0,5.35,-23.650487,-46.621263,,,,1,2023-06-15T16:47:40+00:00
SAO_4491-10,São Paulo,3550308,True,EMTU,327,https://moovitapp.com/index/pt-br/transporte_p%C3%BAblico-line-327-Sao_Paulo-242-2038937-36419415-0,5.35,-23.58154325,-46.613892500000006,,,,1,2023-06-15T16:48:32+00:00
SAO_5106-31,São Paulo,3550308,True,,1305,,,-23.59866625,-46.64541800000001,,,,1,2023-06-15T16:46:02+00:00
SAO_5106-31,São Paulo,3550308,True,,1305,,,-23.687447499999998,-46.655168,,,,1,2023-06-15T16:48:08+00:00
SAO_5106-31,São Paulo,3550308,True,,1305,,,-23.644112,-46.64120925,,,,1,2023-06-15T16:48:42+00:00
SAO_3029-10,São Paulo,3550308,True,,966,,,-23.585262999999998,-46.506369500000005,,,,1,2023-06-15T16:48:26+00:00
SAO_3029-10,São Paulo,3550308,True,,966,,,-23.585262999999998,-46.506369500000005,,,,1,2023-06-15T16:48:21+00:00
SAO_3029-10,São Paulo,3550308,True,,966,,,-23.585262999999998,-46.506369500000005,,,,1,2023-06-15T16:48:16+00:00
SAO_3029-10,São Paulo,3550308,True,,966,,,-23.579338,-46.512498,,,,1,2023-06-15T16:47:33+00:00
SAO_3029-10,São Paulo,3550308,True,,966,,,-23.5714835,-46.537152,,,,1,2023-06-15T16:48:01+00:00
SAO_3029-10,São Paulo,3550308,True,,966,,,-23.548671,-46.54104425,,,,1,2023-06-15T16:48:24+00:00
SAO_3029-10,São Paulo,3550308,True,,966,,,-23.541131,-46.577207,,,,1,2023-06-15T16:48:22+00:00
SAO_3029-10,São Paulo,3550308,True,,966,,,-23.585262999999998,-46.506369500000005,,,,1,2023-06-15T16:48:10+00:00
SAO_3029-10,São Paulo,3550308,True,,966,,,-23.54120725,-46.554621999999995,,,,1,2023-06-15T16:45:02+00:00
SAO_5142-10,São Paulo,3550308,True,,34394,,,-23.584501000000003,-46.557876125,,,,2,2023-06-15T16:48:26+00:00
SAO_5142-10,São Paulo,3550308,True,,34394,,,-23.624968250000002,-46.50368325,,,,2,2023-06-15T16:48:28+00:00
SAO_5142-10,São Paulo,3550308,True,,34394,,,-23.6148035,-46.5002005,,,,2,2023-06-15T16:48:20+00:00
SAO_5142-10,São Paulo,3550308,True,,34394,,,-23.614552,-46.500257000000005,,,,2,2023-06-15T16:48:23+00:00
SAO_5142-10,São Paulo,3550308,True,,34394,,,-23.5843545,-46.5898885,,,,2,2023-06-15T16:48:13+00:00
SAO_5142-10,São Paulo,3550308,True,,34394,,,-23.5473415,-46.629296499999995,,,,2,2023-06-15T16:48:45+00:00
SAO_5142-10,São Paulo,3550308,True,,34394,,,-23.56187525,-46.62336825,,,,2,2023-06-15T16:48:10+00:00
SAO_5142-10,São Paulo,3550308,True,,34394,,,-23.6148035,-46.5002005,,,,2,2023-06-15T16:48:28+00:00
SAO_5142-10,São Paulo,3550308,True,,34394,,,-23.6043685,-46.517937,,,,2,2023-06-15T16:48:36+00:00
SAO_5142-10,São Paulo,3550308,True,,34394,,,-23.598249,-46.539349,,,,2,2023-06-15T16:47:56+00:00
SAO_2105-10,São Paulo,3550308,True,,35015,,,-23.4563355,-46.592075,,,,2,2023-06-15T16:48:27+00:00
SAO_2105-10,São Paulo,3550308,True,,35015,,,-23.480856,-46.611392,,,,2,2023-06-15T16:46:56+00:00
SAO_2105-10,São Paulo,3550308,True,,35015,,,-23.4352895,-46.5818785,,,,2,2023-06-15T16:48:16+00:00
SAO_2105-10,São Paulo,3550308,True,,35015,,,-23.4355605,-46.5823455,,,,2,2023-06-15T16:48:35+00:00
SAO_2105-10,São Paulo,3550308,True,,35015,,,-23.4589095,-46.6024045,,,,2,2023-06-15T16:48:42+00:00
SAO_2105-10,São Paulo,3550308,True,,35015,,,-23.4352895,-46.5818785,,,,2,2023-06-15T16:48:38+00:00
SAO_2105-10,São Paulo,3550308,True,,35015,,,-23.509444000000002,-46.624838,,,,2,2023-06-15T16:48:29+00:00
SAO_2105-10,São Paulo,3550308,True,,35015,,,-23.54076025,-46.61705775,,,,2,2023-06-15T16:47:58+00:00
SAO_372F-10,São Paulo,3550308,True,,1015,,,-23.54634425,-46.60539125,,,,1,2023-06-15T16:48:32+00:00
SAO_372F-10,São Paulo,3550308,True,,1015,,,-23.547304750000002,-46.597447,,,,1,2023-06-15T16:48:16+00:00
SAO_695V-10,São Paulo,3550308,True,,8,,,-23.606327,-46.66468075,,,,1,2023-06-15T16:48:45+00:00
SAO_695V-10,São Paulo,3550308,True,,8,,,-23.59957225,-46.658327,,,,1,2023-06-15T16:48:18+00:00
SAO_695V-10,São Paulo,3550308,True,,8,,,-23.58601075,-46.648474875000005,,,,1,2023-06-15T16:48:21+00:00
SAO_695V-10,São Paulo,3550308,True,,8,,,-23.655283,-46.762097,,,,1,2023-06-15T16:48:43+00:00
SAO_695V-10,São Paulo,3550308,True,,8,,,-23.648463,-46.7491555,,,,1,2023-06-15T16:48:14+00:00
SAO_3141-10,São Paulo,3550308,True,,734,,,-23.59685175,-46.523332749999994,,,,1,2023-06-15T16:48:10+00:00
SAO_3141-10,São Paulo,3550308,True,,734,,,-23.6109815,-46.4835785,,,,1,2023-06-15T16:46:08+00:00
SAO_3141-10,São Paulo,3550308,True,,734,,,-23.552128,-46.610397500000005,,,,1,2023-06-15T16:46:10+00:00
SAO_3141-10,São Paulo,3550308,True,,734,,,-23.612431,-46.478824,,,,1,2023-06-15T16:48:18+00:00
SAO_3141-10,São Paulo,3550308,True,,734,,,-23.601635625,-46.511335,,,,1,2023-06-15T16:48:33+00:00
SAO_3141-10,São Paulo,3550308,True,,734,,,-23.579006,-46.54169924999999,,,,1,2023-06-15T16:48:43+00:00
SAO_3141-10,São Paulo,3550308,True,,734,,,-23.612431,-46.478824,,,,1,2023-06-15T16:48:26+00:00
SAO_3141-10,São Paulo,3550308,True,,734,,,-23.6123785,-46.482487,,,,1,2023-06-15T16:48:41+00:00
SAO_3141-10,São Paulo,3550308,True,,734,,,-23.612431,-46.478824,,,,1,2023-06-15T16:48:42+00:00
SAO_2769-10,São Paulo,3550308,True,,397,,,-23.52130125,-46.546188,,,,1,2023-06-15T16:48:27+00:00
SAO_2769-10,São Paulo,3550308,True,,397,,,-23.48595075,-46.42941725,,,,1,2023-06-15T16:48:37+00:00
SAO_2769-10,São Paulo,3550308,True,,397,,,-23.49152025,-46.443892500000004,,,,1,2023-06-15T16:48:12+00:00
SAO_3390-10,São Paulo,3550308,True,,33506,,,-23.602894999999997,-46.510341499999996,,,,2,2023-06-15T16:48:26+00:00
SAO_3390-10,São Paulo,3550308,True,,33506,,,-23.6129775,-46.488949,,,,2,2023-06-15T16:44:58+00:00
SAO_3390-10,São Paulo,3550308,True,,33506,,,-23.612731,-46.480152000000004,,,,2,2023-06-15T16:48:22+00:00
SAO_3390-10,São Paulo,3550308,True,,33506,,,-23.593387749999998,-46.538920125000004,,,,2,2023-06-15T16:48:35+00:00
SAO_3390-10,São Paulo,3550308,True,,33506,,,-23.6127725,-46.479867999999996,,,,2,2023-06-15T16:48:04+00:00
SAO_3390-10,São Paulo,3550308,True,,33506,,,-23.564930625000002,-46.61833575,,,,2,2023-06-15T16:48:42+00:00
SAO_3390-10,São Paulo,3550308,True,,33506,,,-23.56508925,-46.608036999999996,,,,2,2023-06-15T16:48:29+00:00
SAO_3390-10,São Paulo,3550308,True,,33506,,,-23.605445500000002,-46.508540749999995,,,,2,2023-06-15T16:45:34+00:00
SAO_5110-10,São Paulo,3550308,True,,2209,,,-23.547682,-46.628632,,,,1,2023-06-15T16:48:38+00:00
SAO_5110-10,São Paulo,3550308,True,,2209,,,-23.547036,-46.628932,,,,1,2023-06-15T16:48:06+00:00
SAO_5110-10,São Paulo,3550308,True,,2209,,,-23.6123785,-46.482487,,,,1,2023-06-15T16:48:15+00:00
SAO_5110-10,São Paulo,3550308,True,,2209,,,-23.6120795,-46.483023,,,,1,2023-06-15T16:48:22+00:00
SAO_5110-10,São Paulo,3550308,True,,2209,,,-23.547167,-46.62885,,,,1,2023-06-15T16:48:40+00:00
SAO_5110-10,São Paulo,3550308,True,,2209,,,-23.559151,-46.61447,,,,1,2023-06-15T16:48:31+00:00
SAO_5110-10,São Paulo,3550308,True,,2209,,,-23.611966000000002,-46.483123000000006,,,,1,2023-06-15T16:48:44+00:00
SAO_5110-10,São Paulo,3550308,True,,2209,,,-23.612406,-46.482003,,,,1,2023-06-15T16:47:27+00:00
SAO_5110-10,São Paulo,3550308,True,,2209,,,-23.586304,-46.59854775,,,,1,2023-06-15T16:48:37+00:00
SAO_5110-10,São Paulo,3550308,True,,2209,,,-23.613661875,-46.503491874999995,,,,1,2023-06-15T16:47:44+00:00
SAO_5110-10,São Paulo,3550308,True,,2209,,,-23.612184499999998,-46.482907499999996,,,,1,2023-06-15T16:48:28+00:00
SAO_5110-10,São Paulo,3550308,True,,2209,,,-23.583877,-46.5503845,,,,1,2023-06-15T16:48:05+00:00
SAO_5110-10,São Paulo,3550308,True,,2209,,,-23.561717,-46.6125175,,,,1,2023-06-15T16:48:29+00:00
SAO_5110-10,São Paulo,3550308,True,,2209,,,-23.612288,-46.482754,,,,1,2023-06-15T16:48:10+00:00
SAO_5110-10,São Paulo,3550308,True,,2209,,,-23.6141145,-46.476496999999995,,,,1,2023-06-15T16:48:11+00:00
SAO_5110-10,São Paulo,3550308,True,,2209,,,-23.6141145,-46.476496999999995,,,,1,2023-06-15T16:48:39+00:00
SAO_5110-10,São Paulo,3550308,True,,2209,,,-23.601973875,-46.523502500000006,,,,1,2023-06-15T16:48:25+00:00
SAO_5110-10,São Paulo,3550308,True,,2209,,,-23.5478795,-46.628551,,,,1,2023-06-15T16:48:33+00:00
SAO_5110-10,São Paulo,3550308,True,,2209,,,-23.5474295,-46.628690000000006,,,,1,2023-06-15T16:48:01+00:00
SAO_5110-10,São Paulo,3550308,True,,2209,,,-23.5478795,-46.628551,,,,1,2023-06-15T16:48:37+00:00
SAO_5110-10,São Paulo,3550308,True,,2209,,,-23.6124025,-46.482224,,,,1,2023-06-15T16:47:52+00:00
SAO_5110-10,São Paulo,3550308,True,,2209,,,-23.611991500000002,-46.476893000000004,,,,1,2023-06-15T16:48:37+00:00
SAO_5110-10,São Paulo,3550308,True,,2209,,,-23.546896,-46.629020999999995,,,,1,2023-06-15T16:48:47+00:00
SAO_5010-10,São Paulo,3550308,True,,33882,,,-23.662217,-46.631516500000004,,,,2,2023-06-15T16:48:14+00:00
SAO_5010-10,São Paulo,3550308,True,,33882,,,-23.660387999999998,-46.6352785,,,,2,2023-06-15T16:48:20+00:00
SAO_5010-10,São Paulo,3550308,True,,33882,,,-23.658919,-46.699098,,,,2,2023-06-15T16:48:22+00:00
SAO_5010-10,São Paulo,3550308,True,,33882,,,-23.649881999999998,-46.662268,,,,2,2023-06-15T16:48:26+00:00
SAO_5010-10,São Paulo,3550308,True,,33882,,,-23.651513,-46.684049,,,,2,2023-06-15T16:48:33+00:00
SAO_5010-10,São Paulo,3550308,True,,33882,,,-23.640231875,-46.66822462499999,,,,2,2023-06-15T16:48:03+00:00
SAO_5010-10,São Paulo,3550308,True,,33882,,,-23.662,-46.631691,,,,2,2023-06-15T16:48:34+00:00
SAO_5010-10,São Paulo,3550308,True,,33882,,,-23.653044,-46.637222,,,,2,2023-06-15T16:48:42+00:00
SAO_9008-10,São Paulo,3550308,True,,33643,,,-23.4313245,-46.7133795,,,,2,2023-06-15T16:48:45+00:00
SAO_9008-10,São Paulo,3550308,True,,33643,,,-23.456180000000003,-46.691851,,,,2,2023-06-15T16:48:10+00:00
SAO_9008-10,São Paulo,3550308,True,,33643,,,-23.4276895,-46.714623,,,,2,2023-06-15T16:48:36+00:00
SAO_9008-10,São Paulo,3550308,True,,33643,,,-23.469469,-46.677016,,,,2,2023-06-15T16:48:04+00:00
SAO_9008-10,São Paulo,3550308,True,,33643,,,-23.438526,-46.708774500000004,,,,2,2023-06-15T16:48:08+00:00
SAO_9008-10,São Paulo,3550308,True,,33643,,,-23.427988,-46.71467975,,,,2,2023-06-15T16:48:19+00:00
SAO_9008-10,São Paulo,3550308,True,,33643,,,-23.475020999999998,-46.670199,,,,2,2023-06-15T16:48:22+00:00
SAO_9008-10,São Paulo,3550308,True,,33643,,,-23.4302975,-46.713858,,,,2,2023-06-15T16:48:32+00:00
SAO_5164-10,São Paulo,3550308,True,,1283,,,-23.651685,-46.654404,,,,1,2023-06-15T16:48:31+00:00
SAO_5164-10,São Paulo,3550308,True,,1283,,,-23.610271500000003,-46.637823,,,,1,2023-06-15T16:48:43+00:00
SAO_5164-10,São Paulo,3550308,True,,1283,,,-23.6366175,-46.641171,,,,1,2023-06-15T16:46:10+00:00
SAO_5164-10,São Paulo,3550308,True,,1283,,,-23.6431185,-46.662103,,,,1,2023-06-15T16:48:32+00:00
SAO_6010-10,São Paulo,3550308,True,,1202,,,-23.6689735,-46.741774,,,,1,2023-06-15T16:48:39+00:00
SAO_6010-10,São Paulo,3550308,True,,1202,,,-23.659639,-46.7745005,,,,1,2023-06-15T16:48:40+00:00
SAO_6010-10,São Paulo,3550308,True,,1202,,,-23.6702235,-46.764741,,,,1,2023-06-15T16:48:28+00:00
SAO_6010-10,São Paulo,3550308,True,,1202,,,-23.68619975,-46.79998275,,,,1,2023-06-15T16:48:28+00:00
SAO_6010-10,São Paulo,3550308,True,,1202,,,-23.662273499999998,-46.780083000000005,,,,1,2023-06-15T16:48:25+00:00
SAO_6010-10,São Paulo,3550308,False,,1202,,,-23.693805,-46.7944445,,,,1,2023-06-15T16:48:23+00:00
SAO_2709-31,São Paulo,3550308,True,,33691,,,-23.532353,-46.4884625,,,,2,2023-06-15T16:48:45+00:00
SAO_2709-31,São Paulo,3550308,True,,33691,,,-23.52906,-46.500085750000004,,,,2,2023-06-15T16:48:25+00:00
SAO_7245-10,São Paulo,3550308,True,,33131,,,-23.550311999999998,-46.658598500000004,,,,2,2023-06-15T16:48:09+00:00
SAO_7245-10,São Paulo,3550308,True,,33131,,,-23.567041,-46.68332100000001,,,,2,2023-06-15T16:48:44+00:00
SAO_7245-10,São Paulo,3550308,True,,33131,,,-23.551489500000002,-46.657047,,,,2,2023-06-15T16:48:19+00:00
SAO_7245-10,São Paulo,3550308,True,,33131,,,-23.6487935,-46.709802499999995,,,,2,2023-06-15T16:48:22+00:00
SAO_6013-10,São Paulo,3550308,True,,32954,,,-23.675822,-46.7521795,,,,2,2023-06-15T16:48:46+00:00
SAO_6013-10,São Paulo,3550308,True,,32954,,,-23.700224499999997,-46.7721195,,,,2,2023-06-15T16:48:25+00:00
SAO_6013-10,São Paulo,3550308,True,,32954,,,-23.6459005,-46.730048,,,,2,2023-06-15T16:48:35+00:00
SAO_6013-10,São Paulo,3550308,True,,32954,,,-23.654,-46.7111995,,,,2,2023-06-15T16:48:12+00:00
SAO_6013-10,São Paulo,3550308,True,,32954,,,-23.699361,-46.7632355,,,,2,2023-06-15T16:48:22+00:00
SAO_3390-10,São Paulo,3550308,True,,738,,,-23.611065,-46.4835255,,,,1,2023-06-15T16:48:14+00:00
SAO_3390-10,São Paulo,3550308,True,,738,,,-23.6140775,-46.497318500000006,,,,1,2023-06-15T16:48:25+00:00
SAO_3390-10,São Paulo,3550308,True,,738,,,-23.5582685,-46.626284,,,,1,2023-06-15T16:48:06+00:00
SAO_3390-10,São Paulo,3550308,True,,738,,,-23.560403625,-46.62176275,,,,1,2023-06-15T16:48:41+00:00
SAO_3390-10,São Paulo,3550308,True,,738,,,-23.612506,-46.479178,,,,1,2023-06-15T16:48:00+00:00
SAO_3390-10,São Paulo,3550308,True,,738,,,-23.5568165,-46.626815,,,,1,2023-06-15T16:48:03+00:00
SAO_3390-10,São Paulo,3550308,True,,738,,,-23.5665725,-46.602482499999994,,,,1,2023-06-15T16:48:42+00:00
SAO_3390-10,São Paulo,3550308,True,,738,,,-23.586758500000002,-46.544669,,,,1,2023-06-15T16:48:10+00:00
SAO_3390-10,São Paulo,3550308,True,,738,,,-23.611655499999998,-46.4832885,,,,1,2023-06-15T16:48:25+00:00
SAO_3390-10,São Paulo,3550308,True,,738,,,-23.6124025,-46.482224,,,,1,2023-06-15T16:48:04+00:00
SAO_917M-10,São Paulo,3550308,True,,34134,,,-23.504096,-46.6829455,,,,2,2023-06-15T16:48:25+00:00
SAO_917M-10,São Paulo,3550308,True,,34134,,,-23.50366675,-46.6791195,,,,2,2023-06-15T16:48:04+00:00
SAO_917M-10,São Paulo,3550308,True,,34134,,,-23.554306500000003,-46.67019075,,,,2,2023-06-15T16:48:40+00:00
SAO_917M-10,São Paulo,3550308,True,,34134,,,-23.5435255,-46.6653315,,,,2,2023-06-15T16:48:35+00:00
SAO_917M-10,São Paulo,3550308,True,,34134,,,-23.5684684375,-46.647833937499996,,,,2,2023-06-15T16:48:13+00:00
SAO_917M-10,São Paulo,3550308,True,,34134,,,-23.472072,-46.705105,,,,2,2023-06-15T16:48:04+00:00
SAO_917M-10,São Paulo,3550308,True,,34134,,,-23.51726,-46.66699750000001,,,,2,2023-06-15T16:48:04+00:00
SAO_6063-10,São Paulo,3550308,True,,1152,,,-23.783673,-46.6827105,,,,1,2023-06-15T16:48:41+00:00
SAO_6063-10,São Paulo,3550308,True,,1152,,,-23.783673,-46.6827105,,,,1,2023-06-15T16:48:09+00:00
SAO_6063-10,São Paulo,3550308,True,,1152,,,-23.783673,-46.6827105,,,,1,2023-06-15T16:48:14+00:00
SAO_6063-10,São Paulo,3550308,True,,1152,,,-23.783673,-46.6827105,,,,1,2023-06-15T16:48:21+00:00
SAO_6063-10,São Paulo,3550308,True,,1152,,,-23.783673,-46.6827105,,,,1,2023-06-15T16:48:11+00:00
SAO_6063-10,São Paulo,3550308,True,,1152,,,-23.77154,-46.711777999999995,,,,1,2023-06-15T16:48:34+00:00
SAO_6063-10,São Paulo,3550308,True,,1152,,,-23.7766585,-46.69615725,,,,1,2023-06-15T16:48:45+00:00
SAO_6960-10,São Paulo,3550308,True,,1443,,,-23.766952500000002,-46.7161155,,,,1,2023-06-15T16:48:09+00:00
SAO_6960-10,São Paulo,3550308,True,,1443,,,-23.6908955,-46.7146385,,,,1,2023-06-15T16:48:14+00:00
SAO_6960-10,São Paulo,3550308,True,,1443,,,-23.732944250000003,-46.69802625,,,,1,2023-06-15T16:48:43+00:00
SAO_6960-10,São Paulo,3550308,True,,1443,,,-23.670452249999997,-46.71205275,,,,1,2023-06-15T16:48:41+00:00
SAO_6960-10,São Paulo,3550308,True,,1443,,,-23.758666,-46.71491675,,,,1,2023-06-15T16:48:34+00:00
SAO_6960-10,São Paulo,3550308,True,,1443,,,-23.766952500000002,-46.7161155,,,,1,2023-06-15T16:48:04+00:00
SAO_4027-41,São Paulo,3550308,True,,2309,,,-23.6105855,-46.4805655,,,,1,2023-06-15T16:48:21+00:00
SAO_4027-41,São Paulo,3550308,True,,2309,,,-23.626520999999997,-46.445972,,,,1,2023-06-15T16:48:04+00:00
SAO_4027-41,São Paulo,3550308,True,,2309,,,-23.638637000000003,-46.4378595,,,,1,2023-06-15T16:48:33+00:00
SAO_809R-10,São Paulo,3550308,True,,2067,,,-23.57244925,-46.7227845,,,,1,2023-06-15T16:48:23+00:00
SAO_4284-10,São Paulo,3550308,True,,33057,,,-23.608772000000002,-46.555296,,,,2,2023-06-15T16:48:13+00:00
SAO_6034-10,São Paulo,3550308,True,,95,,,-23.750414,-46.6881355,,,,1,2023-06-15T16:48:32+00:00
SAO_6034-10,São Paulo,3550308,True,,95,,,-23.745298,-46.6711215,,,,1,2023-06-15T16:48:31+00:00
SAO_403A-10,São Paulo,3550308,True,,34960,,,-23.540044,-46.4317305,,,,2,2023-06-15T16:48:15+00:00
SAO_403A-10,São Paulo,3550308,True,,34960,,,-23.5490475,-46.436345,,,,2,2023-06-15T16:43:38+00:00
SAO_403A-10,São Paulo,3550308,True,,34960,,,-23.547936,-46.510410500000006,,,,2,2023-06-15T16:48:06+00:00
SAO_403A-10,São Paulo,3550308,True,,34960,,,-23.5483165,-46.5091345,,,,2,2023-06-15T16:48:00+00:00
SAO_403A-10,São Paulo,3550308,True,,34960,,,-23.540297,-46.431876,,,,2,2023-06-15T16:48:01+00:00
SAO_403A-10,São Paulo,3550308,True,,34960,,,-23.540297,-46.431876,,,,2,2023-06-15T16:48:24+00:00
SAO_403A-10,São Paulo,3550308,True,,34960,,,-23.520250500000003,-46.548690125,,,,2,2023-06-15T16:48:14+00:00
SAO_7282-10,São Paulo,3550308,True,,33239,,,-23.5466355,-46.69045,,,,2,2023-06-15T16:48:03+00:00
SAO_7282-10,São Paulo,3550308,True,,33239,,,-23.524976000000002,-46.73644375000001,,,,2,2023-06-15T16:48:43+00:00
SAO_4014-10,São Paulo,3550308,True,,34955,,,-23.612962500000002,-46.4565635,,,,2,2023-06-15T16:48:38+00:00
SAO_4014-10,São Paulo,3550308,True,,34955,,,-23.586486,-46.491043,,,,2,2023-06-15T16:48:36+00:00
SAO_4014-10,São Paulo,3550308,True,,34955,,,-23.6131685,-46.4566865,,,,2,2023-06-15T16:48:06+00:00
SAO_4014-10,São Paulo,3550308,True,,34955,,,-23.612562999999998,-46.45627825,,,,2,2023-06-15T16:48:05+00:00
SAO_6835-10,São Paulo,3550308,True,BR7 Mobilidade,12,https://moovitapp.com/index/pt-br/transporte_p%C3%BAblico-line-12-Sao_Paulo-242-851856-542340-0,5.75,-23.6553155,-46.763464,,,,1,2023-06-15T16:48:26+00:00
SAO_6835-10,São Paulo,3550308,True,BR7 Mobilidade,12,https://moovitapp.com/index/pt-br/transporte_p%C3%BAblico-line-12-Sao_Paulo-242-851856-542340-0,5.75,-23.6879515,-46.800591,,,,1,2023-06-15T16:48:11+00:00
SAO_6835-10,São Paulo,3550308,True,BR7 Mobilidade,12,https://moovitapp.com/index/pt-br/transporte_p%C3%BAblico-line-12-Sao_Paulo-242-851856-542340-0,5.75,-23.675608,-46.7739805,,,,1,2023-06-15T16:48:41+00:00
SAO_6835-10,São Paulo,3550308,True,BR7 Mobilidade,12,https://moovitapp.com/index/pt-br/transporte_p%C3%BAblico-line-12-Sao_Paulo-242-851856-542340-0,5.75,-23.685538,-46.8005675,,,,1,2023-06-15T16:48:16+00:00
SAO_2018-10,São Paulo,3550308,True,,33672,,,-23.49534425,-46.430323,,,,2,2023-06-15T16:48:09+00:00
SAO_2018-10,São Paulo,3550308,True,,33672,,,-23.510322000000002,-46.40719,,,,2,2023-06-15T16:48:39+00:00
SAO_2704-10,São Paulo,3550308,True,,33684,,,-23.526239,-46.409855500000006,,,,2,2023-06-15T16:48:05+00:00
SAO_2704-10,São Paulo,3550308,True,,33684,,,-23.51956275,-46.41997,,,,2,2023-06-15T16:47:04+00:00
SAO_2704-10,São Paulo,3550308,True,,33684,,,-23.5244935,-46.44507,,,,2,2023-06-15T16:44:19+00:00
SAO_2704-10,São Paulo,3550308,True,,33684,,,-23.5281675,-46.448323,,,,2,2023-06-15T16:48:40+00:00
SAO_2714-10,São Paulo,3550308,True,,33695,,,-23.531588999999997,-46.528728,,,,2,2023-06-15T16:48:25+00:00
SAO_2714-10,São Paulo,3550308,True,,33695,,,-23.5198125625,-46.53131475000001,,,,2,2023-06-15T16:48:14+00:00
SAO_2714-10,São Paulo,3550308,True,,33695,,,-23.5137875,-46.5210825,,,,2,2023-06-15T16:48:29+00:00
SAO_2714-10,São Paulo,3550308,True,,33695,,,-23.51024175,-46.523472,,,,2,2023-06-15T16:48:28+00:00
SAO_2714-10,São Paulo,3550308,True,,33695,,,-23.531503,-46.5289355,,,,2,2023-06-15T16:48:29+00:00
SAO_756A-10,São Paulo,3550308,True,,793,,,-23.6016895,-46.791908,,,,1,2023-06-15T16:48:02+00:00
SAO_756A-10,São Paulo,3550308,True,,793,,,-23.589922,-46.770773000000005,,,,1,2023-06-15T16:48:33+00:00
SAO_756A-10,São Paulo,3550308,True,,793,,,-23.59857875,-46.719541,,,,1,2023-06-15T16:48:23+00:00
SAO_756A-10,São Paulo,3550308,True,,793,,,-23.6038925,-46.750521500000005,,,,1,2023-06-15T16:48:05+00:00
SAO_756A-10,São Paulo,3550308,True,,793,,,-23.598183,-46.79608,,,,1,2023-06-15T16:48:27+00:00
SAO_756A-10,São Paulo,3550308,True,,793,,,-23.613583499999997,-46.697348000000005,,,,1,2023-06-15T16:48:23+00:00
SAO_4709-10,São Paulo,3550308,True,,333,,,-23.589371,-46.634416,,,,1,2023-06-15T16:48:23+00:00
SAO_4709-10,São Paulo,3550308,True,,333,,,-23.65389075,-46.611723999999995,,,,1,2023-06-15T16:48:18+00:00
SAO_177Y-10,São Paulo,3550308,True,,867,,,-23.566136750000002,-46.701097,,,,1,2023-06-15T16:48:03+00:00
SAO_177Y-10,São Paulo,3550308,True,,867,,,-23.563143,-46.690856,,,,1,2023-06-15T16:46:14+00:00
SAO_177Y-10,São Paulo,3550308,True,,867,,,-23.5568285,-46.682935,,,,1,2023-06-15T16:48:09+00:00
SAO_177Y-10,São Paulo,3550308,True,,867,,,-23.5318555,-46.67667375,,,,1,2023-06-15T16:48:15+00:00
SAO_6001-10,São Paulo,3550308,True,,32820,,,-23.652429937500003,-46.710015999999996,,,,2,2023-06-15T16:48:43+00:00
SAO_6001-10,São Paulo,3550308,True,,32820,,,-23.6542305,-46.7623055,,,,2,2023-06-15T16:48:42+00:00
SAO_6001-10,São Paulo,3550308,True,,32820,,,-23.6542185,-46.7133365,,,,2,2023-06-15T16:48:46+00:00
SAO_271A-51,São Paulo,3550308,True,,33471,,,-23.50225,-46.623670000000004,,,,2,2023-06-15T16:48:10+00:00
SAO_271A-51,São Paulo,3550308,True,,33471,,,-23.4997285,-46.607620999999995,,,,2,2023-06-15T16:48:08+00:00
SAO_271A-51,São Paulo,3550308,True,,33471,,,-23.505705,-46.5724375,,,,2,2023-06-15T16:48:31+00:00
SAO_271A-51,São Paulo,3550308,True,,33471,,,-23.49071775,-46.57988125,,,,2,2023-06-15T16:48:40+00:00
SAO_271A-51,São Paulo,3550308,True,,33471,,,-23.4979085,-46.514503000000005,,,,2,2023-06-15T16:48:29+00:00
SAO_271A-51,São Paulo,3550308,True,,33471,,,-23.4985585,-46.514556999999996,,,,2,2023-06-15T16:48:20+00:00
SAO_4221-10,São Paulo,3550308,True,,325,,,-23.609287000000002,-46.514108,,,,1,2023-06-15T16:48:21+00:00
SAO_4221-10,São Paulo,3550308,True,,325,,,-23.544655,-46.630301,,,,1,2023-06-15T16:48:24+00:00
SAO_4221-10,São Paulo,3550308,True,,325,,,-23.5836385,-46.5845555,,,,1,2023-06-15T16:48:17+00:00
SAO_4221-10,São Paulo,3550308,True,,325,,,-23.603096,-46.528756,,,,1,2023-06-15T16:48:34+00:00
SAO_475M-10,São Paulo,3550308,True,,33111,,,-23.617908999999997,-46.618153500000005,,,,2,2023-06-15T16:48:38+00:00
SAO_475M-10,São Paulo,3550308,True,,33111,,,-23.586634375000003,-46.616507,,,,2,2023-06-15T16:48:35+00:00
SAO_8072-10,São Paulo,3550308,True,,34847,,,-23.588147,-46.7324585,,,,2,2023-06-15T16:48:47+00:00
SAO_8072-10,São Paulo,3550308,True,,34847,,,-23.637334,-46.760698500000004,,,,2,2023-06-15T16:48:18+00:00
SAO_8072-10,São Paulo,3550308,True,,34847,,,-23.6423545,-46.7659975,,,,2,2023-06-15T16:48:08+00:00
SAO_8072-10,São Paulo,3550308,True,,34847,,,-23.5857665,-46.723943,,,,2,2023-06-15T16:48:09+00:00
SAO_8072-10,São Paulo,3550308,True,,34847,,,-23.6222055,-46.760129500000005,,,,2,2023-06-15T16:48:47+00:00
SAO_8072-10,São Paulo,3550308,True,,34847,,,-23.642632499999998,-46.7658355,,,,2,2023-06-15T16:48:32+00:00
SAO_475M-10,São Paulo,3550308,True,EMTU,343,https://moovitapp.com/index/pt-br/transporte_p%C3%BAblico-line-343-Sao_Paulo-242-2038937-36419427-0,5.15,-23.540298,-46.647906000000006,,,,1,2023-06-15T16:48:09+00:00
SAO_475M-10,São Paulo,3550308,True,EMTU,343,https://moovitapp.com/index/pt-br/transporte_p%C3%BAblico-line-343-Sao_Paulo-242-2038937-36419427-0,5.15,-23.5855405,-46.6353845,,,,1,2023-06-15T16:48:07+00:00
SAO_1785-10,São Paulo,3550308,True,,34584,,,-23.478056000000002,-46.6228885,,,,2,2023-06-15T16:48:40+00:00
SAO_1785-10,São Paulo,3550308,True,,34584,,,-23.484111499999997,-46.622631,,,,2,2023-06-15T16:48:25+00:00
SAO_1785-10,São Paulo,3550308,True,,34584,,,-23.4781285,-46.6229335,,,,2,2023-06-15T16:48:29+00:00
SAO_4725-10,São Paulo,3550308,True,,33106,,,-23.6330685,-46.6146095,,,,2,2023-06-15T16:48:30+00:00
SAO_4725-10,São Paulo,3550308,True,,33106,,,-23.626391499999997,-46.6150795,,,,2,2023-06-15T16:48:05+00:00
SAO_4725-10,São Paulo,3550308,True,,33106,,,-23.633415499999998,-46.613836500000005,,,,2,2023-06-15T16:48:14+00:00
SAO_4725-10,São Paulo,3550308,True,,33106,,,-23.615630250000002,-46.6436285,,,,2,2023-06-15T16:47:09+00:00
SAO_5024-10,São Paulo,3550308,True,,1122,,,-23.659418000000002,-46.697904,,,,1,2023-06-15T16:48:07+00:00
SAO_5024-10,São Paulo,3550308,True,,1122,,,-23.693848,-46.657178,,,,1,2023-06-15T16:48:45+00:00
SAO_2021-10,São Paulo,3550308,True,,33674,,,-23.544535,-46.389844,,,,2,2023-06-15T16:48:18+00:00
SAO_2021-10,São Paulo,3550308,True,,33674,,,-23.544623,-46.390209999999996,,,,2,2023-06-15T16:48:23+00:00
SAO_2021-10,São Paulo,3550308,True,,33674,,,-23.53945325,-46.396227374999995,,,,2,2023-06-15T16:45:29+00:00
SAO_2021-10,São Paulo,3550308,True,,33674,,,-23.541739999999997,-46.4162575,,,,2,2023-06-15T16:48:23+00:00
SAO_2021-10,São Paulo,3550308,True,,33674,,,-23.544535,-46.389844,,,,2,2023-06-15T16:47:01+00:00
SAO_2021-10,São Paulo,3550308,True,,33674,,,-23.543107,-46.4099285,,,,2,2023-06-15T16:48:17+00:00
SAO_2716-10,São Paulo,3550308,True,,929,,,-23.517876,-46.535562999999996,,,,1,2023-06-15T16:48:17+00:00
SAO_2716-10,São Paulo,3550308,True,,929,,,-23.533088,-46.544171500000004,,,,1,2023-06-15T16:48:11+00:00
SAO_2716-10,São Paulo,3550308,True,,929,,,-23.508803,-46.5315055,,,,1,2023-06-15T16:48:25+00:00
SAO_875P-10,São Paulo,3550308,True,,1341,,,-23.528583750000003,-46.66238075,,,,1,2023-06-15T16:48:01+00:00
SAO_875P-10,São Paulo,3550308,True,,1341,,,-23.5366455,-46.667362,,,,1,2023-06-15T16:48:01+00:00
SAO_875P-10,São Paulo,3550308,True,,1341,,,-23.5800795,-46.6400655,,,,1,2023-06-15T16:48:41+00:00
SAO_407Y-10,São Paulo,3550308,True,,2206,,,-23.58049025,-46.58305975,,,,1,2023-06-15T16:48:33+00:00
SAO_407Y-10,São Paulo,3550308,True,,2206,,,-23.573013500000002,-46.533349,,,,1,2023-06-15T16:48:39+00:00
SAO_2016-10,São Paulo,3550308,True,,902,,,-23.496955,-46.437329,,,,1,2023-06-15T16:48:26+00:00
SAO_2016-10,São Paulo,3550308,True,,902,,,-23.493138249999998,-46.388960624999996,,,,1,2023-06-15T16:48:40+00:00
SAO_2016-10,São Paulo,3550308,True,,902,,,-23.495415,-46.404151,,,,1,2023-06-15T16:48:28+00:00
SAO_2016-10,São Paulo,3550308,True,,902,,,-23.502475,-46.375921000000005,,,,1,2023-06-15T16:48:09+00:00
SAO_6455-10,São Paulo,3550308,True,,63,,,-23.6445365,-46.728199000000004,,,,1,2023-06-15T16:48:12+00:00
SAO_6455-10,São Paulo,3550308,True,,63,,,-23.570991624999998,-46.64078825,,,,1,2023-06-15T16:48:17+00:00
SAO_6455-10,São Paulo,3550308,True,,63,,,-23.634650999999998,-46.69139425,,,,1,2023-06-15T16:48:24+00:00
SAO_6455-10,São Paulo,3550308,True,,63,,,-23.600657249999998,-46.65934475,,,,1,2023-06-15T16:48:23+00:00
SAO_6455-10,São Paulo,3550308,True,,63,,,-23.604212250000003,-46.662688,,,,1,2023-06-15T16:48:03+00:00
SAO_1720-21,São Paulo,3550308,True,,34705,,,-23.480821499999998,-46.6035315,,,,2,2023-06-15T16:48:38+00:00
SAO_1720-21,São Paulo,3550308,True,,34705,,,-23.48016775,-46.58053175,,,,2,2023-06-15T16:48:15+00:00
SAO_1720-21,São Paulo,3550308,True,,34705,,,-23.480001,-46.581720000000004,,,,2,2023-06-15T16:48:21+00:00
SAO_1720-21,São Paulo,3550308,True,,34705,,,-23.487230500000003,-46.574059500000004,,,,2,2023-06-15T16:48:06+00:00
SAO_1720-21,São Paulo,3550308,True,,34705,,,-23.487143500000002,-46.57385,,,,2,2023-06-15T16:48:10+00:00
SAO_5108-10,São Paulo,3550308,True,,34443,,,-23.661933875000003,-46.618261375,,,,2,2023-06-15T16:40:26+00:00
SAO_5108-10,São Paulo,3550308,True,,34443,,,-23.547656500000002,-46.6294305,,,,2,2023-06-15T16:48:07+00:00
SAO_5108-10,São Paulo,3550308,True,,34443,,,-23.615949875,-46.617626375,,,,2,2023-06-15T16:48:40+00:00
SAO_5108-10,São Paulo,3550308,True,,34443,,,-23.638334999999998,-46.613361499999996,,,,2,2023-06-15T16:48:31+00:00
SAO_5108-10,São Paulo,3550308,True,,34443,,,-23.547656500000002,-46.6294305,,,,2,2023-06-15T16:48:30+00:00
SAO_5108-10,São Paulo,3550308,True,,34443,,,-23.601958500000002,-46.6150025,,,,2,2023-06-15T16:48:42+00:00
SAO_5108-10,São Paulo,3550308,True,,34443,,,-23.56481,-46.6196805,,,,2,2023-06-15T16:48:40+00:00
SAO_5108-10,São Paulo,3550308,True,,34443,,,-23.549784000000002,-46.628215,,,,2,2023-06-15T16:48:06+00:00
SAO_4729-10,São Paulo,3550308,True,,1108,,,-23.597867,-46.5226035,,,,1,2023-06-15T16:48:17+00:00
SAO_4729-10,São Paulo,3550308,True,,1108,,,-23.57883775,-46.552043250000004,,,,1,2023-06-15T16:48:13+00:00
SAO_4729-10,São Paulo,3550308,True,,1108,,,-23.5902105,-46.5066895,,,,1,2023-06-15T16:48:34+00:00
SAO_4729-10,São Paulo,3550308,True,,1108,,,-23.590935,-46.5069575,,,,1,2023-06-15T16:48:13+00:00
SAO_4729-10,São Paulo,3550308,True,,1108,,,-23.555867749999997,-46.5769825,,,,1,2023-06-15T16:48:16+00:00
SAO_4729-10,São Paulo,3550308,True,,1108,,,-23.590935,-46.5069575,,,,1,2023-06-15T16:48:19+00:00
SAO_4027-10,São Paulo,3550308,True,,1097,,,-23.6317585,-46.44288425,,,,1,2023-06-15T16:48:10+00:00
SAO_4027-10,São Paulo,3550308,True,,1097,,,-23.593209,-46.4896265,,,,1,2023-06-15T16:48:44+00:00
SAO_4027-10,São Paulo,3550308,True,,1097,,,-23.6418875,-46.439175500000005,,,,1,2023-06-15T16:48:10+00:00
SAO_4027-10,São Paulo,3550308,True,,1097,,,-23.593209,-46.4896265,,,,1,2023-06-15T16:48:14+00:00
SAO_4027-10,São Paulo,3550308,True,,1097,,,-23.593153,-46.489784,,,,1,2023-06-15T16:48:11+00:00
SAO_4027-10,São Paulo,3550308,True,,1097,,,-23.612146,-46.4762395,,,,1,2023-06-15T16:48:27+00:00
SAO_4027-10,São Paulo,3550308,True,,1097,,,-23.603309749999998,-46.4819175,,,,1,2023-06-15T16:48:42+00:00
SAO_4027-10,São Paulo,3550308,True,,1097,,,-23.621019,-46.4532915,,,,1,2023-06-15T16:48:26+00:00
SAO_4027-10,São Paulo,3550308,True,,1097,,,-23.5918655,-46.490320999999994,,,,1,2023-06-15T16:48:03+00:00
SAO_7040-10,São Paulo,3550308,True,,776,,,-23.622961,-46.7285805,,,,1,2023-06-15T16:48:27+00:00
SAO_7040-10,São Paulo,3550308,True,,776,,,-23.611368499999998,-46.7186455,,,,1,2023-06-15T16:48:04+00:00
SAO_7040-10,São Paulo,3550308,True,,776,,,-23.586794,-46.690849,,,,1,2023-06-15T16:48:11+00:00
SAO_7040-10,São Paulo,3550308,True,,776,,,-23.57665025,-46.6871635,,,,1,2023-06-15T16:48:43+00:00
SAO_7040-10,São Paulo,3550308,True,,776,,,-23.5689285,-46.6919525,,,,1,2023-06-15T16:48:02+00:00
SAO_7040-10,São Paulo,3550308,True,,776,,,-23.6016515,-46.710933499999996,,,,1,2023-06-15T16:48:29+00:00
SAO_7040-10,São Paulo,3550308,True,,776,,,-23.621796500000002,-46.727050500000004,,,,1,2023-06-15T16:48:42+00:00
SAO_7040-10,São Paulo,3550308,True,,776,,,-23.5997445,-46.7087315,,,,1,2023-06-15T16:48:30+00:00
SAO_7040-10,São Paulo,3550308,True,,776,,,-23.583760249999997,-46.6868875,,,,1,2023-06-15T16:48:39+00:00
SAO_7040-10,São Paulo,3550308,True,,776,,,-23.622961,-46.7285805,,,,1,2023-06-15T16:46:52+00:00
SAO_8544-10,São Paulo,3550308,True,,33198,,,-23.542485499999998,-46.635850500000004,,,,2,2023-06-15T16:48:03+00:00
SAO_8544-10,São Paulo,3550308,True,,33198,,,-23.434202499999998,-46.751169000000004,,,,2,2023-06-15T16:48:35+00:00
SAO_8544-10,São Paulo,3550308,True,,33198,,,-23.477933999999998,-46.720344,,,,2,2023-06-15T16:48:35+00:00
SAO_1780-10,São Paulo,3550308,True,,33637,,,-23.4483715,-46.5789425,,,,2,2023-06-15T16:48:12+00:00
SAO_1780-10,São Paulo,3550308,True,,33637,,,-23.4661475,-46.5848015,,,,2,2023-06-15T16:48:36+00:00
SAO_1780-10,São Paulo,3550308,True,,33637,,,-23.448017999999998,-46.5790735,,,,2,2023-06-15T16:48:03+00:00
SAO_1780-10,São Paulo,3550308,True,,33637,,,-23.448106,-46.5790305,,,,2,2023-06-15T16:48:29+00:00
SAO_407T-10,São Paulo,3550308,True,,2202,,,-23.534178500000003,-46.452845499999995,,,,1,2023-06-15T16:48:08+00:00
SAO_407T-10,São Paulo,3550308,True,,2202,,,-23.53794175,-46.440266750000006,,,,1,2023-06-15T16:48:38+00:00
SAO_7017-10,São Paulo,3550308,True,,2502,,,-23.67163175,-46.7409715,,,,1,2023-06-15T16:48:40+00:00
SAO_7017-10,São Paulo,3550308,True,,2502,,,-23.67017575,-46.7656575,,,,1,2023-06-15T16:48:32+00:00
SAO_7017-10,São Paulo,3550308,True,,2502,,,-23.669038,-46.735601,,,,1,2023-06-15T16:48:08+00:00
SAO_7017-10,São Paulo,3550308,True,,2502,,,-23.6848,-46.7904455,,,,1,2023-06-15T16:48:37+00:00
SAO_6074-10,São Paulo,3550308,True,,1161,,,-23.679049,-46.69600025,,,,1,2023-06-15T16:48:40+00:00
SAO_6074-10,São Paulo,3550308,True,,1161,,,-23.7220985,-46.6950605,,,,1,2023-06-15T16:48:25+00:00
SAO_6074-10,São Paulo,3550308,True,,1161,,,-23.677098,-46.701800500000004,,,,1,2023-06-15T16:48:22+00:00
SAO_6074-10,São Paulo,3550308,True,,1161,,,-23.734544,-46.664035999999996,,,,1,2023-06-15T16:48:37+00:00
SAO_6074-10,São Paulo,3550308,True,,1161,,,-23.7408645,-46.66757125,,,,1,2023-06-15T16:48:42+00:00
SAO_6074-10,São Paulo,3550308,True,,1161,,,-23.734544,-46.664035999999996,,,,1,2023-06-15T16:48:23+00:00
SAO_6074-10,São Paulo,3550308,True,,1161,,,-23.692147249999998,-46.698293250000006,,,,1,2023-06-15T16:48:25+00:00
SAO_6074-10,São Paulo,3550308,True,,1161,,,-23.7334505,-46.694041,,,,1,2023-06-15T16:48:10+00:00
SAO_6074-10,São Paulo,3550308,True,,1161,,,-23.745835999999997,-46.6651815,,,,1,2023-06-15T16:48:38+00:00
SAO_6074-10,São Paulo,3550308,True,,1161,,,-23.75405825,-46.66695425,,,,1,2023-06-15T16:48:20+00:00
SAO_211V-10,São Paulo,3550308,True,EMTU,154,https://moovitapp.com/index/pt-br/transporte_p%C3%BAblico-line-154-Sao_Paulo-242-2038937-36419300-0,6.8,-23.4918325,-46.480593,,,,1,2023-06-15T16:47:46+00:00
SAO_407F-10,São Paulo,3550308,True,,2167,,,-23.612665,-46.476373499999994,,,,1,2023-06-15T16:48:22+00:00
SAO_407F-10,São Paulo,3550308,True,,2167,,,-23.612665,-46.476373499999994,,,,1,2023-06-15T16:48:19+00:00
SAO_407F-10,São Paulo,3550308,True,,2167,,,-23.557959250000003,-46.57116125,,,,1,2023-06-15T16:48:31+00:00
SAO_8019-31,São Paulo,3550308,True,,35342,,,-23.576854,-46.750579,,,,2,2023-06-15T16:48:28+00:00
SAO_8019-31,São Paulo,3550308,True,,35342,,,-23.545072,-46.7473945,,,,2,2023-06-15T16:48:16+00:00
SAO_8019-31,São Paulo,3550308,True,,35342,,,-23.5450535,-46.7478505,,,,2,2023-06-15T16:48:43+00:00
SAO_8019-31,São Paulo,3550308,True,,35342,,,-23.5450735,-46.7477165,,,,2,2023-06-15T16:48:22+00:00
SAO_7181-10,São Paulo,3550308,True,,34100,,,-23.5529145,-46.7319765,,,,2,2023-06-15T16:48:08+00:00
SAO_7181-10,São Paulo,3550308,True,,34100,,,-23.5650435,-46.66744750000001,,,,2,2023-06-15T16:48:25+00:00
SAO_7062-41,São Paulo,3550308,True,,35039,,,-23.649155999999998,-46.7594555,,,,2,2023-06-15T16:48:18+00:00
SAO_509M-10,São Paulo,3550308,True,,34045,,,-23.54202575,-46.63838749999999,,,,2,2023-06-15T16:48:20+00:00
SAO_509M-10,São Paulo,3550308,True,,34045,,,-23.679894,-46.6367245,,,,2,2023-06-15T16:48:38+00:00
SAO_509M-10,São Paulo,3550308,True,,34045,,,-23.660458,-46.6633445,,,,2,2023-06-15T16:48:31+00:00
SAO_509M-10,São Paulo,3550308,True,,34045,,,-23.679968000000002,-46.636858000000004,,,,2,2023-06-15T16:48:20+00:00
SAO_509M-10,São Paulo,3550308,True,,34045,,,-23.581340750000003,-46.65644425,,,,2,2023-06-15T16:48:00+00:00
SAO_509M-10,São Paulo,3550308,True,,34045,,,-23.655036,-46.666959500000004,,,,2,2023-06-15T16:48:28+00:00
SAO_509M-10,São Paulo,3550308,True,,34045,,,-23.617873,-46.675702,,,,2,2023-06-15T16:48:40+00:00
SAO_8545-10,São Paulo,3550308,True,,1364,,,-23.464699000000003,-46.696727499999994,,,,1,2023-06-15T16:48:21+00:00
SAO_8545-10,São Paulo,3550308,True,,1364,,,-23.5256045,-46.681706500000004,,,,1,2023-06-15T16:48:31+00:00
SAO_8545-10,São Paulo,3550308,True,,1364,,,-23.508825,-46.6896915,,,,1,2023-06-15T16:47:28+00:00
SAO_8545-10,São Paulo,3550308,True,,1364,,,-23.46769525,-46.678713,,,,1,2023-06-15T16:48:44+00:00
SAO_3766-10,São Paulo,3550308,True,,33823,,,-23.553821499999998,-46.428109,,,,2,2023-06-15T16:48:46+00:00
SAO_3766-10,São Paulo,3550308,True,,33823,,,-23.541641750000004,-46.4576865,,,,2,2023-06-15T16:48:12+00:00
SAO_3766-10,São Paulo,3550308,True,,33823,,,-23.5348265,-46.4511975,,,,2,2023-06-15T16:48:36+00:00
SAO_3766-10,São Paulo,3550308,True,,33823,,,-23.553821499999998,-46.428109,,,,2,2023-06-15T16:48:37+00:00
SAO_3766-10,São Paulo,3550308,True,,33823,,,-23.548721999999998,-46.43702775,,,,2,2023-06-15T16:48:44+00:00
SAO_475R-10,São Paulo,3550308,True,,344,,,-23.625555000000002,-46.62885275,,,,1,2023-06-15T16:48:18+00:00
SAO_475R-10,São Paulo,3550308,True,,344,,,-23.616623,-46.63873087499999,,,,1,2023-06-15T16:48:12+00:00
SAO_475R-10,São Paulo,3550308,True,,344,,,-23.569412375,-46.650685249999995,,,,1,2023-06-15T16:48:40+00:00
SAO_475R-10,São Paulo,3550308,True,,344,,,-23.5743565,-46.6539715,,,,1,2023-06-15T16:48:05+00:00
SAO_475R-10,São Paulo,3550308,True,,344,,,-23.65282,-46.607729000000006,,,,1,2023-06-15T16:48:19+00:00
SAO_3054-10,São Paulo,3550308,True,,33743,,,-23.5925655,-46.49006875,,,,2,2023-06-15T16:48:34+00:00
SAO_3054-10,São Paulo,3550308,True,,33743,,,-23.598683,-46.4680325,,,,2,2023-06-15T16:48:33+00:00
SAO_3054-10,São Paulo,3550308,True,,33743,,,-23.608972,-46.408389,,,,2,2023-06-15T16:48:27+00:00
SAO_3054-10,São Paulo,3550308,True,,33743,,,-23.59818,-46.424432,,,,2,2023-06-15T16:48:06+00:00
SAO_3054-10,São Paulo,3550308,True,,33743,,,-23.609623,-46.4081455,,,,2,2023-06-15T16:48:35+00:00
SAO_3054-10,São Paulo,3550308,True,,33743,,,-23.609623,-46.4081455,,,,2,2023-06-15T16:48:18+00:00
SAO_3901-10,São Paulo,3550308,True,,34237,,,-23.522456,-46.531176,,,,2,2023-06-15T16:48:38+00:00
SAO_3901-10,São Paulo,3550308,True,,34237,,,-23.4987395,-46.50209475,,,,2,2023-06-15T16:48:30+00:00
SAO_8615-10,São Paulo,3550308,True,,1339,,,-23.53208,-46.661072000000004,,,,1,2023-06-15T16:48:07+00:00
SAO_8615-10,São Paulo,3550308,True,,1339,,,-23.546077500000003,-46.631047,,,,1,2023-06-15T16:48:08+00:00
SAO_8615-10,São Paulo,3550308,True,,1339,,,-23.5244615,-46.7060495,,,,1,2023-06-15T16:48:32+00:00
SAO_8615-10,São Paulo,3550308,True,,1339,,,-23.547829,-46.6419075,,,,1,2023-06-15T16:46:37+00:00
SAO_8615-10,São Paulo,3550308,True,,1339,,,-23.524973125000002,-46.69138662499999,,,,1,2023-06-15T16:48:26+00:00
SAO_8615-10,São Paulo,3550308,True,,1339,,,-23.546505,-46.630880000000005,,,,1,2023-06-15T16:48:18+00:00
SAO_3032-10,São Paulo,3550308,True,STT,720,https://moovitapp.com/index/pt-br/transporte_p%C3%BAblico-line-720-Sao_Paulo-242-850661-183345-0,5.3,-23.56498,-46.495296499999995,,,,1,2023-06-15T16:48:42+00:00
SAO_3032-10,São Paulo,3550308,True,STT,720,https://moovitapp.com/index/pt-br/transporte_p%C3%BAblico-line-720-Sao_Paulo-242-850661-183345-0,5.3,-23.558674,-46.522539,,,,1,2023-06-15T16:48:31+00:00
SAO_6110-10,São Paulo,3550308,True,,33952,,,-23.741049500000003,-46.7078165,,,,2,2023-06-15T16:48:28+00:00
SAO_6110-10,São Paulo,3550308,True,,33952,,,-23.6995285,-46.7010475,,,,2,2023-06-15T16:48:37+00:00
SAO_6110-10,São Paulo,3550308,True,,33952,,,-23.6629765,-46.6789515,,,,2,2023-06-15T16:48:09+00:00
SAO_6110-10,São Paulo,3550308,True,,33952,,,-23.7549655,-46.7098935,,,,2,2023-06-15T16:48:06+00:00
SAO_6110-10,São Paulo,3550308,True,,33952,,,-23.62878,-46.664649,,,,2,2023-06-15T16:48:16+00:00
SAO_6110-10,São Paulo,3550308,True,,33952,,,-23.7570445,-46.7057305,,,,2,2023-06-15T16:48:08+00:00
SAO_5143-10,São Paulo,3550308,True,,1628,,,-23.546727,-46.629723999999996,,,,1,2023-06-15T16:48:08+00:00
SAO_5143-10,São Paulo,3550308,True,,1628,,,-23.5915245,-46.542224,,,,1,2023-06-15T16:48:16+00:00
SAO_5143-10,São Paulo,3550308,True,,1628,,,-23.5681935,-46.608444500000004,,,,1,2023-06-15T16:48:14+00:00
SAO_5143-10,São Paulo,3550308,True,,1628,,,-23.614242,-46.501176,,,,1,2023-06-15T16:48:07+00:00
SAO_675I-10,São Paulo,3550308,True,BR7 Mobilidade,68,https://moovitapp.com/index/pt-br/transporte_p%C3%BAblico-line-68-Sao_Paulo-242-851856-560661-0,5.75,-23.6445365,-46.728199000000004,,,,1,2023-06-15T16:48:25+00:00
SAO_675I-10,São Paulo,3550308,True,BR7 Mobilidade,68,https://moovitapp.com/index/pt-br/transporte_p%C3%BAblico-line-68-Sao_Paulo-242-851856-560661-0,5.75,-23.629018000000002,-46.6656615,,,,1,2023-06-15T16:48:30+00:00
SAO_675I-10,São Paulo,3550308,True,BR7 Mobilidade,68,https://moovitapp.com/index/pt-br/transporte_p%C3%BAblico-line-68-Sao_Paulo-242-851856-560661-0,5.75,-23.625074249999997,-46.645596874999995,,,,1,2023-06-15T16:48:26+00:00
SAO_675I-10,São Paulo,3550308,True,BR7 Mobilidade,68,https://moovitapp.com/index/pt-br/transporte_p%C3%BAblico-line-68-Sao_Paulo-242-851856-560661-0,5.75,-23.629598,-46.6677885,,,,1,2023-06-15T16:48:33+00:00
SAO_675I-10,São Paulo,3550308,True,BR7 Mobilidade,68,https://moovitapp.com/index/pt-br/transporte_p%C3%BAblico-line-68-Sao_Paulo-242-851856-560661-0,5.75,-23.616493749999997,-46.68038525,,,,1,2023-06-15T16:48:02+00:00
SAO_2702-10,São Paulo,3550308,True,,914,,,-23.516517999999998,-46.476467,,,,1,2023-06-15T16:48:21+00:00
SAO_2702-10,São Paulo,3550308,True,,914,,,-23.494115,-46.4508595,,,,1,2023-06-15T16:48:22+00:00
SAO_4708-10,São Paulo,3550308,True,,33100,,,-23.5973555,-46.618815,,,,2,2023-06-15T16:48:28+00:00
SAO_4708-10,São Paulo,3550308,True,,33100,,,-23.638733000000002,-46.6077615,,,,2,2023-06-15T16:48:43+00:00
SAO_4708-10,São Paulo,3550308,True,,33100,,,-23.639317499999997,-46.607468,,,,2,2023-06-15T16:48:44+00:00
SAO_7051-10,São Paulo,3550308,True,,34653,,,-23.6548705,-46.7842895,,,,2,2023-06-15T16:48:03+00:00
SAO_7051-10,São Paulo,3550308,True,,34653,,,-23.65463675,-46.78451475,,,,2,2023-06-15T16:48:10+00:00
SAO_7051-10,São Paulo,3550308,True,,34653,,,-23.654968500000003,-46.784118,,,,2,2023-06-15T16:48:40+00:00
SAO_7051-10,São Paulo,3550308,True,,34653,,,-23.640196000000003,-46.779968249999996,,,,2,2023-06-15T16:48:15+00:00
SAO_263J-10,São Paulo,3550308,True,EMTU,219,https://moovitapp.com/index/pt-br/transporte_p%C3%BAblico-line-219-Sao_Paulo-242-2038937-36419341-0,8.55,-23.5118425,-46.500848,,,,1,2023-06-15T16:48:29+00:00
SAO_263J-10,São Paulo,3550308,True,EMTU,219,https://moovitapp.com/index/pt-br/transporte_p%C3%BAblico-line-219-Sao_Paulo-242-2038937-36419341-0,8.55,-23.54970875,-46.43107325,,,,1,2023-06-15T16:48:11+00:00
SAO_263J-10,São Paulo,3550308,True,EMTU,219,https://moovitapp.com/index/pt-br/transporte_p%C3%BAblico-line-219-Sao_Paulo-242-2038937-36419341-0,8.55,-23.549456,-46.4312205,,,,1,2023-06-15T16:48:11+00:00
SAO_263J-10,São Paulo,3550308,True,EMTU,219,https://moovitapp.com/index/pt-br/transporte_p%C3%BAblico-line-219-Sao_Paulo-242-2038937-36419341-0,8.55,-23.549966249999997,-46.43092575,,,,1,2023-06-15T16:48:09+00:00
SAO_263J-10,São Paulo,3550308,True,EMTU,219,https://moovitapp.com/index/pt-br/transporte_p%C3%BAblico-line-219-Sao_Paulo-242-2038937-36419341-0,8.55,-23.5215805,-46.529390500000005,,,,1,2023-06-15T16:48:26+00:00
SAO_263J-10,São Paulo,3550308,True,EMTU,219,https://moovitapp.com/index/pt-br/transporte_p%C3%BAblico-line-219-Sao_Paulo-242-2038937-36419341-0,8.55,-23.5325455,-46.4610755,,,,1,2023-06-15T16:44:06+00:00
SAO_263J-10,São Paulo,3550308,True,EMTU,219,https://moovitapp.com/index/pt-br/transporte_p%C3%BAblico-line-219-Sao_Paulo-242-2038937-36419341-0,8.55,-23.5502825,-46.430747,,,,1,2023-06-15T16:48:04+00:00
SAO_263J-10,São Paulo,3550308,True,EMTU,219,https://moovitapp.com/index/pt-br/transporte_p%C3%BAblico-line-219-Sao_Paulo-242-2038937-36419341-0,8.55,-23.54970875,-46.43107325,,,,1,2023-06-15T16:48:01+00:00
SAO_263J-10,São Paulo,3550308,True,EMTU,219,https://moovitapp.com/index/pt-br/transporte_p%C3%BAblico-line-219-Sao_Paulo-242-2038937-36419341-0,8.55,-23.5502825,-46.430747,,,,1,2023-06-15T16:48:42+00:00
SAO_5091-10,São Paulo,3550308,True,,1523,,,-23.628226125,-46.643981375,,,,1,2023-06-15T16:48:25+00:00
SAO_5091-10,São Paulo,3550308,True,,1523,,,-23.68527075,-46.6332995,,,,1,2023-06-15T16:48:07+00:00
SAO_5091-10,São Paulo,3550308,True,,1523,,,-23.693848,-46.657178,,,,1,2023-06-15T16:47:46+00:00
SAO_967A-10,São Paulo,3550308,True,,33336,,,-23.5652765,-46.692343,,,,2,2023-06-15T16:48:28+00:00
SAO_967A-10,São Paulo,3550308,True,,33336,,,-23.4809025,-46.656053,,,,2,2023-06-15T16:48:36+00:00
SAO_967A-10,São Paulo,3550308,True,,33336,,,-23.512421,-46.6594085,,,,2,2023-06-15T16:48:22+00:00
SAO_967A-10,São Paulo,3550308,True,,33336,,,-23.483583250000002,-46.65385925,,,,2,2023-06-15T16:48:22+00:00
SAO_967A-10,São Paulo,3550308,True,,33336,,,-23.58437525,-46.680353499999995,,,,2,2023-06-15T16:48:35+00:00
SAO_967A-10,São Paulo,3550308,True,,33336,,,-23.5673645,-46.693618,,,,2,2023-06-15T16:48:43+00:00
SAO_967A-10,São Paulo,3550308,True,,33336,,,-23.5634755,-46.6459355,,,,2,2023-06-15T16:48:42+00:00
SAO_967A-10,São Paulo,3550308,True,,33336,,,-23.57431775,-46.688819124999995,,,,2,2023-06-15T16:48:32+00:00
SAO_6L11-10,São Paulo,3550308,True,,1167,,,-23.73624075,-46.69617425,,,,1,2023-06-15T16:48:11+00:00
SAO_6L11-10,São Paulo,3550308,True,,1167,,,-23.7668425,-46.650896625,,,,1,2023-06-15T16:48:06+00:00
SAO_8028-10,São Paulo,3550308,True,,2532,,,-23.6220775,-46.7278395,,,,1,2023-06-15T16:48:11+00:00
SAO_8028-10,São Paulo,3550308,True,,2532,,,-23.616926499999998,-46.7058555,,,,1,2023-06-15T16:48:20+00:00
SAO_8028-10,São Paulo,3550308,True,,2532,,,-23.588779,-46.722904875,,,,1,2023-06-15T16:48:33+00:00
SAO_8028-10,São Paulo,3550308,True,,2532,,,-23.622,-46.727807999999996,,,,1,2023-06-15T16:48:34+00:00
SAO_6001-10,São Paulo,3550308,True,,52,,,-23.644867124999998,-46.721931125,,,,1,2023-06-15T16:48:47+00:00
SAO_8008-10,São Paulo,3550308,True,,34026,,,-23.470457,-46.751476499999995,,,,2,2023-06-15T16:48:09+00:00
SAO_8008-10,São Paulo,3550308,True,,34026,,,-23.485873499999997,-46.7256145,,,,2,2023-06-15T16:48:30+00:00
SAO_8008-10,São Paulo,3550308,True,,34026,,,-23.470579,-46.75169149999999,,,,2,2023-06-15T16:48:13+00:00
SAO_8008-10,São Paulo,3550308,True,,34026,,,-23.488906999999998,-46.749483,,,,2,2023-06-15T16:48:43+00:00
SAO_9020-10,São Paulo,3550308,True,,1434,,,-23.4756845,-46.719696,,,,1,2023-06-15T16:48:38+00:00
SAO_9020-10,São Paulo,3550308,True,,1434,,,-23.486429,-46.726637,,,,1,2023-06-15T16:48:29+00:00
SAO_809L-10,São Paulo,3550308,True,,34717,,,-23.6317515,-46.7727405,,,,2,2023-06-15T16:48:25+00:00
SAO_809L-10,São Paulo,3550308,True,,34717,,,-23.544532000000004,-46.70801625,,,,2,2023-06-15T16:48:06+00:00
SAO_809L-10,São Paulo,3550308,True,,34717,,,-23.631868500000003,-46.772482,,,,2,2023-06-15T16:48:26+00:00
SAO_809L-10,São Paulo,3550308,True,,34717,,,-23.6105265,-46.75259,,,,2,2023-06-15T16:48:42+00:00
SAO_809L-10,São Paulo,3550308,True,,34717,,,-23.527028,-46.7040365,,,,2,2023-06-15T16:48:37+00:00
SAO_809L-10,São Paulo,3550308,True,,34717,,,-23.554387,-46.7094245,,,,2,2023-06-15T16:48:24+00:00
SAO_809L-10,São Paulo,3550308,True,,34717,,,-23.610633,-46.75271,,,,2,2023-06-15T16:48:37+00:00
SAO_809L-10,São Paulo,3550308,True,,34717,,,-23.61898825,-46.758286,,,,2,2023-06-15T16:48:26+00:00
SAO_809L-10,São Paulo,3550308,True,,34717,,,-23.553333,-46.7081115,,,,2,2023-06-15T16:48:40+00:00
SAO_809L-10,São Paulo,3550308,True,,34717,,,-23.631868500000003,-46.772482,,,,2,2023-06-15T16:48:29+00:00
SAO_4006-10,São Paulo,3550308,True,,34948,,,-23.605480999999997,-46.4342665,,,,2,2023-06-15T16:48:42+00:00
SAO_4006-10,São Paulo,3550308,True,,34948,,,-23.6171365,-46.4306585,,,,2,2023-06-15T16:45:51+00:00
SAO_4006-10,São Paulo,3550308,True,,34948,,,-23.59722475,-46.436351125,,,,2,2023-06-15T16:48:37+00:00
SAO_4006-10,São Paulo,3550308,True,,34948,,,-23.59727,-46.4356735,,,,2,2023-06-15T16:48:36+00:00
SAO_4029-10,São Paulo,3550308,True,,33867,,,-23.6131265,-46.504025999999996,,,,2,2023-06-15T16:48:04+00:00
SAO_4029-10,São Paulo,3550308,True,,33867,,,-23.6105855,-46.4805655,,,,2,2023-06-15T16:48:36+00:00
SAO_4029-10,São Paulo,3550308,True,,33867,,,-23.6125885,-46.4815175,,,,2,2023-06-15T16:48:26+00:00
SAO_4029-10,São Paulo,3550308,True,,33867,,,-23.585109,-46.583715,,,,2,2023-06-15T16:48:20+00:00
SAO_4029-10,São Paulo,3550308,True,,33867,,,-23.60994525,-46.47948125,,,,2,2023-06-15T16:48:10+00:00
SAO_4029-10,São Paulo,3550308,True,,33867,,,-23.5787035,-46.573828250000005,,,,2,2023-06-15T16:48:08+00:00
SAO_4029-10,São Paulo,3550308,True,,33867,,,-23.586438,-46.5449575,,,,2,2023-06-15T16:48:33+00:00
SAO_4029-10,São Paulo,3550308,True,,33867,,,-23.5997585,-46.513968,,,,2,2023-06-15T16:48:25+00:00
SAO_4029-10,São Paulo,3550308,True,,33867,,,-23.5955875,-46.524572000000006,,,,2,2023-06-15T16:48:25+00:00
SAO_5614-10,São Paulo,3550308,True,,34283,,,-23.551313,-46.6353845,,,,2,2023-06-15T16:48:42+00:00
SAO_5614-10,São Paulo,3550308,True,,34283,,,-23.63954525,-46.67342575000001,,,,2,2023-06-15T16:48:02+00:00
SAO_5614-10,São Paulo,3550308,True,,34283,,,-23.692314,-46.6613565,,,,2,2023-06-15T16:48:30+00:00
SAO_5614-10,São Paulo,3550308,True,,34283,,,-23.692204500000003,-46.663799749999995,,,,2,2023-06-15T16:48:43+00:00
SAO_5614-10,São Paulo,3550308,True,,34283,,,-23.7161835,-46.625792000000004,,,,2,2023-06-15T16:48:10+00:00
SAO_627J-10,São Paulo,3550308,True,,34824,,,-23.6812385,-46.633822499999994,,,,2,2023-06-15T16:48:36+00:00
SAO_627J-10,São Paulo,3550308,True,,34824,,,-23.634312,-46.642042,,,,2,2023-06-15T16:48:00+00:00
SAO_627J-10,São Paulo,3550308,True,,34824,,,-23.6812385,-46.633822499999994,,,,2,2023-06-15T16:48:38+00:00
SAO_627J-10,São Paulo,3550308,True,,34824,,,-23.6394745,-46.641374500000005,,,,2,2023-06-15T16:48:13+00:00
SAO_627J-10,São Paulo,3550308,True,,34824,,,-23.6572845,-46.636219499999996,,,,2,2023-06-15T16:48:17+00:00
SAO_627J-10,São Paulo,3550308,True,,34824,,,-23.6812385,-46.633822499999994,,,,2,2023-06-15T16:48:28+00:00
SAO_627J-10,São Paulo,3550308,True,,34824,,,-23.68177525,-46.63360275,,,,2,2023-06-15T16:48:05+00:00
SAO_3789-10,São Paulo,3550308,True,,33835,,,-23.542599000000003,-46.4710815,,,,2,2023-06-15T16:48:08+00:00
SAO_3789-10,São Paulo,3550308,True,,33835,,,-23.5592215,-46.465883000000005,,,,2,2023-06-15T16:48:14+00:00
SAO_3789-10,São Paulo,3550308,True,,33835,,,-23.611373,-46.396543,,,,2,2023-06-15T16:48:30+00:00
SAO_3789-10,São Paulo,3550308,True,,33835,,,-23.597712,-46.403611749999996,,,,2,2023-06-15T16:48:29+00:00
SAO_3789-10,São Paulo,3550308,True,,33835,,,-23.596272999999997,-46.435561500000006,,,,2,2023-06-15T16:48:36+00:00
SAO_3789-10,São Paulo,3550308,True,,33835,,,-23.611663,-46.3964115,,,,2,2023-06-15T16:48:47+00:00
SAO_3789-10,São Paulo,3550308,True,,33835,,,-23.611145,-46.396651,,,,2,2023-06-15T16:48:34+00:00
SAO_3789-10,São Paulo,3550308,True,,33835,,,-23.58058775,-46.4426565,,,,2,2023-06-15T16:48:45+00:00
SAO_3789-10,São Paulo,3550308,True,,33835,,,-23.566434,-46.46588025,,,,2,2023-06-15T16:48:35+00:00
SAO_3789-10,São Paulo,3550308,True,,33835,,,-23.582244,-46.41006225,,,,2,2023-06-15T16:48:31+00:00
SAO_407T-10,São Paulo,3550308,True,,34970,,,-23.534434249999997,-46.444813249999996,,,,2,2023-06-15T16:46:41+00:00
SAO_407T-10,São Paulo,3550308,True,,34970,,,-23.5384515,-46.44110425,,,,2,2023-06-15T16:48:39+00:00
SAO_407T-10,São Paulo,3550308,True,,34970,,,-23.5430545,-46.470682999999994,,,,2,2023-06-15T16:48:12+00:00
SAO_736G-10,São Paulo,3550308,True,,780,,,-23.632856500000003,-46.747603999999995,,,,1,2023-06-15T16:48:19+00:00
SAO_736G-10,São Paulo,3550308,True,,780,,,-23.620607,-46.700401,,,,1,2023-06-15T16:48:41+00:00
SAO_736G-10,São Paulo,3550308,True,,780,,,-23.63539325,-46.7528155,,,,1,2023-06-15T16:48:39+00:00
SAO_736G-10,São Paulo,3550308,True,,780,,,-23.6417495,-46.741973,,,,1,2023-06-15T16:48:24+00:00
SAO_736G-10,São Paulo,3550308,True,,780,,,-23.640328,-46.74752075,,,,1,2023-06-15T16:48:38+00:00
SAO_736G-10,São Paulo,3550308,True,,780,,,-23.632856500000003,-46.747603999999995,,,,1,2023-06-15T16:48:28+00:00
SAO_6045-10,São Paulo,3550308,True,,1222,,,-23.64893575,-46.708032,,,,1,2023-06-15T16:48:35+00:00
SAO_6045-10,São Paulo,3550308,True,,1222,,,-23.641039625,-46.71706575,,,,1,2023-06-15T16:48:41+00:00
SAO_6045-10,São Paulo,3550308,True,,1222,,,-23.64440925,-46.72989975,,,,1,2023-06-15T16:48:35+00:00
SAO_6045-10,São Paulo,3550308,True,,1222,,,-23.641499,-46.716685874999996,,,,1,2023-06-15T16:48:36+00:00
SAO_6045-10,São Paulo,3550308,True,,1222,,,-23.637562250000002,-46.719127,,,,1,2023-06-15T16:48:21+00:00
SAO_6045-10,São Paulo,3550308,True,,1222,,,-23.640099,-46.716977,,,,1,2023-06-15T16:48:16+00:00
SAO_6045-10,São Paulo,3550308,True,,1222,,,-23.64471425,-46.726479,,,,1,2023-06-15T16:48:27+00:00
SAO_6045-10,São Paulo,3550308,True,,1222,,,-23.63794375,-46.719917,,,,1,2023-06-15T16:48:02+00:00
SAO_7282-10,São Paulo,3550308,True,,471,,,-23.547847500000003,-46.6420095,,,,1,2023-06-15T16:48:36+00:00
SAO_7282-10,São Paulo,3550308,True,,471,,,-23.5471285,-46.76075,,,,1,2023-06-15T16:48:34+00:00
SAO_7282-10,São Paulo,3550308,True,,471,,,-23.546104,-46.7539945,,,,1,2023-06-15T16:48:23+00:00
SAO_7282-10,São Paulo,3550308,True,,471,,,-23.5388495,-46.706607500000004,,,,1,2023-06-15T16:48:38+00:00
SAO_121G-10,São Paulo,3550308,True,,691,,,-23.504350000000002,-46.5731785,,,,1,2023-06-15T16:45:22+00:00
SAO_121G-10,São Paulo,3550308,True,,691,,,-23.482633,-46.588328000000004,,,,1,2023-06-15T16:48:11+00:00
SAO_121G-10,São Paulo,3550308,True,,691,,,-23.521262,-46.56179675,,,,1,2023-06-15T16:45:41+00:00
SAO_5034-31,São Paulo,3550308,True,,1664,,,-23.602728999999997,-46.602790999999996,,,,1,2023-06-15T16:48:21+00:00
SAO_5034-31,São Paulo,3550308,True,,1664,,,-23.6026455,-46.603128999999996,,,,1,2023-06-15T16:48:29+00:00
SAO_5034-31,São Paulo,3550308,True,,1664,,,-23.60762575,-46.599444250000005,,,,1,2023-06-15T16:48:06+00:00
SAO_5034-31,São Paulo,3550308,True,,1664,,,-23.60626,-46.599335499999995,,,,1,2023-06-15T16:48:28+00:00
SAO_5034-31,São Paulo,3550308,True,,1664,,,-23.641870875000002,-46.58858562499999,,,,1,2023-06-15T16:48:39+00:00
SAO_5034-31,São Paulo,3550308,True,,1664,,,-23.6029265,-46.603229,,,,1,2023-06-15T16:48:35+00:00
SAO_8003-10,São Paulo,3550308,True,,34021,,,-23.5120405,-46.756833,,,,2,2023-06-15T16:48:38+00:00
SAO_8003-10,São Paulo,3550308,True,,34021,,,-23.5131875,-46.7549615,,,,2,2023-06-15T16:48:21+00:00
SAO_8003-10,São Paulo,3550308,True,,34021,,,-23.518814999999996,-46.702155000000005,,,,2,2023-06-15T16:48:04+00:00
SAO_8003-10,São Paulo,3550308,True,,34021,,,-23.5120405,-46.756833,,,,2,2023-06-15T16:48:45+00:00
SAO_7017-10,São Paulo,3550308,True,,35270,,,-23.672517,-46.7598155,,,,2,2023-06-15T16:48:42+00:00
SAO_7017-10,São Paulo,3550308,True,,35270,,,-23.668242,-46.7355055,,,,2,2023-06-15T16:48:38+00:00
SAO_7017-10,São Paulo,3550308,True,,35270,,,-23.693227,-46.790786999999995,,,,2,2023-06-15T16:48:33+00:00
SAO_7017-10,São Paulo,3550308,True,,35270,,,-23.668242,-46.7355055,,,,2,2023-06-15T16:48:12+00:00
SAO_7017-10,São Paulo,3550308,True,,35270,,,-23.668242,-46.7355055,,,,2,2023-06-15T16:48:44+00:00
SAO_7017-10,São Paulo,3550308,True,,35270,,,-23.693277000000002,-46.7911,,,,2,2023-06-15T16:48:21+00:00
SAO_7017-10,São Paulo,3550308,True,,35270,,,-23.668242,-46.7355055,,,,2,2023-06-15T16:48:40+00:00
SAO_7017-10,São Paulo,3550308,True,,35270,,,-23.669655,-46.7366765,,,,2,2023-06-15T16:48:39+00:00
SAO_7017-10,São Paulo,3550308,True,,35270,,,-23.674898,-46.773841499999996,,,,2,2023-06-15T16:48:14+00:00
SAO_7017-10,São Paulo,3550308,True,,35270,,,-23.69319,-46.790735,,,,2,2023-06-15T16:48:20+00:00
SAO_971D-10,São Paulo,3550308,True,,33477,,,-23.449035000000002,-46.69752,,,,2,2023-06-15T16:48:22+00:00
SAO_971D-10,São Paulo,3550308,True,,33477,,,-23.4744175,-46.666683,,,,2,2023-06-15T16:48:15+00:00
SAO_971D-10,São Paulo,3550308,True,,33477,,,-23.4513035,-46.6954665,,,,2,2023-06-15T16:48:39+00:00
SAO_971D-10,São Paulo,3550308,True,,33477,,,-23.4809025,-46.656053,,,,2,2023-06-15T16:48:30+00:00
SAO_971D-10,São Paulo,3550308,True,,33477,,,-23.447985,-46.697056,,,,2,2023-06-15T16:48:23+00:00
SAO_971D-10,São Paulo,3550308,True,,33477,,,-23.511174,-46.621218999999996,,,,2,2023-06-15T16:48:24+00:00
SAO_971D-10,São Paulo,3550308,True,,33477,,,-23.44795,-46.697022000000004,,,,2,2023-06-15T16:48:31+00:00
SAO_971D-10,São Paulo,3550308,True,,33477,,,-23.486632999999998,-46.6274265,,,,2,2023-06-15T16:48:18+00:00
SAO_6L11-10,São Paulo,3550308,True,,33935,,,-23.795438,-46.639058500000004,,,,2,2023-06-15T16:48:22+00:00
SAO_6L11-10,São Paulo,3550308,True,,33935,,,-23.8016045,-46.627521,,,,2,2023-06-15T16:48:05+00:00
SAO_6L11-10,São Paulo,3550308,True,,33935,,,-23.7401655,-46.691473,,,,2,2023-06-15T16:48:12+00:00
SAO_6L11-10,São Paulo,3550308,True,,33935,,,-23.8015465,-46.6276715,,,,2,2023-06-15T16:48:41+00:00
SAO_6L11-10,São Paulo,3550308,True,,33935,,,-23.8015015,-46.62784,,,,2,2023-06-15T16:48:40+00:00
SAO_637A-10,São Paulo,3550308,True,,32953,,,-23.683030000000002,-46.7687525,,,,2,2023-06-15T16:48:40+00:00
SAO_637A-10,São Paulo,3550308,True,,32953,,,-23.585477,-46.692689,,,,2,2023-06-15T16:48:46+00:00
SAO_637A-10,São Paulo,3550308,True,,32953,,,-23.5798075,-46.685481499999995,,,,2,2023-06-15T16:48:45+00:00
SAO_637A-10,São Paulo,3550308,True,,32953,,,-23.689947,-46.7740025,,,,2,2023-06-15T16:48:05+00:00
SAO_637A-10,São Paulo,3550308,True,,32953,,,-23.671547,-46.7411115,,,,2,2023-06-15T16:48:40+00:00
SAO_637A-10,São Paulo,3550308,True,,32953,,,-23.5724685,-46.690042500000004,,,,2,2023-06-15T16:48:38+00:00
SAO_637A-10,São Paulo,3550308,True,,32953,,,-23.66591475,-46.72704175,,,,2,2023-06-15T16:48:17+00:00
SAO_637A-10,São Paulo,3550308,True,,32953,,,-23.5676875,-46.6986795,,,,2,2023-06-15T16:48:01+00:00
SAO_637A-10,São Paulo,3550308,True,,32953,,,-23.6901525,-46.774198999999996,,,,2,2023-06-15T16:48:22+00:00
SAO_118Y-10,São Paulo,3550308,True,,33609,,,-23.472411,-46.634502749999996,,,,2,2023-06-15T16:48:33+00:00
SAO_118Y-10,São Paulo,3550308,True,,33609,,,-23.481991,-46.666516,,,,2,2023-06-15T16:48:37+00:00
SAO_118Y-10,São Paulo,3550308,True,,33609,,,-23.472693,-46.63499025,,,,2,2023-06-15T16:48:01+00:00
SAO_118Y-10,São Paulo,3550308,True,,33609,,,-23.48289725,-46.65782475,,,,2,2023-06-15T16:48:00+00:00
SAO_118Y-10,São Paulo,3550308,True,,33609,,,-23.5067265,-46.6873455,,,,2,2023-06-15T16:48:39+00:00
SAO_519M-10,São Paulo,3550308,True,,2211,,,-23.5838735,-46.584436999999994,,,,1,2023-06-15T16:48:16+00:00
SAO_519M-10,São Paulo,3550308,True,,2211,,,-23.614441499999998,-46.500118,,,,1,2023-06-15T16:48:02+00:00
SAO_519M-10,São Paulo,3550308,True,,2211,,,-23.58358225,-46.612262875,,,,1,2023-06-15T16:48:33+00:00
SAO_6006-10,São Paulo,3550308,True,,32943,,,-23.672219,-46.687327249999996,,,,2,2023-06-15T16:48:11+00:00
SAO_6006-10,São Paulo,3550308,True,,32943,,,-23.671547,-46.7411115,,,,2,2023-06-15T16:48:38+00:00
SAO_6006-10,São Paulo,3550308,True,,32943,,,-23.667364,-46.680078,,,,2,2023-06-15T16:46:25+00:00
SAO_6006-10,São Paulo,3550308,True,,32943,,,-23.667364,-46.680078,,,,2,2023-06-15T16:48:36+00:00
SAO_6006-10,São Paulo,3550308,True,,32943,,,-23.6867065,-46.753709,,,,2,2023-06-15T16:48:26+00:00
SAO_6006-10,São Paulo,3550308,True,,32943,,,-23.672556,-46.677626000000004,,,,2,2023-06-15T16:48:37+00:00
SAO_6006-10,São Paulo,3550308,True,,32943,,,-23.667364,-46.680078,,,,2,2023-06-15T16:46:40+00:00
SAO_6006-10,São Paulo,3550308,True,,32943,,,-23.667364,-46.680078,,,,2,2023-06-15T16:48:20+00:00
SAO_4005-10,São Paulo,3550308,True,,34947,,,-23.5833245,-46.4079025,,,,2,2023-06-15T16:48:33+00:00
SAO_4005-10,São Paulo,3550308,True,,34947,,,-23.5940705,-46.3958055,,,,2,2023-06-15T16:48:12+00:00
SAO_9784-10,São Paulo,3550308,True,,33595,,,-23.501976499999998,-46.665965,,,,2,2023-06-15T16:48:34+00:00
SAO_9784-10,São Paulo,3550308,True,,33595,,,-23.4507675,-46.683319374999996,,,,2,2023-06-15T16:48:29+00:00
SAO_9784-10,São Paulo,3550308,True,,33595,,,-23.479807,-46.660022,,,,2,2023-06-15T16:48:12+00:00
SAO_9784-10,São Paulo,3550308,True,,33595,,,-23.4507675,-46.683319374999996,,,,2,2023-06-15T16:48:32+00:00
SAO_9784-10,São Paulo,3550308,True,,33595,,,-23.4666405,-46.668892,,,,2,2023-06-15T16:48:03+00:00
SAO_9784-10,São Paulo,3550308,True,,33595,,,-23.4832245,-46.654132000000004,,,,2,2023-06-15T16:48:36+00:00
SAO_5752-10,São Paulo,3550308,True,,1287,,,-23.6908765,-46.650728,,,,1,2023-06-15T16:48:45+00:00
SAO_5752-10,São Paulo,3550308,True,,1287,,,-23.6908765,-46.650728,,,,1,2023-06-15T16:48:24+00:00
SAO_5752-10,São Paulo,3550308,True,,1287,,,-23.679603999999998,-46.655588374999994,,,,1,2023-06-15T16:45:36+00:00
SAO_5752-10,São Paulo,3550308,True,,1287,,,-23.6908765,-46.650728,,,,1,2023-06-15T16:43:09+00:00
SAO_5752-10,São Paulo,3550308,True,,1287,,,-23.646406,-46.644999,,,,1,2023-06-15T16:48:40+00:00
SAO_5752-10,São Paulo,3550308,True,,1287,,,-23.657134,-46.65430375,,,,1,2023-06-15T16:47:18+00:00
SAO_5752-10,São Paulo,3550308,True,,1287,,,-23.660881500000002,-46.659060749999995,,,,1,2023-06-15T16:48:32+00:00
SAO_5752-10,São Paulo,3550308,True,,1287,,,-23.666438,-46.6678245,,,,1,2023-06-15T16:48:24+00:00
SAO_5752-10,São Paulo,3550308,True,,1287,,,-23.6908785,-46.6505535,,,,1,2023-06-15T16:44:19+00:00
SAO_5752-10,São Paulo,3550308,True,,1287,,,-23.645804499999997,-46.644913,,,,1,2023-06-15T16:47:04+00:00
SAO_5752-10,São Paulo,3550308,True,,1287,,,-23.652748000000003,-46.6483795,,,,1,2023-06-15T16:48:25+00:00
SAO_1760-10,São Paulo,3550308,True,,33325,,,-23.4571605,-46.6597545,,,,2,2023-06-15T16:48:17+00:00
SAO_1760-10,São Paulo,3550308,True,,33325,,,-23.470962,-46.6522075,,,,2,2023-06-15T16:48:07+00:00
SAO_1760-10,São Paulo,3550308,True,,33325,,,-23.457126,-46.65923775,,,,2,2023-06-15T16:48:36+00:00
SAO_9005-10,São Paulo,3550308,True,,33640,,,-23.4543195,-46.6936435,,,,2,2023-06-15T16:48:22+00:00
SAO_9005-10,São Paulo,3550308,True,,33640,,,-23.4543195,-46.6936435,,,,2,2023-06-15T16:48:13+00:00
SAO_9005-10,São Paulo,3550308,True,,33640,,,-23.4543195,-46.6936435,,,,2,2023-06-15T16:48:18+00:00
SAO_9005-10,São Paulo,3550308,True,,33640,,,-23.45404025,-46.6948055,,,,2,2023-06-15T16:48:32+00:00
SAO_9005-10,São Paulo,3550308,True,,33640,,,-23.459359999999997,-46.674609000000004,,,,2,2023-06-15T16:48:34+00:00
SAO_9005-10,São Paulo,3550308,True,,33640,,,-23.475424500000003,-46.670272499999996,,,,2,2023-06-15T16:48:35+00:00
SAO_9005-10,São Paulo,3550308,True,,33640,,,-23.4543195,-46.6936435,,,,2,2023-06-15T16:48:15+00:00
SAO_9005-10,São Paulo,3550308,True,,33640,,,-23.45410675,-46.694542500000004,,,,2,2023-06-15T16:48:01+00:00
SAO_9005-10,São Paulo,3550308,True,,33640,,,-23.4501125,-46.6872975,,,,2,2023-06-15T16:48:34+00:00
SAO_5757-51,São Paulo,3550308,True,,1976,,,-23.6488865,-46.646154499999994,,,,1,2023-06-15T16:48:25+00:00
SAO_5757-51,São Paulo,3550308,True,,1976,,,-23.6461565,-46.644951,,,,1,2023-06-15T16:48:45+00:00
SAO_5757-51,São Paulo,3550308,True,,1976,,,-23.7079895,-46.641386499999996,,,,1,2023-06-15T16:48:36+00:00
SAO_5757-51,São Paulo,3550308,True,,1976,,,-23.693475499999998,-46.644855,,,,1,2023-06-15T16:48:44+00:00
SAO_5757-51,São Paulo,3550308,True,,1976,,,-23.676444,-46.6418475,,,,1,2023-06-15T16:48:42+00:00
SAO_5757-51,São Paulo,3550308,True,,1976,,,-23.7079895,-46.641386499999996,,,,1,2023-06-15T16:48:43+00:00
SAO_5757-51,São Paulo,3550308,True,,1976,,,-23.667029749999998,-46.6542505,,,,1,2023-06-15T16:48:29+00:00
SAO_3903-10,São Paulo,3550308,True,,1471,,,-23.5232615,-46.545676,,,,1,2023-06-15T16:48:10+00:00
SAO_4002-10,São Paulo,3550308,True,,34945,,,-23.5591695,-46.3996545,,,,2,2023-06-15T16:48:38+00:00
SAO_4002-10,São Paulo,3550308,True,,34945,,,-23.542885750000003,-46.42439475,,,,2,2023-06-15T16:48:17+00:00
SAO_4002-10,São Paulo,3550308,True,,34945,,,-23.58033175,-46.50146325,,,,2,2023-06-15T16:48:01+00:00
SAO_4002-10,São Paulo,3550308,True,,34945,,,-23.558238,-46.399558999999996,,,,2,2023-06-15T16:48:41+00:00
SAO_4002-10,São Paulo,3550308,True,,34945,,,-23.542303,-46.425173,,,,2,2023-06-15T16:48:13+00:00
SAO_2735-10,São Paulo,3550308,True,,34689,,,-23.500638000000002,-46.531673,,,,2,2023-06-15T16:48:22+00:00
SAO_2735-10,São Paulo,3550308,True,,34689,,,-23.51598125,-46.549963500000004,,,,2,2023-06-15T16:47:26+00:00
SAO_2735-10,São Paulo,3550308,True,,34689,,,-23.483280999999998,-46.504102,,,,2,2023-06-15T16:48:15+00:00
SAO_978T-10,São Paulo,3550308,True,,889,,,-23.528114000000002,-46.68508799999999,,,,1,2023-06-15T16:48:41+00:00
SAO_978T-10,São Paulo,3550308,True,,889,,,-23.462723,-46.7013555,,,,1,2023-06-15T16:48:27+00:00
SAO_978T-10,São Paulo,3550308,True,,889,,,-23.526072,-46.6883395,,,,1,2023-06-15T16:48:16+00:00
SAO_978T-10,São Paulo,3550308,True,,889,,,-23.517587874999997,-46.699211125,,,,1,2023-06-15T16:48:03+00:00
SAO_978T-10,São Paulo,3550308,True,,889,,,-23.506587875,-46.68920250000001,,,,1,2023-06-15T16:48:21+00:00
SAO_978T-10,São Paulo,3550308,True,,889,,,-23.46082625,-46.6944575,,,,1,2023-06-15T16:48:17+00:00
SAO_978T-10,São Paulo,3550308,True,,889,,,-23.5019645,-46.6947855,,,,1,2023-06-15T16:48:31+00:00
SAO_978T-10,São Paulo,3550308,True,,889,,,-23.4725945,-46.691195500000006,,,,1,2023-06-15T16:48:32+00:00
SAO_978T-10,São Paulo,3550308,True,,889,,,-23.4608575,-46.687422,,,,1,2023-06-15T16:48:10+00:00
SAO_978T-10,São Paulo,3550308,True,,889,,,-23.4608575,-46.687422,,,,1,2023-06-15T16:48:20+00:00
SAO_978T-10,São Paulo,3550308,True,,889,,,-23.526072,-46.6883395,,,,1,2023-06-15T16:48:13+00:00
SAO_978T-10,São Paulo,3550308,True,,889,,,-23.530187625000003,-46.6816805,,,,1,2023-06-15T16:48:03+00:00
SAO_978T-10,São Paulo,3550308,True,,889,,,-23.4608575,-46.687422,,,,1,2023-06-15T16:48:44+00:00
SAO_978T-10,São Paulo,3550308,True,,889,,,-23.487537000000003,-46.692788,,,,1,2023-06-15T16:48:32+00:00
SAO_6817-10,São Paulo,3550308,True,,32795,,,-23.6591095,-46.766191,,,,2,2023-06-15T16:48:16+00:00
SAO_6822-10,São Paulo,3550308,True,,32790,,,-23.660321500000002,-46.768232499999996,,,,2,2023-06-15T16:48:18+00:00
SAO_6822-10,São Paulo,3550308,True,,32790,,,-23.640196000000003,-46.779968249999996,,,,2,2023-06-15T16:48:22+00:00
SAO_6822-10,São Paulo,3550308,True,,32790,,,-23.65385975,-46.79008575,,,,2,2023-06-15T16:48:08+00:00
SAO_6822-10,São Paulo,3550308,True,,32790,,,-23.65385975,-46.79008575,,,,2,2023-06-15T16:48:15+00:00
SAO_6822-10,São Paulo,3550308,True,,32790,,,-23.65385975,-46.79008575,,,,2,2023-06-15T16:48:33+00:00
SAO_6822-10,São Paulo,3550308,True,,32790,,,-23.65385975,-46.79008575,,,,2,2023-06-15T16:48:46+00:00
SAO_6039-10,São Paulo,3550308,True,,33985,,,-23.64628225,-46.722688500000004,,,,2,2023-06-15T16:48:22+00:00
SAO_6039-10,São Paulo,3550308,True,,33985,,,-23.6600195,-46.767176,,,,2,2023-06-15T16:48:03+00:00
SAO_6039-10,São Paulo,3550308,True,,33985,,,-23.651247624999996,-46.709779999999995,,,,2,2023-06-15T16:48:40+00:00
SAO_6039-10,São Paulo,3550308,True,,33985,,,-23.6438595,-46.731730999999996,,,,2,2023-06-15T16:48:34+00:00
SAO_1702-10,São Paulo,3550308,True,,33614,,,-23.443147,-46.5770005,,,,2,2023-06-15T16:48:05+00:00
SAO_1702-10,São Paulo,3550308,True,,33614,,,-23.443147,-46.5770005,,,,2,2023-06-15T16:48:11+00:00
SAO_1702-10,São Paulo,3550308,True,,33614,,,-23.443147,-46.5770005,,,,2,2023-06-15T16:48:32+00:00
SAO_1702-10,São Paulo,3550308,True,,33614,,,-23.45574275,-46.582383750000005,,,,2,2023-06-15T16:48:17+00:00
SAO_1702-10,São Paulo,3550308,True,,33614,,,-23.486323375,-46.605292000000006,,,,2,2023-06-15T16:48:09+00:00
SAO_1702-10,São Paulo,3550308,True,,33614,,,-23.5276345,-46.6267855,,,,2,2023-06-15T16:48:26+00:00
SAO_1702-10,São Paulo,3550308,True,,33614,,,-23.4432505,-46.577110000000005,,,,2,2023-06-15T16:48:29+00:00
SAO_1702-10,São Paulo,3550308,True,,33614,,,-23.455801,-46.582712,,,,2,2023-06-15T16:48:26+00:00
SAO_1702-10,São Paulo,3550308,True,,33614,,,-23.443305000000002,-46.5771705,,,,2,2023-06-15T16:48:20+00:00
SAO_1702-10,São Paulo,3550308,True,,33614,,,-23.4432505,-46.577110000000005,,,,2,2023-06-15T16:48:06+00:00
SAO_1702-10,São Paulo,3550308,True,,33614,,,-23.4541975,-46.580524499999996,,,,2,2023-06-15T16:48:30+00:00
SAO_1702-10,São Paulo,3550308,True,,33614,,,-23.443305000000002,-46.5771705,,,,2,2023-06-15T16:48:39+00:00
SAO_8007-10,São Paulo,3550308,True,,34025,,,-23.475496999999997,-46.7565585,,,,2,2023-06-15T16:48:46+00:00
SAO_8007-10,São Paulo,3550308,True,,34025,,,-23.486233,-46.726208,,,,2,2023-06-15T16:48:36+00:00
SAO_8007-10,São Paulo,3550308,True,,34025,,,-23.4754595,-46.756460000000004,,,,2,2023-06-15T16:48:05+00:00
SAO_8007-10,São Paulo,3550308,True,,34025,,,-23.469151,-46.75289050000001,,,,2,2023-06-15T16:48:16+00:00
SAO_6045-10,São Paulo,3550308,True,,33990,,,-23.651277,-46.757588999999996,,,,2,2023-06-15T16:48:34+00:00
SAO_6045-10,São Paulo,3550308,True,,33990,,,-23.681635,-46.7845875,,,,2,2023-06-15T16:48:26+00:00
SAO_6045-10,São Paulo,3550308,True,,33990,,,-23.650330500000003,-46.708101,,,,2,2023-06-15T16:48:17+00:00
SAO_6045-10,São Paulo,3550308,True,,33990,,,-23.6990275,-46.7964265,,,,2,2023-06-15T16:48:43+00:00
SAO_6045-10,São Paulo,3550308,True,,33990,,,-23.64450025,-46.7264155,,,,2,2023-06-15T16:48:36+00:00
SAO_3712-51,São Paulo,3550308,True,,2505,,,-23.5496355,-46.42588549999999,,,,1,2023-06-15T16:48:22+00:00
SAO_3712-51,São Paulo,3550308,True,,2505,,,-23.534374,-46.453041999999996,,,,1,2023-06-15T16:48:04+00:00
SAO_3762-10,São Paulo,3550308,True,,1053,,,-23.546595625000002,-46.554640250000006,,,,1,2023-06-15T16:45:12+00:00
SAO_3762-10,São Paulo,3550308,True,,1053,,,-23.563841500000002,-46.542931,,,,1,2023-06-15T16:48:27+00:00
SAO_3762-10,São Paulo,3550308,True,,1053,,,-23.5459710625,-46.557111500000005,,,,1,2023-06-15T16:48:42+00:00
SAO_3762-10,São Paulo,3550308,True,,1053,,,-23.591546,-46.5161705,,,,1,2023-06-15T16:48:44+00:00
SAO_3762-10,São Paulo,3550308,True,,1053,,,-23.541065,-46.576965,,,,1,2023-06-15T16:48:36+00:00
SAO_3762-10,São Paulo,3550308,True,,1053,,,-23.5762605,-46.520653,,,,1,2023-06-15T16:48:40+00:00
SAO_6039-21,São Paulo,3550308,True,,35261,,,-23.6541265,-46.7631545,,,,2,2023-06-15T16:48:37+00:00
SAO_6039-21,São Paulo,3550308,True,,35261,,,-23.662627,-46.78067125,,,,2,2023-06-15T16:48:16+00:00
SAO_6039-21,São Paulo,3550308,True,,35261,,,-23.654132,-46.7632315,,,,2,2023-06-15T16:48:08+00:00
SAO_3741-10,São Paulo,3550308,True,,33809,,,-23.542377000000002,-46.449023749999995,,,,2,2023-06-15T16:48:32+00:00
SAO_3741-10,São Paulo,3550308,True,,33809,,,-23.546066,-46.4682835,,,,2,2023-06-15T16:48:08+00:00
SAO_3741-10,São Paulo,3550308,True,,33809,,,-23.563354500000003,-46.458228,,,,2,2023-06-15T16:48:46+00:00
SAO_3021-10,São Paulo,3550308,True,STT,276,https://moovitapp.com/index/pt-br/transporte_p%C3%BAblico-line-276-Sao_Paulo-242-850661-183276-0,5.3,-23.5846295,-46.582932,,,,1,2023-06-15T16:48:01+00:00
SAO_3021-10,São Paulo,3550308,True,STT,276,https://moovitapp.com/index/pt-br/transporte_p%C3%BAblico-line-276-Sao_Paulo-242-850661-183276-0,5.3,-23.5988745,-46.517365,,,,1,2023-06-15T16:47:19+00:00
SAO_4709-10,São Paulo,3550308,True,,33101,,,-23.653212,-46.607879499999996,,,,2,2023-06-15T16:48:24+00:00
SAO_4709-10,São Paulo,3550308,True,,33101,,,-23.6529455,-46.6073925,,,,2,2023-06-15T16:48:38+00:00
SAO_4709-10,São Paulo,3550308,True,,33101,,,-23.6496705,-46.6138115,,,,2,2023-06-15T16:48:20+00:00
SAO_4709-10,São Paulo,3550308,True,,33101,,,-23.602543,-46.61836325,,,,2,2023-06-15T16:48:03+00:00
SAO_4709-10,São Paulo,3550308,True,,33101,,,-23.5894755,-46.633868,,,,2,2023-06-15T16:48:22+00:00
SAO_273D-10,São Paulo,3550308,True,,32990,,,-23.5212985,-46.410903,,,,2,2023-06-15T16:48:11+00:00
SAO_273D-10,São Paulo,3550308,True,,32990,,,-23.5214175,-46.4108045,,,,2,2023-06-15T16:48:11+00:00
SAO_273D-10,São Paulo,3550308,True,,32990,,,-23.5210195,-46.411196000000004,,,,2,2023-06-15T16:48:13+00:00
SAO_273D-10,São Paulo,3550308,True,,32990,,,-23.536505,-46.474794,,,,2,2023-06-15T16:48:22+00:00
SAO_273D-10,São Paulo,3550308,True,,32990,,,-23.5115235,-46.4428705,,,,2,2023-06-15T16:48:21+00:00
SAO_273L-10,São Paulo,3550308,True,,32992,,,-23.539111,-46.4313315,,,,2,2023-06-15T16:48:01+00:00
SAO_273L-10,São Paulo,3550308,True,,32992,,,-23.534413,-46.4526755,,,,2,2023-06-15T16:48:27+00:00
SAO_273L-10,São Paulo,3550308,True,,32992,,,-23.5396435,-46.483474,,,,2,2023-06-15T16:48:35+00:00
SAO_273L-10,São Paulo,3550308,True,,32992,,,-23.538865,-46.431186499999995,,,,2,2023-06-15T16:48:07+00:00
SAO_273L-10,São Paulo,3550308,True,,32992,,,-23.539111,-46.4313315,,,,2,2023-06-15T16:48:09+00:00
SAO_273L-10,São Paulo,3550308,True,,32992,,,-23.539380375,-46.431489625,,,,2,2023-06-15T16:48:17+00:00
SAO_273L-10,São Paulo,3550308,True,,32992,,,-23.539111,-46.4313315,,,,2,2023-06-15T16:48:34+00:00
SAO_273L-10,São Paulo,3550308,True,,32992,,,-23.5198535,-46.41966,,,,2,2023-06-15T16:48:04+00:00
SAO_8100-10,São Paulo,3550308,True,,34030,,,-23.520326,-46.699492500000005,,,,2,2023-06-15T16:48:16+00:00
SAO_8100-10,São Paulo,3550308,True,,34030,,,-23.486492,-46.725708499999996,,,,2,2023-06-15T16:46:40+00:00
SAO_8100-10,São Paulo,3550308,True,,34030,,,-23.506016000000002,-46.717547999999994,,,,2,2023-06-15T16:48:29+00:00
SAO_3725-10,São Paulo,3550308,True,,33790,,,-23.549874000000003,-46.5218445,,,,2,2023-06-15T16:48:19+00:00
SAO_3725-10,São Paulo,3550308,True,,33790,,,-23.533086,-46.530659,,,,2,2023-06-15T16:48:32+00:00
SAO_3725-10,São Paulo,3550308,True,,33790,,,-23.54474625,-46.51684325,,,,2,2023-06-15T16:48:47+00:00
SAO_3725-10,São Paulo,3550308,True,,33790,,,-23.540511000000002,-46.5246905,,,,2,2023-06-15T16:48:04+00:00
SAO_3725-10,São Paulo,3550308,True,,33790,,,-23.5332225,-46.530609,,,,2,2023-06-15T16:48:13+00:00
SAO_148P-10,São Paulo,3550308,True,,33302,,,-23.457998500000002,-46.6436045,,,,2,2023-06-15T16:48:22+00:00
SAO_148P-10,São Paulo,3550308,True,,33302,,,-23.4580515,-46.6428225,,,,2,2023-06-15T16:48:17+00:00
SAO_148P-10,São Paulo,3550308,True,,33302,,,-23.472679499999998,-46.666908,,,,2,2023-06-15T16:48:13+00:00
SAO_148P-10,São Paulo,3550308,True,,33302,,,-23.498176,-46.65528275,,,,2,2023-06-15T16:46:22+00:00
SAO_148P-10,São Paulo,3550308,True,,33302,,,-23.49260175,-46.66213525,,,,2,2023-06-15T16:48:09+00:00
SAO_148P-10,São Paulo,3550308,True,,33302,,,-23.4580645,-46.6433105,,,,2,2023-06-15T16:48:01+00:00
SAO_148P-10,São Paulo,3550308,True,,33302,,,-23.502414,-46.6571815,,,,2,2023-06-15T16:48:30+00:00
SAO_148P-10,São Paulo,3550308,True,,33302,,,-23.528823,-46.66128500000001,,,,2,2023-06-15T16:47:54+00:00
SAO_148P-10,São Paulo,3550308,True,,33302,,,-23.473617500000003,-46.6672885,,,,2,2023-06-15T16:48:38+00:00
SAO_148P-10,São Paulo,3550308,True,,33302,,,-23.470672,-46.65263,,,,2,2023-06-15T16:48:24+00:00
SAO_148P-10,São Paulo,3550308,True,,33302,,,-23.458094,-46.642975500000006,,,,2,2023-06-15T16:48:43+00:00
SAO_3032-10,São Paulo,3550308,True,,33488,,,-23.562264499999998,-46.516679,,,,2,2023-06-15T16:48:09+00:00
SAO_3032-10,São Paulo,3550308,True,,33488,,,-23.558199000000002,-46.522121,,,,2,2023-06-15T16:48:10+00:00
SAO_715M-10,São Paulo,3550308,True,EMTU,490,https://moovitapp.com/index/pt-br/transporte_p%C3%BAblico-line-490-Sao_Paulo-242-2038937-36419517-0,5.15,-23.5585285,-46.668259,,,,1,2023-06-15T16:48:41+00:00
SAO_715M-10,São Paulo,3550308,True,EMTU,490,https://moovitapp.com/index/pt-br/transporte_p%C3%BAblico-line-490-Sao_Paulo-242-2038937-36419517-0,5.15,-23.5592315,-46.637510500000005,,,,1,2023-06-15T16:48:43+00:00
SAO_715M-10,São Paulo,3550308,True,EMTU,490,https://moovitapp.com/index/pt-br/transporte_p%C3%BAblico-line-490-Sao_Paulo-242-2038937-36419517-0,5.15,-23.583236999999997,-46.761977,,,,1,2023-06-15T16:48:41+00:00
SAO_715M-10,São Paulo,3550308,True,EMTU,490,https://moovitapp.com/index/pt-br/transporte_p%C3%BAblico-line-490-Sao_Paulo-242-2038937-36419517-0,5.15,-23.565439499999997,-46.651795875000005,,,,1,2023-06-15T16:48:38+00:00
SAO_715M-10,São Paulo,3550308,True,EMTU,490,https://moovitapp.com/index/pt-br/transporte_p%C3%BAblico-line-490-Sao_Paulo-242-2038937-36419517-0,5.15,-23.5719835,-46.706426500000006,,,,1,2023-06-15T16:48:40+00:00
SAO_715M-10,São Paulo,3550308,True,EMTU,490,https://moovitapp.com/index/pt-br/transporte_p%C3%BAblico-line-490-Sao_Paulo-242-2038937-36419517-0,5.15,-23.583236999999997,-46.761977,,,,1,2023-06-15T16:48:18+00:00
SAO_715M-10,São Paulo,3550308,True,EMTU,490,https://moovitapp.com/index/pt-br/transporte_p%C3%BAblico-line-490-Sao_Paulo-242-2038937-36419517-0,5.15,-23.583236999999997,-46.761977,,,,1,2023-06-15T16:48:41+00:00
SAO_715M-10,São Paulo,3550308,True,EMTU,490,https://moovitapp.com/index/pt-br/transporte_p%C3%BAblico-line-490-Sao_Paulo-242-2038937-36419517-0,5.15,-23.576739,-46.7428695,,,,1,2023-06-15T16:48:26+00:00
SAO_2582-10,São Paulo,3550308,True,EMTU,374,https://moovitapp.com/index/pt-br/transporte_p%C3%BAblico-line-374-Sao_Paulo-242-2038937-36419448-0,3.7,-23.53650425,-46.5884185,,,,1,2023-06-15T16:48:18+00:00
SAO_2582-10,São Paulo,3550308,True,EMTU,374,https://moovitapp.com/index/pt-br/transporte_p%C3%BAblico-line-374-Sao_Paulo-242-2038937-36419448-0,3.7,-23.48577,-46.484167,,,,1,2023-06-15T16:42:46+00:00
SAO_2582-10,São Paulo,3550308,True,EMTU,374,https://moovitapp.com/index/pt-br/transporte_p%C3%BAblico-line-374-Sao_Paulo-242-2038937-36419448-0,3.7,-23.4984065,-46.456347,,,,1,2023-06-15T16:48:34+00:00
SAO_2582-10,São Paulo,3550308,True,EMTU,374,https://moovitapp.com/index/pt-br/transporte_p%C3%BAblico-line-374-Sao_Paulo-242-2038937-36419448-0,3.7,-23.511577,-46.44304174999999,,,,1,2023-06-15T16:48:44+00:00
SAO_2582-10,São Paulo,3550308,True,EMTU,374,https://moovitapp.com/index/pt-br/transporte_p%C3%BAblico-line-374-Sao_Paulo-242-2038937-36419448-0,3.7,-23.522281500000002,-46.548018625,,,,1,2023-06-15T16:48:30+00:00
SAO_408A-10,São Paulo,3550308,True,,33534,,,-23.545629499999997,-46.662265500000004,,,,2,2023-06-15T16:48:06+00:00
SAO_408A-10,São Paulo,3550308,True,,33534,,,-23.579829,-46.6329,,,,2,2023-06-15T16:48:26+00:00
SAO_408A-10,São Paulo,3550308,True,,33534,,,-23.544504500000002,-46.665517,,,,2,2023-06-15T16:48:11+00:00
SAO_408A-10,São Paulo,3550308,True,,33534,,,-23.543692999999998,-46.672401,,,,2,2023-06-15T16:48:03+00:00
SAO_408A-10,São Paulo,3550308,True,,33534,,,-23.552270999999998,-46.633739500000004,,,,2,2023-06-15T16:48:18+00:00
SAO_408A-10,São Paulo,3550308,True,,33534,,,-23.5709995,-46.63127875,,,,2,2023-06-15T16:48:22+00:00
SAO_746R-10,São Paulo,3550308,True,,33558,,,-23.654880499999997,-46.716874000000004,,,,2,2023-06-15T16:48:41+00:00
SAO_746R-10,São Paulo,3550308,True,,33558,,,-23.61038,-46.705295500000005,,,,2,2023-06-15T16:48:32+00:00
SAO_746R-10,São Paulo,3550308,True,,33558,,,-23.61845175,-46.69627975,,,,2,2023-06-15T16:48:41+00:00
SAO_746R-10,São Paulo,3550308,True,,33558,,,-23.6094055,-46.70482,,,,2,2023-06-15T16:48:32+00:00
SAO_746R-10,São Paulo,3550308,True,,33558,,,-23.6103905,-46.7051065,,,,2,2023-06-15T16:48:03+00:00
SAO_8594-10,São Paulo,3550308,True,,33200,,,-23.451815,-46.7463895,,,,2,2023-06-15T16:48:03+00:00
SAO_8594-10,São Paulo,3550308,True,,33200,,,-23.468600000000002,-46.725007500000004,,,,2,2023-06-15T16:48:36+00:00
SAO_8594-10,São Paulo,3550308,True,,33200,,,-23.452224,-46.7470045,,,,2,2023-06-15T16:48:29+00:00
SAO_8594-10,São Paulo,3550308,True,,33200,,,-23.452038,-46.7466635,,,,2,2023-06-15T16:48:00+00:00
SAO_8594-10,São Paulo,3550308,True,,33200,,,-23.447083,-46.722232500000004,,,,2,2023-06-15T16:48:25+00:00
SAO_8594-10,São Paulo,3550308,True,,33200,,,-23.451815,-46.7463895,,,,2,2023-06-15T16:48:41+00:00
SAO_8594-10,São Paulo,3550308,True,,33200,,,-23.452148,-46.7468185,,,,2,2023-06-15T16:48:32+00:00
SAO_8594-10,São Paulo,3550308,True,,33200,,,-23.5279289375,-46.670851125,,,,2,2023-06-15T16:48:29+00:00
SAO_8594-10,São Paulo,3550308,True,,33200,,,-23.522478,-46.69588125,,,,2,2023-06-15T16:48:42+00:00
SAO_6232-10,São Paulo,3550308,True,STT,483,https://moovitapp.com/index/pt-br/transporte_p%C3%BAblico-line-483-Sao_Paulo-242-850661-183322-0,5.3,-23.5269655,-46.664746,,,,1,2023-06-15T16:48:19+00:00
SAO_5123-10,São Paulo,3550308,True,,1125,,,-23.676204,-46.6419445,,,,1,2023-06-15T16:48:38+00:00
SAO_5123-10,São Paulo,3550308,True,,1125,,,-23.659974,-46.63654,,,,1,2023-06-15T16:48:08+00:00
SAO_5123-10,São Paulo,3550308,True,,1125,,,-23.59562275,-46.642447000000004,,,,1,2023-06-15T16:48:32+00:00
SAO_5123-10,São Paulo,3550308,True,,1125,,,-23.6344415,-46.6412225,,,,1,2023-06-15T16:48:16+00:00
SAO_5123-10,São Paulo,3550308,True,,1125,,,-23.594782000000002,-46.642353,,,,1,2023-06-15T16:47:25+00:00
SAO_5123-10,São Paulo,3550308,True,,1125,,,-23.59562275,-46.642447000000004,,,,1,2023-06-15T16:46:51+00:00
SAO_5123-10,São Paulo,3550308,True,,1125,,,-23.682105999999997,-46.636607,,,,1,2023-06-15T16:48:35+00:00
SAO_5123-10,São Paulo,3550308,True,,1125,,,-23.604057625,-46.63568175,,,,1,2023-06-15T16:48:01+00:00
SAO_5123-10,São Paulo,3550308,True,,1125,,,-23.678641499999998,-46.63029575,,,,1,2023-06-15T16:45:49+00:00
SAO_5123-10,São Paulo,3550308,True,,1125,,,-23.594358125,-46.6448025,,,,1,2023-06-15T16:48:18+00:00
SAO_5123-10,São Paulo,3550308,True,,1125,,,-23.610662499999997,-46.637826,,,,1,2023-06-15T16:48:09+00:00
SAO_5013-10,São Paulo,3550308,True,,1117,,,-23.682060999999997,-46.633000499999994,,,,1,2023-06-15T16:48:06+00:00
SAO_5013-10,São Paulo,3550308,True,,1117,,,-23.6714015,-46.67781975,,,,1,2023-06-15T16:48:29+00:00
SAO_5013-10,São Paulo,3550308,True,,1117,,,-23.682060999999997,-46.633000499999994,,,,1,2023-06-15T16:46:03+00:00
SAO_5013-10,São Paulo,3550308,True,,1117,,,-23.654280999999997,-46.70443349999999,,,,1,2023-06-15T16:48:03+00:00
SAO_5013-10,São Paulo,3550308,True,,1117,,,-23.681199999999997,-46.632358249999996,,,,1,2023-06-15T16:45:27+00:00
SAO_5013-10,São Paulo,3550308,True,,1117,,,-23.680304,-46.641373,,,,1,2023-06-15T16:47:38+00:00
SAO_5013-10,São Paulo,3550308,True,,1117,,,-23.6709815,-46.6689525,,,,1,2023-06-15T16:48:24+00:00
SAO_5013-10,São Paulo,3550308,True,,1117,,,-23.6545995,-46.7033345,,,,1,2023-06-15T16:48:02+00:00
SAO_5013-10,São Paulo,3550308,True,,1117,,,-23.656631,-46.7000175,,,,1,2023-06-15T16:48:21+00:00
SAO_5013-10,São Paulo,3550308,True,,1117,,,-23.659697,-46.69745399999999,,,,1,2023-06-15T16:48:02+00:00
SAO_5013-10,São Paulo,3550308,True,,1117,,,-23.682060999999997,-46.633000499999994,,,,1,2023-06-15T16:48:00+00:00
SAO_3020-10,São Paulo,3550308,True,,33726,,,-23.55268875,-46.431169499999996,,,,2,2023-06-15T16:48:43+00:00
SAO_3020-10,São Paulo,3550308,True,,33726,,,-23.575791,-46.5027715,,,,2,2023-06-15T16:48:30+00:00
SAO_3020-10,São Paulo,3550308,True,,33726,,,-23.55268875,-46.431169499999996,,,,2,2023-06-15T16:48:11+00:00
SAO_3020-10,São Paulo,3550308,True,,33726,,,-23.550797,-46.463232500000004,,,,2,2023-06-15T16:48:36+00:00
SAO_3020-10,São Paulo,3550308,True,,33726,,,-23.5422225,-46.436592250000004,,,,2,2023-06-15T16:48:30+00:00
SAO_6812-10,São Paulo,3550308,True,,34010,,,-23.65173375,-46.702795,,,,2,2023-06-15T16:48:46+00:00
SAO_6812-10,São Paulo,3550308,True,,34010,,,-23.732082,-46.790541000000005,,,,2,2023-06-15T16:48:39+00:00
SAO_6812-10,São Paulo,3550308,True,,34010,,,-23.696705,-46.779482,,,,2,2023-06-15T16:48:32+00:00
SAO_6812-10,São Paulo,3550308,True,,34010,,,-23.73195075,-46.790341,,,,2,2023-06-15T16:48:43+00:00
SAO_6812-10,São Paulo,3550308,True,,34010,,,-23.729138250000002,-46.7880505,,,,2,2023-06-15T16:48:33+00:00
SAO_6812-10,São Paulo,3550308,True,,34010,,,-23.6675375,-46.730432,,,,2,2023-06-15T16:48:24+00:00
SAO_6812-10,São Paulo,3550308,True,,34010,,,-23.666269874999998,-46.718269250000006,,,,2,2023-06-15T16:48:41+00:00
SAO_4055-10,São Paulo,3550308,True,,2447,,,-23.550646999999998,-46.4190575,,,,1,2023-06-15T16:46:54+00:00
SAO_715M-10,São Paulo,3550308,True,,33258,,,-23.567533312500004,-46.644353249999995,,,,2,2023-06-15T16:48:10+00:00
SAO_715M-10,São Paulo,3550308,True,,33258,,,-23.573786,-46.733691,,,,2,2023-06-15T16:48:42+00:00
SAO_715M-10,São Paulo,3550308,True,,33258,,,-23.583049,-46.761895499999994,,,,2,2023-06-15T16:48:07+00:00
SAO_715M-10,São Paulo,3550308,True,,33258,,,-23.583534999999998,-46.7620345,,,,2,2023-06-15T16:48:40+00:00
SAO_715M-10,São Paulo,3550308,True,,33258,,,-23.5828845,-46.7617605,,,,2,2023-06-15T16:48:37+00:00
SAO_715M-10,São Paulo,3550308,True,,33258,,,-23.5621635,-46.674863,,,,2,2023-06-15T16:48:47+00:00
SAO_715M-10,São Paulo,3550308,True,,33258,,,-23.571253249999998,-46.693721749999995,,,,2,2023-06-15T16:48:39+00:00
SAO_106A-10,São Paulo,3550308,True,,33284,,,-23.586826375,-46.679704125,,,,2,2023-06-15T16:48:46+00:00
SAO_106A-10,São Paulo,3550308,True,,33284,,,-23.588073,-46.6842925,,,,2,2023-06-15T16:48:33+00:00
SAO_106A-10,São Paulo,3550308,True,,33284,,,-23.502099,-46.62419250000001,,,,2,2023-06-15T16:48:20+00:00
SAO_106A-10,São Paulo,3550308,True,,33284,,,-23.533191875,-46.632661625,,,,2,2023-06-15T16:48:24+00:00
SAO_106A-10,São Paulo,3550308,True,,33284,,,-23.503025,-46.6242335,,,,2,2023-06-15T16:48:15+00:00
SAO_106A-10,São Paulo,3550308,True,,33284,,,-23.5886895,-46.68657949999999,,,,2,2023-06-15T16:48:43+00:00
SAO_7054-10,São Paulo,3550308,True,,41,,,-23.647972,-46.7911125,,,,1,2023-06-15T16:48:20+00:00
SAO_7054-10,São Paulo,3550308,True,,41,,,-23.6517055,-46.7906215,,,,1,2023-06-15T16:48:47+00:00
SAO_3064-10,São Paulo,3550308,True,,33748,,,-23.5430265,-46.4157135,,,,2,2023-06-15T16:48:29+00:00
SAO_3064-10,São Paulo,3550308,True,,33748,,,-23.584176499999998,-46.409053,,,,2,2023-06-15T16:48:41+00:00
SAO_3064-10,São Paulo,3550308,True,,33748,,,-23.5430265,-46.4157135,,,,2,2023-06-15T16:45:25+00:00
SAO_3064-10,São Paulo,3550308,True,,33748,,,-23.601957499999997,-46.3986365,,,,2,2023-06-15T16:48:29+00:00
SAO_3064-10,São Paulo,3550308,True,,33748,,,-23.5430265,-46.4157135,,,,2,2023-06-15T16:48:35+00:00
SAO_3064-10,São Paulo,3550308,True,,33748,,,-23.60346725,-46.40257325,,,,2,2023-06-15T16:48:15+00:00
SAO_5029-10,São Paulo,3550308,True,,34440,,,-23.603818,-46.6029635,,,,2,2023-06-15T16:48:36+00:00
SAO_5029-10,São Paulo,3550308,True,,34440,,,-23.628492,-46.5859155,,,,2,2023-06-15T16:48:45+00:00
SAO_5029-10,São Paulo,3550308,True,,34440,,,-23.628492,-46.5859155,,,,2,2023-06-15T16:47:59+00:00
SAO_5029-10,São Paulo,3550308,True,,34440,,,-23.621568375000003,-46.587451125,,,,2,2023-06-15T16:46:42+00:00
SAO_5029-10,São Paulo,3550308,True,,34440,,,-23.6209135,-46.593073000000004,,,,2,2023-06-15T16:48:03+00:00
SAO_477A-10,São Paulo,3550308,True,,33114,,,-23.579787500000002,-46.6242505,,,,2,2023-06-15T16:48:46+00:00
SAO_477A-10,São Paulo,3550308,True,,33114,,,-23.583599875,-46.67752337500001,,,,2,2023-06-15T16:48:38+00:00
SAO_477A-10,São Paulo,3550308,True,,33114,,,-23.60439075,-46.60359,,,,2,2023-06-15T16:48:03+00:00
SAO_477A-10,São Paulo,3550308,True,,33114,,,-23.567706875,-46.621747125,,,,2,2023-06-15T16:48:11+00:00
SAO_477A-10,São Paulo,3550308,True,,33114,,,-23.577509125,-46.686852,,,,2,2023-06-15T16:48:42+00:00
SAO_477A-10,São Paulo,3550308,True,,33114,,,-23.5886845,-46.635341499999996,,,,2,2023-06-15T16:48:05+00:00
SAO_477A-10,São Paulo,3550308,True,,33114,,,-23.604625,-46.604929750000004,,,,2,2023-06-15T16:48:35+00:00
SAO_5141-10,São Paulo,3550308,True,,1625,,,-23.614004,-46.501168500000006,,,,1,2023-06-15T16:48:07+00:00
SAO_5141-10,São Paulo,3550308,True,,1625,,,-23.6140135,-46.501264500000005,,,,1,2023-06-15T16:44:56+00:00
SAO_5141-10,São Paulo,3550308,True,,1625,,,-23.556169750000002,-46.576313500000005,,,,1,2023-06-15T16:48:36+00:00
SAO_3762-10,São Paulo,3550308,True,,33821,,,-23.582701,-46.518981249999996,,,,2,2023-06-15T16:48:08+00:00
SAO_3762-10,São Paulo,3550308,True,,33821,,,-23.55147925,-46.55122375,,,,2,2023-06-15T16:48:23+00:00
SAO_3762-10,São Paulo,3550308,True,,33821,,,-23.591411,-46.516296499999996,,,,2,2023-06-15T16:48:44+00:00
SAO_3762-10,São Paulo,3550308,True,,33821,,,-23.562973,-46.5426395,,,,2,2023-06-15T16:48:36+00:00
SAO_3762-10,São Paulo,3550308,True,,33821,,,-23.54350325,-46.558805250000006,,,,2,2023-06-15T16:48:30+00:00
SAO_3762-10,São Paulo,3550308,True,,33821,,,-23.591227,-46.516443499999994,,,,2,2023-06-15T16:48:30+00:00
SAO_3762-10,São Paulo,3550308,True,,33821,,,-23.5909755,-46.5166185,,,,2,2023-06-15T16:48:23+00:00
SAO_3762-10,São Paulo,3550308,True,,33821,,,-23.54463775,-46.5666935,,,,2,2023-06-15T16:48:20+00:00
SAO_3762-10,São Paulo,3550308,True,,33821,,,-23.5909755,-46.5166185,,,,2,2023-06-15T16:48:13+00:00
SAO_6071-10,São Paulo,3550308,True,,1156,,,-23.686279,-46.693618,,,,1,2023-06-15T16:48:41+00:00
SAO_6071-10,São Paulo,3550308,True,,1156,,,-23.7236265,-46.679136,,,,1,2023-06-15T16:48:09+00:00
SAO_6071-10,São Paulo,3550308,True,,1156,,,-23.708420750000002,-46.68868225,,,,1,2023-06-15T16:48:07+00:00
SAO_6071-10,São Paulo,3550308,True,,1156,,,-23.718808,-46.6797785,,,,1,2023-06-15T16:48:43+00:00
SAO_8012-10,São Paulo,3550308,True,,2023,,,-23.5596235,-46.7388585,,,,1,2023-06-15T16:48:41+00:00
SAO_8012-10,São Paulo,3550308,True,,2023,,,-23.56011125,-46.72755125,,,,1,2023-06-15T16:48:22+00:00
SAO_8012-10,São Paulo,3550308,True,,2023,,,-23.5683355,-46.7398505,,,,1,2023-06-15T16:48:44+00:00
SAO_8012-10,São Paulo,3550308,True,,2023,,,-23.568261,-46.7081285,,,,1,2023-06-15T16:48:09+00:00
SAO_8677-10,São Paulo,3550308,True,EMTU,443,https://moovitapp.com/index/pt-br/transporte_p%C3%BAblico-line-443-Sao_Paulo-242-2038937-36419491-0,5.4,-23.487334,-46.7595055,,,,1,2023-06-15T16:48:44+00:00
SAO_8677-10,São Paulo,3550308,True,EMTU,443,https://moovitapp.com/index/pt-br/transporte_p%C3%BAblico-line-443-Sao_Paulo-242-2038937-36419491-0,5.4,-23.4874175,-46.732842500000004,,,,1,2023-06-15T16:48:24+00:00
SAO_8677-10,São Paulo,3550308,True,EMTU,443,https://moovitapp.com/index/pt-br/transporte_p%C3%BAblico-line-443-Sao_Paulo-242-2038937-36419491-0,5.4,-23.514334249999997,-46.7266125,,,,1,2023-06-15T16:46:49+00:00
SAO_8677-10,São Paulo,3550308,True,EMTU,443,https://moovitapp.com/index/pt-br/transporte_p%C3%BAblico-line-443-Sao_Paulo-242-2038937-36419491-0,5.4,-23.524931625,-46.698325749999995,,,,1,2023-06-15T16:48:17+00:00
SAO_8677-10,São Paulo,3550308,True,EMTU,443,https://moovitapp.com/index/pt-br/transporte_p%C3%BAblico-line-443-Sao_Paulo-242-2038937-36419491-0,5.4,-23.4874175,-46.732842500000004,,,,1,2023-06-15T16:48:43+00:00
SAO_8677-10,São Paulo,3550308,True,EMTU,443,https://moovitapp.com/index/pt-br/transporte_p%C3%BAblico-line-443-Sao_Paulo-242-2038937-36419491-0,5.4,-23.5463265,-46.639084,,,,1,2023-06-15T16:48:27+00:00
SAO_746C-10,São Paulo,3550308,True,STT,783,https://moovitapp.com/index/pt-br/transporte_p%C3%BAblico-line-783-Sao_Paulo-242-850661-183351-0,5.3,-23.616656,-46.742839000000004,,,,1,2023-06-15T16:48:30+00:00
SAO_746C-10,São Paulo,3550308,True,STT,783,https://moovitapp.com/index/pt-br/transporte_p%C3%BAblico-line-783-Sao_Paulo-242-850661-183351-0,5.3,-23.6439105,-46.7348865,,,,1,2023-06-15T16:46:19+00:00
SAO_746C-10,São Paulo,3550308,True,STT,783,https://moovitapp.com/index/pt-br/transporte_p%C3%BAblico-line-783-Sao_Paulo-242-850661-183351-0,5.3,-23.6091595,-46.7512945,,,,1,2023-06-15T16:47:27+00:00
SAO_746C-10,São Paulo,3550308,True,STT,783,https://moovitapp.com/index/pt-br/transporte_p%C3%BAblico-line-783-Sao_Paulo-242-850661-183351-0,5.3,-23.650086,-46.7077355,,,,1,2023-06-15T16:48:32+00:00
SAO_746C-10,São Paulo,3550308,True,STT,783,https://moovitapp.com/index/pt-br/transporte_p%C3%BAblico-line-783-Sao_Paulo-242-850661-183351-0,5.3,-23.63775525,-46.719529,,,,1,2023-06-15T16:48:07+00:00
SAO_746C-10,São Paulo,3550308,True,STT,783,https://moovitapp.com/index/pt-br/transporte_p%C3%BAblico-line-783-Sao_Paulo-242-850661-183351-0,5.3,-23.648263749999998,-46.709958,,,,1,2023-06-15T16:48:30+00:00
SAO_5018-10,São Paulo,3550308,True,,34260,,,-23.652051999999998,-46.647329,,,,2,2023-06-15T16:48:10+00:00
SAO_5018-10,São Paulo,3550308,True,,34260,,,-23.693192,-46.658266999999995,,,,2,2023-06-15T16:48:22+00:00
SAO_5018-10,São Paulo,3550308,True,,34260,,,-23.67568,-46.67331825,,,,2,2023-06-15T16:48:11+00:00
SAO_675P-10,São Paulo,3550308,True,,33043,,,-23.662185,-46.706652,,,,2,2023-06-15T16:48:10+00:00
SAO_675P-10,São Paulo,3550308,True,,33043,,,-23.6558755,-46.666036500000004,,,,2,2023-06-15T16:48:18+00:00
SAO_675P-10,São Paulo,3550308,True,,33043,,,-23.674021,-46.698019,,,,2,2023-06-15T16:48:22+00:00
SAO_675P-10,São Paulo,3550308,True,,33043,,,-23.677098,-46.701800500000004,,,,2,2023-06-15T16:43:02+00:00
SAO_675P-10,São Paulo,3550308,True,,33043,,,-23.634735,-46.641111,,,,2,2023-06-15T16:48:04+00:00
SAO_352A-10,São Paulo,3550308,True,,164,,,-23.479059749999998,-46.42096825,,,,1,2023-06-15T16:48:19+00:00
SAO_352A-10,São Paulo,3550308,True,,164,,,-23.521513,-46.443749,,,,1,2023-06-15T16:48:18+00:00
SAO_352A-10,São Paulo,3550308,True,,164,,,-23.479454,-46.421091000000004,,,,1,2023-06-15T16:48:02+00:00
SAO_352A-10,São Paulo,3550308,True,,164,,,-23.477096250000002,-46.4202945,,,,1,2023-06-15T16:48:13+00:00
SAO_352A-10,São Paulo,3550308,True,,164,,,-23.5451865,-46.4607915,,,,1,2023-06-15T16:48:38+00:00
SAO_4311-10,São Paulo,3550308,True,,34939,,,-23.548487,-46.60318225,,,,2,2023-06-15T16:48:43+00:00
SAO_4311-10,São Paulo,3550308,True,,34939,,,-23.58784875,-46.48200425,,,,2,2023-06-15T16:48:35+00:00
SAO_4311-10,São Paulo,3550308,True,,34939,,,-23.552569,-46.520155,,,,2,2023-06-15T16:48:25+00:00
SAO_4311-10,São Paulo,3550308,True,,34939,,,-23.6127315,-46.476122000000004,,,,2,2023-06-15T16:48:22+00:00
SAO_4311-10,São Paulo,3550308,True,,34939,,,-23.539853125,-46.543224125,,,,2,2023-06-15T16:48:33+00:00
SAO_4311-10,São Paulo,3550308,True,,34939,,,-23.5735965,-46.504154,,,,2,2023-06-15T16:48:14+00:00
SAO_5018-31,São Paulo,3550308,True,,34629,,,-23.675342999999998,-46.673078000000004,,,,2,2023-06-15T16:48:32+00:00
SAO_5018-31,São Paulo,3550308,True,,34629,,,-23.6943785,-46.656471749999994,,,,2,2023-06-15T16:48:03+00:00
SAO_5018-31,São Paulo,3550308,True,,34629,,,-23.675765,-46.673557,,,,2,2023-06-15T16:48:07+00:00
SAO_5018-31,São Paulo,3550308,True,,34629,,,-23.6874045,-46.670501,,,,2,2023-06-15T16:48:30+00:00
SAO_5018-31,São Paulo,3550308,True,,34629,,,-23.649489000000003,-46.64253125,,,,2,2023-06-15T16:47:43+00:00
SAO_909T-10,São Paulo,3550308,True,,35024,,,-23.564463,-46.6930125,,,,2,2023-06-15T16:48:06+00:00
SAO_909T-10,São Paulo,3550308,True,,35024,,,-23.565859,-46.7013775,,,,2,2023-06-15T16:48:38+00:00
SAO_909T-10,São Paulo,3550308,True,,35024,,,-23.565859,-46.7013775,,,,2,2023-06-15T16:48:00+00:00
SAO_9051-10,São Paulo,3550308,True,,34857,,,-23.5216755,-46.701507,,,,2,2023-06-15T16:48:16+00:00
SAO_9051-10,São Paulo,3550308,True,,34857,,,-23.52543325,-46.7021685,,,,2,2023-06-15T16:48:28+00:00
SAO_9051-10,São Paulo,3550308,True,,34857,,,-23.560456375,-46.695585,,,,2,2023-06-15T16:48:06+00:00
SAO_3741-10,São Paulo,3550308,True,,1041,,,-23.562073750000003,-46.45921525,,,,1,2023-06-15T16:48:37+00:00
SAO_3741-10,São Paulo,3550308,True,,1041,,,-23.555102625000004,-46.464362,,,,1,2023-06-15T16:48:44+00:00
SAO_3741-10,São Paulo,3550308,True,,1041,,,-23.5457155,-46.448936,,,,1,2023-06-15T16:48:33+00:00
SAO_3741-10,São Paulo,3550308,True,,1041,,,-23.5424215,-46.470960500000004,,,,1,2023-06-15T16:48:12+00:00
SAO_3741-10,São Paulo,3550308,True,,1041,,,-23.54870975,-46.44890025,,,,1,2023-06-15T16:48:40+00:00
SAO_3741-10,São Paulo,3550308,True,,1041,,,-23.542298,-46.4702415,,,,1,2023-06-15T16:48:21+00:00
SAO_3741-10,São Paulo,3550308,True,,1041,,,-23.542065,-46.449332,,,,1,2023-06-15T16:48:39+00:00
SAO_3741-10,São Paulo,3550308,True,,1041,,,-23.5424215,-46.470960500000004,,,,1,2023-06-15T16:48:43+00:00
SAO_3033-10,São Paulo,3550308,True,,33736,,,-23.595904250000004,-46.43729625,,,,2,2023-06-15T16:48:45+00:00
SAO_3033-10,São Paulo,3550308,True,,33736,,,-23.556097,-46.4113955,,,,2,2023-06-15T16:48:06+00:00
SAO_3033-10,São Paulo,3550308,True,,33736,,,-23.552402,-46.4134495,,,,2,2023-06-15T16:48:18+00:00
SAO_3033-10,São Paulo,3550308,True,,33736,,,-23.5984475,-46.45984,,,,2,2023-06-15T16:48:34+00:00
SAO_3033-10,São Paulo,3550308,True,,33736,,,-23.554381,-46.4016475,,,,2,2023-06-15T16:40:06+00:00
SAO_3033-10,São Paulo,3550308,True,,33736,,,-23.5948865,-46.42799587499999,,,,2,2023-06-15T16:47:17+00:00
SAO_3033-10,São Paulo,3550308,True,,33736,,,-23.611599,-46.475057,,,,2,2023-06-15T16:48:41+00:00
SAO_2733-10,São Paulo,3550308,True,,948,,,-23.520328499999998,-46.46152325,,,,1,2023-06-15T16:48:28+00:00
SAO_2733-10,São Paulo,3550308,True,,948,,,-23.542603999999997,-46.469476,,,,1,2023-06-15T16:48:15+00:00
SAO_2733-10,São Paulo,3550308,True,,948,,,-23.537851125000003,-46.455333,,,,1,2023-06-15T16:48:16+00:00
SAO_2733-10,São Paulo,3550308,True,,948,,,-23.52940975,-46.4556305,,,,1,2023-06-15T16:48:15+00:00
SAO_2707-10,São Paulo,3550308,True,,33687,,,-23.531468500000003,-46.409606,,,,2,2023-06-15T16:48:28+00:00
SAO_2707-10,São Paulo,3550308,True,,33687,,,-23.53124375,-46.445772375000004,,,,2,2023-06-15T16:48:17+00:00
SAO_2707-10,São Paulo,3550308,True,,33687,,,-23.5418825,-46.4703705,,,,2,2023-06-15T16:46:37+00:00
SAO_2707-10,São Paulo,3550308,True,,33687,,,-23.539355,-46.4081905,,,,2,2023-06-15T16:48:13+00:00
SAO_2707-10,São Paulo,3550308,True,,33687,,,-23.532984499999998,-46.448578999999995,,,,2,2023-06-15T16:48:37+00:00
SAO_2707-10,São Paulo,3550308,True,,33687,,,-23.542998,-46.4711105,,,,2,2023-06-15T16:48:30+00:00
SAO_2707-10,São Paulo,3550308,True,,33687,,,-23.532303,-46.430503,,,,2,2023-06-15T16:48:24+00:00
SAO_8008-10,São Paulo,3550308,True,,1258,,,-23.4841385,-46.74288,,,,1,2023-06-15T16:48:05+00:00
SAO_6074-10,São Paulo,3550308,True,,33929,,,-23.734155,-46.6945605,,,,2,2023-06-15T16:48:46+00:00
SAO_6074-10,São Paulo,3550308,True,,33929,,,-23.706274999999998,-46.70078,,,,2,2023-06-15T16:48:05+00:00
SAO_6074-10,São Paulo,3550308,True,,33929,,,-23.678701750000002,-46.6968985,,,,2,2023-06-15T16:48:36+00:00
SAO_6074-10,São Paulo,3550308,True,,33929,,,-23.7504855,-46.688162500000004,,,,2,2023-06-15T16:48:32+00:00
SAO_6074-10,São Paulo,3550308,True,,33929,,,-23.7349645,-46.6641195,,,,2,2023-06-15T16:48:14+00:00
SAO_6074-10,São Paulo,3550308,True,,33929,,,-23.736971,-46.666078999999996,,,,2,2023-06-15T16:48:27+00:00
SAO_6074-10,São Paulo,3550308,True,,33929,,,-23.7495415,-46.66525275000001,,,,2,2023-06-15T16:48:17+00:00
SAO_6074-10,São Paulo,3550308,True,,33929,,,-23.7277115,-46.69111825,,,,2,2023-06-15T16:48:33+00:00
SAO_576C-10,São Paulo,3550308,True,,1290,,,-23.650599874999997,-46.660242374999996,,,,1,2023-06-15T16:48:09+00:00
SAO_576C-10,São Paulo,3550308,True,,1290,,,-23.6541105,-46.711012499999995,,,,1,2023-06-15T16:48:26+00:00
SAO_576C-10,São Paulo,3550308,True,,1290,,,-23.6660915,-46.677988,,,,1,2023-06-15T16:48:10+00:00
SAO_576C-10,São Paulo,3550308,True,,1290,,,-23.64649975,-46.64515875,,,,1,2023-06-15T16:48:44+00:00
SAO_576C-10,São Paulo,3550308,True,,1290,,,-23.666351,-46.6901955,,,,1,2023-06-15T16:48:45+00:00
SAO_576C-10,São Paulo,3550308,True,,1290,,,-23.651578750000002,-46.7089575,,,,1,2023-06-15T16:48:45+00:00
SAO_8700-1,São Paulo,3550308,True,,35276,,,-23.575069499999998,-46.707029500000004,,,,2,2023-06-15T16:48:28+00:00
SAO_8700-1,São Paulo,3550308,True,,35276,,,-23.5753415,-46.7071615,,,,2,2023-06-15T16:48:18+00:00
SAO_8700-1,São Paulo,3550308,True,,35276,,,-23.63142725,-46.77140775,,,,2,2023-06-15T16:48:31+00:00
SAO_8700-1,São Paulo,3550308,True,,35276,,,-23.6316405,-46.772316,,,,2,2023-06-15T16:48:21+00:00
SAO_8700-1,São Paulo,3550308,True,,35276,,,-23.631587000000003,-46.771556000000004,,,,2,2023-06-15T16:48:26+00:00
SAO_8700-1,São Paulo,3550308,True,,35276,,,-23.6317985,-46.771744,,,,2,2023-06-15T16:48:41+00:00
SAO_6115-10,São Paulo,3550308,True,,33953,,,-23.7427695,-46.6586195,,,,2,2023-06-15T16:48:34+00:00
SAO_6115-10,São Paulo,3550308,True,,33953,,,-23.7563975,-46.6678165,,,,2,2023-06-15T16:48:27+00:00
SAO_6115-10,São Paulo,3550308,True,,33953,,,-23.750571,-46.6881895,,,,2,2023-06-15T16:48:30+00:00
SAO_6115-10,São Paulo,3550308,True,,33953,,,-23.7427695,-46.6586195,,,,2,2023-06-15T16:48:33+00:00
SAO_6115-10,São Paulo,3550308,True,,33953,,,-23.74273625,-46.65895075,,,,2,2023-06-15T16:48:33+00:00
SAO_6115-10,São Paulo,3550308,True,,33953,,,-23.7401655,-46.691473,,,,2,2023-06-15T16:48:45+00:00
SAO_6115-10,São Paulo,3550308,True,,33953,,,-23.742829,-46.658407499999996,,,,2,2023-06-15T16:48:04+00:00
SAO_8050-31,São Paulo,3550308,True,EMTU,415,https://moovitapp.com/index/pt-br/transporte_p%C3%BAblico-line-415-Sao_Paulo-242-2038937-36419472-0,5.0,-23.432051,-46.789245,,,,1,2023-06-15T16:48:17+00:00
SAO_8050-31,São Paulo,3550308,True,EMTU,415,https://moovitapp.com/index/pt-br/transporte_p%C3%BAblico-line-415-Sao_Paulo-242-2038937-36419472-0,5.0,-23.51945,-46.711819750000004,,,,1,2023-06-15T16:48:08+00:00
SAO_3001-10,São Paulo,3550308,True,,34418,,,-23.511862,-46.3758055,,,,2,2023-06-15T16:48:17+00:00
SAO_3001-10,São Paulo,3550308,True,,34418,,,-23.51342975,-46.376079499999996,,,,2,2023-06-15T16:48:06+00:00
SAO_3001-10,São Paulo,3550308,True,,34418,,,-23.508795499999998,-46.386543,,,,2,2023-06-15T16:48:15+00:00
SAO_6099-10,São Paulo,3550308,True,,1587,,,-23.738032500000003,-46.697669000000005,,,,1,2023-06-15T16:48:31+00:00
SAO_6099-10,São Paulo,3550308,True,,1587,,,-23.785728,-46.72602575,,,,1,2023-06-15T16:48:20+00:00
SAO_6099-10,São Paulo,3550308,True,,1587,,,-23.843864,-46.7435405,,,,1,2023-06-15T16:47:47+00:00
SAO_8030-10,São Paulo,3550308,True,,2562,,,-23.602555000000002,-46.731818000000004,,,,1,2023-06-15T16:48:06+00:00
SAO_8030-10,São Paulo,3550308,True,,2562,,,-23.6228935,-46.7287175,,,,1,2023-06-15T16:48:12+00:00
SAO_8030-10,São Paulo,3550308,True,,2562,,,-23.613870499999997,-46.731314499999996,,,,1,2023-06-15T16:48:33+00:00
SAO_8030-10,São Paulo,3550308,True,,2562,,,-23.596508749999998,-46.730573,,,,1,2023-06-15T16:48:46+00:00
SAO_775N-10,São Paulo,3550308,True,,474,,,-23.576089,-46.765473,,,,1,2023-06-15T16:48:42+00:00
SAO_3686-10,São Paulo,3550308,True,EMTU,166,https://moovitapp.com/index/pt-br/transporte_p%C3%BAblico-line-166-Sao_Paulo-242-2038937-36419307-0,7.8,-23.5358495,-46.489307,,,,1,2023-06-15T16:48:03+00:00
SAO_3686-10,São Paulo,3550308,True,EMTU,166,https://moovitapp.com/index/pt-br/transporte_p%C3%BAblico-line-166-Sao_Paulo-242-2038937-36419307-0,7.8,-23.536727,-46.4727215,,,,1,2023-06-15T16:46:03+00:00
SAO_3686-10,São Paulo,3550308,True,EMTU,166,https://moovitapp.com/index/pt-br/transporte_p%C3%BAblico-line-166-Sao_Paulo-242-2038937-36419307-0,7.8,-23.53482375,-46.452111,,,,1,2023-06-15T16:48:26+00:00
SAO_888P-10,São Paulo,3550308,True,EMTU,454,https://moovitapp.com/index/pt-br/transporte_p%C3%BAblico-line-454-Sao_Paulo-242-2038937-36419497-0,5.25,-23.4424835,-46.7083255,,,,1,2023-06-15T16:48:23+00:00
SAO_888P-10,São Paulo,3550308,True,EMTU,454,https://moovitapp.com/index/pt-br/transporte_p%C3%BAblico-line-454-Sao_Paulo-242-2038937-36419497-0,5.25,-23.408635,-46.74176,,,,1,2023-06-15T16:48:02+00:00
SAO_888P-10,São Paulo,3550308,True,EMTU,454,https://moovitapp.com/index/pt-br/transporte_p%C3%BAblico-line-454-Sao_Paulo-242-2038937-36419497-0,5.25,-23.4319375,-46.7268755,,,,1,2023-06-15T16:48:26+00:00
SAO_888P-10,São Paulo,3550308,True,EMTU,454,https://moovitapp.com/index/pt-br/transporte_p%C3%BAblico-line-454-Sao_Paulo-242-2038937-36419497-0,5.25,-23.41015,-46.7579965,,,,1,2023-06-15T16:47:49+00:00
SAO_6058-10,São Paulo,3550308,True,,33917,,,-23.7668945,-46.6835965,,,,2,2023-06-15T16:48:12+00:00
SAO_6058-10,São Paulo,3550308,True,,33917,,,-23.772605,-46.70924275,,,,2,2023-06-15T16:48:18+00:00
SAO_6058-10,São Paulo,3550308,True,,33917,,,-23.767032,-46.7162295,,,,2,2023-06-15T16:48:34+00:00
SAO_6058-10,São Paulo,3550308,True,,33917,,,-23.769380499999997,-46.67707625,,,,2,2023-06-15T16:48:36+00:00
SAO_6058-10,São Paulo,3550308,True,,33917,,,-23.769380499999997,-46.67707625,,,,2,2023-06-15T16:48:24+00:00
SAO_719R-10,São Paulo,3550308,True,EMTU,469,https://moovitapp.com/index/pt-br/transporte_p%C3%BAblico-line-469-Sao_Paulo-242-2038937-36419507-0,5.4,-23.57329975,-46.724831,,,,1,2023-06-15T16:48:46+00:00
SAO_719R-10,São Paulo,3550308,True,EMTU,469,https://moovitapp.com/index/pt-br/transporte_p%C3%BAblico-line-469-Sao_Paulo-242-2038937-36419507-0,5.4,-23.568603,-46.697089500000004,,,,1,2023-06-15T16:48:45+00:00
SAO_719R-10,São Paulo,3550308,True,EMTU,469,https://moovitapp.com/index/pt-br/transporte_p%C3%BAblico-line-469-Sao_Paulo-242-2038937-36419507-0,5.4,-23.562776999999997,-46.764811,,,,1,2023-06-15T16:48:39+00:00
SAO_719R-10,São Paulo,3550308,True,EMTU,469,https://moovitapp.com/index/pt-br/transporte_p%C3%BAblico-line-469-Sao_Paulo-242-2038937-36419507-0,5.4,-23.566117499999997,-46.758717000000004,,,,1,2023-06-15T16:48:10+00:00
SAO_719R-10,São Paulo,3550308,True,EMTU,469,https://moovitapp.com/index/pt-br/transporte_p%C3%BAblico-line-469-Sao_Paulo-242-2038937-36419507-0,5.4,-23.555571,-46.66752675,,,,1,2023-06-15T16:48:18+00:00
SAO_719R-10,São Paulo,3550308,True,EMTU,469,https://moovitapp.com/index/pt-br/transporte_p%C3%BAblico-line-469-Sao_Paulo-242-2038937-36419507-0,5.4,-23.562776999999997,-46.764811,,,,1,2023-06-15T16:48:23+00:00
SAO_719R-10,São Paulo,3550308,True,EMTU,469,https://moovitapp.com/index/pt-br/transporte_p%C3%BAblico-line-469-Sao_Paulo-242-2038937-36419507-0,5.4,-23.570914000000002,-46.6986945,,,,1,2023-06-15T16:48:37+00:00
SAO_1759-10,São Paulo,3550308,True,,553,,,-23.4944455,-46.625870500000005,,,,1,2023-06-15T16:46:26+00:00
SAO_1759-10,São Paulo,3550308,True,,553,,,-23.5025625,-46.624213,,,,1,2023-06-15T16:48:26+00:00
SAO_1759-10,São Paulo,3550308,True,,553,,,-23.4620415,-46.659859,,,,1,2023-06-15T16:48:06+00:00
SAO_1759-10,São Paulo,3550308,True,,553,,,-23.45929175,-46.648502500000006,,,,1,2023-06-15T16:48:36+00:00
SAO_5290-10,São Paulo,3550308,True,,33365,,,-23.549877000000002,-46.631001999999995,,,,2,2023-06-15T16:48:31+00:00
SAO_5290-10,São Paulo,3550308,True,,33365,,,-23.668959,-46.635709500000004,,,,2,2023-06-15T16:48:13+00:00
SAO_5290-10,São Paulo,3550308,True,,33365,,,-23.568047999999997,-46.639975,,,,2,2023-06-15T16:48:27+00:00
SAO_5290-10,São Paulo,3550308,True,,33365,,,-23.5609555,-46.638529,,,,2,2023-06-15T16:48:02+00:00
SAO_5290-10,São Paulo,3550308,True,,33365,,,-23.6810605,-46.6363105,,,,2,2023-06-15T16:48:34+00:00
SAO_5290-10,São Paulo,3550308,True,,33365,,,-23.560656,-46.6384225,,,,2,2023-06-15T16:48:14+00:00
SAO_5290-10,São Paulo,3550308,True,,33365,,,-23.681188750000004,-46.635434000000004,,,,2,2023-06-15T16:48:20+00:00
SAO_5290-10,São Paulo,3550308,True,,33365,,,-23.654470625,-46.636961,,,,2,2023-06-15T16:48:28+00:00
SAO_172X-10,São Paulo,3550308,True,,33629,,,-23.50426375,-46.565462249999996,,,,2,2023-06-15T16:48:23+00:00
SAO_172X-10,São Paulo,3550308,True,,33629,,,-23.50426375,-46.565462249999996,,,,2,2023-06-15T16:48:21+00:00
SAO_172X-10,São Paulo,3550308,True,,33629,,,-23.528281,-46.5670085,,,,2,2023-06-15T16:48:44+00:00
SAO_172X-10,São Paulo,3550308,True,,33629,,,-23.5234815,-46.56620975,,,,2,2023-06-15T16:48:13+00:00
SAO_172X-10,São Paulo,3550308,True,,33629,,,-23.504231249999997,-46.56582875,,,,2,2023-06-15T16:48:08+00:00
SAO_172X-10,São Paulo,3550308,True,,33629,,,-23.5223485,-46.558676999999996,,,,2,2023-06-15T16:48:33+00:00
SAO_172X-10,São Paulo,3550308,True,,33629,,,-23.5236705,-46.56656325,,,,2,2023-06-15T16:48:41+00:00
SAO_172X-10,São Paulo,3550308,True,,33629,,,-23.50426375,-46.565462249999996,,,,2,2023-06-15T16:44:44+00:00
SAO_172X-10,São Paulo,3550308,True,,33629,,,-23.539328250000004,-46.57760775,,,,2,2023-06-15T16:48:40+00:00
SAO_172X-10,São Paulo,3550308,True,,33629,,,-23.504231249999997,-46.56582875,,,,2,2023-06-15T16:46:40+00:00
SAO_6062-10,São Paulo,3550308,True,,33919,,,-23.729795,-46.688614,,,,2,2023-06-15T16:48:35+00:00
SAO_6062-10,São Paulo,3550308,True,,33919,,,-23.7283525,-46.691199,,,,2,2023-06-15T16:48:22+00:00
SAO_745M-21,São Paulo,3550308,True,,34752,,,-23.630817,-46.767892,,,,2,2023-06-15T16:48:17+00:00
SAO_745M-21,São Paulo,3550308,True,,34752,,,-23.630817,-46.767892,,,,2,2023-06-15T16:48:40+00:00
SAO_745M-21,São Paulo,3550308,True,,34752,,,-23.660033249999998,-46.7710895,,,,2,2023-06-15T16:48:03+00:00
SAO_745M-21,São Paulo,3550308,True,,34752,,,-23.630699,-46.768204,,,,2,2023-06-15T16:48:34+00:00
SAO_745M-21,São Paulo,3550308,True,,34752,,,-23.630817,-46.767892,,,,2,2023-06-15T16:48:14+00:00
SAO_2202-10,São Paulo,3550308,True,,33678,,,-23.541742499999998,-46.415893499999996,,,,2,2023-06-15T16:45:19+00:00
SAO_2202-10,São Paulo,3550308,True,,33678,,,-23.497062749999998,-46.400291249999995,,,,2,2023-06-15T16:48:34+00:00
SAO_2202-10,São Paulo,3550308,True,,33678,,,-23.48792525,-46.382452,,,,2,2023-06-15T16:48:14+00:00
SAO_2202-10,São Paulo,3550308,True,,33678,,,-23.498077375,-46.405717875,,,,2,2023-06-15T16:48:02+00:00
SAO_2202-10,São Paulo,3550308,True,,33678,,,-23.5428845,-46.410059000000004,,,,2,2023-06-15T16:48:25+00:00
SAO_2202-10,São Paulo,3550308,True,,33678,,,-23.4881205,-46.382844500000004,,,,2,2023-06-15T16:48:25+00:00
SAO_2202-10,São Paulo,3550308,True,,33678,,,-23.507191875,-46.403003999999996,,,,2,2023-06-15T16:48:16+00:00
SAO_2202-10,São Paulo,3550308,True,,33678,,,-23.489198000000002,-46.3856065,,,,2,2023-06-15T16:48:22+00:00
SAO_2202-10,São Paulo,3550308,True,,33678,,,-23.527621,-46.39721,,,,2,2023-06-15T16:46:28+00:00
SAO_2202-10,São Paulo,3550308,True,,33678,,,-23.539355,-46.4081905,,,,2,2023-06-15T16:48:33+00:00
SAO_6118-10,São Paulo,3550308,True,,1188,,,-23.733571,-46.71266,,,,1,2023-06-15T16:48:26+00:00
SAO_6118-10,São Paulo,3550308,True,,1188,,,-23.662225499999998,-46.706393500000004,,,,1,2023-06-15T16:48:17+00:00
SAO_6118-10,São Paulo,3550308,True,,1188,,,-23.701937,-46.7015995,,,,1,2023-06-15T16:48:28+00:00
SAO_6118-10,São Paulo,3550308,True,,1188,,,-23.653856875,-46.71128025,,,,1,2023-06-15T16:48:39+00:00
SAO_6804-10,São Paulo,3550308,True,BR7 Mobilidade,30,https://moovitapp.com/index/pt-br/transporte_p%C3%BAblico-line-30-Sao_Paulo-242-851856-500112-0,5.75,-23.642422500000002,-46.739394000000004,,,,1,2023-06-15T16:48:17+00:00
SAO_5652-10,São Paulo,3550308,True,STT,274,https://moovitapp.com/index/pt-br/transporte_p%C3%BAblico-line-274-Sao_Paulo-242-850661-183274-0,5.3,-23.722028,-46.692921,,,,1,2023-06-15T16:48:40+00:00
SAO_5652-10,São Paulo,3550308,True,STT,274,https://moovitapp.com/index/pt-br/transporte_p%C3%BAblico-line-274-Sao_Paulo-242-850661-183274-0,5.3,-23.610266000000003,-46.654694,,,,1,2023-06-15T16:48:27+00:00
SAO_5652-10,São Paulo,3550308,True,STT,274,https://moovitapp.com/index/pt-br/transporte_p%C3%BAblico-line-274-Sao_Paulo-242-850661-183274-0,5.3,-23.661811999999998,-46.67922275,,,,1,2023-06-15T16:48:04+00:00
SAO_2101-10,São Paulo,3550308,True,,33482,,,-23.5472355,-46.5855055,,,,2,2023-06-15T16:48:41+00:00
SAO_2101-10,São Paulo,3550308,True,,33482,,,-23.549314250000002,-46.587539750000005,,,,2,2023-06-15T16:48:06+00:00
SAO_6803-10,São Paulo,3550308,True,,32797,,,-23.654738000000002,-46.753506,,,,2,2023-06-15T16:48:35+00:00
SAO_6803-10,São Paulo,3550308,True,,32797,,,-23.65455275,-46.741048,,,,2,2023-06-15T16:48:22+00:00
SAO_6803-10,São Paulo,3550308,True,,32797,,,-23.6550375,-46.752759,,,,2,2023-06-15T16:48:10+00:00
SAO_5032-10,São Paulo,3550308,True,,34430,,,-23.604761500000002,-46.5943135,,,,2,2023-06-15T16:48:18+00:00
SAO_5032-10,São Paulo,3550308,True,,34430,,,-23.5928255,-46.591333875000004,,,,2,2023-06-15T16:48:25+00:00
SAO_5032-10,São Paulo,3550308,True,,34430,,,-23.597009999999997,-46.601834374999996,,,,2,2023-06-15T16:48:20+00:00
SAO_5032-10,São Paulo,3550308,True,,34430,,,-23.6253155,-46.591037,,,,2,2023-06-15T16:48:29+00:00
SAO_5032-10,São Paulo,3550308,True,,34430,,,-23.6361275,-46.5934485,,,,2,2023-06-15T16:48:23+00:00
SAO_5032-10,São Paulo,3550308,True,,34430,,,-23.636301000000003,-46.593498499999995,,,,2,2023-06-15T16:48:32+00:00
SAO_4024-10,São Paulo,3550308,True,,34926,,,-23.549496125,-46.44502237499999,,,,2,2023-06-15T16:47:54+00:00
SAO_4024-10,São Paulo,3550308,True,,34926,,,-23.5671715,-46.424425,,,,2,2023-06-15T16:48:09+00:00
SAO_4024-10,São Paulo,3550308,True,,34926,,,-23.5567995,-46.4355855,,,,2,2023-06-15T16:48:08+00:00
SAO_6092-10,São Paulo,3550308,True,,1177,,,-23.764052999999997,-46.687858250000005,,,,1,2023-06-15T16:48:43+00:00
SAO_6092-10,São Paulo,3550308,True,,1177,,,-23.736701500000002,-46.696777499999996,,,,1,2023-06-15T16:48:17+00:00
SAO_5030-10,São Paulo,3550308,True,,34437,,,-23.637185000000002,-46.5953235,,,,2,2023-06-15T16:48:24+00:00
SAO_5030-10,São Paulo,3550308,True,,34437,,,-23.6406875,-46.59964325,,,,2,2023-06-15T16:48:25+00:00
SAO_9191-10,São Paulo,3550308,True,,33578,,,-23.4770405,-46.67100925,,,,2,2023-06-15T16:48:09+00:00
SAO_9191-10,São Paulo,3550308,True,,33578,,,-23.523984499999997,-46.66575775,,,,2,2023-06-15T16:48:15+00:00
SAO_9191-10,São Paulo,3550308,True,,33578,,,-23.481932999999998,-46.673136,,,,2,2023-06-15T16:48:18+00:00
SAO_9191-10,São Paulo,3550308,True,,33578,,,-23.4729635,-46.667052,,,,2,2023-06-15T16:48:19+00:00
SAO_9191-10,São Paulo,3550308,True,,33578,,,-23.456177500000003,-46.678882,,,,2,2023-06-15T16:48:42+00:00
SAO_9191-10,São Paulo,3550308,True,,33578,,,-23.470143999999998,-46.666081,,,,2,2023-06-15T16:48:13+00:00
SAO_9191-10,São Paulo,3550308,True,,33578,,,-23.456177500000003,-46.678882,,,,2,2023-06-15T16:48:25+00:00
SAO_9191-10,São Paulo,3550308,True,,33578,,,-23.525734874999998,-46.661222875,,,,2,2023-06-15T16:48:19+00:00
SAO_9191-10,São Paulo,3550308,True,,33578,,,-23.53307925,-46.63692975,,,,2,2023-06-15T16:48:12+00:00
SAO_9191-10,São Paulo,3550308,True,,33578,,,-23.52215675,-46.664441249999996,,,,2,2023-06-15T16:48:02+00:00
SAO_9191-10,São Paulo,3550308,True,,33578,,,-23.4559915,-46.6784675,,,,2,2023-06-15T16:48:21+00:00
SAO_9191-10,São Paulo,3550308,True,,33578,,,-23.469845999999997,-46.666391,,,,2,2023-06-15T16:48:24+00:00
SAO_2100-10,São Paulo,3550308,True,STT,713,https://moovitapp.com/index/pt-br/transporte_p%C3%BAblico-line-713-Sao_Paulo-242-850661-183342-0,5.3,-23.562344000000003,-46.5515325,,,,1,2023-06-15T16:48:30+00:00
SAO_2100-10,São Paulo,3550308,True,STT,713,https://moovitapp.com/index/pt-br/transporte_p%C3%BAblico-line-713-Sao_Paulo-242-850661-183342-0,5.3,-23.557265,-46.578340499999996,,,,1,2023-06-15T16:48:44+00:00
SAO_2100-10,São Paulo,3550308,True,STT,713,https://moovitapp.com/index/pt-br/transporte_p%C3%BAblico-line-713-Sao_Paulo-242-850661-183342-0,5.3,-23.555605999999997,-46.594786,,,,1,2023-06-15T16:48:07+00:00
SAO_2100-10,São Paulo,3550308,True,STT,713,https://moovitapp.com/index/pt-br/transporte_p%C3%BAblico-line-713-Sao_Paulo-242-850661-183342-0,5.3,-23.55169025,-46.6236945,,,,1,2023-06-15T16:48:03+00:00
SAO_2100-10,São Paulo,3550308,True,STT,713,https://moovitapp.com/index/pt-br/transporte_p%C3%BAblico-line-713-Sao_Paulo-242-850661-183342-0,5.3,-23.5587215,-46.522659000000004,,,,1,2023-06-15T16:48:45+00:00
SAO_2100-10,São Paulo,3550308,True,STT,713,https://moovitapp.com/index/pt-br/transporte_p%C3%BAblico-line-713-Sao_Paulo-242-850661-183342-0,5.3,-23.5696245,-46.5404715,,,,1,2023-06-15T16:48:36+00:00
SAO_2100-10,São Paulo,3550308,True,STT,713,https://moovitapp.com/index/pt-br/transporte_p%C3%BAblico-line-713-Sao_Paulo-242-850661-183342-0,5.3,-23.5484535,-46.6287735,,,,1,2023-06-15T16:48:30+00:00
SAO_2100-10,São Paulo,3550308,True,STT,713,https://moovitapp.com/index/pt-br/transporte_p%C3%BAblico-line-713-Sao_Paulo-242-850661-183342-0,5.3,-23.562594,-46.559721,,,,1,2023-06-15T16:48:05+00:00
SAO_2100-10,São Paulo,3550308,True,STT,713,https://moovitapp.com/index/pt-br/transporte_p%C3%BAblico-line-713-Sao_Paulo-242-850661-183342-0,5.3,-23.573006499999998,-46.533052999999995,,,,1,2023-06-15T16:48:46+00:00
SAO_2100-10,São Paulo,3550308,True,STT,713,https://moovitapp.com/index/pt-br/transporte_p%C3%BAblico-line-713-Sao_Paulo-242-850661-183342-0,5.3,-23.5587215,-46.522659000000004,,,,1,2023-06-15T16:48:36+00:00
SAO_2100-10,São Paulo,3550308,True,STT,713,https://moovitapp.com/index/pt-br/transporte_p%C3%BAblico-line-713-Sao_Paulo-242-850661-183342-0,5.3,-23.555605999999997,-46.594786,,,,1,2023-06-15T16:48:11+00:00
SAO_2100-10,São Paulo,3550308,True,STT,713,https://moovitapp.com/index/pt-br/transporte_p%C3%BAblico-line-713-Sao_Paulo-242-850661-183342-0,5.3,-23.551741999999997,-46.623340875,,,,1,2023-06-15T16:48:22+00:00
SAO_2100-10,São Paulo,3550308,True,STT,713,https://moovitapp.com/index/pt-br/transporte_p%C3%BAblico-line-713-Sao_Paulo-242-850661-183342-0,5.3,-23.560685375000002,-46.565138,,,,1,2023-06-15T16:48:17+00:00
SAO_2100-10,São Paulo,3550308,True,STT,713,https://moovitapp.com/index/pt-br/transporte_p%C3%BAblico-line-713-Sao_Paulo-242-850661-183342-0,5.3,-23.5587215,-46.522659000000004,,,,1,2023-06-15T16:48:29+00:00
SAO_129F-10,São Paulo,3550308,True,,35072,,,-23.526428000000003,-46.6726035,,,,2,2023-06-15T16:48:20+00:00
SAO_129F-10,São Paulo,3550308,True,,35072,,,-23.490247500000002,-46.698889,,,,2,2023-06-15T16:48:09+00:00
SAO_129F-10,São Paulo,3550308,True,,35072,,,-23.4967405,-46.7035925,,,,2,2023-06-15T16:48:05+00:00
SAO_129F-10,São Paulo,3550308,True,,35072,,,-23.5262215,-46.6723845,,,,2,2023-06-15T16:48:42+00:00
SAO_129F-10,São Paulo,3550308,True,,35072,,,-23.489989,-46.698513500000004,,,,2,2023-06-15T16:48:38+00:00
SAO_129F-10,São Paulo,3550308,True,,35072,,,-23.4899195,-46.698449,,,,2,2023-06-15T16:48:15+00:00
SAO_8700-10,São Paulo,3550308,True,,1877,,,-23.55553325,-46.662593,,,,1,2023-06-15T16:48:47+00:00
SAO_8700-10,São Paulo,3550308,True,,1877,,,-23.57231325,-46.701117499999995,,,,1,2023-06-15T16:48:17+00:00
SAO_8700-10,São Paulo,3550308,True,,1877,,,-23.584879,-46.718874,,,,1,2023-06-15T16:48:07+00:00
SAO_8700-10,São Paulo,3550308,True,,1877,,,-23.589949500000003,-46.7296245,,,,1,2023-06-15T16:48:26+00:00
SAO_8700-10,São Paulo,3550308,True,,1877,,,-23.548194625,-46.649595375000004,,,,1,2023-06-15T16:48:41+00:00
SAO_8700-10,São Paulo,3550308,True,,1877,,,-23.63137,-46.771866,,,,1,2023-06-15T16:48:32+00:00
SAO_8700-10,São Paulo,3550308,True,,1877,,,-23.618688,-46.75839425,,,,1,2023-06-15T16:48:21+00:00
SAO_8700-10,São Paulo,3550308,True,,1877,,,-23.55833775,-46.667919999999995,,,,1,2023-06-15T16:48:42+00:00
SAO_8700-10,São Paulo,3550308,True,,1877,,,-23.578795874999997,-46.70942325,,,,1,2023-06-15T16:48:23+00:00
SAO_3161-10,São Paulo,3550308,True,,1084,,,-23.55364225,-46.620583249999996,,,,1,2023-06-15T16:48:26+00:00
SAO_3161-10,São Paulo,3550308,True,,1084,,,-23.54620025,-46.63007,,,,1,2023-06-15T16:48:44+00:00
SAO_8615-10,São Paulo,3550308,True,,34107,,,-23.539440749999997,-46.645388249999996,,,,2,2023-06-15T16:48:33+00:00
SAO_8615-10,São Paulo,3550308,True,,34107,,,-23.525676875,-46.679121125,,,,2,2023-06-15T16:48:38+00:00
SAO_8615-10,São Paulo,3550308,True,,34107,,,-23.5341095,-46.7194455,,,,2,2023-06-15T16:48:14+00:00
SAO_8615-10,São Paulo,3550308,True,,34107,,,-23.535989999999998,-46.7247965,,,,2,2023-06-15T16:48:03+00:00
SAO_8615-10,São Paulo,3550308,True,,34107,,,-23.535989999999998,-46.7247965,,,,2,2023-06-15T16:48:38+00:00
SAO_8615-10,São Paulo,3550308,True,,34107,,,-23.520868,-46.7121525,,,,2,2023-06-15T16:48:44+00:00
SAO_8615-10,São Paulo,3550308,True,,34107,,,-23.535989999999998,-46.7247965,,,,2,2023-06-15T16:48:38+00:00
SAO_8615-10,São Paulo,3550308,True,,34107,,,-23.5361915,-46.725013000000004,,,,2,2023-06-15T16:48:45+00:00
SAO_8615-10,São Paulo,3550308,True,,34107,,,-23.520713,-46.721083,,,,2,2023-06-15T16:48:34+00:00
SAO_8615-10,São Paulo,3550308,True,,34107,,,-23.5450025,-46.6337215,,,,2,2023-06-15T16:48:28+00:00
SAO_314J-10,São Paulo,3550308,True,Cidade de Caieiras,310,https://moovitapp.com/index/pt-br/transporte_p%C3%BAblico-line-310-Sao_Paulo-242-868761-496418-0,5.0,-23.5962565,-46.55609875,,,,1,2023-06-15T16:48:31+00:00
SAO_314J-10,São Paulo,3550308,True,Cidade de Caieiras,310,https://moovitapp.com/index/pt-br/transporte_p%C3%BAblico-line-310-Sao_Paulo-242-868761-496418-0,5.0,-23.6141705,-46.51755300000001,,,,1,2023-06-15T16:48:38+00:00
SAO_314J-10,São Paulo,3550308,True,Cidade de Caieiras,310,https://moovitapp.com/index/pt-br/transporte_p%C3%BAblico-line-310-Sao_Paulo-242-868761-496418-0,5.0,-23.557059,-46.633474,,,,1,2023-06-15T16:48:10+00:00
SAO_314J-10,São Paulo,3550308,True,Cidade de Caieiras,310,https://moovitapp.com/index/pt-br/transporte_p%C3%BAblico-line-310-Sao_Paulo-242-868761-496418-0,5.0,-23.558266125,-46.633342875,,,,1,2023-06-15T16:48:03+00:00
SAO_6076-10,São Paulo,3550308,True,,1165,,,-23.687719,-46.701953,,,,1,2023-06-15T16:48:40+00:00
SAO_6076-10,São Paulo,3550308,True,,1165,,,-23.654038,-46.708869500000006,,,,1,2023-06-15T16:48:40+00:00
SAO_6076-10,São Paulo,3550308,True,,1165,,,-23.73769625,-46.687498,,,,1,2023-06-15T16:48:20+00:00
SAO_6076-10,São Paulo,3550308,True,,1165,,,-23.710421625000002,-46.69945312499999,,,,1,2023-06-15T16:48:46+00:00
SAO_8020-10,São Paulo,3550308,True,,1726,,,-23.61726625,-46.70762475,,,,1,2023-06-15T16:48:24+00:00
SAO_8020-10,São Paulo,3550308,True,,1726,,,-23.5842315,-46.738648999999995,,,,1,2023-06-15T16:48:40+00:00
SAO_805L-10,São Paulo,3550308,True,,32892,,,-23.5590385,-46.659078,,,,2,2023-06-15T16:48:44+00:00
SAO_805L-10,São Paulo,3550308,True,,32892,,,-23.534672999999998,-46.6441935,,,,2,2023-06-15T16:48:32+00:00
SAO_805L-10,São Paulo,3550308,True,,32892,,,-23.546972250000003,-46.658325250000004,,,,2,2023-06-15T16:48:02+00:00
SAO_805L-10,São Paulo,3550308,True,,32892,,,-23.534046500000002,-46.64469425,,,,2,2023-06-15T16:48:37+00:00
SAO_805L-10,São Paulo,3550308,True,,32892,,,-23.5341425,-46.6442885,,,,2,2023-06-15T16:48:06+00:00
SAO_8015-10,São Paulo,3550308,True,,1345,,,-23.389069499999998,-46.734939,,,,1,2023-06-15T16:48:27+00:00
SAO_8015-10,São Paulo,3550308,True,,1345,,,-23.479755,-46.71350925,,,,1,2023-06-15T16:48:40+00:00
SAO_8015-10,São Paulo,3550308,True,,1345,,,-23.430320000000002,-46.720891,,,,1,2023-06-15T16:48:29+00:00
SAO_8015-10,São Paulo,3550308,True,,1345,,,-23.403065374999997,-46.75299925,,,,1,2023-06-15T16:48:27+00:00
SAO_407G-10,São Paulo,3550308,True,,2196,,,-23.54710725,-46.526647999999994,,,,1,2023-06-15T16:48:00+00:00
SAO_407G-10,São Paulo,3550308,True,,2196,,,-23.538734499999997,-46.5649235,,,,1,2023-06-15T16:48:05+00:00
SAO_407G-10,São Paulo,3550308,True,,2196,,,-23.603975,-46.4813555,,,,1,2023-06-15T16:48:14+00:00
SAO_407G-10,São Paulo,3550308,True,,2196,,,-23.611837,-46.4334745,,,,1,2023-06-15T16:48:09+00:00
SAO_407G-10,São Paulo,3550308,True,,2196,,,-23.611989,-46.473779,,,,1,2023-06-15T16:48:16+00:00
SAO_407G-10,São Paulo,3550308,True,,2196,,,-23.576253,-46.501763499999996,,,,1,2023-06-15T16:48:32+00:00
SAO_407G-10,São Paulo,3550308,True,,2196,,,-23.606361874999997,-46.443740500000004,,,,1,2023-06-15T16:48:29+00:00
SAO_407G-10,São Paulo,3550308,True,,2196,,,-23.5384935,-46.5633695,,,,1,2023-06-15T16:48:27+00:00
SAO_N535-11,São Paulo,3550308,True,,2387,,,-23.6533875,-46.6137425,,,,1,2023-06-15T16:48:39+00:00
SAO_2059-10,São Paulo,3550308,True,,33028,,,-23.4909965,-46.442163,,,,2,2023-06-15T16:48:18+00:00
SAO_2059-10,São Paulo,3550308,True,,33028,,,-23.4919455,-46.4402295,,,,2,2023-06-15T16:48:18+00:00
SAO_2059-10,São Paulo,3550308,True,,33028,,,-23.491044000000002,-46.4416915,,,,2,2023-06-15T16:48:40+00:00
SAO_2059-10,São Paulo,3550308,True,,33028,,,-23.510910000000003,-46.430927999999994,,,,2,2023-06-15T16:48:30+00:00
SAO_2059-10,São Paulo,3550308,True,,33028,,,-23.4945855,-46.443143,,,,2,2023-06-15T16:48:33+00:00
SAO_2059-10,São Paulo,3550308,True,,33028,,,-23.491072,-46.4414395,,,,2,2023-06-15T16:48:38+00:00
SAO_2059-10,São Paulo,3550308,True,,33028,,,-23.529469499999998,-46.416161,,,,2,2023-06-15T16:48:44+00:00
SAO_807P-10,São Paulo,3550308,True,,34867,,,-23.6269815,-46.7241035,,,,2,2023-06-15T16:48:32+00:00
SAO_807P-10,São Paulo,3550308,True,,34867,,,-23.6229455,-46.7260875,,,,2,2023-06-15T16:48:13+00:00
SAO_807P-10,São Paulo,3550308,True,,34867,,,-23.6166155,-46.7208725,,,,2,2023-06-15T16:48:30+00:00
SAO_807P-10,São Paulo,3550308,True,,34867,,,-23.6162335,-46.720848000000004,,,,2,2023-06-15T16:48:47+00:00
SAO_807P-10,São Paulo,3550308,True,,34867,,,-23.6188595,-46.7225445,,,,2,2023-06-15T16:48:28+00:00
SAO_807P-10,São Paulo,3550308,True,,34867,,,-23.653017249999998,-46.717151125,,,,2,2023-06-15T16:48:47+00:00
SAO_807P-10,São Paulo,3550308,True,,34867,,,-23.644084499999998,-46.7308075,,,,2,2023-06-15T16:48:35+00:00
SAO_807P-10,São Paulo,3550308,True,,34867,,,-23.6163415,-46.720850999999996,,,,2,2023-06-15T16:48:26+00:00
SAO_807P-10,São Paulo,3550308,True,,34867,,,-23.616477500000002,-46.7208605,,,,2,2023-06-15T16:48:14+00:00
SAO_807P-10,São Paulo,3550308,True,,34867,,,-23.6162335,-46.720848000000004,,,,2,2023-06-15T16:48:08+00:00
SAO_807P-10,São Paulo,3550308,True,,34867,,,-23.6190125,-46.7228225,,,,2,2023-06-15T16:48:22+00:00
SAO_211V-10,São Paulo,3550308,True,,32922,,,-23.4943225,-46.470273,,,,2,2023-06-15T16:48:23+00:00
SAO_211V-10,São Paulo,3550308,True,,32922,,,-23.514047750000003,-46.545876625000005,,,,2,2023-06-15T16:48:24+00:00
SAO_211V-10,São Paulo,3550308,True,,32922,,,-23.4944855,-46.470219,,,,2,2023-06-15T16:48:11+00:00
SAO_6042-10,São Paulo,3550308,True,,1219,,,-23.651949000000002,-46.707860499999995,,,,1,2023-06-15T16:48:22+00:00
SAO_6042-10,São Paulo,3550308,True,,1219,,,-23.650515,-46.708068499999996,,,,1,2023-06-15T16:48:22+00:00
SAO_6042-10,São Paulo,3550308,True,,1219,,,-23.6504145,-46.708087,,,,1,2023-06-15T16:48:03+00:00
SAO_6042-10,São Paulo,3550308,True,,1219,,,-23.6523521875,-46.709447999999995,,,,1,2023-06-15T16:48:39+00:00
SAO_6042-10,São Paulo,3550308,True,,1219,,,-23.650654000000003,-46.708045,,,,1,2023-06-15T16:48:11+00:00
SAO_6042-10,São Paulo,3550308,True,,1219,,,-23.650654000000003,-46.708045,,,,1,2023-06-15T16:48:45+00:00
SAO_4008-10,São Paulo,3550308,True,,34950,,,-23.5580685,-46.5228605,,,,2,2023-06-15T16:47:17+00:00
SAO_4008-10,São Paulo,3550308,True,,34950,,,-23.576923999999998,-46.437244,,,,2,2023-06-15T16:48:21+00:00
SAO_4008-10,São Paulo,3550308,True,,34950,,,-23.577445500000003,-46.437681,,,,2,2023-06-15T16:48:39+00:00
SAO_4008-10,São Paulo,3550308,True,,34950,,,-23.5772245,-46.4374165,,,,2,2023-06-15T16:48:31+00:00
SAO_4008-10,São Paulo,3550308,True,,34950,,,-23.584042,-46.4926035,,,,2,2023-06-15T16:47:06+00:00
SAO_4008-10,São Paulo,3550308,True,,34950,,,-23.577126999999997,-46.43735,,,,2,2023-06-15T16:48:37+00:00
SAO_807A-10,São Paulo,3550308,True,,1900,,,-23.648463,-46.7491555,,,,1,2023-06-15T16:48:42+00:00
SAO_807A-10,São Paulo,3550308,True,,1900,,,-23.64516225,-46.71492875,,,,1,2023-06-15T16:48:15+00:00
SAO_807A-10,São Paulo,3550308,True,,1900,,,-23.6510345,-46.7091115,,,,1,2023-06-15T16:48:06+00:00
SAO_3743-10,São Paulo,3550308,True,,1043,,,-23.579131500000003,-46.481351000000004,,,,1,2023-06-15T16:48:11+00:00
SAO_3743-10,São Paulo,3550308,True,,1043,,,-23.609853375,-46.475125875,,,,1,2023-06-15T16:48:24+00:00
SAO_4007-10,São Paulo,3550308,True,,34949,,,-23.554558749999998,-46.485612249999996,,,,2,2023-06-15T16:48:12+00:00
SAO_4007-10,São Paulo,3550308,True,,34949,,,-23.565385499999998,-46.3962625,,,,2,2023-06-15T16:48:31+00:00
SAO_4007-10,São Paulo,3550308,True,,34949,,,-23.5597695,-46.4136755,,,,2,2023-06-15T16:48:17+00:00
SAO_4007-10,São Paulo,3550308,True,,34949,,,-23.565188,-46.396632,,,,2,2023-06-15T16:48:02+00:00
SAO_4007-10,São Paulo,3550308,True,,34949,,,-23.556516,-46.446722,,,,2,2023-06-15T16:48:06+00:00
SAO_4007-10,São Paulo,3550308,True,,34949,,,-23.55599675,-46.51803525,,,,2,2023-06-15T16:48:27+00:00
SAO_6116-10,São Paulo,3550308,True,,33954,,,-23.7556565,-46.664013999999995,,,,2,2023-06-15T16:48:31+00:00
SAO_6116-10,São Paulo,3550308,True,,33954,,,-23.75569,-46.657614,,,,2,2023-06-15T16:48:19+00:00
SAO_6116-10,São Paulo,3550308,True,,33954,,,-23.737362,-46.6973265,,,,2,2023-06-15T16:48:43+00:00
SAO_6116-10,São Paulo,3550308,True,,33954,,,-23.7435615,-46.6914735,,,,2,2023-06-15T16:48:28+00:00
SAO_6116-10,São Paulo,3550308,True,,33954,,,-23.75569,-46.657614,,,,2,2023-06-15T16:48:26+00:00
SAO_2025-10,São Paulo,3550308,True,,2267,,,-23.464869,-46.583492,,,,1,2023-06-15T16:48:38+00:00
SAO_2025-10,São Paulo,3550308,True,,2267,,,-23.479998000000002,-46.599766,,,,1,2023-06-15T16:48:25+00:00
SAO_2025-10,São Paulo,3550308,True,,2267,,,-23.502243999999997,-46.617136,,,,1,2023-06-15T16:46:16+00:00
SAO_2025-10,São Paulo,3550308,True,,2267,,,-23.469675000000002,-46.584624,,,,1,2023-06-15T16:48:45+00:00
SAO_2025-10,São Paulo,3550308,True,,2267,,,-23.452254500000002,-46.57123,,,,1,2023-06-15T16:47:49+00:00
SAO_2025-10,São Paulo,3550308,True,,2267,,,-23.4507355,-46.57235675,,,,1,2023-06-15T16:48:14+00:00
SAO_4029-10,São Paulo,3550308,True,,1099,,,-23.599044999999997,-46.51604625,,,,1,2023-06-15T16:48:04+00:00
SAO_4029-10,São Paulo,3550308,True,,1099,,,-23.58163475,-46.583984,,,,1,2023-06-15T16:48:04+00:00
SAO_4029-10,São Paulo,3550308,True,,1099,,,-23.608555,-46.477866999999996,,,,1,2023-06-15T16:48:04+00:00
SAO_4029-10,São Paulo,3550308,True,,1099,,,-23.614544,-46.500679,,,,1,2023-06-15T16:48:46+00:00
SAO_4029-10,São Paulo,3550308,True,,1099,,,-23.592436499999998,-46.5398665,,,,1,2023-06-15T16:48:40+00:00
SAO_4029-10,São Paulo,3550308,True,,1099,,,-23.5834495,-46.548140000000004,,,,1,2023-06-15T16:48:40+00:00
SAO_1206-10,São Paulo,3550308,True,EMTU,842,https://moovitapp.com/index/pt-br/transporte_p%C3%BAblico-line-842-Sao_Paulo-242-2038937-36419605-0,7.15,-23.53916175,-46.6078665,,,,1,2023-06-15T16:48:15+00:00
SAO_1206-10,São Paulo,3550308,True,EMTU,842,https://moovitapp.com/index/pt-br/transporte_p%C3%BAblico-line-842-Sao_Paulo-242-2038937-36419605-0,7.15,-23.524451250000002,-46.59457875,,,,1,2023-06-15T16:48:42+00:00
SAO_1206-10,São Paulo,3550308,True,EMTU,842,https://moovitapp.com/index/pt-br/transporte_p%C3%BAblico-line-842-Sao_Paulo-242-2038937-36419605-0,7.15,-23.5448555,-46.6264295,,,,1,2023-06-15T16:48:36+00:00
SAO_1206-10,São Paulo,3550308,True,EMTU,842,https://moovitapp.com/index/pt-br/transporte_p%C3%BAblico-line-842-Sao_Paulo-242-2038937-36419605-0,7.15,-23.522991875000002,-46.583517375,,,,1,2023-06-15T16:48:44+00:00
SAO_2711-10,São Paulo,3550308,True,,33693,,,-23.514456000000003,-46.48103125,,,,2,2023-06-15T16:48:34+00:00
SAO_2711-10,São Paulo,3550308,True,,33693,,,-23.509525,-46.493480500000004,,,,2,2023-06-15T16:48:39+00:00
SAO_2059-10,São Paulo,3550308,True,Cidade de Caieiras,260,https://moovitapp.com/index/pt-br/transporte_p%C3%BAblico-line-260-Sao_Paulo-242-868761-496413-0,5.0,-23.539213250000003,-46.413863250000006,,,,1,2023-06-15T16:46:35+00:00
SAO_2059-10,São Paulo,3550308,True,Cidade de Caieiras,260,https://moovitapp.com/index/pt-br/transporte_p%C3%BAblico-line-260-Sao_Paulo-242-868761-496413-0,5.0,-23.5093375,-46.438654,,,,1,2023-06-15T16:44:04+00:00
SAO_2059-10,São Paulo,3550308,True,Cidade de Caieiras,260,https://moovitapp.com/index/pt-br/transporte_p%C3%BAblico-line-260-Sao_Paulo-242-868761-496413-0,5.0,-23.523044,-46.418287,,,,1,2023-06-15T16:48:21+00:00
SAO_2059-10,São Paulo,3550308,True,Cidade de Caieiras,260,https://moovitapp.com/index/pt-br/transporte_p%C3%BAblico-line-260-Sao_Paulo-242-868761-496413-0,5.0,-23.514998,-46.424446,,,,1,2023-06-15T16:48:14+00:00
SAO_2059-10,São Paulo,3550308,True,Cidade de Caieiras,260,https://moovitapp.com/index/pt-br/transporte_p%C3%BAblico-line-260-Sao_Paulo-242-868761-496413-0,5.0,-23.495649,-46.44248375000001,,,,1,2023-06-15T16:48:02+00:00
SAO_2059-10,São Paulo,3550308,True,Cidade de Caieiras,260,https://moovitapp.com/index/pt-br/transporte_p%C3%BAblico-line-260-Sao_Paulo-242-868761-496413-0,5.0,-23.4909655,-46.442477499999995,,,,1,2023-06-15T16:48:20+00:00
SAO_2712-10,São Paulo,3550308,True,,33694,,,-23.5268035,-46.478916999999996,,,,2,2023-06-15T16:48:45+00:00
SAO_2712-10,São Paulo,3550308,True,,33694,,,-23.527143,-46.478778,,,,2,2023-06-15T16:48:19+00:00
SAO_2712-10,São Paulo,3550308,True,,33694,,,-23.5268035,-46.478916999999996,,,,2,2023-06-15T16:48:30+00:00
SAO_2712-10,São Paulo,3550308,True,,33694,,,-23.5268035,-46.478916999999996,,,,2,2023-06-15T16:48:35+00:00
SAO_2712-10,São Paulo,3550308,True,,33694,,,-23.539832125,-46.476494249999995,,,,2,2023-06-15T16:48:05+00:00
SAO_7050-10,São Paulo,3550308,True,,34652,,,-23.6365825,-46.7782305,,,,2,2023-06-15T16:48:33+00:00
SAO_7050-10,São Paulo,3550308,True,,34652,,,-23.658609,-46.78921425,,,,2,2023-06-15T16:48:38+00:00
SAO_7050-10,São Paulo,3550308,True,,34652,,,-23.658400999999998,-46.78931475,,,,2,2023-06-15T16:48:09+00:00
SAO_342N-10,São Paulo,3550308,True,,33771,,,-23.5629515,-46.3946025,,,,2,2023-06-15T16:48:36+00:00
SAO_342N-10,São Paulo,3550308,True,,33771,,,-23.5670935,-46.394797499999996,,,,2,2023-06-15T16:48:21+00:00
SAO_342N-10,São Paulo,3550308,True,,33771,,,-23.5629515,-46.3946025,,,,2,2023-06-15T16:48:29+00:00
SAO_342N-10,São Paulo,3550308,True,,33771,,,-23.557685499999998,-46.410381,,,,2,2023-06-15T16:48:43+00:00
SAO_342N-10,São Paulo,3550308,True,,33771,,,-23.533158999999998,-46.4488585,,,,2,2023-06-15T16:48:14+00:00
SAO_8199-10,São Paulo,3550308,True,EMTU,807,https://moovitapp.com/index/pt-br/transporte_p%C3%BAblico-line-807-Sao_Paulo-242-2038937-36419583-0,7.8,-23.4763665,-46.667559,,,,1,2023-06-15T16:48:42+00:00
SAO_8199-10,São Paulo,3550308,True,EMTU,807,https://moovitapp.com/index/pt-br/transporte_p%C3%BAblico-line-807-Sao_Paulo-242-2038937-36419583-0,7.8,-23.4831525,-46.741439,,,,1,2023-06-15T16:48:11+00:00
SAO_8199-10,São Paulo,3550308,True,EMTU,807,https://moovitapp.com/index/pt-br/transporte_p%C3%BAblico-line-807-Sao_Paulo-242-2038937-36419583-0,7.8,-23.476523,-46.747951,,,,1,2023-06-15T16:48:33+00:00
SAO_8199-10,São Paulo,3550308,True,EMTU,807,https://moovitapp.com/index/pt-br/transporte_p%C3%BAblico-line-807-Sao_Paulo-242-2038937-36419583-0,7.8,-23.4778415,-46.682031,,,,1,2023-06-15T16:48:09+00:00
SAO_8199-10,São Paulo,3550308,True,EMTU,807,https://moovitapp.com/index/pt-br/transporte_p%C3%BAblico-line-807-Sao_Paulo-242-2038937-36419583-0,7.8,-23.498027,-46.698066999999995,,,,1,2023-06-15T16:48:20+00:00
SAO_8199-10,São Paulo,3550308,True,EMTU,807,https://moovitapp.com/index/pt-br/transporte_p%C3%BAblico-line-807-Sao_Paulo-242-2038937-36419583-0,7.8,-23.49663375,-46.708529,,,,1,2023-06-15T16:48:25+00:00
SAO_8199-10,São Paulo,3550308,True,EMTU,807,https://moovitapp.com/index/pt-br/transporte_p%C3%BAblico-line-807-Sao_Paulo-242-2038937-36419583-0,7.8,-23.474243,-46.66870275000001,,,,1,2023-06-15T16:48:30+00:00
SAO_8029-10,São Paulo,3550308,True,,35308,,,-23.614024999999998,-46.7424915,,,,2,2023-06-15T16:48:03+00:00
SAO_8029-10,São Paulo,3550308,True,,35308,,,-23.6053645,-46.725202249999995,,,,2,2023-06-15T16:48:03+00:00
SAO_8029-10,São Paulo,3550308,True,,35308,,,-23.6150470625,-46.7443058125,,,,2,2023-06-15T16:48:16+00:00
SAO_8029-10,São Paulo,3550308,True,,35308,,,-23.6156275,-46.746594,,,,2,2023-06-15T16:48:14+00:00
SAO_8029-10,São Paulo,3550308,True,,35308,,,-23.5855945,-46.724115,,,,2,2023-06-15T16:48:31+00:00
SAO_1741-10,São Paulo,3550308,True,,33307,,,-23.502784499999997,-46.6242225,,,,2,2023-06-15T16:48:24+00:00
SAO_1741-10,São Paulo,3550308,True,,33307,,,-23.5025625,-46.624213,,,,2,2023-06-15T16:48:17+00:00
SAO_1741-10,São Paulo,3550308,True,,33307,,,-23.491298,-46.634957,,,,2,2023-06-15T16:48:04+00:00
SAO_1741-10,São Paulo,3550308,True,,33307,,,-23.4647525,-46.6632075,,,,2,2023-06-15T16:48:41+00:00
SAO_1741-10,São Paulo,3550308,True,,33307,,,-23.464362,-46.6638395,,,,2,2023-06-15T16:48:44+00:00
SAO_1741-10,São Paulo,3550308,True,,33307,,,-23.4645255,-46.663880000000006,,,,2,2023-06-15T16:48:19+00:00
SAO_1741-10,São Paulo,3550308,True,,33307,,,-23.4647525,-46.6632075,,,,2,2023-06-15T16:48:44+00:00
SAO_6820-31,São Paulo,3550308,True,,1406,,,-23.66181225,-46.78831725,,,,1,2023-06-15T16:48:21+00:00
SAO_6820-31,São Paulo,3550308,True,,1406,,,-23.654267,-46.763731,,,,1,2023-06-15T16:48:41+00:00
SAO_6816-10,São Paulo,3550308,True,BR7 Mobilidade,26,https://moovitapp.com/index/pt-br/transporte_p%C3%BAblico-line-26-Sao_Paulo-242-851856-577923-0,5.75,-23.6587095,-46.774818,,,,1,2023-06-15T16:48:22+00:00
SAO_6816-10,São Paulo,3550308,True,BR7 Mobilidade,26,https://moovitapp.com/index/pt-br/transporte_p%C3%BAblico-line-26-Sao_Paulo-242-851856-577923-0,5.75,-23.653551,-46.777357,,,,1,2023-06-15T16:48:35+00:00
SAO_4025-10,São Paulo,3550308,True,,1095,,,-23.5713795,-46.5763225,,,,1,2023-06-15T16:48:31+00:00
SAO_4025-10,São Paulo,3550308,True,,1095,,,-23.54138525,-46.57319475,,,,1,2023-06-15T16:48:33+00:00
SAO_4025-10,São Paulo,3550308,True,,1095,,,-23.54147175,-46.573660249999996,,,,1,2023-06-15T16:48:10+00:00
SAO_4025-10,São Paulo,3550308,True,,1095,,,-23.5603965,-46.57646625,,,,1,2023-06-15T16:48:02+00:00
SAO_4025-10,São Paulo,3550308,True,,1095,,,-23.58636575,-46.580106,,,,1,2023-06-15T16:48:41+00:00
SAO_4025-10,São Paulo,3550308,True,,1095,,,-23.593591,-46.555280249999996,,,,1,2023-06-15T16:48:17+00:00
SAO_4025-10,São Paulo,3550308,True,,1095,,,-23.60848,-46.554349,,,,1,2023-06-15T16:48:25+00:00
SAO_4025-10,São Paulo,3550308,True,,1095,,,-23.60848,-46.554349,,,,1,2023-06-15T16:48:35+00:00
SAO_8549-10,São Paulo,3550308,True,EMTU,580,https://moovitapp.com/index/pt-br/transporte_p%C3%BAblico-line-580-Sao_Paulo-242-2038937-36419570-0,7.55,-23.436121,-46.7174615,,,,1,2023-06-15T16:48:36+00:00
SAO_8549-10,São Paulo,3550308,True,EMTU,580,https://moovitapp.com/index/pt-br/transporte_p%C3%BAblico-line-580-Sao_Paulo-242-2038937-36419570-0,7.55,-23.542839999999998,-46.6362885,,,,1,2023-06-15T16:48:32+00:00
SAO_8549-10,São Paulo,3550308,True,EMTU,580,https://moovitapp.com/index/pt-br/transporte_p%C3%BAblico-line-580-Sao_Paulo-242-2038937-36419570-0,7.55,-23.436121,-46.7174615,,,,1,2023-06-15T16:48:30+00:00
SAO_8549-10,São Paulo,3550308,True,EMTU,580,https://moovitapp.com/index/pt-br/transporte_p%C3%BAblico-line-580-Sao_Paulo-242-2038937-36419570-0,7.55,-23.45925225,-46.689618625,,,,1,2023-06-15T16:48:41+00:00
SAO_8549-10,São Paulo,3550308,True,EMTU,580,https://moovitapp.com/index/pt-br/transporte_p%C3%BAblico-line-580-Sao_Paulo-242-2038937-36419570-0,7.55,-23.481434,-46.682754,,,,1,2023-06-15T16:48:32+00:00
SAO_1036-10,São Paulo,3550308,True,,35221,,,-23.466547,-46.7141995,,,,2,2023-06-15T16:48:44+00:00
SAO_1036-10,São Paulo,3550308,True,,35221,,,-23.4510275,-46.7120025,,,,2,2023-06-15T16:48:22+00:00
SAO_1036-10,São Paulo,3550308,True,,35221,,,-23.447722,-46.708287999999996,,,,2,2023-06-15T16:48:22+00:00
SAO_1036-10,São Paulo,3550308,True,,35221,,,-23.447865999999998,-46.708386,,,,2,2023-06-15T16:48:29+00:00
SAO_1036-10,São Paulo,3550308,True,,35221,,,-23.4519745,-46.7119565,,,,2,2023-06-15T16:48:14+00:00
SAO_1036-10,São Paulo,3550308,True,,35221,,,-23.4805105,-46.7131495,,,,2,2023-06-15T16:48:25+00:00
SAO_3112-10,São Paulo,3550308,True,,33848,,,-23.610093499999998,-46.5294835,,,,2,2023-06-15T16:48:07+00:00
SAO_3112-10,São Paulo,3550308,True,,33848,,,-23.579641,-46.586913499999994,,,,2,2023-06-15T16:48:47+00:00
SAO_3112-10,São Paulo,3550308,True,,33848,,,-23.580648875,-46.568361125,,,,2,2023-06-15T16:48:17+00:00
SAO_3112-10,São Paulo,3550308,True,,33848,,,-23.592498999999997,-46.546105499999996,,,,2,2023-06-15T16:48:20+00:00
SAO_3112-10,São Paulo,3550308,True,,33848,,,-23.5557428125,-46.597801625,,,,2,2023-06-15T16:48:23+00:00
SAO_172N-10,São Paulo,3550308,True,,664,,,-23.52939825,-46.602333,,,,1,2023-06-15T16:48:44+00:00
SAO_172N-10,São Paulo,3550308,True,,664,,,-23.540449625,-46.591373375,,,,1,2023-06-15T16:48:11+00:00
SAO_172N-10,São Paulo,3550308,True,,664,,,-23.5078285,-46.5958095,,,,1,2023-06-15T16:48:41+00:00
SAO_172N-10,São Paulo,3550308,True,,664,,,-23.507183125,-46.60357450000001,,,,1,2023-06-15T16:47:59+00:00
SAO_172N-10,São Paulo,3550308,True,,664,,,-23.511174,-46.621218999999996,,,,1,2023-06-15T16:48:33+00:00
SAO_3134-10,São Paulo,3550308,True,,993,,,-23.5844045,-46.519586000000004,,,,1,2023-06-15T16:48:11+00:00
SAO_3134-10,São Paulo,3550308,True,,993,,,-23.5857745,-46.580647,,,,1,2023-06-15T16:48:27+00:00
SAO_3134-10,São Paulo,3550308,True,,993,,,-23.563519,-46.5054075,,,,1,2023-06-15T16:48:29+00:00
SAO_3134-10,São Paulo,3550308,True,,993,,,-23.578702625000002,-46.54293225,,,,1,2023-06-15T16:48:26+00:00
SAO_3134-10,São Paulo,3550308,True,,993,,,-23.590466999999997,-46.587388375,,,,1,2023-06-15T16:48:06+00:00
SAO_3134-10,São Paulo,3550308,True,,993,,,-23.57348525,-46.56554075,,,,1,2023-06-15T16:48:02+00:00
SAO_3134-10,São Paulo,3550308,True,,993,,,-23.5638,-46.505301,,,,1,2023-06-15T16:48:08+00:00
SAO_372F-10,São Paulo,3550308,True,,33783,,,-23.551769,-46.599556500000006,,,,2,2023-06-15T16:48:16+00:00
SAO_372F-10,São Paulo,3550308,True,,33783,,,-23.5520035,-46.599284,,,,2,2023-06-15T16:48:35+00:00
SAO_8705-10,São Paulo,3550308,True,,34840,,,-23.56761925,-46.684419000000005,,,,2,2023-06-15T16:48:10+00:00
SAO_8705-10,São Paulo,3550308,True,,34840,,,-23.567825,-46.684808000000004,,,,2,2023-06-15T16:48:07+00:00
SAO_8705-10,São Paulo,3550308,True,,34840,,,-23.5724495,-46.723084,,,,2,2023-06-15T16:48:30+00:00
SAO_8705-10,São Paulo,3550308,True,,34840,,,-23.57151,-46.6957075,,,,2,2023-06-15T16:48:41+00:00
SAO_8705-10,São Paulo,3550308,True,,34840,,,-23.566025500000002,-46.6814145,,,,2,2023-06-15T16:48:25+00:00
SAO_8705-10,São Paulo,3550308,True,,34840,,,-23.54549,-46.762014,,,,2,2023-06-15T16:48:33+00:00
SAO_8705-10,São Paulo,3550308,True,,34840,,,-23.554745,-46.751825499999995,,,,2,2023-06-15T16:48:21+00:00
SAO_407W-10,São Paulo,3550308,True,,34972,,,-23.58958175,-46.50089925,,,,2,2023-06-15T16:48:10+00:00
SAO_407W-10,São Paulo,3550308,True,,34972,,,-23.58958175,-46.50089925,,,,2,2023-06-15T16:48:45+00:00
SAO_407W-10,São Paulo,3550308,True,,34972,,,-23.579387500000003,-46.512274,,,,2,2023-06-15T16:48:02+00:00
SAO_407W-10,São Paulo,3550308,True,,34972,,,-23.5422865,-46.549737500000006,,,,2,2023-06-15T16:48:42+00:00
SAO_407W-10,São Paulo,3550308,True,,34972,,,-23.538597,-46.5639085,,,,2,2023-06-15T16:48:31+00:00
SAO_8610-10,São Paulo,3550308,True,,2063,,,-23.5809395,-46.684903250000005,,,,1,2023-06-15T16:48:43+00:00
SAO_8610-10,São Paulo,3550308,True,,2063,,,-23.57415,-46.71481925,,,,1,2023-06-15T16:48:30+00:00
SAO_8610-10,São Paulo,3550308,True,,2063,,,-23.5947305,-46.788641,,,,1,2023-06-15T16:48:05+00:00
SAO_8610-10,São Paulo,3550308,True,,2063,,,-23.569727,-46.697432,,,,1,2023-06-15T16:48:06+00:00
SAO_407P-10,São Paulo,3550308,True,,2200,,,-23.5356065,-46.4940285,,,,1,2023-06-15T16:45:30+00:00
SAO_407P-10,São Paulo,3550308,True,,2200,,,-23.579527,-46.411894000000004,,,,1,2023-06-15T16:48:14+00:00
SAO_407P-10,São Paulo,3550308,True,,2200,,,-23.531950000000002,-46.5333445,,,,1,2023-06-15T16:48:32+00:00
SAO_407P-10,São Paulo,3550308,True,,2200,,,-23.537906,-46.456186,,,,1,2023-06-15T16:48:41+00:00
SAO_407P-10,São Paulo,3550308,True,,2200,,,-23.5832455,-46.407549,,,,1,2023-06-15T16:48:05+00:00
SAO_407P-10,São Paulo,3550308,True,,2200,,,-23.541795,-46.415766,,,,1,2023-06-15T16:48:01+00:00
SAO_407P-10,São Paulo,3550308,True,,2200,,,-23.535746,-46.49264875,,,,1,2023-06-15T16:44:18+00:00
SAO_407P-10,São Paulo,3550308,True,,2200,,,-23.582933,-46.4089175,,,,1,2023-06-15T16:48:12+00:00
SAO_172P-10,São Paulo,3550308,True,,858,,,-23.54239,-46.5903175,,,,1,2023-06-15T16:48:44+00:00
SAO_172P-10,São Paulo,3550308,True,,858,,,-23.467079124999998,-46.584031624999994,,,,1,2023-06-15T16:46:30+00:00
SAO_172P-10,São Paulo,3550308,True,,858,,,-23.539493999999998,-46.5963325,,,,1,2023-06-15T16:48:38+00:00
SAO_172P-10,São Paulo,3550308,True,,858,,,-23.5064285,-46.5902995,,,,1,2023-06-15T16:48:42+00:00
SAO_172P-10,São Paulo,3550308,True,,858,,,-23.47881175,-46.58269125,,,,1,2023-06-15T16:48:17+00:00
SAO_172P-10,São Paulo,3550308,True,,858,,,-23.4490735,-46.5883325,,,,1,2023-06-15T16:48:10+00:00
SAO_172P-10,São Paulo,3550308,True,,858,,,-23.4387135,-46.5730255,,,,1,2023-06-15T16:43:32+00:00
SAO_172P-10,São Paulo,3550308,True,,858,,,-23.480896875,-46.586884375,,,,1,2023-06-15T16:48:09+00:00
SAO_573A-10,São Paulo,3550308,True,,1637,,,-23.6032585,-46.566306499999996,,,,1,2023-06-15T16:48:45+00:00
SAO_573A-10,São Paulo,3550308,True,,1637,,,-23.6111975,-46.5571865,,,,1,2023-06-15T16:48:08+00:00
SAO_573A-10,São Paulo,3550308,True,,1637,,,-23.579641,-46.586913499999994,,,,1,2023-06-15T16:45:52+00:00
SAO_573A-10,São Paulo,3550308,True,,1637,,,-23.596648000000002,-46.567818,,,,1,2023-06-15T16:48:30+00:00
SAO_573A-10,São Paulo,3550308,True,,1637,,,-23.5472225,-46.60696,,,,1,2023-06-15T16:48:05+00:00
SAO_8215-10,São Paulo,3550308,True,,33342,,,-23.475208000000002,-46.6903675,,,,2,2023-06-15T16:48:19+00:00
SAO_8215-10,São Paulo,3550308,True,,33342,,,-23.5039885,-46.681492,,,,2,2023-06-15T16:48:41+00:00
SAO_8215-10,São Paulo,3550308,True,,33342,,,-23.4616955,-46.708061,,,,2,2023-06-15T16:48:41+00:00
SAO_8215-10,São Paulo,3550308,True,,33342,,,-23.535335500000002,-46.65259999999999,,,,2,2023-06-15T16:48:14+00:00
SAO_5013-31,São Paulo,3550308,True,,35004,,,-23.681323,-46.635135000000005,,,,2,2023-06-15T16:48:09+00:00
SAO_5013-31,São Paulo,3550308,True,,35004,,,-23.678459500000002,-46.657086,,,,2,2023-06-15T16:46:56+00:00
SAO_5013-31,São Paulo,3550308,True,,35004,,,-23.671747000000003,-46.6832005,,,,2,2023-06-15T16:45:57+00:00
SAO_5013-31,São Paulo,3550308,True,,35004,,,-23.6815315,-46.6338755,,,,2,2023-06-15T16:48:31+00:00
SAO_5013-31,São Paulo,3550308,True,,35004,,,-23.65610775,-46.701289,,,,2,2023-06-15T16:48:05+00:00
SAO_4717-10,São Paulo,3550308,True,EMTU,335,https://moovitapp.com/index/pt-br/transporte_p%C3%BAblico-line-335-Sao_Paulo-242-2038937-36419420-0,5.35,-23.612591000000002,-46.6190555,,,,1,2023-06-15T16:48:24+00:00
SAO_6059-10,São Paulo,3550308,True,,1226,,,-23.644572,-46.728193000000005,,,,1,2023-06-15T16:48:27+00:00
SAO_6059-10,São Paulo,3550308,True,,1226,,,-23.65192725,-46.702461,,,,1,2023-06-15T16:48:02+00:00
SAO_6059-10,São Paulo,3550308,True,,1226,,,-23.65192725,-46.702461,,,,1,2023-06-15T16:48:04+00:00
SAO_6059-10,São Paulo,3550308,True,,1226,,,-23.646546999999998,-46.703723999999994,,,,1,2023-06-15T16:48:23+00:00
SAO_737A-10,São Paulo,3550308,True,,1730,,,-23.654359,-46.7068095,,,,1,2023-06-15T16:48:03+00:00
SAO_737A-10,São Paulo,3550308,True,,1730,,,-23.682178,-46.76720775,,,,1,2023-06-15T16:47:23+00:00
SAO_737A-10,São Paulo,3550308,True,,1730,,,-23.667802000000002,-46.730776500000005,,,,1,2023-06-15T16:48:07+00:00
SAO_737A-10,São Paulo,3550308,True,,1730,,,-23.6759515,-46.7527535,,,,1,2023-06-15T16:48:28+00:00
SAO_737A-10,São Paulo,3550308,True,,1730,,,-23.6902125,-46.773815,,,,1,2023-06-15T16:48:04+00:00
SAO_737A-10,São Paulo,3550308,True,,1730,,,-23.6541015,-46.7120065,,,,1,2023-06-15T16:48:30+00:00
SAO_737A-10,São Paulo,3550308,True,,1730,,,-23.6541015,-46.7120065,,,,1,2023-06-15T16:48:11+00:00
SAO_737A-10,São Paulo,3550308,True,,1730,,,-23.665815000000002,-46.7117615,,,,1,2023-06-15T16:47:11+00:00
SAO_746K-10,São Paulo,3550308,True,,33555,,,-23.61444675,-46.677940125000006,,,,2,2023-06-15T16:48:12+00:00
SAO_746K-10,São Paulo,3550308,True,,33555,,,-23.6187375,-46.722241,,,,2,2023-06-15T16:48:15+00:00
SAO_746K-10,São Paulo,3550308,True,,33555,,,-23.61798125,-46.674186875000004,,,,2,2023-06-15T16:48:40+00:00
SAO_746K-10,São Paulo,3550308,True,,33555,,,-23.619987000000002,-46.686188875,,,,2,2023-06-15T16:48:22+00:00
SAO_746K-10,São Paulo,3550308,True,,33555,,,-23.6188595,-46.7225445,,,,2,2023-06-15T16:48:22+00:00
SAO_7060-10,São Paulo,3550308,True,,34657,,,-23.630855500000003,-46.774021,,,,2,2023-06-15T16:48:37+00:00
SAO_7060-10,São Paulo,3550308,True,,34657,,,-23.685482999999998,-46.800789249999994,,,,2,2023-06-15T16:48:11+00:00
SAO_7060-10,São Paulo,3550308,True,,34657,,,-23.675387999999998,-46.788501499999995,,,,2,2023-06-15T16:48:38+00:00
SAO_2731-10,São Paulo,3550308,True,,946,,,-23.542181499999998,-46.472184999999996,,,,1,2023-06-15T16:44:52+00:00
SAO_2731-10,São Paulo,3550308,True,,946,,,-23.5420685,-46.471511,,,,1,2023-06-15T16:48:11+00:00
SAO_2731-10,São Paulo,3550308,True,,946,,,-23.521501,-46.442832499999994,,,,1,2023-06-15T16:48:31+00:00
SAO_2731-10,São Paulo,3550308,True,,946,,,-23.518249,-46.439041,,,,1,2023-06-15T16:48:32+00:00
SAO_2731-10,São Paulo,3550308,True,,946,,,-23.529028,-46.4509655,,,,1,2023-06-15T16:48:33+00:00
SAO_2731-10,São Paulo,3550308,True,,946,,,-23.518249,-46.439041,,,,1,2023-06-15T16:47:47+00:00
SAO_1758-10,São Paulo,3550308,True,,33320,,,-23.4540025,-46.6616765,,,,2,2023-06-15T16:48:26+00:00
SAO_1758-10,São Paulo,3550308,True,,33320,,,-23.4540025,-46.6616765,,,,2,2023-06-15T16:48:10+00:00
SAO_1758-10,São Paulo,3550308,True,,33320,,,-23.454044,-46.661868999999996,,,,2,2023-06-15T16:48:42+00:00
SAO_1758-10,São Paulo,3550308,True,,33320,,,-23.479913000000003,-46.632439500000004,,,,2,2023-06-15T16:47:57+00:00
SAO_1758-10,São Paulo,3550308,True,,33320,,,-23.4646075,-46.654741,,,,2,2023-06-15T16:48:02+00:00
SAO_1758-10,São Paulo,3550308,True,,33320,,,-23.5022175,-46.624197499999994,,,,2,2023-06-15T16:48:42+00:00
SAO_1758-10,São Paulo,3550308,True,,33320,,,-23.454469,-46.6620805,,,,2,2023-06-15T16:48:31+00:00
SAO_1758-10,São Paulo,3550308,True,,33320,,,-23.454469,-46.6620805,,,,2,2023-06-15T16:48:37+00:00
SAO_6043-10,São Paulo,3550308,True,,33988,,,-23.653623500000002,-46.7524195,,,,2,2023-06-15T16:48:04+00:00
SAO_6043-10,São Paulo,3550308,True,,33988,,,-23.653890625,-46.71154075,,,,2,2023-06-15T16:48:44+00:00
SAO_6043-10,São Paulo,3550308,True,,33988,,,-23.654093500000002,-46.710197,,,,2,2023-06-15T16:48:20+00:00
SAO_6043-10,São Paulo,3550308,True,,33988,,,-23.6520225,-46.73388525,,,,2,2023-06-15T16:48:32+00:00
SAO_2079-10,São Paulo,3550308,True,,33138,,,-23.516789,-46.3843955,,,,2,2023-06-15T16:48:20+00:00
SAO_2079-10,São Paulo,3550308,True,,33138,,,-23.5165655,-46.384100000000004,,,,2,2023-06-15T16:47:33+00:00
SAO_2079-10,São Paulo,3550308,True,,33138,,,-23.494310499999997,-46.402223,,,,2,2023-06-15T16:48:16+00:00
SAO_2079-10,São Paulo,3550308,True,,33138,,,-23.51415725,-46.3841785,,,,2,2023-06-15T16:47:46+00:00
SAO_2079-10,São Paulo,3550308,True,,33138,,,-23.4986795,-46.3953075,,,,2,2023-06-15T16:48:44+00:00
SAO_575A-10,São Paulo,3550308,True,,1638,,,-23.58670425,-46.5817445,,,,1,2023-06-15T16:48:35+00:00
SAO_575A-10,São Paulo,3550308,True,,1638,,,-23.549183499999998,-46.5853075,,,,1,2023-06-15T16:48:39+00:00
SAO_514T-10,São Paulo,3550308,True,,34439,,,-23.59818625,-46.512302999999996,,,,2,2023-06-15T16:48:25+00:00
SAO_514T-10,São Paulo,3550308,True,,34439,,,-23.5823121875,-46.5881516875,,,,2,2023-06-15T16:48:38+00:00
SAO_514T-10,São Paulo,3550308,True,,34439,,,-23.6026645,-46.60273,,,,2,2023-06-15T16:48:04+00:00
SAO_514T-10,São Paulo,3550308,True,,34439,,,-23.5848315,-46.5815725,,,,2,2023-06-15T16:48:36+00:00
SAO_514T-10,São Paulo,3550308,True,,34439,,,-23.5828255,-46.5498335,,,,2,2023-06-15T16:48:21+00:00
SAO_514T-10,São Paulo,3550308,True,,34439,,,-23.587241000000002,-46.533421249999996,,,,2,2023-06-15T16:48:16+00:00
SAO_172K-10,São Paulo,3550308,True,,857,,,-23.4771445,-46.5972415,,,,1,2023-06-15T16:48:45+00:00
SAO_172K-10,São Paulo,3550308,True,,857,,,-23.499984,-46.59706425,,,,1,2023-06-15T16:48:43+00:00
SAO_172K-10,São Paulo,3550308,True,,857,,,-23.522242374999998,-46.592854125,,,,1,2023-06-15T16:48:19+00:00
SAO_172K-10,São Paulo,3550308,True,,857,,,-23.456622,-46.601623000000004,,,,1,2023-06-15T16:48:14+00:00
SAO_172K-10,São Paulo,3550308,True,,857,,,-23.479325000000003,-46.609796,,,,1,2023-06-15T16:48:31+00:00
SAO_172K-10,São Paulo,3550308,True,,857,,,-23.533634749999997,-46.57560125,,,,1,2023-06-15T16:48:41+00:00
SAO_2523-10,São Paulo,3550308,True,,33018,,,-23.521690999999997,-46.4250675,,,,2,2023-06-15T16:47:59+00:00
SAO_2523-10,São Paulo,3550308,True,,33018,,,-23.521767500000003,-46.4247855,,,,2,2023-06-15T16:48:32+00:00
SAO_2523-10,São Paulo,3550308,True,,33018,,,-23.518861,-46.475532,,,,2,2023-06-15T16:48:12+00:00
SAO_2523-10,São Paulo,3550308,True,,33018,,,-23.521690999999997,-46.4250675,,,,2,2023-06-15T16:48:39+00:00
SAO_2523-10,São Paulo,3550308,True,,33018,,,-23.513731500000002,-46.446048125000004,,,,2,2023-06-15T16:48:35+00:00
SAO_9002-10,São Paulo,3550308,True,,870,,,-23.453794,-46.66957025,,,,1,2023-06-15T16:48:30+00:00
SAO_3161-10,São Paulo,3550308,True,,33852,,,-23.583499250000003,-46.5254795,,,,2,2023-06-15T16:48:35+00:00
SAO_3161-10,São Paulo,3550308,True,,33852,,,-23.561021874999998,-46.593596625,,,,2,2023-06-15T16:48:09+00:00
SAO_3161-10,São Paulo,3550308,True,,33852,,,-23.583561000000003,-46.5251485,,,,2,2023-06-15T16:48:37+00:00
SAO_1721-10,São Paulo,3550308,True,,33434,,,-23.4897535,-46.570575500000004,,,,2,2023-06-15T16:48:26+00:00
SAO_1721-10,São Paulo,3550308,True,,33434,,,-23.4897535,-46.570575500000004,,,,2,2023-06-15T16:46:36+00:00
SAO_1721-10,São Paulo,3550308,True,,33434,,,-23.4897535,-46.570575500000004,,,,2,2023-06-15T16:48:39+00:00
SAO_1721-10,São Paulo,3550308,True,,33434,,,-23.48941525,-46.571597749999995,,,,2,2023-06-15T16:48:28+00:00
SAO_1721-10,São Paulo,3550308,True,,33434,,,-23.4990905,-46.59541125,,,,2,2023-06-15T16:48:18+00:00
SAO_1721-10,São Paulo,3550308,True,,33434,,,-23.507183125,-46.60357450000001,,,,2,2023-06-15T16:48:36+00:00
SAO_1721-10,São Paulo,3550308,True,,33434,,,-23.491781500000002,-46.58717675,,,,2,2023-06-15T16:48:19+00:00
SAO_1721-10,São Paulo,3550308,True,,33434,,,-23.48941525,-46.571597749999995,,,,2,2023-06-15T16:45:28+00:00
SAO_7051-10,São Paulo,3550308,True,,1885,,,-23.6364275,-46.7779335,,,,1,2023-06-15T16:48:07+00:00
SAO_7051-10,São Paulo,3550308,True,,1885,,,-23.655096,-46.7838845,,,,1,2023-06-15T16:48:27+00:00
SAO_8050-10,São Paulo,3550308,True,,33180,,,-23.442098,-46.791021,,,,2,2023-06-15T16:48:12+00:00
SAO_8050-10,São Paulo,3550308,True,,33180,,,-23.462238499999998,-46.78025425,,,,2,2023-06-15T16:48:36+00:00
SAO_8050-10,São Paulo,3550308,True,,33180,,,-23.5193455,-46.702147,,,,2,2023-06-15T16:48:31+00:00
SAO_8050-10,São Paulo,3550308,True,,33180,,,-23.4421465,-46.791167,,,,2,2023-06-15T16:48:21+00:00
SAO_8050-10,São Paulo,3550308,True,,33180,,,-23.442029499999997,-46.790817000000004,,,,2,2023-06-15T16:48:20+00:00
SAO_8050-10,São Paulo,3550308,True,,33180,,,-23.44236,-46.791427,,,,2,2023-06-15T16:48:39+00:00
SAO_6418-10,São Paulo,3550308,True,,33539,,,-23.610402999999998,-46.704887,,,,2,2023-06-15T16:48:31+00:00
SAO_6418-10,São Paulo,3550308,True,,33539,,,-23.6168975,-46.704676750000004,,,,2,2023-06-15T16:48:46+00:00
SAO_6418-10,São Paulo,3550308,True,,33539,,,-23.619056,-46.6969765,,,,2,2023-06-15T16:48:21+00:00
SAO_8001-10,São Paulo,3550308,True,,34019,,,-23.520166,-46.710088,,,,2,2023-06-15T16:48:30+00:00
SAO_6099-10,São Paulo,3550308,False,,34355,,,-23.7747775,-46.722019,,,,2,2023-06-15T16:48:37+00:00
SAO_6099-10,São Paulo,3550308,True,,34355,,,-23.7380895,-46.6977955,,,,2,2023-06-15T16:48:27+00:00
SAO_6099-10,São Paulo,3550308,True,,34355,,,-23.736846,-46.697306499999996,,,,2,2023-06-15T16:48:09+00:00
SAO_6099-10,São Paulo,3550308,False,,34355,,,-23.8249795,-46.7339915,,,,2,2023-06-15T16:48:47+00:00
SAO_6099-10,São Paulo,3550308,True,,34355,,,-23.856856999999998,-46.774345499999995,,,,2,2023-06-15T16:42:42+00:00
SAO_2058-10,São Paulo,3550308,True,,33027,,,-23.491635000000002,-46.4348155,,,,2,2023-06-15T16:48:37+00:00
SAO_2058-10,São Paulo,3550308,True,,33027,,,-23.491651,-46.434374500000004,,,,2,2023-06-15T16:48:10+00:00
SAO_2058-10,São Paulo,3550308,True,,33027,,,-23.496212375000002,-46.40396275,,,,2,2023-06-15T16:48:34+00:00
SAO_3206-10,São Paulo,3550308,True,,2112,,,-23.533181,-46.54647925,,,,1,2023-06-15T16:48:45+00:00
SAO_3206-10,São Paulo,3550308,True,,2112,,,-23.514606999999998,-46.5467105,,,,1,2023-06-15T16:48:07+00:00
SAO_809J-10,São Paulo,3550308,True,,2066,,,-23.60039875,-46.718790625,,,,1,2023-06-15T16:48:02+00:00
SAO_7006-10,São Paulo,3550308,True,,34763,,,-23.696705,-46.779482,,,,2,2023-06-15T16:48:27+00:00
SAO_7006-10,São Paulo,3550308,True,,34763,,,-23.750601,-46.777545,,,,2,2023-06-15T16:48:10+00:00
SAO_7006-10,São Paulo,3550308,True,,34763,,,-23.750601,-46.777545,,,,2,2023-06-15T16:48:23+00:00
SAO_7006-10,São Paulo,3550308,True,,34763,,,-23.750601,-46.777545,,,,2,2023-06-15T16:48:21+00:00
SAO_7006-10,São Paulo,3550308,True,,34763,,,-23.74648,-46.7789475,,,,2,2023-06-15T16:48:26+00:00
SAO_7006-10,São Paulo,3550308,True,,34763,,,-23.725745,-46.7860955,,,,2,2023-06-15T16:48:36+00:00
SAO_517J-10,São Paulo,3550308,True,,1129,,,-23.631084,-46.683095,,,,1,2023-06-15T16:48:45+00:00
SAO_517J-10,São Paulo,3550308,True,,1129,,,-23.645371,-46.67331825000001,,,,1,2023-06-15T16:48:36+00:00
SAO_517J-10,São Paulo,3550308,True,,1129,,,-23.6136965,-46.6957375,,,,1,2023-06-15T16:48:17+00:00
SAO_517J-10,São Paulo,3550308,True,,1129,,,-23.690821999999997,-46.655268,,,,1,2023-06-15T16:48:16+00:00
SAO_517J-10,São Paulo,3550308,True,,1129,,,-23.690821999999997,-46.655268,,,,1,2023-06-15T16:47:45+00:00
SAO_2005-10,São Paulo,3550308,True,,33661,,,-23.491551875,-46.41531725,,,,2,2023-06-15T16:48:16+00:00
SAO_2005-10,São Paulo,3550308,True,,33661,,,-23.48567975,-46.38748475,,,,2,2023-06-15T16:48:29+00:00
SAO_8538-10,São Paulo,3550308,True,,34127,,,-23.4765595,-46.712624,,,,2,2023-06-15T16:48:22+00:00
SAO_8538-10,São Paulo,3550308,True,,34127,,,-23.542068,-46.635954,,,,2,2023-06-15T16:48:32+00:00
SAO_8538-10,São Paulo,3550308,True,,34127,,,-23.487222250000002,-46.7106,,,,2,2023-06-15T16:48:37+00:00
SAO_546A-10,São Paulo,3550308,True,,1131,,,-23.676298,-46.68559875,,,,1,2023-06-15T16:48:42+00:00
SAO_546A-10,São Paulo,3550308,True,,1131,,,-23.6543235,-46.7042885,,,,1,2023-06-15T16:48:40+00:00
SAO_546A-10,São Paulo,3550308,True,,1131,,,-23.658659,-46.69838,,,,1,2023-06-15T16:48:17+00:00
SAO_546A-10,São Paulo,3550308,True,,1131,,,-23.699271000000003,-46.648211,,,,1,2023-06-15T16:48:10+00:00
SAO_9006-10,São Paulo,3550308,True,,33642,,,-23.4651395,-46.690452500000006,,,,2,2023-06-15T16:48:36+00:00
SAO_9006-10,São Paulo,3550308,True,,33642,,,-23.464918,-46.690571500000004,,,,2,2023-06-15T16:48:22+00:00
SAO_9006-10,São Paulo,3550308,True,,33642,,,-23.4745815,-46.669976500000004,,,,2,2023-06-15T16:48:31+00:00
SAO_9006-10,São Paulo,3550308,True,,33642,,,-23.4745815,-46.669976500000004,,,,2,2023-06-15T16:48:32+00:00
SAO_2755-10,São Paulo,3550308,True,STT,233,https://moovitapp.com/index/pt-br/transporte_p%C3%BAblico-line-233-Sao_Paulo-242-850661-183266-0,5.3,-23.532396249999998,-46.5431725,,,,1,2023-06-15T16:48:07+00:00
SAO_2755-10,São Paulo,3550308,True,STT,233,https://moovitapp.com/index/pt-br/transporte_p%C3%BAblico-line-233-Sao_Paulo-242-850661-183266-0,5.3,-23.535185,-46.401478,,,,1,2023-06-15T16:48:37+00:00
SAO_2755-10,São Paulo,3550308,True,STT,233,https://moovitapp.com/index/pt-br/transporte_p%C3%BAblico-line-233-Sao_Paulo-242-850661-183266-0,5.3,-23.515555499999998,-46.4851265,,,,1,2023-06-15T16:46:41+00:00
SAO_2755-10,São Paulo,3550308,True,STT,233,https://moovitapp.com/index/pt-br/transporte_p%C3%BAblico-line-233-Sao_Paulo-242-850661-183266-0,5.3,-23.522844,-46.519173,,,,1,2023-06-15T16:48:33+00:00
SAO_2755-10,São Paulo,3550308,True,STT,233,https://moovitapp.com/index/pt-br/transporte_p%C3%BAblico-line-233-Sao_Paulo-242-850661-183266-0,5.3,-23.520958,-46.4417105,,,,1,2023-06-15T16:48:25+00:00
SAO_4052-10,São Paulo,3550308,True,,34913,,,-23.542444,-46.416917999999995,,,,2,2023-06-15T16:45:48+00:00
SAO_4052-10,São Paulo,3550308,True,,34913,,,-23.539986,-46.4622065,,,,2,2023-06-15T16:48:05+00:00
SAO_4052-10,São Paulo,3550308,True,,34913,,,-23.5421205,-46.471834,,,,2,2023-06-15T16:48:24+00:00
SAO_5025-10,São Paulo,3550308,True,,34332,,,-23.6066015,-46.540623499999995,,,,2,2023-06-15T16:48:41+00:00
SAO_5025-10,São Paulo,3550308,True,,34332,,,-23.59639,-46.5684865,,,,2,2023-06-15T16:48:19+00:00
SAO_5025-10,São Paulo,3550308,True,,34332,,,-23.594353,-46.578869499999996,,,,2,2023-06-15T16:48:45+00:00
SAO_7005-51,São Paulo,3550308,True,,1999,,,-23.723031499999998,-46.785344499999994,,,,1,2023-06-15T16:48:02+00:00
SAO_7005-51,São Paulo,3550308,True,,1999,,,-23.66167,-46.770126000000005,,,,1,2023-06-15T16:48:37+00:00
SAO_7005-51,São Paulo,3550308,True,,1999,,,-23.692511000000003,-46.7778525,,,,1,2023-06-15T16:48:42+00:00
SAO_7005-51,São Paulo,3550308,True,,1999,,,-23.683518,-46.769490000000005,,,,1,2023-06-15T16:48:23+00:00
SAO_3134-10,São Paulo,3550308,True,,33761,,,-23.573009499999998,-46.51204775,,,,2,2023-06-15T16:48:26+00:00
SAO_3134-10,São Paulo,3550308,True,,33761,,,-23.5630785,-46.5055855,,,,2,2023-06-15T16:48:44+00:00
SAO_3134-10,São Paulo,3550308,True,,33761,,,-23.594091,-46.5825145,,,,2,2023-06-15T16:48:13+00:00
SAO_3134-10,São Paulo,3550308,True,,33761,,,-23.5632475,-46.505516,,,,2,2023-06-15T16:48:05+00:00
SAO_3134-10,São Paulo,3550308,True,,33761,,,-23.579301,-46.54119575,,,,2,2023-06-15T16:48:35+00:00
SAO_3134-10,São Paulo,3550308,True,,33761,,,-23.563564,-46.5053905,,,,2,2023-06-15T16:48:33+00:00
SAO_3134-10,São Paulo,3550308,True,,33761,,,-23.57827,-46.51722075,,,,2,2023-06-15T16:48:08+00:00
SAO_3134-10,São Paulo,3550308,True,,33761,,,-23.574405249999998,-46.556079249999996,,,,2,2023-06-15T16:48:19+00:00
SAO_3134-10,São Paulo,3550308,True,,33761,,,-23.5684365,-46.505306,,,,2,2023-06-15T16:48:29+00:00
SAO_3134-10,São Paulo,3550308,True,,33761,,,-23.58036075,-46.582773249999995,,,,2,2023-06-15T16:48:18+00:00
SAO_5110-24,São Paulo,3550308,True,,35227,,,-23.6144385,-46.499078375,,,,2,2023-06-15T16:48:30+00:00
SAO_5110-24,São Paulo,3550308,True,,35227,,,-23.58646625,-46.54722975,,,,2,2023-06-15T16:48:26+00:00
SAO_2013-10,São Paulo,3550308,True,,33667,,,-23.4651615,-46.636493,,,,2,2023-06-15T16:48:17+00:00
SAO_2013-10,São Paulo,3550308,True,,33667,,,-23.454400999999997,-46.658887,,,,2,2023-06-15T16:48:28+00:00
SAO_2013-10,São Paulo,3550308,True,,33667,,,-23.469281000000002,-46.655507,,,,2,2023-06-15T16:48:46+00:00
SAO_2013-10,São Paulo,3550308,True,,33667,,,-23.454400999999997,-46.658887,,,,2,2023-06-15T16:48:22+00:00
SAO_2013-10,São Paulo,3550308,True,,33667,,,-23.467785,-46.6701125,,,,2,2023-06-15T16:48:26+00:00
SAO_2013-10,São Paulo,3550308,True,,33667,,,-23.45485325,-46.6563205,,,,2,2023-06-15T16:48:46+00:00
SAO_3063-10,São Paulo,3550308,True,,33021,,,-23.558238,-46.399558999999996,,,,2,2023-06-15T16:48:18+00:00
SAO_3063-10,São Paulo,3550308,True,,33021,,,-23.552943499999998,-46.413566,,,,2,2023-06-15T16:48:44+00:00
SAO_3063-10,São Paulo,3550308,True,,33021,,,-23.5973145,-46.457163,,,,2,2023-06-15T16:48:21+00:00
SAO_3063-10,São Paulo,3550308,True,,33021,,,-23.557927,-46.399613,,,,2,2023-06-15T16:48:07+00:00
SAO_3063-10,São Paulo,3550308,True,,33021,,,-23.564861,-46.4157795,,,,2,2023-06-15T16:48:13+00:00
SAO_3063-10,São Paulo,3550308,True,,33021,,,-23.558149,-46.399587499999996,,,,2,2023-06-15T16:48:20+00:00
SAO_3063-10,São Paulo,3550308,True,,33021,,,-23.54247075,-46.41617375,,,,2,2023-06-15T16:42:58+00:00
SAO_3902-10,São Paulo,3550308,True,,1470,,,-23.540209,-46.408460000000005,,,,1,2023-06-15T16:46:16+00:00
SAO_3902-10,São Paulo,3550308,True,,1470,,,-23.510573,-46.39372325,,,,1,2023-06-15T16:45:53+00:00
SAO_3738-10,São Paulo,3550308,True,,33806,,,-23.5651035,-46.41571,,,,2,2023-06-15T16:48:07+00:00
SAO_3738-10,São Paulo,3550308,True,,33806,,,-23.5629515,-46.3946025,,,,2,2023-06-15T16:48:15+00:00
SAO_3738-10,São Paulo,3550308,True,,33806,,,-23.5628445,-46.3949135,,,,2,2023-06-15T16:48:45+00:00
SAO_3738-10,São Paulo,3550308,True,,33806,,,-23.5628445,-46.3949135,,,,2,2023-06-15T16:48:31+00:00
SAO_3738-10,São Paulo,3550308,True,,33806,,,-23.5629515,-46.3946025,,,,2,2023-06-15T16:48:14+00:00
SAO_3738-10,São Paulo,3550308,True,,33806,,,-23.5508745,-46.4378125,,,,2,2023-06-15T16:48:06+00:00
SAO_3738-10,São Paulo,3550308,True,,33806,,,-23.562509,-46.399685500000004,,,,2,2023-06-15T16:48:41+00:00
SAO_3738-10,São Paulo,3550308,True,,33806,,,-23.564539,-46.4066165,,,,2,2023-06-15T16:48:21+00:00
SAO_3738-10,São Paulo,3550308,True,,33806,,,-23.539969375,-46.455428375000004,,,,2,2023-06-15T16:48:25+00:00
SAO_3738-10,São Paulo,3550308,True,,33806,,,-23.5629515,-46.3946025,,,,2,2023-06-15T16:48:12+00:00
SAO_3738-10,São Paulo,3550308,True,,33806,,,-23.5629515,-46.3946025,,,,2,2023-06-15T16:48:05+00:00
SAO_1701-21,São Paulo,3550308,True,,35244,,,-23.479745,-46.602174500000004,,,,2,2023-06-15T16:48:10+00:00
SAO_1701-21,São Paulo,3550308,True,,35244,,,-23.447903750000002,-46.57596337499999,,,,2,2023-06-15T16:48:40+00:00
SAO_1701-21,São Paulo,3550308,True,,35244,,,-23.447903750000002,-46.57596337499999,,,,2,2023-06-15T16:48:30+00:00
SAO_1701-21,São Paulo,3550308,True,,35244,,,-23.4551125,-46.5842355,,,,2,2023-06-15T16:47:07+00:00
SAO_9166-10,São Paulo,3550308,True,,33475,,,-23.46100075,-46.66574475,,,,2,2023-06-15T16:48:08+00:00
SAO_6822-10,São Paulo,3550308,True,Del Rey,22,https://moovitapp.com/index/pt-br/transporte_p%C3%BAblico-line-22-Sao_Paulo-242-868760-496394-0,4.5,-23.650121,-46.791531000000006,,,,1,2023-06-15T16:48:31+00:00
SAO_6822-10,São Paulo,3550308,True,Del Rey,22,https://moovitapp.com/index/pt-br/transporte_p%C3%BAblico-line-22-Sao_Paulo-242-868760-496394-0,4.5,-23.656190000000002,-46.776433,,,,1,2023-06-15T16:48:11+00:00
SAO_6822-10,São Paulo,3550308,True,Del Rey,22,https://moovitapp.com/index/pt-br/transporte_p%C3%BAblico-line-22-Sao_Paulo-242-868760-496394-0,4.5,-23.654044,-46.7630505,,,,1,2023-06-15T16:48:21+00:00
SAO_5107-10,São Paulo,3550308,True,,34427,,,-23.537837,-46.6328475,,,,2,2023-06-15T16:48:30+00:00
SAO_5107-10,São Paulo,3550308,True,,34427,,,-23.6033435,-46.602573,,,,2,2023-06-15T16:48:35+00:00
SAO_5107-10,São Paulo,3550308,True,,34427,,,-23.567059,-46.617492,,,,2,2023-06-15T16:45:54+00:00
SAO_775F-10,São Paulo,3550308,True,,796,,,-23.6186315,-46.74853875,,,,1,2023-06-15T16:48:04+00:00
SAO_775F-10,São Paulo,3550308,True,,796,,,-23.57759275,-46.686578499999996,,,,1,2023-06-15T16:48:42+00:00
SAO_775F-10,São Paulo,3550308,True,,796,,,-23.614305,-46.7424905,,,,1,2023-06-15T16:48:12+00:00
SAO_775F-10,São Paulo,3550308,True,,796,,,-23.5559995,-46.674885625,,,,1,2023-06-15T16:48:17+00:00
SAO_775F-10,São Paulo,3550308,True,,796,,,-23.58251925,-46.685676,,,,1,2023-06-15T16:48:46+00:00
SAO_775F-10,São Paulo,3550308,True,,796,,,-23.601846000000002,-46.711372,,,,1,2023-06-15T16:48:22+00:00
SAO_775F-10,São Paulo,3550308,True,,796,,,-23.600578499999997,-46.709196500000004,,,,1,2023-06-15T16:48:45+00:00
SAO_775F-10,São Paulo,3550308,True,,796,,,-23.614203,-46.731145,,,,1,2023-06-15T16:48:34+00:00
SAO_1701-10,São Paulo,3550308,True,,33613,,,-23.447695250000002,-46.576127125,,,,2,2023-06-15T16:48:09+00:00
SAO_1701-10,São Paulo,3550308,True,,33613,,,-23.500967624999998,-46.623118500000004,,,,2,2023-06-15T16:48:36+00:00
SAO_1701-10,São Paulo,3550308,True,,33613,,,-23.481244,-46.60159,,,,2,2023-06-15T16:48:25+00:00
SAO_407I-10,São Paulo,3550308,True,,34990,,,-23.543553875,-46.58819525,,,,2,2023-06-15T16:47:57+00:00
SAO_407I-10,São Paulo,3550308,True,,34990,,,-23.5443135,-46.4817565,,,,2,2023-06-15T16:48:08+00:00
SAO_407I-10,São Paulo,3550308,True,,34990,,,-23.5433355,-46.48539675000001,,,,2,2023-06-15T16:48:39+00:00
SAO_407I-10,São Paulo,3550308,True,,34990,,,-23.5431125,-46.48502825,,,,2,2023-06-15T16:48:28+00:00
SAO_407I-10,São Paulo,3550308,True,,34990,,,-23.547599499999997,-46.5268475,,,,2,2023-06-15T16:48:22+00:00
SAO_273G-10,São Paulo,3550308,True,EMTU,223,https://moovitapp.com/index/pt-br/transporte_p%C3%BAblico-line-223-Sao_Paulo-242-2038937-36419342-0,5.2,-23.4814825,-46.415851,,,,1,2023-06-15T16:48:22+00:00
SAO_273G-10,São Paulo,3550308,True,EMTU,223,https://moovitapp.com/index/pt-br/transporte_p%C3%BAblico-line-223-Sao_Paulo-242-2038937-36419342-0,5.2,-23.5062365,-46.476693999999995,,,,1,2023-06-15T16:48:11+00:00
SAO_273G-10,São Paulo,3550308,True,EMTU,223,https://moovitapp.com/index/pt-br/transporte_p%C3%BAblico-line-223-Sao_Paulo-242-2038937-36419342-0,5.2,-23.5401805,-46.483284,,,,1,2023-06-15T16:48:25+00:00
SAO_273G-10,São Paulo,3550308,True,EMTU,223,https://moovitapp.com/index/pt-br/transporte_p%C3%BAblico-line-223-Sao_Paulo-242-2038937-36419342-0,5.2,-23.515658000000002,-46.476588750000005,,,,1,2023-06-15T16:48:35+00:00
SAO_273G-10,São Paulo,3550308,True,EMTU,223,https://moovitapp.com/index/pt-br/transporte_p%C3%BAblico-line-223-Sao_Paulo-242-2038937-36419342-0,5.2,-23.533987000000003,-46.473724000000004,,,,1,2023-06-15T16:48:20+00:00
SAO_273G-10,São Paulo,3550308,True,EMTU,223,https://moovitapp.com/index/pt-br/transporte_p%C3%BAblico-line-223-Sao_Paulo-242-2038937-36419342-0,5.2,-23.4814825,-46.415851,,,,1,2023-06-15T16:47:58+00:00
SAO_2756-10,São Paulo,3550308,True,EMTU,238,https://moovitapp.com/index/pt-br/transporte_p%C3%BAblico-line-238-Sao_Paulo-242-2038937-36419351-0,4.85,-23.521172874999998,-46.497612,,,,1,2023-06-15T16:48:06+00:00
SAO_2756-10,São Paulo,3550308,True,EMTU,238,https://moovitapp.com/index/pt-br/transporte_p%C3%BAblico-line-238-Sao_Paulo-242-2038937-36419351-0,4.85,-23.514203000000002,-46.47693625,,,,1,2023-06-15T16:48:39+00:00
SAO_2756-10,São Paulo,3550308,True,EMTU,238,https://moovitapp.com/index/pt-br/transporte_p%C3%BAblico-line-238-Sao_Paulo-242-2038937-36419351-0,4.85,-23.529382,-46.50029325,,,,1,2023-06-15T16:42:56+00:00
SAO_2769-10,São Paulo,3550308,True,,33165,,,-23.49173,-46.44601225,,,,2,2023-06-15T16:48:18+00:00
SAO_2769-10,São Paulo,3550308,True,,33165,,,-23.481961499999997,-46.379926,,,,2,2023-06-15T16:48:33+00:00
SAO_2769-10,São Paulo,3550308,True,,33165,,,-23.52177,-46.5257795,,,,2,2023-06-15T16:48:19+00:00
SAO_2769-10,São Paulo,3550308,True,,33165,,,-23.493394000000002,-46.4115625,,,,2,2023-06-15T16:48:24+00:00
SAO_2769-10,São Paulo,3550308,True,,33165,,,-23.4822575,-46.380671,,,,2,2023-06-15T16:48:32+00:00
SAO_2769-10,São Paulo,3550308,True,,33165,,,-23.481961499999997,-46.379926,,,,2,2023-06-15T16:48:44+00:00
SAO_609F-10,São Paulo,3550308,True,BR7 Mobilidade,37,https://moovitapp.com/index/pt-br/transporte_p%C3%BAblico-line-37-Sao_Paulo-242-851856-596010-0,5.75,-23.5390245,-46.636010999999996,,,,1,2023-06-15T16:48:36+00:00
SAO_609F-10,São Paulo,3550308,True,BR7 Mobilidade,37,https://moovitapp.com/index/pt-br/transporte_p%C3%BAblico-line-37-Sao_Paulo-242-851856-596010-0,5.75,-23.6680755,-46.748797,,,,1,2023-06-15T16:48:33+00:00
SAO_609F-10,São Paulo,3550308,True,BR7 Mobilidade,37,https://moovitapp.com/index/pt-br/transporte_p%C3%BAblico-line-37-Sao_Paulo-242-851856-596010-0,5.75,-23.574450749999997,-46.667640375000005,,,,1,2023-06-15T16:48:28+00:00
SAO_609F-10,São Paulo,3550308,True,BR7 Mobilidade,37,https://moovitapp.com/index/pt-br/transporte_p%C3%BAblico-line-37-Sao_Paulo-242-851856-596010-0,5.75,-23.580544,-46.682426500000005,,,,1,2023-06-15T16:48:42+00:00
SAO_609F-10,São Paulo,3550308,True,BR7 Mobilidade,37,https://moovitapp.com/index/pt-br/transporte_p%C3%BAblico-line-37-Sao_Paulo-242-851856-596010-0,5.75,-23.63581,-46.719123499999995,,,,1,2023-06-15T16:48:43+00:00
SAO_609F-10,São Paulo,3550308,True,BR7 Mobilidade,37,https://moovitapp.com/index/pt-br/transporte_p%C3%BAblico-line-37-Sao_Paulo-242-851856-596010-0,5.75,-23.581966,-46.68505975,,,,1,2023-06-15T16:48:47+00:00
SAO_609F-10,São Paulo,3550308,True,BR7 Mobilidade,37,https://moovitapp.com/index/pt-br/transporte_p%C3%BAblico-line-37-Sao_Paulo-242-851856-596010-0,5.75,-23.645156999999998,-46.729875,,,,1,2023-06-15T16:48:41+00:00
SAO_609F-10,São Paulo,3550308,True,BR7 Mobilidade,37,https://moovitapp.com/index/pt-br/transporte_p%C3%BAblico-line-37-Sao_Paulo-242-851856-596010-0,5.75,-23.604451,-46.69621175,,,,1,2023-06-15T16:48:20+00:00
SAO_609F-10,São Paulo,3550308,True,BR7 Mobilidade,37,https://moovitapp.com/index/pt-br/transporte_p%C3%BAblico-line-37-Sao_Paulo-242-851856-596010-0,5.75,-23.6612605,-46.748577,,,,1,2023-06-15T16:48:33+00:00
SAO_609F-10,São Paulo,3550308,True,BR7 Mobilidade,37,https://moovitapp.com/index/pt-br/transporte_p%C3%BAblico-line-37-Sao_Paulo-242-851856-596010-0,5.75,-23.6680755,-46.748797,,,,1,2023-06-15T16:48:18+00:00
SAO_263C-10,São Paulo,3550308,True,EMTU,252,https://moovitapp.com/index/pt-br/transporte_p%C3%BAblico-line-252-Sao_Paulo-242-2038937-36419363-0,6.8,-23.53939075,-46.4398695,,,,1,2023-06-15T16:46:31+00:00
SAO_263C-10,São Paulo,3550308,True,EMTU,252,https://moovitapp.com/index/pt-br/transporte_p%C3%BAblico-line-252-Sao_Paulo-242-2038937-36419363-0,6.8,-23.53967,-46.439659,,,,1,2023-06-15T16:47:13+00:00
SAO_263C-10,São Paulo,3550308,True,EMTU,252,https://moovitapp.com/index/pt-br/transporte_p%C3%BAblico-line-252-Sao_Paulo-242-2038937-36419363-0,6.8,-23.53939075,-46.4398695,,,,1,2023-06-15T16:43:13+00:00
SAO_263C-10,São Paulo,3550308,True,EMTU,252,https://moovitapp.com/index/pt-br/transporte_p%C3%BAblico-line-252-Sao_Paulo-242-2038937-36419363-0,6.8,-23.484683500000003,-46.428329125,,,,1,2023-06-15T16:48:33+00:00
SAO_263C-10,São Paulo,3550308,True,EMTU,252,https://moovitapp.com/index/pt-br/transporte_p%C3%BAblico-line-252-Sao_Paulo-242-2038937-36419363-0,6.8,-23.506110999999997,-46.415253,,,,1,2023-06-15T16:48:25+00:00
SAO_263C-10,São Paulo,3550308,True,EMTU,252,https://moovitapp.com/index/pt-br/transporte_p%C3%BAblico-line-252-Sao_Paulo-242-2038937-36419363-0,6.8,-23.53967,-46.439659,,,,1,2023-06-15T16:47:38+00:00
SAO_3732-10,São Paulo,3550308,True,,33797,,,-23.555141499999998,-46.444692,,,,2,2023-06-15T16:48:06+00:00
SAO_3732-10,São Paulo,3550308,True,,33797,,,-23.542998,-46.4711105,,,,2,2023-06-15T16:48:03+00:00
SAO_3732-10,São Paulo,3550308,True,,33797,,,-23.5406595,-46.451032,,,,2,2023-06-15T16:48:33+00:00
SAO_3732-10,São Paulo,3550308,True,,33797,,,-23.539653,-46.431492000000006,,,,2,2023-06-15T16:48:31+00:00
SAO_3732-10,São Paulo,3550308,True,,33797,,,-23.543668000000004,-46.43458,,,,2,2023-06-15T16:48:35+00:00
SAO_917M-10,São Paulo,3550308,True,,1366,,,-23.493143,-46.6965835,,,,1,2023-06-15T16:48:17+00:00
SAO_917M-10,São Paulo,3550308,True,,1366,,,-23.5156395,-46.6668855,,,,1,2023-06-15T16:48:25+00:00
SAO_917M-10,São Paulo,3550308,True,,1366,,,-23.471259500000002,-46.706211499999995,,,,1,2023-06-15T16:48:20+00:00
SAO_917M-10,São Paulo,3550308,True,,1366,,,-23.471259500000002,-46.706211499999995,,,,1,2023-06-15T16:48:24+00:00
SAO_917M-10,São Paulo,3550308,True,,1366,,,-23.471259500000002,-46.706211499999995,,,,1,2023-06-15T16:48:15+00:00
SAO_917M-10,São Paulo,3550308,True,,1366,,,-23.555668999999998,-46.66729625,,,,1,2023-06-15T16:48:04+00:00
SAO_917M-10,São Paulo,3550308,True,,1366,,,-23.569720375,-46.646419375,,,,1,2023-06-15T16:48:27+00:00
SAO_6030-10,São Paulo,3550308,True,,33910,,,-23.702490625,-46.701837375,,,,2,2023-06-15T16:48:29+00:00
SAO_6030-10,São Paulo,3550308,True,,33910,,,-23.7093575,-46.699754999999996,,,,2,2023-06-15T16:48:34+00:00
SAO_6030-10,São Paulo,3550308,True,,33910,,,-23.653945999999998,-46.711372,,,,2,2023-06-15T16:48:12+00:00
SAO_6030-10,São Paulo,3550308,True,,33910,,,-23.741073,-46.707885000000005,,,,2,2023-06-15T16:48:45+00:00
SAO_6030-10,São Paulo,3550308,True,,33910,,,-23.730880250000002,-46.707578749999996,,,,2,2023-06-15T16:48:26+00:00
SAO_6030-10,São Paulo,3550308,True,,33910,,,-23.740834,-46.707463000000004,,,,2,2023-06-15T16:48:42+00:00
SAO_6030-10,São Paulo,3550308,True,,33910,,,-23.7322935,-46.706695999999994,,,,2,2023-06-15T16:48:33+00:00
SAO_6030-10,São Paulo,3550308,True,,33910,,,-23.663784,-46.709501,,,,2,2023-06-15T16:48:37+00:00
SAO_6030-10,São Paulo,3550308,True,,33910,,,-23.661725,-46.7062455,,,,2,2023-06-15T16:48:42+00:00
SAO_3735-41,São Paulo,3550308,True,,1920,,,-23.5497695,-46.4928965,,,,1,2023-06-15T16:48:44+00:00
SAO_857R-10,São Paulo,3550308,True,,34660,,,-23.5703665,-46.645350875000005,,,,2,2023-06-15T16:48:42+00:00
SAO_857R-10,São Paulo,3550308,True,,34660,,,-23.6305435,-46.773462499999994,,,,2,2023-06-15T16:48:38+00:00
SAO_857R-10,São Paulo,3550308,True,,34660,,,-23.631508,-46.7726,,,,2,2023-06-15T16:48:42+00:00
SAO_857R-10,São Paulo,3550308,True,,34660,,,-23.580540499999998,-46.711329750000004,,,,2,2023-06-15T16:48:34+00:00
SAO_857R-10,São Paulo,3550308,True,,34660,,,-23.55769425,-46.6674515,,,,2,2023-06-15T16:48:43+00:00
SAO_857R-10,São Paulo,3550308,True,,34660,,,-23.606891124999997,-46.750417625,,,,2,2023-06-15T16:48:13+00:00
SAO_1023-10,São Paulo,3550308,True,,35327,,,-23.476845,-46.7428625,,,,2,2023-06-15T16:48:25+00:00
SAO_938P-10,São Paulo,3550308,True,,33656,,,-23.462844,-46.6814335,,,,2,2023-06-15T16:48:01+00:00
SAO_938P-10,São Paulo,3550308,True,,33656,,,-23.462844,-46.6814335,,,,2,2023-06-15T16:48:06+00:00
SAO_938P-10,São Paulo,3550308,True,,33656,,,-23.50225575,-46.686184499999996,,,,2,2023-06-15T16:48:09+00:00
SAO_938P-10,São Paulo,3550308,True,,33656,,,-23.46852475,-46.68000275,,,,2,2023-06-15T16:48:28+00:00
SAO_938P-10,São Paulo,3550308,True,,33656,,,-23.526288,-46.667267499999994,,,,2,2023-06-15T16:48:20+00:00
SAO_938P-10,São Paulo,3550308,True,,33656,,,-23.462844,-46.6814335,,,,2,2023-06-15T16:48:19+00:00
SAO_809U-10,São Paulo,3550308,True,,35022,,,-23.5611355,-46.72562275,,,,2,2023-06-15T16:48:20+00:00
SAO_809U-10,São Paulo,3550308,True,,35022,,,-23.5529145,-46.7319765,,,,2,2023-06-15T16:48:37+00:00
SAO_3761-10,São Paulo,3550308,True,,1051,,,-23.577084,-46.500837,,,,1,2023-06-15T16:48:09+00:00
SAO_3761-10,São Paulo,3550308,True,,1051,,,-23.618599,-46.4234555,,,,1,2023-06-15T16:48:31+00:00
SAO_3761-10,São Paulo,3550308,True,,1051,,,-23.5999645,-46.4700005,,,,1,2023-06-15T16:48:32+00:00
SAO_3761-10,São Paulo,3550308,True,,1051,,,-23.537936375,-46.563649125,,,,1,2023-06-15T16:48:46+00:00
SAO_3761-10,São Paulo,3550308,True,,1051,,,-23.54842925,-46.525041,,,,1,2023-06-15T16:48:21+00:00
SAO_2175-10,São Paulo,3550308,True,,33465,,,-23.486491,-46.572528500000004,,,,2,2023-06-15T16:48:38+00:00
SAO_2175-10,São Paulo,3550308,True,,33465,,,-23.538322625,-46.59894625,,,,2,2023-06-15T16:48:09+00:00
SAO_2175-10,São Paulo,3550308,True,,33465,,,-23.474255499999998,-46.56712,,,,2,2023-06-15T16:48:23+00:00
SAO_8319-10,São Paulo,3550308,True,,33244,,,-23.5227365,-46.701160625,,,,2,2023-06-15T16:48:38+00:00
SAO_8319-10,São Paulo,3550308,True,,33244,,,-23.53707225,-46.72250775,,,,2,2023-06-15T16:48:42+00:00
SAO_8319-10,São Paulo,3550308,True,,33244,,,-23.546825,-46.7609525,,,,2,2023-06-15T16:48:36+00:00
SAO_8319-10,São Paulo,3550308,True,,33244,,,-23.546459499999997,-46.7612825,,,,2,2023-06-15T16:48:17+00:00
SAO_8319-10,São Paulo,3550308,True,,33244,,,-23.546825,-46.7609525,,,,2,2023-06-15T16:48:41+00:00
SAO_7013-10,São Paulo,3550308,True,,775,,,-23.6311065,-46.75774425,,,,1,2023-06-15T16:48:21+00:00
SAO_7013-10,São Paulo,3550308,True,,775,,,-23.5962785,-46.746238000000005,,,,1,2023-06-15T16:48:20+00:00
SAO_7013-10,São Paulo,3550308,True,,775,,,-23.639982,-46.749115,,,,1,2023-06-15T16:48:23+00:00
SAO_9789-10,São Paulo,3550308,True,,33597,,,-23.522572250000003,-46.66452174999999,,,,2,2023-06-15T16:48:44+00:00
SAO_9789-10,São Paulo,3550308,True,,33597,,,-23.4808705,-46.6918365,,,,2,2023-06-15T16:48:19+00:00
SAO_9789-10,São Paulo,3550308,True,,33597,,,-23.461630999999997,-46.707753,,,,2,2023-06-15T16:48:26+00:00
SAO_669A-10,São Paulo,3550308,True,,32772,,,-23.6431665,-46.700297250000006,,,,2,2023-06-15T16:48:18+00:00
SAO_669A-10,São Paulo,3550308,True,,32772,,,-23.53497825,-46.64421025,,,,2,2023-06-15T16:48:39+00:00
SAO_669A-10,São Paulo,3550308,True,,32772,,,-23.5478265,-46.648968499999995,,,,2,2023-06-15T16:48:45+00:00
SAO_669A-10,São Paulo,3550308,True,,32772,,,-23.640843,-46.6985765,,,,2,2023-06-15T16:48:47+00:00
SAO_669A-10,São Paulo,3550308,True,,32772,,,-23.562005,-46.655936499999996,,,,2,2023-06-15T16:48:39+00:00
SAO_669A-10,São Paulo,3550308,True,,32772,,,-23.58729175,-46.67156075,,,,2,2023-06-15T16:48:36+00:00
SAO_669A-10,São Paulo,3550308,True,,32772,,,-23.589437750000002,-46.67222375,,,,2,2023-06-15T16:48:31+00:00
SAO_6035-21,São Paulo,3550308,True,,34563,,,-23.668568999999998,-46.7352145,,,,2,2023-06-15T16:48:03+00:00
SAO_6035-21,São Paulo,3550308,True,,34563,,,-23.688343500000002,-46.757964,,,,2,2023-06-15T16:48:18+00:00
SAO_6056-10,São Paulo,3550308,True,,33915,,,-23.7632185,-46.697809,,,,2,2023-06-15T16:48:03+00:00
SAO_6056-10,São Paulo,3550308,True,,33915,,,-23.7632185,-46.697809,,,,2,2023-06-15T16:48:23+00:00
SAO_6056-10,São Paulo,3550308,True,,33915,,,-23.759853,-46.71001,,,,2,2023-06-15T16:48:20+00:00
SAO_6056-10,São Paulo,3550308,True,,33915,,,-23.763256499999997,-46.697663,,,,2,2023-06-15T16:48:39+00:00
SAO_6056-10,São Paulo,3550308,True,,33915,,,-23.7660465,-46.702357750000004,,,,2,2023-06-15T16:48:43+00:00
SAO_6056-10,São Paulo,3550308,True,,33915,,,-23.737090000000002,-46.697100000000006,,,,2,2023-06-15T16:48:16+00:00
SAO_6059-10,São Paulo,3550308,True,,33994,,,-23.6802975,-46.743245,,,,2,2023-06-15T16:48:17+00:00
SAO_6059-10,São Paulo,3550308,True,,33994,,,-23.6394575,-46.7117265,,,,2,2023-06-15T16:48:45+00:00
SAO_6059-10,São Paulo,3550308,True,,33994,,,-23.6377855,-46.716696999999996,,,,2,2023-06-15T16:48:09+00:00
SAO_6059-10,São Paulo,3550308,True,,33994,,,-23.652333,-46.733948999999996,,,,2,2023-06-15T16:48:40+00:00
SAO_6059-10,São Paulo,3550308,True,,33994,,,-23.680342,-46.743466,,,,2,2023-06-15T16:48:29+00:00
SAO_8300-1,São Paulo,3550308,True,,35275,,,-23.520215999999998,-46.700196000000005,,,,2,2023-06-15T16:48:10+00:00
SAO_6035-10,São Paulo,3550308,True,,1213,,,-23.6848355,-46.7700415,,,,1,2023-06-15T16:48:15+00:00
SAO_6035-10,São Paulo,3550308,True,,1213,,,-23.6677405,-46.73030275,,,,1,2023-06-15T16:48:25+00:00
SAO_6035-10,São Paulo,3550308,True,,1213,,,-23.69138175,-46.77535775,,,,1,2023-06-15T16:48:25+00:00
SAO_6035-10,São Paulo,3550308,True,,1213,,,-23.6671635,-46.725606,,,,1,2023-06-15T16:48:38+00:00
SAO_6035-10,São Paulo,3550308,True,,1213,,,-23.714502,-46.7744585,,,,1,2023-06-15T16:48:31+00:00
SAO_6035-10,São Paulo,3550308,True,,1213,,,-23.7276515,-46.7608515,,,,1,2023-06-15T16:48:34+00:00
SAO_6035-10,São Paulo,3550308,True,,1213,,,-23.6499838125,-46.7040510625,,,,1,2023-06-15T16:48:20+00:00
SAO_6035-10,São Paulo,3550308,True,,1213,,,-23.66649675,-46.7191605,,,,1,2023-06-15T16:48:06+00:00
SAO_6035-10,São Paulo,3550308,True,,1213,,,-23.6756625,-46.748854,,,,1,2023-06-15T16:48:07+00:00
SAO_6093-10,São Paulo,3550308,True,,1585,,,-23.7364225,-46.6969615,,,,1,2023-06-15T16:48:36+00:00
SAO_6093-10,São Paulo,3550308,True,,1585,,,-23.81769525,-46.734309624999995,,,,1,2023-06-15T16:48:44+00:00
SAO_6093-10,São Paulo,3550308,True,,1585,,,-23.7745795,-46.721787000000006,,,,1,2023-06-15T16:48:32+00:00
SAO_6093-10,São Paulo,3550308,True,,1585,,,-23.747792,-46.708254499999995,,,,1,2023-06-15T16:48:27+00:00
SAO_6093-10,São Paulo,3550308,True,,1585,,,-23.736596499999997,-46.6971045,,,,1,2023-06-15T16:48:21+00:00
SAO_6093-10,São Paulo,3550308,True,,1585,,,-23.826907,-46.7317605,,,,1,2023-06-15T16:48:38+00:00
SAO_6093-10,São Paulo,3550308,True,,1585,,,-23.804336,-46.735369000000006,,,,1,2023-06-15T16:48:46+00:00
SAO_1787-10,São Paulo,3550308,True,,33418,,,-23.4581725,-46.6193235,,,,2,2023-06-15T16:48:35+00:00
SAO_1787-10,São Paulo,3550308,True,,33418,,,-23.4934365,-46.6230665,,,,2,2023-06-15T16:47:07+00:00
SAO_5757-10,São Paulo,3550308,True,,1288,,,-23.64654725,-46.64174575,,,,1,2023-06-15T16:48:25+00:00
SAO_5757-10,São Paulo,3550308,True,,1288,,,-23.66013975,-46.64419475,,,,1,2023-06-15T16:48:14+00:00
SAO_5757-10,São Paulo,3550308,True,,1288,,,-23.6907885,-46.638878000000005,,,,1,2023-06-15T16:48:13+00:00
SAO_5757-10,São Paulo,3550308,True,,1288,,,-23.6907885,-46.638878000000005,,,,1,2023-06-15T16:48:07+00:00
SAO_5757-10,São Paulo,3550308,True,,1288,,,-23.6907885,-46.638878000000005,,,,1,2023-06-15T16:48:27+00:00
SAO_5757-10,São Paulo,3550308,True,,1288,,,-23.6849845,-46.633231,,,,1,2023-06-15T16:48:22+00:00
SAO_8029-10,São Paulo,3550308,True,,2540,,,-23.607549,-46.725491000000005,,,,1,2023-06-15T16:48:28+00:00
SAO_8029-10,São Paulo,3550308,True,,2540,,,-23.61693275,-46.7371175,,,,1,2023-06-15T16:48:16+00:00
SAO_8029-10,São Paulo,3550308,True,,2540,,,-23.587162874999997,-46.7239195,,,,1,2023-06-15T16:48:30+00:00
SAO_8528-10,São Paulo,3550308,True,,575,,,-23.518904,-46.6765535,,,,1,2023-06-15T16:48:41+00:00
SAO_8528-10,São Paulo,3550308,True,,575,,,-23.461451,-46.689819,,,,1,2023-06-15T16:48:05+00:00
SAO_8528-10,São Paulo,3550308,True,,575,,,-23.5219605,-46.6643335,,,,1,2023-06-15T16:48:38+00:00
SAO_8528-10,São Paulo,3550308,True,,575,,,-23.461451,-46.689819,,,,1,2023-06-15T16:48:09+00:00
SAO_8528-10,São Paulo,3550308,True,,575,,,-23.4597865,-46.699033,,,,1,2023-06-15T16:47:59+00:00
SAO_8528-10,São Paulo,3550308,True,,575,,,-23.542927,-46.6365225,,,,1,2023-06-15T16:48:23+00:00
SAO_7281-10,São Paulo,3550308,True,,34102,,,-23.528991250000004,-46.7042845,,,,2,2023-06-15T16:48:27+00:00
SAO_7281-10,São Paulo,3550308,True,,34102,,,-23.5547845,-46.66439,,,,2,2023-06-15T16:48:18+00:00
SAO_7281-10,São Paulo,3550308,True,,34102,,,-23.5216575,-46.7021335,,,,2,2023-06-15T16:48:12+00:00
SAO_7281-10,São Paulo,3550308,True,,34102,,,-23.5216575,-46.7021335,,,,2,2023-06-15T16:48:03+00:00
SAO_7281-10,São Paulo,3550308,True,,34102,,,-23.521652,-46.702393,,,,2,2023-06-15T16:48:40+00:00
SAO_314J-10,São Paulo,3550308,True,,33078,,,-23.6058145,-46.521424249999995,,,,2,2023-06-15T16:48:22+00:00
SAO_314J-10,São Paulo,3550308,True,,33078,,,-23.6141885,-46.517275999999995,,,,2,2023-06-15T16:47:44+00:00
SAO_314J-10,São Paulo,3550308,True,,33078,,,-23.60819,-46.510558,,,,2,2023-06-15T16:43:50+00:00
SAO_314J-10,São Paulo,3550308,True,,33078,,,-23.5889285,-46.585804499999995,,,,2,2023-06-15T16:48:14+00:00
SAO_314J-10,São Paulo,3550308,True,,33078,,,-23.6139655,-46.517572,,,,2,2023-06-15T16:44:52+00:00
SAO_314J-10,São Paulo,3550308,True,,33078,,,-23.561591,-46.6289165,,,,2,2023-06-15T16:48:35+00:00
SAO_930P-10,São Paulo,3550308,True,,2115,,,-23.56534875,-46.69745825,,,,1,2023-06-15T16:48:16+00:00
SAO_930P-10,São Paulo,3550308,True,,2115,,,-23.5656375,-46.694454,,,,1,2023-06-15T16:48:26+00:00
SAO_930P-10,São Paulo,3550308,True,,2115,,,-23.568687875000002,-46.67124625,,,,1,2023-06-15T16:48:17+00:00
SAO_930P-10,São Paulo,3550308,True,,2115,,,-23.544365250000002,-46.64279474999999,,,,1,2023-06-15T16:48:23+00:00
SAO_3729-10,São Paulo,3550308,True,,33794,,,-23.538428500000002,-46.563574,,,,2,2023-06-15T16:48:29+00:00
SAO_3729-10,São Paulo,3550308,True,,33794,,,-23.582959000000002,-46.519071749999995,,,,2,2023-06-15T16:48:05+00:00
SAO_3729-10,São Paulo,3550308,True,,33794,,,-23.564308,-46.5048635,,,,2,2023-06-15T16:48:12+00:00
SAO_3729-10,São Paulo,3550308,True,,33794,,,-23.551105999999997,-46.562325,,,,2,2023-06-15T16:47:23+00:00
SAO_3729-10,São Paulo,3550308,True,,33794,,,-23.564532999999997,-46.5048475,,,,2,2023-06-15T16:48:12+00:00
SAO_3729-10,São Paulo,3550308,True,,33794,,,-23.5648995,-46.506302500000004,,,,2,2023-06-15T16:48:12+00:00
SAO_3729-10,São Paulo,3550308,True,,33794,,,-23.538428500000002,-46.563574,,,,2,2023-06-15T16:48:43+00:00
SAO_3729-10,São Paulo,3550308,True,,33794,,,-23.56468325,-46.50561075,,,,2,2023-06-15T16:48:43+00:00
SAO_3729-10,São Paulo,3550308,True,,33794,,,-23.564311500000002,-46.5047835,,,,2,2023-06-15T16:48:09+00:00
SAO_3729-10,São Paulo,3550308,True,,33794,,,-23.5849375,-46.523821,,,,2,2023-06-15T16:48:24+00:00
SAO_3729-10,São Paulo,3550308,True,,33794,,,-23.566091375,-46.544632875,,,,2,2023-06-15T16:48:34+00:00
SAO_1012-10,São Paulo,3550308,True,,2486,,,-23.430424,-46.8004315,,,,1,2023-06-15T16:48:39+00:00
SAO_1012-10,São Paulo,3550308,True,,2486,,,-23.442500000000003,-46.80528475,,,,1,2023-06-15T16:48:36+00:00
SAO_8015-10,São Paulo,3550308,True,,34113,,,-23.404953,-46.744240250000004,,,,2,2023-06-15T16:48:19+00:00
SAO_8015-10,São Paulo,3550308,True,,34113,,,-23.445055125000003,-46.717170875,,,,2,2023-06-15T16:48:10+00:00
SAO_8015-10,São Paulo,3550308,True,,34113,,,-23.388557499999997,-46.735341500000004,,,,2,2023-06-15T16:48:47+00:00
SAO_8015-10,São Paulo,3550308,True,,34113,,,-23.389069499999998,-46.734939,,,,2,2023-06-15T16:48:19+00:00
SAO_8015-10,São Paulo,3550308,True,,34113,,,-23.388716000000002,-46.7352665,,,,2,2023-06-15T16:48:14+00:00
SAO_8015-10,São Paulo,3550308,True,,34113,,,-23.4607715,-46.715323,,,,2,2023-06-15T16:48:45+00:00
SAO_8015-10,São Paulo,3550308,True,,34113,,,-23.4821255,-46.718467000000004,,,,2,2023-06-15T16:48:42+00:00
SAO_8015-10,São Paulo,3550308,True,,34113,,,-23.388901,-46.735036,,,,2,2023-06-15T16:48:14+00:00
SAO_8015-10,São Paulo,3550308,True,,34113,,,-23.388998,-46.73495,,,,2,2023-06-15T16:48:07+00:00
SAO_121G-10,São Paulo,3550308,True,,33459,,,-23.513302125,-46.571342875,,,,2,2023-06-15T16:48:42+00:00
SAO_121G-10,São Paulo,3550308,True,,33459,,,-23.491342250000002,-46.574462,,,,2,2023-06-15T16:48:44+00:00
SAO_121G-10,São Paulo,3550308,True,,33459,,,-23.482101,-46.5907475,,,,2,2023-06-15T16:48:21+00:00
SAO_121G-10,São Paulo,3550308,True,,33459,,,-23.491342250000002,-46.574462,,,,2,2023-06-15T16:48:37+00:00
SAO_121G-10,São Paulo,3550308,True,,33459,,,-23.4810685,-46.603014,,,,2,2023-06-15T16:48:24+00:00
SAO_121G-10,São Paulo,3550308,True,,33459,,,-23.4810685,-46.603014,,,,2,2023-06-15T16:48:22+00:00
SAO_6835-31,São Paulo,3550308,True,,34175,,,-23.694102,-46.79505075,,,,2,2023-06-15T16:48:39+00:00
SAO_6835-31,São Paulo,3550308,True,,34175,,,-23.6884105,-46.800267500000004,,,,2,2023-06-15T16:48:39+00:00
SAO_6835-31,São Paulo,3550308,True,,34175,,,-23.667064,-46.772805000000005,,,,2,2023-06-15T16:48:40+00:00
SAO_1743-10,São Paulo,3550308,True,EMTU,543,https://moovitapp.com/index/pt-br/transporte_p%C3%BAblico-line-543-Sao_Paulo-242-2038937-36419552-0,5.15,-23.522855,-46.623938,,,,1,2023-06-15T16:48:40+00:00
SAO_1743-10,São Paulo,3550308,True,EMTU,543,https://moovitapp.com/index/pt-br/transporte_p%C3%BAblico-line-543-Sao_Paulo-242-2038937-36419552-0,5.15,-23.4875005,-46.638571999999996,,,,1,2023-06-15T16:48:11+00:00
SAO_1743-10,São Paulo,3550308,True,EMTU,543,https://moovitapp.com/index/pt-br/transporte_p%C3%BAblico-line-543-Sao_Paulo-242-2038937-36419552-0,5.15,-23.455666,-46.6677895,,,,1,2023-06-15T16:48:37+00:00
SAO_1743-10,São Paulo,3550308,True,EMTU,543,https://moovitapp.com/index/pt-br/transporte_p%C3%BAblico-line-543-Sao_Paulo-242-2038937-36419552-0,5.15,-23.455666,-46.6677895,,,,1,2023-06-15T16:48:03+00:00
SAO_1743-10,São Paulo,3550308,True,EMTU,543,https://moovitapp.com/index/pt-br/transporte_p%C3%BAblico-line-543-Sao_Paulo-242-2038937-36419552-0,5.15,-23.455666,-46.6677895,,,,1,2023-06-15T16:48:43+00:00
SAO_6051-10,São Paulo,3550308,True,,33911,,,-23.762576000000003,-46.689004,,,,2,2023-06-15T16:48:03+00:00
SAO_6051-10,São Paulo,3550308,True,,33911,,,-23.7621455,-46.689133,,,,2,2023-06-15T16:48:12+00:00
SAO_6051-10,São Paulo,3550308,True,,33911,,,-23.7636685,-46.6919905,,,,2,2023-06-15T16:48:37+00:00
SAO_746V-10,São Paulo,3550308,True,,33560,,,-23.618444,-46.75847875,,,,2,2023-06-15T16:48:11+00:00
SAO_746V-10,São Paulo,3550308,True,,33560,,,-23.6242965,-46.749347,,,,2,2023-06-15T16:48:03+00:00
SAO_746V-10,São Paulo,3550308,True,,33560,,,-23.62274625,-46.754206999999994,,,,2,2023-06-15T16:48:16+00:00
SAO_746V-10,São Paulo,3550308,True,,33560,,,-23.62274625,-46.754206999999994,,,,2,2023-06-15T16:48:18+00:00
SAO_746V-10,São Paulo,3550308,True,,33560,,,-23.62296475,-46.753889,,,,2,2023-06-15T16:48:20+00:00
SAO_746V-10,São Paulo,3550308,True,,33560,,,-23.62274625,-46.754206999999994,,,,2,2023-06-15T16:48:16+00:00
SAO_746V-10,São Paulo,3550308,True,,33560,,,-23.62904,-46.768864,,,,2,2023-06-15T16:48:08+00:00
SAO_6422-10,São Paulo,3550308,True,EMTU,361,https://moovitapp.com/index/pt-br/transporte_p%C3%BAblico-line-361-Sao_Paulo-242-2038937-36419442-0,7.9,-23.5985795,-46.673832000000004,,,,1,2023-06-15T16:48:47+00:00
SAO_6422-10,São Paulo,3550308,True,EMTU,361,https://moovitapp.com/index/pt-br/transporte_p%C3%BAblico-line-361-Sao_Paulo-242-2038937-36419442-0,7.9,-23.5500985,-46.639879,,,,1,2023-06-15T16:48:19+00:00
SAO_6422-10,São Paulo,3550308,True,EMTU,361,https://moovitapp.com/index/pt-br/transporte_p%C3%BAblico-line-361-Sao_Paulo-242-2038937-36419442-0,7.9,-23.641443000000002,-46.717309,,,,1,2023-06-15T16:48:17+00:00
SAO_6093-10,São Paulo,3550308,True,,34353,,,-23.856963,-46.71548175,,,,2,2023-06-15T16:44:53+00:00
SAO_6093-10,São Paulo,3550308,True,,34353,,,-23.8036885,-46.7348355,,,,2,2023-06-15T16:48:47+00:00
SAO_6093-10,São Paulo,3550308,True,,34353,,,-23.7929365,-46.7285595,,,,2,2023-06-15T16:48:11+00:00
SAO_6093-10,São Paulo,3550308,True,,34353,,,-23.7505585,-46.7104225,,,,2,2023-06-15T16:48:31+00:00
SAO_6093-10,São Paulo,3550308,True,,34353,,,-23.8470695,-46.7158735,,,,2,2023-06-15T16:48:08+00:00
SAO_647A-10,São Paulo,3550308,True,,34083,,,-23.6492015,-46.759255499999995,,,,2,2023-06-15T16:48:05+00:00
SAO_647A-10,São Paulo,3550308,True,,34083,,,-23.601338124999998,-46.72389575,,,,2,2023-06-15T16:48:23+00:00
SAO_647A-10,São Paulo,3550308,True,,34083,,,-23.6786095,-46.784029000000004,,,,2,2023-06-15T16:48:22+00:00
SAO_647A-10,São Paulo,3550308,True,,34083,,,-23.5729335,-46.6897095,,,,2,2023-06-15T16:48:14+00:00
SAO_647A-10,São Paulo,3550308,True,,34083,,,-23.67560075,-46.783419,,,,2,2023-06-15T16:48:25+00:00
SAO_647A-10,São Paulo,3550308,True,,34083,,,-23.586575,-46.690133,,,,2,2023-06-15T16:48:15+00:00
SAO_647A-10,São Paulo,3550308,True,,34083,,,-23.674275,-46.783679,,,,2,2023-06-15T16:48:45+00:00
SAO_9019-10,São Paulo,3550308,True,,34201,,,-23.45509475,-46.7101755,,,,2,2023-06-15T16:48:20+00:00
SAO_9019-10,São Paulo,3550308,True,,34201,,,-23.455471,-46.7106615,,,,2,2023-06-15T16:48:40+00:00
SAO_9019-10,São Paulo,3550308,True,,34201,,,-23.465460999999998,-46.7146105,,,,2,2023-06-15T16:48:39+00:00
SAO_9019-10,São Paulo,3550308,True,,34201,,,-23.483690000000003,-46.722528,,,,2,2023-06-15T16:48:34+00:00
SAO_3796-10,São Paulo,3550308,True,,33842,,,-23.58850475,-46.446376125,,,,2,2023-06-15T16:48:24+00:00
SAO_3796-10,São Paulo,3550308,True,,33842,,,-23.565182,-46.4677285,,,,2,2023-06-15T16:48:27+00:00
SAO_3796-10,São Paulo,3550308,True,,33842,,,-23.58877925,-46.446368875,,,,2,2023-06-15T16:48:26+00:00
SAO_3796-10,São Paulo,3550308,True,,33842,,,-23.587647,-46.446856499999996,,,,2,2023-06-15T16:47:20+00:00
SAO_3796-10,São Paulo,3550308,True,,33842,,,-23.542998,-46.4711105,,,,2,2023-06-15T16:48:12+00:00
SAO_5013-31,São Paulo,3550308,True,,2236,,,-23.68506,-46.64536,,,,1,2023-06-15T16:46:25+00:00
SAO_5013-31,São Paulo,3550308,True,,2236,,,-23.6824915,-46.651863500000005,,,,1,2023-06-15T16:47:24+00:00
SAO_2009-10,São Paulo,3550308,True,,898,,,-23.5392185,-46.40893525,,,,1,2023-06-15T16:47:37+00:00
SAO_2009-10,São Paulo,3550308,True,,898,,,-23.51011925,-46.4138765,,,,1,2023-06-15T16:47:32+00:00
SAO_2009-10,São Paulo,3550308,True,,898,,,-23.527684,-46.4178605,,,,1,2023-06-15T16:47:59+00:00
SAO_2009-10,São Paulo,3550308,True,,898,,,-23.5099475,-46.413949,,,,1,2023-06-15T16:48:19+00:00
SAO_2009-10,São Paulo,3550308,True,,898,,,-23.5099475,-46.413949,,,,1,2023-06-15T16:48:19+00:00
SAO_2060-10,São Paulo,3550308,True,,32902,,,-23.5384885,-46.47931125,,,,2,2023-06-15T16:45:54+00:00
SAO_2060-10,São Paulo,3550308,True,,32902,,,-23.518619375,-46.475986625,,,,2,2023-06-15T16:48:28+00:00
SAO_2060-10,São Paulo,3550308,True,,32902,,,-23.518619375,-46.475986625,,,,2,2023-06-15T16:48:10+00:00
SAO_2008-10,São Paulo,3550308,True,,897,,,-23.513456125,-46.39201975,,,,1,2023-06-15T16:48:10+00:00
SAO_2008-10,São Paulo,3550308,True,,897,,,-23.499641,-46.39929600000001,,,,1,2023-06-15T16:48:16+00:00
SAO_2008-10,São Paulo,3550308,True,,897,,,-23.521084000000002,-46.3870275,,,,1,2023-06-15T16:48:24+00:00
SAO_2008-10,São Paulo,3550308,True,,897,,,-23.494194,-46.400918,,,,1,2023-06-15T16:48:38+00:00
SAO_2008-10,São Paulo,3550308,True,,897,,,-23.521084000000002,-46.3870275,,,,1,2023-06-15T16:48:25+00:00
SAO_701A-10,São Paulo,3550308,True,,33457,,,-23.532046875,-46.601594375,,,,2,2023-06-15T16:48:11+00:00
SAO_701A-10,São Paulo,3550308,True,,33457,,,-23.4970645,-46.586873499999996,,,,2,2023-06-15T16:48:41+00:00
SAO_701A-10,São Paulo,3550308,True,,33457,,,-23.5473125,-46.690042500000004,,,,2,2023-06-15T16:48:19+00:00
SAO_701A-10,São Paulo,3550308,True,,33457,,,-23.4737385,-46.565966,,,,2,2023-06-15T16:48:43+00:00
SAO_701A-10,São Paulo,3550308,True,,33457,,,-23.53116225,-46.60197575,,,,2,2023-06-15T16:48:45+00:00
SAO_701A-10,São Paulo,3550308,True,,33457,,,-23.513438750000002,-46.58576475,,,,2,2023-06-15T16:48:46+00:00
SAO_701A-10,São Paulo,3550308,True,,33457,,,-23.554392999999997,-46.670265,,,,2,2023-06-15T16:48:04+00:00
SAO_701A-10,São Paulo,3550308,True,,33457,,,-23.55430975,-46.691872125,,,,2,2023-06-15T16:48:32+00:00
SAO_701A-10,São Paulo,3550308,True,,33457,,,-23.5593425,-46.68047825,,,,2,2023-06-15T16:48:23+00:00
SAO_701A-10,São Paulo,3550308,True,,33457,,,-23.473947,-46.5664555,,,,2,2023-06-15T16:48:16+00:00
SAO_2726-10,São Paulo,3550308,True,Urubupungá,940,https://moovitapp.com/index/pt-br/transporte_p%C3%BAblico-line-940-Sao_Paulo-242-873835-496474-0,4.6,-23.508155000000002,-46.493489,,,,1,2023-06-15T16:48:24+00:00
SAO_2726-10,São Paulo,3550308,True,Urubupungá,940,https://moovitapp.com/index/pt-br/transporte_p%C3%BAblico-line-940-Sao_Paulo-242-873835-496474-0,4.6,-23.515029499999997,-46.468916500000006,,,,1,2023-06-15T16:48:41+00:00
SAO_2726-10,São Paulo,3550308,True,Urubupungá,940,https://moovitapp.com/index/pt-br/transporte_p%C3%BAblico-line-940-Sao_Paulo-242-873835-496474-0,4.6,-23.515363,-46.52040099999999,,,,1,2023-06-15T16:48:34+00:00
SAO_2726-10,São Paulo,3550308,True,Urubupungá,940,https://moovitapp.com/index/pt-br/transporte_p%C3%BAblico-line-940-Sao_Paulo-242-873835-496474-0,4.6,-23.531025125,-46.5456615,,,,1,2023-06-15T16:48:12+00:00
SAO_2726-10,São Paulo,3550308,True,Urubupungá,940,https://moovitapp.com/index/pt-br/transporte_p%C3%BAblico-line-940-Sao_Paulo-242-873835-496474-0,4.6,-23.517459000000002,-46.475209500000005,,,,1,2023-06-15T16:48:40+00:00
SAO_2726-10,São Paulo,3550308,True,Urubupungá,940,https://moovitapp.com/index/pt-br/transporte_p%C3%BAblico-line-940-Sao_Paulo-242-873835-496474-0,4.6,-23.521387500000003,-46.53974325,,,,1,2023-06-15T16:48:37+00:00
SAO_3051-10,São Paulo,3550308,True,,35214,,,-23.51294575,-46.46876675,,,,2,2023-06-15T16:48:43+00:00
SAO_3051-10,São Paulo,3550308,True,,35214,,,-23.502834999999997,-46.4714,,,,2,2023-06-15T16:45:40+00:00
SAO_737A-10,São Paulo,3550308,True,,34498,,,-23.689947,-46.7740025,,,,2,2023-06-15T16:48:13+00:00
SAO_737A-10,São Paulo,3550308,True,,34498,,,-23.6902125,-46.773815,,,,2,2023-06-15T16:48:14+00:00
SAO_737A-10,São Paulo,3550308,True,,34498,,,-23.6902125,-46.773815,,,,2,2023-06-15T16:48:23+00:00
SAO_737A-10,São Paulo,3550308,True,,34498,,,-23.6902125,-46.773815,,,,2,2023-06-15T16:48:40+00:00
SAO_737A-10,São Paulo,3550308,True,,34498,,,-23.6675885,-46.730721,,,,2,2023-06-15T16:48:25+00:00
SAO_737A-10,São Paulo,3550308,True,,34498,,,-23.655545,-46.707713999999996,,,,2,2023-06-15T16:48:16+00:00
SAO_737A-10,São Paulo,3550308,True,,34498,,,-23.6754855,-46.756651000000005,,,,2,2023-06-15T16:48:35+00:00
SAO_737A-10,São Paulo,3550308,True,,34498,,,-23.6901525,-46.774198999999996,,,,2,2023-06-15T16:48:13+00:00
SAO_971V-10,São Paulo,3550308,True,,619,,,-23.4919185,-46.6565065,,,,1,2023-06-15T16:48:24+00:00
SAO_971V-10,São Paulo,3550308,True,,619,,,-23.4773085,-46.6778855,,,,1,2023-06-15T16:47:07+00:00
SAO_971V-10,São Paulo,3550308,True,,619,,,-23.4862005,-46.6715365,,,,1,2023-06-15T16:48:21+00:00
SAO_971V-10,São Paulo,3550308,True,,619,,,-23.4517725,-46.690945,,,,1,2023-06-15T16:48:37+00:00
SAO_971V-10,São Paulo,3550308,True,,619,,,-23.46427375,-46.67911275,,,,1,2023-06-15T16:48:09+00:00
SAO_971V-10,São Paulo,3550308,True,,619,,,-23.51164275,-46.623363,,,,1,2023-06-15T16:48:17+00:00
SAO_3206-10,São Paulo,3550308,True,,34880,,,-23.5335155,-46.545899,,,,2,2023-06-15T16:48:12+00:00
SAO_675R-10,São Paulo,3550308,True,,109,,,-23.73782975,-46.685044500000004,,,,1,2023-06-15T16:48:43+00:00
SAO_675R-10,São Paulo,3550308,True,,109,,,-23.6424045,-46.6561205,,,,1,2023-06-15T16:48:17+00:00
SAO_7057-10,São Paulo,3550308,True,,1897,,,-23.6323625,-46.7722555,,,,1,2023-06-15T16:48:18+00:00
SAO_233C-10,São Paulo,3550308,True,,32923,,,-23.535437,-46.474902,,,,2,2023-06-15T16:48:33+00:00
SAO_233C-10,São Paulo,3550308,True,,32923,,,-23.560794,-46.521892,,,,2,2023-06-15T16:48:41+00:00
SAO_233C-10,São Paulo,3550308,True,,32923,,,-23.556613499999997,-46.559849,,,,2,2023-06-15T16:48:38+00:00
SAO_2100-10,São Paulo,3550308,True,,33481,,,-23.5587215,-46.522659000000004,,,,2,2023-06-15T16:48:46+00:00
SAO_2100-10,São Paulo,3550308,True,,33481,,,-23.5600605,-46.52151,,,,2,2023-06-15T16:48:41+00:00
SAO_2100-10,São Paulo,3550308,True,,33481,,,-23.5625445,-46.550304999999994,,,,2,2023-06-15T16:48:46+00:00
SAO_2100-10,São Paulo,3550308,True,,33481,,,-23.558199000000002,-46.522121,,,,2,2023-06-15T16:48:23+00:00
SAO_2100-10,São Paulo,3550308,True,,33481,,,-23.556488,-46.576483,,,,2,2023-06-15T16:48:22+00:00
SAO_2100-10,São Paulo,3550308,True,,33481,,,-23.561101,-46.564223,,,,2,2023-06-15T16:48:19+00:00
SAO_2100-10,São Paulo,3550308,True,,33481,,,-23.5459115,-46.621572,,,,2,2023-06-15T16:48:04+00:00
SAO_2100-10,São Paulo,3550308,True,,33481,,,-23.556169750000002,-46.576313500000005,,,,2,2023-06-15T16:48:18+00:00
SAO_2100-10,São Paulo,3550308,True,,33481,,,-23.5585995,-46.5228375,,,,2,2023-06-15T16:48:25+00:00
SAO_2100-10,São Paulo,3550308,True,,33481,,,-23.551519499999998,-46.6324345,,,,2,2023-06-15T16:48:34+00:00
SAO_2100-10,São Paulo,3550308,True,,33481,,,-23.558215,-46.5793415,,,,2,2023-06-15T16:48:14+00:00
SAO_2100-10,São Paulo,3550308,True,,33481,,,-23.567054,-46.543737,,,,2,2023-06-15T16:48:47+00:00
SAO_2100-10,São Paulo,3550308,True,,33481,,,-23.5517535,-46.632543999999996,,,,2,2023-06-15T16:48:13+00:00
SAO_2100-10,São Paulo,3550308,True,,33481,,,-23.5600605,-46.52151,,,,2,2023-06-15T16:48:09+00:00
SAO_2100-10,São Paulo,3550308,True,,33481,,,-23.557164999999998,-46.576854499999996,,,,2,2023-06-15T16:48:06+00:00
SAO_2100-10,São Paulo,3550308,True,,33481,,,-23.5629835,-46.552329,,,,2,2023-06-15T16:48:36+00:00
SAO_2100-10,São Paulo,3550308,True,,33481,,,-23.55678125,-46.57663875,,,,2,2023-06-15T16:48:43+00:00
SAO_2100-10,São Paulo,3550308,True,,33481,,,-23.559198,-46.52102825,,,,2,2023-06-15T16:48:31+00:00
SAO_2100-10,São Paulo,3550308,True,,33481,,,-23.55893475,-46.58930175,,,,2,2023-06-15T16:48:47+00:00
SAO_2100-10,São Paulo,3550308,True,,33481,,,-23.563380000000002,-46.5527845,,,,2,2023-06-15T16:48:36+00:00
SAO_5362-23,São Paulo,3550308,True,,34628,,,-23.745330000000003,-46.6654545,,,,2,2023-06-15T16:48:09+00:00
SAO_5362-23,São Paulo,3550308,True,,34628,,,-23.6494625,-46.705044,,,,2,2023-06-15T16:48:30+00:00
SAO_5362-23,São Paulo,3550308,True,,34628,,,-23.733337,-46.6967865,,,,2,2023-06-15T16:48:45+00:00
SAO_5362-23,São Paulo,3550308,True,,34628,,,-23.7444975,-46.670542499999996,,,,2,2023-06-15T16:48:32+00:00
SAO_5362-23,São Paulo,3550308,True,,34628,,,-23.698030250000002,-46.71509725,,,,2,2023-06-15T16:48:27+00:00
SAO_877T-10,São Paulo,3550308,True,,34149,,,-23.51331475,-46.72147137500001,,,,2,2023-06-15T16:48:18+00:00
SAO_877T-10,São Paulo,3550308,True,,34149,,,-23.557784625,-46.66049075,,,,2,2023-06-15T16:48:09+00:00
SAO_877T-10,São Paulo,3550308,True,,34149,,,-23.5364965,-46.650567249999995,,,,2,2023-06-15T16:48:33+00:00
SAO_877T-10,São Paulo,3550308,True,,34149,,,-23.538528749999998,-46.6548195,,,,2,2023-06-15T16:48:35+00:00
SAO_2713-10,São Paulo,3550308,True,Cidade de Caieiras,220,https://moovitapp.com/index/pt-br/transporte_p%C3%BAblico-line-220-Sao_Paulo-242-868761-496409-0,5.0,-23.533645,-46.545297,,,,1,2023-06-15T16:48:25+00:00
SAO_7050-10,São Paulo,3550308,True,,1884,,,-23.66739625,-46.784721,,,,1,2023-06-15T16:48:09+00:00
SAO_5029-10,São Paulo,3550308,True,,1672,,,-23.623409000000002,-46.590473,,,,1,2023-06-15T16:48:30+00:00
SAO_5029-10,São Paulo,3550308,True,,1672,,,-23.6074965,-46.5975975,,,,1,2023-06-15T16:46:15+00:00
SAO_9012-10,São Paulo,3550308,True,,1268,,,-23.470658999999998,-46.6801375,,,,1,2023-06-15T16:48:23+00:00
SAO_9012-10,São Paulo,3550308,True,,1268,,,-23.4661715,-46.682623,,,,1,2023-06-15T16:48:41+00:00
SAO_3712-10,São Paulo,3550308,True,,1009,,,-23.546654,-46.4315395,,,,1,2023-06-15T16:48:43+00:00
SAO_3712-10,São Paulo,3550308,True,,1009,,,-23.536818,-46.453920499999995,,,,1,2023-06-15T16:48:02+00:00
SAO_3712-10,São Paulo,3550308,True,,1009,,,-23.5525595,-46.4257145,,,,1,2023-06-15T16:48:15+00:00
SAO_736G-10,São Paulo,3550308,True,,33548,,,-23.641527,-46.716401125000004,,,,2,2023-06-15T16:48:17+00:00
SAO_736G-10,São Paulo,3550308,True,,33548,,,-23.630622,-46.74983,,,,2,2023-06-15T16:48:45+00:00
SAO_736G-10,São Paulo,3550308,True,,33548,,,-23.6321545,-46.700753,,,,2,2023-06-15T16:48:32+00:00
SAO_736G-10,São Paulo,3550308,True,,33548,,,-23.63048,-46.750333999999995,,,,2,2023-06-15T16:48:23+00:00
SAO_736G-10,São Paulo,3550308,True,,33548,,,-23.644694,-46.7246205,,,,2,2023-06-15T16:48:40+00:00
SAO_2088-10,São Paulo,3550308,True,EMTU,372,https://moovitapp.com/index/pt-br/transporte_p%C3%BAblico-line-372-Sao_Paulo-242-2038937-36419447-0,4.9,-23.49961725,-46.376692000000006,,,,1,2023-06-15T16:48:33+00:00
SAO_2088-10,São Paulo,3550308,True,EMTU,372,https://moovitapp.com/index/pt-br/transporte_p%C3%BAblico-line-372-Sao_Paulo-242-2038937-36419447-0,4.9,-23.494798375000002,-46.41267512500001,,,,1,2023-06-15T16:48:41+00:00
SAO_273N-10,São Paulo,3550308,True,EMTU,390,https://moovitapp.com/index/pt-br/transporte_p%C3%BAblico-line-390-Sao_Paulo-242-2038937-36419459-0,5.45,-23.510844249999998,-46.508745000000005,,,,1,2023-06-15T16:48:06+00:00
SAO_273N-10,São Paulo,3550308,True,EMTU,390,https://moovitapp.com/index/pt-br/transporte_p%C3%BAblico-line-390-Sao_Paulo-242-2038937-36419459-0,5.45,-23.516137,-46.483919,,,,1,2023-06-15T16:47:46+00:00
SAO_273N-10,São Paulo,3550308,True,EMTU,390,https://moovitapp.com/index/pt-br/transporte_p%C3%BAblico-line-390-Sao_Paulo-242-2038937-36419459-0,5.45,-23.5104585,-46.3685645,,,,1,2023-06-15T16:47:31+00:00
SAO_273N-10,São Paulo,3550308,True,EMTU,390,https://moovitapp.com/index/pt-br/transporte_p%C3%BAblico-line-390-Sao_Paulo-242-2038937-36419459-0,5.45,-23.504274,-46.367922,,,,1,2023-06-15T16:48:09+00:00
SAO_273N-10,São Paulo,3550308,True,EMTU,390,https://moovitapp.com/index/pt-br/transporte_p%C3%BAblico-line-390-Sao_Paulo-242-2038937-36419459-0,5.45,-23.50149125,-46.38400825000001,,,,1,2023-06-15T16:48:20+00:00
SAO_273N-10,São Paulo,3550308,True,EMTU,390,https://moovitapp.com/index/pt-br/transporte_p%C3%BAblico-line-390-Sao_Paulo-242-2038937-36419459-0,5.45,-23.4939885,-46.4189085,,,,1,2023-06-15T16:48:22+00:00
SAO_748A-10,São Paulo,3550308,True,,33266,,,-23.577174749999998,-46.765108875,,,,2,2023-06-15T16:48:27+00:00
SAO_748A-10,São Paulo,3550308,True,,33266,,,-23.575846,-46.775806,,,,2,2023-06-15T16:48:41+00:00
SAO_748A-10,São Paulo,3550308,True,,33266,,,-23.5758515,-46.7756445,,,,2,2023-06-15T16:48:30+00:00
SAO_748A-10,São Paulo,3550308,True,,33266,,,-23.544337499999997,-46.733305,,,,2,2023-06-15T16:48:43+00:00
SAO_1702-10,São Paulo,3550308,True,,846,,,-23.520755375,-46.62540800000001,,,,1,2023-06-15T16:48:35+00:00
SAO_1702-10,São Paulo,3550308,True,,846,,,-23.4919345,-46.608854,,,,1,2023-06-15T16:48:42+00:00
SAO_1702-10,São Paulo,3550308,True,,846,,,-23.469307,-46.584537499999996,,,,1,2023-06-15T16:48:18+00:00
SAO_1702-10,São Paulo,3550308,True,,846,,,-23.4483525,-46.573605,,,,1,2023-06-15T16:48:33+00:00
SAO_1702-10,São Paulo,3550308,True,,846,,,-23.500975,-46.61427,,,,1,2023-06-15T16:48:03+00:00
SAO_1702-10,São Paulo,3550308,True,,846,,,-23.5271905,-46.6270085,,,,1,2023-06-15T16:48:18+00:00
SAO_1702-10,São Paulo,3550308,True,,846,,,-23.50769275,-46.624784,,,,1,2023-06-15T16:48:42+00:00
SAO_1702-10,São Paulo,3550308,True,,846,,,-23.442846,-46.57655,,,,1,2023-06-15T16:48:15+00:00
SAO_809R-10,São Paulo,3550308,True,,34835,,,-23.581757500000002,-46.7601035,,,,2,2023-06-15T16:48:34+00:00
SAO_809R-10,São Paulo,3550308,True,,34835,,,-23.581757500000002,-46.7601035,,,,2,2023-06-15T16:48:04+00:00
SAO_809R-10,São Paulo,3550308,True,,34835,,,-23.570584625000002,-46.710424125,,,,2,2023-06-15T16:48:03+00:00
SAO_2123-10,São Paulo,3550308,True,,33460,,,-23.5459115,-46.621572,,,,2,2023-06-15T16:46:49+00:00
SAO_2123-10,São Paulo,3550308,True,,33460,,,-23.4886805,-46.582163,,,,2,2023-06-15T16:48:26+00:00
SAO_2123-10,São Paulo,3550308,True,,33460,,,-23.4886805,-46.582163,,,,2,2023-06-15T16:48:11+00:00
SAO_2123-10,São Paulo,3550308,True,,33460,,,-23.488902500000002,-46.5819175,,,,2,2023-06-15T16:48:28+00:00
SAO_2123-10,São Paulo,3550308,True,,33460,,,-23.50686175,-46.5963685,,,,2,2023-06-15T16:46:49+00:00
SAO_6022-10,São Paulo,3550308,True,,1207,,,-23.68797225,-46.77209175,,,,1,2023-06-15T16:48:03+00:00
SAO_6022-10,São Paulo,3550308,True,,1207,,,-23.725787,-46.7835285,,,,1,2023-06-15T16:48:09+00:00
SAO_5035-10,São Paulo,3550308,True,,1668,,,-23.6029815,-46.6021055,,,,1,2023-06-15T16:48:20+00:00
SAO_5035-10,São Paulo,3550308,True,,1668,,,-23.637237,-46.5923005,,,,1,2023-06-15T16:48:45+00:00
SAO_5035-10,São Paulo,3550308,True,,1668,,,-23.633382,-46.5945445,,,,1,2023-06-15T16:48:24+00:00
SAO_5035-10,São Paulo,3550308,True,,1668,,,-23.637237,-46.5923005,,,,1,2023-06-15T16:48:44+00:00
SAO_5035-10,São Paulo,3550308,True,,1668,,,-23.625884250000002,-46.594606,,,,1,2023-06-15T16:47:55+00:00
SAO_6091-10,São Paulo,3550308,True,,33943,,,-23.6758905,-46.699286,,,,2,2023-06-15T16:48:18+00:00
SAO_6091-10,São Paulo,3550308,True,,33943,,,-23.862347500000002,-46.712974,,,,2,2023-06-15T16:48:21+00:00
SAO_6091-10,São Paulo,3550308,True,,33943,,,-23.663238,-46.707704,,,,2,2023-06-15T16:48:38+00:00
SAO_6091-10,São Paulo,3550308,True,,33943,,,-23.7093575,-46.699754999999996,,,,2,2023-06-15T16:48:22+00:00
SAO_6091-10,São Paulo,3550308,True,,33943,,,-23.658554,-46.706269500000005,,,,2,2023-06-15T16:48:27+00:00
SAO_6091-10,São Paulo,3550308,True,,33943,,,-23.8623725,-46.713284,,,,2,2023-06-15T16:48:24+00:00
SAO_6091-10,São Paulo,3550308,True,,33943,,,-23.74047675,-46.70428525,,,,2,2023-06-15T16:48:28+00:00
SAO_6091-10,São Paulo,3550308,True,,33943,,,-23.663784,-46.709501,,,,2,2023-06-15T16:48:18+00:00
SAO_6091-10,São Paulo,3550308,True,,33943,,,-23.663064499999997,-46.708107,,,,2,2023-06-15T16:47:03+00:00
SAO_6400-10,São Paulo,3550308,True,,32825,,,-23.643862,-46.734012500000006,,,,2,2023-06-15T16:48:26+00:00
SAO_6400-10,São Paulo,3550308,True,,32825,,,-23.603969375,-46.674927374999996,,,,2,2023-06-15T16:48:47+00:00
SAO_106A-10,São Paulo,3550308,True,,516,,,-23.58940875,-46.688128000000006,,,,1,2023-06-15T16:48:02+00:00
SAO_106A-10,São Paulo,3550308,True,,516,,,-23.594682499999998,-46.6899185,,,,1,2023-06-15T16:48:26+00:00
SAO_106A-10,São Paulo,3550308,True,,516,,,-23.58940875,-46.688128000000006,,,,1,2023-06-15T16:48:11+00:00
SAO_106A-10,São Paulo,3550308,True,,516,,,-23.5160855,-46.629809,,,,1,2023-06-15T16:48:04+00:00
SAO_106A-10,São Paulo,3550308,True,,516,,,-23.567900625,-46.659967,,,,1,2023-06-15T16:48:08+00:00
SAO_106A-10,São Paulo,3550308,True,,516,,,-23.502099,-46.62419250000001,,,,1,2023-06-15T16:48:08+00:00
SAO_106A-10,São Paulo,3550308,True,,516,,,-23.502099,-46.62419250000001,,,,1,2023-06-15T16:48:03+00:00
SAO_106A-10,São Paulo,3550308,True,,516,,,-23.502099,-46.62419250000001,,,,1,2023-06-15T16:48:26+00:00
SAO_106A-10,São Paulo,3550308,True,,516,,,-23.59055825,-46.68854449999999,,,,1,2023-06-15T16:48:23+00:00
SAO_106A-10,São Paulo,3550308,True,,516,,,-23.59055825,-46.68854449999999,,,,1,2023-06-15T16:48:11+00:00
SAO_106A-10,São Paulo,3550308,True,,516,,,-23.566949375,-46.659043249999996,,,,1,2023-06-15T16:48:35+00:00
SAO_106A-10,São Paulo,3550308,True,,516,,,-23.589979,-46.688332,,,,1,2023-06-15T16:48:10+00:00
SAO_106A-10,São Paulo,3550308,True,,516,,,-23.502099,-46.62419250000001,,,,1,2023-06-15T16:48:38+00:00
SAO_106A-10,São Paulo,3550308,True,,516,,,-23.589979,-46.688332,,,,1,2023-06-15T16:48:10+00:00
SAO_106A-10,São Paulo,3550308,True,,516,,,-23.590813,-46.688639499999994,,,,1,2023-06-15T16:48:10+00:00
SAO_107T-10,São Paulo,3550308,True,,621,,,-23.5390335,-46.63554,,,,1,2023-06-15T16:48:24+00:00
SAO_107T-10,São Paulo,3550308,True,,621,,,-23.565959,-46.6944145,,,,1,2023-06-15T16:48:37+00:00
SAO_107T-10,São Paulo,3550308,True,,621,,,-23.563857249999998,-46.666208125,,,,1,2023-06-15T16:48:13+00:00
SAO_107T-10,São Paulo,3550308,True,,621,,,-23.565369,-46.69773,,,,1,2023-06-15T16:48:31+00:00
SAO_107T-10,São Paulo,3550308,True,,621,,,-23.50006475,-46.61709175,,,,1,2023-06-15T16:46:51+00:00
SAO_107T-10,São Paulo,3550308,True,,621,,,-23.518316,-46.628175999999996,,,,1,2023-06-15T16:48:15+00:00
SAO_107T-10,São Paulo,3550308,True,,621,,,-23.4789475,-46.607421,,,,1,2023-06-15T16:48:17+00:00
SAO_908T-10,São Paulo,3550308,True,,34884,,,-23.5654375,-46.6678575,,,,2,2023-06-15T16:48:43+00:00
SAO_908T-10,São Paulo,3550308,True,,34884,,,-23.546217,-46.6305745,,,,2,2023-06-15T16:48:32+00:00
SAO_908T-10,São Paulo,3550308,True,,34884,,,-23.55012275,-46.63123525,,,,2,2023-06-15T16:48:10+00:00
SAO_1019-10,São Paulo,3550308,True,,35263,,,-23.4379315,-46.779346000000004,,,,2,2023-06-15T16:48:07+00:00
SAO_1019-10,São Paulo,3550308,True,,35263,,,-23.4395595,-46.7681375,,,,2,2023-06-15T16:48:02+00:00
SAO_5018-10,São Paulo,3550308,True,,1492,,,-23.690841,-46.651314,,,,1,2023-06-15T16:48:45+00:00
SAO_5018-10,São Paulo,3550308,True,,1492,,,-23.6681685,-46.651469,,,,1,2023-06-15T16:48:45+00:00
SAO_5018-10,São Paulo,3550308,True,,1492,,,-23.675069,-46.673212,,,,1,2023-06-15T16:48:05+00:00
SAO_3020-10,São Paulo,3550308,True,,958,,,-23.57248725,-46.503353000000004,,,,1,2023-06-15T16:48:34+00:00
SAO_3020-10,São Paulo,3550308,True,,958,,,-23.554299,-46.434912499999996,,,,1,2023-06-15T16:48:14+00:00
SAO_3020-10,São Paulo,3550308,True,,958,,,-23.550668,-46.462807999999995,,,,1,2023-06-15T16:48:13+00:00
SAO_3020-10,São Paulo,3550308,True,,958,,,-23.542266499999997,-46.438774499999994,,,,1,2023-06-15T16:48:35+00:00
SAO_847P-42,São Paulo,3550308,True,,34192,,,-23.5380105,-46.7065495,,,,2,2023-06-15T16:48:11+00:00
SAO_847P-42,São Paulo,3550308,True,,34192,,,-23.471965,-46.6916,,,,2,2023-06-15T16:48:12+00:00
SAO_407K-10,São Paulo,3550308,True,,34936,,,-23.5359905,-46.55301,,,,2,2023-06-15T16:48:17+00:00
SAO_407K-10,São Paulo,3550308,True,,34936,,,-23.5387,-46.5644465,,,,2,2023-06-15T16:48:37+00:00
SAO_407K-10,São Paulo,3550308,True,,34936,,,-23.547472,-46.5270395,,,,2,2023-06-15T16:48:19+00:00
SAO_407K-10,São Paulo,3550308,True,,34936,,,-23.613653,-46.4766475,,,,2,2023-06-15T16:48:45+00:00
SAO_4053-10,São Paulo,3550308,True,,2146,,,-23.5590895,-46.399975,,,,1,2023-06-15T16:48:21+00:00
SAO_4053-10,São Paulo,3550308,True,,2146,,,-23.55681225,-46.397184624999994,,,,1,2023-06-15T16:48:06+00:00
SAO_4053-10,São Paulo,3550308,True,,2146,,,-23.542544,-46.4158275,,,,1,2023-06-15T16:47:35+00:00
SAO_4030-10,São Paulo,3550308,True,,1100,,,-23.6136935,-46.483888,,,,1,2023-06-15T16:48:40+00:00
SAO_4030-10,São Paulo,3550308,True,,1100,,,-23.5632085,-46.5012665,,,,1,2023-06-15T16:48:38+00:00
SAO_4030-10,São Paulo,3550308,True,,1100,,,-23.619831,-46.489041,,,,1,2023-06-15T16:48:36+00:00
SAO_4030-10,São Paulo,3550308,True,,1100,,,-23.612389999999998,-46.477115,,,,1,2023-06-15T16:48:28+00:00
SAO_4030-10,São Paulo,3550308,True,,1100,,,-23.58802425,-46.4905275,,,,1,2023-06-15T16:48:33+00:00
SAO_4030-10,São Paulo,3550308,True,,1100,,,-23.577493250000003,-46.50348375,,,,1,2023-06-15T16:48:27+00:00
SAO_407N-10,São Paulo,3550308,True,,2169,,,-23.5394475,-46.542668500000005,,,,1,2023-06-15T16:48:35+00:00
SAO_407N-10,São Paulo,3550308,True,,2169,,,-23.577417500000003,-46.5004115,,,,1,2023-06-15T16:48:11+00:00
SAO_407N-10,São Paulo,3550308,True,,2169,,,-23.582934,-46.4090185,,,,1,2023-06-15T16:48:21+00:00
SAO_407N-10,São Paulo,3550308,True,,2169,,,-23.53406,-46.5427015,,,,1,2023-06-15T16:48:29+00:00
SAO_407N-10,São Paulo,3550308,True,,2169,,,-23.5895415,-46.416029,,,,1,2023-06-15T16:48:04+00:00
SAO_407N-10,São Paulo,3550308,True,,2169,,,-23.555632125000002,-46.516557375,,,,1,2023-06-15T16:48:42+00:00
SAO_407N-10,São Paulo,3550308,True,,2169,,,-23.582577,-46.408426,,,,1,2023-06-15T16:48:18+00:00
SAO_407N-10,São Paulo,3550308,True,,2169,,,-23.5978785,-46.458639500000004,,,,1,2023-06-15T16:48:12+00:00
SAO_407N-10,São Paulo,3550308,True,,2169,,,-23.5958445,-46.434946499999995,,,,1,2023-06-15T16:48:17+00:00
SAO_7011-10,São Paulo,3550308,True,,1952,,,-23.7087205,-46.792103499999996,,,,1,2023-06-15T16:48:27+00:00
SAO_7011-10,São Paulo,3550308,True,,1952,,,-23.7085225,-46.792032500000005,,,,1,2023-06-15T16:48:10+00:00
SAO_7011-10,São Paulo,3550308,True,,1952,,,-23.691907,-46.7760155,,,,1,2023-06-15T16:48:47+00:00
SAO_605A-10,São Paulo,3550308,True,,35290,,,-23.6494365,-46.6320625,,,,2,2023-06-15T16:48:35+00:00
SAO_605A-10,São Paulo,3550308,True,,35290,,,-23.646335,-46.6368415,,,,2,2023-06-15T16:48:38+00:00
SAO_2733-10,São Paulo,3550308,True,,33716,,,-23.5162355,-46.4623365,,,,2,2023-06-15T16:48:11+00:00
SAO_2733-10,São Paulo,3550308,True,,33716,,,-23.53455425,-46.45399675,,,,2,2023-06-15T16:48:28+00:00
SAO_2733-10,São Paulo,3550308,True,,33716,,,-23.516503999999998,-46.457393499999995,,,,2,2023-06-15T16:48:27+00:00
SAO_271C-10,São Paulo,3550308,True,,33450,,,-23.5033405,-46.5725875,,,,2,2023-06-15T16:44:47+00:00
SAO_271C-10,São Paulo,3550308,True,,33450,,,-23.523229999999998,-46.583715,,,,2,2023-06-15T16:48:35+00:00
SAO_271C-10,São Paulo,3550308,True,,33450,,,-23.4976665,-46.574697,,,,2,2023-06-15T16:47:02+00:00
SAO_271C-10,São Paulo,3550308,True,,33450,,,-23.505131125,-46.624702875,,,,2,2023-06-15T16:48:32+00:00
SAO_271C-10,São Paulo,3550308,True,,33450,,,-23.523229999999998,-46.583715,,,,2,2023-06-15T16:46:35+00:00
SAO_6014-10,São Paulo,3550308,True,,32956,,,-23.660927,-46.707567499999996,,,,2,2023-06-15T16:48:31+00:00
SAO_6014-10,São Paulo,3550308,True,,32956,,,-23.730048500000002,-46.790898999999996,,,,2,2023-06-15T16:48:26+00:00
SAO_6014-10,São Paulo,3550308,True,,32956,,,-23.742814499999998,-46.80108325,,,,2,2023-06-15T16:48:12+00:00
SAO_6014-10,São Paulo,3550308,True,,32956,,,-23.689302875,-46.773427749999996,,,,2,2023-06-15T16:47:47+00:00
SAO_8013-41,São Paulo,3550308,True,,34779,,,-23.4363325,-46.810424999999995,,,,2,2023-06-15T16:48:07+00:00
SAO_8013-41,São Paulo,3550308,True,,34779,,,-23.4316619375,-46.786911125,,,,2,2023-06-15T16:48:06+00:00
SAO_3054-10,São Paulo,3550308,True,,975,,,-23.601453,-46.4946035,,,,1,2023-06-15T16:48:23+00:00
SAO_3054-10,São Paulo,3550308,True,,975,,,-23.60428225,-46.48109225,,,,1,2023-06-15T16:48:35+00:00
SAO_3054-10,São Paulo,3550308,True,,975,,,-23.61071875,-46.49325225,,,,1,2023-06-15T16:48:36+00:00
SAO_3054-10,São Paulo,3550308,True,,975,,,-23.59899525,-46.42183675,,,,1,2023-06-15T16:47:17+00:00
SAO_3033-10,São Paulo,3550308,True,,968,,,-23.597754000000002,-46.4582305,,,,1,2023-06-15T16:48:31+00:00
SAO_3033-10,São Paulo,3550308,True,,968,,,-23.610867499999998,-46.4746765,,,,1,2023-06-15T16:48:35+00:00
SAO_3033-10,São Paulo,3550308,True,,968,,,-23.550703,-46.4070435,,,,1,2023-06-15T16:48:21+00:00
SAO_3033-10,São Paulo,3550308,True,,968,,,-23.586112,-46.4148275,,,,1,2023-06-15T16:48:42+00:00
SAO_3033-10,São Paulo,3550308,True,,968,,,-23.563206,-46.416537999999996,,,,1,2023-06-15T16:48:33+00:00
SAO_3033-10,São Paulo,3550308,True,,968,,,-23.542768,-46.41466525,,,,1,2023-06-15T16:46:48+00:00
SAO_3033-10,São Paulo,3550308,True,,968,,,-23.6109595,-46.4745,,,,1,2023-06-15T16:48:42+00:00
SAO_3773-10,São Paulo,3550308,True,,33827,,,-23.591037875,-46.48938375,,,,2,2023-06-15T16:48:04+00:00
SAO_3773-10,São Paulo,3550308,True,,33827,,,-23.5419155,-46.53512,,,,2,2023-06-15T16:48:34+00:00
SAO_3773-10,São Paulo,3550308,True,,33827,,,-23.604898499999997,-46.480576,,,,2,2023-06-15T16:48:30+00:00
SAO_3773-10,São Paulo,3550308,True,,33827,,,-23.6118905,-46.466438,,,,2,2023-06-15T16:48:14+00:00
SAO_178T-10,São Paulo,3550308,True,,33333,,,-23.530287625,-46.731522999999996,,,,2,2023-06-15T16:48:28+00:00
SAO_178T-10,São Paulo,3550308,True,,33333,,,-23.5040325,-46.67317,,,,2,2023-06-15T16:48:42+00:00
SAO_178T-10,São Paulo,3550308,True,,33333,,,-23.53098,-46.734971,,,,2,2023-06-15T16:48:35+00:00
SAO_178T-10,São Paulo,3550308,True,,33333,,,-23.5168675,-46.6987555,,,,2,2023-06-15T16:48:47+00:00
SAO_178T-10,São Paulo,3550308,True,,33333,,,-23.502361999999998,-46.694586,,,,2,2023-06-15T16:48:21+00:00
SAO_6970-10,São Paulo,3550308,True,,1505,,,-23.737581499999997,-46.697899500000005,,,,1,2023-06-15T16:48:24+00:00
SAO_6970-10,São Paulo,3550308,True,,1505,,,-23.737581499999997,-46.697899500000005,,,,1,2023-06-15T16:48:41+00:00
SAO_6970-10,São Paulo,3550308,True,,1505,,,-23.6554595,-46.7180565,,,,1,2023-06-15T16:47:11+00:00
SAO_6970-10,São Paulo,3550308,True,,1505,,,-23.737581499999997,-46.697899500000005,,,,1,2023-06-15T16:48:18+00:00
SAO_6970-10,São Paulo,3550308,True,,1505,,,-23.726964000000002,-46.6992625,,,,1,2023-06-15T16:47:40+00:00
SAO_6970-10,São Paulo,3550308,True,,1505,,,-23.737581499999997,-46.697899500000005,,,,1,2023-06-15T16:48:37+00:00
SAO_6970-10,São Paulo,3550308,True,,1505,,,-23.676349000000002,-46.712336750000006,,,,1,2023-06-15T16:47:57+00:00
SAO_6970-10,São Paulo,3550308,True,,1505,,,-23.737581499999997,-46.697899500000005,,,,1,2023-06-15T16:48:26+00:00
SAO_5614-10,São Paulo,3550308,True,,1515,,,-23.6725745,-46.6774465,,,,1,2023-06-15T16:48:01+00:00
SAO_5614-10,São Paulo,3550308,True,,1515,,,-23.610733250000003,-46.65519225,,,,1,2023-06-15T16:48:19+00:00
SAO_5614-10,São Paulo,3550308,True,,1515,,,-23.59844725,-46.650623,,,,1,2023-06-15T16:48:16+00:00
SAO_5614-10,São Paulo,3550308,True,,1515,,,-23.6974955,-46.6375585,,,,1,2023-06-15T16:46:52+00:00
SAO_1732-10,São Paulo,3550308,True,,33439,,,-23.487555999999998,-46.5742625,,,,2,2023-06-15T16:48:21+00:00
SAO_1732-10,São Paulo,3550308,True,,33439,,,-23.487143500000002,-46.57385,,,,2,2023-06-15T16:48:28+00:00
SAO_1732-10,São Paulo,3550308,True,,33439,,,-23.498255,-46.6114395,,,,2,2023-06-15T16:48:07+00:00
SAO_1732-10,São Paulo,3550308,True,,33439,,,-23.53407575,-46.64520125,,,,2,2023-06-15T16:48:13+00:00
SAO_1732-10,São Paulo,3550308,True,,33439,,,-23.487271,-46.5741175,,,,2,2023-06-15T16:48:06+00:00
SAO_1732-10,São Paulo,3550308,True,,33439,,,-23.47958725,-46.5793075,,,,2,2023-06-15T16:46:39+00:00
SAO_1732-10,São Paulo,3550308,True,,33439,,,-23.506681156250004,-46.6444545625,,,,2,2023-06-15T16:48:33+00:00
SAO_1732-10,São Paulo,3550308,True,,33439,,,-23.47906275,-46.567924250000004,,,,2,2023-06-15T16:46:57+00:00
SAO_2705-10,São Paulo,3550308,True,,917,,,-23.5427885,-46.4660645,,,,1,2023-06-15T16:47:29+00:00
SAO_2705-10,São Paulo,3550308,True,,917,,,-23.538251000000002,-46.405807499999995,,,,1,2023-06-15T16:47:27+00:00
SAO_2705-10,São Paulo,3550308,True,,917,,,-23.540209,-46.408460000000005,,,,1,2023-06-15T16:46:51+00:00
SAO_2734-10,São Paulo,3550308,True,,34528,,,-23.541961999999998,-46.470873,,,,2,2023-06-15T16:48:41+00:00
SAO_2734-10,São Paulo,3550308,True,,34528,,,-23.5118045,-46.43378525,,,,2,2023-06-15T16:48:12+00:00
SAO_2734-10,São Paulo,3550308,True,,34528,,,-23.50894475,-46.415527,,,,2,2023-06-15T16:48:20+00:00
SAO_2734-10,São Paulo,3550308,True,,34528,,,-23.5124,-46.409265500000004,,,,2,2023-06-15T16:48:07+00:00
SAO_2734-10,São Paulo,3550308,True,,34528,,,-23.512508250000003,-46.40890675,,,,2,2023-06-15T16:48:19+00:00
SAO_2770-10,São Paulo,3550308,True,,243,,,-23.51806175,-46.41335575,,,,1,2023-06-15T16:48:24+00:00
SAO_2770-10,São Paulo,3550308,True,,243,,,-23.531409,-46.529441,,,,1,2023-06-15T16:48:35+00:00
SAO_1732-10,São Paulo,3550308,True,,671,,,-23.4811315,-46.5952465,,,,1,2023-06-15T16:48:42+00:00
SAO_1732-10,São Paulo,3550308,True,,671,,,-23.500619999999998,-46.6133235,,,,1,2023-06-15T16:48:26+00:00
SAO_1732-10,São Paulo,3550308,True,,671,,,-23.539579,-46.648221500000005,,,,1,2023-06-15T16:48:15+00:00
SAO_1732-10,São Paulo,3550308,True,,671,,,-23.512954999999998,-46.653596375,,,,1,2023-06-15T16:48:19+00:00
SAO_179X-10,São Paulo,3550308,True,STT,680,https://moovitapp.com/index/pt-br/transporte_p%C3%BAblico-line-680-Sao_Paulo-242-850661-183334-0,5.3,-23.493426999999997,-46.6116965,,,,1,2023-06-15T16:48:40+00:00
SAO_179X-10,São Paulo,3550308,True,STT,680,https://moovitapp.com/index/pt-br/transporte_p%C3%BAblico-line-680-Sao_Paulo-242-850661-183334-0,5.3,-23.432215,-46.571414000000004,,,,1,2023-06-15T16:48:42+00:00
SAO_179X-10,São Paulo,3550308,True,STT,680,https://moovitapp.com/index/pt-br/transporte_p%C3%BAblico-line-680-Sao_Paulo-242-850661-183334-0,5.3,-23.440261,-46.576557,,,,1,2023-06-15T16:48:02+00:00
SAO_179X-10,São Paulo,3550308,True,STT,680,https://moovitapp.com/index/pt-br/transporte_p%C3%BAblico-line-680-Sao_Paulo-242-850661-183334-0,5.3,-23.513296,-46.6251845,,,,1,2023-06-15T16:48:45+00:00
SAO_179X-10,São Paulo,3550308,True,STT,680,https://moovitapp.com/index/pt-br/transporte_p%C3%BAblico-line-680-Sao_Paulo-242-850661-183334-0,5.3,-23.5211915,-46.65701824999999,,,,1,2023-06-15T16:48:19+00:00
SAO_179X-10,São Paulo,3550308,True,STT,680,https://moovitapp.com/index/pt-br/transporte_p%C3%BAblico-line-680-Sao_Paulo-242-850661-183334-0,5.3,-23.524338999999998,-46.63064,,,,1,2023-06-15T16:48:07+00:00
SAO_179X-10,São Paulo,3550308,True,STT,680,https://moovitapp.com/index/pt-br/transporte_p%C3%BAblico-line-680-Sao_Paulo-242-850661-183334-0,5.3,-23.432215,-46.571414000000004,,,,1,2023-06-15T16:48:29+00:00
SAO_179X-10,São Paulo,3550308,True,STT,680,https://moovitapp.com/index/pt-br/transporte_p%C3%BAblico-line-680-Sao_Paulo-242-850661-183334-0,5.3,-23.439120000000003,-46.5798375,,,,1,2023-06-15T16:48:07+00:00
SAO_7181-10,São Paulo,3550308,True,,1332,,,-23.565922625,-46.6683635,,,,1,2023-06-15T16:48:28+00:00
SAO_7181-10,São Paulo,3550308,True,,1332,,,-23.544469,-46.64770825,,,,1,2023-06-15T16:48:39+00:00
SAO_373T-10,São Paulo,3550308,True,,1091,,,-23.596329,-46.5066015,,,,1,2023-06-15T16:48:28+00:00
SAO_373T-10,São Paulo,3550308,True,,1091,,,-23.585531000000003,-46.519232,,,,1,2023-06-15T16:48:24+00:00
SAO_373T-10,São Paulo,3550308,True,,1091,,,-23.5848315,-46.5815725,,,,1,2023-06-15T16:48:42+00:00
SAO_373T-10,São Paulo,3550308,True,,1091,,,-23.593679,-46.498469,,,,1,2023-06-15T16:48:05+00:00
SAO_373T-10,São Paulo,3550308,True,,1091,,,-23.5966725,-46.5169115,,,,1,2023-06-15T16:48:11+00:00
SAO_373T-10,São Paulo,3550308,True,,1091,,,-23.578723500000002,-46.586888,,,,1,2023-06-15T16:48:16+00:00
SAO_373T-10,São Paulo,3550308,True,,1091,,,-23.577966,-46.586968999999996,,,,1,2023-06-15T16:48:15+00:00
SAO_373T-10,São Paulo,3550308,True,,1091,,,-23.581095750000003,-46.55580325,,,,1,2023-06-15T16:48:14+00:00
SAO_373T-10,São Paulo,3550308,True,,1091,,,-23.586755,-46.534640499999995,,,,1,2023-06-15T16:48:17+00:00
SAO_3069-10,São Paulo,3550308,True,,984,,,-23.605977,-46.417018999999996,,,,1,2023-06-15T16:48:02+00:00
SAO_3069-10,São Paulo,3550308,True,,984,,,-23.617391,-46.468536,,,,1,2023-06-15T16:48:43+00:00
SAO_3069-10,São Paulo,3550308,True,,984,,,-23.613304999999997,-46.4211135,,,,1,2023-06-15T16:48:28+00:00
SAO_3069-10,São Paulo,3550308,True,,984,,,-23.611443,-46.416173,,,,1,2023-06-15T16:48:32+00:00
SAO_3069-10,São Paulo,3550308,True,,984,,,-23.612609,-46.476212000000004,,,,1,2023-06-15T16:48:12+00:00
SAO_6062-51,São Paulo,3550308,True,,1739,,,-23.7093575,-46.699754999999996,,,,1,2023-06-15T16:48:47+00:00
SAO_6062-51,São Paulo,3550308,True,,1739,,,-23.72723375,-46.69021275,,,,1,2023-06-15T16:48:32+00:00
SAO_6062-51,São Paulo,3550308,True,,1739,,,-23.7352535,-46.688766,,,,1,2023-06-15T16:48:06+00:00
SAO_6062-51,São Paulo,3550308,True,,1739,,,-23.7419465,-46.681698499999996,,,,1,2023-06-15T16:48:45+00:00
SAO_6062-51,São Paulo,3550308,True,,1739,,,-23.7418155,-46.684188,,,,1,2023-06-15T16:48:14+00:00
SAO_6062-51,São Paulo,3550308,True,,1739,,,-23.6914455,-46.698094499999996,,,,1,2023-06-15T16:48:05+00:00
SAO_4056-10,São Paulo,3550308,True,,35005,,,-23.597241,-46.453534,,,,2,2023-06-15T16:48:14+00:00
SAO_4056-10,São Paulo,3550308,True,,35005,,,-23.614053,-46.4713255,,,,2,2023-06-15T16:48:01+00:00
SAO_8548-10,São Paulo,3550308,True,,33346,,,-23.4503195,-46.7003875,,,,2,2023-06-15T16:48:30+00:00
SAO_8548-10,São Paulo,3550308,True,,33346,,,-23.507077375,-46.689163875000006,,,,2,2023-06-15T16:48:23+00:00
SAO_8548-10,São Paulo,3550308,True,,33346,,,-23.446651625,-46.715378375,,,,2,2023-06-15T16:48:34+00:00
SAO_8548-10,São Paulo,3550308,True,,33346,,,-23.446651625,-46.715378375,,,,2,2023-06-15T16:48:09+00:00
SAO_938V-10,São Paulo,3550308,True,,33581,,,-23.452962,-46.684575499999994,,,,2,2023-06-15T16:48:11+00:00
SAO_938V-10,São Paulo,3550308,True,,33581,,,-23.528373000000002,-46.675531,,,,2,2023-06-15T16:48:24+00:00
SAO_938V-10,São Paulo,3550308,True,,33581,,,-23.452824999999997,-46.6848085,,,,2,2023-06-15T16:48:04+00:00
SAO_938V-10,São Paulo,3550308,True,,33581,,,-23.4527645,-46.6849925,,,,2,2023-06-15T16:48:09+00:00
SAO_938V-10,São Paulo,3550308,True,,33581,,,-23.5016095,-46.686611,,,,2,2023-06-15T16:48:35+00:00
SAO_938V-10,São Paulo,3550308,True,,33581,,,-23.4527645,-46.6849925,,,,2,2023-06-15T16:48:07+00:00
SAO_938V-10,São Paulo,3550308,True,,33581,,,-23.4845855,-46.690155,,,,2,2023-06-15T16:48:12+00:00
SAO_938V-10,São Paulo,3550308,True,,33581,,,-23.527012499999998,-46.681565750000004,,,,2,2023-06-15T16:48:41+00:00
SAO_938V-10,São Paulo,3550308,True,,33581,,,-23.522807999999998,-46.6986065,,,,2,2023-06-15T16:48:06+00:00
SAO_938V-10,São Paulo,3550308,True,,33581,,,-23.49471425,-46.6975085,,,,2,2023-06-15T16:48:04+00:00
SAO_2010-10,São Paulo,3550308,True,,34872,,,-23.477516625,-46.564321375,,,,2,2023-06-15T16:48:42+00:00
SAO_2010-10,São Paulo,3550308,True,,34872,,,-23.477516625,-46.564321375,,,,2,2023-06-15T16:48:18+00:00
SAO_2010-10,São Paulo,3550308,True,,34872,,,-23.5022995,-46.6212515,,,,2,2023-06-15T16:48:43+00:00
SAO_2010-10,São Paulo,3550308,True,,34872,,,-23.479343999999998,-46.5820585,,,,2,2023-06-15T16:48:44+00:00
SAO_2010-10,São Paulo,3550308,True,,34872,,,-23.477516625,-46.564321375,,,,2,2023-06-15T16:48:09+00:00
SAO_2010-10,São Paulo,3550308,True,,34872,,,-23.477516625,-46.564321375,,,,2,2023-06-15T16:48:25+00:00
SAO_307C-10,São Paulo,3550308,True,,2114,,,-23.5403095,-46.483497,,,,1,2023-06-15T16:48:13+00:00
SAO_307C-10,São Paulo,3550308,True,,2114,,,-23.5182735,-46.386465,,,,1,2023-06-15T16:47:44+00:00
SAO_307C-10,São Paulo,3550308,True,,2114,,,-23.495147000000003,-46.4347765,,,,1,2023-06-15T16:48:00+00:00
SAO_4005-10,São Paulo,3550308,True,,2179,,,-23.5833585,-46.4077735,,,,1,2023-06-15T16:48:08+00:00
SAO_4005-10,São Paulo,3550308,True,,2179,,,-23.583485500000002,-46.407138,,,,1,2023-06-15T16:45:56+00:00
SAO_6010-10,São Paulo,3550308,True,,33970,,,-23.6932185,-46.794213,,,,2,2023-06-15T16:48:27+00:00
SAO_6010-10,São Paulo,3550308,True,,33970,,,-23.67071,-46.7572035,,,,2,2023-06-15T16:48:12+00:00
SAO_6010-10,São Paulo,3550308,True,,33970,,,-23.6933645,-46.794154,,,,2,2023-06-15T16:48:37+00:00
SAO_6010-10,São Paulo,3550308,True,,33970,,,-23.668323,-46.735209499999996,,,,2,2023-06-15T16:48:25+00:00
SAO_6010-10,São Paulo,3550308,True,,33970,,,-23.685891249999997,-46.80004425,,,,2,2023-06-15T16:48:19+00:00
SAO_6010-10,São Paulo,3550308,True,,33970,,,-23.676271,-46.792041,,,,2,2023-06-15T16:48:43+00:00
SAO_6010-10,São Paulo,3550308,True,,33970,,,-23.693499,-46.7941555,,,,2,2023-06-15T16:48:17+00:00
SAO_6010-10,São Paulo,3550308,True,,33970,,,-23.6601165,-46.76611175000001,,,,2,2023-06-15T16:48:10+00:00
SAO_6010-10,São Paulo,3550308,True,,33970,,,-23.6934315,-46.794145,,,,2,2023-06-15T16:48:46+00:00
SAO_6010-10,São Paulo,3550308,True,,33970,,,-23.662447,-46.780381750000004,,,,2,2023-06-15T16:48:39+00:00
SAO_6010-10,São Paulo,3550308,True,,33970,,,-23.6933645,-46.794154,,,,2,2023-06-15T16:48:23+00:00
SAO_6010-10,São Paulo,3550308,True,,33970,,,-23.693631500000002,-46.7942325,,,,2,2023-06-15T16:48:34+00:00
SAO_3728-10,São Paulo,3550308,True,,33793,,,-23.55420325,-46.491747000000004,,,,2,2023-06-15T16:48:19+00:00
SAO_3728-10,São Paulo,3550308,True,,33793,,,-23.5698995,-46.488318500000005,,,,2,2023-06-15T16:48:28+00:00
SAO_3728-10,São Paulo,3550308,True,,33793,,,-23.55420325,-46.491747000000004,,,,2,2023-06-15T16:48:40+00:00
SAO_714C-10,São Paulo,3550308,True,,487,,,-23.594315,-46.786550000000005,,,,1,2023-06-15T16:48:26+00:00
SAO_714C-10,São Paulo,3550308,True,,487,,,-23.567515,-46.69430799999999,,,,1,2023-06-15T16:48:43+00:00
SAO_6038-10,São Paulo,3550308,True,,1216,,,-23.659734999999998,-46.7756655,,,,1,2023-06-15T16:48:35+00:00
SAO_6038-10,São Paulo,3550308,True,,1216,,,-23.6397725,-46.7170835,,,,1,2023-06-15T16:48:04+00:00
SAO_6038-10,São Paulo,3550308,True,,1216,,,-23.639094625,-46.717463124999995,,,,1,2023-06-15T16:48:37+00:00
SAO_6038-10,São Paulo,3550308,True,,1216,,,-23.641039625,-46.71706575,,,,1,2023-06-15T16:48:36+00:00
SAO_6038-10,São Paulo,3550308,True,,1216,,,-23.645425250000002,-46.708923625000004,,,,1,2023-06-15T16:48:24+00:00
SAO_6038-10,São Paulo,3550308,True,,1216,,,-23.637364750000003,-46.718711,,,,1,2023-06-15T16:48:40+00:00
SAO_6038-10,São Paulo,3550308,True,,1216,,,-23.649607000000003,-46.707680499999995,,,,1,2023-06-15T16:48:41+00:00
SAO_6038-10,São Paulo,3550308,True,,1216,,,-23.6376725,-46.718270875,,,,1,2023-06-15T16:48:36+00:00
SAO_6038-10,São Paulo,3550308,True,,1216,,,-23.638214499999997,-46.717961375,,,,1,2023-06-15T16:48:09+00:00
SAO_1019-10,São Paulo,3550308,True,,2495,,,-23.4855005,-46.7258875,,,,1,2023-06-15T16:48:25+00:00
SAO_1019-10,São Paulo,3550308,True,,2495,,,-23.436355499999998,-46.774644,,,,1,2023-06-15T16:48:02+00:00
SAO_2709-10,São Paulo,3550308,True,,33690,,,-23.529587499999998,-46.5004265,,,,2,2023-06-15T16:48:15+00:00
SAO_2709-10,São Paulo,3550308,True,,33690,,,-23.532019,-46.486385999999996,,,,2,2023-06-15T16:48:17+00:00
SAO_2709-10,São Paulo,3550308,True,,33690,,,-23.529722,-46.500626,,,,2,2023-06-15T16:48:27+00:00
SAO_175P-10,São Paulo,3550308,True,,33443,,,-23.5708805,-46.644690375,,,,2,2023-06-15T16:48:40+00:00
SAO_175P-10,São Paulo,3550308,True,,33443,,,-23.512266,-46.655611125,,,,2,2023-06-15T16:48:23+00:00
SAO_175P-10,São Paulo,3550308,True,,33443,,,-23.558763499999998,-46.659388,,,,2,2023-06-15T16:48:35+00:00
SAO_175P-10,São Paulo,3550308,True,,33443,,,-23.587062500000002,-46.634714,,,,2,2023-06-15T16:48:18+00:00
SAO_175P-10,São Paulo,3550308,True,,33443,,,-23.5118305,-46.653274999999994,,,,2,2023-06-15T16:48:04+00:00
SAO_175P-10,São Paulo,3550308,True,,33443,,,-23.53448925,-46.66323250000001,,,,2,2023-06-15T16:48:34+00:00
SAO_175P-10,São Paulo,3550308,True,,33443,,,-23.5488295,-46.6743095,,,,2,2023-06-15T16:48:38+00:00
SAO_175P-10,São Paulo,3550308,True,,33443,,,-23.5866330625,-46.63597006249999,,,,2,2023-06-15T16:48:26+00:00
SAO_175P-10,São Paulo,3550308,True,,33443,,,-23.53421625,-46.661039125,,,,2,2023-06-15T16:48:30+00:00
SAO_175P-10,São Paulo,3550308,True,,33443,,,-23.54800525,-46.6739155,,,,2,2023-06-15T16:48:35+00:00
SAO_5119-23,São Paulo,3550308,True,,34893,,,-23.6363785,-46.727164,,,,2,2023-06-15T16:48:22+00:00
SAO_5028-10,São Paulo,3550308,True,,1634,,,-23.610134000000002,-46.5807355,,,,1,2023-06-15T16:48:42+00:00
SAO_5028-10,São Paulo,3550308,True,,1634,,,-23.5954945,-46.59656475,,,,1,2023-06-15T16:48:11+00:00
SAO_6050-10,São Paulo,3550308,True,,1225,,,-23.750818000000002,-46.6788645,,,,1,2023-06-15T16:48:41+00:00
SAO_6050-10,São Paulo,3550308,True,,1225,,,-23.7477536875,-46.6760691875,,,,1,2023-06-15T16:48:45+00:00
SAO_6050-10,São Paulo,3550308,True,,1225,,,-23.7541925,-46.680156749999995,,,,1,2023-06-15T16:48:18+00:00
SAO_6003-21,São Paulo,3550308,True,,35344,,,-23.751649999999998,-46.710604000000004,,,,2,2023-06-15T16:48:44+00:00
SAO_6003-21,São Paulo,3550308,True,,35344,,,-23.75413,-46.708843,,,,2,2023-06-15T16:48:14+00:00
SAO_6003-21,São Paulo,3550308,True,,35344,,,-23.7667585,-46.71704,,,,2,2023-06-15T16:48:20+00:00
SAO_6003-21,São Paulo,3550308,True,,35344,,,-23.7666665,-46.717319,,,,2,2023-06-15T16:48:33+00:00
SAO_607A-10,São Paulo,3550308,True,,34907,,,-23.680373,-46.683829,,,,2,2023-06-15T16:48:21+00:00
SAO_607A-10,São Paulo,3550308,True,,34907,,,-23.677299249999997,-46.69812175,,,,2,2023-06-15T16:48:38+00:00
SAO_607A-10,São Paulo,3550308,True,,34907,,,-23.695572,-46.651475000000005,,,,2,2023-06-15T16:48:45+00:00
SAO_607A-10,São Paulo,3550308,True,,34907,,,-23.704368000000002,-46.6500335,,,,2,2023-06-15T16:45:18+00:00
SAO_607A-10,São Paulo,3550308,True,,34907,,,-23.661365,-46.717587,,,,2,2023-06-15T16:48:04+00:00
SAO_6837-10,São Paulo,3550308,True,,32774,,,-23.6505515,-46.759669,,,,2,2023-06-15T16:48:18+00:00
SAO_6837-10,São Paulo,3550308,True,,32774,,,-23.615714,-46.740030000000004,,,,2,2023-06-15T16:48:34+00:00
SAO_6837-10,São Paulo,3550308,True,,32774,,,-23.630574499999998,-46.756719000000004,,,,2,2023-06-15T16:48:21+00:00
SAO_6837-10,São Paulo,3550308,True,,32774,,,-23.616358750000003,-46.75709175,,,,2,2023-06-15T16:48:09+00:00
SAO_807M-10,São Paulo,3550308,True,,1916,,,-23.6185725,-46.6991085,,,,1,2023-06-15T16:48:36+00:00
SAO_807M-10,São Paulo,3550308,True,,1916,,,-23.631579000000002,-46.772447,,,,1,2023-06-15T16:48:17+00:00
SAO_807M-10,São Paulo,3550308,True,,1916,,,-23.614911499999998,-46.74246975,,,,1,2023-06-15T16:48:29+00:00
SAO_807M-10,São Paulo,3550308,True,,1916,,,-23.625623249999997,-46.765403,,,,1,2023-06-15T16:48:20+00:00
SAO_807M-10,São Paulo,3550308,True,,1916,,,-23.6015485,-46.7104525,,,,1,2023-06-15T16:48:22+00:00
SAO_807M-10,São Paulo,3550308,True,,1916,,,-23.602262,-46.7118095,,,,1,2023-06-15T16:48:45+00:00
SAO_807M-10,São Paulo,3550308,True,,1916,,,-23.618038499999997,-46.750865000000005,,,,1,2023-06-15T16:48:42+00:00
SAO_807M-10,São Paulo,3550308,True,,1916,,,-23.61519,-46.742481999999995,,,,1,2023-06-15T16:48:14+00:00
SAO_1012-21,São Paulo,3550308,True,,2570,,,-23.432398499999998,-46.787057000000004,,,,1,2023-06-15T16:48:12+00:00
SAO_307C-10,São Paulo,3550308,True,,34882,,,-23.494686,-46.427058,,,,2,2023-06-15T16:48:37+00:00
SAO_307C-10,São Paulo,3550308,True,,34882,,,-23.503643,-46.380181,,,,2,2023-06-15T16:48:41+00:00
SAO_307C-10,São Paulo,3550308,True,,34882,,,-23.504168999999997,-46.379309,,,,2,2023-06-15T16:48:12+00:00
SAO_307C-10,São Paulo,3550308,True,,34882,,,-23.498487,-46.3996315,,,,2,2023-06-15T16:48:25+00:00
SAO_307C-10,São Paulo,3550308,True,,34882,,,-23.5037935,-46.379870499999996,,,,2,2023-06-15T16:48:07+00:00
SAO_307C-10,São Paulo,3550308,True,,34882,,,-23.5037935,-46.379870499999996,,,,2,2023-06-15T16:48:23+00:00
SAO_307C-10,São Paulo,3550308,True,,34882,,,-23.503725000000003,-46.379984,,,,2,2023-06-15T16:48:13+00:00
SAO_307C-10,São Paulo,3550308,True,,34882,,,-23.51739375,-46.38870250000001,,,,2,2023-06-15T16:48:11+00:00
SAO_9181-10,São Paulo,3550308,True,,885,,,-23.469593875,-46.68709275,,,,1,2023-06-15T16:48:04+00:00
SAO_9181-10,São Paulo,3550308,True,,885,,,-23.517795125,-46.699339875,,,,1,2023-06-15T16:48:21+00:00
SAO_9181-10,São Paulo,3550308,True,,885,,,-23.457559,-46.6963325,,,,1,2023-06-15T16:48:32+00:00
SAO_9181-10,São Paulo,3550308,True,,885,,,-23.462184999999998,-46.696357,,,,1,2023-06-15T16:48:19+00:00
SAO_9181-10,São Paulo,3550308,True,,885,,,-23.457559,-46.6963325,,,,1,2023-06-15T16:48:42+00:00
SAO_9181-10,São Paulo,3550308,True,,885,,,-23.52363175,-46.70185575,,,,1,2023-06-15T16:48:08+00:00
SAO_9181-10,São Paulo,3550308,True,,885,,,-23.478918,-46.6856615,,,,1,2023-06-15T16:48:10+00:00
SAO_9181-10,São Paulo,3550308,True,,885,,,-23.457559,-46.6963325,,,,1,2023-06-15T16:48:42+00:00
SAO_6049-10,São Paulo,3550308,True,,34077,,,-23.694238,-46.79535625,,,,2,2023-06-15T16:48:40+00:00
SAO_6049-10,São Paulo,3550308,True,,34077,,,-23.69435,-46.794564,,,,2,2023-06-15T16:48:40+00:00
SAO_6049-10,São Paulo,3550308,True,,34077,,,-23.644126,-46.7294695,,,,2,2023-06-15T16:48:30+00:00
SAO_6049-10,São Paulo,3550308,True,,34077,,,-23.6582785,-46.760383000000004,,,,2,2023-06-15T16:48:09+00:00
SAO_6049-10,São Paulo,3550308,True,,34077,,,-23.662273499999998,-46.780083000000005,,,,2,2023-06-15T16:48:46+00:00
SAO_6049-10,São Paulo,3550308,True,,34077,,,-23.6861745,-46.801913,,,,2,2023-06-15T16:48:33+00:00
SAO_5652-10,São Paulo,3550308,True,,33042,,,-23.704033000000003,-46.688122,,,,2,2023-06-15T16:48:33+00:00
SAO_5652-10,São Paulo,3550308,True,,33042,,,-23.677566499999998,-46.682621,,,,2,2023-06-15T16:48:06+00:00
SAO_5652-10,São Paulo,3550308,True,,33042,,,-23.704033000000003,-46.688122,,,,2,2023-06-15T16:48:34+00:00
SAO_5652-10,São Paulo,3550308,True,,33042,,,-23.707663,-46.702771,,,,2,2023-06-15T16:45:08+00:00
SAO_5652-10,São Paulo,3550308,True,,33042,,,-23.677945,-46.6837225,,,,2,2023-06-15T16:48:37+00:00
SAO_5652-10,São Paulo,3550308,True,,33042,,,-23.7168175,-46.683304,,,,2,2023-06-15T16:46:29+00:00
SAO_5652-10,São Paulo,3550308,True,,33042,,,-23.550281499999997,-46.636097750000005,,,,2,2023-06-15T16:48:40+00:00
SAO_5024-31,São Paulo,3550308,True,,1123,,,-23.68858,-46.648693,,,,1,2023-06-15T16:48:28+00:00
SAO_5024-31,São Paulo,3550308,True,,1123,,,-23.688361999999998,-46.680305000000004,,,,1,2023-06-15T16:47:49+00:00
SAO_5024-31,São Paulo,3550308,True,,1123,,,-23.6893395,-46.662277,,,,1,2023-06-15T16:48:07+00:00
SAO_4028-10,São Paulo,3550308,True,,1098,,,-23.630792,-46.44628,,,,1,2023-06-15T16:48:41+00:00
SAO_4028-10,São Paulo,3550308,True,,1098,,,-23.64352525,-46.44254,,,,1,2023-06-15T16:48:32+00:00
SAO_4028-10,São Paulo,3550308,True,,1098,,,-23.6135575,-46.471833000000004,,,,1,2023-06-15T16:48:46+00:00
SAO_4028-10,São Paulo,3550308,True,,1098,,,-23.5931925,-46.489129500000004,,,,1,2023-06-15T16:48:30+00:00
SAO_4028-10,São Paulo,3550308,True,,1098,,,-23.593264,-46.489357999999996,,,,1,2023-06-15T16:48:13+00:00
SAO_4028-10,São Paulo,3550308,True,,1098,,,-23.5929201875,-46.488674562499995,,,,1,2023-06-15T16:48:11+00:00
SAO_1756-10,São Paulo,3550308,True,,33315,,,-23.458094,-46.642975500000006,,,,2,2023-06-15T16:48:25+00:00
SAO_1756-10,São Paulo,3550308,True,,33315,,,-23.489801999999997,-46.6320075,,,,2,2023-06-15T16:48:22+00:00
SAO_1756-10,São Paulo,3550308,True,,33315,,,-23.453628000000002,-46.64417,,,,2,2023-06-15T16:48:36+00:00
SAO_1756-10,São Paulo,3550308,True,,33315,,,-23.458094,-46.642975500000006,,,,2,2023-06-15T16:48:03+00:00
SAO_1756-10,São Paulo,3550308,True,,33315,,,-23.4580645,-46.6433105,,,,2,2023-06-15T16:48:32+00:00
SAO_2740-10,São Paulo,3550308,True,,1792,,,-23.463156499999997,-46.637495625,,,,1,2023-06-15T16:48:15+00:00
SAO_2740-10,São Paulo,3550308,True,,1792,,,-23.48369525,-46.614146,,,,1,2023-06-15T16:46:24+00:00
SAO_2740-10,São Paulo,3550308,True,,1792,,,-23.45846625,-46.60761875,,,,1,2023-06-15T16:48:08+00:00
SAO_2740-10,São Paulo,3550308,True,,1792,,,-23.458434500000003,-46.608059499999996,,,,1,2023-06-15T16:48:18+00:00
SAO_2740-10,São Paulo,3550308,True,,1792,,,-23.4703805,-46.6054525,,,,1,2023-06-15T16:47:49+00:00
SAO_2756-10,São Paulo,3550308,True,,33006,,,-23.5390525,-46.4079415,,,,2,2023-06-15T16:47:35+00:00
SAO_2756-10,São Paulo,3550308,True,,33006,,,-23.5192045,-46.4733155,,,,2,2023-06-15T16:48:36+00:00
SAO_2756-10,São Paulo,3550308,True,,33006,,,-23.544410499999998,-46.390766,,,,2,2023-06-15T16:48:35+00:00
SAO_2756-10,São Paulo,3550308,True,,33006,,,-23.5439295,-46.3912265,,,,2,2023-06-15T16:48:43+00:00
SAO_3725-41,São Paulo,3550308,True,,34299,,,-23.532833500000002,-46.530833,,,,2,2023-06-15T16:48:19+00:00
SAO_3725-41,São Paulo,3550308,True,,34299,,,-23.5419515,-46.527744999999996,,,,2,2023-06-15T16:48:07+00:00
SAO_6232-10,São Paulo,3550308,True,,33251,,,-23.54590575,-46.708266,,,,2,2023-06-15T16:48:05+00:00
SAO_6232-10,São Paulo,3550308,True,,33251,,,-23.54590575,-46.708266,,,,2,2023-06-15T16:48:06+00:00
SAO_271M-10,São Paulo,3550308,True,,33452,,,-23.512393250000002,-46.56326850000001,,,,2,2023-06-15T16:48:40+00:00
SAO_271M-10,São Paulo,3550308,True,,33452,,,-23.5141695,-46.56791100000001,,,,2,2023-06-15T16:48:05+00:00
SAO_271M-10,São Paulo,3550308,True,,33452,,,-23.501604,-46.577447,,,,2,2023-06-15T16:47:07+00:00
SAO_271M-10,São Paulo,3550308,True,,33452,,,-23.512197999999998,-46.563227499999996,,,,2,2023-06-15T16:48:04+00:00
SAO_271M-10,São Paulo,3550308,True,,33452,,,-23.5120595,-46.5631845,,,,2,2023-06-15T16:48:31+00:00
SAO_271M-10,São Paulo,3550308,True,,33452,,,-23.511872,-46.563117500000004,,,,2,2023-06-15T16:48:12+00:00
SAO_271M-10,São Paulo,3550308,True,,33452,,,-23.504048,-46.613839999999996,,,,2,2023-06-15T16:48:08+00:00
SAO_2002-10,São Paulo,3550308,True,STT,711,https://moovitapp.com/index/pt-br/transporte_p%C3%BAblico-line-711-Sao_Paulo-242-850661-183340-0,5.3,-23.54264225,-46.63977325,,,,1,2023-06-15T16:48:46+00:00
SAO_2002-10,São Paulo,3550308,True,STT,711,https://moovitapp.com/index/pt-br/transporte_p%C3%BAblico-line-711-Sao_Paulo-242-850661-183340-0,5.3,-23.543589249999997,-46.644211999999996,,,,1,2023-06-15T16:48:23+00:00
SAO_2002-10,São Paulo,3550308,True,STT,711,https://moovitapp.com/index/pt-br/transporte_p%C3%BAblico-line-711-Sao_Paulo-242-850661-183340-0,5.3,-23.5479395,-46.6332285,,,,1,2023-06-15T16:48:24+00:00
SAO_476A-10,São Paulo,3550308,True,,304,,,-23.654646999999997,-46.714907499999995,,,,1,2023-06-15T16:48:39+00:00
SAO_476A-10,São Paulo,3550308,True,,304,,,-23.62208425,-46.661891999999995,,,,1,2023-06-15T16:48:26+00:00
SAO_476A-10,São Paulo,3550308,True,,304,,,-23.599678500000003,-46.64184875,,,,1,2023-06-15T16:47:49+00:00
SAO_4016-10,São Paulo,3550308,True,,2189,,,-23.613115999999998,-46.476499,,,,1,2023-06-15T16:48:30+00:00
SAO_4016-10,São Paulo,3550308,True,,2189,,,-23.6179945,-46.46851625000001,,,,1,2023-06-15T16:48:34+00:00
SAO_9011-21,São Paulo,3550308,True,,1768,,,-23.4547945,-46.738510500000004,,,,1,2023-06-15T16:48:33+00:00
SAO_9011-21,São Paulo,3550308,True,,1768,,,-23.44190725,-46.733870249999995,,,,1,2023-06-15T16:48:15+00:00
SAO_9011-21,São Paulo,3550308,True,,1768,,,-23.4547945,-46.738510500000004,,,,1,2023-06-15T16:48:39+00:00
SAO_9011-21,São Paulo,3550308,True,,1768,,,-23.4547945,-46.738510500000004,,,,1,2023-06-15T16:48:07+00:00
SAO_9011-21,São Paulo,3550308,True,,1768,,,-23.4547945,-46.738510500000004,,,,1,2023-06-15T16:48:38+00:00
SAO_9011-21,São Paulo,3550308,True,,1768,,,-23.4547945,-46.738510500000004,,,,1,2023-06-15T16:48:24+00:00
SAO_9011-21,São Paulo,3550308,True,,1768,,,-23.4547945,-46.738510500000004,,,,1,2023-06-15T16:48:32+00:00
SAO_2735-21,São Paulo,3550308,True,,33282,,,-23.510884500000003,-46.5509175,,,,2,2023-06-15T16:48:11+00:00
SAO_2735-21,São Paulo,3550308,True,,33282,,,-23.49880425,-46.52920925000001,,,,2,2023-06-15T16:48:04+00:00
SAO_314V-10,São Paulo,3550308,True,EMTU,311,https://moovitapp.com/index/pt-br/transporte_p%C3%BAblico-line-311-Sao_Paulo-242-2038937-36419403-0,7.9,-23.5791125,-46.579988,,,,1,2023-06-15T16:48:21+00:00
SAO_546J-10,São Paulo,3550308,True,,1133,,,-23.6724,-46.6753315,,,,1,2023-06-15T16:48:29+00:00
SAO_546J-10,São Paulo,3550308,True,,1133,,,-23.655201625,-46.70150175,,,,1,2023-06-15T16:48:17+00:00
SAO_546J-10,São Paulo,3550308,True,,1133,,,-23.69270925,-46.658944875,,,,1,2023-06-15T16:47:59+00:00
SAO_546J-10,São Paulo,3550308,True,,1133,,,-23.687824,-46.658593499999995,,,,1,2023-06-15T16:48:25+00:00
SAO_3003-10,São Paulo,3550308,True,,34565,,,-23.479201250000003,-46.42118275,,,,2,2023-06-15T16:48:43+00:00
SAO_3003-10,São Paulo,3550308,True,,34565,,,-23.47741,-46.427730999999994,,,,2,2023-06-15T16:48:23+00:00
SAO_3003-10,São Paulo,3550308,True,,34565,,,-23.479100875,-46.421538125,,,,2,2023-06-15T16:48:33+00:00
SAO_6400-10,São Paulo,3550308,True,,57,,,-23.5518885,-46.6470025,,,,1,2023-06-15T16:48:45+00:00
SAO_6400-10,São Paulo,3550308,True,,57,,,-23.64471425,-46.726479,,,,1,2023-06-15T16:48:41+00:00
SAO_6400-10,São Paulo,3550308,True,,57,,,-23.585545000000003,-46.670801999999995,,,,1,2023-06-15T16:48:23+00:00
SAO_6400-10,São Paulo,3550308,True,,57,,,-23.642097624999998,-46.698589,,,,1,2023-06-15T16:48:06+00:00
SAO_6118-10,São Paulo,3550308,True,,33956,,,-23.718163,-46.7056945,,,,2,2023-06-15T16:48:25+00:00
SAO_6118-10,São Paulo,3550308,True,,33956,,,-23.752415999999997,-46.70257425,,,,2,2023-06-15T16:48:26+00:00
SAO_6118-10,São Paulo,3550308,True,,33956,,,-23.665322,-46.71104,,,,2,2023-06-15T16:48:34+00:00
SAO_6118-10,São Paulo,3550308,True,,33956,,,-23.752540500000002,-46.7027275,,,,2,2023-06-15T16:48:44+00:00
SAO_6118-10,São Paulo,3550308,True,,33956,,,-23.7447105,-46.70353525,,,,2,2023-06-15T16:48:05+00:00
SAO_6118-10,São Paulo,3550308,True,,33956,,,-23.752415999999997,-46.70257425,,,,2,2023-06-15T16:48:35+00:00
SAO_6118-10,São Paulo,3550308,True,,33956,,,-23.698055749999998,-46.701179749999994,,,,2,2023-06-15T16:48:41+00:00
SAO_677A-10,São Paulo,3550308,True,,34007,,,-23.689751,-46.773829500000005,,,,2,2023-06-15T16:48:29+00:00
SAO_677A-10,São Paulo,3550308,True,,34007,,,-23.659469875,-46.725195062500006,,,,2,2023-06-15T16:48:12+00:00
SAO_677A-10,São Paulo,3550308,True,,34007,,,-23.674512,-46.7490545,,,,2,2023-06-15T16:48:04+00:00
SAO_677A-10,São Paulo,3550308,True,,34007,,,-23.6901525,-46.774198999999996,,,,2,2023-06-15T16:48:35+00:00
SAO_677A-10,São Paulo,3550308,True,,34007,,,-23.659469875,-46.725195062500006,,,,2,2023-06-15T16:47:52+00:00
SAO_677A-10,São Paulo,3550308,True,,34007,,,-23.592104,-46.689231500000005,,,,2,2023-06-15T16:48:44+00:00
SAO_677A-10,São Paulo,3550308,True,,34007,,,-23.64059675,-46.726294749999994,,,,2,2023-06-15T16:48:14+00:00
SAO_677A-10,São Paulo,3550308,True,,34007,,,-23.592324,-46.689248,,,,2,2023-06-15T16:48:04+00:00
SAO_6815-10,São Paulo,3550308,True,,32793,,,-23.6758025,-46.783198,,,,2,2023-06-15T16:48:31+00:00
SAO_6815-10,São Paulo,3550308,True,,32793,,,-23.67560075,-46.783419,,,,2,2023-06-15T16:48:05+00:00
SAO_6815-10,São Paulo,3550308,True,,32793,,,-23.6758025,-46.783198,,,,2,2023-06-15T16:48:34+00:00
SAO_172U-10,São Paulo,3550308,True,,33628,,,-23.500959875,-46.6234115,,,,2,2023-06-15T16:48:23+00:00
SAO_172U-10,São Paulo,3550308,True,,33628,,,-23.4757495,-46.603131,,,,2,2023-06-15T16:48:23+00:00
SAO_172U-10,São Paulo,3550308,True,,33628,,,-23.500967624999998,-46.623118500000004,,,,2,2023-06-15T16:48:45+00:00
SAO_172U-10,São Paulo,3550308,True,,33628,,,-23.565823,-46.5887375,,,,2,2023-06-15T16:48:09+00:00
SAO_172U-10,São Paulo,3550308,True,,33628,,,-23.486551499999997,-46.617423,,,,2,2023-06-15T16:48:26+00:00
SAO_172U-10,São Paulo,3550308,True,,33628,,,-23.558355499999998,-46.59565775,,,,2,2023-06-15T16:48:37+00:00
SAO_172U-10,São Paulo,3550308,True,,33628,,,-23.4392155,-46.569888500000005,,,,2,2023-06-15T16:48:38+00:00
SAO_172U-10,São Paulo,3550308,True,,33628,,,-23.486551499999997,-46.617423,,,,2,2023-06-15T16:48:18+00:00
SAO_172U-10,São Paulo,3550308,True,,33628,,,-23.4638295,-46.5956875,,,,2,2023-06-15T16:48:46+00:00
SAO_172U-10,São Paulo,3550308,True,,33628,,,-23.436823500000003,-46.566249,,,,2,2023-06-15T16:48:11+00:00
SAO_172U-10,São Paulo,3550308,True,,33628,,,-23.438252,-46.566261,,,,2,2023-06-15T16:48:35+00:00
SAO_477U-10,São Paulo,3550308,True,,306,,,-23.59391,-46.60468375,,,,1,2023-06-15T16:48:03+00:00
SAO_477U-10,São Paulo,3550308,True,,306,,,-23.5903545,-46.631699499999996,,,,1,2023-06-15T16:48:20+00:00
SAO_5317-10,São Paulo,3550308,True,,32837,,,-23.713659749999998,-46.68957625,,,,2,2023-06-15T16:48:29+00:00
SAO_5317-10,São Paulo,3550308,True,,32837,,,-23.658395499999997,-46.7017755,,,,2,2023-06-15T16:48:38+00:00
SAO_5317-10,São Paulo,3550308,True,,32837,,,-23.65257425,-46.70175025,,,,2,2023-06-15T16:48:16+00:00
SAO_5317-10,São Paulo,3550308,True,,32837,,,-23.5599095,-46.639506,,,,2,2023-06-15T16:48:28+00:00
SAO_6048-10,São Paulo,3550308,True,BR7 Mobilidade,56,https://moovitapp.com/index/pt-br/transporte_p%C3%BAblico-line-56-Sao_Paulo-242-851856-518592-0,5.75,-23.6514915,-46.757566249999996,,,,1,2023-06-15T16:48:08+00:00
SAO_6048-10,São Paulo,3550308,True,BR7 Mobilidade,56,https://moovitapp.com/index/pt-br/transporte_p%C3%BAblico-line-56-Sao_Paulo-242-851856-518592-0,5.75,-23.6805215,-46.769168500000006,,,,1,2023-06-15T16:48:28+00:00
SAO_6048-10,São Paulo,3550308,True,BR7 Mobilidade,56,https://moovitapp.com/index/pt-br/transporte_p%C3%BAblico-line-56-Sao_Paulo-242-851856-518592-0,5.75,-23.6805215,-46.769168500000006,,,,1,2023-06-15T16:48:39+00:00
SAO_6048-10,São Paulo,3550308,True,BR7 Mobilidade,56,https://moovitapp.com/index/pt-br/transporte_p%C3%BAblico-line-56-Sao_Paulo-242-851856-518592-0,5.75,-23.644859875,-46.722269874999995,,,,1,2023-06-15T16:48:17+00:00
SAO_8400-10,São Paulo,3550308,True,,1265,,,-23.4979585,-46.7069405,,,,1,2023-06-15T16:48:43+00:00
SAO_8400-10,São Paulo,3550308,True,,1265,,,-23.486878500000003,-46.7265645,,,,1,2023-06-15T16:48:38+00:00
SAO_8400-10,São Paulo,3550308,True,,1265,,,-23.52577625,-46.67950425,,,,1,2023-06-15T16:48:43+00:00
SAO_8400-10,São Paulo,3550308,True,,1265,,,-23.4866745,-46.725972999999996,,,,1,2023-06-15T16:48:04+00:00
SAO_8400-10,São Paulo,3550308,True,,1265,,,-23.524919125000004,-46.699054749999995,,,,1,2023-06-15T16:48:25+00:00
SAO_8400-10,São Paulo,3550308,True,,1265,,,-23.4878705,-46.71395975,,,,1,2023-06-15T16:48:25+00:00
SAO_8400-10,São Paulo,3550308,True,,1265,,,-23.5325365,-46.657965250000004,,,,1,2023-06-15T16:48:18+00:00
SAO_8400-10,São Paulo,3550308,True,,1265,,,-23.486878500000003,-46.7265645,,,,1,2023-06-15T16:48:39+00:00
SAO_8400-10,São Paulo,3550308,True,,1265,,,-23.486492,-46.725708499999996,,,,1,2023-06-15T16:48:14+00:00
SAO_8400-10,São Paulo,3550308,True,,1265,,,-23.486878500000003,-46.7265645,,,,1,2023-06-15T16:48:08+00:00
SAO_8400-10,São Paulo,3550308,True,,1265,,,-23.486878500000003,-46.7265645,,,,1,2023-06-15T16:48:45+00:00
SAO_8400-10,São Paulo,3550308,True,,1265,,,-23.5476045,-46.640784,,,,1,2023-06-15T16:48:08+00:00
SAO_1024-10,São Paulo,3550308,True,,2302,,,-23.48888,-46.698154,,,,1,2023-06-15T16:48:19+00:00
SAO_1024-10,São Paulo,3550308,True,,2302,,,-23.471162,-46.6982345,,,,1,2023-06-15T16:48:24+00:00
SAO_1024-10,São Paulo,3550308,True,,2302,,,-23.4595525,-46.7080845,,,,1,2023-06-15T16:48:33+00:00
SAO_4025-10,São Paulo,3550308,True,,33863,,,-23.59443725,-46.555998,,,,2,2023-06-15T16:48:44+00:00
SAO_4025-10,São Paulo,3550308,True,,33863,,,-23.607989375000002,-46.553975375,,,,2,2023-06-15T16:48:22+00:00
SAO_4025-10,São Paulo,3550308,True,,33863,,,-23.607765625,-46.554057625,,,,2,2023-06-15T16:48:08+00:00
SAO_4025-10,São Paulo,3550308,True,,33863,,,-23.608213125,-46.553893125,,,,2,2023-06-15T16:48:09+00:00
SAO_4025-10,São Paulo,3550308,True,,33863,,,-23.583663,-46.582224,,,,2,2023-06-15T16:48:47+00:00
SAO_4025-10,São Paulo,3550308,True,,33863,,,-23.607989375000002,-46.553975375,,,,2,2023-06-15T16:48:06+00:00
SAO_4025-10,São Paulo,3550308,True,,33863,,,-23.5723635,-46.5818515,,,,2,2023-06-15T16:48:04+00:00
SAO_7060-10,São Paulo,3550308,True,,1889,,,-23.6817585,-46.79681975,,,,1,2023-06-15T16:48:33+00:00
SAO_4721-10,São Paulo,3550308,True,EMTU,337,https://moovitapp.com/index/pt-br/transporte_p%C3%BAblico-line-337-Sao_Paulo-242-2038937-36419422-0,6.35,-23.6450955,-46.64122625,,,,1,2023-06-15T16:48:29+00:00
SAO_4721-10,São Paulo,3550308,True,EMTU,337,https://moovitapp.com/index/pt-br/transporte_p%C3%BAblico-line-337-Sao_Paulo-242-2038937-36419422-0,6.35,-23.6150965,-46.626979500000004,,,,1,2023-06-15T16:48:13+00:00
SAO_271M-10,São Paulo,3550308,True,,684,,,-23.5080755,-46.566720249999996,,,,1,2023-06-15T16:48:35+00:00
SAO_271M-10,São Paulo,3550308,True,,684,,,-23.500557,-46.6154065,,,,1,2023-06-15T16:48:02+00:00
SAO_271M-10,São Paulo,3550308,True,,684,,,-23.504683999999997,-46.59442625,,,,1,2023-06-15T16:45:04+00:00
SAO_271M-10,São Paulo,3550308,True,,684,,,-23.509921,-46.562571500000004,,,,1,2023-06-15T16:48:15+00:00
SAO_775A-10,São Paulo,3550308,True,,33241,,,-23.5623195,-46.7647105,,,,2,2023-06-15T16:48:36+00:00
SAO_775A-10,São Paulo,3550308,True,,33241,,,-23.56891275,-46.69930325,,,,2,2023-06-15T16:48:31+00:00
SAO_513L-10,São Paulo,3550308,True,,1655,,,-23.561748,-46.59653625,,,,1,2023-06-15T16:48:37+00:00
SAO_513L-10,São Paulo,3550308,True,,1655,,,-23.6034085,-46.6026285,,,,1,2023-06-15T16:48:37+00:00
SAO_513L-10,São Paulo,3550308,True,,1655,,,-23.602105,-46.602912,,,,1,2023-06-15T16:47:02+00:00
SAO_2007-10,São Paulo,3550308,True,,33664,,,-23.5095785,-46.37041775,,,,2,2023-06-15T16:45:23+00:00
SAO_2007-10,São Paulo,3550308,True,,33664,,,-23.510008749999997,-46.3703235,,,,2,2023-06-15T16:48:19+00:00
SAO_2007-10,São Paulo,3550308,True,,33664,,,-23.506757,-46.368624000000004,,,,2,2023-06-15T16:48:20+00:00
SAO_2007-10,São Paulo,3550308,True,,33664,,,-23.500356,-46.3810335,,,,2,2023-06-15T16:48:30+00:00
SAO_2007-10,São Paulo,3550308,True,,33664,,,-23.5003025,-46.3930875,,,,2,2023-06-15T16:48:03+00:00
SAO_2007-10,São Paulo,3550308,True,,33664,,,-23.510008749999997,-46.3703235,,,,2,2023-06-15T16:48:15+00:00
SAO_6500-10,São Paulo,3550308,True,,32814,,,-23.549304,-46.6390795,,,,2,2023-06-15T16:48:36+00:00
SAO_6500-10,São Paulo,3550308,True,,32814,,,-23.641780124999997,-46.699149125000005,,,,2,2023-06-15T16:48:46+00:00
SAO_6500-10,São Paulo,3550308,True,,32814,,,-23.5496475,-46.6398245,,,,2,2023-06-15T16:48:10+00:00
SAO_6500-10,São Paulo,3550308,True,,32814,,,-23.584882,-46.6705855,,,,2,2023-06-15T16:48:27+00:00
SAO_6500-10,São Paulo,3550308,True,,32814,,,-23.585707499999998,-46.670976499999995,,,,2,2023-06-15T16:48:31+00:00
SAO_2780-10,São Paulo,3550308,True,EMTU,399,https://moovitapp.com/index/pt-br/transporte_p%C3%BAblico-line-399-Sao_Paulo-242-2038937-36419463-0,6.45,-23.4940365,-46.4196,,,,1,2023-06-15T16:48:06+00:00
SAO_2780-10,São Paulo,3550308,True,EMTU,399,https://moovitapp.com/index/pt-br/transporte_p%C3%BAblico-line-399-Sao_Paulo-242-2038937-36419463-0,6.45,-23.5090345,-46.3739105,,,,1,2023-06-15T16:45:57+00:00
SAO_675N-10,São Paulo,3550308,True,,33130,,,-23.650828374999996,-46.716792625,,,,2,2023-06-15T16:48:11+00:00
SAO_675N-10,São Paulo,3550308,True,,33130,,,-23.5935085,-46.6527575,,,,2,2023-06-15T16:48:25+00:00
SAO_6002-10,São Paulo,3550308,True,,34747,,,-23.70916425,-46.69858725,,,,2,2023-06-15T16:48:05+00:00
SAO_6002-10,São Paulo,3550308,True,,34747,,,-23.70891875,-46.69864775,,,,2,2023-06-15T16:48:17+00:00
SAO_6002-10,São Paulo,3550308,True,,34747,,,-23.691684000000002,-46.677837999999994,,,,2,2023-06-15T16:48:44+00:00
SAO_7053-10,São Paulo,3550308,True,,1887,,,-23.631218,-46.773197499999995,,,,1,2023-06-15T16:48:13+00:00
SAO_7053-10,São Paulo,3550308,True,,1887,,,-23.65385975,-46.79008575,,,,1,2023-06-15T16:48:19+00:00
SAO_7053-10,São Paulo,3550308,True,,1887,,,-23.642898,-46.78666975,,,,1,2023-06-15T16:48:38+00:00
SAO_118Y-10,São Paulo,3550308,True,EMTU,841,https://moovitapp.com/index/pt-br/transporte_p%C3%BAblico-line-841-Sao_Paulo-242-2038937-36419604-0,5.15,-23.5196265,-46.7028125,,,,1,2023-06-15T16:48:02+00:00
SAO_118Y-10,São Paulo,3550308,True,EMTU,841,https://moovitapp.com/index/pt-br/transporte_p%C3%BAblico-line-841-Sao_Paulo-242-2038937-36419604-0,5.15,-23.482584000000003,-46.6545965,,,,1,2023-06-15T16:48:26+00:00
SAO_118Y-10,São Paulo,3550308,True,EMTU,841,https://moovitapp.com/index/pt-br/transporte_p%C3%BAblico-line-841-Sao_Paulo-242-2038937-36419604-0,5.15,-23.5071835,-46.6899085,,,,1,2023-06-15T16:46:14+00:00
SAO_118Y-10,São Paulo,3550308,True,EMTU,841,https://moovitapp.com/index/pt-br/transporte_p%C3%BAblico-line-841-Sao_Paulo-242-2038937-36419604-0,5.15,-23.489376,-46.673304,,,,1,2023-06-15T16:48:13+00:00
SAO_118Y-10,São Paulo,3550308,True,EMTU,841,https://moovitapp.com/index/pt-br/transporte_p%C3%BAblico-line-841-Sao_Paulo-242-2038937-36419604-0,5.15,-23.476712,-46.6424035,,,,1,2023-06-15T16:48:16+00:00
SAO_118Y-10,São Paulo,3550308,True,EMTU,841,https://moovitapp.com/index/pt-br/transporte_p%C3%BAblico-line-841-Sao_Paulo-242-2038937-36419604-0,5.15,-23.471871999999998,-46.6346485,,,,1,2023-06-15T16:48:12+00:00
SAO_675L-10,São Paulo,3550308,True,,1478,,,-23.653993,-46.710736499999996,,,,1,2023-06-15T16:48:16+00:00
SAO_675L-10,São Paulo,3550308,True,,1478,,,-23.653993,-46.710736499999996,,,,1,2023-06-15T16:48:15+00:00
SAO_675L-10,São Paulo,3550308,True,,1478,,,-23.641531999999998,-46.6980655,,,,1,2023-06-15T16:48:44+00:00
SAO_675L-10,São Paulo,3550308,True,,1478,,,-23.5984794375,-46.65730531250001,,,,1,2023-06-15T16:48:04+00:00
SAO_7272-10,São Paulo,3550308,True,,34101,,,-23.5202375,-46.7008215,,,,2,2023-06-15T16:48:24+00:00
SAO_7272-10,São Paulo,3550308,True,,34101,,,-23.5469375,-46.639476,,,,2,2023-06-15T16:48:12+00:00
SAO_7272-10,São Paulo,3550308,True,,34101,,,-23.517837749999998,-46.70744575,,,,2,2023-06-15T16:48:12+00:00
SAO_7272-10,São Paulo,3550308,True,,34101,,,-23.526047499999997,-46.6927955,,,,2,2023-06-15T16:48:28+00:00
SAO_4092-10,São Paulo,3550308,True,,1876,,,-23.580005125,-46.4126035,,,,1,2023-06-15T16:48:45+00:00
SAO_8622-10,São Paulo,3550308,True,EMTU,438,https://moovitapp.com/index/pt-br/transporte_p%C3%BAblico-line-438-Sao_Paulo-242-2038937-36419488-0,7.65,-23.432629,-46.792567500000004,,,,1,2023-06-15T16:48:17+00:00
SAO_8622-10,São Paulo,3550308,True,EMTU,438,https://moovitapp.com/index/pt-br/transporte_p%C3%BAblico-line-438-Sao_Paulo-242-2038937-36419488-0,7.65,-23.53208,-46.661072000000004,,,,1,2023-06-15T16:48:03+00:00
SAO_8622-10,São Paulo,3550308,True,EMTU,438,https://moovitapp.com/index/pt-br/transporte_p%C3%BAblico-line-438-Sao_Paulo-242-2038937-36419488-0,7.65,-23.547718,-46.6426395,,,,1,2023-06-15T16:48:33+00:00
SAO_8622-10,São Paulo,3550308,True,EMTU,438,https://moovitapp.com/index/pt-br/transporte_p%C3%BAblico-line-438-Sao_Paulo-242-2038937-36419488-0,7.65,-23.524973125000002,-46.69138662499999,,,,1,2023-06-15T16:48:14+00:00
SAO_8622-10,São Paulo,3550308,True,EMTU,438,https://moovitapp.com/index/pt-br/transporte_p%C3%BAblico-line-438-Sao_Paulo-242-2038937-36419488-0,7.65,-23.509351000000002,-46.731581500000004,,,,1,2023-06-15T16:48:41+00:00
SAO_8622-10,São Paulo,3550308,True,EMTU,438,https://moovitapp.com/index/pt-br/transporte_p%C3%BAblico-line-438-Sao_Paulo-242-2038937-36419488-0,7.65,-23.4988543125,-46.75489412499999,,,,1,2023-06-15T16:48:38+00:00
SAO_1771-10,São Paulo,3550308,True,,634,,,-23.4342435,-46.58034,,,,1,2023-06-15T16:48:31+00:00
SAO_1771-10,São Paulo,3550308,True,,634,,,-23.4717015,-46.5975295,,,,1,2023-06-15T16:45:47+00:00
SAO_1771-10,São Paulo,3550308,True,,634,,,-23.487362625,-46.622486375,,,,1,2023-06-15T16:47:52+00:00
SAO_8025-10,São Paulo,3550308,True,,2076,,,-23.592174,-46.765278,,,,1,2023-06-15T16:48:17+00:00
SAO_8025-10,São Paulo,3550308,True,,2076,,,-23.585587500000003,-46.746734,,,,1,2023-06-15T16:48:09+00:00
SAO_8025-10,São Paulo,3550308,True,,2076,,,-23.59181125,-46.73579,,,,1,2023-06-15T16:48:31+00:00
SAO_3745-10,São Paulo,3550308,True,,33812,,,-23.538698,-46.565755,,,,2,2023-06-15T16:48:40+00:00
SAO_3745-10,São Paulo,3550308,True,,33812,,,-23.589163499999998,-46.500732,,,,2,2023-06-15T16:48:37+00:00
SAO_3745-10,São Paulo,3550308,True,,33812,,,-23.571044999999998,-46.527586,,,,2,2023-06-15T16:48:15+00:00
SAO_3745-10,São Paulo,3550308,True,,33812,,,-23.58888,-46.5006235,,,,2,2023-06-15T16:48:21+00:00
SAO_3745-10,São Paulo,3550308,True,,33812,,,-23.58958175,-46.50089925,,,,2,2023-06-15T16:48:21+00:00
SAO_3745-10,São Paulo,3550308,True,,33812,,,-23.587147,-46.515763500000006,,,,2,2023-06-15T16:48:45+00:00
SAO_3745-10,São Paulo,3550308,True,,33812,,,-23.541038999999998,-46.576837,,,,2,2023-06-15T16:48:06+00:00
SAO_3745-10,São Paulo,3550308,True,,33812,,,-23.58958175,-46.50089925,,,,2,2023-06-15T16:48:16+00:00
SAO_3745-10,São Paulo,3550308,True,,33812,,,-23.546923,-46.541230125,,,,2,2023-06-15T16:48:29+00:00
SAO_874T-10,São Paulo,3550308,True,EMTU,307,https://moovitapp.com/index/pt-br/transporte_p%C3%BAblico-line-307-Sao_Paulo-242-2038937-36419399-0,5.2,-23.584545499999997,-46.636248249999994,,,,1,2023-06-15T16:48:42+00:00
SAO_874T-10,São Paulo,3550308,True,EMTU,307,https://moovitapp.com/index/pt-br/transporte_p%C3%BAblico-line-307-Sao_Paulo-242-2038937-36419399-0,5.2,-23.537150750000002,-46.65005075,,,,1,2023-06-15T16:48:32+00:00
SAO_874T-10,São Paulo,3550308,True,EMTU,307,https://moovitapp.com/index/pt-br/transporte_p%C3%BAblico-line-307-Sao_Paulo-242-2038937-36419399-0,5.2,-23.57678,-46.603480625,,,,1,2023-06-15T16:48:37+00:00
SAO_7267-10,São Paulo,3550308,True,,1427,,,-23.553642312500003,-46.672105437499994,,,,1,2023-06-15T16:48:10+00:00
SAO_7267-10,São Paulo,3550308,True,,1427,,,-23.536766,-46.6772695,,,,1,2023-06-15T16:48:39+00:00
SAO_7267-10,São Paulo,3550308,True,,1427,,,-23.538072375,-46.67806975,,,,1,2023-06-15T16:48:44+00:00
SAO_7267-10,São Paulo,3550308,True,,1427,,,-23.547852499999998,-46.6434055,,,,1,2023-06-15T16:48:23+00:00
SAO_8610-10,São Paulo,3550308,True,,34831,,,-23.551130999999998,-46.645861999999994,,,,2,2023-06-15T16:48:22+00:00
SAO_8610-10,São Paulo,3550308,True,,34831,,,-23.588603,-46.794655000000006,,,,2,2023-06-15T16:48:29+00:00
SAO_8610-10,São Paulo,3550308,True,,34831,,,-23.576174,-46.6874595,,,,2,2023-06-15T16:48:39+00:00
SAO_8610-10,São Paulo,3550308,True,,34831,,,-23.6031905,-46.781071999999995,,,,2,2023-06-15T16:48:35+00:00
SAO_8610-10,São Paulo,3550308,True,,34831,,,-23.576995,-46.6718795,,,,2,2023-06-15T16:48:15+00:00
SAO_8610-10,São Paulo,3550308,True,,34831,,,-23.6032175,-46.780919,,,,2,2023-06-15T16:48:26+00:00
SAO_8610-10,São Paulo,3550308,True,,34831,,,-23.572976750000002,-46.705288499999995,,,,2,2023-06-15T16:48:11+00:00
SAO_609F-10,São Paulo,3550308,True,,32805,,,-23.54867,-46.6393845,,,,2,2023-06-15T16:48:35+00:00
SAO_609F-10,São Paulo,3550308,True,,32805,,,-23.536344874999998,-46.642668875,,,,2,2023-06-15T16:48:28+00:00
SAO_609F-10,São Paulo,3550308,True,,32805,,,-23.586142000000002,-46.693146999999996,,,,2,2023-06-15T16:48:44+00:00
SAO_609F-10,São Paulo,3550308,True,,32805,,,-23.668001500000003,-46.7491535,,,,2,2023-06-15T16:48:35+00:00
SAO_609F-10,São Paulo,3550308,True,,32805,,,-23.577004000000002,-46.6724405,,,,2,2023-06-15T16:48:38+00:00
SAO_314V-10,São Paulo,3550308,True,,33079,,,-23.557799,-46.634068,,,,2,2023-06-15T16:48:37+00:00
SAO_314V-10,São Paulo,3550308,True,,33079,,,-23.5679065,-46.612052500000004,,,,2,2023-06-15T16:48:02+00:00
SAO_314V-10,São Paulo,3550308,True,,33079,,,-23.5903485,-46.5381825,,,,2,2023-06-15T16:48:03+00:00
SAO_314V-10,São Paulo,3550308,True,,33079,,,-23.590397,-46.537910999999994,,,,2,2023-06-15T16:48:19+00:00
SAO_6806-10,São Paulo,3550308,True,,32800,,,-23.633952,-46.757903,,,,2,2023-06-15T16:48:09+00:00
SAO_6806-10,São Paulo,3550308,True,,32800,,,-23.642863249999998,-46.73661775000001,,,,2,2023-06-15T16:48:40+00:00
SAO_5033-10,São Paulo,3550308,True,,1665,,,-23.617728,-46.610526,,,,1,2023-06-15T16:48:25+00:00
SAO_2720-10,São Paulo,3550308,True,,33701,,,-23.523042,-46.519755,,,,2,2023-06-15T16:48:16+00:00
SAO_2720-10,São Paulo,3550308,True,,33701,,,-23.490626,-46.474965499999996,,,,2,2023-06-15T16:48:32+00:00
SAO_2720-10,São Paulo,3550308,True,,33701,,,-23.5075325,-46.489591250000004,,,,2,2023-06-15T16:48:46+00:00
SAO_2720-10,São Paulo,3550308,True,,33701,,,-23.49308275,-46.4787395,,,,2,2023-06-15T16:48:32+00:00
SAO_2720-10,São Paulo,3550308,True,,33701,,,-23.493021,-46.470974,,,,2,2023-06-15T16:48:10+00:00
SAO_2720-10,São Paulo,3550308,True,,33701,,,-23.492872,-46.471083,,,,2,2023-06-15T16:48:07+00:00
SAO_7053-21,São Paulo,3550308,True,,34663,,,-23.6365825,-46.7782305,,,,2,2023-06-15T16:48:41+00:00
SAO_7053-21,São Paulo,3550308,True,,34663,,,-23.64219025,-46.78573025,,,,2,2023-06-15T16:48:05+00:00
SAO_7053-21,São Paulo,3550308,True,,34663,,,-23.642354750000003,-46.78591075,,,,2,2023-06-15T16:48:21+00:00
SAO_273D-10,São Paulo,3550308,True,,222,,,-23.521597,-46.47556056249999,,,,1,2023-06-15T16:48:40+00:00
SAO_273D-10,São Paulo,3550308,True,,222,,,-23.507209000000003,-46.4314535,,,,1,2023-06-15T16:48:07+00:00
SAO_273D-10,São Paulo,3550308,True,,222,,,-23.494404,-46.4148335,,,,1,2023-06-15T16:48:14+00:00
SAO_273D-10,São Paulo,3550308,True,,222,,,-23.520804,-46.4114145,,,,1,2023-06-15T16:48:08+00:00
SAO_273D-10,São Paulo,3550308,True,,222,,,-23.513562,-46.445895,,,,1,2023-06-15T16:48:37+00:00
SAO_2722-31,São Paulo,3550308,True,,33704,,,-23.5133355,-46.50134975,,,,2,2023-06-15T16:48:03+00:00
SAO_2722-31,São Paulo,3550308,True,,33704,,,-23.490048,-46.498453,,,,2,2023-06-15T16:46:59+00:00
SAO_971T-10,São Paulo,3550308,True,,33386,,,-23.493351249999996,-46.675582250000005,,,,2,2023-06-15T16:48:10+00:00
SAO_971T-10,São Paulo,3550308,True,,33386,,,-23.493473,-46.6740915,,,,2,2023-06-15T16:48:40+00:00
SAO_971T-10,São Paulo,3550308,True,,33386,,,-23.4917065,-46.641703500000006,,,,2,2023-06-15T16:48:08+00:00
SAO_971T-10,São Paulo,3550308,True,,33386,,,-23.488631,-46.66547525,,,,2,2023-06-15T16:48:19+00:00
SAO_6007-10,São Paulo,3550308,True,,32944,,,-23.652333,-46.733948999999996,,,,2,2023-06-15T16:48:02+00:00
SAO_6007-10,São Paulo,3550308,True,,32944,,,-23.661381499999997,-46.754678999999996,,,,2,2023-06-15T16:48:25+00:00
SAO_6007-10,São Paulo,3550308,True,,32944,,,-23.653897,-46.7629255,,,,2,2023-06-15T16:48:32+00:00
SAO_6007-10,São Paulo,3550308,True,,32944,,,-23.6541735,-46.763611,,,,2,2023-06-15T16:48:29+00:00
SAO_6007-10,São Paulo,3550308,True,,32944,,,-23.661545500000003,-46.736228999999994,,,,2,2023-06-15T16:46:04+00:00
SAO_6007-10,São Paulo,3550308,True,,32944,,,-23.6667165,-46.7272485,,,,2,2023-06-15T16:48:31+00:00
SAO_509J-10,São Paulo,3550308,True,EMTU,264,https://moovitapp.com/index/pt-br/transporte_p%C3%BAblico-line-264-Sao_Paulo-242-2038937-36419374-0,6.2,-23.619899,-46.661921,,,,1,2023-06-15T16:48:29+00:00
SAO_509J-10,São Paulo,3550308,True,EMTU,264,https://moovitapp.com/index/pt-br/transporte_p%C3%BAblico-line-264-Sao_Paulo-242-2038937-36419374-0,6.2,-23.601715874999996,-46.662136000000004,,,,1,2023-06-15T16:48:21+00:00
SAO_509J-10,São Paulo,3550308,True,EMTU,264,https://moovitapp.com/index/pt-br/transporte_p%C3%BAblico-line-264-Sao_Paulo-242-2038937-36419374-0,6.2,-23.6172735,-46.66899925,,,,1,2023-06-15T16:48:40+00:00
SAO_509J-10,São Paulo,3550308,True,EMTU,264,https://moovitapp.com/index/pt-br/transporte_p%C3%BAblico-line-264-Sao_Paulo-242-2038937-36419374-0,6.2,-23.68611125,-46.6634235,,,,1,2023-06-15T16:48:34+00:00
SAO_509J-10,São Paulo,3550308,True,EMTU,264,https://moovitapp.com/index/pt-br/transporte_p%C3%BAblico-line-264-Sao_Paulo-242-2038937-36419374-0,6.2,-23.661078500000002,-46.6793775,,,,1,2023-06-15T16:48:11+00:00
SAO_701U-10,São Paulo,3550308,True,,657,,,-23.5521175,-46.7315415,,,,1,2023-06-15T16:48:26+00:00
SAO_701U-10,São Paulo,3550308,True,,657,,,-23.559016874999998,-46.68392862500001,,,,1,2023-06-15T16:48:32+00:00
SAO_701U-10,São Paulo,3550308,True,,657,,,-23.5521175,-46.7315415,,,,1,2023-06-15T16:48:04+00:00
SAO_701U-10,São Paulo,3550308,True,,657,,,-23.5521175,-46.7315415,,,,1,2023-06-15T16:48:13+00:00
SAO_701U-10,São Paulo,3550308,True,,657,,,-23.5550435,-46.662276500000004,,,,1,2023-06-15T16:48:43+00:00
SAO_701U-10,São Paulo,3550308,True,,657,,,-23.5407395,-46.638073,,,,1,2023-06-15T16:48:24+00:00
SAO_8027-10,São Paulo,3550308,True,,2162,,,-23.565349,-46.744643874999994,,,,1,2023-06-15T16:48:18+00:00
SAO_3778-10,São Paulo,3550308,True,,33830,,,-23.540174999999998,-46.55162,,,,2,2023-06-15T16:48:40+00:00
SAO_3778-10,São Paulo,3550308,True,,33830,,,-23.558028999999998,-46.522641500000006,,,,2,2023-06-15T16:48:12+00:00
SAO_3778-10,São Paulo,3550308,True,,33830,,,-23.570103,-46.486686,,,,2,2023-06-15T16:48:36+00:00
SAO_3778-10,São Paulo,3550308,True,,33830,,,-23.570423499999997,-46.4876835,,,,2,2023-06-15T16:48:10+00:00
SAO_3778-10,São Paulo,3550308,True,,33830,,,-23.570475000000002,-46.4883615,,,,2,2023-06-15T16:48:05+00:00
SAO_3778-10,São Paulo,3550308,True,,33830,,,-23.574355500000003,-46.4958865,,,,2,2023-06-15T16:48:26+00:00
SAO_3778-10,São Paulo,3550308,True,,33830,,,-23.57248725,-46.503353000000004,,,,2,2023-06-15T16:48:18+00:00
SAO_6120-10,São Paulo,3550308,True,,33957,,,-23.7537005,-46.687889,,,,2,2023-06-15T16:48:12+00:00
SAO_6120-10,São Paulo,3550308,True,,33957,,,-23.736897499999998,-46.69694,,,,2,2023-06-15T16:48:04+00:00
SAO_6120-10,São Paulo,3550308,True,,33957,,,-23.76019175,-46.677102749999996,,,,2,2023-06-15T16:48:38+00:00
SAO_2161-10,São Paulo,3550308,True,,694,,,-23.52939825,-46.602333,,,,1,2023-06-15T16:47:17+00:00
SAO_2161-10,São Paulo,3550308,True,,694,,,-23.501680999999998,-46.5904595,,,,1,2023-06-15T16:48:45+00:00
SAO_971C-10,São Paulo,3550308,True,,571,,,-23.4621635,-46.683870999999996,,,,1,2023-06-15T16:48:29+00:00
SAO_971C-10,São Paulo,3550308,True,,571,,,-23.4407675,-46.708209,,,,1,2023-06-15T16:48:33+00:00
SAO_971C-10,São Paulo,3550308,True,,571,,,-23.501332,-46.624855,,,,1,2023-06-15T16:48:35+00:00
SAO_971C-10,São Paulo,3550308,True,,571,,,-23.4591725,-46.6875575,,,,1,2023-06-15T16:48:04+00:00
SAO_971C-10,São Paulo,3550308,True,,571,,,-23.4877925,-46.652354,,,,1,2023-06-15T16:48:29+00:00
SAO_6250-10,São Paulo,3550308,True,,33236,,,-23.579169,-46.71026499999999,,,,2,2023-06-15T16:48:21+00:00
SAO_6250-10,São Paulo,3550308,True,,33236,,,-23.597096,-46.7681435,,,,2,2023-06-15T16:48:41+00:00
SAO_5021-10,São Paulo,3550308,True,,34435,,,-23.6302405,-46.62586,,,,2,2023-06-15T16:48:09+00:00
SAO_5021-10,São Paulo,3550308,True,,34435,,,-23.607715999999996,-46.6167305,,,,2,2023-06-15T16:48:35+00:00
SAO_5021-10,São Paulo,3550308,True,,34435,,,-23.6302405,-46.62586,,,,2,2023-06-15T16:48:41+00:00
SAO_6045-21,São Paulo,3550308,True,,34932,,,-23.693677,-46.793632,,,,2,2023-06-15T16:48:08+00:00
SAO_6045-21,São Paulo,3550308,True,,34932,,,-23.654868,-46.762968,,,,2,2023-06-15T16:48:26+00:00
SAO_6045-21,São Paulo,3550308,True,,34932,,,-23.698768,-46.796265500000004,,,,2,2023-06-15T16:48:37+00:00
SAO_9050-10,São Paulo,3550308,True,,2088,,,-23.547907375,-46.710279,,,,1,2023-06-15T16:48:31+00:00
SAO_9050-10,São Paulo,3550308,True,,2088,,,-23.581507000000002,-46.684625499999996,,,,1,2023-06-15T16:48:10+00:00
SAO_9050-10,São Paulo,3550308,True,,2088,,,-23.552721499999997,-46.698541,,,,1,2023-06-15T16:48:30+00:00
SAO_9050-10,São Paulo,3550308,True,,2088,,,-23.5221425,-46.700432,,,,1,2023-06-15T16:48:43+00:00
SAO_6056-10,São Paulo,3550308,True,,1147,,,-23.741697000000002,-46.700661,,,,1,2023-06-15T16:48:06+00:00
SAO_6056-10,São Paulo,3550308,True,,1147,,,-23.7642825,-46.702025500000005,,,,1,2023-06-15T16:48:20+00:00
SAO_6056-10,São Paulo,3550308,True,,1147,,,-23.7551975,-46.7091795,,,,1,2023-06-15T16:48:43+00:00
SAO_2363-10,São Paulo,3550308,True,,32903,,,-23.498963500000002,-46.501861500000004,,,,2,2023-06-15T16:48:15+00:00
SAO_2363-10,São Paulo,3550308,True,,32903,,,-23.5355065,-46.5843,,,,2,2023-06-15T16:47:59+00:00
SAO_2363-10,São Paulo,3550308,True,,32903,,,-23.547694,-46.6290445,,,,2,2023-06-15T16:48:43+00:00
SAO_2363-10,São Paulo,3550308,True,,32903,,,-23.52422,-46.548732,,,,2,2023-06-15T16:48:02+00:00
SAO_2363-10,São Paulo,3550308,True,,32903,,,-23.4987395,-46.50209475,,,,2,2023-06-15T16:48:12+00:00
SAO_2363-10,São Paulo,3550308,True,,32903,,,-23.499299,-46.501563000000004,,,,2,2023-06-15T16:48:32+00:00
SAO_5110-41,São Paulo,3550308,True,,34978,,,-23.605916,-46.508196749999996,,,,2,2023-06-15T16:46:03+00:00
SAO_1720-21,São Paulo,3550308,True,,1937,,,-23.478828,-46.583487,,,,1,2023-06-15T16:48:07+00:00
SAO_1757-10,São Paulo,3550308,True,,548,,,-23.491527999999995,-46.627570750000004,,,,1,2023-06-15T16:48:27+00:00
SAO_1757-10,São Paulo,3550308,True,,548,,,-23.471618499999998,-46.6369145,,,,1,2023-06-15T16:48:33+00:00
SAO_7725-10,São Paulo,3550308,True,,33240,,,-23.564782,-46.760630500000005,,,,2,2023-06-15T16:48:21+00:00
SAO_7725-10,São Paulo,3550308,True,,33240,,,-23.5551755,-46.709809500000006,,,,2,2023-06-15T16:48:42+00:00
SAO_4718-10,São Paulo,3550308,True,EMTU,336,https://moovitapp.com/index/pt-br/transporte_p%C3%BAblico-line-336-Sao_Paulo-242-2038937-36419421-0,4.8,-23.657176,-46.613479999999996,,,,1,2023-06-15T16:48:30+00:00
SAO_7016-10,São Paulo,3550308,True,,34886,,,-23.660927,-46.707567499999996,,,,2,2023-06-15T16:48:25+00:00
SAO_7016-10,São Paulo,3550308,True,,34886,,,-23.686118,-46.753211,,,,2,2023-06-15T16:48:27+00:00
SAO_7016-10,São Paulo,3550308,True,,34886,,,-23.688845375,-46.77301675,,,,2,2023-06-15T16:48:31+00:00
SAO_4001-10,São Paulo,3550308,True,,2176,,,-23.5383605,-46.4560725,,,,1,2023-06-15T16:48:42+00:00
SAO_4001-10,São Paulo,3550308,True,,2176,,,-23.5547825,-46.5163485,,,,1,2023-06-15T16:48:27+00:00
SAO_575C-10,São Paulo,3550308,True,,1686,,,-23.580351,-46.5257425,,,,1,2023-06-15T16:48:15+00:00
SAO_6813-10,São Paulo,3550308,True,,32801,,,-23.668012249999997,-46.764174,,,,2,2023-06-15T16:48:15+00:00
SAO_6813-10,São Paulo,3550308,True,,32801,,,-23.668003249999998,-46.76382625,,,,2,2023-06-15T16:48:27+00:00
SAO_1742-10,São Paulo,3550308,True,,33310,,,-23.457126,-46.65923775,,,,2,2023-06-15T16:48:14+00:00
SAO_1742-10,São Paulo,3550308,True,,33310,,,-23.500336,-46.624546,,,,2,2023-06-15T16:48:27+00:00
SAO_1742-10,São Paulo,3550308,True,,33310,,,-23.4835615,-46.631298,,,,2,2023-06-15T16:48:16+00:00
SAO_1742-10,São Paulo,3550308,True,,33310,,,-23.4538725,-46.6611165,,,,2,2023-06-15T16:48:06+00:00
SAO_2705-10,São Paulo,3550308,True,,33685,,,-23.541358000000002,-46.405698,,,,2,2023-06-15T16:48:20+00:00
SAO_2705-10,São Paulo,3550308,True,,33685,,,-23.546270625000002,-46.393018375000004,,,,2,2023-06-15T16:29:14+00:00
SAO_2705-10,São Paulo,3550308,True,,33685,,,-23.546270625000002,-46.393018375000004,,,,2,2023-06-15T16:48:25+00:00
SAO_2705-10,São Paulo,3550308,True,,33685,,,-23.5420225,-46.471230000000006,,,,2,2023-06-15T16:43:29+00:00
SAO_1024-10,São Paulo,3550308,True,,35070,,,-23.461024000000002,-46.708865,,,,2,2023-06-15T16:48:32+00:00
SAO_1024-10,São Paulo,3550308,True,,35070,,,-23.461024000000002,-46.708865,,,,2,2023-06-15T16:48:19+00:00
SAO_1024-10,São Paulo,3550308,True,,35070,,,-23.4602285,-46.699382,,,,2,2023-06-15T16:48:07+00:00
SAO_1024-10,São Paulo,3550308,True,,35070,,,-23.461024000000002,-46.708865,,,,2,2023-06-15T16:48:20+00:00
SAO_1024-10,São Paulo,3550308,True,,35070,,,-23.4892355,-46.6982065,,,,2,2023-06-15T16:48:27+00:00
SAO_1024-10,São Paulo,3550308,True,,35070,,,-23.4566075,-46.701213499999994,,,,2,2023-06-15T16:48:37+00:00
SAO_1024-10,São Paulo,3550308,True,,35070,,,-23.4609315,-46.7087415,,,,2,2023-06-15T16:48:09+00:00
SAO_6115-10,São Paulo,3550308,True,,1185,,,-23.7532915,-46.6815215,,,,1,2023-06-15T16:48:47+00:00
SAO_6115-10,São Paulo,3550308,True,,1185,,,-23.753233,-46.681636,,,,1,2023-06-15T16:48:15+00:00
SAO_6115-10,São Paulo,3550308,True,,1185,,,-23.7428035,-46.658500000000004,,,,1,2023-06-15T16:48:07+00:00
SAO_6115-10,São Paulo,3550308,True,,1185,,,-23.743685,-46.664476,,,,1,2023-06-15T16:48:08+00:00
SAO_6115-10,São Paulo,3550308,True,,1185,,,-23.736250249999998,-46.6944315,,,,1,2023-06-15T16:48:25+00:00
SAO_6115-10,São Paulo,3550308,True,,1185,,,-23.742846999999998,-46.6583395,,,,1,2023-06-15T16:48:30+00:00
SAO_374V-10,São Paulo,3550308,True,,34415,,,-23.5376595,-46.455855,,,,2,2023-06-15T16:48:18+00:00
SAO_374V-10,São Paulo,3550308,True,,34415,,,-23.52444325,-46.449707000000004,,,,2,2023-06-15T16:48:40+00:00
SAO_374V-10,São Paulo,3550308,True,,34415,,,-23.5116805,-46.454798749999995,,,,2,2023-06-15T16:48:13+00:00
SAO_374V-10,São Paulo,3550308,True,,34415,,,-23.5116805,-46.454798749999995,,,,2,2023-06-15T16:48:33+00:00
SAO_5127-10,São Paulo,3550308,True,,1127,,,-23.6801195,-46.684002,,,,1,2023-06-15T16:48:33+00:00
SAO_5127-10,São Paulo,3550308,True,,1127,,,-23.684901,-46.6749755,,,,1,2023-06-15T16:45:24+00:00
SAO_5127-10,São Paulo,3550308,True,,1127,,,-23.675763500000002,-46.700155124999995,,,,1,2023-06-15T16:47:38+00:00
SAO_5127-10,São Paulo,3550308,True,,1127,,,-23.693175500000002,-46.6592355,,,,1,2023-06-15T16:48:11+00:00
SAO_5127-10,São Paulo,3550308,True,,1127,,,-23.6974285,-46.633846,,,,1,2023-06-15T16:48:03+00:00
SAO_5127-10,São Paulo,3550308,True,,1127,,,-23.7015515,-46.640887,,,,1,2023-06-15T16:48:32+00:00
SAO_6062-10,São Paulo,3550308,True,,1151,,,-23.737876,-46.697753500000005,,,,1,2023-06-15T16:48:16+00:00
SAO_6062-10,São Paulo,3550308,True,,1151,,,-23.741829,-46.681028,,,,1,2023-06-15T16:48:38+00:00
SAO_6062-10,São Paulo,3550308,True,,1151,,,-23.731355999999998,-46.688134,,,,1,2023-06-15T16:48:19+00:00
SAO_2104-10,São Paulo,3550308,True,,2255,,,-23.513296,-46.6251845,,,,1,2023-06-15T16:48:30+00:00
SAO_2104-10,São Paulo,3550308,True,,2255,,,-23.5378235,-46.628407125,,,,1,2023-06-15T16:48:35+00:00
SAO_3751-10,São Paulo,3550308,True,,1047,,,-23.569593500000003,-46.417435499999996,,,,1,2023-06-15T16:48:39+00:00
SAO_3751-10,São Paulo,3550308,True,,1047,,,-23.542630000000003,-46.468692000000004,,,,1,2023-06-15T16:48:26+00:00
SAO_3751-10,São Paulo,3550308,True,,1047,,,-23.54723175,-46.44641825,,,,1,2023-06-15T16:48:44+00:00
SAO_3751-10,São Paulo,3550308,True,,1047,,,-23.542298,-46.4702415,,,,1,2023-06-15T16:48:40+00:00
SAO_3751-10,São Paulo,3550308,True,,1047,,,-23.569356,-46.4108985,,,,1,2023-06-15T16:48:27+00:00
SAO_3751-10,São Paulo,3550308,True,,1047,,,-23.552062749999997,-46.432514,,,,1,2023-06-15T16:48:44+00:00
SAO_3751-10,São Paulo,3550308,True,,1047,,,-23.569356,-46.4108985,,,,1,2023-06-15T16:48:09+00:00
SAO_546A-31,São Paulo,3550308,True,,33900,,,-23.6740785,-46.686190499999995,,,,2,2023-06-15T16:48:38+00:00
SAO_546A-31,São Paulo,3550308,True,,33900,,,-23.713665,-46.65656725,,,,2,2023-06-15T16:47:33+00:00
SAO_546A-31,São Paulo,3550308,True,,33900,,,-23.707843,-46.6554405,,,,2,2023-06-15T16:44:46+00:00
SAO_546A-31,São Paulo,3550308,True,,33900,,,-23.6809495,-46.683034,,,,2,2023-06-15T16:48:33+00:00
SAO_546A-31,São Paulo,3550308,True,,33900,,,-23.6929245,-46.659800000000004,,,,2,2023-06-15T16:46:34+00:00
SAO_875P-10,São Paulo,3550308,True,,34109,,,-23.526525499999998,-46.6658365,,,,2,2023-06-15T16:48:10+00:00
SAO_875P-10,São Paulo,3550308,True,,34109,,,-23.534825750000003,-46.6633995,,,,2,2023-06-15T16:48:28+00:00
SAO_875P-10,São Paulo,3550308,True,,34109,,,-23.57592375,-46.6411165,,,,2,2023-06-15T16:48:24+00:00
SAO_875P-10,São Paulo,3550308,True,,34109,,,-23.557028625,-46.661263500000004,,,,2,2023-06-15T16:48:07+00:00
SAO_875P-10,São Paulo,3550308,True,,34109,,,-23.5820815,-46.6384025,,,,2,2023-06-15T16:48:23+00:00
SAO_2703-10,São Paulo,3550308,True,,33683,,,-23.523363500000002,-46.42842900000001,,,,2,2023-06-15T16:48:26+00:00
SAO_2703-10,São Paulo,3550308,True,,33683,,,-23.5313555,-46.4183815,,,,2,2023-06-15T16:48:31+00:00
SAO_2703-10,São Paulo,3550308,True,,33683,,,-23.541897,-46.470466,,,,2,2023-06-15T16:44:16+00:00
SAO_2703-10,São Paulo,3550308,True,,33683,,,-23.528947,-46.420657000000006,,,,2,2023-06-15T16:48:11+00:00
SAO_2703-10,São Paulo,3550308,True,,33683,,,-23.534081875,-46.4525515,,,,2,2023-06-15T16:48:07+00:00
SAO_2703-10,São Paulo,3550308,True,,33683,,,-23.529075,-46.42023275,,,,2,2023-06-15T16:47:53+00:00
SAO_2703-10,São Paulo,3550308,True,,33683,,,-23.529075,-46.42023275,,,,2,2023-06-15T16:48:45+00:00
SAO_2703-10,São Paulo,3550308,True,,33683,,,-23.524908500000002,-46.431667000000004,,,,2,2023-06-15T16:48:08+00:00
SAO_3023-10,São Paulo,3550308,True,Urubupungá,960,https://moovitapp.com/index/pt-br/transporte_p%C3%BAblico-line-960-Sao_Paulo-242-873835-31663702-0,4.6,-23.60103025,-46.48385275,,,,1,2023-06-15T16:48:27+00:00
SAO_3023-10,São Paulo,3550308,True,Urubupungá,960,https://moovitapp.com/index/pt-br/transporte_p%C3%BAblico-line-960-Sao_Paulo-242-873835-31663702-0,4.6,-23.63368825,-46.472753250000004,,,,1,2023-06-15T16:48:34+00:00
SAO_3023-10,São Paulo,3550308,True,Urubupungá,960,https://moovitapp.com/index/pt-br/transporte_p%C3%BAblico-line-960-Sao_Paulo-242-873835-31663702-0,4.6,-23.63368825,-46.472753250000004,,,,1,2023-06-15T16:48:34+00:00
SAO_3023-10,São Paulo,3550308,True,Urubupungá,960,https://moovitapp.com/index/pt-br/transporte_p%C3%BAblico-line-960-Sao_Paulo-242-873835-31663702-0,4.6,-23.633410750000003,-46.47284775,,,,1,2023-06-15T16:48:13+00:00
SAO_3023-10,São Paulo,3550308,True,Urubupungá,960,https://moovitapp.com/index/pt-br/transporte_p%C3%BAblico-line-960-Sao_Paulo-242-873835-31663702-0,4.6,-23.621927,-46.477909499999996,,,,1,2023-06-15T16:48:32+00:00
SAO_3023-10,São Paulo,3550308,True,Urubupungá,960,https://moovitapp.com/index/pt-br/transporte_p%C3%BAblico-line-960-Sao_Paulo-242-873835-31663702-0,4.6,-23.633410750000003,-46.47284775,,,,1,2023-06-15T16:48:05+00:00
SAO_3023-10,São Paulo,3550308,True,Urubupungá,960,https://moovitapp.com/index/pt-br/transporte_p%C3%BAblico-line-960-Sao_Paulo-242-873835-31663702-0,4.6,-23.5802465,-46.502086500000004,,,,1,2023-06-15T16:48:26+00:00
SAO_6073-10,São Paulo,3550308,True,,1160,,,-23.7766115,-46.723039,,,,1,2023-06-15T16:48:20+00:00
SAO_6073-10,São Paulo,3550308,True,,1160,,,-23.767210499999997,-46.7163985,,,,1,2023-06-15T16:48:44+00:00
SAO_213E-10,São Paulo,3550308,True,,2498,,,-23.48941525,-46.571597749999995,,,,1,2023-06-15T16:47:26+00:00
SAO_213E-10,São Paulo,3550308,True,,2498,,,-23.524741249999998,-46.587709375,,,,1,2023-06-15T16:48:34+00:00
SAO_213E-10,São Paulo,3550308,True,,2498,,,-23.4770695,-46.565158,,,,1,2023-06-15T16:48:25+00:00
SAO_4732-10,São Paulo,3550308,True,Rápido Campinas,302,https://moovitapp.com/index/pt-br/transporte_p%C3%BAblico-line-302-Sao_Paulo-242-858660-23262913-0,5.3,-23.6226,-46.62938,,,,1,2023-06-15T16:48:26+00:00
SAO_4732-10,São Paulo,3550308,True,Rápido Campinas,302,https://moovitapp.com/index/pt-br/transporte_p%C3%BAblico-line-302-Sao_Paulo-242-858660-23262913-0,5.3,-23.647742,-46.5999445,,,,1,2023-06-15T16:48:21+00:00
SAO_6817-10,São Paulo,3550308,True,,27,,,-23.6851545,-46.782897500000004,,,,1,2023-06-15T16:48:46+00:00
SAO_6817-10,São Paulo,3550308,True,,27,,,-23.654274,-46.7625595,,,,1,2023-06-15T16:48:34+00:00
SAO_6817-10,São Paulo,3550308,True,,27,,,-23.6759635,-46.774329,,,,1,2023-06-15T16:48:33+00:00
SAO_4013-10,São Paulo,3550308,True,,34954,,,-23.612155,-46.4735505,,,,2,2023-06-15T16:48:21+00:00
SAO_4013-10,São Paulo,3550308,True,,34954,,,-23.6359035,-46.444512,,,,2,2023-06-15T16:48:41+00:00
SAO_4013-10,São Paulo,3550308,True,,34954,,,-23.6261955,-46.445902000000004,,,,2,2023-06-15T16:48:18+00:00
SAO_271P-10,São Paulo,3550308,True,,704,,,-23.5312425,-46.60885974999999,,,,1,2023-06-15T16:48:42+00:00
SAO_271P-10,São Paulo,3550308,True,,704,,,-23.4994115,-46.51774775,,,,1,2023-06-15T16:48:16+00:00
SAO_271P-10,São Paulo,3550308,True,,704,,,-23.534309249999996,-46.6221415,,,,1,2023-06-15T16:48:39+00:00
SAO_213E-10,São Paulo,3550308,True,,35266,,,-23.542281000000003,-46.589968999999996,,,,2,2023-06-15T16:48:42+00:00
SAO_213E-10,São Paulo,3550308,True,,35266,,,-23.482442,-46.574034,,,,2,2023-06-15T16:47:01+00:00
SAO_174M-10,São Paulo,3550308,True,,33441,,,-23.485806750000002,-46.57241275,,,,2,2023-06-15T16:48:44+00:00
SAO_174M-10,São Paulo,3550308,True,,33441,,,-23.53582375,-46.617779,,,,2,2023-06-15T16:48:02+00:00
SAO_174M-10,São Paulo,3550308,True,,33441,,,-23.5470135,-46.624081375,,,,2,2023-06-15T16:48:03+00:00
SAO_174M-10,São Paulo,3550308,True,,33441,,,-23.5318015,-46.6254675,,,,2,2023-06-15T16:48:20+00:00
SAO_174M-10,São Paulo,3550308,True,,33441,,,-23.487555999999998,-46.5742625,,,,2,2023-06-15T16:48:08+00:00
SAO_174M-10,São Paulo,3550308,True,,33441,,,-23.535307500000002,-46.61982225,,,,2,2023-06-15T16:46:57+00:00
SAO_174M-10,São Paulo,3550308,True,,33441,,,-23.55715325,-46.619058375,,,,2,2023-06-15T16:48:45+00:00
SAO_174M-10,São Paulo,3550308,True,,33441,,,-23.4880165,-46.574464500000005,,,,2,2023-06-15T16:48:21+00:00
SAO_701H-10,São Paulo,3550308,True,,2558,,,-23.7026245,-46.744347,,,,1,2023-06-15T16:48:02+00:00
SAO_5034-10,São Paulo,3550308,True,,1663,,,-23.64335425,-46.5904675,,,,1,2023-06-15T16:48:38+00:00
SAO_5034-10,São Paulo,3550308,True,,1663,,,-23.6028795,-46.601814000000005,,,,1,2023-06-15T16:48:24+00:00
SAO_5034-10,São Paulo,3550308,True,,1663,,,-23.6305445,-46.60143,,,,1,2023-06-15T16:48:43+00:00
SAO_809N-10,São Paulo,3550308,True,,2244,,,-23.52371125,-46.69773975,,,,1,2023-06-15T16:48:23+00:00
SAO_3002-10,São Paulo,3550308,True,,1808,,,-23.498211,-46.430153499999996,,,,1,2023-06-15T16:47:39+00:00
SAO_3002-10,São Paulo,3550308,True,,1808,,,-23.510468,-46.378808,,,,1,2023-06-15T16:47:43+00:00
SAO_3002-10,São Paulo,3550308,True,,1808,,,-23.510468,-46.378808,,,,1,2023-06-15T16:48:32+00:00
SAO_3002-10,São Paulo,3550308,True,,1808,,,-23.4982915,-46.396243999999996,,,,1,2023-06-15T16:48:43+00:00
SAO_3002-10,São Paulo,3550308,True,,1808,,,-23.510468,-46.378808,,,,1,2023-06-15T16:48:19+00:00
SAO_6422-10,São Paulo,3550308,True,,33129,,,-23.567493,-46.659565,,,,2,2023-06-15T16:48:28+00:00
SAO_6422-10,São Paulo,3550308,True,,33129,,,-23.5550285,-46.649014,,,,2,2023-06-15T16:48:38+00:00
SAO_6422-10,São Paulo,3550308,True,,33129,,,-23.641499,-46.716685874999996,,,,2,2023-06-15T16:48:10+00:00
SAO_6422-10,São Paulo,3550308,True,,33129,,,-23.5883245,-46.671877249999994,,,,2,2023-06-15T16:48:15+00:00
SAO_6422-10,São Paulo,3550308,True,,33129,,,-23.641378000000003,-46.71796825,,,,2,2023-06-15T16:48:30+00:00
SAO_574W-10,São Paulo,3550308,True,,34397,,,-23.585531000000003,-46.519232,,,,2,2023-06-15T16:48:13+00:00
SAO_574W-10,São Paulo,3550308,True,,34397,,,-23.5699055,-46.5406025,,,,2,2023-06-15T16:48:09+00:00
SAO_574W-10,São Paulo,3550308,True,,34397,,,-23.6120715,-46.487640999999996,,,,2,2023-06-15T16:48:06+00:00
SAO_574W-10,São Paulo,3550308,True,,34397,,,-23.615382,-46.487986500000005,,,,2,2023-06-15T16:48:32+00:00
SAO_574W-10,São Paulo,3550308,True,,34397,,,-23.5460925,-46.586459500000004,,,,2,2023-06-15T16:48:30+00:00
SAO_574W-10,São Paulo,3550308,True,,34397,,,-23.61519175,-46.48790975,,,,2,2023-06-15T16:48:24+00:00
SAO_574W-10,São Paulo,3550308,True,,34397,,,-23.61519175,-46.48790975,,,,2,2023-06-15T16:48:32+00:00
SAO_546J-10,São Paulo,3550308,True,,33901,,,-23.675475249999998,-46.6608835,,,,2,2023-06-15T16:48:22+00:00
SAO_546J-10,São Paulo,3550308,True,,33901,,,-23.67430325,-46.6781245,,,,2,2023-06-15T16:48:08+00:00
SAO_546J-10,São Paulo,3550308,True,,33901,,,-23.660634,-46.695184,,,,2,2023-06-15T16:48:03+00:00
SAO_546J-10,São Paulo,3550308,True,,33901,,,-23.687589250000002,-46.6589635,,,,2,2023-06-15T16:48:05+00:00
SAO_546J-10,São Paulo,3550308,True,,33901,,,-23.692907499999997,-46.6602175,,,,2,2023-06-15T16:44:31+00:00
SAO_607A-10,São Paulo,3550308,True,,2139,,,-23.695213000000003,-46.6539025,,,,1,2023-06-15T16:48:31+00:00
SAO_607A-10,São Paulo,3550308,True,,2139,,,-23.696088,-46.675759,,,,1,2023-06-15T16:48:02+00:00
SAO_607A-10,São Paulo,3550308,True,,2139,,,-23.672698125,-46.701420375,,,,1,2023-06-15T16:46:55+00:00
SAO_607A-10,São Paulo,3550308,True,,2139,,,-23.7018975,-46.65018325,,,,1,2023-06-15T16:47:46+00:00
SAO_607A-10,São Paulo,3550308,True,,2139,,,-23.679184749999997,-46.68463475,,,,1,2023-06-15T16:48:34+00:00
SAO_6047-10,São Paulo,3550308,True,,1224,,,-23.664142,-46.76223775,,,,1,2023-06-15T16:48:35+00:00
SAO_6047-10,São Paulo,3550308,True,,1224,,,-23.6686645,-46.763990500000006,,,,1,2023-06-15T16:48:06+00:00
SAO_6047-10,São Paulo,3550308,True,,1224,,,-23.6440495,-46.7252575,,,,1,2023-06-15T16:48:08+00:00
SAO_6047-10,São Paulo,3550308,True,,1224,,,-23.653187625,-46.73823987499999,,,,1,2023-06-15T16:48:30+00:00
SAO_847J-10,São Paulo,3550308,True,,34110,,,-23.555694,-46.74268,,,,2,2023-06-15T16:48:31+00:00
SAO_847J-10,São Paulo,3550308,True,,34110,,,-23.555694,-46.74268,,,,2,2023-06-15T16:48:24+00:00
SAO_847J-10,São Paulo,3550308,True,,34110,,,-23.4819955,-46.7176395,,,,2,2023-06-15T16:48:03+00:00
SAO_847J-10,São Paulo,3550308,True,,34110,,,-23.530489875,-46.731335,,,,2,2023-06-15T16:48:04+00:00
SAO_476L-10,São Paulo,3550308,True,,33030,,,-23.59791825,-46.64269375,,,,2,2023-06-15T16:48:11+00:00
SAO_748A-41,São Paulo,3550308,True,EMTU,499,https://moovitapp.com/index/pt-br/transporte_p%C3%BAblico-line-499-Sao_Paulo-242-2038937-36419524-0,5.4,-23.597544,-46.7515375,,,,1,2023-06-15T16:48:20+00:00
SAO_714C-10,São Paulo,3550308,True,,33255,,,-23.586465750000002,-46.752198500000006,,,,2,2023-06-15T16:48:46+00:00
SAO_714C-10,São Paulo,3550308,True,,33255,,,-23.60201,-46.7903515,,,,2,2023-06-15T16:48:09+00:00
SAO_714C-10,São Paulo,3550308,True,,33255,,,-23.5551715,-46.6646375,,,,2,2023-06-15T16:48:28+00:00
SAO_714C-10,São Paulo,3550308,True,,33255,,,-23.584742999999996,-46.738156000000004,,,,2,2023-06-15T16:48:15+00:00
SAO_8319-10,São Paulo,3550308,True,,476,,,-23.550092562499998,-46.7390546875,,,,1,2023-06-15T16:48:27+00:00
SAO_8319-10,São Paulo,3550308,True,,476,,,-23.52773525,-46.706147,,,,1,2023-06-15T16:48:05+00:00
SAO_8319-10,São Paulo,3550308,True,,476,,,-23.548306500000002,-46.759401,,,,1,2023-06-15T16:48:07+00:00
SAO_4221-10,São Paulo,3550308,True,,33093,,,-23.595735249999997,-46.5576015,,,,2,2023-06-15T16:48:24+00:00
SAO_4221-10,São Paulo,3550308,True,,33093,,,-23.567074374999997,-46.60036087499999,,,,2,2023-06-15T16:48:02+00:00
SAO_4221-10,São Paulo,3550308,True,,33093,,,-23.60887425,-46.514239,,,,2,2023-06-15T16:48:35+00:00
SAO_1765-10,São Paulo,3550308,True,,34550,,,-23.467172,-46.56877125,,,,2,2023-06-15T16:48:10+00:00
SAO_1765-10,São Paulo,3550308,True,,34550,,,-23.480383,-46.602609,,,,2,2023-06-15T16:48:45+00:00
SAO_1765-10,São Paulo,3550308,True,,34550,,,-23.471479000000002,-46.581736750000005,,,,2,2023-06-15T16:44:34+00:00
SAO_1765-10,São Paulo,3550308,True,,34550,,,-23.467172,-46.56877125,,,,2,2023-06-15T16:48:07+00:00
SAO_637J-10,São Paulo,3550308,True,,32871,,,-23.67657975,-46.696490499999996,,,,2,2023-06-15T16:48:07+00:00
SAO_637J-10,São Paulo,3550308,True,,32871,,,-23.5745605,-46.688671,,,,2,2023-06-15T16:48:27+00:00
SAO_637J-10,São Paulo,3550308,True,,32871,,,-23.565585,-46.693946499999996,,,,2,2023-06-15T16:48:21+00:00
SAO_637J-10,São Paulo,3550308,True,,32871,,,-23.589437750000002,-46.67222375,,,,2,2023-06-15T16:48:14+00:00
SAO_637J-10,São Paulo,3550308,True,,32871,,,-23.658759,-46.698775999999995,,,,2,2023-06-15T16:48:20+00:00
SAO_637J-10,São Paulo,3550308,True,,32871,,,-23.739430249999998,-46.708802250000005,,,,2,2023-06-15T16:48:28+00:00
SAO_637J-10,São Paulo,3550308,True,,32871,,,-23.584215999999998,-46.67978325,,,,2,2023-06-15T16:48:44+00:00
SAO_637J-10,São Paulo,3550308,True,,32871,,,-23.739430249999998,-46.708802250000005,,,,2,2023-06-15T16:44:18+00:00
SAO_4726-10,São Paulo,3550308,True,,34448,,,-23.544423000000002,-46.58030225,,,,2,2023-06-15T16:48:08+00:00
SAO_4726-10,São Paulo,3550308,True,,34448,,,-23.553227,-46.582864,,,,2,2023-06-15T16:48:31+00:00
SAO_4726-10,São Paulo,3550308,True,,34448,,,-23.563308,-46.5786215,,,,2,2023-06-15T16:48:28+00:00
SAO_4726-10,São Paulo,3550308,True,,34448,,,-23.5410385,-46.575868,,,,2,2023-06-15T16:48:15+00:00
SAO_4726-10,São Paulo,3550308,True,,34448,,,-23.563146500000002,-46.592247,,,,2,2023-06-15T16:48:41+00:00
SAO_4726-10,São Paulo,3550308,True,,34448,,,-23.5560355,-46.58481775,,,,2,2023-06-15T16:48:43+00:00
SAO_6022-10,São Paulo,3550308,True,,33975,,,-23.728424,-46.7823315,,,,2,2023-06-15T16:48:06+00:00
SAO_6022-10,São Paulo,3550308,True,,33975,,,-23.722684,-46.785257,,,,2,2023-06-15T16:48:35+00:00
SAO_6022-10,São Paulo,3550308,True,,33975,,,-23.728424,-46.7823315,,,,2,2023-06-15T16:48:22+00:00
SAO_3139-10,São Paulo,3550308,True,,33763,,,-23.5570385,-46.580895749999996,,,,2,2023-06-15T16:48:03+00:00
SAO_3139-10,São Paulo,3550308,True,,33763,,,-23.57199725,-46.5269475,,,,2,2023-06-15T16:48:02+00:00
SAO_6041-21,São Paulo,3550308,True,,1749,,,-23.645693,-46.732936,,,,1,2023-06-15T16:48:33+00:00
SAO_2020-10,São Paulo,3550308,True,,2262,,,-23.465711499999998,-46.6035095,,,,1,2023-06-15T16:48:29+00:00
SAO_938C-10,São Paulo,3550308,True,,33354,,,-23.5227725,-46.693287,,,,2,2023-06-15T16:48:40+00:00
SAO_938C-10,São Paulo,3550308,True,,33354,,,-23.467176000000002,-46.7243235,,,,2,2023-06-15T16:48:34+00:00
SAO_938C-10,São Paulo,3550308,True,,33354,,,-23.44336525,-46.713192250000006,,,,2,2023-06-15T16:48:20+00:00
SAO_4003-10,São Paulo,3550308,True,,2159,,,-23.563623,-46.4172825,,,,1,2023-06-15T16:48:17+00:00
SAO_4003-10,São Paulo,3550308,True,,2159,,,-23.572851,-46.399499000000006,,,,1,2023-06-15T16:48:31+00:00
SAO_4003-10,São Paulo,3550308,True,,2159,,,-23.5733545,-46.398966,,,,1,2023-06-15T16:48:27+00:00
SAO_4003-10,São Paulo,3550308,True,,2159,,,-23.534766,-46.4536175,,,,1,2023-06-15T16:48:15+00:00
SAO_4003-10,São Paulo,3550308,True,,2159,,,-23.535841499999997,-46.4280035,,,,1,2023-06-15T16:43:27+00:00
SAO_1756-10,São Paulo,3550308,True,,547,,,-23.4943265,-46.625913499999996,,,,1,2023-06-15T16:48:44+00:00
SAO_1756-10,São Paulo,3550308,True,,547,,,-23.4572635,-46.6429485,,,,1,2023-06-15T16:48:05+00:00
SAO_1756-10,São Paulo,3550308,True,,547,,,-23.4728505,-46.640059,,,,1,2023-06-15T16:48:39+00:00
SAO_6291-10,São Paulo,3550308,True,EMTU,358,https://moovitapp.com/index/pt-br/transporte_p%C3%BAblico-line-358-Sao_Paulo-242-2038937-36419439-0,4.8,-23.5806045,-46.6807885,,,,1,2023-06-15T16:48:29+00:00
SAO_6291-10,São Paulo,3550308,True,EMTU,358,https://moovitapp.com/index/pt-br/transporte_p%C3%BAblico-line-358-Sao_Paulo-242-2038937-36419439-0,4.8,-23.549846,-46.6390715,,,,1,2023-06-15T16:48:03+00:00
SAO_6291-10,São Paulo,3550308,True,EMTU,358,https://moovitapp.com/index/pt-br/transporte_p%C3%BAblico-line-358-Sao_Paulo-242-2038937-36419439-0,4.8,-23.601595500000002,-46.710685999999995,,,,1,2023-06-15T16:48:04+00:00
SAO_6291-10,São Paulo,3550308,True,EMTU,358,https://moovitapp.com/index/pt-br/transporte_p%C3%BAblico-line-358-Sao_Paulo-242-2038937-36419439-0,4.8,-23.643303500000002,-46.7766185,,,,1,2023-06-15T16:48:29+00:00
SAO_6291-10,São Paulo,3550308,True,EMTU,358,https://moovitapp.com/index/pt-br/transporte_p%C3%BAblico-line-358-Sao_Paulo-242-2038937-36419439-0,4.8,-23.643303500000002,-46.7766185,,,,1,2023-06-15T16:48:22+00:00
SAO_6291-10,São Paulo,3550308,True,EMTU,358,https://moovitapp.com/index/pt-br/transporte_p%C3%BAblico-line-358-Sao_Paulo-242-2038937-36419439-0,4.8,-23.575842375,-46.669575,,,,1,2023-06-15T16:48:28+00:00
SAO_6291-10,São Paulo,3550308,True,EMTU,358,https://moovitapp.com/index/pt-br/transporte_p%C3%BAblico-line-358-Sao_Paulo-242-2038937-36419439-0,4.8,-23.604262,-46.712331500000005,,,,1,2023-06-15T16:48:09+00:00
SAO_6291-10,São Paulo,3550308,True,EMTU,358,https://moovitapp.com/index/pt-br/transporte_p%C3%BAblico-line-358-Sao_Paulo-242-2038937-36419439-0,4.8,-23.639794000000002,-46.7366705,,,,1,2023-06-15T16:48:25+00:00
SAO_6291-10,São Paulo,3550308,True,EMTU,358,https://moovitapp.com/index/pt-br/transporte_p%C3%BAblico-line-358-Sao_Paulo-242-2038937-36419439-0,4.8,-23.643925000000003,-46.7643495,,,,1,2023-06-15T16:48:35+00:00
SAO_4019-10,São Paulo,3550308,True,,35292,,,-23.5427825,-46.470522,,,,2,2023-06-15T16:48:34+00:00
SAO_4019-10,São Paulo,3550308,True,,35292,,,-23.548913,-46.473406499999996,,,,2,2023-06-15T16:48:23+00:00
SAO_7057-10,São Paulo,3550308,True,,34665,,,-23.64904925,-46.78534475,,,,2,2023-06-15T16:48:31+00:00
SAO_7057-10,São Paulo,3550308,True,,34665,,,-23.6493575,-46.7848365,,,,2,2023-06-15T16:48:34+00:00
SAO_7057-10,São Paulo,3550308,True,,34665,,,-23.6494785,-46.784633,,,,2,2023-06-15T16:48:03+00:00
SAO_7057-10,São Paulo,3550308,True,,34665,,,-23.64922775,-46.78505225,,,,2,2023-06-15T16:48:09+00:00
SAO_574A-10,São Paulo,3550308,True,,33370,,,-23.597682,-46.636748,,,,2,2023-06-15T16:48:25+00:00
SAO_574A-10,São Paulo,3550308,True,,33370,,,-23.66770375,-46.6422585,,,,2,2023-06-15T16:48:16+00:00
SAO_574A-10,São Paulo,3550308,True,,33370,,,-23.5820735,-46.626922,,,,2,2023-06-15T16:48:27+00:00
SAO_574A-10,São Paulo,3550308,True,,33370,,,-23.5663785,-46.614016500000005,,,,2,2023-06-15T16:48:17+00:00
SAO_574A-10,São Paulo,3550308,True,,33370,,,-23.6503375,-46.640522000000004,,,,2,2023-06-15T16:48:36+00:00
SAO_574A-10,São Paulo,3550308,True,,33370,,,-23.60994025,-46.63796075,,,,2,2023-06-15T16:48:37+00:00
SAO_574A-10,São Paulo,3550308,True,,33370,,,-23.563752875,-46.619027,,,,2,2023-06-15T16:48:07+00:00
SAO_574A-10,São Paulo,3550308,True,,33370,,,-23.6499695,-46.640615,,,,2,2023-06-15T16:48:40+00:00
SAO_233C-10,São Paulo,3550308,True,,155,,,-23.550252999999998,-46.510763,,,,1,2023-06-15T16:48:18+00:00
SAO_233C-10,São Paulo,3550308,True,,155,,,-23.519084499999998,-46.47601275,,,,1,2023-06-15T16:48:03+00:00
SAO_233C-10,São Paulo,3550308,True,,155,,,-23.518438,-46.4758375,,,,1,2023-06-15T16:48:30+00:00
SAO_233C-10,São Paulo,3550308,True,,155,,,-23.567309,-46.5407875,,,,1,2023-06-15T16:48:44+00:00
SAO_233C-10,São Paulo,3550308,True,,155,,,-23.530842,-46.473843,,,,1,2023-06-15T16:48:38+00:00
SAO_253F-10,São Paulo,3550308,True,,32926,,,-23.607076,-46.472094999999996,,,,2,2023-06-15T16:48:01+00:00
SAO_253F-10,São Paulo,3550308,True,,32926,,,-23.518185000000003,-46.469256,,,,2,2023-06-15T16:48:02+00:00
SAO_253F-10,São Paulo,3550308,True,,32926,,,-23.577362,-46.4529205,,,,2,2023-06-15T16:44:35+00:00
SAO_253F-10,São Paulo,3550308,True,,32926,,,-23.51654875,-46.46826725,,,,2,2023-06-15T16:47:25+00:00
SAO_253F-10,São Paulo,3550308,True,,32926,,,-23.51775,-46.4757475,,,,2,2023-06-15T16:48:37+00:00
SAO_971R-42,São Paulo,3550308,True,,616,,,-23.437568,-46.728502,,,,1,2023-06-15T16:48:32+00:00
SAO_971R-42,São Paulo,3550308,True,,616,,,-23.489777,-46.650898,,,,1,2023-06-15T16:48:23+00:00
SAO_6L10-41,São Paulo,3550308,True,,34773,,,-23.7772845,-46.7430255,,,,2,2023-06-15T16:47:49+00:00
SAO_6L10-41,São Paulo,3550308,True,,34773,,,-23.7878855,-46.765459,,,,2,2023-06-15T16:48:01+00:00
SAO_1742-10,São Paulo,3550308,True,EMTU,542,https://moovitapp.com/index/pt-br/transporte_p%C3%BAblico-line-542-Sao_Paulo-242-2038937-59914572-0,5.4,-23.471543,-46.6372375,,,,1,2023-06-15T16:48:10+00:00
SAO_1742-10,São Paulo,3550308,True,EMTU,542,https://moovitapp.com/index/pt-br/transporte_p%C3%BAblico-line-542-Sao_Paulo-242-2038937-59914572-0,5.4,-23.464320999999998,-46.655476500000006,,,,1,2023-06-15T16:48:39+00:00
SAO_1742-10,São Paulo,3550308,True,EMTU,542,https://moovitapp.com/index/pt-br/transporte_p%C3%BAblico-line-542-Sao_Paulo-242-2038937-59914572-0,5.4,-23.491440250000004,-46.6260525,,,,1,2023-06-15T16:44:58+00:00
SAO_6414-10,São Paulo,3550308,True,,33128,,,-23.6301995,-46.690188,,,,2,2023-06-15T16:48:24+00:00
SAO_6414-10,São Paulo,3550308,True,,33128,,,-23.6628155,-46.707258625,,,,2,2023-06-15T16:48:44+00:00
SAO_6414-10,São Paulo,3550308,True,,33128,,,-23.611031500000003,-46.68233868749999,,,,2,2023-06-15T16:48:20+00:00
SAO_6414-10,São Paulo,3550308,True,,33128,,,-23.6453730625,-46.70219924999999,,,,2,2023-06-15T16:48:06+00:00
SAO_6414-10,São Paulo,3550308,True,,33128,,,-23.67035125,-46.712438750000004,,,,2,2023-06-15T16:48:22+00:00
SAO_8073-10,São Paulo,3550308,True,,2081,,,-23.5938265,-46.735793,,,,1,2023-06-15T16:48:38+00:00
SAO_8073-10,São Paulo,3550308,True,,2081,,,-23.598914999999998,-46.7661705,,,,1,2023-06-15T16:48:03+00:00
SAO_4708-10,São Paulo,3550308,True,EMTU,332,https://moovitapp.com/index/pt-br/transporte_p%C3%BAblico-line-332-Sao_Paulo-242-2038937-36419418-0,4.5,-23.589263,-46.634504,,,,1,2023-06-15T16:48:34+00:00
SAO_4708-10,São Paulo,3550308,True,EMTU,332,https://moovitapp.com/index/pt-br/transporte_p%C3%BAblico-line-332-Sao_Paulo-242-2038937-36419418-0,4.5,-23.62591,-46.6067295,,,,1,2023-06-15T16:48:12+00:00
SAO_297A-10,São Paulo,3550308,True,,34901,,,-23.502508,-46.672625,,,,2,2023-06-15T16:48:04+00:00
SAO_297A-10,São Paulo,3550308,True,,34901,,,-23.503975,-46.673538875000006,,,,2,2023-06-15T16:48:35+00:00
SAO_297A-10,São Paulo,3550308,True,,34901,,,-23.5251275,-46.6660255,,,,2,2023-06-15T16:48:03+00:00
SAO_2767-10,São Paulo,3550308,True,,33009,,,-23.49308275,-46.4787395,,,,2,2023-06-15T16:48:27+00:00
SAO_2767-10,São Paulo,3550308,True,,33009,,,-23.506508250000003,-46.4585765,,,,2,2023-06-15T16:48:22+00:00
SAO_2767-10,São Paulo,3550308,True,,33009,,,-23.5070895,-46.458942500000006,,,,2,2023-06-15T16:48:16+00:00
SAO_857R-10,São Paulo,3550308,True,,1892,,,-23.58265375,-46.640446000000004,,,,1,2023-06-15T16:48:43+00:00
SAO_857R-10,São Paulo,3550308,True,,1892,,,-23.5770875,-46.70783025,,,,1,2023-06-15T16:48:21+00:00
SAO_857R-10,São Paulo,3550308,True,,1892,,,-23.570072375,-46.688705375,,,,1,2023-06-15T16:48:41+00:00
SAO_857R-10,São Paulo,3550308,True,,1892,,,-23.561358499999997,-46.65667475,,,,1,2023-06-15T16:48:37+00:00
SAO_857R-10,São Paulo,3550308,True,,1892,,,-23.5641885,-46.6297965,,,,1,2023-06-15T16:48:36+00:00
SAO_857R-10,São Paulo,3550308,True,,1892,,,-23.626298249999998,-46.76596275,,,,1,2023-06-15T16:48:06+00:00
SAO_6016-41,São Paulo,3550308,True,,1706,,,-23.775232000000003,-46.6754745,,,,1,2023-06-15T16:48:38+00:00
SAO_6016-41,São Paulo,3550308,True,,1706,,,-23.734681375,-46.694479375,,,,1,2023-06-15T16:48:08+00:00
SAO_6016-41,São Paulo,3550308,True,,1706,,,-23.77176575,-46.678890499999994,,,,1,2023-06-15T16:48:45+00:00
SAO_6016-41,São Paulo,3550308,True,,1706,,,-23.751072,-46.688243,,,,1,2023-06-15T16:48:45+00:00
SAO_6016-41,São Paulo,3550308,True,,1706,,,-23.775316,-46.6754045,,,,1,2023-06-15T16:48:30+00:00
SAO_6003-10,São Paulo,3550308,True,,1472,,,-23.74047675,-46.70428525,,,,1,2023-06-15T16:48:31+00:00
SAO_6003-10,São Paulo,3550308,True,,1472,,,-23.729186,-46.698715,,,,1,2023-06-15T16:48:39+00:00
SAO_6003-10,São Paulo,3550308,True,,1472,,,-23.7377555,-46.6976535,,,,1,2023-06-15T16:48:42+00:00
SAO_1759-10,São Paulo,3550308,True,,33321,,,-23.46266,-46.6590915,,,,2,2023-06-15T16:48:31+00:00
SAO_1759-10,São Paulo,3550308,True,,33321,,,-23.462308999999998,-46.659564,,,,2,2023-06-15T16:48:44+00:00
SAO_1759-10,São Paulo,3550308,True,,33321,,,-23.48420875,-46.630557499999995,,,,2,2023-06-15T16:48:21+00:00
SAO_1759-10,São Paulo,3550308,True,,33321,,,-23.462498500000002,-46.659318999999996,,,,2,2023-06-15T16:48:44+00:00
SAO_311C-10,São Paulo,3550308,True,EMTU,309,https://moovitapp.com/index/pt-br/transporte_p%C3%BAblico-line-309-Sao_Paulo-242-2038937-36419401-0,7.5,-23.5186695,-46.6481295,,,,1,2023-06-15T16:48:29+00:00
SAO_311C-10,São Paulo,3550308,True,EMTU,309,https://moovitapp.com/index/pt-br/transporte_p%C3%BAblico-line-309-Sao_Paulo-242-2038937-36419401-0,7.5,-23.53420625,-46.609763,,,,1,2023-06-15T16:48:23+00:00
SAO_311C-10,São Paulo,3550308,True,EMTU,309,https://moovitapp.com/index/pt-br/transporte_p%C3%BAblico-line-309-Sao_Paulo-242-2038937-36419401-0,7.5,-23.579799,-46.5867975,,,,1,2023-06-15T16:48:41+00:00
SAO_311C-10,São Paulo,3550308,True,EMTU,309,https://moovitapp.com/index/pt-br/transporte_p%C3%BAblico-line-309-Sao_Paulo-242-2038937-36419401-0,7.5,-23.5949235,-46.548206500000006,,,,1,2023-06-15T16:46:31+00:00
SAO_311C-10,São Paulo,3550308,True,EMTU,309,https://moovitapp.com/index/pt-br/transporte_p%C3%BAblico-line-309-Sao_Paulo-242-2038937-36419401-0,7.5,-23.53309925,-46.63002925,,,,1,2023-06-15T16:48:02+00:00
SAO_273N-10,São Paulo,3550308,True,,33158,,,-23.510107499999997,-46.4381555,,,,2,2023-06-15T16:46:35+00:00
SAO_273N-10,São Paulo,3550308,True,,33158,,,-23.5046015,-46.367096,,,,2,2023-06-15T16:48:13+00:00
SAO_273N-10,São Paulo,3550308,True,,33158,,,-23.508141,-46.375398000000004,,,,2,2023-06-15T16:47:42+00:00
SAO_273N-10,São Paulo,3550308,True,,33158,,,-23.5051475,-46.36660425,,,,2,2023-06-15T16:48:28+00:00
SAO_273N-10,São Paulo,3550308,True,,33158,,,-23.5047085,-46.3668095,,,,2,2023-06-15T16:48:19+00:00
SAO_273N-10,São Paulo,3550308,True,,33158,,,-23.5046015,-46.367096,,,,2,2023-06-15T16:48:19+00:00
SAO_273N-10,São Paulo,3550308,True,,33158,,,-23.4940365,-46.4196,,,,2,2023-06-15T16:48:14+00:00
SAO_273N-10,São Paulo,3550308,True,,33158,,,-23.4938905,-46.4175005,,,,2,2023-06-15T16:48:23+00:00
SAO_2202-10,São Paulo,3550308,True,Urubupungá,910,https://moovitapp.com/index/pt-br/transporte_p%C3%BAblico-line-910-Sao_Paulo-242-873835-496471-0,4.6,-23.488201,-46.382996500000004,,,,1,2023-06-15T16:47:46+00:00
SAO_2202-10,São Paulo,3550308,True,Urubupungá,910,https://moovitapp.com/index/pt-br/transporte_p%C3%BAblico-line-910-Sao_Paulo-242-873835-496471-0,4.6,-23.487300250000004,-46.383183,,,,1,2023-06-15T16:48:18+00:00
SAO_2202-10,São Paulo,3550308,True,Urubupungá,910,https://moovitapp.com/index/pt-br/transporte_p%C3%BAblico-line-910-Sao_Paulo-242-873835-496471-0,4.6,-23.4882345,-46.38306,,,,1,2023-06-15T16:48:20+00:00
SAO_2202-10,São Paulo,3550308,True,Urubupungá,910,https://moovitapp.com/index/pt-br/transporte_p%C3%BAblico-line-910-Sao_Paulo-242-873835-496471-0,4.6,-23.526784,-46.397459,,,,1,2023-06-15T16:48:29+00:00
SAO_2202-10,São Paulo,3550308,True,Urubupungá,910,https://moovitapp.com/index/pt-br/transporte_p%C3%BAblico-line-910-Sao_Paulo-242-873835-496471-0,4.6,-23.512003,-46.401807500000004,,,,1,2023-06-15T16:48:23+00:00
SAO_2202-10,São Paulo,3550308,True,Urubupungá,910,https://moovitapp.com/index/pt-br/transporte_p%C3%BAblico-line-910-Sao_Paulo-242-873835-496471-0,4.6,-23.488201,-46.382996500000004,,,,1,2023-06-15T16:47:46+00:00
SAO_2202-10,São Paulo,3550308,True,Urubupungá,910,https://moovitapp.com/index/pt-br/transporte_p%C3%BAblico-line-910-Sao_Paulo-242-873835-496471-0,4.6,-23.49718625,-46.39991175,,,,1,2023-06-15T16:48:34+00:00
SAO_2202-10,São Paulo,3550308,True,Urubupungá,910,https://moovitapp.com/index/pt-br/transporte_p%C3%BAblico-line-910-Sao_Paulo-242-873835-496471-0,4.6,-23.494270999999998,-46.4020745,,,,1,2023-06-15T16:47:27+00:00
SAO_2202-10,São Paulo,3550308,True,Urubupungá,910,https://moovitapp.com/index/pt-br/transporte_p%C3%BAblico-line-910-Sao_Paulo-242-873835-496471-0,4.6,-23.4944385,-46.39990400000001,,,,1,2023-06-15T16:46:39+00:00
SAO_2202-10,São Paulo,3550308,True,Urubupungá,910,https://moovitapp.com/index/pt-br/transporte_p%C3%BAblico-line-910-Sao_Paulo-242-873835-496471-0,4.6,-23.5266715,-46.397521,,,,1,2023-06-15T16:48:02+00:00
SAO_2202-10,São Paulo,3550308,True,Urubupungá,910,https://moovitapp.com/index/pt-br/transporte_p%C3%BAblico-line-910-Sao_Paulo-242-873835-496471-0,4.6,-23.488201,-46.382996500000004,,,,1,2023-06-15T16:48:03+00:00
SAO_2202-10,São Paulo,3550308,True,Urubupungá,910,https://moovitapp.com/index/pt-br/transporte_p%C3%BAblico-line-910-Sao_Paulo-242-873835-496471-0,4.6,-23.528642249999997,-46.3969805,,,,1,2023-06-15T16:46:36+00:00
SAO_2202-10,São Paulo,3550308,True,Urubupungá,910,https://moovitapp.com/index/pt-br/transporte_p%C3%BAblico-line-910-Sao_Paulo-242-873835-496471-0,4.6,-23.491450999999998,-46.386998,,,,1,2023-06-15T16:48:16+00:00
SAO_1786-10,São Paulo,3550308,True,,33417,,,-23.4505645,-46.6075825,,,,2,2023-06-15T16:46:06+00:00
SAO_1786-10,São Paulo,3550308,True,,33417,,,-23.45368525,-46.607387,,,,2,2023-06-15T16:48:44+00:00
SAO_1786-10,São Paulo,3550308,True,,33417,,,-23.45368525,-46.607387,,,,2,2023-06-15T16:48:05+00:00
SAO_1786-10,São Paulo,3550308,True,,33417,,,-23.481015,-46.621877999999995,,,,2,2023-06-15T16:45:30+00:00
SAO_1786-10,São Paulo,3550308,True,,33417,,,-23.45376775,-46.607023,,,,2,2023-06-15T16:48:32+00:00
SAO_1786-10,São Paulo,3550308,True,,33417,,,-23.4587955,-46.615185499999995,,,,2,2023-06-15T16:48:20+00:00
SAO_771P-10,São Paulo,3550308,True,EMTU,506,https://moovitapp.com/index/pt-br/transporte_p%C3%BAblico-line-506-Sao_Paulo-242-2038937-36419528-0,5.65,-23.576601,-46.7215585,,,,1,2023-06-15T16:48:35+00:00
SAO_771P-10,São Paulo,3550308,True,EMTU,506,https://moovitapp.com/index/pt-br/transporte_p%C3%BAblico-line-506-Sao_Paulo-242-2038937-36419528-0,5.65,-23.5669255,-46.6965005,,,,1,2023-06-15T16:48:45+00:00
SAO_771P-10,São Paulo,3550308,True,EMTU,506,https://moovitapp.com/index/pt-br/transporte_p%C3%BAblico-line-506-Sao_Paulo-242-2038937-36419528-0,5.65,-23.5859985,-46.7807345,,,,1,2023-06-15T16:48:18+00:00
SAO_675A-10,São Paulo,3550308,True,,1318,,,-23.6325205,-46.71082,,,,1,2023-06-15T16:48:31+00:00
SAO_675A-10,São Paulo,3550308,True,,1318,,,-23.627938625000002,-46.643474875,,,,1,2023-06-15T16:48:20+00:00
SAO_675A-10,São Paulo,3550308,True,,1318,,,-23.6515555,-46.7337945,,,,1,2023-06-15T16:48:05+00:00
SAO_675A-10,São Paulo,3550308,True,,1318,,,-23.6188575,-46.662051500000004,,,,1,2023-06-15T16:48:10+00:00
SAO_8077-10,São Paulo,3550308,True,,34818,,,-23.6016895,-46.791908,,,,2,2023-06-15T16:48:42+00:00
SAO_8077-10,São Paulo,3550308,True,,34818,,,-23.5902685,-46.736938,,,,2,2023-06-15T16:48:07+00:00
SAO_8077-10,São Paulo,3550308,True,,34818,,,-23.601537,-46.791821999999996,,,,2,2023-06-15T16:48:04+00:00
SAO_8528-10,São Paulo,3550308,True,,33343,,,-23.52191275,-46.663771,,,,2,2023-06-15T16:48:25+00:00
SAO_8528-10,São Paulo,3550308,True,,33343,,,-23.4615645,-46.69032075,,,,2,2023-06-15T16:48:02+00:00
SAO_8528-10,São Paulo,3550308,True,,33343,,,-23.471181,-46.691973000000004,,,,2,2023-06-15T16:48:02+00:00
SAO_8528-10,São Paulo,3550308,True,,33343,,,-23.4615785,-46.69076725,,,,2,2023-06-15T16:48:44+00:00
SAO_8528-10,São Paulo,3550308,True,,33343,,,-23.495753,-46.697716,,,,2,2023-06-15T16:48:09+00:00
SAO_8528-10,São Paulo,3550308,True,,33343,,,-23.5411785,-46.64243825,,,,2,2023-06-15T16:48:15+00:00
SAO_6L10-10,São Paulo,3550308,True,,33927,,,-23.7745795,-46.721787000000006,,,,2,2023-06-15T16:48:23+00:00
SAO_6L10-10,São Paulo,3550308,True,,33927,,,-23.808874000000003,-46.764905999999996,,,,2,2023-06-15T16:48:19+00:00
SAO_8019-10,São Paulo,3550308,True,,34839,,,-23.544992,-46.7471585,,,,2,2023-06-15T16:48:43+00:00
SAO_8019-10,São Paulo,3550308,True,,34839,,,-23.555225,-46.753555500000004,,,,2,2023-06-15T16:48:10+00:00
SAO_8019-10,São Paulo,3550308,True,,34839,,,-23.544992,-46.7471585,,,,2,2023-06-15T16:47:56+00:00
SAO_1741-10,São Paulo,3550308,True,,539,,,-23.4642495,-46.662093999999996,,,,1,2023-06-15T16:48:13+00:00
SAO_1741-10,São Paulo,3550308,True,,539,,,-23.50032625,-46.62695925,,,,1,2023-06-15T16:48:18+00:00
SAO_1741-10,São Paulo,3550308,True,,539,,,-23.4751325,-46.6512695,,,,1,2023-06-15T16:48:10+00:00
SAO_4727-10,São Paulo,3550308,True,,33108,,,-23.642562,-46.6058625,,,,2,2023-06-15T16:48:18+00:00
SAO_4727-10,São Paulo,3550308,True,,33108,,,-23.611486,-46.636049,,,,2,2023-06-15T16:48:29+00:00
SAO_748A-41,São Paulo,3550308,True,,33267,,,-23.532271375,-46.71855562500001,,,,2,2023-06-15T16:48:24+00:00
SAO_748A-41,São Paulo,3550308,True,,33267,,,-23.597096,-46.7681435,,,,2,2023-06-15T16:48:24+00:00
SAO_748A-41,São Paulo,3550308,True,,33267,,,-23.59536375,-46.76107625,,,,2,2023-06-15T16:48:25+00:00
SAO_2725-10,São Paulo,3550308,True,,939,,,-23.540045,-46.483149499999996,,,,1,2023-06-15T16:48:43+00:00
SAO_2725-10,São Paulo,3550308,True,,939,,,-23.51041275,-46.472693,,,,1,2023-06-15T16:48:24+00:00
SAO_2725-10,São Paulo,3550308,True,,939,,,-23.52797175,-46.47427625,,,,1,2023-06-15T16:48:11+00:00
SAO_2725-10,São Paulo,3550308,True,,939,,,-23.51701675,-46.468363999999994,,,,1,2023-06-15T16:48:44+00:00
SAO_6418-10,São Paulo,3550308,True,,771,,,-23.6062495,-46.6919655,,,,1,2023-06-15T16:48:39+00:00
SAO_748A-10,São Paulo,3550308,True,EMTU,498,https://moovitapp.com/index/pt-br/transporte_p%C3%BAblico-line-498-Sao_Paulo-242-2038937-36419523-0,5.4,-23.585625,-46.762623000000005,,,,1,2023-06-15T16:48:11+00:00
SAO_748A-10,São Paulo,3550308,True,EMTU,498,https://moovitapp.com/index/pt-br/transporte_p%C3%BAblico-line-498-Sao_Paulo-242-2038937-36419523-0,5.4,-23.538328625000002,-46.726699499999995,,,,1,2023-06-15T16:48:05+00:00
SAO_748A-10,São Paulo,3550308,True,EMTU,498,https://moovitapp.com/index/pt-br/transporte_p%C3%BAblico-line-498-Sao_Paulo-242-2038937-36419523-0,5.4,-23.575720750000002,-46.77557075,,,,1,2023-06-15T16:48:39+00:00
SAO_2029-10,São Paulo,3550308,True,,2270,,,-23.467872500000002,-46.59734525,,,,1,2023-06-15T16:46:38+00:00
SAO_2029-10,São Paulo,3550308,True,,2270,,,-23.48035,-46.6023085,,,,1,2023-06-15T16:48:42+00:00
SAO_2029-10,São Paulo,3550308,True,,2270,,,-23.437262500000003,-46.5858175,,,,1,2023-06-15T16:48:26+00:00
SAO_7052-10,São Paulo,3550308,True,,34654,,,-23.64871,-46.773607999999996,,,,2,2023-06-15T16:48:20+00:00
SAO_7052-10,São Paulo,3550308,True,,34654,,,-23.6525575,-46.773193,,,,2,2023-06-15T16:48:14+00:00
SAO_7052-10,São Paulo,3550308,True,,34654,,,-23.6407655,-46.772339,,,,2,2023-06-15T16:48:44+00:00
SAO_7052-10,São Paulo,3550308,True,,34654,,,-23.6525575,-46.773193,,,,2,2023-06-15T16:48:42+00:00
SAO_2203-10,São Paulo,3550308,True,,911,,,-23.524382000000003,-46.543786,,,,1,2023-06-15T16:48:33+00:00
SAO_2203-10,São Paulo,3550308,True,,911,,,-23.5190345,-46.4963295,,,,1,2023-06-15T16:47:15+00:00
SAO_2203-10,São Paulo,3550308,True,,911,,,-23.520712000000003,-46.484475,,,,1,2023-06-15T16:48:08+00:00
SAO_2203-10,São Paulo,3550308,True,,911,,,-23.52859075,-46.49894449999999,,,,1,2023-06-15T16:48:12+00:00
SAO_478P-10,São Paulo,3550308,True,,33117,,,-23.619402,-46.603479625000006,,,,2,2023-06-15T16:48:11+00:00
SAO_478P-10,São Paulo,3550308,True,,33117,,,-23.567706875,-46.621747125,,,,2,2023-06-15T16:48:07+00:00
SAO_478P-10,São Paulo,3550308,True,,33117,,,-23.550205249999998,-46.6790995,,,,2,2023-06-15T16:48:05+00:00
SAO_478P-10,São Paulo,3550308,True,,33117,,,-23.581248625,-46.638628624999996,,,,2,2023-06-15T16:48:21+00:00
SAO_478P-10,São Paulo,3550308,True,,33117,,,-23.62985725,-46.598586999999995,,,,2,2023-06-15T16:48:42+00:00
SAO_3728-41,São Paulo,3550308,True,,1988,,,-23.5399115,-46.485800999999995,,,,1,2023-06-15T16:48:02+00:00
SAO_6L05-10,São Paulo,3550308,True,,33941,,,-23.87687675,-46.64925375,,,,2,2023-06-15T16:25:10+00:00
SAO_6L05-10,São Paulo,3550308,True,,33941,,,-23.86863,-46.679596000000004,,,,2,2023-06-15T16:48:02+00:00
SAO_178A-10,São Paulo,3550308,True,,33326,,,-23.52385225,-46.698935250000005,,,,2,2023-06-15T16:48:29+00:00
SAO_178A-10,São Paulo,3550308,True,,33326,,,-23.518422,-46.7045445,,,,2,2023-06-15T16:48:31+00:00
SAO_178A-10,São Paulo,3550308,True,,33326,,,-23.503069,-46.6246315,,,,2,2023-06-15T16:48:18+00:00
SAO_178A-10,São Paulo,3550308,True,,33326,,,-23.5228095,-46.6590305,,,,2,2023-06-15T16:48:14+00:00
SAO_6045-21,São Paulo,3550308,True,,2164,,,-23.6943805,-46.793962,,,,1,2023-06-15T16:48:38+00:00
SAO_6045-21,São Paulo,3550308,True,,2164,,,-23.6990275,-46.7964265,,,,1,2023-06-15T16:48:38+00:00
SAO_6045-21,São Paulo,3550308,True,,2164,,,-23.6960195,-46.792544,,,,1,2023-06-15T16:48:36+00:00
SAO_5106-10,São Paulo,3550308,True,,1280,,,-23.626101249999998,-46.64086575,,,,1,2023-06-15T16:48:44+00:00
SAO_5106-10,São Paulo,3550308,True,,1280,,,-23.5508615,-46.635386,,,,1,2023-06-15T16:48:07+00:00
SAO_5106-10,São Paulo,3550308,True,,1280,,,-23.681955000000002,-46.637259,,,,1,2023-06-15T16:48:39+00:00
SAO_5106-10,São Paulo,3550308,True,,1280,,,-23.6846085,-46.65325,,,,1,2023-06-15T16:48:10+00:00
SAO_5106-10,São Paulo,3550308,True,,1280,,,-23.681206000000003,-46.6334985,,,,1,2023-06-15T16:48:36+00:00
SAO_5106-10,São Paulo,3550308,True,,1280,,,-23.5907775,-46.645573,,,,1,2023-06-15T16:48:18+00:00
SAO_975A-10,São Paulo,3550308,True,EMTU,589,https://moovitapp.com/index/pt-br/transporte_p%C3%BAblico-line-589-Sao_Paulo-242-2038937-36419576-0,5.35,-23.4690525,-46.696217000000004,,,,1,2023-06-15T16:48:31+00:00
SAO_975A-10,São Paulo,3550308,True,EMTU,589,https://moovitapp.com/index/pt-br/transporte_p%C3%BAblico-line-589-Sao_Paulo-242-2038937-36419576-0,5.35,-23.4690525,-46.696217000000004,,,,1,2023-06-15T16:48:31+00:00
SAO_975A-10,São Paulo,3550308,True,EMTU,589,https://moovitapp.com/index/pt-br/transporte_p%C3%BAblico-line-589-Sao_Paulo-242-2038937-36419576-0,5.35,-23.5049575,-46.6904515,,,,1,2023-06-15T16:48:08+00:00
SAO_975A-10,São Paulo,3550308,True,EMTU,589,https://moovitapp.com/index/pt-br/transporte_p%C3%BAblico-line-589-Sao_Paulo-242-2038937-36419576-0,5.35,-23.55064625,-46.675158249999996,,,,1,2023-06-15T16:48:39+00:00
SAO_975A-10,São Paulo,3550308,True,EMTU,589,https://moovitapp.com/index/pt-br/transporte_p%C3%BAblico-line-589-Sao_Paulo-242-2038937-36419576-0,5.35,-23.5770275,-46.640961000000004,,,,1,2023-06-15T16:48:42+00:00
SAO_2018-10,São Paulo,3550308,True,,904,,,-23.493789,-46.4398925,,,,1,2023-06-15T16:48:36+00:00
SAO_2018-10,São Paulo,3550308,True,,904,,,-23.510486999999998,-46.406726500000005,,,,1,2023-06-15T16:48:09+00:00
SAO_2018-10,São Paulo,3550308,True,,904,,,-23.5091855,-46.414745499999995,,,,1,2023-06-15T16:48:27+00:00
SAO_2018-10,São Paulo,3550308,True,,904,,,-23.500392374999997,-46.420705125,,,,1,2023-06-15T16:48:42+00:00
SAO_677V-10,São Paulo,3550308,True,,32880,,,-23.7443095,-46.709995500000005,,,,2,2023-06-15T16:48:25+00:00
SAO_677V-10,São Paulo,3550308,True,,32880,,,-23.7443095,-46.709995500000005,,,,2,2023-06-15T16:48:13+00:00
SAO_677V-10,São Paulo,3550308,True,,32880,,,-23.7357105,-46.702399,,,,2,2023-06-15T16:48:32+00:00
SAO_677V-10,São Paulo,3550308,True,,32880,,,-23.731475250000003,-46.71618775,,,,2,2023-06-15T16:48:26+00:00
SAO_6826-10,São Paulo,3550308,True,,32784,,,-23.670448999999998,-46.7829005,,,,2,2023-06-15T16:48:07+00:00
SAO_6008-10,São Paulo,3550308,True,,1200,,,-23.674895499999998,-46.7343475,,,,1,2023-06-15T16:48:27+00:00
SAO_6008-10,São Paulo,3550308,True,,1200,,,-23.66595925,-46.713927375,,,,1,2023-06-15T16:48:34+00:00
SAO_6008-10,São Paulo,3550308,True,,1200,,,-23.653993,-46.711136999999994,,,,1,2023-06-15T16:48:23+00:00
SAO_6818-10,São Paulo,3550308,True,,32796,,,-23.654442,-46.77055300000001,,,,2,2023-06-15T16:48:24+00:00
SAO_6818-10,São Paulo,3550308,True,,32796,,,-23.655496999999997,-46.7724535,,,,2,2023-06-15T16:48:44+00:00
SAO_5034-10,São Paulo,3550308,True,,34431,,,-23.6530245,-46.602299,,,,2,2023-06-15T16:48:25+00:00
SAO_5034-10,São Paulo,3550308,True,,34431,,,-23.6530245,-46.602299,,,,2,2023-06-15T16:48:13+00:00
SAO_3009-10,São Paulo,3550308,True,,2526,,,-23.511451,-46.397050500000006,,,,1,2023-06-15T16:45:03+00:00
SAO_3009-10,São Paulo,3550308,True,,2526,,,-23.518288499999997,-46.399242,,,,1,2023-06-15T16:48:43+00:00
SAO_4724-10,São Paulo,3550308,True,,34828,,,-23.531181,-46.502416,,,,2,2023-06-15T16:48:35+00:00
SAO_4724-10,São Paulo,3550308,True,,34828,,,-23.530963,-46.502753,,,,2,2023-06-15T16:48:19+00:00
SAO_4724-10,São Paulo,3550308,True,,34828,,,-23.530963,-46.502753,,,,2,2023-06-15T16:48:16+00:00
SAO_5100-10,São Paulo,3550308,True,,1370,,,-23.55397,-46.638562,,,,1,2023-06-15T16:48:20+00:00
SAO_6026-10,São Paulo,3550308,True,,87,,,-23.651591000000003,-46.712589,,,,1,2023-06-15T16:48:22+00:00
SAO_6026-10,São Paulo,3550308,True,,87,,,-23.718775875,-46.700039625,,,,1,2023-06-15T16:48:25+00:00
SAO_6026-10,São Paulo,3550308,True,,87,,,-23.707207250000003,-46.688587999999996,,,,1,2023-06-15T16:48:20+00:00
SAO_6026-10,São Paulo,3550308,True,,87,,,-23.748356,-46.703650999999994,,,,1,2023-06-15T16:48:46+00:00
SAO_6026-10,São Paulo,3550308,True,,87,,,-23.67768475,-46.69717025,,,,1,2023-06-15T16:48:19+00:00
SAO_719R-10,São Paulo,3550308,True,,33237,,,-23.573674187500004,-46.72600043749999,,,,2,2023-06-15T16:48:18+00:00
SAO_719R-10,São Paulo,3550308,True,,33237,,,-23.561513625000003,-46.68813725,,,,2,2023-06-15T16:48:43+00:00
SAO_719R-10,São Paulo,3550308,True,,33237,,,-23.53363775,-46.65609475,,,,2,2023-06-15T16:48:39+00:00
SAO_719R-10,São Paulo,3550308,True,,33237,,,-23.542480125,-46.656154625,,,,2,2023-06-15T16:48:22+00:00
SAO_719R-10,São Paulo,3550308,True,,33237,,,-23.565247999999997,-46.696033,,,,2,2023-06-15T16:48:46+00:00
SAO_719R-10,São Paulo,3550308,True,,33237,,,-23.526135,-46.668659500000004,,,,2,2023-06-15T16:48:34+00:00
SAO_6063-10,São Paulo,3550308,True,,33920,,,-23.7834155,-46.682601000000005,,,,2,2023-06-15T16:48:12+00:00
SAO_6063-10,São Paulo,3550308,True,,33920,,,-23.783673,-46.6827105,,,,2,2023-06-15T16:48:29+00:00
SAO_6063-10,São Paulo,3550308,True,,33920,,,-23.783673,-46.6827105,,,,2,2023-06-15T16:48:41+00:00
SAO_6063-10,São Paulo,3550308,True,,33920,,,-23.783673,-46.6827105,,,,2,2023-06-15T16:48:12+00:00
SAO_6063-10,São Paulo,3550308,True,,33920,,,-23.783673,-46.6827105,,,,2,2023-06-15T16:47:26+00:00
SAO_6063-10,São Paulo,3550308,True,,33920,,,-23.772855749999998,-46.7019205,,,,2,2023-06-15T16:48:29+00:00
SAO_6063-10,São Paulo,3550308,True,,33920,,,-23.783673,-46.6827105,,,,2,2023-06-15T16:48:41+00:00
SAO_6063-10,São Paulo,3550308,True,,33920,,,-23.767692750000002,-46.71746400000001,,,,2,2023-06-15T16:48:43+00:00
SAO_6063-10,São Paulo,3550308,True,,33920,,,-23.783823750000003,-46.68278600000001,,,,2,2023-06-15T16:48:13+00:00
SAO_746P-10,São Paulo,3550308,True,,33556,,,-23.616446500000002,-46.731505,,,,2,2023-06-15T16:48:06+00:00
SAO_746P-10,São Paulo,3550308,True,,33556,,,-23.6172295,-46.720997,,,,2,2023-06-15T16:48:42+00:00
SAO_746P-10,São Paulo,3550308,True,,33556,,,-23.617432,-46.7210475,,,,2,2023-06-15T16:48:16+00:00
SAO_746P-10,São Paulo,3550308,True,,33556,,,-23.651966,-46.7166565,,,,2,2023-06-15T16:48:35+00:00
SAO_746P-10,São Paulo,3550308,True,,33556,,,-23.649947,-46.7061525,,,,2,2023-06-15T16:48:19+00:00
SAO_746P-10,São Paulo,3550308,True,,33556,,,-23.6142335,-46.721312499999996,,,,2,2023-06-15T16:48:44+00:00
SAO_746P-10,São Paulo,3550308,True,,33556,,,-23.650951499999998,-46.708732,,,,2,2023-06-15T16:48:39+00:00
SAO_746P-10,São Paulo,3550308,True,,33556,,,-23.6172295,-46.720997,,,,2,2023-06-15T16:48:23+00:00
SAO_746P-10,São Paulo,3550308,True,,33556,,,-23.61699275,-46.720967,,,,2,2023-06-15T16:48:04+00:00
SAO_746P-10,São Paulo,3550308,True,,33556,,,-23.61699275,-46.720967,,,,2,2023-06-15T16:48:37+00:00
SAO_6835-10,São Paulo,3550308,True,,32780,,,-23.687793,-46.800698499999996,,,,2,2023-06-15T16:48:21+00:00
SAO_6835-10,São Paulo,3550308,True,,32780,,,-23.672192000000003,-46.773357000000004,,,,2,2023-06-15T16:48:15+00:00
SAO_3025-10,São Paulo,3550308,True,,33729,,,-23.5665205,-46.416188000000005,,,,2,2023-06-15T16:48:28+00:00
SAO_3025-10,São Paulo,3550308,True,,33729,,,-23.5441625,-46.4121875,,,,2,2023-06-15T16:48:13+00:00
SAO_3025-10,São Paulo,3550308,True,,33729,,,-23.5770275,-46.397946000000005,,,,2,2023-06-15T16:48:41+00:00
SAO_3025-10,São Paulo,3550308,True,,33729,,,-23.5711865,-46.395934,,,,2,2023-06-15T16:48:27+00:00
SAO_9006-10,São Paulo,3550308,True,,874,,,-23.465027,-46.690908,,,,1,2023-06-15T16:48:03+00:00
SAO_9006-10,São Paulo,3550308,True,,874,,,-23.465027,-46.690908,,,,1,2023-06-15T16:48:13+00:00
SAO_9006-10,São Paulo,3550308,True,,874,,,-23.46769525,-46.678713,,,,1,2023-06-15T16:48:14+00:00
SAO_6041-10,São Paulo,3550308,True,,33986,,,-23.686683000000002,-46.780291,,,,2,2023-06-15T16:48:46+00:00
SAO_6041-10,São Paulo,3550308,True,,33986,,,-23.65126075,-46.707950999999994,,,,2,2023-06-15T16:48:45+00:00
SAO_6041-10,São Paulo,3550308,True,,33986,,,-23.652109250000002,-46.758327,,,,2,2023-06-15T16:48:44+00:00
SAO_6041-10,São Paulo,3550308,True,,33986,,,-23.640257249999998,-46.721508,,,,2,2023-06-15T16:48:13+00:00
SAO_6041-10,São Paulo,3550308,True,,33986,,,-23.674898,-46.773841499999996,,,,2,2023-06-15T16:48:14+00:00
SAO_695V-10,São Paulo,3550308,True,,32776,,,-23.6042965,-46.6629755,,,,2,2023-06-15T16:48:07+00:00
SAO_695V-10,São Paulo,3550308,True,,32776,,,-23.58379,-46.637003750000005,,,,2,2023-06-15T16:48:32+00:00
SAO_695V-10,São Paulo,3550308,True,,32776,,,-23.59332375,-46.652581749999996,,,,2,2023-06-15T16:48:41+00:00
SAO_9015-10,São Paulo,3550308,True,,34037,,,-23.4694535,-46.7135935,,,,2,2023-06-15T16:48:38+00:00
SAO_9015-10,São Paulo,3550308,True,,34037,,,-23.4694535,-46.7135935,,,,2,2023-06-15T16:48:06+00:00
SAO_9015-10,São Paulo,3550308,True,,34037,,,-23.4884745,-46.722031,,,,2,2023-06-15T16:48:16+00:00
SAO_9015-10,São Paulo,3550308,True,,34037,,,-23.484259,-46.7107215,,,,2,2023-06-15T16:48:02+00:00
SAO_9015-10,São Paulo,3550308,True,,34037,,,-23.4697465,-46.71376,,,,2,2023-06-15T16:48:39+00:00
SAO_9015-10,São Paulo,3550308,True,,34037,,,-23.4694535,-46.7135935,,,,2,2023-06-15T16:48:37+00:00
SAO_9015-10,São Paulo,3550308,True,,34037,,,-23.4694535,-46.7135935,,,,2,2023-06-15T16:48:33+00:00
SAO_509M-10,São Paulo,3550308,True,,1277,,,-23.664327,-46.659923,,,,1,2023-06-15T16:48:26+00:00
SAO_509M-10,São Paulo,3550308,True,,1277,,,-23.548223,-46.638297,,,,1,2023-06-15T16:48:36+00:00
SAO_509M-10,São Paulo,3550308,True,,1277,,,-23.61276225,-46.6707505,,,,1,2023-06-15T16:48:16+00:00
SAO_509M-10,São Paulo,3550308,True,,1277,,,-23.5993039375,-46.658074812500004,,,,1,2023-06-15T16:48:41+00:00
SAO_5110-24,São Paulo,3550308,True,,2459,,,-23.61259,-46.479862999999995,,,,1,2023-06-15T16:48:12+00:00
SAO_5110-24,São Paulo,3550308,True,,2459,,,-23.5847485,-46.5826495,,,,1,2023-06-15T16:48:22+00:00
SAO_8075-21,São Paulo,3550308,True,,2537,,,-23.5992485,-46.7413895,,,,1,2023-06-15T16:48:36+00:00
SAO_8075-21,São Paulo,3550308,True,,2537,,,-23.5915995,-46.735897,,,,1,2023-06-15T16:48:43+00:00
SAO_8060-10,São Paulo,3550308,True,,33186,,,-23.502522,-46.761129499999996,,,,2,2023-06-15T16:48:25+00:00
SAO_8060-10,São Paulo,3550308,True,,33186,,,-23.519959,-46.700407999999996,,,,2,2023-06-15T16:48:41+00:00
SAO_8060-10,São Paulo,3550308,True,,33186,,,-23.532271,-46.735147875,,,,2,2023-06-15T16:48:44+00:00
SAO_8060-10,São Paulo,3550308,True,,33186,,,-23.50283475,-46.760608500000004,,,,2,2023-06-15T16:48:26+00:00
SAO_6825-10,São Paulo,3550308,True,,32782,,,-23.676234,-46.791887,,,,2,2023-06-15T16:48:08+00:00
SAO_6825-10,São Paulo,3550308,True,,32782,,,-23.677115,-46.793302499999996,,,,2,2023-06-15T16:48:28+00:00
SAO_6825-10,São Paulo,3550308,True,,32782,,,-23.6603505,-46.7680555,,,,2,2023-06-15T16:48:26+00:00
SAO_6818-10,São Paulo,3550308,True,BR7 Mobilidade,28,https://moovitapp.com/index/pt-br/transporte_p%C3%BAblico-line-28-Sao_Paulo-242-851856-596008-0,5.75,-23.6540545,-46.763478,,,,1,2023-06-15T16:48:04+00:00
SAO_6818-10,São Paulo,3550308,True,BR7 Mobilidade,28,https://moovitapp.com/index/pt-br/transporte_p%C3%BAblico-line-28-Sao_Paulo-242-851856-596008-0,5.75,-23.655842999999997,-46.7727765,,,,1,2023-06-15T16:48:03+00:00
SAO_6818-10,São Paulo,3550308,True,BR7 Mobilidade,28,https://moovitapp.com/index/pt-br/transporte_p%C3%BAblico-line-28-Sao_Paulo-242-851856-596008-0,5.75,-23.647913,-46.773598750000005,,,,1,2023-06-15T16:48:24+00:00
SAO_6805-31,São Paulo,3550308,True,,34556,,,-23.6436265,-46.7344115,,,,2,2023-06-15T16:48:05+00:00
SAO_6805-31,São Paulo,3550308,True,,34556,,,-23.656605,-46.7620985,,,,2,2023-06-15T16:48:32+00:00
SAO_6805-31,São Paulo,3550308,True,,34556,,,-23.661613000000003,-46.75320375,,,,2,2023-06-15T16:48:08+00:00
SAO_1775-10,São Paulo,3550308,True,,638,,,-23.46319175,-46.629358499999995,,,,1,2023-06-15T16:45:39+00:00
SAO_6826-10,São Paulo,3550308,True,BR7 Mobilidade,16,https://moovitapp.com/index/pt-br/transporte_p%C3%BAblico-line-16-Sao_Paulo-242-851856-513215-0,5.75,-23.6705255,-46.777872,,,,1,2023-06-15T16:48:26+00:00
SAO_6826-10,São Paulo,3550308,True,BR7 Mobilidade,16,https://moovitapp.com/index/pt-br/transporte_p%C3%BAblico-line-16-Sao_Paulo-242-851856-513215-0,5.75,-23.673604,-46.7972985,,,,1,2023-06-15T16:48:39+00:00
SAO_6826-10,São Paulo,3550308,True,BR7 Mobilidade,16,https://moovitapp.com/index/pt-br/transporte_p%C3%BAblico-line-16-Sao_Paulo-242-851856-513215-0,5.75,-23.673604,-46.7972985,,,,1,2023-06-15T16:48:27+00:00
SAO_2182-10,São Paulo,3550308,True,,33468,,,-23.5018045,-46.575742,,,,2,2023-06-15T16:46:41+00:00
SAO_2182-10,São Paulo,3550308,True,,33468,,,-23.53937725,-46.608977749999994,,,,2,2023-06-15T16:48:11+00:00
SAO_2182-10,São Paulo,3550308,True,,33468,,,-23.4976675,-46.574518499999996,,,,2,2023-06-15T16:48:30+00:00
SAO_2182-10,São Paulo,3550308,True,,33468,,,-23.48941525,-46.571597749999995,,,,2,2023-06-15T16:42:28+00:00
SAO_2182-10,São Paulo,3550308,True,,33468,,,-23.549385,-46.628234,,,,2,2023-06-15T16:48:40+00:00
SAO_2182-10,São Paulo,3550308,True,,33468,,,-23.51896975,-46.59011625000001,,,,2,2023-06-15T16:48:17+00:00
SAO_2182-10,São Paulo,3550308,True,,33468,,,-23.48941525,-46.571597749999995,,,,2,2023-06-15T16:46:59+00:00
SAO_2182-10,São Paulo,3550308,True,,33468,,,-23.4817665,-46.57117050000001,,,,2,2023-06-15T16:48:21+00:00
SAO_253F-10,São Paulo,3550308,True,EMTU,158,https://moovitapp.com/index/pt-br/transporte_p%C3%BAblico-line-158-Sao_Paulo-242-2038937-36419303-0,7.45,-23.5185795,-46.475586,,,,1,2023-06-15T16:48:27+00:00
SAO_208M-10,São Paulo,3550308,True,,2478,,,-23.565880999999997,-46.701195,,,,1,2023-06-15T16:48:14+00:00
SAO_208M-10,São Paulo,3550308,True,,2478,,,-23.562957625000003,-46.690546499999996,,,,1,2023-06-15T16:48:21+00:00
SAO_208M-10,São Paulo,3550308,True,,2478,,,-23.5657815,-46.7010925,,,,1,2023-06-15T16:48:26+00:00
SAO_208M-10,São Paulo,3550308,True,,2478,,,-23.565869,-46.701094499999996,,,,1,2023-06-15T16:48:21+00:00
SAO_208M-10,São Paulo,3550308,True,,2478,,,-23.507019125,-46.6475385625,,,,1,2023-06-15T16:48:07+00:00
SAO_208M-10,São Paulo,3550308,True,,2478,,,-23.540468750000002,-46.664392250000006,,,,1,2023-06-15T16:48:26+00:00
SAO_4018-10,São Paulo,3550308,True,,2191,,,-23.595074,-46.4396905,,,,1,2023-06-15T16:48:14+00:00
SAO_4018-10,São Paulo,3550308,True,,2191,,,-23.6011475,-46.399366,,,,1,2023-06-15T16:48:27+00:00
SAO_4018-10,São Paulo,3550308,True,,2191,,,-23.6011475,-46.399366,,,,1,2023-06-15T16:48:29+00:00
SAO_4018-10,São Paulo,3550308,True,,2191,,,-23.6011475,-46.399366,,,,1,2023-06-15T16:48:12+00:00
SAO_8622-10,São Paulo,3550308,True,,33206,,,-23.525452,-46.681762,,,,2,2023-06-15T16:48:42+00:00
SAO_8622-10,São Paulo,3550308,True,,33206,,,-23.446143499999998,-46.798213,,,,2,2023-06-15T16:48:45+00:00
SAO_8622-10,São Paulo,3550308,True,,33206,,,-23.4805925,-46.770524,,,,2,2023-06-15T16:48:28+00:00
SAO_8622-10,São Paulo,3550308,True,,33206,,,-23.446013999999998,-46.798125999999996,,,,2,2023-06-15T16:48:12+00:00
SAO_8622-10,São Paulo,3550308,True,,33206,,,-23.518331,-46.7248665,,,,2,2023-06-15T16:48:44+00:00
SAO_8622-10,São Paulo,3550308,True,,33206,,,-23.4438195,-46.7967565,,,,2,2023-06-15T16:48:25+00:00
SAO_8622-10,São Paulo,3550308,True,,33206,,,-23.53741875,-46.648948,,,,2,2023-06-15T16:48:46+00:00
SAO_8622-10,São Paulo,3550308,True,,33206,,,-23.429037375,-46.786941875000004,,,,2,2023-06-15T16:48:23+00:00
SAO_6821-10,São Paulo,3550308,True,,32789,,,-23.6843055,-46.7790215,,,,2,2023-06-15T16:48:29+00:00
SAO_6821-10,São Paulo,3550308,True,,32789,,,-23.68647525,-46.78068725,,,,2,2023-06-15T16:48:32+00:00
SAO_6821-10,São Paulo,3550308,True,,32789,,,-23.667064,-46.772805000000005,,,,2,2023-06-15T16:48:45+00:00
SAO_6821-10,São Paulo,3550308,True,,32789,,,-23.686324,-46.7810235,,,,2,2023-06-15T16:48:19+00:00
SAO_3725-10,São Paulo,3550308,True,,1022,,,-23.5439845,-46.5184995,,,,1,2023-06-15T16:48:34+00:00
SAO_5025-10,São Paulo,3550308,True,,1564,,,-23.60857425,-46.54131325,,,,1,2023-06-15T16:48:20+00:00
SAO_5025-10,São Paulo,3550308,True,,1564,,,-23.6088605,-46.5415495,,,,1,2023-06-15T16:48:44+00:00
SAO_5025-10,São Paulo,3550308,True,,1564,,,-23.601560499999998,-46.5463185,,,,1,2023-06-15T16:48:46+00:00
SAO_5025-10,São Paulo,3550308,True,,1564,,,-23.594848,-46.5769445,,,,1,2023-06-15T16:48:39+00:00
SAO_5025-10,São Paulo,3550308,True,,1564,,,-23.594565437500002,-46.58966356249999,,,,1,2023-06-15T16:48:41+00:00
SAO_9015-10,São Paulo,3550308,True,,1269,,,-23.4832915,-46.711242999999996,,,,1,2023-06-15T16:48:14+00:00
SAO_9015-10,São Paulo,3550308,True,,1269,,,-23.488314000000003,-46.7216245,,,,1,2023-06-15T16:48:01+00:00
SAO_1703-10,São Paulo,3550308,True,,33615,,,-23.430699500000003,-46.573944499999996,,,,2,2023-06-15T16:48:31+00:00
SAO_1703-10,São Paulo,3550308,True,,33615,,,-23.430702,-46.574294,,,,2,2023-06-15T16:48:15+00:00
SAO_1703-10,São Paulo,3550308,True,,33615,,,-23.470048499999997,-46.584762999999995,,,,2,2023-06-15T16:48:43+00:00
SAO_7021-10,São Paulo,3550308,True,,34757,,,-23.671018500000002,-46.7682805,,,,2,2023-06-15T16:48:20+00:00
SAO_7021-10,São Paulo,3550308,True,,34757,,,-23.670865499999998,-46.768071,,,,2,2023-06-15T16:48:02+00:00
SAO_7021-10,São Paulo,3550308,True,,34757,,,-23.671018500000002,-46.7682805,,,,2,2023-06-15T16:48:40+00:00
SAO_7021-10,São Paulo,3550308,True,,34757,,,-23.6706775,-46.767814,,,,2,2023-06-15T16:48:43+00:00
SAO_1744-10,São Paulo,3550308,True,,33312,,,-23.47261175,-46.641650999999996,,,,2,2023-06-15T16:48:21+00:00
SAO_1744-10,São Paulo,3550308,True,,33312,,,-23.47214175,-46.642127375,,,,2,2023-06-15T16:48:09+00:00
SAO_1744-10,São Paulo,3550308,True,,33312,,,-23.47214175,-46.642127375,,,,2,2023-06-15T16:48:21+00:00
SAO_1744-10,São Paulo,3550308,True,,33312,,,-23.486455,-46.640005,,,,2,2023-06-15T16:48:26+00:00
SAO_1744-10,São Paulo,3550308,True,,33312,,,-23.472376,-46.64149449999999,,,,2,2023-06-15T16:48:30+00:00
SAO_4732-31,São Paulo,3550308,True,,2127,,,-23.644952625000002,-46.592893125,,,,1,2023-06-15T16:48:11+00:00
SAO_4732-31,São Paulo,3550308,True,,2127,,,-23.62598775,-46.61399675,,,,1,2023-06-15T16:48:26+00:00
SAO_6824-10,São Paulo,3550308,True,,32791,,,-23.673528500000003,-46.7911165,,,,2,2023-06-15T16:48:06+00:00
SAO_6824-10,São Paulo,3550308,True,,32791,,,-23.6667985,-46.788474,,,,2,2023-06-15T16:48:05+00:00
SAO_6824-10,São Paulo,3550308,True,,32791,,,-23.673605000000002,-46.7913225,,,,2,2023-06-15T16:48:31+00:00
SAO_6072-23,São Paulo,3550308,True,,2004,,,-23.767591,-46.7163045,,,,1,2023-06-15T16:48:27+00:00
SAO_2710-31,São Paulo,3550308,True,,1654,,,-23.52032975,-46.4970705,,,,1,2023-06-15T16:48:41+00:00
SAO_6055-10,São Paulo,3550308,True,,1146,,,-23.710421625000002,-46.69945312499999,,,,1,2023-06-15T16:48:44+00:00
SAO_6055-10,São Paulo,3550308,True,,1146,,,-23.7174195,-46.699020000000004,,,,1,2023-06-15T16:48:43+00:00
SAO_6055-10,São Paulo,3550308,True,,1146,,,-23.7549655,-46.7098935,,,,1,2023-06-15T16:48:30+00:00
SAO_6055-10,São Paulo,3550308,True,,1146,,,-23.7378085,-46.693677,,,,1,2023-06-15T16:48:41+00:00
SAO_647A-10,São Paulo,3550308,True,,1315,,,-23.683731,-46.789654999999996,,,,1,2023-06-15T16:48:08+00:00
SAO_647A-10,São Paulo,3550308,True,,1315,,,-23.5735465,-46.689059375,,,,1,2023-06-15T16:48:12+00:00
SAO_647A-10,São Paulo,3550308,True,,1315,,,-23.6945095,-46.7940355,,,,1,2023-06-15T16:48:47+00:00
SAO_647A-10,São Paulo,3550308,True,,1315,,,-23.649676499999998,-46.7584875,,,,1,2023-06-15T16:48:40+00:00
SAO_647A-10,São Paulo,3550308,True,,1315,,,-23.5859715,-46.68622525,,,,1,2023-06-15T16:48:10+00:00
SAO_647A-10,São Paulo,3550308,True,,1315,,,-23.5819665,-46.683908,,,,1,2023-06-15T16:48:40+00:00
SAO_647A-10,São Paulo,3550308,True,,1315,,,-23.5879755,-46.699329500000005,,,,1,2023-06-15T16:48:32+00:00
SAO_647A-10,São Paulo,3550308,True,,1315,,,-23.667395,-46.774474,,,,1,2023-06-15T16:48:27+00:00
SAO_647A-10,São Paulo,3550308,True,,1315,,,-23.6014465,-46.7100405,,,,1,2023-06-15T16:48:25+00:00
SAO_8075-10,São Paulo,3550308,True,,34812,,,-23.58284575,-46.71415175,,,,2,2023-06-15T16:48:40+00:00
SAO_8075-10,São Paulo,3550308,True,,34812,,,-23.605625,-46.746871,,,,2,2023-06-15T16:48:40+00:00
SAO_8075-10,São Paulo,3550308,True,,34812,,,-23.629269,-46.769253500000005,,,,2,2023-06-15T16:48:47+00:00
SAO_8075-10,São Paulo,3550308,True,,34812,,,-23.6310935,-46.773485,,,,2,2023-06-15T16:48:29+00:00
SAO_8075-10,São Paulo,3550308,True,,34812,,,-23.6307075,-46.7731485,,,,2,2023-06-15T16:48:21+00:00
SAO_8075-10,São Paulo,3550308,True,,34812,,,-23.5861895,-46.7233995,,,,2,2023-06-15T16:48:17+00:00
SAO_3019-10,São Paulo,3550308,True,,33725,,,-23.582958499999997,-46.408029,,,,2,2023-06-15T16:48:43+00:00
SAO_8019-10,São Paulo,3550308,True,,2071,,,-23.556272,-46.7506495,,,,1,2023-06-15T16:48:31+00:00
SAO_695D-10,São Paulo,3550308,True,,32882,,,-23.732850999999997,-46.6761405,,,,2,2023-06-15T16:48:45+00:00
SAO_695D-10,São Paulo,3550308,True,,32882,,,-23.683918499999997,-46.691693,,,,2,2023-06-15T16:48:26+00:00
SAO_695D-10,São Paulo,3550308,True,,32882,,,-23.6568655,-46.67211225,,,,2,2023-06-15T16:48:27+00:00
SAO_695D-10,São Paulo,3550308,True,,32882,,,-23.64725,-46.638956,,,,2,2023-06-15T16:48:30+00:00
SAO_695D-10,São Paulo,3550308,True,,32882,,,-23.66573175,-46.678098000000006,,,,2,2023-06-15T16:48:38+00:00
SAO_695D-10,São Paulo,3550308,True,,32882,,,-23.7332185,-46.676162500000004,,,,2,2023-06-15T16:48:19+00:00
SAO_6019-10,São Paulo,3550308,True,,34258,,,-23.668594499999998,-46.7355085,,,,2,2023-06-15T16:48:29+00:00
SAO_6019-10,São Paulo,3550308,True,,34258,,,-23.6687515,-46.735510000000005,,,,2,2023-06-15T16:48:34+00:00
SAO_4311-10,São Paulo,3550308,True,,2171,,,-23.59091025,-46.47630975,,,,1,2023-06-15T16:48:23+00:00
SAO_4311-10,São Paulo,3550308,True,,2171,,,-23.552894000000002,-46.613065,,,,1,2023-06-15T16:48:35+00:00
SAO_4311-10,São Paulo,3550308,True,,2171,,,-23.549055,-46.524574,,,,1,2023-06-15T16:48:42+00:00
SAO_4311-10,São Paulo,3550308,True,,2171,,,-23.537083125000002,-46.559342375,,,,1,2023-06-15T16:47:51+00:00
SAO_4311-10,São Paulo,3550308,True,,2171,,,-23.5993135,-46.4690495,,,,1,2023-06-15T16:48:35+00:00
SAO_4311-10,São Paulo,3550308,True,,2171,,,-23.6135545,-46.476344499999996,,,,1,2023-06-15T16:48:30+00:00
SAO_4311-10,São Paulo,3550308,True,,2171,,,-23.55162475,-46.624117500000004,,,,1,2023-06-15T16:46:30+00:00
SAO_4311-10,São Paulo,3550308,True,,2171,,,-23.536211,-46.547247,,,,1,2023-06-15T16:48:03+00:00
SAO_6412-10,São Paulo,3550308,True,,33538,,,-23.602771625,-46.674507250000005,,,,2,2023-06-15T16:48:47+00:00
SAO_6412-10,São Paulo,3550308,True,,33538,,,-23.5676645,-46.6490005,,,,2,2023-06-15T16:48:43+00:00
SAO_6412-10,São Paulo,3550308,True,,33538,,,-23.6172295,-46.720997,,,,2,2023-06-15T16:48:19+00:00
SAO_6412-10,São Paulo,3550308,True,,33538,,,-23.5680465,-46.646407375,,,,2,2023-06-15T16:48:09+00:00
SAO_6412-10,São Paulo,3550308,True,,33538,,,-23.614853,-46.7137005,,,,2,2023-06-15T16:48:03+00:00
SAO_6412-10,São Paulo,3550308,True,,33538,,,-23.5858555,-46.6728105,,,,2,2023-06-15T16:48:47+00:00
SAO_6028-10,São Paulo,3550308,True,,33979,,,-23.6623855,-46.706838125000004,,,,2,2023-06-15T16:48:03+00:00
SAO_6028-10,São Paulo,3550308,True,,33979,,,-23.677122500000003,-46.734182249999996,,,,2,2023-06-15T16:48:05+00:00
SAO_6028-10,São Paulo,3550308,True,,33979,,,-23.702140999999997,-46.744587499999994,,,,2,2023-06-15T16:48:08+00:00
SAO_6028-10,São Paulo,3550308,True,,33979,,,-23.702140999999997,-46.744587499999994,,,,2,2023-06-15T16:48:11+00:00
SAO_6028-10,São Paulo,3550308,True,,33979,,,-23.685614,-46.750806499999996,,,,2,2023-06-15T16:48:09+00:00
SAO_6028-10,São Paulo,3550308,True,,33979,,,-23.701075000000003,-46.748864999999995,,,,2,2023-06-15T16:48:46+00:00
SAO_6028-10,São Paulo,3550308,True,,33979,,,-23.70207,-46.744642,,,,2,2023-06-15T16:48:21+00:00
SAO_3722-10,São Paulo,3550308,True,,1020,,,-23.554147999999998,-46.486457,,,,1,2023-06-15T16:48:28+00:00
SAO_3722-10,São Paulo,3550308,True,,1020,,,-23.542267499999998,-46.43534325,,,,1,2023-06-15T16:48:43+00:00
SAO_3064-41,São Paulo,3550308,True,,34701,,,-23.5830695,-46.408172,,,,2,2023-06-15T16:48:04+00:00
SAO_3712-10,São Paulo,3550308,True,,33777,,,-23.5449415,-46.4458305,,,,2,2023-06-15T16:48:35+00:00
SAO_3712-10,São Paulo,3550308,True,,33777,,,-23.55296125,-46.42555625,,,,2,2023-06-15T16:48:31+00:00
SAO_3712-10,São Paulo,3550308,True,,33777,,,-23.54182,-46.4700115,,,,2,2023-06-15T16:48:21+00:00
SAO_3712-10,São Paulo,3550308,True,,33777,,,-23.55296125,-46.42555625,,,,2,2023-06-15T16:48:36+00:00
SAO_1764-10,São Paulo,3550308,True,,625,,,-23.4509725,-46.597016999999994,,,,1,2023-06-15T16:48:27+00:00
SAO_1764-10,São Paulo,3550308,True,,625,,,-23.425084,-46.582206,,,,1,2023-06-15T16:48:36+00:00
SAO_1764-10,São Paulo,3550308,True,,625,,,-23.436971,-46.5857115,,,,1,2023-06-15T16:48:23+00:00
SAO_1764-10,São Paulo,3550308,True,,625,,,-23.46603125,-46.60438825,,,,1,2023-06-15T16:48:28+00:00
SAO_1764-10,São Paulo,3550308,True,,625,,,-23.5028845,-46.6240365,,,,1,2023-06-15T16:48:10+00:00
SAO_1764-10,São Paulo,3550308,True,,625,,,-23.4884505,-46.624153,,,,1,2023-06-15T16:48:29+00:00
SAO_1767-10,São Paulo,3550308,True,,628,,,-23.473826,-46.5661475,,,,1,2023-06-15T16:48:05+00:00
SAO_1767-10,São Paulo,3550308,True,,628,,,-23.47634875,-46.569416625,,,,1,2023-06-15T16:48:28+00:00
SAO_1767-10,São Paulo,3550308,True,,628,,,-23.4770265,-46.596399000000005,,,,1,2023-06-15T16:48:13+00:00
SAO_172X-10,São Paulo,3550308,True,,861,,,-23.523095499999997,-46.568342875,,,,1,2023-06-15T16:48:27+00:00
SAO_172X-10,São Paulo,3550308,True,,861,,,-23.5043195,-46.56510075,,,,1,2023-06-15T16:48:17+00:00
SAO_172X-10,São Paulo,3550308,True,,861,,,-23.527673999999998,-46.58515375,,,,1,2023-06-15T16:47:19+00:00
SAO_172X-10,São Paulo,3550308,True,,861,,,-23.51602025,-46.568102999999994,,,,1,2023-06-15T16:48:01+00:00
SAO_172X-10,São Paulo,3550308,True,,861,,,-23.52734925,-46.58401825,,,,1,2023-06-15T16:46:45+00:00
SAO_7903-10,São Paulo,3550308,True,,33280,,,-23.5970695,-46.7908305,,,,2,2023-06-15T16:48:21+00:00
SAO_7903-10,São Paulo,3550308,True,,33280,,,-23.584875249999996,-46.745414249999996,,,,2,2023-06-15T16:48:07+00:00
SAO_7903-10,São Paulo,3550308,True,,33280,,,-23.556492499999997,-46.665206,,,,2,2023-06-15T16:48:23+00:00
SAO_7903-10,São Paulo,3550308,True,,33280,,,-23.599843,-46.7845095,,,,2,2023-06-15T16:48:34+00:00
SAO_7903-10,São Paulo,3550308,True,,33280,,,-23.5477705,-46.641587,,,,2,2023-06-15T16:48:40+00:00
SAO_958P-10,São Paulo,3550308,True,,33233,,,-23.5202375,-46.746021,,,,2,2023-06-15T16:48:23+00:00
SAO_958P-10,São Paulo,3550308,True,,33233,,,-23.48044,-46.7584765,,,,2,2023-06-15T16:48:13+00:00
SAO_958P-10,São Paulo,3550308,True,,33233,,,-23.530231,-46.73255875,,,,2,2023-06-15T16:48:02+00:00
SAO_958P-10,São Paulo,3550308,True,,33233,,,-23.494445499999998,-46.736879875,,,,2,2023-06-15T16:48:10+00:00
SAO_2006-10,São Paulo,3550308,True,,33663,,,-23.488710125,-46.378629000000004,,,,2,2023-06-15T16:48:25+00:00
SAO_2006-10,São Paulo,3550308,True,,33663,,,-23.490159,-46.386007,,,,2,2023-06-15T16:46:23+00:00
SAO_2006-10,São Paulo,3550308,True,,33663,,,-23.497555,-46.395596,,,,2,2023-06-15T16:48:13+00:00
SAO_2006-10,São Paulo,3550308,True,,33663,,,-23.510832999999998,-46.366727,,,,2,2023-06-15T16:48:11+00:00
SAO_978L-10,São Paulo,3550308,True,EMTU,466,https://moovitapp.com/index/pt-br/transporte_p%C3%BAblico-line-466-Sao_Paulo-242-2038937-72712754-0,5.4,-23.512221,-46.666377499999996,,,,1,2023-06-15T16:48:11+00:00
SAO_978L-10,São Paulo,3550308,True,EMTU,466,https://moovitapp.com/index/pt-br/transporte_p%C3%BAblico-line-466-Sao_Paulo-242-2038937-72712754-0,5.4,-23.53506275,-46.644746999999995,,,,1,2023-06-15T16:48:13+00:00
SAO_978L-10,São Paulo,3550308,True,EMTU,466,https://moovitapp.com/index/pt-br/transporte_p%C3%BAblico-line-466-Sao_Paulo-242-2038937-72712754-0,5.4,-23.539908250000003,-46.64632675,,,,1,2023-06-15T16:48:37+00:00
SAO_8199-10,São Paulo,3550308,True,,33575,,,-23.49569725,-46.71346825,,,,2,2023-06-15T16:48:09+00:00
SAO_8199-10,São Paulo,3550308,True,,33575,,,-23.4690875,-46.750939,,,,2,2023-06-15T16:48:35+00:00
SAO_8199-10,São Paulo,3550308,True,,33575,,,-23.4929225,-46.696448000000004,,,,2,2023-06-15T16:48:11+00:00
SAO_8199-10,São Paulo,3550308,True,,33575,,,-23.4837995,-46.686814999999996,,,,2,2023-06-15T16:48:33+00:00
SAO_8199-10,São Paulo,3550308,True,,33575,,,-23.469364499999998,-46.750752250000005,,,,2,2023-06-15T16:48:25+00:00
SAO_8199-10,São Paulo,3550308,True,,33575,,,-23.470213,-46.75018849999999,,,,2,2023-06-15T16:48:29+00:00
SAO_8199-10,São Paulo,3550308,True,,33575,,,-23.4757515,-46.674363,,,,2,2023-06-15T16:48:21+00:00
SAO_8199-10,São Paulo,3550308,True,,33575,,,-23.468643,-46.7512295,,,,2,2023-06-15T16:48:09+00:00
SAO_8199-10,São Paulo,3550308,True,,33575,,,-23.468643,-46.7512295,,,,2,2023-06-15T16:48:22+00:00
SAO_8199-10,São Paulo,3550308,True,,33575,,,-23.4856905,-46.73994225,,,,2,2023-06-15T16:48:39+00:00
SAO_8199-10,São Paulo,3550308,True,,33575,,,-23.4929685,-46.7151255,,,,2,2023-06-15T16:48:20+00:00
SAO_9008-10,São Paulo,3550308,True,,875,,,-23.453474,-46.696878,,,,1,2023-06-15T16:48:22+00:00
SAO_9008-10,São Paulo,3550308,True,,875,,,-23.4665345,-46.6792645,,,,1,2023-06-15T16:48:27+00:00
SAO_9008-10,São Paulo,3550308,True,,875,,,-23.427475,-46.7146125,,,,1,2023-06-15T16:48:35+00:00
SAO_9008-10,São Paulo,3550308,True,,875,,,-23.427475,-46.7146125,,,,1,2023-06-15T16:48:39+00:00
SAO_9008-10,São Paulo,3550308,True,,875,,,-23.473550250000002,-46.670976249999995,,,,1,2023-06-15T16:48:26+00:00
SAO_3010-10,São Paulo,3550308,True,,2543,,,-23.51843625,-46.451578,,,,1,2023-06-15T16:48:42+00:00
SAO_3010-10,São Paulo,3550308,True,,2543,,,-23.518273,-46.475646499999996,,,,1,2023-06-15T16:48:19+00:00
SAO_4033-10,São Paulo,3550308,True,,33871,,,-23.620516000000002,-46.4668725,,,,2,2023-06-15T16:48:11+00:00
SAO_4033-10,São Paulo,3550308,True,,33871,,,-23.6197935,-46.44371099999999,,,,2,2023-06-15T16:48:17+00:00
SAO_4033-10,São Paulo,3550308,True,,33871,,,-23.617209000000003,-46.451049999999995,,,,2,2023-06-15T16:48:17+00:00
SAO_4033-10,São Paulo,3550308,True,,33871,,,-23.5992335,-46.514607,,,,2,2023-06-15T16:48:23+00:00
SAO_4033-10,São Paulo,3550308,True,,33871,,,-23.5946305,-46.503217500000005,,,,2,2023-06-15T16:48:13+00:00
SAO_4033-10,São Paulo,3550308,True,,33871,,,-23.6197935,-46.44371099999999,,,,2,2023-06-15T16:48:21+00:00
SAO_4033-10,São Paulo,3550308,True,,33871,,,-23.602775,-46.54250725,,,,2,2023-06-15T16:48:11+00:00
SAO_4033-10,São Paulo,3550308,True,,33871,,,-23.614102,-46.4970335,,,,2,2023-06-15T16:48:18+00:00
SAO_4033-10,São Paulo,3550308,True,,33871,,,-23.6006895,-46.52722850000001,,,,2,2023-06-15T16:48:06+00:00
SAO_6L05-10,São Paulo,3550308,True,,1173,,,-23.828203,-46.726499000000004,,,,1,2023-06-15T16:48:30+00:00
SAO_6L05-10,São Paulo,3550308,True,,1173,,,-23.829530499999997,-46.723845,,,,1,2023-06-15T16:48:26+00:00
SAO_5103-10,São Paulo,3550308,True,,34414,,,-23.6032395,-46.604252,,,,2,2023-06-15T16:48:44+00:00
SAO_5103-10,São Paulo,3550308,True,,34414,,,-23.600097375,-46.625983624999996,,,,2,2023-06-15T16:47:17+00:00
SAO_5103-10,São Paulo,3550308,True,,34414,,,-23.597043999999997,-46.643537375,,,,2,2023-06-15T16:48:23+00:00
SAO_677Y-10,São Paulo,3550308,True,,1240,,,-23.6262285,-46.709826,,,,1,2023-06-15T16:48:32+00:00
SAO_677Y-10,São Paulo,3550308,True,,1240,,,-23.6137345,-46.695820499999996,,,,1,2023-06-15T16:48:15+00:00
SAO_677Y-10,São Paulo,3550308,True,,1240,,,-23.6137995,-46.695978,,,,1,2023-06-15T16:48:46+00:00
SAO_677Y-10,São Paulo,3550308,True,,1240,,,-23.619235500000002,-46.699847000000005,,,,1,2023-06-15T16:48:09+00:00
SAO_677Y-10,São Paulo,3550308,True,,1240,,,-23.624938125,-46.707062125,,,,1,2023-06-15T16:48:10+00:00
SAO_7458-10,São Paulo,3550308,True,EMTU,496,https://moovitapp.com/index/pt-br/transporte_p%C3%BAblico-line-496-Sao_Paulo-242-2038937-36419521-0,5.4,-23.590548499999997,-46.737435500000004,,,,1,2023-06-15T16:48:46+00:00
SAO_7458-10,São Paulo,3550308,True,EMTU,496,https://moovitapp.com/index/pt-br/transporte_p%C3%BAblico-line-496-Sao_Paulo-242-2038937-36419521-0,5.4,-23.59181125,-46.73579,,,,1,2023-06-15T16:48:45+00:00
SAO_7458-10,São Paulo,3550308,True,EMTU,496,https://moovitapp.com/index/pt-br/transporte_p%C3%BAblico-line-496-Sao_Paulo-242-2038937-36419521-0,5.4,-23.5856815,-46.761949,,,,1,2023-06-15T16:48:17+00:00
SAO_7458-10,São Paulo,3550308,True,EMTU,496,https://moovitapp.com/index/pt-br/transporte_p%C3%BAblico-line-496-Sao_Paulo-242-2038937-36419521-0,5.4,-23.59181125,-46.73579,,,,1,2023-06-15T16:48:03+00:00
SAO_2026-10,São Paulo,3550308,True,,35037,,,-23.461329499999998,-46.582954,,,,2,2023-06-15T16:47:44+00:00
SAO_2026-10,São Paulo,3550308,True,,35037,,,-23.461197499999997,-46.582989999999995,,,,2,2023-06-15T16:48:32+00:00
SAO_2026-10,São Paulo,3550308,True,,35037,,,-23.510438,-46.5710165,,,,2,2023-06-15T16:47:28+00:00
SAO_807P-10,São Paulo,3550308,True,,2099,,,-23.6346505,-46.7247345,,,,1,2023-06-15T16:48:11+00:00
SAO_807P-10,São Paulo,3550308,True,,2099,,,-23.651874499999998,-46.7213745,,,,1,2023-06-15T16:48:27+00:00
SAO_971M-10,São Paulo,3550308,True,,612,,,-23.50090525,-46.625523125,,,,1,2023-06-15T16:48:32+00:00
SAO_971M-10,São Paulo,3550308,True,,612,,,-23.490707,-46.689197,,,,1,2023-06-15T16:48:38+00:00
SAO_971M-10,São Paulo,3550308,True,,612,,,-23.490409,-46.6888085,,,,1,2023-06-15T16:48:04+00:00
SAO_971M-10,São Paulo,3550308,True,,612,,,-23.482805499999998,-46.6318525,,,,1,2023-06-15T16:48:42+00:00
SAO_971M-10,São Paulo,3550308,True,,612,,,-23.46799175,-46.678540999999996,,,,1,2023-06-15T16:48:31+00:00
SAO_971M-10,São Paulo,3550308,True,,612,,,-23.486878500000003,-46.652657500000004,,,,1,2023-06-15T16:48:13+00:00
SAO_6048-10,São Paulo,3550308,True,,32824,,,-23.647837000000003,-46.7480295,,,,2,2023-06-15T16:48:16+00:00
SAO_6048-10,São Paulo,3550308,True,,32824,,,-23.6464195,-46.706595,,,,2,2023-06-15T16:48:35+00:00
SAO_6048-10,São Paulo,3550308,True,,32824,,,-23.6438595,-46.731730999999996,,,,2,2023-06-15T16:48:24+00:00
SAO_6048-10,São Paulo,3550308,True,,32824,,,-23.670794,-46.772879,,,,2,2023-06-15T16:48:26+00:00
SAO_6262-10,São Paulo,3550308,True,,34139,,,-23.577015000000003,-46.672109500000005,,,,2,2023-06-15T16:48:12+00:00
SAO_6262-10,São Paulo,3550308,True,,34139,,,-23.5510215,-46.645524249999994,,,,2,2023-06-15T16:48:39+00:00
SAO_6262-10,São Paulo,3550308,True,,34139,,,-23.530287625,-46.731522999999996,,,,2,2023-06-15T16:47:42+00:00
SAO_6262-10,São Paulo,3550308,True,,34139,,,-23.52725,-46.734348999999995,,,,2,2023-06-15T16:48:13+00:00
SAO_6262-10,São Paulo,3550308,True,,34139,,,-23.576448749999997,-46.6872905,,,,2,2023-06-15T16:48:29+00:00
SAO_6837-10,São Paulo,3550308,True,,6,,,-23.6161065,-46.739967,,,,1,2023-06-15T16:48:30+00:00
SAO_6837-10,São Paulo,3550308,True,,6,,,-23.622176500000002,-46.759738999999996,,,,1,2023-06-15T16:48:46+00:00
SAO_6837-10,São Paulo,3550308,True,,6,,,-23.61615475,-46.738743750000005,,,,1,2023-06-15T16:48:23+00:00
SAO_6837-10,São Paulo,3550308,True,,6,,,-23.616187,-46.742721,,,,1,2023-06-15T16:48:05+00:00
SAO_6837-10,São Paulo,3550308,True,,6,,,-23.6161065,-46.739967,,,,1,2023-06-15T16:48:23+00:00
SAO_6837-10,São Paulo,3550308,True,,6,,,-23.6161065,-46.739967,,,,1,2023-06-15T16:48:12+00:00
SAO_6837-10,São Paulo,3550308,True,,6,,,-23.61615475,-46.738743750000005,,,,1,2023-06-15T16:48:28+00:00
SAO_6837-10,São Paulo,3550308,True,,6,,,-23.6161065,-46.739967,,,,1,2023-06-15T16:48:28+00:00
SAO_6837-10,São Paulo,3550308,True,,6,,,-23.63338925,-46.758725,,,,1,2023-06-15T16:48:33+00:00
SAO_6837-10,São Paulo,3550308,True,,6,,,-23.64478225,-46.76402,,,,1,2023-06-15T16:48:09+00:00
SAO_9188-10,São Paulo,3550308,True,,33577,,,-23.489267,-46.710195,,,,2,2023-06-15T16:48:38+00:00
SAO_9188-10,São Paulo,3550308,True,,33577,,,-23.450449375,-46.721106250000005,,,,2,2023-06-15T16:48:38+00:00
SAO_9188-10,São Paulo,3550308,True,,33577,,,-23.452496500000002,-46.7365985,,,,2,2023-06-15T16:48:22+00:00
SAO_476A-10,São Paulo,3550308,True,,33072,,,-23.577792125000002,-46.601164,,,,2,2023-06-15T16:48:02+00:00
SAO_476A-10,São Paulo,3550308,True,,33072,,,-23.617812,-46.661882000000006,,,,2,2023-06-15T16:48:36+00:00
SAO_476A-10,São Paulo,3550308,True,,33072,,,-23.603600999999998,-46.656107625000004,,,,2,2023-06-15T16:48:41+00:00
SAO_476A-10,São Paulo,3550308,True,,33072,,,-23.63470675,-46.693451875,,,,2,2023-06-15T16:48:33+00:00
SAO_476A-10,São Paulo,3550308,True,,33072,,,-23.600113999999998,-46.6507795,,,,2,2023-06-15T16:48:37+00:00
SAO_476A-10,São Paulo,3550308,True,,33072,,,-23.578396750000003,-46.6022665,,,,2,2023-06-15T16:48:38+00:00
SAO_476A-10,São Paulo,3550308,True,,33072,,,-23.6292195,-46.666042000000004,,,,2,2023-06-15T16:48:35+00:00
SAO_1786-10,São Paulo,3550308,True,,649,,,-23.501943500000003,-46.6235805,,,,1,2023-06-15T16:48:01+00:00
SAO_1786-10,São Paulo,3550308,True,,649,,,-23.4574425,-46.6147535,,,,1,2023-06-15T16:48:37+00:00
SAO_2021-10,São Paulo,3550308,True,,906,,,-23.540057,-46.399933,,,,1,2023-06-15T16:48:05+00:00
SAO_2021-10,São Paulo,3550308,True,,906,,,-23.5443145,-46.389241999999996,,,,1,2023-06-15T16:48:21+00:00
SAO_2021-10,São Paulo,3550308,True,,906,,,-23.5443145,-46.389241999999996,,,,1,2023-06-15T16:47:11+00:00
SAO_4001-10,São Paulo,3550308,True,,34944,,,-23.544845000000002,-46.45280075,,,,2,2023-06-15T16:48:15+00:00
SAO_4001-10,São Paulo,3550308,True,,34944,,,-23.553619750000003,-46.46595325,,,,2,2023-06-15T16:48:21+00:00
SAO_4001-10,São Paulo,3550308,True,,34944,,,-23.55286,-46.51341925,,,,2,2023-06-15T16:48:13+00:00
SAO_4001-10,São Paulo,3550308,True,,34944,,,-23.532577,-46.4410275,,,,2,2023-06-15T16:48:38+00:00
SAO_3773-10,São Paulo,3550308,True,,1059,,,-23.609756249999997,-46.46421475,,,,1,2023-06-15T16:48:41+00:00
SAO_3773-10,São Paulo,3550308,True,,1059,,,-23.615941999999997,-46.464735000000005,,,,1,2023-06-15T16:48:44+00:00
SAO_3773-10,São Paulo,3550308,True,,1059,,,-23.615941999999997,-46.464735000000005,,,,1,2023-06-15T16:48:25+00:00
SAO_3773-10,São Paulo,3550308,True,,1059,,,-23.615941999999997,-46.464735000000005,,,,1,2023-06-15T16:48:35+00:00
SAO_3773-10,São Paulo,3550308,True,,1059,,,-23.59749625,-46.475637750000004,,,,1,2023-06-15T16:48:30+00:00
SAO_3773-10,São Paulo,3550308,True,,1059,,,-23.5550475,-46.5169645,,,,1,2023-06-15T16:48:46+00:00
SAO_3773-10,São Paulo,3550308,True,,1059,,,-23.5380945,-46.564400750000004,,,,1,2023-06-15T16:48:30+00:00
SAO_847J-10,São Paulo,3550308,True,,1342,,,-23.5365855,-46.72600275,,,,1,2023-06-15T16:48:31+00:00
SAO_847J-10,São Paulo,3550308,True,,1342,,,-23.4878705,-46.71395975,,,,1,2023-06-15T16:48:23+00:00
SAO_1767-10,São Paulo,3550308,True,,33396,,,-23.480306,-46.602554,,,,2,2023-06-15T16:48:31+00:00
SAO_1767-10,São Paulo,3550308,True,,33396,,,-23.478626499999997,-46.5988695,,,,2,2023-06-15T16:48:09+00:00
SAO_1767-10,São Paulo,3550308,True,,33396,,,-23.4735285,-46.5655225,,,,2,2023-06-15T16:48:14+00:00
SAO_1767-10,São Paulo,3550308,True,,33396,,,-23.4736435,-46.565765999999996,,,,2,2023-06-15T16:48:40+00:00
SAO_1767-10,São Paulo,3550308,True,,33396,,,-23.4735285,-46.5655225,,,,2,2023-06-15T16:48:34+00:00
SAO_1767-10,São Paulo,3550308,True,,33396,,,-23.48097825,-46.566867,,,,2,2023-06-15T16:46:52+00:00
SAO_3902-10,São Paulo,3550308,True,,34238,,,-23.538890000000002,-46.4078155,,,,2,2023-06-15T16:48:14+00:00
SAO_3902-10,São Paulo,3550308,True,,34238,,,-23.50612675,-46.4052245,,,,2,2023-06-15T16:48:41+00:00
SAO_3902-10,São Paulo,3550308,True,,34238,,,-23.507883,-46.3916105,,,,2,2023-06-15T16:48:33+00:00
SAO_3902-10,São Paulo,3550308,True,,34238,,,-23.485104,-46.384288999999995,,,,2,2023-06-15T16:48:06+00:00
SAO_3902-10,São Paulo,3550308,True,,34238,,,-23.519779624999998,-46.410117375,,,,2,2023-06-15T16:48:12+00:00
SAO_2626-10,São Paulo,3550308,True,EMTU,376,https://moovitapp.com/index/pt-br/transporte_p%C3%BAblico-line-376-Sao_Paulo-242-2038937-114744732-0,5.1,-23.5237645,-46.410553500000006,,,,1,2023-06-15T16:48:36+00:00
SAO_2626-10,São Paulo,3550308,True,EMTU,376,https://moovitapp.com/index/pt-br/transporte_p%C3%BAblico-line-376-Sao_Paulo-242-2038937-114744732-0,5.1,-23.5358395,-46.572618,,,,1,2023-06-15T16:48:32+00:00
SAO_2626-10,São Paulo,3550308,True,EMTU,376,https://moovitapp.com/index/pt-br/transporte_p%C3%BAblico-line-376-Sao_Paulo-242-2038937-114744732-0,5.1,-23.546727,-46.629723999999996,,,,1,2023-06-15T16:48:09+00:00
SAO_2626-10,São Paulo,3550308,True,EMTU,376,https://moovitapp.com/index/pt-br/transporte_p%C3%BAblico-line-376-Sao_Paulo-242-2038937-114744732-0,5.1,-23.494246,-46.422235125,,,,1,2023-06-15T16:48:27+00:00
SAO_2626-10,São Paulo,3550308,True,EMTU,376,https://moovitapp.com/index/pt-br/transporte_p%C3%BAblico-line-376-Sao_Paulo-242-2038937-114744732-0,5.1,-23.512635500000002,-46.402305,,,,1,2023-06-15T16:47:53+00:00
SAO_2626-10,São Paulo,3550308,True,EMTU,376,https://moovitapp.com/index/pt-br/transporte_p%C3%BAblico-line-376-Sao_Paulo-242-2038937-114744732-0,5.1,-23.539987,-46.61139225,,,,1,2023-06-15T16:48:38+00:00
SAO_2626-10,São Paulo,3550308,True,EMTU,376,https://moovitapp.com/index/pt-br/transporte_p%C3%BAblico-line-376-Sao_Paulo-242-2038937-114744732-0,5.1,-23.547011,-46.62953,,,,1,2023-06-15T16:48:31+00:00
SAO_8072-10,São Paulo,3550308,True,,2079,,,-23.642163,-46.766020499999996,,,,1,2023-06-15T16:48:28+00:00
SAO_8072-10,São Paulo,3550308,True,,2079,,,-23.642163,-46.766020499999996,,,,1,2023-06-15T16:48:08+00:00
SAO_8072-10,São Paulo,3550308,True,,2079,,,-23.632402499999998,-46.7588265,,,,1,2023-06-15T16:48:13+00:00
SAO_8072-10,São Paulo,3550308,True,,2079,,,-23.585276,-46.728823,,,,1,2023-06-15T16:48:13+00:00
SAO_736I-10,São Paulo,3550308,True,,33549,,,-23.64599725,-46.71064825,,,,2,2023-06-15T16:48:08+00:00
SAO_736I-10,São Paulo,3550308,True,,33549,,,-23.640358875,-46.71881225,,,,2,2023-06-15T16:48:26+00:00
SAO_736I-10,São Paulo,3550308,True,,33549,,,-23.64186875,-46.740641000000004,,,,2,2023-06-15T16:48:11+00:00
SAO_736I-10,São Paulo,3550308,True,,33549,,,-23.635101499999998,-46.748088499999994,,,,2,2023-06-15T16:48:37+00:00
SAO_7903-10,São Paulo,3550308,True,,512,,,-23.5682005,-46.68521025,,,,1,2023-06-15T16:48:26+00:00
SAO_7903-10,São Paulo,3550308,True,,512,,,-23.58656475,-46.755303,,,,1,2023-06-15T16:48:47+00:00
SAO_2725-10,São Paulo,3550308,True,,33707,,,-23.539782000000002,-46.482977500000004,,,,2,2023-06-15T16:48:43+00:00
SAO_2725-10,São Paulo,3550308,True,,33707,,,-23.512969499999997,-46.4736135,,,,2,2023-06-15T16:48:45+00:00
SAO_2725-10,São Paulo,3550308,True,,33707,,,-23.539938499999998,-46.482815,,,,2,2023-06-15T16:48:13+00:00
SAO_745M-21,São Paulo,3550308,True,,1984,,,-23.6699365,-46.765222,,,,1,2023-06-15T16:48:36+00:00
SAO_745M-21,São Paulo,3550308,True,,1984,,,-23.624658,-46.7646215,,,,1,2023-06-15T16:48:46+00:00
SAO_4027-41,São Paulo,3550308,True,,35077,,,-23.633806,-46.4395945,,,,2,2023-06-15T16:48:05+00:00
SAO_8542-21,São Paulo,3550308,True,,1361,,,-23.47348,-46.702473499999996,,,,1,2023-06-15T16:48:31+00:00
SAO_8542-21,São Paulo,3550308,True,,1361,,,-23.4735895,-46.7026745,,,,1,2023-06-15T16:48:11+00:00
SAO_8542-21,São Paulo,3550308,True,,1361,,,-23.488663375,-46.686049499999996,,,,1,2023-06-15T16:48:34+00:00
SAO_8542-21,São Paulo,3550308,True,,1361,,,-23.4724455,-46.702169,,,,1,2023-06-15T16:48:41+00:00
SAO_6L04-10,São Paulo,3550308,True,,1180,,,-23.835438500000002,-46.730638,,,,1,2023-06-15T16:48:25+00:00
SAO_2583-10,São Paulo,3550308,True,EMTU,375,https://moovitapp.com/index/pt-br/transporte_p%C3%BAblico-line-375-Sao_Paulo-242-2038937-36419449-0,11.7,-23.508490000000002,-46.494468999999995,,,,1,2023-06-15T16:48:08+00:00
SAO_2583-10,São Paulo,3550308,True,EMTU,375,https://moovitapp.com/index/pt-br/transporte_p%C3%BAblico-line-375-Sao_Paulo-242-2038937-36419449-0,11.7,-23.503292000000002,-46.429359500000004,,,,1,2023-06-15T16:48:07+00:00
SAO_1787-10,São Paulo,3550308,True,,650,,,-23.4915205,-46.624862,,,,1,2023-06-15T16:48:33+00:00
SAO_1787-10,São Paulo,3550308,True,,650,,,-23.45465275,-46.623563000000004,,,,1,2023-06-15T16:48:06+00:00
SAO_7267-10,São Paulo,3550308,True,,34195,,,-23.5386575,-46.681062749999995,,,,2,2023-06-15T16:48:30+00:00
SAO_7267-10,São Paulo,3550308,True,,34195,,,-23.555425,-46.663049,,,,2,2023-06-15T16:48:12+00:00
SAO_8707-10,São Paulo,3550308,True,,2064,,,-23.562667,-46.675276,,,,1,2023-06-15T16:48:30+00:00
SAO_8707-10,São Paulo,3550308,True,,2064,,,-23.538968250000003,-46.643979875,,,,1,2023-06-15T16:48:19+00:00
SAO_8707-10,São Paulo,3550308,True,,2064,,,-23.5737555,-46.7362015,,,,1,2023-06-15T16:48:21+00:00
SAO_4028-10,São Paulo,3550308,True,,33866,,,-23.639682999999998,-46.450097,,,,2,2023-06-15T16:48:45+00:00
SAO_4028-10,São Paulo,3550308,True,,33866,,,-23.5926885625,-46.4887616875,,,,2,2023-06-15T16:48:36+00:00
SAO_4028-10,São Paulo,3550308,True,,33866,,,-23.611282000000003,-46.475545499999996,,,,2,2023-06-15T16:48:46+00:00
SAO_4028-10,São Paulo,3550308,True,,33866,,,-23.593083,-46.4887815,,,,2,2023-06-15T16:48:23+00:00
SAO_7005-10,São Paulo,3550308,True,,34766,,,-23.7021595,-46.782621,,,,2,2023-06-15T16:48:43+00:00
SAO_7005-10,São Paulo,3550308,True,,34766,,,-23.684067,-46.769816500000005,,,,2,2023-06-15T16:48:29+00:00
SAO_7005-10,São Paulo,3550308,True,,34766,,,-23.684067,-46.769816500000005,,,,2,2023-06-15T16:48:31+00:00
SAO_3737-31,São Paulo,3550308,True,,1354,,,-23.530606499999998,-46.51745699999999,,,,1,2023-06-15T16:48:17+00:00
SAO_3737-31,São Paulo,3550308,True,,1354,,,-23.5375285,-46.512716499999996,,,,1,2023-06-15T16:48:09+00:00
SAO_5318-10,São Paulo,3550308,True,,32813,,,-23.6408978125,-46.71591,,,,2,2023-06-15T16:48:18+00:00
SAO_5318-10,São Paulo,3550308,True,,32813,,,-23.6332155,-46.70233,,,,2,2023-06-15T16:48:37+00:00
SAO_5318-10,São Paulo,3550308,True,,32813,,,-23.6646575,-46.753386,,,,2,2023-06-15T16:48:31+00:00
SAO_5318-10,São Paulo,3550308,True,,32813,,,-23.665154625,-46.753176499999995,,,,2,2023-06-15T16:48:37+00:00
SAO_5318-10,São Paulo,3550308,True,,32813,,,-23.6646575,-46.753386,,,,2,2023-06-15T16:48:41+00:00
SAO_5318-10,São Paulo,3550308,True,,32813,,,-23.665154625,-46.753176499999995,,,,2,2023-06-15T16:48:07+00:00
SAO_5318-10,São Paulo,3550308,True,,32813,,,-23.65748,-46.7360535,,,,2,2023-06-15T16:48:44+00:00
SAO_5318-10,São Paulo,3550308,True,,32813,,,-23.656266375,-46.735871875,,,,2,2023-06-15T16:48:14+00:00
SAO_1018-10,São Paulo,3550308,True,,33600,,,-23.4469405,-46.627235999999996,,,,2,2023-06-15T16:42:44+00:00
SAO_1018-10,São Paulo,3550308,True,,33600,,,-23.480452999999997,-46.611222,,,,2,2023-06-15T16:48:21+00:00
SAO_1018-10,São Paulo,3550308,True,,33600,,,-23.446652999999998,-46.627379000000005,,,,2,2023-06-15T16:42:44+00:00
SAO_1018-10,São Paulo,3550308,True,,33600,,,-23.4587955,-46.615185499999995,,,,2,2023-06-15T16:48:24+00:00
SAO_1018-10,São Paulo,3550308,True,,33600,,,-23.4468225,-46.627283,,,,2,2023-06-15T16:35:05+00:00
SAO_809N-10,São Paulo,3550308,True,,35012,,,-23.56691,-46.754742500000006,,,,2,2023-06-15T16:48:24+00:00
SAO_809N-10,São Paulo,3550308,True,,35012,,,-23.5639075,-46.764129,,,,2,2023-06-15T16:48:41+00:00
SAO_809N-10,São Paulo,3550308,True,,35012,,,-23.568452999999998,-46.765302,,,,2,2023-06-15T16:48:36+00:00
SAO_8016-10,São Paulo,3550308,True,,1346,,,-23.4441175,-46.735325,,,,1,2023-06-15T16:48:19+00:00
SAO_8016-10,São Paulo,3550308,True,,1346,,,-23.449806000000002,-46.7184975,,,,1,2023-06-15T16:48:34+00:00
SAO_8016-10,São Paulo,3550308,True,,1346,,,-23.481085,-46.724149,,,,1,2023-06-15T16:48:47+00:00
SAO_8016-10,São Paulo,3550308,True,,1346,,,-23.437822,-46.728558500000005,,,,1,2023-06-15T16:48:35+00:00
SAO_8016-10,São Paulo,3550308,True,,1346,,,-23.4441175,-46.735325,,,,1,2023-06-15T16:48:09+00:00
SAO_8016-10,São Paulo,3550308,True,,1346,,,-23.4392745,-46.7170965,,,,1,2023-06-15T16:48:28+00:00
SAO_637V-10,São Paulo,3550308,True,EMTU,104,https://moovitapp.com/index/pt-br/transporte_p%C3%BAblico-line-104-Sao_Paulo-242-2038937-36419267-0,5.1,-23.7341835,-46.683115,,,,1,2023-06-15T16:48:15+00:00
SAO_637V-10,São Paulo,3550308,True,EMTU,104,https://moovitapp.com/index/pt-br/transporte_p%C3%BAblico-line-104-Sao_Paulo-242-2038937-36419267-0,5.1,-23.706224875000004,-46.700448625,,,,1,2023-06-15T16:48:32+00:00
SAO_637V-10,São Paulo,3550308,True,EMTU,104,https://moovitapp.com/index/pt-br/transporte_p%C3%BAblico-line-104-Sao_Paulo-242-2038937-36419267-0,5.1,-23.65687525,-46.7063055,,,,1,2023-06-15T16:48:34+00:00
SAO_637V-10,São Paulo,3550308,True,EMTU,104,https://moovitapp.com/index/pt-br/transporte_p%C3%BAblico-line-104-Sao_Paulo-242-2038937-36419267-0,5.1,-23.7382055,-46.6893095,,,,1,2023-06-15T16:48:08+00:00
SAO_273F-10,São Paulo,3550308,True,,32927,,,-23.489485625,-46.421352,,,,2,2023-06-15T16:48:24+00:00
SAO_273F-10,São Paulo,3550308,True,,32927,,,-23.523473000000003,-46.44379325,,,,2,2023-06-15T16:48:39+00:00
SAO_6017-10,São Paulo,3550308,True,,33974,,,-23.66684275,-46.723412499999995,,,,2,2023-06-15T16:48:06+00:00
SAO_6017-10,São Paulo,3550308,True,,33974,,,-23.696901,-46.761,,,,2,2023-06-15T16:48:13+00:00
SAO_6017-10,São Paulo,3550308,True,,33974,,,-23.675371,-46.75579225,,,,2,2023-06-15T16:48:36+00:00
SAO_6017-10,São Paulo,3550308,True,,33974,,,-23.684307500000003,-46.770112749999996,,,,2,2023-06-15T16:48:03+00:00
SAO_6017-10,São Paulo,3550308,True,,33974,,,-23.6971455,-46.7609475,,,,2,2023-06-15T16:48:36+00:00
SAO_6017-10,São Paulo,3550308,True,,33974,,,-23.654928749999996,-46.70791425,,,,2,2023-06-15T16:48:07+00:00
SAO_6017-10,São Paulo,3550308,True,,33974,,,-23.696901,-46.761,,,,2,2023-06-15T16:48:42+00:00
SAO_6017-10,São Paulo,3550308,True,,33974,,,-23.6905325,-46.774566500000006,,,,2,2023-06-15T16:48:18+00:00
SAO_5109-10,São Paulo,3550308,True,,34619,,,-23.556975562499996,-46.6202010625,,,,2,2023-06-15T16:48:11+00:00
SAO_5109-10,São Paulo,3550308,True,,34619,,,-23.546847,-46.6291015,,,,2,2023-06-15T16:48:34+00:00
SAO_5109-10,São Paulo,3550308,True,,34619,,,-23.584868999999998,-46.5833485,,,,2,2023-06-15T16:48:02+00:00
SAO_5015-10,São Paulo,3550308,True,,1119,,,-23.6924525,-46.659774999999996,,,,1,2023-06-15T16:48:20+00:00
SAO_5015-10,São Paulo,3550308,True,,1119,,,-23.678711,-46.6567585,,,,1,2023-06-15T16:48:08+00:00
SAO_5015-10,São Paulo,3550308,True,,1119,,,-23.659974,-46.63654,,,,1,2023-06-15T16:48:11+00:00
SAO_5015-10,São Paulo,3550308,True,,1119,,,-23.676164500000002,-46.660602749999995,,,,1,2023-06-15T16:48:25+00:00
SAO_1705-10,São Paulo,3550308,True,,33617,,,-23.44264425,-46.58803375,,,,2,2023-06-15T16:48:27+00:00
SAO_1705-10,São Paulo,3550308,True,,33617,,,-23.433689,-46.5840695,,,,2,2023-06-15T16:48:28+00:00
SAO_1705-10,São Paulo,3550308,True,,33617,,,-23.459148499999998,-46.593605,,,,2,2023-06-15T16:45:54+00:00
SAO_1705-10,São Paulo,3550308,True,,33617,,,-23.4378375,-46.586511,,,,2,2023-06-15T16:46:04+00:00
SAO_1705-10,São Paulo,3550308,True,,33617,,,-23.4458615,-46.589753,,,,2,2023-06-15T16:48:17+00:00
SAO_1705-10,São Paulo,3550308,True,,33617,,,-23.4344995,-46.5839375,,,,2,2023-06-15T16:48:25+00:00
SAO_1705-10,São Paulo,3550308,True,,33617,,,-23.434339,-46.58389525,,,,2,2023-06-15T16:48:26+00:00
SAO_1705-10,São Paulo,3550308,True,,33617,,,-23.445313499999997,-46.587887,,,,2,2023-06-15T16:48:40+00:00
SAO_1705-10,São Paulo,3550308,True,,33617,,,-23.433735624999997,-46.5844345,,,,2,2023-06-15T16:48:26+00:00
SAO_6403-10,São Paulo,3550308,True,,32826,,,-23.5876285,-46.6924275,,,,2,2023-06-15T16:48:10+00:00
SAO_6403-10,São Paulo,3550308,True,,32826,,,-23.64337025,-46.734382,,,,2,2023-06-15T16:48:09+00:00
SAO_271A-10,São Paulo,3550308,True,STT,702,https://moovitapp.com/index/pt-br/transporte_p%C3%BAblico-line-702-Sao_Paulo-242-850661-641780-0,5.3,-23.501208,-46.6020985,,,,1,2023-06-15T16:48:24+00:00
SAO_271A-10,São Paulo,3550308,True,STT,702,https://moovitapp.com/index/pt-br/transporte_p%C3%BAblico-line-702-Sao_Paulo-242-850661-641780-0,5.3,-23.523774500000002,-46.557733999999996,,,,1,2023-06-15T16:47:04+00:00
SAO_271A-10,São Paulo,3550308,True,STT,702,https://moovitapp.com/index/pt-br/transporte_p%C3%BAblico-line-702-Sao_Paulo-242-850661-641780-0,5.3,-23.518916500000003,-46.546872500000006,,,,1,2023-06-15T16:48:11+00:00
SAO_271A-10,São Paulo,3550308,True,STT,702,https://moovitapp.com/index/pt-br/transporte_p%C3%BAblico-line-702-Sao_Paulo-242-850661-641780-0,5.3,-23.518916500000003,-46.546872500000006,,,,1,2023-06-15T16:48:12+00:00
SAO_5020-10,São Paulo,3550308,True,,34438,,,-23.6102245,-46.59347325,,,,2,2023-06-15T16:48:25+00:00
SAO_5020-10,São Paulo,3550308,True,,34438,,,-23.610409500000003,-46.593145750000005,,,,2,2023-06-15T16:48:13+00:00
SAO_5020-10,São Paulo,3550308,True,,34438,,,-23.6102245,-46.59347325,,,,2,2023-06-15T16:48:16+00:00
SAO_5020-10,São Paulo,3550308,True,,34438,,,-23.5999815,-46.600495499999994,,,,2,2023-06-15T16:48:39+00:00
SAO_4721-10,São Paulo,3550308,True,,33105,,,-23.622149999999998,-46.6289735,,,,2,2023-06-15T16:48:26+00:00
SAO_2011-10,São Paulo,3550308,True,,2136,,,-23.4811525,-46.612036,,,,1,2023-06-15T16:45:21+00:00
SAO_2011-10,São Paulo,3550308,True,,2136,,,-23.492143750000004,-46.5739755,,,,1,2023-06-15T16:48:13+00:00
SAO_2011-10,São Paulo,3550308,True,,2136,,,-23.4789755,-46.5991595,,,,1,2023-06-15T16:48:42+00:00
SAO_2011-10,São Paulo,3550308,True,,2136,,,-23.492143750000004,-46.5739755,,,,1,2023-06-15T16:48:42+00:00
SAO_2011-10,São Paulo,3550308,True,,2136,,,-23.4893885,-46.5680575,,,,1,2023-06-15T16:40:29+00:00
SAO_2666-10,São Paulo,3550308,True,,33146,,,-23.523137249999998,-46.5333235,,,,2,2023-06-15T16:48:39+00:00
SAO_2666-10,São Paulo,3550308,True,,33146,,,-23.4954815,-46.40491,,,,2,2023-06-15T16:48:08+00:00
SAO_2666-10,São Paulo,3550308,True,,33146,,,-23.518412250000004,-46.391846125,,,,2,2023-06-15T16:48:03+00:00
SAO_2666-10,São Paulo,3550308,True,,33146,,,-23.51828025,-46.3879975,,,,2,2023-06-15T16:47:57+00:00
SAO_2666-10,São Paulo,3550308,True,,33146,,,-23.53574375,-46.5730255,,,,2,2023-06-15T16:48:06+00:00
SAO_2666-10,São Paulo,3550308,True,,33146,,,-23.518412250000004,-46.391846125,,,,2,2023-06-15T16:48:12+00:00
SAO_2666-10,São Paulo,3550308,True,,33146,,,-23.508071,-46.4926935,,,,2,2023-06-15T16:48:16+00:00
SAO_2666-10,São Paulo,3550308,True,,33146,,,-23.5025835,-46.4712955,,,,2,2023-06-15T16:48:23+00:00
SAO_2666-10,São Paulo,3550308,True,,33146,,,-23.544483125,-46.619135625,,,,2,2023-06-15T16:48:15+00:00
SAO_2666-10,São Paulo,3550308,True,,33146,,,-23.4942435,-46.4390015,,,,2,2023-06-15T16:48:34+00:00
SAO_637A-26,São Paulo,3550308,True,,34525,,,-23.56639475,-46.701505749999995,,,,2,2023-06-15T16:48:16+00:00
SAO_637A-26,São Paulo,3550308,True,,34525,,,-23.566554,-46.701409999999996,,,,2,2023-06-15T16:48:36+00:00
SAO_8600-22,São Paulo,3550308,True,,34822,,,-23.5434195,-46.638258500000006,,,,2,2023-06-15T16:48:05+00:00
SAO_8600-22,São Paulo,3550308,True,,34822,,,-23.5434195,-46.638258500000006,,,,2,2023-06-15T16:48:22+00:00
SAO_8600-22,São Paulo,3550308,True,,34822,,,-23.543519,-46.638079000000005,,,,2,2023-06-15T16:48:31+00:00
SAO_8600-22,São Paulo,3550308,True,,34822,,,-23.542727499999998,-46.637761499999996,,,,2,2023-06-15T16:48:43+00:00
SAO_6006-10,São Paulo,3550308,True,EMTU,175,https://moovitapp.com/index/pt-br/transporte_p%C3%BAblico-line-175-Sao_Paulo-242-2038937-36419312-0,6.25,-23.665479249999997,-46.69068025,,,,1,2023-06-15T16:48:01+00:00
SAO_6006-10,São Paulo,3550308,True,EMTU,175,https://moovitapp.com/index/pt-br/transporte_p%C3%BAblico-line-175-Sao_Paulo-242-2038937-36419312-0,6.25,-23.66761,-46.680253500000006,,,,1,2023-06-15T16:48:46+00:00
SAO_6006-10,São Paulo,3550308,True,EMTU,175,https://moovitapp.com/index/pt-br/transporte_p%C3%BAblico-line-175-Sao_Paulo-242-2038937-36419312-0,6.25,-23.665822000000002,-46.677959,,,,1,2023-06-15T16:48:20+00:00
SAO_6006-10,São Paulo,3550308,True,EMTU,175,https://moovitapp.com/index/pt-br/transporte_p%C3%BAblico-line-175-Sao_Paulo-242-2038937-36419312-0,6.25,-23.6866155,-46.754643,,,,1,2023-06-15T16:48:23+00:00
SAO_6006-10,São Paulo,3550308,True,EMTU,175,https://moovitapp.com/index/pt-br/transporte_p%C3%BAblico-line-175-Sao_Paulo-242-2038937-36419312-0,6.25,-23.6922335,-46.757836499999996,,,,1,2023-06-15T16:44:35+00:00
SAO_6006-10,São Paulo,3550308,True,EMTU,175,https://moovitapp.com/index/pt-br/transporte_p%C3%BAblico-line-175-Sao_Paulo-242-2038937-36419312-0,6.25,-23.667765000000003,-46.680365,,,,1,2023-06-15T16:48:03+00:00
SAO_6006-10,São Paulo,3550308,True,EMTU,175,https://moovitapp.com/index/pt-br/transporte_p%C3%BAblico-line-175-Sao_Paulo-242-2038937-36419312-0,6.25,-23.6922335,-46.757836499999996,,,,1,2023-06-15T16:43:27+00:00
SAO_1018-10,São Paulo,3550308,True,,832,,,-23.471544,-46.6176635,,,,1,2023-06-15T16:48:16+00:00
SAO_1018-10,São Paulo,3550308,True,,832,,,-23.48877925,-46.62417,,,,1,2023-06-15T16:47:19+00:00
SAO_3013-10,São Paulo,3550308,True,,33722,,,-23.583029,-46.4077545,,,,2,2023-06-15T16:48:07+00:00
SAO_3414-10,São Paulo,3550308,True,,33514,,,-23.5444565,-46.521542,,,,2,2023-06-15T16:48:45+00:00
SAO_3414-10,São Paulo,3550308,True,,33514,,,-23.54272375,-46.522222625,,,,2,2023-06-15T16:48:17+00:00
SAO_3414-10,São Paulo,3550308,True,,33514,,,-23.548674000000002,-46.629608749999996,,,,2,2023-06-15T16:48:39+00:00
SAO_3414-10,São Paulo,3550308,True,,33514,,,-23.55258075,-46.619533375,,,,2,2023-06-15T16:48:31+00:00
SAO_3414-10,São Paulo,3550308,True,,33514,,,-23.543142187500003,-46.58608475,,,,2,2023-06-15T16:48:47+00:00
SAO_1783-10,São Paulo,3550308,True,,644,,,-23.486753999999998,-46.6201255,,,,1,2023-06-15T16:48:18+00:00
SAO_1783-10,São Paulo,3550308,True,,644,,,-23.455307,-46.602386249999995,,,,1,2023-06-15T16:47:06+00:00
SAO_1783-10,São Paulo,3550308,True,,644,,,-23.43049275,-46.593712249999996,,,,1,2023-06-15T16:45:18+00:00
SAO_354M-10,São Paulo,3550308,True,,1619,,,-23.5078515,-46.456758,,,,1,2023-06-15T16:48:37+00:00
SAO_354M-10,São Paulo,3550308,True,,1619,,,-23.55584375,-46.445741,,,,1,2023-06-15T16:46:21+00:00
SAO_354M-10,São Paulo,3550308,True,,1619,,,-23.6131755,-46.476376,,,,1,2023-06-15T16:48:18+00:00
SAO_6021-10,São Paulo,3550308,True,,32945,,,-23.792718999999998,-46.738761,,,,2,2023-06-15T16:48:14+00:00
SAO_6021-10,São Paulo,3550308,True,,32945,,,-23.768697,-46.715999,,,,2,2023-06-15T16:48:20+00:00
SAO_6021-10,São Paulo,3550308,True,,32945,,,-23.767440999999998,-46.716431,,,,2,2023-06-15T16:48:43+00:00
SAO_1738-10,São Paulo,3550308,True,,672,,,-23.47361775,-46.583155250000004,,,,1,2023-06-15T16:47:52+00:00
SAO_1738-10,São Paulo,3550308,True,,672,,,-23.486135,-46.60856525,,,,1,2023-06-15T16:46:09+00:00
SAO_1738-10,São Paulo,3550308,True,,672,,,-23.49206825,-46.601226,,,,1,2023-06-15T16:45:51+00:00
SAO_1021-10,São Paulo,3550308,True,,33601,,,-23.444254,-46.712253000000004,,,,2,2023-06-15T16:47:59+00:00
SAO_1021-10,São Paulo,3550308,True,,33601,,,-23.472284000000002,-46.725635999999994,,,,2,2023-06-15T16:48:42+00:00
SAO_1021-10,São Paulo,3550308,True,,33601,,,-23.444605250000002,-46.7123045,,,,2,2023-06-15T16:48:42+00:00
SAO_6805-10,São Paulo,3550308,True,,31,,,-23.66100675,-46.757594999999995,,,,1,2023-06-15T16:48:44+00:00
SAO_6805-10,São Paulo,3550308,True,,31,,,-23.6552405,-46.762154499999994,,,,1,2023-06-15T16:48:30+00:00
SAO_6805-10,São Paulo,3550308,True,,31,,,-23.6492395,-46.73245,,,,1,2023-06-15T16:48:37+00:00
SAO_3015-10,São Paulo,3550308,True,,35222,,,-23.4789165,-46.384702000000004,,,,2,2023-06-15T16:48:44+00:00
SAO_6258-10,São Paulo,3550308,True,,34000,,,-23.689085,-46.742861125000005,,,,2,2023-06-15T16:48:05+00:00
SAO_6258-10,São Paulo,3550308,True,,34000,,,-23.66562125,-46.711981249999994,,,,2,2023-06-15T16:48:38+00:00
SAO_6258-10,São Paulo,3550308,True,,34000,,,-23.6913715,-46.7460655,,,,2,2023-06-15T16:48:11+00:00
SAO_8021-10,São Paulo,3550308,True,,34841,,,-23.571145375,-46.709069125,,,,2,2023-06-15T16:48:32+00:00
SAO_2720-31,São Paulo,3550308,True,,34610,,,-23.4982895,-46.47767375,,,,2,2023-06-15T16:48:36+00:00
SAO_2720-31,São Paulo,3550308,True,,34610,,,-23.492762,-46.4711185,,,,2,2023-06-15T16:48:35+00:00
SAO_8006-10,São Paulo,3550308,True,,34024,,,-23.433157,-46.7297415,,,,2,2023-06-15T16:48:35+00:00
SAO_8006-10,São Paulo,3550308,True,,34024,,,-23.4337045,-46.727669500000005,,,,2,2023-06-15T16:47:44+00:00
SAO_8006-10,São Paulo,3550308,True,,34024,,,-23.432887,-46.7297695,,,,2,2023-06-15T16:48:38+00:00
SAO_2004-10,São Paulo,3550308,True,,33660,,,-23.519818,-46.383840000000006,,,,2,2023-06-15T16:48:11+00:00
SAO_2004-10,São Paulo,3550308,True,,33660,,,-23.5199755,-46.384038000000004,,,,2,2023-06-15T16:48:32+00:00
SAO_2004-10,São Paulo,3550308,True,,33660,,,-23.5199755,-46.384038000000004,,,,2,2023-06-15T16:48:32+00:00
SAO_2004-10,São Paulo,3550308,True,,33660,,,-23.5376015,-46.4059695,,,,2,2023-06-15T16:48:36+00:00
SAO_9181-10,São Paulo,3550308,True,,33653,,,-23.457219000000002,-46.696751,,,,2,2023-06-15T16:48:40+00:00
SAO_9181-10,São Paulo,3550308,True,,33653,,,-23.457219000000002,-46.696751,,,,2,2023-06-15T16:48:25+00:00
SAO_9181-10,São Paulo,3550308,True,,33653,,,-23.457380999999998,-46.696545,,,,2,2023-06-15T16:48:07+00:00
SAO_9181-10,São Paulo,3550308,True,,33653,,,-23.468682,-46.6851835,,,,2,2023-06-15T16:48:10+00:00
SAO_9181-10,São Paulo,3550308,True,,33653,,,-23.485274750000002,-46.687469,,,,2,2023-06-15T16:48:24+00:00
SAO_9181-10,São Paulo,3550308,True,,33653,,,-23.521511500000003,-46.70167975,,,,2,2023-06-15T16:48:33+00:00
SAO_273V-10,São Paulo,3550308,True,EMTU,231,https://moovitapp.com/index/pt-br/transporte_p%C3%BAblico-line-231-Sao_Paulo-242-2038937-36419348-0,6.2,-23.533114,-46.5432805,,,,1,2023-06-15T16:48:46+00:00
SAO_273V-10,São Paulo,3550308,True,EMTU,231,https://moovitapp.com/index/pt-br/transporte_p%C3%BAblico-line-231-Sao_Paulo-242-2038937-36419348-0,6.2,-23.524046499999997,-46.4446995,,,,1,2023-06-15T16:48:44+00:00
SAO_5011-10,São Paulo,3550308,True,,1115,,,-23.695305,-46.652688999999995,,,,1,2023-06-15T16:48:05+00:00
SAO_5011-10,São Paulo,3550308,True,,1115,,,-23.710265,-46.620691,,,,1,2023-06-15T16:46:30+00:00
SAO_5011-10,São Paulo,3550308,True,,1115,,,-23.7102665,-46.6208535,,,,1,2023-06-15T16:48:31+00:00
SAO_5011-10,São Paulo,3550308,True,,1115,,,-23.672999,-46.686725,,,,1,2023-06-15T16:48:21+00:00
SAO_5011-10,São Paulo,3550308,True,,1115,,,-23.654514,-46.7036375,,,,1,2023-06-15T16:48:22+00:00
SAO_5011-10,São Paulo,3550308,True,,1115,,,-23.7102665,-46.6208535,,,,1,2023-06-15T16:46:03+00:00
SAO_5011-10,São Paulo,3550308,True,,1115,,,-23.65632475,-46.700395625,,,,1,2023-06-15T16:48:08+00:00
SAO_1177-31,São Paulo,3550308,True,,1831,,,-23.520169000000003,-46.47580281249999,,,,1,2023-06-15T16:47:54+00:00
SAO_6816-10,São Paulo,3550308,True,,32794,,,-23.648725,-46.784729,,,,2,2023-06-15T16:48:18+00:00
SAO_6816-10,São Paulo,3550308,True,,32794,,,-23.6600195,-46.767176,,,,2,2023-06-15T16:48:09+00:00
SAO_6816-10,São Paulo,3550308,True,,32794,,,-23.653212,-46.7764515,,,,2,2023-06-15T16:48:19+00:00
SAO_4315-10,São Paulo,3550308,True,,34943,,,-23.557819000000002,-46.523201,,,,2,2023-06-15T16:48:11+00:00
SAO_4315-10,São Paulo,3550308,True,,34943,,,-23.553129,-46.6269305,,,,2,2023-06-15T16:48:40+00:00
SAO_4315-10,São Paulo,3550308,True,,34943,,,-23.5381725,-46.563,,,,2,2023-06-15T16:45:45+00:00
SAO_4742-10,São Paulo,3550308,True,EMTU,342,https://moovitapp.com/index/pt-br/transporte_p%C3%BAblico-line-342-Sao_Paulo-242-2038937-36419426-0,7.55,-23.657735000000002,-46.6169015,,,,1,2023-06-15T16:47:51+00:00
SAO_4742-10,São Paulo,3550308,True,EMTU,342,https://moovitapp.com/index/pt-br/transporte_p%C3%BAblico-line-342-Sao_Paulo-242-2038937-36419426-0,7.55,-23.638104,-46.6087755,,,,1,2023-06-15T16:48:33+00:00
SAO_4742-10,São Paulo,3550308,True,EMTU,342,https://moovitapp.com/index/pt-br/transporte_p%C3%BAblico-line-342-Sao_Paulo-242-2038937-36419426-0,7.55,-23.638104,-46.6087755,,,,1,2023-06-15T16:48:41+00:00
SAO_7021-10,São Paulo,3550308,True,,1989,,,-23.643883,-46.7336615,,,,1,2023-06-15T16:48:36+00:00
SAO_7021-10,São Paulo,3550308,True,,1989,,,-23.6757585,-46.754656499999996,,,,1,2023-06-15T16:48:45+00:00
SAO_7009-10,São Paulo,3550308,True,,1951,,,-23.7041605,-46.787671,,,,1,2023-06-15T16:48:06+00:00
SAO_7009-10,São Paulo,3550308,True,,1951,,,-23.688748,-46.772769875,,,,1,2023-06-15T16:48:04+00:00
SAO_7009-10,São Paulo,3550308,True,,1951,,,-23.704196500000002,-46.787588,,,,1,2023-06-15T16:48:44+00:00
SAO_4717-10,São Paulo,3550308,True,,33103,,,-23.63726225,-46.597989,,,,2,2023-06-15T16:48:16+00:00
SAO_8065-10,São Paulo,3550308,True,EMTU,421,https://moovitapp.com/index/pt-br/transporte_p%C3%BAblico-line-421-Sao_Paulo-242-2038937-36419478-0,5.2,-23.51418,-46.723804,,,,1,2023-06-15T16:48:33+00:00
SAO_2028-10,São Paulo,3550308,True,,35031,,,-23.434402499999997,-46.5717385,,,,2,2023-06-15T16:48:27+00:00
SAO_2028-10,São Paulo,3550308,True,,35031,,,-23.4379415,-46.572314500000005,,,,2,2023-06-15T16:48:21+00:00
SAO_2028-10,São Paulo,3550308,True,,35031,,,-23.4659205,-46.597035500000004,,,,2,2023-06-15T16:48:09+00:00
SAO_2762-10,São Paulo,3550308,True,,144,,,-23.49944,-46.52238,,,,1,2023-06-15T16:48:13+00:00
SAO_2762-10,São Paulo,3550308,True,,144,,,-23.534815625,-46.570384,,,,1,2023-06-15T16:48:25+00:00
SAO_2762-10,São Paulo,3550308,True,,144,,,-23.503567500000003,-46.49976975,,,,1,2023-06-15T16:48:28+00:00
SAO_373M-10,São Paulo,3550308,True,,33049,,,-23.59114725,-46.56836425,,,,2,2023-06-15T16:48:25+00:00
SAO_373M-10,São Paulo,3550308,True,,33049,,,-23.601270999999997,-46.538996,,,,2,2023-06-15T16:48:12+00:00
SAO_2451-10,São Paulo,3550308,True,,32981,,,-23.516843,-46.489267999999996,,,,2,2023-06-15T16:47:21+00:00
SAO_8600-10,São Paulo,3550308,True,,1432,,,-23.523119562499996,-46.6516929375,,,,1,2023-06-15T16:48:44+00:00
SAO_8600-10,São Paulo,3550308,True,,1432,,,-23.5414745,-46.638814499999995,,,,1,2023-06-15T16:48:17+00:00
SAO_8600-10,São Paulo,3550308,True,,1432,,,-23.490053,-46.71039275,,,,1,2023-06-15T16:48:35+00:00
SAO_8600-10,São Paulo,3550308,True,,1432,,,-23.486732,-46.726426000000004,,,,1,2023-06-15T16:48:18+00:00
SAO_5164-41,São Paulo,3550308,True,,34385,,,-23.6326695,-46.637735500000005,,,,2,2023-06-15T16:48:23+00:00
SAO_5164-41,São Paulo,3550308,True,,34385,,,-23.6345995,-46.6411415,,,,2,2023-06-15T16:48:18+00:00
SAO_8300-10,São Paulo,3550308,True,,34032,,,-23.4841335,-46.7226335,,,,2,2023-06-15T16:48:25+00:00
SAO_8300-10,São Paulo,3550308,True,,34032,,,-23.520215999999998,-46.700196000000005,,,,2,2023-06-15T16:48:35+00:00
SAO_8300-10,São Paulo,3550308,True,,34032,,,-23.5202155,-46.7012705,,,,2,2023-06-15T16:48:34+00:00
SAO_2522-10,São Paulo,3550308,True,Cidade de Caieiras,140,https://moovitapp.com/index/pt-br/transporte_p%C3%BAblico-line-140-Sao_Paulo-242-868761-496401-0,5.0,-23.542745500000002,-46.470704,,,,1,2023-06-15T16:48:36+00:00
SAO_5026-10,São Paulo,3550308,True,,1635,,,-23.6059165,-46.496885500000005,,,,1,2023-06-15T16:48:37+00:00
SAO_1026-10,São Paulo,3550308,True,,35074,,,-23.47083525,-46.71026325,,,,2,2023-06-15T16:48:07+00:00
SAO_1026-10,São Paulo,3550308,True,,35074,,,-23.4703375,-46.710367000000005,,,,2,2023-06-15T16:48:46+00:00
SAO_6052-31,São Paulo,3550308,True,,1832,,,-23.774055625000003,-46.706195,,,,1,2023-06-15T16:48:18+00:00
SAO_6L08-10,São Paulo,3550308,True,,33950,,,-23.827634500000002,-46.7133525,,,,2,2023-06-15T16:48:15+00:00
SAO_6L08-10,São Paulo,3550308,True,,33950,,,-23.827348,-46.69764012499999,,,,2,2023-06-15T16:47:18+00:00
SAO_5106-31,São Paulo,3550308,True,,34073,,,-23.589772437500002,-46.64083062499999,,,,2,2023-06-15T16:47:59+00:00
SAO_5106-31,São Paulo,3550308,True,,34073,,,-23.6882825,-46.6342525,,,,2,2023-06-15T16:48:31+00:00
SAO_5106-31,São Paulo,3550308,True,,34073,,,-23.6390905,-46.6413445,,,,2,2023-06-15T16:48:27+00:00
SAO_5106-31,São Paulo,3550308,True,,34073,,,-23.6875885,-46.654850499999995,,,,2,2023-06-15T16:48:09+00:00
SAO_577T-10,São Paulo,3550308,True,,34059,,,-23.660991000000003,-46.66061825,,,,2,2023-06-15T16:47:20+00:00
SAO_577T-10,São Paulo,3550308,True,,34059,,,-23.6857025,-46.637755999999996,,,,2,2023-06-15T16:48:22+00:00
SAO_577T-10,São Paulo,3550308,True,,34059,,,-23.688633000000003,-46.638399750000005,,,,2,2023-06-15T16:48:31+00:00
SAO_577T-10,São Paulo,3550308,True,,34059,,,-23.59420525,-46.64228,,,,2,2023-06-15T16:48:42+00:00
SAO_577T-10,São Paulo,3550308,True,,34059,,,-23.685083,-46.637559499999995,,,,2,2023-06-15T16:47:22+00:00
SAO_577T-10,São Paulo,3550308,True,,34059,,,-23.628451374999997,-46.644663625,,,,2,2023-06-15T16:48:12+00:00
SAO_4012-10,São Paulo,3550308,True,,2185,,,-23.612609,-46.476212000000004,,,,1,2023-06-15T16:48:41+00:00
SAO_5164-41,São Paulo,3550308,True,,1617,,,-23.64675425,-46.645568,,,,1,2023-06-15T16:48:42+00:00
SAO_7053-22,São Paulo,3550308,True,,1896,,,-23.631153500000003,-46.7733425,,,,1,2023-06-15T16:48:41+00:00
SAO_6052-10,São Paulo,3550308,True,,33912,,,-23.767299,-46.716265,,,,2,2023-06-15T16:48:08+00:00
SAO_6052-10,São Paulo,3550308,True,,33912,,,-23.770165499999997,-46.6953745,,,,2,2023-06-15T16:48:32+00:00
SAO_6052-10,São Paulo,3550308,True,,33912,,,-23.775877,-46.6912655,,,,2,2023-06-15T16:48:44+00:00
SAO_5144-10,São Paulo,3550308,True,,1627,,,-23.613897,-46.50077,,,,1,2023-06-15T16:48:04+00:00
SAO_5144-10,São Paulo,3550308,True,,1627,,,-23.5331465,-46.629678,,,,1,2023-06-15T16:48:04+00:00
SAO_5144-10,São Paulo,3550308,True,,1627,,,-23.546858999999998,-46.58706325,,,,1,2023-06-15T16:48:09+00:00
SAO_5144-10,São Paulo,3550308,True,,1627,,,-23.57843475,-46.544036250000005,,,,1,2023-06-15T16:48:41+00:00
SAO_6815-10,São Paulo,3550308,True,BR7 Mobilidade,25,https://moovitapp.com/index/pt-br/transporte_p%C3%BAblico-line-25-Sao_Paulo-242-851856-758720-0,5.75,-23.65865,-46.765243,,,,1,2023-06-15T16:48:37+00:00
SAO_948A-10,São Paulo,3550308,True,,1423,,,-23.510699,-46.705584,,,,1,2023-06-15T16:48:34+00:00
SAO_948A-10,São Paulo,3550308,True,,1423,,,-23.5256045,-46.681706500000004,,,,1,2023-06-15T16:48:28+00:00
SAO_607M-10,São Paulo,3550308,True,,34804,,,-23.671747,-46.7108755,,,,2,2023-06-15T16:48:43+00:00
SAO_607M-10,São Paulo,3550308,True,,34804,,,-23.7358595,-46.6960365,,,,2,2023-06-15T16:48:44+00:00
SAO_607M-10,São Paulo,3550308,True,,34804,,,-23.733336,-46.697852499999996,,,,2,2023-06-15T16:48:15+00:00
SAO_701H-10,São Paulo,3550308,True,,35326,,,-23.7023335,-46.744477,,,,2,2023-06-15T16:48:25+00:00
SAO_6L10-10,São Paulo,3550308,True,,1159,,,-23.767440999999998,-46.716431,,,,1,2023-06-15T16:48:26+00:00
SAO_2201-10,São Paulo,3550308,True,,33677,,,-23.533054999999997,-46.39453999999999,,,,2,2023-06-15T16:48:37+00:00
SAO_2201-10,São Paulo,3550308,True,,33677,,,-23.5384355,-46.407349499999995,,,,2,2023-06-15T16:48:21+00:00
SAO_4114-10,São Paulo,3550308,True,,33089,,,-23.58641475,-46.63180475,,,,2,2023-06-15T16:48:40+00:00
SAO_4114-10,São Paulo,3550308,True,,33089,,,-23.611375000000002,-46.62250025,,,,2,2023-06-15T16:47:59+00:00
SAO_8686-10,São Paulo,3550308,True,EMTU,446,https://moovitapp.com/index/pt-br/transporte_p%C3%BAblico-line-446-Sao_Paulo-242-2038937-36419492-0,4.8,-23.53200675,-46.65965125,,,,1,2023-06-15T16:48:03+00:00
SAO_8686-10,São Paulo,3550308,True,EMTU,446,https://moovitapp.com/index/pt-br/transporte_p%C3%BAblico-line-446-Sao_Paulo-242-2038937-36419492-0,4.8,-23.509263500000003,-46.731874000000005,,,,1,2023-06-15T16:48:06+00:00
SAO_6816-31,São Paulo,3550308,True,,1748,,,-23.6521495,-46.773450499999996,,,,1,2023-06-15T16:48:31+00:00
SAO_6816-31,São Paulo,3550308,True,,1748,,,-23.653454,-46.776790500000004,,,,1,2023-06-15T16:48:12+00:00
SAO_6816-31,São Paulo,3550308,True,,1748,,,-23.6488825,-46.784435,,,,1,2023-06-15T16:48:35+00:00
SAO_172Y-10,São Paulo,3550308,True,,862,,,-23.54052275,-46.5903265,,,,1,2023-06-15T16:48:38+00:00
SAO_172Y-10,São Paulo,3550308,True,,862,,,-23.5276105,-46.600013000000004,,,,1,2023-06-15T16:48:25+00:00
SAO_172Y-10,São Paulo,3550308,True,,862,,,-23.502634,-46.591027999999994,,,,1,2023-06-15T16:48:28+00:00
SAO_4086-10,São Paulo,3550308,True,,35018,,,-23.58308,-46.408871000000005,,,,2,2023-06-15T16:48:41+00:00
SAO_2710-31,São Paulo,3550308,True,,34422,,,-23.51761625,-46.49193425,,,,2,2023-06-15T16:48:40+00:00
SAO_1772-10,São Paulo,3550308,True,,635,,,-23.449984,-46.588297,,,,1,2023-06-15T16:48:23+00:00
SAO_1772-10,São Paulo,3550308,True,,635,,,-23.4347785,-46.5810585,,,,1,2023-06-15T16:48:09+00:00
SAO_1772-10,São Paulo,3550308,True,,635,,,-23.4556325,-46.590016000000006,,,,1,2023-06-15T16:48:37+00:00
SAO_1772-10,São Paulo,3550308,True,,635,,,-23.4349075,-46.581235,,,,1,2023-06-15T16:48:43+00:00
SAO_1772-10,São Paulo,3550308,True,,635,,,-23.479859500000003,-46.6022495,,,,1,2023-06-15T16:48:34+00:00
SAO_1772-10,São Paulo,3550308,True,,635,,,-23.4349075,-46.581235,,,,1,2023-06-15T16:48:41+00:00
SAO_4729-10,São Paulo,3550308,True,,33876,,,-23.5425015,-46.5902345,,,,2,2023-06-15T16:48:06+00:00
SAO_4729-10,São Paulo,3550308,True,,33876,,,-23.5573215,-46.578194499999995,,,,2,2023-06-15T16:48:46+00:00
SAO_4729-10,São Paulo,3550308,True,,33876,,,-23.5798445,-46.5519195,,,,2,2023-06-15T16:48:31+00:00
SAO_4729-10,São Paulo,3550308,True,,33876,,,-23.5989185,-46.517005499999996,,,,2,2023-06-15T16:48:36+00:00
SAO_1775-10,São Paulo,3550308,True,,33406,,,-23.460305374999997,-46.623050625,,,,2,2023-06-15T16:48:25+00:00
SAO_1775-10,São Paulo,3550308,True,,33406,,,-23.512323125,-46.61585575,,,,2,2023-06-15T16:48:22+00:00
SAO_1782-10,São Paulo,3550308,True,,643,,,-23.481448,-46.612571,,,,1,2023-06-15T16:46:55+00:00
SAO_702C-10,São Paulo,3550308,True,STT,485,https://moovitapp.com/index/pt-br/transporte_p%C3%BAblico-line-485-Sao_Paulo-242-850661-183324-0,5.3,-23.565329750000004,-46.74895975,,,,1,2023-06-15T16:48:09+00:00
SAO_702C-10,São Paulo,3550308,True,STT,485,https://moovitapp.com/index/pt-br/transporte_p%C3%BAblico-line-485-Sao_Paulo-242-850661-183324-0,5.3,-23.5760115,-46.741526625000006,,,,1,2023-06-15T16:48:22+00:00
SAO_702C-10,São Paulo,3550308,True,STT,485,https://moovitapp.com/index/pt-br/transporte_p%C3%BAblico-line-485-Sao_Paulo-242-850661-183324-0,5.3,-23.571202,-46.691386,,,,1,2023-06-15T16:48:47+00:00
SAO_702C-10,São Paulo,3550308,True,STT,485,https://moovitapp.com/index/pt-br/transporte_p%C3%BAblico-line-485-Sao_Paulo-242-850661-183324-0,5.3,-23.541709499999996,-46.59876275,,,,1,2023-06-15T16:48:43+00:00
SAO_702C-10,São Paulo,3550308,True,STT,485,https://moovitapp.com/index/pt-br/transporte_p%C3%BAblico-line-485-Sao_Paulo-242-850661-183324-0,5.3,-23.57803925,-46.712329,,,,1,2023-06-15T16:48:23+00:00
SAO_6075-10,São Paulo,3550308,True,,1162,,,-23.767813,-46.716483499999995,,,,1,2023-06-15T16:48:44+00:00
SAO_373M-10,São Paulo,3550308,True,EMTU,281,https://moovitapp.com/index/pt-br/transporte_p%C3%BAblico-line-281-Sao_Paulo-242-2038937-36419383-0,6.25,-23.541219499999997,-46.577991499999996,,,,1,2023-06-15T16:48:15+00:00
SAO_373M-10,São Paulo,3550308,True,EMTU,281,https://moovitapp.com/index/pt-br/transporte_p%C3%BAblico-line-281-Sao_Paulo-242-2038937-36419383-0,6.25,-23.5837635,-46.5844805,,,,1,2023-06-15T16:48:19+00:00
SAO_5024-31,São Paulo,3550308,True,,33891,,,-23.6808655,-46.683137,,,,2,2023-06-15T16:48:23+00:00
SAO_5024-31,São Paulo,3550308,True,,33891,,,-23.6930735,-46.65947,,,,2,2023-06-15T16:48:18+00:00
SAO_5024-31,São Paulo,3550308,True,,33891,,,-23.673115,-46.6867435,,,,2,2023-06-15T16:48:08+00:00
SAO_5024-31,São Paulo,3550308,True,,33891,,,-23.6886935,-46.649224000000004,,,,2,2023-06-15T16:48:41+00:00
SAO_5024-31,São Paulo,3550308,True,,33891,,,-23.689080750000002,-46.64931275,,,,2,2023-06-15T16:48:31+00:00
SAO_5024-31,São Paulo,3550308,True,,33891,,,-23.679797999999998,-46.6653565,,,,2,2023-06-15T16:48:04+00:00
SAO_1773-10,São Paulo,3550308,True,,33405,,,-23.461033,-46.6027355,,,,2,2023-06-15T16:48:38+00:00
SAO_1773-10,São Paulo,3550308,True,,33405,,,-23.482988499999998,-46.613475125,,,,2,2023-06-15T16:48:02+00:00
SAO_1773-10,São Paulo,3550308,True,,33405,,,-23.439379000000002,-46.5872065,,,,2,2023-06-15T16:48:40+00:00
SAO_3015-10,São Paulo,3550308,True,,2454,,,-23.5011215,-46.38508,,,,1,2023-06-15T16:48:38+00:00
SAO_1720-10,São Paulo,3550308,True,,863,,,-23.494577,-46.568966,,,,1,2023-06-15T16:48:23+00:00
SAO_1720-10,São Paulo,3550308,True,,863,,,-23.481731,-46.60282475,,,,1,2023-06-15T16:48:17+00:00
SAO_1720-10,São Paulo,3550308,True,,863,,,-23.4666125,-46.616144,,,,1,2023-06-15T16:48:22+00:00
SAO_1720-10,São Paulo,3550308,True,,863,,,-23.4490555,-46.6103495,,,,1,2023-06-15T16:48:26+00:00
SAO_1720-10,São Paulo,3550308,True,,863,,,-23.4418075,-46.615969,,,,1,2023-06-15T15:55:49+00:00
SAO_1720-10,São Paulo,3550308,True,,863,,,-23.48063225,-46.57020850000001,,,,1,2023-06-15T16:48:44+00:00
SAO_1720-10,São Paulo,3550308,True,,863,,,-23.480465000000002,-46.6064045,,,,1,2023-06-15T16:47:13+00:00
SAO_719P-10,São Paulo,3550308,True,,34140,,,-23.534007000000003,-46.652626999999995,,,,2,2023-06-15T16:48:38+00:00
SAO_719P-10,São Paulo,3550308,True,,34140,,,-23.561513625000003,-46.68813725,,,,2,2023-06-15T16:48:15+00:00
SAO_5020-10,São Paulo,3550308,True,,1670,,,-23.602595,-46.6026645,,,,1,2023-06-15T16:48:46+00:00
SAO_5020-10,São Paulo,3550308,True,,1670,,,-23.600096999999998,-46.600260999999996,,,,1,2023-06-15T16:48:18+00:00
SAO_6072-10,São Paulo,3550308,True,,34356,,,-23.827348,-46.69764012499999,,,,2,2023-06-15T16:48:42+00:00
SAO_6072-10,São Paulo,3550308,True,,34356,,,-23.765957,-46.716463,,,,2,2023-06-15T16:48:46+00:00
SAO_6072-10,São Paulo,3550308,True,,34356,,,-23.8274015,-46.69739250000001,,,,2,2023-06-15T16:48:41+00:00
SAO_6072-10,São Paulo,3550308,True,,34356,,,-23.8274015,-46.69739250000001,,,,2,2023-06-15T16:48:29+00:00
SAO_6072-10,São Paulo,3550308,True,,34356,,,-23.7839855,-46.7136315,,,,2,2023-06-15T16:48:18+00:00
SAO_6072-10,São Paulo,3550308,True,,34356,,,-23.8224425,-46.706332,,,,2,2023-06-15T16:48:12+00:00
SAO_6072-10,São Paulo,3550308,True,,34356,,,-23.8274015,-46.69739250000001,,,,2,2023-06-15T16:48:22+00:00
SAO_6072-10,São Paulo,3550308,True,,34356,,,-23.8274015,-46.69739250000001,,,,2,2023-06-15T16:48:20+00:00
SAO_8014-10,São Paulo,3550308,True,,801,,,-23.430071499999997,-46.789539500000004,,,,1,2023-06-15T16:48:36+00:00
SAO_8014-10,São Paulo,3550308,True,,801,,,-23.4505445,-46.790298,,,,1,2023-06-15T16:48:33+00:00
SAO_8014-10,São Paulo,3550308,True,,801,,,-23.407054000000002,-46.759332,,,,1,2023-06-15T16:48:29+00:00
SAO_4491-10,São Paulo,3550308,True,,33095,,,-23.5759655,-46.6107755,,,,2,2023-06-15T16:48:43+00:00
SAO_4491-10,São Paulo,3550308,True,,33095,,,-23.631752,-46.6273845,,,,2,2023-06-15T16:48:40+00:00
SAO_7458-10,São Paulo,3550308,True,,33264,,,-23.580671000000002,-46.794031000000004,,,,2,2023-06-15T16:48:47+00:00
SAO_7458-10,São Paulo,3550308,True,,33264,,,-23.580585,-46.7940725,,,,2,2023-06-15T16:48:34+00:00
SAO_273L-10,São Paulo,3550308,True,,224,,,-23.5387855,-46.423891999999995,,,,1,2023-06-15T16:47:55+00:00
SAO_273L-10,São Paulo,3550308,True,,224,,,-23.51168275,-46.4281285,,,,1,2023-06-15T16:48:40+00:00
SAO_273L-10,São Paulo,3550308,True,,224,,,-23.526847500000002,-46.446185,,,,1,2023-06-15T16:48:24+00:00
SAO_7272-10,São Paulo,3550308,True,,1333,,,-23.5542645,-46.67058025,,,,1,2023-06-15T16:48:44+00:00
SAO_3010-10,São Paulo,3550308,True,,35311,,,-23.5137355,-46.4437965,,,,2,2023-06-15T16:48:02+00:00
SAO_5107-10,São Paulo,3550308,True,,1659,,,-23.6033435,-46.602573,,,,1,2023-06-15T16:48:45+00:00
SAO_5107-10,São Paulo,3550308,True,,1659,,,-23.6023425,-46.6026925,,,,1,2023-06-15T16:48:23+00:00
SAO_5107-10,São Paulo,3550308,True,,1659,,,-23.587055125,-46.60293324999999,,,,1,2023-06-15T16:48:39+00:00
SAO_5107-10,São Paulo,3550308,True,,1659,,,-23.6033435,-46.602573,,,,1,2023-06-15T16:48:38+00:00
SAO_407W-10,São Paulo,3550308,True,,2204,,,-23.576538999999997,-46.52159,,,,1,2023-06-15T16:48:07+00:00
SAO_407W-10,São Paulo,3550308,True,,2204,,,-23.551702,-46.535868,,,,1,2023-06-15T16:48:16+00:00
SAO_407W-10,São Paulo,3550308,True,,2204,,,-23.5431985,-46.564817,,,,1,2023-06-15T16:48:25+00:00
SAO_3785-10,São Paulo,3550308,True,,1063,,,-23.557015,-46.4453875,,,,1,2023-06-15T16:48:16+00:00
SAO_3785-10,São Paulo,3550308,True,,1063,,,-23.588057,-46.392246,,,,1,2023-06-15T16:48:28+00:00
SAO_3785-10,São Paulo,3550308,True,,1063,,,-23.5629695,-46.44609975,,,,1,2023-06-15T16:48:34+00:00
SAO_3785-10,São Paulo,3550308,True,,1063,,,-23.542569999999998,-46.46953499999999,,,,1,2023-06-15T16:48:44+00:00
SAO_3785-10,São Paulo,3550308,True,,1063,,,-23.563545,-46.446155,,,,1,2023-06-15T16:48:46+00:00
SAO_3785-10,São Paulo,3550308,True,,1063,,,-23.5946925,-46.441441999999995,,,,1,2023-06-15T16:48:39+00:00
SAO_3785-10,São Paulo,3550308,True,,1063,,,-23.5824165,-46.407865,,,,1,2023-06-15T16:48:46+00:00
SAO_3785-10,São Paulo,3550308,True,,1063,,,-23.591207,-46.394471,,,,1,2023-06-15T16:48:07+00:00
SAO_6403-10,São Paulo,3550308,True,,58,,,-23.612657499999997,-46.698394500000006,,,,1,2023-06-15T16:48:43+00:00
SAO_6403-10,São Paulo,3550308,True,,58,,,-23.577786000000003,-46.674068500000004,,,,1,2023-06-15T16:48:30+00:00
SAO_6403-10,São Paulo,3550308,True,,58,,,-23.547468000000002,-46.630211,,,,1,2023-06-15T16:48:40+00:00
SAO_6403-10,São Paulo,3550308,True,,58,,,-23.643927,-46.7328295,,,,1,2023-06-15T16:48:08+00:00
SAO_909T-1,São Paulo,3550308,True,,35280,,,-23.5448285,-46.6433995,,,,2,2023-06-15T16:48:10+00:00
SAO_909T-1,São Paulo,3550308,True,,35280,,,-23.546607,-46.6308205,,,,2,2023-06-15T16:48:28+00:00
SAO_809T-10,São Paulo,3550308,True,,2246,,,-23.58504825,-46.7564885,,,,1,2023-06-15T16:48:08+00:00
SAO_809T-10,São Paulo,3550308,True,,2246,,,-23.539258,-46.7276885,,,,1,2023-06-15T16:48:03+00:00
SAO_575C-10,São Paulo,3550308,True,,34454,,,-23.577154,-46.6010495,,,,2,2023-06-15T16:48:42+00:00
SAO_575C-10,São Paulo,3550308,True,,34454,,,-23.580758250000002,-46.5259895,,,,2,2023-06-15T16:48:38+00:00
SAO_351F-10,São Paulo,3550308,True,,687,,,-23.5077895,-46.5891175,,,,1,2023-06-15T16:46:21+00:00
SAO_351F-10,São Paulo,3550308,True,,687,,,-23.54376975,-46.5866635,,,,1,2023-06-15T16:48:09+00:00
SAO_351F-10,São Paulo,3550308,True,,687,,,-23.566091375,-46.544632875,,,,1,2023-06-15T16:48:44+00:00
SAO_351F-10,São Paulo,3550308,True,,687,,,-23.463877500000002,-46.5833025,,,,1,2023-06-15T16:48:23+00:00
SAO_8009-31,São Paulo,3550308,True,,34028,,,-23.479242499999998,-46.7270285,,,,2,2023-06-15T16:48:37+00:00
SAO_8009-31,São Paulo,3550308,True,,34028,,,-23.4451985,-46.755176500000005,,,,2,2023-06-15T16:48:44+00:00
SAO_8009-31,São Paulo,3550308,True,,34028,,,-23.433639499999998,-46.751054999999994,,,,2,2023-06-15T16:48:08+00:00
SAO_8009-31,São Paulo,3550308,True,,34028,,,-23.4338915,-46.751208,,,,2,2023-06-15T16:48:34+00:00
SAO_3735-10,São Paulo,3550308,True,,33803,,,-23.5438015,-46.486411000000004,,,,2,2023-06-15T16:48:46+00:00
SAO_3735-10,São Paulo,3550308,True,,33803,,,-23.5460205,-46.501273499999996,,,,2,2023-06-15T16:48:38+00:00
SAO_3735-10,São Paulo,3550308,True,,33803,,,-23.542556,-46.48409475,,,,2,2023-06-15T16:48:03+00:00
SAO_2032-10,São Paulo,3550308,True,,2266,,,-23.4839455,-46.573505499999996,,,,1,2023-06-15T16:48:19+00:00
SAO_2032-10,São Paulo,3550308,True,,2266,,,-23.488699000000004,-46.59417225,,,,1,2023-06-15T16:48:06+00:00
SAO_2032-10,São Paulo,3550308,True,,2266,,,-23.504027999999998,-46.6152115,,,,1,2023-06-15T16:45:47+00:00
SAO_2032-10,São Paulo,3550308,True,,2266,,,-23.4842545,-46.573038499999996,,,,1,2023-06-15T16:48:25+00:00
SAO_6052-10,São Paulo,3550308,True,,1144,,,-23.767819000000003,-46.716452000000004,,,,1,2023-06-15T16:48:18+00:00
SAO_6052-10,São Paulo,3550308,True,,1144,,,-23.771882,-46.710725499999995,,,,1,2023-06-15T16:48:43+00:00
SAO_546J-31,São Paulo,3550308,True,,2015,,,-23.69252175,-46.658792625,,,,1,2023-06-15T16:46:15+00:00
SAO_546J-31,São Paulo,3550308,True,,2015,,,-23.687824,-46.658593499999995,,,,1,2023-06-15T16:48:01+00:00
SAO_546J-31,São Paulo,3550308,True,,2015,,,-23.6688805,-46.67252,,,,1,2023-06-15T16:47:56+00:00
SAO_546J-31,São Paulo,3550308,True,,2015,,,-23.654705749999998,-46.70295675,,,,1,2023-06-15T16:48:12+00:00
SAO_6120-10,São Paulo,3550308,True,,1189,,,-23.7543795,-46.672971000000004,,,,1,2023-06-15T16:48:31+00:00
SAO_6120-10,São Paulo,3550308,True,,1189,,,-23.7602595,-46.67738249999999,,,,1,2023-06-15T16:48:31+00:00
SAO_2710-10,São Paulo,3550308,True,,924,,,-23.520830500000002,-46.484642,,,,1,2023-06-15T16:48:42+00:00
SAO_2710-10,São Paulo,3550308,True,,924,,,-23.5166875,-46.491845125,,,,1,2023-06-15T16:48:19+00:00
SAO_5028-10,São Paulo,3550308,True,,34402,,,-23.59518425,-46.595567374999995,,,,2,2023-06-15T16:48:43+00:00
SAO_4288-10,São Paulo,3550308,True,,33058,,,-23.603257749999997,-46.5295165,,,,2,2023-06-15T16:48:25+00:00
SAO_4288-10,São Paulo,3550308,True,,33058,,,-23.58720175,-46.58416875,,,,2,2023-06-15T16:48:20+00:00
SAO_4288-10,São Paulo,3550308,True,,33058,,,-23.611155,-46.519178499999995,,,,2,2023-06-15T16:48:23+00:00
SAO_4053-10,São Paulo,3550308,True,,34914,,,-23.5591695,-46.3996545,,,,2,2023-06-15T16:48:23+00:00
SAO_4053-10,São Paulo,3550308,True,,34914,,,-23.5591695,-46.3996545,,,,2,2023-06-15T16:48:23+00:00
SAO_3026-10,São Paulo,3550308,True,,33730,,,-23.543056,-46.413773,,,,2,2023-06-15T16:46:53+00:00
SAO_3026-10,São Paulo,3550308,True,,33730,,,-23.578707,-46.39442875,,,,2,2023-06-15T16:48:26+00:00
SAO_775F-31,São Paulo,3550308,True,,35256,,,-23.63198275,-46.73995175,,,,2,2023-06-15T16:48:08+00:00
SAO_775F-31,São Paulo,3550308,True,,35256,,,-23.58653525,-46.69416725,,,,2,2023-06-15T16:48:35+00:00
SAO_775F-31,São Paulo,3550308,True,,35256,,,-23.6206215,-46.7333985,,,,2,2023-06-15T16:48:21+00:00
SAO_3027-10,São Paulo,3550308,True,,963,,,-23.54247075,-46.41617375,,,,1,2023-06-15T16:48:29+00:00
SAO_3027-10,São Paulo,3550308,True,,963,,,-23.544985,-46.4342465,,,,1,2023-06-15T16:48:09+00:00
SAO_3027-10,São Paulo,3550308,True,,963,,,-23.563912000000002,-46.5052585,,,,1,2023-06-15T16:48:44+00:00
SAO_3027-10,São Paulo,3550308,True,,963,,,-23.571688,-46.472190499999996,,,,1,2023-06-15T16:48:26+00:00
SAO_3027-10,São Paulo,3550308,True,,963,,,-23.5566265,-46.444678999999994,,,,1,2023-06-15T16:48:46+00:00
SAO_3027-10,São Paulo,3550308,True,,963,,,-23.5431935,-46.4152505,,,,1,2023-06-15T16:48:35+00:00
SAO_4015-10,São Paulo,3550308,True,,2188,,,-23.613228499999998,-46.476530999999994,,,,1,2023-06-15T16:48:39+00:00
SAO_4015-10,São Paulo,3550308,True,,2188,,,-23.63282425,-46.47135875,,,,1,2023-06-15T16:48:19+00:00
SAO_5022-10,São Paulo,3550308,True,,1120,,,-23.667491,-46.649504,,,,1,2023-06-15T16:48:36+00:00
SAO_5022-10,São Paulo,3550308,True,,1120,,,-23.672228,-46.638205,,,,1,2023-06-15T16:48:42+00:00
SAO_5022-10,São Paulo,3550308,True,,1120,,,-23.672228,-46.638205,,,,1,2023-06-15T16:48:38+00:00
SAO_5022-10,São Paulo,3550308,True,,1120,,,-23.672228,-46.638205,,,,1,2023-06-15T16:48:16+00:00
SAO_5022-10,São Paulo,3550308,True,,1120,,,-23.672228,-46.638205,,,,1,2023-06-15T16:48:28+00:00
SAO_5022-10,São Paulo,3550308,True,,1120,,,-23.653816,-46.645095999999995,,,,1,2023-06-15T16:47:47+00:00
SAO_948A-10,São Paulo,3550308,True,,34191,,,-23.4694535,-46.7135935,,,,2,2023-06-15T16:48:37+00:00
SAO_948A-10,São Paulo,3550308,True,,34191,,,-23.526428000000003,-46.6726035,,,,2,2023-06-15T16:48:40+00:00
SAO_948A-10,São Paulo,3550308,True,,34191,,,-23.4694535,-46.7135935,,,,2,2023-06-15T16:48:45+00:00
SAO_948A-10,São Paulo,3550308,True,,34191,,,-23.481464000000003,-46.716252499999996,,,,2,2023-06-15T16:48:28+00:00
SAO_9004-10,São Paulo,3550308,True,,871,,,-23.4598465,-46.6751205,,,,1,2023-06-15T16:48:18+00:00
SAO_9004-10,São Paulo,3550308,True,,871,,,-23.474463999999998,-46.670204,,,,1,2023-06-15T16:47:59+00:00
SAO_9004-10,São Paulo,3550308,True,,871,,,-23.4567555,-46.6849275,,,,1,2023-06-15T16:48:26+00:00
SAO_9004-10,São Paulo,3550308,True,,871,,,-23.457195499999997,-46.685354,,,,1,2023-06-15T16:48:15+00:00
SAO_7059-10,São Paulo,3550308,True,,1924,,,-23.658379,-46.782346000000004,,,,1,2023-06-15T16:48:39+00:00
SAO_7059-10,São Paulo,3550308,True,,1924,,,-23.661259,-46.786719000000005,,,,1,2023-06-15T16:48:04+00:00
SAO_7059-10,São Paulo,3550308,True,,1924,,,-23.6313825,-46.77286,,,,1,2023-06-15T16:48:21+00:00
SAO_8200-10,São Paulo,3550308,True,,1263,,,-23.502961,-46.711054000000004,,,,1,2023-06-15T16:48:02+00:00
SAO_4051-10,São Paulo,3550308,True,,2144,,,-23.563018999999997,-46.40108825,,,,1,2023-06-15T16:48:38+00:00
SAO_4051-10,São Paulo,3550308,True,,2144,,,-23.5442365,-46.4096055,,,,1,2023-06-15T16:48:29+00:00
SAO_4051-10,São Paulo,3550308,True,,2144,,,-23.542667,-46.415261,,,,1,2023-06-15T16:48:23+00:00
SAO_7005-10,São Paulo,3550308,True,,1998,,,-23.69138175,-46.77535775,,,,1,2023-06-15T16:48:03+00:00
SAO_7005-10,São Paulo,3550308,True,,1998,,,-23.7368285,-46.776495999999995,,,,1,2023-06-15T16:48:25+00:00
SAO_7005-10,São Paulo,3550308,True,,1998,,,-23.736715,-46.780298,,,,1,2023-06-15T16:48:27+00:00
SAO_4115-10,São Paulo,3550308,True,,33090,,,-23.62159825,-46.62854025,,,,2,2023-06-15T16:48:01+00:00
SAO_4115-10,São Paulo,3550308,True,,33090,,,-23.59896075,-46.623649,,,,2,2023-06-15T16:46:15+00:00
SAO_3796-10,São Paulo,3550308,True,,1074,,,-23.542657499999997,-46.4698,,,,1,2023-06-15T16:48:26+00:00
SAO_3796-10,São Paulo,3550308,True,,1074,,,-23.5697245,-46.460497000000004,,,,1,2023-06-15T16:48:15+00:00
SAO_6053-10,São Paulo,3550308,True,,33913,,,-23.760648,-46.668718999999996,,,,2,2023-06-15T16:48:03+00:00
SAO_6053-10,São Paulo,3550308,True,,33913,,,-23.7401655,-46.691473,,,,2,2023-06-15T16:48:19+00:00
SAO_6053-10,São Paulo,3550308,True,,33913,,,-23.7687405,-46.661952,,,,2,2023-06-15T16:48:24+00:00
SAO_3414-10,São Paulo,3550308,True,,746,,,-23.544745,-46.520897,,,,1,2023-06-15T16:48:02+00:00
SAO_3414-10,São Paulo,3550308,True,,746,,,-23.5343295,-46.534335999999996,,,,1,2023-06-15T16:48:37+00:00
SAO_6039-21,São Paulo,3550308,True,,2493,,,-23.673364,-46.787792499999995,,,,1,2023-06-15T16:48:17+00:00
SAO_1758-10,São Paulo,3550308,True,EMTU,552,https://moovitapp.com/index/pt-br/transporte_p%C3%BAblico-line-552-Sao_Paulo-242-2038937-36419556-0,6.8,-23.465985500000002,-46.6320385,,,,1,2023-06-15T16:48:37+00:00
SAO_1758-10,São Paulo,3550308,True,EMTU,552,https://moovitapp.com/index/pt-br/transporte_p%C3%BAblico-line-552-Sao_Paulo-242-2038937-36419556-0,6.8,-23.493661000000003,-46.626228999999995,,,,1,2023-06-15T16:48:16+00:00
SAO_9301-10,São Paulo,3550308,True,,33226,,,-23.495991,-46.662211,,,,2,2023-06-15T16:48:13+00:00
SAO_9301-10,São Paulo,3550308,True,,33226,,,-23.512886,-46.6592205,,,,2,2023-06-15T16:48:43+00:00
SAO_9301-10,São Paulo,3550308,True,,33226,,,-23.495852,-46.6619745,,,,2,2023-06-15T16:48:44+00:00
SAO_3787-10,São Paulo,3550308,True,,1612,,,-23.542482,-46.470364,,,,1,2023-06-15T16:48:17+00:00
SAO_3787-10,São Paulo,3550308,True,,1612,,,-23.574809000000002,-46.4449745,,,,1,2023-06-15T16:48:23+00:00
SAO_3787-10,São Paulo,3550308,True,,1612,,,-23.582787,-46.40773975,,,,1,2023-06-15T16:48:07+00:00
SAO_3787-10,São Paulo,3550308,True,,1612,,,-23.553966375,-46.455607125,,,,1,2023-06-15T16:48:26+00:00
SAO_5759-10,São Paulo,3550308,True,,1138,,,-23.693475499999998,-46.644855,,,,1,2023-06-15T16:48:43+00:00
SAO_5759-10,São Paulo,3550308,True,,1138,,,-23.6655515,-46.664514,,,,1,2023-06-15T16:48:13+00:00
SAO_5759-10,São Paulo,3550308,True,,1138,,,-23.682944499999998,-46.644464,,,,1,2023-06-15T16:46:06+00:00
SAO_8000-1,São Paulo,3550308,True,,2506,,,-23.520449499999998,-46.6996115,,,,1,2023-06-15T16:48:30+00:00
SAO_8000-1,São Paulo,3550308,True,,2506,,,-23.532315500000003,-46.65835775000001,,,,1,2023-06-15T16:48:05+00:00
SAO_8000-1,São Paulo,3550308,True,,2506,,,-23.547649,-46.641011500000005,,,,1,2023-06-15T16:48:32+00:00
SAO_8000-1,São Paulo,3550308,True,,2506,,,-23.5419585,-46.642295250000004,,,,1,2023-06-15T16:48:13+00:00
SAO_8000-1,São Paulo,3550308,True,,2506,,,-23.520449499999998,-46.6996115,,,,1,2023-06-15T16:48:43+00:00
SAO_128Y-10,São Paulo,3550308,True,EMTU,843,https://moovitapp.com/index/pt-br/transporte_p%C3%BAblico-line-843-Sao_Paulo-242-2038937-36419606-0,4.1,-23.471132,-46.665958,,,,1,2023-06-15T16:48:20+00:00
SAO_128Y-10,São Paulo,3550308,True,EMTU,843,https://moovitapp.com/index/pt-br/transporte_p%C3%BAblico-line-843-Sao_Paulo-242-2038937-36419606-0,4.1,-23.512912999999998,-46.690622000000005,,,,1,2023-06-15T16:48:16+00:00
SAO_5759-10,São Paulo,3550308,True,,33906,,,-23.6947445,-46.64808025,,,,2,2023-06-15T16:48:27+00:00
SAO_5759-10,São Paulo,3550308,True,,33906,,,-23.669419500000004,-46.664108,,,,2,2023-06-15T16:48:19+00:00
SAO_5759-10,São Paulo,3550308,True,,33906,,,-23.676440749999998,-46.659658750000006,,,,2,2023-06-15T16:47:28+00:00
SAO_5759-10,São Paulo,3550308,True,,33906,,,-23.684867,-46.6484395,,,,2,2023-06-15T16:43:08+00:00
SAO_513L-10,São Paulo,3550308,True,,34423,,,-23.559438,-46.603615000000005,,,,2,2023-06-15T16:48:18+00:00
SAO_513L-10,São Paulo,3550308,True,,34423,,,-23.555884999999996,-46.5963335,,,,2,2023-06-15T16:48:33+00:00
SAO_513L-10,São Paulo,3550308,True,,34423,,,-23.602656500000002,-46.602027,,,,2,2023-06-15T16:48:07+00:00
SAO_7062-41,São Paulo,3550308,True,,2271,,,-23.6499715,-46.758806,,,,1,2023-06-15T16:48:40+00:00
SAO_139A-10,São Paulo,3550308,True,,2451,,,-23.501568,-46.7055905,,,,1,2023-06-15T16:48:38+00:00
SAO_8019-31,São Paulo,3550308,True,,2574,,,-23.568858499999997,-46.754313999999994,,,,1,2023-06-15T16:48:07+00:00
SAO_7011-31,São Paulo,3550308,True,,34722,,,-23.7075705,-46.7917315,,,,2,2023-06-15T16:48:36+00:00
SAO_7011-31,São Paulo,3550308,True,,34722,,,-23.688845375,-46.77301675,,,,2,2023-06-15T16:48:33+00:00
SAO_2088-10,São Paulo,3550308,True,,33140,,,-23.518565000000002,-46.475817500000005,,,,2,2023-06-15T16:48:31+00:00
SAO_2088-10,São Paulo,3550308,True,,33140,,,-23.493553,-46.3754735,,,,2,2023-06-15T16:48:23+00:00
SAO_2088-10,São Paulo,3550308,True,,33140,,,-23.5038615,-46.3797665,,,,2,2023-06-15T16:48:32+00:00
SAO_9354-10,São Paulo,3550308,True,,33476,,,-23.523222875000002,-46.650393875000006,,,,2,2023-06-15T16:48:28+00:00
SAO_9354-10,São Paulo,3550308,True,,33476,,,-23.474438499999998,-46.669928999999996,,,,2,2023-06-15T16:48:15+00:00
SAO_9354-10,São Paulo,3550308,True,,33476,,,-23.4742495,-46.669781,,,,2,2023-06-15T16:48:07+00:00
SAO_9354-10,São Paulo,3550308,True,,33476,,,-23.4742495,-46.669781,,,,2,2023-06-15T16:48:11+00:00
SAO_9354-10,São Paulo,3550308,True,,33476,,,-23.503746749999998,-46.657712125,,,,2,2023-06-15T16:48:44+00:00
SAO_9354-10,São Paulo,3550308,True,,33476,,,-23.4742495,-46.669781,,,,2,2023-06-15T16:48:36+00:00
SAO_513C-10,São Paulo,3550308,True,,35303,,,-23.606419000000002,-46.5629485,,,,2,2023-06-15T16:48:05+00:00
SAO_513C-10,São Paulo,3550308,True,,35303,,,-23.602305,-46.540765,,,,2,2023-06-15T16:47:11+00:00
SAO_513C-10,São Paulo,3550308,True,,35303,,,-23.599297,-46.5521315,,,,2,2023-06-15T16:46:58+00:00
SAO_5143-10,São Paulo,3550308,True,,34396,,,-23.61493,-46.5022205,,,,2,2023-06-15T16:48:35+00:00
SAO_5143-10,São Paulo,3550308,True,,34396,,,-23.6033495,-46.5135845,,,,2,2023-06-15T16:41:20+00:00
SAO_5143-10,São Paulo,3550308,True,,34396,,,-23.583010625,-46.569486125,,,,2,2023-06-15T16:48:11+00:00
SAO_5143-10,São Paulo,3550308,True,,34396,,,-23.596135625000002,-46.53713525,,,,2,2023-06-15T16:47:18+00:00
SAO_809D-10,São Paulo,3550308,True,,2068,,,-23.581748625,-46.731327875000005,,,,1,2023-06-15T16:48:23+00:00
SAO_809D-10,São Paulo,3550308,True,,2068,,,-23.569889000000003,-46.697604749999996,,,,1,2023-06-15T16:48:41+00:00
SAO_809D-10,São Paulo,3550308,True,,2068,,,-23.5989265,-46.785156,,,,1,2023-06-15T16:48:31+00:00
SAO_4008-21,São Paulo,3550308,True,,35295,,,-23.57291275,-46.444712499999994,,,,2,2023-06-15T16:48:40+00:00
SAO_8050-31,São Paulo,3550308,True,,33183,,,-23.4355185,-46.79113649999999,,,,2,2023-06-15T16:48:03+00:00
SAO_2711-10,São Paulo,3550308,True,,925,,,-23.51404975,-46.495282,,,,1,2023-06-15T16:48:22+00:00
SAO_2711-10,São Paulo,3550308,True,,925,,,-23.5281795,-46.500829499999995,,,,1,2023-06-15T16:48:26+00:00
SAO_2711-10,São Paulo,3550308,True,,925,,,-23.513768,-46.481368,,,,1,2023-06-15T16:48:44+00:00
SAO_6063-42,São Paulo,3550308,True,,2002,,,-23.776369,-46.696589,,,,1,2023-06-15T16:48:07+00:00
SAO_4725-10,São Paulo,3550308,True,,338,,,-23.625549875,-46.61926475,,,,1,2023-06-15T16:48:16+00:00
SAO_4725-10,São Paulo,3550308,True,,338,,,-23.608642625,-46.66237425,,,,1,2023-06-15T16:48:33+00:00
SAO_2023-10,São Paulo,3550308,True,,2260,,,-23.4504375,-46.599312,,,,1,2023-06-15T16:47:22+00:00
SAO_2023-10,São Paulo,3550308,True,,2260,,,-23.455307,-46.602386249999995,,,,1,2023-06-15T16:47:17+00:00
SAO_2023-10,São Paulo,3550308,True,,2260,,,-23.4798755,-46.611261,,,,1,2023-06-15T16:48:31+00:00
SAO_675X-10,São Paulo,3550308,True,EMTU,111,https://moovitapp.com/index/pt-br/transporte_p%C3%BAblico-line-111-Sao_Paulo-242-2038937-36419271-0,5.1,-23.737689500000002,-46.697986,,,,1,2023-06-15T16:48:08+00:00
SAO_675X-10,São Paulo,3550308,True,EMTU,111,https://moovitapp.com/index/pt-br/transporte_p%C3%BAblico-line-111-Sao_Paulo-242-2038937-36419271-0,5.1,-23.737689500000002,-46.697986,,,,1,2023-06-15T16:48:37+00:00
SAO_675X-10,São Paulo,3550308,True,EMTU,111,https://moovitapp.com/index/pt-br/transporte_p%C3%BAblico-line-111-Sao_Paulo-242-2038937-36419271-0,5.1,-23.723463,-46.6985535,,,,1,2023-06-15T16:48:18+00:00
SAO_675X-10,São Paulo,3550308,True,EMTU,111,https://moovitapp.com/index/pt-br/transporte_p%C3%BAblico-line-111-Sao_Paulo-242-2038937-36419271-0,5.1,-23.65192725,-46.702461,,,,1,2023-06-15T16:48:18+00:00
SAO_675X-10,São Paulo,3550308,True,EMTU,111,https://moovitapp.com/index/pt-br/transporte_p%C3%BAblico-line-111-Sao_Paulo-242-2038937-36419271-0,5.1,-23.6827,-46.704150999999996,,,,1,2023-06-15T16:48:28+00:00
SAO_675X-10,São Paulo,3550308,True,EMTU,111,https://moovitapp.com/index/pt-br/transporte_p%C3%BAblico-line-111-Sao_Paulo-242-2038937-36419271-0,5.1,-23.601641,-46.660279125,,,,1,2023-06-15T16:48:30+00:00
SAO_675X-10,São Paulo,3550308,True,EMTU,111,https://moovitapp.com/index/pt-br/transporte_p%C3%BAblico-line-111-Sao_Paulo-242-2038937-36419271-0,5.1,-23.737689500000002,-46.697986,,,,1,2023-06-15T16:48:23+00:00
SAO_3013-10,São Paulo,3550308,True,,954,,,-23.591840374999997,-46.41204793749999,,,,1,2023-06-15T16:48:43+00:00
SAO_6042-21,São Paulo,3550308,True,,1775,,,-23.6550385,-46.761806,,,,1,2023-06-15T16:48:32+00:00
SAO_6042-21,São Paulo,3550308,True,,1775,,,-23.654173,-46.762701500000006,,,,1,2023-06-15T16:48:08+00:00
SAO_425E-10,São Paulo,3550308,True,,1636,,,-23.617535,-46.4685755,,,,1,2023-06-15T16:48:34+00:00
SAO_2031-10,São Paulo,3550308,True,EMTU,367,https://moovitapp.com/index/pt-br/transporte_p%C3%BAblico-line-367-Sao_Paulo-242-2038937-36419446-0,4.9,-23.49474575,-46.4130995,,,,1,2023-06-15T16:48:44+00:00
SAO_8032-10,São Paulo,3550308,True,,35313,,,-23.5716415,-46.7082335,,,,2,2023-06-15T16:48:25+00:00
SAO_7411-10,São Paulo,3550308,True,,1376,,,-23.556232,-46.6636055,,,,1,2023-06-15T16:48:12+00:00
SAO_3743-10,São Paulo,3550308,True,,33811,,,-23.542686,-46.4716125,,,,2,2023-06-15T16:48:15+00:00
SAO_3743-10,São Paulo,3550308,True,,33811,,,-23.60961675,-46.4759715,,,,2,2023-06-15T16:48:19+00:00
SAO_3743-10,São Paulo,3550308,True,,33811,,,-23.5429995,-46.470884999999996,,,,2,2023-06-15T16:48:27+00:00
SAO_3743-10,São Paulo,3550308,True,,33811,,,-23.5749605,-46.476926000000006,,,,2,2023-06-15T16:48:08+00:00
SAO_5034-31,São Paulo,3550308,True,,34432,,,-23.609925500000003,-46.599834125,,,,2,2023-06-15T16:48:06+00:00
SAO_5034-31,São Paulo,3550308,True,,34432,,,-23.636205500000003,-46.6064155,,,,2,2023-06-15T16:48:04+00:00
SAO_877T-10,São Paulo,3550308,True,,1381,,,-23.5651405,-46.652156625,,,,1,2023-06-15T16:48:35+00:00
SAO_877T-10,São Paulo,3550308,True,,1381,,,-23.516197499999997,-46.7254385,,,,1,2023-06-15T16:48:15+00:00
SAO_877T-10,São Paulo,3550308,True,,1381,,,-23.556968249999997,-46.66170875,,,,1,2023-06-15T16:48:33+00:00
SAO_877T-10,São Paulo,3550308,True,,1381,,,-23.523927625,-46.689872125,,,,1,2023-06-15T16:48:03+00:00
SAO_7725-10,São Paulo,3550308,True,EMTU,472,https://moovitapp.com/index/pt-br/transporte_p%C3%BAblico-line-472-Sao_Paulo-242-2038937-36419508-0,35.0,-23.5535705,-46.7080155,,,,1,2023-06-15T16:48:33+00:00
SAO_8075-21,São Paulo,3550308,True,,35305,,,-23.631508,-46.7726,,,,2,2023-06-15T16:48:30+00:00
SAO_4055-10,São Paulo,3550308,True,,35215,,,-23.543031999999997,-46.416848,,,,2,2023-06-15T16:48:33+00:00
SAO_273F-10,São Paulo,3550308,True,,159,,,-23.531987,-46.45337675,,,,1,2023-06-15T16:48:17+00:00
SAO_4056-10,São Paulo,3550308,True,,2237,,,-23.607075000000002,-46.4513815,,,,1,2023-06-15T16:48:15+00:00
SAO_4056-10,São Paulo,3550308,True,,2237,,,-23.6021565,-46.4521305,,,,1,2023-06-15T16:48:32+00:00
SAO_4056-10,São Paulo,3550308,True,,2237,,,-23.607075000000002,-46.4513815,,,,1,2023-06-15T16:48:39+00:00
SAO_4056-10,São Paulo,3550308,True,,2237,,,-23.611465312500002,-46.465643,,,,1,2023-06-15T16:47:04+00:00
SAO_6052-31,São Paulo,3550308,True,,34600,,,-23.775509999999997,-46.691679,,,,2,2023-06-15T16:48:26+00:00
SAO_6052-31,São Paulo,3550308,True,,34600,,,-23.7760525,-46.691014499999994,,,,2,2023-06-15T16:48:27+00:00
SAO_5105-10,São Paulo,3550308,True,,1651,,,-23.563843375,-46.611501000000004,,,,1,2023-06-15T16:48:35+00:00
SAO_7054-10,São Paulo,3550308,True,,32809,,,-23.644773999999998,-46.784382,,,,2,2023-06-15T16:48:34+00:00
SAO_7054-10,São Paulo,3550308,True,,32809,,,-23.651447,-46.790718,,,,2,2023-06-15T16:48:21+00:00
SAO_6050-10,São Paulo,3550308,True,,33993,,,-23.75149,-46.678267,,,,2,2023-06-15T16:48:37+00:00
SAO_2709-10,São Paulo,3550308,True,,922,,,-23.5236245,-46.47916225,,,,1,2023-06-15T16:48:20+00:00
SAO_2709-10,São Paulo,3550308,True,,922,,,-23.52906,-46.500085750000004,,,,1,2023-06-15T16:48:09+00:00
SAO_3462-10,São Paulo,3550308,True,EMTU,247,https://moovitapp.com/index/pt-br/transporte_p%C3%BAblico-line-247-Sao_Paulo-242-2038937-36419359-0,6.55,-23.53229375,-46.454347,,,,1,2023-06-15T16:47:32+00:00
SAO_3462-10,São Paulo,3550308,True,EMTU,247,https://moovitapp.com/index/pt-br/transporte_p%C3%BAblico-line-247-Sao_Paulo-242-2038937-36419359-0,6.55,-23.531545625,-46.526308375,,,,1,2023-06-15T16:48:09+00:00
SAO_374M-10,São Paulo,3550308,True,,1965,,,-23.503409750000003,-46.496862375000006,,,,1,2023-06-15T16:48:19+00:00
SAO_374M-10,São Paulo,3550308,True,,1965,,,-23.5431735,-46.470553499999994,,,,1,2023-06-15T16:47:57+00:00
SAO_2709-31,São Paulo,3550308,True,,923,,,-23.5297445,-46.49569425,,,,1,2023-06-15T16:48:36+00:00
SAO_8545-10,São Paulo,3550308,True,,34132,,,-23.464785,-46.6959285,,,,2,2023-06-15T16:48:11+00:00
SAO_8545-10,São Paulo,3550308,True,,34132,,,-23.507897999999997,-46.6884345,,,,2,2023-06-15T16:48:11+00:00
SAO_8545-10,São Paulo,3550308,True,,34132,,,-23.4717185,-46.677999,,,,2,2023-06-15T16:48:36+00:00
SAO_271F-10,São Paulo,3550308,True,,683,,,-23.541438499999998,-46.59909425,,,,1,2023-06-15T16:48:28+00:00
SAO_271F-10,São Paulo,3550308,True,,683,,,-23.5383115,-46.601995,,,,1,2023-06-15T16:48:25+00:00
SAO_271F-10,São Paulo,3550308,True,,683,,,-23.514491624999998,-46.607568125,,,,1,2023-06-15T16:48:36+00:00
SAO_6824-10,São Paulo,3550308,True,BR7 Mobilidade,23,https://moovitapp.com/index/pt-br/transporte_p%C3%BAblico-line-23-Sao_Paulo-242-851856-518590-0,5.75,-23.6598825,-46.7705665,,,,1,2023-06-15T16:48:17+00:00
SAO_6824-10,São Paulo,3550308,True,BR7 Mobilidade,23,https://moovitapp.com/index/pt-br/transporte_p%C3%BAblico-line-23-Sao_Paulo-242-851856-518590-0,5.75,-23.67362825,-46.79089975,,,,1,2023-06-15T16:48:15+00:00
SAO_6824-10,São Paulo,3550308,True,BR7 Mobilidade,23,https://moovitapp.com/index/pt-br/transporte_p%C3%BAblico-line-23-Sao_Paulo-242-851856-518590-0,5.75,-23.653807,-46.762438,,,,1,2023-06-15T16:48:36+00:00
SAO_390E-10,São Paulo,3550308,True,,34650,,,-23.535688375,-46.58498425,,,,2,2023-06-15T16:48:01+00:00
SAO_390E-10,São Paulo,3550308,True,,34650,,,-23.526426,-46.5533225,,,,2,2023-06-15T16:48:11+00:00
SAO_6258-31,São Paulo,3550308,True,,34551,,,-23.683159749999998,-46.756564999999995,,,,2,2023-06-15T16:48:47+00:00
SAO_6258-31,São Paulo,3550308,True,,34551,,,-23.671547,-46.7411115,,,,2,2023-06-15T16:48:38+00:00
SAO_6806-10,São Paulo,3550308,True,BR7 Mobilidade,32,https://moovitapp.com/index/pt-br/transporte_p%C3%BAblico-line-32-Sao_Paulo-242-851856-586488-0,5.75,-23.635738,-46.7581585,,,,1,2023-06-15T16:48:23+00:00
SAO_5145-10,São Paulo,3550308,True,,34409,,,-23.563686500000003,-46.6205055,,,,2,2023-06-15T16:48:17+00:00
SAO_5145-10,São Paulo,3550308,True,,34409,,,-23.613987,-46.5014315,,,,2,2023-06-15T16:48:40+00:00
SAO_5145-10,São Paulo,3550308,True,,34409,,,-23.584983,-46.524282,,,,2,2023-06-15T16:48:14+00:00
SAO_5145-10,São Paulo,3550308,True,,34409,,,-23.5984665,-46.5009725,,,,2,2023-06-15T16:46:47+00:00
SAO_5145-10,São Paulo,3550308,True,,34409,,,-23.6139405,-46.501206499999995,,,,2,2023-06-15T16:48:15+00:00
SAO_5145-10,São Paulo,3550308,True,,34409,,,-23.573755249999998,-46.55818375,,,,2,2023-06-15T16:48:33+00:00
SAO_1016-10,São Paulo,3550308,True,EMTU,831,https://moovitapp.com/index/pt-br/transporte_p%C3%BAblico-line-831-Sao_Paulo-242-2038937-36419598-0,5.7,-23.471651,-46.6126855,,,,1,2023-06-15T16:48:09+00:00
SAO_1016-10,São Paulo,3550308,True,EMTU,831,https://moovitapp.com/index/pt-br/transporte_p%C3%BAblico-line-831-Sao_Paulo-242-2038937-36419598-0,5.7,-23.4553505,-46.6028805,,,,1,2023-06-15T16:48:09+00:00
SAO_1016-10,São Paulo,3550308,True,EMTU,831,https://moovitapp.com/index/pt-br/transporte_p%C3%BAblico-line-831-Sao_Paulo-242-2038937-36419598-0,5.7,-23.513510625000002,-46.616156249999996,,,,1,2023-06-15T16:48:08+00:00
SAO_1016-10,São Paulo,3550308,True,EMTU,831,https://moovitapp.com/index/pt-br/transporte_p%C3%BAblico-line-831-Sao_Paulo-242-2038937-36419598-0,5.7,-23.480808500000002,-46.611418,,,,1,2023-06-15T16:44:45+00:00
SAO_1016-10,São Paulo,3550308,True,EMTU,831,https://moovitapp.com/index/pt-br/transporte_p%C3%BAblico-line-831-Sao_Paulo-242-2038937-36419598-0,5.7,-23.446601,-46.613535999999996,,,,1,2023-06-15T16:48:40+00:00
SAO_6076-41,São Paulo,3550308,True,,1986,,,-23.718534,-46.697025,,,,1,2023-06-15T16:48:25+00:00
SAO_6076-41,São Paulo,3550308,True,,1986,,,-23.654322,-46.712858499999996,,,,1,2023-06-15T16:48:33+00:00
SAO_6820-10,São Paulo,3550308,True,BR7 Mobilidade,19,https://moovitapp.com/index/pt-br/transporte_p%C3%BAblico-line-19-Sao_Paulo-242-851856-516833-0,5.75,-23.660220000000002,-46.776787,,,,1,2023-06-15T16:48:02+00:00
SAO_695H-10,São Paulo,3550308,True,,1196,,,-23.7888855,-46.715402499999996,,,,1,2023-06-15T16:48:24+00:00
SAO_695H-10,São Paulo,3550308,True,,1196,,,-23.7888855,-46.715402499999996,,,,1,2023-06-15T16:48:44+00:00
SAO_695H-10,São Paulo,3550308,True,,1196,,,-23.683940999999997,-46.692257999999995,,,,1,2023-06-15T16:48:42+00:00
SAO_695H-10,São Paulo,3550308,True,,1196,,,-23.6587945,-46.705681999999996,,,,1,2023-06-15T16:48:13+00:00
SAO_5705-10,São Paulo,3550308,True,,34425,,,-23.583312,-46.611079,,,,2,2023-06-15T16:47:20+00:00
SAO_805L-10,São Paulo,3550308,True,EMTU,124,https://moovitapp.com/index/pt-br/transporte_p%C3%BAblico-line-124-Sao_Paulo-242-2038937-36419282-0,5.15,-23.534672999999998,-46.6441935,,,,1,2023-06-15T16:48:17+00:00
SAO_6801-10,São Paulo,3550308,True,,5,,,-23.65954225,-46.73358325,,,,1,2023-06-15T16:48:32+00:00
SAO_407I-10,São Paulo,3550308,True,,2222,,,-23.549501,-46.5075425,,,,1,2023-06-15T16:43:58+00:00
SAO_407I-10,São Paulo,3550308,True,,2222,,,-23.546651,-46.6059415,,,,1,2023-06-15T16:48:40+00:00
SAO_407I-10,São Paulo,3550308,True,,2222,,,-23.54832475,-46.4828235,,,,1,2023-06-15T16:48:37+00:00
SAO_7062-31,São Paulo,3550308,True,,34682,,,-23.6463475,-46.7730035,,,,2,2023-06-15T16:48:35+00:00
SAO_7062-31,São Paulo,3550308,True,,34682,,,-23.6463915,-46.7728495,,,,2,2023-06-15T16:48:44+00:00
SAO_7062-31,São Paulo,3550308,True,,34682,,,-23.631028999999998,-46.7731495,,,,2,2023-06-15T16:48:23+00:00
SAO_1015-10,São Paulo,3550308,True,,34998,,,-23.4196785,-46.797304499999996,,,,2,2023-06-15T16:48:21+00:00
SAO_1025-10,São Paulo,3550308,True,,2303,,,-23.473766,-46.698111499999996,,,,1,2023-06-15T16:48:45+00:00
SAO_3791-10,São Paulo,3550308,True,,1069,,,-23.546335499999998,-46.501374999999996,,,,1,2023-06-15T16:48:15+00:00
SAO_3791-10,São Paulo,3550308,True,,1069,,,-23.5419325,-46.484893125,,,,1,2023-06-15T16:48:09+00:00
SAO_3791-10,São Paulo,3550308,True,,1069,,,-23.560337750000002,-46.51128225,,,,1,2023-06-15T16:48:31+00:00
SAO_4727-10,São Paulo,3550308,True,Cidade de Caieiras,340,https://moovitapp.com/index/pt-br/transporte_p%C3%BAblico-line-340-Sao_Paulo-242-868761-101563062-0,5.0,-23.6379275,-46.608517500000005,,,,1,2023-06-15T16:48:42+00:00
SAO_4727-10,São Paulo,3550308,True,Cidade de Caieiras,340,https://moovitapp.com/index/pt-br/transporte_p%C3%BAblico-line-340-Sao_Paulo-242-868761-101563062-0,5.0,-23.645439500000002,-46.61345,,,,1,2023-06-15T16:48:24+00:00
SAO_4727-10,São Paulo,3550308,True,Cidade de Caieiras,340,https://moovitapp.com/index/pt-br/transporte_p%C3%BAblico-line-340-Sao_Paulo-242-868761-101563062-0,5.0,-23.6134585,-46.6229565,,,,1,2023-06-15T16:48:29+00:00
SAO_6003-21,São Paulo,3550308,True,,2576,,,-23.766613,-46.71643,,,,1,2023-06-15T16:48:39+00:00
SAO_6115-41,São Paulo,3550308,True,,35009,,,-23.736617,-46.696708,,,,2,2023-06-15T16:48:10+00:00
SAO_938L-10,São Paulo,3550308,True,,34136,,,-23.515414,-46.69562175,,,,2,2023-06-15T16:48:45+00:00
SAO_938L-10,São Paulo,3550308,True,,34136,,,-23.495296999999997,-46.684497875,,,,2,2023-06-15T16:48:26+00:00
SAO_4115-10,São Paulo,3550308,True,EMTU,322,https://moovitapp.com/index/pt-br/transporte_p%C3%BAblico-line-322-Sao_Paulo-242-2038937-36419412-0,6.2,-23.549564,-46.6298945,,,,1,2023-06-15T16:48:43+00:00
SAO_4115-10,São Paulo,3550308,True,EMTU,322,https://moovitapp.com/index/pt-br/transporte_p%C3%BAblico-line-322-Sao_Paulo-242-2038937-36419412-0,6.2,-23.562807,-46.62085925,,,,1,2023-06-15T16:48:22+00:00
SAO_4111-10,São Paulo,3550308,True,Cidade de Caieiras,320,https://moovitapp.com/index/pt-br/transporte_p%C3%BAblico-line-320-Sao_Paulo-242-868761-752903-0,5.0,-23.55488975,-46.63313975,,,,1,2023-06-15T16:48:07+00:00
SAO_2079-10,São Paulo,3550308,True,,370,,,-23.516762,-46.384977500000005,,,,1,2023-06-15T16:46:21+00:00
SAO_857C-10,São Paulo,3550308,True,,1901,,,-23.648836000000003,-46.759217,,,,1,2023-06-15T16:48:24+00:00
SAO_857C-10,São Paulo,3550308,True,,1901,,,-23.623486999999997,-46.677816,,,,1,2023-06-15T16:48:19+00:00
SAO_857C-10,São Paulo,3550308,True,,1901,,,-23.6326295,-46.6470665,,,,1,2023-06-15T16:48:19+00:00
SAO_857C-10,São Paulo,3550308,True,,1901,,,-23.63336425,-46.647227,,,,1,2023-06-15T16:48:27+00:00
SAO_857C-10,São Paulo,3550308,True,,1901,,,-23.6366535,-46.6414695,,,,1,2023-06-15T16:48:31+00:00
SAO_857C-10,São Paulo,3550308,True,,1901,,,-23.644847499999997,-46.72339525,,,,1,2023-06-15T16:48:41+00:00
SAO_3722-10,São Paulo,3550308,True,,33788,,,-23.54025675,-46.43662125,,,,2,2023-06-15T16:48:07+00:00
SAO_3722-10,São Paulo,3550308,True,,33788,,,-23.540271,-46.542129,,,,2,2023-06-15T16:48:02+00:00
SAO_513C-10,São Paulo,3550308,True,,2535,,,-23.6143895,-46.498814625,,,,1,2023-06-15T16:43:08+00:00
SAO_513C-10,São Paulo,3550308,True,,2535,,,-23.598927250000003,-46.55967175000001,,,,1,2023-06-15T16:48:45+00:00
SAO_513C-10,São Paulo,3550308,True,,2535,,,-23.6018635,-46.530782,,,,1,2023-06-15T16:48:35+00:00
SAO_1034-10,São Paulo,3550308,True,,2452,,,-23.4700665,-46.7102255,,,,1,2023-06-15T16:48:44+00:00
SAO_1034-10,São Paulo,3550308,True,,2452,,,-23.4703625,-46.7024105,,,,1,2023-06-15T16:48:02+00:00
SAO_8043-10,São Paulo,3550308,True,,407,,,-23.4713725,-46.754458375,,,,1,2023-06-15T16:48:34+00:00
SAO_719P-10,São Paulo,3550308,True,,1372,,,-23.552715499999998,-46.660708,,,,1,2023-06-15T16:48:24+00:00
SAO_719P-10,São Paulo,3550308,True,,1372,,,-23.5661695,-46.701891,,,,1,2023-06-15T16:48:38+00:00
SAO_1015-10,São Paulo,3550308,True,,2230,,,-23.423522499999997,-46.7898035,,,,1,2023-06-15T16:48:34+00:00
SAO_373L-10,São Paulo,3550308,True,,1027,,,-23.5422855,-46.4701625,,,,1,2023-06-15T16:48:12+00:00
SAO_373L-10,São Paulo,3550308,True,,1027,,,-23.595953,-46.4364655,,,,1,2023-06-15T16:48:31+00:00
SAO_373L-10,São Paulo,3550308,True,,1027,,,-23.542361,-46.4705955,,,,1,2023-06-15T16:48:17+00:00
SAO_6063-43,São Paulo,3550308,True,,35248,,,-23.8149625,-46.669669,,,,2,2023-06-15T16:48:16+00:00
SAO_6063-43,São Paulo,3550308,True,,35248,,,-23.7732915,-46.703404,,,,2,2023-06-15T16:48:27+00:00
SAO_677V-10,São Paulo,3550308,True,EMTU,112,https://moovitapp.com/index/pt-br/transporte_p%C3%BAblico-line-112-Sao_Paulo-242-2038937-36419272-0,5.7,-23.722094,-46.692022,,,,1,2023-06-15T16:48:27+00:00
SAO_677V-10,São Paulo,3550308,True,EMTU,112,https://moovitapp.com/index/pt-br/transporte_p%C3%BAblico-line-112-Sao_Paulo-242-2038937-36419272-0,5.7,-23.72896975,-46.711491374999994,,,,1,2023-06-15T16:48:25+00:00
SAO_677V-10,São Paulo,3550308,True,EMTU,112,https://moovitapp.com/index/pt-br/transporte_p%C3%BAblico-line-112-Sao_Paulo-242-2038937-36419272-0,5.7,-23.735654,-46.6957165,,,,1,2023-06-15T16:48:43+00:00
SAO_273R-10,São Paulo,3550308,True,,32994,,,-23.509469375000002,-46.435375375,,,,2,2023-06-15T16:48:19+00:00
SAO_273R-10,São Paulo,3550308,True,,32994,,,-23.523044,-46.418287,,,,2,2023-06-15T16:48:22+00:00
SAO_273R-10,São Paulo,3550308,True,,32994,,,-23.5154165,-46.455321,,,,2,2023-06-15T16:48:36+00:00
SAO_5026-10,São Paulo,3550308,True,,34403,,,-23.6207255,-46.509049,,,,2,2023-06-15T16:45:00+00:00
SAO_2101-41,São Paulo,3550308,True,STT,715,https://moovitapp.com/index/pt-br/transporte_p%C3%BAblico-line-715-Sao_Paulo-242-850661-183343-0,5.3,-23.543950062500002,-46.5836035625,,,,1,2023-06-15T16:48:47+00:00
SAO_6L03-10,São Paulo,3550308,True,,34333,,,-23.8267905,-46.728409,,,,2,2023-06-15T16:48:36+00:00
SAO_6L03-10,São Paulo,3550308,True,,34333,,,-23.87984825,-46.777814750000005,,,,2,2023-06-15T16:48:25+00:00
SAO_6L03-10,São Paulo,3550308,True,,34333,,,-23.828284,-46.7268245,,,,2,2023-06-15T16:48:31+00:00
SAO_6037-10,São Paulo,3550308,True,,33983,,,-23.643124,-46.742253000000005,,,,2,2023-06-15T16:48:33+00:00
SAO_6037-10,São Paulo,3550308,True,,33983,,,-23.6598555,-46.767027,,,,2,2023-06-15T16:48:11+00:00
SAO_6037-10,São Paulo,3550308,True,,33983,,,-23.64166925,-46.71504912499999,,,,2,2023-06-15T16:48:45+00:00
SAO_6037-10,São Paulo,3550308,True,,33983,,,-23.64986925,-46.78554325,,,,2,2023-06-15T16:48:12+00:00
SAO_6037-10,São Paulo,3550308,True,,33983,,,-23.646858125,-46.707122125,,,,2,2023-06-15T16:48:45+00:00
SAO_6037-10,São Paulo,3550308,True,,33983,,,-23.6486815,-46.74995375,,,,2,2023-06-15T16:48:39+00:00
SAO_4113-10,São Paulo,3550308,True,,768,,,-23.60181325,-46.61281475,,,,1,2023-06-15T16:48:04+00:00
SAO_7059-10,São Paulo,3550308,True,,34692,,,-23.664182500000003,-46.793308499999995,,,,2,2023-06-15T16:48:45+00:00
SAO_5033-10,São Paulo,3550308,True,,34433,,,-23.6335525,-46.6141865,,,,2,2023-06-15T16:48:42+00:00
SAO_5033-10,São Paulo,3550308,True,,34433,,,-23.60262375,-46.615007500000004,,,,2,2023-06-15T16:48:08+00:00
SAO_2201-10,São Paulo,3550308,True,,909,,,-23.541898500000002,-46.4154965,,,,1,2023-06-15T16:48:25+00:00
SAO_2201-10,São Paulo,3550308,True,,909,,,-23.53398675,-46.398371499999996,,,,1,2023-06-15T16:48:45+00:00
SAO_2201-10,São Paulo,3550308,True,,909,,,-23.5324795,-46.3946915,,,,1,2023-06-15T16:48:40+00:00
SAO_342C-10,São Paulo,3550308,True,,33770,,,-23.54404125,-46.48959575000001,,,,2,2023-06-15T16:48:04+00:00
SAO_342C-10,São Paulo,3550308,True,,33770,,,-23.565051,-46.4956325,,,,2,2023-06-15T16:48:16+00:00
SAO_342C-10,São Paulo,3550308,True,,33770,,,-23.5383365,-46.525437249999996,,,,2,2023-06-15T16:48:28+00:00
SAO_8013-10,São Paulo,3550308,True,,33568,,,-23.5146725,-46.726025,,,,2,2023-06-15T16:48:20+00:00
SAO_8013-10,São Paulo,3550308,True,,33568,,,-23.507385,-46.7431365,,,,2,2023-06-15T16:48:01+00:00
SAO_8013-10,São Paulo,3550308,True,,33568,,,-23.45591425,-46.785088125,,,,2,2023-06-15T16:48:31+00:00
SAO_4008-10,São Paulo,3550308,True,,2182,,,-23.579722,-46.4530455,,,,1,2023-06-15T16:45:24+00:00
SAO_4008-10,São Paulo,3550308,True,,2182,,,-23.5580635,-46.522337500000006,,,,1,2023-06-15T16:48:42+00:00
SAO_4008-10,São Paulo,3550308,True,,2182,,,-23.5831245,-46.492179500000006,,,,1,2023-06-15T16:48:04+00:00
SAO_263C-10,São Paulo,3550308,True,,33020,,,-23.53916375,-46.41356175,,,,2,2023-06-15T16:48:12+00:00
SAO_263C-10,São Paulo,3550308,True,,33020,,,-23.494716,-46.4380885,,,,2,2023-06-15T16:46:30+00:00
SAO_7022-10,São Paulo,3550308,True,,2084,,,-23.65687525,-46.7063055,,,,1,2023-06-15T16:48:29+00:00
SAO_7022-10,São Paulo,3550308,True,,2084,,,-23.6700935,-46.7726165,,,,1,2023-06-15T16:46:00+00:00
SAO_6027-10,São Paulo,3550308,True,,90,,,-23.654246999999998,-46.712731500000004,,,,1,2023-06-15T16:48:22+00:00
SAO_6027-10,São Paulo,3550308,True,,90,,,-23.723838999999998,-46.682514499999996,,,,1,2023-06-15T16:48:24+00:00
SAO_6027-10,São Paulo,3550308,True,,90,,,-23.677031125,-46.70759425,,,,1,2023-06-15T16:48:32+00:00
SAO_6027-10,São Paulo,3550308,True,,90,,,-23.7093575,-46.699754999999996,,,,1,2023-06-15T16:48:39+00:00
SAO_4004-10,São Paulo,3550308,True,,2178,,,-23.597091499999998,-46.3988365,,,,1,2023-06-15T16:48:34+00:00
SAO_6801-10,São Paulo,3550308,True,,32773,,,-23.660584,-46.7336095,,,,2,2023-06-15T16:48:39+00:00
SAO_6801-10,São Paulo,3550308,True,,32773,,,-23.6463705,-46.730281000000005,,,,2,2023-06-15T16:48:36+00:00
SAO_2720-31,São Paulo,3550308,True,,1842,,,-23.509462499999998,-46.496815,,,,1,2023-06-15T16:48:05+00:00
SAO_2720-31,São Paulo,3550308,True,,1842,,,-23.491929125000002,-46.465975625,,,,1,2023-06-15T16:48:31+00:00
SAO_119C-10,São Paulo,3550308,True,,33429,,,-23.528828125,-46.614592,,,,2,2023-06-15T16:48:12+00:00
SAO_119C-10,São Paulo,3550308,True,,33429,,,-23.4789125,-46.56902049999999,,,,2,2023-06-15T16:48:31+00:00
SAO_119C-10,São Paulo,3550308,True,,33429,,,-23.535485,-46.62689175,,,,2,2023-06-15T16:48:34+00:00
SAO_7281-10,São Paulo,3550308,True,,1334,,,-23.5426635,-46.6957185,,,,1,2023-06-15T16:48:37+00:00
SAO_9032-21,São Paulo,3550308,True,,34583,,,-23.4712185,-46.675377499999996,,,,2,2023-06-15T16:48:31+00:00
SAO_3901-10,São Paulo,3550308,True,,1469,,,-23.521893,-46.5270465,,,,1,2023-06-15T16:48:16+00:00
SAO_5702-10,São Paulo,3550308,True,,33905,,,-23.686934,-46.633491,,,,2,2023-06-15T16:48:27+00:00
SAO_5702-10,São Paulo,3550308,True,,33905,,,-23.675125,-46.6425955,,,,2,2023-06-15T16:48:24+00:00
SAO_8538-10,São Paulo,3550308,True,,1359,,,-23.4786145,-46.707113500000006,,,,1,2023-06-15T16:48:43+00:00
SAO_6805-10,São Paulo,3550308,True,,32799,,,-23.6547085,-46.76195,,,,2,2023-06-15T16:48:13+00:00
SAO_6805-10,São Paulo,3550308,True,,32799,,,-23.654369000000003,-46.762426500000004,,,,2,2023-06-15T16:48:07+00:00
SAO_6L08-10,São Paulo,3550308,True,,1182,,,-23.824619,-46.7279025,,,,1,2023-06-15T16:48:45+00:00
SAO_6L08-10,São Paulo,3550308,True,,1182,,,-23.827404,-46.697334,,,,1,2023-06-15T16:48:14+00:00
SAO_5018-31,São Paulo,3550308,True,,1861,,,-23.689721,-46.668440000000004,,,,1,2023-06-15T16:48:28+00:00
SAO_5018-31,São Paulo,3550308,True,,1861,,,-23.648213,-46.6413555,,,,1,2023-06-15T16:48:22+00:00
SAO_605A-10,São Paulo,3550308,True,,2522,,,-23.648614,-46.632033,,,,1,2023-06-15T16:48:47+00:00
SAO_9011-21,São Paulo,3550308,True,,34536,,,-23.4415015,-46.7334205,,,,2,2023-06-15T16:48:03+00:00
SAO_9011-21,São Paulo,3550308,True,,34536,,,-23.446984,-46.7225025,,,,2,2023-06-15T16:48:01+00:00
SAO_524L-10,São Paulo,3550308,True,,34483,,,-23.554219500000002,-46.56216675,,,,2,2023-06-15T16:48:21+00:00
SAO_524L-10,São Paulo,3550308,True,,34483,,,-23.598761,-46.5339095,,,,2,2023-06-15T16:48:07+00:00
SAO_524L-10,São Paulo,3550308,True,,34483,,,-23.56214,-46.56148,,,,2,2023-06-15T16:48:33+00:00
SAO_637R-10,São Paulo,3550308,True,EMTU,196,https://moovitapp.com/index/pt-br/transporte_p%C3%BAblico-line-196-Sao_Paulo-242-2038937-36419323-0,4.85,-23.7171335,-46.76781,,,,1,2023-06-15T16:48:05+00:00
SAO_637R-10,São Paulo,3550308,True,EMTU,196,https://moovitapp.com/index/pt-br/transporte_p%C3%BAblico-line-196-Sao_Paulo-242-2038937-36419323-0,4.85,-23.6810455,-46.76589275,,,,1,2023-06-15T16:48:38+00:00
SAO_637R-10,São Paulo,3550308,True,EMTU,196,https://moovitapp.com/index/pt-br/transporte_p%C3%BAblico-line-196-Sao_Paulo-242-2038937-36419323-0,4.85,-23.693244999999997,-46.7790825,,,,1,2023-06-15T16:46:34+00:00
SAO_637R-10,São Paulo,3550308,True,EMTU,196,https://moovitapp.com/index/pt-br/transporte_p%C3%BAblico-line-196-Sao_Paulo-242-2038937-36419323-0,4.85,-23.6555745,-46.71831350000001,,,,1,2023-06-15T16:48:28+00:00
SAO_2028-10,São Paulo,3550308,True,,2263,,,-23.4339305,-46.5714275,,,,1,2023-06-15T16:48:27+00:00
SAO_2028-10,São Paulo,3550308,True,,2263,,,-23.477005,-46.6048075,,,,1,2023-06-15T16:48:26+00:00
SAO_846M-10,São Paulo,3550308,True,EMTU,422,https://moovitapp.com/index/pt-br/transporte_p%C3%BAblico-line-422-Sao_Paulo-242-2038937-36419479-0,7.15,-23.5408835,-46.700549,,,,1,2023-06-15T16:48:41+00:00
SAO_1778-10,São Paulo,3550308,True,,34557,,,-23.480856,-46.611392,,,,2,2023-06-15T16:47:04+00:00
SAO_1778-10,São Paulo,3550308,True,,34557,,,-23.466963,-46.5690415,,,,2,2023-06-15T16:48:42+00:00
SAO_6080-10,São Paulo,3550308,True,,33936,,,-23.713037999999997,-46.698539999999994,,,,2,2023-06-15T16:48:35+00:00
SAO_6080-10,São Paulo,3550308,True,,33936,,,-23.749252,-46.6876175,,,,2,2023-06-15T16:48:42+00:00
SAO_6080-10,São Paulo,3550308,True,,33936,,,-23.754812125,-46.674934625,,,,2,2023-06-15T16:48:37+00:00
SAO_6080-10,São Paulo,3550308,True,,33936,,,-23.684339,-46.692133999999996,,,,2,2023-06-15T16:48:43+00:00
SAO_8002-10,São Paulo,3550308,True,,1252,,,-23.486221999999998,-46.725944999999996,,,,1,2023-06-15T16:48:23+00:00
SAO_8002-10,São Paulo,3550308,True,,1252,,,-23.506566499999998,-46.729117,,,,1,2023-06-15T16:48:24+00:00
SAO_272N-10,São Paulo,3550308,True,,705,,,-23.52939825,-46.602333,,,,1,2023-06-15T16:47:29+00:00
SAO_272N-10,São Paulo,3550308,True,,705,,,-23.52123975,-46.564586500000004,,,,1,2023-06-15T16:48:46+00:00
SAO_6821-10,São Paulo,3550308,True,BR7 Mobilidade,21,https://moovitapp.com/index/pt-br/transporte_p%C3%BAblico-line-21-Sao_Paulo-242-851856-707765-0,5.75,-23.654274,-46.7625595,,,,1,2023-06-15T16:48:38+00:00
SAO_6821-10,São Paulo,3550308,True,BR7 Mobilidade,21,https://moovitapp.com/index/pt-br/transporte_p%C3%BAblico-line-21-Sao_Paulo-242-851856-707765-0,5.75,-23.685882499999998,-46.7807575,,,,1,2023-06-15T16:48:08+00:00
SAO_6821-10,São Paulo,3550308,True,BR7 Mobilidade,21,https://moovitapp.com/index/pt-br/transporte_p%C3%BAblico-line-21-Sao_Paulo-242-851856-707765-0,5.75,-23.6614595,-46.768571,,,,1,2023-06-15T16:48:09+00:00
SAO_5194-10,São Paulo,3550308,True,,33037,,,-23.702023,-46.645880000000005,,,,2,2023-06-15T16:48:41+00:00
SAO_5194-10,São Paulo,3550308,True,,33037,,,-23.6438005,-46.67281199999999,,,,2,2023-06-15T16:48:27+00:00
SAO_119L-10,São Paulo,3550308,True,,35041,,,-23.445461,-46.7844485,,,,2,2023-06-15T16:48:19+00:00
SAO_4003-10,São Paulo,3550308,True,,34927,,,-23.574084,-46.39846300000001,,,,2,2023-06-15T16:48:28+00:00
SAO_4036-10,São Paulo,3550308,True,,2561,,,-23.55791275,-46.52086025,,,,1,2023-06-15T16:48:43+00:00
SAO_4284-10,São Paulo,3550308,True,EMTU,289,https://moovitapp.com/index/pt-br/transporte_p%C3%BAblico-line-289-Sao_Paulo-242-2038937-36419390-0,5.1,-23.594417625,-46.577687125000004,,,,1,2023-06-15T16:48:34+00:00
SAO_GUIN-10,São Paulo,3550308,False,,35776,,,-23.6067655,-46.699498,,,,2,2023-06-15T16:48:43+00:00
SAO_6338-10,São Paulo,3550308,True,,1293,,,-23.649483500000002,-46.646519,,,,1,2023-06-15T16:48:22+00:00
SAO_6338-10,São Paulo,3550308,True,,1293,,,-23.62644975,-46.64095725,,,,1,2023-06-15T16:48:17+00:00
SAO_6338-10,São Paulo,3550308,True,,1293,,,-23.601539499999998,-46.635582,,,,1,2023-06-15T16:48:28+00:00
SAO_8300-10,São Paulo,3550308,True,,1264,,,-23.4849325,-46.7233555,,,,1,2023-06-15T16:48:24+00:00
SAO_2123-10,São Paulo,3550308,True,,692,,,-23.5318225,-46.61754075,,,,1,2023-06-15T16:48:19+00:00
SAO_2123-10,São Paulo,3550308,True,,692,,,-23.5412555,-46.617841,,,,1,2023-06-15T16:48:41+00:00
SAO_2123-10,São Paulo,3550308,True,,692,,,-23.499885499999998,-46.5933685,,,,1,2023-06-15T16:48:09+00:00
SAO_4085-10,São Paulo,3550308,True,,2156,,,-23.5634485,-46.4320255,,,,1,2023-06-15T16:43:35+00:00
SAO_4085-10,São Paulo,3550308,True,,2156,,,-23.570843,-46.4280635,,,,1,2023-06-15T16:46:56+00:00
SAO_6250-10,São Paulo,3550308,True,EMTU,468,https://moovitapp.com/index/pt-br/transporte_p%C3%BAblico-line-468-Sao_Paulo-242-2038937-36419506-0,6.65,-23.592723499999998,-46.759095,,,,1,2023-06-15T16:48:36+00:00
SAO_6250-10,São Paulo,3550308,True,EMTU,468,https://moovitapp.com/index/pt-br/transporte_p%C3%BAblico-line-468-Sao_Paulo-242-2038937-36419506-0,6.65,-23.569010249999998,-46.672506,,,,1,2023-06-15T16:48:17+00:00
SAO_2017-10,São Paulo,3550308,True,,903,,,-23.50113975,-46.4151665,,,,1,2023-06-15T16:48:34+00:00
SAO_2017-10,São Paulo,3550308,True,,903,,,-23.499805000000002,-46.415139499999995,,,,1,2023-06-15T16:48:42+00:00
SAO_2017-10,São Paulo,3550308,True,,903,,,-23.5195115,-46.4125905,,,,1,2023-06-15T16:48:28+00:00
SAO_2017-10,São Paulo,3550308,True,,903,,,-23.49534425,-46.430323,,,,1,2023-06-15T16:48:26+00:00
SAO_5030-10,São Paulo,3550308,True,,1669,,,-23.639024499999998,-46.606774,,,,1,2023-06-15T16:48:21+00:00
SAO_8002-10,São Paulo,3550308,True,,34020,,,-23.520303499999997,-46.7110705,,,,2,2023-06-15T16:48:25+00:00
SAO_8002-10,São Paulo,3550308,True,,34020,,,-23.485525000000003,-46.725356500000004,,,,2,2023-06-15T16:48:03+00:00
SAO_1701-22,São Paulo,3550308,True,,35245,,,-23.466322750000003,-46.587209,,,,2,2023-06-15T16:48:11+00:00
SAO_2024-10,São Paulo,3550308,True,,35029,,,-23.3978455,-46.577652,,,,2,2023-06-15T16:48:04+00:00
SAO_9701-10,São Paulo,3550308,True,,33337,,,-23.49260175,-46.66213525,,,,2,2023-06-15T16:48:21+00:00
SAO_9701-10,São Paulo,3550308,True,,33337,,,-23.48547925,-46.66465175,,,,2,2023-06-15T16:48:41+00:00
SAO_6823-10,São Paulo,3550308,True,,34,,,-23.660608,-46.7679,,,,1,2023-06-15T16:48:37+00:00
SAO_971R-51,São Paulo,3550308,True,,33385,,,-23.501994500000002,-46.625838,,,,2,2023-06-15T16:48:34+00:00
SAO_609J-10,São Paulo,3550308,True,,2242,,,-23.626586500000002,-46.65958,,,,1,2023-06-15T16:48:33+00:00
SAO_3301-10,São Paulo,3550308,True,,1618,,,-23.494115,-46.43924975,,,,1,2023-06-15T16:48:29+00:00
SAO_3301-10,São Paulo,3550308,True,,1618,,,-23.535142625,-46.58197975,,,,1,2023-06-15T16:48:25+00:00
SAO_3301-10,São Paulo,3550308,True,,1618,,,-23.514674,-46.519834,,,,1,2023-06-15T16:48:01+00:00
SAO_278A-10,São Paulo,3550308,True,,33474,,,-23.53805475,-46.598439,,,,2,2023-06-15T16:48:40+00:00
SAO_278A-10,São Paulo,3550308,True,,33474,,,-23.512057,-46.527947,,,,2,2023-06-15T16:48:35+00:00
SAO_278A-10,São Paulo,3550308,True,,33474,,,-23.53593,-46.571818,,,,2,2023-06-15T16:48:08+00:00
SAO_271C-10,São Paulo,3550308,True,STT,682,https://moovitapp.com/index/pt-br/transporte_p%C3%BAblico-line-682-Sao_Paulo-242-850661-183336-0,5.3,-23.531511,-46.636298,,,,1,2023-06-15T16:48:19+00:00
SAO_271C-10,São Paulo,3550308,True,STT,682,https://moovitapp.com/index/pt-br/transporte_p%C3%BAblico-line-682-Sao_Paulo-242-850661-183336-0,5.3,-23.499913,-46.5914415,,,,1,2023-06-15T16:48:38+00:00
SAO_909T-10,São Paulo,3550308,True,,2256,,,-23.55022025,-46.631459750000005,,,,1,2023-06-15T16:48:12+00:00
SAO_6063-21,São Paulo,3550308,True,,34769,,,-23.767094999999998,-46.716237500000005,,,,2,2023-06-15T16:48:23+00:00
SAO_6063-21,São Paulo,3550308,True,,34769,,,-23.7690195,-46.715415500000006,,,,2,2023-06-15T16:48:19+00:00
SAO_508L-10,São Paulo,3550308,True,,32885,,,-23.553307,-46.6332235,,,,2,2023-06-15T16:48:04+00:00
SAO_508L-10,São Paulo,3550308,True,,32885,,,-23.5340575,-46.644261,,,,2,2023-06-15T16:48:21+00:00
SAO_6058-10,São Paulo,3550308,True,,1149,,,-23.7727045,-46.701348,,,,1,2023-06-15T16:48:37+00:00
SAO_809V-10,São Paulo,3550308,True,,2243,,,-23.5605665,-46.671968,,,,1,2023-06-15T16:48:19+00:00
SAO_6805-31,São Paulo,3550308,True,,1788,,,-23.661381499999997,-46.754678999999996,,,,1,2023-06-15T16:48:28+00:00
SAO_8032-10,São Paulo,3550308,True,,2545,,,-23.571887,-46.7083135,,,,1,2023-06-15T16:42:34+00:00
SAO_8032-10,São Paulo,3550308,True,,2545,,,-23.562409000000002,-46.7230545,,,,1,2023-06-15T16:47:17+00:00
SAO_6816-31,São Paulo,3550308,True,,34516,,,-23.653882,-46.770134,,,,2,2023-06-15T16:48:22+00:00
SAO_407M-10,São Paulo,3550308,True,,33086,,,-23.575848,-46.613550000000004,,,,2,2023-06-15T16:48:40+00:00
SAO_4035-10,São Paulo,3550308,True,,2560,,,-23.5608215,-46.434999,,,,1,2023-06-15T16:48:03+00:00
SAO_4035-10,São Paulo,3550308,True,,2560,,,-23.558587000000003,-46.399857999999995,,,,1,2023-06-15T16:48:20+00:00
SAO_4035-10,São Paulo,3550308,True,,2560,,,-23.542621,-46.4621605,,,,1,2023-06-15T16:43:17+00:00
SAO_7053-22,São Paulo,3550308,True,,34664,,,-23.645042500000002,-46.789187999999996,,,,2,2023-06-15T16:48:42+00:00
SAO_3725-41,São Paulo,3550308,True,,1531,,,-23.535472249999998,-46.541382999999996,,,,1,2023-06-15T16:48:17+00:00
SAO_8252-10,São Paulo,3550308,True,,34016,,,-23.526683,-46.667058,,,,2,2023-06-15T16:48:46+00:00
SAO_3735-10,São Paulo,3550308,True,,1035,,,-23.540855999999998,-46.4849405,,,,1,2023-06-15T16:48:27+00:00
SAO_3735-10,São Paulo,3550308,True,,1035,,,-23.540855999999998,-46.4849405,,,,1,2023-06-15T16:48:11+00:00
SAO_3735-10,São Paulo,3550308,True,,1035,,,-23.547883499999998,-46.49378475,,,,1,2023-06-15T16:48:25+00:00
SAO_5129-41,São Paulo,3550308,True,,1974,,,-23.654514,-46.7036375,,,,1,2023-06-15T16:48:33+00:00
SAO_5129-41,São Paulo,3550308,True,,1974,,,-23.6536745,-46.6682945,,,,1,2023-06-15T16:48:20+00:00
SAO_7052-10,São Paulo,3550308,True,,1886,,,-23.640652000000003,-46.7734775,,,,1,2023-06-15T16:48:31+00:00
SAO_7052-10,São Paulo,3550308,True,,1886,,,-23.631508,-46.7726,,,,1,2023-06-15T16:48:45+00:00
SAO_8060-10,São Paulo,3550308,True,EMTU,418,https://moovitapp.com/index/pt-br/transporte_p%C3%BAblico-line-418-Sao_Paulo-242-2038937-36419475-0,6.55,-23.5207605,-46.750506,,,,1,2023-06-15T16:48:22+00:00
SAO_7063-10,São Paulo,3550308,True,,34667,,,-23.65178525,-46.78974675,,,,2,2023-06-15T16:48:33+00:00
SAO_7063-10,São Paulo,3550308,True,,34667,,,-23.63986,-46.77989275,,,,2,2023-06-15T16:48:27+00:00
SAO_476G-41,São Paulo,3550308,True,,1112,,,-23.5841275,-46.63652525,,,,1,2023-06-15T16:48:20+00:00
SAO_1730-10,São Paulo,3550308,True,,865,,,-23.51374825,-46.6249465,,,,1,2023-06-15T16:48:11+00:00
SAO_3001-10,São Paulo,3550308,True,,1650,,,-23.494246,-46.422235125,,,,1,2023-06-15T16:48:22+00:00
SAO_6L10-41,São Paulo,3550308,True,,2005,,,-23.7743255,-46.72151625,,,,1,2023-06-15T16:48:39+00:00
SAO_6L10-41,São Paulo,3550308,True,,2005,,,-23.7878855,-46.765459,,,,1,2023-06-15T16:34:47+00:00
SAO_4016-10,São Paulo,3550308,True,,34957,,,-23.62938175,-46.47047925,,,,2,2023-06-15T16:48:44+00:00
SAO_8300-1,São Paulo,3550308,True,,2507,,,-23.519864499999997,-46.700969,,,,1,2023-06-15T16:48:46+00:00
SAO_6019-10,São Paulo,3550308,True,,1490,,,-23.680994,-46.738279500000004,,,,1,2023-06-15T16:48:14+00:00
SAO_909T-1,São Paulo,3550308,True,,2512,,,-23.5540545,-46.67109425,,,,1,2023-06-15T16:48:34+00:00
SAO_909T-1,São Paulo,3550308,True,,2512,,,-23.5664965,-46.7016295,,,,1,2023-06-15T16:48:27+00:00
SAO_3735-41,São Paulo,3550308,True,,34688,,,-23.5431125,-46.48502825,,,,2,2023-06-15T16:48:26+00:00
SAO_1730-10,São Paulo,3550308,True,,33633,,,-23.511653000000003,-46.622637499999996,,,,2,2023-06-15T16:48:46+00:00
SAO_524L-10,São Paulo,3550308,True,,1715,,,-23.5890695,-46.553793999999996,,,,1,2023-06-15T16:48:38+00:00
SAO_524L-10,São Paulo,3550308,True,,1715,,,-23.5985045,-46.534401,,,,1,2023-06-15T16:48:42+00:00
SAO_524L-10,São Paulo,3550308,True,,1715,,,-23.564989999999998,-46.558955749999996,,,,1,2023-06-15T16:48:27+00:00
SAO_524L-10,São Paulo,3550308,True,,1715,,,-23.541552,-46.574095,,,,1,2023-06-15T16:48:29+00:00
SAO_6L01-10,São Paulo,3550308,True,,1171,,,-23.803991,-46.7351265,,,,1,2023-06-15T16:48:46+00:00
SAO_6L01-10,São Paulo,3550308,True,,1171,,,-23.888524500000003,-46.73113975,,,,1,2023-06-15T16:48:36+00:00
SAO_7009-10,São Paulo,3550308,True,,34719,,,-23.688845375,-46.77301675,,,,2,2023-06-15T16:48:44+00:00
SAO_3003-10,São Paulo,3550308,True,,1797,,,-23.4817225,-46.408476,,,,1,2023-06-15T16:47:27+00:00
SAO_4010-10,São Paulo,3550308,True,,2183,,,-23.570562000000002,-46.4801215,,,,1,2023-06-15T16:48:08+00:00
SAO_4724-10,São Paulo,3550308,True,,2060,,,-23.53998225,-46.50050475,,,,1,2023-06-15T16:48:34+00:00
SAO_2735-21,São Paulo,3550308,True,,514,,,-23.5311575,-46.546392499999996,,,,1,2023-06-15T16:48:40+00:00
SAO_2735-21,São Paulo,3550308,True,,514,,,-23.499309125,-46.525442,,,,1,2023-06-15T16:48:13+00:00
SAO_607A-21,São Paulo,3550308,True,,34908,,,-23.694555,-46.666061,,,,2,2023-06-15T16:48:33+00:00
SAO_8047-41,São Paulo,3550308,True,STT,410,https://moovitapp.com/index/pt-br/transporte_p%C3%BAblico-line-410-Sao_Paulo-242-850661-183302-0,5.3,-23.490979375,-46.75142125,,,,1,2023-06-15T16:47:38+00:00
SAO_8047-41,São Paulo,3550308,True,STT,410,https://moovitapp.com/index/pt-br/transporte_p%C3%BAblico-line-410-Sao_Paulo-242-850661-183302-0,5.3,-23.544869,-46.6930895,,,,1,2023-06-15T16:48:22+00:00
SAO_1021-10,São Paulo,3550308,True,EMTU,833,https://moovitapp.com/index/pt-br/transporte_p%C3%BAblico-line-833-Sao_Paulo-242-2038937-36419599-0,5.4,-23.456017,-46.713564500000004,,,,1,2023-06-15T16:48:18+00:00
SAO_6258-31,São Paulo,3550308,True,,1783,,,-23.6794945,-46.754964,,,,1,2023-06-15T16:48:12+00:00
SAO_9090-10,São Paulo,3550308,True,,884,,,-23.480790499999998,-46.6743585,,,,1,2023-06-15T16:48:39+00:00
SAO_9090-10,São Paulo,3550308,True,,884,,,-23.495158,-46.661432500000004,,,,1,2023-06-15T16:48:33+00:00
SAO_978L-10,São Paulo,3550308,True,,33234,,,-23.522740250000002,-46.65930125,,,,2,2023-06-15T16:48:03+00:00
SAO_978L-10,São Paulo,3550308,True,,33234,,,-23.490231,-46.6755455,,,,2,2023-06-15T16:47:58+00:00
SAO_4015-10,São Paulo,3550308,True,,34956,,,-23.6128775,-46.476433,,,,2,2023-06-15T16:48:31+00:00
SAO_2030-10,São Paulo,3550308,True,,35032,,,-23.47261175,-46.641650999999996,,,,2,2023-06-15T16:48:30+00:00
SAO_771P-10,São Paulo,3550308,True,,33274,,,-23.59506,-46.7880485,,,,2,2023-06-15T16:48:04+00:00
SAO_6012-31,São Paulo,3550308,True,,34544,,,-23.695383,-46.7842165,,,,2,2023-06-15T16:48:14+00:00
SAO_6012-31,São Paulo,3550308,True,,34544,,,-23.686719500000002,-46.7881045,,,,2,2023-06-15T16:48:45+00:00
SAO_189L-10,São Paulo,3550308,True,,35218,,,-23.4869675,-46.710637,,,,2,2023-06-15T16:48:07+00:00
SAO_189L-10,São Paulo,3550308,True,,35218,,,-23.518870999999997,-46.7005015,,,,2,2023-06-15T16:48:10+00:00
SAO_6L02-10,São Paulo,3550308,True,,33946,,,-23.827535500000003,-46.7273075,,,,2,2023-06-15T16:48:20+00:00
SAO_5119-22,São Paulo,3550308,True,,2124,,,-23.58489275,-46.68227075,,,,1,2023-06-15T16:48:11+00:00
SAO_6012-31,São Paulo,3550308,True,,1776,,,-23.697202,-46.779912,,,,1,2023-06-15T16:48:45+00:00
SAO_9162-10,São Paulo,3550308,True,,1365,,,-23.496032,-46.662330499999996,,,,1,2023-06-15T16:48:32+00:00
SAO_3019-10,São Paulo,3550308,True,,957,,,-23.582937,-46.408781000000005,,,,1,2023-06-15T16:48:42+00:00
SAO_1026-10,São Paulo,3550308,True,,2306,,,-23.488557999999998,-46.697984500000004,,,,1,2023-06-15T16:48:11+00:00
SAO_8018-10,São Paulo,3550308,True,,2070,,,-23.60504825,-46.7376165,,,,1,2023-06-15T16:48:37+00:00
SAO_2020-10,São Paulo,3550308,True,,35030,,,-23.4593665,-46.632753,,,,2,2023-06-15T16:47:56+00:00
SAO_2020-10,São Paulo,3550308,True,,35030,,,-23.458576,-46.6023755,,,,2,2023-06-15T16:48:38+00:00
SAO_8021-10,São Paulo,3550308,True,,2073,,,-23.5751815,-46.739963,,,,1,2023-06-15T16:48:43+00:00
SAO_6813-10,São Paulo,3550308,True,BR7 Mobilidade,33,https://moovitapp.com/index/pt-br/transporte_p%C3%BAblico-line-33-Sao_Paulo-242-851856-529134-0,5.75,-23.658478000000002,-46.765071,,,,1,2023-06-15T16:48:05+00:00
SAO_272N-10,São Paulo,3550308,True,,33473,,,-23.5217745,-46.56314475,,,,2,2023-06-15T16:48:27+00:00
SAO_272N-10,São Paulo,3550308,True,,33473,,,-23.546346,-46.62254,,,,2,2023-06-15T16:48:29+00:00
SAO_272N-10,São Paulo,3550308,True,,33473,,,-23.511872,-46.563117500000004,,,,2,2023-06-15T16:48:04+00:00
SAO_4086-10,São Paulo,3550308,True,,2250,,,-23.5852985,-46.4091875,,,,1,2023-06-15T16:48:32+00:00
SAO_8023-10,São Paulo,3550308,True,,2074,,,-23.590312249999997,-46.7367165,,,,1,2023-06-15T16:48:11+00:00
SAO_2012-10,São Paulo,3550308,True,,35049,,,-23.489519,-46.58121775,,,,2,2023-06-15T16:48:10+00:00
SAO_2012-10,São Paulo,3550308,True,,35049,,,-23.489328999999998,-46.58143525,,,,2,2023-06-15T16:48:37+00:00
SAO_6L04-10,São Paulo,3550308,True,,33948,,,-23.8715785,-46.7696215,,,,2,2023-06-15T16:48:45+00:00
SAO_6L04-10,São Paulo,3550308,True,,33948,,,-23.866361249999997,-46.75256875,,,,2,2023-06-15T16:48:10+00:00
SAO_9301-10,São Paulo,3550308,True,,458,,,-23.5190185,-46.653056,,,,1,2023-06-15T16:48:39+00:00
SAO_2030-10,São Paulo,3550308,True,,2264,,,-23.48495,-46.641389000000004,,,,1,2023-06-15T16:48:20+00:00
SAO_9018-10,São Paulo,3550308,True,,1271,,,-23.4712155,-46.721144,,,,1,2023-06-15T16:48:13+00:00
SAO_3024-10,São Paulo,3550308,True,EMTU,277,https://moovitapp.com/index/pt-br/transporte_p%C3%BAblico-line-277-Sao_Paulo-242-2038937-36419380-0,8.15,-23.609657499999997,-46.52914749999999,,,,1,2023-06-15T16:48:08+00:00
SAO_211L-10,São Paulo,3550308,True,,2265,,,-23.46981925,-46.648324625,,,,1,2023-06-15T16:48:06+00:00
SAO_1778-10,São Paulo,3550308,True,,1789,,,-23.472393,-46.60715225,,,,1,2023-06-15T16:48:22+00:00
SAO_2702-21,São Paulo,3550308,True,,34294,,,-23.539938499999998,-46.482815,,,,2,2023-06-15T16:48:03+00:00
SAO_2702-21,São Paulo,3550308,True,,1526,,,-23.50286,-46.4672975,,,,1,2023-06-15T16:48:26+00:00
SAO_TREI-10,São Paulo,3550308,True,,35257,,,-23.5894755,-46.633868,,,,2,2023-06-15T16:48:32+00:00
SAO_1765-10,São Paulo,3550308,True,,1782,,,-23.466949999999997,-46.56727925,,,,1,2023-06-15T16:47:49+00:00
