bus_id,city,city_code,adapted,agency,line_code,line_url,line_fare,latitude,longitude,bus_speed,is_eletric,bus_type,bus_direction,updated_at
SAO_8700-1,São Paulo,3550308,True,,35276,,,-23.631026499999997,-46.773642,,,,2,2023-06-19T16:11:12+00:00
SAO_8700-1,São Paulo,3550308,True,,35276,,,-23.610879,-46.7530665,,,,2,2023-06-19T16:11:09+00:00
SAO_8700-1,São Paulo,3550308,True,,35276,,,-23.63142725,-46.77140775,,,,2,2023-06-19T16:11:42+00:00
SAO_8700-1,São Paulo,3550308,True,,35276,,,-23.63142725,-46.77140775,,,,2,2023-06-19T16:11:34+00:00
SAO_8700-1,São Paulo,3550308,True,,35276,,,-23.6317985,-46.771744,,,,2,2023-06-19T16:11:22+00:00
SAO_8700-1,São Paulo,3550308,True,,35276,,,-23.631026499999997,-46.773642,,,,2,2023-06-19T16:11:09+00:00
SAO_8700-1,São Paulo,3550308,True,,35276,,,-23.604568,-46.745587,,,,2,2023-06-19T16:11:31+00:00
SAO_8700-1,São Paulo,3550308,True,,35276,,,-23.58284575,-46.71415175,,,,2,2023-06-19T16:11:27+00:00
SAO_8700-1,São Paulo,3550308,True,,35276,,,-23.543312,-46.638448999999994,,,,2,2023-06-19T16:11:29+00:00
SAO_513L-10,São Paulo,3550308,True,,1655,,,-23.602105,-46.602912,,,,1,2023-06-19T16:11:31+00:00
SAO_513L-10,São Paulo,3550308,True,,1655,,,-23.55707275,-46.600189875,,,,1,2023-06-19T16:11:32+00:00
SAO_3902-10,São Paulo,3550308,True,,34238,,,-23.484951000000002,-46.38398325,,,,2,2023-06-19T16:11:44+00:00
SAO_3902-10,São Paulo,3550308,True,,34238,,,-23.540953000000002,-46.408809,,,,2,2023-06-19T16:08:18+00:00
SAO_3902-10,São Paulo,3550308,True,,34238,,,-23.511259000000003,-46.4120205,,,,2,2023-06-19T16:11:04+00:00
SAO_3902-10,São Paulo,3550308,True,,34238,,,-23.494747250000003,-46.377086500000004,,,,2,2023-06-19T16:11:38+00:00
SAO_3902-10,São Paulo,3550308,True,,34238,,,-23.485104,-46.384288999999995,,,,2,2023-06-19T16:11:07+00:00
SAO_3902-10,São Paulo,3550308,True,,34238,,,-23.5092125,-46.392306,,,,2,2023-06-19T16:11:17+00:00
SAO_6110-10,São Paulo,3550308,True,,33952,,,-23.6229895,-46.661907,,,,2,2023-06-19T16:11:43+00:00
SAO_6110-10,São Paulo,3550308,True,,33952,,,-23.68001075,-46.687002500000006,,,,2,2023-06-19T16:11:21+00:00
SAO_6110-10,São Paulo,3550308,True,,33952,,,-23.6995285,-46.7010475,,,,2,2023-06-19T16:11:12+00:00
SAO_6110-10,São Paulo,3550308,True,,33952,,,-23.723731,-46.7095015,,,,2,2023-06-19T16:11:00+00:00
SAO_6110-10,São Paulo,3550308,True,,33952,,,-23.74082325,-46.708749,,,,2,2023-06-19T16:11:29+00:00
SAO_2011-10,São Paulo,3550308,True,,34904,,,-23.4900685,-46.5707825,,,,2,2023-06-19T16:11:26+00:00
SAO_2011-10,São Paulo,3550308,True,,34904,,,-23.490259,-46.5709545,,,,2,2023-06-19T16:11:36+00:00
SAO_2011-10,São Paulo,3550308,True,,34904,,,-23.489130875,-46.567531,,,,2,2023-06-19T16:11:14+00:00
SAO_2011-10,São Paulo,3550308,True,,34904,,,-23.484215499999998,-46.565069,,,,2,2023-06-19T16:11:09+00:00
SAO_2011-10,São Paulo,3550308,True,,34904,,,-23.502574,-46.624022999999994,,,,2,2023-06-19T16:11:24+00:00
SAO_2011-10,São Paulo,3550308,True,,34904,,,-23.489323499999998,-46.62424,,,,2,2023-06-19T16:08:35+00:00
SAO_2011-10,São Paulo,3550308,True,,34904,,,-23.478248999999998,-46.5980625,,,,2,2023-06-19T16:11:19+00:00
SAO_2011-10,São Paulo,3550308,True,,34904,,,-23.469675000000002,-46.584624,,,,2,2023-06-19T16:11:20+00:00
SAO_5154-10,São Paulo,3550308,True,,33121,,,-23.608373500000003,-46.685677125000005,,,,2,2023-06-19T16:11:41+00:00
SAO_5154-10,São Paulo,3550308,True,,33121,,,-23.604844875,-46.673831250000006,,,,2,2023-06-19T16:11:44+00:00
SAO_5154-10,São Paulo,3550308,True,,33121,,,-23.5818195,-46.657885500000006,,,,2,2023-06-19T16:11:44+00:00
SAO_5154-10,São Paulo,3550308,True,,33121,,,-23.5555295,-46.64014125,,,,2,2023-06-19T16:11:03+00:00
SAO_5154-10,São Paulo,3550308,True,,33121,,,-23.54995325,-46.6389305,,,,2,2023-06-19T16:11:31+00:00
SAO_4734-10,São Paulo,3550308,True,,1109,,,-23.6414715,-46.610838,,,,1,2023-06-19T16:11:01+00:00
SAO_4734-10,São Paulo,3550308,True,,1109,,,-23.6414715,-46.610838,,,,1,2023-06-19T16:11:03+00:00
SAO_4734-10,São Paulo,3550308,True,,1109,,,-23.6414715,-46.610838,,,,1,2023-06-19T16:11:11+00:00
SAO_4734-10,São Paulo,3550308,True,,1109,,,-23.6184455,-46.638504499999996,,,,1,2023-06-19T16:11:37+00:00
SAO_4734-10,São Paulo,3550308,True,,1109,,,-23.641973,-46.607001,,,,1,2023-06-19T16:11:14+00:00
SAO_4734-10,São Paulo,3550308,True,,1109,,,-23.6223275,-46.627818500000004,,,,1,2023-06-19T16:11:20+00:00
SAO_4734-10,São Paulo,3550308,True,,1109,,,-23.635668000000003,-46.614797499999995,,,,1,2023-06-19T16:11:20+00:00
SAO_4734-10,São Paulo,3550308,True,,1109,,,-23.6411645,-46.610744,,,,1,2023-06-19T16:11:14+00:00
SAO_4734-10,São Paulo,3550308,True,,1109,,,-23.627274,-46.6191805,,,,1,2023-06-19T16:11:09+00:00
SAO_4734-10,São Paulo,3550308,True,,1109,,,-23.618497249999997,-46.6383035,,,,1,2023-06-19T16:11:13+00:00
SAO_4734-10,São Paulo,3550308,True,,1109,,,-23.6414715,-46.610838,,,,1,2023-06-19T16:11:37+00:00
SAO_4734-10,São Paulo,3550308,True,,1109,,,-23.647228249999998,-46.6136905,,,,1,2023-06-19T16:11:40+00:00
SAO_4734-10,São Paulo,3550308,True,,1109,,,-23.6414715,-46.610838,,,,1,2023-06-19T16:11:18+00:00
SAO_5752-10,São Paulo,3550308,True,,1287,,,-23.649483500000002,-46.646519,,,,1,2023-06-19T16:11:45+00:00
SAO_5752-10,São Paulo,3550308,True,,1287,,,-23.6762685,-46.6598835,,,,1,2023-06-19T16:11:44+00:00
SAO_5752-10,São Paulo,3550308,True,,1287,,,-23.671481999999997,-46.664284,,,,1,2023-06-19T16:11:32+00:00
SAO_5752-10,São Paulo,3550308,True,,1287,,,-23.6908785,-46.6505535,,,,1,2023-06-19T16:11:19+00:00
SAO_5752-10,São Paulo,3550308,True,,1287,,,-23.6357005,-46.6410195,,,,1,2023-06-19T16:11:22+00:00
SAO_5752-10,São Paulo,3550308,True,,1287,,,-23.690883999999997,-46.6502995,,,,1,2023-06-19T16:11:22+00:00
SAO_5752-10,São Paulo,3550308,True,,1287,,,-23.6908765,-46.650728,,,,1,2023-06-19T16:11:14+00:00
SAO_5752-10,São Paulo,3550308,True,,1287,,,-23.662488500000002,-46.665364749999995,,,,1,2023-06-19T16:11:39+00:00
SAO_5752-10,São Paulo,3550308,True,,1287,,,-23.6908765,-46.650728,,,,1,2023-06-19T16:11:02+00:00
SAO_5752-10,São Paulo,3550308,True,,1287,,,-23.6908785,-46.6505535,,,,1,2023-06-19T16:11:01+00:00
SAO_875P-10,São Paulo,3550308,True,,34109,,,-23.528633499999998,-46.660990999999996,,,,2,2023-06-19T16:11:31+00:00
SAO_875P-10,São Paulo,3550308,True,,34109,,,-23.5266405,-46.6655205,,,,2,2023-06-19T16:11:02+00:00
SAO_875P-10,São Paulo,3550308,True,,34109,,,-23.578726,-46.6400045,,,,2,2023-06-19T16:11:05+00:00
SAO_875P-10,São Paulo,3550308,True,,34109,,,-23.56270025,-46.654886000000005,,,,2,2023-06-19T16:11:36+00:00
SAO_875P-10,São Paulo,3550308,True,,34109,,,-23.526521000000002,-46.665999,,,,2,2023-06-19T16:11:39+00:00
SAO_875P-10,São Paulo,3550308,True,,34109,,,-23.546066500000002,-46.673551,,,,2,2023-06-19T16:11:20+00:00
SAO_4030-10,São Paulo,3550308,True,,33868,,,-23.613519500000002,-46.4949385,,,,2,2023-06-19T16:11:16+00:00
SAO_4030-10,São Paulo,3550308,True,,33868,,,-23.615775499999998,-46.488022,,,,2,2023-06-19T16:11:14+00:00
SAO_4030-10,São Paulo,3550308,True,,33868,,,-23.5722175,-46.50602175,,,,2,2023-06-19T16:11:34+00:00
SAO_4030-10,São Paulo,3550308,True,,33868,,,-23.61519175,-46.48790975,,,,2,2023-06-19T16:11:11+00:00
SAO_4030-10,São Paulo,3550308,True,,33868,,,-23.603309749999998,-46.4819175,,,,2,2023-06-19T16:11:16+00:00
SAO_4030-10,São Paulo,3550308,True,,33868,,,-23.61519175,-46.48790975,,,,2,2023-06-19T16:11:37+00:00
SAO_607M-10,São Paulo,3550308,True,,2036,,,-23.6136575,-46.6956995,,,,1,2023-06-19T16:11:14+00:00
SAO_607M-10,São Paulo,3550308,True,,2036,,,-23.735712499999998,-46.69611125,,,,1,2023-06-19T16:11:30+00:00
SAO_607M-10,São Paulo,3550308,True,,2036,,,-23.6807795,-46.705739,,,,1,2023-06-19T16:09:24+00:00
SAO_607M-10,São Paulo,3550308,True,,2036,,,-23.736846,-46.697306499999996,,,,1,2023-06-19T16:11:34+00:00
SAO_6505-10,São Paulo,3550308,True,,1450,,,-23.668707,-46.7352225,,,,1,2023-06-19T16:11:11+00:00
SAO_6505-10,São Paulo,3550308,True,,1450,,,-23.577149,-46.6711445,,,,1,2023-06-19T16:11:38+00:00
SAO_6505-10,São Paulo,3550308,True,,1450,,,-23.59107125,-46.672537500000004,,,,1,2023-06-19T16:11:01+00:00
SAO_6505-10,São Paulo,3550308,True,,1450,,,-23.668707,-46.7352225,,,,1,2023-06-19T16:11:33+00:00
SAO_6505-10,São Paulo,3550308,True,,1450,,,-23.666238125,-46.716864625,,,,1,2023-06-19T16:11:02+00:00
SAO_6505-10,São Paulo,3550308,True,,1450,,,-23.5960915,-46.6732855,,,,1,2023-06-19T16:11:45+00:00
SAO_6505-10,São Paulo,3550308,True,,1450,,,-23.610618,-46.6772225,,,,1,2023-06-19T16:11:41+00:00
SAO_6505-10,São Paulo,3550308,True,,1450,,,-23.578016750000003,-46.671012000000005,,,,1,2023-06-19T16:11:45+00:00
SAO_6505-10,São Paulo,3550308,True,,1450,,,-23.668707,-46.7352225,,,,1,2023-06-19T16:11:16+00:00
SAO_6505-10,São Paulo,3550308,True,,1450,,,-23.643728875,-46.699717500000006,,,,1,2023-06-19T16:11:15+00:00
SAO_2708-10,São Paulo,3550308,True,,921,,,-23.537467,-46.455077,,,,1,2023-06-19T16:02:55+00:00
SAO_2708-10,São Paulo,3550308,True,,921,,,-23.530247000000003,-46.444227,,,,1,2023-06-19T16:09:00+00:00
SAO_2708-10,São Paulo,3550308,True,,921,,,-23.535082000000003,-46.454484,,,,1,2023-06-19T16:11:41+00:00
SAO_2708-10,São Paulo,3550308,True,,921,,,-23.523727,-46.417736500000004,,,,1,2023-06-19T16:11:13+00:00
SAO_971X-10,São Paulo,3550308,True,,1695,,,-23.4747695,-46.669715,,,,1,2023-06-19T16:11:20+00:00
SAO_971X-10,São Paulo,3550308,True,,1695,,,-23.4747695,-46.669715,,,,1,2023-06-19T16:11:41+00:00
SAO_971X-10,São Paulo,3550308,True,,1695,,,-23.4798945,-46.658268500000005,,,,1,2023-06-19T16:11:22+00:00
SAO_971X-10,São Paulo,3550308,True,,1695,,,-23.50030975,-46.637405375,,,,1,2023-06-19T16:11:06+00:00
SAO_971X-10,São Paulo,3550308,True,,1695,,,-23.500198500000003,-46.63118025,,,,1,2023-06-19T16:11:34+00:00
SAO_971X-10,São Paulo,3550308,True,,1695,,,-23.4747695,-46.669715,,,,1,2023-06-19T16:11:10+00:00
SAO_971X-10,São Paulo,3550308,True,,1695,,,-23.492256,-46.64908825,,,,1,2023-06-19T16:10:42+00:00
SAO_8021-10,São Paulo,3550308,True,,34841,,,-23.577069,-46.7659285,,,,2,2023-06-19T16:11:03+00:00
SAO_8021-10,São Paulo,3550308,True,,34841,,,-23.5751815,-46.739963,,,,2,2023-06-19T16:11:35+00:00
SAO_5705-10,São Paulo,3550308,True,,1657,,,-23.6035625,-46.6026665,,,,1,2023-06-19T16:11:26+00:00
SAO_5705-10,São Paulo,3550308,True,,1657,,,-23.60347625,-46.6025595,,,,1,2023-06-19T16:11:36+00:00
SAO_5705-10,São Paulo,3550308,True,,1657,,,-23.587937,-46.6312615,,,,1,2023-06-19T16:11:33+00:00
SAO_5035-10,São Paulo,3550308,True,,1668,,,-23.6220165,-46.596171999999996,,,,1,2023-06-19T16:11:08+00:00
SAO_5035-10,São Paulo,3550308,True,,1668,,,-23.6028555,-46.60199,,,,1,2023-06-19T16:11:26+00:00
SAO_5035-10,São Paulo,3550308,True,,1668,,,-23.637237,-46.5923005,,,,1,2023-06-19T16:11:26+00:00
SAO_5035-10,São Paulo,3550308,True,,1668,,,-23.6331075,-46.586778499999994,,,,1,2023-06-19T16:11:43+00:00
SAO_5035-10,São Paulo,3550308,True,,1668,,,-23.637237,-46.5923005,,,,1,2023-06-19T16:11:30+00:00
SAO_5012-10,São Paulo,3550308,True,,1116,,,-23.7097155,-46.6354455,,,,1,2023-06-19T16:11:21+00:00
SAO_5012-10,São Paulo,3550308,True,,1116,,,-23.676444,-46.6418475,,,,1,2023-06-19T16:11:40+00:00
SAO_5012-10,São Paulo,3550308,True,,1116,,,-23.6889705,-46.63420825,,,,1,2023-06-19T16:11:01+00:00
SAO_5012-10,São Paulo,3550308,True,,1116,,,-23.7097155,-46.6354455,,,,1,2023-06-19T16:11:41+00:00
SAO_5012-10,São Paulo,3550308,True,,1116,,,-23.7081095,-46.629003999999995,,,,1,2023-06-19T16:11:08+00:00
SAO_5012-10,São Paulo,3550308,True,,1116,,,-23.7097155,-46.6354455,,,,1,2023-06-19T16:11:13+00:00
SAO_5012-10,São Paulo,3550308,True,,1116,,,-23.7097155,-46.6354455,,,,1,2023-06-19T16:11:18+00:00
SAO_5012-10,São Paulo,3550308,True,,1116,,,-23.7097155,-46.6354455,,,,1,2023-06-19T16:11:08+00:00
SAO_5012-10,São Paulo,3550308,True,,1116,,,-23.699294000000002,-46.641116499999995,,,,1,2023-06-19T16:07:58+00:00
SAO_5012-10,São Paulo,3550308,True,,1116,,,-23.7105085,-46.637449000000004,,,,1,2023-06-19T16:08:58+00:00
SAO_5012-10,São Paulo,3550308,True,,1116,,,-23.700035,-46.6416945,,,,1,2023-06-19T16:11:30+00:00
SAO_5012-10,São Paulo,3550308,True,,1116,,,-23.669490500000002,-46.636618,,,,1,2023-06-19T16:11:33+00:00
SAO_637J-10,São Paulo,3550308,True,EMTU,103,https://moovitapp.com/index/pt-br/transporte_p%C3%BAblico-line-103-Sao_Paulo-242-2038937-36419266-0,5.1,-23.664663500000003,-46.69089700000001,,,,1,2023-06-19T16:11:27+00:00
SAO_637J-10,São Paulo,3550308,True,EMTU,103,https://moovitapp.com/index/pt-br/transporte_p%C3%BAblico-line-103-Sao_Paulo-242-2038937-36419266-0,5.1,-23.584525624999998,-46.674397875,,,,1,2023-06-19T16:11:01+00:00
SAO_637J-10,São Paulo,3550308,True,EMTU,103,https://moovitapp.com/index/pt-br/transporte_p%C3%BAblico-line-103-Sao_Paulo-242-2038937-36419266-0,5.1,-23.63400175,-46.692955749999996,,,,1,2023-06-19T16:11:32+00:00
SAO_637J-10,São Paulo,3550308,True,EMTU,103,https://moovitapp.com/index/pt-br/transporte_p%C3%BAblico-line-103-Sao_Paulo-242-2038937-36419266-0,5.1,-23.6622935,-46.69279,,,,1,2023-06-19T16:11:40+00:00
SAO_637J-10,São Paulo,3550308,True,EMTU,103,https://moovitapp.com/index/pt-br/transporte_p%C3%BAblico-line-103-Sao_Paulo-242-2038937-36419266-0,5.1,-23.5656375,-46.694454,,,,1,2023-06-19T16:11:37+00:00
SAO_637J-10,São Paulo,3550308,True,EMTU,103,https://moovitapp.com/index/pt-br/transporte_p%C3%BAblico-line-103-Sao_Paulo-242-2038937-36419266-0,5.1,-23.698259999999998,-46.700607500000004,,,,1,2023-06-19T16:10:35+00:00
SAO_637J-10,São Paulo,3550308,True,EMTU,103,https://moovitapp.com/index/pt-br/transporte_p%C3%BAblico-line-103-Sao_Paulo-242-2038937-36419266-0,5.1,-23.622873750000004,-46.6848195,,,,1,2023-06-19T16:11:38+00:00
SAO_637J-10,São Paulo,3550308,True,EMTU,103,https://moovitapp.com/index/pt-br/transporte_p%C3%BAblico-line-103-Sao_Paulo-242-2038937-36419266-0,5.1,-23.737052499999997,-46.710246,,,,1,2023-06-19T16:11:12+00:00
SAO_8078-10,São Paulo,3550308,True,,2080,,,-23.6254505,-46.7479555,,,,1,2023-06-19T16:11:06+00:00
SAO_8078-10,São Paulo,3550308,True,,2080,,,-23.640798500000002,-46.7615625,,,,1,2023-06-19T16:11:18+00:00
SAO_8078-10,São Paulo,3550308,True,,2080,,,-23.6254505,-46.7479555,,,,1,2023-06-19T16:11:41+00:00
SAO_8078-10,São Paulo,3550308,True,,2080,,,-23.6246985,-46.749353,,,,1,2023-06-19T16:06:22+00:00
SAO_8078-10,São Paulo,3550308,True,,2080,,,-23.6254505,-46.7479555,,,,1,2023-06-19T16:11:22+00:00
SAO_6076-10,São Paulo,3550308,True,,1165,,,-23.653924375,-46.71180125000001,,,,1,2023-06-19T16:11:10+00:00
SAO_6076-10,São Paulo,3550308,True,,1165,,,-23.653958125,-46.712061750000004,,,,1,2023-06-19T16:11:28+00:00
SAO_6076-10,São Paulo,3550308,True,,1165,,,-23.733597500000002,-46.676829,,,,1,2023-06-19T16:11:09+00:00
SAO_6076-10,São Paulo,3550308,True,,1165,,,-23.733597500000002,-46.676829,,,,1,2023-06-19T16:11:13+00:00
SAO_6076-10,São Paulo,3550308,True,,1165,,,-23.66985675,-46.711535999999995,,,,1,2023-06-19T16:11:31+00:00
SAO_6076-10,São Paulo,3550308,True,,1165,,,-23.687719,-46.701953,,,,1,2023-06-19T16:11:11+00:00
SAO_6116-10,São Paulo,3550308,True,,33954,,,-23.755624,-46.657882,,,,2,2023-06-19T16:11:18+00:00
SAO_6116-10,São Paulo,3550308,True,,33954,,,-23.75569,-46.657614,,,,2,2023-06-19T16:11:20+00:00
SAO_6116-10,São Paulo,3550308,True,,33954,,,-23.7387765,-46.6917775,,,,2,2023-06-19T16:11:04+00:00
SAO_6116-10,São Paulo,3550308,True,,33954,,,-23.75569,-46.657614,,,,2,2023-06-19T16:11:15+00:00
SAO_6116-10,São Paulo,3550308,True,,33954,,,-23.7529825,-46.682478,,,,2,2023-06-19T16:11:34+00:00
SAO_707A-10,São Paulo,3550308,True,,1990,,,-23.637275250000002,-46.693982500000004,,,,1,2023-06-19T16:11:19+00:00
SAO_707A-10,São Paulo,3550308,True,,1990,,,-23.620864875000002,-46.678376,,,,1,2023-06-19T16:11:42+00:00
SAO_707A-10,São Paulo,3550308,True,,1990,,,-23.6873875,-46.771598,,,,1,2023-06-19T16:11:18+00:00
SAO_707A-10,São Paulo,3550308,True,,1990,,,-23.6727695,-46.743559000000005,,,,1,2023-06-19T16:11:21+00:00
SAO_707A-10,São Paulo,3550308,True,,1990,,,-23.606165999999998,-46.658534,,,,1,2023-06-19T16:11:30+00:00
SAO_707A-10,São Paulo,3550308,True,,1990,,,-23.666170625,-46.716131125,,,,1,2023-06-19T16:11:34+00:00
SAO_707A-10,São Paulo,3550308,True,,1990,,,-23.61449,-46.6723805,,,,1,2023-06-19T16:11:00+00:00
SAO_707A-10,São Paulo,3550308,True,,1990,,,-23.61243275,-46.6704415,,,,1,2023-06-19T16:11:19+00:00
SAO_707A-10,São Paulo,3550308,True,,1990,,,-23.606427375,-46.659718375,,,,1,2023-06-19T16:11:10+00:00
SAO_707A-10,São Paulo,3550308,True,,1990,,,-23.606549,-46.6648885,,,,1,2023-06-19T16:11:41+00:00
SAO_707A-10,São Paulo,3550308,True,,1990,,,-23.608770999999997,-46.666966375,,,,1,2023-06-19T16:11:34+00:00
SAO_707A-10,São Paulo,3550308,True,,1990,,,-23.6109875,-46.637339499999996,,,,1,2023-06-19T16:11:42+00:00
SAO_707A-10,São Paulo,3550308,True,,1990,,,-23.666105625,-46.71542975,,,,1,2023-06-19T16:11:45+00:00
SAO_3112-10,São Paulo,3550308,True,,1080,,,-23.6105545,-46.529823500000006,,,,1,2023-06-19T16:11:15+00:00
SAO_3112-10,São Paulo,3550308,True,,1080,,,-23.5799505,-46.57013499999999,,,,1,2023-06-19T16:11:19+00:00
SAO_3112-10,São Paulo,3550308,True,,1080,,,-23.6014815,-46.5327255,,,,1,2023-06-19T16:11:05+00:00
SAO_3112-10,São Paulo,3550308,True,,1080,,,-23.54482225,-46.58801925,,,,1,2023-06-19T16:11:36+00:00
SAO_3112-10,São Paulo,3550308,True,,1080,,,-23.6105545,-46.529823500000006,,,,1,2023-06-19T16:11:27+00:00
SAO_3112-10,São Paulo,3550308,True,,1080,,,-23.584137,-46.581708000000006,,,,1,2023-06-19T16:11:40+00:00
SAO_3112-10,São Paulo,3550308,True,,1080,,,-23.562038,-46.598217000000005,,,,1,2023-06-19T16:11:14+00:00
SAO_7281-10,São Paulo,3550308,True,,34102,,,-23.5216575,-46.7021335,,,,2,2023-06-19T16:11:33+00:00
SAO_7281-10,São Paulo,3550308,True,,34102,,,-23.521662,-46.701854,,,,2,2023-06-19T16:11:41+00:00
SAO_7281-10,São Paulo,3550308,True,,34102,,,-23.552127999999996,-46.675418875,,,,2,2023-06-19T16:11:07+00:00
SAO_7281-10,São Paulo,3550308,True,,34102,,,-23.5216575,-46.7021335,,,,2,2023-06-19T16:11:35+00:00
SAO_7281-10,São Paulo,3550308,True,,34102,,,-23.5431735,-46.6386955,,,,2,2023-06-19T16:11:37+00:00
SAO_9002-10,São Paulo,3550308,True,,33638,,,-23.458032000000003,-46.671023,,,,2,2023-06-19T16:11:21+00:00
SAO_9002-10,São Paulo,3550308,True,,33638,,,-23.4755645,-46.670407,,,,2,2023-06-19T16:11:20+00:00
SAO_9002-10,São Paulo,3550308,True,,33638,,,-23.4549755,-46.673818,,,,2,2023-06-19T16:11:21+00:00
SAO_9002-10,São Paulo,3550308,True,,33638,,,-23.4580655,-46.671398499999995,,,,2,2023-06-19T16:11:15+00:00
SAO_6038-10,São Paulo,3550308,True,,33984,,,-23.6578735,-46.7897725,,,,2,2023-06-19T16:11:07+00:00
SAO_6038-10,São Paulo,3550308,True,,33984,,,-23.658400999999998,-46.78931475,,,,2,2023-06-19T16:11:43+00:00
SAO_6038-10,São Paulo,3550308,True,,33984,,,-23.6495615,-46.707459,,,,2,2023-06-19T16:11:22+00:00
SAO_6038-10,São Paulo,3550308,True,,33984,,,-23.6673555,-46.787695,,,,2,2023-06-19T16:11:45+00:00
SAO_6038-10,São Paulo,3550308,True,,33984,,,-23.646858125,-46.707122125,,,,2,2023-06-19T16:11:26+00:00
SAO_6038-10,São Paulo,3550308,True,,33984,,,-23.644235,-46.7446555,,,,2,2023-06-19T16:11:24+00:00
SAO_175P-10,São Paulo,3550308,True,,33443,,,-23.5002585,-46.6347935,,,,2,2023-06-19T16:11:35+00:00
SAO_175P-10,São Paulo,3550308,True,,33443,,,-23.575709,-46.641225000000006,,,,2,2023-06-19T16:11:27+00:00
SAO_175P-10,São Paulo,3550308,True,,33443,,,-23.54004475,-46.66994724999999,,,,2,2023-06-19T16:11:41+00:00
SAO_175P-10,São Paulo,3550308,True,,33443,,,-23.526954000000003,-46.66067625,,,,2,2023-06-19T16:11:14+00:00
SAO_175P-10,São Paulo,3550308,True,,33443,,,-23.5852253125,-46.636866312500004,,,,2,2023-06-19T16:11:34+00:00
SAO_175P-10,São Paulo,3550308,True,,33443,,,-23.5863984375,-46.6361194375,,,,2,2023-06-19T16:11:06+00:00
SAO_175P-10,São Paulo,3550308,True,,33443,,,-23.559489125,-46.658570499999996,,,,2,2023-06-19T16:11:33+00:00
SAO_175P-10,São Paulo,3550308,True,,33443,,,-23.502966999999998,-46.6260415,,,,2,2023-06-19T16:11:35+00:00
SAO_2734-10,São Paulo,3550308,True,,34528,,,-23.505355,-46.426021500000004,,,,2,2023-06-19T16:11:05+00:00
SAO_2734-10,São Paulo,3550308,True,,34528,,,-23.521563,-46.4426645,,,,2,2023-06-19T16:08:25+00:00
SAO_2734-10,São Paulo,3550308,True,,34528,,,-23.512508250000003,-46.40890675,,,,2,2023-06-19T16:11:28+00:00
SAO_2734-10,São Paulo,3550308,True,,34528,,,-23.541961999999998,-46.470873,,,,2,2023-06-19T16:11:07+00:00
SAO_2734-10,São Paulo,3550308,True,,34528,,,-23.52739625,-46.445774,,,,2,2023-06-19T16:11:45+00:00
SAO_271A-51,São Paulo,3550308,True,,33471,,,-23.524431749999998,-46.551324125,,,,2,2023-06-19T16:11:41+00:00
SAO_271A-51,São Paulo,3550308,True,,33471,,,-23.50001,-46.5931085,,,,2,2023-06-19T16:11:18+00:00
SAO_271A-51,São Paulo,3550308,True,,33471,,,-23.5217745,-46.56314475,,,,2,2023-06-19T16:11:05+00:00
SAO_271A-51,São Paulo,3550308,True,,33471,,,-23.4979085,-46.514503000000005,,,,2,2023-06-19T16:11:20+00:00
SAO_271A-51,São Paulo,3550308,True,,33471,,,-23.50225,-46.623670000000004,,,,2,2023-06-19T16:11:00+00:00
SAO_271A-51,São Paulo,3550308,True,,33471,,,-23.50225,-46.623670000000004,,,,2,2023-06-19T16:11:36+00:00
SAO_373T-10,São Paulo,3550308,True,,33859,,,-23.562040500000002,-46.598383,,,,2,2023-06-19T16:11:45+00:00
SAO_373T-10,São Paulo,3550308,True,,33859,,,-23.58588575,-46.536795999999995,,,,2,2023-06-19T16:11:03+00:00
SAO_373T-10,São Paulo,3550308,True,,33859,,,-23.594428,-46.498395,,,,2,2023-06-19T16:11:31+00:00
SAO_373T-10,São Paulo,3550308,True,,33859,,,-23.5676275,-46.5907755,,,,2,2023-06-19T16:11:26+00:00
SAO_373T-10,São Paulo,3550308,True,,33859,,,-23.5849375,-46.523821,,,,2,2023-06-19T16:11:02+00:00
SAO_373T-10,São Paulo,3550308,True,,33859,,,-23.5941885,-46.498267,,,,2,2023-06-19T16:11:01+00:00
SAO_373T-10,São Paulo,3550308,True,,33859,,,-23.58297475,-46.5681515,,,,2,2023-06-19T16:11:36+00:00
SAO_373T-10,São Paulo,3550308,True,,33859,,,-23.5941885,-46.498267,,,,2,2023-06-19T16:11:20+00:00
SAO_373T-10,São Paulo,3550308,True,,33859,,,-23.586758500000002,-46.544669,,,,2,2023-06-19T16:11:33+00:00
SAO_373T-10,São Paulo,3550308,True,,33859,,,-23.5941885,-46.498267,,,,2,2023-06-19T16:11:44+00:00
SAO_373T-10,São Paulo,3550308,True,,33859,,,-23.596735000000002,-46.5008875,,,,2,2023-06-19T16:11:39+00:00
SAO_373T-10,São Paulo,3550308,True,,33859,,,-23.5941885,-46.498267,,,,2,2023-06-19T16:11:05+00:00
SAO_373T-10,São Paulo,3550308,True,,33859,,,-23.5469055,-46.6063945,,,,2,2023-06-19T16:11:30+00:00
SAO_373T-10,São Paulo,3550308,True,,33859,,,-23.5964545,-46.501602500000004,,,,2,2023-06-19T16:11:12+00:00
SAO_1726-10,São Paulo,3550308,True,,34171,,,-23.435107000000002,-46.566191,,,,2,2023-06-19T16:11:08+00:00
SAO_1726-10,São Paulo,3550308,True,,34171,,,-23.484941375000002,-46.61561025,,,,2,2023-06-19T16:11:00+00:00
SAO_1726-10,São Paulo,3550308,True,,34171,,,-23.438251,-46.57418,,,,2,2023-06-19T16:10:15+00:00
SAO_1726-10,São Paulo,3550308,True,,34171,,,-23.458708,-46.6023755,,,,2,2023-06-19T16:10:30+00:00
SAO_1726-10,São Paulo,3550308,True,,34171,,,-23.5020595,-46.6229275,,,,2,2023-06-19T16:11:10+00:00
SAO_978T-10,São Paulo,3550308,True,,33657,,,-23.461289,-46.6872475,,,,2,2023-06-19T16:11:07+00:00
SAO_978T-10,São Paulo,3550308,True,,33657,,,-23.471965,-46.6916,,,,2,2023-06-19T16:11:15+00:00
SAO_978T-10,São Paulo,3550308,True,,33657,,,-23.461351,-46.6872735,,,,2,2023-06-19T16:11:29+00:00
SAO_978T-10,São Paulo,3550308,True,,33657,,,-23.507077375,-46.689163875000006,,,,2,2023-06-19T16:11:26+00:00
SAO_978T-10,São Paulo,3550308,True,,33657,,,-23.461351,-46.6872735,,,,2,2023-06-19T16:11:30+00:00
SAO_978T-10,São Paulo,3550308,True,,33657,,,-23.486565,-46.692606749999996,,,,2,2023-06-19T16:11:11+00:00
SAO_978T-10,São Paulo,3550308,True,,33657,,,-23.526267500000003,-46.667531499999996,,,,2,2023-06-19T16:11:00+00:00
SAO_978T-10,São Paulo,3550308,True,,33657,,,-23.5287925,-46.6790405,,,,2,2023-06-19T16:11:30+00:00
SAO_978T-10,São Paulo,3550308,True,,33657,,,-23.4731455,-46.690348,,,,2,2023-06-19T16:11:22+00:00
SAO_978T-10,São Paulo,3550308,True,,33657,,,-23.519864499999997,-46.700969,,,,2,2023-06-19T16:11:33+00:00
SAO_978T-10,São Paulo,3550308,True,,33657,,,-23.463317500000002,-46.7012855,,,,2,2023-06-19T16:11:23+00:00
SAO_978T-10,São Paulo,3550308,True,,33657,,,-23.526267500000003,-46.667531499999996,,,,2,2023-06-19T16:11:33+00:00
SAO_978T-10,São Paulo,3550308,True,,33657,,,-23.475637,-46.690592249999995,,,,2,2023-06-19T16:10:59+00:00
SAO_978T-10,São Paulo,3550308,True,,33657,,,-23.461289,-46.6872475,,,,2,2023-06-19T16:11:03+00:00
SAO_978T-10,São Paulo,3550308,True,,33657,,,-23.5262475,-46.682373,,,,2,2023-06-19T16:11:12+00:00
SAO_978T-10,São Paulo,3550308,True,,33657,,,-23.5263975,-46.682272999999995,,,,2,2023-06-19T16:11:28+00:00
SAO_978T-10,São Paulo,3550308,True,,33657,,,-23.479735500000004,-46.69134149999999,,,,2,2023-06-19T16:11:32+00:00
SAO_978T-10,São Paulo,3550308,True,,33657,,,-23.5265825,-46.6727935,,,,2,2023-06-19T16:11:08+00:00
SAO_856R-10,São Paulo,3550308,True,,1428,,,-23.598398500000002,-46.6740135,,,,1,2023-06-19T16:11:23+00:00
SAO_856R-10,São Paulo,3550308,True,,1428,,,-23.644555000000004,-46.701621375,,,,1,2023-06-19T16:11:30+00:00
SAO_856R-10,São Paulo,3550308,True,,1428,,,-23.669865,-46.719399249999995,,,,1,2023-06-19T16:11:11+00:00
SAO_856R-10,São Paulo,3550308,True,,1428,,,-23.521862,-46.6976475,,,,1,2023-06-19T16:11:18+00:00
SAO_856R-10,São Paulo,3550308,True,,1428,,,-23.524847625,-46.689755125,,,,1,2023-06-19T16:11:28+00:00
SAO_856R-10,São Paulo,3550308,True,,1428,,,-23.53428325,-46.689308249999996,,,,1,2023-06-19T16:11:20+00:00
SAO_856R-10,São Paulo,3550308,True,,1428,,,-23.6455691875,-46.702333749999994,,,,1,2023-06-19T16:11:07+00:00
SAO_856R-10,São Paulo,3550308,True,,1428,,,-23.667091250000002,-46.71280974999999,,,,1,2023-06-19T16:10:48+00:00
SAO_856R-10,São Paulo,3550308,True,,1428,,,-23.5841865,-46.683443,,,,1,2023-06-19T16:11:42+00:00
SAO_856R-10,São Paulo,3550308,True,,1428,,,-23.521862,-46.6976475,,,,1,2023-06-19T16:11:34+00:00
SAO_856R-10,São Paulo,3550308,True,,1428,,,-23.669694,-46.71912525,,,,1,2023-06-19T16:11:19+00:00
SAO_856R-10,São Paulo,3550308,True,,1428,,,-23.669646,-46.718458,,,,1,2023-06-19T16:11:20+00:00
SAO_856R-10,São Paulo,3550308,True,,1428,,,-23.559673375000003,-46.685034875,,,,1,2023-06-19T16:11:00+00:00
SAO_856R-10,São Paulo,3550308,True,,1428,,,-23.670057,-46.71970575,,,,1,2023-06-19T16:11:43+00:00
SAO_856R-10,São Paulo,3550308,True,,1428,,,-23.5857885,-46.6823865,,,,1,2023-06-19T16:11:32+00:00
SAO_4115-10,São Paulo,3550308,True,,33090,,,-23.563146,-46.620899249999994,,,,2,2023-06-19T16:11:16+00:00
SAO_7002-10,São Paulo,3550308,True,,33540,,,-23.584936,-46.76209,,,,2,2023-06-19T16:11:23+00:00
SAO_7002-10,São Paulo,3550308,True,,33540,,,-23.572367,-46.7087345,,,,2,2023-06-19T16:11:03+00:00
SAO_7002-10,São Paulo,3550308,True,,33540,,,-23.590518,-46.76971475,,,,2,2023-06-19T16:11:07+00:00
SAO_7002-10,São Paulo,3550308,True,,33540,,,-23.557004,-46.680627375,,,,2,2023-06-19T16:11:14+00:00
SAO_7002-10,São Paulo,3550308,True,,33540,,,-23.5915405,-46.754542,,,,2,2023-06-19T16:11:13+00:00
SAO_7002-10,São Paulo,3550308,True,,33540,,,-23.5763,-46.721344,,,,2,2023-06-19T16:11:36+00:00
SAO_7002-10,São Paulo,3550308,True,,33540,,,-23.590518,-46.76971475,,,,2,2023-06-19T16:11:17+00:00
SAO_7002-10,São Paulo,3550308,True,,33540,,,-23.56891275,-46.69930325,,,,2,2023-06-19T16:11:01+00:00
SAO_7002-10,São Paulo,3550308,True,,33540,,,-23.590518,-46.76971475,,,,2,2023-06-19T16:11:33+00:00
SAO_7002-10,São Paulo,3550308,True,,33540,,,-23.561513625000003,-46.68813725,,,,2,2023-06-19T16:11:24+00:00
SAO_7002-10,São Paulo,3550308,True,,33540,,,-23.590518,-46.76971475,,,,2,2023-06-19T16:11:32+00:00
SAO_2583-10,São Paulo,3550308,True,,33143,,,-23.507473,-46.480382,,,,2,2023-06-19T16:11:44+00:00
SAO_2583-10,São Paulo,3550308,True,,33143,,,-23.510439249999997,-46.42165275,,,,2,2023-06-19T16:11:33+00:00
SAO_2583-10,São Paulo,3550308,True,,33143,,,-23.510611750000002,-46.42148025,,,,2,2023-06-19T16:11:28+00:00
SAO_2127-10,São Paulo,3550308,True,,33461,,,-23.5551553125,-46.6342668125,,,,2,2023-06-19T16:11:00+00:00
SAO_2127-10,São Paulo,3550308,True,,33461,,,-23.50631625,-46.59672425,,,,2,2023-06-19T16:09:12+00:00
SAO_2127-10,São Paulo,3550308,True,,33461,,,-23.478293,-46.56974099999999,,,,2,2023-06-19T16:11:26+00:00
SAO_2127-10,São Paulo,3550308,True,,33461,,,-23.543049125,-46.61677125,,,,2,2023-06-19T16:11:34+00:00
SAO_2127-10,São Paulo,3550308,True,,33461,,,-23.478431,-46.570043,,,,2,2023-06-19T16:11:10+00:00
SAO_2127-10,São Paulo,3550308,True,,33461,,,-23.48941525,-46.571597749999995,,,,2,2023-06-19T16:11:22+00:00
SAO_2127-10,São Paulo,3550308,True,,33461,,,-23.478293,-46.56974099999999,,,,2,2023-06-19T16:11:15+00:00
SAO_2127-10,São Paulo,3550308,True,,33461,,,-23.47858,-46.570366,,,,2,2023-06-19T16:11:27+00:00
SAO_3054-10,São Paulo,3550308,True,,975,,,-23.595496625000003,-46.43816737499999,,,,1,2023-06-19T16:11:13+00:00
SAO_3054-10,São Paulo,3550308,True,,975,,,-23.60273375,-46.490188,,,,1,2023-06-19T16:11:24+00:00
SAO_3054-10,São Paulo,3550308,True,,975,,,-23.609925,-46.407969,,,,1,2023-06-19T16:11:29+00:00
SAO_3054-10,São Paulo,3550308,True,,975,,,-23.609925,-46.407969,,,,1,2023-06-19T16:11:18+00:00
SAO_3054-10,São Paulo,3550308,True,,975,,,-23.609925,-46.407969,,,,1,2023-06-19T16:11:09+00:00
SAO_3054-10,São Paulo,3550308,True,,975,,,-23.61071875,-46.49325225,,,,1,2023-06-19T16:11:19+00:00
SAO_3054-10,São Paulo,3550308,True,,975,,,-23.606632750000003,-46.47912375,,,,1,2023-06-19T16:11:14+00:00
SAO_312N-10,São Paulo,3550308,True,,33758,,,-23.542768,-46.41466525,,,,2,2023-06-19T16:11:28+00:00
SAO_312N-10,São Paulo,3550308,True,,33758,,,-23.510995,-46.416292999999996,,,,2,2023-06-19T16:10:56+00:00
SAO_312N-10,São Paulo,3550308,True,,33758,,,-23.570199,-46.4068795,,,,2,2023-06-19T16:11:39+00:00
SAO_312N-10,São Paulo,3550308,True,,33758,,,-23.491016,-46.441969,,,,2,2023-06-19T16:11:08+00:00
SAO_312N-10,São Paulo,3550308,True,,33758,,,-23.491016,-46.441969,,,,2,2023-06-19T16:11:38+00:00
SAO_312N-10,São Paulo,3550308,True,,33758,,,-23.491016,-46.441969,,,,2,2023-06-19T16:11:12+00:00
SAO_312N-10,São Paulo,3550308,True,,33758,,,-23.494494000000003,-46.42503775,,,,2,2023-06-19T16:11:36+00:00
SAO_312N-10,São Paulo,3550308,True,,33758,,,-23.568796,-46.406412,,,,2,2023-06-19T16:11:11+00:00
SAO_312N-10,São Paulo,3550308,True,,33758,,,-23.4909655,-46.442477499999995,,,,2,2023-06-19T16:11:31+00:00
SAO_312N-10,São Paulo,3550308,True,,33758,,,-23.58308,-46.408871000000005,,,,2,2023-06-19T16:11:12+00:00
SAO_312N-10,São Paulo,3550308,True,,33758,,,-23.491016,-46.441969,,,,2,2023-06-19T16:11:38+00:00
SAO_312N-10,São Paulo,3550308,True,,33758,,,-23.520456,-46.399798000000004,,,,2,2023-06-19T16:11:41+00:00
SAO_312N-10,São Paulo,3550308,True,,33758,,,-23.491016,-46.441969,,,,2,2023-06-19T16:11:33+00:00
SAO_807M-10,São Paulo,3550308,True,,1916,,,-23.608897,-46.7516605,,,,1,2023-06-19T16:11:01+00:00
SAO_807M-10,São Paulo,3550308,True,,1916,,,-23.631579000000002,-46.772447,,,,1,2023-06-19T16:11:12+00:00
SAO_807M-10,São Paulo,3550308,True,,1916,,,-23.60352975,-46.712735249999994,,,,1,2023-06-19T16:11:44+00:00
SAO_807M-10,São Paulo,3550308,True,,1916,,,-23.6155355,-46.755827,,,,1,2023-06-19T16:11:17+00:00
SAO_2728-10,São Paulo,3550308,True,,943,,,-23.503370500000003,-46.515096,,,,1,2023-06-19T16:11:26+00:00
SAO_2728-10,São Paulo,3550308,True,,943,,,-23.5184955,-46.546330999999995,,,,1,2023-06-19T16:11:34+00:00
SAO_2728-10,São Paulo,3550308,True,,943,,,-23.533263499999997,-46.544112,,,,1,2023-06-19T16:11:32+00:00
SAO_2728-10,São Paulo,3550308,True,,943,,,-23.5014245,-46.512783,,,,1,2023-06-19T16:11:12+00:00
SAO_2728-10,São Paulo,3550308,True,,943,,,-23.5311575,-46.546392499999996,,,,1,2023-06-19T16:11:11+00:00
SAO_2728-10,São Paulo,3550308,True,,943,,,-23.505929000000002,-46.529818,,,,1,2023-06-19T16:11:08+00:00
SAO_5105-10,São Paulo,3550308,True,,34419,,,-23.5472265,-46.6288135,,,,2,2023-06-19T16:11:32+00:00
SAO_5105-10,São Paulo,3550308,True,,34419,,,-23.602994000000002,-46.602816000000004,,,,2,2023-06-19T16:11:35+00:00
SAO_5105-10,São Paulo,3550308,True,,34419,,,-23.5472265,-46.6288135,,,,2,2023-06-19T16:11:33+00:00
SAO_5105-10,São Paulo,3550308,True,,34419,,,-23.603226749999997,-46.60239175,,,,2,2023-06-19T16:10:58+00:00
SAO_5105-10,São Paulo,3550308,True,,34419,,,-23.603226749999997,-46.60239175,,,,2,2023-06-19T16:11:36+00:00
SAO_5105-10,São Paulo,3550308,True,,34419,,,-23.58226625,-46.599724625,,,,2,2023-06-19T16:11:32+00:00
SAO_5105-10,São Paulo,3550308,True,,34419,,,-23.5568113125,-46.6207148125,,,,2,2023-06-19T16:11:40+00:00
SAO_5791-10,São Paulo,3550308,True,,33375,,,-23.601159312500002,-46.636772375,,,,2,2023-06-19T16:11:08+00:00
SAO_5791-10,São Paulo,3550308,True,,33375,,,-23.71611,-46.6251865,,,,2,2023-06-19T16:11:11+00:00
SAO_5791-10,São Paulo,3550308,True,,33375,,,-23.714757499999997,-46.6282895,,,,2,2023-06-19T16:11:27+00:00
SAO_5791-10,São Paulo,3550308,True,,33375,,,-23.6310335,-46.64687,,,,2,2023-06-19T16:11:20+00:00
SAO_5791-10,São Paulo,3550308,True,,33375,,,-23.568452,-46.6399845,,,,2,2023-06-19T16:09:59+00:00
SAO_5791-10,São Paulo,3550308,True,,33375,,,-23.671428,-46.632262749999995,,,,2,2023-06-19T16:11:15+00:00
SAO_5791-10,São Paulo,3550308,True,,33375,,,-23.7159525,-46.6262445,,,,2,2023-06-19T16:11:39+00:00
SAO_5791-10,São Paulo,3550308,True,,33375,,,-23.699539,-46.646921,,,,2,2023-06-19T16:11:21+00:00
SAO_675N-10,São Paulo,3550308,True,,33130,,,-23.654868999999998,-46.715183874999994,,,,2,2023-06-19T16:11:14+00:00
SAO_675N-10,São Paulo,3550308,True,,33130,,,-23.61237275,-46.6955505,,,,2,2023-06-19T16:11:37+00:00
SAO_675N-10,São Paulo,3550308,True,,33130,,,-23.60508725,-46.6637195,,,,2,2023-06-19T16:11:09+00:00
SAO_675N-10,São Paulo,3550308,True,,33130,,,-23.584667500000002,-46.638297,,,,2,2023-06-19T16:11:41+00:00
SAO_675N-10,São Paulo,3550308,True,,33130,,,-23.600435125,-46.6789515,,,,2,2023-06-19T16:11:10+00:00
SAO_675N-10,São Paulo,3550308,True,,33130,,,-23.654868999999998,-46.715183874999994,,,,2,2023-06-19T16:11:22+00:00
SAO_675N-10,São Paulo,3550308,True,,33130,,,-23.628899249999996,-46.708391500000005,,,,2,2023-06-19T16:11:29+00:00
SAO_888P-10,São Paulo,3550308,True,EMTU,454,https://moovitapp.com/index/pt-br/transporte_p%C3%BAblico-line-454-Sao_Paulo-242-2038937-36419497-0,5.25,-23.443286,-46.7353445,,,,1,2023-06-19T16:11:06+00:00
SAO_888P-10,São Paulo,3550308,True,EMTU,454,https://moovitapp.com/index/pt-br/transporte_p%C3%BAblico-line-454-Sao_Paulo-242-2038937-36419497-0,5.25,-23.404404,-46.750664,,,,1,2023-06-19T16:11:11+00:00
SAO_888P-10,São Paulo,3550308,True,EMTU,454,https://moovitapp.com/index/pt-br/transporte_p%C3%BAblico-line-454-Sao_Paulo-242-2038937-36419497-0,5.25,-23.442721,-46.708179,,,,1,2023-06-19T16:11:43+00:00
SAO_888P-10,São Paulo,3550308,True,EMTU,454,https://moovitapp.com/index/pt-br/transporte_p%C3%BAblico-line-454-Sao_Paulo-242-2038937-36419497-0,5.25,-23.4093855,-46.7411825,,,,1,2023-06-19T16:11:29+00:00
SAO_2716-10,São Paulo,3550308,True,,929,,,-23.5194305,-46.535335,,,,1,2023-06-19T16:11:17+00:00
SAO_2716-10,São Paulo,3550308,True,,929,,,-23.531214625000004,-46.5462115,,,,1,2023-06-19T16:11:41+00:00
SAO_2716-10,São Paulo,3550308,True,,929,,,-23.508819,-46.53255,,,,1,2023-06-19T16:11:15+00:00
SAO_675P-10,São Paulo,3550308,True,STT,275,https://moovitapp.com/index/pt-br/transporte_p%C3%BAblico-line-275-Sao_Paulo-242-850661-183275-0,5.3,-23.67698475,-46.701097749999995,,,,1,2023-06-19T16:11:39+00:00
SAO_675P-10,São Paulo,3550308,True,STT,275,https://moovitapp.com/index/pt-br/transporte_p%C3%BAblico-line-275-Sao_Paulo-242-850661-183275-0,5.3,-23.6368035,-46.641181,,,,1,2023-06-19T16:11:19+00:00
SAO_675P-10,São Paulo,3550308,True,STT,275,https://moovitapp.com/index/pt-br/transporte_p%C3%BAblico-line-275-Sao_Paulo-242-850661-183275-0,5.3,-23.6494015,-46.670212125000006,,,,1,2023-06-19T16:11:02+00:00
SAO_6059-10,São Paulo,3550308,True,,33994,,,-23.6802975,-46.743245,,,,2,2023-06-19T16:11:14+00:00
SAO_6059-10,São Paulo,3550308,True,,33994,,,-23.6802505,-46.7430045,,,,2,2023-06-19T16:11:35+00:00
SAO_6059-10,São Paulo,3550308,True,,33994,,,-23.6595035,-46.73659675,,,,2,2023-06-19T16:11:36+00:00
SAO_6059-10,São Paulo,3550308,True,,33994,,,-23.648239,-46.7047745,,,,2,2023-06-19T16:11:07+00:00
SAO_6059-10,São Paulo,3550308,True,,33994,,,-23.634138999999998,-46.711743999999996,,,,2,2023-06-19T16:11:22+00:00
SAO_3112-10,São Paulo,3550308,True,,33848,,,-23.609657499999997,-46.52914749999999,,,,2,2023-06-19T16:11:39+00:00
SAO_3112-10,São Paulo,3550308,True,,33848,,,-23.565436,-46.5950435,,,,2,2023-06-19T16:11:45+00:00
SAO_3112-10,São Paulo,3550308,True,,33848,,,-23.60993,-46.529356,,,,2,2023-06-19T16:11:18+00:00
SAO_3112-10,São Paulo,3550308,True,,33848,,,-23.555212499999996,-46.596855,,,,2,2023-06-19T16:11:02+00:00
SAO_3112-10,São Paulo,3550308,True,,33848,,,-23.5785205,-46.574180750000004,,,,2,2023-06-19T16:11:19+00:00
SAO_3112-10,São Paulo,3550308,True,,33848,,,-23.591893749999997,-46.545722125,,,,2,2023-06-19T16:11:05+00:00
SAO_3112-10,São Paulo,3550308,True,,33848,,,-23.559562,-46.600145999999995,,,,2,2023-06-19T16:11:19+00:00
SAO_3112-10,São Paulo,3550308,True,,33848,,,-23.610093499999998,-46.5294835,,,,2,2023-06-19T16:11:07+00:00
SAO_3112-10,São Paulo,3550308,True,,33848,,,-23.601045,-46.5367575,,,,2,2023-06-19T16:11:07+00:00
SAO_695V-10,São Paulo,3550308,True,,32776,,,-23.582805,-46.6376355,,,,2,2023-06-19T16:11:18+00:00
SAO_695V-10,São Paulo,3550308,True,,32776,,,-23.618615625000004,-46.676413625,,,,2,2023-06-19T16:11:28+00:00
SAO_695V-10,São Paulo,3550308,True,,32776,,,-23.582805,-46.6376355,,,,2,2023-06-19T16:11:12+00:00
SAO_695V-10,São Paulo,3550308,True,,32776,,,-23.640248,-46.6968045,,,,2,2023-06-19T16:11:34+00:00
SAO_148L-10,São Paulo,3550308,True,EMTU,531,https://moovitapp.com/index/pt-br/transporte_p%C3%BAblico-line-531-Sao_Paulo-242-2038937-36419543-0,4.4,-23.454537,-46.6522975,,,,1,2023-06-19T16:11:34+00:00
SAO_148L-10,São Paulo,3550308,True,EMTU,531,https://moovitapp.com/index/pt-br/transporte_p%C3%BAblico-line-531-Sao_Paulo-242-2038937-36419543-0,4.4,-23.46127275,-46.65784375,,,,1,2023-06-19T16:11:05+00:00
SAO_148L-10,São Paulo,3550308,True,EMTU,531,https://moovitapp.com/index/pt-br/transporte_p%C3%BAblico-line-531-Sao_Paulo-242-2038937-36419543-0,4.4,-23.4976185,-46.6761645,,,,1,2023-06-19T16:10:59+00:00
SAO_148L-10,São Paulo,3550308,True,EMTU,531,https://moovitapp.com/index/pt-br/transporte_p%C3%BAblico-line-531-Sao_Paulo-242-2038937-36419543-0,4.4,-23.519864499999997,-46.700969,,,,1,2023-06-19T16:11:14+00:00
SAO_148L-10,São Paulo,3550308,True,EMTU,531,https://moovitapp.com/index/pt-br/transporte_p%C3%BAblico-line-531-Sao_Paulo-242-2038937-36419543-0,4.4,-23.474176999999997,-46.6497895,,,,1,2023-06-19T16:11:25+00:00
SAO_148L-10,São Paulo,3550308,True,EMTU,531,https://moovitapp.com/index/pt-br/transporte_p%C3%BAblico-line-531-Sao_Paulo-242-2038937-36419543-0,4.4,-23.50397675,-46.6840085,,,,1,2023-06-19T16:11:16+00:00
SAO_407E-10,São Paulo,3550308,True,,2215,,,-23.57687,-46.501094499999994,,,,1,2023-06-19T16:11:24+00:00
SAO_407E-10,São Paulo,3550308,True,,2215,,,-23.6335585,-46.4430015,,,,1,2023-06-19T16:11:31+00:00
SAO_407E-10,São Paulo,3550308,True,,2215,,,-23.622688250000003,-46.44883225,,,,1,2023-06-19T16:11:43+00:00
SAO_407E-10,São Paulo,3550308,True,,2215,,,-23.6317585,-46.44288425,,,,1,2023-06-19T16:11:11+00:00
SAO_407E-10,São Paulo,3550308,True,,2215,,,-23.54621475,-46.527711749999995,,,,1,2023-06-19T16:11:22+00:00
SAO_407E-10,São Paulo,3550308,True,,2215,,,-23.6335585,-46.4430015,,,,1,2023-06-19T16:11:01+00:00
SAO_407E-10,São Paulo,3550308,True,,2215,,,-23.535891999999997,-46.54736825,,,,1,2023-06-19T16:11:11+00:00
SAO_407E-10,São Paulo,3550308,True,,2215,,,-23.611494,-46.4658655,,,,1,2023-06-19T16:11:15+00:00
SAO_407E-10,São Paulo,3550308,True,,2215,,,-23.6335585,-46.4430015,,,,1,2023-06-19T16:11:39+00:00
SAO_407E-10,São Paulo,3550308,True,,2215,,,-23.6335585,-46.4430015,,,,1,2023-06-19T16:11:43+00:00
SAO_5290-10,São Paulo,3550308,True,,33365,,,-23.66116725,-46.637347000000005,,,,2,2023-06-19T16:11:44+00:00
SAO_5290-10,São Paulo,3550308,True,,33365,,,-23.5875825,-46.634795499999996,,,,2,2023-06-19T16:11:21+00:00
SAO_5290-10,São Paulo,3550308,True,,33365,,,-23.680952499999997,-46.636174499999996,,,,2,2023-06-19T16:11:21+00:00
SAO_5290-10,São Paulo,3550308,True,,33365,,,-23.61628075,-46.63880675,,,,2,2023-06-19T16:11:10+00:00
SAO_5290-10,São Paulo,3550308,True,,33365,,,-23.680852,-46.636013000000005,,,,2,2023-06-19T16:11:16+00:00
SAO_5290-10,São Paulo,3550308,True,,33365,,,-23.6676795,-46.636367,,,,2,2023-06-19T16:09:51+00:00
SAO_5290-10,São Paulo,3550308,True,,33365,,,-23.6810605,-46.6363105,,,,2,2023-06-19T16:11:33+00:00
SAO_5290-10,São Paulo,3550308,True,,33365,,,-23.645675250000004,-46.64110625,,,,2,2023-06-19T16:11:33+00:00
SAO_5290-10,São Paulo,3550308,True,,33365,,,-23.5565865,-46.6363625,,,,2,2023-06-19T16:11:06+00:00
SAO_8300-10,São Paulo,3550308,True,,1264,,,-23.5195885,-46.700672,,,,1,2023-06-19T16:11:37+00:00
SAO_8300-10,São Paulo,3550308,True,,1264,,,-23.5151495,-46.698710000000005,,,,1,2023-06-19T16:11:16+00:00
SAO_6960-10,São Paulo,3550308,True,,1443,,,-23.764966,-46.716643000000005,,,,1,2023-06-19T16:11:33+00:00
SAO_6960-10,São Paulo,3550308,True,,1443,,,-23.76735125,-46.717207,,,,1,2023-06-19T16:11:29+00:00
SAO_6960-10,São Paulo,3550308,True,,1443,,,-23.767961,-46.716508,,,,1,2023-06-19T16:11:28+00:00
SAO_6960-10,São Paulo,3550308,True,,1443,,,-23.766952500000002,-46.7161155,,,,1,2023-06-19T16:10:55+00:00
SAO_6960-10,São Paulo,3550308,True,,1443,,,-23.76735125,-46.717207,,,,1,2023-06-19T16:11:36+00:00
SAO_6960-10,São Paulo,3550308,True,,1443,,,-23.657719,-46.71638325,,,,1,2023-06-19T16:11:07+00:00
SAO_6960-10,São Paulo,3550308,True,,1443,,,-23.750266,-46.7100035,,,,1,2023-06-19T16:11:18+00:00
SAO_6960-10,São Paulo,3550308,True,,1443,,,-23.734532,-46.698854,,,,1,2023-06-19T16:11:44+00:00
SAO_6960-10,São Paulo,3550308,True,,1443,,,-23.701241625,-46.714988749999996,,,,1,2023-06-19T16:11:26+00:00
SAO_6960-10,São Paulo,3550308,True,,1443,,,-23.766952500000002,-46.7161155,,,,1,2023-06-19T16:10:59+00:00
SAO_6960-10,São Paulo,3550308,True,,1443,,,-23.654345999999997,-46.712644,,,,1,2023-06-19T16:11:16+00:00
SAO_271F-10,São Paulo,3550308,True,,33451,,,-23.5302735,-46.6150655,,,,2,2023-06-19T16:11:00+00:00
SAO_271F-10,São Paulo,3550308,True,,33451,,,-23.541605125,-46.591473875000005,,,,2,2023-06-19T16:11:35+00:00
SAO_271F-10,São Paulo,3550308,True,,33451,,,-23.516676500000003,-46.6163205,,,,2,2023-06-19T16:11:13+00:00
SAO_271F-10,São Paulo,3550308,True,,33451,,,-23.5174605,-46.6164065,,,,2,2023-06-19T16:11:25+00:00
SAO_271F-10,São Paulo,3550308,True,,33451,,,-23.5178725,-46.6163575,,,,2,2023-06-19T16:11:28+00:00
SAO_271F-10,São Paulo,3550308,True,,33451,,,-23.539786,-46.610667,,,,2,2023-06-19T16:11:20+00:00
SAO_271F-10,São Paulo,3550308,True,,33451,,,-23.5174605,-46.6164065,,,,2,2023-06-19T16:11:40+00:00
SAO_271F-10,São Paulo,3550308,True,,33451,,,-23.516399,-46.61629,,,,2,2023-06-19T16:11:02+00:00
SAO_6027-10,São Paulo,3550308,True,,32858,,,-23.72318425,-46.670979,,,,2,2023-06-19T16:11:05+00:00
SAO_6027-10,São Paulo,3550308,True,,32858,,,-23.670868374999998,-46.7129125,,,,2,2023-06-19T16:11:24+00:00
SAO_6027-10,São Paulo,3550308,True,,32858,,,-23.705073,-46.702496499999995,,,,2,2023-06-19T16:11:38+00:00
SAO_6027-10,São Paulo,3550308,True,,32858,,,-23.724355,-46.6826715,,,,2,2023-06-19T16:11:33+00:00
SAO_6027-10,São Paulo,3550308,True,,32858,,,-23.723868,-46.670744,,,,2,2023-06-19T16:11:32+00:00
SAO_6027-10,São Paulo,3550308,True,,32858,,,-23.7220115,-46.693168,,,,2,2023-06-19T16:11:37+00:00
SAO_6027-10,São Paulo,3550308,True,,32858,,,-23.72318425,-46.670979,,,,2,2023-06-19T16:11:41+00:00
SAO_6027-10,São Paulo,3550308,True,,32858,,,-23.72318425,-46.670979,,,,2,2023-06-19T16:11:36+00:00
SAO_6013-10,São Paulo,3550308,True,,32954,,,-23.654,-46.7111995,,,,2,2023-06-19T16:11:30+00:00
SAO_6013-10,São Paulo,3550308,True,,32954,,,-23.654,-46.7111995,,,,2,2023-06-19T16:11:15+00:00
SAO_6013-10,São Paulo,3550308,True,,32954,,,-23.699361,-46.7632355,,,,2,2023-06-19T16:11:30+00:00
SAO_6013-10,São Paulo,3550308,True,,32954,,,-23.678326,-46.762874,,,,2,2023-06-19T16:11:30+00:00
SAO_6013-10,São Paulo,3550308,True,,32954,,,-23.671547,-46.7411115,,,,2,2023-06-19T16:11:38+00:00
SAO_6013-10,São Paulo,3550308,True,,32954,,,-23.699361,-46.7632355,,,,2,2023-06-19T16:11:37+00:00
SAO_6013-10,São Paulo,3550308,True,,32954,,,-23.654,-46.7111995,,,,2,2023-06-19T16:11:19+00:00
SAO_971D-10,São Paulo,3550308,True,,33477,,,-23.448029,-46.6970745,,,,2,2023-06-19T16:11:19+00:00
SAO_971D-10,São Paulo,3550308,True,,33477,,,-23.4474405,-46.699856,,,,2,2023-06-19T16:07:58+00:00
SAO_971D-10,São Paulo,3550308,True,,33477,,,-23.447985,-46.697056,,,,2,2023-06-19T16:11:31+00:00
SAO_971D-10,São Paulo,3550308,True,,33477,,,-23.4885805,-46.651360749999995,,,,2,2023-06-19T16:11:07+00:00
SAO_971D-10,São Paulo,3550308,True,,33477,,,-23.469255,-46.6669885,,,,2,2023-06-19T16:11:00+00:00
SAO_971D-10,São Paulo,3550308,True,,33477,,,-23.4591725,-46.6875575,,,,2,2023-06-19T16:11:26+00:00
SAO_971D-10,São Paulo,3550308,True,,33477,,,-23.447847,-46.696523,,,,2,2023-06-19T16:11:03+00:00
SAO_971D-10,São Paulo,3550308,True,,33477,,,-23.497569499999997,-46.6278205,,,,2,2023-06-19T16:10:44+00:00
SAO_1709-10,São Paulo,3550308,True,,851,,,-23.4412375,-46.5814765,,,,1,2023-06-19T16:11:42+00:00
SAO_1709-10,São Paulo,3550308,True,,851,,,-23.4412375,-46.5814765,,,,1,2023-06-19T16:11:02+00:00
SAO_1709-10,São Paulo,3550308,True,,851,,,-23.4710385,-46.598567,,,,1,2023-06-19T16:08:17+00:00
SAO_1709-10,São Paulo,3550308,True,,851,,,-23.4412375,-46.5814765,,,,1,2023-06-19T16:11:02+00:00
SAO_1709-10,São Paulo,3550308,True,,851,,,-23.44134,-46.5881995,,,,1,2023-06-19T16:11:08+00:00
SAO_1709-10,São Paulo,3550308,True,,851,,,-23.449460000000002,-46.594094,,,,1,2023-06-19T16:07:27+00:00
SAO_1709-10,São Paulo,3550308,True,,851,,,-23.448262,-46.595237999999995,,,,1,2023-06-19T16:08:25+00:00
SAO_1709-10,São Paulo,3550308,True,,851,,,-23.4412375,-46.5814765,,,,1,2023-06-19T16:11:24+00:00
SAO_2733-10,São Paulo,3550308,True,,33716,,,-23.51803175,-46.45713325,,,,2,2023-06-19T16:11:04+00:00
SAO_2733-10,São Paulo,3550308,True,,33716,,,-23.5165795,-46.462282,,,,2,2023-06-19T16:11:36+00:00
SAO_2733-10,São Paulo,3550308,True,,33716,,,-23.532367,-46.45353425,,,,2,2023-06-19T16:11:19+00:00
SAO_2733-10,São Paulo,3550308,True,,33716,,,-23.516388,-46.46124525,,,,2,2023-06-19T16:11:07+00:00
SAO_2733-10,São Paulo,3550308,True,,33716,,,-23.5164865,-46.460696999999996,,,,2,2023-06-19T16:11:25+00:00
SAO_2733-10,São Paulo,3550308,True,,33716,,,-23.5154575,-46.461952499999995,,,,2,2023-06-19T16:11:30+00:00
SAO_3739-10,São Paulo,3550308,True,,33807,,,-23.605466625000002,-46.428410375,,,,2,2023-06-19T16:11:38+00:00
SAO_3739-10,São Paulo,3550308,True,,33807,,,-23.61229,-46.416155,,,,2,2023-06-19T16:11:10+00:00
SAO_3739-10,São Paulo,3550308,True,,33807,,,-23.577302500000002,-46.44377075,,,,2,2023-06-19T16:11:44+00:00
SAO_3739-10,São Paulo,3550308,True,,33807,,,-23.5949145,-46.4410185,,,,2,2023-06-19T16:11:10+00:00
SAO_3739-10,São Paulo,3550308,True,,33807,,,-23.5498035,-46.4621065,,,,2,2023-06-19T16:11:41+00:00
SAO_3739-10,São Paulo,3550308,True,,33807,,,-23.61229,-46.416155,,,,2,2023-06-19T16:11:18+00:00
SAO_3739-10,São Paulo,3550308,True,,33807,,,-23.61229,-46.416155,,,,2,2023-06-19T16:11:38+00:00
SAO_3739-10,São Paulo,3550308,True,,33807,,,-23.6121585,-46.416186499999995,,,,2,2023-06-19T16:11:18+00:00
SAO_3739-10,São Paulo,3550308,True,,33807,,,-23.6121585,-46.416186499999995,,,,2,2023-06-19T16:11:20+00:00
SAO_6035-10,São Paulo,3550308,True,,1213,,,-23.72062,-46.7558005,,,,1,2023-06-19T16:11:37+00:00
SAO_6035-10,São Paulo,3550308,True,,1213,,,-23.6873875,-46.771598,,,,1,2023-06-19T16:11:18+00:00
SAO_6035-10,São Paulo,3550308,True,,1213,,,-23.72062,-46.7558005,,,,1,2023-06-19T16:11:31+00:00
SAO_6035-10,São Paulo,3550308,True,,1213,,,-23.675867250000003,-46.754087,,,,1,2023-06-19T16:11:43+00:00
SAO_6035-10,São Paulo,3550308,True,,1213,,,-23.6497811875,-46.70390193750001,,,,1,2023-06-19T16:11:44+00:00
SAO_6035-10,São Paulo,3550308,True,,1213,,,-23.659002,-46.705525,,,,1,2023-06-19T16:11:43+00:00
SAO_6035-10,São Paulo,3550308,True,,1213,,,-23.7276515,-46.7608515,,,,1,2023-06-19T16:11:32+00:00
SAO_971M-10,São Paulo,3550308,True,,612,,,-23.50090525,-46.625523125,,,,1,2023-06-19T16:11:15+00:00
SAO_971M-10,São Paulo,3550308,True,,612,,,-23.4898135,-46.626243,,,,1,2023-06-19T16:11:35+00:00
SAO_971M-10,São Paulo,3550308,True,,612,,,-23.490531,-46.688970499999996,,,,1,2023-06-19T16:11:41+00:00
SAO_971M-10,São Paulo,3550308,True,,612,,,-23.482598,-46.647906,,,,1,2023-06-19T16:11:43+00:00
SAO_971M-10,São Paulo,3550308,True,,612,,,-23.474271,-46.668220250000005,,,,1,2023-06-19T16:11:14+00:00
SAO_971M-10,São Paulo,3550308,True,,612,,,-23.4909665,-46.689822750000005,,,,1,2023-06-19T16:11:16+00:00
SAO_971M-10,São Paulo,3550308,True,,612,,,-23.4907635,-46.690068249999996,,,,1,2023-06-19T16:11:05+00:00
SAO_971M-10,São Paulo,3550308,True,,612,,,-23.478443,-46.685433,,,,1,2023-06-19T16:11:18+00:00
SAO_971M-10,São Paulo,3550308,True,,612,,,-23.4909665,-46.689822750000005,,,,1,2023-06-19T16:11:25+00:00
SAO_675A-10,São Paulo,3550308,True,,34086,,,-23.66175025,-46.75071249999999,,,,2,2023-06-19T16:11:05+00:00
SAO_675A-10,São Paulo,3550308,True,,34086,,,-23.6619785,-46.755653,,,,2,2023-06-19T16:11:38+00:00
SAO_675A-10,São Paulo,3550308,True,,34086,,,-23.61344975,-46.65811375,,,,2,2023-06-19T16:11:24+00:00
SAO_675A-10,São Paulo,3550308,True,,34086,,,-23.61756225,-46.6740645,,,,2,2023-06-19T16:11:25+00:00
SAO_675A-10,São Paulo,3550308,True,,34086,,,-23.6511845,-46.733708500000006,,,,2,2023-06-19T16:11:28+00:00
SAO_675A-10,São Paulo,3550308,True,,34086,,,-23.661958499999997,-46.755533,,,,2,2023-06-19T16:11:27+00:00
SAO_675A-10,São Paulo,3550308,True,,34086,,,-23.626981,-46.6420605,,,,2,2023-06-19T16:11:29+00:00
SAO_6030-10,São Paulo,3550308,True,,33910,,,-23.653945999999998,-46.711372,,,,2,2023-06-19T16:11:42+00:00
SAO_6030-10,São Paulo,3550308,True,,33910,,,-23.719821,-46.7061335,,,,2,2023-06-19T16:11:28+00:00
SAO_6030-10,São Paulo,3550308,True,,33910,,,-23.655170249999998,-46.70783675,,,,2,2023-06-19T16:11:12+00:00
SAO_6030-10,São Paulo,3550308,True,,33910,,,-23.702033125,-46.701718875,,,,2,2023-06-19T16:11:31+00:00
SAO_6030-10,São Paulo,3550308,True,,33910,,,-23.737703500000002,-46.7044665,,,,2,2023-06-19T16:11:01+00:00
SAO_6030-10,São Paulo,3550308,True,,33910,,,-23.719117500000003,-46.701543,,,,2,2023-06-19T16:11:17+00:00
SAO_6030-10,São Paulo,3550308,True,,33910,,,-23.663917,-46.709796,,,,2,2023-06-19T16:11:26+00:00
SAO_857A-10,São Paulo,3550308,True,,1925,,,-23.59849425,-46.63818525,,,,1,2023-06-19T16:11:03+00:00
SAO_857A-10,São Paulo,3550308,True,,1925,,,-23.582939500000002,-46.7141125,,,,1,2023-06-19T16:11:21+00:00
SAO_857A-10,São Paulo,3550308,True,,1925,,,-23.58116375,-46.665085,,,,1,2023-06-19T16:11:20+00:00
SAO_857A-10,São Paulo,3550308,True,,1925,,,-23.607091,-46.750694,,,,1,2023-06-19T16:11:27+00:00
SAO_407T-10,São Paulo,3550308,True,,2202,,,-23.542544499999998,-46.4716805,,,,1,2023-06-19T16:11:14+00:00
SAO_407T-10,São Paulo,3550308,True,,2202,,,-23.538669499999997,-46.4415705,,,,1,2023-06-19T16:11:39+00:00
SAO_407T-10,São Paulo,3550308,True,,2202,,,-23.538669499999997,-46.4415705,,,,1,2023-06-19T16:11:38+00:00
SAO_407T-10,São Paulo,3550308,True,,2202,,,-23.5369265,-46.44966125,,,,1,2023-06-19T16:11:39+00:00
SAO_9701-10,São Paulo,3550308,True,,33337,,,-23.482253,-46.6726565,,,,2,2023-06-19T16:11:10+00:00
SAO_9701-10,São Paulo,3550308,True,,33337,,,-23.476402,-46.668205125,,,,2,2023-06-19T16:11:41+00:00
SAO_9701-10,São Paulo,3550308,True,,33337,,,-23.476402,-46.668205125,,,,2,2023-06-19T16:11:35+00:00
SAO_9701-10,São Paulo,3550308,True,,33337,,,-23.476384000000003,-46.667850375,,,,2,2023-06-19T16:11:27+00:00
SAO_9701-10,São Paulo,3550308,True,,33337,,,-23.4966235,-46.66229725,,,,2,2023-06-19T16:11:38+00:00
SAO_8400-10,São Paulo,3550308,True,,34033,,,-23.5344955,-46.6541065,,,,2,2023-06-19T16:11:20+00:00
SAO_8400-10,São Paulo,3550308,True,,34033,,,-23.486457,-46.7270195,,,,2,2023-06-19T16:11:21+00:00
SAO_8400-10,São Paulo,3550308,True,,34033,,,-23.485809000000003,-46.726257125,,,,2,2023-06-19T16:11:35+00:00
SAO_8400-10,São Paulo,3550308,True,,34033,,,-23.482421000000002,-46.717359,,,,2,2023-06-19T16:11:42+00:00
SAO_8400-10,São Paulo,3550308,True,,34033,,,-23.486277,-46.726815875,,,,2,2023-06-19T16:11:39+00:00
SAO_8400-10,São Paulo,3550308,True,,34033,,,-23.506769499999997,-46.705805999999995,,,,2,2023-06-19T16:11:20+00:00
SAO_8400-10,São Paulo,3550308,True,,34033,,,-23.540538249999997,-46.64357425,,,,2,2023-06-19T16:11:20+00:00
SAO_8400-10,São Paulo,3550308,True,,34033,,,-23.4831955,-46.7216525,,,,2,2023-06-19T16:11:38+00:00
SAO_8400-10,São Paulo,3550308,True,,34033,,,-23.486121,-46.726629624999994,,,,2,2023-06-19T16:11:15+00:00
SAO_8400-10,São Paulo,3550308,True,,34033,,,-23.526062000000003,-46.675897,,,,2,2023-06-19T16:11:31+00:00
SAO_407N-10,São Paulo,3550308,True,,34937,,,-23.581527,-46.4149995,,,,2,2023-06-19T16:11:07+00:00
SAO_407N-10,São Paulo,3550308,True,,34937,,,-23.583442499999997,-46.4074595,,,,2,2023-06-19T16:11:05+00:00
SAO_407N-10,São Paulo,3550308,True,,34937,,,-23.598537999999998,-46.463217,,,,2,2023-06-19T16:11:30+00:00
SAO_407N-10,São Paulo,3550308,True,,34937,,,-23.5834605,-46.407391,,,,2,2023-06-19T16:11:29+00:00
SAO_407N-10,São Paulo,3550308,True,,34937,,,-23.595904250000004,-46.43729625,,,,2,2023-06-19T16:11:19+00:00
SAO_407N-10,São Paulo,3550308,True,,34937,,,-23.5832695,-46.4081135,,,,2,2023-06-19T16:11:15+00:00
SAO_407N-10,São Paulo,3550308,True,,34937,,,-23.5395465,-46.542561,,,,2,2023-06-19T16:11:35+00:00
SAO_407N-10,São Paulo,3550308,True,,34937,,,-23.583131,-46.4090595,,,,2,2023-06-19T16:11:28+00:00
SAO_407N-10,São Paulo,3550308,True,,34937,,,-23.534,-46.5424035,,,,2,2023-06-19T16:11:14+00:00
SAO_407N-10,São Paulo,3550308,True,,34937,,,-23.567818,-46.506119,,,,2,2023-06-19T16:08:46+00:00
SAO_7013-10,São Paulo,3550308,True,,775,,,-23.639982,-46.749115,,,,1,2023-06-19T16:11:35+00:00
SAO_7013-10,São Paulo,3550308,True,,775,,,-23.639982,-46.749115,,,,1,2023-06-19T16:11:30+00:00
SAO_7013-10,São Paulo,3550308,True,,775,,,-23.6139045,-46.7554935,,,,1,2023-06-19T16:11:21+00:00
SAO_3787-10,São Paulo,3550308,True,,34380,,,-23.60156875,-46.398831,,,,2,2023-06-19T16:11:01+00:00
SAO_3787-10,São Paulo,3550308,True,,34380,,,-23.5835525,-46.408947,,,,2,2023-06-19T16:11:01+00:00
SAO_3787-10,São Paulo,3550308,True,,34380,,,-23.5930425,-46.418267125,,,,2,2023-06-19T16:11:25+00:00
SAO_3787-10,São Paulo,3550308,True,,34380,,,-23.6020875,-46.3983585,,,,2,2023-06-19T16:11:42+00:00
SAO_3787-10,São Paulo,3550308,True,,34380,,,-23.60186025,-46.398567,,,,2,2023-06-19T16:11:01+00:00
SAO_3787-10,São Paulo,3550308,True,,34380,,,-23.57804675,-46.44340625,,,,2,2023-06-19T16:11:15+00:00
SAO_3787-10,São Paulo,3550308,True,,34380,,,-23.5455585,-46.4678225,,,,2,2023-06-19T16:11:42+00:00
SAO_5032-10,São Paulo,3550308,True,,1662,,,-23.6368005,-46.593399500000004,,,,1,2023-06-19T16:11:08+00:00
SAO_5032-10,São Paulo,3550308,True,,1662,,,-23.621674,-46.5917735,,,,1,2023-06-19T16:11:13+00:00
SAO_5032-10,São Paulo,3550308,True,,1662,,,-23.6353505,-46.591574,,,,1,2023-06-19T16:11:20+00:00
SAO_5032-10,São Paulo,3550308,True,,1662,,,-23.60163575,-46.58656525,,,,1,2023-06-19T16:11:21+00:00
SAO_5032-10,São Paulo,3550308,True,,1662,,,-23.6368005,-46.593399500000004,,,,1,2023-06-19T16:11:31+00:00
SAO_5032-10,São Paulo,3550308,True,,1662,,,-23.6368005,-46.593399500000004,,,,1,2023-06-19T16:11:01+00:00
SAO_5032-10,São Paulo,3550308,True,,1662,,,-23.59495175,-46.595527624999995,,,,1,2023-06-19T16:11:12+00:00
SAO_5032-10,São Paulo,3550308,True,,1662,,,-23.6368005,-46.593399500000004,,,,1,2023-06-19T16:11:43+00:00
SAO_5032-10,São Paulo,3550308,True,,1662,,,-23.602233,-46.602855,,,,1,2023-06-19T16:11:35+00:00
SAO_407J-10,São Paulo,3550308,True,,34966,,,-23.5540335,-46.403518000000005,,,,2,2023-06-19T16:11:34+00:00
SAO_407J-10,São Paulo,3550308,True,,34966,,,-23.5558615,-46.468648,,,,2,2023-06-19T16:11:22+00:00
SAO_407J-10,São Paulo,3550308,True,,34966,,,-23.546550250000003,-46.461182,,,,2,2023-06-19T16:11:40+00:00
SAO_407J-10,São Paulo,3550308,True,,34966,,,-23.543804,-46.56242125,,,,2,2023-06-19T16:10:01+00:00
SAO_407J-10,São Paulo,3550308,True,,34966,,,-23.55256375,-46.403938875,,,,2,2023-06-19T16:11:18+00:00
SAO_407J-10,São Paulo,3550308,True,,34966,,,-23.576866,-46.481584749999996,,,,2,2023-06-19T16:11:02+00:00
SAO_407J-10,São Paulo,3550308,True,,34966,,,-23.547039,-46.540972374999996,,,,2,2023-06-19T16:11:34+00:00
SAO_407J-10,São Paulo,3550308,True,,34966,,,-23.55371425,-46.40418275,,,,2,2023-06-19T16:09:21+00:00
SAO_407J-10,São Paulo,3550308,True,,34966,,,-23.561563125,-46.517986500000006,,,,2,2023-06-19T16:11:24+00:00
SAO_407J-10,São Paulo,3550308,True,,34966,,,-23.535841499999997,-46.4280035,,,,2,2023-06-19T16:08:59+00:00
SAO_407J-10,São Paulo,3550308,True,,34966,,,-23.552376250000002,-46.404250125,,,,2,2023-06-19T16:07:36+00:00
SAO_407J-10,São Paulo,3550308,True,,34966,,,-23.5540335,-46.403518000000005,,,,2,2023-06-19T16:11:06+00:00
SAO_407J-10,São Paulo,3550308,True,,34966,,,-23.5536615,-46.400495,,,,2,2023-06-19T16:08:12+00:00
SAO_1025-10,São Paulo,3550308,True,,2303,,,-23.488557999999998,-46.697984500000004,,,,1,2023-06-19T16:11:21+00:00
SAO_1025-10,São Paulo,3550308,True,,2303,,,-23.453190499999998,-46.707206,,,,1,2023-06-19T16:11:12+00:00
SAO_1025-10,São Paulo,3550308,True,,2303,,,-23.459813750000002,-46.698836,,,,1,2023-06-19T16:11:25+00:00
SAO_3737-10,São Paulo,3550308,True,,33805,,,-23.53742125,-46.517794499999994,,,,2,2023-06-19T16:11:01+00:00
SAO_3737-10,São Paulo,3550308,True,,33805,,,-23.5307095,-46.517677,,,,2,2023-06-19T16:09:53+00:00
SAO_3737-10,São Paulo,3550308,True,,33805,,,-23.552827999999998,-46.505283500000004,,,,2,2023-06-19T16:04:19+00:00
SAO_3737-10,São Paulo,3550308,True,,33805,,,-23.5619445,-46.510245999999995,,,,2,2023-06-19T16:11:43+00:00
SAO_3737-10,São Paulo,3550308,True,,33805,,,-23.564581,-46.5048855,,,,2,2023-06-19T16:11:43+00:00
SAO_3737-10,São Paulo,3550308,True,,33805,,,-23.5560275,-46.507224,,,,2,2023-06-19T16:11:21+00:00
SAO_3737-10,São Paulo,3550308,True,,33805,,,-23.564532999999997,-46.5048475,,,,2,2023-06-19T16:11:25+00:00
SAO_938V-10,São Paulo,3550308,True,,33581,,,-23.466757,-46.679265,,,,2,2023-06-19T16:11:28+00:00
SAO_938V-10,São Paulo,3550308,True,,33581,,,-23.452824999999997,-46.6848085,,,,2,2023-06-19T16:11:05+00:00
SAO_938V-10,São Paulo,3550308,True,,33581,,,-23.452824999999997,-46.6848085,,,,2,2023-06-19T16:11:04+00:00
SAO_938V-10,São Paulo,3550308,True,,33581,,,-23.4527645,-46.6849925,,,,2,2023-06-19T16:11:25+00:00
SAO_938V-10,São Paulo,3550308,True,,33581,,,-23.527421125000004,-46.6810155,,,,2,2023-06-19T16:11:29+00:00
SAO_938V-10,São Paulo,3550308,True,,33581,,,-23.46026425,-46.67646499999999,,,,2,2023-06-19T16:11:11+00:00
SAO_938V-10,São Paulo,3550308,True,,33581,,,-23.515411,-46.69036,,,,2,2023-06-19T16:11:26+00:00
SAO_938V-10,São Paulo,3550308,True,,33581,,,-23.492423000000002,-46.696241,,,,2,2023-06-19T16:11:20+00:00
SAO_938V-10,São Paulo,3550308,True,,33581,,,-23.46026425,-46.67646499999999,,,,2,2023-06-19T16:11:37+00:00
SAO_3008-10,São Paulo,3550308,True,,35283,,,-23.52351625,-46.39590125,,,,2,2023-06-19T16:11:14+00:00
SAO_3008-10,São Paulo,3550308,True,,35283,,,-23.52351625,-46.39590125,,,,2,2023-06-19T16:11:11+00:00
SAO_3008-10,São Paulo,3550308,True,,35283,,,-23.5017155,-46.397844,,,,2,2023-06-19T16:07:58+00:00
SAO_6052-31,São Paulo,3550308,True,,1832,,,-23.76425675,-46.69642225,,,,1,2023-06-19T16:11:29+00:00
SAO_407N-10,São Paulo,3550308,True,,2169,,,-23.58092275,-46.411011,,,,1,2023-06-19T16:11:08+00:00
SAO_407N-10,São Paulo,3550308,True,,2169,,,-23.5985315,-46.463437,,,,1,2023-06-19T16:11:18+00:00
SAO_407N-10,São Paulo,3550308,True,,2169,,,-23.5834805,-46.407314,,,,1,2023-06-19T16:11:37+00:00
SAO_407N-10,São Paulo,3550308,True,,2169,,,-23.543769499999996,-46.530707,,,,1,2023-06-19T16:06:02+00:00
SAO_407N-10,São Paulo,3550308,True,,2169,,,-23.540874000000002,-46.53722,,,,1,2023-06-19T16:11:17+00:00
SAO_407N-10,São Paulo,3550308,True,,2169,,,-23.5786115,-46.494958499999996,,,,1,2023-06-19T16:11:36+00:00
SAO_407N-10,São Paulo,3550308,True,,2169,,,-23.582475000000002,-46.4073165,,,,1,2023-06-19T16:11:16+00:00
SAO_407N-10,São Paulo,3550308,True,,2169,,,-23.53406,-46.5427015,,,,1,2023-06-19T16:11:16+00:00
SAO_407N-10,São Paulo,3550308,True,,2169,,,-23.594362,-46.42451,,,,1,2023-06-19T16:11:10+00:00
SAO_407N-10,São Paulo,3550308,True,,2169,,,-23.5562255,-46.516131,,,,1,2023-06-19T16:11:33+00:00
SAO_7006-51,São Paulo,3550308,True,,34765,,,-23.729259,-46.786048750000006,,,,2,2023-06-19T16:11:45+00:00
SAO_7006-51,São Paulo,3550308,True,,34765,,,-23.7491515,-46.783023,,,,2,2023-06-19T16:11:14+00:00
SAO_7006-51,São Paulo,3550308,True,,34765,,,-23.6614595,-46.768571,,,,2,2023-06-19T16:11:14+00:00
SAO_7006-51,São Paulo,3550308,True,,34765,,,-23.7488905,-46.7831885,,,,2,2023-06-19T16:11:20+00:00
SAO_7006-51,São Paulo,3550308,True,,34765,,,-23.7491515,-46.783023,,,,2,2023-06-19T16:11:23+00:00
SAO_7006-51,São Paulo,3550308,True,,34765,,,-23.7491515,-46.783023,,,,2,2023-06-19T16:11:17+00:00
SAO_7006-51,São Paulo,3550308,True,,34765,,,-23.661021499999997,-46.7695115,,,,2,2023-06-19T16:11:19+00:00
SAO_7006-51,São Paulo,3550308,True,,34765,,,-23.724967,-46.78587950000001,,,,2,2023-06-19T16:11:29+00:00
SAO_354M-10,São Paulo,3550308,True,,1619,,,-23.5012485,-46.442599,,,,1,2023-06-19T16:09:36+00:00
SAO_354M-10,São Paulo,3550308,True,,1619,,,-23.502033500000003,-46.4525385,,,,1,2023-06-19T16:11:26+00:00
SAO_354M-10,São Paulo,3550308,True,,1619,,,-23.493800999999998,-46.43809975,,,,1,2023-06-19T16:09:10+00:00
SAO_354M-10,São Paulo,3550308,True,,1619,,,-23.58156175,-46.44239725,,,,1,2023-06-19T16:10:49+00:00
SAO_354M-10,São Paulo,3550308,True,,1619,,,-23.5985175,-46.467479,,,,1,2023-06-19T16:11:19+00:00
SAO_478P-10,São Paulo,3550308,True,EMTU,349,https://moovitapp.com/index/pt-br/transporte_p%C3%BAblico-line-349-Sao_Paulo-242-2038937-36419432-0,5.1,-23.600766,-46.609362375,,,,1,2023-06-19T16:11:32+00:00
SAO_478P-10,São Paulo,3550308,True,EMTU,349,https://moovitapp.com/index/pt-br/transporte_p%C3%BAblico-line-349-Sao_Paulo-242-2038937-36419432-0,5.1,-23.630457999999997,-46.598635,,,,1,2023-06-19T16:11:19+00:00
SAO_478P-10,São Paulo,3550308,True,EMTU,349,https://moovitapp.com/index/pt-br/transporte_p%C3%BAblico-line-349-Sao_Paulo-242-2038937-36419432-0,5.1,-23.53454625,-46.686665250000004,,,,1,2023-06-19T16:11:38+00:00
SAO_478P-10,São Paulo,3550308,True,EMTU,349,https://moovitapp.com/index/pt-br/transporte_p%C3%BAblico-line-349-Sao_Paulo-242-2038937-36419432-0,5.1,-23.582161499999998,-46.637816,,,,1,2023-06-19T16:11:22+00:00
SAO_8007-10,São Paulo,3550308,True,,1257,,,-23.4836905,-46.7407195,,,,1,2023-06-19T16:11:25+00:00
SAO_3026-10,São Paulo,3550308,True,,962,,,-23.5827675,-46.386084,,,,1,2023-06-19T16:11:02+00:00
SAO_3026-10,São Paulo,3550308,True,,962,,,-23.588956500000002,-46.382895000000005,,,,1,2023-06-19T16:08:21+00:00
SAO_3026-10,São Paulo,3550308,True,,962,,,-23.58022325,-46.386396000000005,,,,1,2023-06-19T16:11:14+00:00
SAO_3026-10,São Paulo,3550308,True,,962,,,-23.55348175,-46.413412750000006,,,,1,2023-06-19T16:11:21+00:00
SAO_3026-10,São Paulo,3550308,True,,962,,,-23.587369,-46.382947,,,,1,2023-06-19T16:10:50+00:00
SAO_3026-10,São Paulo,3550308,True,,962,,,-23.585128,-46.3840275,,,,1,2023-06-19T16:11:44+00:00
SAO_3026-10,São Paulo,3550308,True,,962,,,-23.5827675,-46.386084,,,,1,2023-06-19T16:11:29+00:00
SAO_9004-10,São Paulo,3550308,True,,871,,,-23.457195499999997,-46.685354,,,,1,2023-06-19T16:11:01+00:00
SAO_9004-10,São Paulo,3550308,True,,871,,,-23.457195499999997,-46.685354,,,,1,2023-06-19T16:11:26+00:00
SAO_9004-10,São Paulo,3550308,True,,871,,,-23.4747215,-46.6702715,,,,1,2023-06-19T16:11:15+00:00
SAO_9004-10,São Paulo,3550308,True,,871,,,-23.459055,-46.6797295,,,,1,2023-06-19T16:11:31+00:00
SAO_9004-10,São Paulo,3550308,True,,871,,,-23.4591565,-46.677001000000004,,,,1,2023-06-19T16:11:05+00:00
SAO_9004-10,São Paulo,3550308,True,,871,,,-23.457195499999997,-46.685354,,,,1,2023-06-19T16:11:10+00:00
SAO_9004-10,São Paulo,3550308,True,,871,,,-23.465906,-46.670909,,,,1,2023-06-19T16:11:27+00:00
SAO_9004-10,São Paulo,3550308,True,,871,,,-23.4590385,-46.676784999999995,,,,1,2023-06-19T16:11:01+00:00
SAO_9004-10,São Paulo,3550308,True,,871,,,-23.457195499999997,-46.685354,,,,1,2023-06-19T16:11:10+00:00
SAO_9004-10,São Paulo,3550308,True,,871,,,-23.457195499999997,-46.685354,,,,1,2023-06-19T16:11:18+00:00
SAO_3738-10,São Paulo,3550308,True,,33806,,,-23.5629515,-46.3946025,,,,2,2023-06-19T16:11:35+00:00
SAO_3738-10,São Paulo,3550308,True,,33806,,,-23.5646835,-46.4158675,,,,2,2023-06-19T16:11:31+00:00
SAO_3738-10,São Paulo,3550308,False,,33806,,,-23.541479250000002,-46.45005525,,,,2,2023-06-19T16:11:43+00:00
SAO_3738-10,São Paulo,3550308,True,,33806,,,-23.5629515,-46.3946025,,,,2,2023-06-19T16:11:40+00:00
SAO_3738-10,São Paulo,3550308,True,,33806,,,-23.5654,-46.398866,,,,2,2023-06-19T16:11:33+00:00
SAO_3738-10,São Paulo,3550308,True,,33806,,,-23.562689,-46.399473,,,,2,2023-06-19T16:11:25+00:00
SAO_3738-10,São Paulo,3550308,True,,33806,,,-23.5628445,-46.3949135,,,,2,2023-06-19T16:11:07+00:00
SAO_3738-10,São Paulo,3550308,True,,33806,,,-23.5629515,-46.3946025,,,,2,2023-06-19T16:11:13+00:00
SAO_3738-10,São Paulo,3550308,True,,33806,,,-23.550719,-46.425545,,,,2,2023-06-19T16:11:35+00:00
SAO_148L-10,São Paulo,3550308,True,,33299,,,-23.456746250000002,-46.66160875,,,,2,2023-06-19T16:11:18+00:00
SAO_148L-10,São Paulo,3550308,True,,33299,,,-23.455058,-46.652393,,,,2,2023-06-19T16:11:42+00:00
SAO_148L-10,São Paulo,3550308,True,,33299,,,-23.47481775,-46.66588125,,,,2,2023-06-19T16:11:25+00:00
SAO_148L-10,São Paulo,3550308,True,,33299,,,-23.4974875,-46.676193,,,,2,2023-06-19T16:11:14+00:00
SAO_148L-10,São Paulo,3550308,True,,33299,,,-23.4547195,-46.6523255,,,,2,2023-06-19T16:11:20+00:00
SAO_148L-10,São Paulo,3550308,True,,33299,,,-23.4646355,-46.6545445,,,,2,2023-06-19T16:11:05+00:00
SAO_148L-10,São Paulo,3550308,True,,33299,,,-23.4551215,-46.652438000000004,,,,2,2023-06-19T16:11:10+00:00
SAO_148L-10,São Paulo,3550308,True,,33299,,,-23.465025999999998,-46.65187775,,,,2,2023-06-19T16:11:27+00:00
SAO_148L-10,São Paulo,3550308,True,,33299,,,-23.45483,-46.652328999999995,,,,2,2023-06-19T16:11:27+00:00
SAO_148L-10,São Paulo,3550308,True,,33299,,,-23.506805625,-46.689097125,,,,2,2023-06-19T16:11:20+00:00
SAO_148L-10,São Paulo,3550308,True,,33299,,,-23.456342749999997,-46.66142825,,,,2,2023-06-19T16:11:29+00:00
SAO_148L-10,São Paulo,3550308,True,,33299,,,-23.454971999999998,-46.6523675,,,,2,2023-06-19T16:11:23+00:00
SAO_148L-10,São Paulo,3550308,True,,33299,,,-23.520004999999998,-46.701718,,,,2,2023-06-19T16:11:37+00:00
SAO_2582-10,São Paulo,3550308,True,EMTU,374,https://moovitapp.com/index/pt-br/transporte_p%C3%BAblico-line-374-Sao_Paulo-242-2038937-36419448-0,3.7,-23.545886,-46.6302635,,,,1,2023-06-19T16:11:20+00:00
SAO_2582-10,São Paulo,3550308,True,EMTU,374,https://moovitapp.com/index/pt-br/transporte_p%C3%BAblico-line-374-Sao_Paulo-242-2038937-36419448-0,3.7,-23.510545999999998,-46.429990000000004,,,,1,2023-06-19T16:03:49+00:00
SAO_2582-10,São Paulo,3550308,True,EMTU,374,https://moovitapp.com/index/pt-br/transporte_p%C3%BAblico-line-374-Sao_Paulo-242-2038937-36419448-0,3.7,-23.54192725,-46.61494925,,,,1,2023-06-19T16:08:58+00:00
SAO_2582-10,São Paulo,3550308,True,EMTU,374,https://moovitapp.com/index/pt-br/transporte_p%C3%BAblico-line-374-Sao_Paulo-242-2038937-36419448-0,3.7,-23.497811499999997,-46.460205,,,,1,2023-06-19T16:11:29+00:00
SAO_2582-10,São Paulo,3550308,True,EMTU,374,https://moovitapp.com/index/pt-br/transporte_p%C3%BAblico-line-374-Sao_Paulo-242-2038937-36419448-0,3.7,-23.53805475,-46.598439,,,,1,2023-06-19T16:11:42+00:00
SAO_2582-10,São Paulo,3550308,True,EMTU,374,https://moovitapp.com/index/pt-br/transporte_p%C3%BAblico-line-374-Sao_Paulo-242-2038937-36419448-0,3.7,-23.527441500000002,-46.551878,,,,1,2023-06-19T16:11:40+00:00
SAO_414P-10,São Paulo,3550308,True,,1105,,,-23.595837000000003,-46.52599825,,,,1,2023-06-19T16:11:15+00:00
SAO_414P-10,São Paulo,3550308,True,,1105,,,-23.53671875,-46.5716745,,,,1,2023-06-19T16:11:05+00:00
SAO_414P-10,São Paulo,3550308,True,,1105,,,-23.55798275,-46.55315924999999,,,,1,2023-06-19T16:11:29+00:00
SAO_414P-10,São Paulo,3550308,True,,1105,,,-23.573587250000003,-46.541112749999996,,,,1,2023-06-19T16:11:01+00:00
SAO_414P-10,São Paulo,3550308,True,,1105,,,-23.54513525,-46.572661249999996,,,,1,2023-06-19T16:11:36+00:00
SAO_414P-10,São Paulo,3550308,True,,1105,,,-23.610801000000002,-46.5299455,,,,1,2023-06-19T16:11:38+00:00
SAO_414P-10,São Paulo,3550308,True,,1105,,,-23.536983499999998,-46.563368,,,,1,2023-06-19T16:11:01+00:00
SAO_414P-10,São Paulo,3550308,True,,1105,,,-23.610801000000002,-46.5299455,,,,1,2023-06-19T16:11:30+00:00
SAO_7062-41,São Paulo,3550308,True,,2271,,,-23.6499715,-46.758806,,,,1,2023-06-19T16:11:21+00:00
SAO_7062-41,São Paulo,3550308,True,,2271,,,-23.6499715,-46.758806,,,,1,2023-06-19T16:11:40+00:00
SAO_6475-10,São Paulo,3550308,True,,1317,,,-23.66215,-46.7691005,,,,1,2023-06-19T16:11:12+00:00
SAO_6475-10,São Paulo,3550308,True,,1317,,,-23.559058999999998,-46.654014000000004,,,,1,2023-06-19T16:11:13+00:00
SAO_6475-10,São Paulo,3550308,True,,1317,,,-23.549214,-46.639359,,,,1,2023-06-19T16:11:03+00:00
SAO_6475-10,São Paulo,3550308,True,,1317,,,-23.587693,-46.689426499999996,,,,1,2023-06-19T16:11:32+00:00
SAO_675G-10,São Paulo,3550308,True,ETT,106,https://moovitapp.com/index/pt-br/transporte_p%C3%BAblico-line-106-Sao_Paulo-242-876373-496508-0,5.3,-23.7427985,-46.6697255,,,,1,2023-06-19T16:11:06+00:00
SAO_675G-10,São Paulo,3550308,True,ETT,106,https://moovitapp.com/index/pt-br/transporte_p%C3%BAblico-line-106-Sao_Paulo-242-876373-496508-0,5.3,-23.681455,-46.688723,,,,1,2023-06-19T16:10:49+00:00
SAO_675G-10,São Paulo,3550308,True,ETT,106,https://moovitapp.com/index/pt-br/transporte_p%C3%BAblico-line-106-Sao_Paulo-242-876373-496508-0,5.3,-23.646476,-46.6392585,,,,1,2023-06-19T16:10:58+00:00
SAO_675G-10,São Paulo,3550308,True,ETT,106,https://moovitapp.com/index/pt-br/transporte_p%C3%BAblico-line-106-Sao_Paulo-242-876373-496508-0,5.3,-23.732933,-46.696845499999995,,,,1,2023-06-19T16:11:25+00:00
SAO_675G-10,São Paulo,3550308,True,ETT,106,https://moovitapp.com/index/pt-br/transporte_p%C3%BAblico-line-106-Sao_Paulo-242-876373-496508-0,5.3,-23.6430055,-46.656865499999995,,,,1,2023-06-19T16:11:40+00:00
SAO_2552-10,São Paulo,3550308,True,,142,,,-23.4937895,-46.450446,,,,1,2023-06-19T16:11:30+00:00
SAO_2552-10,São Paulo,3550308,True,,142,,,-23.529572,-46.553709999999995,,,,1,2023-06-19T16:11:24+00:00
SAO_2552-10,São Paulo,3550308,True,,142,,,-23.535605250000003,-46.57373975,,,,1,2023-06-19T16:11:08+00:00
SAO_2552-10,São Paulo,3550308,True,,142,,,-23.49793,-46.4590195,,,,1,2023-06-19T16:11:21+00:00
SAO_2552-10,São Paulo,3550308,True,,142,,,-23.52168475,-46.525845000000004,,,,1,2023-06-19T16:11:41+00:00
SAO_2552-10,São Paulo,3550308,True,,142,,,-23.5382745,-46.601580999999996,,,,1,2023-06-19T16:11:14+00:00
SAO_2552-10,São Paulo,3550308,True,,142,,,-23.484912625,-46.417396624999995,,,,1,2023-06-19T16:07:15+00:00
SAO_2552-10,São Paulo,3550308,True,,142,,,-23.5417405,-46.6146495,,,,1,2023-06-19T16:09:12+00:00
SAO_6837-10,São Paulo,3550308,True,,6,,,-23.616446250000003,-46.740022249999996,,,,1,2023-06-19T16:11:44+00:00
SAO_6837-10,São Paulo,3550308,True,,6,,,-23.65312575,-46.76304975,,,,1,2023-06-19T16:11:05+00:00
SAO_6837-10,São Paulo,3550308,True,,6,,,-23.6161065,-46.739967,,,,1,2023-06-19T16:11:39+00:00
SAO_6837-10,São Paulo,3550308,True,,6,,,-23.6161065,-46.739967,,,,1,2023-06-19T16:11:02+00:00
SAO_6837-10,São Paulo,3550308,True,,6,,,-23.6161065,-46.739967,,,,1,2023-06-19T16:11:45+00:00
SAO_6837-10,São Paulo,3550308,True,,6,,,-23.631610000000002,-46.759274,,,,1,2023-06-19T16:11:37+00:00
SAO_6837-10,São Paulo,3550308,True,,6,,,-23.654,-46.762946,,,,1,2023-06-19T16:11:34+00:00
SAO_6837-10,São Paulo,3550308,True,,6,,,-23.6188925,-46.745824999999996,,,,1,2023-06-19T16:11:32+00:00
SAO_6837-10,São Paulo,3550308,True,,6,,,-23.6161065,-46.739967,,,,1,2023-06-19T16:11:05+00:00
SAO_6837-10,São Paulo,3550308,True,,6,,,-23.6161065,-46.739967,,,,1,2023-06-19T16:11:04+00:00
SAO_6837-10,São Paulo,3550308,True,,6,,,-23.6161065,-46.739967,,,,1,2023-06-19T16:11:14+00:00
SAO_9006-10,São Paulo,3550308,True,,874,,,-23.4719135,-46.6826575,,,,1,2023-06-19T16:11:10+00:00
SAO_2182-10,São Paulo,3550308,True,,33468,,,-23.542585000000003,-46.6159675,,,,2,2023-06-19T16:08:29+00:00
SAO_2182-10,São Paulo,3550308,True,,33468,,,-23.4819775,-46.571059500000004,,,,2,2023-06-19T16:11:22+00:00
SAO_2182-10,São Paulo,3550308,True,,33468,,,-23.481361999999997,-46.5713935,,,,2,2023-06-19T16:11:21+00:00
SAO_2182-10,São Paulo,3550308,True,,33468,,,-23.514228000000003,-46.581711,,,,2,2023-06-19T16:11:03+00:00
SAO_2182-10,São Paulo,3550308,True,,33468,,,-23.4819775,-46.571059500000004,,,,2,2023-06-19T16:11:44+00:00
SAO_2182-10,São Paulo,3550308,True,,33468,,,-23.512845,-46.585291,,,,2,2023-06-19T16:11:09+00:00
SAO_2182-10,São Paulo,3550308,True,,33468,,,-23.4817665,-46.57117050000001,,,,2,2023-06-19T16:11:34+00:00
SAO_2182-10,São Paulo,3550308,True,,33468,,,-23.481361999999997,-46.5713935,,,,2,2023-06-19T16:11:35+00:00
SAO_2182-10,São Paulo,3550308,True,,33468,,,-23.545571000000002,-46.6311795,,,,2,2023-06-19T16:11:08+00:00
SAO_3414-10,São Paulo,3550308,True,,33514,,,-23.5407385,-46.524578,,,,2,2023-06-19T16:11:11+00:00
SAO_3414-10,São Paulo,3550308,True,,33514,,,-23.549117000000003,-46.60431175,,,,2,2023-06-19T16:11:14+00:00
SAO_3414-10,São Paulo,3550308,True,,33514,,,-23.54464,-46.521387000000004,,,,2,2023-06-19T16:11:02+00:00
SAO_3414-10,São Paulo,3550308,True,,33514,,,-23.5491685,-46.629249,,,,2,2023-06-19T16:11:30+00:00
SAO_3414-10,São Paulo,3550308,True,,33514,,,-23.541490500000002,-46.523882,,,,2,2023-06-19T16:11:02+00:00
SAO_3414-10,São Paulo,3550308,True,,33514,,,-23.5445375,-46.5214515,,,,2,2023-06-19T16:11:37+00:00
SAO_746P-10,São Paulo,3550308,True,,33556,,,-23.6172295,-46.720997,,,,2,2023-06-19T16:11:09+00:00
SAO_746P-10,São Paulo,3550308,True,,33556,,,-23.6172295,-46.720997,,,,2,2023-06-19T16:11:14+00:00
SAO_746P-10,São Paulo,3550308,True,,33556,,,-23.618389,-46.731629,,,,2,2023-06-19T16:11:19+00:00
SAO_746P-10,São Paulo,3550308,True,,33556,,,-23.617601,-46.7211065,,,,2,2023-06-19T16:11:09+00:00
SAO_746P-10,São Paulo,3550308,True,,33556,,,-23.617601,-46.7211065,,,,2,2023-06-19T16:11:21+00:00
SAO_746P-10,São Paulo,3550308,True,,33556,,,-23.6172295,-46.720997,,,,2,2023-06-19T16:11:14+00:00
SAO_746P-10,São Paulo,3550308,True,,33556,,,-23.61676025,-46.720957,,,,2,2023-06-19T16:11:23+00:00
SAO_746P-10,São Paulo,3550308,True,,33556,,,-23.650370000000002,-46.7069175,,,,2,2023-06-19T16:11:46+00:00
SAO_746P-10,São Paulo,3550308,True,,33556,,,-23.61699275,-46.720967,,,,2,2023-06-19T16:11:23+00:00
SAO_746P-10,São Paulo,3550308,True,,33556,,,-23.616376000000002,-46.7209705,,,,2,2023-06-19T16:11:38+00:00
SAO_746P-10,São Paulo,3550308,True,,33556,,,-23.650403500000003,-46.719162,,,,2,2023-06-19T16:11:26+00:00
SAO_4011-10,São Paulo,3550308,True,,2184,,,-23.5946925,-46.441441999999995,,,,1,2023-06-19T16:11:28+00:00
SAO_4011-10,São Paulo,3550308,True,,2184,,,-23.611866499999998,-46.425213,,,,1,2023-06-19T16:11:08+00:00
SAO_4011-10,São Paulo,3550308,True,,2184,,,-23.6130335,-46.4763365,,,,1,2023-06-19T16:11:43+00:00
SAO_4011-10,São Paulo,3550308,True,,2184,,,-23.612455,-46.4761845,,,,1,2023-06-19T16:11:31+00:00
SAO_4011-10,São Paulo,3550308,True,,2184,,,-23.598276499999997,-46.462346,,,,1,2023-06-19T16:11:07+00:00
SAO_6051-10,São Paulo,3550308,True,,33911,,,-23.7621455,-46.689133,,,,2,2023-06-19T16:11:24+00:00
SAO_6051-10,São Paulo,3550308,True,,33911,,,-23.7621455,-46.689133,,,,2,2023-06-19T16:11:15+00:00
SAO_6051-10,São Paulo,3550308,True,,33911,,,-23.767376,-46.716275499999995,,,,2,2023-06-19T16:11:12+00:00
SAO_6051-10,São Paulo,3550308,True,,33911,,,-23.7628215,-46.688933500000005,,,,2,2023-06-19T16:11:20+00:00
SAO_6051-10,São Paulo,3550308,True,,33911,,,-23.7621455,-46.689133,,,,2,2023-06-19T16:11:19+00:00
SAO_5106-10,São Paulo,3550308,True,,34048,,,-23.654470625,-46.636961,,,,2,2023-06-19T16:11:28+00:00
SAO_5106-10,São Paulo,3550308,True,,34048,,,-23.58806,-46.6482035,,,,2,2023-06-19T16:11:39+00:00
SAO_5106-10,São Paulo,3550308,True,,34048,,,-23.56045,-46.643369375,,,,2,2023-06-19T16:11:10+00:00
SAO_5106-10,São Paulo,3550308,True,,34048,,,-23.6848065,-46.653604,,,,2,2023-06-19T16:11:29+00:00
SAO_5106-10,São Paulo,3550308,True,,34048,,,-23.6852145,-46.653948,,,,2,2023-06-19T16:11:35+00:00
SAO_5106-10,São Paulo,3550308,True,,34048,,,-23.63007,-46.6414965,,,,2,2023-06-19T16:11:22+00:00
SAO_5106-10,São Paulo,3550308,True,,34048,,,-23.681572000000003,-46.636480500000005,,,,2,2023-06-19T16:11:42+00:00
SAO_5106-10,São Paulo,3550308,True,,34048,,,-23.6852145,-46.653948,,,,2,2023-06-19T16:11:01+00:00
SAO_407G-10,São Paulo,3550308,True,,34964,,,-23.61138675,-46.43386674999999,,,,2,2023-06-19T16:11:29+00:00
SAO_407G-10,São Paulo,3550308,True,,34964,,,-23.607872,-46.44837750000001,,,,2,2023-06-19T16:11:32+00:00
SAO_407G-10,São Paulo,3550308,True,,34964,,,-23.61114025,-46.43407825,,,,2,2023-06-19T16:11:03+00:00
SAO_407G-10,São Paulo,3550308,True,,34964,,,-23.610859750000003,-46.4343145,,,,2,2023-06-19T16:06:11+00:00
SAO_407G-10,São Paulo,3550308,True,,34964,,,-23.611837,-46.4334745,,,,2,2023-06-19T16:11:13+00:00
SAO_407G-10,São Paulo,3550308,True,,34964,,,-23.606179,-46.437407,,,,2,2023-06-19T16:08:43+00:00
SAO_407G-10,São Paulo,3550308,True,,34964,,,-23.61138675,-46.43386674999999,,,,2,2023-06-19T16:11:02+00:00
SAO_407G-10,São Paulo,3550308,True,,34964,,,-23.604898499999997,-46.480576,,,,2,2023-06-19T16:11:34+00:00
SAO_407G-10,São Paulo,3550308,True,,34964,,,-23.61114025,-46.43407825,,,,2,2023-06-19T16:11:16+00:00
SAO_407G-10,São Paulo,3550308,True,,34964,,,-23.5538815,-46.5184675,,,,2,2023-06-19T16:11:05+00:00
SAO_407G-10,São Paulo,3550308,True,,34964,,,-23.612115,-46.4332405,,,,2,2023-06-19T16:11:15+00:00
SAO_407G-10,São Paulo,3550308,True,,34964,,,-23.541407,-46.5362695,,,,2,2023-06-19T16:11:15+00:00
SAO_407G-10,São Paulo,3550308,True,,34964,,,-23.571870500000003,-46.5045255,,,,2,2023-06-19T16:11:14+00:00
SAO_407G-10,São Paulo,3550308,True,,34964,,,-23.623067,-46.461839999999995,,,,2,2023-06-19T16:11:31+00:00
SAO_978T-10,São Paulo,3550308,True,,889,,,-23.4820725,-46.6921595,,,,1,2023-06-19T16:11:05+00:00
SAO_978T-10,São Paulo,3550308,True,,889,,,-23.523787875,-46.701026125,,,,1,2023-06-19T16:11:22+00:00
SAO_978T-10,São Paulo,3550308,True,,889,,,-23.457448,-46.695730499999996,,,,1,2023-06-19T16:11:41+00:00
SAO_978T-10,São Paulo,3550308,True,,889,,,-23.504904,-46.6898445,,,,1,2023-06-19T16:11:41+00:00
SAO_978T-10,São Paulo,3550308,True,,889,,,-23.526488,-46.668684,,,,1,2023-06-19T16:11:28+00:00
SAO_978T-10,São Paulo,3550308,True,,889,,,-23.525393,-46.689774,,,,1,2023-06-19T16:11:07+00:00
SAO_978T-10,São Paulo,3550308,True,,889,,,-23.460442999999998,-46.6991075,,,,1,2023-06-19T16:11:20+00:00
SAO_978T-10,São Paulo,3550308,True,,889,,,-23.479735500000004,-46.69134149999999,,,,1,2023-06-19T16:11:14+00:00
SAO_978T-10,São Paulo,3550308,True,,889,,,-23.505019500000003,-46.691104499999994,,,,1,2023-06-19T16:11:34+00:00
SAO_978T-10,São Paulo,3550308,True,,889,,,-23.484278,-46.691393500000004,,,,1,2023-06-19T16:11:39+00:00
SAO_407H-10,São Paulo,3550308,True,,34965,,,-23.611579,-46.454283000000004,,,,2,2023-06-19T16:11:40+00:00
SAO_407H-10,São Paulo,3550308,True,,34965,,,-23.635369500000003,-46.445468500000004,,,,2,2023-06-19T16:11:06+00:00
SAO_407H-10,São Paulo,3550308,True,,34965,,,-23.542444,-46.471092999999996,,,,2,2023-06-19T16:11:19+00:00
SAO_407H-10,São Paulo,3550308,True,,34965,,,-23.5443405,-46.4653265,,,,2,2023-06-19T16:11:23+00:00
SAO_407H-10,São Paulo,3550308,True,,34965,,,-23.631496499999997,-46.447165,,,,2,2023-06-19T16:11:09+00:00
SAO_407H-10,São Paulo,3550308,True,,34965,,,-23.6309715,-46.4467715,,,,2,2023-06-19T16:11:05+00:00
SAO_407H-10,São Paulo,3550308,True,,34965,,,-23.573963,-46.445578,,,,2,2023-06-19T16:11:22+00:00
SAO_847P-42,São Paulo,3550308,True,,34192,,,-23.5702755,-46.691122500000006,,,,2,2023-06-19T16:11:06+00:00
SAO_847P-42,São Paulo,3550308,True,,34192,,,-23.4732615,-46.6902875,,,,2,2023-06-19T16:11:32+00:00
SAO_374V-10,São Paulo,3550308,True,,1647,,,-23.518343,-46.451867,,,,1,2023-06-19T16:11:39+00:00
SAO_374V-10,São Paulo,3550308,True,,1647,,,-23.526243625,-46.4547235,,,,1,2023-06-19T16:11:34+00:00
SAO_374V-10,São Paulo,3550308,True,,1647,,,-23.511004999999997,-46.4543005,,,,1,2023-06-19T16:11:28+00:00
SAO_8014-10,São Paulo,3550308,True,,33569,,,-23.4519415,-46.791923,,,,2,2023-06-19T16:10:58+00:00
SAO_8014-10,São Paulo,3550308,True,,33569,,,-23.44624,-46.7890905,,,,2,2023-06-19T16:11:12+00:00
SAO_8014-10,São Paulo,3550308,True,,33569,,,-23.4297035,-46.795139500000005,,,,2,2023-06-19T16:10:57+00:00
SAO_8014-10,São Paulo,3550308,True,,33569,,,-23.4457545,-46.789125999999996,,,,2,2023-06-19T16:11:17+00:00
SAO_8014-10,São Paulo,3550308,True,,33569,,,-23.4067495,-46.775187,,,,2,2023-06-19T16:10:11+00:00
SAO_8014-10,São Paulo,3550308,True,,33569,,,-23.446182,-46.7890905,,,,2,2023-06-19T16:10:59+00:00
SAO_8014-10,São Paulo,3550308,True,,33569,,,-23.44624,-46.7890905,,,,2,2023-06-19T16:11:36+00:00
SAO_7051-10,São Paulo,3550308,True,,1885,,,-23.631026499999997,-46.773642,,,,1,2023-06-19T16:11:12+00:00
SAO_7051-10,São Paulo,3550308,True,,1885,,,-23.651849,-46.778976,,,,1,2023-06-19T16:11:10+00:00
SAO_4013-10,São Paulo,3550308,True,,2186,,,-23.612609,-46.476212000000004,,,,1,2023-06-19T16:11:10+00:00
SAO_4013-10,São Paulo,3550308,True,,2186,,,-23.611874999999998,-46.474662,,,,1,2023-06-19T16:11:31+00:00
SAO_4013-10,São Paulo,3550308,True,,2186,,,-23.6353085,-46.443883,,,,1,2023-06-19T16:11:25+00:00
SAO_4013-10,São Paulo,3550308,True,,2186,,,-23.625110499999998,-46.460533,,,,1,2023-06-19T16:11:24+00:00
SAO_4013-10,São Paulo,3550308,True,,2186,,,-23.6353085,-46.443883,,,,1,2023-06-19T16:11:40+00:00
SAO_4013-10,São Paulo,3550308,True,,2186,,,-23.6353085,-46.443883,,,,1,2023-06-19T16:11:14+00:00
SAO_2105-10,São Paulo,3550308,True,,2247,,,-23.535859,-46.624573,,,,1,2023-06-19T16:11:30+00:00
SAO_2105-10,São Paulo,3550308,True,,2247,,,-23.434711,-46.580977000000004,,,,1,2023-06-19T16:11:30+00:00
SAO_2105-10,São Paulo,3550308,True,,2247,,,-23.5416175,-46.6171485,,,,1,2023-06-19T16:11:25+00:00
SAO_2105-10,São Paulo,3550308,True,,2247,,,-23.434679,-46.580842000000004,,,,1,2023-06-19T16:11:01+00:00
SAO_2105-10,São Paulo,3550308,True,,2247,,,-23.475814999999997,-46.609178,,,,1,2023-06-19T16:11:18+00:00
SAO_2105-10,São Paulo,3550308,True,,2247,,,-23.48903775,-46.6242,,,,1,2023-06-19T16:09:53+00:00
SAO_2105-10,São Paulo,3550308,True,,2247,,,-23.536128249999997,-46.622919249999995,,,,1,2023-06-19T16:11:07+00:00
SAO_1017-10,São Paulo,3550308,True,,2141,,,-23.4141015,-46.750579,,,,1,2023-06-19T16:11:43+00:00
SAO_1017-10,São Paulo,3550308,True,,2141,,,-23.45456,-46.7121335,,,,1,2023-06-19T16:11:34+00:00
SAO_1017-10,São Paulo,3550308,True,,2141,,,-23.406710750000002,-46.756283249999996,,,,1,2023-06-19T16:11:43+00:00
SAO_1017-10,São Paulo,3550308,True,,2141,,,-23.4690235,-46.713262,,,,1,2023-06-19T16:11:28+00:00
SAO_1017-10,São Paulo,3550308,True,,2141,,,-23.4154895,-46.7345,,,,1,2023-06-19T16:11:36+00:00
SAO_1017-10,São Paulo,3550308,True,,2141,,,-23.4845285,-46.709875,,,,1,2023-06-19T16:11:31+00:00
SAO_7005-51,São Paulo,3550308,True,,34767,,,-23.73646075,-46.776863250000005,,,,2,2023-06-19T16:11:04+00:00
SAO_7005-51,São Paulo,3550308,True,,34767,,,-23.6806325,-46.7697675,,,,2,2023-06-19T16:11:34+00:00
SAO_7005-51,São Paulo,3550308,True,,34767,,,-23.736715,-46.780298,,,,2,2023-06-19T16:11:42+00:00
SAO_7005-51,São Paulo,3550308,True,,34767,,,-23.6604345,-46.768545,,,,2,2023-06-19T16:11:08+00:00
SAO_7005-51,São Paulo,3550308,True,,34767,,,-23.73646075,-46.776863250000005,,,,2,2023-06-19T16:11:19+00:00
SAO_7005-51,São Paulo,3550308,True,,34767,,,-23.69138175,-46.77535775,,,,2,2023-06-19T16:11:05+00:00
SAO_7005-51,São Paulo,3550308,True,,34767,,,-23.73646075,-46.776863250000005,,,,2,2023-06-19T16:11:12+00:00
SAO_9005-10,São Paulo,3550308,True,,33640,,,-23.4543195,-46.6936435,,,,2,2023-06-19T16:11:10+00:00
SAO_9005-10,São Paulo,3550308,True,,33640,,,-23.4543195,-46.6936435,,,,2,2023-06-19T16:11:35+00:00
SAO_9005-10,São Paulo,3550308,True,,33640,,,-23.4750135,-46.6699225,,,,2,2023-06-19T16:11:30+00:00
SAO_9005-10,São Paulo,3550308,True,,33640,,,-23.4748455,-46.669852500000005,,,,2,2023-06-19T16:11:15+00:00
SAO_9005-10,São Paulo,3550308,True,,33640,,,-23.4543195,-46.6936435,,,,2,2023-06-19T16:11:02+00:00
SAO_9005-10,São Paulo,3550308,True,,33640,,,-23.450208500000002,-46.684290000000004,,,,2,2023-06-19T16:11:29+00:00
SAO_9005-10,São Paulo,3550308,True,,33640,,,-23.4542405,-46.693987250000006,,,,2,2023-06-19T16:11:19+00:00
SAO_9005-10,São Paulo,3550308,True,,33640,,,-23.461842375,-46.67270225,,,,2,2023-06-19T16:11:25+00:00
SAO_938V-10,São Paulo,3550308,True,STT,813,https://moovitapp.com/index/pt-br/transporte_p%C3%BAblico-line-813-Sao_Paulo-242-850661-183360-0,5.3,-23.505086,-46.6918275,,,,1,2023-06-19T16:11:34+00:00
SAO_938V-10,São Paulo,3550308,True,STT,813,https://moovitapp.com/index/pt-br/transporte_p%C3%BAblico-line-813-Sao_Paulo-242-850661-183360-0,5.3,-23.465833500000002,-46.679323,,,,1,2023-06-19T16:11:17+00:00
SAO_938V-10,São Paulo,3550308,True,STT,813,https://moovitapp.com/index/pt-br/transporte_p%C3%BAblico-line-813-Sao_Paulo-242-850661-183360-0,5.3,-23.504994500000002,-46.6908235,,,,1,2023-06-19T16:11:19+00:00
SAO_938V-10,São Paulo,3550308,True,STT,813,https://moovitapp.com/index/pt-br/transporte_p%C3%BAblico-line-813-Sao_Paulo-242-850661-183360-0,5.3,-23.52301825,-46.704352,,,,1,2023-06-19T16:11:20+00:00
SAO_938V-10,São Paulo,3550308,True,STT,813,https://moovitapp.com/index/pt-br/transporte_p%C3%BAblico-line-813-Sao_Paulo-242-850661-183360-0,5.3,-23.4516785,-46.6872305,,,,1,2023-06-19T16:11:32+00:00
SAO_938V-10,São Paulo,3550308,True,STT,813,https://moovitapp.com/index/pt-br/transporte_p%C3%BAblico-line-813-Sao_Paulo-242-850661-183360-0,5.3,-23.529754875000002,-46.68239187499999,,,,1,2023-06-19T16:11:17+00:00
SAO_938V-10,São Paulo,3550308,True,STT,813,https://moovitapp.com/index/pt-br/transporte_p%C3%BAblico-line-813-Sao_Paulo-242-850661-183360-0,5.3,-23.482486,-46.6857505,,,,1,2023-06-19T16:11:10+00:00
SAO_938V-10,São Paulo,3550308,True,STT,813,https://moovitapp.com/index/pt-br/transporte_p%C3%BAblico-line-813-Sao_Paulo-242-850661-183360-0,5.3,-23.4505775,-46.676742000000004,,,,1,2023-06-19T16:11:03+00:00
SAO_938V-10,São Paulo,3550308,True,STT,813,https://moovitapp.com/index/pt-br/transporte_p%C3%BAblico-line-813-Sao_Paulo-242-850661-183360-0,5.3,-23.5276885,-46.6735945,,,,1,2023-06-19T16:11:06+00:00
SAO_938V-10,São Paulo,3550308,True,STT,813,https://moovitapp.com/index/pt-br/transporte_p%C3%BAblico-line-813-Sao_Paulo-242-850661-183360-0,5.3,-23.527872000000002,-46.674037999999996,,,,1,2023-06-19T16:11:10+00:00
SAO_4027-10,São Paulo,3550308,True,,1097,,,-23.593209,-46.4896265,,,,1,2023-06-19T16:11:28+00:00
SAO_4027-10,São Paulo,3550308,True,,1097,,,-23.593209,-46.4896265,,,,1,2023-06-19T16:11:11+00:00
SAO_4027-10,São Paulo,3550308,True,,1097,,,-23.6418875,-46.439175500000005,,,,1,2023-06-19T16:11:32+00:00
SAO_4027-10,São Paulo,3550308,True,,1097,,,-23.641896000000003,-46.4389945,,,,1,2023-06-19T16:11:22+00:00
SAO_4027-10,São Paulo,3550308,True,,1097,,,-23.641852999999998,-46.439471,,,,1,2023-06-19T16:11:42+00:00
SAO_4027-10,São Paulo,3550308,True,,1097,,,-23.641898,-46.438882500000005,,,,1,2023-06-19T16:11:34+00:00
SAO_4027-10,São Paulo,3550308,True,,1097,,,-23.623067,-46.461839999999995,,,,1,2023-06-19T16:11:32+00:00
SAO_4027-10,São Paulo,3550308,True,,1097,,,-23.625749,-46.445825,,,,1,2023-06-19T16:11:17+00:00
SAO_4027-10,São Paulo,3550308,True,,1097,,,-23.60103025,-46.48385275,,,,1,2023-06-19T16:11:33+00:00
SAO_4027-10,São Paulo,3550308,True,,1097,,,-23.6417645,-46.439601,,,,1,2023-06-19T16:11:16+00:00
SAO_4027-10,São Paulo,3550308,True,,1097,,,-23.6124515,-46.475421999999995,,,,1,2023-06-19T16:06:50+00:00
SAO_4027-10,São Paulo,3550308,True,,1097,,,-23.593209,-46.4896265,,,,1,2023-06-19T16:11:40+00:00
SAO_4027-10,São Paulo,3550308,True,,1097,,,-23.636908,-46.4435705,,,,1,2023-06-19T16:11:17+00:00
SAO_574R-10,São Paulo,3550308,True,,34391,,,-23.56533575,-46.569920249999996,,,,2,2023-06-19T16:11:10+00:00
SAO_574R-10,São Paulo,3550308,True,,34391,,,-23.614544,-46.500679,,,,2,2023-06-19T16:11:02+00:00
SAO_574R-10,São Paulo,3550308,True,,34391,,,-23.59846675,-46.520826,,,,2,2023-06-19T16:11:35+00:00
SAO_574R-10,São Paulo,3550308,True,,34391,,,-23.57892,-46.542646250000004,,,,2,2023-06-19T16:11:42+00:00
SAO_574R-10,São Paulo,3550308,True,,34391,,,-23.545913,-46.585528,,,,2,2023-06-19T16:11:07+00:00
SAO_574R-10,São Paulo,3550308,True,,34391,,,-23.542323000000003,-46.5901025,,,,2,2023-06-19T16:11:03+00:00
SAO_574R-10,São Paulo,3550308,True,,34391,,,-23.615661250000002,-46.501476249999996,,,,2,2023-06-19T16:11:18+00:00
SAO_574R-10,São Paulo,3550308,True,,34391,,,-23.614496,-46.500415000000004,,,,2,2023-06-19T16:11:17+00:00
SAO_637V-10,São Paulo,3550308,True,,32872,,,-23.732176,-46.6837415,,,,2,2023-06-19T16:11:03+00:00
SAO_637V-10,São Paulo,3550308,True,,32872,,,-23.73839,-46.688661499999995,,,,2,2023-06-19T16:11:26+00:00
SAO_637V-10,São Paulo,3550308,True,,32872,,,-23.738457,-46.688978500000005,,,,2,2023-06-19T16:11:40+00:00
SAO_637V-10,São Paulo,3550308,True,,32872,,,-23.7382055,-46.6893095,,,,2,2023-06-19T16:11:38+00:00
SAO_637V-10,São Paulo,3550308,True,,32872,,,-23.7076825,-46.6971135,,,,2,2023-06-19T16:11:21+00:00
SAO_637V-10,São Paulo,3550308,True,,32872,,,-23.665322,-46.71104,,,,2,2023-06-19T16:11:14+00:00
SAO_756A-10,São Paulo,3550308,True,,33561,,,-23.616329,-46.712669,,,,2,2023-06-19T16:11:07+00:00
SAO_756A-10,São Paulo,3550308,True,,33561,,,-23.59796,-46.7958345,,,,2,2023-06-19T16:11:37+00:00
SAO_756A-10,São Paulo,3550308,True,,33561,,,-23.5981675,-46.7963465,,,,2,2023-06-19T16:11:25+00:00
SAO_756A-10,São Paulo,3550308,True,,33561,,,-23.614101374999997,-46.694366124999995,,,,2,2023-06-19T16:11:37+00:00
SAO_756A-10,São Paulo,3550308,True,,33561,,,-23.598115999999997,-46.7961385,,,,2,2023-06-19T16:11:35+00:00
SAO_756A-10,São Paulo,3550308,True,,33561,,,-23.5931815,-46.76441,,,,2,2023-06-19T16:11:07+00:00
SAO_756A-10,São Paulo,3550308,True,,33561,,,-23.598419,-46.747329,,,,2,2023-06-19T16:11:34+00:00
SAO_756A-10,São Paulo,3550308,True,,33561,,,-23.614101374999997,-46.694366124999995,,,,2,2023-06-19T16:11:43+00:00
SAO_756A-10,São Paulo,3550308,True,,33561,,,-23.587162874999997,-46.7239195,,,,2,2023-06-19T16:11:20+00:00
SAO_8194-10,São Paulo,3550308,True,,805,,,-23.4597155,-46.6887385,,,,1,2023-06-19T16:11:23+00:00
SAO_8194-10,São Paulo,3550308,True,,805,,,-23.401428000000003,-46.7408525,,,,1,2023-06-19T16:11:22+00:00
SAO_8194-10,São Paulo,3550308,True,,805,,,-23.436388,-46.713037,,,,1,2023-06-19T16:11:43+00:00
SAO_8194-10,São Paulo,3550308,True,,805,,,-23.4744005,-46.669729000000004,,,,1,2023-06-19T16:11:19+00:00
SAO_8194-10,São Paulo,3550308,True,,805,,,-23.4054765,-46.75257525,,,,1,2023-06-19T16:11:26+00:00
SAO_4706-10,São Paulo,3550308,True,,33067,,,-23.647433875,-46.598115625,,,,2,2023-06-19T16:11:02+00:00
SAO_4706-10,São Paulo,3550308,True,,33067,,,-23.593193,-46.634358000000006,,,,2,2023-06-19T16:11:44+00:00
SAO_4706-10,São Paulo,3550308,True,,33067,,,-23.652293,-46.6018915,,,,2,2023-06-19T16:10:59+00:00
SAO_4706-10,São Paulo,3550308,True,,33067,,,-23.652211,-46.6018615,,,,2,2023-06-19T16:11:21+00:00
SAO_1742-10,São Paulo,3550308,True,,33310,,,-23.457146,-46.659533249999996,,,,2,2023-06-19T16:11:33+00:00
SAO_1742-10,São Paulo,3550308,True,,33310,,,-23.502429499999998,-46.624207,,,,2,2023-06-19T16:11:29+00:00
SAO_1742-10,São Paulo,3550308,True,,33310,,,-23.457126,-46.65923775,,,,2,2023-06-19T16:11:00+00:00
SAO_1742-10,São Paulo,3550308,True,,33310,,,-23.4571605,-46.6597545,,,,2,2023-06-19T16:11:31+00:00
SAO_1742-10,São Paulo,3550308,True,,33310,,,-23.4704245,-46.6371365,,,,2,2023-06-19T16:10:56+00:00
SAO_174M-10,São Paulo,3550308,True,,33441,,,-23.559855,-46.613445,,,,2,2023-06-19T16:11:31+00:00
SAO_174M-10,São Paulo,3550308,True,,33441,,,-23.487555999999998,-46.5742625,,,,2,2023-06-19T16:11:03+00:00
SAO_174M-10,São Paulo,3550308,True,,33441,,,-23.504321875000002,-46.624678125,,,,2,2023-06-19T16:11:01+00:00
SAO_174M-10,São Paulo,3550308,True,,33441,,,-23.4880165,-46.574464500000005,,,,2,2023-06-19T16:11:05+00:00
SAO_174M-10,São Paulo,3550308,True,,33441,,,-23.477882249999997,-46.5838105,,,,2,2023-06-19T16:11:07+00:00
SAO_174M-10,São Paulo,3550308,True,,33441,,,-23.487747,-46.574346,,,,2,2023-06-19T16:11:38+00:00
SAO_174M-10,São Paulo,3550308,True,,33441,,,-23.487555999999998,-46.5742625,,,,2,2023-06-19T16:11:42+00:00
SAO_174M-10,São Paulo,3550308,True,,33441,,,-23.535307500000002,-46.61982225,,,,2,2023-06-19T16:09:50+00:00
SAO_4036-10,São Paulo,3550308,True,,2561,,,-23.5450845,-46.469041000000004,,,,1,2023-06-19T16:10:01+00:00
SAO_4036-10,São Paulo,3550308,True,,2561,,,-23.552701250000002,-46.493739500000004,,,,1,2023-06-19T16:11:17+00:00
SAO_4036-10,São Paulo,3550308,True,,2561,,,-23.557861,-46.522673,,,,1,2023-06-19T16:11:18+00:00
SAO_4036-10,São Paulo,3550308,True,,2561,,,-23.543428,-46.470264,,,,1,2023-06-19T16:11:35+00:00
SAO_2009-10,São Paulo,3550308,True,,33666,,,-23.52666825,-46.4180455,,,,2,2023-06-19T16:11:06+00:00
SAO_2009-10,São Paulo,3550308,True,,33666,,,-23.5128195,-46.41275775,,,,2,2023-06-19T16:09:12+00:00
SAO_2009-10,São Paulo,3550308,True,,33666,,,-23.5420945,-46.4152325,,,,2,2023-06-19T16:11:09+00:00
SAO_2009-10,São Paulo,3550308,True,,33666,,,-23.516944000000002,-46.4138145,,,,2,2023-06-19T16:11:37+00:00
SAO_2009-10,São Paulo,3550308,True,,33666,,,-23.541789,-46.4160215,,,,2,2023-06-19T16:11:03+00:00
SAO_2009-10,São Paulo,3550308,True,,33666,,,-23.510842,-46.41357075,,,,2,2023-06-19T16:10:35+00:00
SAO_2678-10,São Paulo,3550308,True,,33151,,,-23.524527499999998,-46.549481625,,,,2,2023-06-19T16:11:33+00:00
SAO_2678-10,São Paulo,3550308,True,,33151,,,-23.535095,-46.5766945,,,,2,2023-06-19T16:11:29+00:00
SAO_2678-10,São Paulo,3550308,True,,33151,,,-23.4934325,-46.441919,,,,2,2023-06-19T16:10:18+00:00
SAO_2678-10,São Paulo,3550308,True,,33151,,,-23.504057875,-46.39025925,,,,2,2023-06-19T16:11:04+00:00
SAO_2678-10,São Paulo,3550308,True,,33151,,,-23.497997999999995,-46.461394625,,,,2,2023-06-19T16:11:29+00:00
SAO_2678-10,São Paulo,3550308,True,,33151,,,-23.49533075,-46.430634999999995,,,,2,2023-06-19T16:11:01+00:00
SAO_2678-10,São Paulo,3550308,True,,33151,,,-23.510711,-46.4993885,,,,2,2023-06-19T16:11:11+00:00
SAO_2678-10,São Paulo,3550308,True,,33151,,,-23.50059525,-46.385371,,,,2,2023-06-19T16:11:20+00:00
SAO_2678-10,São Paulo,3550308,True,,33151,,,-23.5164355,-46.5211235,,,,2,2023-06-19T16:11:43+00:00
SAO_2678-10,São Paulo,3550308,True,,33151,,,-23.54102225,-46.613502249999996,,,,2,2023-06-19T16:11:41+00:00
SAO_2678-10,São Paulo,3550308,True,,33151,,,-23.4938845,-46.37678150000001,,,,2,2023-06-19T16:11:21+00:00
SAO_2678-10,São Paulo,3550308,True,,33151,,,-23.510388,-46.5049015,,,,2,2023-06-19T16:11:41+00:00
SAO_2678-10,São Paulo,3550308,True,,33151,,,-23.4938845,-46.37678150000001,,,,2,2023-06-19T16:11:17+00:00
SAO_9011-21,São Paulo,3550308,True,,1768,,,-23.4547945,-46.738510500000004,,,,1,2023-06-19T16:11:29+00:00
SAO_9011-21,São Paulo,3550308,True,,1768,,,-23.4547945,-46.738510500000004,,,,1,2023-06-19T16:11:14+00:00
SAO_9011-21,São Paulo,3550308,True,,1768,,,-23.437562,-46.7375885,,,,1,2023-06-19T16:11:21+00:00
SAO_9011-21,São Paulo,3550308,True,,1768,,,-23.4547945,-46.738510500000004,,,,1,2023-06-19T16:10:52+00:00
SAO_9011-21,São Paulo,3550308,True,,1768,,,-23.452482,-46.7364105,,,,1,2023-06-19T16:11:19+00:00
SAO_9011-21,São Paulo,3550308,True,,1768,,,-23.4547945,-46.738510500000004,,,,1,2023-06-19T16:11:16+00:00
SAO_9011-21,São Paulo,3550308,True,,1768,,,-23.4389495,-46.7214545,,,,1,2023-06-19T16:11:13+00:00
SAO_1759-10,São Paulo,3550308,True,,33321,,,-23.46264025,-46.65191475,,,,2,2023-06-19T16:11:33+00:00
SAO_1759-10,São Paulo,3550308,True,,33321,,,-23.462498500000002,-46.659318999999996,,,,2,2023-06-19T16:11:32+00:00
SAO_1759-10,São Paulo,3550308,True,,33321,,,-23.502099,-46.62419250000001,,,,2,2023-06-19T16:11:43+00:00
SAO_1759-10,São Paulo,3550308,True,,33321,,,-23.462498500000002,-46.659318999999996,,,,2,2023-06-19T16:11:15+00:00
SAO_1759-10,São Paulo,3550308,True,,33321,,,-23.462308999999998,-46.659564,,,,2,2023-06-19T16:11:20+00:00
SAO_1759-10,São Paulo,3550308,True,,33321,,,-23.4944455,-46.625870500000005,,,,2,2023-06-19T16:09:22+00:00
SAO_1759-10,São Paulo,3550308,True,,33321,,,-23.4621985,-46.6596945,,,,2,2023-06-19T16:11:32+00:00
SAO_5194-10,São Paulo,3550308,True,EMTU,269,https://moovitapp.com/index/pt-br/transporte_p%C3%BAblico-line-269-Sao_Paulo-242-2038937-36419377-0,5.35,-23.68198025,-46.68218475,,,,1,2023-06-19T16:11:40+00:00
SAO_5194-10,São Paulo,3550308,True,EMTU,269,https://moovitapp.com/index/pt-br/transporte_p%C3%BAblico-line-269-Sao_Paulo-242-2038937-36419377-0,5.35,-23.705976,-46.653757,,,,1,2023-06-19T15:46:02+00:00
SAO_5194-10,São Paulo,3550308,True,EMTU,269,https://moovitapp.com/index/pt-br/transporte_p%C3%BAblico-line-269-Sao_Paulo-242-2038937-36419377-0,5.35,-23.709398999999998,-46.6552695,,,,1,2023-06-19T16:08:02+00:00
SAO_5194-10,São Paulo,3550308,True,EMTU,269,https://moovitapp.com/index/pt-br/transporte_p%C3%BAblico-line-269-Sao_Paulo-242-2038937-36419377-0,5.35,-23.608175,-46.6527265,,,,1,2023-06-19T16:11:44+00:00
SAO_637P-10,São Paulo,3550308,True,,47,,,-23.6541465,-46.711351,,,,1,2023-06-19T16:11:02+00:00
SAO_637P-10,São Paulo,3550308,True,,47,,,-23.597434999999997,-46.673819,,,,1,2023-06-19T16:11:36+00:00
SAO_637P-10,São Paulo,3550308,True,,47,,,-23.6541465,-46.711351,,,,1,2023-06-19T16:11:41+00:00
SAO_637P-10,São Paulo,3550308,True,,47,,,-23.6541465,-46.711351,,,,1,2023-06-19T16:11:10+00:00
SAO_637P-10,São Paulo,3550308,True,,47,,,-23.566328499999997,-46.7019335,,,,1,2023-06-19T16:11:23+00:00
SAO_637P-10,São Paulo,3550308,True,,47,,,-23.5649705,-46.6948935,,,,1,2023-06-19T16:11:14+00:00
SAO_637P-10,São Paulo,3550308,True,,47,,,-23.585045,-46.670448,,,,1,2023-06-19T16:11:17+00:00
SAO_637P-10,São Paulo,3550308,True,,47,,,-23.592011,-46.672657,,,,1,2023-06-19T16:11:28+00:00
SAO_637P-10,São Paulo,3550308,True,,47,,,-23.6541465,-46.711351,,,,1,2023-06-19T16:11:30+00:00
SAO_637P-10,São Paulo,3550308,True,,47,,,-23.63470675,-46.693451875,,,,1,2023-06-19T16:11:35+00:00
SAO_637P-10,São Paulo,3550308,True,,47,,,-23.653861499999998,-46.706998,,,,1,2023-06-19T16:11:07+00:00
SAO_637P-10,São Paulo,3550308,True,,47,,,-23.5804635,-46.6848605,,,,1,2023-06-19T16:11:45+00:00
SAO_297A-10,São Paulo,3550308,True,,34901,,,-23.5252865,-46.66490525,,,,2,2023-06-19T16:11:42+00:00
SAO_297A-10,São Paulo,3550308,True,,34901,,,-23.5251275,-46.6660255,,,,2,2023-06-19T16:11:41+00:00
SAO_297A-10,São Paulo,3550308,True,,34901,,,-23.509198625,-46.6792841875,,,,2,2023-06-19T16:11:37+00:00
SAO_297A-10,São Paulo,3550308,True,,34901,,,-23.5251275,-46.6660255,,,,2,2023-06-19T16:11:41+00:00
SAO_297A-10,São Paulo,3550308,True,,34901,,,-23.5251275,-46.6660255,,,,2,2023-06-19T16:11:25+00:00
SAO_297A-10,São Paulo,3550308,True,,34901,,,-23.5251275,-46.6660255,,,,2,2023-06-19T16:11:22+00:00
SAO_297A-10,São Paulo,3550308,True,,34901,,,-23.5251275,-46.6660255,,,,2,2023-06-19T16:11:08+00:00
SAO_6450-10,São Paulo,3550308,True,,32827,,,-23.570796,-46.662850500000005,,,,2,2023-06-19T16:11:41+00:00
SAO_6450-10,São Paulo,3550308,True,,32827,,,-23.646051,-46.746836,,,,2,2023-06-19T16:11:02+00:00
SAO_6450-10,São Paulo,3550308,True,,32827,,,-23.553145,-46.647852,,,,2,2023-06-19T16:11:29+00:00
SAO_6450-10,São Paulo,3550308,True,,32827,,,-23.62351475,-46.685408,,,,2,2023-06-19T16:11:36+00:00
SAO_6450-10,São Paulo,3550308,True,,32827,,,-23.6448075,-46.717691,,,,2,2023-06-19T16:11:18+00:00
SAO_6450-10,São Paulo,3550308,True,,32827,,,-23.60586525,-46.67565775,,,,2,2023-06-19T16:11:41+00:00
SAO_6450-10,São Paulo,3550308,True,,32827,,,-23.6542305,-46.7623055,,,,2,2023-06-19T16:11:19+00:00
SAO_6450-10,São Paulo,3550308,True,,32827,,,-23.560572,-46.655294999999995,,,,2,2023-06-19T16:11:40+00:00
SAO_6450-10,São Paulo,3550308,True,,32827,,,-23.654127000000003,-46.762448000000006,,,,2,2023-06-19T16:11:31+00:00
SAO_6450-10,São Paulo,3550308,True,,32827,,,-23.636029,-46.695576,,,,2,2023-06-19T16:11:18+00:00
SAO_6450-10,São Paulo,3550308,True,,32827,,,-23.577875999999996,-46.6711985,,,,2,2023-06-19T16:11:28+00:00
SAO_6450-10,São Paulo,3550308,True,,32827,,,-23.6453855,-46.71255625,,,,2,2023-06-19T16:11:40+00:00
SAO_3785-10,São Paulo,3550308,True,,33831,,,-23.5845085,-46.391255,,,,2,2023-06-19T16:11:17+00:00
SAO_3785-10,São Paulo,3550308,True,,33831,,,-23.5632065,-46.446288499999994,,,,2,2023-06-19T16:10:08+00:00
SAO_3785-10,São Paulo,3550308,True,,33831,,,-23.56382975,-46.44634175,,,,2,2023-06-19T16:11:40+00:00
SAO_3785-10,São Paulo,3550308,True,,33831,,,-23.591703000000003,-46.3941935,,,,2,2023-06-19T16:11:44+00:00
SAO_3785-10,São Paulo,3550308,True,,33831,,,-23.5941475,-46.4204955,,,,2,2023-06-19T16:11:01+00:00
SAO_3785-10,São Paulo,3550308,True,,33831,,,-23.591442999999998,-46.394348,,,,2,2023-06-19T16:11:42+00:00
SAO_3785-10,São Paulo,3550308,True,,33831,,,-23.591703000000003,-46.3941935,,,,2,2023-06-19T16:11:37+00:00
SAO_746H-10,São Paulo,3550308,True,STT,785,https://moovitapp.com/index/pt-br/transporte_p%C3%BAblico-line-785-Sao_Paulo-242-850661-183353-0,5.3,-23.6494415,-46.7068395,,,,1,2023-06-19T16:11:11+00:00
SAO_746H-10,São Paulo,3550308,True,STT,785,https://moovitapp.com/index/pt-br/transporte_p%C3%BAblico-line-785-Sao_Paulo-242-850661-183353-0,5.3,-23.6492675,-46.7064685,,,,1,2023-06-19T16:11:11+00:00
SAO_746H-10,São Paulo,3550308,True,STT,785,https://moovitapp.com/index/pt-br/transporte_p%C3%BAblico-line-785-Sao_Paulo-242-850661-183353-0,5.3,-23.6491045,-46.7063595,,,,1,2023-06-19T16:11:23+00:00
SAO_746H-10,São Paulo,3550308,True,STT,785,https://moovitapp.com/index/pt-br/transporte_p%C3%BAblico-line-785-Sao_Paulo-242-850661-183353-0,5.3,-23.644886,-46.71169475,,,,1,2023-06-19T16:11:03+00:00
SAO_746H-10,São Paulo,3550308,True,STT,785,https://moovitapp.com/index/pt-br/transporte_p%C3%BAblico-line-785-Sao_Paulo-242-850661-183353-0,5.3,-23.5936725,-46.753572500000004,,,,1,2023-06-19T16:11:08+00:00
SAO_746H-10,São Paulo,3550308,True,STT,785,https://moovitapp.com/index/pt-br/transporte_p%C3%BAblico-line-785-Sao_Paulo-242-850661-183353-0,5.3,-23.6491045,-46.7063595,,,,1,2023-06-19T16:11:02+00:00
SAO_746H-10,São Paulo,3550308,True,STT,785,https://moovitapp.com/index/pt-br/transporte_p%C3%BAblico-line-785-Sao_Paulo-242-850661-183353-0,5.3,-23.5951425,-46.7546465,,,,1,2023-06-19T16:11:30+00:00
SAO_746H-10,São Paulo,3550308,True,STT,785,https://moovitapp.com/index/pt-br/transporte_p%C3%BAblico-line-785-Sao_Paulo-242-850661-183353-0,5.3,-23.6206215,-46.7333985,,,,1,2023-06-19T16:11:05+00:00
SAO_746H-10,São Paulo,3550308,True,STT,785,https://moovitapp.com/index/pt-br/transporte_p%C3%BAblico-line-785-Sao_Paulo-242-850661-183353-0,5.3,-23.5840205,-46.7241505,,,,1,2023-06-19T16:11:17+00:00
SAO_746H-10,São Paulo,3550308,True,STT,785,https://moovitapp.com/index/pt-br/transporte_p%C3%BAblico-line-785-Sao_Paulo-242-850661-183353-0,5.3,-23.613838,-46.730881,,,,1,2023-06-19T16:11:25+00:00
SAO_746H-10,São Paulo,3550308,True,STT,785,https://moovitapp.com/index/pt-br/transporte_p%C3%BAblico-line-785-Sao_Paulo-242-850661-183353-0,5.3,-23.6440135,-46.734696,,,,1,2023-06-19T16:10:29+00:00
SAO_746H-10,São Paulo,3550308,True,STT,785,https://moovitapp.com/index/pt-br/transporte_p%C3%BAblico-line-785-Sao_Paulo-242-850661-183353-0,5.3,-23.597012,-46.756183875000005,,,,1,2023-06-19T16:11:21+00:00
SAO_746H-10,São Paulo,3550308,True,STT,785,https://moovitapp.com/index/pt-br/transporte_p%C3%BAblico-line-785-Sao_Paulo-242-850661-183353-0,5.3,-23.5936725,-46.753572500000004,,,,1,2023-06-19T16:11:32+00:00
SAO_746H-10,São Paulo,3550308,True,STT,785,https://moovitapp.com/index/pt-br/transporte_p%C3%BAblico-line-785-Sao_Paulo-242-850661-183353-0,5.3,-23.644140999999998,-46.731308,,,,1,2023-06-19T16:11:21+00:00
SAO_6836-10,São Paulo,3550308,True,,32781,,,-23.675430499999997,-46.773945,,,,2,2023-06-19T16:11:42+00:00
SAO_6836-10,São Paulo,3550308,True,,32781,,,-23.663076500000003,-46.753264,,,,2,2023-06-19T16:11:35+00:00
SAO_2719-10,São Paulo,3550308,True,,33700,,,-23.510763,-46.50323,,,,2,2023-06-19T16:11:44+00:00
SAO_2719-10,São Paulo,3550308,True,,33700,,,-23.4948325,-46.469304,,,,2,2023-06-19T16:11:12+00:00
SAO_2719-10,São Paulo,3550308,True,,33700,,,-23.50536275,-46.488382,,,,2,2023-06-19T16:11:29+00:00
SAO_2719-10,São Paulo,3550308,True,,33700,,,-23.51262775,-46.515058749999994,,,,2,2023-06-19T16:11:45+00:00
SAO_2719-10,São Paulo,3550308,True,,33700,,,-23.494729,-46.4696005,,,,2,2023-06-19T16:11:17+00:00
SAO_2719-10,São Paulo,3550308,True,,33700,,,-23.494729,-46.4696005,,,,2,2023-06-19T16:11:12+00:00
SAO_2719-10,São Paulo,3550308,True,,33700,,,-23.529996,-46.528062000000006,,,,2,2023-06-19T16:11:40+00:00
SAO_2719-10,São Paulo,3550308,True,,33700,,,-23.494781500000002,-46.469409999999996,,,,2,2023-06-19T16:11:26+00:00
SAO_2719-10,São Paulo,3550308,True,,33700,,,-23.492838,-46.4765465,,,,2,2023-06-19T16:11:14+00:00
SAO_2719-10,São Paulo,3550308,True,,33700,,,-23.494729,-46.4696005,,,,2,2023-06-19T16:11:32+00:00
SAO_2719-10,São Paulo,3550308,True,,33700,,,-23.494554,-46.47027,,,,2,2023-06-19T16:11:26+00:00
SAO_2719-10,São Paulo,3550308,True,,33700,,,-23.4948325,-46.469304,,,,2,2023-06-19T16:11:17+00:00
SAO_2719-10,São Paulo,3550308,True,,33700,,,-23.4949845,-46.4690635,,,,2,2023-06-19T16:11:24+00:00
SAO_2719-10,São Paulo,3550308,True,,33700,,,-23.494781500000002,-46.469409999999996,,,,2,2023-06-19T16:11:14+00:00
SAO_271M-10,São Paulo,3550308,True,,33452,,,-23.512393250000002,-46.56326850000001,,,,2,2023-06-19T16:11:34+00:00
SAO_271M-10,São Paulo,3550308,True,,33452,,,-23.5120595,-46.5631845,,,,2,2023-06-19T16:11:17+00:00
SAO_271M-10,São Paulo,3550308,True,,33452,,,-23.507073499999997,-46.567660000000004,,,,2,2023-06-19T16:11:09+00:00
SAO_271M-10,São Paulo,3550308,True,,33452,,,-23.5017005,-46.577049,,,,2,2023-06-19T16:11:04+00:00
SAO_271M-10,São Paulo,3550308,True,,33452,,,-23.512197999999998,-46.563227499999996,,,,2,2023-06-19T16:11:22+00:00
SAO_271M-10,São Paulo,3550308,True,,33452,,,-23.50444875,-46.61157175,,,,2,2023-06-19T16:11:16+00:00
SAO_5119-10,São Paulo,3550308,True,,32769,,,-23.583738,-46.6695505,,,,2,2023-06-19T16:11:25+00:00
SAO_5119-10,São Paulo,3550308,True,,32769,,,-23.57163975,-46.653099749999996,,,,2,2023-06-19T16:11:26+00:00
SAO_5119-10,São Paulo,3550308,True,,32769,,,-23.618231,-46.732269,,,,2,2023-06-19T16:11:10+00:00
SAO_5119-10,São Paulo,3550308,True,,32769,,,-23.6170275,-46.731621000000004,,,,2,2023-06-19T16:11:11+00:00
SAO_5119-10,São Paulo,3550308,True,,32769,,,-23.551664000000002,-46.6372965,,,,2,2023-06-19T16:11:18+00:00
SAO_5119-10,São Paulo,3550308,True,,32769,,,-23.58116375,-46.665085,,,,2,2023-06-19T16:11:26+00:00
SAO_5119-10,São Paulo,3550308,True,,32769,,,-23.586631500000003,-46.690889,,,,2,2023-06-19T16:11:31+00:00
SAO_5119-10,São Paulo,3550308,True,,32769,,,-23.560138000000002,-46.643105125,,,,2,2023-06-19T16:11:11+00:00
SAO_5119-10,São Paulo,3550308,True,,32769,,,-23.598890250000004,-46.720772,,,,2,2023-06-19T16:11:07+00:00
SAO_5119-10,São Paulo,3550308,True,,32769,,,-23.583026,-46.668275,,,,2,2023-06-19T16:11:14+00:00
SAO_5119-10,São Paulo,3550308,True,,32769,,,-23.64828175,-46.749119,,,,2,2023-06-19T16:11:30+00:00
SAO_5119-10,São Paulo,3550308,True,,32769,,,-23.654559499999998,-46.761131500000005,,,,2,2023-06-19T16:11:18+00:00
SAO_5119-10,São Paulo,3550308,True,,32769,,,-23.654660999999997,-46.7609705,,,,2,2023-06-19T16:11:40+00:00
SAO_1702-10,São Paulo,3550308,True,,33614,,,-23.500983124999998,-46.622532500000005,,,,2,2023-06-19T16:11:40+00:00
SAO_1702-10,São Paulo,3550308,True,,33614,,,-23.4432505,-46.577110000000005,,,,2,2023-06-19T16:11:09+00:00
SAO_1702-10,São Paulo,3550308,True,,33614,,,-23.491255000000002,-46.60869375,,,,2,2023-06-19T16:11:02+00:00
SAO_1702-10,São Paulo,3550308,True,,33614,,,-23.443147,-46.5770005,,,,2,2023-06-19T16:11:33+00:00
SAO_1702-10,São Paulo,3550308,True,,33614,,,-23.443305000000002,-46.5771705,,,,2,2023-06-19T16:11:45+00:00
SAO_1702-10,São Paulo,3550308,True,,33614,,,-23.443305000000002,-46.5771705,,,,2,2023-06-19T16:11:18+00:00
SAO_1702-10,São Paulo,3550308,True,,33614,,,-23.443147,-46.5770005,,,,2,2023-06-19T16:11:35+00:00
SAO_1702-10,São Paulo,3550308,True,,33614,,,-23.454273,-46.580715,,,,2,2023-06-19T16:11:09+00:00
SAO_1702-10,São Paulo,3550308,True,,33614,,,-23.480722999999998,-46.600623999999996,,,,2,2023-06-19T16:11:13+00:00
SAO_1702-10,São Paulo,3550308,True,,33614,,,-23.443147,-46.5770005,,,,2,2023-06-19T16:11:21+00:00
SAO_1702-10,São Paulo,3550308,True,,33614,,,-23.4432505,-46.577110000000005,,,,2,2023-06-19T16:11:40+00:00
SAO_1702-10,São Paulo,3550308,True,,33614,,,-23.509144,-46.624826999999996,,,,2,2023-06-19T16:11:26+00:00
SAO_1702-10,São Paulo,3550308,True,,33614,,,-23.443305000000002,-46.5771705,,,,2,2023-06-19T16:11:26+00:00
SAO_573H-10,São Paulo,3550308,True,,34398,,,-23.5756745,-46.5719625,,,,2,2023-06-19T16:11:33+00:00
SAO_573H-10,São Paulo,3550308,True,,34398,,,-23.546976,-46.60761625,,,,2,2023-06-19T16:11:13+00:00
SAO_573H-10,São Paulo,3550308,True,,34398,,,-23.614023,-46.501799500000004,,,,2,2023-06-19T16:11:24+00:00
SAO_573H-10,São Paulo,3550308,True,,34398,,,-23.5672435,-46.5871365,,,,2,2023-06-19T16:11:30+00:00
SAO_573H-10,São Paulo,3550308,True,,34398,,,-23.5964545,-46.501602500000004,,,,2,2023-06-19T16:11:06+00:00
SAO_573H-10,São Paulo,3550308,True,,34398,,,-23.558124874999997,-46.60478325,,,,2,2023-06-19T16:11:31+00:00
SAO_573H-10,São Paulo,3550308,True,,34398,,,-23.612196500000003,-46.493525500000004,,,,2,2023-06-19T16:11:27+00:00
SAO_573H-10,São Paulo,3550308,True,,34398,,,-23.612196500000003,-46.493525500000004,,,,2,2023-06-19T16:11:23+00:00
SAO_573H-10,São Paulo,3550308,True,,34398,,,-23.5854285,-46.5195045,,,,2,2023-06-19T16:11:10+00:00
SAO_573H-10,São Paulo,3550308,True,,34398,,,-23.5468175,-46.6081985,,,,2,2023-06-19T16:11:28+00:00
SAO_573H-10,São Paulo,3550308,True,,34398,,,-23.58125,-46.537955,,,,2,2023-06-19T16:11:24+00:00
SAO_575A-10,São Paulo,3550308,True,,34406,,,-23.602311375,-46.5706325,,,,2,2023-06-19T16:11:44+00:00
SAO_575A-10,São Paulo,3550308,True,,34406,,,-23.5791125,-46.579988,,,,2,2023-06-19T16:11:14+00:00
SAO_575A-10,São Paulo,3550308,True,,34406,,,-23.5919465,-46.5798205,,,,2,2023-06-19T16:10:17+00:00
SAO_5370-10,São Paulo,3550308,True,,34210,,,-23.76714475,-46.71695750000001,,,,2,2023-06-19T16:11:01+00:00
SAO_5370-10,São Paulo,3550308,True,,34210,,,-23.6827,-46.704150999999996,,,,2,2023-06-19T16:11:31+00:00
SAO_5370-10,São Paulo,3550308,True,,34210,,,-23.592189,-46.6518665,,,,2,2023-06-19T16:11:17+00:00
SAO_5370-10,São Paulo,3550308,True,,34210,,,-23.706483,-46.700525999999996,,,,2,2023-06-19T16:11:31+00:00
SAO_5370-10,São Paulo,3550308,True,,34210,,,-23.6587575,-46.703402,,,,2,2023-06-19T16:11:27+00:00
SAO_5370-10,São Paulo,3550308,True,,34210,,,-23.60476975,-46.663418500000006,,,,2,2023-06-19T16:11:22+00:00
SAO_5370-10,São Paulo,3550308,True,,34210,,,-23.69619025,-46.70149375,,,,2,2023-06-19T16:11:41+00:00
SAO_5370-10,São Paulo,3550308,True,,34210,,,-23.7651775,-46.717553,,,,2,2023-06-19T16:11:25+00:00
SAO_5370-10,São Paulo,3550308,True,,34210,,,-23.7655,-46.717863,,,,2,2023-06-19T16:11:24+00:00
SAO_5370-10,São Paulo,3550308,True,,34210,,,-23.598992375,-46.657950937500004,,,,2,2023-06-19T16:11:37+00:00
SAO_6045-10,São Paulo,3550308,True,,33990,,,-23.650038625,-46.75614575,,,,2,2023-06-19T16:11:14+00:00
SAO_6045-10,São Paulo,3550308,True,,33990,,,-23.683731,-46.789654999999996,,,,2,2023-06-19T16:11:09+00:00
SAO_6045-10,São Paulo,3550308,True,,33990,,,-23.658731000000003,-46.765608,,,,2,2023-06-19T16:11:24+00:00
SAO_6045-10,São Paulo,3550308,True,,33990,,,-23.650330500000003,-46.708101,,,,2,2023-06-19T16:11:21+00:00
SAO_6045-10,São Paulo,3550308,True,,33990,,,-23.698768,-46.796265500000004,,,,2,2023-06-19T16:11:38+00:00
SAO_6045-10,São Paulo,3550308,True,,33990,,,-23.68941725,-46.7995715,,,,2,2023-06-19T16:11:06+00:00
SAO_5106-21,São Paulo,3550308,True,,1972,,,-23.6137345,-46.695820499999996,,,,1,2023-06-19T16:11:40+00:00
SAO_5106-21,São Paulo,3550308,True,,1972,,,-23.6450165,-46.641136,,,,1,2023-06-19T16:11:18+00:00
SAO_5106-21,São Paulo,3550308,True,,1972,,,-23.605086874999998,-46.659013,,,,1,2023-06-19T16:11:37+00:00
SAO_5106-21,São Paulo,3550308,True,,1972,,,-23.604674125,-46.67404675,,,,1,2023-06-19T16:11:01+00:00
SAO_5106-21,São Paulo,3550308,True,,1972,,,-23.625718499999998,-46.6407605,,,,1,2023-06-19T16:11:28+00:00
SAO_5106-21,São Paulo,3550308,True,,1972,,,-23.59493975,-46.68952,,,,1,2023-06-19T16:11:39+00:00
SAO_5106-21,São Paulo,3550308,True,,1972,,,-23.683857,-46.633601999999996,,,,1,2023-06-19T16:11:04+00:00
SAO_5106-21,São Paulo,3550308,True,,1972,,,-23.695708,-46.6509165,,,,1,2023-06-19T16:11:38+00:00
SAO_172R-10,São Paulo,3550308,True,,859,,,-23.538486499999998,-46.597719875,,,,1,2023-06-19T16:11:31+00:00
SAO_172R-10,São Paulo,3550308,True,,859,,,-23.51980525,-46.59093275,,,,1,2023-06-19T16:11:25+00:00
SAO_172R-10,São Paulo,3550308,True,,859,,,-23.465638499999997,-46.583501999999996,,,,1,2023-06-19T16:11:13+00:00
SAO_172R-10,São Paulo,3550308,True,,859,,,-23.491342250000002,-46.574462,,,,1,2023-06-19T16:11:37+00:00
SAO_172R-10,São Paulo,3550308,True,,859,,,-23.47712025,-46.573779,,,,1,2023-06-19T16:11:35+00:00
SAO_172R-10,São Paulo,3550308,True,,859,,,-23.5128515,-46.5854645,,,,1,2023-06-19T16:11:40+00:00
SAO_172R-10,São Paulo,3550308,True,,859,,,-23.51295525,-46.58451375,,,,1,2023-06-19T16:11:26+00:00
SAO_172R-10,São Paulo,3550308,True,,859,,,-23.465965,-46.584261999999995,,,,1,2023-06-19T16:11:40+00:00
SAO_172R-10,São Paulo,3550308,True,,859,,,-23.5423885,-46.590565,,,,1,2023-06-19T16:11:40+00:00
SAO_273D-10,São Paulo,3550308,True,,32990,,,-23.521214999999998,-46.41099,,,,2,2023-06-19T16:11:34+00:00
SAO_273D-10,São Paulo,3550308,True,,32990,,,-23.50419225,-46.411304,,,,2,2023-06-19T16:11:28+00:00
SAO_273D-10,São Paulo,3550308,True,,32990,,,-23.5214175,-46.4108045,,,,2,2023-06-19T16:11:35+00:00
SAO_273D-10,São Paulo,3550308,True,,32990,,,-23.5210195,-46.411196000000004,,,,2,2023-06-19T16:11:13+00:00
SAO_273D-10,São Paulo,3550308,True,,32990,,,-23.5154165,-46.455321,,,,2,2023-06-19T16:09:50+00:00
SAO_273D-10,São Paulo,3550308,True,,32990,,,-23.5212985,-46.410903,,,,2,2023-06-19T16:11:39+00:00
SAO_2731-10,São Paulo,3550308,True,,946,,,-23.5331765,-46.454553000000004,,,,1,2023-06-19T16:11:21+00:00
SAO_2731-10,São Paulo,3550308,True,,946,,,-23.51677125,-46.43269725,,,,1,2023-06-19T16:11:36+00:00
SAO_2731-10,São Paulo,3550308,True,,946,,,-23.5383605,-46.4560725,,,,1,2023-06-19T16:11:09+00:00
SAO_2731-10,São Paulo,3550308,True,,946,,,-23.5201875,-46.4324,,,,1,2023-06-19T16:11:36+00:00
SAO_2731-10,São Paulo,3550308,True,,946,,,-23.5428775,-46.4710625,,,,1,2023-06-19T16:11:34+00:00
SAO_2731-10,São Paulo,3550308,True,,946,,,-23.518249,-46.439041,,,,1,2023-06-19T16:11:44+00:00
SAO_2731-10,São Paulo,3550308,True,,946,,,-23.518249,-46.439041,,,,1,2023-06-19T16:11:03+00:00
SAO_978A-10,São Paulo,3550308,True,,1369,,,-23.4756295,-46.6704885,,,,1,2023-06-19T16:11:20+00:00
SAO_978A-10,São Paulo,3550308,True,,1369,,,-23.483924,-46.679664,,,,1,2023-06-19T16:11:21+00:00
SAO_978A-10,São Paulo,3550308,True,,1369,,,-23.499673,-46.6862235,,,,1,2023-06-19T16:11:42+00:00
SAO_978A-10,São Paulo,3550308,True,,1369,,,-23.479532499999998,-46.673495,,,,1,2023-06-19T16:11:07+00:00
SAO_978A-10,São Paulo,3550308,True,,1369,,,-23.4756295,-46.6704885,,,,1,2023-06-19T16:11:10+00:00
SAO_978A-10,São Paulo,3550308,True,,1369,,,-23.4756295,-46.6704885,,,,1,2023-06-19T16:11:11+00:00
SAO_978A-10,São Paulo,3550308,True,,1369,,,-23.525028624999997,-46.667401125,,,,1,2023-06-19T16:08:28+00:00
SAO_978A-10,São Paulo,3550308,True,,1369,,,-23.4756295,-46.6704885,,,,1,2023-06-19T16:11:15+00:00
SAO_978A-10,São Paulo,3550308,True,,1369,,,-23.508825,-46.6896915,,,,1,2023-06-19T16:11:30+00:00
SAO_745M-10,São Paulo,3550308,True,,33550,,,-23.682358750000002,-46.693187249999994,,,,2,2023-06-19T16:11:07+00:00
SAO_745M-10,São Paulo,3550308,True,,33550,,,-23.671757,-46.77970775,,,,2,2023-06-19T16:11:12+00:00
SAO_745M-10,São Paulo,3550308,True,,33550,,,-23.670486,-46.7607345,,,,2,2023-06-19T16:11:35+00:00
SAO_745M-10,São Paulo,3550308,True,,33550,,,-23.638977,-46.779777499999994,,,,2,2023-06-19T16:11:28+00:00
SAO_745M-10,São Paulo,3550308,True,,33550,,,-23.630817,-46.767892,,,,2,2023-06-19T16:11:11+00:00
SAO_745M-10,São Paulo,3550308,True,,33550,,,-23.667188,-46.72773325,,,,2,2023-06-19T16:11:25+00:00
SAO_745M-10,São Paulo,3550308,True,,33550,,,-23.6365025,-46.778069,,,,2,2023-06-19T16:11:25+00:00
SAO_745M-10,São Paulo,3550308,True,,33550,,,-23.630817,-46.767892,,,,2,2023-06-19T16:11:04+00:00
SAO_3031-10,São Paulo,3550308,True,,33735,,,-23.602895,-46.443481500000004,,,,2,2023-06-19T16:11:22+00:00
SAO_3031-10,São Paulo,3550308,True,,33735,,,-23.6126845,-46.4445915,,,,2,2023-06-19T16:11:17+00:00
SAO_3031-10,São Paulo,3550308,True,,33735,,,-23.6126845,-46.4445915,,,,2,2023-06-19T16:11:22+00:00
SAO_3031-10,São Paulo,3550308,True,,33735,,,-23.561189,-46.4658165,,,,2,2023-06-19T16:11:45+00:00
SAO_3031-10,São Paulo,3550308,True,,33735,,,-23.584067,-46.442497,,,,2,2023-06-19T16:11:45+00:00
SAO_3031-10,São Paulo,3550308,True,,33735,,,-23.6126845,-46.4445915,,,,2,2023-06-19T16:11:39+00:00
SAO_3031-10,São Paulo,3550308,True,,33735,,,-23.6129015,-46.444473,,,,2,2023-06-19T16:11:40+00:00
SAO_3031-10,São Paulo,3550308,True,,33735,,,-23.6126845,-46.4445915,,,,2,2023-06-19T16:11:43+00:00
SAO_6051-31,São Paulo,3550308,True,,34374,,,-23.7621455,-46.689133,,,,2,2023-06-19T16:11:17+00:00
SAO_6051-31,São Paulo,3550308,True,,34374,,,-23.7628215,-46.688933500000005,,,,2,2023-06-19T16:11:39+00:00
SAO_6837-10,São Paulo,3550308,True,,32774,,,-23.64541,-46.763852,,,,2,2023-06-19T16:11:42+00:00
SAO_6837-10,São Paulo,3550308,True,,32774,,,-23.617525999999998,-46.75795,,,,2,2023-06-19T16:11:05+00:00
SAO_6837-10,São Paulo,3550308,True,,32774,,,-23.6547525,-46.763115,,,,2,2023-06-19T16:11:32+00:00
SAO_513C-10,São Paulo,3550308,True,,2535,,,-23.6111205,-46.4731355,,,,1,2023-06-19T16:11:37+00:00
SAO_513C-10,São Paulo,3550308,True,,2535,,,-23.602894999999997,-46.510341499999996,,,,1,2023-06-19T16:11:41+00:00
SAO_719R-10,São Paulo,3550308,True,EMTU,469,https://moovitapp.com/index/pt-br/transporte_p%C3%BAblico-line-469-Sao_Paulo-242-2038937-36419507-0,5.4,-23.533646375000004,-46.653470875,,,,1,2023-06-19T16:11:30+00:00
SAO_719R-10,São Paulo,3550308,True,EMTU,469,https://moovitapp.com/index/pt-br/transporte_p%C3%BAblico-line-469-Sao_Paulo-242-2038937-36419507-0,5.4,-23.562776999999997,-46.764811,,,,1,2023-06-19T16:11:40+00:00
SAO_719R-10,São Paulo,3550308,True,EMTU,469,https://moovitapp.com/index/pt-br/transporte_p%C3%BAblico-line-469-Sao_Paulo-242-2038937-36419507-0,5.4,-23.567652,-46.6957095,,,,1,2023-06-19T16:11:41+00:00
SAO_719R-10,São Paulo,3550308,True,EMTU,469,https://moovitapp.com/index/pt-br/transporte_p%C3%BAblico-line-469-Sao_Paulo-242-2038937-36419507-0,5.4,-23.551380375,-46.66051925,,,,1,2023-06-19T16:11:03+00:00
SAO_719R-10,São Paulo,3550308,True,EMTU,469,https://moovitapp.com/index/pt-br/transporte_p%C3%BAblico-line-469-Sao_Paulo-242-2038937-36419507-0,5.4,-23.5630635,-46.7464525,,,,1,2023-06-19T16:11:35+00:00
SAO_719R-10,São Paulo,3550308,True,EMTU,469,https://moovitapp.com/index/pt-br/transporte_p%C3%BAblico-line-469-Sao_Paulo-242-2038937-36419507-0,5.4,-23.5275495,-46.662452,,,,1,2023-06-19T16:11:14+00:00
SAO_8594-10,São Paulo,3550308,True,EMTU,432,https://moovitapp.com/index/pt-br/transporte_p%C3%BAblico-line-432-Sao_Paulo-242-2038937-36419486-0,4.8,-23.5249765,-46.69043675,,,,1,2023-06-19T16:11:14+00:00
SAO_8594-10,São Paulo,3550308,True,EMTU,432,https://moovitapp.com/index/pt-br/transporte_p%C3%BAblico-line-432-Sao_Paulo-242-2038937-36419486-0,4.8,-23.547871999999998,-46.642169499999994,,,,1,2023-06-19T16:11:43+00:00
SAO_8594-10,São Paulo,3550308,True,EMTU,432,https://moovitapp.com/index/pt-br/transporte_p%C3%BAblico-line-432-Sao_Paulo-242-2038937-36419486-0,4.8,-23.529934187499997,-46.667448875,,,,1,2023-06-19T16:11:43+00:00
SAO_8594-10,São Paulo,3550308,True,EMTU,432,https://moovitapp.com/index/pt-br/transporte_p%C3%BAblico-line-432-Sao_Paulo-242-2038937-36419486-0,4.8,-23.4512005,-46.7459975,,,,1,2023-06-19T16:11:25+00:00
SAO_8594-10,São Paulo,3550308,True,EMTU,432,https://moovitapp.com/index/pt-br/transporte_p%C3%BAblico-line-432-Sao_Paulo-242-2038937-36419486-0,4.8,-23.4477925,-46.727559375,,,,1,2023-06-19T16:11:01+00:00
SAO_8594-10,São Paulo,3550308,True,EMTU,432,https://moovitapp.com/index/pt-br/transporte_p%C3%BAblico-line-432-Sao_Paulo-242-2038937-36419486-0,4.8,-23.48882125,-46.7111635,,,,1,2023-06-19T16:11:41+00:00
SAO_1026-10,São Paulo,3550308,True,,35074,,,-23.474849,-46.700971,,,,2,2023-06-19T16:11:19+00:00
SAO_1026-10,São Paulo,3550308,True,,35074,,,-23.47114175,-46.71015375,,,,2,2023-06-19T16:11:14+00:00
SAO_5154-10,São Paulo,3550308,True,EMTU,353,https://moovitapp.com/index/pt-br/transporte_p%C3%BAblico-line-353-Sao_Paulo-242-2038937-36419436-0,5.1,-23.654157,-46.710629,,,,1,2023-06-19T16:11:39+00:00
SAO_5154-10,São Paulo,3550308,True,EMTU,353,https://moovitapp.com/index/pt-br/transporte_p%C3%BAblico-line-353-Sao_Paulo-242-2038937-36419436-0,5.1,-23.588572,-46.65187925,,,,1,2023-06-19T16:11:42+00:00
SAO_5154-10,São Paulo,3550308,True,EMTU,353,https://moovitapp.com/index/pt-br/transporte_p%C3%BAblico-line-353-Sao_Paulo-242-2038937-36419436-0,5.1,-23.611947999999998,-46.69519,,,,1,2023-06-19T16:11:08+00:00
SAO_5154-10,São Paulo,3550308,True,EMTU,353,https://moovitapp.com/index/pt-br/transporte_p%C3%BAblico-line-353-Sao_Paulo-242-2038937-36419436-0,5.1,-23.640083750000002,-46.697184500000006,,,,1,2023-06-19T16:11:13+00:00
SAO_5154-10,São Paulo,3550308,True,EMTU,353,https://moovitapp.com/index/pt-br/transporte_p%C3%BAblico-line-353-Sao_Paulo-242-2038937-36419436-0,5.1,-23.654157,-46.710629,,,,1,2023-06-19T16:11:32+00:00
SAO_5154-10,São Paulo,3550308,True,EMTU,353,https://moovitapp.com/index/pt-br/transporte_p%C3%BAblico-line-353-Sao_Paulo-242-2038937-36419436-0,5.1,-23.608968437499996,-46.667152625,,,,1,2023-06-19T16:11:14+00:00
SAO_5154-10,São Paulo,3550308,True,EMTU,353,https://moovitapp.com/index/pt-br/transporte_p%C3%BAblico-line-353-Sao_Paulo-242-2038937-36419436-0,5.1,-23.554430500000002,-46.638824125,,,,1,2023-06-19T16:11:29+00:00
SAO_5614-10,São Paulo,3550308,True,,34283,,,-23.6970745,-46.673324,,,,2,2023-06-19T16:11:14+00:00
SAO_5614-10,São Paulo,3550308,True,,34283,,,-23.701302,-46.6269845,,,,2,2023-06-19T16:10:52+00:00
SAO_5614-10,São Paulo,3550308,True,,34283,,,-23.5517905,-46.6373745,,,,2,2023-06-19T16:11:20+00:00
SAO_5614-10,São Paulo,3550308,True,,34283,,,-23.606899,-46.652261,,,,2,2023-06-19T16:11:02+00:00
SAO_5614-10,São Paulo,3550308,True,,34283,,,-23.658857249999997,-46.6796145,,,,2,2023-06-19T16:11:25+00:00
SAO_5614-10,São Paulo,3550308,True,,34283,,,-23.7161835,-46.625792000000004,,,,2,2023-06-19T16:11:13+00:00
SAO_957T-10,São Paulo,3550308,True,,464,,,-23.59600375,-46.691593,,,,1,2023-06-19T16:11:35+00:00
SAO_957T-10,São Paulo,3550308,True,,464,,,-23.5963205,-46.691,,,,1,2023-06-19T16:11:28+00:00
SAO_957T-10,São Paulo,3550308,True,,464,,,-23.521256,-46.714583250000004,,,,1,2023-06-19T16:11:04+00:00
SAO_957T-10,São Paulo,3550308,True,,464,,,-23.484603,-46.6912605,,,,1,2023-06-19T16:11:23+00:00
SAO_957T-10,São Paulo,3550308,True,,464,,,-23.59616325,-46.691351,,,,1,2023-06-19T16:11:15+00:00
SAO_957T-10,São Paulo,3550308,True,,464,,,-23.578837,-46.6860305,,,,1,2023-06-19T16:11:13+00:00
SAO_2161-10,São Paulo,3550308,True,,33462,,,-23.474255499999998,-46.56712,,,,2,2023-06-19T16:11:31+00:00
SAO_2161-10,São Paulo,3550308,True,,33462,,,-23.4827825,-46.5835875,,,,2,2023-06-19T16:11:26+00:00
SAO_2161-10,São Paulo,3550308,True,,33462,,,-23.4740875,-46.566756999999996,,,,2,2023-06-19T16:11:04+00:00
SAO_2161-10,São Paulo,3550308,True,,33462,,,-23.513438750000002,-46.58576475,,,,2,2023-06-19T16:11:30+00:00
SAO_2161-10,São Paulo,3550308,True,,33462,,,-23.544275374999998,-46.61878887500001,,,,2,2023-06-19T16:09:56+00:00
SAO_5702-10,São Paulo,3550308,True,,1137,,,-23.669949000000003,-46.642867499999994,,,,1,2023-06-19T16:11:22+00:00
SAO_5702-10,São Paulo,3550308,True,,1137,,,-23.698729999999998,-46.6457525,,,,1,2023-06-19T16:11:37+00:00
SAO_5702-10,São Paulo,3550308,True,,1137,,,-23.6830255,-46.635068000000004,,,,1,2023-06-19T16:11:36+00:00
SAO_5702-10,São Paulo,3550308,True,,1137,,,-23.698729999999998,-46.6457525,,,,1,2023-06-19T16:11:06+00:00
SAO_5702-10,São Paulo,3550308,True,,1137,,,-23.692560999999998,-46.643833,,,,1,2023-06-19T16:11:17+00:00
SAO_5702-10,São Paulo,3550308,True,,1137,,,-23.6472555,-46.640461,,,,1,2023-06-19T16:11:14+00:00
SAO_5702-10,São Paulo,3550308,True,,1137,,,-23.698729999999998,-46.6457525,,,,1,2023-06-19T16:11:32+00:00
SAO_5702-10,São Paulo,3550308,True,,1137,,,-23.698729999999998,-46.6457525,,,,1,2023-06-19T16:11:44+00:00
SAO_5702-10,São Paulo,3550308,True,,1137,,,-23.698729999999998,-46.6457525,,,,1,2023-06-19T16:11:42+00:00
SAO_5702-10,São Paulo,3550308,True,,1137,,,-23.653466249999997,-46.636911500000004,,,,1,2023-06-19T16:11:27+00:00
SAO_6803-10,São Paulo,3550308,True,BR7 Mobilidade,29,https://moovitapp.com/index/pt-br/transporte_p%C3%BAblico-line-29-Sao_Paulo-242-851856-500111-0,5.75,-23.662543,-46.7410495,,,,1,2023-06-19T16:11:40+00:00
SAO_6803-10,São Paulo,3550308,True,BR7 Mobilidade,29,https://moovitapp.com/index/pt-br/transporte_p%C3%BAblico-line-29-Sao_Paulo-242-851856-500111-0,5.75,-23.6551405,-46.754138999999995,,,,1,2023-06-19T16:11:07+00:00
SAO_677A-10,São Paulo,3550308,True,,34007,,,-23.688845375,-46.77301675,,,,2,2023-06-19T16:11:22+00:00
SAO_677A-10,São Paulo,3550308,True,,34007,,,-23.677236999999998,-46.7609965,,,,2,2023-06-19T16:11:23+00:00
SAO_677A-10,São Paulo,3550308,True,,34007,,,-23.675596499999997,-46.7491525,,,,2,2023-06-19T16:11:23+00:00
SAO_677A-10,São Paulo,3550308,True,,34007,,,-23.689751,-46.773829500000005,,,,2,2023-06-19T16:11:27+00:00
SAO_677A-10,São Paulo,3550308,True,,34007,,,-23.689751,-46.773829500000005,,,,2,2023-06-19T16:11:39+00:00
SAO_677A-10,São Paulo,3550308,True,,34007,,,-23.623030749999998,-46.707820999999996,,,,2,2023-06-19T16:10:59+00:00
SAO_677A-10,São Paulo,3550308,True,,34007,,,-23.675437000000002,-46.749057,,,,2,2023-06-19T16:11:27+00:00
SAO_677A-10,São Paulo,3550308,True,,34007,,,-23.6065525,-46.69343525,,,,2,2023-06-19T16:11:27+00:00
SAO_2721-10,São Paulo,3550308,True,,33702,,,-23.519935500000003,-46.444098,,,,2,2023-06-19T16:11:16+00:00
SAO_2721-10,São Paulo,3550308,True,,33702,,,-23.5407325,-46.4669575,,,,2,2023-06-19T16:11:03+00:00
SAO_2721-10,São Paulo,3550308,True,,33702,,,-23.5186395,-46.4096585,,,,2,2023-06-19T16:11:19+00:00
SAO_2721-10,São Paulo,3550308,True,,33702,,,-23.519942,-46.399910000000006,,,,2,2023-06-19T16:11:36+00:00
SAO_2721-10,São Paulo,3550308,True,,33702,,,-23.5182455,-46.40958,,,,2,2023-06-19T16:11:42+00:00
SAO_2721-10,São Paulo,3550308,True,,33702,,,-23.507965499999997,-46.4052515,,,,2,2023-06-19T16:11:22+00:00
SAO_2721-10,São Paulo,3550308,True,,33702,,,-23.5186395,-46.4096585,,,,2,2023-06-19T16:11:40+00:00
SAO_2721-10,São Paulo,3550308,True,,33702,,,-23.507577500000004,-46.44079575000001,,,,2,2023-06-19T16:11:08+00:00
SAO_2721-10,São Paulo,3550308,True,,33702,,,-23.494404,-46.4148335,,,,2,2023-06-19T16:11:20+00:00
SAO_2721-10,São Paulo,3550308,True,,33702,,,-23.5196375,-46.4094415,,,,2,2023-06-19T16:11:37+00:00
SAO_875A-10,São Paulo,3550308,True,,33377,,,-23.59326775,-46.6366685,,,,2,2023-06-19T16:11:15+00:00
SAO_875A-10,São Paulo,3550308,True,,33377,,,-23.5466505,-46.6455785,,,,2,2023-06-19T16:11:28+00:00
SAO_875A-10,São Paulo,3550308,True,,33377,,,-23.60927925,-46.6537505,,,,2,2023-06-19T16:11:25+00:00
SAO_875A-10,São Paulo,3550308,True,,33377,,,-23.643264000000002,-46.6624235,,,,2,2023-06-19T16:11:23+00:00
SAO_875A-10,São Paulo,3550308,True,,33377,,,-23.642954500000002,-46.6617585,,,,2,2023-06-19T16:11:10+00:00
SAO_875A-10,São Paulo,3550308,True,,33377,,,-23.535944,-46.68128899999999,,,,2,2023-06-19T16:11:37+00:00
SAO_875A-10,São Paulo,3550308,True,,33377,,,-23.6431975,-46.6622785,,,,2,2023-06-19T16:11:43+00:00
SAO_875A-10,São Paulo,3550308,True,,33377,,,-23.624087625,-46.640517875,,,,2,2023-06-19T16:11:35+00:00
SAO_875A-10,São Paulo,3550308,True,,33377,,,-23.630975999999997,-46.668942,,,,2,2023-06-19T16:11:12+00:00
SAO_875A-10,São Paulo,3550308,True,,33377,,,-23.534087625,-46.65517224999999,,,,2,2023-06-19T16:11:22+00:00
SAO_2552-10,São Paulo,3550308,True,,32910,,,-23.535688375,-46.58498425,,,,2,2023-06-19T16:11:34+00:00
SAO_2552-10,São Paulo,3550308,True,,32910,,,-23.489174499999997,-46.420949500000006,,,,2,2023-06-19T16:11:04+00:00
SAO_2552-10,São Paulo,3550308,True,,32910,,,-23.492127,-46.440456499999996,,,,2,2023-06-19T16:11:16+00:00
SAO_2552-10,São Paulo,3550308,True,,32910,,,-23.5459115,-46.621572,,,,2,2023-06-19T16:11:28+00:00
SAO_2552-10,São Paulo,3550308,True,,32910,,,-23.488757999999997,-46.420981,,,,2,2023-06-19T16:11:22+00:00
SAO_2552-10,São Paulo,3550308,True,,32910,,,-23.489174499999997,-46.420949500000006,,,,2,2023-06-19T16:11:16+00:00
SAO_2552-10,São Paulo,3550308,True,,32910,,,-23.52355925,-46.5462585,,,,2,2023-06-19T16:09:40+00:00
SAO_2552-10,São Paulo,3550308,True,,32910,,,-23.5338145,-46.566121,,,,2,2023-06-19T16:11:28+00:00
SAO_2552-10,São Paulo,3550308,True,,32910,,,-23.506723,-46.477545500000005,,,,2,2023-06-19T16:11:32+00:00
SAO_2552-10,São Paulo,3550308,True,,32910,,,-23.531755500000003,-46.55994225,,,,2,2023-06-19T16:11:16+00:00
SAO_2552-10,São Paulo,3550308,True,,32910,,,-23.4902795,-46.417125,,,,2,2023-06-19T16:11:27+00:00
SAO_2552-10,São Paulo,3550308,True,,32910,,,-23.50752,-46.4795465,,,,2,2023-06-19T16:11:40+00:00
SAO_2552-10,São Paulo,3550308,True,,32910,,,-23.4889485,-46.420966500000006,,,,2,2023-06-19T16:11:31+00:00
SAO_2552-10,São Paulo,3550308,True,,32910,,,-23.5217465,-46.5299695,,,,2,2023-06-19T16:11:36+00:00
SAO_971C-10,São Paulo,3550308,True,,33339,,,-23.44518525,-46.70940325,,,,2,2023-06-19T16:11:21+00:00
SAO_971C-10,São Paulo,3550308,True,,33339,,,-23.50201,-46.625167,,,,2,2023-06-19T16:11:43+00:00
SAO_971C-10,São Paulo,3550308,True,,33339,,,-23.44780175,-46.71053875,,,,2,2023-06-19T16:11:42+00:00
SAO_971C-10,São Paulo,3550308,True,,33339,,,-23.483583250000002,-46.65385925,,,,2,2023-06-19T16:11:41+00:00
SAO_971C-10,São Paulo,3550308,True,,33339,,,-23.439882750000002,-46.716913250000005,,,,2,2023-06-19T16:11:41+00:00
SAO_971C-10,São Paulo,3550308,True,,33339,,,-23.4490485,-46.710132,,,,2,2023-06-19T16:11:39+00:00
SAO_971C-10,São Paulo,3550308,True,,33339,,,-23.4475045,-46.714892,,,,2,2023-06-19T16:11:05+00:00
SAO_971C-10,São Paulo,3550308,True,,33339,,,-23.439640500000003,-46.708388,,,,2,2023-06-19T16:11:05+00:00
SAO_971C-10,São Paulo,3550308,True,,33339,,,-23.459438249999998,-46.688077250000006,,,,2,2023-06-19T16:11:09+00:00
SAO_971C-10,São Paulo,3550308,True,,33339,,,-23.448803499999997,-46.710332,,,,2,2023-06-19T16:11:13+00:00
SAO_971C-10,São Paulo,3550308,True,,33339,,,-23.4490045,-46.7102105,,,,2,2023-06-19T16:11:18+00:00
SAO_6L07-10,São Paulo,3550308,True,,34313,,,-23.831390374999998,-46.712019875,,,,2,2023-06-19T16:11:02+00:00
SAO_6L07-10,São Paulo,3550308,True,,34313,,,-23.7667025,-46.7163285,,,,2,2023-06-19T16:11:23+00:00
SAO_6L07-10,São Paulo,3550308,True,,34313,,,-23.831390374999998,-46.712019875,,,,2,2023-06-19T16:11:19+00:00
SAO_607A-10,São Paulo,3550308,True,,2139,,,-23.660861000000004,-46.71707725,,,,1,2023-06-19T16:11:19+00:00
SAO_607A-10,São Paulo,3550308,True,,2139,,,-23.669271000000002,-46.704308999999995,,,,1,2023-06-19T16:10:19+00:00
SAO_607A-10,São Paulo,3550308,True,,2139,,,-23.6970655,-46.6493215,,,,1,2023-06-19T16:11:42+00:00
SAO_607A-10,São Paulo,3550308,True,,2139,,,-23.679049,-46.69600025,,,,1,2023-06-19T16:08:32+00:00
SAO_607A-10,São Paulo,3550308,True,,2139,,,-23.695090999999998,-46.666537000000005,,,,1,2023-06-19T16:11:27+00:00
SAO_6824-10,São Paulo,3550308,True,BR7 Mobilidade,23,https://moovitapp.com/index/pt-br/transporte_p%C3%BAblico-line-23-Sao_Paulo-242-851856-518590-0,5.75,-23.673593,-46.793606,,,,1,2023-06-19T16:11:16+00:00
SAO_6824-10,São Paulo,3550308,True,BR7 Mobilidade,23,https://moovitapp.com/index/pt-br/transporte_p%C3%BAblico-line-23-Sao_Paulo-242-851856-518590-0,5.75,-23.659836,-46.7703075,,,,1,2023-06-19T16:11:12+00:00
SAO_6822-10,São Paulo,3550308,True,Del Rey,22,https://moovitapp.com/index/pt-br/transporte_p%C3%BAblico-line-22-Sao_Paulo-242-868760-496394-0,4.5,-23.654274,-46.7625595,,,,1,2023-06-19T16:11:16+00:00
SAO_6822-10,São Paulo,3550308,True,Del Rey,22,https://moovitapp.com/index/pt-br/transporte_p%C3%BAblico-line-22-Sao_Paulo-242-868760-496394-0,4.5,-23.643807,-46.779624,,,,1,2023-06-19T16:11:44+00:00
SAO_6822-10,São Paulo,3550308,True,Del Rey,22,https://moovitapp.com/index/pt-br/transporte_p%C3%BAblico-line-22-Sao_Paulo-242-868760-496394-0,4.5,-23.65617925,-46.76545075,,,,1,2023-06-19T16:11:03+00:00
SAO_6822-10,São Paulo,3550308,True,Del Rey,22,https://moovitapp.com/index/pt-br/transporte_p%C3%BAblico-line-22-Sao_Paulo-242-868760-496394-0,4.5,-23.653617500000003,-46.79099175,,,,1,2023-06-19T16:11:10+00:00
SAO_3721-41,São Paulo,3550308,True,,34461,,,-23.541107,-46.4847105,,,,2,2023-06-19T16:11:31+00:00
SAO_3721-41,São Paulo,3550308,True,,34461,,,-23.563325499999998,-46.5007915,,,,2,2023-06-19T16:11:37+00:00
SAO_3721-41,São Paulo,3550308,True,,34461,,,-23.5495685,-46.48489175,,,,2,2023-06-19T16:11:04+00:00
SAO_3721-41,São Paulo,3550308,True,,34461,,,-23.5425225,-46.470603999999994,,,,2,2023-06-19T16:11:42+00:00
SAO_3721-41,São Paulo,3550308,True,,34461,,,-23.5605785,-46.493959000000004,,,,2,2023-06-19T16:11:28+00:00
SAO_3721-41,São Paulo,3550308,True,,34461,,,-23.5632565,-46.500804,,,,2,2023-06-19T16:11:02+00:00
SAO_3721-41,São Paulo,3550308,True,,34461,,,-23.563069,-46.500958499999996,,,,2,2023-06-19T16:11:30+00:00
SAO_2772-10,São Paulo,3550308,True,,33166,,,-23.504894999999998,-46.473764,,,,2,2023-06-19T16:10:45+00:00
SAO_2772-10,São Paulo,3550308,True,,33166,,,-23.523087,-46.410531500000005,,,,2,2023-06-19T16:11:24+00:00
SAO_2772-10,São Paulo,3550308,True,,33166,,,-23.523087,-46.410531500000005,,,,2,2023-06-19T16:11:12+00:00
SAO_2772-10,São Paulo,3550308,True,,33166,,,-23.497745125,-46.413263375,,,,2,2023-06-19T16:11:27+00:00
SAO_2772-10,São Paulo,3550308,True,,33166,,,-23.523372625,-46.40622975,,,,2,2023-06-19T16:11:01+00:00
SAO_2772-10,São Paulo,3550308,True,,33166,,,-23.5127235,-46.515349,,,,2,2023-06-19T16:11:35+00:00
SAO_2728-10,São Paulo,3550308,True,,33711,,,-23.50133,-46.5125285,,,,2,2023-06-19T16:11:06+00:00
SAO_2728-10,São Paulo,3550308,True,,33711,,,-23.50133,-46.5125285,,,,2,2023-06-19T16:11:16+00:00
SAO_2728-10,São Paulo,3550308,True,,33711,,,-23.505415499999998,-46.516107500000004,,,,2,2023-06-19T16:11:25+00:00
SAO_2728-10,São Paulo,3550308,True,,33711,,,-23.50133,-46.5125285,,,,2,2023-06-19T16:11:01+00:00
SAO_2728-10,São Paulo,3550308,True,,33711,,,-23.527739500000003,-46.5518895,,,,2,2023-06-19T16:11:26+00:00
SAO_2728-10,São Paulo,3550308,True,,33711,,,-23.521151500000002,-46.54670075,,,,2,2023-06-19T16:11:10+00:00
SAO_2728-10,São Paulo,3550308,True,,33711,,,-23.50133,-46.5125285,,,,2,2023-06-19T16:11:12+00:00
SAO_2728-10,São Paulo,3550308,True,,33711,,,-23.50133,-46.5125285,,,,2,2023-06-19T16:11:43+00:00
SAO_2728-10,São Paulo,3550308,True,,33711,,,-23.5069825,-46.5329195,,,,2,2023-06-19T16:11:27+00:00
SAO_2728-10,São Paulo,3550308,True,,33711,,,-23.500892,-46.5123955,,,,2,2023-06-19T16:11:21+00:00
SAO_2728-10,São Paulo,3550308,True,,33711,,,-23.533230500000002,-46.5456285,,,,2,2023-06-19T16:10:55+00:00
SAO_342M-10,São Paulo,3550308,True,,33515,,,-23.543611749999997,-46.546510999999995,,,,2,2023-06-19T16:11:12+00:00
SAO_342M-10,São Paulo,3550308,True,,33515,,,-23.531905000000002,-46.56037025,,,,2,2023-06-19T16:11:01+00:00
SAO_342M-10,São Paulo,3550308,True,,33515,,,-23.518709,-46.546899499999995,,,,2,2023-06-19T16:11:35+00:00
SAO_342M-10,São Paulo,3550308,True,,33515,,,-23.542583,-46.54966025,,,,2,2023-06-19T16:11:20+00:00
SAO_342M-10,São Paulo,3550308,True,,33515,,,-23.518709,-46.546899499999995,,,,2,2023-06-19T16:11:33+00:00
SAO_342M-10,São Paulo,3550308,True,,33515,,,-23.532284500000003,-46.5609575,,,,2,2023-06-19T16:11:22+00:00
SAO_342M-10,São Paulo,3550308,True,,33515,,,-23.5662689375,-46.5117471875,,,,2,2023-06-19T16:11:45+00:00
SAO_342M-10,São Paulo,3550308,True,,33515,,,-23.5784035,-46.503046999999995,,,,2,2023-06-19T16:11:22+00:00
SAO_342M-10,São Paulo,3550308,True,,33515,,,-23.518709,-46.546899499999995,,,,2,2023-06-19T16:11:32+00:00
SAO_342M-10,São Paulo,3550308,True,,33515,,,-23.5778305,-46.50332375,,,,2,2023-06-19T16:11:11+00:00
SAO_342M-10,São Paulo,3550308,True,,33515,,,-23.518709,-46.546899499999995,,,,2,2023-06-19T16:11:31+00:00
SAO_342M-10,São Paulo,3550308,True,,33515,,,-23.60686225,-46.478975250000005,,,,2,2023-06-19T16:11:43+00:00
SAO_342M-10,São Paulo,3550308,True,,33515,,,-23.558311,-46.522212499999995,,,,2,2023-06-19T16:11:17+00:00
SAO_342M-10,São Paulo,3550308,True,,33515,,,-23.522961000000002,-46.551280500000004,,,,2,2023-06-19T16:11:44+00:00
SAO_342M-10,São Paulo,3550308,True,,33515,,,-23.613857,-46.476304,,,,2,2023-06-19T16:11:41+00:00
SAO_342M-10,São Paulo,3550308,True,,33515,,,-23.58033175,-46.50146325,,,,2,2023-06-19T16:11:28+00:00
SAO_342M-10,São Paulo,3550308,True,,33515,,,-23.518709,-46.546899499999995,,,,2,2023-06-19T16:11:35+00:00
SAO_342M-10,São Paulo,3550308,True,,33515,,,-23.613432500000002,-46.476448,,,,2,2023-06-19T16:11:08+00:00
SAO_342M-10,São Paulo,3550308,True,,33515,,,-23.55016825,-46.533999,,,,2,2023-06-19T16:11:38+00:00
SAO_342M-10,São Paulo,3550308,True,,33515,,,-23.600742500000003,-46.4840935,,,,2,2023-06-19T16:11:44+00:00
SAO_342M-10,São Paulo,3550308,True,,33515,,,-23.584042,-46.4926035,,,,2,2023-06-19T16:11:17+00:00
SAO_342M-10,São Paulo,3550308,True,,33515,,,-23.613857,-46.476304,,,,2,2023-06-19T16:11:34+00:00
SAO_342M-10,São Paulo,3550308,True,,33515,,,-23.518709,-46.546899499999995,,,,2,2023-06-19T16:11:20+00:00
SAO_342M-10,São Paulo,3550308,True,,33515,,,-23.518709,-46.546899499999995,,,,2,2023-06-19T16:11:42+00:00
SAO_342M-10,São Paulo,3550308,True,,33515,,,-23.613857,-46.476304,,,,2,2023-06-19T16:11:41+00:00
SAO_342M-10,São Paulo,3550308,True,,33515,,,-23.518709,-46.546899499999995,,,,2,2023-06-19T16:11:11+00:00
SAO_342M-10,São Paulo,3550308,True,,33515,,,-23.603000375,-46.482178875,,,,2,2023-06-19T16:11:40+00:00
SAO_263J-10,São Paulo,3550308,True,EMTU,219,https://moovitapp.com/index/pt-br/transporte_p%C3%BAblico-line-219-Sao_Paulo-242-2038937-36419341-0,8.55,-23.5385695,-46.438833,,,,1,2023-06-19T16:11:12+00:00
SAO_263J-10,São Paulo,3550308,True,EMTU,219,https://moovitapp.com/index/pt-br/transporte_p%C3%BAblico-line-219-Sao_Paulo-242-2038937-36419341-0,8.55,-23.54970875,-46.43107325,,,,1,2023-06-19T16:11:03+00:00
SAO_263J-10,São Paulo,3550308,True,EMTU,219,https://moovitapp.com/index/pt-br/transporte_p%C3%BAblico-line-219-Sao_Paulo-242-2038937-36419341-0,8.55,-23.549966249999997,-46.43092575,,,,1,2023-06-19T16:11:01+00:00
SAO_263J-10,São Paulo,3550308,True,EMTU,219,https://moovitapp.com/index/pt-br/transporte_p%C3%BAblico-line-219-Sao_Paulo-242-2038937-36419341-0,8.55,-23.549966249999997,-46.43092575,,,,1,2023-06-19T16:11:00+00:00
SAO_263J-10,São Paulo,3550308,True,EMTU,219,https://moovitapp.com/index/pt-br/transporte_p%C3%BAblico-line-219-Sao_Paulo-242-2038937-36419341-0,8.55,-23.549456,-46.4312205,,,,1,2023-06-19T16:11:20+00:00
SAO_263J-10,São Paulo,3550308,True,EMTU,219,https://moovitapp.com/index/pt-br/transporte_p%C3%BAblico-line-219-Sao_Paulo-242-2038937-36419341-0,8.55,-23.5347835,-46.454962249999994,,,,1,2023-06-19T16:11:09+00:00
SAO_263J-10,São Paulo,3550308,True,EMTU,219,https://moovitapp.com/index/pt-br/transporte_p%C3%BAblico-line-219-Sao_Paulo-242-2038937-36419341-0,8.55,-23.525440250000003,-46.474858749999996,,,,1,2023-06-19T16:11:34+00:00
SAO_263J-10,São Paulo,3550308,True,EMTU,219,https://moovitapp.com/index/pt-br/transporte_p%C3%BAblico-line-219-Sao_Paulo-242-2038937-36419341-0,8.55,-23.54970875,-46.43107325,,,,1,2023-06-19T16:11:18+00:00
SAO_2009-10,São Paulo,3550308,True,,898,,,-23.51011925,-46.4138765,,,,1,2023-06-19T16:11:32+00:00
SAO_2009-10,São Paulo,3550308,True,,898,,,-23.542049,-46.4118605,,,,1,2023-06-19T16:11:02+00:00
SAO_677V-10,São Paulo,3550308,True,,32880,,,-23.7443095,-46.709995500000005,,,,2,2023-06-19T16:11:33+00:00
SAO_677V-10,São Paulo,3550308,True,,32880,,,-23.7443095,-46.709995500000005,,,,2,2023-06-19T16:11:15+00:00
SAO_677V-10,São Paulo,3550308,True,,32880,,,-23.723862,-46.6914355,,,,2,2023-06-19T16:11:22+00:00
SAO_677V-10,São Paulo,3550308,True,,32880,,,-23.727169500000002,-46.713502000000005,,,,2,2023-06-19T16:11:09+00:00
SAO_6092-10,São Paulo,3550308,True,,33945,,,-23.741635000000002,-46.6917615,,,,2,2023-06-19T16:11:32+00:00
SAO_6092-10,São Paulo,3550308,True,,33945,,,-23.7724985,-46.684518499999996,,,,2,2023-06-19T16:11:37+00:00
SAO_6092-10,São Paulo,3550308,True,,33945,,,-23.778087499999998,-46.6846455,,,,2,2023-06-19T16:11:10+00:00
SAO_6092-10,São Paulo,3550308,True,,33945,,,-23.778222,-46.68462275,,,,2,2023-06-19T16:11:20+00:00
SAO_8199-10,São Paulo,3550308,True,EMTU,807,https://moovitapp.com/index/pt-br/transporte_p%C3%BAblico-line-807-Sao_Paulo-242-2038937-36419583-0,7.8,-23.4763665,-46.667559,,,,1,2023-06-19T16:11:41+00:00
SAO_8199-10,São Paulo,3550308,True,EMTU,807,https://moovitapp.com/index/pt-br/transporte_p%C3%BAblico-line-807-Sao_Paulo-242-2038937-36419583-0,7.8,-23.469164499999998,-46.751718,,,,1,2023-06-19T16:11:33+00:00
SAO_8199-10,São Paulo,3550308,True,EMTU,807,https://moovitapp.com/index/pt-br/transporte_p%C3%BAblico-line-807-Sao_Paulo-242-2038937-36419583-0,7.8,-23.484517500000003,-46.6904495,,,,1,2023-06-19T16:11:20+00:00
SAO_8199-10,São Paulo,3550308,True,EMTU,807,https://moovitapp.com/index/pt-br/transporte_p%C3%BAblico-line-807-Sao_Paulo-242-2038937-36419583-0,7.8,-23.474202,-46.669375,,,,1,2023-06-19T16:11:14+00:00
SAO_8199-10,São Paulo,3550308,True,EMTU,807,https://moovitapp.com/index/pt-br/transporte_p%C3%BAblico-line-807-Sao_Paulo-242-2038937-36419583-0,7.8,-23.4830745,-46.7429485,,,,1,2023-06-19T16:10:57+00:00
SAO_8199-10,São Paulo,3550308,True,EMTU,807,https://moovitapp.com/index/pt-br/transporte_p%C3%BAblico-line-807-Sao_Paulo-242-2038937-36419583-0,7.8,-23.484178,-46.722500499999995,,,,1,2023-06-19T16:11:32+00:00
SAO_8199-10,São Paulo,3550308,True,EMTU,807,https://moovitapp.com/index/pt-br/transporte_p%C3%BAblico-line-807-Sao_Paulo-242-2038937-36419583-0,7.8,-23.476143999999998,-46.747943500000005,,,,1,2023-06-19T16:11:32+00:00
SAO_8199-10,São Paulo,3550308,True,EMTU,807,https://moovitapp.com/index/pt-br/transporte_p%C3%BAblico-line-807-Sao_Paulo-242-2038937-36419583-0,7.8,-23.501146,-46.6981265,,,,1,2023-06-19T16:11:38+00:00
SAO_8199-10,São Paulo,3550308,True,EMTU,807,https://moovitapp.com/index/pt-br/transporte_p%C3%BAblico-line-807-Sao_Paulo-242-2038937-36419583-0,7.8,-23.497657,-46.706176,,,,1,2023-06-19T16:11:11+00:00
SAO_118C-10,São Paulo,3550308,True,,33287,,,-23.5394115,-46.648294500000006,,,,2,2023-06-19T16:11:33+00:00
SAO_118C-10,São Paulo,3550308,True,,33287,,,-23.468081,-46.661008499999994,,,,2,2023-06-19T16:11:39+00:00
SAO_118C-10,São Paulo,3550308,True,,33287,,,-23.5394115,-46.648294500000006,,,,2,2023-06-19T16:11:38+00:00
SAO_118C-10,São Paulo,3550308,True,,33287,,,-23.458088500000002,-46.6717525,,,,2,2023-06-19T16:11:30+00:00
SAO_118C-10,São Paulo,3550308,True,,33287,,,-23.49449225,-46.62656725,,,,2,2023-06-19T16:09:10+00:00
SAO_118C-10,São Paulo,3550308,True,,33287,,,-23.4579625,-46.67248,,,,2,2023-06-19T16:11:18+00:00
SAO_118C-10,São Paulo,3550308,True,,33287,,,-23.457838000000002,-46.672783499999994,,,,2,2023-06-19T16:11:15+00:00
SAO_118C-10,São Paulo,3550308,True,,33287,,,-23.511257375,-46.624893,,,,2,2023-06-19T16:11:16+00:00
SAO_118C-10,São Paulo,3550308,True,,33287,,,-23.4754945,-46.638245999999995,,,,2,2023-06-19T16:11:13+00:00
SAO_118C-10,São Paulo,3550308,True,,33287,,,-23.458042,-46.672304499999996,,,,2,2023-06-19T16:11:40+00:00
SAO_118C-10,São Paulo,3550308,True,,33287,,,-23.455669999999998,-46.673897499999995,,,,2,2023-06-19T16:11:44+00:00
SAO_118C-10,São Paulo,3550308,True,,33287,,,-23.458088500000002,-46.6717525,,,,2,2023-06-19T16:11:33+00:00
SAO_118C-10,São Paulo,3550308,True,,33287,,,-23.525405,-46.62888,,,,2,2023-06-19T16:11:33+00:00
SAO_118C-10,São Paulo,3550308,True,,33287,,,-23.5394115,-46.648294500000006,,,,2,2023-06-19T16:11:20+00:00
SAO_3064-10,São Paulo,3550308,True,Urubupungá,980,https://moovitapp.com/index/pt-br/transporte_p%C3%BAblico-line-980-Sao_Paulo-242-873835-76224585-0,4.6,-23.601703999999998,-46.3988755,,,,1,2023-06-19T16:11:34+00:00
SAO_3064-10,São Paulo,3550308,True,Urubupungá,980,https://moovitapp.com/index/pt-br/transporte_p%C3%BAblico-line-980-Sao_Paulo-242-873835-76224585-0,4.6,-23.581291,-46.4146645,,,,1,2023-06-19T16:11:17+00:00
SAO_3064-10,São Paulo,3550308,True,Urubupungá,980,https://moovitapp.com/index/pt-br/transporte_p%C3%BAblico-line-980-Sao_Paulo-242-873835-76224585-0,4.6,-23.588985,-46.408651,,,,1,2023-06-19T16:11:35+00:00
SAO_3064-10,São Paulo,3550308,True,Urubupungá,980,https://moovitapp.com/index/pt-br/transporte_p%C3%BAblico-line-980-Sao_Paulo-242-873835-76224585-0,4.6,-23.560893,-46.416879,,,,1,2023-06-19T16:11:18+00:00
SAO_3064-10,São Paulo,3550308,True,Urubupungá,980,https://moovitapp.com/index/pt-br/transporte_p%C3%BAblico-line-980-Sao_Paulo-242-873835-76224585-0,4.6,-23.542768,-46.41466525,,,,1,2023-06-19T16:06:55+00:00
SAO_3064-10,São Paulo,3550308,True,Urubupungá,980,https://moovitapp.com/index/pt-br/transporte_p%C3%BAblico-line-980-Sao_Paulo-242-873835-76224585-0,4.6,-23.5992885,-46.401830000000004,,,,1,2023-06-19T16:11:40+00:00
SAO_637A-10,São Paulo,3550308,True,,185,,,-23.690886,-46.774112,,,,1,2023-06-19T16:11:32+00:00
SAO_637A-10,São Paulo,3550308,True,,185,,,-23.690886,-46.774112,,,,1,2023-06-19T16:11:27+00:00
SAO_637A-10,São Paulo,3550308,True,,185,,,-23.5733195,-46.689200125,,,,1,2023-06-19T16:11:31+00:00
SAO_637A-10,São Paulo,3550308,True,,185,,,-23.5929895,-46.692148,,,,1,2023-06-19T16:11:38+00:00
SAO_637A-10,São Paulo,3550308,True,,185,,,-23.624129,-46.704550999999995,,,,1,2023-06-19T16:11:24+00:00
SAO_637A-10,São Paulo,3550308,True,,185,,,-23.65076,-46.718753,,,,1,2023-06-19T16:11:43+00:00
SAO_637A-10,São Paulo,3550308,True,,185,,,-23.690886,-46.774112,,,,1,2023-06-19T16:11:36+00:00
SAO_637A-10,São Paulo,3550308,True,,185,,,-23.5929895,-46.692148,,,,1,2023-06-19T16:11:28+00:00
SAO_637A-10,São Paulo,3550308,True,,185,,,-23.576448749999997,-46.6872905,,,,1,2023-06-19T16:11:03+00:00
SAO_637A-10,São Paulo,3550308,True,,185,,,-23.690886,-46.774112,,,,1,2023-06-19T16:11:13+00:00
SAO_637A-10,São Paulo,3550308,True,,185,,,-23.5826205,-46.683752,,,,1,2023-06-19T16:11:32+00:00
SAO_637A-10,São Paulo,3550308,True,,185,,,-23.565859,-46.7013775,,,,1,2023-06-19T16:11:35+00:00
SAO_637A-10,São Paulo,3550308,True,,185,,,-23.669815749999998,-46.73685449999999,,,,1,2023-06-19T16:11:24+00:00
SAO_637A-10,São Paulo,3550308,True,,185,,,-23.6873875,-46.771598,,,,1,2023-06-19T16:11:01+00:00
SAO_637A-10,São Paulo,3550308,True,,185,,,-23.565214249999997,-46.7010625,,,,1,2023-06-19T16:11:03+00:00
SAO_637A-10,São Paulo,3550308,True,,185,,,-23.690886,-46.774112,,,,1,2023-06-19T16:11:14+00:00
SAO_637A-10,São Paulo,3550308,True,,185,,,-23.625459,-46.7084625,,,,1,2023-06-19T16:10:32+00:00
SAO_2076-10,São Paulo,3550308,True,,33136,,,-23.52422,-46.548732,,,,2,2023-06-19T16:11:34+00:00
SAO_2076-10,São Paulo,3550308,True,,33136,,,-23.50405875,-46.374887,,,,2,2023-06-19T16:11:34+00:00
SAO_2076-10,São Paulo,3550308,True,,33136,,,-23.4948945,-46.427969250000004,,,,2,2023-06-19T16:11:15+00:00
SAO_2076-10,São Paulo,3550308,True,,33136,,,-23.497141499999998,-46.453717,,,,2,2023-06-19T16:11:25+00:00
SAO_2076-10,São Paulo,3550308,True,,33136,,,-23.499859,-46.385782000000006,,,,2,2023-06-19T16:11:37+00:00
SAO_2076-10,São Paulo,3550308,True,,33136,,,-23.510763,-46.50323,,,,2,2023-06-19T16:11:42+00:00
SAO_546L-10,São Paulo,3550308,True,,34053,,,-23.689283749999998,-46.63762525,,,,2,2023-06-19T16:11:36+00:00
SAO_546L-10,São Paulo,3550308,True,,34053,,,-23.66334525,-46.710302999999996,,,,2,2023-06-19T16:11:15+00:00
SAO_546L-10,São Paulo,3550308,True,,34053,,,-23.68928725,-46.63729575,,,,2,2023-06-19T16:11:34+00:00
SAO_546L-10,São Paulo,3550308,True,,34053,,,-23.68928725,-46.63729575,,,,2,2023-06-19T16:11:44+00:00
SAO_546L-10,São Paulo,3550308,True,,34053,,,-23.689283749999998,-46.63762525,,,,2,2023-06-19T16:11:08+00:00
SAO_546L-10,São Paulo,3550308,True,,34053,,,-23.6890775,-46.637954,,,,2,2023-06-19T16:11:31+00:00
SAO_546L-10,São Paulo,3550308,True,,34053,,,-23.678711,-46.6567585,,,,2,2023-06-19T16:09:54+00:00
SAO_546L-10,São Paulo,3550308,True,,34053,,,-23.680100125000003,-46.692797562500004,,,,2,2023-06-19T16:06:36+00:00
SAO_5129-10,São Paulo,3550308,True,,34049,,,-23.6741185,-46.6780075,,,,2,2023-06-19T16:11:12+00:00
SAO_5129-10,São Paulo,3550308,True,,34049,,,-23.6833915,-46.634699499999996,,,,2,2023-06-19T16:11:32+00:00
SAO_5129-10,São Paulo,3550308,True,,34049,,,-23.6801235,-46.637139000000005,,,,2,2023-06-19T16:11:26+00:00
SAO_5129-10,São Paulo,3550308,True,,34049,,,-23.668323,-46.735209499999996,,,,2,2023-06-19T16:11:32+00:00
SAO_5129-10,São Paulo,3550308,True,,34049,,,-23.6693775,-46.649161500000005,,,,2,2023-06-19T16:11:24+00:00
SAO_5129-10,São Paulo,3550308,True,,34049,,,-23.680194,-46.63726,,,,2,2023-06-19T16:11:32+00:00
SAO_5129-10,São Paulo,3550308,True,,34049,,,-23.66726,-46.705633000000006,,,,2,2023-06-19T16:11:33+00:00
SAO_6232-10,São Paulo,3550308,True,,33251,,,-23.54590575,-46.708266,,,,2,2023-06-19T16:11:39+00:00
SAO_6232-10,São Paulo,3550308,True,,33251,,,-23.552603625000003,-46.6746615,,,,2,2023-06-19T16:11:15+00:00
SAO_2123-10,São Paulo,3550308,True,,33460,,,-23.5313595,-46.6157325,,,,2,2023-06-19T16:11:35+00:00
SAO_2123-10,São Paulo,3550308,True,,33460,,,-23.488902500000002,-46.5819175,,,,2,2023-06-19T16:11:26+00:00
SAO_2123-10,São Paulo,3550308,True,,33460,,,-23.499913,-46.5914415,,,,2,2023-06-19T16:11:24+00:00
SAO_2123-10,São Paulo,3550308,True,,33460,,,-23.553599,-46.63323275,,,,2,2023-06-19T16:11:19+00:00
SAO_2123-10,São Paulo,3550308,True,,33460,,,-23.4884535,-46.582411,,,,2,2023-06-19T16:11:41+00:00
SAO_2123-10,São Paulo,3550308,True,,33460,,,-23.4886805,-46.582163,,,,2,2023-06-19T16:11:28+00:00
SAO_148P-10,São Paulo,3550308,True,EMTU,534,https://moovitapp.com/index/pt-br/transporte_p%C3%BAblico-line-534-Sao_Paulo-242-2038937-36419546-0,6.3,-23.50283425,-46.6530875,,,,1,2023-06-19T16:11:10+00:00
SAO_148P-10,São Paulo,3550308,True,EMTU,534,https://moovitapp.com/index/pt-br/transporte_p%C3%BAblico-line-534-Sao_Paulo-242-2038937-36419546-0,6.3,-23.4559255,-46.6455415,,,,1,2023-06-19T16:11:12+00:00
SAO_148P-10,São Paulo,3550308,True,EMTU,534,https://moovitapp.com/index/pt-br/transporte_p%C3%BAblico-line-534-Sao_Paulo-242-2038937-36419546-0,6.3,-23.526390499999998,-46.665944999999994,,,,1,2023-06-19T16:11:23+00:00
SAO_148P-10,São Paulo,3550308,True,EMTU,534,https://moovitapp.com/index/pt-br/transporte_p%C3%BAblico-line-534-Sao_Paulo-242-2038937-36419546-0,6.3,-23.4709815,-46.65066,,,,1,2023-06-19T16:11:07+00:00
SAO_5119-22,São Paulo,3550308,True,,34892,,,-23.6440135,-46.734696,,,,2,2023-06-19T16:11:18+00:00
SAO_5119-22,São Paulo,3550308,True,,34892,,,-23.597297,-46.7086415,,,,2,2023-06-19T16:11:19+00:00
SAO_5119-22,São Paulo,3550308,True,,34892,,,-23.561584,-46.6443345,,,,2,2023-06-19T16:11:01+00:00
SAO_5011-10,São Paulo,3550308,True,,33883,,,-23.657406,-46.701090625000006,,,,2,2023-06-19T16:11:17+00:00
SAO_5011-10,São Paulo,3550308,True,,33883,,,-23.714038000000002,-46.620949249999995,,,,2,2023-06-19T16:09:59+00:00
SAO_5011-10,São Paulo,3550308,True,,33883,,,-23.7103285,-46.62034,,,,2,2023-06-19T16:11:10+00:00
SAO_5011-10,São Paulo,3550308,True,,33883,,,-23.697120375,-46.670897375,,,,2,2023-06-19T16:11:11+00:00
SAO_5011-10,São Paulo,3550308,True,,33883,,,-23.7103285,-46.62034,,,,2,2023-06-19T16:11:43+00:00
SAO_5011-10,São Paulo,3550308,True,,33883,,,-23.7013095,-46.6454655,,,,2,2023-06-19T16:11:32+00:00
SAO_5011-10,São Paulo,3550308,True,,33883,,,-23.7013095,-46.6454655,,,,2,2023-06-19T16:11:21+00:00
SAO_5011-10,São Paulo,3550308,True,,33883,,,-23.710393,-46.62002425,,,,2,2023-06-19T16:11:15+00:00
SAO_5011-10,São Paulo,3550308,True,,33883,,,-23.654356,-46.704178,,,,2,2023-06-19T16:11:39+00:00
SAO_6358-10,São Paulo,3550308,True,,1294,,,-23.573214125,-46.665908,,,,1,2023-06-19T16:11:35+00:00
SAO_6358-10,São Paulo,3550308,True,,1294,,,-23.63058775,-46.6836225,,,,1,2023-06-19T16:11:11+00:00
SAO_6358-10,São Paulo,3550308,True,,1294,,,-23.661416000000003,-46.662572499999996,,,,1,2023-06-19T16:11:36+00:00
SAO_6358-10,São Paulo,3550308,True,,1294,,,-23.61449,-46.6723805,,,,1,2023-06-19T16:11:08+00:00
SAO_6358-10,São Paulo,3550308,True,,1294,,,-23.580157999999997,-46.660097,,,,1,2023-06-19T16:11:16+00:00
SAO_6358-10,São Paulo,3550308,True,,1294,,,-23.6079315,-46.666180999999995,,,,1,2023-06-19T16:11:44+00:00
SAO_6358-10,São Paulo,3550308,True,,1294,,,-23.564640500000003,-46.6570085,,,,1,2023-06-19T16:11:27+00:00
SAO_6358-10,São Paulo,3550308,True,,1294,,,-23.611677750000002,-46.6697275,,,,1,2023-06-19T16:11:11+00:00
SAO_6358-10,São Paulo,3550308,True,,1294,,,-23.61056,-46.668665250000004,,,,1,2023-06-19T16:11:30+00:00
SAO_7060-10,São Paulo,3550308,True,,34657,,,-23.65193875,-46.77850025,,,,2,2023-06-19T16:11:12+00:00
SAO_351F-10,São Paulo,3550308,True,,33455,,,-23.5591065,-46.520874,,,,2,2023-06-19T16:11:15+00:00
SAO_351F-10,São Paulo,3550308,True,,33455,,,-23.4607885,-46.5831555,,,,2,2023-06-19T16:10:24+00:00
SAO_351F-10,São Paulo,3550308,True,,33455,,,-23.4618045,-46.5828915,,,,2,2023-06-19T16:11:23+00:00
SAO_351F-10,São Paulo,3550308,True,,33455,,,-23.546034187500005,-46.5574125,,,,2,2023-06-19T16:11:40+00:00
SAO_351F-10,São Paulo,3550308,True,,33455,,,-23.4876755,-46.56861325,,,,2,2023-06-19T16:07:48+00:00
SAO_351F-10,São Paulo,3550308,True,,33455,,,-23.4618045,-46.5828915,,,,2,2023-06-19T16:11:09+00:00
SAO_6913-10,São Paulo,3550308,True,,34233,,,-23.57507975,-46.66874525,,,,2,2023-06-19T16:11:00+00:00
SAO_6913-10,São Paulo,3550308,True,,34233,,,-23.595443500000002,-46.6732535,,,,2,2023-06-19T16:11:43+00:00
SAO_6913-10,São Paulo,3550308,True,,34233,,,-23.7655,-46.717863,,,,2,2023-06-19T16:11:02+00:00
SAO_6913-10,São Paulo,3550308,True,,34233,,,-23.6936965,-46.714915000000005,,,,2,2023-06-19T16:11:22+00:00
SAO_6913-10,São Paulo,3550308,True,,34233,,,-23.6613095,-46.707041,,,,2,2023-06-19T16:11:38+00:00
SAO_6913-10,São Paulo,3550308,True,,34233,,,-23.717851125,-46.700298875,,,,2,2023-06-19T16:11:21+00:00
SAO_6913-10,São Paulo,3550308,True,,34233,,,-23.767727999999998,-46.7167135,,,,2,2023-06-19T16:11:41+00:00
SAO_6913-10,São Paulo,3550308,True,,34233,,,-23.596951,-46.6738295,,,,2,2023-06-19T16:11:42+00:00
SAO_6913-10,São Paulo,3550308,True,,34233,,,-23.632466,-46.692088375000004,,,,2,2023-06-19T16:11:30+00:00
SAO_6913-10,São Paulo,3550308,True,,34233,,,-23.6461575625,-46.70273725,,,,2,2023-06-19T16:11:25+00:00
SAO_6913-10,São Paulo,3550308,True,,34233,,,-23.7171235,-46.70471,,,,2,2023-06-19T16:11:24+00:00
SAO_6913-10,São Paulo,3550308,True,,34233,,,-23.684289999999997,-46.714546999999996,,,,2,2023-06-19T16:11:13+00:00
SAO_6913-10,São Paulo,3550308,True,,34233,,,-23.661460500000004,-46.706833,,,,2,2023-06-19T16:11:29+00:00
SAO_6913-10,São Paulo,3550308,True,,34233,,,-23.575943000000002,-46.669936,,,,2,2023-06-19T16:11:27+00:00
SAO_6913-10,São Paulo,3550308,True,,34233,,,-23.570276999999997,-46.662268,,,,2,2023-06-19T16:11:42+00:00
SAO_6913-10,São Paulo,3550308,True,,34233,,,-23.5589985,-46.6541765,,,,2,2023-06-19T16:11:43+00:00
SAO_6913-10,São Paulo,3550308,True,,34233,,,-23.758149500000002,-46.7149455,,,,2,2023-06-19T16:11:30+00:00
SAO_6913-10,São Paulo,3550308,True,,34233,,,-23.593024874999998,-46.67293325,,,,2,2023-06-19T16:11:29+00:00
SAO_6007-10,São Paulo,3550308,True,,176,,,-23.665326,-46.732175,,,,1,2023-06-19T16:09:09+00:00
SAO_6007-10,São Paulo,3550308,True,,176,,,-23.661763999999998,-46.7536975,,,,1,2023-06-19T16:11:25+00:00
SAO_6007-10,São Paulo,3550308,True,,176,,,-23.6547415,-46.762824499999994,,,,1,2023-06-19T16:11:42+00:00
SAO_6007-10,São Paulo,3550308,True,,176,,,-23.661545500000003,-46.736228999999994,,,,1,2023-06-19T16:09:57+00:00
SAO_2020-10,São Paulo,3550308,True,,2262,,,-23.458434500000003,-46.608059499999996,,,,1,2023-06-19T16:11:16+00:00
SAO_2020-10,São Paulo,3550308,True,,2262,,,-23.4597075,-46.602514,,,,1,2023-06-19T16:11:02+00:00
SAO_2020-10,São Paulo,3550308,True,,2262,,,-23.4584075,-46.6085465,,,,1,2023-06-19T16:09:10+00:00
SAO_675R-10,São Paulo,3550308,True,,32877,,,-23.7543765,-46.6802115,,,,2,2023-06-19T16:11:30+00:00
SAO_675R-10,São Paulo,3550308,True,,32877,,,-23.644400500000003,-46.65818900000001,,,,2,2023-06-19T16:11:37+00:00
SAO_675R-10,São Paulo,3550308,True,,32877,,,-23.7391755,-46.69092175,,,,2,2023-06-19T16:11:24+00:00
SAO_675R-10,São Paulo,3550308,True,,32877,,,-23.682329250000002,-46.689896250000004,,,,2,2023-06-19T16:10:17+00:00
SAO_177H-10,São Paulo,3550308,True,,33398,,,-23.503036,-46.624043,,,,2,2023-06-19T16:11:01+00:00
SAO_177H-10,São Paulo,3550308,True,,33398,,,-23.5689015,-46.697177499999995,,,,2,2023-06-19T16:11:10+00:00
SAO_177H-10,São Paulo,3550308,True,,33398,,,-23.52906,-46.660745500000004,,,,2,2023-06-19T16:11:24+00:00
SAO_177H-10,São Paulo,3550308,True,,33398,,,-23.551792624999997,-46.66072675,,,,2,2023-06-19T16:11:09+00:00
SAO_177H-10,São Paulo,3550308,True,,33398,,,-23.4975915,-46.65054775,,,,2,2023-06-19T16:11:02+00:00
SAO_5300-10,São Paulo,3550308,True,,33122,,,-23.6433235,-46.70051375,,,,2,2023-06-19T16:11:36+00:00
SAO_5300-10,São Paulo,3550308,True,,33122,,,-23.576378750000003,-46.643206750000004,,,,2,2023-06-19T16:11:40+00:00
SAO_5300-10,São Paulo,3550308,True,,33122,,,-23.547731,-46.6300275,,,,2,2023-06-19T16:11:30+00:00
SAO_5300-10,São Paulo,3550308,True,,33122,,,-23.591874,-46.6517115,,,,2,2023-06-19T16:11:41+00:00
SAO_5300-10,São Paulo,3550308,True,,33122,,,-23.614942624999998,-46.67297025,,,,2,2023-06-19T16:11:22+00:00
SAO_5300-10,São Paulo,3550308,True,,33122,,,-23.550262,-46.634153999999995,,,,2,2023-06-19T16:11:35+00:00
SAO_5300-10,São Paulo,3550308,True,,33122,,,-23.640248,-46.6968045,,,,2,2023-06-19T16:11:26+00:00
SAO_5318-10,São Paulo,3550308,True,,45,,,-23.665154625,-46.753176499999995,,,,1,2023-06-19T16:11:41+00:00
SAO_5318-10,São Paulo,3550308,True,,45,,,-23.6376755,-46.6981275,,,,1,2023-06-19T16:11:19+00:00
SAO_5318-10,São Paulo,3550308,True,,45,,,-23.632115499999998,-46.71053225,,,,1,2023-06-19T16:11:09+00:00
SAO_5318-10,São Paulo,3550308,True,,45,,,-23.6566125,-46.73590299999999,,,,1,2023-06-19T16:11:22+00:00
SAO_5318-10,São Paulo,3550308,True,,45,,,-23.613077625,-46.671047125,,,,1,2023-06-19T16:11:27+00:00
SAO_5318-10,São Paulo,3550308,True,,45,,,-23.613378875,-46.671331374999994,,,,1,2023-06-19T16:11:33+00:00
SAO_5318-10,São Paulo,3550308,True,,45,,,-23.550115500000004,-46.635157,,,,1,2023-06-19T16:11:28+00:00
SAO_5318-10,São Paulo,3550308,True,,45,,,-23.601445,-46.660093375,,,,1,2023-06-19T16:11:43+00:00
SAO_8605-10,São Paulo,3550308,True,,34685,,,-23.549426,-46.639907,,,,2,2023-06-19T16:11:43+00:00
SAO_8605-10,São Paulo,3550308,True,,34685,,,-23.610397,-46.752508500000005,,,,2,2023-06-19T16:11:15+00:00
SAO_8605-10,São Paulo,3550308,True,,34685,,,-23.592548374999996,-46.73287125,,,,2,2023-06-19T16:11:13+00:00
SAO_8605-10,São Paulo,3550308,True,,34685,,,-23.5792755,-46.677097,,,,2,2023-06-19T16:11:17+00:00
SAO_8605-10,São Paulo,3550308,True,,34685,,,-23.624128499999998,-46.764346,,,,2,2023-06-19T16:11:04+00:00
SAO_8605-10,São Paulo,3550308,True,,34685,,,-23.549426,-46.639907,,,,2,2023-06-19T16:11:19+00:00
SAO_8605-10,São Paulo,3550308,True,,34685,,,-23.584695,-46.718325,,,,2,2023-06-19T16:11:44+00:00
SAO_6048-10,São Paulo,3550308,True,BR7 Mobilidade,56,https://moovitapp.com/index/pt-br/transporte_p%C3%BAblico-line-56-Sao_Paulo-242-851856-518592-0,5.75,-23.6805215,-46.769168500000006,,,,1,2023-06-19T16:11:21+00:00
SAO_6048-10,São Paulo,3550308,True,BR7 Mobilidade,56,https://moovitapp.com/index/pt-br/transporte_p%C3%BAblico-line-56-Sao_Paulo-242-851856-518592-0,5.75,-23.64951,-46.7071935,,,,1,2023-06-19T16:11:02+00:00
SAO_6048-10,São Paulo,3550308,True,BR7 Mobilidade,56,https://moovitapp.com/index/pt-br/transporte_p%C3%BAblico-line-56-Sao_Paulo-242-851856-518592-0,5.75,-23.67882,-46.77142675,,,,1,2023-06-19T16:11:22+00:00
SAO_6048-10,São Paulo,3550308,True,BR7 Mobilidade,56,https://moovitapp.com/index/pt-br/transporte_p%C3%BAblico-line-56-Sao_Paulo-242-851856-518592-0,5.75,-23.6805215,-46.769168500000006,,,,1,2023-06-19T16:11:29+00:00
SAO_6048-10,São Paulo,3550308,True,BR7 Mobilidade,56,https://moovitapp.com/index/pt-br/transporte_p%C3%BAblico-line-56-Sao_Paulo-242-851856-518592-0,5.75,-23.6805215,-46.769168500000006,,,,1,2023-06-19T16:11:26+00:00
SAO_6048-10,São Paulo,3550308,True,BR7 Mobilidade,56,https://moovitapp.com/index/pt-br/transporte_p%C3%BAblico-line-56-Sao_Paulo-242-851856-518592-0,5.75,-23.649341,-46.750743,,,,1,2023-06-19T16:11:22+00:00
SAO_4002-10,São Paulo,3550308,True,,34945,,,-23.5591695,-46.3996545,,,,2,2023-06-19T16:11:00+00:00
SAO_4002-10,São Paulo,3550308,True,,34945,,,-23.5626435,-46.515698,,,,2,2023-06-19T16:11:05+00:00
SAO_4002-10,São Paulo,3550308,True,,34945,,,-23.542189,-46.418378000000004,,,,2,2023-06-19T16:11:32+00:00
SAO_4002-10,São Paulo,3550308,True,,34945,,,-23.55495,-46.464417499999996,,,,2,2023-06-19T16:11:16+00:00
SAO_4002-10,São Paulo,3550308,True,,34945,,,-23.557927,-46.399613,,,,2,2023-06-19T16:11:20+00:00
SAO_4002-10,São Paulo,3550308,True,,34945,,,-23.54553125,-46.4086955,,,,2,2023-06-19T16:11:21+00:00
SAO_809A-10,São Paulo,3550308,True,,2069,,,-23.5757895,-46.7796515,,,,1,2023-06-19T16:11:18+00:00
SAO_809A-10,São Paulo,3550308,True,,2069,,,-23.581245499999998,-46.730176125,,,,1,2023-06-19T16:11:04+00:00
SAO_809A-10,São Paulo,3550308,True,,2069,,,-23.575936499999997,-46.775704000000005,,,,1,2023-06-19T16:11:34+00:00
SAO_809A-10,São Paulo,3550308,True,,2069,,,-23.565859,-46.7013775,,,,1,2023-06-19T16:11:10+00:00
SAO_475R-10,São Paulo,3550308,True,,33112,,,-23.653473499999997,-46.608090000000004,,,,2,2023-06-19T16:11:22+00:00
SAO_475R-10,São Paulo,3550308,True,,33112,,,-23.5492855,-46.62964375,,,,2,2023-06-19T16:11:35+00:00
SAO_475R-10,São Paulo,3550308,True,,33112,,,-23.5470345,-46.6298525,,,,2,2023-06-19T16:11:37+00:00
SAO_475R-10,São Paulo,3550308,True,,33112,,,-23.5470345,-46.6298525,,,,2,2023-06-19T16:11:08+00:00
SAO_475R-10,São Paulo,3550308,True,,33112,,,-23.5824375,-46.649242,,,,2,2023-06-19T16:10:58+00:00
SAO_475R-10,São Paulo,3550308,True,,33112,,,-23.61655275,-46.63886600000001,,,,2,2023-06-19T16:11:16+00:00
SAO_475R-10,São Paulo,3550308,True,,33112,,,-23.6537185,-46.608308,,,,2,2023-06-19T16:11:01+00:00
SAO_475R-10,São Paulo,3550308,True,,33112,,,-23.5470345,-46.6298525,,,,2,2023-06-19T16:11:23+00:00
SAO_475R-10,São Paulo,3550308,True,,33112,,,-23.65571025,-46.61434625,,,,2,2023-06-19T16:11:40+00:00
SAO_475R-10,São Paulo,3550308,True,,33112,,,-23.5470345,-46.6298525,,,,2,2023-06-19T16:11:39+00:00
SAO_475R-10,São Paulo,3550308,True,,33112,,,-23.645412,-46.6259615,,,,2,2023-06-19T16:08:50+00:00
SAO_475R-10,São Paulo,3550308,True,,33112,,,-23.5984965,-46.637418499999995,,,,2,2023-06-19T16:11:14+00:00
SAO_475R-10,São Paulo,3550308,True,,33112,,,-23.6533875,-46.6079955,,,,2,2023-06-19T16:11:12+00:00
SAO_475R-10,São Paulo,3550308,True,,33112,,,-23.576434875,-46.65735325,,,,2,2023-06-19T16:11:16+00:00
SAO_9191-10,São Paulo,3550308,True,EMTU,810,https://moovitapp.com/index/pt-br/transporte_p%C3%BAblico-line-810-Sao_Paulo-242-2038937-36419585-0,5.4,-23.503915,-46.673922625,,,,1,2023-06-19T16:11:27+00:00
SAO_9191-10,São Paulo,3550308,True,EMTU,810,https://moovitapp.com/index/pt-br/transporte_p%C3%BAblico-line-810-Sao_Paulo-242-2038937-36419585-0,5.4,-23.496645,-46.683242,,,,1,2023-06-19T16:11:09+00:00
SAO_9191-10,São Paulo,3550308,True,EMTU,810,https://moovitapp.com/index/pt-br/transporte_p%C3%BAblico-line-810-Sao_Paulo-242-2038937-36419585-0,5.4,-23.471132,-46.665958,,,,1,2023-06-19T16:11:41+00:00
SAO_9191-10,São Paulo,3550308,True,EMTU,810,https://moovitapp.com/index/pt-br/transporte_p%C3%BAblico-line-810-Sao_Paulo-242-2038937-36419585-0,5.4,-23.460222,-46.676261999999994,,,,1,2023-06-19T16:11:05+00:00
SAO_9191-10,São Paulo,3550308,True,EMTU,810,https://moovitapp.com/index/pt-br/transporte_p%C3%BAblico-line-810-Sao_Paulo-242-2038937-36419585-0,5.4,-23.529371500000003,-46.636503000000005,,,,1,2023-06-19T16:11:02+00:00
SAO_9191-10,São Paulo,3550308,True,EMTU,810,https://moovitapp.com/index/pt-br/transporte_p%C3%BAblico-line-810-Sao_Paulo-242-2038937-36419585-0,5.4,-23.524542750000002,-46.66534625,,,,1,2023-06-19T16:11:02+00:00
SAO_6118-10,São Paulo,3550308,True,,33956,,,-23.752415999999997,-46.70257425,,,,2,2023-06-19T16:11:04+00:00
SAO_6118-10,São Paulo,3550308,True,,33956,,,-23.752056,-46.7021105,,,,2,2023-06-19T16:11:17+00:00
SAO_6118-10,São Paulo,3550308,True,,33956,,,-23.752415999999997,-46.70257425,,,,2,2023-06-19T16:11:41+00:00
SAO_6118-10,São Paulo,3550308,True,,33956,,,-23.679568,-46.7064825,,,,2,2023-06-19T16:11:43+00:00
SAO_6118-10,São Paulo,3550308,True,,33956,,,-23.702490625,-46.701837375,,,,2,2023-06-19T16:11:23+00:00
SAO_6118-10,São Paulo,3550308,True,,33956,,,-23.654134499999998,-46.708625,,,,2,2023-06-19T16:11:44+00:00
SAO_6118-10,São Paulo,3550308,True,,33956,,,-23.752540500000002,-46.7027275,,,,2,2023-06-19T16:11:12+00:00
SAO_6118-10,São Paulo,3550308,True,,33956,,,-23.7508805,-46.7007675,,,,2,2023-06-19T16:11:31+00:00
SAO_5362-10,São Paulo,3550308,True,BR7 Mobilidade,70,https://moovitapp.com/index/pt-br/transporte_p%C3%BAblico-line-70-Sao_Paulo-242-851856-2250296-0,5.75,-23.605598999999998,-46.664002499999995,,,,1,2023-06-19T16:11:04+00:00
SAO_5362-10,São Paulo,3550308,True,BR7 Mobilidade,70,https://moovitapp.com/index/pt-br/transporte_p%C3%BAblico-line-70-Sao_Paulo-242-851856-2250296-0,5.75,-23.570394125,-46.640717249999994,,,,1,2023-06-19T16:11:21+00:00
SAO_5362-10,São Paulo,3550308,True,BR7 Mobilidade,70,https://moovitapp.com/index/pt-br/transporte_p%C3%BAblico-line-70-Sao_Paulo-242-851856-2250296-0,5.75,-23.6071845,-46.665484,,,,1,2023-06-19T16:11:28+00:00
SAO_5362-10,São Paulo,3550308,True,BR7 Mobilidade,70,https://moovitapp.com/index/pt-br/transporte_p%C3%BAblico-line-70-Sao_Paulo-242-851856-2250296-0,5.75,-23.755035499999998,-46.678661,,,,1,2023-06-19T16:11:41+00:00
SAO_5362-10,São Paulo,3550308,True,BR7 Mobilidade,70,https://moovitapp.com/index/pt-br/transporte_p%C3%BAblico-line-70-Sao_Paulo-242-851856-2250296-0,5.75,-23.7445215,-46.670979,,,,1,2023-06-19T16:11:44+00:00
SAO_5362-10,São Paulo,3550308,True,BR7 Mobilidade,70,https://moovitapp.com/index/pt-br/transporte_p%C3%BAblico-line-70-Sao_Paulo-242-851856-2250296-0,5.75,-23.754748874999997,-46.674664375,,,,1,2023-06-19T16:07:23+00:00
SAO_5362-10,São Paulo,3550308,True,BR7 Mobilidade,70,https://moovitapp.com/index/pt-br/transporte_p%C3%BAblico-line-70-Sao_Paulo-242-851856-2250296-0,5.75,-23.726964000000002,-46.6992625,,,,1,2023-06-19T16:11:31+00:00
SAO_5362-10,São Paulo,3550308,True,BR7 Mobilidade,70,https://moovitapp.com/index/pt-br/transporte_p%C3%BAblico-line-70-Sao_Paulo-242-851856-2250296-0,5.75,-23.618442,-46.6761025,,,,1,2023-06-19T16:11:18+00:00
SAO_5362-10,São Paulo,3550308,True,BR7 Mobilidade,70,https://moovitapp.com/index/pt-br/transporte_p%C3%BAblico-line-70-Sao_Paulo-242-851856-2250296-0,5.75,-23.7445215,-46.670979,,,,1,2023-06-19T16:11:21+00:00
SAO_5362-10,São Paulo,3550308,True,BR7 Mobilidade,70,https://moovitapp.com/index/pt-br/transporte_p%C3%BAblico-line-70-Sao_Paulo-242-851856-2250296-0,5.75,-23.751331,-46.688252,,,,1,2023-06-19T16:11:30+00:00
SAO_5362-10,São Paulo,3550308,True,BR7 Mobilidade,70,https://moovitapp.com/index/pt-br/transporte_p%C3%BAblico-line-70-Sao_Paulo-242-851856-2250296-0,5.75,-23.684355500000002,-46.714387,,,,1,2023-06-19T16:11:00+00:00
SAO_5362-10,São Paulo,3550308,True,BR7 Mobilidade,70,https://moovitapp.com/index/pt-br/transporte_p%C3%BAblico-line-70-Sao_Paulo-242-851856-2250296-0,5.75,-23.575944999999997,-46.64233525,,,,1,2023-06-19T16:11:33+00:00
SAO_6812-10,São Paulo,3550308,True,,34010,,,-23.73195075,-46.790341,,,,2,2023-06-19T16:11:37+00:00
SAO_6812-10,São Paulo,3550308,True,,34010,,,-23.73195075,-46.790341,,,,2,2023-06-19T16:11:33+00:00
SAO_6812-10,São Paulo,3550308,True,,34010,,,-23.6812345,-46.7662805,,,,2,2023-06-19T16:11:20+00:00
SAO_6812-10,São Paulo,3550308,True,,34010,,,-23.6518665,-46.702183500000004,,,,2,2023-06-19T16:11:44+00:00
SAO_6812-10,São Paulo,3550308,True,,34010,,,-23.6671625,-46.727432,,,,2,2023-06-19T16:11:16+00:00
SAO_709M-10,São Paulo,3550308,True,,35230,,,-23.579043,-46.6859035,,,,2,2023-06-19T16:11:34+00:00
SAO_709M-10,São Paulo,3550308,True,,35230,,,-23.624219500000002,-46.695242500000006,,,,2,2023-06-19T16:11:18+00:00
SAO_709M-10,São Paulo,3550308,True,,35230,,,-23.567660625000002,-46.6980505,,,,2,2023-06-19T16:11:12+00:00
SAO_709M-10,São Paulo,3550308,True,,35230,,,-23.650370000000002,-46.7069175,,,,2,2023-06-19T16:11:28+00:00
SAO_695Y-10,São Paulo,3550308,True,,1198,,,-23.61187725,-46.669914500000004,,,,1,2023-06-19T16:11:21+00:00
SAO_695Y-10,São Paulo,3550308,True,,1198,,,-23.65173375,-46.702795,,,,1,2023-06-19T16:11:07+00:00
SAO_695Y-10,São Paulo,3550308,True,,1198,,,-23.827535500000003,-46.7273075,,,,1,2023-06-19T16:11:03+00:00
SAO_695Y-10,São Paulo,3550308,True,,1198,,,-23.747865500000003,-46.708211,,,,1,2023-06-19T16:11:07+00:00
SAO_695Y-10,São Paulo,3550308,True,,1198,,,-23.826782,-46.7298025,,,,1,2023-06-19T16:11:19+00:00
SAO_695Y-10,São Paulo,3550308,True,,1198,,,-23.681303749999998,-46.694077750000005,,,,1,2023-06-19T16:09:15+00:00
SAO_695Y-10,São Paulo,3550308,True,,1198,,,-23.8283035,-46.727239999999995,,,,1,2023-06-19T16:10:59+00:00
SAO_695Y-10,São Paulo,3550308,True,,1198,,,-23.615292,-46.673125999999996,,,,1,2023-06-19T16:11:31+00:00
SAO_695Y-10,São Paulo,3550308,True,,1198,,,-23.591474499999997,-46.6357215,,,,1,2023-06-19T16:11:18+00:00
SAO_695Y-10,São Paulo,3550308,True,,1198,,,-23.5972135,-46.6382095,,,,1,2023-06-19T16:11:18+00:00
SAO_695Y-10,São Paulo,3550308,True,,1198,,,-23.59716,-46.64210875,,,,1,2023-06-19T16:11:31+00:00
SAO_695Y-10,São Paulo,3550308,True,,1198,,,-23.6067015,-46.665034500000004,,,,1,2023-06-19T16:11:26+00:00
SAO_807A-10,São Paulo,3550308,True,,1900,,,-23.6471235,-46.763646,,,,1,2023-06-19T16:11:01+00:00
SAO_807A-10,São Paulo,3550308,True,,1900,,,-23.654162499999998,-46.7129455,,,,1,2023-06-19T16:11:34+00:00
SAO_807A-10,São Paulo,3550308,True,,1900,,,-23.644928,-46.7187175,,,,1,2023-06-19T16:11:13+00:00
SAO_807A-10,São Paulo,3550308,True,,1900,,,-23.630661,-46.773396000000005,,,,1,2023-06-19T16:11:26+00:00
SAO_807A-10,São Paulo,3550308,True,,1900,,,-23.6538355,-46.7110955,,,,1,2023-06-19T16:11:17+00:00
SAO_2703-10,São Paulo,3550308,True,Urubupungá,915,https://moovitapp.com/index/pt-br/transporte_p%C3%BAblico-line-915-Sao_Paulo-242-873835-75841134-0,4.6,-23.529436750000002,-46.447427125000004,,,,1,2023-06-19T16:11:01+00:00
SAO_2703-10,São Paulo,3550308,True,Urubupungá,915,https://moovitapp.com/index/pt-br/transporte_p%C3%BAblico-line-915-Sao_Paulo-242-873835-75841134-0,4.6,-23.529542499999998,-46.420608,,,,1,2023-06-19T16:11:08+00:00
SAO_2703-10,São Paulo,3550308,True,Urubupungá,915,https://moovitapp.com/index/pt-br/transporte_p%C3%BAblico-line-915-Sao_Paulo-242-873835-75841134-0,4.6,-23.54291,-46.471635500000005,,,,1,2023-06-19T16:11:13+00:00
SAO_2703-10,São Paulo,3550308,True,Urubupungá,915,https://moovitapp.com/index/pt-br/transporte_p%C3%BAblico-line-915-Sao_Paulo-242-873835-75841134-0,4.6,-23.5290273125,-46.4179969375,,,,1,2023-06-19T16:11:11+00:00
SAO_2703-10,São Paulo,3550308,True,Urubupungá,915,https://moovitapp.com/index/pt-br/transporte_p%C3%BAblico-line-915-Sao_Paulo-242-873835-75841134-0,4.6,-23.529542499999998,-46.420608,,,,1,2023-06-19T16:11:37+00:00
SAO_2703-10,São Paulo,3550308,True,Urubupungá,915,https://moovitapp.com/index/pt-br/transporte_p%C3%BAblico-line-915-Sao_Paulo-242-873835-75841134-0,4.6,-23.529542499999998,-46.420608,,,,1,2023-06-19T16:10:59+00:00
SAO_2703-10,São Paulo,3550308,True,Urubupungá,915,https://moovitapp.com/index/pt-br/transporte_p%C3%BAblico-line-915-Sao_Paulo-242-873835-75841134-0,4.6,-23.529542499999998,-46.420608,,,,1,2023-06-19T16:11:16+00:00
SAO_2703-10,São Paulo,3550308,True,Urubupungá,915,https://moovitapp.com/index/pt-br/transporte_p%C3%BAblico-line-915-Sao_Paulo-242-873835-75841134-0,4.6,-23.529542499999998,-46.420608,,,,1,2023-06-19T16:11:26+00:00
SAO_2703-10,São Paulo,3550308,True,Urubupungá,915,https://moovitapp.com/index/pt-br/transporte_p%C3%BAblico-line-915-Sao_Paulo-242-873835-75841134-0,4.6,-23.5239115,-46.4301545,,,,1,2023-06-19T16:11:43+00:00
SAO_2703-10,São Paulo,3550308,True,Urubupungá,915,https://moovitapp.com/index/pt-br/transporte_p%C3%BAblico-line-915-Sao_Paulo-242-873835-75841134-0,4.6,-23.529542499999998,-46.420608,,,,1,2023-06-19T16:10:36+00:00
SAO_513C-31,São Paulo,3550308,True,,2536,,,-23.604843250000002,-46.56241825,,,,1,2023-06-19T16:11:32+00:00
SAO_513C-31,São Paulo,3550308,True,,2536,,,-23.599081499999997,-46.515750499999996,,,,1,2023-06-19T16:11:15+00:00
SAO_513C-31,São Paulo,3550308,True,,2536,,,-23.6068155,-46.563219000000004,,,,1,2023-06-19T16:11:03+00:00
SAO_4709-10,São Paulo,3550308,True,,333,,,-23.5894045,-46.634211,,,,1,2023-06-19T16:11:23+00:00
SAO_4709-10,São Paulo,3550308,True,,333,,,-23.6091905,-46.612398,,,,1,2023-06-19T16:11:23+00:00
SAO_263J-10,São Paulo,3550308,True,,32987,,,-23.523659000000002,-46.47507887500001,,,,2,2023-06-19T16:10:59+00:00
SAO_263J-10,São Paulo,3550308,True,,32987,,,-23.5257245,-46.474695749999995,,,,2,2023-06-19T16:11:05+00:00
SAO_263J-10,São Paulo,3550308,True,,32987,,,-23.5113895,-46.502336,,,,2,2023-06-19T16:11:32+00:00
SAO_263J-10,São Paulo,3550308,True,,32987,,,-23.5404575,-46.43755625,,,,2,2023-06-19T16:11:27+00:00
SAO_7181-10,São Paulo,3550308,True,,1332,,,-23.5839565,-46.68330425,,,,1,2023-06-19T16:11:36+00:00
SAO_7181-10,São Paulo,3550308,True,,1332,,,-23.5392145,-46.6461575,,,,1,2023-06-19T16:11:08+00:00
SAO_9789-10,São Paulo,3550308,True,,33597,,,-23.461478,-46.7084365,,,,2,2023-06-19T16:11:18+00:00
SAO_9789-10,São Paulo,3550308,True,,33597,,,-23.507705375,-46.6703935,,,,2,2023-06-19T16:11:36+00:00
SAO_9789-10,São Paulo,3550308,True,,33597,,,-23.4866485,-46.687214,,,,2,2023-06-19T16:11:31+00:00
SAO_9789-10,São Paulo,3550308,True,,33597,,,-23.461478,-46.7084365,,,,2,2023-06-19T16:11:36+00:00
SAO_9789-10,São Paulo,3550308,True,,33597,,,-23.51403275,-46.66653425,,,,2,2023-06-19T16:11:42+00:00
SAO_9789-10,São Paulo,3550308,True,,33597,,,-23.4740745,-46.6902355,,,,2,2023-06-19T16:11:37+00:00
SAO_9789-10,São Paulo,3550308,True,,33597,,,-23.488946874999996,-46.685630625,,,,2,2023-06-19T16:10:44+00:00
SAO_9789-10,São Paulo,3550308,True,,33597,,,-23.47278575,-46.69076325,,,,2,2023-06-19T16:11:02+00:00
SAO_3746-10,São Paulo,3550308,True,,33051,,,-23.5673605,-46.542109999999994,,,,2,2023-06-19T16:11:15+00:00
SAO_3746-10,São Paulo,3550308,True,,33051,,,-23.594203999999998,-46.502838,,,,2,2023-06-19T16:11:32+00:00
SAO_3746-10,São Paulo,3550308,True,,33051,,,-23.589621,-46.5080545,,,,2,2023-06-19T16:11:27+00:00
SAO_3746-10,São Paulo,3550308,True,,33051,,,-23.594489000000003,-46.503099,,,,2,2023-06-19T16:11:25+00:00
SAO_3746-10,São Paulo,3550308,True,,33051,,,-23.5821295,-46.5362375,,,,2,2023-06-19T16:11:09+00:00
SAO_3746-10,São Paulo,3550308,True,,33051,,,-23.543466375,-46.590280875,,,,2,2023-06-19T16:11:20+00:00
SAO_3746-10,São Paulo,3550308,True,,33051,,,-23.5946305,-46.503217500000005,,,,2,2023-06-19T16:11:27+00:00
SAO_3746-10,São Paulo,3550308,True,,33051,,,-23.57862425,-46.54116675,,,,2,2023-06-19T16:11:28+00:00
SAO_3746-10,São Paulo,3550308,True,,33051,,,-23.542912,-46.588283000000004,,,,2,2023-06-19T16:11:29+00:00
SAO_3746-10,São Paulo,3550308,True,,33051,,,-23.549926,-46.580749,,,,2,2023-06-19T16:11:39+00:00
SAO_3746-10,São Paulo,3550308,True,,33051,,,-23.594412499999997,-46.5029525,,,,2,2023-06-19T16:11:08+00:00
SAO_3746-10,São Paulo,3550308,True,,33051,,,-23.5946305,-46.503217500000005,,,,2,2023-06-19T16:11:35+00:00
SAO_4314-10,São Paulo,3550308,True,,34942,,,-23.556411500000003,-46.423050374999995,,,,2,2023-06-19T16:11:11+00:00
SAO_4314-10,São Paulo,3550308,True,,34942,,,-23.573559000000003,-46.3988215,,,,2,2023-06-19T16:11:00+00:00
SAO_4314-10,São Paulo,3550308,True,,34942,,,-23.53886275,-46.5458745,,,,2,2023-06-19T16:11:09+00:00
SAO_4314-10,São Paulo,3550308,True,,34942,,,-23.545823374999998,-46.59819725,,,,2,2023-06-19T16:11:04+00:00
SAO_4314-10,São Paulo,3550308,True,,34942,,,-23.5736485,-46.3986825,,,,2,2023-06-19T16:11:34+00:00
SAO_4314-10,São Paulo,3550308,True,,34942,,,-23.550712,-46.4630175,,,,2,2023-06-19T16:11:33+00:00
SAO_4314-10,São Paulo,3550308,True,,34942,,,-23.5736485,-46.3986825,,,,2,2023-06-19T16:11:18+00:00
SAO_4314-10,São Paulo,3550308,True,,34942,,,-23.573559000000003,-46.3988215,,,,2,2023-06-19T16:11:09+00:00
SAO_4314-10,São Paulo,3550308,True,,34942,,,-23.5541725,-46.518260500000004,,,,2,2023-06-19T16:11:36+00:00
SAO_4314-10,São Paulo,3550308,True,,34942,,,-23.556585499999997,-46.445370499999996,,,,2,2023-06-19T16:11:03+00:00
SAO_7012-10,São Paulo,3550308,True,,2043,,,-23.700758999999998,-46.7784265,,,,1,2023-06-19T16:11:40+00:00
SAO_7012-10,São Paulo,3550308,True,,2043,,,-23.7110945,-46.770011999999994,,,,1,2023-06-19T16:11:12+00:00
SAO_7012-10,São Paulo,3550308,True,,2043,,,-23.697073500000002,-46.779371999999995,,,,1,2023-06-19T16:11:27+00:00
SAO_7012-10,São Paulo,3550308,True,,2043,,,-23.678915250000003,-46.7633535,,,,1,2023-06-19T16:11:36+00:00
SAO_675R-10,São Paulo,3550308,True,,109,,,-23.683534,-46.69094225,,,,1,2023-06-19T16:09:45+00:00
SAO_675R-10,São Paulo,3550308,True,,109,,,-23.6457805,-46.647411500000004,,,,1,2023-06-19T16:10:58+00:00
SAO_675R-10,São Paulo,3550308,True,,109,,,-23.754641,-46.679715,,,,1,2023-06-19T16:11:12+00:00
SAO_342C-10,São Paulo,3550308,True,,33770,,,-23.5230405,-46.545178,,,,2,2023-06-19T16:11:11+00:00
SAO_342C-10,São Paulo,3550308,True,,33770,,,-23.551747,-46.491524749999996,,,,2,2023-06-19T16:11:11+00:00
SAO_342C-10,São Paulo,3550308,True,,33770,,,-23.53952925,-46.525057000000004,,,,2,2023-06-19T16:11:16+00:00
SAO_342C-10,São Paulo,3550308,True,,33770,,,-23.560966,-46.4920555,,,,2,2023-06-19T16:11:12+00:00
SAO_517J-10,São Paulo,3550308,True,,33897,,,-23.619386499999997,-46.69579625,,,,2,2023-06-19T16:11:44+00:00
SAO_517J-10,São Paulo,3550308,True,,33897,,,-23.6911755,-46.656424,,,,2,2023-06-19T16:11:42+00:00
SAO_517J-10,São Paulo,3550308,True,,33897,,,-23.691030499999997,-46.656783000000004,,,,2,2023-06-19T16:11:00+00:00
SAO_517J-10,São Paulo,3550308,True,,33897,,,-23.691205,-46.656296499999996,,,,2,2023-06-19T16:11:43+00:00
SAO_517J-10,São Paulo,3550308,True,,33897,,,-23.6137265,-46.6953,,,,2,2023-06-19T16:11:11+00:00
SAO_517J-10,São Paulo,3550308,True,,33897,,,-23.6707965,-46.6691875,,,,2,2023-06-19T16:11:18+00:00
SAO_517J-10,São Paulo,3550308,True,,33897,,,-23.641600500000003,-46.6751625,,,,2,2023-06-19T16:11:34+00:00
SAO_517J-10,São Paulo,3550308,True,,33897,,,-23.6774235,-46.65841775,,,,2,2023-06-19T16:06:55+00:00
SAO_6062-51,São Paulo,3550308,True,,1739,,,-23.7144895,-46.69877675,,,,1,2023-06-19T16:11:34+00:00
SAO_6062-51,São Paulo,3550308,True,,1739,,,-23.7419465,-46.681698499999996,,,,1,2023-06-19T16:11:36+00:00
SAO_6062-51,São Paulo,3550308,True,,1739,,,-23.678694999999998,-46.696304749999996,,,,1,2023-06-19T16:11:34+00:00
SAO_6062-51,São Paulo,3550308,True,,1739,,,-23.731807,-46.688297500000004,,,,1,2023-06-19T16:11:38+00:00
SAO_6062-51,São Paulo,3550308,True,,1739,,,-23.65552175,-46.7066925,,,,1,2023-06-19T16:11:41+00:00
SAO_6062-51,São Paulo,3550308,True,,1739,,,-23.7424745,-46.6803675,,,,1,2023-06-19T16:11:21+00:00
SAO_2762-10,São Paulo,3550308,True,,144,,,-23.5399035,-46.5769205,,,,1,2023-06-19T16:11:11+00:00
SAO_2762-10,São Paulo,3550308,True,,144,,,-23.495947,-46.510056,,,,1,2023-06-19T16:10:59+00:00
SAO_2762-10,São Paulo,3550308,True,,144,,,-23.5330035,-46.5756155,,,,1,2023-06-19T16:11:13+00:00
SAO_2762-10,São Paulo,3550308,True,,144,,,-23.519504375,-46.549013375,,,,1,2023-06-19T16:11:19+00:00
SAO_917M-10,São Paulo,3550308,True,,1366,,,-23.5234005,-46.65988275,,,,1,2023-06-19T16:11:20+00:00
SAO_917M-10,São Paulo,3550308,True,,1366,,,-23.558933500000002,-46.659415624999994,,,,1,2023-06-19T16:11:36+00:00
SAO_917M-10,São Paulo,3550308,True,,1366,,,-23.4813635,-46.701358,,,,1,2023-06-19T16:11:07+00:00
SAO_917M-10,São Paulo,3550308,True,,1366,,,-23.471259500000002,-46.706211499999995,,,,1,2023-06-19T16:11:16+00:00
SAO_917M-10,São Paulo,3550308,True,,1366,,,-23.503975,-46.673538875000006,,,,1,2023-06-19T16:11:28+00:00
SAO_2582-10,São Paulo,3550308,True,,33142,,,-23.486069,-46.502661,,,,2,2023-06-19T16:11:13+00:00
SAO_2582-10,São Paulo,3550308,True,,33142,,,-23.51908225,-46.42337275,,,,2,2023-06-19T16:11:06+00:00
SAO_2582-10,São Paulo,3550308,True,,33142,,,-23.5191709375,-46.42302318749999,,,,2,2023-06-19T16:11:29+00:00
SAO_2582-10,São Paulo,3550308,True,,33142,,,-23.536562749999998,-46.5887755,,,,2,2023-06-19T16:11:05+00:00
SAO_2582-10,São Paulo,3550308,True,,33142,,,-23.5191965,-46.423187999999996,,,,2,2023-06-19T16:11:39+00:00
SAO_2582-10,São Paulo,3550308,True,,33142,,,-23.51891675,-46.423640250000005,,,,2,2023-06-19T16:11:34+00:00
SAO_2582-10,São Paulo,3550308,True,,33142,,,-23.500015,-46.5252615,,,,2,2023-06-19T16:11:25+00:00
SAO_2582-10,São Paulo,3550308,True,,33142,,,-23.5191709375,-46.42302318749999,,,,2,2023-06-19T16:11:22+00:00
SAO_2582-10,São Paulo,3550308,True,,33142,,,-23.541336,-46.614003499999995,,,,2,2023-06-19T16:07:36+00:00
SAO_2582-10,São Paulo,3550308,True,,33142,,,-23.54773075,-46.625347000000005,,,,2,2023-06-19T16:11:33+00:00
SAO_2582-10,São Paulo,3550308,True,,33142,,,-23.546292,-46.630885,,,,2,2023-06-19T16:11:43+00:00
SAO_3020-10,São Paulo,3550308,True,,958,,,-23.563868499999998,-46.502337,,,,1,2023-06-19T16:11:11+00:00
SAO_3020-10,São Paulo,3550308,True,,958,,,-23.53556,-46.454417,,,,1,2023-06-19T16:11:03+00:00
SAO_3020-10,São Paulo,3550308,True,,958,,,-23.566532875,-46.4839905,,,,1,2023-06-19T16:11:44+00:00
SAO_3020-10,São Paulo,3550308,True,,958,,,-23.5541225,-46.434273,,,,1,2023-06-19T16:11:46+00:00
SAO_407K-10,São Paulo,3550308,True,,34936,,,-23.5387,-46.5644465,,,,2,2023-06-19T16:11:01+00:00
SAO_407K-10,São Paulo,3550308,True,,34936,,,-23.613538,-46.476616,,,,2,2023-06-19T16:11:42+00:00
SAO_407K-10,São Paulo,3550308,True,,34936,,,-23.561587,-46.511540499999995,,,,2,2023-06-19T16:11:28+00:00
SAO_407K-10,São Paulo,3550308,True,,34936,,,-23.60103025,-46.48385275,,,,2,2023-06-19T16:11:28+00:00
SAO_517J-10,São Paulo,3550308,True,,1129,,,-23.617608375,-46.697134375000005,,,,1,2023-06-19T16:11:16+00:00
SAO_517J-10,São Paulo,3550308,True,,1129,,,-23.6743995,-46.6627655,,,,1,2023-06-19T16:11:05+00:00
SAO_517J-10,São Paulo,3550308,True,,1129,,,-23.670474,-46.6695595,,,,1,2023-06-19T16:11:18+00:00
SAO_517J-10,São Paulo,3550308,True,,1129,,,-23.691917500000002,-46.658305999999996,,,,1,2023-06-19T16:11:08+00:00
SAO_517J-10,São Paulo,3550308,True,,1129,,,-23.690565,-46.656096,,,,1,2023-06-19T16:11:39+00:00
SAO_517J-10,São Paulo,3550308,True,,1129,,,-23.674292,-46.6631905,,,,1,2023-06-19T16:10:58+00:00
SAO_271C-10,São Paulo,3550308,True,,33450,,,-23.522991875000002,-46.583517375,,,,2,2023-06-19T16:11:04+00:00
SAO_271C-10,São Paulo,3550308,True,,33450,,,-23.494856499999997,-46.582122500000004,,,,2,2023-06-19T16:11:44+00:00
SAO_271C-10,São Paulo,3550308,True,,33450,,,-23.5243,-46.583182,,,,2,2023-06-19T16:11:34+00:00
SAO_271C-10,São Paulo,3550308,True,,33450,,,-23.523229999999998,-46.583715,,,,2,2023-06-19T16:11:02+00:00
SAO_271C-10,São Paulo,3550308,True,,33450,,,-23.5254275,-46.626132,,,,2,2023-06-19T16:11:40+00:00
SAO_8000-10,São Paulo,3550308,True,,1273,,,-23.520449499999998,-46.6996115,,,,1,2023-06-19T16:10:59+00:00
SAO_8000-10,São Paulo,3550308,True,,1273,,,-23.520449499999998,-46.6996115,,,,1,2023-06-19T16:11:16+00:00
SAO_8000-10,São Paulo,3550308,True,,1273,,,-23.520449499999998,-46.6996115,,,,1,2023-06-19T16:11:06+00:00
SAO_172K-10,São Paulo,3550308,True,,857,,,-23.499984,-46.59706425,,,,1,2023-06-19T16:11:45+00:00
SAO_172K-10,São Paulo,3550308,True,,857,,,-23.5397765,-46.5765665,,,,1,2023-06-19T16:11:41+00:00
SAO_172K-10,São Paulo,3550308,True,,857,,,-23.513305250000002,-46.585824625,,,,1,2023-06-19T16:11:16+00:00
SAO_172K-10,São Paulo,3550308,True,,857,,,-23.480483999999997,-46.6003535,,,,1,2023-06-19T16:11:21+00:00
SAO_172K-10,São Paulo,3550308,True,,857,,,-23.479396,-46.611479,,,,1,2023-06-19T16:11:31+00:00
SAO_6036-10,São Paulo,3550308,True,,1214,,,-23.643456999999998,-46.7356385,,,,1,2023-06-19T16:11:10+00:00
SAO_6036-10,São Paulo,3550308,True,,1214,,,-23.644125,-46.77959,,,,1,2023-06-19T16:11:19+00:00
SAO_6036-10,São Paulo,3550308,True,,1214,,,-23.64927025,-46.70794375,,,,1,2023-06-19T16:11:16+00:00
SAO_6036-10,São Paulo,3550308,True,,1214,,,-23.6562985,-46.762777,,,,1,2023-06-19T16:11:36+00:00
SAO_957T-10,São Paulo,3550308,True,,33232,,,-23.436301125,-46.716888125,,,,2,2023-06-19T16:11:36+00:00
SAO_957T-10,São Paulo,3550308,True,,33232,,,-23.436427374999997,-46.716528374999996,,,,2,2023-06-19T16:11:22+00:00
SAO_957T-10,São Paulo,3550308,True,,33232,,,-23.596265125000002,-46.680960625000004,,,,2,2023-06-19T16:11:39+00:00
SAO_957T-10,São Paulo,3550308,True,,33232,,,-23.5369275,-46.731688,,,,2,2023-06-19T16:11:00+00:00
SAO_957T-10,São Paulo,3550308,True,,33232,,,-23.596197,-46.6919465,,,,2,2023-06-19T16:11:19+00:00
SAO_957T-10,São Paulo,3550308,True,,33232,,,-23.499863500000004,-46.69336725,,,,2,2023-06-19T16:11:28+00:00
SAO_957T-10,São Paulo,3550308,True,,33232,,,-23.4438805,-46.713807,,,,2,2023-06-19T16:11:06+00:00
SAO_5111-10,São Paulo,3550308,True,,32816,,,-23.568838624999998,-46.65007475,,,,2,2023-06-19T16:11:38+00:00
SAO_5111-10,São Paulo,3550308,True,,32816,,,-23.5816095,-46.665850875000004,,,,2,2023-06-19T16:11:01+00:00
SAO_5111-10,São Paulo,3550308,True,,32816,,,-23.58261625,-46.66757075,,,,2,2023-06-19T16:11:05+00:00
SAO_5111-10,São Paulo,3550308,True,,32816,,,-23.6431665,-46.700297250000006,,,,2,2023-06-19T16:11:07+00:00
SAO_5111-10,São Paulo,3550308,True,,32816,,,-23.6430275,-46.700108,,,,2,2023-06-19T16:11:11+00:00
SAO_5111-10,São Paulo,3550308,True,,32816,,,-23.5493455,-46.6333285,,,,2,2023-06-19T16:11:39+00:00
SAO_5111-10,São Paulo,3550308,True,,32816,,,-23.560138000000002,-46.643105125,,,,2,2023-06-19T16:11:05+00:00
SAO_5111-10,São Paulo,3550308,True,,32816,,,-23.603011875,-46.674597750000004,,,,2,2023-06-19T16:11:12+00:00
SAO_5111-10,São Paulo,3550308,True,,32816,,,-23.650370000000002,-46.7069175,,,,2,2023-06-19T16:11:23+00:00
SAO_5111-10,São Paulo,3550308,True,,32816,,,-23.5986035,-46.674003,,,,2,2023-06-19T16:11:16+00:00
SAO_1702-10,São Paulo,3550308,True,,846,,,-23.527362500000002,-46.6269225,,,,1,2023-06-19T16:11:04+00:00
SAO_1702-10,São Paulo,3550308,True,,846,,,-23.4612935,-46.5857565,,,,1,2023-06-19T16:11:33+00:00
SAO_1702-10,São Paulo,3550308,True,,846,,,-23.487068999999998,-46.606806500000005,,,,1,2023-06-19T16:11:28+00:00
SAO_1702-10,São Paulo,3550308,True,,846,,,-23.511260999999998,-46.6214775,,,,1,2023-06-19T16:11:28+00:00
SAO_1702-10,São Paulo,3550308,True,,846,,,-23.463067125000002,-46.58520725,,,,1,2023-06-19T16:11:35+00:00
SAO_1702-10,São Paulo,3550308,True,,846,,,-23.503256874999998,-46.62464249999999,,,,1,2023-06-19T16:11:14+00:00
SAO_1702-10,São Paulo,3550308,True,,846,,,-23.4794755,-46.599450250000004,,,,1,2023-06-19T16:11:31+00:00
SAO_1702-10,São Paulo,3550308,True,,846,,,-23.444359,-46.5776915,,,,1,2023-06-19T16:11:20+00:00
SAO_819A-10,São Paulo,3550308,True,Rápido Campinas,803,https://moovitapp.com/index/pt-br/transporte_p%C3%BAblico-line-803-Sao_Paulo-242-858660-544941-0,5.3,-23.488703125,-46.675247125,,,,1,2023-06-19T16:11:24+00:00
SAO_819A-10,São Paulo,3550308,True,Rápido Campinas,803,https://moovitapp.com/index/pt-br/transporte_p%C3%BAblico-line-803-Sao_Paulo-242-858660-544941-0,5.3,-23.444962625000002,-46.748129250000005,,,,1,2023-06-19T16:11:41+00:00
SAO_819A-10,São Paulo,3550308,True,Rápido Campinas,803,https://moovitapp.com/index/pt-br/transporte_p%C3%BAblico-line-803-Sao_Paulo-242-858660-544941-0,5.3,-23.4345435,-46.7188635,,,,1,2023-06-19T16:11:32+00:00
SAO_819A-10,São Paulo,3550308,True,Rápido Campinas,803,https://moovitapp.com/index/pt-br/transporte_p%C3%BAblico-line-803-Sao_Paulo-242-858660-544941-0,5.3,-23.438405,-46.748092,,,,1,2023-06-19T16:11:27+00:00
SAO_819A-10,São Paulo,3550308,True,Rápido Campinas,803,https://moovitapp.com/index/pt-br/transporte_p%C3%BAblico-line-803-Sao_Paulo-242-858660-544941-0,5.3,-23.434726,-46.728206,,,,1,2023-06-19T16:11:04+00:00
SAO_819A-10,São Paulo,3550308,True,Rápido Campinas,803,https://moovitapp.com/index/pt-br/transporte_p%C3%BAblico-line-803-Sao_Paulo-242-858660-544941-0,5.3,-23.437309,-46.7486535,,,,1,2023-06-19T16:11:07+00:00
SAO_819A-10,São Paulo,3550308,True,Rápido Campinas,803,https://moovitapp.com/index/pt-br/transporte_p%C3%BAblico-line-803-Sao_Paulo-242-858660-544941-0,5.3,-23.449800500000002,-46.735158,,,,1,2023-06-19T16:10:59+00:00
SAO_819A-10,São Paulo,3550308,True,Rápido Campinas,803,https://moovitapp.com/index/pt-br/transporte_p%C3%BAblico-line-803-Sao_Paulo-242-858660-544941-0,5.3,-23.463863,-46.68068475,,,,1,2023-06-19T16:11:33+00:00
SAO_819A-10,São Paulo,3550308,True,Rápido Campinas,803,https://moovitapp.com/index/pt-br/transporte_p%C3%BAblico-line-803-Sao_Paulo-242-858660-544941-0,5.3,-23.4329825,-46.750452499999994,,,,1,2023-06-19T16:11:04+00:00
SAO_819A-10,São Paulo,3550308,True,Rápido Campinas,803,https://moovitapp.com/index/pt-br/transporte_p%C3%BAblico-line-803-Sao_Paulo-242-858660-544941-0,5.3,-23.437309,-46.7486535,,,,1,2023-06-19T16:11:11+00:00
SAO_819A-10,São Paulo,3550308,True,Rápido Campinas,803,https://moovitapp.com/index/pt-br/transporte_p%C3%BAblico-line-803-Sao_Paulo-242-858660-544941-0,5.3,-23.438405,-46.748092,,,,1,2023-06-19T16:11:28+00:00
SAO_5175-10,São Paulo,3550308,True,,33361,,,-23.695220499999998,-46.6491475,,,,2,2023-06-19T16:11:29+00:00
SAO_5175-10,São Paulo,3550308,True,,33361,,,-23.675023,-46.6614665,,,,2,2023-06-19T16:11:30+00:00
SAO_5175-10,São Paulo,3550308,True,,33361,,,-23.6146685,-46.659250375,,,,2,2023-06-19T16:11:38+00:00
SAO_5175-10,São Paulo,3550308,True,,33361,,,-23.5505945,-46.635301,,,,2,2023-06-19T16:11:05+00:00
SAO_5175-10,São Paulo,3550308,True,,33361,,,-23.702181500000002,-46.650177,,,,2,2023-06-19T16:11:23+00:00
SAO_5175-10,São Paulo,3550308,True,,33361,,,-23.6954925,-46.64957,,,,2,2023-06-19T16:11:23+00:00
SAO_5175-10,São Paulo,3550308,True,,33361,,,-23.585697000000003,-46.6553,,,,2,2023-06-19T16:11:33+00:00
SAO_5175-10,São Paulo,3550308,True,,33361,,,-23.702181500000002,-46.650177,,,,2,2023-06-19T16:11:08+00:00
SAO_5175-10,São Paulo,3550308,True,,33361,,,-23.555908000000002,-46.639633,,,,2,2023-06-19T16:11:19+00:00
SAO_5175-10,São Paulo,3550308,True,,33361,,,-23.678711,-46.6567585,,,,2,2023-06-19T16:08:47+00:00
SAO_5175-10,São Paulo,3550308,True,,33361,,,-23.568838624999998,-46.65007475,,,,2,2023-06-19T16:11:43+00:00
SAO_5175-10,São Paulo,3550308,True,,33361,,,-23.702581000000002,-46.6501255,,,,2,2023-06-19T16:11:07+00:00
SAO_5175-10,São Paulo,3550308,True,,33361,,,-23.66687725,-46.675336875,,,,2,2023-06-19T16:10:55+00:00
SAO_5175-10,São Paulo,3550308,True,,33361,,,-23.702581000000002,-46.6501255,,,,2,2023-06-19T16:11:27+00:00
SAO_5175-10,São Paulo,3550308,True,,33361,,,-23.5505945,-46.635301,,,,2,2023-06-19T16:11:28+00:00
SAO_5175-10,São Paulo,3550308,True,,33361,,,-23.63954525,-46.67342575000001,,,,2,2023-06-19T16:11:37+00:00
SAO_5175-10,São Paulo,3550308,True,,33361,,,-23.5517905,-46.6373745,,,,2,2023-06-19T16:11:35+00:00
SAO_5175-10,São Paulo,3550308,True,,33361,,,-23.65283,-46.6797225,,,,2,2023-06-19T16:11:35+00:00
SAO_5175-10,São Paulo,3550308,True,,33361,,,-23.579444,-46.6608585,,,,2,2023-06-19T16:11:06+00:00
SAO_5175-10,São Paulo,3550308,True,,33361,,,-23.6130365,-46.6577245,,,,2,2023-06-19T16:11:44+00:00
SAO_5175-10,São Paulo,3550308,True,,33361,,,-23.6952985,-46.649299,,,,2,2023-06-19T16:11:35+00:00
SAO_5175-10,São Paulo,3550308,True,,33361,,,-23.670093,-46.669942,,,,2,2023-06-19T16:11:08+00:00
SAO_5175-10,São Paulo,3550308,True,,33361,,,-23.615076000000002,-46.659635,,,,2,2023-06-19T16:11:44+00:00
SAO_2290-10,São Paulo,3550308,True,,718,,,-23.60538575,-46.480157999999996,,,,1,2023-06-19T16:11:38+00:00
SAO_2290-10,São Paulo,3550308,True,,718,,,-23.55215925,-46.52953775,,,,1,2023-06-19T16:11:02+00:00
SAO_2290-10,São Paulo,3550308,True,,718,,,-23.546634500000003,-46.6300045,,,,1,2023-06-19T16:11:30+00:00
SAO_2290-10,São Paulo,3550308,True,,718,,,-23.5461345,-46.630341,,,,1,2023-06-19T16:11:38+00:00
SAO_2290-10,São Paulo,3550308,True,,718,,,-23.6131955,-46.476123,,,,1,2023-06-19T16:11:16+00:00
SAO_2290-10,São Paulo,3550308,True,,718,,,-23.5436655,-46.620252,,,,1,2023-06-19T16:11:05+00:00
SAO_2290-10,São Paulo,3550308,True,,718,,,-23.6131955,-46.476123,,,,1,2023-06-19T16:11:14+00:00
SAO_2290-10,São Paulo,3550308,True,,718,,,-23.6131955,-46.476123,,,,1,2023-06-19T16:11:45+00:00
SAO_2290-10,São Paulo,3550308,True,,718,,,-23.544847,-46.545604999999995,,,,1,2023-06-19T16:11:01+00:00
SAO_2290-10,São Paulo,3550308,True,,718,,,-23.6130195,-46.476082,,,,1,2023-06-19T16:11:05+00:00
SAO_2290-10,São Paulo,3550308,True,,718,,,-23.54209775,-46.61522575,,,,1,2023-06-19T16:11:33+00:00
SAO_2290-10,São Paulo,3550308,True,,718,,,-23.6131955,-46.476123,,,,1,2023-06-19T16:11:01+00:00
SAO_2290-10,São Paulo,3550308,True,,718,,,-23.6131955,-46.476123,,,,1,2023-06-19T16:11:18+00:00
SAO_2290-10,São Paulo,3550308,True,,718,,,-23.537501,-46.5958795,,,,1,2023-06-19T16:11:11+00:00
SAO_2290-10,São Paulo,3550308,True,,718,,,-23.5435645,-46.61983,,,,1,2023-06-19T16:11:07+00:00
SAO_2290-10,São Paulo,3550308,True,,718,,,-23.6131955,-46.476123,,,,1,2023-06-19T16:11:10+00:00
SAO_2290-10,São Paulo,3550308,True,,718,,,-23.6131955,-46.476123,,,,1,2023-06-19T16:11:20+00:00
SAO_2290-10,São Paulo,3550308,True,,718,,,-23.6130195,-46.476082,,,,1,2023-06-19T16:11:24+00:00
SAO_2290-10,São Paulo,3550308,True,,718,,,-23.5461345,-46.630341,,,,1,2023-06-19T16:11:29+00:00
SAO_2290-10,São Paulo,3550308,True,,718,,,-23.540619125,-46.638126375,,,,1,2023-06-19T16:11:16+00:00
SAO_2290-10,São Paulo,3550308,True,,718,,,-23.6131955,-46.476123,,,,1,2023-06-19T16:11:37+00:00
SAO_2290-10,São Paulo,3550308,True,,718,,,-23.5407545,-46.5504065,,,,1,2023-06-19T16:11:18+00:00
SAO_2290-10,São Paulo,3550308,True,,718,,,-23.5838975,-46.4927795,,,,1,2023-06-19T16:11:07+00:00
SAO_2290-10,São Paulo,3550308,True,,718,,,-23.53508,-46.5770435,,,,1,2023-06-19T16:11:44+00:00
SAO_2290-10,São Paulo,3550308,True,,718,,,-23.6130195,-46.476082,,,,1,2023-06-19T16:11:44+00:00
SAO_2290-10,São Paulo,3550308,True,,718,,,-23.5659271875,-46.5121084375,,,,1,2023-06-19T16:11:22+00:00
SAO_2290-10,São Paulo,3550308,True,,718,,,-23.5461345,-46.630341,,,,1,2023-06-19T16:11:06+00:00
SAO_2290-10,São Paulo,3550308,True,,718,,,-23.546035500000002,-46.6306175,,,,1,2023-06-19T16:11:16+00:00
SAO_4018-10,São Paulo,3550308,True,,2191,,,-23.58055825,-46.413486750000004,,,,1,2023-06-19T16:11:24+00:00
SAO_4018-10,São Paulo,3550308,True,,2191,,,-23.6011475,-46.399366,,,,1,2023-06-19T16:11:40+00:00
SAO_4018-10,São Paulo,3550308,True,,2191,,,-23.613228499999998,-46.476530999999994,,,,1,2023-06-19T16:11:02+00:00
SAO_4018-10,São Paulo,3550308,True,,2191,,,-23.6011475,-46.399366,,,,1,2023-06-19T16:11:15+00:00
SAO_4018-10,São Paulo,3550308,True,,2191,,,-23.5950555,-46.4508085,,,,1,2023-06-19T16:11:15+00:00
SAO_3023-10,São Paulo,3550308,True,Urubupungá,960,https://moovitapp.com/index/pt-br/transporte_p%C3%BAblico-line-960-Sao_Paulo-242-873835-31663702-0,4.6,-23.63368825,-46.472753250000004,,,,1,2023-06-19T16:11:13+00:00
SAO_3023-10,São Paulo,3550308,True,Urubupungá,960,https://moovitapp.com/index/pt-br/transporte_p%C3%BAblico-line-960-Sao_Paulo-242-873835-31663702-0,4.6,-23.572963,-46.505658,,,,1,2023-06-19T16:11:39+00:00
SAO_3023-10,São Paulo,3550308,True,Urubupungá,960,https://moovitapp.com/index/pt-br/transporte_p%C3%BAblico-line-960-Sao_Paulo-242-873835-31663702-0,4.6,-23.6220785,-46.473912,,,,1,2023-06-19T16:11:27+00:00
SAO_3023-10,São Paulo,3550308,True,Urubupungá,960,https://moovitapp.com/index/pt-br/transporte_p%C3%BAblico-line-960-Sao_Paulo-242-873835-31663702-0,4.6,-23.63368825,-46.472753250000004,,,,1,2023-06-19T16:11:02+00:00
SAO_3023-10,São Paulo,3550308,True,Urubupungá,960,https://moovitapp.com/index/pt-br/transporte_p%C3%BAblico-line-960-Sao_Paulo-242-873835-31663702-0,4.6,-23.60364525,-46.4816365,,,,1,2023-06-19T16:11:13+00:00
SAO_3023-10,São Paulo,3550308,True,Urubupungá,960,https://moovitapp.com/index/pt-br/transporte_p%C3%BAblico-line-960-Sao_Paulo-242-873835-31663702-0,4.6,-23.563608000000002,-46.5053735,,,,1,2023-06-19T16:11:32+00:00
SAO_3023-10,São Paulo,3550308,True,Urubupungá,960,https://moovitapp.com/index/pt-br/transporte_p%C3%BAblico-line-960-Sao_Paulo-242-873835-31663702-0,4.6,-23.633410750000003,-46.47284775,,,,1,2023-06-19T16:11:13+00:00
SAO_3023-10,São Paulo,3550308,True,Urubupungá,960,https://moovitapp.com/index/pt-br/transporte_p%C3%BAblico-line-960-Sao_Paulo-242-873835-31663702-0,4.6,-23.63368825,-46.472753250000004,,,,1,2023-06-19T16:11:31+00:00
SAO_6970-10,São Paulo,3550308,True,,34273,,,-23.734577,-46.696059000000005,,,,2,2023-06-19T16:11:31+00:00
SAO_6970-10,São Paulo,3550308,True,,34273,,,-23.704147499999998,-46.7145485,,,,2,2023-06-19T16:11:23+00:00
SAO_6970-10,São Paulo,3550308,True,,34273,,,-23.665322,-46.71104,,,,2,2023-06-19T16:11:31+00:00
SAO_271M-10,São Paulo,3550308,True,,684,,,-23.50162425,-46.62357300000001,,,,1,2023-06-19T16:11:38+00:00
SAO_271M-10,São Paulo,3550308,True,,684,,,-23.514913749999998,-46.568073,,,,1,2023-06-19T16:11:33+00:00
SAO_271M-10,São Paulo,3550308,True,,684,,,-23.512347499999997,-46.5634135,,,,1,2023-06-19T16:11:02+00:00
SAO_271M-10,São Paulo,3550308,True,,684,,,-23.512827,-46.563369,,,,1,2023-06-19T16:11:18+00:00
SAO_271M-10,São Paulo,3550308,True,,684,,,-23.507360499999997,-46.5711955,,,,1,2023-06-19T16:11:36+00:00
SAO_3141-10,São Paulo,3550308,True,,33502,,,-23.54641,-46.630284,,,,2,2023-06-19T16:11:34+00:00
SAO_3141-10,São Paulo,3550308,True,,33502,,,-23.573631499999998,-46.5585705,,,,2,2023-06-19T16:11:31+00:00
SAO_3141-10,São Paulo,3550308,True,,33502,,,-23.606095500000002,-46.5080715,,,,2,2023-06-19T16:07:16+00:00
SAO_3141-10,São Paulo,3550308,True,,33502,,,-23.552443000000004,-46.57924287499999,,,,2,2023-06-19T16:11:28+00:00
SAO_3141-10,São Paulo,3550308,True,,33502,,,-23.594829500000003,-46.5252885,,,,2,2023-06-19T16:11:14+00:00
SAO_3141-10,São Paulo,3550308,True,,33502,,,-23.612826,-46.479245,,,,2,2023-06-19T16:11:41+00:00
SAO_6403-10,São Paulo,3550308,True,,32826,,,-23.6434815,-46.733768999999995,,,,2,2023-06-19T16:11:12+00:00
SAO_6403-10,São Paulo,3550308,True,,32826,,,-23.643584250000004,-46.73323425,,,,2,2023-06-19T16:11:12+00:00
SAO_6403-10,São Paulo,3550308,True,,32826,,,-23.580382,-46.6791105,,,,2,2023-06-19T16:11:24+00:00
SAO_6403-10,São Paulo,3550308,True,,32826,,,-23.543124,-46.635543,,,,2,2023-06-19T16:11:42+00:00
SAO_746C-10,São Paulo,3550308,True,STT,783,https://moovitapp.com/index/pt-br/transporte_p%C3%BAblico-line-783-Sao_Paulo-242-850661-183351-0,5.3,-23.650086,-46.7077355,,,,1,2023-06-19T16:11:04+00:00
SAO_746C-10,São Paulo,3550308,True,STT,783,https://moovitapp.com/index/pt-br/transporte_p%C3%BAblico-line-783-Sao_Paulo-242-850661-183351-0,5.3,-23.637135999999998,-46.7369565,,,,1,2023-06-19T16:11:12+00:00
SAO_746C-10,São Paulo,3550308,True,STT,783,https://moovitapp.com/index/pt-br/transporte_p%C3%BAblico-line-783-Sao_Paulo-242-850661-183351-0,5.3,-23.649684,-46.708106,,,,1,2023-06-19T16:11:14+00:00
SAO_746C-10,São Paulo,3550308,True,STT,783,https://moovitapp.com/index/pt-br/transporte_p%C3%BAblico-line-783-Sao_Paulo-242-850661-183351-0,5.3,-23.6498405,-46.707801,,,,1,2023-06-19T16:11:16+00:00
SAO_746C-10,São Paulo,3550308,True,STT,783,https://moovitapp.com/index/pt-br/transporte_p%C3%BAblico-line-783-Sao_Paulo-242-850661-183351-0,5.3,-23.641499,-46.716685874999996,,,,1,2023-06-19T16:11:38+00:00
SAO_746C-10,São Paulo,3550308,True,STT,783,https://moovitapp.com/index/pt-br/transporte_p%C3%BAblico-line-783-Sao_Paulo-242-850661-183351-0,5.3,-23.62230675,-46.7393695,,,,1,2023-06-19T16:11:14+00:00
SAO_746C-10,São Paulo,3550308,True,STT,783,https://moovitapp.com/index/pt-br/transporte_p%C3%BAblico-line-783-Sao_Paulo-242-850661-183351-0,5.3,-23.6085235,-46.7503485,,,,1,2023-06-19T16:11:10+00:00
SAO_746C-10,São Paulo,3550308,True,STT,783,https://moovitapp.com/index/pt-br/transporte_p%C3%BAblico-line-783-Sao_Paulo-242-850661-183351-0,5.3,-23.6092245,-46.74801975,,,,1,2023-06-19T16:11:10+00:00
SAO_573A-10,São Paulo,3550308,True,,34405,,,-23.5985835,-46.552842,,,,2,2023-06-19T16:11:30+00:00
SAO_573A-10,São Paulo,3550308,True,,34405,,,-23.54935475,-46.60151575,,,,2,2023-06-19T16:11:18+00:00
SAO_573A-10,São Paulo,3550308,True,,34405,,,-23.5470055,-46.606573499999996,,,,2,2023-06-19T16:11:33+00:00
SAO_573A-10,São Paulo,3550308,True,,34405,,,-23.549130249999997,-46.60170725,,,,2,2023-06-19T16:11:14+00:00
SAO_573A-10,São Paulo,3550308,True,,34405,,,-23.54935475,-46.60151575,,,,2,2023-06-19T16:11:11+00:00
SAO_573A-10,São Paulo,3550308,True,,34405,,,-23.5974405,-46.554605,,,,2,2023-06-19T16:11:15+00:00
SAO_746C-10,São Paulo,3550308,True,,33551,,,-23.6089785,-46.750411,,,,2,2023-06-19T16:10:57+00:00
SAO_746C-10,São Paulo,3550308,True,,33551,,,-23.609017,-46.750698,,,,2,2023-06-19T16:11:27+00:00
SAO_746C-10,São Paulo,3550308,True,,33551,,,-23.650399,-46.7076415,,,,2,2023-06-19T16:11:36+00:00
SAO_746C-10,São Paulo,3550308,True,,33551,,,-23.628844125,-46.736115625,,,,2,2023-06-19T16:11:10+00:00
SAO_746C-10,São Paulo,3550308,True,,33551,,,-23.650399,-46.7076415,,,,2,2023-06-19T16:11:01+00:00
SAO_746C-10,São Paulo,3550308,True,,33551,,,-23.609017,-46.750698,,,,2,2023-06-19T16:11:04+00:00
SAO_746C-10,São Paulo,3550308,True,,33551,,,-23.641527,-46.716401125000004,,,,2,2023-06-19T16:11:10+00:00
SAO_746C-10,São Paulo,3550308,True,,33551,,,-23.6438595,-46.731730999999996,,,,2,2023-06-19T16:11:33+00:00
SAO_746C-10,São Paulo,3550308,True,,33551,,,-23.63033325,-46.73643025,,,,2,2023-06-19T16:11:07+00:00
SAO_746C-10,São Paulo,3550308,True,,33551,,,-23.62230675,-46.7393695,,,,2,2023-06-19T16:10:58+00:00
SAO_746C-10,São Paulo,3550308,True,,33551,,,-23.609017,-46.750698,,,,2,2023-06-19T16:11:12+00:00
SAO_746C-10,São Paulo,3550308,True,,33551,,,-23.609017,-46.750698,,,,2,2023-06-19T16:11:39+00:00
SAO_746C-10,São Paulo,3550308,True,,33551,,,-23.609017,-46.750698,,,,2,2023-06-19T16:11:01+00:00
SAO_6500-10,São Paulo,3550308,True,,46,,,-23.5496165,-46.639465,,,,1,2023-06-19T16:11:02+00:00
SAO_6500-10,São Paulo,3550308,True,,46,,,-23.654395,-46.7121185,,,,1,2023-06-19T16:11:13+00:00
SAO_6500-10,São Paulo,3550308,True,,46,,,-23.654395,-46.7121185,,,,1,2023-06-19T16:11:11+00:00
SAO_6500-10,São Paulo,3550308,True,,46,,,-23.654395,-46.7121185,,,,1,2023-06-19T16:11:41+00:00
SAO_6500-10,São Paulo,3550308,True,,46,,,-23.63577325,-46.694183125,,,,1,2023-06-19T16:11:15+00:00
SAO_6500-10,São Paulo,3550308,True,,46,,,-23.588065999999998,-46.671693000000005,,,,1,2023-06-19T16:11:34+00:00
SAO_6500-10,São Paulo,3550308,True,,46,,,-23.595028,-46.672978,,,,1,2023-06-19T16:11:05+00:00
SAO_576M-10,São Paulo,3550308,True,,33372,,,-23.6774965,-46.6406015,,,,2,2023-06-19T16:11:13+00:00
SAO_576M-10,São Paulo,3550308,True,,33372,,,-23.590269,-46.68160575,,,,2,2023-06-19T16:10:59+00:00
SAO_576M-10,São Paulo,3550308,True,,33372,,,-23.605570500000002,-46.66079325,,,,2,2023-06-19T16:09:05+00:00
SAO_576M-10,São Paulo,3550308,True,,33372,,,-23.56557375,-46.69466275,,,,2,2023-06-19T16:11:32+00:00
SAO_576M-10,São Paulo,3550308,True,,33372,,,-23.5655345,-46.6934935,,,,2,2023-06-19T16:11:06+00:00
SAO_576M-10,São Paulo,3550308,True,,33372,,,-23.6779695,-46.6404855,,,,2,2023-06-19T16:10:59+00:00
SAO_576M-10,São Paulo,3550308,True,,33372,,,-23.6774965,-46.6406015,,,,2,2023-06-19T16:11:03+00:00
SAO_576M-10,São Paulo,3550308,True,,33372,,,-23.641915750000003,-46.641461500000005,,,,2,2023-06-19T16:11:42+00:00
SAO_576M-10,São Paulo,3550308,True,,33372,,,-23.631238500000002,-46.6690715,,,,2,2023-06-19T16:11:41+00:00
SAO_576M-10,São Paulo,3550308,True,,33372,,,-23.597624,-46.668789000000004,,,,2,2023-06-19T16:11:01+00:00
SAO_771P-10,São Paulo,3550308,True,,33274,,,-23.586464437500002,-46.75255262500001,,,,2,2023-06-19T16:11:32+00:00
SAO_771P-10,São Paulo,3550308,True,,33274,,,-23.602404,-46.795141,,,,2,2023-06-19T16:11:18+00:00
SAO_342N-10,São Paulo,3550308,True,,33771,,,-23.5629515,-46.3946025,,,,2,2023-06-19T16:11:34+00:00
SAO_342N-10,São Paulo,3550308,True,,33771,,,-23.5328835,-46.4308855,,,,2,2023-06-19T16:11:40+00:00
SAO_342N-10,São Paulo,3550308,True,,33771,,,-23.5628445,-46.3949135,,,,2,2023-06-19T16:11:10+00:00
SAO_342N-10,São Paulo,3550308,True,,33771,,,-23.5629515,-46.3946025,,,,2,2023-06-19T16:11:28+00:00
SAO_342N-10,São Paulo,3550308,True,,33771,,,-23.563206,-46.416537999999996,,,,2,2023-06-19T16:11:20+00:00
SAO_342N-10,São Paulo,3550308,True,,33771,,,-23.56758575,-46.3958215,,,,2,2023-06-19T16:11:31+00:00
SAO_273J-10,São Paulo,3550308,True,STT,389,https://moovitapp.com/index/pt-br/transporte_p%C3%BAblico-line-389-Sao_Paulo-242-850661-183299-0,5.3,-23.5228575,-46.5231885,,,,1,2023-06-19T16:11:40+00:00
SAO_273J-10,São Paulo,3550308,True,STT,389,https://moovitapp.com/index/pt-br/transporte_p%C3%BAblico-line-389-Sao_Paulo-242-850661-183299-0,5.3,-23.487007249999998,-46.390560875,,,,1,2023-06-19T16:08:08+00:00
SAO_273J-10,São Paulo,3550308,True,STT,389,https://moovitapp.com/index/pt-br/transporte_p%C3%BAblico-line-389-Sao_Paulo-242-850661-183299-0,5.3,-23.515555499999998,-46.4851265,,,,1,2023-06-19T16:10:33+00:00
SAO_273J-10,São Paulo,3550308,True,STT,389,https://moovitapp.com/index/pt-br/transporte_p%C3%BAblico-line-389-Sao_Paulo-242-850661-183299-0,5.3,-23.485001062499997,-46.4331843125,,,,1,2023-06-19T16:11:18+00:00
SAO_273J-10,São Paulo,3550308,True,STT,389,https://moovitapp.com/index/pt-br/transporte_p%C3%BAblico-line-389-Sao_Paulo-242-850661-183299-0,5.3,-23.501548749999998,-46.452347,,,,1,2023-06-19T16:11:42+00:00
SAO_3741-10,São Paulo,3550308,True,,1041,,,-23.539979375,-46.45194225,,,,1,2023-06-19T16:11:30+00:00
SAO_3741-10,São Paulo,3550308,True,,1041,,,-23.551387,-46.4625745,,,,1,2023-06-19T16:11:22+00:00
SAO_3741-10,São Paulo,3550308,True,,1041,,,-23.5457155,-46.448936,,,,1,2023-06-19T16:11:39+00:00
SAO_3741-10,São Paulo,3550308,True,,1041,,,-23.564227,-46.456733,,,,1,2023-06-19T16:11:33+00:00
SAO_3741-10,São Paulo,3550308,True,,1041,,,-23.551387,-46.4625745,,,,1,2023-06-19T16:11:43+00:00
SAO_8700-10,São Paulo,3550308,True,,34645,,,-23.609004,-46.751954250000004,,,,2,2023-06-19T16:11:45+00:00
SAO_8700-10,São Paulo,3550308,True,,34645,,,-23.6316405,-46.772316,,,,2,2023-06-19T16:11:17+00:00
SAO_8700-10,São Paulo,3550308,True,,34645,,,-23.54915125,-46.65274375,,,,2,2023-06-19T16:11:36+00:00
SAO_8700-10,São Paulo,3550308,True,,34645,,,-23.6309525,-46.773810499999996,,,,2,2023-06-19T16:11:16+00:00
SAO_8700-10,São Paulo,3550308,True,,34645,,,-23.6310935,-46.773485,,,,2,2023-06-19T16:11:14+00:00
SAO_8700-10,São Paulo,3550308,True,,34645,,,-23.5464175,-46.6453155,,,,2,2023-06-19T16:11:19+00:00
SAO_8700-10,São Paulo,3550308,True,,34645,,,-23.557931500000002,-46.667739,,,,2,2023-06-19T16:11:10+00:00
SAO_8700-10,São Paulo,3550308,True,,34645,,,-23.631508,-46.7726,,,,2,2023-06-19T16:11:19+00:00
SAO_8700-10,São Paulo,3550308,True,,34645,,,-23.631218,-46.773197499999995,,,,2,2023-06-19T16:11:43+00:00
SAO_8700-10,São Paulo,3550308,True,,34645,,,-23.578227,-46.708735,,,,2,2023-06-19T16:11:46+00:00
SAO_8700-10,São Paulo,3550308,True,,34645,,,-23.631153500000003,-46.7733425,,,,2,2023-06-19T16:11:08+00:00
SAO_8700-10,São Paulo,3550308,True,,34645,,,-23.62450775,-46.764540999999994,,,,2,2023-06-19T16:11:29+00:00
SAO_8700-10,São Paulo,3550308,True,,34645,,,-23.592548374999996,-46.73287125,,,,2,2023-06-19T16:11:09+00:00
SAO_8700-10,São Paulo,3550308,True,,34645,,,-23.564365000000002,-46.6782645,,,,2,2023-06-19T16:11:32+00:00
SAO_8700-10,São Paulo,3550308,True,,34645,,,-23.572222,-46.700846999999996,,,,2,2023-06-19T16:11:29+00:00
SAO_2011-10,São Paulo,3550308,True,,2136,,,-23.481731,-46.60282475,,,,1,2023-06-19T16:11:40+00:00
SAO_2011-10,São Paulo,3550308,True,,2136,,,-23.46939875,-46.575307249999994,,,,1,2023-06-19T16:10:58+00:00
SAO_2011-10,São Paulo,3550308,True,,2136,,,-23.48710375,-46.62068825,,,,1,2023-06-19T16:11:44+00:00
SAO_2011-10,São Paulo,3550308,True,,2136,,,-23.489366625,-46.567249625,,,,1,2023-06-19T16:08:57+00:00
SAO_695H-10,São Paulo,3550308,True,,1196,,,-23.77854,-46.715535,,,,1,2023-06-19T16:10:55+00:00
SAO_695H-10,São Paulo,3550308,True,,1196,,,-23.681303749999998,-46.694077750000005,,,,1,2023-06-19T16:08:03+00:00
SAO_695H-10,São Paulo,3550308,True,,1196,,,-23.6584155,-46.6984925,,,,1,2023-06-19T16:11:37+00:00
SAO_8022-10,São Paulo,3550308,True,,2085,,,-23.565094000000002,-46.724366,,,,1,2023-06-19T16:11:37+00:00
SAO_8022-10,São Paulo,3550308,True,,2085,,,-23.568271,-46.739903,,,,1,2023-06-19T16:11:05+00:00
SAO_8022-10,São Paulo,3550308,True,,2085,,,-23.568171,-46.7400035,,,,1,2023-06-19T16:11:12+00:00
SAO_8022-10,São Paulo,3550308,True,,2085,,,-23.5615025,-46.725351875,,,,1,2023-06-19T16:11:02+00:00
SAO_8022-10,São Paulo,3550308,True,,2085,,,-23.557953750000003,-46.7177425,,,,1,2023-06-19T16:11:05+00:00
SAO_8022-10,São Paulo,3550308,True,,2085,,,-23.568467,-46.739708,,,,1,2023-06-19T16:11:36+00:00
SAO_3718-10,São Paulo,3550308,True,,1013,,,-23.549149,-46.483338,,,,1,2023-06-19T16:11:39+00:00
SAO_3718-10,São Paulo,3550308,True,,1013,,,-23.5452995,-46.481271750000005,,,,1,2023-06-19T16:11:21+00:00
SAO_3718-10,São Paulo,3550308,True,,1013,,,-23.540547,-46.485232999999994,,,,1,2023-06-19T16:11:43+00:00
SAO_3718-10,São Paulo,3550308,True,,1013,,,-23.5580755,-46.487475625,,,,1,2023-06-19T16:11:36+00:00
SAO_3718-10,São Paulo,3550308,True,,1013,,,-23.5531215,-46.491919499999995,,,,1,2023-06-19T16:11:36+00:00
SAO_647P-10,São Paulo,3550308,True,,34084,,,-23.647256999999996,-46.73100425,,,,2,2023-06-19T16:11:21+00:00
SAO_647P-10,São Paulo,3550308,True,,34084,,,-23.60039875,-46.718790625,,,,2,2023-06-19T16:11:37+00:00
SAO_647P-10,São Paulo,3550308,True,,34084,,,-23.643748000000002,-46.735154,,,,2,2023-06-19T16:11:06+00:00
SAO_647P-10,São Paulo,3550308,True,,34084,,,-23.6599165,-46.767001,,,,2,2023-06-19T16:11:20+00:00
SAO_647P-10,São Paulo,3550308,True,,34084,,,-23.674748,-46.78398249999999,,,,2,2023-06-19T16:11:02+00:00
SAO_647P-10,São Paulo,3550308,True,,34084,,,-23.675173,-46.784257,,,,2,2023-06-19T16:11:37+00:00
SAO_647P-10,São Paulo,3550308,True,,34084,,,-23.675173,-46.784257,,,,2,2023-06-19T16:11:10+00:00
SAO_647P-10,São Paulo,3550308,True,,34084,,,-23.574119250000003,-46.688941375,,,,2,2023-06-19T16:11:42+00:00
SAO_647P-10,São Paulo,3550308,True,,34084,,,-23.674748,-46.78398249999999,,,,2,2023-06-19T16:11:43+00:00
SAO_647P-10,São Paulo,3550308,True,,34084,,,-23.674748,-46.78398249999999,,,,2,2023-06-19T16:11:17+00:00
SAO_647P-10,São Paulo,3550308,True,,34084,,,-23.6603905,-46.767596,,,,2,2023-06-19T16:11:30+00:00
SAO_647P-10,São Paulo,3550308,True,,34084,,,-23.6131435,-46.730024,,,,2,2023-06-19T16:11:24+00:00
SAO_647P-10,São Paulo,3550308,True,,34084,,,-23.6532175,-46.74036099999999,,,,2,2023-06-19T16:11:02+00:00
SAO_8015-10,São Paulo,3550308,True,,34113,,,-23.388643000000002,-46.73530100000001,,,,2,2023-06-19T16:11:21+00:00
SAO_8015-10,São Paulo,3550308,True,,34113,,,-23.389132,-46.734930500000004,,,,2,2023-06-19T16:11:26+00:00
SAO_8015-10,São Paulo,3550308,True,,34113,,,-23.388901,-46.735036,,,,2,2023-06-19T16:11:05+00:00
SAO_8015-10,São Paulo,3550308,True,,34113,,,-23.485703,-46.725952500000005,,,,2,2023-06-19T16:11:33+00:00
SAO_8015-10,São Paulo,3550308,True,,34113,,,-23.388937,-46.73497450000001,,,,2,2023-06-19T16:11:16+00:00
SAO_8015-10,São Paulo,3550308,True,,34113,,,-23.388716000000002,-46.7352665,,,,2,2023-06-19T16:11:09+00:00
SAO_8015-10,São Paulo,3550308,True,,34113,,,-23.433005,-46.720014,,,,2,2023-06-19T16:11:09+00:00
SAO_8015-10,São Paulo,3550308,True,,34113,,,-23.454427000000003,-46.71204,,,,2,2023-06-19T16:11:34+00:00
SAO_8015-10,São Paulo,3550308,True,,34113,,,-23.4132995,-46.732150000000004,,,,2,2023-06-19T16:11:08+00:00
SAO_8015-10,São Paulo,3550308,True,,34113,,,-23.4132995,-46.732150000000004,,,,2,2023-06-19T16:11:31+00:00
SAO_5131-10,São Paulo,3550308,True,,1282,,,-23.568078999999997,-46.649365,,,,1,2023-06-19T16:11:05+00:00
SAO_5131-10,São Paulo,3550308,True,,1282,,,-23.64615,-46.6712735,,,,1,2023-06-19T16:11:28+00:00
SAO_5131-10,São Paulo,3550308,True,,1282,,,-23.5883575,-46.671778,,,,1,2023-06-19T16:11:41+00:00
SAO_4031-10,São Paulo,3550308,True,,1101,,,-23.587819125000003,-46.5872385,,,,1,2023-06-19T16:11:36+00:00
SAO_4031-10,São Paulo,3550308,True,,1101,,,-23.6040565,-46.516653,,,,1,2023-06-19T16:11:25+00:00
SAO_4031-10,São Paulo,3550308,True,,1101,,,-23.61408,-46.517419000000004,,,,1,2023-06-19T16:11:27+00:00
SAO_4031-10,São Paulo,3550308,True,,1101,,,-23.61408,-46.517419000000004,,,,1,2023-06-19T16:11:05+00:00
SAO_4031-10,São Paulo,3550308,True,,1101,,,-23.61408,-46.517419000000004,,,,1,2023-06-19T16:11:06+00:00
SAO_4031-10,São Paulo,3550308,True,,1101,,,-23.582844,-46.568783499999995,,,,1,2023-06-19T16:11:03+00:00
SAO_4031-10,São Paulo,3550308,True,,1101,,,-23.5796845,-46.571298999999996,,,,1,2023-06-19T16:11:16+00:00
SAO_4031-10,São Paulo,3550308,True,,1101,,,-23.600135,-46.537366,,,,1,2023-06-19T16:11:23+00:00
SAO_4312-10,São Paulo,3550308,True,,2172,,,-23.541187,-46.5124605,,,,1,2023-06-19T16:11:20+00:00
SAO_4312-10,São Paulo,3550308,True,,2172,,,-23.54645675,-46.629903999999996,,,,1,2023-06-19T16:11:30+00:00
SAO_4312-10,São Paulo,3550308,True,,2172,,,-23.535607624999997,-46.552115,,,,1,2023-06-19T16:09:21+00:00
SAO_4312-10,São Paulo,3550308,True,,2172,,,-23.5515695,-46.624459,,,,1,2023-06-19T16:11:11+00:00
SAO_4312-10,São Paulo,3550308,True,,2172,,,-23.570454499999997,-46.490351000000004,,,,1,2023-06-19T16:11:34+00:00
SAO_4312-10,São Paulo,3550308,True,,2172,,,-23.55111,-46.494534,,,,1,2023-06-19T16:11:19+00:00
SAO_4312-10,São Paulo,3550308,True,,2172,,,-23.5702925,-46.489608000000004,,,,1,2023-06-19T16:11:12+00:00
SAO_917M-10,São Paulo,3550308,True,,34134,,,-23.479178,-46.702946999999995,,,,2,2023-06-19T16:11:38+00:00
SAO_917M-10,São Paulo,3550308,True,,34134,,,-23.471427499999997,-46.7060325,,,,2,2023-06-19T16:11:32+00:00
SAO_917M-10,São Paulo,3550308,True,,34134,,,-23.52191275,-46.663771,,,,2,2023-06-19T16:11:19+00:00
SAO_917M-10,São Paulo,3550308,True,,34134,,,-23.471669,-46.705783,,,,2,2023-06-19T16:11:10+00:00
SAO_917M-10,São Paulo,3550308,True,,34134,,,-23.585061000000003,-46.636916,,,,2,2023-06-19T16:11:03+00:00
SAO_917M-10,São Paulo,3550308,True,,34134,,,-23.5291725,-46.6609265,,,,2,2023-06-19T16:11:00+00:00
SAO_917M-10,São Paulo,3550308,True,,34134,,,-23.548208,-46.672905,,,,2,2023-06-19T16:11:15+00:00
SAO_917M-10,São Paulo,3550308,True,,34134,,,-23.559280375,-46.6588055,,,,2,2023-06-19T16:11:35+00:00
SAO_917M-10,São Paulo,3550308,True,,34134,,,-23.502000000000002,-46.691295999999994,,,,2,2023-06-19T16:11:13+00:00
SAO_6092-10,São Paulo,3550308,True,,1177,,,-23.7732595,-46.681942,,,,1,2023-06-19T16:11:16+00:00
SAO_6092-10,São Paulo,3550308,True,,1177,,,-23.737187499999997,-46.6971815,,,,1,2023-06-19T16:11:36+00:00
SAO_6092-10,São Paulo,3550308,True,,1177,,,-23.7498465,-46.6878285,,,,1,2023-06-19T16:11:31+00:00
SAO_6016-41,São Paulo,3550308,True,,1706,,,-23.748095499999998,-46.68762275,,,,1,2023-06-19T16:11:27+00:00
SAO_6016-41,São Paulo,3550308,True,,1706,,,-23.769533000000003,-46.680578499999996,,,,1,2023-06-19T16:11:17+00:00
SAO_273N-10,São Paulo,3550308,True,,33158,,,-23.5046015,-46.367096,,,,2,2023-06-19T16:11:42+00:00
SAO_273N-10,São Paulo,3550308,True,,33158,,,-23.5047085,-46.3668095,,,,2,2023-06-19T16:11:14+00:00
SAO_273N-10,São Paulo,3550308,True,,33158,,,-23.504527500000002,-46.367281,,,,2,2023-06-19T16:11:12+00:00
SAO_273N-10,São Paulo,3550308,True,,33158,,,-23.5047085,-46.3668095,,,,2,2023-06-19T16:11:35+00:00
SAO_273N-10,São Paulo,3550308,True,,33158,,,-23.504274,-46.367922,,,,2,2023-06-19T16:11:31+00:00
SAO_273N-10,São Paulo,3550308,True,,33158,,,-23.5047085,-46.3668095,,,,2,2023-06-19T16:11:15+00:00
SAO_273N-10,São Paulo,3550308,True,,33158,,,-23.495142,-46.423301499999994,,,,2,2023-06-19T16:11:16+00:00
SAO_273N-10,São Paulo,3550308,True,,33158,,,-23.504274,-46.367922,,,,2,2023-06-19T16:11:19+00:00
SAO_5142-10,São Paulo,3550308,True,,1626,,,-23.5983905,-46.5389555,,,,1,2023-06-19T16:11:03+00:00
SAO_5142-10,São Paulo,3550308,True,,1626,,,-23.5482845,-46.6262175,,,,1,2023-06-19T16:11:08+00:00
SAO_5142-10,São Paulo,3550308,True,,1626,,,-23.613964,-46.500782,,,,1,2023-06-19T16:09:26+00:00
SAO_5142-10,São Paulo,3550308,True,,1626,,,-23.616721249999998,-46.51254924999999,,,,1,2023-06-19T16:11:16+00:00
SAO_5142-10,São Paulo,3550308,True,,1626,,,-23.5846265,-46.58684875,,,,1,2023-06-19T16:11:14+00:00
SAO_5142-10,São Paulo,3550308,True,,1626,,,-23.613964,-46.500782,,,,1,2023-06-19T16:11:32+00:00
SAO_3722-10,São Paulo,3550308,True,,33788,,,-23.546276,-46.435839,,,,2,2023-06-19T16:11:17+00:00
SAO_3722-10,São Paulo,3550308,True,,33788,,,-23.548361999999997,-46.525793,,,,2,2023-06-19T16:11:26+00:00
SAO_4310-10,São Paulo,3550308,True,,34928,,,-23.53961375,-46.485739375,,,,2,2023-06-19T16:11:32+00:00
SAO_4310-10,São Paulo,3550308,True,,34928,,,-23.534565999999998,-46.4530625,,,,2,2023-06-19T16:10:58+00:00
SAO_4310-10,São Paulo,3550308,True,,34928,,,-23.534650499999998,-46.453331,,,,2,2023-06-19T16:08:48+00:00
SAO_4310-10,São Paulo,3550308,True,,34928,,,-23.538698,-46.565755,,,,2,2023-06-19T16:10:23+00:00
SAO_4310-10,São Paulo,3550308,True,,34928,,,-23.547625,-46.630348,,,,2,2023-06-19T16:11:17+00:00
SAO_4310-10,São Paulo,3550308,True,,34928,,,-23.534491,-46.496861,,,,2,2023-06-19T16:11:36+00:00
SAO_4310-10,São Paulo,3550308,True,,34928,,,-23.534565999999998,-46.4530625,,,,2,2023-06-19T16:11:25+00:00
SAO_4310-10,São Paulo,3550308,True,,34928,,,-23.534650499999998,-46.453331,,,,2,2023-06-19T16:08:24+00:00
SAO_4310-10,São Paulo,3550308,True,,34928,,,-23.535671999999998,-46.4544545,,,,2,2023-06-19T16:08:45+00:00
SAO_4310-10,São Paulo,3550308,True,,34928,,,-23.534408999999997,-46.544985499999996,,,,2,2023-06-19T16:09:08+00:00
SAO_4310-10,São Paulo,3550308,True,,34928,,,-23.534764000000003,-46.4534805,,,,2,2023-06-19T16:11:00+00:00
SAO_4310-10,São Paulo,3550308,True,,34928,,,-23.547625,-46.630348,,,,2,2023-06-19T16:11:03+00:00
SAO_4310-10,São Paulo,3550308,True,,34928,,,-23.551384374999998,-46.6084365,,,,2,2023-06-19T16:11:31+00:00
SAO_4310-10,São Paulo,3550308,True,,34928,,,-23.5348075,-46.5472965,,,,2,2023-06-19T16:11:28+00:00
SAO_4310-10,São Paulo,3550308,True,,34928,,,-23.5385975,-46.4567525,,,,2,2023-06-19T16:11:40+00:00
SAO_4310-10,São Paulo,3550308,True,,34928,,,-23.5451555,-46.5962505,,,,2,2023-06-19T16:11:38+00:00
SAO_4310-10,São Paulo,3550308,True,,34928,,,-23.541288,-46.5781875,,,,2,2023-06-19T16:11:20+00:00
SAO_4310-10,São Paulo,3550308,True,,34928,,,-23.534565999999998,-46.4530625,,,,2,2023-06-19T16:11:30+00:00
SAO_4310-10,São Paulo,3550308,True,,34928,,,-23.534008,-46.497419,,,,2,2023-06-19T16:11:16+00:00
SAO_4310-10,São Paulo,3550308,True,,34928,,,-23.5352045,-46.4539815,,,,2,2023-06-19T16:11:20+00:00
SAO_4310-10,São Paulo,3550308,True,,34928,,,-23.53179125,-46.5233455,,,,2,2023-06-19T16:11:25+00:00
SAO_4310-10,São Paulo,3550308,True,,34928,,,-23.5493125,-46.629169000000005,,,,2,2023-06-19T16:11:20+00:00
SAO_4310-10,São Paulo,3550308,True,,34928,,,-23.534565999999998,-46.4530625,,,,2,2023-06-19T16:11:18+00:00
SAO_189L-10,São Paulo,3550308,True,,35218,,,-23.4865035,-46.710671500000004,,,,2,2023-06-19T16:11:42+00:00
SAO_189L-10,São Paulo,3550308,True,,35218,,,-23.486798999999998,-46.7106505,,,,2,2023-06-19T16:11:18+00:00
SAO_2590-10,São Paulo,3550308,True,,912,,,-23.518386999999997,-46.550045,,,,1,2023-06-19T16:10:27+00:00
SAO_2590-10,São Paulo,3550308,True,,912,,,-23.535102875,-46.581697250000005,,,,1,2023-06-19T16:11:43+00:00
SAO_2590-10,São Paulo,3550308,True,,912,,,-23.498322125,-46.51932225,,,,1,2023-06-19T16:11:37+00:00
SAO_2590-10,São Paulo,3550308,True,,912,,,-23.543174,-46.6274415,,,,1,2023-06-19T16:11:40+00:00
SAO_2590-10,São Paulo,3550308,True,,912,,,-23.538731,-46.6048935,,,,1,2023-06-19T16:11:21+00:00
SAO_2590-10,São Paulo,3550308,True,,912,,,-23.4923265,-46.455170499999994,,,,1,2023-06-19T16:11:09+00:00
SAO_2590-10,São Paulo,3550308,True,,912,,,-23.4829785,-46.467121,,,,1,2023-06-19T16:10:41+00:00
SAO_7052-10,São Paulo,3550308,True,,1886,,,-23.631508,-46.7726,,,,1,2023-06-19T16:11:23+00:00
SAO_7052-10,São Paulo,3550308,True,,1886,,,-23.641705,-46.774318,,,,1,2023-06-19T16:11:02+00:00
SAO_2004-10,São Paulo,3550308,True,,892,,,-23.53283825,-46.398762500000004,,,,1,2023-06-19T16:11:02+00:00
SAO_846M-10,São Paulo,3550308,True,,33190,,,-23.502371,-46.761087,,,,2,2023-06-19T16:11:19+00:00
SAO_846M-10,São Paulo,3550308,True,,33190,,,-23.5309295,-46.7292135,,,,2,2023-06-19T16:11:27+00:00
SAO_846M-10,São Paulo,3550308,True,,33190,,,-23.50283475,-46.760608500000004,,,,2,2023-06-19T16:11:18+00:00
SAO_846M-10,São Paulo,3550308,True,,33190,,,-23.5245465,-46.73684225,,,,2,2023-06-19T16:11:21+00:00
SAO_2666-10,São Paulo,3550308,True,EMTU,378,https://moovitapp.com/index/pt-br/transporte_p%C3%BAblico-line-378-Sao_Paulo-242-2038937-36419452-0,12.1,-23.546727,-46.629723999999996,,,,1,2023-06-19T16:11:21+00:00
SAO_2666-10,São Paulo,3550308,True,EMTU,378,https://moovitapp.com/index/pt-br/transporte_p%C3%BAblico-line-378-Sao_Paulo-242-2038937-36419452-0,12.1,-23.50608,-46.476355,,,,1,2023-06-19T16:11:43+00:00
SAO_2666-10,São Paulo,3550308,True,EMTU,378,https://moovitapp.com/index/pt-br/transporte_p%C3%BAblico-line-378-Sao_Paulo-242-2038937-36419452-0,12.1,-23.5169485,-46.3890475,,,,1,2023-06-19T16:09:36+00:00
SAO_2666-10,São Paulo,3550308,True,EMTU,378,https://moovitapp.com/index/pt-br/transporte_p%C3%BAblico-line-378-Sao_Paulo-242-2038937-36419452-0,12.1,-23.49727,-46.4540775,,,,1,2023-06-19T16:11:23+00:00
SAO_2666-10,São Paulo,3550308,True,EMTU,378,https://moovitapp.com/index/pt-br/transporte_p%C3%BAblico-line-378-Sao_Paulo-242-2038937-36419452-0,12.1,-23.494194,-46.421617625,,,,1,2023-06-19T16:11:41+00:00
SAO_2666-10,São Paulo,3550308,True,EMTU,378,https://moovitapp.com/index/pt-br/transporte_p%C3%BAblico-line-378-Sao_Paulo-242-2038937-36419452-0,12.1,-23.52259575,-46.53665875,,,,1,2023-06-19T16:11:22+00:00
SAO_2666-10,São Paulo,3550308,True,EMTU,378,https://moovitapp.com/index/pt-br/transporte_p%C3%BAblico-line-378-Sao_Paulo-242-2038937-36419452-0,12.1,-23.535102875,-46.581697250000005,,,,1,2023-06-19T16:11:23+00:00
SAO_2100-10,São Paulo,3550308,True,,33481,,,-23.558199000000002,-46.522121,,,,2,2023-06-19T16:11:33+00:00
SAO_2100-10,São Paulo,3550308,True,,33481,,,-23.570676,-46.5303915,,,,2,2023-06-19T16:11:43+00:00
SAO_2100-10,São Paulo,3550308,True,,33481,,,-23.559804,-46.567077999999995,,,,2,2023-06-19T16:11:21+00:00
SAO_2100-10,São Paulo,3550308,True,,33481,,,-23.558037,-46.578609,,,,2,2023-06-19T16:11:25+00:00
SAO_2100-10,São Paulo,3550308,True,,33481,,,-23.556353125,-46.574729125000005,,,,2,2023-06-19T16:11:32+00:00
SAO_2100-10,São Paulo,3550308,True,,33481,,,-23.5580635,-46.522337500000006,,,,2,2023-06-19T16:11:35+00:00
SAO_2100-10,São Paulo,3550308,True,,33481,,,-23.5604875,-46.5845975,,,,2,2023-06-19T16:11:35+00:00
SAO_2100-10,São Paulo,3550308,True,,33481,,,-23.553219625,-46.600659125,,,,2,2023-06-19T16:11:29+00:00
SAO_2100-10,São Paulo,3550308,True,,33481,,,-23.564413000000002,-46.547603,,,,2,2023-06-19T16:11:42+00:00
SAO_2100-10,São Paulo,3550308,True,,33481,,,-23.5630865,-46.559523,,,,2,2023-06-19T16:11:18+00:00
SAO_2100-10,São Paulo,3550308,True,,33481,,,-23.5600605,-46.52151,,,,2,2023-06-19T16:11:17+00:00
SAO_2100-10,São Paulo,3550308,True,,33481,,,-23.549750500000002,-46.6339155,,,,2,2023-06-19T16:11:34+00:00
SAO_2100-10,São Paulo,3550308,True,,33481,,,-23.5523945,-46.632870499999996,,,,2,2023-06-19T16:11:21+00:00
SAO_2100-10,São Paulo,3550308,True,,33481,,,-23.550302000000002,-46.6316285,,,,2,2023-06-19T16:11:16+00:00
SAO_2100-10,São Paulo,3550308,True,,33481,,,-23.5579695,-46.522496000000004,,,,2,2023-06-19T16:11:06+00:00
SAO_2100-10,São Paulo,3550308,True,,33481,,,-23.570818,-46.5389225,,,,2,2023-06-19T16:11:22+00:00
SAO_2100-10,São Paulo,3550308,True,,33481,,,-23.557861,-46.522673,,,,2,2023-06-19T16:11:45+00:00
SAO_8686-10,São Paulo,3550308,True,,33214,,,-23.521956000000003,-46.716938,,,,2,2023-06-19T16:11:21+00:00
SAO_8686-10,São Paulo,3550308,True,,33214,,,-23.48884275,-46.74307775,,,,2,2023-06-19T16:11:35+00:00
SAO_7054-10,São Paulo,3550308,True,,41,,,-23.6517055,-46.7906215,,,,1,2023-06-19T16:11:38+00:00
SAO_7054-10,São Paulo,3550308,True,,41,,,-23.6517055,-46.7906215,,,,1,2023-06-19T16:11:33+00:00
SAO_7054-10,São Paulo,3550308,True,,41,,,-23.647630499999998,-46.786922000000004,,,,1,2023-06-19T16:11:19+00:00
SAO_675K-10,São Paulo,3550308,True,EMTU,198,https://moovitapp.com/index/pt-br/transporte_p%C3%BAblico-line-198-Sao_Paulo-242-2038937-59811937-0,6.35,-23.667816000000002,-46.7312965,,,,1,2023-06-19T16:11:17+00:00
SAO_675K-10,São Paulo,3550308,True,EMTU,198,https://moovitapp.com/index/pt-br/transporte_p%C3%BAblico-line-198-Sao_Paulo-242-2038937-59811937-0,6.35,-23.613680125,-46.671615625,,,,1,2023-06-19T16:11:05+00:00
SAO_675K-10,São Paulo,3550308,True,EMTU,198,https://moovitapp.com/index/pt-br/transporte_p%C3%BAblico-line-198-Sao_Paulo-242-2038937-59811937-0,6.35,-23.61243275,-46.6704415,,,,1,2023-06-19T16:11:24+00:00
SAO_675K-10,São Paulo,3550308,True,EMTU,198,https://moovitapp.com/index/pt-br/transporte_p%C3%BAblico-line-198-Sao_Paulo-242-2038937-59811937-0,6.35,-23.690517,-46.7737425,,,,1,2023-06-19T16:11:05+00:00
SAO_675K-10,São Paulo,3550308,True,EMTU,198,https://moovitapp.com/index/pt-br/transporte_p%C3%BAblico-line-198-Sao_Paulo-242-2038937-59811937-0,6.35,-23.596312250000004,-46.655273750000006,,,,1,2023-06-19T16:11:25+00:00
SAO_675K-10,São Paulo,3550308,True,EMTU,198,https://moovitapp.com/index/pt-br/transporte_p%C3%BAblico-line-198-Sao_Paulo-242-2038937-59811937-0,6.35,-23.690517,-46.7737425,,,,1,2023-06-19T16:11:08+00:00
SAO_675K-10,São Paulo,3550308,True,EMTU,198,https://moovitapp.com/index/pt-br/transporte_p%C3%BAblico-line-198-Sao_Paulo-242-2038937-59811937-0,6.35,-23.615018,-46.6728715,,,,1,2023-06-19T16:11:29+00:00
SAO_675K-10,São Paulo,3550308,True,EMTU,198,https://moovitapp.com/index/pt-br/transporte_p%C3%BAblico-line-198-Sao_Paulo-242-2038937-59811937-0,6.35,-23.612007,-46.670038500000004,,,,1,2023-06-19T16:11:33+00:00
SAO_675K-10,São Paulo,3550308,True,EMTU,198,https://moovitapp.com/index/pt-br/transporte_p%C3%BAblico-line-198-Sao_Paulo-242-2038937-59811937-0,6.35,-23.643728875,-46.699717500000006,,,,1,2023-06-19T16:11:22+00:00
SAO_675K-10,São Paulo,3550308,True,EMTU,198,https://moovitapp.com/index/pt-br/transporte_p%C3%BAblico-line-198-Sao_Paulo-242-2038937-59811937-0,6.35,-23.606327,-46.66468075,,,,1,2023-06-19T16:11:11+00:00
SAO_675K-10,São Paulo,3550308,True,EMTU,198,https://moovitapp.com/index/pt-br/transporte_p%C3%BAblico-line-198-Sao_Paulo-242-2038937-59811937-0,6.35,-23.675867250000003,-46.754087,,,,1,2023-06-19T16:11:29+00:00
SAO_675K-10,São Paulo,3550308,True,EMTU,198,https://moovitapp.com/index/pt-br/transporte_p%C3%BAblico-line-198-Sao_Paulo-242-2038937-59811937-0,6.35,-23.609559062499997,-46.667714375,,,,1,2023-06-19T16:11:05+00:00
SAO_675K-10,São Paulo,3550308,True,EMTU,198,https://moovitapp.com/index/pt-br/transporte_p%C3%BAblico-line-198-Sao_Paulo-242-2038937-59811937-0,6.35,-23.609559062499997,-46.667714375,,,,1,2023-06-19T16:11:32+00:00
SAO_675K-10,São Paulo,3550308,True,EMTU,198,https://moovitapp.com/index/pt-br/transporte_p%C3%BAblico-line-198-Sao_Paulo-242-2038937-59811937-0,6.35,-23.609559062499997,-46.667714375,,,,1,2023-06-19T16:11:19+00:00
SAO_675K-10,São Paulo,3550308,True,EMTU,198,https://moovitapp.com/index/pt-br/transporte_p%C3%BAblico-line-198-Sao_Paulo-242-2038937-59811937-0,6.35,-23.6497811875,-46.70390193750001,,,,1,2023-06-19T16:11:28+00:00
SAO_675K-10,São Paulo,3550308,True,EMTU,198,https://moovitapp.com/index/pt-br/transporte_p%C3%BAblico-line-198-Sao_Paulo-242-2038937-59811937-0,6.35,-23.665815000000002,-46.7117615,,,,1,2023-06-19T16:09:01+00:00
SAO_675K-10,São Paulo,3550308,True,EMTU,198,https://moovitapp.com/index/pt-br/transporte_p%C3%BAblico-line-198-Sao_Paulo-242-2038937-59811937-0,6.35,-23.59849425,-46.63818525,,,,1,2023-06-19T16:11:38+00:00
SAO_675K-10,São Paulo,3550308,True,EMTU,198,https://moovitapp.com/index/pt-br/transporte_p%C3%BAblico-line-198-Sao_Paulo-242-2038937-59811937-0,6.35,-23.6873875,-46.771598,,,,1,2023-06-19T16:10:54+00:00
SAO_675K-10,São Paulo,3550308,True,EMTU,198,https://moovitapp.com/index/pt-br/transporte_p%C3%BAblico-line-198-Sao_Paulo-242-2038937-59811937-0,6.35,-23.690517,-46.7737425,,,,1,2023-06-19T16:11:15+00:00
SAO_675K-10,São Paulo,3550308,True,EMTU,198,https://moovitapp.com/index/pt-br/transporte_p%C3%BAblico-line-198-Sao_Paulo-242-2038937-59811937-0,6.35,-23.613981375,-46.671899874999994,,,,1,2023-06-19T16:11:32+00:00
SAO_7004-10,São Paulo,3550308,True,,1992,,,-23.656168,-46.7235395,,,,1,2023-06-19T16:11:27+00:00
SAO_7004-10,São Paulo,3550308,True,,1992,,,-23.685402500000002,-46.7426895,,,,1,2023-06-19T16:11:28+00:00
SAO_7004-10,São Paulo,3550308,True,,1992,,,-23.692423,-46.7776975,,,,1,2023-06-19T16:11:26+00:00
SAO_7004-10,São Paulo,3550308,True,,1992,,,-23.685458,-46.7650345,,,,1,2023-06-19T16:09:41+00:00
SAO_7004-10,São Paulo,3550308,True,,1992,,,-23.732263,-46.786442,,,,1,2023-06-19T16:11:19+00:00
SAO_7004-10,São Paulo,3550308,True,,1992,,,-23.741771999999997,-46.8001715,,,,1,2023-06-19T16:11:24+00:00
SAO_7004-10,São Paulo,3550308,True,,1992,,,-23.741771999999997,-46.8001715,,,,1,2023-06-19T16:11:12+00:00
SAO_7004-10,São Paulo,3550308,True,,1992,,,-23.685627,-46.750581499999996,,,,1,2023-06-19T16:11:04+00:00
SAO_7004-10,São Paulo,3550308,True,,1992,,,-23.741459,-46.79991,,,,1,2023-06-19T16:11:38+00:00
SAO_7004-10,São Paulo,3550308,True,,1992,,,-23.732263,-46.786442,,,,1,2023-06-19T16:11:40+00:00
SAO_3789-10,São Paulo,3550308,True,,1067,,,-23.5809085,-46.414079,,,,1,2023-06-19T16:11:04+00:00
SAO_3789-10,São Paulo,3550308,True,,1067,,,-23.551387,-46.4625745,,,,1,2023-06-19T16:11:30+00:00
SAO_3789-10,São Paulo,3550308,True,,1067,,,-23.5947635,-46.440972,,,,1,2023-06-19T16:11:19+00:00
SAO_3789-10,São Paulo,3550308,True,,1067,,,-23.589340999999997,-46.408477,,,,1,2023-06-19T16:11:41+00:00
SAO_3789-10,São Paulo,3550308,True,,1067,,,-23.571149,-46.4590315,,,,1,2023-06-19T16:11:15+00:00
SAO_5391-10,São Paulo,3550308,True,EMTU,171,https://moovitapp.com/index/pt-br/transporte_p%C3%BAblico-line-171-Sao_Paulo-242-2038937-36419310-0,4.8,-23.58950075,-46.6514475,,,,1,2023-06-19T16:11:25+00:00
SAO_5391-10,São Paulo,3550308,True,EMTU,171,https://moovitapp.com/index/pt-br/transporte_p%C3%BAblico-line-171-Sao_Paulo-242-2038937-36419310-0,4.8,-23.65206275,-46.705526625,,,,1,2023-06-19T16:11:13+00:00
SAO_5391-10,São Paulo,3550308,True,EMTU,171,https://moovitapp.com/index/pt-br/transporte_p%C3%BAblico-line-171-Sao_Paulo-242-2038937-36419310-0,4.8,-23.6672905,-46.727228,,,,1,2023-06-19T16:10:55+00:00
SAO_5391-10,São Paulo,3550308,True,EMTU,171,https://moovitapp.com/index/pt-br/transporte_p%C3%BAblico-line-171-Sao_Paulo-242-2038937-36419310-0,4.8,-23.610149687499998,-46.668276125,,,,1,2023-06-19T16:11:39+00:00
SAO_5391-10,São Paulo,3550308,True,EMTU,171,https://moovitapp.com/index/pt-br/transporte_p%C3%BAblico-line-171-Sao_Paulo-242-2038937-36419310-0,4.8,-23.614762,-46.672632500000006,,,,1,2023-06-19T16:11:07+00:00
SAO_5391-10,São Paulo,3550308,True,EMTU,171,https://moovitapp.com/index/pt-br/transporte_p%C3%BAblico-line-171-Sao_Paulo-242-2038937-36419310-0,4.8,-23.61243275,-46.6704415,,,,1,2023-06-19T16:11:05+00:00
SAO_5391-10,São Paulo,3550308,True,EMTU,171,https://moovitapp.com/index/pt-br/transporte_p%C3%BAblico-line-171-Sao_Paulo-242-2038937-36419310-0,4.8,-23.608573,-46.666781125,,,,1,2023-06-19T16:11:21+00:00
SAO_5391-10,São Paulo,3550308,True,EMTU,171,https://moovitapp.com/index/pt-br/transporte_p%C3%BAblico-line-171-Sao_Paulo-242-2038937-36419310-0,4.8,-23.682178,-46.76720775,,,,1,2023-06-19T16:11:04+00:00
SAO_4115-10,São Paulo,3550308,True,EMTU,322,https://moovitapp.com/index/pt-br/transporte_p%C3%BAblico-line-322-Sao_Paulo-242-2038937-36419412-0,6.2,-23.621927499999998,-46.6287995,,,,1,2023-06-19T16:11:23+00:00
SAO_4115-10,São Paulo,3550308,True,EMTU,322,https://moovitapp.com/index/pt-br/transporte_p%C3%BAblico-line-322-Sao_Paulo-242-2038937-36419412-0,6.2,-23.624906,-46.629341,,,,1,2023-06-19T16:11:31+00:00
SAO_4115-10,São Paulo,3550308,True,EMTU,322,https://moovitapp.com/index/pt-br/transporte_p%C3%BAblico-line-322-Sao_Paulo-242-2038937-36419412-0,6.2,-23.567094375,-46.621619625,,,,1,2023-06-19T16:11:06+00:00
SAO_4017-10,São Paulo,3550308,True,,2190,,,-23.58859825,-46.38288025,,,,1,2023-06-19T16:10:59+00:00
SAO_4017-10,São Paulo,3550308,True,,2190,,,-23.595961125000002,-46.405073875,,,,1,2023-06-19T16:11:41+00:00
SAO_4017-10,São Paulo,3550308,True,,2190,,,-23.600685,-46.399787,,,,1,2023-06-19T16:11:18+00:00
SAO_4017-10,São Paulo,3550308,True,,2190,,,-23.575471,-46.3924385,,,,1,2023-06-19T16:11:10+00:00
SAO_5028-10,São Paulo,3550308,True,,1634,,,-23.602286874999997,-46.610637,,,,1,2023-06-19T16:11:34+00:00
SAO_273R-42,São Paulo,3550308,True,EMTU,228,https://moovitapp.com/index/pt-br/transporte_p%C3%BAblico-line-228-Sao_Paulo-242-2038937-36419345-0,5.8,-23.521997499999998,-46.412527999999995,,,,1,2023-06-19T16:11:14+00:00
SAO_778J-10,São Paulo,3550308,True,EMTU,508,https://moovitapp.com/index/pt-br/transporte_p%C3%BAblico-line-508-Sao_Paulo-242-2038937-36419530-0,5.65,-23.5527245,-46.678602,,,,1,2023-06-19T16:11:20+00:00
SAO_778J-10,São Paulo,3550308,True,EMTU,508,https://moovitapp.com/index/pt-br/transporte_p%C3%BAblico-line-508-Sao_Paulo-242-2038937-36419530-0,5.65,-23.572331249999998,-46.7605825,,,,1,2023-06-19T16:11:07+00:00
SAO_6042-10,São Paulo,3550308,True,,1219,,,-23.672669,-46.7646945,,,,1,2023-06-19T16:11:04+00:00
SAO_6042-10,São Paulo,3550308,True,,1219,,,-23.650515,-46.708068499999996,,,,1,2023-06-19T16:11:15+00:00
SAO_6042-10,São Paulo,3550308,True,,1219,,,-23.6767875,-46.773955,,,,1,2023-06-19T16:11:08+00:00
SAO_6042-10,São Paulo,3550308,True,,1219,,,-23.65128,-46.718128,,,,1,2023-06-19T16:11:36+00:00
SAO_6042-10,São Paulo,3550308,True,,1219,,,-23.657712500000002,-46.7644205,,,,1,2023-06-19T16:11:09+00:00
SAO_5178-10,São Paulo,3550308,True,,595,,,-23.68925575,-46.63622,,,,1,2023-06-19T16:11:39+00:00
SAO_5178-10,São Paulo,3550308,True,,595,,,-23.6490225,-46.670104499999994,,,,1,2023-06-19T16:10:59+00:00
SAO_5178-10,São Paulo,3550308,True,,595,,,-23.554430500000002,-46.638824125,,,,1,2023-06-19T16:11:25+00:00
SAO_5178-10,São Paulo,3550308,True,,595,,,-23.588572,-46.65187925,,,,1,2023-06-19T16:11:36+00:00
SAO_5178-10,São Paulo,3550308,True,,595,,,-23.6659575,-46.656566999999995,,,,1,2023-06-19T16:11:00+00:00
SAO_5178-10,São Paulo,3550308,True,,595,,,-23.570104,-46.651428499999994,,,,1,2023-06-19T16:11:36+00:00
SAO_6820-31,São Paulo,3550308,True,,1406,,,-23.6588745,-46.7891,,,,1,2023-06-19T16:11:07+00:00
SAO_6820-31,São Paulo,3550308,True,,1406,,,-23.6588415,-46.7680485,,,,1,2023-06-19T16:11:24+00:00
SAO_8030-10,São Paulo,3550308,True,,2562,,,-23.59203575,-46.735672,,,,1,2023-06-19T16:11:41+00:00
SAO_8030-10,São Paulo,3550308,True,,2562,,,-23.600083249999997,-46.733756875,,,,1,2023-06-19T16:11:39+00:00
SAO_8030-10,São Paulo,3550308,True,,2562,,,-23.6186035,-46.731608,,,,1,2023-06-19T16:11:03+00:00
SAO_8030-10,São Paulo,3550308,True,,2562,,,-23.6228935,-46.7287175,,,,1,2023-06-19T16:11:35+00:00
SAO_477P-10,São Paulo,3550308,True,,33116,,,-23.59799675,-46.6799455,,,,2,2023-06-19T16:11:02+00:00
SAO_477P-10,São Paulo,3550308,True,,33116,,,-23.568051500000003,-46.6966145,,,,2,2023-06-19T16:11:03+00:00
SAO_477P-10,São Paulo,3550308,True,,33116,,,-23.6128265,-46.608872,,,,2,2023-06-19T16:11:36+00:00
SAO_477P-10,São Paulo,3550308,True,,33116,,,-23.585140875,-46.741949125000005,,,,2,2023-06-19T16:10:14+00:00
SAO_477P-10,São Paulo,3550308,True,,33116,,,-23.5967595,-46.622050625,,,,2,2023-06-19T16:11:31+00:00
SAO_477P-10,São Paulo,3550308,True,,33116,,,-23.627033,-46.6418775,,,,2,2023-06-19T16:11:30+00:00
SAO_477P-10,São Paulo,3550308,True,,33116,,,-23.61099125,-46.68573325,,,,2,2023-06-19T16:11:01+00:00
SAO_477P-10,São Paulo,3550308,True,,33116,,,-23.5775065,-46.7653795,,,,2,2023-06-19T16:09:14+00:00
SAO_477P-10,São Paulo,3550308,True,,33116,,,-23.620101500000004,-46.67434475,,,,2,2023-06-19T16:11:43+00:00
SAO_477P-10,São Paulo,3550308,True,,33116,,,-23.61847025,-46.67012475,,,,2,2023-06-19T16:11:02+00:00
SAO_477P-10,São Paulo,3550308,True,,33116,,,-23.612551,-46.60875125,,,,2,2023-06-19T16:11:12+00:00
SAO_477P-10,São Paulo,3550308,True,,33116,,,-23.5909165,-46.6202265625,,,,2,2023-06-19T16:11:26+00:00
SAO_2290-10,São Paulo,3550308,True,,33486,,,-23.612947,-46.476177500000006,,,,2,2023-06-19T16:11:04+00:00
SAO_2290-10,São Paulo,3550308,True,,33486,,,-23.602433875,-46.482662375,,,,2,2023-06-19T16:11:03+00:00
SAO_2290-10,São Paulo,3550308,True,,33486,,,-23.552506,-46.5288275,,,,2,2023-06-19T16:11:45+00:00
SAO_2290-10,São Paulo,3550308,True,,33486,,,-23.538157499999997,-46.599945500000004,,,,2,2023-06-19T16:11:26+00:00
SAO_2290-10,São Paulo,3550308,True,,33486,,,-23.534749499999997,-46.560216249999996,,,,2,2023-06-19T16:11:39+00:00
SAO_2290-10,São Paulo,3550308,True,,33486,,,-23.5325815,-46.560864499999994,,,,2,2023-06-19T16:11:22+00:00
SAO_2290-10,São Paulo,3550308,True,,33486,,,-23.538731,-46.6048935,,,,2,2023-06-19T16:11:10+00:00
SAO_2290-10,São Paulo,3550308,True,,33486,,,-23.546985,-46.629763999999994,,,,2,2023-06-19T16:11:14+00:00
SAO_2290-10,São Paulo,3550308,True,,33486,,,-23.549305,-46.535914000000005,,,,2,2023-06-19T16:11:08+00:00
SAO_2290-10,São Paulo,3550308,True,,33486,,,-23.612947,-46.476177500000006,,,,2,2023-06-19T16:11:20+00:00
SAO_2290-10,São Paulo,3550308,True,,33486,,,-23.542583,-46.54966025,,,,2,2023-06-19T16:11:34+00:00
SAO_2290-10,São Paulo,3550308,True,,33486,,,-23.535124,-46.5762615,,,,2,2023-06-19T16:11:45+00:00
SAO_2290-10,São Paulo,3550308,True,,33486,,,-23.6131485,-46.4762315,,,,2,2023-06-19T16:11:27+00:00
SAO_2290-10,São Paulo,3550308,True,,33486,,,-23.5459945,-46.621758,,,,2,2023-06-19T16:11:30+00:00
SAO_2290-10,São Paulo,3550308,True,,33486,,,-23.56448825,-46.513625,,,,2,2023-06-19T16:11:43+00:00
SAO_2290-10,São Paulo,3550308,True,,33486,,,-23.547039,-46.540972374999996,,,,2,2023-06-19T16:11:29+00:00
SAO_2290-10,São Paulo,3550308,True,,33486,,,-23.6137635,-46.4764045,,,,2,2023-06-19T16:11:29+00:00
SAO_2290-10,São Paulo,3550308,True,,33486,,,-23.612947,-46.476177500000006,,,,2,2023-06-19T16:11:37+00:00
SAO_2290-10,São Paulo,3550308,True,,33486,,,-23.5465725,-46.5420275,,,,2,2023-06-19T16:11:33+00:00
SAO_2290-10,São Paulo,3550308,True,,33486,,,-23.559302000000002,-46.5206565,,,,2,2023-06-19T16:11:10+00:00
SAO_2290-10,São Paulo,3550308,True,,33486,,,-23.6135545,-46.476344499999996,,,,2,2023-06-19T16:11:09+00:00
SAO_2290-10,São Paulo,3550308,True,,33486,,,-23.60364525,-46.4816365,,,,2,2023-06-19T16:11:17+00:00
SAO_2290-10,São Paulo,3550308,True,,33486,,,-23.601649,-46.4833325,,,,2,2023-06-19T16:11:35+00:00
SAO_407E-10,São Paulo,3550308,True,,34983,,,-23.619855,-46.467807,,,,2,2023-06-19T16:10:59+00:00
SAO_407E-10,São Paulo,3550308,True,,34983,,,-23.607657,-46.4676625,,,,2,2023-06-19T16:11:05+00:00
SAO_407E-10,São Paulo,3550308,True,,34983,,,-23.573918,-46.504014,,,,2,2023-06-19T16:11:43+00:00
SAO_407E-10,São Paulo,3550308,True,,34983,,,-23.6328925,-46.442772000000005,,,,2,2023-06-19T16:11:34+00:00
SAO_407E-10,São Paulo,3550308,True,,34983,,,-23.633248000000002,-46.4428945,,,,2,2023-06-19T16:11:25+00:00
SAO_407E-10,São Paulo,3550308,True,,34983,,,-23.5384935,-46.5633695,,,,2,2023-06-19T16:09:36+00:00
SAO_407E-10,São Paulo,3550308,True,,34983,,,-23.626632999999998,-46.446732499999996,,,,2,2023-06-19T16:10:59+00:00
SAO_3902-10,São Paulo,3550308,True,,1470,,,-23.5377505,-46.4062055,,,,1,2023-06-19T16:11:39+00:00
SAO_3902-10,São Paulo,3550308,True,,1470,,,-23.5064,-46.3890495,,,,1,2023-06-19T16:10:21+00:00
SAO_3902-10,São Paulo,3550308,True,,1470,,,-23.536042625,-46.403811125000004,,,,1,2023-06-19T16:11:18+00:00
SAO_5038-10,São Paulo,3550308,True,,1661,,,-23.6370815,-46.607542499999994,,,,1,2023-06-19T16:11:03+00:00
SAO_5038-10,São Paulo,3550308,True,,1661,,,-23.6028795,-46.601814000000005,,,,1,2023-06-19T16:11:03+00:00
SAO_5038-10,São Paulo,3550308,True,,1661,,,-23.653712,-46.602695999999995,,,,1,2023-06-19T16:11:26+00:00
SAO_5038-10,São Paulo,3550308,True,,1661,,,-23.622918875,-46.603806,,,,1,2023-06-19T16:11:05+00:00
SAO_5038-10,São Paulo,3550308,True,,1661,,,-23.650027,-46.608188999999996,,,,1,2023-06-19T16:11:19+00:00
SAO_172P-10,São Paulo,3550308,True,,858,,,-23.464031499999997,-46.583627,,,,1,2023-06-19T16:11:26+00:00
SAO_172P-10,São Paulo,3550308,True,,858,,,-23.481572,-46.58799,,,,1,2023-06-19T16:11:03+00:00
SAO_172P-10,São Paulo,3550308,True,,858,,,-23.54239,-46.5903175,,,,1,2023-06-19T16:11:12+00:00
SAO_172P-10,São Paulo,3550308,True,,858,,,-23.540861999999997,-46.5948595,,,,1,2023-06-19T16:11:11+00:00
SAO_172P-10,São Paulo,3550308,True,,858,,,-23.440261,-46.576557,,,,1,2023-06-19T16:08:51+00:00
SAO_172P-10,São Paulo,3550308,True,,858,,,-23.464031499999997,-46.583627,,,,1,2023-06-19T16:11:41+00:00
SAO_6006-10,São Paulo,3550308,True,EMTU,175,https://moovitapp.com/index/pt-br/transporte_p%C3%BAblico-line-175-Sao_Paulo-242-2038937-36419312-0,6.25,-23.6670465,-46.69007125,,,,1,2023-06-19T16:11:01+00:00
SAO_6006-10,São Paulo,3550308,True,EMTU,175,https://moovitapp.com/index/pt-br/transporte_p%C3%BAblico-line-175-Sao_Paulo-242-2038937-36419312-0,6.25,-23.6922335,-46.757836499999996,,,,1,2023-06-19T16:11:40+00:00
SAO_6006-10,São Paulo,3550308,True,EMTU,175,https://moovitapp.com/index/pt-br/transporte_p%C3%BAblico-line-175-Sao_Paulo-242-2038937-36419312-0,6.25,-23.6922335,-46.757836499999996,,,,1,2023-06-19T16:11:30+00:00
SAO_6006-10,São Paulo,3550308,True,EMTU,175,https://moovitapp.com/index/pt-br/transporte_p%C3%BAblico-line-175-Sao_Paulo-242-2038937-36419312-0,6.25,-23.6922335,-46.757836499999996,,,,1,2023-06-19T16:08:28+00:00
SAO_6006-10,São Paulo,3550308,True,EMTU,175,https://moovitapp.com/index/pt-br/transporte_p%C3%BAblico-line-175-Sao_Paulo-242-2038937-36419312-0,6.25,-23.6922335,-46.757836499999996,,,,1,2023-06-19T16:11:29+00:00
SAO_6006-10,São Paulo,3550308,True,EMTU,175,https://moovitapp.com/index/pt-br/transporte_p%C3%BAblico-line-175-Sao_Paulo-242-2038937-36419312-0,6.25,-23.667398,-46.677733,,,,1,2023-06-19T16:11:24+00:00
SAO_6006-10,São Paulo,3550308,True,EMTU,175,https://moovitapp.com/index/pt-br/transporte_p%C3%BAblico-line-175-Sao_Paulo-242-2038937-36419312-0,6.25,-23.6922335,-46.757836499999996,,,,1,2023-06-19T16:08:38+00:00
SAO_6006-10,São Paulo,3550308,True,EMTU,175,https://moovitapp.com/index/pt-br/transporte_p%C3%BAblico-line-175-Sao_Paulo-242-2038937-36419312-0,6.25,-23.665815000000002,-46.7117615,,,,1,2023-06-19T16:09:05+00:00
SAO_6006-10,São Paulo,3550308,True,EMTU,175,https://moovitapp.com/index/pt-br/transporte_p%C3%BAblico-line-175-Sao_Paulo-242-2038937-36419312-0,6.25,-23.691468999999998,-46.7589405,,,,1,2023-06-19T16:11:31+00:00
SAO_6006-10,São Paulo,3550308,True,EMTU,175,https://moovitapp.com/index/pt-br/transporte_p%C3%BAblico-line-175-Sao_Paulo-242-2038937-36419312-0,6.25,-23.680091500000003,-46.7525975,,,,1,2023-06-19T16:11:23+00:00
SAO_7272-10,São Paulo,3550308,True,,34101,,,-23.518703000000002,-46.707107500000006,,,,2,2023-06-19T16:11:10+00:00
SAO_7272-10,São Paulo,3550308,True,,34101,,,-23.54576875,-46.69101675,,,,2,2023-06-19T16:11:16+00:00
SAO_7272-10,São Paulo,3550308,True,,34101,,,-23.547204999999998,-46.63965,,,,2,2023-06-19T16:11:20+00:00
SAO_7272-10,São Paulo,3550308,True,,34101,,,-23.519946,-46.700774,,,,2,2023-06-19T16:11:38+00:00
SAO_1017-10,São Paulo,3550308,True,,34909,,,-23.4125245,-46.7508325,,,,2,2023-06-19T16:11:40+00:00
SAO_1017-10,São Paulo,3550308,True,,34909,,,-23.442541,-46.71719,,,,2,2023-06-19T16:11:15+00:00
SAO_1017-10,São Paulo,3550308,True,,34909,,,-23.413953499999998,-46.750866,,,,2,2023-06-19T16:11:41+00:00
SAO_1017-10,São Paulo,3550308,True,,34909,,,-23.4652605,-46.714532,,,,2,2023-06-19T16:11:05+00:00
SAO_1017-10,São Paulo,3550308,True,,34909,,,-23.412819499999998,-46.750868499999996,,,,2,2023-06-19T16:11:21+00:00
SAO_1017-10,São Paulo,3550308,True,,34909,,,-23.405923,-46.755074,,,,2,2023-06-19T16:11:01+00:00
SAO_1017-10,São Paulo,3550308,True,,34909,,,-23.4125245,-46.7508325,,,,2,2023-06-19T16:11:05+00:00
SAO_1017-10,São Paulo,3550308,True,,34909,,,-23.4125245,-46.7508325,,,,2,2023-06-19T16:11:11+00:00
SAO_1017-10,São Paulo,3550308,True,,34909,,,-23.4234875,-46.72467125,,,,2,2023-06-19T16:11:14+00:00
SAO_1017-10,São Paulo,3550308,True,,34909,,,-23.4136605,-46.750937,,,,2,2023-06-19T16:11:08+00:00
SAO_1017-10,São Paulo,3550308,True,,34909,,,-23.413465000000002,-46.750836500000005,,,,2,2023-06-19T16:11:11+00:00
SAO_1017-10,São Paulo,3550308,True,,34909,,,-23.4883175,-46.713229999999996,,,,2,2023-06-19T16:11:41+00:00
SAO_1017-10,São Paulo,3550308,True,,34909,,,-23.413556,-46.7508775,,,,2,2023-06-19T16:11:26+00:00
SAO_5185-10,São Paulo,3550308,True,,1308,,,-23.668707,-46.7352225,,,,1,2023-06-19T16:11:43+00:00
SAO_5185-10,São Paulo,3550308,True,,1308,,,-23.5767285,-46.658690500000006,,,,1,2023-06-19T16:11:39+00:00
SAO_5185-10,São Paulo,3550308,True,,1308,,,-23.6677575,-46.7351975,,,,1,2023-06-19T16:11:37+00:00
SAO_5185-10,São Paulo,3550308,True,,1308,,,-23.568310750000002,-46.649578000000005,,,,1,2023-06-19T16:11:20+00:00
SAO_5185-10,São Paulo,3550308,True,,1308,,,-23.6677575,-46.7351975,,,,1,2023-06-19T16:11:25+00:00
SAO_5185-10,São Paulo,3550308,True,,1308,,,-23.6677575,-46.7351975,,,,1,2023-06-19T16:11:37+00:00
SAO_5185-10,São Paulo,3550308,True,,1308,,,-23.546979,-46.63057,,,,1,2023-06-19T16:11:13+00:00
SAO_5185-10,São Paulo,3550308,True,,1308,,,-23.664607,-46.70930775,,,,1,2023-06-19T16:11:35+00:00
SAO_5185-10,São Paulo,3550308,True,,1308,,,-23.551902499999997,-46.6346075,,,,1,2023-06-19T16:11:40+00:00
SAO_5185-10,São Paulo,3550308,True,,1308,,,-23.628245,-46.6623575,,,,1,2023-06-19T16:11:12+00:00
SAO_675I-10,São Paulo,3550308,True,,32836,,,-23.643911000000003,-46.733135000000004,,,,2,2023-06-19T16:11:16+00:00
SAO_675I-10,São Paulo,3550308,True,,32836,,,-23.625450375,-46.686779625,,,,2,2023-06-19T16:11:24+00:00
SAO_675I-10,São Paulo,3550308,True,,32836,,,-23.643911000000003,-46.733135000000004,,,,2,2023-06-19T16:11:26+00:00
SAO_675I-10,São Paulo,3550308,True,,32836,,,-23.6438925,-46.733481999999995,,,,2,2023-06-19T16:11:04+00:00
SAO_675I-10,São Paulo,3550308,True,,32836,,,-23.622443750000002,-46.661860000000004,,,,2,2023-06-19T16:11:03+00:00
SAO_675I-10,São Paulo,3550308,True,,32836,,,-23.6438335,-46.734375,,,,2,2023-06-19T16:11:36+00:00
SAO_4093-10,São Paulo,3550308,True,,35216,,,-23.5829095,-46.408221499999996,,,,2,2023-06-19T16:11:31+00:00
SAO_4093-10,São Paulo,3550308,True,,35216,,,-23.590305,-46.4047105,,,,2,2023-06-19T16:06:01+00:00
SAO_4093-10,São Paulo,3550308,True,,35216,,,-23.585473999999998,-46.4075475,,,,2,2023-06-19T16:11:32+00:00
SAO_211L-10,São Paulo,3550308,True,,35033,,,-23.470727500000002,-46.665699000000004,,,,2,2023-06-19T16:11:25+00:00
SAO_211L-10,São Paulo,3550308,True,,35033,,,-23.4825085,-46.630541,,,,2,2023-06-19T16:11:34+00:00
SAO_211L-10,São Paulo,3550308,True,,35033,,,-23.4825085,-46.630541,,,,2,2023-06-19T16:11:38+00:00
SAO_211L-10,São Paulo,3550308,True,,35033,,,-23.482353500000002,-46.630331,,,,2,2023-06-19T16:11:18+00:00
SAO_2019-10,São Paulo,3550308,True,,33673,,,-23.529691999999997,-46.47905,,,,2,2023-06-19T16:11:20+00:00
SAO_2019-10,São Paulo,3550308,True,,33673,,,-23.529691999999997,-46.47905,,,,2,2023-06-19T16:11:40+00:00
SAO_2019-10,São Paulo,3550308,True,,33673,,,-23.529621249999998,-46.479377,,,,2,2023-06-19T16:11:03+00:00
SAO_2019-10,São Paulo,3550308,True,,33673,,,-23.5305385,-46.540248500000004,,,,2,2023-06-19T16:11:17+00:00
SAO_2019-10,São Paulo,3550308,True,,33673,,,-23.522423500000002,-46.5180585,,,,2,2023-06-19T16:11:34+00:00
SAO_7002-10,São Paulo,3550308,True,,772,,,-23.590482125,-46.771224000000004,,,,1,2023-06-19T16:11:26+00:00
SAO_7002-10,São Paulo,3550308,True,,772,,,-23.5916305,-46.7547945,,,,1,2023-06-19T16:11:03+00:00
SAO_7002-10,São Paulo,3550308,True,,772,,,-23.5850245,-46.744598499999995,,,,1,2023-06-19T16:11:39+00:00
SAO_7002-10,São Paulo,3550308,True,,772,,,-23.5927315,-46.7647945,,,,1,2023-06-19T16:11:24+00:00
SAO_7002-10,São Paulo,3550308,True,,772,,,-23.567231,-46.6936625,,,,1,2023-06-19T16:11:39+00:00
SAO_7002-10,São Paulo,3550308,True,,772,,,-23.573557,-46.710772000000006,,,,1,2023-06-19T16:11:24+00:00
SAO_7002-10,São Paulo,3550308,True,,772,,,-23.5623425,-46.685475,,,,1,2023-06-19T16:11:40+00:00
SAO_7002-10,São Paulo,3550308,True,,772,,,-23.5743665,-46.715461000000005,,,,1,2023-06-19T16:11:14+00:00
SAO_9162-10,São Paulo,3550308,True,,1365,,,-23.4725515,-46.683244,,,,1,2023-06-19T16:11:24+00:00
SAO_9162-10,São Paulo,3550308,True,,1365,,,-23.4836265,-46.663168999999996,,,,1,2023-06-19T16:11:21+00:00
SAO_609F-10,São Paulo,3550308,True,BR7 Mobilidade,37,https://moovitapp.com/index/pt-br/transporte_p%C3%BAblico-line-37-Sao_Paulo-242-851856-596010-0,5.75,-23.5355075,-46.644417000000004,,,,1,2023-06-19T16:11:39+00:00
SAO_609F-10,São Paulo,3550308,True,BR7 Mobilidade,37,https://moovitapp.com/index/pt-br/transporte_p%C3%BAblico-line-37-Sao_Paulo-242-851856-596010-0,5.75,-23.668056,-46.7488465,,,,1,2023-06-19T16:11:24+00:00
SAO_609F-10,São Paulo,3550308,True,BR7 Mobilidade,37,https://moovitapp.com/index/pt-br/transporte_p%C3%BAblico-line-37-Sao_Paulo-242-851856-596010-0,5.75,-23.6115255,-46.698155125,,,,1,2023-06-19T16:11:17+00:00
SAO_609F-10,São Paulo,3550308,True,BR7 Mobilidade,37,https://moovitapp.com/index/pt-br/transporte_p%C3%BAblico-line-37-Sao_Paulo-242-851856-596010-0,5.75,-23.667127999999998,-46.751767,,,,1,2023-06-19T16:11:27+00:00
SAO_609F-10,São Paulo,3550308,True,BR7 Mobilidade,37,https://moovitapp.com/index/pt-br/transporte_p%C3%BAblico-line-37-Sao_Paulo-242-851856-596010-0,5.75,-23.54758675,-46.63806099999999,,,,1,2023-06-19T16:11:44+00:00
SAO_609F-10,São Paulo,3550308,True,BR7 Mobilidade,37,https://moovitapp.com/index/pt-br/transporte_p%C3%BAblico-line-37-Sao_Paulo-242-851856-596010-0,5.75,-23.579705,-46.677246499999995,,,,1,2023-06-19T16:11:26+00:00
SAO_609F-10,São Paulo,3550308,True,BR7 Mobilidade,37,https://moovitapp.com/index/pt-br/transporte_p%C3%BAblico-line-37-Sao_Paulo-242-851856-596010-0,5.75,-23.6680755,-46.748797,,,,1,2023-06-19T16:11:37+00:00
SAO_609F-10,São Paulo,3550308,True,BR7 Mobilidade,37,https://moovitapp.com/index/pt-br/transporte_p%C3%BAblico-line-37-Sao_Paulo-242-851856-596010-0,5.75,-23.5806045,-46.6807885,,,,1,2023-06-19T16:11:27+00:00
SAO_609F-10,São Paulo,3550308,True,BR7 Mobilidade,37,https://moovitapp.com/index/pt-br/transporte_p%C3%BAblico-line-37-Sao_Paulo-242-851856-596010-0,5.75,-23.6533485,-46.735894,,,,1,2023-06-19T16:11:09+00:00
SAO_8528-10,São Paulo,3550308,True,,575,,,-23.5391215,-46.64618,,,,1,2023-06-19T16:11:38+00:00
SAO_8528-10,São Paulo,3550308,True,,575,,,-23.4899965,-46.694423,,,,1,2023-06-19T16:11:21+00:00
SAO_8528-10,São Paulo,3550308,True,,575,,,-23.5427875,-46.6363415,,,,1,2023-06-19T16:11:20+00:00
SAO_8528-10,São Paulo,3550308,True,,575,,,-23.521191375,-46.6726826875,,,,1,2023-06-19T16:11:09+00:00
SAO_8528-10,São Paulo,3550308,True,,575,,,-23.461451,-46.689819,,,,1,2023-06-19T16:11:37+00:00
SAO_8528-10,São Paulo,3550308,True,,575,,,-23.4595325,-46.6976875,,,,1,2023-06-19T16:11:27+00:00
SAO_2080-10,São Paulo,3550308,True,,33139,,,-23.510135124999998,-46.366632749999994,,,,2,2023-06-19T16:11:01+00:00
SAO_2080-10,São Paulo,3550308,True,,33139,,,-23.510422374999997,-46.36670225,,,,2,2023-06-19T16:11:40+00:00
SAO_2080-10,São Paulo,3550308,True,,33139,,,-23.510658,-46.366768,,,,2,2023-06-19T16:11:34+00:00
SAO_2080-10,São Paulo,3550308,True,,33139,,,-23.491642499999998,-46.387237999999996,,,,2,2023-06-19T16:11:45+00:00
SAO_2080-10,São Paulo,3550308,True,,33139,,,-23.498154749999998,-46.45824425,,,,2,2023-06-19T16:11:41+00:00
SAO_2080-10,São Paulo,3550308,True,,33139,,,-23.485104,-46.384288999999995,,,,2,2023-06-19T16:09:56+00:00
SAO_2080-10,São Paulo,3550308,True,,33139,,,-23.5280895,-46.554803,,,,2,2023-06-19T16:11:16+00:00
SAO_2080-10,São Paulo,3550308,True,,33139,,,-23.510135124999998,-46.366632749999994,,,,2,2023-06-19T16:11:17+00:00
SAO_2080-10,São Paulo,3550308,True,,33139,,,-23.4911345,-46.386638500000004,,,,2,2023-06-19T16:11:34+00:00
SAO_8605-10,São Paulo,3550308,True,,1917,,,-23.549083,-46.6398165,,,,1,2023-06-19T16:11:26+00:00
SAO_8605-10,São Paulo,3550308,True,,1917,,,-23.58212,-46.68524725,,,,1,2023-06-19T16:11:41+00:00
SAO_8605-10,São Paulo,3550308,True,,1917,,,-23.6291355,-46.769034500000004,,,,1,2023-06-19T16:11:21+00:00
SAO_8605-10,São Paulo,3550308,True,,1917,,,-23.609004,-46.751954250000004,,,,1,2023-06-19T16:11:18+00:00
SAO_8605-10,São Paulo,3550308,True,,1917,,,-23.584879,-46.718874,,,,1,2023-06-19T16:11:03+00:00
SAO_8605-10,São Paulo,3550308,True,,1917,,,-23.631453,-46.7718905,,,,1,2023-06-19T16:11:06+00:00
SAO_1722-10,São Paulo,3550308,True,,33632,,,-23.479476500000004,-46.601733499999995,,,,2,2023-06-19T16:11:05+00:00
SAO_1722-10,São Paulo,3550308,True,,33632,,,-23.4661475,-46.5848015,,,,2,2023-06-19T16:11:41+00:00
SAO_1722-10,São Paulo,3550308,True,,33632,,,-23.456825000000002,-46.587077,,,,2,2023-06-19T16:11:12+00:00
SAO_1722-10,São Paulo,3550308,True,,33632,,,-23.482122250000003,-46.671637000000004,,,,2,2023-06-19T16:11:37+00:00
SAO_1722-10,São Paulo,3550308,True,,33632,,,-23.482274500000003,-46.6728875,,,,2,2023-06-19T16:11:15+00:00
SAO_1722-10,São Paulo,3550308,True,,33632,,,-23.482091500000003,-46.671369,,,,2,2023-06-19T16:11:41+00:00
SAO_1722-10,São Paulo,3550308,True,,33632,,,-23.4614515,-46.628695500000006,,,,2,2023-06-19T16:10:46+00:00
SAO_1722-10,São Paulo,3550308,True,,33632,,,-23.459877,-46.625534,,,,2,2023-06-19T16:11:34+00:00
SAO_1722-10,São Paulo,3550308,True,,33632,,,-23.482091500000003,-46.671369,,,,2,2023-06-19T16:11:19+00:00
SAO_1722-10,São Paulo,3550308,True,,33632,,,-23.482091500000003,-46.671369,,,,2,2023-06-19T16:11:42+00:00
SAO_1722-10,São Paulo,3550308,True,,33632,,,-23.460388000000002,-46.621162,,,,2,2023-06-19T16:11:30+00:00
SAO_1024-10,São Paulo,3550308,True,,35070,,,-23.4611935,-46.70918,,,,2,2023-06-19T16:11:44+00:00
SAO_1024-10,São Paulo,3550308,True,,35070,,,-23.456417000000002,-46.702172000000004,,,,2,2023-06-19T16:11:12+00:00
SAO_1024-10,São Paulo,3550308,True,,35070,,,-23.461024000000002,-46.708865,,,,2,2023-06-19T16:11:38+00:00
SAO_1024-10,São Paulo,3550308,True,,35070,,,-23.460870999999997,-46.708670999999995,,,,2,2023-06-19T16:11:23+00:00
SAO_1024-10,São Paulo,3550308,True,,35070,,,-23.4888795,-46.6980565,,,,2,2023-06-19T16:11:11+00:00
SAO_1024-10,São Paulo,3550308,True,,35070,,,-23.475592,-46.698897,,,,2,2023-06-19T16:11:02+00:00
SAO_1024-10,São Paulo,3550308,True,,35070,,,-23.4609315,-46.7087415,,,,2,2023-06-19T16:11:36+00:00
SAO_1024-10,São Paulo,3550308,True,,35070,,,-23.4675385,-46.6980035,,,,2,2023-06-19T16:11:42+00:00
SAO_407Y-10,São Paulo,3550308,True,,2206,,,-23.5773835,-46.575357749999995,,,,1,2023-06-19T16:10:59+00:00
SAO_407Y-10,São Paulo,3550308,True,,2206,,,-23.5651855,-46.558549,,,,1,2023-06-19T16:11:32+00:00
SAO_407Y-10,São Paulo,3550308,True,,2206,,,-23.5762605,-46.520653,,,,1,2023-06-19T16:11:40+00:00
SAO_407Y-10,São Paulo,3550308,True,,2206,,,-23.5703855,-46.489906500000004,,,,1,2023-06-19T16:11:14+00:00
SAO_2722-10,São Paulo,3550308,True,Urubupungá,935,https://moovitapp.com/index/pt-br/transporte_p%C3%BAblico-line-935-Sao_Paulo-242-873835-76437456-0,4.6,-23.49212175,-46.49311525,,,,1,2023-06-19T16:11:24+00:00
SAO_2722-10,São Paulo,3550308,True,Urubupungá,935,https://moovitapp.com/index/pt-br/transporte_p%C3%BAblico-line-935-Sao_Paulo-242-873835-76437456-0,4.6,-23.518463500000003,-46.511203,,,,1,2023-06-19T16:11:25+00:00
SAO_2722-10,São Paulo,3550308,True,Urubupungá,935,https://moovitapp.com/index/pt-br/transporte_p%C3%BAblico-line-935-Sao_Paulo-242-873835-76437456-0,4.6,-23.490014000000002,-46.490151,,,,1,2023-06-19T16:10:34+00:00
SAO_2722-10,São Paulo,3550308,True,Urubupungá,935,https://moovitapp.com/index/pt-br/transporte_p%C3%BAblico-line-935-Sao_Paulo-242-873835-76437456-0,4.6,-23.492005,-46.4929725,,,,1,2023-06-19T16:11:06+00:00
SAO_2722-10,São Paulo,3550308,True,Urubupungá,935,https://moovitapp.com/index/pt-br/transporte_p%C3%BAblico-line-935-Sao_Paulo-242-873835-76437456-0,4.6,-23.5286855,-46.516388500000005,,,,1,2023-06-19T16:11:22+00:00
SAO_2722-10,São Paulo,3550308,True,Urubupungá,935,https://moovitapp.com/index/pt-br/transporte_p%C3%BAblico-line-935-Sao_Paulo-242-873835-76437456-0,4.6,-23.49212175,-46.49311525,,,,1,2023-06-19T16:11:01+00:00
SAO_2722-10,São Paulo,3550308,True,Urubupungá,935,https://moovitapp.com/index/pt-br/transporte_p%C3%BAblico-line-935-Sao_Paulo-242-873835-76437456-0,4.6,-23.493775499999998,-46.502984999999995,,,,1,2023-06-19T16:11:04+00:00
SAO_2722-10,São Paulo,3550308,True,Urubupungá,935,https://moovitapp.com/index/pt-br/transporte_p%C3%BAblico-line-935-Sao_Paulo-242-873835-76437456-0,4.6,-23.5291,-46.517457,,,,1,2023-06-19T16:11:35+00:00
SAO_2722-10,São Paulo,3550308,True,Urubupungá,935,https://moovitapp.com/index/pt-br/transporte_p%C3%BAblico-line-935-Sao_Paulo-242-873835-76437456-0,4.6,-23.50790725,-46.49244475,,,,1,2023-06-19T16:11:10+00:00
SAO_971R-10,São Paulo,3550308,True,,614,,,-23.454421500000002,-46.7374495,,,,1,2023-06-19T16:11:43+00:00
SAO_971R-10,São Paulo,3550308,True,,614,,,-23.4528515,-46.699654499999994,,,,1,2023-06-19T16:11:36+00:00
SAO_971R-10,São Paulo,3550308,True,,614,,,-23.4530415,-46.737204,,,,1,2023-06-19T16:11:28+00:00
SAO_971R-10,São Paulo,3550308,True,,614,,,-23.459084,-46.687360999999996,,,,1,2023-06-19T16:11:08+00:00
SAO_971R-10,São Paulo,3550308,True,,614,,,-23.460179,-46.684546,,,,1,2023-06-19T16:10:58+00:00
SAO_971R-10,São Paulo,3550308,True,,614,,,-23.454421500000002,-46.7374495,,,,1,2023-06-19T16:11:01+00:00
SAO_971R-10,São Paulo,3550308,True,,614,,,-23.4803595,-46.656334,,,,1,2023-06-19T16:11:27+00:00
SAO_971R-10,São Paulo,3550308,True,,614,,,-23.454421500000002,-46.7374495,,,,1,2023-06-19T16:10:49+00:00
SAO_971R-10,São Paulo,3550308,True,,614,,,-23.454421500000002,-46.7374495,,,,1,2023-06-19T16:11:13+00:00
SAO_971R-10,São Paulo,3550308,True,,614,,,-23.431486999999997,-46.726477,,,,1,2023-06-19T16:11:22+00:00
SAO_971R-10,São Paulo,3550308,True,,614,,,-23.453954500000002,-46.7372915,,,,1,2023-06-19T16:11:36+00:00
SAO_971R-10,São Paulo,3550308,True,,614,,,-23.498453750000003,-46.63759424999999,,,,1,2023-06-19T16:11:03+00:00
SAO_971R-10,São Paulo,3550308,True,,614,,,-23.454421500000002,-46.7374495,,,,1,2023-06-19T16:11:08+00:00
SAO_971R-10,São Paulo,3550308,True,,614,,,-23.5019955,-46.6256295,,,,1,2023-06-19T16:11:40+00:00
SAO_971R-10,São Paulo,3550308,True,,614,,,-23.50025125,-46.63437975,,,,1,2023-06-19T16:11:19+00:00
SAO_527R-10,São Paulo,3550308,True,,271,,,-23.6756785,-46.6504555,,,,1,2023-06-19T16:11:01+00:00
SAO_527R-10,São Paulo,3550308,True,,271,,,-23.6632815,-46.66115,,,,1,2023-06-19T16:11:40+00:00
SAO_527R-10,São Paulo,3550308,True,,271,,,-23.6695705,-46.65706,,,,1,2023-06-19T16:11:14+00:00
SAO_527R-10,São Paulo,3550308,True,,271,,,-23.6756785,-46.6504555,,,,1,2023-06-19T16:11:41+00:00
SAO_527R-10,São Paulo,3550308,True,,271,,,-23.660325,-46.695730999999995,,,,1,2023-06-19T16:11:15+00:00
SAO_527R-10,São Paulo,3550308,True,,271,,,-23.672999,-46.686725,,,,1,2023-06-19T16:11:06+00:00
SAO_527R-10,São Paulo,3550308,True,,271,,,-23.653879,-46.7107595,,,,1,2023-06-19T16:11:24+00:00
SAO_3002-10,São Paulo,3550308,True,,34576,,,-23.5108465,-46.3788725,,,,2,2023-06-19T16:11:31+00:00
SAO_3002-10,São Paulo,3550308,True,,34576,,,-23.5056965,-46.379317625,,,,2,2023-06-19T16:10:54+00:00
SAO_3002-10,São Paulo,3550308,True,,34576,,,-23.4943015,-46.415208500000006,,,,2,2023-06-19T16:11:09+00:00
SAO_3002-10,São Paulo,3550308,True,,34576,,,-23.497546749999998,-46.44080699999999,,,,2,2023-06-19T16:11:27+00:00
SAO_3002-10,São Paulo,3550308,True,,34576,,,-23.506049,-46.388675000000006,,,,2,2023-06-19T16:10:59+00:00
SAO_3002-10,São Paulo,3550308,True,,34576,,,-23.496636125,-46.40131925,,,,2,2023-06-19T16:11:22+00:00
SAO_1757-10,São Paulo,3550308,True,,548,,,-23.4943265,-46.625913499999996,,,,1,2023-06-19T16:09:37+00:00
SAO_1757-10,São Paulo,3550308,True,,548,,,-23.47611875,-46.631806,,,,1,2023-06-19T16:11:01+00:00
SAO_2101-41,São Paulo,3550308,True,,33483,,,-23.545858875,-46.572826875000004,,,,2,2023-06-19T16:11:25+00:00
SAO_9015-10,São Paulo,3550308,True,,1269,,,-23.488314000000003,-46.7216245,,,,1,2023-06-19T16:10:15+00:00
SAO_9015-10,São Paulo,3550308,True,,1269,,,-23.4832915,-46.711242999999996,,,,1,2023-06-19T16:11:05+00:00
SAO_524L-10,São Paulo,3550308,True,,34483,,,-23.598761,-46.5339095,,,,2,2023-06-19T16:11:18+00:00
SAO_524L-10,São Paulo,3550308,True,,34483,,,-23.6015685,-46.533896,,,,2,2023-06-19T16:11:04+00:00
SAO_524L-10,São Paulo,3550308,True,,34483,,,-23.598761,-46.5339095,,,,2,2023-06-19T16:11:31+00:00
SAO_524L-10,São Paulo,3550308,True,,34483,,,-23.541379,-46.574191,,,,2,2023-06-19T16:11:06+00:00
SAO_524L-10,São Paulo,3550308,True,,34483,,,-23.5725415,-46.561668,,,,2,2023-06-19T16:11:30+00:00
SAO_573T-10,São Paulo,3550308,True,,34400,,,-23.6010295,-46.493260500000005,,,,2,2023-06-19T16:11:29+00:00
SAO_573T-10,São Paulo,3550308,True,,34400,,,-23.589315125,-46.4900365,,,,2,2023-06-19T16:11:04+00:00
SAO_573T-10,São Paulo,3550308,True,,34400,,,-23.5415875,-46.549929,,,,2,2023-06-19T16:11:44+00:00
SAO_573T-10,São Paulo,3550308,True,,34400,,,-23.570335,-46.507471374999994,,,,2,2023-06-19T16:11:45+00:00
SAO_573T-10,São Paulo,3550308,True,,34400,,,-23.6139655,-46.5015435,,,,2,2023-06-19T16:11:10+00:00
SAO_573T-10,São Paulo,3550308,True,,34400,,,-23.614488,-46.501662499999995,,,,2,2023-06-19T16:11:16+00:00
SAO_573T-10,São Paulo,3550308,True,,34400,,,-23.614496,-46.500415000000004,,,,2,2023-06-19T16:11:30+00:00
SAO_573T-10,São Paulo,3550308,True,,34400,,,-23.54875,-46.537158500000004,,,,2,2023-06-19T16:11:27+00:00
SAO_573T-10,São Paulo,3550308,True,,34400,,,-23.595108500000002,-46.48907475,,,,2,2023-06-19T16:11:22+00:00
SAO_573T-10,São Paulo,3550308,True,,34400,,,-23.558444,-46.5220075,,,,2,2023-06-19T16:11:26+00:00
SAO_573T-10,São Paulo,3550308,True,,34400,,,-23.614441499999998,-46.500118,,,,2,2023-06-19T16:11:02+00:00
SAO_8073-10,São Paulo,3550308,True,,34849,,,-23.599168,-46.766690999999994,,,,2,2023-06-19T16:11:31+00:00
SAO_8073-10,São Paulo,3550308,True,,34849,,,-23.599168,-46.766690999999994,,,,2,2023-06-19T16:11:16+00:00
SAO_8073-10,São Paulo,3550308,True,,34849,,,-23.599168,-46.766690999999994,,,,2,2023-06-19T16:11:38+00:00
SAO_8073-10,São Paulo,3550308,True,,34849,,,-23.587261625000004,-46.736761625,,,,2,2023-06-19T16:11:02+00:00
SAO_374M-10,São Paulo,3550308,True,,34733,,,-23.4854275,-46.48087125,,,,2,2023-06-19T16:11:11+00:00
SAO_374M-10,São Paulo,3550308,True,,34733,,,-23.48555,-46.48161125,,,,2,2023-06-19T16:09:30+00:00
SAO_374M-10,São Paulo,3550308,True,,34733,,,-23.53990375,-46.48299525,,,,2,2023-06-19T16:11:34+00:00
SAO_374M-10,São Paulo,3550308,True,,34733,,,-23.519821874999998,-46.509287875,,,,2,2023-06-19T16:07:07+00:00
SAO_374M-10,São Paulo,3550308,True,,34733,,,-23.48665025,-46.5026755,,,,2,2023-06-19T16:11:42+00:00
SAO_128Y-10,São Paulo,3550308,True,,33611,,,-23.463865,-46.666537500000004,,,,2,2023-06-19T16:11:42+00:00
SAO_128Y-10,São Paulo,3550308,True,,33611,,,-23.4586885,-46.667575,,,,2,2023-06-19T16:11:08+00:00
SAO_128Y-10,São Paulo,3550308,True,,33611,,,-23.479886,-46.658485,,,,2,2023-06-19T16:11:21+00:00
SAO_128Y-10,São Paulo,3550308,True,,33611,,,-23.509285,-46.689667125,,,,2,2023-06-19T16:11:09+00:00
SAO_128Y-10,São Paulo,3550308,True,,33611,,,-23.5208515,-46.7036495,,,,2,2023-06-19T16:11:35+00:00
SAO_128Y-10,São Paulo,3550308,True,,33611,,,-23.457446,-46.673119,,,,2,2023-06-19T16:09:38+00:00
SAO_128Y-10,São Paulo,3550308,True,,33611,,,-23.455412000000003,-46.667728499999996,,,,2,2023-06-19T16:11:22+00:00
SAO_128Y-10,São Paulo,3550308,True,,33611,,,-23.457446,-46.673119,,,,2,2023-06-19T16:11:39+00:00
SAO_128Y-10,São Paulo,3550308,True,,33611,,,-23.457234,-46.673289,,,,2,2023-06-19T16:11:17+00:00
SAO_128Y-10,São Paulo,3550308,True,,33611,,,-23.457446,-46.673119,,,,2,2023-06-19T16:11:26+00:00
SAO_6071-10,São Paulo,3550308,True,,1156,,,-23.7209945,-46.68912725,,,,1,2023-06-19T16:11:24+00:00
SAO_6071-10,São Paulo,3550308,True,,1156,,,-23.7068655,-46.6896845,,,,1,2023-06-19T16:11:26+00:00
SAO_6071-10,São Paulo,3550308,True,,1156,,,-23.7226735,-46.677473250000006,,,,1,2023-06-19T16:11:01+00:00
SAO_6071-10,São Paulo,3550308,True,,1156,,,-23.718808,-46.6797785,,,,1,2023-06-19T16:11:32+00:00
SAO_6071-10,São Paulo,3550308,True,,1156,,,-23.655835375,-46.70096025,,,,1,2023-06-19T16:11:34+00:00
SAO_6071-10,São Paulo,3550308,True,,1156,,,-23.653856875,-46.71128025,,,,1,2023-06-19T16:11:30+00:00
SAO_2013-10,São Paulo,3550308,True,,33667,,,-23.468821499999997,-46.656237,,,,2,2023-06-19T16:11:12+00:00
SAO_2013-10,São Paulo,3550308,True,,33667,,,-23.4552945,-46.659262,,,,2,2023-06-19T16:11:02+00:00
SAO_2013-10,São Paulo,3550308,True,,33667,,,-23.466537000000002,-46.639383,,,,2,2023-06-19T16:11:03+00:00
SAO_2013-10,São Paulo,3550308,True,,33667,,,-23.454400999999997,-46.658887,,,,2,2023-06-19T16:11:28+00:00
SAO_2013-10,São Paulo,3550308,True,,33667,,,-23.459014,-46.648468,,,,2,2023-06-19T16:11:18+00:00
SAO_2013-10,São Paulo,3550308,True,,33667,,,-23.4605415,-46.672868750000006,,,,2,2023-06-19T16:11:29+00:00
SAO_2013-10,São Paulo,3550308,True,,33667,,,-23.464035125000002,-46.654045625,,,,2,2023-06-19T16:11:27+00:00
SAO_2013-10,São Paulo,3550308,True,,33667,,,-23.4575565,-46.65649125,,,,2,2023-06-19T16:11:16+00:00
SAO_2013-10,São Paulo,3550308,True,,33667,,,-23.454283,-46.658618,,,,2,2023-06-19T16:11:44+00:00
SAO_2013-10,São Paulo,3550308,True,,33667,,,-23.454283,-46.658618,,,,2,2023-06-19T16:11:09+00:00
SAO_6291-10,São Paulo,3550308,True,EMTU,358,https://moovitapp.com/index/pt-br/transporte_p%C3%BAblico-line-358-Sao_Paulo-242-2038937-36419439-0,4.8,-23.604038,-46.7122935,,,,1,2023-06-19T16:11:44+00:00
SAO_6291-10,São Paulo,3550308,True,EMTU,358,https://moovitapp.com/index/pt-br/transporte_p%C3%BAblico-line-358-Sao_Paulo-242-2038937-36419439-0,4.8,-23.626609000000002,-46.724198,,,,1,2023-06-19T16:11:20+00:00
SAO_6291-10,São Paulo,3550308,True,EMTU,358,https://moovitapp.com/index/pt-br/transporte_p%C3%BAblico-line-358-Sao_Paulo-242-2038937-36419439-0,4.8,-23.646845499999998,-46.7570755,,,,1,2023-06-19T16:11:24+00:00
SAO_6291-10,São Paulo,3550308,True,EMTU,358,https://moovitapp.com/index/pt-br/transporte_p%C3%BAblico-line-358-Sao_Paulo-242-2038937-36419439-0,4.8,-23.5496155,-46.639025000000004,,,,1,2023-06-19T16:11:15+00:00
SAO_6291-10,São Paulo,3550308,True,EMTU,358,https://moovitapp.com/index/pt-br/transporte_p%C3%BAblico-line-358-Sao_Paulo-242-2038937-36419439-0,4.8,-23.643303500000002,-46.7766185,,,,1,2023-06-19T16:11:07+00:00
SAO_6291-10,São Paulo,3550308,True,EMTU,358,https://moovitapp.com/index/pt-br/transporte_p%C3%BAblico-line-358-Sao_Paulo-242-2038937-36419439-0,4.8,-23.579478,-46.67686524999999,,,,1,2023-06-19T16:11:18+00:00
SAO_9188-10,São Paulo,3550308,True,EMTU,809,https://moovitapp.com/index/pt-br/transporte_p%C3%BAblico-line-809-Sao_Paulo-242-2038937-119858519-0,5.2,-23.490053,-46.71039275,,,,1,2023-06-19T16:11:21+00:00
SAO_9188-10,São Paulo,3550308,True,EMTU,809,https://moovitapp.com/index/pt-br/transporte_p%C3%BAblico-line-809-Sao_Paulo-242-2038937-119858519-0,5.2,-23.464154,-46.720971500000005,,,,1,2023-06-19T16:11:34+00:00
SAO_9188-10,São Paulo,3550308,True,EMTU,809,https://moovitapp.com/index/pt-br/transporte_p%C3%BAblico-line-809-Sao_Paulo-242-2038937-119858519-0,5.2,-23.454766,-46.728925,,,,1,2023-06-19T16:11:19+00:00
SAO_9188-10,São Paulo,3550308,True,EMTU,809,https://moovitapp.com/index/pt-br/transporte_p%C3%BAblico-line-809-Sao_Paulo-242-2038937-119858519-0,5.2,-23.454766,-46.728925,,,,1,2023-06-19T16:11:25+00:00
SAO_9188-10,São Paulo,3550308,True,EMTU,809,https://moovitapp.com/index/pt-br/transporte_p%C3%BAblico-line-809-Sao_Paulo-242-2038937-119858519-0,5.2,-23.454766,-46.728925,,,,1,2023-06-19T16:11:15+00:00
SAO_9188-10,São Paulo,3550308,True,EMTU,809,https://moovitapp.com/index/pt-br/transporte_p%C3%BAblico-line-809-Sao_Paulo-242-2038937-119858519-0,5.2,-23.4475275,-46.727541625,,,,1,2023-06-19T16:11:36+00:00
SAO_9188-10,São Paulo,3550308,True,EMTU,809,https://moovitapp.com/index/pt-br/transporte_p%C3%BAblico-line-809-Sao_Paulo-242-2038937-119858519-0,5.2,-23.454766,-46.728925,,,,1,2023-06-19T16:11:15+00:00
SAO_9188-10,São Paulo,3550308,True,EMTU,809,https://moovitapp.com/index/pt-br/transporte_p%C3%BAblico-line-809-Sao_Paulo-242-2038937-119858519-0,5.2,-23.5183395,-46.701709,,,,1,2023-06-19T16:11:38+00:00
SAO_1765-10,São Paulo,3550308,True,,1782,,,-23.466963,-46.5690415,,,,1,2023-06-19T16:11:05+00:00
SAO_1765-10,São Paulo,3550308,True,,1782,,,-23.479270500000002,-46.59933075,,,,1,2023-06-19T16:11:19+00:00
SAO_8025-10,São Paulo,3550308,True,,34844,,,-23.587674,-46.77014125,,,,2,2023-06-19T16:11:13+00:00
SAO_8025-10,São Paulo,3550308,True,,34844,,,-23.586415000000002,-46.757244,,,,2,2023-06-19T16:11:20+00:00
SAO_8025-10,São Paulo,3550308,True,,34844,,,-23.590518,-46.76971475,,,,2,2023-06-19T16:11:24+00:00
SAO_8025-10,São Paulo,3550308,True,,34844,,,-23.590518,-46.76971475,,,,2,2023-06-19T16:11:38+00:00
SAO_8025-10,São Paulo,3550308,True,,34844,,,-23.590518,-46.76971475,,,,2,2023-06-19T16:11:10+00:00
SAO_8100-10,São Paulo,3550308,True,,1262,,,-23.49490075,-46.73044,,,,1,2023-06-19T16:11:24+00:00
SAO_8100-10,São Paulo,3550308,True,,1262,,,-23.517276,-46.7257775,,,,1,2023-06-19T16:11:42+00:00
SAO_8100-10,São Paulo,3550308,True,,1262,,,-23.520208500000003,-46.699785000000006,,,,1,2023-06-19T16:11:22+00:00
SAO_2059-10,São Paulo,3550308,True,,33028,,,-23.516012,-46.423219,,,,2,2023-06-19T16:11:29+00:00
SAO_2059-10,São Paulo,3550308,True,,33028,,,-23.491016,-46.441969,,,,2,2023-06-19T16:11:04+00:00
SAO_2059-10,São Paulo,3550308,True,,33028,,,-23.491025999999998,-46.441859,,,,2,2023-06-19T16:11:30+00:00
SAO_2059-10,São Paulo,3550308,True,,33028,,,-23.494294,-46.4433315,,,,2,2023-06-19T16:10:52+00:00
SAO_2059-10,São Paulo,3550308,True,,33028,,,-23.5122435,-46.432432000000006,,,,2,2023-06-19T16:09:30+00:00
SAO_2059-10,São Paulo,3550308,True,,33028,,,-23.5371415,-46.415614500000004,,,,2,2023-06-19T16:11:37+00:00
SAO_2059-10,São Paulo,3550308,True,,33028,,,-23.4909965,-46.442163,,,,2,2023-06-19T16:11:39+00:00
SAO_2059-10,São Paulo,3550308,True,,33028,,,-23.513371,-46.426137,,,,2,2023-06-19T16:11:24+00:00
SAO_5141-10,São Paulo,3550308,True,,1625,,,-23.542074,-46.627536,,,,1,2023-06-19T16:11:39+00:00
SAO_5141-10,São Paulo,3550308,True,,1625,,,-23.574531,-46.5556785,,,,1,2023-06-19T16:11:25+00:00
SAO_5141-10,São Paulo,3550308,True,,1625,,,-23.5401235,-46.6299305,,,,1,2023-06-19T16:11:13+00:00
SAO_6451-10,São Paulo,3550308,True,,32829,,,-23.6542305,-46.7623055,,,,2,2023-06-19T16:11:37+00:00
SAO_6451-10,São Paulo,3550308,True,,32829,,,-23.654660999999997,-46.7609705,,,,2,2023-06-19T16:11:09+00:00
SAO_6451-10,São Paulo,3550308,True,,32829,,,-23.631034,-46.717644750000005,,,,2,2023-06-19T16:11:30+00:00
SAO_6451-10,São Paulo,3550308,True,,32829,,,-23.650424,-46.756618,,,,2,2023-06-19T16:11:33+00:00
SAO_6451-10,São Paulo,3550308,True,,32829,,,-23.58541,-46.692871999999994,,,,2,2023-06-19T16:11:43+00:00
SAO_6451-10,São Paulo,3550308,True,,32829,,,-23.61022875,-46.70025375,,,,2,2023-06-19T16:11:44+00:00
SAO_6451-10,São Paulo,3550308,True,,32829,,,-23.654660999999997,-46.7609705,,,,2,2023-06-19T16:11:21+00:00
SAO_6451-10,São Paulo,3550308,True,,32829,,,-23.645891,-46.7467405,,,,2,2023-06-19T16:11:27+00:00
SAO_6451-10,São Paulo,3550308,True,,32829,,,-23.5671645,-46.659251499999996,,,,2,2023-06-19T16:11:37+00:00
SAO_6451-10,São Paulo,3550308,True,,32829,,,-23.5789295,-46.676567000000006,,,,2,2023-06-19T16:11:45+00:00
SAO_6451-10,São Paulo,3550308,True,,32829,,,-23.654408500000002,-46.762060999999996,,,,2,2023-06-19T16:11:36+00:00
SAO_272N-10,São Paulo,3550308,True,,705,,,-23.5166335,-46.568422,,,,1,2023-06-19T16:11:18+00:00
SAO_272N-10,São Paulo,3550308,True,,705,,,-23.5264005,-46.606629999999996,,,,1,2023-06-19T16:11:17+00:00
SAO_5178-10,São Paulo,3550308,True,,33363,,,-23.6833915,-46.634699499999996,,,,2,2023-06-19T16:11:21+00:00
SAO_5178-10,São Paulo,3550308,True,,33363,,,-23.68090625,-46.64030149999999,,,,2,2023-06-19T16:11:16+00:00
SAO_5178-10,São Paulo,3550308,True,,33363,,,-23.6397845,-46.6736455,,,,2,2023-06-19T16:11:42+00:00
SAO_5178-10,São Paulo,3550308,True,,33363,,,-23.578706750000002,-46.659679,,,,2,2023-06-19T16:11:06+00:00
SAO_5178-10,São Paulo,3550308,True,,33363,,,-23.565850625,-46.647883750000005,,,,2,2023-06-19T16:11:28+00:00
SAO_5178-10,São Paulo,3550308,True,,33363,,,-23.5535275,-46.6356375,,,,2,2023-06-19T16:11:34+00:00
SAO_5178-10,São Paulo,3550308,True,,33363,,,-23.605227499999998,-46.651785000000004,,,,2,2023-06-19T16:11:10+00:00
SAO_178A-10,São Paulo,3550308,True,EMTU,558,https://moovitapp.com/index/pt-br/transporte_p%C3%BAblico-line-558-Sao_Paulo-242-2038937-36419559-0,4.4,-23.5180455,-46.70389725,,,,1,2023-06-19T16:11:18+00:00
SAO_178A-10,São Paulo,3550308,True,EMTU,558,https://moovitapp.com/index/pt-br/transporte_p%C3%BAblico-line-558-Sao_Paulo-242-2038937-36419559-0,4.4,-23.511491,-46.625126,,,,1,2023-06-19T16:11:18+00:00
SAO_178A-10,São Paulo,3550308,True,EMTU,558,https://moovitapp.com/index/pt-br/transporte_p%C3%BAblico-line-558-Sao_Paulo-242-2038937-36419559-0,4.4,-23.5180395,-46.7043665,,,,1,2023-06-19T16:11:37+00:00
SAO_178A-10,São Paulo,3550308,True,EMTU,558,https://moovitapp.com/index/pt-br/transporte_p%C3%BAblico-line-558-Sao_Paulo-242-2038937-36419559-0,4.4,-23.5211915,-46.65701824999999,,,,1,2023-06-19T16:11:44+00:00
SAO_178A-10,São Paulo,3550308,True,EMTU,558,https://moovitapp.com/index/pt-br/transporte_p%C3%BAblico-line-558-Sao_Paulo-242-2038937-36419559-0,4.4,-23.5180455,-46.70389725,,,,1,2023-06-19T16:11:32+00:00
SAO_172K-10,São Paulo,3550308,True,,33625,,,-23.456656000000002,-46.5947925,,,,2,2023-06-19T16:11:29+00:00
SAO_172K-10,São Paulo,3550308,True,,33625,,,-23.4789755,-46.5991595,,,,2,2023-06-19T16:11:15+00:00
SAO_172K-10,São Paulo,3550308,True,,33625,,,-23.456100499999998,-46.59466,,,,2,2023-06-19T16:11:43+00:00
SAO_172K-10,São Paulo,3550308,True,,33625,,,-23.456906,-46.595107999999996,,,,2,2023-06-19T16:11:27+00:00
SAO_172K-10,São Paulo,3550308,True,,33625,,,-23.5398785,-46.577164499999995,,,,2,2023-06-19T16:11:24+00:00
SAO_172K-10,São Paulo,3550308,True,,33625,,,-23.456327,-46.5947025,,,,2,2023-06-19T16:11:01+00:00
SAO_172K-10,São Paulo,3550308,True,,33625,,,-23.456100499999998,-46.59466,,,,2,2023-06-19T16:11:20+00:00
SAO_172K-10,São Paulo,3550308,True,,33625,,,-23.540738500000003,-46.5824035,,,,2,2023-06-19T16:11:08+00:00
SAO_172K-10,São Paulo,3550308,True,,33625,,,-23.482828249999997,-46.590039000000004,,,,2,2023-06-19T16:11:33+00:00
SAO_172K-10,São Paulo,3550308,True,,33625,,,-23.456327,-46.5947025,,,,2,2023-06-19T16:11:38+00:00
SAO_172K-10,São Paulo,3550308,True,,33625,,,-23.480017500000002,-46.607419,,,,2,2023-06-19T16:11:24+00:00
SAO_172K-10,São Paulo,3550308,True,,33625,,,-23.49848025,-46.5951195,,,,2,2023-06-19T16:11:39+00:00
SAO_172K-10,São Paulo,3550308,True,,33625,,,-23.509368000000002,-46.592473999999996,,,,2,2023-06-19T16:11:15+00:00
SAO_172K-10,São Paulo,3550308,True,,33625,,,-23.456100499999998,-46.59466,,,,2,2023-06-19T16:11:40+00:00
SAO_8544-10,São Paulo,3550308,True,,33198,,,-23.540414,-46.637564499999996,,,,2,2023-06-19T16:11:41+00:00
SAO_8544-10,São Paulo,3550308,True,,33198,,,-23.459913,-46.7202245,,,,2,2023-06-19T16:11:04+00:00
SAO_8544-10,São Paulo,3550308,True,,33198,,,-23.542485499999998,-46.635850500000004,,,,2,2023-06-19T16:11:21+00:00
SAO_8544-10,São Paulo,3550308,True,,33198,,,-23.542485499999998,-46.635850500000004,,,,2,2023-06-19T16:11:28+00:00
SAO_3778-10,São Paulo,3550308,True,,33830,,,-23.570103,-46.486686,,,,2,2023-06-19T16:11:32+00:00
SAO_3778-10,São Paulo,3550308,True,,33830,,,-23.575232749999998,-46.503189250000005,,,,2,2023-06-19T16:11:31+00:00
SAO_3778-10,São Paulo,3550308,True,,33830,,,-23.570196000000003,-46.486959999999996,,,,2,2023-06-19T16:11:32+00:00
SAO_3778-10,São Paulo,3550308,True,,33830,,,-23.570034,-46.486484000000004,,,,2,2023-06-19T16:11:12+00:00
SAO_3778-10,São Paulo,3550308,True,,33830,,,-23.543046499999996,-46.54895075,,,,2,2023-06-19T16:11:42+00:00
SAO_3778-10,São Paulo,3550308,True,,33830,,,-23.573226499999997,-46.493212,,,,2,2023-06-19T16:11:22+00:00
SAO_3778-10,São Paulo,3550308,True,,33830,,,-23.554534500000003,-46.526919,,,,2,2023-06-19T16:11:02+00:00
SAO_1019-10,São Paulo,3550308,True,,35263,,,-23.437941000000002,-46.77914,,,,2,2023-06-19T16:11:36+00:00
SAO_1019-10,São Paulo,3550308,True,,35263,,,-23.467365,-46.7549745,,,,2,2023-06-19T16:09:53+00:00
SAO_7011-10,São Paulo,3550308,True,,1952,,,-23.6808705,-46.76568425,,,,1,2023-06-19T16:11:37+00:00
SAO_7011-10,São Paulo,3550308,True,,1952,,,-23.696033,-46.785004,,,,1,2023-06-19T16:11:17+00:00
SAO_7011-10,São Paulo,3550308,True,,1952,,,-23.7087205,-46.792103499999996,,,,1,2023-06-19T16:11:31+00:00
SAO_3746-10,São Paulo,3550308,True,EMTU,283,https://moovitapp.com/index/pt-br/transporte_p%C3%BAblico-line-283-Sao_Paulo-242-2038937-36419384-0,5.2,-23.548495000000003,-46.5819915,,,,1,2023-06-19T16:11:04+00:00
SAO_3746-10,São Paulo,3550308,True,EMTU,283,https://moovitapp.com/index/pt-br/transporte_p%C3%BAblico-line-283-Sao_Paulo-242-2038937-36419384-0,5.2,-23.563492,-46.5533005,,,,1,2023-06-19T16:11:34+00:00
SAO_3746-10,São Paulo,3550308,True,EMTU,283,https://moovitapp.com/index/pt-br/transporte_p%C3%BAblico-line-283-Sao_Paulo-242-2038937-36419384-0,5.2,-23.57704875,-46.540289375,,,,1,2023-06-19T16:11:08+00:00
SAO_3746-10,São Paulo,3550308,True,EMTU,283,https://moovitapp.com/index/pt-br/transporte_p%C3%BAblico-line-283-Sao_Paulo-242-2038937-36419384-0,5.2,-23.589621,-46.5080545,,,,1,2023-06-19T16:11:44+00:00
SAO_917H-10,São Paulo,3550308,True,STT,456,https://moovitapp.com/index/pt-br/transporte_p%C3%BAblico-line-456-Sao_Paulo-242-850661-10416524-0,5.3,-23.589295999999997,-46.63421325,,,,1,2023-06-19T16:11:31+00:00
SAO_917H-10,São Paulo,3550308,True,STT,456,https://moovitapp.com/index/pt-br/transporte_p%C3%BAblico-line-456-Sao_Paulo-242-850661-10416524-0,5.3,-23.589214499999997,-46.634663,,,,1,2023-06-19T16:11:15+00:00
SAO_917H-10,São Paulo,3550308,True,STT,456,https://moovitapp.com/index/pt-br/transporte_p%C3%BAblico-line-456-Sao_Paulo-242-850661-10416524-0,5.3,-23.58925,-46.63376375,,,,1,2023-06-19T16:11:32+00:00
SAO_917H-10,São Paulo,3550308,True,STT,456,https://moovitapp.com/index/pt-br/transporte_p%C3%BAblico-line-456-Sao_Paulo-242-850661-10416524-0,5.3,-23.4886455,-46.729033,,,,1,2023-06-19T16:11:38+00:00
SAO_917H-10,São Paulo,3550308,True,STT,456,https://moovitapp.com/index/pt-br/transporte_p%C3%BAblico-line-456-Sao_Paulo-242-850661-10416524-0,5.3,-23.5238385,-46.7412195,,,,1,2023-06-19T16:11:18+00:00
SAO_917H-10,São Paulo,3550308,True,STT,456,https://moovitapp.com/index/pt-br/transporte_p%C3%BAblico-line-456-Sao_Paulo-242-850661-10416524-0,5.3,-23.48608,-46.7258125,,,,1,2023-06-19T16:11:22+00:00
SAO_917H-10,São Paulo,3550308,True,STT,456,https://moovitapp.com/index/pt-br/transporte_p%C3%BAblico-line-456-Sao_Paulo-242-850661-10416524-0,5.3,-23.4866745,-46.725972999999996,,,,1,2023-06-19T16:11:30+00:00
SAO_917H-10,São Paulo,3550308,True,STT,456,https://moovitapp.com/index/pt-br/transporte_p%C3%BAblico-line-456-Sao_Paulo-242-850661-10416524-0,5.3,-23.487510999999998,-46.747892,,,,1,2023-06-19T16:11:42+00:00
SAO_917H-10,São Paulo,3550308,True,STT,456,https://moovitapp.com/index/pt-br/transporte_p%C3%BAblico-line-456-Sao_Paulo-242-850661-10416524-0,5.3,-23.486014,-46.7257505,,,,1,2023-06-19T16:11:15+00:00
SAO_917H-10,São Paulo,3550308,True,STT,456,https://moovitapp.com/index/pt-br/transporte_p%C3%BAblico-line-456-Sao_Paulo-242-850661-10416524-0,5.3,-23.568305875,-46.648278250000004,,,,1,2023-06-19T16:11:20+00:00
SAO_917H-10,São Paulo,3550308,True,STT,456,https://moovitapp.com/index/pt-br/transporte_p%C3%BAblico-line-456-Sao_Paulo-242-850661-10416524-0,5.3,-23.48608,-46.7258125,,,,1,2023-06-19T16:11:21+00:00
SAO_917H-10,São Paulo,3550308,True,STT,456,https://moovitapp.com/index/pt-br/transporte_p%C3%BAblico-line-456-Sao_Paulo-242-850661-10416524-0,5.3,-23.5535311875,-46.672381062499994,,,,1,2023-06-19T16:11:10+00:00
SAO_917H-10,São Paulo,3550308,True,STT,456,https://moovitapp.com/index/pt-br/transporte_p%C3%BAblico-line-456-Sao_Paulo-242-850661-10416524-0,5.3,-23.577540499999998,-46.640858,,,,1,2023-06-19T16:11:05+00:00
SAO_917H-10,São Paulo,3550308,True,STT,456,https://moovitapp.com/index/pt-br/transporte_p%C3%BAblico-line-456-Sao_Paulo-242-850661-10416524-0,5.3,-23.589214499999997,-46.634663,,,,1,2023-06-19T16:11:14+00:00
SAO_917H-10,São Paulo,3550308,True,STT,456,https://moovitapp.com/index/pt-br/transporte_p%C3%BAblico-line-456-Sao_Paulo-242-850661-10416524-0,5.3,-23.486221999999998,-46.725944999999996,,,,1,2023-06-19T16:11:33+00:00
SAO_917H-10,São Paulo,3550308,True,STT,456,https://moovitapp.com/index/pt-br/transporte_p%C3%BAblico-line-456-Sao_Paulo-242-850661-10416524-0,5.3,-23.553642312500003,-46.672105437499994,,,,1,2023-06-19T16:11:19+00:00
SAO_917H-10,São Paulo,3550308,True,STT,456,https://moovitapp.com/index/pt-br/transporte_p%C3%BAblico-line-456-Sao_Paulo-242-850661-10416524-0,5.3,-23.5408075,-46.701162249999996,,,,1,2023-06-19T16:11:36+00:00
SAO_917H-10,São Paulo,3550308,True,STT,456,https://moovitapp.com/index/pt-br/transporte_p%C3%BAblico-line-456-Sao_Paulo-242-850661-10416524-0,5.3,-23.533526,-46.728511,,,,1,2023-06-19T16:11:00+00:00
SAO_917H-10,São Paulo,3550308,True,STT,456,https://moovitapp.com/index/pt-br/transporte_p%C3%BAblico-line-456-Sao_Paulo-242-850661-10416524-0,5.3,-23.517538000000002,-46.753069874999994,,,,1,2023-06-19T16:11:41+00:00
SAO_695V-10,São Paulo,3550308,True,,8,,,-23.58276,-46.6376645,,,,1,2023-06-19T16:11:27+00:00
SAO_695V-10,São Paulo,3550308,True,,8,,,-23.604592500000003,-46.663047125,,,,1,2023-06-19T16:11:04+00:00
SAO_695V-10,São Paulo,3550308,True,,8,,,-23.5969325,-46.655863,,,,1,2023-06-19T16:11:41+00:00
SAO_695V-10,São Paulo,3550308,True,,8,,,-23.613077625,-46.671047125,,,,1,2023-06-19T16:11:12+00:00
SAO_695V-10,São Paulo,3550308,True,,8,,,-23.644859875,-46.722269874999995,,,,1,2023-06-19T16:11:22+00:00
SAO_807M-10,São Paulo,3550308,True,,34684,,,-23.608437000000002,-46.750609499999996,,,,2,2023-06-19T16:11:14+00:00
SAO_807M-10,São Paulo,3550308,True,,34684,,,-23.6187295,-46.698445,,,,2,2023-06-19T16:11:33+00:00
SAO_807M-10,São Paulo,3550308,True,,34684,,,-23.6200105,-46.69833199999999,,,,2,2023-06-19T16:11:04+00:00
SAO_807M-10,São Paulo,3550308,True,,34684,,,-23.607081,-46.725389500000006,,,,2,2023-06-19T16:11:44+00:00
SAO_807M-10,São Paulo,3550308,True,,34684,,,-23.618614,-46.698895,,,,2,2023-06-19T16:11:03+00:00
SAO_807M-10,São Paulo,3550308,True,,34684,,,-23.614564,-46.75580375,,,,2,2023-06-19T16:11:14+00:00
SAO_807M-10,São Paulo,3550308,True,,34684,,,-23.61958425,-46.746742,,,,2,2023-06-19T16:11:09+00:00
SAO_807M-10,São Paulo,3550308,True,,34684,,,-23.631797499999998,-46.7719915,,,,2,2023-06-19T16:11:07+00:00
SAO_807M-10,São Paulo,3550308,True,,34684,,,-23.631797499999998,-46.7719915,,,,2,2023-06-19T16:11:31+00:00
SAO_807M-10,São Paulo,3550308,True,,34684,,,-23.6156125,-46.739903,,,,2,2023-06-19T16:11:33+00:00
SAO_807M-10,São Paulo,3550308,True,,34684,,,-23.6072995,-46.70853275,,,,2,2023-06-19T16:11:24+00:00
SAO_807M-10,São Paulo,3550308,True,,34684,,,-23.609332875,-46.7063285,,,,2,2023-06-19T16:11:06+00:00
SAO_807M-10,São Paulo,3550308,True,,34684,,,-23.6142575,-46.7556145,,,,2,2023-06-19T16:11:03+00:00
SAO_807M-10,São Paulo,3550308,True,,34684,,,-23.618614,-46.698895,,,,2,2023-06-19T16:11:44+00:00
SAO_8016-10,São Paulo,3550308,True,,1346,,,-23.4441175,-46.735325,,,,1,2023-06-19T16:11:36+00:00
SAO_8016-10,São Paulo,3550308,True,,1346,,,-23.4854275,-46.7255765,,,,1,2023-06-19T16:11:28+00:00
SAO_8016-10,São Paulo,3550308,True,,1346,,,-23.433868750000002,-46.720385125,,,,1,2023-06-19T16:11:33+00:00
SAO_8016-10,São Paulo,3550308,True,,1346,,,-23.4441175,-46.735325,,,,1,2023-06-19T16:11:37+00:00
SAO_8016-10,São Paulo,3550308,True,,1346,,,-23.4441175,-46.735325,,,,1,2023-06-19T16:11:37+00:00
SAO_8016-10,São Paulo,3550308,True,,1346,,,-23.4512365,-46.718558,,,,1,2023-06-19T16:11:04+00:00
SAO_8016-10,São Paulo,3550308,True,,1346,,,-23.4441175,-46.735325,,,,1,2023-06-19T16:11:36+00:00
SAO_6818-10,São Paulo,3550308,True,,32796,,,-23.6504005,-46.75935,,,,2,2023-06-19T16:11:16+00:00
SAO_6818-10,São Paulo,3550308,True,,32796,,,-23.654823,-46.763025,,,,2,2023-06-19T16:11:36+00:00
SAO_6818-10,São Paulo,3550308,True,,32796,,,-23.655419000000002,-46.7722955,,,,2,2023-06-19T16:11:17+00:00
SAO_6030-10,São Paulo,3550308,True,,1142,,,-23.741073,-46.707885000000005,,,,1,2023-06-19T16:11:32+00:00
SAO_6030-10,São Paulo,3550308,True,,1142,,,-23.741073,-46.707885000000005,,,,1,2023-06-19T16:11:18+00:00
SAO_6030-10,São Paulo,3550308,True,,1142,,,-23.718954250000003,-46.7039225,,,,1,2023-06-19T16:11:30+00:00
SAO_6030-10,São Paulo,3550308,True,,1142,,,-23.673298375,-46.700902375,,,,1,2023-06-19T16:11:18+00:00
SAO_6030-10,São Paulo,3550308,True,,1142,,,-23.68967675,-46.69756825,,,,1,2023-06-19T16:11:17+00:00
SAO_6030-10,São Paulo,3550308,True,,1142,,,-23.741073,-46.707885000000005,,,,1,2023-06-19T16:11:24+00:00
SAO_6030-10,São Paulo,3550308,True,,1142,,,-23.71159725,-46.699049,,,,1,2023-06-19T16:11:19+00:00
SAO_6030-10,São Paulo,3550308,True,,1142,,,-23.6544735,-46.70749,,,,1,2023-06-19T16:11:32+00:00
SAO_6030-10,São Paulo,3550308,True,,1142,,,-23.741073,-46.707885000000005,,,,1,2023-06-19T16:11:35+00:00
SAO_6030-10,São Paulo,3550308,True,,1142,,,-23.741073,-46.707885000000005,,,,1,2023-06-19T16:11:17+00:00
SAO_6030-10,São Paulo,3550308,True,,1142,,,-23.741073,-46.707885000000005,,,,1,2023-06-19T16:11:00+00:00
SAO_8010-10,São Paulo,3550308,True,,798,,,-23.51816525,-46.70211325,,,,1,2023-06-19T16:11:26+00:00
SAO_8010-10,São Paulo,3550308,True,,798,,,-23.4455625,-46.7225325,,,,1,2023-06-19T16:11:17+00:00
SAO_8010-10,São Paulo,3550308,True,,798,,,-23.513156000000002,-46.705575499999995,,,,1,2023-06-19T16:11:23+00:00
SAO_8010-10,São Paulo,3550308,True,,798,,,-23.423274499999998,-46.726315,,,,1,2023-06-19T16:11:28+00:00
SAO_8010-10,São Paulo,3550308,True,,798,,,-23.488121,-46.7210075,,,,1,2023-06-19T16:11:33+00:00
SAO_4055-10,São Paulo,3550308,True,,35215,,,-23.545429749999997,-46.419935499999994,,,,2,2023-06-19T16:10:37+00:00
SAO_4055-10,São Paulo,3550308,True,,35215,,,-23.543039,-46.4166915,,,,2,2023-06-19T16:11:44+00:00
SAO_546T-10,São Paulo,3550308,True,,33040,,,-23.704141,-46.627005,,,,2,2023-06-19T16:11:36+00:00
SAO_546T-10,São Paulo,3550308,True,,33040,,,-23.65107175,-46.70392125000001,,,,2,2023-06-19T16:11:36+00:00
SAO_546T-10,São Paulo,3550308,True,,33040,,,-23.68187725,-46.68235475,,,,2,2023-06-19T16:11:13+00:00
SAO_546T-10,São Paulo,3550308,True,,33040,,,-23.697120375,-46.670897375,,,,2,2023-06-19T16:11:16+00:00
SAO_546T-10,São Paulo,3550308,True,,33040,,,-23.6854985,-46.680848499999996,,,,2,2023-06-19T16:11:46+00:00
SAO_546T-10,São Paulo,3550308,True,,33040,,,-23.658801250000003,-46.701466499999995,,,,2,2023-06-19T16:11:24+00:00
SAO_546T-10,São Paulo,3550308,True,,33040,,,-23.676126000000004,-46.68571275,,,,2,2023-06-19T16:11:10+00:00
SAO_546T-10,São Paulo,3550308,True,,33040,,,-23.695090999999998,-46.666537000000005,,,,2,2023-06-19T16:11:35+00:00
SAO_546T-10,São Paulo,3550308,True,,33040,,,-23.688616500000002,-46.6803075,,,,2,2023-06-19T16:11:18+00:00
SAO_546T-10,São Paulo,3550308,True,,33040,,,-23.6975695,-46.648551,,,,2,2023-06-19T16:11:34+00:00
SAO_546T-10,São Paulo,3550308,True,,33040,,,-23.654133,-46.7095305,,,,2,2023-06-19T16:11:30+00:00
SAO_847P-10,São Paulo,3550308,True,,423,,,-23.486492,-46.725708499999996,,,,1,2023-06-19T16:11:10+00:00
SAO_847P-10,São Paulo,3550308,True,,423,,,-23.486492,-46.725708499999996,,,,1,2023-06-19T16:11:39+00:00
SAO_847P-10,São Paulo,3550308,True,,423,,,-23.5963035,-46.691134500000004,,,,1,2023-06-19T16:11:22+00:00
SAO_847P-10,São Paulo,3550308,True,,423,,,-23.486492,-46.725708499999996,,,,1,2023-06-19T16:11:40+00:00
SAO_847P-10,São Paulo,3550308,True,,423,,,-23.48629,-46.7260085,,,,1,2023-06-19T16:11:42+00:00
SAO_847P-10,São Paulo,3550308,True,,423,,,-23.4861505,-46.7258785,,,,1,2023-06-19T16:11:43+00:00
SAO_847P-10,São Paulo,3550308,True,,423,,,-23.579497,-46.6856415,,,,1,2023-06-19T16:11:25+00:00
SAO_847P-10,São Paulo,3550308,True,,423,,,-23.500583,-46.706787000000006,,,,1,2023-06-19T16:11:43+00:00
SAO_847P-10,São Paulo,3550308,True,,423,,,-23.57431775,-46.688819124999995,,,,1,2023-06-19T16:11:26+00:00
SAO_847P-10,São Paulo,3550308,True,,423,,,-23.573722250000003,-46.68918587500001,,,,1,2023-06-19T16:11:30+00:00
SAO_847P-10,São Paulo,3550308,True,,423,,,-23.5344345,-46.706507,,,,1,2023-06-19T16:11:03+00:00
SAO_3785-10,São Paulo,3550308,True,,1063,,,-23.548436375,-46.460986000000005,,,,1,2023-06-19T16:11:02+00:00
SAO_3785-10,São Paulo,3550308,True,,1063,,,-23.584448000000002,-46.3906565,,,,1,2023-06-19T16:11:22+00:00
SAO_3785-10,São Paulo,3550308,True,,1063,,,-23.5740275,-46.4453305,,,,1,2023-06-19T16:11:43+00:00
SAO_3785-10,São Paulo,3550308,True,,1063,,,-23.5827635,-46.4086625,,,,1,2023-06-19T16:11:19+00:00
SAO_3785-10,São Paulo,3550308,True,,1063,,,-23.5572845,-46.44540225,,,,1,2023-06-19T16:11:44+00:00
SAO_971X-10,São Paulo,3550308,True,,34463,,,-23.479944,-46.661255,,,,2,2023-06-19T16:11:42+00:00
SAO_971X-10,São Paulo,3550308,True,,34463,,,-23.4752765,-46.6688805,,,,2,2023-06-19T16:11:31+00:00
SAO_971X-10,São Paulo,3550308,True,,34463,,,-23.4742495,-46.669781,,,,2,2023-06-19T16:11:30+00:00
SAO_971X-10,São Paulo,3550308,True,,34463,,,-23.498382499999998,-46.6399835,,,,2,2023-06-19T16:08:36+00:00
SAO_971X-10,São Paulo,3550308,True,,34463,,,-23.4748125,-46.6700675,,,,2,2023-06-19T16:11:26+00:00
SAO_971X-10,São Paulo,3550308,True,,34463,,,-23.475517375,-46.66922425,,,,2,2023-06-19T16:11:23+00:00
SAO_971X-10,São Paulo,3550308,True,,34463,,,-23.502884,-46.6246055,,,,2,2023-06-19T16:11:04+00:00
SAO_971X-10,São Paulo,3550308,True,,34463,,,-23.475101000000002,-46.670268,,,,2,2023-06-19T16:11:10+00:00
SAO_971X-10,São Paulo,3550308,True,,34463,,,-23.4752765,-46.6688805,,,,2,2023-06-19T16:11:19+00:00
SAO_971X-10,São Paulo,3550308,True,,34463,,,-23.481506,-46.6556245,,,,2,2023-06-19T16:11:38+00:00
SAO_971X-10,São Paulo,3550308,True,,34463,,,-23.475101000000002,-46.670268,,,,2,2023-06-19T16:11:20+00:00
SAO_971X-10,São Paulo,3550308,True,,34463,,,-23.496401,-46.637142999999995,,,,2,2023-06-19T16:10:10+00:00
SAO_971X-10,São Paulo,3550308,True,,34463,,,-23.4984665,-46.6411745,,,,2,2023-06-19T16:06:56+00:00
SAO_3046-10,São Paulo,3550308,True,,33739,,,-23.579648499999998,-46.5252835,,,,2,2023-06-19T16:11:05+00:00
SAO_3046-10,São Paulo,3550308,True,,33739,,,-23.579447000000002,-46.525166999999996,,,,2,2023-06-19T16:10:20+00:00
SAO_3046-10,São Paulo,3550308,True,,33739,,,-23.579447000000002,-46.525166999999996,,,,2,2023-06-19T16:11:42+00:00
SAO_3046-10,São Paulo,3550308,True,,33739,,,-23.580525,-46.550216500000005,,,,2,2023-06-19T16:11:36+00:00
SAO_3046-10,São Paulo,3550308,True,,33739,,,-23.541020500000002,-46.576741999999996,,,,2,2023-06-19T16:11:19+00:00
SAO_3046-10,São Paulo,3550308,True,,33739,,,-23.582313625,-46.5372675,,,,2,2023-06-19T16:11:20+00:00
SAO_3046-10,São Paulo,3550308,True,,33739,,,-23.57926775,-46.525281875000005,,,,2,2023-06-19T16:11:14+00:00
SAO_3046-10,São Paulo,3550308,True,,33739,,,-23.556038,-46.57167724999999,,,,2,2023-06-19T16:11:27+00:00
SAO_3046-10,São Paulo,3550308,True,,33739,,,-23.579857500000003,-46.525404,,,,2,2023-06-19T16:11:13+00:00
SAO_695Y-10,São Paulo,3550308,True,,33966,,,-23.7505585,-46.7104225,,,,2,2023-06-19T16:11:39+00:00
SAO_695Y-10,São Paulo,3550308,True,,33966,,,-23.60508725,-46.6637195,,,,2,2023-06-19T16:11:41+00:00
SAO_695Y-10,São Paulo,3550308,True,,33966,,,-23.828025500000003,-46.7271865,,,,2,2023-06-19T16:11:15+00:00
SAO_695Y-10,São Paulo,3550308,True,,33966,,,-23.7471885,-46.708067,,,,2,2023-06-19T16:11:20+00:00
SAO_695Y-10,São Paulo,3550308,True,,33966,,,-23.8036885,-46.7348355,,,,2,2023-06-19T16:11:36+00:00
SAO_695Y-10,São Paulo,3550308,True,,33966,,,-23.623318250000004,-46.68083475,,,,2,2023-06-19T16:11:14+00:00
SAO_695Y-10,São Paulo,3550308,True,,33966,,,-23.73891,-46.701184999999995,,,,2,2023-06-19T16:11:29+00:00
SAO_695Y-10,São Paulo,3550308,True,,33966,,,-23.66513975,-46.6908155,,,,2,2023-06-19T16:11:23+00:00
SAO_695Y-10,São Paulo,3550308,True,,33966,,,-23.609696,-46.6680365,,,,2,2023-06-19T16:11:33+00:00
SAO_695Y-10,São Paulo,3550308,True,,33966,,,-23.700084750000002,-46.70120025,,,,2,2023-06-19T16:11:42+00:00
SAO_695Y-10,São Paulo,3550308,True,,33966,,,-23.77512775,-46.72249925,,,,2,2023-06-19T16:10:59+00:00
SAO_3026-10,São Paulo,3550308,True,,33730,,,-23.578707,-46.39442875,,,,2,2023-06-19T16:11:04+00:00
SAO_3026-10,São Paulo,3550308,True,,33730,,,-23.557413500000003,-46.410435,,,,2,2023-06-19T16:07:47+00:00
SAO_3026-10,São Paulo,3550308,True,,33730,,,-23.5428155,-46.416185,,,,2,2023-06-19T16:11:10+00:00
SAO_2708-10,São Paulo,3550308,True,,33689,,,-23.533179124999997,-46.40071425,,,,2,2023-06-19T16:11:40+00:00
SAO_2708-10,São Paulo,3550308,True,,33689,,,-23.533335875,-46.40048375,,,,2,2023-06-19T16:11:24+00:00
SAO_2708-10,São Paulo,3550308,True,,33689,,,-23.5429995,-46.470884999999996,,,,2,2023-06-19T16:10:41+00:00
SAO_2708-10,São Paulo,3550308,True,,33689,,,-23.524955249999998,-46.4188215,,,,2,2023-06-19T16:11:23+00:00
SAO_2708-10,São Paulo,3550308,True,,33689,,,-23.533179124999997,-46.40071425,,,,2,2023-06-19T16:11:43+00:00
SAO_2708-10,São Paulo,3550308,True,,33689,,,-23.53674975,-46.4506235,,,,2,2023-06-19T16:11:02+00:00
SAO_414P-10,São Paulo,3550308,True,,33873,,,-23.5658625,-46.5448215,,,,2,2023-06-19T16:11:28+00:00
SAO_414P-10,São Paulo,3550308,True,,33873,,,-23.540388375,-46.57119725,,,,2,2023-06-19T16:11:26+00:00
SAO_414P-10,São Paulo,3550308,True,,33873,,,-23.6103715,-46.529692,,,,2,2023-06-19T16:11:12+00:00
SAO_414P-10,São Paulo,3550308,True,,33873,,,-23.5516595,-46.567547,,,,2,2023-06-19T16:11:34+00:00
SAO_414P-10,São Paulo,3550308,True,,33873,,,-23.600960999999998,-46.527261,,,,2,2023-06-19T16:11:13+00:00
SAO_414P-10,São Paulo,3550308,True,,33873,,,-23.5955875,-46.524572000000006,,,,2,2023-06-19T16:11:34+00:00
SAO_574J-10,São Paulo,3550308,True,,34453,,,-23.636083499999998,-46.641462,,,,2,2023-06-19T16:11:21+00:00
SAO_574J-10,São Paulo,3550308,True,,34453,,,-23.636083499999998,-46.641462,,,,2,2023-06-19T16:11:29+00:00
SAO_574J-10,São Paulo,3550308,True,,34453,,,-23.6022255,-46.601454000000004,,,,2,2023-06-19T16:11:30+00:00
SAO_574J-10,São Paulo,3550308,True,,34453,,,-23.571330500000002,-46.5265825,,,,2,2023-06-19T16:11:00+00:00
SAO_574J-10,São Paulo,3550308,True,,34453,,,-23.62453775,-46.636340625,,,,2,2023-06-19T16:11:43+00:00
SAO_574J-10,São Paulo,3550308,True,,34453,,,-23.636083499999998,-46.641462,,,,2,2023-06-19T16:11:41+00:00
SAO_574J-10,São Paulo,3550308,True,,34453,,,-23.582706,-46.60086675,,,,2,2023-06-19T16:11:44+00:00
SAO_574J-10,São Paulo,3550308,True,,34453,,,-23.636083499999998,-46.641462,,,,2,2023-06-19T16:11:22+00:00
SAO_574J-10,São Paulo,3550308,True,,34453,,,-23.5659385,-46.558668999999995,,,,2,2023-06-19T16:11:09+00:00
SAO_574J-10,São Paulo,3550308,True,,34453,,,-23.624664000000003,-46.6347685,,,,2,2023-06-19T16:11:37+00:00
SAO_574J-10,São Paulo,3550308,True,,34453,,,-23.636083499999998,-46.641462,,,,2,2023-06-19T16:11:22+00:00
SAO_574J-10,São Paulo,3550308,True,,34453,,,-23.579445749999998,-46.580741249999996,,,,2,2023-06-19T16:11:34+00:00
SAO_1742-10,São Paulo,3550308,True,EMTU,542,https://moovitapp.com/index/pt-br/transporte_p%C3%BAblico-line-542-Sao_Paulo-242-2038937-59914572-0,5.4,-23.4568285,-46.658956,,,,1,2023-06-19T16:11:40+00:00
SAO_1742-10,São Paulo,3550308,True,EMTU,542,https://moovitapp.com/index/pt-br/transporte_p%C3%BAblico-line-542-Sao_Paulo-242-2038937-59914572-0,5.4,-23.454611749999998,-46.66173725,,,,1,2023-06-19T16:11:38+00:00
SAO_1742-10,São Paulo,3550308,True,EMTU,542,https://moovitapp.com/index/pt-br/transporte_p%C3%BAblico-line-542-Sao_Paulo-242-2038937-59914572-0,5.4,-23.4697345,-46.6385025,,,,1,2023-06-19T16:11:43+00:00
SAO_1742-10,São Paulo,3550308,True,EMTU,542,https://moovitapp.com/index/pt-br/transporte_p%C3%BAblico-line-542-Sao_Paulo-242-2038937-59914572-0,5.4,-23.49834225,-46.62571475,,,,1,2023-06-19T16:11:34+00:00
SAO_1742-10,São Paulo,3550308,True,EMTU,542,https://moovitapp.com/index/pt-br/transporte_p%C3%BAblico-line-542-Sao_Paulo-242-2038937-59914572-0,5.4,-23.455953,-46.6612535,,,,1,2023-06-19T16:11:30+00:00
SAO_7245-10,São Paulo,3550308,True,,33131,,,-23.5505705,-46.659073,,,,2,2023-06-19T16:11:41+00:00
SAO_7245-10,São Paulo,3550308,True,,33131,,,-23.579043,-46.6859035,,,,2,2023-06-19T16:11:21+00:00
SAO_7245-10,São Paulo,3550308,True,,33131,,,-23.6353775,-46.714305,,,,2,2023-06-19T16:11:02+00:00
SAO_7245-10,São Paulo,3550308,True,,33131,,,-23.59571,-46.6878875,,,,2,2023-06-19T16:11:10+00:00
SAO_7245-10,São Paulo,3550308,True,,33131,,,-23.563290000000002,-46.676355,,,,2,2023-06-19T16:11:15+00:00
SAO_7245-10,São Paulo,3550308,True,,33131,,,-23.5505705,-46.659073,,,,2,2023-06-19T16:11:39+00:00
SAO_809T-10,São Paulo,3550308,True,,2246,,,-23.580845749999998,-46.753581,,,,1,2023-06-19T16:11:22+00:00
SAO_809T-10,São Paulo,3550308,True,,2246,,,-23.5854415,-46.805544499999996,,,,1,2023-06-19T16:11:35+00:00
SAO_809T-10,São Paulo,3550308,True,,2246,,,-23.52335375,-46.69772725,,,,1,2023-06-19T16:11:44+00:00
SAO_129F-10,São Paulo,3550308,True,,35072,,,-23.5231135,-46.687495375,,,,2,2023-06-19T16:11:35+00:00
SAO_129F-10,São Paulo,3550308,True,,35072,,,-23.4904735,-46.699062,,,,2,2023-06-19T16:11:14+00:00
SAO_129F-10,São Paulo,3550308,True,,35072,,,-23.496266499999997,-46.702754,,,,2,2023-06-19T16:11:15+00:00
SAO_129F-10,São Paulo,3550308,True,,35072,,,-23.4900875,-46.6986255,,,,2,2023-06-19T16:11:20+00:00
SAO_129F-10,São Paulo,3550308,True,,35072,,,-23.4900875,-46.6986255,,,,2,2023-06-19T16:11:38+00:00
SAO_129F-10,São Paulo,3550308,True,,35072,,,-23.489815,-46.698368,,,,2,2023-06-19T16:11:28+00:00
SAO_129F-10,São Paulo,3550308,True,,35072,,,-23.51377175,-46.7025705,,,,2,2023-06-19T16:11:23+00:00
SAO_129F-10,São Paulo,3550308,True,,35072,,,-23.489694999999998,-46.698280499999996,,,,2,2023-06-19T16:11:22+00:00
SAO_5013-10,São Paulo,3550308,True,,33885,,,-23.687024,-46.6385275,,,,2,2023-06-19T16:11:05+00:00
SAO_5013-10,São Paulo,3550308,True,,33885,,,-23.682509,-46.633010999999996,,,,2,2023-06-19T16:11:28+00:00
SAO_5013-10,São Paulo,3550308,True,,33885,,,-23.673735999999998,-46.6777995,,,,2,2023-06-19T16:11:21+00:00
SAO_5013-10,São Paulo,3550308,True,,33885,,,-23.682509,-46.633010999999996,,,,2,2023-06-19T16:11:19+00:00
SAO_5013-10,São Paulo,3550308,True,,33885,,,-23.6714645,-46.67428375,,,,2,2023-06-19T16:11:26+00:00
SAO_5013-10,São Paulo,3550308,True,,33885,,,-23.6812385,-46.633822499999994,,,,2,2023-06-19T16:11:31+00:00
SAO_5013-10,São Paulo,3550308,True,,33885,,,-23.6771805,-46.627876,,,,2,2023-06-19T16:11:11+00:00
SAO_5013-10,São Paulo,3550308,True,,33885,,,-23.669902999999998,-46.688853,,,,2,2023-06-19T16:11:32+00:00
SAO_5013-10,São Paulo,3550308,True,,33885,,,-23.6841825,-46.64965625000001,,,,2,2023-06-19T16:06:49+00:00
SAO_5013-10,São Paulo,3550308,True,,33885,,,-23.6815315,-46.6338755,,,,2,2023-06-19T16:11:23+00:00
SAO_637G-10,São Paulo,3550308,True,EMTU,101,https://moovitapp.com/index/pt-br/transporte_p%C3%BAblico-line-101-Sao_Paulo-242-2038937-36419264-0,4.8,-23.57410625,-46.688723499999995,,,,1,2023-06-19T16:11:26+00:00
SAO_637G-10,São Paulo,3550308,True,EMTU,101,https://moovitapp.com/index/pt-br/transporte_p%C3%BAblico-line-101-Sao_Paulo-242-2038937-36419264-0,4.8,-23.59324375,-46.672788,,,,1,2023-06-19T16:11:29+00:00
SAO_637G-10,São Paulo,3550308,True,EMTU,101,https://moovitapp.com/index/pt-br/transporte_p%C3%BAblico-line-101-Sao_Paulo-242-2038937-36419264-0,4.8,-23.7537615,-46.6807515,,,,1,2023-06-19T16:11:26+00:00
SAO_637G-10,São Paulo,3550308,True,EMTU,101,https://moovitapp.com/index/pt-br/transporte_p%C3%BAblico-line-101-Sao_Paulo-242-2038937-36419264-0,4.8,-23.7266495,-46.699323500000006,,,,1,2023-06-19T16:11:43+00:00
SAO_637G-10,São Paulo,3550308,True,EMTU,101,https://moovitapp.com/index/pt-br/transporte_p%C3%BAblico-line-101-Sao_Paulo-242-2038937-36419264-0,4.8,-23.7537615,-46.6807515,,,,1,2023-06-19T16:11:05+00:00
SAO_637G-10,São Paulo,3550308,True,EMTU,101,https://moovitapp.com/index/pt-br/transporte_p%C3%BAblico-line-101-Sao_Paulo-242-2038937-36419264-0,4.8,-23.652103750000002,-46.70216125,,,,1,2023-06-19T16:11:05+00:00
SAO_637G-10,São Paulo,3550308,True,EMTU,101,https://moovitapp.com/index/pt-br/transporte_p%C3%BAblico-line-101-Sao_Paulo-242-2038937-36419264-0,4.8,-23.7537615,-46.6807515,,,,1,2023-06-19T16:11:32+00:00
SAO_5110-10,São Paulo,3550308,True,,34977,,,-23.584197500000002,-46.58549,,,,2,2023-06-19T16:11:41+00:00
SAO_5110-10,São Paulo,3550308,True,,34977,,,-23.613355,-46.476290500000005,,,,2,2023-06-19T16:11:10+00:00
SAO_5110-10,São Paulo,3550308,True,,34977,,,-23.6141145,-46.476496999999995,,,,2,2023-06-19T16:11:36+00:00
SAO_5110-10,São Paulo,3550308,True,,34977,,,-23.6141145,-46.476496999999995,,,,2,2023-06-19T16:11:27+00:00
SAO_5110-10,São Paulo,3550308,True,,34977,,,-23.5831295,-46.55267375,,,,2,2023-06-19T16:11:42+00:00
SAO_5110-10,São Paulo,3550308,True,,34977,,,-23.604557,-46.5107335,,,,2,2023-06-19T16:10:43+00:00
SAO_5110-10,São Paulo,3550308,True,,34977,,,-23.612958,-46.4898305,,,,2,2023-06-19T16:09:33+00:00
SAO_5110-10,São Paulo,3550308,True,,34977,,,-23.6135545,-46.476344499999996,,,,2,2023-06-19T16:11:08+00:00
SAO_5110-10,São Paulo,3550308,True,,34977,,,-23.6141145,-46.476496999999995,,,,2,2023-06-19T16:11:17+00:00
SAO_5110-10,São Paulo,3550308,True,,34977,,,-23.596826749999998,-46.5364275,,,,2,2023-06-19T16:11:44+00:00
SAO_5110-10,São Paulo,3550308,True,,34977,,,-23.6141145,-46.476496999999995,,,,2,2023-06-19T16:11:38+00:00
SAO_7006-51,São Paulo,3550308,True,,1997,,,-23.66167,-46.770126000000005,,,,1,2023-06-19T16:11:12+00:00
SAO_7006-51,São Paulo,3550308,True,,1997,,,-23.74942725,-46.78284375,,,,1,2023-06-19T16:11:44+00:00
SAO_7006-51,São Paulo,3550308,True,,1997,,,-23.7488905,-46.7831885,,,,1,2023-06-19T16:11:04+00:00
SAO_7006-51,São Paulo,3550308,True,,1997,,,-23.697299,-46.7793,,,,1,2023-06-19T16:11:17+00:00
SAO_7006-51,São Paulo,3550308,True,,1997,,,-23.6731425,-46.7734105,,,,1,2023-06-19T16:11:36+00:00
SAO_4025-10,São Paulo,3550308,True,,33863,,,-23.60025025,-46.56236725,,,,2,2023-06-19T16:11:07+00:00
SAO_4025-10,São Paulo,3550308,True,,33863,,,-23.607989375000002,-46.553975375,,,,2,2023-06-19T16:11:29+00:00
SAO_4025-10,São Paulo,3550308,True,,33863,,,-23.607989375000002,-46.553975375,,,,2,2023-06-19T16:11:13+00:00
SAO_4025-10,São Paulo,3550308,True,,33863,,,-23.583159000000002,-46.5687525,,,,2,2023-06-19T16:11:36+00:00
SAO_4025-10,São Paulo,3550308,True,,33863,,,-23.58261625,-46.582962499999994,,,,2,2023-06-19T16:11:24+00:00
SAO_4025-10,São Paulo,3550308,True,,33863,,,-23.548714750000002,-46.5793405,,,,2,2023-06-19T16:11:26+00:00
SAO_4025-10,São Paulo,3550308,True,,33863,,,-23.607765625,-46.554057625,,,,2,2023-06-19T16:11:05+00:00
SAO_4025-10,São Paulo,3550308,True,,33863,,,-23.5722575,-46.581816,,,,2,2023-06-19T16:11:09+00:00
SAO_4025-10,São Paulo,3550308,True,,33863,,,-23.583897,-46.5757425,,,,2,2023-06-19T16:11:43+00:00
SAO_4025-10,São Paulo,3550308,True,,33863,,,-23.607989375000002,-46.553975375,,,,2,2023-06-19T16:11:29+00:00
SAO_8018-10,São Paulo,3550308,True,,34838,,,-23.5861895,-46.7233995,,,,2,2023-06-19T16:11:14+00:00
SAO_8018-10,São Paulo,3550308,True,,34838,,,-23.598661,-46.737128,,,,2,2023-06-19T16:11:43+00:00
SAO_8018-10,São Paulo,3550308,True,,34838,,,-23.5984475,-46.73722,,,,2,2023-06-19T16:11:35+00:00
SAO_3004-10,São Paulo,3550308,True,,34566,,,-23.479430999999998,-46.420737,,,,2,2023-06-19T16:11:42+00:00
SAO_172P-10,São Paulo,3550308,True,,33626,,,-23.43757025,-46.56626125,,,,2,2023-06-19T16:11:41+00:00
SAO_172P-10,São Paulo,3550308,True,,33626,,,-23.438042000000003,-46.5662555,,,,2,2023-06-19T16:11:36+00:00
SAO_172P-10,São Paulo,3550308,True,,33626,,,-23.468680374999998,-46.579077625000004,,,,2,2023-06-19T16:10:58+00:00
SAO_172P-10,São Paulo,3550308,True,,33626,,,-23.513438750000002,-46.58576475,,,,2,2023-06-19T16:11:34+00:00
SAO_172P-10,São Paulo,3550308,True,,33626,,,-23.479936374999998,-46.580044,,,,2,2023-06-19T16:09:54+00:00
SAO_172P-10,São Paulo,3550308,True,,33626,,,-23.4424695,-46.589804,,,,2,2023-06-19T16:11:35+00:00
SAO_172P-10,São Paulo,3550308,True,,33626,,,-23.4589785,-46.585784,,,,2,2023-06-19T16:11:10+00:00
SAO_172P-10,São Paulo,3550308,True,,33626,,,-23.4365295,-46.566240500000006,,,,2,2023-06-19T16:09:27+00:00
SAO_172P-10,São Paulo,3550308,True,,33626,,,-23.4418065,-46.5890285,,,,2,2023-06-19T16:11:00+00:00
SAO_172P-10,São Paulo,3550308,True,,33626,,,-23.47958725,-46.5793075,,,,2,2023-06-19T16:08:12+00:00
SAO_172P-10,São Paulo,3550308,True,,33626,,,-23.4378765,-46.5662585,,,,2,2023-06-19T16:11:00+00:00
SAO_172P-10,São Paulo,3550308,True,,33626,,,-23.529571,-46.5984615,,,,2,2023-06-19T16:10:55+00:00
SAO_172P-10,São Paulo,3550308,True,,33626,,,-23.538793124999998,-46.59877125,,,,2,2023-06-19T16:11:09+00:00
SAO_172P-10,São Paulo,3550308,True,,33626,,,-23.438219500000002,-46.566422,,,,2,2023-06-19T16:11:30+00:00
SAO_172P-10,São Paulo,3550308,True,,33626,,,-23.4570485,-46.5862755,,,,2,2023-06-19T16:11:39+00:00
SAO_172P-10,São Paulo,3550308,True,,33626,,,-23.49848025,-46.5951195,,,,2,2023-06-19T16:11:10+00:00
SAO_3053-10,São Paulo,3550308,True,,33741,,,-23.584741,-46.495041,,,,2,2023-06-19T16:11:11+00:00
SAO_3053-10,São Paulo,3550308,True,,33741,,,-23.586019,-46.4950705,,,,2,2023-06-19T16:11:07+00:00
SAO_3053-10,São Paulo,3550308,True,,33741,,,-23.584741,-46.495041,,,,2,2023-06-19T16:11:02+00:00
SAO_3053-10,São Paulo,3550308,True,,33741,,,-23.585147999999997,-46.494602,,,,2,2023-06-19T16:11:21+00:00
SAO_3053-10,São Paulo,3550308,True,,33741,,,-23.585588,-46.4950305,,,,2,2023-06-19T16:11:20+00:00
SAO_3053-10,São Paulo,3550308,True,,33741,,,-23.554475,-46.58320075,,,,2,2023-06-19T16:11:42+00:00
SAO_3053-10,São Paulo,3550308,True,,33741,,,-23.584741,-46.495041,,,,2,2023-06-19T16:11:41+00:00
SAO_3053-10,São Paulo,3550308,True,,33741,,,-23.57755175,-46.54218325000001,,,,2,2023-06-19T16:11:15+00:00
SAO_3053-10,São Paulo,3550308,True,,33741,,,-23.5429775,-46.588603500000005,,,,2,2023-06-19T16:11:16+00:00
SAO_3053-10,São Paulo,3550308,True,,33741,,,-23.5539545,-46.577246,,,,2,2023-06-19T16:11:07+00:00
SAO_3053-10,São Paulo,3550308,True,,33741,,,-23.585767500000003,-46.4949725,,,,2,2023-06-19T16:11:01+00:00
SAO_3053-10,São Paulo,3550308,True,,33741,,,-23.5913315,-46.4980785,,,,2,2023-06-19T16:11:17+00:00
SAO_3053-10,São Paulo,3550308,True,,33741,,,-23.5429775,-46.588603500000005,,,,2,2023-06-19T16:11:44+00:00
SAO_1206-10,São Paulo,3550308,True,,33610,,,-23.528331,-46.59752075,,,,2,2023-06-19T16:11:45+00:00
SAO_1206-10,São Paulo,3550308,True,,33610,,,-23.52606925,-46.58249925,,,,2,2023-06-19T16:11:36+00:00
SAO_1206-10,São Paulo,3550308,True,,33610,,,-23.538318625000002,-46.630820875,,,,2,2023-06-19T16:11:19+00:00
SAO_1206-10,São Paulo,3550308,True,,33610,,,-23.518041500000002,-46.580715999999995,,,,2,2023-06-19T16:11:35+00:00
SAO_1206-10,São Paulo,3550308,True,,33610,,,-23.53860475,-46.60404375,,,,2,2023-06-19T16:11:02+00:00
SAO_1206-10,São Paulo,3550308,True,,33610,,,-23.526221749999998,-46.582573499999995,,,,2,2023-06-19T16:11:17+00:00
SAO_1206-10,São Paulo,3550308,True,,33610,,,-23.52606925,-46.58249925,,,,2,2023-06-19T16:11:29+00:00
SAO_9008-10,São Paulo,3550308,True,,33643,,,-23.427475,-46.7146125,,,,2,2023-06-19T16:11:30+00:00
SAO_9008-10,São Paulo,3550308,True,,33643,,,-23.427988,-46.71467975,,,,2,2023-06-19T16:11:28+00:00
SAO_9008-10,São Paulo,3550308,True,,33643,,,-23.427988,-46.71467975,,,,2,2023-06-19T16:11:27+00:00
SAO_9008-10,São Paulo,3550308,True,,33643,,,-23.4742495,-46.669781,,,,2,2023-06-19T16:11:01+00:00
SAO_9008-10,São Paulo,3550308,True,,33643,,,-23.430883,-46.71344,,,,2,2023-06-19T16:11:14+00:00
SAO_9008-10,São Paulo,3550308,True,,33643,,,-23.455309375,-46.6943895,,,,2,2023-06-19T16:11:39+00:00
SAO_9008-10,São Paulo,3550308,True,,33643,,,-23.427988,-46.71467975,,,,2,2023-06-19T16:11:39+00:00
SAO_9008-10,São Paulo,3550308,True,,33643,,,-23.474271,-46.668220250000005,,,,2,2023-06-19T16:11:35+00:00
SAO_9008-10,São Paulo,3550308,True,,33643,,,-23.440873,-46.7081745,,,,2,2023-06-19T16:11:21+00:00
SAO_9008-10,São Paulo,3550308,True,,33643,,,-23.427988,-46.71467975,,,,2,2023-06-19T16:11:19+00:00
SAO_314V-10,São Paulo,3550308,True,EMTU,311,https://moovitapp.com/index/pt-br/transporte_p%C3%BAblico-line-311-Sao_Paulo-242-2038937-36419403-0,7.9,-23.569008,-46.611245,,,,1,2023-06-19T16:10:52+00:00
SAO_707A-10,São Paulo,3550308,True,,34758,,,-23.6114675,-46.635742,,,,2,2023-06-19T16:11:09+00:00
SAO_707A-10,São Paulo,3550308,True,,34758,,,-23.6787785,-46.7634405,,,,2,2023-06-19T16:10:17+00:00
SAO_707A-10,São Paulo,3550308,True,,34758,,,-23.613059,-46.671189,,,,2,2023-06-19T16:11:08+00:00
SAO_707A-10,São Paulo,3550308,True,,34758,,,-23.692809,-46.778341,,,,2,2023-06-19T16:11:08+00:00
SAO_707A-10,São Paulo,3550308,True,,34758,,,-23.607148000000002,-46.640336500000004,,,,2,2023-06-19T16:11:07+00:00
SAO_707A-10,São Paulo,3550308,True,,34758,,,-23.688845375,-46.77301675,,,,2,2023-06-19T16:11:32+00:00
SAO_707A-10,São Paulo,3550308,True,,34758,,,-23.669655,-46.7366765,,,,2,2023-06-19T16:11:37+00:00
SAO_707A-10,São Paulo,3550308,True,,34758,,,-23.692511000000003,-46.7778525,,,,2,2023-06-19T16:11:39+00:00
SAO_707A-10,São Paulo,3550308,True,,34758,,,-23.6029625,-46.650095,,,,2,2023-06-19T16:11:41+00:00
SAO_707A-10,São Paulo,3550308,True,,34758,,,-23.611459500000002,-46.6358635,,,,2,2023-06-19T16:11:36+00:00
SAO_707A-10,São Paulo,3550308,True,,34758,,,-23.6585225,-46.706396999999996,,,,2,2023-06-19T16:09:48+00:00
SAO_8542-21,São Paulo,3550308,True,,34129,,,-23.4726875,-46.7023155,,,,2,2023-06-19T16:11:15+00:00
SAO_8542-21,São Paulo,3550308,True,,34129,,,-23.472990000000003,-46.702344499999995,,,,2,2023-06-19T16:11:21+00:00
SAO_8542-21,São Paulo,3550308,True,,34129,,,-23.4708355,-46.698254000000006,,,,2,2023-06-19T16:11:31+00:00
SAO_8542-21,São Paulo,3550308,True,,34129,,,-23.4726875,-46.7023155,,,,2,2023-06-19T16:11:41+00:00
SAO_8542-21,São Paulo,3550308,True,,34129,,,-23.472990000000003,-46.702344499999995,,,,2,2023-06-19T16:11:00+00:00
SAO_8542-21,São Paulo,3550308,True,,34129,,,-23.477157,-46.681016,,,,2,2023-06-19T16:11:21+00:00
SAO_8542-21,São Paulo,3550308,True,,34129,,,-23.486863500000002,-46.684964625,,,,2,2023-06-19T16:11:34+00:00
SAO_778R-10,São Paulo,3550308,True,EMTU,509,https://moovitapp.com/index/pt-br/transporte_p%C3%BAblico-line-509-Sao_Paulo-242-2038937-36419531-0,4.95,-23.585307,-46.805366,,,,1,2023-06-19T16:11:07+00:00
SAO_778R-10,São Paulo,3550308,True,EMTU,509,https://moovitapp.com/index/pt-br/transporte_p%C3%BAblico-line-509-Sao_Paulo-242-2038937-36419531-0,4.95,-23.586311,-46.811859749999996,,,,1,2023-06-19T16:11:45+00:00
SAO_778R-10,São Paulo,3550308,True,EMTU,509,https://moovitapp.com/index/pt-br/transporte_p%C3%BAblico-line-509-Sao_Paulo-242-2038937-36419531-0,4.95,-23.585532999999998,-46.8056635,,,,1,2023-06-19T16:11:35+00:00
SAO_778R-10,São Paulo,3550308,True,EMTU,509,https://moovitapp.com/index/pt-br/transporte_p%C3%BAblico-line-509-Sao_Paulo-242-2038937-36419531-0,4.95,-23.571223,-46.691788,,,,1,2023-06-19T16:11:19+00:00
SAO_778R-10,São Paulo,3550308,True,EMTU,509,https://moovitapp.com/index/pt-br/transporte_p%C3%BAblico-line-509-Sao_Paulo-242-2038937-36419531-0,4.95,-23.53506275,-46.644746999999995,,,,1,2023-06-19T16:11:31+00:00
SAO_778R-10,São Paulo,3550308,True,EMTU,509,https://moovitapp.com/index/pt-br/transporte_p%C3%BAblico-line-509-Sao_Paulo-242-2038937-36419531-0,4.95,-23.5865955,-46.750954,,,,1,2023-06-19T16:11:03+00:00
SAO_778R-10,São Paulo,3550308,True,EMTU,509,https://moovitapp.com/index/pt-br/transporte_p%C3%BAblico-line-509-Sao_Paulo-242-2038937-36419531-0,4.95,-23.53506275,-46.644746999999995,,,,1,2023-06-19T16:11:28+00:00
SAO_778R-10,São Paulo,3550308,True,EMTU,509,https://moovitapp.com/index/pt-br/transporte_p%C3%BAblico-line-509-Sao_Paulo-242-2038937-36419531-0,4.95,-23.55833775,-46.667919999999995,,,,1,2023-06-19T16:11:20+00:00
SAO_778R-10,São Paulo,3550308,True,EMTU,509,https://moovitapp.com/index/pt-br/transporte_p%C3%BAblico-line-509-Sao_Paulo-242-2038937-36419531-0,4.95,-23.592588,-46.8026565,,,,1,2023-06-19T16:11:18+00:00
SAO_407T-10,São Paulo,3550308,True,,34970,,,-23.542889000000002,-46.4670985,,,,2,2023-06-19T15:56:07+00:00
SAO_407T-10,São Paulo,3550308,True,,34970,,,-23.536189625,-46.4474655,,,,2,2023-06-19T16:11:21+00:00
SAO_2551-10,São Paulo,3550308,True,,32909,,,-23.535222124999997,-46.58254475,,,,2,2023-06-19T16:09:34+00:00
SAO_2551-10,São Paulo,3550308,True,,32909,,,-23.5173865,-46.47583825,,,,2,2023-06-19T16:11:10+00:00
SAO_2551-10,São Paulo,3550308,True,,32909,,,-23.516816,-46.476446,,,,2,2023-06-19T16:11:07+00:00
SAO_2551-10,São Paulo,3550308,True,,32909,,,-23.546832000000002,-46.6301665,,,,2,2023-06-19T16:11:13+00:00
SAO_2551-10,São Paulo,3550308,True,,32909,,,-23.499702999999997,-46.522847999999996,,,,2,2023-06-19T16:11:07+00:00
SAO_1743-10,São Paulo,3550308,True,EMTU,543,https://moovitapp.com/index/pt-br/transporte_p%C3%BAblico-line-543-Sao_Paulo-242-2038937-36419552-0,5.15,-23.455666,-46.6677895,,,,1,2023-06-19T16:10:59+00:00
SAO_1743-10,São Paulo,3550308,True,EMTU,543,https://moovitapp.com/index/pt-br/transporte_p%C3%BAblico-line-543-Sao_Paulo-242-2038937-36419552-0,5.15,-23.455666,-46.6677895,,,,1,2023-06-19T16:11:21+00:00
SAO_1743-10,São Paulo,3550308,True,EMTU,543,https://moovitapp.com/index/pt-br/transporte_p%C3%BAblico-line-543-Sao_Paulo-242-2038937-36419552-0,5.15,-23.4890655,-46.636798999999996,,,,1,2023-06-19T16:11:32+00:00
SAO_1743-10,São Paulo,3550308,True,EMTU,543,https://moovitapp.com/index/pt-br/transporte_p%C3%BAblico-line-543-Sao_Paulo-242-2038937-36419552-0,5.15,-23.475943,-46.6467705,,,,1,2023-06-19T16:11:22+00:00
SAO_172J-10,São Paulo,3550308,True,,856,,,-23.508032,-46.5795535,,,,1,2023-06-19T16:11:34+00:00
SAO_172J-10,São Paulo,3550308,True,,856,,,-23.520053375,-46.591127125,,,,1,2023-06-19T16:11:25+00:00
SAO_172J-10,São Paulo,3550308,True,,856,,,-23.520242125,-46.591273375,,,,1,2023-06-19T16:10:58+00:00
SAO_172J-10,São Paulo,3550308,True,,856,,,-23.48135175,-46.56666025,,,,1,2023-06-19T16:11:14+00:00
SAO_172J-10,São Paulo,3550308,True,,856,,,-23.4797715,-46.568705,,,,1,2023-06-19T16:11:24+00:00
SAO_172J-10,São Paulo,3550308,True,,856,,,-23.5399505,-46.576659,,,,1,2023-06-19T16:11:14+00:00
SAO_172J-10,São Paulo,3550308,True,,856,,,-23.480034,-46.568571250000005,,,,1,2023-06-19T16:11:18+00:00
SAO_172J-10,São Paulo,3550308,True,,856,,,-23.487986999999997,-46.5687985,,,,1,2023-06-19T16:10:00+00:00
SAO_172J-10,São Paulo,3550308,True,,856,,,-23.4797715,-46.568705,,,,1,2023-06-19T16:06:03+00:00
SAO_637R-10,São Paulo,3550308,True,,32964,,,-23.678326,-46.762874,,,,2,2023-06-19T16:11:38+00:00
SAO_637R-10,São Paulo,3550308,True,,32964,,,-23.719750500000004,-46.769661125,,,,2,2023-06-19T16:11:19+00:00
SAO_637R-10,São Paulo,3550308,True,,32964,,,-23.666269874999998,-46.718269250000006,,,,2,2023-06-19T16:11:39+00:00
SAO_637R-10,São Paulo,3550308,True,,32964,,,-23.7069005,-46.784399500000006,,,,2,2023-06-19T16:11:14+00:00
SAO_637R-10,São Paulo,3550308,True,,32964,,,-23.6729755,-46.744468749999996,,,,2,2023-06-19T16:11:28+00:00
SAO_637R-10,São Paulo,3550308,True,,32964,,,-23.7141845,-46.776850499999995,,,,2,2023-06-19T16:11:38+00:00
SAO_637R-10,São Paulo,3550308,True,,32964,,,-23.719981500000003,-46.769767374999994,,,,2,2023-06-19T16:11:40+00:00
SAO_637R-10,São Paulo,3550308,True,,32964,,,-23.7069005,-46.784399500000006,,,,2,2023-06-19T16:11:10+00:00
SAO_637R-10,São Paulo,3550308,True,,32964,,,-23.71969,-46.7694645,,,,2,2023-06-19T16:11:36+00:00
SAO_253F-10,São Paulo,3550308,True,,32926,,,-23.613302,-46.4764105,,,,2,2023-06-19T16:11:24+00:00
SAO_253F-10,São Paulo,3550308,True,,32926,,,-23.5178825,-46.475722000000005,,,,2,2023-06-19T16:11:39+00:00
SAO_253F-10,São Paulo,3550308,True,,32926,,,-23.613302,-46.4764105,,,,2,2023-06-19T16:11:28+00:00
SAO_253F-10,São Paulo,3550308,True,,32926,,,-23.528903,-46.454626,,,,2,2023-06-19T16:11:18+00:00
SAO_253F-10,São Paulo,3550308,True,,32926,,,-23.613674500000002,-46.4765145,,,,2,2023-06-19T16:11:39+00:00
SAO_253F-10,São Paulo,3550308,True,,32926,,,-23.613302,-46.4764105,,,,2,2023-06-19T16:11:06+00:00
SAO_253F-10,São Paulo,3550308,True,,32926,,,-23.5748715,-46.450795875,,,,2,2023-06-19T16:10:55+00:00
SAO_4312-10,São Paulo,3550308,True,,34940,,,-23.570552125,-46.489686875,,,,2,2023-06-19T16:11:37+00:00
SAO_4312-10,São Paulo,3550308,True,,34940,,,-23.53179125,-46.5233455,,,,2,2023-06-19T16:11:32+00:00
SAO_4312-10,São Paulo,3550308,True,,34940,,,-23.570552125,-46.489686875,,,,2,2023-06-19T16:11:28+00:00
SAO_4312-10,São Paulo,3550308,True,,34940,,,-23.56828075,-46.49451075,,,,2,2023-06-19T16:11:14+00:00
SAO_4312-10,São Paulo,3550308,True,,34940,,,-23.5572495,-46.495866500000005,,,,2,2023-06-19T16:11:11+00:00
SAO_4312-10,São Paulo,3550308,True,,34940,,,-23.541288,-46.5781875,,,,2,2023-06-19T16:11:22+00:00
SAO_4312-10,São Paulo,3550308,True,,34940,,,-23.570552125,-46.489686875,,,,2,2023-06-19T16:11:04+00:00
SAO_4312-10,São Paulo,3550308,True,,34940,,,-23.5473415,-46.629296499999995,,,,2,2023-06-19T16:11:07+00:00
SAO_874C-10,São Paulo,3550308,True,,33245,,,-23.547999625,-46.749278625,,,,2,2023-06-19T16:11:29+00:00
SAO_874C-10,São Paulo,3550308,True,,33245,,,-23.5378695,-46.708763250000004,,,,2,2023-06-19T16:11:39+00:00
SAO_874C-10,São Paulo,3550308,True,,33245,,,-23.546825,-46.7609525,,,,2,2023-06-19T16:11:13+00:00
SAO_874C-10,São Paulo,3550308,True,,33245,,,-23.535398,-46.719224999999994,,,,2,2023-06-19T16:11:42+00:00
SAO_874C-10,São Paulo,3550308,True,,33245,,,-23.5470875,-46.7607205,,,,2,2023-06-19T16:11:00+00:00
SAO_874C-10,São Paulo,3550308,True,,33245,,,-23.546622499999998,-46.761136,,,,2,2023-06-19T16:11:15+00:00
SAO_1767-10,São Paulo,3550308,True,,33396,,,-23.481293,-46.602469125,,,,2,2023-06-19T16:11:31+00:00
SAO_1767-10,São Paulo,3550308,True,,33396,,,-23.473826,-46.5661475,,,,2,2023-06-19T16:11:35+00:00
SAO_1767-10,São Paulo,3550308,True,,33396,,,-23.4735285,-46.5655225,,,,2,2023-06-19T16:11:26+00:00
SAO_1767-10,São Paulo,3550308,True,,33396,,,-23.482486,-46.565788999999995,,,,2,2023-06-19T16:08:15+00:00
SAO_1767-10,São Paulo,3550308,True,,33396,,,-23.4679285,-46.582962499999994,,,,2,2023-06-19T16:08:34+00:00
SAO_1767-10,São Paulo,3550308,True,,33396,,,-23.4735285,-46.5655225,,,,2,2023-06-19T16:11:25+00:00
SAO_3025-10,São Paulo,3550308,True,,961,,,-23.5774585,-46.3974935,,,,1,2023-06-19T16:11:14+00:00
SAO_3025-10,São Paulo,3550308,True,,961,,,-23.5704615,-46.4040185,,,,1,2023-06-19T16:11:12+00:00
SAO_3025-10,São Paulo,3550308,True,,961,,,-23.542544,-46.4158275,,,,1,2023-06-19T16:11:23+00:00
SAO_3025-10,São Paulo,3550308,True,,961,,,-23.5774585,-46.3974935,,,,1,2023-06-19T16:11:06+00:00
SAO_714C-10,São Paulo,3550308,True,,33255,,,-23.59487,-46.7786775,,,,2,2023-06-19T16:11:32+00:00
SAO_714C-10,São Paulo,3550308,True,,33255,,,-23.586415000000002,-46.757244,,,,2,2023-06-19T16:11:38+00:00
SAO_573A-10,São Paulo,3550308,True,,1637,,,-23.592154999999998,-46.5796895,,,,1,2023-06-19T16:11:19+00:00
SAO_573A-10,São Paulo,3550308,True,,1637,,,-23.548945,-46.60593862499999,,,,1,2023-06-19T16:11:07+00:00
SAO_573A-10,São Paulo,3550308,True,,1637,,,-23.603596,-46.5664725,,,,1,2023-06-19T16:11:26+00:00
SAO_573A-10,São Paulo,3550308,True,,1637,,,-23.605828000000002,-46.562696,,,,1,2023-06-19T16:10:39+00:00
SAO_573A-10,São Paulo,3550308,True,,1637,,,-23.573053,-46.5876305,,,,1,2023-06-19T16:07:08+00:00
SAO_4030-10,São Paulo,3550308,True,,1100,,,-23.567739500000002,-46.506986,,,,1,2023-06-19T16:11:44+00:00
SAO_4030-10,São Paulo,3550308,True,,1100,,,-23.621837999999997,-46.4884975,,,,1,2023-06-19T16:11:09+00:00
SAO_4030-10,São Paulo,3550308,True,,1100,,,-23.606188250000002,-46.4794665,,,,1,2023-06-19T16:11:02+00:00
SAO_4030-10,São Paulo,3550308,True,,1100,,,-23.61351225,-46.48577625,,,,1,2023-06-19T16:11:42+00:00
SAO_4030-10,São Paulo,3550308,True,,1100,,,-23.567818,-46.506119,,,,1,2023-06-19T16:11:10+00:00
SAO_4030-10,São Paulo,3550308,True,,1100,,,-23.612389999999998,-46.477115,,,,1,2023-06-19T16:11:24+00:00
SAO_1783-10,São Paulo,3550308,True,,644,,,-23.444349000000003,-46.5962965,,,,1,2023-06-19T16:11:02+00:00
SAO_1783-10,São Paulo,3550308,True,,644,,,-23.501943500000003,-46.6235805,,,,1,2023-06-19T16:11:01+00:00
SAO_1783-10,São Paulo,3550308,True,,644,,,-23.424508000000003,-46.590768499999996,,,,1,2023-06-19T16:11:32+00:00
SAO_1783-10,São Paulo,3550308,True,,644,,,-23.4865485,-46.61850575,,,,1,2023-06-19T16:10:46+00:00
SAO_3099-10,São Paulo,3550308,True,,1079,,,-23.6129015,-46.444473,,,,1,2023-06-19T16:11:14+00:00
SAO_3099-10,São Paulo,3550308,True,,1079,,,-23.615871499999997,-46.46024775,,,,1,2023-06-19T16:11:29+00:00
SAO_3099-10,São Paulo,3550308,True,,1079,,,-23.6129015,-46.444473,,,,1,2023-06-19T16:11:44+00:00
SAO_3099-10,São Paulo,3550308,True,,1079,,,-23.6129015,-46.444473,,,,1,2023-06-19T16:11:28+00:00
SAO_3099-10,São Paulo,3550308,True,,1079,,,-23.6126845,-46.4445915,,,,1,2023-06-19T16:11:00+00:00
SAO_3099-10,São Paulo,3550308,True,,1079,,,-23.606688,-46.442940500000006,,,,1,2023-06-19T16:11:02+00:00
SAO_3099-10,São Paulo,3550308,True,,1079,,,-23.5993785,-46.485246625,,,,1,2023-06-19T16:11:22+00:00
SAO_3099-10,São Paulo,3550308,True,,1079,,,-23.60538575,-46.480157999999996,,,,1,2023-06-19T16:11:27+00:00
SAO_695T-10,São Paulo,3550308,True,,34090,,,-23.597349,-46.65512,,,,2,2023-06-19T16:11:35+00:00
SAO_695T-10,São Paulo,3550308,True,,34090,,,-23.654127000000003,-46.762448000000006,,,,2,2023-06-19T16:11:43+00:00
SAO_695T-10,São Paulo,3550308,True,,34090,,,-23.6542305,-46.7623055,,,,2,2023-06-19T16:09:56+00:00
SAO_695T-10,São Paulo,3550308,True,,34090,,,-23.644823000000002,-46.71825025,,,,2,2023-06-19T16:11:01+00:00
SAO_695T-10,São Paulo,3550308,True,,34090,,,-23.598519,-46.64123775,,,,2,2023-06-19T16:11:28+00:00
SAO_695T-10,São Paulo,3550308,True,,34090,,,-23.6546575,-46.761719,,,,2,2023-06-19T16:11:15+00:00
SAO_695T-10,São Paulo,3550308,True,,34090,,,-23.5896805,-46.6340555,,,,2,2023-06-19T16:11:01+00:00
SAO_695T-10,São Paulo,3550308,True,,34090,,,-23.642476000000002,-46.738743,,,,2,2023-06-19T16:11:29+00:00
SAO_695T-10,São Paulo,3550308,True,,34090,,,-23.654408500000002,-46.762060999999996,,,,2,2023-06-19T16:11:36+00:00
SAO_695T-10,São Paulo,3550308,True,,34090,,,-23.6546255,-46.761425,,,,2,2023-06-19T16:11:38+00:00
SAO_695T-10,São Paulo,3550308,True,,34090,,,-23.62440625,-46.6818555,,,,2,2023-06-19T16:11:37+00:00
SAO_607C-10,São Paulo,3550308,True,,1977,,,-23.6810715,-46.6383405,,,,1,2023-06-19T16:07:43+00:00
SAO_607C-10,São Paulo,3550308,True,,1977,,,-23.6896565,-46.635254,,,,1,2023-06-19T16:09:58+00:00
SAO_607C-10,São Paulo,3550308,True,,1977,,,-23.6896565,-46.635254,,,,1,2023-06-19T16:11:19+00:00
SAO_607C-10,São Paulo,3550308,True,,1977,,,-23.679908500000003,-46.63957275,,,,1,2023-06-19T16:11:33+00:00
SAO_607C-10,São Paulo,3550308,True,,1977,,,-23.590073500000003,-46.687458,,,,1,2023-06-19T16:11:36+00:00
SAO_607C-10,São Paulo,3550308,True,,1977,,,-23.6896565,-46.635254,,,,1,2023-06-19T16:11:05+00:00
SAO_607C-10,São Paulo,3550308,True,,1977,,,-23.6896565,-46.635254,,,,1,2023-06-19T16:11:22+00:00
SAO_607C-10,São Paulo,3550308,True,,1977,,,-23.6896565,-46.635254,,,,1,2023-06-19T16:11:35+00:00
SAO_607C-10,São Paulo,3550308,True,,1977,,,-23.6896565,-46.635254,,,,1,2023-06-19T16:11:00+00:00
SAO_607C-10,São Paulo,3550308,True,,1977,,,-23.592902000000002,-46.689128,,,,1,2023-06-19T16:11:12+00:00
SAO_607C-10,São Paulo,3550308,True,,1977,,,-23.636060625,-46.677831250000004,,,,1,2023-06-19T16:11:14+00:00
SAO_607C-10,São Paulo,3550308,True,,1977,,,-23.6896565,-46.635254,,,,1,2023-06-19T16:11:12+00:00
SAO_607C-10,São Paulo,3550308,True,,1977,,,-23.62459425,-46.694126,,,,1,2023-06-19T16:11:20+00:00
SAO_607C-10,São Paulo,3550308,True,,1977,,,-23.6570055,-46.664944500000004,,,,1,2023-06-19T16:11:18+00:00
SAO_607C-10,São Paulo,3550308,True,,1977,,,-23.6616485,-46.662394500000005,,,,1,2023-06-19T16:11:38+00:00
SAO_607C-10,São Paulo,3550308,True,,1977,,,-23.60643825,-46.693220499999995,,,,1,2023-06-19T16:11:37+00:00
SAO_875C-10,São Paulo,3550308,True,,33246,,,-23.59134725,-46.67257425,,,,2,2023-06-19T16:11:35+00:00
SAO_875C-10,São Paulo,3550308,True,,33246,,,-23.56120525,-46.6949085,,,,2,2023-06-19T16:11:46+00:00
SAO_875C-10,São Paulo,3550308,True,,33246,,,-23.566470000000002,-46.694267499999995,,,,2,2023-06-19T16:11:43+00:00
SAO_875C-10,São Paulo,3550308,True,,33246,,,-23.521814749999997,-46.699096,,,,2,2023-06-19T16:11:32+00:00
SAO_875C-10,São Paulo,3550308,True,,33246,,,-23.5952585,-46.67048475,,,,2,2023-06-19T16:11:30+00:00
SAO_875C-10,São Paulo,3550308,True,,33246,,,-23.52012,-46.6994665,,,,2,2023-06-19T16:11:43+00:00
SAO_875C-10,São Paulo,3550308,True,,33246,,,-23.585621000000003,-46.670804000000004,,,,2,2023-06-19T16:11:23+00:00
SAO_875C-10,São Paulo,3550308,True,,33246,,,-23.5816995,-46.6840755,,,,2,2023-06-19T16:11:34+00:00
SAO_875C-10,São Paulo,3550308,True,,33246,,,-23.57410625,-46.688723499999995,,,,2,2023-06-19T16:11:23+00:00
SAO_875C-10,São Paulo,3550308,True,,33246,,,-23.5201025,-46.700795,,,,2,2023-06-19T16:11:22+00:00
SAO_875C-10,São Paulo,3550308,True,,33246,,,-23.546542000000002,-46.71301425,,,,2,2023-06-19T16:11:31+00:00
SAO_875C-10,São Paulo,3550308,True,,33246,,,-23.527918999999997,-46.7097415,,,,2,2023-06-19T16:11:38+00:00
SAO_6078-10,São Paulo,3550308,True,,1166,,,-23.7563855,-46.667607000000004,,,,1,2023-06-19T16:11:04+00:00
SAO_6078-10,São Paulo,3550308,True,,1166,,,-23.75324375,-46.685306,,,,1,2023-06-19T16:11:09+00:00
SAO_6078-10,São Paulo,3550308,True,,1166,,,-23.741594499999998,-46.660188500000004,,,,1,2023-06-19T16:11:27+00:00
SAO_6078-10,São Paulo,3550308,True,,1166,,,-23.732933,-46.696845499999995,,,,1,2023-06-19T16:11:46+00:00
SAO_6078-10,São Paulo,3550308,True,,1166,,,-23.68648425,-46.6938545,,,,1,2023-06-19T16:11:13+00:00
SAO_6078-10,São Paulo,3550308,True,,1166,,,-23.71159725,-46.699049,,,,1,2023-06-19T16:11:26+00:00
SAO_5757-51,São Paulo,3550308,True,,34744,,,-23.6769795,-46.641791,,,,2,2023-06-19T16:11:38+00:00
SAO_5757-51,São Paulo,3550308,True,,34744,,,-23.707351,-46.641422000000006,,,,2,2023-06-19T16:11:30+00:00
SAO_5757-51,São Paulo,3550308,True,,34744,,,-23.668091375,-46.65212725,,,,2,2023-06-19T16:11:27+00:00
SAO_5757-51,São Paulo,3550308,True,,34744,,,-23.635112499999998,-46.640995000000004,,,,2,2023-06-19T16:11:41+00:00
SAO_5757-51,São Paulo,3550308,True,,34744,,,-23.6481245,-46.645818500000004,,,,2,2023-06-19T16:11:23+00:00
SAO_5757-51,São Paulo,3550308,True,,34744,,,-23.678186,-46.6411755,,,,2,2023-06-19T16:11:37+00:00
SAO_5757-51,São Paulo,3550308,True,,34744,,,-23.6835835,-46.634378999999996,,,,2,2023-06-19T16:11:27+00:00
SAO_5757-51,São Paulo,3550308,True,,34744,,,-23.635112499999998,-46.640995000000004,,,,2,2023-06-19T16:11:45+00:00
SAO_5362-10,São Paulo,3550308,True,,32838,,,-23.580048750000003,-46.6483425,,,,2,2023-06-19T16:11:20+00:00
SAO_5362-10,São Paulo,3550308,True,,32838,,,-23.6758155,-46.712479,,,,2,2023-06-19T16:11:31+00:00
SAO_5362-10,São Paulo,3550308,True,,32838,,,-23.600362625000002,-46.659273,,,,2,2023-06-19T16:11:19+00:00
SAO_5362-10,São Paulo,3550308,True,,32838,,,-23.728037999999998,-46.69929475,,,,2,2023-06-19T16:11:05+00:00
SAO_5362-10,São Paulo,3550308,True,,32838,,,-23.7448975,-46.6722405,,,,2,2023-06-19T16:11:29+00:00
SAO_5362-10,São Paulo,3550308,True,,32838,,,-23.6881275,-46.71470775,,,,2,2023-06-19T16:11:36+00:00
SAO_5362-10,São Paulo,3550308,True,,32838,,,-23.7546125,-46.6740805,,,,2,2023-06-19T16:11:34+00:00
SAO_5362-10,São Paulo,3550308,True,,32838,,,-23.683197,-46.7144435,,,,2,2023-06-19T16:11:28+00:00
SAO_5362-10,São Paulo,3550308,True,,32838,,,-23.612731000000004,-46.67087775,,,,2,2023-06-19T16:11:12+00:00
SAO_5362-10,São Paulo,3550308,True,,32838,,,-23.56906825,-46.640890999999996,,,,2,2023-06-19T16:11:42+00:00
SAO_507T-10,São Paulo,3550308,True,,34976,,,-23.54760875,-46.539715,,,,2,2023-06-19T16:11:12+00:00
SAO_507T-10,São Paulo,3550308,True,,34976,,,-23.6139405,-46.501206499999995,,,,2,2023-06-19T16:11:41+00:00
SAO_507T-10,São Paulo,3550308,True,,34976,,,-23.5909755,-46.50156575,,,,2,2023-06-19T16:11:11+00:00
SAO_507T-10,São Paulo,3550308,True,,34976,,,-23.5371325,-46.558893999999995,,,,2,2023-06-19T16:11:26+00:00
SAO_507T-10,São Paulo,3550308,True,,34976,,,-23.613898499999998,-46.5016255,,,,2,2023-06-19T16:11:27+00:00
SAO_507T-10,São Paulo,3550308,True,,34976,,,-23.53726475,-46.559556375,,,,2,2023-06-19T16:11:28+00:00
SAO_507T-10,São Paulo,3550308,True,,34976,,,-23.581445,-46.518536999999995,,,,2,2023-06-19T16:08:15+00:00
SAO_507T-10,São Paulo,3550308,True,,34976,,,-23.565397,-46.512668250000004,,,,2,2023-06-19T16:11:29+00:00
SAO_8055-10,São Paulo,3550308,True,,33182,,,-23.408318,-46.7415825,,,,2,2023-06-19T16:11:22+00:00
SAO_8055-10,São Paulo,3550308,True,,33182,,,-23.408328,-46.741003,,,,2,2023-06-19T16:11:32+00:00
SAO_8055-10,São Paulo,3550308,True,,33182,,,-23.460252250000003,-46.78180775,,,,2,2023-06-19T16:11:31+00:00
SAO_8055-10,São Paulo,3550308,True,,33182,,,-23.515031,-46.726015000000004,,,,2,2023-06-19T16:11:22+00:00
SAO_8055-10,São Paulo,3550308,True,,33182,,,-23.407032,-46.758294,,,,2,2023-06-19T16:11:01+00:00
SAO_6115-10,São Paulo,3550308,True,,1185,,,-23.748095499999998,-46.68762275,,,,1,2023-06-19T16:11:14+00:00
SAO_6115-10,São Paulo,3550308,True,,1185,,,-23.7425925,-46.662287500000005,,,,1,2023-06-19T16:11:34+00:00
SAO_6115-10,São Paulo,3550308,True,,1185,,,-23.7363815,-46.696515000000005,,,,1,2023-06-19T16:11:31+00:00
SAO_6115-10,São Paulo,3550308,True,,1185,,,-23.756162,-46.670415000000006,,,,1,2023-06-19T16:11:45+00:00
SAO_6115-10,São Paulo,3550308,True,,1185,,,-23.742846999999998,-46.6583395,,,,1,2023-06-19T16:11:06+00:00
SAO_5038-10,São Paulo,3550308,True,,34429,,,-23.652486500000002,-46.601986999999994,,,,2,2023-06-19T16:11:30+00:00
SAO_5038-10,São Paulo,3550308,True,,34429,,,-23.652486500000002,-46.601986999999994,,,,2,2023-06-19T16:11:45+00:00
SAO_5038-10,São Paulo,3550308,True,,34429,,,-23.6540695,-46.6020625,,,,2,2023-06-19T16:11:20+00:00
SAO_5038-10,São Paulo,3550308,True,,34429,,,-23.653293500000004,-46.602455000000006,,,,2,2023-06-19T16:11:07+00:00
SAO_5038-10,São Paulo,3550308,True,,34429,,,-23.6186955,-46.601816,,,,2,2023-06-19T16:11:23+00:00
SAO_5038-10,São Paulo,3550308,True,,34429,,,-23.645873,-46.608272,,,,2,2023-06-19T16:11:33+00:00
SAO_7016-10,São Paulo,3550308,True,,34886,,,-23.6886205,-46.77281625,,,,2,2023-06-19T16:11:25+00:00
SAO_7016-10,São Paulo,3550308,True,,34886,,,-23.6865205,-46.769662,,,,2,2023-06-19T16:11:38+00:00
SAO_7016-10,São Paulo,3550308,True,,34886,,,-23.688785,-46.764789,,,,2,2023-06-19T16:11:20+00:00
SAO_7016-10,São Paulo,3550308,True,,34886,,,-23.688399500000003,-46.77262075,,,,2,2023-06-19T16:11:28+00:00
SAO_1765-10,São Paulo,3550308,True,,34550,,,-23.467372,-46.568509750000004,,,,2,2023-06-19T16:11:08+00:00
SAO_1765-10,São Paulo,3550308,True,,34550,,,-23.467172,-46.56877125,,,,2,2023-06-19T16:11:40+00:00
SAO_1765-10,São Paulo,3550308,True,,34550,,,-23.4717235,-46.582974,,,,2,2023-06-19T16:11:37+00:00
SAO_3459-10,São Paulo,3550308,True,,33170,,,-23.547625500000002,-46.629791499999996,,,,2,2023-06-19T16:11:16+00:00
SAO_3459-10,São Paulo,3550308,True,,33170,,,-23.551203125,-46.6081035,,,,2,2023-06-19T16:11:36+00:00
SAO_3459-10,São Paulo,3550308,True,,33170,,,-23.53427725,-46.544287,,,,2,2023-06-19T16:11:09+00:00
SAO_3459-10,São Paulo,3550308,True,,33170,,,-23.513862125,-46.44778049999999,,,,2,2023-06-19T16:05:46+00:00
SAO_3459-10,São Paulo,3550308,True,,33170,,,-23.516592250000002,-46.38541575,,,,2,2023-06-19T16:11:28+00:00
SAO_3459-10,São Paulo,3550308,True,,33170,,,-23.51774125,-46.46879725,,,,2,2023-06-19T16:11:38+00:00
SAO_3459-10,São Paulo,3550308,True,,33170,,,-23.547625500000002,-46.629791499999996,,,,2,2023-06-19T16:11:35+00:00
SAO_3459-10,São Paulo,3550308,True,,33170,,,-23.547625500000002,-46.629791499999996,,,,2,2023-06-19T16:11:28+00:00
SAO_3459-10,São Paulo,3550308,True,,33170,,,-23.516686749999998,-46.38517525,,,,2,2023-06-19T16:06:02+00:00
SAO_3459-10,São Paulo,3550308,True,,33170,,,-23.522598249999998,-46.524493500000005,,,,2,2023-06-19T16:11:00+00:00
SAO_3459-10,São Paulo,3550308,True,,33170,,,-23.4934105,-46.441667,,,,2,2023-06-19T16:08:20+00:00
SAO_3459-10,São Paulo,3550308,True,,33170,,,-23.547625500000002,-46.629791499999996,,,,2,2023-06-19T16:11:08+00:00
SAO_3459-10,São Paulo,3550308,True,,33170,,,-23.494272,-46.422543875,,,,2,2023-06-19T16:10:59+00:00
SAO_3459-10,São Paulo,3550308,True,,33170,,,-23.547625500000002,-46.629791499999996,,,,2,2023-06-19T16:11:14+00:00
SAO_3459-10,São Paulo,3550308,True,,33170,,,-23.5165205,-46.385602000000006,,,,2,2023-06-19T16:11:17+00:00
SAO_3459-10,São Paulo,3550308,True,,33170,,,-23.514777000000002,-46.4974455,,,,2,2023-06-19T16:11:23+00:00
SAO_3459-10,São Paulo,3550308,True,,33170,,,-23.516762,-46.384977500000005,,,,2,2023-06-19T16:11:36+00:00
SAO_3459-10,São Paulo,3550308,True,,33170,,,-23.547625500000002,-46.629791499999996,,,,2,2023-06-19T16:11:27+00:00
SAO_3459-10,São Paulo,3550308,True,,33170,,,-23.494939,-46.411469,,,,2,2023-06-19T16:11:40+00:00
SAO_3459-10,São Paulo,3550308,True,,33170,,,-23.547625500000002,-46.629791499999996,,,,2,2023-06-19T16:11:16+00:00
SAO_3459-10,São Paulo,3550308,True,,33170,,,-23.547625500000002,-46.629791499999996,,,,2,2023-06-19T16:11:16+00:00
SAO_3459-10,São Paulo,3550308,True,,33170,,,-23.500842,-46.401463,,,,2,2023-06-19T16:11:19+00:00
SAO_3459-10,São Paulo,3550308,True,,33170,,,-23.516849999999998,-46.3847265,,,,2,2023-06-19T16:11:39+00:00
SAO_3459-10,São Paulo,3550308,True,,33170,,,-23.541219499999997,-46.577991499999996,,,,2,2023-06-19T16:11:31+00:00
SAO_3459-10,São Paulo,3550308,True,,33170,,,-23.5385525,-46.564919,,,,2,2023-06-19T16:08:19+00:00
SAO_3459-10,São Paulo,3550308,True,,33170,,,-23.547625500000002,-46.629791499999996,,,,2,2023-06-19T16:11:37+00:00
SAO_8548-10,São Paulo,3550308,True,EMTU,578,https://moovitapp.com/index/pt-br/transporte_p%C3%BAblico-line-578-Sao_Paulo-242-2038937-36419568-0,5.4,-23.502363,-46.6943665,,,,1,2023-06-19T16:11:42+00:00
SAO_8548-10,São Paulo,3550308,True,EMTU,578,https://moovitapp.com/index/pt-br/transporte_p%C3%BAblico-line-578-Sao_Paulo-242-2038937-36419568-0,5.4,-23.43645,-46.71763787500001,,,,1,2023-06-19T16:11:37+00:00
SAO_8548-10,São Paulo,3550308,True,EMTU,578,https://moovitapp.com/index/pt-br/transporte_p%C3%BAblico-line-578-Sao_Paulo-242-2038937-36419568-0,5.4,-23.5195885,-46.700672,,,,1,2023-06-19T16:11:31+00:00
SAO_6051-10,São Paulo,3550308,True,,1143,,,-23.762195499999997,-46.689149,,,,1,2023-06-19T16:11:38+00:00
SAO_8038-10,São Paulo,3550308,True,,797,,,-23.5351485,-46.760891,,,,1,2023-06-19T16:11:17+00:00
SAO_8038-10,São Paulo,3550308,True,,797,,,-23.5351485,-46.760891,,,,1,2023-06-19T16:11:37+00:00
SAO_8038-10,São Paulo,3550308,True,,797,,,-23.542227999999998,-46.757005750000005,,,,1,2023-06-19T16:11:34+00:00
SAO_8038-10,São Paulo,3550308,True,,797,,,-23.51957075,-46.703840375,,,,1,2023-06-19T16:11:33+00:00
SAO_8038-10,São Paulo,3550308,True,,797,,,-23.524615500000003,-46.707330625,,,,1,2023-06-19T16:11:10+00:00
SAO_8038-10,São Paulo,3550308,True,,797,,,-23.544427,-46.7330385,,,,1,2023-06-19T16:11:30+00:00
SAO_8038-10,São Paulo,3550308,True,,797,,,-23.5416865,-46.746815999999995,,,,1,2023-06-19T16:11:36+00:00
SAO_695X-10,São Paulo,3550308,True,,1441,,,-23.71159725,-46.699049,,,,1,2023-06-19T16:09:15+00:00
SAO_695X-10,São Paulo,3550308,True,,1441,,,-23.767062,-46.7161295,,,,1,2023-06-19T16:11:24+00:00
SAO_695X-10,São Paulo,3550308,True,,1441,,,-23.751314999999998,-46.710595999999995,,,,1,2023-06-19T16:11:13+00:00
SAO_695X-10,São Paulo,3550308,True,,1441,,,-23.6553215,-46.6797525,,,,1,2023-06-19T16:11:15+00:00
SAO_695X-10,São Paulo,3550308,True,,1441,,,-23.767062,-46.7161295,,,,1,2023-06-19T16:11:39+00:00
SAO_695X-10,São Paulo,3550308,True,,1441,,,-23.640195499999997,-46.6736925,,,,1,2023-06-19T16:11:13+00:00
SAO_695X-10,São Paulo,3550308,True,,1441,,,-23.6784805,-46.684785500000004,,,,1,2023-06-19T16:11:12+00:00
SAO_695X-10,São Paulo,3550308,True,,1441,,,-23.728143000000003,-46.699055,,,,1,2023-06-19T16:11:35+00:00
SAO_695X-10,São Paulo,3550308,True,,1441,,,-23.767062,-46.7161295,,,,1,2023-06-19T16:11:12+00:00
SAO_695X-10,São Paulo,3550308,True,,1441,,,-23.642812874999997,-46.651832,,,,1,2023-06-19T16:11:35+00:00
SAO_4725-10,São Paulo,3550308,True,,33106,,,-23.60616375,-46.653445500000004,,,,2,2023-06-19T16:11:42+00:00
SAO_4725-10,São Paulo,3550308,True,,33106,,,-23.611677750000002,-46.62877,,,,2,2023-06-19T16:11:05+00:00
SAO_4725-10,São Paulo,3550308,True,,33106,,,-23.633415499999998,-46.613836500000005,,,,2,2023-06-19T16:11:13+00:00
SAO_4725-10,São Paulo,3550308,True,,33106,,,-23.6335525,-46.6141865,,,,2,2023-06-19T16:11:34+00:00
SAO_8707-10,São Paulo,3550308,True,,2064,,,-23.571202,-46.691386,,,,1,2023-06-19T16:11:39+00:00
SAO_8707-10,São Paulo,3550308,True,,2064,,,-23.580994999999998,-46.762479,,,,1,2023-06-19T16:11:31+00:00
SAO_8707-10,São Paulo,3550308,True,,2064,,,-23.5631055,-46.747722499999995,,,,1,2023-06-19T16:11:45+00:00
SAO_8707-10,São Paulo,3550308,True,,2064,,,-23.53471425,-46.64500699999999,,,,1,2023-06-19T16:11:28+00:00
SAO_8707-10,São Paulo,3550308,True,,2064,,,-23.5489345,-46.651877,,,,1,2023-06-19T16:11:25+00:00
SAO_8707-10,São Paulo,3550308,True,,2064,,,-23.53506275,-46.644746999999995,,,,1,2023-06-19T16:11:27+00:00
SAO_2727-10,São Paulo,3550308,True,,33710,,,-23.539995499999996,-46.482319125,,,,2,2023-06-19T16:11:22+00:00
SAO_2727-10,São Paulo,3550308,True,,33710,,,-23.534451249999996,-46.467269625,,,,2,2023-06-19T16:11:40+00:00
SAO_2727-10,São Paulo,3550308,True,,33710,,,-23.521929,-46.4574135,,,,2,2023-06-19T16:11:30+00:00
SAO_2727-10,São Paulo,3550308,True,,33710,,,-23.540062499999998,-46.482594375,,,,2,2023-06-19T16:11:13+00:00
SAO_2727-10,São Paulo,3550308,True,,33710,,,-23.539938499999998,-46.482815,,,,2,2023-06-19T16:11:18+00:00
SAO_745M-21,São Paulo,3550308,True,,1984,,,-23.630615499999998,-46.768413,,,,1,2023-06-19T16:11:25+00:00
SAO_745M-21,São Paulo,3550308,True,,1984,,,-23.63570775,-46.7767165,,,,1,2023-06-19T16:11:33+00:00
SAO_745M-21,São Paulo,3550308,True,,1984,,,-23.659925625,-46.773087000000004,,,,1,2023-06-19T16:11:30+00:00
SAO_745M-21,São Paulo,3550308,True,,1984,,,-23.661292375,-46.764638375000004,,,,1,2023-06-19T16:11:44+00:00
SAO_6970-10,São Paulo,3550308,True,,1505,,,-23.737581499999997,-46.697899500000005,,,,1,2023-06-19T16:10:58+00:00
SAO_6970-10,São Paulo,3550308,True,,1505,,,-23.737581499999997,-46.697899500000005,,,,1,2023-06-19T16:11:16+00:00
SAO_6970-10,São Paulo,3550308,True,,1505,,,-23.6568985,-46.71763925,,,,1,2023-06-19T16:11:22+00:00
SAO_6970-10,São Paulo,3550308,True,,1505,,,-23.737581499999997,-46.697899500000005,,,,1,2023-06-19T16:11:41+00:00
SAO_6970-10,São Paulo,3550308,True,,1505,,,-23.737581499999997,-46.697899500000005,,,,1,2023-06-19T16:11:14+00:00
SAO_6970-10,São Paulo,3550308,True,,1505,,,-23.737581499999997,-46.697899500000005,,,,1,2023-06-19T16:11:21+00:00
SAO_6970-10,São Paulo,3550308,True,,1505,,,-23.71413125,-46.70804875,,,,1,2023-06-19T16:11:38+00:00
SAO_5318-10,São Paulo,3550308,True,,32813,,,-23.665154625,-46.753176499999995,,,,2,2023-06-19T16:11:11+00:00
SAO_5318-10,São Paulo,3550308,True,,32813,,,-23.667127999999998,-46.751767,,,,2,2023-06-19T16:11:45+00:00
SAO_5318-10,São Paulo,3550308,True,,32813,,,-23.62020275,-46.67793424999999,,,,2,2023-06-19T16:11:43+00:00
SAO_5318-10,São Paulo,3550308,True,,32813,,,-23.576215,-46.6429615,,,,2,2023-06-19T16:11:43+00:00
SAO_5318-10,São Paulo,3550308,True,,32813,,,-23.581427750000003,-46.6578325,,,,2,2023-06-19T16:11:27+00:00
SAO_5318-10,São Paulo,3550308,True,,32813,,,-23.598992375,-46.657950937500004,,,,2,2023-06-19T16:11:18+00:00
SAO_5318-10,São Paulo,3550308,True,,32813,,,-23.5504935,-46.635271,,,,2,2023-06-19T16:11:16+00:00
SAO_5318-10,São Paulo,3550308,True,,32813,,,-23.6326355,-46.7109915,,,,2,2023-06-19T16:11:19+00:00
SAO_5318-10,São Paulo,3550308,True,,32813,,,-23.605938000000002,-46.6645205,,,,2,2023-06-19T16:11:44+00:00
SAO_5318-10,São Paulo,3550308,True,,32813,,,-23.617217375000003,-46.675102249999995,,,,2,2023-06-19T16:11:39+00:00
SAO_6115-10,São Paulo,3550308,True,,33953,,,-23.7516085,-46.666262,,,,2,2023-06-19T16:11:43+00:00
SAO_6115-10,São Paulo,3550308,True,,33953,,,-23.7427695,-46.6586195,,,,2,2023-06-19T16:11:23+00:00
SAO_6115-10,São Paulo,3550308,True,,33953,,,-23.7410455,-46.69155675,,,,2,2023-06-19T16:11:32+00:00
SAO_6115-10,São Paulo,3550308,True,,33953,,,-23.742746,-46.6587425,,,,2,2023-06-19T16:11:27+00:00
SAO_6115-10,São Paulo,3550308,True,,33953,,,-23.74273625,-46.65895075,,,,2,2023-06-19T16:11:16+00:00
SAO_6115-10,São Paulo,3550308,True,,33953,,,-23.7427695,-46.6586195,,,,2,2023-06-19T16:11:19+00:00
SAO_6115-10,São Paulo,3550308,True,,33953,,,-23.736796499999997,-46.696856,,,,2,2023-06-19T16:11:16+00:00
SAO_6115-10,São Paulo,3550308,True,,33953,,,-23.75324375,-46.685306,,,,2,2023-06-19T16:11:32+00:00
SAO_6074-10,São Paulo,3550308,True,,33929,,,-23.7425605,-46.669598,,,,2,2023-06-19T16:11:16+00:00
SAO_6074-10,São Paulo,3550308,True,,33929,,,-23.7349645,-46.6641195,,,,2,2023-06-19T16:11:36+00:00
SAO_6074-10,São Paulo,3550308,True,,33929,,,-23.7126865,-46.698653,,,,2,2023-06-19T16:11:18+00:00
SAO_6074-10,São Paulo,3550308,True,,33929,,,-23.734747,-46.664041999999995,,,,2,2023-06-19T16:11:27+00:00
SAO_6074-10,São Paulo,3550308,True,,33929,,,-23.7193395,-46.698786,,,,2,2023-06-19T16:11:29+00:00
SAO_6074-10,São Paulo,3550308,True,,33929,,,-23.744211749999998,-46.664820750000004,,,,2,2023-06-19T16:11:38+00:00
SAO_6074-10,São Paulo,3550308,True,,33929,,,-23.6827845,-46.6933805,,,,2,2023-06-19T16:11:25+00:00
SAO_6074-10,São Paulo,3550308,True,,33929,,,-23.7410455,-46.69155675,,,,2,2023-06-19T16:11:42+00:00
SAO_6074-10,São Paulo,3550308,True,,33929,,,-23.751979,-46.6664275,,,,2,2023-06-19T16:11:33+00:00
SAO_6074-10,São Paulo,3550308,True,,33929,,,-23.6775605,-46.701477,,,,2,2023-06-19T16:11:27+00:00
SAO_8194-10,São Paulo,3550308,True,,33573,,,-23.432543,-46.724050500000004,,,,2,2023-06-19T16:11:25+00:00
SAO_8194-10,São Paulo,3550308,True,,33573,,,-23.4140175,-46.750341500000005,,,,2,2023-06-19T16:11:02+00:00
SAO_8194-10,São Paulo,3550308,True,,33573,,,-23.4140175,-46.750341500000005,,,,2,2023-06-19T16:11:04+00:00
SAO_8194-10,São Paulo,3550308,True,,33573,,,-23.403503,-46.7530515,,,,2,2023-06-19T16:11:24+00:00
SAO_8194-10,São Paulo,3550308,True,,33573,,,-23.405450000000002,-46.7349175,,,,2,2023-06-19T16:11:39+00:00
SAO_8194-10,São Paulo,3550308,True,,33573,,,-23.4629595,-46.682823,,,,2,2023-06-19T16:11:06+00:00
SAO_8194-10,São Paulo,3550308,True,,33573,,,-23.413612999999998,-46.7500975,,,,2,2023-06-19T16:11:33+00:00
SAO_5791-10,São Paulo,3550308,True,,607,,,-23.567341125,-46.63987575,,,,1,2023-06-19T16:11:06+00:00
SAO_5791-10,São Paulo,3550308,True,,607,,,-23.696703499999998,-46.635645999999994,,,,1,2023-06-19T16:11:17+00:00
SAO_5791-10,São Paulo,3550308,True,,607,,,-23.567601,-46.6399165,,,,1,2023-06-19T16:11:02+00:00
SAO_5791-10,São Paulo,3550308,True,,607,,,-23.6274845,-46.642675,,,,1,2023-06-19T16:11:22+00:00
SAO_5791-10,São Paulo,3550308,True,,607,,,-23.567601,-46.6399165,,,,1,2023-06-19T16:11:27+00:00
SAO_5791-10,São Paulo,3550308,True,,607,,,-23.602351749999997,-46.636635,,,,1,2023-06-19T16:11:16+00:00
SAO_5791-10,São Paulo,3550308,True,,607,,,-23.679189,-46.6308415,,,,1,2023-06-19T16:11:29+00:00
SAO_5791-10,São Paulo,3550308,True,,607,,,-23.646867999999998,-46.6402595,,,,1,2023-06-19T16:11:36+00:00
SAO_5791-10,São Paulo,3550308,True,,607,,,-23.71619,-46.62593,,,,1,2023-06-19T16:11:17+00:00
SAO_5791-10,São Paulo,3550308,True,,607,,,-23.69990325,-46.6443075,,,,1,2023-06-19T16:11:42+00:00
SAO_5791-10,São Paulo,3550308,True,,607,,,-23.5679095,-46.639962499999996,,,,1,2023-06-19T16:11:42+00:00
SAO_4006-10,São Paulo,3550308,True,,2180,,,-23.598551999999998,-46.437643,,,,1,2023-06-19T16:11:03+00:00
SAO_574A-10,São Paulo,3550308,True,Rápido Campinas,602,https://moovitapp.com/index/pt-br/transporte_p%C3%BAblico-line-602-Sao_Paulo-242-858660-638986-0,5.3,-23.566694,-46.618024500000004,,,,1,2023-06-19T16:11:20+00:00
SAO_574A-10,São Paulo,3550308,True,Rápido Campinas,602,https://moovitapp.com/index/pt-br/transporte_p%C3%BAblico-line-602-Sao_Paulo-242-858660-638986-0,5.3,-23.5878095,-46.6295035,,,,1,2023-06-19T16:11:21+00:00
SAO_574A-10,São Paulo,3550308,True,Rápido Campinas,602,https://moovitapp.com/index/pt-br/transporte_p%C3%BAblico-line-602-Sao_Paulo-242-858660-638986-0,5.3,-23.668036,-46.642516,,,,1,2023-06-19T16:11:09+00:00
SAO_574A-10,São Paulo,3550308,True,Rápido Campinas,602,https://moovitapp.com/index/pt-br/transporte_p%C3%BAblico-line-602-Sao_Paulo-242-858660-638986-0,5.3,-23.633386750000003,-46.644197625000004,,,,1,2023-06-19T16:11:24+00:00
SAO_574A-10,São Paulo,3550308,True,Rápido Campinas,602,https://moovitapp.com/index/pt-br/transporte_p%C3%BAblico-line-602-Sao_Paulo-242-858660-638986-0,5.3,-23.565824375,-46.613998124999995,,,,1,2023-06-19T16:11:36+00:00
SAO_574A-10,São Paulo,3550308,True,Rápido Campinas,602,https://moovitapp.com/index/pt-br/transporte_p%C3%BAblico-line-602-Sao_Paulo-242-858660-638986-0,5.3,-23.625718499999998,-46.6407605,,,,1,2023-06-19T16:08:08+00:00
SAO_574A-10,São Paulo,3550308,True,Rápido Campinas,602,https://moovitapp.com/index/pt-br/transporte_p%C3%BAblico-line-602-Sao_Paulo-242-858660-638986-0,5.3,-23.6683785,-46.642662,,,,1,2023-06-19T16:11:37+00:00
SAO_407L-10,São Paulo,3550308,True,,2199,,,-23.588015,-46.396187999999995,,,,1,2023-06-19T16:11:26+00:00
SAO_407L-10,São Paulo,3550308,True,,2199,,,-23.54239425,-46.41653925,,,,1,2023-06-19T16:11:30+00:00
SAO_407L-10,São Paulo,3550308,True,,2199,,,-23.533840499999997,-46.457106499999995,,,,1,2023-06-19T16:11:06+00:00
SAO_407L-10,São Paulo,3550308,True,,2199,,,-23.590169500000002,-46.3950145,,,,1,2023-06-19T16:11:18+00:00
SAO_407L-10,São Paulo,3550308,True,,2199,,,-23.568312,-46.416206,,,,1,2023-06-19T16:11:03+00:00
SAO_407L-10,São Paulo,3550308,True,,2199,,,-23.57984625,-46.401276249999995,,,,1,2023-06-19T16:11:16+00:00
SAO_407L-10,São Paulo,3550308,True,,2199,,,-23.528529,-46.5160515,,,,1,2023-06-19T16:11:12+00:00
SAO_407L-10,São Paulo,3550308,True,,2199,,,-23.536605,-46.473316,,,,1,2023-06-19T16:10:13+00:00
SAO_407L-10,São Paulo,3550308,True,,2199,,,-23.575135500000002,-46.416045,,,,1,2023-06-19T16:08:25+00:00
SAO_407L-10,São Paulo,3550308,True,,2199,,,-23.533719124999998,-46.44977075,,,,1,2023-06-19T16:11:36+00:00
SAO_4313-10,São Paulo,3550308,True,,34941,,,-23.583091000000003,-46.4080965,,,,2,2023-06-19T16:11:16+00:00
SAO_4313-10,São Paulo,3550308,True,,34941,,,-23.5790215,-46.495393,,,,2,2023-06-19T16:11:19+00:00
SAO_4313-10,São Paulo,3550308,True,,34941,,,-23.580627999999997,-46.411226,,,,2,2023-06-19T16:11:20+00:00
SAO_4313-10,São Paulo,3550308,True,,34941,,,-23.56521725,-46.50791875,,,,2,2023-06-19T16:11:06+00:00
SAO_4313-10,São Paulo,3550308,True,,34941,,,-23.583026,-46.408417,,,,2,2023-06-19T16:11:05+00:00
SAO_4313-10,São Paulo,3550308,True,,34941,,,-23.598715,-46.464171,,,,2,2023-06-19T16:11:06+00:00
SAO_4313-10,São Paulo,3550308,True,,34941,,,-23.547568750000003,-46.601284125,,,,2,2023-06-19T16:11:26+00:00
SAO_4313-10,São Paulo,3550308,True,,34941,,,-23.5479245,-46.629473,,,,2,2023-06-19T16:11:31+00:00
SAO_4313-10,São Paulo,3550308,True,,34941,,,-23.545296999999998,-46.5967275,,,,2,2023-06-19T16:11:27+00:00
SAO_4313-10,São Paulo,3550308,True,,34941,,,-23.5947445,-46.427139374999996,,,,2,2023-06-19T16:10:38+00:00
SAO_4313-10,São Paulo,3550308,True,,34941,,,-23.5895725,-46.4803995,,,,2,2023-06-19T16:11:30+00:00
SAO_4313-10,São Paulo,3550308,True,,34941,,,-23.5479245,-46.629473,,,,2,2023-06-19T16:11:23+00:00
SAO_4313-10,São Paulo,3550308,True,,34941,,,-23.583026,-46.408417,,,,2,2023-06-19T16:11:35+00:00
SAO_4313-10,São Paulo,3550308,True,,34941,,,-23.5538815,-46.5184675,,,,2,2023-06-19T16:11:27+00:00
SAO_4313-10,São Paulo,3550308,True,,34941,,,-23.5947445,-46.427139374999996,,,,2,2023-06-19T16:10:26+00:00
SAO_4313-10,São Paulo,3550308,True,,34941,,,-23.5830225,-46.4086875,,,,2,2023-06-19T16:11:14+00:00
SAO_4313-10,São Paulo,3550308,True,,34941,,,-23.583026,-46.408417,,,,2,2023-06-19T16:11:10+00:00
SAO_4313-10,São Paulo,3550308,True,,34941,,,-23.5479245,-46.629473,,,,2,2023-06-19T16:11:25+00:00
SAO_4313-10,São Paulo,3550308,True,,34941,,,-23.551944,-46.624623,,,,2,2023-06-19T16:11:27+00:00
SAO_4313-10,São Paulo,3550308,True,,34941,,,-23.5830695,-46.408172,,,,2,2023-06-19T16:11:03+00:00
SAO_4313-10,São Paulo,3550308,True,,34941,,,-23.5479245,-46.629473,,,,2,2023-06-19T16:11:12+00:00
SAO_6078-10,São Paulo,3550308,True,,33934,,,-23.742497,-46.6615535,,,,2,2023-06-19T16:11:12+00:00
SAO_6078-10,São Paulo,3550308,True,,33934,,,-23.741188,-46.6605715,,,,2,2023-06-19T16:11:44+00:00
SAO_6078-10,São Paulo,3550308,True,,33934,,,-23.713037999999997,-46.698539999999994,,,,2,2023-06-19T16:11:10+00:00
SAO_6078-10,São Paulo,3550308,True,,33934,,,-23.741188,-46.6605715,,,,2,2023-06-19T16:11:17+00:00
SAO_6078-10,São Paulo,3550308,True,,33934,,,-23.7435615,-46.6914735,,,,2,2023-06-19T16:11:22+00:00
SAO_6078-10,São Paulo,3550308,True,,33934,,,-23.741635000000002,-46.6917615,,,,2,2023-06-19T16:11:26+00:00
SAO_6078-10,São Paulo,3550308,True,,33934,,,-23.741188,-46.6605715,,,,2,2023-06-19T16:11:10+00:00
SAO_6078-10,São Paulo,3550308,True,,33934,,,-23.747397499999998,-46.6642005,,,,2,2023-06-19T16:11:08+00:00
SAO_6078-10,São Paulo,3550308,True,,33934,,,-23.7409095,-46.6607815,,,,2,2023-06-19T16:11:38+00:00
SAO_6078-10,São Paulo,3550308,True,,33934,,,-23.668385,-46.67866612500001,,,,2,2023-06-19T16:11:18+00:00
SAO_6078-10,São Paulo,3550308,True,,33934,,,-23.741188,-46.6605715,,,,2,2023-06-19T16:11:41+00:00
SAO_3725-10,São Paulo,3550308,True,,1022,,,-23.540878,-46.524488500000004,,,,1,2023-06-19T16:11:40+00:00
SAO_3725-10,São Paulo,3550308,True,,1022,,,-23.532673,-46.531035,,,,1,2023-06-19T16:11:07+00:00
SAO_3725-10,São Paulo,3550308,True,,1022,,,-23.532673,-46.531035,,,,1,2023-06-19T16:11:05+00:00
SAO_3725-10,São Paulo,3550308,True,,1022,,,-23.54945575,-46.5229265,,,,1,2023-06-19T16:11:23+00:00
SAO_2766-10,São Paulo,3550308,True,,33173,,,-23.520578,-46.389579999999995,,,,2,2023-06-19T16:11:28+00:00
SAO_2766-10,São Paulo,3550308,True,,33173,,,-23.493579750000002,-46.44058475,,,,2,2023-06-19T16:11:01+00:00
SAO_2766-10,São Paulo,3550308,True,,33173,,,-23.50101325,-46.39833675,,,,2,2023-06-19T16:11:03+00:00
SAO_2766-10,São Paulo,3550308,True,,33173,,,-23.506824,-46.3958545,,,,2,2023-06-19T16:10:48+00:00
SAO_2766-10,São Paulo,3550308,True,,33173,,,-23.538100375,-46.454151374999995,,,,2,2023-06-19T16:11:33+00:00
SAO_2766-10,São Paulo,3550308,True,,33173,,,-23.520533,-46.3894665,,,,2,2023-06-19T16:11:14+00:00
SAO_2766-10,São Paulo,3550308,True,,33173,,,-23.5206985,-46.3897145,,,,2,2023-06-19T16:11:00+00:00
SAO_2766-10,São Paulo,3550308,True,,33173,,,-23.520543500000002,-46.389382499999996,,,,2,2023-06-19T16:10:32+00:00
SAO_2766-10,São Paulo,3550308,True,,33173,,,-23.51883275,-46.443968125,,,,2,2023-06-19T16:07:08+00:00
SAO_2766-10,São Paulo,3550308,True,,33173,,,-23.5205485,-46.3895395,,,,2,2023-06-19T16:11:12+00:00
SAO_2766-10,São Paulo,3550308,True,,33173,,,-23.528351875,-46.449112375,,,,2,2023-06-19T16:11:25+00:00
SAO_675K-10,São Paulo,3550308,True,,32966,,,-23.688845375,-46.77301675,,,,2,2023-06-19T16:11:13+00:00
SAO_675K-10,São Paulo,3550308,True,,32966,,,-23.689531625,-46.77363325,,,,2,2023-06-19T16:11:10+00:00
SAO_675K-10,São Paulo,3550308,True,,32966,,,-23.6903555,-46.7743995,,,,2,2023-06-19T16:11:25+00:00
SAO_675K-10,São Paulo,3550308,True,,32966,,,-23.666239625,-46.71793375,,,,2,2023-06-19T16:11:38+00:00
SAO_675K-10,São Paulo,3550308,True,,32966,,,-23.6901525,-46.774198999999996,,,,2,2023-06-19T16:11:26+00:00
SAO_675K-10,São Paulo,3550308,True,,32966,,,-23.6901525,-46.774198999999996,,,,2,2023-06-19T16:11:36+00:00
SAO_675K-10,São Paulo,3550308,True,,32966,,,-23.598218,-46.645173,,,,2,2023-06-19T16:11:24+00:00
SAO_675K-10,São Paulo,3550308,True,,32966,,,-23.65128825,-46.709048499999994,,,,2,2023-06-19T16:11:23+00:00
SAO_675K-10,São Paulo,3550308,True,,32966,,,-23.6605365,-46.707756,,,,2,2023-06-19T16:11:10+00:00
SAO_675K-10,São Paulo,3550308,True,,32966,,,-23.598398125,-46.642908750000004,,,,2,2023-06-19T16:08:53+00:00
SAO_675K-10,São Paulo,3550308,True,,32966,,,-23.601148625,-46.6600305,,,,2,2023-06-19T16:11:32+00:00
SAO_675K-10,São Paulo,3550308,True,,32966,,,-23.683030000000002,-46.7687525,,,,2,2023-06-19T16:11:22+00:00
SAO_675K-10,São Paulo,3550308,True,,32966,,,-23.64756325,-46.70371025,,,,2,2023-06-19T16:11:13+00:00
SAO_675K-10,São Paulo,3550308,True,,32966,,,-23.614942624999998,-46.67297025,,,,2,2023-06-19T16:11:41+00:00
SAO_675K-10,São Paulo,3550308,True,,32966,,,-23.638472875,-46.69510575,,,,2,2023-06-19T16:11:20+00:00
SAO_4002-10,São Paulo,3550308,True,,2177,,,-23.5440185,-46.4604525,,,,1,2023-06-19T16:11:41+00:00
SAO_4002-10,São Paulo,3550308,True,,2177,,,-23.568826375,-46.509066250000004,,,,1,2023-06-19T16:11:21+00:00
SAO_4002-10,São Paulo,3550308,True,,2177,,,-23.5583375,-46.399699,,,,1,2023-06-19T16:11:16+00:00
SAO_2709-10,São Paulo,3550308,True,,33690,,,-23.529382,-46.50029325,,,,2,2023-06-19T16:11:19+00:00
SAO_2709-10,São Paulo,3550308,True,,33690,,,-23.529587499999998,-46.5004265,,,,2,2023-06-19T16:11:40+00:00
SAO_2709-10,São Paulo,3550308,True,,33690,,,-23.5292135,-46.497814500000004,,,,2,2023-06-19T16:11:10+00:00
SAO_118Y-10,São Paulo,3550308,True,EMTU,841,https://moovitapp.com/index/pt-br/transporte_p%C3%BAblico-line-841-Sao_Paulo-242-2038937-36419604-0,5.15,-23.4828185,-46.648391125,,,,1,2023-06-19T16:10:26+00:00
SAO_118Y-10,São Paulo,3550308,True,EMTU,841,https://moovitapp.com/index/pt-br/transporte_p%C3%BAblico-line-841-Sao_Paulo-242-2038937-36419604-0,5.15,-23.471871999999998,-46.6346485,,,,1,2023-06-19T16:11:09+00:00
SAO_118Y-10,São Paulo,3550308,True,EMTU,841,https://moovitapp.com/index/pt-br/transporte_p%C3%BAblico-line-841-Sao_Paulo-242-2038937-36419604-0,5.15,-23.5040325,-46.67317,,,,1,2023-06-19T16:11:39+00:00
SAO_118Y-10,São Paulo,3550308,True,EMTU,841,https://moovitapp.com/index/pt-br/transporte_p%C3%BAblico-line-841-Sao_Paulo-242-2038937-36419604-0,5.15,-23.492537,-46.6724595,,,,1,2023-06-19T16:11:31+00:00
SAO_118Y-10,São Paulo,3550308,True,EMTU,841,https://moovitapp.com/index/pt-br/transporte_p%C3%BAblico-line-841-Sao_Paulo-242-2038937-36419604-0,5.15,-23.512507999999997,-46.690535,,,,1,2023-06-19T16:09:27+00:00
SAO_5012-10,São Paulo,3550308,True,,33884,,,-23.7091115,-46.630035,,,,2,2023-06-19T16:10:59+00:00
SAO_5012-10,São Paulo,3550308,True,,33884,,,-23.709564999999998,-46.63530575,,,,2,2023-06-19T16:11:24+00:00
SAO_5012-10,São Paulo,3550308,True,,33884,,,-23.6459105,-46.6397875,,,,2,2023-06-19T16:08:30+00:00
SAO_5012-10,São Paulo,3550308,True,,33884,,,-23.70202675,-46.635988749999996,,,,2,2023-06-19T16:10:59+00:00
SAO_5012-10,São Paulo,3550308,True,,33884,,,-23.6457135,-46.638921249999996,,,,2,2023-06-19T16:11:34+00:00
SAO_5012-10,São Paulo,3550308,True,,33884,,,-23.6459105,-46.6397875,,,,2,2023-06-19T16:11:10+00:00
SAO_5012-10,São Paulo,3550308,True,,33884,,,-23.6978665,-46.63807325,,,,2,2023-06-19T16:11:08+00:00
SAO_5012-10,São Paulo,3550308,True,,33884,,,-23.710048999999998,-46.6358415,,,,2,2023-06-19T16:11:21+00:00
SAO_5012-10,São Paulo,3550308,True,,33884,,,-23.7097155,-46.6354455,,,,2,2023-06-19T16:11:14+00:00
SAO_5012-10,São Paulo,3550308,True,,33884,,,-23.6870045,-46.633483999999996,,,,2,2023-06-19T16:11:43+00:00
SAO_5012-10,São Paulo,3550308,True,,33884,,,-23.703076,-46.629633,,,,2,2023-06-19T16:11:22+00:00
SAO_5012-10,São Paulo,3550308,True,,33884,,,-23.673467000000002,-46.643597,,,,2,2023-06-19T16:11:37+00:00
SAO_745M-21,São Paulo,3550308,True,,34752,,,-23.652286250000003,-46.778394750000004,,,,2,2023-06-19T16:11:32+00:00
SAO_745M-21,São Paulo,3550308,True,,34752,,,-23.630817,-46.767892,,,,2,2023-06-19T16:11:45+00:00
SAO_745M-21,São Paulo,3550308,True,,34752,,,-23.630699,-46.768204,,,,2,2023-06-19T16:10:49+00:00
SAO_5701-10,São Paulo,3550308,True,,1136,,,-23.6534685,-46.65665025,,,,1,2023-06-19T16:11:39+00:00
SAO_5701-10,São Paulo,3550308,True,,1136,,,-23.623605,-46.679616249999995,,,,1,2023-06-19T16:11:06+00:00
SAO_5701-10,São Paulo,3550308,True,,1136,,,-23.618614,-46.698895,,,,1,2023-06-19T16:11:38+00:00
SAO_5701-10,São Paulo,3550308,True,,1136,,,-23.618682999999997,-46.6986195,,,,1,2023-06-19T16:11:27+00:00
SAO_5701-10,São Paulo,3550308,True,,1136,,,-23.636264750000002,-46.66875937499999,,,,1,2023-06-19T16:11:28+00:00
SAO_5701-10,São Paulo,3550308,True,,1136,,,-23.635625,-46.6414725,,,,1,2023-06-19T16:11:40+00:00
SAO_574W-10,São Paulo,3550308,True,,1629,,,-23.618233500000002,-46.481381999999996,,,,1,2023-06-19T16:11:10+00:00
SAO_574W-10,São Paulo,3550308,True,,1629,,,-23.5430055,-46.588738500000005,,,,1,2023-06-19T16:11:19+00:00
SAO_574W-10,São Paulo,3550308,True,,1629,,,-23.593875125,-46.5193055,,,,1,2023-06-19T16:11:30+00:00
SAO_574W-10,São Paulo,3550308,True,,1629,,,-23.6147775,-46.4877295,,,,1,2023-06-19T16:11:12+00:00
SAO_574W-10,São Paulo,3550308,True,,1629,,,-23.557959250000003,-46.57116125,,,,1,2023-06-19T16:11:31+00:00
SAO_6110-10,São Paulo,3550308,True,,1184,,,-23.757465,-46.7053555,,,,1,2023-06-19T16:11:30+00:00
SAO_6110-10,São Paulo,3550308,True,,1184,,,-23.681663,-46.688997,,,,1,2023-06-19T16:11:12+00:00
SAO_6110-10,São Paulo,3550308,True,,1184,,,-23.757465,-46.7053555,,,,1,2023-06-19T16:11:42+00:00
SAO_6110-10,São Paulo,3550308,True,,1184,,,-23.698259999999998,-46.700607500000004,,,,1,2023-06-19T16:11:33+00:00
SAO_6110-10,São Paulo,3550308,True,,1184,,,-23.757465,-46.7053555,,,,1,2023-06-19T16:11:03+00:00
SAO_6110-10,São Paulo,3550308,True,,1184,,,-23.623138750000003,-46.661624375,,,,1,2023-06-19T16:11:36+00:00
SAO_6110-10,São Paulo,3550308,True,,1184,,,-23.757465,-46.7053555,,,,1,2023-06-19T16:11:42+00:00
SAO_6110-10,São Paulo,3550308,True,,1184,,,-23.7451125,-46.707049999999995,,,,1,2023-06-19T16:11:37+00:00
SAO_6110-10,São Paulo,3550308,True,,1184,,,-23.72345725,-46.709168749999996,,,,1,2023-06-19T16:11:33+00:00
SAO_6110-10,São Paulo,3550308,True,,1184,,,-23.661078500000002,-46.6793775,,,,1,2023-06-19T16:11:30+00:00
SAO_6110-10,São Paulo,3550308,True,,1184,,,-23.63476,-46.669057,,,,1,2023-06-19T16:11:26+00:00
SAO_6110-10,São Paulo,3550308,True,,1184,,,-23.757465,-46.7053555,,,,1,2023-06-19T16:11:37+00:00
SAO_817C-10,São Paulo,3550308,True,,34105,,,-23.5216915,-46.7010605,,,,2,2023-06-19T16:11:05+00:00
SAO_817C-10,São Paulo,3550308,True,,34105,,,-23.5227455,-46.700882375,,,,2,2023-06-19T16:11:35+00:00
SAO_817C-10,São Paulo,3550308,True,,34105,,,-23.5216915,-46.7010605,,,,2,2023-06-19T16:11:06+00:00
SAO_817C-10,São Paulo,3550308,True,,34105,,,-23.529847375000003,-46.697957125,,,,2,2023-06-19T16:11:34+00:00
SAO_817C-10,São Paulo,3550308,True,,34105,,,-23.5439475,-46.6941375,,,,2,2023-06-19T16:11:13+00:00
SAO_775F-10,São Paulo,3550308,True,,796,,,-23.6254505,-46.7479555,,,,1,2023-06-19T16:11:17+00:00
SAO_775F-10,São Paulo,3550308,True,,796,,,-23.6254505,-46.7479555,,,,1,2023-06-19T16:11:15+00:00
SAO_775F-10,São Paulo,3550308,True,,796,,,-23.6053645,-46.725202249999995,,,,1,2023-06-19T16:11:29+00:00
SAO_775F-10,São Paulo,3550308,True,,796,,,-23.608897,-46.7516605,,,,1,2023-06-19T16:11:07+00:00
SAO_775F-10,São Paulo,3550308,True,,796,,,-23.58542825,-46.688639499999994,,,,1,2023-06-19T16:11:24+00:00
SAO_775F-10,São Paulo,3550308,True,,796,,,-23.570538499999998,-46.6909515,,,,1,2023-06-19T16:11:18+00:00
SAO_775F-10,São Paulo,3550308,True,,796,,,-23.624496999999998,-46.749328500000004,,,,1,2023-06-19T16:11:13+00:00
SAO_775F-10,São Paulo,3550308,True,,796,,,-23.55650025,-46.67573287500001,,,,1,2023-06-19T16:11:37+00:00
SAO_2755-10,São Paulo,3550308,True,,33001,,,-23.5425065,-46.39385,,,,2,2023-06-19T16:11:43+00:00
SAO_2755-10,São Paulo,3550308,True,,33001,,,-23.52309375,-46.5329785,,,,2,2023-06-19T16:11:28+00:00
SAO_2755-10,São Paulo,3550308,True,,33001,,,-23.540091,-46.394296499999996,,,,2,2023-06-19T16:11:14+00:00
SAO_2755-10,São Paulo,3550308,True,,33001,,,-23.540091,-46.394296499999996,,,,2,2023-06-19T16:11:19+00:00
SAO_2755-10,São Paulo,3550308,True,,33001,,,-23.51543625,-46.4559005,,,,2,2023-06-19T16:11:39+00:00
SAO_2755-10,São Paulo,3550308,True,,33001,,,-23.5151885,-46.424224249999995,,,,2,2023-06-19T16:11:35+00:00
SAO_2755-10,São Paulo,3550308,True,,33001,,,-23.5176485,-46.480299,,,,2,2023-06-19T16:11:05+00:00
SAO_2755-10,São Paulo,3550308,True,,33001,,,-23.539911,-46.394,,,,2,2023-06-19T16:11:23+00:00
SAO_2755-10,São Paulo,3550308,True,,33001,,,-23.537544500000003,-46.397568500000006,,,,2,2023-06-19T16:11:04+00:00
SAO_637A-26,São Paulo,3550308,True,,34525,,,-23.566554,-46.701409999999996,,,,2,2023-06-19T16:11:05+00:00
SAO_637A-26,São Paulo,3550308,True,,34525,,,-23.566554,-46.701409999999996,,,,2,2023-06-19T16:11:43+00:00
SAO_2002-10,São Paulo,3550308,True,STT,711,https://moovitapp.com/index/pt-br/transporte_p%C3%BAblico-line-711-Sao_Paulo-242-850661-183340-0,5.3,-23.545817500000002,-46.64306474999999,,,,1,2023-06-19T16:11:20+00:00
SAO_2002-10,São Paulo,3550308,True,STT,711,https://moovitapp.com/index/pt-br/transporte_p%C3%BAblico-line-711-Sao_Paulo-242-850661-183340-0,5.3,-23.5501655,-46.6397405,,,,1,2023-06-19T16:11:16+00:00
SAO_2002-10,São Paulo,3550308,True,STT,711,https://moovitapp.com/index/pt-br/transporte_p%C3%BAblico-line-711-Sao_Paulo-242-850661-183340-0,5.3,-23.54945075,-46.63263675,,,,1,2023-06-19T16:11:07+00:00
SAO_2002-10,São Paulo,3550308,True,STT,711,https://moovitapp.com/index/pt-br/transporte_p%C3%BAblico-line-711-Sao_Paulo-242-850661-183340-0,5.3,-23.547219,-46.6295935,,,,1,2023-06-19T16:11:12+00:00
SAO_475M-10,São Paulo,3550308,True,,33111,,,-23.538683499999998,-46.648866,,,,2,2023-06-19T16:11:22+00:00
SAO_475M-10,São Paulo,3550308,True,,33111,,,-23.617908999999997,-46.618153500000005,,,,2,2023-06-19T16:11:09+00:00
SAO_475M-10,São Paulo,3550308,True,,33111,,,-23.617908999999997,-46.618153500000005,,,,2,2023-06-19T16:11:18+00:00
SAO_3737-31,São Paulo,3550308,True,,1354,,,-23.536555999999997,-46.5122425,,,,1,2023-06-19T16:11:35+00:00
SAO_3737-31,São Paulo,3550308,True,,1354,,,-23.5329875,-46.515269,,,,1,2023-06-19T16:11:29+00:00
SAO_273R-10,São Paulo,3550308,True,EMTU,226,https://moovitapp.com/index/pt-br/transporte_p%C3%BAblico-line-226-Sao_Paulo-242-2038937-36419343-0,5.05,-23.540062499999998,-46.482594375,,,,1,2023-06-19T16:11:38+00:00
SAO_273R-10,São Paulo,3550308,True,EMTU,226,https://moovitapp.com/index/pt-br/transporte_p%C3%BAblico-line-226-Sao_Paulo-242-2038937-36419343-0,5.05,-23.521997499999998,-46.412527999999995,,,,1,2023-06-19T16:11:34+00:00
SAO_273R-10,São Paulo,3550308,True,EMTU,226,https://moovitapp.com/index/pt-br/transporte_p%C3%BAblico-line-226-Sao_Paulo-242-2038937-36419343-0,5.05,-23.539928500000002,-46.482043874999995,,,,1,2023-06-19T16:11:05+00:00
SAO_273R-10,São Paulo,3550308,True,EMTU,226,https://moovitapp.com/index/pt-br/transporte_p%C3%BAblico-line-226-Sao_Paulo-242-2038937-36419343-0,5.05,-23.521997499999998,-46.412527999999995,,,,1,2023-06-19T16:11:44+00:00
SAO_273R-10,São Paulo,3550308,True,EMTU,226,https://moovitapp.com/index/pt-br/transporte_p%C3%BAblico-line-226-Sao_Paulo-242-2038937-36419343-0,5.05,-23.51159775,-46.4426105,,,,1,2023-06-19T16:10:15+00:00
SAO_273R-10,São Paulo,3550308,True,EMTU,226,https://moovitapp.com/index/pt-br/transporte_p%C3%BAblico-line-226-Sao_Paulo-242-2038937-36419343-0,5.05,-23.50407775,-46.432106250000004,,,,1,2023-06-19T16:11:15+00:00
SAO_3737-10,São Paulo,3550308,True,,1037,,,-23.5309265,-46.516566250000004,,,,1,2023-06-19T16:11:21+00:00
SAO_3737-10,São Paulo,3550308,True,,1037,,,-23.551135,-46.5077045,,,,1,2023-06-19T16:11:29+00:00
SAO_3737-10,São Paulo,3550308,True,,1037,,,-23.530963999999997,-46.5181355,,,,1,2023-06-19T16:11:26+00:00
SAO_3737-10,São Paulo,3550308,True,,1037,,,-23.564117500000002,-46.505180499999994,,,,1,2023-06-19T16:11:03+00:00
SAO_3737-10,São Paulo,3550308,True,,1037,,,-23.545067500000002,-46.5079775,,,,1,2023-06-19T16:11:19+00:00
SAO_3737-10,São Paulo,3550308,True,,1037,,,-23.542711375000003,-46.510405250000005,,,,1,2023-06-19T16:11:26+00:00
SAO_3737-10,São Paulo,3550308,True,,1037,,,-23.530963999999997,-46.5181355,,,,1,2023-06-19T16:11:23+00:00
SAO_3737-10,São Paulo,3550308,True,,1037,,,-23.530435250000004,-46.51706275,,,,1,2023-06-19T16:11:31+00:00
SAO_3737-10,São Paulo,3550308,True,,1037,,,-23.559658,-46.507717,,,,1,2023-06-19T16:11:02+00:00
SAO_3737-10,São Paulo,3550308,True,,1037,,,-23.531106,-46.518448500000005,,,,1,2023-06-19T16:11:13+00:00
SAO_1036-10,São Paulo,3550308,True,,35221,,,-23.447865999999998,-46.708386,,,,2,2023-06-19T16:11:01+00:00
SAO_1036-10,São Paulo,3550308,True,,35221,,,-23.45685625,-46.714091249999996,,,,2,2023-06-19T16:11:17+00:00
SAO_1036-10,São Paulo,3550308,True,,35221,,,-23.447453250000002,-46.7096505,,,,2,2023-06-19T16:11:25+00:00
SAO_1036-10,São Paulo,3550308,True,,35221,,,-23.445642499999998,-46.711884,,,,2,2023-06-19T16:11:19+00:00
SAO_1036-10,São Paulo,3550308,True,,35221,,,-23.474425500000002,-46.714292,,,,2,2023-06-19T16:11:00+00:00
SAO_6L08-10,São Paulo,3550308,True,,1182,,,-23.827404,-46.697334,,,,1,2023-06-19T16:11:16+00:00
SAO_6L08-10,São Paulo,3550308,True,,1182,,,-23.827328,-46.698244625,,,,1,2023-06-19T16:11:45+00:00
SAO_5018-31,São Paulo,3550308,True,,1861,,,-23.690504999999998,-46.6484425,,,,1,2023-06-19T16:07:55+00:00
SAO_5018-31,São Paulo,3550308,True,,1861,,,-23.692935,-46.660601,,,,1,2023-06-19T16:11:42+00:00
SAO_5018-31,São Paulo,3550308,True,,1861,,,-23.6749404375,-46.6752490625,,,,1,2023-06-19T16:11:27+00:00
SAO_2730-10,São Paulo,3550308,True,Urubupungá,945,https://moovitapp.com/index/pt-br/transporte_p%C3%BAblico-line-945-Sao_Paulo-242-873835-75841138-0,4.6,-23.50291,-46.4547245,,,,1,2023-06-19T16:11:23+00:00
SAO_2730-10,São Paulo,3550308,True,Urubupungá,945,https://moovitapp.com/index/pt-br/transporte_p%C3%BAblico-line-945-Sao_Paulo-242-873835-75841138-0,4.6,-23.515909750000002,-46.46708712499999,,,,1,2023-06-19T16:11:31+00:00
SAO_2730-10,São Paulo,3550308,True,Urubupungá,945,https://moovitapp.com/index/pt-br/transporte_p%C3%BAblico-line-945-Sao_Paulo-242-873835-75841138-0,4.6,-23.51198675,-46.462543249999996,,,,1,2023-06-19T16:11:26+00:00
SAO_2730-10,São Paulo,3550308,True,Urubupungá,945,https://moovitapp.com/index/pt-br/transporte_p%C3%BAblico-line-945-Sao_Paulo-242-873835-75841138-0,4.6,-23.527162625,-46.474537749999996,,,,1,2023-06-19T16:11:03+00:00
SAO_2730-10,São Paulo,3550308,True,Urubupungá,945,https://moovitapp.com/index/pt-br/transporte_p%C3%BAblico-line-945-Sao_Paulo-242-873835-75841138-0,4.6,-23.540062499999998,-46.482594375,,,,1,2023-06-19T16:11:17+00:00
SAO_6450-10,São Paulo,3550308,True,,59,,,-23.640705124999997,-46.697613875,,,,1,2023-06-19T16:11:15+00:00
SAO_6450-10,São Paulo,3550308,True,,59,,,-23.653924500000002,-46.7627265,,,,1,2023-06-19T16:11:16+00:00
SAO_6450-10,São Paulo,3550308,True,,59,,,-23.653924500000002,-46.7627265,,,,1,2023-06-19T16:11:36+00:00
SAO_6450-10,São Paulo,3550308,True,,59,,,-23.5774585,-46.671091000000004,,,,1,2023-06-19T16:11:46+00:00
SAO_6450-10,São Paulo,3550308,True,,59,,,-23.6449195,-46.719300000000004,,,,1,2023-06-19T16:11:38+00:00
SAO_6450-10,São Paulo,3550308,True,,59,,,-23.6455275,-46.746255500000004,,,,1,2023-06-19T16:11:17+00:00
SAO_6450-10,São Paulo,3550308,True,,59,,,-23.592011,-46.672657,,,,1,2023-06-19T16:11:32+00:00
SAO_6450-10,São Paulo,3550308,True,,59,,,-23.653924500000002,-46.7627265,,,,1,2023-06-19T16:11:01+00:00
SAO_6450-10,São Paulo,3550308,True,,59,,,-23.610618,-46.6772225,,,,1,2023-06-19T16:11:36+00:00
SAO_6450-10,São Paulo,3550308,True,,59,,,-23.60327675,-46.674589375,,,,1,2023-06-19T16:11:06+00:00
SAO_6450-10,São Paulo,3550308,True,,59,,,-23.653849,-46.762828999999996,,,,1,2023-06-19T16:11:43+00:00
SAO_6450-10,São Paulo,3550308,True,,59,,,-23.653924500000002,-46.7627265,,,,1,2023-06-19T16:11:19+00:00
SAO_6450-10,São Paulo,3550308,True,,59,,,-23.582698999999998,-46.670204749999996,,,,1,2023-06-19T16:11:38+00:00
SAO_6450-10,São Paulo,3550308,True,,59,,,-23.5514485,-46.6464365,,,,1,2023-06-19T16:11:45+00:00
SAO_342M-10,São Paulo,3550308,True,,747,,,-23.543611749999997,-46.546510999999995,,,,1,2023-06-19T16:11:13+00:00
SAO_342M-10,São Paulo,3550308,True,,747,,,-23.547890250000002,-46.53908025,,,,1,2023-06-19T16:11:02+00:00
SAO_342M-10,São Paulo,3550308,True,,747,,,-23.5659271875,-46.5121084375,,,,1,2023-06-19T16:11:16+00:00
SAO_342M-10,São Paulo,3550308,True,,747,,,-23.5838975,-46.4927795,,,,1,2023-06-19T16:11:13+00:00
SAO_342M-10,São Paulo,3550308,True,,747,,,-23.526678999999998,-46.55376625,,,,1,2023-06-19T16:11:20+00:00
SAO_342M-10,São Paulo,3550308,True,,747,,,-23.6130195,-46.476082,,,,1,2023-06-19T16:11:41+00:00
SAO_342M-10,São Paulo,3550308,True,,747,,,-23.518709,-46.546899499999995,,,,1,2023-06-19T16:11:06+00:00
SAO_342M-10,São Paulo,3550308,True,,747,,,-23.567836874999998,-46.510108625,,,,1,2023-06-19T16:11:01+00:00
SAO_342M-10,São Paulo,3550308,True,,747,,,-23.534104,-46.55928575,,,,1,2023-06-19T16:11:27+00:00
SAO_342M-10,São Paulo,3550308,True,,747,,,-23.568596624999998,-46.50931175000001,,,,1,2023-06-19T16:11:07+00:00
SAO_342M-10,São Paulo,3550308,True,,747,,,-23.613857,-46.476304,,,,1,2023-06-19T16:11:28+00:00
SAO_342M-10,São Paulo,3550308,True,,747,,,-23.570087,-46.50773112499999,,,,1,2023-06-19T16:11:36+00:00
SAO_342M-10,São Paulo,3550308,True,,747,,,-23.608943,-46.477615,,,,1,2023-06-19T16:11:16+00:00
SAO_342M-10,São Paulo,3550308,True,,747,,,-23.594231,-46.4881775,,,,1,2023-06-19T16:11:24+00:00
SAO_4033-10,São Paulo,3550308,True,,1103,,,-23.603224250000004,-46.541937499999996,,,,1,2023-06-19T16:11:36+00:00
SAO_4033-10,São Paulo,3550308,True,,1103,,,-23.614213,-46.5018395,,,,1,2023-06-19T16:11:41+00:00
SAO_4033-10,São Paulo,3550308,True,,1103,,,-23.598816375,-46.524547125,,,,1,2023-06-19T16:11:37+00:00
SAO_4033-10,São Paulo,3550308,True,,1103,,,-23.6157565,-46.452129,,,,1,2023-06-19T16:11:19+00:00
SAO_4033-10,São Paulo,3550308,True,,1103,,,-23.612175999999998,-46.475071,,,,1,2023-06-19T16:11:25+00:00
SAO_4033-10,São Paulo,3550308,True,,1103,,,-23.595102,-46.505641,,,,1,2023-06-19T16:11:13+00:00
SAO_4033-10,São Paulo,3550308,True,,1103,,,-23.617052,-46.4511605,,,,1,2023-06-19T16:11:12+00:00
SAO_4033-10,São Paulo,3550308,True,,1103,,,-23.6198505,-46.443889999999996,,,,1,2023-06-19T16:11:22+00:00
SAO_3732-10,São Paulo,3550308,True,,1029,,,-23.5512605,-46.4365745,,,,1,2023-06-19T16:11:44+00:00
SAO_3732-10,São Paulo,3550308,True,,1029,,,-23.539538,-46.4317025,,,,1,2023-06-19T16:11:28+00:00
SAO_3732-10,São Paulo,3550308,True,,1029,,,-23.539538,-46.4317025,,,,1,2023-06-19T16:11:27+00:00
SAO_3732-10,São Paulo,3550308,True,,1029,,,-23.542482,-46.470364,,,,1,2023-06-19T16:11:30+00:00
SAO_3732-10,São Paulo,3550308,True,,1029,,,-23.53934225,-46.456838499999996,,,,1,2023-06-19T16:11:08+00:00
SAO_3732-10,São Paulo,3550308,True,,1029,,,-23.5424255,-46.470012,,,,1,2023-06-19T16:10:23+00:00
SAO_3732-10,São Paulo,3550308,True,,1029,,,-23.5407625,-46.435683749999995,,,,1,2023-06-19T16:11:12+00:00
SAO_3732-10,São Paulo,3550308,True,,1029,,,-23.539538,-46.4317025,,,,1,2023-06-19T16:11:41+00:00
SAO_3732-10,São Paulo,3550308,True,,1029,,,-23.5498125,-46.436327500000004,,,,1,2023-06-19T16:11:35+00:00
SAO_3732-10,São Paulo,3550308,True,,1029,,,-23.539538,-46.4317025,,,,1,2023-06-19T16:11:25+00:00
SAO_3732-10,São Paulo,3550308,True,,1029,,,-23.549069125,-46.446165,,,,1,2023-06-19T16:11:18+00:00
SAO_6803-10,São Paulo,3550308,True,,32797,,,-23.642516,-46.7384915,,,,2,2023-06-19T16:11:35+00:00
SAO_6803-10,São Paulo,3550308,True,,32797,,,-23.654984499999998,-46.7528935,,,,2,2023-06-19T16:11:37+00:00
SAO_4311-10,São Paulo,3550308,True,,2171,,,-23.610542,-46.474706499999996,,,,1,2023-06-19T16:11:12+00:00
SAO_4311-10,São Paulo,3550308,True,,2171,,,-23.608168499999998,-46.47244975,,,,1,2023-06-19T16:11:26+00:00
SAO_4311-10,São Paulo,3550308,True,,2171,,,-23.599062,-46.468776000000005,,,,1,2023-06-19T16:11:31+00:00
SAO_4311-10,São Paulo,3550308,True,,2171,,,-23.551097249999998,-46.521759,,,,1,2023-06-19T16:11:35+00:00
SAO_4311-10,São Paulo,3550308,True,,2171,,,-23.54620025,-46.63007,,,,1,2023-06-19T16:11:17+00:00
SAO_4311-10,São Paulo,3550308,True,,2171,,,-23.537625999999996,-46.56210568750001,,,,1,2023-06-19T16:11:07+00:00
SAO_4311-10,São Paulo,3550308,True,,2171,,,-23.544658000000002,-46.594963750000005,,,,1,2023-06-19T16:11:35+00:00
SAO_4311-10,São Paulo,3550308,True,,2171,,,-23.610542,-46.474706499999996,,,,1,2023-06-19T16:11:36+00:00
SAO_971A-10,São Paulo,3550308,True,,33426,,,-23.486410499999998,-46.680132,,,,2,2023-06-19T16:11:01+00:00
SAO_971A-10,São Paulo,3550308,True,,33426,,,-23.502990500000003,-46.66023,,,,2,2023-06-19T16:11:11+00:00
SAO_971A-10,São Paulo,3550308,True,,33426,,,-23.486333000000002,-46.6806505,,,,2,2023-06-19T16:11:27+00:00
SAO_971A-10,São Paulo,3550308,True,,33426,,,-23.515637874999996,-46.62499875,,,,2,2023-06-19T16:11:43+00:00
SAO_971A-10,São Paulo,3550308,True,,33426,,,-23.486301,-46.680533,,,,2,2023-06-19T16:11:09+00:00
SAO_971A-10,São Paulo,3550308,True,,33426,,,-23.486307,-46.680385,,,,2,2023-06-19T16:11:14+00:00
SAO_971A-10,São Paulo,3550308,True,,33426,,,-23.504087499999997,-46.672816,,,,2,2023-06-19T16:11:42+00:00
SAO_971A-10,São Paulo,3550308,True,,33426,,,-23.522878,-46.623355000000004,,,,2,2023-06-19T16:11:33+00:00
SAO_8013-10,São Paulo,3550308,True,,800,,,-23.431413,-46.7872125,,,,1,2023-06-19T16:11:08+00:00
SAO_8013-10,São Paulo,3550308,True,,800,,,-23.431413,-46.7872125,,,,1,2023-06-19T16:11:01+00:00
SAO_8013-10,São Paulo,3550308,True,,800,,,-23.4314335625,-46.786947874999996,,,,1,2023-06-19T16:11:36+00:00
SAO_8013-10,São Paulo,3550308,True,,800,,,-23.481033,-46.7709835,,,,1,2023-06-19T16:11:20+00:00
SAO_8013-10,São Paulo,3550308,True,,800,,,-23.4328038125,-46.786727375,,,,1,2023-06-19T16:11:04+00:00
SAO_8013-10,São Paulo,3550308,True,,800,,,-23.52133,-46.719527,,,,1,2023-06-19T16:10:58+00:00
SAO_8013-10,São Paulo,3550308,True,,800,,,-23.4323470625,-46.786800875,,,,1,2023-06-19T16:11:38+00:00
SAO_8013-10,São Paulo,3550308,True,,800,,,-23.4318903125,-46.786874375,,,,1,2023-06-19T16:11:38+00:00
SAO_8013-10,São Paulo,3550308,True,,800,,,-23.472386,-46.7767405,,,,1,2023-06-19T16:10:29+00:00
SAO_8013-10,São Paulo,3550308,True,,800,,,-23.4323470625,-46.786800875,,,,1,2023-06-19T16:11:19+00:00
SAO_8013-10,São Paulo,3550308,True,,800,,,-23.4318903125,-46.786874375,,,,1,2023-06-19T16:11:06+00:00
SAO_8013-10,São Paulo,3550308,True,,800,,,-23.509642,-46.7304405,,,,1,2023-06-19T16:11:35+00:00
SAO_4210-10,São Paulo,3550308,True,,34938,,,-23.583131,-46.4090595,,,,2,2023-06-19T16:11:33+00:00
SAO_4210-10,São Paulo,3550308,True,,34938,,,-23.58308,-46.408871000000005,,,,2,2023-06-19T16:11:30+00:00
SAO_4210-10,São Paulo,3550308,True,,34938,,,-23.566796,-46.507122499999994,,,,2,2023-06-19T16:11:41+00:00
SAO_4210-10,São Paulo,3550308,True,,34938,,,-23.560837749999997,-46.512319125,,,,2,2023-06-19T16:11:12+00:00
SAO_4210-10,São Paulo,3550308,True,,34938,,,-23.547062,-46.630193000000006,,,,2,2023-06-19T16:11:28+00:00
SAO_4210-10,São Paulo,3550308,True,,34938,,,-23.583137,-46.4079365,,,,2,2023-06-19T16:11:36+00:00
SAO_4210-10,São Paulo,3550308,True,,34938,,,-23.5961365,-46.435144,,,,2,2023-06-19T16:11:25+00:00
SAO_4210-10,São Paulo,3550308,True,,34938,,,-23.5469065,-46.623822125000004,,,,2,2023-06-19T16:11:28+00:00
SAO_4210-10,São Paulo,3550308,True,,34938,,,-23.597752999999997,-46.45795,,,,2,2023-06-19T16:11:24+00:00
SAO_4210-10,São Paulo,3550308,True,,34938,,,-23.5931125,-46.468656499999994,,,,2,2023-06-19T16:11:15+00:00
SAO_4210-10,São Paulo,3550308,True,,34938,,,-23.532468,-46.562047500000006,,,,2,2023-06-19T16:09:36+00:00
SAO_4210-10,São Paulo,3550308,True,,34938,,,-23.583026,-46.408417,,,,2,2023-06-19T16:11:25+00:00
SAO_4210-10,São Paulo,3550308,True,,34938,,,-23.537345000000002,-46.595128,,,,2,2023-06-19T16:09:31+00:00
SAO_4210-10,São Paulo,3550308,True,,34938,,,-23.5830225,-46.4086875,,,,2,2023-06-19T16:11:25+00:00
SAO_6035-10,São Paulo,3550308,True,,33981,,,-23.72062,-46.7558005,,,,2,2023-06-19T16:11:19+00:00
SAO_6035-10,São Paulo,3550308,True,,33981,,,-23.72062,-46.7558005,,,,2,2023-06-19T16:11:09+00:00
SAO_6035-10,São Paulo,3550308,True,,33981,,,-23.653125,-46.70848074999999,,,,2,2023-06-19T16:11:06+00:00
SAO_6035-10,São Paulo,3550308,True,,33981,,,-23.683030000000002,-46.7687525,,,,2,2023-06-19T16:11:36+00:00
SAO_6035-10,São Paulo,3550308,True,,33981,,,-23.677212500000003,-46.760749000000004,,,,2,2023-06-19T16:11:39+00:00
SAO_6035-10,São Paulo,3550308,True,,33981,,,-23.714857000000002,-46.771862,,,,2,2023-06-19T16:11:17+00:00
SAO_6035-10,São Paulo,3550308,True,,33981,,,-23.666391750000003,-46.719602374999994,,,,2,2023-06-19T16:11:24+00:00
SAO_577T-10,São Paulo,3550308,True,,34059,,,-23.584124000000003,-46.637303,,,,2,2023-06-19T16:11:30+00:00
SAO_577T-10,São Paulo,3550308,True,,34059,,,-23.6857025,-46.637755999999996,,,,2,2023-06-19T16:11:43+00:00
SAO_577T-10,São Paulo,3550308,True,,34059,,,-23.634011,-46.6431895,,,,2,2023-06-19T16:11:06+00:00
SAO_577T-10,São Paulo,3550308,True,,34059,,,-23.6693775,-46.649161500000005,,,,2,2023-06-19T16:10:58+00:00
SAO_577T-10,São Paulo,3550308,True,,34059,,,-23.6278265,-46.643551,,,,2,2023-06-19T16:11:39+00:00
SAO_577T-10,São Paulo,3550308,True,,34059,,,-23.6857025,-46.637755999999996,,,,2,2023-06-19T16:11:06+00:00
SAO_577T-10,São Paulo,3550308,True,,34059,,,-23.6855415,-46.637704,,,,2,2023-06-19T16:11:11+00:00
SAO_407L-10,São Paulo,3550308,True,,34967,,,-23.53674225,-46.472368,,,,2,2023-06-19T16:11:08+00:00
SAO_407L-10,São Paulo,3550308,True,,34967,,,-23.5912945,-46.394427500000006,,,,2,2023-06-19T16:11:18+00:00
SAO_407L-10,São Paulo,3550308,True,,34967,,,-23.57311,-46.415889500000006,,,,2,2023-06-19T16:09:43+00:00
SAO_407L-10,São Paulo,3550308,True,,34967,,,-23.591108,-46.3945285,,,,2,2023-06-19T16:11:19+00:00
SAO_407L-10,São Paulo,3550308,True,,34967,,,-23.533272000000004,-46.49372525,,,,2,2023-06-19T16:11:33+00:00
SAO_407L-10,São Paulo,3550308,True,,34967,,,-23.588641,-46.392704,,,,2,2023-06-19T16:10:33+00:00
SAO_407L-10,São Paulo,3550308,True,,34967,,,-23.54269925,-46.41562424999999,,,,2,2023-06-19T16:11:07+00:00
SAO_407L-10,São Paulo,3550308,True,,34967,,,-23.551606,-46.413109000000006,,,,2,2023-06-19T16:11:41+00:00
SAO_407L-10,São Paulo,3550308,True,,34967,,,-23.590592,-46.3947795,,,,2,2023-06-19T16:11:34+00:00
SAO_407L-10,São Paulo,3550308,True,,34967,,,-23.590318,-46.3949205,,,,2,2023-06-19T16:11:28+00:00
SAO_407L-10,São Paulo,3550308,True,,34967,,,-23.591108,-46.3945285,,,,2,2023-06-19T16:11:38+00:00
SAO_407L-10,São Paulo,3550308,True,,34967,,,-23.590592,-46.3947795,,,,2,2023-06-19T16:11:07+00:00
SAO_407L-10,São Paulo,3550308,True,,34967,,,-23.536006,-46.453709,,,,2,2023-06-19T16:11:01+00:00
SAO_407L-10,São Paulo,3550308,True,,34967,,,-23.590415999999998,-46.394861500000005,,,,2,2023-06-19T16:11:35+00:00
SAO_407L-10,São Paulo,3550308,True,,34967,,,-23.590822000000003,-46.3946785,,,,2,2023-06-19T16:11:13+00:00
SAO_4029-10,São Paulo,3550308,True,,33867,,,-23.6085725,-46.480410250000006,,,,2,2023-06-19T16:11:10+00:00
SAO_4029-10,São Paulo,3550308,True,,33867,,,-23.5908865,-46.541310249999995,,,,2,2023-06-19T16:11:40+00:00
SAO_4029-10,São Paulo,3550308,True,,33867,,,-23.585096,-46.583759,,,,2,2023-06-19T16:11:25+00:00
SAO_4029-10,São Paulo,3550308,True,,33867,,,-23.614060000000002,-46.495852,,,,2,2023-06-19T16:11:23+00:00
SAO_4029-10,São Paulo,3550308,True,,33867,,,-23.581263749999998,-46.566269,,,,2,2023-06-19T16:11:09+00:00
SAO_4029-10,São Paulo,3550308,True,,33867,,,-23.60994525,-46.47948125,,,,2,2023-06-19T16:11:26+00:00
SAO_4029-10,São Paulo,3550308,True,,33867,,,-23.6105855,-46.4805655,,,,2,2023-06-19T16:11:28+00:00
SAO_4029-10,São Paulo,3550308,True,,33867,,,-23.5960185,-46.526118,,,,2,2023-06-19T16:11:12+00:00
SAO_4029-10,São Paulo,3550308,True,,33867,,,-23.6105855,-46.4805655,,,,2,2023-06-19T16:11:34+00:00
SAO_4029-10,São Paulo,3550308,True,,33867,,,-23.6105855,-46.4805655,,,,2,2023-06-19T16:11:01+00:00
SAO_408A-10,São Paulo,3550308,True,,33534,,,-23.543692999999998,-46.672401,,,,2,2023-06-19T16:11:13+00:00
SAO_408A-10,São Paulo,3550308,True,,33534,,,-23.543692999999998,-46.672401,,,,2,2023-06-19T16:11:10+00:00
SAO_408A-10,São Paulo,3550308,True,,33534,,,-23.5467845,-46.654249,,,,2,2023-06-19T16:11:26+00:00
SAO_408A-10,São Paulo,3550308,True,,33534,,,-23.543692999999998,-46.672401,,,,2,2023-06-19T16:11:41+00:00
SAO_408A-10,São Paulo,3550308,True,,33534,,,-23.5518875,-46.635358,,,,2,2023-06-19T16:11:29+00:00
SAO_5024-31,São Paulo,3550308,True,,1123,,,-23.680270999999998,-46.683795,,,,1,2023-06-19T16:11:13+00:00
SAO_5024-31,São Paulo,3550308,True,,1123,,,-23.68858,-46.648693,,,,1,2023-06-19T16:11:20+00:00
SAO_5024-31,São Paulo,3550308,True,,1123,,,-23.690306,-46.6782345,,,,1,2023-06-19T16:10:40+00:00
SAO_5123-10,São Paulo,3550308,True,,33893,,,-23.64599175,-46.64096275,,,,2,2023-06-19T16:11:20+00:00
SAO_5123-10,São Paulo,3550308,True,,33893,,,-23.674775,-46.642773000000005,,,,2,2023-06-19T16:11:02+00:00
SAO_5123-10,São Paulo,3550308,True,,33893,,,-23.665872,-46.63809500000001,,,,2,2023-06-19T16:11:12+00:00
SAO_5123-10,São Paulo,3550308,True,,33893,,,-23.6199879375,-46.63962331249999,,,,2,2023-06-19T16:11:05+00:00
SAO_5123-10,São Paulo,3550308,True,,33893,,,-23.597227750000002,-46.6385615,,,,2,2023-06-19T16:11:30+00:00
SAO_5123-10,São Paulo,3550308,True,,33893,,,-23.64643375,-46.64072075,,,,2,2023-06-19T16:11:25+00:00
SAO_5123-10,São Paulo,3550308,True,,33893,,,-23.6115255,-46.637976249999994,,,,2,2023-06-19T16:10:59+00:00
SAO_5123-10,São Paulo,3550308,True,,33893,,,-23.651840999999997,-46.6380705,,,,2,2023-06-19T16:11:09+00:00
SAO_5123-10,São Paulo,3550308,True,,33893,,,-23.66733,-46.63650199999999,,,,2,2023-06-19T16:11:41+00:00
SAO_6061-10,São Paulo,3550308,True,,33918,,,-23.7387765,-46.6917775,,,,2,2023-06-19T16:11:06+00:00
SAO_6061-10,São Paulo,3550308,True,,33918,,,-23.7746095,-46.6924635,,,,2,2023-06-19T16:11:45+00:00
SAO_6061-10,São Paulo,3550308,True,,33918,,,-23.7822775,-46.681824,,,,2,2023-06-19T16:11:25+00:00
SAO_6061-10,São Paulo,3550308,True,,33918,,,-23.7639505,-46.692770499999995,,,,2,2023-06-19T16:11:33+00:00
SAO_5106-31,São Paulo,3550308,True,,34073,,,-23.687800000000003,-46.6546095,,,,2,2023-06-19T16:11:04+00:00
SAO_5106-31,São Paulo,3550308,True,,34073,,,-23.626535375000003,-46.644987625,,,,2,2023-06-19T16:11:40+00:00
SAO_5106-31,São Paulo,3550308,True,,34073,,,-23.59520825,-46.642407,,,,2,2023-06-19T16:11:26+00:00
SAO_5106-31,São Paulo,3550308,True,,34073,,,-23.6952165,-46.6546855,,,,2,2023-06-19T16:11:26+00:00
SAO_5107-10,São Paulo,3550308,True,,1659,,,-23.603496999999997,-46.602769,,,,1,2023-06-19T16:11:41+00:00
SAO_5107-10,São Paulo,3550308,True,,1659,,,-23.56714,-46.613527000000005,,,,1,2023-06-19T16:11:30+00:00
SAO_5107-10,São Paulo,3550308,True,,1659,,,-23.602105,-46.602912,,,,1,2023-06-19T16:11:25+00:00
SAO_5107-10,São Paulo,3550308,True,,1659,,,-23.602987,-46.603027499999996,,,,1,2023-06-19T16:11:18+00:00
SAO_5107-10,São Paulo,3550308,True,,1659,,,-23.5437675,-46.627001,,,,1,2023-06-19T16:10:44+00:00
SAO_7545-10,São Paulo,3550308,True,,504,,,-23.547722,-46.641317,,,,1,2023-06-19T16:11:28+00:00
SAO_7545-10,São Paulo,3550308,True,,504,,,-23.5754435,-46.717406249999996,,,,1,2023-06-19T16:11:22+00:00
SAO_7545-10,São Paulo,3550308,True,,504,,,-23.547793,-46.641709500000005,,,,1,2023-06-19T16:11:35+00:00
SAO_7545-10,São Paulo,3550308,True,,504,,,-23.55833775,-46.667919999999995,,,,1,2023-06-19T16:11:28+00:00
SAO_7545-10,São Paulo,3550308,True,,504,,,-23.590359499999998,-46.773043,,,,1,2023-06-19T16:11:00+00:00
SAO_7545-10,São Paulo,3550308,True,,504,,,-23.602068,-46.7944835,,,,1,2023-06-19T16:11:36+00:00
SAO_7545-10,São Paulo,3550308,True,,504,,,-23.5711665,-46.690991499999996,,,,1,2023-06-19T16:11:45+00:00
SAO_874T-10,São Paulo,3550308,True,EMTU,307,https://moovitapp.com/index/pt-br/transporte_p%C3%BAblico-line-307-Sao_Paulo-242-2038937-36419399-0,5.2,-23.51911575,-46.7073125,,,,1,2023-06-19T16:11:09+00:00
SAO_874T-10,São Paulo,3550308,True,EMTU,307,https://moovitapp.com/index/pt-br/transporte_p%C3%BAblico-line-307-Sao_Paulo-242-2038937-36419399-0,5.2,-23.529386000000002,-46.6652845,,,,1,2023-06-19T16:11:41+00:00
SAO_874T-10,São Paulo,3550308,True,EMTU,307,https://moovitapp.com/index/pt-br/transporte_p%C3%BAblico-line-307-Sao_Paulo-242-2038937-36419399-0,5.2,-23.571779749999997,-46.64357325,,,,1,2023-06-19T16:11:40+00:00
SAO_874T-10,São Paulo,3550308,True,EMTU,307,https://moovitapp.com/index/pt-br/transporte_p%C3%BAblico-line-307-Sao_Paulo-242-2038937-36419399-0,5.2,-23.57707725,-46.607179875,,,,1,2023-06-19T16:11:10+00:00
SAO_874T-10,São Paulo,3550308,True,EMTU,307,https://moovitapp.com/index/pt-br/transporte_p%C3%BAblico-line-307-Sao_Paulo-242-2038937-36419399-0,5.2,-23.578074,-46.6021865,,,,1,2023-06-19T16:11:25+00:00
SAO_2123-10,São Paulo,3550308,True,,692,,,-23.495379999999997,-46.586897500000006,,,,1,2023-06-19T16:11:06+00:00
SAO_2123-10,São Paulo,3550308,True,,692,,,-23.5495155,-46.630182500000004,,,,1,2023-06-19T16:11:37+00:00
SAO_2123-10,São Paulo,3550308,True,,692,,,-23.527045,-46.612174,,,,1,2023-06-19T16:11:37+00:00
SAO_736G-10,São Paulo,3550308,True,,780,,,-23.633858500000002,-46.75126025,,,,1,2023-06-19T16:11:09+00:00
SAO_736G-10,São Paulo,3550308,True,,780,,,-23.632856500000003,-46.747603999999995,,,,1,2023-06-19T16:11:17+00:00
SAO_736G-10,São Paulo,3550308,True,,780,,,-23.621837499999998,-46.701257,,,,1,2023-06-19T16:11:35+00:00
SAO_736G-10,São Paulo,3550308,True,,780,,,-23.632856500000003,-46.747603999999995,,,,1,2023-06-19T16:11:06+00:00
SAO_3762-10,São Paulo,3550308,True,,1053,,,-23.541038999999998,-46.576837,,,,1,2023-06-19T16:11:14+00:00
SAO_3762-10,São Paulo,3550308,True,,1053,,,-23.541065,-46.576965,,,,1,2023-06-19T16:11:34+00:00
SAO_3762-10,São Paulo,3550308,True,,1053,,,-23.576173,-46.5194725,,,,1,2023-06-19T16:10:54+00:00
SAO_3762-10,São Paulo,3550308,True,,1053,,,-23.550526499999997,-46.550292,,,,1,2023-06-19T16:11:10+00:00
SAO_3762-10,São Paulo,3550308,True,,1053,,,-23.5592495,-46.546018000000004,,,,1,2023-06-19T16:11:28+00:00
SAO_5127-10,São Paulo,3550308,True,,33895,,,-23.702229000000003,-46.639818500000004,,,,2,2023-06-19T16:11:01+00:00
SAO_5127-10,São Paulo,3550308,True,,33895,,,-23.702263000000002,-46.639984,,,,2,2023-06-19T16:11:07+00:00
SAO_5127-10,São Paulo,3550308,True,,33895,,,-23.677691000000003,-46.685349,,,,2,2023-06-19T16:09:17+00:00
SAO_5127-10,São Paulo,3550308,True,,33895,,,-23.70211425,-46.640169,,,,2,2023-06-19T16:11:32+00:00
SAO_5127-10,São Paulo,3550308,True,,33895,,,-23.687965,-46.6639645,,,,2,2023-06-19T16:11:05+00:00
SAO_5127-10,São Paulo,3550308,True,,33895,,,-23.677825,-46.701614500000005,,,,2,2023-06-19T16:11:02+00:00
SAO_5127-10,São Paulo,3550308,True,,33895,,,-23.677825,-46.701614500000005,,,,2,2023-06-19T16:08:40+00:00
SAO_5127-10,São Paulo,3550308,True,,33895,,,-23.702263000000002,-46.639984,,,,2,2023-06-19T16:11:18+00:00
SAO_5127-10,São Paulo,3550308,True,,33895,,,-23.6993295,-46.641429,,,,2,2023-06-19T16:11:32+00:00
SAO_9784-10,São Paulo,3550308,True,EMTU,827,https://moovitapp.com/index/pt-br/transporte_p%C3%BAblico-line-827-Sao_Paulo-242-2038937-36419596-0,12.1,-23.45047,-46.677507500000004,,,,1,2023-06-19T16:11:11+00:00
SAO_9784-10,São Paulo,3550308,True,EMTU,827,https://moovitapp.com/index/pt-br/transporte_p%C3%BAblico-line-827-Sao_Paulo-242-2038937-36419596-0,12.1,-23.469255,-46.6669885,,,,1,2023-06-19T16:11:32+00:00
SAO_9784-10,São Paulo,3550308,True,EMTU,827,https://moovitapp.com/index/pt-br/transporte_p%C3%BAblico-line-827-Sao_Paulo-242-2038937-36419596-0,12.1,-23.51759475,-46.66717575,,,,1,2023-06-19T16:11:05+00:00
SAO_9784-10,São Paulo,3550308,True,EMTU,827,https://moovitapp.com/index/pt-br/transporte_p%C3%BAblico-line-827-Sao_Paulo-242-2038937-36419596-0,12.1,-23.4509575,-46.676362,,,,1,2023-06-19T16:11:26+00:00
SAO_9784-10,São Paulo,3550308,True,EMTU,827,https://moovitapp.com/index/pt-br/transporte_p%C3%BAblico-line-827-Sao_Paulo-242-2038937-36419596-0,12.1,-23.4503535,-46.683854999999994,,,,1,2023-06-19T16:11:37+00:00
SAO_9784-10,São Paulo,3550308,True,EMTU,827,https://moovitapp.com/index/pt-br/transporte_p%C3%BAblico-line-827-Sao_Paulo-242-2038937-36419596-0,12.1,-23.450547,-46.6835995,,,,1,2023-06-19T16:11:27+00:00
SAO_9784-10,São Paulo,3550308,True,EMTU,827,https://moovitapp.com/index/pt-br/transporte_p%C3%BAblico-line-827-Sao_Paulo-242-2038937-36419596-0,12.1,-23.4503535,-46.683854999999994,,,,1,2023-06-19T16:11:35+00:00
SAO_9784-10,São Paulo,3550308,True,EMTU,827,https://moovitapp.com/index/pt-br/transporte_p%C3%BAblico-line-827-Sao_Paulo-242-2038937-36419596-0,12.1,-23.505799250000003,-46.66915725,,,,1,2023-06-19T16:11:31+00:00
SAO_9784-10,São Paulo,3550308,True,EMTU,827,https://moovitapp.com/index/pt-br/transporte_p%C3%BAblico-line-827-Sao_Paulo-242-2038937-36419596-0,12.1,-23.479716,-46.6618665,,,,1,2023-06-19T16:11:05+00:00
SAO_1705-10,São Paulo,3550308,True,,849,,,-23.4790025,-46.60396525,,,,1,2023-06-19T16:11:17+00:00
SAO_1705-10,São Paulo,3550308,True,,849,,,-23.434117999999998,-46.5843315,,,,1,2023-06-19T16:11:32+00:00
SAO_1705-10,São Paulo,3550308,True,,849,,,-23.446235,-46.5898185,,,,1,2023-06-19T16:11:08+00:00
SAO_1705-10,São Paulo,3550308,True,,849,,,-23.4338605,-46.584293,,,,1,2023-06-19T16:11:26+00:00
SAO_1705-10,São Paulo,3550308,True,,849,,,-23.434117999999998,-46.5843315,,,,1,2023-06-19T16:11:23+00:00
SAO_1705-10,São Paulo,3550308,True,,849,,,-23.480535500000002,-46.6024285,,,,1,2023-06-19T16:11:34+00:00
SAO_1705-10,São Paulo,3550308,True,,849,,,-23.480691,-46.6038635,,,,1,2023-06-19T16:11:27+00:00
SAO_1705-10,São Paulo,3550308,True,,849,,,-23.4579605,-46.59347700000001,,,,1,2023-06-19T16:09:41+00:00
SAO_701A-10,São Paulo,3550308,True,,689,,,-23.5480775,-46.649773624999995,,,,1,2023-06-19T16:11:23+00:00
SAO_701A-10,São Paulo,3550308,True,,689,,,-23.554025125000003,-46.69139799999999,,,,1,2023-06-19T16:11:30+00:00
SAO_701A-10,São Paulo,3550308,True,,689,,,-23.535517375,-46.6171455,,,,1,2023-06-19T16:11:44+00:00
SAO_701A-10,São Paulo,3550308,True,,689,,,-23.556712750000003,-46.680143875,,,,1,2023-06-19T16:11:24+00:00
SAO_701A-10,São Paulo,3550308,True,,689,,,-23.4997325,-46.5911,,,,1,2023-06-19T16:11:26+00:00
SAO_701A-10,São Paulo,3550308,True,,689,,,-23.554812625,-46.6910108125,,,,1,2023-06-19T16:11:40+00:00
SAO_707K-10,São Paulo,3550308,True,,35271,,,-23.666059875000002,-46.716072125,,,,2,2023-06-19T16:11:22+00:00
SAO_707K-10,São Paulo,3550308,True,,35271,,,-23.647226,-46.675112500000004,,,,2,2023-06-19T16:11:21+00:00
SAO_707K-10,São Paulo,3550308,True,,35271,,,-23.667807,-46.7355005,,,,2,2023-06-19T16:11:40+00:00
SAO_707K-10,São Paulo,3550308,True,,35271,,,-23.668242,-46.7355055,,,,2,2023-06-19T16:11:03+00:00
SAO_707K-10,São Paulo,3550308,True,,35271,,,-23.6477415,-46.66246375,,,,2,2023-06-19T16:11:04+00:00
SAO_707K-10,São Paulo,3550308,True,,35271,,,-23.667807,-46.7355005,,,,2,2023-06-19T16:11:16+00:00
SAO_707K-10,São Paulo,3550308,True,,35271,,,-23.66023525,-46.70278725,,,,2,2023-06-19T16:11:19+00:00
SAO_707K-10,São Paulo,3550308,True,,35271,,,-23.6422955,-46.6509275,,,,2,2023-06-19T16:11:24+00:00
SAO_707K-10,São Paulo,3550308,True,,35271,,,-23.667625,-46.7351955,,,,2,2023-06-19T16:11:36+00:00
SAO_6063-10,São Paulo,3550308,True,,33920,,,-23.783673,-46.6827105,,,,2,2023-06-19T16:11:05+00:00
SAO_6063-10,São Paulo,3550308,True,,33920,,,-23.783673,-46.6827105,,,,2,2023-06-19T16:11:01+00:00
SAO_6063-10,São Paulo,3550308,True,,33920,,,-23.783673,-46.6827105,,,,2,2023-06-19T16:11:45+00:00
SAO_6063-10,São Paulo,3550308,True,,33920,,,-23.785048500000002,-46.6892425,,,,2,2023-06-19T16:11:23+00:00
SAO_6063-10,São Paulo,3550308,True,,33920,,,-23.7688765,-46.715727,,,,2,2023-06-19T16:09:49+00:00
SAO_6063-10,São Paulo,3550308,True,,33920,,,-23.783673,-46.6827105,,,,2,2023-06-19T16:11:22+00:00
SAO_6063-10,São Paulo,3550308,True,,33920,,,-23.783673,-46.6827105,,,,2,2023-06-19T16:11:23+00:00
SAO_6063-10,São Paulo,3550308,True,,33920,,,-23.783673,-46.6827105,,,,2,2023-06-19T16:11:09+00:00
SAO_6063-10,São Paulo,3550308,True,,33920,,,-23.783673,-46.6827105,,,,2,2023-06-19T16:11:08+00:00
SAO_6063-10,São Paulo,3550308,True,,33920,,,-23.766647,-46.716179,,,,2,2023-06-19T16:11:16+00:00
SAO_6063-10,São Paulo,3550308,True,,33920,,,-23.7834155,-46.682601000000005,,,,2,2023-06-19T16:11:42+00:00
SAO_9784-10,São Paulo,3550308,True,,33595,,,-23.4507675,-46.683319374999996,,,,2,2023-06-19T16:11:30+00:00
SAO_9784-10,São Paulo,3550308,True,,33595,,,-23.485034,-46.6531665,,,,2,2023-06-19T16:11:33+00:00
SAO_9784-10,São Paulo,3550308,True,,33595,,,-23.459813,-46.6731075,,,,2,2023-06-19T16:11:33+00:00
SAO_9784-10,São Paulo,3550308,True,,33595,,,-23.4507675,-46.683319374999996,,,,2,2023-06-19T16:11:10+00:00
SAO_9784-10,São Paulo,3550308,True,,33595,,,-23.52171225,-46.66507275,,,,2,2023-06-19T16:11:45+00:00
SAO_9784-10,São Paulo,3550308,True,,33595,,,-23.49913175,-46.66397675,,,,2,2023-06-19T16:11:38+00:00
SAO_9784-10,São Paulo,3550308,True,,33595,,,-23.4507675,-46.683319374999996,,,,2,2023-06-19T16:11:37+00:00
SAO_9784-10,São Paulo,3550308,True,,33595,,,-23.4507675,-46.683319374999996,,,,2,2023-06-19T16:11:11+00:00
SAO_546L-10,São Paulo,3550308,True,,1285,,,-23.678064999999997,-46.6840695,,,,1,2023-06-19T16:11:31+00:00
SAO_546L-10,São Paulo,3550308,True,,1285,,,-23.6542795,-46.711304,,,,1,2023-06-19T16:11:06+00:00
SAO_546L-10,São Paulo,3550308,True,,1285,,,-23.6851385,-46.646654999999996,,,,1,2023-06-19T16:08:40+00:00
SAO_546L-10,São Paulo,3550308,True,,1285,,,-23.688341,-46.63870525,,,,1,2023-06-19T16:11:12+00:00
SAO_546L-10,São Paulo,3550308,True,,1285,,,-23.6542795,-46.711304,,,,1,2023-06-19T16:11:38+00:00
SAO_7059-10,São Paulo,3550308,True,,34692,,,-23.6579765,-46.78181,,,,2,2023-06-19T16:11:35+00:00
SAO_7059-10,São Paulo,3550308,True,,34692,,,-23.649417999999997,-46.7793815,,,,2,2023-06-19T16:11:17+00:00
SAO_6036-10,São Paulo,3550308,True,,33982,,,-23.65385975,-46.79008575,,,,2,2023-06-19T16:11:29+00:00
SAO_6036-10,São Paulo,3550308,True,,33982,,,-23.6497485,-46.7062485,,,,2,2023-06-19T16:11:21+00:00
SAO_6036-10,São Paulo,3550308,True,,33982,,,-23.658293999999998,-46.7752675,,,,2,2023-06-19T16:11:35+00:00
SAO_6036-10,São Paulo,3550308,True,,33982,,,-23.643124,-46.742253000000005,,,,2,2023-06-19T16:11:11+00:00
SAO_6036-10,São Paulo,3550308,True,,33982,,,-23.65385975,-46.79008575,,,,2,2023-06-19T16:11:31+00:00
SAO_6036-10,São Paulo,3550308,True,,33982,,,-23.65385975,-46.79008575,,,,2,2023-06-19T16:11:45+00:00
SAO_6036-10,São Paulo,3550308,True,,33982,,,-23.645696,-46.779379,,,,2,2023-06-19T16:11:13+00:00
SAO_273G-10,São Paulo,3550308,True,,32991,,,-23.484342124999998,-46.434449812500006,,,,2,2023-06-19T16:09:58+00:00
SAO_273G-10,São Paulo,3550308,True,,32991,,,-23.48150775,-46.41633925,,,,2,2023-06-19T16:11:36+00:00
SAO_273G-10,São Paulo,3550308,True,,32991,,,-23.4815445,-46.41688925,,,,2,2023-06-19T16:11:29+00:00
SAO_273G-10,São Paulo,3550308,True,,32991,,,-23.48150775,-46.41633925,,,,2,2023-06-19T16:11:08+00:00
SAO_273G-10,São Paulo,3550308,True,,32991,,,-23.5239575,-46.475024250000004,,,,2,2023-06-19T16:11:07+00:00
SAO_273G-10,São Paulo,3550308,True,,32991,,,-23.49173,-46.44601225,,,,2,2023-06-19T16:10:58+00:00
SAO_273G-10,São Paulo,3550308,True,,32991,,,-23.48150775,-46.41633925,,,,2,2023-06-19T16:11:20+00:00
SAO_273G-10,São Paulo,3550308,True,,32991,,,-23.492140624999998,-46.444689125,,,,2,2023-06-19T16:11:11+00:00
SAO_273G-10,São Paulo,3550308,True,,32991,,,-23.506398875,-46.47682325,,,,2,2023-06-19T16:11:23+00:00
SAO_273G-10,São Paulo,3550308,True,,32991,,,-23.485861749999998,-46.43664325,,,,2,2023-06-19T16:10:16+00:00
SAO_6200-10,São Paulo,3550308,True,,355,,,-23.65423,-46.7120225,,,,1,2023-06-19T16:11:35+00:00
SAO_6200-10,São Paulo,3550308,True,,355,,,-23.580629000000002,-46.6799365,,,,1,2023-06-19T16:11:09+00:00
SAO_6200-10,São Paulo,3550308,True,,355,,,-23.550034,-46.642821,,,,1,2023-06-19T16:11:37+00:00
SAO_6200-10,São Paulo,3550308,True,,355,,,-23.65423,-46.7120225,,,,1,2023-06-19T16:11:21+00:00
SAO_6200-10,São Paulo,3550308,True,,355,,,-23.58542825,-46.688639499999994,,,,1,2023-06-19T16:11:14+00:00
SAO_6200-10,São Paulo,3550308,True,,355,,,-23.559058999999998,-46.654014000000004,,,,1,2023-06-19T16:11:13+00:00
SAO_6200-10,São Paulo,3550308,True,,355,,,-23.627139999999997,-46.7109685,,,,1,2023-06-19T16:11:13+00:00
SAO_6200-10,São Paulo,3550308,True,,355,,,-23.602162999999997,-46.695406500000004,,,,1,2023-06-19T16:11:39+00:00
SAO_6200-10,São Paulo,3550308,True,,355,,,-23.567838000000002,-46.6596756875,,,,1,2023-06-19T16:11:41+00:00
SAO_6200-10,São Paulo,3550308,True,,355,,,-23.65423,-46.7120225,,,,1,2023-06-19T16:11:32+00:00
SAO_6200-10,São Paulo,3550308,True,,355,,,-23.65334,-46.7210915,,,,1,2023-06-19T16:11:25+00:00
SAO_6200-10,São Paulo,3550308,True,,355,,,-23.654415,-46.714738,,,,1,2023-06-19T16:11:41+00:00
SAO_6200-10,São Paulo,3550308,True,,355,,,-23.65423,-46.7120225,,,,1,2023-06-19T16:11:04+00:00
SAO_6200-10,São Paulo,3550308,True,,355,,,-23.6543415,-46.714342,,,,1,2023-06-19T16:11:41+00:00
SAO_6200-10,São Paulo,3550308,True,,355,,,-23.57470325,-46.66798862500001,,,,1,2023-06-19T16:11:44+00:00
SAO_6200-10,São Paulo,3550308,True,,355,,,-23.5491125,-46.640139500000004,,,,1,2023-06-19T16:11:06+00:00
SAO_6200-10,São Paulo,3550308,True,,355,,,-23.65472075,-46.7161605,,,,1,2023-06-19T16:11:12+00:00
SAO_6200-10,São Paulo,3550308,True,,355,,,-23.6546015,-46.715593,,,,1,2023-06-19T16:11:22+00:00
SAO_857R-10,São Paulo,3550308,True,,1892,,,-23.564383,-46.6300705,,,,1,2023-06-19T16:11:29+00:00
SAO_857R-10,São Paulo,3550308,True,,1892,,,-23.607091,-46.750694,,,,1,2023-06-19T16:11:32+00:00
SAO_857R-10,São Paulo,3550308,True,,1892,,,-23.5605665,-46.671968,,,,1,2023-06-19T16:11:20+00:00
SAO_857R-10,São Paulo,3550308,True,,1892,,,-23.577517,-46.640930999999995,,,,1,2023-06-19T16:11:03+00:00
SAO_857R-10,São Paulo,3550308,True,,1892,,,-23.6308255,-46.772924,,,,1,2023-06-19T16:11:25+00:00
SAO_1019-10,São Paulo,3550308,True,,2495,,,-23.438713999999997,-46.760679499999995,,,,1,2023-06-19T16:11:36+00:00
SAO_1019-10,São Paulo,3550308,True,,2495,,,-23.486492,-46.725708499999996,,,,1,2023-06-19T16:11:39+00:00
SAO_971V-10,São Paulo,3550308,True,,33387,,,-23.4501845,-46.6797265,,,,2,2023-06-19T16:11:28+00:00
SAO_971V-10,São Paulo,3550308,True,,33387,,,-23.4513575,-46.691139,,,,2,2023-06-19T16:11:26+00:00
SAO_971V-10,São Paulo,3550308,True,,33387,,,-23.514200000000002,-46.616057,,,,2,2023-06-19T16:11:16+00:00
SAO_971V-10,São Paulo,3550308,True,,33387,,,-23.4513575,-46.691139,,,,2,2023-06-19T16:11:30+00:00
SAO_971V-10,São Paulo,3550308,True,,33387,,,-23.467498,-46.6781805,,,,2,2023-06-19T16:11:20+00:00
SAO_971V-10,São Paulo,3550308,True,,33387,,,-23.504861374999997,-46.624694625000004,,,,2,2023-06-19T16:11:40+00:00
SAO_971V-10,São Paulo,3550308,True,,33387,,,-23.451717000000002,-46.6916545,,,,2,2023-06-19T16:11:43+00:00
SAO_971V-10,São Paulo,3550308,True,,33387,,,-23.514200000000002,-46.616057,,,,2,2023-06-19T16:11:11+00:00
SAO_971V-10,São Paulo,3550308,True,,33387,,,-23.499736249999998,-46.644031,,,,2,2023-06-19T16:11:10+00:00
SAO_5391-10,São Paulo,3550308,True,,32939,,,-23.661175,-46.7072285,,,,2,2023-06-19T16:10:50+00:00
SAO_5391-10,São Paulo,3550308,True,,32939,,,-23.692995500000002,-46.7785065,,,,2,2023-06-19T16:11:38+00:00
SAO_5391-10,São Paulo,3550308,True,,32939,,,-23.66945775,-46.736089750000005,,,,2,2023-06-19T16:11:34+00:00
SAO_5391-10,São Paulo,3550308,True,,32939,,,-23.692423,-46.7776975,,,,2,2023-06-19T16:11:38+00:00
SAO_5391-10,São Paulo,3550308,True,,32939,,,-23.632997500000002,-46.6898645,,,,2,2023-06-19T16:11:15+00:00
SAO_5391-10,São Paulo,3550308,True,,32939,,,-23.692423,-46.7776975,,,,2,2023-06-19T16:11:15+00:00
SAO_5391-10,São Paulo,3550308,True,,32939,,,-23.677212500000003,-46.760749000000004,,,,2,2023-06-19T16:09:52+00:00
SAO_5391-10,São Paulo,3550308,True,,32939,,,-23.58114725,-46.6574995,,,,2,2023-06-19T16:11:03+00:00
SAO_5391-10,São Paulo,3550308,True,,32939,,,-23.60177525,-46.660615750000005,,,,2,2023-06-19T16:11:37+00:00
SAO_5391-10,São Paulo,3550308,True,,32939,,,-23.677001500000003,-46.758407,,,,2,2023-06-19T16:10:25+00:00
SAO_209P-10,São Paulo,3550308,True,,34984,,,-23.5288775,-46.67605325,,,,2,2023-06-19T16:11:07+00:00
SAO_209P-10,São Paulo,3550308,True,,34984,,,-23.563358125,-46.687176750000006,,,,2,2023-06-19T16:11:44+00:00
SAO_209P-10,São Paulo,3550308,True,,34984,,,-23.473060250000003,-46.6701395,,,,2,2023-06-19T16:11:44+00:00
SAO_209P-10,São Paulo,3550308,True,,34984,,,-23.47249975,-46.670207000000005,,,,2,2023-06-19T16:11:01+00:00
SAO_209P-10,São Paulo,3550308,True,,34984,,,-23.521587500000003,-46.66584,,,,2,2023-06-19T16:11:33+00:00
SAO_209P-10,São Paulo,3550308,True,,34984,,,-23.5666285,-46.7017565,,,,2,2023-06-19T16:11:01+00:00
SAO_209P-10,São Paulo,3550308,True,,34984,,,-23.567616375,-46.6967335,,,,2,2023-06-19T16:11:13+00:00
SAO_209P-10,São Paulo,3550308,True,,34984,,,-23.5152745,-46.689216,,,,2,2023-06-19T16:11:15+00:00
SAO_209P-10,São Paulo,3550308,True,,34984,,,-23.501179,-46.6866445,,,,2,2023-06-19T16:11:27+00:00
SAO_209P-10,São Paulo,3550308,True,,34984,,,-23.523577,-46.6679015,,,,2,2023-06-19T16:11:41+00:00
SAO_209P-10,São Paulo,3550308,True,,34984,,,-23.4833535,-46.678481500000004,,,,2,2023-06-19T16:11:29+00:00
SAO_6816-31,São Paulo,3550308,True,,34516,,,-23.648206000000002,-46.784783000000004,,,,2,2023-06-19T16:11:08+00:00
SAO_6816-31,São Paulo,3550308,True,,34516,,,-23.6486765,-46.784786999999994,,,,2,2023-06-19T16:11:01+00:00
SAO_373L-10,São Paulo,3550308,True,,33795,,,-23.542361,-46.4705955,,,,2,2023-06-19T16:11:36+00:00
SAO_373L-10,São Paulo,3550308,True,,33795,,,-23.6227125,-46.414294,,,,2,2023-06-19T16:11:25+00:00
SAO_373L-10,São Paulo,3550308,True,,33795,,,-23.596887000000002,-46.4352085,,,,2,2023-06-19T16:11:20+00:00
SAO_373L-10,São Paulo,3550308,True,,33795,,,-23.569568,-46.459152,,,,2,2023-06-19T16:11:33+00:00
SAO_971R-10,São Paulo,3550308,True,,33382,,,-23.4422735,-46.706749,,,,2,2023-06-19T16:10:58+00:00
SAO_971R-10,São Paulo,3550308,True,,33382,,,-23.433237,-46.7274395,,,,2,2023-06-19T16:10:53+00:00
SAO_971R-10,São Paulo,3550308,True,,33382,,,-23.479886,-46.658485,,,,2,2023-06-19T16:11:01+00:00
SAO_971R-10,São Paulo,3550308,True,,33382,,,-23.454124,-46.7375855,,,,2,2023-06-19T16:11:28+00:00
SAO_971R-10,São Paulo,3550308,True,,33382,,,-23.497042,-46.637935999999996,,,,2,2023-06-19T16:11:40+00:00
SAO_971R-10,São Paulo,3550308,True,,33382,,,-23.445772499999997,-46.7359,,,,2,2023-06-19T16:11:13+00:00
SAO_971R-10,São Paulo,3550308,True,,33382,,,-23.473550250000002,-46.670976249999995,,,,2,2023-06-19T16:11:17+00:00
SAO_971R-10,São Paulo,3550308,True,,33382,,,-23.459582750000003,-46.68836775,,,,2,2023-06-19T16:11:24+00:00
SAO_2016-10,São Paulo,3550308,True,,33670,,,-23.494972,-46.409319499999995,,,,2,2023-06-19T16:11:30+00:00
SAO_2016-10,São Paulo,3550308,True,,33670,,,-23.503359250000003,-46.375994750000004,,,,2,2023-06-19T16:11:32+00:00
SAO_2016-10,São Paulo,3550308,True,,33670,,,-23.50372375,-46.376094249999994,,,,2,2023-06-19T16:11:38+00:00
SAO_2016-10,São Paulo,3550308,True,,33670,,,-23.503051,-46.376431,,,,2,2023-06-19T16:06:15+00:00
SAO_2016-10,São Paulo,3550308,True,,33670,,,-23.4944635,-46.439930000000004,,,,2,2023-06-19T16:11:29+00:00
SAO_709G-10,São Paulo,3550308,True,,34788,,,-23.636039,-46.6954255,,,,2,2023-06-19T16:11:30+00:00
SAO_709G-10,São Paulo,3550308,True,,34788,,,-23.6657155,-46.712301499999995,,,,2,2023-06-19T16:11:09+00:00
SAO_709G-10,São Paulo,3550308,True,,34788,,,-23.6687515,-46.735510000000005,,,,2,2023-06-19T16:11:11+00:00
SAO_1783-10,São Paulo,3550308,True,,33412,,,-23.3988855,-46.5776345,,,,2,2023-06-19T16:11:25+00:00
SAO_1783-10,São Paulo,3550308,True,,33412,,,-23.4579565,-46.602463,,,,2,2023-06-19T16:10:40+00:00
SAO_1783-10,São Paulo,3550308,True,,33412,,,-23.475134750000002,-46.608689749999996,,,,2,2023-06-19T16:11:01+00:00
SAO_1783-10,São Paulo,3550308,True,,33412,,,-23.430778250000003,-46.59381275,,,,2,2023-06-19T16:11:05+00:00
SAO_1783-10,São Paulo,3550308,True,,33412,,,-23.398296000000002,-46.577902,,,,2,2023-06-19T16:11:15+00:00
SAO_1783-10,São Paulo,3550308,True,,33412,,,-23.3988855,-46.5776345,,,,2,2023-06-19T16:11:10+00:00
SAO_1783-10,São Paulo,3550308,True,,33412,,,-23.398522,-46.578048,,,,2,2023-06-19T16:11:03+00:00
SAO_7053-22,São Paulo,3550308,True,,34664,,,-23.631028999999998,-46.7731495,,,,2,2023-06-19T16:11:09+00:00
SAO_7053-22,São Paulo,3550308,True,,34664,,,-23.645042500000002,-46.789187999999996,,,,2,2023-06-19T16:11:07+00:00
SAO_4724-10,São Paulo,3550308,True,,34828,,,-23.530963,-46.502753,,,,2,2023-06-19T16:11:24+00:00
SAO_4724-10,São Paulo,3550308,True,,34828,,,-23.530963,-46.502753,,,,2,2023-06-19T16:11:12+00:00
SAO_2161-10,São Paulo,3550308,True,,694,,,-23.535411125000003,-46.61852987500001,,,,1,2023-06-19T16:08:20+00:00
SAO_2161-10,São Paulo,3550308,True,,694,,,-23.480052125,-46.580287999999996,,,,1,2023-06-19T16:11:23+00:00
SAO_2161-10,São Paulo,3550308,True,,694,,,-23.5423885,-46.6351365,,,,1,2023-06-19T16:11:13+00:00
SAO_1178-10,São Paulo,3550308,True,,132,,,-23.48569175,-46.478812000000005,,,,1,2023-06-19T16:11:35+00:00
SAO_1178-10,São Paulo,3550308,True,,132,,,-23.493128249999998,-46.442384000000004,,,,1,2023-06-19T16:11:19+00:00
SAO_1178-10,São Paulo,3550308,True,,132,,,-23.541905,-46.635033,,,,1,2023-06-19T16:11:38+00:00
SAO_1178-10,São Paulo,3550308,True,,132,,,-23.508931750000002,-46.53887575,,,,1,2023-06-19T16:09:08+00:00
SAO_1178-10,São Paulo,3550308,True,,132,,,-23.5180465,-46.6305755,,,,1,2023-06-19T16:11:42+00:00
SAO_1178-10,São Paulo,3550308,True,,132,,,-23.5063845,-46.5316105,,,,1,2023-06-19T16:11:27+00:00
SAO_1178-10,São Paulo,3550308,True,,132,,,-23.5268725,-46.582482,,,,1,2023-06-19T16:11:22+00:00
SAO_6835-10,São Paulo,3550308,True,,32780,,,-23.6875135,-46.800892000000005,,,,2,2023-06-19T16:11:02+00:00
SAO_6835-10,São Paulo,3550308,True,,32780,,,-23.6875135,-46.800892000000005,,,,2,2023-06-19T16:11:03+00:00
SAO_6835-10,São Paulo,3550308,True,,32780,,,-23.6787285,-46.779024,,,,2,2023-06-19T16:11:13+00:00
SAO_6835-10,São Paulo,3550308,True,,32780,,,-23.687793,-46.800698499999996,,,,2,2023-06-19T16:11:38+00:00
SAO_677Y-10,São Paulo,3550308,True,,1240,,,-23.6836685,-46.7890555,,,,1,2023-06-19T16:11:20+00:00
SAO_677Y-10,São Paulo,3550308,True,,1240,,,-23.66215,-46.7691005,,,,1,2023-06-19T16:11:29+00:00
SAO_677Y-10,São Paulo,3550308,True,,1240,,,-23.6517585,-46.75778675,,,,1,2023-06-19T16:11:34+00:00
SAO_677Y-10,São Paulo,3550308,True,,1240,,,-23.649341,-46.750743,,,,1,2023-06-19T16:11:15+00:00
SAO_677Y-10,São Paulo,3550308,True,,1240,,,-23.6836685,-46.7890555,,,,1,2023-06-19T16:11:00+00:00
SAO_677Y-10,São Paulo,3550308,True,,1240,,,-23.679377,-46.795765,,,,1,2023-06-19T16:11:21+00:00
SAO_677Y-10,São Paulo,3550308,True,,1240,,,-23.6836685,-46.7890555,,,,1,2023-06-19T16:11:39+00:00
SAO_677Y-10,São Paulo,3550308,True,,1240,,,-23.6930195,-46.7977425,,,,1,2023-06-19T16:11:39+00:00
SAO_8549-10,São Paulo,3550308,True,EMTU,580,https://moovitapp.com/index/pt-br/transporte_p%C3%BAblico-line-580-Sao_Paulo-242-2038937-36419570-0,7.55,-23.4406575,-46.7082365,,,,1,2023-06-19T16:11:06+00:00
SAO_8549-10,São Paulo,3550308,True,EMTU,580,https://moovitapp.com/index/pt-br/transporte_p%C3%BAblico-line-580-Sao_Paulo-242-2038937-36419570-0,7.55,-23.501570875,-46.694356125,,,,1,2023-06-19T16:11:41+00:00
SAO_8549-10,São Paulo,3550308,True,EMTU,580,https://moovitapp.com/index/pt-br/transporte_p%C3%BAblico-line-580-Sao_Paulo-242-2038937-36419570-0,7.55,-23.52502425,-46.68442075,,,,1,2023-06-19T16:11:08+00:00
SAO_8549-10,São Paulo,3550308,True,EMTU,580,https://moovitapp.com/index/pt-br/transporte_p%C3%BAblico-line-580-Sao_Paulo-242-2038937-36419570-0,7.55,-23.534230875000002,-46.654912749999994,,,,1,2023-06-19T16:11:24+00:00
SAO_8549-10,São Paulo,3550308,True,EMTU,580,https://moovitapp.com/index/pt-br/transporte_p%C3%BAblico-line-580-Sao_Paulo-242-2038937-36419570-0,7.55,-23.542703,-46.636098,,,,1,2023-06-19T16:11:20+00:00
SAO_9354-10,São Paulo,3550308,True,,708,,,-23.502521,-46.653410750000006,,,,1,2023-06-19T16:11:31+00:00
SAO_9354-10,São Paulo,3550308,True,,708,,,-23.47481775,-46.66588125,,,,1,2023-06-19T16:11:14+00:00
SAO_9354-10,São Paulo,3550308,True,,708,,,-23.4741955,-46.6696295,,,,1,2023-06-19T16:11:04+00:00
SAO_9354-10,São Paulo,3550308,True,,708,,,-23.4742495,-46.669781,,,,1,2023-06-19T16:11:28+00:00
SAO_9354-10,São Paulo,3550308,True,,708,,,-23.53906225,-46.640638,,,,1,2023-06-19T16:11:32+00:00
SAO_809A-10,São Paulo,3550308,True,,34837,,,-23.575720750000002,-46.77557075,,,,2,2023-06-19T16:11:37+00:00
SAO_809A-10,São Paulo,3550308,True,,34837,,,-23.5829615,-46.783501,,,,2,2023-06-19T16:11:39+00:00
SAO_809A-10,São Paulo,3550308,True,,34837,,,-23.57543225,-46.77549825,,,,2,2023-06-19T16:11:28+00:00
SAO_809A-10,São Paulo,3550308,True,,34837,,,-23.57543225,-46.77549825,,,,2,2023-06-19T16:11:26+00:00
SAO_809A-10,São Paulo,3550308,True,,34837,,,-23.5758685,-46.775931,,,,2,2023-06-19T16:11:04+00:00
SAO_809A-10,São Paulo,3550308,True,,34837,,,-23.575720750000002,-46.77557075,,,,2,2023-06-19T16:11:10+00:00
SAO_809A-10,São Paulo,3550308,True,,34837,,,-23.575924999999998,-46.779655500000004,,,,2,2023-06-19T16:11:46+00:00
SAO_809A-10,São Paulo,3550308,True,,34837,,,-23.572155000000002,-46.70553525,,,,2,2023-06-19T16:11:42+00:00
SAO_857R-10,São Paulo,3550308,True,,34660,,,-23.6313825,-46.77286,,,,2,2023-06-19T16:11:42+00:00
SAO_857R-10,São Paulo,3550308,True,,34660,,,-23.5663744375,-46.6504566875,,,,2,2023-06-19T16:08:11+00:00
SAO_857R-10,São Paulo,3550308,True,,34660,,,-23.631026499999997,-46.773642,,,,2,2023-06-19T16:11:15+00:00
SAO_857R-10,São Paulo,3550308,True,,34660,,,-23.57623475,-46.707577,,,,2,2023-06-19T16:11:22+00:00
SAO_857R-10,São Paulo,3550308,True,,34660,,,-23.604568,-46.745587,,,,2,2023-06-19T16:11:19+00:00
SAO_857R-10,São Paulo,3550308,True,,34660,,,-23.5684265,-46.633215,,,,2,2023-06-19T16:11:29+00:00
SAO_857R-10,São Paulo,3550308,True,,34660,,,-23.6310935,-46.773485,,,,2,2023-06-19T16:11:19+00:00
SAO_677Y-10,São Paulo,3550308,True,,34008,,,-23.642427499999997,-46.739006,,,,2,2023-06-19T16:11:09+00:00
SAO_677Y-10,São Paulo,3550308,True,,34008,,,-23.655250000000002,-46.761338,,,,2,2023-06-19T16:11:05+00:00
SAO_677Y-10,São Paulo,3550308,True,,34008,,,-23.6891535,-46.799901,,,,2,2023-06-19T16:11:09+00:00
SAO_677Y-10,São Paulo,3550308,True,,34008,,,-23.6861745,-46.801913,,,,2,2023-06-19T16:11:32+00:00
SAO_677Y-10,São Paulo,3550308,True,,34008,,,-23.668273,-46.784604,,,,2,2023-06-19T16:11:29+00:00
SAO_677Y-10,São Paulo,3550308,True,,34008,,,-23.68357,-46.7894015,,,,2,2023-06-19T16:11:17+00:00
SAO_677Y-10,São Paulo,3550308,True,,34008,,,-23.683449,-46.7889465,,,,2,2023-06-19T16:11:28+00:00
SAO_7055-10,São Paulo,3550308,True,,34656,,,-23.683218,-46.7892375,,,,2,2023-06-19T16:11:26+00:00
SAO_7055-10,São Paulo,3550308,True,,34656,,,-23.6805715,-46.782289000000006,,,,2,2023-06-19T16:11:14+00:00
SAO_7055-10,São Paulo,3550308,True,,34656,,,-23.6614595,-46.768571,,,,2,2023-06-19T16:11:17+00:00
SAO_7055-10,São Paulo,3550308,True,,34656,,,-23.6925175,-46.7912115,,,,2,2023-06-19T16:11:02+00:00
SAO_7055-10,São Paulo,3550308,True,,34656,,,-23.6923765,-46.7911055,,,,2,2023-06-19T16:11:20+00:00
SAO_7055-10,São Paulo,3550308,True,,34656,,,-23.692973,-46.7912575,,,,2,2023-06-19T16:11:14+00:00
SAO_7055-10,São Paulo,3550308,True,,34656,,,-23.6921555,-46.7909265,,,,2,2023-06-19T16:11:04+00:00
SAO_7055-10,São Paulo,3550308,True,,34656,,,-23.643807,-46.779624,,,,2,2023-06-19T16:11:13+00:00
SAO_7055-10,São Paulo,3550308,True,,34656,,,-23.692973,-46.7912575,,,,2,2023-06-19T16:11:42+00:00
SAO_7055-10,São Paulo,3550308,True,,34656,,,-23.692669000000002,-46.790323,,,,2,2023-06-19T16:11:29+00:00
SAO_7055-10,São Paulo,3550308,True,,34656,,,-23.631028999999998,-46.7731495,,,,2,2023-06-19T16:11:10+00:00
SAO_5142-10,São Paulo,3550308,True,,34394,,,-23.546727,-46.629723999999996,,,,2,2023-06-19T16:11:01+00:00
SAO_5142-10,São Paulo,3550308,True,,34394,,,-23.58525975,-46.5894495,,,,2,2023-06-19T16:11:11+00:00
SAO_5142-10,São Paulo,3550308,True,,34394,,,-23.620425,-46.50976,,,,2,2023-06-19T16:11:18+00:00
SAO_5142-10,São Paulo,3550308,True,,34394,,,-23.60548,-46.513875,,,,2,2023-06-19T16:11:27+00:00
SAO_5142-10,São Paulo,3550308,True,,34394,,,-23.61459425,-46.500975,,,,2,2023-06-19T16:11:31+00:00
SAO_5142-10,São Paulo,3550308,True,,34394,,,-23.55935575,-46.62957300000001,,,,2,2023-06-19T16:11:19+00:00
SAO_5142-10,São Paulo,3550308,True,,34394,,,-23.613987,-46.5014315,,,,2,2023-06-19T16:10:59+00:00
SAO_5142-10,São Paulo,3550308,True,,34394,,,-23.5872705,-46.556492500000004,,,,2,2023-06-19T16:11:06+00:00
SAO_5142-10,São Paulo,3550308,True,,34394,,,-23.6148035,-46.5002005,,,,2,2023-06-19T16:11:44+00:00
SAO_5142-10,São Paulo,3550308,True,,34394,,,-23.54657,-46.6301735,,,,2,2023-06-19T16:11:19+00:00
SAO_5142-10,São Paulo,3550308,True,,34394,,,-23.6031135,-46.528832,,,,2,2023-06-19T16:11:29+00:00
SAO_107T-10,São Paulo,3550308,True,,33389,,,-23.5474995,-46.640241,,,,2,2023-06-19T16:11:30+00:00
SAO_107T-10,São Paulo,3550308,True,,33389,,,-23.4810725,-46.603761500000005,,,,2,2023-06-19T16:11:24+00:00
SAO_107T-10,São Paulo,3550308,True,,33389,,,-23.510962125000002,-46.624883,,,,2,2023-06-19T16:11:07+00:00
SAO_107T-10,São Paulo,3550308,True,,33389,,,-23.48056,-46.606139999999996,,,,2,2023-06-19T16:11:43+00:00
SAO_107T-10,São Paulo,3550308,True,,33389,,,-23.577779375,-46.680732000000006,,,,2,2023-06-19T16:11:34+00:00
SAO_107T-10,São Paulo,3550308,True,,33389,,,-23.56361425,-46.665955749999995,,,,2,2023-06-19T16:11:27+00:00
SAO_107T-10,São Paulo,3550308,True,,33389,,,-23.481503500000002,-46.60353,,,,2,2023-06-19T16:11:20+00:00
SAO_107T-10,São Paulo,3550308,True,,33389,,,-23.567713500000004,-46.6992255,,,,2,2023-06-19T16:11:23+00:00
SAO_107T-10,São Paulo,3550308,True,,33389,,,-23.4809415,-46.603984499999996,,,,2,2023-06-19T16:11:09+00:00
SAO_107T-10,São Paulo,3550308,True,,33389,,,-23.530500000000004,-46.63181625,,,,2,2023-06-19T16:11:30+00:00
SAO_107T-10,São Paulo,3550308,True,,33389,,,-23.5510145,-46.649386375000006,,,,2,2023-06-19T16:11:37+00:00
SAO_107T-10,São Paulo,3550308,True,,33389,,,-23.4810725,-46.603761500000005,,,,2,2023-06-19T16:11:06+00:00
SAO_856R-10,São Paulo,3550308,True,,34196,,,-23.5834435,-46.682930999999996,,,,2,2023-06-19T16:11:23+00:00
SAO_856R-10,São Paulo,3550308,True,,34196,,,-23.576174,-46.6874595,,,,2,2023-06-19T16:11:18+00:00
SAO_856R-10,São Paulo,3550308,True,,34196,,,-23.522599999999997,-46.697702,,,,2,2023-06-19T16:11:29+00:00
SAO_856R-10,São Paulo,3550308,True,,34196,,,-23.524238500000003,-46.68389,,,,2,2023-06-19T16:11:30+00:00
SAO_856R-10,São Paulo,3550308,True,,34196,,,-23.5960915,-46.6732855,,,,2,2023-06-19T16:11:22+00:00
SAO_856R-10,São Paulo,3550308,True,,34196,,,-23.522837499999998,-46.697286375000004,,,,2,2023-06-19T16:11:04+00:00
SAO_856R-10,São Paulo,3550308,True,,34196,,,-23.630505499999998,-46.6902685,,,,2,2023-06-19T16:11:32+00:00
SAO_856R-10,São Paulo,3550308,True,,34196,,,-23.522726,-46.6977065,,,,2,2023-06-19T16:11:13+00:00
SAO_856R-10,São Paulo,3550308,True,,34196,,,-23.6505916875,-46.70449843750001,,,,2,2023-06-19T16:11:22+00:00
SAO_856R-10,São Paulo,3550308,True,,34196,,,-23.5396365,-46.683037,,,,2,2023-06-19T16:11:27+00:00
SAO_856R-10,São Paulo,3550308,True,,34196,,,-23.52722,-46.6812985,,,,2,2023-06-19T16:11:33+00:00
SAO_856R-10,São Paulo,3550308,True,,34196,,,-23.5224215,-46.697696,,,,2,2023-06-19T16:11:15+00:00
SAO_856R-10,São Paulo,3550308,True,,34196,,,-23.564370625,-46.68886175,,,,2,2023-06-19T16:11:34+00:00
SAO_5110-24,São Paulo,3550308,True,,35227,,,-23.594706375,-46.538557000000004,,,,2,2023-06-19T16:11:30+00:00
SAO_5110-24,São Paulo,3550308,True,,35227,,,-23.5847485,-46.5826495,,,,2,2023-06-19T16:11:10+00:00
SAO_5110-24,São Paulo,3550308,True,,35227,,,-23.587476,-46.5460555,,,,2,2023-06-19T16:11:23+00:00
SAO_5110-24,São Paulo,3550308,True,,35227,,,-23.6126975,-46.480405000000005,,,,2,2023-06-19T16:11:40+00:00
SAO_4018-10,São Paulo,3550308,True,,34959,,,-23.60109525,-46.39926,,,,2,2023-06-19T16:11:14+00:00
SAO_4018-10,São Paulo,3550308,True,,34959,,,-23.600070000000002,-46.4004245,,,,2,2023-06-19T16:11:22+00:00
SAO_4018-10,São Paulo,3550308,True,,34959,,,-23.594445,-46.4252945,,,,2,2023-06-19T16:11:32+00:00
SAO_4018-10,São Paulo,3550308,True,,34959,,,-23.6006425,-46.3996595,,,,2,2023-06-19T16:11:24+00:00
SAO_4018-10,São Paulo,3550308,True,,34959,,,-23.60109525,-46.39926,,,,2,2023-06-19T16:11:03+00:00
SAO_4018-10,São Paulo,3550308,True,,34959,,,-23.596272999999997,-46.435561500000006,,,,2,2023-06-19T16:11:08+00:00
SAO_4018-10,São Paulo,3550308,True,,34959,,,-23.60186025,-46.398567,,,,2,2023-06-19T16:11:17+00:00
SAO_4018-10,São Paulo,3550308,True,,34959,,,-23.6006425,-46.3996595,,,,2,2023-06-19T16:11:26+00:00
SAO_4018-10,São Paulo,3550308,True,,34959,,,-23.613653,-46.4766475,,,,2,2023-06-19T16:11:02+00:00
SAO_4018-10,São Paulo,3550308,True,,34959,,,-23.598122,-46.4590885,,,,2,2023-06-19T16:11:11+00:00
SAO_4018-10,São Paulo,3550308,True,,34959,,,-23.6008165,-46.399510500000005,,,,2,2023-06-19T16:11:35+00:00
SAO_4018-10,São Paulo,3550308,True,,34959,,,-23.581291,-46.4146645,,,,2,2023-06-19T16:11:34+00:00
SAO_4018-10,São Paulo,3550308,True,,34959,,,-23.6008165,-46.399510500000005,,,,2,2023-06-19T16:11:19+00:00
SAO_524M-10,São Paulo,3550308,True,,1631,,,-23.614488,-46.501662499999995,,,,1,2023-06-19T16:11:32+00:00
SAO_524M-10,São Paulo,3550308,True,,1631,,,-23.592233999999998,-46.501965,,,,1,2023-06-19T16:11:14+00:00
SAO_524M-10,São Paulo,3550308,True,,1631,,,-23.597476999999998,-46.50051325,,,,1,2023-06-19T16:11:29+00:00
SAO_524M-10,São Paulo,3550308,True,,1631,,,-23.564069,-46.5051995,,,,1,2023-06-19T16:11:30+00:00
SAO_524M-10,São Paulo,3550308,True,,1631,,,-23.57136325,-46.51021,,,,1,2023-06-19T16:11:16+00:00
SAO_524M-10,São Paulo,3550308,True,,1631,,,-23.612894,-46.494513,,,,1,2023-06-19T16:11:40+00:00
SAO_524M-10,São Paulo,3550308,True,,1631,,,-23.621944499999998,-46.4953695,,,,1,2023-06-19T16:11:10+00:00
SAO_4718-10,São Paulo,3550308,True,EMTU,336,https://moovitapp.com/index/pt-br/transporte_p%C3%BAblico-line-336-Sao_Paulo-242-2038937-36419421-0,4.8,-23.612381499999998,-46.6270155,,,,1,2023-06-19T16:11:30+00:00
SAO_6913-10,São Paulo,3550308,True,,1465,,,-23.6503890625,-46.7043493125,,,,1,2023-06-19T16:11:08+00:00
SAO_6913-10,São Paulo,3550308,True,,1465,,,-23.5653085,-46.657319,,,,1,2023-06-19T16:11:40+00:00
SAO_6913-10,São Paulo,3550308,True,,1465,,,-23.60327675,-46.674589375,,,,1,2023-06-19T16:11:14+00:00
SAO_6913-10,São Paulo,3550308,True,,1465,,,-23.662343874999998,-46.706628,,,,1,2023-06-19T16:11:09+00:00
SAO_6913-10,São Paulo,3550308,True,,1465,,,-23.767560000000003,-46.7161905,,,,1,2023-06-19T16:11:15+00:00
SAO_6913-10,São Paulo,3550308,True,,1465,,,-23.59107125,-46.672537500000004,,,,1,2023-06-19T16:11:30+00:00
SAO_6913-10,São Paulo,3550308,True,,1465,,,-23.59324375,-46.672788,,,,1,2023-06-19T16:11:28+00:00
SAO_6913-10,São Paulo,3550308,True,,1465,,,-23.7451125,-46.707049999999995,,,,1,2023-06-19T16:11:40+00:00
SAO_6913-10,São Paulo,3550308,True,,1465,,,-23.767560000000003,-46.7161905,,,,1,2023-06-19T16:11:37+00:00
SAO_6913-10,São Paulo,3550308,True,,1465,,,-23.5923825,-46.672694,,,,1,2023-06-19T16:11:21+00:00
SAO_6913-10,São Paulo,3550308,True,,1465,,,-23.76320875,-46.7159145,,,,1,2023-06-19T16:11:06+00:00
SAO_6913-10,São Paulo,3550308,True,,1465,,,-23.76784525,-46.71674175,,,,1,2023-06-19T16:11:41+00:00
SAO_6913-10,São Paulo,3550308,True,,1465,,,-23.694004999999997,-46.7147645,,,,1,2023-06-19T16:11:21+00:00
SAO_6913-10,São Paulo,3550308,True,,1465,,,-23.729495,-46.69856875,,,,1,2023-06-19T16:11:35+00:00
SAO_6913-10,São Paulo,3550308,True,,1465,,,-23.578503750000003,-46.670928,,,,1,2023-06-19T16:11:06+00:00
SAO_6913-10,São Paulo,3550308,True,,1465,,,-23.629392,-46.689461875,,,,1,2023-06-19T16:11:41+00:00
SAO_9011-10,São Paulo,3550308,True,,878,,,-23.45467,-46.738116000000005,,,,1,2023-06-19T16:11:11+00:00
SAO_9011-10,São Paulo,3550308,True,,878,,,-23.4744005,-46.669729000000004,,,,1,2023-06-19T16:11:30+00:00
SAO_9011-10,São Paulo,3550308,True,,878,,,-23.45467,-46.738116000000005,,,,1,2023-06-19T16:11:38+00:00
SAO_9011-10,São Paulo,3550308,True,,878,,,-23.455841,-46.692636,,,,1,2023-06-19T16:11:16+00:00
SAO_9011-10,São Paulo,3550308,True,,878,,,-23.45467,-46.738116000000005,,,,1,2023-06-19T16:11:06+00:00
SAO_9011-10,São Paulo,3550308,True,,878,,,-23.45467,-46.738116000000005,,,,1,2023-06-19T16:11:25+00:00
SAO_9011-10,São Paulo,3550308,True,,878,,,-23.443102,-46.7199815,,,,1,2023-06-19T16:11:04+00:00
SAO_9011-10,São Paulo,3550308,True,,878,,,-23.45467,-46.738116000000005,,,,1,2023-06-19T16:11:29+00:00
SAO_9011-10,São Paulo,3550308,True,,878,,,-23.45467,-46.738116000000005,,,,1,2023-06-19T16:11:05+00:00
SAO_695H-10,São Paulo,3550308,True,,33964,,,-23.7651775,-46.717553,,,,2,2023-06-19T16:11:14+00:00
SAO_695H-10,São Paulo,3550308,True,,33964,,,-23.78837,-46.715108,,,,2,2023-06-19T16:11:05+00:00
SAO_695H-10,São Paulo,3550308,True,,33964,,,-23.78837,-46.715108,,,,2,2023-06-19T16:11:22+00:00
SAO_695H-10,São Paulo,3550308,True,,33964,,,-23.78837,-46.715108,,,,2,2023-06-19T16:11:27+00:00
SAO_695H-10,São Paulo,3550308,True,,33964,,,-23.67657975,-46.696490499999996,,,,2,2023-06-19T16:10:03+00:00
SAO_695H-10,São Paulo,3550308,True,,33964,,,-23.660927,-46.707567499999996,,,,2,2023-06-19T16:11:32+00:00
SAO_695H-10,São Paulo,3550308,True,,33964,,,-23.78837,-46.715108,,,,2,2023-06-19T16:11:22+00:00
SAO_695H-10,São Paulo,3550308,True,,33964,,,-23.7669725,-46.721113,,,,2,2023-06-19T16:11:22+00:00
SAO_1709-10,São Paulo,3550308,True,,33619,,,-23.458576,-46.6023755,,,,2,2023-06-19T16:08:09+00:00
SAO_1709-10,São Paulo,3550308,True,,33619,,,-23.477647500000003,-46.605779999999996,,,,2,2023-06-19T16:11:38+00:00
SAO_1709-10,São Paulo,3550308,True,,33619,,,-23.4442895,-46.592011,,,,2,2023-06-19T16:11:31+00:00
SAO_1709-10,São Paulo,3550308,True,,33619,,,-23.479985,-46.603936000000004,,,,2,2023-06-19T16:11:12+00:00
SAO_1709-10,São Paulo,3550308,True,,33619,,,-23.479985,-46.603936000000004,,,,2,2023-06-19T16:11:25+00:00
SAO_1709-10,São Paulo,3550308,True,,33619,,,-23.440907,-46.5816925,,,,2,2023-06-19T16:11:01+00:00
SAO_1709-10,São Paulo,3550308,True,,33619,,,-23.440907,-46.5816925,,,,2,2023-06-19T16:11:20+00:00
SAO_1709-10,São Paulo,3550308,True,,33619,,,-23.440907,-46.5816925,,,,2,2023-06-19T16:11:21+00:00
SAO_6084-10,São Paulo,3550308,True,,33937,,,-23.7804005,-46.6732885,,,,2,2023-06-19T16:11:26+00:00
SAO_6084-10,São Paulo,3550308,True,,33937,,,-23.773075,-46.681830500000004,,,,2,2023-06-19T16:11:08+00:00
SAO_6084-10,São Paulo,3550308,True,,33937,,,-23.7731425,-46.7029965,,,,2,2023-06-19T16:11:31+00:00
SAO_6084-10,São Paulo,3550308,True,,33937,,,-23.7804165,-46.673092999999994,,,,2,2023-06-19T16:11:43+00:00
SAO_6084-10,São Paulo,3550308,True,,33937,,,-23.7812805,-46.67209375,,,,2,2023-06-19T16:11:29+00:00
SAO_6084-10,São Paulo,3550308,True,,33937,,,-23.7804115,-46.6731975,,,,2,2023-06-19T16:11:30+00:00
SAO_6084-10,São Paulo,3550308,True,,33937,,,-23.7804115,-46.6731975,,,,2,2023-06-19T16:11:05+00:00
SAO_4021-10,São Paulo,3550308,True,,2548,,,-23.54942475,-46.455927,,,,1,2023-06-19T16:11:08+00:00
SAO_4021-10,São Paulo,3550308,True,,2548,,,-23.542802000000002,-46.470636,,,,1,2023-06-19T16:11:21+00:00
SAO_271A-51,São Paulo,3550308,True,,703,,,-23.507360499999997,-46.5711955,,,,1,2023-06-19T16:11:42+00:00
SAO_271A-51,São Paulo,3550308,True,,703,,,-23.5184955,-46.546330999999995,,,,1,2023-06-19T16:11:26+00:00
SAO_271A-51,São Paulo,3550308,True,,703,,,-23.502815,-46.623698,,,,1,2023-06-19T16:11:38+00:00
SAO_5103-10,São Paulo,3550308,True,,1646,,,-23.6004825,-46.652941999999996,,,,1,2023-06-19T16:11:34+00:00
SAO_5103-10,São Paulo,3550308,True,,1646,,,-23.6032445,-46.602611499999995,,,,1,2023-06-19T16:11:13+00:00
SAO_5103-10,São Paulo,3550308,True,,1646,,,-23.6032445,-46.602611499999995,,,,1,2023-06-19T16:11:40+00:00
SAO_5103-10,São Paulo,3550308,True,,1646,,,-23.598519,-46.64123775,,,,1,2023-06-19T16:11:13+00:00
SAO_5103-10,São Paulo,3550308,True,,1646,,,-23.6015225,-46.6035605,,,,1,2023-06-19T16:11:31+00:00
SAO_748R-10,São Paulo,3550308,True,,33269,,,-23.600395499999998,-46.7841735,,,,2,2023-06-19T16:11:00+00:00
SAO_748R-10,São Paulo,3550308,True,,33269,,,-23.52994425,-46.7115215,,,,2,2023-06-19T16:11:38+00:00
SAO_748R-10,São Paulo,3550308,True,,33269,,,-23.60201,-46.7903515,,,,2,2023-06-19T16:11:33+00:00
SAO_748R-10,São Paulo,3550308,True,,33269,,,-23.600666,-46.784031999999996,,,,2,2023-06-19T16:11:31+00:00
SAO_748R-10,São Paulo,3550308,True,,33269,,,-23.541971,-46.7307395,,,,2,2023-06-19T16:11:01+00:00
SAO_748R-10,São Paulo,3550308,True,,33269,,,-23.600596375,-46.7929245,,,,2,2023-06-19T16:11:18+00:00
SAO_748R-10,São Paulo,3550308,True,,33269,,,-23.60026,-46.7842455,,,,2,2023-06-19T16:11:31+00:00
SAO_748R-10,São Paulo,3550308,True,,33269,,,-23.58597975,-46.75859775,,,,2,2023-06-19T16:11:22+00:00
SAO_748R-10,São Paulo,3550308,True,,33269,,,-23.537649000000002,-46.719566,,,,2,2023-06-19T16:11:22+00:00
SAO_748R-10,São Paulo,3550308,True,,33269,,,-23.5263215,-46.666750500000006,,,,2,2023-06-19T16:11:40+00:00
SAO_748R-10,São Paulo,3550308,True,,33269,,,-23.525543,-46.68014825,,,,2,2023-06-19T16:11:12+00:00
SAO_748R-10,São Paulo,3550308,True,,33269,,,-23.58504825,-46.7564885,,,,2,2023-06-19T16:11:34+00:00
SAO_748R-10,São Paulo,3550308,True,,33269,,,-23.5680895,-46.755760875,,,,2,2023-06-19T16:11:02+00:00
SAO_9789-10,São Paulo,3550308,True,,829,,,-23.460588,-46.70847,,,,1,2023-06-19T16:11:25+00:00
SAO_9789-10,São Paulo,3550308,True,,829,,,-23.50468325,-46.67281975,,,,1,2023-06-19T16:11:33+00:00
SAO_9789-10,São Paulo,3550308,True,,829,,,-23.460588,-46.70847,,,,1,2023-06-19T16:11:11+00:00
SAO_9789-10,São Paulo,3550308,True,,829,,,-23.460588,-46.70847,,,,1,2023-06-19T16:11:43+00:00
SAO_9789-10,São Paulo,3550308,True,,829,,,-23.509026,-46.6662465,,,,1,2023-06-19T16:11:24+00:00
SAO_9789-10,São Paulo,3550308,True,,829,,,-23.461335,-46.70867325,,,,1,2023-06-19T16:11:17+00:00
SAO_9789-10,São Paulo,3550308,True,,829,,,-23.4748705,-46.6901835,,,,1,2023-06-19T16:11:14+00:00
SAO_9789-10,São Paulo,3550308,True,,829,,,-23.4953745,-46.683246999999994,,,,1,2023-06-19T16:11:33+00:00
SAO_4315-10,São Paulo,3550308,True,,34943,,,-23.557536749999997,-46.523783249999994,,,,2,2023-06-19T16:11:18+00:00
SAO_4315-10,São Paulo,3550308,True,,34943,,,-23.5468295,-46.6303365,,,,2,2023-06-19T16:11:40+00:00
SAO_4315-10,São Paulo,3550308,True,,34943,,,-23.5577455,-46.523288,,,,2,2023-06-19T16:11:37+00:00
SAO_4315-10,São Paulo,3550308,True,,34943,,,-23.546607,-46.630478,,,,2,2023-06-19T16:11:36+00:00
SAO_4315-10,São Paulo,3550308,True,,34943,,,-23.5419685,-46.549824,,,,2,2023-06-19T16:11:44+00:00
SAO_669A-10,São Paulo,3550308,True,,32772,,,-23.5816095,-46.665850875000004,,,,2,2023-06-19T16:11:40+00:00
SAO_669A-10,São Paulo,3550308,True,,32772,,,-23.5341755,-46.6447165,,,,2,2023-06-19T16:11:19+00:00
SAO_669A-10,São Paulo,3550308,True,,32772,,,-23.6453730625,-46.70219924999999,,,,2,2023-06-19T16:11:18+00:00
SAO_669A-10,São Paulo,3550308,True,,32772,,,-23.5341755,-46.6447165,,,,2,2023-06-19T16:11:02+00:00
SAO_669A-10,São Paulo,3550308,True,,32772,,,-23.65128825,-46.709048499999994,,,,2,2023-06-19T16:11:10+00:00
SAO_669A-10,São Paulo,3550308,True,,32772,,,-23.556589000000002,-46.665531,,,,2,2023-06-19T16:11:41+00:00
SAO_669A-10,São Paulo,3550308,True,,32772,,,-23.650951499999998,-46.708732,,,,2,2023-06-19T16:11:16+00:00
SAO_669A-10,São Paulo,3550308,True,,32772,,,-23.541768,-46.6471535,,,,2,2023-06-19T16:11:16+00:00
SAO_669A-10,São Paulo,3550308,True,,32772,,,-23.578313,-46.66045149999999,,,,2,2023-06-19T16:11:19+00:00
SAO_669A-10,São Paulo,3550308,True,,32772,,,-23.53482675,-46.643970749999994,,,,2,2023-06-19T16:11:31+00:00
SAO_669A-10,São Paulo,3550308,True,,32772,,,-23.632255999999998,-46.691890125,,,,2,2023-06-19T16:11:33+00:00
SAO_669A-10,São Paulo,3550308,True,,32772,,,-23.5986035,-46.674003,,,,2,2023-06-19T16:11:24+00:00
SAO_7903-10,São Paulo,3550308,True,,33280,,,-23.5580585,-46.6678845,,,,2,2023-06-19T16:11:09+00:00
SAO_7903-10,São Paulo,3550308,True,,33280,,,-23.5477705,-46.641587,,,,2,2023-06-19T16:11:36+00:00
SAO_7903-10,São Paulo,3550308,True,,33280,,,-23.6019505,-46.7921015,,,,2,2023-06-19T16:11:46+00:00
SAO_7903-10,São Paulo,3550308,True,,33280,,,-23.5477705,-46.641587,,,,2,2023-06-19T16:11:37+00:00
SAO_7903-10,São Paulo,3550308,True,,33280,,,-23.6001115,-46.7843265,,,,2,2023-06-19T16:11:02+00:00
SAO_7903-10,São Paulo,3550308,True,,33280,,,-23.571602375,-46.696492875000004,,,,2,2023-06-19T16:11:11+00:00
SAO_8014-10,São Paulo,3550308,True,,801,,,-23.428017125000004,-46.787444875000006,,,,1,2023-06-19T16:11:07+00:00
SAO_8014-10,São Paulo,3550308,True,,801,,,-23.439143,-46.792296500000006,,,,1,2023-06-19T16:11:23+00:00
SAO_8014-10,São Paulo,3550308,True,,801,,,-23.407032,-46.758294,,,,1,2023-06-19T16:11:17+00:00
SAO_8027-10,São Paulo,3550308,True,,34930,,,-23.568452999999998,-46.765302,,,,2,2023-06-19T16:11:27+00:00
SAO_8027-10,São Paulo,3550308,True,,34930,,,-23.568198,-46.765418,,,,2,2023-06-19T16:11:36+00:00
SAO_6016-41,São Paulo,3550308,True,,34474,,,-23.771579250000002,-46.679443750000004,,,,2,2023-06-19T16:11:38+00:00
SAO_6016-41,São Paulo,3550308,True,,34474,,,-23.7374655,-46.6974125,,,,2,2023-06-19T16:11:45+00:00
SAO_6016-41,São Paulo,3550308,True,,34474,,,-23.774908500000002,-46.675708,,,,2,2023-06-19T16:11:15+00:00
SAO_6016-41,São Paulo,3550308,True,,34474,,,-23.7743845,-46.675816,,,,2,2023-06-19T16:11:09+00:00
SAO_6016-41,São Paulo,3550308,True,,34474,,,-23.744866000000002,-46.6900775,,,,2,2023-06-19T16:11:31+00:00
SAO_6016-41,São Paulo,3550308,True,,34474,,,-23.7365705,-46.695184,,,,2,2023-06-19T16:11:02+00:00
SAO_6016-41,São Paulo,3550308,True,,34474,,,-23.775072,-46.675598,,,,2,2023-06-19T16:11:39+00:00
SAO_6015-10,São Paulo,3550308,True,,1205,,,-23.734715,-46.7945555,,,,1,2023-06-19T16:11:03+00:00
SAO_6015-10,São Paulo,3550308,True,,1205,,,-23.692809,-46.778341,,,,1,2023-06-19T16:11:44+00:00
SAO_6015-10,São Paulo,3550308,True,,1205,,,-23.734715,-46.7945555,,,,1,2023-06-19T16:11:28+00:00
SAO_6015-10,São Paulo,3550308,True,,1205,,,-23.648763,-46.703888500000005,,,,1,2023-06-19T16:11:31+00:00
SAO_6015-10,São Paulo,3550308,True,,1205,,,-23.67163175,-46.7409715,,,,1,2023-06-19T16:11:22+00:00
SAO_6015-10,São Paulo,3550308,True,,1205,,,-23.6759545,-46.7530775,,,,1,2023-06-19T16:11:28+00:00
SAO_6015-10,São Paulo,3550308,True,,1205,,,-23.735183,-46.788202999999996,,,,1,2023-06-19T16:11:25+00:00
SAO_6015-10,São Paulo,3550308,True,,1205,,,-23.662343874999998,-46.706628,,,,1,2023-06-19T16:11:16+00:00
SAO_6015-10,São Paulo,3550308,True,,1205,,,-23.683419999999998,-46.76925,,,,1,2023-06-19T16:11:33+00:00
SAO_1896-10,São Paulo,3550308,True,,35288,,,-23.5263085,-46.6738405,,,,2,2023-06-19T16:11:14+00:00
SAO_1896-10,São Paulo,3550308,True,,35288,,,-23.5005615,-46.723433,,,,2,2023-06-19T16:11:40+00:00
SAO_1896-10,São Paulo,3550308,True,,35288,,,-23.44414675,-46.753674875,,,,2,2023-06-19T16:11:41+00:00
SAO_1896-10,São Paulo,3550308,True,,35288,,,-23.5474995,-46.640241,,,,2,2023-06-19T16:11:22+00:00
SAO_1896-10,São Paulo,3550308,True,,35288,,,-23.468437,-46.754211,,,,2,2023-06-19T16:11:10+00:00
SAO_775A-10,São Paulo,3550308,True,EMTU,473,https://moovitapp.com/index/pt-br/transporte_p%C3%BAblico-line-473-Sao_Paulo-242-2038937-36419509-0,7.55,-23.572239,-46.70563625,,,,1,2023-06-19T16:11:26+00:00
SAO_775A-10,São Paulo,3550308,True,EMTU,473,https://moovitapp.com/index/pt-br/transporte_p%C3%BAblico-line-473-Sao_Paulo-242-2038937-36419509-0,7.55,-23.5623195,-46.7647105,,,,1,2023-06-19T16:11:36+00:00
SAO_775A-10,São Paulo,3550308,True,EMTU,473,https://moovitapp.com/index/pt-br/transporte_p%C3%BAblico-line-473-Sao_Paulo-242-2038937-36419509-0,7.55,-23.5626215,-46.764761,,,,1,2023-06-19T16:11:16+00:00
SAO_647P-10,São Paulo,3550308,True,,1316,,,-23.565973999999997,-46.702011999999996,,,,1,2023-06-19T16:11:08+00:00
SAO_647P-10,São Paulo,3550308,True,,1316,,,-23.6612605,-46.748577,,,,1,2023-06-19T16:11:03+00:00
SAO_647P-10,São Paulo,3550308,True,,1316,,,-23.643846500000002,-46.734212,,,,1,2023-06-19T16:11:39+00:00
SAO_647P-10,São Paulo,3550308,True,,1316,,,-23.60117375,-46.717103,,,,1,2023-06-19T16:11:27+00:00
SAO_647P-10,São Paulo,3550308,True,,1316,,,-23.6616725,-46.768751,,,,1,2023-06-19T16:11:19+00:00
SAO_9500-10,São Paulo,3550308,True,,33229,,,-23.530237125,-46.64692375,,,,2,2023-06-19T16:11:25+00:00
SAO_9500-10,São Paulo,3550308,True,,33229,,,-23.4742495,-46.669781,,,,2,2023-06-19T16:11:19+00:00
SAO_9500-10,São Paulo,3550308,True,,33229,,,-23.4742495,-46.669781,,,,2,2023-06-19T16:11:22+00:00
SAO_9500-10,São Paulo,3550308,True,,33229,,,-23.50377,-46.672267500000004,,,,2,2023-06-19T16:11:39+00:00
SAO_9500-10,São Paulo,3550308,True,,33229,,,-23.4990555,-46.6751865,,,,2,2023-06-19T16:11:29+00:00
SAO_9500-10,São Paulo,3550308,True,,33229,,,-23.475228,-46.670387000000005,,,,2,2023-06-19T16:11:41+00:00
SAO_7062-31,São Paulo,3550308,True,,34682,,,-23.6361275,-46.777404,,,,2,2023-06-19T16:11:43+00:00
SAO_746K-10,São Paulo,3550308,True,,33555,,,-23.6167415,-46.7120155,,,,2,2023-06-19T16:11:28+00:00
SAO_746K-10,São Paulo,3550308,True,,33555,,,-23.6139655,-46.680803,,,,2,2023-06-19T16:11:30+00:00
SAO_746K-10,São Paulo,3550308,True,,33555,,,-23.6187375,-46.722241,,,,2,2023-06-19T16:11:35+00:00
SAO_746K-10,São Paulo,3550308,True,,33555,,,-23.6188595,-46.7225445,,,,2,2023-06-19T16:11:08+00:00
SAO_746K-10,São Paulo,3550308,True,,33555,,,-23.6187375,-46.722241,,,,2,2023-06-19T16:11:21+00:00
SAO_746K-10,São Paulo,3550308,True,,33555,,,-23.617464,-46.705532749999996,,,,2,2023-06-19T16:11:01+00:00
SAO_746K-10,São Paulo,3550308,True,,33555,,,-23.6187375,-46.722241,,,,2,2023-06-19T16:11:22+00:00
SAO_807J-10,São Paulo,3550308,True,,34826,,,-23.611016250000002,-46.753262,,,,2,2023-06-19T16:11:08+00:00
SAO_807J-10,São Paulo,3550308,True,,34826,,,-23.631173750000002,-46.77117525,,,,2,2023-06-19T16:11:40+00:00
SAO_807J-10,São Paulo,3550308,True,,34826,,,-23.620571750000003,-46.698548,,,,2,2023-06-19T16:11:27+00:00
SAO_807J-10,São Paulo,3550308,True,,34826,,,-23.6247785,-46.764696,,,,2,2023-06-19T16:11:21+00:00
SAO_807J-10,São Paulo,3550308,True,,34826,,,-23.609444500000002,-46.7482425,,,,2,2023-06-19T16:11:23+00:00
SAO_807J-10,São Paulo,3550308,True,,34826,,,-23.608411500000003,-46.750782,,,,2,2023-06-19T16:11:01+00:00
SAO_807J-10,São Paulo,3550308,True,,34826,,,-23.603441,-46.7252635,,,,2,2023-06-19T16:11:05+00:00
SAO_807J-10,São Paulo,3550308,True,,34826,,,-23.6049055,-46.712445125,,,,2,2023-06-19T16:11:18+00:00
SAO_807J-10,São Paulo,3550308,True,,34826,,,-23.62450775,-46.764540999999994,,,,2,2023-06-19T16:11:28+00:00
SAO_807J-10,São Paulo,3550308,True,,34826,,,-23.618682999999997,-46.6986195,,,,2,2023-06-19T16:11:41+00:00
SAO_2726-10,São Paulo,3550308,True,Urubupungá,940,https://moovitapp.com/index/pt-br/transporte_p%C3%BAblico-line-940-Sao_Paulo-242-873835-496474-0,4.6,-23.533211,-46.543845,,,,1,2023-06-19T16:11:22+00:00
SAO_2726-10,São Paulo,3550308,True,Urubupungá,940,https://moovitapp.com/index/pt-br/transporte_p%C3%BAblico-line-940-Sao_Paulo-242-873835-496474-0,4.6,-23.50896625,-46.4956785,,,,1,2023-06-19T16:11:10+00:00
SAO_2726-10,São Paulo,3550308,True,Urubupungá,940,https://moovitapp.com/index/pt-br/transporte_p%C3%BAblico-line-940-Sao_Paulo-242-873835-496474-0,4.6,-23.5218395,-46.5271815,,,,1,2023-06-19T16:11:14+00:00
SAO_2726-10,São Paulo,3550308,True,Urubupungá,940,https://moovitapp.com/index/pt-br/transporte_p%C3%BAblico-line-940-Sao_Paulo-242-873835-496474-0,4.6,-23.52030475,-46.5430815,,,,1,2023-06-19T16:11:12+00:00
SAO_2726-10,São Paulo,3550308,True,Urubupungá,940,https://moovitapp.com/index/pt-br/transporte_p%C3%BAblico-line-940-Sao_Paulo-242-873835-496474-0,4.6,-23.51418675,-46.46895275,,,,1,2023-06-19T16:11:12+00:00
SAO_2726-10,São Paulo,3550308,True,Urubupungá,940,https://moovitapp.com/index/pt-br/transporte_p%C3%BAblico-line-940-Sao_Paulo-242-873835-496474-0,4.6,-23.517325,-46.4753045,,,,1,2023-06-19T16:11:06+00:00
SAO_2726-10,São Paulo,3550308,True,Urubupungá,940,https://moovitapp.com/index/pt-br/transporte_p%C3%BAblico-line-940-Sao_Paulo-242-873835-496474-0,4.6,-23.509099,-46.4681745,,,,1,2023-06-19T16:11:40+00:00
SAO_407W-10,São Paulo,3550308,True,,2204,,,-23.58954275,-46.50099525,,,,1,2023-06-19T16:11:14+00:00
SAO_407W-10,São Paulo,3550308,True,,2204,,,-23.540844,-46.550222500000004,,,,1,2023-06-19T16:10:06+00:00
SAO_407W-10,São Paulo,3550308,True,,2204,,,-23.573013500000002,-46.533349,,,,1,2023-06-19T16:11:20+00:00
SAO_2551-10,São Paulo,3550308,True,EMTU,141,https://moovitapp.com/index/pt-br/transporte_p%C3%BAblico-line-141-Sao_Paulo-242-2038937-36419292-0,8.15,-23.539987,-46.61139225,,,,1,2023-06-19T16:11:03+00:00
SAO_2551-10,São Paulo,3550308,True,EMTU,141,https://moovitapp.com/index/pt-br/transporte_p%C3%BAblico-line-141-Sao_Paulo-242-2038937-36419292-0,8.15,-23.517939,-46.475913500000004,,,,1,2023-06-19T16:11:31+00:00
SAO_2551-10,São Paulo,3550308,True,EMTU,141,https://moovitapp.com/index/pt-br/transporte_p%C3%BAblico-line-141-Sao_Paulo-242-2038937-36419292-0,8.15,-23.499802250000002,-46.528645125,,,,1,2023-06-19T16:11:08+00:00
SAO_2551-10,São Paulo,3550308,True,EMTU,141,https://moovitapp.com/index/pt-br/transporte_p%C3%BAblico-line-141-Sao_Paulo-242-2038937-36419292-0,8.15,-23.53699725,-46.59209275,,,,1,2023-06-19T16:11:25+00:00
SAO_2018-10,São Paulo,3550308,True,,904,,,-23.4953155,-46.4310045,,,,1,2023-06-19T16:11:44+00:00
SAO_2018-10,São Paulo,3550308,True,,904,,,-23.510322000000002,-46.40719,,,,1,2023-06-19T16:11:00+00:00
SAO_778R-10,São Paulo,3550308,True,,33277,,,-23.585504375,-46.788834,,,,2,2023-06-19T16:11:42+00:00
SAO_778R-10,São Paulo,3550308,True,,33277,,,-23.553131125,-46.65982025,,,,2,2023-06-19T16:11:15+00:00
SAO_778R-10,São Paulo,3550308,True,,33277,,,-23.585532999999998,-46.8056635,,,,2,2023-06-19T16:11:25+00:00
SAO_778R-10,São Paulo,3550308,True,,33277,,,-23.54243175,-46.643102,,,,2,2023-06-19T16:11:15+00:00
SAO_4210-10,São Paulo,3550308,True,,2170,,,-23.53650425,-46.5884185,,,,1,2023-06-19T16:11:20+00:00
SAO_4210-10,São Paulo,3550308,True,,2170,,,-23.546727,-46.629723999999996,,,,1,2023-06-19T16:11:34+00:00
SAO_4210-10,São Paulo,3550308,True,,2170,,,-23.589164500000003,-46.415545,,,,1,2023-06-19T16:10:47+00:00
SAO_4210-10,São Paulo,3550308,True,,2170,,,-23.540582750000002,-46.61279999999999,,,,1,2023-06-19T16:11:15+00:00
SAO_4210-10,São Paulo,3550308,True,,2170,,,-23.595292,-46.4653715,,,,1,2023-06-19T16:11:26+00:00
SAO_4210-10,São Paulo,3550308,True,,2170,,,-23.533209999999997,-46.56429575,,,,1,2023-06-19T16:11:16+00:00
SAO_4210-10,São Paulo,3550308,True,,2170,,,-23.555632125000002,-46.516557375,,,,1,2023-06-19T16:11:19+00:00
SAO_746R-10,São Paulo,3550308,True,,790,,,-23.610402999999998,-46.704887,,,,1,2023-06-19T16:11:36+00:00
SAO_746R-10,São Paulo,3550308,True,,790,,,-23.6103905,-46.7051065,,,,1,2023-06-19T16:11:18+00:00
SAO_746R-10,São Paulo,3550308,True,,790,,,-23.61431375,-46.702517875,,,,1,2023-06-19T16:11:05+00:00
SAO_746R-10,São Paulo,3550308,True,,790,,,-23.6103905,-46.7051065,,,,1,2023-06-19T16:11:35+00:00
SAO_746R-10,São Paulo,3550308,True,,790,,,-23.6103905,-46.7051065,,,,1,2023-06-19T16:11:42+00:00
SAO_746R-10,São Paulo,3550308,True,,790,,,-23.6103905,-46.7051065,,,,1,2023-06-19T16:11:07+00:00
SAO_4033-10,São Paulo,3550308,True,,33871,,,-23.59880075,-46.517998000000006,,,,2,2023-06-19T16:11:21+00:00
SAO_4033-10,São Paulo,3550308,True,,33871,,,-23.604264,-46.538593500000005,,,,2,2023-06-19T16:11:41+00:00
SAO_4033-10,São Paulo,3550308,True,,33871,,,-23.614929,-46.4703365,,,,2,2023-06-19T16:11:22+00:00
SAO_4033-10,São Paulo,3550308,True,,33871,,,-23.6141285,-46.501647,,,,2,2023-06-19T16:11:32+00:00
SAO_4033-10,São Paulo,3550308,True,,33871,,,-23.6007045,-46.5370335,,,,2,2023-06-19T16:11:42+00:00
SAO_4033-10,São Paulo,3550308,True,,33871,,,-23.604306,-46.5384965,,,,2,2023-06-19T16:11:35+00:00
SAO_4033-10,São Paulo,3550308,True,,33871,,,-23.611991500000002,-46.476893000000004,,,,2,2023-06-19T16:11:22+00:00
SAO_4033-10,São Paulo,3550308,True,,33871,,,-23.604264,-46.538593500000005,,,,2,2023-06-19T16:11:35+00:00
SAO_4033-10,São Paulo,3550308,True,,33871,,,-23.6186675,-46.450312499999995,,,,2,2023-06-19T16:11:24+00:00
SAO_4086-10,São Paulo,3550308,True,,35018,,,-23.582943,-46.408454,,,,2,2023-06-19T16:11:35+00:00
SAO_4086-10,São Paulo,3550308,True,,35018,,,-23.600052499999997,-46.3907175,,,,2,2023-06-19T16:11:02+00:00
SAO_756A-10,São Paulo,3550308,True,,793,,,-23.61722275,-46.70802625,,,,1,2023-06-19T16:11:11+00:00
SAO_756A-10,São Paulo,3550308,True,,793,,,-23.6136965,-46.6957375,,,,1,2023-06-19T16:11:03+00:00
SAO_756A-10,São Paulo,3550308,True,,793,,,-23.598203499999997,-46.7963115,,,,1,2023-06-19T16:11:03+00:00
SAO_756A-10,São Paulo,3550308,True,,793,,,-23.598183,-46.79608,,,,1,2023-06-19T16:11:25+00:00
SAO_756A-10,São Paulo,3550308,True,,793,,,-23.5981335,-46.78356725,,,,1,2023-06-19T16:11:08+00:00
SAO_756A-10,São Paulo,3550308,True,,793,,,-23.582850999999998,-46.725491500000004,,,,1,2023-06-19T16:11:28+00:00
SAO_9014-10,São Paulo,3550308,True,,34193,,,-23.502781249999998,-46.685883000000004,,,,2,2023-06-19T16:11:40+00:00
SAO_9014-10,São Paulo,3550308,True,,34193,,,-23.473639,-46.707848,,,,2,2023-06-19T16:11:18+00:00
SAO_9014-10,São Paulo,3550308,True,,34193,,,-23.520611,-46.699345,,,,2,2023-06-19T16:11:27+00:00
SAO_9014-10,São Paulo,3550308,True,,34193,,,-23.4719655,-46.7052385,,,,2,2023-06-19T16:11:44+00:00
SAO_9014-10,São Paulo,3550308,True,,34193,,,-23.4734295,-46.7078705,,,,2,2023-06-19T16:11:29+00:00
SAO_2720-10,São Paulo,3550308,True,,933,,,-23.49167825,-46.473084,,,,1,2023-06-19T16:11:20+00:00
SAO_2720-10,São Paulo,3550308,True,,933,,,-23.5222145,-46.517661000000004,,,,1,2023-06-19T16:11:27+00:00
SAO_2720-10,São Paulo,3550308,True,,933,,,-23.4897955,-46.4773815,,,,1,2023-06-19T16:11:32+00:00
SAO_2720-10,São Paulo,3550308,True,,933,,,-23.519075,-46.512639,,,,1,2023-06-19T16:11:25+00:00
SAO_199D-10,São Paulo,3550308,True,,34903,,,-23.5552965,-46.673717499999995,,,,2,2023-06-19T16:11:04+00:00
SAO_199D-10,São Paulo,3550308,True,,34903,,,-23.537435000000002,-46.68446925000001,,,,2,2023-06-19T16:11:14+00:00
SAO_199D-10,São Paulo,3550308,True,,34903,,,-23.5195885,-46.700672,,,,2,2023-06-19T16:11:30+00:00
SAO_199D-10,São Paulo,3550308,True,,34903,,,-23.486155500000002,-46.710619,,,,2,2023-06-19T16:11:30+00:00
SAO_199D-10,São Paulo,3550308,True,,34903,,,-23.4862405,-46.71064,,,,2,2023-06-19T16:11:34+00:00
SAO_199D-10,São Paulo,3550308,True,,34903,,,-23.5063935,-46.705843,,,,2,2023-06-19T16:11:38+00:00
SAO_199D-10,São Paulo,3550308,True,,34903,,,-23.567515,-46.69430799999999,,,,2,2023-06-19T16:11:41+00:00
SAO_701U-10,São Paulo,3550308,True,,33425,,,-23.547204999999998,-46.63965,,,,2,2023-06-19T16:11:14+00:00
SAO_701U-10,São Paulo,3550308,True,,33425,,,-23.567211125,-46.737654875,,,,2,2023-06-19T16:11:16+00:00
SAO_701U-10,São Paulo,3550308,True,,33425,,,-23.552488,-46.732138,,,,2,2023-06-19T16:11:34+00:00
SAO_2707-10,São Paulo,3550308,True,,33687,,,-23.537591749999997,-46.427231500000005,,,,2,2023-06-19T16:11:37+00:00
SAO_2707-10,São Paulo,3550308,True,,33687,,,-23.5326445,-46.407098500000004,,,,2,2023-06-19T16:06:29+00:00
SAO_2707-10,São Paulo,3550308,True,,33687,,,-23.526104,-46.4052965,,,,2,2023-06-19T16:11:41+00:00
SAO_2707-10,São Paulo,3550308,True,,33687,,,-23.534584000000002,-46.45115875,,,,2,2023-06-19T16:11:03+00:00
SAO_2707-10,São Paulo,3550308,True,,33687,,,-23.5433905,-46.4624165,,,,2,2023-06-19T16:11:14+00:00
SAO_875C-1,São Paulo,3550308,True,,35278,,,-23.52237375,-46.699124,,,,2,2023-06-19T16:11:24+00:00
SAO_875C-1,São Paulo,3550308,True,,35278,,,-23.6033035,-46.660161625,,,,2,2023-06-19T16:11:12+00:00
SAO_875C-1,São Paulo,3550308,True,,35278,,,-23.602131375,-46.66162,,,,2,2023-06-19T16:11:43+00:00
SAO_875C-1,São Paulo,3550308,True,,35278,,,-23.52087225,-46.70017,,,,2,2023-06-19T16:11:11+00:00
SAO_875C-1,São Paulo,3550308,True,,35278,,,-23.585765000000002,-46.681469,,,,2,2023-06-19T16:11:34+00:00
SAO_875C-1,São Paulo,3550308,True,,35278,,,-23.52087225,-46.70017,,,,2,2023-06-19T16:11:11+00:00
SAO_875C-1,São Paulo,3550308,True,,35278,,,-23.519776,-46.70033,,,,2,2023-06-19T16:11:37+00:00
SAO_875C-1,São Paulo,3550308,True,,35278,,,-23.523779125,-46.701360875000006,,,,2,2023-06-19T16:11:27+00:00
SAO_509M-10,São Paulo,3550308,True,,34045,,,-23.681403,-46.638069,,,,2,2023-06-19T16:11:28+00:00
SAO_509M-10,São Paulo,3550308,True,,34045,,,-23.606495375,-46.665043250000004,,,,2,2023-06-19T16:11:20+00:00
SAO_509M-10,São Paulo,3550308,True,,34045,,,-23.615453875,-46.673448875,,,,2,2023-06-19T16:11:22+00:00
SAO_509M-10,São Paulo,3550308,True,,34045,,,-23.54237925,-46.63502975,,,,2,2023-06-19T16:11:29+00:00
SAO_509M-10,São Paulo,3550308,True,,34045,,,-23.679968000000002,-46.636858000000004,,,,2,2023-06-19T16:11:40+00:00
SAO_502J-10,São Paulo,3550308,True,,34043,,,-23.706264,-46.688098,,,,2,2023-06-19T16:11:44+00:00
SAO_502J-10,São Paulo,3550308,True,,34043,,,-23.601990875,-46.63678775,,,,2,2023-06-19T16:11:41+00:00
SAO_502J-10,São Paulo,3550308,True,,34043,,,-23.6798925,-46.665064,,,,2,2023-06-19T16:11:04+00:00
SAO_502J-10,São Paulo,3550308,True,,34043,,,-23.7060275,-46.6879755,,,,2,2023-06-19T16:11:24+00:00
SAO_502J-10,São Paulo,3550308,True,,34043,,,-23.6390205,-46.660689,,,,2,2023-06-19T16:11:32+00:00
SAO_502J-10,São Paulo,3550308,True,,34043,,,-23.705745,-46.687827999999996,,,,2,2023-06-19T16:09:49+00:00
SAO_502J-10,São Paulo,3550308,True,,34043,,,-23.6876855,-46.666520000000006,,,,2,2023-06-19T16:11:25+00:00
SAO_502J-10,São Paulo,3550308,True,,34043,,,-23.7058085,-46.6886045,,,,2,2023-06-19T16:11:30+00:00
SAO_502J-10,São Paulo,3550308,True,,34043,,,-23.6942835,-46.682016000000004,,,,2,2023-06-19T16:11:28+00:00
SAO_502J-10,São Paulo,3550308,True,,34043,,,-23.6866195,-46.66850375,,,,2,2023-06-19T16:11:06+00:00
SAO_502J-10,São Paulo,3550308,True,,34043,,,-23.706488999999998,-46.68819,,,,2,2023-06-19T16:11:14+00:00
SAO_502J-10,São Paulo,3550308,True,,34043,,,-23.638798,-46.660957499999995,,,,2,2023-06-19T16:11:05+00:00
SAO_502J-10,São Paulo,3550308,True,,34043,,,-23.6276635,-46.6432605,,,,2,2023-06-19T16:11:07+00:00
SAO_3539-10,São Paulo,3550308,True,,33516,,,-23.5393825,-46.485972000000004,,,,2,2023-06-19T16:11:29+00:00
SAO_3539-10,São Paulo,3550308,True,,33516,,,-23.5799955,-46.44281775,,,,2,2023-06-19T16:11:15+00:00
SAO_3539-10,São Paulo,3550308,True,,33516,,,-23.601313750000003,-46.399062,,,,2,2023-06-19T16:11:06+00:00
SAO_3539-10,São Paulo,3550308,True,,33516,,,-23.594010500000003,-46.420961,,,,2,2023-06-19T16:11:02+00:00
SAO_3539-10,São Paulo,3550308,True,,33516,,,-23.546485,-46.605644,,,,2,2023-06-19T16:11:37+00:00
SAO_3539-10,São Paulo,3550308,True,,33516,,,-23.5524185,-46.463004,,,,2,2023-06-19T16:09:39+00:00
SAO_3539-10,São Paulo,3550308,True,,33516,,,-23.591748,-46.407287374999996,,,,2,2023-06-19T16:10:56+00:00
SAO_3539-10,São Paulo,3550308,True,,33516,,,-23.5473255,-46.6071405,,,,2,2023-06-19T16:11:08+00:00
SAO_3539-10,São Paulo,3550308,True,,33516,,,-23.6006425,-46.3996595,,,,2,2023-06-19T16:11:07+00:00
SAO_3539-10,São Paulo,3550308,True,,33516,,,-23.573963,-46.445578,,,,2,2023-06-19T16:11:08+00:00
SAO_3539-10,São Paulo,3550308,True,,33516,,,-23.600441500000002,-46.399831500000005,,,,2,2023-06-19T16:11:17+00:00
SAO_3539-10,São Paulo,3550308,True,,33516,,,-23.534867,-46.547666,,,,2,2023-06-19T16:11:09+00:00
SAO_475R-10,São Paulo,3550308,True,,344,,,-23.599653,-46.6382095,,,,1,2023-06-19T16:11:25+00:00
SAO_475R-10,São Paulo,3550308,True,,344,,,-23.575605000000003,-46.650710249999996,,,,1,2023-06-19T16:10:18+00:00
SAO_475R-10,São Paulo,3550308,True,,344,,,-23.65282,-46.607729000000006,,,,1,2023-06-19T16:11:32+00:00
SAO_475R-10,São Paulo,3550308,True,,344,,,-23.554767500000004,-46.639010375000005,,,,1,2023-06-19T16:10:58+00:00
SAO_475R-10,São Paulo,3550308,True,,344,,,-23.65282,-46.607729000000006,,,,1,2023-06-19T16:11:43+00:00
SAO_178T-10,São Paulo,3550308,True,EMTU,565,https://moovitapp.com/index/pt-br/transporte_p%C3%BAblico-line-565-Sao_Paulo-242-2038937-36419563-0,8.1,-23.525304,-46.73613725,,,,1,2023-06-19T16:11:30+00:00
SAO_178T-10,São Paulo,3550308,True,EMTU,565,https://moovitapp.com/index/pt-br/transporte_p%C3%BAblico-line-565-Sao_Paulo-242-2038937-36419563-0,8.1,-23.5202495,-46.710781999999995,,,,1,2023-06-19T16:11:16+00:00
SAO_178T-10,São Paulo,3550308,True,EMTU,565,https://moovitapp.com/index/pt-br/transporte_p%C3%BAblico-line-565-Sao_Paulo-242-2038937-36419563-0,8.1,-23.488820500000003,-46.6542735,,,,1,2023-06-19T16:11:05+00:00
SAO_178T-10,São Paulo,3550308,True,EMTU,565,https://moovitapp.com/index/pt-br/transporte_p%C3%BAblico-line-565-Sao_Paulo-242-2038937-36419563-0,8.1,-23.499367,-46.624508999999996,,,,1,2023-06-19T16:11:09+00:00
SAO_178T-10,São Paulo,3550308,True,EMTU,565,https://moovitapp.com/index/pt-br/transporte_p%C3%BAblico-line-565-Sao_Paulo-242-2038937-36419563-0,8.1,-23.5315425,-46.734446500000004,,,,1,2023-06-19T16:11:14+00:00
SAO_178T-10,São Paulo,3550308,True,EMTU,565,https://moovitapp.com/index/pt-br/transporte_p%C3%BAblico-line-565-Sao_Paulo-242-2038937-36419563-0,8.1,-23.501903249999998,-46.686383500000005,,,,1,2023-06-19T16:11:22+00:00
SAO_178T-10,São Paulo,3550308,True,EMTU,565,https://moovitapp.com/index/pt-br/transporte_p%C3%BAblico-line-565-Sao_Paulo-242-2038937-36419563-0,8.1,-23.5315425,-46.734446500000004,,,,1,2023-06-19T16:11:42+00:00
SAO_178T-10,São Paulo,3550308,True,EMTU,565,https://moovitapp.com/index/pt-br/transporte_p%C3%BAblico-line-565-Sao_Paulo-242-2038937-36419563-0,8.1,-23.53174025,-46.734263999999996,,,,1,2023-06-19T16:11:03+00:00
SAO_2088-10,São Paulo,3550308,True,,33140,,,-23.5038615,-46.3797665,,,,2,2023-06-19T16:11:28+00:00
SAO_2088-10,São Paulo,3550308,True,,33140,,,-23.4976955,-46.442229499999996,,,,2,2023-06-19T16:11:27+00:00
SAO_2088-10,São Paulo,3550308,True,,33140,,,-23.5038615,-46.3797665,,,,2,2023-06-19T16:10:59+00:00
SAO_177Y-10,São Paulo,3550308,True,,33635,,,-23.567660625000002,-46.6980505,,,,2,2023-06-19T16:11:10+00:00
SAO_177Y-10,São Paulo,3550308,True,,33635,,,-23.5266685,-46.6673215,,,,2,2023-06-19T16:11:39+00:00
SAO_177Y-10,São Paulo,3550308,True,,33635,,,-23.5269075,-46.66671425,,,,2,2023-06-19T16:11:34+00:00
SAO_177Y-10,São Paulo,3550308,True,,33635,,,-23.5331925,-46.674949,,,,2,2023-06-19T16:11:14+00:00
SAO_177Y-10,São Paulo,3550308,True,,33635,,,-23.5269075,-46.66671425,,,,2,2023-06-19T16:11:31+00:00
SAO_177Y-10,São Paulo,3550308,True,,33635,,,-23.5562535,-46.68221725,,,,2,2023-06-19T16:11:10+00:00
SAO_177Y-10,São Paulo,3550308,True,,33635,,,-23.5266685,-46.6673215,,,,2,2023-06-19T16:11:41+00:00
SAO_5091-10,São Paulo,3550308,True,,34291,,,-23.624409999999997,-46.64059075,,,,2,2023-06-19T16:11:23+00:00
SAO_5091-10,São Paulo,3550308,True,,34291,,,-23.642439250000002,-46.641422750000004,,,,2,2023-06-19T16:11:21+00:00
SAO_5091-10,São Paulo,3550308,True,,34291,,,-23.64599175,-46.64096275,,,,2,2023-06-19T16:11:29+00:00
SAO_5091-10,São Paulo,3550308,True,,34291,,,-23.68224575,-46.6769735,,,,2,2023-06-19T16:11:35+00:00
SAO_5091-10,São Paulo,3550308,True,,34291,,,-23.68224575,-46.6769735,,,,2,2023-06-19T16:11:07+00:00
SAO_5091-10,São Paulo,3550308,True,,34291,,,-23.683048499999998,-46.6759095,,,,2,2023-06-19T16:11:34+00:00
SAO_5091-10,São Paulo,3550308,True,,34291,,,-23.6877745,-46.6706635,,,,2,2023-06-19T16:11:31+00:00
SAO_8017-10,São Paulo,3550308,True,,34029,,,-23.4359355,-46.7405005,,,,2,2023-06-19T16:11:26+00:00
SAO_8017-10,São Paulo,3550308,True,,34029,,,-23.471208500000003,-46.7248595,,,,2,2023-06-19T16:11:30+00:00
SAO_8017-10,São Paulo,3550308,True,,34029,,,-23.449744000000003,-46.727718499999995,,,,2,2023-06-19T16:11:37+00:00
SAO_4709-10,São Paulo,3550308,True,,33101,,,-23.652849500000002,-46.607545,,,,2,2023-06-19T16:11:37+00:00
SAO_4709-10,São Paulo,3550308,True,,33101,,,-23.6117845,-46.608346,,,,2,2023-06-19T16:11:09+00:00
SAO_4709-10,São Paulo,3550308,True,,33101,,,-23.653473499999997,-46.608090000000004,,,,2,2023-06-19T16:11:39+00:00
SAO_4709-10,São Paulo,3550308,True,,33101,,,-23.5894755,-46.633868,,,,2,2023-06-19T16:11:36+00:00
SAO_6091-10,São Paulo,3550308,True,,1175,,,-23.749533999999997,-46.709489500000004,,,,1,2023-06-19T16:11:35+00:00
SAO_6091-10,São Paulo,3550308,True,,1175,,,-23.790612499999998,-46.72688050000001,,,,1,2023-06-19T16:11:30+00:00
SAO_6091-10,São Paulo,3550308,True,,1175,,,-23.653879,-46.7107595,,,,1,2023-06-19T16:11:39+00:00
SAO_6091-10,São Paulo,3550308,True,,1175,,,-23.658605,-46.705811499999996,,,,1,2023-06-19T16:11:13+00:00
SAO_6091-10,São Paulo,3550308,True,,1175,,,-23.8588905,-46.706769,,,,1,2023-06-19T16:01:53+00:00
SAO_6091-10,São Paulo,3550308,True,,1175,,,-23.716742,-46.699164999999994,,,,1,2023-06-19T16:11:39+00:00
SAO_6091-10,São Paulo,3550308,True,,1175,,,-23.669692375,-46.703979125000004,,,,1,2023-06-19T16:11:42+00:00
SAO_6840-10,São Paulo,3550308,True,,32969,,,-23.674898,-46.773841499999996,,,,2,2023-06-19T16:11:01+00:00
SAO_6840-10,São Paulo,3550308,True,,32969,,,-23.741766,-46.8007565,,,,2,2023-06-19T16:11:16+00:00
SAO_6840-10,São Paulo,3550308,True,,32969,,,-23.741925000000002,-46.800694,,,,2,2023-06-19T16:11:16+00:00
SAO_6840-10,São Paulo,3550308,True,,32969,,,-23.738588749999998,-46.7910585,,,,2,2023-06-19T16:11:23+00:00
SAO_6840-10,São Paulo,3550308,True,,32969,,,-23.741766,-46.8007565,,,,2,2023-06-19T16:11:16+00:00
SAO_6840-10,São Paulo,3550308,True,,32969,,,-23.739353,-46.792908,,,,2,2023-06-19T16:11:13+00:00
SAO_6840-10,São Paulo,3550308,True,,32969,,,-23.665974,-46.771114499999996,,,,2,2023-06-19T16:11:08+00:00
SAO_6840-10,São Paulo,3550308,True,,32969,,,-23.74156775,-46.8004435,,,,2,2023-06-19T16:11:27+00:00
SAO_6840-10,São Paulo,3550308,True,,32969,,,-23.726959,-46.786388,,,,2,2023-06-19T16:11:32+00:00
SAO_6840-10,São Paulo,3550308,True,,32969,,,-23.74156775,-46.8004435,,,,2,2023-06-19T16:11:40+00:00
SAO_737A-10,São Paulo,3550308,True,,34498,,,-23.6819565,-46.767112499999996,,,,2,2023-06-19T16:11:12+00:00
SAO_737A-10,São Paulo,3550308,True,,34498,,,-23.6902125,-46.773815,,,,2,2023-06-19T16:11:22+00:00
SAO_737A-10,São Paulo,3550308,True,,34498,,,-23.6902125,-46.773815,,,,2,2023-06-19T16:11:28+00:00
SAO_737A-10,São Paulo,3550308,True,,34498,,,-23.6902125,-46.773815,,,,2,2023-06-19T16:11:18+00:00
SAO_737A-10,São Paulo,3550308,True,,34498,,,-23.669655,-46.7366765,,,,2,2023-06-19T16:11:42+00:00
SAO_737A-10,São Paulo,3550308,True,,34498,,,-23.675821,-46.7523695,,,,2,2023-06-19T16:11:32+00:00
SAO_737A-10,São Paulo,3550308,True,,34498,,,-23.6540465,-46.7115875,,,,2,2023-06-19T16:11:35+00:00
SAO_737A-10,São Paulo,3550308,True,,34498,,,-23.6902125,-46.773815,,,,2,2023-06-19T16:09:36+00:00
SAO_737A-10,São Paulo,3550308,True,,34498,,,-23.6902125,-46.773815,,,,2,2023-06-19T16:11:14+00:00
SAO_737A-10,São Paulo,3550308,True,,34498,,,-23.6901525,-46.774198999999996,,,,2,2023-06-19T16:11:43+00:00
SAO_737A-10,São Paulo,3550308,True,,34498,,,-23.666391750000003,-46.719602374999994,,,,2,2023-06-19T16:11:19+00:00
SAO_5131-10,São Paulo,3550308,True,,34050,,,-23.564806125,-46.647083,,,,2,2023-06-19T16:11:26+00:00
SAO_5131-10,São Paulo,3550308,True,,34050,,,-23.6211975,-46.683859,,,,2,2023-06-19T16:11:26+00:00
SAO_5131-10,São Paulo,3550308,True,,34050,,,-23.58116375,-46.665085,,,,2,2023-06-19T16:11:42+00:00
SAO_5131-10,São Paulo,3550308,True,,34050,,,-23.662461999999998,-46.669380000000004,,,,2,2023-06-19T16:11:15+00:00
SAO_7011-31,São Paulo,3550308,True,,1954,,,-23.707812,-46.7918005,,,,1,2023-06-19T16:11:08+00:00
SAO_7011-31,São Paulo,3550308,True,,1954,,,-23.678915250000003,-46.7633535,,,,1,2023-06-19T16:11:13+00:00
SAO_7011-31,São Paulo,3550308,True,,1954,,,-23.7083255,-46.7920035,,,,1,2023-06-19T16:11:43+00:00
SAO_7011-31,São Paulo,3550308,True,,1954,,,-23.6894615,-46.77340325,,,,1,2023-06-19T16:11:25+00:00
SAO_2202-10,São Paulo,3550308,True,Urubupungá,910,https://moovitapp.com/index/pt-br/transporte_p%C3%BAblico-line-910-Sao_Paulo-242-873835-496471-0,4.6,-23.542133,-46.4148525,,,,1,2023-06-19T16:11:20+00:00
SAO_2202-10,São Paulo,3550308,True,Urubupungá,910,https://moovitapp.com/index/pt-br/transporte_p%C3%BAblico-line-910-Sao_Paulo-242-873835-496471-0,4.6,-23.4992085,-46.405998,,,,1,2023-06-19T16:11:24+00:00
SAO_2202-10,São Paulo,3550308,True,Urubupungá,910,https://moovitapp.com/index/pt-br/transporte_p%C3%BAblico-line-910-Sao_Paulo-242-873835-496471-0,4.6,-23.539355,-46.4081905,,,,1,2023-06-19T16:08:46+00:00
SAO_2202-10,São Paulo,3550308,True,Urubupungá,910,https://moovitapp.com/index/pt-br/transporte_p%C3%BAblico-line-910-Sao_Paulo-242-873835-496471-0,4.6,-23.498913625,-46.405933125,,,,1,2023-06-19T16:10:33+00:00
SAO_2202-10,São Paulo,3550308,True,Urubupungá,910,https://moovitapp.com/index/pt-br/transporte_p%C3%BAblico-line-910-Sao_Paulo-242-873835-496471-0,4.6,-23.488201,-46.382996500000004,,,,1,2023-06-19T16:09:45+00:00
SAO_2202-10,São Paulo,3550308,True,Urubupungá,910,https://moovitapp.com/index/pt-br/transporte_p%C3%BAblico-line-910-Sao_Paulo-242-873835-496471-0,4.6,-23.536491,-46.403831749999995,,,,1,2023-06-19T16:06:57+00:00
SAO_809N-10,São Paulo,3550308,True,,35012,,,-23.537047,-46.7249725,,,,2,2023-06-19T16:11:16+00:00
SAO_809N-10,São Paulo,3550308,True,,35012,,,-23.522697,-46.702521749999995,,,,2,2023-06-19T16:11:22+00:00
SAO_809N-10,São Paulo,3550308,True,,35012,,,-23.5688545,-46.7650485,,,,2,2023-06-19T16:11:17+00:00
SAO_1732-10,São Paulo,3550308,True,,33439,,,-23.482937999999997,-46.6021695,,,,2,2023-06-19T16:11:03+00:00
SAO_1732-10,São Paulo,3550308,True,,33439,,,-23.4873935,-46.5741675,,,,2,2023-06-19T16:11:04+00:00
SAO_1732-10,São Paulo,3550308,True,,33439,,,-23.50345,-46.621289000000004,,,,2,2023-06-19T16:11:36+00:00
SAO_1732-10,São Paulo,3550308,True,,33439,,,-23.487143500000002,-46.57385,,,,2,2023-06-19T16:11:36+00:00
SAO_1732-10,São Paulo,3550308,True,,33439,,,-23.50795,-46.650759,,,,2,2023-06-19T16:11:41+00:00
SAO_1732-10,São Paulo,3550308,True,,33439,,,-23.54001075,-46.650380125000005,,,,2,2023-06-19T16:11:26+00:00
SAO_1732-10,São Paulo,3550308,True,,33439,,,-23.4873935,-46.5741675,,,,2,2023-06-19T16:11:40+00:00
SAO_1016-10,São Paulo,3550308,True,,33599,,,-23.4467415,-46.611489000000006,,,,2,2023-06-19T16:11:16+00:00
SAO_1016-10,São Paulo,3550308,True,,33599,,,-23.502754250000002,-46.61529575,,,,2,2023-06-19T16:11:11+00:00
SAO_1016-10,São Paulo,3550308,True,,33599,,,-23.513872,-46.6160225,,,,2,2023-06-19T16:11:41+00:00
SAO_1016-10,São Paulo,3550308,True,,33599,,,-23.513872,-46.6160225,,,,2,2023-06-19T16:11:30+00:00
SAO_1016-10,São Paulo,3550308,True,,33599,,,-23.447170749999998,-46.611436999999995,,,,2,2023-06-19T16:11:05+00:00
SAO_1016-10,São Paulo,3550308,True,,33599,,,-23.477162,-46.6104815,,,,2,2023-06-19T16:08:54+00:00
SAO_1016-10,São Paulo,3550308,True,,33599,,,-23.513872,-46.6160225,,,,2,2023-06-19T16:11:04+00:00
SAO_1016-10,São Paulo,3550308,True,,33599,,,-23.481842999999998,-46.6082335,,,,2,2023-06-19T16:11:36+00:00
SAO_2028-10,São Paulo,3550308,True,,35031,,,-23.438021,-46.571276499999996,,,,2,2023-06-19T16:09:15+00:00
SAO_2028-10,São Paulo,3550308,True,,35031,,,-23.473367625,-46.60078850000001,,,,2,2023-06-19T16:08:36+00:00
SAO_9009-10,São Paulo,3550308,True,,33645,,,-23.448147,-46.708654499999994,,,,2,2023-06-19T16:11:29+00:00
SAO_9009-10,São Paulo,3550308,True,,33645,,,-23.447865999999998,-46.708386,,,,2,2023-06-19T16:10:59+00:00
SAO_9009-10,São Paulo,3550308,True,,33645,,,-23.444925750000003,-46.70967975,,,,2,2023-06-19T16:11:12+00:00
SAO_9009-10,São Paulo,3550308,True,,33645,,,-23.44138575,-46.71691275,,,,2,2023-06-19T16:11:12+00:00
SAO_9009-10,São Paulo,3550308,True,,33645,,,-23.4555595,-46.693365,,,,2,2023-06-19T16:11:09+00:00
SAO_9009-10,São Paulo,3550308,True,,33645,,,-23.447865999999998,-46.708386,,,,2,2023-06-19T16:11:31+00:00
SAO_9009-10,São Paulo,3550308,True,,33645,,,-23.4493245,-46.70102,,,,2,2023-06-19T16:11:16+00:00
SAO_5011-10,São Paulo,3550308,True,,1115,,,-23.659295,-46.698038,,,,1,2023-06-19T16:11:38+00:00
SAO_5011-10,São Paulo,3550308,True,,1115,,,-23.673218,-46.686553,,,,1,2023-06-19T16:11:08+00:00
SAO_5011-10,São Paulo,3550308,True,,1115,,,-23.716333,-46.6288005,,,,1,2023-06-19T16:10:53+00:00
SAO_5011-10,São Paulo,3550308,True,,1115,,,-23.692828,-46.6652695,,,,1,2023-06-19T16:11:42+00:00
SAO_5630-10,São Paulo,3550308,True,,32846,,,-23.546747,-46.6164905,,,,2,2023-06-19T16:11:38+00:00
SAO_5630-10,São Paulo,3550308,True,,32846,,,-23.6714015,-46.67781975,,,,2,2023-06-19T16:11:28+00:00
SAO_5630-10,São Paulo,3550308,True,,32846,,,-23.551741999999997,-46.623340875,,,,2,2023-06-19T16:11:08+00:00
SAO_5630-10,São Paulo,3550308,True,,32846,,,-23.583121750000004,-46.65512475,,,,2,2023-06-19T16:11:21+00:00
SAO_5630-10,São Paulo,3550308,True,,32846,,,-23.629342,-46.6671955,,,,2,2023-06-19T16:11:24+00:00
SAO_5630-10,São Paulo,3550308,True,,32846,,,-23.65942225,-46.6795805,,,,2,2023-06-19T16:11:36+00:00
SAO_5630-10,São Paulo,3550308,True,,32846,,,-23.71349325,-46.69855075,,,,2,2023-06-19T16:10:09+00:00
SAO_5630-10,São Paulo,3550308,True,,32846,,,-23.702261874999998,-46.701778125000004,,,,2,2023-06-19T16:11:08+00:00
SAO_5630-10,São Paulo,3550308,True,,32846,,,-23.616398500000003,-46.66089825,,,,2,2023-06-19T16:11:01+00:00
SAO_5630-10,São Paulo,3550308,True,,32846,,,-23.7132775,-46.698522,,,,2,2023-06-19T16:11:07+00:00
SAO_5630-10,São Paulo,3550308,True,,32846,,,-23.651652749999997,-46.678755249999995,,,,2,2023-06-19T16:11:12+00:00
SAO_5630-10,São Paulo,3550308,True,,32846,,,-23.6130365,-46.6577245,,,,2,2023-06-19T16:11:36+00:00
SAO_273G-10,São Paulo,3550308,True,EMTU,223,https://moovitapp.com/index/pt-br/transporte_p%C3%BAblico-line-223-Sao_Paulo-242-2038937-36419342-0,5.2,-23.515428,-46.476620249999996,,,,1,2023-06-19T16:11:33+00:00
SAO_273G-10,São Paulo,3550308,True,EMTU,223,https://moovitapp.com/index/pt-br/transporte_p%C3%BAblico-line-223-Sao_Paulo-242-2038937-36419342-0,5.2,-23.484342124999998,-46.434449812500006,,,,1,2023-06-19T16:10:38+00:00
SAO_273G-10,São Paulo,3550308,True,EMTU,223,https://moovitapp.com/index/pt-br/transporte_p%C3%BAblico-line-223-Sao_Paulo-242-2038937-36419342-0,5.2,-23.498364000000002,-46.45677,,,,1,2023-06-19T16:11:42+00:00
SAO_273G-10,São Paulo,3550308,True,EMTU,223,https://moovitapp.com/index/pt-br/transporte_p%C3%BAblico-line-223-Sao_Paulo-242-2038937-36419342-0,5.2,-23.484016500000003,-46.41815,,,,1,2023-06-19T16:09:36+00:00
SAO_273G-10,São Paulo,3550308,True,EMTU,223,https://moovitapp.com/index/pt-br/transporte_p%C3%BAblico-line-223-Sao_Paulo-242-2038937-36419342-0,5.2,-23.484546375,-46.434748437500005,,,,1,2023-06-19T16:10:32+00:00
SAO_273G-10,São Paulo,3550308,True,EMTU,223,https://moovitapp.com/index/pt-br/transporte_p%C3%BAblico-line-223-Sao_Paulo-242-2038937-36419342-0,5.2,-23.534727,-46.473905,,,,1,2023-06-19T16:08:20+00:00
SAO_7545-10,São Paulo,3550308,True,,33272,,,-23.601537,-46.791821999999996,,,,2,2023-06-19T16:11:30+00:00
SAO_7545-10,São Paulo,3550308,True,,33272,,,-23.5580585,-46.6678845,,,,2,2023-06-19T16:11:13+00:00
SAO_7545-10,São Paulo,3550308,True,,33272,,,-23.6016895,-46.791908,,,,2,2023-06-19T16:11:27+00:00
SAO_7545-10,São Paulo,3550308,True,,33272,,,-23.570983,-46.6908145,,,,2,2023-06-19T16:11:43+00:00
SAO_7545-10,São Paulo,3550308,True,,33272,,,-23.5466395,-46.639284,,,,2,2023-06-19T16:11:06+00:00
SAO_7545-10,São Paulo,3550308,True,,33272,,,-23.5896355,-46.768925499999995,,,,2,2023-06-19T16:11:18+00:00
SAO_7545-10,São Paulo,3550308,True,,33272,,,-23.575716999999997,-46.7202295,,,,2,2023-06-19T16:11:36+00:00
SAO_7545-10,São Paulo,3550308,True,,33272,,,-23.601079249999998,-46.793841625,,,,2,2023-06-19T16:11:08+00:00
SAO_7545-10,São Paulo,3550308,True,,33272,,,-23.547899,-46.6492035,,,,2,2023-06-19T16:11:26+00:00
SAO_7545-10,São Paulo,3550308,True,,33272,,,-23.601478,-46.791829,,,,2,2023-06-19T16:11:02+00:00
SAO_7545-10,São Paulo,3550308,True,,33272,,,-23.6016895,-46.791908,,,,2,2023-06-19T16:11:35+00:00
SAO_7545-10,São Paulo,3550308,True,,33272,,,-23.6016895,-46.791908,,,,2,2023-06-19T16:11:10+00:00
SAO_177H-10,São Paulo,3550308,True,,630,,,-23.528823,-46.66128500000001,,,,1,2023-06-19T16:11:20+00:00
SAO_177H-10,São Paulo,3550308,True,,630,,,-23.5529145,-46.7319765,,,,1,2023-06-19T16:11:28+00:00
SAO_177H-10,São Paulo,3550308,True,,630,,,-23.499475874999998,-46.656525,,,,1,2023-06-19T16:11:37+00:00
SAO_177H-10,São Paulo,3550308,True,,630,,,-23.549466625,-46.659563250000005,,,,1,2023-06-19T16:11:03+00:00
SAO_177H-10,São Paulo,3550308,True,,630,,,-23.5529145,-46.7319765,,,,1,2023-06-19T16:11:21+00:00
SAO_177H-10,São Paulo,3550308,True,,630,,,-23.571233874999997,-46.70841025,,,,1,2023-06-19T16:11:09+00:00
SAO_177H-10,São Paulo,3550308,True,,630,,,-23.5005765,-46.624988,,,,1,2023-06-19T16:11:31+00:00
SAO_177H-10,São Paulo,3550308,True,,630,,,-23.5529145,-46.7319765,,,,1,2023-06-19T16:11:42+00:00
SAO_647A-10,São Paulo,3550308,True,,1315,,,-23.586794,-46.690849,,,,1,2023-06-19T16:11:29+00:00
SAO_647A-10,São Paulo,3550308,True,,1315,,,-23.5656265,-46.69294549999999,,,,1,2023-06-19T16:11:19+00:00
SAO_647A-10,São Paulo,3550308,True,,1315,,,-23.643456999999998,-46.7356385,,,,1,2023-06-19T16:11:32+00:00
SAO_647A-10,São Paulo,3550308,True,,1315,,,-23.6017625,-46.713575500000005,,,,1,2023-06-19T16:11:25+00:00
SAO_647A-10,São Paulo,3550308,True,,1315,,,-23.6616725,-46.768751,,,,1,2023-06-19T16:11:25+00:00
SAO_647A-10,São Paulo,3550308,True,,1315,,,-23.683486000000002,-46.7893145,,,,1,2023-06-19T16:11:07+00:00
SAO_3763-10,São Paulo,3550308,True,,33822,,,-23.557597,-46.523596,,,,2,2023-06-19T16:11:24+00:00
SAO_3763-10,São Paulo,3550308,True,,33822,,,-23.5576555,-46.523450499999996,,,,2,2023-06-19T16:11:40+00:00
SAO_3763-10,São Paulo,3550308,True,,33822,,,-23.545902249999997,-46.574236750000004,,,,2,2023-06-19T16:11:20+00:00
SAO_3763-10,São Paulo,3550308,True,,33822,,,-23.554306000000004,-46.55398625,,,,2,2023-06-19T16:11:34+00:00
SAO_3763-10,São Paulo,3550308,True,,33822,,,-23.546885250000003,-46.555428,,,,2,2023-06-19T16:11:26+00:00
SAO_3763-10,São Paulo,3550308,True,,33822,,,-23.5577455,-46.523288,,,,2,2023-06-19T16:11:35+00:00
SAO_3763-10,São Paulo,3550308,True,,33822,,,-23.5486355,-46.565148,,,,2,2023-06-19T16:11:07+00:00
SAO_3763-10,São Paulo,3550308,True,,33822,,,-23.566513999999998,-46.552079500000005,,,,2,2023-06-19T16:11:23+00:00
SAO_3763-10,São Paulo,3550308,True,,33822,,,-23.5652315,-46.5378215,,,,2,2023-06-19T16:11:17+00:00
SAO_3763-10,São Paulo,3550308,True,,33822,,,-23.5677255,-46.543986000000004,,,,2,2023-06-19T16:11:20+00:00
SAO_1788-10,São Paulo,3550308,True,,653,,,-23.44134,-46.5881995,,,,1,2023-06-19T16:11:26+00:00
SAO_1788-10,São Paulo,3550308,True,,653,,,-23.4803285,-46.6112635,,,,1,2023-06-19T16:09:05+00:00
SAO_1788-10,São Paulo,3550308,True,,653,,,-23.502214000000002,-46.6235875,,,,1,2023-06-19T16:11:20+00:00
SAO_1788-10,São Paulo,3550308,True,,653,,,-23.431024,-46.572683,,,,1,2023-06-19T16:11:17+00:00
SAO_1788-10,São Paulo,3550308,True,,653,,,-23.430702,-46.574294,,,,1,2023-06-19T16:11:17+00:00
SAO_6047-10,São Paulo,3550308,True,,33992,,,-23.641527,-46.716401125000004,,,,2,2023-06-19T16:11:34+00:00
SAO_6047-10,São Paulo,3550308,True,,33992,,,-23.65455275,-46.741048,,,,2,2023-06-19T16:11:22+00:00
SAO_6047-10,São Paulo,3550308,True,,33992,,,-23.668284,-46.763536,,,,2,2023-06-19T16:11:08+00:00
SAO_2702-21,São Paulo,3550308,True,,34294,,,-23.539938499999998,-46.482815,,,,2,2023-06-19T16:11:44+00:00
SAO_857C-10,São Paulo,3550308,True,,1901,,,-23.6327905,-46.647138999999996,,,,1,2023-06-19T16:11:25+00:00
SAO_857C-10,São Paulo,3550308,True,,1901,,,-23.639518375,-46.744186875,,,,1,2023-06-19T16:11:33+00:00
SAO_857C-10,São Paulo,3550308,True,,1901,,,-23.6366535,-46.6414695,,,,1,2023-06-19T16:11:12+00:00
SAO_857C-10,São Paulo,3550308,True,,1901,,,-23.629648,-46.689649124999995,,,,1,2023-06-19T16:11:43+00:00
SAO_857C-10,São Paulo,3550308,True,,1901,,,-23.631453,-46.7718905,,,,1,2023-06-19T16:11:27+00:00
SAO_6062-51,São Paulo,3550308,True,,34507,,,-23.733514,-46.688785,,,,2,2023-06-19T16:11:28+00:00
SAO_6062-51,São Paulo,3550308,True,,34507,,,-23.741882,-46.6813055,,,,2,2023-06-19T16:11:29+00:00
SAO_6062-51,São Paulo,3550308,True,,34507,,,-23.741882,-46.6813055,,,,2,2023-06-19T16:11:42+00:00
SAO_6062-51,São Paulo,3550308,True,,34507,,,-23.706274999999998,-46.70078,,,,2,2023-06-19T16:11:36+00:00
SAO_702C-10,São Paulo,3550308,True,,33253,,,-23.571233,-46.74876825,,,,2,2023-06-19T16:11:43+00:00
SAO_702C-10,São Paulo,3550308,True,,33253,,,-23.571505000000002,-46.748618750000006,,,,2,2023-06-19T16:11:20+00:00
SAO_702C-10,São Paulo,3550308,True,,33253,,,-23.580225249999998,-46.7371695,,,,2,2023-06-19T16:11:11+00:00
SAO_702C-10,São Paulo,3550308,True,,33253,,,-23.54471425,-46.62530525,,,,2,2023-06-19T16:10:59+00:00
SAO_702C-10,São Paulo,3550308,True,,33253,,,-23.57198275,-46.6996155,,,,2,2023-06-19T16:11:45+00:00
SAO_702C-10,São Paulo,3550308,True,,33253,,,-23.547974500000002,-46.649455875,,,,2,2023-06-19T16:11:32+00:00
SAO_702C-10,São Paulo,3550308,True,,33253,,,-23.572222,-46.700846999999996,,,,2,2023-06-19T16:11:46+00:00
SAO_702C-10,São Paulo,3550308,True,,33253,,,-23.541678625000003,-46.591294500000004,,,,2,2023-06-19T16:11:36+00:00
SAO_702C-10,São Paulo,3550308,True,,33253,,,-23.571505000000002,-46.748618750000006,,,,2,2023-06-19T16:11:07+00:00
SAO_6052-31,São Paulo,3550308,True,,34600,,,-23.7677005,-46.6940745,,,,2,2023-06-19T16:11:45+00:00
SAO_3761-10,São Paulo,3550308,True,,1051,,,-23.594953,-46.4776995,,,,1,2023-06-19T16:11:20+00:00
SAO_3761-10,São Paulo,3550308,True,,1051,,,-23.5945315,-46.448114000000004,,,,1,2023-06-19T16:11:04+00:00
SAO_3761-10,São Paulo,3550308,True,,1051,,,-23.615426,-46.422986,,,,1,2023-06-19T16:11:36+00:00
SAO_3761-10,São Paulo,3550308,True,,1051,,,-23.5352044375,-46.5502028125,,,,1,2023-06-19T16:11:22+00:00
SAO_3761-10,São Paulo,3550308,True,,1051,,,-23.618599,-46.4234555,,,,1,2023-06-19T16:11:19+00:00
SAO_3761-10,São Paulo,3550308,True,,1051,,,-23.618599,-46.4234555,,,,1,2023-06-19T16:11:30+00:00
SAO_3761-10,São Paulo,3550308,True,,1051,,,-23.5728465,-46.503921500000004,,,,1,2023-06-19T16:11:16+00:00
SAO_3761-10,São Paulo,3550308,True,,1051,,,-23.537869125,-46.563317375000004,,,,1,2023-06-19T16:11:33+00:00
SAO_3761-10,São Paulo,3550308,True,,1051,,,-23.618599,-46.4234555,,,,1,2023-06-19T16:11:33+00:00
SAO_8055-51,São Paulo,3550308,True,EMTU,417,https://moovitapp.com/index/pt-br/transporte_p%C3%BAblico-line-417-Sao_Paulo-242-2038937-36419474-0,5.2,-23.514564749999998,-46.726547499999995,,,,1,2023-06-19T16:11:40+00:00
SAO_8055-51,São Paulo,3550308,True,EMTU,417,https://moovitapp.com/index/pt-br/transporte_p%C3%BAblico-line-417-Sao_Paulo-242-2038937-36419474-0,5.2,-23.4091245,-46.7414195,,,,1,2023-06-19T16:11:12+00:00
SAO_8055-51,São Paulo,3550308,True,EMTU,417,https://moovitapp.com/index/pt-br/transporte_p%C3%BAblico-line-417-Sao_Paulo-242-2038937-36419474-0,5.2,-23.526348499999997,-46.6679865,,,,1,2023-06-19T16:11:42+00:00
SAO_8055-51,São Paulo,3550308,True,EMTU,417,https://moovitapp.com/index/pt-br/transporte_p%C3%BAblico-line-417-Sao_Paulo-242-2038937-36419474-0,5.2,-23.5259505,-46.6781165,,,,1,2023-06-19T16:11:18+00:00
SAO_8055-51,São Paulo,3550308,True,EMTU,417,https://moovitapp.com/index/pt-br/transporte_p%C3%BAblico-line-417-Sao_Paulo-242-2038937-36419474-0,5.2,-23.40959075,-46.7624,,,,1,2023-06-19T16:11:18+00:00
SAO_2735-10,São Paulo,3550308,True,,1921,,,-23.497532,-46.525012000000004,,,,1,2023-06-19T16:11:40+00:00
SAO_2735-10,São Paulo,3550308,True,,1921,,,-23.480578,-46.494646,,,,1,2023-06-19T16:11:41+00:00
SAO_2735-10,São Paulo,3550308,True,,1921,,,-23.480578,-46.494646,,,,1,2023-06-19T16:11:18+00:00
SAO_2735-10,São Paulo,3550308,True,,1921,,,-23.504564000000002,-46.538608499999995,,,,1,2023-06-19T16:09:33+00:00
SAO_2735-10,São Paulo,3550308,True,,1921,,,-23.532084500000003,-46.546014,,,,1,2023-06-19T16:11:42+00:00
SAO_2735-10,São Paulo,3550308,True,,1921,,,-23.533113999999998,-46.544561,,,,1,2023-06-19T16:11:29+00:00
SAO_2735-10,São Paulo,3550308,True,,34689,,,-23.497823500000003,-46.5250475,,,,2,2023-06-19T16:11:31+00:00
SAO_2735-10,São Paulo,3550308,True,,34689,,,-23.481546,-46.4941645,,,,2,2023-06-19T16:11:37+00:00
SAO_2735-10,São Paulo,3550308,True,,34689,,,-23.52355925,-46.5462585,,,,2,2023-06-19T16:11:36+00:00
SAO_2735-10,São Paulo,3550308,True,,34689,,,-23.481342,-46.49426675,,,,2,2023-06-19T15:57:41+00:00
SAO_2735-10,São Paulo,3550308,True,,34689,,,-23.480837,-46.494515,,,,2,2023-06-19T16:11:07+00:00
SAO_2735-10,São Paulo,3550308,True,,34689,,,-23.503823375,-46.537118875,,,,2,2023-06-19T16:11:22+00:00
SAO_2735-10,São Paulo,3550308,True,,34689,,,-23.48108,-46.49439625,,,,2,2023-06-19T16:11:40+00:00
SAO_702C-10,São Paulo,3550308,True,STT,485,https://moovitapp.com/index/pt-br/transporte_p%C3%BAblico-line-485-Sao_Paulo-242-850661-183324-0,5.3,-23.571778000000002,-46.7484685,,,,1,2023-06-19T16:11:28+00:00
SAO_702C-10,São Paulo,3550308,True,STT,485,https://moovitapp.com/index/pt-br/transporte_p%C3%BAblico-line-485-Sao_Paulo-242-850661-183324-0,5.3,-23.576928000000002,-46.7141225,,,,1,2023-06-19T16:11:00+00:00
SAO_702C-10,São Paulo,3550308,True,STT,485,https://moovitapp.com/index/pt-br/transporte_p%C3%BAblico-line-485-Sao_Paulo-242-850661-183324-0,5.3,-23.572528499999997,-46.743156,,,,1,2023-06-19T16:11:08+00:00
SAO_702C-10,São Paulo,3550308,True,STT,485,https://moovitapp.com/index/pt-br/transporte_p%C3%BAblico-line-485-Sao_Paulo-242-850661-183324-0,5.3,-23.5727175,-46.704574,,,,1,2023-06-19T16:11:31+00:00
SAO_702C-10,São Paulo,3550308,True,STT,485,https://moovitapp.com/index/pt-br/transporte_p%C3%BAblico-line-485-Sao_Paulo-242-850661-183324-0,5.3,-23.5485245,-46.637403500000005,,,,1,2023-06-19T16:11:42+00:00
SAO_702C-10,São Paulo,3550308,True,STT,485,https://moovitapp.com/index/pt-br/transporte_p%C3%BAblico-line-485-Sao_Paulo-242-850661-183324-0,5.3,-23.571778000000002,-46.7484685,,,,1,2023-06-19T16:11:12+00:00
SAO_702C-10,São Paulo,3550308,True,STT,485,https://moovitapp.com/index/pt-br/transporte_p%C3%BAblico-line-485-Sao_Paulo-242-850661-183324-0,5.3,-23.542462,-46.590803,,,,1,2023-06-19T16:11:40+00:00
SAO_8319-10,São Paulo,3550308,True,,33244,,,-23.529049,-46.710982,,,,2,2023-06-19T16:11:39+00:00
SAO_8319-10,São Paulo,3550308,True,,33244,,,-23.546825,-46.7609525,,,,2,2023-06-19T16:11:44+00:00
SAO_8319-10,São Paulo,3550308,True,,33244,,,-23.546825,-46.7609525,,,,2,2023-06-19T16:11:13+00:00
SAO_8319-10,São Paulo,3550308,True,,33244,,,-23.550369500000002,-46.7485975,,,,2,2023-06-19T16:11:17+00:00
SAO_2770-10,São Paulo,3550308,True,,243,,,-23.4953015,-46.4312885,,,,1,2023-06-19T16:10:22+00:00
SAO_2770-10,São Paulo,3550308,True,,243,,,-23.531409,-46.529441,,,,1,2023-06-19T16:11:33+00:00
SAO_2770-10,São Paulo,3550308,True,,243,,,-23.539114249999997,-46.41326024999999,,,,1,2023-06-19T16:11:41+00:00
SAO_6000-10,São Paulo,3550308,True,,33908,,,-23.827945999999997,-46.727483500000005,,,,2,2023-06-19T16:11:08+00:00
SAO_6000-10,São Paulo,3550308,True,,33908,,,-23.710296999999997,-46.7115555,,,,2,2023-06-19T16:08:04+00:00
SAO_6000-10,São Paulo,3550308,True,,33908,,,-23.828090500000002,-46.7269385,,,,2,2023-06-19T16:11:04+00:00
SAO_6000-10,São Paulo,3550308,True,,33908,,,-23.8284605,-46.7271145,,,,2,2023-06-19T16:11:27+00:00
SAO_6000-10,São Paulo,3550308,True,,33908,,,-23.654213,-46.710369,,,,2,2023-06-19T16:11:37+00:00
SAO_6000-10,São Paulo,3550308,True,,33908,,,-23.82751025,-46.731438999999995,,,,2,2023-06-19T16:11:16+00:00
SAO_6000-10,São Paulo,3550308,True,,33908,,,-23.662539625,-46.706812,,,,2,2023-06-19T16:06:38+00:00
SAO_6000-10,São Paulo,3550308,True,,33908,,,-23.7669095,-46.7173155,,,,2,2023-06-19T16:09:56+00:00
SAO_6000-10,São Paulo,3550308,True,,33908,,,-23.803442500000003,-46.73464250000001,,,,2,2023-06-19T16:11:38+00:00
SAO_6000-10,São Paulo,3550308,True,,33908,,,-23.828090500000002,-46.7269385,,,,2,2023-06-19T16:11:27+00:00
SAO_6000-10,São Paulo,3550308,True,,33908,,,-23.655533,-46.707878,,,,2,2023-06-19T16:11:29+00:00
SAO_6000-10,São Paulo,3550308,True,,33908,,,-23.654194,-46.7099305,,,,2,2023-06-19T16:11:27+00:00
SAO_6000-10,São Paulo,3550308,True,,33908,,,-23.827983,-46.727349000000004,,,,2,2023-06-19T16:11:43+00:00
SAO_6000-10,São Paulo,3550308,True,,33908,,,-23.8284605,-46.7271145,,,,2,2023-06-19T16:11:08+00:00
SAO_874T-10,São Paulo,3550308,True,,33075,,,-23.576066249999997,-46.64130825,,,,2,2023-06-19T16:11:31+00:00
SAO_874T-10,São Paulo,3550308,True,,33075,,,-23.585369500000002,-46.62782675,,,,2,2023-06-19T16:11:42+00:00
SAO_874T-10,São Paulo,3550308,True,,33075,,,-23.534152749999997,-46.6630655,,,,2,2023-06-19T16:11:38+00:00
SAO_874T-10,São Paulo,3550308,True,,33075,,,-23.554876,-46.662072499999994,,,,2,2023-06-19T16:11:37+00:00
SAO_874T-10,São Paulo,3550308,True,,33075,,,-23.577866874999998,-46.601438,,,,2,2023-06-19T16:11:19+00:00
SAO_874T-10,São Paulo,3550308,True,,33075,,,-23.577866874999998,-46.601438,,,,2,2023-06-19T16:11:22+00:00
SAO_1775-10,São Paulo,3550308,True,,33406,,,-23.447411000000002,-46.6097415,,,,2,2023-06-19T16:11:08+00:00
SAO_1775-10,São Paulo,3550308,True,,33406,,,-23.465696,-46.629907,,,,2,2023-06-19T16:11:17+00:00
SAO_1775-10,São Paulo,3550308,True,,33406,,,-23.51453,-46.616088,,,,2,2023-06-19T16:11:36+00:00
SAO_2202-10,São Paulo,3550308,True,,33678,,,-23.532032,-46.397708,,,,2,2023-06-19T16:11:16+00:00
SAO_2202-10,São Paulo,3550308,True,,33678,,,-23.519743,-46.399969,,,,2,2023-06-19T16:10:41+00:00
SAO_2202-10,São Paulo,3550308,True,,33678,,,-23.4875525,-46.3821995,,,,2,2023-06-19T16:11:21+00:00
SAO_2202-10,São Paulo,3550308,True,,33678,,,-23.490686,-46.386277500000006,,,,2,2023-06-19T16:11:12+00:00
SAO_2202-10,São Paulo,3550308,True,,33678,,,-23.488027000000002,-46.3826605,,,,2,2023-06-19T16:11:29+00:00
SAO_2202-10,São Paulo,3550308,True,,33678,,,-23.48792525,-46.382452,,,,2,2023-06-19T16:11:08+00:00
SAO_2202-10,São Paulo,3550308,True,,33678,,,-23.48792525,-46.382452,,,,2,2023-06-19T16:11:03+00:00
SAO_2202-10,São Paulo,3550308,True,,33678,,,-23.537163,-46.405097,,,,2,2023-06-19T16:11:28+00:00
SAO_2202-10,São Paulo,3550308,True,,33678,,,-23.491450999999998,-46.386998,,,,2,2023-06-19T16:11:04+00:00
SAO_2202-10,São Paulo,3550308,True,,33678,,,-23.518314500000002,-46.401081250000004,,,,2,2023-06-19T16:11:30+00:00
SAO_2202-10,São Paulo,3550308,True,,33678,,,-23.498913625,-46.405933125,,,,2,2023-06-19T16:11:14+00:00
SAO_2202-10,São Paulo,3550308,True,,33678,,,-23.541988,-46.4152385,,,,2,2023-06-19T16:11:12+00:00
SAO_3756-10,São Paulo,3550308,True,,33818,,,-23.544307500000002,-46.4650025,,,,2,2023-06-19T15:30:15+00:00
SAO_3756-10,São Paulo,3550308,True,,33818,,,-23.558173250000003,-46.4462325,,,,2,2023-06-19T16:11:34+00:00
SAO_3756-10,São Paulo,3550308,True,,33818,,,-23.56389425,-46.425806249999994,,,,2,2023-06-19T16:11:00+00:00
SAO_4027-41,São Paulo,3550308,True,,2309,,,-23.622393000000002,-46.46545475,,,,1,2023-06-19T16:11:35+00:00
SAO_5021-10,São Paulo,3550308,True,,1667,,,-23.627475500000003,-46.619183500000005,,,,1,2023-06-19T16:11:32+00:00
SAO_5021-10,São Paulo,3550308,True,,1667,,,-23.60378275,-46.602966,,,,1,2023-06-19T16:11:19+00:00
SAO_372U-10,São Paulo,3550308,True,,1016,,,-23.563473000000002,-46.553507999999994,,,,1,2023-06-19T16:11:14+00:00
SAO_372U-10,São Paulo,3550308,True,,1016,,,-23.553693,-46.561251999999996,,,,1,2023-06-19T16:10:10+00:00
SAO_372U-10,São Paulo,3550308,True,,1016,,,-23.5564715,-46.537433,,,,1,2023-06-19T16:11:32+00:00
SAO_372U-10,São Paulo,3550308,True,,1016,,,-23.5564715,-46.537433,,,,1,2023-06-19T16:11:23+00:00
SAO_372U-10,São Paulo,3550308,True,,1016,,,-23.548245875,-46.57203025,,,,1,2023-06-19T16:11:27+00:00
SAO_372U-10,São Paulo,3550308,True,,1016,,,-23.557494,-46.54053775,,,,1,2023-06-19T16:11:12+00:00
SAO_372U-10,São Paulo,3550308,True,,1016,,,-23.557366000000002,-46.54015125,,,,1,2023-06-19T16:11:37+00:00
SAO_372U-10,São Paulo,3550308,True,,1016,,,-23.557094499999998,-46.539343,,,,1,2023-06-19T16:11:30+00:00
SAO_372U-10,São Paulo,3550308,True,,1016,,,-23.5564715,-46.537433,,,,1,2023-06-19T16:11:36+00:00
SAO_372U-10,São Paulo,3550308,True,,1016,,,-23.556678875000003,-46.542362125000004,,,,1,2023-06-19T16:11:08+00:00
SAO_372U-10,São Paulo,3550308,True,,1016,,,-23.562279,-46.5433235,,,,1,2023-06-19T16:11:36+00:00
SAO_372U-10,São Paulo,3550308,True,,1016,,,-23.556700999999997,-46.538140125,,,,1,2023-06-19T16:10:58+00:00
SAO_372U-10,São Paulo,3550308,True,,1016,,,-23.541131,-46.577207,,,,1,2023-06-19T16:11:26+00:00
SAO_372U-10,São Paulo,3550308,True,,1016,,,-23.556700999999997,-46.538140125,,,,1,2023-06-19T16:11:30+00:00
SAO_372U-10,São Paulo,3550308,True,,1016,,,-23.5410925,-46.577089,,,,1,2023-06-19T16:11:27+00:00
SAO_372U-10,São Paulo,3550308,True,,1016,,,-23.557494,-46.54053775,,,,1,2023-06-19T16:11:37+00:00
SAO_2004-10,São Paulo,3550308,True,,33660,,,-23.519621,-46.383444499999996,,,,2,2023-06-19T16:11:18+00:00
SAO_2004-10,São Paulo,3550308,True,,33660,,,-23.531381500000002,-46.39716675,,,,2,2023-06-19T16:11:29+00:00
SAO_2004-10,São Paulo,3550308,True,,33660,,,-23.5260345,-46.3903465,,,,2,2023-06-19T16:10:11+00:00
SAO_2004-10,São Paulo,3550308,True,,33660,,,-23.51998075,-46.384243,,,,2,2023-06-19T16:07:04+00:00
SAO_2004-10,São Paulo,3550308,True,,33660,,,-23.543066250000003,-46.41243075,,,,2,2023-06-19T16:11:00+00:00
SAO_2004-10,São Paulo,3550308,True,,33660,,,-23.519818,-46.383840000000006,,,,2,2023-06-19T16:06:52+00:00
SAO_857R-41,São Paulo,3550308,True,,34795,,,-23.582046499999997,-46.63857,,,,2,2023-06-19T16:11:42+00:00
SAO_857R-41,São Paulo,3550308,True,,34795,,,-23.581823,-46.638701499999996,,,,2,2023-06-19T16:11:17+00:00
SAO_857R-41,São Paulo,3550308,True,,34795,,,-23.58267225,-46.63823825,,,,2,2023-06-19T16:11:25+00:00
SAO_857R-41,São Paulo,3550308,True,,34795,,,-23.581823,-46.638701499999996,,,,2,2023-06-19T16:11:44+00:00
SAO_513C-31,São Paulo,3550308,True,,35304,,,-23.534413,-46.4526755,,,,2,2023-06-19T16:11:41+00:00
SAO_513C-31,São Paulo,3550308,True,,35304,,,-23.54180925,-46.4578595,,,,2,2023-06-19T16:10:49+00:00
SAO_513C-31,São Paulo,3550308,True,,35304,,,-23.598803249999996,-46.46583575,,,,2,2023-06-19T16:10:57+00:00
SAO_7282-10,São Paulo,3550308,True,,471,,,-23.5473665,-46.7605345,,,,1,2023-06-19T16:11:30+00:00
SAO_7282-10,São Paulo,3550308,True,,471,,,-23.544869,-46.6930895,,,,1,2023-06-19T16:11:18+00:00
SAO_7282-10,São Paulo,3550308,True,,471,,,-23.54242025,-46.731016249999996,,,,1,2023-06-19T16:11:04+00:00
SAO_8038-10,São Paulo,3550308,True,,33565,,,-23.538861,-46.757825,,,,2,2023-06-19T16:11:37+00:00
SAO_8038-10,São Paulo,3550308,True,,33565,,,-23.529438499999998,-46.738716,,,,2,2023-06-19T16:11:39+00:00
SAO_8038-10,São Paulo,3550308,True,,33565,,,-23.5474125,-46.7444545,,,,2,2023-06-19T16:11:25+00:00
SAO_8038-10,São Paulo,3550308,True,,33565,,,-23.5351485,-46.760891,,,,2,2023-06-19T16:11:01+00:00
SAO_8038-10,São Paulo,3550308,True,,33565,,,-23.5250945,-46.7134585,,,,2,2023-06-19T16:09:37+00:00
SAO_8038-10,São Paulo,3550308,True,,33565,,,-23.5192465,-46.7041905,,,,2,2023-06-19T16:11:09+00:00
SAO_8038-10,São Paulo,3550308,True,,33565,,,-23.53456475,-46.76072525000001,,,,2,2023-06-19T16:10:56+00:00
SAO_8038-10,São Paulo,3550308,True,,33565,,,-23.5351485,-46.760891,,,,2,2023-06-19T16:11:12+00:00
SAO_8038-10,São Paulo,3550308,True,,33565,,,-23.544686499999997,-46.751336,,,,2,2023-06-19T16:11:16+00:00
SAO_695X-10,São Paulo,3550308,True,,34209,,,-23.709925,-46.699603999999994,,,,2,2023-06-19T16:10:59+00:00
SAO_695X-10,São Paulo,3550308,True,,34209,,,-23.6479925,-46.662449249999995,,,,2,2023-06-19T16:11:01+00:00
SAO_695X-10,São Paulo,3550308,True,,34209,,,-23.7320845,-46.6979035,,,,2,2023-06-19T16:11:18+00:00
SAO_695X-10,São Paulo,3550308,True,,34209,,,-23.738682,-46.7009325,,,,2,2023-06-19T16:11:37+00:00
SAO_695X-10,São Paulo,3550308,True,,34209,,,-23.76714475,-46.71695750000001,,,,2,2023-06-19T16:11:22+00:00
SAO_695X-10,São Paulo,3550308,True,,34209,,,-23.6457805,-46.647411500000004,,,,2,2023-06-19T16:11:42+00:00
SAO_695X-10,São Paulo,3550308,True,,34209,,,-23.670507,-46.6779885,,,,2,2023-06-19T16:11:05+00:00
SAO_695X-10,São Paulo,3550308,True,,34209,,,-23.637689,-46.6716545,,,,2,2023-06-19T16:11:28+00:00
SAO_695X-10,São Paulo,3550308,True,,34209,,,-23.711091375000002,-46.699213875,,,,2,2023-06-19T16:11:22+00:00
SAO_695X-10,São Paulo,3550308,True,,34209,,,-23.6841805,-46.691967,,,,2,2023-06-19T16:06:48+00:00
SAO_695X-10,São Paulo,3550308,True,,34209,,,-23.7668155,-46.716097500000004,,,,2,2023-06-19T16:11:27+00:00
SAO_695X-10,São Paulo,3550308,True,,34209,,,-23.750782,-46.710551,,,,2,2023-06-19T16:11:19+00:00
SAO_695X-10,São Paulo,3550308,True,,34209,,,-23.7161115,-46.6992665,,,,2,2023-06-19T16:11:19+00:00
SAO_8030-10,São Paulo,3550308,True,,35330,,,-23.5978405,-46.735897,,,,2,2023-06-19T16:11:03+00:00
SAO_8030-10,São Paulo,3550308,True,,35330,,,-23.611957750000002,-46.7233245,,,,2,2023-06-19T16:11:20+00:00
SAO_8030-10,São Paulo,3550308,True,,35330,,,-23.62322075,-46.728378,,,,2,2023-06-19T16:11:31+00:00
SAO_6414-10,São Paulo,3550308,True,EMTU,360,https://moovitapp.com/index/pt-br/transporte_p%C3%BAblico-line-360-Sao_Paulo-242-2038937-36419441-0,5.2,-23.5952075,-46.673009,,,,1,2023-06-19T16:11:39+00:00
SAO_6414-10,São Paulo,3550308,True,EMTU,360,https://moovitapp.com/index/pt-br/transporte_p%C3%BAblico-line-360-Sao_Paulo-242-2038937-36419441-0,5.2,-23.653857000000002,-46.7067565,,,,1,2023-06-19T16:11:14+00:00
SAO_6414-10,São Paulo,3550308,True,EMTU,360,https://moovitapp.com/index/pt-br/transporte_p%C3%BAblico-line-360-Sao_Paulo-242-2038937-36419441-0,5.2,-23.614436750000003,-46.69613975,,,,1,2023-06-19T16:11:27+00:00
SAO_6414-10,São Paulo,3550308,True,EMTU,360,https://moovitapp.com/index/pt-br/transporte_p%C3%BAblico-line-360-Sao_Paulo-242-2038937-36419441-0,5.2,-23.672438999999997,-46.713768,,,,1,2023-06-19T16:11:23+00:00
SAO_6414-10,São Paulo,3550308,True,EMTU,360,https://moovitapp.com/index/pt-br/transporte_p%C3%BAblico-line-360-Sao_Paulo-242-2038937-36419441-0,5.2,-23.5772605,-46.67115,,,,1,2023-06-19T16:11:45+00:00
SAO_6414-10,São Paulo,3550308,True,EMTU,360,https://moovitapp.com/index/pt-br/transporte_p%C3%BAblico-line-360-Sao_Paulo-242-2038937-36419441-0,5.2,-23.5498335,-46.64009,,,,1,2023-06-19T16:11:31+00:00
SAO_5119-10,São Paulo,3550308,True,,1,,,-23.642553499999998,-46.739124000000004,,,,1,2023-06-19T16:11:28+00:00
SAO_5119-10,São Paulo,3550308,True,,1,,,-23.590335500000002,-46.702703,,,,1,2023-06-19T16:11:40+00:00
SAO_5119-10,São Paulo,3550308,True,,1,,,-23.600934625,-46.723374750000005,,,,1,2023-06-19T16:11:43+00:00
SAO_5119-10,São Paulo,3550308,True,,1,,,-23.559326,-46.642411499999994,,,,1,2023-06-19T16:11:43+00:00
SAO_5119-10,São Paulo,3550308,True,,1,,,-23.5762115,-46.65812125,,,,1,2023-06-19T16:11:43+00:00
SAO_5119-10,São Paulo,3550308,True,,1,,,-23.6435925,-46.735404,,,,1,2023-06-19T16:11:14+00:00
SAO_5119-10,São Paulo,3550308,True,,1,,,-23.552288499999996,-46.63682875000001,,,,1,2023-06-19T16:11:09+00:00
SAO_5119-10,São Paulo,3550308,True,,1,,,-23.58553725,-46.68462625,,,,1,2023-06-19T16:11:16+00:00
SAO_5128-10,São Paulo,3550308,True,,33896,,,-23.694557,-46.647653500000004,,,,2,2023-06-19T16:11:44+00:00
SAO_5128-10,São Paulo,3550308,True,,33896,,,-23.70382175,-46.6495135,,,,2,2023-06-19T16:09:23+00:00
SAO_5128-10,São Paulo,3550308,True,,33896,,,-23.712902,-46.6521715,,,,2,2023-06-19T16:11:03+00:00
SAO_5128-10,São Paulo,3550308,True,,33896,,,-23.711726249999998,-46.65239675,,,,2,2023-06-19T16:10:13+00:00
SAO_5128-10,São Paulo,3550308,True,,33896,,,-23.6880165,-46.642643,,,,2,2023-06-19T16:11:12+00:00
SAO_5128-10,São Paulo,3550308,True,,33896,,,-23.6677745,-46.65292325,,,,2,2023-06-19T16:11:25+00:00
SAO_5128-10,São Paulo,3550308,True,,33896,,,-23.66023475,-46.640592625,,,,2,2023-06-19T16:11:26+00:00
SAO_5128-10,São Paulo,3550308,True,,33896,,,-23.6354945,-46.641478500000005,,,,2,2023-06-19T16:11:37+00:00
SAO_7017-10,São Paulo,3550308,True,,2502,,,-23.6931665,-46.791157,,,,1,2023-06-19T16:11:02+00:00
SAO_7017-10,São Paulo,3550308,True,,2502,,,-23.688785000000003,-46.7900095,,,,1,2023-06-19T16:11:12+00:00
SAO_7017-10,São Paulo,3550308,True,,2502,,,-23.671858999999998,-46.7732835,,,,1,2023-06-19T16:11:40+00:00
SAO_7017-10,São Paulo,3550308,True,,2502,,,-23.668242,-46.7355055,,,,1,2023-06-19T16:11:13+00:00
SAO_7017-10,São Paulo,3550308,True,,2502,,,-23.676291499999998,-46.75824,,,,1,2023-06-19T16:11:42+00:00
SAO_3735-10,São Paulo,3550308,True,,33803,,,-23.541323,-46.4845135,,,,2,2023-06-19T16:11:17+00:00
SAO_3735-10,São Paulo,3550308,True,,33803,,,-23.5414835,-46.4843695,,,,2,2023-06-19T16:11:13+00:00
SAO_3735-10,São Paulo,3550308,True,,33803,,,-23.5487355,-46.4939655,,,,2,2023-06-19T16:11:35+00:00
SAO_938C-10,São Paulo,3550308,True,,586,,,-23.5355075,-46.644417000000004,,,,1,2023-06-19T16:11:27+00:00
SAO_938C-10,São Paulo,3550308,True,,586,,,-23.524919125000004,-46.699054749999995,,,,1,2023-06-19T16:11:08+00:00
SAO_938C-10,São Paulo,3550308,True,,586,,,-23.463874500000003,-46.720903500000006,,,,1,2023-06-19T16:11:13+00:00
SAO_857A-10,São Paulo,3550308,True,,34693,,,-23.59803725,-46.647161374999996,,,,2,2023-06-19T16:11:45+00:00
SAO_857A-10,São Paulo,3550308,True,,34693,,,-23.584655374999997,-46.674867125,,,,2,2023-06-19T16:11:13+00:00
SAO_857A-10,São Paulo,3550308,True,,34693,,,-23.631153500000003,-46.7733425,,,,2,2023-06-19T16:11:31+00:00
SAO_857A-10,São Paulo,3550308,True,,34693,,,-23.61119875,-46.753526,,,,2,2023-06-19T16:11:04+00:00
SAO_857A-10,São Paulo,3550308,True,,34693,,,-23.5742965,-46.7066875,,,,2,2023-06-19T16:11:26+00:00
SAO_857A-10,São Paulo,3550308,True,,34693,,,-23.604357999999998,-46.7454035,,,,2,2023-06-19T16:11:37+00:00
SAO_857A-10,São Paulo,3550308,True,,34693,,,-23.6102075,-46.7524485,,,,2,2023-06-19T16:11:12+00:00
SAO_3161-10,São Paulo,3550308,True,,33852,,,-23.583561000000003,-46.5251485,,,,2,2023-06-19T16:11:44+00:00
SAO_3161-10,São Paulo,3550308,True,,33852,,,-23.584164,-46.5337145,,,,2,2023-06-19T16:11:36+00:00
SAO_3161-10,São Paulo,3550308,True,,33852,,,-23.583499250000003,-46.5254795,,,,2,2023-06-19T16:11:23+00:00
SAO_3161-10,São Paulo,3550308,True,,33852,,,-23.561819999999997,-46.59682875,,,,2,2023-06-19T16:11:07+00:00
SAO_967A-10,São Paulo,3550308,True,EMTU,568,https://moovitapp.com/index/pt-br/transporte_p%C3%BAblico-line-568-Sao_Paulo-242-2038937-36419565-0,7.8,-23.5653515,-46.693298999999996,,,,1,2023-06-19T16:11:31+00:00
SAO_967A-10,São Paulo,3550308,True,EMTU,568,https://moovitapp.com/index/pt-br/transporte_p%C3%BAblico-line-568-Sao_Paulo-242-2038937-36419565-0,7.8,-23.51433125,-46.655023,,,,1,2023-06-19T16:11:34+00:00
SAO_967A-10,São Paulo,3550308,True,EMTU,568,https://moovitapp.com/index/pt-br/transporte_p%C3%BAblico-line-568-Sao_Paulo-242-2038937-36419565-0,7.8,-23.4804295,-46.656615,,,,1,2023-06-19T16:11:12+00:00
SAO_967A-10,São Paulo,3550308,True,EMTU,568,https://moovitapp.com/index/pt-br/transporte_p%C3%BAblico-line-568-Sao_Paulo-242-2038937-36419565-0,7.8,-23.4804295,-46.656615,,,,1,2023-06-19T16:11:12+00:00
SAO_967A-10,São Paulo,3550308,True,EMTU,568,https://moovitapp.com/index/pt-br/transporte_p%C3%BAblico-line-568-Sao_Paulo-242-2038937-36419565-0,7.8,-23.5857365,-46.678846,,,,1,2023-06-19T16:11:43+00:00
SAO_967A-10,São Paulo,3550308,True,EMTU,568,https://moovitapp.com/index/pt-br/transporte_p%C3%BAblico-line-568-Sao_Paulo-242-2038937-36419565-0,7.8,-23.4804295,-46.656615,,,,1,2023-06-19T16:11:39+00:00
SAO_967A-10,São Paulo,3550308,True,EMTU,568,https://moovitapp.com/index/pt-br/transporte_p%C3%BAblico-line-568-Sao_Paulo-242-2038937-36419565-0,7.8,-23.5820395,-46.666586375,,,,1,2023-06-19T16:11:30+00:00
SAO_967A-10,São Paulo,3550308,True,EMTU,568,https://moovitapp.com/index/pt-br/transporte_p%C3%BAblico-line-568-Sao_Paulo-242-2038937-36419565-0,7.8,-23.5655575,-46.6931725,,,,1,2023-06-19T16:11:16+00:00
SAO_967A-10,São Paulo,3550308,True,EMTU,568,https://moovitapp.com/index/pt-br/transporte_p%C3%BAblico-line-568-Sao_Paulo-242-2038937-36419565-0,7.8,-23.4804295,-46.656615,,,,1,2023-06-19T16:11:34+00:00
SAO_967A-10,São Paulo,3550308,True,EMTU,568,https://moovitapp.com/index/pt-br/transporte_p%C3%BAblico-line-568-Sao_Paulo-242-2038937-36419565-0,7.8,-23.4804295,-46.656615,,,,1,2023-06-19T16:11:13+00:00
SAO_2014-10,São Paulo,3550308,True,,33668,,,-23.4619845,-46.670265,,,,2,2023-06-19T16:11:19+00:00
SAO_2014-10,São Paulo,3550308,True,,33668,,,-23.471132,-46.665958,,,,2,2023-06-19T16:11:10+00:00
SAO_2014-10,São Paulo,3550308,True,,33668,,,-23.478277374999998,-46.671828625,,,,2,2023-06-19T16:11:43+00:00
SAO_2014-10,São Paulo,3550308,True,,33668,,,-23.4536755,-46.672591499999996,,,,2,2023-06-19T16:11:26+00:00
SAO_2014-10,São Paulo,3550308,True,,33668,,,-23.511839875,-46.666197499999996,,,,2,2023-06-19T16:11:25+00:00
SAO_2014-10,São Paulo,3550308,True,,33668,,,-23.503756250000002,-46.659223000000004,,,,2,2023-06-19T16:11:32+00:00
SAO_2014-10,São Paulo,3550308,True,,33668,,,-23.457081000000002,-46.669748,,,,2,2023-06-19T16:11:34+00:00
SAO_2014-10,São Paulo,3550308,True,,33668,,,-23.4576965,-46.670289,,,,2,2023-06-19T16:11:03+00:00
SAO_2014-10,São Paulo,3550308,True,,33668,,,-23.457582000000002,-46.670192,,,,2,2023-06-19T16:11:42+00:00
SAO_2014-10,São Paulo,3550308,True,,33668,,,-23.5248565,-46.670845,,,,2,2023-06-19T16:11:29+00:00
SAO_2014-10,São Paulo,3550308,True,,33668,,,-23.49589675,-46.660531875000004,,,,2,2023-06-19T16:11:03+00:00
SAO_2014-10,São Paulo,3550308,True,,33668,,,-23.4572125,-46.6698655,,,,2,2023-06-19T16:11:02+00:00
SAO_2014-10,São Paulo,3550308,True,,33668,,,-23.457437,-46.670062,,,,2,2023-06-19T16:11:24+00:00
SAO_2014-10,São Paulo,3550308,True,,33668,,,-23.457342,-46.669977,,,,2,2023-06-19T16:11:03+00:00
SAO_3390-10,São Paulo,3550308,True,,33506,,,-23.57305025,-46.59342649999999,,,,2,2023-06-19T16:11:12+00:00
SAO_3390-10,São Paulo,3550308,True,,33506,,,-23.5564635,-46.6282135,,,,2,2023-06-19T16:11:17+00:00
SAO_3390-10,São Paulo,3550308,True,,33506,,,-23.604303,-46.509353000000004,,,,2,2023-06-19T16:11:19+00:00
SAO_3390-10,São Paulo,3550308,True,,33506,,,-23.5859735,-46.585053,,,,2,2023-06-19T16:11:41+00:00
SAO_3390-10,São Paulo,3550308,True,,33506,,,-23.59850425,-46.52051,,,,2,2023-06-19T16:11:21+00:00
SAO_3390-10,São Paulo,3550308,True,,33506,,,-23.5473125,-46.62966,,,,2,2023-06-19T16:11:40+00:00
SAO_3032-10,São Paulo,3550308,True,STT,720,https://moovitapp.com/index/pt-br/transporte_p%C3%BAblico-line-720-Sao_Paulo-242-850661-183345-0,5.3,-23.558674,-46.522539,,,,1,2023-06-19T16:11:41+00:00
SAO_9008-10,São Paulo,3550308,True,,875,,,-23.4469195,-46.7035675,,,,1,2023-06-19T16:11:28+00:00
SAO_9008-10,São Paulo,3550308,True,,875,,,-23.427475,-46.7146125,,,,1,2023-06-19T16:11:15+00:00
SAO_9008-10,São Paulo,3550308,True,,875,,,-23.459683,-46.6885965,,,,1,2023-06-19T16:11:14+00:00
SAO_9008-10,São Paulo,3550308,True,,875,,,-23.432154,-46.712711,,,,1,2023-06-19T16:11:22+00:00
SAO_2717-10,São Paulo,3550308,True,Urubupungá,930,https://moovitapp.com/index/pt-br/transporte_p%C3%BAblico-line-930-Sao_Paulo-242-873835-496473-0,4.6,-23.500071,-46.511576000000005,,,,1,2023-06-19T16:11:16+00:00
SAO_2717-10,São Paulo,3550308,True,Urubupungá,930,https://moovitapp.com/index/pt-br/transporte_p%C3%BAblico-line-930-Sao_Paulo-242-873835-496473-0,4.6,-23.5283485,-46.515868499999996,,,,1,2023-06-19T16:11:43+00:00
SAO_2717-10,São Paulo,3550308,True,Urubupungá,930,https://moovitapp.com/index/pt-br/transporte_p%C3%BAblico-line-930-Sao_Paulo-242-873835-496473-0,4.6,-23.5287615,-46.516549499999996,,,,1,2023-06-19T16:11:16+00:00
SAO_2717-10,São Paulo,3550308,True,Urubupungá,930,https://moovitapp.com/index/pt-br/transporte_p%C3%BAblico-line-930-Sao_Paulo-242-873835-496473-0,4.6,-23.5129855,-46.516172999999995,,,,1,2023-06-19T16:11:45+00:00
SAO_2717-10,São Paulo,3550308,True,Urubupungá,930,https://moovitapp.com/index/pt-br/transporte_p%C3%BAblico-line-930-Sao_Paulo-242-873835-496473-0,4.6,-23.5287615,-46.516549499999996,,,,1,2023-06-19T16:11:14+00:00
SAO_7055-10,São Paulo,3550308,True,,1888,,,-23.661214,-46.7683785,,,,1,2023-06-19T16:11:28+00:00
SAO_7055-10,São Paulo,3550308,True,,1888,,,-23.692201,-46.786618,,,,1,2023-06-19T16:11:16+00:00
SAO_7055-10,São Paulo,3550308,True,,1888,,,-23.631153500000003,-46.7733425,,,,1,2023-06-19T16:11:36+00:00
SAO_7055-10,São Paulo,3550308,True,,1888,,,-23.677175249999998,-46.7760705,,,,1,2023-06-19T16:11:27+00:00
SAO_7055-10,São Paulo,3550308,True,,1888,,,-23.634363,-46.774752,,,,1,2023-06-19T16:11:18+00:00
SAO_7055-10,São Paulo,3550308,True,,1888,,,-23.6919635,-46.7907745,,,,1,2023-06-19T16:11:04+00:00
SAO_2019-10,São Paulo,3550308,True,,905,,,-23.524728,-46.5453215,,,,1,2023-06-19T16:11:10+00:00
SAO_2019-10,São Paulo,3550308,True,,905,,,-23.5272005,-46.540449,,,,1,2023-06-19T16:08:48+00:00
SAO_2019-10,São Paulo,3550308,True,,905,,,-23.5247885,-46.524378875,,,,1,2023-06-19T16:11:31+00:00
SAO_2019-10,São Paulo,3550308,True,,905,,,-23.5337855,-46.4928215,,,,1,2023-06-19T16:11:40+00:00
SAO_314J-10,São Paulo,3550308,True,Cidade de Caieiras,310,https://moovitapp.com/index/pt-br/transporte_p%C3%BAblico-line-310-Sao_Paulo-242-868761-496418-0,5.0,-23.6141705,-46.51755300000001,,,,1,2023-06-19T16:07:16+00:00
SAO_314J-10,São Paulo,3550308,True,Cidade de Caieiras,310,https://moovitapp.com/index/pt-br/transporte_p%C3%BAblico-line-310-Sao_Paulo-242-868761-496418-0,5.0,-23.58993375,-46.575903499999995,,,,1,2023-06-19T16:11:43+00:00
SAO_314J-10,São Paulo,3550308,True,Cidade de Caieiras,310,https://moovitapp.com/index/pt-br/transporte_p%C3%BAblico-line-310-Sao_Paulo-242-868761-496418-0,5.0,-23.596145,-46.569465,,,,1,2023-06-19T16:11:43+00:00
SAO_314J-10,São Paulo,3550308,True,Cidade de Caieiras,310,https://moovitapp.com/index/pt-br/transporte_p%C3%BAblico-line-310-Sao_Paulo-242-868761-496418-0,5.0,-23.582458000000003,-46.60095225,,,,1,2023-06-19T16:11:07+00:00
SAO_314J-10,São Paulo,3550308,True,Cidade de Caieiras,310,https://moovitapp.com/index/pt-br/transporte_p%C3%BAblico-line-310-Sao_Paulo-242-868761-496418-0,5.0,-23.6141705,-46.51755300000001,,,,1,2023-06-19T16:11:30+00:00
SAO_6074-10,São Paulo,3550308,True,,1161,,,-23.740786,-46.691494500000005,,,,1,2023-06-19T16:11:16+00:00
SAO_6074-10,São Paulo,3550308,True,,1161,,,-23.7427105,-46.669679,,,,1,2023-06-19T16:11:13+00:00
SAO_6074-10,São Paulo,3550308,True,,1161,,,-23.7544035,-46.67990825,,,,1,2023-06-19T16:11:38+00:00
SAO_6074-10,São Paulo,3550308,True,,1161,,,-23.734681375,-46.694479375,,,,1,2023-06-19T16:11:37+00:00
SAO_6074-10,São Paulo,3550308,True,,1161,,,-23.723593,-46.691494,,,,1,2023-06-19T16:11:18+00:00
SAO_6074-10,São Paulo,3550308,True,,1161,,,-23.75634,-46.66749,,,,1,2023-06-19T16:11:18+00:00
SAO_6074-10,São Paulo,3550308,True,,1161,,,-23.689155,-46.697402499999995,,,,1,2023-06-19T16:11:21+00:00
SAO_5035-10,São Paulo,3550308,True,,34436,,,-23.6369775,-46.591483000000004,,,,2,2023-06-19T16:11:00+00:00
SAO_5035-10,São Paulo,3550308,True,,34436,,,-23.637159500000003,-46.592059,,,,2,2023-06-19T16:11:42+00:00
SAO_5035-10,São Paulo,3550308,True,,34436,,,-23.619428,-46.59621975,,,,2,2023-06-19T16:11:16+00:00
SAO_5035-10,São Paulo,3550308,True,,34436,,,-23.633299,-46.5869175,,,,2,2023-06-19T16:11:37+00:00
SAO_5035-10,São Paulo,3550308,True,,34436,,,-23.637159500000003,-46.592059,,,,2,2023-06-19T16:11:29+00:00
SAO_3795-10,São Paulo,3550308,True,,1073,,,-23.5599825,-46.4153285,,,,1,2023-06-19T16:11:17+00:00
SAO_3795-10,São Paulo,3550308,True,,1073,,,-23.559945,-46.415017750000004,,,,1,2023-06-19T16:11:33+00:00
SAO_3795-10,São Paulo,3550308,True,,1073,,,-23.5599825,-46.4153285,,,,1,2023-06-19T16:11:27+00:00
SAO_3795-10,São Paulo,3550308,True,,1073,,,-23.544283,-46.452409,,,,1,2023-06-19T16:11:09+00:00
SAO_3795-10,São Paulo,3550308,True,,1073,,,-23.55285,-46.447289250000004,,,,1,2023-06-19T16:11:17+00:00
SAO_3795-10,São Paulo,3550308,True,,1073,,,-23.559945,-46.415017750000004,,,,1,2023-06-19T16:11:24+00:00
SAO_9501-10,São Paulo,3550308,True,EMTU,462,https://moovitapp.com/index/pt-br/transporte_p%C3%BAblico-line-462-Sao_Paulo-242-2038937-36419502-0,7.4,-23.483652,-46.679422,,,,1,2023-06-19T16:11:29+00:00
SAO_9501-10,São Paulo,3550308,True,EMTU,462,https://moovitapp.com/index/pt-br/transporte_p%C3%BAblico-line-462-Sao_Paulo-242-2038937-36419502-0,7.4,-23.475306,-46.6698155,,,,1,2023-06-19T16:11:34+00:00
SAO_9501-10,São Paulo,3550308,True,EMTU,462,https://moovitapp.com/index/pt-br/transporte_p%C3%BAblico-line-462-Sao_Paulo-242-2038937-36419502-0,7.4,-23.475306,-46.6698155,,,,1,2023-06-19T16:11:32+00:00
SAO_9501-10,São Paulo,3550308,True,EMTU,462,https://moovitapp.com/index/pt-br/transporte_p%C3%BAblico-line-462-Sao_Paulo-242-2038937-36419502-0,7.4,-23.512912999999998,-46.690622000000005,,,,1,2023-06-19T16:10:58+00:00
SAO_9501-10,São Paulo,3550308,True,EMTU,462,https://moovitapp.com/index/pt-br/transporte_p%C3%BAblico-line-462-Sao_Paulo-242-2038937-36419502-0,7.4,-23.5434195,-46.638258500000006,,,,1,2023-06-19T16:11:26+00:00
SAO_9501-10,São Paulo,3550308,True,EMTU,462,https://moovitapp.com/index/pt-br/transporte_p%C3%BAblico-line-462-Sao_Paulo-242-2038937-36419502-0,7.4,-23.528869,-46.648106999999996,,,,1,2023-06-19T16:11:19+00:00
SAO_9501-10,São Paulo,3550308,True,EMTU,462,https://moovitapp.com/index/pt-br/transporte_p%C3%BAblico-line-462-Sao_Paulo-242-2038937-36419502-0,7.4,-23.522263875,-46.6624225,,,,1,2023-06-19T16:11:30+00:00
SAO_971M-10,São Paulo,3550308,True,,33380,,,-23.490409,-46.6888085,,,,2,2023-06-19T16:11:05+00:00
SAO_971M-10,São Paulo,3550308,True,,33380,,,-23.4988015,-46.6265425,,,,2,2023-06-19T16:11:35+00:00
SAO_971M-10,São Paulo,3550308,True,,33380,,,-23.47481775,-46.66588125,,,,2,2023-06-19T16:11:29+00:00
SAO_971M-10,São Paulo,3550308,True,,33380,,,-23.50092025,-46.624976625,,,,2,2023-06-19T16:11:29+00:00
SAO_971M-10,São Paulo,3550308,True,,33380,,,-23.4754945,-46.638245999999995,,,,2,2023-06-19T16:11:30+00:00
SAO_971M-10,São Paulo,3550308,True,,33380,,,-23.48489,-46.687429,,,,2,2023-06-19T16:11:19+00:00
SAO_2008-10,São Paulo,3550308,True,,33665,,,-23.52114525,-46.38738525,,,,2,2023-06-19T16:10:57+00:00
SAO_2008-10,São Paulo,3550308,True,,33665,,,-23.52127275,-46.38820875,,,,2,2023-06-19T16:08:49+00:00
SAO_2008-10,São Paulo,3550308,True,,33665,,,-23.52114525,-46.38738525,,,,2,2023-06-19T16:11:12+00:00
SAO_2008-10,São Paulo,3550308,True,,33665,,,-23.51139,-46.394247,,,,2,2023-06-19T16:11:03+00:00
SAO_2008-10,São Paulo,3550308,True,,33665,,,-23.498487,-46.3996315,,,,2,2023-06-19T16:11:33+00:00
SAO_2008-10,São Paulo,3550308,True,,33665,,,-23.5212705,-46.38851,,,,2,2023-06-19T16:08:12+00:00
SAO_2008-10,São Paulo,3550308,True,,33665,,,-23.52118775,-46.38765975,,,,2,2023-06-19T16:10:59+00:00
SAO_809L-10,São Paulo,3550308,True,,34717,,,-23.5239105,-46.699185,,,,2,2023-06-19T16:11:11+00:00
SAO_809L-10,São Paulo,3550308,True,,34717,,,-23.631868500000003,-46.772482,,,,2,2023-06-19T16:11:40+00:00
SAO_809L-10,São Paulo,3550308,True,,34717,,,-23.568849,-46.711668875,,,,2,2023-06-19T16:11:13+00:00
SAO_809L-10,São Paulo,3550308,True,,34717,,,-23.622524,-46.762103999999994,,,,2,2023-06-19T16:11:01+00:00
SAO_809L-10,São Paulo,3550308,True,,34717,,,-23.6157585,-46.756756499999995,,,,2,2023-06-19T16:11:33+00:00
SAO_809L-10,São Paulo,3550308,True,,34717,,,-23.6317515,-46.7727405,,,,2,2023-06-19T16:11:42+00:00
SAO_809L-10,São Paulo,3550308,True,,34717,,,-23.52277625,-46.69973975,,,,2,2023-06-19T16:11:40+00:00
SAO_809L-10,São Paulo,3550308,True,,34717,,,-23.56310275,-46.71190675,,,,2,2023-06-19T16:11:27+00:00
SAO_809L-10,São Paulo,3550308,True,,34717,,,-23.607451,-46.751560999999995,,,,2,2023-06-19T16:11:38+00:00
SAO_809L-10,São Paulo,3550308,True,,34717,,,-23.631954,-46.7723235,,,,2,2023-06-19T16:11:03+00:00
SAO_809L-10,São Paulo,3550308,True,,34717,,,-23.536713,-46.7073125,,,,2,2023-06-19T16:11:36+00:00
SAO_809L-10,São Paulo,3550308,True,,34717,,,-23.632016,-46.772219500000006,,,,2,2023-06-19T16:11:10+00:00
SAO_5128-10,São Paulo,3550308,True,,1128,,,-23.7122905,-46.651968499999995,,,,1,2023-06-19T16:11:15+00:00
SAO_5128-10,São Paulo,3550308,True,,1128,,,-23.693475499999998,-46.644855,,,,1,2023-06-19T16:11:01+00:00
SAO_5128-10,São Paulo,3550308,True,,1128,,,-23.709408,-46.655767999999995,,,,1,2023-06-19T15:56:12+00:00
SAO_5128-10,São Paulo,3550308,True,,1128,,,-23.697448,-46.6487755,,,,1,2023-06-19T16:11:26+00:00
SAO_5128-10,São Paulo,3550308,True,,1128,,,-23.660490875,-46.636798625,,,,1,2023-06-19T16:11:27+00:00
SAO_775F-10,São Paulo,3550308,True,,33564,,,-23.601592,-46.713787499999995,,,,2,2023-06-19T16:11:07+00:00
SAO_775F-10,São Paulo,3550308,True,,33564,,,-23.6152215,-46.755928,,,,2,2023-06-19T16:11:38+00:00
SAO_775F-10,São Paulo,3550308,True,,33564,,,-23.608765249999998,-46.75000275,,,,2,2023-06-19T16:11:37+00:00
SAO_775F-10,São Paulo,3550308,True,,33564,,,-23.5719435,-46.6903585,,,,2,2023-06-19T16:11:09+00:00
SAO_775F-10,São Paulo,3550308,True,,33564,,,-23.611016250000002,-46.753262,,,,2,2023-06-19T16:11:02+00:00
SAO_775F-10,São Paulo,3550308,True,,33564,,,-23.587027,-46.6989795,,,,2,2023-06-19T16:11:10+00:00
SAO_775F-10,São Paulo,3550308,True,,33564,,,-23.61649025,-46.738069499999995,,,,2,2023-06-19T16:11:19+00:00
SAO_775F-10,São Paulo,3550308,True,,33564,,,-23.604743,-46.7251465,,,,2,2023-06-19T16:11:05+00:00
SAO_7050-10,São Paulo,3550308,True,,34652,,,-23.658609,-46.78921425,,,,2,2023-06-19T16:11:31+00:00
SAO_7050-10,São Paulo,3550308,True,,34652,,,-23.658400999999998,-46.78931475,,,,2,2023-06-19T16:11:28+00:00
SAO_7050-10,São Paulo,3550308,True,,34652,,,-23.6582,-46.7894615,,,,2,2023-06-19T16:11:32+00:00
SAO_2032-10,São Paulo,3550308,True,,2266,,,-23.4842545,-46.573038499999996,,,,1,2023-06-19T16:11:39+00:00
SAO_2032-10,São Paulo,3550308,True,,2266,,,-23.4842545,-46.573038499999996,,,,1,2023-06-19T16:11:42+00:00
SAO_2032-10,São Paulo,3550308,True,,2266,,,-23.504027999999998,-46.6152115,,,,1,2023-06-19T16:11:01+00:00
SAO_2032-10,São Paulo,3550308,True,,2266,,,-23.487647000000003,-46.593525500000005,,,,1,2023-06-19T16:11:15+00:00
SAO_546A-31,São Paulo,3550308,True,,33900,,,-23.6604805,-46.6955875,,,,2,2023-06-19T16:11:11+00:00
SAO_546A-31,São Paulo,3550308,True,,33900,,,-23.654280999999997,-46.70443349999999,,,,2,2023-06-19T16:11:38+00:00
SAO_546A-31,São Paulo,3550308,True,,33900,,,-23.702181500000002,-46.650177,,,,2,2023-06-19T16:07:40+00:00
SAO_546A-31,São Paulo,3550308,True,,33900,,,-23.713665,-46.65656725,,,,2,2023-06-19T16:11:04+00:00
SAO_546A-31,São Paulo,3550308,True,,33900,,,-23.688447,-46.68042,,,,2,2023-06-19T16:11:24+00:00
SAO_7550-10,São Paulo,3550308,True,,2093,,,-23.5957665,-46.673165,,,,1,2023-06-19T16:11:19+00:00
SAO_7550-10,São Paulo,3550308,True,,2093,,,-23.558980000000002,-46.642120500000004,,,,1,2023-06-19T16:11:36+00:00
SAO_7550-10,São Paulo,3550308,True,,2093,,,-23.5843835,-46.67018725,,,,1,2023-06-19T16:11:29+00:00
SAO_7550-10,São Paulo,3550308,True,,2093,,,-23.5424435,-46.646533250000005,,,,1,2023-06-19T16:11:35+00:00
SAO_7550-10,São Paulo,3550308,True,,2093,,,-23.575095249999997,-46.65687425,,,,1,2023-06-19T16:11:07+00:00
SAO_7550-10,São Paulo,3550308,True,,2093,,,-23.654166500000002,-46.711513,,,,1,2023-06-19T16:11:36+00:00
SAO_7550-10,São Paulo,3550308,True,,2093,,,-23.654166500000002,-46.711513,,,,1,2023-06-19T16:11:25+00:00
SAO_364A-10,São Paulo,3550308,True,,1246,,,-23.595846,-46.5240965,,,,1,2023-06-19T16:11:20+00:00
SAO_364A-10,São Paulo,3550308,True,,1246,,,-23.5681915,-46.5048455,,,,1,2023-06-19T16:11:14+00:00
SAO_364A-10,São Paulo,3550308,True,,1246,,,-23.601278,-46.5073175,,,,1,2023-06-19T16:11:41+00:00
SAO_364A-10,São Paulo,3550308,True,,1246,,,-23.5631475,-46.501079000000004,,,,1,2023-06-19T16:11:40+00:00
SAO_364A-10,São Paulo,3550308,True,,1246,,,-23.615429,-46.5003295,,,,1,2023-06-19T16:11:15+00:00
SAO_364A-10,São Paulo,3550308,True,,1246,,,-23.5632085,-46.5012665,,,,1,2023-06-19T16:11:39+00:00
SAO_364A-10,São Paulo,3550308,True,,1246,,,-23.615963999999998,-46.500783999999996,,,,1,2023-06-19T16:11:27+00:00
SAO_364A-10,São Paulo,3550308,True,,1246,,,-23.585585000000002,-46.588202249999995,,,,1,2023-06-19T16:11:38+00:00
SAO_364A-10,São Paulo,3550308,True,,1246,,,-23.5632085,-46.5012665,,,,1,2023-06-19T16:11:08+00:00
SAO_364A-10,São Paulo,3550308,True,,1246,,,-23.587295750000003,-46.5442235,,,,1,2023-06-19T16:11:23+00:00
SAO_364A-10,São Paulo,3550308,True,,1246,,,-23.564026,-46.50344825,,,,1,2023-06-19T16:11:45+00:00
SAO_364A-10,São Paulo,3550308,True,,1246,,,-23.581923,-46.592717,,,,1,2023-06-19T16:11:43+00:00
SAO_607M-10,São Paulo,3550308,True,,34804,,,-23.7358595,-46.6960365,,,,2,2023-06-19T16:11:32+00:00
SAO_607M-10,São Paulo,3550308,True,,34804,,,-23.676713875,-46.70774375,,,,2,2023-06-19T16:11:36+00:00
SAO_607M-10,São Paulo,3550308,True,,34804,,,-23.7351155,-46.695655,,,,2,2023-06-19T16:11:29+00:00
SAO_5757-10,São Paulo,3550308,True,,34056,,,-23.6913305,-46.639309999999995,,,,2,2023-06-19T16:11:15+00:00
SAO_5757-10,São Paulo,3550308,True,,34056,,,-23.6913305,-46.639309999999995,,,,2,2023-06-19T16:11:34+00:00
SAO_5757-10,São Paulo,3550308,True,,34056,,,-23.634613,-46.6409485,,,,2,2023-06-19T16:11:38+00:00
SAO_5757-10,São Paulo,3550308,True,,34056,,,-23.688735,-46.636900999999995,,,,2,2023-06-19T16:11:26+00:00
SAO_5757-10,São Paulo,3550308,True,,34056,,,-23.6693775,-46.649161500000005,,,,2,2023-06-19T16:11:21+00:00
SAO_5757-10,São Paulo,3550308,True,,34056,,,-23.6693775,-46.649161500000005,,,,2,2023-06-19T16:11:29+00:00
SAO_5757-10,São Paulo,3550308,True,,34056,,,-23.6913305,-46.639309999999995,,,,2,2023-06-19T16:11:16+00:00
SAO_5757-10,São Paulo,3550308,True,,34056,,,-23.64599175,-46.64096275,,,,2,2023-06-19T16:11:15+00:00
SAO_5757-10,São Paulo,3550308,True,,34056,,,-23.691199500000003,-46.639219499999996,,,,2,2023-06-19T16:11:13+00:00
SAO_5757-10,São Paulo,3550308,True,,34056,,,-23.689773,-46.6435305,,,,2,2023-06-19T16:11:14+00:00
SAO_576M-10,São Paulo,3550308,True,,604,,,-23.635624749999998,-46.6496915,,,,1,2023-06-19T16:11:06+00:00
SAO_576M-10,São Paulo,3550308,True,,604,,,-23.6138785,-46.665807,,,,1,2023-06-19T16:11:29+00:00
SAO_576M-10,São Paulo,3550308,True,,604,,,-23.67813,-46.6399,,,,1,2023-06-19T16:11:00+00:00
SAO_576M-10,São Paulo,3550308,True,,604,,,-23.5984525,-46.6723045,,,,1,2023-06-19T16:11:26+00:00
SAO_6038-10,São Paulo,3550308,True,,1216,,,-23.649607000000003,-46.707680499999995,,,,1,2023-06-19T16:11:05+00:00
SAO_6038-10,São Paulo,3550308,True,,1216,,,-23.6578735,-46.7897725,,,,1,2023-06-19T16:11:06+00:00
SAO_6038-10,São Paulo,3550308,True,,1216,,,-23.662233,-46.7937055,,,,1,2023-06-19T16:11:10+00:00
SAO_6038-10,São Paulo,3550308,True,,1216,,,-23.6492035,-46.7505295,,,,1,2023-06-19T16:11:11+00:00
SAO_6038-10,São Paulo,3550308,True,,1216,,,-23.6578735,-46.7897725,,,,1,2023-06-19T16:11:15+00:00
SAO_6038-10,São Paulo,3550308,True,,1216,,,-23.64851525,-46.708147999999994,,,,1,2023-06-19T16:11:32+00:00
SAO_6038-10,São Paulo,3550308,True,,1216,,,-23.6604575,-46.767489,,,,1,2023-06-19T16:11:20+00:00
SAO_6038-10,São Paulo,3550308,True,,1216,,,-23.6578735,-46.7897725,,,,1,2023-06-19T16:11:04+00:00
SAO_6038-10,São Paulo,3550308,True,,1216,,,-23.659761125,-46.773871,,,,1,2023-06-19T16:11:23+00:00
SAO_3762-10,São Paulo,3550308,True,,33821,,,-23.591546,-46.5161705,,,,2,2023-06-19T16:11:20+00:00
SAO_3762-10,São Paulo,3550308,True,,33821,,,-23.5909755,-46.5166185,,,,2,2023-06-19T16:11:34+00:00
SAO_3762-10,São Paulo,3550308,True,,33821,,,-23.546639499999998,-46.558061,,,,2,2023-06-19T16:08:41+00:00
SAO_3762-10,São Paulo,3550308,True,,33821,,,-23.54434525,-46.56520125,,,,2,2023-06-19T16:10:29+00:00
SAO_3762-10,São Paulo,3550308,True,,33821,,,-23.5752485,-46.5323135,,,,2,2023-06-19T16:11:24+00:00
SAO_3762-10,São Paulo,3550308,True,,33821,,,-23.586439499999997,-46.51765825,,,,2,2023-06-19T16:11:43+00:00
SAO_3762-10,São Paulo,3550308,True,,33821,,,-23.5597415,-46.544182,,,,2,2023-06-19T16:11:21+00:00
SAO_3762-10,São Paulo,3550308,True,,33821,,,-23.5909755,-46.5166185,,,,2,2023-06-19T16:05:51+00:00
SAO_3762-10,São Paulo,3550308,True,,33821,,,-23.591546,-46.5161705,,,,2,2023-06-19T16:11:18+00:00
SAO_3762-10,São Paulo,3550308,True,,33821,,,-23.591546,-46.5161705,,,,2,2023-06-19T16:11:29+00:00
SAO_3762-10,São Paulo,3550308,True,,33821,,,-23.591411,-46.516296499999996,,,,2,2023-06-19T16:09:23+00:00
SAO_6028-10,São Paulo,3550308,True,,33979,,,-23.666391750000003,-46.719602374999994,,,,2,2023-06-19T16:11:15+00:00
SAO_6028-10,São Paulo,3550308,True,,33979,,,-23.702140999999997,-46.744587499999994,,,,2,2023-06-19T16:11:18+00:00
SAO_6028-10,São Paulo,3550308,True,,33979,,,-23.6866445,-46.754375499999995,,,,2,2023-06-19T16:11:42+00:00
SAO_6028-10,São Paulo,3550308,True,,33979,,,-23.702140999999997,-46.744587499999994,,,,2,2023-06-19T16:11:38+00:00
SAO_6028-10,São Paulo,3550308,True,,33979,,,-23.695511500000002,-46.7559935,,,,2,2023-06-19T16:11:18+00:00
SAO_507T-10,São Paulo,3550308,True,,2208,,,-23.5423415,-46.549489,,,,1,2023-06-19T16:11:36+00:00
SAO_507T-10,São Paulo,3550308,True,,2208,,,-23.586772500000002,-46.517243,,,,1,2023-06-19T16:11:23+00:00
SAO_507T-10,São Paulo,3550308,True,,2208,,,-23.607455,-46.501303,,,,1,2023-06-19T16:08:41+00:00
SAO_507T-10,São Paulo,3550308,True,,2208,,,-23.558417,-46.521811,,,,1,2023-06-19T16:11:21+00:00
SAO_507T-10,São Paulo,3550308,True,,2208,,,-23.607926499999998,-46.501155,,,,1,2023-06-19T16:11:36+00:00
SAO_507T-10,São Paulo,3550308,True,,2208,,,-23.589782125,-46.50501,,,,1,2023-06-19T16:11:07+00:00
SAO_507T-10,São Paulo,3550308,True,,2208,,,-23.6075205,-46.5012585,,,,1,2023-06-19T16:11:01+00:00
SAO_507T-10,São Paulo,3550308,True,,2208,,,-23.6141215,-46.501234,,,,1,2023-06-19T16:11:18+00:00
SAO_507T-10,São Paulo,3550308,True,,2208,,,-23.538734499999997,-46.5649235,,,,1,2023-06-19T16:11:36+00:00
SAO_507T-10,São Paulo,3550308,True,,2208,,,-23.6078125,-46.501167,,,,1,2023-06-19T16:11:18+00:00
SAO_507T-10,São Paulo,3550308,True,,2208,,,-23.542234999999998,-46.5484465,,,,1,2023-06-19T16:11:24+00:00
SAO_507T-10,São Paulo,3550308,True,,2208,,,-23.609686375000003,-46.501195499999994,,,,1,2023-06-19T16:11:24+00:00
SAO_507T-10,São Paulo,3550308,True,,2208,,,-23.609438125000004,-46.50119649999999,,,,1,2023-06-19T16:09:40+00:00
SAO_507T-10,São Paulo,3550308,True,,2208,,,-23.567836874999998,-46.510108625,,,,1,2023-06-19T16:11:11+00:00
SAO_2008-10,São Paulo,3550308,True,,897,,,-23.497591749999998,-46.400847999999996,,,,1,2023-06-19T16:11:35+00:00
SAO_2008-10,São Paulo,3550308,True,,897,,,-23.494199000000002,-46.4010145,,,,1,2023-06-19T16:11:24+00:00
SAO_2008-10,São Paulo,3550308,True,,897,,,-23.4941885,-46.400822,,,,1,2023-06-19T16:11:29+00:00
SAO_2008-10,São Paulo,3550308,True,,897,,,-23.5196105,-46.3872475,,,,1,2023-06-19T16:11:16+00:00
SAO_7057-10,São Paulo,3550308,True,,1897,,,-23.631797499999998,-46.7719915,,,,1,2023-06-19T16:11:05+00:00
SAO_7057-10,São Paulo,3550308,True,,1897,,,-23.649582000000002,-46.784457,,,,1,2023-06-19T16:11:28+00:00
SAO_7057-10,São Paulo,3550308,True,,1897,,,-23.6498135,-46.783501,,,,1,2023-06-19T16:11:37+00:00
SAO_478P-10,São Paulo,3550308,True,,33117,,,-23.6292935,-46.598532,,,,2,2023-06-19T16:11:19+00:00
SAO_478P-10,São Paulo,3550308,True,,33117,,,-23.536020999999998,-46.684993874999996,,,,2,2023-06-19T16:11:02+00:00
SAO_478P-10,São Paulo,3550308,True,,33117,,,-23.567117125000003,-46.649771375,,,,2,2023-06-19T16:11:34+00:00
SAO_478P-10,São Paulo,3550308,True,,33117,,,-23.56714375,-46.61566475,,,,2,2023-06-19T16:11:24+00:00
SAO_478P-10,São Paulo,3550308,True,,33117,,,-23.628576250000002,-46.5989415,,,,2,2023-06-19T16:11:29+00:00
SAO_8065-10,São Paulo,3550308,True,,33189,,,-23.497291,-46.721123250000005,,,,2,2023-06-19T16:11:42+00:00
SAO_5110-10,São Paulo,3550308,True,,2209,,,-23.612565,-46.4759015,,,,1,2023-06-19T16:11:29+00:00
SAO_5110-10,São Paulo,3550308,True,,2209,,,-23.547559,-46.628642,,,,1,2023-06-19T16:11:31+00:00
SAO_5110-10,São Paulo,3550308,True,,2209,,,-23.546896,-46.629020999999995,,,,1,2023-06-19T16:11:06+00:00
SAO_5110-10,São Paulo,3550308,True,,2209,,,-23.597916499999997,-46.5341065,,,,1,2023-06-19T16:11:18+00:00
SAO_5110-10,São Paulo,3550308,True,,2209,,,-23.547167,-46.62885,,,,1,2023-06-19T16:11:03+00:00
SAO_5110-10,São Paulo,3550308,True,,2209,,,-23.6120795,-46.483023,,,,1,2023-06-19T16:11:04+00:00
SAO_5110-10,São Paulo,3550308,True,,2209,,,-23.614027999999998,-46.496176,,,,1,2023-06-19T16:11:45+00:00
SAO_5110-10,São Paulo,3550308,True,,2209,,,-23.550915,-46.6267635,,,,1,2023-06-19T16:11:41+00:00
SAO_5110-10,São Paulo,3550308,True,,2209,,,-23.612184499999998,-46.482907499999996,,,,1,2023-06-19T16:11:28+00:00
SAO_5110-10,São Paulo,3550308,True,,2209,,,-23.611655499999998,-46.4832885,,,,1,2023-06-19T16:11:43+00:00
SAO_5110-10,São Paulo,3550308,True,,2209,,,-23.584865999999998,-46.582376499999995,,,,1,2023-06-19T16:11:39+00:00
SAO_5110-10,São Paulo,3550308,True,,2209,,,-23.547036,-46.628932,,,,1,2023-06-19T16:11:06+00:00
SAO_5110-10,São Paulo,3550308,True,,2209,,,-23.563352875000003,-46.611768999999995,,,,1,2023-06-19T16:10:55+00:00
SAO_5110-10,São Paulo,3550308,True,,2209,,,-23.57484325,-46.6027775,,,,1,2023-06-19T16:11:23+00:00
SAO_5110-10,São Paulo,3550308,True,,2209,,,-23.612288,-46.482754,,,,1,2023-06-19T16:11:23+00:00
SAO_5110-10,São Paulo,3550308,True,,2209,,,-23.5837645,-46.5758365,,,,1,2023-06-19T16:11:05+00:00
SAO_5110-10,São Paulo,3550308,True,,2209,,,-23.6107595,-46.486537,,,,1,2023-06-19T16:11:27+00:00
SAO_5110-10,São Paulo,3550308,True,,2209,,,-23.598897,-46.53110675,,,,1,2023-06-19T16:11:11+00:00
SAO_5110-10,São Paulo,3550308,True,,2209,,,-23.611826999999998,-46.4832085,,,,1,2023-06-19T16:11:10+00:00
SAO_5110-10,São Paulo,3550308,True,,2209,,,-23.6141145,-46.476496999999995,,,,1,2023-06-19T16:11:21+00:00
SAO_5110-10,São Paulo,3550308,True,,2209,,,-23.5474295,-46.628690000000006,,,,1,2023-06-19T16:11:12+00:00
SAO_5110-10,São Paulo,3550308,True,,2209,,,-23.547036,-46.628932,,,,1,2023-06-19T16:11:15+00:00
SAO_5110-10,São Paulo,3550308,True,,2209,,,-23.61438175,-46.49979675,,,,1,2023-06-19T16:11:01+00:00
SAO_5110-10,São Paulo,3550308,True,,2209,,,-23.611966000000002,-46.483123000000006,,,,1,2023-06-19T16:11:16+00:00
SAO_5110-10,São Paulo,3550308,True,,2209,,,-23.612406,-46.482003,,,,1,2023-06-19T16:11:16+00:00
SAO_5110-10,São Paulo,3550308,True,,2209,,,-23.547036,-46.628932,,,,1,2023-06-19T16:11:18+00:00
SAO_5110-10,São Paulo,3550308,True,,2209,,,-23.612395,-46.4823855,,,,1,2023-06-19T16:11:17+00:00
SAO_5110-10,São Paulo,3550308,True,,2209,,,-23.5478795,-46.628551,,,,1,2023-06-19T16:11:05+00:00
SAO_5110-10,São Paulo,3550308,True,,2209,,,-23.5478795,-46.628551,,,,1,2023-06-19T16:11:36+00:00
SAO_271A-10,São Paulo,3550308,True,,33470,,,-23.5295865,-46.5846195,,,,2,2023-06-19T16:11:39+00:00
SAO_271A-10,São Paulo,3550308,True,,33470,,,-23.502621375000004,-46.615427499999996,,,,2,2023-06-19T16:11:02+00:00
SAO_271A-10,São Paulo,3550308,True,,33470,,,-23.5064285,-46.5902995,,,,2,2023-06-19T16:11:31+00:00
SAO_271A-10,São Paulo,3550308,True,,33470,,,-23.519723125,-46.546817625,,,,2,2023-06-19T16:11:18+00:00
SAO_271A-10,São Paulo,3550308,True,,33470,,,-23.527625999999998,-46.5688765,,,,2,2023-06-19T16:11:28+00:00
SAO_271A-10,São Paulo,3550308,True,,33470,,,-23.519069,-46.5469585,,,,2,2023-06-19T16:11:41+00:00
SAO_271P-10,São Paulo,3550308,True,,33472,,,-23.538157499999997,-46.599945500000004,,,,2,2023-06-19T16:11:09+00:00
SAO_271P-10,São Paulo,3550308,True,,33472,,,-23.4979085,-46.514503000000005,,,,2,2023-06-19T16:11:17+00:00
SAO_271P-10,São Paulo,3550308,True,,33472,,,-23.499975999999997,-46.524038250000004,,,,2,2023-06-19T16:11:09+00:00
SAO_271P-10,São Paulo,3550308,True,,33472,,,-23.538354875000003,-46.60558175,,,,2,2023-06-19T16:11:11+00:00
SAO_271P-10,São Paulo,3550308,True,,33472,,,-23.4985585,-46.514556999999996,,,,2,2023-06-19T16:11:39+00:00
SAO_271P-10,São Paulo,3550308,True,,33472,,,-23.535485,-46.62689175,,,,2,2023-06-19T16:11:44+00:00
SAO_7040-10,São Paulo,3550308,True,,33544,,,-23.6236665,-46.7280325,,,,2,2023-06-19T16:11:10+00:00
SAO_7040-10,São Paulo,3550308,True,,33544,,,-23.624064,-46.727723,,,,2,2023-06-19T16:11:13+00:00
SAO_7040-10,São Paulo,3550308,True,,33544,,,-23.596516,-46.708437,,,,2,2023-06-19T16:11:05+00:00
SAO_7040-10,São Paulo,3550308,True,,33544,,,-23.6197245,-46.723444,,,,2,2023-06-19T16:11:14+00:00
SAO_7040-10,São Paulo,3550308,True,,33544,,,-23.624064,-46.727723,,,,2,2023-06-19T16:11:30+00:00
SAO_7040-10,São Paulo,3550308,True,,33544,,,-23.576197999999998,-46.68766125,,,,2,2023-06-19T16:11:33+00:00
SAO_7040-10,São Paulo,3550308,True,,33544,,,-23.565354999999997,-46.693373,,,,2,2023-06-19T16:11:26+00:00
SAO_7040-10,São Paulo,3550308,True,,33544,,,-23.624064,-46.727723,,,,2,2023-06-19T16:10:58+00:00
SAO_7040-10,São Paulo,3550308,True,,33544,,,-23.613280500000002,-46.721267499999996,,,,2,2023-06-19T16:11:02+00:00
SAO_7040-10,São Paulo,3550308,True,,33544,,,-23.623910000000002,-46.727845,,,,2,2023-06-19T16:11:42+00:00
SAO_7040-10,São Paulo,3550308,True,,33544,,,-23.623783500000002,-46.727943999999994,,,,2,2023-06-19T16:11:17+00:00
SAO_7040-10,São Paulo,3550308,True,,33544,,,-23.5852965,-46.690298,,,,2,2023-06-19T16:11:29+00:00
SAO_7040-10,São Paulo,3550308,True,,33544,,,-23.623484249999997,-46.728172,,,,2,2023-06-19T16:11:13+00:00
SAO_7040-10,São Paulo,3550308,True,,33544,,,-23.623484249999997,-46.728172,,,,2,2023-06-19T16:11:23+00:00
SAO_5164-21,São Paulo,3550308,True,,1616,,,-23.647987,-46.652058,,,,1,2023-06-19T16:11:17+00:00
SAO_5164-21,São Paulo,3550308,True,,1616,,,-23.614879000000002,-46.638340125,,,,1,2023-06-19T16:11:29+00:00
SAO_5164-21,São Paulo,3550308,True,,1616,,,-23.59826975,-46.64448575,,,,1,2023-06-19T16:08:55+00:00
SAO_407R-10,São Paulo,3550308,True,,2201,,,-23.558462,-46.5226175,,,,1,2023-06-19T16:11:23+00:00
SAO_407R-10,São Paulo,3550308,True,,2201,,,-23.558462,-46.5226175,,,,1,2023-06-19T16:11:10+00:00
SAO_407R-10,São Paulo,3550308,True,,2201,,,-23.5632235,-46.554036249999996,,,,1,2023-06-19T16:11:29+00:00
SAO_407R-10,São Paulo,3550308,True,,2201,,,-23.558462,-46.5226175,,,,1,2023-06-19T16:11:35+00:00
SAO_407R-10,São Paulo,3550308,True,,2201,,,-23.542945500000002,-46.588449,,,,1,2023-06-19T16:11:06+00:00
SAO_407R-10,São Paulo,3550308,True,,2201,,,-23.5595,-46.52120075,,,,1,2023-06-19T16:11:17+00:00
SAO_407R-10,São Paulo,3550308,True,,2201,,,-23.554279,-46.578238,,,,1,2023-06-19T16:11:24+00:00
SAO_407R-10,São Paulo,3550308,True,,2201,,,-23.558462,-46.5226175,,,,1,2023-06-19T16:11:22+00:00
SAO_8622-10,São Paulo,3550308,True,,33206,,,-23.547621499999998,-46.640871000000004,,,,2,2023-06-19T16:11:27+00:00
SAO_8622-10,São Paulo,3550308,True,,33206,,,-23.547847500000003,-46.6420095,,,,2,2023-06-19T16:11:14+00:00
SAO_8622-10,São Paulo,3550308,True,,33206,,,-23.472957875000002,-46.774187125,,,,2,2023-06-19T16:11:26+00:00
SAO_8622-10,São Paulo,3550308,True,,33206,,,-23.539440749999997,-46.645388249999996,,,,2,2023-06-19T16:11:29+00:00
SAO_8622-10,São Paulo,3550308,True,,33206,,,-23.4379705,-46.7933815,,,,2,2023-06-19T16:11:18+00:00
SAO_8622-10,São Paulo,3550308,True,,33206,,,-23.5302285,-46.66669375,,,,2,2023-06-19T16:07:54+00:00
SAO_8622-10,São Paulo,3550308,True,,33206,,,-23.425162999999998,-46.787745,,,,2,2023-06-19T16:11:27+00:00
SAO_8622-10,São Paulo,3550308,True,,33206,,,-23.446013999999998,-46.798125999999996,,,,2,2023-06-19T16:11:32+00:00
SAO_8622-10,São Paulo,3550308,True,,33206,,,-23.494019875,-46.75968525,,,,2,2023-06-19T16:11:22+00:00
SAO_8622-10,São Paulo,3550308,True,,33206,,,-23.535628875,-46.652080624999996,,,,2,2023-06-19T16:11:33+00:00
SAO_9032-10,São Paulo,3550308,True,,33648,,,-23.446298499999997,-46.693606,,,,2,2023-06-19T16:11:41+00:00
SAO_9032-10,São Paulo,3550308,True,,33648,,,-23.446334,-46.6930895,,,,2,2023-06-19T16:11:29+00:00
SAO_9032-10,São Paulo,3550308,True,,33648,,,-23.44795,-46.697022000000004,,,,2,2023-06-19T16:11:37+00:00
SAO_9032-10,São Paulo,3550308,True,,33648,,,-23.4555595,-46.693365,,,,2,2023-06-19T16:11:05+00:00
SAO_9032-10,São Paulo,3550308,True,,33648,,,-23.4748585,-46.670092,,,,2,2023-06-19T16:11:29+00:00
SAO_9032-10,São Paulo,3550308,True,,33648,,,-23.46526,-46.679560499999994,,,,2,2023-06-19T16:11:00+00:00
SAO_1720-10,São Paulo,3550308,True,,33631,,,-23.4486025,-46.609192,,,,2,2023-06-19T16:11:00+00:00
SAO_1720-10,São Paulo,3550308,True,,33631,,,-23.482359,-46.5743435,,,,2,2023-06-19T16:09:21+00:00
SAO_1720-10,São Paulo,3550308,True,,33631,,,-23.494107,-46.568782999999996,,,,2,2023-06-19T16:11:37+00:00
SAO_1720-10,São Paulo,3550308,True,,33631,,,-23.47334725,-46.614561249999994,,,,2,2023-06-19T16:11:00+00:00
SAO_1720-10,São Paulo,3550308,True,,33631,,,-23.494107,-46.568782999999996,,,,2,2023-06-19T16:11:30+00:00
SAO_1720-10,São Paulo,3550308,True,,33631,,,-23.494107,-46.568782999999996,,,,2,2023-06-19T16:11:31+00:00
SAO_1720-10,São Paulo,3550308,True,,33631,,,-23.4822255,-46.590182999999996,,,,2,2023-06-19T16:11:44+00:00
SAO_8017-10,São Paulo,3550308,True,,1261,,,-23.4599745,-46.720586,,,,1,2023-06-19T16:11:17+00:00
SAO_8017-10,São Paulo,3550308,True,,1261,,,-23.438237,-46.746818000000005,,,,1,2023-06-19T16:11:34+00:00
SAO_8017-10,São Paulo,3550308,True,,1261,,,-23.447971000000003,-46.735361499999996,,,,1,2023-06-19T16:11:05+00:00
SAO_8017-10,São Paulo,3550308,True,,1261,,,-23.438237,-46.746818000000005,,,,1,2023-06-19T16:11:25+00:00
SAO_5111-10,São Paulo,3550308,True,,48,,,-23.5843835,-46.67018725,,,,1,2023-06-19T16:11:09+00:00
SAO_5111-10,São Paulo,3550308,True,,48,,,-23.63014175,-46.69001025,,,,1,2023-06-19T16:11:42+00:00
SAO_5111-10,São Paulo,3550308,True,,48,,,-23.6542935,-46.7114185,,,,1,2023-06-19T16:11:29+00:00
SAO_5111-10,São Paulo,3550308,True,,48,,,-23.5725515,-46.65410525,,,,1,2023-06-19T16:11:42+00:00
SAO_5111-10,São Paulo,3550308,True,,48,,,-23.595483,-46.6730785,,,,1,2023-06-19T16:11:01+00:00
SAO_5111-10,São Paulo,3550308,True,,48,,,-23.579611,-46.662384,,,,1,2023-06-19T16:11:28+00:00
SAO_5111-10,São Paulo,3550308,True,,48,,,-23.558980000000002,-46.642120500000004,,,,1,2023-06-19T16:11:42+00:00
SAO_875H-10,São Paulo,3550308,True,,1340,,,-23.5325755,-46.6755645,,,,1,2023-06-19T16:11:41+00:00
SAO_875H-10,São Paulo,3550308,True,,1340,,,-23.520611,-46.699345,,,,1,2023-06-19T16:11:29+00:00
SAO_875H-10,São Paulo,3550308,True,,1340,,,-23.52502675,-46.68414025,,,,1,2023-06-19T16:11:13+00:00
SAO_875H-10,São Paulo,3550308,True,,1340,,,-23.5894045,-46.634211,,,,1,2023-06-19T16:11:39+00:00
SAO_875H-10,São Paulo,3550308,True,,1340,,,-23.54953775,-46.6772035,,,,1,2023-06-19T16:11:20+00:00
SAO_875H-10,São Paulo,3550308,True,,1340,,,-23.522921750000002,-46.70047425,,,,1,2023-06-19T16:11:36+00:00
SAO_875H-10,São Paulo,3550308,True,,1340,,,-23.519885000000002,-46.700064999999995,,,,1,2023-06-19T16:11:24+00:00
SAO_574C-10,São Paulo,3550308,True,,34407,,,-23.6116025,-46.473366999999996,,,,2,2023-06-19T16:10:44+00:00
SAO_574C-10,São Paulo,3550308,True,,34407,,,-23.611402,-46.473266,,,,2,2023-06-19T16:11:08+00:00
SAO_574C-10,São Paulo,3550308,True,,34407,,,-23.59616775,-46.523837,,,,2,2023-06-19T16:11:01+00:00
SAO_574C-10,São Paulo,3550308,True,,34407,,,-23.594721,-46.554798000000005,,,,2,2023-06-19T16:11:40+00:00
SAO_574C-10,São Paulo,3550308,True,,34407,,,-23.5984355,-46.521092499999995,,,,2,2023-06-19T16:11:15+00:00
SAO_7023-10,São Paulo,3550308,True,,2152,,,-23.686948,-46.7559995,,,,1,2023-06-19T16:11:13+00:00
SAO_7023-10,São Paulo,3550308,True,,2152,,,-23.698786,-46.7627765,,,,1,2023-06-19T16:11:02+00:00
SAO_7023-10,São Paulo,3550308,True,,2152,,,-23.698786,-46.7627765,,,,1,2023-06-19T16:11:21+00:00
SAO_7023-10,São Paulo,3550308,True,,2152,,,-23.6852855,-46.7413745,,,,1,2023-06-19T16:11:42+00:00
SAO_7023-10,São Paulo,3550308,True,,2152,,,-23.698786,-46.7627765,,,,1,2023-06-19T16:11:41+00:00
SAO_7023-10,São Paulo,3550308,True,,2152,,,-23.672975,-46.734311500000004,,,,1,2023-06-19T16:11:36+00:00
SAO_7023-10,São Paulo,3550308,True,,2152,,,-23.65397075,-46.7077515,,,,1,2023-06-19T16:11:38+00:00
SAO_5129-10,São Paulo,3550308,True,,1281,,,-23.669023250000002,-46.734721500000006,,,,1,2023-06-19T16:11:14+00:00
SAO_5129-10,São Paulo,3550308,True,,1281,,,-23.683631,-46.691358,,,,1,2023-06-19T16:10:45+00:00
SAO_5129-10,São Paulo,3550308,True,,1281,,,-23.659373,-46.6631615,,,,1,2023-06-19T16:11:06+00:00
SAO_5129-10,São Paulo,3550308,True,,1281,,,-23.67176475,-46.645559250000005,,,,1,2023-06-19T16:10:59+00:00
SAO_5129-10,São Paulo,3550308,True,,1281,,,-23.669023250000002,-46.734721500000006,,,,1,2023-06-19T16:11:28+00:00
SAO_5129-10,São Paulo,3550308,True,,1281,,,-23.667917,-46.7355005,,,,1,2023-06-19T16:11:14+00:00
SAO_5129-10,São Paulo,3550308,True,,1281,,,-23.666612999999998,-46.677868000000004,,,,1,2023-06-19T16:11:20+00:00
SAO_5129-10,São Paulo,3550308,True,,1281,,,-23.66651325,-46.7208335,,,,1,2023-06-19T16:10:34+00:00
SAO_407F-10,São Paulo,3550308,True,,2167,,,-23.5624735,-46.560396999999995,,,,1,2023-06-19T16:11:06+00:00
SAO_407F-10,São Paulo,3550308,True,,2167,,,-23.594231,-46.4881775,,,,1,2023-06-19T16:11:09+00:00
SAO_407F-10,São Paulo,3550308,True,,2167,,,-23.542462,-46.590803,,,,1,2023-06-19T16:11:30+00:00
SAO_7017-10,São Paulo,3550308,True,,35270,,,-23.6931275,-46.7906735,,,,2,2023-06-19T16:11:15+00:00
SAO_7017-10,São Paulo,3550308,True,,35270,,,-23.6706775,-46.767814,,,,2,2023-06-19T16:11:42+00:00
SAO_7017-10,São Paulo,3550308,True,,35270,,,-23.668242,-46.7355055,,,,2,2023-06-19T16:11:43+00:00
SAO_7017-10,São Paulo,3550308,True,,35270,,,-23.69319,-46.790735,,,,2,2023-06-19T16:11:01+00:00
SAO_7017-10,São Paulo,3550308,True,,35270,,,-23.691793,-46.7896525,,,,2,2023-06-19T16:11:00+00:00
SAO_7017-10,São Paulo,3550308,True,,35270,,,-23.693227,-46.790786999999995,,,,2,2023-06-19T16:11:17+00:00
SAO_7017-10,São Paulo,3550308,True,,35270,,,-23.6799375,-46.779955,,,,2,2023-06-19T16:11:01+00:00
SAO_178Y-10,São Paulo,3550308,True,,33636,,,-23.4632465,-46.6413395,,,,2,2023-06-19T16:11:06+00:00
SAO_178Y-10,São Paulo,3550308,True,,33636,,,-23.490325249999998,-46.61830125,,,,2,2023-06-19T16:11:18+00:00
SAO_178Y-10,São Paulo,3550308,True,,33636,,,-23.463343000000002,-46.640845999999996,,,,2,2023-06-19T16:11:23+00:00
SAO_178Y-10,São Paulo,3550308,True,,33636,,,-23.4697345,-46.6385025,,,,2,2023-06-19T16:10:09+00:00
SAO_178Y-10,São Paulo,3550308,True,,33636,,,-23.4792305,-46.6292105,,,,2,2023-06-19T16:11:39+00:00
SAO_8500-10,São Paulo,3550308,True,,1267,,,-23.4845495,-46.721973500000004,,,,1,2023-06-19T16:11:36+00:00
SAO_8500-10,São Paulo,3550308,True,,1267,,,-23.51358125,-46.703233,,,,1,2023-06-19T16:11:35+00:00
SAO_8500-10,São Paulo,3550308,True,,1267,,,-23.486662000000003,-46.726361,,,,1,2023-06-19T16:11:39+00:00
SAO_8500-10,São Paulo,3550308,True,,1267,,,-23.525090499999997,-46.6665245,,,,1,2023-06-19T16:11:22+00:00
SAO_8500-10,São Paulo,3550308,True,,1267,,,-23.486492,-46.725708499999996,,,,1,2023-06-19T16:11:18+00:00
SAO_8500-10,São Paulo,3550308,True,,1267,,,-23.48629,-46.7260085,,,,1,2023-06-19T16:11:07+00:00
SAO_8500-10,São Paulo,3550308,True,,1267,,,-23.497515999999997,-46.707006,,,,1,2023-06-19T16:11:35+00:00
SAO_675X-10,São Paulo,3550308,True,EMTU,111,https://moovitapp.com/index/pt-br/transporte_p%C3%BAblico-line-111-Sao_Paulo-242-2038937-36419271-0,5.1,-23.652103750000002,-46.70216125,,,,1,2023-06-19T16:11:23+00:00
SAO_675X-10,São Paulo,3550308,True,EMTU,111,https://moovitapp.com/index/pt-br/transporte_p%C3%BAblico-line-111-Sao_Paulo-242-2038937-36419271-0,5.1,-23.614762,-46.672632500000006,,,,1,2023-06-19T16:11:06+00:00
SAO_675X-10,São Paulo,3550308,True,EMTU,111,https://moovitapp.com/index/pt-br/transporte_p%C3%BAblico-line-111-Sao_Paulo-242-2038937-36419271-0,5.1,-23.611498500000003,-46.669551999999996,,,,1,2023-06-19T16:11:34+00:00
SAO_675X-10,São Paulo,3550308,True,EMTU,111,https://moovitapp.com/index/pt-br/transporte_p%C3%BAblico-line-111-Sao_Paulo-242-2038937-36419271-0,5.1,-23.605213499999998,-46.663635875,,,,1,2023-06-19T16:11:07+00:00
SAO_675X-10,São Paulo,3550308,True,EMTU,111,https://moovitapp.com/index/pt-br/transporte_p%C3%BAblico-line-111-Sao_Paulo-242-2038937-36419271-0,5.1,-23.71349325,-46.69855075,,,,1,2023-06-19T16:11:31+00:00
SAO_675X-10,São Paulo,3550308,True,EMTU,111,https://moovitapp.com/index/pt-br/transporte_p%C3%BAblico-line-111-Sao_Paulo-242-2038937-36419271-0,5.1,-23.737689500000002,-46.697986,,,,1,2023-06-19T16:11:15+00:00
SAO_978J-10,São Paulo,3550308,True,,33359,,,-23.437111,-46.7400885,,,,2,2023-06-19T16:11:14+00:00
SAO_978J-10,São Paulo,3550308,True,,33359,,,-23.534146,-46.6547235,,,,2,2023-06-19T16:11:31+00:00
SAO_978J-10,São Paulo,3550308,True,,33359,,,-23.510705,-46.7054095,,,,2,2023-06-19T16:11:13+00:00
SAO_978J-10,São Paulo,3550308,True,,33359,,,-23.436899500000003,-46.739963,,,,2,2023-06-19T16:11:28+00:00
SAO_978J-10,São Paulo,3550308,True,,33359,,,-23.45166125,-46.719660000000005,,,,2,2023-06-19T16:11:06+00:00
SAO_978J-10,São Paulo,3550308,True,,33359,,,-23.437067499999998,-46.740057500000006,,,,2,2023-06-19T16:11:09+00:00
SAO_978J-10,São Paulo,3550308,True,,33359,,,-23.437067499999998,-46.740057500000006,,,,2,2023-06-19T16:11:18+00:00
SAO_9191-10,São Paulo,3550308,True,,33578,,,-23.4608385,-46.678959500000005,,,,2,2023-06-19T16:11:23+00:00
SAO_9191-10,São Paulo,3550308,True,,33578,,,-23.456177500000003,-46.678882,,,,2,2023-06-19T16:11:03+00:00
SAO_9191-10,São Paulo,3550308,True,,33578,,,-23.5259165,-46.63162,,,,2,2023-06-19T16:11:23+00:00
SAO_9191-10,São Paulo,3550308,True,,33578,,,-23.4608385,-46.678959500000005,,,,2,2023-06-19T16:11:16+00:00
SAO_9191-10,São Paulo,3550308,True,,33578,,,-23.4561095,-46.678686,,,,2,2023-06-19T16:11:08+00:00
SAO_9191-10,São Paulo,3550308,True,,33578,,,-23.5241995,-46.64429525,,,,2,2023-06-19T16:11:34+00:00
SAO_9191-10,São Paulo,3550308,True,,33578,,,-23.471363,-46.666101,,,,2,2023-06-19T16:11:11+00:00
SAO_9191-10,São Paulo,3550308,True,,33578,,,-23.503732,-46.675767500000006,,,,2,2023-06-19T16:11:12+00:00
SAO_9191-10,São Paulo,3550308,True,,33578,,,-23.4621695,-46.670120999999995,,,,2,2023-06-19T16:11:13+00:00
SAO_9191-10,São Paulo,3550308,True,,33578,,,-23.527039,-46.632112,,,,2,2023-06-19T16:10:59+00:00
SAO_9191-10,São Paulo,3550308,True,,33578,,,-23.456177500000003,-46.678882,,,,2,2023-06-19T16:11:13+00:00
SAO_9191-10,São Paulo,3550308,True,,33578,,,-23.460948000000002,-46.679097999999996,,,,2,2023-06-19T16:11:11+00:00
SAO_9191-10,São Paulo,3550308,True,,33578,,,-23.477309500000004,-46.67118275,,,,2,2023-06-19T16:11:28+00:00
SAO_9191-10,São Paulo,3550308,True,,33578,,,-23.524520000000003,-46.664812999999995,,,,2,2023-06-19T16:11:24+00:00
SAO_9191-10,São Paulo,3550308,True,,33578,,,-23.525059,-46.6643745,,,,2,2023-06-19T16:11:02+00:00
SAO_354M-10,São Paulo,3550308,True,,34387,,,-23.4943805,-46.438734499999995,,,,2,2023-06-19T16:11:42+00:00
SAO_354M-10,São Paulo,3550308,True,,34387,,,-23.491803500000003,-46.434038,,,,2,2023-06-19T16:11:36+00:00
SAO_354M-10,São Paulo,3550308,True,,34387,,,-23.598783375,-46.464928,,,,2,2023-06-19T16:11:40+00:00
SAO_354M-10,São Paulo,3550308,True,,34387,,,-23.491803500000003,-46.434038,,,,2,2023-06-19T16:11:21+00:00
SAO_354M-10,São Paulo,3550308,True,,34387,,,-23.491775,-46.434236999999996,,,,2,2023-06-19T16:11:29+00:00
SAO_354M-10,São Paulo,3550308,True,,34387,,,-23.569995,-46.446952499999995,,,,2,2023-06-19T16:10:41+00:00
SAO_354M-10,São Paulo,3550308,True,,34387,,,-23.599062,-46.468776000000005,,,,2,2023-06-19T16:11:25+00:00
SAO_354M-10,São Paulo,3550308,True,,34387,,,-23.522542,-46.456065249999995,,,,2,2023-06-19T16:11:12+00:00
SAO_354M-10,São Paulo,3550308,True,,34387,,,-23.4918395,-46.4338095,,,,2,2023-06-19T16:11:15+00:00
SAO_6358-10,São Paulo,3550308,True,,34062,,,-23.578110125,-46.6628355,,,,2,2023-06-19T16:08:11+00:00
SAO_6358-10,São Paulo,3550308,True,,34062,,,-23.57338475,-46.66782875,,,,2,2023-06-19T16:11:38+00:00
SAO_6358-10,São Paulo,3550308,True,,34062,,,-23.628366,-46.6849145,,,,2,2023-06-19T16:11:19+00:00
SAO_6358-10,São Paulo,3550308,True,,34062,,,-23.6731705,-46.6439035,,,,2,2023-06-19T16:11:38+00:00
SAO_6358-10,São Paulo,3550308,True,,34062,,,-23.685989,-46.637835,,,,2,2023-06-19T16:11:05+00:00
SAO_6358-10,São Paulo,3550308,True,,34062,,,-23.653909,-46.668223,,,,2,2023-06-19T16:11:38+00:00
SAO_6358-10,São Paulo,3550308,True,,34062,,,-23.685989,-46.637835,,,,2,2023-06-19T16:11:00+00:00
SAO_6358-10,São Paulo,3550308,True,,34062,,,-23.6868825,-46.6383355,,,,2,2023-06-19T16:11:23+00:00
SAO_6358-10,São Paulo,3550308,True,,34062,,,-23.62384925,-46.68132775000001,,,,2,2023-06-19T16:11:09+00:00
SAO_1156-10,São Paulo,3550308,True,,33427,,,-23.4874285,-46.568459749999995,,,,2,2023-06-19T16:11:29+00:00
SAO_1156-10,São Paulo,3550308,True,,33427,,,-23.486996,-46.568324000000004,,,,2,2023-06-19T16:11:01+00:00
SAO_1156-10,São Paulo,3550308,True,,33427,,,-23.486996,-46.568324000000004,,,,2,2023-06-19T16:11:28+00:00
SAO_1156-10,São Paulo,3550308,True,,33427,,,-23.543156,-46.635720000000006,,,,2,2023-06-19T16:11:02+00:00
SAO_1156-10,São Paulo,3550308,True,,33427,,,-23.486996,-46.568324000000004,,,,2,2023-06-19T16:09:41+00:00
SAO_1156-10,São Paulo,3550308,True,,33427,,,-23.5232765,-46.6125995,,,,2,2023-06-19T16:11:17+00:00
SAO_1156-10,São Paulo,3550308,True,,33427,,,-23.4874285,-46.568459749999995,,,,2,2023-06-19T16:11:30+00:00
SAO_1156-10,São Paulo,3550308,True,,33427,,,-23.530732,-46.631885749999995,,,,2,2023-06-19T16:11:02+00:00
SAO_2088-10,São Paulo,3550308,True,EMTU,372,https://moovitapp.com/index/pt-br/transporte_p%C3%BAblico-line-372-Sao_Paulo-242-2038937-36419447-0,4.9,-23.504463,-46.37860375,,,,1,2023-06-19T16:11:27+00:00
SAO_2088-10,São Paulo,3550308,True,EMTU,372,https://moovitapp.com/index/pt-br/transporte_p%C3%BAblico-line-372-Sao_Paulo-242-2038937-36419447-0,4.9,-23.494872875,-46.407822624999994,,,,1,2023-06-19T16:11:34+00:00
SAO_2088-10,São Paulo,3550308,True,EMTU,372,https://moovitapp.com/index/pt-br/transporte_p%C3%BAblico-line-372-Sao_Paulo-242-2038937-36419447-0,4.9,-23.5180825,-46.4756835,,,,1,2023-06-19T16:11:08+00:00
SAO_8594-10,São Paulo,3550308,True,,33200,,,-23.498233,-46.706727,,,,2,2023-06-19T16:11:07+00:00
SAO_8594-10,São Paulo,3550308,True,,33200,,,-23.457041,-46.7197605,,,,2,2023-06-19T16:11:13+00:00
SAO_8594-10,São Paulo,3550308,True,,33200,,,-23.451815,-46.7463895,,,,2,2023-06-19T16:11:09+00:00
SAO_8594-10,São Paulo,3550308,True,,33200,,,-23.526062000000003,-46.675897,,,,2,2023-06-19T16:11:40+00:00
SAO_8594-10,São Paulo,3550308,True,,33200,,,-23.47963,-46.718871,,,,2,2023-06-19T16:11:40+00:00
SAO_8594-10,São Paulo,3550308,True,,33200,,,-23.4519315,-46.746531000000004,,,,2,2023-06-19T16:11:20+00:00
SAO_8594-10,São Paulo,3550308,True,,33200,,,-23.53715575,-46.649408,,,,2,2023-06-19T16:10:37+00:00
SAO_8594-10,São Paulo,3550308,True,,33200,,,-23.44915,-46.7332995,,,,2,2023-06-19T16:11:02+00:00
SAO_8594-10,São Paulo,3550308,True,,33200,,,-23.451815,-46.7463895,,,,2,2023-06-19T16:11:12+00:00
SAO_8594-10,São Paulo,3550308,True,,33200,,,-23.452038,-46.7466635,,,,2,2023-06-19T16:11:09+00:00
SAO_3728-10,São Paulo,3550308,True,,33793,,,-23.5609995,-46.482994000000005,,,,2,2023-06-19T16:11:34+00:00
SAO_3728-10,São Paulo,3550308,True,,33793,,,-23.558905,-46.48922949999999,,,,2,2023-06-19T16:11:05+00:00
SAO_3728-10,São Paulo,3550308,True,,33793,,,-23.5431125,-46.48502825,,,,2,2023-06-19T16:11:23+00:00
SAO_3728-10,São Paulo,3550308,True,,33793,,,-23.542378,-46.48379425,,,,2,2023-06-19T16:11:03+00:00
SAO_351F-10,São Paulo,3550308,True,,687,,,-23.549749,-46.58871225,,,,1,2023-06-19T16:11:01+00:00
SAO_351F-10,São Paulo,3550308,True,,687,,,-23.5127015,-46.585348499999995,,,,1,2023-06-19T16:11:15+00:00
SAO_351F-10,São Paulo,3550308,True,,687,,,-23.465463,-46.583659499999996,,,,1,2023-06-19T16:11:30+00:00
SAO_351F-10,São Paulo,3550308,True,,687,,,-23.558417,-46.521811,,,,1,2023-06-19T16:11:15+00:00
SAO_351F-10,São Paulo,3550308,True,,687,,,-23.556385249999998,-46.553884249999996,,,,1,2023-06-19T16:11:23+00:00
SAO_609J-10,São Paulo,3550308,True,,35010,,,-23.62553725,-46.6404665,,,,2,2023-06-19T16:11:12+00:00
SAO_609J-10,São Paulo,3550308,True,,35010,,,-23.617249,-46.6619075,,,,2,2023-06-19T16:11:07+00:00
SAO_475M-10,São Paulo,3550308,True,EMTU,343,https://moovitapp.com/index/pt-br/transporte_p%C3%BAblico-line-343-Sao_Paulo-242-2038937-36419427-0,5.15,-23.559326,-46.642411499999994,,,,1,2023-06-19T16:11:37+00:00
SAO_648P-10,São Paulo,3550308,True,,32834,,,-23.639132500000002,-46.7156875,,,,2,2023-06-19T16:11:40+00:00
SAO_648P-10,São Paulo,3550308,True,,32834,,,-23.566234,-46.7020095,,,,2,2023-06-19T16:11:29+00:00
SAO_648P-10,São Paulo,3550308,True,,32834,,,-23.655046499999997,-46.762109,,,,2,2023-06-19T16:11:25+00:00
SAO_648P-10,São Paulo,3550308,True,,32834,,,-23.5929845,-46.6892625,,,,2,2023-06-19T16:11:14+00:00
SAO_648P-10,São Paulo,3550308,True,,32834,,,-23.567674500000003,-46.698406500000004,,,,2,2023-06-19T16:11:11+00:00
SAO_2079-10,São Paulo,3550308,True,,370,,,-23.50476775,-46.389867,,,,1,2023-06-19T16:10:17+00:00
SAO_2079-10,São Paulo,3550308,True,,370,,,-23.516762,-46.384977500000005,,,,1,2023-06-19T16:11:38+00:00
SAO_2079-10,São Paulo,3550308,True,,370,,,-23.51614175,-46.386614,,,,1,2023-06-19T16:07:33+00:00
SAO_6824-10,São Paulo,3550308,True,,32791,,,-23.656692999999997,-46.7636335,,,,2,2023-06-19T16:11:10+00:00
SAO_6824-10,São Paulo,3550308,True,,32791,,,-23.67362825,-46.79089975,,,,2,2023-06-19T16:11:07+00:00
SAO_6824-10,São Paulo,3550308,True,,32791,,,-23.673696749999998,-46.79064525,,,,2,2023-06-19T16:11:03+00:00
SAO_6824-10,São Paulo,3550308,True,,32791,,,-23.672745499999998,-46.7949865,,,,2,2023-06-19T16:11:11+00:00
SAO_3773-10,São Paulo,3550308,True,,1059,,,-23.615671,-46.4641235,,,,1,2023-06-19T16:11:29+00:00
SAO_3773-10,São Paulo,3550308,True,,1059,,,-23.615941999999997,-46.464735000000005,,,,1,2023-06-19T16:11:37+00:00
SAO_3773-10,São Paulo,3550308,True,,1059,,,-23.600832,-46.462805,,,,1,2023-06-19T16:11:32+00:00
SAO_3773-10,São Paulo,3550308,True,,1059,,,-23.615941999999997,-46.464735000000005,,,,1,2023-06-19T16:11:28+00:00
SAO_3773-10,São Paulo,3550308,True,,1059,,,-23.5952735,-46.487778999999996,,,,1,2023-06-19T16:11:33+00:00
SAO_3773-10,São Paulo,3550308,True,,1059,,,-23.544500499999998,-46.529371499999996,,,,1,2023-06-19T16:11:35+00:00
SAO_3773-10,São Paulo,3550308,True,,1059,,,-23.538011500000003,-46.564010249999995,,,,1,2023-06-19T16:11:08+00:00
SAO_3773-10,São Paulo,3550308,True,,1059,,,-23.615941999999997,-46.464735000000005,,,,1,2023-06-19T16:11:39+00:00
SAO_2727-10,São Paulo,3550308,True,,942,,,-23.536156,-46.4681715,,,,1,2023-06-19T16:11:05+00:00
SAO_6014-10,São Paulo,3550308,True,,32956,,,-23.741766,-46.8007565,,,,2,2023-06-19T16:11:25+00:00
SAO_6014-10,São Paulo,3550308,True,,32956,,,-23.669655,-46.7366765,,,,2,2023-06-19T16:11:32+00:00
SAO_6014-10,São Paulo,3550308,True,,32956,,,-23.741947500000002,-46.801043,,,,2,2023-06-19T16:11:36+00:00
SAO_6014-10,São Paulo,3550308,True,,32956,,,-23.676915,-46.7582495,,,,2,2023-06-19T16:11:05+00:00
SAO_6014-10,São Paulo,3550308,True,,32956,,,-23.735017,-46.794526000000005,,,,2,2023-06-19T16:11:24+00:00
SAO_4093-10,São Paulo,3550308,True,,2448,,,-23.588952,-46.395677,,,,1,2023-06-19T16:11:13+00:00
SAO_4093-10,São Paulo,3550308,True,,2448,,,-23.588952,-46.395677,,,,1,2023-06-19T16:11:38+00:00
SAO_4093-10,São Paulo,3550308,True,,2448,,,-23.5929644375,-46.39758181250001,,,,1,2023-06-19T16:11:17+00:00
SAO_4093-10,São Paulo,3550308,True,,2448,,,-23.588952,-46.395677,,,,1,2023-06-19T16:11:23+00:00
SAO_4093-10,São Paulo,3550308,True,,2448,,,-23.582922,-46.4081745,,,,1,2023-06-19T16:11:19+00:00
SAO_4093-10,São Paulo,3550308,True,,2448,,,-23.588952,-46.395677,,,,1,2023-06-19T16:11:13+00:00
SAO_4093-10,São Paulo,3550308,True,,2448,,,-23.588952,-46.395677,,,,1,2023-06-19T16:11:09+00:00
SAO_7040-10,São Paulo,3550308,True,,776,,,-23.615879,-46.720952999999994,,,,1,2023-06-19T16:11:21+00:00
SAO_7040-10,São Paulo,3550308,True,,776,,,-23.5976665,-46.7086685,,,,1,2023-06-19T16:11:23+00:00
SAO_7040-10,São Paulo,3550308,True,,776,,,-23.586302375,-46.697286875,,,,1,2023-06-19T16:10:57+00:00
SAO_7040-10,São Paulo,3550308,True,,776,,,-23.5655225,-46.693991499999996,,,,1,2023-06-19T16:11:02+00:00
SAO_7040-10,São Paulo,3550308,True,,776,,,-23.57996325,-46.6851545,,,,1,2023-06-19T16:11:42+00:00
SAO_7040-10,São Paulo,3550308,True,,776,,,-23.609505499999997,-46.712976499999996,,,,1,2023-06-19T16:11:07+00:00
SAO_7040-10,São Paulo,3550308,True,,776,,,-23.566271,-46.694345,,,,1,2023-06-19T16:11:37+00:00
SAO_3736-10,São Paulo,3550308,True,,1036,,,-23.542085,-46.483832,,,,1,2023-06-19T16:11:36+00:00
SAO_3736-10,São Paulo,3550308,True,,1036,,,-23.5508795,-46.48185025,,,,1,2023-06-19T16:11:43+00:00
SAO_3736-10,São Paulo,3550308,True,,1036,,,-23.5420065,-46.483900500000004,,,,1,2023-06-19T16:11:02+00:00
SAO_3736-10,São Paulo,3550308,True,,1036,,,-23.577151875000002,-46.483989625,,,,1,2023-06-19T16:11:26+00:00
SAO_3736-10,São Paulo,3550308,True,,1036,,,-23.575533,-46.4834125,,,,1,2023-06-19T16:11:39+00:00
SAO_3736-10,São Paulo,3550308,True,,1036,,,-23.562278499999998,-46.474442,,,,1,2023-06-19T16:11:17+00:00
SAO_9009-10,São Paulo,3550308,True,,877,,,-23.442541,-46.71719,,,,1,2023-06-19T16:11:04+00:00
SAO_9009-10,São Paulo,3550308,True,,877,,,-23.447775,-46.708842000000004,,,,1,2023-06-19T16:11:10+00:00
SAO_9009-10,São Paulo,3550308,True,,877,,,-23.4435505,-46.7055085,,,,1,2023-06-19T16:11:04+00:00
SAO_9009-10,São Paulo,3550308,True,,877,,,-23.465833500000002,-46.679323,,,,1,2023-06-19T16:11:42+00:00
SAO_9009-10,São Paulo,3550308,True,,877,,,-23.448075,-46.708777999999995,,,,1,2023-06-19T16:11:05+00:00
SAO_9009-10,São Paulo,3550308,True,,877,,,-23.444666249999997,-46.70995625,,,,1,2023-06-19T16:11:33+00:00
SAO_9009-10,São Paulo,3550308,True,,877,,,-23.4728805,-46.672287499999996,,,,1,2023-06-19T16:11:29+00:00
SAO_9009-10,São Paulo,3550308,True,,877,,,-23.447921,-46.708813500000005,,,,1,2023-06-19T16:11:18+00:00
SAO_736G-10,São Paulo,3550308,True,,33548,,,-23.64166925,-46.71504912499999,,,,2,2023-06-19T16:11:21+00:00
SAO_736G-10,São Paulo,3550308,True,,33548,,,-23.618555999999998,-46.6992355,,,,2,2023-06-19T16:11:20+00:00
SAO_736G-10,São Paulo,3550308,True,,33548,,,-23.6268655,-46.70023475,,,,2,2023-06-19T16:11:24+00:00
SAO_736G-10,São Paulo,3550308,True,,33548,,,-23.618555999999998,-46.6992355,,,,2,2023-06-19T16:11:01+00:00
SAO_736G-10,São Paulo,3550308,True,,33548,,,-23.64450025,-46.7264155,,,,2,2023-06-19T16:11:31+00:00
SAO_736G-10,São Paulo,3550308,True,,33548,,,-23.6302455,-46.7507065,,,,2,2023-06-19T16:11:11+00:00
SAO_736G-10,São Paulo,3550308,True,,33548,,,-23.632452999999998,-46.7480465,,,,2,2023-06-19T16:11:42+00:00
SAO_8050-10,São Paulo,3550308,True,,412,,,-23.5113,-46.728159500000004,,,,1,2023-06-19T16:11:33+00:00
SAO_8050-10,São Paulo,3550308,True,,412,,,-23.519489,-46.702676,,,,1,2023-06-19T16:11:17+00:00
SAO_8050-10,São Paulo,3550308,True,,412,,,-23.438640749999998,-46.79363425,,,,1,2023-06-19T16:11:16+00:00
SAO_9301-10,São Paulo,3550308,True,,458,,,-23.532875625000003,-46.6451405,,,,1,2023-06-19T16:11:42+00:00
SAO_2711-10,São Paulo,3550308,True,,925,,,-23.529975,-46.500915500000005,,,,1,2023-06-19T16:11:44+00:00
SAO_2711-10,São Paulo,3550308,True,,925,,,-23.513977,-46.4944265,,,,1,2023-06-19T16:11:29+00:00
SAO_2711-10,São Paulo,3550308,True,,925,,,-23.5143605,-46.480638,,,,1,2023-06-19T16:11:08+00:00
SAO_3033-10,São Paulo,3550308,True,,33736,,,-23.5823875,-46.415148,,,,2,2023-06-19T16:11:30+00:00
SAO_3033-10,São Paulo,3550308,True,,33736,,,-23.554320500000003,-46.40187400000001,,,,2,2023-06-19T16:11:30+00:00
SAO_3033-10,São Paulo,3550308,True,,33736,,,-23.5449815,-46.41078,,,,2,2023-06-19T16:11:16+00:00
SAO_3033-10,São Paulo,3550308,True,,33736,,,-23.594753,-46.442143,,,,2,2023-06-19T16:11:05+00:00
SAO_3033-10,São Paulo,3550308,True,,33736,,,-23.554381499999998,-46.401443,,,,2,2023-06-19T16:11:09+00:00
SAO_3033-10,São Paulo,3550308,True,,33736,,,-23.559344000000003,-46.411618000000004,,,,2,2023-06-19T16:11:32+00:00
SAO_7011-10,São Paulo,3550308,True,,34720,,,-23.707335,-46.791682,,,,2,2023-06-19T16:11:17+00:00
SAO_7011-10,São Paulo,3550308,True,,34720,,,-23.688845375,-46.77301675,,,,2,2023-06-19T16:11:21+00:00
SAO_7011-10,São Paulo,3550308,True,,34720,,,-23.7075705,-46.7917315,,,,2,2023-06-19T16:11:34+00:00
SAO_4113-10,São Paulo,3550308,True,,33536,,,-23.588169625,-46.610683625,,,,2,2023-06-19T16:11:01+00:00
SAO_4113-10,São Paulo,3550308,True,,33536,,,-23.570046625,-46.625964249999996,,,,2,2023-06-19T16:11:44+00:00
SAO_4113-10,São Paulo,3550308,True,,33536,,,-23.570046625,-46.625964249999996,,,,2,2023-06-19T16:11:34+00:00
SAO_4113-10,São Paulo,3550308,True,,33536,,,-23.588727749999997,-46.610632124999995,,,,2,2023-06-19T16:11:31+00:00
SAO_4113-10,São Paulo,3550308,True,,33536,,,-23.58554825,-46.610923,,,,2,2023-06-19T16:11:41+00:00
SAO_4113-10,São Paulo,3550308,True,,33536,,,-23.567773,-46.6286735,,,,2,2023-06-19T16:11:08+00:00
SAO_4113-10,São Paulo,3550308,True,,33536,,,-23.568549750000003,-46.62756125,,,,2,2023-06-19T16:11:04+00:00
SAO_4113-10,São Paulo,3550308,True,,33536,,,-23.548104000000002,-46.642666000000006,,,,2,2023-06-19T16:11:30+00:00
SAO_4113-10,São Paulo,3550308,True,,33536,,,-23.60148425,-46.613501125,,,,2,2023-06-19T16:11:10+00:00
SAO_4114-10,São Paulo,3550308,True,,33089,,,-23.5756855,-46.6295985,,,,2,2023-06-19T16:11:03+00:00
SAO_4114-10,São Paulo,3550308,True,,33089,,,-23.611375000000002,-46.62250025,,,,2,2023-06-19T16:11:34+00:00
SAO_4114-10,São Paulo,3550308,True,,33089,,,-23.5474855,-46.629544,,,,2,2023-06-19T16:11:41+00:00
SAO_7001-10,São Paulo,3550308,True,,1722,,,-23.7011665,-46.781822500000004,,,,1,2023-06-19T16:11:01+00:00
SAO_7001-10,São Paulo,3550308,True,,1722,,,-23.7247405,-46.7552985,,,,1,2023-06-19T16:10:54+00:00
SAO_7001-10,São Paulo,3550308,True,,1722,,,-23.724553,-46.755476,,,,1,2023-06-19T16:11:25+00:00
SAO_7001-10,São Paulo,3550308,True,,1722,,,-23.7247405,-46.7552985,,,,1,2023-06-19T16:11:30+00:00
SAO_7001-10,São Paulo,3550308,True,,1722,,,-23.7183055,-46.76539075,,,,1,2023-06-19T16:11:36+00:00
SAO_5106-21,São Paulo,3550308,True,,34740,,,-23.602655125,-46.675675500000004,,,,2,2023-06-19T16:11:31+00:00
SAO_5106-21,São Paulo,3550308,True,,34740,,,-23.625316749999996,-46.645493625,,,,2,2023-06-19T16:11:08+00:00
SAO_5106-21,São Paulo,3550308,True,,34740,,,-23.6848065,-46.653604,,,,2,2023-06-19T16:11:05+00:00
SAO_5106-21,São Paulo,3550308,True,,34740,,,-23.6271395,-46.6420205,,,,2,2023-06-19T16:11:21+00:00
SAO_5106-21,São Paulo,3550308,True,,34740,,,-23.6136795,-46.695497,,,,2,2023-06-19T16:11:17+00:00
SAO_5106-21,São Paulo,3550308,True,,34740,,,-23.684538,-46.653396,,,,2,2023-06-19T16:11:22+00:00
SAO_5106-21,São Paulo,3550308,True,,34740,,,-23.684538,-46.653396,,,,2,2023-06-19T16:11:13+00:00
SAO_5106-21,São Paulo,3550308,True,,34740,,,-23.596718,-46.6865475,,,,2,2023-06-19T16:11:44+00:00
SAO_5106-21,São Paulo,3550308,True,,34740,,,-23.684538,-46.653396,,,,2,2023-06-19T16:11:04+00:00
SAO_5106-21,São Paulo,3550308,True,,34740,,,-23.695413000000002,-46.649462,,,,2,2023-06-19T16:10:02+00:00
SAO_5106-21,São Paulo,3550308,True,,34740,,,-23.679958999999997,-46.631635375,,,,2,2023-06-19T16:09:44+00:00
SAO_5106-21,São Paulo,3550308,True,,34740,,,-23.610708000000002,-46.66282,,,,2,2023-06-19T16:11:24+00:00
SAO_5106-21,São Paulo,3550308,True,,34740,,,-23.6136795,-46.695497,,,,2,2023-06-19T16:11:30+00:00
SAO_5106-21,São Paulo,3550308,True,,34740,,,-23.6848065,-46.653604,,,,2,2023-06-19T16:11:33+00:00
SAO_5106-21,São Paulo,3550308,True,,34740,,,-23.654470625,-46.636961,,,,2,2023-06-19T16:11:32+00:00
SAO_5106-21,São Paulo,3550308,True,,34740,,,-23.6848065,-46.653604,,,,2,2023-06-19T16:11:38+00:00
SAO_6002-10,São Paulo,3550308,True,,1979,,,-23.6821835,-46.68025625,,,,1,2023-06-19T16:11:39+00:00
SAO_6002-10,São Paulo,3550308,True,,1979,,,-23.7035465,-46.688383,,,,1,2023-06-19T16:11:05+00:00
SAO_6002-10,São Paulo,3550308,True,,1979,,,-23.71025925,-46.6971535,,,,1,2023-06-19T16:11:14+00:00
SAO_6072-23,São Paulo,3550308,True,,2004,,,-23.767591,-46.7163045,,,,1,2023-06-19T16:11:01+00:00
SAO_6072-23,São Paulo,3550308,True,,2004,,,-23.767591,-46.7163045,,,,1,2023-06-19T16:11:29+00:00
SAO_6072-23,São Paulo,3550308,True,,2004,,,-23.767194,-46.716251,,,,1,2023-06-19T16:11:34+00:00
SAO_6072-23,São Paulo,3550308,True,,2004,,,-23.767591,-46.7163045,,,,1,2023-06-19T16:11:35+00:00
SAO_6072-23,São Paulo,3550308,True,,2004,,,-23.767591,-46.7163045,,,,1,2023-06-19T16:11:29+00:00
SAO_6072-23,São Paulo,3550308,True,,2004,,,-23.767591,-46.7163045,,,,1,2023-06-19T16:11:00+00:00
SAO_6072-23,São Paulo,3550308,True,,2004,,,-23.767591,-46.7163045,,,,1,2023-06-19T16:11:25+00:00
SAO_6072-23,São Paulo,3550308,True,,2004,,,-23.767591,-46.7163045,,,,1,2023-06-19T16:11:34+00:00
SAO_6812-10,São Paulo,3550308,True,,1242,,,-23.732884499999997,-46.790378,,,,1,2023-06-19T16:11:12+00:00
SAO_6812-10,São Paulo,3550308,True,,1242,,,-23.65192725,-46.702461,,,,1,2023-06-19T16:11:26+00:00
SAO_6812-10,São Paulo,3550308,True,,1242,,,-23.693244999999997,-46.7790825,,,,1,2023-06-19T16:11:09+00:00
SAO_6812-10,São Paulo,3550308,True,,1242,,,-23.675137499999998,-46.7484285,,,,1,2023-06-19T16:11:36+00:00
SAO_6812-10,São Paulo,3550308,True,,1242,,,-23.65192725,-46.702461,,,,1,2023-06-19T16:11:24+00:00
SAO_2033-10,São Paulo,3550308,True,,35267,,,-23.51223775,-46.624915,,,,2,2023-06-19T16:11:44+00:00
SAO_2033-10,São Paulo,3550308,True,,35267,,,-23.4872685,-46.568211500000004,,,,2,2023-06-19T16:11:19+00:00
SAO_2033-10,São Paulo,3550308,True,,35267,,,-23.4875455,-46.567836,,,,2,2023-06-19T16:11:19+00:00
SAO_2033-10,São Paulo,3550308,True,,35267,,,-23.512845,-46.585291,,,,2,2023-06-19T16:11:18+00:00
SAO_8073-10,São Paulo,3550308,True,,2081,,,-23.598914999999998,-46.7661705,,,,1,2023-06-19T16:11:02+00:00
SAO_8073-10,São Paulo,3550308,True,,2081,,,-23.585074125,-46.74320387499999,,,,1,2023-06-19T16:11:25+00:00
SAO_8073-10,São Paulo,3550308,True,,2081,,,-23.598914999999998,-46.7661705,,,,1,2023-06-19T16:11:45+00:00
SAO_8010-10,São Paulo,3550308,True,,33566,,,-23.4188695,-46.748881499999996,,,,2,2023-06-19T16:11:12+00:00
SAO_8010-10,São Paulo,3550308,True,,33566,,,-23.5128535,-46.7091595,,,,2,2023-06-19T16:11:40+00:00
SAO_8010-10,São Paulo,3550308,True,,33566,,,-23.4883865,-46.72183,,,,2,2023-06-19T16:11:40+00:00
SAO_8010-10,São Paulo,3550308,True,,33566,,,-23.404968500000003,-46.7450015,,,,2,2023-06-19T16:10:59+00:00
SAO_8010-10,São Paulo,3550308,True,,33566,,,-23.457815,-46.719069000000005,,,,2,2023-06-19T16:11:40+00:00
SAO_8010-10,São Paulo,3550308,True,,33566,,,-23.419767,-46.7495725,,,,2,2023-06-19T16:11:20+00:00
SAO_8010-10,São Paulo,3550308,True,,33566,,,-23.448806124999997,-46.72165625000001,,,,2,2023-06-19T16:11:08+00:00
SAO_8010-10,São Paulo,3550308,True,,33566,,,-23.4066435,-46.75870625,,,,2,2023-06-19T16:11:05+00:00
SAO_8010-10,São Paulo,3550308,True,,33566,,,-23.408721,-46.75821,,,,2,2023-06-19T16:11:12+00:00
SAO_8010-10,São Paulo,3550308,True,,33566,,,-23.419140999999996,-46.749117999999996,,,,2,2023-06-19T16:11:33+00:00
SAO_8010-10,São Paulo,3550308,True,,33566,,,-23.419446,-46.7493745,,,,2,2023-06-19T16:11:38+00:00
SAO_6034-10,São Paulo,3550308,True,,95,,,-23.735033875,-46.694067875,,,,1,2023-06-19T16:11:44+00:00
SAO_6034-10,São Paulo,3550308,True,,95,,,-23.746722,-46.6716325,,,,1,2023-06-19T16:11:13+00:00
SAO_3745-10,São Paulo,3550308,True,,33812,,,-23.5807565,-46.5232745,,,,2,2023-06-19T16:11:37+00:00
SAO_3745-10,São Paulo,3550308,True,,33812,,,-23.589678499999998,-46.5078295,,,,2,2023-06-19T16:11:13+00:00
SAO_3745-10,São Paulo,3550308,True,,33812,,,-23.555790000000002,-46.5332475,,,,2,2023-06-19T16:11:01+00:00
SAO_3745-10,São Paulo,3550308,True,,33812,,,-23.54425275,-46.559259,,,,2,2023-06-19T16:11:32+00:00
SAO_3745-10,São Paulo,3550308,True,,33812,,,-23.589163499999998,-46.500732,,,,2,2023-06-19T16:11:09+00:00
SAO_3745-10,São Paulo,3550308,True,,33812,,,-23.5893515,-46.500806,,,,2,2023-06-19T16:11:22+00:00
SAO_3745-10,São Paulo,3550308,True,,33812,,,-23.589163499999998,-46.500732,,,,2,2023-06-19T16:11:19+00:00
SAO_3745-10,São Paulo,3550308,True,,33812,,,-23.58888,-46.5006235,,,,2,2023-06-19T16:11:22+00:00
SAO_3745-10,São Paulo,3550308,True,,33812,,,-23.58888,-46.5006235,,,,2,2023-06-19T16:11:23+00:00
SAO_6L01-10,São Paulo,3550308,True,,33939,,,-23.90679,-46.708217000000005,,,,2,2023-06-19T16:11:28+00:00
SAO_6L01-10,São Paulo,3550308,True,,33939,,,-23.90679,-46.708217000000005,,,,2,2023-06-19T16:11:43+00:00
SAO_6L01-10,São Paulo,3550308,True,,33939,,,-23.8511125,-46.7533205,,,,2,2023-06-19T16:11:26+00:00
SAO_6L01-10,São Paulo,3550308,True,,33939,,,-23.906712249999998,-46.708453250000005,,,,2,2023-06-19T16:00:31+00:00
SAO_6L01-10,São Paulo,3550308,True,,33939,,,-23.90679,-46.708217000000005,,,,2,2023-06-19T16:11:16+00:00
SAO_6L01-10,São Paulo,3550308,True,,33939,,,-23.7667025,-46.7163285,,,,2,2023-06-19T16:11:38+00:00
SAO_6028-10,São Paulo,3550308,True,,1211,,,-23.6722825,-46.734466,,,,1,2023-06-19T16:11:22+00:00
SAO_6028-10,São Paulo,3550308,True,,1211,,,-23.6544735,-46.70749,,,,1,2023-06-19T16:11:40+00:00
SAO_6028-10,São Paulo,3550308,True,,1211,,,-23.692028999999998,-46.757647,,,,1,2023-06-19T16:11:36+00:00
SAO_8032-10,São Paulo,3550308,True,,35313,,,-23.5553775,-46.733379,,,,2,2023-06-19T16:11:41+00:00
SAO_119C-10,São Paulo,3550308,True,,661,,,-23.510169,-46.580726999999996,,,,1,2023-06-19T16:08:55+00:00
SAO_119C-10,São Paulo,3550308,True,,661,,,-23.478573500000003,-46.569734499999996,,,,1,2023-06-19T16:11:31+00:00
SAO_119C-10,São Paulo,3550308,True,,661,,,-23.480239,-46.569384,,,,1,2023-06-19T16:11:44+00:00
SAO_119C-10,São Paulo,3550308,True,,661,,,-23.5337075,-46.6445165,,,,1,2023-06-19T16:11:22+00:00
SAO_175T-10,São Paulo,3550308,True,,623,,,-23.6521565,-46.6376655,,,,1,2023-06-19T16:11:31+00:00
SAO_175T-10,São Paulo,3550308,True,,623,,,-23.641915750000003,-46.641461500000005,,,,1,2023-06-19T16:11:36+00:00
SAO_175T-10,São Paulo,3550308,True,,623,,,-23.653136,-46.6373365,,,,1,2023-06-19T16:11:40+00:00
SAO_175T-10,São Paulo,3550308,True,,623,,,-23.653973,-46.6379265,,,,1,2023-06-19T16:11:38+00:00
SAO_175T-10,São Paulo,3550308,True,,623,,,-23.63761125,-46.65798275,,,,1,2023-06-19T16:11:10+00:00
SAO_175T-10,São Paulo,3550308,True,,623,,,-23.652393500000002,-46.6374895,,,,1,2023-06-19T16:11:05+00:00
SAO_175T-10,São Paulo,3550308,True,,623,,,-23.653689999999997,-46.6379405,,,,1,2023-06-19T16:11:07+00:00
SAO_175T-10,São Paulo,3550308,True,,623,,,-23.5755735,-46.641999999999996,,,,1,2023-06-19T16:11:22+00:00
SAO_175T-10,São Paulo,3550308,True,,623,,,-23.64071225,-46.641452,,,,1,2023-06-19T16:11:37+00:00
SAO_175T-10,São Paulo,3550308,True,,623,,,-23.506689124999998,-46.624998625,,,,1,2023-06-19T16:11:09+00:00
SAO_175T-10,São Paulo,3550308,True,,623,,,-23.597020999999998,-46.65102775,,,,1,2023-06-19T16:11:18+00:00
SAO_175T-10,São Paulo,3550308,True,,623,,,-23.6394745,-46.641374500000005,,,,1,2023-06-19T16:11:20+00:00
SAO_175T-10,São Paulo,3550308,True,,623,,,-23.531155749999996,-46.632473375,,,,1,2023-06-19T16:11:15+00:00
SAO_175T-10,São Paulo,3550308,True,,623,,,-23.619585999999998,-46.66211,,,,1,2023-06-19T16:11:25+00:00
SAO_175T-10,São Paulo,3550308,True,,623,,,-23.6311,-46.6634445,,,,1,2023-06-19T16:11:24+00:00
SAO_5010-10,São Paulo,3550308,True,,33882,,,-23.666612,-46.638132999999996,,,,2,2023-06-19T16:11:40+00:00
SAO_5010-10,São Paulo,3550308,True,,33882,,,-23.6429005,-46.665781499999994,,,,2,2023-06-19T16:11:02+00:00
SAO_5010-10,São Paulo,3550308,True,,33882,,,-23.662217,-46.631516500000004,,,,2,2023-06-19T16:11:10+00:00
SAO_5010-10,São Paulo,3550308,True,,33882,,,-23.6434705,-46.64401,,,,2,2023-06-19T16:09:41+00:00
SAO_5010-10,São Paulo,3550308,True,,33882,,,-23.65533825,-46.692351,,,,2,2023-06-19T16:11:39+00:00
SAO_5010-10,São Paulo,3550308,True,,33882,,,-23.6624725,-46.631309,,,,2,2023-06-19T16:11:17+00:00
SAO_5010-10,São Paulo,3550308,True,,33882,,,-23.662,-46.631691,,,,2,2023-06-19T16:11:00+00:00
SAO_5010-10,São Paulo,3550308,True,,33882,,,-23.65298575,-46.68064125,,,,2,2023-06-19T16:10:40+00:00
SAO_3002-10,São Paulo,3550308,True,,1808,,,-23.496955,-46.437329,,,,1,2023-06-19T16:10:47+00:00
SAO_3002-10,São Paulo,3550308,True,,1808,,,-23.509918,-46.379645999999994,,,,1,2023-06-19T16:11:27+00:00
SAO_3002-10,São Paulo,3550308,True,,1808,,,-23.496925,-46.437104,,,,1,2023-06-19T16:11:32+00:00
SAO_3002-10,São Paulo,3550308,True,,1808,,,-23.510468,-46.378808,,,,1,2023-06-19T16:10:12+00:00
SAO_3002-10,São Paulo,3550308,True,,1808,,,-23.494256,-46.4000715,,,,1,2023-06-19T16:11:41+00:00
SAO_605A-10,São Paulo,3550308,True,,2522,,,-23.646335,-46.6368415,,,,1,2023-06-19T16:11:23+00:00
SAO_5300-10,São Paulo,3550308,True,EMTU,354,https://moovitapp.com/index/pt-br/transporte_p%C3%BAblico-line-354-Sao_Paulo-242-2038937-36419437-0,7.55,-23.6103465625,-46.668463375,,,,1,2023-06-19T16:11:09+00:00
SAO_5300-10,São Paulo,3550308,True,EMTU,354,https://moovitapp.com/index/pt-br/transporte_p%C3%BAblico-line-354-Sao_Paulo-242-2038937-36419437-0,7.55,-23.6121525,-46.670178,,,,1,2023-06-19T16:11:36+00:00
SAO_5300-10,São Paulo,3550308,True,EMTU,354,https://moovitapp.com/index/pt-br/transporte_p%C3%BAblico-line-354-Sao_Paulo-242-2038937-36419437-0,7.55,-23.654195,-46.711744499999995,,,,1,2023-06-19T16:11:22+00:00
SAO_5300-10,São Paulo,3550308,True,EMTU,354,https://moovitapp.com/index/pt-br/transporte_p%C3%BAblico-line-354-Sao_Paulo-242-2038937-36419437-0,7.55,-23.55214725,-46.632746749999995,,,,1,2023-06-19T16:11:44+00:00
SAO_5300-10,São Paulo,3550308,True,EMTU,354,https://moovitapp.com/index/pt-br/transporte_p%C3%BAblico-line-354-Sao_Paulo-242-2038937-36419437-0,7.55,-23.608770999999997,-46.666966375,,,,1,2023-06-19T16:11:16+00:00
SAO_5300-10,São Paulo,3550308,True,EMTU,354,https://moovitapp.com/index/pt-br/transporte_p%C3%BAblico-line-354-Sao_Paulo-242-2038937-36419437-0,7.55,-23.65393525,-46.707456500000006,,,,1,2023-06-19T16:11:23+00:00
SAO_5300-10,São Paulo,3550308,True,EMTU,354,https://moovitapp.com/index/pt-br/transporte_p%C3%BAblico-line-354-Sao_Paulo-242-2038937-36419437-0,7.55,-23.63999525,-46.696571000000006,,,,1,2023-06-19T16:11:16+00:00
SAO_5300-10,São Paulo,3550308,True,EMTU,354,https://moovitapp.com/index/pt-br/transporte_p%C3%BAblico-line-354-Sao_Paulo-242-2038937-36419437-0,7.55,-23.63706175,-46.6937715,,,,1,2023-06-19T16:11:28+00:00
SAO_5300-10,São Paulo,3550308,True,EMTU,354,https://moovitapp.com/index/pt-br/transporte_p%C3%BAblico-line-354-Sao_Paulo-242-2038937-36419437-0,7.55,-23.654195,-46.711744499999995,,,,1,2023-06-19T16:11:17+00:00
SAO_5300-10,São Paulo,3550308,True,EMTU,354,https://moovitapp.com/index/pt-br/transporte_p%C3%BAblico-line-354-Sao_Paulo-242-2038937-36419437-0,7.55,-23.5990978125,-46.6578824375,,,,1,2023-06-19T16:11:34+00:00
SAO_5300-10,São Paulo,3550308,True,EMTU,354,https://moovitapp.com/index/pt-br/transporte_p%C3%BAblico-line-354-Sao_Paulo-242-2038937-36419437-0,7.55,-23.577904750000002,-46.6451215,,,,1,2023-06-19T16:11:15+00:00
SAO_5300-10,São Paulo,3550308,True,EMTU,354,https://moovitapp.com/index/pt-br/transporte_p%C3%BAblico-line-354-Sao_Paulo-242-2038937-36419437-0,7.55,-23.654195,-46.711744499999995,,,,1,2023-06-19T16:11:42+00:00
SAO_5300-10,São Paulo,3550308,True,EMTU,354,https://moovitapp.com/index/pt-br/transporte_p%C3%BAblico-line-354-Sao_Paulo-242-2038937-36419437-0,7.55,-23.613378875,-46.671331374999994,,,,1,2023-06-19T16:11:41+00:00
SAO_5300-10,São Paulo,3550308,True,EMTU,354,https://moovitapp.com/index/pt-br/transporte_p%C3%BAblico-line-354-Sao_Paulo-242-2038937-36419437-0,7.55,-23.61449,-46.6723805,,,,1,2023-06-19T16:11:25+00:00
SAO_177Y-10,São Paulo,3550308,True,,867,,,-23.5568285,-46.682935,,,,1,2023-06-19T16:11:32+00:00
SAO_177Y-10,São Paulo,3550308,True,,867,,,-23.527852000000003,-46.667063999999996,,,,1,2023-06-19T16:11:44+00:00
SAO_177Y-10,São Paulo,3550308,True,,867,,,-23.566136750000002,-46.701097,,,,1,2023-06-19T16:11:05+00:00
SAO_177Y-10,São Paulo,3550308,True,,867,,,-23.5273505,-46.6667755,,,,1,2023-06-19T16:11:00+00:00
SAO_177Y-10,São Paulo,3550308,True,,867,,,-23.534287,-46.6745315,,,,1,2023-06-19T16:11:19+00:00
SAO_6021-10,São Paulo,3550308,True,EMTU,177,https://moovitapp.com/index/pt-br/transporte_p%C3%BAblico-line-177-Sao_Paulo-242-2038937-36419313-0,5.2,-23.7668205,-46.716344500000005,,,,1,2023-06-19T16:11:11+00:00
SAO_6021-10,São Paulo,3550308,True,EMTU,177,https://moovitapp.com/index/pt-br/transporte_p%C3%BAblico-line-177-Sao_Paulo-242-2038937-36419313-0,5.2,-23.7668205,-46.716344500000005,,,,1,2023-06-19T16:11:27+00:00
SAO_6021-10,São Paulo,3550308,True,EMTU,177,https://moovitapp.com/index/pt-br/transporte_p%C3%BAblico-line-177-Sao_Paulo-242-2038937-36419313-0,5.2,-23.7668205,-46.716344500000005,,,,1,2023-06-19T16:11:03+00:00
SAO_6021-10,São Paulo,3550308,True,EMTU,177,https://moovitapp.com/index/pt-br/transporte_p%C3%BAblico-line-177-Sao_Paulo-242-2038937-36419313-0,5.2,-23.766574,-46.716055499999996,,,,1,2023-06-19T16:11:16+00:00
SAO_6021-10,São Paulo,3550308,True,EMTU,177,https://moovitapp.com/index/pt-br/transporte_p%C3%BAblico-line-177-Sao_Paulo-242-2038937-36419313-0,5.2,-23.769605,-46.7179785,,,,1,2023-06-19T16:11:08+00:00
SAO_5370-10,São Paulo,3550308,True,,1442,,,-23.761470250000002,-46.715405000000004,,,,1,2023-06-19T16:11:40+00:00
SAO_5370-10,São Paulo,3550308,True,,1442,,,-23.7673145,-46.7161625,,,,1,2023-06-19T16:11:23+00:00
SAO_5370-10,São Paulo,3550308,True,,1442,,,-23.611075999999997,-46.669148,,,,1,2023-06-19T16:11:42+00:00
SAO_5370-10,São Paulo,3550308,True,,1442,,,-23.734923000000002,-46.698987,,,,1,2023-06-19T16:11:28+00:00
SAO_5370-10,São Paulo,3550308,True,,1442,,,-23.69827325,-46.70106925,,,,1,2023-06-19T16:11:33+00:00
SAO_5370-10,São Paulo,3550308,True,,1442,,,-23.6249375,-46.682200625,,,,1,2023-06-19T16:11:06+00:00
SAO_5370-10,São Paulo,3550308,True,,1442,,,-23.55977825,-46.639065,,,,1,2023-06-19T16:11:40+00:00
SAO_5370-10,São Paulo,3550308,True,,1442,,,-23.65192725,-46.702461,,,,1,2023-06-19T16:11:21+00:00
SAO_5370-10,São Paulo,3550308,True,,1442,,,-23.7673145,-46.7161625,,,,1,2023-06-19T16:09:51+00:00
SAO_5370-10,São Paulo,3550308,True,,1442,,,-23.5820685,-46.65085575,,,,1,2023-06-19T16:11:42+00:00
SAO_5370-10,São Paulo,3550308,True,,1442,,,-23.6050065,-46.663439625,,,,1,2023-06-19T16:11:30+00:00
SAO_5370-10,São Paulo,3550308,True,,1442,,,-23.730201,-46.698226000000005,,,,1,2023-06-19T16:11:27+00:00
SAO_5370-10,São Paulo,3550308,True,,1442,,,-23.7673145,-46.7161625,,,,1,2023-06-19T16:11:35+00:00
SAO_807P-10,São Paulo,3550308,True,,2099,,,-23.618781,-46.722603500000005,,,,1,2023-06-19T16:11:36+00:00
SAO_807P-10,São Paulo,3550308,True,,2099,,,-23.624521,-46.725719999999995,,,,1,2023-06-19T16:11:07+00:00
SAO_807P-10,São Paulo,3550308,True,,2099,,,-23.6436825,-46.7314075,,,,1,2023-06-19T16:11:02+00:00
SAO_807P-10,São Paulo,3550308,True,,2099,,,-23.615980999999998,-46.721008499999996,,,,1,2023-06-19T16:11:31+00:00
SAO_807P-10,São Paulo,3550308,True,,2099,,,-23.615980999999998,-46.721008499999996,,,,1,2023-06-19T16:11:25+00:00
SAO_807P-10,São Paulo,3550308,True,,2099,,,-23.615980999999998,-46.721008499999996,,,,1,2023-06-19T16:11:10+00:00
SAO_807P-10,São Paulo,3550308,True,,2099,,,-23.615980999999998,-46.721008499999996,,,,1,2023-06-19T16:11:13+00:00
SAO_5031-10,São Paulo,3550308,True,,34514,,,-23.603051999999998,-46.602856,,,,2,2023-06-19T16:11:06+00:00
SAO_5031-10,São Paulo,3550308,True,,34514,,,-23.6369775,-46.591483000000004,,,,2,2023-06-19T16:11:35+00:00
SAO_5031-10,São Paulo,3550308,True,,34514,,,-23.622293499999998,-46.591708,,,,2,2023-06-19T16:11:37+00:00
SAO_5031-10,São Paulo,3550308,True,,34514,,,-23.6026455,-46.603128999999996,,,,2,2023-06-19T16:11:30+00:00
SAO_5031-10,São Paulo,3550308,True,,34514,,,-23.6365255,-46.5910045,,,,2,2023-06-19T16:11:14+00:00
SAO_5031-10,São Paulo,3550308,True,,34514,,,-23.609543000000002,-46.596287000000004,,,,2,2023-06-19T16:11:20+00:00
SAO_5031-10,São Paulo,3550308,True,,34514,,,-23.6296085,-46.587986,,,,2,2023-06-19T16:11:27+00:00
SAO_5031-10,São Paulo,3550308,True,,34514,,,-23.632755000000003,-46.586458500000006,,,,2,2023-06-19T16:11:27+00:00
SAO_5031-10,São Paulo,3550308,True,,34514,,,-23.609543000000002,-46.596287000000004,,,,2,2023-06-19T16:11:34+00:00
SAO_1771-10,São Paulo,3550308,True,,634,,,-23.4684655,-46.5958725,,,,1,2023-06-19T16:09:53+00:00
SAO_1771-10,São Paulo,3550308,True,,634,,,-23.49620075,-46.62365925,,,,1,2023-06-19T16:11:29+00:00
SAO_1771-10,São Paulo,3550308,True,,634,,,-23.4362885,-46.58314,,,,1,2023-06-19T16:11:09+00:00
SAO_9019-10,São Paulo,3550308,True,,1433,,,-23.469092500000002,-46.7132785,,,,1,2023-06-19T16:11:22+00:00
SAO_9019-10,São Paulo,3550308,True,,1433,,,-23.4545785,-46.7102915,,,,1,2023-06-19T16:11:14+00:00
SAO_9019-10,São Paulo,3550308,True,,1433,,,-23.454788999999998,-46.7104675,,,,1,2023-06-19T16:11:12+00:00
SAO_263C-10,São Paulo,3550308,True,EMTU,252,https://moovitapp.com/index/pt-br/transporte_p%C3%BAblico-line-252-Sao_Paulo-242-2038937-36419363-0,6.8,-23.49406675,-46.416063,,,,1,2023-06-19T16:11:42+00:00
SAO_263C-10,São Paulo,3550308,True,EMTU,252,https://moovitapp.com/index/pt-br/transporte_p%C3%BAblico-line-252-Sao_Paulo-242-2038937-36419363-0,6.8,-23.5142575,-46.4149265,,,,1,2023-06-19T16:11:28+00:00
SAO_263C-10,São Paulo,3550308,True,EMTU,252,https://moovitapp.com/index/pt-br/transporte_p%C3%BAblico-line-252-Sao_Paulo-242-2038937-36419363-0,6.8,-23.53939075,-46.4398695,,,,1,2023-06-19T16:11:06+00:00
SAO_263C-10,São Paulo,3550308,True,EMTU,252,https://moovitapp.com/index/pt-br/transporte_p%C3%BAblico-line-252-Sao_Paulo-242-2038937-36419363-0,6.8,-23.53967,-46.439659,,,,1,2023-06-19T16:11:00+00:00
SAO_263C-10,São Paulo,3550308,True,EMTU,252,https://moovitapp.com/index/pt-br/transporte_p%C3%BAblico-line-252-Sao_Paulo-242-2038937-36419363-0,6.8,-23.53967,-46.439659,,,,1,2023-06-19T16:11:39+00:00
SAO_263C-10,São Paulo,3550308,True,EMTU,252,https://moovitapp.com/index/pt-br/transporte_p%C3%BAblico-line-252-Sao_Paulo-242-2038937-36419363-0,6.8,-23.47851,-46.420145500000004,,,,1,2023-06-19T16:10:05+00:00
SAO_809P-10,São Paulo,3550308,True,,1891,,,-23.565956,-46.701803999999996,,,,1,2023-06-19T16:11:23+00:00
SAO_809P-10,São Paulo,3550308,True,,1891,,,-23.5663285,-46.696501749999996,,,,1,2023-06-19T16:11:26+00:00
SAO_809P-10,São Paulo,3550308,True,,1891,,,-23.616358750000003,-46.75709175,,,,1,2023-06-19T16:11:06+00:00
SAO_809P-10,São Paulo,3550308,True,,1891,,,-23.5662135,-46.701666,,,,1,2023-06-19T16:11:07+00:00
SAO_809P-10,São Paulo,3550308,True,,1891,,,-23.601923,-46.743632500000004,,,,1,2023-06-19T16:11:27+00:00
SAO_809P-10,São Paulo,3550308,True,,1891,,,-23.585697250000003,-46.721805,,,,1,2023-06-19T16:11:34+00:00
SAO_809P-10,São Paulo,3550308,True,,1891,,,-23.6310935,-46.773485,,,,1,2023-06-19T16:11:10+00:00
SAO_3390-10,São Paulo,3550308,True,,738,,,-23.598350500000002,-46.5219465,,,,1,2023-06-19T16:11:16+00:00
SAO_3390-10,São Paulo,3550308,True,,738,,,-23.551809,-46.6253425,,,,1,2023-06-19T16:11:13+00:00
SAO_3390-10,São Paulo,3550308,True,,738,,,-23.566839875,-46.600876375,,,,1,2023-06-19T16:11:17+00:00
SAO_3390-10,São Paulo,3550308,True,,738,,,-23.6123785,-46.482487,,,,1,2023-06-19T16:11:01+00:00
SAO_3390-10,São Paulo,3550308,True,,738,,,-23.612506,-46.479178,,,,1,2023-06-19T16:11:00+00:00
SAO_3390-10,São Paulo,3550308,True,,738,,,-23.6108685,-46.483658500000004,,,,1,2023-06-19T16:11:27+00:00
SAO_3390-10,São Paulo,3550308,True,,738,,,-23.612506,-46.479178,,,,1,2023-06-19T16:11:37+00:00
SAO_3390-10,São Paulo,3550308,True,,738,,,-23.580538125,-46.568613875000004,,,,1,2023-06-19T16:11:22+00:00
SAO_3390-10,São Paulo,3550308,True,,738,,,-23.612506,-46.479178,,,,1,2023-06-19T16:11:26+00:00
SAO_3027-10,São Paulo,3550308,True,,33731,,,-23.579131500000003,-46.481351000000004,,,,2,2023-06-19T16:11:26+00:00
SAO_3027-10,São Paulo,3550308,True,,33731,,,-23.543264,-46.415690999999995,,,,2,2023-06-19T16:11:06+00:00
SAO_3027-10,São Paulo,3550308,True,,33731,,,-23.543264,-46.415690999999995,,,,2,2023-06-19T16:11:21+00:00
SAO_3027-10,São Paulo,3550308,True,,33731,,,-23.5452045,-46.439573499999995,,,,2,2023-06-19T16:11:04+00:00
SAO_3027-10,São Paulo,3550308,True,,33731,,,-23.555333875000002,-46.45325075,,,,2,2023-06-19T16:11:44+00:00
SAO_273L-10,São Paulo,3550308,True,,32992,,,-23.5354645,-46.45407,,,,2,2023-06-19T16:11:41+00:00
SAO_273L-10,São Paulo,3550308,True,,32992,,,-23.539380375,-46.431489625,,,,2,2023-06-19T16:11:20+00:00
SAO_273L-10,São Paulo,3550308,True,,32992,,,-23.539111,-46.4313315,,,,2,2023-06-19T16:11:26+00:00
SAO_273L-10,São Paulo,3550308,True,,32992,,,-23.5118895,-46.4278865,,,,2,2023-06-19T16:11:39+00:00
SAO_273L-10,São Paulo,3550308,True,,32992,,,-23.539111,-46.4313315,,,,2,2023-06-19T16:11:31+00:00
SAO_273L-10,São Paulo,3550308,True,,32992,,,-23.522206500000003,-46.4433535,,,,2,2023-06-19T16:11:17+00:00
SAO_273L-10,São Paulo,3550308,True,,32992,,,-23.533029,-46.4163305,,,,2,2023-06-19T16:07:12+00:00
SAO_2079-10,São Paulo,3550308,True,,33138,,,-23.516789,-46.3843955,,,,2,2023-06-19T16:11:13+00:00
SAO_2079-10,São Paulo,3550308,True,,33138,,,-23.51013425,-46.384043250000005,,,,2,2023-06-19T16:10:50+00:00
SAO_3008-10,São Paulo,3550308,True,,2515,,,-23.494199000000002,-46.4010145,,,,1,2023-06-19T16:11:24+00:00
SAO_3008-10,São Paulo,3550308,True,,2515,,,-23.494181,-46.400715500000004,,,,1,2023-06-19T16:11:43+00:00
SAO_3008-10,São Paulo,3550308,True,,2515,,,-23.523511,-46.3964745,,,,1,2023-06-19T16:11:10+00:00
SAO_5175-10,São Paulo,3550308,True,,593,,,-23.66594225,-46.6769645,,,,1,2023-06-19T16:11:25+00:00
SAO_5175-10,São Paulo,3550308,True,,593,,,-23.561073999999998,-46.643897875,,,,1,2023-06-19T16:11:15+00:00
SAO_5175-10,São Paulo,3550308,True,,593,,,-23.6005265,-46.650816500000005,,,,1,2023-06-19T16:11:15+00:00
SAO_5175-10,São Paulo,3550308,True,,593,,,-23.702023,-46.645880000000005,,,,1,2023-06-19T16:11:03+00:00
SAO_5175-10,São Paulo,3550308,True,,593,,,-23.5868985,-46.652587499999996,,,,1,2023-06-19T16:08:10+00:00
SAO_5175-10,São Paulo,3550308,True,,593,,,-23.6876055,-46.640014,,,,1,2023-06-19T16:11:38+00:00
SAO_5175-10,São Paulo,3550308,True,,593,,,-23.551567,-46.635391,,,,1,2023-06-19T16:11:01+00:00
SAO_5175-10,São Paulo,3550308,True,,593,,,-23.568078999999997,-46.649365,,,,1,2023-06-19T16:11:07+00:00
SAO_5175-10,São Paulo,3550308,True,,593,,,-23.702312,-46.646406,,,,1,2023-06-19T16:11:39+00:00
SAO_5175-10,São Paulo,3550308,True,,593,,,-23.628353,-46.662602500000006,,,,1,2023-06-19T16:11:13+00:00
SAO_5175-10,São Paulo,3550308,True,,593,,,-23.68328975,-46.6434585,,,,1,2023-06-19T16:05:33+00:00
SAO_172U-10,São Paulo,3550308,True,,33628,,,-23.47860225,-46.607054250000004,,,,2,2023-06-19T16:11:45+00:00
SAO_172U-10,São Paulo,3550308,True,,33628,,,-23.436823500000003,-46.566249,,,,2,2023-06-19T16:11:21+00:00
SAO_172U-10,São Paulo,3550308,True,,33628,,,-23.43716675,-46.56625975,,,,2,2023-06-19T16:11:25+00:00
SAO_172U-10,São Paulo,3550308,True,,33628,,,-23.479325000000003,-46.609796,,,,2,2023-06-19T16:11:07+00:00
SAO_172U-10,São Paulo,3550308,True,,33628,,,-23.43987125,-46.578169,,,,2,2023-06-19T16:11:03+00:00
SAO_172U-10,São Paulo,3550308,True,,33628,,,-23.478996000000002,-46.6087695,,,,2,2023-06-19T16:11:18+00:00
SAO_172U-10,São Paulo,3550308,True,,33628,,,-23.486551499999997,-46.617423,,,,2,2023-06-19T16:11:20+00:00
SAO_172U-10,São Paulo,3550308,True,,33628,,,-23.43716675,-46.56625975,,,,2,2023-06-19T16:11:23+00:00
SAO_172U-10,São Paulo,3550308,True,,33628,,,-23.4403375,-46.57737,,,,2,2023-06-19T16:11:18+00:00
SAO_172U-10,São Paulo,3550308,True,,33628,,,-23.544562624999998,-46.605413625,,,,2,2023-06-19T16:11:30+00:00
SAO_172U-10,São Paulo,3550308,True,,33628,,,-23.5670565,-46.587355,,,,2,2023-06-19T16:11:12+00:00
SAO_172U-10,São Paulo,3550308,True,,33628,,,-23.543612375000002,-46.606077375,,,,2,2023-06-19T16:11:13+00:00
SAO_172U-10,São Paulo,3550308,True,,33628,,,-23.5304865,-46.625474999999994,,,,2,2023-06-19T16:11:02+00:00
SAO_172U-10,São Paulo,3550308,True,,33628,,,-23.436823500000003,-46.566249,,,,2,2023-06-19T16:11:04+00:00
SAO_2363-10,São Paulo,3550308,True,,32903,,,-23.498963500000002,-46.501861500000004,,,,2,2023-06-19T16:11:19+00:00
SAO_2363-10,São Paulo,3550308,True,,32903,,,-23.4987395,-46.50209475,,,,2,2023-06-19T16:11:23+00:00
SAO_2363-10,São Paulo,3550308,True,,32903,,,-23.5366255,-46.589150000000004,,,,2,2023-06-19T16:11:27+00:00
SAO_2363-10,São Paulo,3550308,True,,32903,,,-23.505264,-46.5189785,,,,2,2023-06-19T16:11:29+00:00
SAO_175T-10,São Paulo,3550308,True,,33391,,,-23.522062,-46.630351000000005,,,,2,2023-06-19T16:11:22+00:00
SAO_175T-10,São Paulo,3550308,True,,33391,,,-23.525817500000002,-46.630778,,,,2,2023-06-19T16:11:32+00:00
SAO_175T-10,São Paulo,3550308,True,,33391,,,-23.6539315,-46.637958,,,,2,2023-06-19T16:11:07+00:00
SAO_175T-10,São Paulo,3550308,True,,33391,,,-23.643620000000002,-46.6412465,,,,2,2023-06-19T16:11:20+00:00
SAO_175T-10,São Paulo,3550308,True,,33391,,,-23.636468999999998,-46.651253999999994,,,,2,2023-06-19T16:09:50+00:00
SAO_175T-10,São Paulo,3550308,True,,33391,,,-23.503131,-46.6242855,,,,2,2023-06-19T16:11:08+00:00
SAO_175T-10,São Paulo,3550308,True,,33391,,,-23.524200375,-46.630530125,,,,2,2023-06-19T16:11:32+00:00
SAO_175T-10,São Paulo,3550308,True,,33391,,,-23.6215100625,-46.6617719375,,,,2,2023-06-19T16:11:16+00:00
SAO_175T-10,São Paulo,3550308,True,,33391,,,-23.59499075,-46.6503635,,,,2,2023-06-19T16:11:16+00:00
SAO_175T-10,São Paulo,3550308,True,,33391,,,-23.5031265,-46.624462,,,,2,2023-06-19T16:11:34+00:00
SAO_847J-10,São Paulo,3550308,True,,34110,,,-23.555694,-46.74268,,,,2,2023-06-19T16:11:29+00:00
SAO_847J-10,São Paulo,3550308,True,,34110,,,-23.4570425,-46.7198635,,,,2,2023-06-19T16:11:01+00:00
SAO_847J-10,São Paulo,3550308,True,,34110,,,-23.5235945,-46.736900500000004,,,,2,2023-06-19T16:11:26+00:00
SAO_847J-10,São Paulo,3550308,True,,34110,,,-23.555694,-46.74268,,,,2,2023-06-19T16:11:06+00:00
SAO_637A-10,São Paulo,3550308,True,,32953,,,-23.567713500000004,-46.6992255,,,,2,2023-06-19T16:11:39+00:00
SAO_637A-10,São Paulo,3550308,True,,32953,,,-23.655951,-46.724301499999996,,,,2,2023-06-19T16:11:09+00:00
SAO_637A-10,São Paulo,3550308,True,,32953,,,-23.6908305,-46.774423999999996,,,,2,2023-06-19T16:11:33+00:00
SAO_637A-10,São Paulo,3550308,True,,32953,,,-23.61434825,-46.70116125,,,,2,2023-06-19T16:10:00+00:00
SAO_637A-10,São Paulo,3550308,True,,32953,,,-23.635371250000002,-46.72167025,,,,2,2023-06-19T16:11:05+00:00
SAO_637A-10,São Paulo,3550308,True,,32953,,,-23.5827655,-46.685970749999996,,,,2,2023-06-19T16:11:00+00:00
SAO_637A-10,São Paulo,3550308,True,,32953,,,-23.6901525,-46.774198999999996,,,,2,2023-06-19T16:11:21+00:00
SAO_637A-10,São Paulo,3550308,True,,32953,,,-23.683030000000002,-46.7687525,,,,2,2023-06-19T16:11:12+00:00
SAO_637A-10,São Paulo,3550308,True,,32953,,,-23.567010500000002,-46.7014225,,,,2,2023-06-19T16:11:10+00:00
SAO_637A-10,São Paulo,3550308,True,,32953,,,-23.659469875,-46.725195062500006,,,,2,2023-06-19T16:10:49+00:00
SAO_637A-10,São Paulo,3550308,True,,32953,,,-23.6905325,-46.774566500000006,,,,2,2023-06-19T16:11:37+00:00
SAO_637A-10,São Paulo,3550308,True,,32953,,,-23.6903555,-46.7743995,,,,2,2023-06-19T16:11:32+00:00
SAO_637A-10,São Paulo,3550308,True,,32953,,,-23.5673645,-46.693618,,,,2,2023-06-19T16:11:26+00:00
SAO_637A-10,São Paulo,3550308,True,,32953,,,-23.6901525,-46.774198999999996,,,,2,2023-06-19T16:11:27+00:00
SAO_637A-10,São Paulo,3550308,True,,32953,,,-23.5988295,-46.697057,,,,2,2023-06-19T16:11:33+00:00
SAO_637A-10,São Paulo,3550308,True,,32953,,,-23.677212500000003,-46.760749000000004,,,,2,2023-06-19T16:11:44+00:00
SAO_148P-10,São Paulo,3550308,True,,33302,,,-23.526346500000002,-46.6664785,,,,2,2023-06-19T16:11:33+00:00
SAO_148P-10,São Paulo,3550308,True,,33302,,,-23.4580515,-46.6428225,,,,2,2023-06-19T16:11:09+00:00
SAO_148P-10,São Paulo,3550308,True,,33302,,,-23.4877335,-46.664907,,,,2,2023-06-19T16:11:14+00:00
SAO_148P-10,São Paulo,3550308,True,,33302,,,-23.4601575,-46.648608499999995,,,,2,2023-06-19T16:11:39+00:00
SAO_148P-10,São Paulo,3550308,True,,33302,,,-23.458094,-46.642975500000006,,,,2,2023-06-19T16:11:09+00:00
SAO_148P-10,São Paulo,3550308,True,,33302,,,-23.4896855,-46.66565825,,,,2,2023-06-19T16:11:43+00:00
SAO_148P-10,São Paulo,3550308,True,,33302,,,-23.457892,-46.642534,,,,2,2023-06-19T16:11:38+00:00
SAO_148P-10,São Paulo,3550308,True,,33302,,,-23.5182635,-46.6536955,,,,2,2023-06-19T16:11:38+00:00
SAO_148P-10,São Paulo,3550308,True,,33302,,,-23.502616875,-46.6518685,,,,2,2023-06-19T16:11:11+00:00
SAO_148P-10,São Paulo,3550308,True,,33302,,,-23.471132,-46.665958,,,,2,2023-06-19T16:11:41+00:00
SAO_148P-10,São Paulo,3550308,True,,33302,,,-23.507559999999998,-46.6546575,,,,2,2023-06-19T16:11:30+00:00
SAO_148P-10,São Paulo,3550308,True,,33302,,,-23.461053,-46.649478,,,,2,2023-06-19T16:11:01+00:00
SAO_148P-10,São Paulo,3550308,True,,33302,,,-23.4744175,-46.666683,,,,2,2023-06-19T16:11:23+00:00
SAO_573H-10,São Paulo,3550308,True,,1630,,,-23.612686500000002,-46.4942695,,,,1,2023-06-19T16:11:39+00:00
SAO_573H-10,São Paulo,3550308,True,,1630,,,-23.584028,-46.5291755,,,,1,2023-06-19T16:11:18+00:00
SAO_573H-10,São Paulo,3550308,True,,1630,,,-23.6116475,-46.493727,,,,1,2023-06-19T16:11:02+00:00
SAO_573H-10,São Paulo,3550308,True,,1630,,,-23.599665,-46.501217,,,,1,2023-06-19T16:11:30+00:00
SAO_573H-10,São Paulo,3550308,True,,1630,,,-23.57339175,-46.55935425,,,,1,2023-06-19T16:11:39+00:00
SAO_573H-10,São Paulo,3550308,True,,1630,,,-23.546872999999998,-46.608591000000004,,,,1,2023-06-19T16:11:31+00:00
SAO_573H-10,São Paulo,3550308,True,,1630,,,-23.559037,-46.6036755,,,,1,2023-06-19T16:11:26+00:00
SAO_573H-10,São Paulo,3550308,True,,1630,,,-23.5762115,-46.572743,,,,1,2023-06-19T16:11:44+00:00
SAO_675P-10,São Paulo,3550308,True,,33043,,,-23.64198,-46.6442035,,,,2,2023-06-19T16:11:00+00:00
SAO_675P-10,São Paulo,3550308,True,,33043,,,-23.6772515,-46.701681,,,,2,2023-06-19T16:11:06+00:00
SAO_675P-10,São Paulo,3550308,True,,33043,,,-23.638283,-46.632395,,,,2,2023-06-19T16:11:35+00:00
SAO_675P-10,São Paulo,3550308,True,,33043,,,-23.647320999999998,-46.6706515,,,,2,2023-06-19T16:11:07+00:00
SAO_675P-10,São Paulo,3550308,True,,33043,,,-23.677098,-46.701800500000004,,,,2,2023-06-19T16:10:31+00:00
SAO_707K-10,São Paulo,3550308,True,,2503,,,-23.6425655,-46.66597025,,,,1,2023-06-19T16:11:24+00:00
SAO_707K-10,São Paulo,3550308,True,,2503,,,-23.647767,-46.6382935,,,,1,2023-06-19T16:11:40+00:00
SAO_707K-10,São Paulo,3550308,True,,2503,,,-23.662529,-46.706588499999995,,,,1,2023-06-19T16:11:20+00:00
SAO_172R-10,São Paulo,3550308,True,,33627,,,-23.514859,-46.586867749999996,,,,2,2023-06-19T16:11:06+00:00
SAO_172R-10,São Paulo,3550308,True,,33627,,,-23.47154175,-46.576872249999994,,,,2,2023-06-19T16:11:15+00:00
SAO_172R-10,São Paulo,3550308,True,,33627,,,-23.46643725,-46.584990250000004,,,,2,2023-06-19T16:11:38+00:00
SAO_172R-10,São Paulo,3550308,True,,33627,,,-23.5278855,-46.597172,,,,2,2023-06-19T16:11:21+00:00
SAO_172R-10,São Paulo,3550308,True,,33627,,,-23.465638499999997,-46.583501999999996,,,,2,2023-06-19T16:11:32+00:00
SAO_172R-10,São Paulo,3550308,True,,33627,,,-23.46643725,-46.584990250000004,,,,2,2023-06-19T16:11:06+00:00
SAO_172R-10,São Paulo,3550308,True,,33627,,,-23.4930575,-46.57384775,,,,2,2023-06-19T16:11:25+00:00
SAO_172R-10,São Paulo,3550308,True,,33627,,,-23.468979,-46.57748425,,,,2,2023-06-19T16:11:09+00:00
SAO_172R-10,São Paulo,3550308,True,,33627,,,-23.4662775,-46.584824,,,,2,2023-06-19T16:11:19+00:00
SAO_172R-10,São Paulo,3550308,True,,33627,,,-23.4660115,-46.5801615,,,,2,2023-06-19T16:08:36+00:00
SAO_172R-10,São Paulo,3550308,True,,33627,,,-23.465638499999997,-46.583501999999996,,,,2,2023-06-19T16:11:38+00:00
SAO_172R-10,São Paulo,3550308,True,,33627,,,-23.46643725,-46.584990250000004,,,,2,2023-06-19T16:11:21+00:00
SAO_172R-10,São Paulo,3550308,True,,33627,,,-23.465638499999997,-46.583501999999996,,,,2,2023-06-19T16:11:36+00:00
SAO_172R-10,São Paulo,3550308,True,,33627,,,-23.465826,-46.583746000000005,,,,2,2023-06-19T16:11:39+00:00
SAO_172R-10,São Paulo,3550308,True,,33627,,,-23.541069625,-46.592754,,,,2,2023-06-19T16:10:43+00:00
SAO_172R-10,São Paulo,3550308,True,,33627,,,-23.48447975,-46.569690249999994,,,,2,2023-06-19T16:10:46+00:00
SAO_172R-10,São Paulo,3550308,True,,33627,,,-23.507701500000003,-46.578309000000004,,,,2,2023-06-19T16:11:37+00:00
SAO_172R-10,São Paulo,3550308,True,,33627,,,-23.46643725,-46.584990250000004,,,,2,2023-06-19T16:11:32+00:00
SAO_208V-10,São Paulo,3550308,True,,32975,,,-23.518861,-46.475532,,,,2,2023-06-19T16:11:39+00:00
SAO_208V-10,São Paulo,3550308,True,,32975,,,-23.5476865,-46.6292585,,,,2,2023-06-19T16:11:37+00:00
SAO_208V-10,São Paulo,3550308,True,,32975,,,-23.521459,-46.528273999999996,,,,2,2023-06-19T16:11:29+00:00
SAO_208V-10,São Paulo,3550308,True,,32975,,,-23.5476865,-46.6292585,,,,2,2023-06-19T16:11:16+00:00
SAO_208V-10,São Paulo,3550308,True,,32975,,,-23.518321,-46.475637,,,,2,2023-06-19T16:11:33+00:00
SAO_208V-10,São Paulo,3550308,True,,32975,,,-23.543221375,-46.61705175,,,,2,2023-06-19T16:11:21+00:00
SAO_208V-10,São Paulo,3550308,True,,32975,,,-23.5246445,-46.549759375,,,,2,2023-06-19T16:11:09+00:00
SAO_208V-10,São Paulo,3550308,True,,32975,,,-23.5476865,-46.6292585,,,,2,2023-06-19T16:11:18+00:00
SAO_208V-10,São Paulo,3550308,True,,32975,,,-23.517572,-46.475783,,,,2,2023-06-19T16:11:38+00:00
SAO_208V-10,São Paulo,3550308,True,,32975,,,-23.514777000000002,-46.4974455,,,,2,2023-06-19T16:11:31+00:00
SAO_208V-10,São Paulo,3550308,True,,32975,,,-23.517678,-46.475762,,,,2,2023-06-19T16:11:28+00:00
SAO_208V-10,São Paulo,3550308,True,,32975,,,-23.5178825,-46.475722000000005,,,,2,2023-06-19T16:11:41+00:00
SAO_208V-10,São Paulo,3550308,True,,32975,,,-23.5372925,-46.5948205,,,,2,2023-06-19T16:11:12+00:00
SAO_605A-10,São Paulo,3550308,True,,35290,,,-23.6494365,-46.6320625,,,,2,2023-06-19T16:11:17+00:00
SAO_605A-10,São Paulo,3550308,True,,35290,,,-23.6495975,-46.632069,,,,2,2023-06-19T16:11:39+00:00
SAO_7052-10,São Paulo,3550308,True,,34654,,,-23.652754,-46.773064500000004,,,,2,2023-06-19T16:11:07+00:00
SAO_7052-10,São Paulo,3550308,True,,34654,,,-23.6525575,-46.773193,,,,2,2023-06-19T16:11:23+00:00
SAO_7052-10,São Paulo,3550308,True,,34654,,,-23.653421,-46.773264999999995,,,,2,2023-06-19T16:11:28+00:00
SAO_7052-10,São Paulo,3550308,True,,34654,,,-23.631475000000002,-46.77217,,,,2,2023-06-19T16:11:37+00:00
SAO_3736-10,São Paulo,3550308,True,,33804,,,-23.560561,-46.474434,,,,2,2023-06-19T16:11:28+00:00
SAO_3736-10,São Paulo,3550308,True,,33804,,,-23.575811875000003,-46.481615875,,,,2,2023-06-19T16:11:11+00:00
SAO_3736-10,São Paulo,3550308,True,,33804,,,-23.54069575,-46.486464,,,,2,2023-06-19T16:11:11+00:00
SAO_3736-10,São Paulo,3550308,True,,33804,,,-23.5758665,-46.4834185,,,,2,2023-06-19T16:11:26+00:00
SAO_3736-10,São Paulo,3550308,True,,33804,,,-23.5761605,-46.48341425,,,,2,2023-06-19T16:11:29+00:00
SAO_3736-10,São Paulo,3550308,True,,33804,,,-23.5504155,-46.481447,,,,2,2023-06-19T16:11:28+00:00
SAO_8072-10,São Paulo,3550308,True,,34847,,,-23.643324,-46.763181,,,,2,2023-06-19T16:11:14+00:00
SAO_8072-10,São Paulo,3550308,True,,34847,,,-23.62388025,-46.76489825,,,,2,2023-06-19T16:11:30+00:00
SAO_8072-10,São Paulo,3550308,True,,34847,,,-23.61547325,-46.756547,,,,2,2023-06-19T16:11:18+00:00
SAO_8072-10,São Paulo,3550308,True,,34847,,,-23.623814,-46.764752,,,,2,2023-06-19T16:11:35+00:00
SAO_8072-10,São Paulo,3550308,True,,34847,,,-23.6423545,-46.7659975,,,,2,2023-06-19T16:11:31+00:00
SAO_8072-10,São Paulo,3550308,True,,34847,,,-23.5857665,-46.723943,,,,2,2023-06-19T16:11:01+00:00
SAO_8072-10,São Paulo,3550308,True,,34847,,,-23.5857665,-46.723943,,,,2,2023-06-19T16:11:08+00:00
SAO_8072-10,São Paulo,3550308,True,,34847,,,-23.600198,-46.747525499999995,,,,2,2023-06-19T16:11:33+00:00
SAO_3722-10,São Paulo,3550308,True,,1020,,,-23.54100375,-46.439520875,,,,1,2023-06-19T16:11:07+00:00
SAO_3722-10,São Paulo,3550308,True,,1020,,,-23.553039,-46.493202,,,,1,2023-06-19T16:11:05+00:00
SAO_6041-10,São Paulo,3550308,True,,1218,,,-23.65436375,-46.760079499999996,,,,1,2023-06-19T16:11:25+00:00
SAO_6041-10,São Paulo,3550308,True,,1218,,,-23.644886,-46.71169475,,,,1,2023-06-19T16:11:11+00:00
SAO_6041-10,São Paulo,3550308,True,,1218,,,-23.644008499999998,-46.732204,,,,1,2023-06-19T16:11:42+00:00
SAO_6041-10,São Paulo,3550308,True,,1218,,,-23.676056,-46.774791,,,,1,2023-06-19T16:11:42+00:00
SAO_6041-10,São Paulo,3550308,True,,1218,,,-23.690493500000002,-46.780443,,,,1,2023-06-19T16:11:06+00:00
SAO_6041-10,São Paulo,3550308,True,,1218,,,-23.65217175,-46.708138,,,,1,2023-06-19T16:11:18+00:00
SAO_6041-10,São Paulo,3550308,True,,1218,,,-23.690493500000002,-46.780443,,,,1,2023-06-19T16:11:31+00:00
SAO_390E-10,São Paulo,3550308,True,,1882,,,-23.5461575,-46.6309005,,,,1,2023-06-19T16:11:39+00:00
SAO_390E-10,São Paulo,3550308,True,,1882,,,-23.54192725,-46.61494925,,,,1,2023-06-19T16:11:10+00:00
SAO_390E-10,São Paulo,3550308,True,,1882,,,-23.518709,-46.546899499999995,,,,1,2023-06-19T16:11:32+00:00
SAO_390E-10,São Paulo,3550308,True,,1882,,,-23.5338415,-46.566401,,,,1,2023-06-19T16:11:30+00:00
SAO_1787-10,São Paulo,3550308,True,,33418,,,-23.4511155,-46.62305775,,,,2,2023-06-19T16:11:39+00:00
SAO_1787-10,São Paulo,3550308,True,,33418,,,-23.4511155,-46.62305775,,,,2,2023-06-19T16:11:02+00:00
SAO_1787-10,São Paulo,3550308,True,,33418,,,-23.479927,-46.621963,,,,2,2023-06-19T16:10:08+00:00
SAO_1787-10,São Paulo,3550308,True,,33418,,,-23.451676,-46.6229,,,,2,2023-06-19T16:11:32+00:00
SAO_7053-10,São Paulo,3550308,True,,34655,,,-23.654055,-46.78842275,,,,2,2023-06-19T16:11:12+00:00
SAO_7053-10,São Paulo,3550308,True,,34655,,,-23.653941000000003,-46.78870825,,,,2,2023-06-19T16:11:37+00:00
SAO_7053-10,São Paulo,3550308,True,,34655,,,-23.653941000000003,-46.78870825,,,,2,2023-06-19T16:11:40+00:00
SAO_7053-10,São Paulo,3550308,True,,34655,,,-23.649015,-46.791529499999996,,,,2,2023-06-19T16:11:08+00:00
SAO_7053-10,São Paulo,3550308,True,,34655,,,-23.6315095,-46.772093,,,,2,2023-06-19T16:11:33+00:00
SAO_8677-10,São Paulo,3550308,True,,33211,,,-23.487158,-46.732116000000005,,,,2,2023-06-19T16:11:32+00:00
SAO_8677-10,São Paulo,3550308,True,,33211,,,-23.487158,-46.732116000000005,,,,2,2023-06-19T16:11:40+00:00
SAO_8677-10,São Paulo,3550308,True,,33211,,,-23.4910855,-46.75893,,,,2,2023-06-19T16:11:17+00:00
SAO_8677-10,São Paulo,3550308,True,,33211,,,-23.5331495,-46.65650675,,,,2,2023-06-19T16:11:28+00:00
SAO_8677-10,São Paulo,3550308,True,,33211,,,-23.5429835,-46.6376015,,,,2,2023-06-19T16:11:40+00:00
SAO_8677-10,São Paulo,3550308,True,,33211,,,-23.487239000000002,-46.7323545,,,,2,2023-06-19T16:11:04+00:00
SAO_8677-10,São Paulo,3550308,True,,33211,,,-23.5198465,-46.722371,,,,2,2023-06-19T16:11:15+00:00
SAO_8677-10,São Paulo,3550308,True,,33211,,,-23.487316,-46.7325825,,,,2,2023-06-19T16:11:13+00:00
SAO_8677-10,São Paulo,3550308,True,,33211,,,-23.48594,-46.7465,,,,2,2023-06-19T16:11:21+00:00
SAO_3731-10,São Paulo,3550308,True,,1028,,,-23.54011525,-46.51618425,,,,1,2023-06-19T16:11:17+00:00
SAO_3731-10,São Paulo,3550308,True,,1028,,,-23.563361999999998,-46.5018435,,,,1,2023-06-19T16:11:23+00:00
SAO_3731-10,São Paulo,3550308,True,,1028,,,-23.55075525,-46.513501624999996,,,,1,2023-06-19T16:11:15+00:00
SAO_3731-10,São Paulo,3550308,True,,1028,,,-23.54011525,-46.51618425,,,,1,2023-06-19T16:11:27+00:00
SAO_3731-10,São Paulo,3550308,True,,1028,,,-23.539874,-46.516463,,,,1,2023-06-19T16:11:20+00:00
SAO_3731-10,São Paulo,3550308,True,,1028,,,-23.531969,-46.523044999999996,,,,1,2023-06-19T16:11:41+00:00
SAO_3731-10,São Paulo,3550308,True,,1028,,,-23.551598125,-46.515414625,,,,1,2023-06-19T16:11:15+00:00
SAO_3731-10,São Paulo,3550308,True,,1028,,,-23.531409,-46.529441,,,,1,2023-06-19T16:11:19+00:00
SAO_6815-10,São Paulo,3550308,True,,32793,,,-23.6758025,-46.783198,,,,2,2023-06-19T16:11:22+00:00
SAO_6815-10,São Paulo,3550308,True,,32793,,,-23.6603265,-46.7674475,,,,2,2023-06-19T16:11:19+00:00
SAO_6815-10,São Paulo,3550308,True,,32793,,,-23.6758025,-46.783198,,,,2,2023-06-19T16:11:27+00:00
SAO_8300-10,São Paulo,3550308,True,,34032,,,-23.520215999999998,-46.700196000000005,,,,2,2023-06-19T16:11:33+00:00
SAO_8300-10,São Paulo,3550308,True,,34032,,,-23.5168675,-46.6987555,,,,2,2023-06-19T16:11:43+00:00
SAO_3098-10,São Paulo,3550308,True,,33846,,,-23.63146325,-46.456264,,,,2,2023-06-19T16:11:23+00:00
SAO_3098-10,São Paulo,3550308,True,,33846,,,-23.6347545,-46.4624735,,,,2,2023-06-19T16:11:07+00:00
SAO_3098-10,São Paulo,3550308,True,,33846,,,-23.63146325,-46.456264,,,,2,2023-06-19T16:11:45+00:00
SAO_3098-10,São Paulo,3550308,True,,33846,,,-23.63146325,-46.456264,,,,2,2023-06-19T16:11:40+00:00
SAO_3098-10,São Paulo,3550308,True,,33846,,,-23.631781750000002,-46.45626,,,,2,2023-06-19T16:11:27+00:00
SAO_3098-10,São Paulo,3550308,True,,33846,,,-23.619855,-46.467807,,,,2,2023-06-19T16:11:01+00:00
SAO_3098-10,São Paulo,3550308,True,,33846,,,-23.60958175,-46.477186,,,,2,2023-06-19T16:11:04+00:00
SAO_3098-10,São Paulo,3550308,True,,33846,,,-23.5968595,-46.487162,,,,2,2023-06-19T16:11:02+00:00
SAO_3098-10,São Paulo,3550308,True,,33846,,,-23.5670735,-46.5069455,,,,2,2023-06-19T16:11:39+00:00
SAO_1015-10,São Paulo,3550308,True,,2230,,,-23.4324985,-46.7870395,,,,1,2023-06-19T16:11:27+00:00
SAO_1015-10,São Paulo,3550308,True,,2230,,,-23.4164075,-46.805996,,,,1,2023-06-19T16:11:41+00:00
SAO_1015-10,São Paulo,3550308,True,,2230,,,-23.4324985,-46.7870395,,,,1,2023-06-19T16:11:30+00:00
SAO_407G-10,São Paulo,3550308,True,,2196,,,-23.545832250000004,-46.528071499999996,,,,1,2023-06-19T16:11:12+00:00
SAO_407G-10,São Paulo,3550308,True,,2196,,,-23.57354,-46.503673500000005,,,,1,2023-06-19T16:11:23+00:00
SAO_407G-10,São Paulo,3550308,True,,2196,,,-23.5386545,-46.565125,,,,1,2023-06-19T16:11:41+00:00
SAO_407G-10,São Paulo,3550308,True,,2196,,,-23.619007500000002,-46.4611195,,,,1,2023-06-19T16:11:39+00:00
SAO_407G-10,São Paulo,3550308,True,,2196,,,-23.611635,-46.433651,,,,1,2023-06-19T16:11:11+00:00
SAO_407G-10,São Paulo,3550308,True,,2196,,,-23.6084665,-46.4349565,,,,1,2023-06-19T16:11:26+00:00
SAO_407G-10,São Paulo,3550308,True,,2196,,,-23.5384935,-46.5633695,,,,1,2023-06-19T16:11:41+00:00
SAO_407G-10,São Paulo,3550308,True,,2196,,,-23.611837,-46.4334745,,,,1,2023-06-19T16:11:07+00:00
SAO_407G-10,São Paulo,3550308,True,,2196,,,-23.616336,-46.461457,,,,1,2023-06-19T16:11:12+00:00
SAO_407G-10,São Paulo,3550308,True,,2196,,,-23.603975,-46.4813555,,,,1,2023-06-19T16:11:07+00:00
SAO_407G-10,São Paulo,3550308,True,,2196,,,-23.611837,-46.4334745,,,,1,2023-06-19T16:11:03+00:00
SAO_407G-10,São Paulo,3550308,True,,2196,,,-23.5386545,-46.565125,,,,1,2023-06-19T16:11:27+00:00
SAO_408A-10,São Paulo,3550308,True,,766,,,-23.579777,-46.632999,,,,1,2023-06-19T16:11:37+00:00
SAO_408A-10,São Paulo,3550308,True,,766,,,-23.5440265,-46.67212325,,,,1,2023-06-19T16:11:43+00:00
SAO_408A-10,São Paulo,3550308,True,,766,,,-23.546399375,-46.6381465,,,,1,2023-06-19T16:11:18+00:00
SAO_408A-10,São Paulo,3550308,True,,766,,,-23.5658475,-46.632071499999995,,,,1,2023-06-19T16:11:23+00:00
SAO_408A-10,São Paulo,3550308,True,,766,,,-23.578774250000002,-46.633655000000005,,,,1,2023-06-19T16:11:33+00:00
SAO_408A-10,São Paulo,3550308,True,,766,,,-23.543815625,-46.647546625000004,,,,1,2023-06-19T16:11:04+00:00
SAO_6003-10,São Paulo,3550308,True,,1472,,,-23.7551895,-46.712773,,,,1,2023-06-19T16:11:35+00:00
SAO_6003-10,São Paulo,3550308,True,,1472,,,-23.7667585,-46.71704,,,,1,2023-06-19T16:11:28+00:00
SAO_6003-10,São Paulo,3550308,True,,1472,,,-23.73404675,-46.696197,,,,1,2023-06-19T16:11:42+00:00
SAO_5018-10,São Paulo,3550308,True,,1492,,,-23.691074,-46.6705345,,,,1,2023-06-19T16:11:41+00:00
SAO_5018-10,São Paulo,3550308,True,,1492,,,-23.675069,-46.673212,,,,1,2023-06-19T16:11:12+00:00
SAO_5018-10,São Paulo,3550308,True,,1492,,,-23.673924937500004,-46.67684456250001,,,,1,2023-06-19T16:11:36+00:00
SAO_5018-10,São Paulo,3550308,True,,1492,,,-23.68386925,-46.645683,,,,1,2023-06-19T16:10:31+00:00
SAO_2016-10,São Paulo,3550308,True,,902,,,-23.494988499999998,-46.3906405,,,,1,2023-06-19T16:11:11+00:00
SAO_2016-10,São Paulo,3550308,True,,902,,,-23.495415,-46.404151,,,,1,2023-06-19T16:11:42+00:00
SAO_2016-10,São Paulo,3550308,True,,902,,,-23.496955,-46.437329,,,,1,2023-06-19T16:11:18+00:00
SAO_2016-10,São Paulo,3550308,True,,902,,,-23.502699,-46.375811,,,,1,2023-06-19T16:11:38+00:00
SAO_875C-10,São Paulo,3550308,True,EMTU,478,https://moovitapp.com/index/pt-br/transporte_p%C3%BAblico-line-478-Sao_Paulo-242-2038937-36419510-0,6.25,-23.556625375,-46.698709125,,,,1,2023-06-19T16:11:38+00:00
SAO_875C-10,São Paulo,3550308,True,EMTU,478,https://moovitapp.com/index/pt-br/transporte_p%C3%BAblico-line-478-Sao_Paulo-242-2038937-36419510-0,6.25,-23.6018945,-46.654488,,,,1,2023-06-19T16:11:18+00:00
SAO_875C-10,São Paulo,3550308,True,EMTU,478,https://moovitapp.com/index/pt-br/transporte_p%C3%BAblico-line-478-Sao_Paulo-242-2038937-36419510-0,6.25,-23.57392075,-46.689063625,,,,1,2023-06-19T16:11:25+00:00
SAO_875C-10,São Paulo,3550308,True,EMTU,478,https://moovitapp.com/index/pt-br/transporte_p%C3%BAblico-line-478-Sao_Paulo-242-2038937-36419510-0,6.25,-23.576913500000003,-46.68722325,,,,1,2023-06-19T16:11:10+00:00
SAO_875C-10,São Paulo,3550308,True,EMTU,478,https://moovitapp.com/index/pt-br/transporte_p%C3%BAblico-line-478-Sao_Paulo-242-2038937-36419510-0,6.25,-23.598951,-46.637217,,,,1,2023-06-19T16:11:25+00:00
SAO_875C-10,São Paulo,3550308,True,EMTU,478,https://moovitapp.com/index/pt-br/transporte_p%C3%BAblico-line-478-Sao_Paulo-242-2038937-36419510-0,6.25,-23.5972855,-46.640640250000004,,,,1,2023-06-19T16:11:08+00:00
SAO_875C-10,São Paulo,3550308,True,EMTU,478,https://moovitapp.com/index/pt-br/transporte_p%C3%BAblico-line-478-Sao_Paulo-242-2038937-36419510-0,6.25,-23.5316745,-46.7126125,,,,1,2023-06-19T16:11:04+00:00
SAO_875C-10,São Paulo,3550308,True,EMTU,478,https://moovitapp.com/index/pt-br/transporte_p%C3%BAblico-line-478-Sao_Paulo-242-2038937-36419510-0,6.25,-23.52012,-46.6994665,,,,1,2023-06-19T16:11:40+00:00
SAO_875C-10,São Paulo,3550308,True,EMTU,478,https://moovitapp.com/index/pt-br/transporte_p%C3%BAblico-line-478-Sao_Paulo-242-2038937-36419510-0,6.25,-23.59659775,-46.64867662499999,,,,1,2023-06-19T16:11:03+00:00
SAO_637V-10,São Paulo,3550308,True,EMTU,104,https://moovitapp.com/index/pt-br/transporte_p%C3%BAblico-line-104-Sao_Paulo-242-2038937-36419267-0,5.1,-23.7212885,-46.688989500000005,,,,1,2023-06-19T16:11:25+00:00
SAO_637V-10,São Paulo,3550308,True,EMTU,104,https://moovitapp.com/index/pt-br/transporte_p%C3%BAblico-line-104-Sao_Paulo-242-2038937-36419267-0,5.1,-23.690565,-46.701522999999995,,,,1,2023-06-19T16:11:44+00:00
SAO_637V-10,São Paulo,3550308,True,EMTU,104,https://moovitapp.com/index/pt-br/transporte_p%C3%BAblico-line-104-Sao_Paulo-242-2038937-36419267-0,5.1,-23.6669665,-46.7119285,,,,1,2023-06-19T16:11:11+00:00
SAO_9785-10,São Paulo,3550308,True,,828,,,-23.485774,-46.687580999999994,,,,1,2023-06-19T16:11:25+00:00
SAO_9785-10,São Paulo,3550308,True,,828,,,-23.5049275,-46.689317,,,,1,2023-06-19T16:11:38+00:00
SAO_9785-10,São Paulo,3550308,True,,828,,,-23.47078,-46.692370999999994,,,,1,2023-06-19T16:11:18+00:00
SAO_9785-10,São Paulo,3550308,True,,828,,,-23.5253905,-46.6714775,,,,1,2023-06-19T16:11:30+00:00
SAO_9090-10,São Paulo,3550308,True,,33652,,,-23.462373499999998,-46.676422,,,,2,2023-06-19T16:11:18+00:00
SAO_9090-10,São Paulo,3550308,True,,33652,,,-23.47766575,-46.6727745,,,,2,2023-06-19T16:11:35+00:00
SAO_9090-10,São Paulo,3550308,True,,33652,,,-23.462843874999997,-46.676674625000004,,,,2,2023-06-19T16:11:10+00:00
SAO_9090-10,São Paulo,3550308,True,,33652,,,-23.462843874999997,-46.676674625000004,,,,2,2023-06-19T16:11:27+00:00
SAO_233C-10,São Paulo,3550308,True,,32923,,,-23.5257245,-46.474695749999995,,,,2,2023-06-19T16:11:01+00:00
SAO_233C-10,São Paulo,3550308,True,,32923,,,-23.56305875,-46.549729,,,,2,2023-06-19T16:11:15+00:00
SAO_233C-10,São Paulo,3550308,True,,32923,,,-23.5239575,-46.475024250000004,,,,2,2023-06-19T16:11:19+00:00
SAO_233C-10,São Paulo,3550308,True,,32923,,,-23.518619375,-46.475986625,,,,2,2023-06-19T16:11:03+00:00
SAO_233C-10,São Paulo,3550308,True,,32923,,,-23.5354885,-46.474587,,,,2,2023-06-19T16:11:37+00:00
SAO_233C-10,São Paulo,3550308,True,,32923,,,-23.518619375,-46.475986625,,,,2,2023-06-19T16:11:08+00:00
SAO_6034-10,São Paulo,3550308,True,,32863,,,-23.753507,-46.6862175,,,,2,2023-06-19T16:11:06+00:00
SAO_6034-10,São Paulo,3550308,True,,32863,,,-23.747656499999998,-46.6691325,,,,2,2023-06-19T16:11:45+00:00
SAO_6034-10,São Paulo,3550308,True,,32863,,,-23.7450435,-46.667193499999996,,,,2,2023-06-19T16:11:39+00:00
SAO_6034-10,São Paulo,3550308,True,,32863,,,-23.747656499999998,-46.6691325,,,,2,2023-06-19T16:11:28+00:00
SAO_6034-10,São Paulo,3550308,True,,32863,,,-23.747656499999998,-46.6691325,,,,2,2023-06-19T16:11:35+00:00
SAO_6034-10,São Paulo,3550308,True,,32863,,,-23.737362,-46.6973265,,,,2,2023-06-19T16:11:09+00:00
SAO_5145-10,São Paulo,3550308,True,,34409,,,-23.6139405,-46.501206499999995,,,,2,2023-06-19T16:11:07+00:00
SAO_5145-10,São Paulo,3550308,True,,34409,,,-23.5850175,-46.5895645,,,,2,2023-06-19T16:11:15+00:00
SAO_5145-10,São Paulo,3550308,True,,34409,,,-23.588356,-46.511075,,,,2,2023-06-19T16:11:28+00:00
SAO_5145-10,São Paulo,3550308,True,,34409,,,-23.557351,-46.634100000000004,,,,2,2023-06-19T16:11:01+00:00
SAO_2707-10,São Paulo,3550308,True,,919,,,-23.525353,-46.4059125,,,,1,2023-06-19T16:11:26+00:00
SAO_2707-10,São Paulo,3550308,True,,919,,,-23.5424075,-46.470879499999995,,,,1,2023-06-19T16:06:22+00:00
SAO_2707-10,São Paulo,3550308,True,,919,,,-23.525353,-46.4059125,,,,1,2023-06-19T16:08:07+00:00
SAO_2707-10,São Paulo,3550308,True,,919,,,-23.525353,-46.4059125,,,,1,2023-06-19T16:11:02+00:00
SAO_2707-10,São Paulo,3550308,True,,919,,,-23.525353,-46.4059125,,,,1,2023-06-19T16:11:38+00:00
SAO_2707-10,São Paulo,3550308,True,,919,,,-23.536491,-46.403831749999995,,,,1,2023-06-19T16:11:21+00:00
SAO_2060-10,São Paulo,3550308,True,,32902,,,-23.519428875000003,-46.475841124999995,,,,2,2023-06-19T16:11:09+00:00
SAO_2060-10,São Paulo,3550308,True,,32902,,,-23.528633125,-46.465623750000006,,,,2,2023-06-19T16:11:10+00:00
SAO_3134-10,São Paulo,3550308,True,,993,,,-23.5765035,-46.5159505,,,,1,2023-06-19T16:11:09+00:00
SAO_3134-10,São Paulo,3550308,True,,993,,,-23.584286,-46.5815445,,,,1,2023-06-19T16:11:33+00:00
SAO_3134-10,São Paulo,3550308,True,,993,,,-23.591265999999997,-46.589035499999994,,,,1,2023-06-19T16:11:01+00:00
SAO_3134-10,São Paulo,3550308,True,,993,,,-23.57389375,-46.557759250000004,,,,1,2023-06-19T16:11:17+00:00
SAO_3134-10,São Paulo,3550308,True,,993,,,-23.57922,-46.5407985,,,,1,2023-06-19T16:11:20+00:00
SAO_1756-10,São Paulo,3550308,True,,33315,,,-23.4580645,-46.6433105,,,,2,2023-06-19T16:11:32+00:00
SAO_1756-10,São Paulo,3550308,True,,33315,,,-23.458094,-46.642975500000006,,,,2,2023-06-19T16:11:15+00:00
SAO_1756-10,São Paulo,3550308,True,,33315,,,-23.4580645,-46.6433105,,,,2,2023-06-19T16:11:28+00:00
SAO_1756-10,São Paulo,3550308,True,,33315,,,-23.464495499999998,-46.65211625,,,,2,2023-06-19T16:11:15+00:00
SAO_1756-10,São Paulo,3550308,True,,33315,,,-23.4580515,-46.6428225,,,,2,2023-06-19T16:11:01+00:00
SAO_1756-10,São Paulo,3550308,True,,33315,,,-23.4967865,-46.627801000000005,,,,2,2023-06-19T16:11:21+00:00
SAO_2025-10,São Paulo,3550308,True,,35035,,,-23.4566865,-46.5848185,,,,2,2023-06-19T16:11:23+00:00
SAO_2025-10,São Paulo,3550308,True,,35035,,,-23.4507355,-46.57235675,,,,2,2023-06-19T16:11:35+00:00
SAO_2025-10,São Paulo,3550308,True,,35035,,,-23.48756325,-46.6090005,,,,2,2023-06-19T16:10:26+00:00
SAO_2025-10,São Paulo,3550308,True,,35035,,,-23.502243999999997,-46.623825,,,,2,2023-06-19T16:11:03+00:00
SAO_2025-10,São Paulo,3550308,True,,35035,,,-23.502243999999997,-46.623825,,,,2,2023-06-19T16:11:29+00:00
SAO_2025-10,São Paulo,3550308,True,,35035,,,-23.502243999999997,-46.623825,,,,2,2023-06-19T16:11:33+00:00
SAO_2025-10,São Paulo,3550308,True,,35035,,,-23.4509685,-46.57224025,,,,2,2023-06-19T16:11:00+00:00
SAO_2025-10,São Paulo,3550308,True,,35035,,,-23.463863250000003,-46.5837095,,,,2,2023-06-19T16:11:32+00:00
SAO_4310-10,São Paulo,3550308,True,,2160,,,-23.545452,-46.6311485,,,,1,2023-06-19T16:11:31+00:00
SAO_4310-10,São Paulo,3550308,True,,2160,,,-23.535216,-46.4541105,,,,1,2023-06-19T16:11:13+00:00
SAO_4310-10,São Paulo,3550308,True,,2160,,,-23.5276195,-46.509358500000005,,,,1,2023-06-19T16:11:22+00:00
SAO_4310-10,São Paulo,3550308,True,,2160,,,-23.535216,-46.4541105,,,,1,2023-06-19T16:11:23+00:00
SAO_4310-10,São Paulo,3550308,True,,2160,,,-23.5310955,-46.502114750000004,,,,1,2023-06-19T16:11:27+00:00
SAO_4310-10,São Paulo,3550308,True,,2160,,,-23.545828,-46.6312175,,,,1,2023-06-19T16:11:02+00:00
SAO_4310-10,São Paulo,3550308,True,,2160,,,-23.547027,-46.630752,,,,1,2023-06-19T16:11:10+00:00
SAO_4310-10,São Paulo,3550308,True,,2160,,,-23.5394575,-46.458197999999996,,,,1,2023-06-19T16:11:02+00:00
SAO_4310-10,São Paulo,3550308,True,,2160,,,-23.547148999999997,-46.6306685,,,,1,2023-06-19T16:11:18+00:00
SAO_4310-10,São Paulo,3550308,True,,2160,,,-23.54324275,-46.58892125,,,,1,2023-06-19T16:11:39+00:00
SAO_4310-10,São Paulo,3550308,True,,2160,,,-23.5343295,-46.545606875,,,,1,2023-06-19T16:11:38+00:00
SAO_4310-10,São Paulo,3550308,True,,2160,,,-23.532190999999997,-46.528237,,,,1,2023-06-19T16:11:30+00:00
SAO_4310-10,São Paulo,3550308,True,,2160,,,-23.538235,-46.565107499999996,,,,1,2023-06-19T16:11:12+00:00
SAO_4310-10,São Paulo,3550308,True,,2160,,,-23.535216,-46.4541105,,,,1,2023-06-19T16:10:48+00:00
SAO_4310-10,São Paulo,3550308,True,,2160,,,-23.534413,-46.4526755,,,,1,2023-06-19T16:11:04+00:00
SAO_4310-10,São Paulo,3550308,True,,2160,,,-23.535216,-46.4541105,,,,1,2023-06-19T16:11:25+00:00
SAO_4310-10,São Paulo,3550308,True,,2160,,,-23.535216,-46.4541105,,,,1,2023-06-19T16:10:58+00:00
SAO_3462-10,São Paulo,3550308,True,,33015,,,-23.532367,-46.45353425,,,,2,2023-06-19T16:11:28+00:00
SAO_3462-10,São Paulo,3550308,True,,33015,,,-23.527654749999996,-46.4550565,,,,2,2023-06-19T16:11:35+00:00
SAO_3462-10,São Paulo,3550308,True,,33015,,,-23.524079375,-46.4759915,,,,2,2023-06-19T16:11:37+00:00
SAO_3462-10,São Paulo,3550308,True,,33015,,,-23.527414,-46.4551295,,,,2,2023-06-19T16:11:38+00:00
SAO_3462-10,São Paulo,3550308,True,,33015,,,-23.529364,-46.527473,,,,2,2023-06-19T16:11:02+00:00
SAO_6116-10,São Paulo,3550308,True,,1186,,,-23.753598500000003,-46.686612999999994,,,,1,2023-06-19T16:11:44+00:00
SAO_6116-10,São Paulo,3550308,True,,1186,,,-23.755032999999997,-46.6613305,,,,1,2023-06-19T16:11:06+00:00
SAO_6116-10,São Paulo,3550308,True,,1186,,,-23.7345775,-46.694962000000004,,,,1,2023-06-19T16:11:22+00:00
SAO_2026-10,São Paulo,3550308,True,,35037,,,-23.461329499999998,-46.582954,,,,2,2023-06-19T16:11:10+00:00
SAO_2026-10,São Paulo,3550308,True,,35037,,,-23.489913,-46.5744095,,,,2,2023-06-19T16:11:27+00:00
SAO_2026-10,São Paulo,3550308,True,,35037,,,-23.4614865,-46.5829255,,,,2,2023-06-19T16:10:46+00:00
SAO_2731-10,São Paulo,3550308,True,,33714,,,-23.5210645,-46.441967500000004,,,,2,2023-06-19T16:11:14+00:00
SAO_2731-10,São Paulo,3550308,True,,33714,,,-23.53482375,-46.452111,,,,2,2023-06-19T16:11:33+00:00
SAO_2731-10,São Paulo,3550308,True,,33714,,,-23.5429995,-46.470884999999996,,,,2,2023-06-19T16:10:50+00:00
SAO_2731-10,São Paulo,3550308,True,,33714,,,-23.518088249999998,-46.439505,,,,2,2023-06-19T16:11:17+00:00
SAO_2710-10,São Paulo,3550308,True,,924,,,-23.519909999999996,-46.496812750000004,,,,1,2023-06-19T16:11:12+00:00
SAO_2710-10,São Paulo,3550308,True,,924,,,-23.529988,-46.5012995,,,,1,2023-06-19T16:11:45+00:00
SAO_2710-10,São Paulo,3550308,True,,924,,,-23.529988,-46.5012995,,,,1,2023-06-19T16:11:18+00:00
SAO_514T-10,São Paulo,3550308,True,,34439,,,-23.6026645,-46.60273,,,,2,2023-06-19T16:11:25+00:00
SAO_514T-10,São Paulo,3550308,True,,34439,,,-23.602792,-46.6023785,,,,2,2023-06-19T16:11:32+00:00
SAO_514T-10,São Paulo,3550308,True,,34439,,,-23.583191,-46.574702,,,,2,2023-06-19T16:11:29+00:00
SAO_514T-10,São Paulo,3550308,True,,34439,,,-23.6026645,-46.60273,,,,2,2023-06-19T16:11:12+00:00
SAO_514T-10,São Paulo,3550308,True,,34439,,,-23.584845,-46.5229395,,,,2,2023-06-19T16:11:20+00:00
SAO_514T-10,São Paulo,3550308,True,,34439,,,-23.594272625000002,-46.519043499999995,,,,2,2023-06-19T16:11:30+00:00
SAO_514T-10,São Paulo,3550308,True,,34439,,,-23.602792,-46.6023785,,,,2,2023-06-19T16:11:28+00:00
SAO_514T-10,São Paulo,3550308,True,,34439,,,-23.58899125,-46.610606375,,,,2,2023-06-19T16:11:32+00:00
SAO_514T-10,São Paulo,3550308,True,,34439,,,-23.58537275,-46.538046375,,,,2,2023-06-19T16:11:19+00:00
SAO_514T-10,São Paulo,3550308,True,,34439,,,-23.5809745,-46.556946999999994,,,,2,2023-06-19T16:11:22+00:00
SAO_2732-10,São Paulo,3550308,True,,33715,,,-23.528859,-46.457201,,,,2,2023-06-19T16:11:44+00:00
SAO_2732-10,São Paulo,3550308,True,,33715,,,-23.540062499999998,-46.482594375,,,,2,2023-06-19T16:11:38+00:00
SAO_2732-10,São Paulo,3550308,True,,33715,,,-23.539938499999998,-46.482815,,,,2,2023-06-19T16:11:39+00:00
SAO_2732-10,São Paulo,3550308,True,,33715,,,-23.529743,-46.45955,,,,2,2023-06-19T16:11:20+00:00
SAO_2732-10,São Paulo,3550308,True,,33715,,,-23.5342945,-46.454449,,,,2,2023-06-19T16:11:30+00:00
SAO_2732-10,São Paulo,3550308,True,,33715,,,-23.532815,-46.460570000000004,,,,2,2023-06-19T16:10:39+00:00
SAO_2711-10,São Paulo,3550308,True,,33693,,,-23.514529375,-46.49668975,,,,2,2023-06-19T16:11:15+00:00
SAO_2711-10,São Paulo,3550308,True,,33693,,,-23.514456000000003,-46.48103125,,,,2,2023-06-19T16:11:29+00:00
SAO_2711-10,São Paulo,3550308,True,,33693,,,-23.514456000000003,-46.48103125,,,,2,2023-06-19T16:11:08+00:00
SAO_6080-10,São Paulo,3550308,True,,33936,,,-23.7617185,-46.670583,,,,2,2023-06-19T16:11:20+00:00
SAO_6080-10,São Paulo,3550308,True,,33936,,,-23.7320845,-46.6979035,,,,2,2023-06-19T16:11:33+00:00
SAO_6080-10,São Paulo,3550308,True,,33936,,,-23.7166585,-46.699293,,,,2,2023-06-19T16:11:45+00:00
SAO_6080-10,São Paulo,3550308,True,,33936,,,-23.762543,-46.672818,,,,2,2023-06-19T16:11:34+00:00
SAO_6080-10,São Paulo,3550308,True,,33936,,,-23.6689565,-46.6773375,,,,2,2023-06-19T16:11:15+00:00
SAO_6080-10,São Paulo,3550308,True,,33936,,,-23.701804375,-46.701659625000005,,,,2,2023-06-19T16:11:30+00:00
SAO_3539-10,São Paulo,3550308,True,,748,,,-23.5342785,-46.545298124999995,,,,1,2023-06-19T16:11:39+00:00
SAO_3539-10,São Paulo,3550308,True,,748,,,-23.6015765,-46.399,,,,1,2023-06-19T16:11:38+00:00
SAO_3539-10,São Paulo,3550308,True,,748,,,-23.6015765,-46.399,,,,1,2023-06-19T16:11:16+00:00
SAO_3539-10,São Paulo,3550308,True,,748,,,-23.5422065,-46.481343499999994,,,,1,2023-06-19T16:11:33+00:00
SAO_3539-10,São Paulo,3550308,True,,748,,,-23.584172000000002,-46.4149685,,,,1,2023-06-19T16:11:40+00:00
SAO_3539-10,São Paulo,3550308,True,,748,,,-23.587046,-46.442949999999996,,,,1,2023-06-19T16:10:56+00:00
SAO_3539-10,São Paulo,3550308,True,,748,,,-23.555915875,-46.464984375,,,,1,2023-06-19T16:11:21+00:00
SAO_3539-10,São Paulo,3550308,True,,748,,,-23.601442499999997,-46.3991005,,,,1,2023-06-19T16:11:40+00:00
SAO_7009-10,São Paulo,3550308,True,,34719,,,-23.696150250000002,-46.77961,,,,2,2023-06-19T16:11:44+00:00
SAO_7009-10,São Paulo,3550308,True,,34719,,,-23.684060000000002,-46.770033,,,,2,2023-06-19T16:11:01+00:00
SAO_7009-10,São Paulo,3550308,True,,34719,,,-23.70431375,-46.78732575,,,,2,2023-06-19T16:11:03+00:00
SAO_6031-10,São Paulo,3550308,True,,92,,,-23.752477750000004,-46.6988805,,,,1,2023-06-19T16:11:20+00:00
SAO_6031-10,São Paulo,3550308,True,,92,,,-23.7544845,-46.708985999999996,,,,1,2023-06-19T16:11:38+00:00
SAO_6031-10,São Paulo,3550308,True,,92,,,-23.7380205,-46.697914499999996,,,,1,2023-06-19T16:11:34+00:00
SAO_6031-10,São Paulo,3550308,True,,92,,,-23.7380205,-46.697914499999996,,,,1,2023-06-19T16:11:22+00:00
SAO_6031-10,São Paulo,3550308,True,,92,,,-23.737971,-46.6978485,,,,1,2023-06-19T16:11:35+00:00
SAO_5010-10,São Paulo,3550308,True,,1114,,,-23.660803,-46.6339395,,,,1,2023-06-19T16:11:07+00:00
SAO_5010-10,São Paulo,3550308,True,,1114,,,-23.653726499999998,-46.704197,,,,1,2023-06-19T16:11:02+00:00
SAO_5010-10,São Paulo,3550308,True,,1114,,,-23.646594,-46.641467000000006,,,,1,2023-06-19T16:11:24+00:00
SAO_5010-10,São Paulo,3550308,True,,1114,,,-23.6471245,-46.6627625,,,,1,2023-06-19T16:11:38+00:00
SAO_5010-10,São Paulo,3550308,True,,1114,,,-23.6547475,-46.69139762500001,,,,1,2023-06-19T16:11:36+00:00
SAO_5010-10,São Paulo,3550308,True,,1114,,,-23.662679500000003,-46.6311435,,,,1,2023-06-19T16:11:29+00:00
SAO_5010-10,São Paulo,3550308,True,,1114,,,-23.662679500000003,-46.6311435,,,,1,2023-06-19T16:11:29+00:00
SAO_233A-10,São Paulo,3550308,True,EMTU,249,https://moovitapp.com/index/pt-br/transporte_p%C3%BAblico-line-249-Sao_Paulo-242-2038937-58093193-0,5.4,-23.5342945,-46.454449,,,,1,2023-06-19T16:09:20+00:00
SAO_233A-10,São Paulo,3550308,True,EMTU,249,https://moovitapp.com/index/pt-br/transporte_p%C3%BAblico-line-249-Sao_Paulo-242-2038937-58093193-0,5.4,-23.5338415,-46.458877,,,,1,2023-06-19T16:11:19+00:00
SAO_233A-10,São Paulo,3550308,True,EMTU,249,https://moovitapp.com/index/pt-br/transporte_p%C3%BAblico-line-249-Sao_Paulo-242-2038937-58093193-0,5.4,-23.5492615,-46.507195,,,,1,2023-06-19T16:10:39+00:00
SAO_233A-10,São Paulo,3550308,True,EMTU,249,https://moovitapp.com/index/pt-br/transporte_p%C3%BAblico-line-249-Sao_Paulo-242-2038937-58093193-0,5.4,-23.485001062499997,-46.4331843125,,,,1,2023-06-19T16:11:29+00:00
SAO_513L-10,São Paulo,3550308,True,,34423,,,-23.537438,-46.588941500000004,,,,2,2023-06-19T16:11:11+00:00
SAO_513L-10,São Paulo,3550308,True,,34423,,,-23.537656749999996,-46.58893675,,,,2,2023-06-19T16:11:22+00:00
SAO_513L-10,São Paulo,3550308,True,,34423,,,-23.575426,-46.5924355,,,,2,2023-06-19T16:11:07+00:00
SAO_513L-10,São Paulo,3550308,True,,34423,,,-23.602656500000002,-46.602027,,,,2,2023-06-19T16:11:10+00:00
SAO_6338-10,São Paulo,3550308,True,,34061,,,-23.65017525,-46.64708525,,,,2,2023-06-19T16:11:23+00:00
SAO_6338-10,São Paulo,3550308,True,,34061,,,-23.670291749999997,-46.647787375,,,,2,2023-06-19T16:11:31+00:00
SAO_6338-10,São Paulo,3550308,True,,34061,,,-23.666321,-46.651939,,,,2,2023-06-19T16:11:06+00:00
SAO_6338-10,São Paulo,3550308,True,,34061,,,-23.5962065,-46.65095975,,,,2,2023-06-19T16:11:04+00:00
SAO_3003-10,São Paulo,3550308,True,,34565,,,-23.484052749999996,-46.43287675,,,,2,2023-06-19T16:11:15+00:00
SAO_3003-10,São Paulo,3550308,True,,34565,,,-23.4789405,-46.4207895,,,,2,2023-06-19T16:11:16+00:00
SAO_3003-10,São Paulo,3550308,True,,34565,,,-23.479100875,-46.421538125,,,,2,2023-06-19T16:11:13+00:00
SAO_2105-10,São Paulo,3550308,True,,35015,,,-23.524798750000002,-46.62529075,,,,2,2023-06-19T16:11:26+00:00
SAO_2105-10,São Paulo,3550308,True,,35015,,,-23.434998,-46.5813665,,,,2,2023-06-19T16:11:27+00:00
SAO_2105-10,São Paulo,3550308,True,,35015,,,-23.5365405,-46.61774175,,,,2,2023-06-19T16:11:11+00:00
SAO_2105-10,São Paulo,3550308,True,,35015,,,-23.535388375000004,-46.618820625,,,,2,2023-06-19T16:09:41+00:00
SAO_2105-10,São Paulo,3550308,True,,35015,,,-23.4352895,-46.5818785,,,,2,2023-06-19T16:11:06+00:00
SAO_2105-10,São Paulo,3550308,True,,35015,,,-23.511257375,-46.624893,,,,2,2023-06-19T16:11:30+00:00
SAO_2105-10,São Paulo,3550308,True,,35015,,,-23.4349075,-46.581235,,,,2,2023-06-19T16:11:18+00:00
SAO_745M-10,São Paulo,3550308,True,,782,,,-23.682125624999998,-46.69107475,,,,1,2023-06-19T16:11:26+00:00
SAO_745M-10,São Paulo,3550308,True,,782,,,-23.630615499999998,-46.768413,,,,1,2023-06-19T16:11:32+00:00
SAO_745M-10,São Paulo,3550308,True,,782,,,-23.681940875000002,-46.69123225,,,,1,2023-06-19T16:11:09+00:00
SAO_745M-10,São Paulo,3550308,True,,782,,,-23.630615499999998,-46.768413,,,,1,2023-06-19T16:11:04+00:00
SAO_745M-10,São Paulo,3550308,True,,782,,,-23.63084675,-46.76821125,,,,1,2023-06-19T16:11:29+00:00
SAO_745M-10,São Paulo,3550308,True,,782,,,-23.666964,-46.77318075,,,,1,2023-06-19T16:11:01+00:00
SAO_745M-10,São Paulo,3550308,True,,782,,,-23.672548000000003,-46.78157,,,,1,2023-06-19T16:11:09+00:00
SAO_745M-10,São Paulo,3550308,True,,782,,,-23.630615499999998,-46.768413,,,,1,2023-06-19T16:11:32+00:00
SAO_745M-10,São Paulo,3550308,True,,782,,,-23.6384965,-46.779754499999996,,,,1,2023-06-19T16:11:26+00:00
SAO_745M-10,São Paulo,3550308,True,,782,,,-23.630474999999997,-46.768711999999994,,,,1,2023-06-19T16:11:26+00:00
SAO_745M-10,São Paulo,3550308,True,,782,,,-23.6371005,-46.779114500000006,,,,1,2023-06-19T16:11:39+00:00
SAO_745M-10,São Paulo,3550308,True,,782,,,-23.682125624999998,-46.69107475,,,,1,2023-06-19T16:11:13+00:00
SAO_8545-10,São Paulo,3550308,True,,34132,,,-23.4648545,-46.695707999999996,,,,2,2023-06-19T16:11:03+00:00
SAO_8545-10,São Paulo,3550308,True,,34132,,,-23.4648145,-46.6961405,,,,2,2023-06-19T16:10:58+00:00
SAO_8545-10,São Paulo,3550308,True,,34132,,,-23.522750124999998,-46.6915385625,,,,2,2023-06-19T16:11:40+00:00
SAO_8545-10,São Paulo,3550308,True,,34132,,,-23.49344925,-46.696834249999995,,,,2,2023-06-19T16:11:35+00:00
SAO_2007-10,São Paulo,3550308,True,,896,,,-23.4982915,-46.396243999999996,,,,1,2023-06-19T16:11:29+00:00
SAO_2007-10,São Paulo,3550308,True,,896,,,-23.494778625000002,-46.4035085,,,,1,2023-06-19T16:11:37+00:00
SAO_2007-10,São Paulo,3550308,True,,896,,,-23.510203,-46.3698615,,,,1,2023-06-19T16:08:32+00:00
SAO_2007-10,São Paulo,3550308,True,,896,,,-23.5097584375,-46.36904737500001,,,,1,2023-06-19T16:11:33+00:00
SAO_2007-10,São Paulo,3550308,True,,896,,,-23.506345,-46.376602,,,,1,2023-06-19T16:07:29+00:00
SAO_4027-10,São Paulo,3550308,True,,33865,,,-23.5932235,-46.489228999999995,,,,2,2023-06-19T16:11:36+00:00
SAO_4027-10,São Paulo,3550308,True,,33865,,,-23.612118000000002,-46.47348,,,,2,2023-06-19T16:11:38+00:00
SAO_4027-10,São Paulo,3550308,True,,33865,,,-23.6369535,-46.443327999999994,,,,2,2023-06-19T16:11:32+00:00
SAO_4027-10,São Paulo,3550308,True,,33865,,,-23.628390500000002,-46.445684,,,,2,2023-06-19T16:11:16+00:00
SAO_4027-10,São Paulo,3550308,True,,33865,,,-23.593412875000002,-46.488488499999995,,,,2,2023-06-19T16:11:43+00:00
SAO_4027-10,São Paulo,3550308,True,,33865,,,-23.599889750000003,-46.484817250000006,,,,2,2023-06-19T16:11:28+00:00
SAO_4027-10,São Paulo,3550308,True,,33865,,,-23.6199485,-46.457128250000004,,,,2,2023-06-19T16:11:05+00:00
SAO_8549-10,São Paulo,3550308,True,,33348,,,-23.525763374999997,-46.678446625,,,,2,2023-06-19T16:11:17+00:00
SAO_8549-10,São Paulo,3550308,True,,33348,,,-23.436301125,-46.716888125,,,,2,2023-06-19T16:11:45+00:00
SAO_8549-10,São Paulo,3550308,True,,33348,,,-23.540698,-46.6364375,,,,2,2023-06-19T16:11:05+00:00
SAO_8549-10,São Paulo,3550308,True,,33348,,,-23.459804999999996,-46.68515025,,,,2,2023-06-19T16:11:44+00:00
SAO_8549-10,São Paulo,3550308,True,,33348,,,-23.4384985,-46.717290000000006,,,,2,2023-06-19T16:11:23+00:00
SAO_8549-10,São Paulo,3550308,True,,33348,,,-23.436301125,-46.716888125,,,,2,2023-06-19T16:11:10+00:00
SAO_8549-10,São Paulo,3550308,True,,33348,,,-23.495801,-46.692513500000004,,,,2,2023-06-19T16:11:17+00:00
SAO_8549-10,São Paulo,3550308,True,,33348,,,-23.4481065,-46.716472499999995,,,,2,2023-06-19T16:11:39+00:00
SAO_6063-42,São Paulo,3550308,True,,34770,,,-23.773679,-46.7075815,,,,2,2023-06-19T16:11:35+00:00
SAO_6063-42,São Paulo,3550308,True,,34770,,,-23.809537,-46.662284,,,,2,2023-06-19T16:11:19+00:00
SAO_6063-42,São Paulo,3550308,True,,34770,,,-23.809403,-46.6612485,,,,2,2023-06-19T16:11:28+00:00
SAO_6063-42,São Paulo,3550308,True,,34770,,,-23.809537,-46.662284,,,,2,2023-06-19T16:11:29+00:00
SAO_209P-10,São Paulo,3550308,True,,2216,,,-23.46998575,-46.670573000000005,,,,1,2023-06-19T16:11:35+00:00
SAO_209P-10,São Paulo,3550308,True,,2216,,,-23.56555875,-46.7010795,,,,1,2023-06-19T16:11:14+00:00
SAO_209P-10,São Paulo,3550308,True,,2216,,,-23.5142335,-46.690912,,,,1,2023-06-19T16:11:23+00:00
SAO_209P-10,São Paulo,3550308,True,,2216,,,-23.524385,-46.6672945,,,,1,2023-06-19T16:11:26+00:00
SAO_209P-10,São Paulo,3550308,True,,2216,,,-23.47120975,-46.67053275,,,,1,2023-06-19T16:11:15+00:00
SAO_209P-10,São Paulo,3550308,True,,2216,,,-23.558176250000002,-46.68256675,,,,1,2023-06-19T16:11:08+00:00
SAO_209P-10,São Paulo,3550308,True,,2216,,,-23.548105,-46.6770705,,,,1,2023-06-19T16:11:41+00:00
SAO_209P-10,São Paulo,3550308,True,,2216,,,-23.5658305,-46.701625500000006,,,,1,2023-06-19T16:11:03+00:00
SAO_209P-10,São Paulo,3550308,True,,2216,,,-23.508459000000002,-46.689606500000004,,,,1,2023-06-19T16:11:34+00:00
SAO_209P-10,São Paulo,3550308,True,,2216,,,-23.470886,-46.670557,,,,1,2023-06-19T16:11:25+00:00
SAO_209P-10,São Paulo,3550308,True,,2216,,,-23.470273249999998,-46.67058300000001,,,,1,2023-06-19T16:11:11+00:00
SAO_6076-10,São Paulo,3550308,True,,33933,,,-23.678693000000003,-46.710609000000005,,,,2,2023-06-19T16:11:19+00:00
SAO_6076-10,São Paulo,3550308,True,,33933,,,-23.663030499999998,-46.707468875,,,,2,2023-06-19T16:11:02+00:00
SAO_6076-10,São Paulo,3550308,True,,33933,,,-23.733666,-46.6772885,,,,2,2023-06-19T16:11:19+00:00
SAO_6076-10,São Paulo,3550308,True,,33933,,,-23.710868125,-46.699293624999996,,,,2,2023-06-19T16:11:24+00:00
SAO_6076-10,São Paulo,3550308,True,,33933,,,-23.722028,-46.692921,,,,2,2023-06-19T16:11:28+00:00
SAO_6076-10,São Paulo,3550308,True,,33933,,,-23.736030874999997,-46.68851175,,,,2,2023-06-19T16:11:01+00:00
SAO_407P-10,São Paulo,3550308,True,,2200,,,-23.535320187499998,-46.550744062499994,,,,1,2023-06-19T16:11:16+00:00
SAO_407P-10,São Paulo,3550308,True,,2200,,,-23.5831585,-46.407859,,,,1,2023-06-19T16:11:36+00:00
SAO_407P-10,São Paulo,3550308,True,,2200,,,-23.542736750000003,-46.478827749999994,,,,1,2023-06-19T16:11:00+00:00
SAO_407P-10,São Paulo,3550308,True,,2200,,,-23.542082999999998,-46.41141950000001,,,,1,2023-06-19T16:11:20+00:00
SAO_407P-10,São Paulo,3550308,True,,2200,,,-23.5337655,-46.452283,,,,1,2023-06-19T16:11:39+00:00
SAO_407P-10,São Paulo,3550308,True,,2200,,,-23.579957,-46.4152845,,,,1,2023-06-19T16:11:30+00:00
SAO_1745-10,São Paulo,3550308,True,,33314,,,-23.473114,-46.6655995,,,,2,2023-06-19T16:11:33+00:00
SAO_1745-10,São Paulo,3550308,True,,33314,,,-23.4983505,-46.641431,,,,2,2023-06-19T16:11:11+00:00
SAO_1745-10,São Paulo,3550308,True,,33314,,,-23.4730775,-46.6656575,,,,2,2023-06-19T16:11:27+00:00
SAO_1745-10,São Paulo,3550308,True,,33314,,,-23.476899,-46.6504475,,,,2,2023-06-19T16:11:12+00:00
SAO_1745-10,São Paulo,3550308,True,,33314,,,-23.472921,-46.665794000000005,,,,2,2023-06-19T16:11:36+00:00
SAO_407P-10,São Paulo,3550308,True,,34968,,,-23.541269,-46.5768465,,,,2,2023-06-19T16:11:27+00:00
SAO_407P-10,São Paulo,3550308,True,,34968,,,-23.541269,-46.5768465,,,,2,2023-06-19T16:11:00+00:00
SAO_407P-10,São Paulo,3550308,True,,34968,,,-23.572523500000003,-46.4156365,,,,2,2023-06-19T16:10:26+00:00
SAO_407P-10,São Paulo,3550308,True,,34968,,,-23.58080375,-46.415383750000004,,,,2,2023-06-19T16:11:10+00:00
SAO_407P-10,São Paulo,3550308,True,,34968,,,-23.541492,-46.4173315,,,,2,2023-06-19T16:10:48+00:00
SAO_407P-10,São Paulo,3550308,True,,34968,,,-23.541269,-46.5768465,,,,2,2023-06-19T16:11:24+00:00
SAO_407P-10,São Paulo,3550308,True,,34968,,,-23.583131,-46.4090595,,,,2,2023-06-19T16:11:44+00:00
SAO_407P-10,São Paulo,3550308,True,,34968,,,-23.533242,-46.498442999999995,,,,2,2023-06-19T16:08:18+00:00
SAO_407P-10,São Paulo,3550308,True,,34968,,,-23.5722,-46.415566,,,,2,2023-06-19T16:11:29+00:00
SAO_407P-10,São Paulo,3550308,True,,34968,,,-23.541269,-46.5768465,,,,2,2023-06-19T16:11:12+00:00
SAO_407P-10,São Paulo,3550308,True,,34968,,,-23.528899499999998,-46.4469105,,,,2,2023-06-19T16:11:04+00:00
SAO_407P-10,São Paulo,3550308,True,,34968,,,-23.533472,-46.54021675,,,,2,2023-06-19T16:11:42+00:00
SAO_407P-10,São Paulo,3550308,True,,34968,,,-23.541269,-46.5768465,,,,2,2023-06-19T16:11:22+00:00
SAO_407P-10,São Paulo,3550308,True,,34968,,,-23.583026,-46.408417,,,,2,2023-06-19T16:11:12+00:00
SAO_6058-10,São Paulo,3550308,True,,33917,,,-23.769851000000003,-46.676743,,,,2,2023-06-19T16:11:08+00:00
SAO_6058-10,São Paulo,3550308,True,,33917,,,-23.771338,-46.712379999999996,,,,2,2023-06-19T16:11:34+00:00
SAO_6058-10,São Paulo,3550308,True,,33917,,,-23.769380499999997,-46.67707625,,,,2,2023-06-19T16:11:08+00:00
SAO_6058-10,São Paulo,3550308,True,,33917,,,-23.766929500000003,-46.685623,,,,2,2023-06-19T16:11:28+00:00
SAO_6058-10,São Paulo,3550308,True,,33917,,,-23.77025525,-46.6810555,,,,2,2023-06-19T16:11:23+00:00
SAO_6058-10,São Paulo,3550308,True,,33917,,,-23.769851000000003,-46.676743,,,,2,2023-06-19T16:11:28+00:00
SAO_4001-10,São Paulo,3550308,True,,34944,,,-23.5549265,-46.516370499999994,,,,2,2023-06-19T16:11:25+00:00
SAO_4001-10,São Paulo,3550308,True,,34944,,,-23.532577,-46.4410275,,,,2,2023-06-19T16:11:09+00:00
SAO_4001-10,São Paulo,3550308,True,,34944,,,-23.541171,-46.4504845,,,,2,2023-06-19T16:11:21+00:00
SAO_4001-10,São Paulo,3550308,True,,34944,,,-23.5321175,-46.441486999999995,,,,2,2023-06-19T16:08:01+00:00
SAO_178T-10,São Paulo,3550308,True,,33333,,,-23.53098,-46.734971,,,,2,2023-06-19T16:11:37+00:00
SAO_178T-10,São Paulo,3550308,True,,33333,,,-23.5208515,-46.7036495,,,,2,2023-06-19T16:11:29+00:00
SAO_178T-10,São Paulo,3550308,True,,33333,,,-23.503871500000002,-46.685494,,,,2,2023-06-19T16:11:25+00:00
SAO_178T-10,São Paulo,3550308,True,,33333,,,-23.5049575,-46.6926845,,,,2,2023-06-19T16:11:02+00:00
SAO_178T-10,São Paulo,3550308,True,,33333,,,-23.4915065,-46.634872,,,,2,2023-06-19T16:11:26+00:00
SAO_178T-10,São Paulo,3550308,True,,33333,,,-23.5284355,-46.73922950000001,,,,2,2023-06-19T16:11:08+00:00
SAO_407F-10,São Paulo,3550308,True,,34935,,,-23.542249499999997,-46.589866,,,,2,2023-06-19T16:11:05+00:00
SAO_407F-10,São Paulo,3550308,True,,34935,,,-23.542249499999997,-46.589866,,,,2,2023-06-19T16:11:16+00:00
SAO_407F-10,São Paulo,3550308,True,,34935,,,-23.552443000000004,-46.57924287499999,,,,2,2023-06-19T16:11:18+00:00
SAO_407F-10,São Paulo,3550308,True,,34935,,,-23.5716525,-46.536777,,,,2,2023-06-19T16:11:33+00:00
SAO_407F-10,São Paulo,3550308,True,,34935,,,-23.5840995,-46.492481999999995,,,,2,2023-06-19T16:11:13+00:00
SAO_407F-10,São Paulo,3550308,True,,34935,,,-23.542249499999997,-46.589866,,,,2,2023-06-19T16:11:33+00:00
SAO_342C-10,São Paulo,3550308,True,,1002,,,-23.524086,-46.543452,,,,1,2023-06-19T16:11:41+00:00
SAO_342C-10,São Paulo,3550308,True,,1002,,,-23.540629000000003,-46.5246345,,,,1,2023-06-19T16:11:10+00:00
SAO_342C-10,São Paulo,3550308,True,,1002,,,-23.543685500000002,-46.491729,,,,1,2023-06-19T16:11:35+00:00
SAO_342C-10,São Paulo,3550308,True,,1002,,,-23.561536500000003,-46.4929655,,,,1,2023-06-19T16:11:39+00:00
SAO_8026-10,São Paulo,3550308,True,,34851,,,-23.632875,-46.7479035,,,,2,2023-06-19T16:11:37+00:00
SAO_8026-10,São Paulo,3550308,True,,34851,,,-23.62274625,-46.754206999999994,,,,2,2023-06-19T16:11:08+00:00
SAO_8026-10,São Paulo,3550308,True,,34851,,,-23.603832500000003,-46.748942,,,,2,2023-06-19T16:11:02+00:00
SAO_648P-10,São Paulo,3550308,True,,66,,,-23.644903,-46.7196845,,,,1,2023-06-19T16:11:09+00:00
SAO_648P-10,São Paulo,3550308,True,,66,,,-23.586054625000003,-46.682553125,,,,1,2023-06-19T16:11:25+00:00
SAO_648P-10,São Paulo,3550308,True,,66,,,-23.6545265,-46.762821,,,,1,2023-06-19T16:11:09+00:00
SAO_809P-10,São Paulo,3550308,True,,34659,,,-23.6316405,-46.772316,,,,2,2023-06-19T16:11:40+00:00
SAO_809P-10,São Paulo,3550308,True,,34659,,,-23.631218,-46.773197499999995,,,,2,2023-06-19T16:11:07+00:00
SAO_809P-10,São Paulo,3550308,True,,34659,,,-23.566692500000002,-46.701378500000004,,,,2,2023-06-19T16:11:16+00:00
SAO_809P-10,São Paulo,3550308,True,,34659,,,-23.576528000000003,-46.70771475,,,,2,2023-06-19T16:11:15+00:00
SAO_809P-10,São Paulo,3550308,True,,34659,,,-23.631508,-46.7726,,,,2,2023-06-19T16:11:45+00:00
SAO_809P-10,São Paulo,3550308,True,,34659,,,-23.611408,-46.7538545,,,,2,2023-06-19T16:11:30+00:00
SAO_809P-10,São Paulo,3550308,True,,34659,,,-23.604568,-46.745587,,,,2,2023-06-19T16:11:10+00:00
SAO_809P-10,São Paulo,3550308,True,,34659,,,-23.6313825,-46.77286,,,,2,2023-06-19T16:11:32+00:00
SAO_809P-10,São Paulo,3550308,True,,34659,,,-23.567616375,-46.6967335,,,,2,2023-06-19T16:11:44+00:00
SAO_809P-10,São Paulo,3550308,True,,34659,,,-23.57623475,-46.707577,,,,2,2023-06-19T16:11:37+00:00
SAO_809P-10,São Paulo,3550308,True,,34659,,,-23.601551,-46.7434305,,,,2,2023-06-19T16:11:17+00:00
SAO_809P-10,São Paulo,3550308,True,,34659,,,-23.6157585,-46.756756499999995,,,,2,2023-06-19T16:11:05+00:00
SAO_2678-10,São Paulo,3550308,True,STT,383,https://moovitapp.com/index/pt-br/transporte_p%C3%BAblico-line-383-Sao_Paulo-242-850661-183294-0,5.3,-23.494327499999997,-46.376706,,,,1,2023-06-19T16:11:17+00:00
SAO_2678-10,São Paulo,3550308,True,STT,383,https://moovitapp.com/index/pt-br/transporte_p%C3%BAblico-line-383-Sao_Paulo-242-850661-183294-0,5.3,-23.50414875,-46.472988125,,,,1,2023-06-19T16:11:15+00:00
SAO_2678-10,São Paulo,3550308,True,STT,383,https://moovitapp.com/index/pt-br/transporte_p%C3%BAblico-line-383-Sao_Paulo-242-850661-183294-0,5.3,-23.491029500000003,-46.4451525,,,,1,2023-06-19T16:11:25+00:00
SAO_2678-10,São Paulo,3550308,True,STT,383,https://moovitapp.com/index/pt-br/transporte_p%C3%BAblico-line-383-Sao_Paulo-242-850661-183294-0,5.3,-23.53532,-46.583233750000005,,,,1,2023-06-19T16:11:07+00:00
SAO_2678-10,São Paulo,3550308,True,STT,383,https://moovitapp.com/index/pt-br/transporte_p%C3%BAblico-line-383-Sao_Paulo-242-850661-183294-0,5.3,-23.494860625,-46.407573875,,,,1,2023-06-19T16:11:34+00:00
SAO_2678-10,São Paulo,3550308,True,STT,383,https://moovitapp.com/index/pt-br/transporte_p%C3%BAblico-line-383-Sao_Paulo-242-850661-183294-0,5.3,-23.546727,-46.629723999999996,,,,1,2023-06-19T16:11:13+00:00
SAO_2678-10,São Paulo,3550308,True,STT,383,https://moovitapp.com/index/pt-br/transporte_p%C3%BAblico-line-383-Sao_Paulo-242-850661-183294-0,5.3,-23.49332075,-46.389150875,,,,1,2023-06-19T16:11:13+00:00
SAO_2678-10,São Paulo,3550308,True,STT,383,https://moovitapp.com/index/pt-br/transporte_p%C3%BAblico-line-383-Sao_Paulo-242-850661-183294-0,5.3,-23.522543499999998,-46.531335999999996,,,,1,2023-06-19T16:11:36+00:00
SAO_6041-10,São Paulo,3550308,True,,33986,,,-23.6899145,-46.7808755,,,,2,2023-06-19T16:11:17+00:00
SAO_6041-10,São Paulo,3550308,True,,33986,,,-23.639675249999996,-46.72064625,,,,2,2023-06-19T16:11:29+00:00
SAO_6041-10,São Paulo,3550308,True,,33986,,,-23.677175249999998,-46.7760705,,,,2,2023-06-19T16:11:07+00:00
SAO_6041-10,São Paulo,3550308,True,,33986,,,-23.690071500000002,-46.78081950000001,,,,2,2023-06-19T16:11:31+00:00
SAO_6041-10,São Paulo,3550308,True,,33986,,,-23.6901555,-46.7807875,,,,2,2023-06-19T16:11:38+00:00
SAO_6041-10,São Paulo,3550308,True,,33986,,,-23.650038625,-46.75614575,,,,2,2023-06-19T16:11:27+00:00
SAO_6041-10,São Paulo,3550308,True,,33986,,,-23.6899145,-46.7808755,,,,2,2023-06-19T16:11:34+00:00
SAO_6041-10,São Paulo,3550308,True,,33986,,,-23.64639175,-46.71053475,,,,2,2023-06-19T16:11:36+00:00
SAO_6041-10,São Paulo,3550308,True,,33986,,,-23.690249,-46.78073,,,,2,2023-06-19T16:11:40+00:00
SAO_6041-10,São Paulo,3550308,True,,33986,,,-23.660442500000002,-46.767717,,,,2,2023-06-19T16:11:26+00:00
SAO_746H-10,São Paulo,3550308,True,,33553,,,-23.593679,-46.7525775,,,,2,2023-06-19T16:11:33+00:00
SAO_746H-10,São Paulo,3550308,True,,33553,,,-23.642325,-46.73517,,,,2,2023-06-19T16:11:17+00:00
SAO_746H-10,São Paulo,3550308,True,,33553,,,-23.6488435,-46.7061845,,,,2,2023-06-19T16:11:23+00:00
SAO_746H-10,São Paulo,3550308,True,,33553,,,-23.641527,-46.716401125000004,,,,2,2023-06-19T16:11:39+00:00
SAO_746H-10,São Paulo,3550308,True,,33553,,,-23.595610625,-46.72023525,,,,2,2023-06-19T16:11:16+00:00
SAO_746H-10,São Paulo,3550308,True,,33553,,,-23.600576500000003,-46.722911499999995,,,,2,2023-06-19T16:11:36+00:00
SAO_746H-10,São Paulo,3550308,True,,33553,,,-23.5937695,-46.752343999999994,,,,2,2023-06-19T16:11:36+00:00
SAO_746H-10,São Paulo,3550308,True,,33553,,,-23.597735,-46.753392500000004,,,,2,2023-06-19T16:09:55+00:00
SAO_746H-10,São Paulo,3550308,True,,33553,,,-23.593888,-46.752252,,,,2,2023-06-19T16:11:38+00:00
SAO_746H-10,São Paulo,3550308,True,,33553,,,-23.5970595,-46.750583,,,,2,2023-06-19T16:11:28+00:00
SAO_746H-10,São Paulo,3550308,True,,33553,,,-23.584467250000003,-46.728015,,,,2,2023-06-19T16:11:18+00:00
SAO_746H-10,São Paulo,3550308,True,,33553,,,-23.593679,-46.7525775,,,,2,2023-06-19T16:11:35+00:00
SAO_746H-10,São Paulo,3550308,True,,33553,,,-23.6218125,-46.7335165,,,,2,2023-06-19T16:11:33+00:00
SAO_6035-21,São Paulo,3550308,True,,1795,,,-23.72201875,-46.770698249999995,,,,1,2023-06-19T16:11:08+00:00
SAO_6035-21,São Paulo,3550308,True,,1795,,,-23.728429,-46.76192,,,,1,2023-06-19T16:11:02+00:00
SAO_6035-21,São Paulo,3550308,True,,1795,,,-23.684907,-46.747448500000004,,,,1,2023-06-19T16:11:02+00:00
SAO_6035-21,São Paulo,3550308,True,,1795,,,-23.667917,-46.7355005,,,,1,2023-06-19T16:11:15+00:00
SAO_709P-10,São Paulo,3550308,True,,34761,,,-23.656139,-46.723152,,,,2,2023-06-19T16:11:01+00:00
SAO_709P-10,São Paulo,3550308,True,,34761,,,-23.579043,-46.6859035,,,,2,2023-06-19T16:11:41+00:00
SAO_709P-10,São Paulo,3550308,True,,34761,,,-23.5913475,-46.6848165,,,,2,2023-06-19T16:11:29+00:00
SAO_709P-10,São Paulo,3550308,True,,34761,,,-23.567515,-46.69430799999999,,,,2,2023-06-19T16:11:11+00:00
SAO_709P-10,São Paulo,3550308,True,,34761,,,-23.6554275,-46.724285249999994,,,,2,2023-06-19T16:11:11+00:00
SAO_5164-21,São Paulo,3550308,True,,34384,,,-23.652772499999998,-46.64590575,,,,2,2023-06-19T16:11:08+00:00
SAO_5164-21,São Paulo,3550308,True,,34384,,,-23.59659775,-46.64867662499999,,,,2,2023-06-19T16:11:03+00:00
SAO_5164-21,São Paulo,3550308,True,,34384,,,-23.64198,-46.6442035,,,,2,2023-06-19T16:11:40+00:00
SAO_5164-21,São Paulo,3550308,True,,34384,,,-23.595553000000002,-46.650906,,,,2,2023-06-19T16:11:19+00:00
SAO_5164-21,São Paulo,3550308,True,,34384,,,-23.6526215,-46.6461985,,,,2,2023-06-19T16:11:22+00:00
SAO_9181-10,São Paulo,3550308,True,,33653,,,-23.4570935,-46.6969045,,,,2,2023-06-19T16:11:09+00:00
SAO_9181-10,São Paulo,3550308,True,,33653,,,-23.5050605,-46.688615,,,,2,2023-06-19T16:11:10+00:00
SAO_9181-10,São Paulo,3550308,True,,33653,,,-23.47679,-46.6849275,,,,2,2023-06-19T16:11:03+00:00
SAO_9181-10,São Paulo,3550308,True,,33653,,,-23.4691985,-46.689001000000005,,,,2,2023-06-19T16:11:06+00:00
SAO_6836-10,São Paulo,3550308,True,BR7 Mobilidade,13,https://moovitapp.com/index/pt-br/transporte_p%C3%BAblico-line-13-Sao_Paulo-242-851856-705937-0,5.75,-23.67850225,-46.77766525,,,,1,2023-06-19T16:11:36+00:00
SAO_6836-10,São Paulo,3550308,True,BR7 Mobilidade,13,https://moovitapp.com/index/pt-br/transporte_p%C3%BAblico-line-13-Sao_Paulo-242-851856-705937-0,5.75,-23.684404999999998,-46.7817855,,,,1,2023-06-19T16:11:35+00:00
SAO_6836-10,São Paulo,3550308,True,BR7 Mobilidade,13,https://moovitapp.com/index/pt-br/transporte_p%C3%BAblico-line-13-Sao_Paulo-242-851856-705937-0,5.75,-23.684404999999998,-46.7817855,,,,1,2023-06-19T16:11:05+00:00
SAO_6836-10,São Paulo,3550308,True,BR7 Mobilidade,13,https://moovitapp.com/index/pt-br/transporte_p%C3%BAblico-line-13-Sao_Paulo-242-851856-705937-0,5.75,-23.65480225,-46.741082,,,,1,2023-06-19T16:11:05+00:00
SAO_6836-10,São Paulo,3550308,True,BR7 Mobilidade,13,https://moovitapp.com/index/pt-br/transporte_p%C3%BAblico-line-13-Sao_Paulo-242-851856-705937-0,5.75,-23.6438925,-46.733481999999995,,,,1,2023-06-19T16:11:39+00:00
SAO_6075-10,São Paulo,3550308,True,,33930,,,-23.792751000000003,-46.735558,,,,2,2023-06-19T16:11:26+00:00
SAO_6075-10,São Paulo,3550308,True,,33930,,,-23.7975025,-46.737959000000004,,,,2,2023-06-19T16:11:12+00:00
SAO_6075-10,São Paulo,3550308,True,,33930,,,-23.797689499999997,-46.7382825,,,,2,2023-06-19T16:11:30+00:00
SAO_6075-10,São Paulo,3550308,True,,33930,,,-23.79731,-46.737770999999995,,,,2,2023-06-19T16:11:14+00:00
SAO_179X-10,São Paulo,3550308,True,,33448,,,-23.432447249999996,-46.57144625,,,,2,2023-06-19T16:11:18+00:00
SAO_179X-10,São Paulo,3550308,True,,33448,,,-23.5264125,-46.667292,,,,2,2023-06-19T16:11:14+00:00
SAO_179X-10,São Paulo,3550308,True,,33448,,,-23.5264125,-46.667292,,,,2,2023-06-19T16:11:09+00:00
SAO_179X-10,São Paulo,3550308,True,,33448,,,-23.5268625,-46.64688975,,,,2,2023-06-19T16:11:33+00:00
SAO_179X-10,São Paulo,3550308,True,,33448,,,-23.526135,-46.668659500000004,,,,2,2023-06-19T16:11:09+00:00
SAO_179X-10,São Paulo,3550308,True,,33448,,,-23.476336,-46.5952705,,,,2,2023-06-19T16:11:40+00:00
SAO_179X-10,São Paulo,3550308,True,,33448,,,-23.432761749999997,-46.57149675,,,,2,2023-06-19T16:11:18+00:00
SAO_179X-10,São Paulo,3550308,True,,33448,,,-23.4933285,-46.60956,,,,2,2023-06-19T16:11:26+00:00
SAO_179X-10,São Paulo,3550308,True,,33448,,,-23.526329500000003,-46.6299595,,,,2,2023-06-19T16:11:15+00:00
SAO_179X-10,São Paulo,3550308,True,,33448,,,-23.432215,-46.571414000000004,,,,2,2023-06-19T16:11:08+00:00
SAO_1759-10,São Paulo,3550308,True,,553,,,-23.462936,-46.656752499999996,,,,1,2023-06-19T16:11:42+00:00
SAO_1759-10,São Paulo,3550308,True,,553,,,-23.4602175,-46.643714,,,,1,2023-06-19T16:08:29+00:00
SAO_1759-10,São Paulo,3550308,True,,553,,,-23.4928595,-46.62619,,,,1,2023-06-19T16:11:25+00:00
SAO_6412-10,São Paulo,3550308,True,,770,,,-23.610470375,-46.6857655,,,,1,2023-06-19T16:11:16+00:00
SAO_6412-10,São Paulo,3550308,True,,770,,,-23.588065999999998,-46.671693000000005,,,,1,2023-06-19T16:11:19+00:00
SAO_6412-10,São Paulo,3550308,True,,770,,,-23.59367525,-46.672832,,,,1,2023-06-19T16:11:29+00:00
SAO_6412-10,São Paulo,3550308,True,,770,,,-23.577303,-46.65931875,,,,1,2023-06-19T16:11:40+00:00
SAO_857P-10,São Paulo,3550308,True,,34694,,,-23.558763499999998,-46.659388,,,,2,2023-06-19T16:11:36+00:00
SAO_857P-10,São Paulo,3550308,True,,34694,,,-23.631508,-46.7726,,,,2,2023-06-19T16:11:05+00:00
SAO_857P-10,São Paulo,3550308,True,,34694,,,-23.58077,-46.711467,,,,2,2023-06-19T16:11:44+00:00
SAO_857P-10,São Paulo,3550308,True,,34694,,,-23.575689500000003,-46.642773500000004,,,,2,2023-06-19T16:11:20+00:00
SAO_857P-10,São Paulo,3550308,True,,34694,,,-23.6313825,-46.77286,,,,2,2023-06-19T16:11:12+00:00
SAO_857P-10,São Paulo,3550308,True,,34694,,,-23.59988525,-46.7419835,,,,2,2023-06-19T16:11:12+00:00
SAO_857P-10,São Paulo,3550308,True,,34694,,,-23.6312955,-46.773033999999996,,,,2,2023-06-19T16:11:20+00:00
SAO_857P-10,São Paulo,3550308,True,,34694,,,-23.574640125,-46.642993875,,,,2,2023-06-19T16:11:42+00:00
SAO_857P-10,São Paulo,3550308,True,,34694,,,-23.631508,-46.7726,,,,2,2023-06-19T16:11:23+00:00
SAO_857P-10,São Paulo,3550308,True,,34694,,,-23.6316405,-46.772316,,,,2,2023-06-19T16:11:01+00:00
SAO_857P-10,São Paulo,3550308,True,,34694,,,-23.628341499999998,-46.7677475,,,,2,2023-06-19T16:11:06+00:00
SAO_857P-10,São Paulo,3550308,True,,34694,,,-23.563290000000002,-46.676355,,,,2,2023-06-19T16:11:24+00:00
SAO_5317-10,São Paulo,3550308,True,,69,,,-23.606327,-46.66468075,,,,1,2023-06-19T16:11:19+00:00
SAO_5317-10,São Paulo,3550308,True,,69,,,-23.71901475,-46.67920225,,,,1,2023-06-19T16:09:02+00:00
SAO_5317-10,São Paulo,3550308,True,,69,,,-23.6490915,-46.7033445,,,,1,2023-06-19T16:08:28+00:00
SAO_5317-10,São Paulo,3550308,True,,69,,,-23.541876000000002,-46.634409500000004,,,,1,2023-06-19T16:11:26+00:00
SAO_5317-10,São Paulo,3550308,True,,69,,,-23.7212425,-46.6767315,,,,1,2023-06-19T16:11:22+00:00
SAO_748A-41,São Paulo,3550308,True,,33267,,,-23.597096,-46.7681435,,,,2,2023-06-19T16:11:19+00:00
SAO_748A-41,São Paulo,3550308,True,,33267,,,-23.597096,-46.7681435,,,,2,2023-06-19T16:11:01+00:00
SAO_748A-41,São Paulo,3550308,True,,33267,,,-23.560451500000003,-46.747147875,,,,2,2023-06-19T16:11:42+00:00
SAO_8215-10,São Paulo,3550308,True,,33342,,,-23.461624,-46.7081955,,,,2,2023-06-19T16:11:03+00:00
SAO_8215-10,São Paulo,3550308,True,,33342,,,-23.5397245,-46.6367075,,,,2,2023-06-19T16:11:09+00:00
SAO_8215-10,São Paulo,3550308,True,,33342,,,-23.521528500000002,-46.666227,,,,2,2023-06-19T16:11:15+00:00
SAO_8215-10,São Paulo,3550308,True,,33342,,,-23.49368775,-46.69702875,,,,2,2023-06-19T16:11:00+00:00
SAO_1178-31,São Paulo,3550308,True,,34580,,,-23.530500000000004,-46.63181625,,,,2,2023-06-19T16:11:40+00:00
SAO_1178-31,São Paulo,3550308,True,,34580,,,-23.504152499999996,-46.432775,,,,2,2023-06-19T16:11:39+00:00
SAO_1178-31,São Paulo,3550308,True,,34580,,,-23.5041765,-46.433013,,,,2,2023-06-19T16:11:09+00:00
SAO_1178-31,São Paulo,3550308,True,,34580,,,-23.504139000000002,-46.4331075,,,,2,2023-06-19T16:04:00+00:00
SAO_1178-31,São Paulo,3550308,True,,34580,,,-23.485038,-46.488068999999996,,,,2,2023-06-19T16:09:46+00:00
SAO_1178-31,São Paulo,3550308,True,,34580,,,-23.523956,-46.610837,,,,2,2023-06-19T16:09:58+00:00
SAO_1178-31,São Paulo,3550308,True,,34580,,,-23.525254875,-46.5521055,,,,2,2023-06-19T16:11:05+00:00
SAO_1178-31,São Paulo,3550308,True,,34580,,,-23.50085525,-46.431264,,,,2,2023-06-19T16:11:39+00:00
SAO_1178-31,São Paulo,3550308,True,,34580,,,-23.504152499999996,-46.432775,,,,2,2023-06-19T16:11:15+00:00
SAO_1178-31,São Paulo,3550308,True,,34580,,,-23.49593,-46.509763500000005,,,,2,2023-06-19T16:11:08+00:00
SAO_5141-10,São Paulo,3550308,True,,34393,,,-23.614544,-46.500679,,,,2,2023-06-19T16:11:04+00:00
SAO_5141-10,São Paulo,3550308,True,,34393,,,-23.552186499999998,-46.58588875,,,,2,2023-06-19T16:11:27+00:00
SAO_5141-10,São Paulo,3550308,True,,34393,,,-23.614544,-46.500679,,,,2,2023-06-19T16:11:06+00:00
SAO_5141-10,São Paulo,3550308,True,,34393,,,-23.614496,-46.500415000000004,,,,2,2023-06-19T16:11:15+00:00
SAO_5141-10,São Paulo,3550308,True,,34393,,,-23.5853735,-46.5336215,,,,2,2023-06-19T16:11:31+00:00
SAO_4716-10,São Paulo,3550308,True,,33874,,,-23.601309,-46.602029875,,,,2,2023-06-19T16:11:23+00:00
SAO_4716-10,São Paulo,3550308,True,,33874,,,-23.606478250000002,-46.638320750000005,,,,2,2023-06-19T16:11:15+00:00
SAO_4716-10,São Paulo,3550308,True,,33874,,,-23.6132165,-46.620714,,,,2,2023-06-19T16:11:21+00:00
SAO_4716-10,São Paulo,3550308,True,,33874,,,-23.599436,-46.6383915,,,,2,2023-06-19T16:11:09+00:00
SAO_4716-10,São Paulo,3550308,True,,33874,,,-23.602465000000002,-46.6032275,,,,2,2023-06-19T16:11:01+00:00
SAO_4716-10,São Paulo,3550308,True,,33874,,,-23.601309,-46.602029875,,,,2,2023-06-19T16:11:05+00:00
SAO_4716-10,São Paulo,3550308,True,,33874,,,-23.612245,-46.608571749999996,,,,2,2023-06-19T16:11:33+00:00
SAO_5108-10,São Paulo,3550308,True,,34443,,,-23.567711250000002,-46.613020000000006,,,,2,2023-06-19T16:11:04+00:00
SAO_5108-10,São Paulo,3550308,True,,34443,,,-23.662163624999998,-46.618522125,,,,2,2023-06-19T16:11:31+00:00
SAO_5108-10,São Paulo,3550308,True,,34443,,,-23.658392,-46.619420250000005,,,,2,2023-06-19T16:10:59+00:00
SAO_5108-10,São Paulo,3550308,True,,34443,,,-23.610279,-46.61748475,,,,2,2023-06-19T16:11:24+00:00
SAO_5108-10,São Paulo,3550308,True,,34443,,,-23.547656500000002,-46.6294305,,,,2,2023-06-19T16:11:11+00:00
SAO_5108-10,São Paulo,3550308,True,,34443,,,-23.6405915,-46.6138995,,,,2,2023-06-19T16:11:40+00:00
SAO_5108-10,São Paulo,3550308,True,,34443,,,-23.658018,-46.6186125,,,,2,2023-06-19T16:08:59+00:00
SAO_5108-10,São Paulo,3550308,True,,34443,,,-23.5474855,-46.629544,,,,2,2023-06-19T16:11:22+00:00
SAO_5108-10,São Paulo,3550308,True,,34443,,,-23.547656500000002,-46.6294305,,,,2,2023-06-19T16:11:34+00:00
SAO_5108-10,São Paulo,3550308,True,,34443,,,-23.559824,-46.6295675,,,,2,2023-06-19T16:11:26+00:00
SAO_5108-10,São Paulo,3550308,True,,34443,,,-23.547656500000002,-46.6294305,,,,2,2023-06-19T16:11:20+00:00
SAO_5108-10,São Paulo,3550308,True,,34443,,,-23.650012,-46.6139055,,,,2,2023-06-19T16:11:36+00:00
SAO_4734-10,São Paulo,3550308,True,,33877,,,-23.638475999999997,-46.6080375,,,,2,2023-06-19T16:11:16+00:00
SAO_4734-10,São Paulo,3550308,True,,33877,,,-23.644862,-46.6062615,,,,2,2023-06-19T16:11:17+00:00
SAO_4734-10,São Paulo,3550308,True,,33877,,,-23.6403915,-46.610463499999994,,,,2,2023-06-19T16:11:31+00:00
SAO_4734-10,São Paulo,3550308,True,,33877,,,-23.618195999999998,-46.63638875,,,,2,2023-06-19T16:11:34+00:00
SAO_4734-10,São Paulo,3550308,True,,33877,,,-23.6388835,-46.607565,,,,2,2023-06-19T16:11:07+00:00
SAO_4734-10,São Paulo,3550308,True,,33877,,,-23.6246475,-46.62937375,,,,2,2023-06-19T16:11:08+00:00
SAO_4734-10,São Paulo,3550308,True,,33877,,,-23.646357000000002,-46.60934,,,,2,2023-06-19T16:11:33+00:00
SAO_4734-10,São Paulo,3550308,True,,33877,,,-23.6411645,-46.610744,,,,2,2023-06-19T16:11:39+00:00
SAO_4734-10,São Paulo,3550308,True,,33877,,,-23.62642225,-46.623412875,,,,2,2023-06-19T16:11:10+00:00
SAO_5103-10,São Paulo,3550308,True,,34414,,,-23.59716,-46.64210875,,,,2,2023-06-19T16:11:22+00:00
SAO_5103-10,São Paulo,3550308,True,,34414,,,-23.60226325,-46.610352750000004,,,,2,2023-06-19T16:11:34+00:00
SAO_5103-10,São Paulo,3550308,True,,34414,,,-23.602104875000002,-46.6546855,,,,2,2023-06-19T16:11:37+00:00
SAO_5103-10,São Paulo,3550308,True,,34414,,,-23.597355999999998,-46.628698625,,,,2,2023-06-19T16:11:27+00:00
SAO_637R-10,São Paulo,3550308,True,EMTU,196,https://moovitapp.com/index/pt-br/transporte_p%C3%BAblico-line-196-Sao_Paulo-242-2038937-36419323-0,4.85,-23.654252,-46.712655999999996,,,,1,2023-06-19T16:11:39+00:00
SAO_637R-10,São Paulo,3550308,True,EMTU,196,https://moovitapp.com/index/pt-br/transporte_p%C3%BAblico-line-196-Sao_Paulo-242-2038937-36419323-0,4.85,-23.7207345,-46.77011,,,,1,2023-06-19T16:11:03+00:00
SAO_637R-10,São Paulo,3550308,True,EMTU,196,https://moovitapp.com/index/pt-br/transporte_p%C3%BAblico-line-196-Sao_Paulo-242-2038937-36419323-0,4.85,-23.714484,-46.7775065,,,,1,2023-06-19T16:11:34+00:00
SAO_637R-10,São Paulo,3550308,True,EMTU,196,https://moovitapp.com/index/pt-br/transporte_p%C3%BAblico-line-196-Sao_Paulo-242-2038937-36419323-0,4.85,-23.7207345,-46.77011,,,,1,2023-06-19T16:11:09+00:00
SAO_637R-10,São Paulo,3550308,True,EMTU,196,https://moovitapp.com/index/pt-br/transporte_p%C3%BAblico-line-196-Sao_Paulo-242-2038937-36419323-0,4.85,-23.66589825,-46.713335875,,,,1,2023-06-19T16:11:11+00:00
SAO_637R-10,São Paulo,3550308,True,EMTU,196,https://moovitapp.com/index/pt-br/transporte_p%C3%BAblico-line-196-Sao_Paulo-242-2038937-36419323-0,4.85,-23.672914499999997,-46.743935,,,,1,2023-06-19T16:11:30+00:00
SAO_637R-10,São Paulo,3550308,True,EMTU,196,https://moovitapp.com/index/pt-br/transporte_p%C3%BAblico-line-196-Sao_Paulo-242-2038937-36419323-0,4.85,-23.6894615,-46.77340325,,,,1,2023-06-19T16:11:43+00:00
SAO_637R-10,São Paulo,3550308,True,EMTU,196,https://moovitapp.com/index/pt-br/transporte_p%C3%BAblico-line-196-Sao_Paulo-242-2038937-36419323-0,4.85,-23.654252,-46.712655999999996,,,,1,2023-06-19T16:11:16+00:00
SAO_6026-10,São Paulo,3550308,True,,32855,,,-23.65156975,-46.703075999999996,,,,2,2023-06-19T16:11:43+00:00
SAO_6026-10,São Paulo,3550308,True,,32855,,,-23.736618,-46.7107055,,,,2,2023-06-19T16:11:23+00:00
SAO_6026-10,São Paulo,3550308,True,,32855,,,-23.679933625,-46.695846,,,,2,2023-06-19T16:11:03+00:00
SAO_6026-10,São Paulo,3550308,True,,32855,,,-23.748841,-46.703187,,,,2,2023-06-19T16:11:16+00:00
SAO_6026-10,São Paulo,3550308,True,,32855,,,-23.703340750000002,-46.68876899999999,,,,2,2023-06-19T16:11:32+00:00
SAO_3739-10,São Paulo,3550308,True,,1039,,,-23.5425825,-46.4709825,,,,1,2023-06-19T16:11:05+00:00
SAO_3739-10,São Paulo,3550308,True,,1039,,,-23.61795,-46.411443000000006,,,,1,2023-06-19T16:11:31+00:00
SAO_3739-10,São Paulo,3550308,True,,1039,,,-23.574809000000002,-46.4449745,,,,1,2023-06-19T16:11:37+00:00
SAO_3739-10,São Paulo,3550308,True,,1039,,,-23.604969500000003,-46.4288195,,,,1,2023-06-19T16:11:02+00:00
SAO_3739-10,São Paulo,3550308,True,,1039,,,-23.613349499999998,-46.423146,,,,1,2023-06-19T16:11:35+00:00
SAO_3739-10,São Paulo,3550308,True,,1039,,,-23.5572845,-46.44540225,,,,1,2023-06-19T16:11:38+00:00
SAO_3739-10,São Paulo,3550308,True,,1039,,,-23.542668499999998,-46.471506500000004,,,,1,2023-06-19T16:11:13+00:00
SAO_8012-10,São Paulo,3550308,True,,34791,,,-23.571972,-46.708549500000004,,,,2,2023-06-19T16:11:24+00:00
SAO_8012-10,São Paulo,3550308,True,,34791,,,-23.570788999999998,-46.710192125000006,,,,2,2023-06-19T16:11:34+00:00
SAO_8012-10,São Paulo,3550308,True,,34791,,,-23.5517745,-46.730810250000005,,,,2,2023-06-19T16:11:13+00:00
SAO_6084-10,São Paulo,3550308,True,,1169,,,-23.7675415,-46.716446000000005,,,,1,2023-06-19T16:11:04+00:00
SAO_6084-10,São Paulo,3550308,True,,1169,,,-23.7804115,-46.6731975,,,,1,2023-06-19T16:11:15+00:00
SAO_6084-10,São Paulo,3550308,True,,1169,,,-23.766929500000003,-46.685623,,,,1,2023-06-19T16:11:04+00:00
SAO_1743-10,São Paulo,3550308,True,,33311,,,-23.500714000000002,-46.624559500000004,,,,2,2023-06-19T16:11:44+00:00
SAO_1743-10,São Paulo,3550308,True,,33311,,,-23.456075,-46.667821,,,,2,2023-06-19T16:10:59+00:00
SAO_1743-10,São Paulo,3550308,True,,33311,,,-23.4672165,-46.662435,,,,2,2023-06-19T16:11:24+00:00
SAO_1743-10,São Paulo,3550308,True,,33311,,,-23.456415,-46.667734499999995,,,,2,2023-06-19T16:11:29+00:00
SAO_1743-10,São Paulo,3550308,True,,33311,,,-23.493795,-46.63178875,,,,2,2023-06-19T16:11:43+00:00
SAO_1743-10,São Paulo,3550308,True,,33311,,,-23.456415,-46.667734499999995,,,,2,2023-06-19T16:11:40+00:00
SAO_1743-10,São Paulo,3550308,True,,33311,,,-23.474176,-46.649348,,,,2,2023-06-19T16:11:11+00:00
SAO_1743-10,São Paulo,3550308,True,,33311,,,-23.517,-46.625068999999996,,,,2,2023-06-19T16:11:24+00:00
SAO_917H-10,São Paulo,3550308,True,,33224,,,-23.540452000000002,-46.713922,,,,2,2023-06-19T16:11:15+00:00
SAO_917H-10,São Paulo,3550308,True,,33224,,,-23.484129,-46.7426655,,,,2,2023-06-19T16:11:37+00:00
SAO_917H-10,São Paulo,3550308,True,,33224,,,-23.589511,-46.6342965,,,,2,2023-06-19T16:11:25+00:00
SAO_917H-10,São Paulo,3550308,True,,33224,,,-23.503459749999998,-46.74689775,,,,2,2023-06-19T16:11:04+00:00
SAO_917H-10,São Paulo,3550308,True,,33224,,,-23.5851405,-46.6358475,,,,2,2023-06-19T16:11:34+00:00
SAO_917H-10,São Paulo,3550308,True,,33224,,,-23.5466355,-46.69045,,,,2,2023-06-19T16:11:42+00:00
SAO_917H-10,São Paulo,3550308,True,,33224,,,-23.556026250000002,-46.662388750000005,,,,2,2023-06-19T16:11:31+00:00
SAO_917H-10,São Paulo,3550308,True,,33224,,,-23.5708805,-46.644690375,,,,2,2023-06-19T16:11:33+00:00
SAO_917H-10,São Paulo,3550308,True,,33224,,,-23.53529425,-46.71350125,,,,2,2023-06-19T16:11:24+00:00
SAO_917H-10,São Paulo,3550308,True,,33224,,,-23.4841385,-46.74288,,,,2,2023-06-19T16:11:04+00:00
SAO_917H-10,São Paulo,3550308,True,,33224,,,-23.48722275,-46.726573,,,,2,2023-06-19T16:11:40+00:00
SAO_917H-10,São Paulo,3550308,True,,33224,,,-23.502943625,-46.74680325,,,,2,2023-06-19T16:11:13+00:00
SAO_917H-10,São Paulo,3550308,True,,33224,,,-23.4954515,-46.746051125,,,,2,2023-06-19T16:11:27+00:00
SAO_7006-10,São Paulo,3550308,True,,1995,,,-23.713268,-46.7817135,,,,1,2023-06-19T16:11:37+00:00
SAO_7006-10,São Paulo,3550308,True,,1995,,,-23.685542499999997,-46.770193500000005,,,,1,2023-06-19T16:11:05+00:00
SAO_7006-10,São Paulo,3550308,True,,1995,,,-23.69138175,-46.77535775,,,,1,2023-06-19T16:11:40+00:00
SAO_7006-10,São Paulo,3550308,True,,1995,,,-23.733286,-46.783649999999994,,,,1,2023-06-19T16:11:35+00:00
SAO_8199-10,São Paulo,3550308,True,,33575,,,-23.468757,-46.7514565,,,,2,2023-06-19T16:11:01+00:00
SAO_8199-10,São Paulo,3550308,True,,33575,,,-23.468643,-46.7512295,,,,2,2023-06-19T16:11:30+00:00
SAO_8199-10,São Paulo,3550308,True,,33575,,,-23.484452,-46.6907395,,,,2,2023-06-19T16:11:35+00:00
SAO_8199-10,São Paulo,3550308,True,,33575,,,-23.4897525,-46.716878,,,,2,2023-06-19T16:11:37+00:00
SAO_8199-10,São Paulo,3550308,True,,33575,,,-23.469364499999998,-46.750752250000005,,,,2,2023-06-19T16:11:34+00:00
SAO_8199-10,São Paulo,3550308,True,,33575,,,-23.468643,-46.7512295,,,,2,2023-06-19T16:11:15+00:00
SAO_8199-10,São Paulo,3550308,True,,33575,,,-23.468867000000003,-46.7510885,,,,2,2023-06-19T16:11:23+00:00
SAO_8199-10,São Paulo,3550308,True,,33575,,,-23.4690875,-46.750939,,,,2,2023-06-19T16:11:03+00:00
SAO_8199-10,São Paulo,3550308,True,,33575,,,-23.468643,-46.7512295,,,,2,2023-06-19T16:10:58+00:00
SAO_8199-10,São Paulo,3550308,True,,33575,,,-23.501804999999997,-46.7018785,,,,2,2023-06-19T16:11:14+00:00
SAO_8199-10,São Paulo,3550308,True,,33575,,,-23.4860235,-46.739406,,,,2,2023-06-19T16:10:59+00:00
SAO_8199-10,São Paulo,3550308,True,,33575,,,-23.473588,-46.668544,,,,2,2023-06-19T16:11:06+00:00
SAO_8199-10,São Paulo,3550308,True,,33575,,,-23.476183,-46.6637865,,,,2,2023-06-19T16:11:25+00:00
SAO_2100-10,São Paulo,3550308,True,STT,713,https://moovitapp.com/index/pt-br/transporte_p%C3%BAblico-line-713-Sao_Paulo-242-850661-183342-0,5.3,-23.5553375,-46.601896875,,,,1,2023-06-19T16:11:38+00:00
SAO_2100-10,São Paulo,3550308,True,STT,713,https://moovitapp.com/index/pt-br/transporte_p%C3%BAblico-line-713-Sao_Paulo-242-850661-183342-0,5.3,-23.5494795,-46.632911,,,,1,2023-06-19T16:11:34+00:00
SAO_2100-10,São Paulo,3550308,True,STT,713,https://moovitapp.com/index/pt-br/transporte_p%C3%BAblico-line-713-Sao_Paulo-242-850661-183342-0,5.3,-23.55126125,-46.606846749999995,,,,1,2023-06-19T16:11:45+00:00
SAO_2100-10,São Paulo,3550308,True,STT,713,https://moovitapp.com/index/pt-br/transporte_p%C3%BAblico-line-713-Sao_Paulo-242-850661-183342-0,5.3,-23.548947,-46.6259275,,,,1,2023-06-19T16:11:01+00:00
SAO_2100-10,São Paulo,3550308,True,STT,713,https://moovitapp.com/index/pt-br/transporte_p%C3%BAblico-line-713-Sao_Paulo-242-850661-183342-0,5.3,-23.561101,-46.564223,,,,1,2023-06-19T16:11:22+00:00
SAO_2100-10,São Paulo,3550308,True,STT,713,https://moovitapp.com/index/pt-br/transporte_p%C3%BAblico-line-713-Sao_Paulo-242-850661-183342-0,5.3,-23.5587215,-46.522659000000004,,,,1,2023-06-19T16:11:17+00:00
SAO_2100-10,São Paulo,3550308,True,STT,713,https://moovitapp.com/index/pt-br/transporte_p%C3%BAblico-line-713-Sao_Paulo-242-850661-183342-0,5.3,-23.558597,-46.522197,,,,1,2023-06-19T16:11:44+00:00
SAO_2100-10,São Paulo,3550308,True,STT,713,https://moovitapp.com/index/pt-br/transporte_p%C3%BAblico-line-713-Sao_Paulo-242-850661-183342-0,5.3,-23.5587215,-46.522659000000004,,,,1,2023-06-19T16:11:22+00:00
SAO_2100-10,São Paulo,3550308,True,STT,713,https://moovitapp.com/index/pt-br/transporte_p%C3%BAblico-line-713-Sao_Paulo-242-850661-183342-0,5.3,-23.5716525,-46.536777,,,,1,2023-06-19T16:11:20+00:00
SAO_2100-10,São Paulo,3550308,True,STT,713,https://moovitapp.com/index/pt-br/transporte_p%C3%BAblico-line-713-Sao_Paulo-242-850661-183342-0,5.3,-23.5616205,-46.563106000000005,,,,1,2023-06-19T16:11:37+00:00
SAO_2100-10,São Paulo,3550308,True,STT,713,https://moovitapp.com/index/pt-br/transporte_p%C3%BAblico-line-713-Sao_Paulo-242-850661-183342-0,5.3,-23.556029000000002,-46.5909505,,,,1,2023-06-19T16:11:11+00:00
SAO_2100-10,São Paulo,3550308,True,STT,713,https://moovitapp.com/index/pt-br/transporte_p%C3%BAblico-line-713-Sao_Paulo-242-850661-183342-0,5.3,-23.5625845,-46.522476,,,,1,2023-06-19T16:11:41+00:00
SAO_2100-10,São Paulo,3550308,True,STT,713,https://moovitapp.com/index/pt-br/transporte_p%C3%BAblico-line-713-Sao_Paulo-242-850661-183342-0,5.3,-23.557390499999997,-46.5790685,,,,1,2023-06-19T16:11:16+00:00
SAO_2100-10,São Paulo,3550308,True,STT,713,https://moovitapp.com/index/pt-br/transporte_p%C3%BAblico-line-713-Sao_Paulo-242-850661-183342-0,5.3,-23.5547565,-46.592918499999996,,,,1,2023-06-19T16:11:43+00:00
SAO_2100-10,São Paulo,3550308,True,STT,713,https://moovitapp.com/index/pt-br/transporte_p%C3%BAblico-line-713-Sao_Paulo-242-850661-183342-0,5.3,-23.5484535,-46.6287735,,,,1,2023-06-19T16:11:29+00:00
SAO_6505-10,São Paulo,3550308,True,,34218,,,-23.5801795,-46.67078075,,,,2,2023-06-19T16:11:29+00:00
SAO_6505-10,São Paulo,3550308,True,,34218,,,-23.669023250000002,-46.734721500000006,,,,2,2023-06-19T16:11:39+00:00
SAO_6505-10,São Paulo,3550308,True,,34218,,,-23.567678875000002,-46.659757,,,,2,2023-06-19T16:11:12+00:00
SAO_6505-10,São Paulo,3550308,True,,34218,,,-23.6120785,-46.677924,,,,2,2023-06-19T16:11:45+00:00
SAO_6505-10,São Paulo,3550308,True,,34218,,,-23.646549812499998,-46.70300625,,,,2,2023-06-19T16:11:18+00:00
SAO_6505-10,São Paulo,3550308,True,,34218,,,-23.669123750000004,-46.7350165,,,,2,2023-06-19T16:11:01+00:00
SAO_6505-10,São Paulo,3550308,True,,34218,,,-23.66813,-46.735502499999996,,,,2,2023-06-19T16:11:23+00:00
SAO_6505-10,São Paulo,3550308,True,,34218,,,-23.6453730625,-46.70219924999999,,,,2,2023-06-19T16:11:25+00:00
SAO_6505-10,São Paulo,3550308,True,,34218,,,-23.646549812499998,-46.70300625,,,,2,2023-06-19T16:11:08+00:00
SAO_6505-10,São Paulo,3550308,True,,34218,,,-23.642727999999998,-46.699756,,,,2,2023-06-19T16:11:45+00:00
SAO_6505-10,São Paulo,3550308,True,,34218,,,-23.669023250000002,-46.734721500000006,,,,2,2023-06-19T16:11:29+00:00
SAO_6505-10,São Paulo,3550308,True,,34218,,,-23.5603275,-46.6551405,,,,2,2023-06-19T16:11:44+00:00
SAO_6505-10,São Paulo,3550308,True,,34218,,,-23.555481999999998,-46.649518,,,,2,2023-06-19T16:11:37+00:00
SAO_6039-21,São Paulo,3550308,True,,35261,,,-23.679701,-46.792373,,,,2,2023-06-19T16:11:29+00:00
SAO_6039-21,São Paulo,3550308,True,,35261,,,-23.658084,-46.76473575,,,,2,2023-06-19T16:11:11+00:00
SAO_6039-21,São Paulo,3550308,True,,35261,,,-23.6541265,-46.7631545,,,,2,2023-06-19T16:11:44+00:00
SAO_6039-21,São Paulo,3550308,True,,35261,,,-23.654101,-46.763310000000004,,,,2,2023-06-19T16:11:42+00:00
SAO_9032-10,São Paulo,3550308,True,STT,880,https://moovitapp.com/index/pt-br/transporte_p%C3%BAblico-line-880-Sao_Paulo-242-850661-183362-0,5.3,-23.454430000000002,-46.696312500000005,,,,1,2023-06-19T16:11:13+00:00
SAO_9032-10,São Paulo,3550308,True,STT,880,https://moovitapp.com/index/pt-br/transporte_p%C3%BAblico-line-880-Sao_Paulo-242-850661-183362-0,5.3,-23.44625,-46.69209549999999,,,,1,2023-06-19T16:11:06+00:00
SAO_9032-10,São Paulo,3550308,True,STT,880,https://moovitapp.com/index/pt-br/transporte_p%C3%BAblico-line-880-Sao_Paulo-242-850661-183362-0,5.3,-23.451487,-46.6976175,,,,1,2023-06-19T16:11:39+00:00
SAO_9032-10,São Paulo,3550308,True,STT,880,https://moovitapp.com/index/pt-br/transporte_p%C3%BAblico-line-880-Sao_Paulo-242-850661-183362-0,5.3,-23.44631425,-46.692783750000004,,,,1,2023-06-19T16:11:31+00:00
SAO_9032-10,São Paulo,3550308,True,STT,880,https://moovitapp.com/index/pt-br/transporte_p%C3%BAblico-line-880-Sao_Paulo-242-850661-183362-0,5.3,-23.446290750000003,-46.692449249999996,,,,1,2023-06-19T16:11:18+00:00
SAO_9032-10,São Paulo,3550308,True,STT,880,https://moovitapp.com/index/pt-br/transporte_p%C3%BAblico-line-880-Sao_Paulo-242-850661-183362-0,5.3,-23.463628,-46.6811755,,,,1,2023-06-19T16:11:10+00:00
SAO_2722-31,São Paulo,3550308,True,,33704,,,-23.502519999999997,-46.49397475,,,,2,2023-06-19T16:11:36+00:00
SAO_2722-31,São Paulo,3550308,True,,33704,,,-23.486853,-46.502358,,,,2,2023-06-19T16:11:28+00:00
SAO_2722-31,São Paulo,3550308,True,,33704,,,-23.528868,-46.5167825,,,,2,2023-06-19T16:11:27+00:00
SAO_2722-31,São Paulo,3550308,True,,33704,,,-23.528868,-46.5167825,,,,2,2023-06-19T16:11:29+00:00
SAO_2722-31,São Paulo,3550308,True,,33704,,,-23.5154095,-46.504579500000006,,,,2,2023-06-19T16:11:03+00:00
SAO_2722-31,São Paulo,3550308,True,,33704,,,-23.526940250000003,-46.5190045,,,,2,2023-06-19T16:11:40+00:00
SAO_7021-10,São Paulo,3550308,True,,34757,,,-23.6706775,-46.767814,,,,2,2023-06-19T16:11:29+00:00
SAO_7021-10,São Paulo,3550308,True,,34757,,,-23.670865499999998,-46.768071,,,,2,2023-06-19T16:11:09+00:00
SAO_7021-10,São Paulo,3550308,True,,34757,,,-23.670501,-46.767642,,,,2,2023-06-19T16:11:02+00:00
SAO_7021-10,São Paulo,3550308,True,,34757,,,-23.6755615,-46.75482325,,,,2,2023-06-19T16:11:32+00:00
SAO_179X-10,São Paulo,3550308,True,STT,680,https://moovitapp.com/index/pt-br/transporte_p%C3%BAblico-line-680-Sao_Paulo-242-850661-183334-0,5.3,-23.4811285,-46.601444,,,,1,2023-06-19T16:11:10+00:00
SAO_179X-10,São Paulo,3550308,True,STT,680,https://moovitapp.com/index/pt-br/transporte_p%C3%BAblico-line-680-Sao_Paulo-242-850661-183334-0,5.3,-23.439120000000003,-46.5798375,,,,1,2023-06-19T16:11:37+00:00
SAO_179X-10,São Paulo,3550308,True,STT,680,https://moovitapp.com/index/pt-br/transporte_p%C3%BAblico-line-680-Sao_Paulo-242-850661-183334-0,5.3,-23.470981000000002,-46.586147,,,,1,2023-06-19T16:11:38+00:00
SAO_179X-10,São Paulo,3550308,True,STT,680,https://moovitapp.com/index/pt-br/transporte_p%C3%BAblico-line-680-Sao_Paulo-242-850661-183334-0,5.3,-23.432215,-46.571414000000004,,,,1,2023-06-19T16:11:08+00:00
SAO_179X-10,São Paulo,3550308,True,STT,680,https://moovitapp.com/index/pt-br/transporte_p%C3%BAblico-line-680-Sao_Paulo-242-850661-183334-0,5.3,-23.52573675,-46.653501999999996,,,,1,2023-06-19T16:11:40+00:00
SAO_179X-10,São Paulo,3550308,True,STT,680,https://moovitapp.com/index/pt-br/transporte_p%C3%BAblico-line-680-Sao_Paulo-242-850661-183334-0,5.3,-23.526459,-46.666861499999996,,,,1,2023-06-19T16:11:07+00:00
SAO_6258-10,São Paulo,3550308,True,,1232,,,-23.691460499999998,-46.746868500000005,,,,1,2023-06-19T16:11:32+00:00
SAO_6258-10,São Paulo,3550308,True,,1232,,,-23.691460499999998,-46.746868500000005,,,,1,2023-06-19T16:11:24+00:00
SAO_6258-10,São Paulo,3550308,True,,1232,,,-23.666610749999997,-46.720212499999995,,,,1,2023-06-19T16:11:45+00:00
SAO_6258-10,São Paulo,3550308,True,,1232,,,-23.653958125,-46.712061750000004,,,,1,2023-06-19T16:11:28+00:00
SAO_6258-10,São Paulo,3550308,True,,1232,,,-23.691460499999998,-46.746868500000005,,,,1,2023-06-19T16:11:19+00:00
SAO_6258-10,São Paulo,3550308,True,,1232,,,-23.68990475,-46.743288750000005,,,,1,2023-06-19T16:11:12+00:00
SAO_6258-10,São Paulo,3550308,True,,1232,,,-23.667417,-46.728587,,,,1,2023-06-19T16:11:45+00:00
SAO_4029-10,São Paulo,3550308,True,,1099,,,-23.581701499999998,-46.553227750000005,,,,1,2023-06-19T16:11:36+00:00
SAO_4029-10,São Paulo,3550308,True,,1099,,,-23.598543,-46.5201735,,,,1,2023-06-19T16:11:45+00:00
SAO_4029-10,São Paulo,3550308,True,,1099,,,-23.579904499999998,-46.570334,,,,1,2023-06-19T16:11:05+00:00
SAO_4029-10,São Paulo,3550308,True,,1099,,,-23.612414,-46.481665,,,,1,2023-06-19T16:11:31+00:00
SAO_4029-10,São Paulo,3550308,True,,1099,,,-23.6101915,-46.480281500000004,,,,1,2023-06-19T16:11:17+00:00
SAO_4029-10,São Paulo,3550308,True,,1099,,,-23.614496,-46.500415000000004,,,,1,2023-06-19T16:11:18+00:00
SAO_4029-10,São Paulo,3550308,True,,1099,,,-23.58023125,-46.582486749999994,,,,1,2023-06-19T16:11:40+00:00
SAO_669A-10,São Paulo,3550308,True,,4,,,-23.5777115,-46.65976675,,,,1,2023-06-19T16:11:07+00:00
SAO_669A-10,São Paulo,3550308,True,,4,,,-23.627192,-46.687895749999996,,,,1,2023-06-19T16:11:04+00:00
SAO_669A-10,São Paulo,3550308,True,,4,,,-23.59324375,-46.672788,,,,1,2023-06-19T16:11:13+00:00
SAO_669A-10,São Paulo,3550308,True,,4,,,-23.56074075,-46.657163999999995,,,,1,2023-06-19T16:11:02+00:00
SAO_273V-10,São Paulo,3550308,True,EMTU,231,https://moovitapp.com/index/pt-br/transporte_p%C3%BAblico-line-231-Sao_Paulo-242-2038937-36419348-0,6.2,-23.533840499999997,-46.457106499999995,,,,1,2023-06-19T16:09:47+00:00
SAO_3718-10,São Paulo,3550308,True,,33781,,,-23.5472815,-46.481521,,,,2,2023-06-19T16:11:45+00:00
SAO_3718-10,São Paulo,3550308,True,,33781,,,-23.541323,-46.4845135,,,,2,2023-06-19T16:11:17+00:00
SAO_3718-10,São Paulo,3550308,True,,33781,,,-23.541107,-46.4847105,,,,2,2023-06-19T16:11:41+00:00
SAO_3718-10,São Paulo,3550308,True,,33781,,,-23.55294325,-46.4847345,,,,2,2023-06-19T16:11:10+00:00
SAO_7012-10,São Paulo,3550308,True,,34811,,,-23.7101355,-46.77553675,,,,2,2023-06-19T16:11:29+00:00
SAO_7012-10,São Paulo,3550308,True,,34811,,,-23.7106145,-46.776089,,,,2,2023-06-19T16:11:38+00:00
SAO_7012-10,São Paulo,3550308,True,,34811,,,-23.7103945,-46.77583224999999,,,,2,2023-06-19T16:11:34+00:00
SAO_7012-10,São Paulo,3550308,True,,34811,,,-23.7103945,-46.77583224999999,,,,2,2023-06-19T16:11:15+00:00
SAO_7012-10,São Paulo,3550308,True,,34811,,,-23.7098525,-46.770364,,,,2,2023-06-19T16:11:33+00:00
SAO_7012-10,São Paulo,3550308,True,,34811,,,-23.682290000000002,-46.767501499999995,,,,2,2023-06-19T16:11:26+00:00
SAO_7012-10,São Paulo,3550308,True,,34811,,,-23.668707,-46.7352225,,,,2,2023-06-19T16:11:36+00:00
SAO_7012-10,São Paulo,3550308,True,,34811,,,-23.7106145,-46.776089,,,,2,2023-06-19T16:11:07+00:00
SAO_312N-10,São Paulo,3550308,True,,990,,,-23.569784,-46.39971,,,,1,2023-06-19T16:11:38+00:00
SAO_312N-10,São Paulo,3550308,True,,990,,,-23.559313000000003,-46.4037675,,,,1,2023-06-19T16:11:22+00:00
SAO_312N-10,São Paulo,3550308,True,,990,,,-23.583113,-46.4080205,,,,1,2023-06-19T16:11:32+00:00
SAO_312N-10,São Paulo,3550308,True,,990,,,-23.5831765,-46.407794499999994,,,,1,2023-06-19T16:11:17+00:00
SAO_312N-10,São Paulo,3550308,True,,990,,,-23.5265305,-46.39762425,,,,1,2023-06-19T16:11:15+00:00
SAO_312N-10,São Paulo,3550308,True,,990,,,-23.4910635,-46.441517,,,,1,2023-06-19T16:11:01+00:00
SAO_312N-10,São Paulo,3550308,True,,990,,,-23.4910945,-46.441233999999994,,,,1,2023-06-19T16:11:38+00:00
SAO_312N-10,São Paulo,3550308,True,,990,,,-23.5212625,-46.405709,,,,1,2023-06-19T16:11:36+00:00
SAO_312N-10,São Paulo,3550308,True,,990,,,-23.5227955,-46.399609999999996,,,,1,2023-06-19T16:11:00+00:00
SAO_312N-10,São Paulo,3550308,True,,990,,,-23.559313000000003,-46.4037675,,,,1,2023-06-19T16:11:12+00:00
SAO_6817-10,São Paulo,3550308,True,,27,,,-23.6851545,-46.782897500000004,,,,1,2023-06-19T16:11:06+00:00
SAO_6817-10,São Paulo,3550308,True,,27,,,-23.66215,-46.7691005,,,,1,2023-06-19T16:11:45+00:00
SAO_6817-10,São Paulo,3550308,True,,27,,,-23.6851545,-46.782897500000004,,,,1,2023-06-19T16:11:13+00:00
SAO_857C-10,São Paulo,3550308,True,,34669,,,-23.647323999999998,-46.7577785,,,,2,2023-06-19T16:11:03+00:00
SAO_857C-10,São Paulo,3550308,True,,34669,,,-23.6143905,-46.6791235,,,,2,2023-06-19T16:11:45+00:00
SAO_857C-10,São Paulo,3550308,True,,34669,,,-23.639190499999998,-46.6604365,,,,2,2023-06-19T16:11:31+00:00
SAO_857C-10,São Paulo,3550308,True,,34669,,,-23.64481825,-46.71861725,,,,2,2023-06-19T16:11:27+00:00
SAO_857C-10,São Paulo,3550308,True,,34669,,,-23.6313825,-46.77286,,,,2,2023-06-19T16:11:20+00:00
SAO_857C-10,São Paulo,3550308,True,,34669,,,-23.6435235,-46.764984999999996,,,,2,2023-06-19T16:11:03+00:00
SAO_857C-10,São Paulo,3550308,True,,34669,,,-23.6313825,-46.77286,,,,2,2023-06-19T16:11:43+00:00
SAO_6017-10,São Paulo,3550308,True,,33974,,,-23.646386,-46.7039875,,,,2,2023-06-19T16:11:30+00:00
SAO_6017-10,São Paulo,3550308,True,,33974,,,-23.696951,-46.761001,,,,2,2023-06-19T16:11:25+00:00
SAO_6017-10,São Paulo,3550308,True,,33974,,,-23.696996,-46.7609965,,,,2,2023-06-19T16:11:20+00:00
SAO_6017-10,São Paulo,3550308,True,,33974,,,-23.697047,-46.760983499999995,,,,2,2023-06-19T16:11:03+00:00
SAO_6017-10,São Paulo,3550308,True,,33974,,,-23.697380000000003,-46.760808,,,,2,2023-06-19T16:11:39+00:00
SAO_6017-10,São Paulo,3550308,True,,33974,,,-23.650951499999998,-46.708732,,,,2,2023-06-19T16:11:41+00:00
SAO_6017-10,São Paulo,3550308,True,,33974,,,-23.665769,-46.7133115,,,,2,2023-06-19T16:11:02+00:00
SAO_6017-10,São Paulo,3550308,True,,33974,,,-23.678326,-46.762874,,,,2,2023-06-19T16:11:42+00:00
SAO_1772-10,São Paulo,3550308,True,,33403,,,-23.449424999999998,-46.5836655,,,,2,2023-06-19T16:11:35+00:00
SAO_1772-10,São Paulo,3550308,True,,33403,,,-23.4350765,-46.581492999999995,,,,2,2023-06-19T16:11:09+00:00
SAO_1772-10,São Paulo,3550308,True,,33403,,,-23.435454,-46.582171,,,,2,2023-06-19T16:11:41+00:00
SAO_1772-10,São Paulo,3550308,True,,33403,,,-23.4352895,-46.5818785,,,,2,2023-06-19T16:11:38+00:00
SAO_1772-10,São Paulo,3550308,True,,33403,,,-23.48009,-46.602402,,,,2,2023-06-19T16:11:37+00:00
SAO_1772-10,São Paulo,3550308,True,,33403,,,-23.473988,-46.59854,,,,2,2023-06-19T16:10:42+00:00
SAO_1772-10,São Paulo,3550308,True,,33403,,,-23.4352895,-46.5818785,,,,2,2023-06-19T16:11:22+00:00
SAO_1772-10,São Paulo,3550308,True,,33403,,,-23.4352895,-46.5818785,,,,2,2023-06-19T16:11:19+00:00
SAO_5652-10,São Paulo,3550308,True,STT,274,https://moovitapp.com/index/pt-br/transporte_p%C3%BAblico-line-274-Sao_Paulo-242-850661-183274-0,5.3,-23.5507755,-46.6346735,,,,1,2023-06-19T16:11:37+00:00
SAO_5652-10,São Paulo,3550308,True,STT,274,https://moovitapp.com/index/pt-br/transporte_p%C3%BAblico-line-274-Sao_Paulo-242-850661-183274-0,5.3,-23.610266000000003,-46.654694,,,,1,2023-06-19T16:11:22+00:00
SAO_5652-10,São Paulo,3550308,True,STT,274,https://moovitapp.com/index/pt-br/transporte_p%C3%BAblico-line-274-Sao_Paulo-242-850661-183274-0,5.3,-23.713808,-46.685263500000005,,,,1,2023-06-19T16:10:59+00:00
SAO_5652-10,São Paulo,3550308,True,STT,274,https://moovitapp.com/index/pt-br/transporte_p%C3%BAblico-line-274-Sao_Paulo-242-850661-183274-0,5.3,-23.673527,-46.677679999999995,,,,1,2023-06-19T16:11:11+00:00
SAO_519M-10,São Paulo,3550308,True,,34979,,,-23.593531874999996,-46.560860250000005,,,,2,2023-06-19T16:11:35+00:00
SAO_519M-10,São Paulo,3550308,True,,34979,,,-23.613013000000002,-46.4892655,,,,2,2023-06-19T16:10:58+00:00
SAO_519M-10,São Paulo,3550308,True,,34979,,,-23.613175749999996,-46.4832415,,,,2,2023-06-19T16:11:11+00:00
SAO_519M-10,São Paulo,3550308,True,,34979,,,-23.579816,-46.6070495,,,,2,2023-06-19T16:11:41+00:00
SAO_8013-41,São Paulo,3550308,True,,2011,,,-23.432446499999998,-46.787048,,,,1,2023-06-19T16:11:41+00:00
SAO_8013-41,São Paulo,3550308,True,,2011,,,-23.436788,-46.8062195,,,,1,2023-06-19T16:11:00+00:00
SAO_1720-10,São Paulo,3550308,True,,863,,,-23.494577,-46.568966,,,,1,2023-06-19T16:11:24+00:00
SAO_1720-10,São Paulo,3550308,True,,863,,,-23.4816915,-46.58247625,,,,1,2023-06-19T16:11:33+00:00
SAO_1720-10,São Paulo,3550308,True,,863,,,-23.446386,-46.613838,,,,1,2023-06-19T16:11:02+00:00
SAO_1720-10,São Paulo,3550308,True,,863,,,-23.489395000000002,-46.570944,,,,1,2023-06-19T16:11:35+00:00
SAO_1720-10,São Paulo,3550308,True,,863,,,-23.441294499999998,-46.6162565,,,,1,2023-06-19T15:59:00+00:00
SAO_1720-10,São Paulo,3550308,True,,863,,,-23.4562085,-46.614334,,,,1,2023-06-19T16:11:38+00:00
SAO_1720-10,São Paulo,3550308,True,,863,,,-23.4807775,-46.60547,,,,1,2023-06-19T16:11:10+00:00
SAO_1720-10,São Paulo,3550308,True,,863,,,-23.446115,-46.613445,,,,1,2023-06-19T16:05:59+00:00
SAO_877T-10,São Paulo,3550308,True,,34149,,,-23.5182506875,-46.7131173125,,,,2,2023-06-19T16:11:36+00:00
SAO_877T-10,São Paulo,3550308,True,,34149,,,-23.565641499999998,-46.6513415,,,,2,2023-06-19T16:11:42+00:00
SAO_877T-10,São Paulo,3550308,True,,34149,,,-23.51331475,-46.72147137500001,,,,2,2023-06-19T16:11:11+00:00
SAO_877T-10,São Paulo,3550308,True,,34149,,,-23.540498,-46.6554255,,,,2,2023-06-19T16:11:07+00:00
SAO_6061-10,São Paulo,3550308,True,,1150,,,-23.783823750000003,-46.68278600000001,,,,1,2023-06-19T16:11:30+00:00
SAO_6061-10,São Paulo,3550308,True,,1150,,,-23.7817615,-46.681180499999996,,,,1,2023-06-19T16:11:35+00:00
SAO_6061-10,São Paulo,3550308,True,,1150,,,-23.7817615,-46.681180499999996,,,,1,2023-06-19T16:11:30+00:00
SAO_6061-10,São Paulo,3550308,True,,1150,,,-23.7345775,-46.694962000000004,,,,1,2023-06-19T16:11:17+00:00
SAO_6061-10,São Paulo,3550308,True,,1150,,,-23.748095499999998,-46.68762275,,,,1,2023-06-19T16:11:30+00:00
SAO_6061-10,São Paulo,3550308,True,,1150,,,-23.7637985,-46.692477499999995,,,,1,2023-06-19T16:11:41+00:00
SAO_4222-10,São Paulo,3550308,True,,33056,,,-23.592894,-46.545981,,,,2,2023-06-19T16:11:08+00:00
SAO_4222-10,São Paulo,3550308,True,,33056,,,-23.5638455,-46.6100665,,,,2,2023-06-19T16:11:10+00:00
SAO_4222-10,São Paulo,3550308,True,,33056,,,-23.614827,-46.512039,,,,2,2023-06-19T16:11:07+00:00
SAO_4222-10,São Paulo,3550308,True,,33056,,,-23.584547,-46.589792,,,,2,2023-06-19T16:11:44+00:00
SAO_4222-10,São Paulo,3550308,True,,33056,,,-23.6143715,-46.512184000000005,,,,2,2023-06-19T16:11:10+00:00
SAO_5129-41,São Paulo,3550308,True,,1974,,,-23.6480665,-46.67044,,,,1,2023-06-19T16:11:05+00:00
SAO_5143-10,São Paulo,3550308,True,,1628,,,-23.583546,-46.575475499999996,,,,1,2023-06-19T16:11:13+00:00
SAO_5143-10,São Paulo,3550308,True,,1628,,,-23.6028755,-46.514859,,,,1,2023-06-19T16:11:13+00:00
SAO_5143-10,São Paulo,3550308,True,,1628,,,-23.614242,-46.501176,,,,1,2023-06-19T16:11:34+00:00
SAO_5143-10,São Paulo,3550308,True,,1628,,,-23.614242,-46.501176,,,,1,2023-06-19T16:11:28+00:00
SAO_6044-10,São Paulo,3550308,True,,1221,,,-23.6419265,-46.7127905,,,,1,2023-06-19T16:11:01+00:00
SAO_6044-10,São Paulo,3550308,True,,1221,,,-23.676944,-46.7986715,,,,1,2023-06-19T16:11:40+00:00
SAO_6044-10,São Paulo,3550308,True,,1221,,,-23.676944,-46.7986715,,,,1,2023-06-19T16:11:28+00:00
SAO_6044-10,São Paulo,3550308,True,,1221,,,-23.676944,-46.7986715,,,,1,2023-06-19T16:11:27+00:00
SAO_6044-10,São Paulo,3550308,True,,1221,,,-23.66557675,-46.78298225,,,,1,2023-06-19T16:11:28+00:00
SAO_6044-10,São Paulo,3550308,True,,1221,,,-23.6492035,-46.7505295,,,,1,2023-06-19T16:11:07+00:00
SAO_6044-10,São Paulo,3550308,True,,1221,,,-23.676375,-46.798244,,,,1,2023-06-19T16:11:10+00:00
SAO_6044-10,São Paulo,3550308,True,,1221,,,-23.660571,-46.768245,,,,1,2023-06-19T16:11:14+00:00
SAO_8600-22,São Paulo,3550308,True,,34822,,,-23.54222525,-46.6382325,,,,2,2023-06-19T16:11:20+00:00
SAO_8600-22,São Paulo,3550308,True,,34822,,,-23.5429835,-46.6376015,,,,2,2023-06-19T16:11:07+00:00
SAO_8600-22,São Paulo,3550308,True,,34822,,,-23.542382500000002,-46.638102,,,,2,2023-06-19T16:11:05+00:00
SAO_8600-22,São Paulo,3550308,True,,34822,,,-23.54222525,-46.6382325,,,,2,2023-06-19T16:11:23+00:00
SAO_2182-10,São Paulo,3550308,True,STT,700,https://moovitapp.com/index/pt-br/transporte_p%C3%BAblico-line-700-Sao_Paulo-242-850661-183337-0,5.3,-23.481513999999997,-46.5715465,,,,1,2023-06-19T16:11:00+00:00
SAO_2182-10,São Paulo,3550308,True,STT,700,https://moovitapp.com/index/pt-br/transporte_p%C3%BAblico-line-700-Sao_Paulo-242-850661-183337-0,5.3,-23.481513999999997,-46.5715465,,,,1,2023-06-19T16:11:19+00:00
SAO_2182-10,São Paulo,3550308,True,STT,700,https://moovitapp.com/index/pt-br/transporte_p%C3%BAblico-line-700-Sao_Paulo-242-850661-183337-0,5.3,-23.53906475,-46.6071805,,,,1,2023-06-19T16:11:26+00:00
SAO_2182-10,São Paulo,3550308,True,STT,700,https://moovitapp.com/index/pt-br/transporte_p%C3%BAblico-line-700-Sao_Paulo-242-850661-183337-0,5.3,-23.51295525,-46.58451375,,,,1,2023-06-19T16:11:38+00:00
SAO_2182-10,São Paulo,3550308,True,STT,700,https://moovitapp.com/index/pt-br/transporte_p%C3%BAblico-line-700-Sao_Paulo-242-850661-183337-0,5.3,-23.481513999999997,-46.5715465,,,,1,2023-06-19T16:09:04+00:00
SAO_2182-10,São Paulo,3550308,True,STT,700,https://moovitapp.com/index/pt-br/transporte_p%C3%BAblico-line-700-Sao_Paulo-242-850661-183337-0,5.3,-23.542213,-46.627381,,,,1,2023-06-19T16:11:32+00:00
SAO_2182-10,São Paulo,3550308,True,STT,700,https://moovitapp.com/index/pt-br/transporte_p%C3%BAblico-line-700-Sao_Paulo-242-850661-183337-0,5.3,-23.5428145,-46.635748,,,,1,2023-06-19T16:11:30+00:00
SAO_2182-10,São Paulo,3550308,True,STT,700,https://moovitapp.com/index/pt-br/transporte_p%C3%BAblico-line-700-Sao_Paulo-242-850661-183337-0,5.3,-23.51919025,-46.59044775,,,,1,2023-06-19T16:11:30+00:00
SAO_213E-10,São Paulo,3550308,True,,35266,,,-23.485591499999998,-46.57862,,,,2,2023-06-19T16:11:09+00:00
SAO_6L07-10,São Paulo,3550308,True,,1545,,,-23.822149000000003,-46.706101000000004,,,,1,2023-06-19T16:11:08+00:00
SAO_9006-10,São Paulo,3550308,True,,33642,,,-23.4653195,-46.6903695,,,,2,2023-06-19T16:11:26+00:00
SAO_9006-10,São Paulo,3550308,True,,33642,,,-23.473861499999998,-46.667732,,,,2,2023-06-19T16:11:18+00:00
SAO_9006-10,São Paulo,3550308,True,,33642,,,-23.471149,-46.681216,,,,2,2023-06-19T16:11:31+00:00
SAO_9006-10,São Paulo,3550308,True,,33642,,,-23.464918,-46.690571500000004,,,,2,2023-06-19T16:11:03+00:00
SAO_9006-10,São Paulo,3550308,True,,33642,,,-23.4650015,-46.690522,,,,2,2023-06-19T16:11:15+00:00
SAO_4008-10,São Paulo,3550308,True,,2182,,,-23.576673,-46.4371055,,,,1,2023-06-19T16:11:14+00:00
SAO_4008-10,São Paulo,3550308,True,,2182,,,-23.5652125,-46.4678895,,,,1,2023-06-19T16:11:15+00:00
SAO_4008-10,São Paulo,3550308,True,,2182,,,-23.5580635,-46.522337500000006,,,,1,2023-06-19T16:11:31+00:00
SAO_5018-10,São Paulo,3550308,True,,34260,,,-23.690946,-46.651754,,,,2,2023-06-19T16:11:07+00:00
SAO_5018-10,São Paulo,3550308,True,,34260,,,-23.647126,-46.6409845,,,,2,2023-06-19T16:11:34+00:00
SAO_5018-10,São Paulo,3550308,True,,34260,,,-23.67568,-46.67331825,,,,2,2023-06-19T16:11:06+00:00
SAO_5018-10,São Paulo,3550308,True,,34260,,,-23.675342999999998,-46.673078000000004,,,,2,2023-06-19T16:11:31+00:00
SAO_5018-10,São Paulo,3550308,True,,34260,,,-23.6693775,-46.649161500000005,,,,2,2023-06-19T16:11:40+00:00
SAO_5018-10,São Paulo,3550308,True,,34260,,,-23.6677745,-46.65292325,,,,2,2023-06-19T16:11:39+00:00
SAO_2033-10,São Paulo,3550308,True,,2499,,,-23.4869505,-46.568163,,,,1,2023-06-19T16:11:25+00:00
SAO_2033-10,São Paulo,3550308,True,,2499,,,-23.51949775,-46.59069025,,,,1,2023-06-19T16:10:48+00:00
SAO_274P-10,São Paulo,3550308,True,,33000,,,-23.512558,-46.530508,,,,2,2023-06-19T16:11:02+00:00
SAO_274P-10,São Paulo,3550308,True,,33000,,,-23.5836355,-46.62760975,,,,2,2023-06-19T16:11:17+00:00
SAO_274P-10,São Paulo,3550308,True,,33000,,,-23.512558,-46.530508,,,,2,2023-06-19T16:11:45+00:00
SAO_274P-10,São Paulo,3550308,True,,33000,,,-23.53362875,-46.56546,,,,2,2023-06-19T16:11:19+00:00
SAO_274P-10,São Paulo,3550308,True,,33000,,,-23.523795749999998,-46.5478295,,,,2,2023-06-19T16:11:25+00:00
SAO_8019-10,São Paulo,3550308,True,,34839,,,-23.544992,-46.7471585,,,,2,2023-06-19T16:11:36+00:00
SAO_8019-10,São Paulo,3550308,True,,34839,,,-23.544992,-46.7471585,,,,2,2023-06-19T16:11:37+00:00
SAO_8019-10,São Paulo,3550308,True,,34839,,,-23.563919,-46.7457965,,,,2,2023-06-19T16:11:33+00:00
SAO_3160-10,São Paulo,3550308,True,,32893,,,-23.55265725,-46.606790624999995,,,,2,2023-06-19T16:11:40+00:00
SAO_3160-10,São Paulo,3550308,True,,32893,,,-23.583903499999998,-46.5856135,,,,2,2023-06-19T16:11:16+00:00
SAO_3160-10,São Paulo,3550308,True,,32893,,,-23.553249375,-46.600373875,,,,2,2023-06-19T16:11:14+00:00
SAO_3160-10,São Paulo,3550308,True,,32893,,,-23.555141,-46.600137000000004,,,,2,2023-06-19T16:11:37+00:00
SAO_3160-10,São Paulo,3550308,True,,32893,,,-23.583903499999998,-46.5856135,,,,2,2023-06-19T16:11:41+00:00
SAO_3160-10,São Paulo,3550308,True,,32893,,,-23.583870499999996,-46.585190499999996,,,,2,2023-06-19T16:11:32+00:00
SAO_3160-10,São Paulo,3550308,True,,32893,,,-23.579641,-46.586913499999994,,,,2,2023-06-19T16:11:17+00:00
SAO_1036-10,São Paulo,3550308,True,,2453,,,-23.45588,-46.7133865,,,,1,2023-06-19T16:11:22+00:00
SAO_1036-10,São Paulo,3550308,True,,2453,,,-23.455702,-46.713129499999994,,,,1,2023-06-19T16:11:32+00:00
SAO_1036-10,São Paulo,3550308,True,,2453,,,-23.447775,-46.708842000000004,,,,1,2023-06-19T16:11:03+00:00
SAO_1036-10,São Paulo,3550308,True,,2453,,,-23.447921,-46.708813500000005,,,,1,2023-06-19T16:11:33+00:00
SAO_1036-10,São Paulo,3550308,True,,2453,,,-23.480119000000002,-46.7128115,,,,1,2023-06-19T16:11:38+00:00
SAO_1036-10,São Paulo,3550308,True,,2453,,,-23.4474525,-46.708232,,,,1,2023-06-19T16:11:05+00:00
SAO_1036-10,São Paulo,3550308,True,,2453,,,-23.4847105,-46.709543,,,,1,2023-06-19T16:11:27+00:00
SAO_5194-10,São Paulo,3550308,True,,33037,,,-23.6729445,-46.681362625000006,,,,2,2023-06-19T16:10:44+00:00
SAO_5194-10,São Paulo,3550308,True,,33037,,,-23.708384000000002,-46.655919749999995,,,,2,2023-06-19T16:10:09+00:00
SAO_5194-10,São Paulo,3550308,True,,33037,,,-23.606778,-46.652194,,,,2,2023-06-19T16:11:17+00:00
SAO_3063-10,São Paulo,3550308,True,,33021,,,-23.5577225,-46.399697,,,,2,2023-06-19T16:11:19+00:00
SAO_3063-10,São Paulo,3550308,True,,33021,,,-23.5592195,-46.399505500000004,,,,2,2023-06-19T16:11:22+00:00
SAO_3063-10,São Paulo,3550308,True,,33021,,,-23.550703,-46.4070435,,,,2,2023-06-19T16:11:44+00:00
SAO_3063-10,São Paulo,3550308,True,,33021,,,-23.592452499999997,-46.417823625,,,,2,2023-06-19T16:11:41+00:00
SAO_3063-10,São Paulo,3550308,True,,33021,,,-23.542816000000002,-46.41439175,,,,2,2023-06-19T16:11:26+00:00
SAO_3063-10,São Paulo,3550308,True,,33021,,,-23.5591695,-46.3996545,,,,2,2023-06-19T16:11:12+00:00
SAO_3063-10,São Paulo,3550308,True,,33021,,,-23.558238,-46.399558999999996,,,,2,2023-06-19T16:11:22+00:00
SAO_3063-10,São Paulo,3550308,True,,33021,,,-23.558008,-46.3996015,,,,2,2023-06-19T16:11:30+00:00
SAO_3063-10,São Paulo,3550308,True,,33021,,,-23.613977,-46.476685,,,,2,2023-06-19T16:11:27+00:00
SAO_476G-10,São Paulo,3550308,True,,33879,,,-23.601577499999998,-46.5433965,,,,2,2023-06-19T16:11:29+00:00
SAO_476G-10,São Paulo,3550308,True,,33879,,,-23.59643775,-46.5741275,,,,2,2023-06-19T16:11:27+00:00
SAO_476G-10,São Paulo,3550308,True,,33879,,,-23.585711000000003,-46.64676287500001,,,,2,2023-06-19T16:11:21+00:00
SAO_476G-10,São Paulo,3550308,True,,33879,,,-23.6160575,-46.513374999999996,,,,2,2023-06-19T16:07:35+00:00
SAO_121G-10,São Paulo,3550308,True,,33459,,,-23.4810685,-46.603014,,,,2,2023-06-19T16:11:37+00:00
SAO_121G-10,São Paulo,3550308,True,,33459,,,-23.516718500000003,-46.5686005,,,,2,2023-06-19T16:11:01+00:00
SAO_121G-10,São Paulo,3550308,True,,33459,,,-23.4810685,-46.603014,,,,2,2023-06-19T16:11:10+00:00
SAO_121G-10,São Paulo,3550308,True,,33459,,,-23.493226999999997,-46.583146,,,,2,2023-06-19T16:10:13+00:00
SAO_121G-10,São Paulo,3550308,True,,33459,,,-23.4810685,-46.603014,,,,2,2023-06-19T16:11:35+00:00
SAO_121G-10,São Paulo,3550308,True,,33459,,,-23.4810685,-46.603014,,,,2,2023-06-19T16:11:35+00:00
SAO_121G-10,São Paulo,3550308,True,,33459,,,-23.5216375,-46.56288625,,,,2,2023-06-19T16:11:07+00:00
SAO_3006-10,São Paulo,3550308,True,,1865,,,-23.545572999999997,-46.4032005,,,,1,2023-06-19T16:11:19+00:00
SAO_3006-10,São Paulo,3550308,True,,1865,,,-23.548099999999998,-46.389815,,,,1,2023-06-19T16:11:08+00:00
SAO_172N-10,São Paulo,3550308,True,,33432,,,-23.514648375,-46.61627775,,,,2,2023-06-19T16:11:26+00:00
SAO_172N-10,São Paulo,3550308,True,,33432,,,-23.515946749999998,-46.61641775,,,,2,2023-06-19T16:11:42+00:00
SAO_172N-10,São Paulo,3550308,True,,33432,,,-23.516318499999997,-46.616457999999994,,,,2,2023-06-19T16:11:16+00:00
SAO_172N-10,São Paulo,3550308,True,,33432,,,-23.515946749999998,-46.61641775,,,,2,2023-06-19T16:11:01+00:00
SAO_172N-10,São Paulo,3550308,True,,33432,,,-23.5035145,-46.5922305,,,,2,2023-06-19T16:11:17+00:00
SAO_172N-10,São Paulo,3550308,True,,33432,,,-23.508077,-46.597575500000005,,,,2,2023-06-19T16:10:37+00:00
SAO_172N-10,São Paulo,3550308,True,,33432,,,-23.53502475,-46.6002785,,,,2,2023-06-19T16:11:34+00:00
SAO_3459-10,São Paulo,3550308,True,EMTU,402,https://moovitapp.com/index/pt-br/transporte_p%C3%BAblico-line-402-Sao_Paulo-242-2038937-36419464-0,3.7,-23.5165205,-46.385602000000006,,,,1,2023-06-19T16:11:03+00:00
SAO_3459-10,São Paulo,3550308,True,EMTU,402,https://moovitapp.com/index/pt-br/transporte_p%C3%BAblico-line-402-Sao_Paulo-242-2038937-36419464-0,3.7,-23.525906375,-46.528346750000004,,,,1,2023-06-19T16:11:31+00:00
SAO_3459-10,São Paulo,3550308,True,EMTU,402,https://moovitapp.com/index/pt-br/transporte_p%C3%BAblico-line-402-Sao_Paulo-242-2038937-36419464-0,3.7,-23.5059105,-46.443055,,,,1,2023-06-19T16:10:50+00:00
SAO_3459-10,São Paulo,3550308,True,EMTU,402,https://moovitapp.com/index/pt-br/transporte_p%C3%BAblico-line-402-Sao_Paulo-242-2038937-36419464-0,3.7,-23.4960775,-46.4026035,,,,1,2023-06-19T16:11:41+00:00
SAO_3459-10,São Paulo,3550308,True,EMTU,402,https://moovitapp.com/index/pt-br/transporte_p%C3%BAblico-line-402-Sao_Paulo-242-2038937-36419464-0,3.7,-23.5336425,-46.541969,,,,1,2023-06-19T16:11:35+00:00
SAO_3459-10,São Paulo,3550308,True,EMTU,402,https://moovitapp.com/index/pt-br/transporte_p%C3%BAblico-line-402-Sao_Paulo-242-2038937-36419464-0,3.7,-23.5473415,-46.629296499999995,,,,1,2023-06-19T16:11:07+00:00
SAO_3459-10,São Paulo,3550308,True,EMTU,402,https://moovitapp.com/index/pt-br/transporte_p%C3%BAblico-line-402-Sao_Paulo-242-2038937-36419464-0,3.7,-23.545605000000002,-46.6263415,,,,1,2023-06-19T16:11:33+00:00
SAO_3459-10,São Paulo,3550308,True,EMTU,402,https://moovitapp.com/index/pt-br/transporte_p%C3%BAblico-line-402-Sao_Paulo-242-2038937-36419464-0,3.7,-23.514655124999997,-46.50667975,,,,1,2023-06-19T16:10:41+00:00
SAO_3459-10,São Paulo,3550308,True,EMTU,402,https://moovitapp.com/index/pt-br/transporte_p%C3%BAblico-line-402-Sao_Paulo-242-2038937-36419464-0,3.7,-23.5133825,-46.50479275,,,,1,2023-06-19T16:11:43+00:00
SAO_3459-10,São Paulo,3550308,True,EMTU,402,https://moovitapp.com/index/pt-br/transporte_p%C3%BAblico-line-402-Sao_Paulo-242-2038937-36419464-0,3.7,-23.5165205,-46.385602000000006,,,,1,2023-06-19T16:11:13+00:00
SAO_3459-10,São Paulo,3550308,True,EMTU,402,https://moovitapp.com/index/pt-br/transporte_p%C3%BAblico-line-402-Sao_Paulo-242-2038937-36419464-0,3.7,-23.545605000000002,-46.6263415,,,,1,2023-06-19T16:11:36+00:00
SAO_3459-10,São Paulo,3550308,True,EMTU,402,https://moovitapp.com/index/pt-br/transporte_p%C3%BAblico-line-402-Sao_Paulo-242-2038937-36419464-0,3.7,-23.497192499999997,-46.400577,,,,1,2023-06-19T16:11:40+00:00
SAO_3459-10,São Paulo,3550308,True,EMTU,402,https://moovitapp.com/index/pt-br/transporte_p%C3%BAblico-line-402-Sao_Paulo-242-2038937-36419464-0,3.7,-23.5102435,-46.443466,,,,1,2023-06-19T16:06:34+00:00
SAO_3459-10,São Paulo,3550308,True,EMTU,402,https://moovitapp.com/index/pt-br/transporte_p%C3%BAblico-line-402-Sao_Paulo-242-2038937-36419464-0,3.7,-23.491551,-46.446174,,,,1,2023-06-19T16:11:18+00:00
SAO_3459-10,São Paulo,3550308,True,EMTU,402,https://moovitapp.com/index/pt-br/transporte_p%C3%BAblico-line-402-Sao_Paulo-242-2038937-36419464-0,3.7,-23.5269545,-46.52818325,,,,1,2023-06-19T16:11:24+00:00
SAO_3001-10,São Paulo,3550308,True,,1650,,,-23.510725,-46.384894,,,,1,2023-06-19T16:11:19+00:00
SAO_3001-10,São Paulo,3550308,True,,1650,,,-23.4945205,-46.4044015,,,,1,2023-06-19T16:11:15+00:00
SAO_3712-10,São Paulo,3550308,True,,1009,,,-23.5525595,-46.4257145,,,,1,2023-06-19T16:11:18+00:00
SAO_3712-10,São Paulo,3550308,True,,1009,,,-23.543489,-46.4637295,,,,1,2023-06-19T16:11:11+00:00
SAO_3712-10,São Paulo,3550308,True,,1009,,,-23.5525595,-46.4257145,,,,1,2023-06-19T16:11:16+00:00
SAO_3712-10,São Paulo,3550308,True,,1009,,,-23.5525595,-46.4257145,,,,1,2023-06-19T16:11:12+00:00
SAO_3712-10,São Paulo,3550308,True,,1009,,,-23.550902999999998,-46.43712,,,,1,2023-06-19T16:11:26+00:00
SAO_2712-10,São Paulo,3550308,True,,33694,,,-23.5268035,-46.478916999999996,,,,2,2023-06-19T16:11:24+00:00
SAO_2712-10,São Paulo,3550308,True,,33694,,,-23.5268035,-46.478916999999996,,,,2,2023-06-19T16:11:25+00:00
SAO_2712-10,São Paulo,3550308,True,,33694,,,-23.527350499999997,-46.479105000000004,,,,2,2023-06-19T16:10:58+00:00
SAO_2712-10,São Paulo,3550308,True,,33694,,,-23.5320015,-46.483429,,,,2,2023-06-19T16:11:31+00:00
SAO_2712-10,São Paulo,3550308,True,,33694,,,-23.5268035,-46.478916999999996,,,,2,2023-06-19T16:11:02+00:00
SAO_8700-10,São Paulo,3550308,True,,1877,,,-23.59685225,-46.739891875,,,,1,2023-06-19T16:11:11+00:00
SAO_8700-10,São Paulo,3550308,True,,1877,,,-23.57231325,-46.701117499999995,,,,1,2023-06-19T16:11:38+00:00
SAO_8700-10,São Paulo,3550308,True,,1877,,,-23.6157585,-46.756756499999995,,,,1,2023-06-19T16:11:30+00:00
SAO_8700-10,São Paulo,3550308,True,,1877,,,-23.547560500000003,-46.640557,,,,1,2023-06-19T16:11:04+00:00
SAO_8700-10,São Paulo,3550308,True,,1877,,,-23.548316375,-46.649981625,,,,1,2023-06-19T16:11:10+00:00
SAO_8700-10,São Paulo,3550308,True,,1877,,,-23.6304685,-46.773606,,,,1,2023-06-19T16:11:16+00:00
SAO_8700-10,São Paulo,3550308,True,,1877,,,-23.547628500000002,-46.6409075,,,,1,2023-06-19T16:11:43+00:00
SAO_8700-10,São Paulo,3550308,True,,1877,,,-23.593761999999998,-46.735483,,,,1,2023-06-19T16:11:22+00:00
SAO_8700-10,São Paulo,3550308,True,,1877,,,-23.6304685,-46.773606,,,,1,2023-06-19T16:11:36+00:00
SAO_8700-10,São Paulo,3550308,True,,1877,,,-23.547327000000003,-46.646015500000004,,,,1,2023-06-19T16:11:25+00:00
SAO_8700-10,São Paulo,3550308,True,,1877,,,-23.5774425,-46.707984749999994,,,,1,2023-06-19T16:11:45+00:00
SAO_546J-10,São Paulo,3550308,True,,1133,,,-23.655835375,-46.70096025,,,,1,2023-06-19T16:11:40+00:00
SAO_546J-10,São Paulo,3550308,True,,1133,,,-23.6890005,-46.6629175,,,,1,2023-06-19T16:10:59+00:00
SAO_546J-10,São Paulo,3550308,True,,1133,,,-23.653865,-46.7047805,,,,1,2023-06-19T16:11:38+00:00
SAO_2703-10,São Paulo,3550308,True,,33683,,,-23.5239115,-46.4301545,,,,2,2023-06-19T16:11:42+00:00
SAO_2703-10,São Paulo,3550308,True,,33683,,,-23.523923500000002,-46.423503499999995,,,,2,2023-06-19T16:11:09+00:00
SAO_2703-10,São Paulo,3550308,True,,33683,,,-23.52863575,-46.4467,,,,2,2023-06-19T16:11:30+00:00
SAO_2703-10,São Paulo,3550308,True,,33683,,,-23.5292015,-46.420719500000004,,,,2,2023-06-19T16:11:05+00:00
SAO_2703-10,São Paulo,3550308,True,,33683,,,-23.525832,-46.43288025,,,,2,2023-06-19T16:11:43+00:00
SAO_2703-10,São Paulo,3550308,True,,33683,,,-23.529075,-46.42023275,,,,2,2023-06-19T16:11:05+00:00
SAO_2703-10,São Paulo,3550308,True,,33683,,,-23.541984999999997,-46.4710195,,,,2,2023-06-19T16:05:58+00:00
SAO_1705-10,São Paulo,3550308,True,,33617,,,-23.433735624999997,-46.5844345,,,,2,2023-06-19T16:11:04+00:00
SAO_1705-10,São Paulo,3550308,True,,33617,,,-23.4453575,-46.5871345,,,,2,2023-06-19T16:11:32+00:00
SAO_1705-10,São Paulo,3550308,True,,33617,,,-23.4347015,-46.584086,,,,2,2023-06-19T16:11:11+00:00
SAO_1705-10,São Paulo,3550308,True,,33617,,,-23.464305000000003,-46.5959815,,,,2,2023-06-19T16:11:38+00:00
SAO_1705-10,São Paulo,3550308,True,,33617,,,-23.442508500000002,-46.588441,,,,2,2023-06-19T16:11:00+00:00
SAO_1705-10,São Paulo,3550308,True,,33617,,,-23.4344995,-46.5839375,,,,2,2023-06-19T16:11:02+00:00
SAO_1705-10,São Paulo,3550308,True,,33617,,,-23.434097,-46.583839749999996,,,,2,2023-06-19T16:06:53+00:00
SAO_1705-10,São Paulo,3550308,True,,33617,,,-23.4765345,-46.6041345,,,,2,2023-06-19T16:09:12+00:00
SAO_1705-10,São Paulo,3550308,True,,33617,,,-23.434339,-46.58389525,,,,2,2023-06-19T16:11:11+00:00
SAO_637J-10,São Paulo,3550308,True,,32871,,,-23.702033125,-46.701718875,,,,2,2023-06-19T16:11:19+00:00
SAO_637J-10,São Paulo,3550308,True,,32871,,,-23.5948025,-46.6731415,,,,2,2023-06-19T16:11:45+00:00
SAO_637J-10,São Paulo,3550308,True,,32871,,,-23.573722250000003,-46.68918587500001,,,,2,2023-06-19T16:11:34+00:00
SAO_637J-10,São Paulo,3550308,True,,32871,,,-23.739430249999998,-46.708802250000005,,,,2,2023-06-19T16:11:17+00:00
SAO_637J-10,São Paulo,3550308,True,,32871,,,-23.644555000000004,-46.701621375,,,,2,2023-06-19T16:11:24+00:00
SAO_637J-10,São Paulo,3550308,True,,32871,,,-23.739734499999997,-46.708729500000004,,,,2,2023-06-19T16:11:30+00:00
SAO_9011-10,São Paulo,3550308,True,,33646,,,-23.445727249999997,-46.721911875,,,,2,2023-06-19T16:11:28+00:00
SAO_9011-10,São Paulo,3550308,True,,33646,,,-23.45467,-46.738116000000005,,,,2,2023-06-19T16:11:22+00:00
SAO_9011-10,São Paulo,3550308,True,,33646,,,-23.454522500000003,-46.737875,,,,2,2023-06-19T16:11:32+00:00
SAO_9011-10,São Paulo,3550308,True,,33646,,,-23.435291,-46.73703999999999,,,,2,2023-06-19T16:11:22+00:00
SAO_9011-10,São Paulo,3550308,True,,33646,,,-23.447967499999997,-46.731367,,,,2,2023-06-19T16:11:36+00:00
SAO_9011-10,São Paulo,3550308,True,,33646,,,-23.47494,-46.67014399999999,,,,2,2023-06-19T16:11:09+00:00
SAO_9011-10,São Paulo,3550308,True,,33646,,,-23.4704665,-46.676357499999995,,,,2,2023-06-19T16:11:19+00:00
SAO_3046-10,São Paulo,3550308,True,,971,,,-23.574531,-46.5556785,,,,1,2023-06-19T16:11:05+00:00
SAO_3046-10,São Paulo,3550308,True,,971,,,-23.582308,-46.53506,,,,1,2023-06-19T16:11:31+00:00
SAO_3046-10,São Paulo,3550308,True,,971,,,-23.580204000000002,-46.5255565,,,,1,2023-06-19T16:11:08+00:00
SAO_3046-10,São Paulo,3550308,True,,971,,,-23.580204000000002,-46.5255565,,,,1,2023-06-19T16:11:40+00:00
SAO_3046-10,São Paulo,3550308,True,,971,,,-23.54132,-46.57769475,,,,1,2023-06-19T16:11:40+00:00
SAO_3046-10,São Paulo,3550308,True,,971,,,-23.584394000000003,-46.540505,,,,1,2023-06-19T16:11:04+00:00
SAO_3046-10,São Paulo,3550308,True,,971,,,-23.564283375,-46.5712,,,,1,2023-06-19T16:11:13+00:00
SAO_3046-10,São Paulo,3550308,True,,971,,,-23.580204000000002,-46.5255565,,,,1,2023-06-19T16:11:12+00:00
SAO_3046-10,São Paulo,3550308,True,,971,,,-23.58177,-46.54712000000001,,,,1,2023-06-19T16:11:25+00:00
SAO_3046-10,São Paulo,3550308,True,,971,,,-23.5798675,-46.525378,,,,1,2023-06-19T16:11:09+00:00
SAO_6035-21,São Paulo,3550308,True,,34563,,,-23.7201105,-46.756648,,,,2,2023-06-19T16:11:24+00:00
SAO_6035-21,São Paulo,3550308,True,,34563,,,-23.6786955,-46.7350425,,,,2,2023-06-19T16:11:08+00:00
SAO_6035-21,São Paulo,3550308,True,,34563,,,-23.720201000000003,-46.75602,,,,2,2023-06-19T16:11:04+00:00
SAO_6035-21,São Paulo,3550308,True,,34563,,,-23.7164745,-46.7670185,,,,2,2023-06-19T16:11:05+00:00
SAO_6035-21,São Paulo,3550308,True,,34563,,,-23.7005305,-46.7708035,,,,2,2023-06-19T16:11:40+00:00
SAO_4727-10,São Paulo,3550308,True,,33108,,,-23.639317499999997,-46.607468,,,,2,2023-06-19T16:11:22+00:00
SAO_4727-10,São Paulo,3550308,True,,33108,,,-23.638268,-46.608056,,,,2,2023-06-19T16:11:19+00:00
SAO_314J-10,São Paulo,3550308,True,,33078,,,-23.59768,-46.561724999999996,,,,2,2023-06-19T16:11:32+00:00
SAO_314J-10,São Paulo,3550308,True,,33078,,,-23.582828125,-46.60453725,,,,2,2023-06-19T16:11:10+00:00
SAO_314J-10,São Paulo,3550308,True,,33078,,,-23.6057865,-46.5126815,,,,2,2023-06-19T16:11:39+00:00
SAO_314J-10,São Paulo,3550308,True,,33078,,,-23.6141885,-46.517275999999995,,,,2,2023-06-19T16:11:28+00:00
SAO_314J-10,São Paulo,3550308,True,,33078,,,-23.5583625,-46.63649,,,,2,2023-06-19T16:11:16+00:00
SAO_314J-10,São Paulo,3550308,True,,33078,,,-23.604834,-46.523047000000005,,,,2,2023-06-19T16:11:21+00:00
SAO_677A-10,São Paulo,3550308,True,,1239,,,-23.690655,-46.774251500000005,,,,1,2023-06-19T16:11:36+00:00
SAO_677A-10,São Paulo,3550308,True,,1239,,,-23.663694999999997,-46.7289525,,,,1,2023-06-19T16:11:20+00:00
SAO_677A-10,São Paulo,3550308,True,,1239,,,-23.690655,-46.774251500000005,,,,1,2023-06-19T16:11:39+00:00
SAO_677A-10,São Paulo,3550308,True,,1239,,,-23.682178,-46.76720775,,,,1,2023-06-19T16:11:14+00:00
SAO_677A-10,São Paulo,3550308,True,,1239,,,-23.685298500000002,-46.770142500000006,,,,1,2023-06-19T16:11:15+00:00
SAO_677A-10,São Paulo,3550308,True,,1239,,,-23.595882,-46.6906685,,,,1,2023-06-19T16:11:19+00:00
SAO_677A-10,São Paulo,3550308,True,,1239,,,-23.6440495,-46.7252575,,,,1,2023-06-19T16:11:25+00:00
SAO_677A-10,São Paulo,3550308,True,,1239,,,-23.690655,-46.774251500000005,,,,1,2023-06-19T16:09:14+00:00
SAO_677A-10,São Paulo,3550308,True,,1239,,,-23.61381,-46.696107,,,,1,2023-06-19T16:11:16+00:00
SAO_677A-10,São Paulo,3550308,True,,1239,,,-23.5907515,-46.688405,,,,1,2023-06-19T16:11:22+00:00
SAO_4718-10,São Paulo,3550308,True,,33104,,,-23.6298685,-46.625508,,,,2,2023-06-19T16:11:36+00:00
SAO_4718-10,São Paulo,3550308,True,,33104,,,-23.657285,-46.6139885,,,,2,2023-06-19T16:11:36+00:00
SAO_9701-10,São Paulo,3550308,True,,569,,,-23.505799250000003,-46.66915725,,,,1,2023-06-19T16:11:37+00:00
SAO_2626-10,São Paulo,3550308,True,EMTU,376,https://moovitapp.com/index/pt-br/transporte_p%C3%BAblico-line-376-Sao_Paulo-242-2038937-114744732-0,5.1,-23.50608,-46.476355,,,,1,2023-06-19T16:11:14+00:00
SAO_2626-10,São Paulo,3550308,True,EMTU,376,https://moovitapp.com/index/pt-br/transporte_p%C3%BAblico-line-376-Sao_Paulo-242-2038937-114744732-0,5.1,-23.534166,-46.5676,,,,1,2023-06-19T16:11:22+00:00
SAO_2626-10,São Paulo,3550308,True,EMTU,376,https://moovitapp.com/index/pt-br/transporte_p%C3%BAblico-line-376-Sao_Paulo-242-2038937-114744732-0,5.1,-23.521536750000003,-46.4057745,,,,1,2023-06-19T16:11:35+00:00
SAO_2626-10,São Paulo,3550308,True,EMTU,376,https://moovitapp.com/index/pt-br/transporte_p%C3%BAblico-line-376-Sao_Paulo-242-2038937-114744732-0,5.1,-23.539987,-46.61139225,,,,1,2023-06-19T16:08:22+00:00
SAO_2626-10,São Paulo,3550308,True,EMTU,376,https://moovitapp.com/index/pt-br/transporte_p%C3%BAblico-line-376-Sao_Paulo-242-2038937-114744732-0,5.1,-23.4953015,-46.4312885,,,,1,2023-06-19T16:11:10+00:00
SAO_2626-10,São Paulo,3550308,True,EMTU,376,https://moovitapp.com/index/pt-br/transporte_p%C3%BAblico-line-376-Sao_Paulo-242-2038937-114744732-0,5.1,-23.537631,-46.596464125000004,,,,1,2023-06-19T16:11:07+00:00
SAO_2626-10,São Paulo,3550308,True,EMTU,376,https://moovitapp.com/index/pt-br/transporte_p%C3%BAblico-line-376-Sao_Paulo-242-2038937-114744732-0,5.1,-23.5206125,-46.549035625,,,,1,2023-06-19T16:11:32+00:00
SAO_5362-23,São Paulo,3550308,True,,34628,,,-23.74435,-46.6720445,,,,2,2023-06-19T16:11:05+00:00
SAO_5362-23,São Paulo,3550308,True,,34628,,,-23.67847175,-46.7125835,,,,2,2023-06-19T16:11:14+00:00
SAO_5362-23,São Paulo,3550308,True,,34628,,,-23.7448975,-46.6722405,,,,2,2023-06-19T16:11:32+00:00
SAO_5362-23,São Paulo,3550308,True,,34628,,,-23.7530115,-46.6886865,,,,2,2023-06-19T16:11:19+00:00
SAO_5362-23,São Paulo,3550308,True,,34628,,,-23.628221500000002,-46.6857955,,,,2,2023-06-19T16:11:15+00:00
SAO_5362-23,São Paulo,3550308,True,,34628,,,-23.727758,-46.69934625,,,,2,2023-06-19T16:11:07+00:00
SAO_5362-23,São Paulo,3550308,True,,34628,,,-23.744446,-46.6905335,,,,2,2023-06-19T16:11:11+00:00
SAO_5015-10,São Paulo,3550308,True,,33887,,,-23.691779,-46.65973,,,,2,2023-06-19T16:11:29+00:00
SAO_5015-10,São Paulo,3550308,True,,33887,,,-23.652262999999998,-46.637575999999996,,,,2,2023-06-19T16:10:58+00:00
SAO_5015-10,São Paulo,3550308,True,,33887,,,-23.6818265,-46.6429165,,,,2,2023-06-19T16:10:10+00:00
SAO_5015-10,São Paulo,3550308,True,,33887,,,-23.679442,-46.655800625,,,,2,2023-06-19T16:11:18+00:00
SAO_5015-10,São Paulo,3550308,True,,33887,,,-23.6920055,-46.659695,,,,2,2023-06-19T16:11:45+00:00
SAO_7458-10,São Paulo,3550308,True,EMTU,496,https://moovitapp.com/index/pt-br/transporte_p%C3%BAblico-line-496-Sao_Paulo-242-2038937-36419521-0,5.4,-23.583561000000003,-46.777966,,,,1,2023-06-19T16:11:11+00:00
SAO_372F-10,São Paulo,3550308,True,,33783,,,-23.551769,-46.599556500000006,,,,2,2023-06-19T16:11:27+00:00
SAO_372F-10,São Paulo,3550308,True,,33783,,,-23.55220575,-46.60294075,,,,2,2023-06-19T16:11:25+00:00
SAO_372F-10,São Paulo,3550308,True,,33783,,,-23.5520035,-46.599284,,,,2,2023-06-19T16:11:05+00:00
SAO_6000-10,São Paulo,3550308,True,,1140,,,-23.654214,-46.7129695,,,,1,2023-06-19T16:11:38+00:00
SAO_6000-10,São Paulo,3550308,True,,1140,,,-23.71390975,-46.70830825,,,,1,2023-06-19T16:11:39+00:00
SAO_6000-10,São Paulo,3550308,True,,1140,,,-23.8073445,-46.736647000000005,,,,1,2023-06-19T16:11:23+00:00
SAO_6000-10,São Paulo,3550308,True,,1140,,,-23.8284425,-46.72717900000001,,,,1,2023-06-19T16:11:25+00:00
SAO_6000-10,São Paulo,3550308,True,,1140,,,-23.653879,-46.7107595,,,,1,2023-06-19T16:11:13+00:00
SAO_6000-10,São Paulo,3550308,True,,1140,,,-23.75261575,-46.710963500000005,,,,1,2023-06-19T16:11:39+00:00
SAO_6000-10,São Paulo,3550308,True,,1140,,,-23.7451125,-46.707049999999995,,,,1,2023-06-19T16:11:21+00:00
SAO_6000-10,São Paulo,3550308,True,,1140,,,-23.8284425,-46.72717900000001,,,,1,2023-06-19T16:11:42+00:00
SAO_6000-10,São Paulo,3550308,True,,1140,,,-23.8268095,-46.7287365,,,,1,2023-06-19T16:11:18+00:00
SAO_6000-10,São Paulo,3550308,True,,1140,,,-23.777438500000002,-46.723049,,,,1,2023-06-19T16:08:50+00:00
SAO_6000-10,São Paulo,3550308,True,,1140,,,-23.82660275,-46.73138675,,,,1,2023-06-19T16:11:38+00:00
SAO_6000-10,São Paulo,3550308,True,,1140,,,-23.8284425,-46.72717900000001,,,,1,2023-06-19T16:11:22+00:00
SAO_6000-10,São Paulo,3550308,True,,1140,,,-23.654648,-46.706824999999995,,,,1,2023-06-19T16:11:23+00:00
SAO_6000-10,São Paulo,3550308,True,,1140,,,-23.8284425,-46.72717900000001,,,,1,2023-06-19T16:11:12+00:00
SAO_6000-10,São Paulo,3550308,True,,1140,,,-23.653938,-46.709849000000006,,,,1,2023-06-19T16:11:09+00:00
SAO_6000-10,São Paulo,3550308,True,,1140,,,-23.6967275,-46.714889,,,,1,2023-06-19T16:11:10+00:00
SAO_1758-10,São Paulo,3550308,True,,33320,,,-23.454044,-46.661868999999996,,,,2,2023-06-19T16:11:40+00:00
SAO_1758-10,São Paulo,3550308,True,,33320,,,-23.454044,-46.661868999999996,,,,2,2023-06-19T16:11:25+00:00
SAO_1758-10,São Paulo,3550308,True,,33320,,,-23.453969,-46.6614815,,,,2,2023-06-19T16:10:14+00:00
SAO_1758-10,São Paulo,3550308,True,,33320,,,-23.46264025,-46.65191475,,,,2,2023-06-19T16:11:26+00:00
SAO_1758-10,São Paulo,3550308,True,,33320,,,-23.4822145,-46.6319685,,,,2,2023-06-19T16:11:11+00:00
SAO_4024-10,São Paulo,3550308,True,,2158,,,-23.553697999999997,-46.436198,,,,1,2023-06-19T16:08:04+00:00
SAO_4024-10,São Paulo,3550308,True,,2158,,,-23.556158500000002,-46.423181125,,,,1,2023-06-19T16:07:10+00:00
SAO_4024-10,São Paulo,3550308,True,,2158,,,-23.566142499999998,-46.424344500000004,,,,1,2023-06-19T16:11:16+00:00
SAO_4024-10,São Paulo,3550308,True,,2158,,,-23.566142499999998,-46.424344500000004,,,,1,2023-06-19T16:11:26+00:00
SAO_807A-10,São Paulo,3550308,True,,34668,,,-23.648601499999998,-46.762421,,,,2,2023-06-19T16:11:21+00:00
SAO_807A-10,São Paulo,3550308,True,,34668,,,-23.630661,-46.773396000000005,,,,2,2023-06-19T16:11:06+00:00
SAO_807A-10,São Paulo,3550308,True,,34668,,,-23.653152499999997,-46.706320749999996,,,,2,2023-06-19T16:11:42+00:00
SAO_807A-10,São Paulo,3550308,True,,34668,,,-23.642334499999997,-46.740688000000006,,,,2,2023-06-19T16:11:45+00:00
SAO_807A-10,São Paulo,3550308,True,,34668,,,-23.630661,-46.773396000000005,,,,2,2023-06-19T16:11:22+00:00
SAO_677V-10,São Paulo,3550308,True,EMTU,112,https://moovitapp.com/index/pt-br/transporte_p%C3%BAblico-line-112-Sao_Paulo-242-2038937-36419272-0,5.7,-23.7193395,-46.698786,,,,1,2023-06-19T16:11:08+00:00
SAO_677V-10,São Paulo,3550308,True,EMTU,112,https://moovitapp.com/index/pt-br/transporte_p%C3%BAblico-line-112-Sao_Paulo-242-2038937-36419272-0,5.7,-23.73318525,-46.705743,,,,1,2023-06-19T16:11:40+00:00
SAO_677V-10,São Paulo,3550308,True,EMTU,112,https://moovitapp.com/index/pt-br/transporte_p%C3%BAblico-line-112-Sao_Paulo-242-2038937-36419272-0,5.7,-23.744489,-46.7097325,,,,1,2023-06-19T16:11:04+00:00
SAO_677V-10,São Paulo,3550308,True,EMTU,112,https://moovitapp.com/index/pt-br/transporte_p%C3%BAblico-line-112-Sao_Paulo-242-2038937-36419272-0,5.7,-23.744489,-46.7097325,,,,1,2023-06-19T16:11:12+00:00
SAO_948A-10,São Paulo,3550308,True,,1423,,,-23.5262155,-46.669086,,,,1,2023-06-19T16:11:24+00:00
SAO_948A-10,São Paulo,3550308,True,,1423,,,-23.50705,-46.7064545,,,,1,2023-06-19T16:11:11+00:00
SAO_6726-10,São Paulo,3550308,True,,33961,,,-23.737038625,-46.696824250000006,,,,2,2023-06-19T16:11:32+00:00
SAO_6726-10,São Paulo,3550308,True,,33961,,,-23.752871,-46.688643,,,,2,2023-06-19T16:11:19+00:00
SAO_6726-10,São Paulo,3550308,True,,33961,,,-23.750869,-46.688227,,,,2,2023-06-19T16:11:06+00:00
SAO_6726-10,São Paulo,3550308,True,,33961,,,-23.750700000000002,-46.688210999999995,,,,2,2023-06-19T16:11:13+00:00
SAO_6726-10,São Paulo,3550308,True,,33961,,,-23.754600250000003,-46.667077250000006,,,,2,2023-06-19T16:11:22+00:00
SAO_6726-10,São Paulo,3550308,True,,33961,,,-23.7354865,-46.695596,,,,2,2023-06-19T16:11:40+00:00
SAO_6726-10,São Paulo,3550308,True,,33961,,,-23.735033875,-46.694067875,,,,2,2023-06-19T16:11:41+00:00
SAO_6726-10,São Paulo,3550308,True,,33961,,,-23.7539315,-46.6804505,,,,2,2023-06-19T16:11:30+00:00
SAO_6726-10,São Paulo,3550308,True,,33961,,,-23.734656,-46.663727,,,,2,2023-06-19T16:11:39+00:00
SAO_607A-10,São Paulo,3550308,True,,34907,,,-23.695427,-46.667069,,,,2,2023-06-19T16:11:16+00:00
SAO_607A-10,São Paulo,3550308,True,,34907,,,-23.702181500000002,-46.650177,,,,2,2023-06-19T16:06:08+00:00
SAO_607A-10,São Paulo,3550308,True,,34907,,,-23.7099995,-46.652274500000004,,,,2,2023-06-19T16:11:17+00:00
SAO_607A-10,São Paulo,3550308,True,,34907,,,-23.7099995,-46.652274500000004,,,,2,2023-06-19T15:49:13+00:00
SAO_607A-10,São Paulo,3550308,True,,34907,,,-23.708807999999998,-46.656356,,,,2,2023-06-19T16:07:55+00:00
SAO_607A-10,São Paulo,3550308,True,,34907,,,-23.6816385,-46.682483000000005,,,,2,2023-06-19T16:11:15+00:00
SAO_607A-10,São Paulo,3550308,True,,34907,,,-23.6669005,-46.7059325,,,,2,2023-06-19T16:08:30+00:00
SAO_709G-10,São Paulo,3550308,True,,2020,,,-23.6289485,-46.689133999999996,,,,1,2023-06-19T16:11:36+00:00
SAO_709G-10,São Paulo,3550308,True,,2020,,,-23.6672905,-46.727228,,,,1,2023-06-19T16:11:43+00:00
SAO_709G-10,São Paulo,3550308,True,,2020,,,-23.59324375,-46.672788,,,,1,2023-06-19T16:11:16+00:00
SAO_709G-10,São Paulo,3550308,True,,2020,,,-23.5852035,-46.6768855,,,,1,2023-06-19T16:11:30+00:00
SAO_516N-10,São Paulo,3550308,True,EMTU,266,https://moovitapp.com/index/pt-br/transporte_p%C3%BAblico-line-266-Sao_Paulo-242-2038937-36419376-0,6.8,-23.662898499999997,-46.66141399999999,,,,1,2023-06-19T16:11:37+00:00
SAO_516N-10,São Paulo,3550308,True,EMTU,266,https://moovitapp.com/index/pt-br/transporte_p%C3%BAblico-line-266-Sao_Paulo-242-2038937-36419376-0,6.8,-23.5854255,-46.6706545,,,,1,2023-06-19T16:11:20+00:00
SAO_516N-10,São Paulo,3550308,True,EMTU,266,https://moovitapp.com/index/pt-br/transporte_p%C3%BAblico-line-266-Sao_Paulo-242-2038937-36419376-0,6.8,-23.624449,-46.6858985,,,,1,2023-06-19T16:11:42+00:00
SAO_516N-10,São Paulo,3550308,True,EMTU,266,https://moovitapp.com/index/pt-br/transporte_p%C3%BAblico-line-266-Sao_Paulo-242-2038937-36419376-0,6.8,-23.590533,-46.672435750000005,,,,1,2023-06-19T16:11:42+00:00
SAO_516N-10,São Paulo,3550308,True,EMTU,266,https://moovitapp.com/index/pt-br/transporte_p%C3%BAblico-line-266-Sao_Paulo-242-2038937-36419376-0,6.8,-23.690365999999997,-46.649558999999996,,,,1,2023-06-19T16:11:34+00:00
SAO_516N-10,São Paulo,3550308,True,EMTU,266,https://moovitapp.com/index/pt-br/transporte_p%C3%BAblico-line-266-Sao_Paulo-242-2038937-36419376-0,6.8,-23.6885575,-46.6431125,,,,1,2023-06-19T16:11:20+00:00
SAO_516N-10,São Paulo,3550308,True,EMTU,266,https://moovitapp.com/index/pt-br/transporte_p%C3%BAblico-line-266-Sao_Paulo-242-2038937-36419376-0,6.8,-23.588065999999998,-46.671693000000005,,,,1,2023-06-19T16:11:22+00:00
SAO_516N-10,São Paulo,3550308,True,EMTU,266,https://moovitapp.com/index/pt-br/transporte_p%C3%BAblico-line-266-Sao_Paulo-242-2038937-36419376-0,6.8,-23.596932000000002,-46.673628,,,,1,2023-06-19T16:11:41+00:00
SAO_516N-10,São Paulo,3550308,True,EMTU,266,https://moovitapp.com/index/pt-br/transporte_p%C3%BAblico-line-266-Sao_Paulo-242-2038937-36419376-0,6.8,-23.650149624999997,-46.669822999999994,,,,1,2023-06-19T16:11:16+00:00
SAO_516N-10,São Paulo,3550308,True,EMTU,266,https://moovitapp.com/index/pt-br/transporte_p%C3%BAblico-line-266-Sao_Paulo-242-2038937-36419376-0,6.8,-23.690365999999997,-46.649558999999996,,,,1,2023-06-19T16:11:38+00:00
SAO_516N-10,São Paulo,3550308,True,EMTU,266,https://moovitapp.com/index/pt-br/transporte_p%C3%BAblico-line-266-Sao_Paulo-242-2038937-36419376-0,6.8,-23.594024625,-46.67286875,,,,1,2023-06-19T16:11:44+00:00
SAO_516N-10,São Paulo,3550308,True,EMTU,266,https://moovitapp.com/index/pt-br/transporte_p%C3%BAblico-line-266-Sao_Paulo-242-2038937-36419376-0,6.8,-23.675691999999998,-46.642147,,,,1,2023-06-19T16:11:39+00:00
SAO_675G-10,São Paulo,3550308,True,,32874,,,-23.743226,-46.669959500000004,,,,2,2023-06-19T16:11:24+00:00
SAO_675G-10,São Paulo,3550308,True,,32874,,,-23.691092375,-46.698085500000005,,,,2,2023-06-19T16:06:53+00:00
SAO_675G-10,São Paulo,3550308,True,,32874,,,-23.744145,-46.6908525,,,,2,2023-06-19T16:11:26+00:00
SAO_675G-10,São Paulo,3550308,True,,32874,,,-23.644400500000003,-46.65818900000001,,,,2,2023-06-19T16:11:42+00:00
SAO_675G-10,São Paulo,3550308,True,,32874,,,-23.647226,-46.675112500000004,,,,2,2023-06-19T16:10:59+00:00
SAO_675G-10,São Paulo,3550308,True,,32874,,,-23.743226,-46.669959500000004,,,,2,2023-06-19T16:11:02+00:00
SAO_675G-10,São Paulo,3550308,True,,32874,,,-23.744866000000002,-46.6900775,,,,2,2023-06-19T16:11:21+00:00
SAO_675G-10,São Paulo,3550308,True,,32874,,,-23.75514825,-46.66720275,,,,2,2023-06-19T16:08:05+00:00
SAO_675G-10,São Paulo,3550308,True,,32874,,,-23.74296,-46.669814,,,,2,2023-06-19T16:11:07+00:00
SAO_6451-10,São Paulo,3550308,True,,61,,,-23.54929,-46.6403545,,,,1,2023-06-19T16:11:37+00:00
SAO_6451-10,São Paulo,3550308,True,,61,,,-23.6544905,-46.761455,,,,1,2023-06-19T16:11:24+00:00
SAO_6451-10,São Paulo,3550308,True,,61,,,-23.64464325,-46.727139,,,,1,2023-06-19T16:11:45+00:00
SAO_6451-10,São Paulo,3550308,True,,61,,,-23.55621825,-46.65054125,,,,1,2023-06-19T16:11:45+00:00
SAO_6451-10,São Paulo,3550308,True,,61,,,-23.580544,-46.682426500000005,,,,1,2023-06-19T16:11:37+00:00
SAO_6451-10,São Paulo,3550308,True,,61,,,-23.57495575,-46.66833687500001,,,,1,2023-06-19T16:11:21+00:00
SAO_6451-10,São Paulo,3550308,True,,61,,,-23.649005000000002,-46.7539805,,,,1,2023-06-19T16:11:26+00:00
SAO_6451-10,São Paulo,3550308,True,,61,,,-23.629996,-46.713632000000004,,,,1,2023-06-19T16:11:09+00:00
SAO_6451-10,São Paulo,3550308,True,,61,,,-23.5771655,-46.6726715,,,,1,2023-06-19T16:11:45+00:00
SAO_6451-10,São Paulo,3550308,True,,61,,,-23.6544905,-46.761455,,,,1,2023-06-19T16:11:42+00:00
SAO_6451-10,São Paulo,3550308,True,,61,,,-23.565117,-46.6572005,,,,1,2023-06-19T16:11:45+00:00
SAO_6451-10,São Paulo,3550308,True,,61,,,-23.6544905,-46.761455,,,,1,2023-06-19T16:11:34+00:00
SAO_6451-10,São Paulo,3550308,True,,61,,,-23.6544905,-46.761455,,,,1,2023-06-19T16:11:31+00:00
SAO_6451-10,São Paulo,3550308,True,,61,,,-23.586756,-46.689779,,,,1,2023-06-19T16:11:32+00:00
SAO_6451-10,São Paulo,3550308,True,,61,,,-23.549181500000003,-46.639155,,,,1,2023-06-19T16:11:17+00:00
SAO_6451-10,São Paulo,3550308,True,,61,,,-23.642786,-46.724813,,,,1,2023-06-19T16:11:40+00:00
SAO_4006-10,São Paulo,3550308,True,,34948,,,-23.5970085,-46.4355535,,,,2,2023-06-19T16:11:13+00:00
SAO_4006-10,São Paulo,3550308,True,,34948,,,-23.59727,-46.4356735,,,,2,2023-06-19T16:11:36+00:00
SAO_4006-10,São Paulo,3550308,True,,34948,,,-23.612115,-46.4332405,,,,2,2023-06-19T16:10:31+00:00
SAO_4006-10,São Paulo,3550308,True,,34948,,,-23.605480999999997,-46.4342665,,,,2,2023-06-19T16:10:32+00:00
SAO_4006-10,São Paulo,3550308,True,,34948,,,-23.597508125,-46.43578525,,,,2,2023-06-19T16:11:45+00:00
SAO_6080-10,São Paulo,3550308,True,,1168,,,-23.752871,-46.688643,,,,1,2023-06-19T16:11:41+00:00
SAO_6080-10,São Paulo,3550308,True,,1168,,,-23.672824249999998,-46.674771750000005,,,,1,2023-06-19T16:11:38+00:00
SAO_6080-10,São Paulo,3550308,True,,1168,,,-23.677722250000002,-46.682867375,,,,1,2023-06-19T16:11:28+00:00
SAO_6080-10,São Paulo,3550308,True,,1168,,,-23.760768499999998,-46.677278,,,,1,2023-06-19T16:11:38+00:00
SAO_6080-10,São Paulo,3550308,True,,1168,,,-23.716451499999998,-46.699146999999996,,,,1,2023-06-19T16:11:08+00:00
SAO_6080-10,São Paulo,3550308,True,,1168,,,-23.759982,-46.6777045,,,,1,2023-06-19T16:11:30+00:00
SAO_6080-10,São Paulo,3550308,True,,1168,,,-23.759982,-46.6777045,,,,1,2023-06-19T16:11:00+00:00
SAO_967A-10,São Paulo,3550308,True,,33336,,,-23.584408500000002,-46.68334,,,,2,2023-06-19T16:11:04+00:00
SAO_967A-10,São Paulo,3550308,True,,33336,,,-23.4809025,-46.656053,,,,2,2023-06-19T16:11:38+00:00
SAO_967A-10,São Paulo,3550308,True,,33336,,,-23.56706775,-46.648686999999995,,,,2,2023-06-19T16:11:01+00:00
SAO_967A-10,São Paulo,3550308,True,,33336,,,-23.4827555,-46.65447675,,,,2,2023-06-19T16:11:20+00:00
SAO_967A-10,São Paulo,3550308,True,,33336,,,-23.537767000000002,-46.6441665,,,,2,2023-06-19T16:11:36+00:00
SAO_9653-10,São Paulo,3550308,True,,33356,,,-23.52191275,-46.663771,,,,2,2023-06-19T16:11:35+00:00
SAO_9653-10,São Paulo,3550308,True,,33356,,,-23.4580645,-46.6433105,,,,2,2023-06-19T16:11:02+00:00
SAO_9653-10,São Paulo,3550308,True,,33356,,,-23.504078999999997,-46.672608499999996,,,,2,2023-06-19T16:11:28+00:00
SAO_9653-10,São Paulo,3550308,True,,33356,,,-23.4580725,-46.648678000000004,,,,2,2023-06-19T16:11:04+00:00
SAO_9653-10,São Paulo,3550308,True,,33356,,,-23.4729635,-46.667052,,,,2,2023-06-19T16:11:16+00:00
SAO_9653-10,São Paulo,3550308,True,,33356,,,-23.541526499999996,-46.63584525,,,,2,2023-06-19T16:11:40+00:00
SAO_9653-10,São Paulo,3550308,True,,33356,,,-23.4580645,-46.6433105,,,,2,2023-06-19T16:11:09+00:00
SAO_6L02-10,São Paulo,3550308,True,,1178,,,-23.888524750000002,-46.74913,,,,1,2023-06-19T16:11:02+00:00
SAO_709A-10,São Paulo,3550308,True,,2092,,,-23.58591175,-46.648973375,,,,1,2023-06-19T16:11:38+00:00
SAO_709A-10,São Paulo,3550308,True,,2092,,,-23.6136795,-46.695497,,,,1,2023-06-19T16:11:19+00:00
SAO_709A-10,São Paulo,3550308,True,,2092,,,-23.590861750000002,-46.682355,,,,1,2023-06-19T16:11:09+00:00
SAO_709A-10,São Paulo,3550308,True,,2092,,,-23.6132095,-46.696375,,,,1,2023-06-19T16:11:32+00:00
SAO_8040-10,São Paulo,3550308,True,,33174,,,-23.437941000000002,-46.77914,,,,2,2023-06-19T16:11:16+00:00
SAO_8040-10,São Paulo,3550308,True,,33174,,,-23.519962,-46.69955950000001,,,,2,2023-06-19T16:11:34+00:00
SAO_8040-10,São Paulo,3550308,True,,33174,,,-23.4379315,-46.779346000000004,,,,2,2023-06-19T16:11:34+00:00
SAO_8040-10,São Paulo,3550308,True,,33174,,,-23.49419425,-46.76202125,,,,2,2023-06-19T16:11:33+00:00
SAO_8040-10,São Paulo,3550308,True,,33174,,,-23.436628,-46.762214,,,,2,2023-06-19T16:11:18+00:00
SAO_172Y-10,São Paulo,3550308,True,,862,,,-23.487272500000003,-46.582404,,,,1,2023-06-19T16:11:16+00:00
SAO_172Y-10,São Paulo,3550308,True,,862,,,-23.474130000000002,-46.5804045,,,,1,2023-06-19T16:11:18+00:00
SAO_172Y-10,São Paulo,3550308,True,,862,,,-23.474249,-46.580423499999995,,,,1,2023-06-19T16:11:09+00:00
SAO_172Y-10,São Paulo,3550308,True,,862,,,-23.474249,-46.580423499999995,,,,1,2023-06-19T16:11:34+00:00
SAO_172Y-10,São Paulo,3550308,True,,862,,,-23.5416595,-46.58983475,,,,1,2023-06-19T16:11:18+00:00
SAO_172Y-10,São Paulo,3550308,True,,862,,,-23.51214325,-46.586001249999995,,,,1,2023-06-19T16:11:21+00:00
SAO_172Y-10,São Paulo,3550308,True,,862,,,-23.5296095,-46.603042,,,,1,2023-06-19T16:11:31+00:00
SAO_1756-10,São Paulo,3550308,True,,547,,,-23.499637999999997,-46.6256595,,,,1,2023-06-19T16:11:12+00:00
SAO_1756-10,São Paulo,3550308,True,,547,,,-23.475029499999998,-46.639156,,,,1,2023-06-19T16:11:15+00:00
SAO_1756-10,São Paulo,3550308,True,,547,,,-23.4543275,-46.645172,,,,1,2023-06-19T16:11:43+00:00
SAO_6835-31,São Paulo,3550308,True,,34175,,,-23.688152000000002,-46.800449,,,,2,2023-06-19T16:11:32+00:00
SAO_6835-31,São Paulo,3550308,True,,34175,,,-23.6884105,-46.800267500000004,,,,2,2023-06-19T16:11:21+00:00
SAO_6835-31,São Paulo,3550308,True,,34175,,,-23.67407275,-46.77368725,,,,2,2023-06-19T16:11:24+00:00
SAO_527R-10,São Paulo,3550308,True,,33039,,,-23.652938749999997,-46.701730749999996,,,,2,2023-06-19T16:06:04+00:00
SAO_527R-10,São Paulo,3550308,True,,33039,,,-23.664806749999997,-46.67055525,,,,2,2023-06-19T16:11:39+00:00
SAO_527R-10,São Paulo,3550308,True,,33039,,,-23.67516125,-46.650865499999995,,,,2,2023-06-19T16:11:11+00:00
SAO_527R-10,São Paulo,3550308,True,,33039,,,-23.67516125,-46.650865499999995,,,,2,2023-06-19T16:11:39+00:00
SAO_527R-10,São Paulo,3550308,True,,33039,,,-23.661581999999996,-46.67929025,,,,2,2023-06-19T16:10:59+00:00
SAO_1782-10,São Paulo,3550308,True,,643,,,-23.476603500000003,-46.6097245,,,,1,2023-06-19T16:11:26+00:00
SAO_1782-10,São Paulo,3550308,True,,643,,,-23.450515,-46.5724465,,,,1,2023-06-19T16:11:05+00:00
SAO_6726-10,São Paulo,3550308,True,,1193,,,-23.736596499999997,-46.6971045,,,,1,2023-06-19T16:11:20+00:00
SAO_6726-10,São Paulo,3550308,True,,1193,,,-23.73467,-46.66268825,,,,1,2023-06-19T16:11:16+00:00
SAO_6726-10,São Paulo,3550308,True,,1193,,,-23.742515,-46.6656395,,,,1,2023-06-19T16:11:34+00:00
SAO_6726-10,São Paulo,3550308,True,,1193,,,-23.736596499999997,-46.6971045,,,,1,2023-06-19T16:11:38+00:00
SAO_6726-10,São Paulo,3550308,True,,1193,,,-23.7543765,-46.673142,,,,1,2023-06-19T16:11:15+00:00
SAO_6726-10,São Paulo,3550308,True,,1193,,,-23.736596499999997,-46.6971045,,,,1,2023-06-19T16:10:56+00:00
SAO_6726-10,São Paulo,3550308,True,,1193,,,-23.7413045,-46.69165425,,,,1,2023-06-19T16:11:19+00:00
SAO_1034-10,São Paulo,3550308,True,,35220,,,-23.4704835,-46.7104185,,,,2,2023-06-19T16:11:25+00:00
SAO_1034-10,São Paulo,3550308,True,,35220,,,-23.47114175,-46.71015375,,,,2,2023-06-19T16:11:04+00:00
SAO_1034-10,São Paulo,3550308,True,,35220,,,-23.47114175,-46.71015375,,,,2,2023-06-19T16:11:24+00:00
SAO_1034-10,São Paulo,3550308,True,,35220,,,-23.477566250000002,-46.706285375,,,,2,2023-06-19T16:11:18+00:00
SAO_1034-10,São Paulo,3550308,True,,35220,,,-23.47239125,-46.709706249999996,,,,2,2023-06-19T16:11:40+00:00
SAO_5144-10,São Paulo,3550308,True,,34395,,,-23.5994545,-46.514722500000005,,,,2,2023-06-19T16:11:36+00:00
SAO_5144-10,São Paulo,3550308,True,,34395,,,-23.6139405,-46.501206499999995,,,,2,2023-06-19T16:11:15+00:00
SAO_5144-10,São Paulo,3550308,True,,34395,,,-23.535606,-46.626139,,,,2,2023-06-19T16:11:16+00:00
SAO_5144-10,São Paulo,3550308,True,,34395,,,-23.6139405,-46.501206499999995,,,,2,2023-06-19T16:07:33+00:00
SAO_5144-10,São Paulo,3550308,True,,34395,,,-23.613910500000003,-46.500906,,,,2,2023-06-19T16:11:08+00:00
SAO_5144-10,São Paulo,3550308,True,,34395,,,-23.534974,-46.6443435,,,,2,2023-06-19T16:11:13+00:00
SAO_5144-10,São Paulo,3550308,True,,34395,,,-23.53933275,-46.611677,,,,2,2023-06-19T16:11:02+00:00
SAO_5144-10,São Paulo,3550308,True,,34395,,,-23.613987,-46.5014315,,,,2,2023-06-19T16:11:38+00:00
SAO_271P-10,São Paulo,3550308,True,,704,,,-23.5369325,-46.591382,,,,1,2023-06-19T16:11:39+00:00
SAO_271P-10,São Paulo,3550308,True,,704,,,-23.525634,-46.61856,,,,1,2023-06-19T16:08:32+00:00
SAO_271P-10,São Paulo,3550308,True,,704,,,-23.518918499999998,-46.546471,,,,1,2023-06-19T16:11:40+00:00
SAO_271P-10,São Paulo,3550308,True,,704,,,-23.53562425,-46.63390525,,,,1,2023-06-19T16:11:07+00:00
SAO_3029-10,São Paulo,3550308,True,,33734,,,-23.576738,-46.526531500000004,,,,2,2023-06-19T16:11:10+00:00
SAO_3029-10,São Paulo,3550308,True,,33734,,,-23.5409805,-46.5765495,,,,2,2023-06-19T16:11:27+00:00
SAO_3029-10,São Paulo,3550308,True,,33734,,,-23.585338999999998,-46.507191,,,,2,2023-06-19T16:11:38+00:00
SAO_3029-10,São Paulo,3550308,True,,33734,,,-23.585338999999998,-46.507191,,,,2,2023-06-19T16:11:29+00:00
SAO_3029-10,São Paulo,3550308,True,,33734,,,-23.548600125,-46.5402235,,,,2,2023-06-19T16:11:41+00:00
SAO_3029-10,São Paulo,3550308,True,,33734,,,-23.5766245,-46.5170915,,,,2,2023-06-19T16:10:59+00:00
SAO_3029-10,São Paulo,3550308,True,,33734,,,-23.5395835,-46.552836,,,,2,2023-06-19T16:11:25+00:00
SAO_3029-10,São Paulo,3550308,True,,33734,,,-23.5856555,-46.508423,,,,2,2023-06-19T16:11:06+00:00
SAO_3029-10,São Paulo,3550308,True,,33734,,,-23.5816625,-46.5097485,,,,2,2023-06-19T16:09:48+00:00
SAO_3029-10,São Paulo,3550308,True,,33734,,,-23.56734275,-46.542404499999996,,,,2,2023-06-19T16:11:42+00:00
SAO_3029-10,São Paulo,3550308,True,,33734,,,-23.585386,-46.5076605,,,,2,2023-06-19T16:11:04+00:00
SAO_2723-10,São Paulo,3550308,True,,937,,,-23.542181499999998,-46.472184999999996,,,,1,2023-06-19T16:11:26+00:00
SAO_2723-10,São Paulo,3550308,True,,937,,,-23.497187625,-46.442173249999996,,,,1,2023-06-19T16:11:06+00:00
SAO_2723-10,São Paulo,3550308,True,,937,,,-23.4839945,-46.4660575,,,,1,2023-06-19T16:11:20+00:00
SAO_2723-10,São Paulo,3550308,True,,937,,,-23.4981035,-46.45682,,,,1,2023-06-19T16:11:36+00:00
SAO_2723-10,São Paulo,3550308,True,,937,,,-23.520725,-46.4441235,,,,1,2023-06-19T16:11:37+00:00
SAO_8705-10,São Paulo,3550308,True,,2072,,,-23.5556865,-46.754526999999996,,,,1,2023-06-19T16:11:43+00:00
SAO_8705-10,São Paulo,3550308,True,,2072,,,-23.547646999999998,-46.760248000000004,,,,1,2023-06-19T16:11:21+00:00
SAO_8705-10,São Paulo,3550308,True,,2072,,,-23.569701000000002,-46.68799425,,,,1,2023-06-19T16:11:45+00:00
SAO_8705-10,São Paulo,3550308,True,,2072,,,-23.5467645,-46.761089999999996,,,,1,2023-06-19T16:11:32+00:00
SAO_8705-10,São Paulo,3550308,True,,2072,,,-23.5489345,-46.651877,,,,1,2023-06-19T16:11:43+00:00
SAO_8705-10,São Paulo,3550308,True,,2072,,,-23.5471285,-46.76075,,,,1,2023-06-19T16:11:34+00:00
SAO_8705-10,São Paulo,3550308,True,,2072,,,-23.547646999999998,-46.760248000000004,,,,1,2023-06-19T16:11:07+00:00
SAO_8705-10,São Paulo,3550308,True,,2072,,,-23.573483250000002,-46.725281,,,,1,2023-06-19T16:11:03+00:00
SAO_715M-10,São Paulo,3550308,True,,33258,,,-23.5827195,-46.761574499999995,,,,2,2023-06-19T16:11:05+00:00
SAO_715M-10,São Paulo,3550308,True,,33258,,,-23.562227,-46.6448845,,,,2,2023-06-19T16:11:09+00:00
SAO_715M-10,São Paulo,3550308,True,,33258,,,-23.5566095,-46.634146,,,,2,2023-06-19T16:11:36+00:00
SAO_715M-10,São Paulo,3550308,True,,33258,,,-23.582955,-46.761826,,,,2,2023-06-19T16:11:03+00:00
SAO_715M-10,São Paulo,3550308,True,,33258,,,-23.583049,-46.761895499999994,,,,2,2023-06-19T16:11:25+00:00
SAO_715M-10,São Paulo,3550308,True,,33258,,,-23.5621635,-46.674863,,,,2,2023-06-19T16:11:12+00:00
SAO_715M-10,São Paulo,3550308,True,,33258,,,-23.5751815,-46.739963,,,,2,2023-06-19T16:11:12+00:00
SAO_715M-10,São Paulo,3550308,True,,33258,,,-23.571330625,-46.708110749999996,,,,2,2023-06-19T16:11:00+00:00
SAO_508L-10,São Paulo,3550308,True,EMTU,117,https://moovitapp.com/index/pt-br/transporte_p%C3%BAblico-line-117-Sao_Paulo-242-2038937-36419277-0,4.8,-23.579883000000002,-46.642630374999996,,,,1,2023-06-19T16:11:14+00:00
SAO_508L-10,São Paulo,3550308,True,EMTU,117,https://moovitapp.com/index/pt-br/transporte_p%C3%BAblico-line-117-Sao_Paulo-242-2038937-36419277-0,4.8,-23.53633725,-46.647352,,,,1,2023-06-19T16:11:25+00:00
SAO_508L-10,São Paulo,3550308,True,EMTU,117,https://moovitapp.com/index/pt-br/transporte_p%C3%BAblico-line-117-Sao_Paulo-242-2038937-36419277-0,4.8,-23.5565435,-46.665399,,,,1,2023-06-19T16:11:16+00:00
SAO_178L-10,São Paulo,3550308,True,,33328,,,-23.504210999999998,-46.62717475,,,,2,2023-06-19T16:11:29+00:00
SAO_178L-10,São Paulo,3550308,True,,33328,,,-23.474621,-46.64296349999999,,,,2,2023-06-19T16:11:06+00:00
SAO_178L-10,São Paulo,3550308,True,,33328,,,-23.4930305,-46.6328465,,,,2,2023-06-19T16:11:44+00:00
SAO_178L-10,São Paulo,3550308,True,,33328,,,-23.52501625,-46.6493945,,,,2,2023-06-19T16:11:37+00:00
SAO_178L-10,São Paulo,3550308,True,,33328,,,-23.538351749999997,-46.644996000000006,,,,2,2023-06-19T16:11:13+00:00
SAO_178L-10,São Paulo,3550308,True,,33328,,,-23.5489345,-46.651877,,,,2,2023-06-19T16:11:37+00:00
SAO_178L-10,São Paulo,3550308,True,,33328,,,-23.474617000000002,-46.6435345,,,,2,2023-06-19T16:11:22+00:00
SAO_178L-10,São Paulo,3550308,True,,33328,,,-23.5501285,-46.68291275,,,,2,2023-06-19T16:11:06+00:00
SAO_4028-10,São Paulo,3550308,True,,33866,,,-23.593083,-46.4887815,,,,2,2023-06-19T16:11:24+00:00
SAO_4028-10,São Paulo,3550308,True,,33866,,,-23.60428225,-46.48109225,,,,2,2023-06-19T16:11:05+00:00
SAO_4028-10,São Paulo,3550308,True,,33866,,,-23.61634375,-46.46902275,,,,2,2023-06-19T16:11:03+00:00
SAO_4028-10,São Paulo,3550308,True,,33866,,,-23.633119,-46.447492499999996,,,,2,2023-06-19T16:11:04+00:00
SAO_4028-10,São Paulo,3550308,True,,33866,,,-23.5929201875,-46.488674562499995,,,,2,2023-06-19T16:11:24+00:00
SAO_4028-10,São Paulo,3550308,True,,33866,,,-23.5926885625,-46.4887616875,,,,2,2023-06-19T16:11:41+00:00
SAO_8000-1,São Paulo,3550308,True,,2506,,,-23.542720250000002,-46.643174625,,,,1,2023-06-19T16:11:20+00:00
SAO_8000-1,São Paulo,3550308,True,,2506,,,-23.520449499999998,-46.6996115,,,,1,2023-06-19T16:11:36+00:00
SAO_8000-1,São Paulo,3550308,True,,2506,,,-23.524944624999996,-46.69763675,,,,1,2023-06-19T16:11:44+00:00
SAO_8000-1,São Paulo,3550308,True,,2506,,,-23.527603499999998,-46.6716715,,,,1,2023-06-19T16:11:01+00:00
SAO_775V-10,São Paulo,3550308,True,,33243,,,-23.565959,-46.6944145,,,,2,2023-06-19T16:11:21+00:00
SAO_775V-10,São Paulo,3550308,True,,33243,,,-23.57609025,-46.76591425,,,,2,2023-06-19T16:11:19+00:00
SAO_775V-10,São Paulo,3550308,True,,33243,,,-23.574617,-46.730098,,,,2,2023-06-19T16:11:03+00:00
SAO_775V-10,São Paulo,3550308,True,,33243,,,-23.566271,-46.694345,,,,2,2023-06-19T16:11:08+00:00
SAO_775V-10,São Paulo,3550308,True,,33243,,,-23.576574,-46.7661295,,,,2,2023-06-19T16:11:26+00:00
SAO_627J-10,São Paulo,3550308,True,,34824,,,-23.6390905,-46.6413445,,,,2,2023-06-19T16:11:21+00:00
SAO_627J-10,São Paulo,3550308,True,,34824,,,-23.6261565,-46.641162,,,,2,2023-06-19T16:11:25+00:00
SAO_627J-10,São Paulo,3550308,True,,34824,,,-23.6795555,-46.637598999999994,,,,2,2023-06-19T16:11:36+00:00
SAO_627J-10,São Paulo,3550308,True,,34824,,,-23.6816855,-46.633838,,,,2,2023-06-19T16:10:55+00:00
SAO_627J-10,São Paulo,3550308,True,,34824,,,-23.6812385,-46.633822499999994,,,,2,2023-06-19T16:11:20+00:00
SAO_627J-10,São Paulo,3550308,True,,34824,,,-23.6812385,-46.633822499999994,,,,2,2023-06-19T16:11:12+00:00
SAO_627J-10,São Paulo,3550308,True,,34824,,,-23.645675250000004,-46.64110625,,,,2,2023-06-19T16:11:18+00:00
SAO_2719-10,São Paulo,3550308,True,,932,,,-23.51097875,-46.509129,,,,1,2023-06-19T16:11:32+00:00
SAO_2719-10,São Paulo,3550308,True,,932,,,-23.507372125000003,-46.488834374999996,,,,1,2023-06-19T16:11:16+00:00
SAO_2719-10,São Paulo,3550308,True,,932,,,-23.50748,-46.490358,,,,1,2023-06-19T16:11:32+00:00
SAO_2719-10,São Paulo,3550308,True,,932,,,-23.521471499999997,-46.528538499999996,,,,1,2023-06-19T16:11:26+00:00
SAO_2719-10,São Paulo,3550308,True,,932,,,-23.524407749999998,-46.528580375,,,,1,2023-06-19T16:11:10+00:00
SAO_2719-10,São Paulo,3550308,True,,932,,,-23.492173,-46.4796815,,,,1,2023-06-19T16:11:38+00:00
SAO_3134-10,São Paulo,3550308,True,,33761,,,-23.5914675,-46.5888935,,,,2,2023-06-19T16:11:41+00:00
SAO_3134-10,São Paulo,3550308,True,,33761,,,-23.593899,-46.58225350000001,,,,2,2023-06-19T16:11:24+00:00
SAO_3134-10,São Paulo,3550308,True,,33761,,,-23.577035000000002,-46.5493855,,,,2,2023-06-19T16:11:03+00:00
SAO_3134-10,São Paulo,3550308,True,,33761,,,-23.5632475,-46.505516,,,,2,2023-06-19T16:11:07+00:00
SAO_3134-10,São Paulo,3550308,True,,33761,,,-23.566994,-46.506069,,,,2,2023-06-19T16:11:39+00:00
SAO_3134-10,São Paulo,3550308,True,,33761,,,-23.5632475,-46.505516,,,,2,2023-06-19T16:11:25+00:00
SAO_3134-10,São Paulo,3550308,True,,33761,,,-23.5692095,-46.504706,,,,2,2023-06-19T16:11:34+00:00
SAO_3134-10,São Paulo,3550308,True,,33761,,,-23.5630785,-46.5055855,,,,2,2023-06-19T16:11:33+00:00
SAO_3134-10,São Paulo,3550308,True,,33761,,,-23.563608000000002,-46.5053735,,,,2,2023-06-19T16:11:15+00:00
SAO_3134-10,São Paulo,3550308,True,,33761,,,-23.5632475,-46.505516,,,,2,2023-06-19T16:11:37+00:00
SAO_3134-10,São Paulo,3550308,True,,33761,,,-23.5856455,-46.584247,,,,2,2023-06-19T16:11:21+00:00
SAO_3134-10,São Paulo,3550308,True,,33761,,,-23.5632475,-46.505516,,,,2,2023-06-19T16:11:34+00:00
SAO_3134-10,São Paulo,3550308,True,,33761,,,-23.5783275,-46.578210999999996,,,,2,2023-06-19T16:11:35+00:00
SAO_3134-10,São Paulo,3550308,True,,33761,,,-23.564069,-46.5051995,,,,2,2023-06-19T16:11:31+00:00
SAO_477P-10,São Paulo,3550308,True,EMTU,348,https://moovitapp.com/index/pt-br/transporte_p%C3%BAblico-line-348-Sao_Paulo-242-2038937-36419431-0,5.1,-23.577174749999998,-46.765108875,,,,1,2023-06-19T16:11:31+00:00
SAO_477P-10,São Paulo,3550308,True,EMTU,348,https://moovitapp.com/index/pt-br/transporte_p%C3%BAblico-line-348-Sao_Paulo-242-2038937-36419431-0,5.1,-23.5724535,-46.709314,,,,1,2023-06-19T16:11:40+00:00
SAO_477P-10,São Paulo,3550308,True,EMTU,348,https://moovitapp.com/index/pt-br/transporte_p%C3%BAblico-line-348-Sao_Paulo-242-2038937-36419431-0,5.1,-23.5834015,-46.683516499999996,,,,1,2023-06-19T16:11:35+00:00
SAO_477P-10,São Paulo,3550308,True,EMTU,348,https://moovitapp.com/index/pt-br/transporte_p%C3%BAblico-line-348-Sao_Paulo-242-2038937-36419431-0,5.1,-23.571257,-46.707392,,,,1,2023-06-19T16:11:08+00:00
SAO_477P-10,São Paulo,3550308,True,EMTU,348,https://moovitapp.com/index/pt-br/transporte_p%C3%BAblico-line-348-Sao_Paulo-242-2038937-36419431-0,5.1,-23.592392375,-46.677560687500005,,,,1,2023-06-19T16:11:14+00:00
SAO_477P-10,São Paulo,3550308,True,EMTU,348,https://moovitapp.com/index/pt-br/transporte_p%C3%BAblico-line-348-Sao_Paulo-242-2038937-36419431-0,5.1,-23.5773965,-46.7651975,,,,1,2023-06-19T16:11:43+00:00
SAO_477P-10,São Paulo,3550308,True,EMTU,348,https://moovitapp.com/index/pt-br/transporte_p%C3%BAblico-line-348-Sao_Paulo-242-2038937-36419431-0,5.1,-23.591106375,-46.602544625,,,,1,2023-06-19T16:11:14+00:00
SAO_477P-10,São Paulo,3550308,True,EMTU,348,https://moovitapp.com/index/pt-br/transporte_p%C3%BAblico-line-348-Sao_Paulo-242-2038937-36419431-0,5.1,-23.61304725,-46.65045775,,,,1,2023-06-19T16:11:00+00:00
SAO_477P-10,São Paulo,3550308,True,EMTU,348,https://moovitapp.com/index/pt-br/transporte_p%C3%BAblico-line-348-Sao_Paulo-242-2038937-36419431-0,5.1,-23.6138975,-46.678684000000004,,,,1,2023-06-19T16:11:36+00:00
SAO_4311-10,São Paulo,3550308,True,,34939,,,-23.56491575,-46.508068249999994,,,,2,2023-06-19T16:11:21+00:00
SAO_4311-10,São Paulo,3550308,True,,34939,,,-23.539747875,-46.543512875,,,,2,2023-06-19T16:11:30+00:00
SAO_4311-10,São Paulo,3550308,True,,34939,,,-23.612947,-46.476177500000006,,,,2,2023-06-19T16:11:05+00:00
SAO_4311-10,São Paulo,3550308,True,,34939,,,-23.5469335,-46.6304035,,,,2,2023-06-19T16:11:38+00:00
SAO_4311-10,São Paulo,3550308,True,,34939,,,-23.5445305,-46.5931135,,,,2,2023-06-19T16:11:15+00:00
SAO_746P-10,São Paulo,3550308,True,,788,,,-23.6202375,-46.733334,,,,1,2023-06-19T16:11:01+00:00
SAO_746P-10,São Paulo,3550308,True,,788,,,-23.6419265,-46.7127905,,,,1,2023-06-19T16:11:12+00:00
SAO_746P-10,São Paulo,3550308,True,,788,,,-23.619129,-46.72311,,,,1,2023-06-19T16:11:02+00:00
SAO_746P-10,São Paulo,3550308,True,,788,,,-23.644236,-46.7336895,,,,1,2023-06-19T16:11:11+00:00
SAO_746P-10,São Paulo,3550308,True,,788,,,-23.6203415,-46.723586499999996,,,,1,2023-06-19T16:11:20+00:00
SAO_746P-10,São Paulo,3550308,True,,788,,,-23.644018,-46.7325855,,,,1,2023-06-19T16:11:03+00:00
SAO_6073-10,São Paulo,3550308,True,,33928,,,-23.853313,-46.6956225,,,,2,2023-06-19T16:11:14+00:00
SAO_6073-10,São Paulo,3550308,True,,33928,,,-23.853313,-46.6956225,,,,2,2023-06-19T16:11:24+00:00
SAO_6073-10,São Paulo,3550308,True,,33928,,,-23.846876,-46.715995500000005,,,,2,2023-06-19T16:11:19+00:00
SAO_6073-10,São Paulo,3550308,True,,33928,,,-23.790612499999998,-46.72688050000001,,,,2,2023-06-19T16:11:20+00:00
SAO_6073-10,São Paulo,3550308,True,,33928,,,-23.853313,-46.6956225,,,,2,2023-06-19T16:11:17+00:00
SAO_6073-10,São Paulo,3550308,True,,33928,,,-23.853313,-46.6956225,,,,2,2023-06-19T16:11:37+00:00
SAO_5013-10,São Paulo,3550308,True,,1117,,,-23.6773545,-46.628788,,,,1,2023-06-19T16:10:23+00:00
SAO_5013-10,São Paulo,3550308,True,,1117,,,-23.6541985,-46.704713999999996,,,,1,2023-06-19T16:11:28+00:00
SAO_5013-10,São Paulo,3550308,True,,1117,,,-23.6776805,-46.65809725,,,,1,2023-06-19T16:11:31+00:00
SAO_5013-10,São Paulo,3550308,True,,1117,,,-23.6811915,-46.642292,,,,1,2023-06-19T16:07:37+00:00
SAO_5013-10,São Paulo,3550308,True,,1117,,,-23.688736499999997,-46.63798,,,,1,2023-06-19T16:11:10+00:00
SAO_5013-10,São Paulo,3550308,True,,1117,,,-23.682060999999997,-46.633000499999994,,,,1,2023-06-19T16:11:10+00:00
SAO_5013-10,São Paulo,3550308,True,,1117,,,-23.674028,-46.6861365,,,,1,2023-06-19T16:11:15+00:00
SAO_5013-10,São Paulo,3550308,True,,1117,,,-23.6543235,-46.7042885,,,,1,2023-06-19T16:11:03+00:00
SAO_5013-10,São Paulo,3550308,True,,1117,,,-23.6741345,-46.6637275,,,,1,2023-06-19T16:11:03+00:00
SAO_172N-10,São Paulo,3550308,True,,664,,,-23.501627499999998,-46.6245885,,,,1,2023-06-19T16:11:16+00:00
SAO_172N-10,São Paulo,3550308,True,,664,,,-23.516242,-46.616273,,,,1,2023-06-19T16:11:32+00:00
SAO_172N-10,São Paulo,3550308,True,,664,,,-23.51555975,-46.5958785,,,,1,2023-06-19T16:11:03+00:00
SAO_172N-10,São Paulo,3550308,True,,664,,,-23.529260999999998,-46.598353,,,,1,2023-06-19T16:08:47+00:00
SAO_2031-10,São Paulo,3550308,True,,33135,,,-23.5187885,-46.4757585,,,,2,2023-06-19T16:11:36+00:00
SAO_2031-10,São Paulo,3550308,True,,33135,,,-23.50584575,-46.37234624999999,,,,2,2023-06-19T16:11:22+00:00
SAO_2031-10,São Paulo,3550308,True,,33135,,,-23.4988045,-46.3950825,,,,2,2023-06-19T16:11:01+00:00
SAO_2031-10,São Paulo,3550308,True,,33135,,,-23.50574925,-46.37263675,,,,2,2023-06-19T16:11:04+00:00
SAO_2031-10,São Paulo,3550308,True,,33135,,,-23.50574925,-46.37263675,,,,2,2023-06-19T16:11:07+00:00
SAO_2031-10,São Paulo,3550308,True,,33135,,,-23.495266,-46.432126,,,,2,2023-06-19T16:11:40+00:00
SAO_9162-10,São Paulo,3550308,True,,34133,,,-23.476194999999997,-46.674749500000004,,,,2,2023-06-19T16:07:37+00:00
SAO_9023-10,São Paulo,3550308,True,,1437,,,-23.4313245,-46.7133795,,,,1,2023-06-19T16:11:26+00:00
SAO_9023-10,São Paulo,3550308,True,,1437,,,-23.472029,-46.725294500000004,,,,1,2023-06-19T16:11:12+00:00
SAO_9023-10,São Paulo,3550308,True,,1437,,,-23.44598125,-46.714508,,,,1,2023-06-19T16:10:43+00:00
SAO_6016-10,São Paulo,3550308,True,,84,,,-23.7716985,-46.6731285,,,,1,2023-06-19T16:11:27+00:00
SAO_6016-10,São Paulo,3550308,True,,84,,,-23.7716985,-46.6731285,,,,1,2023-06-19T16:11:43+00:00
SAO_6016-10,São Paulo,3550308,True,,84,,,-23.770443,-46.67497975,,,,1,2023-06-19T16:11:28+00:00
SAO_6016-10,São Paulo,3550308,True,,84,,,-23.737090000000002,-46.697100000000006,,,,1,2023-06-19T16:11:44+00:00
SAO_6016-10,São Paulo,3550308,True,,84,,,-23.7401655,-46.691473,,,,1,2023-06-19T16:11:41+00:00
SAO_675X-10,São Paulo,3550308,True,,32879,,,-23.6995285,-46.7010475,,,,2,2023-06-19T16:11:26+00:00
SAO_675X-10,São Paulo,3550308,True,,32879,,,-23.596517125,-46.649662125000006,,,,2,2023-06-19T16:11:08+00:00
SAO_675X-10,São Paulo,3550308,True,,32879,,,-23.737187499999997,-46.6971815,,,,2,2023-06-19T16:11:04+00:00
SAO_675X-10,São Paulo,3550308,True,,32879,,,-23.675196812499998,-46.7085591875,,,,2,2023-06-19T16:11:14+00:00
SAO_675X-10,São Paulo,3550308,True,,32879,,,-23.7093575,-46.699754999999996,,,,2,2023-06-19T16:11:08+00:00
SAO_675X-10,São Paulo,3550308,True,,32879,,,-23.737090000000002,-46.697100000000006,,,,2,2023-06-19T16:11:13+00:00
SAO_8100-10,São Paulo,3550308,True,,34030,,,-23.520326,-46.699492500000005,,,,2,2023-06-19T16:11:42+00:00
SAO_8100-10,São Paulo,3550308,True,,34030,,,-23.4854275,-46.7255765,,,,2,2023-06-19T16:11:06+00:00
SAO_8100-10,São Paulo,3550308,True,,34030,,,-23.520201,-46.710451,,,,2,2023-06-19T16:11:29+00:00
SAO_175P-10,São Paulo,3550308,True,,675,,,-23.585694562500002,-46.63656756249999,,,,1,2023-06-19T16:11:27+00:00
SAO_175P-10,São Paulo,3550308,True,,675,,,-23.502966999999998,-46.6260415,,,,1,2023-06-19T16:11:01+00:00
SAO_175P-10,São Paulo,3550308,True,,675,,,-23.513911875,-46.655776125,,,,1,2023-06-19T16:11:19+00:00
SAO_175P-10,São Paulo,3550308,True,,675,,,-23.502792,-46.641878000000005,,,,1,2023-06-19T16:11:09+00:00
SAO_175P-10,São Paulo,3550308,True,,675,,,-23.5366455,-46.667362,,,,1,2023-06-19T16:11:29+00:00
SAO_175P-10,São Paulo,3550308,True,,675,,,-23.584305625,-46.637369750000005,,,,1,2023-06-19T16:11:15+00:00
SAO_175P-10,São Paulo,3550308,True,,675,,,-23.5861638125,-46.63626881249999,,,,1,2023-06-19T16:11:43+00:00
SAO_175P-10,São Paulo,3550308,True,,675,,,-23.5644515625,-46.652986687500004,,,,1,2023-06-19T16:11:35+00:00
SAO_175P-10,São Paulo,3550308,True,,675,,,-23.5859291875,-46.6364181875,,,,1,2023-06-19T16:11:13+00:00
SAO_175P-10,São Paulo,3550308,True,,675,,,-23.584993375000003,-46.637002249999995,,,,1,2023-06-19T16:11:37+00:00
SAO_175P-10,São Paulo,3550308,True,,675,,,-23.502966999999998,-46.6260415,,,,1,2023-06-19T16:11:18+00:00
SAO_175P-10,São Paulo,3550308,True,,675,,,-23.554392999999997,-46.670265,,,,1,2023-06-19T16:11:29+00:00
SAO_208M-10,São Paulo,3550308,True,,35246,,,-23.528633499999998,-46.660990999999996,,,,2,2023-06-19T16:11:32+00:00
SAO_208M-10,São Paulo,3550308,True,,35246,,,-23.567231,-46.6936625,,,,2,2023-06-19T16:11:39+00:00
SAO_208M-10,São Paulo,3550308,True,,35246,,,-23.502214000000002,-46.6235875,,,,2,2023-06-19T16:11:17+00:00
SAO_208M-10,São Paulo,3550308,True,,35246,,,-23.501943500000003,-46.6235805,,,,2,2023-06-19T16:11:27+00:00
SAO_208M-10,São Paulo,3550308,True,,35246,,,-23.5182635,-46.6536955,,,,2,2023-06-19T16:11:36+00:00
SAO_6091-10,São Paulo,3550308,True,,33943,,,-23.7049335,-46.702473499999996,,,,2,2023-06-19T16:11:11+00:00
SAO_6091-10,São Paulo,3550308,True,,33943,,,-23.8623725,-46.713284,,,,2,2023-06-19T16:11:32+00:00
SAO_6091-10,São Paulo,3550308,True,,33943,,,-23.862472,-46.714162,,,,2,2023-06-19T16:06:51+00:00
SAO_6091-10,São Paulo,3550308,True,,33943,,,-23.86243975,-46.713871000000005,,,,2,2023-06-19T16:11:11+00:00
SAO_6091-10,São Paulo,3550308,True,,33943,,,-23.8623725,-46.713284,,,,2,2023-06-19T16:11:25+00:00
SAO_6091-10,São Paulo,3550308,True,,33943,,,-23.862347500000002,-46.712974,,,,2,2023-06-19T16:11:29+00:00
SAO_6091-10,São Paulo,3550308,True,,33943,,,-23.8623075,-46.7123485,,,,2,2023-06-19T16:11:15+00:00
SAO_6091-10,São Paulo,3550308,True,,33943,,,-23.785728,-46.72602575,,,,2,2023-06-19T16:10:23+00:00
SAO_6091-10,São Paulo,3550308,True,,33943,,,-23.7298985,-46.698599,,,,2,2023-06-19T16:11:42+00:00
SAO_6039-10,São Paulo,3550308,True,,1217,,,-23.652227250000003,-46.708538,,,,1,2023-06-19T16:11:16+00:00
SAO_6039-10,São Paulo,3550308,True,,1217,,,-23.677695,-46.793955499999996,,,,1,2023-06-19T16:11:21+00:00
SAO_6039-10,São Paulo,3550308,True,,1217,,,-23.660522999999998,-46.768356499999996,,,,1,2023-06-19T16:11:41+00:00
SAO_6039-10,São Paulo,3550308,True,,1217,,,-23.6860325,-46.8009515,,,,1,2023-06-19T16:11:33+00:00
SAO_6039-10,São Paulo,3550308,True,,1217,,,-23.65436375,-46.760079499999996,,,,1,2023-06-19T16:11:19+00:00
SAO_6039-10,São Paulo,3550308,True,,1217,,,-23.652227250000003,-46.708538,,,,1,2023-06-19T16:11:31+00:00
SAO_6039-10,São Paulo,3550308,True,,1217,,,-23.6860325,-46.8009515,,,,1,2023-06-19T16:11:12+00:00
SAO_6039-10,São Paulo,3550308,True,,1217,,,-23.640483125,-46.717002750000006,,,,1,2023-06-19T16:11:34+00:00
SAO_3791-10,São Paulo,3550308,True,,33837,,,-23.548931500000002,-46.504402999999996,,,,2,2023-06-19T16:11:23+00:00
SAO_3791-10,São Paulo,3550308,True,,33837,,,-23.5414835,-46.4843695,,,,2,2023-06-19T16:11:39+00:00
SAO_3791-10,São Paulo,3550308,True,,33837,,,-23.5638,-46.505301,,,,2,2023-06-19T16:11:24+00:00
SAO_3791-10,São Paulo,3550308,True,,33837,,,-23.538098,-46.4893345,,,,2,2023-06-19T16:11:16+00:00
SAO_3791-10,São Paulo,3550308,True,,33837,,,-23.5414835,-46.4843695,,,,2,2023-06-19T16:11:07+00:00
SAO_3791-10,São Paulo,3550308,True,,33837,,,-23.564311500000002,-46.5047835,,,,2,2023-06-19T16:11:23+00:00
SAO_3791-10,São Paulo,3550308,True,,33837,,,-23.552673499999997,-46.512662000000006,,,,2,2023-06-19T16:11:39+00:00
SAO_5030-10,São Paulo,3550308,True,,34437,,,-23.6388835,-46.607565,,,,2,2023-06-19T16:11:42+00:00
SAO_5030-10,São Paulo,3550308,True,,34437,,,-23.637222,-46.595223000000004,,,,2,2023-06-19T16:11:00+00:00
SAO_701U-10,São Paulo,3550308,True,,657,,,-23.5518395,-46.7314125,,,,1,2023-06-19T16:11:18+00:00
SAO_701U-10,São Paulo,3550308,True,,657,,,-23.5154925,-46.629752499999995,,,,1,2023-06-19T16:11:37+00:00
SAO_701U-10,São Paulo,3550308,True,,657,,,-23.502836,-46.623605,,,,1,2023-06-19T16:10:10+00:00
SAO_701U-10,São Paulo,3550308,True,,657,,,-23.5521175,-46.7315415,,,,1,2023-06-19T16:11:12+00:00
SAO_701U-10,São Paulo,3550308,True,,657,,,-23.564166999999998,-46.7144275,,,,1,2023-06-19T16:11:15+00:00
SAO_4726-10,São Paulo,3550308,True,,34448,,,-23.559128,-46.586489,,,,2,2023-06-19T16:11:11+00:00
SAO_4726-10,São Paulo,3550308,True,,34448,,,-23.5633635,-46.591837500000004,,,,2,2023-06-19T16:11:20+00:00
SAO_4726-10,São Paulo,3550308,True,,34448,,,-23.563146500000002,-46.592247,,,,2,2023-06-19T16:11:03+00:00
SAO_4726-10,São Paulo,3550308,True,,34448,,,-23.563243,-46.592068499999996,,,,2,2023-06-19T16:11:14+00:00
SAO_4726-10,São Paulo,3550308,True,,34448,,,-23.56654525,-46.580130999999994,,,,2,2023-06-19T16:11:03+00:00
SAO_4726-10,São Paulo,3550308,True,,34448,,,-23.551367,-46.578759500000004,,,,2,2023-06-19T16:11:30+00:00
SAO_2013-10,São Paulo,3550308,True,,899,,,-23.4708855,-46.650408999999996,,,,1,2023-06-19T16:11:27+00:00
SAO_2013-10,São Paulo,3550308,True,,899,,,-23.4546975,-46.658477500000004,,,,1,2023-06-19T16:11:38+00:00
SAO_2013-10,São Paulo,3550308,True,,899,,,-23.4628625,-46.637687,,,,1,2023-06-19T16:11:18+00:00
SAO_2013-10,São Paulo,3550308,True,,899,,,-23.459543500000002,-46.6565455,,,,1,2023-06-19T16:11:39+00:00
SAO_2013-10,São Paulo,3550308,True,,899,,,-23.4546975,-46.658477500000004,,,,1,2023-06-19T16:11:34+00:00
SAO_2013-10,São Paulo,3550308,True,,899,,,-23.47152125,-46.67050425,,,,1,2023-06-19T16:11:35+00:00
SAO_2013-10,São Paulo,3550308,True,,899,,,-23.468189000000002,-46.6683675,,,,1,2023-06-19T16:11:26+00:00
SAO_6008-10,São Paulo,3550308,True,,33968,,,-23.68727,-46.7629345,,,,2,2023-06-19T16:11:02+00:00
SAO_6008-10,São Paulo,3550308,True,,33968,,,-23.687725,-46.7628425,,,,2,2023-06-19T16:11:07+00:00
SAO_6008-10,São Paulo,3550308,True,,33968,,,-23.685844,-46.752967999999996,,,,2,2023-06-19T16:11:22+00:00
SAO_6008-10,São Paulo,3550308,True,,33968,,,-23.680467999999998,-46.734706,,,,2,2023-06-19T16:11:07+00:00
SAO_6008-10,São Paulo,3550308,True,,33968,,,-23.6873755,-46.763414499999996,,,,2,2023-06-19T16:11:27+00:00
SAO_6338-10,São Paulo,3550308,True,,1293,,,-23.589728249999997,-46.6513285,,,,1,2023-06-19T16:11:40+00:00
SAO_6338-10,São Paulo,3550308,True,,1293,,,-23.6314365,-46.6415645,,,,1,2023-06-19T16:11:18+00:00
SAO_6338-10,São Paulo,3550308,True,,1293,,,-23.680045,-46.636998000000006,,,,1,2023-06-19T16:11:39+00:00
SAO_6338-10,São Paulo,3550308,True,,1293,,,-23.6685145,-46.6506355,,,,1,2023-06-19T16:11:20+00:00
SAO_4056-10,São Paulo,3550308,True,,2237,,,-23.597580999999998,-46.453478,,,,1,2023-06-19T16:11:40+00:00
SAO_4056-10,São Paulo,3550308,True,,2237,,,-23.607075000000002,-46.4513815,,,,1,2023-06-19T16:11:14+00:00
SAO_4056-10,São Paulo,3550308,True,,2237,,,-23.6116145625,-46.465147,,,,1,2023-06-19T16:10:01+00:00
SAO_4056-10,São Paulo,3550308,True,,2237,,,-23.607154,-46.451569,,,,1,2023-06-19T16:11:09+00:00
SAO_6820-10,São Paulo,3550308,True,BR7 Mobilidade,19,https://moovitapp.com/index/pt-br/transporte_p%C3%BAblico-line-19-Sao_Paulo-242-851856-516833-0,5.75,-23.6606095,-46.7777425,,,,1,2023-06-19T16:11:31+00:00
SAO_6820-10,São Paulo,3550308,True,BR7 Mobilidade,19,https://moovitapp.com/index/pt-br/transporte_p%C3%BAblico-line-19-Sao_Paulo-242-851856-516833-0,5.75,-23.6582,-46.7894615,,,,1,2023-06-19T16:11:39+00:00
SAO_273V-10,São Paulo,3550308,True,,32999,,,-23.530869875,-46.452939,,,,2,2023-06-19T16:11:05+00:00
SAO_273V-10,São Paulo,3550308,True,,32999,,,-23.52137475,-46.51627125,,,,2,2023-06-19T16:11:38+00:00
SAO_273V-10,São Paulo,3550308,True,,32999,,,-23.521850999999998,-46.4244515,,,,2,2023-06-19T16:11:04+00:00
SAO_273V-10,São Paulo,3550308,True,,32999,,,-23.521937,-46.4241185,,,,2,2023-06-19T16:11:26+00:00
SAO_848L-10,São Paulo,3550308,True,,33576,,,-23.4144305,-46.7510005,,,,2,2023-06-19T16:11:36+00:00
SAO_848L-10,São Paulo,3550308,True,,33576,,,-23.481776,-46.7234585,,,,2,2023-06-19T16:11:41+00:00
SAO_848L-10,São Paulo,3550308,True,,33576,,,-23.4144305,-46.7510005,,,,2,2023-06-19T16:11:30+00:00
SAO_848L-10,São Paulo,3550308,True,,33576,,,-23.4402695,-46.7233015,,,,2,2023-06-19T16:11:12+00:00
SAO_848L-10,São Paulo,3550308,True,,33576,,,-23.434181000000002,-46.71975449999999,,,,2,2023-06-19T16:11:13+00:00
SAO_848L-10,São Paulo,3550308,True,,33576,,,-23.414156,-46.75083600000001,,,,2,2023-06-19T16:11:31+00:00
SAO_848L-10,São Paulo,3550308,True,,33576,,,-23.420049,-46.7538295,,,,2,2023-06-19T16:11:02+00:00
SAO_848L-10,São Paulo,3550308,True,,33576,,,-23.4144305,-46.7510005,,,,2,2023-06-19T16:11:33+00:00
SAO_4742-10,São Paulo,3550308,True,,33110,,,-23.620576687499998,-46.639751562499995,,,,2,2023-06-19T16:11:28+00:00
SAO_4742-10,São Paulo,3550308,True,,33110,,,-23.651811000000002,-46.6192095,,,,2,2023-06-19T16:11:09+00:00
SAO_6475-10,São Paulo,3550308,True,,34085,,,-23.670895,-46.75936299999999,,,,2,2023-06-19T16:11:16+00:00
SAO_6475-10,São Paulo,3550308,True,,34085,,,-23.671030000000002,-46.758897,,,,2,2023-06-19T16:11:30+00:00
SAO_6475-10,São Paulo,3550308,True,,34085,,,-23.640898,-46.7468305,,,,2,2023-06-19T16:11:30+00:00
SAO_6475-10,São Paulo,3550308,True,,34085,,,-23.5892115,-46.693053,,,,2,2023-06-19T16:11:35+00:00
SAO_6475-10,São Paulo,3550308,True,,34085,,,-23.671030000000002,-46.758897,,,,2,2023-06-19T16:11:16+00:00
SAO_6475-10,São Paulo,3550308,True,,34085,,,-23.6555605,-46.763244,,,,2,2023-06-19T16:11:37+00:00
SAO_6475-10,São Paulo,3550308,True,,34085,,,-23.669973499999998,-46.762533000000005,,,,2,2023-06-19T16:11:35+00:00
SAO_4035-10,São Paulo,3550308,True,,35328,,,-23.5511575,-46.413093,,,,2,2023-06-19T16:11:10+00:00
SAO_4035-10,São Paulo,3550308,True,,35328,,,-23.5521995,-46.395038,,,,2,2023-06-19T16:11:06+00:00
SAO_4035-10,São Paulo,3550308,True,,35328,,,-23.558238,-46.399558999999996,,,,2,2023-06-19T16:11:41+00:00
SAO_4035-10,São Paulo,3550308,True,,35328,,,-23.563326,-46.427696,,,,2,2023-06-19T16:11:38+00:00
SAO_5759-31,São Paulo,3550308,True,,33907,,,-23.6948495,-46.64830975,,,,2,2023-06-19T16:11:02+00:00
SAO_5759-31,São Paulo,3550308,True,,33907,,,-23.6471265,-46.6602285,,,,2,2023-06-19T16:11:29+00:00
SAO_5759-31,São Paulo,3550308,True,,33907,,,-23.6948495,-46.64830975,,,,2,2023-06-19T16:11:40+00:00
SAO_5759-31,São Paulo,3550308,True,,33907,,,-23.6558415,-46.6674,,,,2,2023-06-19T16:11:11+00:00
SAO_5759-31,São Paulo,3550308,True,,33907,,,-23.678421,-46.651288,,,,2,2023-06-19T16:10:48+00:00
SAO_5759-31,São Paulo,3550308,True,,33907,,,-23.667129,-46.655835249999996,,,,2,2023-06-19T16:11:30+00:00
SAO_2705-10,São Paulo,3550308,True,,33685,,,-23.5340095,-46.42957,,,,2,2023-06-19T16:11:02+00:00
SAO_2705-10,São Paulo,3550308,True,,33685,,,-23.538251000000002,-46.405807499999995,,,,2,2023-06-19T16:11:28+00:00
SAO_2705-10,São Paulo,3550308,True,,33685,,,-23.54735025,-46.39171775,,,,2,2023-06-19T16:09:12+00:00
SAO_2705-10,São Paulo,3550308,True,,33685,,,-23.545738,-46.393099500000005,,,,2,2023-06-19T16:04:24+00:00
SAO_2705-10,São Paulo,3550308,True,,33685,,,-23.547427,-46.392455999999996,,,,2,2023-06-19T16:11:10+00:00
SAO_9181-10,São Paulo,3550308,True,,885,,,-23.4574735,-46.697339,,,,1,2023-06-19T16:11:34+00:00
SAO_9181-10,São Paulo,3550308,True,,885,,,-23.457559,-46.6963325,,,,1,2023-06-19T16:11:01+00:00
SAO_9181-10,São Paulo,3550308,True,,885,,,-23.52363175,-46.70185575,,,,1,2023-06-19T16:11:43+00:00
SAO_9181-10,São Paulo,3550308,True,,885,,,-23.469593875,-46.68709275,,,,1,2023-06-19T16:11:12+00:00
SAO_9181-10,São Paulo,3550308,True,,885,,,-23.457559,-46.6963325,,,,1,2023-06-19T16:11:41+00:00
SAO_9181-10,São Paulo,3550308,True,,885,,,-23.457559,-46.6963325,,,,1,2023-06-19T16:11:17+00:00
SAO_9181-10,São Paulo,3550308,True,,885,,,-23.504002999999997,-46.688412,,,,1,2023-06-19T16:11:25+00:00
SAO_9181-10,São Paulo,3550308,True,,885,,,-23.523728625000004,-46.703523875,,,,1,2023-06-19T16:11:07+00:00
SAO_9181-10,São Paulo,3550308,True,,885,,,-23.52363175,-46.70185575,,,,1,2023-06-19T16:10:59+00:00
SAO_9181-10,São Paulo,3550308,True,,885,,,-23.495737,-46.692912500000006,,,,1,2023-06-19T16:10:56+00:00
SAO_9181-10,São Paulo,3550308,True,,885,,,-23.457559,-46.6963325,,,,1,2023-06-19T16:11:06+00:00
SAO_9181-10,São Paulo,3550308,True,,885,,,-23.457559,-46.6963325,,,,1,2023-06-19T16:11:26+00:00
SAO_9181-10,São Paulo,3550308,True,,885,,,-23.479170000000003,-46.6858145,,,,1,2023-06-19T16:11:01+00:00
SAO_509J-10,São Paulo,3550308,True,,33032,,,-23.6875885,-46.654850499999995,,,,2,2023-06-19T16:11:19+00:00
SAO_509J-10,São Paulo,3550308,True,,33032,,,-23.6875885,-46.654850499999995,,,,2,2023-06-19T16:11:01+00:00
SAO_509J-10,São Paulo,3550308,True,,33032,,,-23.63954525,-46.67342575000001,,,,2,2023-06-19T16:11:25+00:00
SAO_509J-10,São Paulo,3550308,True,,33032,,,-23.6742275,-46.663416999999995,,,,2,2023-06-19T16:11:40+00:00
SAO_509J-10,São Paulo,3550308,True,,33032,,,-23.608246625,-46.661999625,,,,2,2023-06-19T16:11:24+00:00
SAO_509J-10,São Paulo,3550308,True,,33032,,,-23.6875885,-46.654850499999995,,,,2,2023-06-19T16:11:05+00:00
SAO_509J-10,São Paulo,3550308,True,,33032,,,-23.6927105,-46.660900999999996,,,,2,2023-06-19T16:11:26+00:00
SAO_5105-10,São Paulo,3550308,True,,1651,,,-23.602994000000002,-46.602816000000004,,,,1,2023-06-19T16:11:34+00:00
SAO_5105-10,São Paulo,3550308,True,,1651,,,-23.60158425,-46.599048749999994,,,,1,2023-06-19T16:11:26+00:00
SAO_5105-10,São Paulo,3550308,True,,1651,,,-23.559365,-46.614228,,,,1,2023-06-19T16:11:30+00:00
SAO_2725-10,São Paulo,3550308,True,,939,,,-23.539938499999998,-46.482815,,,,1,2023-06-19T16:11:30+00:00
SAO_2725-10,São Paulo,3550308,True,,939,,,-23.540045,-46.483149499999996,,,,1,2023-06-19T16:11:15+00:00
SAO_2725-10,São Paulo,3550308,True,,939,,,-23.507824,-46.47021275,,,,1,2023-06-19T16:11:28+00:00
SAO_2725-10,São Paulo,3550308,True,,939,,,-23.540045,-46.483149499999996,,,,1,2023-06-19T16:11:17+00:00
SAO_2725-10,São Paulo,3550308,True,,939,,,-23.540045,-46.483149499999996,,,,1,2023-06-19T16:11:29+00:00
SAO_2725-10,São Paulo,3550308,True,,939,,,-23.540045,-46.483149499999996,,,,1,2023-06-19T16:11:45+00:00
SAO_2725-10,São Paulo,3550308,True,,939,,,-23.506844,-46.465627,,,,1,2023-06-19T16:11:06+00:00
SAO_2725-10,São Paulo,3550308,True,,939,,,-23.52346,-46.4732675,,,,1,2023-06-19T16:11:11+00:00
SAO_2725-10,São Paulo,3550308,True,,939,,,-23.540045,-46.483149499999996,,,,1,2023-06-19T16:11:07+00:00
SAO_8000-1,São Paulo,3550308,True,,35274,,,-23.52087225,-46.70017,,,,2,2023-06-19T16:11:24+00:00
SAO_8000-1,São Paulo,3550308,True,,35274,,,-23.5364965,-46.650567249999995,,,,2,2023-06-19T16:11:40+00:00
SAO_8000-1,São Paulo,3550308,True,,35274,,,-23.520177500000003,-46.700295499999996,,,,2,2023-06-19T16:11:02+00:00
SAO_8000-1,São Paulo,3550308,True,,35274,,,-23.5473645,-46.639769,,,,2,2023-06-19T16:11:31+00:00
SAO_178Y-10,São Paulo,3550308,True,,868,,,-23.4633225,-46.6417945,,,,1,2023-06-19T16:11:08+00:00
SAO_178Y-10,São Paulo,3550308,True,,868,,,-23.49191325,-46.618136,,,,1,2023-06-19T16:11:13+00:00
SAO_178Y-10,São Paulo,3550308,True,,868,,,-23.4752875,-46.6353005,,,,1,2023-06-19T16:11:36+00:00
SAO_3789-10,São Paulo,3550308,True,,33835,,,-23.611663,-46.3964115,,,,2,2023-06-19T16:11:23+00:00
SAO_3789-10,São Paulo,3550308,True,,33835,,,-23.611373,-46.396543,,,,2,2023-06-19T16:11:07+00:00
SAO_3789-10,São Paulo,3550308,True,,33835,,,-23.542668499999998,-46.471506500000004,,,,2,2023-06-19T16:11:45+00:00
SAO_3789-10,São Paulo,3550308,True,,33835,,,-23.611663,-46.3964115,,,,2,2023-06-19T16:11:02+00:00
SAO_3789-10,São Paulo,3550308,True,,33835,,,-23.611663,-46.3964115,,,,2,2023-06-19T16:11:01+00:00
SAO_3789-10,São Paulo,3550308,True,,33835,,,-23.611663,-46.3964115,,,,2,2023-06-19T16:11:13+00:00
SAO_3789-10,São Paulo,3550308,True,,33835,,,-23.611145,-46.396651,,,,2,2023-06-19T16:11:35+00:00
SAO_3789-10,São Paulo,3550308,True,,33835,,,-23.594282999999997,-46.405967249999996,,,,2,2023-06-19T16:11:20+00:00
SAO_3789-10,São Paulo,3550308,True,,33835,,,-23.569568,-46.4485665,,,,2,2023-06-19T16:11:37+00:00
SAO_3789-10,São Paulo,3550308,True,,33835,,,-23.5579995,-46.465612500000006,,,,2,2023-06-19T16:11:20+00:00
SAO_3789-10,São Paulo,3550308,True,,33835,,,-23.5951625,-46.431227750000005,,,,2,2023-06-19T16:11:45+00:00
SAO_6801-10,São Paulo,3550308,True,,5,,,-23.643862,-46.734012500000006,,,,1,2023-06-19T16:11:08+00:00
SAO_1730-10,São Paulo,3550308,True,,33633,,,-23.51559625,-46.61637925,,,,2,2023-06-19T16:11:41+00:00
SAO_1730-10,São Paulo,3550308,True,,33633,,,-23.515316,-46.6163495,,,,2,2023-06-19T16:11:05+00:00
SAO_1730-10,São Paulo,3550308,True,,33633,,,-23.5134695,-46.626352,,,,2,2023-06-19T16:11:16+00:00
SAO_4012-10,São Paulo,3550308,True,,2185,,,-23.598098999999998,-46.4409325,,,,1,2023-06-19T16:11:38+00:00
SAO_4012-10,São Paulo,3550308,True,,2185,,,-23.616611250000002,-46.468892249999996,,,,1,2023-06-19T16:11:32+00:00
SAO_4012-10,São Paulo,3550308,True,,2185,,,-23.598281999999998,-46.440941249999995,,,,1,2023-06-19T16:11:33+00:00
SAO_4012-10,São Paulo,3550308,True,,2185,,,-23.618449499999997,-46.461346,,,,1,2023-06-19T16:11:15+00:00
SAO_4012-10,São Paulo,3550308,True,,2185,,,-23.598098999999998,-46.4409325,,,,1,2023-06-19T16:11:37+00:00
SAO_4012-10,São Paulo,3550308,True,,2185,,,-23.601378,-46.4432435,,,,1,2023-06-19T16:11:36+00:00
SAO_233A-10,São Paulo,3550308,True,,33017,,,-23.479430999999998,-46.420737,,,,2,2023-06-19T16:10:51+00:00
SAO_233A-10,São Paulo,3550308,True,,33017,,,-23.536106,-46.467721,,,,2,2023-06-19T16:10:06+00:00
SAO_233A-10,São Paulo,3550308,True,,33017,,,-23.553493000000003,-46.5136935,,,,2,2023-06-19T16:10:08+00:00
SAO_233A-10,São Paulo,3550308,True,,33017,,,-23.479201250000003,-46.42118275,,,,2,2023-06-19T16:11:01+00:00
SAO_172X-10,São Paulo,3550308,True,,33629,,,-23.5043195,-46.56510075,,,,2,2023-06-19T16:07:25+00:00
SAO_172X-10,São Paulo,3550308,True,,33629,,,-23.5379695,-46.56686625,,,,2,2023-06-19T16:11:12+00:00
SAO_172X-10,São Paulo,3550308,True,,33629,,,-23.539012999999997,-46.577171750000005,,,,2,2023-06-19T16:10:59+00:00
SAO_172X-10,São Paulo,3550308,True,,33629,,,-23.50426375,-46.565462249999996,,,,2,2023-06-19T16:09:59+00:00
SAO_172X-10,São Paulo,3550308,True,,33629,,,-23.527137500000002,-46.564809499999996,,,,2,2023-06-19T16:10:40+00:00
SAO_172X-10,São Paulo,3550308,True,,33629,,,-23.50426375,-46.565462249999996,,,,2,2023-06-19T16:08:53+00:00
SAO_172X-10,São Paulo,3550308,True,,33629,,,-23.50426375,-46.565462249999996,,,,2,2023-06-19T16:09:42+00:00
SAO_172X-10,São Paulo,3550308,True,,33629,,,-23.50426375,-46.565462249999996,,,,2,2023-06-19T16:11:32+00:00
SAO_172X-10,São Paulo,3550308,True,,33629,,,-23.504231249999997,-46.56582875,,,,2,2023-06-19T16:09:52+00:00
SAO_172X-10,São Paulo,3550308,True,,33629,,,-23.50426375,-46.565462249999996,,,,2,2023-06-19T16:10:27+00:00
SAO_172X-10,São Paulo,3550308,True,,33629,,,-23.50627375,-46.567624,,,,2,2023-06-19T16:11:00+00:00
SAO_172X-10,São Paulo,3550308,True,,33629,,,-23.5043195,-46.56510075,,,,2,2023-06-19T16:11:30+00:00
SAO_4003-10,São Paulo,3550308,True,,2159,,,-23.5607435,-46.420251,,,,1,2023-06-19T16:11:28+00:00
SAO_4003-10,São Paulo,3550308,True,,2159,,,-23.53457,-46.4291915,,,,1,2023-06-19T16:08:57+00:00
SAO_2732-10,São Paulo,3550308,True,,947,,,-23.5402155,-46.483134,,,,1,2023-06-19T16:11:07+00:00
SAO_2732-10,São Paulo,3550308,True,,947,,,-23.536179,-46.465378,,,,1,2023-06-19T16:11:43+00:00
SAO_2732-10,São Paulo,3550308,True,,947,,,-23.5402155,-46.483134,,,,1,2023-06-19T16:11:29+00:00
SAO_2127-10,São Paulo,3550308,True,,693,,,-23.5185635,-46.60965374999999,,,,1,2023-06-19T16:11:41+00:00
SAO_2127-10,São Paulo,3550308,True,,693,,,-23.4987815,-46.588438,,,,1,2023-06-19T16:11:40+00:00
SAO_2127-10,São Paulo,3550308,True,,693,,,-23.5580855,-46.630388875,,,,1,2023-06-19T16:11:11+00:00
SAO_2029-10,São Paulo,3550308,True,,2270,,,-23.430882500000003,-46.574838,,,,1,2023-06-19T16:11:04+00:00
SAO_2029-10,São Paulo,3550308,True,,2270,,,-23.430882500000003,-46.574838,,,,1,2023-06-19T16:11:41+00:00
SAO_2029-10,São Paulo,3550308,True,,2270,,,-23.470488,-46.598183,,,,1,2023-06-19T16:08:44+00:00
SAO_2029-10,São Paulo,3550308,True,,2270,,,-23.43654,-46.5833775,,,,1,2023-06-19T16:11:20+00:00
SAO_6047-10,São Paulo,3550308,True,,1224,,,-23.6687965,-46.764152499999994,,,,1,2023-06-19T16:11:06+00:00
SAO_6047-10,São Paulo,3550308,True,,1224,,,-23.649898999999998,-46.709293,,,,1,2023-06-19T16:11:35+00:00
SAO_6047-10,São Paulo,3550308,True,,1224,,,-23.6686645,-46.763990500000006,,,,1,2023-06-19T16:11:43+00:00
SAO_6047-10,São Paulo,3550308,True,,1224,,,-23.653319,-46.735434999999995,,,,1,2023-06-19T16:11:36+00:00
SAO_6047-10,São Paulo,3550308,True,,1224,,,-23.64479025,-46.725692,,,,1,2023-06-19T16:11:22+00:00
SAO_6047-10,São Paulo,3550308,True,,1224,,,-23.6664165,-46.76255575,,,,1,2023-06-19T16:11:02+00:00
SAO_6047-10,São Paulo,3550308,True,,1224,,,-23.6689925,-46.764376,,,,1,2023-06-19T16:11:44+00:00
SAO_6069-10,São Paulo,3550308,True,,33922,,,-23.68216425,-46.70461775,,,,2,2023-06-19T16:11:29+00:00
SAO_6069-10,São Paulo,3550308,True,,33922,,,-23.744763,-46.693926000000005,,,,2,2023-06-19T16:11:12+00:00
SAO_6069-10,São Paulo,3550308,True,,33922,,,-23.724639,-46.699619999999996,,,,2,2023-06-19T16:11:37+00:00
SAO_6069-10,São Paulo,3550308,True,,33922,,,-23.7451965,-46.6944955,,,,2,2023-06-19T16:11:02+00:00
SAO_6069-10,São Paulo,3550308,True,,33922,,,-23.748064,-46.69737525,,,,2,2023-06-19T16:11:36+00:00
SAO_6069-10,São Paulo,3550308,True,,33922,,,-23.732609,-46.6981145,,,,2,2023-06-19T16:11:18+00:00
SAO_6069-10,São Paulo,3550308,True,,33922,,,-23.670498625,-46.7136055,,,,2,2023-06-19T16:11:43+00:00
SAO_6069-10,São Paulo,3550308,True,,33922,,,-23.745113,-46.694419499999995,,,,2,2023-06-19T16:11:04+00:00
SAO_975A-10,São Paulo,3550308,True,,33357,,,-23.483376749999998,-46.687816,,,,2,2023-06-19T16:11:24+00:00
SAO_975A-10,São Paulo,3550308,True,,33357,,,-23.578726,-46.6400045,,,,2,2023-06-19T16:11:05+00:00
SAO_975A-10,São Paulo,3550308,True,,33357,,,-23.468571,-46.6963775,,,,2,2023-06-19T16:11:00+00:00
SAO_975A-10,São Paulo,3550308,True,,33357,,,-23.4688585,-46.6960245,,,,2,2023-06-19T16:11:01+00:00
SAO_975A-10,São Paulo,3550308,True,,33357,,,-23.557028625,-46.661263500000004,,,,2,2023-06-19T16:11:16+00:00
SAO_975A-10,São Paulo,3550308,True,,33357,,,-23.5343035,-46.66131925,,,,2,2023-06-19T16:11:41+00:00
SAO_975A-10,São Paulo,3550308,True,,33357,,,-23.513536,-46.666305,,,,2,2023-06-19T16:11:19+00:00
SAO_6822-10,São Paulo,3550308,True,,32790,,,-23.65385975,-46.79008575,,,,2,2023-06-19T16:11:42+00:00
SAO_6822-10,São Paulo,3550308,True,,32790,,,-23.659761125,-46.773871,,,,2,2023-06-19T16:11:36+00:00
SAO_6822-10,São Paulo,3550308,True,,32790,,,-23.65385975,-46.79008575,,,,2,2023-06-19T16:11:35+00:00
SAO_6822-10,São Paulo,3550308,True,,32790,,,-23.65385975,-46.79008575,,,,2,2023-06-19T16:11:14+00:00
SAO_6822-10,São Paulo,3550308,True,,32790,,,-23.651544,-46.7907405,,,,2,2023-06-19T16:11:19+00:00
SAO_6455-10,São Paulo,3550308,True,,32831,,,-23.647717,-46.7477755,,,,2,2023-06-19T16:11:41+00:00
SAO_6455-10,São Paulo,3550308,True,,32831,,,-23.654559499999998,-46.761131500000005,,,,2,2023-06-19T16:11:03+00:00
SAO_6455-10,São Paulo,3550308,True,,32831,,,-23.64319975,-46.7005215,,,,2,2023-06-19T16:11:03+00:00
SAO_8047-10,São Paulo,3550308,True,,33176,,,-23.448653,-46.742232,,,,2,2023-06-19T16:11:43+00:00
SAO_8047-10,São Paulo,3550308,True,,33176,,,-23.434307,-46.754795,,,,2,2023-06-19T16:11:31+00:00
SAO_8047-10,São Paulo,3550308,True,,33176,,,-23.4343715,-46.754760000000005,,,,2,2023-06-19T16:10:45+00:00
SAO_8047-10,São Paulo,3550308,True,,33176,,,-23.434162999999998,-46.754868,,,,2,2023-06-19T16:11:05+00:00
SAO_8047-10,São Paulo,3550308,True,,33176,,,-23.514832875000003,-46.715819,,,,2,2023-06-19T16:11:25+00:00
SAO_6804-10,São Paulo,3550308,True,,32798,,,-23.635654000000002,-46.747935999999996,,,,2,2023-06-19T16:11:05+00:00
SAO_6804-10,São Paulo,3550308,True,,32798,,,-23.635806000000002,-46.748086,,,,2,2023-06-19T16:11:32+00:00
SAO_6804-10,São Paulo,3550308,True,,32798,,,-23.641861499999997,-46.7426555,,,,2,2023-06-19T16:11:28+00:00
SAO_6804-10,São Paulo,3550308,True,,32798,,,-23.6362425,-46.7480205,,,,2,2023-06-19T16:11:25+00:00
SAO_2718-10,São Paulo,3550308,True,,33699,,,-23.503480874999997,-46.536522375,,,,2,2023-06-19T16:11:34+00:00
SAO_2718-10,São Paulo,3550308,True,,33699,,,-23.5213665,-46.545969,,,,2,2023-06-19T16:11:16+00:00
SAO_2718-10,São Paulo,3550308,True,,33699,,,-23.493039500000002,-46.49946175,,,,2,2023-06-19T16:11:09+00:00
SAO_2718-10,São Paulo,3550308,True,,33699,,,-23.4930925,-46.49988925,,,,2,2023-06-19T16:11:35+00:00
SAO_2718-10,São Paulo,3550308,True,,33699,,,-23.533648499999998,-46.5455135,,,,2,2023-06-19T16:11:41+00:00
SAO_2718-10,São Paulo,3550308,True,,33699,,,-23.533648499999998,-46.5455135,,,,2,2023-06-19T16:11:29+00:00
SAO_2718-10,São Paulo,3550308,True,,33699,,,-23.4931245,-46.500213,,,,2,2023-06-19T16:11:45+00:00
SAO_2718-10,São Paulo,3550308,True,,33699,,,-23.49990725,-46.52805575,,,,2,2023-06-19T16:11:21+00:00
SAO_178L-10,São Paulo,3550308,True,EMTU,560,https://moovitapp.com/index/pt-br/transporte_p%C3%BAblico-line-560-Sao_Paulo-242-2038937-36419561-0,6.2,-23.5498635,-46.6823885,,,,1,2023-06-19T16:11:18+00:00
SAO_178L-10,São Paulo,3550308,True,EMTU,560,https://moovitapp.com/index/pt-br/transporte_p%C3%BAblico-line-560-Sao_Paulo-242-2038937-36419561-0,6.2,-23.550093500000003,-46.682230000000004,,,,1,2023-06-19T16:11:28+00:00
SAO_178L-10,São Paulo,3550308,True,EMTU,560,https://moovitapp.com/index/pt-br/transporte_p%C3%BAblico-line-560-Sao_Paulo-242-2038937-36419561-0,6.2,-23.532355125000002,-46.6455225,,,,1,2023-06-19T16:11:12+00:00
SAO_178L-10,São Paulo,3550308,True,EMTU,560,https://moovitapp.com/index/pt-br/transporte_p%C3%BAblico-line-560-Sao_Paulo-242-2038937-36419561-0,6.2,-23.4752395,-46.643803500000004,,,,1,2023-06-19T16:11:25+00:00
SAO_178L-10,São Paulo,3550308,True,EMTU,560,https://moovitapp.com/index/pt-br/transporte_p%C3%BAblico-line-560-Sao_Paulo-242-2038937-36419561-0,6.2,-23.5496345,-46.682542,,,,1,2023-06-19T16:11:35+00:00
SAO_178L-10,São Paulo,3550308,True,EMTU,560,https://moovitapp.com/index/pt-br/transporte_p%C3%BAblico-line-560-Sao_Paulo-242-2038937-36419561-0,6.2,-23.5498635,-46.6823885,,,,1,2023-06-19T16:11:14+00:00
SAO_178L-10,São Paulo,3550308,True,EMTU,560,https://moovitapp.com/index/pt-br/transporte_p%C3%BAblico-line-560-Sao_Paulo-242-2038937-36419561-0,6.2,-23.493101,-46.6330635,,,,1,2023-06-19T16:11:08+00:00
SAO_178L-10,São Paulo,3550308,True,EMTU,560,https://moovitapp.com/index/pt-br/transporte_p%C3%BAblico-line-560-Sao_Paulo-242-2038937-36419561-0,6.2,-23.551489500000002,-46.657047,,,,1,2023-06-19T16:11:28+00:00
SAO_178L-10,São Paulo,3550308,True,EMTU,560,https://moovitapp.com/index/pt-br/transporte_p%C3%BAblico-line-560-Sao_Paulo-242-2038937-36419561-0,6.2,-23.543589249999997,-46.644211999999996,,,,1,2023-06-19T16:11:42+00:00
SAO_178L-10,São Paulo,3550308,True,EMTU,560,https://moovitapp.com/index/pt-br/transporte_p%C3%BAblico-line-560-Sao_Paulo-242-2038937-36419561-0,6.2,-23.549608875,-46.681905125,,,,1,2023-06-19T16:11:28+00:00
SAO_701A-10,São Paulo,3550308,True,,33457,,,-23.473947,-46.5664555,,,,2,2023-06-19T16:11:18+00:00
SAO_701A-10,São Paulo,3550308,True,,33457,,,-23.4738595,-46.566243,,,,2,2023-06-19T16:11:43+00:00
SAO_701A-10,São Paulo,3550308,True,,33457,,,-23.535606,-46.626139,,,,2,2023-06-19T16:09:54+00:00
SAO_701A-10,São Paulo,3550308,True,,33457,,,-23.5540545,-46.67109425,,,,2,2023-06-19T16:11:15+00:00
SAO_701A-10,São Paulo,3550308,True,,33457,,,-23.538012375,-46.62068775,,,,2,2023-06-19T16:10:27+00:00
SAO_701A-10,São Paulo,3550308,True,,33457,,,-23.500925,-46.5915535,,,,2,2023-06-19T16:10:59+00:00
SAO_701A-10,São Paulo,3550308,True,,33457,,,-23.53851175,-46.61258875,,,,2,2023-06-19T16:11:36+00:00
SAO_701A-10,São Paulo,3550308,True,,33457,,,-23.4737385,-46.565966,,,,2,2023-06-19T16:11:23+00:00
SAO_701A-10,São Paulo,3550308,True,,33457,,,-23.543011,-46.637326,,,,2,2023-06-19T16:11:22+00:00
SAO_701A-10,São Paulo,3550308,True,,33457,,,-23.473826,-46.5661475,,,,2,2023-06-19T16:11:41+00:00
SAO_7245-10,São Paulo,3550308,True,EMTU,363,https://moovitapp.com/index/pt-br/transporte_p%C3%BAblico-line-363-Sao_Paulo-242-2038937-36419444-0,5.1,-23.654266,-46.711191,,,,1,2023-06-19T16:11:40+00:00
SAO_7245-10,São Paulo,3550308,True,EMTU,363,https://moovitapp.com/index/pt-br/transporte_p%C3%BAblico-line-363-Sao_Paulo-242-2038937-36419444-0,5.1,-23.550792,-46.659478,,,,1,2023-06-19T16:11:24+00:00
SAO_7245-10,São Paulo,3550308,True,EMTU,363,https://moovitapp.com/index/pt-br/transporte_p%C3%BAblico-line-363-Sao_Paulo-242-2038937-36419444-0,5.1,-23.550792,-46.659478,,,,1,2023-06-19T16:11:19+00:00
SAO_7245-10,São Paulo,3550308,True,EMTU,363,https://moovitapp.com/index/pt-br/transporte_p%C3%BAblico-line-363-Sao_Paulo-242-2038937-36419444-0,5.1,-23.57759275,-46.686578499999996,,,,1,2023-06-19T16:11:02+00:00
SAO_7245-10,São Paulo,3550308,True,EMTU,363,https://moovitapp.com/index/pt-br/transporte_p%C3%BAblico-line-363-Sao_Paulo-242-2038937-36419444-0,5.1,-23.633491,-46.698472,,,,1,2023-06-19T16:11:09+00:00
SAO_7245-10,São Paulo,3550308,True,EMTU,363,https://moovitapp.com/index/pt-br/transporte_p%C3%BAblico-line-363-Sao_Paulo-242-2038937-36419444-0,5.1,-23.608587749999998,-46.693993999999996,,,,1,2023-06-19T16:11:01+00:00
SAO_4027-41,São Paulo,3550308,True,,35077,,,-23.638209500000002,-46.437941,,,,2,2023-06-19T16:11:27+00:00
SAO_4027-41,São Paulo,3550308,True,,35077,,,-23.61552125,-46.46983125,,,,2,2023-06-19T16:11:20+00:00
SAO_4027-41,São Paulo,3550308,True,,35077,,,-23.638209500000002,-46.437941,,,,2,2023-06-19T16:11:11+00:00
SAO_4113-10,São Paulo,3550308,True,,768,,,-23.564326375,-46.63149800000001,,,,1,2023-06-19T16:11:39+00:00
SAO_4113-10,São Paulo,3550308,True,,768,,,-23.60155975,-46.612840250000005,,,,1,2023-06-19T16:11:27+00:00
SAO_4113-10,São Paulo,3550308,True,,768,,,-23.60155975,-46.612840250000005,,,,1,2023-06-19T16:11:45+00:00
SAO_4113-10,São Paulo,3550308,True,,768,,,-23.54945075,-46.63263675,,,,1,2023-06-19T16:11:22+00:00
SAO_4113-10,São Paulo,3550308,True,,768,,,-23.60155975,-46.612840250000005,,,,1,2023-06-19T16:11:08+00:00
SAO_4113-10,São Paulo,3550308,True,,768,,,-23.60181325,-46.61281475,,,,1,2023-06-19T16:11:19+00:00
SAO_4113-10,São Paulo,3550308,True,,768,,,-23.5508755,-46.632118500000004,,,,1,2023-06-19T16:11:31+00:00
SAO_4113-10,São Paulo,3550308,True,,768,,,-23.60181325,-46.61281475,,,,1,2023-06-19T16:11:31+00:00
SAO_4113-10,São Paulo,3550308,True,,768,,,-23.554226999999997,-46.63318775,,,,1,2023-06-19T16:11:27+00:00
SAO_4113-10,São Paulo,3550308,True,,768,,,-23.60155975,-46.612840250000005,,,,1,2023-06-19T16:11:12+00:00
SAO_4113-10,São Paulo,3550308,True,,768,,,-23.57692825,-46.622881500000005,,,,1,2023-06-19T16:11:31+00:00
SAO_4113-10,São Paulo,3550308,True,,768,,,-23.58919625,-46.61045225,,,,1,2023-06-19T16:11:35+00:00
SAO_352A-10,São Paulo,3550308,True,,164,,,-23.496711124999997,-46.442124250000006,,,,1,2023-06-19T16:11:33+00:00
SAO_352A-10,São Paulo,3550308,True,,164,,,-23.486182999999997,-46.437088,,,,1,2023-06-19T16:11:38+00:00
SAO_352A-10,São Paulo,3550308,True,,164,,,-23.569902499999998,-46.4690575,,,,1,2023-06-19T16:11:41+00:00
SAO_709M-10,São Paulo,3550308,True,,2462,,,-23.654158,-46.710677000000004,,,,1,2023-06-19T16:11:18+00:00
SAO_709M-10,São Paulo,3550308,True,,2462,,,-23.586054625000003,-46.682553125,,,,1,2023-06-19T16:11:35+00:00
SAO_709M-10,São Paulo,3550308,True,,2462,,,-23.576448749999997,-46.6872905,,,,1,2023-06-19T16:11:42+00:00
SAO_709M-10,São Paulo,3550308,True,,2462,,,-23.6238805,-46.695583,,,,1,2023-06-19T16:11:06+00:00
SAO_709M-10,São Paulo,3550308,True,,2462,,,-23.654158,-46.710677000000004,,,,1,2023-06-19T16:11:32+00:00
SAO_3051-10,São Paulo,3550308,True,,35214,,,-23.486603000000002,-46.482687,,,,2,2023-06-19T16:11:32+00:00
SAO_3051-10,São Paulo,3550308,True,,35214,,,-23.48653925,-46.48247525,,,,2,2023-06-19T16:10:17+00:00
SAO_3051-10,São Paulo,3550308,True,,35214,,,-23.519014499999997,-46.46974,,,,2,2023-06-19T16:11:09+00:00
SAO_978L-10,São Paulo,3550308,True,,33234,,,-23.531226250000003,-46.659214500000004,,,,2,2023-06-19T16:11:03+00:00
SAO_978L-10,São Paulo,3550308,True,,33234,,,-23.482777750000004,-46.673474999999996,,,,2,2023-06-19T16:11:39+00:00
SAO_8252-10,São Paulo,3550308,True,,34016,,,-23.53428325,-46.689308249999996,,,,2,2023-06-19T16:11:09+00:00
SAO_8252-10,São Paulo,3550308,True,,34016,,,-23.526683,-46.667058,,,,2,2023-06-19T16:11:36+00:00
SAO_647A-10,São Paulo,3550308,True,,34083,,,-23.601012,-46.7155585,,,,2,2023-06-19T16:11:32+00:00
SAO_647A-10,São Paulo,3550308,True,,34083,,,-23.5652765,-46.692343,,,,2,2023-06-19T16:11:29+00:00
SAO_647A-10,São Paulo,3550308,True,,34083,,,-23.647924,-46.7581595,,,,2,2023-06-19T16:11:26+00:00
SAO_647A-10,São Paulo,3550308,True,,34083,,,-23.69435,-46.794564,,,,2,2023-06-19T16:11:14+00:00
SAO_647A-10,São Paulo,3550308,True,,34083,,,-23.5652765,-46.692343,,,,2,2023-06-19T16:11:43+00:00
SAO_647A-10,São Paulo,3550308,True,,34083,,,-23.694238,-46.79535625,,,,2,2023-06-19T16:11:19+00:00
SAO_647A-10,São Paulo,3550308,True,,34083,,,-23.577909625,-46.686604,,,,2,2023-06-19T16:11:26+00:00
SAO_647A-10,São Paulo,3550308,True,,34083,,,-23.620366,-46.733360000000005,,,,2,2023-06-19T16:11:21+00:00
SAO_647A-10,São Paulo,3550308,True,,34083,,,-23.672548000000003,-46.78157,,,,2,2023-06-19T16:11:19+00:00
SAO_647A-10,São Paulo,3550308,True,,34083,,,-23.6439105,-46.7348865,,,,2,2023-06-19T16:11:01+00:00
SAO_3033-10,São Paulo,3550308,True,,968,,,-23.5964135,-46.456009,,,,1,2023-06-19T16:11:17+00:00
SAO_3033-10,São Paulo,3550308,True,,968,,,-23.610920999999998,-46.474592,,,,1,2023-06-19T16:11:06+00:00
SAO_3033-10,São Paulo,3550308,True,,968,,,-23.610979,-46.474397999999994,,,,1,2023-06-19T16:11:16+00:00
SAO_3033-10,São Paulo,3550308,True,,968,,,-23.598282,-46.461672,,,,1,2023-06-19T16:11:35+00:00
SAO_3033-10,São Paulo,3550308,True,,968,,,-23.546570000000003,-46.4091035,,,,1,2023-06-19T16:11:09+00:00
SAO_3033-10,São Paulo,3550308,True,,968,,,-23.5555625,-46.412594999999996,,,,1,2023-06-19T16:10:53+00:00
SAO_3033-10,São Paulo,3550308,True,,968,,,-23.590024,-46.4165285,,,,1,2023-06-19T16:11:11+00:00
SAO_3033-10,São Paulo,3550308,True,,968,,,-23.6109595,-46.4745,,,,1,2023-06-19T16:11:40+00:00
SAO_3033-10,São Paulo,3550308,True,,968,,,-23.6107935,-46.4748,,,,1,2023-06-19T16:11:01+00:00
SAO_3033-10,São Paulo,3550308,True,,968,,,-23.598484499999998,-46.467799,,,,1,2023-06-19T16:10:18+00:00
SAO_574J-10,São Paulo,3550308,True,,1685,,,-23.572488500000002,-46.5349860625,,,,1,2023-06-19T16:11:38+00:00
SAO_574J-10,São Paulo,3550308,True,,1685,,,-23.6268125625,-46.634731187499995,,,,1,2023-06-19T16:11:21+00:00
SAO_574J-10,São Paulo,3550308,True,,1685,,,-23.60777675,-46.59936675,,,,1,2023-06-19T16:06:15+00:00
SAO_574J-10,São Paulo,3550308,True,,1685,,,-23.5700665,-46.56002,,,,1,2023-06-19T16:10:59+00:00
SAO_574J-10,São Paulo,3550308,True,,1685,,,-23.636225500000002,-46.6414645,,,,1,2023-06-19T16:11:39+00:00
SAO_574J-10,São Paulo,3550308,True,,1685,,,-23.623213624999998,-46.603608,,,,1,2023-06-19T16:11:28+00:00
SAO_574J-10,São Paulo,3550308,True,,1685,,,-23.5783275,-46.578210999999996,,,,1,2023-06-19T16:11:43+00:00
SAO_574J-10,São Paulo,3550308,True,,1685,,,-23.57049025,-46.52893075,,,,1,2023-06-19T16:11:06+00:00
SAO_574J-10,São Paulo,3550308,True,,1685,,,-23.636225500000002,-46.6414645,,,,1,2023-06-19T16:11:19+00:00
SAO_574J-10,São Paulo,3550308,True,,1685,,,-23.5729415,-46.5611005,,,,1,2023-06-19T16:11:14+00:00
SAO_574J-10,São Paulo,3550308,True,,1685,,,-23.601309,-46.602029875,,,,1,2023-06-19T16:11:43+00:00
SAO_4021-10,São Paulo,3550308,True,,35316,,,-23.542792499999997,-46.470580999999996,,,,2,2023-06-19T16:11:26+00:00
SAO_4021-10,São Paulo,3550308,True,,35316,,,-23.5455855,-46.460912500000006,,,,2,2023-06-19T16:11:28+00:00
SAO_4021-10,São Paulo,3550308,True,,35316,,,-23.5602425,-46.450286500000004,,,,2,2023-06-19T16:11:40+00:00
SAO_4021-10,São Paulo,3550308,True,,35316,,,-23.542792499999997,-46.470580999999996,,,,2,2023-06-19T16:11:43+00:00
SAO_4021-10,São Paulo,3550308,True,,35316,,,-23.542792499999997,-46.470580999999996,,,,2,2023-06-19T16:11:35+00:00
SAO_574W-10,São Paulo,3550308,True,,34397,,,-23.61519175,-46.48790975,,,,2,2023-06-19T16:11:13+00:00
SAO_574W-10,São Paulo,3550308,True,,34397,,,-23.550193999999998,-46.580555000000004,,,,2,2023-06-19T16:11:15+00:00
SAO_574W-10,São Paulo,3550308,True,,34397,,,-23.571079,-46.53818375,,,,2,2023-06-19T16:11:23+00:00
SAO_574W-10,São Paulo,3550308,True,,34397,,,-23.61427075,-46.481964500000004,,,,2,2023-06-19T16:11:15+00:00
SAO_574W-10,São Paulo,3550308,True,,34397,,,-23.58698775,-46.519018,,,,2,2023-06-19T16:11:22+00:00
SAO_574W-10,São Paulo,3550308,True,,34397,,,-23.6129775,-46.488949,,,,2,2023-06-19T16:11:04+00:00
SAO_8050-31,São Paulo,3550308,True,,33183,,,-23.518814999999996,-46.702155000000005,,,,2,2023-06-19T16:11:25+00:00
SAO_8050-31,São Paulo,3550308,True,,33183,,,-23.446649,-46.7985095,,,,2,2023-06-19T16:11:20+00:00
SAO_8050-31,São Paulo,3550308,True,,33183,,,-23.445366,-46.7975395,,,,2,2023-06-19T16:08:11+00:00
SAO_7016-10,São Paulo,3550308,True,,2118,,,-23.688173499999998,-46.773318,,,,1,2023-06-19T16:11:00+00:00
SAO_7016-10,São Paulo,3550308,True,,2118,,,-23.66646825,-46.7188975,,,,1,2023-06-19T16:11:22+00:00
SAO_7016-10,São Paulo,3550308,True,,2118,,,-23.688173499999998,-46.773318,,,,1,2023-06-19T16:11:30+00:00
SAO_7016-10,São Paulo,3550308,True,,2118,,,-23.688173499999998,-46.773318,,,,1,2023-06-19T16:11:15+00:00
SAO_7016-10,São Paulo,3550308,True,,2118,,,-23.688173499999998,-46.773318,,,,1,2023-06-19T16:11:31+00:00
SAO_7016-10,São Paulo,3550308,True,,2118,,,-23.653890625,-46.71154075,,,,1,2023-06-19T16:11:28+00:00
SAO_7016-10,São Paulo,3550308,True,,2118,,,-23.6850585,-46.747679500000004,,,,1,2023-06-19T16:11:15+00:00
SAO_576C-10,São Paulo,3550308,True,,1290,,,-23.653986500000002,-46.70165837500001,,,,1,2023-06-19T16:11:22+00:00
SAO_576C-10,São Paulo,3550308,True,,1290,,,-23.642295,-46.6346605,,,,1,2023-06-19T16:11:02+00:00
SAO_576C-10,São Paulo,3550308,True,,1290,,,-23.653447625,-46.666535749999994,,,,1,2023-06-19T16:11:33+00:00
SAO_576C-10,São Paulo,3550308,True,,1290,,,-23.6542205,-46.710612,,,,1,2023-06-19T16:11:43+00:00
SAO_576C-10,São Paulo,3550308,True,,1290,,,-23.6630375,-46.6919805,,,,1,2023-06-19T16:11:14+00:00
SAO_576C-10,São Paulo,3550308,True,,1290,,,-23.6576565,-46.653606749999994,,,,1,2023-06-19T16:11:13+00:00
SAO_5611-10,São Paulo,3550308,True,,33366,,,-23.568723750000004,-46.640857,,,,2,2023-06-19T16:11:36+00:00
SAO_5611-10,São Paulo,3550308,True,,33366,,,-23.633863,-46.6691535,,,,2,2023-06-19T16:11:28+00:00
SAO_5611-10,São Paulo,3550308,True,,33366,,,-23.65068475,-46.677959125,,,,2,2023-06-19T16:11:13+00:00
SAO_5611-10,São Paulo,3550308,True,,33366,,,-23.7160135,-46.624853,,,,2,2023-06-19T16:11:13+00:00
SAO_5611-10,São Paulo,3550308,True,,33366,,,-23.697448,-46.6487755,,,,2,2023-06-19T16:11:30+00:00
SAO_5611-10,São Paulo,3550308,True,,33366,,,-23.715893,-46.624467,,,,2,2023-06-19T16:11:25+00:00
SAO_5611-10,São Paulo,3550308,True,,33366,,,-23.715794,-46.624167,,,,2,2023-06-19T16:11:17+00:00
SAO_5611-10,São Paulo,3550308,True,,33366,,,-23.681130500000002,-46.682843,,,,2,2023-06-19T16:11:07+00:00
SAO_9004-10,São Paulo,3550308,True,,33639,,,-23.45973,-46.6748785,,,,2,2023-06-19T16:11:25+00:00
SAO_9004-10,São Paulo,3550308,True,,33639,,,-23.4589285,-46.678758,,,,2,2023-06-19T16:11:32+00:00
SAO_9004-10,São Paulo,3550308,True,,33639,,,-23.475167499999998,-46.6699895,,,,2,2023-06-19T16:11:22+00:00
SAO_9004-10,São Paulo,3550308,True,,33639,,,-23.4567555,-46.6849275,,,,2,2023-06-19T16:11:08+00:00
SAO_9004-10,São Paulo,3550308,True,,33639,,,-23.4746755,-46.670138,,,,2,2023-06-19T16:11:30+00:00
SAO_9004-10,São Paulo,3550308,True,,33639,,,-23.456984,-46.6852645,,,,2,2023-06-19T16:11:29+00:00
SAO_3301-10,São Paulo,3550308,True,,34386,,,-23.52700825,-46.551814,,,,2,2023-06-19T16:11:18+00:00
SAO_3301-10,São Paulo,3550308,True,,34386,,,-23.491539500000002,-46.4344585,,,,2,2023-06-19T16:11:00+00:00
SAO_3301-10,São Paulo,3550308,True,,34386,,,-23.5107225,-46.503327,,,,2,2023-06-19T16:11:21+00:00
SAO_3301-10,São Paulo,3550308,True,,34386,,,-23.5366255,-46.589150000000004,,,,2,2023-06-19T16:08:52+00:00
SAO_3301-10,São Paulo,3550308,True,,34386,,,-23.53897225,-46.60653325,,,,2,2023-06-19T16:11:20+00:00
SAO_476A-10,São Paulo,3550308,True,,304,,,-23.599687375000002,-46.643055875,,,,1,2023-06-19T16:11:13+00:00
SAO_476A-10,São Paulo,3550308,True,,304,,,-23.576876125000002,-46.604637875,,,,1,2023-06-19T16:11:33+00:00
SAO_476A-10,São Paulo,3550308,True,,304,,,-23.6542305,-46.7113915,,,,1,2023-06-19T16:09:50+00:00
SAO_476A-10,São Paulo,3550308,True,,304,,,-23.61427425,-46.67815337500001,,,,1,2023-06-19T16:11:30+00:00
SAO_637G-10,São Paulo,3550308,True,,32869,,,-23.619595750000002,-46.6830375,,,,2,2023-06-19T16:11:19+00:00
SAO_637G-10,São Paulo,3550308,True,,32869,,,-23.6455691875,-46.702333749999994,,,,2,2023-06-19T16:11:13+00:00
SAO_637G-10,São Paulo,3550308,True,,32869,,,-23.753559000000003,-46.68118,,,,2,2023-06-19T16:11:40+00:00
SAO_637G-10,São Paulo,3550308,True,,32869,,,-23.7413045,-46.69165425,,,,2,2023-06-19T16:11:29+00:00
SAO_637G-10,São Paulo,3550308,True,,32869,,,-23.58769125,-46.67168025,,,,2,2023-06-19T16:11:26+00:00
SAO_637G-10,São Paulo,3550308,True,,32869,,,-23.673647000000003,-46.709386499999994,,,,2,2023-06-19T16:08:45+00:00
SAO_637G-10,São Paulo,3550308,True,,32869,,,-23.7068195,-46.700339,,,,2,2023-06-19T16:11:05+00:00
SAO_4286-10,São Paulo,3550308,True,,33094,,,-23.609526,-46.529048,,,,2,2023-06-19T16:11:38+00:00
SAO_4286-10,São Paulo,3550308,True,,33094,,,-23.5865845,-46.585037,,,,2,2023-06-19T16:11:31+00:00
SAO_574A-10,São Paulo,3550308,True,,33370,,,-23.6412635,-46.641486,,,,2,2023-06-19T16:11:33+00:00
SAO_574A-10,São Paulo,3550308,True,,33370,,,-23.6083605,-46.637913999999995,,,,2,2023-06-19T16:11:36+00:00
SAO_574A-10,São Paulo,3550308,True,,33370,,,-23.66770375,-46.6422585,,,,2,2023-06-19T16:11:27+00:00
SAO_574A-10,São Paulo,3550308,True,,33370,,,-23.66476875,-46.638095,,,,2,2023-06-19T16:11:20+00:00
SAO_574A-10,São Paulo,3550308,True,,33370,,,-23.5738545,-46.6245695,,,,2,2023-06-19T16:11:32+00:00
SAO_574A-10,São Paulo,3550308,True,,33370,,,-23.58850975,-46.6346725,,,,2,2023-06-19T16:11:36+00:00
SAO_546A-10,São Paulo,3550308,True,,33899,,,-23.66513975,-46.6908155,,,,2,2023-06-19T16:11:22+00:00
SAO_546A-10,São Paulo,3550308,True,,33899,,,-23.713665,-46.65656725,,,,2,2023-06-19T16:06:39+00:00
SAO_546A-10,São Paulo,3550308,True,,33899,,,-23.7136645,-46.656892,,,,2,2023-06-19T16:09:25+00:00
SAO_546A-10,São Paulo,3550308,True,,33899,,,-23.6998955,-46.6485505,,,,2,2023-06-19T16:11:40+00:00
SAO_546A-10,São Paulo,3550308,True,,33899,,,-23.6909805,-46.670428,,,,2,2023-06-19T16:11:13+00:00
SAO_546A-10,São Paulo,3550308,True,,33899,,,-23.653340625,-46.702597749999995,,,,2,2023-06-19T16:11:28+00:00
SAO_5029-10,São Paulo,3550308,True,,34440,,,-23.602621499999998,-46.6023615,,,,2,2023-06-19T16:11:27+00:00
SAO_5029-10,São Paulo,3550308,True,,34440,,,-23.603818,-46.6029635,,,,2,2023-06-19T16:11:43+00:00
SAO_5029-10,São Paulo,3550308,True,,34440,,,-23.6240915,-46.586368375000006,,,,2,2023-06-19T16:11:18+00:00
SAO_5029-10,São Paulo,3550308,True,,34440,,,-23.628492,-46.5859155,,,,2,2023-06-19T16:11:01+00:00
SAO_5029-10,São Paulo,3550308,True,,34440,,,-23.6209135,-46.593073000000004,,,,2,2023-06-19T16:11:07+00:00
SAO_4025-10,São Paulo,3550308,True,,1095,,,-23.544648000000002,-46.5788235,,,,1,2023-06-19T16:11:41+00:00
SAO_4025-10,São Paulo,3550308,True,,1095,,,-23.541414000000003,-46.57794225,,,,1,2023-06-19T16:11:22+00:00
SAO_4025-10,São Paulo,3550308,True,,1095,,,-23.5925845,-46.559146,,,,1,2023-06-19T16:11:36+00:00
SAO_4025-10,São Paulo,3550308,True,,1095,,,-23.5734365,-46.580890249999996,,,,1,2023-06-19T16:11:30+00:00
SAO_4025-10,São Paulo,3550308,True,,1095,,,-23.6050915,-46.559775625,,,,1,2023-06-19T16:11:31+00:00
SAO_4025-10,São Paulo,3550308,True,,1095,,,-23.585415500000003,-46.575564875,,,,1,2023-06-19T16:11:02+00:00
SAO_5025-10,São Paulo,3550308,True,,34332,,,-23.601221000000002,-46.5488575,,,,2,2023-06-19T16:11:40+00:00
SAO_5025-10,São Paulo,3550308,True,,34332,,,-23.597244000000003,-46.5670935,,,,2,2023-06-19T16:11:23+00:00
SAO_5025-10,São Paulo,3550308,True,,34332,,,-23.6068425,-46.579948,,,,2,2023-06-19T16:11:12+00:00
SAO_5025-10,São Paulo,3550308,True,,34332,,,-23.595337999999998,-46.578398,,,,2,2023-06-19T16:11:44+00:00
SAO_5025-10,São Paulo,3550308,True,,34332,,,-23.609267,-46.5418475,,,,2,2023-06-19T16:11:19+00:00
SAO_4222-10,São Paulo,3550308,True,EMTU,288,https://moovitapp.com/index/pt-br/transporte_p%C3%BAblico-line-288-Sao_Paulo-242-2038937-36419389-0,5.1,-23.614827,-46.512039,,,,1,2023-06-19T16:11:13+00:00
SAO_4222-10,São Paulo,3550308,True,EMTU,288,https://moovitapp.com/index/pt-br/transporte_p%C3%BAblico-line-288-Sao_Paulo-242-2038937-36419389-0,5.1,-23.604115,-46.524492,,,,1,2023-06-19T16:11:42+00:00
SAO_4222-10,São Paulo,3550308,True,EMTU,288,https://moovitapp.com/index/pt-br/transporte_p%C3%BAblico-line-288-Sao_Paulo-242-2038937-36419389-0,5.1,-23.57976125,-46.57095175,,,,1,2023-06-19T16:11:37+00:00
SAO_1782-10,São Paulo,3550308,True,,33411,,,-23.502214000000002,-46.6235875,,,,2,2023-06-19T16:11:38+00:00
SAO_1782-10,São Paulo,3550308,True,,33411,,,-23.45281,-46.5711545,,,,2,2023-06-19T16:10:56+00:00
SAO_1782-10,São Paulo,3550308,True,,33411,,,-23.489608750000002,-46.624299500000006,,,,2,2023-06-19T16:08:29+00:00
SAO_1782-10,São Paulo,3550308,True,,33411,,,-23.502214000000002,-46.6235875,,,,2,2023-06-19T16:11:39+00:00
SAO_1782-10,São Paulo,3550308,True,,33411,,,-23.450515,-46.5724465,,,,2,2023-06-19T16:11:26+00:00
SAO_509J-10,São Paulo,3550308,True,EMTU,264,https://moovitapp.com/index/pt-br/transporte_p%C3%BAblico-line-264-Sao_Paulo-242-2038937-36419374-0,6.2,-23.603988625,-46.659302249999996,,,,1,2023-06-19T16:11:41+00:00
SAO_509J-10,São Paulo,3550308,True,EMTU,264,https://moovitapp.com/index/pt-br/transporte_p%C3%BAblico-line-264-Sao_Paulo-242-2038937-36419374-0,6.2,-23.588759500000002,-46.6642395,,,,1,2023-06-19T16:11:05+00:00
SAO_509J-10,São Paulo,3550308,True,EMTU,264,https://moovitapp.com/index/pt-br/transporte_p%C3%BAblico-line-264-Sao_Paulo-242-2038937-36419374-0,6.2,-23.6278965,-46.6618195,,,,1,2023-06-19T16:11:42+00:00
SAO_509J-10,São Paulo,3550308,True,EMTU,264,https://moovitapp.com/index/pt-br/transporte_p%C3%BAblico-line-264-Sao_Paulo-242-2038937-36419374-0,6.2,-23.676164500000002,-46.660602749999995,,,,1,2023-06-19T16:11:14+00:00
SAO_809H-10,São Paulo,3550308,True,,2245,,,-23.550092562499998,-46.7390546875,,,,1,2023-06-19T16:11:35+00:00
SAO_809H-10,São Paulo,3550308,True,,2245,,,-23.521501999999998,-46.7192165,,,,1,2023-06-19T16:11:14+00:00
SAO_809H-10,São Paulo,3550308,True,,2245,,,-23.522034500000004,-46.701772625000004,,,,1,2023-06-19T16:11:28+00:00
SAO_809H-10,São Paulo,3550308,True,,2245,,,-23.580671000000002,-46.794031000000004,,,,1,2023-06-19T16:11:36+00:00
SAO_809H-10,São Paulo,3550308,True,,2245,,,-23.583612,-46.784577,,,,1,2023-06-19T16:11:13+00:00
SAO_809H-10,São Paulo,3550308,True,,2245,,,-23.57470775,-46.751621375,,,,1,2023-06-19T16:11:05+00:00
SAO_809H-10,São Paulo,3550308,True,,2245,,,-23.580671000000002,-46.794031000000004,,,,1,2023-06-19T16:11:27+00:00
SAO_4315-10,São Paulo,3550308,True,,2175,,,-23.5404725,-46.5751875,,,,1,2023-06-19T16:11:35+00:00
SAO_4315-10,São Paulo,3550308,True,,2175,,,-23.54668575,-46.54176475,,,,1,2023-06-19T16:11:33+00:00
SAO_4315-10,São Paulo,3550308,True,,2175,,,-23.5585245,-46.522515999999996,,,,1,2023-06-19T16:11:40+00:00
SAO_4315-10,São Paulo,3550308,True,,2175,,,-23.548827000000003,-46.625870500000005,,,,1,2023-06-19T16:10:19+00:00
SAO_372F-10,São Paulo,3550308,True,,1015,,,-23.54634425,-46.60539125,,,,1,2023-06-19T16:11:27+00:00
SAO_695D-10,São Paulo,3550308,True,,32882,,,-23.6539025,-46.6669,,,,2,2023-06-19T16:11:33+00:00
SAO_695D-10,São Paulo,3550308,True,,32882,,,-23.7123585,-46.692229,,,,2,2023-06-19T16:11:40+00:00
SAO_695D-10,São Paulo,3550308,True,,32882,,,-23.6483395,-46.660872499999996,,,,2,2023-06-19T16:11:44+00:00
SAO_695D-10,São Paulo,3550308,True,,32882,,,-23.7329935,-46.676147,,,,2,2023-06-19T16:11:08+00:00
SAO_695D-10,São Paulo,3550308,True,,32882,,,-23.73791275,-46.687122,,,,2,2023-06-19T16:11:43+00:00
SAO_352A-10,São Paulo,3550308,True,,32932,,,-23.526847500000002,-46.446185,,,,2,2023-06-19T16:11:27+00:00
SAO_352A-10,São Paulo,3550308,True,,32932,,,-23.479262499999997,-46.421414999999996,,,,2,2023-06-19T16:11:09+00:00
SAO_352A-10,São Paulo,3550308,True,,32932,,,-23.597168500000002,-46.4870035,,,,2,2023-06-19T16:11:21+00:00
SAO_352A-10,São Paulo,3550308,True,,32932,,,-23.479100875,-46.421538125,,,,2,2023-06-19T16:11:19+00:00
SAO_352A-10,São Paulo,3550308,True,,32932,,,-23.575774,-46.47862,,,,2,2023-06-19T16:11:07+00:00
SAO_352A-10,São Paulo,3550308,True,,32932,,,-23.613674500000002,-46.4765145,,,,2,2023-06-19T16:11:29+00:00
SAO_352A-10,São Paulo,3550308,True,,32932,,,-23.479201250000003,-46.42118275,,,,2,2023-06-19T16:11:41+00:00
SAO_352A-10,São Paulo,3550308,True,,32932,,,-23.5524185,-46.463004,,,,2,2023-06-19T16:11:17+00:00
SAO_2755-10,São Paulo,3550308,True,STT,233,https://moovitapp.com/index/pt-br/transporte_p%C3%BAblico-line-233-Sao_Paulo-242-850661-183266-0,5.3,-23.536396875,-46.397093125,,,,1,2023-06-19T16:09:58+00:00
SAO_2755-10,São Paulo,3550308,True,STT,233,https://moovitapp.com/index/pt-br/transporte_p%C3%BAblico-line-233-Sao_Paulo-242-850661-183266-0,5.3,-23.5371415,-46.415614500000004,,,,1,2023-06-19T16:11:29+00:00
SAO_2755-10,São Paulo,3550308,True,STT,233,https://moovitapp.com/index/pt-br/transporte_p%C3%BAblico-line-233-Sao_Paulo-242-850661-183266-0,5.3,-23.532943500000002,-46.5433115,,,,1,2023-06-19T16:11:35+00:00
SAO_2755-10,São Paulo,3550308,True,STT,233,https://moovitapp.com/index/pt-br/transporte_p%C3%BAblico-line-233-Sao_Paulo-242-850661-183266-0,5.3,-23.522993749999998,-46.542624,,,,1,2023-06-19T16:11:15+00:00
SAO_2755-10,São Paulo,3550308,True,STT,233,https://moovitapp.com/index/pt-br/transporte_p%C3%BAblico-line-233-Sao_Paulo-242-850661-183266-0,5.3,-23.516129499999998,-46.5057305,,,,1,2023-06-19T16:10:57+00:00
SAO_2755-10,São Paulo,3550308,True,STT,233,https://moovitapp.com/index/pt-br/transporte_p%C3%BAblico-line-233-Sao_Paulo-242-850661-183266-0,5.3,-23.521391,-46.443833999999995,,,,1,2023-06-19T16:11:25+00:00
SAO_6L02-10,São Paulo,3550308,True,,33946,,,-23.827279,-46.727267,,,,2,2023-06-19T16:11:20+00:00
SAO_2765-10,São Paulo,3550308,True,,32913,,,-23.524527499999998,-46.549481625,,,,2,2023-06-19T16:11:16+00:00
SAO_2765-10,São Paulo,3550308,True,,32913,,,-23.514047750000003,-46.545876625000005,,,,2,2023-06-19T16:08:09+00:00
SAO_2765-10,São Paulo,3550308,True,,32913,,,-23.504872375,-46.5091770625,,,,2,2023-06-19T16:11:18+00:00
SAO_2765-10,São Paulo,3550308,True,,32913,,,-23.4927115,-46.494384249999996,,,,2,2023-06-19T16:11:11+00:00
SAO_2765-10,São Paulo,3550308,True,,32913,,,-23.505013499999997,-46.5154045,,,,2,2023-06-19T16:09:14+00:00
SAO_2765-10,São Paulo,3550308,True,,32913,,,-23.5219655,-46.5469565,,,,2,2023-06-19T16:11:32+00:00
SAO_2765-10,São Paulo,3550308,True,,32913,,,-23.493296,-46.4930645,,,,2,2023-06-19T16:11:14+00:00
SAO_2765-10,São Paulo,3550308,True,,32913,,,-23.532635749999997,-46.56256275,,,,2,2023-06-19T16:11:45+00:00
SAO_2765-10,São Paulo,3550308,True,,32913,,,-23.539907499999998,-46.577336,,,,2,2023-06-19T16:11:04+00:00
SAO_2765-10,São Paulo,3550308,True,,32913,,,-23.508069,-46.535300500000005,,,,2,2023-06-19T16:11:05+00:00
SAO_7411-10,São Paulo,3550308,True,,1376,,,-23.5560535,-46.6633055,,,,1,2023-06-19T16:11:40+00:00
SAO_7411-10,São Paulo,3550308,True,,1376,,,-23.5525495,-46.7321755,,,,1,2023-06-19T16:11:36+00:00
SAO_3734-10,São Paulo,3550308,True,,33802,,,-23.552886,-46.472831,,,,2,2023-06-19T16:11:06+00:00
SAO_3734-10,São Paulo,3550308,True,,33802,,,-23.555094125,-46.467715375,,,,2,2023-06-19T16:11:42+00:00
SAO_3734-10,São Paulo,3550308,True,,33802,,,-23.552827,-46.472971,,,,2,2023-06-19T16:11:45+00:00
SAO_3734-10,São Paulo,3550308,True,,33802,,,-23.549768,-46.483046,,,,2,2023-06-19T16:11:00+00:00
SAO_509M-10,São Paulo,3550308,True,,1277,,,-23.605411,-46.66382349999999,,,,1,2023-06-19T16:11:04+00:00
SAO_509M-10,São Paulo,3550308,True,,1277,,,-23.611075999999997,-46.669148,,,,1,2023-06-19T16:11:06+00:00
SAO_509M-10,São Paulo,3550308,True,,1277,,,-23.614762,-46.672632500000006,,,,1,2023-06-19T16:11:12+00:00
SAO_509M-10,São Paulo,3550308,True,,1277,,,-23.548059,-46.638213,,,,1,2023-06-19T16:11:38+00:00
SAO_509M-10,São Paulo,3550308,True,,1277,,,-23.6047995,-46.663243375,,,,1,2023-06-19T16:11:16+00:00
SAO_509M-10,São Paulo,3550308,True,,1277,,,-23.659373,-46.6631615,,,,1,2023-06-19T16:11:00+00:00
SAO_2014-10,São Paulo,3550308,True,Urubupungá,900,https://moovitapp.com/index/pt-br/transporte_p%C3%BAblico-line-900-Sao_Paulo-242-873835-496470-0,4.6,-23.457081000000002,-46.669748,,,,1,2023-06-19T16:11:34+00:00
SAO_2014-10,São Paulo,3550308,True,Urubupungá,900,https://moovitapp.com/index/pt-br/transporte_p%C3%BAblico-line-900-Sao_Paulo-242-873835-496470-0,4.6,-23.457081000000002,-46.669748,,,,1,2023-06-19T16:11:01+00:00
SAO_2014-10,São Paulo,3550308,True,Urubupungá,900,https://moovitapp.com/index/pt-br/transporte_p%C3%BAblico-line-900-Sao_Paulo-242-873835-496470-0,4.6,-23.4572125,-46.6698655,,,,1,2023-06-19T16:11:33+00:00
SAO_2014-10,São Paulo,3550308,True,Urubupungá,900,https://moovitapp.com/index/pt-br/transporte_p%C3%BAblico-line-900-Sao_Paulo-242-873835-496470-0,4.6,-23.4947995,-46.66153425,,,,1,2023-06-19T16:11:32+00:00
SAO_2014-10,São Paulo,3550308,True,Urubupungá,900,https://moovitapp.com/index/pt-br/transporte_p%C3%BAblico-line-900-Sao_Paulo-242-873835-496470-0,4.6,-23.457081000000002,-46.669748,,,,1,2023-06-19T16:11:29+00:00
SAO_2014-10,São Paulo,3550308,True,Urubupungá,900,https://moovitapp.com/index/pt-br/transporte_p%C3%BAblico-line-900-Sao_Paulo-242-873835-496470-0,4.6,-23.457081000000002,-46.669748,,,,1,2023-06-19T16:11:14+00:00
SAO_2014-10,São Paulo,3550308,True,Urubupungá,900,https://moovitapp.com/index/pt-br/transporte_p%C3%BAblico-line-900-Sao_Paulo-242-873835-496470-0,4.6,-23.5266685,-46.6673215,,,,1,2023-06-19T16:11:03+00:00
SAO_2014-10,São Paulo,3550308,True,Urubupungá,900,https://moovitapp.com/index/pt-br/transporte_p%C3%BAblico-line-900-Sao_Paulo-242-873835-496470-0,4.6,-23.469255,-46.6669885,,,,1,2023-06-19T16:11:33+00:00
SAO_2014-10,São Paulo,3550308,True,Urubupungá,900,https://moovitapp.com/index/pt-br/transporte_p%C3%BAblico-line-900-Sao_Paulo-242-873835-496470-0,4.6,-23.45956225,-46.66866,,,,1,2023-06-19T16:11:38+00:00
SAO_2014-10,São Paulo,3550308,True,Urubupungá,900,https://moovitapp.com/index/pt-br/transporte_p%C3%BAblico-line-900-Sao_Paulo-242-873835-496470-0,4.6,-23.4816705,-46.6731425,,,,1,2023-06-19T16:11:38+00:00
SAO_2014-10,São Paulo,3550308,True,Urubupungá,900,https://moovitapp.com/index/pt-br/transporte_p%C3%BAblico-line-900-Sao_Paulo-242-873835-496470-0,4.6,-23.457081000000002,-46.669748,,,,1,2023-06-19T16:11:31+00:00
SAO_6455-10,São Paulo,3550308,True,,63,,,-23.63706175,-46.6937715,,,,1,2023-06-19T16:11:38+00:00
SAO_6455-10,São Paulo,3550308,True,,63,,,-23.5953395,-46.654366249999995,,,,1,2023-06-19T16:11:39+00:00
SAO_6455-10,São Paulo,3550308,True,,63,,,-23.61276225,-46.6707505,,,,1,2023-06-19T16:11:26+00:00
SAO_6455-10,São Paulo,3550308,True,,63,,,-23.609755937499997,-46.667901625,,,,1,2023-06-19T16:11:16+00:00
SAO_6455-10,São Paulo,3550308,True,,63,,,-23.550775125,-46.63637825,,,,1,2023-06-19T16:11:18+00:00
SAO_6026-10,São Paulo,3550308,True,,87,,,-23.72626325,-46.71402725,,,,1,2023-06-19T16:11:45+00:00
SAO_6026-10,São Paulo,3550308,True,,87,,,-23.748356,-46.703650999999994,,,,1,2023-06-19T16:11:08+00:00
SAO_6026-10,São Paulo,3550308,True,,87,,,-23.748356,-46.703650999999994,,,,1,2023-06-19T16:11:35+00:00
SAO_6026-10,São Paulo,3550308,True,,87,,,-23.675388750000003,-46.68685225,,,,1,2023-06-19T16:11:14+00:00
SAO_6026-10,São Paulo,3550308,True,,87,,,-23.6541465,-46.711351,,,,1,2023-06-19T16:11:12+00:00
SAO_6026-10,São Paulo,3550308,True,,87,,,-23.704931000000002,-46.687313,,,,1,2023-06-19T16:11:28+00:00
SAO_407H-10,São Paulo,3550308,True,,2197,,,-23.547687500000002,-46.461503,,,,1,2023-06-19T16:11:22+00:00
SAO_407H-10,São Paulo,3550308,True,,2197,,,-23.630965500000002,-46.4467205,,,,1,2023-06-19T16:11:08+00:00
SAO_407H-10,São Paulo,3550308,True,,2197,,,-23.6196645,-46.459947,,,,1,2023-06-19T16:11:38+00:00
SAO_407H-10,São Paulo,3550308,True,,2197,,,-23.6335585,-46.4430015,,,,1,2023-06-19T16:11:17+00:00
SAO_407H-10,São Paulo,3550308,True,,2197,,,-23.630965500000002,-46.4467205,,,,1,2023-06-19T16:11:18+00:00
SAO_407H-10,São Paulo,3550308,True,,2197,,,-23.542863,-46.469320249999996,,,,1,2023-06-19T16:07:57+00:00
SAO_407H-10,São Paulo,3550308,True,,2197,,,-23.555915875,-46.464984375,,,,1,2023-06-19T16:11:38+00:00
SAO_407H-10,São Paulo,3550308,True,,2197,,,-23.599459500000002,-46.4523525,,,,1,2023-06-19T16:09:25+00:00
SAO_3010-10,São Paulo,3550308,True,,35311,,,-23.509553500000003,-46.4467465,,,,2,2023-06-19T16:11:19+00:00
SAO_3010-10,São Paulo,3550308,True,,35311,,,-23.517547999999998,-46.475973499999995,,,,2,2023-06-19T16:11:20+00:00
SAO_3010-10,São Paulo,3550308,True,,35311,,,-23.5105165,-46.446583499999996,,,,2,2023-06-19T16:11:17+00:00
SAO_5759-31,São Paulo,3550308,True,,1139,,,-23.6428595,-46.6447045,,,,1,2023-06-19T16:11:37+00:00
SAO_5759-31,São Paulo,3550308,True,,1139,,,-23.638134,-46.645673,,,,1,2023-06-19T16:11:19+00:00
SAO_5759-31,São Paulo,3550308,True,,1139,,,-23.667894,-46.65621025,,,,1,2023-06-19T16:11:41+00:00
SAO_5759-31,São Paulo,3550308,True,,1139,,,-23.64049275,-46.65238,,,,1,2023-06-19T16:11:40+00:00
SAO_2010-10,São Paulo,3550308,True,,34872,,,-23.500983124999998,-46.622532500000005,,,,2,2023-06-19T16:11:38+00:00
SAO_2010-10,São Paulo,3550308,True,,34872,,,-23.499241749999996,-46.604,,,,2,2023-06-19T16:06:51+00:00
SAO_2010-10,São Paulo,3550308,True,,34872,,,-23.477516625,-46.564321375,,,,2,2023-06-19T16:11:28+00:00
SAO_2010-10,São Paulo,3550308,True,,34872,,,-23.48203675,-46.574519249999994,,,,2,2023-06-19T16:07:22+00:00
SAO_2010-10,São Paulo,3550308,True,,34872,,,-23.477516625,-46.564321375,,,,2,2023-06-19T16:11:00+00:00
SAO_6069-10,São Paulo,3550308,True,,1154,,,-23.7575345,-46.706884,,,,1,2023-06-19T16:11:32+00:00
SAO_6069-10,São Paulo,3550308,True,,1154,,,-23.726964000000002,-46.6992625,,,,1,2023-06-19T16:11:31+00:00
SAO_6069-10,São Paulo,3550308,True,,1154,,,-23.653890625,-46.71154075,,,,1,2023-06-19T16:11:44+00:00
SAO_6069-10,São Paulo,3550308,True,,1154,,,-23.6547265,-46.7070535,,,,1,2023-06-19T16:11:18+00:00
SAO_6069-10,São Paulo,3550308,True,,1154,,,-23.69827325,-46.70106925,,,,1,2023-06-19T16:11:27+00:00
SAO_6069-10,São Paulo,3550308,True,,1154,,,-23.7575345,-46.706884,,,,1,2023-06-19T16:11:18+00:00
SAO_9300-10,São Paulo,3550308,True,,32884,,,-23.529372000000002,-46.647575,,,,2,2023-06-19T16:11:39+00:00
SAO_9300-10,São Paulo,3550308,True,,32884,,,-23.496948500000002,-46.66255175,,,,2,2023-06-19T16:11:28+00:00
SAO_9300-10,São Paulo,3550308,True,,32884,,,-23.509027000000003,-46.6654485,,,,2,2023-06-19T16:11:35+00:00
SAO_9300-10,São Paulo,3550308,True,,32884,,,-23.4966235,-46.66229725,,,,2,2023-06-19T16:11:08+00:00
SAO_508L-10,São Paulo,3550308,True,,32885,,,-23.570285249999998,-46.631818125,,,,2,2023-06-19T16:11:07+00:00
SAO_508L-10,São Paulo,3550308,True,,32885,,,-23.538726750000002,-46.644177625000005,,,,2,2023-06-19T16:11:00+00:00
SAO_508L-10,São Paulo,3550308,True,,32885,,,-23.537244875,-46.645397625,,,,2,2023-06-19T16:11:07+00:00
SAO_508L-10,São Paulo,3550308,True,,32885,,,-23.5340575,-46.644261,,,,2,2023-06-19T16:11:20+00:00
SAO_5145-10,São Paulo,3550308,True,,1641,,,-23.584834124999997,-46.527495,,,,1,2023-06-19T16:10:57+00:00
SAO_5145-10,São Paulo,3550308,True,,1641,,,-23.5813485,-46.586081,,,,1,2023-06-19T16:11:41+00:00
SAO_5145-10,São Paulo,3550308,True,,1641,,,-23.558067375,-46.63008175,,,,1,2023-06-19T16:11:10+00:00
SAO_5145-10,São Paulo,3550308,True,,1641,,,-23.613952,-46.500666,,,,1,2023-06-19T16:11:37+00:00
SAO_9014-10,São Paulo,3550308,True,,1425,,,-23.4916015,-46.696985999999995,,,,1,2023-06-19T16:11:37+00:00
SAO_9014-10,São Paulo,3550308,True,,1425,,,-23.4748515,-46.708434,,,,1,2023-06-19T16:11:05+00:00
SAO_9014-10,São Paulo,3550308,True,,1425,,,-23.478335,-46.703576999999996,,,,1,2023-06-19T16:11:02+00:00
SAO_9014-10,São Paulo,3550308,True,,1425,,,-23.5152515,-46.694882,,,,1,2023-06-19T16:11:23+00:00
SAO_8542-21,São Paulo,3550308,True,,1361,,,-23.5193815,-46.7004685,,,,1,2023-06-19T16:11:01+00:00
SAO_8542-21,São Paulo,3550308,True,,1361,,,-23.471227499999998,-46.70208375,,,,1,2023-06-19T16:10:58+00:00
SAO_8542-21,São Paulo,3550308,True,,1361,,,-23.47116425,-46.680957375000006,,,,1,2023-06-19T16:11:36+00:00
SAO_8542-21,São Paulo,3550308,True,,1361,,,-23.5142335,-46.690912,,,,1,2023-06-19T16:11:16+00:00
SAO_8542-21,São Paulo,3550308,True,,1361,,,-23.48557,-46.688279625,,,,1,2023-06-19T16:11:22+00:00
SAO_8006-10,São Paulo,3550308,True,,34024,,,-23.432887,-46.7297695,,,,2,2023-06-19T16:11:39+00:00
SAO_8006-10,São Paulo,3550308,True,,34024,,,-23.445837500000003,-46.7305495,,,,2,2023-06-19T16:11:12+00:00
SAO_8006-10,São Paulo,3550308,True,,34024,,,-23.439025,-46.7350515,,,,2,2023-06-19T16:11:40+00:00
SAO_8006-10,São Paulo,3550308,True,,34024,,,-23.432887,-46.7297695,,,,2,2023-06-19T16:11:38+00:00
SAO_5290-10,São Paulo,3550308,True,,597,,,-23.647145000000002,-46.640127,,,,1,2023-06-19T16:10:59+00:00
SAO_5290-10,São Paulo,3550308,True,,597,,,-23.549564,-46.6298945,,,,1,2023-06-19T16:11:16+00:00
SAO_5290-10,São Paulo,3550308,True,,597,,,-23.5961865,-46.636563,,,,1,2023-06-19T16:11:29+00:00
SAO_5290-10,São Paulo,3550308,True,,597,,,-23.55388475,-46.635124,,,,1,2023-06-19T16:11:41+00:00
SAO_5290-10,São Paulo,3550308,True,,597,,,-23.62445725,-46.64045175,,,,1,2023-06-19T16:11:39+00:00
SAO_5290-10,São Paulo,3550308,True,,597,,,-23.5465655,-46.630341,,,,1,2023-06-19T16:11:25+00:00
SAO_3721-10,São Paulo,3550308,True,,33787,,,-23.5638,-46.505301,,,,2,2023-06-19T16:11:40+00:00
SAO_3721-10,São Paulo,3550308,True,,33787,,,-23.565102500000002,-46.494727999999995,,,,2,2023-06-19T16:11:22+00:00
SAO_3721-10,São Paulo,3550308,True,,33787,,,-23.56351,-46.5022905,,,,2,2023-06-19T16:11:42+00:00
SAO_3721-10,São Paulo,3550308,True,,33787,,,-23.5529145,-46.49150875,,,,2,2023-06-19T16:11:03+00:00
SAO_7272-10,São Paulo,3550308,True,,1333,,,-23.549257750000002,-46.68457975,,,,1,2023-06-19T16:11:37+00:00
SAO_7272-10,São Paulo,3550308,True,,1333,,,-23.519283,-46.70725675,,,,1,2023-06-19T16:11:16+00:00
SAO_6012-10,São Paulo,3550308,True,,1204,,,-23.666982750000003,-46.7235025,,,,1,2023-06-19T16:11:36+00:00
SAO_6012-10,São Paulo,3550308,True,,1204,,,-23.687546,-46.7717265,,,,1,2023-06-19T16:11:34+00:00
SAO_6012-10,São Paulo,3550308,True,,1204,,,-23.694025000000003,-46.7826465,,,,1,2023-06-19T16:11:37+00:00
SAO_6012-10,São Paulo,3550308,True,,1204,,,-23.6757585,-46.754656499999996,,,,1,2023-06-19T16:11:26+00:00
SAO_2435-10,São Paulo,3550308,True,,32978,,,-23.5289775,-46.4795655,,,,2,2023-06-19T16:11:21+00:00
SAO_2435-10,São Paulo,3550308,True,,32978,,,-23.521818,-46.515618,,,,2,2023-06-19T16:06:01+00:00
SAO_3029-10,São Paulo,3550308,True,,966,,,-23.585262999999998,-46.506369500000005,,,,1,2023-06-19T16:11:13+00:00
SAO_3029-10,São Paulo,3550308,True,,966,,,-23.585262999999998,-46.506369500000005,,,,1,2023-06-19T16:11:22+00:00
SAO_3029-10,São Paulo,3550308,True,,966,,,-23.546333,-46.542565,,,,1,2023-06-19T16:11:25+00:00
SAO_3029-10,São Paulo,3550308,True,,966,,,-23.585262999999998,-46.506369500000005,,,,1,2023-06-19T16:11:10+00:00
SAO_3029-10,São Paulo,3550308,True,,966,,,-23.585262999999998,-46.506369500000005,,,,1,2023-06-19T16:11:10+00:00
SAO_3029-10,São Paulo,3550308,True,,966,,,-23.5696245,-46.5404715,,,,1,2023-06-19T16:11:15+00:00
SAO_3029-10,São Paulo,3550308,True,,966,,,-23.5801685,-46.508031,,,,1,2023-06-19T16:11:34+00:00
SAO_3029-10,São Paulo,3550308,True,,966,,,-23.544519,-46.5765135,,,,1,2023-06-19T16:11:34+00:00
SAO_3029-10,São Paulo,3550308,True,,966,,,-23.585262999999998,-46.506369500000005,,,,1,2023-06-19T16:11:11+00:00
SAO_3029-10,São Paulo,3550308,True,,966,,,-23.585262999999998,-46.506369500000005,,,,1,2023-06-19T16:11:45+00:00
SAO_3029-10,São Paulo,3550308,True,,966,,,-23.54241275,-46.560853125,,,,1,2023-06-19T16:11:40+00:00
SAO_8003-10,São Paulo,3550308,True,,34021,,,-23.521648499999998,-46.718697500000005,,,,2,2023-06-19T16:11:41+00:00
SAO_8003-10,São Paulo,3550308,True,,34021,,,-23.5120405,-46.756833,,,,2,2023-06-19T16:11:09+00:00
SAO_8003-10,São Paulo,3550308,True,,34021,,,-23.5120405,-46.756833,,,,2,2023-06-19T16:11:21+00:00
SAO_8003-10,São Paulo,3550308,True,,34021,,,-23.521341749999998,-46.719263375,,,,2,2023-06-19T16:11:36+00:00
SAO_3019-10,São Paulo,3550308,True,,957,,,-23.576586,-46.4078105,,,,1,2023-06-19T16:11:45+00:00
SAO_675I-10,São Paulo,3550308,True,BR7 Mobilidade,68,https://moovitapp.com/index/pt-br/transporte_p%C3%BAblico-line-68-Sao_Paulo-242-851856-560661-0,5.75,-23.6295305,-46.66766,,,,1,2023-06-19T16:11:10+00:00
SAO_675I-10,São Paulo,3550308,True,BR7 Mobilidade,68,https://moovitapp.com/index/pt-br/transporte_p%C3%BAblico-line-68-Sao_Paulo-242-851856-560661-0,5.75,-23.63577325,-46.694183125,,,,1,2023-06-19T16:11:23+00:00
SAO_675I-10,São Paulo,3550308,True,BR7 Mobilidade,68,https://moovitapp.com/index/pt-br/transporte_p%C3%BAblico-line-68-Sao_Paulo-242-851856-560661-0,5.75,-23.62720175,-46.64218175,,,,1,2023-06-19T16:11:07+00:00
SAO_6044-10,São Paulo,3550308,True,,33989,,,-23.6767725,-46.798547,,,,2,2023-06-19T16:11:35+00:00
SAO_6044-10,São Paulo,3550308,True,,33989,,,-23.655250000000002,-46.761338,,,,2,2023-06-19T16:11:22+00:00
SAO_6044-10,São Paulo,3550308,True,,33989,,,-23.649104,-46.7524655,,,,2,2023-06-19T16:11:40+00:00
SAO_6044-10,São Paulo,3550308,True,,33989,,,-23.654092499999997,-46.710306,,,,2,2023-06-19T16:11:04+00:00
SAO_6044-10,São Paulo,3550308,True,,33989,,,-23.6767725,-46.798547,,,,2,2023-06-19T16:11:26+00:00
SAO_6044-10,São Paulo,3550308,True,,33989,,,-23.64474175,-46.708640875,,,,2,2023-06-19T16:11:37+00:00
SAO_128Y-10,São Paulo,3550308,True,EMTU,843,https://moovitapp.com/index/pt-br/transporte_p%C3%BAblico-line-843-Sao_Paulo-242-2038937-36419606-0,4.1,-23.479869,-46.65863,,,,1,2023-06-19T16:11:23+00:00
SAO_128Y-10,São Paulo,3550308,True,EMTU,843,https://moovitapp.com/index/pt-br/transporte_p%C3%BAblico-line-843-Sao_Paulo-242-2038937-36419606-0,4.1,-23.469547999999996,-46.666701,,,,1,2023-06-19T16:11:31+00:00
SAO_128Y-10,São Paulo,3550308,True,EMTU,843,https://moovitapp.com/index/pt-br/transporte_p%C3%BAblico-line-843-Sao_Paulo-242-2038937-36419606-0,4.1,-23.507521124999997,-46.679439125,,,,1,2023-06-19T16:11:34+00:00
SAO_128Y-10,São Paulo,3550308,True,EMTU,843,https://moovitapp.com/index/pt-br/transporte_p%C3%BAblico-line-843-Sao_Paulo-242-2038937-36419606-0,4.1,-23.456187,-46.673824749999994,,,,1,2023-06-19T16:11:41+00:00
SAO_807P-10,São Paulo,3550308,True,,34867,,,-23.6233865,-46.7260605,,,,2,2023-06-19T16:11:01+00:00
SAO_807P-10,São Paulo,3550308,True,,34867,,,-23.616477500000002,-46.7208605,,,,2,2023-06-19T16:11:11+00:00
SAO_807P-10,São Paulo,3550308,True,,34867,,,-23.634223249999998,-46.7243045,,,,2,2023-06-19T16:11:37+00:00
SAO_807P-10,São Paulo,3550308,True,,34867,,,-23.616134,-46.72086,,,,2,2023-06-19T16:11:24+00:00
SAO_807P-10,São Paulo,3550308,True,,34867,,,-23.654038,-46.708869500000006,,,,2,2023-06-19T16:11:38+00:00
SAO_6403-10,São Paulo,3550308,True,,58,,,-23.5524975,-46.6376935,,,,1,2023-06-19T16:11:14+00:00
SAO_6403-10,São Paulo,3550308,True,,58,,,-23.6159395,-46.6990865,,,,1,2023-06-19T16:11:09+00:00
SAO_6403-10,São Paulo,3550308,True,,58,,,-23.56725,-46.6591068125,,,,1,2023-06-19T16:11:46+00:00
SAO_775F-31,São Paulo,3550308,True,,2488,,,-23.6254505,-46.7479555,,,,1,2023-06-19T16:11:34+00:00
SAO_775F-31,São Paulo,3550308,True,,2488,,,-23.6254505,-46.7479555,,,,1,2023-06-19T16:11:10+00:00
SAO_775F-31,São Paulo,3550308,True,,2488,,,-23.6254505,-46.7479555,,,,1,2023-06-19T16:11:15+00:00
SAO_775F-31,São Paulo,3550308,True,,2488,,,-23.6254505,-46.7479555,,,,1,2023-06-19T16:11:19+00:00
SAO_775F-31,São Paulo,3550308,True,,2488,,,-23.623848,-46.749168999999995,,,,1,2023-06-19T16:11:35+00:00
SAO_775F-31,São Paulo,3550308,True,,2488,,,-23.6254505,-46.7479555,,,,1,2023-06-19T16:11:38+00:00
SAO_775F-31,São Paulo,3550308,True,,2488,,,-23.6023765,-46.725097,,,,1,2023-06-19T16:11:39+00:00
SAO_809J-10,São Paulo,3550308,True,,34834,,,-23.605259,-46.7257905,,,,2,2023-06-19T16:11:24+00:00
SAO_809J-10,São Paulo,3550308,True,,34834,,,-23.59392475,-46.73130125,,,,2,2023-06-19T16:11:37+00:00
SAO_477A-10,São Paulo,3550308,True,EMTU,346,https://moovitapp.com/index/pt-br/transporte_p%C3%BAblico-line-346-Sao_Paulo-242-2038937-36419429-0,6.3,-23.603806499999997,-46.603359499999996,,,,1,2023-06-19T16:11:20+00:00
SAO_477A-10,São Paulo,3550308,True,EMTU,346,https://moovitapp.com/index/pt-br/transporte_p%C3%BAblico-line-346-Sao_Paulo-242-2038937-36419429-0,6.3,-23.577123999999998,-46.6077845,,,,1,2023-06-19T16:11:09+00:00
SAO_477A-10,São Paulo,3550308,True,EMTU,346,https://moovitapp.com/index/pt-br/transporte_p%C3%BAblico-line-346-Sao_Paulo-242-2038937-36419429-0,6.3,-23.5820395,-46.666586375,,,,1,2023-06-19T16:11:26+00:00
SAO_477A-10,São Paulo,3550308,True,EMTU,346,https://moovitapp.com/index/pt-br/transporte_p%C3%BAblico-line-346-Sao_Paulo-242-2038937-36419429-0,6.3,-23.582828,-46.683316000000005,,,,1,2023-06-19T16:11:01+00:00
SAO_477A-10,São Paulo,3550308,True,EMTU,346,https://moovitapp.com/index/pt-br/transporte_p%C3%BAblico-line-346-Sao_Paulo-242-2038937-36419429-0,6.3,-23.565896,-46.7011235,,,,1,2023-06-19T16:11:18+00:00
SAO_477A-10,São Paulo,3550308,True,EMTU,346,https://moovitapp.com/index/pt-br/transporte_p%C3%BAblico-line-346-Sao_Paulo-242-2038937-36419429-0,6.3,-23.5852035,-46.6768855,,,,1,2023-06-19T16:11:04+00:00
SAO_477A-10,São Paulo,3550308,True,EMTU,346,https://moovitapp.com/index/pt-br/transporte_p%C3%BAblico-line-346-Sao_Paulo-242-2038937-36419429-0,6.3,-23.582161499999998,-46.637816,,,,1,2023-06-19T16:11:29+00:00
SAO_5020-10,São Paulo,3550308,True,,34438,,,-23.610409500000003,-46.593145750000005,,,,2,2023-06-19T16:11:09+00:00
SAO_5020-10,São Paulo,3550308,True,,34438,,,-23.6102245,-46.59347325,,,,2,2023-06-19T16:11:07+00:00
SAO_5020-10,São Paulo,3550308,True,,34438,,,-23.6029365,-46.6025015,,,,2,2023-06-19T16:11:35+00:00
SAO_5020-10,São Paulo,3550308,True,,34438,,,-23.60606975,-46.59410675,,,,2,2023-06-19T16:11:33+00:00
SAO_7049-10,São Paulo,3550308,True,,34680,,,-23.6388125,-46.7797675,,,,2,2023-06-19T16:11:14+00:00
SAO_7049-10,São Paulo,3550308,True,,34680,,,-23.7116535,-46.777972,,,,2,2023-06-19T16:11:34+00:00
SAO_7049-10,São Paulo,3550308,True,,34680,,,-23.7116535,-46.777972,,,,2,2023-06-19T16:11:37+00:00
SAO_7049-10,São Paulo,3550308,True,,34680,,,-23.641268500000002,-46.7801625,,,,2,2023-06-19T16:11:45+00:00
SAO_7049-10,São Paulo,3550308,True,,34680,,,-23.711143749999998,-46.778219750000005,,,,2,2023-06-19T16:11:41+00:00
SAO_7049-10,São Paulo,3550308,True,,34680,,,-23.6921255,-46.776663,,,,2,2023-06-19T16:11:31+00:00
SAO_7049-10,São Paulo,3550308,True,,34680,,,-23.71138725,-46.77812725,,,,2,2023-06-19T16:11:05+00:00
SAO_7049-10,São Paulo,3550308,True,,34680,,,-23.67604475,-46.78280125,,,,2,2023-06-19T16:11:08+00:00
SAO_938C-10,São Paulo,3550308,True,,33354,,,-23.4435605,-46.7129695,,,,2,2023-06-19T16:11:36+00:00
SAO_938C-10,São Paulo,3550308,True,,33354,,,-23.488763,-46.719477,,,,2,2023-06-19T16:11:38+00:00
SAO_938C-10,São Paulo,3550308,True,,33354,,,-23.4435605,-46.7129695,,,,2,2023-06-19T16:11:27+00:00
SAO_971T-10,São Paulo,3550308,True,,33386,,,-23.4933625,-46.67373550000001,,,,2,2023-06-19T16:11:36+00:00
SAO_971T-10,São Paulo,3550308,True,,33386,,,-23.493329499999998,-46.67325275,,,,2,2023-06-19T16:11:07+00:00
SAO_971T-10,São Paulo,3550308,True,,33386,,,-23.5019995,-46.6255535,,,,2,2023-06-19T16:11:28+00:00
SAO_971T-10,São Paulo,3550308,True,,33386,,,-23.493746,-46.674699000000004,,,,2,2023-06-19T16:11:00+00:00
SAO_971T-10,São Paulo,3550308,True,,33386,,,-23.485663,-46.652913,,,,2,2023-06-19T16:09:23+00:00
SAO_971T-10,São Paulo,3550308,True,,33386,,,-23.4935815,-46.6744245,,,,2,2023-06-19T16:11:28+00:00
SAO_2522-10,São Paulo,3550308,True,,32908,,,-23.516617500000002,-46.4262835,,,,2,2023-06-19T16:11:01+00:00
SAO_2522-10,São Paulo,3550308,True,,32908,,,-23.516617500000002,-46.4262835,,,,2,2023-06-19T16:11:29+00:00
SAO_2522-10,São Paulo,3550308,True,,32908,,,-23.519289,-46.440655500000005,,,,2,2023-06-19T16:10:55+00:00
SAO_208M-10,São Paulo,3550308,True,,2478,,,-23.566066,-46.701753499999995,,,,1,2023-06-19T16:11:22+00:00
SAO_208M-10,São Paulo,3550308,True,,2478,,,-23.565859,-46.7013775,,,,1,2023-06-19T16:11:21+00:00
SAO_208M-10,São Paulo,3550308,True,,2478,,,-23.559962875,-46.685518375,,,,1,2023-06-19T16:11:24+00:00
SAO_208M-10,São Paulo,3550308,True,,2478,,,-23.56555875,-46.7010795,,,,1,2023-06-19T16:11:26+00:00
SAO_208M-10,São Paulo,3550308,True,,2478,,,-23.539151,-46.66402050000001,,,,1,2023-06-19T16:11:42+00:00
SAO_208M-10,São Paulo,3550308,True,,2478,,,-23.5066305,-46.64553825,,,,1,2023-06-19T16:08:53+00:00
SAO_208M-10,São Paulo,3550308,True,,2478,,,-23.50367,-46.6263905,,,,1,2023-06-19T16:11:42+00:00
SAO_3069-10,São Paulo,3550308,True,,33752,,,-23.6187215,-46.414438000000004,,,,2,2023-06-19T16:11:15+00:00
SAO_3069-10,São Paulo,3550308,True,,33752,,,-23.606985,-46.416852500000005,,,,2,2023-06-19T16:11:39+00:00
SAO_3069-10,São Paulo,3550308,True,,33752,,,-23.6193325,-46.423902999999996,,,,2,2023-06-19T16:11:32+00:00
SAO_3069-10,São Paulo,3550308,True,,33752,,,-23.60662525,-46.41692075,,,,2,2023-06-19T16:11:08+00:00
SAO_3069-10,São Paulo,3550308,True,,33752,,,-23.61795,-46.411443000000006,,,,2,2023-06-19T16:11:29+00:00
SAO_3069-10,São Paulo,3550308,True,,33752,,,-23.619170500000003,-46.468322,,,,2,2023-06-19T16:11:13+00:00
SAO_3069-10,São Paulo,3550308,True,,33752,,,-23.60662525,-46.41692075,,,,2,2023-06-19T16:11:18+00:00
SAO_3069-10,São Paulo,3550308,True,,33752,,,-23.606299749999998,-46.41697025,,,,2,2023-06-19T16:11:09+00:00
SAO_8040-10,São Paulo,3550308,True,,406,,,-23.437510500000002,-46.779852,,,,1,2023-06-19T16:11:36+00:00
SAO_8040-10,São Paulo,3550308,True,,406,,,-23.5241835,-46.7171265,,,,1,2023-06-19T16:11:02+00:00
SAO_8040-10,São Paulo,3550308,True,,406,,,-23.481645999999998,-46.7554855,,,,1,2023-06-19T16:11:17+00:00
SAO_8040-10,São Paulo,3550308,True,,406,,,-23.436355499999998,-46.774644,,,,1,2023-06-19T16:11:17+00:00
SAO_1738-10,São Paulo,3550308,True,,33440,,,-23.4731645,-46.5826115,,,,2,2023-06-19T16:11:43+00:00
SAO_1738-10,São Paulo,3550308,True,,33440,,,-23.4735475,-46.581099,,,,2,2023-06-19T16:11:30+00:00
SAO_1738-10,São Paulo,3550308,True,,33440,,,-23.4735475,-46.581099,,,,2,2023-06-19T16:11:33+00:00
SAO_1738-10,São Paulo,3550308,True,,33440,,,-23.496215499999998,-46.606908250000004,,,,2,2023-06-19T16:11:31+00:00
SAO_2710-31,São Paulo,3550308,True,,34422,,,-23.518759,-46.475552,,,,2,2023-06-19T16:11:07+00:00
SAO_2710-31,São Paulo,3550308,True,,34422,,,-23.519016999999998,-46.495726000000005,,,,2,2023-06-19T16:11:13+00:00
SAO_3763-10,São Paulo,3550308,True,,1054,,,-23.5557225,-46.528848499999995,,,,1,2023-06-19T16:11:42+00:00
SAO_3763-10,São Paulo,3550308,True,,1054,,,-23.562336,-46.5509,,,,1,2023-06-19T16:11:22+00:00
SAO_3763-10,São Paulo,3550308,True,,1054,,,-23.557687,-46.52319850000001,,,,1,2023-06-19T16:11:22+00:00
SAO_3763-10,São Paulo,3550308,True,,1054,,,-23.557687,-46.52319850000001,,,,1,2023-06-19T16:11:09+00:00
SAO_3763-10,São Paulo,3550308,True,,1054,,,-23.5577635,-46.522865499999995,,,,1,2023-06-19T16:11:43+00:00
SAO_3763-10,São Paulo,3550308,True,,1054,,,-23.545127,-46.575743,,,,1,2023-06-19T16:11:33+00:00
SAO_3763-10,São Paulo,3550308,True,,1054,,,-23.566122,-46.551145500000004,,,,1,2023-06-19T16:10:57+00:00
SAO_3763-10,São Paulo,3550308,True,,1054,,,-23.5577635,-46.522865499999995,,,,1,2023-06-19T16:11:31+00:00
SAO_3763-10,São Paulo,3550308,True,,1054,,,-23.547061,-46.562562750000005,,,,1,2023-06-19T16:09:33+00:00
SAO_3763-10,São Paulo,3550308,True,,1054,,,-23.5577635,-46.522865499999995,,,,1,2023-06-19T16:11:36+00:00
SAO_3763-10,São Paulo,3550308,True,,1054,,,-23.558262,-46.522529000000006,,,,1,2023-06-19T16:11:18+00:00
SAO_3763-10,São Paulo,3550308,True,,1054,,,-23.548760375,-46.57192525,,,,1,2023-06-19T16:11:33+00:00
SAO_3763-10,São Paulo,3550308,True,,1054,,,-23.558262,-46.522529000000006,,,,1,2023-06-19T16:11:39+00:00
SAO_3763-10,São Paulo,3550308,True,,1054,,,-23.5577635,-46.522865499999995,,,,1,2023-06-19T16:11:14+00:00
SAO_675L-10,São Paulo,3550308,True,,1478,,,-23.61730475,-46.675017,,,,1,2023-06-19T16:11:28+00:00
SAO_675L-10,São Paulo,3550308,True,,1478,,,-23.653993,-46.710736499999996,,,,1,2023-06-19T16:11:27+00:00
SAO_675L-10,São Paulo,3550308,True,,1478,,,-23.597429499999997,-46.6399105,,,,1,2023-06-19T16:10:59+00:00
SAO_675L-10,São Paulo,3550308,True,,1478,,,-23.611075999999997,-46.669148,,,,1,2023-06-19T16:11:06+00:00
SAO_675L-10,São Paulo,3550308,True,,1478,,,-23.653993,-46.710736499999996,,,,1,2023-06-19T16:11:30+00:00
SAO_847P-10,São Paulo,3550308,True,,33191,,,-23.547615,-46.691751499999995,,,,2,2023-06-19T16:11:40+00:00
SAO_847P-10,São Paulo,3550308,True,,33191,,,-23.5964025,-46.69135850000001,,,,2,2023-06-19T16:11:24+00:00
SAO_847P-10,São Paulo,3550308,True,,33191,,,-23.486277,-46.726815875,,,,2,2023-06-19T16:11:22+00:00
SAO_847P-10,São Paulo,3550308,True,,33191,,,-23.556830249999997,-46.68958825,,,,2,2023-06-19T16:10:55+00:00
SAO_847P-10,São Paulo,3550308,True,,33191,,,-23.5689285,-46.6919525,,,,2,2023-06-19T16:11:35+00:00
SAO_847P-10,São Paulo,3550308,True,,33191,,,-23.490378,-46.7100265,,,,2,2023-06-19T16:11:21+00:00
SAO_847P-10,São Paulo,3550308,True,,33191,,,-23.583702000000002,-46.6834,,,,2,2023-06-19T16:11:27+00:00
SAO_847P-10,São Paulo,3550308,True,,33191,,,-23.5964025,-46.69135850000001,,,,2,2023-06-19T16:11:38+00:00
SAO_847P-10,São Paulo,3550308,True,,33191,,,-23.485809000000003,-46.726257125,,,,2,2023-06-19T16:11:42+00:00
SAO_847P-10,São Paulo,3550308,True,,33191,,,-23.53279875,-46.70630075,,,,2,2023-06-19T16:11:25+00:00
SAO_847P-10,São Paulo,3550308,True,,33191,,,-23.490378,-46.7100265,,,,2,2023-06-19T16:11:40+00:00
SAO_8001-10,São Paulo,3550308,True,,34019,,,-23.5025615,-46.7611025,,,,2,2023-06-19T16:11:08+00:00
SAO_8001-10,São Paulo,3550308,True,,34019,,,-23.507517999999997,-46.7467005,,,,2,2023-06-19T16:11:01+00:00
SAO_2702-10,São Paulo,3550308,True,,914,,,-23.539938499999998,-46.482815,,,,1,2023-06-19T16:11:30+00:00
SAO_2702-10,São Paulo,3550308,True,,914,,,-23.494522,-46.451316500000004,,,,1,2023-06-19T16:11:37+00:00
SAO_2702-10,São Paulo,3550308,True,,914,,,-23.540062499999998,-46.482594375,,,,1,2023-06-19T16:11:04+00:00
SAO_4716-10,São Paulo,3550308,True,,1106,,,-23.6012195,-46.600916,,,,1,2023-06-19T16:11:37+00:00
SAO_4716-10,São Paulo,3550308,True,,1106,,,-23.60423625,-46.626846875,,,,1,2023-06-19T16:11:22+00:00
SAO_4716-10,São Paulo,3550308,True,,1106,,,-23.620107500000003,-46.614956,,,,1,2023-06-19T16:11:22+00:00
SAO_1764-10,São Paulo,3550308,True,,625,,,-23.425324500000002,-46.581938,,,,1,2023-06-19T16:09:53+00:00
SAO_1764-10,São Paulo,3550308,True,,625,,,-23.425084,-46.582206,,,,1,2023-06-19T16:11:16+00:00
SAO_1764-10,São Paulo,3550308,True,,625,,,-23.472904,-46.613551,,,,1,2023-06-19T16:11:32+00:00
SAO_1764-10,São Paulo,3550308,True,,625,,,-23.479248,-46.617898499999995,,,,1,2023-06-19T16:11:25+00:00
SAO_1764-10,São Paulo,3550308,True,,625,,,-23.450097,-46.5891925,,,,1,2023-06-19T16:11:06+00:00
SAO_2722-10,São Paulo,3550308,True,,33703,,,-23.5032715,-46.4939255,,,,2,2023-06-19T16:11:20+00:00
SAO_2722-10,São Paulo,3550308,True,,33703,,,-23.493627500000002,-46.502497500000004,,,,2,2023-06-19T16:11:26+00:00
SAO_2722-10,São Paulo,3550308,True,,33703,,,-23.492718500000002,-46.494104750000005,,,,2,2023-06-19T16:11:33+00:00
SAO_2722-10,São Paulo,3550308,True,,33703,,,-23.486964,-46.503894,,,,2,2023-06-19T16:11:37+00:00
SAO_2722-10,São Paulo,3550308,True,,33703,,,-23.51972475,-46.513607,,,,2,2023-06-19T16:11:27+00:00
SAO_8047-41,São Paulo,3550308,True,,33178,,,-23.520273000000003,-46.740896500000005,,,,2,2023-06-19T16:11:07+00:00
SAO_8047-41,São Paulo,3550308,True,,33178,,,-23.547221999999998,-46.690152,,,,2,2023-06-19T16:11:28+00:00
SAO_8047-41,São Paulo,3550308,True,,33178,,,-23.434162999999998,-46.754868,,,,2,2023-06-19T16:11:19+00:00
SAO_1722-10,São Paulo,3550308,True,,864,,,-23.4760555,-46.6635025,,,,1,2023-06-19T16:11:03+00:00
SAO_1722-10,São Paulo,3550308,True,,864,,,-23.482192,-46.672304,,,,1,2023-06-19T16:11:07+00:00
SAO_1722-10,São Paulo,3550308,True,,864,,,-23.479046500000003,-46.6015705,,,,1,2023-06-19T16:11:32+00:00
SAO_1722-10,São Paulo,3550308,True,,864,,,-23.4796155,-46.602089,,,,1,2023-06-19T16:11:22+00:00
SAO_1722-10,São Paulo,3550308,True,,864,,,-23.4586135,-46.585758999999996,,,,1,2023-06-19T16:09:31+00:00
SAO_1722-10,São Paulo,3550308,True,,864,,,-23.478811999999998,-46.6014165,,,,1,2023-06-19T16:11:07+00:00
SAO_1722-10,São Paulo,3550308,True,,864,,,-23.479096,-46.672417749999994,,,,1,2023-06-19T16:11:35+00:00
SAO_1722-10,São Paulo,3550308,True,,864,,,-23.460305374999997,-46.623050625,,,,1,2023-06-19T16:11:25+00:00
SAO_1722-10,São Paulo,3550308,True,,864,,,-23.466304,-46.585043,,,,1,2023-06-19T16:11:09+00:00
SAO_1722-10,São Paulo,3550308,True,,864,,,-23.464896,-46.6326215,,,,1,2023-06-19T16:11:04+00:00
SAO_1722-10,São Paulo,3550308,True,,864,,,-23.471667,-46.651328,,,,1,2023-06-19T16:11:06+00:00
SAO_2704-10,São Paulo,3550308,True,,916,,,-23.52377925,-46.417449,,,,1,2023-06-19T16:11:20+00:00
SAO_2704-10,São Paulo,3550308,True,,916,,,-23.535082000000003,-46.454484,,,,1,2023-06-19T16:10:50+00:00
SAO_2704-10,São Paulo,3550308,True,,916,,,-23.5198535,-46.41966,,,,1,2023-06-19T16:11:27+00:00
SAO_2704-10,São Paulo,3550308,True,,916,,,-23.542138,-46.471932499999994,,,,1,2023-06-19T16:11:36+00:00
SAO_2704-10,São Paulo,3550308,True,,916,,,-23.526659000000002,-46.409887999999995,,,,1,2023-06-19T16:11:04+00:00
SAO_2704-10,São Paulo,3550308,True,,916,,,-23.526659000000002,-46.409887999999995,,,,1,2023-06-19T16:11:17+00:00
SAO_6412-10,São Paulo,3550308,True,,33538,,,-23.5676645,-46.6490005,,,,2,2023-06-19T16:11:19+00:00
SAO_6412-10,São Paulo,3550308,True,,33538,,,-23.604443000000003,-46.682833,,,,2,2023-06-19T16:11:12+00:00
SAO_6412-10,São Paulo,3550308,True,,33538,,,-23.584829,-46.670666749999995,,,,2,2023-06-19T16:11:22+00:00
SAO_6412-10,São Paulo,3550308,True,,33538,,,-23.582446750000003,-46.66728225,,,,2,2023-06-19T16:11:15+00:00
SAO_6412-10,São Paulo,3550308,True,,33538,,,-23.61699275,-46.720967,,,,2,2023-06-19T16:11:24+00:00
SAO_6412-10,São Paulo,3550308,True,,33538,,,-23.580516000000003,-46.663951,,,,2,2023-06-19T16:11:28+00:00
SAO_6412-10,São Paulo,3550308,True,,33538,,,-23.6172295,-46.720997,,,,2,2023-06-19T16:11:13+00:00
SAO_6412-10,São Paulo,3550308,True,,33538,,,-23.617601,-46.7211065,,,,2,2023-06-19T16:11:17+00:00
SAO_6412-10,São Paulo,3550308,True,,33538,,,-23.5672734375,-46.64444175,,,,2,2023-06-19T16:11:45+00:00
SAO_5034-10,São Paulo,3550308,True,,34431,,,-23.652755499999998,-46.602143,,,,2,2023-06-19T16:11:26+00:00
SAO_5034-10,São Paulo,3550308,True,,34431,,,-23.653293500000004,-46.602455000000006,,,,2,2023-06-19T16:11:19+00:00
SAO_5034-10,São Paulo,3550308,True,,34431,,,-23.645741,-46.594182,,,,2,2023-06-19T16:11:32+00:00
SAO_5034-10,São Paulo,3550308,True,,34431,,,-23.652755499999998,-46.602143,,,,2,2023-06-19T16:11:06+00:00
SAO_5034-10,São Paulo,3550308,True,,34431,,,-23.6530245,-46.602299,,,,2,2023-06-19T16:11:34+00:00
SAO_5034-10,São Paulo,3550308,True,,34431,,,-23.6033575,-46.6029935,,,,2,2023-06-19T16:11:33+00:00
SAO_4031-10,São Paulo,3550308,True,,33869,,,-23.593173125,-46.544794124999996,,,,2,2023-06-19T16:11:36+00:00
SAO_4031-10,São Paulo,3550308,True,,33869,,,-23.6141885,-46.517275999999995,,,,2,2023-06-19T16:11:38+00:00
SAO_4031-10,São Paulo,3550308,True,,33869,,,-23.594425625,-46.586389374999996,,,,2,2023-06-19T16:11:23+00:00
SAO_4031-10,São Paulo,3550308,True,,33869,,,-23.599007999999998,-46.5382265,,,,2,2023-06-19T16:11:32+00:00
SAO_4031-10,São Paulo,3550308,True,,33869,,,-23.583010625,-46.569486125,,,,2,2023-06-19T16:11:21+00:00
SAO_4031-10,São Paulo,3550308,True,,33869,,,-23.5855395,-46.584230500000004,,,,2,2023-06-19T16:11:19+00:00
SAO_5029-10,São Paulo,3550308,True,,1672,,,-23.626755000000003,-46.586627500000006,,,,1,2023-06-19T16:11:38+00:00
SAO_5029-10,São Paulo,3550308,True,,1672,,,-23.622851375,-46.591449749999995,,,,1,2023-06-19T16:11:09+00:00
SAO_3903-10,São Paulo,3550308,True,,34239,,,-23.521306,-46.457174,,,,2,2023-06-19T16:11:37+00:00
SAO_3903-10,São Paulo,3550308,True,,34239,,,-23.520684000000003,-46.503981,,,,2,2023-06-19T16:11:24+00:00
SAO_6003-10,São Paulo,3550308,True,,34240,,,-23.736796499999997,-46.696856,,,,2,2023-06-19T16:11:00+00:00
SAO_6003-10,São Paulo,3550308,True,,34240,,,-23.75968575,-46.71514775,,,,2,2023-06-19T16:11:40+00:00
SAO_6003-10,São Paulo,3550308,True,,34240,,,-23.736116000000003,-46.6964145,,,,2,2023-06-19T16:11:03+00:00
SAO_8707-10,São Paulo,3550308,True,,34832,,,-23.563919,-46.7457965,,,,2,2023-06-19T16:11:30+00:00
SAO_8707-10,São Paulo,3550308,True,,34832,,,-23.570344125000002,-46.711185625,,,,2,2023-06-19T16:11:37+00:00
SAO_8707-10,São Paulo,3550308,True,,34832,,,-23.55769425,-46.6674515,,,,2,2023-06-19T16:11:45+00:00
SAO_8707-10,São Paulo,3550308,True,,34832,,,-23.534661999999997,-46.6444695,,,,2,2023-06-19T16:11:19+00:00
SAO_9300-10,São Paulo,3550308,True,EMTU,116,https://moovitapp.com/index/pt-br/transporte_p%C3%BAblico-line-116-Sao_Paulo-242-2038937-36419276-0,12.1,-23.498242625,-46.663813000000005,,,,1,2023-06-19T16:11:23+00:00
SAO_9300-10,São Paulo,3550308,True,EMTU,116,https://moovitapp.com/index/pt-br/transporte_p%C3%BAblico-line-116-Sao_Paulo-242-2038937-36419276-0,12.1,-23.4959565,-46.6621375,,,,1,2023-06-19T16:11:31+00:00
SAO_9300-10,São Paulo,3550308,True,EMTU,116,https://moovitapp.com/index/pt-br/transporte_p%C3%BAblico-line-116-Sao_Paulo-242-2038937-36419276-0,12.1,-23.546077500000003,-46.631047,,,,1,2023-06-19T16:11:15+00:00
SAO_9300-10,São Paulo,3550308,True,EMTU,116,https://moovitapp.com/index/pt-br/transporte_p%C3%BAblico-line-116-Sao_Paulo-242-2038937-36419276-0,12.1,-23.533135875,-46.644949499999996,,,,1,2023-06-19T16:11:28+00:00
SAO_9300-10,São Paulo,3550308,True,EMTU,116,https://moovitapp.com/index/pt-br/transporte_p%C3%BAblico-line-116-Sao_Paulo-242-2038937-36419276-0,12.1,-23.551902499999997,-46.6346075,,,,1,2023-06-19T16:11:27+00:00
SAO_8615-10,São Paulo,3550308,True,,34107,,,-23.5369125,-46.7237005,,,,2,2023-06-19T16:11:34+00:00
SAO_8615-10,São Paulo,3550308,True,,34107,,,-23.535989999999998,-46.7247965,,,,2,2023-06-19T16:11:42+00:00
SAO_8615-10,São Paulo,3550308,True,,34107,,,-23.5369125,-46.7237005,,,,2,2023-06-19T16:11:29+00:00
SAO_8615-10,São Paulo,3550308,True,,34107,,,-23.539043999999997,-46.646074999999996,,,,2,2023-06-19T16:11:38+00:00
SAO_8615-10,São Paulo,3550308,True,,34107,,,-23.5319375,-46.66144,,,,2,2023-06-19T16:11:36+00:00
SAO_8615-10,São Paulo,3550308,True,,34107,,,-23.535989999999998,-46.7247965,,,,2,2023-06-19T16:11:23+00:00
SAO_8615-10,São Paulo,3550308,True,,34107,,,-23.5361915,-46.725013000000004,,,,2,2023-06-19T16:11:18+00:00
SAO_8615-10,São Paulo,3550308,True,,34107,,,-23.521341749999998,-46.719263375,,,,2,2023-06-19T16:11:40+00:00
SAO_8615-10,São Paulo,3550308,True,,34107,,,-23.52907725,-46.726546750000004,,,,2,2023-06-19T16:09:31+00:00
SAO_8615-10,São Paulo,3550308,True,,34107,,,-23.5475615,-46.6301455,,,,2,2023-06-19T16:11:36+00:00
SAO_4221-10,São Paulo,3550308,True,,33093,,,-23.596083999999998,-46.569821,,,,2,2023-06-19T16:11:38+00:00
SAO_4221-10,São Paulo,3550308,True,,33093,,,-23.60887425,-46.514239,,,,2,2023-06-19T16:11:06+00:00
SAO_4221-10,São Paulo,3550308,True,,33093,,,-23.5464985,-46.6302265,,,,2,2023-06-19T16:11:40+00:00
SAO_4221-10,São Paulo,3550308,True,,33093,,,-23.60887425,-46.514239,,,,2,2023-06-19T16:11:34+00:00
SAO_208V-10,São Paulo,3550308,True,Rápido Campinas,207,https://moovitapp.com/index/pt-br/transporte_p%C3%BAblico-line-207-Sao_Paulo-242-858660-638984-0,5.3,-23.547219,-46.6295935,,,,1,2023-06-19T16:11:02+00:00
SAO_208V-10,São Paulo,3550308,True,Rápido Campinas,207,https://moovitapp.com/index/pt-br/transporte_p%C3%BAblico-line-207-Sao_Paulo-242-858660-638984-0,5.3,-23.5147745,-46.4909385,,,,1,2023-06-19T16:10:46+00:00
SAO_208V-10,São Paulo,3550308,True,Rápido Campinas,207,https://moovitapp.com/index/pt-br/transporte_p%C3%BAblico-line-207-Sao_Paulo-242-858660-638984-0,5.3,-23.5213665,-46.545969,,,,1,2023-06-19T16:11:40+00:00
SAO_208V-10,São Paulo,3550308,True,Rápido Campinas,207,https://moovitapp.com/index/pt-br/transporte_p%C3%BAblico-line-207-Sao_Paulo-242-858660-638984-0,5.3,-23.535182374999998,-46.58226225,,,,1,2023-06-19T16:11:40+00:00
SAO_208V-10,São Paulo,3550308,True,Rápido Campinas,207,https://moovitapp.com/index/pt-br/transporte_p%C3%BAblico-line-207-Sao_Paulo-242-858660-638984-0,5.3,-23.547219,-46.6295935,,,,1,2023-06-19T16:11:08+00:00
SAO_2076-10,São Paulo,3550308,True,,368,,,-23.492382999999997,-46.4580455,,,,1,2023-06-19T16:11:33+00:00
SAO_2076-10,São Paulo,3550308,True,,368,,,-23.497460000000004,-46.487355875000006,,,,1,2023-06-19T16:11:16+00:00
SAO_2076-10,São Paulo,3550308,True,,368,,,-23.502465,-46.384566,,,,1,2023-06-19T16:10:59+00:00
SAO_2076-10,São Paulo,3550308,True,,368,,,-23.511173,-46.50042725,,,,1,2023-06-19T16:10:37+00:00
SAO_2076-10,São Paulo,3550308,True,,368,,,-23.5032615,-46.380213499999996,,,,1,2023-06-19T16:11:22+00:00
SAO_2076-10,São Paulo,3550308,True,,368,,,-23.52259575,-46.53665875,,,,1,2023-06-19T16:11:04+00:00
SAO_8700-1,São Paulo,3550308,True,,2508,,,-23.569023875,-46.68674125,,,,1,2023-06-19T16:11:09+00:00
SAO_8700-1,São Paulo,3550308,True,,2508,,,-23.5474995,-46.640241,,,,1,2023-06-19T16:10:08+00:00
SAO_8700-1,São Paulo,3550308,True,,2508,,,-23.552126125,-46.657847875,,,,1,2023-06-19T16:11:13+00:00
SAO_172J-10,São Paulo,3550308,True,,33624,,,-23.532761,-46.58275625,,,,2,2023-06-19T16:11:08+00:00
SAO_172J-10,São Paulo,3550308,True,,33624,,,-23.495067,-46.5759185,,,,2,2023-06-19T16:11:28+00:00
SAO_172J-10,São Paulo,3550308,True,,33624,,,-23.531899,-46.580352500000004,,,,2,2023-06-19T16:10:35+00:00
SAO_172J-10,São Paulo,3550308,True,,33624,,,-23.479189750000003,-46.56941425,,,,2,2023-06-19T16:11:10+00:00
SAO_172J-10,São Paulo,3550308,True,,33624,,,-23.5018045,-46.575742,,,,2,2023-06-19T16:09:45+00:00
SAO_172J-10,São Paulo,3550308,True,,33624,,,-23.5284455,-46.589775,,,,2,2023-06-19T16:08:37+00:00
SAO_172J-10,São Paulo,3550308,True,,33624,,,-23.479189750000003,-46.56941425,,,,2,2023-06-19T16:11:09+00:00
SAO_172J-10,São Paulo,3550308,True,,33624,,,-23.479189750000003,-46.56941425,,,,2,2023-06-19T16:11:16+00:00
SAO_172J-10,São Paulo,3550308,True,,33624,,,-23.479367500000002,-46.568922,,,,2,2023-06-19T16:11:25+00:00
SAO_172J-10,São Paulo,3550308,True,,33624,,,-23.479189750000003,-46.56941425,,,,2,2023-06-19T16:11:00+00:00
SAO_172J-10,São Paulo,3550308,True,,33624,,,-23.514029,-46.5816095,,,,2,2023-06-19T16:11:12+00:00
SAO_3751-10,São Paulo,3550308,True,,33815,,,-23.569102,-46.411361,,,,2,2023-06-19T16:11:43+00:00
SAO_3751-10,São Paulo,3550308,True,,33815,,,-23.565846999999998,-46.416027,,,,2,2023-06-19T16:11:18+00:00
SAO_3751-10,São Paulo,3550308,True,,33815,,,-23.569102,-46.411361,,,,2,2023-06-19T16:11:22+00:00
SAO_3751-10,São Paulo,3550308,True,,33815,,,-23.5433195,-46.470394,,,,2,2023-06-19T16:11:32+00:00
SAO_3751-10,São Paulo,3550308,True,,33815,,,-23.570001750000003,-46.41233175000001,,,,2,2023-06-19T16:11:02+00:00
SAO_3751-10,São Paulo,3550308,True,,33815,,,-23.541652499999998,-46.449809,,,,2,2023-06-19T16:11:42+00:00
SAO_3751-10,São Paulo,3550308,True,,33815,,,-23.552524499999997,-46.4325885,,,,2,2023-06-19T16:11:36+00:00
SAO_3751-10,São Paulo,3550308,True,,33815,,,-23.566136999999998,-46.4160905,,,,2,2023-06-19T16:11:19+00:00
SAO_5031-10,São Paulo,3550308,True,,1746,,,-23.6369285,-46.593451,,,,1,2023-06-19T16:11:04+00:00
SAO_5031-10,São Paulo,3550308,True,,1746,,,-23.633529000000003,-46.5870805,,,,1,2023-06-19T16:11:10+00:00
SAO_5031-10,São Paulo,3550308,True,,1746,,,-23.608228,-46.597037,,,,1,2023-06-19T16:11:41+00:00
SAO_5031-10,São Paulo,3550308,True,,1746,,,-23.624238,-46.591031,,,,1,2023-06-19T16:11:31+00:00
SAO_5031-10,São Paulo,3550308,True,,1746,,,-23.637415,-46.592847500000005,,,,1,2023-06-19T16:11:07+00:00
SAO_5031-10,São Paulo,3550308,True,,1746,,,-23.6168755,-46.5931595,,,,1,2023-06-19T16:11:39+00:00
SAO_5031-10,São Paulo,3550308,True,,1746,,,-23.637415,-46.592847500000005,,,,1,2023-06-19T16:11:21+00:00
SAO_5031-10,São Paulo,3550308,True,,1746,,,-23.637415,-46.592847500000005,,,,1,2023-06-19T16:11:13+00:00
SAO_5031-10,São Paulo,3550308,True,,1746,,,-23.6220665,-46.5917295,,,,1,2023-06-19T16:11:36+00:00
SAO_5031-10,São Paulo,3550308,True,,1746,,,-23.603151,-46.6022615,,,,1,2023-06-19T16:11:36+00:00
SAO_5031-10,São Paulo,3550308,True,,1746,,,-23.637415,-46.592847500000005,,,,1,2023-06-19T16:11:23+00:00
SAO_5031-10,São Paulo,3550308,True,,1746,,,-23.637415,-46.592847500000005,,,,1,2023-06-19T16:11:20+00:00
SAO_6015-10,São Paulo,3550308,True,,33973,,,-23.644267,-46.701417125000006,,,,2,2023-06-19T16:11:36+00:00
SAO_6015-10,São Paulo,3550308,True,,33973,,,-23.735135,-46.7940935,,,,2,2023-06-19T16:11:18+00:00
SAO_6015-10,São Paulo,3550308,True,,33973,,,-23.653125,-46.70848074999999,,,,2,2023-06-19T16:11:21+00:00
SAO_6015-10,São Paulo,3550308,True,,33973,,,-23.679211249999998,-46.763927249999995,,,,2,2023-06-19T16:11:01+00:00
SAO_6835-31,São Paulo,3550308,True,,1407,,,-23.683338499999998,-46.789263000000005,,,,1,2023-06-19T16:11:06+00:00
SAO_6835-31,São Paulo,3550308,True,,1407,,,-23.660608,-46.7679,,,,1,2023-06-19T16:11:07+00:00
SAO_2435-10,São Paulo,3550308,True,Cidade de Caieiras,210,https://moovitapp.com/index/pt-br/transporte_p%C3%BAblico-line-210-Sao_Paulo-242-868761-496408-0,5.0,-23.522724125000003,-46.522056000000006,,,,1,2023-06-19T16:11:26+00:00
SAO_2435-10,São Paulo,3550308,True,Cidade de Caieiras,210,https://moovitapp.com/index/pt-br/transporte_p%C3%BAblico-line-210-Sao_Paulo-242-868761-496408-0,5.0,-23.5293535,-46.479913499999995,,,,1,2023-06-19T16:11:22+00:00
SAO_2435-10,São Paulo,3550308,True,Cidade de Caieiras,210,https://moovitapp.com/index/pt-br/transporte_p%C3%BAblico-line-210-Sao_Paulo-242-868761-496408-0,5.0,-23.528665500000002,-46.554443500000005,,,,1,2023-06-19T16:11:14+00:00
SAO_6039-10,São Paulo,3550308,True,,33985,,,-23.673583999999998,-46.7878105,,,,2,2023-06-19T16:11:03+00:00
SAO_6039-10,São Paulo,3550308,True,,33985,,,-23.650240000000004,-46.756395999999995,,,,2,2023-06-19T16:11:07+00:00
SAO_6039-10,São Paulo,3550308,True,,33985,,,-23.685625,-46.80100575,,,,2,2023-06-19T16:11:20+00:00
SAO_6039-10,São Paulo,3550308,True,,33985,,,-23.651654,-46.7119825,,,,2,2023-06-19T16:11:19+00:00
SAO_6039-10,São Paulo,3550308,True,,33985,,,-23.659761125,-46.773871,,,,2,2023-06-19T16:11:32+00:00
SAO_8013-10,São Paulo,3550308,True,,33568,,,-23.4315405,-46.7867875,,,,2,2023-06-19T16:11:13+00:00
SAO_8013-10,São Paulo,3550308,True,,33568,,,-23.50618525,-46.75090125,,,,2,2023-06-19T16:11:16+00:00
SAO_8013-10,São Paulo,3550308,True,,33568,,,-23.458084749999998,-46.78343475,,,,2,2023-06-19T16:11:17+00:00
SAO_8013-10,São Paulo,3550308,True,,33568,,,-23.4315405,-46.7867875,,,,2,2023-06-19T16:11:02+00:00
SAO_8013-10,São Paulo,3550308,True,,33568,,,-23.4996675,-46.754408999999995,,,,2,2023-06-19T16:11:14+00:00
SAO_8013-10,São Paulo,3550308,True,,33568,,,-23.50887975,-46.7308635,,,,2,2023-06-19T16:11:11+00:00
SAO_2734-10,São Paulo,3550308,True,,1760,,,-23.539058,-46.469727500000005,,,,1,2023-06-19T16:11:21+00:00
SAO_2734-10,São Paulo,3550308,True,,1760,,,-23.509104999999998,-46.422695000000004,,,,1,2023-06-19T16:10:53+00:00
SAO_2734-10,São Paulo,3550308,True,,1760,,,-23.527793250000002,-46.44633775,,,,1,2023-06-19T16:11:28+00:00
SAO_2734-10,São Paulo,3550308,True,,1760,,,-23.512009,-46.40866,,,,1,2023-06-19T16:11:02+00:00
SAO_2734-10,São Paulo,3550308,True,,1760,,,-23.512009,-46.40866,,,,1,2023-06-19T16:11:34+00:00
SAO_2734-10,São Paulo,3550308,True,,1760,,,-23.519921500000002,-46.441227,,,,1,2023-06-19T16:11:30+00:00
SAO_2734-10,São Paulo,3550308,True,,1760,,,-23.512009,-46.40866,,,,1,2023-06-19T16:11:06+00:00
SAO_2734-10,São Paulo,3550308,True,,1760,,,-23.512009,-46.40866,,,,1,2023-06-19T16:09:04+00:00
SAO_4004-10,São Paulo,3550308,True,,34946,,,-23.580503,-46.4039955,,,,2,2023-06-19T16:10:49+00:00
SAO_4004-10,São Paulo,3550308,True,,34946,,,-23.5824475,-46.407562999999996,,,,2,2023-06-19T16:11:17+00:00
SAO_875H-10,São Paulo,3550308,True,,34108,,,-23.522999499999997,-46.688287875,,,,2,2023-06-19T16:11:33+00:00
SAO_875H-10,São Paulo,3550308,True,,34108,,,-23.5205245,-46.7007655,,,,2,2023-06-19T16:11:40+00:00
SAO_875H-10,São Paulo,3550308,True,,34108,,,-23.5894825,-46.6339565,,,,2,2023-06-19T16:11:39+00:00
SAO_875H-10,São Paulo,3550308,True,,34108,,,-23.56270025,-46.654886000000005,,,,2,2023-06-19T16:11:27+00:00
SAO_875H-10,São Paulo,3550308,True,,34108,,,-23.5268475,-46.681755249999995,,,,2,2023-06-19T16:11:16+00:00
SAO_875H-10,São Paulo,3550308,True,,34108,,,-23.5377805,-46.674307,,,,2,2023-06-19T16:11:06+00:00
SAO_971R-42,São Paulo,3550308,True,,33384,,,-23.462843499999998,-46.683111499999995,,,,2,2023-06-19T16:11:39+00:00
SAO_971R-42,São Paulo,3550308,True,,33384,,,-23.434392250000002,-46.7191545,,,,2,2023-06-19T16:11:18+00:00
SAO_971R-42,São Paulo,3550308,True,,33384,,,-23.434023500000002,-46.727810500000004,,,,2,2023-06-19T16:11:28+00:00
SAO_971R-42,São Paulo,3550308,True,,33384,,,-23.436705500000002,-46.739627,,,,2,2023-06-19T16:11:11+00:00
SAO_609F-21,São Paulo,3550308,True,BR7 Mobilidade,38,https://moovitapp.com/index/pt-br/transporte_p%C3%BAblico-line-38-Sao_Paulo-242-851856-587254-0,5.75,-23.667388,-46.752701,,,,1,2023-06-19T16:11:35+00:00
SAO_609F-21,São Paulo,3550308,True,BR7 Mobilidade,38,https://moovitapp.com/index/pt-br/transporte_p%C3%BAblico-line-38-Sao_Paulo-242-851856-587254-0,5.75,-23.6531645,-46.7385905,,,,1,2023-06-19T16:11:23+00:00
SAO_1744-10,São Paulo,3550308,True,,33312,,,-23.47792975,-46.6360915,,,,2,2023-06-19T16:11:18+00:00
SAO_1744-10,São Paulo,3550308,True,,33312,,,-23.472807250000002,-46.641781,,,,2,2023-06-19T16:11:21+00:00
SAO_1744-10,São Paulo,3550308,True,,33312,,,-23.472218750000003,-46.641547875,,,,2,2023-06-19T16:11:00+00:00
SAO_1744-10,São Paulo,3550308,True,,33312,,,-23.472376,-46.64149449999999,,,,2,2023-06-19T16:11:08+00:00
SAO_1744-10,São Paulo,3550308,True,,33312,,,-23.47214175,-46.642127375,,,,2,2023-06-19T16:11:13+00:00
SAO_1744-10,São Paulo,3550308,True,,33312,,,-23.47261175,-46.641650999999996,,,,2,2023-06-19T16:11:27+00:00
SAO_5022-10,São Paulo,3550308,True,,1120,,,-23.6716655,-46.640232,,,,1,2023-06-19T16:11:14+00:00
SAO_5022-10,São Paulo,3550308,True,,1120,,,-23.672228,-46.638205,,,,1,2023-06-19T16:11:03+00:00
SAO_5022-10,São Paulo,3550308,True,,1120,,,-23.648213,-46.6413555,,,,1,2023-06-19T16:11:39+00:00
SAO_5022-10,São Paulo,3550308,True,,1120,,,-23.665001500000002,-46.646229000000005,,,,1,2023-06-19T16:11:01+00:00
SAO_8028-10,São Paulo,3550308,True,,35300,,,-23.585691,-46.724018,,,,2,2023-06-19T16:11:27+00:00
SAO_8028-10,São Paulo,3550308,True,,35300,,,-23.6222185,-46.7278965,,,,2,2023-06-19T16:11:21+00:00
SAO_8028-10,São Paulo,3550308,True,,35300,,,-23.585691,-46.724018,,,,2,2023-06-19T16:11:14+00:00
SAO_8028-10,São Paulo,3550308,True,,35300,,,-23.5858995,-46.724471,,,,2,2023-06-19T16:11:44+00:00
SAO_8028-10,São Paulo,3550308,True,,35300,,,-23.6129735,-46.7162575,,,,2,2023-06-19T16:11:43+00:00
SAO_8028-10,São Paulo,3550308,True,,35300,,,-23.6222185,-46.7278965,,,,2,2023-06-19T16:11:29+00:00
SAO_8028-10,São Paulo,3550308,True,,35300,,,-23.6222185,-46.7278965,,,,2,2023-06-19T16:11:17+00:00
SAO_607C-10,São Paulo,3550308,True,,34745,,,-23.5897885,-46.6880525,,,,2,2023-06-19T16:11:43+00:00
SAO_607C-10,São Paulo,3550308,True,,34745,,,-23.612644250000002,-46.6956455,,,,2,2023-06-19T16:11:33+00:00
SAO_607C-10,São Paulo,3550308,True,,34745,,,-23.652300500000003,-46.66928475,,,,2,2023-06-19T16:11:26+00:00
SAO_607C-10,São Paulo,3550308,True,,34745,,,-23.66534325,-46.65824125,,,,2,2023-06-19T16:11:14+00:00
SAO_607C-10,São Paulo,3550308,True,,34745,,,-23.60629,-46.69334,,,,2,2023-06-19T16:11:19+00:00
SAO_607C-10,São Paulo,3550308,True,,34745,,,-23.6833915,-46.634699499999996,,,,2,2023-06-19T16:11:26+00:00
SAO_607C-10,São Paulo,3550308,True,,34745,,,-23.628147,-46.68554525,,,,2,2023-06-19T16:11:30+00:00
SAO_607C-10,São Paulo,3550308,True,,34745,,,-23.658168250000003,-46.664045,,,,2,2023-06-19T16:11:24+00:00
SAO_607C-10,São Paulo,3550308,True,,34745,,,-23.6519895,-46.66938625,,,,2,2023-06-19T16:11:06+00:00
SAO_607C-10,São Paulo,3550308,True,,34745,,,-23.6787895,-46.6407645,,,,2,2023-06-19T16:11:37+00:00
SAO_607C-10,São Paulo,3550308,True,,34745,,,-23.6271125,-46.6864165,,,,2,2023-06-19T16:11:36+00:00
SAO_607C-10,São Paulo,3550308,True,,34745,,,-23.6817,-46.6375505,,,,2,2023-06-19T16:11:14+00:00
SAO_607C-10,São Paulo,3550308,True,,34745,,,-23.6639805,-46.660903000000005,,,,2,2023-06-19T16:10:17+00:00
SAO_607C-10,São Paulo,3550308,True,,34745,,,-23.6817,-46.6375505,,,,2,2023-06-19T16:11:19+00:00
SAO_607C-10,São Paulo,3550308,True,,34745,,,-23.5897885,-46.6880525,,,,2,2023-06-19T16:11:39+00:00
SAO_607C-10,São Paulo,3550308,True,,34745,,,-23.5957515,-46.690772499999994,,,,2,2023-06-19T16:11:30+00:00
SAO_574R-10,São Paulo,3550308,True,,1623,,,-23.575851874999998,-46.55160425,,,,1,2023-06-19T16:11:35+00:00
SAO_574R-10,São Paulo,3550308,True,,1623,,,-23.557927499999998,-46.577344499999995,,,,1,2023-06-19T16:11:32+00:00
SAO_574R-10,São Paulo,3550308,True,,1623,,,-23.569699999999997,-46.5672575,,,,1,2023-06-19T16:11:06+00:00
SAO_364A-10,São Paulo,3550308,True,,34014,,,-23.5827495,-46.5677015,,,,2,2023-06-19T16:11:43+00:00
SAO_364A-10,São Paulo,3550308,True,,34014,,,-23.5793815,-46.5025895,,,,2,2023-06-19T16:11:19+00:00
SAO_364A-10,São Paulo,3550308,True,,34014,,,-23.5847285,-46.611627500000004,,,,2,2023-06-19T16:11:26+00:00
SAO_364A-10,São Paulo,3550308,True,,34014,,,-23.581951,-46.5902595,,,,2,2023-06-19T16:11:46+00:00
SAO_364A-10,São Paulo,3550308,True,,34014,,,-23.5847285,-46.611627500000004,,,,2,2023-06-19T16:11:08+00:00
SAO_364A-10,São Paulo,3550308,True,,34014,,,-23.5633995,-46.5007685,,,,2,2023-06-19T16:11:17+00:00
SAO_364A-10,São Paulo,3550308,True,,34014,,,-23.597867,-46.5226035,,,,2,2023-06-19T16:11:19+00:00
SAO_364A-10,São Paulo,3550308,True,,34014,,,-23.5846835,-46.6112045,,,,2,2023-06-19T16:11:17+00:00
SAO_364A-10,São Paulo,3550308,True,,34014,,,-23.5846835,-46.6112045,,,,2,2023-06-19T16:11:35+00:00
SAO_364A-10,São Paulo,3550308,True,,34014,,,-23.605325,-46.5033615,,,,2,2023-06-19T16:11:22+00:00
SAO_9023-10,São Paulo,3550308,True,,34205,,,-23.448099499999998,-46.716244,,,,2,2023-06-19T16:11:14+00:00
SAO_9023-10,São Paulo,3550308,True,,34205,,,-23.455121,-46.714324500000004,,,,2,2023-06-19T16:11:13+00:00
SAO_9023-10,São Paulo,3550308,True,,34205,,,-23.4831475,-46.722691,,,,2,2023-06-19T16:11:00+00:00
SAO_9023-10,São Paulo,3550308,True,,34205,,,-23.423768,-46.713684,,,,2,2023-06-19T16:11:14+00:00
SAO_9023-10,São Paulo,3550308,True,,34205,,,-23.419748,-46.7164855,,,,2,2023-06-19T16:09:28+00:00
SAO_9023-10,São Paulo,3550308,True,,34205,,,-23.4196455,-46.717132,,,,2,2023-06-19T16:11:16+00:00
SAO_9717-10,São Paulo,3550308,True,,33585,,,-23.463628,-46.6811755,,,,2,2023-06-19T16:11:39+00:00
SAO_9717-10,São Paulo,3550308,True,,33585,,,-23.503641,-46.678732499999995,,,,2,2023-06-19T16:11:29+00:00
SAO_9717-10,São Paulo,3550308,True,,33585,,,-23.515390249999996,-46.643559249999996,,,,2,2023-06-19T16:11:18+00:00
SAO_9717-10,São Paulo,3550308,True,,33585,,,-23.4747755,-46.678951,,,,2,2023-06-19T16:11:34+00:00
SAO_106A-10,São Paulo,3550308,True,,516,,,-23.5897785,-46.688258000000005,,,,1,2023-06-19T16:11:07+00:00
SAO_106A-10,São Paulo,3550308,True,,516,,,-23.589232000000003,-46.688066,,,,1,2023-06-19T16:11:13+00:00
SAO_106A-10,São Paulo,3550308,True,,516,,,-23.58963425,-46.688204,,,,1,2023-06-19T16:11:04+00:00
SAO_106A-10,São Paulo,3550308,True,,516,,,-23.592902000000002,-46.689128,,,,1,2023-06-19T16:11:18+00:00
SAO_106A-10,São Paulo,3550308,True,,516,,,-23.589232000000003,-46.688066,,,,1,2023-06-19T16:11:24+00:00
SAO_106A-10,São Paulo,3550308,True,,516,,,-23.502099,-46.62419250000001,,,,1,2023-06-19T16:09:55+00:00
SAO_106A-10,São Paulo,3550308,True,,516,,,-23.514405,-46.63049,,,,1,2023-06-19T16:10:59+00:00
SAO_106A-10,São Paulo,3550308,True,,516,,,-23.502481,-46.6248825,,,,1,2023-06-19T16:11:32+00:00
SAO_106A-10,São Paulo,3550308,True,,516,,,-23.5589985,-46.6541765,,,,1,2023-06-19T16:08:30+00:00
SAO_106A-10,São Paulo,3550308,True,,516,,,-23.584131499999998,-46.67359275,,,,1,2023-06-19T16:11:31+00:00
SAO_106A-10,São Paulo,3550308,True,,516,,,-23.59055825,-46.68854449999999,,,,1,2023-06-19T16:10:59+00:00
SAO_106A-10,São Paulo,3550308,True,,516,,,-23.502099,-46.62419250000001,,,,1,2023-06-19T16:11:16+00:00
SAO_106A-10,São Paulo,3550308,True,,516,,,-23.502099,-46.62419250000001,,,,1,2023-06-19T16:11:07+00:00
SAO_106A-10,São Paulo,3550308,True,,516,,,-23.538346750000002,-46.63473475000001,,,,1,2023-06-19T16:11:24+00:00
SAO_7022-10,São Paulo,3550308,True,,34852,,,-23.674899500000002,-46.748306,,,,2,2023-06-19T16:11:39+00:00
SAO_7022-10,São Paulo,3550308,True,,34852,,,-23.661460500000004,-46.706833,,,,2,2023-06-19T16:11:44+00:00
SAO_7022-10,São Paulo,3550308,True,,34852,,,-23.654007,-46.710475,,,,2,2023-06-19T16:11:40+00:00
SAO_7022-10,São Paulo,3550308,True,,34852,,,-23.6852245,-46.7751985,,,,2,2023-06-19T16:11:25+00:00
SAO_7022-10,São Paulo,3550308,True,,34852,,,-23.670794,-46.772879,,,,2,2023-06-19T16:11:41+00:00
SAO_7022-10,São Paulo,3550308,True,,34852,,,-23.6852245,-46.7751985,,,,2,2023-06-19T16:11:34+00:00
SAO_2762-10,São Paulo,3550308,True,,32912,,,-23.4863175,-46.4767735,,,,2,2023-06-19T16:11:41+00:00
SAO_2762-10,São Paulo,3550308,True,,32912,,,-23.498497999999998,-46.4964245,,,,2,2023-06-19T16:11:18+00:00
SAO_2762-10,São Paulo,3550308,True,,32912,,,-23.531755500000003,-46.55994225,,,,2,2023-06-19T16:11:19+00:00
SAO_2762-10,São Paulo,3550308,True,,32912,,,-23.509022,-46.543881999999996,,,,2,2023-06-19T16:09:33+00:00
SAO_2762-10,São Paulo,3550308,True,,32912,,,-23.495185499999998,-46.508663999999996,,,,2,2023-06-19T16:06:09+00:00
SAO_4005-10,São Paulo,3550308,True,,34947,,,-23.58888925,-46.394664,,,,2,2023-06-19T16:11:18+00:00
SAO_4005-10,São Paulo,3550308,True,,34947,,,-23.58888925,-46.394664,,,,2,2023-06-19T16:11:28+00:00
SAO_746V-10,São Paulo,3550308,True,,33560,,,-23.6436085,-46.7634295,,,,2,2023-06-19T16:11:03+00:00
SAO_746V-10,São Paulo,3550308,True,,33560,,,-23.62274625,-46.754206999999994,,,,2,2023-06-19T16:11:34+00:00
SAO_746V-10,São Paulo,3550308,True,,33560,,,-23.62274625,-46.754206999999994,,,,2,2023-06-19T16:11:40+00:00
SAO_746V-10,São Paulo,3550308,True,,33560,,,-23.636598,-46.764196,,,,2,2023-06-19T16:11:38+00:00
SAO_746V-10,São Paulo,3550308,True,,33560,,,-23.62296475,-46.753889,,,,2,2023-06-19T16:11:43+00:00
SAO_746V-10,São Paulo,3550308,True,,33560,,,-23.625088499999997,-46.74931,,,,2,2023-06-19T16:11:44+00:00
SAO_746V-10,São Paulo,3550308,True,,33560,,,-23.62274625,-46.754206999999994,,,,2,2023-06-19T16:11:17+00:00
SAO_6099-10,São Paulo,3550308,True,,1587,,,-23.73824725,-46.69784775,,,,1,2023-06-19T16:11:07+00:00
SAO_6099-10,São Paulo,3550308,True,,1587,,,-23.742952,-46.7020905,,,,1,2023-06-19T16:11:04+00:00
SAO_6099-10,São Paulo,3550308,True,,1587,,,-23.838961,-46.7375,,,,1,2023-06-19T16:11:07+00:00
SAO_6099-10,São Paulo,3550308,False,,1587,,,-23.7908575,-46.7269395,,,,1,2023-06-19T16:11:25+00:00
SAO_6099-10,São Paulo,3550308,True,,1587,,,-23.736292,-46.696856499999996,,,,1,2023-06-19T16:11:26+00:00
SAO_6020-10,São Paulo,3550308,True,,35223,,,-23.828145,-46.740254,,,,2,2023-06-19T16:11:35+00:00
SAO_6200-10,São Paulo,3550308,True,,33123,,,-23.580382,-46.6791105,,,,2,2023-06-19T16:11:27+00:00
SAO_6200-10,São Paulo,3550308,True,,33123,,,-23.5671645,-46.659251499999996,,,,2,2023-06-19T16:11:24+00:00
SAO_6200-10,São Paulo,3550308,True,,33123,,,-23.573024625000002,-46.665937625,,,,2,2023-06-19T16:11:43+00:00
SAO_6200-10,São Paulo,3550308,True,,33123,,,-23.597437499999998,-46.6972935,,,,2,2023-06-19T16:11:04+00:00
SAO_6200-10,São Paulo,3550308,True,,33123,,,-23.549384500000002,-46.6394535,,,,2,2023-06-19T16:11:23+00:00
SAO_6200-10,São Paulo,3550308,True,,33123,,,-23.61394075,-46.70106375,,,,2,2023-06-19T16:11:07+00:00
SAO_6200-10,São Paulo,3550308,True,,33123,,,-23.654935000000002,-46.715513625,,,,2,2023-06-19T16:11:21+00:00
SAO_6200-10,São Paulo,3550308,True,,33123,,,-23.5509225,-46.64522875,,,,2,2023-06-19T16:11:38+00:00
SAO_6200-10,São Paulo,3550308,True,,33123,,,-23.652508249999997,-46.717436625000005,,,,2,2023-06-19T16:11:32+00:00
SAO_5024-31,São Paulo,3550308,True,,33891,,,-23.689408999999998,-46.6492585,,,,2,2023-06-19T16:11:07+00:00
SAO_5024-31,São Paulo,3550308,True,,33891,,,-23.6814385,-46.6826035,,,,2,2023-06-19T16:11:15+00:00
SAO_5024-31,São Paulo,3550308,True,,33891,,,-23.689080750000002,-46.64931275,,,,2,2023-06-19T16:11:12+00:00
SAO_5024-31,São Paulo,3550308,True,,33891,,,-23.656916250000002,-46.701055499999995,,,,2,2023-06-19T16:11:38+00:00
SAO_5024-31,São Paulo,3550308,True,,33891,,,-23.689408999999998,-46.6492585,,,,2,2023-06-19T16:11:31+00:00
SAO_5024-31,São Paulo,3550308,True,,33891,,,-23.6849505,-46.680904,,,,2,2023-06-19T16:11:31+00:00
SAO_1764-10,São Paulo,3550308,True,,33393,,,-23.499056500000002,-46.622307625000005,,,,2,2023-06-19T16:11:38+00:00
SAO_1764-10,São Paulo,3550308,True,,33393,,,-23.4257975,-46.581669500000004,,,,2,2023-06-19T16:11:42+00:00
SAO_1764-10,São Paulo,3550308,True,,33393,,,-23.4371915,-46.5857755,,,,2,2023-06-19T16:11:16+00:00
SAO_1764-10,São Paulo,3550308,True,,33393,,,-23.4259,-46.581689,,,,2,2023-06-19T16:11:16+00:00
SAO_1764-10,São Paulo,3550308,True,,33393,,,-23.47643875,-46.611113,,,,2,2023-06-19T16:09:07+00:00
SAO_1764-10,São Paulo,3550308,True,,33393,,,-23.502574,-46.624022999999994,,,,2,2023-06-19T16:11:19+00:00
SAO_9785-10,São Paulo,3550308,True,,33596,,,-23.456933,-46.69915625,,,,2,2023-06-19T16:11:36+00:00
SAO_9785-10,São Paulo,3550308,True,,33596,,,-23.507419499999997,-46.68349550000001,,,,2,2023-06-19T16:11:32+00:00
SAO_9785-10,São Paulo,3550308,True,,33596,,,-23.456477,-46.699,,,,2,2023-06-19T16:11:08+00:00
SAO_9785-10,São Paulo,3550308,True,,33596,,,-23.46561125,-46.69959325000001,,,,2,2023-06-19T16:11:35+00:00
SAO_9785-10,São Paulo,3550308,True,,33596,,,-23.529419,-46.676982,,,,2,2023-06-19T16:11:35+00:00
SAO_9785-10,São Paulo,3550308,True,,33596,,,-23.456933,-46.69915625,,,,2,2023-06-19T16:11:20+00:00
SAO_9785-10,São Paulo,3550308,True,,33596,,,-23.4566515,-46.6990195,,,,2,2023-06-19T16:11:26+00:00
SAO_9785-10,São Paulo,3550308,True,,33596,,,-23.456477,-46.699,,,,2,2023-06-19T16:11:19+00:00
SAO_9785-10,São Paulo,3550308,True,,33596,,,-23.497118,-46.692923500000006,,,,2,2023-06-19T16:11:06+00:00
SAO_807J-10,São Paulo,3550308,True,,2058,,,-23.631701,-46.7721875,,,,1,2023-06-19T16:11:37+00:00
SAO_807J-10,São Paulo,3550308,True,,2058,,,-23.631701,-46.7721875,,,,1,2023-06-19T16:11:06+00:00
SAO_807J-10,São Paulo,3550308,True,,2058,,,-23.6187395,-46.699713,,,,1,2023-06-19T16:11:05+00:00
SAO_807J-10,São Paulo,3550308,True,,2058,,,-23.601592,-46.713787499999995,,,,1,2023-06-19T16:11:27+00:00
SAO_807J-10,São Paulo,3550308,True,,2058,,,-23.615413,-46.7424195,,,,1,2023-06-19T16:11:33+00:00
SAO_273X-10,São Paulo,3550308,True,,33160,,,-23.4948075,-46.405891,,,,2,2023-06-19T16:11:42+00:00
SAO_273X-10,São Paulo,3550308,True,,33160,,,-23.4984715,-46.3865885,,,,2,2023-06-19T16:11:26+00:00
SAO_273X-10,São Paulo,3550308,True,,33160,,,-23.497997624999996,-46.376735124999996,,,,2,2023-06-19T16:11:44+00:00
SAO_273X-10,São Paulo,3550308,True,,33160,,,-23.497790875,-46.376857375,,,,2,2023-06-19T16:11:23+00:00
SAO_273X-10,São Paulo,3550308,True,,33160,,,-23.498095375,-46.396919249999996,,,,2,2023-06-19T16:11:26+00:00
SAO_273X-10,São Paulo,3550308,True,,33160,,,-23.521725375,-46.4754291875,,,,2,2023-06-19T16:11:34+00:00
SAO_273X-10,São Paulo,3550308,True,,33160,,,-23.497954749999998,-46.386880625,,,,2,2023-06-19T16:11:30+00:00
SAO_273X-10,São Paulo,3550308,True,,33160,,,-23.497790875,-46.376857375,,,,2,2023-06-19T16:11:40+00:00
SAO_273X-10,São Paulo,3550308,True,,33160,,,-23.494115,-46.43924975,,,,2,2023-06-19T16:07:54+00:00
SAO_273X-10,São Paulo,3550308,True,,33160,,,-23.497997624999996,-46.376735124999996,,,,2,2023-06-19T16:11:14+00:00
SAO_273X-10,São Paulo,3550308,True,,33160,,,-23.4978245,-46.4546705,,,,2,2023-06-19T16:11:31+00:00
SAO_273X-10,São Paulo,3550308,True,,33160,,,-23.538405500000003,-46.47895475,,,,2,2023-06-19T16:09:34+00:00
SAO_9500-10,São Paulo,3550308,True,EMTU,461,https://moovitapp.com/index/pt-br/transporte_p%C3%BAblico-line-461-Sao_Paulo-242-2038937-36419501-0,5.1,-23.507021,-46.672070500000004,,,,1,2023-06-19T16:11:00+00:00
SAO_9500-10,São Paulo,3550308,True,EMTU,461,https://moovitapp.com/index/pt-br/transporte_p%C3%BAblico-line-461-Sao_Paulo-242-2038937-36419501-0,5.1,-23.532875625000003,-46.6451405,,,,1,2023-06-19T16:11:33+00:00
SAO_9500-10,São Paulo,3550308,True,EMTU,461,https://moovitapp.com/index/pt-br/transporte_p%C3%BAblico-line-461-Sao_Paulo-242-2038937-36419501-0,5.1,-23.542927,-46.6365225,,,,1,2023-06-19T16:11:28+00:00
SAO_9500-10,São Paulo,3550308,True,EMTU,461,https://moovitapp.com/index/pt-br/transporte_p%C3%BAblico-line-461-Sao_Paulo-242-2038937-36419501-0,5.1,-23.4816705,-46.6731425,,,,1,2023-06-19T16:10:54+00:00
SAO_8705-10,São Paulo,3550308,True,,34840,,,-23.547899,-46.6492035,,,,2,2023-06-19T16:11:21+00:00
SAO_8705-10,São Paulo,3550308,True,,34840,,,-23.57028475,-46.74066549999999,,,,2,2023-06-19T16:11:40+00:00
SAO_8705-10,São Paulo,3550308,True,,34840,,,-23.543258,-46.638545,,,,2,2023-06-19T16:11:38+00:00
SAO_8705-10,São Paulo,3550308,True,,34840,,,-23.563714,-46.7459615,,,,2,2023-06-19T16:11:27+00:00
SAO_746R-10,São Paulo,3550308,True,,33558,,,-23.613583499999997,-46.697348000000005,,,,2,2023-06-19T16:11:28+00:00
SAO_746R-10,São Paulo,3550308,True,,33558,,,-23.654038,-46.708869500000006,,,,2,2023-06-19T16:11:41+00:00
SAO_746R-10,São Paulo,3550308,True,,33558,,,-23.610552,-46.705908,,,,2,2023-06-19T16:11:21+00:00
SAO_746R-10,São Paulo,3550308,True,,33558,,,-23.612911000000004,-46.70342600000001,,,,2,2023-06-19T16:11:39+00:00
SAO_746R-10,São Paulo,3550308,True,,33558,,,-23.6099065,-46.7053325,,,,2,2023-06-19T16:11:01+00:00
SAO_6118-10,São Paulo,3550308,True,,1188,,,-23.67395575,-46.709228249999995,,,,1,2023-06-19T16:11:37+00:00
SAO_6118-10,São Paulo,3550308,True,,1188,,,-23.690565,-46.701522999999995,,,,1,2023-06-19T16:11:44+00:00
SAO_6118-10,São Paulo,3550308,True,,1188,,,-23.723731,-46.7095015,,,,1,2023-06-19T16:11:27+00:00
SAO_6118-10,São Paulo,3550308,True,,1188,,,-23.74605025,-46.70415075,,,,1,2023-06-19T16:11:08+00:00
SAO_6118-10,São Paulo,3550308,True,,1188,,,-23.752625000000002,-46.7028335,,,,1,2023-06-19T16:11:40+00:00
SAO_8001-10,São Paulo,3550308,True,,1251,,,-23.51443425,-46.714389499999996,,,,1,2023-06-19T16:11:06+00:00
SAO_8215-10,São Paulo,3550308,True,,574,,,-23.4802955,-46.691615999999996,,,,1,2023-06-19T16:11:09+00:00
SAO_8215-10,São Paulo,3550308,True,,574,,,-23.461478,-46.7084365,,,,1,2023-06-19T16:11:28+00:00
SAO_8215-10,São Paulo,3550308,True,,574,,,-23.543011,-46.637326,,,,1,2023-06-19T16:11:44+00:00
SAO_8215-10,São Paulo,3550308,True,,574,,,-23.541013,-46.648037,,,,1,2023-06-19T16:11:10+00:00
SAO_8215-10,São Paulo,3550308,True,,574,,,-23.507158750000002,-46.67135625,,,,1,2023-06-19T16:11:01+00:00
SAO_8215-10,São Paulo,3550308,True,,574,,,-23.461478,-46.7084365,,,,1,2023-06-19T16:11:14+00:00
SAO_407I-10,São Paulo,3550308,True,,2222,,,-23.537256,-46.560222499999995,,,,1,2023-06-19T16:10:15+00:00
SAO_407I-10,São Paulo,3550308,True,,2222,,,-23.549781000000003,-46.5010275,,,,1,2023-06-19T16:11:19+00:00
SAO_8677-10,São Paulo,3550308,True,EMTU,443,https://moovitapp.com/index/pt-br/transporte_p%C3%BAblico-line-443-Sao_Paulo-242-2038937-36419491-0,5.4,-23.484228,-46.74337,,,,1,2023-06-19T16:11:11+00:00
SAO_8677-10,São Paulo,3550308,True,EMTU,443,https://moovitapp.com/index/pt-br/transporte_p%C3%BAblico-line-443-Sao_Paulo-242-2038937-36419491-0,5.4,-23.491410625,-46.759131499999995,,,,1,2023-06-19T16:10:42+00:00
SAO_8677-10,São Paulo,3550308,True,EMTU,443,https://moovitapp.com/index/pt-br/transporte_p%C3%BAblico-line-443-Sao_Paulo-242-2038937-36419491-0,5.4,-23.5247175,-46.707841125,,,,1,2023-06-19T16:11:36+00:00
SAO_8677-10,São Paulo,3550308,True,EMTU,443,https://moovitapp.com/index/pt-br/transporte_p%C3%BAblico-line-443-Sao_Paulo-242-2038937-36419491-0,5.4,-23.535463749999998,-46.652741,,,,1,2023-06-19T16:11:34+00:00
SAO_6014-10,São Paulo,3550308,True,,188,,,-23.667816000000002,-46.7312965,,,,1,2023-06-19T16:11:13+00:00
SAO_6014-10,São Paulo,3550308,True,,188,,,-23.654,-46.7111995,,,,1,2023-06-19T16:11:39+00:00
SAO_6014-10,São Paulo,3550308,True,,188,,,-23.73209225,-46.79200625,,,,1,2023-06-19T16:09:19+00:00
SAO_6014-10,São Paulo,3550308,True,,188,,,-23.7420645,-46.8001675,,,,1,2023-06-19T16:11:27+00:00
SAO_6014-10,São Paulo,3550308,True,,188,,,-23.691622000000002,-46.775622999999996,,,,1,2023-06-19T16:11:09+00:00
SAO_6014-10,São Paulo,3550308,True,,188,,,-23.7420645,-46.8001675,,,,1,2023-06-19T16:11:19+00:00
SAO_4008-10,São Paulo,3550308,True,,34950,,,-23.572688749999998,-46.5057905,,,,2,2023-06-19T16:11:33+00:00
SAO_4008-10,São Paulo,3550308,True,,34950,,,-23.577315,-46.4375005,,,,2,2023-06-19T16:11:14+00:00
SAO_4008-10,São Paulo,3550308,True,,34950,,,-23.576923999999998,-46.437244,,,,2,2023-06-19T16:09:56+00:00
SAO_4008-10,São Paulo,3550308,True,,34950,,,-23.577126999999997,-46.43735,,,,2,2023-06-19T16:11:42+00:00
SAO_373L-10,São Paulo,3550308,True,,1027,,,-23.6224955,-46.4141075,,,,1,2023-06-19T16:11:36+00:00
SAO_373L-10,São Paulo,3550308,True,,1027,,,-23.615178999999998,-46.423012,,,,1,2023-06-19T16:09:46+00:00
SAO_373L-10,São Paulo,3550308,True,,1027,,,-23.542333999999997,-46.470445999999995,,,,1,2023-06-19T16:09:56+00:00
SAO_373L-10,São Paulo,3550308,True,,1027,,,-23.5740275,-46.4453305,,,,1,2023-06-19T16:11:39+00:00
SAO_3778-10,São Paulo,3550308,True,,1062,,,-23.569554,-46.486423,,,,1,2023-06-19T16:11:35+00:00
SAO_3778-10,São Paulo,3550308,True,,1062,,,-23.538515,-46.56404,,,,1,2023-06-19T16:11:23+00:00
SAO_3778-10,São Paulo,3550308,True,,1062,,,-23.569554,-46.486423,,,,1,2023-06-19T16:11:03+00:00
SAO_3778-10,São Paulo,3550308,True,,1062,,,-23.5701655,-46.489796,,,,1,2023-06-19T16:11:20+00:00
SAO_3778-10,São Paulo,3550308,True,,1062,,,-23.574871,-46.4956905,,,,1,2023-06-19T16:11:42+00:00
SAO_3778-10,São Paulo,3550308,True,,1062,,,-23.547271000000002,-46.540456875000004,,,,1,2023-06-19T16:11:41+00:00
SAO_3778-10,São Paulo,3550308,True,,1062,,,-23.570831,-46.506951875,,,,1,2023-06-19T16:11:38+00:00
SAO_3778-10,São Paulo,3550308,True,,1062,,,-23.541242,-46.549708499999994,,,,1,2023-06-19T16:11:32+00:00
SAO_407I-10,São Paulo,3550308,True,,34990,,,-23.5431125,-46.48502825,,,,2,2023-06-19T16:11:19+00:00
SAO_407I-10,São Paulo,3550308,True,,34990,,,-23.5458705,-46.47827675,,,,2,2023-06-19T16:11:25+00:00
SAO_407I-10,São Paulo,3550308,True,,34990,,,-23.5468295,-46.6062595,,,,2,2023-06-19T16:11:03+00:00
SAO_407I-10,São Paulo,3550308,True,,34990,,,-23.554398,-46.518049000000005,,,,2,2023-06-19T16:11:40+00:00
SAO_407I-10,São Paulo,3550308,True,,34990,,,-23.5433355,-46.48539675000001,,,,2,2023-06-19T16:11:23+00:00
SAO_407I-10,São Paulo,3550308,True,,34990,,,-23.5433355,-46.48539675000001,,,,2,2023-06-19T16:11:35+00:00
SAO_6010-10,São Paulo,3550308,True,,1202,,,-23.686721499999997,-46.796303249999994,,,,1,2023-06-19T16:11:14+00:00
SAO_6010-10,São Paulo,3550308,True,,1202,,,-23.662126,-46.7494965,,,,1,2023-06-19T16:11:24+00:00
SAO_6010-10,São Paulo,3550308,True,,1202,,,-23.659836,-46.7703075,,,,1,2023-06-19T16:11:01+00:00
SAO_6010-10,São Paulo,3550308,False,,1202,,,-23.693805,-46.7944445,,,,1,2023-06-19T16:11:01+00:00
SAO_6010-10,São Paulo,3550308,True,,1202,,,-23.6693005,-46.7412455,,,,1,2023-06-19T16:11:02+00:00
SAO_6010-10,São Paulo,3550308,True,,1202,,,-23.67144475,-46.75788299999999,,,,1,2023-06-19T16:11:02+00:00
SAO_1701-21,São Paulo,3550308,True,,2476,,,-23.447538,-46.576252999999994,,,,1,2023-06-19T16:09:22+00:00
SAO_1701-21,São Paulo,3550308,True,,2476,,,-23.447538,-46.576252999999994,,,,1,2023-06-19T16:11:34+00:00
SAO_1701-21,São Paulo,3550308,True,,2476,,,-23.449399,-46.574034999999995,,,,1,2023-06-19T16:08:58+00:00
SAO_1023-10,São Paulo,3550308,True,,35327,,,-23.4838895,-46.722545499999995,,,,2,2023-06-19T16:11:29+00:00
SAO_6071-10,São Paulo,3550308,True,,33924,,,-23.71901475,-46.67920225,,,,2,2023-06-19T16:11:10+00:00
SAO_6071-10,São Paulo,3550308,True,,33924,,,-23.72222325,-46.68881025,,,,2,2023-06-19T16:11:32+00:00
SAO_6071-10,São Paulo,3550308,True,,33924,,,-23.69541,-46.700540000000004,,,,2,2023-06-19T16:11:11+00:00
SAO_6071-10,São Paulo,3550308,True,,33924,,,-23.706284500000002,-46.6871115,,,,2,2023-06-19T16:11:24+00:00
SAO_6071-10,São Paulo,3550308,True,,33924,,,-23.657572,-46.701373875,,,,2,2023-06-19T16:11:42+00:00
SAO_4742-10,São Paulo,3550308,True,EMTU,342,https://moovitapp.com/index/pt-br/transporte_p%C3%BAblico-line-342-Sao_Paulo-242-2038937-36419426-0,7.55,-23.638104,-46.6087755,,,,1,2023-06-19T16:11:39+00:00
SAO_4742-10,São Paulo,3550308,True,EMTU,342,https://moovitapp.com/index/pt-br/transporte_p%C3%BAblico-line-342-Sao_Paulo-242-2038937-36419426-0,7.55,-23.6272735,-46.6286935,,,,1,2023-06-19T16:11:36+00:00
SAO_4742-10,São Paulo,3550308,True,EMTU,342,https://moovitapp.com/index/pt-br/transporte_p%C3%BAblico-line-342-Sao_Paulo-242-2038937-36419426-0,7.55,-23.638104,-46.6087755,,,,1,2023-06-19T16:11:10+00:00
SAO_4742-10,São Paulo,3550308,True,EMTU,342,https://moovitapp.com/index/pt-br/transporte_p%C3%BAblico-line-342-Sao_Paulo-242-2038937-36419426-0,7.55,-23.638104,-46.6087755,,,,1,2023-06-19T16:11:21+00:00
SAO_2021-10,São Paulo,3550308,True,,906,,,-23.5444625,-46.3895285,,,,1,2023-06-19T16:10:56+00:00
SAO_2021-10,São Paulo,3550308,True,,906,,,-23.5443145,-46.389241999999996,,,,1,2023-06-19T16:09:03+00:00
SAO_2021-10,São Paulo,3550308,True,,906,,,-23.544384,-46.389341,,,,1,2023-06-19T16:11:08+00:00
SAO_2021-10,São Paulo,3550308,True,,906,,,-23.5361205,-46.39729,,,,1,2023-06-19T16:10:49+00:00
SAO_2021-10,São Paulo,3550308,True,,906,,,-23.541898500000002,-46.4154965,,,,1,2023-06-19T16:10:57+00:00
SAO_7005-10,São Paulo,3550308,True,,1998,,,-23.7357845,-46.781035,,,,1,2023-06-19T16:11:05+00:00
SAO_7005-10,São Paulo,3550308,True,,1998,,,-23.7368285,-46.776495999999995,,,,1,2023-06-19T16:11:44+00:00
SAO_7005-10,São Paulo,3550308,True,,1998,,,-23.692511000000003,-46.7778525,,,,1,2023-06-19T16:11:08+00:00
SAO_2718-10,São Paulo,3550308,True,,931,,,-23.4969215,-46.506629000000004,,,,1,2023-06-19T16:11:35+00:00
SAO_2718-10,São Paulo,3550308,True,,931,,,-23.4930065,-46.4991965,,,,1,2023-06-19T16:11:06+00:00
SAO_2718-10,São Paulo,3550308,True,,931,,,-23.4930065,-46.4991965,,,,1,2023-06-19T16:05:48+00:00
SAO_2718-10,São Paulo,3550308,True,,931,,,-23.525821999999998,-46.548818499999996,,,,1,2023-06-19T16:11:16+00:00
SAO_2718-10,São Paulo,3550308,True,,931,,,-23.499236,-46.5217895,,,,1,2023-06-19T16:11:39+00:00
SAO_2718-10,São Paulo,3550308,True,,931,,,-23.50917325,-46.54861075,,,,1,2023-06-19T16:11:21+00:00
SAO_8075-10,São Paulo,3550308,True,,2044,,,-23.5871725,-46.7256855,,,,1,2023-06-19T16:11:32+00:00
SAO_8075-10,São Paulo,3550308,True,,2044,,,-23.5724335,-46.709694999999996,,,,1,2023-06-19T16:11:22+00:00
SAO_8075-10,São Paulo,3550308,True,,2044,,,-23.629269,-46.769253500000005,,,,1,2023-06-19T16:11:14+00:00
SAO_8610-10,São Paulo,3550308,True,,2063,,,-23.549349499999998,-46.640436,,,,1,2023-06-19T16:11:44+00:00
SAO_8610-10,São Paulo,3550308,True,,2063,,,-23.57172775,-46.69049175,,,,1,2023-06-19T16:11:43+00:00
SAO_8610-10,São Paulo,3550308,True,,2063,,,-23.549994499999997,-46.639990499999996,,,,1,2023-06-19T16:11:39+00:00
SAO_8610-10,São Paulo,3550308,True,,2063,,,-23.586585499999998,-46.7577305,,,,1,2023-06-19T16:11:12+00:00
SAO_5757-51,São Paulo,3550308,True,,1976,,,-23.6368035,-46.641181,,,,1,2023-06-19T16:11:14+00:00
SAO_5757-51,São Paulo,3550308,True,,1976,,,-23.65559925,-46.648107,,,,1,2023-06-19T16:11:40+00:00
SAO_5757-51,São Paulo,3550308,True,,1976,,,-23.6947445,-46.64808025,,,,1,2023-06-19T16:11:29+00:00
SAO_5757-51,São Paulo,3550308,True,,1976,,,-23.6849845,-46.633231,,,,1,2023-06-19T16:11:16+00:00
SAO_5757-51,São Paulo,3550308,True,,1976,,,-23.7079895,-46.641386499999996,,,,1,2023-06-19T16:11:03+00:00
SAO_5757-51,São Paulo,3550308,True,,1976,,,-23.676444,-46.6418475,,,,1,2023-06-19T16:11:38+00:00
SAO_6053-10,São Paulo,3550308,True,,1145,,,-23.767393,-46.661660999999995,,,,1,2023-06-19T16:11:34+00:00
SAO_6053-10,São Paulo,3550308,True,,1145,,,-23.7542595,-46.680344,,,,1,2023-06-19T16:11:07+00:00
SAO_2733-10,São Paulo,3550308,True,,948,,,-23.5434505,-46.4634435,,,,1,2023-06-19T16:11:27+00:00
SAO_2733-10,São Paulo,3550308,True,,948,,,-23.525925,-46.454419,,,,1,2023-06-19T16:11:13+00:00
SAO_2733-10,São Paulo,3550308,True,,948,,,-23.521162750000002,-46.463879000000006,,,,1,2023-06-19T16:11:24+00:00
SAO_3751-10,São Paulo,3550308,True,,1047,,,-23.569356,-46.4108985,,,,1,2023-06-19T16:11:15+00:00
SAO_3751-10,São Paulo,3550308,True,,1047,,,-23.5654685,-46.415849,,,,1,2023-06-19T16:11:26+00:00
SAO_3751-10,São Paulo,3550308,True,,1047,,,-23.55217425,-46.43152,,,,1,2023-06-19T16:11:26+00:00
SAO_3751-10,São Paulo,3550308,True,,1047,,,-23.551946,-46.444315,,,,1,2023-06-19T16:11:02+00:00
SAO_3751-10,São Paulo,3550308,True,,1047,,,-23.542298,-46.4702415,,,,1,2023-06-19T16:11:04+00:00
SAO_3462-10,São Paulo,3550308,True,EMTU,247,https://moovitapp.com/index/pt-br/transporte_p%C3%BAblico-line-247-Sao_Paulo-242-2038937-36419359-0,6.55,-23.534605499999998,-46.54718475,,,,1,2023-06-19T16:11:40+00:00
SAO_2175-10,São Paulo,3550308,True,,33465,,,-23.498844750000004,-46.57073425,,,,2,2023-06-19T16:11:10+00:00
SAO_2175-10,São Paulo,3550308,True,,33465,,,-23.4740875,-46.566756999999996,,,,2,2023-06-19T16:11:10+00:00
SAO_2175-10,São Paulo,3550308,True,,33465,,,-23.538454,-46.60306799999999,,,,2,2023-06-19T16:11:25+00:00
SAO_2175-10,São Paulo,3550308,True,,33465,,,-23.474421999999997,-46.567463000000004,,,,2,2023-06-19T16:11:13+00:00
SAO_7022-10,São Paulo,3550308,True,,2084,,,-23.685164,-46.7745015,,,,1,2023-06-19T16:11:12+00:00
SAO_7022-10,São Paulo,3550308,True,,2084,,,-23.659002,-46.705525,,,,1,2023-06-19T16:11:23+00:00
SAO_7022-10,São Paulo,3550308,True,,2084,,,-23.674953,-46.748163,,,,1,2023-06-19T16:11:43+00:00
SAO_2709-31,São Paulo,3550308,True,,33691,,,-23.529587499999998,-46.5004265,,,,2,2023-06-19T16:11:12+00:00
SAO_2709-31,São Paulo,3550308,True,,33691,,,-23.5296685,-46.500479,,,,2,2023-06-19T16:11:20+00:00
SAO_6003-21,São Paulo,3550308,True,,2576,,,-23.766613,-46.71643,,,,1,2023-06-19T16:10:21+00:00
SAO_6003-21,São Paulo,3550308,True,,2576,,,-23.766613,-46.71643,,,,1,2023-06-19T16:11:14+00:00
SAO_1732-10,São Paulo,3550308,True,,671,,,-23.537359375,-46.649573875,,,,1,2023-06-19T16:11:08+00:00
SAO_1732-10,São Paulo,3550308,True,,671,,,-23.486880499999998,-46.606446125000005,,,,1,2023-06-19T16:10:07+00:00
SAO_1732-10,São Paulo,3550308,True,,671,,,-23.487852,-46.5743735,,,,1,2023-06-19T16:11:26+00:00
SAO_1732-10,São Paulo,3550308,True,,671,,,-23.540057,-46.648011,,,,1,2023-06-19T16:11:27+00:00
SAO_1732-10,São Paulo,3550308,True,,671,,,-23.499875499999998,-46.62425675,,,,1,2023-06-19T16:11:21+00:00
SAO_3161-10,São Paulo,3550308,True,,1084,,,-23.575732625,-46.55195675,,,,1,2023-06-19T16:11:20+00:00
SAO_3161-10,São Paulo,3550308,True,,1084,,,-23.54620025,-46.63007,,,,1,2023-06-19T16:11:08+00:00
SAO_3161-10,São Paulo,3550308,True,,1084,,,-23.561632625,-46.593946624999994,,,,1,2023-06-19T16:11:07+00:00
SAO_3161-10,São Paulo,3550308,True,,1084,,,-23.54645675,-46.629903999999996,,,,1,2023-06-19T16:11:03+00:00
SAO_7006-10,São Paulo,3550308,True,,34763,,,-23.750601,-46.777545,,,,2,2023-06-19T16:11:31+00:00
SAO_7006-10,São Paulo,3550308,True,,34763,,,-23.750601,-46.777545,,,,2,2023-06-19T16:11:32+00:00
SAO_7006-10,São Paulo,3550308,True,,34763,,,-23.6922445,-46.7772405,,,,2,2023-06-19T16:11:10+00:00
SAO_7006-10,São Paulo,3550308,True,,34763,,,-23.750601,-46.777545,,,,2,2023-06-19T16:11:33+00:00
SAO_7006-10,São Paulo,3550308,True,,34763,,,-23.683645,-46.769521499999996,,,,2,2023-06-19T16:11:31+00:00
SAO_7006-10,São Paulo,3550308,True,,34763,,,-23.734135000000002,-46.78213,,,,2,2023-06-19T16:11:07+00:00
SAO_7006-10,São Paulo,3550308,True,,34763,,,-23.750601,-46.777545,,,,2,2023-06-19T16:11:36+00:00
SAO_5013-31,São Paulo,3550308,True,,35004,,,-23.6812385,-46.633822499999994,,,,2,2023-06-19T16:11:20+00:00
SAO_5013-31,São Paulo,3550308,True,,35004,,,-23.671075000000002,-46.668807,,,,2,2023-06-19T16:11:42+00:00
SAO_5013-31,São Paulo,3550308,True,,35004,,,-23.674552,-46.6621905,,,,2,2023-06-19T16:11:36+00:00
SAO_5013-31,São Paulo,3550308,True,,35004,,,-23.663834,-46.6913885,,,,2,2023-06-19T16:11:20+00:00
SAO_4288-10,São Paulo,3550308,True,Cidade de Caieiras,290,https://moovitapp.com/index/pt-br/transporte_p%C3%BAblico-line-290-Sao_Paulo-242-868761-496416-0,5.0,-23.611570999999998,-46.5192775,,,,1,2023-06-19T16:11:40+00:00
SAO_4288-10,São Paulo,3550308,True,Cidade de Caieiras,290,https://moovitapp.com/index/pt-br/transporte_p%C3%BAblico-line-290-Sao_Paulo-242-868761-496416-0,5.0,-23.546985,-46.629763999999994,,,,1,2023-06-19T16:11:00+00:00
SAO_4024-10,São Paulo,3550308,True,,34926,,,-23.551963,-46.445080000000004,,,,2,2023-06-19T16:11:01+00:00
SAO_4024-10,São Paulo,3550308,True,,34926,,,-23.535647375000003,-46.450593624999996,,,,2,2023-06-19T16:11:34+00:00
SAO_4024-10,São Paulo,3550308,True,,34926,,,-23.535262,-46.4540945,,,,2,2023-06-19T16:11:12+00:00
SAO_4024-10,São Paulo,3550308,True,,34926,,,-23.556653500000003,-46.422925625,,,,2,2023-06-19T16:11:00+00:00
SAO_4024-10,São Paulo,3550308,True,,34926,,,-23.56716,-46.424485,,,,2,2023-06-19T16:11:08+00:00
SAO_8020-10,São Paulo,3550308,True,,1726,,,-23.61700575,-46.709874125,,,,1,2023-06-19T16:11:01+00:00
SAO_6291-10,São Paulo,3550308,True,,33126,,,-23.62407125,-46.716729,,,,2,2023-06-19T16:11:34+00:00
SAO_6291-10,São Paulo,3550308,True,,33126,,,-23.646013,-46.755566,,,,2,2023-06-19T16:11:32+00:00
SAO_6291-10,São Paulo,3550308,True,,33126,,,-23.6437025,-46.7766245,,,,2,2023-06-19T16:11:39+00:00
SAO_6291-10,São Paulo,3550308,True,,33126,,,-23.646195499999997,-46.7733525,,,,2,2023-06-19T16:11:06+00:00
SAO_6291-10,São Paulo,3550308,True,,33126,,,-23.567678875000002,-46.659757,,,,2,2023-06-19T16:11:34+00:00
SAO_6291-10,São Paulo,3550308,True,,33126,,,-23.60358225,-46.7122065,,,,2,2023-06-19T16:11:39+00:00
SAO_6291-10,São Paulo,3550308,True,,33126,,,-23.580382,-46.6791105,,,,2,2023-06-19T16:11:35+00:00
SAO_6291-10,São Paulo,3550308,True,,33126,,,-23.64391925,-46.776720749999996,,,,2,2023-06-19T16:11:05+00:00
SAO_2058-10,São Paulo,3550308,True,,33027,,,-23.491640500000003,-46.434661,,,,2,2023-06-19T16:11:13+00:00
SAO_2058-10,São Paulo,3550308,True,,33027,,,-23.491646000000003,-46.434507499999995,,,,2,2023-06-19T16:11:18+00:00
SAO_2058-10,São Paulo,3550308,True,,33027,,,-23.491623500000003,-46.4352035,,,,2,2023-06-19T16:09:19+00:00
SAO_6007-10,São Paulo,3550308,True,,32944,,,-23.6550385,-46.761806,,,,2,2023-06-19T16:11:05+00:00
SAO_6007-10,São Paulo,3550308,True,,32944,,,-23.654101,-46.763310000000004,,,,2,2023-06-19T16:11:04+00:00
SAO_6007-10,São Paulo,3550308,True,,32944,,,-23.6459005,-46.730048,,,,2,2023-06-19T16:11:16+00:00
SAO_6007-10,São Paulo,3550308,True,,32944,,,-23.663710000000002,-46.728337499999995,,,,2,2023-06-19T16:11:25+00:00
SAO_6007-10,São Paulo,3550308,True,,32944,,,-23.6541735,-46.763611,,,,2,2023-06-19T16:11:42+00:00
SAO_6007-10,São Paulo,3550308,True,,32944,,,-23.6618995,-46.7565395,,,,2,2023-06-19T16:11:42+00:00
SAO_6007-10,São Paulo,3550308,True,,32944,,,-23.672076,-46.7526925,,,,2,2023-06-19T16:11:25+00:00
SAO_719P-10,São Paulo,3550308,True,,34140,,,-23.535651625,-46.64792575,,,,2,2023-06-19T16:11:19+00:00
SAO_719P-10,São Paulo,3550308,True,,34140,,,-23.56223575,-46.689339249999996,,,,2,2023-06-19T16:11:27+00:00
SAO_719P-10,São Paulo,3550308,True,,34140,,,-23.56555875,-46.7010795,,,,2,2023-06-19T16:11:17+00:00
SAO_9012-10,São Paulo,3550308,True,,1268,,,-23.4863115,-46.692451500000004,,,,1,2023-06-19T16:11:30+00:00
SAO_9012-10,São Paulo,3550308,True,,1268,,,-23.4661715,-46.682623,,,,1,2023-06-19T16:11:38+00:00
SAO_3741-10,São Paulo,3550308,True,,33809,,,-23.556255999999998,-46.460592500000004,,,,2,2023-06-19T16:11:37+00:00
SAO_3741-10,São Paulo,3550308,True,,33809,,,-23.5425125,-46.4488915,,,,2,2023-06-19T16:11:45+00:00
SAO_3741-10,São Paulo,3550308,True,,33809,,,-23.54970575,-46.449575875,,,,2,2023-06-19T16:11:43+00:00
SAO_3741-10,São Paulo,3550308,True,,33809,,,-23.562614,-46.4560775,,,,2,2023-06-19T16:11:42+00:00
SAO_3741-10,São Paulo,3550308,True,,33809,,,-23.5443405,-46.4653265,,,,2,2023-06-19T16:11:36+00:00
SAO_3743-10,São Paulo,3550308,True,,33811,,,-23.609576250000003,-46.4755425,,,,2,2023-06-19T16:11:34+00:00
SAO_3743-10,São Paulo,3550308,True,,33811,,,-23.542998,-46.4711105,,,,2,2023-06-19T16:11:01+00:00
SAO_3743-10,São Paulo,3550308,True,,33811,,,-23.60136275,-46.483574250000004,,,,2,2023-06-19T16:11:09+00:00
SAO_3743-10,São Paulo,3550308,True,,33811,,,-23.60961675,-46.4759715,,,,2,2023-06-19T16:11:21+00:00
SAO_695T-10,São Paulo,3550308,True,,1322,,,-23.615705000000002,-46.67351599999999,,,,1,2023-06-19T16:11:14+00:00
SAO_695T-10,São Paulo,3550308,True,,1322,,,-23.59694,-46.64469975,,,,1,2023-06-19T16:11:09+00:00
SAO_695T-10,São Paulo,3550308,True,,1322,,,-23.6489765,-46.750185,,,,1,2023-06-19T16:11:41+00:00
SAO_695T-10,São Paulo,3550308,True,,1322,,,-23.6069875,-46.6653,,,,1,2023-06-19T16:11:23+00:00
SAO_695T-10,São Paulo,3550308,True,,1322,,,-23.645986999999998,-46.70488925000001,,,,1,2023-06-19T16:11:17+00:00
SAO_695T-10,São Paulo,3550308,True,,1322,,,-23.61276225,-46.6707505,,,,1,2023-06-19T16:11:15+00:00
SAO_695T-10,São Paulo,3550308,True,,1322,,,-23.59716675,-46.6369495,,,,1,2023-06-19T16:11:33+00:00
SAO_695T-10,São Paulo,3550308,True,,1322,,,-23.611075999999997,-46.669148,,,,1,2023-06-19T16:11:09+00:00
SAO_695T-10,São Paulo,3550308,True,,1322,,,-23.609952812499998,-46.668088875,,,,1,2023-06-19T16:11:18+00:00
SAO_7004-10,São Paulo,3550308,True,,34760,,,-23.686005,-46.753129,,,,2,2023-06-19T16:11:18+00:00
SAO_7004-10,São Paulo,3550308,True,,34760,,,-23.7021595,-46.782621,,,,2,2023-06-19T16:11:31+00:00
SAO_7004-10,São Paulo,3550308,True,,34760,,,-23.7069005,-46.784399500000006,,,,2,2023-06-19T16:10:59+00:00
SAO_7004-10,São Paulo,3550308,True,,34760,,,-23.71184525,-46.782389,,,,2,2023-06-19T16:11:11+00:00
SAO_7004-10,São Paulo,3550308,True,,34760,,,-23.741766,-46.8007565,,,,2,2023-06-19T16:11:35+00:00
SAO_7004-10,São Paulo,3550308,True,,34760,,,-23.688845375,-46.77301675,,,,2,2023-06-19T16:11:39+00:00
SAO_7004-10,São Paulo,3550308,True,,34760,,,-23.734043,-46.7875025,,,,2,2023-06-19T16:11:33+00:00
SAO_7004-10,São Paulo,3550308,True,,34760,,,-23.683931,-46.7586845,,,,2,2023-06-19T16:09:01+00:00
SAO_7004-10,São Paulo,3550308,True,,34760,,,-23.741766,-46.8007565,,,,2,2023-06-19T16:11:12+00:00
SAO_7004-10,São Paulo,3550308,True,,34760,,,-23.655639,-46.722901,,,,2,2023-06-19T16:11:08+00:00
SAO_6820-10,São Paulo,3550308,True,,32787,,,-23.658020999999998,-46.7897125,,,,2,2023-06-19T16:11:26+00:00
SAO_6820-10,São Paulo,3550308,True,,32787,,,-23.6559925,-46.76256875,,,,2,2023-06-19T16:11:18+00:00
SAO_6820-10,São Paulo,3550308,True,,32787,,,-23.658020999999998,-46.7897125,,,,2,2023-06-19T16:11:02+00:00
SAO_6820-10,São Paulo,3550308,True,,32787,,,-23.6677825,-46.785898,,,,2,2023-06-19T16:11:18+00:00
SAO_6820-10,São Paulo,3550308,True,,32787,,,-23.658020999999998,-46.7897125,,,,2,2023-06-19T16:11:28+00:00
SAO_4313-10,São Paulo,3550308,True,,2173,,,-23.535527375,-46.551729,,,,1,2023-06-19T16:11:43+00:00
SAO_4313-10,São Paulo,3550308,True,,2173,,,-23.5380945,-46.564400750000004,,,,1,2023-06-19T16:11:42+00:00
SAO_4313-10,São Paulo,3550308,True,,2173,,,-23.582475000000002,-46.4073165,,,,1,2023-06-19T16:11:07+00:00
SAO_4313-10,São Paulo,3550308,True,,2173,,,-23.578944,-46.493964500000004,,,,1,2023-06-19T16:11:01+00:00
SAO_4313-10,São Paulo,3550308,True,,2173,,,-23.547401999999998,-46.629791999999995,,,,1,2023-06-19T16:11:06+00:00
SAO_4313-10,São Paulo,3550308,True,,2173,,,-23.55162475,-46.624117500000004,,,,1,2023-06-19T16:11:32+00:00
SAO_4313-10,São Paulo,3550308,True,,2173,,,-23.5948155,-46.427567624999995,,,,1,2023-06-19T16:11:41+00:00
SAO_4313-10,São Paulo,3550308,True,,2173,,,-23.59877975,-46.465431249999995,,,,1,2023-06-19T16:11:44+00:00
SAO_4313-10,São Paulo,3550308,True,,2173,,,-23.537625999999996,-46.56210568750001,,,,1,2023-06-19T16:09:31+00:00
SAO_4313-10,São Paulo,3550308,True,,2173,,,-23.582577,-46.408426,,,,1,2023-06-19T16:11:14+00:00
SAO_4313-10,São Paulo,3550308,True,,2173,,,-23.554831999999998,-46.517111,,,,1,2023-06-19T16:10:29+00:00
SAO_6262-10,São Paulo,3550308,True,,34139,,,-23.529883124999998,-46.731899,,,,2,2023-06-19T16:11:30+00:00
SAO_6262-10,São Paulo,3550308,True,,34139,,,-23.530085375,-46.731711000000004,,,,2,2023-06-19T16:11:05+00:00
SAO_6262-10,São Paulo,3550308,True,,34139,,,-23.565118,-46.6573565,,,,2,2023-06-19T16:11:44+00:00
SAO_6262-10,São Paulo,3550308,True,,34139,,,-23.5463745,-46.714164999999994,,,,2,2023-06-19T16:11:23+00:00
SAO_6262-10,São Paulo,3550308,True,,34139,,,-23.530690999999997,-46.73313575,,,,2,2023-06-19T16:11:24+00:00
SAO_6262-10,São Paulo,3550308,True,,34139,,,-23.56998325,-46.691308250000006,,,,2,2023-06-19T16:11:29+00:00
SAO_6262-10,São Paulo,3550308,True,,34139,,,-23.530461000000003,-46.73284725,,,,2,2023-06-19T16:11:25+00:00
SAO_2666-10,São Paulo,3550308,True,,33146,,,-23.493634999999998,-46.440379,,,,2,2023-06-19T16:10:54+00:00
SAO_2666-10,São Paulo,3550308,True,,33146,,,-23.535645,-46.570648500000004,,,,2,2023-06-19T16:11:22+00:00
SAO_2666-10,São Paulo,3550308,True,,33146,,,-23.495135,-46.4351205,,,,2,2023-06-19T16:11:40+00:00
SAO_2666-10,São Paulo,3550308,True,,33146,,,-23.498171499999998,-46.401257,,,,2,2023-06-19T16:11:19+00:00
SAO_2666-10,São Paulo,3550308,True,,33146,,,-23.518412250000004,-46.391846125,,,,2,2023-06-19T16:11:06+00:00
SAO_2666-10,São Paulo,3550308,True,,33146,,,-23.499526250000002,-46.468301249999996,,,,2,2023-06-19T16:11:24+00:00
SAO_2666-10,São Paulo,3550308,True,,33146,,,-23.546655,-46.630598,,,,2,2023-06-19T16:06:21+00:00
SAO_2666-10,São Paulo,3550308,True,,33146,,,-23.51054475,-46.4988175,,,,2,2023-06-19T16:11:17+00:00
SAO_2666-10,São Paulo,3550308,True,,33146,,,-23.542787500000003,-46.61627625,,,,2,2023-06-19T16:11:18+00:00
SAO_2666-10,São Paulo,3550308,True,,33146,,,-23.521969499999997,-46.526832999999996,,,,2,2023-06-19T16:11:30+00:00
SAO_3745-10,São Paulo,3550308,True,,1044,,,-23.54760875,-46.539715,,,,1,2023-06-19T16:11:41+00:00
SAO_3745-10,São Paulo,3550308,True,,1044,,,-23.5715205,-46.5318245,,,,1,2023-06-19T16:11:03+00:00
SAO_3745-10,São Paulo,3550308,True,,1044,,,-23.54132,-46.57769475,,,,1,2023-06-19T16:11:19+00:00
SAO_3745-10,São Paulo,3550308,True,,1044,,,-23.5889615,-46.510326500000005,,,,1,2023-06-19T16:11:20+00:00
SAO_3745-10,São Paulo,3550308,True,,1044,,,-23.54241275,-46.560853125,,,,1,2023-06-19T16:11:11+00:00
SAO_3725-10,São Paulo,3550308,True,,33790,,,-23.539223749999998,-46.525163,,,,2,2023-06-19T16:11:27+00:00
SAO_3725-10,São Paulo,3550308,True,,33790,,,-23.5354675,-46.526602,,,,2,2023-06-19T16:09:57+00:00
SAO_3725-10,São Paulo,3550308,True,,33790,,,-23.533086,-46.530659,,,,2,2023-06-19T16:11:15+00:00
SAO_3725-10,São Paulo,3550308,True,,33790,,,-23.5335635,-46.530556000000004,,,,2,2023-06-19T16:11:34+00:00
SAO_3725-10,São Paulo,3550308,True,,33790,,,-23.533086,-46.530659,,,,2,2023-06-19T16:11:36+00:00
SAO_6400-10,São Paulo,3550308,True,,57,,,-23.610802999999997,-46.677272,,,,1,2023-06-19T16:11:32+00:00
SAO_6400-10,São Paulo,3550308,True,,57,,,-23.57390375,-46.666884499999995,,,,1,2023-06-19T16:11:45+00:00
SAO_6400-10,São Paulo,3550308,True,,57,,,-23.6437895,-46.732434,,,,1,2023-06-19T16:11:37+00:00
SAO_6045-10,São Paulo,3550308,True,,1222,,,-23.6958865,-46.793206,,,,1,2023-06-19T16:11:28+00:00
SAO_6045-10,São Paulo,3550308,True,,1222,,,-23.643682,-46.7423945,,,,1,2023-06-19T16:11:27+00:00
SAO_6045-10,São Paulo,3550308,True,,1222,,,-23.642924375,-46.7095135,,,,1,2023-06-19T16:11:16+00:00
SAO_6045-10,São Paulo,3550308,True,,1222,,,-23.661214,-46.7683785,,,,1,2023-06-19T16:11:36+00:00
SAO_6045-10,São Paulo,3550308,True,,1222,,,-23.6786875,-46.77878275,,,,1,2023-06-19T16:11:23+00:00
SAO_6045-10,São Paulo,3550308,True,,1222,,,-23.6990275,-46.7964265,,,,1,2023-06-19T16:11:05+00:00
SAO_1773-10,São Paulo,3550308,True,,637,,,-23.4362795,-46.5663955,,,,1,2023-06-19T16:11:03+00:00
SAO_1773-10,São Paulo,3550308,True,,637,,,-23.4825085,-46.630541,,,,1,2023-06-19T16:11:36+00:00
SAO_1773-10,São Paulo,3550308,True,,637,,,-23.4826065,-46.6307425,,,,1,2023-06-19T16:11:11+00:00
SAO_1773-10,São Paulo,3550308,True,,637,,,-23.4825085,-46.630541,,,,1,2023-06-19T16:11:24+00:00
SAO_1773-10,São Paulo,3550308,True,,637,,,-23.450993,-46.596401,,,,1,2023-06-19T16:10:34+00:00
SAO_958P-10,São Paulo,3550308,True,,33233,,,-23.488169999999997,-46.738017,,,,2,2023-06-19T16:11:10+00:00
SAO_958P-10,São Paulo,3550308,True,,33233,,,-23.4805275,-46.7583235,,,,2,2023-06-19T16:11:41+00:00
SAO_958P-10,São Paulo,3550308,True,,33233,,,-23.516751499999998,-46.7479795,,,,2,2023-06-19T16:11:02+00:00
SAO_958P-10,São Paulo,3550308,True,,33233,,,-23.555481,-46.705087,,,,2,2023-06-19T16:11:12+00:00
SAO_958P-10,São Paulo,3550308,True,,33233,,,-23.4802775,-46.758544,,,,2,2023-06-19T16:11:30+00:00
SAO_4732-31,São Paulo,3550308,True,,2127,,,-23.618575749999998,-46.637992499999996,,,,1,2023-06-19T16:11:16+00:00
SAO_4732-31,São Paulo,3550308,True,,2127,,,-23.647073499999998,-46.5968575,,,,1,2023-06-19T16:11:43+00:00
SAO_4732-31,São Paulo,3550308,True,,2127,,,-23.6257085,-46.615691,,,,1,2023-06-19T16:11:30+00:00
SAO_4732-31,São Paulo,3550308,True,,2127,,,-23.6476485,-46.600239,,,,1,2023-06-19T16:07:27+00:00
SAO_4732-31,São Paulo,3550308,True,,2127,,,-23.6476485,-46.600239,,,,1,2023-06-19T16:11:12+00:00
SAO_4732-31,São Paulo,3550308,True,,2127,,,-23.6476485,-46.600239,,,,1,2023-06-19T16:11:12+00:00
SAO_4732-31,São Paulo,3550308,True,,2127,,,-23.630863,-46.604378,,,,1,2023-06-19T16:11:14+00:00
SAO_5036-10,São Paulo,3550308,True,,34434,,,-23.6569895,-46.6132875,,,,2,2023-06-19T16:11:44+00:00
SAO_5036-10,São Paulo,3550308,True,,34434,,,-23.6573555,-46.6136695,,,,2,2023-06-19T16:11:02+00:00
SAO_5036-10,São Paulo,3550308,True,,34434,,,-23.6573725,-46.6138675,,,,2,2023-06-19T16:11:28+00:00
SAO_5036-10,São Paulo,3550308,True,,34434,,,-23.622871249999996,-46.60181975,,,,2,2023-06-19T16:11:07+00:00
SAO_948A-10,São Paulo,3550308,True,,34191,,,-23.4694535,-46.7135935,,,,2,2023-06-19T16:11:38+00:00
SAO_948A-10,São Paulo,3550308,True,,34191,,,-23.495559,-46.7299185,,,,2,2023-06-19T16:11:40+00:00
SAO_948A-10,São Paulo,3550308,True,,34191,,,-23.4694535,-46.7135935,,,,2,2023-06-19T16:11:23+00:00
SAO_948A-10,São Paulo,3550308,True,,34191,,,-23.525676875,-46.679121125,,,,2,2023-06-19T16:11:12+00:00
SAO_3054-10,São Paulo,3550308,True,,33743,,,-23.608348499999998,-46.472495,,,,2,2023-06-19T16:11:31+00:00
SAO_3054-10,São Paulo,3550308,True,,33743,,,-23.5929201875,-46.488674562499995,,,,2,2023-06-19T16:11:02+00:00
SAO_3054-10,São Paulo,3550308,True,,33743,,,-23.594701999999998,-46.423798,,,,2,2023-06-19T16:11:10+00:00
SAO_3301-10,São Paulo,3550308,True,,1618,,,-23.497985,-46.458648,,,,1,2023-06-19T16:11:15+00:00
SAO_3301-10,São Paulo,3550308,True,,1618,,,-23.5329355,-46.563449000000006,,,,1,2023-06-19T16:11:32+00:00
SAO_3301-10,São Paulo,3550308,True,,1618,,,-23.50608,-46.476355,,,,1,2023-06-19T16:11:14+00:00
SAO_3301-10,São Paulo,3550308,True,,1618,,,-23.54620025,-46.63007,,,,1,2023-06-19T16:11:40+00:00
SAO_3301-10,São Paulo,3550308,True,,1618,,,-23.4929375,-46.4431195,,,,1,2023-06-19T16:11:13+00:00
SAO_3773-10,São Paulo,3550308,True,,33827,,,-23.539039374999998,-46.5454115,,,,2,2023-06-19T16:11:18+00:00
SAO_3773-10,São Paulo,3550308,True,,33827,,,-23.61308975,-46.46880925,,,,2,2023-06-19T16:11:27+00:00
SAO_3773-10,São Paulo,3550308,True,,33827,,,-23.615998,-46.4650945,,,,2,2023-06-19T16:11:06+00:00
SAO_3773-10,São Paulo,3550308,True,,33827,,,-23.575971,-46.5026145,,,,2,2023-06-19T16:11:18+00:00
SAO_3773-10,São Paulo,3550308,True,,33827,,,-23.602215125,-46.478235749999996,,,,2,2023-06-19T16:11:43+00:00
SAO_4012-10,São Paulo,3550308,True,,34953,,,-23.613977,-46.476685,,,,2,2023-06-19T16:11:27+00:00
SAO_4012-10,São Paulo,3550308,True,,34953,,,-23.598488,-46.44115775,,,,2,2023-06-19T16:11:08+00:00
SAO_4012-10,São Paulo,3550308,True,,34953,,,-23.598488,-46.44115775,,,,2,2023-06-19T16:11:32+00:00
SAO_4012-10,São Paulo,3550308,True,,34953,,,-23.59867775,-46.441354,,,,2,2023-06-19T16:11:10+00:00
SAO_1020-10,São Paulo,3550308,True,,35265,,,-23.4106675,-46.763892,,,,2,2023-06-19T16:11:43+00:00
SAO_1020-10,São Paulo,3550308,True,,35265,,,-23.4106675,-46.763892,,,,2,2023-06-19T16:11:23+00:00
SAO_1020-10,São Paulo,3550308,True,,35265,,,-23.435937000000003,-46.72045849999999,,,,2,2023-06-19T16:11:19+00:00
SAO_1020-10,São Paulo,3550308,True,,35265,,,-23.404367999999998,-46.7515875,,,,2,2023-06-19T16:11:32+00:00
SAO_1020-10,São Paulo,3550308,True,,35265,,,-23.4106675,-46.763892,,,,2,2023-06-19T16:11:01+00:00
SAO_1020-10,São Paulo,3550308,True,,35265,,,-23.481229,-46.723877,,,,2,2023-06-19T16:11:13+00:00
SAO_1020-10,São Paulo,3550308,True,,35265,,,-23.41085825,-46.764408,,,,2,2023-06-19T16:11:24+00:00
SAO_2203-10,São Paulo,3550308,True,,911,,,-23.531715,-46.529371499999996,,,,1,2023-06-19T16:11:39+00:00
SAO_2203-10,São Paulo,3550308,True,,911,,,-23.521536499999996,-46.490044,,,,1,2023-06-19T16:11:39+00:00
SAO_2203-10,São Paulo,3550308,True,,911,,,-23.52389525,-46.50996275,,,,1,2023-06-19T16:11:09+00:00
SAO_6821-10,São Paulo,3550308,True,BR7 Mobilidade,21,https://moovitapp.com/index/pt-br/transporte_p%C3%BAblico-line-21-Sao_Paulo-242-851856-707765-0,5.75,-23.685882499999998,-46.7807575,,,,1,2023-06-19T16:11:39+00:00
SAO_6821-10,São Paulo,3550308,True,BR7 Mobilidade,21,https://moovitapp.com/index/pt-br/transporte_p%C3%BAblico-line-21-Sao_Paulo-242-851856-707765-0,5.75,-23.685882499999998,-46.7807575,,,,1,2023-06-19T16:11:21+00:00
SAO_6821-10,São Paulo,3550308,True,BR7 Mobilidade,21,https://moovitapp.com/index/pt-br/transporte_p%C3%BAblico-line-21-Sao_Paulo-242-851856-707765-0,5.75,-23.672831000000002,-46.7734025,,,,1,2023-06-19T16:11:02+00:00
SAO_6821-10,São Paulo,3550308,True,BR7 Mobilidade,21,https://moovitapp.com/index/pt-br/transporte_p%C3%BAblico-line-21-Sao_Paulo-242-851856-707765-0,5.75,-23.654274,-46.7625595,,,,1,2023-06-19T16:11:22+00:00
SAO_5030-10,São Paulo,3550308,True,,1669,,,-23.60328075,-46.602380499999995,,,,1,2023-06-19T16:11:28+00:00
SAO_524M-10,São Paulo,3550308,True,,34399,,,-23.619122750000002,-46.4958135,,,,2,2023-06-19T16:11:36+00:00
SAO_524M-10,São Paulo,3550308,True,,34399,,,-23.566621499999997,-46.51023225,,,,2,2023-06-19T16:11:32+00:00
SAO_524M-10,São Paulo,3550308,True,,34399,,,-23.619495,-46.495613,,,,2,2023-06-19T16:11:29+00:00
SAO_524M-10,São Paulo,3550308,True,,34399,,,-23.6092505,-46.501363999999995,,,,2,2023-06-19T16:11:14+00:00
SAO_524M-10,São Paulo,3550308,True,,34399,,,-23.619122750000002,-46.4958135,,,,2,2023-06-19T16:11:41+00:00
SAO_524M-10,São Paulo,3550308,True,,34399,,,-23.619122750000002,-46.4958135,,,,2,2023-06-19T16:11:29+00:00
SAO_524M-10,São Paulo,3550308,True,,34399,,,-23.595152499999998,-46.503015500000004,,,,2,2023-06-19T16:11:22+00:00
SAO_524M-10,São Paulo,3550308,True,,34399,,,-23.588817,-46.510504,,,,2,2023-06-19T16:11:43+00:00
SAO_524M-10,São Paulo,3550308,True,,34399,,,-23.6162295,-46.496776,,,,2,2023-06-19T16:11:36+00:00
SAO_695D-10,São Paulo,3550308,True,EMTU,114,https://moovitapp.com/index/pt-br/transporte_p%C3%BAblico-line-114-Sao_Paulo-242-2038937-36419274-0,6.4,-23.733559500000002,-46.6761855,,,,1,2023-06-19T16:09:48+00:00
SAO_695D-10,São Paulo,3550308,True,EMTU,114,https://moovitapp.com/index/pt-br/transporte_p%C3%BAblico-line-114-Sao_Paulo-242-2038937-36419274-0,6.4,-23.681455,-46.688723,,,,1,2023-06-19T16:11:14+00:00
SAO_695D-10,São Paulo,3550308,True,EMTU,114,https://moovitapp.com/index/pt-br/transporte_p%C3%BAblico-line-114-Sao_Paulo-242-2038937-36419274-0,6.4,-23.65579,-46.66953975,,,,1,2023-06-19T16:11:42+00:00
SAO_695D-10,São Paulo,3550308,True,EMTU,114,https://moovitapp.com/index/pt-br/transporte_p%C3%BAblico-line-114-Sao_Paulo-242-2038937-36419274-0,6.4,-23.721517499999997,-46.6895885,,,,1,2023-06-19T16:11:33+00:00
SAO_695D-10,São Paulo,3550308,True,EMTU,114,https://moovitapp.com/index/pt-br/transporte_p%C3%BAblico-line-114-Sao_Paulo-242-2038937-36419274-0,6.4,-23.646229499999997,-46.646701500000006,,,,1,2023-06-19T16:11:10+00:00
SAO_695D-10,São Paulo,3550308,True,EMTU,114,https://moovitapp.com/index/pt-br/transporte_p%C3%BAblico-line-114-Sao_Paulo-242-2038937-36419274-0,6.4,-23.6466115,-46.6388855,,,,1,2023-06-19T16:11:43+00:00
SAO_373T-10,São Paulo,3550308,True,,1091,,,-23.593679,-46.498469,,,,1,2023-06-19T16:11:34+00:00
SAO_373T-10,São Paulo,3550308,True,,1091,,,-23.5812405,-46.562446,,,,1,2023-06-19T16:11:29+00:00
SAO_373T-10,São Paulo,3550308,True,,1091,,,-23.5811735,-46.562167,,,,1,2023-06-19T16:11:23+00:00
SAO_373T-10,São Paulo,3550308,True,,1091,,,-23.588805,-46.520258,,,,1,2023-06-19T16:11:04+00:00
SAO_373T-10,São Paulo,3550308,True,,1091,,,-23.546714,-46.6060545,,,,1,2023-06-19T16:11:11+00:00
SAO_373T-10,São Paulo,3550308,True,,1091,,,-23.5809365,-46.5573255,,,,1,2023-06-19T16:11:37+00:00
SAO_373T-10,São Paulo,3550308,True,,1091,,,-23.54935475,-46.60151575,,,,1,2023-06-19T16:11:14+00:00
SAO_373T-10,São Paulo,3550308,True,,1091,,,-23.587956,-46.5193745,,,,1,2023-06-19T16:11:17+00:00
SAO_6022-10,São Paulo,3550308,True,,1207,,,-23.7002325,-46.781121,,,,1,2023-06-19T16:11:02+00:00
SAO_6022-10,São Paulo,3550308,True,,1207,,,-23.729324,-46.782303,,,,1,2023-06-19T16:11:26+00:00
SAO_6022-10,São Paulo,3550308,True,,1207,,,-23.6848355,-46.7700415,,,,1,2023-06-19T16:11:05+00:00
SAO_6022-10,São Paulo,3550308,True,,1207,,,-23.703879,-46.7838305,,,,1,2023-06-19T16:11:23+00:00
SAO_3766-10,São Paulo,3550308,True,,1055,,,-23.553675499999997,-46.427672,,,,1,2023-06-19T16:11:04+00:00
SAO_3766-10,São Paulo,3550308,True,,1055,,,-23.536631625,-46.454534125,,,,1,2023-06-19T16:11:33+00:00
SAO_3766-10,São Paulo,3550308,True,,1055,,,-23.542716,-46.469168499999995,,,,1,2023-06-19T16:11:25+00:00
SAO_3766-10,São Paulo,3550308,True,,1055,,,-23.553675499999997,-46.427672,,,,1,2023-06-19T16:11:44+00:00
SAO_3766-10,São Paulo,3550308,True,,1055,,,-23.552513,-46.4291335,,,,1,2023-06-19T16:11:42+00:00
SAO_3766-10,São Paulo,3550308,True,,1055,,,-23.541486749999997,-46.439408375,,,,1,2023-06-19T16:11:33+00:00
SAO_3766-10,São Paulo,3550308,True,,1055,,,-23.553675499999997,-46.427672,,,,1,2023-06-19T16:11:29+00:00
SAO_637P-10,São Paulo,3550308,True,,32815,,,-23.582028,-46.684400499999995,,,,2,2023-06-19T16:11:24+00:00
SAO_637P-10,São Paulo,3550308,True,,32815,,,-23.59240175,-46.6728285,,,,2,2023-06-19T16:11:43+00:00
SAO_637P-10,São Paulo,3550308,True,,32815,,,-23.576913500000003,-46.68722325,,,,2,2023-06-19T16:11:05+00:00
SAO_637P-10,São Paulo,3550308,True,,32815,,,-23.644555000000004,-46.701621375,,,,2,2023-06-19T16:11:12+00:00
SAO_637P-10,São Paulo,3550308,True,,32815,,,-23.6123915,-46.678042,,,,2,2023-06-19T16:11:45+00:00
SAO_2203-10,São Paulo,3550308,True,,33679,,,-23.5204035,-46.484047000000004,,,,2,2023-06-19T16:11:11+00:00
SAO_2203-10,São Paulo,3550308,True,,33679,,,-23.524932,-46.5053995,,,,2,2023-06-19T16:11:37+00:00
SAO_2203-10,São Paulo,3550308,True,,33679,,,-23.5204035,-46.484047000000004,,,,2,2023-06-19T16:11:39+00:00
SAO_8004-10,São Paulo,3550308,True,,34022,,,-23.47043,-46.752005999999994,,,,2,2023-06-19T16:11:41+00:00
SAO_8004-10,São Paulo,3550308,True,,34022,,,-23.519858499999998,-46.6998105,,,,2,2023-06-19T16:11:24+00:00
SAO_8004-10,São Paulo,3550308,True,,34022,,,-23.488875999999998,-46.755903,,,,2,2023-06-19T16:11:27+00:00
SAO_8004-10,São Paulo,3550308,True,,34022,,,-23.470457,-46.751476499999995,,,,2,2023-06-19T16:11:06+00:00
SAO_8004-10,São Paulo,3550308,True,,34022,,,-23.470114000000002,-46.751975,,,,2,2023-06-19T16:11:22+00:00
SAO_6016-10,São Paulo,3550308,True,,32852,,,-23.7724815,-46.671173249999995,,,,2,2023-06-19T16:11:45+00:00
SAO_6016-10,São Paulo,3550308,True,,32852,,,-23.74473,-46.6902285,,,,2,2023-06-19T16:11:21+00:00
SAO_2626-10,São Paulo,3550308,True,,33144,,,-23.523738,-46.5480345,,,,2,2023-06-19T16:11:35+00:00
SAO_2626-10,São Paulo,3550308,True,,33144,,,-23.54192725,-46.61494925,,,,2,2023-06-19T16:11:33+00:00
SAO_2626-10,São Paulo,3550308,True,,33144,,,-23.503032500000003,-46.471482,,,,2,2023-06-19T16:11:28+00:00
SAO_2626-10,São Paulo,3550308,True,,33144,,,-23.519078,-46.402739499999996,,,,2,2023-06-19T16:11:44+00:00
SAO_2626-10,São Paulo,3550308,True,,33144,,,-23.495057000000003,-46.436877499999994,,,,2,2023-06-19T16:10:57+00:00
SAO_2626-10,São Paulo,3550308,True,,33144,,,-23.510763,-46.50323,,,,2,2023-06-19T16:11:08+00:00
SAO_2626-10,São Paulo,3550308,True,,33144,,,-23.5101535,-46.4087855,,,,2,2023-06-19T16:11:15+00:00
SAO_2626-10,São Paulo,3550308,True,,33144,,,-23.535222124999997,-46.58254475,,,,2,2023-06-19T16:09:27+00:00
SAO_2626-10,São Paulo,3550308,True,,33144,,,-23.523087,-46.410531500000005,,,,2,2023-06-19T16:11:12+00:00
SAO_2626-10,São Paulo,3550308,True,,33144,,,-23.5235135,-46.410546499999995,,,,2,2023-06-19T16:11:12+00:00
SAO_6120-10,São Paulo,3550308,True,,33957,,,-23.76008125,-46.67663625,,,,2,2023-06-19T16:11:19+00:00
SAO_6120-10,São Paulo,3550308,True,,33957,,,-23.76019175,-46.677102749999996,,,,2,2023-06-19T16:11:11+00:00
SAO_6120-10,São Paulo,3550308,True,,33957,,,-23.753009499999997,-46.682316,,,,2,2023-06-19T16:11:25+00:00
SAO_874C-10,São Paulo,3550308,True,,477,,,-23.56249775,-46.657227,,,,1,2023-06-19T16:11:39+00:00
SAO_874C-10,São Paulo,3550308,True,,477,,,-23.553420062500003,-46.672656687499995,,,,1,2023-06-19T16:11:29+00:00
SAO_874C-10,São Paulo,3550308,True,,477,,,-23.5534605,-46.752193500000004,,,,1,2023-06-19T16:11:30+00:00
SAO_874C-10,São Paulo,3550308,True,,477,,,-23.536971,-46.719657,,,,1,2023-06-19T16:11:33+00:00
SAO_3160-10,São Paulo,3550308,True,EMTU,125,https://moovitapp.com/index/pt-br/transporte_p%C3%BAblico-line-125-Sao_Paulo-242-2038937-36419283-0,5.15,-23.550847,-46.6071905,,,,1,2023-06-19T16:11:42+00:00
SAO_3160-10,São Paulo,3550308,True,EMTU,125,https://moovitapp.com/index/pt-br/transporte_p%C3%BAblico-line-125-Sao_Paulo-242-2038937-36419283-0,5.15,-23.548947,-46.6259275,,,,1,2023-06-19T16:11:12+00:00
SAO_3160-10,São Paulo,3550308,True,EMTU,125,https://moovitapp.com/index/pt-br/transporte_p%C3%BAblico-line-125-Sao_Paulo-242-2038937-36419283-0,5.15,-23.5484535,-46.6287735,,,,1,2023-06-19T16:11:44+00:00
SAO_3160-10,São Paulo,3550308,True,EMTU,125,https://moovitapp.com/index/pt-br/transporte_p%C3%BAblico-line-125-Sao_Paulo-242-2038937-36419283-0,5.15,-23.555710249999997,-46.60326825,,,,1,2023-06-19T16:11:18+00:00
SAO_3160-10,São Paulo,3550308,True,EMTU,125,https://moovitapp.com/index/pt-br/transporte_p%C3%BAblico-line-125-Sao_Paulo-242-2038937-36419283-0,5.15,-23.567842999999996,-46.59017525,,,,1,2023-06-19T16:11:20+00:00
SAO_971V-10,São Paulo,3550308,True,,619,,,-23.491743,-46.672334,,,,1,2023-06-19T16:11:42+00:00
SAO_971V-10,São Paulo,3550308,True,,619,,,-23.4517745,-46.691843500000004,,,,1,2023-06-19T16:11:17+00:00
SAO_971V-10,São Paulo,3550308,True,,619,,,-23.514269125000002,-46.61623725,,,,1,2023-06-19T16:11:14+00:00
SAO_971V-10,São Paulo,3550308,True,,619,,,-23.466974999999998,-46.679169,,,,1,2023-06-19T16:11:19+00:00
SAO_278A-10,São Paulo,3550308,True,,706,,,-23.499875499999998,-46.62425675,,,,1,2023-06-19T16:11:15+00:00
SAO_278A-10,São Paulo,3550308,True,,706,,,-23.507752,-46.5257085,,,,1,2023-06-19T16:11:28+00:00
SAO_278A-10,São Paulo,3550308,True,,706,,,-23.53254525,-46.562278250000006,,,,1,2023-06-19T16:10:43+00:00
SAO_278A-10,São Paulo,3550308,True,,706,,,-23.5077785,-46.525954999999996,,,,1,2023-06-19T16:11:12+00:00
SAO_719R-10,São Paulo,3550308,True,,33237,,,-23.534685625,-46.654683875,,,,2,2023-06-19T16:11:43+00:00
SAO_719R-10,São Paulo,3550308,True,,33237,,,-23.573674187500004,-46.72600043749999,,,,2,2023-06-19T16:11:38+00:00
SAO_719R-10,São Paulo,3550308,True,,33237,,,-23.57086175,-46.719411875,,,,2,2023-06-19T16:11:03+00:00
SAO_719R-10,São Paulo,3550308,True,,33237,,,-23.553478499999997,-46.66205575,,,,2,2023-06-19T16:11:39+00:00
SAO_719R-10,São Paulo,3550308,True,,33237,,,-23.568344500000002,-46.755952625,,,,2,2023-06-19T16:11:37+00:00
SAO_719R-10,São Paulo,3550308,True,,33237,,,-23.5546425,-46.663935499999994,,,,2,2023-06-19T16:11:15+00:00
SAO_719R-10,São Paulo,3550308,True,,33237,,,-23.562170000000002,-46.764854125,,,,2,2023-06-19T16:11:15+00:00
SAO_4735-10,São Paulo,3550308,True,,33878,,,-23.61858625,-46.47226175,,,,2,2023-06-19T16:11:28+00:00
SAO_4053-10,São Paulo,3550308,True,,2146,,,-23.55032,-46.3980915,,,,1,2023-06-19T16:11:10+00:00
SAO_4053-10,São Paulo,3550308,True,,2146,,,-23.553314,-46.394014999999996,,,,1,2023-06-19T16:11:34+00:00
SAO_4053-10,São Paulo,3550308,True,,2146,,,-23.5590895,-46.399975,,,,1,2023-06-19T16:11:04+00:00
SAO_4053-10,São Paulo,3550308,True,,2146,,,-23.5590895,-46.399975,,,,1,2023-06-19T16:11:30+00:00
SAO_1896-10,São Paulo,3550308,True,,2520,,,-23.527437749999997,-46.671974500000005,,,,1,2023-06-19T16:11:27+00:00
SAO_1896-10,São Paulo,3550308,True,,2520,,,-23.5053525,-46.717957999999996,,,,1,2023-06-19T16:11:00+00:00
SAO_1896-10,São Paulo,3550308,True,,2520,,,-23.4444145,-46.7533035,,,,1,2023-06-19T16:11:15+00:00
SAO_1896-10,São Paulo,3550308,True,,2520,,,-23.4444145,-46.7533035,,,,1,2023-06-19T16:11:10+00:00
SAO_1896-10,São Paulo,3550308,True,,2520,,,-23.4522075,-46.742647500000004,,,,1,2023-06-19T16:09:41+00:00
SAO_407W-10,São Paulo,3550308,True,,34972,,,-23.58958175,-46.50089925,,,,2,2023-06-19T16:11:39+00:00
SAO_407W-10,São Paulo,3550308,True,,34972,,,-23.538597,-46.5639085,,,,2,2023-06-19T16:10:30+00:00
SAO_407W-10,São Paulo,3550308,True,,34972,,,-23.564615500000002,-46.544917999999996,,,,2,2023-06-19T16:11:21+00:00
SAO_407W-10,São Paulo,3550308,True,,34972,,,-23.5766245,-46.5170915,,,,2,2023-06-19T16:11:11+00:00
SAO_407W-10,São Paulo,3550308,True,,34972,,,-23.58958175,-46.50089925,,,,2,2023-06-19T16:10:59+00:00
SAO_5632-10,São Paulo,3550308,True,,32849,,,-23.644555000000004,-46.701621375,,,,2,2023-06-19T16:09:27+00:00
SAO_5632-10,São Paulo,3550308,True,,32849,,,-23.717306,-46.704494499999996,,,,2,2023-06-19T16:11:27+00:00
SAO_5632-10,São Paulo,3550308,True,,32849,,,-23.564017874999998,-46.640519375,,,,2,2023-06-19T16:11:41+00:00
SAO_5632-10,São Paulo,3550308,True,,32849,,,-23.738264,-46.7090185,,,,2,2023-06-19T16:11:37+00:00
SAO_5632-10,São Paulo,3550308,True,,32849,,,-23.60476975,-46.663418500000006,,,,2,2023-06-19T16:11:16+00:00
SAO_5632-10,São Paulo,3550308,True,,32849,,,-23.7379495,-46.7091505,,,,2,2023-06-19T16:11:43+00:00
SAO_5632-10,São Paulo,3550308,True,,32849,,,-23.738264,-46.7090185,,,,2,2023-06-19T16:11:20+00:00
SAO_4092-10,São Paulo,3550308,True,,34644,,,-23.578716,-46.418370499999995,,,,2,2023-06-19T16:11:27+00:00
SAO_4092-10,São Paulo,3550308,True,,34644,,,-23.582991999999997,-46.4079,,,,2,2023-06-19T16:11:35+00:00
SAO_2007-10,São Paulo,3550308,True,,33664,,,-23.510008749999997,-46.3703235,,,,2,2023-06-19T16:10:36+00:00
SAO_2007-10,São Paulo,3550308,True,,33664,,,-23.510008749999997,-46.3703235,,,,2,2023-06-19T16:11:05+00:00
SAO_2007-10,São Paulo,3550308,True,,33664,,,-23.5069355,-46.387418,,,,2,2023-06-19T16:10:59+00:00
SAO_2007-10,São Paulo,3550308,True,,33664,,,-23.511616500000002,-46.376022,,,,2,2023-06-19T16:10:30+00:00
SAO_1701-10,São Paulo,3550308,True,,33613,,,-23.44811225,-46.575799624999995,,,,2,2023-06-19T16:11:39+00:00
SAO_1701-10,São Paulo,3550308,True,,33613,,,-23.501005125,-46.621661,,,,2,2023-06-19T16:09:22+00:00
SAO_1701-10,São Paulo,3550308,True,,33613,,,-23.456560500000002,-46.5847495,,,,2,2023-06-19T16:11:31+00:00
SAO_1701-10,São Paulo,3550308,True,,33613,,,-23.447695250000002,-46.576127125,,,,2,2023-06-19T16:11:25+00:00
SAO_9090-10,São Paulo,3550308,True,,884,,,-23.460811999999997,-46.6770525,,,,1,2023-06-19T16:11:35+00:00
SAO_9090-10,São Paulo,3550308,True,,884,,,-23.484183,-46.671154,,,,1,2023-06-19T16:11:14+00:00
SAO_7009-10,São Paulo,3550308,True,,1951,,,-23.70366025,-46.79012075,,,,1,2023-06-19T16:11:21+00:00
SAO_7009-10,São Paulo,3550308,True,,1951,,,-23.681915500000002,-46.7668975,,,,1,2023-06-19T16:11:45+00:00
SAO_6010-10,São Paulo,3550308,True,,33970,,,-23.693499,-46.7941555,,,,2,2023-06-19T16:11:16+00:00
SAO_6010-10,São Paulo,3550308,True,,33970,,,-23.693291000000002,-46.7941785,,,,2,2023-06-19T16:11:12+00:00
SAO_6010-10,São Paulo,3550308,True,,33970,,,-23.666662,-46.75188925,,,,2,2023-06-19T16:11:04+00:00
SAO_6010-10,São Paulo,3550308,True,,33970,,,-23.6618785,-46.7429635,,,,2,2023-06-19T16:11:24+00:00
SAO_6010-10,São Paulo,3550308,True,,33970,,,-23.6723895,-46.7429465,,,,2,2023-06-19T16:11:23+00:00
SAO_6010-10,São Paulo,3550308,True,,33970,,,-23.685891249999997,-46.80004425,,,,2,2023-06-19T16:11:32+00:00
SAO_6010-10,São Paulo,3550308,True,,33970,,,-23.693291000000002,-46.7941785,,,,2,2023-06-19T16:11:04+00:00
SAO_2002-10,São Paulo,3550308,True,,33479,,,-23.546478999999998,-46.632335,,,,2,2023-06-19T16:11:18+00:00
SAO_2002-10,São Paulo,3550308,True,,33479,,,-23.5465215,-46.630083,,,,2,2023-06-19T16:11:07+00:00
SAO_2002-10,São Paulo,3550308,True,,33479,,,-23.546634500000003,-46.6300045,,,,2,2023-06-19T16:11:03+00:00
SAO_2002-10,São Paulo,3550308,True,,33479,,,-23.5498545,-46.6307875,,,,2,2023-06-19T16:11:09+00:00
SAO_5024-10,São Paulo,3550308,True,,33890,,,-23.658395499999997,-46.7017755,,,,2,2023-06-19T16:11:08+00:00
SAO_5024-10,São Paulo,3550308,True,,33890,,,-23.689080750000002,-46.64931275,,,,2,2023-06-19T16:11:00+00:00
SAO_5024-10,São Paulo,3550308,True,,33890,,,-23.689408999999998,-46.6492585,,,,2,2023-06-19T16:11:20+00:00
SAO_5024-10,São Paulo,3550308,True,,33890,,,-23.691888,-46.6605995,,,,2,2023-06-19T16:11:15+00:00
SAO_809J-10,São Paulo,3550308,True,,2066,,,-23.59006025,-46.718015,,,,1,2023-06-19T16:11:37+00:00
SAO_2720-10,São Paulo,3550308,True,,33701,,,-23.492762,-46.4711185,,,,2,2023-06-19T16:11:33+00:00
SAO_2720-10,São Paulo,3550308,True,,33701,,,-23.492762,-46.4711185,,,,2,2023-06-19T16:09:52+00:00
SAO_2720-10,São Paulo,3550308,True,,33701,,,-23.5288095,-46.517675499999996,,,,2,2023-06-19T16:11:18+00:00
SAO_2720-10,São Paulo,3550308,True,,33701,,,-23.492437,-46.471158,,,,2,2023-06-19T16:11:38+00:00
SAO_2720-10,São Paulo,3550308,True,,33701,,,-23.492762,-46.4711185,,,,2,2023-06-19T16:11:30+00:00
SAO_2720-10,São Paulo,3550308,True,,33701,,,-23.493021,-46.470974,,,,2,2023-06-19T16:11:12+00:00
SAO_2720-10,São Paulo,3550308,True,,33701,,,-23.514829874999997,-46.50697025000001,,,,2,2023-06-19T16:11:27+00:00
SAO_2720-10,São Paulo,3550308,True,,33701,,,-23.48935225,-46.47819475,,,,2,2023-06-19T16:11:16+00:00
SAO_2720-10,São Paulo,3550308,True,,33701,,,-23.492872,-46.471083,,,,2,2023-06-19T16:11:17+00:00
SAO_2720-10,São Paulo,3550308,True,,33701,,,-23.492762,-46.4711185,,,,2,2023-06-19T16:11:33+00:00
SAO_2720-10,São Paulo,3550308,True,,33701,,,-23.507345,-46.48357125,,,,2,2023-06-19T16:11:26+00:00
SAO_2720-10,São Paulo,3550308,True,,33701,,,-23.492437,-46.471158,,,,2,2023-06-19T16:11:09+00:00
SAO_390E-10,São Paulo,3550308,True,,34650,,,-23.535055749999998,-46.57767750000001,,,,2,2023-06-19T16:11:17+00:00
SAO_390E-10,São Paulo,3550308,True,,34650,,,-23.5190655,-46.5471045,,,,2,2023-06-19T16:11:40+00:00
SAO_271C-10,São Paulo,3550308,True,STT,682,https://moovitapp.com/index/pt-br/transporte_p%C3%BAblico-line-682-Sao_Paulo-242-850661-183336-0,5.3,-23.5337075,-46.6445165,,,,1,2023-06-19T16:11:08+00:00
SAO_271C-10,São Paulo,3550308,True,STT,682,https://moovitapp.com/index/pt-br/transporte_p%C3%BAblico-line-682-Sao_Paulo-242-850661-183336-0,5.3,-23.500428,-46.6053885,,,,1,2023-06-19T16:11:21+00:00
SAO_577T-10,São Paulo,3550308,True,,1291,,,-23.590464625000003,-46.641115,,,,1,2023-06-19T16:11:31+00:00
SAO_577T-10,São Paulo,3550308,True,,1291,,,-23.6468385,-46.645112,,,,1,2023-06-19T16:08:00+00:00
SAO_577T-10,São Paulo,3550308,True,,1291,,,-23.667683,-46.652722,,,,1,2023-06-19T16:11:32+00:00
SAO_908T-10,São Paulo,3550308,True,,34884,,,-23.55565725,-46.6575875,,,,2,2023-06-19T16:11:02+00:00
SAO_908T-10,São Paulo,3550308,True,,34884,,,-23.577587625,-46.680532,,,,2,2023-06-19T16:11:40+00:00
SAO_908T-10,São Paulo,3550308,True,,34884,,,-23.5498545,-46.6307875,,,,2,2023-06-19T16:11:23+00:00
SAO_2006-10,São Paulo,3550308,True,,895,,,-23.510832999999998,-46.366727,,,,1,2023-06-19T16:11:38+00:00
SAO_2006-10,São Paulo,3550308,True,,895,,,-23.510832999999998,-46.366727,,,,1,2023-06-19T16:09:15+00:00
SAO_2006-10,São Paulo,3550308,True,,895,,,-23.4941615,-46.400386,,,,1,2023-06-19T16:09:19+00:00
SAO_2006-10,São Paulo,3550308,True,,895,,,-23.49045975,-46.37556,,,,1,2023-06-19T16:10:55+00:00
SAO_2006-10,São Paulo,3550308,True,,895,,,-23.496644500000002,-46.393260999999995,,,,1,2023-06-19T16:11:41+00:00
SAO_2006-10,São Paulo,3550308,True,,895,,,-23.50980375,-46.3671805,,,,1,2023-06-19T16:04:59+00:00
SAO_2006-10,São Paulo,3550308,True,,895,,,-23.510832999999998,-46.366727,,,,1,2023-06-19T16:07:52+00:00
SAO_9301-10,São Paulo,3550308,True,,33226,,,-23.495852,-46.6619745,,,,2,2023-06-19T16:11:41+00:00
SAO_9301-10,São Paulo,3550308,True,,33226,,,-23.530237125,-46.64692375,,,,2,2023-06-19T16:11:27+00:00
SAO_9301-10,São Paulo,3550308,True,,33226,,,-23.495732250000003,-46.660722625000005,,,,2,2023-06-19T16:11:36+00:00
SAO_5185-10,São Paulo,3550308,True,,34076,,,-23.660473500000002,-46.70404125,,,,2,2023-06-19T16:11:20+00:00
SAO_5185-10,São Paulo,3550308,True,,34076,,,-23.61206675,-46.656814,,,,2,2023-06-19T16:11:31+00:00
SAO_5185-10,São Paulo,3550308,True,,34076,,,-23.66023525,-46.70278725,,,,2,2023-06-19T16:11:24+00:00
SAO_5185-10,São Paulo,3550308,True,,34076,,,-23.61239025,-46.657116,,,,2,2023-06-19T16:11:16+00:00
SAO_5185-10,São Paulo,3550308,True,,34076,,,-23.561877000000003,-46.6445855,,,,2,2023-06-19T16:11:30+00:00
SAO_5185-10,São Paulo,3550308,True,,34076,,,-23.6683575,-46.7355065,,,,2,2023-06-19T16:11:28+00:00
SAO_5185-10,São Paulo,3550308,True,,34076,,,-23.5807055,-46.656906500000005,,,,2,2023-06-19T16:11:17+00:00
SAO_5185-10,São Paulo,3550308,True,,34076,,,-23.576101375,-46.65769225,,,,2,2023-06-19T16:11:07+00:00
SAO_6805-31,São Paulo,3550308,True,,1788,,,-23.6551175,-46.762319500000004,,,,1,2023-06-19T16:11:34+00:00
SAO_6805-31,São Paulo,3550308,True,,1788,,,-23.6551175,-46.762319500000004,,,,1,2023-06-19T16:11:03+00:00
SAO_6805-31,São Paulo,3550308,True,,1788,,,-23.645339999999997,-46.729905,,,,1,2023-06-19T16:11:35+00:00
SAO_748A-10,São Paulo,3550308,True,,33266,,,-23.5758515,-46.7756445,,,,2,2023-06-19T16:11:30+00:00
SAO_748A-10,São Paulo,3550308,True,,33266,,,-23.582507749999998,-46.769846,,,,2,2023-06-19T16:11:02+00:00
SAO_748A-10,São Paulo,3550308,True,,33266,,,-23.5240505,-46.705251000000004,,,,2,2023-06-19T16:11:20+00:00
SAO_748A-10,São Paulo,3550308,True,,33266,,,-23.563949,-46.7492125,,,,2,2023-06-19T16:11:18+00:00
SAO_748A-10,São Paulo,3550308,True,,33266,,,-23.5240505,-46.705251000000004,,,,2,2023-06-19T16:11:34+00:00
SAO_6400-10,São Paulo,3550308,True,,32825,,,-23.643927,-46.7328295,,,,2,2023-06-19T16:11:30+00:00
SAO_6400-10,São Paulo,3550308,True,,32825,,,-23.59505,-46.67316,,,,2,2023-06-19T16:11:44+00:00
SAO_3712-10,São Paulo,3550308,True,,33777,,,-23.551032,-46.4372195,,,,2,2023-06-19T16:11:40+00:00
SAO_3712-10,São Paulo,3550308,True,,33777,,,-23.542686500000002,-46.472357,,,,2,2023-06-19T16:11:41+00:00
SAO_3712-10,São Paulo,3550308,True,,33777,,,-23.55296125,-46.42555625,,,,2,2023-06-19T16:11:10+00:00
SAO_3712-10,São Paulo,3550308,True,,33777,,,-23.55296125,-46.42555625,,,,2,2023-06-19T16:11:21+00:00
SAO_6012-31,São Paulo,3550308,True,,1776,,,-23.6935625,-46.785818750000004,,,,1,2023-06-19T16:11:36+00:00
SAO_118C-10,São Paulo,3550308,True,,519,,,-23.48400425,-46.630812500000005,,,,1,2023-06-19T16:11:17+00:00
SAO_118C-10,São Paulo,3550308,True,,519,,,-23.4998425,-46.62548925,,,,1,2023-06-19T16:11:02+00:00
SAO_118C-10,São Paulo,3550308,True,,519,,,-23.538791500000002,-46.6486655,,,,1,2023-06-19T16:11:08+00:00
SAO_118C-10,São Paulo,3550308,True,,519,,,-23.470734999999998,-46.650088999999994,,,,1,2023-06-19T16:11:26+00:00
SAO_118C-10,São Paulo,3550308,True,,519,,,-23.455669999999998,-46.673897499999995,,,,1,2023-06-19T16:11:00+00:00
SAO_4732-10,São Paulo,3550308,True,,33070,,,-23.641652,-46.60661075,,,,2,2023-06-19T16:11:32+00:00
SAO_4732-10,São Paulo,3550308,True,,33070,,,-23.6475205,-46.6008525,,,,2,2023-06-19T16:11:00+00:00
SAO_4732-10,São Paulo,3550308,True,,33070,,,-23.647538500000003,-46.6005685,,,,2,2023-06-19T16:10:58+00:00
SAO_4732-10,São Paulo,3550308,True,,33070,,,-23.6184455,-46.638504499999996,,,,2,2023-06-19T16:11:10+00:00
SAO_4732-10,São Paulo,3550308,True,,33070,,,-23.6184455,-46.638504499999996,,,,2,2023-06-19T16:11:26+00:00
SAO_516N-10,São Paulo,3550308,True,,33034,,,-23.689969249999997,-46.649679000000006,,,,2,2023-06-19T16:11:25+00:00
SAO_516N-10,São Paulo,3550308,True,,33034,,,-23.694032749999998,-46.64595975,,,,2,2023-06-19T16:11:34+00:00
SAO_516N-10,São Paulo,3550308,True,,33034,,,-23.588172375,-46.676708250000004,,,,2,2023-06-19T16:11:00+00:00
SAO_516N-10,São Paulo,3550308,True,,33034,,,-23.666031874999998,-46.65678737500001,,,,2,2023-06-19T16:11:11+00:00
SAO_516N-10,São Paulo,3550308,True,,33034,,,-23.6442995,-46.672597499999995,,,,2,2023-06-19T16:11:28+00:00
SAO_516N-10,São Paulo,3550308,True,,33034,,,-23.6639805,-46.660903000000005,,,,2,2023-06-19T16:11:39+00:00
SAO_516N-10,São Paulo,3550308,True,,33034,,,-23.689736500000002,-46.6497535,,,,2,2023-06-19T16:11:22+00:00
SAO_516N-10,São Paulo,3550308,True,,33034,,,-23.58729175,-46.67156075,,,,2,2023-06-19T16:11:09+00:00
SAO_809D-10,São Paulo,3550308,True,,2068,,,-23.590031,-46.7673445,,,,1,2023-06-19T16:11:18+00:00
SAO_809D-10,São Paulo,3550308,True,,2068,,,-23.56555875,-46.7010795,,,,1,2023-06-19T16:11:20+00:00
SAO_809D-10,São Paulo,3550308,True,,2068,,,-23.5715885,-46.7076625,,,,1,2023-06-19T16:11:46+00:00
SAO_5630-10,São Paulo,3550308,True,,78,,,-23.7374635,-46.697805,,,,1,2023-06-19T16:11:16+00:00
SAO_5630-10,São Paulo,3550308,True,,78,,,-23.7374635,-46.697805,,,,1,2023-06-19T16:11:25+00:00
SAO_5630-10,São Paulo,3550308,True,,78,,,-23.735712499999998,-46.69611125,,,,1,2023-06-19T16:11:40+00:00
SAO_5630-10,São Paulo,3550308,True,,78,,,-23.7374635,-46.697805,,,,1,2023-06-19T16:11:21+00:00
SAO_5630-10,São Paulo,3550308,True,,78,,,-23.6592,-46.679515,,,,1,2023-06-19T16:11:33+00:00
SAO_5630-10,São Paulo,3550308,True,,78,,,-23.7374635,-46.697805,,,,1,2023-06-19T16:11:44+00:00
SAO_5630-10,São Paulo,3550308,True,,78,,,-23.547984,-46.618628,,,,1,2023-06-19T16:11:39+00:00
SAO_5630-10,São Paulo,3550308,True,,78,,,-23.612582625,-46.657109375,,,,1,2023-06-19T16:11:33+00:00
SAO_5630-10,São Paulo,3550308,True,,78,,,-23.546346,-46.62254,,,,1,2023-06-19T16:11:12+00:00
SAO_5630-10,São Paulo,3550308,True,,78,,,-23.7114245,-46.6990955,,,,1,2023-06-19T16:09:29+00:00
SAO_5630-10,São Paulo,3550308,True,,78,,,-23.7374635,-46.697805,,,,1,2023-06-19T16:11:23+00:00
SAO_2740-10,São Paulo,3550308,True,,34560,,,-23.457787500000002,-46.6425785,,,,2,2023-06-19T16:10:59+00:00
SAO_2740-10,São Paulo,3550308,True,,34560,,,-23.458094,-46.642975500000006,,,,2,2023-06-19T16:11:00+00:00
SAO_2740-10,São Paulo,3550308,True,,34560,,,-23.4580645,-46.6433105,,,,2,2023-06-19T16:11:05+00:00
SAO_2740-10,São Paulo,3550308,True,,34560,,,-23.4580645,-46.6433105,,,,2,2023-06-19T16:11:11+00:00
SAO_2740-10,São Paulo,3550308,True,,34560,,,-23.458489,-46.6198895,,,,2,2023-06-19T16:11:03+00:00
SAO_2740-10,São Paulo,3550308,True,,34560,,,-23.46098,-46.6280955,,,,2,2023-06-19T16:10:39+00:00
SAO_2740-10,São Paulo,3550308,True,,34560,,,-23.5042185,-46.62321575,,,,2,2023-06-19T16:10:59+00:00
SAO_209P-1,São Paulo,3550308,True,,35069,,,-23.47277475,-46.6701725,,,,2,2023-06-19T16:11:33+00:00
SAO_209P-1,São Paulo,3550308,True,,35069,,,-23.473322250000002,-46.67010775,,,,2,2023-06-19T16:11:36+00:00
SAO_209P-1,São Paulo,3550308,True,,35069,,,-23.5550455,-46.680861,,,,2,2023-06-19T16:11:16+00:00
SAO_209P-1,São Paulo,3550308,True,,35069,,,-23.5245125,-46.66572375,,,,2,2023-06-19T16:11:10+00:00
SAO_2451-10,São Paulo,3550308,True,EMTU,213,https://moovitapp.com/index/pt-br/transporte_p%C3%BAblico-line-213-Sao_Paulo-242-2038937-36419335-0,6.7,-23.52795075,-46.50011325,,,,1,2023-06-19T16:07:34+00:00
SAO_2451-10,São Paulo,3550308,True,EMTU,213,https://moovitapp.com/index/pt-br/transporte_p%C3%BAblico-line-213-Sao_Paulo-242-2038937-36419335-0,6.7,-23.528461999999998,-46.5545695,,,,1,2023-06-19T16:11:14+00:00
SAO_1012-10,São Paulo,3550308,True,,2486,,,-23.445309,-46.7995345,,,,1,2023-06-19T16:11:37+00:00
SAO_1012-10,São Paulo,3550308,True,,2486,,,-23.432145,-46.787099999999995,,,,1,2023-06-19T16:11:16+00:00
SAO_1012-10,São Paulo,3550308,True,,2486,,,-23.433231499999998,-46.800571,,,,1,2023-06-19T16:11:21+00:00
SAO_8029-10,São Paulo,3550308,True,,35308,,,-23.615239000000003,-46.746427,,,,2,2023-06-19T16:11:14+00:00
SAO_8029-10,São Paulo,3550308,True,,35308,,,-23.615398,-46.746458000000004,,,,2,2023-06-19T16:11:23+00:00
SAO_8029-10,São Paulo,3550308,True,,35308,,,-23.5855945,-46.724115,,,,2,2023-06-19T16:11:05+00:00
SAO_8029-10,São Paulo,3550308,True,,35308,,,-23.615398,-46.746458000000004,,,,2,2023-06-19T16:09:43+00:00
SAO_8029-10,São Paulo,3550308,True,,35308,,,-23.6154705,-46.7401805,,,,2,2023-06-19T16:11:23+00:00
SAO_8029-10,São Paulo,3550308,True,,35308,,,-23.614913,-46.7458535,,,,2,2023-06-19T16:11:14+00:00
SAO_8029-10,São Paulo,3550308,True,,35308,,,-23.5861565,-46.724461000000005,,,,2,2023-06-19T16:11:03+00:00
SAO_403A-10,São Paulo,3550308,True,,34960,,,-23.5493295,-46.50873475,,,,2,2023-06-19T16:11:31+00:00
SAO_403A-10,São Paulo,3550308,True,,34960,,,-23.555628,-46.445049749999995,,,,2,2023-06-19T16:11:23+00:00
SAO_403A-10,São Paulo,3550308,True,,34960,,,-23.542416,-46.433515375,,,,2,2023-06-19T16:11:29+00:00
SAO_403A-10,São Paulo,3550308,True,,34960,,,-23.5279180625,-46.55511456250001,,,,2,2023-06-19T16:10:59+00:00
SAO_403A-10,São Paulo,3550308,True,,34960,,,-23.540503,-46.431996,,,,2,2023-06-19T16:11:22+00:00
SAO_403A-10,São Paulo,3550308,True,,34960,,,-23.540297,-46.431876,,,,2,2023-06-19T16:11:04+00:00
SAO_403A-10,São Paulo,3550308,True,,34960,,,-23.540297,-46.431876,,,,2,2023-06-19T16:11:10+00:00
SAO_7005-51,São Paulo,3550308,True,,1999,,,-23.693314,-46.77919,,,,1,2023-06-19T16:11:36+00:00
SAO_7005-51,São Paulo,3550308,True,,1999,,,-23.721891,-46.785158499999994,,,,1,2023-06-19T16:11:29+00:00
SAO_7005-51,São Paulo,3550308,True,,1999,,,-23.718654,-46.7846245,,,,1,2023-06-19T16:11:44+00:00
SAO_7005-51,São Paulo,3550308,True,,1999,,,-23.672487500000003,-46.7733955,,,,1,2023-06-19T16:11:27+00:00
SAO_4726-10,São Paulo,3550308,True,,1680,,,-23.541038999999998,-46.576837,,,,1,2023-06-19T16:11:44+00:00
SAO_4726-10,São Paulo,3550308,True,,1680,,,-23.552568625,-46.580803249999995,,,,1,2023-06-19T16:11:16+00:00
SAO_4726-10,São Paulo,3550308,True,,1680,,,-23.563505,-46.591331499999995,,,,1,2023-06-19T16:11:45+00:00
SAO_4726-10,São Paulo,3550308,True,,1680,,,-23.564877499999998,-46.5858795,,,,1,2023-06-19T16:11:02+00:00
SAO_4726-10,São Paulo,3550308,True,,1680,,,-23.544292499999997,-46.577105,,,,1,2023-06-19T16:11:39+00:00
SAO_4726-10,São Paulo,3550308,True,,1680,,,-23.561158499999998,-46.58434025,,,,1,2023-06-19T16:11:44+00:00
SAO_1178-10,São Paulo,3550308,True,,32900,,,-23.53758725,-46.633639,,,,2,2023-06-19T16:11:26+00:00
SAO_1178-10,São Paulo,3550308,True,,32900,,,-23.504152499999996,-46.432775,,,,2,2023-06-19T16:11:37+00:00
SAO_1178-10,São Paulo,3550308,True,,32900,,,-23.5066925,-46.532425,,,,2,2023-06-19T16:10:14+00:00
SAO_1178-10,São Paulo,3550308,True,,32900,,,-23.5041765,-46.433013,,,,2,2023-06-19T16:11:16+00:00
SAO_1178-10,São Paulo,3550308,True,,32900,,,-23.493899749999997,-46.507276000000005,,,,2,2023-06-19T16:11:34+00:00
SAO_1178-10,São Paulo,3550308,True,,32900,,,-23.525254875,-46.5521055,,,,2,2023-06-19T16:11:42+00:00
SAO_1178-10,São Paulo,3550308,True,,32900,,,-23.490983999999997,-46.479035749999994,,,,2,2023-06-19T16:11:06+00:00
SAO_1178-10,São Paulo,3550308,True,,32900,,,-23.493424500000003,-46.441241000000005,,,,2,2023-06-19T16:08:39+00:00
SAO_1178-10,São Paulo,3550308,True,,32900,,,-23.5251705,-46.601374500000006,,,,2,2023-06-19T16:11:19+00:00
SAO_8528-10,São Paulo,3550308,True,,33343,,,-23.5208695,-46.6675895,,,,2,2023-06-19T16:11:40+00:00
SAO_8528-10,São Paulo,3550308,True,,33343,,,-23.541449749999998,-46.64195125,,,,2,2023-06-19T16:11:23+00:00
SAO_8528-10,São Paulo,3550308,True,,33343,,,-23.5017375,-46.694931499999996,,,,2,2023-06-19T16:11:17+00:00
SAO_8528-10,São Paulo,3550308,True,,33343,,,-23.4603685,-46.698488499999996,,,,2,2023-06-19T16:11:10+00:00
SAO_8528-10,São Paulo,3550308,True,,33343,,,-23.4929225,-46.696448000000004,,,,2,2023-06-19T16:10:16+00:00
SAO_8528-10,São Paulo,3550308,True,,33343,,,-23.4615645,-46.69032075,,,,2,2023-06-19T16:11:11+00:00
SAO_736I-10,São Paulo,3550308,True,STT,781,https://moovitapp.com/index/pt-br/transporte_p%C3%BAblico-line-781-Sao_Paulo-242-850661-183349-0,5.3,-23.6498405,-46.707801,,,,1,2023-06-19T16:11:30+00:00
SAO_736I-10,São Paulo,3550308,True,STT,781,https://moovitapp.com/index/pt-br/transporte_p%C3%BAblico-line-781-Sao_Paulo-242-850661-183349-0,5.3,-23.64927025,-46.70794375,,,,1,2023-06-19T16:11:39+00:00
SAO_736I-10,São Paulo,3550308,True,STT,781,https://moovitapp.com/index/pt-br/transporte_p%C3%BAblico-line-781-Sao_Paulo-242-850661-183349-0,5.3,-23.64927025,-46.70794375,,,,1,2023-06-19T16:11:34+00:00
SAO_736I-10,São Paulo,3550308,True,STT,781,https://moovitapp.com/index/pt-br/transporte_p%C3%BAblico-line-781-Sao_Paulo-242-850661-183349-0,5.3,-23.631514,-46.7514055,,,,1,2023-06-19T16:11:04+00:00
SAO_736I-10,São Paulo,3550308,True,STT,781,https://moovitapp.com/index/pt-br/transporte_p%C3%BAblico-line-781-Sao_Paulo-242-850661-183349-0,5.3,-23.64951875,-46.70788325,,,,1,2023-06-19T16:11:28+00:00
SAO_736I-10,São Paulo,3550308,True,STT,781,https://moovitapp.com/index/pt-br/transporte_p%C3%BAblico-line-781-Sao_Paulo-242-850661-183349-0,5.3,-23.632875,-46.7479035,,,,1,2023-06-19T16:11:20+00:00
SAO_736I-10,São Paulo,3550308,True,STT,781,https://moovitapp.com/index/pt-br/transporte_p%C3%BAblico-line-781-Sao_Paulo-242-850661-183349-0,5.3,-23.632875,-46.7479035,,,,1,2023-06-19T16:11:03+00:00
SAO_736I-10,São Paulo,3550308,True,STT,781,https://moovitapp.com/index/pt-br/transporte_p%C3%BAblico-line-781-Sao_Paulo-242-850661-183349-0,5.3,-23.632875,-46.7479035,,,,1,2023-06-19T16:11:20+00:00
SAO_736I-10,São Paulo,3550308,True,STT,781,https://moovitapp.com/index/pt-br/transporte_p%C3%BAblico-line-781-Sao_Paulo-242-850661-183349-0,5.3,-23.6402955,-46.747759,,,,1,2023-06-19T16:11:35+00:00
SAO_736I-10,São Paulo,3550308,True,STT,781,https://moovitapp.com/index/pt-br/transporte_p%C3%BAblico-line-781-Sao_Paulo-242-850661-183349-0,5.3,-23.64927025,-46.70794375,,,,1,2023-06-19T16:11:38+00:00
SAO_736I-10,São Paulo,3550308,True,STT,781,https://moovitapp.com/index/pt-br/transporte_p%C3%BAblico-line-781-Sao_Paulo-242-850661-183349-0,5.3,-23.6441005,-46.7345045,,,,1,2023-06-19T16:09:54+00:00
SAO_9501-10,São Paulo,3550308,True,,33230,,,-23.481600999999998,-46.674812,,,,2,2023-06-19T16:11:37+00:00
SAO_9501-10,São Paulo,3550308,True,,33230,,,-23.474981,-46.67017,,,,2,2023-06-19T16:11:44+00:00
SAO_9501-10,São Paulo,3550308,True,,33230,,,-23.4873455,-46.6824255,,,,2,2023-06-19T16:11:33+00:00
SAO_9501-10,São Paulo,3550308,True,,33230,,,-23.4824495,-46.676625,,,,2,2023-06-19T16:11:15+00:00
SAO_9501-10,São Paulo,3550308,True,,33230,,,-23.5173575,-46.6815965,,,,2,2023-06-19T16:11:20+00:00
SAO_9501-10,São Paulo,3550308,True,,33230,,,-23.537661500000002,-46.64148875,,,,2,2023-06-19T16:11:38+00:00
SAO_9501-10,São Paulo,3550308,True,,33230,,,-23.4742495,-46.669781,,,,2,2023-06-19T16:11:23+00:00
SAO_9501-10,São Paulo,3550308,True,,33230,,,-23.522381874999997,-46.660749249999995,,,,2,2023-06-19T16:11:04+00:00
SAO_9501-10,São Paulo,3550308,True,,33230,,,-23.5373795,-46.6416975,,,,2,2023-06-19T16:11:29+00:00
SAO_2766-10,São Paulo,3550308,True,EMTU,405,https://moovitapp.com/index/pt-br/transporte_p%C3%BAblico-line-405-Sao_Paulo-242-2038937-36419467-0,5.35,-23.496949375,-46.44214875,,,,1,2023-06-19T16:11:03+00:00
SAO_2766-10,São Paulo,3550308,True,EMTU,405,https://moovitapp.com/index/pt-br/transporte_p%C3%BAblico-line-405-Sao_Paulo-242-2038937-36419467-0,5.35,-23.49469925,-46.4135045,,,,1,2023-06-19T16:11:05+00:00
SAO_2766-10,São Paulo,3550308,True,EMTU,405,https://moovitapp.com/index/pt-br/transporte_p%C3%BAblico-line-405-Sao_Paulo-242-2038937-36419467-0,5.35,-23.543412,-46.4633025,,,,1,2023-06-19T16:09:37+00:00
SAO_2766-10,São Paulo,3550308,True,EMTU,405,https://moovitapp.com/index/pt-br/transporte_p%C3%BAblico-line-405-Sao_Paulo-242-2038937-36419467-0,5.35,-23.5125,-46.4436795,,,,1,2023-06-19T16:08:54+00:00
SAO_407R-10,São Paulo,3550308,True,,34969,,,-23.552689,-46.579106624999994,,,,2,2023-06-19T16:11:04+00:00
SAO_407R-10,São Paulo,3550308,True,,34969,,,-23.561888500000002,-46.522258,,,,2,2023-06-19T16:11:24+00:00
SAO_407R-10,São Paulo,3550308,True,,34969,,,-23.562456,-46.550476,,,,2,2023-06-19T16:11:04+00:00
SAO_9047-10,São Paulo,3550308,True,,33651,,,-23.4613235,-46.713106499999995,,,,2,2023-06-19T16:11:32+00:00
SAO_9047-10,São Paulo,3550308,True,,33651,,,-23.461492999999997,-46.713212999999996,,,,2,2023-06-19T16:11:30+00:00
SAO_9047-10,São Paulo,3550308,True,,33651,,,-23.461478,-46.7084365,,,,2,2023-06-19T16:11:18+00:00
SAO_9047-10,São Paulo,3550308,True,,33651,,,-23.461492999999997,-46.713212999999996,,,,2,2023-06-19T16:11:30+00:00
SAO_9047-10,São Paulo,3550308,True,,33651,,,-23.49143875,-46.6951185,,,,2,2023-06-19T16:11:35+00:00
SAO_9047-10,São Paulo,3550308,True,,33651,,,-23.509124,-46.700319750000006,,,,2,2023-06-19T16:09:07+00:00
SAO_9047-10,São Paulo,3550308,True,,33651,,,-23.518052750000003,-46.700791,,,,2,2023-06-19T16:11:39+00:00
SAO_9047-10,São Paulo,3550308,True,,33651,,,-23.4764815,-46.690909500000004,,,,2,2023-06-19T16:11:11+00:00
SAO_9047-10,São Paulo,3550308,True,,33651,,,-23.509607,-46.707592000000005,,,,2,2023-06-19T16:11:13+00:00
SAO_273J-10,São Paulo,3550308,True,,33157,,,-23.479006,-46.384915,,,,2,2023-06-19T16:11:16+00:00
SAO_273J-10,São Paulo,3550308,True,,33157,,,-23.484409749999998,-46.424175000000005,,,,2,2023-06-19T16:11:00+00:00
SAO_273J-10,São Paulo,3550308,True,,33157,,,-23.4899985,-46.420882,,,,2,2023-06-19T16:11:38+00:00
SAO_273J-10,São Paulo,3550308,True,,33157,,,-23.5317845,-46.5436385,,,,2,2023-06-19T16:11:13+00:00
SAO_273J-10,São Paulo,3550308,True,,33157,,,-23.5082095,-46.45935325,,,,2,2023-06-19T16:11:45+00:00
SAO_273J-10,São Paulo,3550308,True,,33157,,,-23.4854955,-46.3871235,,,,2,2023-06-19T16:09:09+00:00
SAO_6422-10,São Paulo,3550308,True,EMTU,361,https://moovitapp.com/index/pt-br/transporte_p%C3%BAblico-line-361-Sao_Paulo-242-2038937-36419442-0,7.9,-23.6326675,-46.69335375,,,,1,2023-06-19T16:11:37+00:00
SAO_6422-10,São Paulo,3550308,True,EMTU,361,https://moovitapp.com/index/pt-br/transporte_p%C3%BAblico-line-361-Sao_Paulo-242-2038937-36419442-0,7.9,-23.591649750000002,-46.672610750000004,,,,1,2023-06-19T16:11:34+00:00
SAO_6422-10,São Paulo,3550308,True,EMTU,361,https://moovitapp.com/index/pt-br/transporte_p%C3%BAblico-line-361-Sao_Paulo-242-2038937-36419442-0,7.9,-23.57874725,-46.670885999999996,,,,1,2023-06-19T16:11:42+00:00
SAO_514T-10,São Paulo,3550308,True,,1671,,,-23.588131250000004,-46.60730099999999,,,,1,2023-06-19T16:11:08+00:00
SAO_514T-10,São Paulo,3550308,True,,1671,,,-23.602792,-46.6023785,,,,1,2023-06-19T16:11:17+00:00
SAO_514T-10,São Paulo,3550308,True,,1671,,,-23.596576,-46.5012775,,,,1,2023-06-19T16:11:35+00:00
SAO_514T-10,São Paulo,3550308,True,,1671,,,-23.5837085,-46.59018725,,,,1,2023-06-19T16:11:21+00:00
SAO_514T-10,São Paulo,3550308,True,,1671,,,-23.582364125,-46.6021575,,,,1,2023-06-19T16:11:29+00:00
SAO_514T-10,São Paulo,3550308,True,,1671,,,-23.58702725,-46.5444385,,,,1,2023-06-19T16:11:17+00:00
SAO_514T-10,São Paulo,3550308,True,,1671,,,-23.58297475,-46.5681515,,,,1,2023-06-19T16:11:43+00:00
SAO_514T-10,São Paulo,3550308,True,,1671,,,-23.5966275,-46.501168,,,,1,2023-06-19T16:11:27+00:00
SAO_514T-10,São Paulo,3550308,True,,1671,,,-23.586996,-46.53403350000001,,,,1,2023-06-19T16:11:41+00:00
SAO_514T-10,São Paulo,3550308,True,,1671,,,-23.596544,-46.5013895,,,,1,2023-06-19T16:11:09+00:00
SAO_514T-10,São Paulo,3550308,True,,1671,,,-23.593101500000003,-46.498408749999996,,,,1,2023-06-19T16:11:12+00:00
SAO_978A-10,São Paulo,3550308,True,,34137,,,-23.4838375,-46.679122,,,,2,2023-06-19T16:11:24+00:00
SAO_978A-10,São Paulo,3550308,True,,34137,,,-23.4833535,-46.678481500000004,,,,2,2023-06-19T16:11:38+00:00
SAO_978A-10,São Paulo,3550308,True,,34137,,,-23.515444,-46.688474,,,,2,2023-06-19T16:11:30+00:00
SAO_978A-10,São Paulo,3550308,True,,34137,,,-23.515228,-46.68981025,,,,2,2023-06-19T16:11:08+00:00
SAO_978A-10,São Paulo,3550308,True,,34137,,,-23.499009,-46.68539625,,,,2,2023-06-19T16:11:34+00:00
SAO_6913-21,São Paulo,3550308,True,,1549,,,-23.766790999999998,-46.716458,,,,1,2023-06-19T16:10:57+00:00
SAO_6913-21,São Paulo,3550308,True,,1549,,,-23.766790999999998,-46.716458,,,,1,2023-06-19T16:11:32+00:00
SAO_6913-21,São Paulo,3550308,True,,1549,,,-23.766790999999998,-46.716458,,,,1,2023-06-19T16:11:42+00:00
SAO_546A-10,São Paulo,3550308,True,,1131,,,-23.697448,-46.6487755,,,,1,2023-06-19T16:11:15+00:00
SAO_546A-10,São Paulo,3550308,True,,1131,,,-23.69461975,-46.6756075,,,,1,2023-06-19T16:11:43+00:00
SAO_546A-10,São Paulo,3550308,True,,1131,,,-23.66780625,-46.68961675,,,,1,2023-06-19T16:11:18+00:00
SAO_546A-10,São Paulo,3550308,True,,1131,,,-23.6543235,-46.7042885,,,,1,2023-06-19T16:11:22+00:00
SAO_3901-10,São Paulo,3550308,True,,34237,,,-23.52388,-46.548138,,,,2,2023-06-19T16:11:40+00:00
SAO_3901-10,São Paulo,3550308,True,,34237,,,-23.50489825,-46.50822925,,,,2,2023-06-19T16:11:01+00:00
SAO_3901-10,São Paulo,3550308,True,,34237,,,-23.4987395,-46.50209475,,,,2,2023-06-19T16:11:23+00:00
SAO_4011-10,São Paulo,3550308,True,,34952,,,-23.62273675,-46.4174855,,,,2,2023-06-19T16:06:30+00:00
SAO_4011-10,São Paulo,3550308,True,,34952,,,-23.6224955,-46.4141075,,,,2,2023-06-19T16:11:12+00:00
SAO_4011-10,São Paulo,3550308,True,,34952,,,-23.5978195,-46.458170249999995,,,,2,2023-06-19T16:11:06+00:00
SAO_4011-10,São Paulo,3550308,True,,34952,,,-23.622324499999998,-46.4136695,,,,2,2023-06-19T16:10:40+00:00
SAO_4011-10,São Paulo,3550308,True,,34952,,,-23.60263625,-46.470555000000004,,,,2,2023-06-19T16:11:32+00:00
SAO_4011-10,São Paulo,3550308,True,,34952,,,-23.6225295,-46.414136,,,,2,2023-06-19T16:11:12+00:00
SAO_4011-10,São Paulo,3550308,True,,34952,,,-23.609823249999998,-46.4260955,,,,2,2023-06-19T16:11:10+00:00
SAO_4011-10,São Paulo,3550308,True,,34952,,,-23.6224955,-46.4141075,,,,2,2023-06-19T16:05:50+00:00
SAO_4011-10,São Paulo,3550308,True,,34952,,,-23.6224175,-46.414038500000004,,,,2,2023-06-19T16:09:51+00:00
SAO_4011-10,São Paulo,3550308,True,,34952,,,-23.622307,-46.4139265,,,,2,2023-06-19T16:11:27+00:00
SAO_8027-10,São Paulo,3550308,True,,2162,,,-23.575131,-46.729327,,,,1,2023-06-19T16:11:11+00:00
SAO_6840-10,São Paulo,3550308,True,EMTU,201,https://moovitapp.com/index/pt-br/transporte_p%C3%BAblico-line-201-Sao_Paulo-242-2038937-58093160-0,20.4,-23.732263,-46.786442,,,,1,2023-06-19T16:11:34+00:00
SAO_6840-10,São Paulo,3550308,True,EMTU,201,https://moovitapp.com/index/pt-br/transporte_p%C3%BAblico-line-201-Sao_Paulo-242-2038937-58093160-0,20.4,-23.732512999999997,-46.78660625,,,,1,2023-06-19T16:11:40+00:00
SAO_6840-10,São Paulo,3550308,True,EMTU,201,https://moovitapp.com/index/pt-br/transporte_p%C3%BAblico-line-201-Sao_Paulo-242-2038937-58093160-0,20.4,-23.6699305,-46.7730935,,,,1,2023-06-19T16:10:52+00:00
SAO_6840-10,São Paulo,3550308,True,EMTU,201,https://moovitapp.com/index/pt-br/transporte_p%C3%BAblico-line-201-Sao_Paulo-242-2038937-58093160-0,20.4,-23.6605745,-46.7677615,,,,1,2023-06-19T16:11:25+00:00
SAO_6840-10,São Paulo,3550308,True,EMTU,201,https://moovitapp.com/index/pt-br/transporte_p%C3%BAblico-line-201-Sao_Paulo-242-2038937-58093160-0,20.4,-23.68714725,-46.77138625,,,,1,2023-06-19T16:11:10+00:00
SAO_6840-10,São Paulo,3550308,True,EMTU,201,https://moovitapp.com/index/pt-br/transporte_p%C3%BAblico-line-201-Sao_Paulo-242-2038937-58093160-0,20.4,-23.654101,-46.763310000000004,,,,1,2023-06-19T16:11:18+00:00
SAO_6840-10,São Paulo,3550308,True,EMTU,201,https://moovitapp.com/index/pt-br/transporte_p%C3%BAblico-line-201-Sao_Paulo-242-2038937-58093160-0,20.4,-23.70742125,-46.7843955,,,,1,2023-06-19T16:11:26+00:00
SAO_6017-10,São Paulo,3550308,True,,1206,,,-23.6604955,-46.7047945,,,,1,2023-06-19T16:11:31+00:00
SAO_6017-10,São Paulo,3550308,True,,1206,,,-23.666804875000004,-46.7222095,,,,1,2023-06-19T16:11:13+00:00
SAO_6017-10,São Paulo,3550308,True,,1206,,,-23.694584,-46.7792935,,,,1,2023-06-19T16:11:29+00:00
SAO_6017-10,São Paulo,3550308,True,,1206,,,-23.696498499999997,-46.76089,,,,1,2023-06-19T16:11:38+00:00
SAO_6017-10,São Paulo,3550308,True,,1206,,,-23.682036,-46.7670365,,,,1,2023-06-19T16:11:35+00:00
SAO_3206-10,São Paulo,3550308,True,,34880,,,-23.51454675,-46.5463705,,,,2,2023-06-19T16:11:08+00:00
SAO_3206-10,São Paulo,3550308,True,,34880,,,-23.5335025,-46.545801499999996,,,,2,2023-06-19T16:11:42+00:00
SAO_3206-10,São Paulo,3550308,True,,34880,,,-23.519413375,-46.547896,,,,2,2023-06-19T16:11:29+00:00
SAO_809T-10,São Paulo,3550308,True,,35014,,,-23.521345,-46.733762,,,,2,2023-06-19T16:11:22+00:00
SAO_809T-10,São Paulo,3550308,True,,35014,,,-23.585752,-46.80545,,,,2,2023-06-19T16:11:07+00:00
SAO_809T-10,São Paulo,3550308,True,,35014,,,-23.5856145,-46.8057505,,,,2,2023-06-19T16:11:32+00:00
SAO_809T-10,São Paulo,3550308,True,,35014,,,-23.570294500000003,-46.7582625,,,,2,2023-06-19T16:11:04+00:00
SAO_5022-10,São Paulo,3550308,True,,33888,,,-23.672299000000002,-46.6379735,,,,2,2023-06-19T16:11:32+00:00
SAO_5022-10,São Paulo,3550308,True,,33888,,,-23.6720685,-46.638756,,,,2,2023-06-19T16:11:30+00:00
SAO_5022-10,São Paulo,3550308,True,,33888,,,-23.6711435,-46.64448075,,,,2,2023-06-19T16:11:44+00:00
SAO_5022-10,São Paulo,3550308,True,,33888,,,-23.672228,-46.638205,,,,2,2023-06-19T16:11:28+00:00
SAO_5022-10,São Paulo,3550308,True,,33888,,,-23.6721505,-46.638467,,,,2,2023-06-19T16:11:14+00:00
SAO_5022-10,São Paulo,3550308,True,,33888,,,-23.652393500000002,-46.6374895,,,,2,2023-06-19T16:10:56+00:00
SAO_5022-10,São Paulo,3550308,True,,33888,,,-23.672299000000002,-46.6379735,,,,2,2023-06-19T16:11:31+00:00
SAO_2723-10,São Paulo,3550308,True,,33705,,,-23.487720250000002,-46.463173499999996,,,,2,2023-06-19T16:11:36+00:00
SAO_2723-10,São Paulo,3550308,True,,33705,,,-23.534495,-46.4531185,,,,2,2023-06-19T16:11:15+00:00
SAO_2723-10,São Paulo,3550308,True,,33705,,,-23.513233999999997,-46.443745500000006,,,,2,2023-06-19T16:11:17+00:00
SAO_2723-10,São Paulo,3550308,True,,33705,,,-23.483829,-46.4593345,,,,2,2023-06-19T16:11:08+00:00
SAO_2723-10,São Paulo,3550308,True,,33705,,,-23.491956000000002,-46.4441875,,,,2,2023-06-19T16:11:15+00:00
SAO_3064-10,São Paulo,3550308,True,,33748,,,-23.579571,-46.415281,,,,2,2023-06-19T16:11:42+00:00
SAO_3064-10,São Paulo,3550308,True,,33748,,,-23.5430265,-46.4157135,,,,2,2023-06-19T16:11:39+00:00
SAO_3064-10,São Paulo,3550308,True,,33748,,,-23.591472,-46.407424125000006,,,,2,2023-06-19T16:11:35+00:00
SAO_3064-10,São Paulo,3550308,True,,33748,,,-23.559344000000003,-46.411618000000004,,,,2,2023-06-19T16:10:56+00:00
SAO_3064-10,São Paulo,3550308,True,,33748,,,-23.599507000000003,-46.4015285,,,,2,2023-06-19T16:09:17+00:00
SAO_1767-10,São Paulo,3550308,True,,628,,,-23.473826,-46.5661475,,,,1,2023-06-19T16:11:43+00:00
SAO_1767-10,São Paulo,3550308,True,,628,,,-23.4770045,-46.596635000000006,,,,1,2023-06-19T16:11:43+00:00
SAO_1767-10,São Paulo,3550308,True,,628,,,-23.47582775,-46.569711125,,,,1,2023-06-19T16:11:28+00:00
SAO_5024-10,São Paulo,3550308,True,,1122,,,-23.68858,-46.648693,,,,1,2023-06-19T16:11:27+00:00
SAO_5024-10,São Paulo,3550308,True,,1122,,,-23.664663500000003,-46.69089700000001,,,,1,2023-06-19T16:11:17+00:00
SAO_5024-10,São Paulo,3550308,True,,1122,,,-23.679184749999997,-46.68463475,,,,1,2023-06-19T16:11:14+00:00
SAO_5024-10,São Paulo,3550308,True,,1122,,,-23.689059,-46.6631615,,,,1,2023-06-19T16:11:19+00:00
SAO_4007-10,São Paulo,3550308,True,,2181,,,-23.56247725,-46.40630725,,,,1,2023-06-19T16:11:05+00:00
SAO_4007-10,São Paulo,3550308,True,,2181,,,-23.556911749999998,-46.474358499999994,,,,1,2023-06-19T16:11:00+00:00
SAO_4007-10,São Paulo,3550308,True,,2181,,,-23.553721875,-46.4901355,,,,1,2023-06-19T16:11:33+00:00
SAO_4007-10,São Paulo,3550308,True,,2181,,,-23.55197675,-46.44396725,,,,1,2023-06-19T16:11:17+00:00
SAO_2767-10,São Paulo,3550308,True,,33009,,,-23.5206855,-46.525093,,,,2,2023-06-19T16:11:35+00:00
SAO_4491-10,São Paulo,3550308,True,EMTU,327,https://moovitapp.com/index/pt-br/transporte_p%C3%BAblico-line-327-Sao_Paulo-242-2038937-36419415-0,5.35,-23.548578,-46.626048,,,,1,2023-06-19T16:11:41+00:00
SAO_4491-10,São Paulo,3550308,True,EMTU,327,https://moovitapp.com/index/pt-br/transporte_p%C3%BAblico-line-327-Sao_Paulo-242-2038937-36419415-0,5.35,-23.653889999999997,-46.601946,,,,1,2023-06-19T16:11:25+00:00
SAO_4491-10,São Paulo,3550308,True,EMTU,327,https://moovitapp.com/index/pt-br/transporte_p%C3%BAblico-line-327-Sao_Paulo-242-2038937-36419415-0,5.35,-23.62311675,-46.628116125000005,,,,1,2023-06-19T16:11:43+00:00
SAO_4491-10,São Paulo,3550308,True,EMTU,327,https://moovitapp.com/index/pt-br/transporte_p%C3%BAblico-line-327-Sao_Paulo-242-2038937-36419415-0,5.35,-23.6518035,-46.601808,,,,1,2023-06-19T16:11:10+00:00
SAO_9015-10,São Paulo,3550308,True,,34037,,,-23.4694535,-46.7135935,,,,2,2023-06-19T16:11:01+00:00
SAO_9015-10,São Paulo,3550308,True,,34037,,,-23.487126500000002,-46.7162335,,,,2,2023-06-19T16:11:39+00:00
SAO_9015-10,São Paulo,3550308,True,,34037,,,-23.4694535,-46.7135935,,,,2,2023-06-19T16:11:14+00:00
SAO_9015-10,São Paulo,3550308,True,,34037,,,-23.4694535,-46.7135935,,,,2,2023-06-19T16:11:33+00:00
SAO_9015-10,São Paulo,3550308,True,,34037,,,-23.4694535,-46.7135935,,,,2,2023-06-19T16:11:38+00:00
SAO_9015-10,São Paulo,3550308,True,,34037,,,-23.480418,-46.713096,,,,2,2023-06-19T16:11:42+00:00
SAO_9015-10,São Paulo,3550308,True,,34037,,,-23.4697465,-46.71376,,,,2,2023-06-19T16:11:33+00:00
SAO_6072-10,São Paulo,3550308,True,,34356,,,-23.793908000000002,-46.713454999999996,,,,2,2023-06-19T16:11:03+00:00
SAO_6072-10,São Paulo,3550308,True,,34356,,,-23.8223305,-46.706308,,,,2,2023-06-19T16:11:40+00:00
SAO_6072-10,São Paulo,3550308,True,,34356,,,-23.8273735,-46.697455500000004,,,,2,2023-06-19T16:11:37+00:00
SAO_6072-10,São Paulo,3550308,True,,34356,,,-23.8274015,-46.69739250000001,,,,2,2023-06-19T16:11:14+00:00
SAO_6072-10,São Paulo,3550308,True,,34356,,,-23.7665845,-46.7163125,,,,2,2023-06-19T16:11:44+00:00
SAO_6072-10,São Paulo,3550308,True,,34356,,,-23.8274015,-46.69739250000001,,,,2,2023-06-19T16:11:32+00:00
SAO_6072-10,São Paulo,3550308,True,,34356,,,-23.827348,-46.69764012499999,,,,2,2023-06-19T16:11:08+00:00
SAO_6072-10,São Paulo,3550308,True,,34356,,,-23.7665845,-46.7163125,,,,2,2023-06-19T16:11:45+00:00
SAO_6072-10,São Paulo,3550308,True,,34356,,,-23.772029,-46.719725999999994,,,,2,2023-06-19T16:11:23+00:00
SAO_6258-31,São Paulo,3550308,True,,34551,,,-23.6827985,-46.7569595,,,,2,2023-06-19T16:11:09+00:00
SAO_6258-31,São Paulo,3550308,True,,34551,,,-23.68321,-46.756378999999995,,,,2,2023-06-19T16:11:08+00:00
SAO_8538-10,São Paulo,3550308,True,,34127,,,-23.4782405,-46.7072565,,,,2,2023-06-19T16:11:10+00:00
SAO_8538-10,São Paulo,3550308,True,,34127,,,-23.51226375,-46.6621465,,,,2,2023-06-19T16:11:08+00:00
SAO_8538-10,São Paulo,3550308,True,,34127,,,-23.487996000000003,-46.7034065,,,,2,2023-06-19T16:09:06+00:00
SAO_9020-10,São Paulo,3550308,True,,34202,,,-23.4685845,-46.721347,,,,2,2023-06-19T16:11:14+00:00
SAO_9020-10,São Paulo,3550308,True,,34202,,,-23.4841335,-46.7226335,,,,2,2023-06-19T16:11:40+00:00
SAO_9020-10,São Paulo,3550308,True,,34202,,,-23.4685845,-46.721347,,,,2,2023-06-19T16:11:05+00:00
SAO_9020-10,São Paulo,3550308,True,,34202,,,-23.468928499999997,-46.7213345,,,,2,2023-06-19T16:11:18+00:00
SAO_6037-10,São Paulo,3550308,True,,1215,,,-23.660376499999998,-46.767345500000005,,,,1,2023-06-19T16:11:16+00:00
SAO_6037-10,São Paulo,3550308,True,,1215,,,-23.6517585,-46.75778675,,,,1,2023-06-19T16:11:23+00:00
SAO_6037-10,São Paulo,3550308,True,,1215,,,-23.638214499999997,-46.717961375,,,,1,2023-06-19T16:11:40+00:00
SAO_6037-10,São Paulo,3550308,True,,1215,,,-23.649607000000003,-46.707680499999995,,,,1,2023-06-19T16:11:02+00:00
SAO_6037-10,São Paulo,3550308,True,,1215,,,-23.659843375,-46.77347900000001,,,,1,2023-06-19T16:11:29+00:00
SAO_8002-10,São Paulo,3550308,True,,34020,,,-23.505433500000002,-46.733667,,,,2,2023-06-19T16:11:08+00:00
SAO_273D-10,São Paulo,3550308,True,,222,,,-23.51432725,-46.41136,,,,1,2023-06-19T16:11:12+00:00
SAO_273D-10,São Paulo,3550308,True,,222,,,-23.540062499999998,-46.482594375,,,,1,2023-06-19T16:11:25+00:00
SAO_273D-10,São Paulo,3550308,True,,222,,,-23.51159775,-46.4426105,,,,1,2023-06-19T16:11:36+00:00
SAO_7023-10,São Paulo,3550308,True,,34920,,,-23.686709999999998,-46.7538305,,,,2,2023-06-19T16:11:22+00:00
SAO_7023-10,São Paulo,3550308,True,,34920,,,-23.6541835,-46.7090685,,,,2,2023-06-19T16:11:40+00:00
SAO_7023-10,São Paulo,3550308,True,,34920,,,-23.6998485,-46.7636555,,,,2,2023-06-19T16:11:24+00:00
SAO_7023-10,São Paulo,3550308,True,,34920,,,-23.6997445,-46.763545,,,,2,2023-06-19T16:11:40+00:00
SAO_7023-10,São Paulo,3550308,True,,34920,,,-23.680833749999998,-46.734853,,,,2,2023-06-19T16:11:08+00:00
SAO_3737-31,São Paulo,3550308,True,,34122,,,-23.5309265,-46.516566250000004,,,,2,2023-06-19T16:11:10+00:00
SAO_7458-10,São Paulo,3550308,True,,33264,,,-23.5797555,-46.7944615,,,,2,2023-06-19T16:11:04+00:00
SAO_7458-10,São Paulo,3550308,True,,33264,,,-23.5864425625,-46.754773375,,,,2,2023-06-19T16:11:10+00:00
SAO_7458-10,São Paulo,3550308,True,,33264,,,-23.5796245,-46.794517,,,,2,2023-06-19T16:11:45+00:00
SAO_7458-10,São Paulo,3550308,True,,33264,,,-23.5821745,-46.788809,,,,2,2023-06-19T16:11:39+00:00
SAO_7458-10,São Paulo,3550308,True,,33264,,,-23.5804865,-46.7941175,,,,2,2023-06-19T16:11:35+00:00
SAO_7458-10,São Paulo,3550308,True,,33264,,,-23.5806105,-46.793718,,,,2,2023-06-19T16:11:41+00:00
SAO_4708-10,São Paulo,3550308,True,EMTU,332,https://moovitapp.com/index/pt-br/transporte_p%C3%BAblico-line-332-Sao_Paulo-242-2038937-36419418-0,4.5,-23.619184,-46.608797,,,,1,2023-06-19T16:11:42+00:00
SAO_4708-10,São Paulo,3550308,True,EMTU,332,https://moovitapp.com/index/pt-br/transporte_p%C3%BAblico-line-332-Sao_Paulo-242-2038937-36419418-0,4.5,-23.59081,-46.634644,,,,1,2023-06-19T16:11:31+00:00
SAO_6L04-10,São Paulo,3550308,True,,1180,,,-23.8626905,-46.7524375,,,,1,2023-06-19T16:09:47+00:00
SAO_6L04-10,São Paulo,3550308,True,,1180,,,-23.8715785,-46.7696215,,,,1,2023-06-19T16:11:20+00:00
SAO_311C-10,São Paulo,3550308,True,,33077,,,-23.53719925,-46.6335605,,,,2,2023-06-19T16:11:12+00:00
SAO_311C-10,São Paulo,3550308,True,,33077,,,-23.538560999999998,-46.608228,,,,2,2023-06-19T16:11:09+00:00
SAO_311C-10,São Paulo,3550308,True,,33077,,,-23.593194750000002,-46.54652125,,,,2,2023-06-19T16:11:28+00:00
SAO_311C-10,São Paulo,3550308,True,,33077,,,-23.594777,-46.5478045,,,,2,2023-06-19T16:11:33+00:00
SAO_311C-10,São Paulo,3550308,True,,33077,,,-23.594777,-46.5478045,,,,2,2023-06-19T16:11:35+00:00
SAO_2769-10,São Paulo,3550308,True,,33165,,,-23.502834999999997,-46.4714,,,,2,2023-06-19T16:11:24+00:00
SAO_2769-10,São Paulo,3550308,True,,33165,,,-23.491958,-46.44579875,,,,2,2023-06-19T16:11:32+00:00
SAO_2769-10,São Paulo,3550308,True,,33165,,,-23.4822575,-46.380671,,,,2,2023-06-19T16:11:38+00:00
SAO_2769-10,São Paulo,3550308,True,,33165,,,-23.4888755,-46.424032999999994,,,,2,2023-06-19T16:11:34+00:00
SAO_2769-10,São Paulo,3550308,True,,33165,,,-23.481961499999997,-46.379926,,,,2,2023-06-19T16:11:19+00:00
SAO_2769-10,São Paulo,3550308,True,,33165,,,-23.523029,-46.5326585,,,,2,2023-06-19T16:11:02+00:00
SAO_2175-10,São Paulo,3550308,True,,697,,,-23.545488,-46.631078,,,,1,2023-06-19T16:11:32+00:00
SAO_2175-10,São Paulo,3550308,True,,697,,,-23.4973545,-46.572866000000005,,,,1,2023-06-19T16:08:55+00:00
SAO_6826-10,São Paulo,3550308,True,BR7 Mobilidade,16,https://moovitapp.com/index/pt-br/transporte_p%C3%BAblico-line-16-Sao_Paulo-242-851856-513215-0,5.75,-23.671785,-46.786637,,,,1,2023-06-19T16:11:04+00:00
SAO_6826-10,São Paulo,3550308,True,BR7 Mobilidade,16,https://moovitapp.com/index/pt-br/transporte_p%C3%BAblico-line-16-Sao_Paulo-242-851856-513215-0,5.75,-23.673604,-46.7972985,,,,1,2023-06-19T16:11:45+00:00
SAO_2017-10,São Paulo,3550308,True,,33671,,,-23.49667375,-46.4197835,,,,2,2023-06-19T16:11:33+00:00
SAO_2017-10,São Paulo,3550308,True,,33671,,,-23.4952525,-46.43242,,,,2,2023-06-19T16:11:41+00:00
SAO_4020-10,São Paulo,3550308,True,,35298,,,-23.534503,-46.453302,,,,2,2023-06-19T16:11:43+00:00
SAO_4020-10,São Paulo,3550308,True,,35298,,,-23.58169475,-46.44217775,,,,2,2023-06-19T16:11:07+00:00
SAO_5123-10,São Paulo,3550308,True,,1125,,,-23.66678125,-46.636874750000004,,,,1,2023-06-19T16:11:08+00:00
SAO_5123-10,São Paulo,3550308,True,,1125,,,-23.682261,-46.632887,,,,1,2023-06-19T16:10:59+00:00
SAO_5123-10,São Paulo,3550308,True,,1125,,,-23.615105,-46.638388875,,,,1,2023-06-19T16:11:12+00:00
SAO_5123-10,São Paulo,3550308,True,,1125,,,-23.625396249999998,-46.640673,,,,1,2023-06-19T16:11:44+00:00
SAO_5123-10,São Paulo,3550308,True,,1125,,,-23.62112775,-46.639723249999996,,,,1,2023-06-19T16:10:59+00:00
SAO_5123-10,São Paulo,3550308,True,,1125,,,-23.678448500000002,-46.630771499999994,,,,1,2023-06-19T16:11:23+00:00
SAO_5123-10,São Paulo,3550308,True,,1125,,,-23.59562275,-46.642447000000004,,,,1,2023-06-19T16:11:39+00:00
SAO_5123-10,São Paulo,3550308,True,,1125,,,-23.678448500000002,-46.630771499999994,,,,1,2023-06-19T16:11:29+00:00
SAO_5123-10,São Paulo,3550308,True,,1125,,,-23.651460999999998,-46.6384505,,,,1,2023-06-19T16:11:06+00:00
SAO_5123-10,São Paulo,3550308,True,,1125,,,-23.678448500000002,-46.630771499999994,,,,1,2023-06-19T16:11:45+00:00
SAO_5123-10,São Paulo,3550308,True,,1125,,,-23.624855750000002,-46.64054324999999,,,,1,2023-06-19T16:11:45+00:00
SAO_5123-10,São Paulo,3550308,True,,1125,,,-23.646867999999998,-46.6402595,,,,1,2023-06-19T16:11:00+00:00
SAO_407M-10,São Paulo,3550308,True,,33086,,,-23.575516,-46.6172385,,,,2,2023-06-19T16:11:32+00:00
SAO_2730-10,São Paulo,3550308,True,,33713,,,-23.510495499999998,-46.4462745,,,,2,2023-06-19T16:11:30+00:00
SAO_2730-10,São Paulo,3550308,True,,33713,,,-23.5105165,-46.446583499999996,,,,2,2023-06-19T16:11:34+00:00
SAO_2730-10,São Paulo,3550308,True,,33713,,,-23.5158895,-46.465969,,,,2,2023-06-19T16:11:10+00:00
SAO_2730-10,São Paulo,3550308,True,,33713,,,-23.504334999999998,-46.456445,,,,2,2023-06-19T16:11:03+00:00
SAO_2730-10,São Paulo,3550308,True,,33713,,,-23.510537499999998,-46.4468945,,,,2,2023-06-19T16:11:09+00:00
SAO_2730-10,São Paulo,3550308,True,,33713,,,-23.498202999999997,-46.452668,,,,2,2023-06-19T16:11:34+00:00
SAO_2730-10,São Paulo,3550308,True,,33713,,,-23.510537499999998,-46.4468945,,,,2,2023-06-19T16:11:38+00:00
SAO_2730-10,São Paulo,3550308,True,,33713,,,-23.539627,-46.4831365,,,,2,2023-06-19T16:11:30+00:00
SAO_2730-10,São Paulo,3550308,True,,33713,,,-23.510537499999998,-46.4468945,,,,2,2023-06-19T16:11:17+00:00
SAO_2730-10,São Paulo,3550308,True,,33713,,,-23.510537499999998,-46.4468945,,,,2,2023-06-19T16:11:06+00:00
SAO_2730-10,São Paulo,3550308,True,,33713,,,-23.527703250000002,-46.47432275,,,,2,2023-06-19T16:11:04+00:00
SAO_8050-10,São Paulo,3550308,True,,33180,,,-23.508354,-46.732408,,,,2,2023-06-19T16:11:19+00:00
SAO_8050-10,São Paulo,3550308,True,,33180,,,-23.4421465,-46.791167,,,,2,2023-06-19T16:11:16+00:00
SAO_8050-10,São Paulo,3550308,True,,33180,,,-23.424946499999997,-46.7878635,,,,2,2023-06-19T16:11:32+00:00
SAO_8050-10,São Paulo,3550308,True,,33180,,,-23.44236,-46.791427,,,,2,2023-06-19T16:11:09+00:00
SAO_8050-10,São Paulo,3550308,True,,33180,,,-23.442098,-46.791021,,,,2,2023-06-19T16:11:41+00:00
SAO_2715-10,São Paulo,3550308,True,,33696,,,-23.50249625,-46.502607,,,,2,2023-06-19T16:11:12+00:00
SAO_2715-10,São Paulo,3550308,True,,33696,,,-23.4980505,-46.503099,,,,2,2023-06-19T16:11:05+00:00
SAO_2715-10,São Paulo,3550308,True,,33696,,,-23.496946,-46.503088125000005,,,,2,2023-06-19T16:11:05+00:00
SAO_2715-10,São Paulo,3550308,True,,33696,,,-23.4980505,-46.503099,,,,2,2023-06-19T16:11:15+00:00
SAO_2715-10,São Paulo,3550308,True,,33696,,,-23.496946,-46.503088125000005,,,,2,2023-06-19T16:10:33+00:00
SAO_2715-10,São Paulo,3550308,True,,33696,,,-23.517049,-46.5010205,,,,2,2023-06-19T16:11:11+00:00
SAO_2715-10,São Paulo,3550308,True,,33696,,,-23.4980505,-46.503099,,,,2,2023-06-19T16:11:07+00:00
SAO_748A-10,São Paulo,3550308,True,EMTU,498,https://moovitapp.com/index/pt-br/transporte_p%C3%BAblico-line-498-Sao_Paulo-242-2038937-36419523-0,5.4,-23.585544,-46.7644945,,,,1,2023-06-19T16:11:15+00:00
SAO_748A-10,São Paulo,3550308,True,EMTU,498,https://moovitapp.com/index/pt-br/transporte_p%C3%BAblico-line-498-Sao_Paulo-242-2038937-36419523-0,5.4,-23.544427,-46.7330385,,,,1,2023-06-19T16:11:22+00:00
SAO_978L-10,São Paulo,3550308,True,EMTU,466,https://moovitapp.com/index/pt-br/transporte_p%C3%BAblico-line-466-Sao_Paulo-242-2038937-72712754-0,5.4,-23.53345775,-46.656365,,,,1,2023-06-19T16:11:37+00:00
SAO_978L-10,São Paulo,3550308,True,EMTU,466,https://moovitapp.com/index/pt-br/transporte_p%C3%BAblico-line-466-Sao_Paulo-242-2038937-72712754-0,5.4,-23.53506275,-46.644746999999995,,,,1,2023-06-19T16:11:13+00:00
SAO_978L-10,São Paulo,3550308,True,EMTU,466,https://moovitapp.com/index/pt-br/transporte_p%C3%BAblico-line-466-Sao_Paulo-242-2038937-72712754-0,5.4,-23.50318,-46.6723615,,,,1,2023-06-19T16:10:59+00:00
SAO_3141-10,São Paulo,3550308,True,,734,,,-23.574661874999997,-46.555289,,,,1,2023-06-19T16:11:19+00:00
SAO_3141-10,São Paulo,3550308,True,,734,,,-23.601635625,-46.511335,,,,1,2023-06-19T16:11:19+00:00
SAO_3141-10,São Paulo,3550308,True,,734,,,-23.6109815,-46.4835785,,,,1,2023-06-19T16:11:39+00:00
SAO_3141-10,São Paulo,3550308,True,,734,,,-23.611414,-46.48338,,,,1,2023-06-19T16:11:29+00:00
SAO_3141-10,São Paulo,3550308,True,,734,,,-23.612431,-46.478824,,,,1,2023-06-19T16:11:08+00:00
SAO_3141-10,São Paulo,3550308,True,,734,,,-23.612431,-46.478824,,,,1,2023-06-19T16:11:26+00:00
SAO_3141-10,São Paulo,3550308,True,,734,,,-23.5715495,-46.5694015,,,,1,2023-06-19T16:11:24+00:00
SAO_6037-10,São Paulo,3550308,True,,33983,,,-23.64904925,-46.78534475,,,,2,2023-06-19T16:11:17+00:00
SAO_6037-10,São Paulo,3550308,True,,33983,,,-23.659761125,-46.773871,,,,2,2023-06-19T16:11:29+00:00
SAO_6037-10,São Paulo,3550308,True,,33983,,,-23.655250000000002,-46.761338,,,,2,2023-06-19T16:11:07+00:00
SAO_6037-10,São Paulo,3550308,True,,33983,,,-23.64887075,-46.78563725,,,,2,2023-06-19T16:11:12+00:00
SAO_6037-10,São Paulo,3550308,True,,33983,,,-23.64887075,-46.78563725,,,,2,2023-06-19T16:11:10+00:00
SAO_809L-10,São Paulo,3550308,True,,1949,,,-23.6285345,-46.7679945,,,,1,2023-06-19T16:11:43+00:00
SAO_809L-10,São Paulo,3550308,True,,1949,,,-23.6323625,-46.7722555,,,,1,2023-06-19T16:11:22+00:00
SAO_809L-10,São Paulo,3550308,True,,1949,,,-23.532242500000002,-46.7062735,,,,1,2023-06-19T16:11:41+00:00
SAO_809L-10,São Paulo,3550308,True,,1949,,,-23.5797585,-46.7201165,,,,1,2023-06-19T16:11:06+00:00
SAO_809L-10,São Paulo,3550308,True,,1949,,,-23.559831,-46.7108065,,,,1,2023-06-19T16:11:05+00:00
SAO_809L-10,São Paulo,3550308,True,,1949,,,-23.6005955,-46.7469045,,,,1,2023-06-19T16:11:44+00:00
SAO_809L-10,São Paulo,3550308,True,,1949,,,-23.6315005,-46.773324,,,,1,2023-06-19T16:11:14+00:00
SAO_809L-10,São Paulo,3550308,True,,1949,,,-23.6323625,-46.7722555,,,,1,2023-06-19T16:11:15+00:00
SAO_809L-10,São Paulo,3550308,True,,1949,,,-23.524549625000002,-46.699218625,,,,1,2023-06-19T16:11:20+00:00
SAO_2724-10,São Paulo,3550308,True,,33706,,,-23.5396445,-46.483602,,,,2,2023-06-19T16:11:17+00:00
SAO_2724-10,São Paulo,3550308,True,,33706,,,-23.537959999999998,-46.4775645,,,,2,2023-06-19T16:11:33+00:00
SAO_2724-10,São Paulo,3550308,True,,33706,,,-23.539928500000002,-46.482043874999995,,,,2,2023-06-19T16:11:24+00:00
SAO_5106-10,São Paulo,3550308,True,,1280,,,-23.6848065,-46.653604,,,,1,2023-06-19T16:11:09+00:00
SAO_5106-10,São Paulo,3550308,True,,1280,,,-23.573888750000002,-46.643917,,,,1,2023-06-19T16:11:02+00:00
SAO_5106-10,São Paulo,3550308,True,,1280,,,-23.6344415,-46.6412225,,,,1,2023-06-19T16:11:36+00:00
SAO_5106-10,São Paulo,3550308,True,,1280,,,-23.5508615,-46.635386,,,,1,2023-06-19T16:11:39+00:00
SAO_5106-10,São Paulo,3550308,True,,1280,,,-23.6459645,-46.640748,,,,1,2023-06-19T16:11:04+00:00
SAO_6012-10,São Paulo,3550308,True,,33972,,,-23.686754,-46.7876415,,,,2,2023-06-19T16:11:21+00:00
SAO_6012-10,São Paulo,3550308,True,,33972,,,-23.693067,-46.778766,,,,2,2023-06-19T16:11:09+00:00
SAO_6012-10,São Paulo,3550308,True,,33972,,,-23.6885925,-46.7859945,,,,2,2023-06-19T16:11:34+00:00
SAO_6012-10,São Paulo,3550308,True,,33972,,,-23.650951499999998,-46.708732,,,,2,2023-06-19T16:11:34+00:00
SAO_5032-10,São Paulo,3550308,True,,34430,,,-23.622851375,-46.591449749999995,,,,2,2023-06-19T16:11:24+00:00
SAO_5032-10,São Paulo,3550308,True,,34430,,,-23.603711625000003,-46.586642874999995,,,,2,2023-06-19T16:11:20+00:00
SAO_5032-10,São Paulo,3550308,True,,34430,,,-23.612885,-46.594437,,,,2,2023-06-19T16:11:26+00:00
SAO_5032-10,São Paulo,3550308,True,,34430,,,-23.636254,-46.5934965,,,,2,2023-06-19T16:11:28+00:00
SAO_5032-10,São Paulo,3550308,True,,34430,,,-23.597061250000003,-46.600766875000005,,,,2,2023-06-19T16:11:16+00:00
SAO_5032-10,São Paulo,3550308,True,,34430,,,-23.636195999999998,-46.5934805,,,,2,2023-06-19T16:11:30+00:00
SAO_6825-10,São Paulo,3550308,True,BR7 Mobilidade,14,https://moovitapp.com/index/pt-br/transporte_p%C3%BAblico-line-14-Sao_Paulo-242-851856-183465-0,5.75,-23.654267,-46.763731,,,,1,2023-06-19T16:11:10+00:00
SAO_6825-10,São Paulo,3550308,True,BR7 Mobilidade,14,https://moovitapp.com/index/pt-br/transporte_p%C3%BAblico-line-14-Sao_Paulo-242-851856-183465-0,5.75,-23.660220000000002,-46.776787,,,,1,2023-06-19T16:11:08+00:00
SAO_6825-10,São Paulo,3550308,True,BR7 Mobilidade,14,https://moovitapp.com/index/pt-br/transporte_p%C3%BAblico-line-14-Sao_Paulo-242-851856-183465-0,5.75,-23.685346,-46.800567,,,,1,2023-06-19T16:11:10+00:00
SAO_6825-10,São Paulo,3550308,True,BR7 Mobilidade,14,https://moovitapp.com/index/pt-br/transporte_p%C3%BAblico-line-14-Sao_Paulo-242-851856-183465-0,5.75,-23.685346,-46.800567,,,,1,2023-06-19T16:11:42+00:00
SAO_5702-10,São Paulo,3550308,True,,33905,,,-23.687742,-46.63932225,,,,2,2023-06-19T16:11:09+00:00
SAO_5702-10,São Paulo,3550308,True,,33905,,,-23.644662124999996,-46.641911375,,,,2,2023-06-19T16:07:37+00:00
SAO_3139-10,São Paulo,3550308,True,,33763,,,-23.567994,-46.523497,,,,2,2023-06-19T16:11:31+00:00
SAO_3139-10,São Paulo,3550308,True,,33763,,,-23.550302000000002,-46.6316285,,,,2,2023-06-19T16:11:43+00:00
SAO_3139-10,São Paulo,3550308,True,,33763,,,-23.5727035,-46.534527499999996,,,,2,2023-06-19T16:11:09+00:00
SAO_3139-10,São Paulo,3550308,True,,33763,,,-23.567994,-46.523497,,,,2,2023-06-19T16:11:29+00:00
SAO_3721-41,São Paulo,3550308,True,,1693,,,-23.553251500000002,-46.491372999999996,,,,1,2023-06-19T16:11:09+00:00
SAO_3721-41,São Paulo,3550308,True,,1693,,,-23.5579705,-46.495577999999995,,,,1,2023-06-19T16:11:45+00:00
SAO_3721-41,São Paulo,3550308,True,,1693,,,-23.549653999999997,-46.4858605,,,,1,2023-06-19T16:11:37+00:00
SAO_3721-41,São Paulo,3550308,True,,1693,,,-23.5636785,-46.5006755,,,,1,2023-06-19T16:11:15+00:00
SAO_3721-41,São Paulo,3550308,True,,1693,,,-23.543649000000002,-46.471595,,,,1,2023-06-19T16:11:10+00:00
SAO_211V-10,São Paulo,3550308,True,EMTU,154,https://moovitapp.com/index/pt-br/transporte_p%C3%BAblico-line-154-Sao_Paulo-242-2038937-36419300-0,6.8,-23.503496,-46.498593,,,,1,2023-06-19T16:09:37+00:00
SAO_6076-41,São Paulo,3550308,True,,1986,,,-23.709000500000002,-46.699838,,,,1,2023-06-19T16:11:35+00:00
SAO_9050-10,São Paulo,3550308,True,,2088,,,-23.57172775,-46.69049175,,,,1,2023-06-19T16:11:09+00:00
SAO_9050-10,São Paulo,3550308,True,,2088,,,-23.54315475,-46.7008955,,,,1,2023-06-19T16:11:26+00:00
SAO_9050-10,São Paulo,3550308,True,,2088,,,-23.540299500000003,-46.7036645,,,,1,2023-06-19T16:11:17+00:00
SAO_172Y-10,São Paulo,3550308,True,,33630,,,-23.540139,-46.594167,,,,2,2023-06-19T16:11:28+00:00
SAO_172Y-10,São Paulo,3550308,True,,33630,,,-23.47473425,-46.58000975,,,,2,2023-06-19T16:08:57+00:00
SAO_172Y-10,São Paulo,3550308,True,,33630,,,-23.503352999999997,-46.591733000000005,,,,2,2023-06-19T16:11:43+00:00
SAO_172Y-10,São Paulo,3550308,True,,33630,,,-23.480854,-46.584971249999995,,,,2,2023-06-19T16:11:34+00:00
SAO_719P-10,São Paulo,3550308,True,,1372,,,-23.5661695,-46.701891,,,,1,2023-06-19T16:11:28+00:00
SAO_719P-10,São Paulo,3550308,True,,1372,,,-23.537624,-46.643964,,,,1,2023-06-19T16:11:39+00:00
SAO_5757-10,São Paulo,3550308,True,,1288,,,-23.6907885,-46.638878000000005,,,,1,2023-06-19T16:11:17+00:00
SAO_5757-10,São Paulo,3550308,True,,1288,,,-23.6907885,-46.638878000000005,,,,1,2023-06-19T16:11:17+00:00
SAO_5757-10,São Paulo,3550308,True,,1288,,,-23.683317000000002,-46.634547749999996,,,,1,2023-06-19T16:11:21+00:00
SAO_5757-10,São Paulo,3550308,True,,1288,,,-23.6360805,-46.641146000000006,,,,1,2023-06-19T16:11:34+00:00
SAO_5757-10,São Paulo,3550308,True,,1288,,,-23.6753735,-46.642289500000004,,,,1,2023-06-19T16:09:27+00:00
SAO_5757-10,São Paulo,3550308,True,,1288,,,-23.6907885,-46.638878000000005,,,,1,2023-06-19T16:11:04+00:00
SAO_6075-10,São Paulo,3550308,True,,1162,,,-23.768844,-46.7164875,,,,1,2023-06-19T16:11:02+00:00
SAO_6075-10,São Paulo,3550308,True,,1162,,,-23.7943945,-46.7358305,,,,1,2023-06-19T16:11:41+00:00
SAO_3766-10,São Paulo,3550308,True,,33823,,,-23.5505685,-46.436458,,,,2,2023-06-19T16:11:07+00:00
SAO_3766-10,São Paulo,3550308,True,,33823,,,-23.5324585,-46.4411255,,,,2,2023-06-19T16:11:41+00:00
SAO_3766-10,São Paulo,3550308,True,,33823,,,-23.5429505,-46.466417,,,,2,2023-06-19T16:11:20+00:00
SAO_3766-10,São Paulo,3550308,True,,33823,,,-23.553821499999998,-46.428109,,,,2,2023-06-19T16:11:02+00:00
SAO_5034-31,São Paulo,3550308,True,,34432,,,-23.648660999999997,-46.603624,,,,2,2023-06-19T16:11:29+00:00
SAO_5034-31,São Paulo,3550308,True,,34432,,,-23.62185275,-46.60372425,,,,2,2023-06-19T16:11:30+00:00
SAO_5034-31,São Paulo,3550308,True,,34432,,,-23.635656,-46.6063555,,,,2,2023-06-19T16:11:40+00:00
SAO_737A-10,São Paulo,3550308,True,,1730,,,-23.669014499999996,-46.734237750000005,,,,1,2023-06-19T16:11:22+00:00
SAO_737A-10,São Paulo,3550308,True,,1730,,,-23.685542499999997,-46.770193500000005,,,,1,2023-06-19T16:11:24+00:00
SAO_737A-10,São Paulo,3550308,True,,1730,,,-23.6825795,-46.767716500000006,,,,1,2023-06-19T16:11:42+00:00
SAO_737A-10,São Paulo,3550308,True,,1730,,,-23.68714725,-46.77138625,,,,1,2023-06-19T16:11:42+00:00
SAO_737A-10,São Paulo,3550308,True,,1730,,,-23.6541015,-46.7120065,,,,1,2023-06-19T16:11:24+00:00
SAO_737A-10,São Paulo,3550308,True,,1730,,,-23.665875,-46.7128965,,,,1,2023-06-19T16:08:12+00:00
SAO_9050-10,São Paulo,3550308,True,,34856,,,-23.520992749999998,-46.699836,,,,2,2023-06-19T16:11:40+00:00
SAO_9050-10,São Paulo,3550308,True,,34856,,,-23.519997500000002,-46.6994715,,,,2,2023-06-19T16:11:11+00:00
SAO_9050-10,São Paulo,3550308,True,,34856,,,-23.585780999999997,-46.682628,,,,2,2023-06-19T16:11:15+00:00
SAO_9050-10,São Paulo,3550308,True,,34856,,,-23.54940825,-46.709194374999996,,,,2,2023-06-19T16:11:17+00:00
SAO_9050-10,São Paulo,3550308,True,,34856,,,-23.585780999999997,-46.682628,,,,2,2023-06-19T16:11:15+00:00
SAO_9050-10,São Paulo,3550308,True,,34856,,,-23.566913999999997,-46.693968,,,,2,2023-06-19T16:11:19+00:00
SAO_477U-10,São Paulo,3550308,True,,33074,,,-23.6096095,-46.594561999999996,,,,2,2023-06-19T16:11:44+00:00
SAO_477U-10,São Paulo,3550308,True,,33074,,,-23.60258,-46.59782175,,,,2,2023-06-19T16:11:21+00:00
SAO_778J-10,São Paulo,3550308,True,,33276,,,-23.586923,-46.7897105,,,,2,2023-06-19T16:11:24+00:00
SAO_778J-10,São Paulo,3550308,True,,33276,,,-23.573711000000003,-46.73773,,,,2,2023-06-19T16:11:00+00:00
SAO_778J-10,São Paulo,3550308,True,,33276,,,-23.5872235,-46.7896705,,,,2,2023-06-19T16:11:27+00:00
SAO_778J-10,São Paulo,3550308,True,,33276,,,-23.536614999999998,-46.6743975,,,,2,2023-06-19T16:11:40+00:00
SAO_5362-23,São Paulo,3550308,True,,1860,,,-23.744477500000002,-46.6712645,,,,1,2023-06-19T16:11:29+00:00
SAO_5362-23,São Paulo,3550308,True,,1860,,,-23.7435615,-46.6914735,,,,1,2023-06-19T16:11:05+00:00
SAO_5362-23,São Paulo,3550308,True,,1860,,,-23.744477500000002,-46.6712645,,,,1,2023-06-19T16:11:29+00:00
SAO_5362-23,São Paulo,3550308,True,,1860,,,-23.753162,-46.6850315,,,,1,2023-06-19T16:11:18+00:00
SAO_5652-10,São Paulo,3550308,True,,33042,,,-23.70591025,-46.685706499999995,,,,2,2023-06-19T16:11:20+00:00
SAO_5652-10,São Paulo,3550308,True,,33042,,,-23.704033000000003,-46.688122,,,,2,2023-06-19T16:11:40+00:00
SAO_5652-10,São Paulo,3550308,True,,33042,,,-23.704033000000003,-46.688122,,,,2,2023-06-19T16:11:39+00:00
SAO_5652-10,São Paulo,3550308,True,,33042,,,-23.6006175,-46.651394499999995,,,,2,2023-06-19T16:11:25+00:00
SAO_5652-10,São Paulo,3550308,True,,33042,,,-23.678484,-46.6849965,,,,2,2023-06-19T16:10:27+00:00
SAO_5652-10,São Paulo,3550308,True,,33042,,,-23.7193395,-46.698786,,,,2,2023-06-19T16:11:27+00:00
SAO_5652-10,São Paulo,3550308,True,,33042,,,-23.646167249999998,-46.6742795,,,,2,2023-06-19T16:11:35+00:00
SAO_3796-10,São Paulo,3550308,True,,1074,,,-23.542603999999997,-46.469476,,,,1,2023-06-19T16:11:42+00:00
SAO_3796-10,São Paulo,3550308,True,,1074,,,-23.555165125000002,-46.46454262500001,,,,1,2023-06-19T16:11:22+00:00
SAO_3796-10,São Paulo,3550308,True,,1074,,,-23.541973499999997,-46.470946999999995,,,,1,2023-06-19T16:11:28+00:00
SAO_3796-10,São Paulo,3550308,True,,1074,,,-23.575754500000002,-46.4532115,,,,1,2023-06-19T16:11:19+00:00
SAO_6093-10,São Paulo,3550308,True,,34353,,,-23.7444815,-46.707066499999996,,,,2,2023-06-19T16:11:40+00:00
SAO_6093-10,São Paulo,3550308,True,,34353,,,-23.8541825,-46.713719,,,,2,2023-06-19T16:10:16+00:00
SAO_6093-10,São Paulo,3550308,True,,34353,,,-23.806873500000002,-46.736487,,,,2,2023-06-19T16:11:41+00:00
SAO_6093-10,São Paulo,3550308,True,,34353,,,-23.8288865,-46.7245655,,,,2,2023-06-19T16:11:13+00:00
SAO_6093-10,São Paulo,3550308,True,,34353,,,-23.7756045,-46.722942,,,,2,2023-06-19T16:11:32+00:00
SAO_8077-10,São Paulo,3550308,True,,34818,,,-23.601478,-46.791829,,,,2,2023-06-19T16:11:07+00:00
SAO_8077-10,São Paulo,3550308,True,,34818,,,-23.597115,-46.7817145,,,,2,2023-06-19T16:11:31+00:00
SAO_8077-10,São Paulo,3550308,True,,34818,,,-23.601537,-46.791821999999996,,,,2,2023-06-19T16:11:31+00:00
SAO_709P-10,São Paulo,3550308,True,,1993,,,-23.5834015,-46.683516499999996,,,,1,2023-06-19T16:11:24+00:00
SAO_709P-10,São Paulo,3550308,True,,1993,,,-23.6518095,-46.7210655,,,,1,2023-06-19T16:11:41+00:00
SAO_709P-10,São Paulo,3550308,True,,1993,,,-23.565901,-46.702222,,,,1,2023-06-19T16:11:28+00:00
SAO_709P-10,São Paulo,3550308,True,,1993,,,-23.6554885,-46.722805,,,,1,2023-06-19T16:11:14+00:00
SAO_709P-10,São Paulo,3550308,True,,1993,,,-23.5922445,-46.6891065,,,,1,2023-06-19T16:11:21+00:00
SAO_6120-10,São Paulo,3550308,True,,1189,,,-23.752941999999997,-46.684159,,,,1,2023-06-19T16:11:39+00:00
SAO_6120-10,São Paulo,3550308,True,,1189,,,-23.736617,-46.696708,,,,1,2023-06-19T16:11:19+00:00
SAO_502J-10,São Paulo,3550308,True,,1275,,,-23.6274845,-46.642675,,,,1,2023-06-19T16:11:12+00:00
SAO_502J-10,São Paulo,3550308,True,,1275,,,-23.7050955,-46.6883695,,,,1,2023-06-19T16:11:07+00:00
SAO_502J-10,São Paulo,3550308,True,,1275,,,-23.6606035,-46.669649500000006,,,,1,2023-06-19T16:11:04+00:00
SAO_502J-10,São Paulo,3550308,True,,1275,,,-23.59849425,-46.63818525,,,,1,2023-06-19T16:11:20+00:00
SAO_502J-10,São Paulo,3550308,True,,1275,,,-23.707207250000003,-46.688587999999996,,,,1,2023-06-19T16:11:42+00:00
SAO_502J-10,São Paulo,3550308,True,,1275,,,-23.59914325,-46.63838525,,,,1,2023-06-19T16:11:04+00:00
SAO_502J-10,São Paulo,3550308,True,,1275,,,-23.6856255,-46.6683255,,,,1,2023-06-19T16:11:29+00:00
SAO_502J-10,São Paulo,3550308,True,,1275,,,-23.661841250000002,-46.6698615,,,,1,2023-06-19T16:11:33+00:00
SAO_6042-10,São Paulo,3550308,True,,33987,,,-23.6598085,-46.766954999999996,,,,2,2023-06-19T16:11:35+00:00
SAO_6042-10,São Paulo,3550308,True,,33987,,,-23.644389500000003,-46.7450775,,,,2,2023-06-19T16:11:44+00:00
SAO_6042-10,São Paulo,3550308,True,,33987,,,-23.673127,-46.764875,,,,2,2023-06-19T16:11:06+00:00
SAO_5705-10,São Paulo,3550308,True,,34425,,,-23.578779249999997,-46.640187749999996,,,,2,2023-06-19T16:11:09+00:00
SAO_8400-10,São Paulo,3550308,True,,1265,,,-23.52499125,-46.688122125,,,,1,2023-06-19T16:10:40+00:00
SAO_8400-10,São Paulo,3550308,True,,1265,,,-23.497253999999998,-46.7071095,,,,1,2023-06-19T16:11:40+00:00
SAO_8400-10,São Paulo,3550308,True,,1265,,,-23.486492,-46.725708499999996,,,,1,2023-06-19T16:11:14+00:00
SAO_8400-10,São Paulo,3550308,True,,1265,,,-23.547871999999998,-46.642169499999994,,,,1,2023-06-19T16:11:36+00:00
SAO_8400-10,São Paulo,3550308,True,,1265,,,-23.486878500000003,-46.7265645,,,,1,2023-06-19T16:11:01+00:00
SAO_8400-10,São Paulo,3550308,True,,1265,,,-23.4821325,-46.718720000000005,,,,1,2023-06-19T16:11:22+00:00
SAO_8400-10,São Paulo,3550308,True,,1265,,,-23.53209725,-46.66131175,,,,1,2023-06-19T16:11:27+00:00
SAO_8400-10,São Paulo,3550308,True,,1265,,,-23.5150935,-46.6983855,,,,1,2023-06-19T16:11:20+00:00
SAO_8400-10,São Paulo,3550308,True,,1265,,,-23.547560500000003,-46.640557,,,,1,2023-06-19T16:11:17+00:00
SAO_477U-10,São Paulo,3550308,True,,306,,,-23.588260375,-46.606645625,,,,1,2023-06-19T16:11:07+00:00
SAO_477U-10,São Paulo,3550308,True,,306,,,-23.5894045,-46.634211,,,,1,2023-06-19T16:11:03+00:00
SAO_1701-10,São Paulo,3550308,True,EMTU,845,https://moovitapp.com/index/pt-br/transporte_p%C3%BAblico-line-845-Sao_Paulo-242-2038937-36419607-0,5.15,-23.481915,-46.60225375,,,,1,2023-06-19T16:11:26+00:00
SAO_1701-10,São Paulo,3550308,True,EMTU,845,https://moovitapp.com/index/pt-br/transporte_p%C3%BAblico-line-845-Sao_Paulo-242-2038937-36419607-0,5.15,-23.457091,-46.58491775,,,,1,2023-06-19T16:11:25+00:00
SAO_9011-21,São Paulo,3550308,True,,34536,,,-23.4438675,-46.734864,,,,2,2023-06-19T16:11:43+00:00
SAO_172U-10,São Paulo,3550308,True,,860,,,-23.545856875,-46.604508437499994,,,,1,2023-06-19T16:11:18+00:00
SAO_172U-10,São Paulo,3550308,True,,860,,,-23.486589000000002,-46.6197885,,,,1,2023-06-19T16:11:26+00:00
SAO_172U-10,São Paulo,3550308,True,,860,,,-23.5360725,-46.623255,,,,1,2023-06-19T16:11:24+00:00
SAO_172U-10,São Paulo,3550308,True,,860,,,-23.44281925,-46.5898795,,,,1,2023-06-19T16:11:28+00:00
SAO_172U-10,São Paulo,3550308,True,,860,,,-23.515002374999998,-46.6252345,,,,1,2023-06-19T16:11:06+00:00
SAO_172U-10,São Paulo,3550308,True,,860,,,-23.5359435,-46.624017,,,,1,2023-06-19T16:11:43+00:00
SAO_172U-10,São Paulo,3550308,True,,860,,,-23.47209025,-46.59958375,,,,1,2023-06-19T16:11:14+00:00
SAO_4016-10,São Paulo,3550308,True,,34957,,,-23.6139055,-46.475819,,,,2,2023-06-19T16:11:39+00:00
SAO_4016-10,São Paulo,3550308,True,,34957,,,-23.622415750000002,-46.475541375000006,,,,2,2023-06-19T16:11:00+00:00
SAO_4016-10,São Paulo,3550308,True,,34957,,,-23.612665,-46.476373499999994,,,,2,2023-06-19T16:11:02+00:00
SAO_5034-31,São Paulo,3550308,True,,1664,,,-23.6026645,-46.60273,,,,1,2023-06-19T16:11:36+00:00
SAO_5034-31,São Paulo,3550308,True,,1664,,,-23.603487,-46.603455999999994,,,,1,2023-06-19T16:11:37+00:00
SAO_5034-31,São Paulo,3550308,True,,1664,,,-23.602728999999997,-46.602790999999996,,,,1,2023-06-19T16:11:03+00:00
SAO_5034-31,São Paulo,3550308,True,,1664,,,-23.628922,-46.597319999999996,,,,1,2023-06-19T16:11:01+00:00
SAO_5034-31,São Paulo,3550308,True,,1664,,,-23.603051,-46.603314,,,,1,2023-06-19T16:11:42+00:00
SAO_5034-31,São Paulo,3550308,True,,1664,,,-23.602728999999997,-46.602790999999996,,,,1,2023-06-19T16:11:17+00:00
SAO_374V-10,São Paulo,3550308,True,,34415,,,-23.5423965,-46.469851,,,,2,2023-06-19T16:11:09+00:00
SAO_374V-10,São Paulo,3550308,True,,34415,,,-23.5183295,-46.453995,,,,2,2023-06-19T16:11:44+00:00
SAO_374V-10,São Paulo,3550308,True,,34415,,,-23.5110345,-46.4547195,,,,2,2023-06-19T16:11:15+00:00
SAO_374V-10,São Paulo,3550308,True,,34415,,,-23.511004999999997,-46.4543005,,,,2,2023-06-19T16:11:12+00:00
SAO_7550-10,São Paulo,3550308,True,,34861,,,-23.582765000000002,-46.667825,,,,2,2023-06-19T16:11:22+00:00
SAO_7550-10,São Paulo,3550308,True,,34861,,,-23.61896,-46.682627,,,,2,2023-06-19T16:11:43+00:00
SAO_7550-10,São Paulo,3550308,True,,34861,,,-23.6515685,-46.7110445,,,,2,2023-06-19T16:11:20+00:00
SAO_7550-10,São Paulo,3550308,True,,34861,,,-23.6123915,-46.678042,,,,2,2023-06-19T16:11:36+00:00
SAO_7550-10,São Paulo,3550308,True,,34861,,,-23.561348,-46.6441315,,,,2,2023-06-19T16:11:27+00:00
SAO_7550-10,São Paulo,3550308,True,,34861,,,-23.580710500000002,-46.664289499999995,,,,2,2023-06-19T16:11:18+00:00
SAO_9019-10,São Paulo,3550308,True,,34201,,,-23.4868945,-46.7270755,,,,2,2023-06-19T16:11:40+00:00
SAO_9019-10,São Paulo,3550308,True,,34201,,,-23.481837,-46.717251000000005,,,,2,2023-06-19T16:11:12+00:00
SAO_9019-10,São Paulo,3550308,True,,34201,,,-23.458503999999998,-46.712886,,,,2,2023-06-19T16:11:23+00:00
SAO_9019-10,São Paulo,3550308,True,,34201,,,-23.45509475,-46.7101755,,,,2,2023-06-19T16:11:22+00:00
SAO_546T-10,São Paulo,3550308,True,,272,,,-23.6538535,-46.71088,,,,1,2023-06-19T16:11:21+00:00
SAO_546T-10,São Paulo,3550308,True,,272,,,-23.7036385,-46.627480000000006,,,,1,2023-06-19T16:11:11+00:00
SAO_546T-10,São Paulo,3550308,True,,272,,,-23.671755,-46.687641875,,,,1,2023-06-19T16:11:32+00:00
SAO_546T-10,São Paulo,3550308,True,,272,,,-23.700454,-46.6409785,,,,1,2023-06-19T16:11:38+00:00
SAO_546T-10,São Paulo,3550308,True,,272,,,-23.70304,-46.634541999999996,,,,1,2023-06-19T16:11:06+00:00
SAO_546T-10,São Paulo,3550308,True,,272,,,-23.6963775,-46.675318000000004,,,,1,2023-06-19T16:11:17+00:00
SAO_546T-10,São Paulo,3550308,True,,272,,,-23.697074,-46.669842,,,,1,2023-06-19T16:11:39+00:00
SAO_546T-10,São Paulo,3550308,True,,272,,,-23.662496,-46.692569500000005,,,,1,2023-06-19T16:11:08+00:00
SAO_546T-10,São Paulo,3550308,True,,272,,,-23.695213000000003,-46.6539025,,,,1,2023-06-19T16:11:26+00:00
SAO_546T-10,São Paulo,3550308,True,,272,,,-23.660325,-46.695730999999995,,,,1,2023-06-19T16:11:16+00:00
SAO_546T-10,São Paulo,3550308,True,,272,,,-23.699881249999997,-46.64457175,,,,1,2023-06-19T16:11:41+00:00
SAO_7013-10,São Paulo,3550308,True,,33543,,,-23.6392765,-46.754442,,,,2,2023-06-19T16:11:34+00:00
SAO_7013-10,São Paulo,3550308,True,,33543,,,-23.639699999999998,-46.7497905,,,,2,2023-06-19T16:11:37+00:00
SAO_7013-10,São Paulo,3550308,True,,33543,,,-23.600198,-46.747525499999995,,,,2,2023-06-19T16:11:39+00:00
SAO_7013-10,São Paulo,3550308,True,,33543,,,-23.591274499999997,-46.736056500000004,,,,2,2023-06-19T16:11:33+00:00
SAO_7013-10,São Paulo,3550308,True,,33543,,,-23.639882,-46.749438,,,,2,2023-06-19T16:11:24+00:00
SAO_7013-10,São Paulo,3550308,True,,33543,,,-23.61608425,-46.75695325,,,,2,2023-06-19T16:11:04+00:00
SAO_6099-10,São Paulo,3550308,True,,34355,,,-23.742642500000002,-46.701443499999996,,,,2,2023-06-19T16:11:45+00:00
SAO_6099-10,São Paulo,3550308,True,,34355,,,-23.773351875,-46.720543375000005,,,,2,2023-06-19T16:11:42+00:00
SAO_6099-10,São Paulo,3550308,True,,34355,,,-23.838996,-46.736166,,,,2,2023-06-19T16:11:23+00:00
SAO_5632-10,São Paulo,3550308,True,,81,,,-23.568860125,-46.6405825,,,,1,2023-06-19T16:11:20+00:00
SAO_5632-10,São Paulo,3550308,True,,81,,,-23.6539185,-46.7067565,,,,1,2023-06-19T16:11:01+00:00
SAO_5632-10,São Paulo,3550308,True,,81,,,-23.615527,-46.673345999999995,,,,1,2023-06-19T16:11:18+00:00
SAO_5632-10,São Paulo,3550308,True,,81,,,-23.593498,-46.65261925,,,,1,2023-06-19T16:11:40+00:00
SAO_5632-10,São Paulo,3550308,True,,81,,,-23.718679,-46.699015,,,,1,2023-06-19T16:11:16+00:00
SAO_1787-10,São Paulo,3550308,True,,650,,,-23.4713885,-46.617607500000005,,,,1,2023-06-19T16:11:15+00:00
SAO_1787-10,São Paulo,3550308,True,,650,,,-23.495586,-46.6240705,,,,1,2023-06-19T16:10:00+00:00
SAO_5018-31,São Paulo,3550308,True,,34629,,,-23.673924937500004,-46.67684456250001,,,,2,2023-06-19T16:11:00+00:00
SAO_5018-31,São Paulo,3550308,True,,34629,,,-23.67138,-46.646340499999994,,,,2,2023-06-19T16:11:43+00:00
SAO_5018-31,São Paulo,3550308,True,,34629,,,-23.690946,-46.651754,,,,2,2023-06-19T16:11:04+00:00
SAO_5018-31,São Paulo,3550308,True,,34629,,,-23.656766,-46.644760500000004,,,,2,2023-06-19T16:11:16+00:00
SAO_715M-10,São Paulo,3550308,True,EMTU,490,https://moovitapp.com/index/pt-br/transporte_p%C3%BAblico-line-490-Sao_Paulo-242-2038937-36419517-0,5.15,-23.56853625,-46.649782,,,,1,2023-06-19T16:11:14+00:00
SAO_715M-10,São Paulo,3550308,True,EMTU,490,https://moovitapp.com/index/pt-br/transporte_p%C3%BAblico-line-490-Sao_Paulo-242-2038937-36419517-0,5.15,-23.569701000000002,-46.68799425,,,,1,2023-06-19T16:11:39+00:00
SAO_715M-10,São Paulo,3550308,True,EMTU,490,https://moovitapp.com/index/pt-br/transporte_p%C3%BAblico-line-490-Sao_Paulo-242-2038937-36419517-0,5.15,-23.558677000000003,-46.6395725,,,,1,2023-06-19T16:11:36+00:00
SAO_715M-10,São Paulo,3550308,True,EMTU,490,https://moovitapp.com/index/pt-br/transporte_p%C3%BAblico-line-490-Sao_Paulo-242-2038937-36419517-0,5.15,-23.583236999999997,-46.761977,,,,1,2023-06-19T16:11:10+00:00
SAO_715M-10,São Paulo,3550308,True,EMTU,490,https://moovitapp.com/index/pt-br/transporte_p%C3%BAblico-line-490-Sao_Paulo-242-2038937-36419517-0,5.15,-23.5805865,-46.749919,,,,1,2023-06-19T16:11:11+00:00
SAO_715M-10,São Paulo,3550308,True,EMTU,490,https://moovitapp.com/index/pt-br/transporte_p%C3%BAblico-line-490-Sao_Paulo-242-2038937-36419517-0,5.15,-23.572239,-46.70563625,,,,1,2023-06-19T16:11:19+00:00
SAO_407A-10,São Paulo,3550308,True,,34962,,,-23.5635905,-46.50201199999999,,,,2,2023-06-19T16:11:37+00:00
SAO_407A-10,São Paulo,3550308,True,,34962,,,-23.563288999999997,-46.501448499999995,,,,2,2023-06-19T16:11:32+00:00
SAO_407A-10,São Paulo,3550308,True,,34962,,,-23.5631475,-46.501079000000004,,,,2,2023-06-19T16:11:07+00:00
SAO_407A-10,São Paulo,3550308,True,,34962,,,-23.564541249999998,-46.54697425,,,,2,2023-06-19T16:11:17+00:00
SAO_407A-10,São Paulo,3550308,True,,34962,,,-23.5633835,-46.501695,,,,2,2023-06-19T16:11:22+00:00
SAO_407A-10,São Paulo,3550308,True,,34962,,,-23.541362,-46.616728,,,,2,2023-06-19T16:11:31+00:00
SAO_407A-10,São Paulo,3550308,True,,34962,,,-23.547874875,-46.58265725,,,,2,2023-06-19T16:11:05+00:00
SAO_407A-10,São Paulo,3550308,True,,34962,,,-23.584871,-46.5206295,,,,2,2023-06-19T16:11:33+00:00
SAO_106A-10,São Paulo,3550308,True,,33284,,,-23.588073,-46.6842925,,,,2,2023-06-19T16:11:18+00:00
SAO_106A-10,São Paulo,3550308,True,,33284,,,-23.53720575,-46.633585,,,,2,2023-06-19T16:11:40+00:00
SAO_106A-10,São Paulo,3550308,True,,33284,,,-23.503125,-46.6245765,,,,2,2023-06-19T16:11:12+00:00
SAO_106A-10,São Paulo,3550308,True,,33284,,,-23.51319625,-46.6270385,,,,2,2023-06-19T16:11:27+00:00
SAO_106A-10,São Paulo,3550308,True,,33284,,,-23.578466,-46.675185750000004,,,,2,2023-06-19T16:11:21+00:00
SAO_106A-10,São Paulo,3550308,True,,33284,,,-23.502099,-46.62419250000001,,,,2,2023-06-19T16:11:11+00:00
SAO_106A-10,São Paulo,3550308,True,,33284,,,-23.56705225,-46.658919,,,,2,2023-06-19T16:11:44+00:00
SAO_546A-31,São Paulo,3550308,True,,1132,,,-23.6801195,-46.684002,,,,1,2023-06-19T16:11:42+00:00
SAO_546A-31,São Paulo,3550308,True,,1132,,,-23.659224000000002,-46.698091000000005,,,,1,2023-06-19T16:11:45+00:00
SAO_546A-31,São Paulo,3550308,True,,1132,,,-23.7099995,-46.652274500000004,,,,1,2023-06-19T16:03:49+00:00
SAO_546A-31,São Paulo,3550308,True,,1132,,,-23.695213000000003,-46.6539025,,,,1,2023-06-19T16:08:39+00:00
SAO_9047-10,São Paulo,3550308,True,STT,883,https://moovitapp.com/index/pt-br/transporte_p%C3%BAblico-line-883-Sao_Paulo-242-850661-183365-0,5.3,-23.4613975,-46.7046965,,,,1,2023-06-19T16:11:36+00:00
SAO_9047-10,São Paulo,3550308,True,STT,883,https://moovitapp.com/index/pt-br/transporte_p%C3%BAblico-line-883-Sao_Paulo-242-850661-183365-0,5.3,-23.461877,-46.713237500000005,,,,1,2023-06-19T16:11:34+00:00
SAO_9047-10,São Paulo,3550308,True,STT,883,https://moovitapp.com/index/pt-br/transporte_p%C3%BAblico-line-883-Sao_Paulo-242-850661-183365-0,5.3,-23.472289,-46.6914485,,,,1,2023-06-19T16:11:23+00:00
SAO_9047-10,São Paulo,3550308,True,STT,883,https://moovitapp.com/index/pt-br/transporte_p%C3%BAblico-line-883-Sao_Paulo-242-850661-183365-0,5.3,-23.509579,-46.7056585,,,,1,2023-06-19T16:11:18+00:00
SAO_9047-10,São Paulo,3550308,True,STT,883,https://moovitapp.com/index/pt-br/transporte_p%C3%BAblico-line-883-Sao_Paulo-242-850661-183365-0,5.3,-23.4619125,-46.713395000000006,,,,1,2023-06-19T16:11:07+00:00
SAO_9047-10,São Paulo,3550308,True,STT,883,https://moovitapp.com/index/pt-br/transporte_p%C3%BAblico-line-883-Sao_Paulo-242-850661-183365-0,5.3,-23.492621,-46.6962925,,,,1,2023-06-19T16:11:18+00:00
SAO_3761-10,São Paulo,3550308,True,,33819,,,-23.61743225,-46.4232795,,,,2,2023-06-19T16:11:45+00:00
SAO_3761-10,São Paulo,3550308,True,,33819,,,-23.61803925,-46.42337725,,,,2,2023-06-19T16:11:38+00:00
SAO_3761-10,São Paulo,3550308,True,,33819,,,-23.601321,-46.470779,,,,2,2023-06-19T16:11:19+00:00
SAO_3761-10,São Paulo,3550308,True,,33819,,,-23.61803925,-46.42337725,,,,2,2023-06-19T16:11:22+00:00
SAO_3761-10,São Paulo,3550308,True,,33819,,,-23.581782,-46.491816,,,,2,2023-06-19T16:11:22+00:00
SAO_3761-10,São Paulo,3550308,True,,33819,,,-23.61803925,-46.42337725,,,,2,2023-06-19T16:11:08+00:00
SAO_3761-10,São Paulo,3550308,True,,33819,,,-23.549704,-46.524748,,,,2,2023-06-19T16:11:42+00:00
SAO_3761-10,São Paulo,3550308,True,,33819,,,-23.595121749999997,-46.4400495,,,,2,2023-06-19T16:11:11+00:00
SAO_8015-10,São Paulo,3550308,True,,1345,,,-23.429814,-46.721269,,,,1,2023-06-19T16:11:29+00:00
SAO_8015-10,São Paulo,3550308,True,,1345,,,-23.4347065,-46.7185945,,,,1,2023-06-19T16:11:40+00:00
SAO_8015-10,São Paulo,3550308,True,,1345,,,-23.406149874999997,-46.75856675,,,,1,2023-06-19T16:11:13+00:00
SAO_477A-10,São Paulo,3550308,True,,33114,,,-23.605077,-46.604728,,,,2,2023-06-19T16:11:44+00:00
SAO_477A-10,São Paulo,3550308,True,,33114,,,-23.588316,-46.631368,,,,2,2023-06-19T16:11:12+00:00
SAO_477A-10,São Paulo,3550308,True,,33114,,,-23.570220625,-46.645761625,,,,2,2023-06-19T16:11:02+00:00
SAO_477A-10,São Paulo,3550308,True,,33114,,,-23.582652875,-46.602130499999994,,,,2,2023-06-19T16:11:13+00:00
SAO_477A-10,São Paulo,3550308,True,,33114,,,-23.567645875,-46.6976115,,,,2,2023-06-19T16:11:01+00:00
SAO_477A-10,São Paulo,3550308,True,,33114,,,-23.604625,-46.604929750000004,,,,2,2023-06-19T16:11:15+00:00
SAO_477A-10,São Paulo,3550308,True,,33114,,,-23.6040075,-46.603083999999996,,,,2,2023-06-19T16:11:25+00:00
SAO_477A-10,São Paulo,3550308,True,,33114,,,-23.604411,-46.60470925,,,,2,2023-06-19T16:11:22+00:00
SAO_477A-10,São Paulo,3550308,True,,33114,,,-23.604922000000002,-46.604144500000004,,,,2,2023-06-19T16:11:35+00:00
SAO_477A-10,São Paulo,3550308,True,,33114,,,-23.57539775,-46.657210750000004,,,,2,2023-06-19T16:11:16+00:00
SAO_477A-10,São Paulo,3550308,True,,33114,,,-23.57539775,-46.657210750000004,,,,2,2023-06-19T16:11:40+00:00
SAO_477A-10,São Paulo,3550308,True,,33114,,,-23.60439075,-46.60359,,,,2,2023-06-19T16:11:18+00:00
SAO_6826-10,São Paulo,3550308,True,,32784,,,-23.673772,-46.797123,,,,2,2023-06-19T16:11:34+00:00
SAO_6826-10,São Paulo,3550308,True,,32784,,,-23.654633500000003,-46.7620555,,,,2,2023-06-19T16:11:39+00:00
SAO_8060-10,São Paulo,3550308,True,,33186,,,-23.502658,-46.760932499999996,,,,2,2023-06-19T16:11:43+00:00
SAO_8060-10,São Paulo,3550308,True,,33186,,,-23.530001,-46.73227025,,,,2,2023-06-19T16:09:45+00:00
SAO_8060-10,São Paulo,3550308,True,,33186,,,-23.5198235,-46.753039,,,,2,2023-06-19T16:11:34+00:00
SAO_8060-10,São Paulo,3550308,True,,33186,,,-23.50283475,-46.760608500000004,,,,2,2023-06-19T16:11:36+00:00
SAO_1012-10,São Paulo,3550308,True,,35254,,,-23.43768625,-46.801577375,,,,2,2023-06-19T16:11:37+00:00
SAO_1012-10,São Paulo,3550308,True,,35254,,,-23.4421035,-46.8057195,,,,2,2023-06-19T16:11:13+00:00
SAO_1012-10,São Paulo,3550308,True,,35254,,,-23.432584,-46.787028,,,,2,2023-06-19T16:11:43+00:00
SAO_1012-10,São Paulo,3550308,True,,35254,,,-23.4333445,-46.7870665,,,,2,2023-06-19T16:11:16+00:00
SAO_930P-10,São Paulo,3550308,True,,2115,,,-23.542782250000002,-46.640742375,,,,1,2023-06-19T16:11:26+00:00
SAO_930P-10,São Paulo,3550308,True,,2115,,,-23.57996325,-46.6851545,,,,1,2023-06-19T16:11:44+00:00
SAO_930P-10,São Paulo,3550308,True,,2115,,,-23.560659625,-46.662874,,,,1,2023-06-19T16:11:16+00:00
SAO_930P-10,São Paulo,3550308,True,,2115,,,-23.5465655,-46.630341,,,,1,2023-06-19T16:11:13+00:00
SAO_930P-10,São Paulo,3550308,True,,2115,,,-23.5649705,-46.6948935,,,,1,2023-06-19T16:11:09+00:00
SAO_6063-43,São Paulo,3550308,True,,2480,,,-23.8291355,-46.693532000000005,,,,1,2023-06-19T16:11:01+00:00
SAO_5033-10,São Paulo,3550308,True,,34433,,,-23.602352125000003,-46.611489000000006,,,,2,2023-06-19T16:11:36+00:00
SAO_5033-10,São Paulo,3550308,True,,34433,,,-23.6334285,-46.614411000000004,,,,2,2023-06-19T16:11:41+00:00
SAO_3013-10,São Paulo,3550308,True,,33722,,,-23.582991999999997,-46.4079,,,,2,2023-06-19T16:11:29+00:00
SAO_3013-10,São Paulo,3550308,True,,33722,,,-23.582943,-46.408454,,,,2,2023-06-19T16:11:35+00:00
SAO_273F-10,São Paulo,3550308,True,,159,,,-23.5241285,-46.444813499999995,,,,1,2023-06-19T16:11:44+00:00
SAO_273F-10,São Paulo,3550308,True,,159,,,-23.48767475,-46.417190000000005,,,,1,2023-06-19T16:10:17+00:00
SAO_3742-10,São Paulo,3550308,True,,1042,,,-23.542457374999998,-46.4498265,,,,1,2023-06-19T16:11:03+00:00
SAO_3742-10,São Paulo,3550308,True,,1042,,,-23.56392425,-46.4461915,,,,1,2023-06-19T16:11:22+00:00
SAO_3742-10,São Paulo,3550308,True,,1042,,,-23.5601775,-46.4455895,,,,1,2023-06-19T16:11:06+00:00
SAO_3742-10,São Paulo,3550308,True,,1042,,,-23.5423835,-46.470721999999995,,,,1,2023-06-19T16:11:18+00:00
SAO_3742-10,São Paulo,3550308,True,,1042,,,-23.599097,-46.4372645,,,,1,2023-06-19T16:11:45+00:00
SAO_3728-10,São Paulo,3550308,True,,1025,,,-23.5420065,-46.483900500000004,,,,1,2023-06-19T16:11:17+00:00
SAO_3728-10,São Paulo,3550308,True,,1025,,,-23.564616,-46.4907405,,,,1,2023-06-19T16:11:35+00:00
SAO_3728-10,São Paulo,3550308,True,,1025,,,-23.552281999999998,-46.491779,,,,1,2023-06-19T16:11:09+00:00
SAO_3728-10,São Paulo,3550308,True,,1025,,,-23.5420065,-46.483900500000004,,,,1,2023-06-19T16:11:34+00:00
SAO_1156-10,São Paulo,3550308,True,,659,,,-23.486708,-46.568445499999996,,,,1,2023-06-19T16:10:51+00:00
SAO_1156-10,São Paulo,3550308,True,,659,,,-23.538022249999997,-46.63463625,,,,1,2023-06-19T16:11:06+00:00
SAO_1156-10,São Paulo,3550308,True,,659,,,-23.4949875,-46.580739,,,,1,2023-06-19T16:11:40+00:00
SAO_1156-10,São Paulo,3550308,True,,659,,,-23.51966025,-46.625365,,,,1,2023-06-19T16:11:38+00:00
SAO_1016-10,São Paulo,3550308,True,EMTU,831,https://moovitapp.com/index/pt-br/transporte_p%C3%BAblico-line-831-Sao_Paulo-242-2038937-36419598-0,5.7,-23.446661,-46.6123605,,,,1,2023-06-19T16:11:11+00:00
SAO_1016-10,São Paulo,3550308,True,EMTU,831,https://moovitapp.com/index/pt-br/transporte_p%C3%BAblico-line-831-Sao_Paulo-242-2038937-36419598-0,5.7,-23.477387,-46.61047,,,,1,2023-06-19T16:11:39+00:00
SAO_1016-10,São Paulo,3550308,True,EMTU,831,https://moovitapp.com/index/pt-br/transporte_p%C3%BAblico-line-831-Sao_Paulo-242-2038937-36419598-0,5.7,-23.50523225,-46.61524025,,,,1,2023-06-19T16:08:54+00:00
SAO_1016-10,São Paulo,3550308,True,EMTU,831,https://moovitapp.com/index/pt-br/transporte_p%C3%BAblico-line-831-Sao_Paulo-242-2038937-36419598-0,5.7,-23.4805705,-46.6112995,,,,1,2023-06-19T16:10:40+00:00
SAO_3015-10,São Paulo,3550308,True,,2454,,,-23.4787405,-46.384282999999996,,,,1,2023-06-19T16:11:25+00:00
SAO_3015-10,São Paulo,3550308,True,,2454,,,-23.4984715,-46.3865885,,,,1,2023-06-19T16:11:27+00:00
SAO_5611-10,São Paulo,3550308,True,EMTU,598,https://moovitapp.com/index/pt-br/transporte_p%C3%BAblico-line-598-Sao_Paulo-242-2038937-36419579-0,7.05,-23.676523,-46.6797635,,,,1,2023-06-19T16:11:23+00:00
SAO_5611-10,São Paulo,3550308,True,EMTU,598,https://moovitapp.com/index/pt-br/transporte_p%C3%BAblico-line-598-Sao_Paulo-242-2038937-36419579-0,7.05,-23.553202,-46.635613,,,,1,2023-06-19T16:11:10+00:00
SAO_5611-10,São Paulo,3550308,True,EMTU,598,https://moovitapp.com/index/pt-br/transporte_p%C3%BAblico-line-598-Sao_Paulo-242-2038937-36419579-0,7.05,-23.608428,-46.652963,,,,1,2023-06-19T16:11:33+00:00
SAO_4051-10,São Paulo,3550308,True,,2144,,,-23.5445755,-46.409442999999996,,,,1,2023-06-19T16:06:21+00:00
SAO_4051-10,São Paulo,3550308,True,,2144,,,-23.561616,-46.401831,,,,1,2023-06-19T16:10:59+00:00
SAO_8032-10,São Paulo,3550308,True,,2545,,,-23.567695999999998,-46.7075435,,,,1,2023-06-19T16:11:28+00:00
SAO_8032-10,São Paulo,3550308,True,,2545,,,-23.571887,-46.7083135,,,,1,2023-06-19T16:11:35+00:00
SAO_2023-10,São Paulo,3550308,True,,35028,,,-23.4185785,-46.5862015,,,,2,2023-06-19T16:08:59+00:00
SAO_2023-10,São Paulo,3550308,True,,35028,,,-23.399378499999997,-46.5775915,,,,2,2023-06-19T16:11:04+00:00
SAO_2023-10,São Paulo,3550308,True,,35028,,,-23.398657,-46.577617000000004,,,,2,2023-06-19T16:11:45+00:00
SAO_2023-10,São Paulo,3550308,True,,35028,,,-23.465352000000003,-46.6037415,,,,2,2023-06-19T16:06:10+00:00
SAO_2023-10,São Paulo,3550308,True,,35028,,,-23.3990705,-46.577631,,,,2,2023-06-19T16:11:44+00:00
SAO_3712-51,São Paulo,3550308,True,,2505,,,-23.551222000000003,-46.43229225,,,,1,2023-06-19T16:11:17+00:00
SAO_3712-51,São Paulo,3550308,True,,2505,,,-23.542716,-46.469168499999995,,,,1,2023-06-19T16:11:42+00:00
SAO_1778-10,São Paulo,3550308,True,,1789,,,-23.4675745,-46.56831475,,,,1,2023-06-19T16:11:42+00:00
SAO_1778-10,São Paulo,3550308,True,,1789,,,-23.499627500000003,-46.61417125,,,,1,2023-06-19T16:11:15+00:00
SAO_6045-21,São Paulo,3550308,True,,34932,,,-23.698768,-46.796265500000004,,,,2,2023-06-19T16:11:27+00:00
SAO_6045-21,São Paulo,3550308,True,,34932,,,-23.665126,-46.770593000000005,,,,2,2023-06-19T16:11:17+00:00
SAO_2705-10,São Paulo,3550308,True,,917,,,-23.545738,-46.393099500000005,,,,1,2023-06-19T16:11:41+00:00
SAO_2705-10,São Paulo,3550308,True,,917,,,-23.54658725,-46.39611525,,,,1,2023-06-19T16:11:03+00:00
SAO_2705-10,São Paulo,3550308,True,,917,,,-23.5456135,-46.3931195,,,,1,2023-06-19T16:10:20+00:00
SAO_2705-10,São Paulo,3550308,True,,917,,,-23.532854,-46.43063,,,,1,2023-06-19T16:11:25+00:00
SAO_3768-10,São Paulo,3550308,True,,33824,,,-23.586175500000003,-46.3863525,,,,2,2023-06-19T16:11:22+00:00
SAO_3768-10,São Paulo,3550308,True,,33824,,,-23.5864595,-46.386217,,,,2,2023-06-19T16:11:17+00:00
SAO_3768-10,São Paulo,3550308,True,,33824,,,-23.586175500000003,-46.3863525,,,,2,2023-06-19T16:09:57+00:00
SAO_3768-10,São Paulo,3550308,True,,33824,,,-23.5636215,-46.4174665,,,,2,2023-06-19T16:11:19+00:00
SAO_3768-10,São Paulo,3550308,True,,33824,,,-23.586175500000003,-46.3863525,,,,2,2023-06-19T16:11:32+00:00
SAO_7063-10,São Paulo,3550308,True,,1899,,,-23.636305999999998,-46.777711,,,,1,2023-06-19T16:11:20+00:00
SAO_7063-10,São Paulo,3550308,True,,1899,,,-23.6316405,-46.772316,,,,1,2023-06-19T16:11:08+00:00
SAO_7063-10,São Paulo,3550308,True,,1899,,,-23.650712,-46.7822055,,,,1,2023-06-19T16:11:35+00:00
SAO_7063-10,São Paulo,3550308,True,,1899,,,-23.651991000000002,-46.789846499999996,,,,1,2023-06-19T16:11:06+00:00
SAO_7063-10,São Paulo,3550308,True,,1899,,,-23.651991000000002,-46.789846499999996,,,,1,2023-06-19T16:11:38+00:00
SAO_748R-10,São Paulo,3550308,True,EMTU,501,https://moovitapp.com/index/pt-br/transporte_p%C3%BAblico-line-501-Sao_Paulo-242-2038937-36419526-0,7.55,-23.594315,-46.786550000000005,,,,1,2023-06-19T16:11:33+00:00
SAO_748R-10,São Paulo,3550308,True,EMTU,501,https://moovitapp.com/index/pt-br/transporte_p%C3%BAblico-line-501-Sao_Paulo-242-2038937-36419526-0,7.55,-23.525014,-46.68632125,,,,1,2023-06-19T16:11:27+00:00
SAO_748R-10,São Paulo,3550308,True,EMTU,501,https://moovitapp.com/index/pt-br/transporte_p%C3%BAblico-line-501-Sao_Paulo-242-2038937-36419526-0,7.55,-23.546034,-46.734722250000004,,,,1,2023-06-19T16:11:23+00:00
SAO_748R-10,São Paulo,3550308,True,EMTU,501,https://moovitapp.com/index/pt-br/transporte_p%C3%BAblico-line-501-Sao_Paulo-242-2038937-36419526-0,7.55,-23.5251,-46.683721625000004,,,,1,2023-06-19T16:11:34+00:00
SAO_748R-10,São Paulo,3550308,True,EMTU,501,https://moovitapp.com/index/pt-br/transporte_p%C3%BAblico-line-501-Sao_Paulo-242-2038937-36419526-0,7.55,-23.581452,-46.771176499999996,,,,1,2023-06-19T16:11:44+00:00
SAO_4014-10,São Paulo,3550308,True,,2187,,,-23.6009035,-46.470328499999994,,,,1,2023-06-19T16:11:23+00:00
SAO_4014-10,São Paulo,3550308,True,,2187,,,-23.612996,-46.456739999999996,,,,1,2023-06-19T16:11:11+00:00
SAO_4014-10,São Paulo,3550308,True,,2187,,,-23.569432499999998,-46.508427499999996,,,,1,2023-06-19T16:11:04+00:00
SAO_4014-10,São Paulo,3550308,True,,2187,,,-23.6126965,-46.4572105,,,,1,2023-06-19T16:11:17+00:00
SAO_6043-10,São Paulo,3550308,True,,1220,,,-23.654738000000002,-46.753506,,,,1,2023-06-19T16:11:37+00:00
SAO_6043-10,São Paulo,3550308,True,,1220,,,-23.6540965,-46.710578999999996,,,,1,2023-06-19T16:11:43+00:00
SAO_6043-10,São Paulo,3550308,True,,1220,,,-23.653173000000002,-46.734558,,,,1,2023-06-19T16:11:39+00:00
SAO_7001-10,São Paulo,3550308,True,,34490,,,-23.723391,-46.756538,,,,2,2023-06-19T16:08:07+00:00
SAO_7001-10,São Paulo,3550308,True,,34490,,,-23.724944,-46.760373,,,,2,2023-06-19T16:10:42+00:00
SAO_7001-10,São Paulo,3550308,True,,34490,,,-23.727864,-46.763550499999994,,,,2,2023-06-19T16:09:57+00:00
SAO_7001-10,São Paulo,3550308,True,,34490,,,-23.7157765,-46.7690515,,,,2,2023-06-19T16:11:26+00:00
SAO_7001-10,São Paulo,3550308,True,,34490,,,-23.7243085,-46.754826,,,,2,2023-06-19T16:11:10+00:00
SAO_7001-10,São Paulo,3550308,True,,34490,,,-23.694046,-46.779716,,,,2,2023-06-19T16:11:41+00:00
SAO_7001-10,São Paulo,3550308,True,,34490,,,-23.7247965,-46.754793,,,,2,2023-06-19T16:11:41+00:00
SAO_9717-10,São Paulo,3550308,True,,817,,,-23.503975,-46.673538875000006,,,,1,2023-06-19T16:11:02+00:00
SAO_9717-10,São Paulo,3550308,True,,817,,,-23.5127555,-46.6249285,,,,1,2023-06-19T16:11:05+00:00
SAO_9717-10,São Paulo,3550308,True,,817,,,-23.481829,-46.685006,,,,1,2023-06-19T16:11:20+00:00
SAO_9717-10,São Paulo,3550308,True,,817,,,-23.50316325,-46.6230835,,,,1,2023-06-19T16:11:37+00:00
SAO_9717-10,São Paulo,3550308,True,,817,,,-23.463303,-46.6814685,,,,1,2023-06-19T16:11:02+00:00
SAO_9717-10,São Paulo,3550308,True,,817,,,-23.463303,-46.6814685,,,,1,2023-06-19T16:11:14+00:00
SAO_675M-10,São Paulo,3550308,True,,32876,,,-23.6711165,-46.67788924999999,,,,2,2023-06-19T16:11:32+00:00
SAO_675M-10,São Paulo,3550308,True,,32876,,,-23.720974499999997,-46.6767225,,,,2,2023-06-19T16:11:18+00:00
SAO_675M-10,São Paulo,3550308,True,,32876,,,-23.7216825,-46.688815500000004,,,,2,2023-06-19T16:11:37+00:00
SAO_675M-10,São Paulo,3550308,True,,32876,,,-23.6468815,-46.639446500000005,,,,2,2023-06-19T16:10:59+00:00
SAO_675M-10,São Paulo,3550308,True,,32876,,,-23.720974499999997,-46.6767225,,,,2,2023-06-19T16:11:30+00:00
SAO_817C-10,São Paulo,3550308,True,,1337,,,-23.526570749999998,-46.700678499999995,,,,1,2023-06-19T16:11:24+00:00
SAO_817C-10,São Paulo,3550308,True,,1337,,,-23.547914,-46.686182,,,,1,2023-06-19T16:11:17+00:00
SAO_6006-10,São Paulo,3550308,True,,32943,,,-23.66817475,-46.68946625,,,,2,2023-06-19T16:11:17+00:00
SAO_6006-10,São Paulo,3550308,True,,32943,,,-23.667364,-46.680078,,,,2,2023-06-19T16:05:35+00:00
SAO_6006-10,São Paulo,3550308,True,,32943,,,-23.675822500000002,-46.752639,,,,2,2023-06-19T16:11:29+00:00
SAO_6006-10,São Paulo,3550308,True,,32943,,,-23.6675885,-46.730721,,,,2,2023-06-19T16:11:35+00:00
SAO_6006-10,São Paulo,3550308,True,,32943,,,-23.689178,-46.7588025,,,,2,2023-06-19T16:11:39+00:00
SAO_6057-10,São Paulo,3550308,True,,1148,,,-23.765748000000002,-46.707009,,,,1,2023-06-19T16:11:38+00:00
SAO_6057-10,São Paulo,3550308,True,,1148,,,-23.766551999999997,-46.7091615,,,,1,2023-06-19T16:11:08+00:00
SAO_6057-10,São Paulo,3550308,True,,1148,,,-23.766551999999997,-46.7091615,,,,1,2023-06-19T16:11:07+00:00
SAO_6057-10,São Paulo,3550308,True,,1148,,,-23.7460795,-46.7071895,,,,1,2023-06-19T16:11:10+00:00
SAO_1757-10,São Paulo,3550308,True,,33316,,,-23.471206000000002,-46.6367925,,,,2,2023-06-19T16:11:02+00:00
SAO_1757-10,São Paulo,3550308,True,,33316,,,-23.471206000000002,-46.6367925,,,,2,2023-06-19T16:11:07+00:00
SAO_1757-10,São Paulo,3550308,True,,33316,,,-23.479668,-46.632508,,,,2,2023-06-19T16:11:33+00:00
SAO_3735-41,São Paulo,3550308,True,,1920,,,-23.5497695,-46.4928965,,,,1,2023-06-19T16:11:39+00:00
SAO_8075-10,São Paulo,3550308,True,,34812,,,-23.595496,-46.7390905,,,,2,2023-06-19T16:11:16+00:00
SAO_8075-10,São Paulo,3550308,True,,34812,,,-23.625623249999997,-46.765403,,,,2,2023-06-19T16:11:33+00:00
SAO_8075-10,São Paulo,3550308,True,,34812,,,-23.6313825,-46.77286,,,,2,2023-06-19T16:11:16+00:00
SAO_8075-10,São Paulo,3550308,True,,34812,,,-23.631218,-46.773197499999995,,,,2,2023-06-19T16:11:16+00:00
SAO_172X-10,São Paulo,3550308,True,,861,,,-23.528942999999998,-46.575725500000004,,,,1,2023-06-19T16:11:42+00:00
SAO_172X-10,São Paulo,3550308,True,,861,,,-23.53750375,-46.57549275,,,,1,2023-06-19T16:11:10+00:00
SAO_172X-10,São Paulo,3550308,True,,861,,,-23.5252445,-46.569717,,,,1,2023-06-19T16:11:31+00:00
SAO_172X-10,São Paulo,3550308,True,,861,,,-23.5398785,-46.577164499999995,,,,1,2023-06-19T16:11:30+00:00
SAO_172X-10,São Paulo,3550308,True,,861,,,-23.507433125,-46.567815374999995,,,,1,2023-06-19T16:11:34+00:00
SAO_8047-10,São Paulo,3550308,True,EMTU,408,https://moovitapp.com/index/pt-br/transporte_p%C3%BAblico-line-408-Sao_Paulo-242-2038937-36419468-0,7.55,-23.514361,-46.714128,,,,1,2023-06-19T16:11:03+00:00
SAO_8047-10,São Paulo,3550308,True,EMTU,408,https://moovitapp.com/index/pt-br/transporte_p%C3%BAblico-line-408-Sao_Paulo-242-2038937-36419468-0,7.55,-23.487334,-46.7595055,,,,1,2023-06-19T16:11:13+00:00
SAO_8047-10,São Paulo,3550308,True,EMTU,408,https://moovitapp.com/index/pt-br/transporte_p%C3%BAblico-line-408-Sao_Paulo-242-2038937-36419468-0,7.55,-23.5196895,-46.702430500000006,,,,1,2023-06-19T16:11:15+00:00
SAO_8047-10,São Paulo,3550308,True,EMTU,408,https://moovitapp.com/index/pt-br/transporte_p%C3%BAblico-line-408-Sao_Paulo-242-2038937-36419468-0,7.55,-23.4536795,-46.7437235,,,,1,2023-06-19T16:11:03+00:00
SAO_8047-10,São Paulo,3550308,True,EMTU,408,https://moovitapp.com/index/pt-br/transporte_p%C3%BAblico-line-408-Sao_Paulo-242-2038937-36419468-0,7.55,-23.4339175,-46.7549995,,,,1,2023-06-19T16:11:01+00:00
SAO_1778-10,São Paulo,3550308,True,,34557,,,-23.467372,-46.568509750000004,,,,2,2023-06-19T16:11:03+00:00
SAO_1778-10,São Paulo,3550308,True,,34557,,,-23.460476,-46.583318000000006,,,,2,2023-06-19T16:08:52+00:00
SAO_8009-10,São Paulo,3550308,True,,1259,,,-23.4855005,-46.7258875,,,,1,2023-06-19T16:11:33+00:00
SAO_6414-10,São Paulo,3550308,True,,33128,,,-23.59240175,-46.6728285,,,,2,2023-06-19T16:11:36+00:00
SAO_6414-10,São Paulo,3550308,True,,33128,,,-23.6701735,-46.7122485,,,,2,2023-06-19T16:11:01+00:00
SAO_6414-10,São Paulo,3550308,True,,33128,,,-23.670198,-46.712326000000004,,,,2,2023-06-19T16:11:23+00:00
SAO_6414-10,São Paulo,3550308,True,,33128,,,-23.6461575625,-46.70273725,,,,2,2023-06-19T16:11:44+00:00
SAO_119C-10,São Paulo,3550308,True,,33429,,,-23.52799375,-46.612910625,,,,2,2023-06-19T16:11:16+00:00
SAO_119C-10,São Paulo,3550308,True,,33429,,,-23.534119500000003,-46.6450215,,,,2,2023-06-19T16:11:26+00:00
SAO_119C-10,São Paulo,3550308,True,,33429,,,-23.535606,-46.626139,,,,2,2023-06-19T16:11:13+00:00
SAO_119C-10,São Paulo,3550308,True,,33429,,,-23.4788315,-46.5691755,,,,2,2023-06-19T16:11:16+00:00
SAO_119C-10,São Paulo,3550308,True,,33429,,,-23.528732625,-46.615187999999996,,,,2,2023-06-19T16:09:19+00:00
SAO_N241-11,São Paulo,3550308,True,,35098,,,-23.501943500000003,-46.6235805,,,,2,2023-06-19T16:11:12+00:00
SAO_6063-41,São Paulo,3550308,True,,34541,,,-23.787596999999998,-46.679432,,,,2,2023-06-19T16:11:19+00:00
SAO_6063-41,São Paulo,3550308,True,,34541,,,-23.787551999999998,-46.679802,,,,2,2023-06-19T16:11:05+00:00
SAO_6063-41,São Paulo,3550308,True,,34541,,,-23.787596999999998,-46.679432,,,,2,2023-06-19T16:11:44+00:00
SAO_6063-41,São Paulo,3550308,True,,34541,,,-23.773833500000002,-46.7073295,,,,2,2023-06-19T16:11:30+00:00
SAO_6063-41,São Paulo,3550308,True,,34541,,,-23.7880545,-46.680126,,,,2,2023-06-19T16:11:17+00:00
SAO_6063-41,São Paulo,3550308,True,,34541,,,-23.7878735,-46.680537,,,,2,2023-06-19T16:11:22+00:00
SAO_6063-41,São Paulo,3550308,True,,34541,,,-23.787596999999998,-46.679432,,,,2,2023-06-19T16:11:35+00:00
SAO_6063-41,São Paulo,3550308,True,,34541,,,-23.784658,-46.68967125,,,,2,2023-06-19T16:11:15+00:00
SAO_3025-10,São Paulo,3550308,True,,33729,,,-23.543061,-46.415521999999996,,,,2,2023-06-19T16:11:31+00:00
SAO_3025-10,São Paulo,3550308,True,,33729,,,-23.577255,-46.398083,,,,2,2023-06-19T16:11:05+00:00
SAO_3025-10,São Paulo,3550308,True,,33729,,,-23.572387,-46.4032435,,,,2,2023-06-19T16:11:41+00:00
SAO_3025-10,São Paulo,3550308,True,,33729,,,-23.566136999999998,-46.4160905,,,,2,2023-06-19T16:11:15+00:00
SAO_3025-10,São Paulo,3550308,True,,33729,,,-23.570379000000003,-46.3989755,,,,2,2023-06-19T16:11:22+00:00
SAO_736I-10,São Paulo,3550308,True,,33549,,,-23.642408500000002,-46.7117185,,,,2,2023-06-19T16:11:41+00:00
SAO_736I-10,São Paulo,3550308,True,,33549,,,-23.636372,-46.7521605,,,,2,2023-06-19T16:11:04+00:00
SAO_736I-10,São Paulo,3550308,True,,33549,,,-23.6438595,-46.731730999999996,,,,2,2023-06-19T16:11:25+00:00
SAO_736I-10,São Paulo,3550308,True,,33549,,,-23.632932,-46.748738,,,,2,2023-06-19T16:11:16+00:00
SAO_736I-10,São Paulo,3550308,True,,33549,,,-23.632452999999998,-46.7480465,,,,2,2023-06-19T16:11:04+00:00
SAO_199D-10,São Paulo,3550308,True,,2135,,,-23.50145475,-46.706667249999995,,,,1,2023-06-19T16:11:45+00:00
SAO_199D-10,São Paulo,3550308,True,,2135,,,-23.531826,-46.690790625000005,,,,1,2023-06-19T16:11:03+00:00
SAO_199D-10,São Paulo,3550308,True,,2135,,,-23.485856,-46.71054650000001,,,,1,2023-06-19T16:11:03+00:00
SAO_199D-10,São Paulo,3550308,True,,2135,,,-23.5663195,-46.7017455,,,,1,2023-06-19T16:11:42+00:00
SAO_199D-10,São Paulo,3550308,True,,2135,,,-23.547343,-46.6872285,,,,1,2023-06-19T16:11:33+00:00
SAO_199D-10,São Paulo,3550308,True,,2135,,,-23.565374249999998,-46.698355,,,,1,2023-06-19T16:11:26+00:00
SAO_211V-10,São Paulo,3550308,True,,32922,,,-23.505013499999997,-46.5154045,,,,2,2023-06-19T16:10:29+00:00
SAO_211V-10,São Paulo,3550308,True,,32922,,,-23.4944855,-46.470219,,,,2,2023-06-19T16:11:03+00:00
SAO_211V-10,São Paulo,3550308,True,,32922,,,-23.4943225,-46.470273,,,,2,2023-06-19T16:11:11+00:00
SAO_1741-10,São Paulo,3550308,True,,539,,,-23.489471,-46.6361545,,,,1,2023-06-19T16:11:19+00:00
SAO_1741-10,São Paulo,3550308,True,,539,,,-23.463995,-46.661649,,,,1,2023-06-19T16:11:26+00:00
SAO_1741-10,São Paulo,3550308,True,,539,,,-23.469374000000002,-46.6575915,,,,1,2023-06-19T16:11:17+00:00
SAO_1741-10,São Paulo,3550308,True,,539,,,-23.5031265,-46.624462,,,,1,2023-06-19T16:11:28+00:00
SAO_1741-10,São Paulo,3550308,True,,539,,,-23.4639165,-46.663722,,,,1,2023-06-19T16:11:14+00:00
SAO_8029-10,São Paulo,3550308,True,,2540,,,-23.5972845,-46.72000800000001,,,,1,2023-06-19T16:11:06+00:00
SAO_6062-10,São Paulo,3550308,True,,1151,,,-23.737047,-46.697469,,,,1,2023-06-19T16:11:40+00:00
SAO_6062-10,São Paulo,3550308,True,,1151,,,-23.7379375,-46.697804500000004,,,,1,2023-06-19T16:10:47+00:00
SAO_6062-10,São Paulo,3550308,True,,1151,,,-23.738647999999998,-46.686324,,,,1,2023-06-19T16:11:18+00:00
SAO_6062-10,São Paulo,3550308,True,,1151,,,-23.7364225,-46.6969615,,,,1,2023-06-19T16:11:18+00:00
SAO_307C-10,São Paulo,3550308,True,,34882,,,-23.494093,-46.420404250000004,,,,2,2023-06-19T16:11:22+00:00
SAO_307C-10,São Paulo,3550308,True,,34882,,,-23.503725000000003,-46.379984,,,,2,2023-06-19T16:11:15+00:00
SAO_307C-10,São Paulo,3550308,True,,34882,,,-23.539121375,-46.481944,,,,2,2023-06-19T16:11:09+00:00
SAO_307C-10,São Paulo,3550308,True,,34882,,,-23.510387,-46.3946105,,,,2,2023-06-19T16:11:12+00:00
SAO_307C-10,São Paulo,3550308,True,,34882,,,-23.49173,-46.44601225,,,,2,2023-06-19T16:11:01+00:00
SAO_307C-10,São Paulo,3550308,True,,34882,,,-23.504025,-46.3795905,,,,2,2023-06-19T16:11:21+00:00
SAO_971C-10,São Paulo,3550308,True,,571,,,-23.47501225,-46.665508,,,,1,2023-06-19T16:11:15+00:00
SAO_971C-10,São Paulo,3550308,True,,571,,,-23.438336,-46.7091475,,,,1,2023-06-19T16:11:04+00:00
SAO_971C-10,São Paulo,3550308,True,,571,,,-23.502011500000002,-46.625002499999994,,,,1,2023-06-19T16:11:28+00:00
SAO_971C-10,São Paulo,3550308,True,,571,,,-23.501604,-46.624865,,,,1,2023-06-19T16:11:36+00:00
SAO_6019-10,São Paulo,3550308,True,,34258,,,-23.6687515,-46.735510000000005,,,,2,2023-06-19T16:11:16+00:00
SAO_6019-10,São Paulo,3550308,True,,34258,,,-23.6687515,-46.735510000000005,,,,2,2023-06-19T16:11:34+00:00
SAO_2765-10,São Paulo,3550308,True,EMTU,145,https://moovitapp.com/index/pt-br/transporte_p%C3%BAblico-line-145-Sao_Paulo-242-2038937-36419293-0,5.35,-23.519639624999996,-46.54811,,,,1,2023-06-19T16:11:33+00:00
SAO_2765-10,São Paulo,3550308,True,EMTU,145,https://moovitapp.com/index/pt-br/transporte_p%C3%BAblico-line-145-Sao_Paulo-242-2038937-36419293-0,5.35,-23.53832525,-46.57552425,,,,1,2023-06-19T16:11:35+00:00
SAO_2765-10,São Paulo,3550308,True,EMTU,145,https://moovitapp.com/index/pt-br/transporte_p%C3%BAblico-line-145-Sao_Paulo-242-2038937-36419293-0,5.35,-23.505990500000003,-46.5292295,,,,1,2023-06-19T16:11:03+00:00
SAO_2765-10,São Paulo,3550308,True,EMTU,145,https://moovitapp.com/index/pt-br/transporte_p%C3%BAblico-line-145-Sao_Paulo-242-2038937-36419293-0,5.35,-23.53091,-46.55751575,,,,1,2023-06-19T16:11:36+00:00
SAO_1178-31,São Paulo,3550308,True,,1812,,,-23.526490250000002,-46.580963,,,,1,2023-06-19T16:11:00+00:00
SAO_1178-31,São Paulo,3550308,True,,1812,,,-23.5181525,-46.6296665,,,,1,2023-06-19T16:11:28+00:00
SAO_1178-31,São Paulo,3550308,True,,1812,,,-23.4962165,-46.512359124999996,,,,1,2023-06-19T16:11:07+00:00
SAO_1178-31,São Paulo,3550308,True,,1812,,,-23.494543999999998,-46.438418999999996,,,,1,2023-06-19T16:10:33+00:00
SAO_3721-10,São Paulo,3550308,True,,1019,,,-23.548675000000003,-46.484409,,,,1,2023-06-19T16:11:39+00:00
SAO_3721-10,São Paulo,3550308,True,,1019,,,-23.563834,-46.493219,,,,1,2023-06-19T16:11:37+00:00
SAO_3721-10,São Paulo,3550308,True,,1019,,,-23.5404345,-46.48488075,,,,1,2023-06-19T16:11:06+00:00
SAO_2025-10,São Paulo,3550308,True,,2267,,,-23.502817,-46.6238575,,,,1,2023-06-19T16:11:01+00:00
SAO_2025-10,São Paulo,3550308,True,,2267,,,-23.499353499999998,-46.613966500000004,,,,1,2023-06-19T16:11:16+00:00
SAO_2025-10,São Paulo,3550308,True,,2267,,,-23.502817,-46.6238575,,,,1,2023-06-19T14:57:52+00:00
SAO_2025-10,São Paulo,3550308,True,,2267,,,-23.464031499999997,-46.583627,,,,1,2023-06-19T16:11:43+00:00
SAO_2025-10,São Paulo,3550308,True,,2267,,,-23.480483999999997,-46.6003535,,,,1,2023-06-19T16:11:17+00:00
SAO_5164-10,São Paulo,3550308,True,,1283,,,-23.59801275,-46.647487625,,,,1,2023-06-19T16:11:03+00:00
SAO_5164-10,São Paulo,3550308,True,,1283,,,-23.649483500000002,-46.646519,,,,1,2023-06-19T16:11:39+00:00
SAO_5164-10,São Paulo,3550308,True,,1283,,,-23.614879000000002,-46.638340125,,,,1,2023-06-19T16:11:11+00:00
SAO_5164-10,São Paulo,3550308,True,,1283,,,-23.641788249999998,-46.6613714375,,,,1,2023-06-19T16:11:33+00:00
SAO_8055-51,São Paulo,3550308,True,,33185,,,-23.404925499999997,-46.7511505,,,,2,2023-06-19T16:11:05+00:00
SAO_8055-51,São Paulo,3550308,True,,33185,,,-23.4853455,-46.768739124999996,,,,2,2023-06-19T16:11:21+00:00
SAO_8055-51,São Paulo,3550308,True,,33185,,,-23.408123,-46.741294999999994,,,,2,2023-06-19T16:11:13+00:00
SAO_8055-51,São Paulo,3550308,True,,33185,,,-23.408440499999998,-46.742359,,,,2,2023-06-19T16:11:19+00:00
SAO_8055-51,São Paulo,3550308,True,,33185,,,-23.408178,-46.7411865,,,,2,2023-06-19T16:11:30+00:00
SAO_4032-10,São Paulo,3550308,True,,33870,,,-23.62815825,-46.600349,,,,2,2023-06-19T16:11:20+00:00
SAO_4032-10,São Paulo,3550308,True,,33870,,,-23.620514,-46.6280965,,,,2,2023-06-19T16:11:43+00:00
SAO_4032-10,São Paulo,3550308,True,,33870,,,-23.62781275,-46.600421,,,,2,2023-06-19T16:11:22+00:00
SAO_4032-10,São Paulo,3550308,True,,33870,,,-23.610751999999998,-46.6453655,,,,2,2023-06-19T16:11:35+00:00
SAO_4032-10,São Paulo,3550308,True,,33870,,,-23.62815825,-46.600349,,,,2,2023-06-19T16:11:31+00:00
SAO_2780-10,São Paulo,3550308,True,EMTU,399,https://moovitapp.com/index/pt-br/transporte_p%C3%BAblico-line-399-Sao_Paulo-242-2038937-36419463-0,6.45,-23.4984495,-46.3958055,,,,1,2023-06-19T16:11:11+00:00
SAO_2780-10,São Paulo,3550308,True,EMTU,399,https://moovitapp.com/index/pt-br/transporte_p%C3%BAblico-line-399-Sao_Paulo-242-2038937-36419463-0,6.45,-23.5124705,-46.433309,,,,1,2023-06-19T16:11:16+00:00
SAO_2780-10,São Paulo,3550308,True,EMTU,399,https://moovitapp.com/index/pt-br/transporte_p%C3%BAblico-line-399-Sao_Paulo-242-2038937-36419463-0,6.45,-23.537851125000003,-46.455333,,,,1,2023-06-19T16:11:42+00:00
SAO_2101-10,São Paulo,3550308,True,,714,,,-23.55528475,-46.602423,,,,1,2023-06-19T16:11:43+00:00
SAO_3796-10,São Paulo,3550308,True,,33842,,,-23.558259999999997,-46.465674500000006,,,,2,2023-06-19T16:11:16+00:00
SAO_273N-10,São Paulo,3550308,True,EMTU,390,https://moovitapp.com/index/pt-br/transporte_p%C3%BAblico-line-390-Sao_Paulo-242-2038937-36419459-0,5.45,-23.502917125,-46.390830750000006,,,,1,2023-06-19T16:11:14+00:00
SAO_273N-10,São Paulo,3550308,True,EMTU,390,https://moovitapp.com/index/pt-br/transporte_p%C3%BAblico-line-390-Sao_Paulo-242-2038937-36419459-0,5.45,-23.50683025,-46.368320749999995,,,,1,2023-06-19T16:11:30+00:00
SAO_273N-10,São Paulo,3550308,True,EMTU,390,https://moovitapp.com/index/pt-br/transporte_p%C3%BAblico-line-390-Sao_Paulo-242-2038937-36419459-0,5.45,-23.51079025,-46.439536375,,,,1,2023-06-19T16:09:34+00:00
SAO_273N-10,São Paulo,3550308,True,EMTU,390,https://moovitapp.com/index/pt-br/transporte_p%C3%BAblico-line-390-Sao_Paulo-242-2038937-36419459-0,5.45,-23.52345575,-46.5287395,,,,1,2023-06-19T16:11:13+00:00
SAO_273N-10,São Paulo,3550308,True,EMTU,390,https://moovitapp.com/index/pt-br/transporte_p%C3%BAblico-line-390-Sao_Paulo-242-2038937-36419459-0,5.45,-23.510844249999998,-46.508745000000005,,,,1,2023-06-19T16:11:24+00:00
SAO_4111-10,São Paulo,3550308,True,,33088,,,-23.576107,-46.613240000000005,,,,2,2023-06-19T16:11:04+00:00
SAO_4111-10,São Paulo,3550308,True,,33088,,,-23.575848,-46.613550000000004,,,,2,2023-06-19T16:11:39+00:00
SAO_4111-10,São Paulo,3550308,True,,33088,,,-23.561919,-46.6224725,,,,2,2023-06-19T16:11:04+00:00
SAO_5127-10,São Paulo,3550308,True,,1127,,,-23.69587175,-46.65056800000001,,,,1,2023-06-19T16:10:47+00:00
SAO_5127-10,São Paulo,3550308,True,,1127,,,-23.702520999999997,-46.638783000000004,,,,1,2023-06-19T16:11:22+00:00
SAO_5127-10,São Paulo,3550308,True,,1127,,,-23.7015515,-46.640887,,,,1,2023-06-19T16:10:59+00:00
SAO_5127-10,São Paulo,3550308,True,,1127,,,-23.688775749999998,-46.66371425,,,,1,2023-06-19T16:11:38+00:00
SAO_5127-10,São Paulo,3550308,True,,1127,,,-23.68854925,-46.66362275,,,,1,2023-06-19T16:11:26+00:00
SAO_5127-10,São Paulo,3550308,True,,1127,,,-23.679492250000003,-46.684490249999996,,,,1,2023-06-19T16:11:30+00:00
SAO_5127-10,São Paulo,3550308,True,,1127,,,-23.7015515,-46.640887,,,,1,2023-06-19T16:11:27+00:00
SAO_129F-10,São Paulo,3550308,True,,2304,,,-23.501786250000002,-46.70661375,,,,1,2023-06-19T16:11:37+00:00
SAO_129F-10,São Paulo,3550308,True,,2304,,,-23.526614000000002,-46.668097,,,,1,2023-06-19T16:11:21+00:00
SAO_129F-10,São Paulo,3550308,True,,2304,,,-23.523079625,-46.702978125,,,,1,2023-06-19T16:11:32+00:00
SAO_129F-10,São Paulo,3550308,True,,2304,,,-23.525332,-46.683056125,,,,1,2023-06-19T16:11:18+00:00
SAO_6021-10,São Paulo,3550308,True,,32945,,,-23.768752499999998,-46.7160475,,,,2,2023-06-19T16:11:21+00:00
SAO_6021-10,São Paulo,3550308,True,,32945,,,-23.7942345,-46.7403985,,,,2,2023-06-19T16:11:41+00:00
SAO_7411-10,São Paulo,3550308,True,,34144,,,-23.549842249999998,-46.65397175,,,,2,2023-06-19T16:11:22+00:00
SAO_7411-10,São Paulo,3550308,True,,34144,,,-23.566522875,-46.709664625,,,,2,2023-06-19T16:11:39+00:00
SAO_6031-10,São Paulo,3550308,True,,32860,,,-23.748329,-46.6978175,,,,2,2023-06-19T16:11:35+00:00
SAO_6031-10,São Paulo,3550308,True,,32860,,,-23.758112500000003,-46.703442,,,,2,2023-06-19T16:11:10+00:00
SAO_3020-10,São Paulo,3550308,True,,33726,,,-23.541079000000003,-46.456182875,,,,2,2023-06-19T16:11:32+00:00
SAO_3020-10,São Paulo,3550308,True,,33726,,,-23.55268875,-46.431169499999996,,,,2,2023-06-19T16:11:26+00:00
SAO_3020-10,São Paulo,3550308,True,,33726,,,-23.5505685,-46.436458,,,,2,2023-06-19T16:11:30+00:00
SAO_3020-10,São Paulo,3550308,True,,33726,,,-23.56738575,-46.484733500000004,,,,2,2023-06-19T16:11:36+00:00
SAO_6816-10,São Paulo,3550308,True,BR7 Mobilidade,26,https://moovitapp.com/index/pt-br/transporte_p%C3%BAblico-line-26-Sao_Paulo-242-851856-577923-0,5.75,-23.6590135,-46.768146,,,,1,2023-06-19T16:11:36+00:00
SAO_6816-10,São Paulo,3550308,True,BR7 Mobilidade,26,https://moovitapp.com/index/pt-br/transporte_p%C3%BAblico-line-26-Sao_Paulo-242-851856-577923-0,5.75,-23.653551,-46.777357,,,,1,2023-06-19T16:11:15+00:00
SAO_6816-10,São Paulo,3550308,True,BR7 Mobilidade,26,https://moovitapp.com/index/pt-br/transporte_p%C3%BAblico-line-26-Sao_Paulo-242-851856-577923-0,5.75,-23.653212,-46.7764515,,,,1,2023-06-19T16:11:14+00:00
SAO_975A-10,São Paulo,3550308,True,EMTU,589,https://moovitapp.com/index/pt-br/transporte_p%C3%BAblico-line-589-Sao_Paulo-242-2038937-36419576-0,5.35,-23.563619625,-46.65398987499999,,,,1,2023-06-19T16:11:04+00:00
SAO_975A-10,São Paulo,3550308,True,EMTU,589,https://moovitapp.com/index/pt-br/transporte_p%C3%BAblico-line-589-Sao_Paulo-242-2038937-36419576-0,5.35,-23.53321175,-46.66163025,,,,1,2023-06-19T16:11:16+00:00
SAO_975A-10,São Paulo,3550308,True,EMTU,589,https://moovitapp.com/index/pt-br/transporte_p%C3%BAblico-line-589-Sao_Paulo-242-2038937-36419576-0,5.35,-23.5814585,-46.6389305,,,,1,2023-06-19T16:11:19+00:00
SAO_975A-10,São Paulo,3550308,True,EMTU,589,https://moovitapp.com/index/pt-br/transporte_p%C3%BAblico-line-589-Sao_Paulo-242-2038937-36419576-0,5.35,-23.505019500000003,-46.691104499999994,,,,1,2023-06-19T16:11:14+00:00
SAO_8016-10,São Paulo,3550308,True,,34114,,,-23.4323995,-46.7242835,,,,2,2023-06-19T16:11:42+00:00
SAO_8016-10,São Paulo,3550308,True,,34114,,,-23.442724,-46.717219,,,,2,2023-06-19T16:11:35+00:00
SAO_8016-10,São Paulo,3550308,True,,34114,,,-23.4727435,-46.72607725,,,,2,2023-06-19T16:11:24+00:00
SAO_311C-10,São Paulo,3550308,True,EMTU,309,https://moovitapp.com/index/pt-br/transporte_p%C3%BAblico-line-309-Sao_Paulo-242-2038937-36419401-0,7.5,-23.589567625,-46.554124375,,,,1,2023-06-19T16:11:15+00:00
SAO_311C-10,São Paulo,3550308,True,EMTU,309,https://moovitapp.com/index/pt-br/transporte_p%C3%BAblico-line-309-Sao_Paulo-242-2038937-36419401-0,7.5,-23.5949235,-46.548206500000006,,,,1,2023-06-19T16:11:44+00:00
SAO_311C-10,São Paulo,3550308,True,EMTU,309,https://moovitapp.com/index/pt-br/transporte_p%C3%BAblico-line-309-Sao_Paulo-242-2038937-36419401-0,7.5,-23.533626124999998,-46.614151625,,,,1,2023-06-19T16:11:44+00:00
SAO_311C-10,São Paulo,3550308,True,EMTU,309,https://moovitapp.com/index/pt-br/transporte_p%C3%BAblico-line-309-Sao_Paulo-242-2038937-36419401-0,7.5,-23.5824595,-46.5853065,,,,1,2023-06-19T16:11:29+00:00
SAO_311C-10,São Paulo,3550308,True,EMTU,309,https://moovitapp.com/index/pt-br/transporte_p%C3%BAblico-line-309-Sao_Paulo-242-2038937-36419401-0,7.5,-23.5186695,-46.6481295,,,,1,2023-06-19T16:11:38+00:00
SAO_7049-10,São Paulo,3550308,True,,1912,,,-23.673924,-46.787309,,,,1,2023-06-19T16:11:20+00:00
SAO_7049-10,São Paulo,3550308,True,,1912,,,-23.71189,-46.777949500000005,,,,1,2023-06-19T16:11:41+00:00
SAO_7049-10,São Paulo,3550308,True,,1912,,,-23.697454,-46.779255500000005,,,,1,2023-06-19T16:11:18+00:00
SAO_7049-10,São Paulo,3550308,True,,1912,,,-23.676349000000002,-46.775425,,,,1,2023-06-19T16:11:17+00:00
SAO_7049-10,São Paulo,3550308,True,,1912,,,-23.634363,-46.774752,,,,1,2023-06-19T16:11:11+00:00
SAO_6013-10,São Paulo,3550308,True,,186,,,-23.6993375,-46.768568,,,,1,2023-06-19T16:11:44+00:00
SAO_6013-10,São Paulo,3550308,True,,186,,,-23.688184,-46.772277125,,,,1,2023-06-19T16:11:27+00:00
SAO_6013-10,São Paulo,3550308,True,,186,,,-23.652333,-46.733948999999996,,,,1,2023-06-19T16:11:00+00:00
SAO_7060-10,São Paulo,3550308,True,,1889,,,-23.6854875,-46.801269500000004,,,,1,2023-06-19T16:11:15+00:00
SAO_7060-10,São Paulo,3550308,True,,1889,,,-23.6854875,-46.801269500000004,,,,1,2023-06-19T16:11:11+00:00
SAO_7060-10,São Paulo,3550308,True,,1889,,,-23.6364275,-46.7779335,,,,1,2023-06-19T16:11:31+00:00
SAO_273X-10,São Paulo,3550308,True,EMTU,392,https://moovitapp.com/index/pt-br/transporte_p%C3%BAblico-line-392-Sao_Paulo-242-2038937-36419460-0,5.8,-23.498495,-46.376676,,,,1,2023-06-19T16:11:28+00:00
SAO_273X-10,São Paulo,3550308,True,EMTU,392,https://moovitapp.com/index/pt-br/transporte_p%C3%BAblico-line-392-Sao_Paulo-242-2038937-36419460-0,5.8,-23.540452000000002,-46.483401,,,,1,2023-06-19T16:11:04+00:00
SAO_273X-10,São Paulo,3550308,True,EMTU,392,https://moovitapp.com/index/pt-br/transporte_p%C3%BAblico-line-392-Sao_Paulo-242-2038937-36419460-0,5.8,-23.4953015,-46.4312885,,,,1,2023-06-19T16:11:38+00:00
SAO_273X-10,São Paulo,3550308,True,EMTU,392,https://moovitapp.com/index/pt-br/transporte_p%C3%BAblico-line-392-Sao_Paulo-242-2038937-36419460-0,5.8,-23.494716,-46.4380885,,,,1,2023-06-19T16:09:40+00:00
SAO_273X-10,São Paulo,3550308,True,EMTU,392,https://moovitapp.com/index/pt-br/transporte_p%C3%BAblico-line-392-Sao_Paulo-242-2038937-36419460-0,5.8,-23.49606,-46.37753925,,,,1,2023-06-19T16:11:22+00:00
SAO_8600-10,São Paulo,3550308,True,,34200,,,-23.51377175,-46.7025705,,,,2,2023-06-19T16:11:12+00:00
SAO_8600-10,São Paulo,3550308,True,,34200,,,-23.522682624999998,-46.658844875,,,,2,2023-06-19T16:11:36+00:00
SAO_8600-10,São Paulo,3550308,True,,34200,,,-23.543416999999998,-46.637842500000005,,,,2,2023-06-19T16:11:07+00:00
SAO_8600-10,São Paulo,3550308,True,,34200,,,-23.4883175,-46.713229999999996,,,,2,2023-06-19T16:11:30+00:00
SAO_119L-10,São Paulo,3550308,True,,2273,,,-23.47255,-46.7763635,,,,1,2023-06-19T16:11:35+00:00
SAO_119L-10,São Paulo,3550308,True,,2273,,,-23.4460195,-46.7842,,,,1,2023-06-19T16:11:12+00:00
SAO_6820-31,São Paulo,3550308,True,,34174,,,-23.658020999999998,-46.7897125,,,,2,2023-06-19T16:11:39+00:00
SAO_6820-31,São Paulo,3550308,True,,34174,,,-23.658609,-46.78921425,,,,2,2023-06-19T16:11:35+00:00
SAO_6820-31,São Paulo,3550308,True,,34174,,,-23.658020999999998,-46.7897125,,,,2,2023-06-19T16:11:21+00:00
SAO_6820-31,São Paulo,3550308,True,,34174,,,-23.659830499999998,-46.76968,,,,2,2023-06-19T16:11:02+00:00
SAO_6820-31,São Paulo,3550308,True,,34174,,,-23.658020999999998,-46.7897125,,,,2,2023-06-19T16:11:10+00:00
SAO_5164-10,São Paulo,3550308,True,,34051,,,-23.5809745,-46.6566785,,,,2,2023-06-19T16:11:39+00:00
SAO_5164-10,São Paulo,3550308,True,,34051,,,-23.61628075,-46.63880675,,,,2,2023-06-19T16:11:44+00:00
SAO_5164-10,São Paulo,3550308,True,,34051,,,-23.648926000000003,-46.661815000000004,,,,2,2023-06-19T16:11:14+00:00
SAO_5164-10,São Paulo,3550308,True,,34051,,,-23.647410999999998,-46.662507,,,,2,2023-06-19T16:11:29+00:00
SAO_5164-10,São Paulo,3550308,True,,34051,,,-23.638527500000002,-46.642257,,,,2,2023-06-19T16:11:22+00:00
SAO_5164-10,São Paulo,3550308,True,,34051,,,-23.6431185,-46.662103,,,,2,2023-06-19T16:11:26+00:00
SAO_5164-10,São Paulo,3550308,True,,34051,,,-23.59529375,-46.650884,,,,2,2023-06-19T16:10:24+00:00
SAO_3742-10,São Paulo,3550308,True,,33810,,,-23.54579725,-46.447246250000006,,,,2,2023-06-19T16:11:17+00:00
SAO_3742-10,São Paulo,3550308,True,,33810,,,-23.604736000000003,-46.4346285,,,,2,2023-06-19T16:11:23+00:00
SAO_3742-10,São Paulo,3550308,True,,33810,,,-23.6044225,-46.434561,,,,2,2023-06-19T16:11:03+00:00
SAO_3742-10,São Paulo,3550308,True,,33810,,,-23.577302500000002,-46.44377075,,,,2,2023-06-19T16:11:20+00:00
SAO_3742-10,São Paulo,3550308,True,,33810,,,-23.542908,-46.466794,,,,2,2023-06-19T16:11:30+00:00
SAO_4221-10,São Paulo,3550308,True,,325,,,-23.605052,-46.520733,,,,1,2023-06-19T16:11:26+00:00
SAO_4221-10,São Paulo,3550308,True,,325,,,-23.58598525,-46.584396500000004,,,,1,2023-06-19T16:11:10+00:00
SAO_4221-10,São Paulo,3550308,True,,325,,,-23.609287000000002,-46.514108,,,,1,2023-06-19T16:11:23+00:00
SAO_809U-21,São Paulo,3550308,True,,2307,,,-23.5417215,-46.6903375,,,,1,2023-06-19T16:11:02+00:00
SAO_809U-21,São Paulo,3550308,True,,2307,,,-23.5468295,-46.6903115,,,,1,2023-06-19T16:11:17+00:00
SAO_809U-21,São Paulo,3550308,True,,2307,,,-23.527012499999998,-46.681565750000004,,,,1,2023-06-19T16:11:43+00:00
SAO_809U-21,São Paulo,3550308,True,,2307,,,-23.5444155,-46.690841000000006,,,,1,2023-06-19T16:11:44+00:00
SAO_809U-21,São Paulo,3550308,True,,2307,,,-23.547031,-46.6901755,,,,1,2023-06-19T16:11:11+00:00
SAO_809U-21,São Paulo,3550308,True,,2307,,,-23.525606,-46.6712185,,,,1,2023-06-19T16:11:40+00:00
SAO_6072-10,São Paulo,3550308,True,,1588,,,-23.827404,-46.697334,,,,1,2023-06-19T16:11:20+00:00
SAO_6072-10,São Paulo,3550308,True,,1588,,,-23.813839,-46.707379,,,,1,2023-06-19T16:08:18+00:00
SAO_6072-10,São Paulo,3550308,True,,1588,,,-23.7711895,-46.7179465,,,,1,2023-06-19T16:11:12+00:00
SAO_6072-10,São Paulo,3550308,True,,1588,,,-23.768802,-46.71633,,,,1,2023-06-19T16:11:20+00:00
SAO_6072-10,São Paulo,3550308,True,,1588,,,-23.766939,-46.716361,,,,1,2023-06-19T16:11:30+00:00
SAO_6072-10,São Paulo,3550308,True,,1588,,,-23.822509,-46.706323999999995,,,,1,2023-06-19T16:11:29+00:00
SAO_6072-10,São Paulo,3550308,True,,1588,,,-23.827404,-46.697334,,,,1,2023-06-19T16:11:40+00:00
SAO_4085-10,São Paulo,3550308,True,,2156,,,-23.54553525,-46.46165175,,,,1,2023-06-19T16:11:36+00:00
SAO_4085-10,São Paulo,3550308,True,,2156,,,-23.569565,-46.428962,,,,1,2023-06-19T16:11:28+00:00
SAO_4085-10,São Paulo,3550308,True,,2156,,,-23.564794499999998,-46.42629650000001,,,,1,2023-06-19T16:11:08+00:00
SAO_4727-10,São Paulo,3550308,True,Cidade de Caieiras,340,https://moovitapp.com/index/pt-br/transporte_p%C3%BAblico-line-340-Sao_Paulo-242-868761-101563062-0,5.0,-23.6112855,-46.636894,,,,1,2023-06-19T16:11:14+00:00
SAO_4727-10,São Paulo,3550308,True,Cidade de Caieiras,340,https://moovitapp.com/index/pt-br/transporte_p%C3%BAblico-line-340-Sao_Paulo-242-868761-101563062-0,5.0,-23.6379275,-46.608517500000005,,,,1,2023-06-19T16:11:38+00:00
SAO_4727-10,São Paulo,3550308,True,Cidade de Caieiras,340,https://moovitapp.com/index/pt-br/transporte_p%C3%BAblico-line-340-Sao_Paulo-242-868761-101563062-0,5.0,-23.628226499999997,-46.61896825,,,,1,2023-06-19T16:11:39+00:00
SAO_2710-10,São Paulo,3550308,True,,33692,,,-23.529739,-46.501110999999995,,,,2,2023-06-19T16:11:14+00:00
SAO_2710-10,São Paulo,3550308,True,,33692,,,-23.529739,-46.501110999999995,,,,2,2023-06-19T16:11:37+00:00
SAO_2710-10,São Paulo,3550308,True,,33692,,,-23.529988,-46.5012995,,,,2,2023-06-19T16:11:14+00:00
SAO_2710-10,São Paulo,3550308,True,,33692,,,-23.529382,-46.50029325,,,,2,2023-06-19T16:10:58+00:00
SAO_2710-10,São Paulo,3550308,True,,33692,,,-23.529882,-46.501219000000006,,,,2,2023-06-19T16:11:08+00:00
SAO_857P-10,São Paulo,3550308,True,,1926,,,-23.6312955,-46.773033999999996,,,,1,2023-06-19T16:11:21+00:00
SAO_857P-10,São Paulo,3550308,True,,1926,,,-23.5643305,-46.6778755,,,,1,2023-06-19T16:11:37+00:00
SAO_857P-10,São Paulo,3550308,True,,1926,,,-23.575677,-46.641495,,,,1,2023-06-19T16:11:26+00:00
SAO_857P-10,São Paulo,3550308,True,,1926,,,-23.608897,-46.7516605,,,,1,2023-06-19T16:11:43+00:00
SAO_857P-10,São Paulo,3550308,True,,1926,,,-23.585697250000003,-46.721805,,,,1,2023-06-19T16:11:09+00:00
SAO_6055-10,São Paulo,3550308,True,,33914,,,-23.746508,-46.699269,,,,2,2023-06-19T16:11:15+00:00
SAO_6055-10,São Paulo,3550308,True,,33914,,,-23.705064,-46.702547499999994,,,,2,2023-06-19T16:11:24+00:00
SAO_6055-10,São Paulo,3550308,True,,33914,,,-23.668704499999997,-46.677477999999994,,,,2,2023-06-19T16:11:42+00:00
SAO_6055-10,São Paulo,3550308,True,,33914,,,-23.731274999999997,-46.6979575,,,,2,2023-06-19T16:11:42+00:00
SAO_6055-10,São Paulo,3550308,True,,33914,,,-23.754978,-46.709182999999996,,,,2,2023-06-19T16:11:27+00:00
SAO_6055-10,São Paulo,3550308,True,,33914,,,-23.754978,-46.709182999999996,,,,2,2023-06-19T16:11:06+00:00
SAO_6055-10,São Paulo,3550308,True,,33914,,,-23.754704,-46.709073000000004,,,,2,2023-06-19T16:11:42+00:00
SAO_8615-10,São Paulo,3550308,True,,1339,,,-23.524566999999998,-46.705220499999996,,,,1,2023-06-19T16:11:02+00:00
SAO_8615-10,São Paulo,3550308,True,,1339,,,-23.536728,-46.724184,,,,1,2023-06-19T16:11:25+00:00
SAO_8615-10,São Paulo,3550308,True,,1339,,,-23.546077500000003,-46.631047,,,,1,2023-06-19T16:11:25+00:00
SAO_8615-10,São Paulo,3550308,True,,1339,,,-23.527437749999997,-46.671974500000005,,,,1,2023-06-19T16:11:19+00:00
SAO_8615-10,São Paulo,3550308,True,,1339,,,-23.526246,-46.674440000000004,,,,1,2023-06-19T16:11:43+00:00
SAO_8615-10,São Paulo,3550308,True,,1339,,,-23.5523785,-46.6334785,,,,1,2023-06-19T16:10:58+00:00
SAO_8615-10,São Paulo,3550308,True,,1339,,,-23.546194,-46.642987,,,,1,2023-06-19T16:10:18+00:00
SAO_5020-10,São Paulo,3550308,True,,1670,,,-23.607670999999996,-46.595549749999996,,,,1,2023-06-19T16:11:05+00:00
SAO_5020-10,São Paulo,3550308,True,,1670,,,-23.602458,-46.6029235,,,,1,2023-06-19T16:11:24+00:00
SAO_1788-10,São Paulo,3550308,True,,33421,,,-23.4308155,-46.574727499999995,,,,2,2023-06-19T16:11:05+00:00
SAO_1788-10,São Paulo,3550308,True,,33421,,,-23.430906,-46.574909,,,,2,2023-06-19T16:11:37+00:00
SAO_1788-10,São Paulo,3550308,True,,33421,,,-23.4889595,-46.619086499999995,,,,2,2023-06-19T16:10:12+00:00
SAO_1788-10,São Paulo,3550308,True,,33421,,,-23.430906,-46.574909,,,,2,2023-06-19T16:11:44+00:00
SAO_1788-10,São Paulo,3550308,True,,33421,,,-23.4308,-46.5751545,,,,2,2023-06-19T16:11:45+00:00
SAO_1788-10,São Paulo,3550308,True,,33421,,,-23.430746499999998,-46.574617,,,,2,2023-06-19T16:11:08+00:00
SAO_1788-10,São Paulo,3550308,True,,33421,,,-23.4308155,-46.574727499999995,,,,2,2023-06-19T16:11:20+00:00
SAO_1788-10,São Paulo,3550308,True,,33421,,,-23.4579565,-46.602463,,,,2,2023-06-19T16:10:29+00:00
SAO_1772-10,São Paulo,3550308,True,,635,,,-23.479859500000003,-46.6022495,,,,1,2023-06-19T16:11:20+00:00
SAO_1772-10,São Paulo,3550308,True,,635,,,-23.4349075,-46.581235,,,,1,2023-06-19T16:11:31+00:00
SAO_6048-10,São Paulo,3550308,True,,32824,,,-23.6432905,-46.742360000000005,,,,2,2023-06-19T16:11:02+00:00
SAO_6048-10,São Paulo,3550308,True,,32824,,,-23.666743,-46.772214000000005,,,,2,2023-06-19T16:11:36+00:00
SAO_2721-10,São Paulo,3550308,True,,934,,,-23.5193225,-46.409525,,,,1,2023-06-19T16:11:04+00:00
SAO_2721-10,São Paulo,3550308,True,,934,,,-23.4938905,-46.4175005,,,,1,2023-06-19T16:11:08+00:00
SAO_2721-10,São Paulo,3550308,True,,934,,,-23.508602500000002,-46.4433135,,,,1,2023-06-19T16:11:17+00:00
SAO_2721-10,São Paulo,3550308,True,,934,,,-23.517647,-46.401680125,,,,1,2023-06-19T16:11:09+00:00
SAO_2721-10,São Paulo,3550308,True,,934,,,-23.542138,-46.471932499999994,,,,1,2023-06-19T16:11:45+00:00
SAO_2721-10,São Paulo,3550308,True,,934,,,-23.5239455,-46.444546,,,,1,2023-06-19T16:11:45+00:00
SAO_2721-10,São Paulo,3550308,True,,934,,,-23.5193225,-46.409525,,,,1,2023-06-19T16:11:27+00:00
SAO_2721-10,São Paulo,3550308,True,,934,,,-23.4924025,-46.4409635,,,,1,2023-06-19T16:11:37+00:00
SAO_2721-10,São Paulo,3550308,True,,934,,,-23.5193225,-46.409525,,,,1,2023-06-19T16:11:42+00:00
SAO_2721-10,São Paulo,3550308,True,,934,,,-23.5193225,-46.409525,,,,1,2023-06-19T16:11:27+00:00
SAO_6805-10,São Paulo,3550308,True,,32799,,,-23.654442500000002,-46.7623235,,,,2,2023-06-19T16:11:17+00:00
SAO_6805-10,São Paulo,3550308,True,,32799,,,-23.6553155,-46.763464,,,,2,2023-06-19T16:11:44+00:00
SAO_675M-10,São Paulo,3550308,True,ETT,108,https://moovitapp.com/index/pt-br/transporte_p%C3%BAblico-line-108-Sao_Paulo-242-876373-496510-0,5.3,-23.72056325,-46.689293750000004,,,,1,2023-06-19T16:11:20+00:00
SAO_675M-10,São Paulo,3550308,True,ETT,108,https://moovitapp.com/index/pt-br/transporte_p%C3%BAblico-line-108-Sao_Paulo-242-876373-496510-0,5.3,-23.644068,-46.657943,,,,1,2023-06-19T16:11:29+00:00
SAO_3754-10,São Paulo,3550308,True,,1049,,,-23.542567,-46.4680775,,,,1,2023-06-19T16:10:45+00:00
SAO_3754-10,São Paulo,3550308,True,,1049,,,-23.5485125,-46.408084,,,,1,2023-06-19T16:11:26+00:00
SAO_3754-10,São Paulo,3550308,True,,1049,,,-23.53482375,-46.452111,,,,1,2023-06-19T16:02:53+00:00
SAO_3754-10,São Paulo,3550308,True,,1049,,,-23.530247000000003,-46.444227,,,,1,2023-06-19T16:11:24+00:00
SAO_3754-10,São Paulo,3550308,True,,1049,,,-23.5385685,-46.426801,,,,1,2023-06-19T16:11:25+00:00
SAO_1780-10,São Paulo,3550308,True,,33637,,,-23.4645325,-46.583278,,,,2,2023-06-19T16:10:43+00:00
SAO_1780-10,São Paulo,3550308,True,,33637,,,-23.4483715,-46.5789425,,,,2,2023-06-19T16:11:35+00:00
SAO_1780-10,São Paulo,3550308,True,,33637,,,-23.4528675,-46.582708999999994,,,,2,2023-06-19T16:11:21+00:00
SAO_1780-10,São Paulo,3550308,True,,33637,,,-23.448106,-46.5790305,,,,2,2023-06-19T16:11:07+00:00
SAO_778J-41,São Paulo,3550308,True,,1486,,,-23.5856145,-46.8057505,,,,1,2023-06-19T16:11:02+00:00
SAO_778J-41,São Paulo,3550308,True,,1486,,,-23.585532999999998,-46.8056635,,,,1,2023-06-19T16:11:18+00:00
SAO_778J-41,São Paulo,3550308,True,,1486,,,-23.585484,-46.805596,,,,1,2023-06-19T16:11:11+00:00
SAO_778J-41,São Paulo,3550308,True,,1486,,,-23.585785,-46.8053525,,,,1,2023-06-19T16:11:27+00:00
SAO_778J-41,São Paulo,3550308,True,,1486,,,-23.585289000000003,-46.740832499999996,,,,1,2023-06-19T16:11:02+00:00
SAO_778J-41,São Paulo,3550308,True,,1486,,,-23.532608,-46.6753025,,,,1,2023-06-19T16:11:40+00:00
SAO_778J-41,São Paulo,3550308,True,,1486,,,-23.526614000000002,-46.668097,,,,1,2023-06-19T16:11:33+00:00
SAO_8548-10,São Paulo,3550308,True,,33346,,,-23.516964,-46.698682000000005,,,,2,2023-06-19T16:11:41+00:00
SAO_8548-10,São Paulo,3550308,True,,33346,,,-23.446651625,-46.715378375,,,,2,2023-06-19T16:11:43+00:00
SAO_8548-10,São Paulo,3550308,True,,33346,,,-23.463238750000002,-46.682105750000005,,,,2,2023-06-19T16:11:14+00:00
SAO_8548-10,São Paulo,3550308,True,,33346,,,-23.446651625,-46.715378375,,,,2,2023-06-19T16:11:19+00:00
SAO_4017-10,São Paulo,3550308,True,,34958,,,-23.580149,-46.399117000000004,,,,2,2023-06-19T16:10:59+00:00
SAO_4017-10,São Paulo,3550308,True,,34958,,,-23.600949999999997,-46.399390499999996,,,,2,2023-06-19T16:11:29+00:00
SAO_4017-10,São Paulo,3550308,True,,34958,,,-23.6008165,-46.399510500000005,,,,2,2023-06-19T16:11:30+00:00
SAO_4017-10,São Paulo,3550308,True,,34958,,,-23.60156875,-46.398831,,,,2,2023-06-19T16:11:14+00:00
SAO_4017-10,São Paulo,3550308,True,,34958,,,-23.5993265,-46.40397,,,,2,2023-06-19T16:11:06+00:00
SAO_4017-10,São Paulo,3550308,True,,34958,,,-23.60109525,-46.39926,,,,2,2023-06-19T16:11:11+00:00
SAO_575C-10,São Paulo,3550308,True,,34454,,,-23.581989999999998,-46.528656999999995,,,,2,2023-06-19T16:11:31+00:00
SAO_3735-10,São Paulo,3550308,True,,1035,,,-23.542825,-46.4970095,,,,1,2023-06-19T16:11:32+00:00
SAO_3735-10,São Paulo,3550308,True,,1035,,,-23.540855999999998,-46.4849405,,,,1,2023-06-19T16:11:06+00:00
SAO_3735-10,São Paulo,3550308,True,,1035,,,-23.54378325,-46.48768375,,,,1,2023-06-19T16:11:25+00:00
SAO_6056-10,São Paulo,3550308,True,,33915,,,-23.7441785,-46.704163750000006,,,,2,2023-06-19T16:11:28+00:00
SAO_6056-10,São Paulo,3550308,True,,33915,,,-23.763157749999998,-46.698090500000006,,,,2,2023-06-19T16:11:19+00:00
SAO_6056-10,São Paulo,3550308,True,,33915,,,-23.7632185,-46.697809,,,,2,2023-06-19T16:11:18+00:00
SAO_6056-10,São Paulo,3550308,True,,33915,,,-23.7632185,-46.697809,,,,2,2023-06-19T16:11:40+00:00
SAO_6056-10,São Paulo,3550308,True,,33915,,,-23.763256499999997,-46.697663,,,,2,2023-06-19T16:11:24+00:00
SAO_5107-10,São Paulo,3550308,True,,34427,,,-23.574535375,-46.61080925,,,,2,2023-06-19T16:11:40+00:00
SAO_5107-10,São Paulo,3550308,True,,34427,,,-23.6029775,-46.60226,,,,2,2023-06-19T16:11:28+00:00
SAO_5107-10,São Paulo,3550308,True,,34427,,,-23.538318625000002,-46.630820875,,,,2,2023-06-19T16:11:12+00:00
SAO_373M-10,São Paulo,3550308,True,,33049,,,-23.601270999999997,-46.538996,,,,2,2023-06-19T16:11:01+00:00
SAO_373M-10,São Paulo,3550308,True,,33049,,,-23.5941885,-46.5540525,,,,2,2023-06-19T16:11:43+00:00
SAO_6258-10,São Paulo,3550308,True,,34000,,,-23.666059875000002,-46.716072125,,,,2,2023-06-19T16:11:32+00:00
SAO_6258-10,São Paulo,3550308,True,,34000,,,-23.691446499999998,-46.7465235,,,,2,2023-06-19T16:11:17+00:00
SAO_6258-10,São Paulo,3550308,True,,34000,,,-23.68438,-46.736493499999995,,,,2,2023-06-19T16:11:29+00:00
SAO_6052-10,São Paulo,3550308,True,,33912,,,-23.775509999999997,-46.691679,,,,2,2023-06-19T16:11:42+00:00
SAO_6052-10,São Paulo,3550308,True,,33912,,,-23.7760525,-46.691014499999994,,,,2,2023-06-19T16:11:17+00:00
SAO_6052-10,São Paulo,3550308,True,,33912,,,-23.77068775,-46.7134735,,,,2,2023-06-19T16:11:35+00:00
SAO_6052-10,São Paulo,3550308,True,,33912,,,-23.775877,-46.6912655,,,,2,2023-06-19T16:11:28+00:00
SAO_6052-10,São Paulo,3550308,True,,33912,,,-23.775509999999997,-46.691679,,,,2,2023-06-19T16:11:27+00:00
SAO_6422-10,São Paulo,3550308,True,,33129,,,-23.592735249999997,-46.6728895,,,,2,2023-06-19T16:11:41+00:00
SAO_6422-10,São Paulo,3550308,True,,33129,,,-23.641471,-46.716970625,,,,2,2023-06-19T16:11:12+00:00
SAO_6422-10,São Paulo,3550308,True,,33129,,,-23.5734265,-46.666454,,,,2,2023-06-19T16:11:42+00:00
SAO_6422-10,São Paulo,3550308,True,,33129,,,-23.5509225,-46.64522875,,,,2,2023-06-19T16:11:32+00:00
SAO_6422-10,São Paulo,3550308,True,,33129,,,-23.6330535,-46.711284250000006,,,,2,2023-06-19T16:11:45+00:00
SAO_513C-10,São Paulo,3550308,True,,35303,,,-23.606419000000002,-46.5629485,,,,2,2023-06-19T16:11:33+00:00
SAO_513C-10,São Paulo,3550308,True,,35303,,,-23.601991374999997,-46.511055,,,,2,2023-06-19T16:11:12+00:00
SAO_513C-10,São Paulo,3550308,True,,35303,,,-23.606419000000002,-46.5629485,,,,2,2023-06-19T16:09:54+00:00
SAO_513C-10,São Paulo,3550308,True,,35303,,,-23.6115,-46.4733145,,,,2,2023-06-19T16:10:58+00:00
SAO_3734-10,São Paulo,3550308,True,,1034,,,-23.5414835,-46.4843695,,,,1,2023-06-19T16:11:35+00:00
SAO_3734-10,São Paulo,3550308,True,,1034,,,-23.556069,-46.4694005,,,,1,2023-06-19T16:11:35+00:00
SAO_3734-10,São Paulo,3550308,True,,1034,,,-23.552593,-46.48406,,,,1,2023-06-19T16:11:02+00:00
SAO_2201-10,São Paulo,3550308,True,,33677,,,-23.533054999999997,-46.39453999999999,,,,2,2023-06-19T16:10:04+00:00
SAO_2201-10,São Paulo,3550308,True,,33677,,,-23.54312875,-46.41216825,,,,2,2023-06-19T16:11:07+00:00
SAO_2201-10,São Paulo,3550308,True,,33677,,,-23.533054999999997,-46.39453999999999,,,,2,2023-06-19T16:10:48+00:00
SAO_2018-10,São Paulo,3550308,True,,33672,,,-23.508194312500002,-46.4170856875,,,,2,2023-06-19T16:11:34+00:00
SAO_2018-10,São Paulo,3550308,True,,33672,,,-23.493502749999998,-46.4426755,,,,2,2023-06-19T16:11:10+00:00
SAO_2018-10,São Paulo,3550308,True,,33672,,,-23.510322000000002,-46.40719,,,,2,2023-06-19T16:11:01+00:00
SAO_2702-10,São Paulo,3550308,True,,33682,,,-23.498499000000002,-46.46443599999999,,,,2,2023-06-19T16:10:17+00:00
SAO_2702-10,São Paulo,3550308,True,,33682,,,-23.495196,-46.444438000000005,,,,2,2023-06-19T16:10:46+00:00
SAO_1726-10,São Paulo,3550308,True,,1403,,,-23.4803285,-46.6112635,,,,1,2023-06-19T16:10:42+00:00
SAO_1726-10,São Paulo,3550308,True,,1403,,,-23.4359105,-46.566243,,,,1,2023-06-19T16:11:04+00:00
SAO_1726-10,São Paulo,3550308,True,,1403,,,-23.487362625,-46.622486375,,,,1,2023-06-19T16:11:22+00:00
SAO_1726-10,São Paulo,3550308,True,,1403,,,-23.502214000000002,-46.6235875,,,,1,2023-06-19T16:11:05+00:00
SAO_1726-10,São Paulo,3550308,True,,1403,,,-23.435372,-46.566209,,,,1,2023-06-19T16:11:03+00:00
SAO_1726-10,São Paulo,3550308,True,,1403,,,-23.435107000000002,-46.566191,,,,1,2023-06-19T16:11:29+00:00
SAO_1726-10,São Paulo,3550308,True,,1403,,,-23.4556665,-46.59861125,,,,1,2023-06-19T16:10:26+00:00
SAO_1726-10,São Paulo,3550308,True,,1403,,,-23.4359105,-46.566243,,,,1,2023-06-19T16:11:31+00:00
SAO_1726-10,São Paulo,3550308,True,,1403,,,-23.4404995,-46.576930000000004,,,,1,2023-06-19T16:10:39+00:00
SAO_1726-10,São Paulo,3550308,True,,1403,,,-23.4359105,-46.566243,,,,1,2023-06-19T16:11:31+00:00
SAO_1726-10,São Paulo,3550308,True,,1403,,,-23.4359105,-46.566243,,,,1,2023-06-19T16:11:24+00:00
SAO_6022-10,São Paulo,3550308,True,,33975,,,-23.728424,-46.7823315,,,,2,2023-06-19T16:11:43+00:00
SAO_6022-10,São Paulo,3550308,True,,33975,,,-23.71889675,-46.78474375,,,,2,2023-06-19T16:11:18+00:00
SAO_1177-10,São Paulo,3550308,True,,129,,,-23.5280895,-46.554803,,,,1,2023-06-19T16:11:28+00:00
SAO_1177-10,São Paulo,3550308,True,,129,,,-23.518318999999998,-46.4758545,,,,1,2023-06-19T16:11:10+00:00
SAO_1177-10,São Paulo,3550308,True,,129,,,-23.5364015,-46.631322250000004,,,,1,2023-06-19T16:11:37+00:00
SAO_1177-10,São Paulo,3550308,True,,129,,,-23.5072705,-46.4790065,,,,1,2023-06-19T16:11:17+00:00
SAO_1177-10,São Paulo,3550308,True,,129,,,-23.521472250000002,-46.525711,,,,1,2023-06-19T16:11:31+00:00
SAO_6063-21,São Paulo,3550308,True,,34769,,,-23.767094999999998,-46.716237500000005,,,,2,2023-06-19T16:11:08+00:00
SAO_6063-21,São Paulo,3550308,True,,34769,,,-23.7690195,-46.715415500000006,,,,2,2023-06-19T16:11:45+00:00
SAO_609F-10,São Paulo,3550308,True,,32805,,,-23.534974,-46.6443435,,,,2,2023-06-19T16:11:17+00:00
SAO_609F-10,São Paulo,3550308,True,,32805,,,-23.604523625,-46.69886475,,,,2,2023-06-19T16:11:30+00:00
SAO_609F-10,São Paulo,3550308,True,,32805,,,-23.534974,-46.6443435,,,,2,2023-06-19T16:11:13+00:00
SAO_609F-10,São Paulo,3550308,True,,32805,,,-23.6515555,-46.7337945,,,,2,2023-06-19T16:11:42+00:00
SAO_609F-10,São Paulo,3550308,True,,32805,,,-23.5792755,-46.677097,,,,2,2023-06-19T16:11:21+00:00
SAO_609F-10,São Paulo,3550308,True,,32805,,,-23.54756425,-46.638352749999996,,,,2,2023-06-19T16:11:36+00:00
SAO_4052-10,São Paulo,3550308,True,,34913,,,-23.5385975,-46.4567525,,,,2,2023-06-19T16:11:32+00:00
SAO_4052-10,São Paulo,3550308,True,,34913,,,-23.542444,-46.416917999999995,,,,2,2023-06-19T16:11:04+00:00
SAO_6262-10,São Paulo,3550308,True,,1371,,,-23.529834,-46.732059500000005,,,,1,2023-06-19T16:11:11+00:00
SAO_6262-10,São Paulo,3550308,True,,1371,,,-23.542951625,-46.715892,,,,1,2023-06-19T16:11:17+00:00
SAO_6262-10,São Paulo,3550308,True,,1371,,,-23.57392075,-46.689063625,,,,1,2023-06-19T16:11:26+00:00
SAO_6262-10,São Paulo,3550308,True,,1371,,,-23.559058999999998,-46.654014000000004,,,,1,2023-06-19T16:11:04+00:00
SAO_6262-10,São Paulo,3550308,True,,1371,,,-23.5496865,-46.6401735,,,,1,2023-06-19T16:11:38+00:00
SAO_573T-10,São Paulo,3550308,True,,1632,,,-23.60273375,-46.490188,,,,1,2023-06-19T16:11:39+00:00
SAO_573T-10,São Paulo,3550308,True,,1632,,,-23.591037875,-46.48938375,,,,1,2023-06-19T16:11:08+00:00
SAO_573T-10,São Paulo,3550308,True,,1632,,,-23.538545499999998,-46.564205,,,,1,2023-06-19T16:11:09+00:00
SAO_573T-10,São Paulo,3550308,True,,1632,,,-23.575205999999998,-46.50457175,,,,1,2023-06-19T16:11:07+00:00
SAO_573T-10,São Paulo,3550308,True,,1632,,,-23.6142395,-46.501328,,,,1,2023-06-19T16:11:42+00:00
SAO_573T-10,São Paulo,3550308,True,,1632,,,-23.54174175,-46.557414625,,,,1,2023-06-19T16:11:06+00:00
SAO_573T-10,São Paulo,3550308,True,,1632,,,-23.541649625,-46.549186750000004,,,,1,2023-06-19T16:11:23+00:00
SAO_573T-10,São Paulo,3550308,True,,1632,,,-23.559776999999997,-46.52013825,,,,1,2023-06-19T16:11:03+00:00
SAO_8022-10,São Paulo,3550308,True,,34853,,,-23.5654595,-46.73892425,,,,2,2023-06-19T16:11:26+00:00
SAO_8022-10,São Paulo,3550308,True,,34853,,,-23.569541,-46.711640375,,,,2,2023-06-19T16:11:40+00:00
SAO_3099-10,São Paulo,3550308,True,,33847,,,-23.593412875000002,-46.488488499999995,,,,2,2023-06-19T16:11:09+00:00
SAO_3099-10,São Paulo,3550308,True,,33847,,,-23.612118000000002,-46.47348,,,,2,2023-06-19T16:11:21+00:00
SAO_3099-10,São Paulo,3550308,True,,33847,,,-23.6106325,-46.453573000000006,,,,2,2023-06-19T16:11:20+00:00
SAO_3099-10,São Paulo,3550308,True,,33847,,,-23.619007500000002,-46.4611195,,,,2,2023-06-19T16:11:21+00:00
SAO_3099-10,São Paulo,3550308,True,,33847,,,-23.593915375,-46.4882985,,,,2,2023-06-19T16:11:16+00:00
SAO_3099-10,São Paulo,3550308,True,,33847,,,-23.613286000000002,-46.4441805,,,,2,2023-06-19T16:11:07+00:00
SAO_3099-10,São Paulo,3550308,True,,33847,,,-23.610006,-46.44457,,,,2,2023-06-19T16:11:29+00:00
SAO_3099-10,São Paulo,3550308,True,,33847,,,-23.613286000000002,-46.4441805,,,,2,2023-06-19T16:11:09+00:00
SAO_3099-10,São Paulo,3550308,True,,33847,,,-23.613286000000002,-46.4441805,,,,2,2023-06-19T16:11:24+00:00
SAO_9653-10,São Paulo,3550308,True,EMTU,588,https://moovitapp.com/index/pt-br/transporte_p%C3%BAblico-line-588-Sao_Paulo-242-2038937-36419575-0,7.55,-23.4732865,-46.6671755,,,,1,2023-06-19T16:11:01+00:00
SAO_9653-10,São Paulo,3550308,True,EMTU,588,https://moovitapp.com/index/pt-br/transporte_p%C3%BAblico-line-588-Sao_Paulo-242-2038937-36419575-0,7.55,-23.506913500000003,-46.66825025,,,,1,2023-06-19T16:11:29+00:00
SAO_9653-10,São Paulo,3550308,True,EMTU,588,https://moovitapp.com/index/pt-br/transporte_p%C3%BAblico-line-588-Sao_Paulo-242-2038937-36419575-0,7.55,-23.53877775,-46.640852,,,,1,2023-06-19T16:11:40+00:00
SAO_9653-10,São Paulo,3550308,True,EMTU,588,https://moovitapp.com/index/pt-br/transporte_p%C3%BAblico-line-588-Sao_Paulo-242-2038937-36419575-0,7.55,-23.46303825,-46.652527250000006,,,,1,2023-06-19T16:11:11+00:00
SAO_6042-21,São Paulo,3550308,True,,1775,,,-23.6657115,-46.7709265,,,,1,2023-06-19T16:11:14+00:00
SAO_1024-10,São Paulo,3550308,True,,2302,,,-23.4672475,-46.6982195,,,,1,2023-06-19T16:11:40+00:00
SAO_1024-10,São Paulo,3550308,True,,2302,,,-23.457635375,-46.702806249999995,,,,1,2023-06-19T16:11:04+00:00
SAO_6052-10,São Paulo,3550308,True,,1144,,,-23.774424000000003,-46.6916865,,,,1,2023-06-19T16:11:42+00:00
SAO_6052-10,São Paulo,3550308,True,,1144,,,-23.767886500000003,-46.7165485,,,,1,2023-06-19T16:11:18+00:00
SAO_1741-10,São Paulo,3550308,True,,33307,,,-23.4751325,-46.6512695,,,,2,2023-06-19T16:11:29+00:00
SAO_1741-10,São Paulo,3550308,True,,33307,,,-23.502871,-46.624226,,,,2,2023-06-19T16:11:38+00:00
SAO_1741-10,São Paulo,3550308,True,,33307,,,-23.4646735,-46.663542500000005,,,,2,2023-06-19T16:11:24+00:00
SAO_1741-10,São Paulo,3550308,True,,33307,,,-23.4645255,-46.663880000000006,,,,2,2023-06-19T16:11:41+00:00
SAO_1741-10,São Paulo,3550308,True,,33307,,,-23.486548499999998,-46.6398135,,,,2,2023-06-19T16:11:36+00:00
SAO_3032-10,São Paulo,3550308,True,,33488,,,-23.558624000000002,-46.522615,,,,2,2023-06-19T16:11:45+00:00
SAO_3032-10,São Paulo,3550308,True,,33488,,,-23.5580635,-46.522337500000006,,,,2,2023-06-19T16:11:09+00:00
SAO_3032-10,São Paulo,3550308,True,,33488,,,-23.568683999999998,-46.508034249999994,,,,2,2023-06-19T16:11:24+00:00
SAO_2770-10,São Paulo,3550308,True,,33011,,,-23.5000301875,-46.4212580625,,,,2,2023-06-19T16:11:39+00:00
SAO_2770-10,São Paulo,3550308,True,,33011,,,-23.542177000000002,-46.41304,,,,2,2023-06-19T16:11:21+00:00
SAO_2770-10,São Paulo,3550308,True,,33011,,,-23.5118515,-46.5113655,,,,2,2023-06-19T16:11:35+00:00
SAO_2770-10,São Paulo,3550308,True,,33011,,,-23.539111,-46.4313315,,,,2,2023-06-19T16:11:33+00:00
SAO_2770-10,São Paulo,3550308,True,,33011,,,-23.539380375,-46.431489625,,,,2,2023-06-19T16:11:36+00:00
SAO_4729-10,São Paulo,3550308,True,,33876,,,-23.548086125,-46.58242875,,,,2,2023-06-19T16:11:06+00:00
SAO_4729-10,São Paulo,3550308,True,,33876,,,-23.5425015,-46.5902345,,,,2,2023-06-19T16:11:27+00:00
SAO_4729-10,São Paulo,3550308,True,,33876,,,-23.5988745,-46.517365,,,,2,2023-06-19T16:11:35+00:00
SAO_4729-10,São Paulo,3550308,True,,33876,,,-23.550193999999998,-46.580555000000004,,,,2,2023-06-19T16:11:05+00:00
SAO_4729-10,São Paulo,3550308,True,,33876,,,-23.590474,-46.5073965,,,,2,2023-06-19T16:11:31+00:00
SAO_4729-10,São Paulo,3550308,True,,33876,,,-23.5425015,-46.5902345,,,,2,2023-06-19T16:11:21+00:00
SAO_3686-10,São Paulo,3550308,True,,32934,,,-23.530807,-46.504678,,,,2,2023-06-19T16:09:21+00:00
SAO_3686-10,São Paulo,3550308,True,,32934,,,-23.559947,-46.4038685,,,,2,2023-06-19T16:11:18+00:00
SAO_3686-10,São Paulo,3550308,True,,32934,,,-23.536448,-46.453063,,,,2,2023-06-19T16:11:41+00:00
SAO_3686-10,São Paulo,3550308,True,,32934,,,-23.559804749999998,-46.40321525,,,,2,2023-06-19T16:11:21+00:00
SAO_3686-10,São Paulo,3550308,True,,32934,,,-23.547098000000002,-46.40892125,,,,2,2023-06-19T16:11:20+00:00
SAO_3686-10,São Paulo,3550308,True,,32934,,,-23.552459,-46.625378,,,,2,2023-06-19T16:11:28+00:00
SAO_3686-10,São Paulo,3550308,True,,32934,,,-23.55986625,-46.40348975,,,,2,2023-06-19T16:11:01+00:00
SAO_3686-10,São Paulo,3550308,True,,32934,,,-23.5381725,-46.563,,,,2,2023-06-19T16:09:11+00:00
SAO_8019-31,São Paulo,3550308,True,,35342,,,-23.562664375,-46.74664975,,,,2,2023-06-19T16:11:38+00:00
SAO_8019-31,São Paulo,3550308,True,,35342,,,-23.5450735,-46.7477165,,,,2,2023-06-19T16:11:03+00:00
SAO_8019-31,São Paulo,3550308,True,,35342,,,-23.544992,-46.7471585,,,,2,2023-06-19T16:11:39+00:00
SAO_8008-10,São Paulo,3550308,True,,1258,,,-23.4903975,-46.7538845,,,,1,2023-06-19T16:11:03+00:00
SAO_271F-10,São Paulo,3550308,True,,683,,,-23.53933275,-46.611677,,,,1,2023-06-19T16:11:04+00:00
SAO_271F-10,São Paulo,3550308,True,,683,,,-23.53023275,-46.6151735,,,,1,2023-06-19T16:11:40+00:00
SAO_271F-10,São Paulo,3550308,True,,683,,,-23.541709499999996,-46.59876275,,,,1,2023-06-19T16:11:31+00:00
SAO_8077-10,São Paulo,3550308,True,,2050,,,-23.600253874999996,-46.7922625,,,,1,2023-06-19T16:11:37+00:00
SAO_8077-10,São Paulo,3550308,True,,2050,,,-23.59181125,-46.73579,,,,1,2023-06-19T16:11:45+00:00
SAO_6083-10,São Paulo,3550308,True,,34501,,,-23.7563975,-46.6678165,,,,2,2023-06-19T16:11:02+00:00
SAO_6083-10,São Paulo,3550308,True,,34501,,,-23.735712499999998,-46.69611125,,,,2,2023-06-19T16:11:24+00:00
SAO_6083-10,São Paulo,3550308,True,,34501,,,-23.753360999999998,-46.6700625,,,,2,2023-06-19T16:11:34+00:00
SAO_5317-10,São Paulo,3550308,True,,32837,,,-23.572745,-46.6411645,,,,2,2023-06-19T16:11:21+00:00
SAO_5317-10,São Paulo,3550308,True,,32837,,,-23.6431665,-46.700297250000006,,,,2,2023-06-19T16:11:04+00:00
SAO_5317-10,São Paulo,3550308,True,,32837,,,-23.607481375,-46.665966875,,,,2,2023-06-19T16:11:37+00:00
SAO_5317-10,São Paulo,3550308,True,,32837,,,-23.719349,-46.6784235,,,,2,2023-06-19T16:11:21+00:00
SAO_3738-10,São Paulo,3550308,True,,1038,,,-23.5630765,-46.394354,,,,1,2023-06-19T16:11:32+00:00
SAO_3738-10,São Paulo,3550308,True,,1038,,,-23.5510725,-46.4367635,,,,1,2023-06-19T16:11:19+00:00
SAO_3738-10,São Paulo,3550308,True,,1038,,,-23.566381,-46.400071499999996,,,,1,2023-06-19T16:11:21+00:00
SAO_3738-10,São Paulo,3550308,True,,1038,,,-23.5425595,-46.469581500000004,,,,1,2023-06-19T16:11:45+00:00
SAO_3738-10,São Paulo,3550308,True,,1038,,,-23.5597845,-46.4206115,,,,1,2023-06-19T16:11:02+00:00
SAO_3738-10,São Paulo,3550308,True,,1038,,,-23.5389385,-46.453555,,,,1,2023-06-19T16:11:38+00:00
SAO_3738-10,São Paulo,3550308,True,,1038,,,-23.542716,-46.469168499999995,,,,1,2023-06-19T16:11:34+00:00
SAO_6805-10,São Paulo,3550308,True,,31,,,-23.643877,-46.733764,,,,1,2023-06-19T16:11:44+00:00
SAO_6805-10,São Paulo,3550308,True,,31,,,-23.653739,-46.7411885,,,,1,2023-06-19T16:11:07+00:00
SAO_6805-10,São Paulo,3550308,True,,31,,,-23.6552405,-46.762154499999994,,,,1,2023-06-19T16:11:26+00:00
SAO_314V-10,São Paulo,3550308,True,,33079,,,-23.581889,-46.585524,,,,2,2023-06-19T16:11:24+00:00
SAO_314V-10,São Paulo,3550308,True,,33079,,,-23.587762,-46.54388925,,,,2,2023-06-19T16:11:31+00:00
SAO_314V-10,São Paulo,3550308,True,,33079,,,-23.557076000000002,-46.63377,,,,2,2023-06-19T16:11:16+00:00
SAO_314V-10,São Paulo,3550308,True,,33079,,,-23.5903485,-46.5381825,,,,2,2023-06-19T16:11:44+00:00
SAO_1786-10,São Paulo,3550308,True,,649,,,-23.45376775,-46.607023,,,,1,2023-06-19T16:11:01+00:00
SAO_1786-10,São Paulo,3550308,True,,649,,,-23.454770500000002,-46.6146485,,,,1,2023-06-19T16:11:11+00:00
SAO_1786-10,São Paulo,3550308,True,,649,,,-23.4920365,-46.624897000000004,,,,1,2023-06-19T16:11:13+00:00
SAO_2059-10,São Paulo,3550308,True,Cidade de Caieiras,260,https://moovitapp.com/index/pt-br/transporte_p%C3%BAblico-line-260-Sao_Paulo-242-868761-496413-0,5.0,-23.5207765,-46.419056999999995,,,,1,2023-06-19T16:11:33+00:00
SAO_2059-10,São Paulo,3550308,True,Cidade de Caieiras,260,https://moovitapp.com/index/pt-br/transporte_p%C3%BAblico-line-260-Sao_Paulo-242-868761-496413-0,5.0,-23.4987755,-46.4404685,,,,1,2023-06-19T16:10:58+00:00
SAO_2059-10,São Paulo,3550308,True,Cidade de Caieiras,260,https://moovitapp.com/index/pt-br/transporte_p%C3%BAblico-line-260-Sao_Paulo-242-868761-496413-0,5.0,-23.541742499999998,-46.415893499999996,,,,1,2023-06-19T16:11:35+00:00
SAO_2059-10,São Paulo,3550308,True,Cidade de Caieiras,260,https://moovitapp.com/index/pt-br/transporte_p%C3%BAblico-line-260-Sao_Paulo-242-868761-496413-0,5.0,-23.5338305,-46.416706000000005,,,,1,2023-06-19T16:10:40+00:00
SAO_273R-10,São Paulo,3550308,True,,32994,,,-23.522662999999998,-46.41263875,,,,2,2023-06-19T16:11:27+00:00
SAO_273R-10,São Paulo,3550308,True,,32994,,,-23.514197000000003,-46.4518555,,,,2,2023-06-19T16:11:29+00:00
SAO_273R-10,São Paulo,3550308,True,,32994,,,-23.521957125,-46.475387749999996,,,,2,2023-06-19T16:11:36+00:00
SAO_273R-10,São Paulo,3550308,True,,32994,,,-23.52228,-46.4125755,,,,2,2023-06-19T16:11:13+00:00
SAO_273R-10,São Paulo,3550308,True,,32994,,,-23.5054955,-46.4257315,,,,2,2023-06-19T16:10:59+00:00
SAO_273R-10,São Paulo,3550308,True,,32994,,,-23.523567125,-46.41278425,,,,2,2023-06-19T16:11:39+00:00
SAO_9005-10,São Paulo,3550308,True,,872,,,-23.454378499999997,-46.693401,,,,1,2023-06-19T16:11:06+00:00
SAO_9005-10,São Paulo,3550308,True,,872,,,-23.454378499999997,-46.693401,,,,1,2023-06-19T16:11:02+00:00
SAO_9005-10,São Paulo,3550308,True,,872,,,-23.454378499999997,-46.693401,,,,1,2023-06-19T16:11:08+00:00
SAO_9005-10,São Paulo,3550308,True,,872,,,-23.4512495,-46.6761245,,,,1,2023-06-19T16:11:08+00:00
SAO_9005-10,São Paulo,3550308,True,,872,,,-23.454378499999997,-46.693401,,,,1,2023-06-19T16:11:19+00:00
SAO_9005-10,São Paulo,3550308,True,,872,,,-23.45401675,-46.69216275,,,,1,2023-06-19T16:11:14+00:00
SAO_9005-10,São Paulo,3550308,True,,872,,,-23.454378499999997,-46.693401,,,,1,2023-06-19T16:11:15+00:00
SAO_107T-10,São Paulo,3550308,True,,621,,,-23.565859,-46.7013775,,,,1,2023-06-19T16:11:14+00:00
SAO_107T-10,São Paulo,3550308,True,,621,,,-23.4799035,-46.611354000000006,,,,1,2023-06-19T16:11:00+00:00
SAO_107T-10,São Paulo,3550308,True,,621,,,-23.5804185,-46.6844465,,,,1,2023-06-19T16:11:04+00:00
SAO_107T-10,São Paulo,3550308,True,,621,,,-23.5409025,-46.638327,,,,1,2023-06-19T16:11:13+00:00
SAO_107T-10,São Paulo,3550308,True,,621,,,-23.56862075,-46.69213975,,,,1,2023-06-19T16:11:17+00:00
SAO_107T-10,São Paulo,3550308,True,,621,,,-23.510856,-46.625114749999995,,,,1,2023-06-19T16:10:59+00:00
SAO_1760-10,São Paulo,3550308,True,,33325,,,-23.4863215,-46.6401795,,,,2,2023-06-19T16:11:01+00:00
SAO_1760-10,São Paulo,3550308,True,,33325,,,-23.457126,-46.65923775,,,,2,2023-06-19T16:11:16+00:00
SAO_8622-10,São Paulo,3550308,True,EMTU,438,https://moovitapp.com/index/pt-br/transporte_p%C3%BAblico-line-438-Sao_Paulo-242-2038937-36419488-0,7.65,-23.5209945,-46.72016,,,,1,2023-06-19T16:10:57+00:00
SAO_8622-10,São Paulo,3550308,True,EMTU,438,https://moovitapp.com/index/pt-br/transporte_p%C3%BAblico-line-438-Sao_Paulo-242-2038937-36419488-0,7.65,-23.48486725,-46.770140749999996,,,,1,2023-06-19T16:11:02+00:00
SAO_8622-10,São Paulo,3550308,True,EMTU,438,https://moovitapp.com/index/pt-br/transporte_p%C3%BAblico-line-438-Sao_Paulo-242-2038937-36419488-0,7.65,-23.533915,-46.6554855,,,,1,2023-06-19T16:11:25+00:00
SAO_8622-10,São Paulo,3550308,True,EMTU,438,https://moovitapp.com/index/pt-br/transporte_p%C3%BAblico-line-438-Sao_Paulo-242-2038937-36419488-0,7.65,-23.430130499999997,-46.7942115,,,,1,2023-06-19T16:11:17+00:00
SAO_8622-10,São Paulo,3550308,True,EMTU,438,https://moovitapp.com/index/pt-br/transporte_p%C3%BAblico-line-438-Sao_Paulo-242-2038937-36419488-0,7.65,-23.524503,-46.705748,,,,1,2023-06-19T16:11:01+00:00
SAO_2017-10,São Paulo,3550308,True,,903,,,-23.5195115,-46.4125905,,,,1,2023-06-19T16:10:58+00:00
SAO_2017-10,São Paulo,3550308,True,,903,,,-23.516944000000002,-46.4138145,,,,1,2023-06-19T16:11:22+00:00
SAO_2017-10,São Paulo,3550308,True,,903,,,-23.49812375,-46.41510475,,,,1,2023-06-19T16:11:28+00:00
SAO_2017-10,São Paulo,3550308,True,,903,,,-23.494838,-46.437851499999994,,,,1,2023-06-19T16:10:06+00:00
SAO_6043-10,São Paulo,3550308,True,,33988,,,-23.660189250000002,-46.754117,,,,2,2023-06-19T16:11:16+00:00
SAO_6043-10,São Paulo,3550308,True,,33988,,,-23.65985575,-46.754189,,,,2,2023-06-19T16:11:17+00:00
SAO_6043-10,São Paulo,3550308,True,,33988,,,-23.65985575,-46.754189,,,,2,2023-06-19T16:11:11+00:00
SAO_6043-10,São Paulo,3550308,True,,33988,,,-23.653173000000002,-46.734558,,,,2,2023-06-19T16:11:38+00:00
SAO_6043-10,São Paulo,3550308,True,,33988,,,-23.660189250000002,-46.754117,,,,2,2023-06-19T16:11:15+00:00
SAO_6043-10,São Paulo,3550308,True,,33988,,,-23.65985575,-46.754189,,,,2,2023-06-19T16:11:35+00:00
SAO_909T-1,São Paulo,3550308,True,,35280,,,-23.556858,-46.680385125,,,,2,2023-06-19T16:11:18+00:00
SAO_909T-1,São Paulo,3550308,True,,35280,,,-23.5657815,-46.7010925,,,,2,2023-06-19T16:11:03+00:00
SAO_909T-1,São Paulo,3550308,True,,35280,,,-23.565996,-46.7019515,,,,2,2023-06-19T16:11:13+00:00
SAO_5106-31,São Paulo,3550308,True,,1305,,,-23.6931965,-46.6449845,,,,1,2023-06-19T16:11:19+00:00
SAO_5106-31,São Paulo,3550308,True,,1305,,,-23.64515,-46.6411085,,,,1,2023-06-19T16:11:41+00:00
SAO_5106-31,São Paulo,3550308,True,,1305,,,-23.580281874999997,-46.641696249999995,,,,1,2023-06-19T16:11:33+00:00
SAO_233C-10,São Paulo,3550308,True,,155,,,-23.5498475,-46.5000565,,,,1,2023-06-19T16:11:21+00:00
SAO_233C-10,São Paulo,3550308,True,,155,,,-23.550223000000003,-46.51055,,,,1,2023-06-19T16:11:42+00:00
SAO_233C-10,São Paulo,3550308,True,,155,,,-23.5564685,-46.5600175,,,,1,2023-06-19T16:11:43+00:00
SAO_233C-10,São Paulo,3550308,True,,155,,,-23.518438,-46.4758375,,,,1,2023-06-19T16:11:15+00:00
SAO_7051-10,São Paulo,3550308,True,,34653,,,-23.65129775,-46.7787675,,,,2,2023-06-19T16:11:31+00:00
SAO_7051-10,São Paulo,3550308,True,,34653,,,-23.6548705,-46.7842895,,,,2,2023-06-19T16:11:43+00:00
SAO_7051-10,São Paulo,3550308,True,,34653,,,-23.654968500000003,-46.784118,,,,2,2023-06-19T16:11:23+00:00
SAO_6093-10,São Paulo,3550308,True,,1585,,,-23.841513,-46.718498499999995,,,,1,2023-06-19T16:11:01+00:00
SAO_6093-10,São Paulo,3550308,True,,1585,,,-23.7451125,-46.707049999999995,,,,1,2023-06-19T16:11:26+00:00
SAO_6093-10,São Paulo,3550308,True,,1585,,,-23.791592,-46.727247500000004,,,,1,2023-06-19T16:11:46+00:00
SAO_6093-10,São Paulo,3550308,True,,1585,,,-23.814852124999998,-46.735271125000004,,,,1,2023-06-19T16:11:34+00:00
SAO_6093-10,São Paulo,3550308,True,,1585,,,-23.761470250000002,-46.715405000000004,,,,1,2023-06-19T16:11:35+00:00
SAO_6093-10,São Paulo,3550308,True,,1585,,,-23.7365225,-46.697042499999995,,,,1,2023-06-19T16:11:33+00:00
SAO_6093-10,São Paulo,3550308,True,,1585,,,-23.7364225,-46.6969615,,,,1,2023-06-19T16:11:31+00:00
SAO_675A-10,São Paulo,3550308,True,,1318,,,-23.6619925,-46.7557755,,,,1,2023-06-19T16:11:26+00:00
SAO_675A-10,São Paulo,3550308,True,,1318,,,-23.6296845,-46.6679295,,,,1,2023-06-19T16:11:25+00:00
SAO_675A-10,São Paulo,3550308,True,,1318,,,-23.6323915,-46.707122,,,,1,2023-06-19T16:11:25+00:00
SAO_2028-10,São Paulo,3550308,True,,2263,,,-23.46631575,-46.59622625,,,,1,2023-06-19T16:11:26+00:00
SAO_2028-10,São Paulo,3550308,True,,2263,,,-23.4339305,-46.5714275,,,,1,2023-06-19T16:11:23+00:00
SAO_2028-10,São Paulo,3550308,True,,2263,,,-23.4339305,-46.5714275,,,,1,2023-06-19T16:11:29+00:00
SAO_576C-10,São Paulo,3550308,True,,34058,,,-23.6377235,-46.63196,,,,2,2023-06-19T16:11:04+00:00
SAO_576C-10,São Paulo,3550308,True,,34058,,,-23.665479249999997,-46.69068025,,,,2,2023-06-19T16:11:16+00:00
SAO_576C-10,São Paulo,3550308,True,,34058,,,-23.6606685,-46.651876,,,,2,2023-06-19T16:11:15+00:00
SAO_576C-10,São Paulo,3550308,True,,34058,,,-23.638040500000002,-46.632286,,,,2,2023-06-19T16:11:25+00:00
SAO_576C-10,São Paulo,3550308,True,,34058,,,-23.665155499999997,-46.67816625,,,,2,2023-06-19T16:11:19+00:00
SAO_576C-10,São Paulo,3550308,True,,34058,,,-23.650599874999997,-46.660242374999996,,,,2,2023-06-19T16:11:09+00:00
SAO_576C-10,São Paulo,3550308,True,,34058,,,-23.6426845,-46.6350235,,,,2,2023-06-19T16:11:29+00:00
SAO_576C-10,São Paulo,3550308,True,,34058,,,-23.654134499999998,-46.708625,,,,2,2023-06-19T16:11:31+00:00
SAO_576C-10,São Paulo,3550308,True,,34058,,,-23.63805,-46.632859499999995,,,,2,2023-06-19T16:11:36+00:00
SAO_576C-10,São Paulo,3550308,True,,34058,,,-23.637947,-46.632115999999996,,,,2,2023-06-19T16:11:26+00:00
SAO_4007-10,São Paulo,3550308,True,,34949,,,-23.551032,-46.4372195,,,,2,2023-06-19T16:11:30+00:00
SAO_4007-10,São Paulo,3550308,True,,34949,,,-23.565321500000003,-46.396381,,,,2,2023-06-19T16:11:37+00:00
SAO_4007-10,São Paulo,3550308,True,,34949,,,-23.565321500000003,-46.396381,,,,2,2023-06-19T16:11:28+00:00
SAO_4007-10,São Paulo,3550308,True,,34949,,,-23.565451,-46.3961775,,,,2,2023-06-19T16:11:17+00:00
SAO_4007-10,São Paulo,3550308,True,,34949,,,-23.5599825,-46.4153285,,,,2,2023-06-19T16:11:15+00:00
SAO_4007-10,São Paulo,3550308,True,,34949,,,-23.556948249999998,-46.475889249999994,,,,2,2023-06-19T16:11:16+00:00
SAO_4007-10,São Paulo,3550308,True,,34949,,,-23.565266,-46.396473,,,,2,2023-06-19T16:11:27+00:00
SAO_4007-10,São Paulo,3550308,True,,34949,,,-23.565321500000003,-46.396381,,,,2,2023-06-19T16:11:23+00:00
SAO_4007-10,São Paulo,3550308,True,,34949,,,-23.565451,-46.3961775,,,,2,2023-06-19T16:11:26+00:00
SAO_1744-10,São Paulo,3550308,True,,544,,,-23.483802,-46.642412500000006,,,,1,2023-06-19T16:11:25+00:00
SAO_1744-10,São Paulo,3550308,True,,544,,,-23.47390875,-46.642528,,,,1,2023-06-19T16:11:30+00:00
SAO_1744-10,São Paulo,3550308,True,,544,,,-23.5031265,-46.624462,,,,1,2023-06-19T16:11:26+00:00
SAO_909T-10,São Paulo,3550308,True,,35024,,,-23.56223575,-46.689339249999996,,,,2,2023-06-19T16:09:34+00:00
SAO_971R-42,São Paulo,3550308,True,,616,,,-23.502008500000002,-46.625279,,,,1,2023-06-19T16:11:34+00:00
SAO_971R-42,São Paulo,3550308,True,,616,,,-23.481112,-46.6559295,,,,1,2023-06-19T16:11:15+00:00
SAO_971R-42,São Paulo,3550308,True,,616,,,-23.444840499999998,-46.705281,,,,1,2023-06-19T16:11:13+00:00
SAO_2010-10,São Paulo,3550308,True,,2104,,,-23.522831,-46.624535,,,,1,2023-06-19T16:11:10+00:00
SAO_2010-10,São Paulo,3550308,True,,2104,,,-23.476959,-46.5640815,,,,1,2023-06-19T16:11:37+00:00
SAO_2010-10,São Paulo,3550308,True,,2104,,,-23.47739,-46.564792499999996,,,,1,2023-06-19T16:11:30+00:00
SAO_2010-10,São Paulo,3550308,True,,2104,,,-23.50591175,-46.624980625000006,,,,1,2023-06-19T16:11:27+00:00
SAO_2010-10,São Paulo,3550308,True,,2104,,,-23.4850995,-46.591894499999995,,,,1,2023-06-19T16:11:12+00:00
SAO_2010-10,São Paulo,3550308,True,,2104,,,-23.47739,-46.564792499999996,,,,1,2023-06-19T16:07:27+00:00
SAO_1745-10,São Paulo,3550308,True,,546,,,-23.495598,-46.644072,,,,1,2023-06-19T16:11:01+00:00
SAO_1745-10,São Paulo,3550308,True,,546,,,-23.513510625000002,-46.616156249999996,,,,1,2023-06-19T16:11:18+00:00
SAO_1745-10,São Paulo,3550308,True,,546,,,-23.50850175,-46.625044375,,,,1,2023-06-19T16:11:22+00:00
SAO_5109-10,São Paulo,3550308,True,,34619,,,-23.546847,-46.6291015,,,,2,2023-06-19T16:11:15+00:00
SAO_5109-10,São Paulo,3550308,True,,34619,,,-23.547353,-46.6287365,,,,2,2023-06-19T16:11:34+00:00
SAO_5109-10,São Paulo,3550308,True,,34619,,,-23.557588312500002,-46.61829387499999,,,,2,2023-06-19T16:11:33+00:00
SAO_5109-10,São Paulo,3550308,True,,34619,,,-23.584868999999998,-46.5833485,,,,2,2023-06-19T16:11:28+00:00
SAO_746K-10,São Paulo,3550308,True,STT,787,https://moovitapp.com/index/pt-br/transporte_p%C3%BAblico-line-787-Sao_Paulo-242-850661-183355-0,5.3,-23.6173285,-46.707054,,,,1,2023-06-19T16:11:29+00:00
SAO_746K-10,São Paulo,3550308,True,STT,787,https://moovitapp.com/index/pt-br/transporte_p%C3%BAblico-line-787-Sao_Paulo-242-850661-183355-0,5.3,-23.6172745,-46.68684075,,,,1,2023-06-19T16:11:19+00:00
SAO_7053-21,São Paulo,3550308,True,,34663,,,-23.642354750000003,-46.78591075,,,,2,2023-06-19T16:11:15+00:00
SAO_7053-21,São Paulo,3550308,True,,34663,,,-23.6314365,-46.772255,,,,2,2023-06-19T16:11:03+00:00
SAO_7053-21,São Paulo,3550308,True,,34663,,,-23.642668,-46.7862045,,,,2,2023-06-19T16:11:20+00:00
SAO_930P-10,São Paulo,3550308,True,,34883,,,-23.546217,-46.6305745,,,,2,2023-06-19T16:11:34+00:00
SAO_930P-10,São Paulo,3550308,True,,34883,,,-23.578550999999997,-46.681574499999996,,,,2,2023-06-19T16:11:05+00:00
SAO_930P-10,São Paulo,3550308,True,,34883,,,-23.549774499999998,-46.645565000000005,,,,2,2023-06-19T16:11:29+00:00
SAO_930P-10,São Paulo,3550308,True,,34883,,,-23.5661855,-46.702046499999994,,,,2,2023-06-19T16:11:12+00:00
SAO_930P-10,São Paulo,3550308,True,,34883,,,-23.572206,-46.690203999999994,,,,2,2023-06-19T16:11:08+00:00
SAO_930P-10,São Paulo,3550308,True,,34883,,,-23.55315175,-46.65475875,,,,2,2023-06-19T16:11:41+00:00
SAO_930P-10,São Paulo,3550308,True,,34883,,,-23.565664875000003,-46.668094499999995,,,,2,2023-06-19T16:11:12+00:00
SAO_775P-10,São Paulo,3550308,True,,33275,,,-23.597096,-46.7681435,,,,2,2023-06-19T16:11:27+00:00
SAO_775P-10,São Paulo,3550308,True,,33275,,,-23.597096,-46.7681435,,,,2,2023-06-19T16:11:22+00:00
SAO_775P-10,São Paulo,3550308,True,,33275,,,-23.579169,-46.71026499999999,,,,2,2023-06-19T16:11:44+00:00
SAO_627J-10,São Paulo,3550308,True,,2056,,,-23.681756,-46.63262625,,,,1,2023-06-19T16:11:36+00:00
SAO_627J-10,São Paulo,3550308,True,,2056,,,-23.660702125,-46.636904375,,,,1,2023-06-19T16:11:40+00:00
SAO_627J-10,São Paulo,3550308,True,,2056,,,-23.678974,-46.638026499999995,,,,1,2023-06-19T16:11:09+00:00
SAO_627J-10,São Paulo,3550308,True,,2056,,,-23.6355445,-46.641134,,,,1,2023-06-19T16:11:30+00:00
SAO_3754-10,São Paulo,3550308,True,,33817,,,-23.542189,-46.418378000000004,,,,2,2023-06-19T16:06:05+00:00
SAO_3754-10,São Paulo,3550308,True,,33817,,,-23.573977,-46.398133,,,,2,2023-06-19T16:11:23+00:00
SAO_3754-10,São Paulo,3550308,True,,33817,,,-23.53124375,-46.445772375000004,,,,2,2023-06-19T16:08:01+00:00
SAO_178A-10,São Paulo,3550308,True,,33326,,,-23.51405075,-46.62495075,,,,2,2023-06-19T16:11:13+00:00
SAO_178A-10,São Paulo,3550308,True,,33326,,,-23.5262155,-46.669086,,,,2,2023-06-19T16:11:03+00:00
SAO_2021-10,São Paulo,3550308,True,,33674,,,-23.54384575,-46.40824325,,,,2,2023-06-19T16:11:22+00:00
SAO_2021-10,São Paulo,3550308,True,,33674,,,-23.541711,-46.416456499999995,,,,2,2023-06-19T16:11:37+00:00
SAO_2021-10,São Paulo,3550308,True,,33674,,,-23.5444625,-46.3895285,,,,2,2023-06-19T16:11:32+00:00
SAO_2021-10,São Paulo,3550308,True,,33674,,,-23.5444625,-46.3895285,,,,2,2023-06-19T16:10:55+00:00
SAO_271A-10,São Paulo,3550308,True,STT,702,https://moovitapp.com/index/pt-br/transporte_p%C3%BAblico-line-702-Sao_Paulo-242-850661-641780-0,5.3,-23.502589,-46.623686500000005,,,,1,2023-06-19T16:09:59+00:00
SAO_271A-10,São Paulo,3550308,True,STT,702,https://moovitapp.com/index/pt-br/transporte_p%C3%BAblico-line-702-Sao_Paulo-242-850661-641780-0,5.3,-23.518916500000003,-46.546872500000006,,,,1,2023-06-19T16:11:39+00:00
SAO_271A-10,São Paulo,3550308,True,STT,702,https://moovitapp.com/index/pt-br/transporte_p%C3%BAblico-line-702-Sao_Paulo-242-850661-641780-0,5.3,-23.4986205,-46.5981715,,,,1,2023-06-19T16:11:08+00:00
SAO_271A-10,São Paulo,3550308,True,STT,702,https://moovitapp.com/index/pt-br/transporte_p%C3%BAblico-line-702-Sao_Paulo-242-850661-641780-0,5.3,-23.518916500000003,-46.546872500000006,,,,1,2023-06-19T16:11:01+00:00
SAO_271A-10,São Paulo,3550308,True,STT,702,https://moovitapp.com/index/pt-br/transporte_p%C3%BAblico-line-702-Sao_Paulo-242-850661-641780-0,5.3,-23.5097835,-46.5710045,,,,1,2023-06-19T16:11:32+00:00
SAO_271A-10,São Paulo,3550308,True,STT,702,https://moovitapp.com/index/pt-br/transporte_p%C3%BAblico-line-702-Sao_Paulo-242-850661-641780-0,5.3,-23.5245495,-46.557224500000004,,,,1,2023-06-19T16:10:28+00:00
SAO_6L03-10,São Paulo,3550308,True,,1565,,,-23.879961,-46.749281749999994,,,,1,2023-06-19T16:11:14+00:00
SAO_1020-10,São Paulo,3550308,True,,2497,,,-23.404968500000003,-46.7450015,,,,1,2023-06-19T16:11:10+00:00
SAO_1020-10,São Paulo,3550308,True,,2497,,,-23.484941499999998,-46.71079,,,,1,2023-06-19T16:11:28+00:00
SAO_1020-10,São Paulo,3550308,True,,2497,,,-23.444798,-46.722325999999995,,,,1,2023-06-19T16:11:09+00:00
SAO_1020-10,São Paulo,3550308,True,,2497,,,-23.487836,-46.718214,,,,1,2023-06-19T16:11:29+00:00
SAO_1020-10,São Paulo,3550308,True,,2497,,,-23.406943,-46.7350425,,,,1,2023-06-19T16:11:11+00:00
SAO_1703-10,São Paulo,3550308,True,,33615,,,-23.4391215,-46.575342,,,,2,2023-06-19T16:10:02+00:00
SAO_1703-10,São Paulo,3550308,True,,33615,,,-23.473880625,-46.589600000000004,,,,2,2023-06-19T16:08:09+00:00
SAO_1703-10,São Paulo,3550308,True,,33615,,,-23.513673,-46.616006999999996,,,,2,2023-06-19T16:11:14+00:00
SAO_1703-10,São Paulo,3550308,True,,33615,,,-23.430702,-46.574294,,,,2,2023-06-19T16:11:34+00:00
SAO_1703-10,São Paulo,3550308,True,,33615,,,-23.430699500000003,-46.573944499999996,,,,2,2023-06-19T16:11:30+00:00
SAO_1703-10,São Paulo,3550308,True,,33615,,,-23.430699500000003,-46.573944499999996,,,,2,2023-06-19T16:11:29+00:00
SAO_4284-10,São Paulo,3550308,True,,33057,,,-23.608877999999997,-46.555645999999996,,,,2,2023-06-19T16:11:04+00:00
SAO_4284-10,São Paulo,3550308,True,,33057,,,-23.58507,-46.583846,,,,2,2023-06-19T16:11:24+00:00
SAO_5015-10,São Paulo,3550308,True,,1119,,,-23.684867,-46.6484395,,,,1,2023-06-19T16:09:46+00:00
SAO_5015-10,São Paulo,3550308,True,,1119,,,-23.6924525,-46.659774999999996,,,,1,2023-06-19T16:11:25+00:00
SAO_5015-10,São Paulo,3550308,True,,1119,,,-23.688775749999998,-46.66371425,,,,1,2023-06-19T16:11:31+00:00
SAO_5015-10,São Paulo,3550308,True,,1119,,,-23.657377999999998,-46.635968749999996,,,,1,2023-06-19T16:11:17+00:00
SAO_5015-10,São Paulo,3550308,True,,1119,,,-23.67167775,-46.644180250000005,,,,1,2023-06-19T16:11:32+00:00
SAO_5015-10,São Paulo,3550308,True,,1119,,,-23.646906,-46.6387925,,,,1,2023-06-19T16:11:14+00:00
SAO_5015-10,São Paulo,3550308,True,,1119,,,-23.6801625,-46.6411865,,,,1,2023-06-19T16:11:43+00:00
SAO_278A-10,São Paulo,3550308,True,,33474,,,-23.522122,-46.53909925,,,,2,2023-06-19T16:11:35+00:00
SAO_278A-10,São Paulo,3550308,True,,33474,,,-23.501817000000003,-46.624587,,,,2,2023-06-19T16:11:44+00:00
SAO_278A-10,São Paulo,3550308,True,,33474,,,-23.5080335,-46.525486,,,,2,2023-06-19T16:11:31+00:00
SAO_4708-10,São Paulo,3550308,True,,33100,,,-23.639317499999997,-46.607468,,,,2,2023-06-19T16:11:05+00:00
SAO_4708-10,São Paulo,3550308,True,,33100,,,-23.639317499999997,-46.607468,,,,2,2023-06-19T16:11:04+00:00
SAO_4708-10,São Paulo,3550308,True,,33100,,,-23.600969999999997,-46.615359749999996,,,,2,2023-06-19T16:11:22+00:00
SAO_971D-10,São Paulo,3550308,True,,709,,,-23.474483,-46.666517999999996,,,,1,2023-06-19T16:11:41+00:00
SAO_971D-10,São Paulo,3550308,True,,709,,,-23.455016999999998,-46.6954525,,,,1,2023-06-19T16:11:13+00:00
SAO_971D-10,São Paulo,3550308,True,,709,,,-23.5092895,-46.6157085,,,,1,2023-06-19T16:11:43+00:00
SAO_971D-10,São Paulo,3550308,True,,709,,,-23.447513,-46.696985,,,,1,2023-06-19T16:11:02+00:00
SAO_971D-10,São Paulo,3550308,True,,709,,,-23.49834225,-46.62571475,,,,1,2023-06-19T16:11:06+00:00
SAO_971D-10,São Paulo,3550308,True,,709,,,-23.476419,-46.663077,,,,1,2023-06-19T16:11:42+00:00
SAO_971D-10,São Paulo,3550308,True,,709,,,-23.5129060625,-46.6160925,,,,1,2023-06-19T16:11:38+00:00
SAO_5025-10,São Paulo,3550308,True,,1564,,,-23.5973585,-46.563947875,,,,1,2023-06-19T16:11:14+00:00
SAO_5025-10,São Paulo,3550308,True,,1564,,,-23.60154125,-46.576998249999995,,,,1,2023-06-19T16:11:09+00:00
SAO_5025-10,São Paulo,3550308,True,,1564,,,-23.6068145,-46.540579,,,,1,2023-06-19T16:11:11+00:00
SAO_6818-10,São Paulo,3550308,True,BR7 Mobilidade,28,https://moovitapp.com/index/pt-br/transporte_p%C3%BAblico-line-28-Sao_Paulo-242-851856-596008-0,5.75,-23.6425005,-46.766622,,,,1,2023-06-19T16:11:27+00:00
SAO_6818-10,São Paulo,3550308,True,BR7 Mobilidade,28,https://moovitapp.com/index/pt-br/transporte_p%C3%BAblico-line-28-Sao_Paulo-242-851856-596008-0,5.75,-23.655842999999997,-46.7727765,,,,1,2023-06-19T16:11:45+00:00
SAO_8055-10,São Paulo,3550308,True,,414,,,-23.507397,-46.749211,,,,1,2023-06-19T16:11:35+00:00
SAO_8055-10,São Paulo,3550308,True,,414,,,-23.408635,-46.74176,,,,1,2023-06-19T16:11:33+00:00
SAO_8055-10,São Paulo,3550308,True,,414,,,-23.408895,-46.74034,,,,1,2023-06-19T16:11:06+00:00
SAO_8055-10,São Paulo,3550308,True,,414,,,-23.4064355,-46.767289500000004,,,,1,2023-06-19T16:11:15+00:00
SAO_8055-10,São Paulo,3550308,True,,414,,,-23.520059000000003,-46.702154,,,,1,2023-06-19T16:11:10+00:00
SAO_6L01-10,São Paulo,3550308,True,,1171,,,-23.767305999999998,-46.716412,,,,1,2023-06-19T16:11:12+00:00
SAO_6L01-10,São Paulo,3550308,True,,1171,,,-23.828590499999997,-46.7311665,,,,1,2023-06-19T16:11:38+00:00
SAO_1021-10,São Paulo,3550308,True,EMTU,833,https://moovitapp.com/index/pt-br/transporte_p%C3%BAblico-line-833-Sao_Paulo-242-2038937-36419599-0,5.4,-23.4866665,-46.7276625,,,,1,2023-06-19T16:11:39+00:00
SAO_1021-10,São Paulo,3550308,True,EMTU,833,https://moovitapp.com/index/pt-br/transporte_p%C3%BAblico-line-833-Sao_Paulo-242-2038937-36419599-0,5.4,-23.4457115,-46.7124385,,,,1,2023-06-19T16:11:30+00:00
SAO_1775-10,São Paulo,3550308,True,,638,,,-23.4620525,-46.6295805,,,,1,2023-06-19T16:11:32+00:00
SAO_2772-10,São Paulo,3550308,True,,398,,,-23.5033495,-46.471968000000004,,,,1,2023-06-19T16:11:07+00:00
SAO_2772-10,São Paulo,3550308,True,,398,,,-23.526511499999998,-46.528253750000005,,,,1,2023-06-19T16:11:00+00:00
SAO_2772-10,São Paulo,3550308,True,,398,,,-23.509611500000002,-46.413374499999996,,,,1,2023-06-19T16:08:27+00:00
SAO_809U-21,São Paulo,3550308,True,,35075,,,-23.53931525,-46.690736,,,,2,2023-06-19T16:11:10+00:00
SAO_809U-21,São Paulo,3550308,True,,35075,,,-23.528924,-46.683993,,,,2,2023-06-19T16:11:18+00:00
SAO_809U-21,São Paulo,3550308,True,,35075,,,-23.53092325,-46.680516125000004,,,,2,2023-06-19T16:11:17+00:00
SAO_809U-21,São Paulo,3550308,True,,35075,,,-23.547126499999997,-46.690053000000006,,,,2,2023-06-19T16:11:37+00:00
SAO_4052-10,São Paulo,3550308,True,,2145,,,-23.538897,-46.457322500000004,,,,1,2023-06-19T16:11:20+00:00
SAO_4052-10,São Paulo,3550308,True,,2145,,,-23.542894500000003,-46.416357000000005,,,,1,2023-06-19T16:11:04+00:00
SAO_4052-10,São Paulo,3550308,True,,2145,,,-23.538576,-46.4260735,,,,1,2023-06-19T16:11:00+00:00
SAO_5144-10,São Paulo,3550308,True,,1627,,,-23.531318749999997,-46.63701474999999,,,,1,2023-06-19T16:11:26+00:00
SAO_5144-10,São Paulo,3550308,True,,1627,,,-23.5660715,-46.5694745,,,,1,2023-06-19T16:11:27+00:00
SAO_5144-10,São Paulo,3550308,True,,1627,,,-23.53897225,-46.60653325,,,,1,2023-06-19T16:11:06+00:00
SAO_5144-10,São Paulo,3550308,True,,1627,,,-23.53506275,-46.644746999999995,,,,1,2023-06-19T16:11:14+00:00
SAO_3063-10,São Paulo,3550308,True,EMTU,253,https://moovitapp.com/index/pt-br/transporte_p%C3%BAblico-line-253-Sao_Paulo-242-2038937-36419364-0,5.4,-23.551776,-46.4131675,,,,1,2023-06-19T16:11:16+00:00
SAO_3063-10,São Paulo,3550308,True,EMTU,253,https://moovitapp.com/index/pt-br/transporte_p%C3%BAblico-line-253-Sao_Paulo-242-2038937-36419364-0,5.4,-23.5978785,-46.458639500000004,,,,1,2023-06-19T16:11:37+00:00
SAO_3063-10,São Paulo,3550308,True,EMTU,253,https://moovitapp.com/index/pt-br/transporte_p%C3%BAblico-line-253-Sao_Paulo-242-2038937-36419364-0,5.4,-23.573238500000002,-46.4159355,,,,1,2023-06-19T16:09:19+00:00
SAO_3063-10,São Paulo,3550308,True,EMTU,253,https://moovitapp.com/index/pt-br/transporte_p%C3%BAblico-line-253-Sao_Paulo-242-2038937-36419364-0,5.4,-23.613538,-46.476616,,,,1,2023-06-19T16:11:31+00:00
SAO_8319-10,São Paulo,3550308,True,,476,,,-23.5251,-46.683721625000004,,,,1,2023-06-19T16:11:42+00:00
SAO_8319-10,São Paulo,3550308,True,,476,,,-23.547646999999998,-46.760248000000004,,,,1,2023-06-19T16:11:42+00:00
SAO_8319-10,São Paulo,3550308,True,,476,,,-23.552291500000003,-46.75739975,,,,1,2023-06-19T16:11:43+00:00
SAO_8319-10,São Paulo,3550308,True,,476,,,-23.538618375000002,-46.72700450000001,,,,1,2023-06-19T16:11:08+00:00
SAO_6051-31,São Paulo,3550308,True,,1606,,,-23.768084,-46.716452,,,,1,2023-06-19T16:11:24+00:00
SAO_3023-10,São Paulo,3550308,True,,33728,,,-23.621512,-46.477818,,,,2,2023-06-19T16:11:04+00:00
SAO_3023-10,São Paulo,3550308,True,,33728,,,-23.60686225,-46.478975250000005,,,,2,2023-06-19T16:11:10+00:00
SAO_3023-10,São Paulo,3550308,True,,33728,,,-23.567313499999997,-46.5057575,,,,2,2023-06-19T16:11:23+00:00
SAO_3023-10,São Paulo,3550308,True,,33728,,,-23.5822165,-46.497344,,,,2,2023-06-19T16:11:31+00:00
SAO_8610-10,São Paulo,3550308,True,,34831,,,-23.603733,-46.7886975,,,,2,2023-06-19T16:11:23+00:00
SAO_8610-10,São Paulo,3550308,True,,34831,,,-23.5735465,-46.689059375,,,,2,2023-06-19T16:11:31+00:00
SAO_8610-10,São Paulo,3550308,True,,34831,,,-23.6031905,-46.781071999999995,,,,2,2023-06-19T16:11:17+00:00
SAO_8610-10,São Paulo,3550308,True,,34831,,,-23.5603275,-46.6551405,,,,2,2023-06-19T16:11:06+00:00
SAO_8610-10,São Paulo,3550308,True,,34831,,,-23.596247,-46.789686,,,,2,2023-06-19T16:11:04+00:00
SAO_8610-10,São Paulo,3550308,True,,34831,,,-23.5864425625,-46.754773375,,,,2,2023-06-19T16:11:30+00:00
SAO_476G-41,São Paulo,3550308,True,,33880,,,-23.565573625,-46.62130525,,,,2,2023-06-19T16:11:41+00:00
SAO_476G-41,São Paulo,3550308,True,,33880,,,-23.6098365,-46.529281,,,,2,2023-06-19T16:11:19+00:00
SAO_4056-10,São Paulo,3550308,True,,35005,,,-23.612665,-46.476373499999994,,,,2,2023-06-19T16:11:28+00:00
SAO_4056-10,São Paulo,3550308,True,,35005,,,-23.613538,-46.476616,,,,2,2023-06-19T16:11:32+00:00
SAO_4056-10,São Paulo,3550308,True,,35005,,,-23.602362,-46.4520825,,,,2,2023-06-19T16:11:32+00:00
SAO_3053-10,São Paulo,3550308,True,,973,,,-23.5657335,-46.5574355,,,,1,2023-06-19T16:11:04+00:00
SAO_3053-10,São Paulo,3550308,True,,973,,,-23.585147999999997,-46.494602,,,,1,2023-06-19T16:11:33+00:00
SAO_3053-10,São Paulo,3550308,True,,973,,,-23.5638785,-46.561247,,,,1,2023-06-19T16:11:41+00:00
SAO_3053-10,São Paulo,3550308,True,,973,,,-23.585148,-46.526704499999994,,,,1,2023-06-19T16:11:30+00:00
SAO_3053-10,São Paulo,3550308,True,,973,,,-23.591578,-46.499326749999994,,,,1,2023-06-19T16:11:38+00:00
SAO_118Y-10,São Paulo,3550308,True,,33609,,,-23.472693,-46.63499025,,,,2,2023-06-19T16:11:46+00:00
SAO_118Y-10,São Paulo,3550308,True,,33609,,,-23.501283,-46.6734845,,,,2,2023-06-19T16:11:42+00:00
SAO_118Y-10,São Paulo,3550308,True,,33609,,,-23.472411,-46.634502749999996,,,,2,2023-06-19T16:11:31+00:00
SAO_118Y-10,São Paulo,3550308,True,,33609,,,-23.472693,-46.63499025,,,,2,2023-06-19T16:11:15+00:00
SAO_118Y-10,São Paulo,3550308,True,,33609,,,-23.482091500000003,-46.671369,,,,2,2023-06-19T16:11:11+00:00
SAO_118Y-10,São Paulo,3550308,True,,33609,,,-23.5198945,-46.70098,,,,2,2023-06-19T16:11:16+00:00
SAO_118Y-10,São Paulo,3550308,True,,33609,,,-23.472693,-46.63499025,,,,2,2023-06-19T16:11:34+00:00
SAO_8004-10,São Paulo,3550308,True,,1254,,,-23.490979375,-46.75142125,,,,1,2023-06-19T16:11:21+00:00
SAO_5143-10,São Paulo,3550308,True,,34396,,,-23.591853625,-46.542159125,,,,2,2023-06-19T16:11:10+00:00
SAO_5143-10,São Paulo,3550308,True,,34396,,,-23.561380999999997,-46.612911999999994,,,,2,2023-06-19T16:11:10+00:00
SAO_5143-10,São Paulo,3550308,True,,34396,,,-23.588274,-46.5947605,,,,2,2023-06-19T16:11:09+00:00
SAO_5143-10,São Paulo,3550308,True,,34396,,,-23.5473415,-46.629296499999995,,,,2,2023-06-19T16:11:43+00:00
SAO_2767-10,São Paulo,3550308,True,EMTU,241,https://moovitapp.com/index/pt-br/transporte_p%C3%BAblico-line-241-Sao_Paulo-242-2038937-36419354-0,5.15,-23.534685500000002,-46.575573,,,,1,2023-06-19T16:11:42+00:00
SAO_2767-10,São Paulo,3550308,True,EMTU,241,https://moovitapp.com/index/pt-br/transporte_p%C3%BAblico-line-241-Sao_Paulo-242-2038937-36419354-0,5.15,-23.50102275,-46.46757625,,,,1,2023-06-19T16:11:35+00:00
SAO_4035-10,São Paulo,3550308,True,,2560,,,-23.542726000000002,-46.470186999999996,,,,1,2023-06-19T15:58:38+00:00
SAO_4035-10,São Paulo,3550308,True,,2560,,,-23.558587000000003,-46.399857999999995,,,,1,2023-06-19T16:11:22+00:00
SAO_4035-10,São Paulo,3550308,True,,2560,,,-23.54228225,-46.452650250000005,,,,1,2023-06-19T16:11:19+00:00
SAO_2726-10,São Paulo,3550308,True,,33708,,,-23.507967,-46.468248,,,,2,2023-06-19T16:11:24+00:00
SAO_2726-10,São Paulo,3550308,True,,33708,,,-23.508325499999998,-46.4684905,,,,2,2023-06-19T16:11:40+00:00
SAO_2726-10,São Paulo,3550308,True,,33708,,,-23.5118515,-46.5113655,,,,2,2023-06-19T16:11:17+00:00
SAO_2726-10,São Paulo,3550308,True,,33708,,,-23.5232545,-46.534197,,,,2,2023-06-19T16:11:23+00:00
SAO_2726-10,São Paulo,3550308,True,,33708,,,-23.515887999999997,-46.47655725,,,,2,2023-06-19T16:11:29+00:00
SAO_2726-10,São Paulo,3550308,True,,33708,,,-23.51335725,-46.46883025,,,,2,2023-06-19T16:11:04+00:00
SAO_2726-10,São Paulo,3550308,True,,33708,,,-23.52161625,-46.527673,,,,2,2023-06-19T16:11:37+00:00
SAO_2726-10,São Paulo,3550308,True,,33708,,,-23.515887999999997,-46.47655725,,,,2,2023-06-19T16:09:25+00:00
SAO_3729-10,São Paulo,3550308,True,,33794,,,-23.5626505,-46.550163,,,,2,2023-06-19T16:11:12+00:00
SAO_3729-10,São Paulo,3550308,True,,33794,,,-23.538428500000002,-46.563574,,,,2,2023-06-19T16:11:38+00:00
SAO_3729-10,São Paulo,3550308,True,,33794,,,-23.538428500000002,-46.563574,,,,2,2023-06-19T16:11:12+00:00
SAO_3729-10,São Paulo,3550308,True,,33794,,,-23.564532999999997,-46.5048475,,,,2,2023-06-19T16:11:21+00:00
SAO_3729-10,São Paulo,3550308,True,,33794,,,-23.5803775,-46.539248,,,,2,2023-06-19T16:11:42+00:00
SAO_3729-10,São Paulo,3550308,True,,33794,,,-23.561893500000004,-46.56246725,,,,2,2023-06-19T16:09:36+00:00
SAO_3729-10,São Paulo,3550308,True,,33794,,,-23.57827,-46.51722075,,,,2,2023-06-19T16:11:24+00:00
SAO_3729-10,São Paulo,3550308,True,,33794,,,-23.566259000000002,-46.507381,,,,2,2023-06-19T16:11:22+00:00
SAO_3729-10,São Paulo,3550308,True,,33794,,,-23.564476499999998,-46.504782500000005,,,,2,2023-06-19T16:11:17+00:00
SAO_3729-10,São Paulo,3550308,True,,33794,,,-23.5821945,-46.5361005,,,,2,2023-06-19T16:11:37+00:00
SAO_3729-10,São Paulo,3550308,True,,33794,,,-23.564308,-46.5048635,,,,2,2023-06-19T16:11:23+00:00
SAO_4004-10,São Paulo,3550308,True,,2178,,,-23.5826465,-46.408255999999994,,,,1,2023-06-19T16:11:23+00:00
SAO_4004-10,São Paulo,3550308,True,,2178,,,-23.5938075,-46.39368400000001,,,,1,2023-06-19T16:11:37+00:00
SAO_8002-10,São Paulo,3550308,True,,1252,,,-23.514442375,-46.717970625,,,,1,2023-06-19T16:11:25+00:00
SAO_8002-10,São Paulo,3550308,True,,1252,,,-23.485778,-46.725765,,,,1,2023-06-19T16:11:03+00:00
SAO_8002-10,São Paulo,3550308,True,,1252,,,-23.4855965,-46.725312,,,,1,2023-06-19T16:11:22+00:00
SAO_2716-10,São Paulo,3550308,True,,33697,,,-23.533121,-46.544351500000005,,,,2,2023-06-19T16:11:30+00:00
SAO_2716-10,São Paulo,3550308,True,,33697,,,-23.5298215,-46.544914500000004,,,,2,2023-06-19T16:11:03+00:00
SAO_2716-10,São Paulo,3550308,True,,33697,,,-23.533121,-46.544351500000005,,,,2,2023-06-19T16:11:39+00:00
SAO_2716-10,São Paulo,3550308,True,,33697,,,-23.5119805,-46.5370875,,,,2,2023-06-19T16:11:13+00:00
SAO_2716-10,São Paulo,3550308,True,,33697,,,-23.508288,-46.53148349999999,,,,2,2023-06-19T16:11:15+00:00
SAO_476G-41,São Paulo,3550308,True,,1112,,,-23.582403,-46.637654,,,,1,2023-06-19T16:11:26+00:00
SAO_476G-41,São Paulo,3550308,True,,1112,,,-23.584331,-46.6276875,,,,1,2023-06-19T16:11:13+00:00
SAO_476G-41,São Paulo,3550308,True,,1112,,,-23.5952505,-46.556889,,,,1,2023-06-19T16:11:03+00:00
SAO_213E-10,São Paulo,3550308,True,,2498,,,-23.47739,-46.564792499999996,,,,1,2023-06-19T16:10:49+00:00
SAO_213E-10,São Paulo,3550308,True,,2498,,,-23.524437749999997,-46.587473125,,,,1,2023-06-19T16:08:29+00:00
SAO_213E-10,São Paulo,3550308,True,,2498,,,-23.5416595,-46.58983475,,,,1,2023-06-19T16:11:19+00:00
SAO_213E-10,São Paulo,3550308,True,,2498,,,-23.4770695,-46.565158,,,,1,2023-06-19T16:11:06+00:00
SAO_6042-21,São Paulo,3550308,True,,34543,,,-23.654132,-46.7632315,,,,2,2023-06-19T16:11:05+00:00
SAO_6042-21,São Paulo,3550308,True,,34543,,,-23.660608,-46.7679,,,,2,2023-06-19T16:11:39+00:00
SAO_819A-10,São Paulo,3550308,True,,33571,,,-23.463238750000002,-46.682105750000005,,,,2,2023-06-19T16:10:58+00:00
SAO_819A-10,São Paulo,3550308,True,,33571,,,-23.474063,-46.6676605,,,,2,2023-06-19T16:11:22+00:00
SAO_819A-10,São Paulo,3550308,True,,33571,,,-23.446911,-46.735369750000004,,,,2,2023-06-19T16:11:31+00:00
SAO_819A-10,São Paulo,3550308,True,,33571,,,-23.478503124999996,-46.671982875,,,,2,2023-06-19T16:11:02+00:00
SAO_819A-10,São Paulo,3550308,True,,33571,,,-23.4450055,-46.735884,,,,2,2023-06-19T16:11:07+00:00
SAO_819A-10,São Paulo,3550308,True,,33571,,,-23.4387105,-46.748492,,,,2,2023-06-19T16:11:38+00:00
SAO_819A-10,São Paulo,3550308,True,,33571,,,-23.4386675,-46.748738,,,,2,2023-06-19T16:11:15+00:00
SAO_819A-10,São Paulo,3550308,True,,33571,,,-23.4316975,-46.725563,,,,2,2023-06-19T16:11:19+00:00
SAO_819A-10,São Paulo,3550308,True,,33571,,,-23.4503195,-46.7003875,,,,2,2023-06-19T16:11:13+00:00
SAO_5129-41,São Paulo,3550308,True,,34742,,,-23.680207,-46.636137500000004,,,,2,2023-06-19T16:11:32+00:00
SAO_5129-41,São Paulo,3550308,True,,34742,,,-23.6535685,-46.703556,,,,2,2023-06-19T16:11:08+00:00
SAO_5129-41,São Paulo,3550308,True,,34742,,,-23.6810605,-46.6363105,,,,2,2023-06-19T16:10:59+00:00
SAO_5129-41,São Paulo,3550308,True,,34742,,,-23.660458,-46.6633445,,,,2,2023-06-19T16:11:27+00:00
SAO_5129-41,São Paulo,3550308,True,,34742,,,-23.68053825,-46.63576575,,,,2,2023-06-19T16:11:35+00:00
SAO_5129-41,São Paulo,3550308,True,,34742,,,-23.653215125000003,-46.702096749999995,,,,2,2023-06-19T16:11:36+00:00
SAO_1780-10,São Paulo,3550308,True,,869,,,-23.459795,-46.5837205,,,,1,2023-06-19T16:09:27+00:00
SAO_1780-10,São Paulo,3550308,True,,869,,,-23.486397,-46.608689749999996,,,,1,2023-06-19T16:11:09+00:00
SAO_1780-10,São Paulo,3550308,True,,869,,,-23.484054,-46.607401499999995,,,,1,2023-06-19T16:11:41+00:00
SAO_2023-10,São Paulo,3550308,True,,2260,,,-23.4789475,-46.607421,,,,1,2023-06-19T16:11:06+00:00
SAO_2023-10,São Paulo,3550308,True,,2260,,,-23.480535500000002,-46.6024285,,,,1,2023-06-19T16:11:08+00:00
SAO_2023-10,São Paulo,3550308,True,,2260,,,-23.4313605,-46.594058000000004,,,,1,2023-06-19T16:07:00+00:00
SAO_2030-10,São Paulo,3550308,True,,35032,,,-23.4750125,-46.6452605,,,,2,2023-06-19T16:11:28+00:00
SAO_8062-10,São Paulo,3550308,True,,33188,,,-23.518856,-46.703469,,,,2,2023-06-19T16:11:38+00:00
SAO_6L11-10,São Paulo,3550308,True,,1167,,,-23.78469175,-46.644027625,,,,1,2023-06-19T16:10:35+00:00
SAO_6L11-10,São Paulo,3550308,True,,1167,,,-23.7592195,-46.662022875000005,,,,1,2023-06-19T16:11:24+00:00
SAO_3712-51,São Paulo,3550308,True,,35273,,,-23.550891,-46.431292,,,,2,2023-06-19T16:11:12+00:00
SAO_3712-51,São Paulo,3550308,True,,35273,,,-23.543076749999997,-46.468599749999996,,,,2,2023-06-19T16:11:04+00:00
SAO_3712-51,São Paulo,3550308,True,,35273,,,-23.55940725,-46.422336875,,,,2,2023-06-19T16:11:07+00:00
SAO_702U-10,São Paulo,3550308,True,,34098,,,-23.5565435,-46.665399,,,,2,2023-06-19T16:11:42+00:00
SAO_702U-10,São Paulo,3550308,True,,34098,,,-23.5521175,-46.7315415,,,,2,2023-06-19T16:11:14+00:00
SAO_702U-10,São Paulo,3550308,True,,34098,,,-23.5480775,-46.649773624999995,,,,2,2023-06-19T16:11:06+00:00
SAO_702U-10,São Paulo,3550308,True,,34098,,,-23.542904999999998,-46.627052,,,,2,2023-06-19T16:11:17+00:00
SAO_702U-10,São Paulo,3550308,True,,34098,,,-23.552259499999998,-46.731811,,,,2,2023-06-19T16:11:31+00:00
SAO_702U-10,São Paulo,3550308,True,,34098,,,-23.552259499999998,-46.731811,,,,2,2023-06-19T16:11:17+00:00
SAO_702U-10,São Paulo,3550308,True,,34098,,,-23.571717875,-46.706899500000006,,,,2,2023-06-19T16:11:05+00:00
SAO_702U-10,São Paulo,3550308,True,,34098,,,-23.567388,-46.737015125,,,,2,2023-06-19T16:11:14+00:00
SAO_546J-31,São Paulo,3550308,True,,2015,,,-23.654280999999997,-46.70443349999999,,,,1,2023-06-19T16:11:18+00:00
SAO_546J-31,São Paulo,3550308,True,,2015,,,-23.663733,-46.68109375,,,,1,2023-06-19T16:11:44+00:00
SAO_546J-31,São Paulo,3550308,True,,2015,,,-23.691750499999998,-46.660529499999996,,,,1,2023-06-19T16:11:37+00:00
SAO_546J-31,São Paulo,3550308,True,,2015,,,-23.687824,-46.658593499999995,,,,1,2023-06-19T16:11:36+00:00
SAO_546J-31,São Paulo,3550308,True,,2015,,,-23.65617125,-46.700585375,,,,1,2023-06-19T16:09:24+00:00
SAO_139A-10,São Paulo,3550308,True,,2451,,,-23.502357,-46.7065545,,,,1,2023-06-19T16:11:32+00:00
SAO_139A-10,São Paulo,3550308,True,,2451,,,-23.485549,-46.710922499999995,,,,1,2023-06-19T16:11:11+00:00
SAO_3725-41,São Paulo,3550308,True,,1531,,,-23.5325795,-46.531303,,,,1,2023-06-19T16:11:39+00:00
SAO_3725-41,São Paulo,3550308,True,,1531,,,-23.5384635,-46.53702525,,,,1,2023-06-19T16:11:11+00:00
SAO_8019-10,São Paulo,3550308,True,,2071,,,-23.573647,-46.725670750000006,,,,1,2023-06-19T16:11:15+00:00
SAO_8019-10,São Paulo,3550308,True,,2071,,,-23.547961,-46.754318,,,,1,2023-06-19T16:11:42+00:00
SAO_6008-10,São Paulo,3550308,True,,1200,,,-23.65517725,-46.7067835,,,,1,2023-06-19T16:11:35+00:00
SAO_6008-10,São Paulo,3550308,True,,1200,,,-23.6878135,-46.7634895,,,,1,2023-06-19T16:11:00+00:00
SAO_6008-10,São Paulo,3550308,True,,1200,,,-23.6853845,-46.764876,,,,1,2023-06-19T16:11:11+00:00
SAO_6008-10,São Paulo,3550308,True,,1200,,,-23.675763500000002,-46.73432,,,,1,2023-06-19T16:11:11+00:00
SAO_2756-10,São Paulo,3550308,True,,33006,,,-23.526062000000003,-46.4181495,,,,2,2023-06-19T16:11:36+00:00
SAO_2756-10,São Paulo,3550308,True,,33006,,,-23.5444265,-46.390927,,,,2,2023-06-19T16:11:13+00:00
SAO_2756-10,São Paulo,3550308,True,,33006,,,-23.5297945,-46.500789,,,,2,2023-06-19T16:10:18+00:00
SAO_2756-10,São Paulo,3550308,True,,33006,,,-23.544105000000002,-46.39120475,,,,2,2023-06-19T16:11:14+00:00
SAO_8078-10,São Paulo,3550308,True,,34848,,,-23.625424,-46.748162,,,,2,2023-06-19T16:11:38+00:00
SAO_8078-10,São Paulo,3550308,True,,34848,,,-23.62489575,-46.763278125,,,,2,2023-06-19T16:11:21+00:00
SAO_8078-10,São Paulo,3550308,True,,34848,,,-23.645162,-46.763911,,,,2,2023-06-19T16:11:19+00:00
SAO_8078-10,São Paulo,3550308,True,,34848,,,-23.6254505,-46.7479555,,,,2,2023-06-19T16:11:45+00:00
SAO_2583-10,São Paulo,3550308,True,EMTU,375,https://moovitapp.com/index/pt-br/transporte_p%C3%BAblico-line-375-Sao_Paulo-242-2038937-36419449-0,11.7,-23.507994,-46.49281825,,,,1,2023-06-19T16:11:32+00:00
SAO_2583-10,São Paulo,3550308,True,EMTU,375,https://moovitapp.com/index/pt-br/transporte_p%C3%BAblico-line-375-Sao_Paulo-242-2038937-36419449-0,11.7,-23.529283,-46.5540615,,,,1,2023-06-19T16:11:40+00:00
SAO_2583-10,São Paulo,3550308,True,EMTU,375,https://moovitapp.com/index/pt-br/transporte_p%C3%BAblico-line-375-Sao_Paulo-242-2038937-36419449-0,11.7,-23.499191,-46.422853,,,,1,2023-06-19T16:11:29+00:00
SAO_6083-10,São Paulo,3550308,True,,1733,,,-23.7431225,-46.6917315,,,,1,2023-06-19T16:11:36+00:00
SAO_6083-10,São Paulo,3550308,True,,1733,,,-23.753087999999998,-46.6704845,,,,1,2023-06-19T16:11:06+00:00
SAO_6083-10,São Paulo,3550308,True,,1733,,,-23.753087999999998,-46.6704845,,,,1,2023-06-19T16:11:19+00:00
SAO_6083-10,São Paulo,3550308,True,,1733,,,-23.736309,-46.6964555,,,,1,2023-06-19T16:11:16+00:00
SAO_3414-10,São Paulo,3550308,True,,746,,,-23.536091499999998,-46.5543125,,,,1,2023-06-19T16:11:27+00:00
SAO_3414-10,São Paulo,3550308,True,,746,,,-23.552734,-46.6150765,,,,1,2023-06-19T16:11:34+00:00
SAO_209P-1,São Paulo,3550308,True,,2301,,,-23.4828115,-46.67817675,,,,1,2023-06-19T16:11:16+00:00
SAO_209P-1,São Paulo,3550308,True,,2301,,,-23.540346875,-46.6756915,,,,1,2023-06-19T16:11:07+00:00
SAO_209P-1,São Paulo,3550308,True,,2301,,,-23.47180475,-46.67047275,,,,1,2023-06-19T16:11:07+00:00
SAO_809R-10,São Paulo,3550308,True,,34835,,,-23.574617,-46.730098,,,,2,2023-06-19T16:11:21+00:00
SAO_809R-10,São Paulo,3550308,True,,34835,,,-23.581757500000002,-46.7601035,,,,2,2023-06-19T16:11:39+00:00
SAO_809R-10,São Paulo,3550308,True,,34835,,,-23.581757500000002,-46.7601035,,,,2,2023-06-19T16:11:18+00:00
SAO_476G-10,São Paulo,3550308,True,,1111,,,-23.581295,-46.585907500000005,,,,1,2023-06-19T16:10:52+00:00
SAO_476G-10,São Paulo,3550308,True,,1111,,,-23.592525000000002,-46.646953999999994,,,,1,2023-06-19T16:11:20+00:00
SAO_476G-10,São Paulo,3550308,True,,1111,,,-23.5973605,-46.564651375,,,,1,2023-06-19T16:11:03+00:00
SAO_5701-10,São Paulo,3550308,True,,33904,,,-23.63124475,-46.67473737500001,,,,2,2023-06-19T16:10:58+00:00
SAO_5701-10,São Paulo,3550308,True,,33904,,,-23.620570375,-46.69200550000001,,,,2,2023-06-19T16:10:59+00:00
SAO_5701-10,São Paulo,3550308,True,,33904,,,-23.6354945,-46.641478500000005,,,,2,2023-06-19T16:11:42+00:00
SAO_5701-10,São Paulo,3550308,True,,33904,,,-23.6534685,-46.65665025,,,,2,2023-06-19T16:11:39+00:00
SAO_5701-10,São Paulo,3550308,True,,33904,,,-23.6488865,-46.646154499999994,,,,2,2023-06-19T16:11:15+00:00
SAO_5701-10,São Paulo,3550308,True,,33904,,,-23.635368,-46.641498,,,,2,2023-06-19T16:11:10+00:00
SAO_5701-10,São Paulo,3550308,True,,33904,,,-23.644039,-46.665144999999995,,,,2,2023-06-19T16:11:39+00:00
SAO_5033-10,São Paulo,3550308,True,,1665,,,-23.62729675,-46.6137995,,,,1,2023-06-19T16:11:30+00:00
SAO_3024-10,São Paulo,3550308,True,,33045,,,-23.609657499999997,-46.52914749999999,,,,2,2023-06-19T16:11:21+00:00
SAO_3024-10,São Paulo,3550308,True,,33045,,,-23.609136999999997,-46.528772000000004,,,,2,2023-06-19T16:11:25+00:00
SAO_3024-10,São Paulo,3550308,True,,33045,,,-23.609526,-46.529048,,,,2,2023-06-19T16:11:22+00:00
SAO_3024-10,São Paulo,3550308,True,,33045,,,-23.5871845,-46.5572815,,,,2,2023-06-19T16:11:07+00:00
SAO_4028-10,São Paulo,3550308,True,,1098,,,-23.641898,-46.438882500000005,,,,1,2023-06-19T16:11:05+00:00
SAO_4028-10,São Paulo,3550308,True,,1098,,,-23.60457275,-46.48084675,,,,1,2023-06-19T16:11:17+00:00
SAO_4028-10,São Paulo,3550308,True,,1098,,,-23.593153,-46.489784,,,,1,2023-06-19T16:11:02+00:00
SAO_4028-10,São Paulo,3550308,True,,1098,,,-23.631082,-46.447438500000004,,,,1,2023-06-19T16:11:26+00:00
SAO_9051-10,São Paulo,3550308,True,,34857,,,-23.5568135,-46.69848175,,,,2,2023-06-19T16:11:20+00:00
SAO_9051-10,São Paulo,3550308,True,,34857,,,-23.5216915,-46.7010605,,,,2,2023-06-19T16:11:25+00:00
SAO_9051-10,São Paulo,3550308,True,,34857,,,-23.5216755,-46.701507,,,,2,2023-06-19T16:11:37+00:00
SAO_2725-10,São Paulo,3550308,True,,33707,,,-23.519291000000003,-46.470652,,,,2,2023-06-19T16:11:36+00:00
SAO_2725-10,São Paulo,3550308,True,,33707,,,-23.539938499999998,-46.482815,,,,2,2023-06-19T16:11:14+00:00
SAO_5108-10,São Paulo,3550308,True,,1675,,,-23.662163624999998,-46.618522125,,,,1,2023-06-19T16:11:27+00:00
SAO_5108-10,São Paulo,3550308,True,,1675,,,-23.631611,-46.6172765,,,,1,2023-06-19T16:11:36+00:00
SAO_5108-10,São Paulo,3550308,True,,1675,,,-23.598285,-46.613306,,,,1,2023-06-19T16:11:25+00:00
SAO_5108-10,São Paulo,3550308,True,,1675,,,-23.563880625,-46.618727,,,,1,2023-06-19T16:11:27+00:00
SAO_5108-10,São Paulo,3550308,True,,1675,,,-23.662623125000003,-46.619043625,,,,1,2023-06-19T16:11:37+00:00
SAO_5108-10,São Paulo,3550308,True,,1675,,,-23.557492250000003,-46.63297925,,,,1,2023-06-19T16:11:06+00:00
SAO_5108-10,São Paulo,3550308,True,,1675,,,-23.65796,-46.616584,,,,1,2023-06-19T16:10:54+00:00
SAO_3787-10,São Paulo,3550308,True,,1612,,,-23.542499499999998,-46.4704655,,,,1,2023-06-19T16:11:41+00:00
SAO_3787-10,São Paulo,3550308,True,,1612,,,-23.555333875000002,-46.45325075,,,,1,2023-06-19T16:11:26+00:00
SAO_3787-10,São Paulo,3550308,True,,1612,,,-23.5629695,-46.44609975,,,,1,2023-06-19T16:11:24+00:00
SAO_3787-10,São Paulo,3550308,True,,1612,,,-23.6027795,-46.398026,,,,1,2023-06-19T16:11:35+00:00
SAO_3787-10,São Paulo,3550308,True,,1612,,,-23.56392425,-46.4461915,,,,1,2023-06-19T16:11:27+00:00
SAO_3787-10,São Paulo,3550308,True,,1612,,,-23.5946925,-46.441441999999995,,,,1,2023-06-19T16:11:44+00:00
SAO_3787-10,São Paulo,3550308,True,,1612,,,-23.6007655,-46.399709,,,,1,2023-06-19T16:11:32+00:00
SAO_3787-10,São Paulo,3550308,True,,1612,,,-23.542482,-46.470364,,,,1,2023-06-19T16:11:35+00:00
SAO_3787-10,São Paulo,3550308,True,,1612,,,-23.58725125,-46.40921925,,,,1,2023-06-19T16:11:09+00:00
SAO_1771-10,São Paulo,3550308,True,,33402,,,-23.4308,-46.5751545,,,,2,2023-06-19T16:11:10+00:00
SAO_1771-10,São Paulo,3550308,True,,33402,,,-23.4308155,-46.574727499999995,,,,2,2023-06-19T16:11:18+00:00
SAO_1771-10,São Paulo,3550308,True,,33402,,,-23.4660595,-46.59673050000001,,,,2,2023-06-19T16:11:36+00:00
SAO_1771-10,São Paulo,3550308,True,,33402,,,-23.468333,-46.5938795,,,,2,2023-06-19T16:11:31+00:00
SAO_1771-10,São Paulo,3550308,True,,33402,,,-23.485959,-46.616648749999996,,,,2,2023-06-19T16:11:31+00:00
SAO_714C-10,São Paulo,3550308,True,,487,,,-23.55769325,-46.677726125,,,,1,2023-06-19T16:11:13+00:00
SAO_714C-10,São Paulo,3550308,True,,487,,,-23.5747525,-46.716355500000006,,,,1,2023-06-19T16:11:41+00:00
SAO_714C-10,São Paulo,3550308,True,,487,,,-23.5968475,-46.7902015,,,,1,2023-06-19T16:11:34+00:00
SAO_7050-10,São Paulo,3550308,True,,1884,,,-23.66724675,-46.784361,,,,1,2023-06-19T16:11:33+00:00
SAO_7050-10,São Paulo,3550308,True,,1884,,,-23.631579000000002,-46.772447,,,,1,2023-06-19T16:06:09+00:00
SAO_211L-10,São Paulo,3550308,True,,2265,,,-23.516189,-46.69868099999999,,,,1,2023-06-19T16:11:39+00:00
SAO_211L-10,São Paulo,3550308,True,,2265,,,-23.4697545,-46.66023,,,,1,2023-06-19T16:11:22+00:00
SAO_211L-10,São Paulo,3550308,True,,2265,,,-23.5199865,-46.701155,,,,1,2023-06-19T16:10:58+00:00
SAO_546J-31,São Paulo,3550308,True,,34783,,,-23.68778,-46.65928825,,,,2,2023-06-19T16:11:39+00:00
SAO_546J-31,São Paulo,3550308,True,,34783,,,-23.687589250000002,-46.6589635,,,,2,2023-06-19T16:11:06+00:00
SAO_546J-31,São Paulo,3550308,True,,34783,,,-23.692901,-46.660759999999996,,,,2,2023-06-19T16:11:21+00:00
SAO_546J-31,São Paulo,3550308,True,,34783,,,-23.688448,-46.6592945,,,,2,2023-06-19T16:10:59+00:00
SAO_8007-10,São Paulo,3550308,True,,34025,,,-23.475496999999997,-46.7565585,,,,2,2023-06-19T16:11:11+00:00
SAO_8007-10,São Paulo,3550308,True,,34025,,,-23.4737025,-46.755571,,,,2,2023-06-19T16:07:40+00:00
SAO_8007-10,São Paulo,3550308,True,,34025,,,-23.486878500000003,-46.7265645,,,,2,2023-06-19T16:06:33+00:00
SAO_4085-10,São Paulo,3550308,True,,34924,,,-23.542698,-46.471688,,,,2,2023-06-19T16:11:07+00:00
SAO_4085-10,São Paulo,3550308,True,,34924,,,-23.557647499999998,-46.44378975,,,,2,2023-06-19T16:11:33+00:00
SAO_4085-10,São Paulo,3550308,True,,34924,,,-23.5712155,-46.4279425,,,,2,2023-06-19T16:07:18+00:00
SAO_8009-10,São Paulo,3550308,True,,34027,,,-23.4861075,-46.726333499999996,,,,2,2023-06-19T16:11:27+00:00
SAO_8600-10,São Paulo,3550308,True,,1432,,,-23.486732,-46.726426000000004,,,,1,2023-06-19T16:11:16+00:00
SAO_8600-10,São Paulo,3550308,True,,1432,,,-23.4888475,-46.710963,,,,1,2023-06-19T16:11:33+00:00
SAO_8600-10,São Paulo,3550308,True,,1432,,,-23.5426495,-46.637809000000004,,,,1,2023-06-19T16:11:43+00:00
SAO_8600-10,São Paulo,3550308,True,,1432,,,-23.522263875,-46.6624225,,,,1,2023-06-19T16:11:11+00:00
SAO_8600-10,São Paulo,3550308,True,,1432,,,-23.515402,-46.69489875000001,,,,1,2023-06-19T16:11:31+00:00
SAO_4724-10,São Paulo,3550308,True,,2060,,,-23.54126,-46.495264,,,,1,2023-06-19T16:11:11+00:00
SAO_4724-10,São Paulo,3550308,True,,2060,,,-23.5312595,-46.502293,,,,1,2023-06-19T16:11:30+00:00
SAO_2724-10,São Paulo,3550308,True,,938,,,-23.530833875,-46.473745125,,,,1,2023-06-19T16:11:23+00:00
SAO_2724-10,São Paulo,3550308,True,,938,,,-23.5396445,-46.483602,,,,1,2023-06-19T16:11:20+00:00
SAO_407A-10,São Paulo,3550308,True,,2194,,,-23.583973,-46.5293725,,,,1,2023-06-19T16:11:32+00:00
SAO_407A-10,São Paulo,3550308,True,,2194,,,-23.56473575,-46.506249,,,,1,2023-06-19T16:11:34+00:00
SAO_407A-10,São Paulo,3550308,True,,2194,,,-23.542392999999997,-46.616875500000006,,,,1,2023-06-19T16:11:11+00:00
SAO_407A-10,São Paulo,3550308,True,,2194,,,-23.562353,-46.557218,,,,1,2023-06-19T16:11:02+00:00
SAO_407A-10,São Paulo,3550308,True,,2194,,,-23.545283749999996,-46.590345625,,,,1,2023-06-19T16:09:20+00:00
SAO_2780-10,São Paulo,3550308,True,,33167,,,-23.5025185,-46.380162999999996,,,,2,2023-06-19T16:11:26+00:00
SAO_2780-10,São Paulo,3550308,True,,33167,,,-23.4959585,-46.402874499999996,,,,2,2023-06-19T16:11:43+00:00
SAO_2780-10,São Paulo,3550308,True,,33167,,,-23.531547124999996,-46.453197,,,,2,2023-06-19T16:11:44+00:00
SAO_2780-10,São Paulo,3550308,True,,33167,,,-23.5083085,-46.372563,,,,2,2023-06-19T16:11:10+00:00
SAO_2780-10,São Paulo,3550308,True,,33167,,,-23.517191500000003,-46.438682,,,,2,2023-06-19T16:11:28+00:00
SAO_938P-10,São Paulo,3550308,True,,33656,,,-23.515411,-46.69036,,,,2,2023-06-19T16:11:27+00:00
SAO_938P-10,São Paulo,3550308,True,,33656,,,-23.488802,-46.688143499999995,,,,2,2023-06-19T16:11:33+00:00
SAO_938P-10,São Paulo,3550308,True,,33656,,,-23.485274750000002,-46.687469,,,,2,2023-06-19T16:11:43+00:00
SAO_938P-10,São Paulo,3550308,True,,33656,,,-23.52722,-46.6812985,,,,2,2023-06-19T16:11:27+00:00
SAO_938P-10,São Paulo,3550308,True,,33656,,,-23.462844,-46.6814335,,,,2,2023-06-19T16:10:57+00:00
SAO_938P-10,São Paulo,3550308,True,,33656,,,-23.463069,-46.6814145,,,,2,2023-06-19T16:10:58+00:00
SAO_938P-10,São Paulo,3550308,True,,33656,,,-23.463069,-46.6814145,,,,2,2023-06-19T16:11:15+00:00
SAO_938P-10,São Paulo,3550308,True,,33656,,,-23.515411,-46.69036,,,,2,2023-06-19T16:11:26+00:00
SAO_5752-10,São Paulo,3550308,True,,34055,,,-23.6908875,-46.650045000000006,,,,2,2023-06-19T16:11:18+00:00
SAO_5752-10,São Paulo,3550308,True,,34055,,,-23.690883999999997,-46.6502995,,,,2,2023-06-19T16:11:33+00:00
SAO_5752-10,São Paulo,3550308,True,,34055,,,-23.6908875,-46.650045000000006,,,,2,2023-06-19T16:11:16+00:00
SAO_5752-10,São Paulo,3550308,True,,34055,,,-23.652272500000002,-46.6483815,,,,2,2023-06-19T16:10:48+00:00
SAO_5752-10,São Paulo,3550308,True,,34055,,,-23.69066175,-46.648652999999996,,,,2,2023-06-19T16:11:19+00:00
SAO_5752-10,São Paulo,3550308,True,,34055,,,-23.6908875,-46.650045000000006,,,,2,2023-06-19T16:11:33+00:00
SAO_5752-10,São Paulo,3550308,True,,34055,,,-23.690854,-46.649566,,,,2,2023-06-19T16:11:12+00:00
SAO_5752-10,São Paulo,3550308,True,,34055,,,-23.6402625,-46.643463249999996,,,,2,2023-06-19T16:10:02+00:00
SAO_5752-10,São Paulo,3550308,True,,34055,,,-23.643296499999998,-46.644746999999995,,,,2,2023-06-19T16:11:39+00:00
SAO_5752-10,São Paulo,3550308,True,,34055,,,-23.67531375,-46.661088500000005,,,,2,2023-06-19T16:11:33+00:00
SAO_5752-10,São Paulo,3550308,True,,34055,,,-23.663428500000002,-46.665867500000004,,,,2,2023-06-19T16:11:37+00:00
SAO_875A-10,São Paulo,3550308,True,,609,,,-23.616361,-46.638671125,,,,1,2023-06-19T16:11:06+00:00
SAO_875A-10,São Paulo,3550308,True,,609,,,-23.62369875,-46.6615745,,,,1,2023-06-19T16:11:23+00:00
SAO_875A-10,São Paulo,3550308,True,,609,,,-23.543380875,-46.64656975,,,,1,2023-06-19T16:11:19+00:00
SAO_875A-10,São Paulo,3550308,True,,609,,,-23.5318675,-46.660607,,,,1,2023-06-19T16:11:38+00:00
SAO_875A-10,São Paulo,3550308,True,,609,,,-23.588496499999998,-46.634487,,,,1,2023-06-19T16:11:00+00:00
SAO_875A-10,São Paulo,3550308,True,,609,,,-23.536384,-46.680613,,,,1,2023-06-19T16:11:33+00:00
SAO_4015-10,São Paulo,3550308,True,,2188,,,-23.633635249999998,-46.469699,,,,1,2023-06-19T16:11:41+00:00
SAO_4015-10,São Paulo,3550308,True,,2188,,,-23.613538,-46.476616,,,,1,2023-06-19T16:11:19+00:00
SAO_4015-10,São Paulo,3550308,True,,2188,,,-23.613228499999998,-46.476530999999994,,,,1,2023-06-19T16:11:13+00:00
SAO_4015-10,São Paulo,3550308,True,,2188,,,-23.613977,-46.476685,,,,1,2023-06-19T16:11:42+00:00
SAO_6823-10,São Paulo,3550308,True,,34,,,-23.660079500000002,-46.766993,,,,1,2023-06-19T16:11:33+00:00
SAO_5759-10,São Paulo,3550308,True,,33906,,,-23.6948495,-46.64830975,,,,2,2023-06-19T16:11:07+00:00
SAO_5759-10,São Paulo,3550308,True,,33906,,,-23.6947445,-46.64808025,,,,2,2023-06-19T16:11:16+00:00
SAO_5759-10,São Paulo,3550308,True,,33906,,,-23.67531375,-46.661088500000005,,,,2,2023-06-19T16:11:26+00:00
SAO_5759-10,São Paulo,3550308,True,,33906,,,-23.644954750000004,-46.644973,,,,2,2023-06-19T16:07:44+00:00
SAO_5759-10,São Paulo,3550308,True,,33906,,,-23.6947445,-46.64808025,,,,2,2023-06-19T16:11:14+00:00
SAO_909T-10,São Paulo,3550308,True,,2256,,,-23.546077500000003,-46.631047,,,,1,2023-06-19T16:11:28+00:00
SAO_909T-10,São Paulo,3550308,True,,2256,,,-23.55725925,-46.67700225,,,,1,2023-06-19T16:11:13+00:00
SAO_2715-10,São Paulo,3550308,True,,928,,,-23.5175005,-46.5002485,,,,1,2023-06-19T16:11:15+00:00
SAO_2715-10,São Paulo,3550308,True,,928,,,-23.526423,-46.502335,,,,1,2023-06-19T16:11:14+00:00
SAO_2715-10,São Paulo,3550308,True,,928,,,-23.497675,-46.503617000000006,,,,1,2023-06-19T16:05:51+00:00
SAO_9018-10,São Paulo,3550308,True,,34039,,,-23.4778385,-46.71893625,,,,2,2023-06-19T16:11:28+00:00
SAO_9018-10,São Paulo,3550308,True,,34039,,,-23.470406500000003,-46.721548999999996,,,,2,2023-06-19T16:11:40+00:00
SAO_9018-10,São Paulo,3550308,True,,34039,,,-23.470133500000003,-46.7216755,,,,2,2023-06-19T16:11:03+00:00
SAO_8500-10,São Paulo,3550308,True,,34035,,,-23.486277,-46.726815875,,,,2,2023-06-19T16:11:15+00:00
SAO_8500-10,São Paulo,3550308,True,,34035,,,-23.486457,-46.7270195,,,,2,2023-06-19T16:07:50+00:00
SAO_8500-10,São Paulo,3550308,True,,34035,,,-23.516328625,-46.685307625,,,,2,2023-06-19T16:11:22+00:00
SAO_519M-10,São Paulo,3550308,True,,2211,,,-23.585771,-46.584298000000004,,,,1,2023-06-19T16:11:18+00:00
SAO_519M-10,São Paulo,3550308,True,,2211,,,-23.6044155,-46.510264500000005,,,,1,2023-06-19T16:09:17+00:00
SAO_6063-42,São Paulo,3550308,True,,2002,,,-23.796416,-46.680129,,,,1,2023-06-19T16:11:25+00:00
SAO_1785-10,São Paulo,3550308,True,,1816,,,-23.48079525,-46.627617,,,,1,2023-06-19T16:11:26+00:00
SAO_6055-10,São Paulo,3550308,True,,1146,,,-23.75413,-46.708843,,,,1,2023-06-19T16:11:32+00:00
SAO_6055-10,São Paulo,3550308,True,,1146,,,-23.71159725,-46.699049,,,,1,2023-06-19T16:11:30+00:00
SAO_6055-10,São Paulo,3550308,True,,1146,,,-23.75413,-46.708843,,,,1,2023-06-19T16:11:39+00:00
SAO_6055-10,São Paulo,3550308,True,,1146,,,-23.75413,-46.708843,,,,1,2023-06-19T16:11:39+00:00
SAO_938P-10,São Paulo,3550308,True,,888,,,-23.523728625000004,-46.703523875,,,,1,2023-06-19T16:11:28+00:00
SAO_938P-10,São Paulo,3550308,True,,888,,,-23.496482,-46.693464,,,,1,2023-06-19T16:11:07+00:00
SAO_938P-10,São Paulo,3550308,True,,888,,,-23.529897625,-46.682154624999995,,,,1,2023-06-19T16:11:27+00:00
SAO_938P-10,São Paulo,3550308,True,,888,,,-23.478443,-46.685433,,,,1,2023-06-19T16:11:05+00:00
SAO_938P-10,São Paulo,3550308,True,,888,,,-23.526288,-46.667267499999994,,,,1,2023-06-19T16:11:35+00:00
SAO_4491-10,São Paulo,3550308,True,,33095,,,-23.5469145,-46.6299365,,,,2,2023-06-19T16:11:29+00:00
SAO_4491-10,São Paulo,3550308,True,,33095,,,-23.58861825,-46.620108625,,,,2,2023-06-19T16:11:41+00:00
SAO_4491-10,São Paulo,3550308,True,,33095,,,-23.656758,-46.616541999999995,,,,2,2023-06-19T16:11:09+00:00
SAO_6960-10,São Paulo,3550308,True,,34211,,,-23.766346,-46.716555,,,,2,2023-06-19T16:11:44+00:00
SAO_6960-10,São Paulo,3550308,True,,34211,,,-23.6613095,-46.707041,,,,2,2023-06-19T16:11:43+00:00
SAO_6960-10,São Paulo,3550308,True,,34211,,,-23.765661,-46.7178655,,,,2,2023-06-19T16:11:29+00:00
SAO_6960-10,São Paulo,3550308,True,,34211,,,-23.7444815,-46.707066499999996,,,,2,2023-06-19T16:11:24+00:00
SAO_6960-10,São Paulo,3550308,True,,34211,,,-23.6958525,-46.7150295,,,,2,2023-06-19T16:11:32+00:00
SAO_6960-10,São Paulo,3550308,True,,34211,,,-23.7168715,-46.70501025,,,,2,2023-06-19T16:11:31+00:00
SAO_2756-10,São Paulo,3550308,True,EMTU,238,https://moovitapp.com/index/pt-br/transporte_p%C3%BAblico-line-238-Sao_Paulo-242-2038937-36419351-0,4.85,-23.5153105,-46.46291,,,,1,2023-06-19T16:11:23+00:00
SAO_2756-10,São Paulo,3550308,True,EMTU,238,https://moovitapp.com/index/pt-br/transporte_p%C3%BAblico-line-238-Sao_Paulo-242-2038937-36419351-0,4.85,-23.5367405,-46.404292999999996,,,,1,2023-06-19T16:08:00+00:00
SAO_2756-10,São Paulo,3550308,True,EMTU,238,https://moovitapp.com/index/pt-br/transporte_p%C3%BAblico-line-238-Sao_Paulo-242-2038937-36419351-0,4.85,-23.529382,-46.50029325,,,,1,2023-06-19T16:11:04+00:00
SAO_2709-10,São Paulo,3550308,True,,922,,,-23.529814000000002,-46.5011675,,,,1,2023-06-19T16:10:12+00:00
SAO_2709-10,São Paulo,3550308,True,,922,,,-23.525914,-46.481428,,,,1,2023-06-19T16:11:33+00:00
SAO_407J-10,São Paulo,3550308,True,,2198,,,-23.541215,-46.5774215,,,,1,2023-06-19T16:11:26+00:00
SAO_407J-10,São Paulo,3550308,True,,2198,,,-23.553662,-46.403915,,,,1,2023-06-19T16:11:27+00:00
SAO_407J-10,São Paulo,3550308,True,,2198,,,-23.542759,-46.424683,,,,1,2023-06-19T16:10:56+00:00
SAO_407J-10,São Paulo,3550308,True,,2198,,,-23.541215,-46.5774215,,,,1,2023-06-19T16:11:36+00:00
SAO_407J-10,São Paulo,3550308,True,,2198,,,-23.535528,-46.4545035,,,,1,2023-06-19T16:11:39+00:00
SAO_407J-10,São Paulo,3550308,True,,2198,,,-23.5485635,-46.537566999999996,,,,1,2023-06-19T16:11:03+00:00
SAO_407J-10,São Paulo,3550308,True,,2198,,,-23.536393875,-46.427758125,,,,1,2023-06-19T16:09:04+00:00
SAO_407J-10,São Paulo,3550308,True,,2198,,,-23.5755835,-46.504388750000004,,,,1,2023-06-19T16:11:09+00:00
SAO_407J-10,São Paulo,3550308,True,,2198,,,-23.558166999999997,-46.474722,,,,1,2023-06-19T16:11:21+00:00
SAO_407J-10,São Paulo,3550308,True,,2198,,,-23.5529575,-46.3999125,,,,1,2023-06-19T16:11:40+00:00
SAO_407J-10,São Paulo,3550308,True,,2198,,,-23.54093,-46.5763015,,,,1,2023-06-19T16:11:34+00:00
SAO_3098-10,São Paulo,3550308,True,,1078,,,-23.630370499999998,-46.4537725,,,,1,2023-06-19T16:11:10+00:00
SAO_3098-10,São Paulo,3550308,True,,1078,,,-23.632133500000002,-46.4563395,,,,1,2023-06-19T16:11:31+00:00
SAO_3098-10,São Paulo,3550308,True,,1078,,,-23.621339,-46.4660905,,,,1,2023-06-19T16:11:16+00:00
SAO_3098-10,São Paulo,3550308,True,,1078,,,-23.6338035,-46.4619715,,,,1,2023-06-19T16:11:06+00:00
SAO_3098-10,São Paulo,3550308,True,,1078,,,-23.5728465,-46.503921500000004,,,,1,2023-06-19T16:11:15+00:00
SAO_3098-10,São Paulo,3550308,True,,1078,,,-23.60928525,-46.477388000000005,,,,1,2023-06-19T16:11:22+00:00
SAO_3098-10,São Paulo,3550308,True,,1078,,,-23.586036,-46.4912865,,,,1,2023-06-19T16:11:04+00:00
SAO_3098-10,São Paulo,3550308,True,,1078,,,-23.5645445,-46.508259,,,,1,2023-06-19T16:11:41+00:00
SAO_3001-10,São Paulo,3550308,True,,34418,,,-23.495135,-46.4351205,,,,2,2023-06-19T16:11:25+00:00
SAO_3001-10,São Paulo,3550308,True,,34418,,,-23.51342975,-46.376079499999996,,,,2,2023-06-19T16:11:23+00:00
SAO_3001-10,São Paulo,3550308,True,,34418,,,-23.513059249999998,-46.3758725,,,,2,2023-06-19T16:11:27+00:00
SAO_2363-10,São Paulo,3550308,True,,135,,,-23.506037499999998,-46.5233215,,,,1,2023-06-19T16:09:37+00:00
SAO_2363-10,São Paulo,3550308,True,,135,,,-23.54620025,-46.63007,,,,1,2023-06-19T16:11:28+00:00
SAO_2363-10,São Paulo,3550308,True,,135,,,-23.54376275,-46.62067975,,,,1,2023-06-19T16:11:15+00:00
SAO_2363-10,São Paulo,3550308,True,,135,,,-23.518918499999998,-46.546471,,,,1,2023-06-19T16:11:20+00:00
SAO_2363-10,São Paulo,3550308,True,,135,,,-23.537631,-46.596464125000004,,,,1,2023-06-19T16:11:10+00:00
SAO_5759-10,São Paulo,3550308,True,,1138,,,-23.6472665,-46.6452565,,,,1,2023-06-19T16:10:47+00:00
SAO_5759-10,São Paulo,3550308,True,,1138,,,-23.635160499999998,-46.640997,,,,1,2023-06-19T16:11:35+00:00
SAO_5759-10,São Paulo,3550308,True,,1138,,,-23.683476,-46.64286425,,,,1,2023-06-19T16:10:08+00:00
SAO_5759-10,São Paulo,3550308,True,,1138,,,-23.67482,-46.661744,,,,1,2023-06-19T16:11:05+00:00
SAO_2722-31,São Paulo,3550308,True,,936,,,-23.519973,-46.514076,,,,1,2023-06-19T16:11:19+00:00
SAO_2722-31,São Paulo,3550308,True,,936,,,-23.528614,-46.5162345,,,,1,2023-06-19T16:11:24+00:00
SAO_2722-31,São Paulo,3550308,True,,936,,,-23.503469250000002,-46.493901,,,,1,2023-06-19T16:11:00+00:00
SAO_4112-10,São Paulo,3550308,True,,33535,,,-23.54337975,-46.643962,,,,2,2023-06-19T16:11:15+00:00
SAO_4112-10,São Paulo,3550308,True,,33535,,,-23.580921500000002,-46.6260625,,,,2,2023-06-19T16:11:25+00:00
SAO_4112-10,São Paulo,3550308,True,,33535,,,-23.550228,-46.6422055,,,,2,2023-06-19T16:11:39+00:00
SAO_4112-10,São Paulo,3550308,True,,33535,,,-23.56838125,-46.627801749999996,,,,2,2023-06-19T16:11:37+00:00
SAO_4112-10,São Paulo,3550308,True,,33535,,,-23.5805325,-46.625972000000004,,,,2,2023-06-19T16:11:12+00:00
SAO_748A-41,São Paulo,3550308,True,EMTU,499,https://moovitapp.com/index/pt-br/transporte_p%C3%BAblico-line-499-Sao_Paulo-242-2038937-36419524-0,5.4,-23.55872625,-46.74703925,,,,1,2023-06-19T16:11:21+00:00
SAO_6250-10,São Paulo,3550308,True,,33236,,,-23.5715295,-46.665482,,,,2,2023-06-19T16:11:42+00:00
SAO_6250-10,São Paulo,3550308,True,,33236,,,-23.595283000000002,-46.751401,,,,2,2023-06-19T16:11:41+00:00
SAO_6250-10,São Paulo,3550308,True,,33236,,,-23.597096,-46.7681435,,,,2,2023-06-19T16:11:07+00:00
SAO_3051-10,São Paulo,3550308,True,,2446,,,-23.497642,-46.476656500000004,,,,1,2023-06-19T16:11:15+00:00
SAO_3051-10,São Paulo,3550308,True,,2446,,,-23.518321,-46.475637,,,,1,2023-06-19T16:11:24+00:00
SAO_8060-10,São Paulo,3550308,True,EMTU,418,https://moovitapp.com/index/pt-br/transporte_p%C3%BAblico-line-418-Sao_Paulo-242-2038937-36419475-0,6.55,-23.519534,-46.700813499999995,,,,1,2023-06-19T16:11:14+00:00
SAO_8019-31,São Paulo,3550308,True,,2574,,,-23.591378499999998,-46.7356265,,,,1,2023-06-19T16:11:43+00:00
SAO_2029-10,São Paulo,3550308,True,,35038,,,-23.4807045,-46.60357325,,,,2,2023-06-19T16:09:06+00:00
SAO_2029-10,São Paulo,3550308,True,,35038,,,-23.430906,-46.574909,,,,2,2023-06-19T16:11:23+00:00
SAO_2029-10,São Paulo,3550308,True,,35038,,,-23.438108,-46.5866935,,,,2,2023-06-19T16:11:21+00:00
SAO_6801-51,São Paulo,3550308,True,,34542,,,-23.666329,-46.73653,,,,2,2023-06-19T16:11:02+00:00
SAO_6250-10,São Paulo,3550308,True,EMTU,468,https://moovitapp.com/index/pt-br/transporte_p%C3%BAblico-line-468-Sao_Paulo-242-2038937-36419506-0,6.65,-23.56507625,-46.6900405,,,,1,2023-06-19T16:11:30+00:00
SAO_7282-10,São Paulo,3550308,True,,33239,,,-23.53387925,-46.71299449999999,,,,2,2023-06-19T16:11:18+00:00
SAO_7282-10,São Paulo,3550308,True,,33239,,,-23.5470875,-46.7607205,,,,2,2023-06-19T16:11:38+00:00
SAO_7282-10,São Paulo,3550308,True,,33239,,,-23.554561375,-46.661684,,,,2,2023-06-19T16:11:30+00:00
SAO_6063-41,São Paulo,3550308,True,,1773,,,-23.7882205,-46.685370500000005,,,,1,2023-06-19T16:11:16+00:00
SAO_6063-41,São Paulo,3550308,True,,1773,,,-23.767299,-46.716265,,,,1,2023-06-19T16:11:01+00:00
SAO_3027-10,São Paulo,3550308,True,,963,,,-23.5566265,-46.444678999999994,,,,1,2023-06-19T16:11:12+00:00
SAO_3027-10,São Paulo,3550308,True,,963,,,-23.5441425,-46.433171,,,,1,2023-06-19T16:11:11+00:00
SAO_3027-10,São Paulo,3550308,True,,963,,,-23.54247075,-46.41617375,,,,1,2023-06-19T16:11:19+00:00
SAO_3027-10,São Paulo,3550308,True,,963,,,-23.564021500000003,-46.5052175,,,,1,2023-06-19T16:11:31+00:00
SAO_3027-10,São Paulo,3550308,True,,963,,,-23.5431935,-46.4152505,,,,1,2023-06-19T16:11:13+00:00
SAO_3027-10,São Paulo,3550308,True,,963,,,-23.580129,-46.4872175,,,,1,2023-06-19T16:11:15+00:00
SAO_3027-10,São Paulo,3550308,True,,963,,,-23.5431935,-46.4152505,,,,1,2023-06-19T16:11:39+00:00
SAO_3027-10,São Paulo,3550308,True,,963,,,-23.5431935,-46.4152505,,,,1,2023-06-19T16:11:33+00:00
SAO_1773-10,São Paulo,3550308,True,,33405,,,-23.480963,-46.611488,,,,2,2023-06-19T16:09:08+00:00
SAO_1773-10,São Paulo,3550308,True,,33405,,,-23.481292,-46.628104,,,,2,2023-06-19T16:11:05+00:00
SAO_1773-10,São Paulo,3550308,True,,33405,,,-23.438654999999997,-46.581126499999996,,,,2,2023-06-19T16:11:37+00:00
SAO_1773-10,São Paulo,3550308,True,,33405,,,-23.4760265,-46.611853499999995,,,,2,2023-06-19T16:10:49+00:00
SAO_6816-31,São Paulo,3550308,True,,1748,,,-23.654065,-46.762067,,,,1,2023-06-19T16:11:21+00:00
SAO_3010-10,São Paulo,3550308,True,,2543,,,-23.515299,-46.460875,,,,1,2023-06-19T16:10:37+00:00
SAO_609J-10,São Paulo,3550308,True,,2242,,,-23.615503,-46.65987225,,,,1,2023-06-19T16:11:34+00:00
SAO_6056-10,São Paulo,3550308,True,,1147,,,-23.742911499999998,-46.701817000000005,,,,1,2023-06-19T16:11:07+00:00
SAO_6056-10,São Paulo,3550308,True,,1147,,,-23.742661499999997,-46.706476,,,,1,2023-06-19T16:11:29+00:00
SAO_6056-10,São Paulo,3550308,True,,1147,,,-23.762780499999998,-46.7033795,,,,1,2023-06-19T16:11:45+00:00
SAO_4019-10,São Paulo,3550308,True,,2524,,,-23.549093499999998,-46.4740715,,,,1,2023-06-19T16:11:42+00:00
SAO_1786-10,São Paulo,3550308,True,,33417,,,-23.45368525,-46.607387,,,,2,2023-06-19T16:11:00+00:00
SAO_1786-10,São Paulo,3550308,True,,33417,,,-23.4696205,-46.616898,,,,2,2023-06-19T16:10:21+00:00
SAO_1786-10,São Paulo,3550308,True,,33417,,,-23.48190825,-46.622035499999996,,,,2,2023-06-19T16:11:02+00:00
SAO_3009-10,São Paulo,3550308,True,,35294,,,-23.517886249999997,-46.399435999999994,,,,2,2023-06-19T16:11:25+00:00
SAO_2032-10,São Paulo,3550308,True,,35034,,,-23.50625275,-46.6232095,,,,2,2023-06-19T16:08:38+00:00
SAO_2032-10,São Paulo,3550308,True,,35034,,,-23.4843605,-46.573622,,,,2,2023-06-19T16:11:26+00:00
SAO_2032-10,São Paulo,3550308,True,,35034,,,-23.4804795,-46.581470499999995,,,,2,2023-06-19T16:11:38+00:00
SAO_6L11-10,São Paulo,3550308,True,,33935,,,-23.762444000000002,-46.655004000000005,,,,2,2023-06-19T16:11:17+00:00
SAO_6L11-10,São Paulo,3550308,True,,33935,,,-23.735712499999998,-46.69611125,,,,2,2023-06-19T16:11:31+00:00
SAO_6L11-10,São Paulo,3550308,True,,33935,,,-23.8015465,-46.6276715,,,,2,2023-06-19T16:11:37+00:00
SAO_1177-10,São Paulo,3550308,True,,32897,,,-23.5361185,-46.632417000000004,,,,2,2023-06-19T16:11:02+00:00
SAO_1177-10,São Paulo,3550308,True,,32897,,,-23.5173865,-46.47583825,,,,2,2023-06-19T16:11:11+00:00
SAO_1177-10,São Paulo,3550308,True,,32897,,,-23.517151499999997,-46.47592275,,,,2,2023-06-19T16:11:37+00:00
SAO_1177-10,São Paulo,3550308,True,,32897,,,-23.510859500000002,-46.508542750000004,,,,2,2023-06-19T16:11:03+00:00
SAO_1177-10,São Paulo,3550308,True,,32897,,,-23.5227295,-46.6302785,,,,2,2023-06-19T16:10:59+00:00
SAO_1177-10,São Paulo,3550308,True,,32897,,,-23.518022000000002,-46.475695,,,,2,2023-06-19T16:11:12+00:00
SAO_1177-10,São Paulo,3550308,True,,32897,,,-23.52324325,-46.54482,,,,2,2023-06-19T16:10:43+00:00
SAO_1785-10,São Paulo,3550308,True,,34584,,,-23.4781285,-46.6229335,,,,2,2023-06-19T16:11:11+00:00
SAO_1785-10,São Paulo,3550308,True,,34584,,,-23.4781935,-46.622949500000004,,,,2,2023-06-19T16:11:20+00:00
SAO_1785-10,São Paulo,3550308,True,,34584,,,-23.478112,-46.626866,,,,2,2023-06-19T16:11:26+00:00
SAO_6817-10,São Paulo,3550308,True,,32795,,,-23.654274,-46.7625595,,,,2,2023-06-19T16:11:45+00:00
SAO_2012-10,São Paulo,3550308,True,,35049,,,-23.489519,-46.58121775,,,,2,2023-06-19T16:11:18+00:00
SAO_2012-10,São Paulo,3550308,True,,35049,,,-23.489123499999998,-46.581668500000006,,,,2,2023-06-19T16:11:21+00:00
SAO_2012-10,São Paulo,3550308,True,,35049,,,-23.514277749999998,-46.60772875,,,,2,2023-06-19T16:11:07+00:00
SAO_2717-10,São Paulo,3550308,True,,33698,,,-23.528868,-46.5167825,,,,2,2023-06-19T16:11:43+00:00
SAO_2717-10,São Paulo,3550308,True,,33698,,,-23.52311625,-46.52112375,,,,2,2023-06-19T16:11:39+00:00
SAO_2717-10,São Paulo,3550308,True,,33698,,,-23.4990325,-46.506511,,,,2,2023-06-19T16:08:56+00:00
SAO_2717-10,São Paulo,3550308,True,,33698,,,-23.529042,-46.5171655,,,,2,2023-06-19T16:10:35+00:00
SAO_4314-10,São Paulo,3550308,True,,2174,,,-23.548496,-46.432247,,,,1,2023-06-19T16:11:37+00:00
SAO_4314-10,São Paulo,3550308,True,,2174,,,-23.546727,-46.629723999999996,,,,1,2023-06-19T16:11:33+00:00
SAO_4314-10,São Paulo,3550308,True,,2174,,,-23.5563915,-46.4500565,,,,1,2023-06-19T16:11:00+00:00
SAO_4314-10,São Paulo,3550308,True,,2174,,,-23.546646,-46.6264115,,,,1,2023-06-19T16:11:05+00:00
SAO_4314-10,São Paulo,3550308,True,,2174,,,-23.5567835,-46.476363500000005,,,,1,2023-06-19T16:11:22+00:00
SAO_4314-10,São Paulo,3550308,True,,2174,,,-23.572236500000002,-46.399409500000004,,,,1,2023-06-19T16:11:38+00:00
SAO_908T-10,São Paulo,3550308,True,,2116,,,-23.586658,-46.691479,,,,1,2023-06-19T16:11:02+00:00
SAO_908T-10,São Paulo,3550308,True,,2116,,,-23.555131875,-46.65703212499999,,,,1,2023-06-19T16:11:20+00:00
SAO_908T-10,São Paulo,3550308,True,,2116,,,-23.544731,-46.633899,,,,1,2023-06-19T16:09:26+00:00
SAO_174M-10,São Paulo,3550308,True,,673,,,-23.481915,-46.60225375,,,,1,2023-06-19T16:11:26+00:00
SAO_174M-10,São Paulo,3550308,True,,673,,,-23.579950750000002,-46.60480425,,,,1,2023-06-19T16:11:11+00:00
SAO_174M-10,São Paulo,3550308,True,,673,,,-23.563886500000002,-46.612007,,,,1,2023-06-19T16:11:28+00:00
SAO_174M-10,São Paulo,3550308,True,,673,,,-23.52432825,-46.625517,,,,1,2023-06-19T16:11:34+00:00
SAO_174M-10,São Paulo,3550308,True,,673,,,-23.53860075,-46.619069749999994,,,,1,2023-06-19T16:11:34+00:00
SAO_6049-10,São Paulo,3550308,True,,34077,,,-23.649793,-46.708727499999995,,,,2,2023-06-19T16:11:40+00:00
SAO_6049-10,São Paulo,3550308,True,,34077,,,-23.663413,-46.781583999999995,,,,2,2023-06-19T16:11:14+00:00
SAO_6049-10,São Paulo,3550308,True,,34077,,,-23.6557545,-46.74125225,,,,2,2023-06-19T16:11:33+00:00
SAO_6049-10,São Paulo,3550308,True,,34077,,,-23.6943805,-46.793962,,,,2,2023-06-19T16:11:31+00:00
SAO_6049-10,São Paulo,3550308,True,,34077,,,-23.6945445,-46.794182,,,,2,2023-06-19T16:11:05+00:00
SAO_6012-31,São Paulo,3550308,True,,34544,,,-23.6865115,-46.787185,,,,2,2023-06-19T16:11:08+00:00
SAO_6012-31,São Paulo,3550308,True,,34544,,,-23.6922445,-46.7772405,,,,2,2023-06-19T16:11:12+00:00
SAO_775V-10,São Paulo,3550308,True,,475,,,-23.576147000000002,-46.76415575,,,,1,2023-06-19T16:11:09+00:00
SAO_775V-10,São Paulo,3550308,True,,475,,,-23.5765195,-46.765648,,,,1,2023-06-19T16:11:19+00:00
SAO_8023-10,São Paulo,3550308,True,,34842,,,-23.590418624999998,-46.802857625,,,,2,2023-06-19T16:11:24+00:00
SAO_8023-10,São Paulo,3550308,True,,34842,,,-23.590517875,-46.802538874999996,,,,2,2023-06-19T16:11:02+00:00
SAO_8023-10,São Paulo,3550308,True,,34842,,,-23.592324625,-46.735727000000004,,,,2,2023-06-19T16:11:20+00:00
SAO_6050-10,São Paulo,3550308,True,,33993,,,-23.753734,-46.680966,,,,2,2023-06-19T16:11:25+00:00
SAO_546J-10,São Paulo,3550308,True,,33901,,,-23.687413749999997,-46.6586645,,,,2,2023-06-19T16:11:37+00:00
SAO_546J-10,São Paulo,3550308,True,,33901,,,-23.687413749999997,-46.6586645,,,,2,2023-06-19T16:11:09+00:00
SAO_546J-10,São Paulo,3550308,True,,33901,,,-23.6728775,-46.677516499999996,,,,2,2023-06-19T16:11:06+00:00
SAO_6062-10,São Paulo,3550308,True,,33919,,,-23.742703,-46.683705,,,,2,2023-06-19T16:11:38+00:00
SAO_6062-10,São Paulo,3550308,True,,33919,,,-23.7378585,-46.697523000000004,,,,2,2023-06-19T16:11:11+00:00
SAO_938L-10,São Paulo,3550308,True,,1368,,,-23.483652,-46.679422,,,,1,2023-06-19T16:11:30+00:00
SAO_938L-10,São Paulo,3550308,True,,1368,,,-23.5127155,-46.7027195,,,,1,2023-06-19T16:11:40+00:00
SAO_938L-10,São Paulo,3550308,True,,1368,,,-23.5024575,-46.68765775,,,,1,2023-06-19T16:11:10+00:00
SAO_938L-10,São Paulo,3550308,True,,1368,,,-23.475696,-46.670624000000004,,,,1,2023-06-19T16:11:41+00:00
SAO_938L-10,São Paulo,3550308,True,,1368,,,-23.517514,-46.703650375,,,,1,2023-06-19T16:11:18+00:00
SAO_7725-10,São Paulo,3550308,True,EMTU,472,https://moovitapp.com/index/pt-br/transporte_p%C3%BAblico-line-472-Sao_Paulo-242-2038937-36419508-0,35.0,-23.564418125000003,-46.714505375,,,,1,2023-06-19T16:11:23+00:00
SAO_3725-41,São Paulo,3550308,True,,34299,,,-23.532833500000002,-46.530833,,,,2,2023-06-19T16:11:19+00:00
SAO_3725-41,São Paulo,3550308,True,,34299,,,-23.532943000000003,-46.53074,,,,2,2023-06-19T16:11:19+00:00
SAO_8012-10,São Paulo,3550308,True,,2023,,,-23.564622,-46.713383,,,,1,2023-06-19T16:11:14+00:00
SAO_8012-10,São Paulo,3550308,True,,2023,,,-23.5683355,-46.7398505,,,,1,2023-06-19T16:11:20+00:00
SAO_8012-10,São Paulo,3550308,True,,2023,,,-23.55804625,-46.73607187500001,,,,1,2023-06-19T16:11:29+00:00
SAO_8012-10,São Paulo,3550308,True,,2023,,,-23.563051,-46.721123500000004,,,,1,2023-06-19T16:11:17+00:00
SAO_5026-10,São Paulo,3550308,True,,34403,,,-23.62136075,-46.505398,,,,2,2023-06-19T16:10:56+00:00
SAO_6057-10,São Paulo,3550308,True,,33916,,,-23.766046,-46.708518,,,,2,2023-06-19T16:11:04+00:00
SAO_6057-10,São Paulo,3550308,True,,33916,,,-23.7574525,-46.709226,,,,2,2023-06-19T16:11:29+00:00
SAO_6057-10,São Paulo,3550308,True,,33916,,,-23.76557225,-46.70793162499999,,,,2,2023-06-19T16:11:16+00:00
SAO_6057-10,São Paulo,3550308,True,,33916,,,-23.766202,-46.7087025,,,,2,2023-06-19T16:11:28+00:00
SAO_6057-10,São Paulo,3550308,True,,33916,,,-23.766202,-46.7087025,,,,2,2023-06-19T16:11:21+00:00
SAO_6057-10,São Paulo,3550308,True,,33916,,,-23.737271,-46.697250999999994,,,,2,2023-06-19T16:11:40+00:00
SAO_403A-10,São Paulo,3550308,True,,2192,,,-23.551885,-46.445453,,,,1,2023-06-19T16:11:07+00:00
SAO_403A-10,São Paulo,3550308,True,,2192,,,-23.553721875,-46.4901355,,,,1,2023-06-19T16:11:07+00:00
SAO_403A-10,São Paulo,3550308,True,,2192,,,-23.5398865,-46.431905,,,,1,2023-06-19T16:11:38+00:00
SAO_403A-10,São Paulo,3550308,True,,2192,,,-23.5398865,-46.431905,,,,1,2023-06-19T16:11:42+00:00
SAO_403A-10,São Paulo,3550308,True,,2192,,,-23.543877000000002,-46.5178695,,,,1,2023-06-19T16:11:17+00:00
SAO_403A-10,São Paulo,3550308,True,,2192,,,-23.5196595,-46.546581,,,,1,2023-06-19T16:11:01+00:00
SAO_1721-10,São Paulo,3550308,True,,33434,,,-23.48941525,-46.571597749999995,,,,2,2023-06-19T16:11:25+00:00
SAO_1721-10,São Paulo,3550308,True,,33434,,,-23.4897535,-46.570575500000004,,,,2,2023-06-19T16:11:05+00:00
SAO_1721-10,São Paulo,3550308,True,,33434,,,-23.4897535,-46.570575500000004,,,,2,2023-06-19T16:11:07+00:00
SAO_1721-10,São Paulo,3550308,True,,33434,,,-23.50421,-46.6131585,,,,2,2023-06-19T16:11:19+00:00
SAO_1721-10,São Paulo,3550308,True,,33434,,,-23.50683575,-46.598910000000004,,,,2,2023-06-19T16:09:53+00:00
SAO_1721-10,São Paulo,3550308,True,,33434,,,-23.490752,-46.58609774999999,,,,2,2023-06-19T16:09:55+00:00
SAO_1721-10,São Paulo,3550308,True,,33434,,,-23.48941525,-46.571597749999995,,,,2,2023-06-19T16:11:22+00:00
SAO_6001-10,São Paulo,3550308,True,,32820,,,-23.654501,-46.76131049999999,,,,2,2023-06-19T16:11:33+00:00
SAO_6001-10,São Paulo,3550308,True,,32820,,,-23.647415,-46.7474595,,,,2,2023-06-19T16:11:41+00:00
SAO_6001-10,São Paulo,3550308,True,,32820,,,-23.654028500000003,-46.712055,,,,2,2023-06-19T16:11:32+00:00
SAO_6001-10,São Paulo,3550308,True,,32820,,,-23.6546575,-46.761719,,,,2,2023-06-19T16:11:20+00:00
SAO_6825-10,São Paulo,3550308,True,,32782,,,-23.685625,-46.80100575,,,,2,2023-06-19T16:11:21+00:00
SAO_6825-10,São Paulo,3550308,True,,32782,,,-23.663413,-46.781583999999995,,,,2,2023-06-19T16:11:28+00:00
SAO_6825-10,São Paulo,3550308,True,,32782,,,-23.653994500000003,-46.762168,,,,2,2023-06-19T16:11:21+00:00
SAO_3006-10,São Paulo,3550308,True,,34633,,,-23.547792,-46.390069,,,,2,2023-06-19T16:11:12+00:00
SAO_3006-10,São Paulo,3550308,True,,34633,,,-23.548008000000003,-46.390071,,,,2,2023-06-19T16:11:28+00:00
SAO_3006-10,São Paulo,3550308,True,,34633,,,-23.5476935,-46.390091,,,,2,2023-06-19T16:09:53+00:00
SAO_2735-21,São Paulo,3550308,True,,33282,,,-23.533645,-46.545297,,,,2,2023-06-19T16:11:32+00:00
SAO_2735-21,São Paulo,3550308,True,,33282,,,-23.4988668125,-46.528776937500005,,,,2,2023-06-19T16:11:38+00:00
SAO_3743-10,São Paulo,3550308,True,,1043,,,-23.571548999999997,-46.4712295,,,,1,2023-06-19T16:11:02+00:00
SAO_3743-10,São Paulo,3550308,True,,1043,,,-23.5424255,-46.470012,,,,1,2023-06-19T16:11:29+00:00
SAO_3743-10,São Paulo,3550308,True,,1043,,,-23.6112775,-46.475717,,,,1,2023-06-19T16:11:23+00:00
SAO_8300-1,São Paulo,3550308,True,,2507,,,-23.487215,-46.726875,,,,1,2023-06-19T16:11:11+00:00
SAO_8300-1,São Paulo,3550308,True,,2507,,,-23.4824445,-46.7176465,,,,1,2023-06-19T16:11:18+00:00
SAO_407M-10,São Paulo,3550308,True,,318,,,-23.584533999999998,-46.619056,,,,1,2023-06-19T16:11:22+00:00
SAO_1034-10,São Paulo,3550308,True,,2452,,,-23.471893,-46.708855,,,,1,2023-06-19T16:11:11+00:00
SAO_1034-10,São Paulo,3550308,True,,2452,,,-23.4826755,-46.7083085,,,,1,2023-06-19T16:11:19+00:00
SAO_4003-10,São Paulo,3550308,True,,34927,,,-23.574084,-46.39846300000001,,,,2,2023-06-19T16:11:34+00:00
SAO_4003-10,São Paulo,3550308,True,,34927,,,-23.574084,-46.39846300000001,,,,2,2023-06-19T16:11:18+00:00
SAO_4003-10,São Paulo,3550308,True,,34927,,,-23.5482145,-46.426324,,,,2,2023-06-19T16:07:08+00:00
SAO_4003-10,São Paulo,3550308,True,,34927,,,-23.574084,-46.39846300000001,,,,2,2023-06-19T16:11:42+00:00
SAO_4003-10,São Paulo,3550308,True,,34927,,,-23.5351835,-46.454012000000006,,,,2,2023-06-19T16:11:42+00:00
SAO_6L05-10,São Paulo,3550308,True,,1173,,,-23.828234000000002,-46.7270185,,,,1,2023-06-19T16:11:34+00:00
SAO_6L05-10,São Paulo,3550308,True,,1173,,,-23.828203,-46.726499000000004,,,,1,2023-06-19T16:11:27+00:00
SAO_702U-10,São Paulo,3550308,True,,1330,,,-23.56342325,-46.716548125,,,,1,2023-06-19T16:11:25+00:00
SAO_702U-10,São Paulo,3550308,True,,1330,,,-23.550001,-46.630988,,,,1,2023-06-19T16:11:02+00:00
SAO_702U-10,São Paulo,3550308,True,,1330,,,-23.57180625,-46.697193,,,,1,2023-06-19T16:11:38+00:00
SAO_702U-10,São Paulo,3550308,True,,1330,,,-23.54854425,-46.650698625000004,,,,1,2023-06-19T16:11:37+00:00
SAO_9188-10,São Paulo,3550308,True,,33577,,,-23.466096999999998,-46.7225435,,,,2,2023-06-19T16:11:22+00:00
SAO_9188-10,São Paulo,3550308,True,,33577,,,-23.488457,-46.7128595,,,,2,2023-06-19T16:11:42+00:00
SAO_9188-10,São Paulo,3550308,True,,33577,,,-23.453963,-46.7313625,,,,2,2023-06-19T16:11:09+00:00
SAO_5028-10,São Paulo,3550308,True,,34402,,,-23.6108005,-46.580852500000006,,,,2,2023-06-19T16:11:27+00:00
SAO_5028-10,São Paulo,3550308,True,,34402,,,-23.608837625,-46.590776874999996,,,,2,2023-06-19T16:10:54+00:00
SAO_2005-10,São Paulo,3550308,True,,33661,,,-23.494115999999998,-46.420691375000004,,,,2,2023-06-19T16:11:35+00:00
SAO_2005-10,São Paulo,3550308,True,,33661,,,-23.4937995,-46.404846500000005,,,,2,2023-06-19T16:11:40+00:00
SAO_2005-10,São Paulo,3550308,True,,33661,,,-23.495069,-46.4366045,,,,2,2023-06-19T16:11:24+00:00
SAO_6053-10,São Paulo,3550308,True,,33913,,,-23.764218874999997,-46.67674699999999,,,,2,2023-06-19T16:11:37+00:00
SAO_6053-10,São Paulo,3550308,True,,33913,,,-23.736994000000003,-46.69702,,,,2,2023-06-19T16:11:33+00:00
SAO_6053-10,São Paulo,3550308,True,,33913,,,-23.768271,-46.6614515,,,,2,2023-06-19T16:11:29+00:00
SAO_6053-10,São Paulo,3550308,True,,33913,,,-23.753134,-46.684884,,,,2,2023-06-19T16:11:45+00:00
SAO_8200-10,São Paulo,3550308,True,,1263,,,-23.488538,-46.7199535,,,,1,2023-06-19T16:11:17+00:00
SAO_8200-10,São Paulo,3550308,True,,1263,,,-23.5195885,-46.700672,,,,1,2023-06-19T16:11:30+00:00
SAO_8020-10,São Paulo,3550308,True,,34494,,,-23.584768500000003,-46.739224,,,,2,2023-06-19T16:11:27+00:00
SAO_8020-10,São Paulo,3550308,True,,34494,,,-23.584768500000003,-46.739224,,,,2,2023-06-19T16:11:43+00:00
SAO_8020-10,São Paulo,3550308,True,,34494,,,-23.58638325,-46.7239225,,,,2,2023-06-19T16:11:45+00:00
SAO_9166-10,São Paulo,3550308,True,,33475,,,-23.461335,-46.6658715,,,,2,2023-06-19T16:11:34+00:00
SAO_9166-10,São Paulo,3550308,True,,33475,,,-23.46100075,-46.66574475,,,,2,2023-06-19T16:11:32+00:00
SAO_971T-10,São Paulo,3550308,True,,618,,,-23.4929135,-46.674135500000006,,,,1,2023-06-19T16:11:21+00:00
SAO_971T-10,São Paulo,3550308,True,,618,,,-23.501332,-46.624855,,,,1,2023-06-19T16:11:26+00:00
SAO_971T-10,São Paulo,3550308,True,,618,,,-23.488415500000002,-46.649182499999995,,,,1,2023-06-19T16:11:24+00:00
SAO_2104-10,São Paulo,3550308,True,,35023,,,-23.5028845,-46.6240365,,,,2,2023-06-19T16:11:21+00:00
SAO_2104-10,São Paulo,3550308,True,,35023,,,-23.53822275,-46.626630125,,,,2,2023-06-19T16:11:32+00:00
SAO_2104-10,São Paulo,3550308,True,,35023,,,-23.503036,-46.624043,,,,2,2023-06-19T16:11:05+00:00
SAO_2104-10,São Paulo,3550308,True,,35023,,,-23.5494315,-46.628676,,,,2,2023-06-19T16:11:29+00:00
SAO_2104-10,São Paulo,3550308,True,,35023,,,-23.503036,-46.624043,,,,2,2023-06-19T16:11:39+00:00
SAO_848L-10,São Paulo,3550308,True,EMTU,808,https://moovitapp.com/index/pt-br/transporte_p%C3%BAblico-line-808-Sao_Paulo-242-2038937-36419584-0,4.8,-23.437126499999998,-46.720963499999996,,,,1,2023-06-19T16:11:32+00:00
SAO_848L-10,São Paulo,3550308,True,EMTU,808,https://moovitapp.com/index/pt-br/transporte_p%C3%BAblico-line-808-Sao_Paulo-242-2038937-36419584-0,4.8,-23.457048999999998,-46.7202155,,,,1,2023-06-19T16:11:17+00:00
SAO_848L-10,São Paulo,3550308,True,EMTU,808,https://moovitapp.com/index/pt-br/transporte_p%C3%BAblico-line-808-Sao_Paulo-242-2038937-36419584-0,4.8,-23.405772499999998,-46.74968225,,,,1,2023-06-19T16:11:45+00:00
SAO_374M-10,São Paulo,3550308,True,,1965,,,-23.485848,-46.5027375,,,,1,2023-06-19T16:11:44+00:00
SAO_374M-10,São Paulo,3550308,True,,1965,,,-23.512137000000003,-46.502392,,,,1,2023-06-19T16:11:09+00:00
SAO_5614-10,São Paulo,3550308,True,,1515,,,-23.696703499999998,-46.635645999999994,,,,1,2023-06-19T16:11:19+00:00
SAO_5614-10,São Paulo,3550308,True,,1515,,,-23.5767895,-46.6435325,,,,1,2023-06-19T16:11:32+00:00
SAO_5614-10,São Paulo,3550308,True,,1515,,,-23.661811999999998,-46.67922275,,,,1,2023-06-19T16:11:19+00:00
SAO_7267-10,São Paulo,3550308,True,,34195,,,-23.549295,-46.65299950000001,,,,2,2023-06-19T16:11:40+00:00
SAO_6046-10,São Paulo,3550308,True,,33991,,,-23.64951,-46.7071935,,,,2,2023-06-19T16:11:17+00:00
SAO_6046-10,São Paulo,3550308,True,,33991,,,-23.642476000000002,-46.738743,,,,2,2023-06-19T16:11:21+00:00
SAO_6046-10,São Paulo,3550308,True,,33991,,,-23.684497999999998,-46.781904499999996,,,,2,2023-06-19T16:11:38+00:00
SAO_6046-10,São Paulo,3550308,True,,33991,,,-23.6843195,-46.781726500000005,,,,2,2023-06-19T16:11:14+00:00
SAO_6258-31,São Paulo,3550308,True,,1783,,,-23.6662715,-46.7331035,,,,1,2023-06-19T16:11:17+00:00
SAO_6258-31,São Paulo,3550308,True,,1783,,,-23.680091500000003,-46.7525975,,,,1,2023-06-19T16:11:19+00:00
SAO_6027-10,São Paulo,3550308,True,,90,,,-23.70703875,-46.700295749999995,,,,1,2023-06-19T16:11:43+00:00
SAO_6027-10,São Paulo,3550308,True,,90,,,-23.7218735,-46.69100025,,,,1,2023-06-19T16:11:33+00:00
SAO_6027-10,São Paulo,3550308,True,,90,,,-23.72415,-46.670852499999995,,,,1,2023-06-19T16:11:05+00:00
SAO_6027-10,São Paulo,3550308,True,,90,,,-23.664639375,-46.708090125,,,,1,2023-06-19T16:11:12+00:00
SAO_6027-10,São Paulo,3550308,True,,90,,,-23.6540655,-46.712306999999996,,,,1,2023-06-19T16:11:07+00:00
SAO_476A-10,São Paulo,3550308,True,,33072,,,-23.577792125000002,-46.601164,,,,2,2023-06-19T16:11:39+00:00
SAO_476A-10,São Paulo,3550308,True,,33072,,,-23.577154,-46.6010495,,,,2,2023-06-19T16:11:03+00:00
SAO_476A-10,São Paulo,3550308,True,,33072,,,-23.641209625000002,-46.697965375,,,,2,2023-06-19T16:10:04+00:00
SAO_476A-10,São Paulo,3550308,True,,33072,,,-23.615814999999998,-46.658623375,,,,2,2023-06-19T16:11:20+00:00
SAO_476A-10,São Paulo,3550308,True,,33072,,,-23.59724325,-46.6389665,,,,2,2023-06-19T16:11:16+00:00
SAO_476A-10,São Paulo,3550308,True,,33072,,,-23.60209725,-46.6083965,,,,2,2023-06-19T16:10:58+00:00
SAO_425E-10,São Paulo,3550308,True,,34404,,,-23.6139405,-46.501206499999995,,,,2,2023-06-19T16:11:33+00:00
SAO_425E-10,São Paulo,3550308,True,,34404,,,-23.612435,-46.4811885,,,,2,2023-06-19T16:11:06+00:00
SAO_2714-10,São Paulo,3550308,True,,927,,,-23.5164415,-46.531541000000004,,,,1,2023-06-19T16:11:05+00:00
SAO_2714-10,São Paulo,3550308,True,,927,,,-23.5313415,-46.529821,,,,1,2023-06-19T16:11:31+00:00
SAO_2714-10,São Paulo,3550308,True,,927,,,-23.5313415,-46.529821,,,,1,2023-06-19T16:11:08+00:00
SAO_2714-10,São Paulo,3550308,True,,927,,,-23.5313415,-46.529821,,,,1,2023-06-19T16:11:37+00:00
SAO_2080-10,São Paulo,3550308,True,,371,,,-23.5086175,-46.494797,,,,1,2023-06-19T16:10:11+00:00
SAO_2080-10,São Paulo,3550308,True,,371,,,-23.489597500000002,-46.377613,,,,1,2023-06-19T16:11:43+00:00
SAO_2080-10,São Paulo,3550308,True,,371,,,-23.507645,-46.366653,,,,1,2023-06-19T16:11:38+00:00
SAO_2080-10,São Paulo,3550308,True,,371,,,-23.49629925,-46.392557999999994,,,,1,2023-06-19T16:11:28+00:00
SAO_2080-10,São Paulo,3550308,True,,371,,,-23.49116,-46.445023500000005,,,,1,2023-06-19T16:11:10+00:00
SAO_8025-10,São Paulo,3550308,True,,2076,,,-23.593709,-46.763778,,,,1,2023-06-19T16:11:16+00:00
SAO_8025-10,São Paulo,3550308,True,,2076,,,-23.59181125,-46.73579,,,,1,2023-06-19T16:11:27+00:00
SAO_8025-10,São Paulo,3550308,True,,2076,,,-23.590548499999997,-46.737435500000004,,,,1,2023-06-19T16:11:06+00:00
SAO_3003-10,São Paulo,3550308,True,,1797,,,-23.481734,-46.408046,,,,1,2023-06-19T16:11:19+00:00
SAO_2704-10,São Paulo,3550308,True,,33684,,,-23.51842775,-46.4211935,,,,2,2023-06-19T16:11:00+00:00
SAO_2704-10,São Paulo,3550308,True,,33684,,,-23.516465,-46.435456,,,,2,2023-06-19T16:11:44+00:00
SAO_6418-10,São Paulo,3550308,True,,33539,,,-23.610416,-46.704665500000004,,,,2,2023-06-19T16:11:08+00:00
SAO_6418-10,São Paulo,3550308,True,,33539,,,-23.60411725,-46.689932125,,,,2,2023-06-19T16:11:12+00:00
SAO_6418-10,São Paulo,3550308,True,,33539,,,-23.61038,-46.705295500000005,,,,2,2023-06-19T16:11:12+00:00
SAO_6418-10,São Paulo,3550308,True,,33539,,,-23.6103905,-46.7051065,,,,2,2023-06-19T16:11:21+00:00
SAO_3686-10,São Paulo,3550308,True,EMTU,166,https://moovitapp.com/index/pt-br/transporte_p%C3%BAblico-line-166-Sao_Paulo-242-2038937-36419307-0,7.8,-23.5511505,-46.6085935,,,,1,2023-06-19T16:11:36+00:00
SAO_3686-10,São Paulo,3550308,True,EMTU,166,https://moovitapp.com/index/pt-br/transporte_p%C3%BAblico-line-166-Sao_Paulo-242-2038937-36419307-0,7.8,-23.53740525,-46.491471250000004,,,,1,2023-06-19T16:11:39+00:00
SAO_3686-10,São Paulo,3550308,True,EMTU,166,https://moovitapp.com/index/pt-br/transporte_p%C3%BAblico-line-166-Sao_Paulo-242-2038937-36419307-0,7.8,-23.559966,-46.404123,,,,1,2023-06-19T16:11:36+00:00
SAO_3686-10,São Paulo,3550308,True,EMTU,166,https://moovitapp.com/index/pt-br/transporte_p%C3%BAblico-line-166-Sao_Paulo-242-2038937-36419307-0,7.8,-23.5378805,-46.427104,,,,1,2023-06-19T16:11:35+00:00
SAO_938L-10,São Paulo,3550308,True,,34136,,,-23.4838375,-46.679122,,,,2,2023-06-19T16:11:15+00:00
SAO_938L-10,São Paulo,3550308,True,,34136,,,-23.475628999999998,-46.670974,,,,2,2023-06-19T16:11:26+00:00
SAO_938L-10,São Paulo,3550308,True,,34136,,,-23.515495,-46.6905195,,,,2,2023-06-19T16:11:26+00:00
SAO_938L-10,São Paulo,3550308,True,,34136,,,-23.517713999999998,-46.7031655,,,,2,2023-06-19T16:11:10+00:00
SAO_6063-10,São Paulo,3550308,True,,1152,,,-23.784859,-46.6834355,,,,1,2023-06-19T16:11:45+00:00
SAO_6063-10,São Paulo,3550308,True,,1152,,,-23.7766585,-46.69615725,,,,1,2023-06-19T16:11:42+00:00
SAO_6063-10,São Paulo,3550308,True,,1152,,,-23.774012,-46.705122,,,,1,2023-06-19T16:11:30+00:00
SAO_6063-10,São Paulo,3550308,True,,1152,,,-23.767428000000002,-46.7162825,,,,1,2023-06-19T16:11:07+00:00
SAO_6813-10,São Paulo,3550308,True,BR7 Mobilidade,33,https://moovitapp.com/index/pt-br/transporte_p%C3%BAblico-line-33-Sao_Paulo-242-851856-529134-0,5.75,-23.6541265,-46.7631545,,,,1,2023-06-19T16:11:25+00:00
SAO_7062-10,São Paulo,3550308,True,,1898,,,-23.64207,-46.76615675,,,,1,2023-06-19T16:11:44+00:00
SAO_1720-21,São Paulo,3550308,True,,34705,,,-23.480821499999998,-46.6035315,,,,2,2023-06-19T16:11:07+00:00
SAO_1720-21,São Paulo,3550308,True,,34705,,,-23.487230500000003,-46.574059500000004,,,,2,2023-06-19T16:11:16+00:00
SAO_1720-21,São Paulo,3550308,True,,34705,,,-23.487143500000002,-46.57385,,,,2,2023-06-19T16:11:30+00:00
SAO_1720-21,São Paulo,3550308,True,,34705,,,-23.480231,-46.5816005,,,,2,2023-06-19T16:11:26+00:00
SAO_1720-21,São Paulo,3550308,True,,34705,,,-23.4873335,-46.574318500000004,,,,2,2023-06-19T16:11:24+00:00
SAO_1760-10,São Paulo,3550308,True,EMTU,557,https://moovitapp.com/index/pt-br/transporte_p%C3%BAblico-line-557-Sao_Paulo-242-2038937-36419558-0,6.2,-23.477968500000003,-46.6506905,,,,1,2023-06-19T16:10:44+00:00
SAO_1760-10,São Paulo,3550308,True,EMTU,557,https://moovitapp.com/index/pt-br/transporte_p%C3%BAblico-line-557-Sao_Paulo-242-2038937-36419558-0,6.2,-23.456333,-46.659075,,,,1,2023-06-19T16:11:12+00:00
SAO_1760-10,São Paulo,3550308,True,EMTU,557,https://moovitapp.com/index/pt-br/transporte_p%C3%BAblico-line-557-Sao_Paulo-242-2038937-36419558-0,6.2,-23.51086725,-46.6201075,,,,1,2023-06-19T16:11:09+00:00
SAO_1760-10,São Paulo,3550308,True,EMTU,557,https://moovitapp.com/index/pt-br/transporte_p%C3%BAblico-line-557-Sao_Paulo-242-2038937-36419558-0,6.2,-23.456333,-46.659075,,,,1,2023-06-19T16:11:06+00:00
SAO_6115-41,São Paulo,3550308,True,,35009,,,-23.736617,-46.696708,,,,2,2023-06-19T16:11:03+00:00
SAO_7063-10,São Paulo,3550308,True,,34667,,,-23.647579,-46.7906895,,,,2,2023-06-19T16:11:25+00:00
SAO_7063-10,São Paulo,3550308,True,,34667,,,-23.641676,-46.780062,,,,2,2023-06-19T16:11:33+00:00
SAO_3064-41,São Paulo,3550308,True,,1933,,,-23.5830695,-46.408172,,,,1,2023-06-19T16:11:20+00:00
SAO_9012-10,São Paulo,3550308,True,,34036,,,-23.502515000000002,-46.686029000000005,,,,2,2023-06-19T16:11:21+00:00
SAO_4020-10,São Paulo,3550308,True,,2530,,,-23.535213,-46.4545445,,,,1,2023-06-19T16:11:43+00:00
SAO_4020-10,São Paulo,3550308,True,,2530,,,-23.5950195,-46.444970999999995,,,,1,2023-06-19T16:11:43+00:00
SAO_5021-10,São Paulo,3550308,True,,34435,,,-23.6302405,-46.62586,,,,2,2023-06-19T16:11:33+00:00
SAO_5021-10,São Paulo,3550308,True,,34435,,,-23.617160249999998,-46.617979500000004,,,,2,2023-06-19T16:11:22+00:00
SAO_5021-10,São Paulo,3550308,True,,34435,,,-23.6302405,-46.62586,,,,2,2023-06-19T16:11:41+00:00
SAO_4721-10,São Paulo,3550308,True,,33105,,,-23.621927499999998,-46.6287995,,,,2,2023-06-19T16:11:43+00:00
SAO_4721-10,São Paulo,3550308,True,,33105,,,-23.622149999999998,-46.6289735,,,,2,2023-06-19T16:11:34+00:00
SAO_4721-10,São Paulo,3550308,True,,33105,,,-23.643864,-46.6412275,,,,2,2023-06-19T16:11:30+00:00
SAO_1701-21,São Paulo,3550308,True,,35244,,,-23.4795575,-46.603173999999996,,,,2,2023-06-19T16:11:41+00:00
SAO_1701-21,São Paulo,3550308,True,,35244,,,-23.454998500000002,-46.5832915,,,,2,2023-06-19T16:10:38+00:00
SAO_7267-10,São Paulo,3550308,True,,1427,,,-23.536766,-46.6772695,,,,1,2023-06-19T16:11:42+00:00
SAO_7267-10,São Paulo,3550308,True,,1427,,,-23.542910625,-46.682714375,,,,1,2023-06-19T16:10:15+00:00
SAO_7267-10,São Paulo,3550308,True,,1427,,,-23.5478925,-46.6425115,,,,1,2023-06-19T16:10:34+00:00
SAO_7267-10,São Paulo,3550308,True,,1427,,,-23.536766,-46.6772695,,,,1,2023-06-19T16:11:16+00:00
SAO_7267-10,São Paulo,3550308,True,,1427,,,-23.536766,-46.6772695,,,,1,2023-06-19T16:11:32+00:00
SAO_1018-10,São Paulo,3550308,True,,832,,,-23.481448,-46.612571,,,,1,2023-06-19T16:09:19+00:00
SAO_1018-10,São Paulo,3550308,True,,832,,,-23.4614515,-46.628695500000006,,,,1,2023-06-19T16:11:00+00:00
SAO_574C-10,São Paulo,3550308,True,,1639,,,-23.612414,-46.481665,,,,1,2023-06-19T16:11:12+00:00
SAO_574C-10,São Paulo,3550308,True,,1639,,,-23.604181,-46.5679195,,,,1,2023-06-19T16:11:04+00:00
SAO_574C-10,São Paulo,3550308,True,,1639,,,-23.6018545,-46.57027,,,,1,2023-06-19T16:11:32+00:00
SAO_139A-10,São Paulo,3550308,True,,35219,,,-23.486026000000003,-46.710671500000004,,,,2,2023-06-19T16:11:11+00:00
SAO_139A-10,São Paulo,3550308,True,,35219,,,-23.500369499999998,-46.6974975,,,,2,2023-06-19T16:11:23+00:00
SAO_8686-10,São Paulo,3550308,True,EMTU,446,https://moovitapp.com/index/pt-br/transporte_p%C3%BAblico-line-446-Sao_Paulo-242-2038937-36419492-0,4.8,-23.4885235,-46.742399,,,,1,2023-06-19T16:11:42+00:00
SAO_8686-10,São Paulo,3550308,True,EMTU,446,https://moovitapp.com/index/pt-br/transporte_p%C3%BAblico-line-446-Sao_Paulo-242-2038937-36419492-0,4.8,-23.5439705,-46.6444105,,,,1,2023-06-19T16:11:10+00:00
SAO_8686-10,São Paulo,3550308,True,EMTU,446,https://moovitapp.com/index/pt-br/transporte_p%C3%BAblico-line-446-Sao_Paulo-242-2038937-36419492-0,4.8,-23.524589499999998,-46.71670949999999,,,,1,2023-06-19T16:11:00+00:00
SAO_888P-10,São Paulo,3550308,True,,33222,,,-23.408178,-46.7411865,,,,2,2023-06-19T16:11:25+00:00
SAO_888P-10,São Paulo,3550308,True,,33222,,,-23.442003,-46.708443,,,,2,2023-06-19T16:11:29+00:00
SAO_888P-10,São Paulo,3550308,True,,33222,,,-23.447325499999998,-46.73523,,,,2,2023-06-19T16:11:34+00:00
SAO_888P-10,São Paulo,3550308,True,,33222,,,-23.408456,-46.7408545,,,,2,2023-06-19T16:11:44+00:00
SAO_888P-10,São Paulo,3550308,True,,33222,,,-23.442003,-46.708443,,,,2,2023-06-19T16:11:04+00:00
SAO_9354-10,São Paulo,3550308,True,,33476,,,-23.51083475,-46.658698625,,,,2,2023-06-19T16:10:42+00:00
SAO_9354-10,São Paulo,3550308,True,,33476,,,-23.498929125,-46.65713699999999,,,,2,2023-06-19T16:11:33+00:00
SAO_9354-10,São Paulo,3550308,True,,33476,,,-23.5428145,-46.635748,,,,2,2023-06-19T16:11:32+00:00
SAO_9354-10,São Paulo,3550308,True,,33476,,,-23.4742495,-46.669781,,,,2,2023-06-19T16:11:33+00:00
SAO_9354-10,São Paulo,3550308,True,,33476,,,-23.4742495,-46.669781,,,,2,2023-06-19T16:11:24+00:00
SAO_2005-10,São Paulo,3550308,True,,893,,,-23.481623749999997,-46.37878275,,,,1,2023-06-19T16:11:37+00:00
SAO_2005-10,São Paulo,3550308,True,,893,,,-23.493618375000004,-46.40191125,,,,1,2023-06-19T16:11:09+00:00
SAO_2005-10,São Paulo,3550308,True,,893,,,-23.4815715,-46.378598499999995,,,,1,2023-06-19T16:11:01+00:00
SAO_3729-10,São Paulo,3550308,True,,1026,,,-23.566621499999997,-46.51023225,,,,1,2023-06-19T16:11:22+00:00
SAO_3729-10,São Paulo,3550308,True,,1026,,,-23.54170225,-46.56586475,,,,1,2023-06-19T16:11:26+00:00
SAO_3729-10,São Paulo,3550308,True,,1026,,,-23.564021500000003,-46.5052175,,,,1,2023-06-19T16:11:05+00:00
SAO_3729-10,São Paulo,3550308,True,,1026,,,-23.538457,-46.5637265,,,,1,2023-06-19T16:11:24+00:00
SAO_3729-10,São Paulo,3550308,True,,1026,,,-23.538655499999997,-46.564793,,,,1,2023-06-19T16:11:23+00:00
SAO_3729-10,São Paulo,3550308,True,,1026,,,-23.567186,-46.5403805,,,,1,2023-06-19T16:11:14+00:00
SAO_3729-10,São Paulo,3550308,True,,1026,,,-23.5592805,-46.5608535,,,,1,2023-06-19T16:11:18+00:00
SAO_3729-10,São Paulo,3550308,True,,1026,,,-23.583325,-46.531737,,,,1,2023-06-19T16:11:01+00:00
SAO_2712-10,São Paulo,3550308,True,,926,,,-23.540658999999998,-46.474222,,,,1,2023-06-19T16:11:30+00:00
SAO_2712-10,São Paulo,3550308,True,,926,,,-23.5249,-46.478448,,,,1,2023-06-19T16:11:33+00:00
SAO_2712-10,São Paulo,3550308,True,,926,,,-23.527357000000002,-46.479188,,,,1,2023-06-19T16:11:35+00:00
SAO_1730-10,São Paulo,3550308,True,,865,,,-23.503522625000002,-46.6246515,,,,1,2023-06-19T16:11:09+00:00
SAO_6806-10,São Paulo,3550308,True,,32800,,,-23.633952,-46.757903,,,,2,2023-06-19T16:11:31+00:00
SAO_6049-10,São Paulo,3550308,True,,1309,,,-23.694253,-46.793887,,,,1,2023-06-19T16:11:10+00:00
SAO_6049-10,São Paulo,3550308,True,,1309,,,-23.650330500000003,-46.708101,,,,1,2023-06-19T16:11:18+00:00
SAO_6049-10,São Paulo,3550308,True,,1309,,,-23.6542075,-46.7410045,,,,1,2023-06-19T16:11:19+00:00
SAO_6049-10,São Paulo,3550308,True,,1309,,,-23.677496499999997,-46.793732500000004,,,,1,2023-06-19T16:11:35+00:00
SAO_3031-10,São Paulo,3550308,True,,967,,,-23.607805,-46.448018000000005,,,,1,2023-06-19T16:11:24+00:00
SAO_3031-10,São Paulo,3550308,True,,967,,,-23.58417325,-46.44235325,,,,1,2023-06-19T16:11:44+00:00
SAO_3031-10,São Paulo,3550308,True,,967,,,-23.548706375,-46.46178975,,,,1,2023-06-19T16:11:40+00:00
SAO_3031-10,São Paulo,3550308,True,,967,,,-23.5423435,-46.4704945,,,,1,2023-06-19T16:11:32+00:00
SAO_6050-10,São Paulo,3550308,True,,1225,,,-23.7505945,-46.677605,,,,1,2023-06-19T16:11:37+00:00
SAO_6050-10,São Paulo,3550308,True,,1225,,,-23.74375,-46.691297,,,,1,2023-06-19T16:11:35+00:00
SAO_805L-10,São Paulo,3550308,True,,32892,,,-23.5341425,-46.6442885,,,,2,2023-06-19T16:11:36+00:00
SAO_805L-10,São Paulo,3550308,True,,32892,,,-23.56352975,-46.653893,,,,2,2023-06-19T16:11:35+00:00
SAO_805L-10,São Paulo,3550308,True,,32892,,,-23.577816499999997,-46.639716,,,,2,2023-06-19T16:11:36+00:00
SAO_805L-10,São Paulo,3550308,True,,32892,,,-23.5355075,-46.644417000000004,,,,2,2023-06-19T16:11:28+00:00
SAO_805L-10,São Paulo,3550308,True,,32892,,,-23.547759499999998,-46.658715125,,,,2,2023-06-19T16:11:37+00:00
SAO_805L-10,São Paulo,3550308,True,,32892,,,-23.5341425,-46.6442885,,,,2,2023-06-19T16:11:13+00:00
SAO_6821-10,São Paulo,3550308,True,,32789,,,-23.6649185,-46.770462,,,,2,2023-06-19T16:11:23+00:00
SAO_6821-10,São Paulo,3550308,True,,32789,,,-23.68647525,-46.78068725,,,,2,2023-06-19T16:11:45+00:00
SAO_6821-10,São Paulo,3550308,True,,32789,,,-23.67698175,-46.775927499999995,,,,2,2023-06-19T16:11:10+00:00
SAO_5036-10,São Paulo,3550308,True,,1666,,,-23.6571055,-46.613468999999995,,,,1,2023-06-19T16:11:03+00:00
SAO_7053-10,São Paulo,3550308,True,,1887,,,-23.6456645,-46.789207000000005,,,,1,2023-06-19T16:11:21+00:00
SAO_7053-10,São Paulo,3550308,True,,1887,,,-23.640363,-46.7808105,,,,1,2023-06-19T16:11:32+00:00
SAO_809H-10,São Paulo,3550308,True,,35013,,,-23.584795,-46.744600500000004,,,,2,2023-06-19T16:11:39+00:00
SAO_809H-10,São Paulo,3550308,True,,35013,,,-23.5385875,-46.727177499999996,,,,2,2023-06-19T16:11:22+00:00
SAO_809H-10,São Paulo,3550308,True,,35013,,,-23.5250945,-46.7134585,,,,2,2023-06-19T16:11:24+00:00
SAO_809H-10,São Paulo,3550308,True,,35013,,,-23.578993500000003,-46.74604050000001,,,,2,2023-06-19T16:11:18+00:00
SAO_809V-10,São Paulo,3550308,True,,35011,,,-23.571137125,-46.70870975,,,,2,2023-06-19T16:11:34+00:00
SAO_809V-10,São Paulo,3550308,True,,35011,,,-23.55769425,-46.6674515,,,,2,2023-06-19T16:11:43+00:00
SAO_809V-10,São Paulo,3550308,True,,35011,,,-23.5763875,-46.733256,,,,2,2023-06-19T16:11:40+00:00
SAO_2020-10,São Paulo,3550308,True,,35030,,,-23.458708,-46.6023755,,,,2,2023-06-19T16:10:42+00:00
SAO_2020-10,São Paulo,3550308,True,,35030,,,-23.459315500000002,-46.632987,,,,2,2023-06-19T16:11:23+00:00
SAO_2020-10,São Paulo,3550308,True,,35030,,,-23.4593665,-46.632753,,,,2,2023-06-19T16:07:32+00:00
SAO_8544-10,São Paulo,3550308,True,EMTU,430,https://moovitapp.com/index/pt-br/transporte_p%C3%BAblico-line-430-Sao_Paulo-242-2038937-36584270-0,5.2,-23.494314,-46.7092325,,,,1,2023-06-19T16:11:39+00:00
SAO_6073-10,São Paulo,3550308,True,,1160,,,-23.8266425,-46.7301285,,,,1,2023-06-19T16:11:15+00:00
SAO_6073-10,São Paulo,3550308,True,,1160,,,-23.767210499999997,-46.7163985,,,,1,2023-06-19T16:11:06+00:00
SAO_7059-10,São Paulo,3550308,True,,1924,,,-23.658379,-46.782346000000004,,,,1,2023-06-19T16:11:28+00:00
SAO_7059-10,São Paulo,3550308,True,,1924,,,-23.6388125,-46.7797675,,,,1,2023-06-19T16:11:26+00:00
SAO_4013-10,São Paulo,3550308,True,,34954,,,-23.6359035,-46.444512,,,,2,2023-06-19T16:11:42+00:00
SAO_4013-10,São Paulo,3550308,True,,34954,,,-23.625313,-46.460224999999994,,,,2,2023-06-19T16:11:39+00:00
SAO_4112-10,São Paulo,3550308,True,,767,,,-23.546582,-46.636320749999996,,,,1,2023-06-19T16:11:20+00:00
SAO_4112-10,São Paulo,3550308,True,,767,,,-23.554541,-46.63316525,,,,1,2023-06-19T16:11:26+00:00
SAO_6806-10,São Paulo,3550308,True,BR7 Mobilidade,32,https://moovitapp.com/index/pt-br/transporte_p%C3%BAblico-line-32-Sao_Paulo-242-851856-586488-0,5.75,-23.6335975,-46.7578985,,,,1,2023-06-19T16:11:27+00:00
SAO_6806-10,São Paulo,3550308,True,BR7 Mobilidade,32,https://moovitapp.com/index/pt-br/transporte_p%C3%BAblico-line-32-Sao_Paulo-242-851856-586488-0,5.75,-23.6420645,-46.739935,,,,1,2023-06-19T16:11:05+00:00
SAO_7011-31,São Paulo,3550308,True,,34722,,,-23.7075705,-46.7917315,,,,2,2023-06-19T16:11:27+00:00
SAO_7011-31,São Paulo,3550308,True,,34722,,,-23.707812,-46.7918005,,,,2,2023-06-19T16:11:12+00:00
SAO_7011-31,São Paulo,3550308,True,,34722,,,-23.689947,-46.7740025,,,,2,2023-06-19T16:11:28+00:00
SAO_274P-10,São Paulo,3550308,True,Grupo Vida,232,https://moovitapp.com/index/pt-br/transporte_p%C3%BAblico-line-232-Sao_Paulo-242-887112-748347-0,5.3,-23.564082499999998,-46.620993999999996,,,,1,2023-06-19T16:11:38+00:00
SAO_274P-10,São Paulo,3550308,True,Grupo Vida,232,https://moovitapp.com/index/pt-br/transporte_p%C3%BAblico-line-232-Sao_Paulo-242-887112-748347-0,5.3,-23.522952874999998,-46.542311624999996,,,,1,2023-06-19T16:11:20+00:00
SAO_709A-10,São Paulo,3550308,True,,34860,,,-23.58138925,-46.665473,,,,2,2023-06-19T16:11:37+00:00
SAO_709A-10,São Paulo,3550308,True,,34860,,,-23.6129235,-46.6957445,,,,2,2023-06-19T16:11:13+00:00
SAO_709A-10,São Paulo,3550308,True,,34860,,,-23.605578,-46.693079,,,,2,2023-06-19T16:11:22+00:00
SAO_709A-10,São Paulo,3550308,True,,34860,,,-23.591607,-46.6360815,,,,2,2023-06-19T16:11:06+00:00
SAO_709A-10,São Paulo,3550308,True,,34860,,,-23.582254499999998,-46.666954125000004,,,,2,2023-06-19T16:11:40+00:00
SAO_709A-10,São Paulo,3550308,True,,34860,,,-23.582193500000002,-46.638338000000005,,,,2,2023-06-19T16:11:05+00:00
SAO_4014-10,São Paulo,3550308,True,,34955,,,-23.612769,-46.45642275,,,,2,2023-06-19T16:11:25+00:00
SAO_4014-10,São Paulo,3550308,True,,34955,,,-23.598084999999998,-46.471858999999995,,,,2,2023-06-19T16:11:04+00:00
SAO_4014-10,São Paulo,3550308,True,,34955,,,-23.561563125,-46.517986500000006,,,,2,2023-06-19T16:11:18+00:00
SAO_4014-10,São Paulo,3550308,True,,34955,,,-23.612962500000002,-46.4565635,,,,2,2023-06-19T16:11:19+00:00
SAO_4014-10,São Paulo,3550308,True,,34955,,,-23.612562999999998,-46.45627825,,,,2,2023-06-19T16:11:16+00:00
SAO_775N-10,São Paulo,3550308,True,,474,,,-23.582341624999998,-46.7607575,,,,1,2023-06-19T16:11:19+00:00
SAO_775N-10,São Paulo,3550308,True,,474,,,-23.54645025,-46.690705,,,,1,2023-06-19T16:11:10+00:00
SAO_775N-10,São Paulo,3550308,True,,474,,,-23.576089,-46.765473,,,,1,2023-06-19T16:11:09+00:00
SAO_3731-10,São Paulo,3550308,True,,33796,,,-23.539437,-46.5168635,,,,2,2023-06-19T16:11:02+00:00
SAO_3731-10,São Paulo,3550308,True,,33796,,,-23.563885499999998,-46.502797,,,,2,2023-06-19T16:11:26+00:00
SAO_3731-10,São Paulo,3550308,True,,33796,,,-23.536901999999998,-46.519908,,,,2,2023-06-19T16:11:04+00:00
SAO_3731-10,São Paulo,3550308,True,,33796,,,-23.549899,-46.5114545,,,,2,2023-06-19T16:11:10+00:00
SAO_4036-10,São Paulo,3550308,True,,35329,,,-23.5520715,-46.46436,,,,2,2023-06-19T16:11:39+00:00
SAO_273L-10,São Paulo,3550308,True,,224,,,-23.53584725,-46.42938925,,,,1,2023-06-19T16:11:15+00:00
SAO_273L-10,São Paulo,3550308,True,,224,,,-23.5367475,-46.4718595,,,,1,2023-06-19T16:11:32+00:00
SAO_524L-10,São Paulo,3550308,True,,1715,,,-23.57971525,-46.562976750000004,,,,1,2023-06-19T16:11:37+00:00
SAO_524L-10,São Paulo,3550308,True,,1715,,,-23.545501,-46.566312625,,,,1,2023-06-19T16:11:39+00:00
SAO_6059-10,São Paulo,3550308,True,,1226,,,-23.65173375,-46.702795,,,,1,2023-06-19T16:11:33+00:00
SAO_6059-10,São Paulo,3550308,True,,1226,,,-23.680342,-46.743466,,,,1,2023-06-19T16:11:38+00:00
SAO_6059-10,São Paulo,3550308,True,,1226,,,-23.653764,-46.7351,,,,1,2023-06-19T16:11:31+00:00
SAO_6059-10,São Paulo,3550308,True,,1226,,,-23.6802975,-46.743245,,,,1,2023-06-19T16:11:19+00:00
SAO_6059-10,São Paulo,3550308,True,,1226,,,-23.6467495,-46.704724,,,,1,2023-06-19T16:11:24+00:00
SAO_701H-10,São Paulo,3550308,True,,35326,,,-23.7055225,-46.7421525,,,,2,2023-06-19T16:11:15+00:00
SAO_6500-10,São Paulo,3550308,True,,32814,,,-23.646549812499998,-46.70300625,,,,2,2023-06-19T16:11:24+00:00
SAO_6500-10,São Paulo,3550308,True,,32814,,,-23.5496475,-46.6398245,,,,2,2023-06-19T16:11:40+00:00
SAO_6500-10,São Paulo,3550308,True,,32814,,,-23.579549,-46.67089675,,,,2,2023-06-19T16:11:45+00:00
SAO_6500-10,São Paulo,3550308,True,,32814,,,-23.600634499999998,-46.67402875,,,,2,2023-06-19T16:11:32+00:00
SAO_6500-10,São Paulo,3550308,True,,32814,,,-23.5496475,-46.6398245,,,,2,2023-06-19T16:11:29+00:00
SAO_2006-10,São Paulo,3550308,True,,33663,,,-23.501655,-46.3675855,,,,2,2023-06-19T16:10:48+00:00
SAO_2006-10,São Paulo,3550308,True,,33663,,,-23.494194,-46.400918,,,,2,2023-06-19T16:11:05+00:00
SAO_2006-10,São Paulo,3550308,True,,33663,,,-23.494473999999997,-46.37281875,,,,2,2023-06-19T16:11:08+00:00
SAO_3069-10,São Paulo,3550308,True,,984,,,-23.6193155,-46.413073,,,,1,2023-06-19T16:10:56+00:00
SAO_3069-10,São Paulo,3550308,True,,984,,,-23.6119325,-46.473978,,,,1,2023-06-19T16:11:19+00:00
SAO_3069-10,São Paulo,3550308,True,,984,,,-23.605977,-46.417018999999996,,,,1,2023-06-19T16:11:04+00:00
SAO_6816-10,São Paulo,3550308,True,,32794,,,-23.652041,-46.7788175,,,,2,2023-06-19T16:11:11+00:00
SAO_6816-10,São Paulo,3550308,True,,32794,,,-23.648398,-46.784845000000004,,,,2,2023-06-19T16:11:04+00:00
SAO_8200-10,São Paulo,3550308,True,,34031,,,-23.5201365,-46.700402999999994,,,,2,2023-06-19T16:11:28+00:00
SAO_8200-10,São Paulo,3550308,True,,34031,,,-23.4903845,-46.715956000000006,,,,2,2023-06-19T16:11:22+00:00
SAO_4001-10,São Paulo,3550308,True,,2176,,,-23.536513,-46.4431315,,,,1,2023-06-19T16:11:02+00:00
SAO_4001-10,São Paulo,3550308,True,,2176,,,-23.55407075,-46.466669499999995,,,,1,2023-06-19T16:11:29+00:00
SAO_775P-10,São Paulo,3550308,True,EMTU,507,https://moovitapp.com/index/pt-br/transporte_p%C3%BAblico-line-507-Sao_Paulo-242-2038937-36419529-0,5.65,-23.581666,-46.6386555,,,,1,2023-06-19T16:11:07+00:00
SAO_775P-10,São Paulo,3550308,True,EMTU,507,https://moovitapp.com/index/pt-br/transporte_p%C3%BAblico-line-507-Sao_Paulo-242-2038937-36419529-0,5.65,-23.582939500000002,-46.7141125,,,,1,2023-06-19T16:11:11+00:00
SAO_5091-10,São Paulo,3550308,True,,1523,,,-23.674091999999998,-46.630741,,,,1,2023-06-19T16:11:26+00:00
SAO_5091-10,São Paulo,3550308,True,,1523,,,-23.688044,-46.63901275,,,,1,2023-06-19T16:11:09+00:00
SAO_5091-10,São Paulo,3550308,True,,1523,,,-23.68889275,-46.6721405,,,,1,2023-06-19T16:11:22+00:00
SAO_2590-10,São Paulo,3550308,True,,33680,,,-23.48327475,-46.466404999999995,,,,2,2023-06-19T16:11:30+00:00
SAO_2590-10,São Paulo,3550308,True,,33680,,,-23.49796225,-46.518165875,,,,2,2023-06-19T16:11:42+00:00
SAO_2590-10,São Paulo,3550308,True,,33680,,,-23.535292,-46.575307249999994,,,,2,2023-06-19T16:10:29+00:00
SAO_2590-10,São Paulo,3550308,True,,33680,,,-23.516224,-46.549901500000004,,,,2,2023-06-19T16:11:04+00:00
SAO_4732-31,São Paulo,3550308,True,,34895,,,-23.64263875,-46.58939875,,,,2,2023-06-19T16:11:17+00:00
SAO_4732-31,São Paulo,3550308,True,,34895,,,-23.6176555,-46.638476125000004,,,,2,2023-06-19T16:11:20+00:00
SAO_4732-31,São Paulo,3550308,True,,34895,,,-23.635993499999998,-46.598958499999995,,,,2,2023-06-19T16:11:35+00:00
SAO_4732-31,São Paulo,3550308,True,,34895,,,-23.626040375000002,-46.619731625,,,,2,2023-06-19T16:11:28+00:00
SAO_5119-23,São Paulo,3550308,True,,34893,,,-23.6353935,-46.727159,,,,2,2023-06-19T16:11:26+00:00
SAO_6L10-10,São Paulo,3550308,True,,1159,,,-23.767440999999998,-46.716431,,,,1,2023-06-19T16:11:04+00:00
SAO_6L10-10,São Paulo,3550308,True,,1159,,,-23.800197,-46.7338115,,,,1,2023-06-19T16:11:39+00:00
SAO_2101-10,São Paulo,3550308,True,,33482,,,-23.554403,-46.593630000000005,,,,2,2023-06-19T16:11:15+00:00
SAO_7903-10,São Paulo,3550308,True,,512,,,-23.55833775,-46.667919999999995,,,,1,2023-06-19T16:11:43+00:00
SAO_7903-10,São Paulo,3550308,True,,512,,,-23.58324875,-46.774611750000005,,,,1,2023-06-19T16:11:15+00:00
SAO_272N-10,São Paulo,3550308,True,,33473,,,-23.51896975,-46.59011625000001,,,,2,2023-06-19T16:11:00+00:00
SAO_272N-10,São Paulo,3550308,True,,33473,,,-23.511872,-46.563117500000004,,,,2,2023-06-19T16:11:43+00:00
SAO_272N-10,São Paulo,3550308,True,,33473,,,-23.511872,-46.563117500000004,,,,2,2023-06-19T16:11:31+00:00
SAO_958P-10,São Paulo,3550308,True,,465,,,-23.505603999999998,-46.733977,,,,1,2023-06-19T16:11:38+00:00
SAO_958P-10,São Paulo,3550308,True,,465,,,-23.546924,-46.7166675,,,,1,2023-06-19T16:11:01+00:00
SAO_958P-10,São Paulo,3550308,True,,465,,,-23.59616325,-46.691351,,,,1,2023-06-19T16:11:23+00:00
SAO_6801-10,São Paulo,3550308,True,,32773,,,-23.6520225,-46.73388525,,,,2,2023-06-19T16:11:16+00:00
SAO_6801-10,São Paulo,3550308,True,,32773,,,-23.660584,-46.7336095,,,,2,2023-06-19T16:11:13+00:00
SAO_7005-10,São Paulo,3550308,True,,34766,,,-23.684067,-46.769816500000005,,,,2,2023-06-19T16:11:34+00:00
SAO_7005-10,São Paulo,3550308,True,,34766,,,-23.724219125,-46.78567475,,,,2,2023-06-19T16:11:45+00:00
SAO_7005-10,São Paulo,3550308,True,,34766,,,-23.684067,-46.769816500000005,,,,2,2023-06-19T16:11:36+00:00
SAO_7053-22,São Paulo,3550308,True,,1896,,,-23.645486499999997,-46.789591,,,,1,2023-06-19T16:11:22+00:00
SAO_847P-42,São Paulo,3550308,True,,1424,,,-23.5963205,-46.691,,,,1,2023-06-19T16:11:43+00:00
SAO_847P-42,São Paulo,3550308,True,,1424,,,-23.5385875,-46.7058765,,,,1,2023-06-19T16:11:29+00:00
SAO_847P-42,São Paulo,3550308,True,,1424,,,-23.468989,-46.696481500000004,,,,1,2023-06-19T16:11:33+00:00
SAO_1721-10,São Paulo,3550308,True,,666,,,-23.4894945,-46.5710555,,,,1,2023-06-19T16:11:22+00:00
SAO_1721-10,São Paulo,3550308,True,,666,,,-23.500975,-46.61427,,,,1,2023-06-19T16:11:31+00:00
SAO_1721-10,São Paulo,3550308,True,,666,,,-23.4982435,-46.595591,,,,1,2023-06-19T16:11:33+00:00
SAO_1721-10,São Paulo,3550308,True,,666,,,-23.4880315,-46.5828975,,,,1,2023-06-19T16:11:30+00:00
SAO_5110-41,São Paulo,3550308,True,,2210,,,-23.590553,-46.588192500000005,,,,1,2023-06-19T16:11:40+00:00
SAO_6L08-10,São Paulo,3550308,True,,33950,,,-23.82610725,-46.702985749999996,,,,2,2023-06-19T16:10:07+00:00
SAO_6L08-10,São Paulo,3550308,True,,33950,,,-23.827404,-46.697334,,,,2,2023-06-19T16:11:33+00:00
SAO_7062-31,São Paulo,3550308,True,,1914,,,-23.646552,-46.7725675,,,,1,2023-06-19T16:11:33+00:00
SAO_775A-10,São Paulo,3550308,True,,33241,,,-23.566701000000002,-46.694135,,,,2,2023-06-19T16:11:29+00:00
SAO_775A-10,São Paulo,3550308,True,,33241,,,-23.57544125,-46.74043225,,,,2,2023-06-19T16:11:40+00:00
SAO_8028-10,São Paulo,3550308,True,,2532,,,-23.620261,-46.723451499999996,,,,1,2023-06-19T16:11:26+00:00
SAO_8028-10,São Paulo,3550308,True,,2532,,,-23.605525749999998,-46.70825975,,,,1,2023-06-19T16:11:15+00:00
SAO_2060-10,São Paulo,3550308,True,EMTU,134,https://moovitapp.com/index/pt-br/transporte_p%C3%BAblico-line-134-Sao_Paulo-242-2038937-36419287-0,5.2,-23.522823,-46.47068325,,,,1,2023-06-19T16:11:21+00:00
SAO_4735-10,São Paulo,3550308,True,,1110,,,-23.6191365,-46.472797,,,,1,2023-06-19T16:11:30+00:00
SAO_4735-10,São Paulo,3550308,True,,1110,,,-23.604898499999997,-46.480576,,,,1,2023-06-19T16:11:37+00:00
SAO_675L-10,São Paulo,3550308,True,,34246,,,-23.65023975,-46.706578750000006,,,,2,2023-06-19T16:09:45+00:00
SAO_675L-10,São Paulo,3550308,True,,34246,,,-23.59801275,-46.647487625,,,,2,2023-06-19T16:11:10+00:00
SAO_1018-10,São Paulo,3550308,True,,33600,,,-23.44672,-46.627331999999996,,,,2,2023-06-19T16:11:21+00:00
SAO_1018-10,São Paulo,3550308,True,,33600,,,-23.480176,-46.611123500000005,,,,2,2023-06-19T16:11:44+00:00
SAO_1018-10,São Paulo,3550308,True,,33600,,,-23.5029045,-46.62370249999999,,,,2,2023-06-19T16:10:16+00:00
SAO_8009-31,São Paulo,3550308,True,,34028,,,-23.4571775,-46.74387675,,,,2,2023-06-19T16:11:05+00:00
SAO_8009-31,São Paulo,3550308,True,,34028,,,-23.43394,-46.751227,,,,2,2023-06-19T16:11:16+00:00
SAO_8009-31,São Paulo,3550308,True,,34028,,,-23.4421835,-46.7553745,,,,2,2023-06-19T16:11:18+00:00
SAO_8009-31,São Paulo,3550308,True,,34028,,,-23.434202499999998,-46.751169000000004,,,,2,2023-06-19T16:11:03+00:00
SAO_8009-31,São Paulo,3550308,True,,34028,,,-23.471812999999997,-46.725063,,,,2,2023-06-19T16:11:10+00:00
SAO_971R-51,São Paulo,3550308,True,,33385,,,-23.500310374999998,-46.62728200000001,,,,2,2023-06-19T16:11:07+00:00
SAO_119L-10,São Paulo,3550308,True,,35041,,,-23.517601999999997,-46.7048875,,,,2,2023-06-19T16:11:25+00:00
SAO_372U-10,São Paulo,3550308,True,,33784,,,-23.5568485,-46.537368,,,,2,2023-06-19T16:11:02+00:00
SAO_372U-10,São Paulo,3550308,True,,33784,,,-23.5564085,-46.537073500000005,,,,2,2023-06-19T16:11:07+00:00
SAO_372U-10,São Paulo,3550308,True,,33784,,,-23.5494725,-46.569411,,,,2,2023-06-19T16:11:40+00:00
SAO_372U-10,São Paulo,3550308,True,,33784,,,-23.5568485,-46.537368,,,,2,2023-06-19T16:11:20+00:00
SAO_372U-10,São Paulo,3550308,True,,33784,,,-23.55422825,-46.545193499999996,,,,2,2023-06-19T16:11:43+00:00
SAO_372U-10,São Paulo,3550308,True,,33784,,,-23.558691,-46.560616499999995,,,,2,2023-06-19T16:11:04+00:00
SAO_372U-10,São Paulo,3550308,True,,33784,,,-23.563439,-46.552921,,,,2,2023-06-19T16:11:37+00:00
SAO_971R-21,São Paulo,3550308,True,,33383,,,-23.501994,-46.6256975,,,,2,2023-06-19T16:11:36+00:00
SAO_978J-10,São Paulo,3550308,True,EMTU,591,https://moovitapp.com/index/pt-br/transporte_p%C3%BAblico-line-591-Sao_Paulo-242-2038937-36419577-0,5.4,-23.4976375,-46.7069665,,,,1,2023-06-19T16:11:32+00:00
SAO_189L-10,São Paulo,3550308,True,,2450,,,-23.4880015,-46.7107305,,,,1,2023-06-19T16:11:18+00:00
SAO_189L-10,São Paulo,3550308,True,,2450,,,-23.517861,-46.702819,,,,1,2023-06-19T16:11:08+00:00
SAO_189L-10,São Paulo,3550308,True,,2450,,,-23.486610499999998,-46.710868000000005,,,,1,2023-06-19T16:11:40+00:00
SAO_9020-10,São Paulo,3550308,True,,1434,,,-23.482458,-46.725092000000004,,,,1,2023-06-19T16:11:32+00:00
SAO_2769-10,São Paulo,3550308,True,,397,,,-23.53920575,-46.575556999999996,,,,1,2023-06-19T16:11:39+00:00
SAO_2769-10,São Paulo,3550308,True,,397,,,-23.482623750000002,-46.38145349999999,,,,1,2023-06-19T16:07:22+00:00
SAO_7725-10,São Paulo,3550308,True,,33240,,,-23.5648575,-46.763653500000004,,,,2,2023-06-19T16:11:45+00:00
SAO_7725-10,São Paulo,3550308,True,,33240,,,-23.5633485,-46.716108500000004,,,,2,2023-06-19T16:11:29+00:00
SAO_8545-10,São Paulo,3550308,True,,1364,,,-23.525031499999997,-46.683977999999996,,,,1,2023-06-19T16:11:28+00:00
SAO_8545-10,São Paulo,3550308,True,,1364,,,-23.4671135,-46.6906515,,,,1,2023-06-19T16:11:10+00:00
SAO_8545-10,São Paulo,3550308,True,,1364,,,-23.505063,-46.6914715,,,,1,2023-06-19T16:11:20+00:00
SAO_2720-31,São Paulo,3550308,True,,1842,,,-23.493471,-46.470558,,,,1,2023-06-19T16:11:05+00:00
SAO_2720-31,São Paulo,3550308,True,,1842,,,-23.5222145,-46.517661000000004,,,,1,2023-06-19T16:11:01+00:00
SAO_575A-10,São Paulo,3550308,True,,1638,,,-23.55109825,-46.58299875,,,,1,2023-06-19T16:11:30+00:00
SAO_575A-10,São Paulo,3550308,True,,1638,,,-23.603393,-46.57075775,,,,1,2023-06-19T16:11:25+00:00
SAO_575A-10,São Paulo,3550308,True,,1638,,,-23.58114175,-46.58452675,,,,1,2023-06-19T16:10:12+00:00
SAO_607A-21,São Paulo,3550308,True,,34908,,,-23.709950499999998,-46.6530475,,,,2,2023-06-19T16:04:36+00:00
SAO_7053-21,São Paulo,3550308,True,,1895,,,-23.6414585,-46.7843595,,,,1,2023-06-19T16:11:19+00:00
SAO_771P-10,São Paulo,3550308,True,EMTU,506,https://moovitapp.com/index/pt-br/transporte_p%C3%BAblico-line-506-Sao_Paulo-242-2038937-36419528-0,5.65,-23.594315,-46.786550000000005,,,,1,2023-06-19T16:11:06+00:00
SAO_771P-10,São Paulo,3550308,True,EMTU,506,https://moovitapp.com/index/pt-br/transporte_p%C3%BAblico-line-506-Sao_Paulo-242-2038937-36419528-0,5.65,-23.5747525,-46.716355500000006,,,,1,2023-06-19T16:11:20+00:00
SAO_909T-1,São Paulo,3550308,True,,2512,,,-23.551023999999998,-46.6345835,,,,1,2023-06-19T16:11:20+00:00
SAO_2678-41,São Paulo,3550308,True,STT,387,https://moovitapp.com/index/pt-br/transporte_p%C3%BAblico-line-387-Sao_Paulo-242-850661-183297-0,5.3,-23.5366255,-46.589150000000004,,,,1,2023-06-19T16:11:00+00:00
SAO_5100-10,São Paulo,3550308,True,,34138,,,-23.56998325,-46.691308250000006,,,,2,2023-06-19T16:11:40+00:00
SAO_5100-10,São Paulo,3550308,True,,34138,,,-23.582254499999998,-46.666954125000004,,,,2,2023-06-19T16:11:06+00:00
SAO_5100-10,São Paulo,3550308,True,,34138,,,-23.5493905,-46.629893249999995,,,,2,2023-06-19T16:11:39+00:00
SAO_7281-10,São Paulo,3550308,True,,1334,,,-23.543732,-46.6943445,,,,1,2023-06-19T16:11:06+00:00
SAO_7281-10,São Paulo,3550308,True,,1334,,,-23.541020500000002,-46.697062,,,,1,2023-06-19T16:11:23+00:00
SAO_6L10-41,São Paulo,3550308,True,,34773,,,-23.7828835,-46.75673999999999,,,,2,2023-06-19T16:11:29+00:00
SAO_6L10-41,São Paulo,3550308,True,,34773,,,-23.7878855,-46.765459,,,,2,2023-06-19T16:04:21+00:00
SAO_6L10-41,São Paulo,3550308,True,,34773,,,-23.7878855,-46.765459,,,,2,2023-06-19T16:07:35+00:00
SAO_6L10-41,São Paulo,3550308,True,,34773,,,-23.7880685,-46.765596,,,,2,2023-06-19T16:11:29+00:00
SAO_6823-10,São Paulo,3550308,True,,32802,,,-23.6823315,-46.790442999999996,,,,2,2023-06-19T16:11:05+00:00
SAO_6823-10,São Paulo,3550308,True,,32802,,,-23.6917595,-46.790623499999995,,,,2,2023-06-19T16:11:10+00:00
SAO_8047-41,São Paulo,3550308,True,STT,410,https://moovitapp.com/index/pt-br/transporte_p%C3%BAblico-line-410-Sao_Paulo-242-850661-183302-0,5.3,-23.5317455,-46.73273775,,,,1,2023-06-19T16:11:04+00:00
SAO_8047-41,São Paulo,3550308,True,STT,410,https://moovitapp.com/index/pt-br/transporte_p%C3%BAblico-line-410-Sao_Paulo-242-850661-183302-0,5.3,-23.5466355,-46.69045,,,,1,2023-06-19T16:11:23+00:00
SAO_3756-10,São Paulo,3550308,True,,1050,,,-23.54563375,-46.46140724999999,,,,1,2023-06-19T16:10:46+00:00
SAO_3756-10,São Paulo,3550308,True,,1050,,,-23.572210249999998,-46.39454549999999,,,,1,2023-06-19T16:11:13+00:00
SAO_3756-10,São Paulo,3550308,True,,1050,,,-23.567685,-46.402966,,,,1,2023-06-19T16:11:13+00:00
SAO_3756-10,São Paulo,3550308,True,,1050,,,-23.591324,-46.389072,,,,1,2023-06-19T16:11:40+00:00
SAO_3756-10,São Paulo,3550308,True,,1050,,,-23.548288624999998,-46.461236,,,,1,2023-06-19T16:11:37+00:00
SAO_3756-10,São Paulo,3550308,True,,1050,,,-23.591324,-46.389072,,,,1,2023-06-19T16:11:07+00:00
SAO_3756-10,São Paulo,3550308,True,,1050,,,-23.591324,-46.389072,,,,1,2023-06-19T16:11:05+00:00
SAO_2031-10,São Paulo,3550308,True,EMTU,367,https://moovitapp.com/index/pt-br/transporte_p%C3%BAblico-line-367-Sao_Paulo-242-2038937-36419446-0,4.9,-23.5122785,-46.443659999999994,,,,1,2023-06-19T16:09:16+00:00
SAO_2031-10,São Paulo,3550308,True,EMTU,367,https://moovitapp.com/index/pt-br/transporte_p%C3%BAblico-line-367-Sao_Paulo-242-2038937-36419446-0,4.9,-23.491311500000002,-46.4461235,,,,1,2023-06-19T16:11:33+00:00
SAO_809D-10,São Paulo,3550308,True,,34836,,,-23.599108,-46.775561499999995,,,,2,2023-06-19T16:11:18+00:00
SAO_809D-10,São Paulo,3550308,True,,34836,,,-23.6031195,-46.781302,,,,2,2023-06-19T16:11:30+00:00
SAO_809D-10,São Paulo,3550308,True,,34836,,,-23.6032255,-46.780823,,,,2,2023-06-19T16:11:16+00:00
SAO_809D-10,São Paulo,3550308,True,,34836,,,-23.58382575,-46.73605275,,,,2,2023-06-19T16:11:38+00:00
SAO_809R-10,São Paulo,3550308,True,,2067,,,-23.5665955,-46.69650125,,,,1,2023-06-19T16:11:28+00:00
SAO_307C-10,São Paulo,3550308,True,,2114,,,-23.49469925,-46.4135045,,,,1,2023-06-19T16:11:32+00:00
SAO_307C-10,São Paulo,3550308,True,,2114,,,-23.5035125,-46.379821500000006,,,,1,2023-06-19T16:11:43+00:00
SAO_307C-10,São Paulo,3550308,True,,2114,,,-23.497811499999997,-46.460205,,,,1,2023-06-19T16:11:17+00:00
SAO_2709-31,São Paulo,3550308,True,,923,,,-23.53000875,-46.48747,,,,1,2023-06-19T16:11:39+00:00
SAO_7062-41,São Paulo,3550308,True,,35039,,,-23.6495855,-46.759575,,,,2,2023-06-19T16:11:25+00:00
SAO_7057-10,São Paulo,3550308,True,,34665,,,-23.6493575,-46.7848365,,,,2,2023-06-19T16:11:07+00:00
SAO_9051-10,São Paulo,3550308,True,,2089,,,-23.5659015,-46.7020175,,,,1,2023-06-19T16:11:33+00:00
SAO_9051-10,São Paulo,3550308,True,,2089,,,-23.5660365,-46.701978499999996,,,,1,2023-06-19T16:11:34+00:00
SAO_6815-10,São Paulo,3550308,True,BR7 Mobilidade,25,https://moovitapp.com/index/pt-br/transporte_p%C3%BAblico-line-25-Sao_Paulo-242-851856-758720-0,5.75,-23.6732145,-46.7830745,,,,1,2023-06-19T16:11:38+00:00
SAO_6232-10,São Paulo,3550308,True,STT,483,https://moovitapp.com/index/pt-br/transporte_p%C3%BAblico-line-483-Sao_Paulo-242-850661-183322-0,5.3,-23.564937750000002,-46.6898095,,,,1,2023-06-19T16:11:15+00:00
SAO_407Y-10,São Paulo,3550308,True,,34974,,,-23.57469325,-46.557089250000004,,,,2,2023-06-19T16:11:30+00:00
SAO_407Y-10,São Paulo,3550308,True,,34974,,,-23.570582,-46.490271500000006,,,,2,2023-06-19T16:11:24+00:00
SAO_407Y-10,São Paulo,3550308,True,,34974,,,-23.570637374999997,-46.489951625,,,,2,2023-06-19T16:11:18+00:00
SAO_407K-10,São Paulo,3550308,True,,2168,,,-23.5380945,-46.564400750000004,,,,1,2023-06-19T16:11:02+00:00
SAO_407K-10,São Paulo,3550308,True,,2168,,,-23.603309749999998,-46.4819175,,,,1,2023-06-19T16:09:48+00:00
SAO_407K-10,São Paulo,3550308,True,,2168,,,-23.5560435,-46.516270000000006,,,,1,2023-06-19T16:11:26+00:00
SAO_8008-10,São Paulo,3550308,True,,34026,,,-23.488678999999998,-46.729378499999996,,,,2,2023-06-19T16:11:33+00:00
SAO_8008-10,São Paulo,3550308,True,,34026,,,-23.47043,-46.752005999999994,,,,2,2023-06-19T16:11:16+00:00
SAO_8008-10,São Paulo,3550308,True,,34026,,,-23.470457,-46.751476499999995,,,,2,2023-06-19T16:11:16+00:00
SAO_8008-10,São Paulo,3550308,True,,34026,,,-23.4783885,-46.7478105,,,,2,2023-06-19T16:11:29+00:00
SAO_263C-10,São Paulo,3550308,True,,33020,,,-23.54924075,-46.436223749999996,,,,2,2023-06-19T16:11:43+00:00
SAO_263C-10,São Paulo,3550308,True,,33020,,,-23.484522750000004,-46.425729125000004,,,,2,2023-06-19T16:11:22+00:00
SAO_809N-10,São Paulo,3550308,True,,2244,,,-23.558588750000002,-46.74677775000001,,,,1,2023-06-19T16:11:32+00:00
SAO_8026-10,São Paulo,3550308,True,,2083,,,-23.59181125,-46.73579,,,,1,2023-06-19T16:11:29+00:00
SAO_8026-10,São Paulo,3550308,True,,2083,,,-23.62618175,-46.75068575,,,,1,2023-06-19T16:10:58+00:00
SAO_8026-10,São Paulo,3550308,True,,2083,,,-23.6328585,-46.747187,,,,1,2023-06-19T16:11:24+00:00
SAO_8026-10,São Paulo,3550308,True,,2083,,,-23.6328585,-46.747187,,,,1,2023-06-19T16:11:01+00:00
SAO_8026-10,São Paulo,3550308,True,,2083,,,-23.592281,-46.7401025,,,,1,2023-06-19T16:11:26+00:00
SAO_8026-10,São Paulo,3550308,True,,2083,,,-23.6328585,-46.747187,,,,1,2023-06-19T16:11:30+00:00
SAO_3732-10,São Paulo,3550308,True,,33797,,,-23.541299000000002,-46.456334125000005,,,,2,2023-06-19T16:11:27+00:00
SAO_3732-10,São Paulo,3550308,True,,33797,,,-23.547174750000003,-46.4468895,,,,2,2023-06-19T16:11:40+00:00
SAO_3732-10,São Paulo,3550308,True,,33797,,,-23.540044,-46.4317305,,,,2,2023-06-19T16:11:26+00:00
SAO_4051-10,São Paulo,3550308,True,,34912,,,-23.561855,-46.4014265,,,,2,2023-06-19T16:11:09+00:00
SAO_4051-10,São Paulo,3550308,True,,34912,,,-23.561816,-46.401179,,,,2,2023-06-19T16:11:14+00:00
SAO_6813-10,São Paulo,3550308,True,,32801,,,-23.668012249999997,-46.764174,,,,2,2023-06-19T16:11:34+00:00
SAO_6813-10,São Paulo,3550308,True,,32801,,,-23.66705475,-46.7648005,,,,2,2023-06-19T16:11:42+00:00
SAO_8043-10,São Paulo,3550308,True,,407,,,-23.508277,-46.741939,,,,1,2023-06-19T16:11:29+00:00
SAO_4114-10,São Paulo,3550308,True,EMTU,321,https://moovitapp.com/index/pt-br/transporte_p%C3%BAblico-line-321-Sao_Paulo-242-2038937-36419411-0,5.4,-23.586084,-46.6200165,,,,1,2023-06-19T16:10:55+00:00
SAO_2713-10,São Paulo,3550308,True,Cidade de Caieiras,220,https://moovitapp.com/index/pt-br/transporte_p%C3%BAblico-line-220-Sao_Paulo-242-868761-496409-0,5.0,-23.533566,-46.545125999999996,,,,1,2023-06-19T16:11:35+00:00
SAO_6835-10,São Paulo,3550308,True,BR7 Mobilidade,12,https://moovitapp.com/index/pt-br/transporte_p%C3%BAblico-line-12-Sao_Paulo-242-851856-542340-0,5.75,-23.660376499999998,-46.767345500000005,,,,1,2023-06-19T16:11:45+00:00
SAO_6835-10,São Paulo,3550308,True,BR7 Mobilidade,12,https://moovitapp.com/index/pt-br/transporte_p%C3%BAblico-line-12-Sao_Paulo-242-851856-542340-0,5.75,-23.6787285,-46.779024,,,,1,2023-06-19T16:11:31+00:00
SAO_4111-10,São Paulo,3550308,True,Cidade de Caieiras,320,https://moovitapp.com/index/pt-br/transporte_p%C3%BAblico-line-320-Sao_Paulo-242-868761-752903-0,5.0,-23.5409025,-46.638327,,,,1,2023-06-19T16:11:42+00:00
SAO_1758-10,São Paulo,3550308,True,EMTU,552,https://moovitapp.com/index/pt-br/transporte_p%C3%BAblico-line-552-Sao_Paulo-242-2038937-36419556-0,6.8,-23.46517025,-46.634456,,,,1,2023-06-19T16:11:33+00:00
SAO_1758-10,São Paulo,3550308,True,EMTU,552,https://moovitapp.com/index/pt-br/transporte_p%C3%BAblico-line-552-Sao_Paulo-242-2038937-36419556-0,6.8,-23.502784499999997,-46.6242225,,,,1,2023-06-19T16:11:01+00:00
SAO_1758-10,São Paulo,3550308,True,EMTU,552,https://moovitapp.com/index/pt-br/transporte_p%C3%BAblico-line-552-Sao_Paulo-242-2038937-36419556-0,6.8,-23.453969,-46.6614815,,,,1,2023-06-19T16:11:12+00:00
SAO_1758-10,São Paulo,3550308,True,EMTU,552,https://moovitapp.com/index/pt-br/transporte_p%C3%BAblico-line-552-Sao_Paulo-242-2038937-36419556-0,6.8,-23.454469,-46.6620805,,,,1,2023-06-19T16:11:28+00:00
SAO_875P-10,São Paulo,3550308,True,,1341,,,-23.570220625,-46.645761625,,,,1,2023-06-19T16:11:28+00:00
SAO_875P-10,São Paulo,3550308,True,,1341,,,-23.5407145,-46.670465500000006,,,,1,2023-06-19T16:11:08+00:00
SAO_877T-10,São Paulo,3550308,True,,1381,,,-23.534685625,-46.654683875,,,,1,2023-06-19T16:11:12+00:00
SAO_877T-10,São Paulo,3550308,True,,1381,,,-23.5134225,-46.722229999999996,,,,1,2023-06-19T16:11:23+00:00
SAO_877T-10,São Paulo,3550308,True,,1381,,,-23.52460575,-46.6871565,,,,1,2023-06-19T16:11:16+00:00
SAO_877T-10,São Paulo,3550308,True,,1381,,,-23.559176375,-46.659142,,,,1,2023-06-19T16:11:34+00:00
SAO_3728-41,São Paulo,3550308,True,,1988,,,-23.544444499999997,-46.4873295,,,,1,2023-06-19T16:11:24+00:00
SAO_5034-10,São Paulo,3550308,True,,1663,,,-23.6305445,-46.60143,,,,1,2023-06-19T16:11:43+00:00
SAO_5164-41,São Paulo,3550308,True,,34385,,,-23.6345995,-46.6411415,,,,2,2023-06-19T16:11:31+00:00
SAO_5164-41,São Paulo,3550308,True,,34385,,,-23.64616975,-46.644012000000004,,,,2,2023-06-19T16:11:01+00:00
SAO_8006-10,São Paulo,3550308,True,,1256,,,-23.4854445,-46.7258095,,,,1,2023-06-19T16:11:45+00:00
SAO_4706-10,São Paulo,3550308,True,,299,,,-23.58949475,-46.61041875,,,,1,2023-06-19T16:11:44+00:00
SAO_575C-10,São Paulo,3550308,True,,1686,,,-23.57291975,-46.54144875,,,,1,2023-06-19T16:11:04+00:00
SAO_575C-10,São Paulo,3550308,True,,1686,,,-23.5780355,-46.602048499999995,,,,1,2023-06-19T16:11:02+00:00
SAO_2714-10,São Paulo,3550308,True,,33695,,,-23.520139937499998,-46.531291249999995,,,,2,2023-06-19T16:11:25+00:00
SAO_2714-10,São Paulo,3550308,True,,33695,,,-23.511962875000002,-46.529720999999995,,,,2,2023-06-19T16:11:38+00:00
SAO_2714-10,São Paulo,3550308,True,,33695,,,-23.531503,-46.5289355,,,,2,2023-06-19T16:11:12+00:00
SAO_5013-31,São Paulo,3550308,True,,2236,,,-23.654280999999997,-46.70443349999999,,,,1,2023-06-19T16:11:11+00:00
SAO_5013-31,São Paulo,3550308,True,,2236,,,-23.6816175,-46.636723,,,,1,2023-06-19T16:11:39+00:00
SAO_5013-31,São Paulo,3550308,True,,2236,,,-23.673853,-46.6645685,,,,1,2023-06-19T16:11:34+00:00
SAO_805L-10,São Paulo,3550308,True,EMTU,124,https://moovitapp.com/index/pt-br/transporte_p%C3%BAblico-line-124-Sao_Paulo-242-2038937-36419282-0,5.15,-23.557492250000003,-46.63297925,,,,1,2023-06-19T16:11:28+00:00
SAO_2030-10,São Paulo,3550308,True,,2264,,,-23.47261175,-46.641650999999996,,,,1,2023-06-19T16:11:01+00:00
SAO_8043-10,São Paulo,3550308,True,,33175,,,-23.487208625,-46.739020749999995,,,,2,2023-06-19T16:11:33+00:00
SAO_8043-10,São Paulo,3550308,True,,33175,,,-23.475309,-46.756263000000004,,,,2,2023-06-19T16:11:22+00:00
SAO_746V-10,São Paulo,3550308,True,,792,,,-23.628644,-46.768147,,,,1,2023-06-19T16:11:02+00:00
SAO_746V-10,São Paulo,3550308,True,,792,,,-23.6224415,-46.75465,,,,1,2023-06-19T16:11:22+00:00
SAO_746V-10,São Paulo,3550308,True,,792,,,-23.6174925,-46.75708,,,,1,2023-06-19T16:11:42+00:00
SAO_746V-10,São Paulo,3550308,True,,792,,,-23.62752575,-46.766991250000004,,,,1,2023-06-19T16:11:36+00:00
SAO_297A-10,São Paulo,3550308,True,,2133,,,-23.5250975,-46.6664375,,,,1,2023-06-19T16:11:19+00:00
SAO_297A-10,São Paulo,3550308,True,,2133,,,-23.504087499999997,-46.672816,,,,1,2023-06-19T16:11:36+00:00
SAO_3903-10,São Paulo,3550308,True,,1471,,,-23.5325535,-46.482392000000004,,,,1,2023-06-19T16:10:59+00:00
SAO_4016-10,São Paulo,3550308,True,,2189,,,-23.613115999999998,-46.476499,,,,1,2023-06-19T16:11:07+00:00
SAO_6L05-10,São Paulo,3550308,True,,33941,,,-23.828234000000002,-46.7270185,,,,2,2023-06-19T16:11:16+00:00
SAO_775N-10,São Paulo,3550308,True,,33242,,,-23.579962000000002,-46.7630015,,,,2,2023-06-19T16:11:44+00:00
SAO_6041-21,São Paulo,3550308,True,,34517,,,-23.6499235,-46.737933,,,,2,2023-06-19T16:11:31+00:00
SAO_2201-10,São Paulo,3550308,True,,909,,,-23.537163,-46.405097,,,,1,2023-06-19T16:11:14+00:00
SAO_2201-10,São Paulo,3550308,True,,909,,,-23.5324795,-46.3946915,,,,1,2023-06-19T16:11:13+00:00
SAO_2523-10,São Paulo,3550308,True,,33018,,,-23.5216,-46.4253885,,,,2,2023-06-19T16:11:12+00:00
SAO_2523-10,São Paulo,3550308,True,,33018,,,-23.521767500000003,-46.4247855,,,,2,2023-06-19T16:11:27+00:00
SAO_2523-10,São Paulo,3550308,True,,33018,,,-23.518373500000003,-46.474817,,,,2,2023-06-19T16:11:18+00:00
SAO_2523-10,São Paulo,3550308,True,,33018,,,-23.51516725,-46.454432249999996,,,,2,2023-06-19T16:07:48+00:00
SAO_3009-10,São Paulo,3550308,True,,2526,,,-23.511451,-46.397050500000006,,,,1,2023-06-19T16:09:06+00:00
SAO_476L-10,São Paulo,3550308,True,EMTU,262,https://moovitapp.com/index/pt-br/transporte_p%C3%BAblico-line-262-Sao_Paulo-242-2038937-36419372-0,5.2,-23.596490000000003,-46.663250000000005,,,,1,2023-06-19T16:10:13+00:00
SAO_3139-10,São Paulo,3550308,True,,995,,,-23.559517,-46.58801175000001,,,,1,2023-06-19T16:11:43+00:00
SAO_6045-21,São Paulo,3550308,True,,2164,,,-23.6624305,-46.769189,,,,1,2023-06-19T16:11:17+00:00
SAO_6045-21,São Paulo,3550308,True,,2164,,,-23.700288999999998,-46.791441,,,,1,2023-06-19T16:11:10+00:00
SAO_3064-41,São Paulo,3550308,True,,34701,,,-23.5809085,-46.414079,,,,2,2023-06-19T16:11:29+00:00
SAO_7021-10,São Paulo,3550308,True,,1989,,,-23.676166000000002,-46.7493245,,,,1,2023-06-19T16:11:26+00:00
SAO_7021-10,São Paulo,3550308,True,,1989,,,-23.643871,-46.73386,,,,1,2023-06-19T16:11:09+00:00
SAO_809U-10,São Paulo,3550308,True,,35022,,,-23.5417215,-46.6903375,,,,2,2023-06-19T16:11:23+00:00
SAO_809U-10,São Paulo,3550308,True,,35022,,,-23.5526805,-46.731851500000005,,,,2,2023-06-19T16:11:01+00:00
SAO_6801-51,São Paulo,3550308,True,,1774,,,-23.6438655,-46.73395,,,,1,2023-06-19T16:11:11+00:00
SAO_3728-41,São Paulo,3550308,True,,34756,,,-23.542556,-46.48409475,,,,2,2023-06-19T16:11:23+00:00
SAO_3728-41,São Paulo,3550308,True,,34756,,,-23.554313,-46.491979,,,,2,2023-06-19T16:11:35+00:00
SAO_2720-31,São Paulo,3550308,True,,34610,,,-23.512731,-46.503159999999994,,,,2,2023-06-19T16:11:40+00:00
SAO_2720-31,São Paulo,3550308,True,,34610,,,-23.493896,-46.4703065,,,,2,2023-06-19T16:11:20+00:00
SAO_8075-21,São Paulo,3550308,True,,2537,,,-23.602431,-46.744029,,,,1,2023-06-19T16:11:23+00:00
SAO_6003-21,São Paulo,3550308,True,,35344,,,-23.7669475,-46.7164815,,,,2,2023-06-19T16:11:30+00:00
SAO_6003-21,São Paulo,3550308,True,,35344,,,-23.754374,-46.7089455,,,,2,2023-06-19T16:11:28+00:00
SAO_6003-21,São Paulo,3550308,True,,35344,,,-23.76583,-46.717698,,,,2,2023-06-19T16:11:01+00:00
SAO_4053-10,São Paulo,3550308,True,,34914,,,-23.547964,-46.399159,,,,2,2023-06-19T16:11:21+00:00
SAO_4053-10,São Paulo,3550308,True,,34914,,,-23.542759750000002,-46.415296749999996,,,,2,2023-06-19T16:11:28+00:00
SAO_675N-10,São Paulo,3550308,True,EMTU,362,https://moovitapp.com/index/pt-br/transporte_p%C3%BAblico-line-362-Sao_Paulo-242-2038937-36419443-0,6.25,-23.606327,-46.66468075,,,,1,2023-06-19T16:11:18+00:00
SAO_675N-10,São Paulo,3550308,True,EMTU,362,https://moovitapp.com/index/pt-br/transporte_p%C3%BAblico-line-362-Sao_Paulo-242-2038937-36419443-0,6.25,-23.6542185,-46.7133365,,,,1,2023-06-19T16:11:21+00:00
SAO_675N-10,São Paulo,3550308,True,EMTU,362,https://moovitapp.com/index/pt-br/transporte_p%C3%BAblico-line-362-Sao_Paulo-242-2038937-36419443-0,6.25,-23.59712175,-46.686764249999996,,,,1,2023-06-19T16:11:17+00:00
SAO_675N-10,São Paulo,3550308,True,EMTU,362,https://moovitapp.com/index/pt-br/transporte_p%C3%BAblico-line-362-Sao_Paulo-242-2038937-36419443-0,6.25,-23.6541255,-46.711158,,,,1,2023-06-19T16:11:09+00:00
SAO_675N-10,São Paulo,3550308,True,EMTU,362,https://moovitapp.com/index/pt-br/transporte_p%C3%BAblico-line-362-Sao_Paulo-242-2038937-36419443-0,6.25,-23.638339125,-46.71521237499999,,,,1,2023-06-19T16:11:33+00:00
SAO_675N-10,São Paulo,3550308,True,EMTU,362,https://moovitapp.com/index/pt-br/transporte_p%C3%BAblico-line-362-Sao_Paulo-242-2038937-36419443-0,6.25,-23.581934,-46.638245999999995,,,,1,2023-06-19T16:11:12+00:00
SAO_8050-31,São Paulo,3550308,True,EMTU,415,https://moovitapp.com/index/pt-br/transporte_p%C3%BAblico-line-415-Sao_Paulo-242-2038937-36419472-0,5.0,-23.43585525,-46.786294749999996,,,,1,2023-06-19T16:11:10+00:00
SAO_7181-10,São Paulo,3550308,True,,34100,,,-23.563051,-46.721123500000004,,,,2,2023-06-19T16:11:10+00:00
SAO_7181-10,São Paulo,3550308,True,,34100,,,-23.5426,-46.643028,,,,2,2023-06-19T16:11:00+00:00
SAO_778J-41,São Paulo,3550308,True,,34254,,,-23.534165,-46.674586,,,,2,2023-06-19T16:11:15+00:00
SAO_778J-41,São Paulo,3550308,True,,34254,,,-23.585504375,-46.788834,,,,2,2023-06-19T16:11:31+00:00
SAO_4288-10,São Paulo,3550308,True,,33058,,,-23.611155,-46.519178499999995,,,,2,2023-06-19T16:11:29+00:00
SAO_4288-10,São Paulo,3550308,True,,33058,,,-23.597260499999997,-46.5593245,,,,2,2023-06-19T16:11:24+00:00
SAO_1026-10,São Paulo,3550308,True,,2306,,,-23.470804,-46.70923525,,,,1,2023-06-19T16:11:38+00:00
SAO_2523-10,São Paulo,3550308,True,Cidade de Caieiras,250,https://moovitapp.com/index/pt-br/transporte_p%C3%BAblico-line-250-Sao_Paulo-242-868761-752902-0,5.0,-23.5178825,-46.475722000000005,,,,1,2023-06-19T16:11:29+00:00
SAO_2523-10,São Paulo,3550308,True,Cidade de Caieiras,250,https://moovitapp.com/index/pt-br/transporte_p%C3%BAblico-line-250-Sao_Paulo-242-868761-752902-0,5.0,-23.5153105,-46.46291,,,,1,2023-06-19T16:11:33+00:00
SAO_2451-10,São Paulo,3550308,True,,32981,,,-23.516843,-46.489267999999996,,,,2,2023-06-19T16:11:23+00:00
SAO_3004-10,São Paulo,3550308,True,,1798,,,-23.4913545,-46.41768775,,,,1,2023-06-19T16:10:36+00:00
SAO_3004-10,São Paulo,3550308,True,,1798,,,-23.4787225,-46.4204685,,,,1,2023-06-19T16:11:43+00:00
SAO_342N-10,São Paulo,3550308,True,,1003,,,-23.5403225,-46.426030875,,,,1,2023-06-19T16:11:42+00:00
SAO_342N-10,São Paulo,3550308,True,,1003,,,-23.563197,-46.3939975,,,,1,2023-06-19T16:11:32+00:00
SAO_342N-10,São Paulo,3550308,True,,1003,,,-23.565282500000002,-46.3983295,,,,1,2023-06-19T16:11:15+00:00
SAO_4729-10,São Paulo,3550308,True,,1108,,,-23.598863625,-46.514483750000004,,,,1,2023-06-19T16:11:20+00:00
SAO_4729-10,São Paulo,3550308,True,,1108,,,-23.590935,-46.5069575,,,,1,2023-06-19T16:11:05+00:00
SAO_4729-10,São Paulo,3550308,True,,1108,,,-23.544664125,-46.587217625,,,,1,2023-06-19T16:11:32+00:00
SAO_4729-10,São Paulo,3550308,True,,1108,,,-23.577536000000002,-46.551413124999996,,,,1,2023-06-19T16:11:30+00:00
SAO_3021-10,São Paulo,3550308,True,,33044,,,-23.5921015,-46.5122655,,,,2,2023-06-19T16:11:10+00:00
SAO_3021-10,São Paulo,3550308,True,,33044,,,-23.581540250000003,-46.55393675,,,,2,2023-06-19T16:11:27+00:00
SAO_8075-21,São Paulo,3550308,True,,35305,,,-23.631508,-46.7726,,,,2,2023-06-19T16:11:23+00:00
SAO_8075-21,São Paulo,3550308,True,,35305,,,-23.631508,-46.7726,,,,2,2023-06-19T16:11:01+00:00
SAO_8075-21,São Paulo,3550308,True,,35305,,,-23.6222055,-46.760129500000005,,,,2,2023-06-19T16:11:02+00:00
SAO_3019-10,São Paulo,3550308,True,,33725,,,-23.582577,-46.408426,,,,2,2023-06-19T16:11:10+00:00
SAO_4010-10,São Paulo,3550308,True,,34951,,,-23.5781235,-46.50318325,,,,2,2023-06-19T16:11:30+00:00
SAO_4010-10,São Paulo,3550308,True,,34951,,,-23.5520715,-46.46436,,,,2,2023-06-19T16:11:03+00:00
SAO_4010-10,São Paulo,3550308,True,,34951,,,-23.5520715,-46.46436,,,,2,2023-06-19T16:11:11+00:00
SAO_847J-10,São Paulo,3550308,True,,1342,,,-23.50033275,-46.70682,,,,1,2023-06-19T16:11:40+00:00
SAO_847J-10,São Paulo,3550308,True,,1342,,,-23.557138000000002,-46.745331,,,,1,2023-06-19T16:10:53+00:00
SAO_875C-1,São Paulo,3550308,True,,2510,,,-23.585649,-46.6715685,,,,1,2023-06-19T16:11:31+00:00
SAO_875C-1,São Paulo,3550308,True,,2510,,,-23.5955175,-46.668369,,,,1,2023-06-19T16:11:32+00:00
SAO_273F-10,São Paulo,3550308,True,,32927,,,-23.52581875,-46.4457,,,,2,2023-06-19T16:11:42+00:00
SAO_273F-10,São Paulo,3550308,True,,32927,,,-23.4896375,-46.417036249999995,,,,2,2023-06-19T16:10:25+00:00
SAO_695Y-21,São Paulo,3550308,True,,1622,,,-23.8285785,-46.725187500000004,,,,1,2023-06-19T16:11:40+00:00
SAO_3024-10,São Paulo,3550308,True,EMTU,277,https://moovitapp.com/index/pt-br/transporte_p%C3%BAblico-line-277-Sao_Paulo-242-2038937-36419380-0,8.15,-23.598162375,-46.53962275,,,,1,2023-06-19T16:11:22+00:00
SAO_5100-10,São Paulo,3550308,True,,1370,,,-23.573643750000002,-46.65529775,,,,1,2023-06-19T16:11:13+00:00
SAO_809V-10,São Paulo,3550308,True,,2243,,,-23.5649485,-46.679060250000006,,,,1,2023-06-19T16:11:36+00:00
SAO_121G-10,São Paulo,3550308,True,,691,,,-23.48302175,-46.58653275,,,,1,2023-06-19T16:11:33+00:00
SAO_121G-10,São Paulo,3550308,True,,691,,,-23.514933499999998,-46.5702155,,,,1,2023-06-19T16:11:25+00:00
SAO_6805-31,São Paulo,3550308,True,,34556,,,-23.6609695,-46.7400965,,,,2,2023-06-19T16:11:11+00:00
SAO_3901-10,São Paulo,3550308,True,,1469,,,-23.5232545,-46.534197,,,,1,2023-06-19T16:11:04+00:00
SAO_5110-24,São Paulo,3550308,True,,2459,,,-23.6024025,-46.518446,,,,1,2023-06-19T16:11:40+00:00
SAO_5110-24,São Paulo,3550308,True,,2459,,,-23.5818245,-46.560976749999995,,,,1,2023-06-19T16:11:21+00:00
SAO_7062-10,São Paulo,3550308,True,,34666,,,-23.646065,-46.772230500000006,,,,2,2023-06-19T16:11:05+00:00
SAO_7062-10,São Paulo,3550308,True,,34666,,,-23.6309525,-46.7732975,,,,2,2023-06-19T16:11:15+00:00
SAO_4725-10,São Paulo,3550308,True,,338,,,-23.61246,-46.626862,,,,1,2023-06-19T16:11:12+00:00
SAO_1738-10,São Paulo,3550308,True,,672,,,-23.49693775,-46.60395475,,,,1,2023-06-19T16:10:55+00:00
SAO_1738-10,São Paulo,3550308,True,,672,,,-23.4812065,-46.5959555,,,,1,2023-06-19T16:11:24+00:00
SAO_6L04-10,São Paulo,3550308,True,,33948,,,-23.843864,-46.7435405,,,,2,2023-06-19T16:11:05+00:00
SAO_6L04-10,São Paulo,3550308,True,,33948,,,-23.8281815,-46.7272275,,,,2,2023-06-19T16:11:34+00:00
SAO_1206-10,São Paulo,3550308,True,EMTU,842,https://moovitapp.com/index/pt-br/transporte_p%C3%BAblico-line-842-Sao_Paulo-242-2038937-36419605-0,7.15,-23.533794999999998,-46.602639874999994,,,,1,2023-06-19T16:11:28+00:00
SAO_1206-10,São Paulo,3550308,True,EMTU,842,https://moovitapp.com/index/pt-br/transporte_p%C3%BAblico-line-842-Sao_Paulo-242-2038937-36419605-0,7.15,-23.517166875,-46.577997124999996,,,,1,2023-06-19T16:11:40+00:00
SAO_1206-10,São Paulo,3550308,True,EMTU,842,https://moovitapp.com/index/pt-br/transporte_p%C3%BAblico-line-842-Sao_Paulo-242-2038937-36419605-0,7.15,-23.525511,-46.582731,,,,1,2023-06-19T16:11:15+00:00
SAO_1206-10,São Paulo,3550308,True,EMTU,842,https://moovitapp.com/index/pt-br/transporte_p%C3%BAblico-line-842-Sao_Paulo-242-2038937-36419605-0,7.15,-23.5435645,-46.61983,,,,1,2023-06-19T16:11:09+00:00
SAO_6076-41,São Paulo,3550308,True,,34754,,,-23.6995285,-46.7010475,,,,2,2023-06-19T16:11:36+00:00
SAO_8072-10,São Paulo,3550308,True,,2079,,,-23.6132675,-46.7552065,,,,1,2023-06-19T16:11:18+00:00
SAO_8072-10,São Paulo,3550308,True,,2079,,,-23.642163,-46.766020499999996,,,,1,2023-06-19T16:11:44+00:00
SAO_4005-10,São Paulo,3550308,True,,2179,,,-23.583490500000003,-46.40723,,,,1,2023-06-19T16:07:45+00:00
SAO_4005-10,São Paulo,3550308,True,,2179,,,-23.589228,-46.3944705,,,,1,2023-06-19T16:10:48+00:00
SAO_4005-10,São Paulo,3550308,True,,2179,,,-23.5833935,-46.4076395,,,,1,2023-06-19T16:11:16+00:00
SAO_4732-10,São Paulo,3550308,True,Rápido Campinas,302,https://moovitapp.com/index/pt-br/transporte_p%C3%BAblico-line-302-Sao_Paulo-242-858660-23262913-0,5.3,-23.6287095,-46.6135975,,,,1,2023-06-19T16:11:21+00:00
SAO_5109-10,São Paulo,3550308,True,,1851,,,-23.5504855,-46.626986,,,,1,2023-06-19T16:11:19+00:00
SAO_5109-10,São Paulo,3550308,True,,1851,,,-23.584342,-46.5863665,,,,1,2023-06-19T16:11:35+00:00
SAO_7004-21,São Paulo,3550308,True,,35351,,,-23.7464715,-46.7936485,,,,2,2023-06-19T16:11:30+00:00
SAO_4286-10,São Paulo,3550308,True,,326,,,-23.5993085,-46.551077500000005,,,,1,2023-06-19T16:11:12+00:00
SAO_9002-10,São Paulo,3550308,True,,870,,,-23.4678995,-46.668777500000004,,,,1,2023-06-19T16:11:10+00:00
SAO_9002-10,São Paulo,3550308,True,,870,,,-23.4579405,-46.6705775,,,,1,2023-06-19T16:11:44+00:00
SAO_6058-10,São Paulo,3550308,True,,1149,,,-23.7727045,-46.701348,,,,1,2023-06-19T16:11:25+00:00
SAO_1025-10,São Paulo,3550308,True,,35071,,,-23.4563275,-46.702208999999996,,,,2,2023-06-19T16:11:15+00:00
SAO_4032-10,São Paulo,3550308,True,,1102,,,-23.620782,-46.620169000000004,,,,1,2023-06-19T16:11:14+00:00
SAO_4032-10,São Paulo,3550308,True,,1102,,,-23.596912,-46.64505325,,,,1,2023-06-19T16:11:38+00:00
SAO_1703-10,São Paulo,3550308,True,,847,,,-23.481823,-46.60253925,,,,1,2023-06-19T16:11:25+00:00
SAO_2058-10,São Paulo,3550308,True,,259,,,-23.494686,-46.427058,,,,1,2023-06-19T16:11:30+00:00
SAO_6072-23,São Paulo,3550308,True,,34772,,,-23.76959175,-46.72372675,,,,2,2023-06-19T16:11:03+00:00
SAO_9032-21,São Paulo,3550308,True,,34583,,,-23.4749165,-46.6693955,,,,2,2023-06-19T16:11:26+00:00
SAO_5119-22,São Paulo,3550308,True,,2124,,,-23.568696000000003,-46.6499285,,,,1,2023-06-19T16:11:37+00:00
SAO_809U-10,São Paulo,3550308,True,,2254,,,-23.531849,-46.679113,,,,1,2023-06-19T16:11:33+00:00
SAO_4055-10,São Paulo,3550308,True,,2447,,,-23.5430895,-46.416463,,,,1,2023-06-19T16:11:18+00:00
SAO_2522-10,São Paulo,3550308,True,Cidade de Caieiras,140,https://moovitapp.com/index/pt-br/transporte_p%C3%BAblico-line-140-Sao_Paulo-242-868761-496401-0,5.0,-23.542588000000002,-46.46839,,,,1,2023-06-19T16:09:25+00:00
SAO_253F-10,São Paulo,3550308,True,EMTU,158,https://moovitapp.com/index/pt-br/transporte_p%C3%BAblico-line-158-Sao_Paulo-242-2038937-36419303-0,7.45,-23.51726,-46.4572535,,,,1,2023-06-19T16:11:32+00:00
SAO_6002-10,São Paulo,3550308,True,,34747,,,-23.70916425,-46.69858725,,,,2,2023-06-19T16:11:32+00:00
SAO_8538-10,São Paulo,3550308,True,,1359,,,-23.5049755,-46.690633000000005,,,,1,2023-06-19T16:11:14+00:00
SAO_775F-31,São Paulo,3550308,True,,35256,,,-23.583547000000003,-46.6914005,,,,2,2023-06-19T16:11:18+00:00
SAO_775F-31,São Paulo,3550308,True,,35256,,,-23.6135655,-46.730607,,,,2,2023-06-19T16:11:43+00:00
SAO_6L10-41,São Paulo,3550308,True,,2005,,,-23.7675415,-46.716446000000005,,,,1,2023-06-19T16:11:22+00:00
SAO_6001-10,São Paulo,3550308,True,,52,,,-23.6492035,-46.7505295,,,,1,2023-06-19T16:11:14+00:00
SAO_5026-10,São Paulo,3550308,True,,1635,,,-23.6059165,-46.496885500000005,,,,1,2023-06-19T16:08:32+00:00
SAO_8000-10,São Paulo,3550308,True,,34041,,,-23.520104500000002,-46.700487499999994,,,,2,2023-06-19T16:11:19+00:00
SAO_8000-10,São Paulo,3550308,True,,34041,,,-23.525676875,-46.679121125,,,,2,2023-06-19T16:11:33+00:00
SAO_3791-10,São Paulo,3550308,True,,1069,,,-23.5612685,-46.511074,,,,1,2023-06-19T16:11:08+00:00
SAO_6019-10,São Paulo,3550308,True,,1490,,,-23.668028999999997,-46.7352055,,,,1,2023-06-19T16:11:29+00:00
SAO_1021-10,São Paulo,3550308,True,,33601,,,-23.4443355,-46.712196000000006,,,,2,2023-06-19T16:11:26+00:00
SAO_1021-10,São Paulo,3550308,True,,33601,,,-23.4508845,-46.714327999999995,,,,2,2023-06-19T16:11:03+00:00
SAO_971A-10,São Paulo,3550308,True,,658,,,-23.500221375,-46.632821750000005,,,,1,2023-06-19T16:11:23+00:00
SAO_971A-10,São Paulo,3550308,True,,658,,,-23.494276875,-46.663854125,,,,1,2023-06-19T16:11:09+00:00
SAO_1720-21,São Paulo,3550308,True,,1937,,,-23.4797385,-46.575789,,,,1,2023-06-19T16:06:47+00:00
SAO_1720-21,São Paulo,3550308,True,,1937,,,-23.4873335,-46.574318500000004,,,,1,2023-06-19T16:11:02+00:00
SAO_3735-41,São Paulo,3550308,True,,34688,,,-23.5493405,-46.490708999999995,,,,2,2023-06-19T16:11:28+00:00
SAO_6L10-10,São Paulo,3550308,True,,33927,,,-23.791151499999998,-46.727039500000004,,,,2,2023-06-19T16:11:28+00:00
SAO_8065-10,São Paulo,3550308,True,EMTU,421,https://moovitapp.com/index/pt-br/transporte_p%C3%BAblico-line-421-Sao_Paulo-242-2038937-36419478-0,5.2,-23.49951,-46.723673500000004,,,,1,2023-06-19T16:11:36+00:00
SAO_4010-10,São Paulo,3550308,True,,2183,,,-23.5575265,-46.466661,,,,1,2023-06-19T16:11:08+00:00
SAO_4010-10,São Paulo,3550308,True,,2183,,,-23.568113625000002,-46.509822875000005,,,,1,2023-06-19T16:11:01+00:00
SAO_3768-10,São Paulo,3550308,True,,1056,,,-23.547237000000003,-46.426441499999996,,,,1,2023-06-19T16:11:28+00:00
SAO_5164-41,São Paulo,3550308,True,,1617,,,-23.65129,-46.649718,,,,1,2023-06-19T16:11:09+00:00
SAO_6046-10,São Paulo,3550308,True,,1223,,,-23.671858999999998,-46.7732835,,,,1,2023-06-19T16:11:30+00:00
SAO_6046-10,São Paulo,3550308,True,,1223,,,-23.640761375,-46.71703425,,,,1,2023-06-19T16:11:20+00:00
SAO_4717-10,São Paulo,3550308,True,,33103,,,-23.618209,-46.639083,,,,2,2023-06-19T16:11:38+00:00
SAO_4717-10,São Paulo,3550308,True,,33103,,,-23.637105499999997,-46.595567,,,,2,2023-06-19T16:11:40+00:00
SAO_373M-10,São Paulo,3550308,True,EMTU,281,https://moovitapp.com/index/pt-br/transporte_p%C3%BAblico-line-281-Sao_Paulo-242-2038937-36419383-0,6.25,-23.555865500000003,-46.600069000000005,,,,1,2023-06-19T16:11:37+00:00
SAO_4019-10,São Paulo,3550308,True,,35292,,,-23.548913,-46.473406499999996,,,,2,2023-06-19T16:10:41+00:00
SAO_2735-21,São Paulo,3550308,True,,514,,,-23.523282875,-46.548980125,,,,1,2023-06-19T16:10:58+00:00
SAO_2735-21,São Paulo,3550308,True,,514,,,-23.4993145,-46.529726999999994,,,,1,2023-06-19T16:11:02+00:00
SAO_6L03-10,São Paulo,3550308,True,,34333,,,-23.843864,-46.7435405,,,,2,2023-06-19T16:09:57+00:00
SAO_6804-10,São Paulo,3550308,True,BR7 Mobilidade,30,https://moovitapp.com/index/pt-br/transporte_p%C3%BAblico-line-30-Sao_Paulo-242-851856-500112-0,5.75,-23.640235,-46.748059999999995,,,,1,2023-06-19T16:11:43+00:00
SAO_2104-10,São Paulo,3550308,True,,2255,,,-23.50217,-46.62488,,,,1,2023-06-19T16:11:41+00:00
SAO_2104-10,São Paulo,3550308,True,,2255,,,-23.53246275,-46.62613825,,,,1,2023-06-19T16:11:41+00:00
SAO_9018-10,São Paulo,3550308,True,,1271,,,-23.486277,-46.726815875,,,,1,2023-06-19T16:11:28+00:00
SAO_7004-21,São Paulo,3550308,True,,2583,,,-23.7420645,-46.8001675,,,,1,2023-06-19T16:11:25+00:00
SAO_4092-10,São Paulo,3550308,True,,1876,,,-23.580927000000003,-46.4207185,,,,1,2023-06-19T16:11:40+00:00
